<?xml version="1.0"?>
<opencv_storage>
<Depth7406 type_id="opencv-matrix">
  <rows>14</rows>
  <cols>14</cols>
  <dt>w</dt>
  <data>
    2680 2680 2701 2744 4089 4041 4041 4041 4041 3994 3994 2522 2522
    2522 2701 2701 4190 4139 4089 4041 4041 3994 3994 3994 3994 2522
    2522 2503 2744 4089 4089 4089 4089 4041 4041 3994 3994 3994 3994
    3948 2522 2503 2812 4041 4089 4041 4041 4041 3994 3994 3994 3948
    3948 3948 3903 3859 4041 4041 4089 4041 4041 4041 3994 3948 3948
    3903 3903 3903 3948 3903 4041 4089 4089 4041 4041 3994 3994 3948
    3948 3903 3903 3903 3903 3948 4041 4089 4089 4041 3994 3994 3994
    3948 3948 3903 3903 3903 3903 3948 4041 4089 4041 4041 3994 3994
    3994 3994 3994 3948 3903 3903 3903 3903 4041 4041 4041 3994 3994
    3994 3994 3994 3994 3948 3948 3903 3859 3859 4089 4041 3994 3994
    3994 3948 3948 3948 3948 3948 3859 3859 3859 3859 2485 3994 3994
    3994 3994 3948 3948 3948 3948 3903 3859 3859 3859 3859 0 0 3994 3994
    3994 3994 3994 3948 3948 3903 3859 3816 3816 3816 0 0 0 0 3994 3994
    3994 3994 3948 3859 3859 3816 3816 3816 0 0 0 0 0 0 0 3994 3994 3859
    3859 3816 3816 0</data></Depth7406>
</opencv_storage>
