<?xml version="1.0"?>
<opencv_storage>
<Depth14323 type_id="opencv-matrix">
  <rows>39</rows>
  <cols>23</cols>
  <dt>w</dt>
  <data>
    4645 4645 4645 4708 4708 4708 4708 4708 2522 2522 2522 2522 2560
    2579 2598 2598 2598 2598 4708 4708 4708 4708 4774 4645 4645 4645
    4708 4708 4708 2579 2560 2522 2522 2522 2522 2560 2579 2579 2579
    2579 2579 4708 4708 4708 4708 4774 2789 2789 2789 2659 2639 2618
    2579 2560 2560 2560 2560 2560 2579 2579 2579 2579 2560 2560 4774
    4774 4708 4708 4774 2767 2767 2744 2659 2639 2618 2598 2579 2560
    2560 2560 2560 2560 2579 2579 2579 2560 2560 4774 4774 4774 4774
    4774 2767 2744 2744 2680 2659 2618 2598 2579 2560 2560 2560 2560
    2560 2579 2579 2560 2560 2560 4774 4774 4774 4774 4774 2744 2744
    2723 2680 2659 2618 2598 2579 2579 2560 2560 2560 2560 2560 2579
    2560 2560 2560 4708 4708 4708 4708 4708 2744 2723 2701 2680 2659
    2639 2598 2579 2560 2560 2560 2560 2560 2560 2560 2560 2560 2560
    2560 4645 4645 4708 4708 2744 2723 2701 2680 2659 2639 2598 2579
    2560 2560 2560 2560 2560 2560 2560 2560 2560 2560 2560 4645 4645
    4708 4708 2744 2744 2701 2680 2659 2639 2598 2579 2560 2560 2560
    2560 2560 2560 2560 2560 2560 2560 2560 4645 4645 4708 4708 2744
    2723 2701 2680 2659 2618 2598 2579 2560 2560 2560 2560 2560 2560
    2560 2560 2560 2560 2560 2560 4645 4708 4708 2744 2723 2701 2680
    2659 2618 2598 2579 2560 2560 2560 2560 2560 2560 2560 2560 2579
    2560 2560 2560 4708 4708 4708 2744 2744 2701 2680 2659 2618 2598
    2598 2579 2579 2560 2560 2560 2560 2560 2560 2579 2560 2560 4708
    4708 4708 4708 2789 2744 2723 2701 2680 2639 2618 2598 2579 2579
    2560 2560 2560 2560 2560 2560 2579 2560 2560 2560 4708 4774 4708
    2789 2744 2723 2701 2701 2659 2639 2598 2579 2579 2560 2560 2560
    2560 2560 2560 2560 2560 2560 2541 2541 4774 4708 2789 2767 2744
    2723 2680 2659 2639 2598 2598 2579 2560 2560 2560 2560 2560 2560
    2560 2560 2560 2541 2541 4708 4708 4582 2767 2701 2701 2680 2659
    2639 2618 2598 2579 2560 2560 2560 2560 2560 2560 2560 2560 2560
    2560 2560 4708 4708 2767 2767 2701 2701 2680 2659 2659 2639 2598
    2560 2560 2560 2560 2560 2560 2560 2560 2560 2560 2541 2541 4708
    4708 2767 2744 2723 2723 2680 2680 2659 2639 2598 2560 2560 2560
    2560 2560 2560 2560 2560 2560 2560 2541 2541 4708 4708 2744 2744
    2723 2723 2701 2680 2659 2618 2598 2579 2560 2560 2560 2560 2560
    2560 2579 2560 2560 2522 2522 4708 4708 2744 2744 2744 2744 2723
    2701 2659 2618 2598 2579 2560 2560 2560 2560 2560 2560 2579 2579
    2560 2522 2522 4774 4708 4582 2744 2744 2744 2723 2701 2659 2639
    2598 2579 2560 2560 2560 2560 2560 2560 2560 2560 2560 2541 2541
    2541 4774 4582 4582 2744 2744 2723 2701 2659 2639 2618 2579 2560
    2560 2560 2560 2560 2560 2560 2560 2579 2560 2541 2541 4774 4582
    4582 2744 2744 2723 2701 2680 2639 2618 2579 2579 2579 2560 2560
    2560 2560 2560 2560 2560 2560 2560 2560 4774 4582 2883 2767 2744
    2744 2701 2680 2639 2598 2579 2579 2579 2560 2560 2560 2560 2560
    2560 2560 2560 2560 2560 4708 4582 2883 2812 2744 2744 2723 2701
    2639 2598 2579 2579 2579 2579 2560 2560 2560 2560 2560 2560 2560
    2560 2560 4708 2933 2883 2812 2744 2744 2723 2680 2659 2598 2598
    2579 2579 2579 2560 2560 2560 2560 2560 2560 2560 2560 2579 2579
    2883 2859 2812 2767 2744 2723 2680 2659 2618 2598 2579 2579 2579
    2560 2560 2560 2560 2560 2560 2560 2560 2579 2579 2883 2859 2812
    2789 2744 2723 2701 2639 2618 2598 2579 2579 2579 2579 2560 2560
    2560 2560 2560 2560 2560 2579 2579 4582 2859 2812 2789 2767 2723
    2701 2639 2618 2598 2579 2579 2579 2579 2579 2560 2560 2560 2560
    2560 2560 2579 2579 4582 2883 2812 2789 2767 2723 2701 2639 2618
    2598 2579 2579 2579 2579 2579 2560 2560 2560 2560 2560 2560 2579
    2579 4582 2908 2835 2789 2767 2723 2701 2639 2618 2598 2579 2579
    2579 2560 2560 2560 2560 2560 2560 2560 2579 2560 2560 4582 4582
    4582 2789 2767 2723 2701 2639 2618 2598 2579 2579 2560 2560 2560
    2560 2560 2560 2560 2560 2560 2560 2560 4582 4582 4582 2812 2767
    2744 2701 2659 2618 2598 2579 2579 2560 2560 2560 2560 2560 2560
    2560 2560 2560 2560 2560 4582 4582 4582 2789 2789 2744 2680 2659
    2639 2598 2579 2579 2560 2560 2560 2560 2560 2560 2560 2560 2560
    2560 2560 4582 4582 4582 2789 2789 2744 2680 2680 2639 2598 2579
    2579 2560 2560 2560 2560 2560 2560 2560 2560 2560 2560 2560 4645
    4582 4582 2812 2789 2744 2723 2680 2659 2618 2579 2579 2560 2560
    2560 2560 2560 2560 2560 2560 2560 2560 2560 4645 4582 4582 2812
    2789 2744 2723 2659 2639 2618 2598 2579 2579 2560 2560 2560 2560
    2560 2560 2560 2560 2560 2560 4645 4582 4582 2812 2789 2744 2723
    2659 2639 2639 2598 2579 2579 2560 2560 2560 2560 2560 2560 2579
    2579 2560 2560 4645 4645 4645 4645 4708 4708 4708 4708 4708 2639
    2618 2598 2579 2579 2560 2560 2560 2560 2560 2579 2579 2579 4774</data></Depth14323>
</opencv_storage>
