<?xml version="1.0"?>
<opencv_storage>
<Depth12004 type_id="opencv-matrix">
  <rows>62</rows>
  <cols>60</cols>
  <dt>w</dt>
  <data>
    3399 3365 3333 3269 3269 3269 3269 3300 3300 3300 3269 3238 3238
    3208 1038 1028 1028 1028 1034 3178 3178 3178 3120 3092 3092 3064
    3064 3037 3037 3037 3037 3037 3010 3010 2958 2933 2933 2908 2908
    2908 2908 2883 2883 2883 2883 2859 2835 2835 2812 2812 2812 2812
    2789 2767 2767 2767 2767 2744 2744 2744 3399 3365 3365 3269 3269
    3269 3269 3300 3300 3300 3269 3238 3238 3208 1028 1028 1025 1022
    1022 1022 1022 3120 3120 3092 3092 3064 3064 3037 3010 3010 3037
    3010 3010 2984 2958 2933 2933 2908 2908 2908 2908 2883 2859 2859
    2883 2883 2883 2835 2812 2812 2812 2812 2789 2767 2767 2767 2767
    2744 2744 2723 3399 3365 1094 1087 1087 3238 3238 3300 3300 3300
    3269 3238 3238 3208 1028 1025 1025 1022 1022 1022 1022 1022 1028
    3092 3092 3064 3064 3037 3010 3010 3010 3010 3010 2984 2958 2933
    2933 2908 2908 2908 2908 2883 2859 2859 2859 2859 2835 2835 2812
    2812 2812 2812 2789 2767 2767 2767 2744 2744 2723 2723 3365 1094
    1090 1084 1077 1073 1073 1073 3300 3300 3269 3238 3238 1034 1028
    1025 1022 1022 1022 1022 1022 1028 1028 1034 3092 3092 3037 3037
    3010 3010 1067 1067 2984 3010 2958 2933 2908 2908 2908 2908 2908
    2908 2883 2883 2883 1130 2812 2812 2812 2812 2812 2812 2789 2767
    2767 2767 2744 2744 2723 2723 3365 1094 1090 1084 1077 1073 1063
    1063 1063 3269 3269 3269 3238 1034 1028 1025 1022 1022 1022 1022
    1025 1028 1031 1034 1038 1054 1054 1057 1057 1060 1063 1067 1070
    1077 2984 2933 2908 2908 2908 2908 2908 2908 2883 2883 1130 1130
    1130 2812 2789 2789 2812 2812 2789 2767 2767 2767 2744 2744 2723
    2723 3365 1090 1087 1084 1080 1073 1063 1060 1060 1060 1050 1038
    1038 1034 1028 1022 1019 1019 1019 1022 1025 1028 1031 1034 1038
    1050 1050 1050 1054 1060 1063 1067 1070 1077 1077 1084 1087 1090
    1094 1097 1087 1087 1090 1090 1130 1130 1130 1134 1141 1145 1149
    1153 2789 1169 1169 1169 2744 2744 2723 2723 3365 1090 1087 1080
    1077 1073 1060 1057 1057 1057 1050 1047 1038 1034 1025 1022 1016
    1016 1016 1022 1025 1031 1031 1034 1041 1047 1050 1050 1054 1060
    1063 1067 1070 1073 1077 1084 1087 1087 1090 1087 1084 1084 1084
    1094 1123 1123 1126 1130 1138 1141 1145 1149 1157 1169 1169 1169
    1169 2744 2744 2723 1094 1087 1087 1080 1073 1067 1060 1057 1057
    1057 1050 1047 1044 1038 1025 1022 1016 1016 1016 1016 1025 1025
    1028 1031 1038 1047 1047 1047 1050 1057 1063 1067 1070 1073 1077
    1084 1087 1087 1087 1087 1084 1084 1084 1090 1123 1123 1126 1130
    1138 1141 1145 1149 1157 1165 1165 1169 1169 1173 1173 2723 1090
    1087 1084 1080 1073 1063 1060 1060 1060 1060 1057 1054 1050 1047
    1022 1019 1016 1016 1016 1016 1022 1025 1025 1031 1038 1047 1047
    1047 1050 1054 1060 1063 1067 1073 1077 1084 1087 1087 1087 1087
    1080 1080 1080 1090 1134 1130 1130 1130 1138 1141 1145 1149 1157
    1165 1165 1165 1165 1169 1169 1169 1090 1087 1084 1080 1073 1063
    1060 1060 1063 1060 1060 1060 1057 1057 1016 1016 1016 1013 1013
    1016 1019 1025 1025 1034 1097 1105 1047 1047 1050 1054 1060 1063
    1063 1070 1080 1084 1084 1084 1084 1084 1080 1077 1077 1149 1141
    1134 1134 1134 1138 1138 1165 1165 1165 1161 1161 1157 1157 1169
    1169 0 1090 1087 1084 1080 1073 1067 1067 1067 1063 1063 1063 1060
    1060 1060 1016 1016 1016 1013 1013 1016 1019 1025 1025 1097 1101
    1108 1108 1112 1057 1057 1057 1060 1063 1070 1080 1084 1084 1084
    1084 1080 1077 1077 1077 1153 1149 1141 1138 1138 1149 1149 2789
    2789 1165 1161 1161 1157 1157 1165 1165 0 1090 1087 1084 1080 1077
    1073 1073 1073 1070 1063 1063 1060 1060 1060 1063 1013 1013 1013
    1013 1016 1016 1022 1025 1097 1101 1108 1108 1112 1119 1057 1057
    1060 1060 1084 1084 1084 1080 1080 1080 1080 1077 1077 1157 1153
    1153 1153 1149 1149 1149 1149 2789 2789 2789 1161 1161 1157 1157
    1161 1161 0 1090 1087 1084 1080 1077 1077 1077 1077 1070 1063 1063
    1060 1060 1060 1063 1013 1013 1013 1013 1013 1013 1022 1094 1097
    1101 1108 1108 1112 1119 1126 1138 1138 1084 1084 1084 1084 1080
    1080 1080 1084 1080 1080 1153 1149 1149 1153 1153 1153 1149 1149
    1149 2789 1165 1161 1161 1161 1161 1161 0 0 3365 1087 1080 1080 1080
    1080 1084 1084 1070 1060 1060 1060 1060 1060 1063 1013 1013 1013
    1013 1013 1013 1016 1097 1101 1101 1108 1108 1115 1115 1126 1138
    1149 1149 1084 1084 1084 1080 1080 1080 1084 1084 1084 1141 1141
    1145 1149 1149 1149 1149 1149 1149 1161 1161 1161 1161 1165 1165
    1165 1165 0 1080 1080 1077 1077 1077 1077 1087 1087 1060 1060 1057
    1057 1060 1060 1063 1067 1013 1013 1013 1013 1013 1013 1097 1097
    1101 1108 1108 1115 1115 1134 1141 1145 1145 1087 1084 1084 1080
    1080 1080 1090 1097 1097 1141 1138 1138 1145 1145 1149 1149 1149
    1149 1157 1157 1157 1161 1165 1165 1165 1165 0 1080 1080 1077 1077
    1077 1077 1080 1080 1057 1057 1057 1057 1060 1060 1063 1063 1013
    1013 1013 1013 1013 1013 1097 1097 1101 1108 1108 1115 1119 1134
    1141 1141 1141 1090 1084 1084 1080 1080 1080 1090 1101 1101 1108
    1108 1138 1141 1141 1145 1149 1149 2767 1157 1157 1157 1161 1161
    1161 1165 1165 0 1084 1080 1077 1077 1077 1077 1077 1077 1054 1054
    1054 1054 1057 1060 1060 1060 1050 1010 1010 1013 1013 1016 1047
    1050 1101 1108 1108 1115 1123 1138 1141 1138 1138 1090 1084 1084
    1080 1080 1084 1090 1097 1097 1101 1108 1138 1141 1141 1145 1149
    1149 2767 2767 1157 1157 1157 1161 1161 1161 1161 1161 1077 1077
    1077 1077 1077 1077 1077 1077 1054 1054 1054 1054 1057 1057 1057
    1054 1050 1007 1007 1010 1013 1016 1047 1047 1047 1108 1108 1112
    1119 1134 1138 1138 1138 1090 1084 1080 1080 1080 1080 1090 1094
    1094 1097 1138 1138 1141 1141 1149 1149 1149 2812 2767 1157 1157
    1157 1157 1157 1157 1161 1161 1077 1077 1077 1077 1077 1077 1077
    1077 1050 1050 1050 1050 1050 1050 1050 1050 1050 1007 1007 1007
    1010 1016 1047 1047 1047 1108 1108 1112 1115 1123 1138 1138 1138
    1080 1080 1080 1077 1077 1080 1094 1094 1090 1090 1090 1141 1141
    1141 1145 2835 2835 2812 1169 1161 1153 1153 1157 1153 1153 1153
    1153 1077 1077 1077 1077 1077 1077 1077 1077 1077 1050 1050 1050
    1050 1050 1050 1050 1050 1007 1007 1007 1010 1016 1047 1047 1047
    1105 1108 1108 1108 1108 1108 1090 1080 1080 1080 1077 1077 1077
    1080 1090 1090 1090 1090 1090 1141 1138 1138 1138 1138 1138 1169
    1169 1161 1153 1153 1153 1153 1153 1153 1153 1080 1080 1077 1077
    1077 1077 1077 1077 1057 1050 1050 1050 1050 1050 1050 1047 1047
    1007 1007 1007 1007 1028 1044 1044 1044 1105 1105 1108 1108 1090
    1090 1090 1090 1080 1077 1077 1077 1077 1080 1090 1090 1090 1090
    1123 1123 1134 1134 1134 1138 1138 1138 1169 1165 1157 1153 1153
    1153 1153 1153 1153 1080 1080 1077 1077 1077 1077 1077 1077 1054
    1050 1050 1050 1050 1050 1050 1047 1047 1004 1004 1004 1007 1007
    1044 1044 1044 1105 1105 1108 1101 1090 1087 1087 1090 1080 1077
    1077 1077 1077 1077 1087 1090 1090 1090 1115 1119 1123 1126 1134
    1134 1138 1141 1169 1157 1157 1153 1153 1153 1153 1153 1153 1077
    1077 1077 1077 1077 1073 1067 1057 1050 1050 1050 1050 1054 1054
    1050 1047 1047 1004 1004 1004 1004 1004 1044 1044 1044 1105 1105
    1105 1094 1090 1087 1087 1090 1077 1073 1073 1073 1073 1077 1087
    1090 1094 1094 1115 1119 1123 1123 1130 1134 1138 1141 1141 1149
    1153 1153 1153 1153 1153 1153 1153 1077 1073 1073 1073 1073 1073
    1067 1057 1050 1050 1050 1050 1054 1054 1050 1047 1047 1004 1004
    1004 1004 1004 1044 1044 1044 1105 1105 1101 1090 1084 1084 1084
    1090 1077 1073 1073 1073 1073 1080 1087 1090 1094 1094 1108 1115
    1119 1119 1123 1126 1134 1138 1138 1149 1149 1153 1153 1153 1153
    1153 1153 1077 1070 1070 1070 1070 1073 1070 1070 1070 1054 1054
    1054 1054 1054 1050 1047 1047 1004 1004 1004 1004 1004 1041 1041
    1041 1041 1105 1097 1090 1084 1084 1084 1115 1115 1077 1073 1073
