<?xml version="1.0"?>
<opencv_storage>
<Depth0384 type_id="opencv-matrix">
  <rows>6</rows>
  <cols>31</cols>
  <dt>w</dt>
  <data>
    5832 5734 5734 5832 5734 5734 5734 5640 5640 5640 5640 5832 5832
    5832 5933 5933 5933 5832 5832 5832 5832 5832 5933 5933 5933 6038
    6038 6038 6038 5832 5832 5832 5734 5734 5832 5734 5734 5832 5734
    5734 5734 5734 5832 5832 5832 5832 5933 5933 5933 5832 5832 5933
    5933 5933 5933 5933 5933 5933 6038 6038 5832 5832 5832 5734 5734
    5832 5734 5734 5832 5832 5832 5832 5832 5832 5832 5832 5832 5933
    5933 5933 5933 5933 5933 5933 5933 5933 5933 5933 5933 6038 6038
    5933 5933 5832 5734 5734 5734 5734 5832 5832 5832 5832 5832 5832
    5832 5832 5832 5832 5832 5832 5832 5933 5933 5933 5933 5933 6038
    6038 5933 5933 5933 6038 6038 5933 5734 5734 5734 5734 5734 5832
    5832 5832 5832 5832 5832 5832 5832 5832 5832 5832 5832 5832 5933
    5933 5933 5933 6038 6038 6038 5933 5933 5933 6038 6146 5933 5640
    5640 5734 5734 5832 5933 5933 5933 5832 5832 5832 5832 5832 5832
    5832 5832 5832 5832 5933 5933 5933 5933 6038 6038 6146 5933 5933
    6497 6497 6375 6375</data></Depth0384>
</opencv_storage>
