<?xml version="1.0"?>
<opencv_storage>
<Depth9228 type_id="opencv-matrix">
  <rows>76</rows>
  <cols>54</cols>
  <dt>w</dt>
  <data>
    4295 4241 4241 4241 4241 4241 4241 4241 4241 1586 1586 1579 1572
    1572 1557 1550 1550 1550 4241 4241 1601 1601 1601 4241 4190 4190
    4190 4139 4139 4089 4089 4089 4139 4190 4190 4190 4139 4139 4139
    4139 4139 4139 4139 4139 4139 4139 4139 4139 4139 4139 4139 4139
    4139 4139 4295 4241 4241 4241 4241 4241 4241 4241 1586 1579 1579
    1572 1564 1564 1557 1550 1550 1550 1550 1586 1586 1594 1586 1586
    1586 4241 4190 4139 4139 4089 4089 4139 4139 4190 4190 4190 4139
    4139 4139 4139 4139 4139 4139 4139 4190 4190 4190 4190 4139 4139
    4139 4139 4139 4089 4295 4241 4241 4241 4241 4295 4295 1579 1579
    1579 1579 1564 1557 1557 1550 1550 1543 1543 1550 1557 1572 1572
    1586 1586 1579 1579 1579 4139 4139 4139 4139 4139 4139 4190 4190
    4139 4089 4089 4089 4190 4139 4139 4190 4190 4190 4190 4190 4139
    4139 4139 4139 4139 4089 4089 4295 4295 4241 4241 4295 4295 1579
    1579 1579 1579 1572 1564 1557 1550 1543 1543 1529 1529 1523 1509
    1503 1503 1496 1496 1483 1477 1477 1477 1477 4139 4139 4139 4190
    4241 4241 4139 4089 4089 4089 4190 4190 4190 4139 4139 4139 4139
    4139 4139 4139 4139 4139 4139 4089 4089 4295 4295 4295 4295 4295
    4295 1579 1579 1579 1572 1572 1564 1557 1550 1543 1536 1529 1523
    1509 1503 1496 1496 1489 1483 1477 1477 1477 1477 1477 1477 4295
    4295 4241 4241 4241 4241 4089 4089 4139 4190 4190 4190 4139 4139
    4139 4139 4139 1421 1421 1433 4139 4139 4139 4089 4295 4295 4295
    4295 4295 4295 1579 1572 1572 1572 1564 1564 1550 1550 1543 1529
    1523 1516 1503 1503 1496 1489 1489 1483 1477 1477 1477 1470 1458
    1445 1445 1439 1427 1427 1421 1421 1427 1427 1410 1404 4241 4241
    4139 4139 4139 4139 4139 1421 1421 1427 1427 4139 4139 4041 4295
    4295 4295 4295 4295 1579 1579 1572 1572 1572 1564 1564 1550 1550
    1536 1529 1523 1509 1503 1503 1496 1489 1477 1477 1477 1477 1470
    1464 1452 1445 1439 1433 1427 1427 1421 1421 1415 1410 1410 1404
    1404 1404 1398 1398 1433 1433 1433 1427 1427 1427 1427 1427 1427
    4089 4295 4295 4241 4241 4241 1579 1579 1572 1572 1572 1557 1557
    1550 1550 1536 1523 1523 1509 1503 1503 1496 1489 1477 1477 1477
    1470 1464 1458 1445 1439 1439 1433 1427 1427 1421 1421 1415 1410
    1410 1404 1398 1398 1398 1398 1427 1427 1427 1427 1427 1427 1427
    1427 1421 0 4295 4295 4241 4241 4241 1579 1579 1572 1572 1572 1557
    1557 1550 1550 1529 1523 1523 1516 1509 1503 1496 1489 1477 1477
    1470 1470 1458 1458 1445 1439 1433 1427 1427 1421 1415 1415 1410
    1404 1398 1398 1398 1392 1392 1398 1404 1410 1415 1415 1415 1421
    1421 1421 1421 1427 4295 4295 4241 4241 4241 1586 1586 1579 1579
    1572 1557 1557 1550 1550 1529 1523 1523 1516 1509 1503 1496 1489
    1483 1477 1470 1470 1458 1458 1445 1433 1427 1427 1427 1421 1415
    1415 1410 1404 1398 1398 1398 1392 1392 1392 1392 1398 1404 1410
    1410 1415 1421 1421 1427 1427 4295 4241 4241 4241 4241 1586 1586
    1579 1579 1564 1557 1550 1550 1543 1529 1523 1523 1516 1509 1503
    1496 1489 1483 1477 1470 1464 1458 1452 1445 1433 1427 1427 1421
    1421 1415 1415 1410 1404 1398 1398 1392 1387 1387 1387 1387 1398
    1404 1404 1410 1415 1421 1427 1421 1421 4295 4241 4241 4241 4241
    1586 1586 1586 1579 1564 1557 1550 1550 1543 1529 1523 1523 1516
    1503 1503 1496 1489 1483 1477 1470 1464 1458 1452 1445 1433 1427
    1427 1421 1415 1415 1415 1410 1404 1398 1392 1387 1387 1387 1387
    1387 1398 1404 1404 1410 1415 1421 1427 1421 1421 4295 4190 4190
    4241 4241 1586 1586 1586 1579 1564 1557 1550 1543 1536 1529 1523
    1523 1516 1503 1496 1489 1483 1477 1477 1470 1464 1458 1445 1439
    1433 1427 1421 1421 1415 1410 1410 1410 1404 1398 1392 1387 1387
    1387 1392 1392 1398 1404 1404 1410 1415 1421 1427 1421 1421 4241
    4190 4190 4190 1586 1586 1586 1586 1579 1564 1557 1550 1543 1536
    1529 1523 1516 1516 1503 1496 1489 1483 1477 1470 1470 1464 1458
    1445 1439 1433 1427 1421 1415 1410 1404 1404 1404 1398 1387 1387
    1381 1381 1387 1392 1392 1398 1404 1404 1410 1415 1415 1421 1421
    1421 4241 4190 4190 4241 4241 1586 1586 1579 1572 1557 1557 1550
    1543 1529 1523 1523 1516 1509 1503 1503 1489 1477 1477 1470 1470
    1464 1458 1445 1439 1433 1427 1421 1415 1410 1404 1404 1404 1398
    1387 1387 1381 1381 1387 1392 1398 1404 1404 1404 1410 1415 1415
    1421 1421 1421 4241 4241 4241 4241 4241 1586 1586 1579 1572 1557
    1550 1550 1543 1529 1523 1523 1516 1509 1503 1503 1489 1477 1477
    1470 1470 1464 1458 1445 1439 1433 1427 1421 1421 1410 1404 1404
    1404 1398 1387 1387 1387 1387 1387 1392 1398 1398 1404 1404 1410
    1410 1415 1421 1421 1421 4241 4241 4295 4241 4241 1586 1586 1579
    1564 1557 1550 1550 1536 1529 1523 1516 1509 1509 1503 1496 1489
    1477 1477 1470 1464 1464 1452 1445 1439 1433 1427 1421 1421 1410
    1404 1404 1404 1398 1387 1387 1387 1387 1387 1387 1392 1398 1404
    1404 1410 1410 1415 1415 1415 1415 4295 4295 4241 4241 4295 1579
    1579 1579 1564 1557 1550 1550 1536 1523 1523 1516 1509 1503 1503
    1496 1489 1483 1477 1470 1464 1464 1452 1445 1439 1433 1421 1421
    1415 1410 1404 1404 1404 1398 1387 1387 1387 1387 1387 1387 1392
    1398 1404 1410 1410 1415 1415 1415 1415 1415 4295 4295 4241 4241
    4241 1579 1579 1572 1564 1557 1550 1550 1536 1523 1523 1509 1503
    1503 1496 1496 1489 1483 1477 1470 1464 1458 1452 1445 1439 1433
    1421 1421 1415 1410 1404 1404 1404 1392 1387 1381 1381 1381 1387
    1387 1392 1398 1404 1410 1410 1415 1415 1421 1421 1421 4295 4295
    4241 4241 4241 1586 1586 1572 1564 1557 1550 1543 1536 1523 1523
    1509 1503 1503 1496 1496 1489 1483 1477 1470 1464 1458 1452 1445
    1439 1433 1427 1421 1415 1410 1404 1404 1404 1392 1387 1381 1381
    1381 1387 1392 1392 1398 1404 1404 1410 1415 1421 1421 1421 1421
    4241 4241 4241 4241 1579 1579 1579 1572 1564 1550 1550 1543 1536
    1529 1523 1509 1503 1503 1496 1489 1483 1477 1477 1470 1464 1458
    1445 1445 1433 1433 1427 1421 1415 1410 1404 1404 1398 1392 1387
    1381 1381 1381 1387 1392 1392 1398 1404 1404 1410 1415 1421 1421
    1421 1427 4241 4241 4241 4241 1579 1579 1579 1572 1564 1550 1543
    1543 1529 1529 1523 1516 1503 1503 1496 1489 1483 1477 1477 1470
    1464 1458 1445 1439 1433 1427 1427 1421 1410 1404 1404 1404 1392
    1387 1387 1381 1381 1387 1387 1392 1392 1398 1404 1404 1410 1415
    1421 1427 1427 1427 4241 4241 4241 4241 1572 1572 1579 1579 1564
    1550 1543 1543 1529 1529 1523 1516 1509 1503 1496 1489 1483 1477
    1470 1470 1464 1458 1445 1439 1433 1427 1421 1415 1410 1404 1398
    1398 1392 1387 1381 1381 1381 1387 1387 1392 1392 1398 1404 1404
    1410 1415 1421 1427 1427 1427 4241 4241 4241 4241 1557 1557 1572
    1572 1557 1550 1543 1543 1529 1523 1523 1516 1509 1503 1496 1483
    1483 1477 1470 1470 1470 1452 1445 1433 1427 1427 1421 1415 1410
    1404 1398 1398 1392 1387 1381 1381 1381 1387 1387 1392 1392 1398
    1404 1404 1410 1415 1421 1427 1427 1427 4241 4241 4241 4241 1557
    1557 1572 1572 1557 1557 1550 1543 1529 1523 1523 1516 1509 1503
    1496 1483 1477 1477 1470 1470 1464 1445 1445 1433 1427 1427 1421
    1415 1410 1404 1398 1398 1392 1387 1381 1381 1381 1387 1387 1392
    1398 1404 1404 1410 1410 1415 1421 1427 1427 1427 4295 4241 4241
    4241 1572 1572 1579 1572 1557 1557 1550 1543 1529 1523 1516 1509
    1503 1496 1489 1483 1477 1477 1470 1464 1464 1445 1439 1433 1427
    1427 1421 1415 1410 1404 1398 1398 1392 1387 1381 1381 1381 1387
    1387 1387 1398 1404 1410 1410 1410 1415 1421 1421 1421 4089 4241
    4241 4241 4241 1579 1579 1572 1564 1557 1557 1550 1543 1529 1523
    1516 1509 1503 1496 1489 1477 1477 1477 1470 1464 1458 1445 1439
    1433 1427 1427 1421 1415 1404 1404 1398 1398 1392 1387 1381 1381
    1381 1387 1387 1387 1398 1404 1404 1410 1415 1415 1421 1421 1421
    4139 4241 4241 4241 4241 1579 1579 1564 1557 1557 1550 1550 1529
