<?xml version="1.0"?>
<opencv_storage>
<Depth4885 type_id="opencv-matrix">
  <rows>79</rows>
  <cols>91</cols>
  <dt>w</dt>
  <data>
    3010 2958 2958 2958 2958 2958 2933 2933 2933 2958 2984 2984 2984
    2984 2984 2984 2984 2984 2984 2958 2958 2984 2984 3010 1359 1359
    1359 1359 1359 1359 1365 2958 2958 2958 2933 2933 2933 2933 2933
    2908 2908 2908 2908 2908 2883 2883 2859 2859 2859 2883 2883 2908
    2883 2859 2859 2859 2883 2883 2883 2883 2883 2883 2859 2859 2883
    2883 2883 3653 3653 3653 3653 3614 3614 3576 3576 3576 3576 3539
    3539 3539 3503 3503 3468 3468 3468 3468 3433 3433 3433 3433 3433
    3010 2958 2958 2958 2933 2933 2933 2933 2933 2958 2958 2984 2984
    2984 2984 2984 2984 3010 2984 2984 2984 2984 2984 3010 1359 1359
    1359 1354 1354 1359 1359 1359 2958 2958 2933 2933 2933 2908 2908
    2908 2908 2908 2908 2908 2883 2883 2883 2859 2859 2883 2883 2883
    2859 2859 2859 2859 2859 2883 2883 2883 2859 2859 2859 2859 2883
    2883 2883 2883 2883 2883 3653 3653 3614 3614 3576 3576 3576 3576
    3576 3539 3539 3503 3468 3468 3468 3468 3433 3433 3433 3433 3433
    3010 2958 2958 2958 2933 2933 2933 2933 2933 2958 2958 2958 2984
    2984 2984 2984 2984 2958 2958 2984 2984 2984 3010 1359 1359 1359
    1359 1354 1354 1354 1354 1354 1354 2984 2883 2883 2933 2908 2908
    2908 2908 2908 2908 2908 2883 2883 2883 2859 2859 2859 2859 2859
    2859 2835 2835 2859 2859 2883 2883 2883 2859 2859 2859 2859 2859
    2859 2859 2859 2859 2859 2859 2859 3614 3614 3614 3576 3576 3576
    3576 3539 3539 3503 3468 3468 3468 3468 3468 3468 3433 3433 3433
    3010 2958 2958 2958 2933 2933 2933 2933 2933 2933 2933 2933 2958
    2958 2984 2984 2984 2958 2958 2958 2958 1359 1359 1359 1359 1359
    1359 1354 1354 1354 1354 1349 1349 1349 2883 2883 2933 2933 2933
    2908 2908 2908 2883 2883 2883 2883 2883 2883 2859 2859 2859 2859
    2859 2835 2835 2859 2859 2859 2859 2859 2859 2859 2859 2859 2859
    2859 2859 2859 2859 2859 2859 2859 2859 3614 3614 3576 3576 3576
    3576 3576 3539 3503 3468 3468 3468 3468 3468 3468 3433 3433 3433
    3010 2984 2958 2958 2933 2933 2908 2908 2908 2933 2933 2933 2933
    2958 2984 2984 2958 2958 2958 2958 0 1359 1359 1359 1359 1359 1359
    1354 1354 1354 1349 1349 1349 1349 1349 1349 2933 2933 2933 2908
    2883 2883 2883 2883 2883 2908 2883 2883 2859 2859 2859 2859 2835
    2835 2835 2859 2859 2859 2859 2859 2859 2859 2859 2859 2859 2859
    2859 2859 2859 2859 2859 2859 2859 2859 2859 3614 3614 3576 3576
    3576 3539 3539 3503 3503 3503 3468 3468 3468 3433 3433 3433 3010
    3010 3010 2958 2933 2933 2908 2908 2908 2908 2908 2908 2908 2933
    2908 2908 2958 2958 2958 2958 1359 1359 1359 1359 1359 1359 1354
    1354 1354 1354 1349 1349 1349 1349 1343 1343 1338 1338 2933 2908
    2859 2859 2859 2859 2859 2883 2883 2883 2859 2859 2859 2835 2835
    2835 2835 2859 2859 2859 2859 2859 2859 2859 2859 2859 2859 2859
    2859 2859 2859 2859 2835 2835 2835 2835 2859 2859 2859 3576 3576
    3576 3539 3539 3539 3503 3503 3468 3468 3468 3433 3433 3433 3010
    3010 3010 2958 2933 2933 2908 2908 2908 2908 2883 2883 2883 2883
    2883 2883 2883 2883 2883 1359 1359 1359 1354 1354 1354 1354 1354
    1354 1354 1354 1349 1349 1343 1343 1338 1338 1338 1333 1333 1333
    2859 2859 2859 2859 2859 2883 2883 2883 2859 2859 2835 2835 2835
    2835 2835 2859 2859 2859 2859 2859 2859 2859 2859 2859 2859 2859
    2859 2859 2859 2859 2812 2812 2835 2835 2835 2835 2835 2835 3576
    3576 3576 3576 3539 3539 3503 3468 3468 3468 3468 3468 3433 3010
    3010 3010 2984 2958 2933 2908 2908 2908 2883 2883 2859 2859 2859
    2859 2859 2859 2883 2883 1359 1359 1354 1354 1354 1354 1354 1354
    1354 1354 1354 1349 1349 1343 1343 1338 1338 1338 1333 1333 1333
    1333 1333 2883 2883 2883 2883 2883 2859 2859 2859 2835 2835 2835
    2835 2835 2859 2859 2859 2835 2835 2835 2835 2835 2835 2859 2859
    2859 2859 2859 2859 2812 2812 2835 2835 2835 2835 2812 2812 2789
    2789 3576 3576 3576 3539 3539 3503 3468 3468 3468 3468 3433 4463
    3037 3010 2984 2984 2933 2908 2883 2883 2859 2859 2859 2859 2835
    2835 2835 2835 2835 1359 1359 1359 1354 1354 1354 1354 1354 1354
    1354 1354 1354 1349 1349 1349 1338 1338 1338 1338 1338 1338 1333
    1333 1333 1333 2908 2908 2883 2883 2859 2859 2835 2835 2835 2835
    2835 2835 2859 2835 2835 2835 2835 2835 2835 2835 2835 2859 2859
    2859 2859 2859 2835 2835 2835 2835 2835 2835 2835 2812 2812 2789
    2789 2812 3614 3576 3539 3539 3503 3503 3503 3468 3468 3433 4582
    4645 3010 3010 2984 2933 2933 2883 2883 2859 2859 2835 2812 2789
    2767 2744 2744 2744 1359 1359 1359 1354 1354 1354 1354 1354 1354
    1349 1349 1354 1349 1349 1343 1338 1338 1338 1338 1338 1338 1333
    1333 1333 1333 1333 1333 2883 2883 2835 2835 2835 2835 2835 2835
    2835 2835 2835 2835 2835 2835 2835 2835 2835 2835 2835 2859 2859
    2859 2859 2859 2835 2835 2835 2835 2859 2835 2835 2812 2812 2812
    2812 2812 2835 2835 3576 3539 3539 3503 3503 3503 3468 3468 4645
    4645 4645 3010 2984 2958 2933 2908 2883 2859 2835 2835 2789 2767
    2723 2723 2744 2744 1354 1354 1354 1354 1354 1354 1354 1354 1354
    1349 1349 1354 1349 1349 1338 1338 1338 1338 1338 1338 1338 1338
    1338 1333 1333 1333 1333 1333 1333 2835 2835 2835 2835 2835 2835
    2835 2835 2835 2835 2835 2835 2835 2835 2835 2835 2835 2859 2859
    2859 2859 2859 2859 2835 2835 2835 2859 2859 2835 2812 2812 2812
    2812 2812 2835 2835 2835 3539 3539 3503 3503 3503 3468 3468 4645
    4645 4645 4645 2984 2958 2933 2908 2883 2859 2835 2812 2789 2744
    2723 2723 2723 1354 1354 1354 1354 1354 1354 1354 1354 1354 1354
    1349 1349 1354 1349 1349 1338 1338 1338 1338 1338 1338 1338 1333
    1333 1333 1333 1333 1333 1333 1333 1333 2835 2835 2835 2835 2835
    2835 2835 2835 2835 2835 2835 2835 2835 2835 2835 2835 2859 2883
    2883 2859 2859 2859 2859 2859 2859 2859 2859 2859 2835 2812 2812
    2812 2812 2812 2812 2789 2789 2789 3503 3503 3503 3503 3503 4708
    4645 4645 4645 4582 2984 2958 2908 2883 2859 2835 2812 2767 2723
    2723 2723 1354 1354 1354 1354 1354 1354 1354 1354 1354 1354 1354
    1349 1349 1349 1349 1343 1338 1338 1338 1338 1338 1338 1333 1333
    1333 1333 1333 1333 1333 1328 1328 1328 1317 1317 2859 2835 2835
    2859 2835 2835 2835 2835 2835 2835 2835 2835 2835 2835 2859 2883
    2883 2859 2859 2859 2859 2835 2835 2835 2835 2835 2835 2835 2812
    2812 2812 2812 2789 2789 2789 2789 2789 3503 3503 3503 3503 4708
    4708 4645 4645 4582 4582 4463 2908 2859 2835 2812 2812 2744 2723
    2723 2723 1354 1354 1354 1354 1354 1349 1349 1354 1354 1354 1349
    1343 1343 1343 1343 1338 1338 1338 1338 1338 1338 1338 1333 1333
    1333 1333 1328 1328 1328 1328 1328 1317 1317 1312 1312 1317 2859
    2859 2835 2835 2812 2812 2835 2835 2835 2812 2812 2812 2859 2883
    2883 2859 2859 2859 2859 2835 2835 2835 2835 2835 2859 2835 2812
    2812 2789 2789 2789 2789 2789 2789 2789 3468 3468 3503 3503 4708
    4708 4645 4645 4645 4582 4582 4522 2859 2835 2812 2812 2744 2744
    2744 1354 1354 1354 1354 1349 1349 1349 1349 1354 1354 1354 1349
    1343 1338 1338 1338 1338 1338 1338 1333 1333 1333 1333 1333 1333
    1333 1328 1328 1328 1322 1322 1322 1317 1317 1312 1312 1317 1312
    1312 2835 2835 2812 2812 2835 2835 2835 2812 2812 2812 2883 2883
    2883 2859 2859 2835 2835 2812 2812 2812 2835 2859 2859 2835 2812
    2812 2789 2789 2789 2789 2812 2789 2789 3433 3433 3503 3503 4708
    4708 4645 4645 4645 4645 4645 4582 2958 2958 2958 2958 1359 1359 0
    1354 1354 1354 1354 1349 1349 1349 1349 1354 1354 1349 1343 1338
    1338 1338 1338 1338 1333 1333 1333 1333 1333 1333 1333 1333 1333
    1328 1322 1322 1322 1322 1322 1317 1317 1317 1317 1312 1312 1312
    1312 1312 1312 1302 1302 1302 2859 2859 2859 2859 2883 2883 2883
    2835 2835 2835 2835 2812 2812 2812 2835 2859 2859 2859 2835 2812
    2812 2789 2789 2789 2812 2812 2812 3433 3433 3503 3503 4708 4708
    4708 4645 4645 4645 4645 4645 4645 4645 4645 0 0 1359 1359 1354 1354
