<?xml version="1.0"?>
<opencv_storage>
<Depth14984 type_id="opencv-matrix">
  <rows>35</rows>
  <cols>10</cols>
  <dt>w</dt>
  <data>
    4295 4295 4295 4295 4295 4295 4295 4295 4295 4349 4349 4349 4349
    4349 4349 4349 4349 4349 4349 4349 4349 4349 4349 4349 4349 4349
    4349 4349 4349 4349 4349 4349 4349 4349 4349 4349 4349 4349 4349
    4349 4405 4349 4349 4349 4349 4405 4349 4349 4349 4349 4405 4405
    4405 4405 4405 4405 4349 4349 4349 4349 4405 4405 4405 4405 4405
    4405 4405 4349 4349 4349 4405 4405 4405 4405 4405 4405 4405 4349
    4349 4349 4405 4405 4405 4405 4405 4405 4349 4349 4349 4349 4405
    4405 4405 4405 4405 4405 4349 4349 4349 4349 4405 4405 4405 4405
    4405 4405 4405 4405 4405 4405 4463 4463 4405 4405 4405 4405 4405
    4405 4405 4405 4463 4463 4463 4405 4405 4405 4405 4405 4405 4405
    4463 4463 4463 4405 4405 4405 4405 4349 4349 4349 4463 4405 4405
    4405 4405 4405 4349 4349 4349 4349 4463 4405 4405 4405 4405 4349
    4349 4349 4349 4349 4463 4405 4405 4405 4405 4349 4349 4349 4349
    4349 4463 4405 4405 4405 4405 4405 4349 4349 4349 4349 4463 4405
    4405 4405 4405 4405 4349 4349 4405 4405 4463 4405 4405 4405 4405
    4405 4405 4405 4405 4405 4463 4405 4405 4405 4405 4405 4405 4405
    4405 4405 4463 4463 4405 4405 4405 4405 4405 4405 4405 4405 4463
    4463 4405 4405 4405 4405 4405 4405 4405 4405 4522 4522 4463 4463
    4405 4405 4405 4405 4405 4405 3333 4463 4463 4463 4405 4405 4405
    4405 4405 4405 3333 3333 4463 4405 4405 4405 4405 4405 4405 4405
    3333 3333 4463 4405 4405 4405 4405 4405 4405 3365 3333 3333 4463
    4405 4405 4405 4405 4405 4405 3365 3333 4405 4405 4405 4405 4463
    4405 4405 4405 3333 3333 4405 4405 4405 4405 4463 4405 4405 4405
    3333 3365 3365 4405 4405 4405 4405 4405 4405 4405 3333 3333 3333
    4405 4405 4405 4405 4405 3269 3269 3300 3300 3333 4405 4405 4405
    4405 3269 3269 3269 3300 3300 3333 3333 4405 4405 4405 3269 3269
    3269 3300 3269 3333 3333 4405 4405 4405 4405 3300 3300 3300</data></Depth14984>
</opencv_storage>
