<?xml version="1.0"?>
<opencv_storage>
<Depth9232 type_id="opencv-matrix">
  <rows>74</rows>
  <cols>55</cols>
  <dt>w</dt>
  <data>
    4241 4241 4241 4241 4241 4241 4241 1564 1557 1557 1550 1543 1543
    1536 1529 1529 1529 1503 4190 4190 4190 4139 4089 4089 4139 4190
    4190 4089 4089 4089 4089 4089 4089 4089 4089 4089 4089 4089 4139
    4139 4139 4139 4139 4139 4139 4139 4139 4139 4139 4139 4089 4089
    4089 4089 4089 4241 4241 4241 4241 4241 4241 4241 1572 1557 1557
    1550 1543 1536 1536 1523 1523 1509 1503 1503 1496 1489 1464 1458
    1458 1458 4190 4190 4089 4089 4089 4041 4041 4089 4089 4089 4139
    4089 4089 4139 4139 4139 4139 4139 4139 4139 4089 4089 4089 4139
    4139 4089 4089 4089 4089 4089 4241 4241 4241 4295 4295 4295 1572
    1572 1557 1557 1550 1550 1536 1529 1523 1523 1509 1503 1503 1496
    1489 1464 1458 1458 1458 1458 1458 1452 1452 3903 3903 3903 4089
    4089 4139 4139 4089 4089 4139 4139 4139 4139 4089 4089 4139 4089
    4089 4089 4089 4089 4089 4089 4089 4089 4041 4241 4241 4241 4241
    4241 4241 1564 1564 1557 1557 1550 1550 1543 1529 1523 1516 1509
    1503 1496 1496 1483 1483 1470 1470 1458 1458 1470 1452 1452 1452
    3816 3816 3816 4190 4190 4190 4139 4139 4190 4139 4139 4089 4089
    4089 4139 4139 4089 4089 4089 1433 1433 4089 4089 4089 4041 4241
    4241 4241 4241 4241 0 1557 1557 1557 1557 1550 1550 1543 1529 1523
    1516 1503 1503 1496 1496 1483 1483 1477 1470 1464 1458 1458 1445
    1439 1433 1433 1427 1427 1404 1404 1427 1415 1410 1404 1404 1404
    4089 4089 4089 4089 4139 1433 1433 1433 1433 1433 1427 1427 1427
    4089 4241 4241 4241 4241 4241 0 1557 1557 1557 1557 1550 1550 1543
    1529 1523 1516 1503 1503 1496 1496 1483 1483 1477 1470 1464 1458
    1452 1445 1439 1433 1433 1427 1427 1404 1404 1421 1415 1410 1404
    1404 1398 1398 1398 4089 4089 1421 1421 1427 1433 1433 1433 1427
    1427 1427 1433 4241 4241 4241 4241 4241 0 1557 1557 1550 1550 1550
    1550 1543 1523 1523 1516 1509 1503 1496 1496 1483 1483 1477 1470
    1464 1458 1452 1445 1433 1433 1427 1427 1421 1421 1421 1415 1415
    1410 1404 1404 1387 1387 1387 1387 1392 1404 1421 1421 1421 1427
    1427 1427 1427 1433 1433 4241 4241 4241 4241 4241 0 1557 1557 1550
    1550 1550 1543 1536 1523 1523 1509 1503 1503 1496 1496 1483 1483
    1477 1470 1458 1452 1452 1445 1433 1427 1427 1421 1421 1415 1415
    1410 1410 1410 1404 1398 1387 1381 1381 1381 1387 1387 1392 1398
    1398 1415 1415 1415 1427 1433 1433 4241 4241 4241 4241 4241 0 1557
    1557 1550 1550 1550 1536 1529 1523 1523 1509 1503 1496 1496 1496
    1483 1477 1470 1470 1458 1452 1445 1445 1433 1427 1427 1421 1421
    1415 1415 1410 1410 1404 1398 1392 1381 1381 1376 1376 1376 1381
    1381 1392 1392 1404 1404 1404 1415 1421 1427 4241 4241 4241 4241
    4241 1579 1557 1557 1550 1550 1543 1536 1529 1523 1523 1509 1503
    1496 1496 1489 1477 1477 1470 1470 1464 1458 1445 1445 1433 1433
    1427 1421 1421 1415 1415 1410 1404 1404 1398 1387 1381 1381 1376
    1376 1376 1376 1376 1387 1392 1398 1398 1404 1410 1415 1421 4241
    4241 4295 4295 4295 1579 1579 1557 1550 1550 1543 1536 1529 1523
    1516 1509 1503 1496 1496 1483 1477 1477 1470 1470 1464 1458 1445
    1439 1433 1433 1427 1421 1421 1410 1410 1410 1404 1398 1392 1387
    1381 1381 1376 1376 1376 1376 1376 1387 1387 1392 1398 1404 1404
    1410 1415 4241 4241 4241 4241 1609 1609 1572 1564 1557 1550 1543
    1529 1523 1523 1516 1509 1503 1496 1489 1483 1477 1477 1470 1470
    1464 1458 1445 1439 1433 1427 1427 1421 1415 1410 1410 1410 1404
    1398 1392 1381 1381 1376 1376 1376 1376 1376 1381 1387 1387 1392
    1398 1404 1404 1410 1415 4241 4241 4241 4241 1609 1609 1564 1557
    1550 1550 1536 1529 1523 1516 1516 1509 1503 1496 1489 1483 1477
    1477 1470 1470 1464 1458 1445 1439 1433 1427 1427 1421 1415 1404
    1404 1404 1404 1398 1387 1381 1381 1376 1376 1376 1376 1376 1387
    1387 1392 1392 1398 1404 1404 1410 1410 4241 4139 4139 4241 4241
    1550 1550 1557 1550 1550 1536 1529 1523 1516 1509 1503 1503 1496
    1489 1483 1477 1477 1470 1464 1464 1452 1445 1439 1433 1427 1427
    1421 1415 1404 1404 1404 1404 1398 1387 1381 1381 1376 1376 1376
    1376 1381 1387 1387 1392 1398 1398 1404 1404 1410 1410 4190 4139
    4139 4139 1550 1550 1550 1550 1550 1543 1536 1529 1523 1516 1509
    1503 1496 1496 1496 1483 1477 1477 1470 1464 1464 1452 1445 1439
    1433 1427 1427 1421 1410 1410 1410 1404 1404 1398 1392 1381 1381
    1370 1370 1376 1376 1381 1387 1387 1392 1398 1398 1404 1410 1410
    1410 4139 4139 4139 4241 1550 1550 1550 1550 1550 1543 1536 1529
    1523 1516 1509 1503 1496 1496 1496 1483 1477 1477 1470 1464 1458
    1445 1445 1439 1433 1427 1421 1415 1410 1410 1410 1404 1404 1398
    1392 1381 1376 1370 1370 1376 1376 1381 1381 1387 1392 1398 1398
    1404 1404 1404 1410 4139 4139 4241 4241 1550 1550 1550 1550 1550
    1536 1536 1529 1523 1516 1503 1503 1496 1496 1496 1483 1477 1477
    1470 1464 1458 1445 1445 1439 1427 1427 1421 1415 1410 1410 1410
    1404 1398 1398 1387 1381 1376 1370 1370 1376 1376 1381 1381 1387
    1392 1398 1404 1404 1404 1404 1410 4241 4241 4241 4241 1557 1557
    1557 1557 1550 1536 1529 1523 1523 1516 1503 1503 1496 1496 1489
    1489 1477 1470 1470 1464 1458 1445 1439 1433 1427 1427 1421 1415
    1410 1404 1404 1404 1398 1398 1381 1381 1376 1370 1370 1376 1376
    1381 1381 1387 1392 1398 1404 1404 1410 1404 1404 4241 4241 4241
    4241 1564 1564 1557 1557 1550 1536 1529 1523 1523 1516 1509 1503
    1496 1496 1489 1483 1477 1470 1470 1458 1452 1445 1439 1433 1427
    1427 1421 1415 1410 1404 1404 1404 1398 1392 1381 1381 1376 1370
    1370 1370 1376 1381 1381 1387 1392 1398 1404 1404 1410 1404 1404
    4139 4139 4241 4241 1579 1564 1564 1557 1543 1536 1529 1523 1523
    1516 1509 1503 1496 1496 1483 1477 1477 1470 1470 1458 1452 1445
    1439 1433 1427 1421 1421 1415 1410 1404 1404 1404 1398 1392 1381
    1381 1376 1370 1370 1370 1376 1381 1381 1387 1392 1398 1404 1404
    1410 1404 1404 4089 4089 4089 1579 1579 1579 1564 1557 1543 1536
    1529 1523 1523 1516 1509 1503 1496 1489 1483 1477 1477 1470 1470
    1464 1445 1445 1439 1433 1427 1421 1421 1415 1410 1404 1404 1404
    1398 1392 1381 1381 1370 1370 1370 1370 1376 1381 1387 1387 1392
    1404 1404 1404 1410 1404 1404 4089 4089 4089 1579 1579 1564 1557
    1550 1543 1536 1529 1523 1523 1516 1503 1503 1496 1489 1483 1477
    1477 1470 1464 1458 1445 1445 1439 1433 1427 1421 1421 1415 1410
    1404 1404 1404 1398 1387 1381 1381 1370 1370 1370 1370 1376 1381
    1387 1387 1398 1404 1404 1404 1410 1410 1410 4241 4241 4241 1579
    1579 1557 1557 1550 1543 1536 1529 1523 1516 1509 1503 1496 1496
    1483 1477 1477 1470 1470 1464 1458 1445 1445 1439 1433 1427 1421
    1415 1410 1404 1404 1404 1404 1398 1387 1381 1376 1370 1365 1365
    1370 1376 1381 1387 1392 1398 1404 1404 1404 1410 1410 1410 4241
    4241 4241 4241 1550 1550 1550 1550 1543 1536 1529 1523 1516 1509
    1503 1496 1496 1483 1477 1477 1470 1470 1464 1458 1445 1445 1439
    1433 1427 1421 1415 1410 1404 1404 1404 1404 1398 1387 1381 1376
    1365 1365 1365 1370 1376 1381 1387 1392 1398 1404 1410 1410 1410
    1415 1415 4241 4241 4241 0 1550 1550 1550 1550 1543 1536 1529 1523
    1516 1509 1503 1496 1489 1483 1477 1470 1470 1464 1464 1458 1445
    1445 1439 1433 1427 1421 1415 1404 1404 1398 1398 1404 1398 1381
    1381 1376 1365 1365 1365 1370 1376 1381 1387 1392 1398 1404 1410
    1410 1415 1415 4089 4241 4241 4241 1564 1550 1550 1550 1543 1536
    1529 1523 1523 1509 1503 1496 1496 1489 1483 1477 1470 1470 1464
    1458 1458 1445 1445 1439 1433 1427 1421 1415 1404 1404 1398 1398
    1398 1392 1381 1381 1370 1365 1365 1365 1370 1376 1381 1387 1392
    1398 1404 1404 1410 1415 1415 4089 4241 4241 4241 1564 1564 1557
    1550 1543 1536 1529 1523 1523 1509 1503 1496 1496 1489 1483 1477
    1470 1470 1464 1458 1458 1445 1439 1433 1427 1427 1421 1415 1410
    1404 1404 1404 1398 1392 1381 1381 1370 1365 1365 1365 1370 1376
