<?xml version="1.0"?>
<opencv_storage>
<Depth1219 type_id="opencv-matrix">
  <rows>65</rows>
  <cols>44</cols>
  <dt>w</dt>
  <data>
    3539 1557 1557 1550 1543 1536 1536 1523 1516 1516 1509 1503 1496
    1496 1489 1489 1477 1470 1464 1458 1445 1445 1445 1445 1439 1433
    1427 1421 1421 1421 1427 1427 1427 1427 1433 1439 1452 1452 1452
    1477 1477 1483 3539 3539 1550 1550 1550 1550 1543 1536 1529 1523
    1523 1516 1509 1503 1503 1496 1489 1489 1477 1470 1464 1458 1445
    1445 1439 1439 1433 1427 1427 1421 1421 1421 1421 1427 1427 1427
    1433 1439 1445 1445 1452 1477 1477 1483 1483 1483 1550 1550 1550
    1550 1543 1536 1529 1529 1523 1516 1516 1509 1503 1496 1496 1489
    1477 1470 1470 1458 1452 1445 1439 1439 1433 1427 1421 1421 1421
    1421 1421 1421 1427 1427 1439 1439 1445 1445 1464 1470 1477 1483
    1483 1483 1550 1550 1550 1550 1543 1543 1536 1529 1523 1516 1516
    1509 1503 1496 1496 1489 1477 1477 1470 1464 1458 1452 1445 1439
    1439 1427 1421 1421 1421 1421 1421 1421 1427 1427 1439 1439 1445
    1452 1464 1470 1477 1483 1483 1483 1543 1543 1543 1543 1543 1543
    1536 1536 1523 1516 1516 1509 1503 1496 1489 1489 1477 1477 1470
    1464 1458 1452 1445 1445 1439 1427 1421 1421 1421 1415 1415 1421
    1427 1427 1439 1439 1445 1452 1464 1470 1477 1489 1489 1489 3614
    1543 1543 1543 1543 1543 1536 1529 1523 1516 1516 1509 1503 1496
    1489 1483 1477 1470 1470 1464 1458 1452 1445 1445 1439 1433 1427
    1421 1415 1415 1415 1421 1427 1433 1439 1439 1445 1452 1464 1470
    1477 1483 1489 1489 3614 1550 1550 1550 1550 1550 1536 1529 1523
    1516 1509 1503 1496 1496 1489 1483 1477 1470 1470 1464 1458 1452
    1445 1439 1439 1433 1427 1421 1415 1415 1415 1421 1427 1439 1439
    1445 1445 1452 1464 1470 1470 1483 1489 1489 1550 1550 1550 1550
    1550 1543 1536 1529 1523 1516 1509 1503 1496 1496 1489 1483 1477
    1477 1470 1464 1458 1452 1445 1439 1439 1433 1433 1421 1421 1415
    1415 1421 1433 1439 1439 1445 1445 1458 1464 1470 1470 1477 1483
    1489 1550 1550 1550 1550 1550 1543 1536 1529 1523 1516 1509 1503
    1496 1496 1489 1489 1483 1483 1470 1464 1464 1452 1445 1445 1439
    1439 1433 1427 1421 1415 1415 1421 1433 1439 1439 1445 1445 1458
    1464 1470 1470 1477 1483 1483 1550 1550 1550 1557 1550 1543 1536
    1529 1523 1516 1509 1503 1503 1496 1489 1489 1483 1483 1470 1464
    1464 1458 1445 1445 1439 1439 1433 1427 1421 1421 1421 1421 1433
    1439 1439 1445 1445 1458 1464 1470 1477 1477 1483 1483 1550 1550
    1550 1557 1550 1543 1536 1529 1523 1516 1516 1509 1503 1496 1489
    1489 1489 1483 1470 1464 1464 1458 1445 1445 1439 1439 1433 1421
    1421 1421 1421 1421 1433 1439 1445 1445 1445 1458 1464 1470 1477
    1477 1483 1489 1572 1557 1557 1557 1550 1543 1536 1529 1523 1523
    1516 1516 1509 1496 1496 1489 1489 1477 1470 1470 1464 1458 1445
    1445 1439 1439 1433 1421 1421 1421 1421 1421 1433 1439 1445 1445
    1452 1464 1464 1470 1477 1477 1483 1483 1572 1572 1572 1564 1550
    1543 1536 1529 1523 1523 1516 1516 1503 1496 1496 1489 1489 1477
    1470 1470 1464 1452 1445 1445 1439 1439 1427 1421 1421 1421 1421
    1421 1433 1439 1445 1445 1452 1464 1470 1477 1477 1483 1483 1483
    1572 1572 1572 1564 1550 1543 1536 1529 1523 1523 1523 1516 1503
    1496 1496 1489 1489 1477 1470 1464 1464 1452 1445 1445 1439 1433
    1427 1421 1421 1421 1421 1427 1433 1439 1445 1452 1458 1464 1470
    1477 1483 1483 1489 1489 1579 1579 1572 1572 1550 1543 1536 1529
    1523 1523 1516 1516 1503 1496 1489 1489 1489 1477 1470 1464 1464
    1452 1445 1445 1439 1433 1427 1421 1421 1421 1421 1427 1433 1439
    1445 1445 1464 1464 1470 1477 1483 1489 1489 1489 1579 1579 1572
    1564 1550 1543 1536 1529 1523 1523 1516 1516 1503 1496 1489 1489
    1489 1477 1470 1464 1464 1458 1452 1445 1439 1433 1427 1427 1421
    1421 1421 1427 1433 1439 1445 1445 1464 1464 1470 1477 1483 1489
    1489 1489 1586 1586 1572 1564 1550 1543 1536 1529 1523 1523 1523
    1516 1509 1496 1496 1489 1489 1477 1470 1470 1464 1458 1452 1445
    1445 1439 1427 1427 1421 1421 1421 1433 1439 1439 1445 1452 1464
    1464 1470 1477 1483 1489 1489 1489 1594 1594 1579 1557 1550 1543
    1536 1536 1529 1523 1523 1516 1509 1503 1496 1489 1483 1477 1470
    1470 1464 1458 1452 1445 1445 1439 1433 1427 1427 1427 1427 1427
    1439 1439 1445 1452 1458 1464 1470 1483 1489 1489 1489 1496 1594
    1594 1579 1557 1550 1543 1536 1536 1529 1523 1523 1516 1503 1496
    1496 1489 1483 1477 1470 1470 1464 1464 1452 1452 1445 1439 1433
    1433 1421 1421 1427 1427 1439 1445 1445 1452 1458 1464 1470 1477
    1483 1489 1489 1496 1586 1586 1579 1557 1550 1543 1536 1529 1523
    1523 1516 1516 1503 1496 1496 1489 1483 1477 1470 1470 1464 1464
    1458 1452 1445 1439 1439 1433 1421 1421 1427 1433 1439 1445 1452
    1458 1464 1464 1470 1477 1483 1489 1489 1489 1586 1586 1572 1557
    1550 1543 1543 1529 1523 1523 1516 1516 1503 1496 1496 1489 1483
    1477 1470 1470 1464 1464 1458 1452 1445 1439 1439 1433 1427 1427
    1433 1433 1439 1445 1452 1458 1464 1470 1470 1470 1483 1489 1489
    1489 1579 1579 1572 1557 1550 1550 1543 1529 1523 1523 1516 1516
    1503 1503 1496 1489 1483 1477 1470 1470 1464 1464 1458 1452 1445
    1439 1439 1439 1433 1433 1433 1433 1439 1445 1445 1464 1464 1470
    1470 1470 1483 1489 1496 1496 1579 1579 1572 1557 1550 1550 1543
    1529 1523 1523 1516 1516 1509 1503 1503 1489 1483 1470 1470 1470
    1464 1464 1458 1452 1445 1439 1439 1433 1433 1433 1433 1433 1439
    1445 1445 1464 1464 1470 1470 1477 1483 1489 1496 1496 1579 1579
    1572 1564 1550 1550 1543 1529 1529 1523 1523 1516 1509 1509 1503
    1489 1483 1470 1470 1470 1464 1464 1452 1445 1445 1439 1439 1433
    1433 1433 1433 1439 1439 1445 1445 1464 1464 1470 1470 1483 1489
    1489 1489 1489 1579 1579 1572 1564 1557 1550 1543 1536 1529 1529
    1523 1516 1516 1509 1503 1489 1483 1470 1470 1470 1464 1464 1452
    1445 1445 1439 1439 1433 1433 1433 1433 1439 1445 1445 1452 1464
    1464 1470 1477 1483 1489 1489 1489 1489 1579 1579 1572 1557 1550
    1543 1543 1536 1529 1529 1523 1516 1516 1509 1503 1489 1483 1470
    1470 1470 1464 1464 1452 1445 1445 1439 1439 1427 1427 1427 1433
    1439 1445 1445 1452 1464 1470 1470 1477 1483 1483 1489 1496 1496
    1594 1579 1572 1557 1550 1543 1543 1536 1529 1529 1523 1516 1516
    1516 1503 1489 1483 1477 1470 1470 1464 1464 1458 1445 1445 1439
    1439 1427 1427 1427 1433 1439 1445 1445 1452 1464 1470 1477 1477
    1483 1483 1489 1496 1496 1586 1579 1572 1564 1557 1550 1543 1536
    1529 1529 1523 1516 1516 1509 1503 1496 1489 1483 1477 1470 1470
    1464 1458 1452 1445 1445 1439 1427 1427 1427 1433 1439 1445 1445
    1452 1464 1470 1477 1477 1483 1489 1489 1489 1489 1586 1579 1572
    1564 1557 1550 1543 1543 1529 1529 1523 1523 1516 1509 1503 1489
    1489 1483 1477 1477 1470 1464 1458 1452 1445 1445 1433 1427 1427
    1427 1433 1439 1445 1445 1452 1464 1470 1477 1483 1489 1489 1489
    1489 1489 1579 1579 1572 1564 1557 1550 1543 1543 1529 1529 1523
    1523 1516 1509 1503 1489 1489 1483 1477 1470 1470 1464 1464 1452
    1445 1445 1433 1427 1427 1427 1433 1439 1445 1452 1458 1464 1470
    1477 1483 1489 1489 1489 1489 1489 1579 1579 1572 1564 1557 1550
    1543 1543 1536 1529 1523 1523 1516 1509 1503 1489 1489 1483 1477
    1470 1470 1464 1464 1452 1445 1439 1433 1433 1433 1433 1439 1439
    1445 1452 1458 1464 1470 1477 1483 1489 1489 1496 1496 1496 1579
    1579 1572 1564 1557 1550 1543 1543 1536 1523 1523 1523 1516 1509
    1503 1489 1489 1483 1477 1470 1470 1464 1464 1452 1445 1439 1433
    1433 1433 1433 1439 1445 1445 1458 1458 1464 1470 1470 1483 1489
    1496 1496 1496 1496 1609 1579 1572 1564 1557 1550 1550 1543 1536
    1523 1523 1516 1516 1509 1503 1489 1489 1483 1477 1470 1470 1464
    1464 1452 1445 1445 1439 1433 1433 1433 1439 1445 1445 1458 1464
    1464 1470 1470 1477 1483 1496 1496 1503 1503 1609 1579 1579 1564
    1557 1550 1550 1543 1536 1529 1523 1516 1509 1509 1503 1489 1489
    1483 1477 1470 1470 1470 1464 1458 1452 1445 1439 1439 1439 1439
