<?xml version="1.0"?>
<opencv_storage>
<Depth0451 type_id="opencv-matrix">
  <rows>34</rows>
  <cols>5</cols>
  <dt>w</dt>
  <data>
    5056 5056 5056 4983 4911 5056 5056 4983 4911 4911 5056 4983 4983
    4911 4911 4983 4983 4983 4911 4911 4983 4983 4911 4911 4911 4911
    4842 4842 4842 4842 4911 4842 4842 4842 4842 4911 4911 4911 4842
    4842 4911 4911 4911 4842 4842 4983 4911 4911 4842 4842 4983 4983
    4911 4911 4911 4983 4983 4842 4842 4842 4983 4983 4842 4842 4842
    4983 4983 4911 4774 4774 4983 4983 4983 4774 4774 4983 4983 4983
    4774 4774 4983 4983 4911 4842 4842 4983 4983 4911 4842 4842 4983
    4983 4842 4842 4842 4983 4983 4842 4774 4774 4983 4983 4842 4708
    4708 4983 4911 4842 4708 4708 4983 4911 4842 4708 4708 4983 4911
    4842 4708 4708 4983 4911 4842 4708 4708 4983 4842 4842 4708 4708
    4842 4842 4774 4708 4708 4708 4708 4708 4708 4708 4708 4708 4708
    4708 4708 4842 4774 4774 4708 4708 4842 4842 4774 4708 4708 4842
    4842 4842 4708 4708 4911 4842 4708 4708 4708 4842 4708 4708 4708
    4708</data></Depth0451>
</opencv_storage>
