<?xml version="1.0"?>
<opencv_storage>
<Depth13048 type_id="opencv-matrix">
  <rows>29</rows>
  <cols>9</cols>
  <dt>w</dt>
  <data>
    6497 6497 6497 6497 5374 5374 5374 5374 5460 6497 6497 6497 6497
    5374 5374 5460 5460 5460 6497 6497 5832 5640 5374 5374 5460 5460
    5460 6497 6497 5832 5640 5460 5460 5460 5460 5460 6497 6497 5832
    5640 5548 5548 5548 5460 5460 6497 6375 5734 5640 5548 5548 5548
    5460 5460 6497 6259 5734 5640 5548 5548 5548 5460 5460 6497 6146
    5734 5640 5548 5548 5548 5548 5548 6375 6038 5734 5548 5548 5460
    5460 5460 0 6375 5933 5640 5548 5548 5460 5460 5460 0 6375 5933 5640
    5548 5460 5374 5374 5460 0 6375 6038 5640 5548 5460 5374 5374 5460 0
    6375 6375 5640 5548 5548 5460 5460 5640 0 5933 5734 5640 5548 5548
    5640 5640 5640 0 5832 5734 5640 5640 5640 5640 5640 5640 0 5832 5734
    5640 5640 5640 5640 5640 5640 0 5734 5734 5640 5640 5640 5640 5640 0
    0 5734 5640 5640 5640 5640 5640 0 0 0 5734 5640 5640 5548 5548 5640
    0 0 0 5640 5640 5640 5548 5548 5640 0 0 0 5640 5640 5640 5640 5640
    5734 0 0 0 5640 5640 5640 5640 5640 5640 0 0 0 5640 5640 5640 5640
    5548 5548 0 0 0 5640 5640 5640 5640 5548 5548 0 0 0 5640 5640 5640
    5548 5548 5548 0 0 0 5548 5460 5460 5548 5548 5640 0 0 0 5548 5460
    5460 5548 0 0 0 0 0 5548 5548 5548 5460 5460 0 0 0 0 5548 5548 5548
    5460 5460 0 0 0 0</data></Depth13048>
</opencv_storage>
