<?xml version="1.0"?>
<opencv_storage>
<Depth14952 type_id="opencv-matrix">
  <rows>31</rows>
  <cols>21</cols>
  <dt>w</dt>
  <data>
    5933 3149 3149 3092 3092 3120 3149 3178 3178 3178 3208 3208 3208
    3208 6497 6497 6497 6497 6497 6622 6622 3149 3149 3120 3092 3092
    3120 3120 3178 3178 3178 3178 3178 3208 3208 3208 6622 6622 6497
    6497 6622 6753 3149 3149 3120 3092 3092 3120 3120 3178 3178 3178
    3178 3178 3208 3208 3238 3269 3269 3333 3365 3399 6753 3149 3149
    3149 3120 3120 3120 3120 3178 3178 3178 3178 3178 3208 3208 3238
    3269 3269 3300 3333 3365 3365 3178 3178 3149 3120 3120 3120 3149
    3178 3178 3178 3178 3178 3208 3208 3238 3269 3269 3300 3333 3365
    3333 3178 3178 3149 3120 3120 3149 3149 3178 3178 3178 3178 3208
    3208 3238 3269 3269 3300 3300 3333 3333 3333 3178 3178 3149 3120
    3120 3120 3149 3178 3178 3178 3178 3208 3208 3238 3269 3269 3300
    3300 3333 3333 3333 3149 3149 3149 3120 3092 3092 3149 3149 3178
    3178 3178 3208 3208 3238 3269 3269 3300 3300 3300 3300 3300 3149
    3149 3149 3120 3092 3092 3120 3149 3178 3178 3178 3208 3208 3238
    3238 3269 3269 3300 3300 3300 3300 3149 3149 3149 3120 3120 3120
    3120 3149 3178 3178 3208 3208 3238 3238 3238 3269 3269 3300 3300
    3300 3300 3149 3149 3149 3120 3120 3120 3120 3178 3178 3178 3208
    3208 3208 3238 3238 3269 3300 3300 3300 3300 3300 3178 3178 3149
    3149 3149 3120 3120 3149 3178 3178 3208 3208 3208 3238 3269 3269
    3300 3300 3333 3333 3333 3178 3149 3149 3149 3120 3120 3120 3149
    3178 3208 3208 3208 3238 3238 3269 3269 3269 3300 3333 3333 3333
    3149 3149 3149 3149 3120 3120 3120 3149 3149 3208 3208 3208 3238
    3238 3269 3269 3269 3300 3333 3333 3333 3149 3149 3149 3149 3120
    3120 3120 3149 3149 3208 3208 3208 3238 3269 3269 3269 3269 3300
    3333 3333 3333 3149 3149 3149 3149 3120 3120 3120 3178 3178 3208
    3208 3208 3238 3269 3269 3300 3300 3300 3300 3333 3333 3178 3149
    3149 3149 3149 3120 3120 3178 3178 3208 3208 3208 3238 3269 3269
    3269 3269 3300 3300 3300 3333 3178 3149 3149 3149 3120 3120 3149
    3178 3178 3208 3208 3208 3238 3269 3269 3269 3269 3300 3300 3300
    3333 3178 3178 3149 3149 3120 3120 3120 3178 3178 3178 3208 3208
    3238 3269 3269 3300 3300 3300 3333 3333 3333 3178 3178 3149 3149
    3120 3120 3120 3178 3178 3178 3208 3208 3238 3269 3269 3300 3300
    3300 3300 3333 3333 3178 3149 3149 3149 3120 3120 3120 3149 3178
    3178 3208 3208 3238 3238 3269 3269 3300 3300 3300 3333 3333 3149
    3149 3149 3149 3120 3120 3120 3149 3149 3178 3208 3208 3208 3238
    3269 3269 3300 3300 3300 3333 3333 3149 3149 3149 3149 3149 3120
    3120 3149 3149 3178 3208 3208 3208 3238 3269 3269 3300 3300 3300
    3333 3333 3178 3149 3149 3149 3149 3120 3120 3178 3178 3208 3208
    3208 3238 3238 3269 3269 3300 3300 3300 3333 3333 3178 3178 3149
    3149 3149 3120 3120 3178 3178 3178 3208 3208 3238 3238 3269 3269
    3300 3300 3333 3333 3333 3208 3208 3178 3149 3149 3120 3120 3149
    3178 3178 3208 3208 3238 3238 3269 3269 3300 3300 3300 3333 3333
    3208 3178 3178 3149 3149 3120 3120 3149 3178 3178 3208 3208 3238
    3238 3269 3269 3300 3300 3300 3333 3333 3208 3178 3178 3149 3149
    3120 3120 3149 3178 3178 3208 3208 3238 3238 3269 3300 3300 3333
    3333 3333 3333 3208 3178 3178 3149 3149 3120 3120 3149 3178 3178
    3208 3208 3238 3238 3269 3300 3300 3333 3333 3333 3333 3208 3178
    3178 3149 3149 3149 3149 3178 3178 3208 3208 3238 3238 3238 3269
    3269 3269 3333 3333 3333 3333 3208 3178 3178 3178 3149 3149 3149
    3178 3178 3178 3178 3178 3238 3238 3269 3269 3269 3333 3333 7030
    7030</data></Depth14952>
</opencv_storage>
