<?xml version="1.0"?>
<opencv_storage>
<Depth18955 type_id="opencv-matrix">
  <rows>11</rows>
  <cols>9</cols>
  <dt>w</dt>
  <data>
    0 6889 6889 6753 6889 6889 6889 7030 7030 6889 6889 6889 6753 6753
    6753 6889 7030 7030 6753 6753 6753 6753 6753 6753 6889 7030 7030
    6622 6622 6622 6753 6889 6889 7030 7030 7030 6622 6622 6622 6753
    6889 6889 7030 7030 7030 6889 6753 6753 6753 6889 6889 6889 6889
    6889 6889 6753 6753 6889 6889 6889 6889 6889 6889 6889 6753 6753
    6889 6889 6889 6889 6889 6889 6753 6753 6753 6889 6889 6889 6889
    6889 6889 6497 6753 6753 6889 6889 6889 6889 6889 7030 6497 6753
    6753 6889 6889 6889 6889 7030 7030</data></Depth18955>
</opencv_storage>
