<?xml version="1.0"?>
<opencv_storage>
<Depth18048 type_id="opencv-matrix">
  <rows>67</rows>
  <cols>101</cols>
  <dt>w</dt>
  <data>
    4241 4241 4241 4241 4241 4241 4241 4295 1101 1097 1097 1105 1105
    1084 4190 4190 4139 4139 1108 1105 1101 1101 1112 1112 1112 1105
    1090 1090 1077 1077 1077 1077 1112 1112 1084 1080 1080 1073 1073
    1084 1080 1080 1080 1080 1084 1060 1060 4041 1105 1097 1090 1090
    1090 1090 3903 3903 1094 1094 1097 1097 1097 1097 1084 1084 1084
    1063 1063 1087 1087 1087 1073 1073 1077 1077 1077 1077 1077 1080
    1054 1054 2680 2680 2680 1087 1087 1090 1090 2680 2659 2639 2639
    2639 0 0 0 0 0 0 0 0 0 4241 4241 4241 4241 4241 4241 4241 4241 1097
    1090 1090 1090 1090 1084 1077 1077 1077 1108 1108 1105 1101 1101
    1112 1070 1070 1073 1073 1073 1070 1070 1070 1070 1070 1080 1073
    1070 1070 1070 1070 1073 1070 1070 1077 1077 1080 1060 1060 1060
    1060 1077 1077 1080 1080 1080 1084 1070 1070 1094 1063 1063 1060
    1060 1063 1084 1084 1063 1063 1060 1060 1057 1057 1057 1050 1050
    1073 1073 1077 1073 1054 1054 2680 1060 1060 1067 1067 1084 1087
    2701 2701 2659 2659 2659 0 0 0 0 0 0 0 0 0 0 0 0 0 1057 1057 1057
    1057 1097 1084 1057 1057 1090 1084 1077 1077 1077 1057 1057 1054
    1054 1057 1057 1070 1067 1067 1067 1070 1070 1063 1063 1063 1063
    1057 1057 1057 1057 1060 1067 1067 1067 1067 1070 1070 1070 1060
    1054 1054 1054 1054 1063 1063 1063 1080 1067 1057 1057 1057 1044
    1044 1054 1054 1057 1057 1028 1057 1057 1054 1054 1050 1047 1047
    1047 1044 1034 1034 1025 1025 1041 1041 1041 1041 1041 1038 1038
    1038 1031 1031 1034 1034 2744 2723 2723 0 0 0 0 0 0 0 0 0 0 0 0 1047
    1047 1050 1050 1050 1047 1047 1047 1047 1047 1050 1047 1047 1050
    1050 1054 1054 1054 1050 1050 1057 1057 1057 1047 1047 1047 1047
    1047 1044 1044 1044 1041 1038 1038 1031 1031 1067 1067 1034 1034
    1034 1038 1038 1041 1047 1044 1044 1044 1038 1034 1034 1041 1041
    1044 1041 1041 1044 1038 1038 1031 1028 1028 1028 1041 1044 1044
    1044 1044 1041 1034 1022 1022 1022 1022 1025 1028 1028 1028 1025
    1025 1031 1031 1028 1028 1028 1028 1013 1013 1013 1013 0 0 0 0 0 0 0
    0 0 0 0 1047 1047 1047 1044 1044 1044 1044 1044 1044 1044 1044 1044
    1044 1044 1044 1044 1044 1044 1041 1041 1044 1041 1041 1038 1038
    1038 1041 1038 1038 1034 1031 1028 1028 1028 1028 1028 1028 1031
    1031 1031 1031 1031 1028 1028 1028 1028 1031 1031 1031 1031 1031
    1031 1022 1022 1022 1031 1031 1031 1025 1025 1025 1025 1025 1022
    1022 1025 1022 1022 1025 1025 1022 1022 1022 1019 1019 1022 1022
    1022 1019 1013 1013 1016 1016 1016 1013 1010 1010 1013 1013 1013
    1007 1007 0 0 0 0 0 0 0 0 1044 1044 1044 1044 1041 1041 1041 1041
    1041 1041 1041 1044 1044 1041 1041 1041 1041 1038 1038 1038 1038
    1038 1038 1034 1034 1031 1031 1034 1031 1031 1031 1031 1028 1028
    1028 1025 1025 1025 1028 1028 1028 1028 1028 1025 1025 1025 1022
    1022 1022 1022 1025 1022 1022 1019 1019 1022 1022 1022 1022 1022
    1022 1022 1022 1022 1019 1019 1019 1016 1016 1013 1013 1016 1016
    1010 1010 1010 1019 1013 1013 1013 1010 1010 1010 1010 1010 1007
    1007 1007 1010 1010 1013 1007 1007 1004 1004 0 0 0 0 0 0 1044 1044
    1041 1041 1041 1041 1041 1041 1041 1041 1041 1044 1044 1041 1041
    1041 1038 1038 1038 1038 1038 1034 1034 1034 1034 1031 1028 1028
    1028 1028 1028 1028 1025 1025 1025 1025 1025 1025 1025 1025 1025
    1025 1025 1025 1025 1022 1022 1022 1022 1022 1022 1022 1022 1019
    1019 1022 1019 1019 1019 1019 1019 1019 1019 1019 1013 1013 1013
    1013 1013 1013 1013 1013 1013 1007 1007 1007 1010 1010 1010 1010
    1007 1007 1007 1007 1007 1007 1007 1007 1007 1010 1010 1007 1004
    1001 995 995 0 0 0 0 1057 1047 1044 1041 1041 1041 1041 1041 1044
    1044 1044 1044 1044 1044 1044 1041 1041 1038 1038 1038 1038 1038
    1034 1034 1034 1031 1031 1028 1028 1028 1028 1028 1028 1025 1025
    1025 1025 1025 1025 1022 1022 1025 1025 1025 1025 1025 1022 1022
    1022 1022 1022 1022 1022 1022 1022 1022 1022 1019 1019 1019 1019
    1019 1019 1019 1016 1013 1013 1013 1010 1010 1010 1010 1013 1010
    1007 1007 1007 1010 1010 1010 1010 1007 1007 1007 1007 1007 1007
    1007 1007 1007 1010 1010 1007 1004 1001 995 995 0 0 0 0 1057 1047
    1044 1041 1038 1038 1041 1041 1044 1044 1044 1041 1041 1041 1041
    1041 1041 1038 1038 1038 1038 1038 1034 1034 1034 1031 1031 1031
    1028 1028 1028 1028 1028 1028 1028 1028 1025 1025 1025 1022 1022
    1022 1022 1025 1025 1025 1022 1022 1022 1022 1022 1022 1022 1022
    1022 1022 1019 1019 1019 1019 1019 1016 1016 1016 1016 1016 1016
    1016 1010 1010 1010 1010 1013 1010 1007 1007 1010 1010 1010 1010
    1010 1007 1007 1007 1007 1007 1007 1007 1007 1007 1007 1007 1007
    1004 1001 998 995 995 0 0 1063 1057 1047 1044 1041 1038 1038 1041
    1044 1044 1044 1041 1041 1041 1041 1041 1041 1041 1038 1038 1038
    1038 1034 1031 1031 1031 1034 1031 1031 1028 1028 1028 1031 1031
    1028 1028 1028 1028 1028 1025 1022 1022 1022 1022 1025 1025 1022
    1022 1022 1022 1022 1022 1022 1022 1022 1022 1022 1019 1019 1019
    1019 1019 1013 1013 1013 1013 1016 1016 1016 1010 1010 1010 1010
    1013 1010 1007 1007 1010 1010 1010 1010 1010 1007 1007 1007 1007
    1007 1007 1004 1004 1007 1007 1007 1007 1007 1001 998 995 995 0 0
    1063 1057 1047 1044 1044 1038 1038 1041 1044 1047 1044 1041 1041
    1038 1038 1038 1041 1041 1038 1038 1038 1034 1031 1031 1031 1031
    1031 1031 1031 1031 1031 1031 1031 1031 1028 1028 1028 1028 1028
    1025 1022 1022 1025 1025 1028 1025 1022 1022 1022 1022 1022 1022
    1022 1022 1022 1022 1022 1019 1019 1019 1019 1019 1013 1013 1013
    1013 1016 1016 1016 1016 1010 1010 1010 1010 1010 1010 1010 1010
    1010 1010 1010 1010 1010 1010 1010 1007 1007 1007 1001 1001 1007
    1007 1010 1007 1004 1001 998 998 998 0 0 1057 1057 1047 1044 1044
    1044 1044 1044 1047 1044 1044 1041 1038 1038 1038 1038 1038 1041
    1038 1038 1038 1034 1031 1031 1031 1031 1031 1031 1031 1031 1031
    1031 1028 1028 1028 1028 1028 1028 1028 1028 1025 1025 1025 1025
    1028 1025 1022 1022 1022 1022 1022 1022 1022 1019 1019 1019 1019
    1019 1019 1019 1019 1016 1013 1013 1013 1013 1016 1016 1016 1016
    1016 1010 1010 1010 1010 1010 1010 1010 1010 1010 1010 1010 1010
    1010 1010 1010 1007 1007 1001 1001 1004 1004 1007 1004 1004 1001 998
    998 998 0 0 1057 1057 1050 1044 1044 1044 1044 1047 1047 1044 1041
    1041 1038 1038 1038 1038 1038 1041 1038 1038 1034 1034 1034 1034
    1031 1031 1034 1031 1031 1031 1031 1031 1028 1028 1028 1028 1028
    1031 1028 1028 1025 1025 1025 1025 1028 1025 1022 1022 1022 1022
    1022 1022 1019 1019 1019 1019 1019 1019 1019 1019 1019 1016 1013
    1013 1013 1013 1016 1016 1016 1013 1013 1013 1010 1010 1010 1010
    1013 1010 1010 1010 1010 1010 1010 1007 1007 1010 1007 1007 1001
    1001 1004 1004 1007 1004 1004 1001 1001 998 998 0 0 0 1054 1054 1044
    1044 1044 1047 1047 1044 1044 1041 1041 1041 1038 1038 1038 1041
    1041 1038 1038 1034 1034 1034 1034 1034 1034 1034 1034 1034 1031
    1031 1031 1028 1028 1028 1028 1028 1031 1031 1028 1028 1025 1025
    1025 1025 1028 1025 1025 1022 1022 1022 1022 1019 1019 1022 1022
    1022 1019 1019 1019 1019 1016 1016 1016 1013 1013 1016 1016 1016
    1013 1013 1013 1013 1013 1013 1013 1013 1010 1010 1010 1010 1010
    1010 1007 1007 1010 1010 1007 1001 1001 1001 1007 1007 1001 1001 998
    998 998 998 0 0 0 1054 1054 1050 1047 1047 1047 1047 1044 1044 1041
    1041 1041 1041 1041 1041 1041 1038 1038 1038 1038 1038 1038 1038
    1038 1034 1034 1034 1034 1034 1031 1031 1028 1028 1028 1028 1028
    1028 1031 1028 1028 1025 1025 1025 1025 1028 1028 1025 1022 1022
    1022 1022 1022 1022 1022 1022 1022 1019 1019 1019 1019 1019 1016
    1016 1016 1016 1019 1019 1016 1013 1013 1013 1013 1016 1013 1013
    1013 1010 1010 1010 1010 1010 1010 1007 1007 1010 1010 1007 1004
    1001 1001 1007 1007 1001 1001 998 998 998 998 0 0 0 1054 1054 1050
    1047 1047 1047 1047 1047 1044 1044 1044 1041 1041 1041 1041 1044
