<?xml version="1.0"?>
<opencv_storage>
<Depth9724 type_id="opencv-matrix">
  <rows>95</rows>
  <cols>62</cols>
  <dt>w</dt>
  <data>
    3948 3948 3948 3948 3948 4041 4041 4041 4041 4041 4089 4041 4041
    4041 4089 4089 4139 4139 4139 4139 4139 4139 4139 4139 4139 4139
    4139 4190 4190 4139 4139 4139 4139 4139 4139 4190 4190 4190 4190
    4190 4241 1445 1445 1445 1439 1439 1452 1464 1464 4349 4349 4349
    4349 4349 4349 4349 4349 4349 4349 4405 4405 4405 3948 3948 3948
    3994 3994 4041 4041 4041 4041 4041 4089 4041 4041 4041 4089 4089
    4089 4139 4089 4089 4139 4139 4139 4139 4139 4139 4139 4190 4190
    4190 4190 4139 4139 4139 4139 4190 4139 4139 4139 4139 1452 1445
    1445 1452 1439 1439 1452 1458 1458 1458 4349 4349 4349 4349 4349
    4349 4349 4349 4349 4405 4405 4405 3948 3948 3994 3994 3994 4041
    4041 4041 4089 4089 4089 4089 4089 4089 4089 4089 4089 4139 4089
    4089 4139 4139 4139 4139 4139 4139 4139 4190 4190 4190 4190 4139
    4139 4139 4139 1433 1433 1439 1439 1439 1439 1452 1452 1452 1445
    1445 1452 1452 1452 1452 4405 4405 4405 4349 4349 4349 4349 4349
    4349 4405 4349 4349 3948 3948 3994 3994 3994 4041 4041 4041 4089
    4089 4089 4089 4089 4089 4089 4089 4089 4089 4089 4089 4089 4139
    4139 4139 4139 4139 4139 4139 4139 4139 4139 4139 1445 1433 1433
    1427 1427 1439 1439 1439 1439 1359 1359 1365 1365 1365 1452 1452
    1452 1452 4349 4349 4349 4349 4349 4349 4349 4349 4405 4405 4349
    4349 3948 3948 3994 3994 4041 4041 4041 4041 4041 4041 4041 4041
    4041 4089 4089 4089 4089 4089 4089 4089 4089 4139 4139 4139 4139
    4139 4139 1427 1427 4089 4089 1365 1365 1365 1370 1370 1370 1370
    1370 1370 1365 1359 1359 1365 1365 1365 1365 1452 1452 1452 4405
    4349 4349 4349 4349 4349 4349 4405 4405 4405 4349 4349 3948 3948
    3948 1365 1359 1359 4041 4041 4041 4041 4041 4041 4041 4089 4089
    4089 4089 4089 4089 4089 4089 4089 4089 4089 4089 1410 1410 1365
    1359 1359 1359 1365 1365 1365 1370 1370 1370 1365 1365 1365 1365
    1359 1359 1365 1365 1365 1365 1370 1370 4405 4405 4295 4295 4295
    4349 4349 4349 4405 4405 4405 4349 4349 3948 3948 3948 1365 1359
    1359 1359 1359 4041 4041 1404 1404 1404 4089 4089 4139 4139 4089
    4089 4089 4089 4089 1410 1410 1387 1387 1376 1365 1359 1359 1359
    1365 1365 1365 1365 1365 1365 1365 1365 1365 1365 1365 1365 1365
    1365 1365 1370 1370 1370 1370 4295 4295 4295 4295 4349 4349 4349
    4405 4405 4405 4405 4349 3994 3994 3994 1365 1359 1359 1359 1370
    1370 1404 1404 1404 1404 1404 1359 1359 1359 1359 1359 1359 1365
    1365 1365 1365 1365 1365 1365 1365 1359 1359 1365 1365 1365 1365
    1365 1365 1365 1365 1365 1365 1365 1365 1365 1370 1370 1370 1370
    1376 1376 1376 4349 4349 4295 4295 4349 4349 4349 4349 4349 4349
    4349 4405 3994 3994 1359 1359 1359 1359 1359 1370 1410 1404 1404
    1404 1392 1370 1359 1354 1354 1359 1359 1359 1365 1365 1365 1365
    1365 1365 1359 1359 1359 1359 1365 1359 1359 1365 1365 1365 1365
    1365 1365 1365 1365 1365 1365 1370 1370 1370 1370 1376 1376 1376
    1404 4041 4041 4041 4295 4349 4349 4349 4349 4349 4349 4405 3994
    1354 1354 1359 1359 1359 1359 1365 1404 1404 1398 1398 1365 1365
    1359 1354 1354 1354 1354 1354 1359 1359 1359 1359 1359 1359 1359
    1359 1359 1359 1359 1359 1359 1359 1359 1365 1365 1365 1365 1365
    1359 1359 1365 1370 1370 1370 1370 1376 1376 1404 1404 4041 4041
    4041 4295 4349 4349 4349 4349 4349 4349 4405 3948 1354 1354 1359
    1359 1359 1365 1359 1359 1365 1365 1365 1359 1359 1359 1354 1354
    1354 1354 1354 1359 1359 1359 1359 1359 1359 1359 1359 1359 1359
    1359 1359 1359 1359 1359 1359 1365 1365 1365 1365 1359 1359 1365
    1370 1370 1370 1370 1370 1376 1398 0 1398 4349 4349 4349 4349 4349
    4349 4349 4349 4405 4405 1343 1349 1354 1359 1359 1359 1365 1359
    1359 1359 1359 1359 1359 1359 1359 1359 1359 1354 1354 1359 1359
    1359 1354 1354 1359 1359 1359 1359 1359 1359 1359 1359 1359 1359
    1359 1359 1359 1359 1359 1365 1365 1365 1365 1365 1365 1365 1370
    1370 1376 1392 1392 0 0 4349 4349 4349 4349 4349 4349 4405 4405 4405
    1343 1349 1354 1359 1359 1359 1365 1359 1359 1359 1359 1359 1359
    1359 1359 1359 1359 1359 1359 1359 1365 1365 1354 1354 1359 1359
    1359 1359 1365 1359 1359 1359 1359 1359 1359 1359 1359 1359 1359
    1359 1365 1365 1365 1365 1365 1365 1370 1370 1370 1376 1376 0 4349
    4349 4349 4349 4349 4349 4405 4405 4405 4405 1354 1354 1354 1354
    1354 1359 1365 1359 1359 1359 1359 1359 1359 1359 1359 1359 1359
    1359 1359 1359 1359 1365 1359 1359 1359 1359 1359 1359 1365 1365
    1359 1359 1359 1359 1359 1359 1359 1359 1359 1359 1365 1365 1365
    1365 1365 1370 1370 1370 1370 1376 1376 0 4349 4349 4349 4349 4349
    4349 4405 4405 4405 4405 1354 1354 1354 1354 1354 1359 1359 1359
    1354 1354 1354 1359 1354 1354 1354 1354 1354 1359 1359 1359 1359
    1359 1359 1359 1359 1359 1359 1365 1365 1365 1359 1359 1359 1359
    1359 1359 1359 1359 1365 1365 1365 1365 1365 1365 1365 1370 1370
    1370 1370 1376 1376 0 0 4349 4349 4349 4349 4349 4405 4405 4405 4405
    1354 1354 1354 1354 1354 1359 1354 1354 1354 1354 1354 1359 1354
    1354 1354 1354 1354 1354 1359 1359 1359 1359 1359 1359 1359 1354
    1354 1359 1365 1365 1359 1359 1359 1359 1359 1359 1359 1365 1365
    1365 1365 1365 1365 1365 1365 1370 1370 1370 1370 1376 1376 1433 0
    4349 4349 4349 4349 4349 4405 4405 4405 4405 1354 1359 1354 1354
    1354 1354 1354 1349 1349 1354 1354 1354 1354 1354 1354 1354 1354
    1354 1359 1359 1359 1359 1359 1359 1359 1354 1354 1359 1359 1359
    1365 1365 1365 1365 1359 1359 1359 1365 1365 1365 1365 1365 1365
    1365 1370 1370 1370 1370 1370 1376 1398 1433 0 4405 4405 4349 4349
    4405 4405 4405 4405 4405 1359 1359 1354 1354 1354 1354 1354 1349
    1349 1354 1354 1354 1354 1354 1354 1354 1359 1359 1359 1359 1359
    1359 1359 1359 1359 1359 1359 1359 1359 1359 1359 1365 1365 1365
    1359 1359 1365 1365 1365 1365 1365 1365 1365 1365 1370 1370 1370
    1370 1370 1376 1376 1433 0 1433 4349 4349 4349 4349 4405 4405 4405
    4405 1370 1365 1354 1354 1354 1354 1354 1349 1349 1354 1354 1354
    1354 1354 1354 1354 1359 1359 1359 1359 1359 1359 1359 1359 1359
    1359 1359 1359 1359 1359 1359 1365 1365 1365 1359 1359 1365 1365
    1365 1365 1365 1365 1365 1370 1370 1370 1370 1370 1370 1370 1376
    1433 1433 0 4349 4349 4349 4349 4405 4405 4405 4405 1365 1365 1354
    1354 1354 1354 1354 1354 1354 1354 1354 1354 1354 1354 1354 1354
    1359 1359 1359 1359 1359 1359 1359 1359 1359 1359 1359 1359 1359
    1359 1359 1365 1365 1365 1359 1359 1365 1365 1365 1365 1365 1365
    1365 1370 1370 1370 1370 1370 1370 1370 1370 1376 1376 0 4349 4349
    4349 4349 4405 4405 4405 4405 1365 1365 1354 1354 1354 1354 1354
    1354 1354 1354 1354 1354 1354 1354 1354 1354 1359 1359 1359 1359
    1359 1359 1359 1359 1359 1359 1359 1359 1359 1359 1365 1365 1365
    1365 1359 1359 1365 1365 1365 1365 1365 1365 1365 1370 1370 1370
    1370 1370 1370 1370 1370 1376 1376 0 4349 4349 4349 4349 4405 4349
    4349 4405 1354 1354 1349 1349 1354 1354 1354 1359 1354 1354 1354
    1359 1359 1359 1354 1354 1359 1359 1359 1359 1359 1359 1359 1359
    1359 1359 1359 1359 1359 1359 1365 1365 1365 1365 1365 1365 1365
    1365 1365 1365 1365 1365 1365 1370 1370 1370 1370 1370 1370 1370
    1370 1376 1376 1404 4405 4405 4405 4405 4349 4349 4349 4349 4041
    1349 1349 1349 1354 1359 1359 1359 1359 1354 1354 1359 1354 1354
    1354 1354 1359 1359 1359 1359 1359 1359 1359 1365 1359 1359 1365
    1365 1365 1365 1365 1365 1365 1365 1365 1365 1365 1365 1365 1365
    1365 1365 1365 1370 1370 1370 1370 1370 1370 1370 1376 1381 1404
    1404 1404 4405 4405 4405 4349 4349 4349 4349 3994 1349 1349 1349
    1354 1359 1359 1359 1359 1354 1354 1354 1354 1354 1354 1354 1359
    1359 1359 1359 1359 1359 1359 1365 1359 1359 1365 1365 1365 1365
    1359 1359 1365 1365 1365 1365 1365 1365 1365 1365 1365 1365 1365
    1365 1365 1365 1365 1370 1370 1370 1376 1381 1404 1404 0 4405 4405
