<?xml version="1.0"?>
<opencv_storage>
<Depth18441 type_id="opencv-matrix">
  <rows>10</rows>
  <cols>5</cols>
  <dt>w</dt>
  <data>
    8849 8849 8019 8019 8019 8212 8019 8019 8019 8019 8212 8019 8019
    7835 7835 8019 7835 7835 7835 7835 8019 7835 7835 8019 8019 7835
    7835 8019 8019 8019 7835 7835 7835 7835 7835 8019 7835 7835 7835
    8019 8019 7835 7835 8019 8019 8626 7835 7835 7835 7835</data></Depth18441>
</opencv_storage>
