<?xml version="1.0"?>
<opencv_storage>
<Depth10263 type_id="opencv-matrix">
  <rows>59</rows>
  <cols>73</cols>
  <dt>w</dt>
  <data>
    4089 4089 4089 4089 4089 4089 4089 4089 4089 4139 4139 4139 4089
    4089 4089 4089 4089 4089 4089 4041 4041 4041 4041 4041 4041 4041
    3994 3994 3994 3994 3994 3948 3903 3903 3903 3903 3903 3903 3903
    3859 3816 3816 3816 3816 3816 3816 1536 1536 1572 1564 1564 1550
    1550 1550 1529 1516 1509 1509 1509 1503 1503 1509 2812 0 2812 2812
    1579 0 1579 1564 1557 1550 1550 4139 4139 4089 4089 4089 4089 4089
    4139 4139 4139 4139 4139 4139 4139 4089 4089 4089 4089 4089 4041
    4041 4041 4041 4041 4041 4041 4041 4041 4041 3994 3994 3948 3903
    3903 3903 3903 3903 3903 3903 3859 3816 3816 3816 3816 3816 1572
    1536 1536 1557 1550 1550 1536 1523 1509 1509 1503 1496 1496 1503
    1503 1503 1503 1503 0 0 0 0 1564 1564 1557 1550 1536 1529 4139 4139
    4139 4139 4139 4139 4139 4139 4139 4139 4139 4139 4139 4139 4139
    4139 4139 4089 4041 4041 4041 4041 4041 4041 4041 4041 4041 4041
    4041 3994 3994 3994 3948 3948 3948 3948 3903 3903 3903 3859 3816
    3816 3816 1572 1564 1564 1564 1557 1550 1550 1543 1523 1523 1503
    1503 1496 1496 1496 1496 1496 1496 1489 1489 0 1496 0 0 0 1564 1550
    1543 1529 1523 4139 4139 4139 4139 4139 4139 4139 4139 4139 4139
    4139 4139 4139 4139 4139 4139 4089 4089 4041 4041 4041 4041 4089
    4089 4041 4041 4041 4041 4041 4041 3994 3994 3994 3948 3948 3948
    3903 3903 3903 3903 3859 3816 1572 1572 1564 1564 1564 1550 1536
    1536 1523 1516 1509 1503 1503 1496 1496 1496 1496 1496 1496 1489
    1489 1496 1496 0 0 0 1564 1550 1543 1529 1523 4139 4139 4139 4139
    4190 4190 4190 4139 4139 4139 4139 4139 4139 4139 4139 4139 4089
    4089 4041 4041 4041 4089 4089 4089 4041 4041 4041 4041 4041 4041
    4041 3994 3994 3948 3948 3948 1579 1579 1579 1579 1557 1557 1557
    1564 1557 1557 1550 1536 1529 1523 1516 1509 1503 1503 1503 1496
    1496 1489 1489 1496 1496 1496 1496 1496 0 0 0 0 1564 1550 1543 1536
    1523 4190 4190 4190 4190 4190 4190 4190 4190 4190 4190 4190 4190
    4190 4190 4190 4139 4089 4089 4041 4041 4041 4089 4089 4089 4041
    4041 4041 4041 4041 3994 3994 4041 4041 3994 3994 1579 1579 1579
    1579 1579 1572 1557 1557 1557 1550 1550 1543 1523 1516 1516 1509
    1496 1496 1496 1496 1496 1489 1483 1483 1489 1496 1489 1489 1496 0 0
    0 0 1594 1564 1550 1536 1523 4190 4190 4190 4190 4190 4190 4190 4190
    4190 4190 4190 4190 4190 4190 4190 4139 4089 4089 4041 4041 4041
    4089 4139 4139 4089 4089 4041 4041 4041 3994 3994 4041 4041 1594
    1586 1579 1579 1572 1564 1564 1557 1550 1550 1543 1536 1529 1516
    1509 1503 1503 1496 1496 1496 1496 1496 1489 1489 1483 1483 1489
    1489 1489 1489 0 0 0 0 0 0 1579 1557 1543 1529 4241 4241 4190 4190
    4241 4190 4190 4190 4190 4190 4190 4190 4190 4190 4190 4139 4089
    4089 4139 4139 4139 4139 4139 4139 4139 4089 4041 4041 1616 1616
    4041 1609 1601 1586 1579 1572 1572 1564 1557 1550 1550 1543 1543
    1529 1523 1516 1503 1503 1503 1503 1496 1496 1496 1496 1496 1489
    1489 1489 1489 1489 1489 1489 1489 1496 1496 0 0 0 0 1601 1557 1543
    1536 4241 4241 4241 4241 4241 4190 4190 4190 4190 4190 4190 4190
    4190 4190 4190 4190 4139 4139 4139 4139 4139 4089 4089 4139 4139
    4089 4089 4041 1616 1616 1609 1601 1594 1586 1579 1572 1564 1557
    1550 1550 1543 1536 1529 1523 1516 1509 1496 1496 1496 1496 1496
    1496 1496 1496 1496 1496 1489 1489 1489 1496 1496 1496 1496 1496
    1496 0 0 0 0 1601 1564 1543 1543 4241 4241 4241 4241 4190 4190 4190
    4190 4190 4190 4190 4190 4190 4190 4190 4190 4190 4190 4190 4190
    4089 4089 4089 4139 4139 4190 4190 4190 1609 1594 1594 1594 1594
    1579 1564 1564 1557 1550 1543 1543 1529 1523 1516 1516 1509 1509
    1496 1496 1496 1496 1496 1496 1496 1496 1496 1496 1496 1496 1496
    1496 1496 1496 1496 1496 1496 0 0 0 0 0 1564 1536 1536 4241 4241
    4241 4241 4190 4190 4190 4190 4190 4190 4190 4190 4190 4190 4190
    4190 4190 4190 4190 4190 4089 4089 4089 4139 4139 1609 1609 1601
    1579 1579 1579 1572 1557 1557 1543 1543 1543 1543 1543 1536 1523
    1516 1516 1509 1509 1509 1503 1503 1503 1503 1503 1496 1496 1496
    1496 1496 1496 1503 1496 1496 1496 1496 1496 1496 1496 1496 0 0 0 0
    0 1536 1536 4241 4241 4241 4241 4190 4190 4190 4190 4190 4190 4190
    4190 4190 4190 4190 4139 4139 4190 4190 4190 4190 1609 1609 1601
    1601 1594 1579 1579 1572 1564 1557 1550 1543 1543 1529 1529 1523
    1523 1529 1523 1516 1516 1516 1509 1509 1503 1503 1503 1503 1503
    1503 1496 1496 1496 1503 1503 1503 1503 1496 1496 1503 1503 1503
    1496 1496 1496 1509 0 0 0 0 1550 1550 4241 4241 4241 4241 4241 4241
    4241 4190 4190 4190 4190 4190 4190 4190 4190 4089 4089 4139 1632
    1616 1609 1609 1609 1594 1586 1579 1572 1564 1557 1550 1543 1543
    1536 1529 1523 1523 1523 1523 1516 1516 1516 1516 1516 1509 1509
    1503 1503 1503 1509 1509 1503 1503 1503 1503 1503 1509 1509 1503
    1503 1496 1496 1503 1503 1503 1503 1503 1503 0 0 0 0 1572 1557 4241
    4241 4241 4241 4241 4241 4241 4190 4190 4190 4190 4190 4190 4190
    4190 4089 4089 1632 1624 1609 1601 1601 1601 1586 1572 1564 1550
    1550 1550 1543 1543 1536 1529 1523 1523 1523 1523 1516 1516 1516
    1516 1516 1516 1516 1516 1503 1503 1509 1509 1509 1509 1509 1503
    1503 1509 1509 1509 1503 1503 1496 1496 1503 1503 1503 1503 1503
    1503 0 0 0 0 1572 1572 4241 4241 4241 4241 4241 4241 4241 4190 4190
    4190 1586 1586 1601 1601 4241 1639 1632 1624 1616 1601 1594 1594
    1586 1579 1572 1564 1550 1550 1543 1543 1536 1529 1523 1523 1523
    1516 1516 1516 1516 1516 1516 1516 1516 1516 1516 1509 1509 1509
    1516 1516 1516 1509 1509 1509 1516 1516 1509 1509 1509 1503 1503
    1503 1503 1503 1503 1503 1509 0 0 0 0 1572 1572 4241 4241 4241 4241
    4241 4241 4241 4190 4190 4190 1586 1586 1601 1601 1624 1624 1616
    1609 1601 1594 1586 1586 1586 1572 1557 1550 1543 1536 1536 1529
    1529 1523 1523 1523 1523 1516 1516 1516 1516 1516 1516 1516 1516
    1516 1516 1516 1516 1516 1516 1516 1516 1516 1509 1509 1516 1516
    1516 1509 1509 1509 1509 1509 1509 1509 1496 1496 1509 0 0 0 0 1564
    1564 4241 4241 4241 4241 4241 4241 4241 4190 4190 4190 1594 1594
    1609 1609 1616 1616 1601 1594 1586 1579 1572 1572 1564 1557 1550
    1543 1536 1529 1529 1529 1529 1523 1523 1523 1523 1523 1523 1523
    1523 1523 1523 1516 1516 1516 1516 1516 1516 1516 1523 1516 1516
    1516 1516 1516 1516 1516 1516 1516 1516 1516 1516 1509 1509 1509
    1496 1496 1509 0 0 0 0 1564 1564 4241 4241 4241 4241 4241 4241 4241
    4190 4190 4190 1609 1609 1616 1609 1609 1601 1594 1586 1579 1572
    1564 1557 1550 1550 1543 1543 1536 1529 1529 1529 1523 1523 1523
    1523 1523 1523 1523 1523 1523 1523 1523 1523 1523 1516 1516 1516
    1516 1523 1523 1523 1516 1516 1516 1516 1516 1516 1516 1516 1516
    1516 1516 1516 1509 1509 1509 1509 1516 0 1516 0 1564 1564 1564 4241
    4241 4241 4241 4241 4241 4241 4241 1616 1609 1609 1609 1609 1601
    1594 1594 1579 1572 1572 1564 1550 1543 1543 1543 1543 1536 1529
    1529 1529 1529 1523 1523 1523 1523 1523 1523 1523 1523 1523 1523
    1529 1523 1523 1516 1516 1516 1523 1523 1523 1516 1516 1516 1516
    1516 1516 1516 1516 1516 1516 1516 1516 1516 1516 1516 1516 1516
    1516 1516 1516 0 0 1572 1572 4190 4190 4190 4190 4241 4241 4241 1624
    1616 1609 1609 1601 1594 1586 1586 1586 1572 1564 1557 1550 1543
    1543 1536 1536 1543 1536 1529 1529 1529 1529 1529 1529 1523 1523
    1523 1523 1523 1529 1529 1529 1529 1523 1523 1523 1523 1523 1523
    1523 1523 1516 1516 1516 1516 1516 1516 1516 1516 1516 1516 1516
    1516 1516 1516 1516 1516 1523 1516 1516 1516 1523 0 1572 1572 4190
    4089 1639 1632 1632 1632 1624 1616 1616 1609 1601 1594 1579 1579
    1572 1572 1564 1550 1550 1543 1536 1536 1536 1536 1543 1536 1529
    1529 1536 1536 1529 1529 1523 1523 1529 1529 1529 1536 1536 1536
    1529 1529 1523 1523 1523 1523 1523 1523 1523 1516 1516 1523 1516
    1516 1516 1516 1516 1516 1516 1523 1523 1516 1516 1516 1516 1523
