<?xml version="1.0"?>
<opencv_storage>
<Depth16309 type_id="opencv-matrix">
  <rows>59</rows>
  <cols>34</cols>
  <dt>w</dt>
  <data>
    3333 3333 2129 2129 2116 2103 2090 2078 2078 2078 2078 2065 2053
    2040 2040 2040 2040 2065 2116 2116 2129 2129 2116 2116 2129 2129
    2143 2143 2156 2156 2156 2156 2156 2170 3333 3333 2129 2116 2103
    2090 2078 2078 2065 2065 2065 2065 2053 2040 2040 2040 2040 2065
    2078 2090 2103 2103 2103 2103 2116 2129 2129 2143 2143 2156 2170
    2170 2170 2170 3333 2116 2116 2103 2103 2090 2078 2078 2065 2065
    2065 2053 2040 2040 2040 2040 2040 2065 2065 2078 2078 2078 2090
    2103 2116 2116 2129 2129 2143 2156 2156 2170 2170 2184 3238 2116
    2116 2103 2103 2090 2078 2078 2065 2065 2053 2053 2040 2040 2028
    2028 2040 2053 2065 2065 2078 2078 2078 2090 2103 2116 2129 2129
    2143 2143 2156 2156 2170 2184 3149 2116 2116 2103 2090 2078 2078
    2078 2065 2065 2053 2053 2040 2040 2028 2028 2040 2053 2065 2065
    2078 2078 2078 2090 2103 2116 2129 2129 2129 2143 2156 2156 2170
    2184 3120 2116 2116 2103 2090 2078 2078 2078 2065 2065 2053 2053
    2040 2028 2028 2028 2040 2053 2053 2065 2078 2078 2078 2090 2103
    2116 2129 2129 2129 2143 2156 2156 2156 2156 3120 2103 2103 2103
    2090 2078 2078 2078 2065 2065 2053 2040 2040 2028 2028 2028 2040
    2053 2053 2065 2078 2078 2090 2103 2116 2116 2129 2129 2129 2143
    2156 2156 2156 2156 3120 2103 2103 2090 2078 2078 2078 2078 2065
    2065 2053 2040 2028 2028 2028 2028 2040 2040 2053 2065 2065 2078
    2090 2090 2103 2116 2129 2129 2129 2143 2156 2156 2156 2156 3120
    2103 2090 2090 2078 2078 2078 2065 2065 2065 2040 2040 2028 2028
    2028 2028 2040 2040 2053 2065 2065 2078 2078 2090 2103 2116 2129
    2129 2129 2143 2143 2156 2156 2170 3120 2103 2090 2090 2078 2078
    2078 2065 2065 2053 2040 2040 2028 2028 2028 2028 2040 2040 2053
    2065 2065 2078 2078 2090 2103 2116 2129 2129 2129 2143 2143 2143
    2156 2170 3120 2103 2090 2090 2078 2078 2078 2065 2065 2053 2040
    2028 2028 2028 2028 2028 2040 2053 2053 2065 2065 2078 2078 2090
    2103 2116 2116 2129 2129 2143 2143 2143 2156 2156 3120 2090 2090
    2090 2078 2078 2078 2065 2065 2053 2040 2028 2028 2028 2028 2028
    2028 2053 2065 2065 2065 2078 2078 2078 2103 2116 2116 2129 2129
    2143 2143 2143 2143 2143 3208 2090 2090 2090 2078 2078 2078 2065
    2065 2065 2040 2028 2028 2028 2028 2028 2028 2053 2065 2065 2065
    2065 2078 2078 2103 2116 2129 2129 2129 2143 2143 2143 2129 2129
    3269 2103 2078 2078 2078 2078 2078 2065 2065 2053 2040 2028 2028
    2028 2028 2028 2040 2053 2065 2065 2065 2065 2078 2078 2090 2103
    2116 2129 2129 2143 2143 2143 2129 2129 3300 2103 2078 2078 2078
    2078 2078 2065 2065 2053 2040 2028 2028 2028 2028 2028 2040 2053
    2065 2065 2065 2065 2078 2078 2090 2103 2116 2129 2129 2143 2143
    2143 2143 2143 3300 2103 2078 2078 2078 2078 2065 2065 2065 2040
    2040 2028 2028 2028 2028 2028 2040 2053 2065 2065 2065 2065 2078
    2078 2090 2103 2116 2129 2129 2129 2129 2143 2143 2143 3300 2103
    2090 2078 2078 2078 2065 2065 2065 2040 2040 2028 2028 2028 2028
    2028 2040 2053 2065 2065 2065 2078 2078 2078 2090 2103 2116 2129
    2129 2129 2129 2143 2143 2143 3269 2116 2090 2078 2078 2078 2065
    2065 2053 2053 2040 2028 2028 2028 2028 2028 2040 2053 2065 2065
    2065 2078 2078 2078 2090 2103 2116 2129 2129 2129 2129 2143 2143
    2143 3269 2116 2090 2090 2078 2078 2065 2065 2053 2053 2040 2028
    2028 2028 2028 2028 2040 2053 2065 2065 2078 2078 2078 2090 2090
    2103 2116 2129 2129 2129 2129 2143 2143 2143 3269 2103 2090 2078
    2078 2078 2065 2065 2053 2053 2040 2028 2028 2028 2028 2028 2040
    2053 2053 2065 2065 2078 2078 2078 2090 2103 2116 2129 2129 2129
    2129 2129 2129 2129 3300 2103 2090 2078 2078 2065 2065 2053 2053
    2040 2028 2028 2016 2016 2028 2028 2028 2040 2053 2053 2065 2065
    2078 2078 2090 2103 2116 2129 2129 2129 2129 2129 2129 2129 3300
    2103 2090 2078 2078 2065 2065 2053 2040 2028 2028 2028 2016 2016
    2016 2028 2028 2040 2053 2053 2065 2065 2078 2078 2090 2103 2116
    2129 2129 2129 2143 2143 2143 2143 2116 2103 2090 2078 2078 2065
    2065 2053 2040 2028 2028 2016 2016 2016 2016 2028 2028 2040 2053
    2053 2065 2065 2078 2078 2090 2103 2116 2129 2129 2129 2129 2143
    2143 2143 2116 2090 2078 2078 2078 2065 2065 2053 2040 2028 2028
    2016 2016 2016 2016 2016 2028 2040 2053 2053 2065 2065 2078 2078
    2090 2116 2116 2116 2129 2129 2129 2143 2143 2143 3269 2078 2078
    2078 2078 2065 2065 2065 2053 2040 2028 2028 2028 2016 2016 2016
    2028 2040 2053 2053 2065 2065 2078 2078 2090 2103 2116 2116 2129
    2129 2129 2129 2129 2129 2078 2078 2078 2078 2078 2065 2065 2053
    2053 2040 2028 2028 2028 2016 2016 2016 2028 2040 2040 2053 2065
    2065 2078 2078 2090 2103 2103 2116 2116 2129 2129 2129 2129 2129
    2078 2078 2078 2078 2078 2065 2065 2053 2040 2040 2028 2028 2016
    2016 2016 2016 2028 2028 2040 2053 2065 2065 2078 2078 2090 2090
    2103 2116 2116 2129 2129 2129 2143 2143 2078 2078 2078 2078 2065
    2065 2053 2040 2040 2028 2028 2028 2016 2016 2016 2016 2028 2028
    2040 2053 2065 2065 2078 2078 2090 2090 2103 2116 2116 2129 2129
    2143 2143 4463 2078 2078 2078 2078 2065 2065 2053 2040 2040 2028
    2028 2028 2028 2016 2016 2016 2028 2028 2040 2053 2065 2065 2078
    2078 2090 2103 2103 2116 2116 2129 2129 2143 2129 2129 2090 2078
    2078 2078 2065 2065 2053 2040 2040 2028 2028 2028 2028 2016 2016
    2028 2028 2028 2040 2053 2065 2065 2078 2078 2090 2090 2103 2116
    2116 2116 2129 2129 2129 2129 2103 2090 2078 2078 2065 2065 2053
    2040 2040 2028 2028 2028 2016 2016 2016 2016 2028 2028 2040 2053
    2065 2065 2078 2078 2090 2090 2103 2116 2116 2116 2129 2129 2129
    2129 3269 2078 2078 2078 2065 2065 2053 2040 2040 2028 2028 2028
    2016 2016 2016 2016 2016 2028 2028 2053 2065 2065 2078 2078 2090
    2090 2103 2116 2116 2116 2129 2129 2129 2129 3269 2078 2078 2078
    2065 2065 2053 2040 2040 2028 2028 2028 2016 2016 2016 2016 2016
    2028 2028 2040 2053 2065 2065 2078 2078 2090 2103 2103 2116 2116
    2116 2129 2129 2129 3269 2078 2065 2065 2065 2065 2053 2040 2040
    2028 2028 2028 2016 2016 2016 2016 2016 2028 2028 2040 2053 2065
    2065 2078 2078 2090 2103 2103 2116 2116 2116 2116 2116 4463 3269
    2078 2065 2065 2065 2065 2053 2040 2028 2028 2016 2016 2016 2016
    2016 2016 2016 2028 2028 2040 2053 2065 2065 2078 2078 2090 2103
    2103 2103 2116 2116 2116 2116 4463 2065 2065 2065 2065 2065 2053
    2053 2040 2028 2028 2016 2016 2016 2016 2028 2028 2028 2028 2028
    2040 2053 2065 2065 2078 2078 2090 2090 2103 2103 2116 2116 2116
    2116 4463 2065 2065 2065 2065 2053 2053 2040 2040 2028 2028 2016
    2016 2016 2016 2016 2016 2028 2028 2028 2040 2053 2065 2065 2078
    2078 2078 2090 2103 2116 2116 2116 2116 2116 2116 2065 2065 2065
    2065 2053 2053 2040 2040 2028 2028 2016 2016 2005 2005 2016 2016
    2016 2028 2028 2040 2053 2065 2065 2065 2078 2078 2090 2103 2116
    2116 2116 2116 2116 2116 2065 2065 2065 2065 2053 2053 2040 2028
    2028 2028 2016 2016 2005 2005 2016 2016 2016 2016 2028 2040 2053
    2065 2065 2065 2065 2078 2090 2103 2116 2116 2116 2116 2116 2116
    2065 2065 2065 2065 2065 2053 2040 2028 2028 2016 2016 2005 2005
    2005 2016 2016 2016 2016 2028 2040 2053 2065 2065 2065 2065 2078
    2090 2103 2116 2116 2116 2116 2116 2116 3300 2078 2065 2065 2065
    2053 2040 2028 2028 2016 2016 2005 2005 2005 2016 2016 2016 2016
    2028 2040 2040 2053 2065 2065 2065 2078 2078 2090 2116 2116 2116
    2116 2116 2129 3269 2065 2065 2065 2053 2040 2040 2028 2028 2016
    2016 1993 1993 2005 2016 2016 2016 2016 2028 2028 2040 2053 2065
    2065 2065 2078 2078 2090 2116 2116 2116 2116 2116 2129 2053 2053
    2053 2053 2053 2040 2040 2028 2028 2016 2016 1993 1993 2005 2005
    2016 2016 2016 2016 2028 2028 2053 2053 2065 2065 2078 2078 2090
    2116 2116 2116 2116 2116 2129 2040 2040 2053 2053 2053 2040 2028
    2028 2016 2016 2016 2005 2005 2005 2005 2016 2016 2016 2016 2028
