<?xml version="1.0"?>
<opencv_storage>
<Depth8141 type_id="opencv-matrix">
  <rows>7</rows>
  <cols>17</cols>
  <dt>w</dt>
  <data>
    4983 4983 4983 4983 4983 4983 4911 4911 4911 4911 4911 4911 4842
    4842 4774 4774 4774 4983 4983 4983 4983 4983 4983 4911 4911 4911
    4911 4911 4911 4842 4842 4774 4774 4774 4983 4983 4983 4983 4983
    4983 4911 4911 4911 4911 4911 4911 4911 4842 4774 4774 4774 5056
    4983 4983 4911 4911 4911 4983 4983 4911 4911 4911 4911 4911 4842
    4774 4774 4911 4983 4911 4842 4774 4774 4774 4983 4842 4842 4911
    4911 4911 4911 4911 4842 4842 4842 4983 4911 4774 4774 4774 4774 0
    4842 4842 4774 4774 4774 4842 4842 4774 4774 4774 0 0 4774 4774 0 0
    0 0 0 4774 4774 4774 4774 4774 4774 4774 4774</data></Depth8141>
</opencv_storage>
