<?xml version="1.0"?>
<opencv_storage>
<Depth11463 type_id="opencv-matrix">
  <rows>129</rows>
  <cols>66</cols>
  <dt>w</dt>
  <data>
    4774 4842 4911 4911 4911 1031 1031 1028 1028 1028 1028 1080 1080
    1080 1077 1077 1077 4708 4708 4708 4708 4708 4708 1070 1070 1073
    1077 1090 1090 1094 1094 1090 1090 1084 1084 1073 1070 1070 1067
    1067 1070 1067 1067 1057 1057 0 0 0 0 0 1054 1050 1050 1054 1054
    1050 1050 8849 8849 1038 1038 1034 1034 0 0 0 4911 4983 4983 4983
    1031 1031 1031 1028 1028 1028 1028 1077 1077 1077 1077 1073 1070
    1070 1070 1080 1077 1070 1070 1070 1070 1073 1073 1090 1070 1070
    1070 1070 1070 1070 1073 1073 1070 1070 1067 1067 1063 1060 1057
    1054 1054 1054 0 1057 1057 1054 1054 1050 1050 1050 1050 1047 1047
    1047 1047 1047 1034 1031 1031 0 0 0 0 0 1031 1031 1031 1031 1031
    1031 1028 1028 1038 1057 1057 1067 1067 1067 1063 1063 1063 1063
    1067 1067 1067 1067 1067 1067 1060 1054 1054 1060 1070 1057 1047
    1047 1070 1070 1070 1060 1060 1067 1063 1060 1054 1054 1050 1047
    1047 1050 1054 1054 1050 1050 1050 1050 1050 1047 1044 1044 1041
    1038 1034 1031 1031 0 0 0 0 0 1028 1031 1031 1028 1028 1028 1028
    1031 1034 1047 1057 1060 1060 1063 1063 1063 1063 1063 1067 1067
    1067 1007 1001 1001 1060 1041 1041 1060 1060 1057 1041 1041 1041
    1041 1041 1041 1041 1070 1054 1054 1054 1054 1050 1047 1044 1044
    1044 1050 1050 1044 1038 1038 1044 1044 1044 1044 1038 1034 1034
    1034 0 0 0 0 0 0 0 1028 1028 1025 1025 1022 1019 1016 1016 1019 1019
    1019 1019 1019 1019 1022 1022 1054 1019 1019 1013 1007 1001 998 998
    1038 1038 1038 1007 1007 1007 1019 1019 1041 998 998 992 992 992 995
    995 995 995 995 995 995 995 995 1044 1041 1034 1034 1038 1044 1044
    1041 1034 1034 1034 1034 0 0 0 0 0 1025 1025 1025 1022 1022 1022
    1019 1016 1016 1016 1016 1016 1016 1016 1016 1016 1016 1016 1016
    1013 1010 1010 1007 1001 998 998 1038 1001 998 998 1001 1001 998 995
    995 995 995 992 992 992 992 992 995 995 995 995 989 989 987 987 987
    987 1031 1038 1044 1047 973 970 967 967 1034 0 0 0 0 0 1025 1025
    1025 1022 1022 1019 1016 1016 1013 1013 1016 1016 1016 1016 1013
    1013 1013 1013 1013 1010 1007 1007 1004 1001 998 998 998 998 998 998
    998 998 995 995 995 995 995 992 989 989 989 989 992 989 987 984 984
    984 984 984 984 981 981 984 978 978 973 970 967 967 964 964 964 962
    962 0 1025 1025 1025 1022 1022 1019 1016 1016 1013 1013 1016 1016
    1013 1013 1013 1013 1010 1010 1007 1007 1004 1004 1001 1001 998 998
    998 998 998 998 995 995 995 992 992 992 989 989 987 987 987 987 987
    984 984 984 981 981 984 981 981 981 978 978 975 975 975 973 970 967
    964 964 964 962 962 0 1025 1025 1025 1025 1022 1022 1016 1016 1013
    1013 1016 1016 1013 1013 1013 1013 1010 1010 1007 1007 1004 1004
    1001 1001 998 998 998 998 998 998 995 995 995 992 992 992 989 989
    987 987 984 984 984 981 981 981 981 981 981 981 978 978 975 975 973
    973 973 970 970 967 964 964 964 964 964 0 1028 1028 1025 1025 1022
    1022 1016 1016 1016 1016 1016 1016 1016 1016 1013 1013 1013 1010
    1010 1007 1007 1004 1004 1004 1001 998 998 1001 998 998 995 995 995
    992 992 992 989 987 987 987 984 984 984 981 981 981 981 981 981 981
    978 978 975 975 973 973 973 970 970 967 964 964 964 964 964 0 1028
    1028 1028 1025 1025 1022 1019 1019 1019 1019 1019 1019 1016 1016
    1016 1016 1016 1013 1010 1007 1007 1007 1004 1004 1001 1001 1001
    1001 1001 998 995 995 995 995 992 992 989 987 987 987 987 984 984
    981 981 981 981 981 984 981 981 981 975 975 973 973 973 973 970 970
    964 964 964 964 964 1031 1028 1028 1028 1025 1025 1025 1022 1022
    1022 1022 1019 1019 1019 1016 1016 1016 1016 1013 1013 1010 1007
    1007 1007 1007 1004 1001 1001 1001 1001 998 995 995 995 995 995 992
    989 987 987 987 987 984 984 984 984 984 981 981 984 981 981 981 975
    975 973 973 973 973 973 970 967 964 964 962 962 1031 1028 1028 1028
    1025 1025 1025 1025 1025 1022 1022 1022 1019 1019 1019 1016 1016
    1016 1016 1013 1013 1007 1007 1007 1004 1004 1004 1004 1004 1004
    1001 998 995 995 995 995 992 992 989 989 989 987 984 984 984 984 984
    984 984 984 984 981 981 978 975 973 973 973 973 973 973 970 967 964
    962 962 1031 1031 1028 1028 1025 1025 1025 1025 1025 1022 1022 1022
    1019 1019 1019 1016 1016 1016 1016 1013 1013 1010 1007 1007 1004
    1004 1004 1004 1004 1004 1004 1001 998 995 995 995 995 992 992 992
    989 989 987 984 984 984 984 984 984 984 984 984 981 978 975 975 973
    973 973 973 973 970 967 964 964 962 1034 1031 1028 1028 1028 1025
    1025 1025 1025 1022 1022 1022 1019 1019 1019 1019 1019 1016 1016
    1016 1013 1010 1007 1007 1007 1004 1004 1004 1004 1004 1004 1001 998
    995 995 995 995 992 992 992 992 989 989 987 984 984 984 984 984 984
    984 984 981 981 975 975 975 973 973 973 973 970 967 964 964 962 0
    1031 1028 1028 1028 1028 1025 1025 1025 1022 1022 1022 1022 1019
    1019 1019 1019 1016 1016 1016 1016 1013 1010 1007 1007 1007 1007
    1007 1007 1004 1004 1001 1001 998 998 995 995 995 995 995 995 992
    989 987 987 984 984 984 984 987 984 984 984 981 975 975 975 975 975
    973 973 973 970 967 967 964 0 1034 1031 1031 1028 1028 1025 1025
    1025 1025 1025 1025 1022 1019 1019 1019 1019 1019 1016 1016 1016
    1013 1010 1010 1010 1010 1007 1007 1007 1004 1004 1001 1001 998 998
    998 995 995 995 995 995 992 992 989 987 987 984 984 984 987 987 987
    984 984 978 975 975 975 975 973 973 973 970 970 967 964 0 0 1031
    1031 1031 1028 1028 1025 1025 1025 1025 1025 1022 1019 1019 1019
    1019 1019 1016 1016 1016 1016 1013 1010 1010 1010 1010 1007 1007
    1007 1004 1004 1001 1001 1001 1001 1001 998 995 995 995 992 992 992
    989 987 987 984 984 987 987 987 984 984 978 978 978 978 975 975 973
    973 970 970 967 964 0 1038 1031 1031 1031 1028 1025 1025 1025 1025
    1025 1025 1022 1022 1019 1019 1019 1019 1016 1016 1016 1016 1016
    1013 1013 1013 1010 1010 1007 1007 1004 1004 1004 1004 1001 1001
    1001 998 998 998 995 995 992 992 992 989 989 987 987 989 987 987 984
    984 981 981 978 978 975 975 975 975 973 973 973 970 0 1038 1034 1034
    1031 1028 1025 1025 1025 1025 1025 1025 1025 1022 1022 1019 1019
    1019 1019 1016 1016 1016 1016 1016 1013 1013 1010 1010 1007 1007
    1004 1004 1004 1004 1004 1004 1001 1001 1001 998 995 995 995 992 992
    989 989 987 987 989 989 987 987 984 984 984 981 978 978 975 975 975
    975 973 973 973 0 1038 1034 1034 1031 1028 1028 1028 1028 1025 1025
    1028 1025 1025 1022 1022 1019 1019 1019 1016 1016 1016 1016 1016
    1013 1013 1010 1010 1007 1007 1007 1004 1004 1004 1004 1004 1004
    1001 1001 998 998 995 995 992 992 992 989 989 989 992 989 989 987
    984 984 984 984 981 978 975 975 975 975 975 975 975 0 1038 1034 1034
    1034 1028 1028 1028 1028 1025 1025 1028 1025 1025 1025 1025 1022
    1022 1022 1019 1016 1016 1016 1016 1013 1013 1013 1010 1007 1007
    1007 1004 1004 1004 1004 1004 1004 1001 1001 998 998 995 995 995 992
    992 992 989 989 992 989 989 987 984 984 984 984 981 978 975 975 975
    975 975 975 978 0 1038 1038 1038 1034 1034 1028 1028 1028 1028 1028
    1028 1028 1028 1025 1025 1025 1025 1025 1019 1019 1016 1016 1016
    1016 1016 1013 1010 1010 1010 1007 1007 1004 1004 1004 1004 1004
    1004 1001 998 998 998 995 995 992 992 992 989 989 992 992 989 989
    984 984 984 984 981 978 975 975 975 975 975 975 978 0 1038 1038 1038
    1038 1038 1028 1028 1028 1028 1028 1031 1028 1028 1025 1025 1025
    1025 1025 1019 1019 1016 1016 1016 1016 1016 1013 1013 1010 1010
    1010 1007 1007 1004 1004 1004 1004 1004 1001 998 998 998 995 995 992
    992 992 992 992 995 992 992 989 987 984 984 984 981 978 975 975 975
    975 975 978 978 0 1041 1041 1041 1038 1038 1028 1028 1031 1028 1028
    1031 1028 1028 1025 1025 1025 1025 1025 1019 1019 1019 1016 1016
    1016 1016 1013 1013 1013 1010 1010 1007 1007 1007 1007 1004 1004
    1004 1001 1001 1001 998 995 995 992 992 992 992 992 995 992 992 989
