<?xml version="1.0"?>
<opencv_storage>
<Depth0842 type_id="opencv-matrix">
  <rows>26</rows>
  <cols>37</cols>
  <dt>w</dt>
  <data>
    4405 2812 2789 2767 2767 2767 2767 2789 2789 2789 2789 2789 2789
    2789 2789 2789 2789 4241 4241 4241 4295 4295 2744 2744 4241 4241
    4349 4349 4295 4295 4295 4295 4295 4295 4295 4295 4241 4405 2812
    2789 2789 2767 2767 2767 2767 2767 2789 2789 2789 2767 2767 2767
    2767 2767 2767 2767 2744 2744 2744 2744 2744 2744 4405 4295 4295
    4241 4241 4241 4241 4241 4295 4349 4349 4295 4405 2789 2789 2789
    2767 2767 2767 2767 2767 2789 2767 2767 2767 2767 2767 2767 2767
    2767 2767 2744 2744 2744 2744 2744 2744 2744 2744 2744 2744 2744
    2744 2744 2744 2744 2744 2744 4295 4405 2789 2789 2789 2767 2767
    2767 2767 2767 2789 2767 2767 2767 2744 2744 2744 2744 2767 2767
    2744 2744 2744 2744 2744 2744 2744 2744 2744 2744 2744 2744 2744
    2744 2744 2744 2744 4349 2744 2744 2789 2789 2767 2767 2767 2767
    2767 2789 2767 2767 2744 2744 2744 2744 2744 2767 2767 2767 2767
    2767 2744 2744 2744 2744 2744 2744 2744 2744 2744 2744 2744 2744
    2744 2723 2723 2744 2744 2789 2789 2789 2789 2789 2789 2789 2767
    2767 2744 2744 2744 2744 2744 2744 2744 2767 2767 2767 2744 2744
    2744 2744 2744 2744 2744 2744 2744 2744 2744 2744 2744 2744 2723
    2723 2767 2767 2789 2789 2789 2789 2789 2789 2767 2767 2767 2744
    2744 2744 2744 2744 2744 2744 2744 2767 2767 2744 2744 2744 2744
    2744 2744 2767 2767 2767 2744 2744 2744 2744 2744 2723 2723 2767
    2767 2789 2789 2812 2789 2789 2789 2767 2767 2767 2744 2744 2744
    2744 2744 2744 2744 2744 2744 2744 2744 2744 2744 2744 2744 2767
    2744 2744 2767 2744 2744 2744 2744 2744 2744 4349 2767 2767 2767
    2789 2789 2789 2789 2789 2767 2767 2767 2767 2767 2767 2767 2744
    2744 2744 2744 2744 2744 2744 2744 2744 2744 2744 2744 2744 2744
    2744 2744 2744 2744 2744 2744 2744 4349 2744 2744 2744 2767 2789
    2789 2767 2767 2744 2744 2767 2767 2767 2767 2767 2744 2744 2744
    2744 2744 2744 2744 2744 2744 2744 2744 2744 2744 2744 2744 2744
    2744 2744 2744 2744 2744 2789 2744 2744 2744 2744 2767 2789 2767
    2744 2744 2744 2767 2767 2767 2744 2744 2744 2744 2744 2744 2744
    2744 2744 2744 2744 2744 2744 2744 2744 2744 2744 2744 2744 2723
    2723 2744 2744 2767 2767 2767 2744 2744 2767 2767 2767 2744 2744
    2744 2744 2744 2767 2744 2744 2744 2744 2744 2744 2744 2744 2744
    2744 2744 2744 2744 2744 2744 2744 2744 2744 2744 2723 2723 2723
    2744 2744 2767 2767 2767 2767 2767 2767 2767 2744 2744 2744 2744
    2744 2767 2767 2744 2744 2744 2744 2744 2744 2744 2744 2744 2744
    2744 2744 2744 2744 2744 2744 2744 2744 2723 2723 2723 2744 2744
    2789 2789 2789 2767 2767 2767 2767 2767 2744 2744 2744 2767 2767
    2767 2767 2744 2744 2744 2744 2744 2767 2744 2744 2744 2744 2744
    2767 2767 2767 2744 2744 2744 2723 2723 2723 2744 2744 2767 2767
    2789 2767 2767 2767 2767 2767 2767 2744 2744 2767 2767 2744 2744
    2744 2744 2744 2767 2767 2767 2744 2744 2744 2744 2744 2767 2767
    2767 2744 2744 2744 2744 2723 2723 2744 2744 2767 2767 2789 2767
    2767 2789 2767 2767 2767 2744 2744 2767 2744 2744 2744 2744 2744
    2767 2767 2767 2767 2767 2744 2744 2744 2744 2767 2744 2744 2744
    2744 2744 2744 2723 2723 2744 2744 2767 2767 2789 2789 2789 2789
    2767 2767 2767 2767 2767 2767 2744 2744 2744 2744 2744 2767 2767
    2767 2744 2744 2744 2744 2744 2767 2744 2744 2744 2744 2744 2744
    2744 2744 2744 2744 2744 2767 2767 2789 2789 2789 2789 2789 2789
    2767 2767 2767 2767 2744 2744 2744 2744 2744 2767 2767 2744 2744
    2744 2744 2744 2744 2744 2744 2744 2744 2744 2744 2744 2744 2744
    2744 2744 2744 2767 2789 2789 2789 2789 2789 2789 2789 2767 2767
    2767 2767 2744 2744 2744 2767 2767 2767 2767 2744 2744 2744 2744
    2744 2767 2744 2744 2744 2744 2744 2744 2744 2744 2744 2767 2789
    4463 2767 2767 2789 2789 2789 2789 2789 2789 2767 2767 2767 2767
    2767 2767 2767 2767 2767 2767 2744 2744 2767 2767 2744 2744 2744
    2767 2744 2744 2744 2744 2744 2744 2744 2744 2767 2789 4405 2767
    2767 2789 2789 2789 2789 2789 2789 2789 2767 2767 2767 2767 2767
    2767 2767 2767 2767 2744 2744 2767 2767 2744 2744 2744 2744 2744
    2744 2744 2744 2744 2744 2744 2744 2744 4405 4405 2789 2789 2789
    2789 2767 2767 2767 2767 2767 2767 2767 2767 2767 2789 2767 2767
    2767 2767 2767 2767 2767 2767 2767 2767 2767 2744 2744 2744 2744
    2744 2744 2744 2744 2744 2744 4405 4405 2789 2789 2789 2789 2767
    2767 2767 2767 2767 2767 2767 2767 2767 2767 2767 2767 2767 2767
    2767 2767 2767 2767 2767 2767 2767 2767 2744 2744 2744 2767 2767
    2767 2744 2744 2744 4405 4405 4522 4582 4582 2789 2767 2767 2812
    2789 2789 2789 2744 2744 2744 2744 2767 2767 2767 2767 2767 2744
    2744 2744 2767 2767 2767 2767 2744 2744 2744 2789 2789 2767 2744
    2744 4463 4463 4463 4522 4582 4582 4522 4522 4522 4522 4582 4522
    4522 2744 2744 2744 2744 2767 2789 2789 2767 2744 2723 2723 2744
    2767 2767 2767 2767 2767 2767 2767 2789 2789 2789 2744 2744 4522
    4463 4463 4582 4582 4582 4582 4522 4522 4582 4582 4582 4582 4582
    4582 4582 4463 4463 4463 4463 4463 2744 2723 2723 2744 2767 2767
    2767 2767 2767 2767 2767 2789 2789 2789 2723 2723 4522 4522 4522</data></Depth0842>
</opencv_storage>
