<?xml version="1.0"?>
<opencv_storage>
<Depth15903 type_id="opencv-matrix">
  <rows>7</rows>
  <cols>30</cols>
  <dt>w</dt>
  <data>
    5640 5548 5548 5460 5460 5548 5460 5460 5548 5460 5460 5548 5548
    5548 5640 5548 5460 5460 5460 5460 5548 5548 5548 5548 5548 5548
    5548 5548 5548 5548 5734 5640 5640 5548 5548 5548 5548 5548 5640
    5640 5640 5640 5640 5640 5640 5548 5548 5548 5548 5548 5548 5548
    5548 5548 5548 5548 5548 5460 5460 5460 5734 5734 5734 5640 5640
    5548 5548 5548 5640 5640 5640 5640 5640 5640 5640 5548 5548 5548
    5548 5548 5548 5548 5548 5548 5548 5548 5548 5460 5460 5374 5734
    5734 5734 5640 5548 5460 5460 5460 5548 5548 5640 5640 5640 5640
    5640 5640 5640 5640 5548 5548 5548 5548 5548 5548 5548 5548 5548
    5460 5460 5374 5734 5734 5734 5734 5548 5460 5374 5374 5374 5548
    5640 5640 5640 5640 5640 5640 5640 5640 5640 5640 5548 5548 5548
    5548 5548 5548 5460 5460 5460 5460 5734 5734 5734 5734 5548 5460
    5374 5374 5374 0 0 0 5640 5640 5640 5832 5640 5640 5640 5640 5640
    5640 5640 5548 5548 5548 5460 5460 5548 5460 0 0 0 0 0 0 0 0 0 0 0 0
    0 0 0 5933 5933 0 0 5640 5640 5640 5640 5548 5548 5548 5460 5460
    5548 5548</data></Depth15903>
</opencv_storage>
