<?xml version="1.0"?>
<opencv_storage>
<Depth18315 type_id="opencv-matrix">
  <rows>23</rows>
  <cols>53</cols>
  <dt>w</dt>
  <data>
    4241 4241 4241 4241 4241 4241 4241 4241 4241 4190 4190 4190 4190
    4190 4241 4190 4190 4139 4139 4139 4139 4139 4139 4190 4190 4190
    4190 4139 4139 4190 4190 4241 4241 4241 4190 4190 4190 4190 4190
    4190 3178 3178 4190 3120 3120 3149 3178 3208 3092 3092 3120 3120
    3120 4241 4241 4241 4295 4241 4241 4241 4241 4241 4190 4190 4190
    4190 4190 4241 4190 4190 4190 4190 4190 4190 4139 4139 4190 4190
    4190 4190 4139 4139 4190 4241 4241 4241 4241 4190 4190 4190 4190
    4190 3120 3120 3120 3120 3120 3120 3149 3149 3120 3092 3092 3092
    3120 3120 4295 4295 4295 4295 4295 4295 4241 4241 4241 4241 4241
    4241 4241 4241 4241 4190 4190 4190 4241 4241 4241 4190 4190 4190
    4190 4190 4190 4190 4190 3120 3120 3149 3149 3149 3149 3178 3208
    4139 3178 3120 3120 3120 3120 3120 3120 3120 3120 3120 3092 3092
    3092 3092 3092 4295 4295 4295 4295 4295 4295 4241 4241 4241 4241
    4241 4241 4241 4241 4241 4241 4241 4241 4241 4241 4241 4190 4190
    4190 4190 4190 4190 4190 3092 3092 3120 3149 3149 3149 3149 3178
    3149 3149 3120 3120 3120 3149 3120 3120 3120 3120 3120 3120 3092
    3092 3120 3092 3092 4295 4295 4295 4295 4295 4295 4241 4241 4295
    4295 4295 4295 4241 4241 4241 4241 4241 4241 4241 4241 4241 4190
    4190 4190 4190 4190 4241 3120 3092 3092 3120 3149 3149 3149 3149
    3149 3149 3149 3120 3120 3120 3120 3120 3092 3092 3092 3120 3120
    3120 3120 3120 3120 3120 4295 4295 4295 4295 4295 4295 4295 4295
    4295 4295 4295 4295 4241 4241 4241 4241 4241 4241 4241 4190 4190
    3208 3178 3149 3149 3149 3178 3120 3092 3092 3120 3120 3149 3149
    3149 3149 3149 3149 3120 3120 3120 3120 3120 3092 3092 3092 3092
    3120 3120 3120 3120 3120 3120 4295 4295 4295 4295 4295 4295 4295
    4295 4295 4295 4295 4241 4241 4241 4295 3208 3178 3178 3208 3208
    3238 3208 3178 3149 3149 3149 3120 3120 3092 3092 3120 3120 3120
    3149 3149 3149 3149 3149 3120 3120 3120 3120 3120 3120 3120 3092
    3092 3120 3120 3120 3120 3120 3120 4295 4295 4295 4295 4295 4295
    4295 4295 4295 4295 4295 4241 3178 3178 3178 3208 3178 3178 3178
    3178 3178 3178 3149 3149 3149 3149 3120 3120 3092 3092 3120 3120
    3120 3149 3149 3149 3149 3149 3120 3120 3120 3120 3120 3120 3120
    3120 3120 3120 3120 3120 3120 3120 3120 4349 4295 4295 4295 4295
    4295 4295 4295 4241 3208 3208 3178 3178 3178 3178 3178 3178 3178
    3178 3149 3149 3149 3149 3149 3149 3149 3120 3120 3120 3120 3149
    3149 3149 3149 3149 3149 3149 3149 3149 3120 3120 3120 3120 3120
    3120 3120 3120 3120 3120 3120 3120 3120 3120 4349 3238 3238 4349
    4295 4295 4295 4295 3178 3178 3178 3178 3178 3149 3149 3178 3178
    3149 3149 3149 3149 3149 3149 3120 3120 3120 3120 3120 3149 3149
    3149 3149 3149 3149 3149 3120 3120 3120 3120 3120 3120 3120 3120
    3120 3120 3120 3120 3120 3120 3120 3120 3120 3120 3238 3208 3208
    3238 3208 3208 3178 3178 3178 3178 3178 3178 3178 3149 3149 3178
    3178 3149 3149 3149 3149 3149 3149 3120 3120 3120 3120 3120 3149
    3178 3178 3149 3149 3120 3120 3120 3120 3120 3092 3092 3092 3092
    3120 3120 3120 3120 3120 3149 3149 3120 3120 0 0 3208 3208 3208 3208
    3208 3208 3178 3178 3149 3149 3178 3178 3178 3149 3149 3178 3178
    3178 3178 3149 3149 3149 3149 3149 3149 3149 3149 3149 3149 3178
    3178 3178 3149 3120 3120 3120 3120 3120 3092 3092 3092 3092 3120
    3120 3120 3092 3092 3149 3149 0 0 0 0 3208 3208 3208 3208 3178 3178
    3178 3178 3149 3149 3178 3178 3178 3178 3149 3149 3178 3178 3178
    3149 3149 3120 3120 3120 3120 3120 3149 3149 3149 3178 3178 3178
    3149 3149 3120 3120 3120 3120 3120 3120 3092 3092 3120 3120 3092
    3064 3064 3064 0 0 0 0 0 3178 3178 3208 3208 3178 3178 3178 3178
    3149 3149 3178 3178 3178 3149 3149 3149 3149 3149 3149 3149 3149
    3120 3120 3120 3120 3120 3149 3149 3149 3149 3149 3149 3149 3120
    3120 3120 3120 3120 3120 3092 3092 3092 0 0 3092 3064 3064 3064 0 0
    0 0 0 3178 3178 3208 3208 3178 3178 3178 3178 3178 3178 3178 3178
    3178 3149 3149 3149 3149 3149 3120 3120 3120 3092 3092 3092 3120
    3149 3149 3120 3120 3149 3149 3149 3120 3092 3092 3120 3120 3120
    3120 3092 3092 3092 0 0 0 0 0 0 0 0 0 0 0 3208 3208 3208 3208 3178
    3178 3178 3178 3178 3178 3178 3149 3149 3120 3120 3120 3120 3120
    3120 3120 3120 3092 3092 3092 3120 3149 3149 3120 3120 3149 3149
    3149 3120 3064 3064 3120 3149 3178 0 0 0 0 0 0 0 0 0 0 0 0 0 0 0
    3208 3208 3208 3208 3178 3178 3178 3178 3178 3178 3178 3149 3149
    3120 3120 3120 3120 3120 3092 3092 3092 3092 3120 3120 3120 3149
    3120 3120 3120 3149 3149 3149 3149 3064 3064 0 0 0 0 0 0 0 0 0 0 0 0
    0 0 0 0 0 0 3208 3208 3208 3208 3178 3178 3178 3178 3178 3178 3178
    3178 3149 3092 3092 3120 3120 3120 3092 3092 3092 3092 3092 3092
    3092 3092 3092 3120 0 0 0 0 0 0 0 0 0 0 0 0 0 0 0 0 0 0 0 0 0 0 0 0
    0 3208 3208 3178 3178 3178 3178 3208 3208 3208 3208 3208 3149 3149
    3092 3092 3120 3120 3149 3149 3092 3092 3092 3092 3092 3092 3064
    3064 0 0 0 0 0 0 0 0 0 0 0 0 0 0 0 0 0 0 0 0 0 0 0 0 0 0 3208 3208
    3178 3178 3178 3178 3208 3208 3208 3208 3208 3149 3149 3092 3092
    3120 3120 0 0 0 0 0 0 0 3092 3064 3064 0 0 0 0 0 0 0 0 0 0 0 0 0 0 0
    0 0 0 0 0 0 0 0 0 0 0 0 3208 3178 3178 3178 3178 3208 3208 3208 3208
    3208 3208 3208 0 0 0 0 0 0 0 0 0 0 0 0 0 0 0 0 0 0 0 0 0 0 0 0 0 0 0
    0 0 0 0 0 0 0 0 0 0 0 0 0 0 3208 3208 3208 3208 3178 3178 3178 3208
    3208 3208 3238 0 0 0 0 0 0 0 0 0 0 0 0 0 0 0 0 0 0 0 0 0 0 0 0 0 0 0
    0 0 0 0 0 0 0 0 0 0 0 0 0 0 0 0 3208 3208 3208 3178 3178 3178 0 0 0
    0 0 0 0 0 0 0 0 0 0 0 0 0 0 0 0 0 0 0 0 0 0 0 0 0 0 0 0 0 0 0 0 0 0
    0 0 0 0 0 0 0 0</data></Depth18315>
</opencv_storage>
