<?xml version="1.0"?>
<opencv_storage>
<Depth0580 type_id="opencv-matrix">
  <rows>24</rows>
  <cols>20</cols>
  <dt>w</dt>
  <data>
    3948 3948 3859 3859 3859 3859 3859 3816 3816 3816 6753 6753 6753
    6753 6753 6753 6753 6753 6753 6889 3948 3903 3859 3859 3859 3859
    3859 3859 3816 3816 6753 6753 6753 6753 6753 6753 6753 6753 6753
    6889 3903 3859 3859 3859 3859 3859 3859 3859 3816 3816 3859 6622
    6753 6753 6753 6753 6753 6753 6753 6889 3903 3859 3859 3859 3859
    3859 3859 3859 3859 3859 3859 6622 6753 6753 6753 6753 6753 6753
    6889 6889 3948 3859 3859 3859 3859 3859 3859 3859 3859 3859 3816
    3816 6622 6753 6753 6753 6753 6753 6889 6889 3948 3859 3859 3859
    3859 3859 3859 3859 3859 3859 3816 3816 6622 6753 6753 6753 6753
    6753 6889 6889 3948 3903 3903 3948 3903 3903 3859 3859 3859 3859
    3859 3859 6753 6753 6753 6753 6753 6753 6889 6889 3994 3948 3948
    3948 3948 3948 3903 3903 3903 3859 3859 3859 3859 6622 6622 6622
    6622 6753 6753 6753 3994 3994 3948 3948 3948 3948 3948 3903 3903
    3903 3903 3859 3859 3859 6622 6622 6622 6753 6753 6753 3994 3994
    3994 3994 3948 3948 3948 3948 3903 3903 3903 3903 3859 3859 6622
    6622 6622 6753 6753 6753 3994 3994 3994 3994 3948 3948 3948 3948
    3903 3903 3903 3903 3903 3903 4041 6622 6622 6753 6753 6753 4041
    4041 4041 3994 3994 3948 3948 3903 3859 3859 3903 3948 3948 3948
    3994 3994 6622 6753 6753 6753 6259 4041 4041 4041 3994 3948 3948
    3903 3859 3859 3903 3948 3948 3948 3994 3994 4089 6753 6753 6753
    6259 6259 4041 4041 3994 3948 3948 3903 3903 3903 3948 3948 3948
    3948 3994 3994 3994 6753 6753 6753 6259 6259 6375 4089 4041 3994
    3994 3948 3903 3903 3948 3948 3948 3948 3948 3948 3994 4041 6753
    6753 6375 6497 6497 6375 4089 4041 3994 3948 3948 3903 3903 3903
    3948 3948 3948 3948 3948 3994 3994 6753 6497 6497 6497 6375 6375
    4089 4041 3948 3948 3903 3903 3903 3948 3948 3948 3948 3948 3948
    3948 3948 6497 6497 6497 6497 6497 4089 4041 3948 3948 3948 3903
    3903 3948 3948 3948 3948 3948 3948 3948 3948 6497 6497 6497 6497
    6497 4089 4041 3948 3948 3948 3903 3903 3948 3948 3948 3948 3948
    3948 3948 3948 6375 6497 6497 6497 6497 6497 6497 3994 3994 3948
    3948 3948 3948 3948 3948 3948 3948 3948 3948 3948 6375 6375 6497
    6497 6497 6497 6497 4041 3994 3948 3948 3948 3948 3948 3948 3948
    3948 3948 3903 3903 6375 6375 6497 6497 6497 6497 6375 4041 4041
    3994 3994 3948 3948 3948 3948 3948 3948 3948 3903 3903 6375 6375
    6497 6497 6497 6497 6375 4041 4041 3994 3994 3994 3994 3994 3948
    3948 3948 3948 6889 6889 6375 6497 6497 6622 6622 6622 6497 6497
    6497 3994 3994 3994 3994 3994 3994 3994 3994 6889 6889 6889</data></Depth0580>
</opencv_storage>
