<?xml version="1.0"?>
<opencv_storage>
<Depth17400 type_id="opencv-matrix">
  <rows>72</rows>
  <cols>95</cols>
  <dt>w</dt>
  <data>
    3120 3120 3120 3120 3120 3120 3092 3092 3092 3092 3064 3037 3037
    3010 3010 3010 3010 3010 1145 1138 1134 1126 1123 1123 1123 1123
    1119 1119 1119 1123 1123 1123 1123 1123 1123 1123 1130 1130 1130
    1130 1130 1134 1134 1134 1134 1134 1138 1138 1138 1138 1138 1141
    1141 1141 0 0 2744 2744 2723 2723 2723 2723 2701 2701 2680 2680 2680
    2680 2659 2659 2659 2659 2659 2639 2639 2639 2618 2618 2618 2598
    2598 2598 2598 2598 2598 2598 2598 2598 2579 2579 2579 2579 2579
    2560 2560 3120 3120 3120 3120 3120 3120 3120 3120 3092 3092 3064
    3037 3037 3010 3010 3010 3010 3010 1145 1141 1134 1130 1126 1123
    1123 1123 1119 1119 1119 1119 1123 1123 1123 1123 1123 1123 1126
    1130 1130 1130 1130 1134 1134 1134 1134 1134 1134 1138 1138 1138
    1138 1141 1141 1141 1145 1145 2744 2744 2744 2723 2723 2723 2701
    2701 2680 2680 2680 2680 2680 2659 2659 2659 2659 2639 2639 2639
    2618 2618 2618 2618 2598 2598 2598 2598 2598 2598 2598 2598 2579
    2579 2579 2579 2579 2579 2560 3120 3120 3120 3120 3120 3120 3120
    3120 3120 3092 3064 3037 3037 3010 2984 2984 2984 1157 1153 1149
    1138 1134 1134 1123 1123 1123 1119 1119 1119 1119 1119 1119 1123
    1123 1123 1123 1123 1126 1130 1130 1130 1134 1134 1134 1134 1134
    1134 1134 1138 1138 1138 1138 1141 1141 1141 1141 1141 1141 2744
    2744 2723 2723 2723 2701 2701 2701 2701 2701 2701 2680 2680 2659
    2659 2659 2639 2639 2639 2618 2618 2618 2598 2598 2598 2598 2598
    2598 2598 2598 2598 2579 2579 2579 2579 2579 2560 3120 3120 3120
    3120 3120 3120 3120 3120 3120 3092 3092 3064 3037 3010 2984 2984
    1177 1157 1153 1153 1141 1141 1138 1134 1130 1123 1123 1119 1119
    1119 1119 1119 1119 1123 1123 1123 1123 1123 1123 1126 1126 1134
    1134 1134 1134 1134 1134 1134 1138 1138 1138 1138 1138 1138 1141
    1141 1141 1141 1141 2744 2744 2723 2723 2701 2701 2701 2723 2701
    2701 2680 2680 2659 2659 2659 2639 2639 2639 2618 2618 2618 2598
    2598 2598 2598 2598 2598 2598 2598 2598 2579 2579 2579 2579 2579
    2579 3149 3149 3149 3120 3120 3120 3120 3120 3120 3092 3092 3064
    3064 3010 1185 1181 1177 1165 1161 1157 1153 1145 1141 1138 1134
    1126 1123 1123 1119 1119 1119 1119 1119 1123 1123 1123 1119 1119
    1119 1126 1126 1126 1130 1130 1130 1130 1134 1134 1134 1134 1134
    1138 1138 1138 1141 1141 1141 1141 1141 1141 2723 2723 2723 2723
    2723 2723 2701 2701 2680 2680 2680 2680 2659 2659 2659 2659 2659
    2639 2618 2598 2598 2598 2598 2598 2598 2598 2598 2598 2598 2579
    2579 2579 2579 2579 2579 3149 3149 3149 3120 3120 3120 3120 3120
    3120 3092 3092 3092 3064 3064 1185 1181 1181 1169 1165 1161 1157
    1153 1153 1141 1138 1134 1130 1123 1119 1119 1119 1119 1119 1123
    1123 1123 1119 1119 1119 1123 1123 1126 1126 1126 1126 1130 1130
    1130 1130 1130 1130 1134 1138 1138 1138 1138 1141 1141 1141 1141
    1141 2744 2744 2723 2723 2701 2701 2680 2680 2680 2680 2680 2659
    2659 2659 2659 2659 2639 2618 2598 2598 2598 2598 2598 2598 2598
    2598 2598 2598 2598 2598 2598 2579 2579 2579 3149 3149 3149 3120
    3120 3120 3120 3120 3120 3092 3092 3064 3064 1197 1185 1181 1181
    1173 1169 1165 1161 1157 1157 1153 1145 1138 1134 1130 1123 1119
    1119 1119 1119 1123 1123 1123 1119 1119 1119 1123 1123 1123 1123
    1123 1126 1130 1130 1130 1126 1126 1130 1134 1138 1138 1138 1138
    1141 1141 1141 1138 1138 1138 2744 2744 2723 2701 2701 2680 2680
    2680 2680 2680 2659 2659 2659 2659 2659 2639 2639 2618 2598 2598
    2618 2618 2618 2598 2598 2598 2598 2598 2598 2598 2598 2598 2579
    3178 3149 3149 3149 3149 3149 3120 3120 3120 3092 3092 3064 3064
    1197 1189 1185 1185 1177 1173 1169 1169 1165 1161 1153 1149 1141
    1138 1134 1126 1126 1123 1123 1123 1119 1119 1119 1119 1119 1119
    1123 1123 1123 1123 1123 1123 1126 1126 1126 1126 1126 1130 1134
    1138 1138 1138 1138 1141 1141 1141 1138 1138 1138 1138 2723 2723
    2723 2701 2680 2680 2680 2680 2680 2659 2659 2659 2659 2659 2639
    2639 2639 2639 2639 2618 2618 2618 2618 2618 2618 2598 2598 2598
    2598 2598 2598 2579 3208 3178 3178 3149 3149 3149 3120 3120 3120
    3092 3092 3064 1210 1202 1197 1189 1185 1181 1177 1173 1169 1169
    1165 1153 1149 1149 1141 1138 1134 1130 1126 1123 1123 1119 1119
    1119 1119 1119 1119 1123 1123 1123 1123 1123 1123 1126 1126 1126
    1126 1126 1130 1134 1138 1138 1138 1138 1141 1141 1138 1138 1138
    1138 1141 1141 2723 2723 2701 2701 2701 2680 2680 2680 2659 2659
    2659 2659 2659 2639 2639 2639 2639 2639 2639 2639 2639 2618 2618
    2618 2598 2598 2598 2598 2598 2598 2579 3238 3208 3178 3178 3149
    3149 3149 3120 3120 3120 3092 1214 1210 1202 1197 1193 1189 1181
    1181 1177 1173 1169 1165 1157 1153 1149 1149 1141 1138 1134 1130
    1126 1123 1123 1119 1119 1119 1119 1119 1123 1123 1123 1123 1123
    1123 1123 1126 1126 1126 1126 1130 1130 1134 1138 1138 1138 1141
    1141 1138 1138 1138 1138 1141 1141 1141 2744 2744 2723 2701 2701
    2680 2680 2680 2680 2680 2659 2659 2659 2659 2659 2639 2639 2639
    2639 2639 2618 2618 2618 2618 2618 2598 2598 2598 2598 2579 3238
    3238 3208 3208 3178 3149 3149 3120 3120 3120 3120 1214 1214 1206
    1202 1197 1193 1185 1185 1181 1177 1173 1169 1157 1157 1153 1149
    1145 1141 1138 1134 1130 1126 1123 1123 1119 1119 1119 1119 1123
    1123 1123 1123 1123 1123 1123 1123 1123 1126 1126 1126 1126 1130
    1134 1138 1138 1138 1138 1138 1138 1138 1138 1141 1141 1141 1141
    2744 2744 2723 2723 2723 2723 2701 2680 2680 2680 2659 2659 2659
    2659 2639 2639 2639 2639 2639 2639 2639 2618 2618 2598 2598 2598
    2598 2598 2579 3238 3238 3238 3208 3208 3208 3178 3149 3149 3120
    3120 1214 1214 1210 1206 1202 1197 1193 1189 1185 1181 1173 1169
    1161 1157 1157 1153 1149 1149 1141 1138 1134 1126 1123 1123 1119
    1119 1119 1119 1123 1123 1123 1123 1123 1123 1123 1123 1123 1126
    1126 1123 1123 1126 1134 1134 1138 1138 1138 1138 1138 1138 1138
    1138 1138 1141 1141 1141 1138 2744 2744 2744 2723 2723 2680 2680
    2680 2680 2659 2659 2659 2639 2639 2618 2618 2639 2639 2639 2618
    2618 2598 2598 2598 2598 2598 2598 3238 3238 3238 3238 3238 3238
    3208 3178 3149 3120 1236 1223 1223 1214 1214 1206 1202 1202 1197
    1193 1185 1181 1169 1169 1165 1161 1157 1153 1149 1145 1141 1138
    1134 1126 1123 1119 1119 1119 1119 1119 1119 1119 1119 1119 1119
    1119 1119 1123 1123 1123 1123 1123 1126 1130 1134 1138 1138 1134
    1134 1138 1138 1138 1138 1138 1141 1141 1138 1138 1138 2744 2744
    2701 2680 2680 2680 2680 2680 2680 2680 2680 2659 2639 2618 2618
    2639 2639 2659 2618 2618 2618 2618 2618 2618 2598 2598 3238 3238
    3238 3238 3238 3238 3208 3178 3149 1245 1236 1232 1227 1219 1219
    1214 1210 1206 1197 1197 1189 1185 1177 1173 1169 1169 1161 1157
    1153 1149 1149 1145 1141 1134 1130 1123 1123 1119 1119 1119 1119
    1119 1119 1119 1119 1119 1119 1123 1123 1123 1123 1123 1126 1130
    1130 1138 1138 1134 1134 1134 1138 1138 1138 1138 1141 1141 1138
    1138 1138 1138 1138 2701 2680 2680 2680 2680 2680 2680 2680 2680
    2659 2659 2659 2659 2659 2659 2659 2639 2639 2639 2639 2618 2618
    2598 2598 3269 3269 3238 3238 3238 3238 3208 3208 1250 1245 1241
    1232 1232 1223 1219 1219 1214 1210 1202 1202 1197 1193 1181 1181
    1177 1173 1169 1161 1157 1153 1153 1149 1145 1141 1138 1130 1126
    1123 1119 1119 1119 1119 1119 1119 1119 1119 1123 1123 1123 1123
    1123 1123 1126 1126 1126 1134 1134 1134 1134 1134 1138 1138 1138
    1141 1141 1141 1138 1138 1138 1138 1138 1138 2680 2680 2701 2701
    2680 2680 2680 2680 2659 2659 2659 2659 2659 2659 2659 2639 2639
    2639 2639 2639 2618 2598 2598 3269 3269 3269 3238 3238 3238 3208
    3208 1250 1250 1250 1236 1236 1232 1223 1223 1219 1214 1210 1206
    1202 1197 1185 1185 1181 1177 1169 1165 1161 1157 1153 1153 1149
    1145 1138 1134 1130 1126 1123 1119 1119 1119 1119 1119 1119 1119
