<?xml version="1.0"?>
<opencv_storage>
<Depth3567 type_id="opencv-matrix">
  <rows>107</rows>
  <cols>148</cols>
  <dt>w</dt>
  <data>
    0 0 0 1202 1197 1197 0 1663 1632 1616 1616 1639 1655 1663 1696 1705
    1705 1739 1739 1757 2450 862 862 862 862 862 862 862 862 862 864 864
    864 2723 2723 2723 2723 2744 2767 2812 2835 2908 2883 2883 2883 2883
    2883 2883 2883 2883 2883 2908 2908 2908 2933 2933 2908 2883 2883
    2859 2835 2835 2835 2835 2835 2859 2859 2859 2835 2835 2883 2908
    2958 2958 2984 2984 2984 2984 2984 2984 2984 3010 3010 3010 3037
    3037 3037 3037 3037 3037 3064 3064 3064 3064 3064 3064 3064 3064
    3092 3092 3092 3120 3120 3120 3120 3120 3120 3120 3149 3149 3149
    3149 3149 3149 3149 3149 3149 3149 3149 3149 3149 3149 3149 3208
    3208 3208 3178 3178 3208 3208 3208 3238 3238 3238 3238 3238 3238
    3238 3238 3238 3238 3238 3238 3269 3269 3269 3269 3269 0 0 0 0 0 0 0
    1663 1632 1609 1609 1639 1655 1663 1663 1663 851 860 860 860 860 860
    860 862 862 862 862 862 862 862 864 864 0 0 2767 2767 2767 2767 2767
    2835 2835 2908 2908 2908 2883 2883 2883 2883 2883 2883 2883 2908
    2908 2908 2908 2908 2883 2835 2835 2835 2812 2812 2835 2835 2835
    2835 2859 2859 2835 2835 2883 2933 2958 2958 2984 2984 2984 2984
    2984 2984 2984 3010 3010 3010 3010 3037 3037 3037 3037 3037 3037
    3037 3037 3064 3064 3064 3064 3064 3064 3092 3092 3120 3120 3092
    3092 3120 3120 3120 3149 3149 3149 3149 3149 3149 3149 3149 3149
    3149 3149 3149 3149 3149 3149 3178 3178 3178 3178 3178 3178 3208
    3208 3208 3208 3238 3238 3238 3238 3238 3238 3238 3238 3238 3238
    3269 3269 3269 3269 3269 0 0 0 0 0 0 0 0 0 1609 1609 1609 0 849 849
    0 851 851 856 856 856 858 858 860 860 862 862 862 864 867 869 869
    864 864 2812 0 2812 2812 2812 2835 2908 2908 2883 2883 2883 2883
    2883 2908 2908 2908 2883 2883 2908 2908 2883 2859 2835 2812 2812
    2812 2812 2812 2812 2812 2835 2835 2859 2859 2859 2859 2933 2958
    2958 2958 2958 2984 2984 2984 2984 2984 2984 3010 3010 3010 3010
    3010 3010 3037 3037 3037 3037 3037 3037 3064 3064 3064 3064 3064
    3064 3092 3092 3120 3120 3092 3092 3092 3120 3120 3120 3149 3149
    3149 3149 3149 3149 3149 3149 3149 3149 3149 3149 3149 3149 3149
    3149 3149 3149 3178 3178 3208 3208 3208 3208 3208 3238 3238 3238
    3238 3238 3238 3238 3238 3238 3269 3269 3269 3269 3269 0 0 0 0 0 0 0
    0 0 0 0 0 0 849 849 849 851 851 851 854 854 856 858 858 860 860 862
    862 862 864 867 864 864 864 0 2835 2835 2835 2835 2883 2908 2883
    2859 2859 2883 2883 2883 2883 2883 2883 2883 2883 2883 2883 2859
    2835 2812 2812 2812 2812 2812 2812 2812 2812 2835 2835 2859 2883
    2883 2908 2933 2933 2958 2958 2958 2958 2984 2984 2984 2984 2984
    3010 3010 3010 3010 3010 3010 3010 3010 3037 3037 3037 3037 3064
    3064 3064 3064 3064 3092 3092 3092 3120 3120 3092 3092 3092 3120
    3120 3120 3120 3120 3120 3149 3149 3149 3149 3149 3149 3149 3149
    3149 3149 3149 3149 3149 3149 3149 3149 3178 3178 3208 3208 3208
    3208 3238 3238 3238 3238 3238 3238 3238 3238 3238 3269 3269 3269
    3269 3269 0 0 0 0 0 0 0 0 0 0 0 0 0 849 849 849 851 851 851 851 851
    854 854 856 858 860 860 860 862 862 864 864 864 0 0 0 0 0 2883 2883
    2883 2859 2859 2859 2883 2883 2883 2883 2883 2883 2859 2859 2883
    2859 2835 2812 2812 2812 2812 2789 2789 2789 2789 2812 2812 2835
    2859 2908 2933 2933 2933 2933 2958 2933 2933 2958 2984 2984 2984
    2984 2984 3010 2984 2984 3010 3010 3010 3010 3010 3037 3037 3037
    3037 3037 3037 3037 3037 3064 3064 3092 3092 3120 3120 3120 3120
    3120 3120 3120 3120 3120 3120 3120 3120 3149 3120 3120 3120 3120
    3149 3149 3149 3149 3149 3149 3149 3149 3149 3149 3178 3178 3178
    3208 3208 3208 3238 3238 3238 3238 3208 3208 3208 3238 3238 3238
    3238 3238 3269 3269 0 0 0 0 0 0 0 0 0 0 0 845 845 849 849 849 851
    849 849 851 851 851 854 854 856 858 858 858 858 860 862 862 862 0 0
    0 0 0 2883 2883 2883 2859 2859 2859 2859 2859 2859 2859 2859 2859
    2859 2835 2835 2835 2835 2812 2812 2812 2812 2789 2789 2789 2789
    2812 2812 2835 2908 2933 2933 2933 2933 2933 2933 2933 2933 2958
    2958 2958 2958 2958 2984 2984 2984 2984 3010 3010 3010 3010 3010
    3037 3037 3037 3037 3037 3037 3037 3037 3064 3064 3092 3092 3120
    3120 3120 3120 3120 3120 3120 3120 3120 3120 3120 3120 3149 3120
    3120 3120 3120 3149 3149 3149 3149 3149 3149 3149 3149 3149 3149
    3149 3149 3178 3208 3208 3208 3208 3208 3238 3238 3208 3208 3208
    3238 3238 3238 3238 3238 3238 3238 0 0 0 0 0 0 0 0 0 0 0 845 845 849
    851 851 849 847 847 847 849 849 851 854 854 854 854 856 858 860 862
    862 862 873 0 0 0 0 2883 2883 2883 2883 2859 2859 2859 2859 2859
    2859 2859 819 819 819 821 821 2789 2812 2812 2812 2812 2812 2789
    2789 2789 2812 2835 2883 2933 2933 2933 2933 2933 2933 2933 2933
    2933 2958 2933 2933 2958 2958 2958 2984 2984 2984 2984 3010 3010
    3010 3010 3037 3037 3037 3037 3037 3037 3037 3037 3037 3037 3064
    3064 3092 3092 3092 3092 3092 3092 3092 3120 3120 3120 3120 3120
    3120 3120 3120 3120 3120 3149 3149 3149 3149 3149 3149 3149 3149
    3149 3149 3149 3149 3178 3208 3178 3178 3178 3208 3208 3208 3238
    3208 3208 3238 3238 3238 3238 3238 3238 3238 0 0 0 0 0 0 0 0 0 0 0
    845 845 849 847 847 845 845 845 845 845 847 849 851 851 851 851 854
    854 856 862 862 864 873 878 0 0 0 0 2883 2883 2883 2883 2859 2859
    2859 2859 2859 819 819 819 819 821 821 823 823 823 813 2812 2812
    2789 2789 2789 2812 2835 2908 2933 2933 2933 2933 2933 2933 2933
    2933 2933 2933 2933 2933 2933 2933 2933 2958 2958 2984 2984 3010
    3010 3010 3037 3010 3010 3010 3010 3037 3037 3037 3037 3037 3037
    3064 3064 3064 3064 3064 3064 3064 3092 3092 3092 3120 3120 3120
    3120 3120 3120 3120 3120 3120 3120 3149 3149 3149 3149 3149 3149
    3149 3149 3149 3149 3149 3178 3178 3178 3178 3178 3208 3208 3208
    3208 3208 3208 3208 3208 3238 3238 3238 3238 3269 0 0 0 0 0 0 0 0 0
    0 843 841 841 841 843 843 843 843 843 843 845 845 845 849 851 851
    851 854 854 854 862 864 871 878 878 0 0 0 0 0 0 2883 2883 2883 2859
    2835 2835 813 813 817 819 819 821 821 821 813 813 813 819 2789 2789
    2789 2789 2812 2883 2908 2933 2933 2933 2933 2933 2933 2933 2933
    2933 2933 2933 2933 2933 2933 2933 2933 2958 2958 2958 2984 3010
    3010 3010 3010 3010 3010 3010 3010 3010 3010 3037 3037 3037 3037
    3037 3037 3037 3037 3037 3064 3092 3092 3092 3092 3120 3120 3120
    3120 3120 3120 3120 3120 3120 3120 3149 3149 3149 3149 3149 3149
    3149 3149 3149 3178 3178 3178 3178 3178 3178 3178 3208 3208 3208
    3208 3208 3208 3208 3238 3238 3238 3238 3238 0 0 0 0 0 0 0 0 0 0 841
    839 837 837 839 839 841 841 841 843 843 845 845 847 849 849 849 854
    854 854 862 864 875 880 880 0 0 0 0 0 0 0 2835 2835 2835 2835 2835
    813 813 815 815 817 819 819 819 813 813 819 819 0 821 2933 2933 2933
    2933 2908 2908 2908 2933 2933 2933 2933 2933 2933 2933 2933 2933
    2933 2933 2933 2933 2933 2958 2958 2958 2984 2984 2984 3010 3010
    3010 3010 2984 2984 3010 3010 3010 3010 3037 3037 3037 3037 3037
    3037 3037 3064 3092 3092 3092 3092 3120 3120 3120 3120 3120 3120
    3120 3120 3120 3120 3149 3149 3149 3149 3149 3149 3149 3149 3149
    3149 3149 3149 3149 3149 3149 3178 3178 3208 3208 3208 3178 3178
    3208 3208 3208 3208 3238 3238 0 0 0 0 0 0 0 0 0 0 837 837 835 835
    837 837 839 841 841 843 843 843 845 845 849 849 849 854 854 858 864
    869 880 880 885 0 0 0 0 0 0 0 2835 2835 2835 2812 811 811 811 813
    813 813 817 819 819 819 819 819 819 821 821 0 2933 2933 2933 2908
    2908 2908 2933 2933 2933 2933 2933 2933 2933 2933 2933 2933 2933
    2933 2933 2933 2933 2933 2958 2958 2984 2984 2984 2984 2984 2984
    2984 2984 2984 3010 3010 3010 3037 3037 3037 3037 3037 3037 3037
    3064 3064 3064 3092 3092 3092 3092 3120 3092 3092 3120 3120 3120
    3120 3120 3120 3149 3149 3149 3149 3149 3149 3149 3149 3149 3149
    3149 3149 3149 3149 3178 3178 3178 3178 3208 3178 3178 3208 3208
