<?xml version="1.0"?>
<opencv_storage>
<Depth15045 type_id="opencv-matrix">
  <rows>52</rows>
  <cols>41</cols>
  <dt>w</dt>
  <data>
    2432 4089 4089 4190 4190 4139 4089 4089 4089 4089 4089 2065 2065
    4041 4041 4041 4089 2090 2090 2090 2078 2065 2053 2053 2065 2065
    2078 2078 2078 2078 4295 4295 4295 4295 4295 4295 4295 4295 4295
    4295 4295 2432 2432 4089 4139 4139 4139 4089 4089 4190 2040 2040
    2065 2065 4089 2065 2053 2053 2065 2078 2078 2065 2065 2053 2053
    2065 2065 2078 2078 2078 2078 2090 4295 4241 4241 4295 4295 4295
    4295 4295 4295 4295 2432 2432 4089 4139 4139 4139 4089 4089 2040
    2040 2040 2040 2053 2053 2065 2053 2053 2053 2065 2065 2065 2065
    2065 2065 2078 2078 2090 2090 2090 2090 2090 2090 4241 4241 4295
    4295 4295 4295 4295 4295 4295 2432 4089 2016 2016 2016 2028 2040
    2040 2040 2040 2040 2040 2053 2053 2053 2053 2053 2053 2065 2065
    2078 2078 2078 2078 2090 2090 2078 2078 2090 2090 2090 2090 2090
    4295 4295 4295 4295 4295 4295 4349 4295 4089 2028 2016 2016 2016
    2028 2028 2040 2040 2040 2040 2040 2053 2053 2053 2053 2053 2053
    2065 2065 2078 2078 2078 2078 2078 2090 2078 2078 2090 2090 2090
    2090 2090 4295 4295 4295 4295 4295 4295 4349 4295 2016 2016 2016
    2028 2028 2028 2028 2028 2040 2040 2040 2040 2040 2040 2053 2053
    2053 2053 2065 2065 2078 2078 2078 2078 2078 2065 2065 2078 2078
    2078 2078 2090 2090 4295 4295 4295 4295 4295 4295 4295 4295 2016
    2016 2016 2028 2028 2028 2028 2028 2040 2040 2040 2040 2040 2040
    2040 2040 2053 2053 2065 2065 2065 2065 2065 2078 2078 2065 2065
    2078 2078 2078 2078 2078 2078 4295 4295 4295 4295 4295 4295 4295
    4295 2016 2028 2028 2028 2028 2028 2028 2040 2040 2040 2040 2053
    2040 2040 2040 2040 2040 2053 2065 2065 2065 2065 2065 2065 2065
    2065 2065 2078 2078 2078 2065 2053 2053 4349 4295 4295 4295 4295
    4295 4295 4295 2016 2028 2028 2028 2028 2028 2028 2040 2040 2040
    2040 2040 2040 2040 2040 2040 2040 2053 2065 2065 2065 2065 2065
    2065 2065 2065 2065 2078 2078 2078 2065 2053 2053 2053 4295 4295
    4295 4295 4295 4295 4295 2028 2028 2028 2028 2028 2028 2028 2040
    2040 2040 2040 2040 2040 2053 2053 2040 2040 2040 2065 2065 2065
    2065 2065 2065 2065 2065 2065 2078 2078 2078 2090 2053 2053 2090
    4295 4295 4295 4295 4295 4295 4295 2040 2040 2028 2028 2040 2040
    2040 2040 2040 2040 2040 2040 2040 2040 2053 2040 2040 2040 2053
    2065 2065 2065 2065 2065 2065 2078 2078 2078 2078 2078 2090 2078
    2078 2090 2090 4295 4295 4295 4295 4295 4295 2040 2040 2028 2028
    2028 2028 2040 2040 2040 2040 2040 2040 2040 2040 2053 2040 2040
    2040 2053 2065 2065 2065 2065 2065 2065 2078 2078 2090 2090 2090
    2090 2090 2090 2090 2090 4295 4295 4295 4295 4295 4295 2040 2028
    2028 2028 2028 2028 2040 2040 2040 2040 2040 2040 2040 2040 2040
    2040 2040 2040 2053 2065 2065 2065 2065 2065 2065 2090 2090 2090
    2090 2090 2090 2090 2090 2090 2090 4295 4295 4295 4295 4241 4241
    2028 2028 2028 2028 2028 2040 2040 2040 2040 2040 2040 2040 2040
    2040 2040 2040 2040 2040 2053 2065 2065 2065 2065 2065 2078 2090
    2090 2090 2090 2090 2090 2090 2090 2090 2090 2090 4295 4295 4295
    4241 4241 2028 2028 2028 2028 2028 2040 2040 2040 2040 2040 2040
    2040 2040 2040 2040 2040 2040 2040 2065 2065 2065 2065 2065 2065
    2078 2090 2090 2090 2090 2090 2090 2090 2090 2090 2090 2090 4295
    4295 4295 4295 4295 3994 2028 2028 2028 2028 2040 2040 2040 2040
    2040 2040 2053 2053 2053 2053 2053 2053 2053 2065 2065 2065 2078
    2065 2065 2078 2090 2090 2090 2090 2090 2090 2090 2090 2090 2090
    2090 4295 4295 4295 4295 4295 3994 3994 2028 2028 2040 2028 2028
    2040 2040 2040 2040 2053 2040 2040 2053 2053 2053 2053 2065 2065
    2078 2078 2065 2065 2078 2078 2090 2090 2090 2090 2090 2090 2090
    2078 2078 2078 4295 4295 4295 4295 4295 4041 2028 2028 2028 2028
    2028 2028 2040 2040 2040 2040 2040 2040 2040 2040 2040 2040 2053
    2065 2065 2065 2078 2078 2078 2078 2078 2078 2078 2090 2090 2090
    2090 2090 2078 2078 2078 4295 4295 4295 4295 4295 4041 2028 2028
    2028 2028 2028 2028 2028 2040 2040 2040 2040 2040 2040 2040 2040
    2040 2053 2065 2065 2065 2065 2065 2065 2078 2078 2078 2078 2078
    2090 2090 2090 2090 2090 2090 2090 4295 4295 4295 4295 4295 4041
    4041 4041 2040 2028 2028 2028 2028 2040 2040 2040 2040 2040 2040
    2040 2040 2053 2053 2065 2065 2065 2065 2065 2065 2078 2078 2065
    2065 2065 2078 2078 2078 2090 2090 2090 2090 4295 4295 4295 4295
    4295 4041 4089 4089 2040 2028 2028 2028 2040 2040 2040 2028 2028
    2040 2040 2040 2053 2053 2053 2065 2065 2065 2065 2065 2065 2078
    2078 2065 2065 2065 2078 2078 2078 2090 2090 2090 2103 2103 4295
    4295 4295 4295 4089 4089 4241 2040 2028 2028 2028 2028 2040 2040
    2028 2028 2040 2040 2040 2053 2053 2053 2065 2053 2053 2065 2065
    2065 2078 2078 2078 2078 2078 2090 2078 2078 2090 2090 2090 2103
    2116 4295 4295 4295 4295 4089 4139 4190 2040 2028 2028 2028 2028
    2040 2040 2040 2040 2028 2028 2028 2053 2053 2053 2053 2053 2053
    2078 2078 2078 2078 2078 2078 2078 2078 2090 2090 2090 2090 2090
    2090 2090 2103 2103 4295 4295 4295 4089 4089 4089 2040 2028 2028
    2028 2028 2040 2040 2040 2040 2028 2028 2028 2040 2053 2053 2053
    2053 2053 2078 2078 2078 2078 2078 2078 2078 2090 2090 2090 2090
    2090 2090 2090 2090 2090 2090 4295 4295 4295 4041 4041 4041 2040
    2028 2028 2028 2028 2040 2040 2040 2040 2040 2040 2040 2040 2040
    2040 2053 2053 2053 2065 2065 2078 2078 2078 2078 2090 2090 2090
    2090 2090 2090 2090 2090 2090 2090 2090 4295 4295 4295 4041 3994
    3994 2040 2028 2028 2028 2028 2040 2040 2040 2040 2040 2040 2040
    2040 2040 2040 2053 2065 2065 2065 2065 2065 2078 2078 2078 2090
    2090 2090 2090 2090 2090 2090 2090 2090 2090 2103 2103 4295 4295
    3994 3994 3994 2040 2028 2028 2028 2028 2040 2040 2040 2040 2040
    2040 2040 2040 2040 2040 2053 2065 2065 2065 2065 2065 2078 2078
    2078 2090 2090 2090 2090 2090 2090 2090 2090 2090 2090 2103 4295
    4295 4295 3994 3994 4041 4041 2016 2016 2028 2028 2040 2040 2040
    2040 2040 2040 2040 2040 2040 2040 2053 2065 2065 2065 2065 2065
    2078 2078 2078 2090 2090 2090 2090 2090 2090 2090 2090 2090 2078
    2078 4295 4295 4295 4041 4041 4041 4041 2016 2016 2028 2028 2040
    2040 2040 2040 2040 2040 2040 2040 2040 2040 2053 2065 2065 2065
    2065 2078 2078 2078 2078 2078 2090 2090 2090 2090 2090 2090 2090
    2090 2078 2078 2078 4295 4295 4041 4041 4041 4041 2016 2016 2028
    2028 2040 2040 2040 2040 2040 2040 2040 2040 2040 2053 2053 2065
    2065 2065 2065 2078 2078 2078 2078 2078 2090 2090 2078 2078 2090
    2090 2090 2078 2078 2078 2103 4349 4295 4041 4041 4041 4041 2016
    2016 2028 2028 2040 2040 2040 2040 2040 2040 2040 2040 2040 2040
    2065 2065 2065 2065 2065 2078 2078 2090 2090 2090 2090 2090 2078
    2078 2090 2090 2090 2078 2078 2078 2090 2090 4295 4089 4041 4041
    4041 2016 2016 2028 2028 2040 2040 2040 2040 2040 2040 2040 2040
    2040 2040 2065 2065 2065 2065 2078 2078 2078 2090 2090 2090 2090
    2090 2090 2090 2090 2090 2090 2078 2078 2078 2090 2090 4295 4089
    4041 4041 4041 2028 2028 2028 2028 2028 2028 2040 2040 2040 2040
    2040 2040 2040 2040 2053 2053 2078 2078 2078 2078 2078 2078 2078
    2078 2078 2078 2078 2078 2090 2090 2090 2090 2090 2090 2090 2090
    4295 4041 4041 4041 4041 4041 2040 2028 2028 2028 2028 2028 2040
    2040 2040 2040 2040 2040 2040 2053 2053 2078 2078 2078 2078 2078
    2078 2078 2078 2078 2078 2078 2078 2090 2090 2090 2090 2090 2090
    2090 2103 4241 4041 4041 4041 4041 4041 2040 2040 2040 2028 2028
    2028 2028 2028 2040 2040 2040 2040 2040 2053 2053 2078 2078 2078
    2078 2078 2078 2078 2078 2065 2065 2078 2078 2090 2090 2090 2090
    2090 2090 2090 2103 4241 4041 4041 4041 4041 4041 2028 2028 2028
    2028 2028 2028 2028 2028 2040 2040 2040 2040 2040 2053 2053 2065
    2065 2065 2065 2078 2078 2078 2078 2065 2065 2078 2078 2090 2090
    2090 2090 2090 2090 2090 2090 4241 4041 4041 4041 4041 4041 2016
