<?xml version="1.0"?>
<opencv_storage>
<Depth17821 type_id="opencv-matrix">
  <rows>24</rows>
  <cols>41</cols>
  <dt>w</dt>
  <data>
    951 951 0 0 2503 2503 2503 2503 2485 2485 2503 2503 2503 2485 2467
    2467 3238 3238 3208 3208 3208 3178 3178 3178 3178 3178 3149 3149
    3149 3149 3149 3120 3092 3092 3092 3092 3092 3092 3092 3092 3064 951
    951 0 2503 2503 2503 2503 2467 2467 2450 2450 2467 2467 2467 2467
    2467 3208 2467 2450 2450 2450 2450 3178 3178 3149 3149 3149 3149
    3149 3149 3120 3092 3064 3064 3064 3064 3064 3064 3064 3064 3064 951
    951 0 2503 2485 2485 2467 2467 2450 2432 2432 2450 2450 2450 2450
    2450 2450 2450 2450 2450 2432 2415 2415 2415 3120 3120 3120 3149
    3149 3149 3064 3064 3064 3064 3064 3064 3064 3064 3064 3064 3064 954
    954 0 2503 2503 2485 2467 2450 2432 2432 2432 2432 2432 2432 2432
    2415 2398 2398 2415 2415 2415 2415 2398 2398 2398 2398 2398 2398
    3178 3064 3064 3064 3064 3064 3064 3064 3064 3064 3064 3064 3064 948
    0 0 2503 2503 2503 2485 2450 2432 2432 2432 2432 2432 2432 2415 2398
    2398 2398 2398 2398 2398 2398 2398 2381 2381 2381 2381 2381 2398
    2398 2398 2381 2349 2349 2349 3064 3064 3064 3064 3037 3037 948 0
    2503 2503 2503 2503 2485 2467 2450 2432 2432 2432 2432 2432 2415
    2398 2398 2398 2398 2398 2381 2381 2381 2365 2349 2349 2349 2333
    2333 2381 2381 2349 2333 2333 2333 2317 2317 2301 2301 2301 3010 951
    0 2503 2503 2503 2485 2467 2467 2450 2450 2450 2450 2432 2432 2415
    2398 2398 2398 2398 2398 2381 2365 2365 2349 2333 2333 2333 2333
    2333 2333 2333 2333 2333 2317 2317 2317 2317 2301 2286 2271 2256 951
    0 2503 2503 2485 2485 2467 2467 2450 2450 2450 2450 2450 2432 2415
    2398 2398 2398 2398 2398 2381 2365 2365 2349 2333 2333 2333 2333
    2333 2317 2317 2317 2317 2317 2317 2317 2301 2301 2286 2271 2256 951
    0 2503 2485 2485 2485 2485 2467 2450 2450 2450 2450 2450 2432 2415
    2398 2398 2398 2398 2398 2381 2365 2365 2349 2333 2333 2333 2333
    2333 2317 2317 2317 2317 2301 2301 2301 2286 2286 2271 2271 2256 951
    2503 2503 2503 2485 2485 2485 2467 2467 2450 2450 2450 2450 2432
    2415 2415 2398 2398 2398 2398 2381 2381 2365 2349 2333 2333 2333
    2333 2333 2317 2317 2317 2301 2286 2286 2286 2271 2256 2256 2241
    2241 2503 2503 2503 2503 2485 2485 2485 2467 2467 2450 2450 2450
    2450 2432 2432 2398 2398 2398 2398 2398 2381 2381 2365 2349 2349
    2333 2333 2333 2317 2317 2317 2317 2301 2286 2271 2271 2271 2256
    2256 2241 2226 2503 2485 2485 2485 2485 2485 2467 2467 2467 2450
    2450 2450 2450 2432 2432 2398 2398 2398 2398 2398 2398 2381 2381
    2365 2349 2333 2333 2333 2317 2317 2317 2317 2301 2286 2271 2271
    2271 2256 2241 2241 2212 2485 2485 2485 2485 2485 2485 2467 2467
    2450 2450 2450 2450 2450 2432 2432 2432 2398 2398 2398 2398 2398
    2381 2381 2365 2349 2333 2333 2333 2317 2317 2317 2301 2286 2286
    2271 2271 2271 2256 2241 2226 2212 2485 2432 2432 2467 2467 2485
    2467 2467 2450 2450 2450 2450 2432 2415 2415 2432 2415 2415 2398
    2381 2381 2381 2381 2365 2365 2349 2349 2333 2333 2317 2317 2301
    2286 2286 2271 2271 2271 2256 2241 2226 2212 0 2432 2432 2467 2467
    2450 2415 2415 2450 2450 2450 2450 2432 2415 2415 2432 2415 2415
    2398 2381 2381 2381 2365 2365 2365 2365 2349 2333 2333 2333 2317
    2317 2301 2286 2286 2271 2271 2271 2241 2241 2226 0 0 0 0 0 2450
    2398 2398 2415 2415 2432 2450 2415 2415 2432 2450 2432 2432 2398
    2381 2381 2381 2365 2365 2365 2349 2349 2333 2333 2333 2317 2317
    2301 2301 2286 2286 2271 2271 2256 2256 2241 0 0 0 0 0 2450 2398
    2398 2381 2381 2398 2432 2415 2415 2450 2450 2450 2432 2398 2381
    2381 2381 2349 2349 2333 2333 2333 2333 2333 2333 2333 2317 2317
    2301 2301 2286 2286 2271 2256 2256 2241 0 0 0 0 0 0 0 0 2381 2381
    2398 2432 2432 2432 0 2467 2467 2432 2415 2381 2381 2365 2349 2333
    2333 2333 2333 2333 2365 2349 2333 2317 2317 2301 2301 2286 2286
    2271 2256 2256 2256 0 0 0 0 0 0 0 0 2381 2381 0 0 0 0 0 0 2467 2432
    2415 2381 2381 2365 2333 2333 2333 2333 2333 2349 2365 2349 2333
    2333 2317 2317 2301 2286 2271 2271 2271 2256 2256 0 0 0 0 0 0 0 0 0
    0 0 0 0 0 0 0 0 0 0 2381 2381 2365 2333 2333 0 0 0 2381 2365 2349
    2333 2317 2317 2301 2301 2286 2271 2271 2271 2256 2256 0 0 0 0 0 0 0
    0 0 0 0 0 0 0 0 0 0 0 0 0 0 0 0 0 0 0 0 0 2365 2349 2333 2317 2317
    2301 2301 2286 2286 2271 2256 2256 2241 0 0 0 0 0 0 0 0 0 0 0 0 0 0
    0 0 0 0 0 0 0 0 0 0 0 0 0 0 2381 2365 2333 2317 2317 2317 2301 2286
    2271 2271 2241 2212 2212 0 0 0 0 0 0 0 0 0 0 0 0 0 0 0 0 0 0 0 0 0 0
    0 0 0 0 0 0 0 0 0 2317 2317 2317 2301 2271 2271 2271 2241 2212 2198
    0 0 0 0 0 0 0 0 0 0 0 0 0 0 0 0 0 0 0 0 0 0 0 0 0 0 0 0 0 0 0 0 0 0
    0 2271 2271 0 0 2170 2170</data></Depth17821>
</opencv_storage>
