<?xml version="1.0"?>
<opencv_storage>
<Depth1108 type_id="opencv-matrix">
  <rows>78</rows>
  <cols>103</cols>
  <dt>w</dt>
  <data>
    2723 2701 2701 2701 2701 2701 2701 2659 2659 2659 2639 2639 2639
    2639 1013 1013 1019 1019 1022 1025 1025 1025 1025 1025 1028 1028
    2659 2659 2659 2639 2639 2639 2659 2659 2659 2659 2659 2659 2659
    2639 2639 2639 2639 2639 2639 2639 2639 2639 2639 2639 2639 2639
    2639 2639 2639 2639 2618 2598 2598 2598 2598 2598 2598 2579 2560
    2560 2560 2560 2560 2560 2560 2560 2579 2579 2579 2560 2560 2560
    2560 2560 2560 2560 2560 2560 2560 2560 2560 2560 2560 2541 2541
    2560 2560 2560 2560 2560 2560 2560 2560 2560 2560 2560 2560 2723
    2723 2723 2723 2723 2701 2701 2723 2723 0 2723 2723 0 0 1013 1013
    1016 1019 1022 1025 1025 1025 1025 1025 1028 1028 1025 1025 1028
    1028 2639 2639 2659 2659 2659 2659 2659 2659 2659 2659 2659 2659
    2659 2659 2659 2639 2639 2639 2639 2639 2639 2639 2639 2639 2639
    2639 2639 2618 2618 2598 2598 2598 2598 2579 2579 2579 2579 2579
    2579 2579 2579 2579 2579 2579 2579 2579 2579 2579 2560 2560 2560
    2560 2579 2579 2560 2560 2560 2560 2560 2560 2560 2560 2560 2560
    2560 2560 2560 2560 2560 2560 2560 2560 2560 2723 2723 2723 2723
    2723 2701 2701 2723 2723 0 0 0 0 0 1013 1013 1016 1016 1019 1022
    1025 1025 1025 1025 1025 1025 1025 1025 1028 1028 1025 1025 1025
    1028 1028 1028 2659 2659 2659 2659 2659 2659 2659 2659 2659 2659
    2659 2659 2659 2659 2659 2639 2639 2639 2639 2639 2639 2639 2618
    2618 2618 2618 2618 2598 2598 2579 2579 2598 2598 2598 2598 2598
    2598 2598 2598 2579 2579 2579 2579 2579 2579 2579 2579 2579 2579
    2579 2579 2579 2560 2560 2560 2560 2579 2579 2579 2560 2560 2560
    2579 2579 2560 2560 2560 2723 2723 2723 2744 2744 2723 2723 2723 0 0
    0 0 0 0 1016 1016 1016 1016 1019 1019 1022 1022 1022 1025 1025 1025
    1025 1025 1025 1025 1025 1025 1025 1028 1028 1028 1028 1028 1028
    2680 2680 2680 2680 2680 2659 2659 2659 2659 2659 2659 2659 2659
    2659 2659 2659 2659 2659 2639 2639 2618 2618 2618 2618 2618 2598
    2598 2598 2618 2618 2618 2618 2618 2618 2598 2598 2598 2598 2598
    2579 2579 2598 2598 2598 2598 2598 2579 2579 2579 2579 2579 2579
    2579 2579 2579 2579 2579 2579 2579 2579 2579 2579 2560 2560 2744
    2744 2744 2744 2744 2723 2723 2723 0 0 0 0 0 1016 1013 1013 1016
    1016 1016 1019 1019 1022 1022 1022 1022 1022 1025 1025 1025 1025
    1025 1025 1028 1028 1028 1028 1028 1028 1028 1028 1031 1031 1028
    1028 2680 2659 2659 2659 2659 2659 2680 2659 2659 2659 2659 2659
    2659 2639 2639 2639 2639 2618 2618 2618 2618 2618 2618 2618 2618
    2639 2618 2618 2618 2618 2618 2618 2618 2618 2598 2598 2598 2598
    2598 2598 2598 2618 2598 2598 2598 2598 2598 2598 2579 2579 2579
    2579 2579 2579 2579 2579 2579 2560 2560 2744 2744 2744 2744 2744
    2744 2744 2744 0 0 0 0 0 1013 1013 1013 1016 1016 1016 1016 1016
    1019 1022 1022 1022 1022 1025 1025 1025 1025 1025 1025 1025 1028
    1028 1028 1028 1028 1028 1028 1031 1031 1028 1028 1028 1028 1031
    1031 2680 2680 2680 2680 2680 2659 2659 2659 2659 2639 2639 2639
    2639 2639 2639 2639 2639 2639 2639 2639 2639 2639 2639 2618 2618
    2618 2618 2618 2618 2618 2618 2618 2618 2618 2618 2618 2618 2618
    2618 2618 2618 2598 2598 2598 2598 2598 2598 2598 2598 2598 2598
    2598 2598 2579 2579 2744 2744 2744 2767 2767 2767 2767 0 0 0 0 0
    1013 1013 1013 1013 1016 1016 1016 1016 1016 1016 1019 1022 1022
    1022 1022 1025 1025 1025 1025 1025 1025 1028 1028 1028 1028 1028
    1028 1028 1028 1031 1031 1028 1028 1028 1031 1031 1038 1038 1041
    1041 1041 2680 2680 2680 2680 2659 2639 2639 2659 2639 2639 2639
    2639 2639 2639 2639 2639 2639 2639 2639 2639 2639 2639 2618 2618
    2618 2618 2618 2618 2618 2618 2618 2618 2618 2618 2618 2618 2618
    2618 2598 2598 2598 2598 2618 2618 2618 2598 2598 2598 2598 2598
    2767 2767 2767 2767 2767 2767 2767 0 0 0 0 1010 1010 1010 1013 1013
    1016 1016 1016 1016 1016 1016 1019 1019 1019 1022 1022 1025 1025
    1025 1025 1025 1028 1028 1025 1025 1028 1028 1028 1028 1028 1028
    1031 1028 1028 1028 1031 1031 1034 1038 1038 1038 1038 1034 1034
    1034 2680 2659 2659 2659 2659 2639 2639 2639 2639 2639 2639 2639
    2659 2639 2639 2639 2639 2639 2639 2639 2639 2639 2639 2618 2618
    2618 2618 2618 2618 2618 2618 2618 2618 2618 2618 2618 2618 2618
    2618 2618 2618 2618 2618 2618 2618 2618 2618 2767 2789 2767 2767
    2789 2789 0 0 0 0 0 1010 1010 1010 1013 1013 1013 1016 1016 1016
    1016 1016 1019 1019 1019 1022 1022 1022 1025 1025 1025 1025 1025
    1025 1025 1025 1025 1025 1025 1028 1028 1028 1028 1028 1028 1028
    1028 1031 1031 1034 1034 1034 1038 1034 1031 1031 1034 1034 1034
    1034 1034 2639 2639 2639 2618 2618 2618 2639 2659 2639 2639 2639
    2639 2639 2639 2639 2639 2639 2639 2639 2639 2639 2639 2639 2639
    2639 2639 2639 2639 2618 2618 2618 2618 2618 2618 2618 2618 2618
    2618 2618 2618 2618 2618 2812 2812 2789 2789 2789 2789 0 0 0 0 0
    1010 1010 1010 1013 1013 1013 1013 1016 1016 1016 1016 1016 1016
    1016 1019 1019 1022 1022 1022 1025 1025 1025 1025 1025 1025 1025
    1025 1025 1025 1025 1025 1025 1028 1028 1028 1028 1028 1028 1031
    1034 1034 1034 1031 1031 1031 1034 1034 1034 1034 1034 1034 1034
    1034 1038 2618 2618 2639 2659 2659 2659 2659 2659 2639 2639 2639
    2639 2639 2639 2639 2639 2639 2639 2639 2639 2639 2639 2639 2639
    2639 2639 2639 2618 2618 2618 2618 2618 2618 2618 2618 2618 2618
    2618 2812 2812 2812 2789 2789 2812 0 0 0 0 0 1010 1010 1010 1013
    1013 1013 1013 1013 1016 1016 1016 1016 1016 1016 1016 1016 1019
    1019 1019 1022 1022 1025 1025 1025 1025 1025 1025 1025 1025 1025
    1025 1025 1028 1028 1028 1028 1028 1028 1031 1034 1034 1034 1031
    1031 1031 1034 1034 1034 1034 1034 1034 1034 1034 1034 1038 1038
    1038 1038 1038 1038 2701 2680 2659 2639 2639 2639 2639 2659 2659
    2659 2639 2639 2659 2659 2659 2639 2639 2639 2639 2639 2639 2618
    2618 2639 2639 2639 2639 2639 2639 2618 2618 2618 2812 2812 2812
    2812 2812 2812 0 0 0 0 0 1010 1010 1010 1010 1010 1013 1013 1013
    1013 1016 1016 1016 1016 1016 1016 1016 1016 1016 1019 1019 1019
    1022 1022 1025 1025 1025 1025 1025 1025 1025 1025 1025 1028 1028
    1028 1028 1028 1028 1028 1031 1031 1031 1031 1031 1031 1034 1034
    1034 1034 1034 1034 1034 1034 1034 1038 1038 1038 1038 1038 1038
    1038 1038 1038 2659 2659 2680 2680 2701 2680 2680 2659 2659 2659
    2680 2659 2659 2659 2639 2639 2639 2639 2639 2639 2639 2639 2639
    2639 2639 2639 2639 2639 2639 2812 2812 2812 2812 2812 2812 0 0 0 0
    0 1010 1010 1010 1010 1010 1010 1013 1013 1013 1013 1013 1016 1016
    1016 1016 1016 1016 1016 1016 1016 1016 1022 1022 1022 1022 1022
    1025 1025 1025 1025 1025 1025 1025 1028 1028 1028 1028 1028 1028
    1031 1031 1031 1031 1031 1031 1031 1031 1031 1031 1034 1034 1034
    1034 1034 1034 1038 1038 1038 1038 1038 1038 1038 1038 1038 1038
    2701 2701 2701 2680 2639 2639 2680 2680 2680 2680 2659 2659 2639
    2639 2639 2639 2639 2639 2639 2639 2639 2639 2639 2639 2639 2639
    2639 2812 2812 2812 2812 2812 2812 0 0 0 0 0 1010 1007 1007 1007
    1007 1010 1010 1010 1010 1013 1013 1013 1013 1013 1016 1016 1016
    1016 1016 1016 1016 1019 1019 1022 1022 1022 1022 1022 1025 1025
    1025 1025 1025 1025 1025 1028 1028 1028 1028 1028 1028 1028 1028
    1028 1028 1031 1031 1031 1031 1031 1031 1031 1031 1034 1034 1038
    1038 1038 1038 1038 1038 1038 1038 1038 1038 1038 1038 1041 1044
    1044 1047 2680 2680 2680 2680 2680 2680 2659 2659 2659 2659 2659
    2659 2659 2659 2639 2639 2639 2639 2639 2659 2659 2835 2835 2812
    2812 2812 2812 0 0 0 0 0 1004 1004 1007 1007 1007 1010 1010 1010
    1010 1013 1013 1013 1013 1013 1013 1016 1016 1016 1016 1016 1016
    1016 1019 1019 1022 1019 1019 1022 1022 1022 1025 1025 1025 1025
    1025 1028 1028 1028 1028 1028 1028 1028 1028 1025 1025 1028 1028
    1028 1028 1031 1031 1031 1031 1031 1034 1034 1034 1034 1034 1034
