<?xml version="1.0"?>
<opencv_storage>
<Depth10566 type_id="opencv-matrix">
  <rows>110</rows>
  <cols>95</cols>
  <dt>w</dt>
  <data>
    3653 3653 3653 3692 3692 3692 3692 3692 3732 3732 3732 3732 3816
    3859 3859 3859 3859 3859 3859 3903 3903 3903 3948 3994 3948 3948
    3994 4041 4089 4089 4139 4139 4139 4139 4139 4139 4190 4190 4241
    4295 4295 4295 4295 4295 4349 4349 4349 4349 4405 4405 4463 4463
    4463 4463 4463 4463 4463 0 0 0 0 4582 4582 4582 4582 4645 4708 4708
    4708 4708 4708 4708 4774 4774 4774 4774 4774 774 771 764 762 761 761
    4582 4645 4645 4645 4645 4582 4582 4582 4582 4522 4522 4463 3692
    3692 3692 3692 3692 3692 3692 3692 3732 3732 3732 3732 3774 3816
    3859 3859 3859 3859 3859 3903 3903 3948 3948 3994 3948 3948 3994
    4041 4089 4089 4139 4139 4139 4139 4139 4139 4139 4190 4241 4241
    4295 4295 4295 4295 4349 4349 4349 4349 4349 4405 4463 4463 4463
    4463 4463 4463 4463 4463 0 0 4645 4645 4582 4582 4582 4645 4708 4645
    4645 741 741 4645 4708 4774 4842 4842 746 771 771 764 761 761 757
    752 752 752 752 752 752 4645 4645 4582 4522 4522 4463 3692 3692 3692
    3692 3732 3692 3692 3732 3732 3732 3732 3732 3774 3816 3816 3859
    3859 3859 3859 3903 3903 3903 3903 3948 3948 3948 3994 4041 4089
    4089 4139 4139 4139 4139 4139 4139 4139 4139 4139 4190 4241 4241
    4295 4349 4349 4349 4349 4349 4349 4405 4522 4522 4522 4522 4463
    4463 4463 0 0 0 0 0 0 728 728 728 4645 4645 4645 739 739 739 734 734
    734 746 746 744 744 744 747 747 750 750 750 750 750 752 752 0 0 0 0
    0 0 3692 3692 3692 3732 3732 3692 3692 3732 3732 3732 3732 3732 3774
    3774 3816 3859 3903 3903 3903 3903 3903 3903 3903 3948 3948 3948
    3994 4041 4089 4089 4139 4139 4139 4089 4089 4089 4089 4139 4139
    4139 4241 4241 4295 4295 4295 4349 4349 4349 4349 4349 4349 707 707
    707 0 0 0 0 0 0 0 0 0 0 728 728 728 728 728 728 730 736 734 734 738
    738 739 741 741 742 746 746 747 747 749 750 750 752 752 0 0 0 0 0 0
    3692 3692 3692 3732 3732 3732 3732 3732 3732 3732 3692 3692 3774
    3774 3816 3859 3859 3903 3903 3903 3903 3903 3903 3948 3994 4041
    4089 4089 4089 4089 4139 4139 4139 4089 4089 4089 4089 4139 4139
    4139 4295 4295 4349 4295 4295 4349 4349 4349 4349 0 0 0 707 0 0 0 0
    0 0 0 0 0 0 720 728 728 728 728 728 728 730 733 734 734 736 736 739
    739 741 741 742 744 747 747 749 749 750 752 754 0 0 0 0 0 0 3653
    3692 3692 662 661 661 3692 3732 3732 666 666 3692 3692 3692 666 666
    667 675 675 675 675 680 680 680 680 680 680 675 690 690 690 690 691
    691 691 687 687 687 4349 4349 4349 4349 691 691 691 697 697 697 697
    697 704 704 707 707 707 710 711 713 713 714 716 719 720 720 723 727
    727 727 727 728 728 730 733 733 734 736 738 739 741 741 742 744 746
    747 747 749 750 752 752 0 0 0 0 0 0 3653 3732 3732 662 661 661 661
    3732 667 666 666 666 666 666 666 0 0 0 675 675 675 678 679 680 680
    680 680 675 675 690 690 688 688 688 684 687 687 687 687 687 690 690
    691 691 691 697 697 697 697 697 704 704 704 706 707 708 710 713 713
    714 716 717 719 719 722 725 725 727 727 728 728 730 733 733 734 736
    738 739 741 741 742 744 746 747 747 749 750 752 752 0 0 0 0 0 0 3692
    3732 3732 662 661 661 661 661 667 667 666 666 666 666 666 667 667
    668 672 672 672 672 678 678 678 675 675 675 675 686 686 683 683 683
    684 684 686 686 687 687 687 688 690 691 691 693 696 697 697 700 703
    703 703 704 706 708 710 711 713 714 716 716 717 719 722 723 725 727
    727 728 728 730 733 733 734 736 738 739 741 741 742 744 746 747 747
    747 752 752 752 0 0 0 0 0 0 0 648 662 662 662 661 661 662 667 667
    667 666 666 662 662 667 667 668 671 671 671 670 670 674 674 674 674
    674 676 678 680 680 680 682 682 684 684 686 686 686 687 687 690 690
    691 693 696 697 698 700 701 703 703 704 706 708 710 711 713 714 716
    716 717 719 722 723 725 725 727 728 728 730 733 734 734 736 738 739
    741 741 742 744 746 747 747 747 752 752 752 0 0 0 0 0 0 0 648 648
    658 658 655 655 662 667 667 667 666 664 661 661 661 663 664 666 668
    668 670 670 670 671 672 674 674 675 676 679 679 679 680 680 683 684
    684 686 686 687 687 690 690 691 694 696 697 698 700 701 701 703 704
    706 708 710 711 713 714 716 716 717 720 722 723 725 725 727 728 728
    730 733 734 734 736 738 739 739 741 742 744 746 747 747 747 752 752
    752 0 0 0 0 0 0 0 648 648 648 649 649 650 650 650 652 652 652 654
    658 659 659 662 663 663 664 666 667 668 670 671 671 672 672 675 676
    679 679 679 680 680 683 684 684 686 686 687 688 690 691 691 694 696
    697 698 700 701 701 703 704 704 708 710 711 713 714 716 716 719 722
    722 723 725 727 727 728 730 731 733 734 736 738 738 739 739 741 742
    746 746 747 747 749 752 752 754 0 0 0 0 0 0 647 647 647 647 647 648
    649 649 650 652 652 652 654 657 658 659 661 662 663 664 664 666 668
    670 670 671 672 672 675 676 678 679 679 680 682 683 684 686 686 687
    687 688 690 691 691 694 696 697 698 700 701 701 703 704 704 708 710
    711 714 714 716 717 719 720 722 723 725 727 727 728 730 731 733 733
    734 738 738 739 739 741 742 746 746 747 747 749 752 752 754 0 0 0 0
    0 0 647 647 647 647 647 648 648 649 650 652 653 653 654 657 658 659
    661 662 663 664 664 666 668 670 670 670 672 672 675 676 678 679 679
    680 682 683 684 686 687 687 688 690 690 691 693 694 696 697 698 700
    701 703 703 704 707 708 710 711 714 714 716 717 719 720 722 723 725
    727 728 728 730 731 733 733 734 738 738 739 739 741 742 746 746 747
    747 749 752 754 755 0 0 0 0 0 0 648 647 647 647 647 647 648 649 650
    652 652 653 654 657 659 659 661 662 663 664 664 666 668 670 670 670
    672 672 675 676 679 679 679 680 683 684 684 686 686 687 688 690 690
    691 693 694 696 697 698 700 701 703 703 703 708 710 711 711 713 714
    716 717 719 720 722 723 725 727 728 728 730 731 733 734 734 738 739
    739 741 741 742 746 746 747 747 750 752 754 754 0 0 0 0 0 0 648 647
    647 647 647 647 648 648 650 652 652 653 654 657 658 659 661 661 662
    664 664 666 668 670 670 670 672 674 675 676 679 679 679 680 683 684
    684 686 686 687 688 690 690 691 693 694 696 697 698 700 701 701 703
    703 708 710 710 713 713 716 716 717 719 720 722 723 725 727 728 728
    728 731 733 734 734 738 739 739 741 741 746 746 746 747 747 749 752
    754 754 0 0 0 0 0 0 648 647 647 647 647 647 648 648 650 652 653 654
    655 658 658 659 661 661 662 663 666 666 668 668 670 671 672 675 675
    676 679 679 679 680 682 684 684 686 686 688 688 690 690 691 693 694
    696 697 698 700 701 701 703 703 708 708 710 711 714 716 716 719 719
    720 722 723 727 727 728 728 728 730 733 734 734 738 739 739 741 741
    746 746 747 747 747 749 752 754 754 0 0 0 0 0 0 646 646 647 647 647
    647 649 649 650 652 653 654 655 658 658 659 661 661 662 663 666 666
    668 668 670 671 672 675 675 676 679 679 679 680 682 683 684 686 686
    688 690 690 690 691 693 694 696 697 698 700 701 701 703 703 708 708
    710 711 714 716 716 719 719 720 722 723 725 727 728 728 728 730 733
    734 734 738 739 741 741 741 744 746 747 747 747 749 752 754 754 754
    0 0 0 0 0 646 646 647 647 647 647 649 649 650 652 653 654 655 658
    658 659 661 661 662 663 664 666 667 668 670 671 672 674 675 678 679
    679 679 680 682 683 684 686 686 688 690 690 691 693 693 696 696 697
    698 700 701 701 703 703 707 708 710 711 714 716 717 719 720 720 722
    723 725 727 728 728 730 730 733 734 734 738 739 741 741 741 744 746
    747 747 747 750 752 754 754 754 0 0 0 0 0 647 647 647 647 647 648
    649 649 652 652 653 654 657 658 658 659 661 662 662 663 664 666 667
    668 670 670 672 674 675 676 678 679 679 680 682 683 684 686 686 687
    690 690 691 693 694 696 696 697 698 700 701 703 703 704 707 708 710
    713 713 716 717 719 720 720 722 723 725 727 728 728 730 730 733 734
    734 738 739 741 741 741 746 746 747 747 749 750 752 754 755 755 0 0
    0 0 0 647 647 647 647 647 648 649 650 652 652 653 654 657 658 659
    659 661 662 663 663 664 666 667 668 670 670 674 674 675 676 678 679
