<?xml version="1.0"?>
<opencv_storage>
<Depth3883 type_id="opencv-matrix">
  <rows>9</rows>
  <cols>8</cols>
  <dt>w</dt>
  <data>
    4842 5056 5548 5548 5832 5832 5832 6146 5374 5374 5640 5734 5832
    5933 5933 6146 5734 5734 5734 5832 5832 5933 6038 6146 5832 5832
    5832 5832 5832 5933 6038 6038 5832 5832 5832 5933 5933 5933 6038
    5933 5734 5832 5832 5933 5933 5933 6038 5933 5734 5832 5832 5933
    5933 6038 6038 6038 5832 5832 5832 5933 6038 6038 6038 6038 5832
    5832 5832 5933 6038 6038 6259 6259</data></Depth3883>
</opencv_storage>
