<?xml version="1.0"?>
<opencv_storage>
<Depth0615 type_id="opencv-matrix">
  <rows>39</rows>
  <cols>7</cols>
  <dt>w</dt>
  <data>
    4983 4911 4911 4842 4842 4842 4842 4983 4911 4911 4911 4911 4911
    4842 4983 4911 4911 4911 4911 4911 4842 4911 4911 4911 4911 4911
    4911 4842 4911 4911 4911 4911 4911 4911 4911 4983 4983 4983 4983
    4911 4911 4911 4983 4983 4983 4983 4911 4911 4911 4983 4983 4983
    4983 4911 4911 4911 4983 4983 4983 4983 4911 4911 4911 4983 4983
    4983 4983 4911 4911 4911 4983 4983 4983 4983 4983 4911 4842 4983
    4983 4983 4983 4983 4911 4842 4983 4983 4983 4983 4911 4911 4842
    4983 4983 4983 4983 4911 4911 4842 4983 4983 4983 4983 4911 4911
    4842 4983 4983 4983 4983 4911 4911 4842 5056 4983 4983 4983 4983
    4911 4842 5056 4983 4983 4983 4911 4911 4842 5056 4983 4983 4983
    4911 4911 4911 5056 4983 4911 4911 4911 4911 4911 5056 4983 4911
    4911 4911 4911 4911 5056 4983 4983 4983 4911 4911 4911 5056 5056
    4983 4911 4911 4842 4842 5056 5056 4983 4911 4842 4774 4774 5056
    4983 4983 4911 4842 4774 4774 5056 4983 4983 4911 4911 4842 4842
    5056 5056 4983 4911 4911 4842 4842 5132 5056 5056 4983 4911 4911
    4842 5132 5056 5056 4983 4983 4911 4911 5132 5056 5056 4983 4983
    4911 4911 5132 5056 5056 4983 4983 4911 4911 5132 5056 4983 4983
    4983 4911 4911 5132 4983 4983 4983 4983 4983 4911 5056 4983 4983
    4983 4983 4983 4911 5056 4983 4983 4983 4983 4983 4911 5132 4983
    4983 4983 4983 4983 4911 5056 4983 4983 4983 4983 4983 4911 4983
    4911 4911 4983 4983 4983 4911 4983 4911 4911 4983 4983 5056 4911</data></Depth0615>
</opencv_storage>
