<?xml version="1.0"?>
<opencv_storage>
<Depth19015 type_id="opencv-matrix">
  <rows>121</rows>
  <cols>70</cols>
  <dt>w</dt>
  <data>
    0 0 0 0 0 0 0 0 0 0 0 0 995 992 992 987 984 981 975 975 973 970 959
    959 959 959 956 956 954 954 954 956 956 956 956 0 0 954 954 954 954
    954 954 956 959 967 970 970 973 975 978 984 987 989 992 998 998 1004
    1010 1013 1013 0 0 0 0 0 2028 2016 2016 2016 0 0 0 0 0 0 0 0 0 0 0 0
    995 995 992 987 984 981 975 975 973 970 959 959 959 959 956 956 954
    954 954 956 956 956 956 967 967 954 954 954 954 954 954 956 959 967
    970 970 973 975 978 981 987 989 992 998 998 1004 1010 1010 1013 0 0
    0 0 0 2028 2016 2016 2016 0 0 0 0 0 0 0 0 0 0 0 0 998 995 995 987
    984 981 978 975 973 973 967 967 970 962 962 962 959 959 962 962 962
    964 964 967 967 967 964 962 962 962 962 962 964 970 970 970 973 975
    978 981 987 989 992 998 998 1007 1010 1010 1007 1007 0 0 0 0 2028
    2028 2028 2028 0 0 0 0 0 0 0 0 0 0 0 0 998 995 995 992 987 984 978
    978 975 975 973 973 973 973 973 975 975 973 973 973 970 970 970 967
    967 967 967 967 967 970 970 973 973 975 973 973 978 978 981 984 987
    989 995 998 1001 1007 1010 1010 1007 1007 0 0 0 0 0 0 2040 2040 0 0
    0 0 0 0 0 0 0 0 0 0 998 998 998 995 989 987 987 984 981 981 981 984
    984 981 981 984 981 978 975 975 981 975 973 967 967 967 973 973 975
    981 975 975 975 978 978 978 981 981 984 987 987 989 995 998 1001
    1007 1010 1010 1010 1010 0 0 0 0 0 0 0 0 0 0 0 0 0 0 0 0 0 0 0 0 998
    998 998 995 995 995 995 992 992 989 989 989 987 987 987 989 989 989
    989 989 989 981 975 973 970 970 975 984 984 989 987 984 984 981 981
    984 987 987 987 989 989 992 998 998 1001 1007 1010 1010 1013 1013 0
    0 0 0 0 0 0 0 0 0 0 0 0 0 0 0 0 0 0 0 998 998 992 992 995 995 995
    995 995 995 995 995 992 992 995 995 995 998 998 1004 1004 981 973
    973 970 970 1004 1004 1001 1001 998 992 992 995 995 995 995 992 992
    995 998 998 1001 1001 1001 1007 1010 1010 1016 1016 0 0 0 0 0 0 0 0
    0 0 0 0 0 0 0 0 0 0 0 0 0 0 992 992 998 998 998 1001 998 998 998 998
    995 995 998 1001 1004 1007 1007 1007 1010 1010 964 964 964 959 959
    1010 1007 1007 1004 1004 1004 1004 1001 998 998 998 998 1004 1004
    1004 1004 1004 1004 1007 1010 1010 1019 1028 0 0 0 0 0 0 0 0 0 0 0 0
    0 0 0 0 0 0 0 0 0 0 0 0 887 1004 1004 1004 1004 1004 882 882 1010
    1010 1010 1010 1010 1010 1010 1010 1013 1025 962 962 962 959 959
    1013 1016 1013 1010 1010 1010 1010 1010 1010 1010 1013 1013 1019
    1019 1013 1013 1010 1010 1010 1010 1013 0 0 0 0 0 0 0 0 0 0 0 0 0 0
    0 0 0 0 0 0 0 0 0 0 0 887 887 885 885 885 885 882 882 882 882 1019
    1019 1019 1016 1016 1019 1019 1022 1025 962 962 962 959 959 1025
    1025 1025 1025 1022 1016 1016 1022 1022 1022 1022 1022 1025 1025
    1022 1019 1019 1019 0 0 0 0 0 0 0 0 0 0 0 0 0 0 0 0 0 0 0 0 0 0 0 0
    0 0 0 0 0 887 885 885 882 882 882 882 882 882 1028 1028 1028 1025
    1025 1025 1028 1028 1031 1031 964 962 962 1031 1031 1031 1031 1031
    1028 1025 1025 1028 1028 0 1025 1025 1031 1025 1025 0 0 0 0 0 0 0 0
    0 0 0 0 0 0 0 0 0 0 0 0 0 0 0 0 0 0 0 0 0 0 0 0 885 882 882 882 882
    882 882 882 882 1034 1034 1034 1034 1034 1034 1034 1034 1031 1031
    1031 1031 1034 1034 1034 1034 1034 1034 1031 1031 1028 1028 0 0 0 0
    0 0 0 0 0 0 0 0 0 0 0 0 0 0 0 0 0 0 0 0 0 0 0 0 0 0 0 0 0 0 0 0 0 0
    887 885 882 882 882 882 885 885 885 889 891 1034 1034 1034 1038 1044
    1041 1041 1041 1041 1041 0 1047 1047 1047 1038 1038 1038 1044 1041
    1041 0 0 0 0 0 0 0 0 0 0 0 0 0 0 0 0 0 0 0 0 0 0 0 0 0 0 0 0 0 0 0 0
    0 0 903 901 901 896 891 887 885 882 882 882 882 885 887 889 889 891
    894 898 908 910 910 1047 1044 1044 1044 0 0 0 1054 1054 1054 1054
    1050 1044 1044 1044 0 0 0 0 0 0 0 0 0 0 0 0 0 0 0 0 0 0 0 0 0 0 0 0
    0 0 0 0 0 0 0 0 0 913 903 901 901 894 887 885 882 882 882 882 882
    885 887 889 889 891 894 898 906 908 910 913 915 915 920 943 943 943
    1063 1063 1063 1060 1060 1047 1047 0 0 0 0 0 0 0 0 0 0 0 0 0 0 0 0 0
    0 0 0 0 0 0 0 0 0 0 0 0 0 0 0 918 918 913 908 901 901 894 887 885
    882 882 882 882 882 885 887 889 891 894 894 898 906 908 910 913 915
    920 920 943 943 943 943 1067 1067 1063 1063 1063 0 0 0 0 0 0 0 0 0 0
    0 0 0 0 0 0 0 0 0 0 0 0 0 0 0 0 0 0 0 0 928 925 920 918 915 913 908
    901 896 891 887 885 885 882 882 882 882 885 885 887 889 894 896 901
    906 908 910 913 915 920 923 938 938 940 943 943 948 1067 1067 0 0 0
    0 0 0 0 0 0 0 0 0 0 0 0 0 0 0 0 0 0 0 0 0 0 0 0 0 0 0 930 928 925
    920 918 915 913 910 901 896 891 889 887 885 885 882 880 880 882 882
    887 889 891 896 901 906 906 910 910 915 920 923 925 933 938 943 943
    948 948 0 0 0 0 0 0 0 0 0 0 0 0 0 0 0 0 0 0 0 0 0 0 0 0 0 0 0 0 0
    938 938 930 928 925 920 918 915 913 910 898 894 891 891 887 885 882
    880 878 878 880 882 887 887 891 896 898 906 906 910 910 915 920 923
    925 930 935 938 943 948 948 948 948 0 0 0 0 0 0 0 0 0 0 0 0 0 0 0 0
    0 0 0 0 0 0 0 0 0 0 0 938 938 935 930 925 920 918 915 913 903 898
    894 891 889 887 882 880 878 878 878 880 882 887 887 891 894 898 903
    906 908 910 920 923 923 925 930 933 938 943 948 948 948 948 951 959
    0 0 0 0 0 0 0 0 0 0 0 0 0 0 0 0 0 0 0 0 0 0 0 0 0 940 938 935 930
    925 920 918 918 910 903 898 894 891 889 887 882 880 878 878 878 880
    882 887 889 891 894 898 903 908 908 910 918 920 923 925 930 933 938
    943 946 948 951 951 951 959 967 970 0 0 0 0 0 0 0 0 0 0 0 0 0 0 0 0
    0 0 0 0 0 0 0 938 938 935 930 925 920 918 913 910 903 901 894 894
    889 887 882 880 878 878 880 882 882 887 889 891 894 901 903 906 908
    910 918 920 923 925 930 933 938 940 943 946 948 951 954 962 967 970
    975 975 975 0 0 0 0 0 0 0 0 0 0 0 0 0 0 0 0 0 0 0 0 938 935 935 930
    923 918 915 913 910 903 901 894 894 889 887 882 880 878 878 878 880
    882 887 889 891 894 901 906 906 908 910 915 920 923 923 928 935 938
    940 943 946 948 954 956 964 967 970 973 975 975 975 987 987 0 0 0 0
    0 0 0 0 0 0 0 0 0 0 0 0 0 938 935 933 930 920 918 915 915 913 901
    901 896 894 889 887 882 880 878 878 878 878 885 885 889 891 894 901
    906 906 908 913 915 920 923 923 928 933 935 938 940 943 948 954 956
    964 967 967 973 975 975 975 987 987 992 995 0 0 0 0 0 0 0 0 0 0 0 0
    0 0 0 938 935 933 928 920 918 915 915 910 901 901 894 894 889 887
    882 878 875 875 875 878 882 885 887 889 891 898 903 906 906 913 915
    920 923 925 930 933 933 938 940 943 948 954 954 962 964 967 970 978
    981 984 987 989 992 995 1013 1013 0 0 0 0 0 0 0 0 0 0 0 0 0 935 935
    933 925 920 918 915 915 910 903 898 894 891 889 887 882 878 875 875
    875 878 882 885 887 889 891 898 903 903 906 913 915 920 923 925 930
    930 933 935 940 943 948 951 954 959 964 970 970 978 978 984 987 992
    995 998 1001 1007 1007 1010 0 0 0 0 0 0 0 0 0 0 0 935 935 930 923
    920 918 915 915 910 903 898 894 891 889 887 882 878 875 875 875 878
    880 882 887 889 894 898 901 903 908 910 913 918 920 925 928 930 933
    935 938 943 948 951 954 959 964 970 973 975 978 981 987 992 995 998
    1001 1007 1007 1010 1013 1019 0 0 0 0 0 0 0 0 0 935 935 930 923 920
    918 915 915 910 903 898 894 891 887 885 882 878 875 875 875 878 880
    882 885 889 894 898 901 903 908 910 913 918 920 923 925 930 933 935
    938 940 946 951 954 959 962 967 970 975 978 978 981 989 995 998 1001
    1007 1010 1010 1013 1019 1025 1031 1031 1038 0 0 0 0 0 935 935 930
    925 920 918 915 913 910 901 896 894 891 887 882 880 875 875 875 875
    880 880 882 885 887 894 896 901 903 906 913 913 918 920 923 925 930
    933 935 938 940 946 948 954 959 962 967 970 975 978 978 981 987 992
    995 998 1007 1010 1013 1016 1019 1025 1031 1031 1034 1044 1047 0 0 0
    938 933 933 925 920 915 913 913 910 901 896 894 891 887 882 880 875
    875 875 875 880 880 880 885 887 894 896 898 903 906 910 913 918 920
    923 923 928 930 935 938 943 946 948 951 956 962 964 970 973 978 978
    981 987 989 995 998 1007 1010 1013 1016 1025 1028 1031 1031 1034
