<?xml version="1.0"?>
<opencv_storage>
<Depth12967 type_id="opencv-matrix">
  <rows>26</rows>
  <cols>9</cols>
  <dt>w</dt>
  <data>
    5640 5640 5460 5210 4911 4911 4842 4842 4774 5640 5640 5460 4983
    4911 4911 4842 4842 4774 5734 5734 5460 4983 4911 4911 4842 4774
    4774 5734 5734 5734 4983 4983 4911 4842 4774 4774 5734 5734 5734
    4842 4842 4911 4842 4842 4842 5734 5734 4983 4842 4842 4911 4842
    4842 4842 5734 5734 4983 4911 4911 4842 4774 4708 4708 5734 5734
    4983 4983 4911 4842 4774 4645 4582 5734 5734 4911 4911 4911 4911
    4774 4645 4582 5734 5734 4911 4911 4911 4911 4774 4708 4708 5734
    5734 4911 4911 4911 4911 4774 4774 0 5734 5132 4983 4911 4842 4842
    4842 4842 0 5734 5132 4983 4911 4842 4774 4774 0 0 5832 4983 4911
    4911 4842 4774 4774 0 0 5832 4911 4911 4842 4842 4774 4774 0 0 5832
    4911 4911 4842 4842 4842 4842 0 0 4911 4911 4911 4911 4911 4842 4842
    0 0 4842 4842 4842 4911 4911 4842 4774 4774 0 4842 4842 4842 4911
    4983 4983 4774 4774 0 4983 4842 4842 4911 4911 4911 4983 5056 0 4842
    4842 4842 4911 4911 4911 4911 0 0 4842 4842 4842 4911 4911 4911 4911
    0 0 4911 4911 4911 4983 4911 4911 4911 0 0 4911 4911 4983 4983 4842
    4842 4911 0 0 4911 4983 4983 4983 4842 4842 0 0 0 4983 4983 4983
    5056 4842 4842 0 0 0</data></Depth12967>
</opencv_storage>
