<?xml version="1.0"?>
<opencv_storage>
<Depth6644 type_id="opencv-matrix">
  <rows>83</rows>
  <cols>60</cols>
  <dt>w</dt>
  <data>
    3903 3903 3903 3903 3903 3903 3859 3859 3859 3859 3859 3859 3859
    3859 3859 3859 3859 3859 3859 3859 3903 3903 3903 3903 3903 3903
    3859 3859 3859 3903 3903 3859 3816 3774 3774 3816 3816 3816 1210
    1210 1210 1206 1197 1189 1189 1189 1189 1189 1189 3774 3774 3774
    3774 3774 3774 3774 3774 3774 3774 3774 3903 3903 3903 3948 3903
    3903 3903 3859 3859 3859 3859 3859 3859 3859 3859 3859 3859 3859
    3859 3859 3903 3903 3903 3903 3859 3859 3859 3859 3859 3903 3903
    3859 3816 3774 3774 3816 1206 1206 1210 1206 1202 1197 1189 1189
    1189 1189 1189 1189 1189 1189 1197 3774 3774 3774 3774 3774 3774
    3774 3774 3774 3903 3903 3903 3903 3903 3903 3859 3859 3859 3859
    3859 3859 3859 3859 3859 3859 3859 3859 3816 3816 3903 3903 3903
    3903 3859 3859 3859 3859 3859 3903 1241 1241 1236 1227 1223 1223
    1206 1206 1210 1206 1202 1197 1189 1189 1185 1185 1189 1189 1189
    1197 1197 1206 3774 3774 3774 3774 3774 3774 3774 3774 3859 3859
    3903 3903 3903 3903 3859 3859 3859 3859 3859 3859 3859 3859 3859
    3859 3859 3816 3816 3816 3859 3859 3859 3816 3816 3774 3774 3859
    3859 3903 1241 1241 1236 1227 1223 1223 1223 1214 1210 1206 1197
    1189 1189 1185 1185 1185 1189 1189 1193 1197 1197 1206 1206 1236
    1236 3774 3774 3774 3774 3774 3859 3859 3859 3859 3859 3859 3859
    3859 3859 3859 3859 3859 3816 3816 3816 3816 3816 3816 3816 3816
    3859 3859 3816 3816 3816 1268 1268 3903 3903 3948 1241 1241 1236
    1227 1227 1227 1223 1214 1210 1206 1197 1189 1189 1185 1185 1185
    1189 1189 1193 1197 1197 1202 1206 1219 1227 1227 1223 3774 3774
    3774 3859 3859 3859 3859 3859 3859 3859 3859 3859 3859 3859 3859
    3816 3774 3774 3774 3774 3774 3816 3816 3859 1288 1283 1278 1273
    1268 1264 1259 1255 1250 1241 1236 1236 1227 1227 1223 1219 1214
    1210 1206 1202 1189 1185 1185 1185 1185 1189 1189 1193 1193 1193
    1197 1210 1219 1223 1223 1223 3816 3816 3816 3859 3859 3859 3859
    3859 3859 3859 3859 3859 3859 3859 3816 3816 3774 3732 3732 3774
    3774 1302 1297 1292 1288 1283 1278 1273 1264 1264 1259 1255 1250
    1241 1236 1232 1227 1223 1219 1214 1210 1206 1202 1202 1189 1185
    1185 1185 1185 1189 1189 1193 1193 1193 1197 1210 1214 1219 1219
    1219 1223 3816 3816 3859 3859 3859 3859 3859 3859 3859 3859 3859
    3816 3816 3816 3816 3732 3692 3692 3692 1307 1297 1297 1292 1288
    1283 1278 1273 1264 1259 1259 1255 1250 1236 1232 1227 1227 1223
    1219 1214 1210 1206 1202 1197 1189 1185 1185 1185 1185 1185 1189
    1193 1193 1193 1197 1210 1214 1219 1219 1223 1223 3816 3816 3859
    3859 3859 3859 3859 3859 3859 3859 3859 3816 3816 3816 3816 1322
    1317 1317 1312 1307 1297 1297 1292 1288 1283 1278 1273 1264 1259
    1255 1255 1250 1236 1232 1227 1227 1223 1214 1214 1206 1202 1202
    1193 1189 1185 1185 1185 1185 1185 1185 1189 1193 1197 1197 1210
    1210 1214 1219 1223 1236 1236 3859 3859 3859 3859 3859 3859 3859
    3859 3859 3859 3859 3859 1333 1333 1322 1317 1317 1312 1307 1297
    1297 1292 1288 1283 1278 1268 1264 1259 1255 1255 1250 1236 1232
    1227 1223 1219 1214 1210 1206 1202 1197 1193 1189 1189 1185 1181
    1181 1185 1185 1189 1193 1197 1197 1206 1210 1210 1214 1223 1223
    1223 1223 3859 3859 3903 3903 3903 3903 3859 3859 3859 1338 1338
    1333 1333 1328 1322 1322 1317 1307 1297 1297 1292 1283 1283 1273
    1268 1264 1259 1255 1250 1241 1236 1227 1223 1223 1214 1210 1210
    1206 1202 1197 1189 1185 1181 1177 1177 1181 1181 1185 1189 1193
    1197 1202 1206 1210 1210 1214 1223 1223 1223 0 3816 3859 3903 3903
    1376 1365 1365 1365 1343 1343 1338 1333 1333 1328 1317 1317 1317
    1307 1297 1292 1288 1283 1278 1273 1268 1264 1259 1255 1245 1241
    1236 1227 1223 1223 1214 1210 1210 1206 1202 1197 1189 1181 1177
    1177 1177 1177 1181 1185 1189 1193 1193 1202 1206 1210 1210 1214
    1223 1227 1227 0 3816 3816 3816 1365 1365 1359 1359 1359 1359 1343
    1338 1333 1333 1328 1317 1317 1317 1297 1297 1288 1288 1283 1278
    1273 1268 1264 1259 1255 1245 1241 1236 1227 1223 1219 1214 1210
    1210 1206 1202 1193 1185 1181 1177 1177 1177 1177 1181 1185 1189
    1193 1193 1202 1206 1210 1214 1214 1223 1227 1227 0 3859 3859 0 1365
    1365 1359 1359 1354 1349 1343 1338 1333 1328 1322 1317 1317 1312
    1297 1292 1288 1283 1283 1278 1273 1268 1264 1259 1255 1241 1236
    1232 1227 1223 1219 1210 1210 1210 1202 1197 1189 1185 1181 1177
    1177 1177 1177 1177 1185 1189 1193 1193 1197 1206 1210 1214 1214
    1223 1227 1227 0 3859 0 0 1365 1365 1365 1359 1354 1349 1338 1338
    1333 1328 1322 1317 1317 1312 1297 1292 1288 1283 1283 1278 1273
    1268 1264 1259 1255 1241 1236 1232 1227 1223 1219 1210 1210 1206
    1202 1197 1189 1181 1181 1177 1177 1177 1177 1177 1185 1189 1189
    1193 1197 1206 1206 1210 1210 1214 1223 1223 0 3859 0 1365 1365 1365
    1359 1359 1354 1349 1338 1338 1333 1322 1317 1312 1312 1312 1297
    1292 1288 1283 1278 1273 1273 1264 1259 1259 1250 1241 1232 1227
    1227 1223 1219 1214 1210 1206 1197 1197 1189 1181 1177 1173 1173
    1173 1173 1173 1181 1185 1189 1193 1197 1202 1206 1210 1210 1210
    1214 1214 1210 3859 0 1365 1365 1365 1359 1359 1354 1343 1338 1333
    1333 1322 1317 1312 1312 1312 1297 1292 1288 1283 1278 1273 1268
    1264 1259 1255 1250 1241 1232 1227 1223 1219 1219 1210 1206 1202
    1197 1197 1189 1181 1177 1173 1173 1173 1173 1173 1181 1185 1189
    1193 1197 1202 1206 1210 1210 1210 1210 1210 1210 3859 0 1365 1365
    1365 1359 1359 1354 1343 1338 1333 1333 1322 1317 1312 1312 1302
    1297 1292 1288 1283 1273 1268 1264 1264 1259 1255 1245 1241 1232
    1227 1223 1219 1210 1210 1206 1202 1197 1193 1185 1181 1177 1173
    1173 1169 1169 1173 1181 1185 1189 1193 1193 1197 1206 1210 1210
    1210 1210 1210 1210 3859 0 1376 1376 1365 1359 1354 1349 1343 1338
    1333 1328 1322 1317 1312 1312 1302 1292 1288 1288 1283 1273 1268
    1264 1264 1259 1255 1245 1236 1232 1227 1223 1219 1210 1210 1206
    1202 1193 1189 1185 1181 1177 1169 1169 1169 1169 1173 1181 1185
    1189 1193 1193 1197 1202 1206 1210 1210 1210 1214 1214 0 0 1376 1376
    1365 1359 1354 1349 1343 1338 1333 1322 1317 1312 1307 1307 1302
    1292 1288 1283 1278 1278 1273 1264 1264 1259 1259 1245 1236 1232
    1227 1223 1219 1214 1210 1206 1202 1193 1189 1185 1181 1177 1169
    1169 1169 1173 1173 1177 1181 1185 1189 1193 1197 1202 1206 1210
    1210 1214 1214 1214 0 1376 1370 1370 1365 1354 1354 1343 1338 1338
    1328 1322 1317 1312 1307 1307 1297 1292 1283 1283 1278 1273 1268
    1264 1259 1259 1255 1241 1241 1232 1227 1223 1219 1214 1210 1206
    1202 1193 1189 1185 1181 1173 1169 1169 1169 1169 1173 1177 1181
    1185 1189 1193 1193 1202 1206 1210 1210 1214 1214 0 0 1376 1376 1365
    1359 1354 1349 1343 1338 1338 1328 1322 1317 1312 1307 1302 1297
    1292 1283 1278 1278 1273 1264 1264 1259 1255 1250 1241 1241 1232
    1227 1223 1219 1214 1210 1206 1197 1193 1189 1185 1177 1173 1165
    1165 1169 1169 1173 1177 1181 1185 1189 1193 1193 1202 1206 1206
    1210 1214 1214 0 0 1376 1376 1365 1359 1354 1349 1338 1338 1333 1328
    1322 1317 1312 1307 1297 1297 1292 1283 1278 1278 1273 1264 1264
    1259 1250 1245 1241 1241 1232 1227 1219 1219 1210 1206 1206 1197
    1193 1185 1181 1177 1173 1165 1165 1169 1169 1173 1177 1177 1181
    1185 1189 1193 1202 1206 1206 1210 1210 1210 0 0 0 1359 1359 1359
    1349 1343 1338 1333 1333 1322 1322 1317 1312 1307 1297 1297 1292
    1283 1278 1278 1273 1264 1264 1259 1250 1245 1241 1236 1227 1223
    1214 1210 1210 1206 1202 1197 1189 1185 1181 1177 1169 1165 1165
    1169 1169 1169 1177 1177 1181 1181 1185 1193 1202 1202 1206 1210
    1210 1210 0 0 0 1370 1359 1359 1349 1338 1338 1333 1328 1322 1317
    1312 1312 1307 1297 1292 1288 1283 1278 1278 1268 1264 1259 1255
    1245 1241 1241 1232 1227 1223 1214 1210 1210 1206 1202 1197 1189
    1185 1177 1177 1169 1165 1165 1165 1165 1169 1177 1177 1177 1181
