<?xml version="1.0"?>
<opencv_storage>
<Depth7159 type_id="opencv-matrix">
  <rows>48</rows>
  <cols>33</cols>
  <dt>w</dt>
  <data>
    4708 4708 2116 2116 2090 2090 2090 2116 2143 2143 2156 2143 2116
    2116 2143 2143 2143 2156 2156 2156 2184 2184 2184 2184 2198 2198
    2198 2198 2212 2184 2156 2156 2170 4774 2116 2116 2116 2116 2090
    2090 2116 2143 2143 2143 2143 2116 2116 2143 2143 2143 2156 2156
    2156 2170 2170 2184 2184 2184 2198 2184 2184 2184 2184 2156 2156
    2170 2116 2116 2116 2116 2116 2116 2116 2116 2129 2143 2143 2143
    2143 2143 2143 2143 2143 2156 2143 2143 2156 2170 2170 2170 2170
    2156 2156 2156 2156 2170 2184 2184 2184 2143 2116 2116 2116 2116
    2116 2116 2116 2129 2129 2143 2143 2143 2143 2143 2143 2143 2143
    2143 2143 2156 2156 2156 2170 2170 2156 2156 2156 2156 2170 2184
    2184 2184 2143 2116 2116 2116 2116 2116 2116 2116 2129 2129 2143
    2143 2143 2143 2143 2143 2143 2143 2143 2143 2156 2156 2156 2170
    2170 2170 2170 2170 2170 2170 2170 2170 2184 2143 2116 2116 2116
    2116 2116 2116 2129 2143 2143 2143 2143 2143 2143 2143 2143 2143
    2143 2143 2143 2143 2156 2156 2156 2170 2156 2156 2170 2170 2170
    2156 2156 2170 2143 2143 2129 2129 2129 2129 2129 2129 2143 2143
    2143 2143 2143 2143 2143 2143 2143 2143 2143 2143 2143 2156 2156
    2156 2156 2156 2156 2170 2170 2170 2156 2156 2170 2143 2143 2129
    2116 2116 2129 2129 2143 2143 2143 2143 2143 2143 2143 2143 2143
    2156 2143 2143 2143 2156 2156 2156 2156 2156 2170 2170 2170 2170
    2170 2156 2156 2156 2143 2143 2129 2116 2116 2129 2129 2143 2143
    2143 2143 2143 2143 2143 2143 2143 2156 2156 2156 2156 2156 2156
    2156 2156 2156 2156 2170 2170 2170 2184 2156 2156 2156 2143 2143
    2129 2129 2129 2129 2143 2143 2143 2143 2143 2143 2143 2143 2143
    2143 2156 2156 2156 2156 2156 2156 2156 2156 2156 2156 2170 2170
    2170 2170 2170 2170 2170 2103 2103 2129 2116 2116 2116 2129 2129
    2143 2143 2143 2143 2143 2143 2143 2143 2156 2156 2156 2156 2156
    2156 2156 2156 2156 2170 2170 2170 2170 2170 2156 2156 2156 2103
    2103 2116 2116 2116 2116 2129 2129 2143 2143 2143 2143 2143 2143
    2143 2156 2156 2156 2156 2156 2156 2156 2156 2156 2156 2170 2170
    2170 2170 2170 2156 2156 2156 2090 2090 2116 2116 2116 2129 2129
    2129 2129 2143 2143 2143 2143 2143 2143 2156 2156 2156 2156 2156
    2156 2156 2156 2156 2156 2170 2170 2170 2170 2184 2184 2156 2156
    2090 2090 2116 2116 2129 2129 2129 2129 2129 2143 2143 2143 2143
    2156 2156 2156 2156 2156 2156 2156 2156 2170 2156 2156 2156 2156
    2170 2170 2170 2184 2184 2170 2170 2090 2090 2116 2116 2129 2129
    2129 2129 2129 2143 2143 2143 2156 2156 2156 2156 2156 2156 2156
    2156 2156 2170 2170 2156 2156 2156 2184 2184 2184 2184 2184 2184
    2184 2103 2103 2129 2129 2143 2129 2129 2129 2129 2143 2143 2143
    2156 2156 2156 2156 2156 2156 2156 2156 2156 2170 2156 2156 2156
    2170 2184 2184 2184 2184 2184 2184 2184 2156 2143 2143 2143 2143
    2143 2129 2129 2129 2143 2143 2143 2156 2156 2156 2156 2156 2156
    2156 2156 2156 2170 2156 2156 2156 2170 2184 2184 2184 2184 2184
    2184 2184 2156 2143 2143 2143 2143 2143 2143 2143 2143 2143 2143
    2143 2156 2156 2156 2156 2156 2156 2156 2156 2156 2156 2170 2170
    2170 2170 2184 2184 2184 2184 2198 2198 2198 2156 2143 2143 2143
    2143 2143 2143 2143 2143 2143 2143 2143 2143 2156 2156 2156 2156
    2156 2156 2156 2156 2156 2170 2170 2170 2170 2184 2184 2184 2184
    2184 2198 2198 4842 2143 2143 2143 2143 2143 2143 2143 2143 2143
    2143 2143 2143 2156 2156 2156 2156 2156 2156 2170 2156 2156 2170
    2170 2170 2170 2184 2184 2184 2184 2184 2184 2184 2116 2116 2129
    2143 2143 2143 2143 2143 2143 2143 2143 2143 2143 2143 2156 2156
    2156 2156 2156 2156 2156 2156 2170 2170 2170 2170 2184 2184 2184
    2184 2170 2170 2170 2116 2116 2129 2129 2143 2143 2143 2143 2143
    2143 2143 2143 2143 2143 2143 2156 2156 2156 2156 2156 2156 2156
    2170 2170 2170 2170 2184 2184 2184 2184 2170 2170 2170 2116 2116
    2129 2129 2143 2143 2143 2143 2143 2143 2143 2143 2143 2143 2143
    2156 2156 2156 2143 2143 2156 2156 2170 2170 2170 2170 2184 2184
    2184 2184 2170 2170 2170 2116 2116 2143 2156 2143 2143 2143 2143
    2143 2143 2143 2143 2143 2143 2156 2156 2156 2156 2143 2143 2156
    2156 2170 2170 2170 2170 2184 2184 2184 2184 2170 2170 2170 2156
    2143 2143 2143 2143 2143 2143 2143 2143 2143 2143 2156 2156 2156
    2156 2156 2170 2143 2143 2143 2156 2156 2170 2170 2170 2170 2170
    2184 2184 2184 2170 2170 2198 2156 2143 2143 2143 2143 2143 2143
    2143 2156 2143 2143 2156 2156 2156 2156 2156 2156 2143 2143 2143
    2156 2156 2170 2170 2170 2170 2170 2184 2184 2184 2170 2170 2184
    2143 2143 2143 2143 2143 2143 2143 2143 2143 2143 2143 2156 2156
    2156 2156 2156 2156 2156 2156 2156 2156 2184 2170 2170 2170 2170
    2184 2184 2184 2184 2170 2156 2156 2143 2143 2143 2143 2143 2143
    2143 2143 2143 2143 2143 2156 2156 2156 2156 2156 2156 2156 2156
    2156 2156 2184 2184 2170 2170 2170 2184 2184 2184 2184 2184 2156
    2156 4708 2143 2143 2143 2143 2143 2143 2143 2143 2143 2156 2156
    2156 2156 2156 2156 2156 2156 2156 2156 2170 2170 2170 2170 2184
    2184 2184 2198 2198 2198 2184 2184 2184 4708 2143 2143 2143 2143
    2143 2143 2143 2143 2143 2143 2143 2156 2156 2156 2156 2156 2156
    2156 2156 2156 2170 2170 2170 2184 2184 2184 2184 2198 2184 2184
    2184 2184 4708 2143 2143 2143 2143 2143 2143 2143 2143 2143 2143
    2143 2156 2156 2156 2156 2156 2156 2156 2156 2156 2170 2170 2170
    2184 2184 2184 2184 2198 2184 2184 2198 2198 2143 2143 2143 2143
    2143 2143 2143 2143 2143 2143 2143 2143 2156 2156 2156 2156 2156
    2156 2156 2156 2156 2170 2170 2170 2170 2184 2184 2184 2198 2184
    2184 2184 2212 2143 2143 2143 2143 2143 2143 2143 2143 2143 2143
    2143 2143 2156 2156 2156 2156 2156 2156 2156 2156 2156 2170 2170
    2170 2170 2170 2184 2184 2184 2184 2184 2198 2212 2129 2129 2143
    2143 2143 2143 2143 2143 2143 2143 2143 2143 2156 2156 2156 2156
    2156 2156 2156 2170 2170 2184 2170 2170 2156 2156 2184 2184 2184
    2198 2198 2198 2212 2129 2129 2129 2143 2143 2143 2143 2143 2143
    2143 2143 2143 2143 2156 2170 2170 2170 2156 2156 2170 2170 2170
    2170 2170 2156 2156 2184 2198 2198 2198 2198 2198 2212 2143 2129
    2129 2143 2143 2143 2143 2143 2143 2143 2143 2143 2143 2156 2156
    2170 2170 2156 2143 2143 2170 2170 2170 2170 2170 2184 2184 2198
    2198 2198 2198 2198 2198 2143 2129 2129 2143 2143 2143 2143 2143
    2143 2143 2143 2143 2143 2143 2156 2156 2156 2156 2143 2143 2170
    2170 2184 2170 2170 2184 2184 2184 2198 2198 2198 2198 2198 2156
    2143 2143 2143 2129 2129 2143 2143 2143 2143 2143 2143 2143 2143
    2156 2156 2156 2156 2156 2156 2170 2170 2170 2170 2170 2184 2184
    2184 2184 2198 2198 2198 2198 2156 2143 2129 2129 2129 2129 2143
    2143 2143 2143 2143 2143 2143 2143 2156 2156 2156 2156 2156 2156
    2170 2170 2170 2184 2184 2184 2184 2184 2184 2198 2184 2184 2184
    2116 2116 2116 2116 2116 2129 2143 2143 2156 2143 2143 2143 2143
    2143 2156 2156 2156 2156 2156 2156 2156 2170 2170 2184 2184 2184
    2184 2184 2184 2184 2184 2156 2156 2116 2116 2116 2116 2116 2129
    2143 2143 2156 2156 2156 2143 2143 2156 2156 2156 2156 2156 2156
    2156 2156 2170 2170 2170 2184 2184 2184 2184 2184 2184 2184 2156
    2156 2116 2116 2116 2116 2116 2129 2143 2143 2156 2156 2156 2156
    2156 2156 2156 2156 2156 2156 2156 2156 2170 2170 2170 2170 2170
    2184 2184 2184 2198 2184 2184 2156 2156 2116 2116 2116 2116 2129
    2129 2143 2143 2156 2156 2156 2156 2156 2156 2156 2156 2156 2156
    2156 2156 2156 2156 2170 2170 2170 2170 2184 2184 2198 2198 2198
    2170 2170 2116 2116 2116 2116 2129 2129 2143 2143 2156 2156 2170
    2156 2156 2156 2156 2156 2156 2156 2156 2170 2156 2156 2156 2170
    2170 2170 2184 2184 2198 2198 2198 2198 4582 2116 2116 2129 2129
    2129 2143 2143 2156 2156 2156 2170 2170 2170 2170 2170 2170 2170
    2156 2156 2156 2156 2156 2156 2156 2156 2156 2184 2184 2198 2198
