<?xml version="1.0"?>
<opencv_storage>
<Depth4409 type_id="opencv-matrix">
  <rows>12</rows>
  <cols>13</cols>
  <dt>w</dt>
  <data>
    2859 2859 2859 4522 4522 4349 4241 4241 4295 4295 4349 4139 4139
    2835 2835 2835 4405 4405 4295 4190 4190 4241 4241 4241 4139 4139
    2835 2835 4349 4349 4349 4295 4190 4190 4241 4241 4190 4190 4139
    2835 4405 4349 4349 4295 4295 4241 4241 4190 4190 4190 4190 4089
    4405 4405 4349 4349 4295 4295 4241 4241 4190 4139 4139 4139 4089
    4405 4405 4405 4349 4295 4295 4241 4139 4139 4139 4139 4139 4089
    4405 4405 4405 4349 4295 4295 4295 4139 4139 4139 4089 4089 4089
    4405 4405 4463 4405 4349 4349 4295 4241 4139 4139 4089 4089 4089
    4463 4405 4405 4405 4349 4349 4295 4241 4139 4139 4139 4139 4139
    4405 4349 4349 4405 4349 4349 4295 4241 4190 4139 4139 4139 0 4349
    4295 4295 4349 4241 4241 4295 4241 4241 4241 4295 0 0 4295 4241 4241
    4295 4190 4190 4295 4241 4241 4295 4522 0 0</data></Depth4409>
</opencv_storage>
