<?xml version="1.0"?>
<opencv_storage>
<Depth16564 type_id="opencv-matrix">
  <rows>123</rows>
  <cols>72</cols>
  <dt>w</dt>
  <data>
    3092 3064 3064 3037 3010 3010 946 946 946 946 3010 3010 2984 2984
    2984 2958 2958 2958 2984 2984 2984 2984 2958 2958 2984 2958 2958
    2933 2908 2908 2908 2908 2933 2933 2908 2908 2908 2908 2908 918 918
    2908 2933 2908 2908 2883 2835 2835 2883 2908 2883 2883 2859 2835 903
    903 903 898 908 908 906 901 896 894 889 889 2812 2812 0 0 0 0 3092
    3092 3064 3037 3010 3010 946 946 946 946 943 940 940 940 940 2958
    2958 2958 925 925 925 2984 2958 2958 2984 2958 2958 2933 2908 2908
    2908 2933 2933 2933 915 915 913 913 918 918 918 896 896 896 896 896
    913 913 913 2908 2908 2908 901 901 901 901 898 898 903 901 901 896
    891 889 887 887 882 882 878 878 0 0 3092 3092 3064 3037 3010 3010
    946 946 946 943 940 938 935 935 925 925 925 928 925 923 923 925 925
    925 915 915 915 915 920 923 918 913 913 913 913 913 913 913 915 915
    906 896 896 896 896 898 903 903 903 901 898 898 898 898 898 896 894
    894 894 896 896 891 889 889 887 887 882 882 878 878 0 0 3120 946 938
    938 938 935 935 938 938 938 938 935 935 933 925 925 925 925 925 923
    923 923 923 920 915 915 915 915 918 918 918 913 910 910 910 910 910
    910 910 908 906 898 898 896 896 898 901 901 901 898 898 898 896 896
    896 891 891 889 889 889 889 889 889 887 887 887 882 882 878 878 0 0
    3120 943 938 938 938 935 935 938 938 935 935 935 933 930 928 928 928
    925 925 923 923 923 923 920 918 915 915 915 918 918 915 913 910 910
    910 908 908 908 908 908 906 906 901 901 901 901 898 898 898 898 896
    896 894 894 894 891 891 889 889 889 889 889 887 887 887 887 885 882
    878 878 0 0 935 935 935 935 935 938 938 938 935 935 933 933 933 930
    930 928 925 925 923 923 923 923 923 920 920 918 915 915 915 915 915
    913 910 910 908 908 908 908 906 906 906 906 903 901 901 901 898 898
    898 898 896 896 894 894 894 891 891 889 889 889 889 889 887 887 887
    887 887 885 880 880 880 0 935 935 935 935 935 938 938 938 935 935
    933 933 930 930 928 928 925 925 923 923 923 923 923 920 920 918 915
    915 915 915 915 913 910 910 908 908 908 908 906 906 906 906 906 903
    903 901 901 901 898 898 896 896 894 894 894 894 894 891 889 889 889
    887 887 887 887 887 887 887 882 880 880 0 935 935 938 938 938 938
    935 935 933 933 933 930 930 928 928 928 928 925 923 923 923 923 923
    920 918 918 915 915 915 915 913 913 913 910 908 908 908 908 908 906
    906 903 903 903 903 903 903 901 898 898 896 896 894 894 896 894 894
    891 889 889 889 887 887 887 887 887 887 887 885 885 0 0 0 938 938
    940 940 938 935 933 933 933 933 930 930 928 928 928 928 925 925 923
    923 923 920 918 918 915 915 915 915 915 913 913 913 910 910 910 908
    908 908 906 906 903 903 903 903 903 903 901 898 898 896 896 894 894
    896 894 894 891 889 889 889 887 887 887 887 887 887 887 887 887 0 0
    0 938 938 940 938 935 935 933 933 933 933 933 930 928 928 928 928
    925 925 923 923 923 920 918 918 915 915 915 918 915 915 913 913 913
    910 910 908 908 908 906 906 903 903 903 903 903 901 901 898 898 898
    896 896 896 896 894 891 891 889 889 889 887 887 887 887 887 887 887
    887 887 0 0 0 935 935 938 938 935 935 933 933 933 933 933 930 930
    928 928 928 925 925 925 923 923 920 918 918 915 915 915 918 915 915
    913 913 913 913 910 910 908 908 906 906 903 903 903 903 901 901 898
    898 898 898 896 896 896 896 894 891 891 889 889 889 887 887 887 887
    887 887 887 887 885 885 0 933 933 935 938 940 938 935 933 933 933
    933 933 930 930 930 930 928 928 925 925 925 923 920 918 918 918 918
    918 918 915 915 913 913 913 913 913 910 908 908 908 906 906 906 903
    903 901 901 898 898 898 898 898 896 896 896 894 894 894 891 891 889
    889 887 887 887 887 887 887 887 885 885 0 933 933 938 938 940 938
    935 935 935 935 935 933 930 930 930 930 928 925 925 925 925 923 923
    923 923 923 920 920 918 915 915 915 915 915 915 913 913 908 908 908
    906 906 906 906 903 903 901 898 898 898 898 898 898 896 896 896 894
    894 891 891 889 889 889 887 887 887 887 887 887 887 0 0 933 933 938
    940 940 938 935 935 935 935 935 933 933 930 930 930 928 925 925 925
    923 923 923 923 923 923 920 918 918 918 915 915 915 915 915 915 913
    910 908 908 908 906 906 906 903 903 901 898 898 898 898 898 898 896
    896 896 894 894 891 891 889 889 889 889 889 887 887 887 887 887 0 0
    935 935 938 940 943 938 938 935 935 935 935 935 933 930 930 930 928
    928 925 923 923 923 923 923 923 923 920 918 918 918 918 915 915 915
    915 915 913 910 910 908 908 908 908 906 903 903 901 901 901 901 898
    898 898 898 896 896 896 894 894 891 891 889 889 889 889 889 887 887
    887 887 0 0 940 940 940 940 940 938 938 935 935 935 935 933 933 930
    930 930 930 928 925 923 923 923 925 923 923 923 920 920 918 918 918
    918 915 915 915 915 913 913 910 910 910 908 908 906 906 903 901 901
    901 901 901 901 898 898 896 896 896 894 894 891 891 889 889 889 889
    889 889 887 887 887 0 0 943 943 940 940 940 938 938 935 935 935 935
    933 933 930 930 930 930 928 925 925 925 925 925 923 923 923 920 920
    918 918 918 918 915 915 915 915 915 913 910 910 910 908 908 908 906
    906 903 903 903 903 901 901 898 898 896 896 896 894 894 894 891 891
    889 889 889 889 889 887 887 887 887 0 0 943 940 940 940 938 938 935
    935 935 935 933 933 933 933 933 930 930 925 925 925 925 925 923 923
    923 920 920 918 918 918 918 918 918 918 915 915 913 910 910 910 908
    908 908 906 906 903 903 903 903 901 901 898 898 898 896 896 896 894
    894 891 891 891 889 889 889 889 887 887 887 887 0 0 940 940 940 940
    938 938 935 935 935 935 933 933 933 933 933 930 930 928 925 925 925
    925 923 923 923 920 920 920 920 918 918 918 918 918 915 915 915 913
    910 908 908 908 908 906 906 906 903 903 903 901 901 898 898 898 896
    896 896 894 894 891 891 891 889 889 889 889 889 887 887 889 0 0 938
    938 940 940 940 938 935 935 935 935 933 933 933 933 933 930 930 928
    928 925 925 925 925 925 923 920 920 920 920 918 918 918 918 918 915
    915 915 913 910 908 908 908 908 908 906 906 903 903 903 901 901 898
    898 898 896 896 896 896 896 896 896 894 891 891 889 889 889 887 887
    887 0 0 938 938 940 940 940 938 938 935 935 935 933 933 933 933 933
    933 930 930 928 925 925 925 925 925 923 920 920 920 920 920 918 918
    918 918 915 915 915 913 910 908 908 908 908 908 906 906 903 903 903
    901 901 898 898 898 898 896 896 896 896 896 896 894 891 891 891 891
    889 889 887 887 0 0 940 940 940 943 940 940 938 938 935 935 935 933
    933 933 933 933 933 930 928 925 925 925 925 925 923 923 923 923 920
    920 920 918 918 918 915 915 915 915 913 910 908 908 908 908 906 906
    903 903 903 903 901 901 901 898 898 898 896 896 896 896 896 894 891
    891 891 891 889 889 887 887 0 0 943 943 943 943 940 940 938 938 935
    935 935 933 933 933 933 933 933 930 928 928 925 925 925 925 923 923
    923 923 923 920 920 918 918 918 915 915 915 915 913 910 910 910 908
    908 906 906 906 906 903 903 903 901 901 898 898 898 898 896 896 894
    894 891 891 891 891 891 891 891 889 889 0 0 943 943 943 943 940 940
    938 938 935 935 935 933 933 933 933 933 933 930 928 928 925 925 925
    925 923 923 923 923 923 920 920 918 918 918 918 915 915 915 913 910
    910 910 910 908 906 906 906 906 903 903 903 903 901 901 898 898 898
    896 896 894 894 891 891 891 891 891 891 891 889 889 0 0 946 943 943
    943 943 940 940 938 938 935 935 935 935 933 933 933 930 928 928 925
    925 925 925 925 923 923 923 923 923 923 920 920 918 918 918 915 915
    915 913 913 910 910 910 908 908 906 906 906 903 903 903 903 903 901
    898 898 898 898 896 894 894 894 891 891 891 891 891 891 889 889 0 0
    946 943 943 943 943 943 940 938 938 935 935 935 935 933 933 933 930
    928 928 925 925 925 925 925 923 923 923 923 923 923 920 920 918 918
    918 918 915 915 913 913 910 910 910 908 908 906 906 906 906 906 903
