<?xml version="1.0"?>
<opencv_storage>
<Depth5166 type_id="opencv-matrix">
  <rows>62</rows>
  <cols>48</cols>
  <dt>w</dt>
  <data>
    4463 4463 4463 4463 4463 4463 4405 4405 4463 4463 4463 4522 4463
    4463 4463 4463 4463 4463 4463 4463 4522 4522 4522 4582 4463 4463
    4463 1696 1680 1680 1696 1705 1705 1713 1722 1722 1722 1722 4522
    4522 4582 4645 4645 4645 4582 4582 4582 4582 4463 4463 4463 4463
    4463 4405 4405 4405 4463 4463 4463 4463 4463 4463 4522 4522 4522
    4463 1647 1639 1639 1647 1647 1647 4463 1680 1680 1680 1680 1680
    1688 1696 1705 1713 1722 1722 1722 1722 1722 4645 4645 4645 4645
    4645 4582 4582 4582 4582 4405 4463 4463 4463 4463 4405 4405 4463
    4463 4463 4463 4463 1594 1594 4522 4708 4708 1639 1639 1639 1639
    1639 1647 1680 1680 1671 1671 1671 1680 1680 1688 1696 1705 1713
    1722 1722 1722 1713 1713 1713 4645 4645 4645 4645 4582 4582 4582
    4582 4405 4463 4463 4463 1647 1647 4405 4405 4522 4522 1609 1609
    1594 1594 1594 1609 1632 1632 1632 1639 1639 1639 1647 1663 1671
    1671 1671 1671 1680 1680 1688 1696 1696 1713 1713 1722 1722 1713
    1713 1713 4582 4582 4582 4582 4645 4645 4645 4582 4405 4463 1663
    1655 1647 1639 1632 1632 1632 4522 1609 1609 1594 1594 1601 1609
    1632 1632 1632 1639 1639 1639 1647 1663 1671 1671 1671 1671 1680
    1688 1688 1696 1696 1705 1713 1722 1722 1722 1722 1722 4582 4582
    4582 4582 4582 4582 4645 4582 1680 1663 1663 1655 1647 1639 1632
    1632 1624 1624 1624 1601 1594 1594 1594 1601 1609 1624 1632 1639
    1639 1639 1639 1655 1655 1671 1671 1671 1680 1680 1688 1696 1705
    1705 1713 1713 1713 1722 1722 1722 4522 4522 4522 4522 4582 4582
    4582 4582 1680 1663 1663 1655 1647 1639 1632 1632 1616 1609 1601
    1601 1594 1594 1594 1601 1609 1616 1624 1632 1639 1639 1639 1647
    1647 1671 1671 1671 1671 1680 1688 1696 1705 1705 1705 1713 1713
    1722 1722 1722 4522 4522 4522 4522 4582 4582 4582 4582 1671 1663
    1663 1655 1647 1639 1639 1632 1616 1609 1601 1601 1601 1601 1601
    1601 1609 1616 1624 1624 1639 1639 1639 1647 1647 1671 1671 1671
    1671 1680 1688 1696 1705 1705 1705 1713 1713 1722 1731 1731 4522
    4522 4522 4522 4582 4582 4582 4582 1671 1663 1663 1655 1647 1639
    1639 1632 1616 1609 1601 1601 1601 1601 1601 1601 1609 1616 1624
    1624 1639 1639 1639 1647 1647 1663 1671 1671 1671 1680 1680 1688
    1696 1705 1705 1705 1713 1722 1731 1731 4582 4582 4582 4582 4582
    4582 4582 4582 1671 1671 1663 1663 1655 1639 1639 1632 1616 1609
    1601 1601 1601 1601 1601 1609 1609 1616 1624 1632 1639 1639 1639
    1647 1647 1663 1663 1671 1671 1680 1680 1688 1696 1705 1705 1705
    1713 1713 1722 1722 4582 4582 4582 4582 4582 4582 4582 4582 1671
    1671 1671 1663 1655 1639 1639 1632 1624 1616 1609 1601 1601 1601
    1601 1601 1609 1624 1624 1632 1632 1639 1647 1647 1647 1663 1663
    1671 1671 1680 1680 1688 1696 1705 1705 1713 1713 1713 1713 1713
    4582 4582 4582 4645 4582 4582 4582 4582 1680 1680 1671 1663 1655
    1647 1639 1632 1624 1616 1609 1601 1601 1601 1601 1601 1609 1616
    1624 1632 1632 1639 1647 1647 1647 1663 1663 1663 1671 1671 1680
    1696 1696 1705 1705 1713 1713 1713 1713 1705 1705 4582 4582 4582
    4582 4522 4522 4582 1680 1680 1671 1663 1655 1647 1639 1632 1624
    1616 1609 1601 1601 1601 1601 1609 1609 1616 1624 1632 1632 1639
    1639 1647 1647 1655 1655 1663 1671 1671 1680 1688 1696 1705 1713
    1713 1722 1713 1713 1705 1705 1705 4582 4582 4582 4522 4522 4522
    1680 1680 1671 1663 1663 1655 1639 1632 1632 1624 1616 1609 1601
    1601 1601 1601 1601 1616 1624 1632 1632 1639 1639 1647 1647 1655
    1655 1671 1671 1671 1680 1688 1696 1705 1713 1713 1713 1713 1713
    1705 1705 1705 4522 4522 4522 4582 4582 4522 1680 1680 1671 1663
    1663 1655 1639 1632 1632 1624 1616 1609 1601 1601 1601 1601 1601
    1616 1624 1632 1632 1639 1639 1647 1647 1655 1663 1663 1671 1671
    1680 1688 1696 1696 1705 1713 1713 1713 1713 1713 1713 1713 4522
    4522 4522 4582 4582 4582 1680 1680 1671 1671 1663 1663 1647 1632
    1632 1624 1616 1609 1601 1601 1601 1601 1609 1616 1624 1624 1639
    1639 1639 1639 1647 1655 1663 1663 1671 1671 1680 1688 1696 1696
    1705 1713 1713 1713 1713 1713 1713 1713 4522 4522 4522 4582 4582
    4582 4405 1671 1671 1671 1663 1663 1647 1639 1632 1624 1609 1609
    1601 1594 1594 1601 1609 1616 1624 1624 1639 1639 1639 1639 1639
    1647 1655 1663 1671 1671 1680 1688 1696 1696 1705 1705 1713 1713
    1713 1713 1713 1713 1713 4582 4522 4522 4582 4582 4405 1671 1671
    1671 1663 1663 1647 1639 1632 1624 1609 1609 1601 1594 1594 1601
    1609 1616 1616 1624 1624 1639 1639 1639 1639 1647 1655 1663 1671
    1671 1680 1680 1688 1696 1696 1705 1713 1713 1713 1722 1713 1713
    1713 4522 4522 4522 4582 4582 4405 1705 1671 1671 1663 1663 1639
    1639 1632 1624 1616 1609 1601 1601 1601 1601 1609 1616 1616 1624
    1624 1632 1639 1639 1639 1647 1655 1655 1663 1671 1680 1680 1688
    1696 1696 1705 1705 1713 1713 1722 1722 1722 1722 4582 4582 4582
    4582 4582 4405 1705 1688 1671 1663 1663 1639 1639 1632 1624 1616
    1609 1609 1601 1601 1601 1609 1616 1616 1624 1624 1632 1639 1639
    1639 1647 1655 1655 1663 1671 1680 1680 1688 1696 1696 1705 1705
    1713 1713 1713 1713 1722 1722 4582 4582 4582 4582 4582 4405 1705
    1688 1671 1663 1663 1647 1639 1639 1632 1624 1609 1609 1601 1601
    1601 1609 1616 1616 1624 1624 1632 1639 1639 1639 1647 1655 1655
    1663 1671 1671 1680 1688 1696 1696 1705 1705 1713 1713 1713 1713
    1722 1722 4582 4582 4582 4582 4582 4349 1696 1696 1671 1671 1663
    1647 1639 1639 1632 1632 1624 1609 1609 1609 1609 1609 1616 1616
    1624 1624 1632 1632 1639 1639 1647 1655 1655 1663 1671 1671 1680
    1688 1696 1696 1705 1705 1705 1713 1713 1713 1722 1722 4582 4582
    4582 4582 4582 4349 1663 1663 1663 1671 1663 1647 1639 1639 1632
    1632 1624 1616 1609 1601 1601 1609 1616 1616 1616 1616 1624 1632
    1632 1639 1647 1655 1655 1663 1671 1671 1680 1696 1696 1696 1696
    1696 1705 1713 1713 1713 1705 1705 1705 4582 4582 4582 4582 4241
    4241 1663 1663 1671 1663 1647 1639 1639 1632 1632 1624 1609 1601
    1601 1601 1601 1616 1616 1616 1616 1624 1624 1632 1639 1647 1655
    1655 1663 1671 1671 1680 1696 1696 1696 1696 1696 1705 1705 1713
    1713 1696 1696 1696 4522 4522 4522 4522 4241 4241 1663 1663 1671
    1671 1647 1647 1639 1632 1632 1624 1609 1601 1601 1601 1601 1609
    1609 1616 1616 1616 1624 1632 1639 1647 1655 1655 1663 1671 1671
    1680 1688 1696 1696 1696 1705 1705 1705 1713 1713 1696 1696 1696
    4522 4522 4522 4522 4405 4405 1680 1680 1671 1671 1663 1647 1639
    1639 1632 1624 1609 1601 1601 1601 1601 1609 1609 1616 1616 1616
    1624 1632 1639 1639 1647 1655 1663 1671 1671 1671 1680 1680 1696
    1696 1696 1705 1705 1713 1713 1705 1705 1705 4463 4463 4522 4522
    4405 4405 1688 1688 1688 1680 1671 1647 1639 1639 1632 1624 1616
    1601 1601 1601 1601 1609 1609 1609 1616 1616 1624 1632 1639 1639
    1647 1647 1655 1663 1663 1671 1671 1680 1696 1696 1696 1705 1705
    1713 1713 1705 1705 1705 4463 4463 4522 4522 4405 4405 4405 1688
    1688 1680 1671 1647 1647 1639 1639 1632 1616 1609 1609 1609 1609
    1609 1609 1609 1616 1616 1624 1624 1639 1639 1647 1647 1655 1663
    1663 1663 1663 1671 1680 1705 1705 1705 1705 1713 1713 1705 1705
    1705 4463 4463 4522 4522 4463 4463 1671 1688 1688 1680 1671 1663
    1647 1639 1639 1632 1616 1609 1609 1601 1601 1609 1609 1616 1616
    1616 1624 1624 1639 1639 1639 1647 1655 1671 1671 1663 1663 1671
    1680 1696 1696 1705 1705 1713 1713 1705 1705 1705 4522 4522 4522
    4522 4463 4463 1671 1671 1671 1671 1671 1663 1647 1639 1632 1632
    1616 1609 1609 1601 1601 1609 1616 1616 1616 1616 1624 1624 1639
    1639 1639 1647 1655 1671 1671 1671 1671 1671 1671 1688 1696 1696
    1705 1713 1713 1713 1713 1713 4522 4522 4522 4522 4405 4405 4405
    1671 1671 1671 1671 1663 1647 1639 1632 1632 1616 1609 1609 1601
    1601 1609 1609 1616 1616 1616 1624 1632 1639 1639 1639 1647 1655
    1671 1671 1671 1671 1671 1671 1688 1688 1696 1705 1713 1713 1713
