<?xml version="1.0"?>
<opencv_storage>
<Depth19981 type_id="opencv-matrix">
  <rows>86</rows>
  <cols>99</cols>
  <dt>w</dt>
  <data>
    4041 4139 4139 4139 4190 4241 4295 4295 4295 4349 4349 4349 4405
    4463 4463 4522 4522 4522 4582 4645 4708 4774 4774 4774 4774 4911
    4911 4911 4983 4983 5056 5132 5132 5210 5374 5374 5374 5374 5374
    5460 5460 5640 5640 5640 5640 5734 5832 5832 5933 5933 6038 6038
    6146 6259 6259 6375 6497 6497 6497 6753 6889 7178 7178 7332 7332
    7332 7332 7332 7332 7492 7492 7492 7492 7492 7492 7332 7332 7332
    7332 7332 7332 7332 7332 675 675 672 671 671 671 671 672 7332 7332 0
    0 0 0 0 0 4089 4139 4139 4139 4190 4241 4295 4295 4349 4349 4349
    4349 4405 4463 723 723 723 723 4582 4645 4708 4774 4774 4774 4774
    4774 4983 4983 5056 5056 5132 5132 5132 5210 5291 5291 5374 5374
    5374 5460 5548 5640 5640 5640 5640 5640 5734 6038 6038 6038 6038
    6146 6259 6259 6259 6375 6497 6497 6497 6753 6889 7030 7178 7178
    7332 7332 7332 7332 7332 7332 7492 7492 7492 7492 7492 7332 7332
    7332 7332 7332 7332 676 675 674 671 671 671 671 671 672 672 672 7332
    7332 0 0 0 0 0 4139 4139 4190 4190 4241 4241 4295 4295 4295 4349 716
    716 716 716 719 720 722 722 722 722 722 722 749 749 750 750 4983
    4983 4983 4983 5132 5132 5132 5210 5291 5291 5374 5374 5460 5460
    5548 5548 5640 5640 5640 5640 5734 6038 5933 5933 6038 6146 6259
    6259 6259 6375 6375 6375 6375 6622 6753 7030 7030 7030 7030 7030
    7332 7332 7332 8019 8019 7835 7492 7492 7492 7332 7332 7332 7332
    7332 7332 674 674 672 671 670 670 670 671 672 672 672 672 672 0 0 0
    0 0 4139 4139 4190 4190 4241 4241 4295 4295 4295 714 714 716 714 714
    717 719 720 720 720 722 722 749 749 749 750 750 750 755 757 4774
    4774 5132 5132 5291 5291 5291 5374 5374 5460 5548 5548 5548 5640
    5734 5734 5734 5734 6038 5933 5933 6038 6146 6259 6259 6375 6375
    6259 6259 6259 6622 6753 7030 7030 7030 7030 7030 7030 7030 0 8019
    8019 7835 7492 7492 7492 7332 7332 7332 7332 686 678 672 672 672 671
    670 670 670 671 672 672 672 671 671 671 0 0 0 0 4139 4139 4190 4190
    4241 4241 713 713 713 714 714 716 714 714 717 717 720 720 720 723
    723 749 749 749 749 750 750 749 742 742 4645 5132 5132 5132 0 0 0 0
    0 0 0 0 5734 5734 5734 5734 5734 5734 5734 6259 6259 6259 6259 6375
    6375 6375 6259 6259 6259 6259 6259 6259 595 595 0 0 595 595 595 8019
    8019 8019 7835 7835 7835 614 7492 7492 683 683 678 672 672 672 671
    671 670 670 670 668 668 671 671 671 0 0 0 0 0 4139 4139 4190 4190
    4241 714 713 713 713 714 714 716 716 716 717 717 720 720 722 727 739
    744 742 742 746 749 746 746 742 742 4645 4645 4645 4645 0 0 0 0 0 0
    0 0 0 0 0 0 0 0 0 0 0 0 0 0 0 0 616 616 609 609 0 0 0 595 595 595
    595 595 595 599 599 612 613 613 613 614 614 683 683 683 683 675 638
    638 671 671 670 670 670 667 667 667 670 672 676 678 0 0 0 4089 4139
    4139 4190 4241 714 713 713 713 714 714 714 716 716 719 719 720 722
    727 733 734 744 741 741 739 736 736 739 742 742 742 742 0 0 0 0 0 0
    0 0 0 0 0 0 0 0 0 0 0 0 0 0 0 0 0 0 0 0 0 609 609 609 608 595 595
    595 595 595 597 599 599 612 612 612 613 614 616 616 682 679 636 636
    638 638 640 640 663 663 663 666 666 667 670 672 676 678 680 680 0
    4089 713 711 711 710 710 710 710 710 713 713 714 716 716 688 688 688
    688 733 731 730 730 680 680 734 733 733 664 664 664 662 659 659 657
    654 0 0 0 0 0 0 0 0 0 0 0 0 0 0 0 0 0 0 0 0 0 616 616 616 609 609
    609 608 603 597 597 597 597 597 599 601 601 611 611 612 614 616 620
    624 629 631 635 638 638 640 649 650 650 657 664 664 664 671 676 678
    678 678 680 0 713 713 711 710 708 708 707 707 707 707 708 710 691
    691 688 688 687 686 684 684 680 676 675 674 672 670 664 664 663 663
    662 659 659 657 654 654 0 0 0 0 0 638 638 638 638 638 638 628 628
    627 627 625 623 622 620 618 616 616 616 610 609 609 608 603 603 599
    599 599 600 600 601 601 611 611 612 615 618 620 624 628 630 634 638
    638 643 649 650 650 657 662 664 664 671 676 678 678 678 0 0 713 711
    711 710 708 708 707 707 707 703 698 694 691 691 690 688 686 686 684
    680 678 676 675 672 671 668 664 664 663 663 661 659 658 655 653 650
    649 647 646 646 638 638 637 636 635 634 632 630 628 627 627 625 623
    622 620 618 616 615 614 610 609 609 608 606 603 602 601 601 599 599
    600 603 609 611 611 615 618 620 625 628 630 632 637 637 644 648 650
    650 658 661 668 668 671 676 678 679 679 0 0 713 711 711 710 708 708
    707 707 704 701 698 694 693 691 690 688 686 684 683 680 676 675 674
    671 670 667 664 663 663 663 661 658 657 653 652 649 648 646 644 642
    638 637 636 635 634 632 630 630 628 627 625 624 622 622 621 616 615
    614 613 611 609 608 607 604 604 603 602 601 599 599 600 603 608 610
    611 615 618 622 624 627 630 632 635 636 644 648 652 652 657 659 670
    670 671 676 678 679 679 0 0 713 711 711 711 710 708 707 707 704 701
    698 696 694 693 691 688 686 684 683 680 676 675 672 670 670 667 664
    663 663 662 661 658 657 653 652 649 648 646 644 642 638 637 636 635
    634 632 630 630 629 627 625 624 622 622 621 616 614 613 612 611 609
    608 607 604 603 602 601 601 599 599 601 603 608 609 611 615 618 622
    624 627 630 632 635 636 647 649 652 652 655 658 671 671 671 676 679
    680 680 682 0 711 711 711 711 711 711 708 707 704 701 698 696 694
    693 690 690 686 683 682 680 678 675 672 670 668 667 666 664 663 662
    661 658 657 653 652 649 648 646 644 643 641 638 635 634 632 631 630
    630 629 628 627 624 623 622 619 616 614 613 612 611 609 607 606 604
    603 602 601 600 599 599 601 604 608 608 610 615 618 620 625 627 630
    632 635 636 647 649 652 652 655 658 662 671 671 678 679 680 680 682
    0 711 710 710 710 710 710 708 707 704 701 698 696 696 693 690 688
    684 682 682 682 679 676 674 670 668 667 666 664 663 662 661 658 657
    653 652 649 647 646 644 643 641 640 635 634 632 631 630 630 629 628
    627 625 622 621 619 618 615 613 612 611 609 607 606 604 603 602 601
    600 599 599 601 604 608 608 610 615 618 618 625 629 630 632 635 637
    646 649 652 652 655 658 662 664 676 679 680 680 680 683 0 710 710
    710 710 710 710 708 707 704 698 697 696 696 693 691 688 684 682 682
    682 680 678 674 670 668 667 664 664 663 662 661 658 655 653 652 649
    647 646 644 643 642 640 635 634 632 631 630 630 630 628 627 625 622
    621 619 618 615 613 612 611 609 607 606 604 603 602 601 600 599 599
    600 604 608 608 610 615 616 616 628 629 630 632 637 640 643 648 650
    652 655 659 662 663 670 679 679 680 680 0 0 710 710 710 710 710 708
    708 706 701 698 697 696 694 693 690 687 683 682 682 680 679 678 675
    671 668 667 664 664 663 662 662 658 654 654 653 649 647 646 644 642
    641 636 634 632 632 630 630 630 629 628 627 625 622 621 619 618 616
    614 612 611 609 608 607 604 603 602 601 599 599 599 600 603 607 608
    610 615 616 616 627 628 630 632 638 640 643 648 650 652 655 661 663
    663 667 676 679 680 680 0 0 713 711 710 710 710 708 707 703 700 698
    697 696 694 691 690 687 683 682 682 680 679 678 675 672 668 667 666
    664 663 662 661 658 654 654 652 649 647 646 644 642 641 636 634 632
    631 630 630 630 629 627 625 625 622 621 618 616 615 614 613 612 609
    608 607 604 603 602 601 599 599 599 600 602 607 608 610 616 618 619
    625 628 630 632 638 640 642 647 649 652 655 661 663 664 667 675 679
    680 680 0 0 713 713 711 710 708 707 704 703 700 698 697 696 694 691
    690 687 684 683 682 679 679 676 675 672 670 667 664 663 662 661 659
    658 654 653 650 649 648 647 644 643 641 636 634 632 631 630 630 630
    629 627 625 624 622 619 618 616 615 613 613 612 609 609 607 606 604
    602 600 599 599 599 600 602 604 608 611 615 618 619 622 628 630 631
    634 640 642 647 649 652 657 659 662 663 667 671 679 679 679 0 0 714
    711 711 708 707 704 703 701 700 698 697 696 693 691 690 687 684 683
    679 679 678 675 675 674 670 666 664 663 662 661 659 658 654 652 650
    648 647 647 644 643 641 636 635 634 632 631 630 630 628 627 625 624
