<?xml version="1.0"?>
<opencv_storage>
<Depth16821 type_id="opencv-matrix">
  <rows>90</rows>
  <cols>74</cols>
  <dt>w</dt>
  <data>
    3774 3774 3774 3774 3774 3774 3774 3774 3774 3774 3774 3816 3816
    3816 3816 3816 3903 3903 3903 3903 3948 3948 3948 3948 3994 3994
    4041 3994 3994 3994 1041 1038 1038 4041 4041 3994 3994 1028 1025
    1022 1019 1016 1016 1016 1013 1013 1013 1010 1010 1004 1004 1001
    1001 998 998 998 998 998 998 1016 1063 1063 1063 1063 1067 3653 3653
    3614 3614 3576 3576 3576 3539 3539 3732 3732 3732 3732 3774 1108
    1108 1108 3774 3774 3774 3816 3816 3816 3816 3816 3903 3903 3903
    3903 3948 1054 1054 1054 1050 1050 1047 1047 1047 1044 1041 1038
    1038 1034 1031 1028 1028 1028 1025 1022 1019 1016 1016 1016 1013
    1013 1010 1007 1004 1004 1001 1001 998 998 998 998 998 998 1016 1016
    1054 1054 1063 1067 1067 1073 0 3653 3614 3614 3576 3576 3539 3539
    3692 3692 3732 3732 3774 1108 1108 1108 1115 1119 3774 3774 3816
    3816 1080 1077 1077 1077 3948 1063 1060 1054 1054 1054 1050 1050
    1047 1047 1044 1041 1041 1038 1038 1034 1031 1028 1028 1028 1025
    1019 1019 1016 1016 1016 1013 1013 1007 1004 1004 1001 1001 1001 998
    992 992 992 995 1001 1016 1034 1034 1044 1060 1067 1073 1073 3653
    3653 3576 3576 3576 3576 3539 3539 3692 3692 3732 1097 1097 1105
    1105 1105 1115 1115 1115 1090 1090 1080 1077 1077 1073 1070 1070
    1063 1060 1060 1057 1054 1050 1050 1047 1047 1044 1041 1041 1038
    1038 1034 1031 1031 1028 1025 1022 1019 1016 1016 1016 1013 1013
    1010 1007 1004 1004 1001 1001 998 992 992 992 992 992 1004 1019 1028
    1034 1041 1054 1067 1070 1070 0 3576 3576 3576 3539 3539 3539 3539
    3732 1101 1097 1097 1097 1101 1101 1101 1101 1090 1090 1090 1087
    1080 1077 1077 1073 1070 1067 1063 1063 1060 1057 1054 1054 1050
    1047 1047 1044 1041 1041 1038 1038 1034 1031 1028 1028 1025 1022
    1019 1016 1016 1016 1013 1013 1010 1007 1004 1004 1001 1001 998 992
    992 992 992 992 1019 1022 1028 1041 1041 1054 1067 1070 1070 3576
    3576 3539 3539 3539 3539 3539 3539 1101 1101 1097 1097 1097 1101
    1097 1090 1090 1087 1087 1090 1087 1080 1077 1073 1070 1067 1067
    1067 1063 1063 1057 1057 1054 1050 1047 1047 1044 1041 1038 1038
    1034 1034 1031 1028 1025 1025 1022 1016 1016 1016 1013 1013 1010
    1010 1007 1004 1004 1001 1001 998 992 992 992 992 992 1001 1019 1025
    1034 1034 1050 1050 1057 3576 0 3576 3539 3539 3539 3539 3539 3539
    1101 1101 1101 1097 1097 1097 1090 1090 1087 1087 1087 1087 1084
    1080 1077 1073 1070 1067 1067 1063 1063 1063 1057 1054 1054 1050
    1047 1044 1041 1041 1038 1038 1034 1031 1028 1028 1025 1025 1019
    1016 1016 1016 1013 1010 1010 1007 1007 1004 1001 1001 1001 998 995
    992 992 992 995 1001 1019 1025 1031 1031 1050 1057 1057 0 3576 3576
    3576 3576 3539 3539 3539 3539 1097 1097 1097 1097 1097 1097 1090
    1090 1087 1087 1087 1087 1080 1077 1073 1070 1070 1067 1063 1063
    1063 1060 1057 1054 1054 1047 1047 1041 1041 1041 1038 1038 1034
    1028 1028 1028 1025 1025 1019 1016 1016 1016 1013 1010 1010 1007
    1007 1004 1001 1001 1001 1001 992 992 992 992 995 1001 1016 1022
    1031 1031 1050 1057 1057 0 3576 3576 3576 3539 3539 3539 3539 3539
    1097 1097 1097 1097 1097 1094 1090 1087 1087 1084 1084 1084 1080
    1073 1073 1070 1067 1067 1063 1063 1060 1060 1057 1054 1054 1047
    1047 1041 1041 1041 1038 1038 1034 1028 1028 1028 1025 1025 1019
    1016 1016 1016 1013 1013 1010 1007 1004 1004 1001 1001 1001 998 992
    992 992 992 998 998 1016 1019 1025 1034 1050 1057 1057 0 0 3539 3539
    3539 3539 3539 3539 3539 1097 1097 1101 1097 1097 1094 1087 1087
    1087 1084 1084 1084 1077 1073 1073 1070 1067 1067 1067 1063 1060
    1057 1054 1054 1054 1047 1047 1044 1041 1041 1038 1038 1034 1028
    1028 1028 1025 1025 1022 1019 1016 1016 1013 1013 1010 1007 1004
    1001 1001 1001 998 998 992 989 989 989 992 998 1013 1019 1022 1041
    1050 1054 1054 0 0 3539 3539 3539 3539 3539 3539 3539 1097 1097 1101
    1097 1094 1090 1087 1087 1087 1084 1084 1080 1077 1073 1070 1070
    1067 1067 1067 1063 1057 1057 1054 1054 1054 1047 1047 1044 1041
    1041 1038 1038 1034 1028 1028 1025 1025 1025 1022 1019 1016 1016
    1013 1010 1010 1007 1004 1001 1001 1001 998 992 992 989 989 989 992
    1004 1013 1019 1022 1038 1047 1054 0 0 3539 3539 3539 3539 3539 3539
    3539 3503 1097 1097 1097 1097 1094 1090 1087 1087 1087 1084 1084
    1080 1077 1073 1070 1070 1067 1067 1067 1063 1057 1054 1054 1054
    1054 1047 1047 1044 1041 1041 1038 1038 1034 1031 1028 1025 1025
    1025 1019 1019 1016 1016 1013 1010 1007 1007 1004 1001 1001 1001 998
    992 992 989 989 989 992 998 1013 1019 1028 1034 1047 1054 0 0 0 3539
    3539 3539 3539 3539 3503 3503 1097 1097 1097 1094 1094 1090 1090
    1087 1087 1084 1084 1080 1077 1077 1070 1070 1067 1067 1067 1063
    1057 1054 1054 1054 1050 1047 1044 1041 1041 1041 1038 1038 1034
    1031 1028 1028 1025 1022 1019 1019 1016 1013 1013 1010 1007 1007
    1004 1001 1001 1001 998 992 989 989 989 989 992 998 1007 1022 1028
    1034 1044 1050 0 0 0 3539 3539 3539 3539 3539 3503 3503 1097 1097
    1097 1094 1094 1090 1090 1087 1087 1084 1084 1080 1077 1077 1070
    1070 1067 1067 1063 1063 1057 1054 1054 1054 1050 1047 1044 1041
    1041 1041 1038 1038 1034 1034 1028 1028 1025 1022 1019 1016 1016
    1013 1013 1010 1007 1007 1004 1004 1001 998 992 992 989 989 989 989
    992 995 1004 1022 1025 1031 1044 1050 1054 0 0 3614 3614 3539 3539
    3539 3503 3503 1097 1097 1097 1094 1094 1090 1087 1087 1084 1084
    1080 1077 1077 1073 1070 1067 1067 1067 1063 1060 1057 1054 1054
    1054 1050 1047 1044 1041 1041 1038 1038 1038 1034 1034 1028 1028
    1025 1019 1019 1016 1016 1013 1013 1010 1007 1007 1004 1004 1001 998
    992 992 989 989 989 989 989 995 1001 1010 1022 1028 1044 1050 1050
    1050 0 3539 0 3539 3539 3539 3503 3503 1097 1097 1097 1094 1094 1090
    1087 1087 1084 1080 1080 1077 1073 1073 1070 1067 1067 1067 1063
    1060 1057 1054 1054 1050 1050 1047 1044 1041 1041 1038 1038 1038
    1034 1031 1028 1028 1025 1019 1019 1016 1016 1013 1013 1010 1007
    1007 1004 1004 1001 995 992 989 989 989 989 989 989 992 1001 1010
    1016 1028 1041 1047 1047 1047 0 0 3539 3539 3539 3539 3539 3503 1094
    1094 1094 1094 1090 1090 1087 1087 1080 1080 1080 1077 1073 1073
    1070 1067 1067 1063 1063 1060 1057 1054 1054 1050 1050 1047 1044
    1041 1041 1038 1038 1034 1031 1028 1028 1025 1025 1019 1016 1016
    1016 1013 1013 1010 1007 1004 1004 1001 1001 995 992 989 989 989 989
    989 989 992 1001 1007 1013 1028 1038 1044 1047 1047 0 0 0 3539 3539
    3539 3539 3503 1094 1094 1094 1094 1090 1090 1087 1084 1080 1077
    1077 1077 1073 1073 1070 1067 1067 1063 1063 1060 1057 1054 1050
    1050 1047 1047 1041 1041 1038 1038 1034 1034 1031 1028 1028 1025
    1022 1019 1016 1016 1013 1013 1013 1010 1007 1004 1004 1001 1001 995
    992 992 989 989 989 987 987 989 1001 1007 1013 1025 1034 1041 1047 0
    1054 0 3539 3539 3539 3539 3539 3503 1094 1094 1094 1094 1090 1090
    1087 1084 1080 1077 1077 1077 1077 1073 1070 1067 1063 1063 1063
    1060 1057 1057 1050 1047 1044 1044 1041 1041 1038 1038 1034 1034
    1031 1028 1028 1025 1019 1019 1016 1016 1013 1013 1013 1010 1004
    1004 1001 1001 998 992 992 992 989 989 987 987 987 987 998 1007 1013
    1025 1031 1038 1050 1054 0 0 0 3539 3539 3539 3539 3503 1090 1090
    1090 1090 1090 1090 1087 1084 1080 1080 1080 1077 1077 1073 1070
    1067 1063 1063 1063 1060 1057 1054 1050 1047 1044 1044 1041 1038
    1038 1038 1034 1031 1028 1028 1025 1025 1019 1019 1016 1013 1013
    1013 1010 1004 1004 1004 1001 1001 998 992 992 989 989 987 984 984
    984 987 998 1004 1013 1022 1031 1038 1050 1054 1054 0 3539 0 3539
    3539 3503 3503 1087 1087 1090 1090 1090 1090 1087 1084 1080 1077
    1077 1077 1077 1070 1070 1067 1063 1063 1063 1060 1057 1054 1050
    1047 1044 1041 1041 1038 1038 1038 1034 1031 1028 1028 1025 1025
    1019 1019 1016 1013 1013 1013 1007 1004 1004 1004 1001 998 998 992
