<?xml version="1.0"?>
<opencv_storage>
<Depth7936 type_id="opencv-matrix">
  <rows>44</rows>
  <cols>5</cols>
  <dt>w</dt>
  <data>
    4983 4983 5056 5056 5056 4983 4983 4983 4983 4983 4983 4983 4983
    4983 4983 4983 4983 4983 4983 4983 4983 4983 4983 4983 4983 4983
    4983 4983 4983 5056 4983 4983 4983 4983 5056 4983 4983 4983 4983
    4983 4983 4983 4983 4911 4911 4983 4983 4983 4911 4911 4983 4983
    4983 4983 4983 4983 4983 4983 4983 4983 4911 4983 4983 4983 4983
    4911 4983 4983 4983 4983 4911 4983 4983 4983 4983 4911 4983 4983
    5056 5056 4911 4983 4983 4983 5056 4911 4983 4983 4983 4983 4911
    4983 4983 4983 4983 4983 4983 4983 4983 4983 4983 4983 4983 4983
    5056 4983 4983 5056 5056 5056 4983 4983 4983 4983 5056 4983 4983
    4983 4983 4983 4911 4911 4911 4983 4983 4911 4911 4911 4983 4983
    4911 4911 4911 4983 4983 4911 4911 4911 4911 4983 4911 4911 4911
    4911 4983 4911 4911 4911 4983 4983 4911 4911 4911 4983 4983 4911
    4911 4911 4983 4983 4911 4911 4911 4983 4983 4911 4911 4911 4983
    4983 4911 4911 4911 4983 4983 4911 4911 4911 4983 4983 4911 4911
    4911 4983 4983 4911 4911 4911 4983 4983 4983 4983 4983 4983 4983
    4983 4983 4983 4983 4983 4983 4983 4983 5056 5132 4911 4911 4983
    5132 5132 4911 4911 4983 5132 5132 4983 4983 4983 5132 5132</data></Depth7936>
</opencv_storage>
