<?xml version="1.0"?>
<opencv_storage>
<Depth15258 type_id="opencv-matrix">
  <rows>47</rows>
  <cols>24</cols>
  <dt>w</dt>
  <data>
    4139 4139 4139 0 0 0 0 2090 2090 2103 2103 2103 2116 2116 4349 2103
    2103 4405 4349 4349 4405 4405 4405 4463 4139 4139 0 2103 0 0 2090
    2090 2090 2090 2090 2103 2116 2116 2116 2103 2103 4463 4405 4405
    4463 4405 4405 4463 4139 4139 0 2103 2103 2103 2090 2090 2090 2090
    2090 2103 2116 2116 2116 2103 2103 2116 4463 4463 4463 4405 4405
    4405 4139 4139 2103 2103 2103 2090 2090 2090 2090 2090 2090 2103
    2116 2116 2116 2116 2090 2090 2090 4522 4463 4405 4405 4405 4139
    4139 2103 2103 2103 2090 2090 2090 2103 2103 2103 2116 2116 2116
    2116 2103 2090 2090 2090 4582 4522 4405 4405 4405 4139 2143 2143
    2103 2103 2090 2090 2090 2103 2103 2103 2103 2103 2103 2103 2103
    2103 2090 2090 4582 4463 4405 4405 4405 2271 2212 2143 2116 2103
    2090 2090 2090 2090 2103 2103 2103 2103 2103 2103 2103 2103 2090
    2090 2090 4463 4463 4405 4405 2271 2198 2156 2129 2103 2090 2090
    2090 2090 2103 2103 2103 2103 2103 2103 2103 2103 2090 2090 2090
    4463 4405 4405 4405 2256 2198 2156 2143 2116 2090 2090 2090 2090
    2103 2103 2103 2116 2116 2116 2116 2116 2116 2116 2116 4405 4405
    4405 4463 2256 2212 2170 2143 2116 2103 2103 2090 2090 2103 2103
    2103 2116 2116 2116 2116 2116 2116 2129 2129 4405 4405 4405 4463
    2271 2212 2184 2143 2116 2103 2103 2090 2090 2090 2103 2103 2116
    2116 2116 2116 2116 2116 2116 2116 2116 4405 4405 4463 2271 2212
    2184 2156 2129 2116 2103 2090 2090 2090 2103 2103 2103 2116 2116
    2116 2116 2116 2116 2116 2116 4463 4463 4463 2271 2226 2184 2156
    2129 2116 2103 2103 2103 2103 2103 2103 2103 2103 2116 2116 2116
    2116 2116 2116 2116 4463 4463 4463 2271 2256 2198 2156 2129 2116
    2103 2103 2103 2103 2103 2103 2103 2103 2116 2116 2129 2116 2116
    2116 2116 4463 4463 4463 2271 2256 2212 2170 2143 2129 2116 2103
    2103 2103 2103 2103 2103 2103 2116 2116 2129 2116 2116 2116 2116
    4405 4405 4463 2271 2256 2226 2184 2156 2143 2129 2103 2103 2103
    2103 2103 2103 2116 2116 2116 2116 2116 2129 2129 2129 4349 4349
    4405 2271 2256 2241 2198 2170 2143 2129 2103 2103 2116 2116 2116
    2116 2116 2116 2116 2116 2116 2129 2129 2143 4349 4349 4405 2286
    2271 2241 2212 2170 2143 2129 2103 2103 2103 2116 2116 2116 2116
    2116 2116 2116 2116 2129 2129 2143 2143 4405 4405 3300 2271 2256
    2241 2184 2143 2103 2103 2103 2103 2103 2116 2116 2116 2116 2116
    2116 2116 2116 2129 2129 2129 4463 4463 3300 2271 2256 2241 2198
    2143 2103 2103 2103 2103 2103 2103 2116 2116 2116 2116 2116 2116
    2116 2116 2116 2129 2129 4522 3300 2301 2256 2241 2198 2170 2116
    2103 2103 2103 2103 2103 2103 2103 2116 2116 2129 2116 2116 2116
    2116 2116 2116 4463 2301 2301 2271 2241 2198 2170 2116 2103 2103
    2116 2116 2116 2103 2103 2116 2116 2129 2129 2129 2129 2116 2116
    4405 4405 2301 2301 2271 2241 2212 2170 2143 2116 2116 2116 2116
    2116 2116 2116 2116 2116 2129 2129 2129 2129 2129 2129 4349 4349
    3333 2286 2271 2241 2212 2170 2143 2129 2116 2116 2116 2116 2116
    2116 2129 2129 2129 2143 2143 2143 2143 2143 4349 4349 3333 2286
    2271 2256 2212 2170 2156 2143 2116 2116 2116 2103 2103 2116 2129
    2129 2129 2129 2129 2143 2129 2129 4405 4405 3365 2317 2286 2271
    2226 2184 2156 2143 2116 2103 2103 2103 2103 2116 2129 2129 2129
    2129 2129 2143 2129 2129 2143 4463 3365 2317 2286 2271 2241 2184
    2156 2143 2116 2103 2103 2103 2103 2116 2116 2116 2129 2129 2129
    2143 2129 2129 2143 2143 3333 2317 2301 2271 2226 2198 2170 2143
    2116 2116 2103 2103 2103 2116 2116 2116 2129 2129 2129 2129 2129
    2129 2143 2143 3333 2317 2301 2271 2226 2198 2170 2143 2129 2116
    2103 2103 2103 2116 2116 2116 2129 2129 2129 2129 2129 2143 2143
    2143 3333 2317 2301 2271 2226 2198 2184 2156 2129 2129 2116 2116
    2116 2116 2116 2116 2129 2129 2129 2129 2129 2143 2156 2156 3269
    3269 2301 2286 2226 2212 2198 2170 2143 2129 2116 2116 2116 2129
    2129 2129 2129 2129 2129 2129 2129 2143 2156 2156 3269 3269 2333
    2286 2256 2226 2198 2184 2116 2116 2116 2116 2129 2129 2129 2129
    2129 2129 2129 2129 2143 2156 2170 4405 3208 3208 2333 2301 2271
    2256 2226 2184 2116 2116 2116 2116 2116 2116 2129 2129 2143 2143
    2143 2143 2143 2143 2156 2156 3208 3208 2333 2301 2271 2256 2212
    2184 2129 2116 2116 2116 2116 2116 2129 2129 2143 2143 2143 2143
    2143 2143 2143 2143 3208 3178 2333 2301 2271 2256 2212 2184 2143
    2116 2116 2116 2116 2116 2129 2129 2129 2143 2143 2143 2143 2143
    2143 2143 3208 3178 2333 2317 2271 2256 2212 2198 2143 2116 2116
    2116 2116 2116 2129 2129 2129 2143 2143 2143 2143 2143 2116 2116
    3208 3178 2333 2317 2271 2256 2226 2198 2143 2116 2116 2116 2116
    2116 2129 2129 2129 2143 2143 2143 2143 2143 2116 2116 3208 3208
    3208 2317 2301 2256 2241 2212 2143 2116 2103 2103 2116 2116 2129
    2129 2129 2143 2143 2143 2143 2143 2156 2156 3238 3208 3208 2317
    2301 2286 2256 2198 2156 2129 2103 2103 2116 2116 2129 2129 2129
    2129 2143 2143 2143 2143 2156 2156 3269 3238 3238 2317 2301 2286
    2256 2198 2170 2143 2129 2116 2116 2116 2129 2129 2129 2129 2143
    2143 2143 2143 2156 2156 3269 3269 3238 3238 2317 2271 2256 2198
    2170 2143 2129 2116 2116 2116 2116 2129 2129 2143 2143 2129 2129
    2143 2143 2156 3269 3269 3269 3238 2317 2271 2271 2198 2184 2156
    2143 2116 2116 2116 2116 2129 2129 2143 2143 2129 2129 2143 2143
    2156 3300 3300 3269 3269 2317 2286 2271 2212 2184 2156 2143 2129
    2129 2129 2129 2129 2129 2143 2143 2143 2143 2143 2156 2156 3300
    3300 3269 3269 2317 2286 2271 2212 2184 2156 2143 2129 2116 2116
    2116 2129 2129 2143 2143 2143 2143 2143 2156 2170 3300 3333 3300
    3300 2317 2301 2271 2226 2198 2156 2143 2129 2116 2116 2116 2116
    2116 2116 2116 2129 2143 2143 2170 2170 3333 3333 3300 3300 2333
    2317 2271 2226 2198 2170 2143 2129 2129 2129 2129 2116 2103 2103
    2103 2116 2143 2156 2184 2184 3333 3333 3333 3333 3333 3333 2271
    2241 2212 2170 2143 2129 2129 2129 2129 2129 2103 2103 2103 2116
    2116 4522 4405 4405</data></Depth15258>
</opencv_storage>
