<?xml version="1.0"?>
<opencv_storage>
<Depth1618 type_id="opencv-matrix">
  <rows>86</rows>
  <cols>60</cols>
  <dt>w</dt>
  <data>
    3539 3503 3503 3539 3539 3539 3539 3503 3503 3503 3468 3468 3433
    3399 3399 3399 3399 3365 3365 3365 3333 3333 3333 3333 3365 3300
    3238 3238 3238 3269 3238 1108 1105 1105 1105 1105 1101 1097 1094
    1094 1090 1087 1077 1077 1077 1077 1077 1084 1094 1097 3092 3092
    3064 3037 3037 3037 3010 3010 3010 3010 3539 3503 3503 3539 3539
    3539 3539 3503 3503 3503 3468 3468 3433 3433 3433 3399 3399 3365
    3365 3333 3333 3333 3333 3333 1138 1134 1130 1126 1123 1119 1115
    1108 1108 1105 1105 1105 1101 1097 1094 1094 1090 1080 1080 1077
    1077 1077 1077 1084 1090 1097 1105 1112 1115 1126 1134 1141 1141
    3010 3010 3010 3539 3539 3503 3503 3503 3503 3503 3503 3503 3503
    3468 3468 3433 3433 3433 3433 1161 1157 1153 1149 1149 1145 1141
    1141 1138 1134 1126 1126 1123 1119 1115 1112 1108 1108 1105 1105
    1101 1097 1094 1094 1090 1080 1080 1077 1077 1077 1080 1087 1090
    1097 1105 1112 1115 1123 1134 1141 1145 1145 3037 3010 3539 3539
    3503 3503 3503 3503 3503 3503 3503 3503 3468 3468 1169 1169 1165
    1161 1153 1153 1149 1149 1145 1145 1138 1138 1138 1134 1126 1123
    1119 1119 1115 1112 1108 1108 1105 1105 1101 1097 1094 1094 1090
    1087 1084 1080 1077 1077 1080 1087 1094 1097 1105 1112 1115 1123
    1130 1141 1145 1145 1153 2984 3576 3539 3539 3468 3468 3503 3503
    3503 1181 1177 1173 1173 1169 1169 1165 1161 1153 1153 1149 1149
    1145 1145 1138 1138 1138 1134 1126 1123 1119 1119 1119 1115 1108
    1108 1105 1105 1101 1097 1094 1094 1090 1087 1084 1080 1077 1077
    1080 1087 1094 1097 1105 1112 1115 1123 1130 1145 1149 1153 1153
    3010 3576 1202 1202 1202 1202 1193 1189 1185 1181 1177 1173 1173
    1173 1169 1165 1161 1153 1149 1149 1149 1145 1141 1138 1138 1138
    1134 1130 1126 1123 1119 1119 1115 1108 1108 1105 1105 1101 1097
    1094 1094 1090 1087 1084 1077 1077 1077 1080 1087 1094 1097 1105
    1108 1119 1123 1130 1145 1153 1153 1153 1153 1223 1202 1202 1197
    1193 1189 1185 1181 1181 1181 1177 1177 1169 1169 1165 1153 1153
    1149 1149 1149 1145 1141 1138 1138 1134 1130 1130 1126 1123 1119
    1119 1115 1108 1108 1105 1105 1101 1097 1094 1094 1090 1087 1084
    1077 1077 1077 1077 1087 1094 1097 1105 1108 1119 1123 1130 1141
    1153 1153 1153 0 1223 1210 1202 1197 1193 1189 1185 1181 1181 1181
    1177 1177 1169 1169 1165 1153 1153 1149 1149 1149 1145 1141 1138
    1138 1134 1130 1126 1126 1123 1119 1119 1115 1112 1108 1105 1105
    1105 1097 1094 1094 1087 1084 1084 1077 1077 1077 1077 1084 1094
    1097 1105 1108 1115 1123 1130 1138 1149 1153 1153 0 1219 1210 1202
    1197 1193 1189 1185 1181 1181 1181 1177 1173 1169 1169 1165 1153
    1153 1149 1149 1149 1145 1141 1138 1138 1134 1130 1126 1126 1123
    1119 1119 1115 1112 1108 1105 1105 1101 1097 1094 1094 1087 1084
    1084 1077 1077 1077 1077 1084 1094 1097 1101 1108 1115 1123 1130
    1138 1145 1149 1149 0 1219 1210 1202 1197 1193 1189 1185 1185 1181
    1181 1177 1173 1169 1169 1165 1157 1153 1153 1149 1149 1145 1141
    1141 1138 1134 1130 1130 1126 1123 1119 1119 1115 1108 1108 1105
    1105 1101 1097 1094 1094 1090 1084 1084 1077 1077 1077 1077 1084
    1094 1097 1101 1108 1115 1126 1130 1134 1145 1149 1149 1149 0 1210
    1202 1197 1193 1189 1189 1185 1181 1181 1177 1173 1169 1169 1165
    1157 1153 1153 1149 1149 1145 1141 1138 1138 1134 1130 1130 1123
    1123 1119 1119 1112 1108 1105 1105 1105 1101 1094 1094 1090 1090
    1084 1084 1077 1077 1077 1077 1084 1094 1097 1101 1108 1115 1126
    1130 1134 1145 1145 1149 1149 0 1210 1202 1197 1193 1189 1185 1185
    1181 1181 1177 1169 1169 1169 1165 1161 1157 1153 1149 1149 1145
    1141 1138 1138 1134 1130 1130 1123 1123 1119 1115 1112 1108 1105
    1105 1101 1097 1094 1094 1090 1087 1084 1084 1077 1077 1077 1077
    1087 1094 1097 1101 1108 1115 1126 1130 1134 1141 1141 1149 1149 0
    1202 1202 1197 1193 1189 1185 1185 1181 1181 1177 1169 1169 1169
    1165 1161 1157 1153 1149 1149 1149 1141 1138 1138 1134 1134 1130
    1126 1123 1119 1115 1112 1108 1105 1105 1101 1097 1094 1094 1090
    1087 1084 1080 1077 1077 1077 1077 1087 1094 1097 1101 1108 1115
    1126 1130 1134 1138 1141 1149 1149 0 1202 1202 1197 1193 1189 1185
    1185 1181 1181 1177 1173 1169 1165 1161 1157 1153 1153 1149 1149
    1149 1141 1138 1138 1134 1134 1130 1126 1123 1119 1115 1112 1108
    1105 1105 1101 1097 1094 1094 1090 1087 1084 1080 1077 1077 1077
    1077 1087 1094 1101 1101 1108 1115 1123 1130 1134 1138 1138 1138
    1138 1202 1197 1197 1197 1193 1189 1185 1185 1181 1181 1177 1173
    1169 1165 1161 1157 1153 1153 1153 1149 1145 1141 1141 1138 1134
    1134 1134 1126 1123 1119 1115 1112 1108 1105 1105 1101 1097 1094
    1094 1090 1087 1080 1080 1077 1077 1077 1077 1080 1090 1097 1101
    1108 1115 1123 1126 1134 1138 1138 1138 0 1202 1197 1197 1197 1193
    1189 1185 1185 1181 1181 1177 1173 1169 1165 1161 1157 1153 1153
    1153 1149 1145 1141 1141 1138 1138 1134 1126 1123 1123 1119 1115
    1112 1108 1105 1105 1101 1097 1094 1094 1090 1087 1080 1080 1077
    1077 1077 1077 1080 1090 1097 1101 1112 1115 1119 1126 1134 1138
    1141 1141 0 0 1197 1197 1197 1193 1189 1185 1185 1181 1181 1177 1173
    1169 1169 1161 1161 1157 1153 1149 1149 1145 1141 1138 1138 1134
    1134 1126 1123 1123 1119 1115 1112 1108 1108 1105 1101 1097 1094
    1094 1090 1084 1080 1080 1077 1077 1077 1077 1080 1090 1097 1101
    1108 1115 1119 1123 1134 1138 1145 1145 0 0 1202 1202 1197 1193 1189
    1185 1185 1181 1181 1177 1173 1169 1165 1161 1161 1157 1153 1149
    1149 1145 1141 1138 1138 1134 1134 1126 1123 1123 1119 1115 1112
    1108 1108 1105 1101 1097 1094 1094 1090 1084 1080 1080 1073 1073
    1073 1077 1080 1090 1094 1101 1108 1115 1119 1123 1130 1138 1145
    1149 1149 0 1206 1202 1197 1193 1189 1185 1185 1181 1177 1177 1173
    1169 1165 1161 1161 1153 1153 1149 1149 1145 1141 1138 1138 1134
    1130 1123 1123 1123 1119 1115 1112 1108 1108 1105 1101 1097 1094
    1094 1090 1084 1080 1080 1073 1073 1073 1077 1084 1087 1090 1097
    1105 1112 1119 1126 1130 1138 1141 1145 1145 1214 1210 1202 1197
    1193 1189 1185 1185 1181 1177 1173 1173 1169 1165 1161 1161 1153
    1153 1149 1149 1145 1141 1138 1138 1134 1130 1123 1123 1119 1119
    1115 1108 1108 1108 1105 1105 1097 1094 1094 1090 1087 1084 1080
    1073 1073 1073 1077 1084 1087 1090 1097 1105 1112 1119 1126 1130
    1134 1141 1141 1141 1214 1206 1202 1197 1193 1189 1185 1185 1181
    1177 1173 1173 1169 1165 1165 1161 1157 1153 1149 1149 1145 1141
    1138 1138 1134 1126 1123 1123 1119 1119 1115 1108 1108 1108 1105
    1101 1097 1094 1094 1090 1087 1084 1080 1073 1073 1073 1077 1080
    1087 1090 1097 1105 1112 1119 1126 1130 1134 1141 1141 1141 1210
    1206 1202 1197 1193 1189 1185 1185 1181 1181 1177 1173 1169 1165
    1165 1161 1157 1153 1149 1149 1145 1141 1138 1138 1134 1126 1123
    1123 1119 1115 1112 1108 1108 1108 1105 1101 1097 1094 1090 1090
    1087 1084 1080 1073 1073 1073 1073 1077 1084 1090 1097 1101 1112
    1119 1126 1130 1134 1138 1141 1141 1210 1210 1202 1197 1193 1189
    1185 1185 1181 1181 1177 1173 1169 1165 1165 1165 1157 1153 1149
    1149 1145 1141 1138 1138 1134 1126 1123 1123 1119 1115 1112 1108
    1108 1105 1105 1101 1097 1094 1090 1087 1084 1080 1080 1073 1073
    1073 1073 1077 1084 1090 1097 1101 1112 1119 1126 1126 1130 1138
    1138 0 1206 1206 1202 1197 1193 1189 1185 1185 1181 1181 1177 1173
    1169 1165 1165 1157 1153 1153 1149 1149 1145 1138 1138 1138 1134
    1126 1123 1123 1119 1119 1112 1108 1108 1105 1105 1101 1097 1094
    1090 1087 1084 1080 1080 1073 1073 1073 1073 1077 1084 1090 1097
    1105 1112 1115 1123 1126 1130 1134 1134 0 1206 1206 1202 1197 1193
    1189 1185 1185 1181 1181 1177 1173 1169 1165 1161 1157 1153 1153
    1149 1149 1145 1138 1138 1138 1134 1126 1123 1123 1119 1119 1115
    1112 1108 1105 1105 1101 1097 1094 1090 1087 1084 1080 1080 1073
