<?xml version="1.0"?>
<opencv_storage>
<Depth14550 type_id="opencv-matrix">
  <rows>15</rows>
  <cols>31</cols>
  <dt>w</dt>
  <data>
    5460 5460 5548 5548 5640 5548 5548 5548 5548 5548 5548 5548 5548
    5548 5548 5548 5548 4241 0 4139 4190 4190 4190 4190 4190 4190 4190
    2143 2143 2143 2143 5460 5548 5548 5548 5548 5548 5548 5548 5548
    5548 5548 5548 5548 4139 4139 4139 4241 4241 4139 4139 4190 4190
    4190 4190 4190 4190 4190 2143 2143 2143 2143 5460 5548 5548 5548
    5548 5548 5548 5640 5640 5640 5548 5548 5548 4089 4089 4089 4139
    4190 4139 4139 4139 4139 4190 4190 4190 4190 4190 4190 2143 2143
    2143 5460 5460 5548 5548 5548 5548 5548 5548 4089 4089 4139 4089
    4089 4089 4089 4089 4139 4190 4139 4139 4139 4139 4190 4190 4190
    4139 2129 2129 2129 2129 2143 5374 5374 5460 5460 5548 5548 4041
    4041 4041 4089 4089 4089 4041 4041 4089 4089 4139 4139 4139 4139
    4190 4190 4190 4190 4190 4139 2129 2129 2129 2129 2129 4041 4041
    4041 5460 5460 4041 4041 4041 4041 4041 4041 4041 4041 4041 4041
    4089 4139 4139 4139 4139 4190 4190 4190 4190 4190 4190 4190 4089
    4089 4139 4139 4041 4041 4041 4041 4041 4041 4041 4041 4041 4041
    4041 4041 4041 4041 4041 4089 4139 4139 4139 4139 4139 4139 4190
    4190 4190 4139 4139 4190 4190 4139 4139 3994 3994 3994 3994 4041
    4041 4041 4041 4041 4041 4041 4041 4041 4041 4041 4041 4089 4139
    4139 4139 4139 4139 4139 4139 4139 4139 4139 4139 4190 4139 4139
    3994 3948 3948 3994 3994 3994 3994 3994 4041 4041 4041 4041 4041
    4041 4041 4041 4089 4139 4139 4139 4139 4139 4089 4089 4089 4139
    4139 4139 4190 4139 4139 2028 3948 3948 3994 3994 3994 3994 3994
    3994 3994 4041 4041 4041 4041 4041 4041 4041 4041 4139 4139 4089
    4089 4089 4089 4089 4089 4139 4190 4190 0 0 2028 3994 3994 3994 3994
    3994 3994 3994 3994 3994 3994 4041 4041 4089 4089 4041 4041 4041
    4041 4139 4089 4089 4089 4041 4041 4089 0 0 0 0 0 2028 2028 3994
    3994 3994 3994 3948 3948 3994 3994 3994 4041 4041 4089 4089 4041
    4041 4041 4041 4139 0 0 0 4041 4041 0 0 0 0 0 0 2028 2028 3994 3948
    3948 3948 3948 3948 3948 3948 3948 4041 4041 4041 4041 4041 4041
    4041 0 0 0 0 0 0 0 0 0 0 0 0 0 2028 2028 3948 3948 3948 3948 3948
    3903 3903 3903 3948 4089 4089 4089 4089 2317 2349 0 0 0 0 0 0 0 0 0
    0 0 0 0 0 2040 2040 3859 3859 3859 3859 3948 3903 3903 3903 3903
    2349 2349 2349 2317 2317 2349 0 0 0 0 0 0 0 0 0 0 0 0 2485 2485</data></Depth14550>
</opencv_storage>
