<?xml version="1.0"?>
<opencv_storage>
<Depth2624 type_id="opencv-matrix">
  <rows>102</rows>
  <cols>98</cols>
  <dt>w</dt>
  <data>
    964 962 959 956 954 954 954 954 954 954 954 956 959 962 967 967 975
    978 984 0 4405 4405 4405 4405 4405 4463 4463 4405 4405 4405 4582
    4582 4582 4582 4582 4582 4582 4582 4645 4645 4645 4645 4645 1097
    1097 1101 1101 4645 4645 4645 4842 4708 4708 4708 4774 4774 4842
    4842 4842 4842 4842 4911 4911 4983 4911 4911 4911 4911 4911 4983
    4911 4911 4911 4911 4911 4911 4911 4911 4842 4842 4842 4842 4842
    4842 4842 4842 4774 4774 4774 4708 4645 4645 4645 4645 4645 4708
    4708 4708 964 964 959 959 956 956 956 954 954 954 954 956 956 959
    964 967 975 978 0 0 4405 4405 4405 4405 4405 4405 4405 4405 4405
    4463 4463 4522 4522 4522 4522 4582 4582 4645 4645 4645 4645 4645
    1087 1087 1090 1094 1097 1101 4645 4708 4708 4708 4708 4708 4774
    4842 4842 4842 4842 4842 4842 4911 4911 4983 4911 4911 4911 4911
    4983 4983 4911 4911 4911 4911 4911 4983 4911 4911 4911 4911 4911
    4911 4911 4911 4842 4842 4774 4774 4774 4774 4708 4708 4645 4645
    4645 4708 4708 4708 967 964 962 962 959 956 956 956 956 956 956 956
    956 956 964 967 0 0 0 0 4405 4405 4405 4349 4349 4405 4405 4405 4405
    4463 4463 4522 4522 4522 4522 4582 4582 4582 4645 4645 4645 1080
    1080 1084 1087 1090 1094 1101 1101 1101 1101 4708 4708 4708 4774
    4842 4842 4842 4842 4842 4842 4842 4911 4911 4911 4911 4911 4911
    4911 4911 4911 4911 4911 4911 4911 4983 4983 4911 4911 4911 4911
    4911 4911 4911 4911 4842 4842 4842 4774 4774 4774 4708 4708 4645
    4645 4708 4708 4708 973 970 967 967 967 962 962 959 956 956 956 956
    956 956 964 0 0 0 0 0 4405 4405 4405 4349 4349 4405 4405 4405 4405
    4405 4405 4405 4522 4522 4522 4522 1047 1050 1054 1073 1073 1073
    1077 1080 1087 1090 1094 1097 1097 1097 1108 1108 4842 4842 4842
    4842 4842 4842 4842 4842 4842 4842 4911 4911 4911 4911 4911 4911
    4911 4911 4911 4911 4911 4983 4983 4983 4983 4983 4983 4911 4911
    4911 4911 4911 4911 4842 4842 4842 4774 4774 4774 4774 4774 4708
    4708 4774 4708 4708 975 973 973 970 970 967 964 964 962 956 956 956
    956 0 0 0 0 0 0 0 4405 4405 4405 4405 4405 4405 4405 4405 4405 4405
    4405 4405 4463 1050 1047 1047 1047 1050 1054 1060 1070 1073 1077
    1080 1084 1087 1090 1094 1097 1105 1108 1108 1115 4842 4842 4842
    4842 4842 4842 4842 4842 4842 4911 4911 4911 4911 4911 4911 4911
    4911 4911 4911 4983 4983 5056 5056 4983 4983 4983 4983 4983 4983
    4911 4911 4911 4842 4842 4842 4842 4842 4842 4842 4774 4708 4708
    4842 4774 4774 978 978 975 975 973 967 964 964 962 956 956 0 0 0 0 0
    0 0 0 0 0 4463 4463 4405 4405 4405 4405 4405 4405 4405 4405 4463
    4463 1050 1050 1047 1047 1050 1054 1060 1067 1070 1073 1077 1084
    1087 1090 1094 1097 1101 1108 1115 1115 1115 4842 4842 4842 4842
    4842 4842 4842 4842 4911 4911 4911 4911 4911 4911 4911 4911 4911
    4983 5056 5056 5056 4983 4983 4983 4983 4983 4983 4983 4983 4911
    4911 4842 4842 4842 4842 4842 4842 4842 4842 4774 4774 4842 4842
    4774 981 978 975 975 973 967 964 964 962 962 0 962 0 0 0 0 0 0 0 0 0
    0 0 4405 4405 4405 4405 4405 4405 4405 4405 4463 4463 1041 1041 1047
    1047 1050 1054 1057 1063 1063 1073 1077 1080 1087 1087 1090 1094
    1101 1105 1105 1115 1115 1105 4911 4911 4774 4774 4842 4842 4842
    4911 4911 4911 4911 4911 4983 4983 4983 4983 4983 5056 5056 5056
    4983 4983 4983 4983 4983 4983 4983 4983 4911 4911 4911 4911 4842
    4842 4842 4842 4842 4842 4842 4842 4911 4842 4842 984 981 978 978
    975 973 967 967 962 962 962 0 4349 4349 4295 4241 4241 0 0 0 0 0 0
    4349 4349 4405 4463 4463 4463 4463 4463 4463 1041 1041 1041 1044
    1047 1050 1050 1057 1060 1063 1070 1073 1077 1080 1087 1090 1090
    1097 1101 1101 1105 1105 1105 1105 4774 4774 4774 4842 4842 4911
    4911 4842 4842 4911 4911 4983 4983 4983 4983 4983 5056 5056 5056
    4983 4983 5056 4983 4983 4983 4983 4983 4911 4911 4911 4911 4911
    4842 4842 4842 4842 4842 4842 4842 4842 4842 4842 987 987 981 981
    978 975 970 970 970 0 0 0 4295 4295 4295 4241 4241 4295 0 0 0 0 0
    4349 4349 4349 4463 4463 4463 4522 4522 1041 1041 1038 1038 1044
    1047 1050 1050 1054 1060 1060 1067 1073 1077 1080 1084 1087 1090
    1090 1097 1101 1101 1105 1105 1105 4911 4911 4842 4842 4842 4911
    4911 4842 4842 4911 4911 4911 4983 4983 4983 4983 5056 5056 5056
    5056 5056 5056 5056 5056 4983 4983 4983 4983 4911 4911 4911 4911
    4911 4842 4842 4842 4842 4842 4842 4842 4842 4842 989 987 984 984
    981 978 978 978 0 0 0 0 4295 4295 4295 4241 4241 4295 0 0 0 0 0 4349
    4349 4349 4463 4522 4522 4645 4645 1038 1038 1038 1038 1041 1044
    1047 1047 1050 1057 1060 1063 1070 1073 1077 1080 1084 1087 1090
    1097 1101 1101 1105 1105 1105 0 4842 4842 4842 4842 4842 4842 4842
    4842 4911 4911 4911 4983 4983 4983 4983 5056 5056 5056 5056 5056
    5056 5056 5056 4983 4983 4983 4983 4983 4983 4911 4911 4911 4911
    4911 4911 4842 4842 4842 4911 4842 4842 989 989 984 984 981 981 978
    978 0 0 0 4295 4295 4295 4295 4295 4295 4295 4295 0 0 0 0 4349 4349
    4349 4522 4522 1016 1016 1019 1025 1034 1034 1034 1034 1041 1044
    1047 1050 1057 1060 1063 1067 1070 1073 1077 1084 1087 1090 1094
    1101 1101 1105 1105 1115 1123 0 0 4842 4842 4842 4842 4842 4842 4911
    4911 4911 4983 4983 4983 5056 5056 5056 5056 5056 5056 5056 5056
    5056 5056 5056 5056 4983 4983 4983 4983 4911 4911 4911 4911 4911
    4842 4842 4842 4911 4842 4842 992 989 984 984 984 984 0 0 0 0 0 4295
    4295 4295 4349 4349 4295 4295 4295 4295 0 0 0 0 1004 0 1010 1010
    1010 1013 1016 1022 1025 1028 1028 1034 1038 1041 1044 1047 1054
    1057 1060 1067 1070 1073 1077 1084 1087 1087 1090 1101 1101 1105
    1108 1115 1119 1123 1123 1123 4842 4842 4842 4842 4911 4911 4911
    4911 4911 4983 4983 5056 5056 5056 5056 5056 5056 5056 5056 5056
    5056 5056 5056 5056 5056 4983 4983 4911 4911 4911 4911 4911 4911
    4911 4911 4911 4911 4842 992 989 987 987 987 987 0 0 0 0 0 4295 4295
    4295 4349 4349 4295 4295 4295 4295 0 0 0 0 0 0 1007 1007 1007 1010
    1016 1022 1025 1025 1028 1034 1034 1038 1044 1047 1050 1057 1060
    1063 1070 1070 1077 1080 1084 1087 1090 1097 1101 1105 1108 1112
    1115 1119 1119 1119 4842 4842 4842 4842 4842 4911 4911 4911 4911
    4911 4983 4983 5132 5132 5056 5056 5056 5056 5056 5056 5056 5056
    5056 5056 5056 5056 4983 4983 4983 4911 4911 4911 4911 4911 4911
    4983 4911 4911 998 995 989 989 989 0 0 0 0 0 0 0 0 4349 4349 4349
    4295 4295 4295 4295 4295 0 0 0 0 0 1004 1004 1007 1010 1013 1019
    1022 1025 1025 1028 1034 1038 1041 1047 1050 1054 1060 1063 1067
    1070 1073 1080 1084 1087 1090 1097 1101 1105 1105 1108 1112 1115
    1119 1119 1123 4842 4842 4842 4842 4911 4911 4911 4911 4911 4983
    4983 5132 5132 5132 5056 5056 5056 5056 5056 5056 5132 5056 5056
    5056 5056 4983 4983 4983 4911 4911 4911 4911 4911 4911 4983 4911
    4911 1001 1001 1001 4139 4139 4139 4089 4089 4089 4139 0 0 0 0 4349
    4349 4349 4295 4295 4295 4295 0 0 992 0 0 1001 1001 1004 1007 1010
    1019 1022 1025 1025 1028 1031 1038 1041 1044 1047 1050 1057 1060
    1063 1067 1070 1077 1080 1084 1087 1094 1097 1101 1105 1108 1108
    1112 1115 1123 1123 0 4842 4842 4842 4911 4911 4911 4911 4911 4983
    4983 5132 5132 5132 5132 5056 5056 5056 5056 5056 5132 5132 5132
    5132 5132 5056 5056 4983 4983 4911 4911 4911 4911 4911 4983 4983
    4983 1016 4139 4139 4139 4139 4139 4089 4089 4089 4139 0 0 0 4582 0
    4349 4349 4295 4295 4295 4295 0 0 0 992 992 998 998 1001 1004 1010
    1013 1016 1022 1025 1025 1028 1034 1038 1044 1047 1047 1054 1060
    1063 1067 1070 1073 1077 1084 1087 1090 1094 1101 1105 1108 1108
    1112 1115 1123 0 1134 0 4842 4842 4842 4842 4911 4911 4911 4983 4983
    5056 5056 5056 5056 5132 5132 5132 5132 5132 5132 5132 5132 5132
    5132 5132 5056 4983 4983 4911 4911 4911 4911 4983 4983 4983 4983
    4139 4139 4139 4139 4139 4139 4139 4089 4089 4139 4190 4582 4582
