<?xml version="1.0"?>
<opencv_storage>
<Depth9318 type_id="opencv-matrix">
  <rows>69</rows>
  <cols>42</cols>
  <dt>w</dt>
  <data>
    4241 4241 4241 4241 4241 4241 4190 4190 4139 4139 4190 4190 4190
    4139 4139 4139 4139 4190 4190 4190 4190 4190 4190 4241 4241 4241
    4241 1370 1370 1370 1312 1312 1317 1349 1349 1354 1354 1354 1354
    1354 4041 4041 4241 4241 4241 4241 4241 4190 4190 4089 4089 4139
    4190 4190 4139 4139 4139 4139 0 1197 1197 1197 1197 1197 4241 4241
    4241 1236 1236 1236 1278 1312 1312 1312 1312 1333 1338 1338 1343
    1349 1354 1354 1354 4041 4241 4241 4241 1232 1232 4190 4190 4089
    4089 4190 4190 4190 4139 4139 4139 4139 0 1197 1197 1197 1193 1193
    1193 1210 1227 1236 1236 1236 1278 1278 1278 1278 1292 1297 1302
    1338 1338 1349 1354 1354 1354 1354 4241 4241 4241 1232 1232 4190
    1219 1219 1219 1219 1206 1202 1202 1202 1202 0 1197 1197 1197 1197
    1189 1181 1181 1189 1189 1236 1236 1236 1264 1264 1268 1268 1283
    1288 1292 1297 1297 1349 1354 1354 1359 1359 4349 1232 1232 1219
    1214 1214 1214 1214 1206 1206 1206 1202 1202 1202 1202 1193 1197
    1197 1189 1189 1185 1173 1173 1185 1185 1202 1202 1202 1250 1250
    1259 1264 1278 1283 1292 1292 1297 1349 1354 1354 1359 1359 1227
    1223 1219 1219 1214 1214 1210 1206 1206 1202 1202 1202 1202 1202
    1202 1193 1193 1189 1185 1185 1181 1173 1173 1177 1177 1181 1202
    1214 1227 1241 1250 1255 1273 1283 1288 1292 1302 1349 1349 1354
    1359 1359 1223 1219 1219 1214 1214 1210 1210 1206 1202 1202 1202
    1197 1197 1197 1189 1189 1189 1185 1185 1181 1177 1173 1173 1173
    1173 1181 1197 1197 1206 1227 1241 1255 1273 1278 1288 1292 1307
    1338 1343 1354 1354 1354 1223 1219 1219 1214 1214 1210 1210 1206
    1202 1202 1202 1197 1197 1197 1189 1189 1185 1181 1181 1181 1177
    1173 1173 1173 1173 1177 1193 1197 1206 1223 1236 1255 1273 1278
    1283 1297 1317 1328 1343 1349 1354 1354 1223 1219 1219 1214 1214
    1210 1210 1206 1202 1202 1202 1197 1197 1197 1189 1189 1185 1181
    1181 1177 1173 1173 1169 1169 1173 1173 1193 1197 1214 1223 1236
    1255 1268 1273 1278 1297 1317 1322 1338 1349 1354 1354 1223 1219
    1219 1214 1214 1210 1210 1206 1202 1202 1202 1197 1197 1189 1189
    1185 1185 1181 1181 1177 1173 1173 1169 1169 1173 1173 1193 1197
    1206 1223 1236 1255 1268 1273 1278 1297 1312 1322 1333 1343 1349
    1349 1223 1219 1219 1214 1214 1210 1210 1206 1202 1202 1197 1197
    1197 1189 1189 1185 1185 1181 1181 1177 1173 1173 1169 1169 1173
    1181 1193 1197 1206 1227 1236 1250 1264 1273 1283 1302 1312 1322
    1333 1343 1349 1349 1219 1219 1219 1214 1210 1210 1206 1206 1202
    1202 1197 1197 1197 1189 1189 1185 1185 1181 1181 1177 1173 1173
    1169 1169 1173 1181 1193 1202 1214 1227 1236 1250 1264 1273 1288
    1302 1312 1322 1333 1343 1349 1349 1219 1219 1219 1214 1210 1210
    1206 1202 1202 1202 1202 1197 1197 1189 1185 1185 1181 1181 1177
    1177 1173 1173 1169 1169 1173 1181 1197 1202 1214 1227 1236 1245
    1259 1273 1288 1297 1307 1322 1333 1343 1349 1349 1219 1219 1219
    1214 1210 1210 1206 1202 1202 1202 1197 1197 1189 1189 1185 1185
    1181 1181 1177 1177 1173 1173 1169 1169 1169 1177 1193 1202 1214
    1227 1236 1245 1259 1273 1288 1297 1307 1322 1338 1343 1349 1349
    1219 1219 1219 1214 1210 1210 1202 1202 1202 1197 1197 1189 1189
    1185 1185 1185 1181 1181 1177 1177 1173 1169 1169 1169 1169 1173
    1193 1197 1210 1227 1232 1241 1259 1273 1283 1292 1307 1322 1333
    1343 1349 1349 1223 1219 1219 1214 1210 1210 1202 1202 1202 1197
    1197 1189 1185 1185 1185 1185 1181 1181 1177 1177 1173 1169 1169
    1169 1173 1173 1193 1197 1206 1223 1232 1241 1259 1273 1278 1292
    1307 1322 1333 1343 1349 1349 0 1219 1219 1214 1214 1210 1202 1202
    1197 1197 1197 1189 1185 1185 1185 1185 1181 1181 1181 1177 1173
    1169 1169 1169 1173 1181 1193 1197 1206 1214 1227 1236 1264 1273
    1278 1292 1312 1322 1333 1338 1338 1338 0 1219 1219 1214 1214 1210
    1206 1202 1197 1197 1197 1189 1185 1185 1181 1181 1181 1181 1181
    1177 1177 1173 1169 1169 1177 1181 1193 1197 1206 1214 1219 1236
    1264 1273 1278 1292 1307 1322 1333 1338 1338 1338 0 1219 1219 1214
    1214 1210 1206 1202 1202 1197 1197 1189 1185 1185 1181 1181 1181
    1181 1181 1177 1177 1173 1169 1169 1173 1181 1189 1197 1206 1214
    1219 1236 1264 1268 1278 1292 1307 1322 1333 1338 1343 1354 0 1223
    1219 1214 1214 1210 1206 1202 1202 1202 1197 1189 1185 1185 1185
    1181 1181 1181 1181 1177 1177 1169 1169 1169 1173 1181 1189 1197
    1206 1214 1223 1241 1259 1264 1278 1288 1307 1322 1333 1343 1349
    1354 0 1214 1214 1214 1210 1210 1206 1202 1202 1202 1197 1189 1185
    1185 1185 1181 1181 1181 1177 1173 1173 1169 1169 1169 1173 1181
    1189 1197 1210 1219 1223 1241 1255 1264 1278 1288 1307 1328 1333
    1343 1354 1359 1219 1214 1214 1210 1210 1210 1206 1206 1202 1197
    1193 1189 1185 1185 1185 1181 1181 1181 1177 1173 1169 1169 1169
    1169 1169 1181 1189 1197 1206 1219 1227 1241 1255 1259 1273 1292
    1312 1328 1333 1343 1349 1354 1214 1214 1214 1210 1210 1210 1206
    1206 1202 1197 1193 1189 1185 1185 1185 1181 1181 1177 1173 1173
    1169 1169 1169 1169 1169 1181 1193 1197 1202 1219 1232 1241 1255
    1259 1273 1292 1312 1322 1333 1343 1349 1354 1214 1214 1214 1214
    1210 1206 1206 1202 1202 1197 1189 1185 1185 1185 1185 1181 1181
    1177 1173 1173 1169 1169 1169 1169 1169 1181 1193 1197 1202 1219
    1227 1241 1259 1264 1273 1297 1312 1317 1328 1338 1354 1354 0 1214
    1214 1214 1210 1206 1206 1202 1202 1197 1189 1185 1185 1185 1185
    1185 1181 1177 1173 1169 1169 1169 1169 1169 1169 1181 1189 1197
    1202 1219 1227 1241 1255 1259 1273 1292 1312 1317 1328 1338 1354
    1354 0 1214 1214 1214 1210 1206 1206 1202 1202 1197 1189 1185 1185
    1185 1185 1185 1181 1177 1173 1169 1169 1169 1169 1169 1169 1181
    1189 1197 1202 1214 1223 1241 1255 1259 1273 1288 1307 1317 1328
    1333 1354 1354 0 1210 1210 1214 1210 1206 1206 1202 1202 1197 1193
    1189 1185 1185 1185 1181 1181 1181 1177 1173 1173 1169 1169 1169
    1169 1177 1189 1197 1202 1214 1223 1236 1259 1264 1278 1288 1307
    1317 1328 1333 1349 1349 1214 1210 1210 1214 1210 1210 1206 1202
    1202 1197 1197 1189 1185 1185 1185 1181 1181 1181 1177 1173 1169
    1169 1169 1169 1169 1177 1189 1197 1202 1214 1223 1236 1259 1264
    1278 1288 1302 1312 1333 1338 1349 1349 1214 1210 1210 1214 1210
    1206 1206 1202 1197 1197 1197 1197 1185 1185 1185 1181 1181 1181
    1177 1173 1169 1169 1169 1169 1169 1173 1189 1197 1202 1214 1223
    1241 1259 1264 1278 1288 1302 1312 1328 1343 1349 1359 1219 1214
    1214 1214 1210 1206 1206 1202 1197 1197 1197 1197 1185 1185 1185
    1181 1181 1181 1177 1173 1169 1169 1169 1169 1169 1173 1185 1202
    1202 1214 1223 1259 1259 1264 1278 1292 1302 1312 1328 1343 1349
    1359 1219 1219 1214 1214 1210 1206 1206 1202 1197 1197 1189 1189
    1185 1185 1185 1181 1181 1181 1177 1169 1169 1165 1165 1165 1165
    1173 1185 1202 1202 1214 1219 1250 1250 1264 1278 1292 1302 1312
    1328 1338 1349 1349 1219 1214 1214 1214 1210 1210 1202 1202 1197
    1193 1189 1185 1185 1185 1181 1181 1181 1177 1177 1169 1169 1165
    1165 1165 1165 1169 1197 1197 1206 1214 1219 1250 1250 1259 1273
    1292 1302 1312 1328 1338 1349 1349 1219 1214 1214 1214 1210 1210
    1202 1202 1197 1193 1185 1185 1185 1185 1181 1181 1181 1177 1177
    1169 1169 1165 1165 1165 1169 1169 1197 1197 1202 1210 1219 1245
    1245 1259 1268 1288 1302 1312 1328 1338 1338 1349 0 1219 1219 1214
    1210 1210 1206 1202 1197 1193 1185 1185 1185 1185 1181 1181 1181
    1177 1173 1173 1169 1165 1165 1165 1169 1169 1193 1193 1197 1206
    1219 1245 1245 1255 1264 1288 1302 1312 1328 1343 1349 1349 0 1223
    1219 1214 1210 1210 1206 1202 1197 1197 1189 1185 1185 1185 1181
    1181 1181 1177 1173 1173 1169 1165 1165 1165 1169 1169 1189 1193
    1193 1206 1219 1245 1245 1255 1264 1312 1312 1312 1322 1343 1349
    1349 0 0 1214 1214 1210 1210 1206 1202 1197 1197 1189 1185 1185 1185
