<?xml version="1.0"?>
<opencv_storage>
<Depth7515 type_id="opencv-matrix">
  <rows>33</rows>
  <cols>74</cols>
  <dt>w</dt>
  <data>
    4041 4041 4041 1206 1206 1206 1206 1202 1193 1193 4041 4041 4041
    1197 1193 1189 1189 1189 1193 1193 1189 1189 1189 1189 1189 1189
    1185 1185 1185 1189 1189 1185 1185 1181 1177 1177 1173 1173 1173
    1177 1177 1181 1181 1181 3903 3903 3903 1181 1177 1177 1173 1173
    1173 1169 1169 1169 1169 1165 1165 1165 1165 1161 1157 1157 1157
    1157 1161 1165 1161 1161 1161 1161 1165 1157 4041 4041 4041 1202
    1202 1202 1202 1202 1193 1193 1193 1193 1193 1193 1193 1189 1189
    1189 1193 1189 1189 1185 1185 1189 1189 1189 1185 1185 1185 1181
    1181 1181 1181 1177 1177 1177 1173 1173 1173 1177 1177 1177 1177
    1177 1177 1177 1181 1181 1177 1177 1173 1173 1173 1169 1165 1165
    1169 1165 1165 1165 1165 1161 1161 1157 1157 1157 1161 1165 1161
    1161 1161 1161 1161 1161 4089 4041 1206 1202 1197 1197 1197 1197
    1197 1197 1193 1193 1193 1193 1193 1193 1193 1193 1193 1189 1189
    1185 1185 1185 1185 1185 1185 1181 1181 1181 1181 1181 1181 1177
    1177 1177 1173 1173 1173 1177 1177 1177 1177 1177 1177 1177 1177
    1177 1177 1177 1173 1173 1173 1169 1165 1165 1165 1165 1165 1165
    1165 1165 1165 1165 1165 1161 1161 1161 1161 1161 1161 1161 1161
    1161 1206 1206 1202 1202 1197 1193 1193 1193 1193 1193 1193 1193
    1193 1193 1193 1189 1189 1189 1193 1189 1189 1185 1185 1185 1185
    1185 1181 1177 1177 1181 1181 1177 1177 1177 1177 1177 1173 1173
    1177 1177 1177 1177 1177 1177 1173 1173 1173 1173 1173 1177 1173
    1173 1173 1169 1165 1165 1165 1165 1165 1165 1165 1165 1165 1165
    1161 1161 1161 1161 1157 1157 1157 1161 1161 1157 1210 1206 1202
    1197 1193 1193 1193 1193 1193 1193 1193 1193 1193 1193 1189 1189
    1189 1189 1189 1189 1189 1185 1185 1185 1181 1181 1181 1177 1177
    1177 1177 1177 1177 1177 1177 1173 1173 1173 1173 1177 1177 1177
    1177 1177 1173 1173 1169 1169 1169 1169 1169 1169 1169 1165 1165
    1165 1165 1165 1165 1165 1165 1165 1165 1165 1161 1161 1161 1161
    1157 1157 1157 1157 1157 1157 1206 1206 1202 1197 1193 1193 1193
    1193 1193 1193 1193 1193 1193 1189 1189 1189 1189 1189 1189 1189
    1185 1181 1181 1181 1181 1181 1177 1177 1177 1177 1177 1177 1177
    1173 1173 1173 1173 1173 1173 1177 1177 1177 1177 1177 1173 1173
    1169 1169 1169 1169 1169 1169 1165 1165 1165 1165 1165 1165 1165
    1165 1165 1165 1161 1161 1161 1161 1157 1157 1157 1157 1157 1157
    1157 1153 1206 1206 1202 1197 1193 1193 1193 1193 1193 1193 1193
    1193 1193 1189 1189 1189 1189 1189 1189 1189 1185 1181 1181 1181
    1181 1177 1177 1177 1177 1177 1177 1177 1177 1173 1173 1173 1173
    1173 1173 1177 1177 1177 1177 1173 1173 1169 1169 1169 1169 1169
    1169 1165 1165 1165 1165 1165 1165 1165 1165 1165 1165 1161 1161
    1161 1161 1161 1157 1157 1157 1157 1157 1157 1157 1153 0 1206 1202
    1197 1193 1193 1193 1193 1193 1193 1193 1193 1193 1189 1189 1189
    1189 1189 1189 1185 1181 1181 1181 1181 1181 1177 1177 1177 1177
    1177 1173 1173 1173 1173 1173 1173 1173 1173 1173 1177 1177 1177
    1173 1173 1169 1169 1169 1165 1165 1165 1165 1165 1165 1165 1165
    1165 1165 1165 1165 1165 1161 1161 1157 1157 1161 1161 1161 1157
    1157 1157 1157 1157 1153 1153 0 1219 1206 1202 1193 1193 1193 1193
    1193 1189 1189 1189 1189 1189 1189 1189 1189 1189 1185 1185 1181
    1181 1181 1181 1181 1177 1177 1177 1177 1177 1173 1173 1173 1173
    1173 1173 1169 1169 1173 1173 1173 1173 1173 1169 1169 1165 1165
    1165 1165 1165 1165 1165 1165 1165 1165 1165 1165 1165 1165 1161
    1161 1161 1157 1157 1157 1157 1157 1157 1157 1153 1153 1153 1153
    1153 1255 1232 1206 1202 1193 1193 1193 1193 1193 1189 1189 1189
    1189 1189 1189 1189 1189 1185 1185 1181 1177 1177 1181 1177 1177
    1177 1177 1177 1177 1177 1173 1173 1173 1173 1173 1173 1169 1169
    1173 1173 1169 1169 1169 1169 1169 1165 1165 1165 1165 1165 1165
    1165 1165 1165 1165 1165 1161 1161 1161 1161 1161 1157 1157 1157
    1157 1157 1157 1157 1157 1153 1149 1149 1149 1149 1255 1232 1206
    1197 1193 1193 1193 1193 1193 1189 1189 1189 1189 1189 1185 1185
    1185 1185 1181 1181 1177 1177 1177 1177 1177 1177 1177 1173 1173
    1173 1173 1173 1173 1169 1169 1169 1169 1169 1169 1169 1169 1169
    1169 1169 1169 1165 1165 1165 1165 1165 1165 1165 1165 1165 1165
    1161 1161 1161 1161 1161 1157 1157 1153 1153 1157 1157 1157 1157
    1157 1153 1149 1149 1149 1149 1255 1236 1197 1193 1193 1193 1193
    1193 1193 1189 1189 1189 1189 1185 1185 1185 1185 1185 1181 1181
    1177 1177 1177 1177 1177 1177 1177 1173 1173 1173 1173 1173 1173
    1169 1169 1169 1169 1169 1169 1169 1165 1165 1165 1165 1169 1165
    1165 1165 1165 1161 1161 1161 1161 1161 1161 1161 1161 1161 1161
    1161 1157 1157 1153 1153 1153 1153 1153 1153 1153 1153 1149 1149
    1149 1149 1268 1245 1193 1193 1193 1193 1193 1193 1193 1189 1189
    1189 1189 1185 1181 1181 1181 1181 1181 1177 1177 1177 1177 1177
    1177 1177 1177 1173 1173 1173 1173 1173 1169 1165 1165 1165 1165
    1165 1165 1165 1165 1165 1165 1165 1165 1165 1165 1161 1161 1161
    1161 1161 1161 1161 1161 1161 1161 1161 1161 1157 1157 1153 1153
    1153 1153 1153 1153 1153 1153 1153 1149 1149 1149 1149 1278 1245
    1193 1193 1193 1193 1189 1189 1189 1189 1189 1189 1189 1185 1177
    1177 1177 1177 1181 1177 1177 1177 1177 1177 1177 1173 1173 1173
    1173 1173 1173 1173 1169 1165 1165 1161 1161 1161 1161 1165 1165
    1165 1165 1165 1165 1165 1165 1161 1161 1161 1161 1161 1161 1161
    1157 1157 1157 1161 1161 1157 1153 1153 1153 1149 1149 1149 1149
    1149 1149 1149 1149 1149 1149 1145 1278 1259 1255 1193 1193 1189
    1189 1189 1189 1189 1189 1189 1185 1181 1177 1177 1177 1177 1177
    1177 1177 1177 1177 1177 1173 1173 1173 1173 1173 1173 1169 1169
    1165 1165 1165 1161 1161 1161 1161 1165 1165 1165 1165 1165 1165
    1165 1165 1161 1161 1161 1161 1161 1161 1161 1157 1157 1157 1157
    1157 1157 1153 1149 1149 1149 1149 1149 1149 1149 1149 1149 1149
    1149 1149 1145 0 1259 1259 1197 1193 1189 1189 1189 1189 1189 1189
    1185 1185 1177 1177 1177 1177 1177 1177 1173 1173 1173 1173 1173
    1173 1173 1173 1173 1173 1169 1169 1169 1165 1165 1161 1161 1161
    1161 1161 1165 1165 1165 1165 1165 1165 1161 1161 1161 1161 1161
    1161 1161 1157 1157 1157 1157 1157 1157 1157 1157 1153 1149 1149
    1149 1149 1149 1149 1149 1149 1149 1149 1149 1149 1145 1268 1268
    1202 1197 1193 1189 1189 1189 1189 1185 1185 1185 1181 1177 1177
    1177 1177 1177 1173 1173 1173 1173 1173 1173 1173 1173 1173 1173
    1169 1169 1165 1165 1165 1165 1161 1161 1161 1161 1161 1165 1165
    1165 1161 1161 1161 1161 1161 1161 1161 1161 1161 1157 1157 1157
    1157 1157 1157 1157 1153 1153 1153 1149 1149 1149 1149 1149 1149
    1149 1149 1149 1149 1149 1145 1145 1268 1202 1202 1197 1193 1189
    1189 1189 1189 1185 1185 1181 1181 1181 1177 1177 1177 1177 1173
    1173 1173 1173 1173 1169 1169 1173 1165 1165 1169 1165 1165 1165
    1165 1165 1161 1161 1161 1161 1161 1165 1165 1165 1161 1161 1161
    1161 1161 1161 1161 1157 1157 1157 1157 1153 1153 1153 1153 1153
    1153 1153 1153 1149 1149 1149 1149 1153 1149 1145 1145 1145 1145
    1145 1145 1145 0 1202 1202 1197 1193 1189 1185 1185 1185 1185 1185
    1177 1177 1177 1181 1177 1177 1173 1173 1173 1173 1173 1173 1169
    1169 1169 1165 1165 1169 1165 1165 1161 1161 1165 1165 1161 1161
    1161 1161 1165 1165 1165 1161 1161 1161 1161 1161 1161 1161 1157
    1157 1157 1153 1149 1149 1153 1153 1153 1153 1153 1149 1149 1149
    1149 1149 1153 1149 1145 1145 1145 1145 1145 1145 1145 0 0 1202 1197
    1193 1185 1181 1181 1181 1181 1181 1177 1177 1177 1177 1177 1173
    1173 1173 1173 1173 1173 1173 1173 1173 1169 1169 1169 1169 1165
    1165 1161 1161 1165 1165 1165 1161 1157 1157 1161 1161 1161 1161
    1161 1161 1157 1157 1161 1161 1157 1157 1153 1153 1149 1149 1153
    1153 1153 1153 1153 1149 1149 1149 1149 1149 1149 1149 1145 1145
