<?xml version="1.0"?>
<opencv_storage>
<Depth3874 type_id="opencv-matrix">
  <rows>33</rows>
  <cols>40</cols>
  <dt>w</dt>
  <data>
    1671 1680 1688 1696 1705 1705 1705 1713 1713 1722 2659 2639 2639
    2639 2639 2639 3238 3208 3208 3208 3208 3208 3238 3238 3238 3269
    3269 3269 3269 3269 3269 3269 3300 3300 3333 3333 3365 3433 3433
    4842 1671 1680 1688 1688 1696 1705 1705 1705 1705 2659 2659 2639
    2639 2639 2639 2639 2659 2680 2680 2680 3238 3238 3238 3238 3269
    3238 3238 3269 3269 3238 3238 3269 3269 3300 3333 3333 3365 3365
    3365 3365 1680 1680 1688 1688 1696 1705 1705 1705 1705 2639 2639
    2659 2659 2659 2659 2659 2659 2680 2680 2680 2701 2701 3238 3269
    3269 3238 3238 3269 3269 3238 3238 3269 3269 3300 3333 3333 3333
    3365 3365 3365 1680 1680 1688 1688 1688 1696 1696 1705 1705 2639
    2639 2639 2659 2659 2659 2659 2659 2680 2701 2701 2701 2701 3269
    3269 3269 3238 3238 3269 3269 3269 3269 3269 3300 3300 3333 3333
    3333 3333 3365 3365 1680 1688 1688 1688 1688 1696 1696 1696 1696
    2618 2618 2618 2639 2639 2639 2659 2659 2680 2680 2701 2701 2701
    2701 2701 3269 3269 3269 3300 3300 3269 3269 3300 3300 3300 3333
    3333 3333 3333 3365 3365 1688 1688 1688 1688 1688 1696 1696 1696
    1696 2598 2618 2618 2639 2639 2639 2639 2639 2659 2680 2701 2701
    2701 2701 2701 2723 3269 3269 3269 3300 3300 3300 3300 3300 3300
    3333 3333 3333 3333 3333 3365 1688 1688 1696 1688 1688 1696 1696
    1696 2579 2579 2598 2618 2639 2639 2639 2639 2639 2659 2659 2680
    2701 2701 2701 2701 2723 2744 2744 3269 3269 3269 3269 3269 3300
    3300 3300 3300 3333 3333 3333 3365 1688 1688 1696 1688 1688 1696
    1696 2598 2579 2579 2579 2598 2618 2618 2639 2639 2639 2639 2639
    2680 2680 2701 2701 2723 2723 2723 2723 2723 3269 3269 3269 3269
    3300 3300 3300 3300 3333 3333 3333 3333 1688 1688 1688 1688 1688
    1688 2560 2560 2560 2560 2560 2579 2598 2618 2639 2639 2639 2639
    2639 2680 2680 2701 2701 2723 2723 2723 2723 2723 2723 2723 3269
    3269 3300 3300 3300 3333 3333 3333 3333 3333 1688 1680 1671 1671
    1688 1688 2541 2541 2560 2560 2560 2579 2579 2598 2618 2639 2639
    2639 2639 2659 2659 2701 2701 2701 2701 2723 2723 2723 2723 2723
    2723 2723 2723 3300 3300 3333 3333 3333 3333 3333 1688 1680 1671
    1671 1688 2541 2541 2541 2541 2541 2560 2560 2579 2579 2598 2618
    2618 2618 2618 2639 2659 2680 2680 2701 2701 2701 2701 2723 2723
    2723 2723 2723 2723 2723 2723 3333 3333 3333 3333 3333 1688 1680
    1671 1671 2541 2541 2541 2541 2541 2541 2560 2560 2560 2560 2560
    2560 2560 2579 2618 2618 2639 2659 2680 2680 2701 2701 2701 2701
    2723 2723 2723 2723 2723 2723 2723 2744 2744 3333 3333 3333 1688
    1688 1680 1680 2541 2541 2541 2541 2541 2541 2541 2541 2541 2560
    2560 2560 2560 2579 2598 2618 2618 2639 2659 2680 2680 2701 2701
    2701 2701 2701 2723 2723 2723 2723 2723 2744 2744 2767 2767 3365
    1680 1688 1696 2522 2522 2522 2541 2541 2522 2522 2522 2541 2541
    2541 2541 2560 2560 2579 2598 2598 2618 2618 2639 2639 2639 2659
    2659 2680 2680 2680 2701 2701 2723 2723 2723 2744 2744 2767 2767
    2767 1680 1696 2522 2522 2522 2522 2541 2541 2522 2522 2522 2541
    2541 2541 2541 2560 2560 2579 2598 2598 2598 2618 2618 2639 2639
    2639 2639 2659 2680 2680 2701 2701 2723 2723 2723 2744 2744 2744
    2767 2767 1680 2541 2541 2522 2522 2522 2541 2522 2522 2522 2522
    2541 2541 2541 2560 2560 2560 2579 2598 2579 2579 2598 2598 2618
    2618 2618 2639 2639 2659 2659 2680 2701 2701 2723 2723 2723 2723
    2723 2744 2767 2541 2541 2541 2541 2541 2541 2541 2522 2522 2522
    2522 2541 2541 2541 2560 2560 2560 2579 2579 2579 2579 2579 2598
    2618 2618 2618 2618 2639 2639 2659 2680 2680 2701 2701 2701 2701
    2701 2701 2723 2744 2541 2541 2541 2541 2541 2541 2541 2541 2541
    2541 2541 2541 2541 2541 2560 2560 2560 2560 2579 2579 2579 2579
    2598 2598 2598 2618 2618 2639 2639 2659 2680 2680 2680 2701 2701
    2701 2701 2701 2701 2701 2522 2541 2541 2541 2541 2560 2541 2541
    2541 2541 2541 2541 2560 2560 2560 2560 2560 2560 2560 2579 2579
    2579 2598 2598 2598 2618 2618 2639 2639 2639 2659 2659 2680 2680
    2701 2701 2701 2701 2701 2701 2522 2541 2541 2541 2541 2560 2560
    2560 2541 2541 2541 2541 2560 2560 2560 2560 2560 2560 2560 2560
    2579 2579 2598 2598 2598 2618 2618 2618 2639 2639 2639 2639 2639
    2639 2680 2680 2680 2701 2723 3178 2522 2541 2541 2560 2560 2560
    2560 2560 2560 2541 2541 2560 2560 2560 2560 2560 2560 2560 2560
    2560 2579 2579 2579 2579 2598 2598 2618 2618 2618 2618 2639 2639
    2639 2639 2639 2659 2659 3208 3208 3178 3468 3468 2560 2560 2579
    2598 2560 2560 2560 2560 2560 2560 2560 2560 2560 2560 2560 2560
    2560 2560 2579 2579 2579 2579 2598 2598 2618 2618 2618 2618 2618
    2618 2639 2639 2639 2639 2659 3178 3178 3178 3503 3503 3576 3576
    3576 2618 2579 2560 2560 2560 2560 2579 2579 2579 2560 2560 2560
    2560 2560 2560 2560 2560 2560 2560 2598 2598 2618 2598 2598 2618
    2618 2618 2618 2639 2639 2639 3178 3149 3149 3178 4139 3539 3539
    3539 3576 3576 3576 2560 2560 2579 2598 2579 2579 2579 2579 2579
    2579 2560 2560 2560 2560 2560 2560 2560 2579 2579 2579 2598 2598
    2598 2618 2618 2618 2639 2639 3208 3178 3149 3149 3178 4190 2116
    2116 3539 3576 3576 3576 3576 3576 2598 2598 2579 2579 2579 2579
    2579 2579 2579 2560 2560 2579 2579 2579 2579 2579 2579 2579 2598
    2598 2598 2618 2618 2639 2639 2639 3208 3178 3149 3149 3178 4190
    2116 2116 4241 3576 3576 3614 3614 3614 3614 3614 3614 2598 2598
    2598 2598 2579 2579 2579 2579 2579 2579 2579 2579 2579 2579 2579
    2598 2598 2618 2618 2618 2639 2639 2639 3208 3178 3178 3178 3178
    4190 4190 4190 4190 4190 3614 3614 3614 3614 3614 3614 3614 3576
    2598 2598 2598 2579 2579 2579 2579 2579 2579 2579 2579 2618 2618
    2618 2618 2618 2618 2618 2618 2618 2618 2598 2598 3208 3208 3208
    3208 4190 4190 4190 4190 4190 4190 4295 3614 3614 3614 3614 3614
    3576 3539 2618 2598 2598 2618 2598 2598 2598 2598 2598 2598 2598
    2618 2618 2618 2618 2618 2618 2618 2618 2618 2598 2598 3238 3208
    3208 3208 4190 4190 4190 4190 4241 4241 4241 4349 3614 3614 3653
    3614 3614 3576 3576 3614 3614 2618 2618 2618 2618 2598 2598 2598
    2598 2618 2618 2618 2618 2618 2618 2618 2618 2618 2598 2598 3269
    3238 3238 3208 4190 4190 4190 4190 4190 4241 4241 4349 4349 4349
    3653 3653 3614 3614 3614 3653 3653 2618 2598 2598 2598 2618 2618
    2618 2618 2618 2618 2618 2618 2618 2618 2618 2618 2618 2618 2618
    3300 3300 3269 3238 4190 4190 4190 4190 4190 4190 4190 4295 4295
    4349 4295 4295 4349 4349 4349 4405 3653 3653 2598 2598 2598 2618
    2618 2618 2618 2618 2618 2618 2618 2618 2618 2618 2618 2618 2618
    3365 3333 3333 3333 3269 4190 4190 4190 4190 4190 4190 4190 4295
    4295 4349 4349 4349 4349 4349 4349 4405 4349 4349 4349 4405 4463
    4463 2618 2618 2618 2618 2618 2618 2618 2618 2618 2639 2639 2639
    2639 3365 3365 3399 3399 3365 4190 4241 4241 4190 4190 4190 4190
    4295 4295 4349 4349 4349 4349 4349 4349 4349 4405 4349 4349 4405
    4405 4405 4405 4405 3614 3503 3503 3468 2639 2639 2639 2639 2680
    2723 3433 3399 3399 3399 3399 3399</data></Depth3874>
</opencv_storage>
