<?xml version="1.0"?>
<opencv_storage>
<Depth2775 type_id="opencv-matrix">
  <rows>37</rows>
  <cols>23</cols>
  <dt>w</dt>
  <data>
    4911 4911 4983 4983 2639 2639 2639 2560 2560 2541 2541 2560 2541
    2541 2560 2560 2560 2522 2522 4645 4645 4645 4645 4911 4911 2680
    2659 2639 2639 2598 2560 2541 2541 2541 2541 2541 2541 2560 2560
    2560 2522 2522 4645 4645 4645 4645 4911 4911 2659 2639 2618 2598
    2579 2541 2541 2541 2541 2541 2541 2541 2541 2541 2560 2541 2541
    4645 4645 4645 4645 4911 4911 2659 2639 2618 2598 2579 2541 2541
    2541 2541 2541 2541 2541 2541 2541 2541 2541 2522 2522 4645 4645
    4645 4911 2723 2659 2659 2639 2618 2579 2541 2541 2541 2541 2541
    2541 2541 2541 2541 2541 2541 2522 2522 2522 4708 4645 4911 2723
    2680 2659 2639 2618 2560 2560 2541 2541 2541 2541 2522 2522 2522
    2541 2541 2541 2522 2522 2522 4708 4708 2744 2723 2680 2659 2639
    2618 2560 2560 2541 2541 2541 2541 2522 2522 2522 2522 2541 2541
    2522 2503 2503 4774 4708 2744 2723 2701 2659 2639 2618 2560 2560
    2541 2541 2541 2541 2522 2522 2522 2522 2522 2541 2522 2503 2503
    2503 4708 2723 2723 2723 2680 2639 2618 2560 2560 2541 2541 2541
    2541 2522 2522 2522 2522 2522 2522 2522 2503 2503 2503 4645 2723
    2723 2723 2680 2639 2618 2579 2560 2541 2541 2541 2541 2522 2522
    2522 2522 2522 2522 2503 2503 2503 4645 4645 2723 2723 2723 2680
    2659 2639 2579 2560 2541 2541 2541 2541 2522 2522 2522 2522 2522
    2522 2503 2503 2522 4708 4645 2744 2723 2723 2680 2659 2598 2579
    2560 2541 2541 2541 2541 2541 2522 2522 2522 2522 2522 2522 2522
    2522 4708 4645 2744 2723 2723 2680 2659 2598 2579 2560 2541 2541
    2541 2541 2541 2522 2522 2522 2503 2503 2522 2522 2541 4708 4708
    2744 2723 2723 2701 2659 2598 2579 2560 2541 2541 2522 2522 2522
    2522 2522 2522 2503 2503 2522 2522 2541 4708 4708 2744 2723 2723
    2701 2659 2598 2579 2560 2541 2522 2522 2522 2522 2522 2522 2522
    2522 2522 2541 2541 2541 2560 4645 2744 2723 2701 2701 2659 2598
    2579 2560 2541 2522 2522 2522 2522 2522 2522 2522 2522 2541 2541
    2541 2541 2541 4582 4708 2723 2701 2701 2659 2618 2598 2560 2541
    2522 2522 2522 2522 2522 2541 2541 2541 2541 2541 2541 2522 2522
    4582 4708 2723 2701 2701 2659 2618 2598 2560 2541 2522 2522 2503
    2503 2522 2541 2541 2541 2541 2541 2522 2522 2503 2503 4983 2723
    2723 2701 2659 2639 2598 2579 2541 2522 2522 2503 2503 2522 2541
    2541 2522 2522 2522 2522 2522 2503 2503 4983 2723 2723 2723 2659
    2639 2598 2579 2560 2522 2522 2503 2503 2522 2522 2522 2522 2522
    2522 2522 2522 2503 2503 4911 4911 2723 2723 2659 2639 2598 2579
    2560 2541 2522 2503 2503 2522 2522 2522 2522 2522 2541 2541 2522
    2503 2503 4911 4911 2723 2723 2659 2639 2618 2598 2560 2560 2522
    2522 2522 2522 2522 2522 2522 2522 2541 2541 2522 2503 2503 4842
    4842 2723 2701 2659 2639 2618 2598 2560 2560 2541 2522 2522 2522
    2522 2522 2522 2522 2541 2541 2541 2522 2522 4842 4842 2723 2680
    2659 2639 2618 2598 2579 2560 2541 2541 2522 2522 2522 2522 2522
    2522 2541 2541 2541 2522 2522 4911 4911 2723 2680 2659 2639 2618
    2598 2579 2560 2541 2522 2522 2522 2522 2522 2522 2541 2541 2541
    2541 2541 2541 4911 4911 2723 2723 2659 2639 2618 2598 2579 2560
    2541 2522 2522 2522 2522 2541 2541 2541 2541 2541 2541 2560 2560
    4911 4911 2723 2723 2680 2659 2639 2598 2579 2560 2541 2522 2522
    2522 2522 2522 2522 2541 2541 2541 2541 2541 2541 4911 4911 4911
    2723 2680 2659 2639 2598 2579 2579 2560 2541 2522 2522 2522 2522
    2522 2541 2541 2541 2541 2541 2541 4911 4911 4911 2723 2723 2659
    2639 2618 2579 2579 2560 2541 2541 2522 2522 2522 2522 2541 2541
    2541 2522 2522 2522 4911 4911 2744 2723 2723 2680 2659 2618 2579
    2560 2560 2522 2522 2503 2503 2503 2522 2522 2522 2522 2522 2522
    2522 4911 4911 2744 2744 2723 2680 2639 2618 2598 2560 2560 2522
    2522 2503 2503 2503 2522 2522 2522 2522 2522 2522 2522 4911 2744
    2744 2744 2723 2680 2639 2618 2618 2579 2560 2541 2541 2522 2522
    2522 2541 2541 2541 2541 2541 2541 2541 4911 2744 2744 2744 2723
    2680 2659 2639 2618 2579 2560 2541 2541 2541 2541 2541 2541 2541
    2541 2541 2541 2541 2541 4911 4911 2744 2744 2723 2680 2659 2639
    2618 2579 2560 2560 2541 2541 2541 2522 2522 2522 2522 2522 2541
    2541 2541 4983 4911 4911 2744 2723 2680 2659 2639 2618 2579 2579
    2560 2541 2541 2541 2522 2522 2522 2522 2522 2541 2541 2541 4911
    4911 4911 4911 4911 2680 2659 2639 2618 2579 2579 2579 2541 2541
    2541 2522 2522 2522 2522 2522 2541 2560 2541 4911 4911 4911 4911
    4983 2680 2659 2639 2618 2598 2579 2579 2560 2541 2541 2541 2541
    2541 2522 2522 2560 2560 2560</data></Depth2775>
</opencv_storage>
