<?xml version="1.0"?>
<opencv_storage>
<Depth5012 type_id="opencv-matrix">
  <rows>57</rows>
  <cols>46</cols>
  <dt>w</dt>
  <data>
    4463 4405 4405 4295 4295 4295 4295 4295 4295 4295 4349 4295 4295
    4295 4241 4241 4241 4241 4190 1766 1766 1766 1776 1785 1785 1785
    1776 1766 1766 1766 1766 1766 1757 1748 1748 1748 3816 3816 3903
    3903 3903 3903 3903 3903 3903 3903 4463 4405 1823 1823 1823 1833
    1843 1853 1853 4295 4349 4295 4295 4295 1804 1804 1794 1794 1794
    1766 1766 1766 1776 1776 1785 1776 1776 1766 1766 1766 1766 1757
    1757 1748 1748 1748 3859 3859 3903 3948 3948 3948 3903 3903 3903
    3903 1823 1823 1823 1823 1823 1823 1833 1833 1833 1823 1813 1804
    1804 1794 1794 1794 1794 1785 1785 1785 1776 1776 1776 1776 1776
    1776 1766 1766 1766 1766 1766 1748 1748 1748 1748 1739 1739 3903
    3903 3948 3948 3948 3903 3903 3903 3903 1823 1823 1813 1813 1813
    1813 1813 1823 1823 1813 1813 1804 1794 1785 1785 1785 1785 1785
    1785 1785 1776 1776 1776 1776 1766 1766 1766 1766 1766 1766 1766
    1748 1748 1748 1748 1739 1731 1731 3948 3948 3948 3948 3903 3903
    3903 3903 1804 1813 1813 1813 1813 1813 1813 1813 1813 1813 1813
    1804 1794 1785 1785 1785 1785 1785 1785 1785 1785 1785 1776 1776
    1766 1766 1766 1766 1766 1766 1757 1748 1748 1748 1748 1739 1731
    1731 1731 3948 3948 3903 3903 3903 3903 3903 1804 1813 1813 1813
    1804 1804 1804 1804 1804 1804 1804 1804 1794 1785 1785 1785 1785
    1785 1785 1785 1785 1776 1776 1776 1776 1766 1766 1766 1766 1766
    1757 1748 1748 1748 1748 1748 1739 1739 1739 3903 3903 3903 3903
    3903 3903 3903 1804 1804 1804 1813 1804 1804 1804 1804 1804 1804
    1794 1794 1794 1785 1785 1785 1785 1785 1785 1785 1785 1776 1776
    1776 1776 1776 1766 1766 1766 1757 1748 1748 1748 1748 1748 1748
    1739 1739 1739 3903 3903 3903 3903 3903 3903 3903 1804 1804 1804
    1813 1804 1804 1804 1804 1804 1804 1794 1794 1794 1785 1785 1785
    1785 1785 1785 1776 1776 1776 1776 1776 1776 1776 1766 1766 1766
    1757 1748 1748 1748 1748 1748 1748 1748 1748 1748 3903 3903 3903
    3903 3903 3903 3859 1804 1804 1804 1804 1804 1804 1804 1804 1804
    1804 1794 1794 1794 1785 1785 1785 1785 1776 1776 1776 1776 1776
    1776 1776 1776 1776 1766 1766 1766 1757 1757 1757 1748 1748 1748
    1748 1748 1748 1748 3903 3903 3903 3903 3903 3903 3859 1804 1804
    1804 1804 1804 1804 1804 1813 1804 1804 1794 1794 1794 1794 1785
    1785 1785 1776 1776 1776 1776 1776 1776 1776 1776 1776 1766 1766
    1766 1766 1757 1757 1748 1748 1748 1748 1748 1739 1739 3903 3903
    3903 3903 3903 3903 3859 1804 1804 1804 1804 1804 1804 1804 1804
    1804 1794 1794 1794 1794 1794 1785 1785 1785 1776 1776 1776 1776
    1776 1776 1776 1776 1776 1766 1766 1757 1757 1757 1757 1748 1748
    1748 1748 1739 1739 1739 1739 3903 3903 3903 3903 3903 3903 1813
    1813 1813 1804 1804 1804 1804 1804 1804 1794 1794 1794 1794 1794
    1785 1785 1785 1785 1785 1785 1776 1776 1776 1776 1776 1776 1766
    1766 1757 1757 1757 1757 1757 1748 1748 1739 1739 1739 1739 1739
    3903 3903 3903 3903 3903 3859 1813 1813 1813 1813 1813 1804 1804
    1804 1804 1794 1785 1785 1785 1785 1785 1785 1785 1785 1785 1785
    1776 1776 1776 1776 1766 1766 1766 1766 1757 1757 1757 1757 1757
    1748 1748 1739 1739 1739 1739 1739 3903 3903 3903 3903 3903 3859
    1823 1823 1813 1813 1813 1804 1804 1804 1804 1794 1785 1785 1785
    1785 1785 1785 1785 1785 1785 1785 1776 1776 1776 1776 1766 1766
    1766 1757 1757 1757 1757 1757 1748 1748 1748 1739 1739 1739 1739
    1739 3903 3903 3903 3903 3859 3859 1813 1813 1813 1813 1813 1804
    1804 1804 1804 1804 1785 1785 1785 1785 1776 1776 1785 1776 1776
    1776 1776 1776 1776 1776 1766 1766 1766 1757 1757 1757 1757 1757
    1748 1748 1748 1748 1739 1739 1739 1739 3903 3903 3903 3903 3859
    3859 1813 1813 1813 1813 1813 1813 1804 1804 1804 1804 1794 1785
    1785 1785 1776 1776 1776 1776 1776 1776 1776 1776 1776 1776 1766
    1766 1766 1757 1757 1757 1757 1757 1748 1748 1748 1739 1739 1739
    1739 1748 3948 3903 3903 3903 3859 3859 4522 1813 1813 1813 1813
    1813 1804 1804 1804 1804 1794 1785 1785 1785 1776 1776 1776 1776
    1776 1776 1776 1776 1776 1776 1766 1766 1757 1757 1757 1757 1757
    1757 1748 1748 1748 1739 1739 1739 1748 1748 1748 3903 3903 3903
    3859 3859 4522 4522 1804 1804 1804 1804 1804 1804 1804 1794 1794
    1785 1785 1785 1785 1785 1785 1776 1776 1776 1776 1776 1776 1776
    1766 1766 1757 1757 1757 1757 1757 1757 1748 1748 1748 1739 1739
    1748 1748 1748 1748 3903 3903 3903 3903 3859 4463 4463 1794 1794
    1804 1804 1804 1804 1794 1794 1794 1785 1785 1785 1785 1785 1785
    1776 1776 1776 1776 1776 1776 1766 1766 1766 1757 1757 1757 1757
    1757 1757 1748 1748 1748 1739 1739 1748 1748 1748 1748 1748 3903
    3903 3903 3859 4463 4463 1785 1785 1804 1804 1804 1804 1794 1794
    1794 1785 1785 1785 1785 1785 1785 1776 1776 1776 1776 1776 1776
    1766 1766 1766 1757 1757 1757 1757 1748 1748 1748 1748 1748 1748
    1748 1748 1748 1739 1739 1739 3903 3903 3903 3903 4463 4463 1785
    1785 1804 1804 1804 1804 1794 1794 1794 1785 1785 1785 1785 1785
    1785 1776 1776 1776 1776 1776 1776 1766 1766 1766 1766 1757 1757
    1757 1748 1748 1748 1748 1748 1748 1748 1748 1739 1731 1731 1731
    3903 3903 3903 3903 4522 4522 1794 1794 1794 1804 1804 1804 1794
    1794 1794 1785 1785 1785 1785 1785 1785 1785 1776 1776 1776 1776
    1776 1766 1766 1766 1766 1757 1757 1757 1748 1748 1748 1748 1748
    1748 1748 1748 1739 1731 1731 1731 3903 3903 3903 3903 4582 4582
    1794 1794 1794 1804 1804 1804 1794 1794 1785 1785 1785 1785 1785
    1785 1785 1785 1776 1776 1776 1776 1776 1766 1766 1766 1766 1757
    1757 1757 1757 1748 1748 1748 1748 1748 1748 1748 1739 1739 1739
    1739 3903 3903 3903 3903 4522 4522 1785 1785 1785 1804 1804 1804
    1794 1794 1785 1785 1785 1785 1785 1785 1785 1776 1776 1776 1776
    1776 1776 1766 1766 1766 1766 1766 1757 1757 1757 1748 1748 1748
    1748 1748 1748 1748 1739 1739 1739 1739 3903 3903 3903 3859 4522
    4522 1785 1785 1785 1794 1794 1794 1794 1785 1785 1785 1785 1785
    1785 1785 1785 1776 1776 1776 1776 1776 1766 1766 1766 1766 1757
    1757 1757 1757 1757 1748 1748 1748 1748 1748 1748 1748 1739 1739
    1739 1739 3903 3903 3903 3859 4522 4522 1794 1794 1794 1794 1794
    1794 1794 1785 1785 1785 1785 1785 1785 1785 1785 1776 1776 1776
    1776 1776 1766 1766 1766 1766 1757 1757 1757 1757 1757 1748 1748
    1748 1748 1748 1739 1739 1739 1731 1731 1731 3903 3903 3903 3859
    4522 4522 1794 1794 1794 1804 1794 1794 1794 1785 1785 1785 1785
    1785 1785 1785 1785 1776 1776 1776 1776 1776 1766 1766 1766 1766
    1757 1757 1757 1757 1757 1748 1748 1748 1748 1748 1739 1739 1739
    1731 1731 1731 3903 3903 3903 3859 4522 4522 1794 1794 1794 1804
    1804 1794 1794 1794 1785 1785 1785 1785 1785 1785 1785 1776 1776
    1776 1776 1776 1766 1766 1766 1766 1766 1757 1757 1748 1748 1748
    1748 1748 1748 1748 1739 1739 1739 1731 1731 1731 3903 3903 3859
    3859 4463 4463 4463 1804 1804 1804 1804 1794 1794 1794 1785 1785
    1785 1785 1785 1785 1776 1776 1776 1776 1776 1776 1766 1766 1766
    1766 1766 1757 1757 1748 1748 1748 1748 1748 1748 1739 1739 1739
    1739 1731 1731 1731 3903 3903 3859 3859 4463 4463 4463 1813 1813
    1804 1804 1794 1794 1785 1785 1785 1785 1785 1785 1785 1776 1776
    1776 1776 1776 1776 1766 1766 1766 1757 1757 1757 1757 1748 1748
    1748 1748 1748 1748 1739 1739 1739 1739 1739 1739 1748 1748 3903
    3903 3903 4463 4463 4463 1804 1804 1804 1794 1794 1794 1785 1785
    1785 1785 1785 1785 1785 1776 1776 1776 1776 1776 1776 1766 1766
    1757 1757 1757 1757 1757 1748 1748 1748 1748 1748 1748 1739 1739
    1739 1739 1731 1731 1739 1739 3859 3859 3859 4463 4463 4463 1794
    1794 1794 1794 1785 1785 1785 1785 1785 1785 1785 1785 1776 1776
    1776 1776 1776 1776 1766 1766 1766 1757 1757 1766 1757 1757 1748
    1748 1748 1748 1748 1748 1739 1739 1739 1739 1731 1731 1731 1731
    3859 3859 3859 4522 4522 4522 1794 1794 1794 1794 1785 1785 1785
