<?xml version="1.0"?>
<opencv_storage>
<Depth4845 type_id="opencv-matrix">
  <rows>41</rows>
  <cols>37</cols>
  <dt>w</dt>
  <data>
    4911 4911 4911 4911 4911 4911 4911 4911 4911 4911 4911 4911 4911
    4911 4911 2659 2659 2659 2680 2680 2680 2680 4774 4708 4708 4708
    4708 4708 4708 4708 4708 4645 4645 4645 4645 4645 4645 4911 4911
    4911 4911 4911 4911 4911 4911 4911 4911 4911 2639 2639 2639 2639
    2639 2659 2659 2659 2659 2680 2680 2680 4708 4708 4708 4708 4708
    4708 4708 4708 4645 4645 4645 4645 4645 4645 4911 4911 4911 4911
    4911 4911 4911 4911 4911 4911 2618 2618 2618 2618 2639 2639 2639
    2659 2659 2659 2659 2659 2680 2680 4708 4708 4708 4708 4708 4708
    4708 4645 4645 4645 4645 4645 4645 4911 4911 4842 4842 4842 4842
    2579 2579 2579 2579 2579 2598 2618 2618 2618 2639 2639 2659 2659
    2659 2659 2659 2680 2680 4774 4774 4708 4708 4708 4708 4708 4645
    4645 4708 4645 4645 4645 4911 4911 4842 4842 4842 4842 2560 2560
    2579 2579 2579 2598 2598 2598 2598 2618 2639 2659 2659 2659 2659
    2659 2659 2680 4774 4774 4708 4708 4708 4708 4708 4645 4645 4708
    4645 4645 4645 4842 4842 4911 4842 4842 4911 2560 2560 2579 2579
    2579 2579 2598 2598 2598 2618 2639 2639 2659 2659 2659 2659 2659
    2680 4774 4774 4774 4708 4708 4708 4708 4708 4708 4708 4645 4645
    4645 4842 4842 4911 4911 4911 2560 2560 2560 2560 2579 2579 2579
    2598 2598 2618 2618 2618 2639 2639 2639 2659 2659 2659 2659 2680
    4645 4645 4708 4708 4708 4708 4708 4708 4708 4708 4708 4645 4911
    4911 4911 4911 4911 2560 2560 2560 2560 2579 2579 2598 2598 2598
    2618 2618 2618 2639 2639 2639 2639 2659 2659 2659 2680 2680 4645
    4708 4708 4708 4708 4708 4708 4708 4708 4708 4645 2579 2560 2560
    2560 2560 2560 2560 2560 2560 2560 2579 2579 2598 2598 2598 2618
    2618 2618 2639 2639 2639 2639 2659 2659 2680 2659 2659 4708 4708
    4708 4708 4708 4708 4708 4708 4708 4645 2579 2560 2560 2560 2560
    2560 2560 2560 2560 2560 2579 2579 2579 2579 2598 2618 2618 2618
    2618 2639 2639 2639 2659 2659 2659 2659 2659 2701 4708 4708 4708
    4708 4708 4708 4708 4708 4708 2598 2579 2560 2560 2560 2560 2560
    2560 2560 2560 2579 2579 2579 2579 2579 2579 2598 2618 2618 2639
    2639 2639 2639 2639 2659 2659 2659 2680 2723 4708 4708 4708 4708
    4708 4708 4708 4708 2598 2579 2579 2560 2560 2560 2560 2560 2560
    2560 2560 2579 2579 2579 2579 2579 2598 2598 2618 2618 2639 2639
    2639 2639 2639 2659 2659 2680 2701 4708 4708 4708 4708 4708 4708
    4708 4708 2579 2579 2579 2560 2560 2560 2560 2560 2560 2560 2560
    2579 2579 2579 2579 2579 2579 2598 2598 2598 2618 2639 2639 2639
    2639 2659 2659 2659 2659 4708 4708 4708 4708 4708 4708 4708 4708
    2579 2598 2579 2579 2579 2560 2560 2560 2560 2560 2560 2560 2579
    2579 2579 2579 2579 2579 2598 2598 2598 2618 2639 2639 2639 2639
    2659 2639 2639 2639 4708 4708 4708 4708 4708 4708 4708 2598 2598
    2579 2579 2579 2560 2560 2560 2560 2560 2560 2560 2579 2579 2579
    2579 2579 2579 2579 2579 2598 2618 2618 2639 2639 2639 2659 2639
    2639 2639 2639 4708 4708 4708 4708 4708 4708 2618 2618 2598 2598
    2598 2579 2560 2560 2560 2560 2560 2560 2560 2560 2579 2579 2579
    2579 2579 2579 2598 2598 2598 2639 2639 2659 2659 2659 2659 2659
    2659 4708 4708 4708 4708 4708 4708 4911 2639 2618 2598 2598 2579
    2579 2560 2560 2560 2560 2560 2560 2560 2579 2579 2579 2579 2579
    2579 2598 2598 2598 2618 2639 2639 2639 2659 2659 2659 2659 4708
    4708 4708 4708 4645 4645 2639 2639 2618 2618 2598 2579 2579 2560
    2560 2560 2560 2560 2560 2560 2560 2579 2579 2579 2579 2579 2598
    2598 2598 2618 2618 2639 2639 2659 2659 2659 2659 4708 4708 4708
    4708 4645 4645 2639 2618 2618 2618 2598 2598 2579 2560 2560 2560
    2560 2560 2560 2560 2560 2560 2560 2579 2579 2579 2598 2598 2598
    2598 2618 2639 2639 2659 2659 2659 2659 2659 2680 4708 4708 4708
    4708 4911 2618 2618 2618 2598 2598 2579 2560 2560 2541 2541 2560
    2560 2560 2560 2560 2560 2560 2579 2579 2598 2598 2598 2598 2618
    2639 2639 2659 2659 2659 2659 2659 2659 4708 4708 4708 4708 4911
    4911 2618 2618 2618 2598 2598 2560 2560 2541 2541 2560 2560 2560
    2560 2560 2560 2560 2579 2579 2579 2579 2598 2598 2618 2639 2659
    2659 2659 2659 2659 2659 2659 4708 4708 4708 4708 4911 4911 4911
    2639 2639 2618 2598 2579 2560 2560 2560 2560 2560 2560 2560 2560
    2560 2560 2560 2579 2579 2579 2598 2598 2618 2639 2639 2639 2639
    2659 2659 2659 2659 2680 4774 4708 4708 4911 4911 4911 4911 2659
    2639 2618 2579 2579 2579 2579 2579 2560 2560 2560 2560 2560 2560
    2560 2579 2579 2579 2598 2598 2618 2618 2639 2639 2639 2639 2639
    2659 2659 2659 2659 4708 4708 4911 4911 4911 4911 2659 2639 2618
    2598 2579 2579 2579 2579 2560 2560 2560 2560 2560 2560 2560 2560
    2579 2579 2579 2579 2598 2598 2618 2639 2639 2639 2639 2639 2659
    2659 2659 4708 4708 4911 4911 4911 4911 4911 2639 2618 2598 2579
    2579 2560 2560 2560 2560 2560 2560 2560 2560 2560 2560 2579 2579
    2579 2579 2598 2598 2618 2618 2639 2639 2639 2639 2639 2659 2659
    4708 4708 4983 4911 4911 4911 4983 4983 2618 2598 2579 2579 2560
    2560 2560 2560 2560 2560 2560 2560 2560 2560 2579 2579 2579 2598
    2598 2618 2618 2618 2618 2639 2639 2639 2639 2659 2659 2659 4645
    4983 4911 4911 4911 4983 4983 2618 2598 2579 2579 2560 2560 2560
    2560 2560 2560 2560 2560 2560 2560 2579 2579 2579 2579 2598 2618
    2618 2618 2618 2639 2639 2639 2639 2639 2659 2659 2680 4911 4911
    4911 4911 4911 4983 2618 2618 2618 2579 2579 2560 2560 2560 2560
    2560 2560 2560 2560 2560 2560 2560 2579 2579 2579 2598 2598 2598
    2618 2618 2639 2639 2639 2639 2659 2659 2659 4911 4911 4911 4911
    4911 4983 5132 2639 2618 2618 2598 2579 2579 2579 2560 2560 2560
    2560 2560 2560 2560 2560 2560 2560 2579 2579 2598 2598 2598 2618
    2639 2639 2639 2639 2639 2659 2659 4911 4911 4911 4983 4983 4983
    5056 2639 2618 2618 2598 2598 2579 2579 2560 2560 2541 2541 2541
    2541 2560 2560 2560 2560 2560 2579 2598 2598 2598 2618 2618 2639
    2639 2639 2639 2639 2639 4983 4983 4983 4983 4983 4983 4983 4983
    2618 2598 2579 2579 2579 2579 2560 2560 2541 2541 2541 2541 2541
    2541 2560 2560 2560 2579 2579 2579 2579 2598 2618 2618 2639 2639
    2639 2639 2639 4983 4983 4983 4983 4983 4983 4983 4911 4911 2598
    2579 2579 2579 2579 2560 2560 2541 2541 2541 2541 2541 2541 2560
    2560 2579 2579 2579 2579 2579 2598 2618 2618 2639 2639 2639 2639
    2639 4983 4983 4983 4983 4983 4983 4983 4911 4911 4911 2598 2598
    2598 2579 2560 2560 2541 2541 2541 2541 2541 2560 2560 2560 2579
    2579 2579 2579 2579 2598 2598 2639 2639 4708 4708 4708 4708 5056
    4983 4983 4911 4911 4911 4983 4911 4911 4911 2598 2598 2598 2579
    2560 2560 2541 2541 2541 2541 2541 2541 2560 2560 2579 2579 2579
    2579 2579 2598 2598 2639 2639 4708 4708 4708 4708 5056 4983 4911
    4911 4911 4911 4983 4911 4911 4911 4911 2639 2618 2598 2579 2560
    2560 2560 2541 2541 2541 2541 2560 2560 2579 2579 2579 2579 2579
    2598 2598 2618 4774 4708 4708 4708 4708 5056 4983 4911 4911 4911
    4911 4983 4983 4911 4911 4911 2659 2618 2598 2579 2579 2560 2560
    2560 2541 2541 2541 2560 2560 2579 2579 2579 2579 2579 2598 2598
    2618 4774 4708 4708 4708 4708 5056 4983 4911 4911 4911 4911 4983
    4983 4911 4911 4911 4911 4911 2618 2598 2579 2560 2560 2560 2541
    2541 2541 2560 2560 2560 2560 2560 2579 2579 2579 4774 4774 4774
    4708 4708 4708 4708 4983 4983 4911 4911 4911 4911 4983 4983 4911
    4911 4911 4911 4911 2639 2618 2598 2579 2560 2560 2541 2541 2541
    2560 2560 2560 2560 2560 2579 2579 2579 4842 4842 4842 4774 4774
    4708 4708 4983 4983 4911 4911 4911 4911 4983 4983 4983 4983 4911
    4911 4911 2639 2618 2598 2579 2560 2560 2560 2541 2541 2541 2560
    2560 2560 2560 2579 2579 2579 4911 4911 4911 4842 4842 4774 2579
    4983 4983 4983 4983 4983 4983 4983 4983 4983 4983 4911 4911 4911
    4911 2618 2618 2579 2560 2560 2541 2541 2541 2541 2560 2560 2579
