<?xml version="1.0"?>
<opencv_storage>
<Depth9100 type_id="opencv-matrix">
  <rows>101</rows>
  <cols>49</cols>
  <dt>w</dt>
  <data>
    0 7660 7660 1343 1343 1343 1343 0 0 0 0 0 0 9593 9593 8849 8849 8849
    9593 9593 9593 9870 9870 9870 9870 9870 9870 9870 0 1359 0 0 0 0 0 0
    1354 1349 1349 1349 1349 1349 1349 1349 1349 1349 1343 1338 1338 0
    7835 1343 1338 1338 1343 1343 1338 0 1328 1392 1392 1392 1387 1370
    1370 8626 8626 8626 1338 1349 1349 1349 1354 1354 1354 1343 1343 0
    1359 1359 1359 1359 1338 1354 1354 1354 1349 1349 1349 1349 1349
    1349 1349 1343 1343 1343 1333 1333 8019 8019 1338 1338 1338 1338
    1338 1338 1328 1328 1328 1381 1381 1376 1365 1359 1333 1328 1328
    1338 1343 1343 1343 1343 1338 1338 1343 1343 1349 1343 1343 1349
    1343 1338 1338 1343 1343 1349 1349 1349 1349 1349 1349 1343 1343
    1343 1343 1333 1333 1328 1328 1328 1328 1328 1328 1328 1328 1328
    1328 1328 1333 1333 1333 1333 1333 1333 1328 1328 1333 1338 1338
    1338 1338 1338 1338 1338 1338 1338 1338 1338 1343 1338 1338 1338
    1343 1343 1343 1343 1343 1343 1343 1343 1343 1343 1343 1343 1343
    1343 1328 1328 1328 1328 1328 1328 1328 1328 1328 1328 1328 1328
    1328 1328 1328 1333 1333 1328 1328 1333 1333 1333 1333 1333 1338
    1338 1338 1338 1338 1338 1338 1338 1338 1338 1338 1338 1338 1338
    1343 1343 1343 1343 1343 1338 1338 1338 1338 1338 1338 1322 1322
    1322 1322 1322 1322 1328 1328 1328 1328 1328 1328 1328 1328 1328
    1328 1328 1328 1328 1333 1333 1333 1333 1333 1338 1338 1338 1338
    1338 1338 1338 1338 1338 1338 1338 1338 1338 1338 1343 1343 1343
    1343 1343 1338 1338 1338 1338 1338 1338 1322 1322 1322 1322 1322
    1322 1328 1328 1328 1328 1328 1328 1328 1328 1328 1328 1328 1328
    1328 1328 1333 1338 1338 1338 1338 1338 1338 1338 1338 1338 1338
    1338 1338 1338 1338 1338 1338 1343 1343 1343 1343 1343 1343 1338
    1338 1338 1338 1338 1343 1322 1322 1322 1322 1322 1322 1328 1328
    1328 1328 1328 1328 1328 1328 1328 1328 1328 1328 1328 1328 1333
    1333 1338 1338 1338 1338 1338 1338 1338 1343 1343 1343 1343 1343
    1338 1338 1338 1343 1343 1343 1343 1343 1343 1343 1343 1343 1343
    1343 1343 1322 1322 1322 1328 1322 1322 1328 1328 1328 1328 1328
    1328 1328 1328 1328 1333 1333 1328 1328 1328 1333 1333 1338 1338
    1338 1338 1338 1338 1343 1343 1343 1338 1338 1338 1343 1343 1343
    1343 1343 1343 1343 1343 1343 1343 1343 1343 1343 1343 1349 1322
    1322 1322 1328 1322 1322 1328 1328 1328 1328 1328 1328 1328 1328
    1328 1333 1333 1333 1333 1333 1333 1333 1333 1333 1338 1338 1338
    1338 1338 1338 1338 1338 1338 1338 1343 1343 1343 1343 1343 1343
    1343 1343 1349 1349 1349 1349 1349 1349 1349 1328 1328 1328 1328
    1322 1322 1328 1328 1328 1328 1328 1328 1328 1328 1328 1328 1333
    1333 1333 1333 1333 1333 1333 1333 1333 1338 1338 1338 1338 1338
    1338 1338 1338 1343 1343 1349 1349 1343 1343 1343 1343 1343 1349
    1349 1349 1349 1349 1349 1349 1328 1328 1328 1328 1328 1328 1328
    1328 1328 1328 1328 1328 1328 1328 1328 1328 1333 1333 1333 1333
    1333 1333 1333 1333 1333 1338 1338 1338 1338 1338 1338 1338 1338
    1343 1343 1349 1349 1349 1343 1343 1343 1343 1349 1349 1349 1349
    1349 1349 1349 1333 1328 1328 1328 1328 1328 1328 1328 1328 1328
    1328 1328 1328 1328 1328 1328 1333 1333 1333 1333 1333 1333 1328
    1328 1338 1338 1338 1338 1338 1338 1343 1343 1343 1343 1343 1343
    1343 1349 1349 1349 1349 1349 1349 1349 1349 1349 1349 1349 1349
    1328 1322 1322 1328 1328 1328 1328 1328 1328 1328 1328 1328 1328
    1328 1328 1333 1328 1328 1333 1333 1333 1333 1328 1328 1338 1338
    1338 1338 1338 1338 1343 1343 1343 1343 1343 1343 1343 1349 1349
    1349 1349 1349 1349 1349 1349 1349 1349 1349 1343 1328 1322 1322
    1328 1328 1328 1328 1328 1328 1328 1328 1328 1328 1328 1328 1328
    1328 1328 1333 1333 1333 1333 1333 1333 1338 1338 1338 1338 1338
    1338 1343 1343 1343 1343 1343 1343 1343 1349 1349 1349 1349 1349
    1349 1349 1349 1349 1349 1349 1343 1322 1322 1322 1328 1328 1328
    1328 1328 1328 1328 1328 1328 1328 1328 1328 1328 1328 1328 1333
    1338 1338 1333 1333 1333 1343 1343 1343 1338 1338 1343 1343 1349
    1349 1343 1343 1343 1343 1349 1349 1349 1349 1349 1349 1349 1349
    1349 1349 1349 1349 1322 1322 1328 1328 1328 1328 1328 1328 1328
    1328 1328 1328 1328 1328 1328 1328 1328 1328 1333 1338 1338 1338
    1333 1333 1343 1343 1343 1338 1338 1343 1343 1349 1349 1349 1343
    1343 1343 1349 1343 1343 1349 1349 1349 1349 1349 1349 1349 1349
    1349 1328 1328 1328 1328 1328 1328 1328 1328 1328 1328 1328 1328
    1328 1328 1328 1328 1328 1328 1333 1338 1338 1338 1333 1333 1343
    1343 1343 1338 1338 1343 1343 1349 1349 1349 1349 1349 1349 1349
    1343 1343 1349 1349 1349 1349 1349 1349 1349 1349 1349 1328 1328
    1328 1328 1328 1333 1328 1328 1328 1328 1328 1328 1328 1328 1328
    1328 1328 1328 1333 1333 1333 1338 1333 1333 1343 1343 1338 1338
    1338 1338 1343 1349 1349 1349 1349 1349 1349 1349 1349 1349 1349
    1349 1349 1349 1349 1349 1349 1349 1349 1328 1328 1328 1328 1328
    1328 1333 1328 1328 1328 1328 1328 1328 1328 1328 1328 1328 1328
    1333 1333 1333 1338 1338 1338 1338 1343 1338 1338 1338 1338 1349
    1349 1343 1343 1349 1349 1349 1349 1349 1349 1349 1349 1349 1349
    1349 1349 1349 1349 1349 1333 1328 1328 1328 1328 1328 1328 1333
    1333 1328 1328 1328 1328 1328 1333 1333 1328 1328 1333 1333 1338
    1338 1338 1338 1338 1343 1343 1343 1343 1343 1349 1349 1343 1343
    1349 1349 1349 1349 1349 1349 1349 1349 1349 1349 1349 1349 1349
    1349 1349 1333 1328 1328 1328 1328 1328 1328 1333 1333 1333 1328
    1328 1328 1328 1333 1333 1328 1328 1333 1333 1333 1338 1338 1338
    1343 1343 1343 1343 1343 1343 1349 1349 1349 1349 1349 1349 1349
    1349 1349 1349 1349 1349 1349 1349 1349 1349 1349 1349 1349 1333
    1328 1328 1328 1328 1328 1328 1333 1333 1333 1328 1328 1328 1333
    1333 1333 1333 1328 1328 1333 1333 1338 1338 1338 1343 1343 1349
    1349 1343 1343 1343 1349 1349 1349 1349 1349 1349 1349 1349 1349
    1349 1349 1349 1349 1349 1349 1349 1349 1349 1333 1328 1328 1328
    1328 1328 1328 1333 1328 1328 1333 1333 1333 1333 1338 1333 1333
    1328 1328 1333 1333 1338 1338 1338 1343 1343 1349 1349 1343 1343
    1343 1349 1349 1349 1349 1349 1349 1349 1349 1349 1349 1354 1349
    1349 1349 1349 1349 1349 1354 0 1328 1328 1333 1333 1333 1333 1333
    1328 1328 1333 1333 1333 1338 1338 1338 1333 1333 1333 1333 1333
    1338 1338 1338 1343 1343 1343 1343 1343 1343 1343 1349 1349 1349
    1349 1349 1349 1349 1349 1349 1349 1354 1349 1349 1349 1349 1349
    1349 1354 0 1328 1328 1333 1333 1333 1333 1333 1333 1333 1338 1333
    1333 1338 1333 1333 1333 1333 1333 1338 1338 1338 1338 1338 1343
    1349 1343 1343 1343 1343 1349 1349 1349 1349 1349 1349 1349 1349
    1349 1349 1354 1354 1354 1354 1354 1354 1354 1354 1354 0 1333 1333
    1333 1333 1333 1333 1333 1333 1333 1338 1333 1333 1333 1333 1333
    1338 1338 1338 1338 1338 1338 1338 1338 1343 1343 1349 1349 1343
    1343 1349 1349 1349 1349 1349 1349 1349 1349 1349 1349 1349 1354
    1354 1354 1349 1349 1349 1349 1349 0 1338 1338 1333 1333 1333 1333
    1333 1333 1333 1338 1333 1333 1333 1333 1333 1338 1338 1338 1343
    1338 1338 1338 1338 1343 1343 1349 1349 1349 1349 1349 1349 1349
    1349 1349 1349 1349 1349 1349 1349 1349 1354 1354 1349 1349 1349
    1349 1349 1349 0 1338 1338 1333 1333 1333 1333 1333 1338 1338 1338
    1338 1338 1333 1333 1333 1333 1338 1338 1338 1343 1338 1338 1338
    1343 1349 1349 1349 1349 1349 1349 1349 1349 1349 1349 1349 1349
    1349 1349 1349 1354 1354 1354 1349 1349 1349 1349 1349 1349 0 1338
    1338 1338 1338 1333 1333 1333 1333 1338 1333 1333 1338 1338 1333
    1333 1333 1338 1338 1338 1338 1343 1338 1338 1343 1349 1349 1349
    1349 1349 1349 1349 1349 1349 1349 1349 1349 1349 1349 1349 1349
    1349 1354 1349 1349 1349 1349 1349 1349 0 1338 1338 1338 1338 1333
    1333 1333 1333 1333 1333 1333 1338 1338 1338 1338 1338 1338 1338
