<?xml version="1.0"?>
<opencv_storage>
<Depth9294 type_id="opencv-matrix">
  <rows>73</rows>
  <cols>53</cols>
  <dt>w</dt>
  <data>
    4405 4349 4349 4349 4463 4522 1381 1376 1370 1365 1359 1354 1349
    1349 1349 1392 1381 1370 1370 1317 1317 1317 1317 1317 1317 1317
    4349 4349 4349 4295 4295 4241 4241 1376 1376 1470 1470 1470 1483
    1483 1477 1477 1477 1445 1445 1445 4241 4190 4190 4190 4241 4241
    4241 4349 4295 4295 4349 4463 4522 1376 1376 1370 1365 1354 1349
    1343 1338 1338 1338 1338 1343 1317 1312 1312 1312 1312 1312 1312
    1317 1328 1328 1333 1343 1343 1354 1354 1370 1370 1464 1464 1470
    1483 1483 1477 1464 1458 1458 1445 1439 1439 1439 4190 4190 4241
    4241 4241 4349 4295 4295 4295 4295 1376 1376 1370 1370 1359 1354
    1349 1338 1333 1333 1333 1333 1328 1312 1302 1302 1307 1307 1307
    1307 1317 1317 1328 1328 1333 1338 1343 1349 1354 1359 1359 1359
    1359 1370 1381 1387 1392 1392 1404 1404 1410 1433 1433 1427 1427
    4241 4241 4241 4349 4295 4295 4295 0 1376 1376 1370 1370 1359 1354
    1349 1338 1333 1333 1328 1328 1317 1312 1302 1302 1302 1302 1307
    1307 1312 1312 1322 1328 1328 1333 1338 1343 1343 1349 1354 1359
    1359 1370 1376 1381 1387 1392 1398 1398 1410 1421 1421 1427 1427
    1427 1427 4295 4405 4405 4405 4405 0 1376 1376 1370 1359 1354 1349
    1349 1333 1333 1333 1328 1328 1317 1307 1302 1302 1297 1297 1302
    1302 1307 1312 1317 1322 1328 1333 1338 1338 1343 1349 1349 1354
    1359 1365 1376 1376 1381 1392 1392 1398 1415 1421 1421 1427 1427
    1427 1433 1439 4405 4405 4405 0 0 1370 1370 1370 1359 1354 1349 1349
    1333 1333 1333 1328 1322 1312 1307 1302 1297 1297 1297 1302 1302
    1307 1312 1317 1322 1328 1333 1338 1338 1338 1349 1349 1354 1359
    1365 1376 1376 1381 1392 1392 1398 1415 1421 1421 1427 1427 1433
    1433 1439 4405 4405 4405 0 0 0 1370 1370 1359 1354 1349 1349 1333
    1333 1328 1328 1322 1312 1307 1302 1297 1297 1297 1302 1307 1307
    1312 1317 1322 1328 1333 1333 1338 1338 1349 1349 1354 1359 1370
    1376 1376 1381 1392 1398 1404 1415 1421 1421 1427 1427 1439 1445
    1445 4349 4349 0 0 0 0 1370 1370 1359 1354 1354 1349 1338 1333 1328
    1328 1317 1312 1307 1302 1297 1297 1297 1302 1307 1312 1312 1317
    1322 1328 1333 1333 1338 1343 1349 1354 1354 1365 1370 1376 1376
    1387 1392 1398 1404 1415 1421 1421 1421 1433 1439 1445 1445 4295
    4295 0 0 0 0 1370 1370 1359 1354 1354 1343 1333 1333 1328 1322 1317
    1312 1307 1302 1297 1297 1297 1302 1307 1312 1312 1317 1322 1328
    1333 1333 1338 1343 1349 1354 1354 1365 1370 1370 1376 1387 1392
    1398 1404 1415 1421 1421 1421 1433 1439 1439 1439 4295 4295 0 0 0 0
    1376 1376 1365 1354 1349 1338 1333 1328 1328 1322 1312 1312 1307
    1292 1292 1297 1297 1307 1312 1312 1312 1317 1322 1328 1333 1333
    1338 1343 1349 1354 1354 1365 1370 1370 1376 1387 1392 1398 1404
    1415 1415 1421 1421 1433 1433 1433 1433 4349 4349 4349 0 0 1376 1376
    1370 1365 1354 1349 1338 1333 1328 1328 1322 1312 1307 1307 1292
    1292 1292 1297 1307 1307 1312 1312 1317 1322 1328 1333 1333 1338
    1343 1349 1354 1359 1365 1370 1376 1376 1387 1392 1398 1404 1415
    1415 1421 1421 1433 1433 1433 1433 4405 0 0 0 0 0 1376 1370 1359
    1354 1349 1338 1333 1328 1328 1322 1312 1307 1307 1292 1292 1292
    1297 1307 1307 1312 1312 1317 1322 1328 1333 1338 1338 1343 1349
    1354 1359 1365 1370 1376 1376 1387 1392 1398 1404 1415 1421 1421
    1427 1433 1433 1433 1433 4405 0 0 0 1392 1376 1376 1370 1359 1354
    1349 1338 1333 1328 1328 1322 1312 1307 1307 1297 1297 1297 1297
    1307 1307 1312 1312 1317 1322 1328 1333 1338 1343 1349 1349 1354
    1359 1365 1370 1376 1376 1387 1392 1398 1404 1415 1421 1421 1427
    1433 1433 1433 1433 4405 4463 0 0 1392 1376 1376 1365 1354 1349 1343
    1338 1333 1328 1328 1322 1312 1307 1307 1297 1297 1297 1302 1307
    1307 1312 1312 1317 1322 1328 1333 1338 1343 1349 1354 1354 1359
    1365 1370 1370 1376 1387 1392 1398 1404 1415 1421 1421 1427 1427
    1433 1433 1433 4463 4463 0 0 1392 1376 1370 1365 1354 1349 1343 1338
    1333 1328 1328 1317 1312 1307 1307 1297 1297 1297 1302 1307 1307
    1312 1312 1317 1322 1328 1333 1338 1343 1349 1354 1354 1359 1365
    1370 1370 1376 1387 1392 1398 1404 1421 1421 1421 1427 1427 1433
    1433 1433 4522 4522 0 0 1370 1370 1370 1359 1354 1349 1343 1338 1333
    1328 1328 1317 1312 1307 1292 1292 1292 1297 1302 1307 1307 1312
    1312 1317 1322 1328 1333 1338 1343 1349 1354 1354 1359 1365 1370
    1370 1376 1392 1392 1398 1404 1421 1421 1421 1427 1427 1433 1433
    1433 4463 4463 0 0 0 1370 1370 1359 1354 1349 1343 1338 1333 1328
    1322 1317 1312 1307 1292 1292 1292 1292 1302 1307 1307 1312 1317
    1322 1322 1328 1333 1338 1343 1349 1354 1354 1359 1365 1370 1376
    1376 1392 1392 1398 1404 1415 1421 1421 1427 1433 1439 1439 1439
    4405 4405 0 0 0 1370 1370 1359 1354 1349 1343 1338 1333 1328 1322
    1317 1312 1302 1292 1292 1292 1292 1302 1307 1307 1312 1317 1322
    1322 1328 1333 1333 1343 1349 1354 1354 1359 1370 1370 1376 1376
    1387 1392 1398 1404 1415 1421 1421 1427 1433 1439 1439 1439 4405
    4405 0 0 0 1376 1365 1354 1354 1349 1343 1338 1333 1328 1322 1317
    1312 1302 1292 1292 1292 1297 1302 1307 1307 1307 1312 1322 1328
    1328 1333 1333 1343 1349 1354 1354 1359 1370 1370 1376 1381 1387
    1392 1398 1404 1415 1421 1421 1427 1433 1433 1433 4089 0 0 0 0 0
    1370 1365 1354 1354 1349 1343 1338 1328 1328 1322 1317 1312 1307
    1292 1292 1292 1292 1297 1302 1307 1307 1312 1317 1328 1328 1333
    1333 1343 1349 1359 1359 1365 1370 1370 1370 1381 1387 1392 1398
    1410 1421 1421 1421 1427 1433 1433 1433 4089 0 0 0 0 0 1370 1365
    1354 1349 1349 1343 1333 1328 1328 1317 1312 1312 1307 1292 1292
    1292 1292 1297 1302 1307 1307 1312 1317 1328 1328 1333 1338 1343
    1354 1359 1359 1365 1370 1370 1370 1381 1387 1392 1404 1410 1421
    1421 1421 1427 1433 1433 1433 4089 0 0 0 0 0 1365 1365 1354 1349
    1349 1343 1333 1328 1322 1317 1312 1312 1307 1292 1292 1292 1297
    1302 1307 1307 1312 1312 1317 1322 1328 1333 1338 1343 1354 1354
    1359 1365 1370 1370 1376 1381 1392 1392 1404 1410 1421 1421 1421
    1427 1433 1439 1445 1445 0 0 0 0 0 1365 1365 1354 1349 1349 1343
    1333 1328 1322 1317 1312 1307 1302 1292 1292 1292 1297 1302 1307
    1307 1312 1312 1317 1322 1328 1333 1338 1349 1354 1354 1359 1365
    1370 1370 1376 1387 1392 1398 1398 1404 1415 1421 1421 1427 1433
    1445 1445 1445 0 0 0 0 0 1370 1359 1354 1349 1343 1338 1333 1328
    1322 1317 1312 1307 1302 1292 1292 1297 1297 1307 1307 1307 1312
    1312 1317 1322 1328 1333 1338 1349 1349 1354 1359 1365 1370 1370
    1376 1387 1392 1398 1398 1404 1415 1421 1421 1427 1439 1445 1445
    1445 0 0 0 0 0 1370 1359 1354 1349 1343 1333 1333 1328 1322 1317
    1312 1307 1297 1292 1292 1297 1297 1307 1307 1307 1312 1312 1317
    1328 1328 1333 1338 1349 1349 1354 1359 1365 1370 1370 1376 1387
    1392 1398 1398 1404 1421 1421 1421 1433 1439 1439 1445 1445 0 0 0 0
    0 1370 1359 1354 1349 1338 1333 1328 1328 1322 1312 1312 1307 1292
    1292 1292 1297 1297 1302 1307 1307 1312 1312 1317 1328 1328 1333
    1338 1349 1354 1354 1354 1365 1370 1370 1376 1387 1392 1398 1404
    1404 1415 1421 1427 1433 1439 1439 1439 4139 0 0 0 0 1376 1370 1359
    1354 1343 1338 1333 1328 1328 1322 1312 1312 1307 1292 1292 1292
    1292 1297 1302 1307 1307 1312 1317 1322 1328 1333 1333 1338 1349
    1354 1354 1354 1365 1370 1370 1376 1387 1392 1398 1404 1404 1415
    1421 1427 1433 1415 1415 1415 4139 0 0 0 0 1370 1365 1359 1349 1343
    1338 1333 1328 1328 1322 1312 1312 1307 1297 1292 1292 1292 1297
    1302 1307 1307 1312 1317 1322 1328 1333 1333 1343 1349 1354 1354
    1359 1365 1370 1370 1376 1381 1392 1398 1404 1404 1415 1421 1427
    1427 1415 1415 1415 4139 0 0 0 0 1370 1365 1354 1349 1343 1338 1333
    1328 1328 1322 1312 1312 1307 1292 1292 1292 1292 1297 1302 1307
    1307 1312 1317 1322 1328 1333 1333 1343 1349 1354 1354 1354 1365
    1370 1370 1376 1381 1392 1398 1404 1404 1415 1421 1427 1427 1427
