<?xml version="1.0"?>
<opencv_storage>
<Depth12583 type_id="opencv-matrix">
  <rows>20</rows>
  <cols>6</cols>
  <dt>w</dt>
  <data>
    5734 5734 5734 5640 5640 3037 5734 5734 5640 5640 5640 5734 5734
    5734 5640 5640 5640 5548 5734 5640 5640 5640 5640 5548 5734 5640
    5640 5640 5640 5640 5734 5734 5734 5640 5548 5548 5640 5640 5734
    5640 5460 5460 5640 5640 5734 5640 5460 5460 5734 5734 5832 5640
    5548 5548 5734 5734 5734 5734 5548 5548 5832 5734 5734 5734 5640
    5640 5832 5734 5734 5734 5734 5734 5734 5734 5640 5640 5640 5640
    5734 5734 5640 5640 5640 5640 5640 5640 5640 5640 5640 5640 5640
    5640 5640 5640 5640 5640 5734 5640 5640 5640 5640 0 5832 5734 5734
    5640 5640 0 5734 5734 5734 5832 0 0 5734 5734 5734 5832 0 0</data></Depth12583>
</opencv_storage>
