<?xml version="1.0"?>
<opencv_storage>
<Depth4756 type_id="opencv-matrix">
  <rows>29</rows>
  <cols>13</cols>
  <dt>w</dt>
  <data>
    2680 2680 2680 2639 2639 2639 3859 3859 3859 3859 3859 3859 3903
    2680 2680 2680 2680 2659 2659 2680 3859 3859 3859 3859 3903 3903
    2680 2680 2701 2680 2680 2680 2680 2723 2744 3903 3903 3903 3903
    2701 2723 2723 2701 2701 2701 2701 2723 2723 2744 3903 3903 3903
    2659 2680 2723 2723 2723 2723 2701 2701 2723 2744 2744 3903 3903
    2639 2659 2701 2701 2723 2701 2701 2701 2723 2723 2723 2723 2723
    2618 2639 2659 2659 2701 2701 2701 2701 2723 2723 2723 2680 2680
    2618 2639 2659 2659 2680 2680 2701 2701 2723 2744 2744 2680 2680
    2618 2639 2639 2639 2659 2680 2701 2723 2744 2723 2723 2680 2680
    2639 2639 2639 2639 2659 2680 2680 2744 2744 2723 2723 2680 2680
    2639 2639 2659 2659 2659 2680 2680 2701 2723 2723 2723 2723 2701
    2639 2639 2659 2680 2680 2680 2680 2701 2723 2723 2723 2723 2701
    2639 2639 2659 2680 2680 2680 2680 2680 2701 2723 2723 2744 2744
    2659 2659 2680 2680 2680 2680 2680 2680 2701 2723 2723 2744 2744
    2639 2659 2680 2680 2680 2680 2680 2680 2701 2701 2744 2767 2767
    2639 2659 2680 2659 2659 2680 2680 2680 2701 2701 2744 2767 2835
    2639 2639 2680 2659 2659 2680 2680 2680 2723 2723 2767 2835 2859
    2639 2639 2659 2659 2659 2680 2680 2680 2723 2744 2767 2835 2859
    2639 2639 2659 2659 2659 2680 2680 2701 2744 2744 2767 2767 3903
    2639 2639 2659 2659 2659 2680 2680 2723 2744 2744 2744 2744 3903
    2659 2659 2659 2659 2680 2723 2723 2744 2744 2744 2744 2744 3859
    2659 2659 2659 2659 2701 2723 2723 2744 2744 2767 2767 2767 3859
    2659 2659 2680 2680 2701 2723 2744 2767 2767 2767 2767 3859 3859
    2659 2659 2680 2680 2701 2723 2744 2767 2767 2767 2789 3859 3859
    2659 2659 2680 2701 2701 2701 2744 2744 2744 2744 3859 3859 3903
    2659 2680 2680 2701 2701 2701 2744 2744 2744 2744 3859 3859 3903
    2701 2701 2701 2701 2701 2744 2744 2744 3692 3816 3859 3903 3948
    2723 2701 2701 2723 2723 2767 2767 3692 3692 3816 3903 3903 3903
    2723 2723 2744 2723 2723 3692 3692 3692 3692 3816 3903 3903 3903</data></Depth4756>
</opencv_storage>
