<?xml version="1.0"?>
<opencv_storage>
<Depth20004 type_id="opencv-matrix">
  <rows>108</rows>
  <cols>32</cols>
  <dt>w</dt>
  <data>
    3903 3903 3903 3903 3903 3903 3903 3903 1041 1041 1038 1034 1028
    1025 1022 1022 1022 4041 3994 3994 3994 4089 4089 4089 4089 4089
    4139 4139 4139 4139 4139 4139 3859 3859 3859 3859 3859 3903 3903
    1044 1041 1041 1038 1034 1025 1019 1019 1022 1022 1022 1022 1044
    1038 1038 4089 4089 4089 4139 4139 4139 4139 4139 4139 4139 3859
    3859 3859 3859 3859 3903 1044 1044 1041 1041 1038 1031 1019 1013
    1013 1016 1022 1022 1044 1044 1038 1038 1034 1034 1034 1031 1031
    1028 1028 4139 4139 4139 3859 3859 3859 3859 1047 1044 1041 1041
    1038 1038 1028 1022 1016 1004 1004 1013 1022 1025 1041 1041 1038 962
    962 1031 1031 1028 1028 1022 1019 1010 1010 1010 3816 3816 3859 1050
    1047 1044 1041 1041 1038 1034 1022 1016 1010 998 987 981 981 978 975
    973 970 959 954 954 948 948 935 933 933 1010 1010 1010 3816 3816
    3859 1050 1047 1044 1041 1038 1034 1028 1022 1010 1004 995 984 981
    981 978 975 973 962 956 954 951 943 938 933 930 928 928 918 918 3816
    3816 1054 1054 1050 1044 1041 1038 1028 1025 1016 1010 1004 995 984
    981 981 978 975 973 962 956 951 948 943 935 933 928 928 923 915 915
    3816 3816 1054 1050 1050 1044 1041 1038 1025 1022 1016 1007 1004 995
    987 981 981 978 973 970 962 956 951 946 943 935 930 925 920 915 910
    910 3859 3859 1050 1050 1047 1044 1041 1028 1022 1019 1016 1007 1001
    995 989 984 984 978 973 967 962 956 951 943 940 935 930 925 920 915
    910 910 3816 1057 1054 1054 1047 1044 1038 1025 1022 1019 1016 1007
    1001 998 992 989 984 981 973 967 962 956 948 943 940 935 930 925 920
    915 908 908 3816 1057 1057 1050 1047 1044 1038 1025 1022 1019 1013
    1007 1001 995 992 989 984 981 975 967 962 956 946 943 940 935 930
    925 920 915 908 908 3859 1057 1057 1050 1047 1041 1038 1025 1022
    1019 1013 1007 1001 995 992 989 987 984 975 967 959 951 946 943 940
    935 930 925 920 910 906 906 3859 1057 1057 1050 1047 1041 1034 1028
    1022 1019 1013 1007 1001 995 992 987 987 981 975 967 956 951 946 943
    940 935 930 925 923 910 906 906 3903 3903 1050 1050 1047 1041 1028
    1028 1022 1019 1013 1004 1001 995 992 987 987 981 973 967 956 951
    946 943 940 935 930 928 923 910 906 906 3903 3903 1050 1050 1047
    1041 1028 1028 1022 1019 1016 1004 1001 995 992 987 987 981 973 967
    956 951 946 943 940 938 933 928 923 913 903 903 3859 3859 1054 1047
    1044 1038 1028 1025 1022 1019 1013 1004 1004 995 992 984 984 981 975
    962 956 951 948 943 940 938 933 930 923 910 903 903 3859 3859 1050
    1047 1044 1038 1028 1025 1022 1016 1010 1004 1004 998 995 984 984
    981 975 962 956 951 948 943 940 938 933 930 923 910 906 906 3816
    1047 1047 1047 1044 1041 1038 1025 1022 1016 1010 1007 1004 998 995
    987 987 981 975 962 956 954 948 943 940 935 933 930 923 908 903 903
    1070 1070 1047 1047 1044 1041 1038 1028 1025 1019 1010 1007 1004 998
    992 987 984 981 975 962 959 954 948 943 938 935 933 930 913 908 903
    903 1070 1060 1057 1054 1044 1041 1034 1028 1025 1016 1010 1007 1004
    998 992 987 984 981 975 962 959 954 948 943 938 935 933 930 913 908
    903 903 1067 1060 1057 1047 1044 1041 1034 1028 1028 1013 1010 1007
    1001 998 989 987 987 981 967 962 959 954 948 943 940 938 935 930 913
    908 906 906 1067 1067 1067 1047 1044 1041 1038 1028 1025 1013 1010
    1007 1001 998 989 987 987 981 967 962 956 951 946 943 940 938 935
    930 913 908 906 906 3903 1054 1054 1047 1047 1041 1038 1028 1022
    1013 1010 1007 1004 998 989 987 987 984 967 962 956 951 946 943 940
    935 933 930 913 908 903 903 3903 1054 1054 1050 1047 1041 1038 1028
    1022 1013 1013 1010 1004 995 992 987 984 981 967 962 956 951 946 943
    940 935 930 923 913 908 903 903 3903 1050 1050 1050 1047 1041 1038
    1028 1025 1016 1013 1010 1004 995 992 987 984 981 970 962 956 951
    948 946 943 935 930 923 915 908 903 903 3903 1044 1044 1050 1047
    1041 1034 1028 1025 1019 1019 1010 1004 995 992 987 987 981 967 962
    956 951 948 946 943 935 930 923 915 908 903 903 3903 1044 1044 1050
    1041 1038 1034 1028 1025 1019 1016 1010 1004 995 992 984 984 981 967
    962 956 951 951 946 940 935 930 920 915 910 908 908 3859 1054 1054
    1054 1041 1038 1034 1028 1025 1019 1016 1010 1004 995 992 984 984
    975 967 962 956 954 951 943 940 935 930 920 915 910 906 906 3859
    1057 1054 1054 1044 1038 1038 1028 1025 1022 1016 1010 1004 998 992
    987 987 975 967 962 956 954 951 943 940 935 930 918 915 910 906 906
    1057 1057 1054 1054 1044 1041 1041 1028 1022 1022 1016 1010 1004 995
    992 989 989 975 967 962 956 954 951 943 940 938 933 918 915 910 908
    908 1057 1057 1054 1050 1044 1041 1041 1028 1022 1022 1016 1010 1004
    995 995 992 989 975 970 962 956 954 951 943 940 935 928 918 913 910
    908 908 3859 1057 1050 1050 1044 1041 1041 1038 1022 1019 1016 1010
    1004 995 992 989 987 975 970 962 959 951 948 943 940 935 925 915 913
    910 908 908 0 1057 1057 1050 1047 1041 1041 1031 1022 1019 1013 1007
    1001 995 992 989 987 975 967 962 956 951 948 943 940 935 923 915 913
    910 906 906 0 1057 1057 1050 1047 1041 1041 1031 1022 1019 1013 1007
    1001 995 992 989 987 975 964 962 956 951 948 943 940 935 923 918 915
    910 903 903 0 1057 1057 1054 1050 1044 1041 1028 1022 1019 1013 1007
    1001 995 992 989 984 973 964 962 956 954 948 946 940 935 923 920 915
    910 903 903 0 0 1057 1054 1047 1041 1041 1028 1022 1019 1013 1007
    1001 995 992 989 981 973 964 962 956 954 948 946 940 938 923 920 915
    910 903 903 0 0 1057 1047 1044 1041 1034 1025 1022 1019 1013 1007
    1004 998 992 987 981 973 964 962 959 954 951 946 940 933 925 920 915
    910 903 903 0 0 1044 1044 1044 1041 1034 1025 1022 1019 1013 1007
    1004 998 992 984 984 973 964 962 959 954 951 946 940 933 928 920 913
    910 903 903 0 0 0 1044 1044 1044 1031 1028 1025 1022 1013 1010 1004
    1001 992 984 984 973 964 962 959 954 951 946 940 930 925 920 913 910
    906 906 0 0 1050 1050 1047 1044 1031 1028 1025 1022 1013 1007 1004
    1001 992 987 984 973 964 962 959 956 951 946 943 930 925 920 915 910
    906 906 0 0 1050 1050 1047 1044 1031 1028 1025 1022 1016 1007 1004
    1001 992 987 984 975 967 962 959 956 951 946 940 930 925 920 915 910
    906 906 0 0 0 1054 1047 1044 1031 1028 1025 1019 1013 1010 1004 998
    992 987 984 975 967 962 959 956 951 946 940 933 925 920 915 910 906
    906 0 0 0 1050 1044 1041 1031 1025 1022 1019 1013 1010 1004 998 992
    987 984 975 970 964 962 954 948 943 940 938 928 923 918 910 903 903
    0 1050 1050 1050 1044 1041 1031 1025 1022 1019 1016 1010 1004 998
    992 987 981 975 970 964 962 954 948 943 940 933 925 920 918 910 903
    903 0 1050 1050 1047 1047 1044 1031 1031 1025 1019 1016 1010 1004
    995 992 987 981 975 970 964 959 954 948 943 940 933 923 920 915 910
    906 906 1047 1047 1047 1047 1047 1041 1034 1031 1025 1019 1016 1007
    1004 995 992 987 984 975 970 964 959 954 948 943 940 930 923 920 915
    913 908 908 0 1047 1047 1047 1047 1041 1034 1031 1028 1019 1016 1007
    1004 998 989 987 984 973 967 962 959 954 948 943 940 930 923 920 915
    913 908 908 1050 1050 1050 1050 1047 1041 1034 1031 1025 1019 1013
    1007 1004 998 989 987 984 973 967 962 959 954 948 943 940 930 923
    920 915 913 908 908 0 1063 1054 1050 1047 1041 1038 1031 1025 1022
    1013 1007 1004 998 992 987 984 975 967 964 959 954 951 946 940 930
    923 920 915 913 908 908 0 1063 1057 1054 1050 1041 1034 1031 1028
    1022 1016 1010 1004 998 992 987 987 975 967 964 962 954 951 946 940
    930 923 920 915 913 908 908 0 1063 1057 1050 1047 1041 1034 1031
    1028 1022 1016 1013 1004 998 992 987 987 981 967 964 962 954 954 946
    940 930 923 920 915 913 908 908 0 0 1057 1050 1047 1041 1034 1031
    1028 1022 1016 1013 1004 998 992 989 987 981 970 964 959 954 954 946
    940 940 923 918 913 910 906 906 0 0 1054 1050 1044 1041 1034 1028
    1025 1019 1016 1013 1007 1001 992 989 984 978 970 962 956 954 951
