<?xml version="1.0"?>
<opencv_storage>
<Depth18071 type_id="opencv-matrix">
  <rows>71</rows>
  <cols>74</cols>
  <dt>w</dt>
  <data>
    4463 4405 4295 4295 1007 1004 1004 1001 995 995 995 995 995 992 992
    992 992 992 989 989 987 987 987 987 987 989 987 984 984 984 984 984
    981 975 975 975 975 975 975 4139 973 973 967 967 970 970 970 970 970
    970 970 967 967 967 967 970 970 970 967 967 964 964 964 964 964 962
    959 948 948 956 956 956 954 951 4463 4190 4190 1007 1004 1001 998
    998 995 995 992 992 992 992 992 992 992 992 989 989 987 987 987 987
    987 987 984 984 984 984 984 984 978 975 975 975 975 975 973 973 973
    973 973 973 973 970 970 970 970 970 970 967 964 964 964 967 967 964
    964 964 964 964 964 964 964 962 959 948 948 956 956 956 954 954 4463
    3994 3994 1007 1004 1001 998 995 995 995 992 992 992 992 992 992 992
    992 989 987 987 987 987 987 987 987 984 984 984 984 984 984 978 975
    975 975 975 975 973 973 973 973 973 970 970 970 970 967 967 967 970
    967 964 964 964 964 964 964 964 964 964 964 964 964 964 962 959 956
    956 956 956 956 954 954 4463 3994 3994 1007 1004 998 995 995 992 992
    992 992 992 989 989 989 989 989 987 987 987 987 987 987 987 987 984
    984 981 981 981 981 975 975 975 975 975 975 975 975 975 973 973 970
    970 967 967 967 964 964 964 964 964 964 964 964 962 962 962 964 964
    964 964 964 962 956 956 956 956 956 956 956 956 956 0 0 1010 1007
    1004 998 995 992 992 992 989 989 989 989 987 987 989 989 987 987 987
    987 987 984 984 984 981 981 981 981 978 978 975 975 975 975 973 973
    973 973 973 973 970 967 967 964 964 964 964 964 964 962 962 962 962
    962 959 959 959 962 962 962 962 962 959 956 956 956 956 956 956 956
    954 954 0 1007 1007 1007 1004 995 992 992 992 992 989 989 989 987
    987 987 987 987 987 987 987 987 984 984 984 984 981 981 978 978 978
    975 975 975 975 973 973 973 973 973 973 970 967 967 964 964 964 964
    964 964 964 962 962 962 959 959 959 959 959 962 959 959 959 956 956
    956 956 956 956 956 954 954 951 951 0 1016 1007 1004 1001 995 992
    992 992 992 992 989 989 984 984 987 987 987 987 987 987 984 984 984
    984 984 981 978 978 978 975 975 975 973 973 973 970 970 973 970 970
    967 964 964 964 964 964 964 964 964 962 962 959 959 959 959 959 956
    956 959 956 956 956 956 956 956 956 956 956 954 951 951 948 948 0
    1016 1007 1004 998 992 989 989 989 992 992 989 987 984 984 987 987
    987 984 984 984 984 984 984 984 981 978 978 978 975 975 973 973 973
    973 973 970 970 967 967 967 964 964 964 964 964 964 964 964 964 962
    962 959 959 956 956 956 956 956 959 956 956 956 956 956 956 956 954
    954 954 951 951 948 948 0 1013 1007 1004 998 992 989 989 989 989 989
    987 987 984 984 987 987 984 984 984 981 981 984 981 981 981 978 978
    975 975 975 973 973 973 973 970 964 964 967 964 964 964 964 964 962
    962 962 962 962 962 962 962 959 959 956 956 956 954 954 956 956 956
    956 956 954 954 954 954 954 951 951 951 948 946 0 1013 1007 1001 995
    992 989 989 989 989 987 984 984 984 984 987 984 984 984 981 978 978
    978 978 978 975 975 975 975 975 973 970 970 970 970 967 964 964 964
    964 964 964 964 964 962 962 962 962 962 962 959 959 956 956 954 954
    954 954 954 956 956 956 956 956 954 954 954 954 954 951 951 951 948
    946 0 0 1007 998 995 992 989 989 987 987 984 984 984 984 984 984 984
    984 984 981 978 978 975 975 975 975 975 975 975 973 973 970 970 967
    967 964 964 964 964 964 964 964 962 962 962 962 962 959 959 959 959
    956 954 954 954 954 954 951 951 954 954 956 954 954 954 954 951 951
    951 948 948 948 946 946 0 0 0 992 992 992 989 989 987 984 984 984
    984 981 981 984 984 981 981 978 975 975 975 975 975 973 973 973 973
    973 973 970 970 967 964 964 964 964 964 964 962 962 962 962 959 959
    959 959 959 959 956 956 954 954 954 954 954 951 951 954 954 954 954
    954 951 951 948 946 946 946 946 946 946 946 0 0 0 992 992 989 987
    984 984 984 984 981 981 981 981 984 981 981 978 978 975 975 975 975
    973 973 973 973 973 973 970 970 970 967 964 964 964 964 964 964 962
    962 962 962 959 956 956 956 956 956 956 954 954 954 951 951 951 951
    951 954 954 951 951 951 948 948 946 946 946 946 946 946 946 946 0 0
    0 0 992 989 984 984 984 984 981 981 981 978 978 978 981 978 978 978
    975 975 975 973 973 973 973 973 973 970 967 967 967 964 964 964 964
    964 964 964 962 962 962 962 956 954 954 954 954 954 954 954 954 954
    951 951 951 951 951 954 951 951 948 946 946 946 946 946 946 946 943
    943 943 943 0 0 0 995 992 987 984 984 981 981 981 981 978 975 975
    975 975 975 975 975 975 975 973 973 973 973 973 970 970 970 967 964
    964 964 964 964 964 964 962 962 962 962 959 959 956 954 954 954 954
    954 954 954 951 951 951 951 951 951 951 954 951 951 948 946 946 946
    946 946 946 946 943 943 943 943 0 0 995 995 992 987 984 981 981 981
    981 978 975 973 973 975 975 975 975 975 973 973 973 973 973 970 970
    970 967 967 964 964 964 964 962 962 962 964 962 962 959 959 956 956
    954 954 954 954 954 954 951 951 951 951 951 948 948 948 948 954 951
    948 946 946 943 943 943 946 946 943 943 943 943 943 0 0 995 992 989
    987 981 981 981 981 981 978 975 973 973 975 975 975 975 973 973 973
    973 973 970 967 967 967 964 964 964 964 962 962 962 962 962 962 962
    962 959 959 956 954 954 954 954 954 951 951 951 951 951 951 951 948
    948 948 948 951 951 948 946 946 943 943 943 943 943 943 943 943 940
    940 0 0 992 992 989 984 981 978 978 978 978 975 973 973 973 975 975
    975 973 973 973 973 973 973 970 967 967 964 964 964 962 962 962 962
    962 962 962 962 959 959 956 956 954 954 954 954 954 951 951 951 951
    951 951 948 948 948 948 948 948 948 948 948 946 946 943 943 943 943
    940 940 940 940 940 940 0 0 992 992 989 984 978 978 975 975 975 973
    973 973 973 975 975 973 973 973 973 970 970 970 967 964 964 964 964
    962 962 962 962 962 959 959 959 956 956 954 954 954 954 954 951 951
    951 951 951 951 951 951 948 948 948 948 946 943 943 943 943 946 946
    946 943 943 943 940 940 940 940 938 938 938 0 0 992 989 984 981 975
    975 975 973 973 973 973 970 970 973 973 973 970 970 970 967 967 967
    964 964 964 962 962 962 962 962 962 959 959 956 956 956 954 954 951
    951 951 951 951 951 951 951 951 951 948 948 948 946 946 946 943 943
    943 943 943 943 943 943 943 943 940 940 938 938 938 938 935 935 0 0
    0 989 981 978 975 973 973 973 973 973 973 970 970 973 970 970 970
    967 967 964 964 964 964 964 962 962 962 962 962 962 959 956 956 956
    956 954 954 951 951 951 951 951 951 951 951 951 948 948 946 946 946
    943 943 943 943 943 943 943 943 943 943 940 940 940 940 940 938 938
    938 935 935 933 0 0 0 0 981 978 975 973 973 973 973 973 970 970 970
    970 967 967 967 967 967 964 964 964 962 962 962 962 959 959 959 959
    959 956 954 954 954 954 954 951 951 951 951 951 951 951 951 948 948
    946 946 946 943 943 943 943 940 940 940 943 943 943 940 940 940 940
    940 938 938 938 938 935 935 933 0 0 0 989 981 975 973 973 973 970
    970 970 970 970 970 970 967 964 964 964 964 964 964 962 962 962 962
    959 959 956 956 956 956 954 954 954 954 954 954 951 951 951 951 951
    948 948 948 948 946 946 946 943 943 943 943 940 940 940 940 943 943
    940 940 938 938 935 935 938 938 938 935 935 933 933 0 0 0 984 978
    975 973 973 973 970 970 967 967 967 967 967 964 964 964 964 964 962
    962 962 962 962 962 959 956 956 956 956 954 954 954 954 954 951 951
    951 951 951 948 948 948 946 946 943 943 943 943 943 943 943 943 940
    940 940 940 943 943 940 940 935 935 935 935 935 935 935 935 933 933
    930 0 0 0 984 975 973 973 970 970 970 967 967 964 964 964 967 964
    964 964 964 964 962 962 959 959 959 959 956 956 954 954 954 954 951
    951 951 951 951 951 951 951 951 946 943 943 943 943 943 943 940 940
    940 940 940 940 940 940 940 940 940 940 938 938 935 935 935 933 933
    933 933 933 930 930 930 0 0 0 0 973 973 970 970 970 970 967 964 964
