<?xml version="1.0"?>
<opencv_storage>
<Depth12351 type_id="opencv-matrix">
  <rows>8</rows>
  <cols>32</cols>
  <dt>w</dt>
  <data>
    6753 6753 6622 6622 6622 6889 6753 5734 5734 5734 6753 6889 5548
    5548 5548 5548 5548 5640 5734 5734 5734 5734 5640 5640 5640 5734
    5734 5640 5548 5548 5548 5548 6497 6497 6622 6622 6622 6889 5734
    5734 5734 5734 5734 5640 5548 5548 5548 5548 5548 5640 5640 5640
    5734 5640 5640 5640 5640 5640 5734 5640 5548 5548 5548 5548 5933
    5832 5548 5548 5640 5640 5640 5734 5734 5734 5734 5640 5640 5640
    5640 5640 5640 5640 5640 5640 5734 5640 5640 5640 5640 5640 5640
    5640 5548 5548 5548 5548 5548 5548 5548 5548 5640 5640 5640 5734
    5734 5734 5734 5734 5734 5734 5734 5734 5640 5640 5640 5640 5734
    5640 5640 5640 5640 5640 5640 5640 5640 5548 5548 5548 5460 5460
    5460 5548 5548 5734 5734 5832 5734 5734 5734 5734 5734 5734 5734
    5734 5640 5640 5640 5640 5640 5640 5640 5640 5640 5640 5640 5640
    5640 5548 5548 5374 5460 5460 5460 5548 5548 5832 5832 5832 5734
    5734 5734 5734 5734 5734 5734 5734 5640 5640 5640 5640 5640 5640
    5640 5640 5640 5734 5640 5640 5640 5640 5548 5374 5460 5460 5460
    5548 5640 5832 5832 5734 5640 5640 5640 5734 5734 5832 5734 5734
    5734 5734 5548 5548 5640 5640 5640 6038 5933 5933 5640 5640 5734
    5734 5640 5460 5132 5460 5460 5548 5548 5832 5832 5734 5640 5640
    5640 5734 5832 0 0 0 0 0 5548 5548 5640 5640 6889 6259 6259 6259
    6259 6753 6753 6753 4983 4983</data></Depth12351>
</opencv_storage>
