<?xml version="1.0"?>
<opencv_storage>
<Depth16009 type_id="opencv-matrix">
  <rows>27</rows>
  <cols>36</cols>
  <dt>w</dt>
  <data>
    6497 6375 6375 2184 2184 2170 2170 2170 2170 2170 2170 2156 2156
    2156 2156 6622 6497 2198 2198 2212 2212 6622 6622 6622 6622 6753
    6753 6622 2212 2212 6753 6753 2212 2212 2212 2212 6375 6375 6375
    2184 2184 2170 2170 2170 2170 2170 2156 2156 2156 2156 2156 2156
    2156 2170 2170 2184 2170 2170 2170 2170 2170 2170 6753 2184 2184
    2170 2170 2170 2184 2184 2184 2212 2156 2156 2170 2170 2170 2156
    2156 2156 2156 2156 2156 2156 2156 2156 2156 2156 2156 2156 2156
    2156 2156 2156 2156 2156 2156 2156 2170 2156 2156 2143 2143 2143
    2156 2156 2170 2184 2156 2156 2170 2170 2170 2156 2156 2156 2156
    2156 2156 2156 2156 2156 2156 2156 2156 2156 2156 2156 2143 2143
    2143 2143 2143 2156 2156 2156 2143 2143 2143 2143 2143 2143 2143
    2143 2156 2156 2156 2170 2170 2156 2156 2156 2143 2143 2143 2143
    2156 2156 2156 2156 2156 2156 2156 2156 2143 2143 2143 2143 2143
    2143 2143 2143 2129 2129 2129 2129 2129 2129 2129 2129 2156 2156
    2156 2156 2156 2156 2156 2156 2143 2143 2143 2143 2156 2156 2156
    2156 2156 2156 2156 2156 2143 2143 2129 2129 2129 2143 2143 2129
    2129 2129 2129 2129 2129 2116 2116 2129 2156 2156 2156 2156 2156
    2156 2156 2156 2143 2143 2143 2143 2143 2143 2143 2143 2143 2156
    2156 2156 2143 2143 2129 2129 2129 2143 2129 2129 2129 2129 2129
    2129 2129 2116 2116 2129 6259 2129 2129 2156 2156 2156 2156 2156
    2143 2143 2143 2143 2129 2129 2143 2143 2143 2143 2143 2143 2143
    2143 2129 2129 2129 2129 2129 2129 2129 2129 2116 2116 2116 2116
    2129 2129 6259 2116 2116 2156 2156 2156 2156 2156 2143 2143 2129
    2129 2129 2129 2143 2129 2129 2129 2129 2143 2129 2129 2129 2129
    2129 2129 2129 2129 2129 2129 2116 2116 2116 2116 2116 2129 6259
    2116 2116 2156 2143 2143 2143 2143 2143 2129 2129 2129 2129 2129
    2129 2129 2129 2129 2129 2129 2129 2129 2129 2129 2129 2129 2129
    2129 2129 2129 2116 2116 2116 2116 2116 2129 6259 2143 2143 2156
    2143 2143 2129 2129 2143 2129 2129 2129 2129 2129 2129 2129 2129
    2129 2129 2116 2116 2116 2129 2129 2129 2129 2129 2129 2129 2129
    2116 2116 2116 2116 2116 2129 6259 2143 2143 2143 2143 2143 2129
    2129 2143 2129 2129 2129 2129 2129 2129 2129 2129 2116 2116 2116
    2116 2116 2116 2116 2116 2116 2116 2129 2129 2129 2116 2116 2116
    2116 2116 2116 6259 2143 2143 2143 2143 2143 2143 2143 2129 2129
    2129 2129 2129 2129 2129 2129 2129 2116 2116 2116 2116 2116 2116
    2116 2116 2116 2116 2116 2116 2116 2116 2116 2116 2116 2116 2116
    6259 2129 2129 2143 2143 2143 2143 2129 2129 2129 2129 2116 2116
    2129 2129 2129 2129 2116 2116 2116 2116 2116 2116 2116 2116 2116
    2116 2116 2116 2116 2116 2103 2103 2103 2103 2103 6259 2129 2129
    2129 2129 2129 2129 2116 2116 2116 2116 2116 2116 2116 2116 2129
    2116 2116 2116 2116 2116 2116 2116 2116 2116 2116 2116 2116 2116
    2116 2103 2103 2103 2103 2103 2103 6259 2129 2129 2129 2129 2129
    2116 2116 2116 2116 2116 2116 2116 2116 2116 2116 2116 2116 2116
    2116 2116 2116 2116 2103 2103 2116 2116 2116 2116 2103 2103 2103
    2103 2103 2103 2103 6259 2143 2129 2116 2116 2116 2116 2116 2116
    2116 2116 2116 2116 2116 2116 2116 2116 2116 2116 2116 2116 2116
    2116 2103 2103 2116 2116 2116 2103 2103 2103 2103 2103 2103 2103
    2103 6259 2143 2129 2116 2116 2116 2116 2116 2116 2103 2103 2116
    2116 2116 2116 2116 2116 2116 2116 2116 2116 2116 2116 2103 2103
    2103 2103 2116 2103 2103 2103 2103 2103 2103 2103 2103 6259 2143
    2129 2129 2116 2116 2116 2116 2116 2103 2103 2116 2116 2116 2116
    2116 2116 2103 2103 2103 2116 2116 2103 2103 2103 2103 2103 2116
    2103 2103 2103 2103 2103 2103 2103 2103 6146 2129 2116 2116 2129
    2129 2116 2116 2103 2103 2116 2116 2116 2116 2116 2116 2103 2103
    2103 2103 2116 2116 2103 2103 2103 2103 2103 2103 2103 2103 2103
    2103 2103 2103 2103 2116 6146 2116 2116 2116 2116 2116 2129 2116
    2103 2103 2116 2116 2116 2116 2116 2103 2103 2103 2103 2103 2103
    2103 2103 2103 2103 2103 2103 2103 2103 2103 2103 2103 2103 2103
    2103 2116 2116 2116 2116 2116 2116 2116 2116 2116 2116 2116 2103
    2103 2116 2103 2103 2103 2103 2103 2103 2103 2103 2103 2103 2103
    2103 2103 2103 2103 2103 2103 2103 2103 2103 2103 2103 2103 2116
    2116 2116 2116 2103 2103 2116 2116 2116 2116 2103 2103 2103 2103
    2103 2103 2103 2103 2103 2103 2103 2103 2103 2103 2103 2103 2103
    2103 2103 2103 2103 2103 2103 2103 2103 2103 2116 2116 2103 2103
    2103 2103 2116 2116 2116 2103 2103 2103 2103 2103 2103 2103 2103
    2103 2103 2103 2103 2103 2103 2103 2090 2090 2103 2103 2103 2103
    2103 2103 2103 2090 2090 2090 2116 2116 2103 2103 2103 2103 2103
    2103 2116 2103 2103 2103 2103 2103 2103 2103 2103 2103 2103 2103
    2103 2103 2103 2103 2090 2090 2103 2103 2103 2103 2090 2090 2090
    2090 2090 2090 2116 2116 2103 2103 2103 2103 2103 2103 2103 2103
    2103 2103 2103 2103 2103 2103 2103 2103 2103 2090 2090 2103 2103
    2103 2090 2090 2090 2090 2090 2090 2090 2078 2078 2090 2090 2090
    2116 2116 2116 2116 2103 2103 2103 2103 2103 2103 2103 2103 2103
    2103 2103 2103 2103 2103 2103 2090 2090 2103 2103 2103 2090 2090
    2078 2078 2090 2090 2078 2078 2078 2090 2090 0</data></Depth16009>
</opencv_storage>
