<?xml version="1.0"?>
<opencv_storage>
<Depth17433 type_id="opencv-matrix">
  <rows>16</rows>
  <cols>24</cols>
  <dt>w</dt>
  <data>
    4139 4139 3238 3238 3238 3178 3178 4190 3238 3238 3208 3208 3208
    3208 3178 3178 3178 3178 3208 3208 3208 3149 1477 1477 3208 3178
    3178 3178 3178 3178 3149 3149 3178 3208 3178 3149 3149 3149 3149
    3178 3178 3178 3149 3149 3149 3149 1483 1483 3149 3149 3149 3149
    3149 3149 3149 3149 3149 3149 3149 3120 3120 3149 3149 3149 3149
    3149 3149 3120 3092 3092 3092 1483 3149 3120 3120 3120 3120 3120
    3120 3120 3149 3149 3120 3120 3120 3120 3120 3149 3149 3149 3149
    3120 3092 3092 3092 1483 3149 3120 3092 3092 3092 3120 3120 3120
    3120 3120 3120 3120 3120 3120 3120 3149 3149 3149 3149 3120 3092
    3092 3092 1470 3120 3120 3092 3092 3092 3120 3120 3120 3120 3120
    3120 3120 3120 3120 3120 3149 3149 3149 3149 3120 3120 3120 3120
    1470 3120 3120 3120 3120 3120 3120 3120 3120 3120 3120 3149 3149
    3120 3120 3120 3149 3149 3149 3149 3149 3149 3149 3149 1464 1843
    3120 3120 3120 3120 3120 3120 3120 3120 3120 3149 3149 3149 3149
    3149 3149 3149 3120 3120 3120 3120 3149 3149 1458 1843 1843 3120
    3120 3149 3149 3120 3120 3149 3149 3149 3149 3149 3149 3149 3149
    3149 3120 3120 3120 3120 3149 3149 3149 1823 1823 3120 3120 3149
    3149 3120 3120 3149 3149 3149 3149 3149 3149 3149 3149 3149 3120
    3120 3120 3120 3149 3120 3120 1813 1813 1813 3149 3149 3149 3120
    3120 3149 3149 3149 3149 3120 3120 3120 3149 3149 3120 3120 3120
    3120 3149 3092 3092 1794 1794 1794 3149 3149 3149 3120 3120 3149
    3149 3149 3149 3120 3120 3120 3120 3149 3120 3120 3120 3120 3149
    3092 3092 1794 1794 1794 3149 3120 3120 3120 3120 3120 3064 3064
    3120 3120 3092 3092 3064 3064 3120 3120 3120 3120 3120 3064 3064
    1794 1785 1785 1794 3120 3120 3064 3064 3064 3037 3037 3092 3092
    3064 3064 3064 3064 3120 3120 3120 3120 3120 3064 3064 1776 1776
    1776 1776 1776 3120 3064 3064 3064 3037 3037 3092 3092 3064 3064
    3092 0 0 0 0 0 0 0 0 1776 1776 1776 1766 1766 1766 3238 3064 3064
    3064 3064 3092 3120 0 0 0 0 0 0 0 0 0 0 0</data></Depth17433>
</opencv_storage>
