<?xml version="1.0"?>
<opencv_storage>
<Depth11420 type_id="opencv-matrix">
  <rows>12</rows>
  <cols>5</cols>
  <dt>w</dt>
  <data>
    8019 7835 7835 7835 7835 8019 8019 8019 8019 7660 7835 7835 7660
    7660 7660 7835 7835 7660 7660 7660 8019 7835 7835 7835 7835 7835
    7835 7660 7660 7660 7835 7835 7660 7660 7660 8019 7835 7660 7660
    7660 8019 7835 7660 7660 7492 8019 7835 7835 7660 7492 8019 7835
    7835 7660 7492 8019 8019 8019 0 7492</data></Depth11420>
</opencv_storage>
