<?xml version="1.0"?>
<opencv_storage>
<Depth18709 type_id="opencv-matrix">
  <rows>10</rows>
  <cols>19</cols>
  <dt>w</dt>
  <data>
    0 4708 4708 4708 4774 4774 4842 4911 4983 4983 5056 5056 5056 5056
    5056 5210 5291 5640 5640 4645 4645 4708 4708 4774 4774 4774 4842
    4911 4983 5056 4983 4911 4842 4842 5056 5210 5640 5640 4645 4645
    4708 4708 4708 4645 4645 4645 4708 4708 4911 4842 4842 4842 4842
    4842 4911 4983 5056 4645 4645 4774 4708 4522 4522 4522 4582 4582
    4645 4645 4708 4774 4774 4774 4842 4911 4911 4983 4582 4582 4708
    4582 4522 4522 4522 4522 4522 4582 4645 4645 4645 4708 4708 4774
    4842 4842 4911 4522 4522 4582 4582 4522 4463 4463 4522 4522 4522
    4645 4645 4645 4708 4708 4774 4774 4774 4842 4405 4405 4582 4463
    4463 4463 4463 4522 4522 4522 4582 4582 4582 4645 4645 4645 4645
    4774 4774 4190 4089 4089 4139 4463 4463 4463 4522 4522 4582 4522
    4522 4522 4522 4522 4645 4582 4582 4645 4190 4041 4041 4041 4041
    4041 4463 4522 0 4463 4463 4463 4463 4522 4522 4645 4582 4522 4522 0
    4041 4041 4041 4041 4041 0 4041 0 4463 4463 4463 4463 4522 4582 4708
    4522 4522 4522</data></Depth18709>
</opencv_storage>
