<?xml version="1.0"?>
<opencv_storage>
<Depth4534 type_id="opencv-matrix">
  <rows>28</rows>
  <cols>47</cols>
  <dt>w</dt>
  <data>
    4582 4582 4645 2365 2365 2365 2365 2365 2365 2365 2365 2365 2381
    4522 4522 2349 2349 4463 4463 4463 4463 4463 4463 4463 4463 4463
    4463 4405 4405 4349 4349 4349 4349 4349 4349 4349 4349 4349 4349
    4349 4349 4349 4349 4349 4295 4295 4295 4645 4645 2349 2349 2349
    2365 2365 2365 2365 2365 2365 2365 2365 2349 2333 2333 2349 2349
    2349 4463 4463 4463 4463 4463 4463 4463 4463 4405 4405 4349 4349
    4349 4349 4349 4349 4349 4349 4349 4349 4349 4349 4349 4349 4349
    4295 4295 4295 4645 4645 2365 2349 2349 2365 2365 2365 2365 2349
    2349 2349 2349 2333 2333 2317 2317 2317 2317 2317 2317 2333 2333
    2333 2317 2317 2301 2301 2286 2286 2286 2301 2301 2301 4349 4349
    4349 4349 4349 4349 4349 4349 4349 4349 4295 4295 4295 4582 4582
    2365 2365 2365 2365 2365 2365 2349 2349 2349 2349 2333 2333 2317
    2317 2317 2317 2317 2317 2317 2317 2317 2301 2301 2301 2301 2301
    2286 2286 2286 2301 2301 2286 2286 2286 2286 2286 4349 4295 4295
    4295 2271 2271 4190 4190 4295 4582 2381 2365 2365 2365 2365 2365
    2349 2349 2333 2333 2333 2333 2317 2317 2317 2317 2317 2317 2317
    2317 2317 2301 2301 2301 2301 2301 2301 2301 2286 2286 2286 2286
    2286 2286 2286 2286 2286 2301 2286 2286 2286 2271 2271 2271 2271
    4295 4522 2381 2365 2365 2365 2365 2365 2349 2333 2333 2317 2317
    2317 2317 2317 2317 2317 2317 2301 2301 2301 2301 2301 2301 2301
    2286 2286 2286 2271 2271 2271 2271 2286 2286 2271 2271 2286 2286
    2286 2271 2271 2271 2271 2271 2271 2271 2286 2381 2381 2365 2349
    2349 2349 2333 2333 2317 2317 2317 2317 2317 2317 2317 2301 2301
    2301 2301 2301 2301 2301 2286 2286 2286 2286 2286 2286 2271 2271
    2271 2271 2271 2271 2271 2271 2271 2271 2271 2271 2271 2271 2271
    2271 2271 2271 2271 2381 2381 2365 2349 2333 2333 2317 2317 2317
    2301 2301 2301 2317 2317 2301 2301 2301 2286 2286 2286 2286 2286
    2286 2286 2286 2286 2286 2271 2256 2256 2256 2256 2271 2271 2271
    2271 2271 2271 2271 2271 2256 2256 2256 2271 2271 2256 2256 4708
    2398 2381 2349 2333 2317 2317 2317 2317 2301 2301 2301 2301 2301
    2286 2286 2286 2286 2286 2286 2286 2271 2271 2271 2271 2286 2271
    2256 2256 2256 2256 2256 2271 2271 2271 2271 2271 2256 2256 2256
    2256 2256 2256 2256 2256 2241 2241 4645 2432 2381 2349 2333 2317
    2317 2317 2317 2301 2301 2301 2301 2301 2286 2286 2286 2271 2271
    2286 2286 2271 2271 2271 2271 2271 2256 2256 2256 2256 2256 2256
    2271 2271 2271 2256 2256 2256 2256 2256 2256 2256 2256 2241 2241
    2241 2241 4645 4645 2381 2365 2333 2333 2317 2317 2317 2301 2301
    2301 2301 2301 2301 2286 2286 2271 2271 2271 2271 2271 2271 2271
    2271 2256 2256 2256 2256 2256 2256 2256 2271 2271 2256 2256 2256
    2241 2241 2256 2256 2256 2256 2241 2241 2226 2226 4582 2398 2381
    2365 2349 2349 2333 2317 2317 2317 2317 2317 2317 2317 2301 2301
    2286 2271 2271 2271 2271 2271 2271 2271 2271 2256 2256 2241 2241
    2241 2241 2241 2256 2256 2256 2241 2241 2241 2241 2256 2256 2256
    2241 2241 2241 2212 2212 4582 2398 2381 2381 2365 2365 2349 2333
    2333 2317 2317 2317 2317 2317 2317 2317 2286 2286 2286 2271 2271
    2271 2271 2271 2271 2256 2256 2241 2241 2241 2241 2241 2256 2256
    2256 2241 2241 2241 2241 2241 2241 2241 2226 2226 2226 2212 2212
    2450 2398 2398 2365 2365 2381 2365 2349 2333 2333 2317 2317 2317
    2317 2317 2317 2301 2301 2286 2286 2286 2286 2286 2286 2271 2256
    2256 2241 2241 2241 2241 2241 2256 2256 2256 2241 2241 2241 2241
    2241 2241 2241 2226 2226 2226 2212 2212 2450 2415 2398 2365 2365
    2381 2365 2365 2349 2349 2333 2333 2333 2317 2317 2317 2317 2301
    2301 2286 2286 2286 2286 2286 2286 2271 2271 2256 2256 2256 2241
    2241 2256 2256 2256 2256 2256 2241 2241 2241 2241 2241 2241 2241
    2226 2212 2212 2467 2432 2415 2381 2381 2381 2365 2365 2365 2365
    2349 2349 2333 2333 2317 2317 2317 2317 2301 2301 2301 2301 2301
    2301 2286 2271 2271 2271 2256 2256 2241 2241 2256 2256 2256 2256
    2256 2256 2241 2241 2241 2241 2241 2241 2226 2212 2212 2467 2432
    2398 2381 2381 2381 2381 2381 2381 2365 2365 2365 2349 2333 2317
    2317 2317 2317 2317 2317 2317 2317 2301 2301 2301 2286 2286 2286
    2286 2271 2256 2256 2271 2271 2271 2271 2271 2256 2256 2241 2241
    2241 2241 2241 2241 2226 2226 2450 2432 2398 2381 2381 2381 2381
    2381 2381 2381 2381 2365 2365 2349 2349 2349 2333 2317 2317 2333
    2333 2333 2317 2301 2301 2301 2301 2301 2286 2271 2271 2271 2271
    2271 2271 2271 2271 2271 2256 2256 2241 2241 2256 2226 2226 2241 0
    2450 2432 2415 2381 2381 2398 2398 2381 2381 2381 2381 2365 2365
    2365 2349 2349 2349 2333 2333 2349 2349 2349 2333 2317 2301 2301
    2301 2301 2301 2301 2286 2286 2301 2286 2271 2271 2271 2271 2271
    2256 2241 2241 2256 2226 2226 2241 4190 2450 2450 2432 2415 2415
    2415 2415 2398 2398 2381 2381 2365 2365 2365 2365 2349 2349 2349
    2349 2349 2349 2349 2349 2333 2317 2317 2317 2317 2301 2301 2301
    2301 2317 2317 2301 2286 2286 2286 2286 2286 2256 2256 2256 2241
    2241 4190 4190 2450 2450 2450 2432 2432 2432 2432 2415 2415 2398
    2398 2381 2381 2381 2365 2365 2365 2349 2349 2349 2349 2349 2349
    2349 2333 2317 2317 2317 2317 2301 2301 2301 2333 2333 2317 2317
    2317 2301 2301 2301 2286 2271 2271 2271 2271 4241 4190 2450 2450
    2450 2450 2450 2432 2432 2432 2432 2415 2415 2398 2398 2381 2381
    2381 2365 2365 2365 2365 2349 2349 2349 2349 2349 2333 2333 2333
    2317 2317 2317 2317 2333 2333 2333 2333 2317 2317 2317 2301 2301
    2286 2271 2271 2271 4241 4139 4405 2450 2450 2450 2450 2450 2432
    2432 2432 2432 2432 2415 2415 2398 2398 2398 2381 2381 2365 2365
    2365 2365 2365 2365 2365 2349 2333 2333 2333 2333 2333 2333 2333
    2333 2333 2333 2333 2333 2317 2317 2301 2301 2286 2286 2286 4295
    4139 4405 2450 2450 2450 2450 2450 2450 2450 2432 2432 2432 2415
    2415 2415 2398 2398 2381 2381 2381 2381 2365 2365 2365 2365 2365
    2349 2349 2349 2349 2349 2333 2333 2333 2333 2333 2333 2333 2333
    2317 2317 2301 2301 2301 2301 4241 4241 4190 4349 4349 4349 4349
    4349 2467 2450 2450 2450 2432 2432 2432 2432 2432 2415 2415 2398
    2398 2381 2381 2381 2381 2365 2365 2365 2365 2365 2365 2365 2365
    2349 2349 2333 2333 2333 2349 2349 2333 2333 2317 2317 2317 2317
    4089 4089 4139 4190 4349 4349 4349 4295 4295 4295 4295 4295 4295
    4241 2450 2432 2432 2432 2432 2432 2432 2398 2398 2381 2381 2381
    2381 2381 2381 2381 2381 2381 2365 2365 2365 2365 2365 2365 2365
    2365 2349 2349 2333 2333 2317 2317 4041 4041 4089 4089 4139 4295
    4295 4295 4295 4295 4295 4295 4295 4241 4241 4241 4241 4241 4190
    4190 4241 4190 4190 2432 2415 2398 2381 2381 2381 2381 2398 2381
    2381 2365 2365 2365 2365 2381 2381 2381 2365 2365 2365 2349 2333
    2317 2317 4041 4041 4089 4089 4139 4295 4295 4295 4295 4295 4295
    4295 4295 4241 4241 4241 4190 4190 4190 4190 4190 4190 4190 4190
    4190 4190 4139 4139 4190 4139 4089 2398 2381 2381 2381 2365 2365
    2398 2381 2381 2381 2381 2365 2349 2333 2317 2317 4089 4089 4139
    4139 4139</data></Depth4534>
</opencv_storage>
