<?xml version="1.0"?>
<opencv_storage>
<Depth5608 type_id="opencv-matrix">
  <rows>71</rows>
  <cols>35</cols>
  <dt>w</dt>
  <data>
    5056 5056 5132 5210 5210 5291 5374 5374 1415 1415 1415 1421 5460
    1404 1404 1404 1404 1404 1398 1398 1398 1398 1404 1404 1410 1410
    5460 5460 5460 5460 5460 5460 5460 5548 5640 5056 5056 5132 5210
    5210 5210 0 1415 1415 1415 1415 1415 1410 1404 1404 1404 1404 1404
    1398 1398 1398 1398 1404 1404 1404 1404 1404 1404 0 5548 5548 5548
    5548 5548 5548 4983 0 0 4983 1415 0 0 1415 1410 1410 1415 1415 1410
    1410 1404 1404 1410 1410 1410 1398 1398 1398 1398 1398 1398 1392
    1392 1392 1398 0 5548 5548 5548 5548 5548 4983 0 0 0 0 0 0 1410 1410
    1410 1410 1410 1410 1410 1410 1410 1410 1410 1404 1398 1398 1398
    1398 1398 1392 1392 1392 1398 1398 0 5734 5640 5640 5640 5548 5056 0
    0 0 0 0 0 1410 1410 1410 1410 1410 1410 1404 1404 1404 1404 1404
    1398 1398 1398 1398 1398 1392 1392 1392 1392 1398 1398 0 5734 5734
    5640 5640 5548 5056 5132 0 0 0 0 0 1410 1410 1410 1410 1410 1410
    1404 1398 1398 1398 1398 1398 1392 1392 1392 1392 1392 1392 1392
    1392 1392 1392 1458 5734 5734 5734 5734 5548 5056 5132 0 0 0 0 1415
    1410 1410 1410 1410 1404 1404 1404 1398 1398 1398 1398 1398 1392
    1392 1392 1392 1392 1392 1392 1392 1392 1458 1458 1458 5832 5734
    5734 5548 5132 5132 0 0 0 0 1415 1410 1410 1410 1410 1404 1404 1404
    1398 1398 1398 1398 1392 1392 1392 1392 1392 1392 1387 1387 1392
    1398 1452 1452 1464 1464 5832 5832 5548 5132 0 0 0 0 0 1415 1410
    1410 1404 1404 1404 1404 1404 1398 1398 1398 1392 1392 1392 1392
    1392 1387 1387 1387 1387 1392 1398 1421 1421 1464 1503 1503 1503
    5548 4983 0 0 0 0 0 1410 1410 1410 1404 1404 1404 1398 1398 1398
    1398 1398 1392 1392 1392 1392 1387 1387 1387 1387 1387 1392 1404
    1421 1421 1470 1503 1503 1516 1516 4983 0 0 0 0 0 1410 1410 1404
    1404 1404 1404 1398 1398 1398 1398 1392 1392 1392 1392 1392 1387
    1387 1387 1387 1387 1392 1404 1421 1421 1470 1503 1509 1516 1516
    4983 0 0 0 0 1410 1398 1392 1392 1398 1398 1398 1398 1398 1398 1392
    1392 1392 1392 1392 1387 1387 1387 1381 1381 1387 1392 1410 1433
    1445 1496 1496 1503 1516 1516 4983 0 0 0 0 1398 1398 1392 1392 1392
    1392 1392 1392 1392 1392 1387 1387 1387 1387 1387 1387 1387 1381
    1381 1381 1387 1392 1410 1433 1452 1489 1496 1503 1516 1516 4983 0 0
    0 0 1398 1392 1392 1392 1392 1392 1392 1392 1387 1387 1387 1387 1387
    1387 1387 1387 1381 1381 1381 1381 1387 1392 1410 1433 1452 1489
    1503 1503 1516 1516 4983 0 0 0 0 1398 1392 1392 1392 1392 1392 1392
    1387 1387 1387 1387 1387 1387 1387 1381 1381 1381 1376 1376 1381
    1387 1392 1410 1421 1458 1483 1496 1496 1564 1564 0 0 0 0 0 1392
    1392 1392 1392 1392 1392 1387 1387 1387 1387 1387 1387 1381 1381
    1381 1376 1376 1376 1376 1381 1381 1392 1415 1421 1470 1483 1496
    1496 1564 1572 0 0 0 0 1392 1392 1392 1392 1392 1392 1387 1387 1387
    1387 1387 1381 1381 1381 1381 1381 1376 1376 1370 1370 1381 1381
    1392 1421 1439 1470 1483 1496 1496 1564 1572 0 0 0 0 1387 1387 1387
    1387 1387 1392 1387 1387 1387 1387 1381 1381 1381 1381 1381 1376
    1376 1376 1370 1370 1370 1376 1392 1433 1439 1464 1489 1496 1509
    1572 1572 0 0 0 0 1376 1376 1381 1387 1387 1387 1387 1387 1387 1381
    1376 1376 1376 1376 1376 1376 1376 1370 1370 1370 1370 1376 1381
    1433 1439 1464 1496 1496 1509 1586 1586 0 0 0 0 1376 1376 1381 1387
    1387 1387 1387 1387 1381 1376 1376 1376 1376 1376 1376 1376 1370
    1370 1370 1370 1376 1376 1381 1427 1445 1464 1496 1496 1564 1594
    1594 0 0 0 1376 1376 1376 1387 1387 1387 1387 1381 1381 1376 1376
    1370 1370 1370 1376 1376 1376 1370 1370 1370 1370 1370 1376 1381
    1404 1445 1464 1509 1509 1509 1594 1594 0 0 0 1376 1376 1376 1387
    1387 1381 1381 1381 1376 1376 1370 1370 1370 1370 1376 1376 1370
    1370 1370 1370 1370 1370 1381 1387 1398 1439 1509 1509 1516 1550
    1579 1579 0 0 0 1387 1387 1387 1387 1387 1381 1376 1376 1370 1370
    1370 1370 1370 1370 1370 1376 1370 1370 1370 1370 1370 1376 1381
    1392 1398 1415 1509 1509 1516 1550 1579 1579 0 0 0 1387 1387 1387
    1387 1387 1381 1376 1376 1370 1370 1370 1370 1370 1370 1370 1370
    1370 1365 1365 1365 1370 1370 1387 1392 1404 1415 1509 1509 1516
    1543 1550 1550 0 0 0 1392 1387 1387 1381 1381 1381 1376 1376 1370
    1370 1370 1370 1370 1370 1370 1365 1365 1365 1365 1365 1370 1370
    1387 1392 1398 1398 1509 1509 1516 1543 1550 1550 0 0 0 1392 1387
    1387 1381 1381 1381 1376 1376 1370 1370 1370 1370 1370 1365 1365
    1365 1365 1365 1365 1365 1365 1370 1387 1398 1398 1398 1503 1503
    1523 1543 1550 1550 0 0 0 1387 1387 1381 1376 1376 1376 1376 1376
    1370 1370 1370 1365 1365 1365 1365 1365 1365 1365 1365 1365 1365
    1370 1381 1398 1398 1433 1496 1496 1523 1543 1557 1557 0 0 0 1387
    1381 1381 1376 1376 1370 1370 1370 1370 1370 1365 1365 1365 1365
    1365 1365 1365 1365 1359 1359 1365 1370 1381 1398 1398 1433 1477
    1496 1523 1550 1557 1557 0 0 0 1370 1370 1370 1370 1370 1370 1370
    1370 1370 1365 1365 1365 1365 1365 1365 1365 1365 1359 1359 1359
    1359 1370 1381 1398 1410 1433 1477 1496 1523 1536 1564 1564 0 0 0
    1370 1370 1370 1370 1370 1370 1370 1370 1370 1365 1365 1365 1365
    1365 1365 1365 1354 1354 1354 1354 1354 1370 1387 1404 1410 1439
    1477 1496 1523 1536 1536 1536 0 0 0 1370 1370 1370 1370 1370 1370
    1365 1365 1365 1365 1365 1365 1365 1359 1359 1359 1354 1354 1354
    1354 1354 1365 1387 1410 1415 1445 1470 1496 1529 1543 1543 0 0 0 0
    1370 1370 1370 1370 1370 1370 1365 1365 1365 1365 1365 1365 1359
    1359 1359 1354 1354 1354 1354 1354 1354 1365 1381 1410 1421 1445
    1464 1470 1529 1543 1543 0 0 0 0 1370 1370 1365 1365 1370 1370 1365
    1365 1365 1365 1365 1359 1359 1359 1354 1354 1354 1354 1349 1349
    1359 1365 1381 1404 1421 1445 1464 1470 1529 1543 1543 0 0 1376 0
    1370 1370 1365 1365 1365 1365 1365 1365 1359 1359 1359 1359 1359
    1359 1349 1349 1349 1349 1349 1349 1354 1365 1387 1404 1433 1458
    1470 1496 1529 1543 0 0 0 1376 1376 1370 1370 1365 1365 1365 1365
    1365 1359 1359 1359 1359 1359 1359 1354 1349 1349 1349 1349 1349
    1349 1349 1365 1387 1398 1452 1464 1470 1503 1529 1536 1536 0 0 0
    1370 1365 1365 1365 1365 1365 1365 1365 1359 1359 1359 1359 1359
    1354 1354 1354 1349 1349 1349 1349 1349 1349 1365 1381 1392 1458
    1470 1483 1509 1529 1536 1536 0 0 1365 1365 1365 1365 1365 1365 1365
    1365 1359 1359 1359 1359 1359 1354 1349 1349 1349 1349 1349 1349
    1349 1349 1349 1359 1381 1392 1464 1464 1477 1516 1536 1543 1543 0 0
    1370 1365 1365 1365 1365 1365 1365 1359 1359 1349 1349 1349 1359
    1354 1349 1349 1349 1349 1349 1349 1343 1343 1349 1359 1381 1392
    1452 1452 1470 1509 1529 1536 1536 5548 1370 1370 1365 1365 1365
    1365 1365 1359 1359 1354 1349 1349 1349 1354 1349 1349 1349 1349
    1349 1349 1343 1343 1343 1349 1365 1381 1392 1433 1445 1464 1509
    1529 1536 1536 5548 1365 1365 1365 1365 1365 1365 1365 1359 1359
    1349 1349 1349 1349 1354 1349 1349 1349 1349 1343 1343 1343 1343
    1343 1349 1370 1381 1398 1433 1445 1464 1503 1516 1516 1516 5291
    1365 1365 1359 1359 1359 1359 1359 1354 1349 1349 1349 1349 1349
    1349 1349 1349 1349 1343 1343 1343 1343 1343 1343 1349 1370 1387
    1398 1433 1445 1470 1503 1516 1516 0 5291 1359 1359 1359 1359 1354
    1354 1354 1354 1349 1349 1349 1349 1349 1349 1349 1349 1349 1343
    1343 1343 1338 1338 1343 1349 1370 1387 1404 1433 1452 1470 1509
    1523 1523 0 5291 1365 1359 1359 1359 1354 1354 1354 1354 1349 1349
    1349 1349 1349 1349 1349 1349 1349 1343 1343 1343 1338 1338 1343
    1349 1365 1381 1404 1433 1445 1477 1516 1523 1523 0 5291 1365 1365
    1359 1359 1354 1354 1354 1349 1349 1349 1349 1349 1343 1343 1343
    1349 1343 1343 1343 1343 1338 1338 1343 1343 1359 1376 1398 1427
    1439 1489 1523 1529 0 0 0 1365 1359 1354 1354 1354 1354 1354 1349
    1349 1349 1349 1349 1343 1343 1343 1343 1343 1343 1343 1343 1338
