<?xml version="1.0"?>
<opencv_storage>
<Depth14430 type_id="opencv-matrix">
  <rows>89</rows>
  <cols>77</cols>
  <dt>w</dt>
  <data>
    4522 4463 4463 4463 4405 4405 4349 4349 4295 4295 4295 4295 4295
    4295 4295 4295 4295 4241 4190 4190 4190 4190 4139 4139 4139 4089
    4089 4089 4041 3994 3948 3948 3948 3948 3948 3948 3948 3903 3903
    3859 3859 3859 1223 1223 1227 1232 1232 1232 1236 1241 1241 1245
    1245 1245 1245 1241 1241 1241 3614 3614 3614 3614 3614 3614 3576
    3539 3539 3539 3539 3539 3539 3503 3503 3468 3468 3468 3468 4522
    4463 4463 4463 4405 4405 4349 4349 4295 4295 4295 4295 4295 4295
    4295 4295 4241 4241 4190 4190 4139 4139 4139 4139 4139 4089 4089
    4089 4041 3994 3948 3948 3948 3948 3948 3948 3903 3903 3903 3903
    1219 1219 1223 1223 1227 1227 1227 1232 1232 1236 1236 1241 1241
    1241 1241 1236 1236 1236 1236 3653 3653 3653 3614 3614 3576 3539
    3539 3539 3539 3539 3539 3503 3503 3468 3468 3468 3468 4522 4463
    4463 4463 4405 4405 4349 4349 4295 4295 4295 4295 4295 4295 4295
    4295 4241 4241 4190 4139 4139 4139 4139 4139 4139 4139 4089 4089
    4041 3994 3994 3994 3994 4089 1210 1210 3903 1202 1202 1206 1210
    1219 1223 1223 1223 1227 1227 1232 1232 1232 1236 1236 1241 1241
    1241 1236 1236 1236 0 3614 3614 3614 3614 3614 3576 3576 3576 3576
    3576 3539 3539 3503 3503 3468 3468 3468 3468 4463 4463 4463 4463
    4405 4405 4349 4349 4295 4295 4295 4295 4295 4295 4349 4295 4241
    4241 4190 4139 4139 4139 4139 4139 4139 4139 4089 4089 4089 4089
    4139 4139 1206 1206 1210 1210 1206 1202 1202 1206 1210 1219 1223
    1223 1223 1227 1227 1227 1232 1232 1236 1236 1236 1236 1241 1236
    1236 1236 1236 3614 3614 3614 3614 3576 3576 3576 3576 3576 3576
    3539 3539 3503 3503 3468 3468 3468 3468 4463 4463 4463 4463 4405
    4405 4349 4349 4349 4295 4295 4295 4295 4295 4349 4295 4190 4139
    4139 4139 4139 4139 4139 4139 4139 4139 4089 4089 4089 4089 4089
    1202 1202 1206 1210 1210 1206 1206 1206 1210 1210 1219 1223 1223
    1223 1227 1227 1227 1232 1232 1232 1232 1236 1236 1236 1236 1236
    1236 1236 3653 3653 3653 3614 3576 3576 3576 3576 3576 3576 3539
    3539 3503 3503 3468 3468 3468 3468 4463 4463 4463 4463 4463 4405
    4405 4349 4295 4295 4295 4295 1193 1193 1189 1185 1185 4139 4139
    4139 4139 4139 1177 1177 1177 1185 1193 1193 1193 1193 1193 1193
    1197 1197 1202 1206 1206 1206 1210 1210 1214 1219 1223 1219 1219
    1223 1223 1232 1232 1232 1232 1232 1232 1236 1236 1236 1236 1236
    1236 1236 3653 3653 3614 3614 3576 3576 3576 3539 3539 3539 3539
    3503 3503 3468 3468 3468 3468 4463 4463 4463 4463 4463 4463 4405
    4349 4295 4295 1193 1193 1193 1193 1189 1185 1181 1181 1181 1181
    1177 1177 1177 1177 1177 1185 1193 1193 1193 1193 1193 1193 1197
    1197 1202 1202 1202 1206 1210 1210 1210 1214 1214 1219 1219 1223
    1223 1232 1232 1232 1232 1232 1232 1236 1241 1241 1236 1236 1236
    1236 3653 3653 3614 3614 3576 3576 3576 3539 3539 3539 3503 3503
    3503 3503 3468 3468 3468 4463 1259 1259 4463 4463 4463 4463 4405
    4405 4405 1193 1193 1193 1193 1189 1185 1181 1181 1177 1177 1177
    1177 1177 1177 1177 1185 1189 1189 1193 1193 1193 1193 1197 1202
    1202 1202 1202 1206 1210 1210 1210 1210 1214 1223 1223 1223 1223
    1232 1232 1232 1232 1232 1236 1236 1236 1241 1236 1236 1236 1236
    3653 3653 3614 3614 3576 3576 3576 3576 3539 3539 3503 3503 3503
    3503 3468 3468 3468 1259 1259 1255 1255 1255 1255 1245 1245 1245
    1193 1193 1193 1193 1189 1185 1181 1181 1181 1177 1177 1173 1173
    1177 1177 1185 1185 1189 1189 1193 1193 1193 1193 1197 1202 1202
    1202 1202 1202 1206 1206 1210 1210 1210 1219 1219 1223 1223 1227
    1227 1232 1232 1232 1232 1236 1236 1241 1236 1236 1236 1236 3503
    3576 3576 3576 3576 3576 3576 3539 3539 3503 3503 3503 3503 3503
    3468 3468 3468 1255 1255 1255 1250 1250 1241 1236 1236 1236 1193
    1193 1193 1189 1189 1181 1177 1177 1177 1177 1177 1173 1173 1177
    1181 1185 1185 1185 1185 1189 1193 1193 1193 1197 1202 1202 1202
    1202 1202 1206 1206 1206 1210 1210 1210 1214 1219 1219 1227 1227
    1227 1232 1232 1232 1236 1236 1241 1241 1236 1236 1236 3503 3503
    3503 3576 3576 3576 3576 3539 3503 3503 3503 3503 3503 3503 3503
    3468 3468 1255 1255 1255 1250 1250 1236 1223 1219 1214 1206 1193
    1189 1181 1181 1177 1177 1173 1173 1173 1177 1177 1177 1177 1177
    1181 1185 1185 1185 1185 1193 1193 1193 1197 1202 1202 1202 1202
    1202 1206 1206 1206 1206 1206 1210 1210 1214 1219 1227 1227 1227
    1232 1232 1232 1236 1236 1236 1241 1241 1241 1241 3503 3503 3503
    3576 3576 3576 3576 3539 3503 3503 3503 3503 3503 3503 3503 3468
    3468 1255 1255 1255 1250 1241 1236 1223 1219 1214 1206 1193 1189
    1181 1181 1177 1173 1173 1173 1173 1173 1177 1177 1177 1177 1177
    1181 1181 1181 1181 1189 1189 1193 1193 1193 1193 1197 1202 1202
    1206 1206 1206 1206 1206 1210 1210 1214 1219 1227 1227 1227 1232
    1232 1232 1232 1232 1236 1236 1241 1241 1241 3576 3576 3576 3576
    3614 3576 3576 3539 3503 3503 3503 3503 3539 3503 3503 3468 3468
    1255 1255 1255 1250 1241 1236 1223 1219 1214 1206 1202 1193 1189
    1181 1173 1173 1173 1173 1173 1173 1177 1177 1177 1177 1177 1181
    1181 1181 1181 1189 1189 1189 1193 1193 1193 1197 1197 1197 1197
    1202 1206 1206 1206 1210 1210 1214 1219 1223 1223 1223 1227 1227
    1232 1232 1232 1232 1232 1236 1236 1236 3576 3576 3576 3576 3614
    3614 3576 3539 3503 3503 3503 3503 3503 3503 3503 3468 3468 1255
    1255 1255 1250 1241 1236 1223 1219 1214 1210 1206 1197 1189 1185
    1173 1173 1173 1173 1173 1173 1173 1177 1177 1177 1177 1181 1185
    1181 1181 1185 1185 1189 1193 1193 1193 1193 1193 1197 1197 1202
    1202 1202 1206 1206 1210 1219 1219 1223 1219 1219 1223 1227 1227
    1232 1232 1232 1232 1232 1236 1236 3653 3653 3614 3614 3614 3614
    3576 3539 3503 3503 3539 3503 3503 3503 3503 3468 3468 1255 1255
    1255 1255 1241 1236 1223 1219 1214 1210 1206 1202 1193 1185 1177
    1173 1173 1169 1169 1173 1173 1173 1173 1177 1177 1177 1181 1181
    1181 1185 1185 1185 1189 1189 1193 1193 1193 1197 1197 1202 1202
    1202 1206 1206 1210 1214 1214 1219 1219 1219 1223 1227 1227 1227
    1232 1232 1232 1232 1232 1232 1227 3614 3614 3614 3614 3614 3614
    3576 3539 3503 3503 3503 3503 3503 3503 3503 3503 1255 1255 1255
    1255 1241 1232 1227 1219 1219 1210 1206 1202 1197 1189 1177 1173
    1173 1169 1169 1173 1173 1173 1173 1173 1177 1177 1177 1181 1181
    1185 1185 1185 1189 1189 1193 1193 1193 1197 1197 1202 1202 1202
    1206 1206 1210 1214 1214 1219 1219 1219 1223 1223 1223 1227 1232
    1232 1232 1232 1227 1227 1227 1232 3614 3614 3614 3614 3614 3576
    3539 3503 3503 3503 3503 3503 3503 3503 3503 1255 1255 1255 1241
    1236 1232 1227 1223 1219 1210 1206 1202 1197 1189 1177 1173 1173
    1169 1169 1173 1173 1173 1173 1173 1173 1177 1177 1177 1181 1185
    1185 1189 1189 1189 1193 1193 1193 1197 1197 1202 1202 1202 1206
    1206 1210 1210 1214 1223 1223 1223 1223 1223 1223 1227 1227 1232
    1232 1232 1227 1227 1232 1232 3653 3653 3614 3614 3614 3576 3539
    3503 3503 3503 3503 3503 3503 3503 3503 2639 1255 1255 1241 1236
    1232 1227 1223 1223 1210 1206 1202 1197 1189 1181 1173 1173 1173
    1173 1173 1173 1173 1173 1173 1173 1173 1177 1177 1181 1185 1185
    1185 1185 1189 1193 1193 1193 1193 1197 1197 1202 1202 1206 1206
    1210 1210 1210 1219 1219 1219 1219 1223 1223 1227 1227 1227 1232
    1232 1232 1232 1227 1227 1227 3614 3614 3576 3576 3576 3539 3539
    3539 3539 3503 3503 3503 3468 3468 2618 1259 1250 1241 1236 1232
    1232 1227 1223 1210 1206 1202 1197 1189 1181 1177 1173 1173 1173
    1173 1173 1173 1173 1173 1173 1173 1177 1177 1181 1181 1185 1185
    1185 1189 1189 1193 1193 1193 1197 1197 1197 1197 1202 1202 1206
    1210 1210 1214 1219 1219 1219 1219 1219 1223 1227 1227 1232 1232
    1232 1232 1227 1227 1227 1227 3576 3576 3576 3576 3576 3539 3539
    3539 3503 3503 3503 3468 3468 2579 1250 1250 1241 1236 1236 1232
