<?xml version="1.0"?>
<opencv_storage>
<Depth10590 type_id="opencv-matrix">
  <rows>66</rows>
  <cols>89</cols>
  <dt>w</dt>
  <data>
    3774 3774 3774 3774 3774 3774 3816 3859 3859 3816 3816 3816 3816
    3859 3859 3859 3948 3948 3948 3948 3948 3948 3948 3994 3994 3994
    3994 3994 3994 3994 4041 4041 4041 4041 4089 4139 4139 4139 4139
    4089 4089 4139 4139 4139 4139 4190 4190 4190 4190 4190 4190 4241
    4241 4241 4295 4295 4295 4349 4405 4405 4405 896 894 891 889 889 889
    4463 4463 4463 4463 4582 4582 4582 4582 4582 4582 4582 4582 4582
    4645 4645 4645 4645 4645 4645 4645 4645 4645 3732 3774 3774 3774
    3774 3774 3816 3816 3816 3816 3816 3816 3816 3859 3859 3859 3948
    3948 3948 3948 3948 3948 3948 3994 3994 3994 3994 3994 3994 3994
    4041 4041 4041 4041 4089 4089 4089 4089 4139 4139 4139 4139 4139
    4139 4139 4190 4190 4190 4190 4190 4190 4241 4241 4241 4295 4295
    4349 4349 4405 4405 4405 896 894 891 889 889 889 4463 4463 4463 4463
    4582 4582 4582 4582 4582 4582 4582 4582 4582 4645 4645 4645 4645
    4645 4645 4645 4645 4645 3732 3774 3774 3774 3774 3774 3816 3816
    3816 3816 3816 3816 3859 3859 3859 3903 3948 3948 3948 3948 3948
    3948 3948 3994 3994 3994 3994 3994 3994 3994 4041 4041 4041 4089
    4089 4089 4089 4089 4139 4139 4139 4139 4139 4139 4139 4190 4190
    4190 4190 4190 4190 4241 4295 4295 4349 4349 4349 4349 4405 4405 896
    896 894 891 889 889 889 4522 4522 4522 0 0 4645 4645 4582 4522 4522
    843 843 4582 4582 4582 4582 4582 4645 4645 4645 4708 4708 3732 3732
    3732 3774 3774 3774 3816 3816 3816 3816 3816 3816 3859 3859 3859
    3903 3948 3948 3994 3948 3948 3948 3948 3994 3994 3994 3994 3994
    3994 3994 4041 4041 4041 4089 4089 4089 4089 4089 4089 4139 4139
    4139 4139 4139 4139 4139 4139 4190 4190 4190 4241 4241 4241 4241
    4295 4349 4349 4349 4405 4405 896 896 894 889 889 887 887 4522 4522
    4522 0 0 4522 4522 845 845 845 843 843 843 4582 4582 4582 4582 4645
    4645 4645 4708 4708 3732 3732 3732 3774 3774 3774 3774 3816 3816
    3816 3816 3816 3859 3859 3859 3903 3948 3948 3948 3948 3948 3948
    3948 3948 3994 3994 3994 4041 4041 4041 4041 4041 4041 4089 4089
    4089 4089 4089 4089 4139 4139 4139 4139 4139 4190 4139 4139 4139
    4139 4241 4241 4241 4241 4241 4241 4295 4349 4349 891 891 894 894
    891 889 887 885 885 4522 4522 0 0 843 845 845 843 843 843 843 843
    843 4582 4645 4645 4645 4708 4708 4708 4708 4708 3732 3732 3732 3774
    3774 3774 3774 3774 3816 3816 3816 3816 3859 3859 3859 3903 3948
    3948 3948 3948 3948 3948 3948 3948 3994 3994 3994 3994 3994 3994
    3994 4041 4041 4041 4041 4089 4089 4089 4089 4139 4139 4139 4139
    4139 4190 4139 4139 4139 4139 4241 4241 4241 873 873 878 880 880 880
    880 887 889 894 891 889 887 885 885 885 825 827 827 843 843 843 843
    843 843 841 841 837 837 837 835 837 837 0 4708 4708 4708 3732 3732
    3732 3774 3774 3774 3774 3774 3774 3816 3816 3859 3859 3903 3903
    3903 3948 3948 3948 3948 3948 3948 3948 3948 3994 3994 3994 3994
    3994 3994 3994 3994 4041 4041 4041 4089 4089 4089 4089 4139 4139
    4139 847 847 856 856 856 854 854 854 856 860 864 867 875 878 880 880
    880 885 887 891 889 889 887 819 819 821 825 827 827 829 831 835 837
    839 841 839 835 831 831 831 835 837 837 0 0 4708 4708 3732 3732 3732
    3774 3774 3774 3774 3774 3774 3816 3816 3859 3859 3859 3903 3903
    3948 3948 3948 3948 3948 3948 3948 3948 3948 3994 3994 3994 3994
    3994 3994 3994 4041 4041 4041 4089 4089 833 833 833 833 835 841 843
    845 845 851 851 851 854 854 856 860 867 873 878 880 880 880 885 885
    887 887 887 815 815 815 819 821 825 825 829 829 833 837 839 841 837
    829 829 829 831 831 835 837 0 0 0 0 3732 3774 3774 3774 3774 3774
    3774 3774 3774 3816 3816 3859 3859 3859 3859 3859 3903 3903 3903
    3948 3948 3948 3948 3948 3948 3994 3994 3994 3994 3994 3994 3994 825
    825 825 825 829 829 833 833 833 835 839 841 841 841 843 847 851 854
    854 856 860 869 873 878 878 878 878 880 880 887 885 885 815 813 813
    817 819 821 823 829 829 833 837 839 839 833 829 829 829 831 831 835
    837 0 0 0 0 3732 3774 3774 3774 3774 3774 3774 3774 3774 3816 3816
    3816 3816 3859 3859 3859 3903 3903 3903 3948 3948 3948 3948 3948
    3948 813 809 809 3994 3994 3994 823 823 825 823 823 825 827 833 833
    835 835 839 841 841 841 843 843 849 854 847 847 871 871 875 875 878
    878 875 875 878 885 885 789 789 790 813 817 819 821 823 827 831 833
    835 837 837 829 829 829 829 831 831 835 835 0 0 0 0 3732 3732 3732
    3774 3774 3774 3774 3774 3774 3774 3774 3816 3816 3859 3859 3859
    3859 3859 727 725 723 723 3948 825 813 811 809 809 811 811 813 821
    821 823 821 821 825 825 831 833 833 833 839 761 761 841 843 843 849
    854 783 783 787 787 792 792 796 798 802 803 803 789 789 789 789 790
    794 815 815 821 823 827 829 831 833 833 829 827 827 829 829 831 831
    835 835 0 0 0 0 3732 3732 3732 3774 3774 3774 3774 3774 3774 3774
    787 787 787 787 789 789 3859 725 723 722 722 722 722 825 811 809 809
    807 805 805 807 817 821 821 821 821 821 825 754 754 755 757 757 757
    759 843 843 843 849 781 781 781 785 787 789 792 796 798 802 800 792
    789 789 789 789 790 794 805 805 821 825 825 825 825 825 823 823 823
    825 827 829 831 831 833 835 0 0 0 0 3732 3732 3732 3774 3774 3774
    3774 3816 3774 787 785 785 785 785 785 783 783 725 723 722 722 722
    722 722 809 807 807 805 803 803 803 815 819 821 821 821 752 752 754
    754 755 757 755 752 750 750 754 754 776 776 781 781 783 789 789 792
    796 794 794 792 790 790 790 790 790 792 796 802 802 802 803 815 815
    813 813 815 819 819 821 827 827 829 831 833 833 0 0 0 0 3732 3732
    3732 3774 3774 3774 3774 3816 3816 787 785 785 785 785 785 783 783
    722 722 722 722 722 722 722 723 807 807 805 803 802 738 738 739 741
    742 746 747 749 752 752 754 754 750 749 749 749 749 754 776 776 780
    780 781 781 796 796 796 794 789 787 787 787 789 789 789 792 796 800
    800 802 803 805 811 813 813 813 815 819 819 825 827 829 831 833 833
    833 0 0 0 3732 3732 780 773 773 780 3774 3774 790 783 783 783 781
    781 781 769 722 722 722 722 722 722 722 722 723 725 725 727 730 730
    734 738 739 741 742 744 747 749 750 752 754 750 749 749 749 749 749
    754 778 778 774 774 781 781 796 796 794 787 783 783 783 785 789 789
    789 792 796 800 800 802 803 803 809 811 811 813 815 817 819 825 827
    829 831 833 833 833 0 0 0 780 780 776 771 767 766 766 792 789 783
    781 781 780 780 778 766 722 722 722 722 722 722 722 722 725 725 725
    727 728 730 733 736 738 741 742 744 746 747 750 752 752 749 747 747
    749 750 750 754 764 764 769 767 767 767 767 769 774 778 781 783 783
    783 787 789 790 792 796 798 798 800 802 803 807 809 811 813 815 817
    819 825 827 829 833 833 833 835 0 0 0 780 780 774 771 767 764 764
    752 752 783 781 780 776 774 769 766 720 720 722 722 722 722 722 722
    723 725 727 727 728 730 733 734 738 739 741 744 746 747 749 752 752
    749 747 747 749 750 750 754 755 761 764 764 766 767 767 769 773 776
    778 781 781 783 787 789 790 792 796 796 798 800 802 803 805 809 809
    813 815 819 821 825 827 829 831 833 835 835 0 0 0 781 778 774 769
    766 762 755 752 752 783 781 778 776 774 769 717 717 719 719 720 720
    720 720 722 719 719 727 727 728 730 733 734 736 738 739 742 746 747
    749 750 750 749 747 747 747 749 750 754 755 761 761 764 766 767 767
    769 773 774 778 780 781 781 785 789 790 792 796 796 796 798 802 803
    805 809 809 813 813 817 821 825 825 827 829 831 835 0 0 0 0 781 776
    773 769 764 759 755 754 750 750 780 776 774 773 719 717 717 717 719
    719 719 717 713 711 711 713 714 727 730 730 733 733 734 736 739 742
    746 747 747 746 746 746 746 747 747 747 750 754 755 759 761 762 764
    767 767 769 771 774 776 778 780 781 785 787 789 792 794 796 796 798
    802 803 805 809 809 811 813 815 821 823 825 827 829 831 835 0 0 0 0
    780 776 769 766 762 759 755 754 746 746 778 774 773 771 717 716 716
