<?xml version="1.0"?>
<opencv_storage>
<Depth0535 type_id="opencv-matrix">
  <rows>19</rows>
  <cols>27</cols>
  <dt>w</dt>
  <data>
    0 7492 7492 7332 3859 3859 3903 3903 3903 3903 7492 7492 7332 7332
    7332 7332 7332 7332 7332 7332 7332 7332 7332 7332 7332 7332 7332 0 0
    3774 3859 3859 3859 3859 3859 3903 3859 3859 3859 3859 3903 3948
    7178 7178 7332 7332 7332 7332 7332 7332 7332 7492 7492 7332 0 0 3774
    3774 3774 3774 3816 3816 3859 3859 3859 3859 3859 3903 3948 3994
    3994 7332 7332 7332 7332 7332 7332 7332 7492 7492 7332 3692 3692
    3692 3692 3732 3774 3774 3774 3816 3816 3816 3859 3859 3903 3948
    3948 3948 3948 4041 7332 7332 7332 7492 7492 7492 7492 7332 3692
    3692 3692 3653 3653 3732 3732 3732 3732 3774 3774 3816 3859 3903
    3859 3859 3859 3903 3948 3948 7332 7332 7492 7492 7492 7492 7332
    3732 3692 3692 3653 3653 3692 3692 3692 3732 3774 3774 3816 3816
    3816 3816 3816 3816 3859 3948 3948 3948 7332 7332 7332 7492 7492
    7492 3732 3732 3732 3653 3653 3692 3692 3692 3732 3774 3774 3774
    3774 3774 3774 3816 3816 3859 3903 3903 3948 3903 3903 3948 3948
    7492 7492 3774 3774 3732 3692 3692 3692 3732 3732 3774 3774 3774
    3774 3774 3774 3774 3816 3816 3859 3859 3903 3948 3903 3903 3948
    3948 3948 3948 3774 3774 3732 3732 3732 3774 3774 3774 3774 3774
    3774 3774 3774 3774 3774 3774 3816 3816 3816 3903 3903 3903 3903
    3903 3903 3903 3903 3774 3774 3774 3774 3774 3774 3774 3774 3774
    3774 3774 3774 3774 3774 3774 3774 3774 3816 3816 3816 3816 3859
    3859 3859 3859 3859 3859 3774 3774 3774 3774 3774 3774 3774 3774
    3774 3774 3774 3774 3774 3774 3774 3774 3774 3774 3816 3816 3816
    3816 3816 3816 3816 3816 3859 3774 3774 3774 3774 3774 3774 3732
    3732 3732 3774 3774 3774 3774 3774 3774 3774 3774 3774 3816 3816
    3816 3774 3774 3774 3816 3816 3816 3774 3774 3774 3774 3774 3774
    3732 3732 3732 3774 3774 3774 3774 3774 3774 3774 3774 3774 3816
    3774 3774 3774 3774 3774 3774 3816 3816 3774 3774 3774 3774 3774
    3774 3774 3774 3774 3774 3774 3774 3774 3774 3774 3774 3774 3774
    3774 3774 3774 3774 3774 3774 3774 3774 3774 7178 7030 7030 7030
    6889 3774 3774 3774 3774 3774 3774 3774 3774 3774 3774 3774 3774
    3774 3774 3774 3816 3774 3774 3774 3774 3774 3774 7178 7030 7030
    7030 7030 7030 7030 3816 3816 3774 3774 3732 3732 3774 3774 3816
    3774 3774 3774 3816 3816 3816 3816 3816 3816 3732 3732 7030 6889
    6889 6889 7030 7030 7030 6889 6889 7030 3774 3732 3732 3774 3774
    3816 3816 3816 3816 3816 3816 3816 3816 3816 3816 3732 3732 7030
    6889 6889 6889 7030 7030 7030 7030 7030 7178 7178 7332 7332 3816
    3816 3816 3816 3816 3816 3816 3816 3816 3816 3859 3903 3903 7332
    6889 6889 6889 6889 7030 7030 7030 7030 7178 7178 7178 7332 7332
    7030 3816 3816 3816 3859 3774 3774 3816 3816 3859 3903 3903 3903
    7332</data></Depth0535>
</opencv_storage>
