<?xml version="1.0"?>
<opencv_storage>
<Depth15126 type_id="opencv-matrix">
  <rows>37</rows>
  <cols>25</cols>
  <dt>w</dt>
  <data>
    5548 5640 5640 2744 2659 2659 2639 2639 2639 2598 2598 2639 2639
    2639 2639 2639 2639 5132 5132 5132 5132 5132 5132 5056 5056 2812
    2812 2812 2744 2680 2659 2639 2639 2639 2639 2639 2639 2639 2639
    2639 2639 2639 5210 5210 5132 5132 5132 5132 5056 5056 2812 2812
    2789 2744 2680 2659 2659 2639 2639 2639 2639 2639 2639 2639 2639
    2639 2639 2639 5210 5132 5132 5132 5132 5056 5056 2812 2789 2789
    2744 2701 2659 2659 2639 2639 2639 2639 2639 2639 2639 2639 2639
    2639 2659 5210 5132 5132 5132 5132 5056 5056 2812 2789 2789 2744
    2723 2680 2659 2639 2639 2639 2639 2639 2639 2639 2639 2639 2639
    2659 5132 5132 5132 5132 5132 5132 5056 2812 2812 2789 2767 2723
    2680 2659 2659 2639 2639 2639 2639 2639 2639 2639 2639 2639 2639
    5132 5056 5056 5056 5056 5056 5056 2835 2812 2789 2767 2723 2701
    2680 2659 2639 2639 2639 2639 2639 2639 2639 2639 2639 2639 2639
    5056 5056 5056 5056 5056 5056 2835 2812 2789 2767 2744 2723 2680
    2659 2639 2639 2639 2639 2639 2639 2639 2639 2639 2639 2639 5056
    5056 5056 5056 5056 5056 2835 2812 2789 2744 2744 2723 2701 2659
    2639 2639 2639 2639 2639 2639 2639 2639 2639 2639 2639 2639 5056
    5056 5056 5056 5056 2859 2812 2789 2744 2744 2723 2701 2659 2639
    2639 2639 2639 2639 2639 2639 2639 2639 2639 2639 2639 5056 5056
    5056 5056 5056 2835 2835 2789 2744 2744 2723 2701 2659 2639 2639
    2639 2639 2639 2639 2639 2639 2639 2639 2639 2639 5056 5056 5132
    5056 5056 2835 2835 2789 2767 2744 2723 2723 2659 2659 2639 2639
    2639 2639 2639 2639 2639 2639 2639 2639 2639 2639 5132 5132 5132
    5056 2883 2812 2812 2767 2744 2744 2723 2659 2659 2639 2639 2639
    2639 2639 2639 2639 2639 2639 2639 2639 2639 5132 5132 5132 5056
    5640 2812 2812 2767 2744 2744 2723 2659 2639 2639 2639 2639 2639
    2639 2639 2639 2639 2639 2639 2639 2639 5210 5132 5132 5056 5640
    5640 2812 2767 2744 2744 2723 2659 2639 2639 2639 2639 2639 2639
    2639 2639 2639 2639 2639 2639 2639 5056 5056 5056 5056 5548 5548
    2812 2767 2744 2744 2723 2659 2639 2639 2639 2639 2639 2639 2639
    2639 2639 2639 2639 2639 2639 5056 5056 5056 5056 5548 5548 2859
    2767 2744 2744 2723 2659 2639 2618 2618 2618 2618 2618 2618 2618
    2618 2618 2618 2618 2618 2639 5056 5056 5056 5640 5640 2835 2812
    2789 2744 2723 2680 2639 2618 2618 2618 2618 2618 2618 2618 2618
    2618 2618 2618 2618 2639 5056 5056 5056 5548 5548 2835 2835 2812
    2789 2680 2659 2659 2639 2618 2618 2618 2618 2618 2618 2618 2618
    2618 2618 2618 2639 5056 5056 5056 5548 5548 2835 2835 2812 2789
    2680 2659 2659 2639 2618 2618 2618 2618 2618 2618 2618 2618 2618
    2618 2618 2618 5132 5056 5056 5548 5548 2835 2812 2812 2789 2744
    2659 2659 2639 2618 2598 2598 2618 2618 2618 2618 2618 2618 2618
    2618 2618 2618 5056 5056 5548 5460 5460 2812 2812 2789 2744 2680
    2659 2639 2618 2598 2598 2598 2618 2618 2618 2618 2618 2618 2618
    2618 2618 5132 5056 5548 5460 5460 2812 2812 2767 2744 2680 2659
    2639 2618 2598 2598 2598 2618 2618 2618 2639 2618 2618 2618 2618
    2618 2618 5056 5548 5460 5460 2812 2812 2767 2744 2723 2659 2639
    2618 2598 2598 2598 2598 2618 2618 2618 2618 2618 2618 2618 2618
    2618 4983 5548 5548 5548 5548 2812 2789 2767 2723 2680 2639 2618
    2598 2598 2598 2598 2598 2618 2618 2618 2618 2618 2618 2618 2618
    4983 5640 5548 5548 5548 2812 2789 2767 2723 2680 2659 2639 2598
    2598 2598 2598 2598 2598 2598 2618 2618 2618 2618 2598 2598 5132
    5640 5548 5548 5548 2835 2789 2767 2744 2680 2659 2639 2598 2598
    2598 2598 2598 2598 2598 2598 2598 2618 2618 2598 2598 2598 5640
    5548 5548 5548 2835 2789 2767 2744 2680 2659 2639 2618 2598 2598
    2598 2598 2598 2598 2598 2598 2598 2598 2598 2598 2598 5640 5548
    5548 5548 5548 2789 2767 2744 2701 2680 2659 2639 2618 2598 2598
    2598 2598 2598 2598 2598 2598 2598 2579 2579 2579 5640 5548 5548
    5640 5640 2744 2744 2744 2701 2680 2659 2639 2618 2618 2598 2598
    2598 2598 2598 2598 2598 2598 2579 2579 2579 5640 5548 5548 5640
    5640 2744 2744 2744 2701 2680 2659 2639 2618 2618 2598 2598 2598
    2598 2598 2618 2618 2598 2598 2579 2579 5640 5640 5640 5640 5640
    2767 2767 2767 2701 2680 2659 2639 2618 2618 2598 2598 2598 2598
    2598 2598 2598 2598 2598 2579 2579 5640 5640 5548 5460 5460 5460
    2744 2744 2701 2680 2659 2639 2618 2618 2598 2598 2598 2598 2598
    2598 2598 2598 2598 2579 2579 5640 5640 5548 5460 5460 5460 2744
    2744 2701 2680 2659 2639 2639 2618 2618 2598 2598 2598 2579 2579
    2579 2598 2598 2579 2579 5640 5640 5548 5548 5460 5460 5460 5460
    2680 2659 2659 2639 2639 2618 2618 2598 2598 2598 2579 2579 2579
    2598 2598 2579 2579 5640 5640 5548 5548 5460 5460 5374 2485 2485
    2618 2659 2639 2639 2618 2618 2598 2598 2598 2579 2579 2579 2579
    2618 2618 5291 5640 5548 5548 5548 5548 5460 5374 2485 2485 2618
    2659 2659 2639 2618 2618 2598 2598 2598 2618 2618 2579 2579 2618
    2618 5056</data></Depth15126>
</opencv_storage>
