<?xml version="1.0"?>
<opencv_storage>
<Depth19296 type_id="opencv-matrix">
  <rows>84</rows>
  <cols>53</cols>
  <dt>w</dt>
  <data>
    1123 1123 1123 1123 1119 1119 1115 1115 1119 1119 1119 1119 1115
    1112 1105 1105 1101 1094 1094 1090 1087 1084 1084 1077 1073 1070
    1063 1063 1063 1060 1060 1054 1050 1047 1044 1041 1041 1038 1025
    1025 1022 1022 1019 1016 1013 1013 1010 1004 1001 998 992 987 984
    1126 1123 1123 1123 1119 1119 1119 1119 1123 1123 1119 1119 1115
    1112 1108 1101 1101 1094 1090 1090 1090 1087 1087 1080 1077 1073
    1067 1063 1063 1063 1060 1057 1054 1050 1047 1047 1044 1041 1025
    1025 1025 1022 1019 1016 1016 1013 1010 1007 1001 1001 992 989 987
    1130 1126 1123 1123 1119 1119 1119 1119 1123 1123 1119 1119 1115
    1115 1108 1101 1101 1094 1090 1090 1090 1090 1087 1084 1080 1077
    1077 1073 1067 1067 1067 1063 1054 1054 1050 1050 1047 1041 1031
    1025 1025 1025 1019 1019 1016 1013 1013 1007 1004 1001 992 989 989
    1130 1126 1126 1123 1119 1119 1119 1119 1123 1123 1119 1119 1115
    1115 1112 1105 1105 1101 1097 1097 1094 1094 1090 1084 1084 1084
    1084 1087 1077 1073 1070 1067 1054 1054 1050 1050 1047 1038 1031
    1031 1025 1025 1022 1019 1016 1013 1013 1007 1004 1004 992 989 989 0
    0 0 1126 1119 1119 1119 1119 1123 1119 1119 1119 1119 1115 1112 1108
    1108 1105 1105 1105 1101 1101 1094 1087 1087 1087 1090 1087 1084
    1077 1070 1067 1054 1054 1050 1050 1047 1038 1034 1031 1031 1028
    1025 1022 1019 1013 1013 1007 1004 1004 998 989 989 0 0 0 0 0 1119
    1119 1119 1123 1119 1119 1119 1119 1119 1115 1112 1112 1108 1108
    1105 1105 1101 1097 1090 1090 1090 1087 1087 1087 1080 1073 1060
    1054 1054 1050 1050 1044 1038 1034 1034 1031 1028 1028 1025 1025
    1019 1016 1007 1004 1001 998 989 989 0 0 0 0 0 1119 1119 1119 1123
    1119 1119 1119 1119 1123 1119 1119 1115 1108 1108 1105 1105 1101
    1101 1090 1090 1090 1087 1087 1084 1084 1063 1060 1054 1054 1054
    1050 1044 1038 1034 1034 1038 1028 1028 1025 1025 1016 1016 1007
    1004 1001 998 992 989 0 0 0 0 0 1119 1115 1115 1123 1119 1119 1119
    1119 1123 1123 1119 1115 1112 1108 1105 1105 1105 1097 1090 1090
    1090 1087 1087 1084 1070 1063 1057 1057 1057 1054 1050 1038 1034
    1034 1034 1038 1028 1028 1025 1025 1016 1016 1010 1004 1001 998 995
    989 0 0 0 0 0 1119 1115 1115 1123 1123 1123 1123 1123 1123 1123 1119
    1115 1115 1108 1105 1105 1101 1097 1094 1090 1090 1090 1087 1080
    1063 1060 1057 1057 1054 1054 1050 1038 1034 1034 1034 1038 1031
    1031 1025 1025 1022 1013 1010 1004 1001 998 995 992 0 0 0 0 0 0 0
    1126 1126 1123 1123 1123 1123 1119 1119 1119 1119 1115 1112 1105
    1105 1101 1097 1094 1090 1090 1090 1087 1067 1060 1060 1054 1054
    1054 1054 1050 1038 1034 1034 1034 1038 1034 1031 1028 1025 1022
    1013 1010 1007 1004 1001 998 992 0 0 0 0 0 0 0 0 1126 1126 1123 1123
    1123 1119 1119 1119 1119 1112 1108 1105 1101 1101 1097 1094 1090
    1090 1090 1087 1063 1060 1057 1054 1054 1054 1050 1050 1038 1034
    1034 1034 1038 1034 1031 1028 1025 1019 1013 1013 1007 1004 1001 998
    995 0 0 0 0 0 0 0 0 1123 1123 1126 1126 1126 1123 1123 1119 1115
    1112 1108 1105 1101 1097 1094 1094 1094 1094 1094 1094 1063 1060
    1057 1057 1054 1054 1050 1050 1038 1034 1034 1034 1038 1038 1034
    1028 1025 1019 1016 1013 1010 1004 1001 998 992 0 0 0 0 0 0 0 0 1123
    1123 1126 1123 1123 1123 1123 1119 1115 1115 1112 1105 1105 1097
    1094 1094 1094 1097 1097 1097 1067 1060 1057 1057 1057 1054 1054
    1044 1038 1034 1034 1034 1038 1038 1031 1025 1025 1022 1016 1013
    1010 1004 1001 1001 992 0 0 0 0 0 0 0 0 1126 1123 1123 1123 1123
    1123 1123 1119 1115 1115 1115 1115 1115 1112 1105 1097 1097 1101
    1101 1101 1067 1060 1057 1057 1057 1054 1054 1044 1038 1034 1034
    1034 1038 1038 1031 1025 1025 1022 1019 1013 1013 1007 1004 1001 998
    0 0 0 0 0 0 0 1130 1126 1123 1123 1123 1123 1123 1119 1119 1115 1115
    1115 1115 1115 1112 1105 1105 1105 1105 1105 1105 1101 1063 1057
    1057 1057 1054 1054 1044 1038 1034 1034 1034 1038 1034 1031 1025
    1025 1025 1022 1022 1016 1010 1004 998 998 0 0 0 0 0 0 0 1130 1130
    1126 1126 1123 1123 1119 1119 1119 1119 1119 1119 1119 1119 1115
    1112 1108 1108 1108 1108 1105 1105 1063 1060 1057 1057 1054 1054
    1044 1038 1038 1034 1034 1038 1034 1031 1031 1028 1025 1019 1016
    1013 1010 1004 995 995 0 0 0 0 0 0 0 1126 1123 1123 1123 1119 1119
    1115 1115 1115 1115 1119 1119 1115 1115 1115 1112 1112 1112 1112
    1108 1105 1105 1063 1060 1057 1057 1057 1050 1044 1041 1038 1034
    1034 1038 1034 1034 1031 1028 1025 1016 1013 1010 1004 1001 995 992
    0 0 0 0 0 0 0 1126 1119 1119 1119 1115 1115 1115 1112 1112 1112 1115
    1119 1115 1115 1115 1112 1112 1112 1115 1112 1101 1101 1063 1060
    1057 1057 1057 1050 1047 1044 1041 1038 1038 1038 1038 1031 1031
    1025 1019 1013 1010 1007 1004 1001 998 992 0 0 0 0 0 0 0 1126 1119
    1119 1119 1115 1115 1115 1112 1112 1112 1115 1119 1123 1119 1119
    1119 1115 1115 1115 1115 1080 1077 1067 1063 1060 1060 1057 1050
    1047 1044 1041 1038 1038 1038 1038 1031 1031 1025 1019 1013 1010
    1007 1004 1004 1001 998 0 0 0 0 0 0 0 1126 1119 1119 1119 1115 1115
    1112 1112 1108 1108 1112 1112 1112 1108 1105 1105 1112 1108 1090
    1084 1077 1077 1070 1063 1060 1057 1054 1050 1047 1044 1041 1038
    1038 1038 1034 1034 1034 1031 1019 1013 1010 1007 1004 1001 1001 992
    0 0 0 0 0 0 0 1126 1123 1123 1119 1115 1115 1112 1108 1108 1108 1108
    1108 1105 1105 1101 1101 1094 1090 1087 1084 1077 1077 1070 1063
    1060 1054 1054 1050 1047 1044 1041 1041 1038 1038 1034 1034 1031
    1031 1034 1038 1038 1007 1007 1001 998 992 2040 2040 2053 2053 2053
    2053 1130 1126 1126 1123 1119 1119 1115 1112 1108 1105 1105 1105
    1105 1105 1105 1097 1094 1090 1090 1087 1087 1080 1080 1073 1063
    1060 1054 1050 1050 1047 1044 1041 1038 1038 1038 1038 1034 1031
    1031 1028 1019 1013 1007 1004 1001 995 992 2040 2040 2053 2053 2053
    1123 1123 1130 1126 1126 1119 1119 1115 1108 1105 1101 1101 1105
    1105 1105 1101 1097 1094 1090 1090 1087 1087 1084 1084 1077 1063
    1060 1057 1050 1050 1047 1044 1041 1038 1038 1038 1038 1034 1028
    1025 1022 1019 1013 1007 1004 998 992 989 2040 2040 2053 2053 2053
    1123 1123 1130 1130 1126 1119 1119 1115 1108 1105 1101 1101 1105
    1105 1105 1101 1097 1094 1094 1094 1094 1094 1094 1094 1090 1067
    1063 1057 1054 1050 1050 1044 1041 1041 1038 1038 1038 1034 1025
    1022 1019 1016 1013 1007 1004 998 989 987 2040 2053 2053 2053 2053
    1126 1126 1130 1130 1126 1123 1119 1115 1112 1108 1105 1105 1105
    1105 1101 1101 1101 1097 1097 1097 1097 1097 1094 1084 1070 1067
    1063 1060 1057 1050 1047 1047 1041 1041 1038 1038 1038 1034 1025
    1022 1016 1016 1013 1013 1013 989 989 987 2053 2053 2053 2053 2053
    1130 1130 1130 1130 1130 1126 1119 1119 1115 1108 1105 1105 1101
    1097 1097 1097 1097 1097 1097 1094 1090 1090 1084 1080 1070 1067
    1063 1060 1057 1050 1047 1047 1041 1041 1038 1038 1038 1034 1025
    1025 1016 1016 1016 1016 1016 989 989 987 2053 2053 2053 2053 2053
    1130 1130 1130 1134 1130 1126 1123 1119 1115 1112 1105 1105 1097
    1090 1090 1090 1090 1094 1090 1087 1084 1080 1080 1077 1073 1067
    1067 1063 1060 1054 1047 1047 1041 1038 1038 1038 1038 1038 1038
    1038 1019 1019 1019 1019 1010 1001 1001 998 2065 2053 2053 2053 2053
    1130 1130 1134 1134 1130 1130 1126 1123 1119 1112 1105 1094 1090
    1087 1084 1080 1080 1080 1080 1077 1073 1073 1077 1077 1073 1067
    1067 1063 1063 1054 1047 1044 1038 1038 1038 1038 1038 1038 1038
    1031 1025 1016 1016 1013 1010 1004 1001 1001 2090 2078 2078 2078
    2065 1130 1130 1134 1134 1134 1130 1130 1123 1119 1112 1101 1094
    1087 1080 1080 1077 1073 1073 1070 1070 1070 1070 1070 1070 1070
    1067 1067 1063 1063 1063 1063 1044 1038 1038 1038 1038 1038 1034
    1034 1028 1022 1016 1016 1013 1010 1004 1004 1001 2103 2090 2090
    2078 2078 1130 1130 1134 1134 1134 1130 1130 1126 1119 1112 1087
