<?xml version="1.0"?>
<opencv_storage>
<Depth8211 type_id="opencv-matrix">
  <rows>7</rows>
  <cols>21</cols>
  <dt>w</dt>
  <data>
    5933 5933 5933 5933 5933 5933 7178 7178 5933 5933 5933 5933 6038
    6038 6038 5933 5933 5933 5933 5933 5933 5832 5832 5933 5933 5933
    5933 5933 5933 5933 5933 5933 5933 5933 5933 5933 5933 5933 5933
    5933 5933 5933 5832 5832 5933 5933 5933 5933 5933 5933 5933 5933
    5933 5933 5933 5933 5933 5933 5933 5933 5933 5933 5832 5734 5734
    5832 5832 5933 5933 5933 5933 5933 5933 5933 5933 5933 5933 5933
    5933 5933 5933 5933 5933 5832 5734 5734 5832 5832 5933 5933 5933
    5832 5832 5734 5734 5734 5832 5933 5832 5832 5832 5933 5933 5933
    5933 5734 5734 5832 5832 5832 5933 5933 5832 5734 5734 5734 5734
    5832 5933 5832 5832 5832 5933 6038 6038 5734 0 0 5832 5832 5832 5933
    5933 5933 5734 5734 0 0 0 0 0 0 0 0 0 6038 5734</data></Depth8211>
</opencv_storage>
