<?xml version="1.0"?>
<opencv_storage>
<Depth0545 type_id="opencv-matrix">
  <rows>23</rows>
  <cols>28</cols>
  <dt>w</dt>
  <data>
    0 0 6889 6889 7178 7178 3948 3948 3948 3948 3948 3948 3948 7332 7332
    7332 7332 7332 7332 7332 7332 7332 7332 7332 7332 7332 7332 7332 0 0
    6889 6889 6889 3948 3948 3903 3903 3903 3903 3948 3948 3948 3948
    7492 7332 7332 7332 7332 7332 7332 7332 7332 7332 7332 7332 7332 0 0
    0 3816 3948 3948 3948 3903 3903 3903 3903 3948 3948 3948 3948 3948
    7492 7492 7332 7332 7332 7332 7492 7492 7492 7492 7332 7332 0 0 3816
    3816 3903 3903 3948 3903 3903 3903 3903 3903 3948 3948 3948 3948
    3948 3948 3948 3948 7332 7332 7332 7492 7492 7492 7492 7492 0 0 3816
    3816 3859 3859 3859 3859 3859 3903 3903 3903 3948 3948 3948 3948
    3948 3948 3948 3948 3994 3994 7178 7332 7332 7492 7492 7492 0 0 3816
    3816 3816 3816 3859 3859 3859 3903 3903 3903 3903 3903 3903 3948
    3948 3948 3948 3948 3948 3948 7178 7178 7332 7332 7492 7492 0 3859
    3816 3816 3816 3816 3859 3859 3859 3859 3859 3903 3903 3903 3903
    3903 3948 3948 3948 3948 3948 3948 3948 3948 7332 7332 7332 7492
    3816 3816 3816 3816 3816 3816 3859 3859 3859 3859 3859 3859 3903
    3903 3903 3903 3948 3948 3948 3994 3948 3948 3948 3948 3994 3994
    3994 4041 3816 3816 3816 3816 3816 3816 3816 3816 3816 3816 3859
    3859 3903 3903 3903 3948 3948 3948 3948 3948 3948 3948 3948 3994
    3948 3948 3994 3994 3816 3816 3816 3816 3816 3816 3816 3816 3816
    3816 3816 3859 3859 3859 3903 3903 3903 3948 3948 3948 3948 3948
    3948 3948 3948 3948 3948 3948 3859 3816 3816 3816 3816 3816 3816
    3816 3816 3816 3816 3816 3816 3859 3859 3859 3903 3903 3948 3948
    3948 3948 3948 3948 3948 3948 3948 3948 3903 3816 3816 3816 3816
    3816 3859 3816 3816 3816 3816 3816 3816 3859 3859 3859 3859 3859
    3903 3903 3903 3903 3948 3948 3948 3948 3903 3903 3903 3816 3816
    3816 3816 3816 3816 3859 3816 3816 3816 3859 3859 3816 3816 3816
    3816 3816 3816 3816 3903 3903 3948 3948 3948 3948 3903 3903 3903
    3816 3816 3816 3816 3816 3816 3859 3859 3859 3859 3859 3859 3816
    3816 3816 3816 3816 3816 3816 3903 3903 3903 3948 3948 3948 3948
    3948 3948 3859 3816 3816 3816 3816 3816 3859 3859 3859 3859 3859
    3859 3859 3859 3859 3859 3859 3859 3859 3903 3903 3903 3948 3948
    3948 3948 3948 6889 3859 3859 3816 3816 3859 3859 3859 3859 3859
    3859 3859 3859 3859 3903 3903 3903 3859 3859 3903 3903 3903 3948
    3948 3948 3948 3948 7332 6889 6753 6753 6753 6753 3859 3859 3859
    3859 3859 3859 3859 3859 3859 3859 3903 3903 3903 3903 3903 3903
    3903 3903 3903 3903 3903 3948 7178 6889 6889 6753 6753 6753 6753
    3903 3859 3859 3859 3859 3859 3859 3859 3859 3859 3859 3859 3859
    3903 3903 3903 3903 3903 3903 3903 7332 7178 6753 6753 6889 6753
    6753 6753 6753 3859 3859 3859 3859 3859 3859 3859 3859 3859 3859
    3859 3859 3903 3903 3903 3903 3903 3903 7332 7178 7178 6753 6753
    6889 6889 6889 6889 6889 6889 6889 3903 3859 3859 3859 3859 3859
    3816 3816 3859 3859 3903 3903 3903 3903 3903 3903 7332 7178 7178
    6753 6753 6889 6889 6889 6889 6889 6889 6889 6889 6889 3859 3859
    3859 3859 3816 3816 3859 3859 3903 3903 3903 3903 3903 7332 7332
    7332 7178 6753 6753 6889 6889 6889 6889 6889 6889 6889 6889 7030
    7030 7030 3903 3859 3816 3816 3859 3859 3903 3903 3903 3903 3903
    7332 7332 7332 7332 6753 6753 6753 6889 6889 6889 6889 6889 6889
    6889 7030 7030 7030 6889 6889 7030 3948 3948 3903 3903 3903 3903
    3903 3948 7332 7332 7332 7332</data></Depth0545>
</opencv_storage>
