<?xml version="1.0"?>
<opencv_storage>
<Depth16950 type_id="opencv-matrix">
  <rows>150</rows>
  <cols>95</cols>
  <dt>w</dt>
  <data>
    1993 1993 1993 1993 1993 2005 1993 1993 2184 2170 2143 2116 2116
    2116 2116 2103 2103 2103 2103 2090 2090 2078 2078 2065 2065 2065
    2065 2065 2065 1843 1843 1843 1853 1853 1853 1853 1853 1853 1853
    1853 1853 1863 1873 1883 1883 1894 1904 1926 1926 1936 1936 1936
    3010 3010 3010 2984 2984 2984 2984 2958 2958 2933 2933 2933 2933
    2908 2908 2908 2883 2883 2883 2859 2835 2835 2835 2835 2812 2812
    2812 738 738 738 736 736 2744 2744 2744 0 0 0 0 0 0 2744 2744 1993
    1981 1981 1993 1993 1993 1981 1981 2170 2156 2143 2116 2116 2116
    2116 2103 2103 2103 2103 2103 2090 2090 2078 2065 2065 2065 2065
    1833 1833 1833 1833 1833 1843 1843 1843 1843 1843 1843 1843 1853
    1853 1863 1873 1883 1894 1894 1904 1915 1926 1926 1926 2933 2933
    2958 3010 2984 2984 2984 2984 2958 2958 2933 2933 2933 2933 2908
    2908 2908 2908 2908 2859 2859 2835 2812 2812 2835 2812 2812 742 741
    739 738 736 736 2744 2744 2744 0 0 0 0 0 0 0 2744 1981 1981 1981
    1981 1981 1993 1981 1981 1993 2143 2143 2129 2116 2116 2116 2103
    2103 2103 2103 2103 2090 2090 2078 2078 2065 2065 1833 1833 1833
    1833 1833 1833 1843 1843 1843 1843 1843 1843 1843 1843 1853 1853
    1873 1883 1883 1894 1904 1904 1926 1926 0 2933 2933 2958 3010 3010
    2984 2984 2984 2958 2933 2933 2933 749 749 749 749 747 746 746 746
    746 746 746 746 746 746 744 742 742 741 741 739 739 739 2744 2744 0
    0 0 0 0 0 0 2744 1970 1970 1970 1970 1981 1993 1993 1993 1993 2143
    2143 2129 2129 2116 2116 2103 2103 2103 2103 2103 2090 2090 2090
    2078 2065 1833 1833 1833 1833 1833 1833 1833 1843 1843 1843 1833
    1833 1843 1843 1843 1853 1853 1863 1873 1883 1894 1894 1894 0 1894
    2958 2958 2958 3010 3010 3010 2958 755 754 754 752 750 750 749 747
    747 747 746 742 742 742 742 742 744 744 744 744 744 742 742 742 741
    739 739 739 0 0 0 0 0 0 0 0 0 0 1970 1970 1970 1970 1970 1981 1993
    1981 1981 2156 2156 2143 2129 2116 2116 2103 2103 2103 2103 2090
    2090 2078 2078 2065 2065 1833 1823 1823 1823 1823 1833 1833 1843
    1843 1843 1833 1833 1833 1833 1843 1853 1853 1863 1863 1883 1894
    1894 1894 1894 0 3010 3010 3010 3010 3010 761 761 755 752 750 750
    749 749 747 747 747 747 744 741 741 741 738 738 738 738 739 741 741
    741 741 741 741 741 741 741 0 0 0 0 0 0 0 0 0 0 1970 1959 1959 1959
    1970 1981 714 713 713 713 2156 2143 2143 2143 2143 2116 2116 2103
    2103 2090 2090 2078 2078 2065 2065 2065 1823 1823 1823 1823 1833
    1833 1843 1843 1853 1843 1843 1833 1833 1843 1853 1853 1863 1863
    1883 1894 1894 1894 1894 0 0 688 3010 3010 3010 761 761 755 749 747
    747 747 747 747 747 747 744 744 738 738 736 731 730 730 731 733 736
    738 739 741 741 741 741 741 742 0 0 0 0 0 0 0 0 0 0 1970 1959 1947
    1947 1970 1981 713 711 711 711 711 2143 2143 2143 0 698 698 696 0 0
    0 0 0 0 0 0 0 1853 1853 1853 1853 1853 1853 1853 1863 1853 1853 1843
    1843 1843 1843 687 686 686 686 0 0 0 0 0 688 688 688 2984 2984 762
    687 687 687 746 746 746 747 747 686 684 684 684 683 683 683 680 678
    678 728 728 736 738 668 666 666 666 664 664 664 0 0 0 0 0 0 0 0 0 0
    1970 1959 1947 1947 1981 713 711 711 711 711 711 700 698 698 698 0 0
    0 0 0 0 0 0 0 0 0 0 0 0 0 1894 1894 1894 1894 1894 1894 1894 1894
    687 687 687 687 686 686 686 0 0 682 0 683 0 688 688 688 688 769 687
    687 687 688 746 746 682 682 682 683 683 683 682 682 680 679 678 678
    728 728 666 666 666 664 663 663 663 664 664 0 0 0 0 0 0 0 0 0 0 0
    701 701 713 713 713 711 711 710 710 704 700 698 698 698 698 0 0 0 0
    0 0 0 0 0 0 0 0 0 0 0 0 686 686 686 684 684 684 687 687 687 687 686
    686 686 682 682 682 683 683 688 688 687 687 688 688 688 682 682 688
    672 671 671 672 682 682 680 680 680 680 671 668 668 667 666 664 664
    663 663 663 663 663 663 663 663 663 662 662 661 661 661 0 0 0 0 0 0
    701 701 707 710 710 710 710 710 704 700 698 698 698 0 697 0 694 694
    694 693 693 693 691 693 693 0 0 688 687 687 0 686 686 684 684 684
    684 686 686 686 684 684 683 682 680 680 679 678 678 678 678 676 676
    676 676 675 674 672 672 671 671 671 670 670 668 668 668 667 667 667
    667 667 666 664 664 663 663 663 663 663 663 663 663 663 662 662 661
    661 661 0 0 0 0 703 701 701 701 707 707 707 707 708 700 700 698 698
    698 697 697 697 696 694 693 693 693 691 691 691 693 693 691 690 688
    687 687 686 686 686 684 684 684 684 684 684 684 683 683 682 680 680
    679 678 678 678 678 676 676 675 675 675 674 672 672 671 671 671 671
    670 670 668 668 668 667 667 667 666 666 666 664 664 663 663 663 663
    663 663 663 663 663 663 662 661 661 661 0 0 0 0 701 701 700 700 701
    704 704 701 700 698 698 698 698 697 696 696 696 696 694 693 691 691
    691 690 690 693 693 691 690 688 687 687 686 686 686 684 684 684 684
    683 683 683 683 682 680 679 679 679 678 678 678 676 676 676 675 675
    675 674 672 672 671 671 671 671 670 670 668 668 668 668 667 667 666
    666 666 664 664 663 663 664 663 663 663 663 663 663 663 663 662 662
    662 0 0 0 0 701 701 700 700 701 703 701 700 698 698 698 697 697 697
    696 694 694 694 693 693 691 691 691 690 690 690 690 691 688 688 687
    687 687 686 686 686 684 684 684 683 683 683 683 682 680 679 679 679
    678 678 678 676 676 676 676 675 675 674 672 672 672 672 672 671 670
    670 668 668 668 668 667 667 667 667 667 666 666 664 664 666 664 664
    664 663 663 663 663 663 663 662 662 0 0 0 0 703 703 701 701 701 701
    700 698 698 697 697 697 697 697 696 694 694 694 693 693 693 693 691
    690 690 690 690 690 688 688 687 687 687 686 686 686 686 686 684 683
    683 683 683 682 682 680 680 680 679 678 678 678 676 676 676 676 675
    674 674 672 672 672 672 672 671 671 670 670 668 668 668 667 667 667
    667 666 666 664 664 666 666 666 664 664 664 663 663 663 663 662 662
    0 0 0 0 703 703 701 701 701 700 698 698 698 697 697 697 697 697 696
    694 694 694 693 693 693 693 693 691 691 691 691 690 688 688 687 687
    687 687 687 687 687 686 686 684 683 683 683 682 682 682 682 682 680
    679 678 678 678 678 678 676 676 675 675 674 674 674 674 672 672 671
    671 671 670 668 668 668 668 667 667 667 666 666 666 667 667 667 666
    664 664 664 663 663 663 662 662 0 0 0 0 704 703 703 701 701 700 698
    698 698 698 698 698 698 697 697 696 696 696 693 693 693 693 693 691
    691 691 691 691 690 690 688 688 688 687 687 687 687 686 684 684 684
    683 683 683 682 682 682 682 682 682 679 678 678 678 678 676 676 676
    675 675 675 675 674 674 672 672 672 671 671 670 670 670 670 668 668
    667 667 667 667 667 667 667 666 666 664 664 664 663 663 662 662 0 0
    0 0 704 704 703 703 701 700 700 700 700 698 698 698 698 698 697 697
    696 696 694 694 694 694 694 693 693 693 693 693 691 690 690 688 688
    688 688 687 687 686 684 684 684 684 684 684 683 683 683 683 682 682
    682 680 679 678 678 678 676 676 676 675 675 675 675 675 675 672 672
    672 671 671 671 671 670 670 668 668 668 668 668 668 668 667 666 666
    666 664 664 664 663 662 662 0 0 0 0 704 704 704 703 703 701 701 701
    700 700 698 698 698 698 698 697 697 696 694 694 696 696 694 693 693
    693 693 693 693 691 690 688 688 688 688 687 687 687 686 686 686 686
    686 684 684 683 683 683 682 682 682 680 679 679 678 678 678 676 676
    676 676 675 675 675 675 674 674 672 672 671 671 671 671 671 670 670
    670 668 668 668 668 668 667 667 667 667 666 666 664 664 664 0 0 0 0
    704 704 704 704 704 703 703 703 701 701 700 698 698 698 698 698 697
    697 697 697 697 696 694 693 693 693 693 693 693 691 691 690 688 688
    688 688 687 687 687 686 686 686 686 686 684 683 683 683 682 682 682
    680 680 680 679 679 678 678 676 676 676 676 676 675 675 674 674 672
    672 672 672 671 671 671 671 671 671 670 670 670 668 668 667 667 667
    667 667 667 664 664 664 0 0 0 0 704 704 706 704 704 703 703 703 703
    703 701 700 698 698 698 698 698 698 698 697 697 697 694 693 693 694
