<?xml version="1.0"?>
<opencv_storage>
<Depth13959 type_id="opencv-matrix">
  <rows>17</rows>
  <cols>18</cols>
  <dt>w</dt>
  <data>
    2503 2503 2503 2503 4139 4139 3994 3948 3903 3903 3903 2485 2485
    2485 2503 2503 2503 2522 4349 4295 4190 4139 4041 3994 3903 3859
    3859 3859 3859 3859 2522 2522 2503 2503 2503 2541 4295 4241 4139
    4041 3994 3994 3903 3859 3859 3859 3859 3859 3859 2503 2503 2503
    2503 2541 4241 4089 4041 3994 3994 3994 3948 3903 3859 3859 3859
    3859 3859 3859 3859 2522 2522 2541 4241 4089 4041 3994 3994 3994
    3948 3903 3903 3903 3859 3859 3816 3816 3816 2522 2522 2560 4139
    4089 3994 3994 3994 3994 3994 3948 3903 3903 3859 3816 3774 3774
    3774 3774 2579 2560 4041 3994 3994 3994 3948 3948 3948 3948 3903
    3859 3816 3774 3732 3732 3732 3732 2579 2560 4041 3994 3994 3994
    3903 3903 3903 3903 3859 3816 3774 3732 3732 3732 3692 3653 2598
    2560 4041 4041 3948 3903 3859 3859 3859 3816 3816 3774 3732 3732
    3732 3692 3692 3653 2598 2560 3994 3948 3859 3859 3859 3816 3816
    3816 3774 3774 3732 3692 3692 3692 3692 3653 3614 2560 3903 3903
    3816 3816 3774 3774 3816 3774 3732 3732 3692 3653 3653 3653 3653
    3653 3653 2560 3859 3859 3816 3816 3774 3732 3653 3653 3653 3653
    3653 3653 3653 3614 3614 3653 3614 3614 3816 3816 3774 3732 3692
    3653 3653 3614 3614 3576 3539 3539 3539 3539 3539 3539 3539 3539
    3816 3774 3692 3653 3614 3614 3614 3614 3576 3539 3539 3503 3503
    3468 3468 3503 3468 3468 3774 3774 3653 3614 3576 3576 3576 3576
    3539 3503 3503 3468 3433 3433 3433 3433 3399 3399 3692 3653 3614
    3576 3539 3539 3539 3539 3539 3503 3468 3468 3433 3399 3399 3399
    3365 3365 3692 3614 3539 3539 3539 3539 3539 3503 3503 3503 3468
    3433 3433 3399 3399 3399 3365 3365</data></Depth13959>
</opencv_storage>
