<?xml version="1.0"?>
<opencv_storage>
<Depth4301 type_id="opencv-matrix">
  <rows>16</rows>
  <cols>8</cols>
  <dt>w</dt>
  <data>
    4708 4708 4774 4842 4842 4842 4983 4983 4708 4708 4774 4842 4842
    4842 4983 4983 4774 4774 4774 4842 4842 4911 4983 4983 4774 4774
    4774 4842 4842 4911 4983 4983 4774 4774 4774 4842 4842 4911 4983
    4983 4774 4774 4774 4774 4842 4911 4983 5056 4774 4774 4774 4774
    4842 4842 4983 4983 4842 4842 4774 4774 4842 4842 4911 4983 4842
    4774 4774 4774 4774 4842 4842 4911 1959 4774 4774 4774 4774 4842
    4842 4911 1959 1959 4842 4842 4842 4842 4842 4911 1959 1970 4842
    4842 4842 4842 4911 4911 1959 1959 1959 4911 4842 4842 4911 4911
    1947 1947 1947 4911 4911 4911 4911 4983 1947 1947 4708 4708 4842
    4911 4911 4983 1947 2198 2198 4708 4842 4842 4842 4911</data></Depth4301>
</opencv_storage>
