<?xml version="1.0"?>
<opencv_storage>
<Depth11270 type_id="opencv-matrix">
  <rows>106</rows>
  <cols>30</cols>
  <dt>w</dt>
  <data>
    0 0 0 0 0 0 1165 1165 1165 1165 1169 1173 0 0 0 0 0 0 1141 1138 1138
    1138 1134 1134 0 0 0 0 0 0 0 1149 1149 1149 1145 1145 1149 1149 1149
    1153 1153 1141 1138 1126 1126 1138 1138 1141 1138 1134 1134 1134
    1130 1130 1130 0 0 0 0 0 0 1149 1149 1149 1145 1145 1149 1149 1149
    1145 1141 1138 1138 1126 1126 1138 1138 1134 1134 1134 1130 1130
    1126 1126 1126 1126 0 0 0 0 0 1149 1149 1149 1145 1145 1149 1149
    1145 1141 1141 1138 1138 1134 1134 1138 1134 1134 1134 1130 1130
    1126 1126 1123 1123 1126 1123 1123 0 0 0 1149 1149 1149 1145 1145
    1149 1149 1145 1141 1141 1138 1138 1138 1138 1134 1134 1134 1130
    1130 1130 1126 1126 1123 1123 1123 1123 1123 0 0 0 1153 1153 1149
    1149 1149 1149 1149 1145 1141 1141 1138 1138 1138 1138 1134 1134
    1130 1130 1130 1130 1130 1126 1123 1123 1123 1123 1123 0 0 1153 1153
    1149 1149 1149 1149 1149 1149 1149 1141 1141 1141 1138 1138 1138
    1134 1134 1130 1130 1134 1130 1130 1126 1123 1123 1123 1123 0 0 0
    1153 1153 1149 1149 1149 1149 1149 1149 1149 1141 1141 1141 1138
    1138 1138 1134 1134 1134 1134 1134 1134 1130 1130 1123 1123 1123
    1123 0 0 0 1153 1153 1149 1149 1149 1149 1149 1149 1145 1141 1141
    1141 1138 1138 1138 1138 1138 1134 1134 1134 1134 1134 1130 1130
    1126 1126 1126 0 0 0 1153 1153 1153 1153 1149 1149 1149 1149 1145
    1141 1141 1141 1138 1138 1138 1138 1138 1134 1134 1130 1130 1130
    1130 1130 1126 1126 1126 0 0 0 1153 1153 1153 1153 1153 1153 1149
    1149 1145 1145 1141 1141 1138 1138 1138 1138 1138 1134 1134 1130
    1130 1130 1130 1130 1130 1130 1130 0 0 0 1157 1157 1157 1153 1153
    1153 1149 1149 1149 1145 1141 1141 1141 1141 1138 1138 1138 1134
    1134 1130 1130 1130 1130 1130 1130 1130 1130 0 0 0 1157 1157 1157
    1157 1153 1153 1153 1149 1149 1145 1145 1141 1141 1141 1138 1138
    1138 1134 1134 1134 1134 1130 1130 1130 1130 1134 0 0 0 0 1157 1157
    1157 1157 1153 1153 1153 1149 1149 1149 1145 1145 1141 1141 1138
    1138 1138 1134 1134 1134 1134 1130 1130 1130 1130 1134 0 0 0 0 1157
    1157 1157 1157 1153 1153 1153 1149 1149 1149 1149 1145 1141 1141
    1141 1138 1138 1134 1134 1134 1134 1134 1134 1130 1130 1134 0 0 0 0
    0 1161 1157 1157 1153 1153 1153 1149 1149 1149 1149 1145 1145 1141
    1141 1138 1138 1134 1134 1134 1134 1134 1134 1134 1134 1134 0 0 0 0
    1169 1161 1157 1157 1153 1153 1153 1153 1149 1149 1149 1145 1145
    1141 1141 1138 1138 1138 1134 1134 1134 1134 1134 1134 1134 1134
    1134 0 0 0 1165 1161 1157 1157 1157 1153 1153 1153 1149 1149 1149
    1149 1145 1145 1141 1141 1138 1138 1138 1138 1134 1134 1134 1134
    1134 1134 1134 0 0 0 1165 1161 1157 1157 1157 1157 1153 1153 1153
    1149 1149 1149 1145 1145 1141 1141 1138 1138 1138 1138 1138 1138
    1134 1134 1134 1134 1138 0 0 0 1169 1165 1161 1157 1157 1157 1153
    1153 1153 1149 1149 1145 1145 1145 1141 1141 1138 1138 1138 1138
    1138 1138 1134 1134 1134 1134 0 0 0 0 1165 1165 1161 1157 1157 1157
    1153 1153 1153 1149 1149 1145 1145 1145 1141 1141 1138 1138 1138
    1138 1138 1138 1134 1134 1134 1134 0 0 0 0 1165 1165 1161 1161 1157
    1157 1153 1153 1153 1149 1149 1149 1149 1145 1141 1141 1138 1138
    1138 1138 1138 1138 1138 1134 1134 1126 1126 1126 0 0 1169 1165 1161
    1161 1157 1157 1157 1153 1153 1153 1149 1149 1149 1149 1145 1145
    1141 1141 1141 1138 1138 1138 1138 1138 1134 1126 1126 1126 0 0 1169
    1165 1161 1161 1161 1161 1157 1157 1153 1153 1149 1149 1149 1149
    1145 1145 1141 1141 1141 1138 1138 1138 1134 1134 1134 1130 1130 0 0
    0 1169 1165 1165 1161 1161 1157 1157 1157 1153 1153 1153 1149 1149
    1149 1149 1149 1145 1141 1141 1138 1138 1138 1134 1134 1134 1130
    1130 1138 0 0 1169 1169 1165 1161 1161 1157 1157 1157 1153 1153 1153
    1153 1149 1149 1149 1149 1145 1145 1141 1138 1138 1138 1134 1134
    1138 1134 1134 1138 0 0 1169 1165 1165 1161 1161 1161 1157 1157 1153
    1153 1153 1153 1149 1149 1149 1149 1145 1145 1145 1138 1138 1138
    1138 1138 1138 1134 1134 0 0 0 1169 1165 1165 1161 1161 1161 1157
    1157 1153 1153 1153 1153 1149 1149 1149 1149 1145 1145 1145 1141
    1138 1138 1138 1138 1138 1138 1138 0 0 0 1165 1165 1165 1165 1161
    1161 1157 1157 1153 1153 1153 1153 1153 1149 1149 1149 1145 1145
    1145 1141 1141 1141 1138 1138 1138 1141 1141 0 0 0 1165 1165 1165
    1165 1161 1161 1157 1157 1157 1157 1157 1153 1153 1149 1149 1149
    1145 1145 1145 1141 1141 1141 1141 1141 1141 1141 1134 1134 0 0 1169
    1165 1165 1165 1161 1161 1161 1161 1157 1157 1157 1153 1153 1149
    1149 1149 1149 1145 1145 1141 1141 1141 1141 1141 1141 1138 1134
    1134 0 0 1169 1169 1165 1165 1161 1161 1161 1161 1161 1157 1157 1153
    1153 1149 1149 1149 1149 1145 1145 1141 1141 1141 1141 1141 1141
    1138 1138 0 0 0 1173 1169 1169 1165 1165 1165 1161 1161 1161 1157
    1153 1153 1153 1149 1149 1149 1149 1145 1145 1141 1141 1141 1141
    1141 1141 1141 1141 0 0 0 1173 1169 1169 1169 1165 1165 1161 1161
    1161 1157 1153 1153 1153 1149 1149 1149 1149 1145 1145 1141 1141
    1141 1141 1141 1141 1141 0 0 0 0 1173 1169 1169 1169 1165 1165 1161
    1161 1161 1157 1157 1153 1153 1153 1153 1149 1149 1149 1145 1141
    1141 1141 1141 1141 1141 1141 0 0 0 0 1173 1169 1169 1169 1169 1165
    1165 1161 1161 1157 1157 1153 1153 1153 1153 1153 1149 1149 1145
    1145 1141 1141 1141 1141 1141 1141 0 0 0 0 1173 1169 1169 1169 1169
    1165 1165 1161 1161 1157 1157 1153 1153 1153 1153 1153 1149 1149
    1149 1145 1141 1141 1138 1138 1138 1141 0 0 0 0 1173 1169 1169 1169
    1169 1165 1165 1161 1161 1161 1161 1157 1153 1153 1153 1153 1149
    1149 1149 1149 1145 1141 1138 1138 1138 1138 0 0 0 0 1173 1169 1169
    1169 1169 1165 1165 1161 1161 1161 1161 1161 1157 1153 1153 1153
    1153 1153 1149 1149 1145 1141 1141 1138 1138 1138 0 0 0 0 1173 1169
    1169 1169 1169 1169 1165 1165 1165 1161 1161 1161 1157 1153 1153
    1153 1153 1153 1149 1149 1149 1145 1141 1141 1141 1141 0 0 0 0 1177
    1169 1169 1169 1169 1169 1169 1165 1165 1165 1161 1161 1157 1157
    1153 1153 1153 1153 1149 1149 1149 1149 1141 1141 1141 1141 0 0 0 0
    1177 1173 1169 1169 1169 1169 1169 1165 1165 1165 1161 1161 1157
    1157 1153 1153 1153 1153 1149 1149 1149 1149 1145 1145 1145 1145 0 0
    0 0 1177 1173 1173 1169 1169 1169 1165 1165 1165 1165 1161 1161 1161
    1157 1153 1153 1153 1153 1149 1149 1149 1149 1149 1149 1145 1145 0 0
    0 0 1177 1173 1173 1169 1169 1169 1165 1165 1165 1161 1161 1161 1161
    1157 1153 1153 1153 1153 1149 1149 1149 1149 1149 1149 1149 1149
    1153 0 0 0 1177 1173 1173 1169 1169 1169 1165 1165 1165 1161 1161
    1161 1157 1157 1153 1153 1153 1153 1149 1149 1149 1149 1149 1149
    1149 1149 1153 0 0 0 1177 1173 1173 1169 1169 1169 1169 1165 1165
    1161 1161 1161 1157 1157 1157 1153 1153 1153 1153 1153 1153 1149
    1149 1149 1149 1149 0 0 0 0 1177 1173 1173 1169 1169 1169 1169 1165
    1165 1165 1161 1161 1161 1157 1157 1157 1157 1153 1153 1153 1153
    1149 1149 1145 1145 1149 0 0 0 0 1181 1173 1173 1173 1169 1169 1169
    1165 1165 1165 1165 1161 1161 1157 1157 1157 1157 1153 1153 1153
    1153 1149 1149 1145 1138 1138 0 0 0 0 1181 1177 1173 1173 1169 1169
    1169 1165 1165 1165 1165 1165 1161 1161 1157 1157 1157 1153 1153
    1153 1153 1149 1149 1145 1138 1138 0 0 0 0 1177 1173 1173 1173 1169
    1169 1169 1165 1165 1165 1165 1165 1165 1161 1161 1157 1157 1153
    1153 1153 1153 1149 1149 1149 1149 1149 0 0 0 0 1177 1173 1173 1173
    1173 1173 1169 1169 1169 1165 1165 1165 1161 1161 1161 1157 1157
    1153 1153 1153 1153 1153 1149 1149 1149 1149 0 0 0 0 1177 1177 1177
    1177 1177 1173 1169 1169 1169 1165 1165 1161 1161 1161 1161 1161
    1157 1157 1153 1153 1153 1153 1149 1149 1149 1153 0 0 0 0 1181 1177
    1177 1177 1177 1177 1173 1169 1169 1165 1165 1161 1161 1161 1161
    1161 1161 1157 1153 1153 1153 1153 1149 1149 1149 1153 0 0 0 0 1181
