<?xml version="1.0"?>
<opencv_storage>
<Depth14051 type_id="opencv-matrix">
  <rows>53</rows>
  <cols>49</cols>
  <dt>w</dt>
  <data>
    4463 4463 4463 4405 4405 4405 4463 4463 4463 4463 4405 4405 4405
    4405 4405 4405 4405 4405 4349 4349 4405 2016 2016 2028 2028 2028
    2040 2040 2040 4522 4522 4522 4522 4463 4463 4463 4463 4463 4463
    4463 4463 4463 4463 4463 4463 4463 4463 4463 4463 4463 4463 4463
    4405 4405 4463 4463 4463 4463 4405 4405 4405 4405 4405 4405 4405
    4405 4405 4349 4349 2016 2016 2016 2016 2028 2028 2040 2040 2040
    2040 4463 4463 4463 4463 4463 4463 4463 4463 4463 4463 4463 4463
    4463 4463 4463 4463 4463 4463 4522 4405 4405 4405 4463 4463 4463
    4463 4463 4463 4405 4405 4405 4405 4405 4405 4405 4349 4349 4405
    2016 2016 2016 2016 2016 2028 2028 2040 2040 2040 2028 2028 4463
    4463 4463 4463 4463 4463 4463 4463 4463 4463 4463 4463 4463 4463
    4463 4463 4463 4522 4405 4405 4405 4405 4405 4463 4463 4463 4463
    4405 4405 4405 4405 4405 4405 4405 4349 2005 2005 2005 2005 2005
    2016 2028 2028 2028 2040 2040 2040 2028 2028 2028 4463 4463 4463
    4463 4463 4463 4463 4463 4463 4463 4463 4463 4463 4463 4463 4463
    4463 4405 4405 4405 4405 4405 4463 4463 4463 4463 4405 4405 4405
    4405 4405 1981 1981 2005 2005 2005 2005 2005 2005 2016 2016 2016
    2028 2040 2040 2040 2028 2016 2016 4522 4522 4522 4463 4463 4463
    4463 4463 4463 4463 4463 4463 4463 4463 4463 4463 4463 4405 4405
    4405 4405 4405 4463 4463 4463 4405 4405 4405 4405 4405 4405 1981
    1981 2005 2005 2005 2005 2005 2016 2016 2016 2016 2028 2040 2040
    2040 2028 2016 2016 2016 4522 4522 4522 4463 4463 4463 4463 4463
    4463 4463 4463 4463 4463 4463 4463 4463 4405 4405 4405 4405 4405
    4405 4463 4405 4405 4405 4405 2016 2016 2016 1981 1981 1993 1993
    1993 1993 1993 2005 2016 2016 2016 2028 2040 2040 2040 2040 2028
    2028 2053 4582 4522 4522 4463 4463 4522 4522 4463 4463 4463 4463
    4463 4463 4463 4463 4463 4463 4463 4405 4405 4405 4405 4405 4405
    4405 1981 1981 1993 1993 1993 1981 1981 1993 1993 1993 1993 1993
    2005 2016 2016 2016 2016 2040 2040 2040 2040 2040 2040 2040 2053
    4522 4405 4405 4522 4522 4522 4522 4463 4463 4463 4463 4463 4463
    4463 4463 4463 4463 4463 4405 4405 4405 4405 4405 1981 1981 1981
    1981 1981 1981 1993 1993 1993 1993 1993 1993 2005 2005 2016 2016
    2016 2016 2028 2028 2028 2040 2040 2040 2040 2040 2053 4405 4405
    4463 4522 4522 4522 4463 4463 4463 4463 4463 4522 4463 4463 4463
    4463 4463 4405 4405 4405 4405 1981 1981 1981 1981 1981 1981 1981
    1981 1993 1993 1993 1993 1993 1993 2005 2016 2016 2016 2016 2028
    2028 2028 2040 2040 2040 2040 2040 2053 2053 4463 4463 4463 4522
    4522 4463 4463 4463 4463 4463 4463 4463 4463 4463 4463 4405 4405
    4405 4405 4405 1981 1981 1981 1981 1981 1981 1981 1981 1993 1993
    1993 1993 1993 1993 2005 2016 2016 2016 2016 2028 2028 2040 2040
    2040 2040 2040 2040 2053 2053 4405 4405 4463 4522 4522 4463 4463
    4463 4463 4463 4463 4463 4463 4405 4405 4405 4405 4405 4405 1970
    1970 1970 1970 1970 1970 1981 1981 1981 1981 1981 1981 1981 1993
    1993 2005 2016 2016 2016 2016 2028 2028 2040 2040 2040 2040 2040
    2053 2053 2053 4405 4405 4463 4522 4463 4463 4463 4463 4463 4463
    4463 4463 4463 4405 4405 4405 4405 4405 1959 1959 1970 1970 1970
    1970 1970 1981 1981 1981 1981 1981 1981 1981 1993 1993 2005 2005
    2005 2005 2016 2028 2028 2040 2040 2040 2040 2040 2053 2053 2053
    4405 4405 4463 4522 4463 4463 4463 4463 4463 4463 4463 4463 4463
    4405 4405 1981 1970 1970 1959 1959 1970 1970 1970 1970 1970 1981
    1981 1981 1981 1981 1981 1981 1993 1993 2005 2005 2005 2005 2005
    2028 2028 2028 2028 2040 2040 2040 2053 2040 2040 2040 4463 4463
    4522 4463 4463 4463 4463 4463 4463 4463 4463 4463 2028 2016 1981
    1970 1970 1970 1970 1970 1970 1970 1970 1970 1970 1981 1981 1981
    1981 1981 1981 1981 1993 2005 2005 2005 2005 2005 2028 2028 2028
    2028 2028 2040 2040 2040 2040 2040 2040 4522 4522 4522 4463 4463
    4463 4463 4463 4463 4463 4463 4463 2028 2016 1993 1981 1970 1970
    1970 1970 1970 1970 1970 1970 1970 1970 1981 1981 1981 1981 1981
    1981 1993 1993 1993 1993 1993 2005 2016 2028 2028 2028 2028 2040
    2040 2040 2040 2040 2040 2040 4582 4522 4522 4463 4463 4463 4463
    4463 4463 4463 4463 2028 2016 2005 1993 1981 1981 1970 1970 1970
    1959 1959 1970 1970 1970 1981 1981 1981 1981 1981 1981 1981 1993
    1993 1993 1993 1993 2005 2016 2028 2028 2028 2040 2040 2040 2040
    2040 2040 2040 4582 4522 4522 4522 4463 4463 4463 4463 4463 4463
    4463 2028 2028 2016 2005 1981 1981 1970 1970 1970 1959 1959 1970
    1970 1970 1970 1970 1970 1970 1981 1981 1981 1981 1981 1981 1981
    1993 2005 2016 2028 2028 2028 2028 2028 2040 2040 2040 2040 2040
    2040 4582 4522 4463 4463 4463 4463 4463 4463 4463 4463 2040 2028
    2016 2005 1993 1993 1981 1970 1970 1970 1970 1970 1970 1970 1970
    1970 1970 1970 1970 1981 1981 1981 1981 1981 1981 1993 2005 2016
    2028 2028 2028 2028 2028 2028 2028 2040 2040 2040 2040 4582 4522
    4463 4463 4463 4463 4463 4463 4463 4463 2040 2028 2028 2016 2005
    1993 1981 1981 1970 1970 1970 1970 1970 1970 1970 1970 1970 1970
    1970 1981 1981 1981 1981 1981 1981 1993 2005 2016 2016 2016 2028
    2028 2028 2028 2028 2040 2040 2040 2040 2040 4522 4463 4463 4463
    4463 4463 4463 4463 4463 2053 2028 2028 2016 2016 2005 1993 1981
    1981 1970 1970 1970 1970 1970 1970 1970 1970 1970 1981 1981 1981
    1981 1981 1981 1993 1993 2016 2016 2016 2016 2016 2028 2028 2028
    2028 2040 2040 2040 2040 2040 2040 4463 4463 4463 4463 4463 4463
    4463 4463 4405 2028 2028 2016 2016 2005 1993 1993 1981 1970 1970
    1970 1970 1970 1970 1970 1970 1970 1970 1981 1981 1981 1981 1981
    1993 1993 2016 2016 2016 2016 2016 2028 2028 2028 2028 2040 2040
    2040 2040 2040 2040 2040 4463 4463 4463 4463 4463 4522 4463 4463
    4463 2028 2028 2016 2016 2005 1993 1981 1981 1970 1970 1970 1970
    1970 1970 1970 1970 1970 1981 1981 1981 1981 1981 1993 1993 2016
    2016 2016 2016 2016 2028 2028 2028 2028 2040 2040 2040 2040 2040
    2040 2040 2040 4522 4522 4522 4522 4522 4522 4405 4463 2040 2028
    2016 2016 2016 2005 1993 1981 1970 1970 1970 1970 1970 1970 1970
    1970 1981 1981 1981 1981 1981 1981 1981 1993 2005 2016 2016 2016
    2016 2028 2028 2028 2028 2040 2040 2040 2040 2040 2040 2040 2040
    4522 4522 4522 4522 4522 4522 4405 4463 2065 2053 2028 2028 2016
    2016 2005 1981 1981 1970 1970 1970 1970 1970 1970 1970 1970 1981
    1981 1981 1981 1981 1981 1981 2005 2016 2016 2016 2016 2016 2016
    2016 2028 2028 2028 2040 2040 2040 2040 2040 2040 2040 4522 4522
    4463 4463 4522 4405 4405 4405 2065 2040 2040 2016 2016 2005 1981
    1970 1970 1959 1959 1959 1970 1970 1970 1970 1970 1981 1981 1981
    1981 1981 1981 1993 2005 2016 2016 2016 2016 2016 2016 2028 2028
    2028 2028 2028 2040 2040 2040 2053 2053 2053 4522 4463 4463 4463
    4405 4405 4405 2065 2040 2040 2028 2028 2016 1993 1970 1970 1959
    1959 1959 1959 1970 1970 1970 1970 1981 1981 1981 1981 1981 1981
    1993 2005 2016 2016 2016 2016 2016 2016 2028 2028 2028 2028 2028
    2040 2040 2040 2053 2053 2040 2040 4463 4463 4463 4405 4405 4405
    4405 2040 2040 2028 2028 2016 2005 1981 1970 1970 1959 1959 1959
    1959 1970 1970 1970 1970 1970 1981 1981 1981 1981 1993 2005 2005
    2005 2016 2016 2016 2016 2028 2028 2028 2028 2040 2040 2040 2040
    2040 2040 2040 2040 2040 4522 4463 4405 4405 4405 4405 4405 2040
    2028 2028 2016 2005 2005 1981 1970 1959 1959 1959 1959 1970 1970
    1970 1970 1970 1970 1981 1981 1981 1993 1993 2005 2005 2016 2016
    2016 2016 2028 2028 2028 2040 2040 2040 2040 2040 2040 2040 2040
    2040 2040 4522 4522 4405 4405 4405 4405 4405 2053 2040 2028 2028
    2016 2005 1993 1970 1970 1959 1959 1959 1959 1970 1970 1970 1970
    1970 1970 1981 1981 1993 1993 2005 2005 2016 2016 2016 2028 2028
    2028 2028 2040 2040 2040 2040 2040 2040 2040 2040 2040 2040 4522
    4522 4405 4405 4405 4405 4405 4463 2040 2040 2028 2016 2016 2005
