<?xml version="1.0"?>
<opencv_storage>
<Depth8444 type_id="opencv-matrix">
  <rows>5</rows>
  <cols>20</cols>
  <dt>w</dt>
  <data>
    5734 5640 5640 5640 5640 5734 5548 5460 5460 5548 5548 5548 5548
    5548 5548 5548 5640 5734 5734 5832 5548 5460 5460 5548 5640 5734
    5640 5640 5640 5640 5640 5640 5548 5548 5548 5548 5640 5734 5734
    5832 5548 5460 5460 5548 5734 5734 5734 5640 5640 5734 5734 5640
    5548 5548 5548 5548 5640 5640 5640 5640 5640 5548 5548 5548 5832
    5734 5734 5734 5734 5734 5734 5734 5640 5640 5640 5640 5640 5640
    5640 5640 0 0 0 0 0 5832 5832 5832 5832 5832 5832 5832 5832 5734
    5734 5734 5734 5832 5832 5832</data></Depth8444>
</opencv_storage>
