<?xml version="1.0"?>
<opencv_storage>
<Depth8894 type_id="opencv-matrix">
  <rows>78</rows>
  <cols>52</cols>
  <dt>w</dt>
  <data>
    5832 5832 5832 5832 1496 1496 1496 1496 1489 1483 1483 1483 1483
    1483 1483 5640 5548 5460 5460 5374 5374 5460 5460 5460 5460 5460
    5548 5548 5460 5374 5374 5374 5291 5291 5210 5210 5210 5210 5210
    5210 5210 5210 5210 5132 5132 5132 5132 5132 5132 5056 4983 4911
    5832 5832 5832 1489 1489 1489 1489 1489 1489 1483 1483 1483 1477
    1470 1470 1464 1464 1464 1458 1458 1452 1452 1445 1445 1445 1445
    1445 5548 5548 5374 5374 5291 5291 5291 5210 5210 5210 5210 5210
    5210 5210 5210 5210 5132 5056 5056 5132 1477 1477 5132 5132 4911
    5933 5933 1489 1489 1489 1489 1489 1483 1483 1477 1477 1477 1470
    1464 1464 1464 1464 1464 1458 1458 1452 1452 1445 1445 1445 1445
    1445 1439 1439 1439 1439 1439 1439 5210 5210 5210 5210 5210 5210
    5210 5210 5210 5210 5132 5056 5056 1483 1477 1477 1477 1483 1483
    5933 5933 1489 1489 1489 1489 1483 1483 1483 1477 1470 1470 1470
    1464 1464 1458 1458 1458 1464 1464 1458 1452 1445 1445 1445 1439
    1439 1439 1439 1439 1439 1433 1421 1421 1421 1421 1421 1415 1415
    1421 1421 1404 1404 5132 5132 5132 1470 1470 1470 1470 1470 1470
    5933 5933 1489 1489 1489 1489 1483 1483 1477 1477 1470 1470 1470
    1464 1464 1458 1458 1458 1464 1464 1458 1458 1452 1445 1445 1439
    1439 1439 1439 1439 1439 1433 1421 1421 1421 1421 1421 1415 1415
    1410 1410 1404 1404 1415 1415 1415 1427 1458 1458 1464 1470 1470
    5933 5933 1496 1489 1489 1489 1483 1483 1477 1477 1470 1470 1470
    1464 1464 1458 1458 1458 1464 1464 1458 1458 1452 1445 1445 1445
    1439 1439 1439 1433 1433 1433 1427 1421 1421 1415 1415 1415 1415
    1410 1404 1404 1404 1404 1404 1404 1410 1433 1433 1445 1458 1470
    5933 5933 1496 1489 1489 1489 1483 1483 1477 1477 1470 1470 1470
    1464 1464 1458 1458 1458 1464 1458 1458 1458 1452 1445 1445 1439
    1439 1439 1433 1433 1427 1427 1421 1421 1421 1415 1415 1415 1415
    1410 1404 1398 1398 1398 1398 1398 1404 1421 1421 1445 1458 1458
    5933 5933 1496 1489 1489 1489 1483 1483 1483 1477 1470 1470 1470
    1464 1464 1458 1458 1458 1458 1458 1458 1452 1452 1445 1445 1439
    1439 1439 1433 1433 1427 1427 1421 1421 1415 1415 1415 1415 1415
    1410 1404 1398 1398 1398 1398 1398 1404 1421 1421 1445 1458 1458
    5933 5933 1496 1496 1489 1489 1483 1483 1483 1483 1477 1470 1470
    1464 1464 1464 1458 1458 1458 1458 1452 1452 1445 1445 1445 1439
    1439 1439 1439 1433 1433 1427 1421 1421 1415 1415 1415 1415 1415
    1410 1404 1398 1398 1398 1398 1398 1404 1427 1427 1452 1458 1458
    5933 5933 1489 1489 1489 1489 1483 1483 1483 1483 1477 1470 1470
    1464 1458 1458 1458 1458 1458 1458 1452 1452 1445 1445 1445 1439
    1439 1439 1433 1433 1433 1421 1421 1421 1415 1415 1415 1415 1415
    1410 1404 1404 1398 1398 1398 1398 1404 1427 1427 1445 1452 1452
    6038 6146 1483 1483 1483 1489 1483 1483 1483 1477 1477 1470 1464
    1464 1458 1458 1458 1458 1458 1452 1452 1452 1445 1445 1445 1439
    1439 1433 1433 1433 1427 1421 1421 1421 1415 1415 1415 1415 1415
    1410 1410 1404 1398 1398 1398 1398 1410 1427 1427 1445 1452 1452
    6146 6146 1483 1483 1483 1489 1483 1483 1483 1477 1470 1470 1464
    1464 1458 1458 1458 1458 1458 1452 1452 1452 1445 1445 1445 1439
    1439 1433 1433 1433 1427 1421 1421 1421 1415 1415 1415 1415 1415
    1410 1410 1404 1398 1398 1398 1404 1415 1421 1433 1445 1452 1452
    6146 6146 1489 1489 1489 1489 1483 1483 1477 1477 1470 1464 1464
    1464 1458 1458 1458 1458 1464 1452 1452 1445 1445 1445 1445 1439
    1439 1427 1427 1427 1427 1421 1421 1421 1421 1415 1415 1415 1415
    1410 1410 1404 1398 1398 1398 1404 1421 1421 1439 1445 1452 1452
    5933 5933 1489 1489 1489 1489 1483 1483 1477 1477 1470 1464 1464
    1464 1458 1458 1458 1458 1458 1452 1452 1445 1445 1445 1445 1439
    1439 1427 1427 1427 1427 1421 1421 1421 1421 1415 1415 1415 1410
    1410 1404 1404 1398 1398 1398 1410 1421 1421 1439 1445 1445 1445
    5933 5933 1496 1489 1489 1489 1483 1477 1477 1470 1470 1464 1464
    1464 1458 1458 1458 1458 1458 1452 1452 1445 1445 1445 1445 1439
    1439 1433 1427 1427 1427 1421 1421 1421 1421 1415 1415 1415 1410
    1410 1404 1398 1398 1398 1398 1404 1421 1421 1439 1445 1445 0 5832
    1496 1496 1489 1489 1489 1483 1477 1477 1470 1470 1470 1464 1464
    1458 1458 1458 1458 1458 1458 1452 1445 1445 1445 1439 1439 1439
    1433 1433 1427 1427 1421 1421 1415 1415 1415 1415 1415 1410 1404
    1404 1398 1398 1398 1398 1404 1415 1421 1433 1445 1445 0 5933 1496
    1496 1489 1489 1483 1483 1477 1477 1470 1470 1464 1464 1458 1458
    1458 1458 1458 1458 1458 1452 1445 1445 1445 1439 1439 1439 1433
    1433 1427 1421 1421 1421 1415 1415 1415 1415 1415 1404 1404 1404
    1398 1398 1398 1398 1404 1415 1433 1433 1445 1445 0 5933 5933 1489
    1489 1489 1483 1483 1477 1477 1470 1464 1464 1458 1458 1458 1458
    1452 1452 1458 1458 1458 1445 1445 1445 1439 1439 1439 1433 1433
    1427 1421 1421 1415 1415 1415 1415 1415 1415 1404 1404 1398 1398
    1398 1398 1398 1404 1415 1433 1433 1458 0 0 5933 0 1483 1483 1483
    1483 1483 1477 1477 1470 1464 1464 1458 1458 1458 1458 1452 1452
    1452 1452 1452 1445 1445 1445 1439 1439 1439 1433 1433 1427 1421
    1421 1415 1415 1415 1415 1415 1415 1404 1404 1398 1398 1398 1398
    1398 1404 1415 1421 1433 1452 0 0 5933 0 1483 1483 1483 1483 1477
    1477 1470 1470 1464 1464 1458 1458 1458 1458 1452 1452 1452 1452
    1452 1445 1445 1445 1439 1439 1433 1433 1433 1421 1421 1421 1415
    1415 1415 1415 1415 1415 1404 1404 1398 1398 1398 1398 1398 1404
    1421 1421 1433 1452 1452 0 5933 1489 1483 1483 1483 1483 1477 1477
    1470 1464 1464 1464 1458 1458 1458 1458 1452 1452 1452 1445 1445
    1445 1445 1445 1439 1433 1433 1427 1427 1421 1421 1421 1415 1415
    1415 1415 1415 1415 1410 1404 1398 1398 1398 1398 1398 1404 1421
    1421 1433 1452 1452 0 5933 1489 1489 1483 1483 1483 1477 1470 1470
    1464 1464 1464 1458 1458 1458 1452 1452 1452 1452 1445 1445 1445
    1445 1445 1439 1433 1427 1427 1421 1421 1421 1415 1415 1415 1410
    1410 1410 1410 1415 1410 1404 1398 1398 1398 1404 1404 1421 1421
    1433 1452 1452 0 5933 1483 1483 1483 1483 1483 1477 1470 1470 1464
    1464 1464 1458 1458 1458 1452 1452 1452 1445 1445 1445 1445 1445
    1439 1439 1433 1427 1427 1421 1421 1421 1415 1415 1415 1410 1410
    1410 1410 1410 1410 1404 1404 1398 1398 1398 1404 1421 1421 1439
    1452 1452 1458 5933 1483 1483 1483 1483 1483 1477 1470 1464 1464
    1464 1464 1458 1458 1458 1452 1452 1452 1445 1445 1445 1445 1439
    1439 1439 1433 1427 1427 1421 1421 1421 1421 1415 1415 1410 1410
    1404 1404 1410 1410 1410 1398 1398 1398 1398 1404 1421 1421 1452
    1452 1458 1458 0 1483 1483 1483 1483 1483 1477 1470 1464 1464 1464
    1458 1458 1458 1458 1452 1445 1445 1445 1445 1445 1439 1439 1439
    1439 1433 1427 1427 1421 1421 1421 1421 1415 1415 1410 1410 1404
    1404 1404 1404 1404 1392 1392 1392 1398 1404 1421 1421 1445 1452
    1458 1458 5933 1483 1477 1477 1483 1477 1477 1470 1464 1464 1464
    1458 1458 1458 1458 1445 1445 1445 1445 1445 1445 1439 1439 1439
    1439 1433 1427 1427 1427 1421 1421 1421 1415 1415 1415 1410 1404
    1404 1398 1398 1398 1392 1392 1392 1398 1404 1421 1421 1445 1452
    1458 1458 5832 1477 1477 1477 1483 1477 1477 1470 1464 1464 1464
    1458 1458 1458 1458 1445 1445 1445 1445 1445 1445 1439 1439 1439
    1433 1427 1427 1427 1427 1421 1421 1421 1415 1415 1415 1410 1404
    1404 1398 1398 1398 1392 1392 1392 1398 1404 1421 1421 1452 1458
    1464 1464 0 1483 1483 1483 1483 1477 1477 1470 1464 1464 1464 1458
    1458 1452 1452 1445 1445 1445 1445 1445 1445 1445 1439 1439 1433
    1427 1427 1421 1421 1421 1421 1421 1415 1415 1415 1410 1404 1404
    1398 1398 1398 1392 1392 1392 1398 1404 1415 1421 1452 1458 1458
    1458 0 1483 1483 1477 1477 1477 1470 1470 1464 1464 1458 1458 1458
    1452 1452 1445 1445 1445 1445 1445 1445 1445 1439 1439 1433 1427
