<?xml version="1.0"?>
<opencv_storage>
<Depth3733 type_id="opencv-matrix">
  <rows>16</rows>
  <cols>28</cols>
  <dt>w</dt>
  <data>
    2560 2560 2560 2639 2639 2639 2639 2680 2680 2680 2701 2701 2883
    2883 2859 2859 2908 2908 0 0 1680 1680 1680 1688 1688 1696 1705 1705
    2579 2618 2618 2639 2639 2639 2659 2680 2680 2701 2701 2701 2883
    2883 2859 2859 2908 2908 2933 2933 2933 1696 1696 1696 1705 1713
    1722 1722 2579 2618 2639 2639 2639 2639 2680 2701 2701 2701 2701
    2812 2812 2812 2835 2835 2908 2908 2933 2933 2933 2958 2958 1731
    1731 1722 1722 1731 2598 2618 2618 2618 2639 2639 2701 2701 2701
    2723 2723 2812 2812 2812 2835 2835 2859 2908 2908 2908 2908 2933
    2958 2933 2933 3010 3010 3037 2598 2639 2618 2618 2639 2639 2701
    2701 2701 2701 2701 2789 2812 2812 2835 2835 2859 2883 2908 2908
    2908 2933 2933 2933 2933 3010 3037 3037 2560 2598 2618 2618 2639
    2639 2701 2701 2701 2701 2701 2767 2789 2789 2812 2812 2835 2859
    2883 2883 2908 2908 2908 2984 2984 3010 3037 3064 2560 2579 2618
    2618 2639 2659 2659 2680 2701 2701 2701 2744 2789 2789 2812 2812
    2835 2859 2883 2883 2908 2908 2908 2984 2984 3010 3037 3064 2541
    2560 2598 2618 2618 2639 2639 2659 2680 2680 2680 2701 2789 2789
    2812 2812 2859 2883 2883 2883 2908 2908 2908 2958 2984 3010 3037
    3037 2541 2541 2579 2598 2618 2639 2639 2659 2680 2680 2680 2701
    2789 2789 2812 2812 2883 2883 2883 2883 2908 2908 2933 2958 2984
    3010 3037 3037 2541 2541 2560 2560 2598 2639 2639 2659 2680 2680
    2680 2701 2744 2789 2812 2835 2883 2883 2883 2908 2908 2908 2958
    2958 2958 3010 3010 3010 2541 2541 2560 2560 2598 2639 2639 2659
    2680 2680 2680 2701 2723 2789 2812 2835 2883 2883 2883 2908 2908
    2908 2958 2958 2958 2958 1439 1439 0 2618 2618 2618 2680 2701 2701
    2723 2701 2701 2701 2701 2701 2701 2883 2883 2883 2883 2883 2908
    2908 2908 2958 2958 2958 2958 1439 1439 0 0 2639 2639 2680 2723 2723
    2723 2723 2723 2723 2701 2701 2701 2812 2812 2812 2812 2835 2883
    2883 2908 2933 2984 2984 2984 1439 1439 3653 3653 2659 2659 2659
    2659 2767 2767 2767 2767 2723 2723 2723 2835 2812 2812 2812 2812
    2835 2883 2883 2908 2933 2984 2984 2984 1445 1445 3653 3653 3692
    3692 3692 3816 2789 2789 2789 2812 2812 2812 2812 2835 2835 2835
    2835 2835 2835 2883 2883 2908 2908 2984 2984 1458 1452 1452 3653
    3692 3692 3692 3774 3816 3859 3859 2812 2812 2812 2835 2835 2835
    2859 2835 2835 2835 2835 2908 2908 2908 2908 2908 2908 1458 1458
    1452</data></Depth3733>
</opencv_storage>
