<?xml version="1.0"?>
<opencv_storage>
<Depth14098 type_id="opencv-matrix">
  <rows>21</rows>
  <cols>27</cols>
  <dt>w</dt>
  <data>
    6375 6375 6375 6375 2812 2812 2789 2767 2744 2744 2744 2767 6497
    6497 6497 6497 6497 6497 6497 6497 6622 6622 6622 6622 6622 6753
    6753 6375 6375 6375 6375 2812 2812 2812 2767 2744 2744 2744 2744
    2744 2701 2680 2659 2659 6497 6622 6622 6622 6622 6622 6622 6622
    6753 6753 6375 6375 6375 6375 2812 2789 2789 2767 2744 2744 2744
    2744 2723 2701 2659 2659 2639 2639 2639 2639 6622 6753 6753 6753
    6753 6753 6753 6259 6259 6375 2812 2789 2789 2767 2744 2744 2744
    2744 2723 2701 2680 2659 2659 2639 2639 2639 2639 2639 6753 6753
    2639 2639 6753 6753 6259 6259 6259 2812 2789 2789 2744 2744 2744
    2723 2723 2723 2680 2659 2659 2639 2639 2639 2639 2639 2639 2659
    2659 2639 2639 2659 2701 6259 6146 2812 2789 2789 2767 2744 2744
    2723 2723 2723 2701 2680 2659 2639 2639 2639 2639 2639 2639 2639
    2639 2639 2659 2659 2659 2680 6259 6146 2812 2789 2789 2767 2744
    2723 2723 2723 2701 2680 2659 2659 2639 2639 2639 2639 2639 2639
    2639 2639 2639 2639 2659 2659 2659 6259 6259 2812 2789 2789 2767
    2744 2723 2723 2723 2701 2680 2659 2659 2639 2639 2639 2639 2639
    2639 2639 2639 2639 2639 2659 2659 2659 6259 6259 2812 2767 2767
    2744 2744 2723 2723 2701 2680 2659 2659 2659 2639 2639 2639 2639
    2639 2639 2639 2639 2639 2639 2639 2659 2659 6259 6259 2744 2744
    2744 2723 2723 2723 2701 2701 2680 2659 2659 2639 2639 2639 2639
    2639 2639 2639 2639 2639 2639 2639 2639 2639 2680 6259 2744 2744
    2744 2744 2723 2723 2701 2680 2659 2659 2659 2639 2639 2618 2618
    2618 2618 2639 2639 2639 2639 2639 2639 2639 2639 2639 6259 2744
    2744 2744 2744 2723 2723 2701 2680 2659 2659 2639 2639 2618 2618
    2598 2598 2598 2618 2639 2639 2639 2639 2639 2639 2659 2659 2723
    2723 2744 2744 2723 2723 2701 2701 2659 2659 2639 2639 2639 2618
    2618 2598 2598 2598 2598 2618 2639 2639 2639 2639 2639 2659 6497
    2723 2723 2744 2744 2723 2701 2701 2701 2659 2659 2639 2639 2639
    2618 2618 2598 2598 2598 2598 2618 2639 2639 2639 2639 2639 2639
    6497 2744 2744 2744 2744 2723 2701 2701 2701 2659 2659 2639 2639
    2618 2598 2598 2598 2598 2598 2598 2598 2618 2639 2639 2639 2639
    2639 6497 2744 2744 2744 2723 2701 2680 2680 2680 2659 2659 2639
    2639 2598 2598 2579 2579 2598 2598 2598 2598 2618 2618 2639 2639
    2639 2639 6622 2744 2744 2744 2723 2701 2680 2659 2659 2659 2659
    2639 2618 2598 2579 2579 2579 2579 2598 2618 2618 2618 2618 2639
    2639 2639 6753 6622 2744 2723 2723 2723 2680 2659 2659 2659 2659
    2639 2639 2618 2579 2579 2579 2579 2579 2598 2618 2618 2618 2618
    2639 2639 2639 6753 6622 2744 2723 2723 2701 2659 2659 2659 2659
    2639 2639 2618 2618 2579 2579 2579 2579 2579 2598 2618 2639 2639
    2639 2639 2639 6622 6622 6622 2744 2723 2723 2680 2659 2659 2659
    2639 2639 2618 2618 2598 2579 2579 2579 2579 2579 2598 2618 2618
    2618 2639 2639 2639 6497 6497 6622 2744 2723 2680 2680 2659 2659
    2659 2639 2618 2618 2598 2579 2579 2579 2579 2579 2579 2598 2618
    2618 2618 2639 2639 2639 6375 6375 6497</data></Depth14098>
</opencv_storage>
