<?xml version="1.0"?>
<opencv_storage>
<Depth8727 type_id="opencv-matrix">
  <rows>87</rows>
  <cols>49</cols>
  <dt>w</dt>
  <data>
    3208 3208 3208 1509 1509 1509 1503 1489 1489 1489 1483 1483 1483
    1483 1483 1477 1477 1477 1458 1452 1445 1445 3149 3149 3149 3149
    3149 3149 3149 3149 3149 3178 3178 3178 3178 3178 3238 3238 3238
    3238 3208 3208 3238 4089 4089 4139 4139 3994 3994 3208 3238 1509
    1509 1509 1509 1503 1489 1489 1483 1483 1483 1483 1483 1464 1464
    1464 1464 1458 1452 1445 1445 1445 1445 1445 1415 1415 1421 1421
    1415 3208 3208 3178 3178 3178 3178 1392 1392 1458 1458 1458 1458
    4089 4089 4089 1439 1439 1439 3994 1529 1529 1509 1509 1509 1503
    1496 1489 1489 1483 1483 1483 1483 1464 1458 1458 1458 1452 1445
    1445 1445 1439 1439 1415 1415 1415 1415 1421 1421 1415 1410 1404
    1398 1398 1398 1392 1392 1392 1464 1458 1433 1421 1421 1421 1427
    1439 1439 1439 1439 1529 1529 1509 1509 1509 1503 1496 1483 1483
    1477 1477 1470 1464 1464 1458 1458 1452 1445 1439 1439 1439 1433
    1433 1415 1415 1415 1415 1415 1415 1415 1404 1404 1398 1392 1392
    1392 1387 1376 1376 1458 1427 1415 1415 1415 1427 1439 1439 1439
    1439 1523 1523 1523 1516 1516 1509 1489 1483 1483 1477 1470 1470
    1464 1464 1458 1452 1452 1445 1439 1439 1439 1433 1421 1421 1421
    1415 1415 1410 1410 1410 1404 1398 1392 1392 1392 1387 1387 1376
    1376 1381 1392 1404 1410 1415 1421 1433 1439 1445 1445 1509 1509
    1509 1509 1516 1509 1489 1489 1483 1483 1470 1470 1464 1464 1458
    1452 1452 1445 1439 1439 1439 1433 1421 1421 1421 1415 1415 1410
    1410 1404 1398 1398 1392 1387 1387 1387 1387 1376 1376 1381 1387
    1404 1410 1415 1421 1433 1439 1439 1439 1509 1509 1509 1509 1509
    1509 1503 1489 1483 1483 1477 1470 1464 1464 1458 1458 1452 1445
    1445 1439 1439 1433 1421 1421 1421 1415 1415 1410 1410 1404 1398
    1398 1392 1387 1387 1387 1387 1381 1381 1381 1387 1404 1410 1415
    1421 1433 1439 1439 1439 1509 1509 1509 1516 1509 1509 1503 1489
    1483 1483 1477 1470 1464 1464 1458 1458 1452 1452 1445 1439 1439
    1433 1421 1421 1421 1421 1415 1415 1410 1404 1398 1392 1392 1387
    1387 1381 1381 1376 1376 1381 1392 1410 1410 1415 1421 1433 1439
    1445 1445 1516 1516 1516 1516 1509 1509 1503 1489 1483 1483 1477
    1470 1470 1464 1464 1458 1452 1452 1445 1439 1433 1433 1421 1421
    1421 1421 1415 1415 1415 1404 1398 1392 1392 1387 1381 1381 1381
    1376 1376 1381 1398 1404 1410 1415 1421 1433 1439 1445 1445 1516
    1516 1516 1516 1509 1509 1503 1489 1483 1477 1477 1470 1470 1464
    1464 1458 1452 1452 1445 1439 1433 1427 1421 1421 1421 1421 1415
    1415 1415 1404 1398 1398 1392 1392 1381 1381 1381 1381 1381 1392
    1398 1404 1410 1415 1427 1433 1439 1445 1445 1523 1523 1523 1523
    1516 1509 1503 1489 1483 1477 1477 1477 1470 1470 1464 1458 1452
    1452 1445 1439 1433 1427 1421 1421 1421 1421 1415 1415 1410 1404
    1398 1398 1392 1392 1381 1376 1376 1381 1381 1392 1404 1404 1410
    1421 1427 1433 1439 1445 1445 1523 1523 1523 1523 1516 1509 1503
    1489 1489 1483 1483 1477 1470 1470 1464 1458 1458 1452 1445 1439
    1433 1427 1421 1421 1421 1421 1415 1415 1410 1404 1398 1398 1392
    1387 1381 1376 1376 1381 1387 1392 1398 1410 1410 1421 1427 1433
    1439 1445 1445 1516 1516 1516 1516 1516 1509 1503 1489 1489 1483
    1483 1477 1470 1464 1464 1458 1458 1452 1445 1439 1433 1427 1421
    1421 1421 1421 1415 1415 1410 1404 1398 1392 1392 1387 1381 1376
    1376 1381 1381 1392 1398 1404 1410 1421 1433 1433 1439 1439 4139
    1516 1516 1516 1516 1509 1503 1503 1489 1489 1483 1483 1477 1470
    1464 1464 1458 1458 1452 1445 1439 1433 1427 1427 1421 1421 1421
    1415 1415 1410 1404 1398 1392 1392 1387 1381 1376 1376 1376 1381
    1392 1398 1404 1410 1421 1427 1433 1439 1445 1445 0 1516 1516 1516
    1509 1503 1503 1489 1489 1483 1483 1477 1470 1464 1458 1458 1452
    1445 1445 1439 1433 1427 1427 1421 1421 1415 1415 1415 1410 1410
    1398 1392 1392 1387 1381 1376 1376 1376 1381 1392 1398 1404 1415
    1421 1427 1427 1433 1439 1439 0 1516 1516 1516 1509 1509 1503 1489
    1489 1483 1483 1477 1470 1464 1458 1458 1452 1445 1439 1439 1433
    1427 1427 1421 1421 1415 1415 1415 1410 1410 1398 1398 1392 1387
    1381 1376 1376 1376 1381 1392 1398 1404 1415 1421 1427 1427 1433
    1439 1439 1529 1529 1523 1516 1509 1509 1503 1489 1489 1483 1483
    1477 1470 1464 1458 1458 1452 1445 1439 1439 1433 1433 1427 1421
    1421 1415 1415 1415 1410 1410 1404 1398 1392 1387 1381 1376 1376
    1376 1381 1392 1398 1404 1415 1421 1421 1427 1433 1433 1433 1529
    1529 1523 1516 1516 1509 1503 1489 1489 1483 1483 1477 1470 1464
    1458 1458 1452 1452 1445 1439 1433 1433 1421 1421 1421 1415 1415
    1415 1410 1404 1398 1398 1392 1387 1381 1376 1376 1376 1381 1392
    1398 1404 1415 1421 1421 1427 1433 1433 1433 1516 1516 1516 1516
    1509 1509 1503 1489 1489 1483 1483 1477 1470 1464 1464 1458 1458
    1452 1445 1439 1433 1433 1421 1421 1421 1415 1415 1415 1410 1404
    1398 1392 1392 1387 1381 1376 1376 1376 1387 1392 1398 1404 1415
    1421 1421 1427 1439 1439 1439 0 1516 1516 1516 1509 1509 1503 1489
    1489 1483 1483 1477 1470 1464 1464 1458 1458 1452 1445 1439 1433
    1433 1427 1427 1421 1421 1415 1415 1410 1404 1398 1392 1387 1381
    1381 1376 1376 1376 1387 1392 1398 1404 1415 1421 1421 1433 1439
    1439 1439 0 1516 1516 1516 1509 1509 1503 1489 1489 1483 1483 1477
    1470 1464 1464 1458 1452 1452 1445 1439 1433 1433 1427 1427 1421
    1421 1415 1415 1410 1404 1398 1392 1387 1381 1381 1376 1376 1376
    1381 1392 1398 1404 1415 1421 1421 1433 1439 1439 1439 0 1523 1523
    1516 1509 1509 1503 1489 1489 1483 1483 1477 1470 1464 1464 1458
    1452 1445 1445 1439 1433 1433 1427 1427 1427 1421 1415 1415 1410
    1404 1398 1392 1387 1381 1381 1376 1376 1376 1381 1392 1398 1404
    1415 1421 1427 1433 1439 1439 1439 0 1543 1523 1516 1516 1509 1496
    1489 1489 1483 1483 1477 1470 1464 1464 1458 1452 1445 1445 1439
    1433 1433 1427 1427 1421 1421 1415 1415 1410 1404 1398 1398 1387
    1381 1376 1376 1376 1376 1381 1392 1398 1410 1415 1421 1427 1433
    1439 1439 1439 0 1536 1523 1516 1509 1503 1496 1489 1483 1483 1483
    1477 1470 1464 1464 1458 1452 1452 1445 1439 1433 1433 1427 1427
    1421 1421 1415 1415 1410 1404 1398 1398 1387 1381 1376 1376 1376
    1376 1381 1392 1398 1410 1415 1421 1427 1433 1439 1439 1439 0 1536
    1523 1516 1509 1503 1489 1489 1483 1483 1483 1477 1470 1464 1464
    1458 1458 1452 1445 1433 1433 1433 1427 1427 1421 1421 1415 1415
    1410 1404 1398 1398 1387 1381 1376 1376 1376 1376 1381 1392 1398
    1410 1415 1421 1427 1433 1439 1445 1445 0 1523 1523 1516 1509 1503
    1489 1489 1489 1483 1483 1477 1470 1464 1464 1458 1458 1452 1445
    1433 1433 1433 1427 1427 1421 1421 1415 1415 1415 1404 1398 1392
    1387 1381 1376 1376 1376 1381 1381 1392 1398 1410 1410 1415 1427
    1433 1439 1445 1445 0 1523 1523 1516 1509 1503 1489 1489 1489 1483
    1483 1477 1470 1464 1464 1458 1458 1452 1439 1433 1433 1427 1427
    1427 1421 1421 1415 1415 1415 1404 1404 1392 1387 1381 1376 1376
    1376 1376 1381 1387 1398 1404 1410 1415 1421 1427 1439 1445 1445 0
    1516 1516 1516 1509 1503 1489 1489 1489 1483 1477 1477 1470 1464
    1464 1458 1458 1452 1439 1433 1433 1427 1421 1421 1421 1421 1415
    1415 1410 1404 1398 1392 1387 1387 1376 1376 1376 1376 1381 1387
    1398 1404 1410 1415 1421 1427 1439 1439 1439 0 1516 1516 1516 1509
    1496 1496 1489 1489 1483 1477 1470 1464 1464 1464 1458 1458 1452
    1439 1433 1433 1427 1421 1421 1421 1415 1415 1415 1404 1404 1398
    1392 1392 1387 1381 1376 1376 1376 1381 1392 1392 1404 1410 1415
    1427 1427 1439 1439 1439 0 0 1516 1516 1509 1496 1496 1489 1489 1483
    1477 1470 1464 1464 1464 1458 1452 1452 1439 1433 1433 1427 1421
    1421 1421 1415 1415 1415 1404 1404 1398 1392 1392 1387 1376 1376
    1376 1376 1381 1387 1392 1404 1410 1421 1427 1433 1439 1439 1439 0 0
    1516 1516 1509 1496 1489 1489 1489 1483 1477 1470 1464 1464 1464
