<?xml version="1.0"?>
<opencv_storage>
<Depth17680 type_id="opencv-matrix">
  <rows>38</rows>
  <cols>30</cols>
  <dt>w</dt>
  <data>
    3948 3994 2680 2680 2680 2680 2659 2659 2639 2639 2639 2639 2639
    2618 2618 4911 4842 2680 2680 4774 4774 4774 4842 4842 2598 2598
    2579 2579 2579 2579 3948 3994 2680 2680 2659 2659 2659 2659 2639
    2639 2639 2639 2618 2618 2598 2598 2598 2598 2598 2618 2618 2598
    2598 2579 2579 2579 2579 2560 2560 2560 3994 2680 2680 2659 2659
    2659 2659 2659 2659 2639 2618 2618 2598 2598 2598 2598 2598 2598
    2598 2579 2579 2579 2579 2579 2579 2560 2560 2541 2541 2541 4041
    2680 2680 2659 2659 2659 2659 2659 2659 2639 2618 2598 2598 2598
    2598 2598 2598 2598 2598 2579 2579 2579 2579 2579 2579 2560 2560
    2541 2541 2522 4139 2680 2680 2680 2659 2659 2659 2639 2639 2639
    2598 2598 2598 2598 2598 2598 2598 2598 2598 2579 2579 2579 2579
    2579 2579 2560 2560 2541 2541 2522 4139 2680 2680 2680 2659 2659
    2659 2639 2639 2639 2598 2598 2598 2598 2598 2598 2598 2598 2598
    2579 2579 2579 2579 2579 2579 2579 2560 2541 2541 2522 4139 4139
    2680 2680 2659 2659 2659 2639 2639 2639 2598 2598 2598 2598 2598
    2598 2598 2579 2579 2579 2579 2579 2579 2579 2579 2560 2560 2541
    2541 2541 4089 2680 2680 2680 2659 2659 2659 2639 2639 2639 2618
    2618 2598 2598 2598 2598 2598 2579 2579 2579 2579 2579 2579 2579
    2579 2560 2560 2541 2541 2541 4089 2680 2680 2680 2659 2659 2659
    2639 2639 2639 2639 2618 2618 2618 2598 2598 2598 2579 2579 2579
    2579 2579 2579 2579 2579 2560 2560 2560 2541 2522 4089 2680 2680
    2680 2659 2659 2659 2639 2639 2639 2639 2618 2618 2618 2598 2598
    2598 2598 2598 2579 2579 2579 2579 2579 2579 2560 2560 2560 2541
    2522 4089 2680 2680 2680 2659 2659 2659 2639 2639 2639 2639 2618
    2618 2618 2598 2598 2598 2598 2579 2579 2579 2579 2579 2579 2579
    2560 2560 2560 2541 2541 4089 2680 2680 2680 2680 2659 2659 2659
    2639 2639 2639 2618 2618 2598 2598 2598 2598 2598 2579 2579 2579
    2579 2579 2579 2560 2560 2560 2560 2541 2541 4089 2680 2680 2680
    2680 2659 2659 2659 2639 2618 2618 2598 2598 2598 2598 2598 2598
    2598 2579 2579 2579 2579 2579 2579 2560 2560 2560 2541 2541 2541
    2680 2680 2659 2659 2680 2659 2659 2659 2639 2618 2618 2598 2598
    2598 2598 2598 2598 2598 2579 2579 2579 2579 2560 2560 2560 2560
    2541 2541 2522 2522 2680 2680 2659 2659 2680 2659 2659 2659 2639
    2618 2618 2618 2598 2598 2598 2598 2598 2598 2579 2579 2579 2579
    2560 2560 2560 2541 2541 2541 2522 2522 4139 2680 2659 2659 2659
    2659 2659 2639 2639 2618 2618 2618 2598 2598 2598 2598 2598 2598
    2579 2579 2579 2579 2560 2560 2541 2541 2522 2522 2522 2522 4139
    2680 2659 2659 2659 2659 2639 2639 2639 2639 2618 2618 2598 2598
    2598 2598 2598 2598 2598 2598 2579 2579 2579 2560 2541 2541 2522
    2522 2522 2522 4139 2680 2659 2659 2659 2639 2639 2639 2639 2639
    2618 2598 2598 2598 2598 2598 2598 2598 2598 2598 2579 2579 2579
    2560 2541 2541 2541 2541 2541 2541 4139 2680 2680 2659 2659 2639
    2639 2639 2639 2639 2618 2598 2598 2598 2598 2598 2598 2598 2598
    2579 2579 2579 2579 2579 2560 2560 2541 2541 2541 2522 4089 2680
    2680 2659 2659 2659 2659 2659 2639 2639 2639 2618 2618 2598 2598
    2598 2598 2598 2598 2579 2579 2579 2579 2579 2579 2560 2560 2541
    2541 2522 4139 2680 2680 2659 2659 2659 2659 2659 2639 2639 2639
    2618 2618 2618 2598 2598 2598 2598 2598 2579 2579 2579 2560 2560
    2560 2560 2560 2541 2522 2522 4139 2680 2659 2659 2659 2659 2659
    2659 2639 2639 2639 2618 2618 2618 2598 2598 2598 2579 2579 2579
    2579 2579 2560 2560 2560 2560 2560 2541 2522 2522 4190 2680 2659
    2659 2659 2659 2659 2659 2618 2618 2618 2618 2618 2618 2598 2598
    2598 2579 2579 2579 2579 2579 2560 2560 2560 2560 2560 2560 2541
    2541 4190 2680 2680 2659 2659 2659 2639 2639 2618 2618 2618 2618
    2618 2618 2618 2598 2598 2579 2579 2579 2579 2579 2579 2560 2560
    2560 2541 2541 2560 2560 4139 2680 2680 2659 2659 2659 2639 2639
    2639 2618 2618 2618 2618 2618 2598 2598 2598 2579 2579 2579 2579
    2579 2579 2560 2560 2560 2541 2541 2541 2541 4139 2680 2680 2680
    2659 2659 2659 2639 2639 2618 2618 2618 2618 2618 2598 2598 2598
    2579 2579 2579 2579 2579 2579 2560 2560 2560 2541 2522 2522 2541
    4190 2659 2659 2680 2659 2659 2659 2639 2639 2618 2618 2618 2618
    2598 2598 2598 2598 2598 2579 2579 2579 2579 2579 2579 2560 2560
    2541 2522 2522 2522 4241 2659 2659 2680 2659 2659 2659 2639 2639
    2618 2618 2598 2598 2598 2598 2598 2598 2598 2598 2579 2579 2579
    2579 2579 2560 2560 2541 2522 2522 2522 4241 2659 2659 2659 2659
    2659 2659 2639 2639 2618 2618 2598 2598 2598 2598 2598 2598 2579
    2579 2579 2579 2579 2579 2579 2579 2560 2560 2541 2541 2522 4139
    2659 2659 2659 2659 2659 2659 2639 2639 2639 2618 2598 2598 2598
    2598 2598 2598 2579 2579 2579 2579 2579 2579 2579 2579 2560 2560
    2541 2541 2541 2680 2680 2680 2659 2659 2659 2659 2639 2639 2639
    2618 2598 2598 2598 2598 2598 2579 2579 2579 2579 2579 2579 2579
    2579 2579 2560 2560 2560 2541 2541 2659 2680 2680 2680 2659 2659
    2659 2639 2639 2639 2618 2598 2598 2598 2598 2598 2579 2579 2579
    2579 2579 2579 2579 2579 2560 2560 2560 2541 2541 2541 2659 2680
    2680 2680 2659 2659 2639 2639 2639 2639 2618 2618 2598 2598 2598
    2598 2598 2598 2598 2579 2579 2579 2579 2579 2560 2560 2560 2541
    2541 2541 2680 2680 2680 2659 2659 2659 2639 2639 2639 2639 2618
    2618 2618 2598 2598 2598 2598 2598 2598 2579 2579 2579 2579 2579
    2560 2560 2541 2541 2522 2522 2701 2680 2680 2659 2659 2639 2639
    2639 2639 2618 2618 2618 2618 2598 2598 2598 2598 2598 2598 2579
    2579 2560 2560 2560 2560 2541 2541 2541 2522 2522 4139 5132 2659
    2659 2659 2639 2639 2639 2639 2618 2618 2618 2618 2598 2598 2598
    2598 2598 2598 2579 2579 2560 2560 2560 2560 2541 2541 2541 2522
    2522 4139 5132 2659 2659 2659 2659 2659 2659 2659 2639 2598 2598
    2598 2598 2598 2598 2598 2598 2598 2579 2579 2560 2560 2560 2560
    2541 2541 2541 2522 2522 4190 5056 4983 4983 4983 4983 4983 4983
    4911 4842 2598 2598 2598 2598 2598 2598 2598 2598 2598 2579 2579
    2560 2560 2560 2560 2560 2541 2541 2541 2541</data></Depth17680>
</opencv_storage>
