<?xml version="1.0"?>
<opencv_storage>
<Depth13374 type_id="opencv-matrix">
  <rows>22</rows>
  <cols>15</cols>
  <dt>w</dt>
  <data>
    4708 4708 4774 4708 4708 4708 4774 4708 4645 4582 4582 4582 4582
    4645 4645 4708 4708 4774 4774 4774 4774 4774 4708 4645 4582 4582
    4582 4582 4582 4582 4774 4774 4774 4774 4774 4774 4708 4708 4645
    4645 4582 4582 4582 4582 4582 4774 4774 4774 4774 4708 4708 4708
    4708 4645 4645 4645 4645 4582 4582 4645 4911 4842 4842 4774 4708
    4708 4708 4708 4708 4645 4645 4645 4582 4582 4645 4774 4774 4842
    4774 4774 4708 4708 4708 4708 4645 4645 4582 4582 4582 4582 4774
    4774 4774 4774 4774 4708 4708 4708 4645 4645 4645 4582 4582 4582
    4582 4774 4774 4774 4774 4774 4708 4708 4708 4645 4645 4645 4645
    4582 4522 4522 4774 4774 4774 4774 4774 4708 4708 4708 4645 4645
    4645 4645 4582 4522 4463 4774 4774 4774 4774 4774 4708 4708 4708
    4645 4582 4582 4582 4582 4582 4463 4774 4774 4774 4774 4708 4708
    4708 4708 4645 4582 4582 4582 4582 4582 4522 4708 4708 4774 4774
    4708 4708 4708 4708 4645 4582 4582 4582 4582 4582 4582 4708 4708
    4774 4774 4708 4708 4708 4708 4645 4582 4582 4582 4582 4582 4645
    4708 4708 4774 4774 4708 4708 4708 4708 4645 4582 4582 4582 4645
    4645 4645 4708 4708 4774 4774 4708 4708 4708 4708 4708 4645 4645
    4645 4582 4582 4582 4708 4708 4774 4774 4774 4708 4708 4708 4708
    4645 4645 4582 4582 4582 4582 4774 4774 4774 4774 4708 4708 4708
    4708 4708 4708 4645 4582 4582 4582 4582 4774 4774 4774 4774 4708
    4708 4708 4708 4708 4708 4645 4582 4582 4522 4522 6889 4774 4774
    4708 4708 4708 4708 4708 4708 4708 4645 4645 4582 4522 4522 6753
    4774 4708 4645 4645 4708 4708 4645 4645 4645 4645 4645 4582 4582
    6622 6753 6753 4708 4645 4645 4708 4708 4645 4645 4645 4645 4645
    4645 6753 6622 6753 6753 6753 6753 6889 6889 4708 4708 4708 4708
    4708 4708 6753 6753 6753</data></Depth13374>
</opencv_storage>
