<?xml version="1.0"?>
<opencv_storage>
<Depth7108 type_id="opencv-matrix">
  <rows>119</rows>
  <cols>82</cols>
  <dt>w</dt>
  <data>
    4463 4463 4463 4405 4405 4405 4349 4295 4295 4241 4241 4241 4241
    4241 4190 4190 4190 4190 4139 4089 4041 4041 4041 4041 4041 3994
    3994 3948 3948 3903 3859 3692 3692 3692 3774 3774 3774 3774 3859
    3859 3774 3732 3732 3732 3732 3692 774 771 767 764 759 757 757 759
    759 757 757 757 762 764 764 766 766 767 767 771 3576 3576 3576 3576
    3576 3576 3539 3539 3503 3503 3503 3503 3503 0 0 3365 4463 4463 4463
    4405 4405 4405 4349 4349 4295 4295 4241 4241 4241 4241 4241 4190
    4190 4190 4139 4089 4041 4041 4041 3994 3994 3994 3994 3994 3994
    3994 3994 3692 3692 3692 3692 835 813 813 813 807 805 802 794 789
    785 780 774 771 767 764 762 761 761 762 761 761 761 761 762 764 764
    766 767 767 767 771 771 773 773 773 3576 3576 3576 3539 3503 3503
    3503 773 773 0 0 0 4522 4463 4463 4463 4405 4405 4349 4349 4349 4295
    4241 4241 4241 4241 4241 4190 4190 4190 4139 4089 4089 4041 3994
    3994 3994 3994 3994 3994 3994 3994 3994 856 835 835 835 835 817 813
    813 807 805 802 794 789 783 780 776 771 767 764 762 762 762 762 761
    761 762 762 762 764 764 766 766 766 767 769 769 771 771 771 773 3576
    774 773 773 773 773 773 773 0 0 0 4463 4463 4463 4463 4405 4405 4405
    4405 4349 4295 4241 4241 4190 4190 4241 4241 4190 4089 4041 4041
    4041 4089 3994 3994 3994 3994 885 873 873 873 873 856 856 831 831
    827 817 815 813 809 805 802 792 789 783 780 776 769 767 764 762 762
    762 762 762 762 762 764 764 764 764 766 766 766 766 767 767 769 769
    769 771 771 773 773 773 773 773 773 773 0 0 0 4463 4463 4463 4405
    4405 4405 4349 4349 4349 4295 4241 4241 4190 4190 4190 4190 4139
    4089 4041 4041 4041 4041 0 894 891 885 885 873 873 873 873 856 856
    835 831 827 821 815 813 811 805 803 792 789 781 778 774 767 766 764
    762 762 762 762 762 762 762 764 764 766 766 766 766 766 766 767 767
    769 769 769 771 771 771 771 771 771 771 771 773 774 774 0 4463 4463
    4463 4405 4405 4349 4349 4349 4295 4241 4241 4190 4139 4139 4190
    4190 4139 4139 4139 4139 903 894 894 894 891 885 885 875 871 862 858
    854 849 835 833 829 821 817 813 811 803 800 792 787 780 778 774 767
    766 764 762 762 762 762 762 762 764 764 764 766 766 766 766 766 766
    767 769 771 769 769 771 771 771 771 771 771 771 771 773 773 773 773
    4463 4463 4463 4405 4349 4349 4349 4349 4295 4241 4241 4190 4139
    4139 4241 4241 0 4241 948 0 0 903 894 894 889 885 880 875 869 862
    858 854 849 837 833 829 821 817 815 811 803 798 790 785 780 778 774
    769 766 764 762 762 762 762 762 764 764 766 766 766 767 767 767 766
    766 769 769 771 769 769 771 771 771 773 773 771 771 773 773 773 773
    773 4463 4463 4463 4405 4349 4349 4295 4295 4295 4241 4241 0 0 0 0 0
    0 0 0 0 915 903 903 898 889 885 880 873 867 862 858 854 847 837 833
    829 821 817 815 811 802 796 789 785 780 778 774 769 766 764 764 764
    762 762 762 764 766 766 766 766 767 767 769 769 769 771 771 771 771
    771 771 771 771 773 773 773 773 773 773 773 773 773 4463 4463 4463
    4405 4349 4349 4295 4295 4295 4295 0 0 0 0 0 0 0 948 948 0 915 915
    903 898 891 885 878 873 867 862 858 854 847 837 833 829 821 817 815
    809 802 794 789 785 780 778 773 769 766 766 764 764 764 764 764 766
    767 767 767 767 769 769 769 769 771 771 771 773 773 773 773 773 773
    773 773 773 773 774 773 773 774 773 4522 4463 4463 4405 4349 4349 0
    0 0 0 0 0 0 0 951 951 948 948 948 920 918 915 908 901 891 885 875
    871 867 862 858 854 841 837 833 829 821 817 815 807 802 794 790 785
    781 778 773 769 767 766 764 764 766 766 767 767 767 769 769 769 769
    769 769 769 771 771 773 773 773 773 773 774 773 773 774 774 776 776
    778 778 778 780 4522 4463 4463 4463 4463 0 0 0 0 0 0 0 0 970 967 951
    946 938 938 920 918 915 908 901 894 885 875 871 867 862 858 854 841
    837 831 827 823 819 815 805 802 794 789 785 781 776 771 769 767 766
    764 764 766 766 767 769 769 769 769 769 769 769 769 771 771 773 773
    773 773 774 774 774 773 773 774 774 778 778 778 778 778 0 4463 4463
    4405 4405 0 0 0 0 0 0 0 0 0 970 967 954 946 938 930 920 920 918 908
    896 891 887 880 871 867 862 858 854 843 837 831 827 823 817 813 805
    802 794 789 785 783 776 771 769 767 766 764 764 766 767 767 769 769
    769 769 769 769 771 771 771 773 773 774 774 774 774 774 774 774 774
    774 776 778 778 778 778 778 0 4463 4463 4405 4405 0 0 0 0 0 0 0 0 0
    970 964 954 943 938 930 923 920 913 906 896 891 887 880 873 869 862
    858 854 843 837 831 827 823 817 813 807 803 794 789 785 781 776 771
    769 767 766 766 766 767 767 769 769 769 769 769 769 771 771 771 773
    773 774 774 774 774 774 776 776 776 776 776 778 778 778 778 776 776
    0 4463 4463 4405 4405 0 0 0 0 0 0 0 0 0 970 964 954 943 938 933 923
    920 913 906 894 891 887 880 873 867 862 858 854 841 837 831 829 823
    817 813 807 802 792 789 785 781 776 771 769 767 766 766 766 769 769
    769 769 769 769 769 771 771 771 773 773 774 774 774 774 774 774 776
    778 778 778 778 780 780 778 778 776 776 0 4522 4463 4463 0 0 0 0 0 0
    0 0 0 0 970 959 954 943 938 933 923 920 913 906 891 889 885 878 873
    867 862 858 847 839 837 831 829 823 815 813 807 802 792 789 783 781
    776 771 769 767 767 767 767 767 767 769 769 771 771 771 773 773 773
    773 773 774 774 774 776 776 776 778 778 778 778 778 780 780 780 778
    778 0 0 4522 4463 4463 4463 0 0 0 0 0 0 0 0 978 973 956 951 946 938
    933 925 920 910 908 891 889 885 878 871 867 862 858 843 839 835 831
    825 821 815 813 807 798 792 787 783 780 774 773 769 767 767 767 767
    767 767 769 771 771 771 771 773 773 773 773 773 774 774 774 776 776
    778 778 780 780 780 780 780 780 780 780 778 778 0 4463 4463 4463
    4463 0 0 0 0 0 0 0 984 978 973 954 951 946 938 930 923 920 910 901
    891 889 882 878 871 867 862 858 843 839 835 831 823 819 815 813 807
    798 792 787 783 780 774 773 769 767 767 767 767 767 767 767 771 771
    771 771 773 774 774 774 774 774 776 776 778 778 778 780 780 780 780
    781 781 781 781 780 778 778 0 4463 4463 4463 4463 0 0 0 0 0 0 0 981
    978 973 954 951 946 938 930 923 918 910 898 891 887 882 878 871 867
    862 856 843 839 835 829 823 819 815 811 807 798 792 789 785 780 774
    773 771 769 769 767 767 767 767 767 771 771 771 773 773 774 774 774
    774 776 776 776 778 780 780 780 780 780 780 781 781 783 781 781 780
    780 0 4463 4463 4463 0 0 0 0 0 0 0 0 981 975 973 956 951 946 935 930
    925 918 910 898 891 887 882 878 871 864 862 849 843 839 835 829 823
    819 815 811 803 796 792 789 785 780 774 773 771 771 769 767 767 769
    769 769 771 771 771 773 773 774 774 774 776 778 778 778 780 780 781
    781 781 781 781 783 783 783 781 781 780 780 0 4463 4463 4463 0 0 0 0
    0 0 0 0 978 973 970 954 948 943 935 930 925 918 913 898 891 887 882
    878 871 864 860 847 843 839 833 827 823 819 815 811 802 796 792 789
    785 780 774 773 771 771 769 769 769 771 771 771 771 773 773 773 774
    774 774 774 776 778 778 778 780 780 781 781 781 781 781 785 785 783
    781 781 781 0 0 4463 4463 0 0 0 0 0 0 0 0 984 978 973 962 954 948
    943 935 930 925 918 903 896 891 887 880 875 871 867 860 847 843 839
    833 827 823 819 815 807 800 796 792 789 785 780 774 773 771 771 769
    769 771 771 773 773 773 773 773 774 774 776 776 776 778 780 780 780
    780 781 781 781 781 781 783 785 785 783 781 781 781 0 0 4522 4522
    4522 0 0 0 0 0 0 0 984 975 973 959 954 948 940 933 928 923 915 903
    896 894 887 880 875 871 867 860 849 845 839 833 827 821 819 813 807
    800 796 792 787 785 780 774 773 771 771 771 771 771 773 773 773 773
    773 774 774 776 776 778 778 778 780 780 781 781 781 781 781 781 781
    783 785 785 785 781 781 781 0 0 4522 4522 4522 0 0 0 0 0 0 0 984 975
    973 959 954 948 940 930 925 920 915 901 896 891 885 880 875 871 864
    858 847 845 839 833 827 821 817 813 802 800 798 792 787 783 778 774
