<?xml version="1.0"?>
<opencv_storage>
<Depth2014 type_id="opencv-matrix">
  <rows>30</rows>
  <cols>11</cols>
  <dt>w</dt>
  <data>
    4041 4089 3120 3092 3064 3037 3010 3010 3010 3010 3010 4041 4089
    4089 4089 3064 3037 3010 3010 3037 3037 3037 4041 4089 4089 4089
    4089 3064 3037 3037 3037 3037 3037 4041 4089 4089 4089 4089 4089
    3037 3037 3037 3037 3037 4041 4089 4089 4089 4089 4089 4041 3092
    3064 3064 3064 4089 4089 4089 4089 4089 4139 4139 3064 3064 3064
    3064 4089 4041 4041 4089 4139 4139 4139 3064 3064 3064 3064 4089
    4041 4041 4041 4041 4139 4139 3092 3092 3092 3092 4041 4041 4041
    4041 4041 4190 4190 3120 3092 3092 3092 4041 4041 4041 4041 4041
    4041 4190 4190 3092 3092 3092 3994 4041 3994 3994 4041 4041 4041
    4041 3120 3120 3092 3994 4041 3994 3994 4041 4041 4041 3994 3149
    3120 3064 3994 4041 3994 3994 4041 4041 4041 3994 3149 3120 3064
    4041 4041 4041 4041 4041 4041 4041 3994 3994 3092 3064 4041 4041
    4041 4041 4041 4041 4041 4041 4041 3092 3092 3994 3994 4041 4041
    4041 4041 4041 4041 4089 3120 3092 3010 3994 4041 4041 4041 4041
    4041 4041 4089 3120 3120 3010 4041 4041 4041 4041 4041 4041 4089
    4139 3120 3120 3037 4041 4041 4041 4041 4041 4139 4139 4139 3120
    3120 3037 4041 4041 4041 4041 4139 4139 4139 4139 3149 3149 3037
    4041 4089 4041 4041 4190 4139 4139 4139 4089 3149 3037 4041 4089
    4041 4041 4190 4139 4139 4139 4089 3149 3037 4139 4089 4041 4041
    4089 4089 4089 4139 4089 4041 3010 3010 4089 4041 4041 4089 4089
    4089 4089 4139 4139 2984 2984 4139 4041 4041 4089 4089 4089 4089
    4139 4139 2984 2984 4139 4089 4089 4089 4089 4089 4089 4139 4139
    2984 2984 4139 4089 4089 4089 4089 4089 4089 4089 4089 3010 3010
    4041 4041 4041 4041 4041 4041 4089 4089 4089 3037 3037 3994 4041
    4041 4041 4041 4041 4041 4041 4041 3037 3037 3994 3994 3994 3994
    3994 3994 4041 4041 4041</data></Depth2014>
</opencv_storage>
