<?xml version="1.0"?>
<opencv_storage>
<Depth14919 type_id="opencv-matrix">
  <rows>16</rows>
  <cols>20</cols>
  <dt>w</dt>
  <data>
    3576 3576 3614 3614 3614 3614 3614 3614 3614 3614 3653 3653 3653
    3653 3692 3692 3692 3692 3692 3692 3576 3576 3614 3614 3614 3614
    3614 3614 3614 3614 3653 3653 3692 3692 3692 3692 3692 3692 3692
    3692 3576 3576 3614 3614 3614 3614 3614 3614 3614 3614 3653 3653
    3692 3692 3692 3692 3692 3692 3653 3653 3614 3614 3614 3614 3614
    3614 3614 3614 3653 3653 3692 3692 3692 3732 3732 3732 3692 3692
    3653 3653 3614 3614 3614 3614 3614 3614 3614 3614 3653 3653 3692
    3692 3692 3692 3692 3692 3692 3692 3653 3653 3614 3614 3614 3614
    3614 3614 3614 3614 3653 3653 3692 3692 3692 3692 3692 3692 3732
    3692 3653 3614 3614 3614 3614 3614 3576 3576 3614 3614 3653 3653
    3653 3653 3692 3692 3692 3692 3732 3732 3692 3614 3614 3614 3614
    3614 3576 3576 3614 3614 3653 3653 3653 3653 3692 3692 3692 3732
    3732 3732 3732 3732 3614 3614 3614 3614 3653 3614 3614 3614 3653
    3653 3653 3692 3692 3692 3692 3732 3732 3732 3732 3732 3614 3614
    3614 3653 3653 3653 3614 3614 3653 3653 3653 3653 3692 3692 3732
    3732 3732 3732 3732 3732 3614 3614 3614 3653 3614 3614 3614 3614
    3653 3653 3653 3653 3692 3692 3732 3732 3732 3692 3614 3614 3614
    3614 3653 3653 3614 3614 3653 3692 3692 3692 3692 3692 3692 3732
    3732 3732 3732 3692 3614 3614 3614 3614 3653 3653 3653 3653 3692
    3692 3692 3692 3692 3692 3692 3732 3732 3732 3692 3692 3614 3614
    5832 3732 3692 3692 3692 3692 3692 3692 3692 3692 3692 3692 3692
    3732 3732 3732 3692 3692 3692 3692 5933 3774 3732 3692 3692 3692
    3692 3692 3732 3732 3692 3692 3692 3692 3732 3732 3732 3732 3732
    3732 5933 6038 6038 3774 3774 3774 6038 6038 6038 6038 6038 3692
    3692 3692 3732 3732 3732 3732 3732 3774</data></Depth14919>
</opencv_storage>
