<?xml version="1.0"?>
<opencv_storage>
<Depth13176 type_id="opencv-matrix">
  <rows>14</rows>
  <cols>33</cols>
  <dt>w</dt>
  <data>
    5832 5832 5832 5734 5734 5734 5734 5734 5734 5734 5734 5734 5734
    5734 5734 5640 5640 5640 5640 5460 5460 5460 5460 5548 4774 4774
    4774 4842 4774 4774 4774 4774 4842 5832 5832 5734 5734 5734 5734
    5734 5734 5734 5548 5548 5640 5734 5734 5734 5640 5640 5640 4842
    4774 4774 4774 4774 4774 4774 4774 4774 4774 4774 4774 4774 4774
    4774 5734 5734 5734 5640 5640 5640 5640 5640 5640 5548 5548 5640
    5734 5734 4774 4911 4842 4842 4774 4774 4774 4774 4774 4774 4774
    4774 4774 4774 4774 4774 4774 4774 4774 5734 5734 5640 5548 5548
    5460 5460 5640 5640 5734 4774 4774 4774 4774 4774 4911 4842 4842
    4774 4774 4774 4774 4774 4774 4774 4774 4774 4774 4708 4708 4708
    4708 4708 5734 5734 5460 5291 5132 5056 4983 4983 4983 4842 4774
    4774 4774 4774 4774 4842 4842 4842 4774 4774 4774 4774 4774 4774
    4774 4774 4774 4774 4708 4645 4645 4708 4708 5734 5460 5132 4983
    4983 4983 4911 4842 4842 4842 4774 4774 4842 4842 4842 4842 4842
    4842 4842 4774 4774 4708 4708 4774 4774 4774 4774 4774 4708 4645
    4645 4774 4842 5210 5056 4983 4911 4911 4911 4911 4842 4842 4842
    4774 4774 4842 4842 4842 4842 4842 4842 4842 4774 4774 4645 4645
    4774 4774 4842 4842 4842 4774 4708 4708 4708 0 5132 5056 4983 4911
    4911 4911 4911 4842 4842 4842 4842 4842 4842 4842 4842 4842 4774
    4774 4842 4842 4774 4645 4645 4774 4774 4842 4842 4842 4842 4842
    5460 5640 0 5056 5056 5056 4983 4842 4842 4842 4842 4842 4842 4842
    4842 4842 4842 4842 4842 4774 4774 4774 4774 4842 4842 4842 4842
    4842 4842 4842 4842 4842 5460 5460 5640 5640 4983 4983 4983 4983
    4842 4842 4842 4842 4842 4842 4842 4774 4774 4842 4983 4983 4774
    4774 4774 4774 4842 4842 4842 4842 5548 5548 5548 5460 5460 5460
    5460 5548 5640 4842 4911 4911 4842 4774 4708 4708 4774 4842 4842
    4842 4774 4774 5132 5132 5291 4842 4842 4774 4774 4774 4774 5374
    5374 5548 5548 5548 5460 5460 5460 5460 5548 5640 4774 4774 4842
    4774 4774 4708 4708 4774 4842 4842 4774 4774 4842 5132 5132 5291
    5291 5291 5374 5460 5460 5548 5374 5374 5374 5548 5548 5460 5460
    5460 5548 5640 5640 4774 4708 4708 4774 4774 4774 4774 4774 4842
    4842 4774 4774 4842 5548 5548 5548 5460 5460 5460 5460 5640 5548
    5548 5374 5374 5460 5460 6146 5548 5548 5640 5640 5640 4774 4708
    4522 4522 5832 5832 5832 5832 5734 5734 5640 5640 5640 5460 5460
    5548 5460 5460 5548 5548 5548 5548 5460 5374 5374 5460 5460 6038
    5734 5734 5734 5640 5460</data></Depth13176>
</opencv_storage>
