<?xml version="1.0"?>
<opencv_storage>
<Depth10359 type_id="opencv-matrix">
  <rows>53</rows>
  <cols>56</cols>
  <dt>w</dt>
  <data>
    3539 3503 3503 3503 3503 0 0 0 0 0 0 0 0 0 0 0 875 867 860 851 845
    835 835 800 798 798 796 796 796 796 796 796 796 794 794 794 792 789
    789 789 789 789 789 787 787 785 785 783 781 781 781 783 781 781 781
    0 3503 3503 3503 3503 3503 0 0 0 0 0 0 0 0 901 896 891 878 867 860
    849 845 835 835 800 796 796 794 794 796 796 794 794 794 792 792 792
    792 789 789 789 789 787 787 787 787 785 785 783 781 781 783 783 783
    781 781 0 3503 3468 3468 3503 0 0 0 0 0 0 0 0 0 901 896 891 875 867
    854 849 845 845 845 796 794 794 794 794 796 794 794 792 792 790 790
    790 792 792 790 789 789 785 785 785 785 785 785 785 783 783 783 783
    783 781 781 0 3468 3468 3468 3503 0 0 0 0 0 0 0 0 0 903 901 887 875
    867 851 847 843 843 796 794 794 792 792 792 794 794 794 790 790 789
    789 790 790 790 790 789 787 785 785 785 785 785 785 785 783 783 783
    783 781 781 781 0 3468 3468 3468 3503 0 0 0 0 0 0 0 0 0 903 903 885
    871 864 851 847 843 843 794 794 794 790 790 792 792 792 792 790 790
    789 789 790 790 790 790 789 787 785 785 785 785 785 785 785 785 783
    783 783 781 781 781 0 3468 3468 3468 0 0 0 0 0 0 0 0 0 0 908 903 885
    871 864 851 851 851 798 794 794 792 790 790 792 792 792 792 790 790
    789 789 790 790 790 789 789 787 787 787 787 787 787 787 785 785 785
    785 783 781 780 780 0 3468 3468 3468 0 0 0 0 0 0 0 0 0 0 0 903 880
    869 854 854 854 817 798 794 794 792 790 790 792 792 792 792 790 790
    790 790 790 790 789 789 789 787 787 787 787 787 787 783 781 781 781
    783 783 783 780 780 0 3468 3468 3468 0 0 0 0 0 0 0 0 0 0 0 885 878
    869 854 837 823 815 803 798 796 794 792 792 792 792 792 792 790 790
    790 790 790 790 789 789 789 787 787 787 785 783 781 781 781 780 780
    780 780 780 781 781 0 3503 0 0 0 0 0 0 0 0 0 0 0 0 0 878 873 869 860
    833 823 815 807 800 798 794 794 794 794 794 792 792 790 790 792 794
    792 792 790 789 789 787 787 787 785 783 781 781 781 780 778 778 780
    780 780 780 0 3503 0 0 0 0 0 0 0 0 0 928 923 918 913 878 873 869 845
    829 823 815 809 803 802 800 800 798 798 796 794 794 792 792 796 794
    794 794 792 790 789 787 787 787 785 785 785 785 781 780 778 778 780
    780 780 780 0 0 0 0 0 0 0 0 0 954 946 928 923 918 873 873 869 856
    837 827 821 815 811 807 805 803 803 803 802 802 800 800 798 798 796
    796 794 794 794 794 792 790 790 790 789 787 787 787 781 780 778 778
    780 780 781 781 0 0 0 0 0 0 0 0 956 954 946 935 923 918 873 871 860
    856 837 825 821 817 813 809 807 805 805 805 805 803 802 802 802 802
    800 798 798 796 796 796 794 792 792 794 792 790 790 789 789 781 780
    780 780 780 781 781 0 0 0 0 0 0 0 0 956 954 948 935 923 918 918 871
    860 856 847 825 823 819 817 817 809 809 809 809 809 807 805 805 803
    803 802 802 800 800 798 796 796 794 794 796 796 796 792 790 790 789
    789 787 787 787 785 785 0 0 0 0 0 0 0 0 962 956 943 933 925 925 925
    860 860 858 851 825 825 823 823 823 823 829 813 813 813 813 813 811
    807 807 807 807 805 805 803 802 802 800 800 800 798 798 796 796 794
    792 792 789 789 789 789 789 0 0 0 0 0 1004 998 998 962 956 943 933
    925 925 925 862 862 856 847 837 829 829 827 827 829 829 827 825 823
    821 821 819 817 811 809 809 811 809 809 809 809 805 805 803 802 802
    800 798 796 796 796 792 792 792 792 794 0 0 0 0 0 1001 992 978 962
    956 940 940 940 940 867 862 862 854 845 841 839 833 831 831 831 833
    831 831 827 825 825 823 823 825 823 823 819 817 817 813 811 811 811
    807 807 805 805 803 802 802 800 800 800 802 796 796 0 0 0 0 0 989
    987 978 962 959 940 940 940 885 867 867 860 849 845 843 841 839 837
    837 837 839 837 835 833 831 831 831 831 831 827 825 821 821 819 819
    819 819 819 817 815 809 809 807 805 805 805 805 805 803 803 803 809
    0 0 0 0 981 981 981 962 951 943 943 903 885 875 864 858 849 847 843
    843 843 843 843 843 843 843 841 839 837 835 835 833 833 831 827 825
    823 823 821 821 823 823 823 821 819 815 815 813 811 811 811 811 805
    805 805 809 0 0 0 0 981 981 981 959 946 935 935 898 885 875 862 858
    851 849 847 847 847 849 849 847 845 845 843 843 841 837 837 835 835
    835 835 833 831 831 831 831 829 825 825 825 823 821 819 819 817 815
    813 813 813 813 813 813 0 0 0 0 998 987 981 943 943 935 935 898 887
    882 862 860 858 856 856 854 854 856 851 849 849 847 847 845 843 843
    841 841 841 841 841 839 837 837 837 835 833 829 827 825 825 823 823
    823 823 821 821 821 819 819 817 817 0 0 1010 1007 998 987 984 943
    943 940 940 894 887 880 862 862 862 860 860 860 860 860 858 856 854
    851 851 851 849 849 849 845 845 843 843 843 841 839 839 837 835 833
    831 831 833 831 829 827 825 825 823 823 823 823 821 821 0 0 1010
    1007 998 987 981 943 940 938 938 894 887 880 867 867 864 864 867 867
    864 862 862 858 858 854 851 851 849 849 851 849 849 847 845 845 843
    843 843 841 841 839 839 839 839 839 835 835 831 829 827 827 829 827
    827 827 0 0 1010 1007 992 984 981 943 940 938 903 894 885 880 869
    869 869 869 869 869 869 867 867 862 862 858 858 858 854 854 858 856
    856 854 854 851 849 849 849 845 845 845 845 843 843 841 841 841 837
    835 835 835 833 833 833 833 0 0 1010 1007 992 984 981 943 940 938
    903 894 885 880 873 873 873 873 873 873 873 873 869 869 869 864 864
    864 860 860 862 860 860 858 858 856 856 856 851 851 851 849 847 845
    845 843 843 843 841 839 839 839 839 837 835 835 0 0 1007 1001 989
    984 981 946 940 915 903 894 887 882 880 880 878 878 878 878 878 878
    873 873 873 871 871 871 869 869 867 867 864 862 860 860 860 860 860
    858 858 856 854 851 851 849 847 847 845 843 843 843 841 841 841 841
    0 1007 1004 1001 989 984 956 948 940 915 906 898 891 887 885 885 882
    882 880 880 880 882 880 878 875 873 873 873 871 871 869 869 869 869
    867 867 867 867 867 864 864 862 860 860 856 854 851 851 851 849 847
    847 845 845 843 843 0 1007 1004 1001 992 987 956 951 951 910 903 898
    894 891 891 889 889 887 885 885 887 887 885 885 882 882 878 875 875
    875 873 873 873 871 871 871 871 871 869 869 869 867 867 862 860 858
    856 856 856 856 854 854 851 849 849 849 1016 1007 1004 1001 992 987
    943 940 923 910 903 898 896 896 894 894 896 894 894 894 891 891 889
    887 887 887 887 885 882 880 878 878 878 878 878 875 875 873 871 871
    871 869 867 864 862 860 860 858 858 858 858 858 858 856 854 854 1016
    1010 1007 1001 995 984 943 940 923 915 910 903 901 896 896 898 901
    901 898 896 894 894 894 891 891 891 891 891 887 885 885 885 882 882
    882 882 882 878 878 878 873 871 871 869 867 867 867 862 862 862 860
    860 860 860 856 856 1019 1010 1004 998 995 984 943 940 935 915 913
    910 906 906 906 906 908 906 903 901 901 898 896 896 896 896 896 896
    894 891 891 889 889 889 887 887 885 882 882 882 880 878 878 875 873
    873 873 871 871 869 867 867 867 867 862 862 1019 1007 1004 998 992
    956 943 940 935 925 920 918 918 920 915 915 915 910 908 906 906 906
    901 898 898 898 898 898 896 894 894 894 891 891 891 889 889 887 885
    885 885 885 885 882 882 880 880 880 880 875 871 871 871 871 869 869
    1019 1004 1001 998 992 954 946 940 935 930 928 925 925 925 923 923
    923 920 918 918 913 913 906 903 903 903 903 903 903 901 898 898 896
    896 894 894 891 889 887 887 887 889 889 887 885 882 882 885 882 880
    878 878 878 878 873 873 0 1001 998 998 992 954 946 940 935 933 930
    930 930 930 928 928 925 925 923 920 920 920 920 923 918 918 910 910
    908 908 908 903 903 901 901 898 896 896 896 898 896 896 894 889 889
    887 887 887 887 885 882 882 885 882 880 880 0 1001 998 998 962 954
    948 943 938 938 938 948 938 938 933 933 928 928 928 925 925 925 925
    923 923 920 918 918 918 918 918 918 913 908 906 903 903 903 903 903
    901 901 898 896 894 894 894 889 889 887 887 887 887 885 882 882 0
    998 995 992 962 954 951 946 946 946 954 948 943 943 940 938 938 938
