<?xml version="1.0"?>
<opencv_storage>
<Depth17088 type_id="opencv-matrix">
  <rows>68</rows>
  <cols>53</cols>
  <dt>w</dt>
  <data>
    3433 3433 3399 3399 3399 3399 3399 3365 3333 3300 3300 3300 3269
    3269 3269 3269 3238 3208 3208 3178 3178 3149 3149 3149 3120 3120
    3120 3120 3092 3064 3064 1433 1427 1427 1427 1421 1421 1433 1433
    2984 2984 2984 2958 2958 2958 2933 2908 2908 2908 2908 2908 2883
    2883 3433 3433 3433 3399 3399 3399 3399 3365 3333 3300 3300 3269
    3269 3269 3238 3238 3238 3238 3208 3178 3178 3149 3149 3120 3120
    1410 1410 3120 3092 1427 1427 1427 1433 1433 1427 1421 1421 1421
    1421 2984 2984 2984 2958 2958 2958 2958 2908 2908 2908 2908 2908
    2908 2883 3433 3433 3433 3399 3399 3399 3365 3365 3333 3333 3300
    3269 3269 3269 3238 3238 3238 3238 3238 3208 3178 3149 3120 3120
    3120 1381 1381 1398 1404 1415 1415 1415 1421 1421 1421 1421 1421
    1421 1421 1421 2984 2984 2984 2958 2958 2933 2908 2908 2908 2908
    2908 2908 2883 3433 3399 3399 3399 1354 1354 1354 3365 1359 1359
    1354 1349 1343 1343 1349 1354 1365 3238 3238 3178 3178 1381 1376
    1376 1370 1370 1376 1387 1387 1392 1376 1376 1387 1381 1381 1427
    1427 1349 1349 1359 2984 2984 1365 1365 1376 1381 1381 1381 1381
    2908 2933 2883 2883 3433 3399 1354 1354 1349 1343 1343 1343 1343
    1349 1343 1343 1343 1343 1343 1343 1278 1278 1278 1283 1283 1376
    1343 1343 1365 1365 1365 1376 1381 1349 1349 1343 1343 1354 1349
    1349 1349 1349 1349 1359 1359 1359 1359 1365 1370 1381 1376 1376
    1370 1370 1370 2883 2883 3433 1349 1349 1349 1349 1338 1338 1333
    1333 1333 1333 1333 1328 1322 1312 1288 1278 1278 1278 1283 1283
    1333 1333 1333 1328 1328 1333 1333 1343 1338 1338 1338 1338 1338
    1349 1349 1349 1343 1343 1343 1349 1354 1354 1359 1359 1376 1370
    1365 1365 1365 1365 2883 2883 1349 1349 1349 1349 1343 1333 1328
    1322 1322 1322 1322 1322 1312 1307 1292 1288 1278 1278 1278 1278
    1283 1307 1317 1317 1317 1317 1317 1317 1322 1328 1328 1328 1328
    1328 1328 1333 1338 1338 1333 1333 1338 1338 1343 1349 1349 1354
    1365 1365 1365 1365 1365 1365 2883 1354 1354 1349 1349 1338 1333
    1328 1322 1322 1317 1312 1307 1302 1297 1283 1278 1278 1273 1273
    1273 1278 1288 1288 1288 1288 1302 1302 1302 1307 1307 1312 1317
    1317 1317 1317 1322 1328 1333 1328 1328 1328 1333 1338 1343 1343
    1349 1359 1359 1365 1365 1365 1365 2859 1354 1354 1349 1349 1338
    1333 1328 1322 1317 1317 1307 1302 1297 1288 1278 1273 1273 1268
    1268 1268 1268 1273 1273 1278 1278 1283 1288 1288 1297 1297 1302
    1307 1307 1312 1312 1317 1322 1322 1328 1328 1328 1333 1338 1343
    1343 1349 1354 1359 1365 1365 1365 1365 2859 1354 1354 1354 1349
    1343 1333 1328 1322 1317 1312 1307 1297 1292 1288 1278 1273 1268
    1268 1264 1264 1268 1273 1273 1273 1278 1278 1283 1288 1292 1297
    1297 1302 1307 1312 1312 1317 1322 1322 1322 1328 1338 1338 1338
    1343 1343 1349 1354 1359 1365 1365 1365 1365 2859 1354 1354 1354
    1349 1343 1338 1333 1322 1317 1312 1307 1297 1292 1288 1278 1273
    1268 1264 1264 1264 1264 1268 1273 1273 1278 1278 1283 1283 1292
    1297 1297 1302 1302 1312 1312 1317 1317 1322 1322 1322 1338 1338
    1338 1343 1343 1349 1354 1359 1365 1365 1365 1365 2859 1354 1354
    1354 1349 1343 1338 1328 1322 1317 1312 1307 1297 1292 1288 1278
    1273 1268 1264 1264 1264 1264 1268 1273 1278 1278 1278 1283 1283
    1292 1297 1297 1302 1302 1312 1312 1317 1317 1322 1322 1322 1338
    1338 1343 1343 1343 1349 1354 1359 1365 1365 1365 1365 2859 1359
    1359 1354 1349 1338 1333 1328 1322 1317 1312 1307 1297 1292 1288
    1278 1273 1268 1264 1264 1264 1264 1268 1273 1278 1278 1278 1283
    1288 1292 1297 1297 1302 1302 1307 1312 1317 1317 1322 1322 1333
    1338 1338 1343 1343 1343 1349 1354 1359 1365 1365 1365 1365 2883
    1354 1354 1349 1343 1338 1333 1333 1322 1317 1312 1307 1297 1292
    1283 1278 1273 1264 1264 1264 1264 1264 1268 1273 1273 1278 1283
    1288 1288 1297 1297 1297 1302 1302 1307 1312 1317 1317 1322 1322
    1333 1338 1338 1343 1343 1343 1349 1354 1359 1365 1365 1365 1365
    2883 1354 1354 1349 1343 1338 1333 1333 1322 1317 1312 1307 1297
    1292 1283 1278 1273 1264 1264 1264 1264 1264 1268 1273 1273 1278
    1283 1288 1288 1292 1297 1297 1302 1302 1307 1312 1317 1317 1317
    1322 1333 1338 1338 1343 1343 1343 1349 1354 1359 1359 1359 1359
    1359 2883 1354 1354 1349 1343 1338 1333 1328 1317 1317 1312 1307
    1297 1292 1283 1278 1273 1264 1264 1264 1264 1264 1268 1273 1273
    1278 1283 1283 1283 1292 1297 1297 1302 1302 1307 1312 1317 1317
    1317 1322 1333 1338 1338 1343 1343 1343 1354 1359 1359 1359 1359
    1359 1359 2859 1354 1354 1349 1343 1338 1333 1322 1317 1317 1312
    1307 1302 1292 1283 1278 1273 1268 1264 1264 1264 1268 1273 1273
    1273 1278 1278 1283 1283 1292 1297 1297 1302 1302 1312 1312 1317
    1317 1322 1322 1333 1338 1338 1343 1343 1349 1354 1359 1359 1359
    1365 1365 1365 1365 1354 1354 1349 1343 1338 1333 1322 1317 1317
    1312 1312 1302 1292 1283 1278 1273 1268 1264 1264 1268 1273 1273
    1273 1273 1278 1278 1283 1283 1292 1297 1297 1302 1302 1312 1317
    1317 1322 1322 1322 1333 1338 1338 1343 1343 1349 1354 1359 1359
    1359 1365 1365 1365 1365 1354 1354 1349 1343 1338 1333 1322 1317
    1317 1312 1307 1302 1297 1283 1278 1273 1268 1264 1264 1268 1268
    1273 1273 1273 1278 1278 1278 1283 1292 1297 1297 1302 1302 1312
    1317 1317 1322 1322 1328 1333 1333 1338 1343 1343 1349 1349 1359
    1359 1359 1365 1365 1365 1365 1354 1354 1349 1343 1338 1333 1322
    1317 1312 1312 1307 1302 1297 1288 1278 1273 1264 1264 1264 1268
    1268 1273 1273 1273 1278 1278 1278 1283 1292 1297 1297 1302 1302
    1312 1317 1317 1317 1322 1322 1328 1333 1338 1338 1343 1349 1349
    1359 1359 1359 1365 1365 1365 1365 1354 1354 1349 1343 1338 1333
    1328 1317 1312 1312 1307 1302 1292 1288 1278 1273 1264 1264 1264
    1264 1268 1273 1273 1273 1278 1278 1278 1283 1292 1297 1297 1302
    1307 1312 1317 1317 1317 1322 1322 1328 1333 1338 1338 1343 1349
    1354 1359 1359 1359 1365 1365 1365 1365 1354 1354 1349 1338 1338
    1333 1328 1322 1317 1312 1307 1297 1292 1288 1278 1273 1264 1264
    1264 1264 1268 1273 1273 1273 1278 1283 1283 1283 1297 1297 1297
    1302 1302 1307 1312 1317 1317 1317 1322 1322 1333 1338 1343 1343
    1349 1349 1354 1359 1359 1365 1365 1365 1365 1354 1354 1349 1338
    1338 1333 1328 1322 1312 1312 1302 1297 1292 1288 1278 1273 1264
    1264 1264 1264 1264 1273 1273 1273 1278 1278 1283 1288 1297 1297
    1297 1302 1302 1307 1312 1317 1317 1317 1322 1322 1338 1338 1343
    1343 1343 1349 1354 1359 1359 1365 1365 1365 1365 1354 1354 1349
    1343 1338 1333 1328 1322 1312 1307 1302 1297 1288 1288 1278 1273
    1264 1264 1264 1264 1264 1273 1273 1273 1278 1278 1283 1288 1297
    1297 1297 1302 1302 1312 1312 1317 1317 1317 1322 1328 1338 1338
    1343 1343 1343 1349 1354 1359 1359 1365 1365 1365 1365 1354 1354
    1349 1343 1338 1333 1328 1322 1312 1307 1302 1297 1288 1283 1278
    1273 1268 1264 1264 1264 1268 1273 1273 1273 1278 1278 1283 1288
    1297 1297 1297 1302 1302 1312 1312 1317 1317 1317 1322 1333 1338
    1338 1343 1343 1343 1349 1354 1359 1359 1365 1365 1370 1713 1354
    1354 1349 1343 1338 1333 1328 1322 1317 1307 1302 1297 1288 1283
    1278 1273 1268 1264 1264 1264 1268 1273 1273 1273 1278 1278 1278
    1288 1292 1297 1297 1302 1307 1312 1312 1317 1317 1322 1328 1333
    1338 1338 1343 1343 1343 1349 1354 1359 1359 1365 1365 1370 1713
    1354 1354 1349 1343 1338 1333 1328 1322 1317 1307 1302 1292 1288
    1278 1278 1273 1268 1264 1264 1268 1268 1273 1273 1278 1278 1278
    1278 1288 1292 1297 1297 1302 1307 1312 1317 1317 1317 1322 1328
    1333 1338 1338 1343 1343 1349 1354 1359 1359 1359 1365 1365 1722
    1713 1354 1354 1349 1343 1338 1333 1328 1322 1317 1307 1302 1292
    1288 1278 1273 1273 1264 1264 1264 1264 1268 1273 1273 1273 1278
    1278 1278 1283 1292 1297 1297 1302 1312 1312 1317 1317 1317 1322
    1328 1333 1338 1338 1343 1343 1349 1354 1359 1359 1359 1365 1365
