<?xml version="1.0"?>
<opencv_storage>
<Depth9444 type_id="opencv-matrix">
  <rows>94</rows>
  <cols>60</cols>
  <dt>w</dt>
  <data>
    4190 4190 4190 4139 4139 4190 4139 1328 1328 1328 1317 1317 1317
    1317 1322 1333 1333 1349 1349 1349 1349 1349 4139 4139 4041 4041
    4041 3903 3903 4041 4041 4041 4041 4041 4041 4041 4041 4041 4089
    4089 4089 4089 4041 4041 4041 4041 4041 4041 4041 4041 4041 4041
    4041 3994 3994 3948 3948 3948 3948 3948 4190 4139 4139 4139 4139
    4139 1333 1328 1322 1322 1317 1317 1317 1317 1317 1317 1317 1328
    1338 1343 1343 1343 1343 1343 4041 4041 4041 3859 3859 4041 4041
    4041 4041 4041 4041 4041 4041 4041 4089 4089 4041 4041 4041 4041
    4041 4041 4041 4041 4041 4041 4041 4041 4041 3994 3994 3948 3948
    3948 3948 3948 4190 4139 4139 4139 4139 1333 1333 1328 1322 1317
    1312 1312 1312 1312 1312 1312 1312 1317 1317 1328 1328 1292 1292
    1292 1292 1288 3859 3859 3859 3859 1255 1255 4089 4089 4041 4041
    4041 4041 4041 4041 4041 4041 4041 4041 4089 4089 4089 4041 4041
    4041 4041 4041 4041 3994 3994 3948 3948 3948 3948 3903 4241 4241
    4241 4241 0 1333 1333 1328 1317 1317 1312 1307 1307 1307 1302 1302
    1302 1302 1292 1292 1278 1278 1283 1283 1288 1288 1264 1264 1255
    1255 1255 1255 1255 1255 1255 4041 4041 4041 4041 3994 3994 4041
    4041 4041 4089 4089 4089 4041 4041 4041 4041 4041 4041 4041 3994
    3994 3948 3903 3903 3903 4241 4405 4405 0 0 1328 1328 1328 1317 1317
    1312 1307 1307 1302 1297 1292 1292 1292 1288 1288 1273 1273 1278
    1273 1273 1273 1264 1264 1259 1255 1255 1255 1255 1255 0 0 1236 3994
    3994 3994 1278 1273 1273 1273 1273 1278 1278 1283 1283 1283 4041
    4041 4041 1264 1259 1259 3948 3903 3903 3903 4295 4405 4405 0 0 1328
    1328 1328 1322 1317 1312 1307 1307 1302 1297 1292 1292 1288 1288
    1278 1273 1273 1273 1273 1273 1268 1259 1259 1255 1255 1255 1255
    1255 1255 1241 1241 1236 1223 1223 1278 1278 1268 1268 1273 1273
    1273 1278 1278 1283 1278 1278 1264 1264 1259 1255 1255 3948 3948
    3948 1245 4295 4349 4349 0 0 0 1322 1322 1322 1317 1312 1307 1307
    1307 1297 1292 1292 1288 1288 1273 1273 1273 1268 1268 1268 1264
    1259 1255 1255 1255 1250 1250 1241 1241 1241 1241 1236 1223 1223
    1223 1223 1223 1227 1273 1273 1189 1189 1278 1278 1278 1278 1264
    1264 1259 1236 1236 1241 1241 1245 1245 4241 4241 0 0 0 0 1322 1322
    1317 1317 1312 1307 1307 1307 1297 1292 1288 1288 1288 1273 1273
    1273 1268 1268 1268 1264 1259 1255 1255 1250 1250 1245 1236 1236
    1236 1236 1236 1223 1223 1223 1223 1223 1219 1206 1202 1189 1185
    1185 1278 1278 1283 1273 1273 1241 1232 1232 1236 1236 1245 1255
    4190 4190 0 0 0 0 1322 1322 1317 1317 1312 1307 1307 1307 1302 1292
    1288 1288 1288 1273 1273 1273 1273 1268 1264 1259 1255 1255 1255
    1250 1245 1241 1236 1236 1236 1236 1232 1223 1223 1219 1219 1214
    1214 1206 1202 1202 1185 1185 1197 1197 1193 1193 1202 1210 1223
    1223 1232 1236 1241 1241 4190 4190 0 0 0 0 1328 1322 1317 1317 1312
    1307 1307 1307 1297 1297 1292 1288 1288 1278 1273 1273 1273 1268
    1264 1259 1255 1255 1255 1250 1245 1241 1236 1236 1236 1236 1232
    1223 1223 1219 1219 1214 1210 1206 1206 1202 1202 1197 1189 1189
    1189 1193 1197 1206 1219 1223 1232 1236 1241 1241 4190 4190 0 0 0 0
    1328 1322 1317 1312 1312 1312 1307 1307 1297 1292 1292 1288 1288
    1278 1278 1273 1268 1268 1264 1259 1255 1255 1255 1250 1245 1236
    1236 1236 1236 1232 1232 1227 1223 1219 1219 1214 1210 1206 1206
    1202 1197 1197 1189 1189 1189 1189 1193 1202 1214 1223 1232 1241
    1245 1259 4190 4190 0 0 0 0 1328 1322 1317 1312 1312 1312 1307 1302
    1297 1292 1292 1288 1288 1283 1278 1273 1268 1268 1264 1259 1255
    1255 1255 1250 1245 1236 1236 1236 1236 1232 1232 1227 1223 1219
    1219 1214 1214 1206 1206 1202 1197 1197 1189 1189 1189 1189 1193
    1202 1210 1219 1232 1241 1245 1245 4241 0 0 0 0 1328 1328 1328 1322
    1317 1312 1312 1307 1302 1297 1292 1292 1288 1288 1283 1278 1273
    1268 1268 1264 1259 1255 1255 1255 1250 1250 1236 1236 1241 1236
    1232 1232 1227 1223 1219 1219 1214 1214 1210 1206 1202 1202 1202
    1197 1189 1189 1189 1189 1202 1210 1219 1232 1241 1245 1245 4241 0 0
    0 0 1328 1328 1328 1322 1312 1312 1307 1307 1302 1297 1292 1292 1288
    1288 1283 1278 1273 1273 1268 1268 1264 1259 1255 1255 1250 1250
    1236 1236 1241 1236 1232 1232 1227 1223 1219 1219 1219 1214 1210
    1206 1202 1202 1202 1197 1189 1189 1189 1189 1206 1210 1219 1232
    1241 1245 1250 0 0 0 0 0 1328 1328 1328 1322 1312 1312 1307 1307
    1302 1297 1292 1292 1288 1288 1283 1278 1273 1273 1268 1268 1264
    1259 1255 1255 1250 1250 1236 1236 1236 1236 1236 1232 1227 1223
    1219 1219 1219 1214 1210 1206 1202 1202 1202 1189 1189 1189 1189
    1193 1206 1214 1223 1232 1241 1245 1250 4241 0 0 0 0 1333 1328 1328
    1322 1317 1312 1312 1307 1307 1302 1297 1292 1288 1288 1283 1278
    1273 1273 1268 1268 1264 1255 1255 1250 1250 1250 1236 1236 1236
    1236 1236 1232 1227 1223 1219 1219 1219 1214 1210 1206 1206 1202
    1197 1189 1189 1189 1189 1202 1214 1219 1227 1236 1241 1245 1250
    4241 0 0 0 0 1333 1328 1328 1317 1312 1312 1307 1307 1307 1302 1297
    1292 1292 1288 1278 1273 1273 1273 1268 1268 1264 1255 1255 1250
    1250 1245 1236 1236 1236 1236 1236 1232 1227 1223 1219 1219 1214
    1214 1210 1206 1206 1202 1197 1189 1189 1189 1189 1202 1214 1223
    1232 1236 1241 1245 1255 4190 0 0 0 0 1333 1328 1328 1317 1312 1312
    1307 1307 1302 1302 1297 1292 1288 1288 1278 1273 1273 1273 1273
    1268 1264 1255 1255 1255 1250 1241 1241 1241 1241 1236 1236 1232
    1227 1223 1219 1219 1214 1210 1210 1206 1202 1202 1197 1189 1189
    1193 1193 1202 1214 1223 1232 1236 1241 1245 1245 4190 0 0 0 1328
    1328 1328 1322 1317 1312 1312 1307 1307 1302 1297 1297 1292 1288
    1288 1278 1273 1273 1273 1268 1268 1264 1255 1255 1255 1250 1241
    1241 1241 1241 1236 1236 1232 1227 1223 1219 1219 1219 1210 1210
    1206 1202 1202 1197 1189 1189 1193 1193 1202 1214 1223 1232 1241
    1245 1250 1250 4241 0 0 0 1328 1328 1328 1322 1317 1312 1312 1307
    1307 1302 1297 1297 1292 1288 1288 1283 1273 1273 1273 1268 1268
    1264 1255 1255 1255 1250 1241 1241 1241 1241 1236 1236 1232 1227
    1223 1223 1219 1219 1219 1210 1206 1202 1202 1197 1193 1193 1197
    1197 1206 1214 1223 1232 1241 1241 1250 1250 4241 0 0 0 1328 1328
    1328 1322 1317 1312 1312 1307 1307 1302 1297 1297 1292 1288 1288
    1283 1273 1273 1273 1268 1268 1264 1259 1255 1250 1250 1241 1241
    1241 1241 1236 1236 1232 1227 1223 1223 1219 1219 1219 1214 1206
    1202 1202 1197 1197 1197 1197 1202 1206 1214 1223 1232 1241 1241
    1250 1250 4241 0 0 0 1333 1328 1328 1322 1322 1317 1312 1307 1307
    1302 1297 1292 1292 1288 1288 1283 1278 1273 1268 1268 1264 1259
    1259 1255 1250 1250 1245 1236 1236 1241 1241 1236 1232 1227 1223
    1219 1219 1219 1214 1214 1206 1206 1202 1202 1197 1197 1202 1202
    1206 1214 1223 1232 1241 1245 1245 0 4241 0 0 0 1333 1333 1328 1328
    1322 1317 1312 1307 1307 1302 1297 1292 1292 1288 1283 1278 1273
    1273 1268 1268 1264 1259 1259 1255 1255 1250 1245 1236 1236 1241
    1241 1236 1232 1227 1223 1219 1219 1219 1214 1210 1206 1206 1202
    1189 1189 1193 1197 1202 1210 1210 1223 1232 1241 1245 1245 0 4190 0
    0 0 1333 1333 1328 1328 1322 1317 1312 1307 1307 1307 1302 1297 1288
    1288 1283 1278 1273 1273 1268 1268 1268 1264 1259 1255 1255 1250
    1245 1241 1241 1241 1241 1236 1227 1223 1223 1219 1219 1214 1214
    1210 1206 1206 1202 1189 1189 1193 1193 1193 1206 1210 1223 1232
    1241 1245 1245 0 4190 4190 0 1333 1333 1333 1328 1328 1322 1317 1312
    1307 1307 1307 1302 1297 1288 1288 1283 1278 1273 1273 1268 1268
    1268 1264 1259 1255 1255 1250 1245 1241 1241 1241 1236 1232 1227
    1223 1223 1219 1219 1214 1214 1210 1206 1206 1202 1189 1189 1193
    1193 1193 1206 1219 1227 1232 1241 1250 1259 0 4241 4241 0 1333 1333
    1333 1333 1328 1322 1312 1312 1312 1307 1307 1302 1297 1288 1288
