<?xml version="1.0"?>
<opencv_storage>
<Depth0541 type_id="opencv-matrix">
  <rows>20</rows>
  <cols>10</cols>
  <dt>w</dt>
  <data>
    3774 3774 3732 3692 3653 3653 3692 0 0 0 3774 3774 3732 3692 3692
    3692 3732 3732 0 0 3774 3774 3774 3732 3732 3774 3732 3732 3774 3816
    3774 3774 3774 3774 3774 3774 3732 3732 3774 3816 3774 3774 3774
    3774 3774 3774 3774 3774 3774 3816 3816 3816 3816 3816 3816 3774
    3774 3774 3774 3774 3774 3774 3816 3816 3816 3774 3774 3774 3774
    3774 3774 3774 3816 3816 3816 3816 3816 3816 3816 3774 3816 3816
    3816 3859 3859 3859 3859 3859 3903 3774 3859 3859 3859 3859 3859
    3903 3859 3859 3903 3816 3903 3903 3903 3903 3903 3903 3903 3903
    3903 3903 3948 3948 3903 3903 3948 3948 3948 3948 3903 3903 3948
    3948 3948 3948 3948 3994 3994 3948 3948 3948 3994 3994 3948 3948
    3994 3994 3994 3948 3859 3774 3994 3994 3994 3994 3948 3948 3948
    3948 3859 3774 3994 3994 3994 3994 3948 3948 3948 3948 3903 3816
    4041 4041 4041 3994 3994 3948 3948 3948 3948 3859 4089 4041 4041
    3994 3994 3948 3948 3948 3948 3948 4139 4089 4089 4041 3994 3948
    3948 3948 3948 3948 3539 4139 4139 4139 4089 3948 3948 3994 3994
    3994</data></Depth0541>
</opencv_storage>
