<?xml version="1.0"?>
<opencv_storage>
<Depth5463 type_id="opencv-matrix">
  <rows>80</rows>
  <cols>58</cols>
  <dt>w</dt>
  <data>
    2767 2767 2767 2767 2789 2812 2789 2744 2744 2744 3948 3948 3948
    3948 1322 1312 1312 1307 1302 1292 1288 1288 1288 1292 1297 1297
    1297 1302 1302 1302 4405 4405 4405 4405 4463 4405 4405 4463 4463
    4522 4582 4582 4582 4582 4582 4582 4582 4582 4645 4645 4645 4645
    4645 4645 4645 4708 4708 4708 2767 2767 2767 2767 2767 2789 2789
    2789 2789 3948 3948 3948 3948 1317 1317 1312 1312 1307 1288 1288
    1288 1288 1288 1292 1297 1302 1302 1302 1302 1312 1312 1328 4405
    4405 4463 4463 4463 4522 4522 4522 4582 4582 4582 4582 4582 4582
    4582 4582 4582 4645 4645 4645 4645 4645 4645 4708 4708 4708 2767
    2767 2767 2767 2767 2789 2812 2812 2812 1343 1338 1333 1322 1317
    1317 1307 1307 1307 1288 1288 1288 1288 1288 1292 1297 1302 1307
    1307 1307 1312 1312 1328 1338 1338 1338 4522 4522 4582 4582 4582
    4522 4522 4522 4582 4582 4582 4582 4582 4582 4645 4645 4645 4645
    4645 4645 4708 4774 4842 2744 2767 2767 2767 2767 2767 2812 2812
    1333 1333 1333 1328 1317 1307 1307 1307 1307 1302 1288 1288 1288
    1288 1288 1292 1297 1302 1307 1312 1312 1317 1322 1328 1333 1338
    1343 1343 4582 4582 4582 4522 4522 4463 4463 4522 4582 4582 4582
    4582 4582 4645 4645 4645 4645 4708 4708 4774 4774 4842 2744 2744
    2767 2767 2767 2767 2767 1328 1328 1328 1333 1322 1307 1302 1302
    1302 1302 1288 1283 1283 1283 1283 1288 1288 1297 1302 1307 1307
    1312 1317 1328 1328 1333 1338 1343 1349 1349 1359 4582 1381 1381
    1381 4463 4522 4582 4582 4582 4582 4582 4645 4645 4645 4645 4645
    4708 4774 4774 4842 2723 2723 2767 2767 2767 2767 1322 1322 1322
    1322 1322 1312 1302 1302 1302 1302 1292 1288 1283 1283 1283 1283
    1288 1288 1292 1302 1302 1307 1307 1317 1328 1328 1333 1338 1343
    1349 1349 1354 1365 1370 1381 1381 1398 1398 4582 4582 4582 4582
    4582 4645 4645 4645 4645 4645 4708 4708 4774 4774 2723 2723 2767
    2767 2767 2767 1317 1317 1317 1322 1317 1307 1302 1297 1297 1292
    1288 1283 1283 1283 1283 1283 1283 1288 1292 1297 1302 1302 1307
    1307 1328 1333 1333 1333 1338 1343 1349 1354 1365 1370 1376 1381
    1392 1392 1392 4582 4582 4582 4582 4645 4645 4645 4645 4645 4645
    4708 4708 4774 2744 2744 2767 2767 2767 2767 1317 1317 1317 1322
    1317 1307 1302 1297 1292 1288 1288 1283 1283 1283 1283 1283 1283
    1283 1292 1297 1302 1302 1307 1307 1317 1322 1328 1333 1333 1343
    1349 1359 1365 1370 1370 1381 1387 1387 1404 1398 1398 1415 4645
    4645 4645 4645 4645 4645 4645 4708 4708 4774 2767 2767 2767 2767
    2767 1317 1317 1317 1322 1317 1317 1307 1302 1297 1292 1288 1283
    1278 1278 1278 1278 1278 1283 1283 1288 1292 1297 1302 1307 1307
    1317 1322 1328 1328 1333 1338 1343 1359 1365 1370 1370 1376 1387
    1387 1398 1398 1398 1415 1415 1433 1433 1433 4708 4708 4708 4708
    4708 4774 2767 2767 2767 2789 2789 1317 1317 1317 1322 1317 1312
    1307 1302 1297 1292 1288 1283 1278 1273 1273 1273 1273 1278 1283
    1288 1292 1297 1302 1307 1312 1317 1322 1328 1328 1328 1338 1343
    1359 1359 1365 1370 1376 1381 1387 1398 1404 1410 1415 1415 1433
    1433 1433 1445 1464 1464 1470 4774 4842 2789 2789 2789 2789 2789
    2789 1317 1317 1317 1312 1307 1302 1292 1292 1288 1288 1283 1278
    1273 1268 1268 1273 1273 1278 1283 1288 1292 1297 1302 1312 1312
    1317 1328 1328 1328 1338 1343 1359 1359 1365 1365 1376 1381 1387
    1398 1404 1410 1415 1421 1427 1433 1433 1445 1452 1464 1470 1470
    4842 2789 2789 2789 2789 2789 2789 1312 1312 1312 1312 1307 1302
    1292 1292 1288 1288 1283 1278 1273 1268 1268 1273 1273 1278 1283
    1288 1288 1292 1302 1307 1312 1317 1322 1328 1328 1338 1343 1359
    1359 1365 1365 1376 1381 1387 1392 1404 1410 1415 1421 1427 1433
    1433 1439 1452 1458 1464 1464 1464 2789 2789 2789 2789 2789 2789
    1312 1312 1312 1307 1302 1302 1292 1288 1288 1288 1283 1273 1268
    1268 1268 1268 1268 1278 1283 1288 1288 1292 1302 1307 1312 1312
    1322 1328 1328 1338 1349 1359 1359 1365 1370 1376 1381 1387 1392
    1404 1410 1415 1421 1427 1433 1433 1439 1452 1458 1464 1464 1464
    2812 2789 2789 2789 2789 1317 1317 1312 1312 1307 1302 1297 1288
    1288 1288 1283 1283 1273 1268 1268 1268 1268 1268 1273 1283 1288
    1288 1292 1302 1307 1312 1312 1322 1328 1328 1338 1349 1354 1359
    1359 1370 1370 1376 1387 1392 1398 1404 1410 1421 1427 1427 1433
    1439 1445 1452 1464 1464 1464 2812 2835 2835 2835 0 1312 1312 1312
    1312 1302 1302 1297 1288 1288 1283 1278 1273 1264 1259 1259 1264
    1264 1268 1273 1283 1288 1288 1288 1297 1307 1312 1312 1322 1322
    1322 1333 1349 1354 1359 1359 1370 1370 1370 1387 1392 1398 1404
    1410 1415 1421 1427 1433 1439 1445 1445 1458 1458 1458 2812 2812
    2835 2835 0 1312 1312 1312 1312 1302 1297 1292 1288 1288 1283 1273
    1268 1264 1259 1259 1264 1264 1268 1268 1278 1283 1288 1288 1297
    1302 1307 1312 1322 1322 1322 1333 1349 1349 1359 1359 1370 1370
    1370 1387 1398 1398 1404 1410 1410 1415 1427 1433 1433 1439 1445
    1458 1458 1458 2812 2812 2812 2812 0 1312 1312 1312 1307 1302 1297
    1288 1283 1283 1283 1268 1268 1264 1259 1259 1259 1264 1268 1268
    1278 1283 1283 1288 1297 1302 1307 1312 1322 1322 1328 1343 1349
    1349 1354 1359 1365 1370 1370 1381 1392 1398 1404 1410 1410 1415
    1427 1433 1433 1439 1445 1452 1452 1458 2789 2812 2812 0 1317 1312
    1312 1312 1307 1302 1292 1288 1283 1283 1278 1268 1268 1264 1259
    1259 1259 1264 1264 1268 1278 1278 1283 1288 1292 1302 1307 1312
    1317 1322 1322 1343 1349 1349 1354 1365 1365 1370 1370 1376 1392
    1398 1404 1410 1410 1415 1421 1427 1433 1439 1445 1452 1452 1458
    2789 2812 2812 0 1317 1317 1312 1312 1302 1302 1288 1288 1283 1283
    1278 1268 1268 1264 1259 1259 1264 1264 1264 1268 1278 1278 1283
    1288 1292 1297 1307 1307 1317 1322 1322 1333 1343 1349 1354 1365
    1365 1370 1370 1376 1392 1398 1404 1410 1410 1415 1421 1427 1433
    1439 1439 1452 1458 1458 2789 2812 2812 0 1312 1312 1312 1307 1302
    1297 1288 1283 1278 1278 1278 1268 1268 1264 1264 1264 1264 1264
    1264 1268 1283 1283 1288 1288 1292 1297 1307 1307 1312 1317 1322
    1328 1338 1343 1349 1359 1365 1365 1370 1370 1387 1392 1398 1410
    1410 1415 1415 1421 1433 1433 1439 1445 1452 1464 2789 2789 0 0 0
    1312 1307 1307 1302 1297 1288 1283 1278 1278 1273 1268 1268 1264
    1259 1259 1259 1259 1264 1264 1283 1283 1288 1288 1288 1292 1302
    1307 1312 1317 1322 1328 1338 1343 1349 1354 1365 1365 1370 1370
    1387 1392 1398 1404 1410 1415 1415 1421 1427 1433 1433 1445 1452
    1452 2767 2767 0 0 0 1312 1302 1302 1302 1297 1288 1283 1278 1278
    1268 1268 1264 1259 1255 1255 1259 1259 1264 1264 1273 1283 1283
    1288 1288 1292 1302 1307 1312 1317 1322 1322 1328 1338 1349 1354
    1365 1365 1370 1376 1387 1387 1392 1404 1410 1415 1415 1421 1427
    1433 1433 1439 1452 1452 2767 2767 0 0 0 1302 1302 1302 1297 1288
    1283 1278 1273 1273 1268 1264 1264 1255 1255 1255 1255 1259 1264
    1268 1273 1278 1283 1288 1288 1292 1297 1302 1307 1312 1322 1322
    1328 1338 1343 1349 1359 1365 1376 1387 1387 1387 1392 1404 1404
    1410 1415 1421 1427 1433 1433 1439 1452 1452 2744 2744 0 0 0 1297
    1297 1297 1292 1288 1283 1278 1273 1268 1264 1264 1259 1255 1255
    1255 1255 1259 1264 1268 1273 1278 1283 1283 1288 1297 1297 1302
    1307 1312 1322 1328 1333 1338 1343 1349 1354 1359 1370 1381 1381
    1387 1392 1398 1404 1410 1415 1421 1427 1427 1433 1433 1439 1439
    2744 2744 2744 0 1302 1292 1292 1288 1288 1283 1283 1278 1268 1268
    1264 1264 1259 1255 1250 1250 1255 1259 1264 1268 1268 1278 1278
    1283 1283 1292 1297 1297 1307 1307 1328 1328 1333 1338 1338 1349
    1354 1354 1365 1376 1381 1387 1387 1398 1404 1410 1415 1415 1421
    1427 1433 1433 1439 1439 2744 2744 2744 0 1302 1302 1292 1283 1283
    1278 1278 1273 1268 1268 1264 1264 1259 1255 1250 1250 1250 1255
    1264 1268 1268 1278 1278 1283 1283 1292 1297 1297 1307 1307 1322
