<?xml version="1.0"?>
<opencv_storage>
<Depth2186 type_id="opencv-matrix">
  <rows>5</rows>
  <cols>7</cols>
  <dt>w</dt>
  <data>
    8626 8626 8626 8626 8626 8626 8626 8626 8626 8413 8413 8413 8626
    8413 8413 8626 8413 8413 8413 8626 8413 8413 8626 8626 8626 8626
    8626 8626 8626 8626 8849 8849 8626 8413 8413</data></Depth2186>
</opencv_storage>
