<?xml version="1.0"?>
<opencv_storage>
<Depth5851 type_id="opencv-matrix">
  <rows>64</rows>
  <cols>47</cols>
  <dt>w</dt>
  <data>
    4708 4708 4774 4842 4842 4842 4842 4842 4842 4842 4911 4911 4911
    4911 4911 1813 1804 1804 5132 5132 5132 5132 5132 5132 5132 5210
    5210 5210 5210 5210 5210 5210 5210 5210 5210 5210 5291 5374 5374
    5374 5374 5374 5374 5374 5460 5460 5460 4708 4708 4842 4842 4842
    4842 4842 4842 4842 4842 4911 4911 1833 1833 1833 1813 1804 1804
    1804 1804 5210 5132 5132 5132 5132 5210 5210 5210 5210 5210 5210
    5210 5210 5210 5210 5291 5291 5374 5374 5374 5374 5374 5374 5460
    5460 5460 5460 4708 4774 4842 4842 4842 4842 4842 4774 4774 4842
    4911 1833 1823 1823 1823 1813 1804 1804 1804 1804 1813 5132 1823
    1823 5210 5210 5210 5210 5210 5210 5210 5210 5210 5210 5210 5291
    5291 5291 5374 5374 5374 5374 5460 5460 5460 5460 5460 4708 4774
    4842 4842 4842 4842 4842 4774 4774 1823 1813 1813 1823 1823 1823
    1813 1804 1804 1804 1804 1804 1804 1813 1804 1804 1804 1804 1804
    5210 5210 5210 5210 5210 5210 5210 5291 5291 5291 5291 5291 5374
    5460 5460 5460 5460 5460 5460 4708 4842 4842 4842 4842 4774 4774
    4842 1813 1813 1813 1813 1813 1813 1804 1804 1804 1804 1804 1804
    1804 1804 1804 1804 1804 1794 1794 1804 1804 1804 1804 1804 1804
    1804 5210 5291 5291 5291 5291 5291 5374 5460 5460 5460 5460 5460
    5460 4774 4774 4842 4842 4774 4708 4708 4708 1813 1813 1813 1813
    1813 1813 1804 1804 1804 1804 1804 1804 1804 1804 1804 1804 1794
    1794 1794 1804 1804 1804 1804 1804 1804 1804 1804 1804 1804 1804
    1804 1804 1804 5460 5460 5460 5460 5460 5460 4708 4774 4842 4842
    4774 4708 4708 4708 1813 1813 1813 1813 1813 1813 1804 1804 1804
    1804 1804 1804 1804 1804 1804 1794 1794 1794 1794 1804 1804 1804
    1804 1804 1804 1804 1804 1794 1794 1804 1794 1794 1794 1794 1794
    1794 1794 5460 5460 4708 4774 4774 4774 4774 4708 4708 4708 1813
    1813 1813 1813 1804 1804 1804 1804 1804 1804 1804 1804 1804 1804
    1804 1794 1794 1794 1794 1804 1804 1804 1794 1794 1804 1794 1794
    1794 1794 1794 1794 1794 1794 1794 1794 1794 1794 1794 5460 4708
    4774 4774 4774 4774 4774 4774 4774 1804 1804 1804 1804 1804 1804
    1804 1804 1804 1804 1804 1804 1804 1804 1804 1794 1794 1794 1794
    1794 1794 1794 1794 1794 1794 1794 1794 1794 1794 1794 1794 1794
    1794 1794 1794 1794 1794 1794 1794 4708 4708 4774 4774 4774 4774
    4774 0 1804 1804 1794 1794 1804 1804 1804 1804 1804 1804 1804 1804
    1804 1804 1794 1794 1794 1794 1794 1794 1794 1794 1785 1785 1794
    1794 1794 1794 1794 1794 1794 1794 1794 1794 1794 1785 1785 1794
    1794 4708 4708 4774 4774 4774 4842 4842 1804 1804 1804 1794 1794
    1804 1804 1804 1804 1804 1804 1804 1804 1804 1804 1794 1794 1804
    1804 1804 1794 1794 1794 1785 1785 1794 1794 1794 1794 1794 1794
    1794 1794 1794 1794 1794 1785 1785 1794 1794 4708 4774 4774 4774
    4774 4842 4842 1804 1804 1794 1794 1804 1804 1804 1804 1804 1804
    1794 1794 1794 1794 1794 1804 1804 1794 1794 1794 1794 1794 1794
    1794 1794 1794 1794 1794 1794 1794 1794 1794 1794 1785 1785 1785
    1785 1794 1794 1804 4708 4774 4774 4774 4842 4842 4911 1804 1804
    1794 1794 1804 1804 1804 1794 1794 1794 1794 1794 1794 1794 1794
    1794 1794 1794 1794 1794 1794 1794 1794 1794 1794 1794 1794 1794
    1794 1785 1785 1785 1785 1785 1785 1785 1785 1794 1794 1804 4774
    4774 4774 4774 4774 4842 4911 1804 1804 1794 1794 1804 1804 1804
    1794 1794 1794 1794 1794 1794 1794 1794 1794 1794 1794 1794 1794
    1794 1794 1794 1794 1794 1794 1794 1794 1785 1785 1785 1785 1785
    1785 1785 1785 1785 1794 1794 1804 4774 4774 4774 4774 4774 4842
    4842 1804 1804 1794 1794 1804 1804 1794 1794 1794 1794 1794 1794
    1794 1794 1794 1794 1794 1794 1785 1785 1785 1785 1785 1794 1794
    1794 1785 1785 1785 1785 1785 1785 1785 1785 1785 1785 1785 1794
    1794 1794 4774 4774 4774 4708 4708 4708 1804 1804 1804 1804 1804
    1804 1804 1794 1794 1794 1794 1794 1794 1794 1794 1794 1794 1794
    1794 1785 1785 1776 1776 1785 1785 1785 1785 1785 1785 1785 1785
    1785 1785 1785 1776 1776 1776 1776 1785 1794 1794 4774 4774 4708
    4645 4645 4645 1804 1794 1794 1794 1794 1794 1794 1794 1794 1794
    1794 1794 1794 1785 1785 1785 1794 1794 1794 1785 1785 1776 1776
    1785 1785 1785 1785 1785 1785 1785 1785 1785 1785 1785 1776 1776
    1776 1776 1785 1794 1794 4774 4774 4708 4645 4645 4645 1804 1794
    1794 1794 1794 1794 1794 1794 1794 1794 1794 1794 1794 1785 1785
    1785 1785 1785 1785 1785 1785 1776 1776 1776 1776 1776 1776 1776
    1776 1785 1785 1776 1776 1776 1776 1766 1766 1766 1776 1776 1776
    4774 4774 4708 4645 4645 4645 1804 1794 1794 1794 1794 1794 1794
    1794 1794 1794 1794 1794 1794 1785 1785 1785 1785 1785 1785 1785
    1785 1776 1776 1776 1776 1776 1776 1776 1776 1776 1776 1776 1766
    1766 1766 1766 1766 1766 1776 1776 1776 4774 4774 4708 4645 4645
    4645 1794 1794 1794 1794 1794 1794 1794 1785 1785 1785 1785 1785
    1785 1785 1785 1785 1785 1776 1776 1776 1776 1776 1776 1776 1776
    1776 1776 1776 1776 1766 1766 1766 1766 1766 1766 1766 1766 1766
    1776 1776 1776 4774 4708 4708 4708 4708 1794 1794 1794 1794 1794
    1794 1794 1794 1785 1785 1785 1785 1785 1785 1785 1785 1785 1785
    1776 1776 1776 1776 1776 1776 1776 1785 1785 1776 1766 1766 1766
    1766 1766 1766 1766 1766 1766 1766 1766 1776 1776 1776 4774 4708
    4708 4708 4708 1785 1785 1785 1794 1794 1794 1785 1785 1785 1785
    1785 1785 1785 1785 1785 1776 1776 1776 1776 1776 1776 1766 1766
    1776 1776 1776 1776 1766 1766 1766 1766 1766 1766 1766 1766 1757
    1757 1766 1766 1776 1776 5374 4708 4708 4708 4842 4842 1785 1785
    1785 1794 1794 1794 1785 1785 1785 1776 1776 1776 1776 1785 1785
    1776 1776 1776 1766 1766 1776 1766 1766 1766 1766 1766 1776 1766
    1766 1766 1766 1766 1766 1757 1757 1757 1757 1766 1766 1766 5374
    5374 4708 4708 4708 4708 1785 1785 1785 1785 1785 1785 1785 1785
    1785 1785 1776 1776 1776 1776 1776 1776 1766 1766 1776 1766 1766
    1776 1766 1766 1766 1766 1766 1776 1766 1766 1766 1766 1766 1766
    1757 1757 1766 1766 1766 1776 1776 5374 5374 4708 4708 4708 4842
    4842 1785 1785 1785 1785 1785 1785 1785 1785 1785 1776 1776 1776
    1776 1776 1776 1766 1766 1766 1766 1766 1766 1766 1766 1766 1766
    1766 1766 1766 1766 1766 1766 1766 1757 1757 1757 1766 1766 1766
    1776 1776 5291 5291 4708 4708 4774 4842 4842 1785 1785 1785 1785
    1785 1785 1785 1785 1785 1776 1776 1776 1776 1776 1766 1766 1766
    1766 1766 1766 1766 1766 1766 1766 1766 1766 1766 1766 1766 1766
    1766 1766 1757 1757 1757 1766 1766 1776 1794 1794 5291 5291 4708
    4708 4708 4842 1785 1785 1785 1785 1785 1785 1785 1785 1785 1785
    1776 1776 1776 1766 1766 1766 1766 1766 1766 1766 1766 1766 1766
    1766 1766 1766 1766 1766 1766 1757 1757 1757 1757 1757 1757 1757
    1757 1757 1766 1804 1804 5291 5291 4708 4708 4708 4708 1785 1785
    1785 1785 1785 1785 1785 1785 1785 1785 1776 1766 1766 1766 1766
    1766 1766 1766 1766 1766 1766 1766 1766 1766 1766 1766 1766 1766
    1757 1757 1757 1757 1757 1757 1757 1757 1757 1757 1766 1766 1766
    5291 5291 4645 4645 4645 4645 1785 1785 1785 1785 1785 1785 1785
    1785 1785 1785 1766 1766 1766 1766 1766 1766 1766 1766 1766 1766
    1766 1766 1766 1757 1757 1766 1766 1766 1757 1757 1757 1757 1757
    1757 1757 1757 1748 1748 1757 1757 0 5291 5291 4645 4645 4645 4645
    1785 1785 1785 1776 1776 1776 1776 1776 1776 1776 1766 1766 1766
    1766 1766 1766 1766 1766 1766 1766 1766 1757 1757 1757 1757 1757
    1757 1757 1757 1757 1757 1757 1757 1757 1757 1757 1748 1748 1757
    1757 5210 5291 5291 4708 4708 4708 1776 1776 1776 1785 1776 1776
    1776 1776 1776 1776 1766 1766 1766 1766 1766 1757 1757 1766 1766
    1766 1766 1757 1757 1757 1757 1757 1757 1757 1748 1748 1757 1757
    1757 1757 1757 1757 1757 1757 1757 1757 1757 5210 5210 5210 4708
    4708 4708 1766 1766 1766 1776 1766 1766 1766 1776 1776 1776 1766
