<?xml version="1.0"?>
<opencv_storage>
<Depth14083 type_id="opencv-matrix">
  <rows>56</rows>
  <cols>45</cols>
  <dt>w</dt>
  <data>
    5210 5291 5291 5291 5291 5291 5374 5374 5374 5374 5374 5374 5374
    5374 5374 5374 5374 5374 5374 5374 5374 5374 5374 5374 5640 5548
    1981 1981 1981 1959 1947 1947 1947 5548 5460 5460 5548 5548 5548
    5640 5548 5548 5548 5548 5548 5210 5291 5210 5210 5291 5291 5374
    5374 5374 5374 5374 5374 5374 5460 5374 5291 5291 5374 5374 5374
    5374 5374 5374 1947 1947 1970 1970 1970 1970 1947 1947 1947 1947
    5548 5460 5460 5548 5548 5548 5548 5460 5460 5548 5548 5548 5210
    5291 5210 5210 5291 5291 5374 5374 5374 5374 5374 5374 5374 5374
    5374 5291 5291 5291 5291 5374 5374 1970 1959 1947 1947 1970 1970
    1959 1959 1947 1947 1936 1936 1936 5460 5460 5548 5548 5548 5460
    5460 5460 5460 5548 5548 5210 5210 5210 5291 5291 5291 5374 5374
    5374 5374 5374 5374 5374 5374 5374 1947 1947 1947 1947 1970 1970
    1970 1959 1959 1959 1959 1959 1959 1959 1947 1947 1936 1936 1936
    5548 5548 5548 5548 5548 5460 5460 5460 5460 5548 5548 5210 5210
    5210 5291 5291 5291 5374 5374 5374 5374 5374 5374 5291 1981 1970
    1947 1947 1947 1947 1970 1970 1970 1970 1959 1959 1959 1959 1959
    1959 1947 1947 1936 1936 1936 5640 5640 5640 5640 5548 5548 5548
    5548 5548 5548 5548 5210 5210 5291 5291 5291 5291 5374 5374 5374
    1993 1993 1993 1981 1981 1970 1959 1959 1959 1959 1970 1970 1970
    1970 1970 1970 1959 1959 1959 1959 1947 1947 1936 1936 1936 1936
    5640 5640 5640 5640 5640 5548 5548 5548 5548 5640 5291 5291 5291
    5291 5291 2005 1993 1993 1993 1993 1993 1993 1981 1981 1981 1981
    1970 1970 1970 1970 1970 1970 1970 1970 1970 1959 1959 1959 1959
    1959 1947 1936 1936 1936 1936 5640 5640 5640 5640 5640 5548 5548
    5548 5548 5548 5291 5291 5291 1993 1993 1993 1981 1981 1981 1981
    1981 1981 1981 1981 1981 1970 1970 1970 1970 1970 1970 1970 1981
    1970 1970 1959 1959 1959 1959 1959 1947 1947 1947 1936 1936 5640
    5640 5640 5640 5640 5640 5640 5548 5548 5548 1981 1970 1970 1981
    1981 1981 1981 1981 1981 1970 1970 1981 1981 1981 1970 1970 1970
    1970 1970 1970 1970 1970 1970 1970 1970 1959 1959 1959 1959 1947
    1947 1947 1947 1936 1936 1936 5640 5640 5640 5640 5640 5548 5548
    5548 5548 1970 1970 1970 1970 1981 1981 1981 1981 1981 1970 1970
    1981 1981 1981 1970 1970 1970 1970 1959 1959 1970 1970 1970 1970
    1959 1959 1947 1947 1947 1947 1947 1947 1947 1936 1936 1936 5548
    5548 5548 5548 5640 5548 5548 5548 5548 1959 1959 1959 1970 1981
    1981 1981 1981 1981 1970 1970 1970 1981 1970 1970 1970 1970 1970
    1959 1959 1970 1959 1959 1959 1959 1959 1947 1947 1947 1947 1947
    1947 1947 1947 1936 1936 5548 5548 5548 5548 5640 5640 5548 5548
    5548 1959 1959 1959 1970 1981 1981 1981 1981 1981 1970 1970 1970
    1981 1970 1970 1970 1970 1970 1959 1959 1959 1959 1959 1959 1959
    1959 1947 1947 1947 1947 1947 1947 1947 1947 1936 1936 1936 5640
    5548 5548 5640 5640 5640 5548 5548 1970 1970 1970 1970 1981 1981
    1981 1981 1981 1981 1981 1981 1981 1970 1970 1970 1970 1970 1959
    1959 1959 1959 1959 1959 1959 1947 1947 1947 1947 1947 1947 1947
    1947 1947 1947 1947 1947 5640 5640 5640 5640 5548 5548 5548 5548
    1970 1970 1970 1981 1981 1981 1981 1981 1981 1981 1981 1981 1981
    1981 1970 1970 1970 1970 1959 1959 1959 1959 1959 1959 1959 1947
    1947 1947 1947 1947 1947 1947 1947 1947 1959 1959 1959 5640 5640
    5640 5640 5548 5548 5460 5460 1981 1981 1981 1993 1993 1981 1981
    1981 1981 1981 1981 1981 1981 1981 1970 1970 1970 1970 1970 1959
    1959 1959 1959 1959 1959 1947 1947 1959 1959 1947 1947 1947 1947
    1947 1959 1936 1936 1936 5640 5640 5640 5548 5548 5460 5460 5210
    1981 1981 1993 1981 1981 1981 1981 1981 1981 1981 1981 1981 1981
    1981 1970 1970 1970 1970 1959 1959 1959 1959 1959 1959 1959 1959
    1970 1959 1947 1947 1947 1947 1947 1936 1936 1936 1936 5548 5548
    5548 5548 5548 5460 5460 5210 1981 1981 1981 1981 1981 1981 1981
    1981 1981 1981 1981 1981 1981 1970 1970 1970 1970 1970 1959 1959
    1959 1959 1959 1970 1959 1959 1959 1959 1959 1959 1947 1947 1947
    1936 1936 1936 1936 5548 5548 5548 5548 5548 5460 5460 5291 5291
    1981 1981 1981 1981 1981 1981 1981 1981 1981 1981 1981 1970 1970
    1970 1970 1970 1970 1959 1959 1970 1959 1959 1959 1959 1959 1959
    1959 1959 1959 1947 1947 1947 1936 1936 1936 5548 5548 5548 5548
    5640 5548 5548 5460 5210 5210 1981 1981 1981 1981 1981 1981 1981
    1981 1981 1981 1981 1970 1970 1970 1959 1959 1970 1970 1970 1970
    1959 1959 1959 1959 1959 1959 1959 1959 1959 1947 1947 1936 1936
    1936 1936 1936 5640 5640 5640 5640 5640 5640 5548 5210 5210 1981
    1981 1981 1981 1981 1981 1981 1981 1981 1981 1981 1970 1970 1970
    1959 1959 1970 1970 1970 1970 1959 1959 1959 1959 1959 1959 1947
    1947 1947 1947 1947 1936 1936 1936 1936 1936 5640 5640 5640 5640
    5640 5640 5548 5210 5210 1981 1981 1981 1981 1981 1981 1970 1970
    1970 1970 1981 1981 1970 1970 1959 1959 1959 1959 1959 1959 1959
    1959 1959 1959 1959 1947 1947 1947 1947 1947 1947 1936 1936 1936
    1936 1936 5374 5374 5374 5548 5548 5640 5548 5132 5132 1981 1981
    1981 1981 1981 1981 1970 1970 1970 1970 1970 1970 1970 1970 1959
    1959 1959 1959 1959 1959 1947 1947 1947 1947 1959 1947 1947 1947
    1947 1947 1947 1947 1947 1936 1936 1936 1936 5374 5374 5548 5548
    5548 5548 5132 5132 1981 1981 1981 1981 1981 1981 1970 1970 1970
    1970 1970 1970 1970 1970 1959 1959 1970 1959 1959 1959 1947 1947
    1947 1947 1959 1947 1947 1947 1947 1947 1947 1947 1936 1936 1936
    1936 1936 5548 5548 5548 5548 5548 5548 5132 5132 1981 1981 1981
    1981 1981 1981 1981 1981 1970 1970 1970 1970 1970 1970 1959 1959
    1970 1959 1959 1959 1947 1947 1947 1947 1959 1959 1947 1947 1947
    1947 1947 1947 1936 1936 1936 1936 1936 5460 5460 5460 5460 5548
    5548 5132 5132 1981 1981 1981 1981 1981 1981 1981 1981 1981 1970
    1970 1970 1970 1970 1959 1959 1970 1970 1970 1970 1959 1947 1947
    1947 1947 1959 1947 1947 1947 1947 1947 1936 1936 1936 1936 1926
    1926 1926 5460 5460 5460 5548 5548 5132 5132 5132 1981 1981 1981
    1981 1981 1981 1981 1981 1981 1981 1970 1970 1959 1959 1959 1970
    1970 1970 1970 1959 1947 1947 1947 1947 1959 1947 1947 1947 1947
    1947 1936 1936 1936 1936 1926 1926 1926 5460 5460 5460 5548 5548
    5132 5132 5132 1981 1981 1981 1981 1981 1981 1981 1981 1981 1981
    1970 1970 1959 1959 1959 1959 1970 1970 1970 1959 1947 1947 1947
    1959 1947 1947 1947 1947 1947 1947 1936 1936 1936 1936 1926 1926
    1936 1936 5548 5460 5460 5548 5210 5210 5210 1981 1981 1981 1981
    1981 1981 1970 1970 1970 1981 1970 1970 1959 1959 1959 1959 1959
    1959 1970 1959 1959 1947 1947 1947 1947 1947 1947 1947 1947 1947
    1936 1936 1936 1936 1936 1936 1936 1936 5374 5374 5374 5460 5210
    5210 5210 1981 1981 1981 1981 1981 1981 1970 1970 1970 1970 1970
    1959 1959 1959 1959 1959 1959 1959 1970 1959 1959 1947 1947 1947
    1947 1947 1947 1947 1947 1947 1936 1936 1936 1936 1936 1936 1936
    1936 5291 5291 5291 5374 5210 5210 5210 5291 1981 1981 1981 1981
    1981 1970 1970 1970 1970 1959 1959 1959 1959 1959 1959 1959 1959
    1959 1959 1959 1947 1947 1947 1947 1947 1947 1947 1947 1947 1936
    1936 1936 1936 1936 1936 1936 1936 5056 5056 5056 5210 5210 5291
    5291 5291 1970 1970 1970 1981 1981 1981 1981 1970 1970 1959 1959
    1959 1959 1959 1959 1959 1959 1959 1959 1959 1947 1947 1947 1947
    1947 1947 1947 1947 1947 1936 1936 1936 1936 1936 1936 1936 1947
    1947 5056 5056 5132 5210 5210 5210 5210 5210 1970 1970 1981 1981
    1981 1981 1970 1970 1959 1959 1959 1959 1959 1959 1959 1959 1959
    1959 1959 1947 1947 1947 1947 1947 1947 1947 1947 1947 1947 1936
    1936 1936 1936 1936 1936 1947 1947 5056 5056 5056 5210 5210 5132
    5132 5132 1981 1981 1981 1981 1981 1981 1970 1970 1970 1959 1959
    1959 1959 1959 1959 1959 1959 1959 1959 1947 1947 1947 1947 1947
    1947 1947 1947 1936 1936 1936 1936 1936 1936 1936 1936 1936 1936
