<?xml version="1.0"?>
<opencv_storage>
<Depth9276 type_id="opencv-matrix">
  <rows>95</rows>
  <cols>57</cols>
  <dt>w</dt>
  <data>
    4139 4139 4089 4089 4089 4089 4139 4139 4139 4139 1250 1241 1241
    1241 1241 1241 1241 4139 4139 4139 4139 4139 4139 4139 4190 4190
    4139 4139 4139 4139 4139 4190 4190 4190 4190 4190 4190 4190 4190
    4190 4190 4139 4139 4139 4190 4190 4190 4139 4139 4139 4139 4190
    4190 4139 4139 4139 4139 4139 4139 4089 4089 4089 4089 4139 4139
    4139 1241 1241 1241 1241 1241 1241 1241 1245 1245 1245 4139 4139
    4139 4139 4139 4190 4190 4139 4139 4139 4139 4139 4139 4139 4190
    4190 4190 4190 4190 4190 4190 4190 4190 4190 4190 4190 4190 4190
    4139 4139 4139 4139 4190 4190 4139 4139 4139 4139 4089 4089 4089
    4089 4139 4139 4190 4190 1241 1232 1227 1227 1236 1236 1236 1245
    1245 1245 1245 1250 1250 1259 1264 1264 1264 1264 1264 1268 1283
    4190 4190 4139 4139 4190 4241 4241 4241 4190 4190 4190 4190 4190
    4190 4190 4139 4139 4190 4190 4190 4190 1328 1328 4139 4139 4139
    4139 4139 4089 4089 4089 4089 1302 1302 1302 1302 1241 1227 1227
    1227 1232 1232 1232 1241 1241 1245 1245 1245 1259 1259 1259 1264
    1264 1264 1264 1264 1268 1273 1273 1268 1268 1278 4349 1264 1264
    1268 4190 1288 1288 1292 1292 4190 4139 4139 4190 4190 4190 1328
    1328 1328 1333 4139 4139 4139 4139 4089 4089 1302 0 1297 1297 1297
    1241 1227 1227 1227 1227 1232 1232 1232 1241 1241 1245 1245 1245
    1255 1255 1259 1259 1264 1264 1264 1264 1268 1268 1268 1268 1268
    1278 1278 1264 1264 1268 1273 1288 1288 1288 1292 1292 1302 1302
    1302 1307 1307 1312 1322 1322 1322 1322 1317 1317 4139 4041 0 0 0
    1302 1292 1264 1236 1227 1223 1223 1223 1223 1232 1232 1236 1236
    1241 1241 1245 1255 1255 1255 1259 1264 1264 1259 1259 1264 1264
    1268 1268 1268 1278 1278 1278 1268 1268 1273 1288 1288 1288 1288
    1292 1297 1302 1302 1307 1307 1312 1317 1317 1322 1317 1317 1317
    1317 0 0 0 0 1297 1283 1264 1236 1227 1223 1223 1223 1223 1232 1232
    1236 1236 1241 1241 1241 1250 1255 1255 1255 1259 1264 1259 1259
    1264 1264 1264 1264 1268 1273 1278 1278 1278 1278 1283 1283 1288
    1288 1288 1292 1297 1297 1302 1307 1307 1307 1312 1312 1317 1317
    1317 1317 1317 0 0 0 0 1283 1268 1259 1245 1227 1223 1223 1223 1223
    1227 1227 1232 1236 1241 1241 1241 1250 1250 1255 1255 1259 1264
    1264 1264 1264 1264 1264 1264 1268 1268 1273 1278 1278 1283 1283
    1283 1288 1288 1292 1292 1292 1297 1302 1302 1307 1307 1307 1312
    1317 1317 1317 1317 1317 0 0 0 0 1283 1268 1259 1241 1232 1223 1223
    1223 1223 1227 1227 1232 1232 1241 1241 1241 1250 1250 1255 1255
    1259 1264 1264 1264 1264 1264 1264 1264 1268 1268 1273 1273 1278
    1283 1283 1283 1288 1288 1292 1292 1292 1292 1297 1297 1302 1307
    1307 1312 1312 1317 1317 1317 1317 0 0 1292 1292 1283 1268 1255 1241
    1232 1223 1223 1223 1223 1227 1227 1232 1232 1236 1241 1241 1250
    1255 1255 1255 1259 1264 1264 1264 1264 1268 1264 1264 1268 1268
    1273 1273 1283 1283 1283 1283 1288 1292 1292 1292 1292 1292 1297
    1297 1302 1307 1307 1307 1312 1312 1317 1317 1322 0 0 1292 1292 1283
    1273 1250 1236 1227 1223 1223 1223 1223 1223 1227 1232 1232 1236
    1241 1241 1250 1250 1255 1259 1259 1259 1259 1264 1264 1268 1268
    1268 1268 1268 1273 1278 1278 1283 1283 1283 1288 1292 1292 1292
    1297 1297 1297 1302 1302 1307 1307 1307 1307 1312 1317 1322 1322 0 0
    1292 1292 1283 1273 1250 1236 1227 1223 1223 1227 1223 1223 1227
    1232 1232 1236 1236 1241 1250 1250 1255 1259 1259 1259 1259 1259
    1264 1264 1268 1268 1268 1273 1273 1278 1278 1283 1283 1288 1288
    1292 1292 1297 1297 1297 1302 1302 1302 1307 1307 1307 1307 1312
    1317 1322 1322 0 0 1302 1292 1283 1273 1250 1241 1227 1223 1223 1223
    1223 1227 1227 1227 1232 1236 1236 1241 1245 1250 1250 1255 1259
    1259 1259 1259 1264 1264 1268 1268 1268 1273 1278 1278 1283 1283
    1283 1288 1288 1292 1292 1297 1297 1302 1302 1302 1307 1307 1307
    1307 1307 1312 1312 1317 1322 0 0 1302 1292 1283 1268 1250 1236 1227
    1223 1223 1223 1223 1227 1227 1227 1232 1236 1236 1241 1245 1250
    1250 1255 1259 1259 1259 1259 1264 1264 1268 1268 1268 1273 1278
    1278 1278 1283 1283 1288 1288 1292 1292 1297 1297 1302 1302 1302
    1307 1307 1307 1307 1307 1312 1312 1317 1322 0 0 0 1292 1278 1264
    1250 1236 1227 1223 1223 1223 1223 1227 1227 1232 1232 1236 1241
    1241 1250 1250 1250 1255 1259 1259 1259 1259 1264 1264 1268 1268
    1273 1273 1278 1278 1278 1283 1283 1288 1292 1292 1292 1297 1297
    1297 1302 1302 1302 1307 1307 1312 1312 1312 1312 1317 1322 0 0 0 0
    1278 1264 1250 1236 1227 1223 1223 1223 1223 1227 1227 1232 1232
    1241 1241 1241 1250 1250 1255 1255 1259 1259 1259 1264 1264 1264
    1268 1268 1273 1273 1278 1278 1283 1283 1288 1288 1292 1292 1292
    1297 1297 1297 1302 1302 1302 1307 1307 1312 1312 1312 1312 1317
    1322 0 0 0 0 1268 1264 1250 1232 1227 1223 1223 1223 1223 1227 1227
    1232 1232 1241 1241 1241 1250 1250 1255 1255 1255 1259 1259 1264
    1264 1264 1268 1273 1278 1273 1273 1278 1283 1283 1288 1288 1292
    1292 1292 1297 1297 1302 1302 1302 1307 1307 1307 1307 1307 1312
    1312 1317 1322 0 0 1268 1268 1268 1264 1245 1232 1227 1223 1223 1227
    1227 1232 1232 1236 1236 1236 1241 1241 1250 1255 1255 1255 1255
    1259 1259 1264 1264 1264 1268 1268 1273 1273 1273 1278 1283 1288
    1288 1288 1292 1292 1297 1297 1297 1302 1302 1302 1307 1307 1307
    1307 1307 1312 1317 1317 1317 0 0 0 1268 1268 1264 1245 1232 1227
    1223 1223 1227 1227 1227 1232 1236 1236 1236 1241 1241 1250 1250
    1255 1255 1255 1255 1264 1264 1264 1264 1268 1268 1268 1273 1278
    1278 1283 1288 1288 1288 1288 1288 1292 1297 1297 1302 1302 1302
    1307 1307 1307 1307 1307 1312 1317 1317 1317 0 0 1278 1278 1273 1264
    1250 1232 1227 1223 1223 1227 1227 1227 1232 1236 1236 1236 1241
    1241 1245 1250 1250 1255 1255 1255 1264 1264 1264 1268 1268 1268
    1268 1273 1278 1278 1283 1283 1288 1288 1288 1288 1292 1297 1297
    1302 1302 1302 1307 1307 1307 1307 1307 1312 1317 1317 1317 0 0 1297
    1283 1273 1264 1250 1232 1227 1223 1223 1227 1227 1227 1232 1232
    1236 1236 1241 1241 1245 1250 1250 1255 1255 1259 1264 1264 1264
    1268 1268 1268 1268 1278 1278 1283 1283 1283 1288 1288 1288 1288
    1292 1292 1297 1302 1302 1302 1307 1307 1307 1307 1307 1317 1317
    1317 1317 0 1297 1297 1288 1278 1264 1245 1227 1227 1227 1227 1227
    1227 1227 1227 1232 1236 1241 1241 1241 1250 1250 1250 1255 1259
    1259 1264 1264 1264 1268 1268 1273 1273 1278 1278 1283 1283 1283
    1288 1288 1288 1288 1292 1292 1297 1297 1302 1302 1307 1307 1307
    1307 1312 1317 1317 1322 1322 0 1292 1292 1288 1278 1264 1241 1227
    1227 1227 1227 1227 1227 1227 1227 1236 1236 1236 1241 1241 1250
    1250 1250 1255 1259 1259 1264 1264 1268 1268 1268 1273 1273 1278
    1278 1283 1283 1283 1288 1288 1288 1292 1292 1292 1297 1297 1302
    1302 1307 1307 1307 1312 1312 1317 1317 1322 1322 0 1292 1292 1288
    1278 1264 1232 1227 1227 1227 1227 1227 1232 1232 1232 1232 1236
    1236 1241 1241 1250 1250 1250 1255 1259 1259 1264 1264 1268 1268
    1268 1273 1273 1278 1283 1283 1283 1283 1288 1288 1288 1292 1292
    1297 1302 1302 1302 1302 1307 1307 1307 1312 1312 1317 1317 1317 0
    1297 1297 1288 1283 1273 1264 1232 1227 1223 1223 1227 1227 1232
    1232 1232 1232 1236 1241 1241 1241 1250 1250 1250 1255 1259 1259
    1259 1264 1268 1268 1273 1273 1273 1278 1278 1283 1283 1288 1288
    1288 1288 1292 1292 1297 1302 1302 1302 1302 1307 1307 1307 1312
    1317 1317 1317 1317 0 1297 1297 1288 1278 1268 1264 1232 1227 1223
    1223 1223 1227 1232 1232 1232 1236 1236 1241 1241 1241 1245 1250
    1250 1255 1255 1259 1259 1264 1268 1268 1273 1273 1273 1278 1278
    1278 1283 1288 1288 1292 1292 1292 1292 1297 1302 1302 1302 1302
    1307 1307 1307 1307 1312 1317 1317 1317 1317 1297 1283 1283 1278
    1268 1264 1241 1227 1223 1223 1223 1227 1227 1227 1232 1236 1241
    1241 1241 1241 1245 1250 1250 1255 1255 1259 1259 1264 1264 1268
