<?xml version="1.0"?>
<opencv_storage>
<Depth2769 type_id="opencv-matrix">
  <rows>40</rows>
  <cols>27</cols>
  <dt>w</dt>
  <data>
    5056 5056 5056 5056 5056 4983 4983 4983 4983 4983 4842 2659 2659
    2639 2598 2598 2598 0 0 0 0 0 4774 4774 4708 4708 4708 5056 5056
    4983 4983 4983 4983 4983 4983 4983 4911 4842 2659 2659 2639 2579
    2579 2579 2560 0 0 0 0 4774 4774 4708 4708 4708 5056 5056 4983 4983
    4983 4983 4983 4983 4983 4911 4842 2639 2639 2639 2579 2579 2560
    2560 0 2522 0 0 0 4708 4645 4645 4708 5056 4983 4983 4983 4983 4983
    4983 2723 2680 2659 2639 2639 2618 2598 2579 2579 2560 2541 2522
    2522 2503 2503 2503 4645 4645 4645 4708 5056 4983 4983 4983 4983
    4983 4911 2723 2680 2659 2639 2639 2618 2579 2579 2541 2541 2522
    2503 2503 2503 2503 2541 4645 4645 4645 4708 5056 4983 4983 4983
    4983 4983 4911 2723 2701 2680 2639 2639 2598 2579 2560 2541 2522
    2503 2503 2503 2503 2503 2522 2522 2541 2560 4708 5056 4983 4983
    4983 4983 4983 2723 2723 2701 2680 2659 2639 2598 2579 2560 2541
    2522 2503 2503 2503 2503 2503 2522 2522 2541 2541 2522 5056 4983
    4983 4983 4983 4983 2723 2723 2701 2680 2659 2618 2598 2579 2560
    2541 2503 2503 2503 2503 2503 2503 2522 2541 2541 2522 2522 4983
    4983 4911 4911 4911 4911 2723 2723 2701 2659 2639 2618 2579 2579
    2560 2522 2503 2503 2503 2503 2503 2503 2522 2541 2541 2522 2522
    4983 4983 4911 4911 4911 4911 2701 2701 2680 2659 2639 2618 2579
    2560 2560 2522 2503 2503 2503 2503 2503 2522 2522 2541 2541 2541
    2541 5056 4983 4911 4911 4911 4911 2701 2701 2680 2659 2639 2618
    2579 2560 2560 2522 2522 2522 2503 2503 2522 2522 2522 2541 2541
    2541 2541 4983 4983 4911 4911 4911 2723 2701 2701 2659 2639 2618
    2598 2579 2560 2560 2541 2522 2522 2522 2522 2522 2522 2522 2541
    2541 2541 2541 4983 4983 4911 4911 4911 2723 2723 2701 2659 2639
    2618 2579 2579 2560 2560 2522 2522 2522 2522 2522 2522 2522 2522
    2522 2522 2522 4708 4983 4911 4911 4911 4983 2723 2723 2680 2659
    2639 2598 2579 2560 2560 2541 2522 2522 2522 2522 2522 2522 2522
    2522 2522 2522 2522 4645 4983 4911 4911 4911 4911 2723 2701 2680
    2659 2618 2598 2579 2560 2560 2541 2522 2522 2503 2503 2522 2522
    2541 2541 2541 2522 2522 4645 4983 4911 4911 4911 4983 2723 2680
    2659 2639 2618 2598 2579 2560 2560 2522 2522 2503 2503 2503 2522
    2522 2541 2541 2541 2522 2522 2522 4983 4983 4911 4911 4983 2701
    2680 2659 2639 2618 2598 2579 2560 2560 2522 2522 2503 2503 2503
    2522 2541 2541 2541 2541 2522 2522 2522 4983 4983 4911 4911 2701
    2701 2659 2659 2639 2598 2579 2579 2560 2541 2522 2503 2503 2503
    2503 2522 2522 2541 2541 2541 2522 2522 4708 4983 4911 4911 4911
    2680 2680 2659 2639 2639 2598 2579 2579 2560 2541 2522 2503 2503
    2503 2503 2522 2522 2522 2541 2541 2522 2522 4774 4983 4911 4911
    4911 2680 2680 2659 2639 2618 2579 2579 2579 2560 2541 2522 2503
    2503 2503 2503 2522 2522 2522 2541 2541 2541 2541 4708 4983 4911
    4911 4911 2723 2701 2659 2639 2618 2579 2579 2579 2560 2522 2503
    2503 2503 2503 2503 2522 2522 2522 2541 2541 2541 4708 4708 4983
    4911 4911 2744 2723 2701 2659 2639 2618 2598 2579 2579 2541 2522
    2503 2503 2503 2503 2522 2522 2522 2522 2541 2541 2541 4708 4708
    4983 4983 4983 2723 2723 2680 2659 2639 2618 2598 2579 2560 2541
    2503 2503 2503 2503 2503 2522 2522 2541 2541 2522 2522 2522 4645
    4645 4983 4983 4983 2723 2701 2680 2659 2639 2618 2598 2579 2560
    2541 2503 2503 2503 2503 2503 2522 2522 2522 2522 2503 2503 2503
    4645 4645 4983 4983 4983 2723 2701 2659 2659 2639 2618 2598 2579
    2560 2541 2503 2503 2503 2503 2522 2522 2522 2522 2522 2503 2503
    2503 4645 4645 4983 4983 4983 2701 2701 2659 2659 2639 2618 2598
    2579 2560 2522 2522 2522 2522 2522 2522 2522 2522 2522 2522 2522
    2522 4645 4645 4645 4983 4983 4983 2701 2701 2659 2659 2639 2618
    2579 2579 2560 2522 2522 2522 2503 2503 2522 2541 2522 2522 2522
    2522 2522 4645 4645 4645 4983 4983 4983 2701 2701 2680 2639 2639
    2618 2579 2579 2560 2522 2522 2522 2503 2503 2522 2541 2522 2522
    2522 2522 2522 4645 4645 4645 4983 4983 2744 2701 2680 2659 2639
    2618 2598 2579 2560 2560 2522 2522 2522 2522 2522 2522 2522 2522
    2522 2522 2522 2522 4708 4645 4645 4911 4911 2723 2701 2680 2659
    2618 2618 2598 2579 2560 2560 2522 2522 2522 2522 2522 2522 2522
    2522 2522 2522 2522 2522 4708 4645 4645 4911 2767 2723 2701 2659
    2659 2618 2618 2598 2579 2560 2560 2522 2522 2522 2541 2541 2541
    2541 2541 2541 2541 2541 2541 4708 4708 4645 4911 2744 2723 2701
    2659 2639 2618 2598 2579 2560 2560 2541 2541 2522 2522 2541 2541
    2541 2541 2541 2541 2560 2560 4708 4708 4708 4645 4911 2723 2723
    2701 2659 2639 2618 2598 2579 2560 2560 2541 2541 2522 2522 2522
    2522 2541 2541 2541 2541 2560 2560 4708 4708 4645 4645 4911 2723
    2723 2701 2659 2639 2618 2598 2579 2560 2541 2522 2522 2522 2522
    2522 2522 2522 2541 2541 2541 2560 4708 4708 4645 4645 4645 4983
    2723 2701 2701 2659 2639 2618 2598 2579 2560 2522 2522 2522 2503
    2503 2522 2522 2522 2541 2541 2541 2541 4708 4708 4645 4645 4645
    2659 2680 2680 2680 2659 2639 2639 2598 2579 2560 2522 2522 2522
    2503 2503 2503 2522 2541 2522 2522 2541 2541 4708 4708 4645 4645
    4645 2618 2659 2659 2659 2639 2639 2618 2598 2560 2541 2522 2522
    2503 2503 2503 2503 2522 2541 2522 2522 2541 2541 4708 4708 4645
    4645 4645 2618 2659 2659 2659 2639 2618 2618 2598 2560 2541 2503
    2503 2503 2503 2503 2503 2503 2522 2541 2541 2541 2541 4708 4708
    4708 4645 4645 4983 4911 4911 4911 2639 2618 2618 2598 2560 2541
    2485 2485 2485 2485 2485 2503 2503 2522 2541 2541 2541 2541 4708
    4708 4708 4708 4645 4983 4911 4911 4911 4911 4911 4842 4842 4911
    4911 2485 2485 2485 2485 2485 2503 2503 2522 2541 2541 2541 4708
    4708 4708 4708 4708 4645</data></Depth2769>
</opencv_storage>
