<?xml version="1.0"?>
<opencv_storage>
<Depth19703 type_id="opencv-matrix">
  <rows>12</rows>
  <cols>14</cols>
  <dt>w</dt>
  <data>
    2984 4645 4582 4522 4522 4582 4582 4645 4645 4645 4645 3092 3064
    3037 4645 4645 4582 4582 4582 4582 4582 4582 4582 4582 4582 3092
    3064 3037 4582 4582 4582 4582 4582 4582 4582 4522 4522 4522 4405
    4405 3064 3037 4582 4522 4522 4522 4522 4582 4582 4522 4522 4522
    4405 4405 4522 3037 4522 4522 4522 4522 4522 4522 4522 4463 4463
    4463 4405 4349 3064 3037 0 4463 4463 4463 4463 4463 4463 4463 4463
    4405 4405 4349 3064 3037 4405 4405 4349 4349 4405 4405 4405 4405
    4405 4349 4349 4295 4241 2984 4295 4295 4295 4295 4349 4349 4349
    4349 4349 4349 4295 4295 4241 2984 4241 4241 4241 4295 4349 4349
    4295 4295 4295 4295 4295 4295 4190 4190 4139 4241 4241 4295 4295
    4295 4241 4241 4241 4241 4241 4241 4190 4139 4139 4190 4241 4241
    4241 4190 4139 4139 4139 4139 4190 4190 4139 4089 4139 4139 4139
    4190 4139 4139 4139 4089 4089 4139 4139 4139 4089 4089</data></Depth19703>
</opencv_storage>
