<?xml version="1.0"?>
<opencv_storage>
<Depth8547 type_id="opencv-matrix">
  <rows>37</rows>
  <cols>8</cols>
  <dt>w</dt>
  <data>
    4522 4463 4405 4405 4405 2789 2767 2744 4463 4405 4405 4349 4349
    4405 4463 4463 4463 4405 4405 4349 4349 4405 4463 4463 4349 4349
    4349 4349 4349 4405 4463 4463 4349 4349 4349 4349 4349 4405 4405
    4405 4349 4349 4349 4349 4349 4405 4405 4405 4349 4349 4349 4349
    4349 4349 4349 4349 4349 4349 4349 4295 4295 4349 4241 4241 3092
    4295 4295 4295 4295 4295 4241 4241 3092 4295 4241 4241 4295 4295
    4241 4241 3092 3120 4190 4241 4241 4295 4295 4295 3120 3120 4190
    4190 4190 4241 4295 4295 3092 3092 4190 4190 4190 4241 4295 4295
    3092 3092 4190 4190 4190 4241 4241 4295 3092 4190 4190 4190 4190
    4241 4241 4190 3092 4190 4190 4190 4190 4241 4241 4190 4190 4190
    4190 4190 4190 4241 4241 4190 4190 4139 4139 4139 4139 4190 4241
    4190 4190 4139 4139 4139 4139 4190 4190 4190 4139 4139 4139 4139
    4139 4139 4139 4190 4139 4139 4089 4089 4089 4139 4139 4190 4139
    4139 4089 4089 4089 4139 4139 4190 4139 4139 4139 4089 4089 4139
    4139 4190 4089 4089 4089 4089 4089 4139 4139 4190 4041 4089 4089
    4089 4089 4139 4139 4139 4041 4089 4089 4041 4041 4089 4089 4089
    4041 4089 4089 4041 4041 4089 4089 4089 4041 4041 4041 4041 4041
    4089 4089 4089 4041 3994 3994 4041 4041 4089 4089 4089 3994 3994
    3994 3994 3994 4089 4089 4089 3994 3994 3994 3994 3994 4041 4041
    4041 3994 3994 3994 3948 3948 3994 4041 4041 3994 3994 3994 3948
    3948 3994 3994 4041 3994 3948 3948 3948 3948 3994 3994 4041 3994
    3948 3948 3948 3948 3994 3994 3994 2541 3948 3948 3948 3948 3994
    3994 3994 2541 2541 2541 3948 3948 3948 3994 3994</data></Depth8547>
</opencv_storage>
