<?xml version="1.0"?>
<opencv_storage>
<Depth15768 type_id="opencv-matrix">
  <rows>11</rows>
  <cols>7</cols>
  <dt>w</dt>
  <data>
    0 5832 5832 5734 5640 5460 5460 5832 5832 5832 5734 5640 5460 5460
    5734 5734 5734 5734 5734 5640 5548 5734 5640 5640 5734 5640 5640
    5460 5460 5640 5640 5734 5640 5640 5460 5374 5548 5640 5640 5640
    5548 5548 5374 5548 5640 5640 5640 5548 5548 5460 5548 5640 5640
    5640 5640 5548 5548 5548 5640 5640 5734 5734 5734 5548 5548 5640
    5640 5640 5640 5832 5734 5640 5640 5640 5640 5640 0</data></Depth15768>
</opencv_storage>
