<?xml version="1.0"?>
<opencv_storage>
<Depth0931 type_id="opencv-matrix">
  <rows>40</rows>
  <cols>57</cols>
  <dt>w</dt>
  <data>
    3692 3653 3653 1813 1813 1813 1804 1804 1813 1813 1804 1804 1804
    1794 1794 1794 1794 1794 1804 1804 1804 1804 1804 1813 1804 1804
    1804 3653 3653 3653 3614 3614 3614 3614 3653 3653 3653 3653 3653
    3653 3653 3653 3692 3692 3692 3816 3816 3859 4295 4349 4349 4405
    4349 4349 4349 4405 4349 3692 3692 3692 1813 1813 1813 1813 1813
    1813 1804 1804 1804 1804 1804 1794 1794 1794 1794 1804 1804 1804
    1804 1804 1794 1794 1794 1794 1794 1794 1804 1804 1804 1804 1804
    1794 1794 1794 1794 1794 1804 1766 1766 1813 1804 1804 1794 1785
    1785 4349 4349 4349 4405 4349 4349 4349 4349 4349 3692 3692 3692
    1813 1813 1813 1813 1813 1804 1804 1804 1804 1804 1804 1804 1804
    1804 1804 1804 1804 1804 1804 1804 1794 1794 1794 1794 1794 1794
    1804 1804 1804 1794 1794 1794 1794 1794 1794 1794 1794 1766 1766
    1794 1794 1794 1794 1785 1785 1785 1776 1776 1776 4405 4349 4349
    4349 4349 3692 3692 3692 1813 1813 1813 1813 1813 1804 1804 1804
    1804 1804 1804 1804 1804 1804 1804 1804 1804 1804 1804 1804 1794
    1794 1794 1794 1794 1794 1804 1794 1794 1794 1794 1794 1794 1794
    1804 1794 1785 1785 1785 1794 1794 1794 1794 1785 1785 1785 1776
    1776 1776 1794 1794 1794 1794 1794 3692 3692 3692 1804 1804 1804
    1804 1804 1804 1804 1804 1804 1804 1804 1804 1804 1804 1804 1804
    1804 1794 1794 1794 1785 1785 1794 1794 1794 1794 1794 1794 1794
    1785 1785 1785 1785 1785 1794 1794 1785 1785 1785 1794 1794 1794
    1794 1785 1785 1794 1794 1794 1794 1794 1794 1794 1785 1785 3692
    3692 3692 1804 1804 1804 1804 1804 1804 1804 1804 1804 1804 1804
    1804 1794 1794 1794 1794 1794 1794 1794 1785 1785 1785 1794 1794
    1794 1794 1785 1785 1785 1785 1785 1785 1785 1785 1794 1794 1785
    1785 1785 1785 1785 1785 1794 1794 1794 1794 1794 1794 1794 1794
    1794 1785 1785 1785 3732 3732 1804 1804 1804 1804 1804 1804 1794
    1794 1794 1794 1794 1794 1794 1794 1785 1785 1794 1794 1794 1794
    1785 1785 1794 1794 1794 1785 1785 1785 1785 1785 1785 1785 1785
    1785 1785 1785 1785 1785 1785 1785 1785 1785 1785 1785 1785 1785
    1785 1794 1785 1785 1785 1785 1785 1785 1785 3732 3732 1776 1776
    1785 1794 1794 1794 1794 1794 1794 1794 1794 1785 1785 1794 1785
    1785 1794 1794 1794 1794 1785 1785 1785 1785 1785 1785 1785 1776
    1776 1776 1776 1785 1785 1776 1776 1776 1776 1785 1785 1785 1785
    1785 1785 1785 1785 1776 1776 1785 1785 1785 1785 1785 1776 1776
    1785 3732 3732 1776 1776 1785 1794 1794 1785 1785 1785 1785 1785
    1785 1785 1785 1785 1785 1785 1785 1785 1785 1785 1785 1785 1785
    1785 1785 1785 1785 1776 1776 1776 1776 1776 1785 1776 1776 1776
    1776 1776 1776 1776 1776 1776 1776 1776 1776 1776 1776 1776 1776
    1776 1776 1776 1776 1776 1785 3774 3774 1785 1785 1785 1785 1785
    1785 1785 1785 1785 1785 1785 1776 1776 1776 1776 1776 1776 1785
    1785 1785 1785 1785 1785 1785 1785 1776 1776 1776 1776 1776 1776
    1776 1776 1776 1776 1776 1776 1776 1776 1776 1776 1776 1776 1776
    1776 1776 1776 1776 1776 1776 1776 1776 1776 1776 1776 3816 3816
    1794 1785 1785 1785 1785 1776 1776 1776 1776 1776 1785 1776 1776
    1776 1776 1776 1776 1776 1776 1776 1776 1776 1776 1776 1776 1776
    1776 1776 1776 1776 1776 1776 1776 1776 1776 1776 1776 1776 1776
    1776 1776 1776 1776 1776 1776 1776 1776 1776 1776 1776 1776 1776
    1776 1776 1776 3816 1813 1804 1794 1794 1785 1785 1776 1776 1776
    1776 1776 1776 1776 1776 1776 1776 1776 1776 1776 1776 1776 1776
    1776 1776 1776 1776 1776 1776 1776 1776 1776 1776 1776 1776 1776
    1766 1766 1766 1766 1776 1776 1776 1776 1776 1776 1776 1776 1776
    1776 1766 1766 1776 1766 1766 1766 1766 3816 1804 1794 1785 1785
    1776 1776 1776 1776 1776 1776 1776 1776 1776 1776 1776 1776 1776
    1776 1776 1776 1776 1776 1776 1776 1766 1766 1766 1766 1766 1766
    1766 1766 1766 1776 1776 1766 1766 1766 1766 1776 1776 1776 1776
    1776 1776 1776 1776 1766 1766 1766 1766 1766 1766 1766 1766 1766
    3816 1794 1785 1785 1785 1776 1776 1776 1776 1776 1776 1776 1776
    1776 1776 1776 1776 1776 1776 1776 1776 1776 1776 1776 1776 1766
    1766 1766 1766 1766 1766 1766 1766 1766 1776 1776 1766 1766 1766
    1766 1766 1766 1766 1776 1776 1776 1776 1776 1766 1766 1766 1766
    1766 1766 1766 1766 1766 3816 1794 1785 1776 1776 1776 1776 1776
    1776 1776 1776 1776 1776 1776 1776 1776 1776 1776 1776 1776 1776
    1776 1766 1766 1766 1766 1766 1766 1766 1766 1766 1766 1766 1766
    1776 1766 1766 1766 1766 1766 1766 1766 1766 1766 1766 1766 1766
    1766 1766 1766 1766 1766 1766 1757 1757 1766 1766 3816 1776 1776
    1776 1776 1776 1776 1776 1776 1766 1766 1766 1766 1766 1766 1766
    1766 1766 1776 1776 1766 1766 1766 1766 1766 1766 1766 1766 1766
    1766 1766 1766 1766 1766 1766 1766 1766 1766 1766 1766 1766 1766
    1766 1766 1766 1766 1766 1766 1766 1766 1766 1766 1766 1757 1757
    1766 1766 3816 1776 1776 1776 1776 1776 1776 1776 1776 1766 1766
    1766 1766 1766 1766 1766 1766 1766 1766 1766 1766 1766 1766 1766
    1766 1766 1766 1766 1766 1766 1766 1766 1766 1766 1766 1766 1766
    1766 1766 1757 1757 1757 1757 1766 1766 1766 1766 1757 1757 1757
    1766 1766 1766 1757 1757 1757 1757 1776 1776 1776 1776 1776 1776
    1776 1776 1766 1766 1766 1766 1766 1766 1766 1766 1766 1766 1766
    1766 1766 1766 1766 1766 1766 1766 1766 1766 1766 1766 1766 1757
    1757 1757 1757 1766 1766 1766 1766 1757 1757 1757 1757 1766 1766
    1766 1757 1757 1748 1748 1757 1757 1757 1757 1757 1757 1757 4295
    1776 1766 1766 1766 1766 1766 1766 1766 1766 1766 1766 1766 1766
    1766 1766 1766 1766 1766 1766 1766 1766 1766 1766 1766 1766 1766
    1766 1766 1766 1766 1748 1748 1757 1757 1757 1757 1757 1766 1757
    1757 1757 1757 1757 1766 1766 1757 1757 1748 1748 1748 1757 1757
    1757 1766 1766 1766 4295 1776 1766 1766 1766 1766 1766 1766 1766
    1766 1766 1757 1757 1757 1766 1766 1766 1757 1757 1757 1757 1757
    1757 1757 1766 1766 1766 1766 1766 1766 1766 1748 1748 1748 1748
    1748 1757 1757 1757 1757 1757 1757 1757 1757 1757 1757 1757 1748
    1748 1748 1748 1748 1757 1757 1757 1757 1766 1766 1766 1766 1766
    1766 1766 1766 1766 1766 1757 1757 1757 1757 1757 1766 1757 1757
    1757 1757 1757 1757 1757 1757 1757 1766 1766 1766 1766 1766 1766
    1766 1757 1757 1748 1748 1748 1748 1748 1748 1757 1757 1757 1757
    1757 1757 1748 1748 1748 1748 1748 1748 1748 1748 1757 1757 1757
    1766 1766 1766 1766 1766 1766 1766 1766 1766 1766 1757 1757 1757
    1748 1748 1757 1757 1757 1757 1757 1748 1748 1748 1748 1748 1748
    1748 1757 1757 1757 1757 1757 1757 1757 1748 1748 1748 1748 1748
    1748 1757 1757 1766 1766 1757 1748 1748 1748 1748 1748 1748 1748
    1748 1748 1757 1757 1766 1766 1776 1776 1766 1766 1766 1766 1766
    1766 1766 1757 1757 1748 1748 1748 1757 1757 1757 1757 1757 1748
    1748 1748 1748 1748 1748 1748 1757 1757 1757 1748 1748 1748 1748
    1748 1748 1748 1748 1748 1748 1757 1757 1757 1766 1757 1748 1748
    1739 1739 1739 1748 1748 1748 1748 1757 1757 1757 1766 1766 1766
    1766 1766 1766 1766 1766 1766 1757 1757 1757 1748 1748 1748 1748
    1748 1748 1748 1748 1748 1748 1748 1748 1748 1748 1748 1757 1757
    1757 1748 1748 1748 1748 1748 1748 1748 1748 1748 1748 1757 1757
    1757 1757 1757 1748 1748 1739 1739 1739 1757 1757 1757 1757 1757
    1757 1757 1757 1766 1766 1766 1766 1766 1766 1757 1757 1757 1757
    1757 1748 1748 1748 1748 1748 1748 1748 1748 1748 1748 1739 1739
    1748 1748 1748 1748 1748 1748 1748 1748 1748 1739 1739 1748 1748
    1748 1748 1748 1748 1748 1748 1748 1748 1748 1748 1748 1748 1748
    1757 1757 1757 1748 1748 1748 1748 1748 1766 1766 1766 1766 1757
    1757 1757 1757 1757 1748 1748 1748 1748 1748 1748 1748 1748 1748
    1739 1739 1739 1739 1739 1748 1748 1748 1748 1748 1748 1748 1748
    1748 1739 1739 1748 1748 1748 1748 1748 1748 1739 1739 1739 1739
    1739 1748 1748 1748 1748 1748 1748 1748 1748 1739 1739 1748 1748
