<?xml version="1.0"?>
<opencv_storage>
<Depth17978 type_id="opencv-matrix">
  <rows>76</rows>
  <cols>104</cols>
  <dt>w</dt>
  <data>
    2767 2767 2767 2767 2767 2744 2744 2789 2789 2767 869 867 867 867
    864 864 864 864 864 862 862 862 862 862 862 862 2767 2767 860 860
    2767 2767 2767 2767 2767 2744 2744 2744 2744 2744 2744 2744 2744
    2723 2723 2723 2723 2723 2723 2701 2701 2701 2701 2680 2680 2680
    2680 2680 2680 2680 2680 2701 2680 2680 2680 2680 2680 2680 2659
    2659 2659 2659 2659 2639 2639 2639 2639 2639 2639 2618 2618 2618
    2618 2618 2618 2618 2618 2618 2618 2618 2618 2618 2598 2598 2598
    2598 2598 2598 2598 2560 2522 2485 2467 2467 2767 2767 2744 2744
    2744 2744 2744 2789 2789 871 867 864 864 864 864 864 864 862 862 862
    862 862 862 860 858 858 858 858 860 860 860 860 860 858 856 856 856
    856 856 854 851 851 851 2723 2723 2723 2723 2723 2723 2723 2701 2701
    2701 2680 2680 2659 2659 2659 2659 2659 2680 2701 2680 2680 2680
    2680 2680 2680 2680 2680 2680 2659 2659 2618 2618 2639 2639 2639
    2639 2639 2618 2618 2618 2618 2618 2618 2618 2618 2618 2598 2598
    2598 2598 2598 2598 2598 2598 2598 2579 2541 2503 2485 2467 2467
    2767 2744 2744 2744 2744 2744 2789 864 864 864 864 862 862 864 862
    862 862 860 860 860 860 860 858 858 856 856 856 856 856 856 856 858
    858 858 856 856 856 856 854 854 851 849 849 849 849 849 847 847 847
    847 2701 2701 2701 2701 2680 2659 2639 2639 2659 2659 2680 2701 2701
    2701 2680 2680 2680 2680 2680 2680 2680 2659 2639 2618 2618 2639
    2639 2639 2639 2639 2618 2618 2618 2618 2598 2598 2618 2618 2618
    2598 2598 2598 2598 2598 2598 2598 2598 2598 2579 2541 2503 2485
    2467 2467 2767 2744 2744 2744 867 864 864 864 862 862 862 860 860
    860 862 862 860 858 856 856 856 856 856 856 854 854 854 854 854 856
    856 856 856 856 854 854 854 854 851 849 849 849 849 847 847 849 847
    847 847 847 847 847 845 845 847 847 847 847 847 845 845 843 841 841
    841 2701 2701 841 841 841 839 839 839 2639 2639 2639 2639 2639 2639
    2618 2618 2618 2618 2598 2598 2598 2598 2598 2598 2598 2598 2598
    2598 2598 2598 2598 2598 2598 2579 2541 2522 2485 2467 2467 2767
    2767 2767 867 867 867 864 864 862 862 860 858 858 858 858 858 856
    854 854 854 854 854 851 851 851 851 851 851 851 851 851 849 849 849
    849 849 849 847 847 847 847 847 847 847 847 849 847 847 845 845 845
    845 845 845 845 845 845 845 845 843 843 841 841 841 841 841 841 841
    841 841 839 839 837 837 839 839 839 839 839 839 2618 2618 2598 2598
    2598 2598 2598 2598 2598 2598 2598 2598 2579 2579 2598 2598 2598
    2598 2579 2541 2522 2485 2467 2467 2767 2767 0 867 867 867 864 862
    862 860 858 856 856 856 856 856 854 851 851 851 851 851 849 849 849
    849 849 849 849 849 847 847 847 847 847 847 847 845 845 845 845 843
    843 843 843 845 845 845 843 843 843 843 843 843 841 841 841 841 843
    841 841 841 841 841 841 841 841 839 839 839 839 839 837 837 839 839
    839 839 839 839 839 837 835 833 833 833 833 837 2598 2598 2598 2598
    2579 2579 2579 2598 2598 2598 2579 2541 2522 2485 2467 2467 2744
    2723 0 867 867 867 864 862 860 856 854 849 849 849 851 851 851 849
    849 849 849 849 847 847 847 847 847 847 845 845 845 845 847 847 845
    845 845 845 845 843 843 841 839 839 839 839 839 841 839 839 839 839
    839 839 839 839 839 839 839 839 839 839 839 837 837 837 837 837 839
    839 837 837 835 835 837 837 837 835 835 835 835 835 833 833 833 833
    833 837 835 833 833 833 833 831 829 829 829 829 2579 2560 2541 2485
    2467 2467 2723 0 0 867 867 867 864 862 860 851 847 847 847 847 847
    847 847 845 845 847 847 847 847 845 845 845 845 845 845 845 845 845
    845 845 845 843 843 841 841 841 839 839 837 837 837 837 837 837 837
    837 837 837 837 837 839 837 837 837 837 837 837 837 835 835 835 835
    835 835 835 835 835 835 833 833 835 835 835 833 833 833 833 833 833
    833 833 833 833 833 833 833 831 831 831 831 829 829 829 829 829 829
    827 827 2467 2467 2723 0 0 0 869 867 864 862 860 851 845 845 845 847
    847 847 845 843 843 843 843 843 843 841 841 845 843 843 843 843 843
    843 843 845 843 841 839 839 839 839 839 839 837 837 837 837 837 835
    835 837 837 837 837 837 837 835 833 833 833 833 833 833 833 833 833
    833 833 833 833 833 831 831 831 831 831 831 831 831 831 831 831 831
    829 829 829 831 831 833 831 831 829 829 829 829 827 827 825 825 827
    827 827 827 829 829 2680 0 0 0 869 869 864 862 862 843 841 841 841
    845 845 843 841 841 839 839 841 839 839 839 839 839 839 839 839 839
    841 841 841 843 841 839 839 837 837 837 837 837 835 835 835 835 835
    835 835 835 835 835 833 833 833 833 833 833 831 831 831 831 831 833
    833 831 831 831 831 829 829 829 829 829 827 827 827 829 829 829 827
    827 827 827 827 827 827 833 829 827 827 827 827 825 825 825 825 825
    825 825 825 825 827 827 2680 2701 0 0 0 869 869 862 862 841 839 839
    839 841 841 841 839 839 839 837 837 837 837 837 837 837 837 835 835
    835 835 835 835 835 839 837 837 835 835 835 835 835 835 833 833 833
    831 831 831 831 831 831 831 831 833 831 831 831 831 831 831 829 829
    831 831 831 829 829 829 829 827 827 827 827 825 825 825 825 825 825
    825 825 825 825 825 825 825 825 825 825 825 825 825 823 823 823 823
    823 823 823 823 823 825 825 2701 2701 0 0 0 0 0 0 839 839 839 835
    835 835 835 837 837 835 835 835 835 835 833 833 835 833 833 833 833
    833 833 831 831 831 831 831 831 831 831 831 831 831 831 831 831 829
    829 829 829 829 829 829 829 829 829 829 829 829 831 829 829 827 827
    829 827 827 827 825 825 825 825 825 825 825 825 825 825 823 823 823
    823 823 825 825 823 821 821 819 819 821 823 823 823 823 821 821 821
    821 819 817 817 819 823 823 2701 2701 0 0 0 0 0 0 837 837 837 833
    833 833 833 835 833 833 833 833 833 831 831 831 831 831 831 831 831
    831 831 829 829 829 829 829 829 829 829 829 829 827 827 827 829 829
    829 829 829 829 829 827 827 827 827 827 827 827 829 829 827 825 825
    825 825 825 823 823 825 823 823 823 823 823 823 823 823 823 821 819
    819 821 823 823 821 821 819 819 819 819 821 821 823 823 821 819 819
    817 817 817 815 815 819 819 2701 2723 0 0 0 0 0 0 837 833 831 831
    831 831 831 831 831 831 831 829 829 829 829 829 829 829 829 829 829
    829 827 827 827 825 825 827 827 827 827 827 827 825 823 823 823 823
    823 823 823 825 825 823 823 823 825 825 825 825 825 825 825 825 823
    823 823 823 823 823 823 821 821 819 819 819 821 821 819 819 817 817
    817 817 817 819 817 817 817 817 817 817 817 819 819 819 817 817 817
    817 817 815 815 815 815 815 2723 2723 0 0 0 0 0 0 0 831 829 829 829
    829 829 829 829 829 829 827 825 825 825 825 825 827 827 825 825 825
    825 825 825 823 823 823 821 821 823 821 821 819 819 819 819 821 821
    821 821 821 821 821 821 821 823 823 821 821 823 823 823 823 823 821
    819 819 819 819 819 819 817 817 817 817 817 817 819 817 817 817 815
    815 815 815 815 815 815 815 815 815 815 815 815 815 815 815 815 815
    815 813 813 813 813 813 2744 0 0 0 0 0 0 823 823 827 827 827 829 829
    829 827 827 827 825 825 823 823 823 823 823 823 823 823 823 823 821
    821 823 821 821 821 819 819 819 821 821 817 817 819 819 819 819 819
    817 817 815 815 815 815 817 817 815 815 819 819 819 817 817 817 817
    817 817 817 817 817 815 815 815 815 815 815 817 815 815 815 815 815
    815 815 815 813 813 813 813 813 813 813 811 811 811 813 815 813 811
    811 811 811 811 811 2744 0 0 0 0 0 0 819 819 821 821 823 823 825 827
    825 825 823 823 823 823 823 821 821 821 821 821 821 821 819 819 819
    821 821 821 819 819 817 817 817 817 815 815 815 815 815 815 815 813
    813 813 813 813 815 815 815 813 813 811 811 811 815 815 815 815 815
    813 813 813 813 815 815 815 815 815 811 811 811 811 809 809 811 811
    811 811 811 811 811 811 809 809 809 809 809 809 809 809 809 809 809
    809 809 811 811 2744 0 0 0 0 0 0 819 819 819 821 819 819 821 823 825
    823 823 821 821 821 821 819 819 817 817 819 819 819 817 817 817 817
