<?xml version="1.0"?>
<opencv_storage>
<Depth13426 type_id="opencv-matrix">
  <rows>5</rows>
  <cols>31</cols>
  <dt>w</dt>
  <data>
    0 0 0 0 0 5548 5548 5548 5374 5374 5460 5548 5374 5374 5374 0 0 5640
    5640 5640 5548 5374 5374 0 0 0 5374 5374 5374 5374 5460 5548 5548
    5640 5640 5640 5548 5548 5548 5548 5460 5460 5640 5640 5640 5640
    5460 5460 5640 5640 5640 5548 5374 5374 5374 5374 5374 5374 5374
    5374 5374 5460 5548 5548 5640 5640 5640 5640 5640 5640 5548 5548
    5548 5548 5548 5460 5460 5460 5460 5640 5640 5640 5548 5460 5374
    5374 5374 5374 5374 5374 5460 5548 5548 5548 5548 5548 5548 5548
    5548 5548 5548 5548 5460 5460 5548 5548 5460 5460 5548 5548 5640
    5640 5734 5548 5548 5460 5460 5460 5374 5374 5374 5460 5548 5548 0
    5548 5548 5548 5548 5548 5548 5460 5460 5460 5460 5548 5640 5640
    5640 5640 5640 5734 5734 5734 5640 5640 5548 5548 5548 5460 5460
    5460 5460 5640 5640</data></Depth13426>
</opencv_storage>
