<?xml version="1.0"?>
<opencv_storage>
<Depth6475 type_id="opencv-matrix">
  <rows>80</rows>
  <cols>46</cols>
  <dt>w</dt>
  <data>
    3503 3503 3503 3503 3539 3539 3539 3539 3539 3539 3539 3539 3576
    3576 3576 3576 3576 3576 3576 3614 3614 3614 3614 3614 3692 1297
    1297 1297 1297 1302 1307 1307 3732 3732 3692 3692 3732 3732 3732
    3732 3732 3774 3774 3816 3816 3816 3468 3468 3468 3503 3503 3539
    3539 3539 3503 3503 3539 3539 3576 3576 3576 3576 3576 3576 3576
    3614 3614 3614 3653 3774 1302 1297 1297 1297 1297 1297 1302 1302
    1312 1312 1312 1317 3732 3732 3732 3732 3732 3732 3732 3816 3816
    3816 3468 3468 3468 3468 3503 3503 3503 3503 3503 3503 3539 3539
    3576 3539 3539 3576 3576 3614 3614 1338 1338 1328 1317 1302 1302
    1297 1292 1292 1297 1297 1302 1302 1307 1312 1312 1317 1317 1317
    1317 1333 1343 1343 1343 1343 3816 3816 3503 3468 3468 3468 3468
    3468 3503 3503 3503 3539 3539 3539 3576 3539 3539 3539 1392 1343
    1343 1338 1328 1322 1317 1302 1292 1292 1292 1292 1297 1297 1302
    1302 1307 1307 1312 1312 1317 1317 1317 1333 1333 1343 1338 1338
    1338 3816 3503 3468 3468 3468 3468 3468 3503 3503 3503 3539 3539
    3539 3539 3539 3539 1392 1392 1381 1343 1338 1328 1322 1312 1297
    1292 1288 1288 1292 1292 1297 1302 1302 1302 1307 1312 1312 1317
    1317 1322 1333 1333 1343 1338 1338 1343 1343 3503 3468 3468 3468
    3468 3468 3468 3503 3503 3503 3503 3468 3468 3539 3539 1387 1387
    1381 1354 1343 1328 1322 1312 1292 1288 1288 1288 1288 1292 1297
    1302 1302 1302 1302 1307 1312 1317 1317 1322 1333 1338 1343 1343
    1343 1343 1343 3468 3468 3468 3468 3468 3468 3468 3503 3503 3503
    3468 3468 3468 3468 1404 1404 1387 1381 1354 1338 1328 1317 1307
    1292 1288 1288 1288 1288 1292 1297 1297 1302 1302 1302 1307 1312
    1317 1317 1322 1328 1333 1338 1343 1343 1343 1343 3468 3468 3468
    3468 3468 3468 3468 3468 3468 3503 3468 3468 3468 3468 1410 1404
    1387 1381 1354 1338 1322 1317 1307 1292 1288 1283 1283 1288 1292
    1297 1297 1297 1302 1302 1302 1312 1317 1317 1322 1328 1333 1338
    1343 1343 1343 1343 3468 3468 3468 3468 3468 3468 3468 3468 3468
    3503 3503 3503 3503 1410 1410 1398 1387 1376 1349 1333 1322 1312
    1302 1292 1283 1283 1283 1288 1288 1297 1297 1297 1297 1302 1302
    1307 1317 1317 1322 1328 1328 1333 1338 1343 1343 1343 3468 3468
    3468 3468 3468 3468 3468 3468 3503 3503 3503 3503 1421 1410 1410
    1398 1381 1370 1349 1333 1317 1307 1297 1288 1283 1283 1283 1283
    1288 1292 1297 1297 1297 1302 1302 1307 1317 1317 1322 1328 1328
    1333 1338 1343 1343 1349 3468 3468 3468 3468 3468 3468 3468 3503
    3503 3503 3503 1421 1421 1415 1404 1392 1381 1365 1343 1333 1312
    1302 1292 1288 1283 1283 1283 1283 1283 1292 1297 1297 1297 1302
    1302 1307 1312 1317 1322 1328 1328 1333 1333 1338 1343 1343 3468
    3468 3468 3468 3468 3468 3468 3503 3503 3503 1439 1439 1421 1410
    1398 1381 1370 1349 1338 1328 1307 1297 1292 1283 1283 1283 1283
    1283 1283 1292 1292 1297 1297 1302 1302 1307 1312 1312 1317 1328
    1328 1328 1333 1333 1338 1343 3468 3468 3468 3468 3468 3433 3433
    3433 1458 1458 1458 1439 1427 1410 1392 1381 1370 1349 1338 1322
    1307 1297 1292 1283 1278 1278 1283 1283 1288 1288 1292 1297 1297
    1297 1302 1302 1307 1312 1317 1328 1328 1328 1333 1333 1328 1328
    3468 3468 3468 3468 3468 3433 3433 3433 1458 1458 1452 1439 1427
    1415 1392 1381 1370 1349 1338 1322 1307 1297 1288 1283 1278 1278
    1283 1283 1288 1288 1292 1297 1297 1297 1302 1302 1307 1312 1317
    1322 1322 1328 1333 1333 1328 1328 3433 3433 3433 3433 3433 3433
    3433 3433 1458 1458 1452 1439 1427 1410 1387 1376 1349 1343 1338
    1317 1302 1292 1288 1278 1278 1278 1278 1283 1283 1288 1292 1292
    1297 1297 1297 1302 1307 1312 1317 1322 1322 1328 1328 1333 1328
    1328 3433 3433 3433 3433 3433 3433 3433 1458 1458 1458 1452 1439
    1421 1404 1387 1376 1349 1338 1333 1317 1302 1292 1283 1278 1278
    1278 1278 1283 1283 1288 1288 1292 1297 1297 1297 1302 1307 1312
    1317 1317 1322 1328 1328 1333 1338 1338 3433 3433 3433 3433 3468
    3468 3468 1458 1458 1458 1445 1433 1415 1404 1387 1376 1349 1338
    1322 1317 1302 1288 1278 1278 1273 1273 1278 1278 1283 1283 1288
    1292 1297 1297 1302 1302 1302 1307 1312 1317 1322 1328 1328 1333
    1333 1333 3433 3433 3433 3433 3433 3468 3468 1458 1458 1452 1445
    1433 1415 1404 1387 1376 1338 1328 1317 1312 1297 1288 1278 1278
    1273 1273 1278 1278 1283 1283 1288 1292 1297 1297 1297 1302 1302
    1302 1312 1317 1322 1328 1328 1328 1333 1333 3433 3433 3433 3433
    3433 3468 3468 1452 1452 1445 1433 1421 1410 1392 1381 1370 1338
    1328 1317 1302 1297 1288 1278 1268 1268 1268 1278 1283 1283 1283
    1283 1288 1297 1297 1297 1302 1302 1302 1307 1317 1322 1322 1328
    1328 1333 1333 3433 3433 3433 3433 3433 3433 1458 1458 1452 1445
    1427 1415 1404 1392 1381 1354 1343 1322 1317 1297 1292 1283 1268
    1268 1268 1268 1278 1278 1283 1283 1283 1288 1292 1297 1302 1302
    1302 1302 1307 1312 1317 1322 1322 1328 1328 1328 3433 3433 3399
    3399 3399 3399 1458 1458 1458 1445 1427 1410 1398 1387 1381 1349
    1338 1322 1312 1297 1288 1278 1264 1264 1264 1268 1273 1278 1283
    1283 1283 1283 1292 1292 1297 1297 1302 1302 1302 1312 1317 1317
    1322 1322 1322 0 3399 3433 3399 3399 3399 3433 3433 1464 1458 1445
    1415 1404 1398 1387 1376 1343 1333 1322 1307 1292 1283 1273 1264
    1264 1264 1268 1268 1278 1278 1283 1283 1283 1288 1288 1297 1297
    1302 1302 1302 1312 1317 1317 1322 1322 1322 0 3399 3433 3399 3399
    3399 3433 3433 1458 1452 1439 1415 1404 1398 1381 1354 1343 1328
    1312 1302 1288 1283 1264 1264 1264 1264 1264 1268 1273 1278 1283
    1283 1283 1283 1288 1288 1292 1297 1302 1302 1307 1307 1317 1317
    1322 1322 1317 3399 3433 3399 3399 3399 3433 1458 1452 1445 1427
    1415 1404 1398 1381 1354 1338 1322 1307 1302 1288 1283 1264 1264
    1264 1264 1264 1264 1268 1278 1283 1283 1283 1283 1283 1288 1292
    1297 1297 1302 1307 1307 1307 1312 1317 1317 1317 3399 3433 3433
    3399 3399 3399 1452 1452 1433 1421 1410 1404 1398 1365 1343 1333
    1317 1307 1297 1288 1278 1268 1264 1259 1259 1259 1264 1264 1278
    1283 1283 1283 1283 1283 1288 1292 1297 1297 1302 1307 1307 1307
    1312 1317 1317 1317 3399 3433 3433 3433 3433 1452 1445 1445 1433
    1415 1410 1404 1387 1365 1338 1328 1317 1307 1297 1283 1278 1264
    1259 1259 1259 1259 1264 1264 1278 1278 1278 1278 1283 1283 1288
    1292 1297 1297 1302 1307 1307 1307 1317 1322 1322 1322 3399 3433
    3433 3433 3433 1452 1445 1445 1433 1415 1404 1392 1381 1359 1338
    1328 1317 1302 1292 1278 1273 1264 1259 1259 1259 1259 1264 1264
    1278 1278 1278 1278 1283 1283 1283 1288 1297 1297 1297 1307 1307
    1307 1317 1328 1328 3653 3399 3433 3433 3433 3433 1452 1452 1445
    1433 1415 1404 1387 1370 1349 1338 1322 1312 1302 1283 1278 1268
    1264 1259 1259 1259 1259 1259 1264 1273 1278 1278 1278 1283 1283
    1283 1288 1288 1297 1297 1307 1307 1312 1317 1328 1328 3653 3399
    3433 3433 3433 3433 1458 1452 1439 1433 1410 1398 1387 1370 1349
    1338 1322 1307 1297 1283 1278 1264 1259 1259 1259 1259 1259 1259
    1264 1273 1273 1278 1278 1283 1283 1283 1288 1288 1292 1297 1307
    1307 1307 1312 1322 1322 2908 3399 3433 3433 3433 3433 1458 1452
    1433 1427 1410 1392 1381 1365 1343 1338 1322 1302 1292 1283 1273
    1264 1255 1255 1259 1259 1259 1259 1264 1268 1268 1273 1278 1283
    1283 1283 1288 1288 1292 1297 1307 1307 1307 1312 1317 1317 2908
    3433 3433 3433 3468 3468 1452 1452 1427 1415 1404 1387 1381 1365
    1343 1328 1312 1302 1292 1283 1268 1259 1255 1255 1250 1250 1250
    1259 1264 1268 1268 1273 1278 1278 1283 1283 1288 1288 1292 1297
    1302 1307 1307 1312 1317 1317 2908 3433 3433 3433 3468 3468 3468
    1421 1415 1410 1404 1387 1381 1354 1338 1322 1312 1302 1288 1278
    1264 1255 1250 1250 1250 1250 1250 1259 1264 1264 1264 1268 1273
    1278 1283 1283 1288 1288 1288 1292 1302 1307 1307 1307 1312 1312
