<?xml version="1.0"?>
<opencv_storage>
<Depth3285 type_id="opencv-matrix">
  <rows>17</rows>
  <cols>31</cols>
  <dt>w</dt>
  <data>
    2467 2485 2485 2485 2485 2485 2485 2485 2485 2485 2485 2485 2485
    2485 2485 2467 2467 2467 2485 2485 2467 2467 2485 2485 2485 2485
    2485 2467 2467 2485 0 2485 2485 2485 2485 2485 2485 2485 2485 2485
    2485 2485 2485 2485 2485 2485 2485 2467 2467 2485 2485 2485 2485
    2485 2485 2485 2485 2485 2467 2467 2485 0 2485 2485 2485 2485 2485
    2485 2485 2485 2485 2485 2485 2485 2485 2485 2485 2485 2467 2467
    2485 2485 2467 2467 2467 2485 2485 2485 2485 2467 2467 2467 2467
    2467 2485 2485 2485 2485 2485 2485 2485 2485 2485 2485 2485 2485
    2485 2485 2485 2467 2467 2485 2485 2467 2467 2467 2467 2467 2485
    2485 2467 2450 2450 2467 2467 2485 2485 2485 2485 2485 2485 2485
    2485 2485 2485 2485 2485 2485 2485 2485 2467 2467 2485 2485 2485
    2467 2467 2467 2467 2485 2485 2467 2450 2450 2467 0 2485 2485 2485
    2485 2485 2485 2485 2485 2485 2485 2485 2485 2485 2467 2467 2467
    2467 2485 2485 2485 2485 2467 2467 2467 2485 2467 2467 2467 2467
    2467 0 2503 2503 2485 2485 2485 2485 2485 2485 2467 2467 2467 2467
    2467 2467 2467 2485 2485 2485 2485 2485 2485 2467 2467 2467 2485
    2467 2467 2467 2467 2467 0 2503 2503 2485 2485 2485 2485 2485 2485
    2467 2467 2467 2467 2467 2467 2467 2485 2485 2485 2485 2485 2485
    2467 2467 2485 2485 2485 2485 2467 2467 2467 2680 2680 2503 2503
    2485 2485 2485 2485 2485 2485 2485 2485 2467 2467 2485 2485 2485
    2485 2485 2485 2485 2485 2485 2485 2485 2485 2485 2485 2467 2450
    2450 2659 2680 2503 2485 2485 2485 2485 2485 2485 2485 2485 2485
    2467 2467 2485 2485 2467 2467 2485 2485 2485 2485 2485 2485 2485
    2485 2485 2485 2467 2450 2450 2639 2639 2503 2485 2485 2485 2485
    2485 2485 2485 2485 2485 2485 2485 2485 2485 2467 2467 2485 2485
    2485 2485 2485 2485 2485 2485 2485 2485 2467 2467 2467 2639 2598
    2485 2485 2485 2485 2485 2485 2485 2485 2485 2485 2485 2485 2485
    2485 2485 2485 2485 2485 2485 2485 2485 2485 2485 2467 2467 2485
    2467 2467 2467 2579 2579 2485 2467 2467 2485 2485 2485 2485 2485
    2485 2485 2485 2485 2485 2485 2485 2485 2485 2485 2485 2485 2485
    2485 2485 2467 2467 2485 2467 2467 2467 2579 2579 2485 2467 2467
    2485 2503 2485 2485 2485 2485 2485 2485 2485 2485 2485 2485 2485
    2485 2485 2485 2503 2485 2485 2485 2485 2485 2485 2467 2467 2485
    2598 2598 2639 2639 2639 2503 2503 2503 2485 2485 2485 2485 2485
    2485 2485 2485 2503 2485 2485 2485 2485 2503 2503 2485 2485 2485
    2485 2485 2467 2467 2485 2639 2659 2639 2639 2744 2744 2541 2503
    2503 2503 2503 2485 2485 2485 2503 2503 2522 2560 2560 0 0 0 0 0 0 0
    0 2503 2485 2485 2503 2639 2659 2659 2680 2744 2744 2744 0 2503 2503
    2503 0 0 0 0 0 0 0 0 0 0 0 0 0 0 0 0 0 0 0 0</data></Depth3285>
</opencv_storage>
