<?xml version="1.0"?>
<opencv_storage>
<Depth8808 type_id="opencv-matrix">
  <rows>79</rows>
  <cols>59</cols>
  <dt>w</dt>
  <data>
    4349 4349 4405 4349 4349 4405 1264 1264 1264 1264 1264 1268 1283
    1292 1292 1292 1292 1292 1302 1297 1297 4295 4349 4405 4349 4295
    4295 4295 4349 4349 4295 4295 4295 4241 4241 4295 4295 4295 4241
    4241 4241 4241 4241 4241 4241 4241 4241 4241 4241 4241 4241 4241
    4241 4241 4241 4241 4190 4190 4190 4349 4349 4349 4349 1264 1264
    1264 1264 1264 1259 1259 1255 1255 1255 1283 1283 1292 1292 1302
    1297 1288 1288 1288 4405 4405 4295 4295 4349 4349 4349 4349 4241
    4241 4241 4241 4349 4349 4295 4241 4241 4241 4241 4241 4241 4241
    4241 4241 4241 4241 4241 4190 4190 4241 1227 1227 1227 1227 4190
    4190 4349 4349 4349 0 1264 1264 1264 1259 1259 1255 1255 1255 1250
    1250 1250 1241 1241 1236 1236 1236 1236 1236 1236 1219 1219 4405
    4405 4349 4349 4349 4349 4241 4241 4241 4241 4349 4349 4295 4241
    4241 4190 4190 1255 1250 1250 1250 4190 4241 4241 4241 4190 1241
    1236 1227 1227 1227 1227 1236 1236 0 4349 0 1268 1264 1264 1264 1259
    1255 1255 1255 1250 1250 1250 1245 1241 1236 1236 1236 1236 1236
    1227 1223 1219 1219 1219 1219 1210 1206 1202 1202 1202 1202 1202
    4349 4349 4349 4349 4349 4241 1268 1259 1250 1250 1245 1245 1245
    1245 1250 1245 1245 1236 1232 1227 1227 1223 1223 1227 1227 4349 0 0
    1268 1268 1264 1264 1259 1255 1250 1250 1250 1250 1250 1245 1241
    1236 1236 1236 1232 1232 1223 1219 1219 1219 1214 1214 1210 1206
    1202 1202 1202 1202 1202 1202 1193 1193 1193 1193 1189 1189 1259
    1250 1245 1245 1245 1245 1245 1245 1236 1236 1232 1227 1227 1227
    1223 1223 1227 1227 0 0 0 0 1264 1264 1264 1259 1255 1250 1250 1250
    1250 1250 1245 1241 1236 1236 1236 1232 1232 1223 1219 1214 1214
    1214 1214 1210 1210 1206 1202 1202 1197 1197 1197 1193 1193 1189
    1189 1185 1185 1185 1181 1173 1173 1173 1173 1169 1169 1169 1236
    1232 1227 1227 1227 1223 1223 1223 1223 0 0 0 0 1264 1264 1264 1259
    1255 1250 1250 1250 1250 1245 1245 1241 1236 1236 1236 1232 1232
    1219 1219 1214 1214 1214 1214 1210 1210 1206 1202 1202 1197 1197
    1197 1197 1189 1185 1185 1181 1181 1181 1181 1173 1173 1173 1169
    1169 1169 1169 1165 1165 1165 1169 1169 1202 1202 1219 1219 0 0 0 0
    1264 1264 1264 1259 1255 1250 1250 1250 1250 1245 1245 1241 1236
    1236 1236 1232 1227 1219 1219 1214 1214 1214 1210 1210 1210 1206
    1202 1202 1197 1197 1197 1197 1189 1185 1181 1181 1181 1177 1173
    1169 1169 1169 1165 1165 1169 1165 1165 1165 1165 1169 1181 1197
    1197 1214 0 0 0 0 0 1264 1264 1264 1259 1255 1255 1250 1250 1250
    1245 1241 1236 1236 1232 1232 1232 1227 1223 1219 1219 1214 1214
    1210 1210 1206 1206 1202 1202 1197 1197 1197 1197 1189 1185 1181
    1181 1181 1177 1173 1169 1169 1169 1165 1161 1161 1161 1161 1161
    1161 1165 1177 1193 1193 1214 0 0 0 0 1264 1264 1264 1264 1259 1255
    1255 1250 1250 1250 1245 1241 1236 1236 1232 1232 1232 1227 1223
    1219 1219 1214 1214 1210 1210 1206 1202 1202 1202 1197 1197 1197
    1189 1185 1185 1181 1181 1181 1177 1177 1169 1169 1165 1165 1157
    1157 1157 1161 1161 1161 1165 1173 1193 1193 1214 1223 0 0 0 1264
    1264 1264 1264 1259 1255 1255 1250 1250 1250 1245 1241 1236 1232
    1232 1232 1227 1227 1223 1219 1219 1214 1214 1214 1210 1206 1202
    1202 1202 1197 1197 1197 1189 1185 1185 1185 1181 1181 1181 1177
    1169 1169 1165 1165 1157 1157 1157 1157 1157 1161 1165 1173 1197
    1197 1219 1223 0 0 0 1264 1264 1264 1259 1259 1259 1255 1255 1250
    1250 1245 1241 1236 1232 1232 1232 1227 1223 1219 1219 1219 1219
    1214 1214 1210 1206 1202 1202 1202 1197 1197 1189 1189 1185 1185
    1185 1181 1181 1181 1177 1169 1169 1165 1165 1157 1157 1157 1157
    1157 1161 1169 1177 1189 1197 1219 1219 0 0 0 1268 1264 1264 1259
    1259 1259 1255 1255 1250 1250 1245 1241 1236 1232 1232 1232 1227
    1223 1219 1219 1219 1219 1214 1214 1210 1206 1202 1202 1202 1197
    1197 1189 1189 1185 1185 1185 1181 1181 1181 1173 1169 1169 1165
    1165 1161 1161 1157 1157 1157 1161 1173 1181 1189 1214 1219 1219 0 0
    0 1268 1264 1259 1259 1259 1259 1255 1250 1250 1250 1245 1241 1236
    1236 1232 1232 1223 1223 1219 1219 1219 1219 1214 1214 1210 1206
    1202 1202 1202 1197 1197 1189 1189 1185 1185 1185 1181 1181 1181
    1173 1169 1169 1169 1165 1161 1161 1157 1157 1157 1161 1173 1181
    1189 1210 1219 1219 0 0 0 1268 1264 1259 1259 1259 1259 1255 1250
    1250 1250 1245 1241 1236 1236 1232 1232 1223 1223 1219 1219 1219
    1214 1214 1214 1214 1206 1202 1202 1202 1197 1197 1189 1189 1185
    1185 1185 1181 1181 1181 1177 1169 1169 1169 1165 1165 1165 1161
    1157 1157 1161 1181 1185 1189 1206 1219 1219 0 0 0 0 1264 1259 1259
    1259 1259 1255 1250 1250 1250 1245 1241 1241 1236 1232 1232 1223
    1223 1219 1219 1219 1214 1214 1214 1210 1206 1202 1202 1202 1197
    1197 1189 1185 1185 1185 1181 1181 1181 1177 1173 1169 1169 1169
    1165 1165 1165 1161 1161 1161 1165 1181 1185 1189 1206 1223 1223 0 0
    0 0 1264 1264 1255 1255 1259 1255 1250 1250 1250 1245 1241 1241 1236
    1232 1232 1223 1223 1219 1219 1219 1214 1214 1214 1210 1206 1202
    1197 1197 1197 1197 1189 1185 1185 1185 1181 1181 1181 1177 1173
    1169 1169 1169 1165 1165 1161 1157 1157 1157 1165 1177 1181 1189
    1206 1223 1223 0 0 0 0 1268 1264 1255 1255 1259 1255 1250 1250 1250
    1245 1241 1241 1236 1236 1232 1227 1223 1219 1219 1214 1214 1214
    1210 1210 1206 1202 1197 1197 1202 1197 1189 1185 1185 1185 1181
    1181 1181 1177 1173 1173 1169 1169 1169 1165 1161 1157 1157 1157
    1165 1177 1181 1197 1206 1223 1232 0 0 0 0 1264 1259 1250 1250 1255
    1255 1250 1250 1245 1241 1241 1236 1236 1236 1232 1223 1223 1219
    1219 1214 1214 1214 1210 1210 1206 1202 1202 1202 1202 1197 1189
    1189 1185 1185 1181 1181 1181 1177 1169 1169 1169 1169 1165 1165
    1161 1157 1157 1161 1165 1173 1181 1197 1210 1223 1232 0 0 0 1268
    1264 1259 1250 1250 1255 1255 1250 1250 1245 1241 1241 1236 1236
    1236 1232 1223 1223 1219 1219 1214 1214 1214 1210 1210 1210 1202
    1202 1202 1202 1197 1189 1189 1185 1185 1181 1181 1181 1177 1169
    1169 1169 1169 1165 1161 1161 1157 1157 1161 1165 1173 1181 1197
    1210 1223 1232 0 0 0 1259 1259 1255 1255 1255 1255 1250 1250 1245
    1245 1241 1241 1236 1236 1232 1227 1223 1219 1219 1219 1214 1214
    1214 1210 1210 1206 1206 1202 1197 1197 1197 1189 1189 1185 1185
    1181 1181 1181 1177 1173 1169 1169 1169 1165 1161 1161 1161 1161
    1165 1169 1173 1185 1197 1210 1223 1227 0 0 0 1259 1259 1255 1250
    1250 1255 1250 1245 1245 1245 1241 1241 1236 1236 1232 1227 1223
    1219 1219 1219 1214 1214 1210 1210 1206 1206 1202 1202 1197 1197
    1197 1189 1189 1185 1185 1181 1181 1181 1177 1173 1169 1169 1169
    1165 1165 1161 1161 1161 1161 1169 1169 1185 1202 1214 1223 1227 0 0
    0 1259 1259 1255 1250 1250 1255 1250 1245 1245 1245 1241 1241 1236
    1236 1232 1227 1223 1219 1219 1219 1214 1214 1210 1210 1206 1202
    1202 1202 1197 1197 1197 1189 1189 1185 1185 1181 1181 1181 1177
    1173 1169 1169 1169 1165 1165 1161 1161 1161 1161 1169 1169 1185
    1206 1219 1219 1223 0 0 0 0 1259 1255 1255 1255 1255 1250 1245 1245
    1245 1241 1241 1236 1236 1232 1227 1223 1219 1219 1219 1214 1214
    1210 1210 1206 1202 1202 1202 1197 1197 1197 1189 1189 1185 1185
    1181 1181 1181 1177 1173 1169 1169 1169 1165 1165 1157 1157 1157
    1161 1165 1169 1185 1206 1214 1214 1223 0 0 0 0 1259 1255 1250 1250
    1255 1250 1245 1245 1245 1241 1241 1236 1236 1232 1227 1223 1219
    1219 1219 1219 1214 1210 1210 1206 1202 1202 1197 1197 1197 1189
    1185 1185 1185 1181 1181 1177 1177 1173 1173 1169 1169 1169 1165
    1161 1157 1157 1157 1157 1165 1169 1185 1202 1210 1202 1202 0 0 0
    1264 1259 1255 1250 1250 1255 1250 1250 1245 1245 1245 1241 1236
    1236 1232 1227 1223 1223 1219 1219 1219 1214 1210 1210 1202 1202
    1197 1197 1197 1189 1189 1185 1185 1185 1181 1181 1177 1177 1173
    1173 1169 1169 1165 1165 1161 1157 1157 1157 1157 1165 1173 1189
