<?xml version="1.0"?>
<opencv_storage>
<Depth9897 type_id="opencv-matrix">
  <rows>40</rows>
  <cols>53</cols>
  <dt>w</dt>
  <data>
    4463 4463 4463 1688 1688 1688 1680 1680 1680 1680 1688 1688 1785
    1785 1785 1785 1785 1794 1804 1804 1823 4349 4349 4295 4241 4241
    4295 4295 4295 4295 4241 4241 4190 4190 4190 4190 4190 4190 4190
    4190 4139 4139 4139 4190 4139 4139 4139 4139 4139 4139 4139 4139
    4139 4405 4405 1705 1688 1688 1688 1680 1671 1671 1671 1680 1680
    1680 1688 1713 1766 1766 1794 1794 1804 1804 1794 1794 1794 4241
    4241 4241 4295 4241 4241 4190 4190 4190 4190 4190 4190 4190 4190
    4190 4139 4139 4139 4139 4139 4139 4139 4139 4139 4139 4139 4139
    4089 4089 4349 4349 1705 1705 1688 1688 1680 1671 1671 1671 1663
    1663 1671 1680 1688 1688 1766 1794 1794 1785 1785 1785 1785 1785
    1785 4241 4241 4190 4190 4190 4190 4190 4190 4190 4190 4190 4190
    4139 4139 4139 4139 4139 4139 4139 4139 4139 4139 4139 4139 4139
    4089 4041 4041 4295 4295 1705 1705 1688 1688 1680 1671 1671 1663
    1663 1663 1663 1671 1671 1671 1671 1671 1794 1785 1785 1785 1785
    1785 1776 1776 1776 4139 4139 4139 4139 4190 4190 4190 4190 4190
    4139 4139 4139 4139 4139 4139 4139 4139 4089 4089 4089 4139 4139
    4089 4041 3994 3994 4295 4295 4295 1688 1688 1680 1671 1671 1663
    1663 1663 1663 1663 1663 1663 1663 1663 1655 1655 1671 1671 1671
    1705 1757 1776 1776 1776 3994 3994 3994 4041 4139 4190 4190 4190
    4190 4139 4139 4139 4139 4139 4089 4089 4089 4089 4089 4089 4139
    4139 4089 4041 3994 3994 4349 0 0 1688 1688 1680 1671 1671 1663 1663
    1663 1663 1663 1663 1663 1663 1663 1655 1655 1655 1663 1663 1680
    1696 1731 1731 1731 1731 3994 3994 3994 4089 4139 4139 4139 4139
    4139 4139 4139 4139 4139 4089 4089 4041 4041 4089 4139 4139 4139
    4089 4089 4041 3994 4349 4349 0 1688 1688 1680 1680 1671 1671 1663
    1663 1663 1663 1663 1655 1655 1655 1655 1655 1655 1655 1655 1655
    1663 1663 1688 1688 1696 1705 3994 3994 4089 4041 4041 4139 4089
    4089 4139 4139 4139 4139 4139 4139 4041 4041 4089 4139 4139 4139
    4089 4089 4041 3994 4522 4522 1705 1688 1688 1688 1680 1680 1680
    1671 1671 1671 1663 1663 1655 1655 1655 1655 1655 1655 1655 1655
    1655 1655 1655 1663 1663 1671 1680 1696 1696 1696 4041 4041 4089
    4041 4041 4089 4089 4139 4139 4139 4139 4089 4089 4089 4089 4089
    4089 4041 4041 3994 3994 4405 1713 1705 1705 1688 1688 1688 1680
    1680 1680 1671 1671 1663 1663 1655 1655 1655 1655 1655 1655 1655
    1655 1655 1655 1655 1647 1647 1647 1647 1671 1671 1688 1696 1731
    4089 4041 4041 4089 4089 4089 4139 4139 4139 4089 4089 4089 4089
    4089 4041 4041 4041 3994 3994 1713 1713 1713 1705 1696 1688 1688
    1680 1680 1680 1671 1671 1671 1663 1655 1655 1663 1663 1663 1655
    1655 1655 1655 1647 1647 1647 1647 1647 1647 1647 1647 1663 1680
    1688 1688 1757 1757 1739 1731 1731 1757 4139 4139 4139 4139 4139
    4139 4089 4041 4041 3994 3994 3994 1713 1713 1713 1705 1696 1696
    1688 1680 1680 1680 1671 1671 1671 1671 1663 1663 1663 1663 1663
    1663 1655 1655 1655 1647 1647 1647 1647 1639 1639 1639 1639 1639
    1647 1639 1639 1639 1757 1731 1731 1731 1748 1748 1757 1757 4139
    4139 4139 4089 4041 4041 3994 3994 3994 1722 1713 1713 1713 1696
    1696 1688 1688 1688 1688 1680 1671 1671 1671 1663 1663 1663 1663
    1663 1663 1655 1655 1655 1655 1655 1647 1647 1639 1639 1639 1632
    1632 1639 1632 1632 1632 1647 1647 1731 1731 1739 1739 1739 1748
    1748 1748 4139 4139 4089 4041 3994 3994 3994 1722 1713 1705 1705
    1705 1688 1688 1688 1688 1688 1680 1680 1671 1671 1671 1671 1671
    1671 1663 1663 1655 1655 1655 1655 1655 1647 1647 1639 1639 1632
    1632 1632 1632 1632 1632 1632 1632 1632 1639 1647 1671 1705 1705
    1722 1731 1731 1748 1739 1739 4041 3994 3994 3994 1713 1713 1705
    1696 1696 1688 1688 1680 1680 1680 1680 1680 1680 1671 1671 1671
    1671 1663 1663 1663 1655 1655 1655 1655 1655 1647 1647 1639 1632
    1632 1632 1632 1632 1632 1624 1624 1624 1624 1632 1632 1639 1655
    1696 1713 1722 1722 1731 1731 1731 1739 1739 3994 4041 1713 1713
    1705 1696 1696 1688 1688 1680 1680 1680 1680 1680 1680 1671 1671
    1671 1671 1663 1663 1663 1655 1655 1655 1655 1655 1647 1647 1639
    1632 1632 1632 1632 1632 1632 1624 1624 1624 1624 1624 1632 1632
    1632 1639 1639 1639 1663 1713 1688 1688 1713 1713 1713 3948 1713
    1713 1705 1696 1696 1688 1688 1688 1688 1680 1680 1680 1680 1671
    1671 1680 1671 1671 1663 1663 1655 1655 1655 1655 1655 1655 1655
    1647 1647 1647 1632 1632 1632 1632 1624 1624 1624 1624 1624 1624
    1624 1624 1632 1632 1632 1639 1663 1663 1671 1671 1705 1722 1722
    1713 1713 1705 1705 1705 1688 1688 1688 1688 1688 1680 1680 1680
    1680 1680 1680 1671 1671 1671 1663 1663 1663 1655 1655 1655 1655
    1655 1647 1647 1647 1632 1632 1632 1632 1624 1624 1624 1624 1624
    1624 1624 1616 1616 1616 1616 1624 1632 1639 1639 1671 1688 1722
    1722 1713 1713 1713 1705 1705 1696 1696 1688 1688 1688 1680 1680
    1680 1680 1680 1680 1680 1671 1671 1663 1663 1663 1663 1655 1655
    1655 1655 1655 1647 1647 1639 1639 1632 1632 1632 1624 1624 1624
    1624 1624 1624 1616 1616 1616 1609 1609 1609 1609 1609 1609 1624
    1624 1632 4349 4349 1713 1713 1713 1705 1705 1696 1696 1688 1688
    1688 1688 1688 1680 1680 1680 1671 1671 1663 1663 1663 1663 1663
    1663 1655 1655 1655 1647 1647 1647 1647 1639 1632 1632 1632 1624
    1624 1624 1624 1624 1616 1616 1609 1609 1609 1601 1601 1601 1601
    1601 1609 1632 4349 4349 4349 4349 1713 1705 1705 1696 1696 1696
    1688 1688 1688 1680 1680 1680 1680 1671 1671 1663 1663 1663 1663
    1663 1663 1655 1655 1655 1647 1647 1647 1639 1639 1639 1632 1632
    1632 1632 1624 1624 1616 1616 1616 1609 1601 1601 1601 1601 1601
    1601 1601 1601 1616 4349 4349 4349 4349 4349 4295 4295 4295 4241
    1696 1688 1680 1680 1680 1680 1680 1680 1680 1680 1671 1671 1671
    1663 1663 1663 1663 1655 1655 1647 1647 1647 1639 1639 1639 1632
    1632 1632 1632 1624 1624 1616 1616 1616 1616 1601 1601 1609 1601
    1601 1601 1601 1601 1616 4349 4349 4349 4349 4349 4295 4295 4295
    4295 1696 1688 1680 1680 1680 1680 1680 1688 1680 1680 1671 1671
    1671 1663 1663 1663 1663 1655 1655 1647 1647 1647 1639 1639 1639
    1632 1632 1632 1632 1632 1624 1624 1624 1624 1616 1601 1601 1609
    1601 1601 1601 1601 1601 1609 4349 4349 4349 4295 4295 4295 4295
    4295 4295 1713 1688 1680 1680 1680 1655 1655 1688 1688 1680 1671
    1671 1671 1671 1663 1663 1663 1655 1655 1647 1647 1647 1639 1639
    1639 1632 1632 1632 1632 1632 1624 1624 1624 1624 1616 1616 1609
    1609 1609 1601 1601 1601 1601 1601 4349 4349 4295 4295 4295 4295
    4295 4295 4295 4295 4295 4295 4295 4295 1655 1655 1688 1680 1680
    1671 1671 1671 1671 1663 1663 1663 1655 1655 1647 1647 1647 1647
    1647 1639 1632 1632 1632 1632 1632 1632 1632 1632 1624 1616 1616
    1609 1609 1609 1601 1601 1601 1601 1601 4349 4349 4295 4295 4295
    4295 4295 4295 4295 4295 4295 4295 4295 4295 4241 4241 4241 1680
    1680 1680 1680 1663 1663 1663 1663 1663 1663 1663 1655 1655 1647
    1647 1647 1639 1632 1632 1632 1632 1632 1632 1632 1632 1624 1616
    1616 1609 1609 1609 1601 1601 1601 1601 1609 4349 4295 4295 4295
    4295 4295 4295 4295 4295 4295 4295 4295 4295 4295 4241 4241 4241
    4241 4241 1680 1680 1663 1663 1663 1663 1663 1663 1663 1655 1655
    1655 1655 1655 1647 1639 1639 1632 1632 1632 1632 1632 1632 1624
    1624 1616 1609 1609 1609 1609 1601 1601 1601 1609 4349 4295 4295
    4295 4295 4295 4295 4295 4295 4295 4241 4241 4241 4241 4241 4190
    4190 4190 4190 4241 4190 4190 4190 4190 4190 1663 1663 1663 1663
    1663 1655 1655 1655 1647 1647 1639 1639 1632 1632 1632 1632 1632
    1624 1624 1616 1616 1616 1616 1609 1609 1601 1601 1609 4295 4295
    4295 4295 4295 4295 4295 4295 4295 4241 4241 4241 4241 4241 4190
    4190 4190 4190 4190 4241 4190 4190 4190 4190 4190 4190 1671 1663
    1663 1663 1655 1655 1655 1647 1647 1647 1639 1639 1639 1632 1632
