<?xml version="1.0"?>
<opencv_storage>
<Depth5217 type_id="opencv-matrix">
  <rows>9</rows>
  <cols>12</cols>
  <dt>w</dt>
  <data>
    1915 1936 1936 4708 4708 4708 4708 4708 4582 4582 4582 4582 1915
    1915 4708 4708 4708 4708 4645 4645 4645 4582 4582 4645 1915 4645
    4645 4645 4708 4708 4645 4645 4645 4582 4582 4582 1926 4645 4645
    4645 4708 4645 4645 4645 4522 4522 4522 4522 4708 4645 4645 4645
    4708 4645 4645 4582 4522 4463 4463 4463 4708 4645 4645 4708 4645
    4582 4582 4522 4463 4463 4405 4405 4708 4708 4708 4708 4645 4582
    4582 4522 4463 4405 4405 4405 4708 4708 4708 4708 4708 4645 4582
    4522 4463 4405 4405 4405 4774 4708 4708 4708 4708 4708 4645 4522
    4522 4522 4522 2090</data></Depth5217>
</opencv_storage>
