<?xml version="1.0"?>
<opencv_storage>
<Depth2952 type_id="opencv-matrix">
  <rows>14</rows>
  <cols>9</cols>
  <dt>w</dt>
  <data>
    4645 4645 4645 4645 4582 4582 4645 4645 4645 4582 4582 4582 4645
    4645 4645 4708 4708 4708 4463 4463 4582 4645 4645 4774 4774 4774 0
    4463 4463 4582 4645 4708 4774 4774 0 0 4463 4463 4582 4645 4842 4842
    4842 4774 0 4463 4582 4645 4645 4842 4842 4774 4774 4774 4645 4645
    4645 4708 4708 4774 4708 4708 4774 4645 4645 4645 4645 4645 4774
    4645 4645 4645 4582 4582 4645 4645 4645 4645 4582 4582 4582 4582
    4582 4582 4582 4645 4645 4582 4582 4463 4582 4582 4582 4582 4582
    4708 4645 4645 4463 4582 4582 4582 4582 4582 4645 4645 4708 4708
    4582 4582 4522 4522 4582 4645 4645 4774 0 0 4522 4522 4522 4645 4645
    4708 4774 0</data></Depth2952>
</opencv_storage>
