<?xml version="1.0"?>
<opencv_storage>
<Depth6592 type_id="opencv-matrix">
  <rows>74</rows>
  <cols>45</cols>
  <dt>w</dt>
  <data>
    3816 3816 3816 3816 3816 3816 3816 3816 3816 3732 3732 3774 3774
    3774 3774 3774 3774 3774 3774 3774 3816 3816 3816 3732 3732 1359
    1349 1349 1349 1354 1354 1354 1354 3692 3692 3692 3692 3653 3653
    3732 3732 3732 3732 3692 3692 3816 3816 3816 3816 3816 3816 3816
    3816 3816 3774 3774 3774 3774 3774 3774 3774 3732 3732 3774 3774
    1398 1387 1381 1376 1370 1359 1349 1349 1354 1354 1354 1354 1354
    1365 1370 1381 1387 1398 3653 3732 3732 1387 3692 3692 3692 3816
    3816 3816 3816 3816 3816 3816 3816 3816 3774 3774 3774 1445 1445
    3732 3774 3732 3732 3732 1398 1392 1387 1381 1376 1370 1359 1349
    1349 1349 1349 1354 1354 1354 1365 1370 1381 1387 1387 1387 1387
    1387 1387 1392 3692 3692 3816 3816 3816 3816 3816 3816 3816 3774
    3774 3732 3732 3732 1445 1445 1445 1439 1439 1439 1404 1398 1392
    1387 1376 1376 1370 1365 1349 1349 1349 1349 1354 1354 1359 1365
    1365 1376 1376 1381 1381 1381 1387 1392 1392 1392 1392 3816 3816
    3774 3774 3816 3816 3816 3774 3774 3732 3732 3692 1445 1445 1445
    1439 1439 1415 1404 1398 1392 1387 1376 1370 1370 1365 1349 1349
    1349 1349 1354 1354 1354 1359 1365 1376 1376 1381 1381 1381 1387
    1392 1392 1392 1392 3774 3774 3774 3774 3774 3774 3816 3774 3774
    1477 1470 1464 1445 1445 1445 1439 1415 1410 1398 1398 1392 1387
    1376 1370 1370 1359 1349 1349 1349 1349 1354 1354 1354 1359 1365
    1376 1376 1381 1381 1381 1387 1392 1392 1398 1398 3774 3774 3774
    3774 3774 3774 3816 3816 3816 1470 1464 1458 1452 1445 1445 1433
    1415 1410 1398 1398 1392 1381 1376 1370 1365 1359 1349 1343 1343
    1349 1349 1354 1354 1359 1365 1376 1376 1381 1381 1381 1392 1392
    1392 1398 1398 3774 3774 3774 3774 3774 3774 3816 3816 1470 1464
    1464 1458 1445 1445 1439 1433 1415 1410 1398 1398 1392 1381 1376
    1370 1365 1359 1349 1343 1343 1349 1349 1354 1354 1359 1365 1376
    1376 1381 1381 1381 1392 1398 1398 1398 3576 3774 3774 3774 3774
    3774 3774 1470 1470 1464 1464 1464 1458 1445 1445 1439 1433 1415
    1410 1398 1392 1387 1381 1376 1370 1359 1349 1349 1343 1343 1349
    1349 1354 1354 1359 1365 1376 1376 1381 1381 1381 1392 1398 1398
    1404 1404 3774 1550 1543 1543 1543 1503 1470 1470 1464 1464 1464
    1458 1452 1445 1439 1433 1415 1410 1398 1392 1387 1381 1376 1370
    1359 1349 1349 1343 1343 1349 1349 1354 1354 1359 1359 1376 1376
    1376 1381 1381 1392 1398 1398 1398 1398 1557 1550 1543 1543 1509
    1503 1496 1477 1464 1464 1458 1452 1445 1445 1439 1433 1415 1404
    1398 1392 1387 1381 1376 1370 1359 1349 1343 1343 1343 1349 1349
    1349 1354 1354 1359 1370 1376 1376 1381 1381 1387 1398 1398 1398
    1398 1550 1550 1543 1529 1503 1503 1489 1483 1470 1464 1458 1452
    1445 1445 1439 1433 1415 1404 1398 1392 1387 1376 1376 1370 1359
    1349 1343 1343 1343 1343 1349 1349 1354 1354 1359 1370 1370 1376
    1381 1381 1381 1387 1392 1392 1392 1550 1543 1536 1523 1503 1496
    1489 1483 1470 1464 1458 1445 1445 1445 1439 1427 1410 1398 1398
    1392 1387 1376 1376 1365 1359 1349 1343 1343 1343 1343 1343 1349
    1354 1354 1354 1365 1370 1376 1376 1381 1381 1387 1387 1392 1392
    1536 1536 1536 1523 1503 1496 1489 1483 1470 1464 1458 1445 1445
    1445 1439 1427 1410 1398 1398 1392 1387 1376 1370 1365 1354 1349
    1338 1338 1343 1343 1343 1349 1354 1354 1354 1365 1370 1376 1376
    1381 1381 1381 1387 1387 3539 1536 1536 1523 1516 1503 1496 1489
    1483 1470 1464 1458 1452 1445 1445 1439 1427 1410 1404 1398 1392
    1387 1376 1370 1365 1354 1349 1338 1338 1343 1338 1338 1349 1349
    1354 1354 1359 1365 1370 1376 1381 1381 1381 1381 1381 3539 1536
    1536 1523 1509 1503 1496 1489 1483 1470 1464 1458 1452 1445 1445
    1439 1427 1415 1404 1398 1392 1381 1376 1370 1365 1349 1349 1338
    1338 1338 1338 1338 1343 1349 1349 1354 1359 1365 1370 1376 1376
    1381 1381 1381 1381 3539 1529 1529 1523 1509 1496 1496 1489 1483
    1470 1470 1458 1452 1445 1439 1433 1421 1415 1404 1398 1392 1381
    1376 1370 1365 1349 1343 1333 1333 1333 1338 1338 1343 1349 1349
    1354 1359 1365 1365 1370 1376 1381 1381 1387 1387 3539 1529 1529
    1523 1509 1496 1489 1489 1483 1470 1470 1458 1452 1439 1433 1427
    1415 1410 1398 1392 1387 1376 1376 1370 1365 1349 1343 1333 1333
    1333 1333 1338 1343 1349 1349 1354 1359 1365 1365 1365 1376 1376
    1381 1387 1392 1392 1529 1529 1523 1509 1496 1489 1489 1483 1477
    1470 1458 1445 1439 1433 1427 1415 1404 1398 1392 1387 1376 1376
    1370 1359 1343 1338 1333 1333 1333 1333 1333 1343 1349 1349 1354
    1359 1359 1365 1365 1376 1376 1381 1381 1381 1381 1536 1523 1523
    1509 1496 1489 1489 1483 1477 1470 1458 1445 1439 1433 1415 1410
    1398 1398 1392 1387 1376 1376 1370 1349 1343 1338 1333 1333 1333
    1333 1333 1338 1343 1349 1354 1359 1359 1359 1365 1370 1376 1376
    1381 1381 1381 1529 1523 1523 1509 1496 1489 1489 1483 1470 1470
    1458 1445 1433 1427 1415 1404 1398 1398 1392 1387 1376 1376 1365
    1349 1343 1338 1333 1333 1333 1333 1333 1338 1343 1343 1349 1359
    1359 1359 1365 1365 1370 1376 1376 1370 1370 1529 1523 1516 1509
    1503 1489 1483 1477 1470 1464 1452 1445 1433 1427 1415 1404 1398
    1398 1392 1387 1381 1370 1365 1349 1349 1338 1333 1333 1333 1333
    1333 1338 1343 1343 1349 1359 1359 1359 1365 1365 1370 1376 1376
    1370 1370 1523 1523 1516 1509 1503 1489 1483 1470 1464 1458 1445
    1439 1433 1427 1415 1404 1398 1398 1392 1381 1376 1370 1359 1349
    1349 1338 1328 1328 1328 1333 1333 1338 1338 1343 1349 1354 1359
    1359 1359 1365 1370 1376 1376 1370 1370 1523 1523 1516 1509 1503
    1489 1483 1470 1464 1458 1445 1433 1427 1421 1415 1410 1404 1398
    1392 1381 1376 1365 1359 1349 1343 1338 1328 1328 1328 1333 1333
    1338 1338 1343 1349 1354 1359 1359 1359 1365 1370 1376 1376 1376
    1376 1523 1523 1516 1509 1496 1489 1483 1470 1464 1458 1445 1433
    1427 1421 1415 1410 1404 1398 1387 1376 1370 1365 1354 1349 1343
    1338 1333 1328 1328 1328 1333 1333 1338 1338 1343 1354 1354 1359
    1359 1370 1370 1376 1376 1381 1381 1516 1516 1516 1503 1496 1489
    1483 1470 1464 1452 1445 1439 1433 1415 1410 1410 1398 1392 1387
    1376 1370 1359 1349 1349 1343 1338 1333 1328 1328 1328 1333 1333
    1338 1338 1343 1354 1354 1359 1359 1370 1370 1376 1376 1376 1376
    1516 1516 1516 1503 1496 1489 1483 1470 1464 1452 1445 1439 1433
    1415 1410 1404 1398 1392 1387 1376 1370 1359 1349 1349 1343 1333
    1333 1328 1328 1328 1333 1333 1333 1338 1343 1354 1354 1359 1359
    1365 1370 1376 1376 1376 1376 1516 1516 1509 1496 1496 1489 1483
    1470 1464 1458 1445 1439 1439 1415 1410 1404 1398 1392 1381 1376
    1370 1365 1349 1343 1338 1333 1328 1328 1328 1328 1328 1333 1333
    1338 1343 1354 1354 1354 1359 1365 1365 1370 1376 1381 1381 1516
    1516 1503 1496 1496 1489 1483 1470 1464 1452 1445 1439 1433 1415
    1410 1398 1398 1392 1381 1376 1370 1365 1349 1343 1338 1328 1322
    1322 1322 1322 1328 1333 1333 1333 1338 1349 1354 1354 1359 1365
    1365 1370 1376 1376 1376 1516 1516 1503 1496 1489 1483 1477 1470
    1464 1452 1445 1439 1427 1415 1410 1398 1392 1392 1381 1376 1370
    1365 1349 1343 1333 1328 1317 1317 1317 1317 1328 1328 1333 1333
    1338 1349 1354 1354 1359 1359 1365 1370 1376 1376 1376 1509 1509
    1503 1496 1489 1483 1477 1470 1464 1452 1439 1433 1427 1415 1410
    1398 1392 1392 1381 1376 1370 1365 1349 1343 1333 1328 1317 1317
    1317 1317 1328 1328 1333 1333 1333 1343 1349 1354 1354 1359 1365
    1370 1376 1376 1376 1509 1509 1503 1496 1489 1477 1470 1464 1458
    1445 1439 1433 1427 1415 1404 1398 1392 1392 1381 1376 1370 1354
    1349 1343 1333 1328 1317 1317 1317 1317 1322 1328 1333 1333 1333
    1338 1343 1349 1354 1359 1359 1365 1370 1370 1370 1516 1503 1496
    1496 1483 1477 1470 1464 1458 1445 1433 1427 1427 1415 1404 1398
    1392 1387 1381 1376 1370 1354 1349 1343 1333 1328 1317 1317 1317
    1317 1322 1328 1333 1333 1333 1338 1343 1349 1354 1359 1359 1365
