<?xml version="1.0"?>
<opencv_storage>
<Depth10529 type_id="opencv-matrix">
  <rows>76</rows>
  <cols>59</cols>
  <dt>w</dt>
  <data>
    4911 4911 4911 4911 4911 4983 4983 4983 4983 4983 4983 4983 5056
    5056 5056 5056 5056 5056 5132 5132 5132 5132 5056 5056 5132 5132
    5210 5132 5132 5132 5210 5210 5210 5210 1489 1489 1489 1489 1489
    1489 1489 5374 5374 5291 5291 5291 5291 5291 5291 5291 5291 5291
    5291 5374 5374 5374 5374 5374 5374 4911 4911 4911 4911 4911 4983
    4983 4983 4983 4983 5056 5056 5056 5056 5056 5056 5056 5056 5056
    5056 5132 5056 5056 5056 5056 5132 5132 5132 5132 5132 5210 5210
    5210 5210 1489 1489 1489 1489 1489 1489 1489 1489 1489 5374 5291
    5291 5291 5291 5291 5291 5291 5291 5291 5374 5374 5374 5374 5374
    5374 4842 4911 4911 4911 4911 4983 4911 4911 4911 4983 4983 4983
    5056 5056 5056 5056 5056 5056 5056 5056 5132 5056 4983 4983 5056
    5132 5132 5132 5132 5210 5210 5210 1470 1470 1483 1489 1489 1489
    1489 1489 1489 1489 1489 5291 5291 5291 5291 5291 5291 5291 5291
    5291 5291 5374 5374 5374 5374 5374 5374 4842 4911 4911 4911 4911
    4911 4911 4911 4911 4983 4983 4983 5056 4983 4983 4983 5056 5056
    5056 5056 5132 5132 4983 4983 5056 5132 1458 1452 1445 1445 1445
    1452 1458 1464 1477 1489 1489 1483 1483 1483 1483 1483 1483 5374
    5374 5291 5291 5291 5210 5210 5291 5291 5291 5374 5374 5374 5374
    5374 5374 4842 4911 4911 4911 4911 4911 4911 4911 4911 4911 4911
    4911 5056 4983 4983 4983 5056 5056 5132 5132 5210 5132 5056 5056
    5132 1452 1452 1445 1445 1445 1445 1445 1452 1464 1477 1483 1483
    1477 1477 1483 1483 1483 1483 5210 5210 5210 5291 5291 5210 5210
    5291 5291 5291 5374 5374 5374 5374 5374 5374 4842 4911 4911 4911
    4911 4911 4911 4911 4911 4911 4911 4911 5056 5056 4983 4983 5056
    5132 5132 5132 5210 5210 5132 1470 1458 1452 1445 1445 1445 1445
    1445 1445 1452 1458 1470 1464 1464 1464 1470 1477 1483 1483 1483
    5210 5210 5210 5210 5210 5210 5210 5291 5291 5291 5374 5374 5374
    5374 5374 5291 4842 4911 4911 4911 4911 4911 4911 4911 4911 4911
    4911 4911 5056 5056 5056 5056 5056 5132 5210 5291 5291 1470 1470
    1470 1452 1445 1439 1439 1439 1445 1445 1445 1445 1452 1452 1458
    1458 1464 1464 1470 1477 1483 1483 1477 5291 5291 5210 5210 5210
    5291 5291 5291 5291 5374 5374 5374 5374 5374 5291 4842 4911 4911
    4911 4911 1601 1594 1594 1601 4911 4911 4911 5056 5056 5056 5056
    1509 1496 1496 1489 1489 1470 1470 1464 1452 1445 1439 1439 1439
    1439 1439 1439 1439 1445 1445 1452 1458 1458 1464 1470 1470 1477
    1477 1477 5291 5291 5210 5210 5210 5210 5210 5291 5291 5374 5374
    5374 5374 5374 5374 4911 4911 4911 4911 1601 1594 1586 1586 1579
    1550 1550 1550 5132 5132 5132 1516 1509 1503 1496 1483 1477 1470
    1470 1464 1452 1445 1439 1439 1439 1439 1439 1439 1439 1439 1445
    1452 1458 1458 1464 1464 1470 1477 1477 1477 1477 5210 5210 5210
    5210 5210 5210 5291 5291 5374 5374 5374 5374 5374 5374 4911 4911
    4911 1594 1594 1594 1579 1579 1564 1550 1543 1536 1529 1523 1516
    1509 1503 1496 1489 1483 1477 1470 1470 1464 1458 1445 1439 1439
    1433 1433 1433 1433 1439 1439 1439 1445 1452 1458 1464 1464 1470
    1470 1477 1477 1470 5210 5210 5210 5210 5210 5210 5210 5291 5374
    5374 5291 5291 5374 5374 4911 4911 4842 1594 1586 1586 1579 1572
    1557 1550 1543 1529 1523 1523 1516 1509 1503 1496 1489 1483 1477
    1470 1470 1464 1458 1445 1439 1439 1433 1433 1433 1433 1433 1439
    1439 1445 1452 1458 1464 1464 1470 1470 1470 1470 1470 5291 5291
    5210 5210 5210 5210 5210 5291 5374 5374 5291 5291 5374 5374 4911
    4842 1586 1586 1586 1579 1572 1564 1550 1543 1543 1529 1523 1523
    1516 1516 1503 1496 1489 1483 1477 1470 1464 1464 1458 1445 1439
    1439 1433 1427 1427 1427 1433 1439 1439 1445 1445 1458 1464 1464
    1470 1470 1470 1470 1470 1477 5210 5210 5210 5210 5210 5210 5291
    5374 5374 5374 5374 5374 5374 4911 4842 1586 1586 1586 1579 1572
    1564 1550 1543 1543 1529 1523 1523 1516 1516 1509 1496 1489 1489
    1477 1470 1464 1458 1452 1445 1439 1439 1433 1427 1427 1427 1433
    1439 1439 1445 1445 1452 1458 1464 1470 1470 1470 1470 1477 1477
    5210 5210 5210 5210 5210 5210 5291 5374 5374 5374 5374 5374 5374
    1594 1586 1586 1579 1579 1572 1572 1564 1550 1543 1543 1536 1529
    1523 1516 1516 1509 1496 1489 1483 1470 1470 1464 1458 1445 1445
    1439 1433 1427 1427 1427 1427 1433 1439 1439 1445 1445 1445 1452
    1464 1464 1470 1470 1470 1477 1489 1489 5210 5210 5210 5210 5291
    5291 5374 5374 5374 5374 5374 5374 1594 1586 1586 1579 1579 1572
    1564 1557 1550 1550 1543 1536 1529 1523 1516 1516 1509 1503 1489
    1483 1470 1464 1464 1452 1445 1445 1439 1433 1427 1427 1427 1427
    1433 1439 1439 1445 1445 1445 1452 1464 1464 1470 1470 1470 1477
    1489 1489 1489 5210 5210 5210 5210 5291 5291 5291 5374 5374 5374
    5374 1594 1586 1579 1572 1572 1572 1564 1557 1550 1550 1543 1536
    1529 1523 1516 1516 1509 1503 1489 1483 1470 1464 1464 1452 1445
    1445 1439 1439 1427 1427 1427 1427 1427 1433 1439 1439 1445 1445
    1452 1464 1464 1470 1470 1470 1477 1483 1483 0 5210 5210 5210 5210
    5291 5291 5291 5374 5374 5374 5374 1594 1586 1579 1572 1572 1572
    1564 1550 1550 1550 1543 1536 1529 1523 1516 1516 1509 1503 1489
    1477 1470 1464 1464 1452 1445 1445 1439 1439 1427 1427 1427 1427
    1427 1433 1439 1439 1439 1445 1445 1464 1464 1470 1470 1470 1477
    1477 1477 0 5210 5210 5210 5210 5291 5291 5291 5374 5374 5374 5374
    1594 1594 1579 1572 1572 1564 1557 1550 1550 1543 1543 1536 1529
    1523 1516 1509 1503 1496 1489 1477 1470 1464 1464 1452 1445 1445
    1439 1439 1433 1427 1427 1427 1427 1427 1433 1439 1439 1445 1445
    1458 1464 1464 1464 1470 1470 1477 1477 0 5210 5210 5210 5210 5210
    5291 5374 5374 5374 5374 5374 1594 1594 1579 1572 1572 1564 1557
    1550 1550 1543 1543 1536 1529 1523 1516 1509 1503 1496 1489 1477
    1470 1464 1464 1458 1445 1445 1445 1439 1439 1433 1427 1427 1427
    1427 1433 1439 1439 1445 1445 1458 1464 1464 1464 1470 1470 1470
    1470 1470 0 5210 5210 5210 5210 5291 5374 5374 5291 5291 5291 4645
    1594 1579 1572 1572 1564 1557 1557 1550 1543 1543 1536 1529 1523
    1516 1509 1503 1496 1489 1477 1470 1464 1464 1458 1445 1445 1445
    1439 1439 1433 1427 1427 1427 1427 1427 1433 1439 1439 1445 1452
    1458 1464 1464 1464 1464 1470 1470 1470 0 5210 5210 5210 5210 5374
    5374 5291 5291 5291 5291 4645 1594 1579 1572 1572 1572 1557 1550
    1550 1543 1543 1543 1529 1523 1516 1509 1503 1496 1496 1477 1470
    1470 1464 1458 1452 1445 1445 1439 1439 1439 1433 1427 1427 1427
    1427 1433 1439 1439 1445 1445 1458 1464 1464 1464 1464 1470 1470
    1470 0 5210 5210 5210 5291 5291 5374 5291 5291 5291 5291 4645 4645
    1572 1572 1572 1564 1557 1550 1550 1543 1543 1543 1536 1523 1516
    1516 1509 1496 1496 1483 1470 1470 1464 1458 1452 1445 1445 1445
    1439 1439 1433 1427 1421 1421 1421 1427 1433 1439 1445 1445 1452
    1458 1464 1464 1464 1470 1470 1470 1470 1470 5291 5291 5291 5291
    5291 5291 5291 5291 5291 4645 4645 1572 1572 1572 1564 1557 1557
    1550 1550 1543 1543 1536 1529 1523 1516 1509 1503 1496 1489 1477
    1470 1464 1464 1458 1445 1445 1445 1439 1439 1433 1427 1421 1421
    1421 1421 1427 1433 1445 1445 1452 1458 1464 1464 1464 1470 1470
    1470 1470 0 5210 5210 5210 5291 5291 5291 5291 5291 5291 4774 4774
    1572 1572 1572 1564 1564 1557 1550 1550 1543 1543 1536 1529 1523
    1516 1509 1503 1496 1489 1483 1470 1464 1464 1458 1445 1445 1445
    1439 1439 1433 1427 1421 1421 1421 1421 1421 1427 1439 1445 1452
    1458 1464 1464 1464 1464 1470 1470 1470 0 5210 5210 5210 5291 5291
    5291 5291 5291 5291 4774 4774 1579 1572 1572 1564 1564 1564 1557
    1550 1550 1543 1536 1529 1523 1516 1509 1503 1496 1489 1483 1470
    1470 1464 1458 1452 1445 1445 1439 1439 1433 1427 1421 1421 1421
    1421 1421 1427 1439 1445 1445 1452 1458 1464 1464 1464 1464 1470
    1470 1470 5210 5210 5210 5291 5291 5291 5291 5291 5291 4774 4774
