<?xml version="1.0"?>
<opencv_storage>
<Depth5351 type_id="opencv-matrix">
  <rows>55</rows>
  <cols>48</cols>
  <dt>w</dt>
  <data>
    4774 4774 4774 4842 4842 4842 4911 4911 4911 4911 4911 4911 4911
    4911 4983 5056 5056 5056 5132 5210 2005 1993 1993 5210 5132 5132
    2016 2005 2005 2005 2005 2005 5132 5132 5132 5132 5132 5132 5132
    5056 5056 4983 4983 4983 4983 4911 4911 4911 4774 4842 4842 4842
    4842 4842 4842 4911 4911 4911 4911 4911 4983 4983 4983 5056 5056
    5056 5056 2005 2005 1993 1993 2005 2005 2005 2005 2005 2005 2005
    2005 2005 2005 5210 5132 5132 5132 5132 5132 5132 5056 5056 5056
    4983 4983 4983 4911 4911 4774 4842 4842 4842 4842 4842 4842 4842
    4911 4911 4983 4983 4983 5056 5056 5056 5056 5056 2005 2005 2005
    2005 2005 2005 2005 2005 2005 2005 2005 2005 2005 2005 2005 5210
    5210 5132 5132 5132 5132 5132 5132 5132 5056 5056 4983 4911 4911
    4911 4774 4842 4842 4842 4842 4842 4842 4842 4842 4842 4911 4911
    4983 5056 5056 5056 5056 2005 2005 2005 1993 1993 2005 2005 2005
    2005 2005 2005 2005 2005 2005 2005 2005 5210 5210 5132 5132 5132
    5132 5132 5132 5132 5056 5056 4983 4911 4911 4911 4774 4774 4842
    4842 4842 4842 4842 4842 4842 4842 4842 4842 4842 1947 1947 1959
    2016 2016 2005 2005 1993 1993 2005 2005 2005 2005 2005 2005 2005
    2005 2005 2005 2005 2005 5210 5132 5132 5132 5132 5132 5132 5132
    5056 5056 4983 4983 4983 4983 4774 4774 4842 4842 4842 4842 4842
    4842 4842 4842 4842 4842 1959 1947 1947 1959 1981 2005 2005 1993
    1993 1993 1993 1993 2005 2005 2005 2005 2005 2005 2005 2005 2005
    2005 5210 5132 5132 5132 5132 5132 5132 5056 5056 5056 5056 4983
    4983 4983 4774 4774 4774 4842 4842 4842 4842 4842 4842 4774 4774
    1947 1947 1959 1959 1959 1970 1970 1970 1970 1970 1981 1993 1993
    2005 2005 2005 2005 2005 2005 2005 2005 2005 2005 5210 5132 5132
    5132 5132 5132 5132 5056 5056 5056 5056 5056 4983 4983 4774 4774
    4774 4842 1947 1947 1947 1947 1947 1947 1959 1947 1947 1959 1959
    1959 1970 1970 1970 1970 1970 1981 1993 2005 2005 2005 2005 2005
    1993 1993 2005 2005 2005 1993 1993 5210 5210 5132 5132 5132 5132
    5132 5132 5132 5056 5056 4983 4911 4774 4774 4774 1936 1936 1936
    1947 1947 1947 1947 1947 1947 1959 1959 1959 1970 1970 1970 1970
    1981 1981 1981 2005 2005 2005 2005 2005 2005 1993 1993 2005 2005
    2005 1993 1993 1993 5210 5132 5132 5132 5132 5132 5056 5056 5056
    5056 4983 4911 4582 1915 1915 1915 1926 1926 1947 1947 1947 1947
    1947 1947 1959 1959 1959 1959 1970 1970 1970 1970 1970 1970 2005
    2005 2005 2005 2005 2005 2005 2005 2005 2005 2005 2005 2005 2005
    5210 5210 5132 5132 5132 5132 5056 5056 5056 5056 4983 4911 1926
    1926 1915 1915 1926 1926 1936 1936 1936 1947 1947 1947 1947 1959
    1959 1959 1970 1970 1970 1970 1970 1970 2005 2005 2005 1993 1993
    2005 2005 2005 2005 2005 2005 2005 2005 2005 2005 5210 5132 5132
    5132 5132 5132 5056 5056 5056 4983 4983 1915 1926 1926 1926 1936
    1936 1936 1936 1936 1947 1947 1947 1947 1959 1959 1959 1970 1970
    1970 1970 1970 1970 2005 2005 1993 1993 1993 2005 2005 2005 2005
    2005 2005 2005 2005 2016 2016 5210 5132 5132 5132 5132 5132 5056
    5056 5056 4983 4983 1915 1926 1926 1926 1926 1926 1936 1947 1947
    1947 1947 1947 1947 1959 1959 1959 1970 1970 1970 1970 1970 1970
    2005 2005 1993 1993 1993 2005 2005 2005 2005 2005 2005 2005 2005
    2016 2016 5210 5210 5132 5132 5132 5132 5132 5132 5056 5056 4983
    1915 1926 1926 1926 1926 1926 1936 1947 1947 1947 1947 1947 1947
    1947 1947 1947 1970 1970 1970 1970 1970 1970 1981 1993 1993 1993
    1993 2005 1993 1993 2005 2005 2005 2005 2016 2016 2016 5210 5210
    5132 5132 5132 5132 5132 5132 5132 5056 5056 1915 1926 1926 1926
    1936 1936 1936 1947 1947 1947 1947 1947 1947 1947 1947 1947 1970
    1970 1970 1970 1970 1970 1981 1993 1993 1993 1993 1993 1993 1993
    2005 2005 2005 2005 2016 2016 2005 2005 5210 5132 5132 5132 5132
    5132 5132 5056 5056 5056 1915 1915 1926 1926 1926 1926 1926 1926
    1936 1947 1947 1947 1959 1959 1959 1959 1970 1970 1970 1970 1970
    1970 1970 1981 1981 1993 1993 1993 1993 1993 1993 1993 2005 2005
    2005 2016 2005 2005 2005 5132 5132 5132 5132 5132 5132 5056 5056
    5056 1915 1915 1915 1926 1926 1926 1926 1926 1936 1947 1947 1947
    1947 1947 1947 1947 1970 1970 1970 1970 1970 1970 1970 1970 1970
    1993 1993 1993 1993 1993 1993 1993 1993 2005 2005 2005 2005 2005
    2005 5132 5132 5132 5132 5132 5132 5056 5056 5056 1915 1915 1915
    1926 1926 1936 1936 1936 1936 1947 1947 1947 1947 1947 1947 1947
    1970 1970 1970 1970 1970 1970 1970 1970 1970 1993 1993 1993 1993
    1993 1993 1993 1993 2005 2005 2005 2005 2005 2005 5132 5132 5132
    5132 5132 5132 5132 5132 5056 1926 1915 1915 1926 1926 1936 1936
    1936 1936 1936 1947 1947 1947 1947 1947 1947 1970 1970 1970 1970
    1970 1970 1970 1970 1970 1993 1993 1993 1993 1993 1993 1993 1993
    1993 1993 2005 2005 2005 2005 2005 5132 5132 5132 5132 5132 5132
    5132 5056 1915 1915 1915 1926 1926 1926 1926 1926 1936 1936 1947
    1947 1947 1947 1947 1947 1970 1970 1970 1970 1970 1970 1970 1970
    1970 1993 1993 1993 1993 1993 1993 2005 2005 1993 1993 2005 2005
    2005 2005 2005 5056 5056 5132 5132 5132 5132 5132 5056 4582 1959
    1926 1915 1915 1926 1926 1926 1936 1936 1947 1947 1947 1947 1936
    1936 1959 1959 1959 1970 1970 1970 1970 1970 1970 1993 1981 1981
    1981 1981 1993 2005 2005 2005 2005 2005 2005 2005 2005 2005 5056
    5056 5132 5132 5132 5132 5132 5056 4582 1959 1926 1915 1915 1926
    1926 1926 1936 1936 1947 1947 1947 1947 1936 1936 1959 1959 1959
    1959 1959 1970 1970 1970 1970 1970 1981 1981 1981 1981 1993 1993
    1993 1993 1993 2005 2005 1981 1981 1981 5056 5056 5132 5132 5132
    5132 5132 5056 4582 4582 1915 1915 1915 1915 1926 1926 1936 1936
    1947 1947 1947 1947 1936 1936 1959 1959 1959 1959 1959 1970 1970
    1970 1970 1970 1981 1981 1981 1981 1981 1993 1993 1993 1993 2005
    2005 1981 1970 1970 1970 5132 5132 5132 5132 5132 5132 5056 4522
    4582 1915 1915 1915 1915 1915 1926 1926 1936 1936 1936 1936 1936
    1936 1936 1947 1959 1959 1970 1970 1970 1970 1970 1970 1970 1970
    1981 1970 1970 1981 1981 1981 1981 1993 1993 2005 1981 1970 1970
    1993 1993 5132 5132 5210 5132 5132 5056 4522 4522 1915 1915 1915
    1915 1915 1926 1926 1936 1936 1936 1936 1936 1936 1936 1947 1959
    1959 1959 1970 1970 1970 1970 1970 1970 1970 1970 1970 1970 1981
    1981 1981 1981 1981 1993 2005 2005 1993 1993 1993 2016 5210 5210
    5210 5132 5132 5056 4522 4522 4522 1915 1915 1915 1915 1926 1926
    1936 1915 1915 1915 1926 1926 1947 1959 1959 1959 1959 1970 1970
    1970 1970 1970 1970 1970 1970 1970 1970 1981 1981 1981 1981 1981
    1993 2005 2005 2005 2005 2005 2016 2028 5210 5210 5132 5132 5132
    4522 4522 4522 1926 1926 1926 1926 1915 1915 1915 1904 1904 1915
    1926 1926 1947 1947 1936 1936 1959 1970 1970 1970 1970 1970 1970
    1970 1970 1981 1981 1993 1981 1981 1993 1993 1993 2005 2005 2005
    2005 2016 2016 2028 2028 5210 5132 5132 5132 4522 4405 4405 1959
    1947 1926 1926 1915 1915 1915 1904 1904 1926 1926 1936 1947 1947
    1936 1936 1959 1959 1959 1970 1970 1970 1959 1959 1959 1970 1970
    1981 1981 1981 1981 1981 1993 1993 1993 2005 2005 2005 2005 2005
    2005 5210 5210 5132 5132 4522 4405 4405 4405 1947 1926 1926 1915
    1915 1915 1915 1915 1926 1926 1926 1936 1947 1947 1936 1936 1959
    1959 1959 1959 1959 1959 1959 1959 1959 1970 1970 1970 1970 1981
    1981 1981 1993 1993 2005 1993 1993 1993 1993 1993 5291 5210 5132
    5132 4582 4522 4522 4522 4522 1926 1926 1915 1915 1915 1915 1915
    1926 1926 1926 1936 1947 1947 1936 1936 1959 1959 1959 1959 1959
    1959 1959 1959 1959 1970 1970 1970 1970 1981 1970 1970 1993 1993
    1981 1981 1993 1993 1993 1993 5210 5210 5210 5132 4582 4582 4522
    4522 4522 1947 1926 1915 1915 1915 1915 1915 1926 1926 1926 1936
    1947 1947 1947 1959 1959 1959 1959 1959 1959 1959 1959 1959 1970
    1970 1970 1970 1970 1981 1970 1970 1981 1993 1970 1970 1993 1993
