<?xml version="1.0"?>
<opencv_storage>
<Depth5382 type_id="opencv-matrix">
  <rows>67</rows>
  <cols>50</cols>
  <dt>w</dt>
  <data>
    4708 4774 4774 4774 1452 1452 4842 4842 1452 1452 1458 1452 1452
    1452 1439 1439 1439 1452 1464 1477 1483 1489 5291 5291 5460 5460
    5460 5374 5374 5374 5460 5460 5460 5374 5374 5374 5374 5374 5374
    5374 5291 5291 5291 5291 5210 5210 5210 5132 5132 5132 4774 4774
    4774 1458 1452 1452 1452 1452 1452 1452 1458 1452 1452 1452 1445
    1445 1445 1452 1464 1470 1483 1489 1509 1509 1523 1536 1543 5374
    5374 5374 5460 5460 5460 5374 5374 5374 5374 5374 5374 5374 5291
    5291 5291 5291 5210 5210 5210 5132 5132 5056 4774 4842 4774 1458
    1458 1458 1452 1452 1458 1458 1458 1452 1452 1452 1452 1445 1445
    1452 1464 1464 1477 1483 1503 1509 1523 1536 1543 1543 5548 5460
    5460 5460 5460 5374 5374 5374 5374 5291 5291 5291 5291 5291 5291
    5291 5210 5210 5132 5132 5132 5056 1458 1458 1458 1458 1458 1458
    1458 1458 1458 1458 1458 1458 1452 1452 1452 1445 1445 1452 1464
    1464 1477 1483 1503 1509 1516 1536 1543 1564 1572 1579 1586 1594
    1601 5374 5374 5374 5374 5291 5291 5291 5291 5291 5291 5291 5210
    5210 5132 5132 5132 5132 1458 1458 1458 1458 1458 1458 1458 1458
    1458 1458 1452 1452 1452 1452 1452 1445 1445 1452 1458 1464 1470
    1483 1496 1503 1509 1529 1550 1564 1572 1572 1586 1594 1601 1616
    1624 5460 5374 5374 5374 5291 5291 5291 5291 5291 5210 5132 5132
    5132 5132 5132 1458 1458 1458 1458 1458 1464 1464 1464 1458 1458
    1452 1452 1452 1452 1445 1439 1439 1452 1458 1464 1470 1483 1489
    1503 1503 1529 1543 1557 1564 1572 1572 1579 1601 1616 1624 1632
    1632 5548 5460 5460 5374 5291 5291 5291 5210 5132 5132 5132 5132
    5132 1458 1458 1458 1458 1458 1464 1464 1458 1452 1452 1452 1452
    1452 1452 1445 1439 1439 1445 1452 1458 1470 1483 1489 1496 1503
    1529 1543 1550 1557 1564 1572 1579 1601 1616 1624 1632 1632 1632
    5460 5460 5374 5291 5291 5210 5210 5210 5210 5210 5132 5132 1458
    1458 1464 1464 1464 1464 1464 1458 1452 1452 1452 1452 1452 1452
    1445 1439 1439 1445 1452 1458 1464 1477 1483 1489 1503 1529 1536
    1543 1550 1564 1572 1586 1594 1616 1624 1632 1632 1655 1663 5460
    5374 5291 5210 5210 5210 5210 5210 5210 5132 5132 1458 1458 1458
    1458 1458 1458 1458 1458 1452 1445 1445 1452 1452 1452 1445 1445
    1445 1445 1445 1452 1464 1477 1483 1489 1503 1523 1529 1543 1550
    1564 1564 1579 1586 1616 1624 1632 1647 1655 1663 1663 5291 5291
    5210 5210 5210 5210 5210 5210 5210 5132 1464 1464 1458 1458 1458
    1458 1458 1458 1452 1445 1445 1452 1452 1452 1445 1445 1445 1445
    1445 1445 1458 1477 1483 1489 1496 1509 1523 1543 1550 1564 1564
    1579 1586 1616 1624 1632 1639 1655 1663 1663 5291 5291 5210 5210
    5210 5210 5132 5132 5132 5132 1464 1464 1470 1458 1458 1458 1458
    1452 1452 1445 1445 1452 1452 1452 1445 1445 1439 1439 1439 1445
    1452 1464 1483 1483 1496 1509 1516 1543 1550 1557 1557 1572 1586
    1616 1616 1624 1639 1655 1663 1663 5291 5291 5210 5210 5210 5132
    5132 5132 5132 5132 1464 1464 1464 1458 1458 1458 1458 1452 1452
    1452 1445 1445 1445 1445 1439 1439 1439 1439 1439 1445 1452 1458
    1470 1483 1489 1503 1503 1529 1550 1557 1557 1564 1586 1601 1609
    1624 1632 1647 1655 1663 1663 5291 5210 5210 5210 5132 5132 5132
    5132 5132 1464 1464 1464 1458 1458 1452 1452 1452 1452 1452 1445
    1445 1445 1445 1439 1439 1439 1439 1439 1445 1445 1458 1470 1483
    1489 1503 1503 1523 1543 1557 1557 1564 1579 1601 1609 1624 1632
    1647 1655 1655 1655 5291 5291 5210 5210 5210 5210 5210 5132 5132
    1464 1464 1464 1464 1458 1452 1452 1452 1452 1452 1452 1452 1445
    1445 1439 1439 1439 1439 1439 1445 1445 1458 1464 1477 1483 1496
    1503 1516 1536 1550 1550 1557 1572 1594 1609 1624 1632 1647 1647
    1647 1647 5291 5291 5210 5210 5210 5210 5210 5132 5132 1477 1477
    1470 1464 1458 1452 1452 1452 1445 1445 1452 1452 1445 1445 1439
    1439 1439 1439 1439 1445 1452 1458 1464 1477 1483 1489 1503 1516
    1529 1543 1550 1557 1572 1594 1601 1616 1632 1647 1639 1639 1639
    5291 5291 5210 5210 5210 5210 5210 5132 5132 1477 1477 1470 1470
    1464 1452 1452 1452 1445 1445 1445 1445 1445 1445 1439 1439 1439
    1439 1439 1439 1445 1458 1458 1464 1489 1489 1503 1509 1523 1536
    1550 1557 1572 1594 1601 1616 1632 1639 1639 1639 1639 5291 5291
    5291 5291 5210 5210 5210 5132 5132 1470 1470 1470 1470 1458 1452
    1452 1452 1445 1445 1445 1445 1445 1445 1439 1439 1439 1439 1439
    1439 1445 1452 1458 1464 1470 1477 1489 1509 1523 1536 1550 1557
    1572 1594 1609 1616 1624 1632 1639 1639 1639 5210 5210 5210 5291
    5291 5210 5132 5132 5132 1470 1470 1458 1458 1458 1452 1452 1452
    1452 1445 1445 1445 1439 1439 1439 1439 1433 1433 1433 1433 1439
    1439 1445 1458 1470 1477 1489 1503 1509 1523 1550 1557 1572 1594
    1601 1609 1616 1632 1639 1639 1639 5210 5210 5210 5291 5291 5210
    5132 5132 5132 0 1458 1458 1458 1458 1452 1452 1452 1445 1445 1445
    1439 1439 1439 1439 1433 1433 1433 1433 1433 1439 1439 1445 1458
    1464 1483 1483 1489 1496 1516 1543 1550 1557 1579 1594 1601 1609
    1624 1639 1639 1639 1639 5374 5374 5291 5291 5210 5210 5132 5132 0 0
    1458 1458 1458 1458 1452 1452 1445 1445 1445 1439 1439 1439 1439
    1433 1433 1433 1433 1433 1433 1439 1445 1458 1458 1477 1483 1489
    1496 1516 1529 1543 1543 1564 1579 1594 1609 1624 1632 1632 1639
    1639 5374 5374 5210 5210 5210 5210 5132 5132 0 1458 1458 1458 1458
    1452 1452 1445 1445 1445 1445 1433 1433 1439 1439 1433 1433 1433
    1433 1433 1433 1439 1439 1452 1458 1464 1477 1489 1503 1516 1523
    1536 1543 1557 1572 1586 1601 1609 1624 1624 1639 1639 5374 5374
    5210 5210 5210 5210 5132 5132 0 1464 1464 1458 1452 1452 1445 1439
    1439 1439 1439 1433 1433 1439 1439 1439 1433 1433 1433 1433 1433
    1439 1439 1452 1458 1464 1477 1489 1503 1509 1516 1529 1536 1550
    1572 1586 1594 1609 1616 1624 1624 1663 5374 5374 5210 5210 5210
    5210 5210 5132 0 1458 1458 1458 1452 1452 1439 1439 1439 1439 1439
    1433 1433 1439 1439 1439 1433 1433 1433 1433 1433 1433 1439 1452
    1458 1464 1477 1489 1503 1509 1516 1516 1536 1550 1572 1579 1594
    1601 1609 1624 1663 1663 1663 5374 5210 5210 5210 5210 5210 5132 0 0
    1458 1458 1445 1445 1439 1439 1439 1439 1439 1433 1433 1439 1439
    1433 1433 1433 1433 1433 1433 1433 1433 1445 1452 1458 1464 1489
    1496 1503 1509 1516 1529 1543 1572 1579 1594 1601 1609 1616 1663
    1663 1680 1680 5210 5210 5210 5210 5210 5132 4522 0 1439 1439 1439
    1445 1445 1439 1439 1439 1439 1439 1439 1439 1439 1433 1433 1433
    1433 1433 1433 1433 1433 1439 1452 1458 1464 1489 1489 1496 1509
    1509 1529 1543 1572 1579 1594 1601 1601 1616 1655 1655 1663 1663
    5291 5291 5210 5210 5210 5132 4522 0 1427 1427 1427 1445 1445 1445
    1439 1439 1439 1439 1439 1439 1439 1433 1433 1433 1433 1433 1433
    1433 1433 1439 1445 1458 1464 1477 1489 1489 1503 1509 1529 1536
    1550 1586 1594 1601 1601 1632 1639 1647 1663 1663 5291 5291 5210
    5210 5210 5132 4645 0 0 1427 1427 1445 1452 1445 1439 1439 1433 1433
    1439 1439 1439 1433 1433 1433 1433 1433 1433 1433 1433 1433 1439
    1445 1452 1470 1483 1489 1503 1516 1529 1536 1550 1572 1594 1601
    1601 1616 1639 1647 1655 1655 5210 5210 5210 5210 5210 5132 4645 0 0
    0 1445 1445 1445 1452 1445 1439 1433 1433 1433 1439 1439 1433 1433
    1433 1433 1433 1427 1427 1433 1433 1439 1445 1452 1470 1477 1483
    1509 1516 1523 1536 1543 1572 1579 1601 1601 1616 1632 1647 1655
    1655 5210 5210 5210 5210 5210 5132 4708 4708 0 0 1445 1445 1445 1452
    1445 1445 1433 1433 1433 1439 1439 1433 1433 1433 1433 1433 1427
    1427 1433 1433 1439 1445 1452 1464 1470 1483 1503 1516 1523 1536
    1536 1550 1579 1594 1601 1609 1632 1639 1655 1655 5210 5210 5210
    5210 5210 5132 4708 4842 0 0 1452 0 1452 1445 1445 1445 1433 1433
    1433 1439 1433 1433 1433 1433 1433 1427 1427 1433 1433 1433 1433
    1439 1452 1464 1470 1496 1496 1509 1523 1536 1536 1550 1586 1586
