<?xml version="1.0"?>
<opencv_storage>
<Depth6762 type_id="opencv-matrix">
  <rows>91</rows>
  <cols>65</cols>
  <dt>w</dt>
  <data>
    4041 4041 4041 4041 4089 4089 4089 1141 1141 4041 4041 1119 1115
    1112 1112 1112 1112 1119 1119 1119 1119 4089 4041 3994 3948 3948
    3948 3948 3948 3948 3948 3903 3903 3903 3903 3903 3903 3859 3859
    3859 3859 3859 3859 3859 3859 3859 3774 3774 3774 3774 3774 3816
    3816 3816 3816 3774 3774 3774 3774 3732 3732 3732 3732 3732 3732
    4041 4041 4089 4089 4139 4139 1141 1141 1141 1141 1134 1119 1115
    1112 1112 1112 1112 1119 1119 1119 1123 1123 1138 1138 1138 3903
    3903 3903 3903 3903 3903 3903 3903 3903 3903 3903 3903 3859 3859
    3859 3859 3859 3859 3859 3859 3859 3774 3774 3774 3732 3732 3774
    3774 3774 3774 3732 3732 3732 3732 3732 3732 3732 3732 3732 3732
    4041 4041 4139 4139 4139 1149 1141 1141 1138 1138 1130 1119 1112
    1112 1112 1112 1112 1119 1123 1123 1123 1138 1138 1138 1138 1134
    1134 3903 3903 3903 3903 3903 3903 3903 3903 3903 3903 3859 3859
    3859 3859 3859 3859 3859 3859 3859 3816 3816 3774 3732 3732 3774
    3774 3774 3774 3732 3732 3732 3732 3732 3732 3732 3774 3732 3732
    4041 4139 4139 4190 4190 1149 1149 1141 1138 1134 1126 1119 1112
    1112 1112 1108 1108 1115 1119 1123 1123 1130 1138 1138 1138 1134
    1134 1138 1138 1153 3948 3948 3903 3903 3903 3903 3903 3859 3859
    3859 3859 3859 3859 3859 3859 3859 3816 3774 3774 3774 3774 3774
    3732 3732 3774 3732 3732 3732 3732 3732 3732 3732 3732 3732 3732
    4041 4041 1157 1157 1157 1157 1149 1141 1138 1134 1123 1119 1112
    1112 1108 1108 1108 1115 1119 1119 1123 1123 1126 1134 1138 1138
    1138 1138 1145 1153 1153 1153 1157 1169 1173 1173 3903 3903 3903
    3859 3859 3859 3859 3859 3859 3859 3816 3774 3774 3774 3774 3774
    3732 3732 3774 3774 3732 3692 3692 3732 3732 3732 3732 3692 3692
    3994 0 1165 1157 1157 1157 1149 1138 1134 1126 1123 1119 1112 1108
    1108 1108 1108 1112 1115 1115 1119 1123 1126 1130 1134 1138 1138
    1141 1145 1153 1153 1153 1157 1169 1169 1169 1169 1169 1169 3859
    3859 3859 3859 3859 3859 3816 3774 3774 3774 3774 3774 3774 3732
    3732 3774 3774 3732 3692 3692 3732 3732 3732 3692 3692 3692 0 0 1165
    1165 1157 1157 1145 1138 1134 1126 1119 1115 1108 1108 1105 1105
    1108 1108 1112 1112 1119 1123 1123 1126 1130 1134 1138 1138 1141
    1149 1153 1153 1157 1165 1165 1165 1169 1169 1173 1177 1177 3859
    3859 3859 3859 3816 3774 3774 3774 3774 3774 3732 3732 3732 3732
    3732 3732 3692 3692 3732 3732 3732 3692 3692 3692 1185 1185 1165
    1165 1153 1149 1141 1134 1130 1126 1119 1112 1108 1105 1105 1105
    1108 1108 1108 1112 1119 1123 1123 1126 1126 1134 1134 1138 1138
    1141 1149 1153 1157 1161 1165 1165 1165 1169 1169 1173 1185 1189
    1189 3859 3859 3859 3816 3774 3774 3774 3774 3732 3732 3732 3732
    3732 3732 3732 3732 3732 3732 3732 3692 3692 3692 1185 1185 1177
    1165 1153 1149 1141 1134 1130 1123 1119 1112 1108 1101 1101 1101
    1105 1108 1108 1112 1115 1119 1123 1123 1126 1130 1134 1138 1138
    1141 1145 1153 1157 1157 1161 1161 1165 1165 1169 1173 1181 1185
    1185 1193 1193 1193 1202 1202 3816 3816 3774 3732 3732 3732 3732
    3732 3732 3732 3732 3732 3732 3732 3732 3692 3692 1185 1185 1173
    1165 1157 1149 1141 1134 1130 1123 1119 1112 1108 1097 1097 1097
    1097 1101 1108 1108 1115 1119 1119 1123 1123 1126 1130 1134 1138
    1138 1141 1145 1153 1153 1157 1157 1161 1165 1165 1173 1177 1181
    1181 1185 1189 1193 1197 1202 1202 1202 1206 1206 3774 3732 3732
    3774 3732 3732 3732 3732 3732 3732 3732 3732 3692 1185 1181 1173
    1165 1161 1149 1141 1134 1130 1123 1119 1108 1105 1094 1094 1094
    1097 1101 1108 1108 1112 1112 1115 1119 1123 1123 1126 1130 1134
    1138 1138 1141 1149 1153 1153 1157 1157 1161 1165 1169 1173 1181
    1181 1185 1189 1193 1193 1197 1202 1202 1202 1206 1206 3816 3816
    3774 3774 3732 3732 3732 3732 3732 3732 3732 3692 1185 1181 1173
    1165 1161 1149 1138 1134 1130 1123 1115 1108 1105 1094 1094 1094
    1097 1101 1105 1105 1108 1112 1112 1115 1119 1123 1126 1130 1130
    1134 1138 1141 1149 1153 1153 1153 1153 1157 1161 1165 1169 1173
    1181 1185 1185 1189 1193 1197 1202 1202 1202 1206 1206 1206 1206
    3859 3859 3774 3732 3732 3732 3732 3732 3732 3692 1181 1173 1169
    1165 1153 1145 1138 1134 1130 1123 1115 1108 1101 1094 1094 1094
    1097 1097 1101 1105 1108 1108 1108 1112 1115 1119 1123 1126 1130
    1134 1134 1138 1145 1149 1153 1153 1153 1157 1157 1161 1165 1169
    1177 1181 1181 1185 1189 1189 1197 1197 1202 1206 1206 1206 1206
    3903 3903 3774 3732 3732 3732 3732 3732 3692 3692 1173 1173 1169
    1165 1149 1141 1138 1134 1126 1123 1115 1108 1094 1094 1090 1090
    1094 1097 1101 1105 1105 1108 1108 1112 1115 1119 1123 1126 1126
    1130 1130 1134 1138 1145 1149 1153 1153 1157 1157 1161 1165 1169
    1177 1181 1181 1185 1185 1185 1193 1193 1197 1206 1206 1206 1206
    1202 3774 3774 3732 3732 3692 3692 3692 3692 3653 1173 1169 1165
    1161 1149 1141 1134 1130 1123 1119 1108 1105 1094 1090 1090 1090
    1094 1094 1097 1101 1105 1105 1108 1108 1112 1112 1119 1123 1126
    1130 1130 1134 1138 1141 1149 1153 1153 1153 1153 1157 1161 1173
    1177 1181 1181 1181 1185 1185 1193 1193 1197 1197 1202 1202 1202
    1202 3774 3774 3692 3692 3692 3692 3692 3653 3653 1173 1169 1165
    1157 1149 1141 1134 1130 1123 1115 1108 1105 1094 1090 1090 1090
    1090 1090 1094 1097 1101 1105 1105 1108 1112 1112 1115 1119 1126
    1126 1130 1134 1138 1141 1141 1145 1149 1153 1153 1153 1157 1169
    1173 1173 1173 1181 1185 1185 1189 1189 1193 1193 1202 1202 1202
    1202 1202 3692 3692 3692 3692 3692 3692 3653 3653 1173 1169 1165
    1157 1145 1141 1134 1126 1123 1115 1108 1101 1094 1090 1087 1087
    1090 1090 1094 1097 1097 1101 1105 1108 1108 1112 1112 1115 1123
    1126 1126 1130 1134 1138 1138 1141 1149 1153 1153 1153 1157 1169
    1169 1173 1173 1177 1177 1181 1185 1185 1189 1193 1197 1202 1202
    1202 1202 1202 3692 3692 3692 3692 3692 3653 3653 1169 1169 1161
    1157 1145 1138 1134 1126 1119 1115 1108 1101 1090 1087 1087 1087
    1087 1090 1094 1094 1097 1097 1101 1105 1108 1108 1112 1115 1119
    1123 1123 1126 1130 1138 1138 1141 1149 1149 1153 1153 1153 1165
    1169 1169 1169 1173 1177 1181 1185 1185 1185 1189 1189 1197 1197
    1202 1202 0 3692 3692 3692 3692 3692 3653 3653 1169 1169 1161 1149
    1145 1138 1130 1123 1119 1115 1108 1101 1090 1084 1080 1080 1084
    1087 1090 1094 1094 1094 1097 1101 1108 1108 1112 1115 1115 1123
    1123 1123 1126 1134 1138 1138 1145 1149 1149 1153 1153 1161 1165
    1169 1169 1173 1173 1177 1181 1185 1185 1185 1189 1193 1197 1197
    1197 0 3732 3732 3692 3692 3692 3653 3653 1173 1169 1161 1149 1141
    1134 1130 1123 1119 1115 1105 1094 1090 1084 1080 1080 1084 1084
    1087 1090 1094 1094 1097 1101 1105 1108 1112 1115 1115 1119 1123
    1123 1126 1130 1138 1138 1145 1145 1149 1149 1153 1157 1161 1169
    1169 1169 1173 1177 1181 1185 1185 1185 1185 1189 1197 1197 1197 0
    3732 3732 3692 3692 3692 3653 3653 1173 1169 1161 1145 1138 1134
    1126 1123 1115 1112 1105 1094 1087 1080 1077 1077 1080 1084 1084
    1090 1094 1094 1097 1097 1101 1105 1108 1112 1112 1119 1119 1119
    1123 1126 1134 1138 1141 1141 1145 1145 1149 1157 1157 1161 1165
    1169 1169 1173 1177 1185 1185 1185 1185 1189 1189 1193 1193 1193
    3692 3692 3692 3692 3692 3653 3653 1173 1165 1157 1145 1138 1134
    1126 1119 1115 1108 1105 1094 1087 1080 1077 1077 1080 1080 1080
    1087 1090 1090 1094 1097 1097 1101 1105 1108 1112 1115 1115 1119
    1123 1126 1134 1138 1138 1141 1141 1145 1145 1157 1157 1161 1161
    1165 1169 1173 1177 1181 1181 1185 1185 1189 1189 1193 1193 1193
    3692 3692 3653 3653 3653 3653 3653 1173 1165 1157 1141 1138 1130
    1126 1119 1115 1108 1101 1090 1084 1077 1077 1077 1077 1077 1080
    1084 1087 1090 1094 1094 1097 1097 1105 1108 1108 1112 1112 1115
    1119 1123 1126 1134 1138 1138 1141 1141 1141 1153 1157 1161 1161
