<?xml version="1.0"?>
<opencv_storage>
<Depth7779 type_id="opencv-matrix">
  <rows>12</rows>
  <cols>37</cols>
  <dt>w</dt>
  <data>
    4983 4983 4983 4983 4983 4911 4911 4911 4911 5132 5056 4983 4983
    4983 5056 5132 5132 5056 4983 4911 4911 5132 4405 4405 4405 4405
    4349 4241 4241 4241 4241 4241 4349 4349 4190 4190 4190 4983 4983
    4983 4983 4983 4911 4911 4911 4911 5132 5132 4983 4463 4349 4349
    5132 5210 5210 4241 4190 4190 4241 4241 4241 4241 4241 4241 4241
    4241 4241 4241 4241 4349 4241 4190 4190 4190 0 5056 4983 4983 4983
    4190 4190 4139 4139 4139 4139 4139 4241 4241 4241 4190 4190 4190
    4190 4190 4190 4190 4190 4190 4190 4190 4190 4241 4190 4190 4241
    4241 4349 4241 4241 4190 4190 4089 4089 4089 4041 4041 4089 4139
    4139 4139 4139 4139 4139 4190 4241 4190 4190 4190 4190 4190 4190
    4139 4139 4139 4139 4139 4190 4190 4241 4190 4190 4241 4295 4405
    4295 4295 4241 4241 4041 4041 4041 4041 4041 4089 4139 4139 4139
    4139 4190 4190 4190 4190 4190 4190 4190 4139 4139 4139 4139 4139
    4139 4139 4139 4190 4241 4241 4190 4190 4241 4241 4349 4295 4295
    4241 4241 4041 4041 4041 4089 4089 4089 4089 4139 4139 4190 4139
    4139 4190 4190 4190 4190 4190 4139 4139 4139 4139 4139 4139 4139
    4139 4190 4241 4241 4241 4241 4241 4241 4295 4295 4295 4295 4295
    4041 4041 4041 4089 4089 4089 4089 4139 4139 4190 4139 4139 4190
    4190 4190 4190 4190 4139 4139 4139 4139 4139 4089 4089 4139 4190
    4241 4241 4241 4241 4241 4241 4241 4241 4241 0 0 4089 4089 4089 4139
    4139 4139 4139 4139 4139 4190 4190 4190 4190 4190 4190 4190 4139
    4139 4139 4139 4139 4139 4089 4089 4139 4190 4190 4190 4190 4241
    4241 4241 4241 4241 4241 0 0 4139 4139 4139 4139 4139 4190 4190 4139
    4139 4190 4241 4190 4190 4190 4190 4190 4139 4139 4139 4139 4190
    4139 4139 4139 4190 4190 4190 4190 4190 4241 4295 4241 4241 4295
    4295 0 0 4089 4089 4089 4139 4139 4139 4139 4139 4139 4089 4089 4190
    4190 4190 4190 0 4139 4139 4139 4139 4190 4190 4190 4241 4190 4190
    4190 4241 0 0 0 0 0 0 0 0 0 4089 4089 4089 4139 4139 4139 4139 4139
    4139 4089 4089 4190 4190 4190 0 0 4190 4190 4190 4190 4190 0 0 0 0 0
    0 0 0 0 0 0 0 0 0 0 0 4089 4089 4139 4139 4139 4139 4139 4139 4139
    4190 4190 4190 4241 0 0 0 0 0 0 0 0 0 0 0 0 0 0 0 0 0 0 0 0 0 0 0 0</data></Depth7779>
</opencv_storage>
