<?xml version="1.0"?>
<opencv_storage>
<Depth10386 type_id="opencv-matrix">
  <rows>57</rows>
  <cols>52</cols>
  <dt>w</dt>
  <data>
    1302 1302 1307 1307 1302 1297 1292 1292 1283 1278 1278 1268 1264
    1259 1255 1250 1250 1245 1241 1241 1245 1250 1255 1255 1259 1268
    1273 1273 1278 1288 1297 1297 1302 1307 1317 1322 1333 1338 1338
    1343 1354 1359 1359 1365 1370 1376 0 0 3614 3614 3614 3653 1302 1302
    1307 1302 1302 1297 1292 1292 1283 1278 1278 1268 1259 1259 1255
    1250 1250 1245 1241 1241 1245 1250 1250 1255 1259 1264 1268 1273
    1273 1288 1297 1297 1302 1307 1312 1322 1333 1338 1338 1338 1354
    1359 1359 1365 1370 1376 1381 0 3614 3614 3614 3614 1307 1307 1307
    1302 1302 1297 1292 1292 1288 1283 1278 1273 1259 1259 1255 1255
    1250 1245 1245 1245 1245 1250 1250 1255 1259 1264 1268 1273 1273
    1278 1297 1297 1307 1307 1312 1317 1328 1338 1338 1338 1354 1359
    1359 1365 1370 1381 1381 1381 3614 3614 3614 3614 1307 1307 1312
    1307 1302 1297 1297 1292 1288 1288 1278 1273 1264 1259 1255 1255
    1250 1245 1245 1245 1245 1250 1250 1255 1259 1259 1268 1273 1278
    1278 1297 1297 1307 1312 1312 1317 1328 1333 1338 1343 1354 1365
    1365 1365 1370 1376 1381 1381 3576 3576 3576 3614 1307 1307 1312
    1307 1302 1297 1297 1292 1292 1288 1278 1273 1264 1259 1259 1255
    1250 1245 1245 1245 1245 1250 1250 1255 1259 1259 1268 1273 1278
    1283 1292 1297 1302 1307 1312 1317 1328 1333 1338 1343 1359 1365
    1365 1365 1370 1376 1376 1376 3576 3576 3576 3614 1312 1312 1312
    1312 1302 1297 1297 1292 1292 1288 1278 1273 1264 1259 1259 1255
    1255 1250 1241 1241 1241 1250 1250 1255 1259 1259 1268 1273 1278
    1283 1292 1297 1302 1307 1312 1317 1322 1333 1338 1343 1349 1354
    1359 1365 1370 1376 1376 1376 1376 3576 3576 3614 1312 1312 1312
    1312 1307 1302 1297 1292 1292 1283 1278 1273 1268 1264 1259 1259
    1255 1255 1241 1241 1241 1250 1255 1255 1259 1259 1268 1273 1278
    1283 1292 1297 1297 1307 1312 1317 1322 1333 1338 1343 1349 1349
    1359 1365 1370 1376 1370 1370 1370 3653 3653 3653 1317 1312 1312
    1312 1307 1302 1297 1292 1292 1283 1278 1273 1268 1264 1259 1259
    1255 1255 1250 1245 1245 1245 1255 1255 1259 1259 1268 1273 1278
    1283 1292 1297 1297 1307 1312 1317 1322 1328 1338 1338 1343 1349
    1359 1365 1370 1376 1370 1370 1370 3732 3692 3653 1317 1317 1317
    1317 1307 1302 1297 1292 1292 1283 1278 1273 1268 1268 1264 1259
    1255 1250 1250 1245 1245 1245 1255 1255 1259 1259 1268 1273 1278
    1283 1292 1297 1297 1307 1312 1317 1322 1328 1333 1338 1343 1349
    1359 1370 1376 1376 1376 1381 1381 3732 3692 3653 1322 1312 1312
    1312 1307 1302 1297 1292 1292 1283 1278 1273 1268 1268 1264 1259
    1255 1250 1245 1245 1245 1245 1250 1255 1259 1264 1268 1273 1278
    1283 1292 1297 1297 1312 1312 1317 1317 1322 1333 1338 1343 1349
    1359 1370 1376 1376 1376 1381 1381 3692 3692 3692 1312 1312 1312
    1312 1307 1302 1297 1297 1292 1283 1278 1273 1268 1268 1264 1259
    1255 1250 1245 1245 1245 1245 1250 1255 1259 1259 1268 1273 1278
    1278 1288 1297 1297 1312 1317 1317 1317 1322 1333 1338 1349 1349
    1359 1365 1370 1376 1376 1381 1381 3732 3732 3692 1322 1322 1317
    1317 1312 1307 1302 1297 1292 1283 1278 1273 1273 1268 1264 1259
    1255 1250 1250 1245 1245 1245 1250 1255 1255 1259 1268 1273 1278
    1278 1288 1297 1297 1312 1317 1317 1322 1322 1333 1338 1349 1354
    1359 1359 1365 1376 1376 1381 1381 3732 3732 3692 1328 1328 1322
    1317 1312 1312 1307 1297 1292 1288 1283 1278 1273 1268 1264 1259
    1255 1255 1250 1250 1245 1245 1250 1255 1255 1259 1268 1273 1278
    1278 1288 1297 1297 1307 1312 1317 1317 1322 1328 1338 1354 1354
    1359 1359 1365 1370 1376 1376 1376 3692 3692 3692 1333 1333 1322
    1322 1317 1317 1312 1307 1292 1292 1283 1278 1273 1268 1264 1259
    1255 1255 1250 1250 1245 1245 1250 1255 1259 1259 1264 1273 1278
    1278 1288 1297 1302 1307 1312 1312 1317 1322 1328 1333 1349 1354
    1359 1359 1365 1370 1370 1376 1376 3692 3692 3692 1328 1328 1328
    1328 1317 1317 1312 1307 1297 1292 1288 1278 1278 1273 1268 1264
    1259 1255 1255 1250 1250 1250 1250 1255 1259 1259 1264 1273 1278
    1283 1288 1292 1302 1307 1312 1312 1317 1317 1328 1333 1349 1354
    1359 1359 1365 1365 1370 1376 1376 3692 3692 3692 1328 1328 1328
    1328 1322 1317 1312 1307 1297 1292 1288 1283 1278 1278 1273 1264
    1259 1259 1255 1250 1250 1250 1250 1255 1259 1259 1264 1273 1278
    1288 1288 1292 1302 1307 1312 1312 1317 1317 1322 1333 1349 1354
    1359 1359 1365 1365 1370 1376 1376 3653 3653 3653 1333 1333 1328
    1328 1322 1317 1312 1302 1297 1292 1288 1283 1278 1278 1273 1268
    1259 1259 1255 1255 1255 1255 1255 1255 1259 1259 1264 1273 1278
    1288 1288 1292 1302 1307 1312 1312 1312 1317 1322 1333 1343 1354
    1354 1359 1365 1365 1370 1376 1387 1387 3653 3653 1333 1333 1333
    1328 1328 1317 1312 1302 1297 1292 1288 1283 1278 1278 1273 1268
    1259 1259 1255 1255 1255 1250 1250 1255 1255 1259 1268 1273 1278
    1288 1288 1292 1302 1307 1312 1312 1312 1317 1322 1333 1343 1349
    1354 1359 1365 1365 1370 1381 1387 1387 3653 3653 1333 1333 1328
    1328 1328 1317 1312 1302 1297 1292 1288 1283 1278 1278 1273 1268
    1259 1259 1255 1255 1255 1250 1250 1250 1255 1259 1264 1273 1278
    1283 1283 1292 1297 1307 1312 1312 1312 1317 1317 1328 1343 1349
    1354 1359 1365 1365 1370 1381 1381 1381 3692 3692 3503 1328 1328
    1322 1322 1317 1312 1302 1297 1292 1292 1283 1278 1273 1273 1268
    1259 1259 1259 1255 1255 1250 1250 1250 1255 1255 1264 1273 1278
    1283 1283 1292 1297 1307 1312 1312 1312 1317 1317 1328 1338 1343
    1349 1359 1365 1365 1370 1381 1381 1381 3692 3692 3503 1343 1343
    1322 1322 1317 1312 1307 1302 1292 1292 1283 1278 1273 1273 1268
    1264 1259 1259 1255 1250 1250 1250 1250 1255 1255 1264 1273 1278
    1283 1283 1288 1292 1302 1312 1312 1312 1317 1317 1328 1338 1343
    1349 1354 1365 1370 1370 1376 1376 1376 3732 3732 3503 1343 1343
    1328 1328 1317 1312 1312 1307 1302 1292 1292 1278 1273 1273 1273
    1264 1259 1259 1255 1250 1250 1250 1250 1255 1259 1264 1268 1278
    1278 1283 1288 1292 1297 1307 1312 1312 1317 1322 1328 1338 1343
    1349 1354 1365 1370 1370 1376 1376 1376 3774 3774 3503 3503 1338
    1328 1328 1322 1317 1312 1312 1302 1292 1292 1283 1278 1278 1273
    1268 1259 1259 1255 1250 1250 1250 1250 1255 1259 1259 1268 1273
    1278 1288 1292 1292 1297 1302 1307 1312 1317 1322 1328 1338 1343
    1349 1359 1365 1370 1376 1376 1376 1376 1376 3774 3468 3468 1338
    1338 1328 1322 1317 1312 1312 1307 1292 1292 1288 1278 1278 1273
    1268 1264 1259 1255 1255 1255 1255 1255 1255 1259 1259 1268 1273
    1278 1288 1292 1292 1297 1302 1307 1317 1322 1328 1333 1343 1343
    1349 1359 1365 1370 1370 1376 1376 1376 1376 3732 3468 3468 1338
    1338 1328 1328 1317 1317 1312 1307 1297 1292 1288 1283 1283 1278
    1273 1268 1264 1259 1255 1255 1255 1255 1255 1259 1259 1268 1273
    1278 1283 1288 1292 1297 1307 1312 1317 1322 1333 1333 1343 1343
    1349 1354 1359 1365 1370 1376 1376 1376 1376 3732 3468 3468 3468
    1322 1322 1322 1322 1317 1312 1312 1297 1292 1292 1288 1283 1278
    1273 1268 1268 1259 1255 1255 1255 1255 1255 1259 1259 1268 1273
    1278 1283 1288 1292 1297 1307 1312 1317 1322 1328 1333 1338 1343
    1349 1354 1359 1359 1370 1376 1381 1381 1387 1387 3468 3468 0 1322
    1322 1322 1322 1317 1312 1312 1297 1292 1292 1288 1283 1278 1273
    1273 1268 1259 1259 1255 1255 1255 1255 1259 1264 1268 1273 1278
    1283 1292 1292 1297 1307 1312 1317 1317 1328 1328 1338 1343 1349
    1354 1359 1359 1370 1376 1381 1387 1387 1387 3503 3503 0 1322 1322
    1322 1322 1317 1312 1312 1297 1292 1292 1288 1278 1278 1273 1268
    1264 1259 1255 1255 1255 1255 1255 1259 1264 1268 1273 1278 1283
    1292 1292 1297 1302 1307 1312 1317 1322 1328 1343 1349 1349 1359
    1359 1359 1370 1376 1381 1387 1387 1387 3503 3503 3503 1322 1322
    1322 1322 1317 1312 1312 1297 1292 1292 1288 1278 1278 1273 1268
