<?xml version="1.0"?>
<opencv_storage>
<Depth4651 type_id="opencv-matrix">
  <rows>41</rows>
  <cols>65</cols>
  <dt>w</dt>
  <data>
    4241 1713 1705 1680 1680 1688 1680 1680 1680 1671 1671 1671 1671
    1671 4139 4041 4041 4041 4139 4139 4139 4089 4089 4089 4089 4089
    4089 4089 4089 4139 4089 4089 4041 4041 4041 4041 4041 4041 4041
    4041 4041 4041 3994 3994 3948 3948 3948 3948 3948 3948 3948 3903
    3903 3903 3903 3948 3903 3903 3903 3859 3859 3816 3816 3859 3859
    4190 1713 1696 1696 1688 1688 1680 1680 1680 1671 1671 1671 1671
    1671 1663 1663 1663 1663 1663 1663 4139 4089 4041 4041 4041 4041
    4089 4089 4089 4089 4089 4089 4041 4041 4041 4041 4041 4041 4041
    4041 4041 4041 3994 3994 3948 3948 3948 3948 3948 3948 3948 3903
    3903 3903 3903 3903 3903 3903 3859 3859 3859 3859 3859 3859 3859
    4190 4190 1696 1696 1688 1688 1688 1680 1680 1671 1671 1671 1663
    1663 1663 1663 1663 1663 1663 1655 1655 1655 1655 4041 4041 4041
    4089 4089 4089 4089 4089 4089 4041 4041 4041 4041 4041 4041 3994
    3994 3994 3994 3994 3994 3948 3948 3948 3948 3948 3948 3948 3903
    3903 3903 3903 3903 3903 3859 3859 3859 3859 3859 3859 3859 3859
    4190 4190 1696 1696 1688 1688 1680 1671 1671 1671 1671 1671 1663
    1663 1663 1663 1663 1663 1663 1655 1655 1655 1655 1663 1663 4089
    4089 4089 4089 4089 4089 4041 4041 4041 4041 4041 4041 4041 3994
    3994 3994 3994 3994 3994 3994 3994 3994 3948 3948 3948 3948 3903
    3903 3903 3903 3903 3903 3859 3859 3859 3859 3816 3816 3859 3859
    4139 4139 1696 1696 1688 1680 1680 1671 1671 1671 1671 1663 1663
    1663 1663 1663 1663 1655 1655 1655 1655 1647 1647 1647 1647 1647
    1647 1647 4089 4089 4089 4041 4041 4041 4041 4041 4041 4041 3994
    3994 3994 3948 3948 3948 3948 3948 3948 3948 3948 3948 3948 3903
    3903 3903 3903 3903 3859 3859 3816 3816 3816 3816 3816 3816 3859
    4139 4139 1696 1688 1688 1680 1671 1671 1663 1663 1663 1663 1663
    1663 1663 1663 1663 1655 1647 1647 1647 1639 1639 1647 1647 1647
    1647 1647 1647 1647 1647 1655 1655 4041 4041 4041 4041 4041 3994
    3994 3994 3948 3948 3948 3948 3948 3948 3903 3903 3903 3903 3903
    3903 3903 3903 3903 3859 3859 3816 3816 3816 3816 3816 3816 3859
    4190 1696 1696 1688 1680 1680 1671 1671 1663 1663 1663 1663 1663
    1663 1663 1663 1663 1655 1647 1647 1639 1639 1639 1647 1647 1647
    1647 1647 1647 1647 1647 1639 1639 1639 1639 4041 3948 3948 3994
    3994 3994 3948 3948 3948 3903 3903 3903 3903 3903 3903 3903 3903
    3903 3903 3903 3903 3859 3859 3816 3816 3816 3816 3816 3816 3816
    1705 1696 1696 1680 1680 1680 1671 1671 1671 1663 1663 1663 1663
    1663 1663 1663 1663 1655 1647 1647 1639 1639 1647 1647 1647 1647
    1647 1647 1647 1647 1639 1639 1639 1632 1632 1639 3948 3948 3948
    3948 3948 3948 3948 3948 3903 3903 3903 3903 3903 3903 3903 3903
    3903 3903 3903 3859 3859 3859 3816 3774 3774 3816 3816 3816 3816
    1705 1696 1688 1680 1680 1680 1671 1671 1671 1663 1663 1663 1663
    1663 1663 1663 1663 1655 1647 1647 1639 1639 1639 1647 1647 1647
    1647 1647 1639 1639 1639 1639 1639 1632 1632 1632 1632 1632 1632
    3948 3948 3994 3948 3948 3948 3903 3903 3903 3903 3903 3903 3903
    3903 3903 3903 3859 3859 3816 3774 3774 3774 3816 3816 3859 3859
    1696 1696 1688 1680 1671 1671 1671 1671 1663 1663 1663 1663 1663
    1663 1663 1655 1655 1655 1647 1639 1639 1639 1639 1647 1647 1647
    1647 1647 1639 1639 1632 1632 1632 1632 1632 1632 1632 1624 1624
    1624 1624 3994 3948 3948 3948 3903 3903 3903 3903 3903 3903 3903
    3903 3903 3903 3859 3859 3816 3774 3774 3774 3774 3816 3859 3859
    1696 1688 1680 1671 1671 1671 1671 1663 1663 1663 1663 1663 1663
    1663 1663 1647 1647 1639 1639 1639 1639 1639 1639 1647 1647 1647
    1647 1647 1639 1639 1632 1632 1632 1624 1624 1624 1624 1624 1616
    1616 1616 1616 1616 1609 1609 3903 3903 3903 3903 3903 3903 3903
    3903 3903 3859 3859 3859 3816 3774 3774 3774 3774 3774 3816 3859
    1696 1680 1671 1671 1671 1671 1663 1663 1663 1663 1663 1663 1663
    1663 1655 1647 1647 1639 1639 1639 1639 1639 1639 1647 1647 1647
    1647 1639 1639 1632 1632 1632 1632 1624 1616 1616 1624 1624 1616
    1616 1616 1616 1616 1609 1609 1609 1601 1601 3903 3903 3903 3903
    3903 3903 3859 3859 3859 3816 3774 3774 3774 3774 3774 3816 3859
    1680 1671 1671 1671 1663 1663 1663 1663 1663 1663 1663 1663 1655
    1655 1647 1639 1639 1639 1639 1639 1639 1639 1639 1639 1639 1639
    1639 1639 1632 1632 1632 1632 1632 1624 1616 1616 1616 1616 1624
    1616 1616 1616 1616 1609 1609 1609 1601 1601 1601 1594 1586 1586
    3903 3903 3859 3859 3859 3859 3816 3774 3732 3732 3774 3816 3816
    1680 1671 1671 1671 1663 1663 1663 1663 1663 1655 1655 1655 1655
    1647 1647 1639 1639 1639 1639 1639 1639 1639 1639 1639 1639 1639
    1639 1632 1632 1632 1632 1632 1624 1624 1616 1616 1616 1616 1616
    1624 1624 1616 1616 1609 1609 1609 1609 1609 1601 1594 1586 1586
    1594 1594 3903 3903 3859 3859 3816 3774 3732 3732 3732 3774 3816
    1680 1671 1671 1671 1663 1663 1663 1663 1655 1655 1655 1655 1655
    1647 1647 1639 1639 1639 1639 1639 1639 1639 1639 1647 1639 1639
    1632 1632 1632 1632 1632 1632 1624 1624 1616 1616 1616 1616 1616
    1616 1616 1616 1616 1609 1609 1609 1609 1609 1609 1601 1601 1594
    1594 1594 1601 1601 1586 1586 1586 3774 3732 3732 3732 3774 3816
    1688 1680 1671 1671 1671 1663 1663 1663 1655 1655 1655 1655 1655
    1647 1647 1639 1639 1639 1639 1639 1639 1639 1639 1647 1639 1639
    1632 1632 1632 1632 1624 1624 1624 1624 1616 1616 1616 1616 1616
    1616 1616 1616 1609 1609 1601 1601 1601 1601 1601 1601 1601 1594
    1594 1594 1594 1586 1586 1579 1579 1579 1579 1579 3732 3816 3774
    1705 1696 1688 1680 1680 1671 1671 1663 1655 1655 1655 1655 1655
    1647 1647 1639 1639 1639 1632 1632 1639 1639 1639 1639 1639 1639
    1632 1632 1632 1632 1624 1624 1624 1616 1616 1616 1616 1616 1616
    1616 1616 1609 1609 1609 1601 1601 1601 1601 1601 1601 1601 1594
    1586 1586 1586 1586 1586 1579 1579 1579 1579 1579 1579 1579 3774
    1713 1713 1713 1713 1705 1696 1688 1671 1671 1663 1663 1655 1655
    1647 1647 1639 1639 1639 1632 1632 1632 1632 1632 1639 1639 1639
    1632 1632 1632 1624 1624 1624 1616 1616 1616 1616 1616 1616 1616
    1609 1609 1609 1609 1601 1594 1594 1594 1594 1601 1601 1594 1594
    1586 1586 1586 1586 1586 1579 1579 1579 1579 1579 1579 1579 1579
    1776 1776 1748 1731 1731 1722 1713 1705 1688 1671 1671 1671 1663
    1655 1655 1647 1639 1639 1632 1632 1632 1632 1632 1639 1639 1632
    1624 1624 1624 1616 1616 1616 1616 1616 1616 1616 1616 1616 1609
    1609 1609 1609 1609 1601 1594 1594 1594 1594 1594 1594 1594 1586
    1586 1586 1586 1586 1586 1579 1579 1579 1579 1579 1579 1579 1579
    1813 1813 1794 1776 1757 1739 1739 1731 1722 1705 1688 1688 1680
    1671 1663 1647 1639 1639 1632 1632 1639 1632 1632 1639 1632 1632
    1624 1616 1616 1616 1616 1616 1616 1616 1616 1609 1609 1609 1609
    1609 1609 1609 1609 1601 1594 1594 1594 1594 1594 1594 1594 1586
    1586 1586 1586 1586 1586 1579 1579 1579 1579 1579 1579 1579 1586
    1863 1833 1823 1804 1785 1766 1757 1748 1748 1739 1722 1713 1696
    1696 1688 1671 1663 1647 1639 1639 1639 1632 1632 1639 1632 1632
    1624 1616 1616 1616 1616 1616 1616 1609 1609 1609 1609 1609 1609
    1609 1609 1609 1609 1601 1594 1594 1594 1594 1586 1586 1586 1586
    1579 1579 1579 1579 1579 1579 1579 1579 1579 1579 1579 1579 1586
    1863 1853 1843 1833 1804 1794 1776 1776 1766 1766 1748 1739 1722
    1713 1705 1688 1680 1663 1655 1647 1639 1639 1639 1639 1632 1632
    1624 1616 1616 1616 1616 1616 1609 1609 1609 1609 1609 1609 1609
    1609 1609 1609 1601 1601 1594 1594 1594 1594 1586 1586 1586 1586
    1579 1579 1579 1579 1579 1579 1579 1579 1579 1579 1579 1579 1586
    1873 1853 1853 1853 1823 1813 1804 1804 1785 1776 1776 1766 1748
    1739 1731 1722 1705 1688 1671 1663 1647 1639 1639 1639 1639 1632
    1632 1616 1616 1616 1616 1616 1609 1609 1609 1609 1609 1609 1609
    1609 1609 1601 1601 1601 1594 1594 1586 1586 1586 1586 1579 1579
