<?xml version="1.0"?>
<opencv_storage>
<Depth0470 type_id="opencv-matrix">
  <rows>39</rows>
  <cols>11</cols>
  <dt>w</dt>
  <data>
    4645 4582 4582 4645 4645 4645 4645 0 0 0 0 4645 4582 4582 4645 4645
    4645 4645 0 0 0 0 4645 4582 4582 4708 4708 4645 4645 0 0 0 0 4708
    4645 4645 4708 4774 4708 4708 0 0 0 0 4708 4708 4708 4708 4774 4708
    4708 4774 0 0 0 4774 4774 4774 4774 4774 4708 4708 4774 0 0 0 4708
    4708 4708 4774 4774 4774 4774 4774 0 0 0 4708 4708 4708 4774 4774
    4774 4774 4774 0 0 0 4708 4708 4774 4774 4774 4774 4774 4774 0 0 0
    4708 4708 4774 4774 4842 4774 4774 4774 0 0 0 4708 4708 4774 4774
    4774 4774 4774 4774 4911 0 0 4774 4774 4774 4774 4774 4774 4774 4774
    4842 0 0 4774 4774 4774 4774 4774 4774 4774 4774 4842 0 0 4774 4774
    4774 4774 4774 4774 4774 4774 0 0 0 4774 4774 4774 4774 4842 4842
    4774 4708 4708 0 0 4774 4774 4774 4774 4842 4842 4842 4708 4708 0 0
    0 4842 4842 4842 4842 4911 4842 4774 4774 0 0 0 4842 4842 4842 4842
    4911 4911 4842 4842 5056 0 0 4842 4842 4842 4911 4911 4911 4842 4842
    4842 0 0 4842 4842 4842 4911 4842 4842 4842 4842 4842 0 0 0 4911
    4911 4911 4842 4842 4842 4842 4842 0 0 0 0 4911 4911 4842 4842 4842
    4842 4842 0 0 0 4911 4842 4842 4842 4842 4842 4911 4911 0 0 0 4911
    4842 4842 4842 4842 4842 4911 4911 0 0 0 4842 4842 4842 4842 4842
    4911 4911 4911 0 0 0 4842 4842 4842 4842 4842 4911 4911 4911 0 0 0
    4842 4842 4842 4842 4842 4911 4911 4983 0 0 0 0 4911 4911 4911 4911
    4911 4911 4911 4983 0 0 0 4911 4911 4911 4911 4911 4911 4911 4983 0
    0 0 4911 4911 4911 4911 4911 4911 4911 4911 0 0 0 4911 4911 4911
    4911 4911 4911 4911 4911 0 0 0 4842 4842 4911 4911 4911 4911 4911
    4911 0 0 0 4774 4774 4842 4911 4911 4911 4911 4983 0 0 4645 4645
    4645 4708 4842 4911 4911 4911 0 0 0 4645 4645 4645 4708 4842 4911
    4911 4911 0 0 0 0 4708 4708 4774 4842 4911 4911 4911 4983 0 0 0 4842
    4842 4842 4842 4911 4911 4911 4983 0 0 0 0 4911 4911 4911 4911 4911
    4911 4983 0 0 0 0 0 4911 4911 4983 4983 4983 4983</data></Depth0470>
</opencv_storage>
