<?xml version="1.0"?>
<opencv_storage>
<Depth8944 type_id="opencv-matrix">
  <rows>13</rows>
  <cols>31</cols>
  <dt>w</dt>
  <data>
    4911 4842 4842 4842 4842 4842 4842 4842 4842 4842 4842 6753 6753
    6753 6753 6497 6497 6497 6375 6375 6375 6259 6259 6259 6259 6259
    6259 6259 6259 6259 6259 4911 4842 4842 4842 4842 4774 4774 4774
    4774 4842 4842 4774 4708 4708 4645 6497 6497 6497 6375 6375 6375
    6259 6259 6259 6259 6259 6259 6259 6146 6146 6146 4842 4842 4842
    4842 4842 4774 4774 4774 4774 4842 4842 4774 4708 4708 4645 4645
    4645 4463 4645 4645 6259 6259 6259 6259 6146 6146 6259 6259 6038
    6038 6038 4842 4842 4842 4842 4842 4774 4774 4774 4774 4774 4774
    4774 4708 4645 4645 4645 4463 4463 4645 4645 4645 4522 4582 6146
    6146 6146 6259 6259 6038 6038 5933 4983 4911 4842 4842 4842 4842
    4774 4774 4774 4774 4774 4774 4708 4645 4645 4645 4463 4463 4582
    4582 4522 4522 4582 4582 4463 6375 6375 6375 4522 4522 5933 5056
    4983 4842 4842 4842 4842 4774 4774 4774 4842 4842 4774 4708 4645
    4645 4645 4582 4582 4582 4582 4522 4522 4522 4463 4463 4463 4463
    4463 4463 4463 4522 0 5056 4983 4842 4842 4842 4774 4774 4774 4842
    4842 4774 4708 4645 4645 4645 4582 4582 4582 4582 4522 4522 4522
    4463 4463 4405 4405 4405 4405 4405 4349 0 0 0 0 4842 4842 4842 4842
    4842 4842 4842 4774 4774 4708 4708 4645 4645 4582 4582 4582 4522
    4522 4522 4463 4463 4405 4405 4405 4405 4349 4349 0 0 0 0 0 0 0 0 0
    4842 4774 4645 4645 4645 4645 4645 4645 4582 4582 4582 4522 4522
    4522 4463 4463 4463 4405 4405 4349 4349 4349 0 0 0 0 0 0 0 0 0 4842
    4774 4645 4645 4645 4645 4645 4645 4582 4582 4582 4582 4522 4522
    4522 4522 4463 4463 4405 4349 4349 4349 0 0 0 0 0 0 0 0 0 0 0 0 0 0
    0 4708 4645 4645 4582 4582 4582 4522 4522 4522 4522 4463 4463 4405
    4349 4349 4349 0 0 0 0 0 0 0 0 0 0 0 0 0 0 0 0 3092 3037 4582 4582
    4582 4522 4522 4522 4463 4405 4405 4405 4349 4349 4405 0 0 0 0 0 0 0
    0 0 0 0 0 0 0 0 0 0 3037 3037 3037 4522 4522 4463 4463 4405 4405
    4405 4349 4349 4349 4349</data></Depth8944>
</opencv_storage>
