<?xml version="1.0"?>
<opencv_storage>
<Depth8014 type_id="opencv-matrix">
  <rows>10</rows>
  <cols>10</cols>
  <dt>w</dt>
  <data>
    5374 5291 5291 5374 5291 5291 5460 5460 5640 5640 5291 5291 5291
    5291 5291 5291 5291 5291 5640 5640 5291 5291 5291 5291 5291 5291
    5291 5291 5374 5460 5291 5291 5291 5291 5291 5291 5291 5291 5291
    5291 5291 5210 5210 5291 5291 5291 5210 5132 5132 5132 5291 5210
    5210 5291 5291 5210 5210 5056 5056 4983 5291 5210 5210 5291 5291
    5210 5210 5056 5056 4983 4089 5210 5210 5291 5291 5210 5210 5056
    5056 5056 4041 4041 5291 5291 5291 5210 5210 5056 5056 5056 3994
    3994 3994 5210 5132 5132 5056 5056 5056 5056</data></Depth8014>
</opencv_storage>
