<?xml version="1.0"?>
<opencv_storage>
<Depth10936 type_id="opencv-matrix">
  <rows>108</rows>
  <cols>68</cols>
  <dt>w</dt>
  <data>
    3399 3399 3399 3399 3399 3399 3399 3399 3399 3399 3399 3399 3399
    3433 3433 3433 3433 3433 3468 3468 3433 3433 3468 3468 3468 3468
    3433 3433 3433 3433 3468 3468 3503 3503 3503 3503 3503 3503 3468
    3468 3503 3503 3539 3539 3539 3539 3539 3576 3576 3539 3539 3576
    3576 1050 1034 1034 1028 1022 1022 1025 1025 1025 1022 1019 1019
    3614 3614 3614 3399 3399 3399 3399 3399 3399 3433 3433 3433 978 978
    3399 3399 3433 989 989 992 3468 3468 3468 3468 3399 3399 3433 3468
    3468 3468 3468 3433 3433 3468 3468 3503 3503 3503 3503 3503 3539
    3539 3539 3539 973 973 0 970 970 970 978 978 975 975 1022 1022 1022
    1022 1034 1010 1010 1010 1010 1013 1016 1016 1016 1016 1013 1013
    1013 3433 3399 981 973 970 970 3433 3468 3433 978 975 975 978 981
    981 981 987 3468 3468 3468 3468 3399 3399 3433 3468 3468 3468 923
    3468 3468 3468 3468 3503 3503 3503 948 946 0 0 948 0 0 973 973 0 970
    970 978 978 975 975 975 1022 1022 1022 1007 1004 1004 1007 1007 1010
    1010 1010 1010 1007 1007 1001 1001 3433 987 981 973 970 967 967 967
    975 975 975 975 975 975 975 975 978 978 908 908 908 908 908 918 925
    925 923 923 923 918 938 938 935 935 935 948 946 946 948 948 0 0 973
    973 970 970 970 978 978 975 975 975 973 975 1004 1004 1001 1001 1001
    1001 1001 1001 1001 1001 1001 1001 1001 1001 3433 987 981 978 973
    967 967 967 973 973 973 973 970 970 959 959 978 913 908 908 908 908
    915 918 925 925 923 923 923 918 938 938 935 935 935 948 946 946 948
    948 954 956 962 962 962 970 970 973 975 973 973 973 973 975 978 978
    987 995 995 992 992 992 995 998 998 998 1001 1001 987 987 981 978
    973 959 954 951 946 943 935 930 930 964 956 956 956 913 910 910 910
    915 915 918 920 920 920 918 918 918 920 933 930 930 935 935 943 943
    940 940 954 956 959 956 956 962 962 967 970 970 964 964 967 970 973
    975 978 978 981 984 984 989 989 995 995 995 1001 1001 989 987 981
    978 973 959 954 948 946 943 935 930 928 923 920 915 915 913 910 908
    908 908 908 908 908 913 918 918 918 918 920 923 925 925 928 928 930
    935 938 938 938 943 946 948 948 959 959 962 962 962 964 964 967 967
    973 975 978 978 981 984 984 989 989 992 995 995 1004 1004 989 987
    981 978 975 959 954 948 946 940 935 930 928 920 918 913 913 906 906
    903 903 903 903 903 903 908 913 915 915 918 918 918 923 923 925 928
    930 935 935 935 935 938 943 946 948 951 954 954 956 962 962 964 967
    967 973 975 978 978 981 984 984 989 989 992 995 995 1004 1004 989
    984 981 978 973 959 956 951 946 940 935 933 928 920 918 913 908 901
    901 901 898 898 901 901 903 906 910 913 915 915 915 918 923 923 925
    928 930 935 935 935 935 938 943 946 948 951 954 954 956 959 962 964
    967 970 973 975 978 981 981 984 987 992 992 995 995 1001 1004 1007
    989 984 981 978 973 962 959 951 946 940 938 933 928 920 918 913 903
    898 898 898 898 898 901 901 903 906 910 913 915 915 915 918 923 923
    925 928 930 935 935 935 935 940 943 946 948 954 954 956 956 959 962
    964 970 970 973 978 978 981 981 984 989 992 995 995 995 1001 1004
    1007 0 984 981 978 973 962 959 951 946 940 938 933 925 920 918 915
    903 898 898 898 898 898 901 901 906 906 908 910 915 915 915 918 923
    925 925 928 930 935 935 935 938 943 943 946 948 954 954 956 959 962
    964 970 973 973 975 978 978 981 981 984 989 992 995 998 998 1001
    1004 1007 0 987 981 978 973 970 959 951 946 940 938 933 925 923 918
    918 903 898 898 898 898 898 901 903 906 906 908 910 915 915 918 918
    923 925 928 928 930 935 935 938 938 943 946 948 948 954 956 959 962
    964 964 970 973 973 975 978 981 984 984 987 992 992 998 998 1001
    1001 1004 1007 0 987 984 978 975 962 959 951 948 943 938 933 925 923
    920 915 903 898 898 898 898 898 901 906 906 908 908 913 915 915 918
    920 925 925 928 928 930 935 935 938 943 946 948 948 948 954 959 962
    962 964 967 970 973 973 978 981 981 984 984 987 992 992 995 998 1001
    1004 1004 1004 0 989 984 978 975 962 959 951 948 943 938 933 928 923
    920 915 903 898 898 898 898 901 901 906 908 908 910 913 915 915 918
    923 925 925 928 928 933 935 935 938 943 946 946 948 948 956 959 962
    962 964 967 970 973 973 978 981 981 984 984 989 992 992 995 998 1001
    1004 1004 1004 0 989 987 981 975 970 959 954 948 943 938 933 928 925
    918 913 903 898 898 898 901 901 901 908 908 910 910 913 915 918 918
    923 925 925 928 930 933 935 935 938 946 946 946 948 951 959 959 962
    962 964 970 973 975 975 978 981 981 984 984 989 992 995 995 998 1001
    1004 1004 1010 0 989 987 981 975 970 959 956 948 943 938 933 928 925
    918 913 903 901 898 898 901 901 903 908 910 913 913 915 915 918 920
    923 925 928 928 933 935 935 935 938 946 946 946 948 954 959 959 962
    962 967 970 973 975 978 978 981 981 984 987 992 995 995 995 998 1001
    1004 1004 1007 0 987 984 981 973 970 959 956 951 946 940 935 928 925
    918 908 903 901 898 898 901 903 906 908 910 913 915 915 918 918 920
    925 925 928 928 933 935 935 935 938 946 946 946 948 954 959 959 962
    964 967 970 973 975 978 978 981 981 984 989 992 995 995 998 1001
    1001 1004 1004 1007 0 984 984 981 973 970 959 956 954 946 938 935
    928 925 918 908 903 901 901 901 901 903 906 908 910 913 915 918 918
    920 923 925 925 928 928 933 935 935 935 938 946 946 948 951 956 959
    962 962 964 970 970 973 975 978 978 981 984 984 989 992 995 995 998
    1001 1001 1004 1007 1007 0 984 984 981 975 970 959 956 951 946 938
    935 928 925 920 908 903 903 901 901 901 906 908 908 910 913 915 918
    918 920 923 925 928 928 928 935 935 935 938 946 946 948 948 954 956
    959 962 964 967 970 970 973 975 981 981 981 984 987 989 992 995 995
    998 1001 1004 1004 1007 1007 0 984 984 981 978 973 959 956 951 946
    938 935 930 925 920 908 906 903 903 903 903 908 908 910 910 913 915
    918 918 923 923 925 928 928 930 935 935 938 938 946 946 948 951 954
    956 959 962 964 967 970 970 973 978 981 981 984 987 987 989 992 995
    995 998 1001 1004 1007 1007 1010 0 987 984 984 978 973 959 956 951
    946 938 935 933 928 923 910 906 906 903 903 906 908 908 910 913 913
    915 918 918 923 923 925 928 928 935 935 935 938 940 946 946 948 951
    956 956 959 964 967 967 970 970 973 978 981 981 984 987 987 989 992
    995 995 1001 1001 1001 1007 1007 1007 0 992 989 984 981 973 959 956
    951 943 938 935 933 925 918 910 908 906 906 906 906 908 910 910 913
    913 915 918 920 920 923 925 928 928 935 935 935 938 940 946 946 948
    954 956 956 962 964 967 970 970 973 973 978 981 984 984 987 989 992
    992 995 995 1001 1001 1001 1007 1007 1007 0 989 984 984 981 973 962
    956 951 943 940 935 930 925 915 910 908 906 906 906 906 908 910 913
    913 915 915 918 920 920 923 925 928 930 935 935 935 938 940 946 948
    948 954 956 959 962 964 970 970 970 973 973 978 981 984 984 987 992
    992 992 995 998 1001 1001 1004 1004 1007 1007 992 989 984 984 981
    973 962 956 951 946 940 935 930 925 915 910 908 908 906 906 908 908
    910 915 915 915 915 918 920 923 925 925 928 930 935 935 938 938 940
    946 948 951 954 956 959 962 964 970 970 970 973 978 981 981 984 987
    987 992 992 995 995 998 1001 1004 1004 1004 1007 1007 992 989 989
    984 981 973 962 956 951 946 943 935 933 925 915 913 908 908 906 906
    908 910 913 915 915 915 918 918 920 925 928 928 928 930 935 938 938
    938 946 946 948 951 956 956 959 964 967 970 970 970 975 978 981 981
    984 987 989 992 992 995 995 998 1001 1004 1004 1007 1007 1010 992
    989 989 984 981 975 964 956 951 946 943 935 933 925 918 913 908 908
    906 906 908 910 910 915 915 918 918 920 923 925 928 928 930 935 935
    938 940 940 946 951 954 954 956 959 959 964 967 970 970 973 975 981
    981 984 984 989 992 992 995 995 995 1001 1001 1004 1004 1007 1010
    1013 995 989 989 987 981 970 964 956 951 948 946 938 933 925 918 913
