<?xml version="1.0"?>
<opencv_storage>
<Depth10322 type_id="opencv-matrix">
  <rows>83</rows>
  <cols>109</cols>
  <dt>w</dt>
  <data>
    3576 3614 3614 3614 3576 3576 3576 3576 3576 3576 898 898 903 915
    915 915 915 918 918 918 3614 3614 3576 3576 3576 3539 3539 3539 3539
    3539 3539 3539 3539 3539 3539 3539 3503 3503 3539 3503 3503 3539
    3539 3539 3503 3503 3468 3468 3503 3503 3503 3503 3503 3503 3503
    3468 3468 3468 3433 3433 3433 3433 3433 3433 3433 3433 3468 3468
    3468 3468 3468 3468 3503 3503 3468 3468 3433 3399 3399 3399 3365
    3333 3333 2560 2541 2503 2485 2467 2467 2467 2467 2467 2467 2467
    2467 2450 2450 2432 2415 2415 2381 2381 0 0 0 0 0 2241 2226 3503
    3503 3614 3614 3576 3576 3576 3576 3576 3576 898 898 901 903 910 910
    910 913 915 913 913 908 908 908 3539 3539 3539 3539 3539 3539 3539
    3539 3539 3539 3539 3539 3539 3503 3503 3503 3503 3503 3503 3539
    3503 3503 3468 3468 3503 3503 3503 3503 3503 3503 3503 3503 3503
    3468 3433 3433 3433 3433 3433 3433 3433 3433 3468 3468 3468 3468
    3468 3503 3503 3503 3468 3433 3433 3399 3365 3365 3365 3333 3333
    2560 2541 2503 2485 2467 2467 2450 2450 2467 2467 2467 2467 2467
    2450 2432 2415 2415 2381 2381 0 0 0 0 0 2241 2212 3503 3503 0 0 0 0
    0 0 0 0 896 896 896 898 901 901 903 903 908 910 910 908 908 908 908
    903 903 3539 3539 3399 3399 3503 3503 3539 3539 3539 3539 3503 3503
    3503 3503 3503 3503 3539 3503 3503 3468 3468 3503 3503 3503 3503
    3503 3503 3503 3503 3468 3433 3433 3433 3433 3433 3433 3433 3433
    3433 3468 3468 3468 3468 3468 3468 3468 3468 3468 3433 3399 3399
    3365 3365 3365 3333 3333 2560 2541 2503 2485 2467 2467 2450 2450
    2467 2467 2467 2467 2467 2450 2450 2432 2432 0 0 0 0 0 0 0 2226 2212
    3503 3503 0 0 0 0 0 0 0 0 889 889 891 894 894 894 894 891 891 898
    903 903 903 903 903 903 903 903 3399 3399 3399 3149 3149 3539 3539
    3539 3539 3503 3503 3503 3503 3503 3503 3539 3503 3503 3503 3503
    3503 3503 3503 3503 3503 3503 3503 3503 3468 3433 3433 3433 3433
    3433 3433 3433 3433 3433 3433 3468 3468 3468 3468 3468 3468 3468
    3433 3433 3399 3365 3365 3365 3333 3333 2560 2541 2522 2485 2467
    2450 2450 2450 2450 2467 2467 2467 2467 2467 2450 2450 0 0 0 0 0 0 0
    0 2226 2226 2212 3576 0 0 0 0 0 0 0 0 0 887 887 889 889 889 889 891
    889 889 891 891 898 901 901 901 901 901 903 903 906 910 910 910 910
    920 920 923 3503 3503 3468 3468 3503 3503 3539 3539 3539 3539 3539
    3503 3503 3503 3503 3503 3503 3503 3503 3468 3433 3433 3433 3433
    3433 3433 3433 3433 3433 3433 3468 3468 3468 3468 3468 3468 3433
    3433 3399 3399 3365 3333 3333 3333 3333 2541 2541 2522 2485 2467
    2450 2450 2450 2450 2467 2467 2467 2450 2450 2450 2432 2432 0 0 0 0
    0 0 0 2226 2212 2184 3576 0 0 0 0 0 0 0 0 0 887 887 887 887 882 882
    885 885 885 887 889 889 894 891 891 891 891 894 894 898 903 903 903
    906 906 908 910 915 915 3468 3468 3468 920 920 3539 3539 3539 3539
    3539 3539 3503 3503 3503 3539 3539 3503 3468 3433 3433 3433 3433
    3433 3433 3433 3433 3433 3468 3468 3468 3468 3468 3468 3468 3433
    3399 3399 3399 3365 3333 3333 3333 2560 2541 2522 2503 2485 2467
    2450 2450 2450 2450 2467 2467 2467 2450 2450 2450 2432 2432 0 0 0 0
    0 0 0 0 2212 2184 0 0 0 0 0 0 0 0 0 0 887 856 856 887 878 878 878
    880 880 882 882 882 882 882 882 885 887 889 889 891 891 896 898 901
    906 906 908 906 906 906 908 908 910 913 913 913 3576 3539 3539 3539
    3503 3503 3503 3539 3539 3503 3468 3433 3433 3433 3433 3399 3399
    3399 3433 3433 3468 3468 3468 3468 3468 3468 3468 3468 3399 3399
    3365 3365 3333 3333 3333 2560 2541 2522 2503 2485 2467 2450 2450
    2450 2450 2467 2467 2450 2432 2432 2432 2450 0 0 0 0 0 0 0 0 2241
    2241 2198 0 0 0 0 0 0 0 0 0 0 858 856 856 860 864 869 871 873 873
    873 878 875 875 878 880 880 882 885 885 887 889 891 896 898 901 903
    903 903 903 903 903 903 906 908 908 908 908 906 906 906 3503 3503
    3503 3503 3539 3503 3468 3468 3433 3433 3433 3399 3399 3399 3433
    3468 3468 3468 3468 3468 3468 3468 3468 3468 3399 3365 3365 3333
    3333 3333 3333 2560 2560 2541 2485 2450 2450 2450 2450 2450 2450
    2450 2450 2450 2432 2432 2432 2450 0 0 0 0 0 0 0 0 2241 2226 2226 0
    0 0 0 0 0 0 0 0 854 854 854 854 856 860 867 867 869 867 867 869 869
    871 873 878 878 880 880 880 882 885 889 889 894 894 894 894 896 898
    898 901 901 903 906 906 903 903 903 906 906 910 910 3503 3503 3539
    3503 3468 3468 3468 3433 3433 3399 3399 3399 3433 3468 3468 3468
    3468 3468 3468 3468 3468 3468 3399 3365 3333 3333 3333 3333 3333
    2560 2541 2522 2467 2432 2432 2432 2450 2450 2450 2450 2450 2450
    2450 2432 2432 2450 0 0 0 0 0 0 0 0 2271 2226 2212 0 0 0 0 0 0 0 0 0
    854 851 851 851 854 854 860 860 862 862 862 864 867 869 871 873 873
    875 875 875 875 875 880 882 882 882 882 885 889 891 891 894 898 898
    901 901 901 901 901 901 901 901 901 903 903 903 915 913 913 913 3433
    3433 3399 3399 3399 3433 3468 3468 3468 3468 3468 3468 3503 3503
    3503 3433 3365 3333 3333 3300 3300 2560 2541 2541 2485 2450 2432
    2432 2432 2450 2450 2450 2450 2450 2467 2450 2432 2432 0 0 0 0 0 0 0
    0 0 2241 2198 2170 0 0 0 0 0 0 0 0 0 0 845 841 841 841 843 856 854
    854 858 858 858 862 862 867 867 869 869 871 871 871 871 871 873 873
    875 875 875 880 882 885 887 889 889 889 891 894 898 898 898 898 898
    898 901 903 903 908 910 908 908 908 906 906 906 3468 3468 3468 3468
    3468 3468 3468 3503 3503 3503 3468 3399 3365 3333 3300 3300 3300
    2560 2541 2522 2485 2450 2432 2432 2432 2450 2450 2450 2450 2450
    2467 2450 2432 2432 0 0 0 0 0 0 0 0 0 2170 2156 2156 0 0 0 0 0 0 0 0
    0 0 841 837 837 837 839 839 843 847 847 849 849 851 860 858 858 856
    856 869 869 869 867 867 867 867 867 871 873 875 878 880 880 880 882
    882 885 885 891 896 896 896 896 896 898 898 901 903 903 903 906 906
    906 906 906 906 3468 3468 3468 3468 3468 3468 3503 3503 3503 3468
    3399 3365 3333 3300 3300 3300 2541 2541 2522 2485 2467 2450 2450
    2450 2450 2450 2450 2450 2450 2450 2450 2432 2432 0 0 0 0 0 0 0 0 0
    2170 2156 2156 0 0 0 0 0 0 0 0 0 829 829 833 833 833 835 835 839 839
    839 843 843 845 845 845 851 849 849 849 849 864 864 864 864 864 864
    864 867 869 873 875 875 875 875 878 880 880 882 887 891 894 894 891
    891 891 891 898 898 898 901 901 903 903 903 903 903 903 903 903 903
    906 906 908 3539 3468 3399 3365 3333 3300 3269 3269 2522 2522 2522
    2485 2467 2432 2432 2432 2450 2450 2450 2450 2450 2450 2432 2432
    2432 0 0 0 0 0 0 0 0 0 0 2170 2156 0 0 0 0 0 0 0 0 0 819 819 823 823
    825 831 831 833 833 835 837 839 839 839 839 843 845 845 847 847 849
    854 858 860 860 862 862 864 864 867 867 867 871 871 873 875 875 878
    878 878 880 885 887 887 885 885 887 894 894 896 896 898 901 901 901
    901 901 903 903 903 906 906 906 908 908 913 913 3300 3300 3269 3269
    2522 2522 2522 2467 2450 2432 2432 2432 2450 2450 2450 2432 2432
    2415 2415 2415 2432 0 0 0 0 0 0 0 0 0 0 2170 2156 0 0 0 0 0 0 0 0 0
    819 819 817 817 817 817 829 829 827 827 831 833 833 835 837 837 839
    839 841 843 843 845 847 860 860 860 858 858 858 858 858 860 867 867
    869 869 869 871 873 873 875 875 878 880 878 878 878 885 889 891 891
    889 889 891 891 898 898 898 901 901 903 903 903 906 906 908 910 910
    908 906 2522 2522 2522 2522 2467 2450 2415 2415 2415 2450 2450 2450
    2432 2432 2415 2415 2398 2398 0 0 0 0 0 0 0 0 0 0 2170 2143 0 0 0 0
    0 0 0 0 807 807 807 807 807 811 811 813 813 817 821 821 821 821 821
    823 823 835 839 839 837 837 837 837 837 837 837 839 854 851 851 854
    854 858 862 867 867 867 869 869 869 871 871 873 873 873 873 873 873
    878 882 885 885 885 887 887 891 894 894 896 894 894 896 901 903 903
    906 906 906 908 906 906 906 2522 2522 2522 2522 2415 2349 2349 2432
    2450 2450 2432 2432 2398 2398 2381 2365 2365 0 0 0 0 0 0 0 2170 2170
    2170 2156 0 0 0 0 0 0 0 0 805 803 803 803 803 805 807 809 809 811
    815 815 817 817 817 817 819 821 821 823 827 829 829 833 835 835 835
