<?xml version="1.0"?>
<opencv_storage>
<Depth12298 type_id="opencv-matrix">
  <rows>28</rows>
  <cols>20</cols>
  <dt>w</dt>
  <data>
    3614 3614 3576 3539 3539 3539 3503 3503 3503 3468 3468 3468 3433
    3433 3433 3433 3433 3468 3468 3503 3614 3614 3576 3539 3539 3539
    3539 3503 3503 3468 3468 3468 3433 3433 3399 3399 3433 3433 3433
    3468 3614 3614 3576 3539 3539 3503 3503 3503 3503 3468 3468 3468
    3433 3433 3399 3399 3433 3433 3433 3433 3614 3614 3576 3539 3539
    3503 3503 3503 3503 3468 3468 3468 3433 3399 3399 3399 3399 3433
    3433 3433 3614 3614 3576 3539 3539 3539 3503 3503 3503 3468 3468
    3468 3433 3399 3399 3399 3399 3433 3433 3433 3614 3614 3576 3539
    3539 3503 3503 3503 3503 3503 3468 3468 3433 3399 3399 3399 3399
    3433 3433 3433 3576 3576 3576 3539 3539 3503 3503 3503 3503 3503
    3468 3468 3433 3399 3399 3399 3433 3433 3433 3433 3539 3539 3576
    3539 3539 3539 3503 3503 3503 3503 3503 3468 3433 3399 3399 3399
    3433 3433 3433 3468 3539 3539 3576 3539 3539 3503 3503 3503 3503
    3468 3468 3468 3433 3399 3399 3399 3433 3433 3433 3468 3539 3539
    3576 3539 3539 3503 3503 3503 3503 3468 3468 3433 3433 3433 3433
    3433 3433 3433 3433 3433 3539 3539 3539 3539 3539 3503 3503 3503
    3503 3468 3468 3433 3433 3433 3433 3433 3433 3433 3433 3433 3576
    3576 3539 3539 3539 3539 3503 3503 3503 3468 3468 3433 3433 3433
    3433 3433 3433 3433 3433 3433 3614 3576 3539 3539 3539 3503 3503
    3503 3503 3468 3468 3468 3433 3433 3433 3433 3433 3433 3433 3433
    3614 3614 3539 3539 3539 3503 3503 3503 3503 3503 3468 3433 3433
    3433 3433 3433 3433 3433 3433 3468 3653 3614 3539 3539 3539 3503
    3503 3503 3503 3503 3468 3433 3399 3399 3399 3399 3433 3433 3433
    3468 3653 3614 3576 3539 3539 3503 3503 3503 3503 3433 3433 3399
    3399 3399 3399 3399 3433 3433 3433 3468 3614 3614 3576 3539 3539
    3539 3503 3503 3468 3433 3433 3399 3399 3399 3399 3399 3433 3433
    3433 3468 3576 3576 3576 3539 3539 3539 3503 3503 3468 3433 3433
    3399 3399 3399 3399 3399 3433 3433 3433 3468 3539 3539 3539 3539
    3539 3539 3503 3503 3468 3433 3433 3399 3399 3399 3399 3433 3433
    3433 3468 3433 3503 3539 3539 3539 3503 3503 3503 3503 3503 3433
    3433 3399 3399 3399 3399 3433 3433 3433 3433 3433 3468 3539 3539
    3539 3503 3503 3503 3503 3503 3468 3433 3433 3399 3399 3399 3433
    3433 3433 3433 3399 3468 3539 3539 3539 3503 3503 3503 3503 3503
    3503 3468 3433 3433 3399 3399 3433 3433 3433 3433 3399 3539 3539
    3539 3539 3503 3503 3503 3503 3503 3503 3468 3433 3433 3399 3399
    3433 3433 3433 3433 3399 3503 3503 3503 3503 3503 3503 3503 3503
    3503 3468 3468 3433 3433 3433 3433 3399 3399 3433 3433 3433 3503
    3503 3503 3503 3503 3503 3503 3503 3468 3468 3468 3433 3433 3433
    3433 3399 3399 3399 3399 3399 3503 3503 3503 3503 3503 3503 3503
    3503 3468 3468 3468 3433 3433 3399 3399 3399 3399 3399 3399 3399
    7030 7030 3503 3503 3468 3468 3503 3503 3468 3468 3468 3433 3433
    3399 3399 3365 3365 3399 3365 3365 7030 6889 6889 6889 3468 3468
    3503 3503 3503 3468 3468 3399 3399 3399 3399 3365 3365 3399 3365
    3365</data></Depth12298>
</opencv_storage>
