<?xml version="1.0"?>
<opencv_storage>
<Depth2336 type_id="opencv-matrix">
  <rows>27</rows>
  <cols>8</cols>
  <dt>w</dt>
  <data>
    5933 5734 5734 5832 5933 0 0 0 5933 5832 5832 5933 5933 0 0 0 5832
    5832 5832 5933 5933 5933 0 0 5832 5832 5832 5933 5933 5933 0 0 5832
    5832 5832 5832 5933 5933 0 0 5832 5832 5832 5832 5933 5933 0 0 5832
    5832 5832 5832 5832 5933 0 0 5832 5832 5832 5832 5832 5933 0 0 5933
    5832 5832 5832 5832 5832 0 0 5933 5832 5832 5832 5734 5734 0 0 6038
    5933 5933 5832 5734 5734 5933 0 6146 5933 5832 5832 5734 5734 5832 0
    6259 5933 5832 5832 5734 5734 5832 0 6375 6038 5933 5832 5832 5832
    5734 5734 6375 6038 5933 5832 5832 5832 5734 5734 6375 6038 5933
    5933 5832 5832 5734 5734 6889 6038 5933 5933 5832 5832 5734 5734
    6889 6038 5933 5933 5832 5832 5832 5832 6889 6038 5933 5933 5832
    5832 5832 5832 7030 6038 5933 5933 5832 5832 5832 5832 6889 6038
    5933 5933 5832 5832 5832 5832 6889 6038 5933 5933 5832 5832 5832
    5933 6889 5933 5933 5933 5832 5832 5933 5933 7030 5933 5933 5933
    5933 5933 5933 0 6753 5933 5933 5933 5933 5933 5933 0 6753 6038 6038
    5933 5933 5933 5933 0 7030 7030 6038 5933 5933 5933 5933 5933</data></Depth2336>
</opencv_storage>
