<?xml version="1.0"?>
<opencv_storage>
<Depth10351 type_id="opencv-matrix">
  <rows>101</rows>
  <cols>12</cols>
  <dt>w</dt>
  <data>
    3037 3010 2349 2349 2333 2333 2317 2286 2271 2256 2241 2212 3037
    3010 2349 2333 2317 2317 2301 2286 2271 2271 2256 2256 3037 3010
    2333 2333 2317 2301 2286 2286 2271 2271 2271 2271 3037 3010 2333
    2333 2317 2301 2286 2271 2256 2256 2256 2271 3064 3010 2333 2333
    2317 2301 2271 2256 2241 2241 2241 2256 3037 3010 2333 2333 2333
    2301 2271 2256 2226 2226 2226 2241 3010 2984 2349 2333 2333 2301
    2271 2256 2226 2226 2226 2241 3010 2984 2958 2333 2317 2301 2271
    2256 2226 2226 2241 2241 3010 2984 2958 2286 2286 2286 2271 2256
    2241 2241 2241 2241 3010 2984 2958 2271 2271 2286 2271 2256 2241
    2241 2241 2241 3010 2984 2301 2271 2271 2286 2271 2256 2241 2241
    2226 2226 3010 2984 2301 2301 2317 2286 2271 2241 2226 2226 2226
    2226 3010 2317 2317 2317 2317 2286 2271 2241 2226 2226 2226 2226
    3010 2301 2301 2301 2301 2286 2256 2256 2226 2226 2226 2226 2984
    2301 2286 2286 2286 2286 2256 2256 2226 2212 2212 2226 2984 2958
    2286 2286 2286 2286 2256 2241 2226 2212 2212 2226 2984 2958 2286
    2286 2286 2286 2256 2241 2212 2212 2212 2226 2984 2958 2286 2286
    2286 2286 2256 2226 2212 2212 2212 2212 2984 2958 2301 2286 2286
    2271 2256 2226 2226 2212 2212 2212 2984 2984 2301 2286 2286 2271
    2241 2212 2212 2212 2212 2212 2984 2984 2301 2301 2286 2256 2226
    2198 2198 2198 2212 2212 2984 2984 2301 2301 2286 2256 2212 2198
    2198 2198 2198 2212 2984 2958 2301 2286 2286 2256 2212 2198 2198
    2198 2198 2212 2984 2958 2301 2286 2271 2256 2212 2198 2198 2198
    2212 2212 2958 2286 2286 2286 2271 2256 2226 2212 2198 2198 2198
    2212 2958 2286 2286 2271 2271 2256 2241 2212 2198 2198 2198 2198
    2958 2286 2271 2271 2271 2256 2241 2212 2212 2198 2198 2198 2958
    2286 2271 2271 2271 2256 2226 2212 2212 2198 2198 2198 2958 2286
    2286 2286 2271 2256 2226 2212 2198 2184 2184 2184 2984 2286 2286
    2286 2256 2241 2226 2212 2184 2184 2184 2184 2984 2286 2286 2286
    2256 2241 2212 2198 2184 2184 2184 2184 2984 2286 2286 2286 2256
    2241 2212 2198 2184 2184 2184 2184 2984 2301 2301 2286 2256 2241
    2226 2212 2184 2184 2184 2184 2984 2286 2286 2271 2256 2241 2226
    2212 2184 2184 2184 2184 2333 2286 2286 2271 2256 2241 2226 2212
    2184 2170 2170 2184 2333 2286 2286 2271 2256 2241 2226 2212 2184
    2170 2170 2184 2333 2286 2286 2256 2241 2226 2212 2212 2198 2170
    2170 2184 2908 2256 2256 2256 2241 2226 2212 2198 2184 2170 2170
    2184 2933 2256 2256 2256 2256 2226 2212 2198 2170 2170 2170 2184
    2908 2256 2256 2256 2241 2241 2226 2198 2170 2170 2170 2184 2908
    2256 2256 2256 2241 2241 2226 2198 2170 2170 2170 2184 2908 2908
    2256 2256 2226 2226 2212 2184 2170 2170 2170 2170 2908 2908 2241
    2241 2226 2226 2212 2184 2170 2170 2170 2170 2908 2908 2241 2241
    2226 2212 2198 2170 2170 2170 2170 2170 2933 2933 2256 2256 2226
    2212 2198 2170 2170 2170 2170 2170 2933 2271 2271 2256 2226 2198
    2198 2170 2170 2170 2170 2170 2908 2271 2271 2256 2226 2198 2198
    2170 2170 2170 2170 2170 2286 2271 2256 2241 2226 2212 2198 2170
    2170 2170 2170 2170 2286 2271 2256 2241 2226 2212 2184 2170 2156
    2156 2156 2170 2286 2271 2256 2241 2226 2212 2170 2156 2156 2156
    2156 2170 2286 2256 2241 2241 2226 2212 2156 2143 2143 2143 2156
    2170 2908 2241 2241 2241 2226 2212 2156 2143 2143 2143 2156 2156
    2883 2241 2241 2241 2226 2212 2170 2143 2143 2143 2156 2156 2883
    2256 2256 2241 2226 2198 2184 2170 2170 2170 2156 2156 2883 2271
    2256 2226 2212 2184 2170 2170 2170 2170 2170 2170 2883 2286 2256
    2226 2212 2170 2170 2156 2156 2170 2156 2156 2883 2286 2241 2226
    2212 2170 2156 2156 2156 2170 2156 2156 2883 2271 2226 2226 2212
    2170 2156 2156 2156 2156 2156 2156 2883 2271 2226 2226 2212 2170
    2156 2156 2156 2156 2156 2156 2256 2241 2241 2226 2212 2156 2156
    2156 2143 2143 2156 2156 2256 2241 2241 2226 2184 2156 2156 2143
    2143 2143 2143 2143 2271 2256 2241 2226 2184 2156 2156 2143 2143
    2143 2143 2143 2271 2241 2241 2226 2170 2156 2156 2143 2143 2143
    2143 2143 2883 2241 2241 2212 2170 2156 2143 2143 2143 2156 2143
    2143 2883 2241 2226 2212 2170 2156 2129 2129 2143 2143 2143 2143
    2241 2226 2226 2212 2156 2143 2129 2129 2129 2129 2143 2143 2241
    2226 2226 2198 2156 2143 2116 2116 2129 2129 2143 2143 2241 2226
    2226 2198 2170 2143 2116 2116 2129 2129 2129 2143 2226 2226 2226
    2184 2156 2143 2129 2129 2129 2129 2129 2143 2212 2212 2212 2184
    2156 2143 2129 2129 2129 2129 2143 2143 2184 2184 2198 2184 2156
    2156 2129 2129 2129 2143 2143 2143 2184 2184 2198 2170 2156 2143
    2143 2143 2143 2143 2143 2143 2184 2184 2198 2170 2156 2143 2129
    2129 2129 2143 2129 2129 2198 2198 2198 2170 2156 2129 2116 2116
    2129 2129 2129 2129 2212 2212 2198 2170 2156 2129 2116 2116 2129
    2129 2129 2129 2212 2212 2184 2170 2156 2129 2116 2116 2116 2129
    2129 2129 2212 2212 2184 2170 2156 2129 2116 2116 2116 2116 2116
    2116 2680 2212 2184 2170 2156 2129 2116 2116 2116 2116 2116 2116
    2212 2198 2184 2170 2156 2129 2116 2116 2116 2116 2116 2116 2212
    2198 2184 2170 2156 2129 2116 2116 2116 2116 2116 2116 2212 2198
    2184 2170 2143 2116 2116 2116 2116 2116 2116 2116 2212 2184 2170
    2170 2143 2116 2116 2103 2103 2116 2116 2116 2198 2184 2170 2170
    2143 2116 2116 2103 2103 2116 2116 2116 2184 2184 2170 2170 2156
    2129 2116 2116 2116 2116 2116 2116 2170 2170 2170 2170 2156 2129
    2116 2116 2116 2116 2116 2116 2170 2170 2184 2170 2143 2129 2116
    2116 2116 2116 2116 2116 2170 2170 2184 2170 2143 2129 2116 2116
    2103 2103 2103 2103 2184 2184 2170 2156 2143 2116 2116 2116 2103
    2103 2103 2103 2198 2184 2170 2156 2129 2116 2103 2103 2103 2103
    2103 2103 2184 2184 2170 2156 2116 2103 2103 2103 2103 2103 2103
    2103 2184 2184 2170 2129 2103 2090 2090 2090 2103 2103 2103 2103
    2184 2184 2170 2129 2103 2090 2090 2090 2090 2103 2103 2103 2170
    2170 2156 2129 2116 2103 2090 2090 2090 2103 2103 2103 2170 2170
    2156 2129 2103 2090 2090 2090 2103 2103 2103 2103 2170 2170 2156
    2129 2103 2090 2090 2090 2090 2103 2103 2103 2170 2170 2156 2129
    2103 2090 2090 2090 2090 2103 2103 2103 2170 2156 2156 2129 2090
    2090 2090 2078 2078 2090 2090 2090 2170 2156 2156 2129 2090 2090
    2090 2078 2078 2090 2090 2090 2170 2156 2156 2143 2103 2090 2078
    2078 2078 2078 2090 2090 2170 2156 2156 2143 2116 2078 2078 2078
    2078 2078 2078 2078 2170 1322 1322 1312 1307 1307 2078 2078 2078
    2078 2065 2065</data></Depth10351>
</opencv_storage>
