<?xml version="1.0"?>
<opencv_storage>
<Depth18129 type_id="opencv-matrix">
  <rows>101</rows>
  <cols>36</cols>
  <dt>w</dt>
  <data>
    4582 4522 4463 4463 4463 4405 4349 4349 4349 4349 0 0 0 0 0 0 0 0 0
    1214 1214 1214 1219 1219 1214 1214 1214 3903 3903 3903 3903 3948
    3948 3948 3948 3903 4582 4582 4582 4463 4463 4463 4349 4349 4349 0 0
    0 0 0 0 0 0 1223 1219 1219 1214 1214 1214 1214 1214 0 0 0 4041 4041
    4041 3994 3994 3948 3948 3948 4582 4582 4582 4582 1223 1223 0 1232 0
    0 0 0 0 0 0 0 0 1223 1223 1219 1219 1219 1214 1214 1214 1214 1219 0
    0 0 3994 3994 3994 3948 3948 3948 4582 4582 1227 1227 1223 1223 1227
    1232 1232 1232 0 0 0 0 0 0 1241 1223 1223 1219 1219 1219 1214 1214
    1214 1219 1219 0 0 3994 3994 3994 3994 3948 3948 3948 4645 4645 1227
    1227 1223 1223 1227 1223 1223 1223 1227 0 0 0 0 1232 1227 1219 1219
    1214 1214 1214 1210 1210 1210 1214 0 0 0 0 3994 3994 3994 3948 3948
    3948 1227 1227 1227 1227 1219 1219 1223 1223 1223 1223 1219 1219
    1219 1219 1219 1219 1219 1214 1210 1210 1206 1206 1206 1206 1206
    1206 0 0 0 0 3994 3994 3994 3948 3948 3903 1232 1227 1227 1227 1219
    1219 1223 1223 1223 1219 1219 1219 1214 1214 1214 1214 1214 1214
    1210 1206 1206 1206 1206 1206 1206 1202 1202 0 0 0 3994 3994 3994
    3994 3948 3903 1223 1223 1223 1223 1223 1223 1219 1219 1219 1219
    1219 1219 1214 1214 1214 1214 1214 1210 1210 1206 1206 1206 1206
    1206 1206 1202 1202 1202 0 0 0 3994 3994 3994 3948 3948 1219 1219
    1223 1223 1223 1223 1219 1219 1219 1219 1219 1219 1219 1214 1214
    1214 1214 1210 1210 1206 1206 1206 1206 1206 1206 1202 1202 1202 0 0
    0 4041 3994 3994 3948 3948 1219 1219 1223 1227 1227 1223 1219 1219
    1219 1219 1219 1219 1219 1219 1214 1214 1214 1214 1210 1210 1210
    1210 1210 1206 1206 1202 1202 1202 0 0 0 4041 3994 3994 3948 3948
    1223 1223 1227 1227 1227 1223 1223 1219 1219 1219 1219 1219 1219
    1219 1219 1214 1214 1214 1214 1214 1210 1206 1206 1206 1206 1202
    1202 1202 1202 0 4041 4041 3994 3994 3948 3948 1232 1227 1227 1227
    1227 1223 1223 1223 1219 1219 1219 1219 1219 1219 1219 1214 1214
    1214 1214 1214 1210 1206 1206 1206 1206 1206 1206 1206 0 0 0 3994
    3994 3994 3948 3948 1232 1227 1227 1227 1227 1223 1223 1223 1219
    1219 1219 1219 1219 1219 1219 1214 1214 1214 1214 1214 1210 1210
    1210 1206 1206 1206 1206 1206 0 0 0 3994 3994 3994 3994 3948 1232
    1227 1227 1227 1227 1223 1223 1219 1219 1219 1219 1219 1219 1214
    1214 1214 1214 1214 1214 1214 1214 1210 1210 1210 1206 1206 1206
    1206 0 0 0 3994 3994 3994 3994 3948 1232 1227 1227 1227 1227 1223
    1223 1219 1219 1219 1219 1219 1219 1214 1214 1214 1214 1214 1214
    1214 1214 1210 1210 1210 1210 1210 1206 1206 0 0 0 4041 3994 3994
    3994 3948 1232 1227 1227 1227 1227 1223 1223 1219 1219 1219 1219
    1219 1219 1214 1214 1214 1214 1214 1214 1214 1214 1214 1210 1210
    1210 1210 1206 1206 1206 0 3994 3994 3994 3994 3994 3948 1232 1227
    1227 1227 1227 1223 1223 1223 1223 1219 1219 1219 1219 1219 1214
    1214 1214 1214 1214 1214 1214 1214 1214 1214 1214 1210 1210 1210
    1210 0 3994 3994 3994 3994 3994 3994 1227 1227 1227 1227 1227 1223
    1223 1223 1223 1219 1219 1219 1219 1219 1214 1214 1214 1214 1214
    1214 1214 1214 1214 1210 1210 1210 1206 1206 1206 0 3948 3948 3948
    3994 3994 3994 1227 1227 1227 1227 1227 1227 1223 1223 1223 1223
    1223 1219 1219 1219 1219 1219 1214 1214 1214 1214 1214 1214 1210
    1210 1210 1210 1206 1206 1206 3948 3948 3948 3948 3994 3994 3994
    1227 1227 1232 1232 1227 1227 1223 1223 1223 1223 1223 1219 1219
    1219 1219 1219 1219 1219 1219 1219 1214 1214 1210 1210 1210 1210
    1210 1210 1210 3948 3948 3948 3948 3994 3994 3994 1227 1227 1232
    1232 1232 1227 1223 1223 1223 1223 1223 1223 1223 1219 1219 1219
    1219 1219 1219 1219 1214 1214 1210 1210 1210 1210 1210 1210 1210
    3948 3948 3948 3948 3994 3994 3994 1232 1232 1232 1232 1232 1232
    1227 1227 1223 1223 1223 1223 1223 1223 1219 1219 1219 1219 1219
    1219 1214 1214 1210 1210 1210 1210 1210 1210 0 3948 3948 3948 3948
    3994 3994 3994 1232 1232 1232 1232 1232 1232 1232 1227 1223 1223
    1223 1223 1223 1219 1219 1219 1219 1219 1219 1219 1214 1214 1214
    1214 1214 1210 1210 1210 0 3948 3948 3948 3948 3994 3994 3994 1236
    1232 1232 1227 1227 1232 1232 1227 1227 1223 1223 1223 1223 1219
    1219 1219 1219 1219 1219 1219 1214 1214 1214 1214 1214 1214 1214
    1214 1210 3994 3994 3948 3948 3994 3994 3994 1236 1232 1232 1227
    1227 1232 1232 1232 1227 1227 1223 1223 1223 1219 1219 1219 1219
    1219 1219 1219 1214 1214 1214 1214 1214 1214 1210 1210 1210 3994
    3994 3994 3994 3994 3994 3994 1236 1232 1232 1232 1232 1232 1227
    1227 1227 1227 1227 1227 1223 1219 1219 1219 1219 1219 1219 1219
    1214 1214 1214 1214 1214 1214 1210 1210 1210 0 3994 3994 3994 3994
    3994 3994 1236 1236 1232 1232 1232 1232 1227 1227 1227 1227 1227
    1227 1223 1219 1219 1219 1219 1219 1219 1219 1219 1214 1214 1214
    1214 1214 1210 1210 1210 0 3994 3994 3994 3994 3994 3994 1232 1232
    1232 1232 1232 1232 1227 1227 1227 1227 1227 1227 1223 1219 1219
    1219 1219 1219 1219 1219 1219 1214 1214 1214 1214 1214 1210 1210
    1210 1214 3948 3948 3948 3994 3994 3994 1232 1232 1232 1232 1232
    1232 1227 1227 1227 1227 1227 1227 1223 1219 1219 1219 1219 1219
    1219 1219 1219 1219 1214 1214 1214 1214 1214 1214 1214 1214 3948
    3948 3948 3994 3994 3994 1255 1232 1232 1232 1232 1232 1227 1227
    1227 1227 1227 1227 1223 1223 1223 1219 1219 1219 1219 1219 1219
    1219 1219 1214 1214 1214 1214 1214 1214 1214 0 3994 3994 3994 3994
    3994 1250 1232 1232 1232 1232 1232 1232 1232 1227 1227 1227 1227
    1223 1223 1223 1219 1219 1223 1219 1219 1219 1219 1219 1219 1214
    1214 1214 1214 1214 1214 0 4041 3994 3994 3994 3994 1250 1236 1232
    1232 1232 1232 1232 1232 1232 1227 1227 1227 1223 1223 1223 1223
    1223 1223 1219 1219 1219 1219 1219 1219 1219 1214 1214 1214 1214
    1214 3994 3994 3994 3994 3994 3994 1245 1232 1232 1232 1232 1232
    1232 1232 1232 1227 1227 1227 1227 1227 1227 1223 1223 1223 1219
    1219 1219 1219 1219 1214 1214 1214 1214 1214 1214 0 3994 3994 3994
    3994 3994 3994 1245 1232 1232 1232 1236 1232 1232 1232 1232 1227
    1227 1227 1227 1227 1227 1223 1223 1223 1219 1219 1219 1219 1219
    1214 1214 1214 1214 1214 1214 0 3994 3994 3994 3994 3994 3994 1232
    1232 1232 1232 1232 1232 1232 1232 1232 1232 1232 1227 1227 1232
    1227 1227 1223 1219 1219 1219 1219 1219 1219 1214 1214 1214 1214
    1214 1214 1214 3994 3994 3994 3994 3994 3994 1232 1232 1232 1232
    1232 1232 1232 1232 1232 1232 1232 1232 1232 1232 1227 1227 1223
    1219 1219 1223 1219 1219 1219 1214 1214 1214 1214 1214 1214 1214
    4041 4041 4041 3994 3994 3994 1232 1232 1232 1236 1236 1232 1232
    1232 1232 1232 1232 1232 1232 1232 1227 1227 1223 1219 1219 1219
    1219 1219 1219 1214 1214 1214 1214 1214 1214 1214 1214 4041 4041
    4041 4041 3994 1232 1232 1232 1236 1236 1232 1232 1232 1232 1232
    1232 1232 1232 1232 1232 1227 1223 1219 1219 1219 1219 1219 1219
    1219 1214 1214 1214 1214 1214 1214 0 4041 4041 4041 3994 3994 1232
    1232 1232 1236 1236 1232 1232 1232 1232 1232 1232 1232 1232 1232
    1232 1227 1223 1223 1219 1219 1219 1219 1219 1219 1214 1214 1219
    1214 1214 1214 0 3994 3994 3994 3994 3994 4190 1236 1236 1236 1236
    1232 1232 1232 1232 1232 1232 1232 1232 1232 1232 1227 1227 1223
    1219 1219 1219 1219 1219 1219 1219 1219 1219 1219 1219 1219 0 3994
    3994 3994 3994 3994 4190 1236 1236 1236 1236 1232 1232 1232 1232
    1232 1232 1227 1227 1232 1232 1227 1227 1223 1223 1219 1219 1219
    1219 1219 1219 1219 1219 1219 1219 0 0 0 3994 3994 3994 3994 4139
    1236 1236 1236 1236 1236 1236 1232 1232 1232 1232 1227 1227 1232
    1232 1232 1227 1227 1227 1223 1219 1219 1219 1219 1219 1219 1219
    1219 1219 1219 0 3994 3994 3948 3948 3994 4139 1232 1232 1236 1236
    1236 1236 1232 1232 1232 1232 1232 1232 1232 1232 1232 1227 1227
