<?xml version="1.0"?>
<opencv_storage>
<Depth2442 type_id="opencv-matrix">
  <rows>8</rows>
  <cols>21</cols>
  <dt>w</dt>
  <data>
    4983 5056 5132 5132 5132 5132 5132 5132 5210 5210 5210 5210 5210
    5210 5210 5210 5210 5291 5291 5291 5291 4983 5056 5132 5132 5132
    5132 5132 5132 5210 5210 5210 5210 5210 5210 5210 5210 5210 5291
    5291 5291 5291 5056 5056 5132 5132 5132 5132 5210 5210 5210 5210
    5210 5210 5210 5210 5210 5210 5210 5291 5291 5291 5291 5056 5132
    5132 5132 5132 5132 5132 5210 5210 5210 5210 5132 5132 5210 5210
    5210 5210 5291 5291 5291 5291 5056 5132 5132 5132 5132 5132 5132
    5132 5210 5132 5132 5132 5132 5210 5210 5210 5210 5291 5291 5291
    5291 5056 5132 5132 5132 5132 5132 5132 5132 5132 5132 5132 5132
    5210 5210 5210 5210 5210 5291 5291 5291 2028 5056 5132 5210 5132
    5132 5132 5132 5132 5132 5132 5132 5132 5210 5210 5210 5210 5210
    5291 5291 5291 2016 5056 5132 5210 5132 5132 5132 5132 5132 5132
    5132 5056 5056 5132 5210 5210 5291 5291 5291 5291 2005 2005</data></Depth2442>
</opencv_storage>
