<?xml version="1.0"?>
<opencv_storage>
<Depth5271 type_id="opencv-matrix">
  <rows>47</rows>
  <cols>34</cols>
  <dt>w</dt>
  <data>
    4582 4582 4645 4645 4645 4645 4645 4708 4774 4708 4708 4708 4645
    4645 4708 4774 4774 2170 2156 2156 2156 2156 2156 2156 2170 2198
    2198 2198 2198 2212 2212 2198 5132 5132 4582 4582 4582 4582 4582
    4645 2286 2286 2286 4708 4708 4708 4645 4645 4708 2198 2184 2170
    2156 2156 2156 2156 2156 2156 2170 2170 2170 2184 2184 2212 2212
    2198 2198 2198 4582 4582 4582 4582 4582 4645 2271 2271 2256 2226
    2226 2226 2212 2212 2198 2184 2184 2170 2170 2156 2156 2156 2156
    2156 2170 2170 2170 2184 2198 2212 2212 2198 2198 2198 4522 4522
    4522 4582 4582 4582 2271 2271 2226 2226 2226 2212 2212 2212 2198
    2170 2170 2170 2170 2156 2156 2156 2156 2156 2170 2184 2198 2198
    2198 2198 2198 2198 2198 2198 4522 4463 2271 2256 2241 2241 2226
    2226 2226 2226 2226 2212 2212 2212 2184 2170 2170 2170 2170 2156
    2156 2156 2156 2156 2170 2184 2184 2184 2198 2198 2198 2212 2212
    2212 4463 2271 2271 2256 2241 2241 2226 2226 2226 2226 2226 2212
    2212 2212 2184 2170 2170 2170 2170 2156 2156 2156 2156 2156 2170
    2184 2184 2184 2198 2198 2212 2212 2212 2212 2286 2271 2271 2271
    2256 2256 2241 2226 2226 2226 2226 2212 2212 2198 2184 2170 2170
    2170 2170 2156 2156 2156 2156 2156 2170 2170 2184 2184 2184 2184
    2198 2212 2212 2226 2286 2271 2271 2271 2256 2256 2241 2241 2226
    2226 2226 2212 2212 2198 2184 2170 2170 2170 2170 2156 2156 2156
    2156 2156 2170 2170 2170 2170 2184 2184 2198 2212 2212 2226 2271
    2271 2271 2271 2256 2256 2256 2241 2241 2226 2226 2212 2212 2198
    2184 2170 2170 2170 2170 2156 2156 2156 2156 2156 2170 2170 2170
    2170 2184 2198 2198 2212 2212 2226 2271 2271 2271 2256 2256 2256
    2241 2241 2226 2226 2226 2212 2212 2198 2184 2170 2170 2170 2170
    2170 2156 2156 2156 2156 2170 2170 2184 2184 2198 2198 2198 2212
    2212 2212 2271 2271 2271 2256 2256 2241 2241 2241 2226 2226 2226
    2212 2212 2198 2198 2184 2184 2170 2170 2156 2156 2156 2156 2156
    2170 2170 2184 2198 2198 2212 2212 2212 2212 2212 2271 2271 2271
    2256 2256 2241 2241 2241 2226 2226 2226 2212 2212 2198 2198 2184
    2184 2170 2170 2156 2156 2156 2156 2156 2170 2170 2184 2184 2198
    2212 2212 2212 2212 2212 2271 2271 2271 2256 2256 2241 2241 2241
    2226 2212 2212 2212 2212 2198 2198 2184 2184 2170 2156 2156 2156
    2156 2156 2156 2170 2170 2184 2184 2184 2198 2212 2212 2212 2212
    2271 2271 2271 2256 2256 2241 2241 2241 2226 2212 2212 2212 2212
    2212 2198 2184 2170 2156 2156 2156 2156 2156 2156 2170 2170 2170
    2184 2184 2184 2198 2212 2212 2212 2212 2271 2271 2271 2256 2256
    2241 2241 2241 2226 2226 2212 2212 2212 2212 2184 2184 2170 2156
    2156 2156 2156 2156 2156 2170 2170 2170 2170 2170 2198 2198 2212
    2212 2198 2198 2271 2271 2256 2256 2256 2241 2241 2241 2226 2226
    2212 2212 2212 2212 2184 2184 2170 2170 2156 2156 2156 2156 2156
    2170 2170 2170 2170 2170 2184 2184 2198 2212 2198 2198 2271 2256
    2256 2256 2256 2241 2241 2241 2226 2226 2212 2212 2212 2198 2184
    2184 2170 2170 2156 2156 2156 2156 2156 2170 2170 2170 2170 2170
    2184 2184 2198 2198 2198 2212 2271 2256 2256 2256 2256 2241 2241
    2226 2226 2226 2212 2212 2212 2184 2184 2184 2170 2170 2170 2170
    2156 2156 2156 2156 2156 2170 2170 2170 2184 2184 2198 2198 2198
    2212 2256 2256 2256 2256 2256 2256 2241 2226 2226 2212 2212 2212
    2212 2184 2184 2184 2170 2170 2170 2156 2156 2156 2156 2156 2156
    2170 2170 2184 2184 2184 2198 2198 2198 2212 2256 2256 2256 2256
    2256 2256 2241 2226 2226 2212 2212 2212 2212 2198 2198 2184 2170
    2170 2170 2156 2156 2156 2156 2156 2156 2170 2170 2184 2184 2184
    2198 2198 2198 2212 2271 2256 2256 2256 2256 2241 2241 2226 2226
    2212 2212 2212 2212 2198 2198 2184 2170 2170 2170 2156 2156 2156
    2156 2156 2156 2170 2170 2170 2198 2198 2198 2212 2212 2212 2271
    2256 2256 2256 2241 2241 2241 2226 2226 2226 2212 2212 2212 2212
    2212 2170 2170 2170 2170 2156 2156 2156 2156 2156 2156 2156 2170
    2170 2184 2198 2198 2212 2212 2212 2256 2256 2256 2256 2241 2241
    2241 2226 2226 2226 2212 2212 2212 2198 2198 2170 2170 2170 2170
    2156 2156 2156 2156 2156 2156 2156 2170 2170 2184 2198 2198 2212
    2212 2212 2256 2256 2256 2256 2241 2241 2241 2226 2226 2226 2212
    2212 2198 2198 2198 2170 2170 2170 2156 2156 2156 2156 2156 2156
    2156 2156 2156 2170 2170 2184 2198 2198 2212 2212 2256 2256 2256
    2256 2241 2241 2241 2226 2226 2212 2212 2198 2198 2198 2198 2170
    2170 2170 2156 2156 2156 2156 2156 2156 2156 2156 2156 2170 2170
    2184 2198 2198 2212 2212 2256 2256 2256 2256 2241 2241 2226 2226
    2226 2212 2212 2198 2198 2198 2184 2170 2170 2170 2156 2156 2156
    2156 2156 2156 2156 2170 2170 2170 2184 2184 2198 2198 2212 2212
    2256 2256 2256 2256 2241 2241 2226 2226 2226 2212 2212 2198 2198
    2198 2184 2170 2170 2170 2156 2156 2156 2143 2143 2156 2156 2170
    2170 2170 2184 2184 2198 2198 2212 2226 2271 2256 2256 2256 2241
    2241 2241 2226 2226 2212 2212 2212 2198 2198 2184 2170 2170 2156
    2156 2156 2156 2143 2143 2156 2156 2156 2170 2170 2184 2184 2198
    2212 2212 2226 2256 2256 2256 2256 2241 2241 2241 2241 2226 2226
    2212 2212 2212 2198 2184 2170 2170 2156 2156 2156 2156 2156 2156
    2156 2156 2156 2170 2170 2184 2184 2198 2198 2212 2212 2256 2256
    2256 2256 2241 2241 2241 2226 2226 2226 2212 2212 2212 2198 2184
    2170 2170 2156 2156 2156 2156 2156 2156 2156 2156 2170 2170 2170
    2184 2184 2198 2198 2198 5291 4522 2256 2256 2256 2241 2241 2256
    2226 2226 2226 2226 2212 2212 2198 2184 2170 2170 2156 2156 2156
    2156 2156 2156 2156 2156 2170 2170 2170 2184 2184 2198 2198 2198
    5291 4522 2256 2256 2256 2226 2226 2226 2226 2226 2226 2212 2212
    2212 2198 2184 2170 2170 2156 2156 2156 2156 2156 2156 2156 2156
    2170 2170 2170 2184 2184 2184 2198 2198 5210 2271 2256 2256 2256
    2226 2226 2226 2226 2226 2226 2212 2212 2212 2198 2184 2170 2170
    2170 2156 2156 2156 2156 2156 2156 2156 2170 2170 2170 2184 2184
    2184 2198 2198 5210 2256 2256 2256 2241 2241 2241 2226 2226 2226
    2212 2212 2212 2198 2198 2184 2170 2170 2170 2156 2156 2156 2156
    2156 2156 2156 2156 2170 2184 2184 2198 2198 2198 2198 2198 2256
    2256 2256 2241 2241 2241 2226 2226 2226 2212 2212 2212 2198 2184
    2184 2170 2170 2170 2156 2156 2156 2143 2143 2143 2143 2156 2170
    2184 2184 2198 2198 2198 2212 2212 2256 2256 2256 2256 2241 2241
    2226 2226 2226 2212 2212 2212 2198 2184 2170 2170 2170 2170 2156
    2156 2156 2143 2143 2143 2143 2156 2156 2170 2184 2198 2198 2198
    2212 2212 2271 2256 2256 2256 2241 2241 2226 2226 2226 2212 2212
    2212 2184 2184 2170 2170 2170 2170 2156 2156 2156 2143 2143 2143
    2143 2156 2156 2170 2184 2198 2212 2212 2212 2212 2271 2256 2256
    2256 2256 2241 2241 2241 2226 2212 2212 2212 2184 2184 2170 2170
    2170 2170 2156 2156 2156 2143 2143 2156 2156 2156 2156 2170 2184
    2198 2212 2212 2212 2212 2271 2271 2256 2256 2226 2226 2226 2226
    2226 2212 2212 2212 2198 2184 2184 2170 2170 2156 2156 2156 2156
    2156 2156 2156 2156 2156 2156 2170 2184 2212 2212 2212 2212 2212
    2271 2271 2256 2256 2226 2226 2226 2226 2226 2226 2212 2212 2198
    2184 2184 2170 2170 2156 2156 2156 2156 2156 2156 2156 2156 2156
    2156 2170 2184 2212 2212 2198 2198 2198 2271 2256 2256 2256 2241
    2226 2226 2226 2212 2212 2212 2212 2198 2184 2184 2170 2170 2156
    2156 2156 2156 2156 2156 2156 2156 2156 2156 2170 2184 2198 2198
    2198 2198 5291 2271 2256 2256 2256 2241 2226 2226 2212 2212 2212
    2212 2198 2184 2184 2184 2170 2170 2156 2156 2143 2143 2143 2143
    2143 2143 2156 2156 2170 2184 2198 2198 2198 2198 5291 2271 2271
    2271 2256 2241 2226 2226 2212 2212 2226 2226 2198 2184 2184 2184
    2184 2184 2170 2156 2143 2143 2143 2143 2143 2143 2156 2156 2170
    2184 2198 2198 2198 2212 5291 2256 2256 2271 2271 2241 2241 2226
    2212 2212 2226 2226 2212 2184 2184 2184 2212 2198 2184 2156 2143
