<?xml version="1.0"?>
<opencv_storage>
<Depth17259 type_id="opencv-matrix">
  <rows>118</rows>
  <cols>55</cols>
  <dt>w</dt>
  <data>
    3208 3208 3208 3208 3208 3208 3208 3178 3178 3120 3120 3120 3120
    3120 3120 3120 3120 3120 3120 3120 3092 3092 3092 3064 3064 3064 981
    973 973 970 970 970 970 970 967 967 964 962 962 964 964 946 943 943
    946 954 956 954 954 954 951 951 2933 2908 2908 3208 3208 3208 3208
    3208 3208 3208 3178 3149 3120 3120 3120 3120 3120 3092 3092 3120
    3120 3120 3120 3120 0 0 3064 3037 3037 981 973 970 970 970 970 967
    967 967 967 962 959 956 938 938 943 943 943 946 948 948 948 948 948
    948 951 951 951 951 3208 3208 3208 3208 3208 3208 3208 3178 3149
    3120 3120 3120 3092 3092 3092 3092 3120 3120 3149 0 0 0 0 0 3037
    3037 3037 3037 970 970 970 970 967 967 967 967 959 959 956 938 938
    938 938 0 0 948 948 948 948 948 948 951 951 951 951 3208 3208 3208
    3208 3178 3178 3178 3178 3178 3120 3120 3120 3092 3092 3092 3092
    3120 0 0 0 0 0 0 0 0 0 0 0 0 0 0 0 0 967 967 967 959 959 0 938 938
    938 938 0 0 0 0 0 0 0 956 948 948 948 948 3208 3208 3208 3208 3178
    3120 3120 3120 3120 3149 3120 3120 3092 3092 3092 0 0 0 0 0 0 0 0 0
    0 0 0 0 0 0 0 0 0 0 0 0 0 0 0 0 0 0 0 0 0 0 0 0 0 928 948 948 946
    946 946 3208 3238 3238 3208 3178 3120 3120 3120 3120 3149 3149 3149
    3149 3149 776 0 0 0 0 0 0 0 0 0 0 0 0 0 0 767 0 0 0 0 0 0 0 0 0 0 0
    0 0 0 0 0 0 0 0 0 928 928 943 943 0 3238 789 789 789 787 785 783 783
    783 783 781 780 0 0 0 0 0 0 0 0 0 0 0 0 0 0 767 767 767 767 767 767
    0 0 0 0 0 0 0 0 0 0 0 0 0 0 0 0 0 925 925 928 930 943 0 790 789 789
    789 787 785 783 783 783 783 781 780 778 776 776 0 0 771 769 767 767
    0 0 0 0 0 762 762 766 767 767 767 767 0 0 0 0 0 0 0 0 0 0 0 0 0 0 0
    0 920 920 928 930 0 0 790 790 789 789 785 783 781 781 783 781 781
    780 778 776 776 776 774 771 769 764 764 762 762 762 762 762 762 762
    762 767 767 755 755 755 0 0 0 0 0 0 0 0 0 0 0 0 0 896 896 910 918
    928 930 938 0 790 790 789 787 785 783 781 781 783 781 780 778 776
    776 776 776 774 771 769 764 764 762 762 762 762 761 761 759 757 757
    755 755 754 754 755 0 0 0 790 790 794 0 0 0 0 0 0 896 896 910 910
    928 933 938 0 790 790 789 785 783 781 781 781 783 781 780 778 776
    776 776 774 774 771 769 766 766 766 764 764 762 761 761 759 757 757
    755 754 754 754 754 755 0 0 790 790 794 805 0 0 0 869 869 869 906
    908 910 930 935 938 0 790 790 789 785 783 781 781 781 783 781 781
    780 778 776 776 774 773 771 769 767 767 766 766 764 762 761 759 757
    757 757 755 754 754 754 754 755 0 796 796 796 802 805 811 0 0 864
    864 864 906 906 908 930 935 940 0 790 790 789 789 785 783 781 781
    783 781 781 780 778 776 776 774 773 771 769 769 767 767 766 764 762
    761 759 757 757 757 755 754 754 754 754 755 755 796 796 796 798 805
    811 833 858 860 862 862 906 906 908 935 935 943 0 792 790 790 789
    787 783 781 781 783 781 781 780 778 776 776 774 773 771 769 769 769
    767 766 764 762 761 759 759 757 757 755 754 754 754 754 755 755 794
    794 794 798 813 815 827 858 860 862 862 906 906 908 930 940 943 946
    792 790 790 789 789 785 783 783 783 783 781 781 780 778 776 774 773
    771 771 769 769 769 767 766 762 762 761 761 759 757 755 754 754 754
    754 755 755 789 789 790 792 813 817 823 854 860 862 864 871 908 913
    930 943 946 946 792 792 790 790 789 787 785 785 783 783 781 780 778
    778 776 776 774 773 771 769 769 769 767 766 764 762 761 761 759 757
    755 754 754 754 755 757 757 789 789 790 792 817 819 823 851 858 864
    867 871 908 913 928 946 946 946 792 792 790 790 789 787 787 787 785
    783 781 780 778 776 776 776 774 773 771 771 769 769 767 766 766 762
    761 761 759 757 755 754 754 755 755 757 757 787 787 789 809 815 817
    821 851 858 864 869 873 908 913 928 943 946 946 792 792 792 790 789
    787 787 787 785 783 781 780 778 776 776 776 774 773 773 771 769 769
    767 766 764 762 762 761 759 757 755 755 755 755 755 757 761 787 787
    789 809 815 817 821 854 858 867 871 906 908 908 928 940 943 948 792
    792 792 792 789 787 787 787 785 783 781 780 778 776 776 776 774 773
    773 771 769 769 767 766 764 762 762 761 761 759 755 755 755 755 757
    759 761 785 789 803 807 813 819 825 831 860 867 906 906 908 908 928
    938 943 948 792 792 792 792 789 787 785 785 785 783 781 780 778 776
    776 776 774 774 773 773 771 769 767 766 764 762 762 761 761 759 757
    755 755 755 757 759 761 785 790 790 805 813 823 827 831 862 867 906
    906 908 915 925 938 940 0 794 790 790 790 789 787 785 785 785 783
    781 781 780 778 776 776 776 774 773 771 771 769 767 766 764 762 762
    761 761 759 757 755 755 755 759 759 762 785 790 790 802 815 825 829
    831 862 869 896 903 908 913 925 938 940 0 787 787 790 790 789 787
    787 787 785 785 783 781 780 778 776 776 776 774 773 771 771 769 767
    767 764 762 762 761 761 759 757 755 755 757 759 759 783 783 792 792
    800 819 827 829 831 843 875 896 903 906 910 940 940 940 0 787 787
    790 790 789 787 787 787 785 785 783 781 780 778 776 776 776 774 774
    773 771 769 769 767 766 764 762 762 761 759 757 755 755 757 757 757
    783 783 796 796 798 827 827 831 835 843 875 903 903 906 910 940 940
    943 0 0 792 792 792 789 789 787 787 785 785 783 781 781 778 776 776
    776 774 774 773 771 771 769 767 766 764 762 762 761 759 757 757 757
    757 757 757 757 796 796 796 798 827 827 833 839 845 862 862 903 908
    910 943 946 946 0 792 792 792 792 790 789 787 787 787 785 783 781
    781 780 778 776 776 774 774 773 771 771 769 767 767 766 762 762 761
    761 759 757 757 757 755 755 776 776 796 796 796 825 825 833 839 843
    862 862 906 910 910 943 946 948 0 792 792 792 792 792 789 787 787
    787 785 783 783 781 780 780 778 776 774 774 773 771 769 767 767 767
    766 762 762 761 761 759 757 757 757 755 755 774 774 798 798 813 813
    825 835 839 843 864 864 908 910 910 935 943 948 0 792 792 792 792
    792 789 787 787 787 783 783 783 781 781 780 780 776 774 774 773 771
    769 767 767 767 766 764 762 761 761 761 757 757 757 759 769 774 778
    790 790 813 813 819 860 860 860 867 867 908 910 913 935 943 948 0
    792 792 792 792 790 789 787 787 787 783 783 783 783 781 780 780 776
    774 774 773 771 769 767 767 767 766 764 762 762 761 761 757 757 757
    759 766 773 778 789 789 819 819 819 862 860 860 869 869 908 908 910
    943 943 948 0 792 792 794 792 790 789 787 787 787 785 783 783 783
    781 780 776 776 774 774 773 771 769 769 767 767 766 764 762 762 761
    761 759 757 757 761 764 773 778 787 789 821 821 821 858 858 858 869
    871 908 908 910 943 943 948 0 792 792 794 792 790 789 787 787 787
    785 783 783 783 781 780 776 776 776 774 774 773 771 769 767 767 767
    766 762 762 761 761 759 759 759 761 764 778 787 787 821 821 821 821
    858 856 856 871 908 910 910 935 940 946 946 0 792 792 794 792 790
    789 787 787 787 785 785 783 783 781 781 778 776 776 774 774 774 773
    771 769 767 767 767 762 762 762 761 759 759 759 761 764 764 789 789
    789 817 817 829 847 856 856 867 906 910 910 935 940 943 948 0 794
    794 794 792 790 789 789 789 789 787 785 783 783 781 781 780 778 776
    774 774 774 773 771 769 769 769 767 766 762 762 761 761 761 761 761
    764 764 789 789 809 809 811 833 847 864 864 867 906 908 908 935 940
    943 948 0 796 794 794 794 790 789 789 789 790 789 785 783 783 781
    781 780 778 776 774 774 774 774 773 769 769 769 767 767 762 762 762
    761 761 761 761 764 778 783 789 809 809 811 825 847 864 864 864 903
    906 906 938 943 943 948 0 796 796 796 794 792 789 789 789 790 789
    787 785 783 783 781 780 778 776 776 774 774 774 773 771 769 769 767
    764 762 762 762 761 761 761 761 764 776 783 796 809 809 813 825 825
    864 864 864 903 906 906 918 943 943 954 0 796 796 796 794 792 789
    789 789 789 789 787 785 783 783 781 780 778 776 776 774 774 774 773
    771 769 769 767 764 762 762 762 761 761 761 761 764 776 783 792 792
    811 817 825 825 867 864 864 867 908 908 918 940 940 0 0 796 796 796
