<?xml version="1.0"?>
<opencv_storage>
<Depth14606 type_id="opencv-matrix">
  <rows>60</rows>
  <cols>49</cols>
  <dt>w</dt>
  <data>
    4774 4842 4911 4911 4911 4842 4842 4842 4774 4774 4911 4842 4842
    4911 4911 4911 4983 4983 4983 4983 4983 4983 4911 4842 4842 4842
    1624 1624 1616 1616 1616 1624 1624 1632 1632 4522 4463 1594 1586
    1586 1579 1579 1579 4295 4295 4295 4349 4349 4349 4842 4842 4911
    4842 4842 4911 4911 4774 4774 4774 4911 4842 1663 1663 1663 1663
    1663 1663 1655 1655 1647 1647 1632 1632 1632 1632 1624 1624 1616
    1616 1616 1616 1616 1616 1609 1609 1594 1594 1586 1586 1579 1579
    1579 4295 4295 4295 4295 4349 4405 1696 4842 4911 4842 4842 4842
    1680 1680 1680 1680 1671 1671 1663 1663 1663 1655 1655 1655 1655
    1647 1647 1647 1632 1624 1624 1624 1624 1624 1616 1616 1616 1616
    1609 1609 1601 1601 1594 1594 1594 1586 1586 1586 1586 4295 4295
    4295 4295 4349 4405 1696 1696 1696 1696 1688 1688 1688 1680 1680
    1680 1671 1671 1671 1663 1663 1647 1647 1647 1647 1647 1647 1647
    1632 1624 1624 1624 1624 1624 1616 1616 1616 1609 1609 1601 1601
    1601 1594 1594 1594 1586 1586 1586 1586 1586 4295 4295 4295 4349
    4405 1696 1696 1696 1688 1688 1680 1680 1680 1680 1680 1680 1671
    1671 1663 1655 1647 1647 1647 1647 1647 1647 1647 1632 1624 1624
    1624 1624 1624 1616 1616 1616 1609 1609 1601 1601 1594 1594 1594
    1594 1586 1586 1586 1586 1586 1586 4349 4295 4295 4349 1705 1696
    1696 1688 1688 1680 1680 1680 1680 1680 1680 1671 1671 1663 1655
    1655 1655 1647 1647 1647 1647 1639 1639 1632 1624 1624 1624 1624
    1616 1616 1609 1609 1609 1601 1601 1594 1594 1594 1594 1594 1586
    1586 1579 1579 1579 4349 4295 4295 4349 1705 1705 1696 1688 1688
    1680 1680 1680 1680 1680 1680 1671 1671 1663 1655 1655 1655 1647
    1647 1647 1647 1639 1639 1632 1632 1624 1624 1624 1616 1616 1609
    1609 1609 1601 1601 1594 1594 1594 1594 1594 1586 1586 1579 1579
    1579 4295 4295 4295 4349 1705 1705 1696 1688 1688 1680 1680 1680
    1680 1680 1680 1680 1671 1663 1655 1655 1655 1647 1647 1647 1647
    1647 1639 1632 1632 1624 1624 1624 1624 1616 1616 1616 1609 1601
    1601 1594 1594 1594 1594 1594 1586 1579 1579 1579 1579 4295 4295
    4295 4349 1713 1705 1705 1696 1688 1680 1680 1680 1680 1680 1680
    1680 1671 1663 1655 1655 1655 1655 1655 1647 1647 1639 1639 1632
    1632 1632 1624 1624 1616 1616 1616 1616 1609 1601 1601 1594 1594
    1594 1594 1594 1586 1579 1579 1579 1579 4295 4295 4295 4349 1705
    1705 1705 1696 1688 1680 1680 1680 1680 1680 1680 1680 1671 1671
    1655 1655 1655 1655 1655 1647 1647 1639 1639 1632 1632 1632 1624
    1624 1616 1616 1616 1609 1609 1601 1601 1594 1594 1594 1594 1594
    1586 1586 1579 1579 1579 4349 4349 4349 4349 1705 1696 1696 1696
    1688 1680 1680 1688 1680 1680 1680 1680 1671 1671 1663 1655 1655
    1655 1655 1655 1647 1647 1639 1632 1632 1632 1624 1624 1624 1616
    1609 1609 1601 1601 1601 1594 1594 1594 1594 1594 1594 1586 1579
    1579 1579 4405 4349 4349 4349 1688 1688 1688 1696 1696 1688 1688
    1688 1680 1680 1680 1680 1671 1671 1663 1655 1655 1655 1655 1655
    1647 1647 1647 1632 1632 1632 1624 1624 1624 1616 1609 1609 1601
    1601 1601 1594 1594 1594 1594 1594 1594 1586 1586 1586 1586 4405
    4349 4349 4349 4708 1688 1688 1696 1696 1696 1688 1688 1680 1680
    1680 1680 1671 1671 1663 1655 1655 1655 1655 1655 1647 1647 1647
    1639 1632 1632 1624 1624 1616 1616 1616 1609 1609 1601 1601 1601
    1601 1594 1594 1586 1586 1586 1586 1586 1586 4349 4349 4349 4349
    1671 1671 1688 1696 1696 1696 1696 1688 1688 1680 1680 1680 1671
    1671 1671 1655 1655 1655 1655 1655 1647 1647 1639 1639 1632 1624
    1624 1624 1616 1616 1616 1609 1609 1609 1609 1609 1601 1594 1586
    1586 1586 1586 1586 1586 1586 4349 4349 4349 4349 1671 1671 1688
    1688 1688 1688 1688 1688 1688 1680 1680 1680 1671 1663 1663 1655
    1655 1655 1655 1655 1647 1647 1639 1639 1632 1624 1624 1624 1616
    1616 1616 1616 1609 1609 1609 1609 1609 1594 1586 1586 1586 1586
    1586 1572 1572 1572 4405 4405 4349 4645 1688 1688 1688 1688 1688
    1688 1688 1688 1688 1680 1680 1680 1663 1663 1655 1655 1655 1647
    1647 1647 1647 1639 1632 1632 1624 1624 1616 1616 1616 1616 1616
    1616 1609 1609 1601 1601 1601 1586 1586 1586 1586 1586 1572 1572
    1572 4405 4405 4349 1705 1705 1688 1688 1680 1680 1680 1688 1688
    1688 1688 1680 1680 1663 1663 1655 1655 1655 1647 1647 1647 1647
    1639 1632 1632 1624 1624 1616 1616 1616 1616 1616 1616 1609 1609
    1601 1601 1594 1594 1594 1594 1594 1586 1572 1572 1572 4405 4405
    4349 1705 1705 1696 1688 1680 1680 1680 1688 1688 1688 1680 1680
    1680 1663 1663 1655 1655 1655 1647 1647 1647 1647 1639 1632 1632
    1632 1624 1624 1616 1616 1616 1616 1616 1609 1609 1601 1594 1594
    1594 1594 1594 1586 1586 1579 1579 1601 1601 4405 4349 1713 1713
    1696 1688 1688 1680 1680 1688 1688 1680 1680 1680 1680 1663 1663
    1655 1655 1655 1647 1647 1647 1647 1639 1632 1632 1632 1624 1624
    1624 1616 1616 1616 1616 1609 1601 1601 1594 1594 1594 1594 1586
    1586 1586 1586 1586 1601 1601 4405 4349 4774 1713 1705 1696 1688
    1688 1688 1688 1688 1680 1680 1680 1680 1671 1663 1655 1655 1655
    1655 1655 1647 1647 1639 1632 1632 1632 1632 1624 1624 1616 1616
    1616 1616 1616 1601 1601 1594 1594 1594 1586 1586 1586 1586 1586
    1586 1586 4405 4405 4405 4774 4774 1696 1696 1696 1688 1688 1688
    1688 1680 1680 1680 1680 1671 1671 1655 1655 1655 1655 1655 1647
    1647 1639 1639 1639 1632 1632 1624 1624 1616 1616 1616 1616 1609
    1609 1601 1594 1594 1594 1586 1586 1586 1586 1586 1586 1586 4405
    4405 4405 4774 0 1696 1696 1696 1688 1688 1688 1688 1680 1680 1680
    1680 1680 1671 1663 1655 1655 1655 1647 1647 1647 1647 1647 1647
    1632 1632 1624 1624 1616 1616 1616 1609 1609 1609 1601 1594 1594
    1594 1586 1586 1586 1579 1579 1579 1579 4405 4405 4405 4774 1705
    1696 1696 1696 1696 1696 1688 1688 1680 1680 1680 1680 1671 1671
    1663 1655 1655 1655 1647 1647 1647 1647 1647 1639 1624 1624 1624
    1624 1616 1616 1616 1609 1609 1609 1601 1601 1601 1594 1594 1586
    1586 1579 1579 1579 1594 1594 4349 4349 4774 1705 1705 1696 1696
    1688 1688 1688 1688 1680 1680 1680 1680 1671 1671 1663 1655 1655
    1655 1647 1647 1647 1647 1647 1639 1624 1624 1624 1624 1616 1616
    1616 1609 1609 1601 1601 1601 1594 1594 1586 1586 1579 1579 1579
    1579 1594 1594 4349 4349 4774 1696 1696 1688 1688 1688 1688 1688
    1688 1680 1680 1680 1671 1663 1663 1655 1655 1655 1655 1655 1647
    1647 1647 1647 1639 1624 1624 1624 1624 1616 1616 1616 1609 1609
    1601 1601 1601 1594 1594 1586 1586 1579 1579 1586 1586 1586 4349
    4349 4349 4774 4774 1696 1680 1680 1688 1688 1688 1688 1680 1680
    1680 1671 1663 1663 1655 1655 1655 1655 1655 1647 1647 1647 1639
    1639 1632 1624 1624 1624 1624 1616 1616 1616 1609 1609 1609 1601
    1594 1594 1586 1586 1586 1586 1586 1586 1586 4405 4405 4349 4708
    4708 1696 1680 1680 1688 1688 1688 1688 1680 1680 1680 1680 1663
    1663 1655 1655 1655 1655 1655 1647 1647 1647 1639 1639 1632 1624
    1624 1624 1624 1616 1616 1616 1616 1609 1609 1601 1594 1586 1586
    1586 1586 1586 1586 1586 1586 4405 4349 4349 4708 4708 1688 1688
    1680 1680 1688 1688 1688 1680 1680 1680 1680 1671 1663 1655 1655
    1655 1655 1655 1655 1647 1647 1639 1632 1632 1624 1624 1624 1624
    1616 1616 1616 1616 1609 1609 1601 1594 1586 1586 1586 1586 1586
    1586 1586 1586 4405 4349 4349 4774 4774 1688 1688 1680 1680 1688
    1688 1688 1688 1680 1680 1680 1671 1663 1655 1655 1655 1647 1647
    1647 1647 1647 1639 1632 1632 1624 1624 1624 1624 1616 1616 1616
    1616 1616 1609 1601 1594 1594 1586 1586 1586 1586 1586 1586 1586
    4349 4349 4349 4774 4774 1688 1688 1688 1688 1688 1688 1688 1688
    1680 1680 1671 1671 1663 1655 1655 1647 1647 1647 1647 1647 1647
    1639 1632 1632 1632 1624 1624 1616 1616 1616 1616 1616 1609 1609
    1601 1594 1594 1594 1586 1586 1586 1586 1586 1586 4349 4349 4349
