<?xml version="1.0"?>
<opencv_storage>
<Depth3950 type_id="opencv-matrix">
  <rows>155</rows>
  <cols>146</cols>
  <dt>w</dt>
  <data>
    6889 6889 6889 6889 6889 6889 6889 6889 6889 6889 6889 6889 6889
    7030 7030 7030 7030 7030 7030 6889 6889 6889 7030 7030 7030 7030
    7030 7030 580 580 579 579 579 581 7178 7178 7178 7030 7030 7030 7030
    0 0 0 0 7030 7030 0 0 0 0 0 0 0 7492 7492 7492 7492 7492 7492 7492
    7332 7332 7332 7332 7332 7332 7332 7332 7332 7332 7178 7030 7030
    7030 7332 7332 7332 7178 7030 6889 6889 6889 6889 6889 6889 6889
    6753 6497 6497 6497 6375 6375 6375 6259 6259 6146 6038 6038 6038
    6038 5933 5933 5933 5832 5832 5734 5734 5640 5640 5548 5548 5548
    5460 5460 5460 5374 5291 5291 5291 5210 5210 5056 5056 5132 4983
    4983 4983 4911 4911 4842 4842 4774 4708 4708 4708 4645 4582 4522
    4522 4522 4522 4463 4463 4463 4463 7030 6889 6889 6889 6889 6889
    6889 6889 6889 6889 6889 6889 6889 7030 7030 7030 7030 7030 7030
    7030 7030 7030 7030 7030 7030 7178 7178 7030 580 580 579 579 579 580
    580 7178 7178 7178 7178 7178 0 0 0 0 0 0 0 0 0 0 0 0 0 0 0 7492 7492
    7492 7492 7492 7332 7332 7332 7332 7332 7332 7332 7332 7332 7332
    7332 7178 7030 7030 7030 7178 7332 7332 7178 7178 7030 7030 7030
    7030 6889 6889 6889 6753 6753 6497 6497 6497 6497 6375 6259 6259
    6146 6146 6038 6038 5933 5933 5933 5933 5933 5832 5832 5734 5640
    5640 5548 5548 5548 5460 5460 5460 5460 5374 5291 5291 5210 5210
    5132 5132 5056 5056 5056 4983 4911 4911 4911 4911 4774 4708 4708
    4708 4708 4582 4522 4522 4522 4522 4463 4463 4463 4463 7030 6889
    6889 7030 7030 6889 6889 6889 6889 6889 6889 7030 7030 7030 7030
    7030 7178 7178 7178 7178 7178 7030 7030 7178 7178 7178 7178 580 580
    580 579 579 579 579 579 7178 7178 7178 7178 0 0 0 0 0 0 0 0 0 0 0 0
    0 0 0 0 0 7492 7492 7492 7332 7332 7332 7332 7332 7332 7332 7332
    7332 7332 7332 7332 7178 7030 7030 7030 7178 7332 7178 7178 7178
    7030 7030 7030 7030 7030 6889 6889 6889 6753 6622 6622 6497 6497
    6497 6375 6375 6375 6259 6259 6038 5933 5933 5933 5933 5933 5832
    5832 5734 5640 5640 5640 5548 5548 5460 5460 5460 5460 5460 5291
    5291 5210 5210 5132 5132 5056 5056 5056 4983 4911 4911 4911 4911
    4774 4708 4708 4708 4708 4645 4582 4582 4522 4463 4463 4463 4463
    4463 7030 7030 7030 7030 7030 7030 7030 6889 6889 6889 6889 7030
    7178 7030 7030 7178 7178 7178 7332 7332 7178 7030 7030 7030 7178
    7178 7178 580 580 580 579 579 579 576 576 7178 7178 7178 7178 0 0 0
    0 0 0 0 0 0 0 0 0 0 0 0 0 0 0 7492 7178 7178 7178 7332 7332 7332
    7332 7332 7332 7332 7332 7332 7332 7178 7178 7178 7178 7332 7332
    7178 7178 7178 7030 7030 7030 7030 7030 7030 6889 6889 6889 6753
    6622 6497 6497 6497 6375 6375 6375 6259 6259 6146 6038 5933 5933
    5933 5933 5832 5832 5832 5734 5734 5640 5640 5548 5548 5548 5548
    5460 5460 5374 5291 5291 5210 5210 5210 5132 5056 5056 5056 4983
    4983 4911 4911 4774 4708 4708 4708 4708 4708 4645 4582 4522 4463
    4463 4463 4463 4463 7030 7030 7030 7030 7030 7030 7030 7030 6889
    6889 6889 7030 7030 7030 7030 7178 7332 7332 7332 7332 7178 7030
    7030 7030 7030 7178 580 580 580 579 578 577 577 575 575 7178 7178
    7178 7178 0 0 0 0 0 0 0 0 0 0 0 0 0 0 0 0 0 0 0 7178 7178 7178 7332
    7332 7492 7492 7492 7332 7332 7332 7332 7332 7178 7178 7178 7178
    7332 7332 7332 7178 7178 7030 7030 7030 7030 7030 7030 6889 6889
    6889 6753 6753 6622 6622 6497 6375 6375 6375 6375 6259 6259 6038
    6038 5933 5933 5933 5933 5832 5832 5832 5734 5640 5640 5640 5548
    5548 5548 5460 5460 5374 5291 5291 5210 5210 5210 5132 5132 5132
    5056 4983 4983 4983 4911 4774 4708 4708 4708 4708 4708 4708 4645
    4522 4522 4463 4463 4463 4463 6889 6889 7030 6889 6889 7030 7030
    7030 7030 7030 6889 6889 6889 6889 7030 7178 7332 7332 7332 7332
    7178 7178 7178 7030 7030 7030 580 580 580 578 577 576 576 573 573
    7178 7178 7030 7030 0 0 0 0 0 0 0 0 0 0 0 0 0 0 0 0 0 0 0 7030 7030
    7178 7332 7332 7492 7492 7492 7332 7332 7332 7332 7332 7332 7178
    7178 7178 7332 7332 7332 7178 7178 7178 7030 7030 7030 7030 7030
    6889 6889 6889 6889 6753 6622 6497 6497 6497 6375 6375 6375 6375
    6259 6146 6038 6038 5933 5933 5933 5933 5832 5832 5734 5734 5734
    5640 5640 5640 5548 5548 5460 5374 5291 5291 5210 5210 5210 5210
    5132 5132 5132 5056 5056 4983 4911 4842 4774 4774 4708 4708 4708
    4708 4708 4645 4522 4522 4463 4463 4463 6889 6889 6889 6889 6889
    7030 7030 7178 7178 0 0 0 6889 6889 7030 7178 7332 0 0 0 0 0 7030
    7030 7030 7030 580 579 578 577 575 575 571 571 572 7178 7178 7030
    7030 0 0 0 0 0 0 0 0 0 0 0 0 0 0 0 0 0 0 0 7030 7030 7178 7332 7332
    7332 7332 7332 7332 7332 7332 7332 7332 7332 7178 7178 7178 7178
    7178 7332 7332 7332 7178 7178 7178 7178 7178 7030 7030 6889 6889
    6889 6753 6622 6497 6497 6497 6375 6375 6375 6375 6259 6146 6038
    6038 6038 6038 6038 6038 5933 5832 5734 5734 5734 5734 5640 5640
    5548 5548 5460 5374 5374 5374 5291 5210 5210 5210 5132 5132 5132
    5056 5056 5056 4983 4911 4774 4774 4708 4708 4708 4708 4708 4645
    4645 4582 4582 4582 4582 7030 7030 6889 6889 6889 7030 7030 7030
    7030 0 0 0 0 0 7332 7332 7332 0 0 0 0 0 0 572 575 575 575 576 575
    575 574 572 571 571 571 7178 7178 7178 7178 0 0 0 0 0 0 0 0 0 0 0 0
    0 0 0 0 0 0 0 0 7178 7178 7332 7332 7332 7332 7332 7332 7332 7332
    7178 7178 7178 7178 7178 7178 7178 7178 7332 7332 7332 7178 7178
    7178 7178 7178 7030 7030 6889 6889 6889 6753 6622 6497 6497 6497
    6375 6375 6375 6375 6375 6259 6146 6146 6038 6038 6038 6038 5933
    5832 5832 5734 5734 5734 5734 5734 5640 5548 5460 5374 5374 5374
    5291 5291 5291 5210 5210 5132 5132 5056 5056 5056 4983 4911 4842
    4774 4708 4708 4708 4645 4645 4708 4645 4582 4582 4522 4522 7030
    6889 6889 6889 6889 6889 6889 6889 7178 0 0 0 0 0 0 0 0 0 0 0 571
    572 572 572 572 572 573 575 575 575 573 572 571 571 571 571 7332
    7332 0 0 0 0 0 0 0 0 0 0 0 0 0 0 0 0 0 0 0 0 0 0 7332 7332 7332 7332
    7332 7332 7332 7332 7332 7178 7178 7178 7178 7178 7178 7178 7332
    7332 7332 7332 7178 7178 7178 7030 7030 7030 7030 6889 6889 6889
    6753 6622 6622 6497 6497 6497 6375 6375 6375 6375 6259 6259 6146
    6146 6146 6038 6038 5933 5933 5832 5734 5734 5734 5734 5734 5640
    5548 5548 5460 5374 5374 5374 5291 5291 5291 5210 5132 5056 5056
    5056 5056 4983 4911 4911 4774 4708 4708 4645 4645 4645 4708 4582
    4582 4522 4522 4522 6889 6889 6889 6889 6889 6889 6889 6889 7178 0 0
    0 0 0 0 0 0 0 0 0 571 571 571 571 571 572 571 571 575 573 572 571
    570 570 571 571 0 0 0 0 0 0 0 0 0 0 0 0 0 0 0 0 0 0 0 0 0 0 0 0 0
    7332 7332 7332 7332 7332 7332 7332 7332 7178 7178 7178 7178 7178
    7332 7332 7332 7332 7332 7332 7178 7178 7178 7030 7030 7030 7030
    7030 6889 6889 6753 6753 6622 6497 6497 6497 6375 6375 6375 6375
    6375 6375 6259 6146 6146 6038 6038 5933 5933 5933 5734 5734 5734
    5734 5734 5640 5640 5548 5460 5374 5374 5374 5374 5374 5291 5210
    5210 5056 5056 4983 4983 4983 4911 4911 4774 4774 4774 4645 4645
    4645 4842 4582 4582 4522 4522 4522 6889 6889 6889 6889 6889 6889
    6889 6889 0 0 0 0 0 0 0 0 0 0 0 0 0 571 571 571 571 571 571 571 572
    571 571 571 570 570 571 571 572 0 0 0 0 0 0 0 0 0 0 0 0 0 0 0 0 0 0
    0 0 0 0 0 0 7332 7332 7178 7178 7332 7332 7332 7332 7332 7332 7332
    7332 7332 7332 7332 7332 7332 7332 7332 7178 7178 7178 7030 7030
    7030 7030 7030 7030 6889 6889 6753 6753 6622 6497 6497 6497 6375
    6375 6375 6375 6375 6259 6146 6146 6038 6038 5933 5933 5933 5832
    5734 5734 5640 5640 5640 5640 5548 5548 5460 5374 5374 5374 5374
    5291 5210 5210 5056 5056 4983 4911 4911 4911 4911 4983 4983 4911
    4911 4842 4842 4774 4708 4645 4582 4582 4522 6889 6889 7030 6889
    6889 6889 6889 0 0 0 0 0 0 0 0 0 0 0 0 0 572 571 571 572 572 571 571
    571 571 571 571 571 571 571 572 572 572 572 0 0 0 0 0 0 0 0 0 0 0 0
    0 0 0 0 0 0 0 0 0 0 0 0 7492 7178 7178 7332 7332 7332 7332 7332 7332
