<?xml version="1.0"?>
<opencv_storage>
<Depth1479 type_id="opencv-matrix">
  <rows>109</rows>
  <cols>64</cols>
  <dt>w</dt>
  <data>
    3859 3816 3816 3774 3732 3692 3692 3774 3774 3732 3732 3692 1013
    1013 1013 1013 1013 1013 3614 3614 3614 3576 3576 3539 3539 3539
    3539 3503 3503 3503 3503 3503 3503 3468 3433 3433 3433 3399 3399
    3399 3399 3399 3365 3365 3365 3333 3333 3333 3333 3269 3269 3269
    3269 3269 3269 3208 3208 3208 3208 3178 3149 3120 3120 3120 3859
    3816 3816 3774 3732 3692 3692 3774 3774 3732 3692 3692 1010 1010
    1010 1010 1010 1010 1013 1013 1007 1007 3539 3539 3539 3539 3539
    3503 3503 3503 3503 3503 3503 3468 3433 3433 3433 3399 3399 3399
    3399 3399 3365 3365 3333 3333 3333 3333 3333 3333 3269 3269 3269
    3269 3269 3208 3208 3208 3208 3178 3149 3120 3120 3120 3859 3859
    3816 3732 3732 3732 3732 3816 3774 3732 1004 1004 1004 1004 1004
    1004 1007 1007 1007 1007 1007 1007 1016 3539 3539 3539 3539 3503
    3503 3468 3468 3468 3468 3468 3433 3433 3433 3399 3399 3399 3399
    3399 3365 3365 3333 3333 3333 3333 3333 3333 3269 3269 3269 3269
    3238 3208 3208 3208 3208 3178 3149 3149 3149 3120 3816 3816 3774
    3732 3732 3732 1041 3774 3774 1004 1004 1001 1001 1001 1001 1001
    1004 1007 1007 1007 1007 1013 1016 1019 1022 1025 1034 1034 1031
    1031 3468 3468 3468 3399 3399 3399 3433 3399 3399 3399 3399 3399
    3399 3365 3365 3333 3333 3333 3333 3333 3269 3269 3269 3269 3238
    3208 3208 3208 3208 3178 3149 3149 3149 3120 3816 3816 3774 3732
    3732 1041 1041 1038 1038 1004 1004 1001 998 995 995 998 1001 1004
    1007 1007 1010 1013 1016 1019 1022 1025 1031 1031 1031 1031 1041
    1044 1044 1050 3399 3399 3433 3399 3399 3399 3399 3399 3399 3365
    3365 3333 3333 3333 3333 3333 3300 3269 3269 3238 3238 3178 3178
    3178 3178 3178 3149 3149 3149 3149 3859 3859 3859 1044 1038 1038
    1038 1028 1016 1007 1004 1001 998 995 995 998 1001 1004 1007 1007
    1010 1013 1016 1019 1022 1025 1028 1031 1034 1034 1041 1041 1041
    1047 1054 1054 1057 1060 1063 3433 3399 3399 3399 3365 3365 3365
    3333 3300 3300 3333 3300 3269 3269 3238 3238 3178 3178 3178 3178
    3178 3149 3149 3149 3149 3903 1060 1054 1044 1044 1038 1038 1028
    1016 1013 1004 1001 998 998 998 998 1001 1004 1007 1010 1010 1016
    1016 1019 1025 1028 1028 1034 1034 1034 1041 1041 1041 1047 1054
    1054 1057 1060 1063 1063 1067 1073 1073 1077 1077 3365 3365 3300
    3300 3300 3300 3269 3269 3269 3238 3208 3208 3208 3178 3178 3149
    3149 3120 3120 1067 1060 1054 1054 1044 1038 1038 1028 1019 1013
    1004 1001 995 995 995 998 998 1001 1007 1007 1010 1016 1016 1019
    1022 1025 1028 1031 1031 1034 1038 1041 1041 1047 1050 1054 1054
    1057 1063 1063 1067 1070 1073 1077 1077 1077 1080 1080 1090 1090
    1094 3300 3300 3269 3269 3208 3208 3178 3178 3178 3092 3092 3120
    3120 1067 1060 1060 1054 1047 1041 1038 1028 1019 1013 1004 1001 995
    995 995 998 998 1001 1007 1007 1010 1013 1016 1019 1022 1025 1028
    1028 1031 1034 1038 1041 1041 1044 1050 1054 1054 1057 1063 1063
    1067 1070 1073 1077 1077 1077 1080 1080 1087 1090 1094 1094 1097
    1105 1105 1115 1115 1115 3178 3178 3092 3092 3120 3120 1067 1060
    1060 1054 1050 1044 1038 1025 1019 1013 1004 1001 998 998 998 998
    1001 1004 1004 1007 1007 1013 1016 1019 1019 1025 1025 1028 1031
    1034 1038 1041 1041 1044 1050 1054 1057 1057 1063 1063 1067 1067
    1073 1077 1077 1080 1080 1080 1087 1090 1094 1094 1097 1101 1105
    1108 1112 1115 1119 1123 1123 1123 3120 3120 1067 1063 1060 1057
    1050 1044 1028 1022 1016 1013 1004 1001 998 998 998 998 1001 1001
    1004 1007 1007 1013 1016 1016 1019 1022 1025 1028 1031 1034 1038
    1038 1041 1047 1050 1054 1057 1060 1063 1063 1063 1067 1070 1073
    1080 1080 1080 1084 1084 1090 1094 1097 1101 1101 1105 1108 1108
    1115 1119 1119 1123 1123 1123 3092 1070 1067 1057 1054 1050 1047
    1028 1022 1016 1013 1007 1001 1001 998 998 998 998 1001 1004 1007
    1007 1013 1013 1016 1019 1022 1025 1028 1031 1034 1038 1038 1041
    1044 1050 1054 1057 1057 1060 1063 1063 1067 1070 1073 1077 1080
    1080 1084 1084 1090 1094 1101 1101 1101 1105 1105 1108 1115 1119
    1119 1123 1123 1123 1126 1073 1067 1057 1054 1047 1044 1028 1022
    1016 1013 1007 1001 998 998 995 995 998 1001 1004 1007 1010 1013
    1013 1016 1022 1025 1025 1028 1031 1034 1038 1038 1041 1044 1050
    1054 1054 1057 1060 1063 1063 1067 1067 1070 1077 1080 1080 1084
    1084 1090 1101 1101 1101 1101 1105 1105 1108 1115 1115 1119 1119
    1123 1126 1126 1077 1070 1060 1054 1047 1041 1028 1022 1016 1013
    1007 1001 998 995 995 995 998 1001 1004 1004 1007 1013 1013 1016
    1022 1025 1028 1028 1031 1034 1038 1038 1041 1044 1050 1054 1054
    1057 1060 1063 1063 1067 1067 1070 1077 1080 1084 1087 1087 1090
    1097 1101 1101 1101 1105 1105 1108 1112 1115 1119 1119 1123 1126
    1126 1073 1070 1063 1054 1047 1041 1028 1022 1016 1013 1007 1001 995
    995 992 992 998 1001 1004 1004 1007 1010 1013 1016 1022 1025 1028
    1028 1034 1034 1038 1038 1041 1044 1050 1054 1054 1057 1060 1063
    1063 1067 1070 1070 1073 1077 1084 1087 1090 1090 1094 1097 1101
    1101 1105 1105 1108 1112 1115 1119 1119 1123 1123 1123 1073 1067
    1063 1054 1047 1041 1034 1022 1016 1013 1004 1001 995 992 992 992
    998 1001 1004 1004 1004 1010 1013 1016 1019 1025 1028 1028 1031 1038
    1038 1038 1041 1044 1047 1054 1054 1057 1060 1063 1063 1067 1070
    1070 1073 1077 1080 1087 1090 1090 1094 1097 1101 1101 1105 1105
    1112 1112 1115 1119 1123 1126 1126 0 1070 1067 1060 1054 1044 1041
    1034 1022 1016 1010 1004 998 992 992 992 992 998 998 1001 1004 1004
    1010 1013 1016 1019 1022 1025 1028 1031 1034 1038 1038 1041 1044
    1047 1054 1054 1057 1060 1063 1063 1067 1070 1073 1077 1077 1080
    1084 1087 1090 1094 1094 1097 1101 1105 1108 1112 1112 1115 1115
    1119 1126 1126 0 1067 1063 1057 1054 1044 1041 1028 1022 1016 1010
    1004 995 992 992 992 992 998 998 1001 1001 1007 1010 1013 1016 1019
    1022 1025 1028 1031 1034 1038 1038 1041 1044 1047 1050 1054 1057
    1060 1063 1063 1063 1067 1070 1077 1077 1080 1084 1087 1090 1094
    1094 1097 1101 1105 1105 1108 1112 1112 1115 1119 1123 1123 0 1067
    1063 1057 1050 1044 1041 1028 1022 1016 1010 1001 995 992 992 992
    992 995 998 1001 1001 1007 1010 1013 1016 1019 1022 1025 1028 1028
    1034 1038 1038 1041 1044 1047 1050 1054 1054 1057 1060 1063 1063
    1067 1070 1077 1077 1080 1084 1087 1090 1094 1094 1097 1101 1105
    1105 1108 1112 1112 1115 1119 1123 1123 0 1067 1063 1060 1050 1044
    1038 1028 1022 1016 1010 1001 995 992 992 992 995 995 998 1001 1001
    1007 1010 1013 1016 1019 1022 1025 1028 1028 1034 1038 1038 1041
    1044 1047 1050 1054 1054 1057 1060 1063 1063 1067 1070 1073 1077
    1080 1084 1087 1094 1090 1090 1094 1101 1105 1105 1108 1112 1112
    1115 1119 1123 1123 1126 1067 1063 1060 1050 1044 1038 1028 1022
    1016 1010 1001 995 992 992 992 992 995 998 1001 1004 1010 1013 1013
    1016 1019 1022 1025 1028 1028 1034 1034 1038 1041 1044 1047 1050
    1050 1054 1057 1060 1063 1067 1067 1070 1073 1077 1080 1084 1087
    1090 1090 1090 1094 1097 1101 1105 1108 1112 1112 1115 1119 1123
    1126 1126 1067 1063 1060 1054 1044 1038 1028 1022 1016 1010 1001 995
    992 992 992 992 995 998 1001 1004 1007 1010 1013 1016 1019 1022 1025
    1025 1028 1034 1034 1038 1038 1041 1047 1050 1050 1054 1057 1060
    1063 1067 1067 1070 1073 1077 1080 1084 1087 1090 1090 1090 1090
    1097 1101 1105 1105 1108 1112 1115 1119 1123 1126 1126 1067 1063
    1060 1054 1047 1038 1028 1022 1016 1010 1004 995 992 992 992 992 995
    998 1001 1004 1004 1007 1013 1016 1019 1022 1025 1025 1028 1031 1034
    1038 1038 1041 1047 1050 1050 1054 1057 1060 1063 1067 1067 1070
    1073 1077 1080 1084 1087 1090 1090 1090 1090 1097 1101 1101 1105
    1108 1108 1115 1119 1123 1126 1126 1067 1063 1060 1054 1047 1041
    1028 1022 1016 1010 1004 995 992 992 992 992 995 998 1001 1004 1004
    1007 1013 1016 1019 1022 1025 1025 1028 1031 1034 1038 1038 1041
