<?xml version="1.0"?>
<opencv_storage>
<Depth8655 type_id="opencv-matrix">
  <rows>91</rows>
  <cols>44</cols>
  <dt>w</dt>
  <data>
    4842 4842 4911 4911 4911 4983 4983 4983 4983 4983 4983 5056 5056
    5056 5056 5056 5056 5056 5056 5056 5056 5210 5210 5210 5210 5210
    5210 5210 5210 0 0 5548 5548 5548 1365 1365 1365 1365 1370 1370 1370
    5548 5548 5548 4842 4842 4911 4911 4911 4911 4911 4911 4911 4911
    4911 5056 5056 5056 5056 5056 5056 4911 4911 4911 1189 1189 1189
    1189 1232 1232 1232 0 1236 1236 0 0 1354 1354 1354 1354 1354 1359
    1359 1365 1365 1376 1376 5548 4842 4842 4911 4911 4911 4911 4911
    4911 4911 4911 4911 4911 4911 1210 4911 4911 4911 4911 4911 4911
    1185 1185 1185 1185 1232 1232 1232 1236 1236 1236 0 0 1292 1307 1307
    1307 1322 1328 1349 1359 1359 1370 1381 1381 4774 4774 4911 1197
    1197 1197 1197 1197 4911 4911 4911 1210 1210 0 0 0 4911 4911 4911
    4911 1185 1185 1185 1185 1223 1223 1223 1227 1232 1232 1245 1250
    1292 1292 1292 1302 1307 1317 1328 1354 1359 1370 1381 1381 4774
    4774 1193 1193 1197 1197 1197 1197 1197 1202 1210 1210 1210 1189
    1189 1189 1193 1189 1193 1193 1181 1181 1185 1185 1185 1223 1223
    1227 1232 1245 1245 1250 1264 1268 1283 1292 1302 1307 1322 1349
    1359 1370 1370 1370 1197 1193 1193 1193 1197 1202 1197 1197 1197
    1197 1197 1193 1193 1189 1189 1189 1193 1189 1189 1185 1181 1181
    1181 1181 1185 1197 1197 1210 1219 1232 1241 1245 1250 1264 1283
    1292 1302 1307 1322 1349 1359 1370 1370 0 0 1197 1197 1197 1202 1202
    1197 1193 1193 1193 1193 1193 1189 1189 1185 1185 1185 1185 1181
    1181 1177 1177 1177 1181 1181 1189 1193 1206 1210 1219 1232 1241
    1250 1264 1283 1288 1302 1307 1322 1343 1354 1370 1370 1381 0 1197
    1197 1206 1206 1202 1197 1193 1193 1193 1193 1189 1189 1189 1185
    1185 1181 1181 1181 1177 1177 1177 1177 1177 1181 1189 1193 1206
    1210 1219 1232 1241 1250 1273 1283 1288 1302 1317 1328 1343 1349
    1376 1381 1381 0 0 1206 1206 1206 1202 1197 1197 1193 1193 1193 1189
    1189 1185 1185 1181 1181 1181 1181 1177 1173 1173 1173 1173 1177
    1185 1197 1206 1210 1219 1227 1241 1250 1268 1278 1288 1302 1317
    1328 1343 1349 1376 1381 1381 0 0 1206 1206 1206 1202 1197 1197 1197
    1193 1189 1189 1189 1185 1185 1181 1181 1181 1177 1177 1173 1169
    1169 1169 1173 1185 1197 1206 1210 1219 1227 1241 1250 1268 1278
    1288 1302 1322 1333 1343 1349 1365 1370 1376 0 0 0 1206 1206 1202
    1197 1197 1193 1193 1189 1189 1185 1185 1185 1181 1181 1181 1177
    1173 1173 1169 1169 1169 1169 1177 1193 1206 1210 1219 1227 1241
    1259 1268 1278 1292 1302 1322 1333 1343 1349 1365 1370 1370 0 0 0
    1206 1206 1202 1197 1197 1193 1193 1189 1189 1185 1185 1185 1181
    1181 1181 1177 1173 1173 1169 1169 1169 1169 1177 1189 1206 1214
    1223 1232 1236 1264 1268 1278 1292 1307 1322 1333 1343 1354 1359
    1359 1370 0 0 1206 1206 1202 1202 1197 1197 1197 1193 1189 1189 1189
    1185 1181 1181 1181 1181 1177 1173 1173 1169 1169 1169 1173 1181
    1189 1206 1214 1219 1232 1236 1264 1273 1283 1292 1307 1317 1328
    1343 1354 1359 1359 1359 0 0 1206 1206 1202 1202 1197 1197 1193 1193
    1193 1189 1189 1185 1181 1181 1181 1181 1177 1173 1173 1173 1173
    1173 1177 1185 1193 1206 1214 1219 1232 1241 1259 1268 1283 1292
    1307 1317 1328 1343 1354 1359 1359 1359 0 0 1206 1206 1202 1202 1197
    1197 1193 1193 1193 1193 1189 1185 1181 1181 1181 1177 1177 1173
    1173 1173 1173 1177 1177 1185 1197 1206 1214 1219 1232 1241 1259
    1268 1283 1292 1312 1322 1328 1343 1354 1359 1359 1359 0 0 1206 1206
    1202 1197 1197 1193 1193 1193 1193 1193 1189 1185 1181 1181 1181
    1177 1173 1173 1173 1173 1173 1177 1177 1185 1197 1206 1214 1219
    1232 1250 1264 1268 1278 1292 1312 1322 1328 1343 1359 1365 1365
    1365 0 0 1206 1206 1206 1197 1197 1193 1193 1193 1193 1193 1193 1189
    1185 1181 1181 1177 1173 1173 1169 1169 1169 1173 1177 1189 1197
    1206 1210 1219 1236 1255 1264 1268 1278 1292 1312 1322 1328 1343
    1354 1365 1365 0 0 0 1214 1210 1206 1202 1197 1197 1197 1193 1193
    1193 1193 1189 1185 1181 1181 1177 1173 1173 1169 1169 1169 1173
    1173 1185 1197 1206 1210 1219 1236 1259 1264 1273 1278 1292 1307
    1322 1328 1349 1354 1365 1365 1370 0 0 1219 1210 1206 1202 1197 1197
    1197 1193 1193 1193 1189 1189 1185 1185 1181 1181 1177 1177 1169
    1169 1169 1173 1173 1185 1197 1206 1214 1223 1236 1259 1268 1273
    1278 1292 1307 1322 1328 1343 1354 1365 1370 1370 0 0 1214 1210 1206
    1202 1197 1197 1197 1193 1193 1193 1189 1185 1185 1185 1181 1177
    1177 1177 1173 1169 1169 1173 1177 1185 1197 1206 1214 1227 1241
    1259 1264 1273 1278 1292 1307 1322 1328 1343 1359 1359 1359 1359 0 0
    1210 1210 1202 1202 1197 1197 1197 1193 1193 1193 1189 1185 1185
    1185 1181 1177 1177 1177 1173 1173 1173 1177 1177 1185 1197 1206
    1214 1227 1236 1250 1264 1273 1278 1292 1312 1322 1328 1338 1359
    1359 1359 1359 0 0 1206 1206 1202 1202 1197 1197 1197 1193 1193 1193
    1189 1189 1185 1181 1181 1177 1177 1177 1177 1173 1173 1177 1181
    1189 1197 1206 1214 1227 1236 1250 1259 1268 1278 1292 1312 1322
    1328 1338 1359 1359 1365 1365 0 1202 1202 1206 1202 1202 1197 1193
    1193 1193 1193 1193 1189 1185 1185 1181 1181 1177 1177 1177 1177
    1177 1177 1181 1181 1189 1197 1206 1214 1227 1236 1245 1259 1268
    1278 1297 1312 1322 1333 1343 1354 1359 1359 1359 0 1202 1202 1206
    1202 1202 1197 1193 1193 1193 1193 1189 1189 1185 1185 1181 1181
    1177 1177 1177 1177 1177 1177 1177 1181 1185 1197 1206 1214 1227
    1236 1245 1259 1273 1283 1297 1307 1328 1333 1343 1354 1365 1365 0 0
    1206 1206 1206 1202 1197 1197 1197 1193 1193 1193 1189 1189 1185
    1185 1181 1181 1177 1177 1177 1177 1177 1177 1177 1181 1185 1197
    1206 1214 1227 1236 1245 1264 1273 1283 1297 1307 1322 1333 1349
    1354 1365 1365 0 0 0 1206 1206 1202 1197 1197 1197 1193 1193 1189
    1185 1185 1185 1181 1181 1177 1177 1177 1177 1177 1177 1177 1177
    1181 1185 1197 1206 1214 1227 1236 1245 1259 1273 1283 1302 1307
    1322 1333 1349 1354 1370 1370 1370 0 0 1206 1206 1202 1197 1197 1197
    1193 1193 1189 1185 1185 1185 1181 1181 1177 1177 1177 1177 1177
    1173 1173 1177 1181 1185 1197 1206 1214 1227 1236 1245 1259 1273
    1278 1302 1317 1328 1333 1343 1349 1365 1370 1370 0 1206 1206 1206
    1202 1202 1197 1197 1193 1193 1193 1185 1185 1185 1181 1181 1181
    1177 1177 1177 1173 1173 1173 1177 1181 1185 1193 1206 1214 1223
    1236 1250 1264 1273 1278 1292 1317 1328 1333 1343 1349 1365 1370
    1370 0 1206 1206 1206 1206 1202 1197 1197 1193 1193 1193 1185 1185
    1185 1181 1181 1181 1181 1177 1177 1173 1173 1173 1173 1177 1185
    1193 1206 1214 1219 1232 1255 1264 1273 1278 1292 1317 1328 1333
    1349 1354 1365 1370 1370 0 1214 1210 1202 1202 1197 1197 1197 1193
    1193 1193 1189 1185 1185 1181 1181 1181 1177 1177 1177 1177 1173
    1173 1173 1177 1181 1197 1206 1214 1219 1232 1259 1264 1273 1283
    1288 1322 1333 1338 1349 1359 1365 1370 1370 0 1214 1206 1202 1197
    1197 1197 1197 1193 1193 1193 1189 1189 1185 1181 1181 1181 1177
    1177 1177 1177 1173 1173 1173 1177 1181 1197 1206 1214 1219 1241
    1255 1264 1273 1278 1288 1322 1333 1343 1349 1359 1365 1370 1370 0 0
    1206 1202 1197 1197 1197 1197 1193 1193 1193 1193 1193 1189 1185
    1181 1181 1177 1177 1177 1177 1173 1173 1173 1177 1181 1197 1206
    1214 1219 1236 1255 1264 1273 1278 1288 1317 1338 1343 1349 1359
    1359 1359 5210 0 1210 1202 1197 1197 1197 1197 1197 1193 1193 1193
    1193 1193 1189 1185 1181 1181 1177 1177 1177 1173 1173 1173 1173
    1177 1185 1197 1206 1214 1223 1236 1250 1268 1278 1278 1288 1312
    1333 1343 1349 1359 1359 1359 5210 0 1210 1202 1197 1197 1197 1197
    1197 1193 1193 1193 1189 1189 1189 1185 1181 1181 1177 1177 1177
    1173 1169 1169 1173 1177 1185 1197 1206 1214 1227 1236 1250 1268
    1278 1283 1292 1312 1328 1343 1349 1359 1365 1365 5210 0 1206 1202
    1197 1197 1197 1197 1197 1193 1193 1193 1189 1189 1185 1185 1181
