<?xml version="1.0"?>
<opencv_storage>
<Depth6688 type_id="opencv-matrix">
  <rows>94</rows>
  <cols>59</cols>
  <dt>w</dt>
  <data>
    4139 4139 4089 4089 4089 4089 4089 4089 4089 4089 4139 4139 4190
    4139 4089 4089 4089 4139 4089 4089 4089 4041 4041 4041 4041 4089
    4089 4041 4041 4089 4089 4089 4089 4041 4041 4041 1138 1134 1130
    1130 1126 1126 1119 1108 1108 1119 1119 1119 1115 1115 1112 1112
    1108 1108 1108 1108 1108 1108 3994 4139 4139 4089 4089 4089 4089
    4089 4089 4089 4089 4089 4139 4190 4139 4089 4089 4089 4139 4089
    4089 4089 4041 4041 4041 4041 4041 4041 4041 1149 1149 1145 1141
    1141 1138 1138 1134 1134 1130 1130 1126 1126 1126 1119 1119 1119
    1115 1115 1119 1115 1115 1112 1112 1108 1108 1108 1108 1108 1108
    1108 4089 4089 4089 4089 4089 4139 4139 4089 4089 4089 4089 4139
    4139 4089 4089 4089 4089 4089 4089 4089 4089 4041 4041 4089 4089
    4041 1145 1145 1141 1141 1141 1141 1141 1138 1134 1134 1130 1130
    1130 1126 1126 1126 1123 1123 1119 1115 1115 1115 1115 1115 1112
    1112 1108 1108 1108 1108 1108 1108 0 4089 4089 4089 4089 4089 4089
    4139 4089 4089 4089 4139 4190 4139 4089 4089 4089 4089 4089 1169
    1165 1161 1157 1153 1149 1149 1149 1141 1141 1141 1141 1141 1141
    1138 1138 1134 1134 1130 1130 1126 1123 1123 1123 1123 1119 1115
    1112 1112 1115 1115 1112 1112 1112 1108 1108 1108 1108 1108 1115 0
    4139 4089 4089 4089 4089 4089 1202 1202 4089 1189 1181 1181 1177
    1177 4089 4089 1165 1161 1161 1157 1157 1153 1153 1149 1149 1149
    1141 1141 1141 1141 1138 1138 1138 1134 1134 1134 1130 1126 1126
    1123 1123 1123 1123 1119 1112 1112 1112 1112 1112 1112 1108 1108
    1108 1108 1108 1108 1115 1115 0 4139 4139 4089 4089 4041 1193 1193
    1197 1193 1181 1177 1177 1173 1169 1169 1169 1165 1161 1161 1157
    1157 1153 1153 1149 1149 1149 1141 1141 1141 1138 1138 1134 1134
    1134 1134 1134 1130 1126 1123 1123 1123 1123 1119 1115 1112 1112
    1112 1112 1112 1108 1108 1108 1108 1108 1108 1112 1115 1115 1123
    4139 4139 1181 1181 1181 1181 1185 1189 1185 1181 1173 1173 1169
    1169 1169 1165 1165 1165 1161 1157 1157 1153 1153 1149 1149 1145
    1141 1141 1141 1138 1138 1134 1134 1134 1134 1130 1130 1126 1123
    1123 1123 1123 1119 1115 1112 1108 1108 1112 1108 1108 1108 1105
    1105 1105 1108 1115 1123 1123 1123 4190 1181 1181 1181 1181 1181
    1185 1185 1181 1177 1173 1173 1169 1169 1169 1165 1165 1165 1161
    1157 1153 1153 1153 1149 1149 1145 1145 1141 1141 1138 1138 1134
    1134 1134 1134 1130 1126 1123 1123 1123 1119 1119 1115 1115 1108
    1108 1108 1108 1108 1108 1105 1101 1101 1101 1108 1115 1123 1123 0
    1185 1181 1181 1181 1181 1181 1181 1181 1177 1177 1173 1169 1169
    1165 1165 1165 1165 1161 1157 1157 1153 1153 1153 1149 1149 1145
    1145 1141 1141 1138 1138 1134 1134 1134 1130 1126 1126 1123 1123
    1123 1119 1119 1115 1115 1108 1108 1108 1108 1108 1108 1105 1101
    1101 1101 1108 1108 1119 1119 1119 1185 1181 1181 1181 1181 1181
    1181 1181 1177 1177 1173 1169 1169 1165 1165 1161 1161 1161 1157
    1153 1153 1153 1153 1149 1149 1145 1141 1141 1138 1138 1134 1134
    1134 1134 1130 1126 1123 1123 1123 1119 1119 1119 1115 1112 1108
    1108 1108 1108 1108 1105 1101 1097 1097 1097 1105 1108 1119 1119
    1119 1185 1181 1181 1181 1181 1181 1181 1177 1177 1173 1169 1169
    1165 1165 1161 1161 1161 1161 1153 1153 1149 1149 1149 1149 1149
    1145 1141 1138 1138 1134 1134 1134 1134 1134 1130 1126 1123 1123
    1119 1119 1119 1119 1112 1112 1108 1108 1108 1108 1108 1105 1101
    1097 1097 1097 1101 1108 1115 1123 1123 1185 1181 1177 1177 1181
    1181 1177 1173 1173 1169 1169 1169 1165 1165 1161 1161 1161 1157
    1153 1149 1149 1149 1149 1149 1141 1141 1138 1138 1138 1134 1134
    1134 1130 1130 1126 1123 1123 1123 1119 1119 1119 1115 1112 1108
    1108 1108 1108 1108 1108 1105 1097 1097 1097 1097 1097 1105 1115
    1119 1119 1189 1181 1177 1177 1181 1181 1177 1169 1169 1169 1169
    1165 1165 1161 1161 1153 1153 1153 1149 1149 1149 1149 1145 1145
    1141 1141 1138 1134 1134 1134 1134 1134 1130 1126 1126 1123 1123
    1119 1119 1115 1115 1115 1112 1108 1108 1105 1105 1105 1105 1101
    1097 1097 1094 1094 1097 1101 1108 1119 1138 1189 1181 1181 1181
    1181 1177 1173 1169 1169 1169 1169 1165 1161 1157 1157 1153 1153
    1149 1149 1149 1145 1141 1141 1141 1141 1138 1138 1134 1134 1130
    1130 1130 1126 1126 1123 1123 1123 1119 1115 1115 1115 1108 1108
    1108 1105 1105 1105 1105 1101 1097 1097 1094 1094 1094 1097 1097
    1108 1134 1138 0 1181 1181 1177 1177 1173 1169 1169 1169 1169 1165
    1161 1161 1157 1153 1153 1153 1149 1149 1145 1145 1141 1138 1138
    1138 1134 1134 1134 1134 1130 1130 1130 1126 1123 1123 1123 1119
    1119 1115 1115 1112 1108 1108 1108 1105 1105 1105 1101 1101 1097
    1097 1094 1094 1094 1094 1097 1108 1138 1138 0 1181 1177 1177 1177
    1173 1169 1169 1169 1169 1165 1161 1157 1153 1153 1153 1149 1149
    1149 1145 1141 1138 1138 1138 1138 1134 1134 1134 1134 1130 1126
    1123 1123 1123 1123 1119 1119 1115 1115 1112 1112 1108 1108 1105
    1105 1101 1101 1101 1097 1097 1094 1094 1094 1094 1094 1094 1094
    1145 1141 0 1177 1177 1173 1173 1173 1169 1169 1169 1165 1165 1161
    1157 1153 1153 1153 1149 1149 1149 1145 1141 1138 1138 1138 1134
    1134 1134 1134 1130 1130 1123 1119 1119 1119 1119 1119 1115 1115
    1112 1112 1108 1108 1105 1105 1105 1101 1101 1101 1097 1097 1094
    1094 1094 1094 1094 1094 1094 1149 1149 1161 1161 1169 1173 1173
    1173 1169 1169 1165 1165 1161 1157 1157 1153 1153 1153 1149 1149
    1145 1141 1141 1138 1138 1138 1134 1134 1134 1130 1130 1126 1123
    1119 1119 1119 1119 1119 1115 1112 1112 1108 1108 1105 1105 1101
    1097 1097 1097 1101 1097 1097 1094 1094 1090 1090 1090 1094 1094
    1149 1149 1161 1161 1165 1169 1169 1169 1169 1165 1165 1165 1161
    1153 1153 1153 1153 1149 1149 1149 1145 1141 1141 1138 1138 1134
    1134 1134 1130 1130 1126 1123 1119 1119 1119 1119 1119 1115 1112
    1112 1108 1108 1105 1105 1105 1101 1097 1097 1097 1097 1094 1094
    1090 1090 1090 1087 1087 1090 1090 0 0 1161 1161 1165 1165 1165 1169
    1165 1165 1161 1161 1153 1153 1153 1153 1149 1149 1145 1145 1141
    1138 1138 1138 1138 1134 1134 1130 1130 1126 1126 1123 1119 1119
    1119 1115 1115 1112 1112 1108 1108 1105 1105 1105 1105 1101 1094
    1094 1094 1094 1094 1090 1087 1087 1087 1087 1087 1087 1090 0 0 1161
    1165 1165 1165 1165 1169 1165 1165 1161 1161 1153 1153 1149 1149
    1149 1149 1145 1141 1138 1138 1138 1134 1134 1134 1130 1126 1126
    1126 1123 1123 1119 1119 1119 1115 1112 1108 1108 1108 1108 1105
    1105 1105 1101 1097 1094 1094 1094 1094 1094 1090 1087 1087 1087
    1084 1084 1084 1087 0 0 1161 1161 1165 1165 1165 1169 1165 1161 1161
    1157 1153 1153 1149 1149 1149 1149 1145 1138 1138 1138 1138 1134
    1134 1130 1130 1126 1126 1123 1123 1123 1119 1119 1115 1112 1112
    1108 1108 1108 1105 1105 1105 1105 1101 1097 1094 1090 1090 1094
    1094 1090 1087 1087 1087 1084 1084 1084 1087 0 0 1161 1161 1165 1165
    1165 1165 1165 1161 1157 1157 1153 1153 1149 1149 1145 1145 1141
    1138 1138 1138 1134 1134 1134 1130 1126 1126 1123 1123 1119 1119
    1119 1112 1112 1108 1108 1108 1108 1105 1105 1105 1101 1101 1094
    1094 1094 1090 1090 1094 1090 1087 1084 1084 1084 1084 1084 1084 0 0
    0 0 1165 1165 1165 1165 1165 1165 1161 1157 1157 1153 1153 1149 1149
    1145 1141 1141 1138 1138 1134 1134 1134 1134 1130 1126 1123 1123
    1119 1119 1119 1115 1112 1108 1108 1108 1105 1105 1105 1105 1101
    1097 1094 1094 1094 1090 1090 1090 1094 1090 1087 1084 1084 1084
    1084 1084 1084 0 0 0 0 1165 1165 1165 1165 1165 1165 1161 1157 1153
    1149 1149 1149 1145 1145 1141 1141 1138 1138 1134 1134 1134 1130
    1126 1123 1123 1119 1119 1119 1119 1115 1108 1108 1108 1108 1105
    1105 1105 1105 1101 1097 1094 1094 1094 1090 1090 1090 1094 1090
    1087 1087 1084 1080 1080 1080 1080 1080 0 0 1169 1165 1165 1161 1161
    1161 1161 1157 1157 1149 1149 1149 1145 1145 1141 1141 1141 1138
