<?xml version="1.0"?>
<opencv_storage>
<Depth1536 type_id="opencv-matrix">
  <rows>108</rows>
  <cols>66</cols>
  <dt>w</dt>
  <data>
    3816 3816 3732 1016 1016 1016 1016 1019 3692 3692 3692 3539 3539
    3653 3614 3576 3576 3576 3576 3576 3539 3539 3539 3539 3503 3503
    3468 3468 3468 3468 3433 3433 3399 1007 1004 1004 1004 3399 3399
    3399 3399 3365 3365 3269 3238 3238 3238 3238 3269 1004 1004 1001 998
    998 1001 1001 1001 1001 1001 1001 1001 1001 3120 3120 3120 3120 3816
    3816 3732 1010 1010 1010 1007 1007 1007 3692 3692 1007 1004 1004
    1004 1004 1004 1004 1004 1004 1004 1004 3539 3539 3539 1010 1007
    1007 1004 1004 1004 1004 1004 1004 1004 1004 1004 1004 1004 1004
    1004 1004 1004 1004 1004 1001 1001 1001 1001 1001 1001 1001 998 998
    998 998 1001 998 998 1001 1001 1001 1001 1001 1001 3120 1004 1001
    1001 1004 1007 1007 1004 1001 1001 1001 1001 1004 1004 1004 1004
    1004 1004 1004 1004 1004 1004 1004 1004 1004 1004 1007 1007 1007
    1004 1004 1004 1004 1004 1004 1004 1004 1004 1004 1004 1004 1004
    1004 1004 1004 1004 1001 1001 1001 1001 1001 1001 1001 1001 998 998
    998 1001 998 998 1001 1001 1001 1001 1001 0 3092 1004 1001 1001 1001
    1001 1001 1001 1001 1001 1001 1001 1004 1004 1004 1004 1004 1004
    1004 1004 1004 1004 1004 1004 1004 1004 1004 1004 1004 1004 1004
    1004 1004 1004 1004 1004 1004 1004 1004 1007 1004 1004 1004 1004
    1004 1004 1001 1001 1001 1001 1001 1001 1001 1001 1001 1001 998 998
    998 998 1001 1001 1001 1004 1004 0 0 1001 1001 1001 1001 1001 1001
    1001 1001 1001 1001 1001 1004 1004 1004 1004 1004 1004 1004 1004
    1004 1004 1004 1004 1004 1004 1004 1004 1004 1004 1004 1004 1004
    1004 1004 1004 1004 1004 1004 1007 1004 1004 1004 1004 1004 1004
    1001 1001 1001 1001 1001 1001 1001 1001 1001 1001 998 998 998 998
    1001 1001 1001 1004 1004 0 0 1001 1001 1001 1001 1001 1001 1001 1001
    1001 1001 1001 1004 1004 1004 1004 1004 1004 1004 1004 1004 1004
    1004 1004 1004 1004 1004 1004 1004 1004 1004 1004 1004 1004 1004
    1004 1004 1004 1004 1007 1007 1004 1004 1004 1004 1004 1001 1001
    1001 1001 1001 1001 1001 1001 1001 1001 1001 998 998 998 1001 1001
    1001 1001 1001 0 0 1001 1001 1001 1004 1001 1001 1001 1001 1001 1001
    1001 1001 1004 1004 1004 1004 1004 1004 1004 1004 1004 1004 1004
    1004 1004 1004 1004 1004 1004 1004 1004 1004 1004 1004 1004 1004
    1004 1004 1004 1004 1004 1004 1004 1004 1004 1001 1001 1001 1001
    1001 1001 1001 1001 1001 1001 998 998 998 998 1001 1001 998 998 0 0
    0 1001 1001 1001 1004 1001 1001 1001 1001 1001 1001 1001 1001 1004
    1004 1004 1004 1004 1004 1004 1004 1004 1004 1004 1004 1004 1004
    1004 1004 1004 1004 1004 1004 1004 1004 1004 1004 1004 1004 1004
    1004 1004 1004 1004 1004 1004 1001 1001 1001 1001 1001 1001 1001
    1001 1001 1001 998 998 998 998 1001 1001 998 998 0 0 0 1001 1001
    1001 1004 1004 1001 1001 1004 1001 1001 1004 1004 1004 1004 1004
    1004 1004 1004 1004 1004 1004 1001 1001 1001 1001 1004 1004 1004
    1004 1004 1004 1004 1004 1004 1004 1004 1004 1004 1004 1004 1004
    1004 1004 1004 1004 1001 1001 998 998 998 998 998 1001 1001 1001 998
    998 998 998 1001 1001 998 998 0 0 0 1001 1001 1001 1004 1004 1001
    1001 1004 1001 1001 1004 1001 1001 1001 1004 1004 1004 1004 1004
    1004 1004 1001 1001 1001 1001 1004 1004 1004 1004 1004 1004 1004
    1004 1004 1004 1004 1004 1004 1004 1004 1004 1004 1004 1004 1004
    1001 1001 998 998 998 998 998 1001 1001 1001 998 998 998 998 998
    1001 998 995 995 0 0 1001 1001 1004 1004 1004 1004 1004 1004 1004
    1004 1004 1001 1001 1001 1004 1004 1004 1004 1004 1004 1004 1004
    1004 1001 1001 1004 1004 1004 1004 1004 1004 1004 1004 1004 1004
    1004 1004 1004 1004 1004 1004 1004 1004 1004 1004 1001 1001 998 998
    998 998 998 1001 1001 1001 998 998 998 998 998 1001 998 995 995 0 0
    1004 1004 1004 1004 1004 1004 1004 1004 1004 1004 1004 1004 1004
    1004 1004 1004 1004 1004 1004 1004 1004 1004 1004 1004 1004 1004
    1004 1004 1004 1004 1004 1004 1004 1004 1004 1004 1004 1004 1004
    1004 1004 1004 1004 1004 1004 1001 1001 998 998 998 998 998 1001
    1001 1001 998 998 998 998 998 1001 998 995 995 0 0 1004 1004 1004
    1004 1004 1004 1004 1004 1004 1004 1004 1004 1004 1004 1004 1004
    1004 1004 1004 1004 1004 1004 1004 1004 1004 1004 1004 1004 1004
    1004 1004 1004 1004 1004 1001 1001 1004 1004 1004 1004 1004 1004
    1004 1004 1004 1001 1001 998 998 998 998 998 1001 1001 1001 998 998
    998 998 998 1001 998 998 998 0 0 1004 1004 1004 1004 1004 1004 1004
    1004 1004 1004 1004 1004 1004 1004 1004 1004 1004 1004 1004 1004
    1004 1004 1004 1004 1004 1004 1004 1004 1004 1004 1004 1004 1004
    1004 1001 1001 1004 1004 1004 1004 1004 1004 1004 1004 1004 1001
    1001 998 998 998 998 998 1001 1001 998 998 998 998 998 998 998 1001
    1001 1001 0 0 1001 1001 1004 1004 1004 1004 1004 1004 1004 1004 1004
    1004 1004 1004 1004 1004 1004 1004 1004 1004 1004 1004 1004 1004
    1004 1004 1004 1004 1004 1004 1004 1004 1004 1004 1004 1004 1004
    1004 1004 1004 1004 1004 1004 1004 1004 1001 1001 1001 1001 1001
    1001 1001 998 998 998 998 998 998 998 998 998 1001 998 998 0 0 1001
    1001 1004 1004 1004 1004 1004 1004 1004 1004 1004 1004 1004 1004
    1004 1004 1004 1004 1004 1004 1004 1004 1004 1004 1004 1004 1004
    1004 1004 1004 1004 1004 1004 1004 1004 1004 1004 1004 1004 1004
    1004 1004 1004 1004 1004 1001 1001 1001 1001 1001 1001 1001 998 998
    998 998 998 998 998 998 998 1001 998 998 0 0 1004 1001 1001 1001
    1001 1004 1004 1004 1004 1004 1004 1004 1004 1004 1004 1004 1004
    1004 1004 1004 1004 1004 1004 1004 1004 1004 1004 1004 1004 1004
    1004 1004 1004 1004 1004 1004 1004 1004 1004 1004 1004 1004 1004
    1004 1004 1001 1001 1001 1001 1001 1001 1001 998 998 998 998 998 998
    998 998 998 998 998 998 0 0 1001 1001 1001 1001 1001 1004 1004 1004
    1004 1001 1001 1004 1004 1004 1004 1004 1004 1004 1004 1001 1001
    1001 1001 1004 1004 1004 1004 1004 1004 1004 1004 1004 1004 1004
    1001 1001 1004 1004 1004 1004 1004 1004 1004 1004 1004 1001 1001
    1001 1001 1001 1001 1001 998 998 998 1001 998 998 998 998 998 998
    995 995 0 0 1001 1001 1001 1001 1004 1004 1004 1004 1004 1001 1001
    1001 1001 1004 1004 1004 1004 1004 1004 1001 1001 1001 1001 1001
    1001 1001 1004 1004 1004 1004 1004 1004 1004 1004 1001 1001 1004
    1004 1004 1004 1004 1004 1004 1004 1004 1001 1001 1001 1001 1001
    1001 998 998 1001 1001 1001 998 998 1001 998 998 998 995 995 0 0
    1004 1001 1001 1004 1004 1004 1004 1004 1004 1001 1001 1001 1001
    1004 1004 1004 1004 1004 1004 1004 1004 1001 1001 1001 1001 1001
    1004 1004 1004 1004 1004 1004 1004 1004 1001 1001 1001 1001 1001
    1004 1004 1004 1004 1004 1004 1001 1001 1001 1001 1001 998 998 998
    998 998 1001 1001 1001 1001 998 998 998 995 995 0 0 1001 1001 1001
    1004 1004 1004 1004 1004 1004 1004 1004 1004 1004 1004 1004 1004
    1004 1004 1004 1004 1004 1001 1001 1001 1004 1004 1004 1004 1004
    1004 1004 1004 1004 1004 1004 1001 1001 1001 1001 1004 1004 1004
    1004 1004 1004 1001 1001 1001 1001 1001 998 998 998 998 998 998 998
    998 998 998 998 998 995 995 0 0 1001 1001 1001 1004 1004 1004 1004
    1004 1004 1004 1004 1004 1004 1004 1004 1004 1004 1004 1004 1004
    1004 1001 1001 1001 1004 1004 1004 1004 1004 1004 1004 1004 1004
    1004 1004 1004 1001 1001 1001 1004 1004 1004 1004 1004 1004 1001
    1001 1001 998 998 998 998 998 998 998 998 998 998 998 998 998 998
    998 998 998 0 1004 1004 1004 1004 1004 1004 1004 1004 1004 1004 1004
    1004 1004 1004 1004 1004 1004 1004 1004 1004 1004 1004 1004 1004
    1004 1004 1004 1004 1004 1004 1004 1004 1004 1004 1004 1001 1001
    1001 1001 1004 1004 1004 1001 1001 1004 998 998 998 998 998 998 998
    998 998 998 998 998 998 998 998 998 998 998 998 998 0 1004 1004 1004
    1004 1004 1004 1004 1004 1004 1004 1004 1001 1001 1001 1004 1004
    1004 1004 1004 1004 1004 1004 1004 1004 1004 1004 1004 1004 1004
