<?xml version="1.0"?>
<opencv_storage>
<Depth12189 type_id="opencv-matrix">
  <rows>129</rows>
  <cols>75</cols>
  <dt>w</dt>
  <data>
    0 0 0 0 0 0 0 0 0 0 0 0 0 0 0 0 0 0 0 0 0 0 0 0 766 764 761 757 755
    755 755 754 750 750 750 750 0 0 0 0 0 0 0 0 0 0 0 0 0 0 6259 6146
    6146 6038 6038 6038 5933 5933 5933 5933 5832 5832 5933 5933 5832
    5832 5832 5832 5832 5933 5832 5832 5734 5734 5734 0 0 0 0 0 0 0 0 0
    0 0 0 0 0 0 0 0 0 776 776 773 773 0 767 764 762 759 755 754 754 752
    752 750 750 750 750 750 0 0 0 0 0 0 0 0 0 0 6259 6146 6146 6146 6146
    6038 6038 6038 6038 5933 5933 5933 5933 5933 5933 5933 5933 5832
    5832 5832 5832 5832 5933 5832 5832 5832 5832 5734 0 0 0 0 0 0 0 0 0
    0 0 0 0 0 0 0 0 0 776 774 773 773 766 766 762 761 755 754 752 752
    750 750 750 750 750 750 750 752 0 0 0 0 0 0 0 0 0 6259 6146 6038
    6038 6038 6038 6038 6038 6038 6038 5933 5933 5933 5933 5933 5933
    5933 5832 5832 5832 5832 5832 5832 5832 5832 5832 5832 5832 0 0 0 0
    0 0 0 0 0 0 0 0 0 0 0 0 0 0 776 774 773 773 759 752 752 754 752 752
    750 750 750 750 750 750 752 750 750 750 750 0 0 0 0 0 0 0 0 6259
    6146 6038 6038 6038 6038 6038 6038 6038 6038 5933 5933 5933 5933
    5933 5933 5933 5933 5933 5933 5832 5734 5734 5832 5832 5832 5832
    5832 0 0 0 0 0 0 0 0 0 0 0 0 0 0 754 752 752 752 752 752 752 754 752
    750 750 750 752 752 750 750 750 750 752 752 752 750 750 750 750 0 0
    0 0 0 0 0 0 6259 6146 6038 6038 6038 6038 6038 6038 6038 6038 5933
    5933 5933 5933 5933 5832 5832 5933 5933 5933 5832 5734 5734 5832
    5734 5734 5832 5832 0 0 0 0 0 0 0 0 0 0 0 0 0 0 752 752 752 752 752
    752 752 752 752 750 750 750 750 750 750 750 750 750 752 752 750 750
    750 750 0 0 0 0 0 0 0 0 0 6375 6146 6038 6038 6038 6038 6038 6038
    6038 6038 5933 5933 5933 5933 5933 5832 5832 5933 5832 5832 5734
    5734 5734 5832 5734 5734 5734 5734 0 0 0 0 0 0 0 0 0 0 0 752 752 752
    752 752 752 752 752 752 752 752 750 750 750 750 750 750 750 750 750
    750 752 752 750 750 750 750 752 0 0 0 0 0 0 0 0 0 6146 6038 6038
    6146 6038 6038 6038 6038 6038 5933 5933 6038 6038 5933 5832 5832
    5933 5832 5832 5734 5734 5734 5832 5832 5832 5734 5734 0 0 0 0 0 0 0
    754 754 750 750 750 752 752 752 752 752 752 752 752 752 752 750 750
    750 750 750 750 750 750 750 750 752 752 750 750 750 750 750 752 0 0
    0 0 0 0 0 0 6146 6038 6038 6146 6146 6038 6038 6038 6038 6038 6038
    6038 6038 6038 5832 5832 5832 5832 5832 5734 5734 5734 5832 5832
    5832 5734 5734 0 0 0 0 0 754 754 754 754 750 750 750 752 752 752 752
    752 750 750 750 752 752 752 750 750 750 750 750 750 750 750 750 750
    750 750 750 750 750 750 750 0 0 0 0 0 0 0 0 6146 6146 6146 6146 6146
    6146 6038 6038 6038 6038 6038 6038 6038 6038 6038 5832 5832 5832
    5832 5734 5734 5734 5832 5832 5832 5832 5832 0 0 0 0 0 752 752 752
    750 750 750 750 752 752 752 752 750 750 750 750 750 750 750 752 750
    750 750 750 752 750 750 752 750 750 750 750 750 750 750 750 0 0 0 0
    0 0 0 0 6146 6146 6146 6146 6146 6146 6146 6146 6038 6038 6038 6038
    6038 6038 5832 5832 5832 5832 5933 5832 5734 5734 5832 5832 5832
    5832 5832 755 754 754 752 750 750 752 750 750 750 750 750 752 752
    752 752 750 750 750 750 750 750 750 750 750 750 750 750 750 750 750
    750 750 750 750 750 750 750 750 750 0 0 0 0 0 0 0 0 6146 6146 6146
    6146 6146 6146 6146 6038 6038 6038 6038 6038 6038 6038 5832 5832
    5832 5832 5832 5734 5734 5734 5832 5832 5832 5832 5832 755 754 752
    752 750 750 750 749 749 750 750 750 750 752 752 752 752 750 750 750
    750 750 750 750 750 750 750 750 750 750 750 750 749 749 750 750 750
    750 750 750 0 0 0 0 0 0 0 0 6146 6146 6146 6146 6146 6146 6038 6038
    6038 5933 5933 5933 5933 5933 5832 5832 5832 5832 5832 5734 5734
    5734 5832 5832 5832 5832 5832 755 754 752 752 750 750 749 749 749
    749 750 750 750 750 752 752 752 750 750 750 750 750 750 750 750 750
    750 750 750 750 750 750 749 749 750 750 750 750 750 750 750 0 0 0 0
    0 0 0 6038 6038 6038 6038 6038 6038 6038 6038 6038 5933 5933 5933
    5933 5933 5933 5933 5832 5832 5832 5832 5734 5734 5832 5832 5832
    5832 5832 755 754 752 752 750 750 749 749 749 749 750 750 750 750
    750 752 754 754 754 750 750 750 750 750 750 750 750 750 750 750 750
    750 750 750 750 750 750 750 749 749 750 0 0 0 0 0 0 0 6038 6038 6038
    6038 6038 6038 6038 6038 6038 6038 5933 5933 5933 5933 5933 5933
    5832 5832 5832 5832 5832 5832 5832 5832 5832 5832 5832 757 755 754
    752 750 750 750 750 750 750 750 750 750 750 750 752 754 754 754 752
    752 752 752 752 752 750 750 750 750 750 750 750 750 750 750 750 750
    750 749 749 750 752 0 0 0 0 0 0 6038 6038 6146 6038 6038 6038 6038
    6038 6038 6038 6038 6038 6038 6038 6038 5933 5832 5832 5933 5933
    5832 5832 5832 5832 5832 5832 5832 759 755 754 752 752 752 750 749
    749 749 750 750 750 750 750 752 754 754 754 752 752 752 752 752 752
    750 750 750 750 750 750 750 750 750 750 750 749 749 750 749 749 750
    0 0 0 0 0 0 0 6146 6146 6038 6038 6038 6038 6146 6146 6146 6038 6038
    6038 6038 6038 5933 5832 5832 5933 5832 5832 5832 5832 5832 5832
    5832 5832 0 757 755 754 754 754 752 749 749 749 750 750 750 750 750
    752 754 754 754 752 752 752 752 750 750 750 750 750 750 750 750 750
    750 750 750 750 749 749 749 749 749 750 750 0 0 0 0 0 0 6146 6146
    6146 6146 6146 6146 6146 6146 6146 6038 6038 6038 6038 5933 5933
    5933 5933 5933 5832 5832 5832 5832 5832 5832 5832 5832 0 757 755 754
    754 754 752 749 749 749 750 750 750 750 750 752 754 754 754 752 752
    750 750 750 750 750 750 750 750 750 750 750 750 750 749 749 749 749
    749 749 749 749 749 0 0 0 0 0 0 0 6146 6146 6146 6146 6146 6146 6038
    6038 6038 6038 6038 6038 5933 5933 5933 6038 5933 5933 5832 5832
    5832 5832 5832 5832 5832 0 761 757 755 755 754 752 749 749 749 750
    750 750 750 750 752 754 754 754 752 750 750 750 750 749 749 749 750
    750 750 750 750 750 750 749 749 749 749 749 749 749 749 749 0 0 0 0
    0 0 0 6146 6146 6146 6038 6038 6038 6038 6038 6038 6038 6038 6038
    6038 6038 6038 6038 5933 5933 5832 5832 5832 5832 5832 5832 5832 0 0
    757 755 754 752 750 749 749 749 750 750 750 750 750 752 752 754 752
    750 750 750 750 749 749 749 749 750 750 750 750 750 750 749 749 749
    749 749 749 749 749 749 747 747 0 0 0 0 0 0 6146 6146 6146 6038 6038
    6038 6038 6038 6038 6038 6038 5933 5933 5933 5933 5933 5933 5933
    5832 5832 5832 5832 5832 5832 5832 0 0 761 755 754 752 750 750 750
    750 752 750 750 749 749 750 752 752 752 750 750 750 750 749 749 749
    749 750 749 749 750 750 750 749 749 749 749 749 749 749 749 747 747
    747 0 0 0 0 0 0 0 6146 6146 6038 6038 6038 6038 6038 6038 6038 6038
    5933 5933 5933 5933 5933 5933 5933 5832 5832 5832 5832 5832 5832
    5832 0 0 762 757 754 752 750 750 750 750 752 750 750 749 749 750 750
    752 752 750 750 750 749 749 749 750 749 749 749 749 750 750 749 749
    749 749 749 749 749 749 749 747 746 746 0 0 0 0 0 0 0 6146 6146 6146
    6146 6038 6038 6038 6038 6038 6038 6038 5933 5933 5933 5933 5933
    5832 5832 5832 5832 5832 5832 5832 5832 0 0 757 757 754 752 750 750
    750 750 750 750 750 749 749 750 750 750 750 750 750 750 749 749 749
    750 749 749 749 749 750 750 749 749 749 749 749 749 749 749 749 747
    746 746 0 0 0 0 0 0 0 0 6146 6146 6146 6146 6146 6146 6146 6146 6038
    6038 5933 5933 5933 5933 5933 5832 5832 5832 5832 5832 5933 5832
    5832 755 755 755 754 754 752 750 750 750 750 750 750 750 749 749 750
    750 750 750 750 750 749 749 749 750 750 750 750 750 750 750 750 749
    749 747 746 746 747 749 750 750 749 747 747 0 0 0 0 0 0 0 0 6146
    6146 6146 6146 6146 6146 6146 6146 6038 6038 5933 5933 5933 5933
    5933 5832 5832 5832 5933 5933 5933 5933 5933 754 747 747 747 747 750
    750 750 750 750 750 750 750 749 749 750 750 750 750 750 750 749 749
    749 749 749 750 750 750 750 750 750 749 749 747 746 746 746 747 749
    749 749 749 749 749 0 0 0 0 0 0 0 6146 6146 6146 6146 6146 6146 6146
