<?xml version="1.0"?>
<opencv_storage>
<Depth13071 type_id="opencv-matrix">
  <rows>8</rows>
  <cols>23</cols>
  <dt>w</dt>
  <data>
    6622 4522 4463 4463 4463 4463 4463 4463 4463 4463 4463 4463 4463
    4463 4405 4405 4463 4463 6622 6622 6622 6497 6497 4582 4522 4463
    4463 4463 4463 4463 4463 4463 4463 4463 4463 4463 4463 4405 4405
    4405 4405 4463 4463 4463 4463 6622 4582 4522 4522 4522 4463 4463
    4463 4463 4463 4463 4463 4463 4463 4405 4349 4349 4349 4349 4405
    4405 4463 4463 4463 4582 4522 4522 4463 4463 4463 4463 4463 4463
    4463 4463 4463 4463 4405 4349 4349 4349 4349 4405 4405 4405 4405
    4405 4582 4582 4522 4463 4463 4463 4463 4463 4463 4405 4405 4405
    4405 4405 4405 4405 4405 4405 4405 4405 4405 4405 4405 4645 4645
    4522 4463 4463 4405 4405 4405 4405 4349 4349 4405 4405 4405 4405
    4405 4405 4405 4405 4405 4405 4405 4405 4645 4645 4645 6622 6497
    4405 4405 4405 4349 4295 4295 4295 4405 4405 4405 4405 4405 4405
    4405 4405 4405 4405 4405 6753 6753 6753 6622 6622 6622 6622 6622
    4349 4295 4295 4295 6622 4463 4405 4405 4405 4405 4405 4349 4241
    4241 4405</data></Depth13071>
</opencv_storage>
