<?xml version="1.0"?>
<opencv_storage>
<Depth8948 type_id="opencv-matrix">
  <rows>6</rows>
  <cols>20</cols>
  <dt>w</dt>
  <data>
    4842 4842 4911 4911 4774 4774 4774 4774 4842 4842 4842 0 0 0 0 0
    4645 4645 6375 6375 4842 4842 4842 4774 4708 4708 4708 4774 4842
    4842 4842 4842 4774 4774 4645 0 0 0 0 4582 4774 4842 4842 4774 4708
    4708 4708 4774 4774 4774 4774 4842 4774 4774 4645 4645 4645 4582
    4582 4582 4774 4774 4842 4774 4774 4708 4708 4774 4774 4774 4774
    4774 4774 4708 4645 4645 4645 4582 4582 4582 4774 4774 4774 4774
    4708 4708 4774 4774 4774 4708 4708 4708 4708 4708 4645 4645 4582
    4582 4582 4645 4842 4774 4774 4708 4708 4708 4708 4708 4708 4708
    4708 4708 4708 4708 4645 4582 4582 4582 4582 4582</data></Depth8948>
</opencv_storage>
