<?xml version="1.0"?>
<opencv_storage>
<Depth20034 type_id="opencv-matrix">
  <rows>125</rows>
  <cols>76</cols>
  <dt>w</dt>
  <data>
    4241 4241 4241 4241 4295 4295 4295 4295 4295 4295 4405 4405 4349
    4349 4349 4405 4405 4463 4463 4463 4522 4522 4522 4522 4522 4582
    4582 4582 4582 4582 4582 4645 4645 4645 4708 4708 4708 4708 4774
    4774 4708 4708 4708 4708 4774 4842 4842 4842 4911 4911 4842 4842
    4842 925 923 920 920 920 920 4983 5056 5056 5056 5210 5210 5210 5132
    5132 5210 5132 5132 5210 5210 5210 5291 5374 4241 4241 4241 4241
    4295 4295 4295 4295 4295 4295 4349 4349 4349 4349 4349 4405 4463
    4463 4463 4463 4463 4522 4522 4522 4522 4582 4582 4582 4582 4582
    4582 4645 4645 4708 4708 4708 4708 4708 4708 4708 4645 4645 4708
    4708 4774 4842 4842 4842 4842 4842 4842 928 928 925 920 918 918 918
    918 918 918 918 918 918 5132 5132 5132 5132 5210 5132 5132 5210 5210
    5210 5210 5291 4241 4241 4241 4295 4295 4295 4295 4295 4295 4295
    4349 4349 4349 4349 4405 4405 4405 4463 4463 4463 4463 4463 4522
    4522 4522 4582 4582 4582 4582 4582 4582 4645 4645 4708 4708 4708
    4708 4708 4708 4708 4645 4645 4708 4842 4842 4842 4842 4842 4774
    4774 930 928 925 925 918 918 918 915 915 915 915 918 918 918 5132
    5132 5132 5132 5132 5210 5210 5210 5210 5210 5210 5291 4241 4241
    4241 4295 4295 4295 4295 4295 1094 1090 1090 4405 4405 4405 4405
    4405 4405 4463 4463 4463 4463 4463 4522 4522 4522 4522 4522 4522
    4522 4522 4582 4645 4708 4708 4708 4708 4708 4708 4774 4774 4774
    4774 908 4842 4842 4842 4842 4842 4774 4774 930 925 920 918 913 913
    913 915 915 915 915 918 918 918 0 0 0 5132 5132 5210 5210 5291 5291
    5291 5291 5291 4241 4241 4295 4295 4241 1097 1097 1094 1094 1090
    1090 4463 4522 4522 1112 1108 1105 1101 1097 1097 4405 4463 4582
    4582 4582 4522 4522 4522 4522 4522 4582 4645 4708 4774 4774 4774
    4708 920 915 915 915 908 0 896 896 896 898 898 898 898 910 910 910
    910 910 910 910 915 915 915 918 918 920 920 0 0 0 0 0 5374 5374 5374
    5291 5291 5291 5291 4241 4241 4295 4241 4241 1097 1097 1094 1094
    1090 1090 1097 1097 1101 1105 1101 1101 1097 1097 1097 4405 4405
    4405 4645 4645 4582 4582 4582 4582 4708 4708 4708 4708 4774 4842
    5056 920 920 915 908 908 908 891 896 896 896 898 898 898 898 898 903
    906 908 910 910 910 915 915 915 918 918 918 918 0 0 0 0 0 0 5374
    5291 5210 5210 5291 5291 4241 4241 4241 4190 1105 1097 1097 1090
    1090 1090 1090 1097 1097 1101 1101 1097 1097 1004 1004 1097 1097
    1097 970 970 964 962 954 954 940 940 940 5056 5056 5056 5056 920 915
    915 901 898 896 894 891 891 891 894 896 898 898 898 898 903 906 908
    908 908 910 915 915 915 918 918 918 918 0 0 0 0 0 0 5291 5291 5210
    5210 5291 5291 4241 1105 1105 1105 1101 1097 1094 1090 1084 1084
    1090 1041 1038 1034 1031 1022 1016 1004 1001 1001 1001 970 970 970
    964 962 954 954 940 940 940 940 915 915 915 913 901 898 898 896 896
    894 891 891 891 894 896 898 898 898 901 903 906 908 908 908 910 913
    915 918 920 920 918 918 0 0 0 0 0 0 5291 5291 5210 5210 5210 5210
    4089 1105 1101 1097 1090 1087 1080 1077 1067 1057 1050 1041 1038
    1031 1028 1022 1013 1004 1001 1001 1001 970 970 967 962 956 948 943
    938 938 933 928 918 910 910 903 898 894 894 894 891 891 891 891 891
    894 896 898 901 901 901 906 906 908 908 908 910 913 915 918 920 920
    918 918 0 0 0 0 0 0 5374 5291 5210 5210 5210 5210 1112 1108 1101
    1097 1090 1084 1080 1077 1060 1054 1047 1041 1034 1031 1025 1016
    1010 1004 998 989 978 970 970 967 962 954 946 940 938 935 933 925
    918 910 910 901 898 894 894 894 891 891 891 891 891 894 896 898 901
    901 903 906 906 908 908 908 910 913 915 918 920 920 920 920 920 0 0
    0 0 0 5374 5291 5210 5210 5210 5210 1112 1108 1101 1097 1090 1084
    1080 1073 1060 1054 1047 1041 1034 1028 1022 1016 1010 1001 995 989
    978 973 970 967 962 951 946 940 938 935 933 923 918 913 910 901 898
    894 891 891 891 891 891 891 891 896 898 901 901 901 903 906 906 908
    908 908 910 913 913 915 920 920 920 920 920 0 0 0 0 0 0 5374 5291
    5210 5210 5210 1112 1108 1105 1097 1090 1084 1080 1073 1060 1057
    1050 1044 1038 1028 1022 1016 1007 1001 992 989 981 975 973 967 962
    951 948 943 938 938 933 923 918 913 910 901 898 894 891 891 891 891
    891 891 894 896 898 901 901 903 903 903 906 906 908 908 910 913 913
    915 920 920 920 920 920 0 0 0 0 0 0 5374 5291 5210 5210 5210 1112
    1108 1105 1097 1090 1087 1080 1077 1063 1057 1054 1050 1041 1031
    1025 1019 1007 998 992 989 984 978 973 970 964 954 951 946 940 935
    930 923 920 915 903 901 898 894 894 891 891 891 891 894 896 898 901
    901 901 903 903 903 903 906 908 908 910 913 915 915 918 918 920 920
    920 0 0 0 0 0 0 5374 5374 5291 5291 5291 1112 1108 1108 1101 1094
    1087 1084 1077 1063 1057 1054 1050 1044 1034 1028 1022 1010 998 995
    992 987 981 975 973 967 954 951 948 940 935 930 925 920 918 903 901
    898 894 894 891 891 894 896 896 898 898 898 901 901 903 903 903 903
    906 908 910 910 913 915 915 918 918 920 920 920 0 0 0 0 0 0 5374
    5374 5374 5374 5374 1112 1108 1108 1101 1094 1087 1084 1073 1063
    1057 1054 1050 1044 1034 1028 1022 1010 1004 998 992 989 984 978 973
    967 959 951 948 943 938 930 928 923 918 903 901 898 896 894 891 891
    894 896 896 898 898 898 901 901 903 903 906 906 908 908 910 910 913
    915 915 918 918 920 920 920 923 0 0 0 0 0 5374 5374 5374 5374 5374
    1119 1112 1108 1105 1094 1087 1084 1073 1067 1060 1054 1047 1041
    1034 1028 1022 1010 1004 998 995 992 987 978 970 962 959 951 948 943
    938 933 930 925 918 910 903 901 896 894 894 894 894 898 898 898 901
    901 901 903 903 903 906 906 908 908 910 910 913 915 918 918 918 920
    920 920 920 0 0 0 0 0 0 5374 5374 5374 5374 1123 1112 1108 1105 1094
    1090 1084 1077 1070 1060 1054 1047 1041 1034 1028 1022 1010 1007 998
    995 992 987 978 970 962 959 951 948 943 940 935 930 925 918 913 910
    901 896 894 894 894 894 898 898 898 901 901 901 901 903 906 906 908
    908 908 910 910 913 915 918 920 920 920 920 920 920 0 0 0 0 0 0 5460
    5374 5374 5374 0 1112 1108 1105 1097 1090 1084 1077 1070 1063 1054
    1047 1041 1038 1028 1016 1010 1007 998 995 992 989 978 970 967 959
    954 948 943 940 935 930 925 918 913 910 901 898 896 894 894 894 898
    898 898 901 901 901 901 901 903 906 908 908 908 910 910 913 915 918
    920 920 920 920 920 920 0 0 0 0 0 0 5374 5374 5291 5291 0 1112 1108
    1105 1097 1094 1087 1077 1070 1063 1057 1047 1044 1038 1031 1016
    1010 1007 1001 995 992 989 978 970 967 959 956 951 943 940 935 933
    925 920 915 910 901 898 896 894 894 894 896 898 898 898 898 901 901
    901 903 906 906 908 908 910 910 913 915 918 920 920 920 920 920 920
    0 0 0 0 0 0 5291 5291 5291 5291 0 1112 1108 1105 1097 1094 1087 1077
    1070 1060 1057 1050 1044 1038 1031 1019 1013 1007 1001 998 995 989
    978 973 970 962 956 951 943 940 935 930 925 920 918 913 903 901 898
    896 894 894 896 898 898 898 898 898 901 901 903 906 906 908 908 910
    910 913 915 918 918 918 920 920 920 920 0 0 0 0 0 0 5291 5291 5374
    5374 0 1119 1108 1105 1097 1094 1084 1077 1067 1060 1057 1054 1047
    1041 1031 1019 1013 1007 1001 998 995 989 981 973 970 962 959 951
    946 940 935 930 925 920 918 913 903 901 898 896 894 894 896 898 898
    898 898 898 901 903 903 906 906 908 908 910 913 915 918 918 918 918
    920 920 920 920 923 0 0 0 0 0 5291 5291 5374 5374 0 1119 1108 1108
    1101 1094 1084 1077 1067 1060 1057 1054 1050 1044 1034 1022 1016
    1013 1004 1001 995 989 984 975 973 962 959 954 948 943 938 933 928
    923 918 913 910 901 898 896 894 894 896 898 898 898 898 898 901 903
    903 906 906 908 908 910 913 915 918 918 918 920 920 923 923 923 923
    0 0 0 0 0 5291 5291 5374 5374 0 0 1112 1108 1101 1094 1084 1077 1067
    1060 1057 1054 1050 1044 1038 1022 1016 1013 1007 1001 995 989 987
    978 973 962 959 954 948 943 938 933 928 925 918 913 910 901 898 896
