<?xml version="1.0"?>
<opencv_storage>
<Depth3978 type_id="opencv-matrix">
  <rows>9</rows>
  <cols>30</cols>
  <dt>w</dt>
  <data>
    4645 4645 4708 4708 4708 4708 4708 4708 4708 4708 4708 4708 4645
    4645 4645 5374 5374 5460 5460 5548 5460 5460 5374 5374 5374 5374
    5374 5374 5374 5291 4645 4645 4708 4708 4708 4708 4708 4645 4645
    4645 4645 4645 4645 4645 4645 4645 4645 4645 4708 5548 5460 5460
    5460 5460 5374 5374 5291 5291 5291 5291 4708 4708 4708 4708 4708
    4708 4708 4645 4645 4645 4645 4645 4645 4645 4645 4645 4582 4582
    4645 4645 4645 4645 4645 4645 4582 4582 4645 4645 4774 4774 4708
    4708 4708 4708 4708 4645 4645 4645 4645 4645 4645 4645 4645 4645
    4645 4645 4582 4582 4582 4645 4645 4645 4645 4645 4582 4582 4645
    4645 4645 4645 4708 4708 4708 4708 4645 4645 4645 4645 4645 4645
    4645 4645 4645 4645 4582 4582 4582 4582 4582 4645 4645 4645 4645
    4645 4645 4582 4582 4522 4522 4582 4708 4708 4708 4708 4645 4645
    4645 4645 4645 4645 4645 4645 4645 4582 4582 4582 4522 4522 4582
    4582 4582 4645 4645 4645 4645 4582 4582 4522 4522 4582 4708 4708
    4708 4708 4708 4708 4645 4645 4645 4645 4645 4645 4645 4582 4522
    4522 4522 4522 4582 4522 4522 4582 4582 4645 4582 4582 4582 4582
    4582 4582 4774 4774 4708 4708 4708 0 0 4645 4645 4645 4645 4645 4645
    4582 4522 4522 4582 4582 4522 4522 4522 4582 4582 4645 4582 4582
    4582 4522 4522 4522 0 0 0 0 0 0 0 0 4645 4645 4645 4645 4645 4645
    4645 4582 4582 4582 4522 4522 4522 4522 4522 4645 4645 4645 4645
    4522 4522 4522</data></Depth3978>
</opencv_storage>
