<?xml version="1.0"?>
<opencv_storage>
<Depth19265 type_id="opencv-matrix">
  <rows>10</rows>
  <cols>10</cols>
  <dt>w</dt>
  <data>
    8413 8413 8413 8212 8212 8212 0 0 0 0 8413 8413 8413 8212 8212 8212
    0 0 0 7178 8413 8413 8413 8212 8212 8212 8212 0 8019 0 8413 8413
    8413 8212 8212 8212 8212 0 8019 8019 8413 8413 8413 8413 8413 8413
    8413 8413 0 8019 8413 8413 8413 8413 8413 8413 8413 8413 8413 8413
    8626 8626 8413 8413 8413 8413 8413 8413 8413 8413 9084 8626 8413
    8413 8413 8413 8413 8413 8413 8413 9331 9331 8626 8413 8413 8413
    8413 8413 8413 8413 9331 9331 9331 8413 8413 8413 8413 8626 8413
    8413</data></Depth19265>
</opencv_storage>
