<?xml version="1.0"?>
<opencv_storage>
<Depth18779 type_id="opencv-matrix">
  <rows>24</rows>
  <cols>60</cols>
  <dt>w</dt>
  <data>
    2522 2522 2522 2522 2541 2541 3149 3149 3238 2541 2541 3300 3300
    3300 3300 3300 3300 3333 3365 3365 3365 3365 3365 3365 3365 3365
    3365 3433 3433 3399 3333 3300 3300 3300 3300 3300 3269 3269 3300
    3300 3300 3333 3365 3433 3433 3503 3503 3503 3539 3539 3539 3576
    3576 3614 3614 1470 1458 1458 1452 1452 2541 2541 2522 2522 2522
    2522 2522 2522 2522 2541 2541 3333 2560 2560 2579 2579 2579 2598
    2639 2639 3333 3365 3365 3365 3365 3365 3365 3433 3433 3399 3365
    3300 3300 3269 3269 3300 3269 3269 3300 3300 3300 3333 3333 3399
    3399 3433 3468 3503 3539 3539 3539 3576 3539 3539 3576 1464 1458
    1458 1458 1458 2541 2541 2522 2522 2522 2522 2522 2522 2522 2541
    2541 2541 2560 2560 2579 2579 2579 2579 2598 2618 2598 2598 2598
    2598 2598 2598 2618 2639 3433 3399 3365 3300 3269 3269 3269 3269
    3269 3269 3300 3300 3300 3300 3333 3365 3399 3433 3468 3503 3539
    3539 3539 3576 3539 3539 3576 1464 1452 1452 1458 3614 2503 2522
    2522 2522 2522 2522 2522 2541 2541 2541 2541 2541 2560 2560 2579
    2579 2579 2579 2598 2598 2598 2598 2598 2598 2598 2598 2618 2639
    2639 2659 2639 2639 3269 3269 3269 3269 3269 3269 3300 3300 3300
    3300 3333 3365 3399 3468 3503 3503 3539 3539 3539 3576 3539 3539
    3576 3576 1452 1452 3576 3576 2503 2522 2522 2522 2522 2522 2522
    2541 2541 2541 2541 2541 2560 2579 2579 2579 2579 2579 2579 2598
    2598 2598 2598 2598 2598 2598 2598 2618 2639 2639 2639 2639 2639
    3269 3269 3269 3269 3269 3300 3300 3300 3300 2680 2680 3433 3503
    3539 3539 3539 3539 3576 3576 3576 3576 3576 3576 1452 1452 1464
    3576 2503 2522 2522 2522 2522 2522 2522 2541 2541 2541 2560 2560
    2579 2579 2579 2579 2579 2579 2579 2598 2598 2598 2598 2598 2598
    2598 2598 2618 2618 2618 2618 2618 2618 2618 3269 3269 3269 3300
    3300 3300 2680 2680 2680 2680 2680 2701 3539 3539 3539 3576 3576
    3614 3576 3576 3576 3576 1452 1452 1464 3614 2522 2522 2522 2522
    2522 2522 2522 2541 2560 2560 2560 2560 2560 2579 2579 2579 2579
    2579 2579 2598 2598 2598 2598 2598 2598 2598 2598 2598 2618 2618
    2618 2618 2618 2618 2618 2639 2639 2639 2639 2659 2659 2659 2659
    2659 2680 2701 2723 2723 2723 2723 2744 2744 2744 3576 3576 3614
    1452 1452 1464 3614 2522 2522 2522 2522 2522 2522 2522 2560 2560
    2560 2560 2560 2560 2579 2579 2579 2579 2579 2579 2579 2598 2598
    2598 2598 2598 2598 2598 2598 2598 2598 2618 2618 2618 2618 2618
    2639 2639 2618 2618 2639 2659 2659 2659 2659 2680 2701 2680 2680
    2701 2701 2723 2723 2723 2723 2701 2701 3614 1470 1470 2789 2522
    2522 2522 2522 2522 2522 2522 2560 2560 2560 2560 2560 2579 2579
    2579 2579 2579 2579 2579 2579 2579 2579 2579 2598 2598 2598 2598
    2598 2598 2598 2598 2598 2639 2639 2639 2659 2639 2618 2618 2639
    2659 2680 2680 2680 2680 2680 2659 2659 2680 2680 2701 2723 2723
    2723 2701 2701 2744 2767 2767 2767 2522 2522 2522 2522 2522 2522
    2522 2560 2541 2541 2560 2560 2579 2579 2579 2598 2598 2579 2579
    2579 2579 2579 2579 2598 2598 2598 2598 2598 2598 2598 2598 2598
    2618 2639 2639 2659 2639 2639 2639 2639 2659 2659 2659 2680 2680
    2680 2659 2659 2680 2680 2701 2701 2701 2701 2723 2744 2744 2767
    2767 2744 2522 2522 2522 2522 2522 2541 2560 2560 2541 2541 2560
    2560 2579 2579 2579 2579 2579 2598 2579 2579 2579 2579 2579 2598
    2598 2598 2598 2598 2598 2598 2598 2598 2598 2639 2659 2659 2659
    2639 2639 2639 2659 2659 2659 2659 2659 2680 2680 2680 2680 2680
    2701 2701 2701 2701 2723 2744 2767 2744 2744 2723 2503 2522 2522
    2522 2522 2541 2560 2560 2560 2560 2560 2579 2579 2579 2579 2579
    2579 2598 2598 2598 2598 2598 2598 2598 2618 2618 2618 2598 2598
    2598 2598 2598 2598 2659 2659 2659 2659 2659 2659 2659 2659 2659
    2659 2659 2659 2659 2680 2680 2680 2680 2701 2701 2701 2701 2723
    2744 2767 2744 2744 2212 2503 2522 2522 2522 2522 2560 2560 2560
    2560 2560 2560 2579 2579 2579 2579 2579 2579 2579 2579 2598 2598
    2598 2598 2598 2598 2618 2598 2598 2598 2598 2598 2598 2618 2639
    2639 2659 2659 2659 2659 2659 2659 2659 2659 2659 2659 2659 2680
    2680 2680 2680 2701 2701 2701 2701 2701 2701 2723 2744 2767 2212
    2503 2503 2522 2522 2522 2541 2560 2560 2560 2560 2579 2579 2579
    2579 2579 2579 2579 2579 2579 2598 2598 2598 2618 2598 2598 2598
    2598 2598 2598 2598 2598 2618 2618 2639 2639 2659 2659 2659 2659
    2659 2659 2659 2659 2659 2659 2659 2659 2659 2659 2680 2701 2701
    2701 2701 2701 2701 2723 2744 2767 2767 2485 2485 2485 2467 2467
    2522 2560 2560 2560 2560 2560 2560 2560 2579 2579 2579 2579 2579
    2579 2598 2598 2598 2598 2598 2598 2598 2598 2598 2598 2598 2639
    2639 2659 2659 2659 2659 2659 2659 2659 2659 2659 2659 2659 2659
    2659 2659 2659 2659 2659 2659 2701 2701 2723 2723 2723 2723 2723
    2723 2744 2744 2485 2485 2485 2415 2415 2415 2415 2560 2560 2541
    2541 2560 2560 2560 2560 2560 2560 2579 2579 2598 2598 2598 2598
    2598 2598 2598 2598 2639 2639 2639 2639 2659 2659 2659 2659 2659
    2659 2659 2659 2659 2659 2659 2659 2680 2680 2680 2659 2659 2659
    2659 2701 2701 2723 2723 2723 2723 2723 2723 2744 2744 0 0 2503 2415
    2415 2415 2415 0 0 2541 2541 2522 2522 2541 2541 2541 2560 2579 2598
    2598 2598 2598 2598 2598 2598 2598 2618 2618 2618 2639 2639 2659
    2659 2639 2639 2659 2659 2659 2659 2659 2659 2680 2680 2680 2680
    2680 2680 2680 2680 2680 2701 2723 2723 2723 2723 2723 2723 2744
    2744 2744 0 0 0 0 0 0 0 0 0 0 2541 2522 2522 2522 2522 2541 2541
    2541 2598 2618 2618 2598 2598 2598 2598 2598 2598 2618 2618 2639
    2639 2639 2639 2639 2639 2659 2659 2659 2659 2659 2659 2680 2680
    2680 2680 2680 2680 2680 2680 2701 2723 2723 2744 2744 2744 2744
    2744 2744 2744 2744 0 0 0 0 0 0 0 0 0 0 0 2503 2503 2522 2522 2541
    2541 2541 0 2639 2618 2579 2579 2598 2598 2598 2598 2618 2618 2639
    2639 2639 2639 2639 2639 2659 2659 2659 2659 2659 2659 2659 2680
    2680 2680 2680 2680 2701 2701 2701 2723 2723 2744 2744 2767 2767
    2767 2767 2767 2767 0 0 0 0 0 0 0 0 0 0 0 2503 2503 0 0 0 0 0 0 2659
    2659 2579 2579 0 0 0 2659 2659 2639 2639 2639 2639 2639 2618 2618
    2618 2618 2618 2618 2639 2659 2659 2659 2659 2659 2680 2680 2680
    2680 2723 2723 2701 2701 2723 2744 2767 2767 2767 2767 2767 0 0 0 0
    0 0 0 0 0 0 0 0 0 0 0 0 0 0 0 0 0 0 0 0 0 0 0 2680 2680 2659 2659 0
    2639 2618 2618 2618 2618 2598 2598 2598 2639 2659 2659 2659 2659
    2680 2680 2680 2680 2723 2723 2701 2701 2701 2744 2767 2767 2767
    2767 2767 0 0 0 0 0 0 0 0 0 0 0 0 0 0 0 0 0 0 0 0 0 0 0 0 0 0 0 0 0
    0 0 0 0 0 0 0 2618 2598 2579 2579 2598 2618 2618 2659 2680 2680 2659
    2659 2680 2723 0 2680 2680 2680 2767 2767 2767 2767 2767 0 0 0 0 0 0
    0 0 0 0 0 0 0 0 0 0 0 0 0 0 0 0 0 0 0 0 0 0 0 0 0 0 0 0 0 0 0 0 0
    2579 2579 2598 2579 2579 2659 2680 2680 2659 2659 2680 0 0 0 2680
    2680 2744 2744 2744 2744 2767 0 0 0 0 0 0 0 0 0 0 0 0 0 0 0 0 0 0 0
    0 0 0 0 0 0 0 0 0 0 0 0 0 0 0 0 0 0 0 0 0 0 2598 2579 2579 0 0 0 0 0
    0 0 0 0 0 2744 2744 2744 2744 2744 2744 2744</data></Depth18779>
</opencv_storage>
