<?xml version="1.0"?>
<opencv_storage>
<Depth2337 type_id="opencv-matrix">
  <rows>27</rows>
  <cols>7</cols>
  <dt>w</dt>
  <data>
    5640 5640 5640 5640 5640 0 0 5734 5734 5734 5832 5832 0 0 5832 5832
    5832 5832 5832 5933 0 5832 5832 5832 5832 5734 5734 0 5832 5832 5832
    5832 5640 5640 0 5933 5832 5832 5832 5640 5640 0 5832 5734 5734 5832
    5832 5832 0 5832 5734 5734 5832 5832 5832 0 5832 5832 5832 5832 5832
    0 0 5832 5832 5832 5832 5832 5832 0 5832 5832 5832 5832 5734 5640
    5640 5832 5832 5832 5832 5734 5640 5640 5933 5832 5832 5832 5734
    5734 0 5933 5832 5832 5832 5832 6038 0 6038 5832 5832 5832 5832 5933
    0 6146 5832 5832 5832 5933 5933 5933 6146 5832 5832 5832 5832 5832
    5933 6038 5832 5832 5832 5832 5832 0 6038 5933 5933 5933 5832 5832 0
    6038 5933 5832 5832 5832 5832 0 5933 5933 5832 5832 5832 5832 0 5933
    5933 5832 5832 5832 5832 0 5933 5933 5933 5832 5832 5832 0 5933 5933
    5933 5933 5832 5832 5832 5933 5933 5933 5933 5933 5832 5832 5933
    5933 5933 5933 5933 5933 5933 5933 5933 5933 5933 5933 5933 5933</data></Depth2337>
</opencv_storage>
