<?xml version="1.0"?>
<opencv_storage>
<Depth19748 type_id="opencv-matrix">
  <rows>5</rows>
  <cols>18</cols>
  <dt>w</dt>
  <data>
    8413 8413 8212 8212 8212 8212 8413 8413 8849 8626 8413 8413 8413
    8413 8413 8413 8626 8626 8212 8212 8212 8212 8212 8212 8212 8212
    8413 8413 8212 8212 8212 8212 8212 8413 8413 8413 8212 8212 8212
    8212 8212 8212 8212 8212 8212 8212 8212 8212 8212 8212 8212 8212
    8212 8212 8212 8212 8212 8212 8212 8212 8212 8212 8212 8212 8019
    8019 8019 8212 8212 8212 8212 8212 8212 8212 8212 8212 8212 8212
    8212 8212 8212 8212 8019 8019 8019 8212 8212 8413 8413 8413</data></Depth19748>
</opencv_storage>
