<?xml version="1.0"?>
<opencv_storage>
<Depth8751 type_id="opencv-matrix">
  <rows>23</rows>
  <cols>12</cols>
  <dt>w</dt>
  <data>
    4089 4089 4041 4041 4041 3994 3994 4041 4041 2301 2301 2301 4089
    4089 4089 4089 4041 4041 4041 3994 3994 3269 3269 3269 4089 4089
    4041 4041 4041 4041 4041 3994 3994 3269 3269 3269 4089 4041 4041
    4041 4041 4041 4041 3994 3994 3994 3269 3269 4041 4041 3994 3994
    3994 3994 3994 3994 3994 3948 3903 3269 4041 3994 3994 3994 3994
    3994 3994 3994 3948 3903 3903 3269 4041 3994 3994 3994 3994 3994
    3994 3948 3948 3903 3903 3903 4041 3994 3994 3994 3994 3994 3994
    3948 3948 3903 3903 3903 4041 3994 3994 3994 3994 3994 3994 3994
    3994 3948 3948 3948 4041 4041 4041 4041 4041 3994 3994 3994 3994
    3948 3948 3269 4089 4089 4041 4041 4041 4041 4041 4041 4041 3994
    3994 3269 4089 4089 4089 4041 4041 4041 4041 4041 4041 4041 3994
    3269 4139 4139 4089 4089 4089 4089 4089 4041 4041 4041 4041 4041
    4139 4139 4089 4089 4089 4089 4089 4041 4041 4041 4041 4041 4190
    4139 4089 4089 4089 4089 4041 4041 4041 4041 3994 3994 4190 4139
    4139 4089 4089 4089 4041 4041 4041 4041 3994 3994 4190 4190 4139
    4089 4089 4089 4089 4041 4041 4041 3994 3994 3539 4190 4139 4139
    4139 4089 4089 4041 4041 4041 4041 3994 3539 4295 4190 4139 4139
    4089 4089 4041 4041 4041 4041 3994 3539 4190 4139 4139 4089 4041
    4041 4041 4041 3994 3994 3994 3539 4089 4089 4089 4041 3994 3903
    3859 3859 3859 3948 3948 4089 4089 4041 4041 3994 3948 3903 3859
    3859 3859 3903 3903 4089 3092 3092 3092 3948 3903 3903 3903 3903
    3903 3903 3903</data></Depth8751>
</opencv_storage>
