<?xml version="1.0"?>
<opencv_storage>
<Depth15168 type_id="opencv-matrix">
  <rows>19</rows>
  <cols>22</cols>
  <dt>w</dt>
  <data>
    4241 3208 3208 3208 3178 3178 3149 3149 3178 3149 3149 3149 3149
    3149 3149 3178 3149 3120 3120 4139 4139 4139 3269 3238 3238 3208
    3178 3178 3178 3178 3178 3149 3149 3149 3149 3149 3149 3149 3120
    3120 3120 3120 3149 4139 3269 3238 3238 3238 3208 3178 3178 3178
    3178 3149 3149 3149 3149 3149 3149 3149 3120 3120 3120 3120 3120
    4139 3269 3269 3238 3238 3208 3208 3178 3178 3178 3149 3149 3149
    3149 3149 3178 3149 3120 3120 3120 3120 3120 3149 3269 3238 3208
    3208 3208 3208 3178 3178 3178 3149 3149 3149 3149 3178 3149 3149
    3149 3149 3149 3178 3149 3149 3269 3238 3208 3208 3208 3208 3178
    3178 3178 3149 3149 3178 3149 3149 3149 3149 3149 3149 3178 3178
    3178 3178 3269 3208 3208 3208 3208 3208 3208 3178 3178 3149 3149
    3178 3149 3149 3149 3149 3149 3178 3208 3208 3208 3208 3269 3208
    3208 3208 3208 3208 3208 3208 3208 3178 3178 3178 3149 3149 3149
    3149 3149 3178 3178 3178 3178 3178 3300 3238 3208 3208 3208 3208
    3208 3208 3208 3178 3178 3178 3178 3178 3149 3149 3149 3178 3178
    3178 3178 3178 3333 3269 3269 3238 3208 3208 3208 3208 3208 3208
    3178 3178 3178 3178 3149 3149 3149 3149 3178 3208 3208 3208 4349
    3300 3300 3269 3269 3238 3238 3238 3238 3208 3208 3208 3178 3178
    3178 3178 3149 3149 3149 3208 3238 3238 4349 3333 3333 3300 3269
    3269 3238 3238 3238 3208 3208 3208 3178 3178 3178 3120 3120 3120
    3120 3178 3178 3178 4349 3333 3333 3300 3269 3269 3238 3238 3238
    3208 3208 3208 3178 3178 3178 3120 3120 3092 3092 3149 3149 3149
    4349 3365 3333 3300 3269 3269 3238 3238 3238 3208 3208 3208 3178
    3149 3149 3120 3120 3092 3092 3149 3149 3149 4349 4349 3333 3333
    3300 3269 3269 3238 3238 3208 3208 3238 3178 3120 3092 3092 3120
    4295 4241 4241 4241 4241 4349 4349 3333 3333 3300 3300 3269 3238
    3238 3208 3208 3238 3208 3120 3092 3092 4295 4295 4241 4241 4241
    4241 4349 4349 3333 3333 3333 3300 3300 3238 3238 3238 3238 3238
    3208 3208 3208 4295 4295 4295 4241 4241 4241 4241 4349 4349 3333
    3333 3365 3333 3300 3238 3238 3208 3208 3238 3238 4349 4349 4295
    4295 4295 4241 4241 4241 4241 4349 4349 3399 3399 3333 3300 3269
    3238 3238 3208 3208 3238 4295 4349 4295 4295 4295 4295 4241 4241
    4295 4295</data></Depth15168>
</opencv_storage>
