<?xml version="1.0"?>
<opencv_storage>
<Depth10189 type_id="opencv-matrix">
  <rows>73</rows>
  <cols>95</cols>
  <dt>w</dt>
  <data>
    4522 4522 4522 4522 4522 4522 4463 4463 4463 4463 4463 4463 4463
    4463 4463 4405 4405 4405 4405 4349 4349 4295 4295 4295 4349 4349
    4349 4349 4349 4295 4295 4295 4295 4295 4295 4295 4241 4190 4190
    4190 4190 4190 4190 4139 4139 4139 4139 4139 4089 4089 4089 4041
    4041 4041 4041 3994 3994 3994 3948 3948 3994 3994 3994 3994 3994
    3948 3948 3948 3948 3903 3859 3859 3816 3816 3816 3816 3816 3816
    3816 3816 3816 3816 3816 1343 1333 1333 1328 1328 1317 1307 1307
    1322 1322 2835 2812 4522 4522 4522 4463 4463 4463 4463 4463 4463
    4463 4522 4463 4463 4463 4463 4405 4405 4405 4405 4349 4349 4295
    4295 4295 4349 4349 4349 4349 4349 4295 4295 4295 4295 4295 4295
    4241 4190 4190 4190 4190 4190 4190 4190 4190 4139 4139 4089 4089
    4089 4089 4089 4041 4041 4041 3994 3994 3994 3994 3948 3948 3994
    3994 3994 3994 3994 3948 3948 3948 3948 3903 3903 3816 3816 3816
    3816 3816 3816 3774 3774 3816 3816 3816 3816 1343 1333 1328 1328
    1322 1322 1317 1317 1322 1322 1322 2835 4522 4522 4522 4463 4463
    4463 4463 4463 4463 4463 4463 4463 4463 4405 4405 4405 4405 4349
    4349 4349 4349 4295 4295 4295 4349 4349 4295 4295 4295 4295 4295
    4295 4295 4295 4241 4241 4190 4190 4190 4190 4190 4139 4139 4139
    4139 4139 4089 4089 4089 4089 4089 4041 4041 4041 3994 3994 3994
    3994 3948 3948 3994 3994 3994 3994 3994 1322 1322 1322 1322 3903
    3903 3816 3816 3816 3816 3774 3774 3774 3774 3774 3774 3816 3816
    1338 1333 1328 1322 1322 1322 1317 1317 1317 1312 1312 1312 4522
    4522 4522 4522 4463 4463 4463 4463 4463 4463 4463 4463 4463 4405
    4405 4349 4349 4349 4349 4349 4349 4295 4295 4295 4349 4349 4295
    4295 4295 4295 4295 4295 4295 4295 4241 4241 4190 4190 4190 4190
    4190 4139 4139 4139 4139 4139 4089 4089 4089 4089 4041 4041 4041
    4041 4041 3994 1338 1333 1333 1328 1328 1322 1322 3994 3994 1312
    1312 1317 1312 1312 1312 1312 3816 3816 3816 3774 3732 3732 3732
    3732 3732 3774 1333 1333 1322 1322 1322 1317 1317 1312 1312 1312
    1307 1302 1297 4522 4522 4522 4522 4463 4463 4463 4463 4463 4463
    4463 4463 4463 4405 4349 4349 4349 4349 4349 4349 4349 4295 4295
    4295 4349 4349 4349 4295 4295 4295 4295 4241 4241 4241 4241 4241
    4190 4190 4190 4190 4190 4139 4139 4139 4139 4089 4089 4089 4089
    4089 4041 4041 4041 4041 3994 1338 1333 1333 1328 1328 1328 1322
    1322 1322 1312 1312 1312 1312 1312 1312 1307 1302 1302 1302 1302
    3774 3732 3732 3732 3732 3732 3732 1333 1333 1322 1307 1302 1302
    1302 1302 1302 1307 1307 1302 1297 4522 4522 4522 4522 4463 4463
    4463 4463 4463 4405 4405 4405 4405 4405 4295 4295 4295 4295 4349
    4349 4349 4349 4295 4295 4349 4349 4295 4295 4295 4295 4295 4241
    4241 4241 4241 4190 4190 4139 4139 4139 4139 4139 4139 4139 4139
    4089 4089 4089 4089 4089 4041 4041 4041 4041 1333 1333 1333 1333
    1328 1328 1322 1322 1317 1312 1307 1307 1307 1302 1302 1302 1302
    1297 1292 1292 1292 1292 3732 3732 3653 3653 3732 3732 1338 1338
    1328 1302 1302 1302 1297 1292 1292 1297 1297 1292 1292 4522 4522
    4522 4463 4463 4463 4463 4405 4405 4405 4405 4405 4405 4405 4295
    4295 4295 4295 4349 4349 4349 4349 4295 4295 4349 4349 4295 4295
    4295 4295 4295 4241 4241 4241 4241 4190 4139 4139 4139 4139 4139
    4139 4139 4139 4139 4089 4041 4041 4041 4041 1338 1338 1338 1333
    1333 1333 1333 1328 1328 1322 1322 1317 1312 1307 1307 1302 1302
    1292 1292 1288 1288 1273 1273 1273 1273 1283 1283 3653 3653 3653
    3732 3732 3774 1343 1343 1302 1302 1302 1297 1292 1292 1292 1292
    1288 1288 4522 4463 4463 4463 4463 4463 4463 4405 4405 4405 4405
    4405 4405 4405 4349 4349 4349 4349 4349 4349 4349 4295 4295 4295
    4295 4295 4295 4295 4295 4295 4295 4241 4241 4190 4190 4190 4139
    4139 4139 4139 4139 4139 4139 4139 4139 4089 4041 4041 4041 1343
    1333 1333 1333 1328 1322 1322 1328 1328 1322 1317 1317 1312 1312
    1307 1302 1302 1292 1288 1283 1273 1268 1264 1264 1264 1264 1268
    1268 1268 1268 3732 3732 3732 3774 1343 1343 1307 1302 1302 1292
    1288 1288 1288 1283 1283 1278 4463 4463 4463 4463 4463 4463 4463
    4405 4405 4405 4405 4405 4405 4405 4405 4405 4349 4349 4349 4349
    4295 4295 4295 4295 4295 4295 4295 4295 4295 4295 4295 4241 4241
    4190 4190 4190 4139 4139 4139 4139 4139 4139 4139 4139 4089 4089
    4089 4089 1343 1338 1333 1328 1322 1322 1322 1322 1322 1322 1317
    1312 1307 1307 1307 1307 1302 1297 1288 1288 1283 1273 1268 1264
    1264 1259 1259 1259 1255 1245 1245 1245 1245 3816 3816 1333 1333
    1338 1307 1307 1292 1288 1288 1288 1283 1278 1273 4463 4463 4463
    4463 4463 4463 4463 4463 4405 4405 4405 4405 4405 4405 4405 4405
    4405 4349 4349 4295 4295 4295 4295 4295 4295 4295 4295 4295 4295
    4241 4241 4241 4190 4190 4190 4190 4139 4139 4139 4139 4139 4139
    4139 4089 4089 1343 1343 1343 1338 1333 1328 1322 1322 1317 1317
    1317 1317 1317 1312 1307 1307 1302 1302 1302 1292 1292 1288 1288
    1283 1273 1264 1259 1259 1259 1255 1255 1250 1245 1241 1241 1343
    1338 1333 1333 1328 1328 1328 1312 1297 1292 1288 1283 1278 1273
    1273 4463 4463 4463 4463 4463 4463 4463 4463 4405 4405 4405 4405
    4405 4349 4349 4349 4349 4349 4295 4295 4295 4295 4295 4295 4295
    4295 4295 4295 4241 4241 4241 4241 4190 4190 4190 4139 4139 4139
    4139 4139 4139 4139 4139 4089 1349 1338 1338 1338 1338 1333 1322
    1317 1317 1312 1312 1312 1312 1312 1307 1307 1302 1302 1302 1292
    1288 1288 1288 1283 1278 1268 1264 1259 1255 1255 1250 1250 1250
    1245 1241 1241 1343 1338 1333 1333 1328 1328 1322 1322 1317 1307
    1292 1283 1273 1268 1264 4463 4463 4463 4463 4463 4463 4463 4463
    4463 4405 4405 4349 4349 4295 4295 4295 4295 4295 4295 4295 4295
    4295 4295 4295 4295 4295 4295 4295 4190 4190 4241 4241 4241 4190
    4190 4139 4139 4139 4139 1365 1343 1343 4089 1349 1343 1338 1338
    1333 1333 1322 1322 1317 1317 1307 1307 1307 1307 1307 1307 1302
    1302 1297 1292 1288 1288 1283 1283 1283 1278 1268 1264 1255 1255
    1255 1250 1250 1250 1241 1241 1241 1338 1333 1333 1328 1328 1328
    1322 1322 1322 1312 1307 1288 1273 1264 1259 4463 4463 4405 4405
    4463 4463 4463 4463 4405 4405 4405 4349 4349 4295 4295 4295 4295
    4295 4295 4241 4241 4241 4241 4241 4295 4295 4295 4295 4190 4190
    4190 4190 4190 4190 4190 4139 4139 4190 1354 1349 1343 1343 1343
    1338 1338 1333 1333 1328 1322 1322 1317 1312 1312 1302 1302 1302
    1307 1307 1297 1297 1292 1292 1288 1283 1283 1278 1273 1273 1268
    1268 1264 1255 1255 1250 1250 1250 1245 1241 1236 1236 1338 1333
    1333 1328 1328 1328 1328 1328 1322 1317 1317 1297 1273 1264 1259
    4463 4463 4405 4405 4405 4405 4405 4405 4405 4405 4349 4349 4349
    4295 4295 4295 4295 4295 4295 4241 4241 4241 4241 4241 4295 4295
    4295 4241 4241 4190 4190 4190 4190 4190 4190 1359 1359 1354 1349
    1343 1343 1343 1338 1338 1333 1328 1322 1322 1317 1317 1307 1307
    1307 1302 1297 1297 1302 1302 1292 1292 1288 1288 1288 1283 1278
    1268 1268 1268 1268 1264 1264 1255 1250 1250 1250 1250 1245 1241
    1232 1232 1338 1333 1333 1328 1328 1328 1322 1322 1317 1307 1307
    1297 1283 1268 1255 4463 4463 4405 4405 4405 4405 4405 4349 4349
    4349 4349 4349 4349 4295 4295 4295 4295 4295 4295 4295 4241 4241
    4241 4241 4295 4295 4295 4241 4241 4190 4190 4190 1359 1359 1359
    1359 1354 1349 1343 1343 1343 1338 1333 1333 1322 1322 1317 1317
    1317 1312 1307 1302 1302 1297 1297 1297 1297 1302 1292 1292 1288
    1283 1283 1273 1268 1264 1264 1268 1264 1264 1259 1255 1250 1250
    1250 1245 1245 1241 1232 1227 1227 1333 1333 1328 1322 1322 1317
    1307 1307 1302 1302 1297 1288 1268 1255 4463 4463 4405 4405 4405
    4405 4405 4349 4349 4349 4349 4349 4349 4295 4295 4295 4295 4295
    4295 4295 4241 4241 4241 4241 4295 4295 4295 4241 4241 4190 4190
    1359 1359 1359 1354 1354 1343 1343 1343 1338 1338 1333 1328 1328
    1317 1317 1317 1317 1312 1307 1302 1302 1297 1292 1292 1288 1288
