<?xml version="1.0"?>
<opencv_storage>
<Depth17836 type_id="opencv-matrix">
  <rows>63</rows>
  <cols>45</cols>
  <dt>w</dt>
  <data>
    3903 3903 3903 3948 3948 3948 3948 1572 1564 1564 1564 1564 1564
    1572 1572 1579 4041 4041 4041 4041 4041 4041 4041 4041 4041 4089
    4089 4089 4089 4089 4089 4139 4139 4089 4089 4089 4139 4139 4190
    4190 4241 4241 4241 4190 4190 3903 3903 3903 3994 3994 1564 1564
    1564 1564 1564 1564 1564 1564 1564 1564 1572 1572 1564 1564 1557
    1557 1550 1550 1564 1564 4089 4089 4089 4089 4089 1557 1557 1564
    1564 1572 4089 4139 4139 4139 4190 4241 1564 1564 1564 4190 3948
    3948 3948 1564 1564 1564 1564 1564 1564 1564 1564 1564 1564 1564
    1564 1572 1564 1564 1557 1557 1557 1550 1550 1564 1557 1557 1557
    1557 1557 1557 1557 1557 1557 1564 1564 1564 1564 1564 1564 1557
    1557 1557 1550 1550 1550 3948 3948 0 0 1586 1564 1564 1564 1564 1564
    1564 1564 1564 1572 1564 1564 1564 1564 1557 1557 1557 1557 1557
    1564 1557 1557 1557 1557 1557 1557 1557 1557 1557 1557 1557 1564
    1564 1557 1557 1557 1557 1557 1550 1550 1550 3948 3948 0 0 1586 1586
    1564 1564 1564 1564 1564 1564 1564 1572 1564 1564 1564 1564 1564
    1557 1557 1557 1557 1564 1564 1564 1557 1557 1557 1557 1557 1564
    1564 1557 1557 1564 1564 1557 1557 1557 1557 1557 1557 1557 1557
    3948 3948 0 1564 1572 1572 1572 1564 1564 1564 1564 1564 1564 1572
    1564 1564 1564 1564 1564 1564 1564 1564 1564 1564 1564 1564 1557
    1557 1557 1557 1557 1564 1564 1564 1564 1564 1564 1557 1557 1557
    1557 1557 1557 1550 1550 3948 3948 0 1564 1564 1564 1564 1564 1564
    1564 1564 1564 1564 1572 1572 1572 1572 1572 1572 1572 1572 1572
    1564 1564 1564 1564 1564 1557 1557 1557 1564 1564 1564 1564 1564
    1564 1564 1557 1557 1557 1557 1557 1557 1550 1550 3948 0 1564 1564
    1564 1557 1557 1564 1564 1564 1564 1564 1564 1572 1572 1572 1572
    1572 1572 1572 1572 1572 1564 1564 1564 1564 1572 1572 1572 1564
    1564 1564 1564 1564 1564 1557 1557 1564 1564 1557 1557 1557 1564
    1564 1564 3948 3948 1564 1564 1564 1557 1557 1564 1564 1564 1564
    1564 1564 1572 1572 1572 1572 1572 1572 1572 1572 1572 1564 1564
    1564 1572 1572 1572 1572 1572 1572 1564 1564 1564 1564 1557 1557
    1557 1557 1557 1557 1557 1564 1564 1572 3948 3948 1564 1564 1564
    1557 1557 1564 1564 1564 1564 1564 1564 1572 1572 1572 1572 1572
    1572 1572 1572 1572 1564 1564 1572 1572 1572 1572 1572 1572 1572
    1564 1564 1564 1564 1564 1557 1557 1557 1564 1564 1564 1564 1564
    1564 3948 3948 1557 1557 1564 1564 1564 1564 1564 1564 1564 1564
    1564 1572 1572 1572 1572 1572 1572 1572 1572 1564 1564 1564 1564
    1572 1572 1572 1572 1572 1572 1564 1564 1564 1564 1564 1557 1557
    1557 1564 1564 1564 1564 1564 1564 3948 3948 1557 1557 1564 1564
    1564 1564 1564 1564 1564 1564 1564 1572 1572 1572 1572 1572 1572
    1572 1572 1564 1564 1564 1564 1572 1564 1564 1572 1572 1572 1564
    1564 1572 1564 1564 1564 1564 1564 1564 1564 1564 1564 1564 1564
    3903 1557 1557 1557 1564 1564 1564 1564 1564 1564 1564 1564 1564
    1572 1572 1572 1572 1572 1572 1572 1572 1572 1572 1572 1564 1564
    1564 1564 1564 1564 1572 1572 1572 1564 1564 1564 1564 1564 1564
    1564 1564 1564 1564 1564 1564 3903 1564 1557 1557 1564 1564 1564
    1564 1564 1564 1564 1564 1564 1572 1572 1572 1572 1572 1572 1572
    1572 1572 1572 1572 1564 1564 1564 1564 1564 1564 1572 1572 1572
    1564 1564 1564 1564 1564 1564 1564 1564 1572 1564 1564 1572 3816
    1564 1564 1564 1564 1564 1564 1564 1564 1564 1564 1572 1572 1572
    1572 1572 1572 1572 1572 1572 1572 1572 1572 1572 1572 1564 1564
    1564 1564 1572 1572 1564 1564 1564 1564 1557 1557 1557 1564 1564
    1564 1572 1564 1564 1564 3816 3816 1572 1564 1564 1564 1564 1564
    1564 1564 1564 1572 1572 1572 1572 1572 1572 1572 1572 1572 1572
    1572 1572 1572 1572 1564 1564 1564 1564 1572 1572 1564 1564 1564
    1564 1557 1557 1557 1564 1564 1564 1572 1564 1564 1564 3903 3903
    1564 1564 1564 1564 1564 1564 1564 1564 1564 1572 1572 1572 1572
    1572 1572 1572 1572 1572 1572 1572 1572 1572 1572 1564 1564 1564
    1572 1572 1572 1564 1564 1564 1564 1564 1564 1564 1564 1564 1564
    1572 1564 1564 1564 3903 1564 1564 1564 1564 1564 1564 1572 1572
    1572 1572 1572 1572 1572 1572 1572 1572 1572 1572 1572 1572 1572
    1572 1572 1572 1564 1564 1564 1572 1572 1572 1564 1564 1564 1564
    1564 1564 1564 1564 1564 1564 1564 1564 1564 1564 3948 1564 1564
    1564 1564 1564 1564 1572 1572 1572 1572 1564 1564 1572 1572 1572
    1572 1572 1572 1572 1572 1572 1572 1572 1572 1564 1564 1564 1572
    1572 1564 1564 1564 1564 1564 1564 1564 1564 1572 1564 1564 1564
    1557 1557 1557 3948 1564 1564 1564 1564 1572 1564 1564 1564 1564
    1564 1564 1564 1572 1572 1572 1572 1572 1572 1572 1572 1572 1572
    1572 1572 1572 1572 1572 1572 1572 1564 1564 1564 1564 1564 1564
    1572 1564 1564 1564 1564 1564 1557 1557 1557 3903 3903 1572 1572
    1572 1572 1564 1564 1564 1564 1564 1564 1564 1572 1572 1572 1572
    1572 1572 1572 1572 1572 1572 1572 1572 1572 1572 1572 1572 1572
    1564 1564 1564 1564 1564 1564 1564 1564 1564 1564 1564 1564 1557
    1557 1557 3903 3903 1579 1579 1572 1572 1564 1564 1564 1564 1564
    1564 1564 1572 1572 1572 1572 1572 1572 1572 1572 1572 1572 1572
    1572 1572 1572 1572 1572 1572 1564 1564 1564 1564 1564 1564 1564
    1564 1564 1564 1572 1564 1564 1564 1564 3903 3903 1601 1579 1572
    1572 1572 1564 1564 1564 1564 1564 1564 1572 1572 1572 1572 1572
    1572 1572 1572 1572 1572 1572 1572 1572 1572 1572 1572 1572 1572
    1572 1572 1572 1564 1564 1564 1564 1564 1564 1572 1572 1572 1564
    1564 3903 3903 1601 1572 1572 1564 1564 1564 1564 1564 1564 1564
    1564 1572 1572 1572 1572 1572 1572 1572 1572 1572 1572 1572 1572
    1572 1572 1572 1572 1572 1572 1572 1572 1572 1564 1564 1564 1564
    1572 1572 1572 1572 1572 1564 1564 3948 3948 1572 1572 1572 1564
    1564 1564 1564 1564 1564 1564 1564 1572 1572 1572 1572 1572 1572
    1572 1572 1572 1572 1572 1572 1572 1572 1572 1572 1572 1572 1572
    1572 1572 1572 1572 1572 1572 1572 1572 1572 1564 1564 1572 1572
    3948 3948 1572 1572 1572 1572 1572 1564 1564 1564 1564 1564 1564
    1572 1572 1572 1572 1572 1572 1572 1572 1572 1572 1572 1572 1572
    1572 1572 1572 1572 1572 1572 1572 1572 1572 1572 1572 1572 1572
    1572 1572 1564 1564 1572 1572 3816 3816 1572 1572 1572 1572 1572
    1564 1564 1564 1564 1564 1564 1572 1572 1572 1572 1572 1572 1572
    1572 1572 1572 1572 1572 1572 1572 1572 1572 1572 1572 1572 1572
    1572 1572 1572 1572 1572 1572 1572 1572 1572 1572 1572 1572 3859 0
    1572 1572 1572 1572 1572 1564 1564 1572 1564 1564 1572 1572 1572
    1572 1572 1572 1572 1572 1572 1572 1572 1572 1572 1572 1572 1572
    1572 1572 1572 1572 1572 1572 1572 1572 1572 1572 1572 1572 1572
    1572 1572 1572 1572 3859 1572 1572 1572 1572 1572 1572 1572 1572
    1572 1564 1564 1572 1572 1572 1572 1572 1572 1572 1572 1572 1572
    1572 1572 1572 1572 1572 1572 1572 1572 1572 1572 1572 1572 1572
    1572 1564 1564 1572 1572 1572 1572 1572 1572 1572 3903 1572 1572
    1572 1564 1564 1572 1572 1572 1572 1564 1564 1572 1579 1579 1572
    1572 1572 1572 1572 1572 1579 1572 1572 1572 1572 1572 1572 1572
    1572 1572 1572 1572 1572 1572 1572 1564 1564 1572 1572 1572 1572
    1572 1572 1572 3948 1572 1572 1572 1564 1564 1572 1572 1572 1564
    1564 1564 1564 1572 1572 1572 1572 1572 1572 1572 1572 1572 1572
    1572 1572 1572 1572 1572 1572 1572 1572 1572 1572 1572 1572 1572
    1564 1564 1572 1572 1572 1572 1564 1564 1564 3948 1572 1572 1572
    1572 1572 1572 1572 1572 1564 1564 1564 1564 1572 1572 1572 1572
    1572 1572 1572 1572 1572 1572 1572 1572 1572 1572 1572 1572 1572
    1572 1572 1572 1572 1572 1572 1572 1572 1572 1572 1572 1572 1564
    1564 1564 3948 1572 1572 1572 1572 1572 1572 1572 1564 1564 1564
    1564 1564 1572 1572 1572 1572 1572 1572 1572 1572 1572 1572 1572
    1572 1572 1572 1572 1572 1572 1572 1572 1572 1572 1572 1572 1572
