<?xml version="1.0"?>
<opencv_storage>
<Depth19072 type_id="opencv-matrix">
  <rows>20</rows>
  <cols>44</cols>
  <dt>w</dt>
  <data>
    2908 0 3503 3468 3468 3468 3468 3539 3539 0 0 3433 3433 3503 0 0 0 0
    0 0 0 0 0 0 0 0 0 0 0 0 0 0 0 0 0 0 0 0 0 0 0 0 0 0 2908 3503 3503
    3468 3468 3468 3503 3539 3539 3539 0 3433 3433 3503 3539 0 0 0 0 0 0
    0 0 0 0 0 0 0 0 0 0 0 0 0 0 0 0 0 0 0 0 0 0 0 3503 3503 3503 3503
    3503 3503 3539 3539 3539 3503 3468 3468 3503 3503 3539 3614 0 0 0 0
    0 0 3503 3503 0 0 0 0 0 0 0 0 0 0 0 0 0 0 0 0 0 0 0 0 3503 3503 3503
    3503 3503 3503 3539 3539 3539 3503 3468 3468 3503 3539 3539 3614
    3653 3692 3653 3576 3539 3503 3399 3365 3365 3433 0 0 0 0 0 0 0 0 0
    0 0 0 0 0 0 0 0 0 3503 3503 3503 3503 3503 3503 3539 3539 3576 3539
    3503 3503 3539 3539 3576 3614 3653 3653 3653 3576 3539 3503 3399
    3365 3365 3433 0 3653 3653 3653 0 0 0 0 0 0 0 0 0 0 0 0 0 0 3503
    3503 3503 3503 3503 3503 3539 3539 3576 3539 3539 3539 3539 3576
    3576 3576 3614 3614 3614 3614 3614 3614 3539 3399 3399 3399 3653
    3653 3653 3653 3692 0 0 0 0 0 0 0 0 0 0 0 0 0 3468 3468 3503 3503
    3503 3503 3539 3539 3576 3576 3576 3539 3539 3576 3576 3576 3576
    3576 3614 3614 3614 3653 3614 3614 3614 3614 3653 3653 3653 3653
    3692 3692 0 0 0 3653 3653 0 0 0 0 0 0 0 3468 3468 3503 3503 3503
    3503 3539 3539 3576 3576 3576 3539 3539 3539 3539 3576 3576 3576
    3614 3614 3614 3653 3653 3653 3614 3614 3653 3653 3653 3692 3692
    3692 3692 3653 3653 3653 3653 3732 0 0 0 0 0 0 3468 3468 3503 3503
    3503 3503 3576 3576 3576 3576 3576 3539 3539 3539 3539 3576 3576
    3576 3614 3614 3653 3653 3653 3653 3653 3653 3653 3653 3653 3653
    3692 3692 3692 3653 3653 3692 3692 3732 3732 3732 0 0 0 0 3468 3468
    3503 3539 3539 3539 3576 3539 3539 3576 3539 3539 3576 3576 3576
    3576 3576 3576 3614 3614 3653 3653 3653 3653 3653 3653 3653 3653
    3653 3653 3653 3653 3653 3653 3653 3692 3692 3692 3692 3732 3732
    3732 3732 0 3503 3503 3539 3539 3539 3539 3576 3539 3539 3539 3539
    3539 3539 3576 3576 3614 3614 3614 3614 3614 3653 3653 3653 3653
    3653 3653 3653 3653 3653 3653 3653 3653 3653 3653 3653 3653 3692
    3692 3692 3692 3692 3692 3732 0 3539 3539 3576 3539 3539 3539 3576
    3576 3539 3539 3539 3539 3539 3576 3614 3614 3614 3614 3614 3614
    3614 3653 3653 3653 3653 3653 3653 3653 3653 3653 3653 3692 3692
    3692 3653 3653 3692 3692 3692 3692 3692 3692 3732 3732 4522 3576
    3576 3539 3539 3576 3614 3653 3614 3576 3576 3576 3576 3614 3614
    3614 3653 3653 3653 3614 3614 3653 3653 3653 3653 3653 3653 3653
    3653 3653 3653 3692 3692 3692 3692 3692 3692 3692 3692 3692 3692
    3692 3692 3732 4582 4582 4582 4463 4463 3653 3653 3653 3653 3614
    3614 3614 3614 3653 3653 3653 3653 3653 3653 3653 3653 3614 3614
    3614 3653 3653 3653 3653 3653 3653 3692 3692 3692 3692 3692 3692
    3692 3692 3692 3692 3692 3692 3692 3732 4582 4582 4582 4522 4463
    3653 3653 3653 3653 3614 3614 3653 3653 3653 3653 3653 3653 3653
    3653 3653 3653 3614 3614 3614 3653 3653 3653 3653 3653 3653 3692
    3692 3692 3692 3692 3692 3692 3692 3692 3692 3692 3692 3692 3732
    4582 4582 4582 4582 4522 4522 4522 4582 4582 4582 4582 3692 3692
    3692 3692 3692 3692 3653 3653 3653 3653 3614 3614 3614 3653 3653
    3653 3653 3653 3653 3692 3692 3692 3692 3692 3692 3692 3692 3692
    3692 3692 3692 3692 3732 4582 4582 4582 4582 4522 4522 4522 4582
    4582 4582 4582 4645 4645 4645 4645 4645 3692 3653 3653 3653 3653
    3653 3653 3653 3692 3692 3692 3653 3653 3692 3692 3692 3692 3692
    3692 3692 3692 3692 3692 3692 3692 3692 3692 3732 4582 4582 4582
    4582 4582 4582 4582 4582 4645 4582 4582 4645 4645 4645 4645 4645
    4645 4645 3653 3653 3653 3653 3653 3653 3692 3692 3692 3653 3653
    3692 3692 3692 3692 3692 3692 3692 3692 3692 3692 3692 3692 3692
    3692 3732 4582 4582 4582 4582 4582 4582 4582 4645 4645 4645 4645
    4645 4645 4645 4645 4708 4708 4708 4708 4708 4708 4645 4645 4645
    3692 3692 3692 3692 3692 3692 3692 3732 3732 3692 3692 3692 3692
    3692 3692 3692 3692 3692 3692 3732 4582 4645 4645 4645 4645 4645
    4645 4708 4708 4708 4708 4708 4708 4708 4708 4774 4708 4708 4708
    4708 4708 4708 4708 4708 4708 4708 4645 4582 4582 4522 4522 4522
    4582 4582 3692 3692 3692 3692 3692 3732 3732 3692 3692 0</data></Depth19072>
</opencv_storage>
