<?xml version="1.0"?>
<opencv_storage>
<Depth17126 type_id="opencv-matrix">
  <rows>79</rows>
  <cols>60</cols>
  <dt>w</dt>
  <data>
    2723 2723 2723 2723 2744 2744 2723 2723 2723 2723 2723 2723 2723
    2723 2744 2744 2767 2767 2767 2767 2767 2767 2767 2767 2767 2767
    2767 2767 2789 2789 2789 2789 2789 2789 2789 2789 2789 2789 2767
    1307 1307 1307 1312 1312 1307 1307 1312 1312 1317 1317 1317 1250
    1624 1624 1624 1616 1601 1586 1579 1572 2723 2723 2723 2723 2744
    2723 2723 2701 2701 2723 2723 2723 2723 2723 2744 2744 2744 2744
    2767 2767 2767 2767 2767 2767 2767 2767 2767 2767 2789 2789 2789
    2789 1292 1292 2789 2789 2789 1297 1297 1302 1302 1302 1307 1307
    1307 1307 1312 1312 1317 1317 1255 1250 1250 1624 1624 1601 1601
    1586 1579 1572 2723 2723 2723 2723 2723 2723 2723 2701 2701 2723
    2723 2723 2723 2744 2723 2723 2744 2744 2767 2767 2767 2767 2767
    2767 2767 1273 1273 2744 2767 1278 1278 1283 1283 1283 1288 1288
    1288 1288 1292 1292 1292 1302 1302 1302 1307 1307 1312 1264 1264
    1259 1255 1250 1250 1250 1601 1601 1594 1586 1572 1572 2723 2744
    2744 2744 2723 2723 2723 2723 2723 2723 2723 2701 2701 2744 2723
    2723 2744 2744 2767 2767 2767 2767 2789 2767 1259 1259 1259 1259
    1259 1268 1268 1283 1278 1278 1278 1278 1283 1283 1288 1288 1292
    1297 1297 1302 1307 1307 1259 1259 1259 1255 1250 1245 1245 1245
    1245 1245 1594 1579 1572 1572 2723 2723 2723 2723 2723 2723 1161
    1161 1157 1157 1161 2701 2701 1232 1232 1232 1232 1232 1232 1232
    1232 1236 1241 1245 1245 1236 1236 1245 1241 1241 1268 1283 1264
    1214 1214 1273 1273 1227 1219 1219 1219 1297 1241 1236 1236 1236
    1236 1241 1245 1250 1250 1245 1245 1245 1245 1245 1250 1579 1572
    1572 2701 2723 2701 1236 1236 2723 1161 1161 1157 1157 1161 1161
    1232 1227 1227 1227 1227 1227 1227 1227 1227 1232 1232 1232 1232
    1232 1232 1232 1236 1241 1232 1219 1214 1214 1210 1210 1210 1214
    1219 1219 1219 1227 1232 1236 1236 1236 1236 1236 1236 1245 1245
    1245 1245 1245 1245 1245 1250 1572 1572 1564 2701 1227 1227 1227
    1223 1177 1161 1161 1157 1157 1161 1161 1232 1219 1219 1219 1219
    1219 1219 1219 1219 1219 1219 1219 1223 1223 1227 1227 1236 1214
    1214 1214 1214 1214 1210 1210 1210 1214 1214 1219 1219 1223 1227
    1227 1232 1232 1232 1232 1236 1236 1241 1245 1245 1245 1245 1245
    1250 1250 1564 1564 1227 1227 1227 1223 1210 1173 1165 1161 1157
    1157 1157 1161 1165 1177 1193 1210 1206 1202 1202 1202 1202 1206
    1202 1202 1202 1202 1202 1202 1202 1202 1206 1206 1206 1210 1210
    1210 1210 1210 1214 1214 1219 1219 1223 1227 1227 1227 1232 1232
    1236 1236 1241 1241 1245 1245 1245 1250 1250 1250 1564 1557 1227
    1227 1223 1219 1193 1161 1157 1153 1153 1153 1153 1157 1157 1161
    1165 1169 1173 1173 1173 1181 1181 1177 1177 1185 1185 1189 1193
    1197 1197 1197 1197 1197 1206 1206 1206 1206 1210 1210 1214 1214
    1214 1219 1223 1227 1227 1227 1232 1232 1236 1236 1241 1241 1245
    1245 1250 1250 1250 1250 1564 1557 1223 1223 1223 1197 1173 1161
    1153 1149 1149 1153 1153 1157 1157 1161 1165 1165 1165 1165 1169
    1173 1173 1173 1173 1177 1185 1189 1193 1197 1193 1193 1197 1197
    1202 1206 1206 1206 1210 1210 1210 1214 1214 1219 1223 1223 1227
    1227 1232 1232 1232 1236 1241 1241 1245 1245 1250 1250 1250 1250
    1564 1550 1206 1206 1197 1181 1169 1157 1149 1149 1149 1149 1149
    1153 1157 1161 1161 1161 1161 1161 1169 1173 1173 1173 1173 1177
    1181 1185 1193 1197 1193 1193 1193 1197 1202 1202 1202 1206 1206
    1206 1210 1214 1214 1219 1223 1223 1227 1227 1232 1232 1232 1241
    1241 1245 1245 1245 1250 1250 1250 1250 1564 1550 1210 1206 1197
    1181 1169 1157 1149 1149 1149 1149 1149 1153 1157 1157 1157 1161
    1161 1161 1165 1173 1173 1173 1173 1173 1181 1181 1193 1197 1197
    1193 1193 1197 1197 1202 1202 1206 1206 1206 1214 1214 1214 1219
    1227 1227 1227 1227 1232 1232 1232 1241 1241 1245 1245 1245 1250
    1250 1250 1250 1564 1550 1206 1206 1202 1189 1173 1157 1149 1145
    1145 1145 1149 1153 1153 1157 1157 1161 1161 1161 1165 1173 1173
    1173 1173 1173 1177 1181 1181 1193 1197 1193 1193 1197 1197 1197
    1206 1206 1210 1210 1214 1214 1219 1219 1223 1223 1227 1227 1232
    1232 1232 1236 1236 1241 1245 1245 1250 1250 1250 1250 1564 1550
    1206 1206 1206 1193 1181 1157 1149 1145 1145 1145 1149 1153 1153
    1157 1157 1161 1161 1161 1165 1173 1173 1173 1173 1173 1177 1181
    1181 1193 1197 1197 1197 1197 1197 1197 1206 1210 1210 1210 1214
    1214 1214 1214 1219 1223 1223 1227 1232 1232 1232 1232 1236 1241
    1245 1245 1245 1250 1250 1245 1245 1550 1210 1210 1202 1193 1185
    1157 1149 1145 1145 1145 1149 1153 1153 1157 1157 1161 1165 1165
    1165 1173 1173 1177 1173 1173 1177 1181 1181 1185 1197 1197 1197
    1197 1197 1197 1202 1206 1210 1214 1214 1214 1214 1214 1219 1223
    1223 1227 1232 1232 1232 1232 1236 1241 1241 1245 1245 1250 1250
    1245 1245 1543 1210 1210 1202 1193 1185 1161 1149 1149 1149 1149
    1153 1153 1153 1157 1157 1161 1165 1165 1165 1173 1173 1177 1173
    1173 1177 1181 1181 1185 1197 1197 1197 1197 1197 1197 1202 1206
    1210 1214 1214 1214 1219 1219 1219 1223 1227 1227 1232 1232 1232
    1236 1236 1241 1241 1245 1245 1245 1250 1250 1536 1536 1227 1210
    1210 1185 1181 1161 1149 1149 1149 1149 1153 1157 1157 1157 1157
    1161 1161 1165 1165 1173 1173 1173 1177 1177 1181 1181 1185 1185
    1193 1193 1197 1197 1197 1197 1197 1206 1210 1214 1214 1214 1219
    1219 1219 1223 1227 1227 1232 1232 1232 1236 1241 1241 1245 1245
    1245 1245 1250 1250 1536 1536 1227 1223 1219 1185 1177 1165 1153
    1149 1149 1149 1149 1157 1157 1157 1157 1161 1161 1165 1165 1169
    1173 1173 1177 1177 1181 1181 1181 1185 1185 1193 1193 1197 1197
    1197 1197 1202 1206 1210 1214 1214 1219 1219 1223 1227 1227 1227
    1227 1232 1236 1236 1241 1245 1245 1245 1245 1245 1250 1250 1536
    1536 1232 1223 1219 1181 1173 1161 1149 1145 1145 1149 1149 1157
    1157 1157 1161 1161 1161 1161 1165 1169 1169 1173 1173 1177 1181
    1181 1181 1185 1185 1193 1193 1193 1197 1202 1197 1197 1206 1210
    1214 1214 1214 1219 1223 1227 1227 1227 1227 1232 1236 1236 1241
    1245 1245 1245 1245 1245 1245 1245 1536 1536 1236 1227 1223 1181
    1173 1161 1149 1145 1145 1145 1149 1157 1157 1157 1161 1161 1161
    1161 1161 1165 1169 1173 1173 1177 1181 1181 1185 1189 1189 1193
    1193 1193 1197 1197 1197 1197 1206 1210 1210 1214 1214 1219 1223
    1227 1227 1232 1232 1232 1236 1236 1241 1241 1241 1245 1245 1245
    1245 1245 1557 1557 1232 1227 1219 1189 1173 1161 1153 1145 1145
    1145 1149 1149 1157 1157 1161 1161 1161 1161 1161 1165 1169 1173
    1173 1177 1181 1181 1181 1189 1193 1193 1193 1193 1197 1197 1202
    1202 1206 1210 1210 1214 1214 1219 1223 1227 1227 1232 1232 1232
    1232 1232 1236 1241 1241 1245 1245 1250 1245 1245 1557 1557 1232
    1223 1210 1189 1173 1161 1153 1145 1145 1145 1149 1149 1153 1157
    1157 1157 1161 1161 1165 1169 1169 1173 1173 1177 1181 1181 1181
    1189 1193 1193 1193 1193 1197 1197 1197 1202 1206 1210 1210 1214
    1214 1223 1223 1227 1227 1227 1232 1232 1232 1232 1236 1241 1241
    1245 1245 1250 1245 1245 1564 1564 1223 1223 1210 1193 1177 1165
    1153 1145 1145 1145 1149 1149 1153 1157 1157 1157 1161 1161 1165
    1169 1169 1173 1173 1177 1181 1181 1181 1189 1193 1193 1193 1193
    1197 1197 1197 1202 1210 1210 1210 1214 1219 1223 1223 1223 1227
    1227 1232 1232 1232 1236 1236 1241 1241 1245 1245 1250 1245 1245
    1564 1564 1219 1219 1206 1193 1177 1165 1157 1145 1145 1145 1149
    1149 1153 1157 1157 1157 1161 1161 1165 1169 1169 1173 1173 1177
    1181 1181 1181 1185 1193 1193 1197 1197 1197 1197 1202 1202 1210
    1210 1210 1214 1219 1219 1219 1223 1227 1227 1227 1232 1232 1236
    1236 1241 1245 1245 1245 1245 1250 1250 1564 1564 1219 1219 1206
    1193 1177 1169 1157 1145 1145 1145 1149 1149 1153 1157 1157 1161
    1161 1165 1165 1165 1169 1173 1173 1177 1181 1181 1181 1185 1193
    1193 1197 1197 1197 1197 1202 1210 1210 1210 1210 1214 1214 1219
