<?xml version="1.0"?>
<opencv_storage>
<Depth3193 type_id="opencv-matrix">
  <rows>28</rows>
  <cols>16</cols>
  <dt>w</dt>
  <data>
    2984 3010 2984 2984 2984 2984 2984 3010 2984 2984 2984 3010 3010
    3010 4241 4241 2984 3010 2984 2984 3010 3010 3010 3010 3010 3010
    3010 3010 3010 3010 4241 4241 3010 3010 3010 3010 3010 3010 3010
    3010 3010 3010 3010 3010 3010 3010 4295 4241 0 3037 3037 3010 3010
    3010 3010 3010 3010 3010 3010 3010 3010 3010 4295 4241 0 3064 3037
    3037 3037 3037 3037 3010 3010 3010 3010 3010 3010 3010 4349 4349 0
    3092 3064 3064 3037 3037 3037 3037 3037 3010 3010 3037 3010 3010
    4349 4349 0 3037 3037 3064 3037 3037 3037 3037 3037 3037 3037 3037
    3010 3010 4349 4349 0 3037 3037 3064 3064 3064 3037 3037 3037 3037
    3037 3064 3037 3037 4405 4405 0 3037 3037 3064 3064 3064 3064 3064
    3064 3064 3092 3092 3037 3037 4463 4463 0 0 3064 3064 3092 3092 3092
    3092 3092 3092 3092 3092 3064 3037 3037 4522 0 0 3092 3092 3120 3120
    3092 3092 3092 3092 3092 3092 3064 3037 3037 3037 0 0 3120 3120 3120
    3120 3120 3120 3120 3120 3120 3120 3092 3037 3037 3037 0 0 3120 3120
    3120 3120 3120 3120 3120 3120 3120 3120 3120 3092 3092 4463 0 0 3149
    3149 3149 3149 3149 3149 3120 3120 3120 3120 3120 3120 3120 4463 0 0
    3178 3149 3149 3149 3149 3149 3149 3149 3120 3120 3120 3120 3120
    4463 0 0 3178 3178 3178 3178 3178 3178 3149 3149 3120 3120 3120 3149
    3149 3149 0 0 3178 3178 3178 3178 3208 3178 3178 3149 3149 3149 3149
    3149 3149 3149 0 0 3208 3208 3178 3178 3208 3208 3208 3178 3149 3149
    3149 3149 3149 3149 0 0 0 3208 3178 3178 3208 3208 3208 3208 3208
    3178 3178 3178 3149 3149 0 0 0 3208 3208 3208 3208 3238 3238 3208
    3208 3178 3178 3178 3178 3178 0 0 0 3238 3238 3238 3238 3238 3238
    3238 3208 3208 3178 3178 3149 3149 0 0 0 3269 3238 3238 3238 3238
    3238 3238 3238 3208 3208 3178 3149 3149 0 0 0 3238 3238 3238 3238
    3238 3238 3238 3238 3238 3208 3208 3178 3178 0 0 0 3238 3238 3238
    3238 3238 3238 3238 3238 3238 3238 3238 3208 3208 0 0 0 3238 3238
    3238 3269 3269 3269 3238 3238 3238 3238 3238 3238 3238 0 0 0 0 3208
    3208 3238 3269 3269 3269 3238 3238 3238 3238 3238 3238 2659 2659 0
    2503 2503 3208 3238 3269 3269 3269 3269 3269 3238 3238 3238 3238
    2618 2503 2503 2485 2485 2503 2503 2503 2522 3300 3269 3269 3238
    3238 3238 3238</data></Depth3193>
</opencv_storage>
