<?xml version="1.0"?>
<opencv_storage>
<Depth14222 type_id="opencv-matrix">
  <rows>9</rows>
  <cols>13</cols>
  <dt>w</dt>
  <data>
    6259 6259 6259 6259 6259 6259 4842 4774 4774 4774 4774 4774 4774
    6259 6259 6375 4842 4842 4842 4842 4842 4774 4774 4708 4645 4645
    4983 4842 4842 4842 4842 4842 4842 4774 4774 4774 4708 4645 4645
    4983 4911 4842 4842 4842 4842 4774 4774 4708 4708 4708 4708 4708
    4983 4911 4911 4842 4842 4774 4774 4774 4708 4708 4708 4708 4708
    4983 4983 4911 4911 4842 4774 4774 4774 4774 4774 4774 4774 4774
    4983 4983 4983 4911 4842 4774 4774 4774 4774 4774 4774 4774 4774
    4983 4983 4983 4983 4911 4842 4774 4774 4774 4774 4774 4774 4774
    4983 4983 4983 4983 4983 4842 4708 4708 4774 4774 4774 0 0</data></Depth14222>
</opencv_storage>
