<?xml version="1.0"?>
<opencv_storage>
<Depth5925 type_id="opencv-matrix">
  <rows>20</rows>
  <cols>19</cols>
  <dt>w</dt>
  <data>
    4295 4241 4241 4241 4241 3010 3010 3010 3037 3010 3010 3010 3010
    4295 4295 4295 4295 4295 4295 4241 4241 4241 4241 3010 3010 3010
    3010 3010 3010 3010 3010 3010 3010 3037 4295 4295 4295 4295 4241
    4241 4241 3010 3010 3010 3010 3010 3010 3010 3010 3010 2984 2984
    3010 3010 3010 4295 4295 4241 4241 4241 3010 3010 2984 2984 2984
    3010 3010 3010 3010 2984 2984 2984 2984 3010 3037 4295 3037 3037
    3037 3010 3010 2984 2984 2984 2984 3010 3010 2984 2984 2984 2984
    2984 3010 3010 3010 3037 3037 3037 3010 2984 2984 2984 2958 2958
    2984 2958 2958 2958 2958 2958 2984 2984 3010 3010 3064 3037 3010
    3010 2984 2958 2958 2958 2958 2958 2958 2958 2958 2933 2933 2984
    2984 3010 3010 3064 3037 3010 3010 2984 2958 2958 2958 2958 2933
    2933 2933 2933 2933 2933 2933 2984 2984 3010 3037 3037 3010 3010
    3010 2984 2984 2958 2958 2933 2933 2933 2933 2933 2933 2933 2984
    2984 2984 3037 3037 3010 3010 3010 3010 3010 2958 2958 2958 2933
    2933 2933 2933 2933 2933 2984 2984 2984 3064 3037 3010 3010 3010
    3010 3010 2984 2984 2958 2958 2933 2933 2933 2958 2958 2984 2984
    2984 3064 3037 3037 3037 3010 3010 3010 3010 2984 2958 2958 2958
    2933 2933 2958 2958 2984 2984 3010 3037 3037 3037 3037 3037 3037
    3010 3010 3010 2984 2984 2984 2958 2958 2958 2984 2984 2984 3010
    3037 3037 3037 3037 3037 3037 3010 2984 2984 2984 2984 2984 2984
    2958 2958 2984 2984 2984 3010 4241 3037 3037 3037 3037 3010 3010
    2984 2984 2984 3010 2984 2984 2984 2984 2984 3010 3010 3010 4241
    3064 3037 3037 3037 3010 3010 2984 2984 2984 3010 3010 3010 2984
    2984 3010 3010 3010 3010 4241 3092 3064 3064 3037 3037 3010 3010
    2984 2984 3010 3010 3010 3010 3010 3010 3010 3010 3010 4241 3149
    3120 3092 3064 3037 3010 3010 2984 2984 3010 2984 2984 3010 3010
    3010 3010 3010 3010 4241 3149 3120 3120 3092 3064 3037 3010 3010
    3010 3010 2984 2984 3010 3010 3010 3010 3010 3010 4241 4241 3120
    3092 3064 3064 3064 3037 3037 3010 3010 2984 2984 3010 3010 3010
    3010 3010 3010</data></Depth5925>
</opencv_storage>
