<?xml version="1.0"?>
<opencv_storage>
<Depth18148 type_id="opencv-matrix">
  <rows>111</rows>
  <cols>52</cols>
  <dt>w</dt>
  <data>
    2381 2381 2381 2381 2381 2415 2415 3399 3399 3433 3433 3433 3433
    3433 3433 3399 3399 3399 3399 3399 3468 3468 3468 3433 3433 1115
    1112 1108 1108 1112 1112 1112 1112 1097 3433 3433 3399 3399 3399
    3399 3399 3433 3433 3433 3399 3399 3433 3433 3433 3433 3433 3433
    2381 2381 2381 2381 2381 2398 3399 3399 3399 3399 3433 3433 3433
    3433 3433 3399 3399 3399 3399 3399 3468 3468 3468 3399 1123 1115
    1112 1108 1108 1108 1108 1108 1108 1097 1094 1090 1090 1090 1084
    1084 1080 1080 1084 1084 3399 3399 3433 3433 3433 3433 3433 3433
    2381 2365 2365 2365 2381 2381 3399 3399 3399 3399 3433 3433 3433
    3433 3433 3433 3433 3433 3365 3365 3468 3468 3399 3399 1123 1119
    1105 1105 1105 1101 1101 1097 1090 1090 1090 1087 1084 1084 1084
    1084 1080 1073 1073 1073 1073 1077 1073 1073 1080 3433 3433 3433
    2365 2365 2365 2365 2381 2381 3399 3399 3399 3399 3433 3433 3433
    3433 3433 3468 3433 3433 3365 3365 3365 1063 1063 1067 1070 1080
    1094 1097 1097 1097 1097 1097 1090 1090 1084 1080 1077 1077 1080
    1041 1041 1057 1057 1060 1067 1073 1073 1073 1080 1080 1080 3433
    2365 2365 2365 2365 2381 2381 3399 3433 3399 3399 3399 3399 3433
    3468 3468 3468 3468 3468 3468 1038 1038 1041 1041 1060 1067 1077
    1084 1041 1041 1097 1097 1101 1101 1101 1084 1080 1077 1077 1031
    1031 1031 1050 1054 1057 1060 1067 1070 1070 1077 1077 0 0 2381 2381
    2381 2381 2365 2365 3433 3468 3399 3399 3399 3399 3433 3433 3468
    1004 1004 1004 1004 1004 1038 1038 1038 1060 1060 1070 1038 1038
    1041 1041 1044 1044 951 951 951 951 1013 1025 1025 1022 1022 1050
    1054 1041 1041 1060 1067 1067 1073 1073 0 0 2381 2381 2381 2381 2365
    2365 2365 3399 3399 3399 3399 967 967 967 973 975 998 998 1004 1001
    1001 1013 1025 1025 1034 1034 1038 1038 1044 1044 1044 0 951 951 951
    951 1013 1013 1013 1010 1001 1001 1001 1010 1028 1031 1060 1060 1063
    1063 0 0 2365 2365 2381 2381 2365 2365 2365 2365 928 948 959 959 959
    962 967 967 967 981 962 962 1001 1013 1025 1025 906 906 903 901 898
    898 898 918 951 951 951 951 962 964 1013 1010 1001 1001 1001 1007
    1022 1031 1060 1060 1063 0 0 0 2365 2365 2365 2381 2381 2381 930 928
    928 948 948 948 956 959 962 959 954 954 954 956 959 959 959 898 898
    906 903 901 898 898 920 918 918 918 946 946 956 959 962 964 964 998
    1001 1007 1016 1031 1060 1060 1063 0 0 0 2365 2365 2365 2365 930 930
    930 928 928 928 948 948 948 956 956 956 954 951 951 954 946 938 938
    898 898 903 901 901 898 898 918 915 913 910 910 946 951 956 959 964
    964 973 995 1004 1010 1031 1057 1060 1063 1067 0 0 2398 938 933 933
    930 928 928 925 925 925 920 920 948 956 954 954 954 910 908 908 908
    938 898 898 901 901 901 898 894 894 901 906 906 908 910 946 951 951
    959 964 964 973 995 1004 1010 1044 1054 1060 1063 1067 0 0 0 938 935
    933 930 928 928 925 925 923 920 920 920 915 915 913 913 910 908 908
    906 901 898 898 898 898 898 898 894 894 896 901 906 906 906 948 948
    948 959 964 967 989 998 1004 1010 1031 1050 1057 1067 1067 0 0 0 935
    935 933 930 928 928 925 925 923 918 918 918 915 915 910 910 908 908
    906 906 901 898 898 898 898 896 896 894 894 894 894 898 906 906 948
    948 948 959 964 973 989 1001 1007 1025 1031 1050 1057 1067 1067 0 0
    0 935 935 933 930 928 928 925 923 923 918 918 918 915 913 910 910
    908 906 906 903 901 898 898 898 898 896 894 891 891 894 894 898 906
    920 928 928 967 967 967 984 989 995 1007 1028 1034 1047 1060 1070
    1070 0 0 0 935 935 933 930 928 928 925 923 923 920 920 918 915 913
    910 910 908 906 906 903 901 898 898 898 898 898 894 891 891 894 894
    894 908 920 923 959 959 967 967 975 989 995 1007 1031 1038 1047 1063
    1070 1073 0 0 0 938 935 935 933 928 928 925 925 925 923 920 918 915
    913 910 908 908 906 906 903 901 901 901 901 898 898 894 891 891 891
    891 894 913 920 923 940 940 962 967 970 984 992 1010 1034 1041 1047
    1063 1073 1073 0 0 0 938 935 935 933 930 928 928 925 925 923 920 920
    915 913 910 908 908 906 906 903 903 901 901 901 898 898 894 891 891
    891 891 901 913 920 928 940 940 959 967 967 975 992 1007 1038 1041
    1047 1060 1073 1073 0 0 0 938 938 935 935 933 930 928 925 925 923
    920 920 915 913 910 910 908 908 906 906 903 901 901 901 898 898 894
    891 891 891 891 903 913 918 930 946 946 959 964 964 970 995 1007
    1038 1041 1047 1060 1073 1073 0 0 0 938 938 938 935 933 930 928 925
    925 923 920 920 918 913 913 910 908 908 906 906 903 903 903 901 898
    898 894 894 891 891 894 901 910 918 930 935 946 956 964 964 970 995
    1007 1031 1041 1047 1060 1070 1073 0 0 0 938 938 935 935 935 933 928
    925 925 923 923 920 915 913 913 910 908 908 906 906 906 903 903 901
    898 898 896 894 894 894 894 901 910 918 935 935 946 956 964 964 984
    995 1007 1031 1041 1050 1060 1070 1073 0 0 0 940 938 935 935 933 933
    930 925 925 923 923 920 915 915 913 910 908 908 906 906 906 903 903
    903 901 898 896 896 894 894 894 901 913 918 935 935 948 959 967 967
    984 995 1007 1031 1041 1054 1063 1070 1073 1073 0 0 940 938 938 935
    933 933 930 928 925 925 923 923 915 915 915 910 910 908 906 906 906
    903 903 903 901 898 898 896 894 894 894 896 915 918 930 935 954 959
    973 973 984 995 1004 1031 1041 1050 1063 1070 1077 1077 0 0 0 938
    938 935 935 933 930 928 928 925 925 923 918 915 915 913 910 908 908
    906 906 903 903 901 901 898 898 896 894 894 894 896 918 920 930 946
    954 959 975 975 992 995 1004 1038 1047 1050 1057 1070 1077 1077 0 0
    0 938 938 935 935 933 930 928 928 925 925 925 918 918 915 915 910
    910 908 908 906 903 903 901 901 898 898 896 894 894 894 901 918 920
    928 946 954 959 973 973 992 995 1001 1038 1047 1050 1057 1070 1077
    1077 1080 0 0 938 938 938 935 933 930 928 928 925 925 923 920 918
    918 915 915 910 908 908 906 903 903 901 898 898 898 896 894 894 896
    901 918 923 928 940 954 956 970 970 992 995 998 1034 1044 1050 1057
    1070 1073 1080 1080 0 0 938 938 938 938 935 930 928 928 925 925 920
    920 918 918 915 915 910 908 908 906 906 906 903 898 898 898 896 894
    894 894 898 918 923 928 938 954 956 970 970 995 995 998 1022 1034
    1047 1057 1070 1073 1080 1080 0 943 938 938 938 938 935 930 930 928
    928 925 920 920 918 918 915 915 915 910 908 906 906 906 903 901 901
    898 896 894 894 894 898 918 923 925 935 954 959 964 978 995 995 1010
    1022 1031 1044 1060 1073 1077 1077 0 0 943 940 938 938 938 935 930
    930 928 928 925 923 920 920 918 915 915 915 913 908 906 906 906 906
    901 901 898 896 896 894 894 898 918 920 925 935 954 964 964 978 995
    995 1010 1025 1031 1044 1060 1073 1077 1077 0 0 946 940 938 938 938
    935 933 930 928 928 925 925 920 920 918 915 915 915 913 910 908 908
    908 906 901 898 898 896 896 896 896 898 915 920 928 940 959 962 964
    978 998 998 1010 1025 1034 1044 1060 1073 1077 1094 0 943 943 940
    940 938 938 935 933 930 928 928 928 925 923 920 918 915 915 915 910
    908 908 908 908 906 901 898 898 898 896 896 896 898 910 923 930 940
    956 956 978 978 998 998 1010 1034 1041 1047 1063 1073 1077 1080 1080
    943 943 940 940 938 938 935 935 930 928 928 928 925 923 923 918 915
    915 915 910 908 908 908 908 906 901 901 901 898 898 898 898 898 910
    923 933 940 951 954 978 978 1001 1001 1007 1038 1041 1044 1067 1073
    1077 1080 1080 943 943 940 940 938 938 935 935 933 933 930 928 925
    923 920 920 918 915 915 913 910 908 908 908 908 901 901 901 898 898
    898 898 901 913 925 933 940 951 954 984 992 995 1001 1007 1041 1041
    1044 1067 1073 1080 1080 1080 943 943 940 940 938 938 935 935 933
    933 930 928 925 925 920 920 918 915 915 913 910 908 908 908 908 903
    901 901 898 898 898 898 903 913 923 933 940 951 954 984 995 995 1001
    1004 1041 1041 1047 1063 1073 1077 1077 1077 2415 943 943 940 940
    938 938 935 933 933 930 928 925 925 923 920 918 918 915 915 913 910
