<?xml version="1.0"?>
<opencv_storage>
<Depth11964 type_id="opencv-matrix">
  <rows>8</rows>
  <cols>7</cols>
  <dt>w</dt>
  <data>
    0 7178 7178 7178 7178 7332 7332 7332 7178 7178 7178 7178 7332 7332
    7178 7332 7332 7332 7332 7332 7332 7178 7178 7178 7178 7178 7178
    7332 7178 7178 7178 7178 7178 7178 7332 7178 7178 7178 7332 7332
    7332 7332 7178 7178 7178 7178 7178 7332 7492 7178 7178 7178 7178
    7178 7492 7660</data></Depth11964>
</opencv_storage>
