<?xml version="1.0"?>
<opencv_storage>
<Depth5426 type_id="opencv-matrix">
  <rows>90</rows>
  <cols>68</cols>
  <dt>w</dt>
  <data>
    2767 2767 4041 3994 3994 3994 4089 4089 4139 4139 4139 4139 1177
    1177 1177 1177 4139 1177 1173 1173 1177 1177 1177 1177 1177 1177
    1177 1181 4349 1181 1177 1173 1173 1173 1177 1177 1173 1173 1169
    1169 1173 1173 1173 1169 1165 1165 1165 1165 1169 1173 1173 1173
    1169 1165 1165 1165 1169 1169 1169 1169 1173 1177 5056 5056 5132
    5132 5132 5132 2789 2789 2812 3994 3994 3994 4089 4089 1177 1181
    1181 1181 1177 1173 1173 1173 1173 1173 1173 1173 1177 1177 1177
    1173 1173 1173 1177 1177 1177 1173 1173 1173 1173 1173 1173 1173
    1173 1169 1169 1169 1169 1169 1169 1169 1165 1165 1165 1165 1169
    1169 1169 1169 1169 1165 1165 1165 1165 1165 1165 1165 1169 1173
    1177 1177 1189 5132 5132 5132 2789 2767 2767 0 2767 2767 1161 0 0
    1177 1177 1177 1177 1173 1169 1169 1169 1169 1173 1173 1177 1173
    1173 1173 1173 1173 1173 1173 1173 1173 1173 1169 1165 1165 1165
    1169 1169 1169 1169 1165 1165 1165 1165 1165 1165 1169 1169 1169
    1165 1165 1165 1165 1165 1161 1161 1165 1165 1165 1165 1165 1169
    1173 1177 1189 1189 1202 5132 5132 2789 2767 2767 0 0 0 0 0 1177
    1177 1177 1177 1173 1169 1169 1169 1169 1169 1169 1169 1173 1173
    1169 1169 1169 1169 1169 1169 1169 1169 1169 1165 1165 1165 1165
    1165 1165 1165 1165 1165 1161 1161 1165 1165 1165 1165 1165 1165
    1165 1165 1161 1161 1161 1161 1161 1161 1161 1161 1161 1161 1165
    1169 1177 1189 1202 1202 1214 5132 2789 2789 0 0 0 0 0 0 1161 1161
    1173 1177 1173 1169 1169 1169 1165 1165 1165 1169 1173 1173 1169
    1169 1169 1169 1169 1169 1169 1169 1165 1165 1165 1165 1165 1165
    1165 1165 1165 1161 1161 1161 1161 1161 1165 1165 1165 1165 1165
    1165 1161 1161 1161 1161 1161 1161 1161 1161 1161 1161 1161 1169
    1173 1189 1202 1214 1214 1214 2767 2789 2789 0 0 0 0 0 1161 1161
    1173 1173 1169 1169 1165 1165 1165 1161 1161 1165 1169 1169 1169
    1169 1169 1169 1165 1165 1169 1165 1165 1165 1165 1165 1165 1165
    1165 1161 1161 1161 1161 1161 1161 1161 1161 1161 1161 1161 1161
    1161 1161 1161 1161 1161 1161 1161 1161 1157 1157 1157 1161 1165
    1173 1181 1193 1214 0 0 2767 2789 2789 0 0 0 0 0 1169 1169 1173 1173
    1169 1169 1165 1165 1165 1161 1161 1165 1169 1169 1169 1165 1165
    1165 1165 1165 1169 1165 1165 1165 1165 1165 1161 1161 1161 1161
    1161 1161 1161 1161 1161 1161 1161 1161 1161 1161 1161 1161 1161
    1161 1161 1161 1161 1161 1157 1157 1157 1157 1161 1165 1173 1181
    1193 1193 1193 0 2767 2789 0 0 0 0 0 0 1165 1165 1165 1169 1165 1165
    1161 1161 1161 1161 1161 1161 1169 1169 1169 1165 1165 1165 1165
    1165 1165 1165 1165 1165 1165 1161 1161 1161 1161 1161 1161 1161
    1161 1161 1161 1161 1161 1161 1161 1157 1157 1161 1161 1157 1157
    1161 1161 1157 1157 1153 1153 1157 1161 1165 1185 1193 1193 1193
    1193 0 2789 2789 0 0 0 0 0 0 1165 1165 1165 1165 1161 1161 1161 1161
    1161 1161 1161 1161 1165 1165 1165 1165 1165 1165 1161 1161 1161
    1161 1161 1161 1161 1161 1161 1161 1161 1161 1161 1161 1161 1161
    1161 1161 1157 1157 1157 1157 1157 1157 1157 1157 1157 1157 1157
    1153 1153 1153 1153 1153 1157 1165 1185 1193 1193 1193 1193 0 2767 0
    0 0 0 0 0 0 1165 1165 1165 1161 1161 1157 1157 1157 1157 1157 1161
    1161 1161 1161 1161 1161 1161 1161 1161 1161 1161 1161 1161 1161
    1161 1161 1161 1161 1157 1157 1161 1161 1161 1161 1161 1157 1157
    1157 1153 1153 1157 1157 1153 1153 1153 1153 1153 1149 1149 1149
    1153 1153 1157 1165 1181 1193 1193 1197 0 0 2744 0 0 0 0 0 0 1165
    1165 1165 1161 1161 1157 1157 1157 1157 1157 1157 1157 1157 1161
    1161 1161 1161 1161 1161 1157 1157 1157 1157 1161 1161 1157 1157
    1157 1157 1157 1157 1157 1157 1161 1157 1157 1157 1157 1157 1153
    1153 1153 1153 1153 1153 1153 1153 1153 1149 1149 1149 1149 1149
    1157 1165 1177 1189 1189 1206 1206 0 2723 0 0 0 0 0 0 1165 1165 1165
    1161 1161 1157 1157 1157 1157 1157 1157 1157 1157 1161 1161 1161
    1161 1161 1157 1157 1157 1157 1157 1157 1157 1157 1157 1157 1157
    1153 1153 1157 1157 1157 1157 1157 1153 1153 1157 1153 1153 1153
    1153 1149 1149 1149 1149 1149 1149 1149 1149 1149 1149 1153 1165
    1177 1185 1189 1210 1227 1227 2701 0 0 0 0 0 0 0 1165 1165 1161 1157
    1157 1157 1153 1153 1157 1157 1157 1157 1157 1157 1157 1157 1157
    1157 1157 1157 1157 1157 1157 1157 1157 1153 1153 1157 1153 1153
    1153 1153 1153 1153 1149 1149 1149 1149 1153 1153 1149 1149 1149
    1149 1149 1149 1149 1149 1149 1149 1149 1149 1153 1165 1177 1185
    1197 1214 1223 1232 2701 0 0 0 0 0 0 0 1165 1165 1161 1157 1157 1157
    1153 1153 1153 1157 1157 1157 1157 1157 1157 1157 1157 1157 1157
    1157 1157 1157 1157 1157 1153 1153 1153 1153 1153 1153 1153 1153
    1153 1149 1149 1149 1149 1149 1149 1149 1149 1149 1149 1149 1149
    1149 1149 1149 1149 1149 1149 1149 1149 1165 1177 1185 1202 1210
    1219 1223 3903 0 0 0 0 0 0 0 1165 1161 1161 1157 1157 1157 1153 1153
    1153 1153 1153 1153 1153 1153 1153 1153 1153 1153 1153 1153 1153
    1153 1153 1153 1153 1149 1149 1149 1149 1149 1149 1149 1149 1149
    1149 1149 1149 1149 1149 1149 1149 1149 1149 1149 1149 1149 1149
    1149 1149 1149 1149 1149 1149 1157 1177 1185 1197 1210 1219 1223
    3903 3994 0 0 0 0 0 1161 1161 1157 1157 1153 1153 1153 1153 1153
    1153 1149 1149 1153 1153 1153 1153 1149 1149 1149 1149 1149 1149
    1149 1149 1149 1149 1149 1149 1149 1149 1149 1149 1149 1149 1149
    1149 1149 1149 1149 1149 1149 1149 1149 1145 1145 1145 1149 1149
    1149 1149 1149 1145 1145 1149 1153 1177 1185 1193 1210 1223 1227
    3903 3948 0 0 0 0 0 1161 1157 1157 1157 1153 1153 1153 1149 1149
    1149 1149 1149 1149 1153 1149 1149 1149 1149 1149 1149 1149 1149
    1149 1149 1149 1149 1145 1145 1149 1145 1145 1145 1145 1149 1149
    1149 1149 1149 1149 1149 1145 1145 1145 1145 1145 1145 1145 1145
    1145 1145 1145 1145 1145 1149 1153 1177 1185 1193 1202 1232 1232
    3903 3903 0 0 0 0 0 1157 1157 1153 1153 1153 1153 1153 1149 1145
    1145 1145 1145 1149 1149 1149 1149 1149 1149 1149 1149 1149 1149
    1149 1149 1145 1145 1145 1145 1145 1145 1145 1145 1145 1145 1145
    1145 1145 1145 1145 1145 1145 1145 1145 1145 1145 1145 1145 1145
    1145 1145 1145 1145 1145 1149 1153 1169 1181 1193 1202 1232 1232
    3903 3903 0 0 0 0 0 1149 1149 1153 1153 1153 1149 1149 1145 1145
    1145 1145 1145 1145 1149 1149 1149 1145 1145 1145 1145 1145 1149
    1149 1149 1145 1145 1145 1145 1145 1145 1145 1145 1145 1145 1145
    1141 1141 1145 1145 1145 1145 1145 1141 1138 1138 1138 1138 1141
    1145 1145 1145 1145 1145 1149 1153 1165 1181 1193 1202 1202 1202
    3903 0 0 0 0 1149 1149 1149 1149 1153 1153 1153 1149 1145 1145 1145
    1145 1145 1145 1145 1149 1149 1149 1145 1145 1145 1145 1145 1149
    1145 1145 1145 1145 1145 1145 1145 1145 1145 1145 1145 1145 1145
    1141 1141 1141 1141 1141 1141 1145 1141 1138 1138 1134 1134 1141
    1138 1138 1138 1138 1141 1149 1157 1165 1181 1197 1206 1206 1214
    3859 3859 0 0 0 1138 1138 1149 1149 1149 1149 1149 1145 1145 1145
    1145 1145 1145 1145 1145 1149 1149 1145 1145 1141 1141 1141 1145
    1145 1145 1145 1141 1141 1145 1145 1141 1141 1141 1141 1145 1145
    1145 1141 1141 1141 1141 1141 1141 1141 1138 1138 1138 1134 1134
    1134 1134 1134 1134 1138 1138 1149 1157 1169 1181 1197 1206 1214 0
    3859 3948 0 0 1138 1138 1138 1149 1149 1149 1149 1145 1145 1145 1145
    1145 1141 1141 1141 1141 1145 1145 1145 1145 1141 1141 1141 1145
    1145 1145 1141 1141 1141 1141 1141 1141 1141 1141 1141 1145 1141
    1141 1138 1138 1138 1138 1138 1138 1138 1138 1134 1134 1134 1134
    1134 1134 1134 1134 1134 1134 1153 1153 1169 1189 1197 1206 1214 0
    3859 3903 0 0 1130 1130 1138 1149 1149 1149 1145 1145 1145 1145 1145
    1145 1141 1141 1141 1141 1145 1145 1145 1145 1141 1141 1145 1145
    1145 1145 1141 1141 1141 1141 1141 1141 1138 1138 1138 1141 1141
    1141 1138 1138 1138 1138 1138 1138 1138 1134 1134 1134 1134 1134
