<?xml version="1.0"?>
<opencv_storage>
<Depth16143 type_id="opencv-matrix">
  <rows>10</rows>
  <cols>42</cols>
  <dt>w</dt>
  <data>
    0 3994 3994 3994 3994 5056 5056 5056 5056 5056 5056 4139 4139 4041
    4041 4041 4089 4190 4190 4190 4139 3903 3903 3994 4089 4190 4190
    4295 4295 4295 4295 4241 4241 4295 4295 4295 4295 4349 4349 4349
    4349 4295 3994 3994 3994 3994 3994 3994 3948 3948 3994 4041 4139
    4139 4089 4041 4041 4089 4089 4190 4139 4139 4139 4089 4089 4089
    4089 4190 4190 4190 4295 4349 4295 4241 4241 4295 4295 4295 4295
    4295 4349 4349 4349 4295 3994 3994 3994 3994 3994 3994 3948 3948
    3994 4041 4089 4139 4089 4089 4089 4089 4139 4139 4139 4139 4139
    4089 4089 4139 4139 4190 4190 4190 4295 4295 4295 4295 4295 4295
    4295 4295 4295 4295 4295 4349 4295 4295 3994 3994 3994 3994 3994
    3994 3994 3994 4041 4089 4089 4139 4089 4089 4089 4089 4139 4139
    4139 4139 4139 4139 4139 4139 4139 4190 4190 4241 4241 4295 4295
    4295 4295 4295 4295 4295 4295 4295 4295 4295 4295 4295 4041 4041
    3994 3994 4041 3994 3994 4041 4041 4089 4089 4089 4089 4089 4089
    4089 4139 4139 4139 4139 4139 4139 4139 4190 4190 4241 4241 4241
    4241 4295 4295 4295 4295 4295 4295 4295 4295 4295 4295 4295 4295
    4295 4041 4041 3994 3994 4041 3994 3994 4041 4041 4089 4089 4089
    4089 4089 4089 4089 4139 4139 4139 4139 4139 4139 4139 4139 4190
    4295 4295 4241 4241 4295 4295 4295 4295 4295 4295 4295 4295 4241
    4241 4295 4295 0 3994 4041 4041 4041 4041 4041 4041 4041 4089 4089
    4089 4089 4089 4089 4089 4139 4139 4139 4139 4139 4139 4139 4139
    4139 4190 4295 4295 4241 4241 4295 4295 4295 4295 4295 4349 4295
    4295 4241 4241 0 0 0 3994 4041 4041 4041 4041 4041 4041 4041 4089
    4089 4089 4089 4089 4041 3903 3903 4089 4089 4139 4089 4089 4139
    4139 4139 4241 4241 4295 4295 4295 4295 4295 4295 4349 4349 4349
    4349 4349 4349 0 0 0 0 3994 4041 4041 4041 4041 4041 4041 4041 4089
    4041 4041 4139 4139 3903 3903 3903 4089 4089 4139 4089 4089 4089
    4139 4139 4241 4241 4295 4295 4295 4349 4349 4349 4405 4463 4405
    4405 4522 0 0 0 0 0 3994 4089 4089 4089 0 0 0 0 0 4041 4041 4190
    4190 3859 3859 3903 0 0 0 0 4089 4089 0 0 0 0 0 4349 4349 4349 4349
    4349 0 0 0 0 0 0 0 0 0 0</data></Depth16143>
</opencv_storage>
