<?xml version="1.0"?>
<opencv_storage>
<Depth10981 type_id="opencv-matrix">
  <rows>112</rows>
  <cols>67</cols>
  <dt>w</dt>
  <data>
    4190 4190 4190 4139 981 981 981 981 984 4089 4139 4139 1004 1004
    1001 1001 1001 1001 998 998 995 995 995 989 989 989 981 981 3816
    3816 3816 3816 3774 3774 3732 3732 3692 3692 3692 3692 3653 3653
    3653 3653 3653 3614 3614 3614 0 0 0 0 0 0 2467 2467 2467 2467 2450
    2450 2432 2432 2432 2415 2398 2398 2398 4190 4190 1004 1001 981 981
    981 981 984 987 987 989 989 992 992 1001 1001 998 995 992 987 987
    989 987 987 978 975 970 970 970 970 3816 3774 3774 3692 3692 3692
    3692 3692 3692 3692 3692 3653 3653 3653 3614 3614 3576 3576 0 0 0 0
    0 0 2485 2485 2467 2467 2450 2450 2432 2432 2432 2415 2398 2398 987
    998 998 998 1001 992 984 984 987 984 984 987 984 984 981 981 981 981
    984 981 975 970 970 970 964 964 970 962 959 954 954 954 0 3692 3692
    3692 3692 3692 3692 3692 3692 3653 3653 3653 3653 3614 3614 3576
    3576 0 0 0 0 0 0 2485 2485 2467 2467 2450 2450 2432 2432 2432 2415
    2415 2415 987 987 989 998 998 956 951 987 987 984 984 987 984 981
    978 978 981 981 956 956 959 964 964 959 956 956 954 951 951 948 948
    0 0 948 3692 0 3692 3692 3732 3653 3576 3576 3653 3653 3692 3653
    3614 3614 0 0 0 0 0 0 0 0 2485 2485 2485 2467 2450 2432 2432 2432
    2432 2432 2432 987 984 981 970 970 956 951 946 946 946 946 946 981
    981 978 978 978 956 956 956 959 964 964 954 951 948 948 948 948 946
    946 0 0 0 0 0 0 906 906 906 908 3399 3653 3653 3692 3692 3692 3692 0
    0 0 0 0 0 0 0 2503 2503 2503 2503 2503 2432 2432 2432 2432 2432 2432
    987 981 978 970 962 956 951 946 943 943 943 925 923 918 918 918 898
    898 898 889 889 889 954 954 951 948 948 948 948 946 946 946 0 0 887
    901 901 901 901 898 898 3399 3433 880 880 880 880 878 878 0 0 0 0
    839 839 837 837 837 837 839 839 2432 2432 2432 2432 2432 2432 987
    981 978 970 962 959 951 946 938 933 930 925 923 918 918 918 898 898
    898 0 889 889 889 887 880 880 880 873 873 864 845 0 0 0 887 887 887
    894 894 894 880 880 880 880 880 878 875 873 873 871 871 871 845 839
    839 837 837 837 839 839 0 0 2432 2432 2432 2450 2450 989 987 981 973
    962 959 951 946 938 933 928 920 915 913 908 903 898 898 898 878 889
    889 885 882 878 873 873 873 864 0 0 0 0 0 880 880 878 873 873 875
    875 878 875 875 875 867 867 867 867 862 858 854 845 839 839 837 837
    837 839 839 837 837 2450 2450 2450 2450 2432 989 989 981 973 964 959
    954 943 938 930 925 920 915 910 903 898 889 882 878 878 878 878 885
    882 878 869 864 864 864 849 0 0 0 0 880 880 878 873 869 869 875 847
    847 854 854 854 854 856 854 854 854 851 847 839 839 837 835 835 835
    837 837 837 837 2467 2467 2450 2432 989 989 981 975 967 962 954 943
    938 930 925 920 915 908 903 894 887 882 878 873 869 867 858 854 854
    862 862 862 862 849 845 837 829 827 827 827 827 869 869 869 869 845
    845 845 845 847 849 854 851 851 851 851 851 831 831 831 831 831 831
    835 837 837 837 837 0 837 2432 989 989 981 975 970 964 956 946 938
    930 928 918 913 908 903 894 887 880 878 873 869 862 856 847 847 847
    862 862 862 849 843 837 829 827 827 827 827 823 833 833 833 835 843
    843 843 843 809 809 811 811 851 823 823 825 827 827 831 831 831 833
    837 837 837 837 0 0 837 989 989 981 975 970 964 956 946 943 933 928
    918 913 908 906 894 889 880 878 873 869 860 856 847 845 839 835 831
    827 827 843 837 831 825 825 823 823 823 831 831 831 835 843 843 841
    841 809 809 811 811 817 821 823 823 827 827 831 831 831 833 837 837
    837 837 0 0 0 989 989 981 975 970 964 959 948 943 935 928 918 915
    908 906 894 889 882 878 871 867 860 856 849 845 837 835 831 827 825
    821 813 811 811 811 819 819 827 827 831 831 831 802 802 805 809 813
    813 813 815 817 819 821 823 827 829 831 831 831 835 837 837 837 839
    0 0 0 989 989 984 978 973 967 959 948 943 938 930 923 915 910 906
    896 889 882 880 871 867 862 856 849 843 837 835 831 827 825 819 813
    805 802 798 796 794 794 796 798 798 798 800 802 805 809 813 813 815
    817 819 819 821 823 827 829 831 831 831 835 839 839 839 839 0 0 0
    992 989 984 978 975 967 954 948 946 938 933 923 918 913 906 896 889
    885 880 873 869 862 860 851 843 837 835 831 827 823 817 813 805 800
    796 796 794 794 796 798 798 798 800 802 805 809 813 813 815 817 819
    821 821 823 827 829 831 831 831 835 839 839 839 839 0 0 0 992 989
    984 978 975 967 954 948 946 938 933 925 920 915 901 896 889 885 880
    873 869 864 860 851 845 837 837 833 829 823 817 813 805 800 796 796
    796 796 796 798 798 800 802 803 805 809 813 813 815 819 821 821 823
    823 827 829 831 831 833 835 839 841 841 841 0 0 0 992 989 984 981
    975 967 956 951 946 938 933 928 920 915 901 896 894 889 880 875 871
    864 862 858 845 839 837 833 829 823 819 813 805 800 798 796 796 796
    796 798 798 802 802 803 805 809 813 815 815 819 821 821 823 825 827
    829 831 831 833 839 839 841 841 841 0 0 0 992 989 984 981 975 967
    956 948 946 938 933 928 920 915 903 898 894 889 880 878 871 867 862
    858 847 839 837 835 831 823 819 815 805 802 798 796 796 796 796 798
    800 803 803 805 805 809 813 815 817 821 821 823 823 825 827 829 831
    833 833 839 839 841 841 841 0 0 0 995 995 987 984 975 970 956 948
    946 938 933 925 920 915 910 898 894 889 882 878 871 867 860 858 847
    841 837 835 831 825 819 815 805 803 798 796 796 796 798 798 802 803
    803 805 807 809 813 815 817 821 821 823 823 827 829 831 831 833 835
    839 841 843 841 841 0 0 0 998 995 989 984 978 973 959 954 946 938
    933 925 920 918 913 898 894 887 882 878 871 867 860 858 849 843 837
    835 829 825 821 817 807 803 798 798 796 796 798 800 802 803 803 805
    807 811 813 815 817 821 821 823 823 827 829 831 831 833 835 839 841
    843 843 843 0 0 0 1001 998 992 984 978 973 959 954 948 940 933 925
    920 918 915 901 896 887 885 880 871 869 862 858 849 843 837 835 829
    825 821 819 807 803 800 798 798 798 798 798 802 803 805 807 809 811
    813 815 819 821 821 823 823 827 829 831 831 833 835 839 843 845 845
    845 0 0 0 1001 998 992 984 981 975 959 956 948 943 933 925 920 918
    915 901 896 891 887 882 875 869 862 858 849 843 839 835 831 827 823
    821 807 803 800 798 798 798 798 798 802 803 805 807 809 811 815 815
    819 821 823 823 825 829 831 831 831 835 837 841 845 845 845 845 845
    0 0 1001 998 992 984 981 975 959 956 948 943 933 928 923 918 915 901
    898 894 889 882 878 871 867 860 851 845 841 837 831 827 823 819 807
    803 802 800 798 798 800 800 802 803 805 809 809 811 815 815 819 821
    823 823 827 829 831 831 833 835 839 841 845 847 845 845 845 0 0 1001
    998 992 987 981 975 959 956 948 943 935 930 925 918 915 901 898 894
    891 885 878 871 869 862 851 847 843 837 833 829 825 819 813 805 803
    800 800 800 800 800 803 803 807 809 811 811 815 815 817 821 823 825
    827 829 831 831 833 837 839 843 845 847 845 845 847 0 0 1001 1001
    992 989 981 975 959 956 951 948 938 930 928 920 918 903 898 896 891
    887 878 871 869 862 856 847 845 839 833 829 825 819 815 805 803 800
    800 800 800 800 803 805 809 809 811 811 815 815 817 821 823 825 825
    831 831 831 835 837 839 841 845 847 845 845 845 0 0 1001 1001 992
    989 984 978 962 956 951 948 943 933 928 920 918 913 901 896 894 887
    880 873 869 864 858 847 845 839 835 831 827 821 817 807 803 802 800
    800 800 803 807 809 809 809 811 813 815 817 819 821 823 825 825 831
    831 833 835 837 839 841 845 847 845 845 845 0 0 1001 1001 995 989
    984 978 962 959 954 948 943 935 928 923 918 913 903 896 894 889 882
    873 869 864 858 849 845 841 835 831 827 821 819 807 803 802 800 800
    800 803 807 809 809 811 813 815 817 819 819 821 823 825 827 831 831
    833 835 837 839 841 845 847 845 845 0 0 0 1001 1001 998 989 984 978
    973 959 954 948 943 935 928 923 918 913 903 898 894 889 882 875 869
    864 858 851 845 841 835 831 827 821 821 807 803 803 802 802 802 803
