<?xml version="1.0"?>
<opencv_storage>
<Depth16706 type_id="opencv-matrix">
  <rows>75</rows>
  <cols>23</cols>
  <dt>w</dt>
  <data>
    3433 3468 3468 3468 3468 3468 3468 3503 3503 1572 1572 1572 3539
    1586 1586 1594 1594 1586 1586 1586 1586 3576 3576 3433 3468 3468
    1572 1572 1572 1579 1579 1579 1572 1572 1572 1579 1586 1586 1594
    1586 1586 1586 1579 1572 1572 3576 3433 1594 1586 1572 1572 1572
    1572 1579 1579 1579 1579 1572 1572 1579 1579 1579 1579 1579 1579
    1579 1572 1572 1572 1601 1586 1579 1572 1572 1572 1572 1572 1572
    1572 1572 1572 1572 1572 1572 1572 1579 1579 1579 1572 1572 1572
    1579 1594 1579 1572 1572 1572 1572 1572 1572 1572 1572 1572 1572
    1572 1572 1572 1572 1572 1572 1579 1572 1572 1572 1579 1572 1572
    1572 1572 1572 1572 1572 1572 1572 1572 1572 1572 1572 1572 1572
    1572 1572 1572 1572 1572 1579 1579 1579 1572 1572 1572 1572 1564
    1564 1564 1572 1572 1572 1572 1572 1572 1572 1572 1572 1572 1572
    1572 1572 1572 1572 1572 1564 1564 1572 1572 1564 1564 1564 1572
    1572 1572 1572 1572 1572 1572 1572 1572 1572 1572 1572 1572 1572
    1572 1579 1564 1564 1564 1564 1564 1564 1564 1564 1564 1564 1564
    1564 1564 1572 1564 1564 1572 1572 1572 1572 1572 1572 1579 1564
    1564 1564 1564 1564 1564 1564 1564 1564 1564 1564 1564 1564 1564
    1564 1564 1564 1564 1572 1572 1572 1572 1572 1564 1564 1564 1564
    1564 1564 1564 1564 1564 1564 1564 1564 1564 1564 1564 1564 1564
    1564 1572 1572 1572 1572 1572 1550 1550 1550 1557 1564 1564 1564
    1564 1564 1564 1564 1564 1564 1564 1564 1564 1564 1564 1572 1572
    1572 1572 1572 1550 1550 1550 1557 1564 1564 1564 1564 1564 1564
    1564 1564 1564 1564 1564 1564 1564 1564 1572 1564 1564 1572 1572
    1564 1557 1557 1557 1564 1564 1564 1564 1564 1564 1564 1564 1564
    1564 1564 1564 1564 1564 1564 1564 1564 1564 3692 1557 1557 1557
    1557 1564 1564 1564 1564 1557 1557 1564 1564 1564 1564 1564 1564
    1564 1564 1564 1557 1557 1557 3692 1557 1557 1557 1557 1564 1564
    1564 1557 1557 1557 1557 1564 1564 1564 1564 1564 1564 1564 1564
    1557 1557 1564 1564 1543 1543 1557 1557 1557 1564 1557 1557 1557
    1557 1557 1564 1564 1564 1564 1564 1564 1564 1564 1557 1557 1564
    1564 1543 1543 1550 1550 1557 1557 1557 1557 1557 1557 1557 1557
    1564 1557 1557 1557 1557 1557 1564 1557 1557 1564 1564 1550 1550
    1550 1550 1550 1557 1557 1557 1557 1557 1557 1557 1557 1557 1557
    1557 1557 1557 1557 1557 1564 1564 3576 1550 1543 1543 1543 1550
    1557 1557 1550 1550 1550 1557 1557 1557 1557 1557 1557 1557 1557
    1557 1557 1557 1564 1564 1543 1543 1543 1543 1543 1550 1550 1543
    1543 1543 1550 1557 1557 1557 1557 1557 1557 1557 1557 1557 1557
    1564 1564 1543 1543 1543 1543 1543 1550 1550 1543 1543 1543 1550
    1550 1550 1550 1557 1557 1557 1557 1557 1557 1557 1564 1564 1543
    1543 1543 1543 1543 1543 1543 1543 1543 1543 1550 1550 1550 1550
    1550 1550 1550 1550 1550 1557 1557 1564 1564 1543 1543 1543 1543
    1543 1543 1543 1543 1543 1543 1550 1550 1550 1550 1550 1550 1550
    1550 1550 1550 1550 1564 1564 1543 1543 1543 1543 1543 1543 1543
    1543 1543 1543 1550 1550 1550 1543 1543 1543 1543 1543 1550 1550
    1550 1564 1564 1543 1543 1543 1543 1543 1543 1543 1543 1543 1543
    1543 1543 1543 1543 1543 1543 1543 1543 1550 1550 1550 1564 1572
    1543 1543 1543 1543 1543 1543 1543 1543 1543 1543 1543 1543 1543
    1543 1543 1543 1543 1543 1550 1550 1550 1572 1572 1543 1543 1536
    1536 1543 1543 1543 1543 1543 1543 1543 1543 1543 1543 1543 1543
    1543 1543 1550 1543 1543 1572 1572 1536 1536 1536 1536 1536 1536
    1543 1543 1543 1543 1543 1543 1543 1543 1543 1543 1543 1543 1550
    1543 1543 1550 1550 1536 1536 1536 1536 1536 1536 1536 1536 1536
    1543 1543 1543 1543 1543 1543 1543 1543 1543 1543 1543 1543 1550
    1550 1536 1536 1536 1536 1536 1536 1536 1536 1536 1536 1536 1543
    1543 1543 1543 1543 1543 1543 1543 1543 1543 1550 1550 1536 1536
    1536 1536 1536 1536 1536 1536 1536 1536 1536 1536 1536 1536 1543
    1543 1543 1543 1543 1543 1543 1550 1550 1543 1536 1536 1536 1536
    1536 1536 1536 1536 1536 1536 1536 1536 1536 1536 1536 1543 1543
    1543 1543 1543 1550 1550 1536 1536 1536 1536 1536 1536 1536 1536
    1536 1536 1536 1536 1536 1536 1536 1536 1543 1543 1543 1543 1543
    1550 1550 1536 1536 1529 1529 1536 1536 1536 1536 1536 1536 1536
    1536 1536 1536 1536 1536 1536 1536 1536 1536 1536 1543 1543 1536
    1529 1529 1529 1529 1529 1536 1536 1536 1536 1536 1536 1536 1536
    1536 1536 1536 1536 1536 1536 1536 1543 1543 1529 1529 1529 1529
    1529 1529 1536 1536 1536 1536 1536 1536 1536 1536 1536 1536 1536
    1536 1536 1536 1536 1543 1543 1529 1529 1523 1523 1529 1529 1529
    1536 1536 1536 1536 1536 1536 1536 1536 1536 1536 1536 1536 1536
    1536 1543 1543 1536 1529 1523 1523 1529 1529 1529 1529 1529 1536
    1536 1536 1536 1536 1536 1536 1536 1536 1536 1536 1536 1543 1543
    1536 1529 1529 1529 1529 1529 1529 1529 1529 1529 1529 1529 1536
    1536 1536 1536 1536 1536 1536 1536 1536 1543 1543 1536 1536 1529
    1529 1529 1529 1529 1529 1529 1529 1529 1529 1529 1536 1536 1536
    1536 1536 1536 1536 1536 1543 1543 1529 1529 1529 1529 1529 1529
    1529 1529 1529 1529 1529 1529 1529 1529 1536 1536 1536 1536 1536
    1536 1536 1543 1543 1529 1529 1529 1529 1529 1529 1523 1523 1529
    1523 1523 1523 1529 1529 1529 1536 1536 1536 1536 1536 1536 1536
    1536 1529 1529 1529 1523 1523 1523 1523 1523 1523 1523 1523 1523
    1529 1529 1529 1536 1536 1536 1536 1536 1536 1536 1536 1529 1523
    1523 1523 1523 1516 1516 1516 1516 1516 1523 1523 1523 1523 1529
    1529 1536 1536 1536 1536 1536 1536 1536 1529 1523 1523 1523 1516
    1516 1516 1516 1516 1516 1523 1523 1523 1523 1529 1529 1536 1536
    1536 1536 1536 1536 1536 1529 1523 1523 1523 1516 1516 1516 1516
    1516 1516 1516 1523 1523 1523 1523 1529 1536 1536 1536 1529 1529
    1536 1536 1516 1523 1523 1523 1516 1516 1516 1516 1516 1516 1516
    1523 1523 1523 1523 1523 1536 1536 1529 1529 1529 1529 1529 1516
    1516 1516 1516 1516 1516 1516 1516 1516 1516 1516 1516 1523 1523
    1523 1523 1529 1536 1529 1529 1529 1529 1529 1516 1516 1516 1516
    1516 1516 1516 1516 1516 1516 1516 1516 1516 1523 1523 1523 1529
    1529 1529 1523 1523 1529 1529 1516 1516 1516 1516 1516 1516 1516
    1516 1516 1516 1516 1516 1516 1516 1516 1523 1529 1529 1529 1523
    1523 1516 1516 1516 1516 1516 1516 1516 1516 1516 1516 1516 1516
    1516 1516 1516 1516 1516 1523 1523 1523 1523 1523 1523 1516 1516
    1516 1516 1516 1516 1516 1516 1516 1516 1516 1516 1516 1516 1516
    1523 1523 1523 1523 1523 1523 1523 1523 1523 1523 1516 1516 1509
    1509 1509 1516 1516 1516 1516 1516 1516 1516 1523 1523 1516 1516
    1516 1523 1516 1516 1516 1523 1523 1516 1516 1509 1509 1509 1509
    1509 1509 1516 1516 1516 1516 1523 1523 1516 1516 1516 1523 1516
    1516 1516 1523 1523 1516 1516 1509 1509 1509 1509 1509 1509 1509
    1516 1516 1516 1516 1516 1516 1516 1516 1516 1516 1516 1523 1523
    1523 1509 1509 1509 1509 1509 1509 1509 1509 1509 1516 1516 1516
    1516 1516 1516 1516 1516 1516 1516 1516 1516 1523 1523 1509 1509
    1509 1509 1509 1509 1509 1509 1509 1509 1509 1509 1509 1516 1516
    1516 1516 1516 1516 1516 1516 1523 1523 1503 1503 1509 1503 1503
    1509 1509 1509 1509 1509 1509 1509 1509 1509 1516 1516 1516 1516
    1516 1516 1516 1523 1523 1496 1496 1503 1503 1503 1503 1503 1503
    1503 1509 1509 1509 1509 1509 1509 1516 1516 1516 1516 1516 1516
    1523 1523 1496 1496 1503 1503 1503 1503 1503 1503 1503 1503 1509
    1509 1509 1509 1509 1516 1516 1516 1516 1509 1509 1516 1523 1503
    1503 1503 1503 1503 1503 1503 1503 1503 1503 1503 1503 1509 1509
    1509 1516 1516 1516 1516 1509 1509 1516 1516 1503 1503 1503 1496
    1496 1496 1496 1503 1503 1503 1503 1503 1503 1509 1509 1509 1509
    1509 1509 1509 1509 1516 1516 1496 1496 1496 1496 1496 1496 1496
    1503 1503 1503 1503 1503 1503 1509 1509 1509 1509 1503 1503 1509
    1509 1516 1516 1496 1496 1496 1496 1496 1496 1496 1496 1503 1503
