<?xml version="1.0"?>
<opencv_storage>
<Depth18637 type_id="opencv-matrix">
  <rows>9</rows>
  <cols>9</cols>
  <dt>w</dt>
  <data>
    8626 8626 8626 8626 8626 5832 5832 5832 5832 8849 8849 8849 5933
    5832 5832 5832 5832 5832 9084 9084 9331 5933 5832 5832 5734 5734
    5832 9331 9593 6146 6038 5832 5832 5734 5734 5832 6146 6146 6038
    6038 5933 5933 5734 5734 5832 6146 6146 6038 5933 5933 5933 5832
    5832 5832 6146 6038 5933 5933 5933 5933 5832 5832 0 6038 6038 5933
    5933 5832 5832 5832 5832 0 6038 6038 5933 5933 5832 5832 5832 0 0</data></Depth18637>
</opencv_storage>
