<?xml version="1.0"?>
<opencv_storage>
<Depth10622 type_id="opencv-matrix">
  <rows>72</rows>
  <cols>69</cols>
  <dt>w</dt>
  <data>
    2659 2789 2812 2812 2812 2812 2812 2812 2812 2812 2812 3732 3732
    3732 3732 3732 3732 3732 3732 3732 3774 3774 3774 3732 3732 3732
    3816 3774 3774 3859 3859 3859 3859 1169 1165 1161 1161 1157 1157
    1157 1157 1157 3859 3859 3859 3859 3859 3859 3859 3859 3859 3903
    3903 3903 3859 3859 3859 3903 3903 3903 3903 3903 3903 3903 3903
    3903 3903 3903 3903 2659 2744 2789 2812 2812 2812 2812 2812 2812
    2812 2812 2812 3732 3732 3732 3732 3692 3692 3692 3732 3732 3774
    3774 3732 3732 3732 3816 1227 1227 3859 3859 3859 1173 1169 1165
    1161 1157 1157 1157 1157 1157 1157 1157 1157 3859 3859 3859 3859
    3859 3859 3859 3859 3859 3859 3859 3859 3859 3859 3859 3903 3903
    3903 3903 3903 3903 3903 3903 3903 3903 2639 2680 2744 2812 2812
    2812 2812 2812 2812 2812 2812 2812 3732 3732 3732 3692 1333 1328
    1328 3692 1307 1273 1259 1259 1259 1259 1223 1223 1223 1214 1206
    1185 1173 1169 1165 1161 1157 1157 1157 1157 1157 1157 1157 1157
    1157 3859 3859 3859 3859 3859 3859 3859 3859 3859 3859 3859 3859
    3859 3859 3859 3903 3903 3903 3903 3903 3903 3903 3903 3903 2639
    2659 2680 2789 2812 2812 2812 2812 2812 2812 2812 2835 2835 3732
    3692 1333 1328 1312 1307 1297 1288 1273 1259 1259 1259 0 1223 1223
    1223 1214 1145 1145 1157 1153 1153 1153 1153 1153 1157 1157 1157
    1153 1153 1153 1153 3859 3859 3859 3859 3859 3859 3859 3859 3859
    3859 3859 3859 3859 3859 3859 3903 3903 3903 3903 3903 3903 3903
    3903 3903 2618 2639 2680 2744 2812 2812 2812 2812 2812 2812 1354
    1349 1343 1343 1333 1328 1312 1297 1297 1297 1288 1273 1259 1259
    1259 0 1138 1141 1141 1141 1145 1145 1145 1145 1149 1149 1149 1153
    1153 1157 1157 1153 1153 1153 1153 3859 3859 3859 3859 3859 3859
    3859 3859 3859 3859 3859 3859 3859 3859 3859 3903 3903 3859 3859
    3859 3859 3903 3903 3903 2618 2639 2659 2701 2789 1328 1328 1328
    2789 1349 1343 1338 1333 1333 1328 1322 1302 1297 1292 1288 1288
    1283 1283 1283 1126 1138 1138 1138 1138 1138 1141 1141 1141 1141
    1149 1149 1149 1149 1149 1153 1157 1157 1153 1153 1153 1153 3859
    3859 3859 3859 3859 3859 3859 3859 3859 3859 3859 3859 3859 3903
    3903 3903 3859 3859 3859 3859 3859 3903 3903 2618 2639 2659 2701
    1333 1328 1328 1328 1333 1338 1338 1333 1328 1328 1328 1322 1302
    1288 1288 1288 1288 1141 1141 1126 1126 1138 1138 1138 1138 1138
    1141 1141 1141 1141 1141 1141 1149 1149 1149 1153 1153 1157 1157
    1157 1157 0 3816 3816 3816 3859 3859 3859 3859 3859 3859 3859 3859
    3859 3903 3903 3903 3859 3859 3859 3859 3859 3859 3903 3859 2598
    2639 2639 1328 1328 1328 1328 1328 1333 1333 1333 1328 1328 1328
    1333 1202 1202 1202 1288 1288 1138 1134 1134 1126 1126 1134 1138
    1138 1138 1138 1138 1141 1141 1141 1141 1141 1149 1149 1149 1149
    1153 1153 1157 1157 1161 1161 3816 3816 3816 3816 3816 3859 3859
    3859 3859 3859 3859 3859 3859 3859 3859 3859 3859 3859 3859 3859
    3859 3859 3859 2579 2618 2639 1328 1322 1322 1322 1317 1317 1328
    1333 1328 1328 1219 1214 1197 1197 1197 1197 1134 1134 1130 1130
    1130 1130 1134 1138 1138 1138 1138 1138 1141 1141 1141 1145 1145
    1149 1149 1149 1149 1153 1153 1157 1157 1161 1161 1161 3774 3774
    3774 3816 3816 3859 3859 3816 3816 3859 3859 3859 3859 3859 3859
    3859 3859 3859 3859 3859 3859 3859 2579 2618 2639 1328 1312 1312
    1322 1278 1268 1268 1245 1227 1219 1214 1210 1189 1185 1185 1138
    1134 1134 1126 1126 1126 1130 1134 1134 1134 1138 1138 1138 1141
    1141 1141 1145 1145 1149 1149 1149 1149 1149 1153 1153 1157 1157
    1157 0 3774 3774 3774 3774 3816 3859 3859 3816 3816 3859 3859 3859
    3859 3859 3859 3859 3859 3859 3859 3859 3859 3859 2560 2560 1333
    1328 1307 1297 1297 1273 1264 1250 1236 1223 1210 1202 1193 1185
    1177 1165 1138 1134 1134 1126 1126 1126 1130 1130 1130 1130 1138
    1138 1138 1138 1138 1141 1141 1145 1145 1145 1145 1149 1149 1153
    1153 1157 1157 1157 0 3732 3732 3732 3732 3774 3816 3859 3859 3859
    3859 3859 3859 3859 3859 3859 3859 3859 3859 3859 3859 3859 3859
    1343 1333 1333 1322 1302 1288 1273 1268 1259 1250 1236 1223 1210
    1202 1189 1181 1169 1161 1145 1138 1134 1126 1126 1126 1126 1130
    1130 1130 1134 1134 1138 1138 1138 1141 1141 1141 1145 1145 1145
    1145 1149 1149 1153 1157 1157 1157 1157 0 3732 3732 3732 3774 3816
    3816 3816 3859 3816 3816 3859 3859 3859 3859 3859 3859 3859 3859
    3859 3859 3859 1343 1333 1328 1317 1297 1278 1268 1264 1255 1241
    1232 1227 1206 1202 1189 1181 1169 1161 1149 1141 1134 1126 1123
    1123 1126 1126 1130 1130 1134 1134 1138 1138 1138 1141 1141 1141
    1141 1141 1145 1145 1149 1149 1153 1153 1157 1157 1157 0 3774 0 3774
    3774 3816 3816 3816 3859 3816 3816 3859 3859 3859 3859 3859 3859
    3859 3859 3859 3859 3859 1343 1333 1328 1317 1297 1278 1268 1264
    1255 1241 1232 1227 1206 1202 1193 1185 1173 1165 1153 1149 1134
    1126 1123 1123 1126 1126 1130 1130 1134 1134 1134 1138 1138 1141
    1141 1141 1141 1141 1145 1145 1149 1149 1149 1153 1157 1153 1153 0 0
    0 3859 3816 3816 3816 3816 3859 3816 3816 3816 3816 3816 3816 3859
    3859 3859 3859 3859 3859 3859 1343 1333 1322 1312 1302 1288 1268
    1264 1255 1245 1236 1232 1210 1202 1193 1185 1181 1169 1153 1153
    1138 1130 1123 1123 1126 1126 1130 1130 1134 1134 1134 1138 1138
    1138 1138 1138 1138 1141 1141 1145 1149 1149 1149 1149 1153 1153
    1153 0 0 0 0 3816 3816 3816 3816 3859 3816 3816 3816 3816 3816 3816
    3859 3859 3859 3859 3859 3859 3859 2541 1333 1322 1312 1307 1292
    1273 1268 1259 1255 1236 1232 1214 1206 1193 1185 1181 1173 1161
    1153 1138 1130 1123 1123 1126 1126 1126 1130 1134 1134 1134 1134
    1134 1138 1138 1138 1138 1141 1141 1145 1145 1145 1149 1149 1153
    1153 1153 1153 0 0 0 3859 3816 3816 3816 3859 3816 3816 3816 3816
    3816 3816 3859 3859 3859 3859 3859 3859 3859 2560 2560 1328 1312
    1307 1302 1288 1273 1264 1255 1241 1232 1219 1206 1193 1185 1181
    1177 1169 1157 1141 1130 1123 1123 1126 1126 1126 1130 1130 1134
    1130 1130 1134 1134 1134 1134 1138 1141 1141 1145 1145 1145 1149
    1149 1153 1153 1153 1153 0 0 0 0 3859 3816 3816 3816 3816 3816 3816
    3816 3816 3816 3859 3859 3859 3859 3859 3859 3859 2560 2560 1328
    1312 1312 1302 1292 1283 1268 1259 1245 1232 1219 1210 1197 1189
    1185 1177 1169 1157 1141 1134 1126 1126 1126 1126 1126 1126 1130
    1130 1130 1130 1134 1134 1134 1134 1138 1138 1138 1141 1145 1145
    1145 1145 1149 1149 1149 1153 1153 0 0 0 3859 3774 3774 3774 3816
    3816 3816 3816 3816 3816 3816 3859 3859 3859 3859 3859 3816 2541
    2541 1328 1317 1312 1302 1292 1283 1273 1259 1250 1236 1227 1219
    1202 1189 1185 1181 1169 1161 1145 1138 1126 1126 1123 1123 1123
    1126 1130 1130 1130 1134 1134 1134 1134 1134 1138 1138 1138 1141
    1141 1141 1141 1141 1145 1145 1149 1149 1153 1153 0 3774 0 3774 3774
    3774 3816 3859 3859 3859 3816 3816 3816 3859 3859 3859 3859 3859
    3816 2522 2522 1328 1317 1312 1302 1292 1283 1273 1264 1255 1236
    1232 1219 1210 1197 1189 1181 1177 1165 1157 1138 1130 1126 1123
    1123 1123 1123 1123 1126 1130 1130 1130 1130 1134 1134 1134 1138
    1138 1141 1141 1141 1141 1141 1141 1145 1149 1149 1153 1153 0 0 0
    3732 3732 3774 3816 3816 3859 3859 3859 3816 3816 3859 3859 3859
    3859 3859 3816 2522 2522 1328 1317 1312 1307 1297 1288 1278 1268
    1259 1241 1232 1223 1214 1206 1197 1189 1181 1169 1161 1145 1138
    1134 1126 1123 1123 1123 1123 1123 1123 1126 1126 1130 1130 1130
    1134 1134 1138 1138 1141 1141 1141 1141 1141 1141 1145 1149 1153 0 0
    0 3732 3732 3732 3774 3816 3816 3859 3859 3816 3816 3816 3816 3816
    3859 3816 3816 3816 2522 2522 2522 1322 1317 1307 1302 1292 1278
    1268 1259 1241 1236 1227 1219 1210 1202 1189 1181 1169 1161 1145
    1138 1134 1126 1123 1123 1123 1123 1123 1123 1126 1126 1126 1126
    1130 1130 1134 1138 1138 1138 1141 1141 1141 1141 1141 1145 1149
