<?xml version="1.0"?>
<opencv_storage>
<Depth3721 type_id="opencv-matrix">
  <rows>57</rows>
  <cols>73</cols>
  <dt>w</dt>
  <data>
    4405 4463 4463 4463 4463 4463 4405 4405 4405 1439 1439 1445 1445
    1445 1445 1445 1458 1458 4405 4405 4405 4405 4405 4405 4405 4405
    4405 4405 4405 4405 4405 4405 4405 4405 4405 4405 4405 4405 4349
    4349 4349 4405 4405 4405 4405 4349 4349 4349 4349 4349 4349 4349
    4349 4295 4295 4295 4295 4405 4349 4349 4405 4405 4405 4405 4405
    4405 4405 4405 4405 4405 4405 4405 4405 4405 4463 4582 4522 4463
    4463 4463 4463 1439 1439 1439 1445 1445 1445 1445 1445 1452 1452
    1458 1458 4463 4463 4463 4463 4405 4349 4349 4349 4349 4405 4405
    4405 4405 4405 4405 4405 4405 4405 4405 4405 4405 4405 4405 4405
    4405 4349 4349 4349 4349 4349 4349 4349 4349 4349 4349 4349 4349
    4405 4405 4405 4405 4405 4405 4405 4405 4405 4405 4405 4405 4405
    4405 4405 4405 4405 4463 4522 4522 4522 4522 4522 0 1439 1439 1439
    1445 1445 1445 1445 1445 1452 1452 1452 1452 1452 1452 4522 4463
    4405 4349 4349 4349 4349 4405 4405 4405 4405 4405 4405 4405 4405
    4405 4405 4405 4405 4405 4405 4405 4405 4405 4405 4405 4349 4349
    4349 4405 4405 4349 4349 4349 4349 4405 4405 4405 4405 4405 4405
    4405 4405 4405 4405 4405 4405 4405 4405 4405 4405 4405 4463 4522
    4522 4522 4522 0 1452 1439 1439 1439 1445 1445 1445 1445 1452 1452
    1452 1445 1445 1452 1445 1445 1452 1458 1458 1458 4349 4405 4405
    4405 4405 4405 4405 4463 4405 4405 4405 4405 4405 4405 4405 4405
    4405 4405 4405 4405 4405 4405 4405 4405 4405 4405 4405 4405 4405
    4405 4405 4405 4405 4405 4405 4405 4405 4405 4405 4405 4405 4405
    4405 4405 4405 4405 4463 4522 4522 4522 4522 4522 1458 1452 1452
    1439 1439 1445 1445 1445 1445 1445 1445 1452 1445 1445 1445 1445
    1445 1452 1452 1445 1445 1445 1445 1445 1445 4405 4405 4405 4463
    4405 4405 4405 4405 4405 4405 4405 4405 4405 4405 4405 4405 4405
    4405 4405 4405 4405 4405 4405 4405 4405 4405 4463 4463 4463 4405
    4405 4405 4463 4463 4405 4405 4405 4405 4463 4405 4405 4405 4522
    4522 4582 4582 4582 4582 1458 1458 1452 1445 1445 1445 1445 1445
    1445 1445 1445 1452 1445 1445 1445 1445 1445 1445 1452 1445 1445
    1445 1445 1445 1445 1445 1445 1445 4463 4463 4463 4463 4463 4463
    4405 4405 4405 4405 4405 4405 4405 4405 4405 4405 4405 4405 4405
    4405 4405 4405 4405 4463 4463 4463 4463 4463 4463 4463 4463 4463
    4405 4405 4463 4463 4405 4405 4405 4582 4582 4582 4582 4582 0 1452
    1452 1445 1445 1445 1445 1445 1445 1452 1452 1452 1445 1445 1445
    1445 1445 1445 1445 1452 1452 1452 1452 1452 1445 1445 1445 1445
    1452 1452 1452 1458 1458 1458 4522 4463 4463 4463 4405 4405 4405
    4405 4405 4405 4405 4405 4405 4405 4405 4405 4405 4405 4463 4463
    4463 4463 4463 4463 4463 4463 4463 4463 4463 4463 4463 4405 4405
    4405 4522 4522 4522 4582 4582 4582 1445 1445 1439 1439 1439 1439
    1439 1439 1445 1445 1445 1445 1445 1445 1445 1445 1445 1445 1452
    1452 1452 1452 1452 1452 1452 1452 1452 1452 1452 1452 1452 1458
    1458 1458 1458 4522 1458 1458 4405 4405 4405 4405 4405 4405 4405
    4405 4405 4405 4405 4405 4463 4522 4522 4463 4463 4463 4463 4463
    4463 4463 4463 4463 4463 4463 4463 4405 4405 4405 4405 4405 4405
    4405 1439 1439 1439 1439 1439 1439 1439 1439 1439 1445 1445 1445
    1445 1445 1445 1445 1445 1452 1452 1452 1452 1452 1452 1452 1452
    1452 1452 1452 1452 1452 1452 1452 1458 1458 1458 1458 1452 1452
    1458 1458 4405 4405 4405 4405 4405 4405 4405 4405 4405 4405 4405
    4463 4522 4522 4522 4463 4463 4463 4463 4463 4463 4463 4463 4463
    4463 4463 4405 4405 4405 4349 4349 4349 0 1439 1439 1439 1439 1439
    1439 1439 1439 1439 1445 1445 1439 1439 1439 1445 1445 1445 1445
    1445 1452 1452 1452 1445 1445 1445 1445 1445 1452 1452 1452 1452
    1452 1458 1458 1458 1458 1452 1452 1458 1458 1458 1458 1458 1458
    1458 1458 1458 4349 4405 4405 4405 4463 4522 4522 4522 4463 4463
    4463 4463 4463 4463 4463 4463 4463 4463 4463 4463 4463 4405 4349
    4349 4349 1445 1439 1439 1439 1439 1439 1439 1439 1439 1439 1439
    1439 1439 1439 1439 1445 1445 1445 1445 1445 1445 1445 1445 1445
    1445 1445 1445 1445 1452 1452 1452 1452 1458 1458 1458 1452 1452
    1452 1452 1458 1452 1452 1458 1458 1458 1458 1458 1458 1458 1464
    1477 1477 1477 4522 4522 4522 4522 4522 4463 4463 4463 4463 4463
    4463 4463 4463 4463 4463 4463 1458 1458 1452 1445 1445 1445 1439
    1439 1439 1439 1439 1439 1445 1439 1439 1439 1439 1439 1439 1445
    1445 1439 1439 1439 1439 1445 1445 1445 1445 1445 1445 1445 1445
    1445 1452 1452 1452 1452 1458 1452 1452 1452 1452 1458 1452 1452
    1458 1458 1458 1458 1458 1458 1458 1464 1470 1470 1470 1470 4463
    4463 4463 4463 4522 4522 4463 4463 4463 4522 4522 4522 4522 4522
    4522 1458 1458 1452 1445 1445 1445 1439 1439 1439 1439 1439 1439
    1439 1439 1439 1439 1439 1439 1439 1439 1439 1439 1439 1439 1439
    1445 1445 1445 1445 1445 1445 1445 1445 1445 1452 1452 1452 1452
    1452 1452 1458 1458 1458 1458 1452 1452 1458 1458 1458 1458 1458
    1458 1458 1458 1470 1470 1464 1464 1470 4463 4463 4463 4522 4463
    4463 4463 4463 4463 4522 4522 4522 4522 4522 1458 1458 1452 1439
    1439 1439 1439 1439 1439 1439 1439 1439 1439 1439 1433 1433 1433
    1439 1439 1439 1439 1439 1439 1439 1439 1439 1445 1445 1445 1445
    1445 1452 1452 1452 1452 1452 1452 1452 1452 1452 1458 1452 1452
    1458 1458 1458 1458 1458 1458 1458 1458 1458 1458 1458 1464 1470
    1464 1464 1470 1470 1470 1464 1464 1470 4463 4463 4463 4463 4522
    4522 4522 4522 4463 1458 1458 1458 1439 1439 1439 1439 1439 1439
    1439 1439 1439 1439 1439 1433 1433 1433 1439 1439 1439 1439 1439
    1439 1439 1439 1439 1445 1445 1439 1439 1445 1445 1445 1452 1452
    1452 1445 1445 1452 1452 1452 1452 1452 1452 1458 1458 1458 1458
    1458 1458 1458 1458 1458 1458 1464 1470 1470 1470 1470 1470 1470
    1464 1464 1470 1470 1470 1470 1470 4522 4522 4522 4522 4463 0 0 0
    1445 1439 1439 1439 1433 1433 1433 1439 1439 1439 1439 1433 1433
    1439 1439 1439 1439 1439 1439 1439 1439 1439 1445 1439 1439 1439
    1439 1445 1445 1445 1452 1452 1452 1445 1445 1452 1452 1452 1452
    1452 1452 1458 1458 1458 1458 1458 1464 1464 1464 1458 1458 1464
    1470 1470 1470 1470 1470 1470 1464 1464 1470 1470 1470 1470 1470
    1477 1477 1477 1489 4463 0 0 0 0 1439 1439 1433 1433 1433 1433 1433
    1433 1433 1433 1433 1433 1439 1439 1439 1439 1439 1439 1439 1439
    1439 1445 1439 1439 1439 1439 1439 1445 1445 1452 1452 1452 1452
    1452 1452 1452 1452 1452 1452 1452 1458 1458 1458 1458 1458 1464
    1464 1464 1464 1464 1464 1464 1470 1470 1470 1470 1470 1470 1470
    1470 1470 1470 1470 1470 1477 1477 1477 1477 1477 0 0 0 0 0 1433
    1433 1433 1433 1433 1433 1433 1433 1433 1433 1433 1439 1439 1439
    1439 1439 1439 1439 1439 1439 1439 1445 1439 1439 1439 1439 1445
    1445 1445 1445 1445 1445 1445 1445 1452 1452 1452 1452 1452 1452
    1458 1458 1458 1458 1458 1464 1464 1464 1464 1464 1464 1470 1470
    1470 1470 1470 1470 1470 1470 1470 1470 1477 1477 1477 1477 1477
    1477 1477 0 0 0 0 1439 1433 1433 1433 1433 1433 1433 1433 1433 1433
    1433 1433 1439 1439 1439 1433 1433 1439 1439 1439 1439 1439 1439
    1439 1439 1439 1439 1445 1445 1445 1445 1445 1445 1445 1445 1452
    1452 1452 1452 1452 1452 1458 1458 1458 1458 1458 1464 1464 1464
    1464 1464 1464 1464 1464 1470 1470 1470 1470 1470 1470 1470 1470
    1477 1470 1470 1470 1470 1483 1489 0 0 0 0 1439 1433 1433 1433 1433
    1433 1433 1433 1433 1433 1433 1439 1439 1439 1439 1433 1433 1439
    1439 1439 1439 1439 1439 1439 1439 1439 1439 1445 1445 1445 1445
    1445 1445 1452 1452 1452 1452 1452 1452 1452 1458 1458 1458 1458
    1458 1458 1464 1464 1458 1458 1464 1464 1464 1464 1470 1470 1470
    1470 1470 1470 1470 1470 1470 1470 1470 1470 1470 1477 1489 0 0 0
    1421 1421 1427 1427 1433 1433 1433 1433 1433 1433 1433 1433 1439
    1439 1439 1439 1433 1433 1439 1439 1439 1439 1439 1439 1439 1439
