<?xml version="1.0"?>
<opencv_storage>
<Depth11389 type_id="opencv-matrix">
  <rows>13</rows>
  <cols>6</cols>
  <dt>w</dt>
  <data>
    0 8212 8212 8019 8019 8019 8212 8212 8212 8019 8019 8019 8212 8212
    8212 8212 8212 8212 8212 8212 8212 8212 8212 8212 8212 8212 8212
    8212 8212 8212 8212 8212 8212 8019 8019 8019 8212 8212 8212 8019
    8019 8019 8413 8212 8212 8019 8019 8019 8413 8212 8212 8212 8212
    8212 8212 8212 8212 8212 8212 8212 8212 8212 8212 8212 8212 8212
    8212 8212 8212 8413 8413 7492 8212 8413 8413 8626 8626 7492</data></Depth11389>
</opencv_storage>
