<?xml version="1.0"?>
<opencv_storage>
<Depth12493 type_id="opencv-matrix">
  <rows>8</rows>
  <cols>10</cols>
  <dt>w</dt>
  <data>
    6259 6146 6146 6146 6146 6146 0 0 0 0 6146 6038 6038 6146 6146 6038
    5832 5832 5832 5832 6146 5933 5933 6146 6146 6038 5832 5832 5832
    5832 6038 5933 5933 6146 6038 6038 6038 6038 6038 5933 6038 5933
    5933 6146 6038 6038 5933 5933 6038 6146 6038 6038 6146 6146 6038
    6038 5933 5933 6038 0 6146 6146 6259 6146 6146 6038 5933 5933 6146 0
    6146 6146 6259 6038 6038 6146 5933 5933 5933 0</data></Depth12493>
</opencv_storage>
