<?xml version="1.0"?>
<opencv_storage>
<Depth0289 type_id="opencv-matrix">
  <rows>24</rows>
  <cols>5</cols>
  <dt>w</dt>
  <data>
    6497 6375 6375 6375 6497 6497 6497 6497 6497 6497 6497 6497 6497
    6497 6497 6497 6497 6497 6497 6497 6497 6622 6497 6497 6497 6497
    6622 6497 6497 6497 6753 6753 6497 6497 6497 6622 6622 6622 6497
    6497 6622 6622 6622 6497 6497 6622 6622 6753 6497 6497 6622 6622
    6622 6497 6497 6622 6622 6622 6497 6497 6622 6622 6622 6497 6497
    6753 6622 6622 6497 6497 6753 6622 6622 6497 6497 6889 6889 6622
    6497 6497 6889 6753 6622 6622 6622 6889 6753 6622 6622 6622 6889
    6753 6622 6497 6497 6889 6753 6622 6497 6497 6889 6753 6753 6497
    6497 6889 6753 6753 6622 6622 6889 6889 6753 6753 6753 6889 6889
    6889 6889 6889</data></Depth0289>
</opencv_storage>
