<?xml version="1.0"?>
<opencv_storage>
<Depth17427 type_id="opencv-matrix">
  <rows>113</rows>
  <cols>40</cols>
  <dt>w</dt>
  <data>
    3816 3816 1370 1365 1365 3774 3774 3774 1292 1292 1292 1292 3816
    3816 3816 3816 3816 3774 3774 3774 3774 3816 3859 3859 3903 3903
    3859 3859 3859 3903 1181 1177 1177 1177 1177 3903 3903 3903 3903
    3903 1376 1376 1370 1343 1333 1333 3816 3816 1283 1278 1273 1273
    1273 3859 3859 3859 3859 3774 3774 3774 3774 3774 3774 3774 1177
    1177 1177 1189 1185 1185 1181 1181 1177 1177 1177 1177 1177 1177
    3903 3903 1376 1376 1370 1343 1333 1322 1307 1307 1273 1268 1268
    1268 1223 1223 1223 1223 1173 1173 3774 3774 3774 3774 3774 1189
    1177 1177 1177 1189 1189 1185 1185 1181 1181 1177 1177 1177 1177
    1181 3903 3903 1370 1370 1370 1338 1328 1312 1302 1283 1268 1255
    1241 1232 1223 1223 1223 1223 1173 1173 1177 1177 1169 1169 1169
    1189 1177 1177 1177 1177 1181 1185 1185 1181 1177 1177 1177 1181
    1181 1181 1173 3859 1370 1370 1359 1338 1328 1312 1288 1273 1268
    1250 1236 1214 1214 1223 1223 1169 1169 1169 1173 1169 1169 1169
    1169 1173 1173 1173 1173 1173 1177 1177 1177 1173 1173 1177 1177
    1177 1173 1173 1173 1173 1370 1370 1359 1349 1328 1312 1288 1273
    1268 1245 1232 1206 1206 1181 1169 1165 1161 1161 1165 1165 1165
    1165 1165 1169 1169 1169 1169 1169 1173 1173 1173 1173 1173 1173
    1173 1173 1173 1173 1173 1177 1381 1370 1359 1349 1333 1312 1288
    1273 1268 1245 1232 1206 1197 1173 1165 1161 1157 1157 1161 1161
    1165 1165 1165 1165 1165 1169 1169 1169 1169 1169 1169 1169 1169
    1173 1173 1173 1173 1173 1177 1177 1381 1365 1359 1343 1322 1312
    1288 1273 1255 1250 1223 1210 1189 1173 1165 1161 1157 1157 1161
    1161 1165 1165 1165 1165 1165 1169 1169 1169 1169 1169 1169 1169
    1169 1173 1173 1173 1173 1173 1177 0 1365 1365 1359 1333 1317 1312
    1292 1273 1255 1241 1223 1210 1189 1173 1165 1165 1157 1157 1161
    1161 1165 1165 1165 1165 1165 1169 1169 1169 1173 1169 1169 1169
    1169 1173 1173 1173 1173 1173 1177 1177 1365 1365 1365 1333 1317
    1312 1302 1283 1255 1236 1223 1210 1193 1177 1169 1165 1161 1161
    1161 1161 1165 1169 1169 1165 1165 1169 1169 1169 1169 1169 1169
    1169 1169 1173 1173 1173 1173 1173 1173 0 1370 1365 1365 1338 1322
    1312 1302 1283 1255 1236 1223 1210 1202 1185 1173 1169 1161 1161
    1161 1161 1165 1169 1169 1169 1169 1169 1169 1169 1169 1169 1169
    1173 1173 1173 1173 1173 1173 1173 1173 0 1370 1365 1359 1343 1322
    1312 1307 1283 1255 1236 1223 1210 1202 1189 1177 1169 1165 1165
    1161 1161 1165 1169 1169 1169 1169 1169 1169 1169 1169 1169 1173
    1173 1173 1173 1173 1173 1173 1173 1173 0 1370 1365 1359 1349 1333
    1312 1302 1283 1255 1236 1223 1210 1202 1189 1177 1169 1165 1165
    1165 1165 1169 1169 1169 1169 1169 1169 1169 1169 1169 1173 1173
    1173 1173 1173 1173 1173 1173 1173 1173 0 1365 1365 1359 1354 1343
    1317 1297 1273 1259 1236 1223 1210 1202 1189 1177 1169 1165 1165
    1169 1169 1169 1169 1169 1169 1169 1169 1173 1169 1169 1169 1173
    1173 1173 1173 1173 1173 1173 1173 1173 0 1365 1365 1359 1354 1343
    1322 1292 1273 1259 1236 1227 1214 1202 1193 1177 1165 1165 1165
    1169 1169 1169 1169 1169 1169 1169 1169 1169 1169 1169 1169 1173
    1173 1173 1173 1173 1173 1173 1173 1173 0 1381 1381 1365 1354 1349
    1322 1292 1273 1264 1241 1223 1214 1202 1193 1181 1165 1165 1169
    1169 1169 1169 1169 1169 1169 1169 1169 1169 1169 1169 1169 1173
    1173 1173 1173 1173 1173 1173 1173 1173 0 1387 1387 1365 1354 1349
    1317 1297 1278 1268 1241 1223 1210 1202 1193 1181 1165 1165 1169
    1169 1169 1169 1169 1169 1169 1169 1169 1169 1173 1173 1173 1173
    1173 1173 1173 1173 1173 1173 1173 1173 0 1387 1387 1370 1359 1349
    1317 1297 1278 1268 1241 1223 1210 1202 1193 1181 1165 1165 1169
    1169 1169 1169 1169 1169 1169 1169 1169 1173 1173 1173 1173 1173
    1173 1173 1173 1173 1173 1173 1173 1173 0 1381 1381 1376 1359 1349
    1328 1297 1278 1268 1241 1223 1210 1202 1193 1177 1165 1165 1169
    1169 1169 1169 1169 1169 1169 1169 1173 1173 1173 1173 1173 1177
    1177 1173 1173 1173 1173 1177 1177 1177 0 1381 1381 1376 1359 1349
    1328 1292 1283 1255 1241 1223 1210 1202 1189 1177 1169 1169 1169
    1169 1169 1169 1169 1169 1169 1169 1169 1173 1173 1173 1173 1177
    1177 1173 1173 1177 1177 1177 1177 1177 0 1392 1381 1376 1359 1349
    1328 1292 1283 1255 1245 1227 1214 1202 1189 1173 1169 1169 1173
    1173 1173 1173 1169 1169 1169 1169 1169 1173 1173 1173 1173 1177
    1177 1173 1173 1177 1177 1177 1177 1177 0 1392 1381 1376 1365 1349
    1328 1292 1273 1255 1245 1227 1219 1202 1189 1173 1169 1169 1173
    1173 1173 1173 1169 1169 1169 1169 1173 1173 1173 1173 1173 1177
    1177 1177 1177 1177 1177 1177 1181 1181 0 1381 1381 1376 1365 1349
    1328 1292 1273 1255 1245 1232 1219 1206 1193 1177 1169 1169 1173
    1173 1173 1173 1169 1169 1169 1169 1173 1173 1173 1173 1173 1177
    1181 1177 1177 1177 1177 1177 1181 1181 0 1392 1387 1376 1365 1349
    1328 1288 1273 1259 1245 1232 1223 1206 1193 1177 1169 1169 1173
    1173 1173 1173 1173 1173 1173 1173 1173 1173 1173 1173 1173 1181
    1181 1181 1181 1181 1181 1181 1181 1181 0 1392 1387 1370 1359 1343
    1328 1288 1273 1259 1245 1236 1223 1206 1197 1177 1169 1169 1173
    1177 1177 1173 1173 1173 1173 1173 1177 1173 1173 1177 1177 1181
    1181 1181 1181 1181 1181 1181 1181 1181 0 1392 1387 1365 1359 1343
    1328 1312 1273 1264 1241 1236 1214 1202 1193 1177 1169 1169 1173
    1177 1177 1177 1173 1173 1173 1173 1173 1173 1173 1177 1177 1177
    1181 1181 1181 1185 1185 1181 1181 1181 1181 1392 1387 1365 1354
    1349 1333 1312 1278 1264 1241 1232 1214 1202 1185 1177 1169 1169
    1173 1173 1177 1177 1173 1173 1173 1173 1173 1173 1173 1177 1177
    1177 1181 1181 1181 1181 1185 1185 1181 1181 1181 1392 1392 1376
    1354 1349 1333 1312 1283 1268 1245 1232 1223 1206 1185 1177 1169
    1169 1173 1173 1173 1173 1173 1173 1173 1173 1173 1173 1173 1177
    1177 1177 1177 1177 1177 1181 1185 1185 1185 1185 1185 1398 1392
    1376 1359 1343 1333 1312 1288 1273 1245 1232 1223 1206 1185 1177
    1169 1169 1173 1173 1173 1173 1173 1173 1173 1173 1173 1173 1173
    1177 1177 1177 1177 1177 1177 1181 1185 1185 1185 1189 1189 1392
    1392 1381 1376 1343 1333 1317 1288 1278 1250 1236 1227 1206 1185
    1177 1173 1173 1173 1173 1177 1173 1173 1177 1177 1177 1177 1173
    1173 1177 1177 1177 1177 1177 1181 1181 1181 1185 1189 1185 1185
    1392 1392 1381 1376 1349 1328 1312 1288 1278 1250 1236 1227 1206
    1185 1181 1173 1173 1173 1173 1177 1177 1177 1177 1177 1177 1177
    1181 1177 1177 1177 1177 1181 1181 1181 1181 1181 1185 1185 1185
    1185 1392 1392 1381 1370 1354 1328 1312 1288 1278 1255 1236 1223
    1206 1185 1177 1173 1173 1173 1173 1177 1177 1177 1177 1177 1177
    1181 1181 1181 1181 1181 1181 1181 1185 1181 1181 1181 1181 1185
    1185 1185 1387 1387 1381 1370 1354 1343 1312 1283 1273 1259 1236
    1223 1210 1185 1177 1173 1173 1173 1173 1177 1177 1177 1177 1177
    1177 1177 1177 1181 1181 1181 1181 1185 1185 1181 1181 1181 1181
    1185 1189 1189 1387 1387 1381 1370 1359 1343 1317 1283 1273 1259
    1232 1223 1206 1185 1177 1173 1173 1173 1173 1173 1177 1177 1177
    1177 1177 1177 1177 1181 1185 1185 1185 1185 1185 1185 1185 1185
    1185 1185 1189 1189 1381 1381 1381 1370 1359 1343 1317 1278 1268
    1255 1232 1223 1206 1185 1181 1173 1173 1173 1173 1173 1177 1177
    1177 1177 1177 1177 1177 1181 1181 1181 1185 1185 1185 1181 1181
    1181 1181 1185 1185 1185 0 1381 1381 1370 1359 1333 1317 1278 1268
    1255 1236 1227 1206 1185 1181 1177 1177 1177 1181 1181 1181 1181
    1181 1177 1177 1177 1177 1177 1181 1181 1185 1185 1185 1181 1181
    1181 1181 1185 1185 1185 0 1392 1387 1376 1359 1333 1322 1278 1268
    1255 1241 1232 1206 1185 1181 1177 1177 1177 1181 1181 1181 1181
    1181 1181 1177 1177 1177 1177 1181 1181 1181 1181 1181 1181 1181
    1185 1185 1185 1185 0 0 1392 1387 1376 1365 1333 1317 1283 1268 1255
