<?xml version="1.0"?>
<opencv_storage>
<Depth8131 type_id="opencv-matrix">
  <rows>26</rows>
  <cols>15</cols>
  <dt>w</dt>
  <data>
    6889 6889 6753 4041 4041 6889 6889 4041 4041 3948 3948 3994 6753
    6622 6497 4139 4089 4089 3994 3994 3994 3994 3994 3994 3994 3994
    3994 3994 4041 6497 4089 4041 4041 3994 3994 3994 3994 3994 3994
    3994 3994 3994 3994 4041 4041 4041 4041 3994 3994 3994 3994 3994
    3994 3994 3994 3994 3994 3994 4041 4041 4041 4041 3994 3994 3994
    3994 3994 3994 3994 3994 3994 4041 4041 4041 4089 4041 4041 3994
    3948 3948 3948 3994 3994 3994 3994 3994 4041 4041 4041 4089 4041
    4041 3994 3948 3948 3948 3948 3994 3994 3994 3994 4089 4089 4089
    4139 4041 4041 3994 3948 3948 3948 3948 3994 3994 4041 4041 4089
    4089 4089 4089 4041 4041 3994 3994 3994 3994 3994 3994 4041 4041
    4041 4089 4089 4089 4089 4041 4041 3994 3994 3994 3994 3994 3994
    4041 4041 4041 4089 4089 4089 4089 4041 4041 3994 3994 3994 3994
    3994 3994 4041 4041 4041 4041 4041 4089 4089 4041 3994 3994 3994
    3994 3994 3994 3994 4041 4041 4041 4041 4041 4089 4089 3994 3994
    3994 3994 3994 3994 3994 3994 4041 4041 4041 4041 4041 4089 4139
    3994 3994 3994 3994 3994 3994 3994 3994 4041 4041 4041 4041 4041
    4089 4139 4041 4041 4041 3994 3994 3994 4041 4041 4041 4041 4041
    4089 4089 4089 4139 4041 4041 4041 3994 3994 3994 3994 3994 4041
    4041 4041 4041 4041 4089 4139 4041 4041 4041 3994 3994 3994 3994
    3994 4041 4041 4041 4041 4041 4089 4139 4089 4041 4041 3994 3994
    3994 3994 4041 4041 4041 4041 4089 4089 4089 4139 4089 4041 4041
    4041 3994 3994 4041 4041 4041 4041 4041 4089 4089 4139 4139 4089
    4041 4041 4041 4041 4041 4041 4041 4041 4041 4089 4139 4139 4139
    4089 4089 4041 4041 4041 4041 4041 4041 4041 4041 4041 4089 4139
    4139 4139 4089 4041 4041 4041 4041 4041 4041 4041 4041 4041 4041
    4041 4089 4139 4139 4089 4041 4041 4041 4041 4041 4041 4041 4041
    4041 4041 4041 4089 4139 4139 4139 4139 4041 4041 4041 4041 4041
    4041 4041 4041 4041 4089 4089 4139 4139 4190 4139 4041 4041 4041
    4041 4041 4041 3994 3994 4041 4041 4089 4139 6889 6889 7030 7030
    7030 4041 4041 4089 4089 3994 3994 4041 4041 7030 7030 7030 6889</data></Depth8131>
</opencv_storage>
