<?xml version="1.0"?>
<opencv_storage>
<Depth4992 type_id="opencv-matrix">
  <rows>51</rows>
  <cols>79</cols>
  <dt>w</dt>
  <data>
    4089 4041 4041 4041 4041 3994 3994 1713 1705 1705 1705 1705 1705
    1705 3903 3903 3903 3903 3859 3859 3859 3859 3859 3859 3859 3859
    3859 3816 3816 3816 3816 3816 3774 3774 3774 3732 3732 3732 3732
    3732 3692 3692 3692 3692 3692 3692 3653 3653 3653 3692 3692 3653
    3614 3614 3614 3614 3614 3614 3614 3614 3614 3614 3614 3614 3576
    3576 3576 3576 3576 3576 3576 3539 3539 3576 3576 3576 3539 3539
    3503 4089 4089 4041 4041 4041 3994 3994 1713 1705 1705 1705 1705
    1705 1705 1688 1688 3903 3903 3859 3859 3859 3859 3859 3859 3859
    3859 3859 3859 3816 3816 3816 3774 3774 3774 3774 3732 3732 3732
    3732 3732 3732 3692 3692 3692 3692 3692 3653 3653 3653 3653 3653
    3653 3614 3614 3614 3614 3614 3614 3614 3614 3614 3614 3614 3614
    3576 3576 3576 3576 3576 3576 3576 3576 3576 3576 3576 3576 3539
    3539 3503 4089 4089 4089 4089 4089 1696 1696 1696 1696 1705 1705
    1705 1705 1696 1688 1688 1688 1688 1688 3859 3903 3903 3903 3859
    3859 3859 3859 3859 3816 3816 3774 3774 3774 3732 3732 3732 3732
    3732 3732 3732 3692 3692 3692 3692 3692 3692 3692 3692 3692 3653
    3653 3653 3653 3614 3614 3614 3614 3614 3614 3614 3614 3614 3614
    3614 3576 3576 3576 3576 3576 3576 3576 3576 3576 3576 3576 3539
    3539 3503 3503 4089 4089 4089 4089 4089 1696 1696 1696 1696 1705
    1705 1705 1696 1696 1688 1688 1688 1688 1680 1680 1680 1688 3903
    3859 3859 3859 3859 3816 3816 3774 3774 3774 3732 3732 3732 3732
    3732 3732 3732 3732 3692 3692 3692 3692 3692 3692 3692 3692 3692
    3692 3692 3653 3653 3653 3614 3614 3614 3614 3614 3614 3614 3614
    3614 3614 3576 3576 3576 3576 3576 3576 3576 3576 3576 3576 3576
    3539 3539 3503 3503 4041 4041 4041 4089 1671 1671 1680 1688 1696
    1705 1696 1688 1688 1688 1688 1688 1688 1680 1680 1680 1680 1680
    1680 1680 1680 1680 3859 3774 3774 3774 3774 3774 3732 3732 3732
    3732 3732 3692 3692 3653 3653 3692 3692 3692 3692 3692 3692 3692
    3692 3692 3692 3653 3653 3653 3653 3614 3614 3614 3614 3614 3614
    3614 3614 3614 3614 3576 3576 3576 3576 3576 3576 3576 3576 3576
    3576 3539 3539 3503 3468 4041 4041 4041 4041 1671 1671 1680 1688
    1696 1696 1696 1688 1680 1680 1680 1680 1680 1680 1680 1680 1671
    1671 1671 1671 1671 1671 1680 3774 3774 3774 3774 3774 3732 3732
    3732 3732 3732 3692 3692 3653 3653 3692 3692 3692 3692 3732 3692
    3692 3692 3692 3692 3692 3653 3653 3653 3614 3576 3576 3614 3614
    3614 3614 3614 3614 3614 3576 3576 3576 3576 3576 3576 3576 3539
    3539 3539 3503 3503 3468 3468 4041 4041 4041 4041 1680 1680 1688
    1688 1696 1688 1688 1680 1680 1680 1680 1680 1680 1680 1680 1680
    1671 1671 1671 1671 1671 1671 1671 1671 1671 3774 3774 3774 3732
    3732 3732 3732 3732 3732 3692 3692 3692 3692 3692 3692 3692 3732
    3692 3692 3692 3653 3653 3653 3653 3653 3653 3614 3576 3576 3614
    3614 3614 3614 3614 3614 3614 3614 3576 3576 3576 3576 3576 3539
    3539 3539 3539 3503 3503 3468 3468 4041 4041 4041 1680 1680 1680
    1688 1688 1688 1688 1680 1680 1680 1680 1671 1671 1671 1671 1671
    1671 1671 1671 1671 1663 1663 1671 1663 1663 1655 1655 1655 1663
    3774 3774 3732 3732 3732 3692 3692 3692 3692 3692 3692 3692 3692
    3732 3692 3653 3653 3653 3653 3653 3653 3653 3653 3614 3576 3576
    3614 3614 3614 3614 3614 3614 3614 3614 3614 3576 3576 3576 3539
    3539 3539 3539 3539 3503 3503 3468 3468 4041 4041 1688 1688 1688
    1688 1696 1680 1680 1680 1680 1680 1680 1671 1671 1671 1671 1671
    1671 1671 1663 1663 1663 1663 1663 1663 1663 1655 1655 1655 1655
    1647 1639 1639 1639 1639 1647 3692 3692 3692 3692 3692 3692 3692
    3692 3692 3692 3653 3653 3653 3614 3614 3614 3614 3614 3614 3576
    3576 3576 3614 3614 3614 3576 3576 3614 3614 3614 3614 3576 3576
    3539 3539 3539 3539 3539 3503 3503 3468 3468 3994 3994 1688 1688
    1688 1680 1680 1680 1680 1680 1680 1680 1671 1671 1671 1671 1663
    1663 1663 1663 1663 1663 1663 1655 1655 1655 1647 1647 1647 1647
    1655 1647 1639 1639 1639 1639 1647 1647 1647 3692 3692 3692 3692
    3692 3692 3692 3692 3653 3614 3614 3614 3614 3614 3614 3614 3614
    3576 3576 3576 3614 3614 3614 3576 3576 3576 3576 3614 3614 3614
    3576 3576 3576 3539 3539 3539 3539 3539 3503 3468 4041 1680 1680
    1680 1680 1680 1671 1663 1663 1671 1671 1671 1671 1671 1671 1663
    1663 1655 1655 1655 1655 1655 1655 1655 1647 1647 1647 1647 1647
    1647 1647 1647 1639 1639 1639 1639 1639 1639 1639 1639 1639 3692
    3692 3653 3653 3653 3653 3692 3614 3614 3614 3614 3614 3614 3614
    3576 3576 3576 3576 3614 3614 3614 3576 3576 3576 3576 3576 3576
    3576 3576 3576 3539 3539 3539 3539 3539 3503 3503 3468 4041 1680
    1680 1680 1671 1671 1671 1663 1663 1671 1671 1671 1671 1663 1663
    1663 1655 1655 1655 1647 1647 1647 1647 1647 1647 1647 1647 1647
    1647 1647 1639 1639 1639 1632 1632 1632 1632 1639 1632 1632 1624
    1624 1624 1624 3653 3653 3653 3692 3653 3653 3614 3614 3614 3614
    3614 3576 3576 3576 3576 3576 3614 3614 3576 3576 3576 3576 3576
    3576 3576 3576 3576 3539 3539 3539 3539 3503 3503 3468 3468 4041
    1671 1671 1671 1671 1671 1671 1663 1663 1663 1663 1671 1663 1655
    1655 1655 1647 1647 1647 1647 1647 1647 1647 1647 1647 1639 1639
    1639 1639 1639 1639 1639 1639 1632 1632 1632 1632 1632 1624 1624
    1624 1616 1616 1624 1616 1616 3692 3692 3653 3653 3614 3614 3614
    3614 3614 3614 3576 3576 3576 3576 3614 3614 3576 3576 3576 3576
    3576 3576 3576 3576 3576 3539 3539 3539 3539 3503 3468 3468 3468
    4041 1655 1655 1655 1671 1671 1671 1663 1663 1663 1663 1663 1663
    1655 1655 1655 1647 1647 1647 1647 1647 1647 1647 1639 1639 1639
    1639 1639 1639 1639 1639 1639 1639 1632 1632 1624 1624 1624 1624
    1624 1616 1616 1616 1624 1616 1616 1616 1616 3653 3614 1616 1616
    1616 3576 3614 3614 3576 3576 3614 3614 3614 3614 3614 3576 3576
    3576 3576 3576 3576 3576 3576 3539 3539 3539 3503 3503 3468 3468
    3468 3994 1655 1655 1655 1671 1680 1671 1663 1663 1663 1663 1655
    1655 1647 1647 1647 1647 1647 1647 1647 1647 1647 1639 1639 1639
    1639 1639 1639 1639 1639 1632 1632 1639 1624 1624 1616 1616 1616
    1616 1616 1616 1616 1616 1616 1616 1616 1616 1616 1624 1616 1616
    1616 1616 1616 1616 3614 3576 3576 3614 3614 3614 3576 3576 3614
    3576 3576 3576 3576 3539 3539 3576 3539 3539 3539 3503 3468 3468
    3468 3468 3994 1739 1696 1696 1688 1680 1680 1671 1671 1663 1663
    1655 1655 1647 1647 1647 1647 1647 1647 1639 1639 1639 1639 1632
    1632 1632 1632 1632 1632 1624 1616 1616 1616 1624 1624 1616 1616
    1616 1616 1616 1616 1616 1616 1616 1616 1616 1616 1616 1616 1616
    1616 1616 1616 1616 1616 1616 1616 3614 3614 3614 3614 3576 3576
    3614 3576 3576 3576 3576 3539 3539 3539 3539 3539 3539 3503 3468
    3468 3468 3468 3994 1739 1739 1713 1705 1696 1688 1680 1671 1671
    1663 1655 1655 1647 1647 1647 1647 1647 1639 1639 1639 1639 1632
    1632 1632 1632 1624 1624 1624 1616 1616 1616 1616 1616 1616 1616
    1616 1616 1616 1616 1609 1609 1609 1616 1616 1616 1616 1616 1616
    1616 1609 1609 1609 1609 1609 1609 1609 1609 1609 1609 3614 3614
    3614 3614 3614 3576 3576 3576 3539 3539 3539 3539 3539 3503 3503
    3468 3468 3468 3468 4041 1748 1739 1731 1713 1705 1696 1688 1680
    1671 1671 1663 1663 1655 1647 1647 1647 1639 1639 1632 1624 1624
    1624 1624 1624 1624 1624 1616 1616 1616 1616 1616 1616 1616 1616
    1616 1609 1609 1609 1609 1609 1609 1609 1616 1616 1616 1616 1609
    1609 1609 1609 1609 1601 1601 1601 1601 1601 1601 1601 1601 1601
    1594 1594 1594 3614 3576 3576 3576 3539 3539 3539 3539 3539 3503
    3503 3468 3468 3468 3468 1748 1748 1739 1739 1722 1713 1705 1696
    1696 1680 1680 1671 1663 1655 1655 1647 1647 1639 1639 1632 1624
    1624 1624 1624 1624 1616 1616 1616 1616 1616 1616 1616 1609 1609
    1609 1609 1609 1609 1609 1609 1609 1609 1609 1609 1609 1609 1609
    1601 1601 1601 1601 1601 1601 1601 1601 1601 1601 1594 1594 1594
