<?xml version="1.0"?>
<opencv_storage>
<Depth8822 type_id="opencv-matrix">
  <rows>84</rows>
  <cols>70</cols>
  <dt>w</dt>
  <data>
    4295 4295 4295 4295 4349 4349 4349 4405 4405 1001 1001 1001 1001
    1004 1004 1007 1007 1007 1007 4463 4463 4463 4463 4349 4349 4349
    4405 4349 4349 4349 4349 4349 4349 4349 4349 4349 4349 4349 4349
    4295 4295 4349 4349 4349 4349 4349 4349 4349 4349 4349 4349 4349
    4295 4295 4295 4295 4295 4295 4349 4295 4295 4241 4241 4295 4295
    4295 4241 4241 0 4241 4295 4295 4295 4295 4295 4349 4349 4405 998
    998 998 998 998 1001 1001 1001 1001 1001 995 995 995 989 4349 4349
    4349 4349 4405 4349 4349 4349 4349 4241 4190 4190 4241 4349 4349
    4349 4295 4295 4295 4295 4349 4349 4349 4349 4349 4349 4349 4349
    4349 4295 4295 4295 4295 4295 4241 4241 4295 4295 4241 4190 4190
    4190 4295 4295 0 0 0 0 4295 4295 0 4295 987 987 987 987 987 992 992
    992 995 998 998 992 992 995 995 995 995 989 989 989 992 998 998 1001
    4349 4349 4349 4241 4190 4190 4241 4349 4349 4349 4295 4295 4295
    4295 4349 4349 4405 4405 4349 4349 4349 4349 4349 4241 4241 4241
    4295 4295 4241 4241 4295 4295 4190 4139 4139 4190 4295 4295 4295 0 0
    0 4295 4295 4295 0 0 987 987 987 987 989 989 992 992 992 995 992 992
    995 995 995 995 989 989 992 992 998 998 1001 998 998 998 998 998 998
    998 998 1001 1001 1007 1007 1007 1010 1007 1007 1007 4405 4405 4405
    4405 4405 4405 4241 4241 4241 4241 4295 4295 4295 4295 4295 4190
    4139 4139 4139 4139 1016 0 0 0 0 4295 4295 0 0 0 984 984 987 987 989
    989 989 989 989 989 995 995 995 995 995 995 992 992 992 992 992 998
    1001 998 998 998 998 998 998 998 1001 1001 1001 1004 1004 1004 1004
    1004 1007 1007 1007 1004 1004 1007 4405 4405 1013 1013 1013 1013
    1010 1007 1007 1013 1022 1022 1022 1022 1016 1016 0 0 0 0 0 0 4349 0
    0 0 984 984 987 987 989 989 989 989 989 989 989 992 992 992 992 992
    995 992 992 992 992 998 998 998 998 998 998 998 998 998 1001 1001
    1001 1001 1004 1004 1004 1004 1007 1007 1007 1004 1004 1004 1004
    1007 1007 1010 1010 1013 1010 1007 1007 1013 1016 1019 1016 1016
    1016 0 0 0 0 0 0 0 0 0 0 0 984 984 984 984 987 989 989 989 989 989
    989 992 992 992 992 992 995 995 995 995 995 995 998 998 998 998 998
    998 998 998 998 1001 1001 1001 1001 1001 1001 1004 1004 1004 1004
    1001 1001 1001 1001 1001 1001 1007 1007 1007 1004 1004 1004 1010
    1010 1013 1016 1016 1016 1013 1013 1013 1013 1013 0 0 0 0 0 0 984
    984 984 984 987 987 989 989 989 989 989 989 992 992 992 992 992 995
    995 995 995 995 995 998 998 998 998 998 998 998 998 998 1001 1001
    1001 1001 1001 1001 1001 1004 1001 1001 1001 1001 1001 1001 1001
    1004 1007 1004 1004 1004 1004 1010 1010 1010 1010 1010 1010 1010
    1010 1013 1013 1010 1010 0 0 0 0 0 984 984 984 984 987 987 989 989
    989 989 989 989 992 992 992 992 992 995 995 995 992 992 995 998 998
    998 998 998 998 998 998 998 998 998 1001 1001 1001 1001 1001 1001
    1001 1001 1001 1001 1001 1001 1001 1004 1004 1004 1004 1004 1004
    1010 1010 1010 1010 1010 1010 1010 1010 1013 1013 1010 1007 0 0 0 0
    0 984 984 984 984 987 989 989 989 989 989 989 989 992 992 992 992
    992 995 995 998 992 992 998 998 998 998 998 998 998 998 998 998 998
    998 1001 1001 1001 1001 1001 1001 1001 1001 1001 1001 1001 1004 1004
    1004 1004 1001 1001 1004 1004 1007 1010 1007 1007 1010 1010 1010
    1010 1013 1013 1010 1001 0 0 0 0 0 984 984 984 984 989 989 989 989
    989 989 989 989 992 992 992 995 995 995 995 998 998 998 998 998 998
    998 998 998 998 998 998 998 998 998 1001 1001 1001 1001 1001 1001
    1001 1001 1001 1001 1001 1001 1004 1004 1001 1001 1001 1004 1004
    1007 1010 1007 1007 1010 1010 1010 1010 1013 1013 1010 1001 0 0 0 0
    0 984 984 984 987 989 989 989 989 989 989 989 989 992 992 992 995
    995 995 995 998 998 998 998 998 998 998 998 998 998 1001 998 998 998
    998 998 1001 1001 1001 1001 1001 1001 1001 1001 1001 1001 1001 1004
    1004 1001 1001 1001 1001 1004 1007 1010 1007 1007 1010 1010 1013
    1013 1013 1013 1010 1010 0 0 0 0 0 987 987 987 987 989 989 989 989
    989 989 989 992 992 992 992 995 995 995 995 995 995 998 998 998 998
    998 998 998 998 1001 998 998 998 998 998 1001 1001 1001 1001 1001
    1001 1001 1001 1001 1001 1001 1001 1001 1001 1001 1001 1001 1001
    1007 1007 1007 1010 1010 1010 1013 1013 1013 1013 1013 1013 0 0 0 0
    0 987 987 987 987 989 989 989 989 989 989 989 992 992 992 992 992
    992 992 995 995 995 998 998 998 998 998 998 998 998 1001 998 998 998
    998 998 1001 1001 1001 1001 1001 1001 1001 1001 1001 1001 1001 1001
    1001 1001 1001 1001 1001 1001 1007 1007 1007 1007 1010 1010 1013
    1013 1013 1013 1013 1013 0 0 0 0 0 987 987 987 987 989 989 989 989
    989 989 989 989 992 992 992 992 992 992 995 995 995 995 998 998 998
    998 998 998 998 998 998 998 998 998 1001 1001 1001 1001 1001 1001
    1001 1001 1001 1001 1001 1001 1001 1001 1004 1004 1004 1004 1004
    1007 1007 1007 1007 1010 1010 1013 1013 1013 1013 1013 1013 0 0 0 0
    0 984 984 984 984 989 989 989 989 989 989 989 989 992 992 992 992
    992 992 995 995 995 995 995 998 998 998 998 998 998 998 998 998 998
    998 1001 1001 1001 1001 1001 1001 1001 1001 1001 1001 1001 1001 1001
    1001 1004 1004 1004 1004 1004 1007 1007 1007 1007 1010 1010 1013
    1013 1013 1013 1013 1013 0 0 0 0 987 984 984 984 984 987 989 989 989
    989 989 989 989 992 989 989 992 992 992 995 995 995 995 995 995 998
    998 998 998 998 998 998 998 998 998 1001 1001 1001 1001 1001 1001
    1001 1001 1001 1001 1001 1001 1001 1004 1004 1004 1004 1004 1004
    1007 1004 1004 1007 1010 1010 1010 1010 1010 1013 1013 1013 0 0 0 0
    987 984 984 984 984 987 987 989 989 989 989 989 989 989 989 989 992
    992 992 995 992 992 995 995 995 998 998 998 998 998 998 998 998 998
    998 998 998 1001 1001 1001 1001 1001 1001 1001 1001 1001 1004 1004
    1004 1004 1001 1001 1001 1004 1007 1004 1004 1007 1010 1010 1010
    1010 1010 1013 1013 1013 0 0 0 0 987 984 984 984 984 987 987 989 989
    989 989 989 989 989 989 989 992 992 992 995 992 992 992 992 992 995
    998 998 998 998 998 998 998 998 998 998 998 1001 998 998 1001 1001
    1001 1001 1001 1001 1004 1004 1004 1004 1001 1001 1001 1001 1007
    1007 1007 1010 1013 1010 1010 1010 1010 1013 1013 1013 0 0 0 0 987
    984 984 984 984 987 987 987 989 989 989 989 989 989 989 989 989 995
    995 995 995 995 992 992 992 992 995 995 998 998 998 998 998 998 998
    1001 1001 1001 998 998 1001 1001 1001 1001 1001 1001 1004 1004 1004
    1004 1001 1001 1001 1001 1004 1004 1007 1010 1010 1010 1010 1010
    1010 1013 1013 1013 0 0 0 0 984 984 984 984 984 987 987 987 987 987
    989 989 989 989 989 989 989 995 995 995 995 995 995 995 992 992 995
    995 998 998 998 998 998 998 998 998 998 1001 998 998 998 998 1001
    1001 1001 1001 1004 1004 1004 1004 1004 1004 1001 1001 1004 1004
    1007 1010 1010 1010 1010 1010 1010 1013 1013 1013 0 0 0 0 984 984
    984 984 984 987 987 987 987 987 987 989 989 989 989 989 989 995 995
    995 995 995 995 995 995 995 995 998 998 998 998 998 998 998 998 998
    998 998 1001 1001 998 998 1001 1001 1001 1001 1004 1004 1004 1004
    1004 1004 1004 1004 1004 1004 1007 1010 1010 1013 1010 1010 1013
    1013 1013 1013 0 0 0 0 984 984 984 984 984 987 987 987 987 987 987
    989 989 989 989 989 989 992 992 995 995 995 995 995 995 995 995 998
    998 998 998 998 1001 1001 1001 1001 998 998 998 1001 998 998 1001
    1001 1001 1001 1001 1001 1004 1004 1004 1004 1004 1004 1004 1004
    1007 1010 1010 1010 1010 1010 1013 1010 1010 0 0 0 0 0 984 984 984
    984 984 987 987 987 987 987 987 989 989 989 989 989 989 992 992 992
    995 992 992 995 995 995 995 998 998 998 998 998 998 1001 998 998 998
    998 998 998 1001 1001 1001 1001 1001 1001 1001 1001 1001 1001 1004
    1004 1004 1004 1004 1004 1007 1010 1010 1010 1010 1010 1013 1010
    1010 0 0 0 0 0 984 984 984 984 984 987 987 987 987 987 987 987 989
    989 989 989 989 989 992 992 992 992 992 995 995 995 998 998 998 998
