<?xml version="1.0"?>
<opencv_storage>
<Depth3897 type_id="opencv-matrix">
  <rows>184</rows>
  <cols>92</cols>
  <dt>w</dt>
  <data>
    1804 1804 0 0 0 0 0 0 0 0 0 0 0 0 0 0 0 1794 1757 1757 1757 1722
    1722 0 0 0 0 0 0 0 0 0 0 0 0 0 0 0 0 0 1101 1101 1097 1097 1097 1097
    1097 1097 1101 1101 1101 1101 0 0 0 771 767 764 761 759 759 757 754
    754 752 752 750 750 750 752 752 752 752 754 754 754 755 755 759 761
    762 764 766 769 771 0 0 0 1041 1041 1041 1038 1843 1843 0 0 0 1813
    1813 1813 0 0 0 0 0 0 0 0 0 1794 1766 1766 1757 1748 1748 1757 0 0 0
    0 0 0 0 0 0 0 0 0 0 0 0 0 1101 1097 1097 1094 1094 1094 1097 1097
    1101 1097 1097 1101 1101 0 0 771 766 764 759 755 755 755 754 754 752
    752 750 750 750 750 750 750 750 754 754 754 755 755 759 761 762 764
    766 769 771 771 0 1050 1050 1047 1047 1047 1843 1843 1843 1843 1833
    1813 1813 1813 1833 0 0 0 0 1813 1804 1804 1813 1794 1785 1766 1766
    1757 1757 1757 1748 1748 1739 1739 0 0 0 0 0 0 0 0 0 0 0 0 1101 1097
    1094 1094 1094 1094 1097 1097 1097 714 714 714 716 716 717 766 766
    761 757 755 754 754 752 752 752 750 749 749 749 749 749 750 750 754
    754 755 755 757 761 762 762 766 766 769 769 771 0 1070 1060 1060
    1057 1057 1883 1883 1843 1843 1833 1833 1833 1833 1833 1843 0 0 0
    1813 1804 1804 1813 1804 1794 1794 1776 1776 1785 1757 1748 1748
    1739 1739 0 0 0 0 0 0 0 0 0 0 0 0 1101 1094 1094 1094 1094 1094 1094
    1094 714 714 714 714 716 716 717 717 719 719 755 754 754 754 752 752
    752 750 749 749 749 749 749 750 750 752 754 755 755 757 759 761 762
    767 767 769 769 769 1070 1070 1067 1067 1063 1063 1883 1883 1843
    1843 1833 1833 1833 1833 1843 1843 0 0 1813 1813 1813 1813 1813 1804
    1804 1794 1785 1785 1785 1794 1785 1785 1785 0 0 0 0 0 0 0 0 0 0 0 0
    0 1097 1087 1087 1090 1094 1094 1094 714 714 714 714 716 716 716 717
    717 719 719 722 754 754 752 752 752 750 749 749 749 749 750 749 749
    750 750 752 755 755 757 759 761 762 766 767 767 767 767 1070 1070
    1067 1067 1067 1067 1894 1926 1926 1926 1833 1833 1833 1843 1843
    1853 1873 1873 1843 1833 1813 1813 1813 1813 1833 1833 1813 1804
    1804 1804 1813 1813 1813 0 0 0 0 0 0 0 0 0 0 0 0 0 1097 1087 1087
    1090 1097 1097 710 710 713 714 714 716 716 716 717 717 719 720 720
    720 754 752 752 750 749 749 747 747 749 749 749 749 749 750 752 755
    757 759 759 761 762 766 767 767 767 767 767 1108 1108 1108 1090 1090
    1904 1926 1926 1926 1926 1843 1843 1843 1853 1873 1873 1873 1843
    1843 1823 1823 0 1833 1833 1823 1813 1804 1804 1813 1813 1813 1823
    1833 1823 1823 1823 0 0 0 0 0 0 0 0 0 0 0 0 0 708 708 708 710 711
    713 714 716 716 716 717 717 719 720 720 720 720 754 750 750 749 747
    747 747 747 749 747 747 749 750 752 754 755 759 761 761 762 766 767
    767 767 767 1115 1115 1108 1108 1105 1097 1926 1926 1926 1915 1915
    1915 1843 1843 1883 1873 1873 1873 1853 1843 1843 0 0 0 1843 1823
    1823 1804 1804 1813 1813 1823 1823 1833 1823 1823 1823 0 0 0 0 0 0 0
    0 0 0 0 0 0 710 708 708 710 711 713 714 716 716 716 717 717 719 720
    720 720 720 720 720 722 747 747 746 746 746 747 747 747 749 750 752
    754 755 759 761 762 764 766 767 769 769 769 1115 1115 1112 1108 1108
    1101 1926 1926 1926 1915 1883 1883 1883 1883 1904 1894 1883 1873
    1873 1863 1863 0 0 0 0 0 0 0 1823 1823 1823 1833 1833 1833 1833 1833
    1833 1833 1833 0 0 0 0 0 0 0 0 0 0 0 710 710 710 710 713 713 714 714
    716 716 717 717 719 720 720 720 720 720 720 722 725 728 744 742 741
    741 744 746 746 749 752 754 755 757 759 762 764 767 769 771 773 773
    1115 1115 1112 1108 1108 1632 1926 1926 1926 1915 1883 1883 1883
    1883 1904 1904 1883 1873 1873 1873 0 0 0 0 0 0 0 0 0 1843 1843 1843
    1843 1843 1843 1833 1833 1833 1833 0 0 0 0 0 0 0 0 0 0 0 711 711 711
    711 713 713 714 714 714 716 716 717 719 720 720 720 722 722 723 723
    725 727 730 734 734 734 736 736 738 744 747 752 755 757 759 762 766
    767 771 773 773 1123 1123 1115 1115 1115 1632 1632 1947 1926 1926
    1915 1915 1915 1894 1894 1915 1904 1904 1894 1873 1873 0 0 0 0 0 0 0
    0 0 0 1843 1843 1843 1843 1843 1843 1843 1833 1833 0 0 0 0 0 0 0 0 0
    0 0 711 711 711 711 713 713 714 714 714 716 716 716 719 720 720 720
    720 722 722 723 725 727 728 730 730 731 731 733 734 739 739 742 755
    757 759 762 764 767 771 774 774 1123 1119 1119 1119 1119 1119 1609
    1947 1926 1926 1915 1915 0 1915 1915 1915 1915 1915 1915 0 0 0 0 0 0
    0 0 0 0 0 0 0 0 1843 1843 1843 1843 1843 1843 1843 0 0 0 0 0 0 0 0 0
    0 0 711 711 711 711 713 713 713 713 714 716 716 716 719 719 720 720
    720 722 722 723 725 725 727 728 728 728 728 728 731 734 734 736 736
    759 761 762 764 769 771 771 1123 1123 1119 1119 1119 1119 1119 1119
    1993 1993 0 0 0 0 0 0 0 0 0 0 0 0 0 0 0 0 0 0 0 0 0 0 0 0 0 1843
    1843 1843 1843 1853 1853 0 0 0 0 0 0 0 0 0 0 0 711 711 711 711 713
    713 713 713 714 714 716 716 717 719 720 720 720 720 722 722 725 725
    727 727 728 728 728 728 730 733 734 736 734 734 762 762 766 769 769
    1123 1123 1123 1123 1119 1119 1119 1123 1119 2016 2016 0 0 0 0 0 0 0
    0 0 0 0 0 0 0 0 0 0 0 0 0 0 0 0 0 0 0 0 1853 1853 0 0 0 0 0 0 0 0 0
    0 0 0 714 713 711 711 711 713 713 713 713 714 714 716 716 716 717
    719 720 720 720 720 722 723 723 727 727 728 728 728 730 730 733 734
    734 734 734 736 764 771 771 771 1123 1123 1123 1126 1123 1123 1123
    1123 1123 2028 0 0 0 0 0 0 0 0 0 0 0 0 0 0 0 0 0 0 0 0 0 0 0 0 0 0 0
    0 0 0 0 0 0 0 0 0 0 0 0 0 0 0 714 713 711 711 711 711 713 713 713
    714 714 716 716 716 717 719 720 720 720 720 722 723 723 727 727 728
    728 728 730 730 731 734 734 734 734 736 738 741 741 741 1126 1126
    1126 1126 1130 1130 1123 1123 1123 2065 0 0 0 0 0 0 0 0 0 0 0 0 0 0
    0 0 0 0 0 0 0 0 0 0 0 0 0 0 0 0 0 0 0 0 0 0 0 0 0 0 0 0 714 713 711
    711 711 711 713 713 713 714 714 716 716 716 717 719 720 720 720 722
    722 723 723 727 728 728 728 730 730 730 731 734 734 734 736 738 738
    739 741 741 741 742 1145 1145 1145 1138 1130 1126 1126 0 0 0 0 0 0 0
    0 0 0 0 0 0 0 0 0 0 0 0 0 0 0 0 0 0 0 0 0 0 0 0 0 0 0 0 0 0 0 0 0 0
    0 0 714 713 711 711 713 713 714 714 714 714 714 716 716 716 717 719
    719 720 720 722 722 723 723 727 728 728 730 730 730 731 733 734 734
    734 736 736 738 739 741 741 741 741 741 741 1145 1145 1145 1141 1138
    0 0 0 0 0 0 0 0 0 0 0 0 0 0 0 0 0 0 0 0 0 0 0 0 0 0 0 0 0 0 0 0 0 0
    0 0 0 0 0 0 0 0 0 0 717 717 717 716 716 716 714 714 714 714 716 716
    716 717 719 719 720 720 722 722 723 723 725 728 728 730 730 730 731
    733 734 734 734 734 736 736 738 739 741 741 741 741 741 742 742 1149
    1145 1145 0 0 0 0 0 0 0 0 0 0 0 0 0 0 0 0 0 0 0 0 0 0 0 0 0 0 0 0 0
    0 0 0 0 0 0 0 0 0 0 0 0 0 0 728 725 725 720 720 720 717 716 716 716
    716 716 716 716 717 719 719 719 720 722 722 723 723 723 727 727 728
    730 730 731 733 734 733 733 734 734 736 736 739 741 741 741 741 741
    742 744 746 746 1149 0 0 0 0 0 0 0 0 0 0 0 0 0 0 0 0 0 0 0 0 0 0 0 0
    0 0 0 0 0 0 0 0 0 0 0 0 0 0 0 0 0 0 731 728 728 727 723 722 722 722
    722 719 716 716 717 717 717 717 719 719 719 720 720 722 722 722 723
    725 725 727 728 730 731 733 733 733 733 734 734 736 736 738 741 741
    742 742 742 744 744 746 747 747 0 0 0 0 0 0 0 0 0 0 0 0 0 0 0 0 0 0
    0 0 0 0 0 0 0 0 0 0 0 0 0 0 0 0 0 0 0 0 0 0 0 0 731 731 731 728 728
    725 725 725 725 723 720 720 720 719 719 719 719 719 720 720 720 722
    722 722 723 725 725 727 728 730 731 733 733 733 733 734 734 734 736
    738 739 741 742 742 742 744 744 746 746 746 0 0 0 0 0 0 0 0 0 0 0 0
    0 0 0 0 0 0 0 0 0 0 0 0 0 0 0 0 0 0 0 0 0 0 0 0 0 0 0 0 0 0 744 744
    744 742 741 741 746 746 728 728 728 727 723 723 722 720 720 720 720
    720 720 722 722 722 723 723 725 727 727 728 730 731 731 733 733 734
    734 734 736 736 739 741 742 742 742 744 744 744 744 744 0 0 0 0 0 0
    0 0 0 0 0 0 0 0 0 0 0 0 0 0 0 0 0 0 0 0 0 0 0 0 0 0 0 0 0 0 0 0 0 0
    0 761 755 749 749 747 747 746 746 746 742 741 733 733 734 734 727
