<?xml version="1.0"?>
<opencv_storage>
<Depth3750 type_id="opencv-matrix">
  <rows>19</rows>
  <cols>30</cols>
  <dt>w</dt>
  <data>
    0 2241 2241 2241 2256 2256 0 2349 2349 2349 2365 2349 2349 0 2333
    2333 0 0 0 0 0 0 0 0 0 0 0 0 0 0 2256 2256 2256 2256 2256 2256 2256
    2333 2333 2349 2365 2349 2317 2317 2333 2333 2349 2381 0 0 0 0 2333
    2333 0 0 0 1639 1639 1647 2256 2256 2256 2271 2256 2256 2256 2301
    2317 2333 2349 2349 2317 2317 2333 2349 2349 2381 0 2398 2381 2381
    2333 2333 2450 2450 2467 1639 1639 1647 2226 2256 2271 2271 2271
    2286 2286 2301 2317 2333 2333 2333 2317 2317 2333 2349 2365 2381
    2381 2381 2381 2381 2398 2398 2450 2450 2467 2485 2485 2485 2226
    2241 2256 2271 2271 2286 2286 2301 2317 2333 2333 2333 2333 2333
    2349 2349 2349 2381 2381 2381 2381 2381 2398 2415 2467 2467 2467
    2485 2485 2485 2226 2241 2256 2286 2286 2286 2301 2301 2317 2317
    2333 2349 2349 2349 2349 2349 2349 2381 2381 2398 2398 2415 2415
    2450 2467 2467 2467 2503 2503 2503 2241 2241 2256 2271 2271 2286
    2286 2301 2317 2317 2333 2349 2349 2349 2349 2349 2365 2381 2381
    2398 2398 2415 2415 2450 2467 2467 2485 2485 2503 2503 2241 2241
    2271 2271 2271 2286 2286 2301 2317 2317 2333 2349 2349 2349 2349
    2349 2365 2381 2398 2398 2415 2432 2450 2450 2467 2467 2467 2485
    2485 2485 2226 2226 2271 2271 2271 2271 2286 2286 2301 2317 2333
    2349 2349 2349 2349 2349 2365 2398 2398 2415 2415 2432 2432 2432
    2450 2467 2467 2485 2485 2450 2226 2226 2271 2271 2271 2271 2286
    2286 2301 2317 2333 2333 2349 2349 2349 2349 2365 2398 2398 2415
    2415 2415 2415 2432 2450 2467 2485 2485 2485 2450 2226 2226 2271
    2271 2271 2271 2286 2286 2317 2317 2333 2333 2349 2349 2349 2349
    2365 2398 2398 2415 2415 2415 2415 2415 2450 2467 2485 2485 2485
    2503 2212 2226 2271 2271 2271 2271 2286 2286 2317 2317 2333 2333
    2349 2349 2349 2349 2365 2398 2398 2398 2398 2415 2415 2415 2450
    2467 2485 2485 2503 1564 2212 2226 2271 2256 2256 2271 2286 2301
    2301 2301 2301 2301 2333 2349 2349 2349 2365 2398 2398 2398 2398
    2398 2415 2415 2432 2467 2485 2485 2503 1564 2212 2241 2271 2226
    2226 2241 2271 2271 2286 2286 2286 2286 2317 2333 2349 2349 2365
    2381 2381 2398 2398 2398 2415 2415 2432 2450 2467 2485 2485 2485 0
    2271 2271 2226 2226 2241 2271 2271 2286 2286 2286 2286 2301 2333
    2349 2349 2365 2381 2381 2381 2381 2398 2415 2415 2432 2450 2467
    2467 2485 2485 0 3238 3238 2241 2241 2271 2271 2286 2286 2286 2286
    2286 2301 2333 2349 2365 2381 2381 2381 2381 2381 2398 2415 2432
    2450 2450 2467 2467 2467 1550 3333 3333 3238 3238 2286 2286 2286
    2286 2286 2286 2286 2333 2349 2365 2365 2381 2415 2415 2415 2415
    2398 2398 2432 2432 2450 2450 2467 2467 2485 2485 3333 3333 3269
    3269 2286 2286 2333 3468 3503 3539 3503 2381 2381 2398 2398 2415
    2415 2432 2432 2432 2432 2450 2450 2467 2485 2485 2485 2485 2485
    2560 3333 3333 3333 3300 3300 3333 3399 3433 3503 3503 3503 3503
    2415 2415 2415 2415 2415 2432 2467 2467 2503 2503 2503 2503 2503
    2503 2522 2522 2541 2560</data></Depth3750>
</opencv_storage>
