<?xml version="1.0"?>
<opencv_storage>
<Depth3148 type_id="opencv-matrix">
  <rows>19</rows>
  <cols>53</cols>
  <dt>w</dt>
  <data>
    1936 1926 1915 1915 1894 1894 1894 1883 1883 1894 1894 1894 1883
    1883 1883 1883 1883 1883 1883 1883 1883 1883 1883 1883 1883 1883
    1883 1883 1883 1883 1883 1883 1883 1883 1873 1873 1873 1873 1873
    1863 1863 1863 1853 1853 1843 1843 1853 1853 1853 1853 1853 1853 0
    1936 1926 1915 1904 1894 1883 1883 1873 1873 1883 1883 1883 1883
    1883 1873 1873 1873 1873 1873 1863 1863 1873 1873 1873 1873 1873
    1873 1873 1873 1873 1873 1863 1863 1863 1863 1863 1863 1853 1853
    1853 1853 1853 1843 1843 1833 1833 1843 1843 1843 1833 1833 1843
    1843 1936 1904 1894 1894 1883 1873 1873 1863 1863 1863 1863 1863
    1873 1873 1863 1863 1863 1863 1863 1863 1863 1863 1853 1853 1863
    1853 1853 1863 1863 1873 1853 1853 1853 1853 1843 1843 1843 1843
    1843 1843 1843 1843 1843 1843 1833 1833 1843 1843 1843 1833 1833
    1843 1843 1863 1863 1883 1873 1873 1873 1863 1853 1853 1853 1853
    1863 1863 1863 1853 1853 1853 1853 1853 1853 1853 1853 1853 1853
    1853 1853 1853 1853 1853 1853 1853 1853 1843 1843 1843 1843 1843
    1843 1833 1833 1833 1833 1843 1843 1833 1833 1843 1843 1843 1843
    1843 1843 1843 1863 1853 1853 1853 1853 1853 1853 1853 1853 1853
    1853 1853 1853 1853 1853 1853 1853 1853 1853 1853 1853 1853 1853
    1853 1853 1853 1853 1853 1853 1853 1853 1853 1843 1843 1843 1843
    1843 1843 1833 1833 1833 1833 1843 1843 1833 1833 1843 1843 1843
    1843 1843 1843 1843 1863 1853 1853 1853 1853 1853 1853 1853 1853
    1853 1853 1853 1853 1853 1853 1853 1843 1843 1843 1853 1853 1853
    1853 1853 1853 1853 1853 1853 1853 1853 1853 1853 1853 1843 1843
    1843 1843 1843 1833 1833 1843 1843 1843 1843 1843 1843 1843 1843
    1843 1843 1843 1843 1843 1863 1853 1853 1853 1853 1863 1863 1853
    1853 1853 1853 1853 1853 1853 1853 1853 1843 1843 1843 1853 1853
    1853 1853 1853 1853 1853 1853 1853 1853 1853 1853 1853 1853 1853
    1853 1853 1853 1853 1843 1843 1843 1843 1843 1843 1843 1843 1853
    1843 1843 1843 1843 1843 1873 1873 1863 1863 1863 1863 1863 1873
    1863 1863 1863 1863 1863 1863 1853 1853 1853 1853 1853 1853 1853
    1853 1853 1853 1853 1853 1863 1853 1853 1853 1863 1863 1863 1853
    1853 1853 1853 1853 1853 1853 1853 1853 1853 1853 1853 1853 1853
    1853 1843 1843 1853 1853 1853 1873 1873 1863 1863 1863 1873 1873
    1883 1873 1873 1863 1863 1873 1873 1863 1863 1863 1853 1853 1853
    1853 1853 1853 1863 1863 1863 1873 1863 1863 1863 1873 1873 1873
    1873 1873 1873 1873 1873 1873 1863 1863 1863 1863 1863 1863 1863
    1863 1863 1853 1853 1853 1853 1853 1883 1873 1873 1873 1873 1873
    1873 1883 1883 1873 1873 1873 1873 1873 1873 1873 1873 1873 1873
    1873 1873 1873 1873 1873 1873 1873 1873 1873 1873 1873 1873 1873
    1873 1883 1883 1873 1873 1873 1873 1863 1863 1863 1863 1863 1863
    1863 1863 1863 1863 1863 1863 1863 1873 1883 1873 1873 1883 1883
    1883 1883 1883 1883 1883 1883 1883 1883 1883 1873 1873 1873 1873
    1873 1873 1873 1873 1883 1873 1873 1873 1873 1873 1873 1883 1883
    1883 1883 1883 1883 1883 1883 1873 1873 1873 1863 1863 1873 1873
    1873 1873 1873 1873 1863 1863 1863 1873 1873 1883 1873 1873 1883
    1883 1883 1883 1883 1883 1883 1883 1883 1883 1883 1883 1883 1883
    1883 1883 1883 1883 1883 1883 1883 1883 1883 1883 1883 1883 1883
    1883 1883 1883 1883 1894 1883 1883 1883 1883 1873 1873 1873 1873
    1873 1873 1873 1873 1873 1873 1873 1873 1873 1873 1883 1894 1883
    1883 1883 1883 1883 1883 1883 1883 1883 1883 1883 1883 1883 1883
    1883 1883 1883 1883 1883 1883 1883 1883 1883 1883 1883 1894 1894
    1894 1894 1894 1894 1894 1894 1894 1894 1883 1883 1873 1873 1873
    1883 1883 1873 1873 1873 1873 1873 1873 1873 1873 1883 1894 1894
    1894 1894 1894 1894 1894 1894 1894 1894 1894 1894 1894 1894 1894
    1894 1894 1894 1894 1883 1883 1894 1894 1894 1894 1894 1894 1894
    1894 1894 1894 1894 1894 1894 1894 1894 1894 1894 1894 1883 1883
    1883 1883 1883 1883 1883 1883 1883 1883 1873 1873 1873 1883 1904
    4405 1894 1894 1894 1894 1894 1894 1894 1894 1894 1894 1894 1894
    1894 1904 1894 1894 1894 1894 1894 1894 1894 1894 1894 1894 1894
    1894 1894 1894 1894 1904 1904 1894 1894 1894 1894 1894 1894 1883
    1883 1883 1883 1894 1894 1894 1894 1883 1883 1883 1883 1883 1894
    1915 4405 1915 1904 1904 1904 1904 1904 1904 1904 1894 1894 1894
    1904 1904 1904 1904 1904 1904 1894 1894 1904 1904 1904 1904 1904
    1904 1904 1904 1904 1904 1904 1915 1904 1894 1894 1894 1894 1904
    1883 1883 1883 1894 1894 1894 1894 1894 1883 1883 1894 1894 1904
    1904 1915 4349 1915 1915 1904 1904 1904 1904 1904 1904 1904 1904
    1904 1904 1915 1926 1926 1926 1915 1915 1915 1915 1915 1915 1915
    1904 1904 1904 1904 1915 1915 1915 1915 1904 1904 1904 1904 1904
    1904 1883 1883 1894 1894 1894 1894 1894 1894 1894 1894 1894 1883
    1883 1904 4295 4295 1926 1926 1915 1915 1915 1915 1915 1915 1915
    1915 1915 1915 1915 1915 1926 1926 1926 1915 1915 1915 1915 1915
    1926 1915 1915 1915 1915 1915 1926 1926 1926 1915 1915 1915 1904
    1904 1915 1894 1894 1894 1904 1904 1904 1894 1894 1894 1894 1894
    1883 1883 4349 4295 4295 1936 1936 1926 1915 1915 1915 1915 1915
    1926 1926 1926 1915 1915 1915 1926 1926 1926 1915 1915 1915 1915
    1915 1926 1915 1915 1915 1915 4349 4349 4405 4405 4405 4405 4405
    4405 1926 1926 4405 4349 4241 4241 4241 4241 4349 4349 4349 1894
    1894 4295 4295 4349 4349</data></Depth3148>
</opencv_storage>
