<?xml version="1.0"?>
<opencv_storage>
<Depth0717 type_id="opencv-matrix">
  <rows>53</rows>
  <cols>72</cols>
  <dt>w</dt>
  <data>
    4774 4774 4774 4774 4842 4842 4842 1550 1550 1543 1543 1516 1516
    1509 1509 1509 1509 1516 1536 1543 4645 4708 4645 4582 4582 4582
    4582 4645 4645 4708 4774 4774 4708 4708 4708 4708 4708 4774 4708
    4708 4708 4708 4708 4708 4708 4708 4708 4708 4708 4774 4774 4774
    4774 4708 4708 4708 4708 4708 4708 4708 4645 4645 4645 4645 4708
    4708 4708 4708 4708 4774 4774 4774 4708 4708 4774 4774 4774 4774
    1550 1550 1550 1543 1489 1489 1489 1496 1503 1503 1503 1503 1503
    1516 1529 1523 1523 1523 1529 4582 4582 4645 4645 4708 4774 4774
    4774 4708 4708 4708 4708 4774 4774 4708 4708 4708 4708 4708 4708
    4708 4708 4708 4708 4842 4842 4774 4774 4708 4708 4708 4708 4708
    4708 4708 4645 4645 4645 4645 4708 4708 4708 4774 4774 4774 4774
    4774 4708 4708 4774 4842 4842 0 0 1489 1489 1489 1483 1483 1483 1489
    1489 1496 1496 1496 1496 1496 1503 1503 1503 1496 1496 1523 1523
    4645 4645 4708 1564 1564 1564 4708 4708 4708 4708 4774 4774 4774
    4774 4774 4774 4774 4774 4708 4708 4708 4708 4842 4842 4774 4774
    4774 4774 4774 4774 4774 4708 4708 4645 4645 4645 4708 4708 4774
    4774 4842 4774 4774 4774 4774 4774 4774 4842 4842 4842 0 0 1489 1489
    1483 1483 1483 1483 1483 1489 1489 1489 1489 1489 1489 1496 1496
    1496 1496 1496 1489 1489 1529 1529 1536 1536 1543 1543 1529 1529
    1536 4774 4774 4774 4774 4774 4774 4774 4774 4774 4774 4774 4774
    4774 4842 4842 4842 4842 4774 4774 4774 4774 4774 4708 4708 4708
    4708 4708 4708 4774 4774 4842 4842 4774 4774 4842 4842 4774 4842
    4842 4842 4842 0 0 1489 1489 1483 1483 1483 1483 1483 1489 1489 1489
    1489 1489 1489 1489 1489 1496 1496 1496 1489 1489 1496 1496 1496
    1509 1516 1516 1516 1516 1523 1536 1586 1586 1564 1557 1557 4774
    4774 4774 4774 4774 4774 4774 4842 4842 4842 4842 4842 4842 4842
    4774 4774 4708 4708 4708 4708 4708 4708 4774 4774 4842 4842 4842
    4842 4842 4842 4774 4842 4842 4842 0 0 0 1489 0 1483 1483 1483 1483
    1483 1489 1483 1483 1483 1489 1489 1489 1489 1489 1496 1496 1489
    1489 1489 1489 1489 1496 1503 1503 1509 1516 1516 1523 1543 1543
    1543 1543 1543 1543 1543 1550 4774 4842 4842 4842 4842 4842 4842
    4842 4842 4911 4842 4842 4774 4708 4645 4645 4708 4708 4774 4774
    4774 4842 4842 4842 4842 4842 4842 4842 4842 4842 4842 0 0 0 1489
    1489 1483 1483 1483 1483 1483 1489 1483 1483 1483 1489 1489 1489
    1489 1489 1496 1496 1489 1489 1489 1489 1489 1496 1496 1496 1503
    1503 1503 1509 1509 1516 1529 1536 1536 1536 1536 1543 1550 1557
    1572 1579 1579 1579 1579 1586 4842 4911 4842 4842 4774 4645 4645
    4645 4708 4708 4774 4774 4774 4842 4842 4842 4842 4911 4842 4842
    4842 4842 4842 4842 4774 0 1489 1489 1483 1483 1483 1483 1483 1489
    1489 1489 1489 1489 1489 1489 1489 1489 1489 1489 1496 1489 1489
    1489 1489 1496 1496 1496 1496 1496 1496 1503 1503 1509 1516 1516
    1516 1516 1516 1529 1536 1550 1550 1557 1564 1572 1572 1572 1572
    1572 1579 1579 1579 4645 4645 4645 4708 4774 4842 4842 4842 4842
    4911 4842 4842 4911 4911 4842 4842 4842 4774 4774 4774 0 1489 1489
    1483 1483 1483 1489 1489 1489 1489 1489 1489 1489 1489 1489 1489
    1489 1489 1489 1489 1496 1496 1496 1496 1496 1496 1496 1496 1496
    1496 1503 1503 1503 1509 1509 1509 1516 1516 1516 1523 1529 1529
    1529 1523 1523 1529 1529 1564 1564 1564 1564 1564 1564 4708 4708
    4774 4911 4911 4911 4842 4842 4911 4911 4911 4911 4911 4842 4842
    4842 4774 4774 0 0 1489 1489 1489 1489 1489 1489 1489 1489 1489 1489
    1489 1489 1489 1489 1489 1489 1489 1489 1489 1496 1496 1496 1496
    1496 1496 1496 1496 1496 1496 1503 1503 1503 1503 1503 1509 1509
    1509 1509 1516 1523 1523 1523 1523 1523 1523 1529 1536 1536 1536
    1543 1543 1557 1557 1557 1557 1564 1572 4911 4842 4842 4911 4911
    4911 4911 4911 4911 4911 4842 4842 4842 0 0 1496 1489 1489 1489 1489
    1489 1489 1489 1489 1489 1489 1489 1489 1489 1489 1489 1489 1489
    1496 1496 1496 1503 1496 1496 1496 1496 1503 1503 1503 1503 1503
    1503 1503 1503 1509 1509 1509 1509 1509 1516 1516 1516 1516 1516
    1516 1523 1523 1523 1523 1529 1529 1543 1543 1550 1557 1557 1557
    1557 1557 1523 1523 4911 4911 4911 4911 4911 4911 4911 4911 4911 0 0
    1496 1489 1489 1489 1489 1489 1489 1489 1489 1489 1489 1489 1489
    1489 1489 1496 1496 1496 1496 1496 1496 1503 1503 1496 1496 1496
    1503 1503 1503 1503 1503 1503 1509 1509 1509 1509 1509 1509 1509
    1516 1516 1516 1516 1516 1516 1516 1516 1516 1516 1523 1523 1523
    1529 1536 1536 1536 1529 1529 1523 1523 1523 1509 1509 1509 1509
    4911 4911 4911 4911 4911 0 1496 1496 1496 1489 1489 1489 1489 1489
    1489 1489 1489 1489 1489 1489 1489 1489 1496 1496 1496 1496 1496
    1496 1503 1503 1503 1503 1503 1503 1503 1503 1503 1503 1503 1509
    1509 1509 1509 1509 1509 1509 1516 1516 1516 1516 1516 1516 1516
    1516 1516 1516 1516 1516 1523 1523 1529 1529 1529 1529 1529 1523
    1523 1523 1509 1509 1509 1529 4911 4911 4911 4911 4911 0 1489 1489
    1489 1489 1489 1489 1489 1489 1489 1489 1489 1489 1489 1489 1489
    1489 1496 1503 1496 1496 1496 1496 1503 1503 1503 1503 1503 1503
    1503 1503 1503 1503 1509 1509 1509 1509 1509 1509 1509 1509 1516
    1516 1516 1516 1516 1516 1516 1516 1516 1516 1516 1516 1516 1523
    1523 1523 1523 1523 1523 1523 1523 1523 1523 1523 1529 1529 4911
    4911 4911 4911 5056 0 1489 1489 1489 1489 1489 1489 1489 1489 1489
    1496 1496 1496 1496 1489 1489 1496 1496 1496 1496 1496 1496 1496
    1503 1503 1509 1503 1503 1509 1509 1503 1503 1503 1509 1509 1509
    1509 1509 1509 1509 1509 1516 1516 1516 1516 1516 1516 1516 1516
    1516 1516 1516 1516 1516 1523 1523 1523 1523 1523 1523 1523 1523
    1523 1523 1523 1523 1523 4911 4911 4911 5056 0 1509 1489 1489 1489
    1489 1489 1489 1489 1489 1496 1496 1496 1496 1496 1496 1496 1496
    1496 1496 1496 1496 1503 1503 1503 1503 1509 1509 1509 1509 1509
    1509 1509 1509 1509 1509 1509 1509 1509 1509 1509 1509 1516 1516
    1516 1516 1516 1516 1516 1516 1516 1516 1516 1516 1523 1523 1523
    1523 1523 1523 1523 1523 1523 1523 1523 1523 1523 1523 4911 4911
    4983 5056 0 1509 1509 1496 1496 1496 1496 1489 1489 1489 1496 1496
    1496 1496 1496 1496 1496 1496 1496 1496 1503 1503 1503 1503 1503
    1509 1509 1509 1509 1509 1509 1509 1509 1509 1509 1509 1516 1516
    1509 1509 1509 1509 1516 1516 1516 1516 1516 1516 1516 1523 1523
    1523 1523 1523 1523 1523 1523 1523 1523 1523 1523 1523 1523 1529
    1529 1523 1523 1523 4911 4911 4983 4983 1509 1509 1509 1503 1496
    1496 1496 1496 1496 1496 1496 1496 1496 1496 1496 1496 1503 1503
    1503 1503 1503 1503 1503 1503 1503 1509 1509 1509 1509 1509 1509
    1509 1509 1509 1509 1509 1516 1516 1516 1509 1509 1516 1516 1516
    1516 1516 1516 1516 1523 1523 1523 1523 1523 1523 1523 1523 1523
    1523 1523 1523 1523 1523 1523 1529 1529 1523 1523 1523 4911 4911
    4983 4983 1509 1509 1509 1503 1496 1496 1496 1496 1496 1496 1496
    1496 1496 1496 1496 1503 1503 1509 1509 1503 1503 1503 1503 1509
    1509 1509 1509 1509 1509 1509 1509 1509 1509 1509 1509 1509 1516
    1516 1516 1516 1516 1516 1523 1523 1516 1516 1516 1516 1523 1523
    1523 1523 1523 1523 1523 1523 1523 1523 1523 1523 1523 1523 1523
    1529 1529 1523 1523 1523 4983 4983 4983 4983 1509 1509 1509 1509
    1503 1503 1503 1503 1496 1496 1496 1496 1496 1496 1503 1503 1509
    1509 1509 1509 1509 1509 1509 1509 1509 1509 1509 1509 1509 1509
    1509 1509 1509 1509 1509 1509 1516 1516 1516 1516 1516 1516 1523
    1523 1523 1523 1523 1523 1523 1523 1523 1523 1523 1529 1529 1529
    1523 1523 1523 1523 1523 1523 1523 1529 1529 1523 1523 0 4983 4983
    4983 1503 1509 1509 1503 1503 1503 1503 1503 1503 1496 1496 1496
    1496 1496 1503 1503 1509 1509 1509 1509 1509 1509 1509 1509 1509
    1509 1509 1509 1509 1516 1516 1516 1516 1516 1509 1509 1509 1516
    1516 1516 1516 1516 1516 1523 1523 1523 1523 1523 1523 1523 1523
