<?xml version="1.0"?>
<opencv_storage>
<Depth6874 type_id="opencv-matrix">
  <rows>83</rows>
  <cols>40</cols>
  <dt>w</dt>
  <data>
    4241 4241 4241 4241 4241 4241 4241 4241 4241 4190 4190 4190 4190
    4190 1173 1173 1173 1173 1173 1177 1177 1177 1173 1173 1177 1181
    1181 1185 4041 4041 4041 3994 3994 3994 1185 1185 1185 3948 3948
    3948 4241 4241 4190 4190 4241 4241 4241 4349 0 0 0 0 0 1173 1173
    1173 1173 1173 1173 1177 1177 1177 1173 1173 1177 1177 1177 1181
    1181 1185 1189 1193 1193 1193 1185 1185 1189 1189 1189 3994 4241
    4241 4190 4190 4190 4241 4241 0 0 0 0 0 0 1185 1173 1173 1173 1173
    1173 1173 1169 1169 1173 1173 1177 1177 1177 1177 1181 1181 1185
    1185 1185 1185 1185 1185 1185 1189 1189 1189 4241 4241 4190 4190
    4190 4190 4190 0 0 0 0 0 0 1185 1173 1173 1173 1173 1173 1169 1169
    1169 1169 1169 1169 1173 1173 1177 1181 1181 1181 1181 1181 1185
    1185 1185 1185 1185 1185 0 4241 4241 4190 4190 4139 4139 4190 0 0 0
    0 0 1185 1185 1173 1169 1169 1169 1169 1169 1169 1169 1169 1169 1169
    1169 1169 1173 1177 1181 1181 1181 1181 1185 1185 1185 1185 1185
    1185 0 4241 4241 4190 4139 4139 4139 0 0 0 0 0 0 0 1185 1169 1165
    1165 1165 1165 1169 1169 1169 1169 1169 1169 1169 1169 1173 1177
    1177 1177 1177 1177 1181 1181 1181 1181 1189 1189 0 4190 4190 4190
    4139 4139 0 0 0 0 0 0 0 0 1169 1165 1165 1165 1165 1165 1165 1165
    1165 1165 1165 1169 1169 1169 1169 1173 1173 1173 1173 1173 1177
    1181 1181 1181 1185 0 0 4190 4190 4190 4089 4089 0 0 0 0 1236 1223
    1219 1202 1165 1161 1161 1161 1161 1165 1161 1161 1161 1161 1165
    1169 1169 1169 1169 1169 1169 1169 1169 1169 1173 1177 1181 1181
    1185 0 0 4190 4190 4190 4089 4089 0 0 0 0 1236 1223 1214 1202 1165
    1161 1157 1157 1161 1161 1161 1157 1157 1161 1161 1165 1165 1165
    1165 1165 1169 1169 1169 1169 1169 1177 1177 1177 1181 0 0 4190 4190
    4190 4190 0 0 0 0 1255 1241 1223 1214 1202 1165 1157 1153 1153 1157
    1157 1157 1157 1157 1161 1161 1165 1165 1165 1165 1165 1165 1165
    1165 1165 1169 1169 1173 1173 1177 0 0 4190 4190 4241 0 0 0 0 0 1255
    1241 1227 1214 1193 1165 1157 1153 1153 1153 1157 1157 1157 1157
    1157 1157 1161 1161 1161 1165 1165 1165 1165 1165 1165 1165 1169
    1169 1169 1173 0 0 4190 4241 0 0 0 0 1288 1288 1255 1245 1232 1219
    1193 1161 1157 1153 1153 1153 1153 1153 1153 1157 1157 1157 1157
    1161 1161 1161 1161 1165 1165 1165 1165 1165 1165 1169 1169 1169 0 0
    4139 0 0 0 0 0 1288 1268 1259 1245 1236 1236 1173 1161 1157 1153
    1149 1149 1153 1153 1153 1153 1153 1153 1157 1157 1157 1161 1161
    1161 1161 1161 1165 1165 1165 1165 1165 1169 0 0 4139 0 0 0 0 0 1288
    1268 1259 1245 1236 1219 1173 1157 1153 1149 1149 1149 1149 1153
    1153 1153 1153 1153 1153 1153 1153 1157 1157 1157 1157 1161 1165
    1165 1165 1165 1165 1169 0 0 0 0 0 0 0 0 0 1268 1259 1241 1232 1206
    1173 1157 1149 1149 1149 1149 1149 1149 1149 1149 1149 1149 1153
    1153 1153 1153 1153 1153 1157 1161 1161 1161 1165 1161 1161 1165 0 0
    0 0 0 0 0 0 0 1264 1250 1241 1232 1197 1173 1153 1149 1145 1145 1145
    1149 1149 1149 1149 1149 1149 1149 1149 1149 1149 1153 1153 1153
    1157 1157 1157 1161 1161 1161 1161 0 0 0 0 0 0 0 1328 1328 1264 1250
    1241 1241 1189 1169 1153 1145 1145 1145 1145 1149 1149 1145 1145
    1145 1145 1149 1149 1149 1149 1149 1149 1153 1157 1157 1157 1161
    1161 1161 1161 0 0 0 0 0 0 0 1328 1328 1264 1255 1245 1245 1185 1165
    1149 1145 1141 1141 1141 1145 1145 1145 1145 1145 1145 1145 1149
    1149 1149 1149 1149 1149 1153 1153 1153 1157 1161 1161 1165 1165 0 0
    0 0 0 0 0 1292 1264 1255 1219 1206 1177 1161 1149 1145 1141 1141
    1141 1141 1141 1141 1141 1141 1141 1141 1145 1145 1145 1145 1149
    1149 1149 1153 1153 1153 1157 1161 1169 1169 0 0 0 0 0 0 1317 1288
    1268 1264 1214 1202 1177 1157 1149 1141 1138 1138 1138 1138 1138
    1138 1138 1141 1141 1141 1145 1145 1145 1145 1149 1149 1149 1149
    1149 1153 1157 1157 1165 1165 0 0 0 0 1349 1343 1317 1288 1273 1273
    1214 1202 1177 1157 1145 1138 1134 1134 1134 1134 1138 1138 1138
    1138 1138 1141 1141 1145 1145 1145 1149 1149 1149 1149 1149 1153
    1153 1153 1161 1161 0 0 0 0 1349 1343 1328 1283 1273 1273 1273 1202
    1181 1157 1141 1138 1134 1134 1134 1134 1134 1138 1138 1138 1138
    1138 1138 1141 1141 1145 1145 1149 1149 1149 1149 1149 1153 1153
    1149 1149 0 0 0 1354 1354 1338 1328 1283 1273 1264 1264 1197 1181
    1157 1138 1134 1134 1134 1134 1134 1134 1134 1134 1134 1138 1138
    1138 1138 1141 1141 1145 1149 1149 1149 1149 1149 1149 1149 1149
    1149 0 0 0 1370 1354 1338 1328 1278 1268 1255 1255 1189 1181 1145
    1138 1130 1130 1130 1130 1130 1134 1134 1134 1134 1134 1134 1138
    1138 1138 1141 1141 1145 1145 1145 1145 1149 1149 1149 1149 1149 0 0
    0 1370 1354 1343 1312 1278 1264 1250 1223 1181 1177 1145 1134 1130
    1130 1130 1130 1130 1130 1130 1130 1130 1134 1134 1138 1138 1138
    1138 1138 1141 1141 1145 1145 1145 1145 1145 1149 1149 0 0 0 0 1354
    1354 1312 1273 1255 1241 1223 1181 1161 1145 1134 1130 1126 1126
    1123 1123 1126 1130 1130 1130 1130 1134 1134 1134 1134 1138 1138
    1138 1141 1141 1141 1145 1145 1145 1145 1145 0 0 0 0 0 1317 1307
    1273 1255 1236 1214 1173 1161 1145 1134 1126 1126 1126 1123 1123
    1126 1126 1126 1126 1130 1130 1134 1134 1134 1134 1134 1138 1138
    1138 1138 1141 1141 1141 1145 1145 0 0 0 0 0 1317 1302 1273 1255
    1232 1214 1173 1165 1149 1134 1126 1123 1123 1123 1123 1126 1123
    1123 1123 1126 1130 1130 1130 1130 1134 1134 1134 1134 1134 1134
    1138 1141 1141 1145 1145 0 0 0 0 0 1307 1292 1268 1236 1232 1210
    1177 1165 1149 1130 1123 1123 1123 1123 1123 1126 1123 1123 1123
    1126 1130 1130 1130 1130 1130 1134 1134 1134 1134 1134 1138 1138
    1141 1145 1145 0 0 0 0 0 1307 1288 1268 1236 1232 1181 1173 1161
    1138 1126 1123 1119 1119 1123 1123 1126 1123 1123 1123 1123 1123
    1123 1126 1126 1130 1130 1130 1130 1130 1130 1134 1138 1138 1141
    1141 0 0 0 0 0 1307 1288 1259 1250 1202 1181 1173 1145 1134 1126
    1123 1119 1119 1119 1123 1123 1123 1123 1123 1123 1123 1123 1126
    1126 1126 1130 1130 1130 1130 1130 1130 1134 1138 1134 1134 1134 0 0
    0 0 0 1273 1259 1245 1202 1181 1161 1145 1134 1123 1119 1119 1119
    1119 1123 1123 1123 1123 1123 1123 1123 1123 1123 1123 1126 1126
    1130 1130 1126 1126 1126 1126 1130 1134 1134 1134 0 0 0 0 0 1264
    1255 1245 1232 1177 1161 1149 1134 1123 1119 1115 1115 1115 1115
    1119 1119 1119 1119 1119 1123 1123 1123 1123 1123 1123 1126 1126
    1126 1126 1126 1126 1126 1130 1130 1130 0 0 0 0 0 1264 1255 1241
    1232 1177 1165 1149 1119 1115 1112 1112 1112 1112 1115 1115 1119
    1119 1119 1119 1123 1123 1123 1123 1123 1123 1126 1126 1126 1126
    1126 1126 1126 1130 1130 1130 0 0 0 0 0 1264 1250 1236 1232 1173
    1165 1153 1119 1115 1112 1112 1112 1112 1112 1112 1115 1115 1115
    1119 1119 1123 1123 1123 1123 1123 1123 1123 1123 1123 1123 1126
    1126 1134 1134 1141 0 0 0 0 0 1264 1250 1236 1185 1173 1165 1157
    1115 1112 1112 1108 1108 1108 1108 1108 1108 1108 1112 1115 1119
    1119 1119 1119 1123 1123 1123 1123 1123 1123 1123 1123 1123 1130
    1134 1141 0 0 0 0 0 1264 1250 1232 1185 1173 1165 1165 1115 1112
    1108 1108 1108 1108 1108 1108 1108 1108 1112 1112 1115 1115 1119
    1119 1119 1119 1119 1119 1123 1123 1123 1123 1123 1130 1130 1138 0 0
    0 0 0 1264 1241 1232 1202 1169 1161 1153 1119 1108 1108 1108 1108
    1108 1108 1108 1108 1108 1112 1112 1112 1115 1115 1115 1119 1119
    1119 1119 1119 1119 1123 1123 1123 1126 1130 1138 0 0 0 0 0 0 1232
    1223 1202 1165 1153 1138 1119 1108 1108 1105 1105 1108 1108 1108
    1108 1108 1108 1108 1112 1112 1112 1115 1115 1115 1119 1119 1119
    1119 1119 1119 1119 1126 1126 1138 0 0 0 0 1268 1268 1232 1219 1181
    1165 1153 1138 1119 1108 1108 1105 1105 1105 1108 1108 1108 1108
    1108 1108 1108 1108 1108 1112 1112 1115 1119 1119 1119 1119 1119
    1119 1119 1126 1126 1126 0 0 0 0 1268 1255 1232 1219 1181 1165 1149
