<?xml version="1.0"?>
<opencv_storage>
<Depth0367 type_id="opencv-matrix">
  <rows>10</rows>
  <cols>12</cols>
  <dt>w</dt>
  <data>
    4295 4295 4295 5734 5734 5734 5734 5734 5548 5548 5548 5460 4349
    4349 5734 5734 5734 5734 5734 5734 5734 5734 5640 5548 4405 5933
    5734 5734 5734 5734 5832 5832 5832 5832 5734 5640 5933 5933 5832
    5832 5734 5734 5832 5933 5933 5933 5832 5832 5933 5933 5832 5832
    5734 5734 5832 5933 5933 5933 5832 5832 5933 5933 5832 5832 5832
    5832 5832 5933 5933 5933 5933 5933 5933 5933 5933 5832 5832 5832
    5832 5933 6038 6146 6146 6146 6146 6038 5832 5832 5832 5832 5832
    6146 6259 6259 6259 6259 6259 6038 5832 5832 5832 5832 5832 6259
    6375 6259 6259 6259 6259 6146 5832 5832 5832 5832 6146 6375 6497
    6375 6375 6375</data></Depth0367>
</opencv_storage>
