<?xml version="1.0"?>
<opencv_storage>
<Depth2797 type_id="opencv-matrix">
  <rows>12</rows>
  <cols>9</cols>
  <dt>w</dt>
  <data>
    2812 4911 4842 4842 4842 4842 4774 2618 2618 4911 4911 4842 4842
    4774 4774 4774 2618 2618 4983 4983 4911 4842 4708 4708 4708 4708
    2618 4983 4983 4911 4774 4645 4645 4708 4708 2639 4983 4911 4911
    4774 4645 4645 4774 4842 2639 4983 4911 4911 4842 4842 4842 4842
    4842 4911 4911 4911 4911 4842 4842 4911 4911 4911 4911 4911 4911
    4911 4911 4911 4983 4911 4911 4911 4911 4911 4911 4911 4911 4983
    4911 4911 4911 4983 4911 4911 4983 4983 4983 4911 4911 4911 4983
    4983 4983 4983 4983 4983 4983 4983 4983 4983 4983 4983 4983 4983
    4983 4983 4983 4983</data></Depth2797>
</opencv_storage>
