<?xml version="1.0"?>
<opencv_storage>
<Depth1961 type_id="opencv-matrix">
  <rows>59</rows>
  <cols>35</cols>
  <dt>w</dt>
  <data>
    4041 3994 3994 4041 4089 4139 1663 1655 1647 1639 1639 1632 1632
    1639 1639 1639 1639 1632 1632 1609 1609 1624 1624 4190 4190 4190
    4190 4190 4190 4190 4190 4190 4190 4190 4190 4041 4041 4041 4041
    1671 1671 1663 1655 1647 1639 1639 1632 1632 1639 1639 1639 1632
    1624 1624 1609 1609 1616 1639 1663 1663 1671 4241 4139 4139 4139
    4139 4190 4190 4190 4190 4041 4041 4041 4041 1671 1671 1663 1647
    1639 1639 1639 1639 1639 1639 1639 1632 1632 1624 1624 1616 1616
    1616 1639 1663 1663 1663 1680 1739 1739 1739 1748 1813 1813 4139
    4190 4041 4041 4041 4041 1655 1655 1655 1647 1639 1639 1639 1639
    1639 1639 1639 1632 1632 1632 1624 1624 1624 1632 1639 1663 1663
    1663 1680 1722 1731 1739 1748 1785 1813 1813 4190 4041 4041 4041
    4041 1655 1655 1655 1655 1647 1639 1639 1639 1639 1639 1639 1632
    1632 1632 1632 1632 1632 1632 1639 1655 1655 1663 1688 1722 1731
    1739 1748 1776 1804 1813 1823 4089 4089 4089 0 1655 1655 1655 1655
    1647 1647 1639 1639 1639 1639 1632 1632 1632 1632 1632 1632 1632
    1632 1639 1655 1655 1663 1688 1722 1731 1739 1748 1776 1804 1813
    1823 4139 4139 4139 0 1655 1655 1655 1655 1655 1647 1639 1639 1639
    1639 1632 1632 1632 1632 1632 1632 1632 1639 1639 1647 1655 1680
    1696 1722 1739 1748 1757 1776 1804 1813 1813 4139 4139 4139 1680
    1655 1655 1655 1655 1655 1647 1647 1639 1639 1639 1639 1639 1632
    1632 1632 1632 1632 1639 1639 1647 1663 1688 1705 1722 1739 1748
    1766 1785 1804 1813 1823 3994 3994 3994 1680 1680 1671 1663 1655
    1655 1647 1647 1639 1639 1639 1639 1639 1632 1632 1624 1624 1632
    1639 1639 1647 1655 1688 1705 1722 1739 1748 1766 1785 1804 1813
    1823 3994 3994 3994 1680 1680 1671 1663 1655 1655 1647 1647 1639
    1639 1639 1639 1639 1632 1632 1624 1624 1632 1639 1647 1655 1655
    1696 1705 1722 1739 1757 1776 1785 1804 1813 1813 3994 3994 3994
    1688 1688 1671 1663 1655 1647 1647 1647 1639 1639 1639 1639 1632
    1632 1632 1624 1624 1632 1639 1647 1655 1663 1688 1705 1722 1739
    1757 1776 1794 1804 1813 1813 4041 4041 4041 1680 1680 1671 1663
    1655 1647 1639 1639 1639 1639 1639 1639 1632 1632 1632 1624 1624
    1632 1639 1655 1655 1663 1688 1713 1731 1739 1766 1785 1794 1804
    1813 1813 4041 4041 4041 1680 1680 1671 1663 1663 1647 1639 1639
    1639 1639 1639 1639 1632 1632 1632 1624 1624 1632 1639 1655 1655
    1671 1696 1713 1739 1739 1766 1785 1804 1804 1813 1813 4041 4041
    4041 1671 1671 1671 1663 1663 1655 1647 1639 1639 1639 1639 1639
    1632 1632 1632 1632 1632 1632 1639 1655 1655 1671 1696 1722 1739
    1739 1766 1785 1804 1804 1813 1813 4041 4041 4041 1663 1663 1663
    1663 1663 1663 1655 1639 1639 1639 1639 1639 1632 1632 1632 1632
    1632 1639 1647 1663 1663 1671 1696 1722 1739 1739 1766 1794 1804
    1804 1813 1823 4041 4041 1671 1663 1663 1663 1663 1663 1663 1655
    1647 1639 1639 1639 1639 1632 1632 1632 1632 1632 1639 1647 1655
    1663 1680 1696 1722 1731 1739 1757 1794 1804 1804 1813 1813 4041
    4139 1671 1671 1663 1663 1663 1663 1663 1655 1647 1639 1639 1639
    1639 1632 1632 1632 1632 1632 1639 1647 1655 1663 1680 1705 1722
    1731 1739 1757 1794 1804 1804 1813 1813 4139 4139 1671 1671 1663
    1663 1663 1663 1663 1655 1647 1639 1639 1639 1639 1639 1632 1632
    1632 1632 1639 1647 1663 1671 1688 1705 1722 1739 1739 1766 1794
    1804 1804 1813 1813 4139 4139 1671 1671 1671 1671 1663 1663 1655
    1655 1647 1647 1639 1639 1639 1639 1632 1632 1632 1639 1639 1647
    1655 1680 1696 1713 1731 1739 1748 1766 1804 1804 1813 1813 1813
    4041 4041 1705 1680 1671 1671 1663 1663 1655 1655 1647 1647 1647
    1639 1639 1639 1632 1632 1632 1639 1647 1655 1655 1680 1696 1713
    1731 1739 1748 1776 1804 1804 1813 1833 1833 4041 4041 1705 1680
    1671 1671 1663 1663 1663 1663 1655 1647 1647 1639 1639 1639 1632
    1632 1632 1639 1647 1655 1655 1680 1696 1713 1731 1739 1757 1785
    1804 1804 1813 1843 1843 4041 1696 1696 1671 1671 1671 1663 1663
    1655 1655 1655 1655 1647 1639 1639 1639 1632 1632 1632 1639 1639
    1663 1663 1680 1696 1713 1731 1739 1757 1785 1804 1813 1823 1833
    1833 4041 1696 1696 1671 1671 1671 1663 1663 1655 1655 1655 1655
    1647 1639 1639 1639 1632 1632 1632 1639 1639 1663 1671 1680 1696
    1713 1731 1739 1757 1776 1794 1813 1823 1833 1833 4041 4041 1680
    1680 1671 1671 1663 1663 1663 1663 1655 1655 1647 1647 1639 1639
    1632 1632 1632 1639 1647 1663 1671 1680 1696 1713 1731 1748 1766
    1776 1794 1804 1813 1813 4241 4041 4041 1680 1680 1680 1671 1671
    1663 1663 1655 1655 1647 1647 1647 1647 1639 1632 1632 1632 1639
    1647 1663 1671 1680 1696 1722 1731 1748 1766 1785 1794 1804 1813
    1813 4241 4089 1680 1680 1680 1680 1671 1671 1663 1663 1655 1655
    1647 1647 1647 1647 1639 1632 1632 1632 1639 1647 1663 1671 1680
    1705 1731 1731 1748 1766 1785 1804 1804 1813 1823 1823 4139 1680
    1680 1680 1671 1671 1671 1663 1663 1655 1655 1647 1647 1647 1647
    1639 1632 1632 1639 1639 1647 1663 1671 1688 1705 1731 1739 1748
    1766 1785 1804 1804 1813 1823 1823 4190 1680 1680 1671 1671 1671
    1671 1663 1663 1655 1655 1647 1647 1647 1647 1639 1639 1639 1639
    1639 1647 1663 1671 1696 1713 1731 1739 1748 1766 1785 1804 1813
    1813 1813 4241 4190 1671 1671 1671 1671 1671 1671 1663 1663 1663
    1655 1655 1647 1647 1647 1639 1639 1639 1639 1639 1655 1663 1680
    1696 1713 1731 1739 1748 1766 1785 1804 1813 1823 1823 1823 4190
    1671 1671 1671 1671 1671 1671 1663 1663 1663 1655 1655 1655 1655
    1647 1639 1639 1639 1639 1639 1655 1663 1680 1696 1713 1731 1739
    1748 1766 1785 1804 1823 1823 1823 1823 4241 4241 1671 1671 1671
    1671 1671 1671 1663 1663 1663 1655 1655 1655 1647 1639 1639 1639
    1639 1639 1647 1663 1680 1696 1713 1731 1739 1757 1776 1785 1804
    1823 1823 1823 1823 4241 4241 1680 1680 1671 1671 1663 1663 1671
    1663 1663 1663 1655 1647 1639 1639 1639 1639 1639 1639 1647 1663
    1680 1696 1713 1731 1739 1766 1776 1785 1804 1823 1823 1823 4241
    4241 4241 1680 1680 1671 1671 1663 1663 1663 1663 1663 1655 1647
    1647 1639 1639 1639 1639 1639 1647 1655 1663 1680 1696 1722 1731
    1748 1766 1785 1794 1813 1833 1833 1833 4241 4139 1680 1680 1680
    1671 1671 1663 1663 1663 1663 1663 1655 1647 1639 1639 1639 1639
    1639 1639 1647 1663 1671 1688 1696 1722 1731 1748 1766 1785 1794
    1813 1823 1843 1843 4295 0 1680 1680 1680 1671 1671 1663 1663 1663
    1663 1663 1655 1647 1639 1639 1639 1639 1639 1639 1655 1663 1671
    1688 1705 1713 1739 1748 1766 1785 1794 1813 1823 1843 1843 4349 0
    1680 1680 1680 1680 1671 1671 1663 1663 1663 1663 1655 1647 1639
    1639 1639 1639 1639 1639 1655 1663 1680 1688 1705 1713 1739 1748
    1766 1785 1804 1813 1813 1843 1843 4349 4089 1680 1680 1680 1680
    1671 1671 1663 1663 1663 1663 1655 1647 1639 1639 1639 1639 1639
    1639 1647 1671 1688 1696 1705 1713 1739 1748 1766 1785 1804 1813
    1813 1813 4349 4295 4089 1680 1680 1680 1680 1671 1671 1671 1663
    1663 1663 1663 1655 1647 1647 1647 1639 1639 1639 1647 1671 1688
    1696 1705 1722 1739 1748 1776 1794 1813 1823 1823 1823 4295 4241
    4089 1688 1688 1688 1680 1671 1671 1671 1663 1663 1663 1663 1655
    1647 1647 1647 1639 1639 1639 1647 1671 1696 1705 1713 1731 1739
    1757 1794 1804 1813 1823 1823 1823 4295 4241 4089 1680 1680 1680
    1680 1671 1671 1671 1663 1663 1663 1663 1663 1655 1647 1647 1639
    1639 1639 1647 1671 1696 1705 1713 1731 1748 1766 1804 1813 1813
    1823 1833 1833 4349 4241 4241 1680 1680 1680 1680 1671 1671 1663
    1663 1663 1663 1663 1663 1655 1647 1647 1639 1639 1647 1655 1671
    1696 1705 1722 1731 1748 1776 1804 1813 1813 1843 1843 1843 4349
    4295 4241 1663 1663 1680 1671 1671 1671 1663 1663 1663 1663 1663
    1663 1647 1647 1639 1639 1647 1647 1655 1671 1688 1705 1722 1731
    1748 1766 1794 1804 1813 1843 1843 1843 4349 4295 4241 1663 1663
