<?xml version="1.0"?>
<opencv_storage>
<Depth19717 type_id="opencv-matrix">
  <rows>11</rows>
  <cols>9</cols>
  <dt>w</dt>
  <data>
    4983 4983 4983 4911 4911 4911 4774 4911 3365 4911 4911 4842 4842
    4774 4774 4774 4911 4911 4911 4911 4842 4842 4774 4774 4774 4774
    4774 4911 4911 4774 4774 4774 4774 4774 4708 4708 4842 4774 4774
    4774 4774 4774 4774 4708 4708 4774 4774 4708 4708 4708 4774 4708
    4708 4708 4582 4582 4582 4645 4708 4774 4708 4708 4645 4522 4522
    4522 4582 4645 4645 4582 4522 3178 4522 4522 4522 4522 4582 4522
    4522 3149 3149 4522 4463 4463 4522 4522 4522 4522 3149 3149 0 4463
    4463 4522 4522 4522 4522 4463 4463</data></Depth19717>
</opencv_storage>
