<?xml version="1.0"?>
<opencv_storage>
<Depth8920 type_id="opencv-matrix">
  <rows>6</rows>
  <cols>15</cols>
  <dt>w</dt>
  <data>
    6497 6497 6497 6497 6497 6497 6497 6497 6375 6375 6375 6375 6375
    6375 6375 6375 6375 6375 6497 6497 6375 6375 6375 6259 6259 6259
    6259 6375 6375 6375 6375 6375 6375 6497 6375 6375 6375 6375 6259
    6259 6259 6259 6259 6375 6375 6497 6497 6497 6497 6375 6375 6375
    6375 6259 6259 6259 6259 6259 6375 6375 4911 4911 6497 6497 6375
    6375 6375 6375 6259 6259 6259 6259 6259 6375 6375 4911 4911 4842
    4842 4842 4842 6497 6375 6375 6375 6259 6259 6259 6375 6375</data></Depth8920>
</opencv_storage>
