<?xml version="1.0"?>
<opencv_storage>
<Depth13256 type_id="opencv-matrix">
  <rows>25</rows>
  <cols>18</cols>
  <dt>w</dt>
  <data>
    6889 4041 4041 3994 3994 3948 3903 3859 3816 3816 3774 3774 3732
    3732 3732 3732 3774 3774 3994 3994 3994 3994 3994 3948 3903 3859
    3816 3816 3774 3774 3732 3732 3774 3774 3774 3816 3994 3994 3994
    4041 3994 3948 3903 3859 3859 3859 3816 3816 3816 3816 3816 3816
    3816 3816 3994 3994 4041 4041 3994 3948 3903 3859 3816 3816 3859
    3859 3816 3816 3859 3859 3859 3859 4190 4041 4041 4041 3994 3994
    3903 3859 3816 3816 3859 3859 3859 3859 3859 3859 3859 3816 4190
    4089 4041 4041 3994 3948 3903 3859 3859 3859 3859 3859 3859 3859
    3859 3859 3859 3816 6753 4089 4041 3994 3948 3948 3903 3859 3859
    3859 3859 3859 3859 3859 3859 3859 3859 3859 6889 4139 4041 3994
    3948 3903 3903 3859 3859 3859 3859 3859 3859 3859 3859 3859 3859
    3859 6889 4089 4041 3994 3948 3903 3859 3859 3859 3859 3859 3859
    3859 3816 3816 3859 3859 3859 6889 4041 3994 3994 3948 3903 3859
    3859 3859 3859 3859 3859 3859 3816 3816 3816 3816 3816 4041 4041
    3994 3994 3948 3903 3859 3859 3816 3816 3859 3859 3859 3859 3859
    3816 3816 3816 3994 3994 3948 3948 3948 3903 3859 3859 3816 3816
    3859 3859 3859 3859 3859 3816 3816 3816 3994 3948 3948 3948 3948
    3903 3903 3859 3816 3816 3859 3816 3816 3859 3859 3859 3816 3816
    3994 3948 3948 3948 3948 3903 3903 3859 3816 3816 3859 3816 3816
    3859 3859 3859 3816 3774 3994 3994 3948 3948 3903 3903 3903 3859
    3816 3816 3816 3816 3816 3859 3859 3859 3859 3774 3994 3994 3948
    3948 3903 3903 3903 3859 3859 3859 3816 3816 3816 3859 3859 3859
    3859 3859 3994 3994 3994 3948 3903 3903 3859 3859 3816 3816 3816
    3816 3816 3816 3859 3859 3859 3859 3994 3994 3994 3948 3903 3903
    3859 3859 3816 3816 3816 3816 3816 3816 3816 3859 3859 3859 3994
    3994 3994 3948 3903 3903 3859 3859 3816 3816 3816 3816 3816 3816
    3816 3816 3816 3816 3948 3948 3948 3948 3903 3903 3859 3859 3816
    3816 3859 3859 3816 3816 3816 3816 3774 3774 3948 3948 3948 3903
    3903 3859 3859 3816 3816 3816 3859 3859 3816 3816 3816 3816 3774
    3774 3948 3948 3948 3903 3903 3859 3859 3816 3816 3816 3859 3816
    3816 3816 3816 3774 3774 3774 3994 3994 3948 3948 3903 3903 3816
    3816 3816 3816 3859 3816 3816 3816 3816 3774 3774 3774 6753 6753
    6889 6889 3903 3903 3816 3816 3816 3816 3816 3816 3816 3816 3774
    3774 3774 6622 6753 6889 6889 6889 6889 6753 6753 3859 3859 3859
    3816 3816 3816 3816 3774 3774 6622 6622</data></Depth13256>
</opencv_storage>
