<?xml version="1.0"?>
<opencv_storage>
<Depth4210 type_id="opencv-matrix">
  <rows>9</rows>
  <cols>22</cols>
  <dt>w</dt>
  <data>
    5548 5548 5548 5548 5460 5460 5460 5460 6497 6497 6753 6622 6622
    6497 6375 6375 6375 6497 6753 6889 6889 6889 5548 5548 5548 5548
    5460 5460 5460 5548 5548 5460 5460 5374 5374 5548 5640 6375 6375
    6497 6753 6889 6889 6889 5291 5460 5548 5548 5548 5548 5548 5548
    5548 5460 5460 5374 5374 5548 5640 5640 5640 5640 5640 5640 5640 0
    5291 5374 5548 5548 5548 5548 5548 5548 5548 5548 5548 5460 5460
    5548 5548 5548 5548 5548 5548 5640 5640 5640 5291 5374 5548 5548
    5640 5640 5548 5548 5548 5548 5548 5548 5548 5548 5548 5548 5548
    5548 5548 5548 5640 5640 5291 5374 5548 5640 5734 5640 5640 5548
    5548 5548 5548 5548 5548 5640 5640 5640 5548 5548 5548 5548 5640
    5640 5291 5374 5734 0 0 0 5640 5548 5548 5548 5548 5548 5640 5640
    5734 5640 5640 5640 5548 5548 5548 5640 0 0 0 0 0 0 0 0 5548 5548
    5548 5548 5640 5640 5832 5734 5640 5640 5548 5548 5548 5548 0 0 0 0
    0 0 0 0 0 0 0 0 0 0 5933 5933 6038 0 5640 5640 5640 5548</data></Depth4210>
</opencv_storage>
