<?xml version="1.0"?>
<opencv_storage>
<Depth2288 type_id="opencv-matrix">
  <rows>6</rows>
  <cols>7</cols>
  <dt>w</dt>
  <data>
    7332 7492 7492 7660 7492 7492 7492 7492 7492 7492 7660 7492 7492
    7332 7492 7492 7660 7660 7660 7492 7332 7660 7660 7660 7660 7492
    7492 7492 8212 8019 7660 7660 7492 7492 7492 8212 8212 7835 7660
    7492 7492 7492</data></Depth2288>
</opencv_storage>
