<?xml version="1.0"?>
<opencv_storage>
<Depth16549 type_id="opencv-matrix">
  <rows>13</rows>
  <cols>37</cols>
  <dt>w</dt>
  <data>
    3692 3653 3653 3653 3614 3614 3614 3614 3614 3653 3653 3653 3653
    3692 3692 2701 2659 2659 2659 2659 2659 2659 2659 2680 2639 2618
    2579 2560 2560 2560 2579 2598 0 0 0 0 0 3653 3614 3614 3614 3614
    3614 3614 3614 3614 3653 3653 3732 3732 2723 2701 2701 2680 2659
    2659 2659 2659 2659 2659 2680 2639 2618 2598 2560 2560 2560 2560
    2598 2618 0 0 0 0 3653 3614 3614 3614 2767 2767 3653 3653 3653 2789
    2789 2767 2767 2723 2723 2701 2680 2680 2680 2659 2659 2659 2659
    2659 2639 2618 2598 2560 2560 2541 2541 2541 2618 0 0 0 0 3653 3653
    3653 2835 2767 2767 2789 2789 2789 2789 2789 2767 2767 2723 2723
    2723 2723 2723 2659 2659 2659 2659 2639 2639 2639 2618 2598 2560
    2560 2522 2485 2467 2467 2467 2467 0 0 3614 3614 3653 2835 2789 2789
    2789 2789 2789 2789 2789 2767 2767 2723 2723 2723 2723 2639 2639
    2659 2659 2659 2639 2639 2639 2618 2598 2560 2541 2485 2467 2450
    2450 2450 2467 0 0 3614 3614 2835 2835 2812 2812 2812 2812 2812 2789
    2789 2767 2744 2723 2723 2744 2744 2639 2639 2639 2659 2639 2639
    2639 2639 2618 2618 2560 2522 2450 2432 2432 2415 2415 2398 2398 0
    3614 3614 2835 2835 2835 2835 2812 2812 2812 2789 2789 2767 2744
    2744 2744 2659 2659 2659 2639 2639 2639 2618 2618 2618 2618 2598
    2598 2560 2467 2450 2432 2415 2415 2415 2398 2398 2398 2859 2835
    2835 2812 2812 2812 2812 2789 2789 2789 2789 2789 2789 2659 2659
    2659 2659 2659 2639 2639 2618 2598 2598 2618 2598 2598 2598 2432
    2432 2415 2415 2398 2398 2398 2398 2398 2398 2859 2835 2835 2812
    2812 2789 2767 2767 2767 2767 2767 2659 2659 2659 2639 2639 2618
    2618 2618 2598 2579 2560 2560 2579 2579 2579 2398 2398 2398 2415
    2398 2381 2381 2398 2398 2398 2398 2835 2835 2835 2789 2767 2767
    2744 2744 2767 2767 2618 2639 2639 2618 2598 2598 2598 2579 2579
    2560 2560 2541 2541 2560 2522 2398 2398 2398 2398 2398 2398 2381
    2381 2398 2398 2398 2398 2812 2812 2835 2744 2723 2723 2723 2723
    2723 2744 2618 2618 2618 2618 2598 2598 2579 2579 2560 2541 2503
    2503 2503 2467 2415 2398 2381 2381 2381 2381 2398 2381 2381 2381
    2398 2398 2398 2812 2812 0 2744 2701 2701 2701 2723 2744 2744 2560
    2522 2522 2541 2560 2560 2560 2560 2522 2485 2467 2450 2432 2415
    2398 2398 2381 2381 2381 2381 2398 2381 2381 2381 2398 2398 2398 0 0
    0 0 2701 2701 2701 2680 2680 2541 2522 2467 2450 2450 2467 2485 2541
    2522 2485 2432 2415 2381 2381 2398 2398 2398 2381 2381 2381 2381
    2398 2381 2381 2381 2398 2398 2432</data></Depth16549>
</opencv_storage>
