<?xml version="1.0"?>
<opencv_storage>
<Depth8827 type_id="opencv-matrix">
  <rows>85</rows>
  <cols>70</cols>
  <dt>w</dt>
  <data>
    4522 4522 4522 4522 4582 933 933 933 933 930 930 4582 4645 4582 4582
    4582 4463 4463 4522 4522 4522 4522 4522 4463 4463 4463 4463 4463
    4463 4463 4405 4405 4405 4405 4405 4405 4405 4405 4405 4405 4405
    4405 4405 4405 4405 4349 4349 4349 4349 4349 4349 4349 4349 4349
    4349 4295 4295 4349 4405 4349 4349 4349 4349 4349 4405 4405 4295
    4295 4295 4295 4463 4463 4463 4463 4582 933 933 933 933 930 930 933
    933 933 933 925 4582 4582 4582 4582 4582 4582 4522 4463 4463 4522
    4522 4522 4463 4463 4463 4463 4405 4405 4405 4405 4405 4405 4405
    4405 4349 4349 4349 4405 4405 4349 4349 4349 4349 4349 4405 4405
    4349 4349 4349 4295 4295 4349 4405 4349 4349 4349 4349 4349 4190
    4349 4349 4349 4295 4295 4463 4463 4463 4463 4582 928 928 928 930
    928 928 930 930 0 0 0 925 925 925 925 925 925 933 4522 4522 4522
    4522 4522 4463 4463 4463 4463 4405 4405 4405 4405 4405 4463 4405
    4405 4349 4349 4349 4405 4405 4349 4349 4349 4349 970 970 4349 4349
    4349 4349 4349 4349 967 964 964 964 964 4241 0 4190 4190 4349 4349
    4295 4295 0 0 0 920 923 923 923 923 925 925 925 930 930 923 925 925
    925 925 925 925 925 925 933 935 935 935 933 933 933 935 935 938 938
    938 938 943 943 948 948 948 4349 4349 951 951 951 951 951 954 954 0
    970 970 970 970 967 967 970 967 964 964 964 0 0 4241 4190 4190 4190
    4241 4241 4241 0 0 920 920 920 920 920 920 923 923 923 923 923 923
    925 925 925 925 925 925 925 925 933 935 935 935 933 933 933 935 935
    938 938 938 938 938 943 943 946 946 946 948 948 951 951 951 951 954
    954 951 967 967 967 967 967 967 970 967 964 964 964 964 967 4241
    4241 4190 4190 4190 4241 4241 0 0 920 920 920 918 918 920 923 923
    923 923 923 925 925 925 925 925 928 928 925 925 933 935 935 935 933
    933 933 935 935 935 938 938 938 938 943 943 946 946 946 946 946 946
    946 948 948 951 951 951 951 959 962 962 962 964 962 959 959 959 962
    964 967 962 959 959 4190 4190 4190 4241 0 0 920 920 920 918 918 920
    920 920 923 923 923 923 925 925 925 925 928 928 928 928 930 933 933
    933 933 933 935 935 935 935 935 938 938 938 940 940 943 943 943 943
    943 946 946 946 946 946 946 946 948 951 951 954 954 959 959 959 959
    959 962 964 964 959 959 959 959 959 964 964 0 920 920 920 920 918
    918 920 920 920 923 923 923 923 925 925 925 925 925 925 925 928 928
    933 933 933 933 933 935 935 935 935 935 935 935 938 938 940 943 943
    943 943 943 946 946 946 946 946 946 946 948 948 951 954 954 956 956
    956 956 959 959 962 962 959 959 959 959 959 964 964 0 920 920 918
    918 920 920 920 920 920 923 923 923 923 925 925 925 925 925 925 925
    928 928 933 933 933 933 933 933 933 935 935 935 935 935 935 938 943
    943 943 943 943 943 946 946 946 946 946 946 946 948 948 951 954 954
    954 954 956 956 959 959 959 959 959 959 959 962 962 964 964 0 920
    918 918 918 918 918 920 920 920 923 923 923 923 923 925 925 925 925
    925 928 928 928 933 933 933 933 933 933 933 935 935 935 935 935 935
    938 940 943 943 943 943 946 946 946 946 946 946 946 946 948 951 954
    954 954 954 954 956 956 956 959 959 959 959 959 959 962 964 959 959
    0 920 918 918 918 918 918 918 920 920 923 923 923 923 923 925 925
    925 925 925 928 928 928 933 933 933 933 933 933 935 935 935 935 935
    935 938 938 940 943 943 943 943 943 946 946 946 946 946 946 948 948
    951 954 954 954 956 956 956 956 956 959 959 959 959 959 962 962 964
    959 959 0 920 918 918 918 918 918 918 920 920 923 923 923 923 923
    925 925 925 928 928 928 930 930 933 933 933 933 933 933 935 935 935
    935 935 935 938 938 940 943 943 943 943 943 943 943 946 946 946 946
    946 948 948 951 954 954 954 956 956 956 956 959 959 959 959 959 962
    962 962 962 0 0 920 918 918 918 918 918 918 918 920 923 923 923 923
    923 925 925 928 928 928 928 930 933 933 933 933 933 935 935 935 935
    935 935 935 935 938 940 943 943 943 943 943 943 943 943 946 946 946
    946 946 948 948 951 951 951 954 954 956 956 956 959 959 959 959 959
    962 962 962 962 0 0 923 918 918 918 918 918 918 918 920 920 923 923
    923 923 925 925 925 925 928 928 928 933 933 933 933 933 933 933 935
    935 935 935 935 938 938 940 943 943 943 943 943 943 943 943 946 946
    946 946 948 948 948 951 951 951 951 954 956 956 956 959 959 959 959
    959 962 962 962 962 0 0 0 918 918 918 918 918 920 920 920 920 920
    923 923 923 925 925 925 925 928 928 928 930 930 933 933 933 933 933
    935 935 935 935 935 938 938 940 943 943 943 943 943 943 943 943 946
    946 946 946 948 948 948 951 951 951 951 954 956 956 959 959 959 959
    959 959 959 959 962 962 0 0 0 915 915 915 915 918 918 918 920 920
    920 923 923 925 925 925 928 928 928 928 928 930 930 933 933 933 933
    933 935 935 935 935 935 938 938 940 943 943 943 943 943 943 943 943
    946 946 946 946 948 948 948 951 951 951 951 954 956 956 959 959 959
    959 959 959 959 959 962 962 0 0 0 915 915 915 915 915 918 918 920
    920 923 923 923 925 925 925 925 925 928 928 928 928 930 930 933 933
    933 933 935 935 935 935 935 938 940 940 943 943 943 943 943 943 943
    943 946 946 946 946 946 946 946 948 951 951 954 954 956 959 959 959
    959 959 959 959 959 959 959 0 0 0 0 915 915 915 915 915 918 920 920
    923 923 923 923 923 923 925 925 925 928 928 928 928 930 930 933 933
    933 933 933 933 935 935 935 938 938 940 943 943 943 943 943 943 943
    943 946 946 946 946 946 946 946 948 951 951 954 956 956 959 959 959
    959 959 959 959 959 959 959 964 0 0 0 915 915 915 915 915 918 920
    920 923 923 923 923 923 923 923 925 925 928 928 928 928 928 930 933
    933 933 933 933 933 935 935 935 938 938 940 943 943 943 943 943 943
    943 943 946 946 946 946 946 946 946 948 951 951 954 954 956 956 956
    959 959 959 959 959 959 959 962 964 0 0 920 918 915 915 915 915 915
    918 918 920 920 923 923 923 923 923 925 925 928 928 928 928 928 930
    930 933 933 933 933 933 935 935 935 935 938 938 940 943 943 943 943
    943 943 943 946 946 946 946 946 946 946 948 951 951 954 954 956 956
    956 956 959 959 959 959 959 959 962 964 0 0 918 915 915 915 915 915
    915 918 918 918 918 920 923 923 923 925 925 925 928 928 928 928 930
    930 930 933 933 933 933 935 935 935 935 935 938 938 940 940 943 940
    940 940 943 943 946 946 946 946 946 946 946 951 951 951 954 954 956
    956 956 956 956 959 959 959 959 962 962 962 0 0 918 915 915 915 915
    915 915 915 915 918 918 920 923 923 923 923 925 925 928 928 928 928
    930 933 933 933 933 933 933 935 935 935 935 938 938 938 940 940 940
    940 940 940 940 946 946 946 946 946 946 946 946 951 951 951 954 954
    956 956 956 956 956 959 959 959 959 959 962 962 0 0 918 915 915 915
    915 915 915 915 915 918 918 920 920 923 923 923 925 925 928 928 928
    928 930 930 933 933 933 933 935 935 935 935 938 938 938 938 938 940
    940 940 940 940 940 943 946 946 946 946 946 946 946 951 951 951 954
    956 956 956 956 956 956 959 959 959 959 959 962 962 0 0 918 918 915
    915 915 915 915 915 915 918 918 920 920 923 923 923 925 925 928 928
    928 928 930 930 933 933 933 933 935 935 935 935 935 935 938 938 938
    940 943 940 940 940 943 943 946 946 946 946 946 946 946 951 951 951
    954 956 956 956 956 956 959 959 959 959 959 962 964 964 0 0 918 918
    915 915 915 915 915 918 918 920 920 920 920 923 923 923 925 925 925
    928 928 928 930 930 933 933 933 933 935 935 935 935 935 935 938 938
    940 940 943 943 940 940 940 946 946 946 946 946 946 946 948 951 951
    951 954 954 956 956 956 956 959 959 959 959 959 962 964 964 0 0 920
    920 915 915 915 915 915 918 918 920 920 920 923 923 923 923 923 925
    925 925 928 928 933 933 933 933 933 933 935 935 935 935 935 935 938
    938 940 940 940 943 940 940 940 946 946 946 946 946 946 946 948 951
    951 951 954 954 956 956 956 956 959 959 959 959 959 962 964 967 0 0
    920 915 915 915 915 915 915 918 918 920 920 923 923 923 923 923 923
