<?xml version="1.0"?>
<opencv_storage>
<Depth19958 type_id="opencv-matrix">
  <rows>197</rows>
  <cols>80</cols>
  <dt>w</dt>
  <data>
    2618 2639 2659 2680 2680 2680 2680 2680 2701 2701 2723 2744 2744
    2744 2744 2744 505 505 506 506 506 2883 2883 2883 2859 2859 2908
    2908 2908 2933 2958 2984 514 514 516 3037 3064 3064 3064 3064 3037
    525 525 3064 529 529 529 529 529 530 530 0 0 0 0 0 0 0 0 0 0 3269
    3269 3269 3300 3300 3300 3333 3333 3333 3333 3365 3365 3365 3399
    3468 3468 3503 3503 3503 2618 2639 2659 2659 2659 2680 2680 2680
    2701 498 498 498 498 500 502 502 504 504 506 506 506 507 507 509 510
    511 511 511 512 2958 514 514 514 514 516 517 518 3064 3064 525 525
    525 525 3064 528 528 528 529 529 529 529 0 0 0 0 0 0 0 0 0 0 0 3269
    3269 3300 3300 3300 3333 3333 3333 3333 3333 3365 3365 3399 3468
    3468 3468 3468 3503 2618 2659 2659 2659 494 494 494 494 496 497 497
    498 498 500 502 502 503 504 506 506 506 507 507 509 510 510 511 511
    512 513 514 514 515 516 517 517 518 520 521 522 523 524 525 525 525
    528 528 529 529 529 529 0 0 0 0 0 0 0 0 0 0 0 3269 3269 3300 3300
    3300 3333 3333 3333 3333 3333 3365 3365 3399 3468 3468 3468 3468
    3503 2659 2659 2659 494 494 494 494 494 496 497 497 498 499 501 502
    503 503 504 506 506 506 507 507 509 509 510 511 511 512 513 514 515
    515 516 517 518 519 519 520 521 523 524 525 525 525 528 529 529 530
    529 529 0 0 0 0 0 0 0 0 0 0 0 3238 3238 3269 3300 3300 3333 3333
    3333 3333 3365 3399 3399 3399 3468 3468 3468 3468 3468 490 494 494
    494 494 494 494 495 496 497 498 499 499 501 502 503 503 504 505 507
    507 507 508 509 509 510 511 512 513 514 515 515 516 517 517 518 519
    519 520 521 523 524 525 525 525 528 529 529 529 530 530 0 0 0 0 0 0
    0 0 0 0 0 3238 3238 3269 3300 3300 3333 3333 3333 3333 3365 3399
    3399 3433 3468 3468 3468 3468 3468 490 490 491 492 494 494 494 495
    496 497 499 499 499 501 502 503 503 504 505 506 507 507 508 509 510
    511 511 512 513 514 515 515 516 517 518 518 519 519 521 522 524 524
    525 525 525 528 529 529 529 531 531 531 0 0 0 0 0 0 0 0 0 0 3269
    3269 3269 3300 3300 3333 3333 3333 3333 3365 3399 3399 3433 3468
    3468 3468 3468 3503 490 490 491 492 494 494 495 496 498 499 499 499
    499 501 502 503 503 504 505 506 507 507 509 510 510 511 511 512 513
    514 514 515 516 517 518 519 520 521 521 522 524 525 525 525 525 528
    529 529 530 531 531 531 0 0 0 0 0 0 0 0 0 0 0 3300 3300 3300 3333
    3333 3333 3333 3333 3333 3365 3365 3433 3468 3468 3468 3468 3503 491
    491 491 492 494 494 496 496 498 499 499 499 500 501 502 503 503 504
    506 506 507 507 508 509 511 512 512 512 513 514 514 515 516 517 519
    519 520 521 522 522 525 525 525 525 526 528 529 529 530 531 532 532
    0 0 0 0 0 0 0 0 0 0 0 3300 3300 3300 3300 3333 3333 3333 3333 3333
    3365 3365 3433 3468 3468 3468 3468 3503 491 491 492 493 494 495 496
    497 498 499 499 499 500 502 503 504 504 505 506 506 507 507 508 509
    510 512 512 513 514 514 515 516 517 517 518 519 519 521 522 522 525
    525 525 525 526 528 529 530 531 532 533 533 0 0 0 0 0 0 0 0 0 0 3300
    3300 3300 3300 3300 3333 3333 3333 3333 3333 3365 3365 3433 3468
    3468 3503 3503 3503 492 492 493 493 494 494 496 497 498 499 499 499
    501 502 503 504 504 505 506 506 507 507 509 509 510 512 512 513 514
    514 515 516 517 517 518 519 519 520 521 524 524 525 525 525 527 528
    529 531 532 533 534 535 0 0 0 0 0 0 0 0 0 0 3300 3300 3300 3300 3300
    3333 3333 3333 3333 3333 3365 3365 3433 3468 3468 3468 3503 3503 492
    492 493 494 494 494 496 497 498 499 499 499 501 502 503 504 504 505
    506 506 507 507 509 509 510 512 512 513 514 515 516 516 517 517 518
    519 519 520 521 524 524 525 525 525 528 529 530 531 532 534 534 535
    535 0 0 0 0 0 0 0 0 0 0 3300 3300 3300 3300 3333 3333 3333 3333 3333
    3365 3399 3433 3468 3468 3468 3503 3503 492 492 494 494 494 495 496
    497 498 499 499 499 502 503 503 504 504 505 506 506 506 507 509 509
    511 512 512 513 514 515 516 517 517 518 518 519 519 521 521 524 524
    525 525 525 528 529 531 531 532 534 534 534 534 0 0 0 0 0 0 0 0 0 0
    0 3300 3300 3300 3333 3333 3333 3333 3365 3365 3399 3433 3468 3468
    3468 3468 3503 0 0 0 495 495 495 496 497 498 499 499 499 501 502 503
    504 504 504 506 506 506 507 509 510 511 512 512 513 514 515 516 517
    517 519 519 520 520 521 521 524 525 525 525 526 529 529 531 532 532
    534 534 534 534 534 0 0 0 0 0 0 0 0 0 0 3300 3300 3333 3333 3333
    3333 3333 3365 3365 3399 3433 3468 3468 3468 3468 3468 0 0 0 496 496
    496 497 498 499 499 499 500 501 502 503 504 504 504 506 506 507 508
    509 510 511 512 513 514 514 515 516 517 518 519 519 520 520 521 522
    524 525 525 525 527 529 529 531 532 533 534 534 534 534 534 0 0 0 0
    0 0 0 0 0 0 0 3333 3333 3333 3333 3333 3333 3365 3365 3399 3433 3468
    3468 3468 3468 3468 0 0 0 496 496 496 497 498 499 499 499 501 501
    502 504 504 504 504 506 506 507 508 509 511 512 513 513 514 514 515
    517 517 518 519 519 521 521 522 522 525 525 525 525 527 528 529 531
    532 533 534 534 534 534 534 0 0 0 0 0 0 0 0 0 0 0 3333 3333 3333
    3333 3333 3333 3365 3399 3399 3433 3468 3468 3468 3468 3468 0 0 0
    496 496 496 498 499 499 499 499 501 501 502 504 504 504 505 506 507
    508 508 509 511 511 513 513 514 515 516 517 517 518 519 519 521 521
    522 523 525 525 525 525 527 528 529 531 532 533 534 534 534 534 534
    0 0 0 0 0 0 0 0 0 0 0 3333 3333 3333 3333 3333 3333 3365 3399 3399
    3433 3468 3468 3468 3468 3468 0 0 0 496 496 496 497 499 499 499 500
    502 502 503 504 504 505 506 507 507 508 509 509 511 511 513 514 514
    514 516 516 517 518 518 519 521 521 523 524 525 525 525 525 528 528
    529 531 533 534 534 534 535 535 535 0 0 0 0 0 0 0 0 0 0 0 3333 3333
    3333 3333 3333 3365 3365 3399 3399 3433 3468 3503 3503 3503 3503 0 0
    0 496 496 497 497 499 499 499 500 501 502 504 504 505 506 507 507
    507 508 509 510 511 512 513 514 514 514 516 516 517 518 518 519 521
    521 523 525 525 525 525 525 527 528 529 532 533 534 534 534 535 535
    535 535 0 0 0 0 0 0 0 0 0 0 3333 3333 3333 3333 3333 3365 3365 3433
    3433 3433 3503 3503 3503 3503 3503 0 0 0 496 496 497 498 499 499 499
    501 501 502 504 504 505 506 506 508 508 509 509 510 511 513 514 514
    514 514 516 516 517 518 519 520 521 521 523 525 525 525 525 525 527
    529 530 532 532 533 534 535 535 535 535 535 0 0 0 0 0 0 0 0 0 0 0
    3365 3333 3333 3365 3365 3365 3433 3433 3433 3503 3503 3503 3503
    3503 0 0 0 497 497 497 498 499 499 499 501 502 502 504 504 506 506
    506 508 508 510 510 511 512 513 513 514 514 515 516 517 518 518 519
    520 521 522 523 525 525 525 525 527 528 528 530 532 532 533 534 535
    535 535 536 536 0 0 0 0 0 0 0 0 0 0 0 3365 3333 3333 3365 3365 3399
    3433 3433 3433 3468 3503 3503 3503 3503 0 0 0 497 497 497 498 499
    499 500 502 502 502 504 504 506 507 507 508 509 510 511 511 512 513
    513 514 514 515 516 517 518 519 520 521 521 521 524 525 525 525 526
    528 528 528 531 532 532 533 534 535 536 536 536 536 0 0 0 0 0 0 0 0
    0 0 0 3365 3333 3333 3365 3365 3399 3399 3433 3433 3468 3503 3503
    3503 3503 0 0 0 0 497 497 498 499 499 500 502 502 503 504 504 507
    507 507 508 509 510 511 511 512 513 513 514 514 515 516 517 517 519
    520 521 521 521 523 525 525 525 527 528 529 529 531 532 532 533 534
    536 537 537 538 539 0 0 0 0 0 0 0 0 0 0 0 3333 3333 3333 3365 3365
    3399 3399 3433 3433 3468 3468 3503 3503 3503 0 0 0 0 497 497 498 499
    499 500 502 502 503 504 504 507 507 508 509 509 510 511 511 512 513
    514 514 515 515 516 517 517 520 520 521 522 522 523 525 525 525 527
    528 529 529 531 532 533 533 534 536 537 538 539 539 0 0 0 0 0 0 0 0
    0 0 0 3333 3333 3333 3333 3365 3399 3433 3433 3433 3468 3468 3468
    3503 3503 0 0 0 497 497 498 499 499 500 502 502 503 503 505 506 507
    507 508 509 509 510 511 512 513 513 514 515 515 516 516 517 518 520
    521 521 522 523 525 525 525 526 528 528 529 529 531 532 533 534 534
