<?xml version="1.0"?>
<opencv_storage>
<Depth1197 type_id="opencv-matrix">
  <rows>70</rows>
  <cols>46</cols>
  <dt>w</dt>
  <data>
    3399 3399 1503 1503 1509 1496 1483 1483 1483 1477 1464 1464 3468
    3399 3399 1421 1421 1421 1421 3399 3399 3399 3399 3399 3399 3399
    3399 3399 3433 3433 3399 3399 3433 3433 3468 3468 3433 3433 3468
    3468 3468 3503 3468 3433 3433 3433 3365 3399 1496 1496 1496 1489
    1489 1483 1483 1470 1458 1452 1445 1445 1433 1421 1421 1421 1421
    1421 1421 1415 1410 1404 1392 1392 1387 1387 1376 1365 1365 1370
    1370 1370 1376 1376 1392 1392 1392 3468 3468 3503 3503 3503 1445
    3468 3365 3365 1496 1489 1489 1489 1483 1483 1477 1464 1458 1452
    1445 1445 1433 1433 1433 1427 1427 1421 1421 1415 1410 1398 1392
    1392 1387 1387 1376 1365 1365 1370 1370 1370 1376 1376 1392 1392
    1392 1392 1415 1415 1445 1445 1445 1445 3399 1489 1489 1489 1489
    1483 1483 1477 1470 1464 1458 1452 1452 1445 1439 1439 1433 1433
    1427 1421 1421 1415 1410 1398 1398 1392 1392 1387 1376 1376 1370
    1370 1370 1376 1381 1381 1392 1392 1398 1404 1415 1415 1445 1445
    1445 1445 3399 1489 1489 1489 1489 1483 1477 1477 1464 1464 1464
    1458 1452 1445 1439 1439 1433 1433 1427 1421 1421 1415 1410 1398
    1398 1392 1392 1392 1381 1381 1376 1376 1376 1376 1381 1381 1392
    1392 1398 1404 1415 1421 1439 1445 1445 1445 3399 1489 1489 1489
    1489 1483 1477 1477 1464 1464 1464 1464 1452 1445 1445 1439 1433
    1427 1421 1421 1421 1415 1410 1404 1398 1398 1392 1392 1381 1376
    1376 1376 1376 1376 1381 1387 1392 1398 1404 1404 1415 1421 1433
    1439 1445 1452 3433 1489 1489 1489 1496 1489 1483 1477 1470 1464
    1464 1464 1452 1452 1439 1439 1433 1427 1421 1421 1421 1415 1410
    1404 1398 1398 1392 1392 1381 1376 1376 1376 1376 1376 1381 1392
    1398 1398 1410 1410 1415 1421 1427 1433 1445 1452 3433 1489 1489
    1489 1496 1489 1483 1477 1470 1464 1464 1464 1452 1452 1439 1439
    1433 1427 1421 1421 1421 1415 1410 1404 1398 1398 1392 1387 1381
    1376 1376 1376 1376 1376 1381 1392 1398 1398 1410 1415 1421 1421
    1427 1433 1445 1458 0 1516 1516 1503 1503 1496 1489 1477 1470 1464
    1464 1464 1458 1452 1445 1439 1433 1433 1421 1421 1421 1415 1410
    1404 1398 1398 1392 1387 1381 1381 1376 1376 1376 1376 1381 1392
    1398 1398 1410 1415 1421 1421 1427 1433 1445 1445 0 1509 1509 1503
    1496 1496 1489 1483 1470 1470 1464 1464 1458 1452 1445 1439 1439
    1433 1427 1421 1421 1415 1410 1404 1398 1392 1392 1387 1381 1381
    1376 1376 1376 1376 1381 1392 1398 1398 1410 1415 1421 1421 1427
    1433 1445 1445 0 1503 1503 1503 1496 1489 1489 1483 1470 1470 1464
    1464 1458 1452 1445 1445 1439 1433 1433 1421 1421 1415 1415 1410
    1398 1392 1392 1392 1381 1381 1376 1376 1376 1381 1381 1392 1398
    1398 1404 1415 1421 1421 1433 1439 1445 1445 0 1496 1496 1496 1496
    1489 1489 1483 1477 1470 1464 1464 1458 1452 1445 1445 1439 1439
    1433 1421 1421 1415 1415 1410 1404 1398 1392 1392 1381 1381 1376
    1376 1376 1381 1381 1392 1398 1398 1404 1415 1421 1421 1433 1439
    1445 1445 0 1496 1496 1496 1496 1489 1483 1483 1477 1470 1464 1464
    1458 1452 1445 1445 1439 1439 1433 1427 1421 1415 1415 1410 1404
    1398 1398 1392 1387 1381 1376 1376 1376 1381 1381 1392 1398 1404
    1410 1415 1421 1427 1433 1439 1445 1445 1523 1509 1509 1496 1496
    1489 1483 1483 1477 1470 1470 1464 1458 1452 1445 1445 1439 1439
    1439 1427 1427 1415 1415 1410 1404 1398 1398 1392 1387 1381 1376
    1376 1376 1381 1381 1392 1398 1404 1410 1421 1421 1427 1439 1439
    1445 1445 1523 1523 1509 1503 1496 1489 1483 1483 1477 1470 1470
    1464 1458 1452 1445 1445 1439 1439 1439 1433 1427 1415 1415 1410
    1410 1398 1398 1392 1387 1381 1376 1376 1376 1381 1387 1398 1404
    1410 1415 1421 1421 1427 1439 1439 1445 1445 1523 1509 1503 1503
    1496 1489 1483 1483 1477 1477 1470 1464 1458 1452 1445 1445 1439
    1439 1439 1427 1427 1415 1415 1410 1404 1398 1398 1392 1392 1381
    1381 1381 1381 1381 1392 1398 1404 1410 1415 1421 1421 1433 1439
    1439 1445 1445 1509 1509 1503 1503 1496 1489 1483 1483 1477 1477
    1470 1464 1458 1452 1445 1445 1439 1433 1433 1427 1421 1415 1415
    1410 1404 1398 1392 1392 1387 1381 1381 1381 1381 1387 1392 1398
    1398 1404 1415 1421 1427 1427 1439 1445 1445 1445 1516 1516 1496
    1496 1496 1489 1483 1483 1477 1477 1470 1464 1458 1452 1445 1445
    1439 1433 1433 1421 1421 1415 1415 1410 1404 1398 1392 1392 1387
    1387 1381 1381 1381 1392 1392 1398 1398 1404 1415 1421 1421 1427
    1439 1445 1445 1445 1516 1516 1496 1496 1496 1489 1483 1483 1477
    1470 1470 1464 1458 1452 1445 1445 1439 1433 1433 1415 1415 1415
    1415 1410 1404 1398 1398 1392 1387 1381 1381 1381 1381 1392 1392
    1398 1398 1404 1415 1421 1421 1427 1439 1445 1452 1452 1516 1516
    1509 1503 1496 1489 1483 1483 1477 1470 1470 1464 1458 1452 1445
    1445 1439 1439 1433 1415 1415 1415 1415 1410 1404 1398 1398 1392
    1387 1381 1381 1381 1381 1392 1392 1398 1398 1404 1421 1421 1427
    1433 1439 1445 1445 1452 1516 1516 1516 1503 1496 1489 1483 1483
    1477 1470 1470 1464 1464 1452 1452 1445 1439 1439 1433 1427 1421
    1415 1415 1410 1398 1398 1398 1392 1387 1387 1381 1381 1381 1387
    1392 1398 1404 1415 1421 1421 1427 1433 1439 1445 1445 1445 1523
    1523 1516 1503 1496 1489 1483 1483 1470 1470 1470 1464 1464 1452
    1452 1445 1439 1439 1433 1427 1421 1415 1415 1410 1398 1398 1398
    1392 1392 1387 1381 1381 1381 1387 1392 1398 1410 1415 1421 1421
    1427 1433 1439 1445 1452 1458 1516 1516 1509 1509 1496 1489 1483
    1477 1470 1470 1470 1464 1464 1452 1452 1445 1445 1439 1433 1427
    1421 1415 1415 1410 1398 1398 1398 1392 1392 1381 1381 1381 1381
    1387 1392 1404 1410 1415 1421 1421 1427 1433 1445 1445 1452 1458
    1516 1516 1509 1509 1503 1489 1483 1477 1470 1470 1470 1464 1464
    1458 1452 1445 1445 1445 1439 1433 1421 1415 1415 1410 1398 1398
    1398 1392 1392 1381 1381 1381 1381 1387 1392 1404 1404 1415 1421
    1421 1427 1439 1445 1445 1452 1458 1516 1516 1509 1509 1503 1489
    1489 1483 1470 1470 1470 1464 1464 1458 1452 1445 1445 1445 1439
    1433 1427 1421 1415 1410 1404 1404 1398 1392 1392 1387 1381 1381
    1387 1392 1398 1404 1404 1415 1421 1427 1433 1439 1445 1445 1452
    1458 1516 1516 1509 1509 1503 1489 1489 1483 1477 1470 1464 1464
    1464 1458 1452 1445 1445 1445 1439 1439 1433 1421 1415 1410 1404
    1404 1398 1392 1392 1387 1387 1387 1392 1392 1398 1404 1404 1421
    1421 1427 1433 1439 1445 1445 1452 1452 1516 1516 1516 1509 1503
    1489 1489 1483 1477 1470 1464 1464 1464 1458 1458 1445 1445 1445
    1439 1439 1433 1421 1415 1415 1410 1404 1398 1392 1392 1387 1387
    1387 1392 1392 1398 1404 1404 1421 1421 1427 1433 1439 1445 1445
    1452 1452 1516 1516 1509 1509 1503 1496 1489 1489 1483 1470 1464
    1464 1464 1458 1458 1445 1445 1445 1439 1439 1433 1427 1415 1415
    1410 1398 1398 1392 1392 1387 1387 1387 1392 1392 1398 1404 1410
    1421 1421 1427 1433 1439 1445 1445 1452 1452 1523 1509 1509 1503
    1503 1496 1489 1483 1483 1470 1470 1464 1464 1464 1458 1452 1445
    1439 1439 1439 1433 1427 1415 1415 1410 1398 1398 1392 1392 1387
    1387 1387 1392 1398 1398 1404 1415 1421 1421 1427 1433 1445 1445
    1445 1452 1452 1523 1523 1509 1503 1503 1496 1489 1483 1483 1470
    1470 1464 1464 1458 1458 1452 1445 1439 1439 1439 1427 1421 1421
    1415 1410 1398 1398 1392 1392 1392 1392 1392 1392 1398 1398 1404
    1415 1421 1421 1427 1433 1445 1452 1452 1458 1470 1523 1523 1516
    1503 1503 1496 1489 1489 1483 1477 1470 1464 1464 1458 1458 1445
    1445 1439 1439 1439 1427 1421 1421 1415 1410 1398 1398 1392 1392
    1392 1392 1392 1392 1398 1404 1410 1415 1421 1421 1427 1439 1445
    1452 1458 1464 1470 1523 1523 1516 1509 1509 1496 1489 1489 1483
    1477 1470 1470 1458 1452 1452 1445 1445 1439 1439 1439 1433 1421
    1421 1415 1410 1404 1398 1392 1392 1392 1392 1392 1392 1398 1404
    1410 1415 1421 1421 1433 1439 1445 1452 1458 1464 1477 1523 1523
