<?xml version="1.0"?>
<opencv_storage>
<Depth16996 type_id="opencv-matrix">
  <rows>114</rows>
  <cols>79</cols>
  <dt>w</dt>
  <data>
    2744 2744 2723 2723 2723 2701 2701 2701 2701 2701 2701 2701 2701
    2701 2701 2701 2701 2701 2701 2680 2680 2680 2680 2680 2659 2659
    2659 2659 2659 2659 2659 2659 2639 2639 2639 2639 2639 2639 2639
    2639 2618 2618 2618 1054 1050 1044 1044 1041 1041 1041 1050 1050
    1050 1054 1054 1057 1057 1057 1060 1063 1067 1067 1067 1070 1070
    1070 2560 2560 2579 2560 2560 2560 2560 2541 2541 2541 2541 2541
    2560 2744 2744 2744 2723 2723 2723 2701 2701 2701 2701 2701 2701
    2701 2701 2701 2701 2701 2701 2701 2680 2680 2680 2659 2659 2659
    2659 2659 2659 2659 2659 2659 2659 2639 2639 2639 2639 2639 2639
    2639 2639 2639 1041 1041 1044 1047 1041 1041 1034 1034 1041 1050
    1050 1050 1050 1050 1054 1057 1057 1060 1063 1067 1067 1067 1067
    1067 1067 2579 2579 2579 2560 2560 2560 2560 2541 2541 2541 2541
    2541 2560 2744 2744 2744 2723 2701 2701 2701 2701 2723 2723 2701
    2701 987 987 984 984 2701 2701 2723 2680 2680 2680 2659 2659 2659
    2659 2659 2639 2639 2639 2639 2639 2639 2639 2639 2639 2639 2639
    2639 1028 1028 1031 1031 1038 1044 1041 1041 1034 1034 1041 1047
    1050 1050 1050 1050 1054 1054 1057 1060 1063 1067 1067 1067 1067
    1067 1067 2579 2579 2579 2579 2560 2560 2560 2560 2560 2560 2560
    2541 2541 2744 2744 2723 2723 2701 2701 2701 2723 2723 2723 2723
    2701 987 987 984 984 2680 2701 2701 981 987 987 987 989 995 995 995
    1001 1004 1004 1007 1004 1004 1010 1010 1013 1013 1016 1019 1022
    1025 1028 1031 1031 1031 1038 1038 1038 1038 1041 1044 1047 1047
    1047 1050 1050 1054 1057 1060 1063 1067 1067 1067 1067 1067 1067
    1067 2579 2579 2579 2560 2560 2560 2560 2560 2560 2560 2541 2541
    2723 2723 2701 2701 2701 1050 1050 1050 2723 2723 2723 2723 987 987
    981 981 978 978 981 981 987 987 987 989 992 992 995 1001 1001 1001
    1004 1004 1004 1007 1010 1010 1013 1016 1019 1022 1025 1025 1028
    1031 1031 1034 1034 1038 1038 1041 1044 1047 1047 1047 1050 1050
    1054 1057 1060 1063 1067 1067 1067 1067 1067 1067 0 2579 2579 2579
    2560 2560 2560 2560 2560 2560 2560 2541 2541 2723 2723 2701 2701
    1050 1047 1047 1047 1007 1007 2723 2723 987 984 978 978 975 975 978
    978 981 987 987 989 992 992 995 998 1001 1001 1004 1004 1004 1007
    1007 1010 1013 1016 1019 1022 1025 1025 1028 1028 1028 1034 1034
    1038 1038 1041 1044 1050 1050 1050 1050 1054 1057 1060 1060 1063
    1067 1067 1070 1070 1073 1073 0 2579 2579 2579 2560 2560 2560 2560
    2560 2560 2560 2541 2541 2789 1050 1050 1050 1044 1041 1010 1004
    1004 1001 1001 1001 981 973 973 975 975 975 978 978 981 987 989 989
    992 992 995 998 1001 1001 1004 1004 1007 1007 1007 1013 1013 1016
    1019 1022 1025 1025 1028 1028 1028 1031 1034 1038 1041 1041 1044
    1050 1050 1050 1050 1054 1057 1060 1060 1063 1067 1067 1070 1070
    1073 1073 0 2579 2579 2579 2560 2560 2560 2560 2560 2560 2560 2541
    2541 1057 1050 1050 1044 1041 1016 1010 1004 1001 998 987 978 975
    973 973 975 975 975 975 978 981 987 989 989 992 992 995 1001 1001
    1001 1001 1004 1007 1010 1010 1013 1016 1016 1016 1019 1025 1028
    1028 1028 1028 1031 1034 1038 1041 1041 1044 1047 1050 1050 1054
    1054 1057 1060 1063 1063 1067 1067 1070 1070 1073 1073 0 2579 2579
    2579 2560 2560 2560 2560 2560 2560 2560 2560 2560 1057 1050 1050
    1044 1025 1016 1010 1004 1001 995 987 978 975 973 973 975 975 975
    975 978 981 987 989 989 992 992 998 1001 1001 1001 1001 1004 1007
    1010 1010 1013 1016 1016 1016 1019 1022 1028 1028 1028 1031 1031
    1038 1038 1041 1044 1044 1047 1050 1050 1054 1054 1054 1057 1060
    1063 1067 1067 1070 1070 1073 1073 1077 2579 2579 2579 2579 2560
    2560 2560 2560 2560 2560 2560 2560 1057 1050 1050 1044 1025 1019
    1013 1007 1001 992 987 978 975 973 973 975 975 975 975 978 978 987
    989 989 992 992 998 1001 1001 1001 1001 1004 1004 1010 1013 1013
    1016 1016 1016 1019 1022 1025 1028 1028 1031 1034 1038 1038 1041
    1044 1044 1047 1050 1050 1054 1054 1054 1057 1060 1063 1067 1067
    1070 1070 1073 1077 1077 2579 2579 2579 2579 2560 2560 2560 2560
    2579 2560 2560 2560 1050 1050 1050 1044 1025 1019 1013 1010 1001 992
    987 981 978 975 975 975 975 975 975 975 978 987 989 989 989 992 995
    998 1001 1001 1001 1004 1004 1007 1013 1013 1016 1016 1016 1019 1022
    1025 1028 1028 1028 1031 1034 1038 1041 1044 1047 1050 1050 1050
    1054 1054 1060 1060 1063 1067 1067 1067 1067 1070 1073 1077 1077
    2579 2579 2579 2579 2579 2579 2579 2579 2560 2560 2560 2560 0 1054
    1050 1044 1025 1019 1016 1010 1001 995 989 981 978 975 975 975 975
    975 975 975 978 987 989 989 989 992 995 998 1001 1001 1004 1004 1004
    1007 1010 1013 1016 1016 1016 1019 1025 1025 1028 1028 1028 1031
    1034 1038 1041 1041 1044 1047 1050 1050 1054 1054 1057 1060 1063
    1067 1067 1067 1067 1073 1073 1077 1077 1077 2579 2579 2579 2579
    2579 2560 2560 2560 2560 2560 2560 0 1054 1050 1044 1025 1019 1013
    1010 1004 995 989 981 975 975 975 975 975 975 975 975 978 984 987
    989 989 992 995 995 998 1001 1001 1004 1004 1004 1010 1013 1016 1016
    1016 1019 1025 1025 1028 1028 1028 1031 1034 1038 1041 1041 1044
    1047 1050 1050 1054 1054 1057 1060 1063 1067 1067 1067 1067 1073
    1077 1077 1077 0 2579 2579 2579 2579 2579 2560 2560 2560 2560 2560
    2560 0 1054 1054 1047 1025 1019 1013 1010 1004 998 989 981 975 973
    973 975 975 975 978 978 978 984 987 989 989 992 992 995 998 1001
    1001 1004 1004 1004 1007 1013 1016 1016 1019 1022 1025 1025 1028
    1028 1028 1031 1034 1041 1041 1044 1044 1047 1050 1050 1054 1054
    1057 1060 1063 1067 1067 1067 1067 1073 1073 1073 1073 0 2579 2579
    2579 2579 2579 2579 2579 2560 2560 2560 2560 0 1057 1054 1047 1028
    1022 1016 1010 1004 998 989 981 975 973 973 975 975 975 978 978 978
    984 989 989 992 992 992 995 998 1001 1001 1004 1004 1004 1007 1013
    1016 1016 1019 1022 1025 1025 1028 1028 1031 1034 1038 1041 1041
    1041 1041 1047 1050 1050 1054 1054 1057 1060 1063 1067 1067 1067
    1067 1073 1073 1073 1073 0 2579 2579 2579 2579 2579 2579 2579 2560
    2560 2560 2560 0 1057 1054 1047 1031 1025 1019 1013 1004 998 989 981
    975 973 973 973 975 975 978 978 978 987 989 989 992 992 995 995 998
    1001 1001 1004 1004 1004 1007 1013 1016 1016 1019 1019 1022 1025
    1025 1028 1031 1034 1038 1041 1041 1041 1041 1047 1050 1054 1054
    1054 1057 1060 1063 1067 1067 1067 1070 1073 1073 1073 1073 0 2579
    2579 2579 2579 2579 2579 2579 2560 2560 2560 2560 1060 1060 1054
    1044 1034 1025 1019 1013 1004 998 989 981 975 973 973 973 975 975
    978 978 978 987 989 989 992 995 995 998 998 1001 1001 1004 1004 1004
    1010 1013 1016 1016 1016 1019 1022 1025 1025 1028 1031 1034 1034
    1038 1041 1041 1044 1047 1050 1054 1054 1054 1057 1060 1063 1063
    1067 1067 1070 1073 1077 1077 1077 0 2579 2579 2579 2579 2560 2560
    2560 2560 2560 2560 2560 1060 1060 1057 1044 1034 1025 1022 1013
    1004 998 989 978 975 973 973 973 975 975 978 978 978 987 989 989 992
    995 995 995 998 1001 1001 1001 1004 1004 1007 1013 1016 1016 1016
    1019 1022 1025 1028 1028 1028 1031 1031 1038 1041 1041 1044 1047
    1050 1050 1054 1054 1054 1060 1063 1063 1067 1067 1070 1073 1077
    1080 1080 1080 2579 2579 2579 2579 2560 2560 2560 2560 2560 2560
    2560 1060 1060 1057 1044 1038 1028 1022 1013 1007 1001 989 978 975
    975 973 973 975 975 978 978 978 981 984 987 989 992 995 995 998 1001
    1001 1001 1004 1004 1007 1013 1016 1016 1016 1022 1025 1025 1028
    1028 1028 1031 1031 1034 1041 1041 1044 1047 1050 1050 1050 1054
    1054 1060 1063 1067 1067 1067 1070 1073 1077 1080 1080 1080 0 2579
    2579 2579 2579 2579 2560 2560 2560 2560 2560 1060 1060 1060 1044
    1038 1028 1022 1016 1007 1001 995 978 975 973 973 973 975 975 978
    978 978 981 984 987 989 989 995 995 998 1001 1001 1001 1004 1004
    1007 1013 1016 1016 1016 1022 1022 1025 1028 1028 1028 1031 1031
