<?xml version="1.0"?>
<opencv_storage>
<Depth13434 type_id="opencv-matrix">
  <rows>27</rows>
  <cols>18</cols>
  <dt>w</dt>
  <data>
    6753 3732 3732 3816 3774 3732 3732 3692 3692 3692 3692 3692 3732
    3774 3774 3732 3732 3732 6753 3732 3732 3774 3732 3732 3732 3692
    3692 3692 3692 3692 3732 3732 3732 3732 3692 3692 3774 3732 3732
    3774 3732 3732 3732 3692 3692 3692 3692 3692 3732 3692 3692 3692
    3653 3653 3774 3774 3774 3774 3732 3732 3732 3732 3732 3692 3692
    3732 3732 3692 3692 3692 3653 3653 3774 3774 3774 3774 3732 3732
    3732 3732 3732 3692 3692 3692 3732 3692 3692 3653 3653 3653 3774
    3774 3774 3774 3732 3732 3732 3732 3732 3732 3692 3692 3732 3692
    3692 3653 3653 3653 3774 3774 3732 3732 3732 3732 3732 3732 3692
    3692 3692 3692 3692 3692 3692 3692 3653 3653 3774 3774 3732 3732
    3732 3732 3732 3732 3692 3692 3692 3692 3692 3692 3692 3692 3653
    3653 3774 3774 3732 3732 3732 3732 3732 3692 3692 3692 3692 3692
    3692 3692 3692 3692 3653 3653 3732 3774 3732 3732 3732 3732 3732
    3692 3692 3692 3692 3692 3692 3692 3692 3692 3692 3692 3692 3732
    3732 3732 3732 3732 3732 3732 3732 3732 3732 3692 3692 3692 3692
    3692 3692 3692 3692 3732 3732 3732 3774 3774 3732 3732 3732 3732
    3732 3732 3692 3692 3692 3692 3692 3692 3692 3732 3732 3732 3774
    3774 3732 3732 3732 3732 3732 3732 3692 3692 3692 3692 3692 3692
    3732 3774 3774 3774 3774 3774 3774 3732 3732 3732 3732 3732 3732
    3732 3732 3692 3692 3692 3774 3774 3774 3774 3774 3774 3774 3732
    3732 3732 3692 3692 3692 3692 3732 3732 3692 3692 3774 3774 3774
    3774 3774 3774 3774 3732 3732 3732 3692 3692 3692 3692 3732 3732
    3692 3692 3774 3774 3774 3774 3774 3774 3774 3774 3732 3732 3692
    3692 3692 3692 3732 3732 3732 3692 3774 3774 3774 3774 3774 3774
    3774 3774 3732 3732 3692 3692 3692 3692 3732 3732 3692 3692 3774
    3774 3774 3774 3774 3774 3774 3774 3774 3732 3732 3732 3732 3732
    3732 3732 3692 3692 3774 3774 3774 3732 3732 3732 3732 3732 3774
    3774 3774 3732 3732 3732 3732 3732 3692 3692 3774 3774 3774 3732
    3732 3732 3732 3732 3774 3774 3774 3774 3774 3774 3732 3732 3692
    3692 3816 3774 3774 3732 3732 3732 3732 3732 3774 3774 3774 3732
    3732 3732 3732 3732 3692 3692 3816 3816 3774 3732 3732 3732 3732
    3774 3774 3774 3732 3732 3732 3732 3732 3692 3692 3692 3774 3774
    3774 3774 3774 3732 3732 3774 3774 3732 3692 3692 3732 3732 3732
    3692 3692 3692 3774 3774 3816 3774 3774 3732 3732 3732 3732 3692
    3692 3692 3692 3732 3732 3692 3692 3692 3816 3816 3816 3816 3732
    3732 3732 3732 3692 3653 3653 3653 3692 3692 3732 3732 3732 3692
    3859 3859 3816 3816 3732 3732 3732 3692 3692 3653 3653 3653 3692
    3692 3732 3732 3732 3732</data></Depth13434>
</opencv_storage>
