<?xml version="1.0"?>
<opencv_storage>
<Depth10681 type_id="opencv-matrix">
  <rows>99</rows>
  <cols>70</cols>
  <dt>w</dt>
  <data>
    3120 3120 0 3120 0 0 0 1063 1063 1063 1070 1070 1070 1067 1067 1067
    1070 1070 2184 2184 2170 2170 2170 2170 2170 2170 2170 2170 2156
    2156 2156 2156 2156 2156 2170 2170 2170 2170 2170 2170 2170 2170
    2170 2170 2170 2170 2184 2198 2212 2226 2241 2256 2271 2271 2301
    2317 2349 2333 2317 2301 2301 2286 2286 2286 2286 2286 2286 2286
    2286 2286 3120 3120 0 0 0 0 1063 1063 1063 1063 1063 1063 1063 1060
    1060 1057 1057 1054 1054 1054 1041 1038 1034 1034 1038 2170 2170
    2170 2156 2156 2156 2156 2143 2143 2156 2156 2156 2156 2156 2156
    2170 2170 2170 2170 2170 2170 2184 2212 2212 2226 2241 2256 2256
    2271 2286 2317 2333 2333 2317 2301 2301 2286 2286 2286 2286 2286
    2286 2286 2286 2812 3178 0 3178 0 0 0 1067 1063 1060 1060 1060 1060
    1060 1054 1054 1054 1050 1050 1047 1038 1034 1031 1031 1031 1031
    1034 1028 1025 1025 1025 2156 2156 2143 2143 2156 2156 2156 2156
    2156 2156 2170 2170 2170 2170 2170 2170 2170 2212 2212 2226 2241
    2241 2256 2271 2286 2301 2333 2333 2317 2301 2301 2286 2286 2286
    2286 2286 2286 2286 2286 2812 0 0 0 0 0 1070 1067 1067 1060 1060
    1060 1057 1054 1050 1050 1050 1047 1047 1044 1038 1034 1031 1028
    1028 1028 1028 1025 1022 1019 1019 1019 1004 1007 1007 1001 1001
    2156 2156 2156 2156 2170 2184 2170 2170 2170 2170 2170 2198 2198
    2212 2226 2241 2241 2271 2286 2301 2317 2333 2301 2301 2301 2286
    2286 2286 2286 2286 2286 2286 2286 2812 0 0 0 0 0 1070 1067 1067
    1063 1060 1060 1054 1054 1050 1047 1047 1044 1038 1038 1034 1031
    1025 1025 1022 1022 1019 1019 1016 1013 1007 1007 1004 1004 1001 995
    992 992 992 975 975 975 975 975 975 984 984 2170 2156 2156 2212 2226
    2241 2241 2271 2271 2301 2317 2333 2301 2301 2301 1013 1013 1010
    1010 2286 2286 2286 2812 2812 0 0 0 0 1073 1073 1070 1067 1063 1060
    1060 1054 1050 1047 1044 1044 1041 1038 1034 1034 1028 1025 1022
    1019 1013 1013 1010 1010 1007 1001 1001 1001 998 998 992 989 989 989
    975 975 984 975 975 975 981 981 981 2156 2156 2156 970 970 2241 2271
    2271 2301 2333 992 992 2301 1010 1010 1010 1007 1007 1007 2286 2286
    2286 2812 0 0 0 0 1073 1073 1073 1070 1063 1063 1057 1054 1050 1047
    1044 1041 1038 1038 1034 1031 1028 1025 1022 1013 1010 1010 1007
    1007 1004 1001 1001 998 995 992 989 989 981 978 975 975 978 978 975
    973 973 970 970 967 964 964 962 962 951 951 948 948 2286 992 992 998
    1001 1007 1004 1001 1001 1007 1007 1010 1010 2812 0 0 0 0 1077 1077
    1073 1070 1067 1063 1057 1054 1050 1047 1044 1041 1038 1038 1034
    1028 1025 1025 1022 1013 1010 1010 1007 1004 1004 1001 1001 998 992
    989 987 987 981 978 978 978 975 973 970 967 967 967 964 964 959 954
    951 951 951 951 948 948 2286 2286 998 998 1001 989 989 992 992 998
    1004 1010 1010 2812 3149 0 0 0 1077 1073 1073 1073 1067 1060 1057
    1054 1050 1047 1044 1041 1038 1038 1034 1028 1025 1025 1022 1013
    1010 1010 1007 1004 1004 1001 1001 998 992 989 987 987 981 978 978
    975 973 967 964 964 964 964 962 959 951 948 948 948 948 948 948 948
    948 951 951 978 978 978 981 987 989 992 1001 1007 1010 1010 0 0 0 0
    1073 1073 1070 1070 1063 1060 1057 1054 1047 1047 1044 1041 1038
    1034 1034 1028 1025 1025 1022 1013 1010 1010 1007 1007 1004 1001 998
    995 992 989 987 984 981 978 975 975 973 967 964 964 962 962 959 959
    951 948 948 946 946 943 943 943 943 948 956 962 967 973 978 984 987
    992 995 1007 1007 0 2883 2883 0 0 1073 1073 1070 1070 1063 1060 1057
    1050 1047 1044 1044 1041 1038 1034 1031 1025 1025 1025 1022 1013
    1013 1010 1007 1004 1001 1001 998 992 989 987 987 984 981 978 975
    975 973 967 964 964 962 962 959 959 948 948 946 946 946 943 943 943
    943 946 951 956 967 973 978 984 987 992 995 1007 1007 1007 2883 2883
    0 0 1073 1070 1067 1063 1063 1060 1057 1050 1047 1044 1041 1041 1038
    1034 1031 1025 1025 1025 1022 1019 1013 1010 1007 1004 1001 1001 995
    992 989 987 987 984 981 978 978 975 973 967 964 964 964 964 959 959
    948 948 946 946 946 943 943 943 943 946 951 956 967 970 978 984 987
    992 995 1004 1007 1016 2883 2883 0 0 1073 1070 1067 1063 1063 1060
    1057 1050 1047 1044 1041 1041 1038 1034 1028 1028 1028 1025 1022
    1016 1013 1010 1007 1004 1001 1001 995 995 989 987 987 981 981 978
    978 975 973 967 967 964 964 964 959 956 951 948 946 946 946 943 943
    943 946 948 951 959 967 970 978 984 987 992 995 1004 1007 1013 2958
    2958 0 0 1073 1070 1070 1067 1063 1057 1054 1050 1050 1047 1044 1041
    1038 1034 1028 1028 1025 1025 1022 1016 1013 1010 1007 1004 1001
    1001 995 995 989 989 987 981 978 978 978 975 973 970 967 964 962 962
    959 954 951 948 946 946 946 943 943 943 946 948 951 962 970 970 978
    984 987 992 995 1004 1007 1010 3149 0 0 0 0 1070 1070 1067 1063 1057
    1054 1050 1050 1047 1044 1041 1038 1034 1031 1028 1025 1025 1019
    1016 1013 1013 1010 1004 1001 1001 998 995 989 989 987 981 978 978
    975 975 973 970 967 964 962 962 959 954 951 948 946 946 946 943 943
    943 946 948 954 964 970 970 978 984 989 992 998 1004 1007 1010 0 0 0
    0 0 1070 1070 1067 1063 1057 1054 1050 1050 1047 1044 1041 1038 1034
    1031 1031 1025 1025 1019 1016 1013 1013 1010 1004 1001 1001 998 995
    989 989 987 981 978 975 975 975 973 967 967 964 962 962 959 954 951
    948 946 946 943 943 940 940 943 951 956 964 970 970 981 984 989 992
    998 1004 1007 1007 0 0 0 0 1067 1067 1070 1067 1060 1057 1050 1050
    1050 1047 1044 1041 1038 1034 1031 1028 1025 1022 1019 1016 1013
    1013 1007 1004 1001 1001 998 995 992 992 987 981 978 975 975 975 970
    967 964 962 959 959 959 954 951 948 946 946 943 940 940 940 940 954
    959 964 967 970 981 984 989 995 1001 1004 1007 0 0 0 0 0 1067 1067
    1070 1067 1057 1057 1050 1050 1050 1047 1044 1041 1038 1034 1031
    1028 1025 1022 1019 1016 1016 1010 1007 1004 1001 1001 998 995 992
    992 989 984 978 975 975 975 970 967 964 962 959 959 959 954 951 948
    946 946 943 940 940 940 940 956 959 964 967 970 981 984 992 998 1001
    1004 1007 0 0 0 0 0 1070 1070 1070 1067 1057 1057 1050 1050 1050
    1047 1044 1041 1038 1034 1031 1028 1025 1022 1022 1016 1013 1010
    1007 1004 1001 1001 998 995 989 989 987 987 981 975 975 975 970 967
    964 962 962 962 959 954 954 948 948 946 943 940 940 940 943 954 959
    962 967 973 981 987 992 998 1001 1007 1013 1013 0 0 0 0 1070 1070
    1067 1063 1057 1057 1054 1050 1047 1047 1044 1041 1038 1034 1031
    1028 1025 1022 1019 1016 1013 1010 1010 1004 1001 1001 998 995 989
    987 987 984 981 975 975 975 973 967 964 964 962 962 956 954 954 948
    948 946 943 940 940 940 946 951 959 962 967 973 981 987 992 998 1001
    1007 1013 0 0 0 0 0 1070 1070 1067 1063 1060 1057 1054 1050 1047
    1047 1044 1041 1038 1034 1031 1028 1025 1022 1019 1016 1013 1010
    1010 1004 1004 1001 998 995 989 987 987 984 981 975 975 975 973 967
    967 964 959 959 956 954 951 948 948 946 943 943 943 943 946 951 959
    964 967 973 981 987 992 998 1004 1007 1013 0 0 0 0 0 1070 1070 1067
    1060 1060 1057 1054 1050 1047 1047 1041 1038 1038 1034 1031 1025
    1022 1022 1019 1016 1013 1010 1007 1007 1001 1001 998 995 992 989
    987 984 981 975 975 973 970 967 964 964 959 959 954 951 951 948 948
    946 943 943 943 943 948 954 959 964 967 973 981 984 992 998 1004
    1007 1010 0 0 0 0 0 1070 1067 1063 1060 1060 1057 1054 1050 1047
    1047 1041 1038 1038 1034 1031 1025 1022 1022 1019 1013 1013 1010
    1007 1007 1001 1001 998 995 992 987 987 984 981 978 975 973 970 967
    964 962 959 959 954 951 951 948 948 946 943 943 943 943 948 954 959
    964 970 975 981 984 992 998 1004 1007 1010 0 0 0 0 0 1070 1067 1063
    1060 1060 1057 1054 1050 1047 1047 1041 1038 1038 1034 1034 1025
    1025 1022 1016 1013 1013 1010 1007 1004 1004 1001 998 995 992 987
    987 981 978 978 975 973 970 967 964 962 959 959 956 951 951 948 946
    946 943 943 943 943 948 954 959 964 970 978 981 987 992 998 1004
