<?xml version="1.0"?>
<opencv_storage>
<Depth8267 type_id="opencv-matrix">
  <rows>6</rows>
  <cols>34</cols>
  <dt>w</dt>
  <data>
    5640 5640 5640 5640 5734 5734 5832 5734 5734 5832 5734 5640 5640
    5548 5548 5734 5734 5734 5734 5734 5734 5734 5734 5933 5933 5832
    5832 5832 5832 5832 5832 5832 5832 5933 5640 5640 5640 5640 5734
    5734 5734 5734 5734 5832 5734 5640 5640 5548 5548 5734 5734 5734
    5734 5734 5734 5734 5734 5832 5832 5832 5832 5832 5832 5832 5832
    5832 5832 5933 5640 5640 5640 5734 5734 5734 5734 5734 5832 5832
    5734 5640 5640 5640 5640 5734 5832 5832 5734 5734 5734 5734 5734
    5832 5832 5832 5832 5832 5832 5832 5832 5832 5832 5933 5640 5640
    5734 5734 5734 5640 5640 5734 5734 5832 5734 5734 5640 5640 5734
    5734 5832 5832 5734 5734 5734 5734 5734 5832 5832 5832 5832 5832
    5832 5933 5933 5832 5832 5832 5640 5640 5734 5734 5734 5640 5640
    5734 5734 5734 5734 5734 5734 5734 5734 5832 5933 5933 5832 5640
    5548 5548 5640 5832 5832 5832 5832 5832 5832 5933 5933 5832 5832
    5832 5640 5640 5548 5548 5548 5640 5548 5548 5734 5734 5734 5734
    5734 5734 5734 0 0 0 5832 5640 5548 5548 5640 5832 5933 5933 5933
    5933 5933 0 0 0 5291 5291</data></Depth8267>
</opencv_storage>
