<?xml version="1.0"?>
<opencv_storage>
<Depth15388 type_id="opencv-matrix">
  <rows>45</rows>
  <cols>35</cols>
  <dt>w</dt>
  <data>
    4582 2184 2184 2184 2184 2184 2184 2184 4774 2170 2170 2184 2184
    2184 2198 2198 2198 2156 2156 2170 2184 2212 2198 2198 2184 2184
    2184 2198 2198 2212 5132 5132 5132 5210 5210 2198 2184 2184 2184
    2184 2184 2184 2184 2184 2170 2170 2184 2184 2184 2170 2170 2170
    2170 2170 2170 2184 2184 2184 2184 2184 2184 2184 2198 2198 2212
    2212 5210 5210 5210 5291 2198 2198 2198 2184 2184 2170 2170 2184
    2184 2184 2184 2184 2184 2184 2170 2170 2170 2184 2184 2184 2184
    2184 2184 2184 2184 2184 2184 2184 2198 2212 2256 2256 5210 5210
    5291 2198 2198 2184 2184 2184 2170 2170 2184 2184 2184 2184 2184
    2184 2170 2170 2170 2184 2184 2184 2184 2184 2198 2184 2184 2184
    2184 2184 2184 2198 2212 2256 2256 5132 5132 5291 2198 2198 2184
    2184 2184 2170 2170 2184 2184 2184 2184 2184 2184 2170 2170 2170
    2184 2198 2184 2184 2198 2198 2184 2184 2184 2184 2184 2184 2184
    2198 2212 2212 5132 5132 5291 2198 2198 2198 2184 2184 2184 2184
    2184 2170 2170 2170 2184 2184 2170 2170 2170 2170 2198 2198 2198
    2198 2198 2184 2184 2184 2184 2184 2184 2184 2198 2212 2212 5374
    5374 5374 2198 2198 2184 2184 2184 2184 2170 2170 2170 2170 2170
    2184 2184 2170 2170 2170 2170 2184 2198 2198 2198 2198 2184 2184
    2184 2184 2184 2198 2198 2212 2212 2212 5291 5291 5291 2212 2184
    2184 2184 2184 2184 2170 2170 2170 2170 2184 2184 2184 2184 2170
    2170 2170 2184 2184 2184 2198 2198 2198 2184 2184 2184 2184 2184
    2184 2212 2212 2241 2241 5291 5291 2212 2170 2170 2184 2184 2184
    2184 2170 2170 2170 2184 2184 2184 2184 2184 2184 2184 2184 2184
    2184 2198 2198 2198 2198 2198 2184 2184 2184 2184 2212 2226 2241
    2241 5291 5291 2170 2170 2170 2184 2184 2184 2184 2184 2184 2184
    2184 2184 2184 2184 2184 2184 2184 2198 2198 2198 2198 2198 2198
    2198 2198 2184 2184 2184 2184 2212 2241 2256 2256 5374 5291 2170
    2170 2184 2184 2184 2184 2184 2184 2184 2184 2184 2184 2184 2184
    2184 2184 2184 2198 2198 2198 2198 2198 2198 2198 2198 2170 2170
    2184 2184 2212 2241 2256 2256 5374 5291 2170 2170 2184 2184 2198
    2184 2184 2184 2184 2184 2184 2184 2184 2184 2184 2184 2184 2198
    2198 2198 2198 2184 2184 2184 2198 2170 2170 2184 2184 2212 2241
    2256 2256 5374 5291 2184 2184 2198 2184 2184 2184 2184 2184 2184
    2184 2184 2184 2184 2184 2184 2184 2184 2198 2198 2198 2198 2184
    2184 2184 2198 2198 2184 2184 2184 2212 2241 2256 2256 2256 5210
    2198 2198 2198 2184 2184 2184 2184 2184 2184 2184 2184 2184 2184
    2184 2198 2184 2184 2198 2198 2198 2198 2198 2198 2198 2198 2198
    2198 2198 2198 2212 2226 2241 2256 2256 5210 2198 2198 2198 2184
    2184 2184 2184 2184 2184 2184 2184 2184 2184 2198 2198 2184 2184
    2198 2198 2198 2198 2198 2198 2198 2198 2198 2198 2198 2198 2212
    2226 2241 2256 2256 5210 2198 2198 2198 2184 2184 2184 2184 2184
    2184 2184 2184 2184 2184 2184 2184 2184 2184 2198 2198 2198 2198
    2198 2198 2198 2198 2198 2198 2198 2198 2198 2226 2241 2256 2256
    5291 2184 2184 2184 2170 2170 2184 2184 2184 2184 2184 2184 2184
    2184 2184 2184 2184 2184 2198 2198 2198 2198 2198 2198 2198 2198
    2198 2198 2198 2198 2198 2226 2241 2256 2256 5291 2184 2184 2184
    2170 2170 2184 2184 2184 2184 2184 2184 2184 2184 2184 2184 2184
    2184 2198 2198 2198 2198 2198 2198 2198 2198 2198 2198 2198 2198
    2198 2212 2241 2256 2256 5210 2212 2212 2198 2184 2184 2184 2184
    2184 2184 2184 2170 2170 2170 2184 2184 2184 2184 2198 2198 2198
    2198 2198 2198 2198 2198 2198 2198 2198 2198 2198 2212 2241 2256
    2256 5210 2212 2212 2198 2184 2184 2184 2184 2184 2184 2184 2170
    2170 2170 2170 2170 2184 2184 2198 2198 2198 2198 2198 2198 2198
    2198 2184 2184 2198 2198 2198 2212 2241 2256 5460 5374 2198 2198
    2198 2198 2184 2184 2184 2184 2184 2184 2170 2170 2170 2170 2170
    2184 2184 2198 2198 2198 2198 2198 2198 2198 2198 2184 2184 2198
    2198 2198 2226 2226 2226 5460 5374 2198 2198 2198 2184 2184 2184
    2184 2184 2184 2184 2170 2170 2184 2184 2184 2184 2184 2198 2198
    2198 2198 2198 2198 2198 2198 2198 2198 2198 2198 2198 2212 2226
    2241 5460 5374 4463 2198 2184 2184 2184 2184 2184 2184 2184 2184
    2184 2184 2184 2184 2184 2184 2184 2198 2198 2184 2184 2184 2198
    2198 2198 2198 2198 2198 2198 2198 2212 2226 2241 5640 5291 4463
    2198 2184 2184 2184 2184 2184 2184 2184 2184 2184 2184 2184 2184
    2184 2184 2184 2198 2198 2184 2184 2184 2198 2198 2198 2198 2198
    2198 2198 2198 2212 2226 2256 2256 5291 4463 2184 2184 2184 2184
    2184 2184 2184 2184 2184 2184 2184 2184 2184 2184 2184 2198 2198
    2198 2184 2184 2184 2198 2198 2198 2198 2198 2198 2198 2198 2198
    2212 2226 2226 5291 4463 2184 2184 2184 2184 2184 2184 2184 2184
    2184 2184 2184 2184 2184 2184 2184 2184 2198 2198 2198 2198 2198
    2198 2198 2198 2198 2184 2184 2198 2198 2198 2212 2226 2226 5291
    4463 2184 2184 2184 2184 2184 2184 2184 2184 2184 2184 2184 2184
    2184 2184 2184 2184 2198 2198 2198 2198 2198 2198 2198 2198 2198
    2184 2184 2198 2198 2212 2226 2241 2241 5291 4463 2184 2184 2184
    2184 2184 2184 2184 2184 2184 2184 2184 2184 2184 2198 2198 2198
    2198 2198 2212 2212 2198 2198 2198 2198 2198 2198 2198 2198 2198
    2212 2226 2241 2241 5210 2212 2198 2198 2198 2184 2184 2184 2184
    2184 2184 2184 2184 2184 2198 2198 2198 2198 2198 2198 2198 2198
    2198 2198 2198 2198 2198 2198 2198 2198 2198 2212 2226 2241 2241
    5210 2212 2198 2198 2184 2184 2184 2184 2184 2184 2184 2184 2184
    2184 2184 2198 2198 2198 2198 2198 2198 2198 2198 2198 2198 2198
    2198 2198 2198 2198 2198 2198 2226 2241 2271 2271 4522 2198 2198
    2184 2184 2198 2184 2184 2184 2184 2184 2184 2184 2184 2198 2198
    2198 2198 2198 2198 2198 2198 2198 2198 2198 2198 2198 2198 2198
    2198 2198 2226 2226 2256 2256 4582 2226 2226 2184 2184 2184 2184
    2184 2184 2184 2184 2184 2184 2184 2184 2198 2198 2198 2198 2198
    2198 2198 2198 2198 2198 2198 2198 2198 2198 2198 2198 2226 2226
    2256 2256 4522 2226 2226 2184 2184 2184 2184 2184 2184 2184 2184
    2184 2184 2184 2184 2184 2198 2198 2198 2198 2198 2198 2198 2198
    2198 2198 2198 2198 2198 2198 2198 2212 2226 2226 2226 4463 2198
    2198 2184 2184 2184 2184 2184 2184 2184 2184 2184 2184 2184 2184
    2184 2198 2198 2198 2198 2198 2212 2198 2198 2198 2198 2198 2198
    2198 2198 2198 2212 2212 2212 2212 4774 4774 2198 2184 2184 2184
    2184 2184 2184 2184 2184 2184 2184 2184 2198 2198 2198 2198 2198
    2198 2212 2212 2212 2212 2198 2198 2198 2198 2198 2198 2198 2198
    2198 2198 2198 4708 4708 2184 2184 2198 2198 2184 2184 2184 2184
    2184 2184 2184 2184 2184 2184 2184 2198 2198 2198 2212 2212 2212
    2212 2198 2198 2198 2198 2198 2198 2198 2198 2198 2198 2198 4645
    4645 2184 2184 2198 2198 2184 2184 2184 2198 2198 2198 2184 2184
    2184 2184 2184 2198 2198 2212 2212 2212 2212 2212 2198 2198 2198
    2198 2198 2198 2198 2198 2212 2212 2212 4582 4582 2198 2198 2198
    2198 2184 2184 2184 2184 2198 2184 2184 2184 2184 2184 2184 2212
    2212 2212 2212 2212 2212 2212 2198 2198 2198 2198 2198 2198 2198
    2212 2212 2212 2212 4522 4522 2198 2198 2198 2198 2184 2184 2184
    2184 2198 2184 2184 2184 2184 2184 2184 2198 2198 2212 2212 2198
    2198 2212 2198 2198 2198 2198 2198 2198 2198 2212 2212 2226 2241
    4522 4522 2198 2198 2198 2184 2184 2184 2184 2184 2198 2184 2184
    2184 2184 2184 2184 2198 2198 2212 2212 2198 2198 2212 2212 2212
    2212 2212 2198 2198 2198 2198 2212 2226 2241 4522 2198 2198 2198
    2198 2184 2184 2184 2184 2184 2184 2184 2184 2184 2184 2184 2184
    2198 2198 2212 2212 2212 2212 2212 2212 2212 2212 2198 2198 2198
    2198 2198 2212 2226 2256 4522 2184 2184 2184 2184 2198 2184 2184
    2184 2184 2184 2184 2184 2184 2184 2184 2184 2198 2198 2212 2212
    2212 2212 2212 2212 2212 2212 2198 2198 2198 2198 2198 2212 2241
    2271 4522 2184 2184 2184 2184 2184 2184 2184 2184 2184 2184 2184
