<?xml version="1.0"?>
<opencv_storage>
<Depth10597 type_id="opencv-matrix">
  <rows>123</rows>
  <cols>63</cols>
  <dt>w</dt>
  <data>
    2598 2598 2598 2579 2579 2579 2598 2598 2579 2579 2579 2579 2560
    2560 2560 2560 2579 2598 2618 2639 946 943 943 943 943 948 948 2789
    2789 2835 2835 2835 2835 2835 3576 3576 3576 3576 1001 1025 3816
    3816 3816 3816 3816 3859 3859 3948 1108 1108 1108 1108 1108 1112
    1112 3903 3903 3903 3903 3903 3903 3903 3903 2598 2598 2598 2598
    2598 2598 2598 2579 2579 2579 2579 2579 2560 2560 2560 2560 2579
    2598 2618 2618 946 943 943 946 946 946 946 948 948 956 2835 2835
    2835 2835 3576 3576 3576 1001 1001 1025 1025 1025 1028 1041 1041
    1050 1050 1073 1073 1101 1101 1108 1108 1112 1112 1112 1112 3903
    3903 3903 3903 3903 3903 2598 2598 2598 2598 2598 2598 2579 2579
    2579 2579 2579 2579 2560 2560 2560 2560 2579 2598 2618 946 943 943
    943 943 943 943 943 946 951 956 956 954 954 3576 3576 3576 1001 1001
    1001 1001 1016 1016 1028 1041 1041 1047 1063 1070 1070 1084 1090
    1105 1108 1112 1112 1112 0 3948 3948 3948 3948 3948 3948 2618 2598
    2598 2598 2598 2598 2579 2560 2560 2579 2579 2579 2560 2560 2560
    2560 2579 2598 2618 943 943 943 943 940 940 940 940 940 943 948 948
    954 954 973 973 984 992 998 998 1001 1010 1016 1028 1038 1038 1044
    1060 1067 1067 1077 1090 1097 1108 1108 1112 1112 0 0 3948 3948 3948
    3948 3948 2618 2598 2598 2579 2579 2579 2560 2541 989 989 2560 2541
    956 951 946 946 943 943 940 940 940 938 938 938 938 938 938 938 940
    946 948 954 967 967 970 981 992 998 998 1001 1007 1019 1028 1034
    1034 1041 1060 1067 1067 1077 1090 1094 1108 1108 1115 1115 0 0 3948
    3948 3948 3948 3948 2618 2598 2598 2579 2560 975 975 973 970 967 962
    959 956 951 946 946 943 943 940 940 938 935 935 935 935 935 935 935
    938 940 946 951 964 964 970 978 989 992 998 998 1007 1019 1028 1034
    1034 1041 1063 1067 1070 1077 1090 1094 1105 1108 1115 0 0 0 3948
    3948 3948 3948 3948 2618 978 978 978 975 975 975 970 967 964 962 959
    956 954 948 946 943 943 943 940 938 935 935 935 935 933 933 935 935
    938 943 948 964 964 970 978 989 992 998 998 1007 1022 1028 1034 1034
    1041 1067 1067 1070 1077 1090 1094 1105 1108 1108 0 0 0 0 3903 3903
    3948 3948 981 978 978 975 975 975 973 967 967 964 962 959 956 954
    948 946 946 943 943 940 935 935 935 935 935 930 930 933 935 938 943
    948 964 964 973 978 984 989 992 998 1010 1025 1028 1034 1034 1060
    1067 1067 1070 1077 1090 1094 1101 1108 1108 0 0 0 3903 3903 3903
    3903 3903 981 978 978 975 975 975 973 967 967 964 962 959 956 954
    951 948 946 943 943 940 935 935 935 935 935 930 930 933 935 935 943
    951 962 964 973 978 981 987 992 1016 1016 1025 1028 1031 1031 1060
    1063 1067 1070 1077 1090 1094 1101 1105 1108 0 0 0 3903 3859 3859
    3903 3903 981 981 978 978 975 975 973 967 967 964 962 959 956 954
    951 948 946 946 943 940 935 935 935 935 935 930 930 930 935 935 943
    956 962 970 970 975 981 984 992 1016 1016 1025 1028 1031 1031 1047
    1060 1067 1067 1077 1087 1094 1101 1105 0 0 0 0 3903 3859 3859 3903
    3903 987 981 978 978 978 975 973 970 967 967 964 962 956 954 954 948
    946 946 943 943 938 938 938 935 935 930 930 930 935 935 943 956 962
    967 967 973 981 984 992 1010 1016 1022 1028 1031 1031 1044 1060 1067
    1067 1080 1087 1094 1101 1105 0 0 0 0 3859 3859 3903 3903 3948 978
    978 978 978 978 975 973 970 967 967 964 962 956 956 954 951 946 946
    943 943 940 938 938 938 933 930 930 930 935 938 943 956 959 967 967
    973 981 987 992 995 1013 1019 1025 1031 1031 1041 1060 1063 1067
    1077 1087 1094 1101 1105 1105 0 0 0 3859 3859 3903 3948 3948 978 978
    978 978 978 975 973 970 967 967 964 959 956 956 954 951 948 946 946
    943 943 943 940 938 933 933 933 933 935 940 946 954 959 967 967 978
    984 989 995 995 1010 1016 1025 1031 1031 1041 1060 1063 1070 1077
    1084 1094 1101 1105 1105 1105 0 3948 3948 3948 3948 3994 3994 978
    978 978 978 978 975 975 973 967 967 964 959 956 956 954 951 948 946
    946 943 943 940 940 938 933 933 933 933 940 940 946 954 959 967 967
    975 984 989 995 995 1010 1016 1025 1031 1038 1041 1060 1063 1067
    1077 1084 1094 1101 1105 1105 1105 0 0 0 3948 3948 3948 3948 978 978
    978 978 978 975 975 973 967 967 964 959 956 956 954 951 948 946 946
    943 943 940 940 938 938 933 933 933 938 938 951 954 959 967 967 975
    981 989 995 995 1010 1016 1025 1031 1034 1041 1060 1067 1067 1077
    1080 1094 1101 1105 1108 0 0 0 0 3948 3948 3948 3948 981 981 981 978
    978 975 975 973 967 967 964 962 956 956 954 951 948 946 946 943 943
    940 940 938 935 933 933 933 938 938 951 954 959 967 967 973 981 989
    992 998 1007 1013 1025 1031 1034 1041 1054 1067 1067 1077 1080 1090
    1101 1105 1108 1108 1112 0 3948 3948 3948 3948 3948 0 981 981 981
    978 978 975 973 967 967 964 962 959 956 954 951 951 948 946 946 943
    940 940 938 935 933 933 933 935 935 951 954 959 962 967 973 981 989
    992 998 1007 1013 1025 1031 1034 1041 1047 1067 1070 1077 1080 1090
    1101 1105 1108 1112 0 0 0 3948 3948 3948 3948 0 978 978 981 978 978
    975 973 967 967 964 962 959 956 956 954 954 948 946 946 943 940 940
    938 938 933 933 933 935 935 951 954 959 962 967 973 981 987 992 998
    1007 1013 1019 1031 1038 1041 1047 1060 1067 1073 1080 1090 1094
    1105 1108 1112 0 0 0 3948 3948 3948 3948 0 978 978 984 978 978 975
    973 970 967 967 962 959 956 954 954 954 948 946 946 943 940 940 938
    938 933 933 933 935 935 948 954 959 962 967 978 981 987 992 998 1007
    1013 1019 1031 1038 1041 1050 1060 1067 1073 1080 1087 1094 1105
    1108 1112 0 0 0 3994 3994 3994 3994 0 981 981 981 978 978 975 973
    970 967 967 964 962 959 954 954 954 948 948 946 943 943 943 940 938
    933 933 933 935 935 948 954 959 962 967 978 981 987 992 995 1007
    1016 1019 1028 1038 1041 1050 1060 1067 1073 1080 1087 1094 1105
    1108 1112 0 0 0 0 3994 3994 3994 0 0 978 978 978 978 975 973 973 970
    967 964 962 959 956 956 954 948 948 946 943 940 940 940 938 938 933
    933 935 940 946 954 956 962 967 975 981 987 989 992 1007 1013 1022
    1025 1034 1041 1047 1060 1067 1077 1080 1084 1094 1105 1112 1112 0 0
    0 3994 3994 3994 3994 0 0 978 978 978 978 975 975 973 970 967 967
    962 959 956 956 954 951 948 946 943 940 940 940 940 938 935 935 935
    940 946 951 956 959 964 973 981 987 989 992 1007 1013 1022 1025 1034
    1038 1047 1057 1070 1077 1080 1084 1094 1105 1108 1112 0 0 0 3994
    3994 3994 3994 0 0 0 981 978 978 975 973 973 970 967 967 967 956 956
    954 954 951 948 946 943 940 940 940 940 938 935 935 935 938 946 951
    956 959 962 970 981 987 992 995 1004 1013 1022 1025 1031 1038 1047
    1057 1067 1073 1077 1084 1094 1105 1108 1112 1112 0 0 0 3994 3994
    3994 0 0 0 981 978 978 975 973 973 970 967 967 962 956 956 954 954
    951 948 946 943 940 940 940 940 938 935 935 935 938 943 948 954 959
    962 970 981 984 989 995 1004 1013 1019 1025 1031 1038 1044 1057 1067
    1070 1077 1080 1090 1105 1108 1112 0 0 0 0 4041 3994 3994 0 0 0 981
    978 978 978 975 973 970 967 967 962 959 956 956 954 954 951 946 946
    943 943 940 940 938 935 935 935 938 943 948 954 959 962 973 978 984
    989 995 1004 1013 1019 1022 1028 1038 1044 1060 1067 1070 1077 1080
    1090 1105 1108 1112 0 0 0 0 4041 3994 3994 0 0 984 984 981 978 978
    975 975 970 967 967 962 959 956 956 954 954 951 946 946 943 943 940
    940 940 938 935 935 938 943 948 954 959 962 973 978 984 989 992 1001
    1010 1019 1022 1028 1038 1044 1057 1063 1070 1077 1080 1094 1101
    1108 1108 0 0 0 0 4041 3994 3994 0 0 984 984 981 981 978 975 975 970
    967 967 962 959 956 956 954 954 948 946 946 946 946 946 940 940 938
    938 938 938 943 948 954 956 964 970 978 981 987 989 998 1010 1022
    1022 1028 1038 1041 1057 1063 1070 1077 1080 1094 1101 1108 1108
    1112 0 0 0 4041 3994 3994 0 0 984 984 981 981 978 978 975 973 970
    967 964 959 956 956 954 954 948 946 946 943 943 943 938 938 938 938
