<?xml version="1.0"?>
<opencv_storage>
<Depth6116 type_id="opencv-matrix">
  <rows>123</rows>
  <cols>75</cols>
  <dt>w</dt>
  <data>
    4241 4241 4295 4241 4241 4241 4241 4190 4190 4190 4241 4241 4241
    4241 4241 4241 4241 4190 4190 4190 4190 4190 4190 4190 4190 4139
    4089 4089 4089 4089 4089 4041 4041 4089 4089 4089 4041 4041 4041
    4041 4041 4041 4041 835 829 827 823 821 821 821 821 823 827 829 829
    829 3994 3994 3994 3994 3816 3816 3816 3859 3859 3859 3859 3816 3816
    3816 3816 3859 3859 3859 3859 4241 4241 4241 4241 4241 4190 4190
    4139 4139 4139 4190 4190 4190 4241 4241 4190 4190 4241 4190 4190
    4190 4190 4190 4190 4139 4089 4089 4089 4089 4089 4089 4089 4089
    4089 4089 4089 4041 4041 4041 4041 4041 4041 4041 833 829 827 823
    821 821 821 821 823 825 827 827 827 827 827 827 827 3859 3859 3859
    3859 3859 3816 3816 3816 3816 3816 3816 3859 3859 3859 3859 4241
    4241 4241 4241 4190 4190 4139 4139 4139 4139 4190 4190 4190 4241
    4241 4190 4190 4190 4190 4190 4190 4190 4190 4139 4139 4089 4041
    4041 4089 4089 4089 4041 4041 4041 4041 4041 4041 4041 4041 4041
    4041 4041 4041 833 829 827 823 821 821 821 821 821 825 827 827 827
    827 827 827 831 0 3859 3859 3859 867 867 867 3816 3816 3816 3859
    3859 3859 3859 3859 4241 4241 4241 4190 4190 4139 4139 4089 4089
    4139 4190 4190 4190 4241 4241 4190 4190 4190 4190 4190 4190 4190
    4190 4139 4139 4089 4041 4041 4089 4089 4089 4041 4041 4041 871 869
    869 860 856 856 854 847 843 835 831 829 825 821 821 821 821 821 823
    825 827 827 827 827 831 831 835 837 837 867 867 867 864 864 3816
    3816 3859 3859 3859 3859 3859 4241 4241 4190 4190 4190 4139 4139
    4089 4089 4139 4190 4190 4190 4241 4241 4190 4190 4190 4190 4190
    4190 4190 4190 4139 4139 4089 4089 4089 4089 4139 4041 4041 889 878
    871 869 864 860 856 856 851 847 843 837 835 829 825 821 821 821 821
    821 821 823 825 827 827 827 831 833 835 837 837 847 864 864 862 860
    860 3816 3903 3903 0 3859 3859 4241 4241 4190 4190 4190 4190 4139
    4139 4139 4139 4190 4190 4241 4241 4241 4241 4190 4190 4190 4190
    4190 4190 4190 4139 4139 4139 4139 4139 4139 4139 4041 4041 889 878
    873 869 864 860 856 854 851 845 843 837 835 831 825 821 821 819 819
    821 821 823 825 827 827 829 831 833 835 835 837 843 860 860 862 858
    856 856 856 854 0 0 0 4295 4241 4190 4190 4190 4139 4139 4139 4139
    4139 4190 4241 4241 4241 4241 4190 4190 4190 4190 4190 4190 4190
    4190 4139 4139 4139 4139 4139 4139 4139 898 894 889 887 875 871 864
    860 856 854 847 843 837 835 833 831 823 821 819 819 819 819 821 821
    823 827 827 829 831 833 833 835 837 839 841 860 860 858 856 854 854
    854 854 854 3903 4295 4241 4190 4190 4190 4139 4139 4139 4139 4139
    4139 4241 4241 4241 4190 4190 4190 4190 4190 4190 4190 4139 4139
    4139 946 946 4089 4139 4139 4139 898 894 889 887 875 871 864 860 856
    851 845 843 837 833 831 827 821 819 819 819 819 819 819 821 821 825
    827 829 831 831 833 835 837 839 839 839 860 858 854 854 854 854 854
    0 0 4295 4295 4190 4190 4190 4139 4139 4089 4089 4089 4139 4190 4241
    4241 4190 4190 4190 4190 4190 4139 4139 4139 4089 4089 946 946 4089
    913 908 903 898 896 891 887 875 869 864 860 856 851 845 843 835 831
    827 825 819 819 817 817 817 819 819 821 821 823 825 829 829 831 831
    833 837 839 839 839 845 856 854 851 851 854 854 856 0 4295 4241 4241
    4190 4190 4139 4139 4089 4089 4089 4139 4190 4190 4241 4190 4190
    4190 4190 4190 4139 4139 4139 4089 4089 938 923 920 913 908 903 898
    898 891 887 873 867 864 860 858 851 845 843 835 831 827 823 819 817
    815 815 817 817 819 821 821 823 825 827 829 831 831 833 835 839 839
    841 845 845 849 849 851 851 854 856 0 4241 4241 4241 4241 4190 4190
    4190 4089 4089 4089 4139 4190 4190 4190 4190 4190 4190 4190 4190
    4190 4190 4139 4139 938 930 923 920 915 908 903 898 898 894 878 871
    867 864 860 858 851 845 843 835 831 827 821 815 815 815 815 815 817
    819 821 821 821 823 827 829 829 831 833 835 839 839 841 843 843 845
    847 851 851 854 856 856 4241 4241 4241 4241 4190 4190 4190 4139 4139
    4139 4139 4190 4190 4190 4190 4190 4190 4190 4139 4139 4190 4190 943
    938 930 925 920 915 908 906 901 898 894 878 871 867 864 860 858 851
    845 841 835 831 827 821 815 815 813 813 815 815 817 821 821 821 821
    827 829 829 833 835 835 839 839 841 843 843 845 847 851 851 854 854
    854 4241 4241 4241 4241 4190 4190 4190 4190 4190 4190 4190 4190 4190
    4190 4190 4190 4190 970 970 4139 956 948 943 940 930 925 920 915 908
    906 901 896 894 875 871 867 864 860 858 854 847 841 835 831 827 821
    815 813 813 813 813 815 817 819 821 821 821 827 829 829 833 835 835
    839 839 841 841 841 845 847 851 851 854 854 854 4241 4241 4241 4241
    4190 4190 4190 4190 4241 4190 4190 4190 4190 4190 4190 4190 970 970
    967 962 956 948 946 940 930 925 920 915 908 906 901 896 889 875 871
    867 864 860 856 851 845 839 835 831 827 821 815 813 813 813 813 813
    817 819 821 821 823 827 827 829 831 833 835 837 839 839 841 841 843
    845 849 851 851 854 854 4241 4241 4241 4241 4190 4190 4190 4190 4190
    4241 4241 4190 4190 4190 1001 987 970 970 967 962 956 951 946 940
    930 925 920 913 908 903 898 891 887 875 871 869 864 860 854 851 845
    839 835 831 827 821 817 813 813 811 811 813 815 817 821 821 823 825
    827 829 829 831 833 837 839 839 841 841 843 845 847 849 851 851 851
    4241 4241 4241 4241 4190 4190 4190 4190 4190 4241 4241 4241 4241
    1001 992 987 973 970 967 962 956 951 946 940 928 923 915 910 908 903
    896 889 880 873 871 869 867 860 854 849 845 837 833 829 827 823 817
    813 811 811 811 813 815 817 819 819 821 825 827 829 829 829 831 835
    837 839 841 843 845 845 847 849 851 851 851 4241 4241 4241 4241 4190
    4190 4190 4190 4190 4241 4241 1013 1004 998 992 989 978 970 964 959
    956 951 946 930 925 918 910 908 906 903 894 887 880 873 871 869 864
    856 851 847 845 835 831 829 827 823 815 813 811 811 811 811 813 815
    817 819 821 825 827 827 829 829 831 833 837 839 841 843 843 843 845
    847 849 851 851 4241 4241 4241 4241 4190 4190 4190 4190 4190 1022
    1019 1013 1004 998 992 989 973 967 964 959 956 948 943 930 925 918
    910 908 906 901 891 887 880 875 871 867 862 856 851 847 841 833 829
    827 825 821 813 811 809 809 811 811 813 815 815 817 821 823 827 827
    829 829 831 833 837 839 841 841 843 843 845 847 849 851 851 4241
    4241 4241 4241 4241 4190 4190 4190 1028 1022 1019 1013 1010 992 989
    981 973 967 964 956 951 943 933 928 925 918 910 908 906 901 891 887
    880 875 871 864 860 854 849 847 839 833 829 827 823 817 813 811 809
    809 811 811 813 815 815 817 821 823 825 827 829 829 829 833 837 837
    839 841 843 843 843 845 849 851 851 4241 4241 4241 4241 4241 4241
    4241 4241 1025 1022 1019 1016 1010 992 987 975 970 964 962 956 948
    940 933 928 925 918 913 908 903 898 891 887 878 875 869 864 860 854
    849 845 837 831 829 825 819 815 811 809 809 809 811 811 813 813 815
    819 821 823 823 827 829 829 829 833 835 837 839 839 841 841 843 843
    847 851 854 4241 4241 4241 4241 4241 4295 4295 1022 1022 1019 1019
    1013 1010 992 981 973 970 964 962 956 948 940 933 928 923 920 915
    908 903 898 891 882 878 873 869 864 858 854 847 843 835 831 829 825
    819 813 811 809 809 809 809 811 813 813 815 819 821 821 823 823 827
    829 829 833 835 837 837 839 839 841 841 843 847 849 851 4241 4241
    4241 4241 4241 4241 1022 1022 1019 1019 1016 1013 1007 989 981 973
    970 967 962 956 948 940 933 928 923 920 915 908 903 898 894 880 878
    873 869 862 858 851 847 843 835 831 827 823 819 813 811 807 807 807
    809 811 811 813 813 817 819 821 823 823 825 827 829 831 835 835 837
    839 839 841 841 843 845 847 849 4241 4241 4241 4241 4241 1019 0 1019
    1019 1016 1013 1007 1004 989 981 973 970 967 959 956 948 940 930 925
    920 918 913 908 901 896 891 880 875 873 869 862 856 851 845 837 833
    829 827 823 817 813 809 807 805 805 807 809 809 813 813 817 819 821
