<?xml version="1.0"?>
<opencv_storage>
<Depth13676 type_id="opencv-matrix">
  <rows>9</rows>
  <cols>27</cols>
  <dt>w</dt>
  <data>
    3948 3948 3903 3903 3859 3859 3859 3859 3859 3816 3774 3774 3774
    3774 3774 3732 3732 3732 3732 3774 3774 3774 3774 3732 3692 3692
    3692 3948 3859 3859 3903 3859 3859 3859 3859 3859 3816 3774 3774
    3774 3774 3774 3732 3732 3732 3732 3732 3732 3774 3732 3732 3692
    3692 3614 3994 3774 3774 3816 3859 3859 3859 3859 3859 3816 3774
    3774 3774 3774 3774 3774 3732 3732 3732 3732 3732 3774 3732 3732
    3732 3653 3614 0 3774 3774 3816 3816 3816 3859 3859 3859 3774 3774
    3816 3774 3774 3774 3774 3774 3774 3774 3774 3774 3774 3774 3732
    3732 3653 3653 0 3774 3774 3732 3732 3774 3859 3859 3859 3774 3774
    3816 3774 3774 3774 3774 3774 3774 3774 3774 3816 3774 3774 3732
    3692 3692 3653 0 0 3653 3653 3614 3614 3859 3859 3859 3774 3774 3816
    3816 3774 3774 3774 3774 3816 3816 3816 3816 3732 3732 3692 3692
    3653 3653 0 3653 3653 3653 3614 3614 3614 3614 3774 3774 3774 3816
    3816 3816 3816 3859 3859 3859 3859 3859 3816 3732 3692 3692 3653
    3653 3653 0 0 3653 3653 3614 3614 3614 2541 2560 2579 2639 2639 2639
    2639 3859 3859 3859 3859 3859 3859 3816 3653 3653 3653 3653 3653
    3653 2560 2560 2560 2560 2541 2541 2541 2541 2560 2579 2598 2618
    2639 2639 3859 3859 3859 3816 3816 3859 3859 3653 3653 3653 3653
    3653 3653</data></Depth13676>
</opencv_storage>
