<?xml version="1.0"?>
<opencv_storage>
<Depth6249 type_id="opencv-matrix">
  <rows>105</rows>
  <cols>74</cols>
  <dt>w</dt>
  <data>
    4522 4582 4582 4582 4582 4582 4582 4582 4582 4582 4645 4645 4708
    4708 4645 4645 4645 4708 4708 4774 4774 4774 4774 4774 4774 995 995
    995 4842 4842 4842 4842 4842 4842 0 4983 4983 4983 4983 4983 4983
    5056 5056 5056 5056 5056 5056 5056 5132 5056 5056 5132 5056 5056
    4983 4983 4983 5210 5210 5210 5291 0 0 0 0 0 0 0 0 0 0 0 0 0 4522
    4522 4582 4582 4582 4582 4582 4582 4582 4582 4582 4645 4645 4708
    4645 4645 4645 4708 4708 4774 4774 4708 4708 4774 4842 984 984 987
    987 4842 4842 4842 989 0 0 0 4983 4983 4983 4983 4983 4983 4983 5056
    5056 5056 5056 5132 5132 5056 5056 5056 5056 5056 5132 4983 4983
    5132 5210 5210 5210 5210 0 0 0 0 0 0 0 0 0 0 0 0 4522 4522 4522 4582
    4582 4582 4582 4582 4582 4582 4582 4645 4645 4645 4645 4645 4645
    4774 4774 4774 4708 4708 4708 4774 978 978 981 981 981 984 987 989
    989 989 0 0 4983 4983 4983 4983 4911 4911 4983 5056 5056 5056 5056
    5132 5132 5056 5056 5056 5056 5056 5132 5056 5056 5132 5210 5210
    5210 5210 5210 5210 5210 5291 0 0 0 0 0 0 0 0 4463 4522 4522 4522
    4582 4582 4582 4582 4582 4582 4582 4645 4645 4645 4645 4645 4645
    4774 4774 4774 4708 987 984 981 978 978 978 978 978 984 984 989 989
    989 995 0 4983 4983 4983 4911 4911 4911 4983 5056 5056 5056 5056
    5132 5132 5132 5132 5132 5056 5056 5210 5210 5210 5210 5210 5210
    5210 5210 5210 5210 5210 5210 5291 5291 0 0 0 0 0 0 4463 4522 4522
    4522 4582 4582 4582 4582 4582 4582 4582 4582 4582 1031 1031 1031 0
    1004 1004 992 992 987 981 981 978 978 978 978 978 981 984 989 989
    995 995 998 1001 1001 4911 4911 4911 4911 4983 5056 5056 5056 5132
    5132 5132 5210 5132 5132 5132 5132 5210 5210 5210 5210 5210 5210
    5210 5210 5210 5210 5210 5210 5291 5291 5291 5291 5291 5291 5291 0
    4463 4522 4522 4522 4582 4582 4522 4463 4463 4582 4582 4582 0 0 1031
    1031 1022 1004 1004 998 992 987 981 978 975 975 975 978 978 981 987
    989 989 995 995 998 1001 1004 1004 1010 1013 5132 5132 5132 5056
    5056 5056 5132 5132 5210 5210 5210 5210 5210 5210 5210 5210 5210
    5210 5210 5291 5291 5374 5291 5291 5291 5210 5210 5291 5291 5291
    5210 5210 5291 4463 4522 4522 4522 4522 4522 4522 4463 4463 0 0 1050
    1041 1041 1031 1031 1022 1019 1004 998 992 987 978 975 975 975 975
    975 978 978 984 987 992 995 995 1001 1001 1004 1007 1010 1013 1013
    5132 5132 5056 5056 5056 5056 5056 5210 5210 5210 5210 5210 5210
    5210 5210 5210 5210 5210 5291 5291 5291 5291 5210 5210 5210 5132
    5132 5210 5291 5210 5210 5291 4522 4522 4522 4522 4522 4522 0 0 0
    1057 1050 1050 1041 1041 1038 1028 1022 1019 1007 998 992 987 978
    975 975 975 975 975 978 978 984 987 989 992 995 998 1001 1004 1004
    1010 1013 1016 1022 1022 1022 5132 5132 5056 5056 5132 5132 5132
    5210 5210 5210 5210 5210 5210 5210 5210 5291 5291 5291 5291 5210
    5210 5210 5132 5132 5210 5291 5291 5291 5291 4522 4463 4463 4582 0 0
    0 0 0 1057 1050 1050 1044 1041 1034 1028 1022 1016 1007 995 989 984
    978 975 975 973 973 975 975 978 981 987 989 992 995 995 1001 1004
    1004 1010 1013 1016 1019 1019 1022 1022 1025 1028 5132 5132 5132
    5132 5210 5210 5210 5210 5210 5210 5210 5210 5210 5210 5210 5210
    5291 5291 5210 5132 5132 5210 5291 5291 5291 5291 4522 4463 4405
    4405 0 0 0 0 0 1057 1050 1050 1044 1041 1034 1025 1019 1016 1004 992
    987 984 978 975 973 973 973 975 975 978 981 984 989 989 995 995 998
    1001 1004 1007 1013 1016 1016 1019 1022 1025 1025 1028 1028 1031
    1038 5210 5210 5210 5210 5210 5210 5210 5210 5210 5210 5210 5210
    5210 5291 5291 5210 5210 5291 5291 5291 5291 5291 5291 4522 4463
    4405 4405 0 0 0 0 0 1057 1050 1050 1044 1038 1031 1025 1019 1016 998
    989 987 984 978 975 973 970 970 973 975 978 981 984 989 989 995 995
    998 1001 1004 1007 1010 1016 1016 1019 1019 1025 1025 1028 1028 1031
    1038 1041 1041 5210 5210 5210 5291 5210 5210 5210 5210 5210 5210
    5210 5291 5291 5291 5291 5291 5291 5291 5291 5291 5291 4522 4522
    4582 0 0 0 0 0 0 1057 1050 1047 1041 1034 1028 1022 1019 1007 998
    989 987 984 975 973 970 970 970 973 975 978 981 984 989 992 995 995
    998 1001 1004 1007 1010 1013 1016 1016 1019 1025 1028 1028 1028 1031
    1038 1041 1041 1044 1044 1047 5291 5291 5210 5210 5210 5210 5210
    5210 5291 5291 5291 5291 5291 5291 5291 5291 5291 5291 4463 4463
    4522 0 0 0 0 0 0 1057 1050 1047 1038 1034 1025 1022 1016 1001 995
    989 987 978 973 970 970 970 970 973 975 978 981 984 989 992 995 995
    1001 1001 1004 1007 1010 1013 1016 1016 1019 1022 1025 1028 1028
    1034 1038 1038 1041 1041 1044 1047 1054 1050 1050 5210 5210 5210
    5210 5210 5291 5291 5291 5291 5291 5291 5291 5291 5291 5291 4463
    4463 4522 0 0 0 0 0 0 0 1050 1047 1038 1031 1025 1019 1013 1001 995
    989 984 978 973 970 967 967 967 970 975 978 981 984 989 989 992 995
    1001 1001 1004 1007 1010 1010 1013 1016 1019 1019 1022 1025 1028
    1031 1038 1038 1041 1041 1044 1047 1050 1050 1050 1050 1063 1063
    1067 5291 5291 5291 5291 5291 5291 5291 5291 5291 5291 5291 4405
    4405 4463 0 0 0 0 0 0 1054 1050 1041 1034 1031 1025 1016 1010 998
    992 987 981 978 973 967 967 967 967 970 975 975 981 984 989 989 992
    992 998 1001 1004 1007 1010 1010 1013 1013 1016 1016 1022 1025 1028
    1028 1034 1038 1038 1041 1044 1047 1050 1054 1054 1060 1063 1063
    1067 1067 5291 5291 5291 5291 5291 5291 5291 5291 5291 5291 4405
    4405 4463 0 0 0 0 0 1054 1050 1047 1041 1034 1031 1022 1016 1010 998
    992 987 981 975 970 967 967 967 967 970 973 975 978 984 987 989 992
    992 995 1001 1001 1004 1007 1007 1010 1013 1016 1016 1022 1025 1025
    1028 1031 1034 1038 1041 1044 1047 1050 1054 1057 1060 1063 1063
    1067 1070 1073 1073 1073 5291 5291 5291 5291 5291 5291 5291 4405
    4405 0 0 0 0 0 0 1054 1050 1044 1038 1031 1025 1022 1016 1001 995
    989 987 978 975 970 967 967 967 967 970 973 975 978 984 987 989 992
    992 995 998 1001 1004 1004 1007 1010 1010 1013 1016 1022 1022 1025
    1028 1031 1034 1038 1041 1041 1044 1050 1054 1057 1060 1063 1063
    1067 1070 1073 1073 1073 1080 1080 5291 5291 5291 5291 5291 4405
    4405 0 0 0 0 0 0 1050 1047 1044 1038 1031 1025 1019 1013 1001 995
    989 984 975 973 967 967 964 964 967 970 973 975 978 984 987 987 989
    992 992 995 998 1001 1004 1007 1010 1010 1013 1016 1022 1022 1025
    1028 1031 1034 1038 1038 1041 1044 1050 1054 1057 1060 1063 1063
    1067 1070 1073 1073 1073 1080 1080 1084 1087 1090 1090 1090 4405
    4405 0 0 0 0 0 0 1050 1047 1044 1038 1028 1025 1019 1013 998 992 987
    984 975 970 964 964 964 964 967 970 973 973 978 984 987 987 989 992
    992 995 998 1001 1004 1004 1007 1010 1013 1019 1022 1022 1025 1025
    1028 1031 1038 1038 1038 1044 1047 1054 1054 1057 1060 1063 1067
    1067 1073 1073 1077 1080 1080 1084 1087 1090 1090 1090 4463 4463 0 0
    0 0 0 0 1050 1047 1044 1034 1025 1022 1016 1013 998 992 987 978 973
    967 964 964 964 964 964 970 973 973 978 984 987 987 989 992 992 995
    998 998 1004 1004 1007 1010 1013 1019 1019 1022 1025 1025 1028 1031
    1034 1038 1038 1041 1047 1050 1050 1054 1057 1060 1063 1067 1073
    1073 1077 1080 1080 1084 1087 1090 1090 1094 4463 4463 0 0 0 0 0 0
    1050 1047 1044 1034 1025 1022 1016 1010 995 989 987 978 973 967 964
    964 962 962 964 967 970 973 978 981 984 987 989 989 992 995 998 998
    1001 1004 1004 1010 1013 1016 1019 1022 1025 1025 1028 1031 1034
    1038 1038 1041 1047 1050 1050 1054 1057 1060 1063 1067 1070 1073
    1077 1077 1080 1084 1090 1090 1090 1090 4463 4463 0 0 0 0 0 0 1047
    1044 1044 1028 1025 1019 1013 1007 992 989 984 978 973 967 964 962
    962 962 964 967 970 973 978 981 981 987 987 989 992 995 998 1001
    1001 1004 1004 1010 1013 1016 1016 1022 1025 1025 1025 1028 1031
    1034 1038 1041 1050 1050 1050 1054 1054 1060 1063 1067 1067 1073
    1077 1077 1080 1084 1087 1087 1087 1090 4463 4463 0 0 0 0 0 0 1047
