<?xml version="1.0"?>
<opencv_storage>
<Depth14106 type_id="opencv-matrix">
  <rows>34</rows>
  <cols>36</cols>
  <dt>w</dt>
  <data>
    6259 6259 6259 6259 6259 6259 6259 6259 2349 2317 2317 2317 2317
    2317 2333 2317 2317 2301 2286 2286 2522 2522 2522 2522 2522 2522
    2522 2522 6753 6622 6622 6622 6622 6753 6753 6753 6259 6259 6259
    6259 6259 6259 2349 2349 2333 2317 2317 2317 2317 2317 2317 2317
    2317 2317 2286 2286 2522 2522 2503 2503 2503 2522 2522 2503 2485
    2467 2467 2467 6622 6622 6622 6753 6259 6259 6259 2333 2333 2333
    2349 2333 2333 2317 2317 2317 2333 2333 2317 2317 2317 2317 2286
    2286 2333 2415 2415 2432 2432 2450 2485 2485 2485 2467 2467 2467
    2467 6622 6622 6622 6259 6259 2349 2333 2333 2333 2333 2333 2333
    2333 2333 2333 2333 2333 2333 2333 2333 2333 2317 2317 2333 2365
    2365 2398 2398 2415 2432 2450 2467 2467 2467 2467 2467 2467 6622
    6622 6259 6259 2349 2333 2333 2333 2333 2333 2317 2317 2317 2333
    2333 2333 2333 2333 2333 2333 2333 2333 2333 2349 2349 2381 2398
    2415 2415 2432 2467 2467 2467 2467 2467 2467 2485 2485 6259 2349
    2349 2333 2333 2333 2317 2317 2317 2317 2317 2317 2333 2333 2333
    2333 2333 2333 2333 2333 2333 2349 2349 2365 2381 2398 2415 2432
    2450 2450 2450 2467 2467 2467 2467 2467 6259 2349 2333 2333 2333
    2333 2317 2317 2317 2317 2317 2317 2333 2333 2333 2333 2333 2333
    2333 2349 2349 2349 2365 2365 2381 2398 2415 2432 2432 2432 2432
    2450 2450 2467 2467 2467 6259 2349 2333 2333 2333 2333 2333 2317
    2317 2317 2317 2317 2317 2317 2317 2317 2333 2333 2333 2349 2349
    2349 2365 2381 2381 2398 2415 2415 2415 2415 2415 2432 2450 2467
    2467 2467 6259 2349 2333 2333 2317 2317 2317 2317 2317 2317 2317
    2317 2317 2317 2317 2317 2333 2333 2333 2349 2349 2349 2365 2381
    2398 2415 2415 2415 2415 2415 2415 2432 2450 2450 2467 2467 6259
    2349 2333 2317 2317 2317 2317 2317 2301 2301 2317 2317 2317 2317
    2317 2317 2333 2333 2333 2349 2349 2365 2365 2381 2398 2398 2415
    2415 2415 2415 2415 2432 2450 2450 2450 2467 6259 2333 2317 2317
    2317 2301 2301 2301 2301 2301 2317 2301 2301 2301 2301 2317 2317
    2333 2333 2333 2333 2333 2365 2381 2381 2381 2398 2398 2398 2415
    2415 2432 2450 2450 2450 2450 6259 2317 2317 2317 2317 2301 2301
    2301 2301 2301 2301 2301 2286 2286 2301 2317 2317 2317 2333 2333
    2333 2333 2349 2349 2365 2381 2398 2398 2398 2415 2415 2432 2450
    2450 2450 2450 6259 2317 2317 2317 2317 2301 2301 2301 2301 2301
    2301 2301 2286 2286 2301 2317 2317 2317 2333 2333 2333 2349 2349
    2349 2365 2398 2398 2415 2415 2415 2415 2432 2432 2450 2450 2450
    6259 2333 2317 2317 2317 2301 2301 2301 2301 2301 2317 2301 2286
    2286 2286 2317 2333 2333 2333 2333 2349 2349 2349 2365 2381 2398
    2398 2415 2415 2415 2415 2415 2432 2450 2450 2450 6146 2317 2317
    2317 2301 2301 2301 2301 2301 2301 2301 2301 2286 2286 2286 2317
    2333 2333 2333 2349 2349 2349 2365 2381 2381 2398 2398 2398 2415
    2415 2415 2415 2415 2415 2432 2432 6146 2317 2301 2301 2301 2301
    2301 2301 2301 2301 2301 2301 2286 2286 2286 2301 2317 2317 2333
    2333 2349 2349 2365 2381 2398 2398 2398 2398 2415 2415 2415 2415
    2415 2415 2415 2415 6038 2317 2301 2286 2286 2286 2301 2301 2301
    2301 2286 2286 2286 2286 2286 2301 2301 2317 2333 2333 2349 2349
    2365 2381 2381 2398 2398 2398 2398 2398 2415 2415 2415 2415 2415
    2415 6038 2317 2301 2286 2286 2286 2286 2286 2286 2286 2286 2286
    2286 2286 2286 2301 2301 2301 2317 2333 2333 2349 2349 2365 2381
    2398 2398 2398 2398 2398 2398 2415 2415 2415 2415 2415 2333 2317
    2301 2286 2286 2286 2286 2286 2286 2286 2286 2286 2286 2286 2286
    2286 2301 2301 2317 2317 2333 2333 2349 2365 2381 2398 2398 2398
    2398 2398 2398 2415 2415 2415 2415 2415 2301 2301 2301 2286 2286
    2286 2286 2286 2286 2286 2286 2286 2286 2286 2286 2286 2301 2301
    2317 2317 2317 2333 2333 2365 2381 2381 2381 2398 2398 2398 2398
    2398 2398 2415 2415 2415 2301 2301 2301 2286 2286 2286 2286 2286
    2286 2286 2286 2286 2286 2286 2286 2286 2286 2301 2317 2317 2317
    2317 2317 2333 2365 2381 2381 2398 2398 2398 2398 2398 2398 2415
    2415 2415 2286 2286 2301 2286 2286 2286 2271 2271 2271 2271 2271
    2286 2286 2286 2286 2286 2286 2301 2317 2317 2317 2317 2317 2333
    2349 2365 2381 2381 2398 2398 2398 2415 2415 2415 2415 6497 2286
    2286 2286 2286 2286 2286 2271 2271 2271 2271 2271 2271 2286 2286
    2286 2286 2286 2286 2301 2317 2317 2317 2333 2333 2349 2365 2381
    2381 2381 2398 2398 2415 2415 2415 2415 6497 2286 2286 2286 2286
    2286 2286 2271 2271 2271 2271 2271 2271 2271 2271 2271 2286 2286
    2286 2301 2301 2317 2317 2333 2333 2349 2365 2365 2381 2381 2398
    2398 2415 2415 2415 2415 6753 2286 2286 2286 2286 2286 2271 2271
    2271 2271 2271 2271 2271 2271 2271 2271 2286 2286 2286 2286 2301
    2317 2333 2333 2333 2349 2365 2365 2381 2381 2398 2398 2415 2415
    2398 2398 2398 2286 2286 2286 2286 2286 2271 2271 2271 2271 2271
    2271 2271 2271 2271 2271 2271 2286 2286 2286 2301 2317 2333 2333
    2349 2349 2365 2365 2381 2381 2398 2398 2415 2415 2398 2398 2398
    2271 2271 2271 2286 2286 2271 2271 2271 2271 2271 2271 2271 2271
    2271 2271 2271 2286 2286 2286 2301 2317 2317 2333 2333 2349 2349
    2365 2381 2381 2398 2398 2398 2398 2398 2398 2398 2271 2271 2271
    2271 2271 2271 2271 2271 2271 2271 2271 2271 2271 2271 2271 2271
    2271 2286 2286 2286 2301 2317 2333 2333 2349 2349 2349 2365 2381
    2398 2398 2398 2398 2333 2333 2333 2271 2271 2271 2271 2271 2271
    2271 2271 2271 2271 2271 2271 2256 2256 2271 2271 2271 2286 2286
    2286 2301 2317 2333 2333 2349 2349 2349 2365 2381 2398 2398 2398
    2398 2333 2333 2333 2271 2271 2271 2271 2271 2271 2271 2271 2271
    2271 2271 2271 2256 2256 2271 2271 2271 2271 2286 2286 2301 2317
    2317 2333 2333 2349 2349 2349 2365 2381 2381 2381 2381 2333 2333
    2333 2271 2271 2271 2271 2271 2271 2271 2271 2271 2271 2256 2256
    2256 2256 2256 2271 2271 2271 2286 2286 2301 2301 2317 2333 2333
    2349 2349 2349 2365 2381 2381 2381 2365 2349 2349 6622 2271 2271
    2271 2271 2271 2271 2256 2256 2256 2256 2256 2256 2256 2256 2256
    2271 2271 2271 2286 2286 2301 2301 2317 2333 2333 2349 2349 2349
    2365 2381 2381 2381 2365 2365 2365 6622 2271 2271 2286 2271 2256
    2256 2256 2256 2256 2256 2256 2256 2256 2256 2256 2271 2271 2271
    2271 2286 2286 2286 2301 2333 2333 2349 2349 2349 2365 2381 2381
    2381 2365 2365 2365 6622 2256 2256 2271 2271 2256 2226 2226 2226
    2226 2256 2241 2241 2241 2256 2256 2271 2271 2271 2271 2286 2286
    2286 2301 2333 2333 2349 2349 2349 2365 2381 2381 2381 2381 2381
    2381 6497</data></Depth14106>
</opencv_storage>
