<?xml version="1.0"?>
<opencv_storage>
<Depth8737 type_id="opencv-matrix">
  <rows>87</rows>
  <cols>27</cols>
  <dt>w</dt>
  <data>
    2984 2984 0 0 0 0 0 0 0 0 0 0 0 0 1427 1427 1415 1415 1415 1359 1359
    1359 1359 0 0 0 0 2984 2984 2984 0 0 0 0 0 0 0 0 0 0 1439 1421 1392
    1392 1427 1349 1349 1354 1354 1354 1349 0 0 0 1343 0 0 0 0 0 0 0 0 0
    0 0 1349 1349 1421 1392 1392 1349 1343 1343 1349 1349 1349 1349 0 0
    0 0 1343 1343 1343 1338 1338 1343 1349 1349 1349 1343 1343 1343 1349
    1349 1349 1349 1349 1343 1343 1343 1343 1338 1338 1343 1349 0 3037
    1343 1343 1343 1338 1338 1343 1343 1343 1343 1343 1343 1343 1343
    1349 1349 1349 1343 1343 1343 1343 1343 1338 1338 1343 1349 0 3037
    1343 1343 1343 1338 1338 1338 1338 1343 1343 1343 1343 1343 1343
    1343 1343 1343 1343 1343 1343 1349 1343 1343 1343 1343 1349 0 3037 0
    1343 1343 1338 1338 1338 1338 1338 1343 1343 1343 1343 1343 1343
    1343 1343 1343 1343 1343 1343 1343 1343 1343 1349 1349 0 3092 3092
    1349 1343 1343 1338 1338 1338 1338 1343 1343 1343 1343 1343 1343
    1343 1343 1343 1343 1343 1343 1349 1349 1349 1349 1349 0 3092 0 1343
    1343 1343 1338 1338 1338 1338 1343 1343 1343 1343 1343 1343 1343
    1343 1343 1343 1343 1343 1349 1349 1343 1343 1349 0 3092 3092 1343
    1343 1338 1338 1338 1338 1338 1343 1343 1343 1343 1343 1343 1343
    1343 1343 1349 1343 1343 1349 1349 1343 1343 1349 0 3037 1338 1338
    1338 1338 1338 1338 1338 1338 1343 1343 1343 1343 1343 1343 1343
    1343 1349 1349 1349 1349 1349 1349 1349 1343 1343 1343 3037 1338
    1338 1338 1338 1338 1338 1338 1338 1343 1343 1343 1343 1343 1343
    1343 1343 1343 1349 1349 1349 1349 1349 1349 1343 1343 1349 3037
    1328 1328 1328 1338 1338 1338 1338 1338 1343 1343 1343 1343 1343
    1343 1343 1343 1343 1349 1343 1343 1349 1349 1349 1349 1349 1349
    3037 1328 1328 1328 1338 1338 1338 1338 1338 1343 1343 1343 1343
    1343 1343 1343 1343 1343 1343 1343 1343 1349 1349 1349 1349 1349
    1349 3037 1333 1333 1333 1338 1338 1338 1338 1338 1343 1343 1343
    1343 1343 1343 1343 1343 1343 1343 1343 1343 1343 1343 1349 1349
    1349 0 3010 1349 1349 1343 1343 1343 1343 1343 1343 1343 1343 1343
    1343 1343 1343 1343 1343 1343 1343 1343 1343 1343 1343 1349 1343
    1343 0 3010 1354 1354 1343 1343 1343 1343 1343 1343 1343 1343 1343
    1343 1343 1343 1343 1343 1343 1343 1343 1343 1343 1349 1349 1343
    1343 1343 3037 3037 1349 1349 1349 1343 1343 1343 1343 1343 1343
    1343 1343 1343 1343 1343 1343 1343 1343 1343 1343 1349 1349 1349
    1343 1343 0 3010 1343 1349 1349 1349 1343 1343 1343 1343 1343 1343
    1343 1343 1343 1343 1343 1343 1343 1343 1343 1343 1349 1349 1349
    1343 1343 0 3010 1343 1343 1343 1343 1343 1343 1343 1343 1343 1343
    1343 1343 1343 1343 1343 1343 1343 1343 1343 1343 1349 1349 1349
    1349 1349 1349 3037 1349 1343 1343 1343 1338 1338 1338 1343 1343
    1343 1343 1343 1343 1343 1349 1343 1343 1343 1343 1343 1349 1349
    1349 1349 1349 1349 3037 1349 1343 1343 1343 1338 1338 1338 1338
    1343 1343 1343 1343 1343 1343 1343 1343 1343 1343 1343 1349 1349
    1349 1349 1349 1349 1349 3037 1343 1343 1343 1343 1338 1338 1338
    1338 1343 1343 1343 1343 1343 1343 1343 1343 1343 1343 1343 1349
    1349 1349 1349 1343 1343 1343 3037 1333 1333 1333 1338 1343 1343
    1343 1343 1343 1343 1343 1343 1343 1343 1343 1343 1343 1343 1343
    1343 1343 1343 1343 1343 1343 1343 3010 1333 1333 1333 1338 1338
    1338 1343 1343 1343 1343 1343 1343 1343 1343 1343 1343 1343 1343
    1343 1343 1343 1343 1343 1343 1343 1343 0 1338 1338 1338 1338 1338
    1338 1343 1343 1343 1343 1343 1343 1343 1343 1343 1343 1343 1343
    1343 1343 1343 1343 1343 1343 1343 1343 0 1343 1343 1338 1338 1338
    1338 1343 1343 1343 1343 1343 1343 1343 1343 1349 1343 1343 1343
    1343 1343 1343 1343 1343 1343 1343 1343 0 1338 1338 1338 1338 1338
    1338 1343 1343 1343 1343 1343 1343 1343 1343 1349 1343 1343 1343
    1343 1343 1349 1343 1343 1343 1343 1343 0 0 1343 1343 1343 1343 1343
    1343 1343 1343 1343 1343 1343 1343 1343 1343 1343 1343 1343 1343
    1343 1349 1343 1343 1343 1343 1343 3120 1343 1343 1343 1343 1343
    1343 1343 1343 1343 1343 1343 1343 1343 1343 1343 1343 1343 1343
    1343 1343 1349 1343 1343 1338 1338 1338 3120 1343 1343 1343 1343
    1343 1343 1343 1343 1343 1343 1343 1343 1343 1343 1343 1343 1343
    1343 1343 1343 1343 1343 1343 1338 1338 1338 3120 1343 1343 1343
    1343 1343 1343 1343 1343 1343 1343 1343 1343 1343 1343 1343 1343
    1343 1343 1343 1343 1343 1343 1343 1343 1343 1343 3037 1338 1338
    1338 1338 1338 1343 1343 1343 1343 1343 1338 1338 1349 1343 1343
    1343 1343 1343 1343 1343 1349 1349 1343 1343 1343 1343 3037 1338
    1338 1338 1338 1338 1343 1343 1343 1343 1343 1338 1338 1349 1343
    1343 1343 1343 1343 1343 1343 1343 1349 1343 1343 1343 1343 3037
    1349 1343 1333 1333 1338 1338 1343 1343 1343 1343 1343 1349 1349
    1349 1343 1343 1343 1343 1343 1343 1343 1349 1343 1343 1343 1343
    1343 1343 1343 1333 1333 1338 1338 1343 1343 1343 1343 1343 1343
    1343 1343 1343 1343 1343 1343 1343 1343 1349 1343 1343 1343 1343 0
    1343 1343 1343 1338 1338 1343 1343 1343 1343 1343 1343 1343 1343
    1343 1343 1343 1343 1343 1343 1343 1343 1349 1343 1343 1343 1343 0
    1343 1343 1343 1338 1338 1343 1343 1343 1343 1343 1343 1343 1343
    1343 1343 1343 1343 1343 1343 1343 1343 1349 1343 1343 1343 1343 0
    1349 1349 1343 1343 1343 1343 1343 1343 1343 1343 1343 1343 1343
    1343 1343 1343 1343 1343 1343 1343 1343 1343 1343 1343 1343 1343 0
    1349 1349 1343 1343 1343 1343 1343 1343 1343 1343 1343 1343 1343
    1343 1343 1343 1343 1343 1343 1343 1343 1343 1343 1343 1343 1343 0
    3092 1343 1343 1338 1338 1343 1343 1343 1343 1343 1343 1343 1343
    1343 1343 1343 1343 1343 1343 1343 1343 1343 1343 1343 1343 1343 0 0
    1343 1343 1338 1338 1338 1338 1343 1343 1343 1343 1343 1343 1343
    1343 1343 1343 1343 1343 1343 1343 1343 1343 1343 1343 1343 1813 0
    1343 1343 1338 1333 1333 1338 1343 1343 1343 1343 1343 1343 1343
    1343 1343 1343 1343 1343 1343 1343 1343 1343 1343 1343 1343 1813 0
    1343 1343 1338 1333 1333 1338 1343 1343 1343 1343 1343 1343 1343
    1343 1343 1343 1343 1343 1343 1343 1343 1343 1343 1343 1343 1804 0 0
    1343 1338 1338 1338 1338 1343 1343 1343 1343 1343 1343 1343 1343
    1343 1343 1343 1349 1343 1343 1349 1349 1343 1343 1343 1804 0 0 1343
    1343 1338 1338 1338 1343 1343 1343 1343 1343 1343 1343 1343 1343
    1343 1343 1349 1349 1349 1343 1343 1343 1343 1343 1343 0 0 1349 1343
    1343 1343 1343 1343 1343 1343 1343 1343 1343 1343 1343 1349 1349
    1349 1349 1349 1349 1343 1343 1343 1343 1343 1343 0 0 1343 1343 1343
    1343 1343 1343 1343 1343 1343 1343 1343 1343 1343 1349 1349 1349
    1343 1343 1343 1343 1343 1338 1338 1338 1338 0 0 1343 1343 1343 1343
    1343 1343 1343 1343 1343 1343 1343 1343 1343 1349 1343 1343 1343
    1343 1343 1343 1343 1338 1338 1338 0 0 0 1338 1338 1338 1343 1343
    1343 1343 1343 1343 1343 1343 1343 1343 1343 1343 1343 1343 1343
    1343 1343 1343 1328 1328 1328 0 0 0 1338 1338 1338 1343 1343 1343
    1343 1343 1343 1343 1338 1338 1343 1343 1343 1343 1343 1343 1343
    1343 1343 1328 1328 0 3010 0 0 1343 1343 1343 1343 1343 1343 1343
    1343 1343 1343 1338 1338 1343 1343 1343 1343 1343 1343 1343 1343
    1343 1338 1338 0 3010 0 0 1343 1343 1338 1338 1343 1343 1343 1343
    1343 1343 1343 1343 1343 1343 1343 1343 1343 1343 1343 1343 1343
    1338 1338 0 3010 0 1343 1343 1338 1338 1338 1343 1343 1343 1343 1343
    1343 1343 1343 1343 1343 1343 1343 1343 1343 1343 1343 1343 1338
    1338 1338 3010 0 1338 1338 1338 1338 1343 1343 1343 1343 1343 1343
    1343 1343 1343 1343 1343 1343 1343 1343 1343 1343 1349 1349 1338
    1338 1338 3010 0 1328 1328 1338 1338 1343 1343 1343 1343 1343 1343
    1343 1343 1343 1343 1343 1343 1343 1349 1343 1343 1349 1349 1338
    1338 1338 3010 0 1328 1328 1338 1343 1343 1343 1338 1338 1338 1343
    1343 1343 1343 1343 1343 1343 1343 1343 1343 1343 1349 1349 1338
