<?xml version="1.0"?>
<opencv_storage>
<Depth6952 type_id="opencv-matrix">
  <rows>54</rows>
  <cols>38</cols>
  <dt>w</dt>
  <data>
    5210 1904 1904 1904 1904 1915 1915 1915 1915 1904 1904 1915 1915
    1915 1915 1915 1915 1915 1915 1915 1915 1915 1926 1926 1936 1936
    1936 1936 1936 1936 1936 1936 1936 1936 1936 5056 4983 4983 1936
    1904 1904 1904 1904 1915 1915 1915 1915 1904 1904 1915 1915 1915
    1915 1915 1915 1915 1915 1915 1915 1915 1926 1926 1926 1926 1926
    1926 1936 1936 1936 1936 1936 1926 1926 1926 4911 4911 1936 1915
    1904 1904 1904 1915 1915 1915 1915 1915 1915 1915 1915 1915 1915
    1915 1915 1915 1915 1915 1915 1915 1926 1926 1926 1926 1926 1926
    1936 1936 1936 1936 1936 1926 1926 1926 4911 4911 1936 1904 1904
    1904 1904 1904 1904 1904 1904 1904 1915 1915 1915 1915 1915 1915
    1915 1915 1915 1915 1915 1915 1926 1936 1926 1926 1936 1936 1936
    1936 1936 1936 1936 1936 1936 1936 4911 4911 1936 1904 1904 1904
    1904 1904 1904 1904 1904 1904 1915 1915 1915 1915 1915 1915 1915
    1915 1915 1915 1915 1915 1936 1936 1936 1936 1936 1936 1936 1936
    1936 1936 1936 1936 1959 1959 4911 4911 1915 1915 1904 1904 1904
    1904 1904 1915 1915 1904 1904 1904 1915 1915 1915 1915 1915 1915
    1915 1915 1915 1926 1936 1936 1936 1936 1936 1936 1936 1936 1936
    1936 1936 1947 1970 1970 4911 4911 1926 1915 1904 1904 1904 1904
    1904 1915 1915 1904 1904 1904 1915 1915 1915 1915 1915 1915 1915
    1915 1915 1926 1936 1936 1936 1936 1936 1936 1936 1936 1936 1936
    1947 1947 1947 1947 4911 4911 1926 1915 1904 1904 1904 1915 1915
    1915 1915 1915 1915 1915 1915 1915 1915 1915 1915 1915 1915 1915
    1915 1926 1936 1936 1936 1936 1936 1936 1936 1936 1936 1936 1936
    1936 1947 1947 4983 4983 1926 1926 1915 1915 1915 1915 1904 1904
    1915 1915 1915 1915 1915 1915 1915 1915 1915 1915 1915 1915 1915
    1926 1936 1936 1936 1936 1936 1936 1936 1936 1936 1936 1936 1936
    1936 1936 4983 4983 1936 1926 1915 1915 1915 1915 1904 1904 1915
    1915 1915 1915 1915 1915 1915 1915 1915 1915 1915 1915 1915 1926
    1936 1936 1936 1936 1936 1926 1926 1936 1936 1936 1936 1936 1936
    1936 4983 4983 1936 1926 1915 1915 1915 1915 1904 1904 1904 1904
    1915 1915 1915 1915 1915 1915 1915 1915 1915 1915 1915 1926 1936
    1936 1936 1936 1936 1926 1926 1936 1936 1936 1936 1936 1936 1936
    1936 4983 1936 1926 1915 1915 1904 1904 1904 1904 1904 1904 1904
    1904 1915 1915 1915 1915 1915 1915 1915 1926 1926 1926 1936 1936
    1936 1936 1936 1926 1926 1936 1936 1936 1936 1936 1936 1947 5132
    4983 1926 1926 1915 1915 1904 1904 1904 1904 1904 1904 1904 1904
    1915 1915 1915 1915 1915 1915 1915 1915 1915 1926 1936 1936 1936
    1936 1936 1936 1936 1936 1936 1936 1936 1936 1936 1947 5056 5056
    1926 1926 1915 1915 1904 1904 1904 1904 1904 1904 1915 1915 1915
    1915 1915 1915 1915 1915 1915 1915 1915 1915 1936 1936 1936 1936
    1936 1936 1936 1936 1936 1936 1936 1936 1936 1936 4983 4983 1926
    1926 1915 1915 1904 1904 1904 1904 1904 1915 1915 1915 1915 1915
    1915 1915 1915 1915 1915 1915 1915 1915 1936 1936 1936 1936 1936
    1936 1936 1936 1936 1936 1936 1936 1936 1936 4983 4983 1926 1926
    1915 1915 1904 1904 1904 1904 1904 1915 1915 1915 1915 1915 1915
    1915 1915 1926 1926 1926 1915 1915 1936 1936 1936 1936 1936 1936
    1936 1936 1936 1936 1936 1936 1936 1936 4983 4983 1936 1926 1915
    1904 1904 1904 1904 1904 1904 1915 1915 1915 1915 1915 1915 1915
    1915 1915 1926 1926 1915 1915 1936 1936 1936 1936 1936 1936 1936
    1936 1936 1936 1936 1936 1936 1936 4983 4983 1947 1926 1915 1904
    1904 1904 1904 1904 1904 1915 1915 1915 1915 1915 1915 1915 1915
    1915 1915 1915 1915 1915 1936 1936 1936 1936 1936 1936 1936 1936
    1936 1936 1936 1936 1936 1936 4983 4983 1947 1926 1915 1904 1904
    1904 1904 1904 1904 1915 1915 1915 1915 1915 1915 1915 1915 1915
    1915 1915 1915 1915 1926 1926 1926 1936 1926 1926 1936 1936 1936
    1936 1936 1936 1936 1936 5056 5056 1970 1947 1915 1904 1904 1904
    1904 1904 1904 1915 1915 1915 1915 1915 1915 1915 1915 1915 1915
    1915 1915 1915 1926 1926 1926 1936 1926 1926 1936 1936 1936 1936
    1936 1936 1936 1936 5056 5056 1970 1959 1915 1904 1904 1904 1904
    1904 1904 1904 1904 1904 1904 1904 1904 1915 1915 1904 1904 1915
    1915 1915 1926 1926 1926 1936 1926 1926 1936 1936 1936 1936 1936
    1936 1936 1936 1936 5056 1970 1959 1926 1915 1904 1904 1904 1904
    1904 1904 1904 1904 1904 1904 1904 1915 1915 1904 1904 1915 1915
    1915 1926 1926 1936 1936 1936 1936 1936 1936 1936 1936 1936 1936
    1936 1936 1936 4983 1959 1959 1926 1915 1904 1904 1904 1904 1904
    1904 1904 1904 1915 1904 1904 1915 1915 1915 1915 1915 1915 1915
    1926 1926 1936 1936 1936 1936 1936 1936 1936 1936 1936 1936 1936
    1936 1936 4983 1959 1947 1915 1915 1915 1915 1915 1915 1915 1915
    1904 1904 1915 1915 1915 1915 1915 1915 1915 1915 1915 1915 1926
    1926 1936 1936 1936 1936 1936 1936 1936 1936 1936 1936 1936 1936
    1936 4983 1959 1947 1915 1915 1904 1904 1904 1915 1915 1915 1915
    1915 1915 1915 1915 1915 1915 1915 1915 1915 1915 1915 1936 1936
    1936 1926 1926 1926 1926 1936 1936 1936 1936 1936 1936 1936 1936
    4983 1970 1947 1915 1915 1904 1904 1904 1915 1915 1915 1915 1915
    1915 1915 1915 1915 1915 1915 1915 1915 1915 1915 1936 1936 1926
    1926 1926 1926 1926 1936 1936 1936 1936 1936 1936 1947 1947 4983
    1959 1959 1926 1915 1915 1904 1904 1904 1904 1904 1915 1915 1915
    1915 1915 1915 1915 1915 1915 1915 1915 1915 1936 1936 1926 1926
    1926 1926 1926 1936 1936 1936 1936 1936 1936 1936 1936 4983 1959
    1959 1926 1915 1915 1904 1904 1904 1904 1904 1904 1915 1915 1915
    1915 1915 1915 1915 1915 1915 1915 1915 1926 1936 1936 1926 1926
    1936 1936 1936 1936 1936 1936 1936 1936 1936 1936 4911 5056 1936
    1936 1915 1915 1904 1904 1904 1904 1904 1904 1915 1915 1915 1915
    1915 1915 1915 1915 1915 1915 1915 1926 1936 1936 1936 1936 1936
    1936 1936 1936 1936 1936 1936 1936 1936 1936 4911 0 1936 1936 1926
    1915 1904 1904 1904 1904 1904 1904 1915 1915 1915 1915 1915 1915
    1915 1915 1915 1915 1915 1926 1936 1936 1936 1936 1936 1936 1936
    1926 1926 1936 1936 1926 1926 1926 4911 1970 1947 1947 1926 1915
    1904 1904 1904 1904 1904 1904 1915 1915 1915 1915 1915 1915 1915
    1915 1915 1915 1915 1926 1926 1926 1926 1936 1936 1936 1936 1926
    1926 1936 1936 1926 1926 1926 4983 1970 1970 1947 1936 1915 1904
    1904 1904 1904 1904 1915 1915 1915 1904 1904 1915 1915 1915 1915
    1915 1915 1915 1926 1926 1926 1926 1926 1926 1936 1936 1926 1926
    1936 1936 1926 1926 1926 4983 1970 1970 1947 1926 1915 1904 1904
    1904 1904 1915 1915 1915 1915 1904 1904 1915 1915 1915 1915 1915
    1915 1915 1926 1926 1926 1926 1926 1926 1936 1936 1926 1926 1936
    1936 1926 1926 1926 4983 5132 1970 1947 1926 1915 1915 1915 1904
    1904 1915 1915 1915 1915 1904 1904 1915 1915 1915 1915 1915 1915
    1915 1926 1926 1926 1926 1926 1926 1926 1936 1936 1936 1936 1936
    1926 1926 1926 4983 5132 1970 1947 1926 1915 1915 1915 1904 1904
    1904 1904 1904 1915 1915 1915 1904 1904 1915 1915 1915 1915 1915
    1926 1926 1926 1926 1926 1926 1926 1926 1926 1936 1936 1936 1926
    1926 1926 1926 5132 1970 1926 1926 1915 1915 1915 1904 1904 1904
    1904 1904 1915 1915 1915 1904 1904 1915 1915 1915 1915 1915 1926
    1926 1926 1926 1926 1926 1926 1926 1926 1936 1936 1936 1926 1926
    1926 1926 5132 1970 1926 1926 1915 1915 1915 1915 1915 1904 1904
    1915 1915 1915 1915 1915 1904 1904 1915 1915 1915 1915 1926 1926
    1926 1926 1926 1926 1926 1936 1936 1936 1936 1936 1926 1926 1926
    1926 5132 1970 1926 1926 1915 1904 1904 1915 1915 1904 1904 1915
    1915 1915 1915 1915 1904 1904 1915 1915 1915 1915 1926 1926 1926
    1926 1936 1936 1936 1936 1936 1936 1936 1936 1926 1926 1926 1926
    5056 1926 1926 1926 1915 1904 1904 1904 1915 1915 1915 1915 1915
    1915 1915 1915 1915 1915 1915 1915 1915 1915 1926 1926 1926 1926
