<?xml version="1.0"?>
<opencv_storage>
<Depth5720 type_id="opencv-matrix">
  <rows>86</rows>
  <cols>61</cols>
  <dt>w</dt>
  <data>
    5132 5132 5132 5132 5210 5210 5210 1273 1273 1268 1268 1264 1264
    1264 1259 1259 1250 1250 1255 1255 1259 1259 1259 1259 1255 1255
    1255 1250 1250 1250 1250 1250 1250 1250 1250 1250 1250 1250 1250
    1250 1250 1245 1245 1250 1250 1250 1250 1250 4983 1250 1245 1245
    4911 4911 4911 4911 4774 4774 4774 4774 4774 5056 5056 5056 5132 0
    5132 0 1273 1273 1268 1264 1264 1259 1259 1255 1255 1250 1250 1255
    1255 1259 1259 1259 1259 1255 1255 1255 1250 1250 1250 1250 1255
    1255 1255 1255 1250 1250 1250 1250 1250 1250 1245 1245 1245 1250
    1250 1245 1245 1250 1250 1245 1245 1245 1241 1241 1241 1241 1245
    1250 1250 4774 5056 5056 5056 5132 5132 0 0 0 1273 1268 1259 1259
    1255 1255 1255 1255 1255 1255 1255 1255 1259 1259 1255 1255 1255
    1255 1250 1250 1250 1250 1250 1250 1250 1250 1255 1250 1250 1250
    1250 1250 1250 1245 1245 1245 1250 1245 1245 1245 1245 1250 1245
    1245 1245 1241 1241 1241 1241 1245 1245 1250 1250 5056 5132 5132
    5132 0 0 0 0 0 1259 1259 1259 1255 1255 1255 1255 1255 1255 1255
    1255 1255 1255 1255 1255 1255 1255 1250 1250 1250 1250 1250 1250
    1250 1250 1250 1250 1250 1250 1250 1250 1250 1245 1245 1245 1245
    1245 1245 1245 1245 1245 1245 1245 1245 1245 1245 1245 1245 1245
    1245 1245 1245 5056 5132 5132 0 0 0 0 0 0 1259 1255 1255 1255 1255
    1255 1255 1255 1255 1255 1255 1255 1255 1250 1250 1250 1250 1250
    1250 1250 1250 1250 1250 1250 1250 1250 1250 1250 1250 1250 1250
    1250 1245 1245 1245 1245 1245 1245 1245 1245 1245 1245 1245 1245
    1241 1241 1245 1245 1245 1245 1245 1245 5132 5210 5210 0 0 0 0 0 0
    1255 1255 1250 1250 1255 1255 1255 1255 1255 1250 1250 1250 1250
    1250 1250 1250 1250 1250 1250 1250 1250 1250 1250 1250 1250 1250
    1250 1250 1250 1250 1245 1245 1245 1245 1245 1245 1245 1245 1245
    1245 1245 1245 1241 1241 1241 1241 1241 1241 1241 1241 1241 1245
    5132 5132 5291 0 0 0 0 0 1250 1250 1250 1250 1250 1250 1250 1250
    1250 1250 1250 1250 1250 1250 1250 1250 1250 1250 1250 1250 1250
    1245 1245 1245 1245 1245 1245 1245 1245 1245 1245 1245 1245 1250
    1245 1245 1245 1245 1245 1245 1245 1245 1245 1241 1241 1236 1236
    1241 1241 1241 1241 1241 1241 5132 5132 5291 0 0 0 0 0 1250 1250
    1250 1250 1250 1250 1250 1250 1250 1250 1250 1250 1250 1250 1250
    1250 1250 1250 1250 1250 1245 1245 1245 1245 1245 1245 1245 1245
    1245 1245 1245 1245 1245 1245 1245 1245 1245 1245 1245 1245 1245
    1245 1241 1241 1236 1236 1236 1236 1241 1241 1241 1241 1241 4983
    5056 5374 0 0 0 0 0 1255 1250 1250 1250 1250 1250 1250 1250 1250
    1250 1250 1250 1250 1250 1250 1250 1250 1250 1250 1245 1245 1245
    1245 1245 1245 1245 1245 1245 1245 1245 1245 1245 1245 1245 1245
    1245 1245 1241 1241 1241 1241 1241 1241 1236 1236 1236 1236 1236
    1236 1236 1236 1236 1236 4983 4983 0 0 0 0 0 0 1250 1250 1250 1250
    1250 1250 1250 1250 1250 1250 1245 1245 1245 1245 1245 1245 1245
    1245 1250 1245 1245 1245 1245 1245 1245 1245 1245 1245 1241 1241
    1245 1245 1245 1245 1241 1241 1241 1241 1241 1241 1241 1241 1236
    1236 1236 1236 1236 1236 1236 1236 1236 1236 1236 4983 4983 0 0 0 0
    0 0 1250 1250 1250 1250 1250 1250 1250 1250 1250 1245 1245 1245 1245
    1245 1245 1245 1245 1245 1245 1245 1245 1245 1245 1245 1245 1245
    1245 1245 1241 1241 1241 1241 1245 1241 1241 1241 1241 1241 1241
    1241 1236 1236 1236 1236 1236 1236 1236 1236 1232 1232 1236 1236 0
    5056 5056 0 0 0 0 0 1259 1250 1250 1250 1250 1250 1250 1250 1245
    1245 1245 1245 1245 1245 1245 1245 1245 1245 1245 1245 1245 1245
    1245 1245 1245 1245 1245 1245 1245 1241 1241 1241 1241 1241 1241
    1241 1241 1241 1241 1241 1236 1236 1236 1236 1236 1236 1236 1236
    1236 1232 1232 1236 1236 0 5132 5210 0 0 0 0 0 1255 1250 1250 1250
    1250 1250 1245 1245 1245 1245 1245 1245 1245 1245 1245 1245 1245
    1245 1245 1245 1245 1245 1245 1245 1245 1245 1245 1245 1241 1241
    1241 1241 1241 1241 1241 1236 1236 1236 1236 1236 1236 1236 1236
    1236 1236 1236 1236 1236 1232 1232 1232 1236 1241 0 5132 0 0 0 0 0 0
    1255 1250 1250 1250 1250 1245 1245 1245 1245 1245 1245 1245 1245
    1245 1245 1245 1245 1245 1245 1245 1245 1245 1245 1245 1245 1245
    1245 1241 1241 1241 1241 1241 1241 1241 1236 1236 1236 1236 1236
    1236 1232 1232 1232 1236 1236 1232 1232 1232 1232 1232 1232 1236
    1241 0 5132 0 0 0 0 0 0 1250 1250 1250 1245 1245 1245 1245 1245 1245
    1245 1245 1245 1245 1245 1245 1241 1241 1241 1241 1241 1245 1245
    1241 1241 1241 1241 1241 1241 1241 1241 1241 1241 1241 1241 1236
    1236 1236 1236 1236 1232 1232 1232 1232 1232 1232 1232 1232 1232
    1232 1232 1232 1232 1241 0 5132 0 0 0 0 0 0 1241 1241 1245 1245 1245
    1245 1245 1245 1245 1241 1241 1241 1241 1241 1241 1241 1241 1241
    1241 1241 1241 1241 1241 1236 1236 1236 1236 1236 1236 1236 1236
    1241 1236 1236 1236 1236 1236 1232 1232 1232 1232 1232 1232 1232
    1232 1232 1232 1232 1232 1227 1227 1227 1232 0 5132 0 0 0 0 0 1259
    1241 1241 1245 1245 1245 1245 1245 1245 1241 1241 1236 1236 1236
    1236 1241 1241 1241 1241 1236 1236 1241 1241 1241 1236 1236 1236
    1236 1236 1236 1236 1236 1236 1236 1236 1236 1236 1236 1232 1232
    1232 1232 1232 1232 1232 1232 1232 1227 1227 1227 1227 1227 1227
    1232 0 5056 0 0 0 0 0 1255 1245 1245 1245 1245 1245 1245 1245 1241
    1241 1241 1236 1236 1236 1236 1236 1241 1236 1236 1232 1232 1236
    1236 1241 1236 1236 1236 1236 1232 1232 1232 1232 1236 1236 1236
    1236 1236 1232 1232 1232 1232 1232 1232 1232 1232 1232 1227 1227
    1227 1227 1227 1227 1227 1232 0 5056 5056 0 0 0 0 1255 1245 1245
    1245 1241 1241 1241 1241 1241 1241 1241 1236 1236 1236 1236 1236
    1241 1236 1236 1232 1232 1236 1236 1241 1236 1236 1236 1232 1232
    1232 1232 1232 1232 1236 1232 1232 1232 1232 1232 1232 1232 1232
    1232 1232 1232 1227 1227 1227 1227 1227 1227 1227 1227 0 0 5056 5056
    0 0 0 0 1259 1245 1245 1245 1241 1241 1241 1236 1236 1236 1241 1241
    1241 1241 1241 1241 1241 1236 1236 1236 1236 1236 1236 1236 1236
    1236 1236 1232 1232 1232 1232 1232 1232 1232 1232 1232 1232 1232
    1232 1232 1232 1232 1232 1232 1232 1227 1227 1227 1227 1227 1227
    1227 1232 0 0 5056 0 0 0 0 0 1241 1241 1241 1241 1241 1241 1236 1236
    1236 1236 1241 1241 1241 1236 1236 1232 1232 1236 1236 1236 1236
    1236 1236 1236 1236 1232 1232 1232 1232 1232 1232 1232 1232 1232
    1232 1232 1232 1232 1232 1232 1232 1227 1227 1227 1227 1227 1227
    1227 1227 1227 1227 1227 1227 0 0 5056 0 0 0 0 0 1241 1241 1241 1241
    1236 1236 1236 1236 1236 1236 1236 1236 1236 1232 1232 1232 1232
    1232 1232 1232 1236 1236 1236 1236 1236 1232 1232 1232 1232 1232
    1232 1232 1232 1232 1232 1232 1232 1232 1227 1227 1227 1227 1227
    1227 1227 1227 1227 1227 1227 1227 1227 1227 1227 0 0 5132 0 0 0 0 0
    1241 1241 1241 1241 1236 1236 1232 1232 1232 1232 1232 1232 1232
    1232 1232 1232 1232 1232 1232 1232 1232 1232 1232 1232 1232 1232
    1232 1232 1232 1232 1232 1232 1232 1232 1232 1232 1232 1232 1227
    1227 1227 1227 1227 1227 1227 1227 1227 1227 1227 1227 1227 1227 0 0
    0 0 0 0 0 0 1241 1236 1236 1236 1236 1236 1236 1232 1232 1232 1232
    1232 1232 1232 1232 1232 1232 1232 1232 1232 1232 1232 1232 1232
    1232 1232 1232 1232 1232 1232 1232 1232 1232 1232 1232 1232 1232
    1232 1232 1227 1227 1227 1227 1223 1223 1227 1227 1227 1227 1227
    1227 1227 1227 0 0 0 0 0 0 0 0 1241 1236 1236 1232 1232 1232 1232
    1232 1232 1232 1232 1232 1232 1232 1232 1232 1232 1232 1232 1227
    1227 1227 1232 1232 1232 1232 1232 1232 1227 1227 1227 1227 1232
    1232 1227 1227 1227 1227 1227 1227 1223 1223 1223 1223 1223 1223
    1223 1223 1223 1223 1223 1223 1223 0 0 0 0 0 0 0 0 1236 1236 1232
    1232 1232 1232 1232 1232 1232 1232 1232 1232 1232 1232 1232 1232
    1232 1232 1227 1227 1227 1227 1227 1227 1232 1232 1232 1227 1227
    1227 1227 1227 1227 1227 1227 1227 1227 1227 1227 1227 1223 1223
