<?xml version="1.0"?>
<opencv_storage>
<Depth19419 type_id="opencv-matrix">
  <rows>25</rows>
  <cols>30</cols>
  <dt>w</dt>
  <data>
    4405 4405 4349 4349 4295 4295 4295 4349 4349 4349 3149 3120 3120
    3120 3120 3120 3092 3092 4522 4405 4405 4349 4349 4349 4349 4349
    4349 4349 4349 4349 4349 4349 4295 4295 4295 4295 4295 4295 4295
    4295 3149 3149 3120 3120 3120 3120 3092 3092 3120 4405 4295 4295
    4295 4295 4295 4295 4295 4295 4295 4295 4295 4295 4295 4241 4241
    4241 4241 4295 4295 3120 3120 3120 3120 3120 3120 3120 3120 3120
    3092 3092 3120 4139 4241 4241 4241 4241 4241 4241 4241 4241 4295
    4295 4241 4241 4241 4241 4241 4295 3149 3120 3120 3120 3120 3120
    3149 3120 3120 3149 3092 3092 3092 4089 4139 4190 4190 4190 4190
    4190 4190 4190 4190 4190 4190 4190 4190 3092 3092 3064 3064 3092
    3092 3092 3120 3120 3120 3120 3120 3092 3064 3037 3037 3037 4089
    4139 4190 4190 4139 4139 4139 4139 4139 4190 4190 4190 4190 3037
    3037 3064 3064 3064 3092 3092 3092 3120 3120 3120 3064 3064 3037
    3010 3010 3010 3010 3037 3064 3092 3092 4089 4089 4089 4089 4089
    4139 4139 3064 3037 3037 3064 3064 3064 3092 3092 3092 3092 3064
    3064 3037 3037 3010 3010 3010 3010 3010 3037 3064 3092 3092 4089
    4041 4041 3994 3994 4041 3037 3037 3037 3037 3064 3064 3064 3092
    3064 3064 3064 3037 3010 3010 3010 3010 3010 3010 3010 3037 3064
    3064 3092 3064 3064 3994 3994 3994 3994 4041 3037 3037 3037 3037
    3064 3064 3064 3064 3064 3037 3010 3010 2984 2984 3010 3010 3010
    3010 3010 3010 3064 3064 3092 3064 3064 3092 3948 3903 3948 4041
    3037 3037 3037 3037 3064 3037 3037 3010 2984 2984 2984 2958 2958
    2958 2984 3010 3010 3010 3010 3010 3064 3092 3092 3092 3092 3092
    3948 3859 2984 2984 3010 3037 3064 3064 3037 3010 3010 2984 2958
    2958 2933 2933 2933 2958 2984 3010 3010 3010 3010 3037 3064 3064
    3092 3064 3064 3064 3948 3010 2984 2984 2984 3037 3037 3037 3010
    3010 2984 2958 2958 2933 2933 2933 2933 2958 2984 2984 3010 3010
    3010 3037 3064 3064 3092 3064 3064 3064 3064 3010 2984 2984 2984
    3037 3037 3037 3010 2984 2958 2933 2908 2908 2908 2933 2933 2958
    2984 2984 3010 3010 3037 3064 3064 3064 3092 3092 3064 3064 3064
    3010 2984 2984 2984 3010 3037 3037 2984 2958 2933 2908 2883 2883
    2908 2933 2958 2958 2984 2984 3010 3010 3010 3064 3064 3064 3092
    3092 3064 3064 3064 3010 3010 2984 2984 3010 3010 3010 2984 2958
    2908 2883 2883 2883 2908 2933 2958 2958 2984 2984 3010 3010 3010
    3064 3064 3064 3092 3092 3064 3064 3064 3010 2984 2984 2984 3010
    3010 3010 2958 2908 2883 2883 2883 2908 2908 2958 2958 2984 2984
    2984 3010 3010 3037 3064 3064 3064 3064 3064 3064 3064 3064 3010
    2984 2984 2984 3010 2984 2984 2933 2883 2883 2883 2883 2908 2933
    2958 2984 2984 2984 2984 2984 3010 3037 3064 3064 3064 3064 3037
    3037 3064 3092 2984 2984 2984 2984 2984 2958 2933 2908 2859 2859
    2859 2883 2908 2933 2958 2958 2958 2984 2984 2984 3010 3037 3064
    3064 3064 3064 3037 3037 3064 3064 2984 2984 2984 2958 2958 2958
    2883 2859 2859 2859 2859 2859 2908 2933 2958 2958 2958 2984 2984
    2984 2984 3010 3064 3064 3064 3064 3064 3064 3064 3064 2984 2984
    3010 2958 2958 2883 2859 2859 2859 2859 2859 2859 2908 2933 2958
    2958 2958 2984 2958 2958 2984 2984 3037 3064 3064 3064 3037 3037
    3037 3037 3010 2984 2984 2933 2908 2883 2859 2859 2859 2859 2883
    2883 2908 2933 2958 2958 2984 2984 2958 2958 2984 2984 3037 3064
    3064 3064 3037 3037 3037 3010 3010 2984 2958 2883 2859 2859 2883
    2883 2859 2859 2883 2883 2883 2933 2958 2958 2984 2984 2984 2984
    2984 3010 3037 3064 3064 3064 3064 3037 3037 3010 2958 2933 2933
    2883 2859 2859 2883 2883 2883 2883 2883 2883 2883 2933 2958 2984
    2984 2984 2984 2984 3010 3037 3064 3064 3064 3064 3064 3037 3037
    3010 2958 2908 2908 2933 2908 2908 2933 2883 2883 2883 2883 2883
    2908 2933 2958 2984 2984 2984 2984 2984 3010 3037 3064 3064 3064
    3064 3064 3064 3064 3064 2958 2908 2908 2958 2958 2958 2933 2883
    2883 2859 2859 2859 2883 2958 2958 2984 2984 2984 2984 2984 3010
    3037 3064 3064 3064 3064 3064 3064 3064 3120</data></Depth19419>
</opencv_storage>
