<?xml version="1.0"?>
<opencv_storage>
<Depth2207 type_id="opencv-matrix">
  <rows>5</rows>
  <cols>22</cols>
  <dt>w</dt>
  <data>
    7492 0 0 0 7492 7492 7492 7332 7332 7492 7660 7660 7492 7492 7492
    7660 7835 7835 7660 7660 7660 7492 0 7492 7492 7492 7492 7492 7492
    7492 7492 7492 7492 7835 7660 7492 7492 7660 7835 7660 7660 7660
    7660 7492 7492 7492 7492 7492 7332 7332 7492 7492 7492 7492 7492
    7660 7660 7660 7660 7660 7835 7660 7660 7660 7660 7660 7492 7492
    7492 7492 7332 7332 7492 7492 7492 7492 7660 7660 7660 7660 7660
    7660 7835 7835 7835 7660 7660 7660 7492 7492 7492 7492 7492 7492
    7660 7492 7492 7660 7660 7660 7660 7660 7660 7660 7835 7835 0 7660
    7660 7660</data></Depth2207>
</opencv_storage>
