<?xml version="1.0"?>
<opencv_storage>
<Depth6241 type_id="opencv-matrix">
  <rows>102</rows>
  <cols>75</cols>
  <dt>w</dt>
  <data>
    4463 4463 4463 4463 4463 4522 4522 4582 4582 4582 4582 4582 4582
    4582 4645 4645 4645 4645 995 995 4645 4645 4645 975 973 970 967 964
    964 964 964 967 973 978 981 981 981 0 0 0 0 4983 4983 4983 5056 5056
    5056 5056 5056 5132 5210 5132 5132 5132 5132 5132 5132 5132 5132
    5132 5132 5132 5132 5132 5210 5210 5210 5210 5210 5210 5210 5210 0 0
    0 4463 4463 4522 4522 4522 4582 4582 4582 4582 4582 4582 4582 4582
    4645 4645 4645 4645 1004 995 995 989 987 981 975 973 967 964 962 962
    964 964 967 973 978 978 978 978 0 0 992 0 4983 4983 4983 5056 5056
    5056 5056 5056 5132 5132 5132 5132 5132 5132 5132 5132 5132 5132
    5132 5132 5132 5132 5132 5132 5132 5132 5210 5210 5210 5210 5210 0 0
    0 4463 4463 4522 4522 4522 4582 4582 4522 4522 4582 4582 4582 4645
    4645 1022 1022 1016 1004 1004 995 989 987 981 975 973 967 964 962
    962 962 964 964 973 978 978 978 978 987 992 992 0 4983 4983 4983
    5056 5056 5056 5056 5132 5132 5132 5056 5056 5132 5132 5132 5210
    5132 5132 5132 5210 5210 5132 5056 5056 5132 5132 5132 5132 5210
    5210 5210 5210 5210 5210 4463 4463 4463 4522 4522 4582 4582 4522
    4522 4582 4645 4645 4645 1028 1022 1022 1016 1013 1004 998 992 987
    981 975 970 967 962 959 959 962 964 964 970 978 978 981 981 987 992
    992 995 1001 1001 5056 5056 5056 5056 5056 5056 5056 5056 4983 4983
    5056 5132 5132 5210 5210 5210 5210 5210 5210 5132 5056 5056 5132
    5132 5132 5132 5210 5210 5210 5210 5210 5210 4463 4463 4463 4522
    4522 4582 4582 4582 4582 0 0 1028 1028 1028 1025 1019 1013 1010 1007
    998 992 984 978 973 967 964 962 959 959 962 964 964 970 978 978 981
    984 987 989 989 992 998 1004 1004 1004 1004 5132 5132 5056 5056 5056
    4983 4983 5056 5132 5132 5210 5210 5210 5210 5210 5210 5210 5210
    5132 5132 5132 5132 5210 5210 5210 5210 5210 5210 5210 4463 4463
    4463 4463 4582 0 0 0 0 0 1041 1028 1028 1028 1025 1019 1013 1010
    1007 995 987 978 978 973 967 964 962 959 959 962 964 964 970 975 975
    981 984 987 989 989 992 998 1001 1004 1004 0 1007 1022 1022 1022
    1025 1025 5210 5210 5210 5210 5210 5210 5210 5210 5210 5210 5210
    5210 5132 5132 5132 5132 5210 5210 5291 5291 5210 5210 5210 4463
    4463 4405 4405 0 0 0 0 0 0 1041 1041 1034 1028 1022 1022 1013 1010
    1001 995 984 978 975 973 964 959 956 956 959 962 964 964 970 973 973
    978 981 987 989 989 992 995 998 1004 1004 1007 1007 1022 1022 1022
    1025 1025 1025 5210 5210 5210 5210 5132 5132 5210 5210 5210 5210
    5210 5210 5210 5210 5210 5210 5291 5291 5291 5291 5210 5210 4463
    4463 4405 4405 0 0 0 0 0 0 1038 1034 1034 1028 1022 1019 1013 1007
    995 989 981 978 975 970 964 959 956 956 956 962 964 964 970 973 973
    975 978 984 989 989 992 992 998 1001 1004 1007 1007 1007 1010 1016
    1019 1019 1025 1025 5210 5210 5210 5132 5132 5210 5210 5210 5210
    5210 5210 5210 5210 5210 5210 5291 5291 5291 5291 5291 5291 4463
    4463 4405 4405 0 0 0 0 0 0 1038 1034 1034 1028 1022 1016 1010 1004
    995 989 981 978 973 967 962 956 954 954 956 959 964 964 970 973 973
    975 978 981 989 989 992 992 995 998 1004 1007 1007 1007 1010 1016
    1016 1019 1025 1025 1031 5291 5291 5132 5132 5132 5132 5132 5210
    5210 5210 5210 5210 5210 5210 5291 5291 5291 5291 5291 5291 4405
    4405 4463 0 0 0 0 0 0 0 1038 1031 1031 1025 1019 1013 1007 1001 992
    987 981 975 970 967 962 956 954 954 954 956 959 964 970 973 973 975
    978 981 987 989 992 992 995 998 1004 1004 1004 1007 1013 1016 1016
    1019 1025 1025 1031 1034 1034 1038 5132 5132 5132 5132 5210 5210
    5291 5210 5210 5210 5210 5210 5291 5291 5291 5291 5291 4405 4405
    4405 0 0 0 0 0 0 0 1038 1031 1031 1025 1019 1010 1007 1001 989 984
    981 975 970 967 962 956 954 954 954 956 959 967 967 970 970 975 978
    981 984 987 992 992 995 998 1001 1004 1004 1004 1013 1013 1016 1019
    1025 1025 1031 1031 1034 1038 1038 1050 1054 5210 5210 5210 5210
    5210 5210 5210 5210 5210 5210 5210 5291 5210 5210 4405 4405 4405
    4405 0 0 0 0 0 0 1038 1031 1028 1022 1016 1010 1004 995 989 981 978
    975 970 964 959 954 954 954 954 956 959 967 967 970 970 975 978 981
    981 984 989 992 995 998 998 1001 1004 1004 1013 1013 1016 1019 1025
    1028 1031 1031 1034 1038 1047 1050 1054 1054 1054 5210 5210 5210
    5210 5210 5210 5210 5210 5210 5210 5210 5210 4405 4405 4405 4405 0 0
    0 0 0 0 1038 1031 1028 1019 1013 1010 1004 995 989 981 975 973 967
    964 959 954 954 954 954 956 959 964 967 967 970 975 978 981 981 984
    987 992 995 995 998 1001 1004 1004 1013 1013 1016 1019 1022 1025
    1028 1031 1031 1038 1047 1047 1050 1054 1054 1057 1057 1060 5291
    5291 5210 5210 5210 5210 5210 5210 5210 4405 4405 4405 0 0 0 0 0 0 0
    1038 1031 1025 1019 1013 1007 1001 992 987 978 975 970 964 962 956
    951 951 951 954 956 959 964 967 967 970 975 978 978 981 981 984 989
    992 995 998 1001 1004 1007 1013 1013 1016 1016 1019 1025 1028 1031
    1031 1038 1047 1047 1050 1054 1054 1057 1060 1060 1060 1063 5210
    5210 5210 5210 5210 5210 5210 4405 4405 4463 0 0 0 0 0 0 0 1034 1031
    1025 1016 1010 1007 1001 989 984 978 973 967 964 959 956 951 951 951
    954 956 956 964 967 967 970 973 975 978 981 981 984 989 989 992 995
    1001 1004 1007 1010 1013 1013 1016 1019 1025 1028 1031 1031 1038
    1041 1044 1050 1050 1054 1057 1060 1060 1063 1063 1073 1080 5210
    5210 5210 5210 5210 4405 4405 4405 0 0 0 0 0 0 0 1031 1028 1025 1016
    1010 1007 1001 989 984 978 973 967 964 959 954 948 948 948 954 954
    956 962 967 967 970 973 975 978 981 981 984 987 989 992 995 1001
    1004 1007 1010 1013 1013 1016 1019 1025 1028 1031 1031 1038 1041
    1044 1047 1050 1054 1054 1060 1063 1063 1067 1073 1080 1080 1080
    1080 5291 5291 4405 4405 4405 0 0 0 0 0 0 1038 1031 1028 1022 1016
    1010 1007 992 987 984 978 973 967 959 956 951 948 948 948 951 954
    956 962 964 967 970 970 975 978 981 981 984 987 989 992 992 998 1004
    1007 1007 1013 1013 1016 1016 1025 1028 1031 1031 1038 1041 1041
    1044 1050 1050 1054 1057 1063 1067 1067 1070 1077 1080 1080 1080
    1080 1080 4405 4405 4405 0 0 0 0 0 0 1034 1028 1028 1022 1016 1007
    1004 989 984 981 975 973 967 959 954 948 948 948 948 951 954 956 962
    964 967 967 970 973 978 978 981 987 987 989 989 992 998 1004 1007
    1007 1013 1013 1013 1016 1025 1025 1028 1031 1038 1041 1041 1044
    1047 1050 1054 1054 1060 1063 1067 1070 1077 1080 1080 1080 1077
    1077 4463 4463 0 0 0 0 0 0 0 1034 1028 1025 1022 1013 1007 992 989
    984 978 975 970 967 956 951 946 946 946 946 948 954 956 959 962 964
    967 970 973 975 978 981 984 987 989 989 992 995 1001 1004 1007 1010
    1013 1013 1016 1022 1025 1025 1031 1038 1041 1041 1044 1047 1050
    1050 1054 1060 1063 1067 1067 1077 1080 1084 1080 1077 1077 4405
    4405 0 0 0 0 0 0 0 1031 1028 1025 1019 1010 1004 992 987 981 978 973
    967 964 956 951 946 946 946 946 948 954 956 959 962 964 967 970 970
    975 978 981 981 987 989 989 992 995 1001 1004 1004 1010 1013 1013
    1019 1022 1025 1025 1031 1034 1038 1041 1041 1047 1050 1050 1054
    1060 1063 1063 1067 1073 1077 1080 1080 1084 1084 4405 4405 0 0 0 0
    0 0 0 1031 1025 1022 1016 1007 1001 989 987 981 975 970 967 964 956
    948 946 946 946 946 948 954 954 959 962 964 967 967 970 973 975 978
    981 984 989 989 992 995 1001 1004 1004 1010 1013 1013 1019 1022 1022
    1025 1028 1031 1038 1038 1041 1047 1050 1054 1054 1057 1063 1063
    1067 1073 1077 1080 1080 1084 1084 4349 4349 0 0 0 0 0 0 0 1028 1025
    1019 1013 1004 1001 989 987 981 975 970 964 962 956 948 943 943 943
    946 948 951 954 959 959 964 967 967 970 973 975 978 981 984 987 989
    992 995 1001 1001 1004 1007 1010 1013 1016 1022 1022 1025 1028 1031
    1038 1038 1041 1047 1050 1050 1054 1057 1063 1063 1067 1070 1077
    1077 1080 1080 1080 4241 4241 0 0 0 0 0 0 1025 1022 1022 1016 1010
    1004 1001 989 984 978 973 967 964 959 954 948 943 943 943 946 948
