<?xml version="1.0"?>
<opencv_storage>
<Depth2430 type_id="opencv-matrix">
  <rows>11</rows>
  <cols>18</cols>
  <dt>w</dt>
  <data>
    4190 4190 4190 4139 4139 4139 4190 4241 4241 4241 4295 4295 4349
    4349 4349 4349 4295 4295 4190 4139 4139 4089 4089 4089 4190 4190
    4241 4241 4295 4295 4295 4295 4295 4349 4295 4295 4139 4139 4139
    4089 4089 4089 4190 4190 4241 4241 4241 4241 4241 4295 4295 4349
    4295 4295 4139 4139 4190 4190 4190 4190 4190 4241 4241 4241 4190
    4190 4241 4295 4295 4349 4295 4295 4139 4139 4190 4190 4190 4241
    4241 4190 4190 4190 4190 4190 4295 4295 4349 4349 4295 4295 4139
    4190 4190 4190 4241 4241 4241 4190 4139 4139 4139 4190 4295 4295
    4349 4349 4241 4241 4139 4139 4139 4241 4241 4241 4190 4190 4139
    4139 4139 4190 4295 4349 4349 4349 4241 4241 4139 3994 3994 4089
    4089 4089 4190 4190 4190 3948 3903 3903 4349 4349 4349 4190 4190
    4349 3994 3994 3994 3994 3994 3994 3994 4041 4041 3948 3903 3903
    3903 3948 4139 4139 4139 4139 3238 3994 3948 3948 3948 3994 3994
    4041 4041 3948 3903 3903 3948 3948 4139 4139 4139 4139 3238 3300
    3948 3948 3948 3994 3994 3994 4041 4041 3903 3903 3948 3948 0 3948
    3774 2933</data></Depth2430>
</opencv_storage>
