<?xml version="1.0"?>
<opencv_storage>
<Depth10247 type_id="opencv-matrix">
  <rows>53</rows>
  <cols>53</cols>
  <dt>w</dt>
  <data>
    4041 3994 3994 3994 3994 4041 4041 4041 4041 4041 4041 4041 4041
    4041 3994 3994 3994 3994 3994 3994 3994 3994 3994 3994 3994 4041
    4041 4041 3994 3948 3903 3859 3859 3859 3903 3903 3859 3859 3859
    3948 1776 1766 1766 1766 1766 1766 1766 3859 3859 3816 3774 3774
    3732 4041 4041 4041 4041 4041 4041 4041 4041 4041 4041 4041 4041
    4041 4041 4041 4041 3994 3994 3994 3994 3994 3994 3994 3994 3994
    4041 4041 4041 4041 3994 3948 3903 3903 3903 3903 3903 3859 3859
    1804 1785 1776 1766 1766 1776 1776 1776 1776 1776 3859 3816 3774
    3774 3816 4041 4041 4041 4041 4041 4041 4041 4041 4041 4041 4041
    4041 4041 4041 4041 4041 3994 3994 3994 3994 3994 4041 4041 4041
    4041 4041 4041 4041 4041 3994 3948 3903 3903 3903 3903 3903 1804
    1804 1794 1785 1776 1776 1776 1776 1776 1766 1766 1757 1757 3859
    3774 3774 3816 4089 4089 4089 4041 4041 4041 4041 4041 4041 4041
    4041 4041 4041 4089 4041 4041 4041 3994 3994 3994 3994 4041 4041
    4041 4041 4041 4041 4041 4041 3994 3948 3903 3903 1804 1785 1785
    1785 1794 1794 1785 1776 1776 1776 1776 1766 1766 1766 1757 1757
    1757 1766 0 0 4089 4089 4089 4041 4041 4041 4041 4041 4041 4041 4041
    4089 4089 4089 4089 4089 4089 4041 4041 4041 4041 4041 4041 4041
    4041 4041 4041 4041 4041 3948 3948 1804 1794 1794 1785 1785 1785
    1794 1785 1776 1776 1766 1766 1776 1766 1766 1766 1757 1757 1757
    1766 0 0 4089 4139 4139 4089 4041 4041 4041 4041 4041 4041 4089 4089
    4089 4089 4089 4089 4089 4041 4041 4089 4089 4089 4041 4041 4041
    4041 4041 4041 4041 3948 1804 1794 1794 1794 1785 1785 1785 1794
    1785 1776 1776 1766 1766 1766 1766 1766 1766 1766 1757 1757 1766 0 0
    4089 4139 4139 4089 4089 4041 4041 4041 4089 4089 4089 4089 4089
    4041 4041 4089 4089 4089 4089 4089 4139 4089 4089 4041 4041 4041
    4041 4041 4041 3994 1794 1794 1794 1794 1794 1785 1785 1785 1785
    1776 1776 1766 1766 1766 1766 1766 1766 1766 1757 1757 1757 0 0 4089
    4139 4139 4089 4089 4041 4041 4089 4139 4139 4089 4089 4041 4041
    4041 4041 4041 4089 4139 4139 4139 4089 4089 4041 4041 4041 4041
    4041 4041 1804 1794 1794 1794 1785 1776 1776 1776 1776 1776 1776
    1776 1766 1766 1766 1766 1766 1757 1757 1757 1757 1757 0 0 4139 4190
    4190 4139 4139 4089 4089 4089 4139 4139 4089 4041 4041 4041 4041
    4041 4041 4089 4139 4139 4139 4089 4089 4041 4041 4041 1804 1804
    1804 1804 1794 1794 1785 1785 1776 1776 1776 1776 1776 1776 1776
    1776 1766 1766 1766 1766 1757 1757 1757 1757 1757 1757 1766 4190
    4190 4190 4190 4190 4139 4139 4190 4139 4139 4041 4041 4041 4041
    4041 4041 4041 4139 4139 4139 4139 4089 4041 4041 1804 1804 1804
    1804 1804 1794 1785 1785 1785 1785 1785 1776 1776 1776 1776 1776
    1776 1776 1776 1766 1766 1766 1757 1757 1757 1757 1757 1757 1766
    4190 4190 4190 4190 4190 4190 4190 4190 4139 4139 4041 4041 4089
    4089 4089 4089 4089 4139 4139 4139 4089 4089 1794 1794 1804 1804
    1804 1804 1804 1794 1785 1785 1785 1785 1785 1776 1776 1776 1776
    1776 1776 1776 1766 1766 1766 1766 1757 1757 1766 1757 1757 1757
    1757 4190 4190 4190 4190 4190 4190 4190 4190 4190 4139 4089 4089
    4089 4089 4139 4190 4190 4190 4139 4139 4089 1794 1794 1794 1804
    1804 1804 1804 1794 1785 1785 1785 1785 1785 1785 1785 1785 1776
    1776 1776 1776 1776 1766 1766 1766 1766 1757 1757 1766 1766 1766
    1757 1757 4241 4241 4190 4190 4190 4190 4190 4190 4190 4139 4089
    4089 4139 4139 4190 4190 4190 4190 4139 4139 1804 1794 1794 1804
    1804 1804 1804 1804 1794 1785 1785 1785 1785 1785 1785 1794 1785
    1776 1776 1776 1776 1776 1766 1766 1766 1766 1757 1757 1766 1766
    1757 1757 1757 4241 4241 4241 4241 4241 4241 4190 4190 4190 4190
    4139 4139 4139 4139 4139 4139 1813 1813 4089 1813 1804 1804 1804
    1804 1804 1804 1804 1804 1794 1785 1785 1785 1785 1785 1785 1785
    1785 1785 1776 1776 1776 1776 1766 1766 1766 1766 1766 1766 1757
    1757 1757 1757 1757 4241 4241 4241 4241 4241 4241 4241 4241 4241
    4241 4190 4190 4139 4041 1833 1833 1813 1813 1813 1813 1804 1804
    1804 1804 1804 1804 1804 1804 1794 1794 1794 1785 1785 1785 1785
    1785 1785 1776 1776 1776 1776 1776 1776 1766 1766 1766 1766 1766
    1757 1757 1757 1748 1748 4241 4241 4241 4241 4241 4241 4241 4241
    4241 4241 4190 4139 4089 4041 1833 1833 1813 1813 1813 1813 1813
    1813 1804 1804 1804 1804 1804 1804 1804 1794 1794 1785 1785 1785
    1776 1776 1776 1776 1776 1776 1776 1766 1766 1766 1766 1766 1766
    1766 1757 1757 1757 1748 1748 4241 4241 4241 4241 4241 4241 4241
    4241 4241 4241 4190 4139 4089 1823 1823 1833 1823 1823 1823 1823
    1813 1813 1804 1804 1804 1804 1804 1804 1804 1794 1794 1785 1785
    1785 1776 1776 1776 1776 1776 1776 1776 1766 1766 1766 1766 1766
    1766 1766 1757 1757 1757 1748 1748 4241 4241 4241 4241 4295 4241
    4241 4241 4241 4241 4190 4190 1833 1823 1823 1823 1823 1823 1823
    1823 1813 1804 1804 1804 1804 1804 1804 1804 1804 1794 1794 1785
    1785 1785 1776 1776 1776 1776 1776 1776 1776 1766 1766 1766 1766
    1766 1766 1766 1766 1766 1757 1748 1748 4241 4241 4295 4295 4295
    4241 4241 4190 4190 4241 4241 4241 1833 1823 1823 1823 1823 1823
    1823 1813 1813 1804 1804 1804 1804 1804 1804 1804 1794 1794 1794
    1794 1785 1785 1776 1776 1776 1776 1766 1766 1766 1766 1766 1766
    1766 1766 1766 1766 1766 1757 1757 1757 1748 4295 4295 4349 4349
    4241 4241 4241 4190 4190 4190 1833 1833 1833 1833 1833 1833 1833
    1833 1823 1813 1804 1804 1804 1804 1804 1804 1804 1804 1794 1794
    1794 1794 1785 1785 1776 1776 1776 1776 1766 1766 1766 1766 1766
    1766 1766 1766 1766 1766 1766 1757 1757 1757 1748 4295 4295 4295
    4295 4241 4241 4241 1843 1843 1833 1823 1823 1833 1833 1833 1833
    1833 1823 1823 1813 1804 1804 1804 1804 1804 1804 1804 1804 1794
    1794 1794 1794 1785 1785 1776 1776 1776 1776 1776 1766 1766 1766
    1766 1766 1766 1766 1766 1766 1757 1757 1757 1757 1748 4295 4295
    4295 4241 4241 4241 1843 1833 1833 1833 1823 1823 1833 1833 1833
    1833 1833 1823 1813 1813 1804 1804 1804 1804 1804 1804 1794 1794
    1794 1794 1794 1794 1785 1785 1776 1776 1776 1776 1776 1766 1766
    1766 1766 1766 1766 1766 1766 1757 1757 1757 1757 1757 1748 1823
    1823 1823 1823 1843 1843 1843 1833 1833 1833 1833 1833 1833 1833
    1823 1823 1823 1823 1813 1804 1804 1804 1804 1804 1804 1804 1794
    1794 1794 1794 1794 1794 1785 1785 1776 1776 1776 1776 1776 1776
    1766 1766 1766 1766 1766 1766 1757 1757 1757 1757 1757 1757 1748
    1823 1823 1823 1823 1843 1843 1843 1843 1843 1843 1833 1833 1833
    1833 1823 1823 1823 1823 1813 1804 1804 1804 1804 1804 1804 1804
    1794 1794 1794 1794 1794 1794 1785 1785 1776 1776 1776 1776 1776
    1776 1766 1766 1766 1766 1766 1766 1757 1757 1757 1757 1757 1757
    1748 1823 1823 1833 1843 1843 1843 1843 1843 1843 1843 1833 1833
    1833 1833 1823 1823 1823 1823 1813 1813 1804 1804 1804 1804 1804
    1804 1794 1794 1794 1785 1785 1785 1776 1776 1776 1776 1776 1776
    1776 1776 1766 1766 1766 1766 1766 1757 1757 1757 1757 1757 1757
    1757 1748 1853 1853 1853 1853 1853 1853 1843 1843 1843 1843 1843
    1843 1833 1833 1823 1823 1823 1813 1813 1813 1804 1804 1804 1804
    1804 1804 1804 1804 1804 1785 1785 1785 1776 1776 1776 1776 1776
    1776 1776 1776 1766 1766 1766 1766 1757 1757 1757 1757 1757 1757
    1757 1748 1748 1853 1853 1853 1853 1853 1853 1853 1843 1843 1843
    1843 1833 1833 1823 1823 1823 1823 1813 1813 1813 1804 1804 1804
    1804 1804 1804 1804 1804 1794 1785 1776 1776 1776 1776 1776 1776
    1776 1776 1776 1776 1776 1776 1766 1766 1757 1757 1757 1757 1757
    1757 1757 1748 1748 1853 1853 1853 1853 1853 1853 1853 1843 1843
    1843 1843 1833 1833 1823 1823 1823 1813 1813 1813 1813 1813 1813
    1813 1804 1804 1804 1804 1804 1794 1785 1776 1776 1776 1776 1776
    1776 1776 1776 1776 1776 1776 1776 1766 1766 1757 1757 1757 1757
