<?xml version="1.0"?>
<opencv_storage>
<Depth15581 type_id="opencv-matrix">
  <rows>50</rows>
  <cols>27</cols>
  <dt>w</dt>
  <data>
    4522 2005 2005 4582 0 2005 2005 2005 1993 1993 1993 1993 1993 1993
    2005 0 0 0 4349 4349 4405 4405 4405 4405 4349 4349 4405 1993 1993
    1993 1993 1993 2005 2005 2005 1993 1993 1993 1993 1993 1993 1993
    2005 2040 2040 4349 4349 4405 4405 4405 4463 4405 4405 4405 1993
    1993 1993 1993 1993 1993 1993 1993 1993 1993 1993 1993 1993 1993
    1993 2005 2028 2040 4349 4349 4405 4463 4463 4463 4405 4405 4405
    2005 2005 1993 1993 1993 1993 1993 1993 1993 1993 1993 1993 1993
    1993 1993 2005 2028 2053 2065 2065 4463 4463 4463 4405 4405 4405
    4405 2005 2005 1993 1993 1993 1993 1993 1993 1993 1993 1993 1993
    1993 1993 1993 2005 2028 2053 2065 2143 2156 2156 4463 4405 4405
    4405 4405 2005 2005 1993 1993 1993 1993 1993 1993 1993 1993 1993
    1993 1993 1993 1993 1993 2028 2053 2065 2129 2156 2198 2198 4405
    4405 4405 4405 1993 1993 1993 1993 1993 1993 1981 1981 1981 1993
    1993 1993 1993 1993 1993 1993 2016 2065 2090 2116 2143 2170 2170
    4463 4405 4405 4405 1993 1993 1993 1993 1993 1993 1981 1981 1981
    1981 1981 1993 1993 1993 1993 1993 2016 2065 2090 2116 2143 2156
    2156 4463 4463 4405 4405 2005 2005 1993 1993 1993 1993 1981 1981
    1981 1981 1981 1993 1993 1993 1993 1993 2016 2053 2078 2103 2129
    2156 2156 4463 4463 4405 4405 2005 2005 1993 1993 1993 1993 1993
    1993 1993 1993 1993 1993 1993 1993 1993 1993 2016 2053 2065 2103
    2129 2156 2156 4463 4463 4405 4405 2005 2005 1993 1993 1993 1993
    1993 1993 1993 1993 1993 1993 1993 1993 1993 1993 2016 2040 2065
    2090 2116 2156 2156 4522 4463 4405 4405 2005 1993 1993 1993 1993
    1993 1993 1993 1993 1993 1993 1993 1993 1993 1993 1993 2005 2028
    2053 2078 2116 2156 2156 2156 4463 4405 4405 2005 1993 1993 1993
    1993 1993 1993 1993 1993 1993 1993 1993 1993 1993 1993 1993 2005
    2016 2040 2078 2103 2156 2156 2156 4463 4405 4405 4463 1993 1993
    1993 1993 1981 1981 1993 1993 1993 1993 1993 1993 1993 1993 1993
    2005 2005 2028 2078 2103 2143 2156 2156 4349 4349 4405 4522 1993
    1993 1981 1981 1981 1981 1993 1993 1993 1993 1981 1981 1993 1993
    1993 2005 2005 2016 2065 2103 2143 2156 2156 4349 4349 4405 4522
    4522 1993 1981 1981 1981 1981 1993 1993 1993 1993 1981 1981 1981
    1993 1993 1993 2005 2016 2065 2116 2143 2156 2156 4349 4349 4405
    4522 4522 1993 1993 1993 1993 1993 1993 1993 1993 1993 1993 1981
    1981 1993 1993 1993 2005 2016 2053 2116 2143 2156 2170 4349 4349
    4349 4522 2040 2005 2005 2005 1993 1993 1993 1993 1993 1993 1993
    1993 1993 1993 1993 1993 2005 2016 2053 2103 2143 2170 2170 4405
    4349 4349 4522 2028 2016 2005 2005 1993 1993 1993 1993 1993 1993
    1993 1993 1993 1993 1993 1993 2005 2016 2053 2078 2103 2156 2156
    4405 4405 4463 4522 2028 2016 2005 1993 1993 1993 1993 1993 1993
    1993 1993 1993 1993 1993 1993 1993 2005 2005 2053 2078 2103 2129
    2156 2156 4405 4463 4522 4522 2005 2005 1993 1993 1993 1993 1993
    1993 1993 1993 1993 1993 1993 1993 1993 1993 2005 2028 2078 2090
    2116 2156 2156 4405 4405 4522 4522 2005 1993 1993 1993 1993 1993
    1993 1993 1993 1993 1981 1981 1981 1993 1993 1993 1993 2028 2053
    2090 2116 2143 2143 4405 4405 4522 4522 2005 1993 1993 1993 1993
    1993 1993 1993 1981 1981 1981 1981 1981 1993 1993 1993 1993 2005
    2040 2103 2129 2143 2143 4463 4463 4522 4522 2005 2005 2005 1993
    1993 1993 1993 1993 1981 1981 1981 1981 1981 1993 1993 1993 2005
    2005 2040 2090 2129 2143 2184 4463 4463 4522 4522 2005 2005 2005
    1993 1993 1993 1993 1993 1993 1981 1981 1981 1981 1993 1993 1993
    1993 2005 2016 2078 2116 2143 2143 4463 4463 4522 4522 4522 2005
    2005 2005 1993 1993 1993 1993 1993 1993 1993 1981 1981 1993 1993
    1993 1993 2005 2016 2065 2103 2129 2129 4522 4522 4522 4522 4522
    2005 2005 2005 2005 1993 1993 1993 1993 1993 1993 1993 1981 1981
    1981 1993 1993 2005 2016 2065 2103 2129 2129 2156 4522 4522 4522
    4522 2005 2005 2005 2005 2005 2005 1993 1993 1993 1993 1993 1981
    1981 1981 1993 1993 2005 2005 2053 2103 2129 2129 2156 4522 4522
    4522 4522 2005 2005 2005 2005 2005 2005 1993 1993 1993 1993 1993
    1993 1993 1993 1993 1993 1993 2005 2053 2116 2129 2143 2170 2184
    4522 4522 4463 2005 2005 2005 2005 2005 2005 1993 1993 1993 1993
    1993 1993 1993 1993 1993 1993 1993 2005 2040 2129 2129 2143 2170
    2184 4522 4522 4463 2005 2005 2005 2005 2005 2005 1993 1993 1993
    1993 1993 1993 1993 1993 1993 1993 1993 2005 2040 2103 2129 2156
    2170 2184 4522 4522 4463 4463 2005 2005 2005 2005 2005 1993 1993
    1993 1993 1993 1993 1993 1993 1993 1993 1993 2005 2040 2103 2116
    2156 2170 2184 4522 4522 4463 4463 2005 2005 2005 2005 2005 2005
    2005 1993 1993 1993 1993 1993 1993 1993 1993 1993 2005 2028 2090
    2103 2156 2156 2156 4522 4522 4463 4463 2005 2005 2005 2005 2005
    2005 1993 1993 1993 1993 1993 1993 1993 1993 1993 1993 2005 2028
    2090 2103 2156 2156 2156 4522 4522 4463 4463 2005 2005 2005 2005
    2005 2005 1993 1993 1993 1993 1993 1993 1993 1993 1993 1993 1993
    2040 2090 2116 2156 2156 2156 4522 4522 4522 4463 2005 2005 2005
    2005 2005 1993 1993 1993 1993 1993 1993 1993 1993 1981 1981 1993
    1993 2016 2053 2116 2156 2156 2156 4522 4522 4522 4522 2005 2005
    2005 2005 2005 1993 1993 1993 1993 1993 1993 1993 1981 1981 1981
    1993 1993 2016 2053 2090 2143 2156 2184 4522 4522 4522 4522 2005
    2005 2005 2005 2005 2005 2005 1993 1993 1993 1993 1993 1981 1981
    1981 1993 1993 2028 2065 2078 2129 2156 2184 4522 4522 4522 4522
    4522 2005 2005 2005 2005 2005 2005 1993 1993 1993 1993 1993 1993
    1993 1993 1993 1993 2016 2053 2078 2129 2170 2184 4522 4522 4522
    4463 4463 2005 2005 2005 2005 2005 2005 1993 1993 1993 1993 1993
    1993 1993 1993 1993 1993 2005 2040 2078 2143 2170 2184 4522 4522
    4522 4463 4463 2005 2005 2005 2005 2005 2005 1993 1993 1993 1993
    1993 1993 1993 1993 1993 1993 2005 2040 2078 2143 2156 2184 4582
    4582 4522 4463 4463 4463 2005 2005 2005 2005 2005 1993 1993 1993
    1993 1993 1993 1993 1993 1993 1993 2005 2016 2053 2129 2156 2170
    4582 4582 4522 4463 4463 4463 2005 2005 2005 2005 2005 1993 1993
    1993 1993 1993 1993 1993 1993 1993 1993 2005 2016 2053 2090 2143
    2170 4582 4582 4522 4522 4522 4522 2005 2005 2005 2005 2005 1993
    1993 1993 1993 1993 1993 1993 1993 1993 1993 2005 2028 2040 2078
    2116 2170 4582 4582 4522 4522 4522 2005 2005 2005 2005 2005 2005
    2005 2005 1993 1993 1993 1993 1993 1993 1993 1993 2005 2016 2028
    2053 2116 2116 4582 4582 4522 4522 4522 2016 2016 2016 2005 2005
    2005 2005 2005 1993 1993 1993 1993 1993 1993 1993 1993 2005 2005
    2016 2028 2028 2028 4582 4582 4522 4522 4522 2016 2016 2016 2005
    2005 2005 2005 2005 1993 1993 1993 1993 1993 1993 1993 1993 2005
    2005 2005 2016 2016 0 4582 4582 4522 4522 4582 4582 2016 2005 2005
    2005 2005 2005 2005 1993 1993 1993 1993 1993 1993 1993 1993 1993
    1993 2005 2016 2016 4463 4582 4582 4522 4522 4522 4582 4582 2005
    2005 2005 2005 2005 2005 1993 1993 1993 1993 1993 1993 1993 1993
    1993 1993 2005 4463 4463 4463 4582 4582 4582 4522 4522 4582 4463
    2005 2005 2005 2005 2005 2005 2005 2005 1993 1993 1993 1993 4522
    4463 4463 4463 4463 4405 4405 4463</data></Depth15581>
</opencv_storage>
