<?xml version="1.0"?>
<opencv_storage>
<Depth7662 type_id="opencv-matrix">
  <rows>10</rows>
  <cols>18</cols>
  <dt>w</dt>
  <data>
    4405 4405 4405 4349 4349 4349 4295 4295 5548 5548 4139 4295 4295
    4241 4241 4139 4139 5548 4349 4405 4405 4349 4349 4295 4295 4190
    4139 4139 4139 4295 4295 4241 4190 4139 4139 4139 4349 4349 4349
    4349 4349 4295 4295 4190 4139 4139 4295 4295 4295 4241 4190 4139
    4139 4139 4295 4295 4295 4349 4349 4349 4295 4295 4241 4241 4295
    4241 4241 4241 4190 4139 4139 4190 4295 4295 4295 4349 4349 4349
    4295 4295 4241 4241 4295 4241 4241 4241 4190 4190 4190 4139 4349
    4349 4349 4349 4295 4295 4295 4241 4241 4295 4241 4241 4241 4241
    4190 4190 4190 4139 4349 4349 4349 4349 4295 4295 4295 4241 4241
    4295 4241 4241 4241 4190 4190 4190 4190 4139 4405 4405 4405 4349
    4295 4295 4295 4241 4241 4295 4241 4241 4241 4190 4190 4190 4190
    4190 1794 4405 4405 4349 4349 4349 4295 4241 4241 4295 4241 4139
    4139 4190 4190 4190 4241 4295 0 4405 4405 4349 4349 4349 0 0 4349
    4349 4241 4139 4139 4190 4190 4190 4241 4295</data></Depth7662>
</opencv_storage>
