<?xml version="1.0"?>
<opencv_storage>
<Depth1676 type_id="opencv-matrix">
  <rows>77</rows>
  <cols>54</cols>
  <dt>w</dt>
  <data>
    3399 3399 3365 3365 3365 3365 3365 3333 3333 3300 3300 3269 3269
    3269 3269 3269 3269 3269 3269 3269 3238 3238 3208 3208 3208 3149
    1241 1236 1232 1232 1232 1227 1223 1214 1214 1214 1210 1210 1210
    1214 1219 1223 1227 1236 1245 1245 1268 1268 1268 1268 2933 2933
    2933 2933 3399 3399 3399 3365 3365 3365 3333 3333 3333 3333 3300
    1288 1288 3269 3269 3300 3269 1273 1273 1273 1273 1273 3238 3208
    1250 1250 1241 1236 1232 1232 1232 1227 1219 1214 1214 1214 1210
    1210 1214 1214 1219 1223 1227 1236 1245 1250 1268 1268 1268 1268
    1268 2958 2958 2933 3399 3399 3399 3365 3365 3365 3333 3333 3365
    3365 3300 1288 1288 1288 1288 1283 1278 1273 1273 1273 1273 1268
    1268 1255 1250 1250 1241 1241 1236 1232 1232 1223 1219 1219 1214
    1214 1210 1210 1214 1214 1219 1223 1232 1241 1250 1250 1255 1264
    1268 1273 1273 1273 2958 2958 3365 3399 3399 1333 1333 1333 1333
    1312 1312 1312 1307 1302 1288 1288 1288 1283 1278 1273 1273 1273
    1273 1268 1264 1255 1250 1250 1245 1241 1236 1232 1227 1223 1219
    1219 1214 1214 1210 1210 1214 1214 1219 1223 1232 1241 1250 1250
    1255 1264 1268 1273 1273 1273 2958 2958 3365 3365 1343 1333 1333
    1328 1322 1312 1312 1312 1307 1307 1292 1292 1288 1288 1283 1278
    1273 1273 1273 1268 1264 1255 1250 1250 1245 1241 1236 1232 1227
    1223 1219 1219 1214 1214 1210 1210 1210 1219 1223 1227 1232 1236
    1250 1255 1255 1264 1264 1268 1273 1273 1273 2984 1349 1349 1343
    1338 1333 1328 1322 1317 1312 1312 1307 1307 1297 1292 1288 1288
    1283 1278 1273 1273 1268 1268 1264 1255 1250 1250 1245 1241 1236
    1232 1232 1223 1219 1219 1214 1214 1210 1206 1206 1214 1223 1227
    1232 1236 1245 1250 1255 1259 1264 1268 1268 1268 1273 2984 1343
    1343 1338 1338 1333 1328 1322 1322 1317 1317 1312 1307 1297 1292
    1288 1288 1283 1278 1273 1273 1268 1264 1264 1255 1250 1250 1245
    1241 1236 1232 1232 1227 1223 1219 1214 1214 1202 1202 1206 1210
    1219 1227 1232 1236 1245 1250 1250 1259 1259 1268 1268 1273 1273
    2984 1354 1343 1338 1333 1333 1328 1322 1322 1317 1317 1312 1307
    1297 1292 1288 1288 1283 1278 1273 1273 1268 1264 1264 1255 1250
    1250 1245 1241 1236 1236 1232 1232 1223 1219 1214 1214 1202 1202
    1206 1210 1214 1223 1232 1236 1241 1245 1250 1255 1259 1264 1268
    1273 1273 2984 1354 1343 1338 1333 1333 1328 1322 1317 1317 1317
    1312 1307 1297 1292 1292 1288 1288 1278 1273 1273 1268 1264 1264
    1255 1255 1250 1245 1241 1236 1236 1232 1227 1223 1219 1214 1214
    1206 1206 1206 1210 1214 1223 1232 1232 1236 1245 1250 1255 1259
    1264 1268 1268 1268 2933 1354 1349 1338 1333 1333 1328 1322 1317
    1317 1312 1312 1307 1297 1292 1292 1288 1288 1283 1273 1273 1268
    1264 1264 1255 1255 1250 1245 1241 1236 1232 1232 1227 1223 1219
    1219 1214 1206 1206 1206 1210 1214 1223 1232 1232 1236 1245 1250
    1255 1259 1264 1268 1268 1268 2933 1349 1349 1338 1333 1333 1328
    1322 1317 1312 1312 1307 1302 1297 1292 1292 1288 1288 1278 1273
    1273 1268 1264 1264 1255 1255 1250 1245 1241 1236 1232 1232 1227
    1223 1219 1219 1214 1206 1206 1210 1210 1214 1223 1232 1232 1236
    1245 1250 1255 1259 1268 1268 1268 1268 2933 1349 1349 1338 1333
    1328 1328 1322 1317 1312 1312 1307 1297 1292 1292 1292 1288 1288
    1278 1273 1273 1268 1268 1264 1255 1250 1250 1245 1241 1236 1232
    1232 1227 1223 1219 1219 1214 1206 1206 1210 1210 1214 1223 1232
    1232 1236 1245 1245 1255 1259 1268 1268 1268 1268 2933 1349 1343
    1338 1333 1328 1328 1322 1317 1312 1312 1307 1297 1292 1292 1292
    1288 1288 1278 1273 1273 1268 1268 1264 1255 1250 1250 1245 1241
    1236 1232 1227 1223 1219 1219 1214 1206 1206 1206 1210 1210 1214
    1227 1232 1236 1236 1245 1245 1255 1259 1268 1268 1268 1268 2933
    1343 1338 1333 1328 1328 1328 1322 1317 1312 1312 1302 1292 1292
    1292 1292 1288 1288 1278 1273 1273 1268 1264 1264 1255 1250 1250
    1245 1236 1236 1232 1227 1223 1219 1219 1214 1206 1206 1206 1206
    1210 1219 1227 1232 1236 1236 1245 1245 1255 1255 1264 1268 1273
    1273 2958 1338 1338 1333 1328 1328 1328 1322 1322 1317 1312 1302
    1292 1292 1292 1292 1288 1288 1278 1273 1273 1268 1264 1255 1255
    1250 1250 1245 1236 1236 1232 1232 1227 1219 1219 1214 1206 1206
    1206 1206 1210 1219 1223 1232 1236 1236 1245 1245 1255 1255 1264
    1268 1283 1283 2984 1333 1333 1333 1333 1328 1328 1322 1322 1317
    1312 1302 1297 1292 1292 1292 1292 1288 1283 1273 1273 1268 1264
    1255 1255 1250 1250 1245 1236 1236 1232 1232 1227 1219 1214 1214
    1210 1206 1206 1206 1210 1219 1223 1232 1232 1236 1245 1245 1250
    1255 1264 1264 1264 2984 2984 1333 1333 1333 1333 1328 1328 1328
    1322 1322 1307 1302 1297 1297 1297 1292 1288 1283 1278 1273 1273
    1268 1264 1255 1255 1250 1250 1241 1236 1236 1232 1232 1227 1219
    1214 1214 1210 1206 1206 1206 1214 1219 1219 1227 1232 1236 1245
    1245 1250 1250 1255 1259 1259 1259 2933 1333 1333 1333 1333 1328
    1328 1322 1322 1317 1307 1307 1302 1297 1297 1292 1288 1283 1278
    1273 1273 1268 1264 1255 1255 1250 1250 1241 1236 1236 1236 1232
    1227 1223 1219 1214 1206 1202 1202 1206 1210 1219 1219 1223 1232
    1236 1241 1245 1245 1250 1255 1259 1259 1259 2933 1338 1338 1333
    1333 1328 1328 1322 1317 1312 1307 1307 1307 1297 1297 1288 1288
    1283 1278 1273 1273 1268 1264 1255 1255 1250 1245 1241 1236 1236
    1236 1232 1227 1223 1219 1214 1206 1202 1202 1206 1206 1214 1219
    1223 1232 1236 1241 1241 1245 1250 1255 1259 1259 1259 2933 1338
    1338 1338 1333 1328 1328 1322 1317 1312 1312 1307 1302 1297 1292
    1288 1283 1283 1278 1273 1268 1268 1268 1259 1255 1250 1245 1241
    1236 1236 1236 1232 1232 1227 1219 1214 1206 1202 1202 1202 1206
    1210 1214 1219 1227 1236 1241 1241 1245 1250 1255 1259 1259 1259
    2908 1333 0 1333 1333 1328 1322 1317 1317 1312 1312 1307 1302 1292
    1292 1288 1283 1283 1278 1273 1268 1268 1264 1259 1255 1250 1245
    1241 1236 1236 1236 1232 1227 1223 1219 1214 1206 1202 1202 1202
    1206 1210 1214 1219 1227 1236 1236 1241 1245 1250 1255 1264 1264
    1264 2908 0 0 1333 1328 1328 1322 1317 1317 1312 1307 1307 1297 1292
    1288 1288 1288 1288 1278 1278 1273 1268 1264 1259 1255 1250 1245
    1241 1236 1236 1232 1227 1227 1223 1219 1214 1210 1206 1206 1206
    1206 1210 1214 1219 1227 1232 1236 1241 1245 1250 1255 1264 1268
    1278 1278 0 0 1333 1328 1322 1322 1317 1317 1312 1307 1307 1297 1292
    1288 1288 1288 1288 1283 1278 1273 1268 1264 1259 1255 1250 1245
    1241 1236 1232 1232 1227 1223 1219 1214 1210 1206 1206 1210 1210
    1210 1210 1214 1219 1227 1232 1236 1241 1245 1250 1255 1264 1268
    1278 1278 0 0 1333 1328 1322 1322 1317 1317 1312 1307 1307 1302 1292
    1288 1288 1288 1288 1283 1278 1273 1268 1264 1255 1255 1250 1245
    1241 1236 1232 1232 1227 1223 1219 1214 1210 1206 1202 1202 1202
    1202 1202 1210 1219 1227 1236 1236 1236 1245 1250 1255 1259 1264
    1273 1278 0 1349 1343 1333 1328 1322 1317 1317 1312 1307 1302 1297
    1292 1288 1288 1288 1283 1283 1273 1273 1268 1264 1255 1255 1250
    1245 1241 1236 1232 1232 1227 1223 1219 1214 1210 1202 1202 1202
    1202 1202 1202 1210 1219 1227 1236 1236 1236 1245 1250 1250 1259
    1264 1268 1268 0 1349 1338 1333 1328 1322 1317 1317 1312 1307 1302
    1297 1292 1288 1288 1288 1283 1278 1273 1273 1259 1259 1255 1255
    1250 1245 1241 1236 1232 1232 1227 1223 1219 1214 1210 1202 1202
    1202 1202 1202 1202 1210 1219 1227 1232 1236 1236 1245 1245 1250
    1255 1259 1264 1264 0 1349 1338 1333 1328 1328 1322 1317 1307 1307
    1302 1297 1292 1288 1288 1283 1283 1278 1273 1268 1259 1259 1255
    1255 1250 1245 1241 1236 1236 1232 1227 1223 1219 1214 1210 1206
    1202 1202 1202 1202 1206 1214 1219 1223 1232 1236 1236 1245 1245
    1250 1255 1259 1264 1264 0 0 1333 1328 1328 1328 1322 1312 1307 1307
    1302 1297 1292 1288 1288 1283 1283 1278 1273 1268 1259 1259 1255
