<?xml version="1.0"?>
<opencv_storage>
<Depth1532 type_id="opencv-matrix">
  <rows>108</rows>
  <cols>65</cols>
  <dt>w</dt>
  <data>
    3774 3774 3732 3732 1010 1004 1004 3692 3692 3692 3692 3576 3576
    3576 3576 3576 3576 3576 3576 3539 3539 3539 3503 3503 3503 3468
    3433 3433 3433 3433 3399 3399 3399 3399 3399 3399 3399 3365 3365
    3365 3333 3333 3333 3269 3269 3269 3269 3238 3238 3208 3208 3208
    3208 3178 3178 3178 3149 3149 3120 3120 3092 3092 3092 3092 3092
    3774 3774 998 998 1004 1004 1001 1001 3692 3692 1001 1001 998 995
    995 995 3576 3576 3576 3539 3539 3539 3503 3503 3503 3468 3433 3433
    3433 3433 3399 3399 3399 3399 1004 1004 3399 3365 3365 3365 3333
    3333 3333 3300 3238 3238 3269 3238 3238 1001 1001 3208 3208 3178
    1013 1013 3120 3120 3120 3120 3064 3064 3092 3092 3092 989 989 989
    995 1001 1001 998 998 998 998 998 1001 998 995 995 995 998 998 1001
    1001 3576 1001 1001 1001 1001 1001 1004 1004 1004 1007 1007 1007
    1004 1004 1004 1004 1004 1004 1004 1004 1004 1004 1004 1004 3238
    3238 3269 3269 1007 1001 1001 1001 1004 1004 1004 1007 1010 1010
    1007 1007 1010 1007 1007 1010 3092 989 989 989 992 995 995 995 995
    995 998 998 998 998 998 998 998 998 998 1001 1001 1001 1001 1001
    1001 1001 1001 1001 1004 1004 1004 1004 1004 1004 1004 1004 1004
    1004 1004 1004 1004 1004 1004 1004 1004 1001 1001 1001 1004 1004
    1004 1001 1001 1004 1001 1001 1004 1004 1007 1004 1004 1007 1007
    1007 1010 1010 989 989 989 989 992 992 995 995 995 998 998 998 998
    998 998 1001 1001 1001 1001 1001 1001 1001 1001 1001 1001 1001 1001
    1001 1004 1004 1004 1004 1004 1004 1004 1004 1004 1004 1004 1004
    1004 1004 1004 1004 1001 1001 1001 1004 1004 1007 1004 1004 1004
    1001 1001 1001 1004 1004 1004 1004 1007 1007 1007 1010 1010 992 992
    989 989 992 992 995 995 995 998 998 998 998 998 998 1001 1001 1001
    1001 1001 1001 1001 1001 1001 1001 1001 1001 1001 1001 1001 1001
    1001 1004 1004 1004 1004 1004 1004 1004 1004 1004 1004 1004 1004
    1001 1001 1001 1004 1004 1007 1004 1004 1004 1001 1001 1001 1004
    1004 1007 1007 1007 1007 1007 1007 1007 992 992 992 992 992 992 995
    995 995 995 995 998 998 998 998 1001 1001 1001 1001 1001 1001 1001
    1001 1001 1001 1001 1001 1001 1001 1001 1001 1001 1001 1004 1004
    1004 1004 1004 1004 1004 1004 1004 1004 1004 1001 1001 1001 1004
    1004 1004 1004 1004 1004 1001 1001 1001 1004 1004 1007 1007 1004
    1004 1004 1007 1007 995 992 992 992 992 995 992 992 992 992 995 995
    998 998 998 1001 1001 1001 1001 1001 1001 1001 1001 1001 1001 1001
    1001 1001 1001 1001 1001 1001 1001 1004 1004 1004 1004 1004 1004
    1004 1004 1004 1004 1004 1001 1001 1001 1004 1004 1004 1004 1007
    1004 1004 1004 1004 1004 1007 1007 1007 1004 1001 1001 0 1001 995
    992 992 992 992 995 992 992 992 992 995 995 998 998 998 1001 1001
    1001 1001 1001 1001 1001 1001 1001 1001 1001 1001 1001 1004 1001
    1001 1001 1001 1004 1004 1004 1004 1004 1004 1004 1004 1004 1004
    1004 1001 1001 1001 1001 1001 1004 1004 1004 1004 1004 1001 1001
    1004 1004 1007 1007 1004 998 998 998 0 995 992 992 995 995 995 995
    995 995 995 995 998 998 1001 1001 1001 1001 1001 1001 1001 1001 1001
    1001 1001 1001 1001 1004 1004 1004 1004 1004 1004 1004 1004 1004
    1004 1004 1004 1004 1004 1004 1004 1004 1004 1001 1001 1001 1001
    1001 1001 1004 1004 1004 1004 1001 1001 1001 1004 1004 1007 1004 998
    998 0 995 995 995 995 998 998 998 998 995 995 995 995 998 1001 1001
    1001 1001 1001 1001 1001 1001 1001 998 998 1001 1001 1004 1004 1004
    1004 1004 1001 1001 1004 1004 1004 1004 1004 1004 1004 1004 1004
    1004 1004 1004 1001 1001 1001 1001 1001 1001 1001 1004 1004 1001
    1001 1001 1001 1001 1004 1007 1004 998 995 995 995 995 995 995 998
    998 998 998 995 995 998 998 998 998 1001 1001 1001 1001 1001 1001
    1001 1001 998 998 998 1001 1001 1004 1004 1004 1004 1001 1001 1004
    1004 1004 1001 1001 1004 1004 1004 1004 1004 1004 1004 1001 1001
    1001 1001 1001 1001 1001 1001 1001 1001 1001 1001 1001 1001 1001
    1004 1007 1001 995 989 989 995 995 995 998 998 998 998 998 998 998
    998 998 998 998 998 1001 1001 1001 1001 1001 1001 1001 998 998 1001
    1001 1001 1001 1001 1004 1004 1004 1004 1004 1001 1001 1001 1004
    1004 1004 1004 1004 1004 1004 1001 1001 1001 1001 1001 1001 1001
    1001 1001 1001 1001 1001 1001 1001 1001 1004 1007 1004 998 989 989
    995 995 995 998 998 995 995 995 995 998 998 995 995 998 998 1001
    1001 1001 1001 1001 1001 1001 1001 1001 1001 1001 1001 1001 1001
    1004 1004 1004 1004 1001 1001 1001 1001 1004 1004 1004 1004 1004
    1004 1004 1001 1001 1001 1001 1001 1001 1001 1001 1001 1001 1001
    1001 1001 1001 1001 1004 1004 1007 1001 1001 1001 995 995 995 998
    998 995 995 995 995 998 998 995 995 998 998 1001 1001 1001 1001 1001
    1001 1001 1001 1001 1001 1001 1001 1001 1001 1001 1004 1004 1004
    1001 1001 1001 1001 1001 1001 1004 1004 1004 1004 1004 1001 1001
    1001 1001 1001 1001 1001 1001 1001 1001 1001 1001 1001 1001 1001
    1004 1004 1004 1001 1001 1001 995 998 998 998 998 998 995 995 998
    998 998 998 998 998 998 1001 1001 1001 1001 1001 1001 1001 1001 1001
    1001 1001 1001 1001 1001 1001 1004 1001 1001 1001 1001 1001 1001
    1001 1001 1004 1004 1004 1004 1004 1001 1001 1001 1001 1001 1001
    1001 1001 1001 1001 1001 1001 1001 1001 1001 1001 1004 1004 1007 0
    1007 995 995 995 995 995 998 998 998 998 998 1001 1001 1001 1001
    1001 1001 1001 1001 1001 1001 1001 1001 1001 1001 1001 1001 1004
    1001 1001 1004 1004 1001 1001 1001 1001 1001 1001 1001 1001 1004
    1004 1004 1004 1004 1001 1001 1001 1001 1001 1001 1001 1001 1001
    1001 1001 1001 1001 1001 1001 1001 1004 1004 1007 0 0 995 995 995
    995 995 998 998 998 998 998 998 998 998 1001 1001 1001 1001 1001
    1001 1001 1001 1001 1001 1001 1001 1001 1001 1001 1001 1001 1001
    1001 1001 1001 1001 1001 1001 1001 1001 1001 1004 1004 1004 1004
    1001 1001 1001 1001 1001 1001 1001 1001 1001 1001 1001 1001 1001
    1001 1001 1001 1004 1004 1004 0 0 992 992 992 992 995 998 998 998
    998 998 998 998 998 998 1001 1001 1001 1001 1001 1001 1001 1001 1001
    1001 1001 1001 1001 1001 1001 1001 1001 1001 1001 1001 1001 1001
    1001 1001 1001 1001 1004 1004 1004 1004 1001 1001 1001 1001 1001
    1001 1001 1001 1001 1001 1001 1001 1001 1001 1001 1001 1004 1004
    1004 1004 0 992 992 992 992 995 998 998 998 998 998 998 998 998 998
    1001 1001 1001 998 998 1001 1001 1001 1001 1001 1001 1001 1001 1001
    1001 1001 1001 1001 1001 1001 1001 1001 1001 1001 1001 1004 1004
    1004 1004 1004 1001 1001 1001 1001 1001 1001 1001 1001 1001 1001
    1001 1001 1001 1001 1001 1001 1004 1001 1001 0 0 992 992 992 992 995
    998 998 998 998 998 998 998 998 998 1001 1001 1001 998 998 1001 1001
    1001 1001 1001 1001 1001 1001 1001 1001 1001 1001 1001 1001 1001
    1001 1001 1004 1004 1004 1004 1004 1004 1004 1004 1001 1001 1001
    1001 1001 1001 1001 1001 1001 1001 1001 1001 1001 1001 1001 1004
    1004 1001 1001 1001 0 992 995 992 992 995 998 998 998 998 998 998
    998 998 998 1001 1001 1001 998 998 1001 1001 1001 1001 1001 1001
    1001 1001 1001 1001 1001 1001 1001 1001 1001 1001 1001 1001 1001
    1004 1004 1004 1004 1004 1004 1001 1001 1001 1001 1001 1001 1001
    1001 1001 1001 1001 1001 1001 1001 1001 1004 1001 1001 1001 0 0 992
    995 992 992 995 998 1001 998 998 998 998 998 998 998 1001 1001 1001
    1001 1001 1001 1001 1001 1001 1001 1001 1001 1001 1001 1001 1001
    1001 1004 1001 1001 1001 1001 1001 1001 1004 1004 1004 1004 1004
    1004 1001 1001 1001 1001 1001 1001 1001 1001 1001 1001 1001 1001
    1001 1001 1001 1001 1001 1001 1001 0 0 995 995 995 995 995 998 998
    998 998 998 998 998 998 998 1001 1001 1001 1001 1001 1001 1001 1001
    1001 1001 1001 1004 1001 1001 1001 1001 1001 1001 1001 1001 1001
    1001 1001 1001 1004 1004 1004 1004 1004 1004 1001 1001 1001 1001
    1001 1001 1001 1001 1001 1001 1001 1001 1001 1001 1001 1001 1001
