<?xml version="1.0"?>
<opencv_storage>
<Depth8371 type_id="opencv-matrix">
  <rows>15</rows>
  <cols>8</cols>
  <dt>w</dt>
  <data>
    6753 6889 7030 6889 6889 6889 6889 6889 6753 7030 7030 7030 7030
    6889 6889 6889 6753 6889 7030 7030 7030 6889 6889 6889 6889 6889
    6889 7030 7030 6889 6889 6889 6889 6889 6889 6889 6889 6889 6889 0
    6889 6889 6889 6889 6889 6889 6889 0 6889 6889 6889 6889 6889 7030
    7178 0 6753 7030 6889 6889 6889 7030 6889 6889 6753 7030 7030 7030
    7030 7030 6889 6753 6889 7030 7030 7030 7030 7030 6889 6753 6889
    7030 6889 6889 6889 7030 7030 6889 7030 7030 6889 6889 6889 7030
    7030 6889 7178 7030 6889 6889 6889 7030 7030 6889 7178 7030 7030
    6889 6889 7030 7030 6889 6038 7030 7030 7030 7030 7030 7030 6889</data></Depth8371>
</opencv_storage>
