<?xml version="1.0"?>
<opencv_storage>
<Depth19751 type_id="opencv-matrix">
  <rows>8</rows>
  <cols>14</cols>
  <dt>w</dt>
  <data>
    4645 4645 4645 4582 4582 4582 4463 4463 4463 4463 4463 4405 4405
    4405 4645 4645 4582 4582 4582 4582 4463 4463 4463 4463 4463 4405
    4405 4405 4645 4582 4582 4522 4463 4463 4463 4405 4405 4405 4463
    4405 4405 4405 4582 4582 4522 4522 4463 4463 4463 4405 4405 4405
    4463 4405 4405 4405 4582 4582 4522 4522 4522 4522 4463 4405 4405
    4405 4463 4463 4405 4405 4645 4582 4582 4582 4522 4405 4405 4405
    4405 4405 4463 4463 4349 4349 4582 4582 4582 4582 4463 4405 4405
    4405 4405 4405 4463 4405 4349 4349 4582 4582 4582 4582 4463 4349
    4349 4349 4349 4349 4463 4405 4405 5832</data></Depth19751>
</opencv_storage>
