<?xml version="1.0"?>
<opencv_storage>
<Depth8826 type_id="opencv-matrix">
  <rows>85</rows>
  <cols>70</cols>
  <dt>w</dt>
  <data>
    0 4582 4522 4522 4522 4522 946 943 943 943 940 940 940 4522 4522
    4522 4522 4522 4522 4522 4522 4522 4522 4405 4405 4405 4405 4405
    4405 4405 4405 4405 4405 4405 4405 4405 4405 4405 4405 4405 4405
    4349 4349 4349 4349 4349 4349 4349 4349 4349 4349 4349 4349 4349
    4349 4295 4295 4349 4349 4349 4349 4295 4295 4295 4349 4349 4241
    4241 4241 4241 0 0 0 0 4522 4522 4522 943 940 940 938 935 935 935
    933 933 933 4582 4582 4582 4582 4522 4522 4405 4405 4463 4463 4463
    4463 4463 4463 4463 4405 4405 4405 4405 4405 4405 4405 4405 4349
    4349 4349 4349 4405 4349 4349 4349 4349 4349 4349 4405 4405 4349
    4295 4295 4295 4349 4349 4349 4349 4295 4295 4295 4295 4295 4241
    4241 4241 4241 0 0 0 0 0 925 925 930 935 938 935 933 933 933 933 933
    933 935 4911 4911 4911 4911 938 940 4463 4463 4463 4522 4522 4522
    4522 948 948 948 4463 4463 4463 4463 4405 4405 4349 4349 4349 4645
    4645 4645 4405 4405 4405 4405 4582 4463 4463 4405 4295 4295 4295 978
    978 978 978 978 0 978 975 0 4241 4241 4190 4190 0 0 0 0 925 925 925
    928 930 933 933 933 933 933 933 933 935 935 935 935 935 938 938 940
    943 946 943 943 943 943 943 948 948 948 954 951 951 948 948 4522
    4522 4983 4983 4983 5132 5132 956 956 956 967 970 970 970 970 970
    970 975 978 978 978 978 978 978 978 975 975 4190 4190 4190 4190 0 0
    0 928 925 925 925 925 928 928 930 933 933 933 933 933 935 935 935
    935 935 938 938 940 943 943 943 943 943 943 943 946 946 946 951 951
    951 948 948 951 954 954 954 5056 956 956 956 956 956 967 967 967 967
    967 970 970 975 970 970 970 970 978 973 973 975 975 970 970 970 970
    0 0 0 928 928 928 925 925 928 928 930 930 933 933 933 933 933 935
    935 935 935 938 940 943 943 943 940 940 943 943 943 943 946 946 948
    948 948 948 951 951 954 951 951 951 951 954 956 956 956 959 959 962
    962 962 967 967 970 967 967 967 967 973 973 973 970 970 970 970 970
    970 0 0 0 930 928 928 928 928 928 928 930 930 933 933 933 933 933
    935 935 935 935 938 940 943 943 940 940 940 943 943 943 943 946 946
    946 946 946 948 951 951 951 951 951 951 951 954 954 954 954 954 956
    956 956 956 959 964 964 964 964 967 967 970 970 967 967 967 967 967
    967 967 0 0 0 0 928 925 925 928 928 928 930 930 933 933 933 933 933
    935 935 935 935 938 940 940 940 940 940 940 943 943 943 943 943 946
    946 946 946 948 948 951 951 951 951 951 951 954 954 954 954 954 954
    954 956 956 956 959 962 962 962 964 964 964 967 967 967 967 967 967
    967 967 0 0 0 923 923 925 925 928 928 928 930 930 930 933 933 933
    933 935 935 935 935 935 938 940 940 940 940 940 943 943 943 943 943
    943 946 946 946 948 948 951 948 948 951 951 951 951 954 954 954 954
    954 954 956 956 956 959 962 962 962 964 964 964 964 967 967 967 967
    967 967 967 0 0 0 923 923 925 925 928 928 928 930 930 930 933 933
    933 933 935 935 935 935 935 938 940 940 940 940 940 940 943 943 943
    943 943 946 946 946 948 948 951 948 948 951 951 951 951 954 954 954
    954 956 956 956 956 959 962 962 964 962 962 962 964 964 967 967 967
    967 967 967 967 0 0 0 925 925 928 928 928 928 928 930 930 930 930
    930 933 933 935 935 935 935 935 940 940 940 940 940 940 940 943 943
    943 943 943 946 946 946 948 948 948 948 948 951 951 951 954 954 954
    954 954 956 956 956 956 959 962 962 962 962 962 962 964 964 967 967
    967 967 967 967 967 0 0 0 925 925 928 928 928 930 930 933 930 930
    930 930 933 933 935 935 935 935 940 940 940 940 940 940 940 940 943
    943 943 943 946 946 946 946 946 948 948 948 948 951 951 954 954 954
    954 954 954 954 954 956 959 959 962 962 962 962 962 964 964 967 967
    967 967 967 967 967 970 0 0 0 928 928 928 928 928 930 930 933 930
    930 930 930 933 933 935 935 935 935 938 940 940 940 940 940 940 940
    943 943 943 943 946 946 946 946 946 948 948 951 951 951 954 954 954
    954 954 954 954 954 954 956 959 959 959 959 962 962 962 964 964 967
    967 967 967 967 967 967 970 0 0 0 0 928 928 928 928 928 930 930 930
    930 933 933 933 933 935 935 935 935 938 940 940 940 940 940 940 940
    943 943 943 943 946 946 946 946 946 948 948 948 951 951 951 954 954
    954 954 954 954 954 954 956 959 959 959 959 962 962 964 964 964 964
    967 967 967 967 967 967 970 0 0 0 933 928 928 925 925 928 928 928
    930 930 933 933 933 933 935 935 935 935 938 938 940 940 940 940 940
    940 943 943 943 943 946 946 946 946 948 948 948 948 951 951 951 954
    954 954 954 954 954 954 956 956 959 959 959 959 962 964 964 964 964
    964 964 964 967 967 967 967 967 0 0 933 930 928 928 925 925 928 928
    928 930 930 930 933 933 933 935 935 935 935 938 938 940 940 940 940
    940 940 943 943 943 943 946 946 946 948 948 948 948 951 951 951 951
    954 954 954 954 954 954 954 956 959 959 959 959 959 962 962 964 964
    964 964 964 964 967 967 967 967 967 0 0 933 930 928 928 925 925 930
    930 930 930 930 930 933 933 935 935 935 935 935 935 938 940 940 940
    940 940 940 943 943 943 943 946 946 946 948 948 948 948 951 951 951
    951 951 954 954 954 954 954 954 956 956 959 959 959 959 959 962 964
    964 964 964 964 964 964 964 967 964 964 0 0 0 928 928 928 928 928
    930 930 930 930 930 930 933 933 933 935 935 935 935 935 938 940 940
    940 940 940 940 940 940 943 943 943 946 946 946 946 946 951 951 951
    951 951 951 954 954 954 954 954 954 956 956 959 959 959 959 959 964
    964 964 964 964 964 964 964 964 967 964 964 0 0 0 928 928 925 925
    928 928 930 930 930 930 930 933 933 933 933 935 935 935 935 935 935
    938 938 940 940 940 940 940 943 943 943 946 946 946 946 946 951 951
    951 951 951 951 954 954 954 954 954 954 954 956 959 959 959 959 964
    964 964 962 962 964 964 964 964 964 967 967 967 0 0 925 925 925 925
    925 925 928 928 928 928 930 930 930 933 933 933 935 935 935 935 935
    935 938 938 938 938 940 940 940 943 943 943 943 946 946 946 946 948
    951 951 951 951 951 954 954 954 954 954 954 954 956 959 959 959 962
    964 964 964 962 962 964 964 964 967 967 967 967 967 0 0 925 925 925
    925 925 925 925 928 928 928 928 930 930 933 933 933 935 935 935 935
    935 935 938 938 938 938 940 940 943 943 943 943 943 946 946 946 946
    948 948 948 948 951 951 954 954 954 954 954 954 954 956 959 959 959
    962 964 964 962 962 962 964 964 964 967 967 967 967 0 0 0 925 925
    925 925 925 925 925 928 928 928 928 930 930 933 933 933 935 935 935
    935 935 935 938 938 938 938 940 943 943 943 943 943 943 946 946 946
    946 948 948 948 948 951 954 954 954 954 954 954 954 954 959 959 959
    959 962 964 964 962 962 962 964 964 964 967 967 967 967 967 0 0 928
    928 925 925 925 925 925 928 928 928 928 930 930 933 933 933 935 935
    935 935 935 935 938 938 938 938 940 943 943 943 946 946 946 946 946
    946 946 948 948 951 948 948 951 951 954 954 954 954 954 954 959 959
    959 959 962 962 964 964 964 964 964 964 964 964 967 967 967 967 0 0
    928 925 925 925 925 925 928 928 928 928 928 928 930 933 933 933 935
    935 935 935 935 938 940 940 940 940 943 943 943 943 943 943 946 946
    946 946 946 951 951 951 948 948 951 951 954 954 954 954 954 954 956
    959 959 959 962 962 964 964 964 964 964 964 964 964 967 967 967 967
    0 0 928 925 925 925 925 925 928 928 928 928 928 928 930 933 933 933
    933 935 935 935 938 938 940 940 940 940 943 943 943 943 943 943 946
    946 946 946 946 951 951 948 946 946 951 951 954 954 954 954 954 954
    956 959 959 959 959 959 959 964 964 964 964 964 964 967 967 967 967
    967 0 0 928 925 923 923 925 925 928 928 928 928 928 930 930 933 933
    933 933 935 935 935 938 938 940 940 940 940 943 943 943 943 943 943
    946 946 946 946 946 948 948 948 946 946 951 951 954 954 954 954 954
    954 959 959 959 959 959 959 959 959 962 962 964 964 964 964 967 967
    970 970 0 0 925 925 923 923 925 925 928 928 930 930 930 930 933 933
    933 933 933 935 935 935 938 940 940 940 940 940 940 940 943 943 943
