<?xml version="1.0"?>
<opencv_storage>
<Depth12495 type_id="opencv-matrix">
  <rows>7</rows>
  <cols>8</cols>
  <dt>w</dt>
  <data>
    6889 6889 6889 6889 6889 6889 6889 6889 6889 6753 6753 6889 6889
    6889 6889 7030 6889 6753 6753 6889 6889 7030 7030 7030 0 7030 6889
    6889 6889 6889 6889 6889 0 7030 6889 6889 6889 6889 6889 6889 0 7030
    7030 6889 6889 6753 6753 6889 7178 7030 6889 6889 6889 6753 6753
    6889</data></Depth12495>
</opencv_storage>
