<?xml version="1.0"?>
<opencv_storage>
<Depth9610 type_id="opencv-matrix">
  <rows>52</rows>
  <cols>90</cols>
  <dt>w</dt>
  <data>
    4190 4190 4190 1349 1343 1338 1338 1343 1338 1338 4139 4139 4139
    1338 1333 1333 1333 1333 4089 4089 1317 1317 1317 1317 1317 1317
    1312 1312 1312 1312 1312 1312 1312 1312 1317 1317 1317 3994 3948
    1307 1307 1307 1307 1302 1302 1302 1302 1302 1302 1302 1302 1302
    1302 1297 1297 1297 1297 1292 1288 1288 1283 1278 1278 1288 1288
    1288 1288 1283 1283 1283 1288 1288 1283 1283 1283 1283 2859 2859
    2908 2908 2908 2908 2933 0 0 0 0 0 0 0 4190 4190 1338 1338 1338 1338
    1338 1333 1333 1333 1333 1333 1333 1333 1333 1333 1328 1328 1322
    1317 1317 1317 1317 1317 1317 1317 1312 1312 1312 1312 1312 1312
    1312 1312 1317 1317 1312 1312 1307 1307 1307 1307 1307 1302 1302
    1302 1302 1302 1302 1302 1302 1302 1302 1297 1297 1297 1297 1292
    1288 1288 1283 1283 1283 1283 1283 1283 1283 1283 1283 1283 1283
    1283 1283 1283 1283 1278 1278 1278 2958 2933 2933 2908 2908 0 0 0 0
    0 0 0 4190 1338 1338 1338 1338 1333 1333 1333 1333 1333 1333 1333
    1333 1333 1333 1333 1328 1328 1322 1317 1317 1317 1317 1317 1317
    1317 1317 1317 1312 1312 1312 1312 1317 1317 1317 1317 1312 1307
    1307 1307 1307 1302 1302 1302 1302 1307 1302 1302 1302 1297 1297
    1297 1297 1292 1292 1292 1292 1292 1288 1288 1283 1283 1283 1283
    1283 1283 1283 1283 1283 1283 1283 1283 1283 1283 1283 1278 1273
    1273 1273 2958 2908 2883 2883 0 0 0 0 0 0 0 1338 1338 1333 1333 1333
    1333 1333 1333 1333 1333 1333 1333 1333 1333 1328 1328 1328 1322
    1322 1317 1317 1317 1317 1317 1317 1317 1317 1312 1312 1312 1312
    1317 1317 1317 1317 1312 1307 1307 1307 1307 1307 1302 1302 1302
    1302 1302 1302 1297 1297 1297 1297 1297 1297 1292 1292 1292 1292
    1288 1288 1288 1283 1283 1283 1283 1283 1283 1283 1283 1283 1283
    1283 1283 1283 1278 1278 1278 1273 1273 1273 2908 2908 2883 2883 0 0
    0 0 0 0 0 1338 1338 1333 1333 1333 1333 1333 1333 1333 1333 1333
    1333 1333 1333 1328 1328 1328 1322 1322 1317 1317 1317 1317 1317
    1317 1312 1312 1312 1312 1307 1307 1312 1312 1312 1312 1307 1307
    1307 1307 1307 1307 1302 1302 1302 1302 1302 1302 1297 1297 1292
    1292 1292 1292 1292 1292 1292 1288 1288 1283 1283 1283 1283 1283
    1283 1283 1283 1283 1283 1283 1278 1278 1283 1278 1278 1278 1283
    1278 1278 1283 1283 2908 2908 0 0 0 0 0 0 0 0 1404 1338 1333 1333
    1333 1333 1333 1333 1333 1333 1333 1333 1333 1333 1328 1328 1328
    1322 1322 1317 1317 1317 1317 1312 1312 1312 1312 1312 1312 1307
    1307 1312 1312 1312 1312 1307 1307 1307 1307 1302 1302 1302 1302
    1302 1302 1302 1302 1297 1297 1292 1292 1292 1292 1288 1288 1288
    1288 1288 1283 1283 1283 1283 1283 1283 1283 1283 1283 1283 1278
    1278 1278 1278 1278 1278 1278 1283 1283 1283 1283 0 0 0 0 0 0 0 0 0
    0 0 1404 1338 1338 1333 1333 1333 1333 1333 1333 1333 1328 1328 1328
    1328 1328 1322 1322 1317 1317 1317 1317 1317 1317 1312 1312 1312
    1312 1312 1307 1307 1307 1307 1307 1307 1307 1302 1302 1302 1302
    1302 1302 1302 1302 1302 1297 1297 1297 1297 1297 1292 1292 1288
    1288 1288 1288 1288 1288 1283 1283 1283 1283 1283 1283 1283 1283
    1283 1278 1278 1278 1278 1278 1278 1278 1278 1278 1283 1283 1283
    1283 0 0 0 0 0 0 0 0 0 0 0 1404 1338 1338 1333 1333 1328 1328 1328
    1328 1322 1322 1322 1322 1322 1328 1317 1317 1317 1317 1317 1317
    1317 1312 1312 1312 1307 1307 1307 1307 1307 1307 1307 1307 1307
    1307 1302 1302 1302 1302 1302 1302 1302 1297 1297 1297 1297 1297
    1297 1297 1292 1288 1283 1283 1283 1283 1283 1288 1283 1283 1283
    1283 1283 1283 1283 1283 1278 1278 1278 1278 1278 1278 1278 1278
    1278 1278 1283 1283 1283 1283 0 0 0 0 0 0 0 0 0 0 0 1404 1338 1338
    1333 1333 1328 1328 1322 1322 1322 1322 1322 1317 1317 1317 1317
    1317 1317 1317 1312 1312 1312 1312 1312 1312 1307 1307 1307 1302
    1302 1302 1307 1307 1307 1307 1302 1302 1302 1302 1302 1297 1297
    1297 1297 1297 1297 1297 1297 1297 1292 1288 1283 1283 1283 1283
    1283 1283 1283 1283 1283 1283 1283 1278 1278 1278 1278 1278 1278
    1278 1278 1278 1278 1278 1278 1278 1278 1278 1278 0 0 0 0 0 0 0 0 0
    0 0 0 0 1338 1338 1333 1333 1328 1328 1322 1322 1322 1317 1317 1317
    1317 1317 1317 1312 1312 1312 1312 1312 1312 1312 1312 1312 1307
    1307 1307 1302 1302 1302 1302 1302 1302 1302 1302 1302 1302 1297
    1297 1297 1297 1297 1297 1297 1297 1297 1297 1292 1288 1288 1283
    1283 1283 1283 1283 1283 1283 1283 1283 1278 1278 1278 1278 1278
    1278 1278 1278 1273 1273 1273 1273 1273 1273 1273 1278 1278 1278 0 0
    0 0 0 0 0 0 0 0 0 0 0 1297 1297 1328 1328 1322 1322 1322 1322 1322
    1317 1317 1317 1317 1317 1312 1312 1312 1312 1312 1307 1307 1307
    1307 1307 1307 1307 1307 1302 1302 1302 1302 1302 1302 1302 1302
    1297 1297 1297 1297 1297 1297 1297 1297 1292 1292 1292 1292 1288
    1288 1283 1283 1283 1283 1283 1283 1278 1278 1278 1278 1278 1278
    1278 1278 1278 1278 1278 1278 1273 1273 1273 1273 1273 1268 1268
    1273 1273 1273 1273 0 0 0 0 0 0 0 0 0 0 0 0 1297 1297 1317 1328 1322
    1322 1322 1317 1317 1317 1317 1317 1312 1312 1312 1312 1312 1312
    1307 1307 1307 1307 1307 1307 1307 1307 1302 1297 1297 1297 1302
    1302 1302 1302 1297 1297 1297 1297 1297 1297 1297 1297 1292 1292
    1288 1288 1288 1288 1283 1283 1283 1283 1283 1283 1278 1278 1278
    1278 1278 1278 1278 1278 1278 1278 1278 1278 1273 1273 1273 1268
    1268 1268 1268 1268 1273 1273 1273 1273 0 0 0 0 0 0 0 0 0 0 0 0 1297
    1297 1317 1322 1322 1322 1322 1317 1317 1317 1317 1312 1312 1312
    1312 1312 1312 1312 1307 1307 1307 1302 1302 1302 1302 1302 1302
    1297 1297 1297 1302 1302 1302 1297 1297 1297 1297 1297 1297 1297
    1297 1297 1292 1288 1288 1288 1288 1283 1283 1283 1283 1283 1283
    1278 1278 1278 1278 1278 1278 1278 1278 1278 1278 1278 1273 1273
    1273 1273 1268 1268 1268 1264 1264 1268 1268 1273 1273 1268 1268 0 0
    0 0 0 0 0 0 0 0 0 1312 1312 1317 1322 1322 1322 1317 1317 1312 1312
    1312 1312 1312 1312 1312 1307 1307 1312 1312 1307 1302 1302 1302
    1302 1302 1297 1297 1297 1297 1297 1302 1302 1297 1297 1297 1297
    1297 1292 1292 1297 1297 1292 1288 1288 1288 1288 1288 1283 1283
    1283 1283 1283 1278 1278 1278 1278 1278 1278 1278 1278 1278 1278
    1278 1278 1273 1273 1273 1268 1268 1268 1264 1264 1264 1268 1268
    1268 1268 1268 1268 0 0 0 0 0 0 0 0 0 0 0 1312 1312 1317 1322 1322
    1317 1317 1312 1312 1312 1312 1312 1312 1312 1307 1307 1307 1307
    1307 1307 1302 1302 1297 1297 1297 1297 1297 1297 1297 1297 1297
    1297 1297 1297 1297 1292 1292 1292 1292 1292 1288 1288 1288 1288
    1288 1288 1288 1283 1283 1283 1283 1283 1278 1278 1278 1278 1278
    1278 1278 1278 1278 1273 1273 1273 1273 1273 1268 1268 1268 1264
    1264 1264 1264 1264 1268 1268 1264 1264 1264 0 0 0 0 0 0 0 0 0 0 0
    1317 1317 1317 1317 1317 1317 1317 1312 1312 1312 1312 1312 1312
    1307 1307 1302 1302 1302 1302 1302 1302 1302 1297 1297 1297 1297
    1297 1297 1297 1297 1297 1297 1297 1292 1292 1292 1292 1292 1288
    1288 1283 1283 1283 1283 1283 1283 1283 1283 1283 1283 1283 1278
    1278 1278 1278 1278 1278 1278 1278 1273 1273 1273 1273 1273 1268
    1268 1268 1268 1264 1264 1264 1264 1264 1264 1268 1268 1264 1259
    1259 0 0 0 0 0 0 0 0 0 0 0 0 1317 1317 1317 1317 1317 1312 1312 1312
    1312 1312 1307 1307 1307 1302 1302 1302 1302 1302 1302 1302 1302
    1297 1297 1297 1297 1297 1297 1297 1297 1297 1297 1292 1292 1288
    1288 1288 1288 1283 1283 1283 1283 1283 1283 1283 1278 1278 1278
    1278 1278 1278 1278 1278 1278 1278 1278 1278 1278 1273 1273 1273
    1273 1273 1268 1268 1268 1268 1268 1264 1264 1264 1264 1264 1264
    1268 1264 1264 1259 1259 1259 0 0 0 0 0 0 0 0 0 0 0 1317 1317 1317
    1312 1312 1312 1312 1312 1312 1307 1307 1307 1307 1302 1302 1302
    1302 1302 1297 1297 1297 1297 1297 1297 1297 1297 1297 1292 1292
    1297 1292 1292 1288 1288 1288 1288 1288 1283 1283 1283 1278 1278
    1278 1278 1278 1278 1278 1278 1278 1278 1278 1278 1278 1278 1273
