<?xml version="1.0"?>
<opencv_storage>
<Depth14133 type_id="opencv-matrix">
  <rows>49</rows>
  <cols>83</cols>
  <dt>w</dt>
  <data>
    5640 5640 5640 5640 5640 5548 5374 5374 5374 5374 5374 1785 1785
    1785 1785 1757 1757 5374 5374 5374 5374 5374 5374 5291 5291 5210
    5210 5210 5210 5210 5132 5056 5056 5056 5056 5056 4983 4983 4983
    4983 4983 4983 4983 4983 4983 4911 4842 4842 4774 4774 4774 4774
    4774 4774 4774 4774 4708 4708 4708 4645 4645 4645 4582 4582 4582
    4522 4522 4463 4463 4522 4522 4522 4522 4463 4405 4349 4349 4349
    4349 4295 4295 4295 4295 5640 5640 5640 5640 5640 5460 5374 5374
    5374 5374 5374 1776 1776 1776 1766 1757 1757 1757 1766 1766 5374
    5374 5374 5374 5291 5291 5210 5210 5210 5210 5132 5056 5056 5056
    5056 5056 4983 4983 4983 4983 5056 5056 5056 4983 4983 4983 4911
    4842 4842 4842 4774 4774 4774 4774 4774 4774 4708 4708 4708 4708
    4645 4645 4582 4582 4582 4582 4522 4522 4522 4522 4522 4522 4463
    4463 4405 4405 4405 4405 4349 4295 4295 4295 4295 5734 5734 5734
    5640 5640 5460 5374 1696 1696 1705 1739 1766 1766 1766 1757 1757
    1757 1748 1748 1766 1757 1757 1757 1757 5291 5291 5132 5132 5210
    5210 5132 5056 5056 5056 5056 5056 5056 5056 5056 5056 5056 5056
    5056 4983 4983 4983 4983 4983 4842 4842 4842 4842 4774 4774 4774
    4774 4708 4708 4708 4708 4645 4645 4582 4582 4582 4582 4522 4522
    4522 4522 4522 4522 4463 4463 4463 4463 4405 4405 4349 4349 4295
    4295 4295 5832 5734 5734 5734 5734 1639 1639 1647 1639 1639 1647
    1655 1722 1722 1748 1748 1748 1748 1748 1766 1757 1757 1757 1748
    1748 1748 1748 5132 5210 5056 5056 5056 5056 5056 5056 5056 5056
    5056 5056 5056 5056 5056 5056 5056 5056 5056 4983 4983 4911 4911
    4842 4842 4842 4774 4774 4774 4774 4774 4774 4708 4645 4645 4582
    4582 4582 4582 4582 4522 4522 4522 4522 4522 4522 4463 4463 4463
    4405 4405 4349 4349 4349 4349 4349 5832 5734 5734 5734 1647 1639
    1639 1639 1639 1639 1647 1655 1671 1680 1680 1696 1705 1713 1713
    1739 1748 1748 1748 1748 1748 1748 1748 1739 1739 5056 5056 5056
    5056 5056 5056 5056 5056 5056 5056 5056 5132 5056 5056 5056 5056
    5056 4983 4983 4911 4911 4911 4842 4842 4842 4774 4774 4774 4708
    4708 4708 4645 4645 4582 4582 4582 4582 4582 4522 4522 4522 4522
    4522 4463 4463 4463 4463 4522 4463 4463 4349 4349 4349 4349 5832
    5734 5734 1647 1647 1639 1639 1639 1632 1632 1639 1655 1663 1671
    1671 1671 1680 1680 1688 1696 1713 1713 1722 1731 1739 1739 1748
    1739 1739 1748 1748 5056 5056 5056 5056 5056 5056 5056 5056 5056
    5056 5056 5056 5056 5056 5056 4983 4983 4983 4911 4911 4842 4842
    4842 4842 4842 4774 4708 4708 4708 4645 4645 4645 4645 4582 4582
    4582 4582 4582 4522 4522 4522 4463 4463 4463 4522 4522 4522 4463
    4349 4349 4349 4349 5832 5832 5832 1647 1647 1647 1639 1639 1632
    1632 1639 1647 1655 1655 1655 1655 1655 1655 1671 1680 1680 1688
    1680 1680 1688 1713 1713 1731 1731 1731 1731 1739 1739 1739 1739
    5056 5056 5056 5056 5056 5056 5056 5056 5056 5056 5056 5056 4983
    4983 4983 4983 4911 4911 4911 4842 4842 4842 4774 4774 4708 4708
    4708 4645 4645 4645 4645 4582 4582 4582 4522 4522 4522 4463 4463
    4463 4522 4522 4522 4463 4349 4349 4349 4349 5832 5832 5832 1647
    1647 1639 1639 1639 1639 1639 1639 1639 1647 1647 1639 1639 1639
    1639 1655 1663 1663 1663 1663 1663 1671 1680 1688 1713 1713 1722
    1713 1713 1722 1722 1731 1731 1739 1731 1731 1722 1722 5132 5056
    5056 5056 5056 5056 5056 4983 4983 4983 4911 4911 4911 4911 4842
    4842 4774 4774 4774 4708 4708 4645 4645 4645 4645 4582 4582 4582
    4522 4522 4522 4463 4463 4463 4522 4522 4522 4405 4405 4405 4405
    4405 6038 6038 1647 1647 1647 1639 1639 1639 1639 1639 1639 1639
    1639 1639 1639 1639 1639 1639 1639 1647 1647 1647 1647 1647 1663
    1663 1671 1680 1688 1705 1696 1696 1705 1705 1722 1722 1731 1722
    1722 1722 1713 1713 1713 5056 5056 5056 5056 4983 4983 4983 4983
    4911 4911 4911 4911 4842 4842 4774 4774 4774 4774 4708 4645 4645
    4645 4645 4645 4582 4582 4582 4522 4522 4522 4522 4522 4522 4582
    4522 4405 4405 4405 4405 4463 6038 1647 1647 1647 1639 1639 1639
    1639 1639 1639 1639 1632 1632 1632 1624 1624 1624 1632 1639 1639
    1632 1632 1632 1632 1655 1655 1663 1663 1663 1671 1671 1680 1688
    1688 1696 1705 1713 1713 1713 1713 1705 1705 1713 1705 1705 1713
    1713 4983 4983 4983 4983 4911 4911 4911 4911 4911 4842 4842 4774
    4774 4774 4708 4708 4708 4708 4708 4645 4582 4582 4582 4582 4582
    4582 4582 4582 4582 4522 4522 4463 4463 4463 4463 4463 5933 1655
    1647 1647 1639 1639 1639 1639 1639 1632 1632 1632 1624 1624 1616
    1616 1616 1624 1632 1632 1616 1616 1616 1616 1624 1632 1639 1647
    1647 1663 1663 1671 1671 1663 1663 1671 1671 1696 1696 1705 1705
    1705 1705 1705 1705 1705 1705 1713 1713 1713 1713 1713 4983 4911
    4911 4911 4842 4842 4842 4774 4774 4774 4708 4708 4708 4708 4708
    4645 4582 4582 4582 4582 4582 4582 4582 4582 4522 4522 4522 4522
    4463 4463 4405 5933 1655 1647 1647 1639 1639 1639 1639 1639 1632
    1632 1632 1624 1616 1616 1616 1616 1616 1624 1616 1609 1609 1616
    1616 1616 1616 1624 1624 1632 1639 1647 1655 1655 1647 1647 1647
    1647 1663 1663 1671 1671 1680 1696 1696 1696 1696 1696 1705 1705
    1713 1713 1705 1696 1688 1688 1688 4911 4842 4842 4774 4774 4774
    4774 4774 4774 4774 4708 4708 4582 4582 4582 4582 4582 4582 4582
    4582 4582 4522 4522 4522 4463 4463 4405 1655 1655 1647 1647 1639
    1639 1639 1639 1639 1632 1632 1632 1624 1616 1616 1616 1616 1616
    1616 1616 1609 1609 1609 1609 1601 1601 1601 1601 1609 1609 1616
    1624 1624 1624 1624 1632 1639 1655 1655 1655 1655 1663 1680 1680
    1688 1688 1688 1696 1696 1705 1705 1696 1688 1688 1688 1688 1688
    4911 4842 4774 4774 4774 4774 4774 4774 4774 4774 4708 4582 4582
    4582 4582 4582 4582 4522 4522 4522 4522 4582 4522 4522 4522 4522
    1663 1663 1647 1647 1639 1639 1639 1639 1639 1632 1632 1632 1624
    1616 1616 1616 1616 1616 1616 1609 1609 1609 1609 1609 1601 1594
    1594 1594 1594 1594 1594 1594 1594 1601 1609 1609 1609 1639 1639
    1647 1647 1647 1655 1655 1663 1680 1688 1688 1696 1696 1696 1696
    1688 1688 1688 1688 1688 1688 1688 1688 4774 4774 4774 4842 4774
    4774 4774 4708 4582 4582 4582 4582 4582 4582 4522 4522 4522 4522
    4582 4522 4522 4522 4522 6038 1647 1647 1647 1647 1647 1639 1639
    1639 1639 1632 1632 1624 1616 1616 1616 1616 1616 1616 1609 1609
    1609 1601 1601 1594 1594 1594 1586 1586 1586 1586 1586 1594 1594
    1594 1594 1594 1616 1624 1632 1639 1639 1647 1647 1663 1671 1671
    1671 1671 1680 1680 1680 1688 1688 1688 1680 1680 1680 1680 1680
    1680 4774 4774 4774 4774 4708 4708 4708 4708 4708 4582 4522 4522
    4582 4522 4522 4522 4582 4582 4522 4522 4522 3653 0 1663 1663 1663
    1647 1647 1647 1647 1639 1639 1639 1632 1624 1616 1616 1616 1616
    1616 1616 1609 1609 1609 1601 1601 1594 1594 1594 1586 1586 1586
    1586 1586 1586 1586 1586 1586 1586 1601 1601 1616 1616 1616 1624
    1632 1632 1647 1647 1655 1655 1671 1663 1663 1671 1671 1680 1671
    1671 1671 1671 1680 1680 1680 4774 4774 4774 4708 4708 4645 4645
    4708 4582 4522 4522 4582 4582 4582 4582 4582 4582 4582 4582 4582
    3614 1671 1663 1663 1663 1655 1647 1647 1647 1639 1639 1639 1632
    1624 1624 1616 1616 1616 1616 1616 1616 1616 1609 1609 1601 1594
    1594 1594 1586 1586 1586 1586 1586 1586 1579 1579 1579 1579 1594
    1594 1594 1601 1601 1601 1601 1594 1594 1616 1616 1632 1632 1647
    1647 1647 1647 1655 1663 1663 1663 1663 1671 1680 1688 1688 4842
    4774 4708 4708 4645 4645 4708 4645 4522 4522 4582 4582 4582 4582
    4582 4582 4582 4582 4582 3614 1671 1671 1671 1671 1663 1655 1647
    1647 1647 1639 1639 1639 1632 1624 1624 1624 1624 1616 1616 1616
    1616 1609 1609 1601 1594 1594 1594 1586 1586 1586 1586 1586 1586
    1579 1579 1579 1579 1586 1586 1586 1586 1586 1586 1594 1586 1586
    1594 1601 1616 1616 1624 1624 1624 1624 1624 1632 1647 1647 1647
