<?xml version="1.0"?>
<opencv_storage>
<Depth17992 type_id="opencv-matrix">
  <rows>50</rows>
  <cols>123</cols>
  <dt>w</dt>
  <data>
    2883 2883 2835 2835 2883 1004 1004 1004 1004 1004 1004 1001 1001
    1001 1001 1001 998 998 998 995 995 995 995 998 1001 998 998 998 995
    992 992 995 995 995 995 995 995 992 992 992 992 2835 2835 2835 2835
    2835 2835 992 992 992 992 992 989 989 989 989 989 989 989 989 989
    987 987 987 987 984 984 984 984 984 984 984 984 984 984 2744 987 987
    984 984 984 984 984 984 984 984 984 987 987 987 987 984 981 981 981
    978 978 978 978 978 978 978 2812 2812 2812 2812 2812 2812 2789 2767
    2767 2767 2723 2723 1080 1070 1067 1067 2659 2659 2541 2541 2522
    2883 2908 2835 2835 1004 1001 1001 1001 1001 1001 1001 1001 1001 998
    998 998 998 998 998 995 995 995 995 995 995 998 998 995 995 992 992
    995 995 995 995 995 995 992 992 992 992 992 992 992 992 992 992 989
    989 992 992 989 989 989 989 989 989 989 987 987 987 987 987 987 987
    984 984 984 984 984 984 984 984 984 984 984 984 984 984 984 981 981
    984 981 981 984 984 984 984 984 981 978 978 978 981 978 978 978 975
    975 975 975 975 2789 2789 2789 2789 2789 2789 2767 2767 2744 2744
    2723 1080 1070 1067 1067 2659 2659 2541 2541 2522 2883 2883 1004
    1004 1001 998 998 998 998 998 998 998 998 998 998 998 995 995 995
    992 992 995 995 992 992 995 995 992 992 992 992 992 995 995 995 995
    995 992 992 989 989 989 992 992 992 989 989 987 987 989 989 989 987
    987 989 987 987 984 984 984 984 984 984 984 984 984 984 984 981 981
    981 981 981 984 984 984 984 984 984 981 981 981 981 981 981 981 981
    978 978 978 978 975 975 975 975 978 978 975 973 973 973 973 970 0
    2789 2789 2789 2789 2789 2767 2767 2744 2744 2723 1080 1034 1031
    1031 1025 1025 1025 2522 2522 1004 1001 1001 1001 998 995 995 995
    995 995 995 995 995 995 995 995 995 995 992 992 992 992 992 992 992
    992 992 989 987 987 989 992 992 992 992 992 992 992 989 989 989 989
    987 984 984 984 984 984 987 987 987 984 984 984 984 984 984 984 981
    981 984 984 984 981 981 981 981 981 978 978 978 978 981 984 981 981
    981 981 981 981 978 978 978 978 978 975 975 975 975 975 975 973 973
    975 975 975 975 973 973 970 970 970 0 0 2789 0 2789 2789 2789 2767
    2767 2744 2723 2723 1022 1022 1025 1025 1025 1022 1022 1022 1025
    1004 1004 1001 998 992 992 992 992 992 992 992 992 992 992 992 992
    992 992 989 989 989 989 989 989 989 992 992 987 987 987 987 987 987
    987 989 989 989 984 984 987 987 987 984 981 981 984 984 984 984 984
    984 981 981 981 981 978 978 978 978 981 981 981 981 981 978 978 978
    978 975 973 973 975 978 981 978 978 978 978 975 975 975 975 975 975
    973 973 973 975 975 975 973 973 973 973 973 973 973 970 970 967 964
    964 964 0 0 0 2789 2767 2767 2767 2767 2723 1028 1025 1022 1022 1022
    1022 1022 1022 1022 1022 1016 1004 1001 1001 995 989 989 989 989 992
    989 989 989 989 989 989 989 989 989 989 987 987 987 987 987 987 987
    987 984 984 984 984 987 984 984 984 984 984 984 984 984 981 981 981
    981 981 981 981 981 984 984 981 981 978 978 978 975 975 975 975 975
    978 978 978 978 978 975 975 975 975 973 973 973 975 978 975 975 975
    975 975 975 973 973 973 973 973 973 973 973 973 973 970 970 970 973
    973 973 970 970 967 962 962 964 964 0 0 0 2789 2767 2767 2767 2767
    2723 1028 1022 1022 1022 1022 1022 1022 1019 1019 1019 1016 998 998
    998 992 989 989 987 987 989 989 987 987 989 989 989 989 987 987 987
    987 987 984 984 984 984 984 984 984 984 984 984 987 984 984 984 984
    984 984 981 981 981 981 981 978 978 978 978 978 981 981 981 978 978
    975 973 973 973 973 973 973 973 973 973 973 973 973 973 973 973 973
    973 973 973 975 975 975 973 973 973 973 973 973 970 970 970 970 970
    970 970 970 967 967 967 970 970 970 970 970 967 962 962 964 964 0 0
    0 0 0 0 1054 1050 1025 1025 1022 1019 1019 1019 1019 1019 1019 1016
    1016 1013 998 998 998 992 989 987 984 984 987 987 987 984 984 981
    981 981 981 981 987 984 984 984 984 984 984 984 984 984 981 981 984
    984 984 984 984 981 981 981 981 981 978 978 978 978 978 975 975 978
    975 973 973 973 973 973 973 973 973 973 973 973 973 973 973 970 970
    970 970 970 970 970 970 973 973 975 973 973 973 973 970 970 970 970
    970 967 967 967 967 967 967 967 967 967 967 967 967 967 967 964 964
    964 954 954 964 0 0 0 0 0 0 1054 1050 1047 1025 1022 1019 1016 1016
    1016 1016 1016 1013 1013 1013 995 995 998 992 992 987 981 981 987
    987 981 981 981 981 981 981 981 981 981 984 984 981 981 981 981 984
    984 981 978 978 981 981 981 981 981 978 978 978 978 978 978 975 975
    975 975 975 975 973 973 973 973 973 973 973 973 970 970 970 970 970
    970 970 970 970 967 967 967 964 964 964 964 967 967 970 970 970 970
    970 967 967 967 967 967 964 964 967 964 964 964 964 964 964 964 964
    964 964 964 962 962 962 954 954 954 0 0 0 0 0 0 1054 1050 1044 1025
    1022 1016 1013 1013 1010 1010 1010 1010 1010 1013 995 995 998 995
    992 984 981 981 981 981 981 981 981 981 981 978 978 981 981 981 981
    981 981 978 978 981 981 978 975 975 975 973 973 973 975 975 973 973
    973 973 975 975 973 973 973 970 970 973 970 970 973 973 970 970 970
    970 970 970 970 970 970 970 967 967 967 967 964 964 962 962 962 962
    962 967 964 964 964 962 962 964 964 964 964 962 962 964 964 964 962
    962 964 962 962 962 962 962 962 959 959 959 956 954 954 0 0 0 0 0 0
    1054 1047 1041 1025 1022 1016 1010 1010 1010 1010 1010 1010 1010
    1010 995 995 998 992 987 978 978 978 981 981 978 978 978 978 978 978
    978 975 975 975 978 978 978 975 975 975 975 975 975 975 973 973 973
    973 973 973 973 973 973 973 973 973 973 970 970 970 970 970 970 970
    970 970 967 967 967 967 967 970 967 967 967 964 964 964 964 964 962
    962 959 959 959 962 962 964 962 962 962 959 959 959 962 962 962 962
    962 962 962 962 962 962 962 962 959 959 959 959 956 956 956 956 954
    954 956 0 0 0 0 0 1054 1054 1047 1041 1025 1022 1016 1010 1010 1007
    1007 1007 1007 1007 1010 0 998 998 978 975 975 975 975 978 978 978
    978 978 978 975 975 973 973 973 973 970 970 970 970 970 973 973 973
    973 973 973 973 970 970 970 970 970 970 973 970 970 970 970 967 967
    967 967 967 967 964 964 964 964 964 964 964 964 962 962 962 962 962
    962 962 962 962 962 959 959 959 959 959 959 962 959 959 959 956 956
    956 956 959 956 956 956 956 956 959 959 959 959 959 954 954 954 954
    954 956 956 956 954 954 954 0 0 0 0 0 1054 1054 1047 1041 1028 1019
    1013 1007 1004 1001 1001 1007 1007 1007 1007 0 978 0 978 973 970 970
    970 970 973 973 975 975 975 973 973 970 970 970 970 970 970 970 970
    970 973 973 973 970 970 973 973 970 970 970 970 970 970 970 970 970
    970 967 967 964 964 964 964 964 964 964 964 964 962 962 962 962 962
    962 962 962 959 959 962 962 962 959 959 956 956 956 956 956 959 956
    956 956 956 956 956 956 956 954 954 954 954 954 954 954 954 956 954
    954 954 954 954 954 954 954 954 951 951 951 0 0 0 0 0 1067 1060 1050
    1038 1028 1019 1013 1007 1004 1001 1001 1004 1004 1004 1004 0 0 0
    970 970 970 970 970 970 970 970 970 970 967 967 967 970 970 970 970
    967 967 967 970 970 970 970 970 970 970 970 970 970 970 967 967 967
    967 967 967 967 967 967 962 962 962 962 962 962 962 962 962 962 962
    959 959 959 959 959 959 959 959 959 959 959 959 956 956 956 956 956
    954 954 956 956 956 956 954 954 954 954 954 954 954 954 954 954 954
    954 954 954 951 951 951 951 951 951 951 951 951 951 951 951 0 943
    1028 1028 0 1067 1057 1050 1038 1025 1022 1013 1004 1001 998 998 998
    998 998 1001 0 0 0 967 967 964 964 967 967 967 967 967 967 964 964
    967 967 967 967 967 967 967 967 967 967 970 967 967 967 970 967 967
    967 967 962 962 962 962 962 962 964 964 962 959 959 959 959 959 959
    959 962 962 959 959 959 959 959 956 956 956 956 954 954 951 951 956
    956 954 954 954 951 951 951 954 954 954 954 954 954 954 954 954 951
