<?xml version="1.0"?>
<opencv_storage>
<Depth0090 type_id="opencv-matrix">
  <rows>11</rows>
  <cols>19</cols>
  <dt>w</dt>
  <data>
    4190 5132 5056 5056 5056 5056 4983 4983 4983 4911 4911 4911 4911
    4911 4911 2680 2680 2680 2680 5210 5132 5056 5056 4983 4983 4983
    4911 4911 4911 4911 4911 4911 4911 4842 4842 2680 2680 2680 3859
    5132 5056 4983 4983 4983 4911 4911 4842 4842 4911 4911 4911 4911
    4842 4842 2723 2680 2659 3859 5132 5056 4983 4983 4911 4911 4911
    4842 4842 4911 4911 4911 4911 4911 4911 4842 2680 2659 3859 5056
    4983 4983 4983 4911 4911 4911 4911 4911 4911 4911 4842 4842 4842
    4911 4842 4842 2680 4983 4983 4983 4983 4983 4911 4911 4911 4911
    4911 4911 4911 4842 4842 4842 4842 4842 4842 4842 4983 4983 4983
    4911 4911 4911 4911 4911 4911 4911 4911 4842 4842 4842 4842 4774
    4774 4774 4774 4983 4911 4911 4911 4911 4911 4911 4911 4911 4911
    4842 4842 4842 4842 4774 4774 4708 4708 4708 4911 4911 4911 4842
    4842 4842 4842 4842 4842 4774 4774 4842 4842 4842 4774 4774 4708
    4708 4708 4911 4911 4842 4842 4842 4774 4774 4774 4774 4774 4774
    4774 4774 4774 4708 4708 4708 4708 4708 4842 4842 4842 4842 4842
    4774 4774 4774 4708 4708 4708 4774 4774 4708 4708 4708 4645 4645
    4645</data></Depth0090>
</opencv_storage>
