<?xml version="1.0"?>
<opencv_storage>
<Depth15093 type_id="opencv-matrix">
  <rows>52</rows>
  <cols>47</cols>
  <dt>w</dt>
  <data>
    4842 4842 4842 4842 4842 4911 4911 4983 4983 4983 4911 4911 4983
    5056 5056 5056 5056 5132 5132 5132 2184 2184 2170 2170 2156 2156
    2170 2170 5291 5374 5374 5291 5291 5374 5374 5374 5460 5460 5548
    5460 5460 5548 5548 5548 5548 5548 5548 4842 4911 4842 4842 4842
    4983 4983 5056 4983 4983 4911 4911 4983 4983 5056 5056 5056 5132
    2198 2170 2170 2184 2170 2156 2143 2143 2156 2156 2156 2156 5210
    5210 5210 5374 5374 5460 5460 5460 5460 5460 5460 5548 5548 5548
    5548 5548 5548 4911 4911 4911 4911 4911 4911 4983 5056 5056 4983
    4983 4983 4983 4983 5056 5056 5056 5132 2170 2156 2156 2156 2143
    2129 2116 2116 2116 2129 2129 2116 5210 5210 5210 5374 5374 5460
    5460 5460 5460 5460 5460 5460 5548 5548 5548 5548 5548 4842 4842
    4842 4842 4911 4911 4983 5056 5056 5056 4983 4983 4983 4983 4983
    5056 5056 2170 2156 2156 2143 2143 2143 2116 2103 2103 2103 2116
    2116 2116 2103 2103 2116 5374 5374 5460 5460 5460 5460 5460 5460
    5460 5460 5548 5548 5548 5548 4842 4842 4842 4842 4911 4983 4983
    4983 4983 4983 4983 4983 4983 4983 4983 5132 5132 2170 2156 2143
    2143 2143 2143 2116 2103 2103 2103 2103 2116 2116 2103 2103 2116
    2129 2129 5460 5460 5460 5374 5374 5460 5460 5460 5548 5548 5548
    5548 4842 4842 4842 4842 4911 4983 4983 4983 4983 4983 4983 4983
    4983 4983 4983 4983 2184 2156 2143 2143 2143 2143 2143 2116 2103
    2103 2103 2103 2116 2116 2116 2116 2116 2129 2129 2143 2143 5460
    5374 5374 5460 5460 5548 5548 5548 5548 5548 4842 4842 4842 4842
    4911 4983 4983 4983 4983 4983 5056 5056 4983 4983 4983 4983 2170
    2156 2143 2143 2129 2129 2143 2103 2103 2103 2103 2116 2116 2116
    2116 2129 2143 2143 2143 2143 2143 2170 5548 5548 5548 5548 5548
    5548 5548 5548 5548 4842 4842 4842 4842 4911 4983 4983 4983 4983
    4983 5056 5056 5056 5056 5056 2170 2170 2156 2143 2143 2116 2116
    2129 2103 2103 2103 2103 2116 2116 2116 2116 2129 2143 2143 2143
    2143 2156 2156 2170 2170 2184 5548 5548 5548 5548 5548 5548 4842
    4842 4842 4911 4911 4911 4983 4983 4983 4983 5056 5056 5056 5056
    2184 2156 2156 2143 2129 2129 2116 2116 2103 2103 2103 2103 2103
    2116 2116 2116 2129 2129 2129 2129 2129 2129 2156 2156 2170 2184
    2184 2184 2226 5548 5548 5548 5548 4842 4842 4842 4911 4911 4911
    4911 4911 4911 4983 5056 4983 4983 4983 2184 2156 2156 2143 2129
    2116 2103 2103 2090 2090 2090 2103 2103 2116 2116 2116 2129 2129
    2129 2129 2129 2129 2156 2170 2170 2184 2184 2184 2226 2226 5548
    5548 5548 4842 4911 4911 4911 4911 4911 4911 4911 4911 4983 4983
    4983 4983 4983 2170 2143 2143 2129 2116 2103 2103 2103 2090 2090
    2090 2103 2103 2116 2116 2116 2129 2129 2129 2129 2129 2143 2156
    2170 2170 2184 2184 2184 2184 2198 2198 2212 2226 4842 4911 4911
    4911 4911 4911 4911 4911 4911 4983 4983 4983 4983 4983 2143 2143
    2129 2116 2103 2103 2090 2090 2090 2090 2090 2103 2103 2103 2116
    2116 2116 2129 2129 2143 2143 2143 2156 2170 2170 2184 2184 2184
    2184 2198 2198 2212 2226 4842 4911 4911 4911 4911 4911 4911 4911
    4983 4983 4983 4983 2103 2103 2103 2116 2116 2103 2103 2103 2090
    2090 2090 2090 2103 2103 2103 2103 2116 2116 2116 2129 2143 2143
    2143 2156 2156 2170 2170 2184 2198 2198 2198 2212 2212 2212 2212
    4842 4842 4911 4911 4911 4911 4911 4911 4983 4983 4983 4983 2103
    2103 2103 2116 2103 2103 2103 2090 2090 2090 2090 2090 2103 2103
    2103 2103 2103 2116 2116 2129 2143 2156 2156 2156 2156 2170 2170
    2184 2184 2184 2212 2212 2212 2198 2198 4842 4842 4842 4911 4911
    4911 4911 4911 4983 4983 4983 4983 2129 2116 2103 2103 2103 2090
    2090 2078 2078 2078 2090 2090 2103 2103 2103 2103 2103 2116 2116
    2129 2143 2143 2156 2156 2156 2170 2170 2184 2184 2184 2212 2212
    2198 2198 2198 4842 4842 4842 4911 4911 4911 4911 4911 4911 4983
    5056 5056 2129 2116 2103 2103 2103 2090 2090 2078 2078 2078 2090
    2103 2103 2103 2103 2103 2116 2116 2116 2129 2143 2143 2143 2156
    2170 2170 2170 2184 2184 2198 2212 2212 2198 2198 2198 4842 4842
    4842 4842 4842 4911 4911 4911 4911 4983 4983 2129 2129 2116 2103
    2103 2090 2090 2078 2065 2065 2078 2090 2103 2103 2103 2103 2116
    2116 2116 2129 2143 2143 2143 2143 2156 2170 2170 2170 2184 2184
    2198 2198 2198 2198 2198 5548 4842 4842 4842 4842 4842 4842 4842
    4911 4911 2129 2129 2129 2116 2116 2103 2103 2090 2078 2078 2065
    2065 2078 2090 2103 2103 2116 2116 2116 2116 2116 2129 2143 2143
    2143 2143 2156 2170 2170 2170 2170 2184 2198 2198 2184 2184 5548
    5548 4842 4842 4842 4842 4842 4842 2090 2090 2116 2116 2116 2116
    2116 2103 2103 2090 2090 2078 2078 2065 2065 2078 2090 2103 2103
    2103 2116 2116 2116 2129 2143 2143 2143 2143 2143 2156 2156 2170
    2170 2170 2184 2198 2198 2170 2170 5548 5548 4842 4842 4842 4842
    4842 4842 2090 2090 2116 2116 2116 2116 2103 2103 2090 2090 2078
    2078 2078 2078 2065 2065 2090 2103 2103 2103 2116 2116 2116 2129
    2143 2143 2143 2143 2143 2156 2156 2170 2170 2170 2184 2198 2184
    2156 2156 5548 5548 4842 4842 4842 4842 4911 4911 2116 2116 2129
    2116 2116 2103 2103 2090 2090 2078 2078 2065 2065 2078 2065 2065
    2090 2103 2103 2103 2103 2116 2116 2129 2143 2143 2143 2143 2156
    2156 2156 2170 2170 2170 2184 2198 2170 2156 2156 5548 5548 4842
    4842 4842 4842 4911 4911 2116 2116 2129 2116 2103 2090 2090 2078
    2065 2065 2065 2065 2065 2065 2065 2065 2090 2103 2103 2103 2103
    2116 2116 2129 2129 2143 2156 2156 2156 2156 2170 2170 2170 2184
    2198 2198 2170 2170 2170 5640 5548 4842 4842 4911 4911 4842 4842
    4911 2129 2116 2103 2103 2090 2078 2078 2053 2053 2053 2053 2053
    2065 2065 2065 2090 2103 2103 2103 2116 2116 2116 2129 2129 2143
    2156 2156 2156 2170 2170 2170 2170 2184 2184 2198 2184 2184 5640
    5548 5548 4842 4842 4911 4911 4774 4774 4774 2116 2116 2103 2090
    2090 2078 2065 2053 2053 2053 2053 2053 2065 2065 2065 2090 2103
    2103 2103 2116 2116 2129 2129 2143 2143 2156 2156 2156 2170 2170
    2170 2170 2184 2184 2198 2198 2198 5640 5548 5548 4842 4911 4911
    4911 4774 4774 4774 2116 2103 2103 2090 2078 2078 2065 2053 2053
    2053 2053 2053 2065 2078 2078 2103 2103 2103 2103 2116 2116 2129
    2129 2143 2156 2156 2156 2156 2170 2170 2170 2184 2184 2184 2198
    2198 5640 5640 5548 5548 4842 4911 4911 4983 4983 4983 2103 2103
    2103 2090 2090 2078 2078 2065 2053 2053 2053 2053 2053 2053 2065
    2103 2103 2103 2103 2116 2116 2129 2143 2143 2143 2156 2170 2170
    2170 2170 2170 2170 2170 2184 2184 2184 2184 5548 5548 5548 5548
    4842 4911 4911 4983 4983 4983 2103 2090 2090 2090 2078 2065 2065
    2053 2053 2053 2053 2053 2053 2053 2065 2103 2103 2103 2103 2116
    2129 2129 2143 2143 2143 2156 2156 2156 2170 2170 2170 2170 2170
    2170 2170 2184 5460 5460 5548 5640 5640 4842 4842 4842 4983 4983
    2103 2103 2090 2090 2078 2078 2065 2065 2053 2053 2053 2053 2053
    2053 2053 2065 2103 2103 2103 2103 2116 2129 2143 2143 2143 2143
    2156 2156 2156 2170 2170 2170 2170 2170 2156 2156 2156 5460 5460
    5548 5548 5548 4842 4774 4708 4708 2116 2103 2090 2090 2090 2078
    2078 2065 2053 2053 2053 2053 2053 2053 2053 2053 2065 2103 2103
    2116 2116 2116 2129 2143 2143 2143 2156 2156 2156 2156 2170 2170
    2170 2170 2156 2156 2156 5460 5460 5548 5548 5548 5548 4842 4774
    4708 2103 2103 2090 2090 2078 2078 2065 2053 2053 2040 2040 2053
    2053 2053 2053 2053 2053 2065 2103 2103 2103 2116 2116 2129 2129
    2129 2143 2156 2156 2156 2156 2170 2170 2170 2170 2156 2156 5460
    5460 5460 5548 5548 5548 5548 4842 4774 4774 2103 2103 2090 2090
    2078 2065 2053 2053 2053 2040 2040 2040 2040 2053 2053 2053 2065
    2078 2090 2103 2103 2116 2116 2116 2129 2129 2143 2156 2156 2156
    2170 2170 2170 2170 2170 2170 2170 5460 5460 5460 5548 5548 5640
    5640 4842 4774 2103 2103 2090 2090 2090 2078 2065 2053 2040 2040
    2040 2040 2040 2040 2053 2053 2053 2065 2078 2090 2103 2103 2116
