<?xml version="1.0"?>
<opencv_storage>
<Depth2455 type_id="opencv-matrix">
  <rows>25</rows>
  <cols>5</cols>
  <dt>w</dt>
  <data>
    4842 4842 4708 4708 4645 4842 4842 4774 4774 4708 4911 4842 4774
    4774 4708 4911 4842 4842 4774 4774 4911 4911 4842 4842 4774 4911
    4911 4842 4842 4774 4983 4911 4842 4842 4774 4983 4911 4842 4842
    4774 4983 4911 4842 4842 4774 4983 4911 4842 4842 4774 4983 4842
    4842 4842 4774 4983 4842 4842 4842 4774 4983 4911 4842 4842 4842
    5056 4911 4911 4842 4842 5056 4911 4911 4911 4842 5132 4911 4911
    4911 4842 5056 4911 4911 4911 4911 5056 4911 4911 4911 4911 5056
    4983 4983 4983 4911 5056 4983 4983 4983 4911 5056 5056 5056 4983
    4911 5056 5056 5056 4983 4911 4983 4983 4983 4911 4911 4983 4983
    4983 4911 4911 4911 4911 4911 4911 4911</data></Depth2455>
</opencv_storage>
