<?xml version="1.0"?>
<opencv_storage>
<Depth8710 type_id="opencv-matrix">
  <rows>81</rows>
  <cols>39</cols>
  <dt>w</dt>
  <data>
    4983 4983 4911 4911 4842 4842 4842 4911 4842 4842 4911 1564 1564
    1572 4842 4774 4774 4774 4708 4708 4708 4708 4708 4774 4774 4774
    1572 1639 1639 1624 1624 1647 1647 1647 2859 2835 2812 2789 2789
    4983 4911 4911 4774 4774 4774 4842 4842 1536 1536 1536 1564 1564
    1572 4911 4911 1470 1470 1470 1470 1496 1496 1503 1509 1509 1543
    1572 1572 1572 1572 1594 1632 1632 1639 1647 1647 1655 1655 2789
    4983 4911 4911 4774 1489 1489 1489 1489 1496 1529 1523 1523 1536
    1572 1572 1470 1470 1470 1470 1470 1496 1496 1503 1509 1509 1543
    1550 1557 1564 1572 1586 1601 1609 1624 1632 1639 1639 1647 1647
    4983 4911 4911 1503 1489 1489 1489 1489 1489 1516 1516 1516 1516
    1516 1483 1470 1470 1464 1464 1464 1464 1496 1503 1509 1509 1523
    1543 1550 1557 1572 1579 1594 1609 1624 1632 1632 1632 1647 3208
    4983 4911 1516 1503 1496 1489 1489 1489 1489 1489 1489 1489 1483
    1483 1483 1464 1464 1464 1464 1464 1464 1489 1503 1503 1509 1523
    1536 1550 1557 1572 1579 1594 1609 1624 1632 1632 1632 1632 3208
    1543 1516 1509 1503 1496 1489 1489 1489 1483 1483 1483 1477 1477
    1470 1464 1464 1464 1464 1464 1464 1464 1483 1496 1496 1503 1536
    1536 1550 1557 1572 1586 1594 1609 1624 1632 1639 1632 1632 1632
    1536 1516 1509 1503 1496 1489 1489 1489 1483 1477 1477 1470 1470
    1464 1464 1464 1464 1458 1458 1464 1464 1483 1489 1496 1503 1536
    1543 1550 1557 1572 1586 1594 1609 1616 1632 1639 1639 1639 1639
    1529 1509 1509 1503 1496 1489 1489 1489 1483 1477 1477 1470 1470
    1464 1458 1458 1458 1458 1458 1464 1464 1483 1489 1496 1503 1536
    1543 1550 1557 1564 1586 1594 1616 1616 1632 1639 1647 1647 1647
    1529 1509 1509 1503 1496 1489 1489 1489 1483 1483 1477 1470 1470
    1464 1458 1458 1458 1458 1458 1464 1470 1483 1496 1496 1503 1529
    1543 1550 1564 1564 1579 1594 1609 1616 1632 1639 1647 1647 1647
    1503 1503 1503 1503 1503 1489 1489 1483 1483 1483 1483 1470 1470
    1464 1464 1464 1458 1458 1458 1464 1470 1483 1496 1496 1503 1523
    1536 1543 1557 1564 1579 1594 1601 1609 1632 1639 1639 1647 1647
    1503 1503 1503 1503 1503 1489 1483 1483 1483 1483 1483 1477 1470
    1464 1464 1464 1458 1458 1458 1464 1470 1483 1496 1496 1509 1523
    1536 1543 1557 1564 1579 1594 1601 1609 1632 1639 1639 1639 3238
    1503 1503 1503 1503 1503 1489 1483 1483 1483 1483 1483 1477 1477
    1470 1464 1464 1464 1464 1464 1464 1477 1483 1489 1496 1509 1523
    1536 1543 1557 1564 1579 1594 1601 1609 1632 1639 1639 1639 1639
    1509 1509 1509 1503 1503 1489 1489 1483 1483 1483 1483 1477 1477
    1470 1470 1464 1464 1458 1458 1464 1477 1483 1489 1503 1509 1516
    1529 1543 1557 1564 1572 1594 1601 1616 1632 1639 1639 1639 3208
    1509 1509 1509 1503 1503 1489 1489 1489 1483 1483 1477 1477 1477
    1470 1470 1464 1464 1458 1458 1464 1477 1483 1489 1503 1509 1516
    1529 1543 1557 1564 1572 1594 1601 1616 1624 1632 1639 1639 3208
    1509 1509 1503 1503 1496 1489 1489 1489 1483 1483 1477 1477 1477
    1470 1470 1464 1464 1458 1458 1464 1477 1483 1489 1503 1509 1516
    1529 1550 1557 1564 1572 1586 1601 1616 1624 1632 1639 1647 3208
    1516 1516 1503 1503 1496 1489 1489 1489 1483 1483 1477 1477 1470
    1470 1470 1464 1464 1458 1458 1464 1470 1483 1489 1503 1509 1516
    1529 1550 1564 1564 1572 1586 1601 1616 1624 1632 1639 1647 1647
    4911 1503 1503 1489 1489 1489 1489 1489 1483 1483 1477 1477 1470
    1470 1464 1464 1464 1458 1458 1464 1470 1483 1489 1503 1509 1516
    1529 1550 1564 1564 1572 1579 1601 1609 1624 1632 1647 1655 1663 0
    1496 1496 1489 1489 1489 1489 1489 1483 1483 1477 1477 1470 1470
    1464 1458 1458 1458 1458 1464 1470 1483 1489 1496 1509 1516 1523
    1536 1557 1564 1572 1579 1601 1609 1624 1632 1647 1663 1663 0 1496
    1496 1489 1489 1489 1489 1489 1483 1483 1483 1477 1470 1470 1464
    1458 1458 1458 1458 1464 1470 1483 1489 1496 1509 1516 1523 1536
    1550 1564 1572 1586 1601 1609 1624 1632 1647 1655 1663 0 1489 1489
    1489 1489 1489 1489 1483 1483 1483 1483 1477 1470 1470 1464 1458
    1458 1458 1458 1464 1470 1483 1489 1496 1509 1516 1529 1536 1550
    1557 1572 1594 1601 1616 1624 1632 1639 1655 1663 1489 1489 1489
    1489 1489 1489 1489 1483 1483 1483 1483 1477 1470 1470 1464 1458
    1458 1458 1458 1464 1470 1477 1489 1496 1509 1516 1529 1536 1550
    1557 1572 1594 1601 1616 1624 1632 1639 1639 1639 1509 1496 0 1496
    1489 1489 1489 1489 1483 1483 1477 1470 1470 1464 1464 1458 1458
    1458 1458 1464 1470 1477 1489 1489 1509 1523 1529 1543 1550 1564
    1579 1594 1601 1609 1624 1632 1632 1632 1632 0 1509 0 1496 1496 1489
    1489 1489 1483 1483 1477 1470 1470 1464 1464 1464 1458 1458 1458
    1464 1470 1477 1489 1489 1509 1516 1529 1536 1550 1557 1579 1594
    1601 1609 1624 1632 1632 1624 1624 0 1509 1509 1496 1496 1489 1489
    1489 1483 1483 1477 1470 1470 1464 1464 1458 1458 1458 1458 1464
    1470 1477 1483 1489 1509 1516 1529 1536 1550 1557 1579 1594 1601
    1609 1624 1632 1632 1616 1594 1489 1503 1503 1496 1496 1489 1489
    1483 1483 1483 1477 1470 1470 1464 1464 1458 1458 1458 1458 1464
    1464 1477 1483 1489 1509 1516 1529 1536 1550 1557 1572 1586 1601
    1609 1624 1632 1624 1616 1594 0 1489 1489 1496 1489 1489 1483 1483
    1483 1483 1477 1470 1470 1464 1464 1458 1458 1458 1458 1464 1464
    1477 1489 1489 1503 1516 1529 1536 1550 1557 1572 1586 1601 1609
    1624 1632 1624 1616 1616 0 1489 1489 1496 1489 1489 1483 1483 1483
    1483 1477 1470 1470 1470 1464 1458 1458 1458 1458 1458 1464 1477
    1483 1489 1503 1516 1529 1536 1550 1564 1572 1586 1601 1609 1624
    1632 1632 1632 1632 0 1489 1489 1489 1489 1489 1483 1483 1483 1483
    1477 1470 1470 1470 1464 1458 1458 1458 1458 1458 1464 1477 1483
    1489 1509 1516 1523 1536 1550 1564 1572 1586 1601 1609 1624 1632
    1632 1632 1632 0 1489 1489 1489 1489 1489 1489 1483 1483 1483 1477
    1477 1477 1470 1458 1458 1458 1458 1458 1464 1464 1477 1483 1489
    1509 1516 1523 1543 1550 1564 1572 1586 1601 1609 1624 1632 1632
    1639 1639 0 1489 1489 1489 1489 1489 1489 1483 1483 1483 1477 1477
    1470 1470 1458 1458 1458 1458 1458 1464 1470 1477 1483 1489 1503
    1516 1529 1536 1543 1550 1572 1586 1601 1609 1624 1632 1632 1639
    1639 0 1489 1489 1489 1489 1489 1489 1483 1483 1483 1477 1477 1470
    1464 1458 1458 1458 1458 1458 1464 1470 1477 1483 1489 1503 1516
    1529 1536 1543 1550 1572 1586 1601 1609 1616 1632 1632 1639 1639
    1509 1509 1496 1489 1489 1489 1489 1483 1483 1483 1483 1477 1470
    1464 1464 1458 1458 1458 1458 1464 1470 1477 1483 1489 1503 1509
    1523 1536 1543 1550 1564 1586 1594 1609 1616 1632 1632 1639 1639
    1503 1503 1496 1489 1489 1489 1489 1489 1483 1483 1483 1477 1470
    1464 1458 1458 1458 1458 1458 1458 1464 1477 1483 1489 1503 1509
    1523 1536 1543 1557 1564 1586 1594 1601 1616 1632 1632 1639 1639
    1503 1503 1503 1489 1489 1489 1483 1483 1483 1477 1470 1470 1470
    1464 1458 1458 1458 1458 1458 1458 1464 1470 1483 1489 1503 1509
    1523 1536 1543 1557 1564 1586 1594 1601 1609 1624 1632 1639 1639
    1503 1503 1503 1496 1496 1489 1483 1483 1483 1477 1470 1464 1464
    1464 1458 1458 1452 1452 1452 1458 1464 1470 1477 1483 1496 1509
    1523 1536 1550 1564 1572 1579 1594 1601 1609 1624 1632 1639 1639
    1503 1503 1496 1496 1489 1489 1483 1483 1483 1477 1464 1464 1464
    1464 1458 1458 1452 1452 1452 1458 1464 1470 1477 1483 1496 1509
    1523 1536 1543 1557 1572 1579 1594 1601 1609 1624 1632 1632 1632
    1496 1496 1496 1489 1489 1489 1489 1483 1483 1477 1464 1464 1464
    1464 1458 1458 1458 1458 1458 1458 1464 1470 1477 1483 1489 1503
    1523 1536 1543 1550 1564 1586 1594 1601 1609 1624 1632 1632 1632
    1489 1489 1489 1489 1489 1489 1489 1483 1483 1477 1470 1464 1464
    1464 1464 1458 1458 1458 1458 1458 1464 1477 1483 1489 1489 1503
    1523 1536 1543 1550 1557 1579 1594 1601 1616 1632 1632 1632 1632
