<?xml version="1.0"?>
<opencv_storage>
<Depth3604 type_id="opencv-matrix">
  <rows>65</rows>
  <cols>152</cols>
  <dt>w</dt>
  <data>
    783 781 780 780 780 780 780 783 787 787 789 781 781 811 811 811 0 0
    0 0 0 0 0 0 0 0 0 0 0 0 0 0 0 0 0 829 829 827 827 831 831 831 833
    841 837 835 833 829 829 829 829 833 835 839 841 841 841 0 843 839
    835 835 835 2908 2908 2908 837 837 837 837 2908 2908 2933 2958 2958
    2933 843 843 847 849 845 845 2859 2908 2933 2933 2958 2958 2958 2958
    2933 2933 2958 2958 2984 2958 2958 2958 2958 2958 2958 2958 2984
    2984 2984 2958 2958 2958 2958 2958 2984 2984 2984 2958 2958 2958
    2958 2984 2984 2984 2958 2958 2958 2984 2984 3010 3010 3010 2984
    2984 2984 2984 2984 2984 2984 2984 2984 2984 2984 2984 2984 2984
    2984 3010 3010 3010 3010 3010 3010 3010 3010 3010 767 767 767 767
    771 780 781 787 787 789 789 796 811 811 809 809 813 0 0 0 0 0 0 0 0
    0 0 0 0 0 0 0 0 0 0 0 829 827 827 827 825 825 823 823 821 821 823
    827 827 827 829 829 831 831 833 833 835 835 839 835 835 835 831 831
    833 835 837 837 837 837 837 837 837 837 843 843 843 843 845 845 845
    845 845 845 845 851 851 851 843 841 841 843 845 847 854 856 856 856
    851 851 854 847 847 2984 2984 2958 2933 2933 2958 2958 2984 2958
    2958 2958 2958 2958 2958 2984 2984 2984 2958 2958 2958 2984 2984
    2984 2984 2984 2984 2984 2984 2984 2984 2984 2984 2984 2984 2984
    2984 2984 2984 2984 2984 3010 3010 3010 3010 3010 3010 3010 3010
    3010 766 766 766 767 769 774 778 787 789 789 794 796 815 811 809 809
    813 0 0 0 0 0 0 0 0 0 0 0 0 0 0 0 0 0 0 0 0 827 827 827 821 821 819
    815 813 813 817 819 825 825 825 825 825 827 827 827 835 827 825 825
    827 829 829 829 829 829 829 837 837 837 837 837 835 833 833 835 833
    833 835 839 841 841 841 841 841 843 837 837 837 839 839 839 839 839
    849 849 849 851 851 851 845 845 843 843 843 845 851 854 2958 2958
    2984 2958 2958 2958 2958 2984 2984 2984 2984 2984 2984 2984 2984
    2984 2984 2984 2984 2984 3010 3010 3010 2984 2984 2984 2984 2984
    2984 2984 2984 2984 2984 2984 2984 2984 3010 3010 3010 3010 3010
    3010 3010 3010 762 764 764 766 769 771 778 789 789 790 796 796 815
    807 807 809 0 0 0 0 0 0 0 0 0 0 0 0 0 0 0 0 0 0 0 0 803 803 803 805
    807 811 815 813 813 813 815 815 821 815 815 815 813 811 811 813 813
    813 815 815 817 817 817 825 825 823 821 821 833 835 835 835 831 829
    827 827 825 825 827 827 829 829 829 831 833 831 831 831 831 835 837
    837 837 837 839 841 839 839 843 843 841 839 839 841 841 841 845 849
    849 847 847 847 849 856 856 856 3010 3010 3010 849 849 849 849 3010
    3010 3010 3010 3010 3010 3010 3010 3010 3010 864 864 862 860 860
    3010 3010 2984 2984 2984 2984 3010 3010 3010 3010 3010 3010 3010
    3010 759 762 762 766 771 771 776 789 789 790 796 796 796 807 807 0 0
    0 0 0 0 0 0 0 0 0 0 0 0 0 0 0 0 0 0 0 792 792 802 802 803 805 805
    807 805 805 807 811 811 807 807 809 809 809 807 807 805 805 809 809
    811 811 811 811 811 811 813 813 813 813 811 811 819 821 821 821 821
    821 821 823 823 823 823 821 821 825 825 825 829 831 833 833 829 823
    823 823 833 831 831 829 829 829 831 831 831 829 823 823 849 829 829
    837 837 837 837 837 845 843 843 845 845 845 849 851 851 849 849 854
    856 856 854 854 854 854 858 858 860 860 862 862 862 2984 2984 3010
    3010 864 864 3010 3010 3010 3010 3010 754 761 762 766 767 773 776
    789 789 790 794 794 794 0 0 0 0 0 0 0 0 0 0 0 0 0 0 0 0 780 780 778
    778 778 778 781 783 789 790 796 796 796 792 790 790 800 800 800 800
    803 805 805 805 805 805 805 803 803 805 805 805 805 803 803 803 803
    803 807 809 809 809 809 809 813 817 815 813 813 813 817 819 819 819
    815 815 815 819 819 825 825 825 821 821 821 821 821 821 825 825 827
    825 825 825 827 823 823 821 821 827 827 827 827 827 829 833 831 831
    833 837 841 841 845 845 845 843 843 843 845 845 847 847 847 847 847
    854 854 858 858 860 860 858 856 856 858 858 864 864 3010 3010 3010
    3010 3010 754 761 761 767 767 773 776 783 785 785 794 794 794 0 0 0
    0 0 0 0 0 0 0 0 0 0 0 0 0 776 776 776 776 774 774 776 776 778 785
    783 781 781 783 783 785 790 790 790 796 796 798 798 798 800 800 796
    794 794 796 798 800 800 800 798 798 800 802 805 807 805 805 802 800
    800 800 813 805 805 803 803 807 811 813 813 813 813 813 809 807 807
    807 805 805 807 807 815 813 813 817 815 815 819 819 823 821 819 817
    817 821 823 823 823 823 823 827 827 827 827 837 835 835 835 833 833
    833 833 841 841 841 843 845 845 845 845 845 837 837 839 839 860 858
    854 854 851 851 851 858 0 0 858 0 0 757 761 761 766 767 774 780 783
    783 785 787 794 794 0 0 0 0 0 0 0 0 0 0 0 0 0 0 0 0 773 769 769 773
    769 769 769 766 764 764 767 769 774 774 776 776 785 785 785 780 780
    787 785 785 776 776 780 787 789 789 790 790 792 794 794 796 796 796
    802 803 800 800 794 792 792 794 794 796 802 800 800 794 794 796 807
    807 803 803 803 803 803 803 802 802 802 802 805 809 809 811 809 809
    809 809 811 811 813 813 815 815 815 821 819 819 819 817 817 817 815
    813 813 815 815 827 823 821 821 821 821 827 827 827 831 843 837 835
    835 835 835 835 833 833 837 837 837 837 837 858 0 0 0 0 0 757 761
    761 766 774 774 780 783 783 787 787 794 794 0 0 0 0 0 0 0 0 0 0 0 0
    0 0 747 747 755 759 762 762 767 767 766 764 762 762 766 766 767 762
    762 764 762 762 762 762 776 778 776 773 773 773 774 774 780 778 778
    778 778 785 790 790 789 787 783 783 785 785 789 790 790 789 789 789
    794 792 789 789 789 789 789 790 792 792 796 800 800 796 794 794 796
    796 796 798 809 800 800 803 803 803 800 800 805 805 805 805 809 811
    813 811 805 805 811 811 813 811 811 807 807 817 817 817 817 817 819
    821 817 817 819 819 819 821 821 833 835 835 833 829 829 831 831 831
    831 0 0 0 0 0 0 759 761 762 764 774 774 780 783 785 790 794 0 0 0 0
    0 0 0 0 0 0 0 0 0 744 744 747 746 746 747 750 750 742 742 744 744
    761 759 759 757 757 757 757 757 761 761 761 761 759 759 759 762 766
    767 769 771 771 773 774 774 776 776 774 774 773 769 769 771 773 773
    776 780 783 787 785 783 781 781 781 783 783 781 781 783 783 783 785
    785 785 787 789 790 790 790 790 792 792 790 790 792 792 792 792 794
    794 794 794 794 790 790 811 798 798 802 802 802 809 809 807 803 803
    803 817 817 817 815 815 815 805 805 805 805 813 817 819 819 819 823
    825 823 823 825 827 829 829 829 829 0 0 0 0 0 762 762 762 764 774
    776 781 783 790 790 798 0 0 0 0 0 0 0 0 0 0 0 0 0 742 742 742 742
    744 742 742 742 741 741 742 744 744 750 749 749 749 744 744 752 755
    755 757 755 755 755 755 761 762 762 762 762 762 766 766 767 767 773
    771 771 769 769 769 771 771 771 774 773 773 778 780 780 773 773 776
    778 780 780 780 780 781 781 781 781 780 780 780 781 783 783 783 783
    789 789 785 785 783 783 783 783 785 789 787 787 785 783 783 789 790
    796 790 790 809 796 796 794 794 796 794 794 794 794 796 796 796 800
    798 798 800 802 819 819 819 803 803 809 807 807 811 811 811 819 811
    811 0 0 0 0 764 764 764 764 771 780 785 785 787 789 798 0 0 0 0 0 0
    0 0 0 0 0 0 730 730 741 741 741 741 738 738 738 739 739 739 739 739
    746 747 747 746 742 742 746 749 749 749 747 747 747 747 749 749 749
    749 749 752 754 754 749 749 767 769 767 766 766 766 766 766 767 767
    767 767 767 767 767 767 767 771 773 776 776 774 774 776 780 778 776
    773 773 774 776 778 781 781 773 771 771 776 781 781 781 780 780 781
    781 783 783 783 781 781 781 781 778 778 781 783 785 787 787 790 790
    789 789 789 789 785 785 785 800 798 796 794 790 789 789 790 790 790
    790 805 802 800 798 794 794 803 805 0 0 0 0 764 762 762 764 771 780
    783 783 785 789 0 0 0 0 0 0 0 0 0 0 0 0 723 723 725 725 730 730 731
    734 734 734 738 738 738 738 738 742 742 742 741 741 741 742 744 746
    742 742 742 742 741 741 741 741 742 742 749 752 754 749 747 746 746
    749 749 754 755 757 757 757 757 757 759 759 761 761 762 762 762 761
    761 769 764 764 762 762 764 773 766 762 762 762 762 762 762 766 767
