<?xml version="1.0"?>
<opencv_storage>
<Depth17166 type_id="opencv-matrix">
  <rows>27</rows>
  <cols>48</cols>
  <dt>w</dt>
  <data>
    2598 2598 2618 2598 2598 2560 2560 2560 2579 3300 3300 3300 3300
    3300 3300 3300 3238 3238 3208 3208 3178 3178 3178 3208 3178 3178
    3178 3178 3178 3178 3149 3149 3149 3149 3149 3149 3092 3092 3092
    3092 3092 3092 3092 3064 3064 3037 3010 3010 2598 2598 2598 2598
    2579 2560 2541 2541 2541 2541 2541 2541 2522 2503 2503 2503 3238
    2522 2522 3178 3178 3178 3178 3178 3178 3178 3178 3149 3149 3120
    3120 3092 3092 3092 3092 3092 3092 3092 3092 3092 3092 3092 3064
    3064 3037 3010 3010 3010 2598 2598 2598 2598 2579 2541 2522 2522
    2522 2541 2541 2541 2503 2503 2485 2467 2467 2503 2522 3178 3178
    3178 3178 3178 3178 3178 3149 3149 3149 3120 3120 3092 3092 3092
    3064 3064 3092 3064 3064 3092 3092 3064 3064 3064 3010 2984 2984
    2984 2598 2579 2560 2560 2541 2522 2522 2503 2503 2522 2522 2522
    2503 2503 2467 2467 2467 2485 2503 2467 2450 2450 2450 3120 3120
    3149 3120 2467 2467 3120 3092 3092 3092 3092 3064 3064 3064 3064
    3064 3064 3064 3064 3064 3037 2984 2984 2984 2984 2560 2560 2560
    2560 2541 2503 2503 2503 2503 2503 2485 2485 2467 2450 2450 2450
    2467 2467 2485 2467 2450 2450 2450 2432 2432 3092 2432 2432 2415
    2398 2381 2381 3092 3092 3092 3064 3064 3037 3037 3037 3037 3010
    3010 3010 2984 2984 2984 2984 2560 2560 2560 2560 2541 2503 2503
    2485 2485 2485 2467 2467 2467 2432 2432 2450 2450 2432 2432 2415
    2415 2415 2415 2398 2398 2398 2398 2398 2381 2365 2365 2365 2381
    2381 2381 2365 2365 3037 3037 3010 3010 2984 2984 2984 2984 2984
    2984 2984 2598 2598 2541 2541 2522 2503 2503 2485 2485 2485 2467
    2467 2450 2415 2415 2415 2415 2415 2398 2398 2398 2415 2415 2398
    2398 2398 2398 2381 2381 2365 2365 2365 2381 2365 2365 2349 2349
    3037 2349 2333 2333 2984 2984 2984 2984 2984 2984 2984 2598 2598
    2541 2541 2522 2503 2503 2485 2485 2485 2467 2467 2450 2415 2415
    2415 2398 2398 2398 2398 2398 2398 2398 2398 2381 2381 2365 2349
    2349 2349 2349 2365 2365 2349 2349 2333 2333 2333 2333 2317 2317
    2317 2301 2301 2317 2958 2958 2286 2579 2579 2560 2541 2541 2522
    2503 2503 2485 2485 2467 2467 2450 2450 2415 2415 2398 2398 2398
    2398 2381 2381 2381 2381 2381 2365 2349 2349 2333 2333 2317 2317
    2333 2333 2333 2333 2333 2317 2317 2317 2301 2301 2301 2301 2301
    2271 2271 2286 1328 2579 2541 2541 2522 2522 2522 2503 2503 2485
    2467 2450 2450 2450 2432 2415 2398 2398 2398 2381 2381 2381 2381
    2381 2381 2349 2349 2333 2333 2333 2317 2317 2317 2317 2317 2301
    2301 2317 2317 2301 2301 2301 2286 2286 2286 2271 2271 2271 1307
    1307 2541 2541 2522 2522 2522 2503 2485 2485 2467 2450 2450 2450
    2432 2415 2398 2398 2398 2381 2381 2381 2381 2381 2381 2333 2333
    2333 2333 2333 2317 2301 2301 2301 2301 2301 2301 2301 2301 2286
    2271 2271 2271 2271 2271 2271 2271 2256 1307 1317 1317 2541 2522
    2522 2522 2503 2485 2485 2467 2467 2467 2450 2450 2432 2415 2415
    2398 2398 2381 2381 2381 2365 2365 2333 2333 2333 2333 2317 2317
    2301 2301 2301 2301 2301 2286 2271 2271 2271 2271 2256 2256 2256
    2256 2256 2256 2241 1297 1317 1317 2522 2522 2522 2503 2503 2485
    2485 2467 2467 2467 2450 2450 2450 2432 2415 2398 2398 2381 2381
    2381 2365 2365 2349 2333 2333 2333 2317 2317 2301 2301 2301 2301
    2271 2271 2256 2256 2256 2256 2256 2256 2256 2241 2226 2226 2226
    1297 1317 1328 1328 2522 2522 2503 2503 2485 2485 2467 2467 2467
    2450 2450 2450 2432 2415 2398 2398 2381 2381 2381 2381 2365 2349
    2349 2333 2333 2333 2317 2317 2317 2317 2301 2271 2271 2256 2256
    2256 2256 2256 2241 2226 2226 2226 2226 2226 1302 1317 1328 2485
    2485 2467 2467 2503 2467 2467 2467 2467 2467 2450 2450 2450 2432
    2415 2398 2398 2381 2381 2381 2381 2365 2349 2349 2333 2333 2333
    2333 2317 2317 2317 2301 2301 2271 2271 2256 2256 2256 2256 2241
    2226 2226 2226 2226 2226 1264 1264 2467 2467 2467 2467 2467 2467
    2467 2467 2467 2467 2450 2450 2450 2450 2432 2415 2398 2398 2398
    2398 2398 2381 2365 2365 2349 2333 2333 2333 2333 2317 2317 2317
    2317 2301 2301 2271 2271 2256 2256 2256 2241 2226 2226 2226 2226
    2226 1264 1264 2450 2450 2450 2450 2432 2432 2450 2467 2467 2450
    2450 2432 2432 2432 2432 2432 2398 2398 2398 2398 2398 2381 2365
    2349 2349 2349 2333 2333 2333 2317 2317 2317 2317 2317 2301 2286
    2271 2271 2271 2256 2241 2226 2226 2226 2226 2226 1264 1264 1264
    2450 2432 2432 2432 2415 2398 2381 2381 2381 2415 2415 2415 2381
    2381 2381 2381 2381 2398 2398 2381 2381 2365 2349 2349 2349 2333
    2333 2333 2317 2317 2317 2317 2317 2301 2286 2271 2271 2271 2256
    2241 2241 2226 2212 2212 2212 1264 1264 1264 2432 2432 2432 2432
    2415 2398 2349 2333 2333 2381 2415 2415 2333 2333 2365 2365 2365
    2365 2365 2365 2381 2381 2365 2365 2349 2333 2333 2333 2317 2317
    2317 2301 2301 2301 2286 2271 2271 2271 2256 2241 2241 2226 2212
    2212 2212 1268 1268 1268 1624 1624 1624 1624 2317 2317 2317 2317
    2317 2381 2381 2349 2317 2317 2333 2365 2333 2333 2333 2333 2333
    2333 2349 2365 2349 2333 2333 2333 2317 2317 2317 2301 2301 2301
    2286 2271 2271 2271 2256 2241 2241 2226 2212 2212 2212 1268 1268
    1624 1624 1624 0 1624 0 2317 2317 2317 2317 2317 2381 2349 2317 2317
    2333 0 2333 2333 2333 2317 2317 2317 2317 2333 2333 2333 2333 2333
    2333 2333 2317 2317 2301 2301 2286 2271 2271 2271 2256 2256 2241
    2241 2212 2212 2212 1264 1632 1624 1624 1624 1624 1624 0 2317 2317
    2317 2317 2317 0 0 2317 2317 0 0 0 0 2333 2317 2301 2301 2317 2317
    2317 2333 2333 2333 2333 2301 2301 2317 2317 2301 2301 2286 2271
    2271 2256 2256 2241 2226 2212 2212 2212 1264 1624 1624 1624 1624
    1616 1616 0 0 0 0 0 0 0 0 0 0 0 0 0 0 2333 2317 2286 2286 0 2317
    2317 2333 2333 2333 2256 2256 2301 2301 2301 2317 2301 2286 2271
    2271 2256 2256 2241 2226 2212 2212 2212 1639 1624 1624 1624 1624
    1616 1616 1624 0 0 0 0 0 0 0 0 0 0 0 0 0 2333 2333 2286 2286 0 0 0 0
    0 0 2256 2256 2301 2301 2301 2286 2286 2286 2271 2256 2256 2256 2226
    2226 2212 2212 2212 1632 1624 1624 1624 1624 1624 1624 1624 0 0 0 0
    0 0 0 0 0 0 0 0 0 0 0 0 0 0 0 0 0 0 0 0 0 0 0 0 2271 2271 2271 2256
    2256 2241 2241 2212 2212 2212 2212 2212 1632 1624 1616 1616 1616
    1616 1616 1632 1647 0 0 0 0 0 0 0 0 0 0 0 0 0 0 0 0 0 0 0 0 0 0 0 0
    0 0 0 2271 2271 2271 2256 2256 2241 2226 2212 2212 2212 2212 2212
    1624 1624 1616 1616 1616 1616 1616 1624 1647 0 0 0 0 0 0 0 0 0 0 0 0
    0 0 0 0 0 0 0 0 0 0 0 0 0 0 0 0 0 0 0 0 2241 2226 2212 2212 2198
    2198 2212</data></Depth17166>
</opencv_storage>
