<?xml version="1.0"?>
<opencv_storage>
<Depth3169 type_id="opencv-matrix">
  <rows>41</rows>
  <cols>32</cols>
  <dt>w</dt>
  <data>
    5374 5374 5374 5291 5291 5210 5210 5210 2432 2432 2415 2415 2415
    2415 2432 2432 2450 2450 2467 2467 2485 2485 2485 2522 2522 2522
    2522 4708 4708 4645 4645 4645 5374 5291 5291 5291 5291 5291 5210
    2432 2398 2398 2415 2398 2398 2415 2415 2432 2450 2450 2467 2467
    2485 2485 2485 2522 2522 2503 2432 2432 4708 4708 4708 4645 5291
    2467 2467 2467 2450 2450 2432 2415 2398 2398 2398 2398 2398 2398
    2415 2415 2432 2450 2467 2467 2485 2485 2503 2522 2522 2503 2432
    2432 4708 4708 4708 4645 2467 2467 2467 2467 2450 2432 2415 2415
    2398 2398 2398 2398 2398 2398 2415 2415 2432 2450 2467 2467 2485
    2485 2503 2522 2541 2541 2541 4708 4708 4708 4708 4708 2467 2467
    2467 2467 2450 2432 2415 2415 2398 2398 2398 2398 2398 2398 2415
    2415 2432 2450 2467 2467 2485 2485 2503 2522 2541 2541 2541 4645
    4645 4708 4708 4708 2467 2467 2467 2450 2432 2432 2415 2415 2415
    2415 2398 2398 2398 2415 2415 2415 2432 2450 2467 2467 2485 2485
    2503 2522 2541 2541 2541 2560 4645 4645 4708 4708 2467 2467 2467
    2450 2432 2432 2415 2415 2415 2415 2398 2398 2415 2415 2415 2415
    2432 2450 2467 2467 2485 2485 2503 2522 2522 2541 2541 2541 4645
    4645 4774 4708 2450 2467 2467 2450 2450 2432 2415 2415 2415 2415
    2398 2398 2415 2415 2415 2415 2432 2450 2467 2467 2485 2485 2503
    2522 2522 2541 2541 2541 2541 4708 4774 4708 2450 2467 2467 2467
    2450 2432 2432 2415 2415 2415 2398 2398 2398 2415 2415 2415 2432
    2450 2450 2467 2467 2485 2485 2503 2541 2541 2541 2541 2541 4708
    4708 4708 2467 2467 2467 2467 2450 2450 2432 2415 2415 2415 2398
    2398 2398 2415 2415 2415 2432 2432 2450 2450 2467 2485 2485 2503
    2522 2541 2541 2541 2541 4708 4708 4708 2467 2467 2467 2467 2467
    2450 2450 2432 2415 2415 2398 2398 2398 2415 2415 2415 2432 2432
    2450 2450 2467 2485 2485 2503 2522 2541 2541 2541 2541 2541 4708
    4708 2467 2467 2467 2467 2467 2450 2432 2415 2415 2415 2398 2398
    2398 2415 2415 2415 2415 2415 2432 2450 2467 2485 2485 2503 2522
    2522 2541 2541 2541 2541 4708 4708 5374 2467 2467 2467 2467 2450
    2432 2415 2415 2415 2398 2398 2398 2398 2398 2415 2415 2415 2432
    2432 2467 2485 2485 2503 2503 2522 2541 2541 2541 4774 4708 4708
    5374 2467 2467 2467 2450 2450 2432 2415 2415 2415 2398 2398 2398
    2398 2398 2415 2415 2415 2415 2432 2467 2467 2485 2485 2503 2522
    2541 2541 2541 4842 4708 4708 5374 5374 2467 2467 2450 2450 2432
    2415 2415 2415 2398 2398 2398 2398 2398 2415 2415 2415 2415 2432
    2450 2467 2467 2485 2485 2522 2522 2522 2541 4842 4708 4708 5374
    5374 2485 2467 2467 2450 2432 2432 2415 2415 2398 2398 2398 2398
    2398 2415 2415 2415 2432 2450 2450 2467 2467 2485 2485 2522 2522
    2522 2522 2522 4708 4645 5374 5374 2485 2467 2467 2450 2432 2415
    2415 2415 2415 2398 2398 2398 2398 2415 2415 2415 2432 2450 2450
    2467 2485 2485 2485 2522 2541 2541 2522 2522 2541 4645 5460 5374
    5374 2467 2467 2450 2432 2415 2415 2415 2415 2398 2398 2398 2398
    2415 2415 2415 2432 2432 2467 2467 2485 2485 2503 2522 2541 2541
    2541 2541 2541 4708 5460 5374 5374 2467 2467 2450 2450 2432 2415
    2415 2415 2398 2398 2398 2398 2415 2415 2415 2432 2432 2450 2467
    2485 2485 2503 2522 2541 2541 2541 2541 2541 4708 5460 5374 5291
    2450 2450 2450 2450 2450 2432 2415 2415 2398 2398 2398 2398 2415
    2415 2415 2432 2432 2450 2467 2485 2485 2485 2503 2522 2541 2541
    2541 2541 4774 5460 5374 5291 2450 2450 2450 2450 2450 2432 2432
    2415 2398 2398 2398 2398 2398 2415 2415 2432 2432 2467 2467 2485
    2485 2485 2503 2522 2522 2541 2541 2541 4774 5460 5374 5291 2450
    2450 2450 2450 2450 2450 2432 2415 2415 2398 2398 2398 2398 2415
    2415 2432 2432 2467 2467 2467 2485 2485 2503 2503 2522 2522 2522
    2522 4774 5460 5460 5374 5374 2467 2467 2450 2450 2450 2432 2415
    2415 2398 2398 2398 2398 2415 2415 2415 2432 2450 2467 2467 2485
    2485 2485 2503 2522 2522 2522 2522 4774 5460 5460 5374 5374 2485
    2467 2450 2450 2432 2432 2415 2415 2398 2398 2398 2415 2415 2415
    2415 2432 2450 2450 2467 2485 2485 2485 2503 2522 2522 2522 2522
    4842 5460 5460 5374 5374 2467 2467 2467 2450 2432 2432 2415 2415
    2398 2398 2415 2415 2415 2415 2415 2415 2432 2450 2467 2485 2485
    2485 2503 2522 2541 2541 2522 2522 5460 5460 5460 5460 2467 2467
    2467 2450 2432 2432 2415 2415 2415 2415 2415 2415 2415 2415 2415
    2415 2432 2450 2467 2485 2485 2485 2503 2522 2541 2541 2522 2522
    5460 5460 5460 5374 2485 2485 2467 2450 2432 2432 2432 2415 2415
    2415 2415 2415 2415 2415 2415 2415 2432 2450 2467 2485 2485 2485
    2503 2503 2522 2541 2541 2541 5460 5460 5460 5374 2485 2485 2467
    2450 2450 2432 2432 2415 2415 2398 2398 2398 2415 2415 2415 2415
    2432 2450 2467 2467 2485 2485 2503 2503 2522 2522 2541 2541 5460
    5460 5374 5374 2467 2467 2467 2450 2450 2432 2432 2415 2415 2398
    2398 2398 2415 2415 2415 2432 2432 2450 2467 2467 2485 2485 2485
    2503 2503 2522 2541 2541 5460 5460 5374 5374 2467 2467 2467 2450
    2450 2432 2432 2415 2415 2398 2398 2398 2415 2415 2415 2432 2432
    2450 2467 2467 2467 2485 2485 2485 2503 2522 2541 2541 5460 5460
    5460 5374 5374 5374 2467 2467 2467 2432 2432 2415 2415 2398 2398
    2398 2398 2415 2415 2415 2432 2432 2467 2467 2467 2485 2485 2485
    2485 2503 2541 2541 5460 5460 5460 5460 5374 5374 2467 2467 2467
    2450 2432 2415 2415 2415 2415 2398 2398 2415 2415 2415 2432 2432
    2450 2467 2467 2485 2485 2485 2485 2503 2541 2522 5548 5460 5460
    5460 5374 5291 2450 2450 2467 2450 2432 2415 2415 2415 2398 2398
    2398 2398 2415 2415 2415 2432 2450 2467 2467 2485 2485 2485 2503
    2522 2541 2522 5548 5460 5460 5460 5374 5291 2450 2450 2467 2450
    2432 2415 2415 2415 2398 2398 2398 2398 2415 2415 2415 2432 2450
    2450 2467 2485 2485 2503 2522 2522 2541 2541 5548 5460 5460 5374
    5374 5291 2467 2467 2467 2467 2450 2432 2415 2415 2398 2398 2398
    2398 2415 2415 2432 2432 2450 2450 2467 2467 2485 2503 2522 2541
    2541 2541 5460 5460 5460 5374 5374 5374 2467 2467 2467 2467 2450
    2432 2415 2415 2398 2398 2398 2398 2415 2432 2432 2432 2432 2432
    2450 2467 2485 2485 2522 2541 2541 2541 5460 5460 5460 5374 5374
    5374 5210 2467 2467 2467 2450 2432 2415 2415 2415 2398 2398 2398
    2415 2432 2432 2415 2415 2432 2450 2467 2485 2485 2522 2541 2560
    2560 5460 5460 5460 5460 5374 5374 5291 2485 2467 2467 2467 2432
    2432 2415 2415 2415 2415 2415 2415 2432 2415 2415 2415 2432 4911
    4911 4911 4911 4842 4842 4842 4842 5460 5460 5460 5460 5460 5374
    5374 2485 2467 2467 2467 2450 2432 2415 2415 2415 2415 2415 2415
    2432 2415 2415 2415 4911 4911 4911 4911 4842 4842 4842 4842 4842
    5548 5460 5460 5460 5460 5374 5374 2485 2467 2467 2467 2450 2432
    2415 2415 2415 2415 2415 2415 4983 4983 4983 4983 4911 4911 4911
    4911 4842 4842 4842 4842 4842 5548 5460 5460 5460 5460 5374 5374
    2485 2485 2467 2450 2450 2415 2415 2415 2398 2398 2415 4983 4983
    4983 4983 4983 4911 4911 4911 4911 4842 4842 4842 4842 4842</data></Depth3169>
</opencv_storage>
