<?xml version="1.0"?>
<opencv_storage>
<Depth4053 type_id="opencv-matrix">
  <rows>177</rows>
  <cols>112</cols>
  <dt>w</dt>
  <data>
    6889 6753 6622 6622 6497 6497 6497 6497 6753 7178 7332 7332 7332
    7332 7178 7178 7030 7030 7178 7178 7178 7178 7178 7178 7178 7030
    7030 7178 7030 7030 7030 7030 7030 533 533 533 532 531 531 6889 6889
    6889 523 522 522 6889 6889 6889 6889 6753 6753 6622 6375 6375 6497
    6622 6753 6889 6753 6622 6622 6497 6497 6375 6375 6375 6375 6375
    6375 6375 6375 6375 6375 6259 6259 6375 6259 6259 6259 6146 6146
    6146 6259 6259 6259 6038 6038 6038 6038 6038 6038 6038 6038 5933
    5933 0 0 0 5933 5933 5933 5933 5933 5933 5933 5832 5832 5832 5832
    5734 5734 5734 6753 6753 6622 6622 6497 6497 6497 6497 6753 7178
    7332 7332 7332 7332 7178 7178 7030 7030 7332 7332 7178 7178 7178
    7178 7178 7030 7030 7030 7030 7030 7030 7030 7030 533 533 533 532
    530 530 525 524 522 522 522 522 539 538 538 540 540 6622 6622 6375
    6375 6497 6889 0 0 0 0 0 6497 6375 6259 6259 6259 6375 6375 6375
    6375 6375 6375 6375 6259 6259 6375 6259 6259 6259 6259 6146 6146
    6259 6259 6259 6146 6146 6038 6038 6038 6038 6038 6038 0 0 0 0 0 0
    6038 6038 6038 5933 5933 5933 5832 5832 5832 5832 5734 5734 5734
    6622 6622 6622 6622 6622 6622 6622 6622 6622 7178 7332 7332 7332
    7332 0 0 0 0 0 0 0 0 0 7178 7030 7030 7030 7030 7030 7030 7030 7030
    7030 534 534 533 532 530 529 525 524 522 522 522 522 539 538 538 539
    539 539 539 511 511 511 511 511 0 0 0 0 6497 6146 6038 5933 5933 0 0
    0 6259 6259 6375 6375 6497 6375 6375 6259 6259 6259 6259 6259 6259
    6259 6259 6146 6146 6146 6038 6038 6038 6038 6038 0 0 0 0 0 0 0 6146
    6038 5933 5933 5933 5933 5933 5933 5832 5832 5832 5734 5734 6622
    6622 6622 6622 6622 6622 6622 6622 6622 7178 7332 7332 7332 0 0 0 0
    0 0 0 0 0 0 0 7030 7030 7030 0 0 7030 7030 7178 7178 534 534 533 532
    530 529 525 524 523 522 522 522 539 539 539 539 539 539 512 511 0 0
    0 0 0 0 0 0 0 6146 6038 5933 5933 0 0 0 6259 6259 6375 0 0 0 6889
    6375 6259 6259 6259 6259 6259 6259 6259 6146 6146 6146 6146 6146 687
    0 0 0 0 0 0 0 0 5933 5933 5933 5933 5933 5933 5933 5933 5933 5832
    5832 5832 5734 5734 6753 6753 6753 6753 6622 6622 6622 6753 6753
    7178 7178 7178 0 0 0 0 0 0 0 0 0 0 0 0 0 0 0 0 0 0 0 0 537 535 535
    534 532 530 529 525 525 523 522 522 521 520 517 517 515 514 512 512
    511 511 511 511 511 0 0 0 0 0 0 0 0 0 0 0 0 0 0 0 0 0 0 6889 6889 0
    6375 6375 6375 6375 693 693 6259 6259 687 0 0 0 0 0 0 0 0 0 0 0 0
    5933 5933 5933 5933 5933 5933 5933 5933 5933 5933 5832 5734 5734
    6497 6497 6497 6622 6622 6622 6622 6753 6753 7178 7178 7030 7030 0 0
    0 0 0 0 0 0 0 0 0 0 0 0 0 0 0 0 0 537 536 536 534 533 530 528 526
    525 525 523 523 521 520 517 517 515 514 512 511 511 511 511 511 0 0
    0 0 0 0 0 0 0 0 0 0 0 0 0 0 0 0 0 0 0 0 0 6375 6375 6375 693 691 687
    687 687 687 687 687 0 0 0 0 0 0 0 0 0 5933 5933 5832 5832 5832 5832
    5933 5933 5832 5832 5832 5734 5734 6753 6497 6497 6622 6622 6622
    6622 6622 6889 7178 7178 7030 7030 0 0 0 0 0 0 0 0 0 0 0 0 0 0 0 0 0
    0 540 539 537 536 534 534 531 528 527 526 525 523 523 521 520 518
    517 515 514 512 511 511 511 510 510 506 504 503 502 502 0 0 0 0 0 0
    0 0 0 0 0 0 0 0 0 0 0 0 0 0 0 0 691 687 687 687 687 687 687 0 0 0 0
    0 0 0 0 0 5832 5832 5832 5832 5734 5734 5832 5832 5832 5832 5832
    5734 5734 6622 6622 6622 6622 6622 6497 6497 6622 6889 7332 7178
    7178 0 0 0 0 0 0 0 0 0 0 0 0 0 0 0 0 0 0 0 540 539 538 537 535 534
    531 528 527 526 525 524 523 521 520 518 517 515 514 513 511 511 511
    510 509 506 504 503 502 502 0 0 0 0 0 0 0 0 0 0 0 0 0 0 0 0 0 0 0 0
    0 0 0 687 687 687 687 687 683 683 0 682 682 683 682 678 678 678 5832
    5832 5832 5832 5734 5734 5832 5832 5933 5933 5832 5832 5734 6622
    6622 6622 6622 6622 6497 6497 6622 6753 7178 7178 7332 0 0 0 0 0 0 0
    0 0 0 0 0 0 0 0 0 0 0 0 540 539 538 537 536 534 532 529 528 526 525
    524 523 521 521 517 517 515 514 512 511 511 510 509 508 507 505 504
    502 502 502 500 499 499 0 0 0 0 0 0 0 0 0 0 0 0 0 0 0 0 0 0 0 687
    687 687 687 686 683 683 683 682 682 683 680 676 676 675 674 671 668
    668 667 667 667 5734 5734 5933 5933 5832 5832 6753 6753 6622 6622
    6622 6622 6622 6622 6753 7178 7178 0 0 0 0 0 0 0 0 0 0 0 0 0 0 0 0 0
    0 0 0 540 539 538 537 536 534 533 529 529 527 525 525 524 522 521
    517 517 515 514 512 511 511 510 509 508 507 506 505 502 502 499 499
    499 498 496 496 0 494 491 491 491 0 0 0 0 0 0 0 0 0 0 0 0 687 687 0
    687 686 686 686 683 683 683 683 680 676 676 675 671 670 668 667 667
    666 666 666 666 666 661 661 5832 6889 6622 6622 6622 6622 6622 6622
    6753 6889 7030 7332 0 0 0 0 0 0 0 0 0 0 0 0 0 0 0 0 0 0 0 0 540 539
    538 536 535 534 533 530 529 528 526 525 524 523 521 518 517 515 514
    512 511 511 511 509 508 507 507 504 503 502 499 499 498 497 496 496
    496 494 491 490 490 0 0 0 0 0 0 0 0 0 0 0 0 0 0 0 0 0 0 0 0 0 0 0 0
    0 0 0 671 670 667 667 666 664 664 666 664 662 661 661 661 6753 6622
    6622 6497 6497 6497 6622 6753 6889 6889 7332 0 0 0 0 0 0 0 0 0 0 0 0
    0 0 0 0 0 0 0 0 540 540 538 536 535 534 532 530 529 528 526 525 524
    523 521 519 517 517 514 514 513 511 511 510 508 507 507 504 503 502
    499 498 498 497 497 498 498 494 492 490 489 489 0 0 0 0 0 0 0 0 0 0
    0 0 0 0 0 0 0 0 0 0 0 0 0 0 0 0 0 0 667 667 666 662 662 662 658 658
    659 659 659 6753 6753 6622 6497 6497 6497 6622 6753 6889 6889 6889 0
    0 0 0 0 0 0 0 0 0 0 0 0 0 0 0 0 0 0 0 540 540 538 536 535 534 532
    530 529 529 527 525 525 523 521 519 517 517 515 514 514 512 511 510
    509 508 507 505 504 502 499 498 498 498 498 497 497 494 493 490 489
    489 489 0 0 0 0 0 0 0 0 0 0 0 0 0 0 0 0 0 0 0 0 0 0 0 0 0 0 0 0 0 0
    662 662 662 658 658 659 659 659 6753 6753 6622 6497 6497 6497 6622
    6622 6753 6889 6889 0 0 0 0 0 0 0 0 0 0 0 0 0 0 0 0 0 0 0 0 540 540
    538 537 536 534 532 530 529 529 528 526 525 523 522 521 519 518 517
    515 514 512 511 509 509 508 507 506 504 503 499 499 498 498 498 497
    496 494 494 492 490 489 489 489 485 484 484 484 484 0 0 0 0 0 0 0 0
    0 0 0 0 0 0 0 0 0 0 0 0 0 0 0 0 0 0 0 655 655 659 659 661 6622 6622
    6622 6622 6497 6497 6622 6622 6753 6889 0 0 0 0 0 0 0 0 0 0 0 0 0 0
    0 0 0 0 0 0 543 541 540 539 537 536 534 532 530 529 529 528 526 525
    524 522 521 520 518 517 515 514 512 511 509 509 508 508 506 504 502
    499 499 499 498 498 496 496 494 494 493 491 489 489 487 485 484 484
    484 484 0 0 0 0 0 0 0 0 0 0 0 0 0 0 0 0 0 0 0 0 0 0 0 0 0 0 0 655
    655 658 658 658 6622 6622 6622 6622 6622 6753 6753 6753 6753 6889 0
    0 0 0 0 0 0 0 0 0 0 0 0 0 0 0 0 0 0 0 543 542 541 540 538 536 535
    533 531 530 529 528 526 525 524 523 521 520 519 517 515 514 512 511
    510 509 508 508 506 504 502 502 500 500 499 497 496 496 494 494 491
    491 490 489 487 486 484 484 484 484 0 0 0 0 0 0 0 0 0 0 0 0 0 0 0 0
    0 0 0 0 0 0 0 0 0 0 0 0 0 658 658 658 6622 6622 6622 6622 6622 6622
    6622 6753 6753 0 0 0 0 0 0 0 0 0 0 0 0 0 0 0 0 0 0 0 0 544 543 542
    541 540 539 537 534 533 532 530 529 528 526 525 524 523 522 521 520
    517 515 514 512 511 511 509 509 507 506 504 502 502 501 500 499 497
    496 496 495 494 491 491 490 489 487 486 484 484 484 484 485 0 0 0 0
    0 0 0 0 0 0 0 0 0 0 0 0 0 0 0 0 0 0 0 0 0 0 0 0 0 0 661 6497 6622
    6622 6622 6622 6622 6622 6622 6753 0 0 0 0 0 0 0 0 0 0 0 0 0 0 0 0 0
    0 0 0 544 543 543 542 540 540 538 534 533 532 530 529 528 526 526
    524 523 522 521 520 517 515 514 512 511 511 510 509 507 506 504 502
    502 501 500 500 501 496 496 494 494 491 491 490 489 487 486 484 484
    484 484 485 0 0 0 0 0 0 0 0 0 0 0 0 0 0 0 0 0 0 0 0 0 0 0 0 0 0 0 0
    0 0 0 6375 6375 6497 6622 6622 6622 6622 6622 6622 0 0 0 0 0 0 0 0 0
    0 0 0 0 0 0 0 0 0 0 0 544 544 543 542 540 540 539 536 534 533 530
    529 528 526 526 524 523 522 521 521 519 516 514 512 511 511 511 509
    507 506 504 503 502 502 502 502 499 496 496 494 494 491 491 490 489
