<?xml version="1.0"?>
<opencv_storage>
<Depth5766 type_id="opencv-matrix">
  <rows>8</rows>
  <cols>11</cols>
  <dt>w</dt>
  <data>
    5291 0 5210 1516 1516 1516 5210 5210 5210 5291 5056 0 5291 5210 5210
    5210 5210 5132 5132 5210 5056 5056 0 0 5291 5210 5210 5210 5132 5132
    5210 5056 5056 0 0 5291 5210 5210 5210 5210 5210 5210 5132 5056 0 0
    5210 5210 5210 5210 5210 5210 5132 5056 5056 0 0 5210 5210 5210 5210
    5210 5210 5132 5056 5056 0 5291 5291 5210 5210 5210 5132 5132 5132
    5132 5056 0 5210 5210 5210 5210 5210 5132 5132 5132 5132 5056</data></Depth5766>
</opencv_storage>
