<?xml version="1.0"?>
<opencv_storage>
<Depth7591 type_id="opencv-matrix">
  <rows>31</rows>
  <cols>10</cols>
  <dt>w</dt>
  <data>
    3120 3092 3092 3120 3064 3037 3010 3010 3010 3010 3120 3092 3092
    3092 3064 3037 3010 3010 3010 2984 3120 3120 3092 3092 3064 3037
    3010 2984 2984 2984 3120 3120 3092 3064 3037 3037 3010 2984 2958
    2958 3092 3092 3064 3037 3037 3010 3010 2984 2958 2958 3092 3092
    3064 3037 3037 3010 3010 2984 2958 2958 3092 3064 3064 3037 3037
    3010 3010 2958 2933 2933 3092 3064 3064 3037 3037 3010 2984 2958
    2933 2933 3092 3064 3064 3037 3010 3010 2984 2958 2933 2933 3948
    3092 3064 3037 3010 3010 2984 2933 2908 2908 3092 3064 3037 3037
    3010 2984 2984 2933 2908 2908 3092 3064 3037 3037 3010 2984 2984
    2958 2933 2933 3064 3064 3064 3037 3037 3010 2984 2958 2933 2933
    3064 3064 3064 3064 3037 3010 2984 2958 2933 2933 3092 3092 3064
    3064 3037 2984 2984 2958 2933 2933 3092 3092 3064 3064 2984 2984
    2958 2933 2908 2908 3092 3092 3037 3010 2958 2958 2958 2933 2908
    2908 3064 3064 2984 2984 2958 2958 2958 2933 2908 2908 3064 3064
    2984 2984 2958 2958 2933 2908 2883 2883 3064 3037 3010 2984 2958
    2958 2933 2908 2883 2883 3064 3037 3010 2984 2984 2958 2958 2908
    2883 2883 3010 3010 3037 3010 2984 2958 2933 2908 2883 2883 3010
    3010 2984 2984 2958 2958 2933 2908 2859 2859 2984 2984 2984 2984
    2958 2908 2883 2883 2859 2859 2984 2984 2984 2984 2958 2883 2883
    2883 2859 2859 2984 2984 2984 2984 2958 2883 2883 2883 2859 2859
    2984 3010 3010 2984 2958 2883 2883 2859 2835 2835 2984 3037 3037
    3037 2933 2883 2883 2859 2812 2812 3037 3037 3037 2984 2933 2883
    2883 2859 2812 2812 3064 3037 3037 2984 2933 2883 2883 2859 2812
    2812 3064 3037 3010 3010 2933 2883 2883 2859 2812 2812</data></Depth7591>
</opencv_storage>
