<?xml version="1.0"?>
<opencv_storage>
<Depth8529 type_id="opencv-matrix">
  <rows>25</rows>
  <cols>6</cols>
  <dt>w</dt>
  <data>
    4089 5132 5132 5132 5132 4241 4089 5132 5132 5132 5056 5056 5210
    5132 5132 5132 5056 5056 5210 5210 5132 5132 5132 5132 5210 5210
    5132 5132 5056 5056 5291 5210 5132 5132 5056 5056 4241 5132 5132
    5132 5056 5056 4241 5132 5132 5132 5056 5056 5210 5132 5132 5132
    5056 5056 5210 5132 5132 5132 5056 5056 5210 5132 5132 5132 5056
    5056 5210 5132 5132 5132 5132 5132 5132 5132 5056 5056 5056 5056
    5132 5132 5056 5056 5056 5056 5132 5132 5056 5056 5056 5056 5132
    5132 5056 5056 5056 5056 5132 5132 5132 5056 5056 5056 5132 5132
    5132 5132 5056 5056 5210 5210 5132 5132 5056 5056 5210 5210 5132
    5132 5056 5056 5210 5132 5132 5132 5056 5056 5210 5132 5132 5132
    5056 5056 5210 5132 5132 5132 5132 5056 5210 5132 5132 5132 5132
    5132 5291 5132 5132 5132 5132 5132</data></Depth8529>
</opencv_storage>
