<?xml version="1.0"?>
<opencv_storage>
<Depth2687 type_id="opencv-matrix">
  <rows>39</rows>
  <cols>15</cols>
  <dt>w</dt>
  <data>
    0 0 0 0 3238 3178 3120 3120 3120 3120 3120 3120 3120 3092 3092 0 0 0
    0 3238 3178 3178 3178 3149 3120 3120 3120 3120 3120 3120 0 0 0 0
    3208 3208 3178 3178 3149 3120 3120 3120 3120 3120 3120 0 0 0 0 3208
    3208 3208 3208 3149 3149 3120 3120 3120 3120 3120 0 0 0 0 3208 3178
    3149 3149 3149 3149 3149 3120 3120 3120 3120 0 0 0 0 3178 3120 3120
    3149 3149 3149 3149 3149 3120 3120 3120 0 0 0 0 3178 3120 3120 3149
    3149 3149 3178 3149 3149 3120 3120 0 0 0 0 3208 3149 3149 3178 3178
    3178 3178 3178 3149 3120 3120 0 0 0 3238 3208 3208 3178 3178 3208
    3208 3208 3208 3149 3149 3149 0 0 0 3238 3238 3238 3238 3238 3208
    3208 3208 3208 3178 3178 3178 1586 0 3269 3269 3238 3238 3238 3238
    3238 3238 3238 3238 3238 3238 4645 1601 0 3238 3238 3238 3238 3238
    3238 3238 3238 3238 3238 3238 3238 4645 1616 0 0 3269 3269 3269 3269
    3269 3269 3269 3238 3238 3238 3269 4582 1609 1601 0 3269 3269 3269
    3269 3269 3269 3269 3238 3238 3238 3269 4582 1601 0 0 3333 3333 3300
    3300 3300 3269 3269 3269 3238 3238 3269 4522 1601 0 0 0 3333 3333
    3333 3333 3300 3269 3269 3238 3238 4522 4522 0 0 0 3333 3333 3333
    3333 3333 3300 3300 3269 3238 3238 4582 4582 0 0 0 3333 3333 3333
    3333 3333 3333 3300 3300 3269 3269 4582 4582 0 0 0 0 3365 3365 3333
    3333 3333 3333 3333 3333 3333 4582 4582 0 0 0 0 3365 3365 3333 3333
    3333 3333 3333 3333 3333 4645 4645 0 0 0 3399 3365 3365 3333 3333
    3333 3333 3333 3333 3365 4645 4645 0 0 3365 3365 3365 3365 3333 3333
    3333 3333 3333 3333 3365 4645 4645 0 0 3365 3365 3365 3365 3365 3333
    3333 3333 3333 3365 3433 4645 4645 0 0 3365 3365 3365 3365 3365 3365
    3365 3365 3365 3399 3468 4645 4645 0 0 3433 3399 3399 3399 3399 3365
    3365 3365 3365 3365 3468 4645 4645 0 0 3468 3433 3399 3399 3399 3365
    3365 3365 3365 3365 3503 4645 4645 0 3468 3433 3433 3399 3399 3399
    3365 3365 3365 3333 3333 4645 4645 4645 0 3468 3433 3433 3399 3399
    3399 3365 3365 3365 3333 3333 4708 4645 4645 0 3468 3433 3433 3399
    3399 3399 3365 3365 3365 3365 3365 4708 4645 4645 3433 3433 3468
    3468 3433 3433 3399 3399 3399 3399 3399 4708 4708 4708 4708 3433
    3433 3468 3468 3433 3433 3433 3433 3433 3433 3468 4911 4842 4842
    4774 3468 3468 3468 3468 3468 3468 3468 3433 3433 3433 3468 4842
    4842 4842 4774 3503 3503 3503 3468 3468 3468 3468 3468 3433 3433
    4842 4842 4842 4842 4774 3468 3468 3503 3503 3503 3468 3468 3468
    3468 3468 4708 4774 4842 4842 4774 3468 3468 3503 3503 3503 3468
    3468 3468 3468 4708 4708 4774 4842 4842 4774 3503 3503 3503 3503
    3503 3503 3503 3503 3503 4842 4842 4911 4842 4842 4774 3433 3503
    3503 3539 3503 3503 3503 3503 3539 4911 4911 4911 4842 4842 4774
    3433 3539 3503 3503 3503 3503 3503 3539 3614 4911 4911 4911 4842
    4842 4842 3576 3576 3503 3503 3503 3503 3503 3576 1343 1343 1343
    1343 1343 1343 4911</data></Depth2687>
</opencv_storage>
