<?xml version="1.0"?>
<opencv_storage>
<Depth2876 type_id="opencv-matrix">
  <rows>24</rows>
  <cols>15</cols>
  <dt>w</dt>
  <data>
    2984 3010 3037 3064 3092 3092 3092 3120 3120 3120 3120 3120 3120
    4405 4405 3010 3037 3092 3092 3120 3120 3120 3120 3120 3120 3120
    3120 3120 4405 4405 3064 3064 3092 3120 3120 3120 3120 3120 3120
    3120 3120 3120 3120 4522 4463 3092 3092 3120 3120 3120 3120 3120
    3120 3120 3120 3120 3120 3120 4463 4463 3120 3120 3149 3149 3149
    3120 3120 3120 3120 3120 3149 3178 3178 3208 4463 3149 3149 3149
    3149 3149 3120 3120 3120 3178 3178 3208 3208 3208 3208 4405 0 3178
    3178 3149 3149 3149 3149 3149 3178 3178 3208 3208 3208 4405 4405 0
    3178 3178 3178 3178 3149 3149 3149 3178 3208 3208 3238 3238 3269
    4463 0 3208 3208 3208 3178 3178 3178 3178 3208 3208 3238 3238 3238
    3269 4522 0 3238 3208 3208 3208 3208 3208 3208 3208 3238 3238 3238
    3238 3269 4522 0 0 3208 3208 3208 3208 3208 3238 3238 3238 3238 3238
    3238 3238 4522 0 0 3208 3208 3208 3238 3238 3238 3238 3238 3238 3238
    3238 3238 4582 0 0 0 3208 3208 3238 3238 3238 3238 3238 3238 3238
    3238 3238 3269 0 0 3238 3238 3238 3238 3238 3238 3238 3238 3238 3238
    3269 3238 3208 0 0 3238 3238 3238 3238 3238 3238 3238 3238 3269 3269
    3269 3238 3208 0 0 3238 3238 3269 3269 3269 3269 3269 3269 3300 3300
    3300 3300 3300 0 0 0 3300 3300 3300 3300 3300 3300 3300 3300 3300
    3333 3333 3333 0 0 0 3399 3333 3333 3333 3333 3333 3333 3333 3333
    3333 3333 3333 0 0 0 0 3333 3333 3333 3333 3333 3365 3365 3333 3333
    3333 3333 0 0 0 0 3333 3333 3333 3333 3333 3365 3365 3365 3365 3365
    3365 0 0 0 0 0 3365 3365 3365 3365 3365 3365 3365 3365 3365 3365 0 0
    0 0 0 0 3365 3365 3365 3365 3365 3365 3365 3399 3399 0 0 0 0 0 0
    3399 3399 3399 3399 3399 3399 841 841 3399 0 0 0 0 0 0 3433 3433
    3433 3399 841 841 841 841 843</data></Depth2876>
</opencv_storage>
