<?xml version="1.0"?>
<opencv_storage>
<Depth16037 type_id="opencv-matrix">
  <rows>10</rows>
  <cols>34</cols>
  <dt>w</dt>
  <data>
    5734 5734 5832 5832 5832 5734 5734 5832 5832 5548 5548 5640 5210
    5056 4983 4911 4842 4842 4645 4582 4582 4774 5132 4983 4983 4983
    4983 4983 5056 4983 4983 4983 5132 5056 5640 5640 5832 5640 5640
    5291 5132 5132 5832 5210 5210 5132 5056 4911 4842 4842 4842 4842
    4645 4582 4582 4774 4911 4983 4983 4983 4983 4983 4983 4983 4983
    4983 5056 5056 4911 4911 4911 4911 4911 4911 4911 4911 4911 4911
    4983 4911 4911 4911 4842 4842 4842 4842 4842 4842 4842 4842 4911
    4911 4911 4983 4983 4983 4983 4983 4983 4983 4983 4983 4842 4842
    4911 4911 4911 4911 4842 4842 4911 4911 4911 4911 4911 4842 4842
    4842 4842 4842 4842 4842 4842 4842 4842 4842 4911 4911 4983 4983
    4983 4983 4911 4911 4983 4983 4774 4774 4842 4842 4911 4911 4842
    4842 4911 4911 4911 4842 4842 4842 4842 4842 4842 4842 4842 4842
    4842 4842 4842 4842 4911 4911 4911 4983 4983 4983 4911 4911 4911
    4983 4774 4774 4842 4842 4911 4911 4842 4842 4842 4842 4842 4842
    4842 4911 4911 4911 4911 4842 4842 4842 4842 4911 4842 4842 4842
    4911 4911 4911 4911 4911 4911 4842 4842 4911 4774 4774 4774 4774
    4842 4911 4911 4842 4842 4842 4842 4911 4911 4911 4911 4911 4911
    4842 4842 4842 4842 4842 4842 4842 4842 4911 4911 4911 4911 4911
    4842 4842 4842 4911 4774 4774 4774 4774 4842 4911 4911 4911 4842
    4842 4842 4911 4911 4911 4911 4911 4911 4911 4911 4842 4842 4842
    4842 4842 4842 4911 4774 4774 4774 4842 4842 4842 4911 4911 4774
    4774 4842 4842 4842 4842 4842 4842 4842 4842 4842 4911 4911 4911
    4911 4911 4911 4911 4911 4774 4774 4842 4842 4842 4911 4911 4774
    4774 4774 4842 0 0 0 0 4774 4774 4842 4774 4774 4774 4774 4842 4842
    4842 4911 5132 4983 4911 4911 4911 4911 4983 4983 4774 4774 4842
    4842 4842 4911 0 0 4911 4911 0 0 0 0 0</data></Depth16037>
</opencv_storage>
