<?xml version="1.0"?>
<opencv_storage>
<Depth7378 type_id="opencv-matrix">
  <rows>50</rows>
  <cols>66</cols>
  <dt>w</dt>
  <data>
    4349 4349 4349 1464 1464 1452 1452 1445 1439 1439 1433 1433 1433
    1433 1433 4349 4295 4295 4295 4295 4295 4241 4241 4241 4190 4190
    4241 4241 4241 4190 4190 4241 4241 4241 4241 4241 4241 4241 4241
    4190 4190 4190 4190 4190 4190 4190 4190 4190 4190 4190 4190 4190
    4190 4190 4241 4241 4241 4190 4190 4190 4190 4190 4190 4190 4190
    4190 4349 4295 4295 1464 1458 1452 1445 1445 1439 1439 1433 1433
    1433 1433 1433 1433 4295 4295 4241 4241 4241 4190 4190 4190 4190
    4190 4139 4139 4190 4190 4190 4190 4190 4190 4190 4190 4190 4190
    4190 4190 4190 4190 4190 4139 4139 4190 4190 4190 4190 4190 4190
    4190 4190 4190 4190 4190 4190 4190 4190 4190 4190 4190 4190 4190
    4190 4190 4295 4295 4295 1458 1458 1452 1445 1445 1439 1433 1433
    1433 1433 1427 1427 1427 1427 1427 1427 4241 4241 4139 4139 4190
    4190 4190 4139 4139 4190 4190 4190 4190 4190 4190 4190 4190 4190
    4190 4190 4190 4190 4190 4190 4139 4139 4190 4190 4190 4190 4190
    4190 4190 4190 4190 4190 4190 4190 4190 4190 4190 4190 4190 4190
    4190 4190 4190 4295 4295 4295 1458 1458 1452 1445 1439 1433 1433
    1433 1427 1427 1427 1427 1427 1427 1421 1421 1421 1427 4139 4139
    4241 4190 4190 4139 4139 4139 4190 4190 4190 4190 4190 4190 4190
    4190 4190 4190 4190 4190 4190 4190 4139 4139 4139 4139 4190 4190
    4190 4190 4190 4190 4190 4190 4190 4190 4190 4190 4190 4190 4190
    4190 4190 4190 4190 4295 4349 4349 1458 1458 1445 1439 1433 1433
    1433 1433 1427 1427 1427 1427 1427 1421 1421 1421 1421 1415 1410
    1404 1404 4241 4190 4139 4139 4139 4190 4190 4190 4190 4190 4190
    4190 4190 4139 4139 4190 4190 4190 4190 4139 4139 4139 4139 4190
    4190 4190 4190 4190 4190 4190 4190 4190 4190 4190 4190 4190 4190
    4190 4190 4190 4190 4190 4241 4295 4295 1445 1445 1433 1433 1433
    1433 1433 1427 1427 1427 1427 1421 1421 1415 1415 1415 1410 1410
    1410 1404 1404 1404 1404 1404 4190 4190 4190 4190 4190 4190 4190
    4190 4190 4139 4139 4139 4139 4139 4190 4139 4139 4139 4139 4139
    4190 4190 4190 4190 4190 4190 4190 4190 4139 4139 4139 4139 4139
    4139 4139 4139 4190 4190 4190 4241 4295 1445 1439 1439 1433 1433
    1427 1427 1427 1427 1427 1421 1421 1415 1415 1410 1410 1410 1410
    1410 1404 1404 1404 1404 1398 1398 1398 1398 4190 4190 4190 4190
    4190 4139 4139 4139 4139 4139 4139 4139 4139 4139 4139 4139 4139
    4139 4139 4139 4139 4139 4139 4190 4139 4139 4139 4139 4139 4139
    4139 4139 4139 4139 4139 4139 4139 4241 4241 1445 1439 1433 1427
    1427 1427 1427 1427 1427 1421 1415 1415 1415 1415 1410 1410 1410
    1410 1410 1404 1404 1404 1398 1398 1398 1398 1404 1404 4241 4241
    4190 4190 4139 4139 4139 4139 4139 4139 4139 4139 4139 4139 4139
    4139 4139 4139 4139 4139 4139 4139 4139 4139 4139 4139 4139 4139
    4139 4139 4139 4139 4139 4139 4139 4139 4241 1445 1445 1439 1433
    1427 1421 1421 1421 1421 1421 1421 1415 1410 1410 1410 1404 1404
    1404 1404 1404 1404 1404 1404 1398 1398 1398 1398 1404 1398 1398
    1398 1410 4190 4190 4139 4139 4139 4139 4139 4139 4139 4139 4139
    4139 4139 4139 4139 4139 4139 4139 4139 4139 4139 4139 4089 4089
    4089 4139 4139 4139 4139 4139 4139 4139 4139 1445 1445 1445 1439
    1427 1421 1421 1415 1415 1421 1421 1415 1410 1410 1410 1404 1404
    1404 1404 1404 1404 1404 1404 1404 1398 1398 1392 1392 1398 1398
    1398 1392 1392 1410 1410 4190 4139 4139 4139 4139 4139 4139 4139
    4139 4139 4139 4139 4139 4139 4139 4139 4139 4139 4139 4139 4089
    4089 4089 4139 4139 4139 4139 4139 4139 4139 4139 1445 1445 1439
    1433 1427 1415 1415 1415 1415 1415 1415 1410 1410 1404 1404 1404
    1404 1404 1404 1404 1404 1398 1398 1392 1392 1392 1392 1392 1398
    1392 1392 1392 1392 1392 1392 4139 4139 4041 4041 4089 4139 4139
    4139 4139 4139 4139 4089 4089 4089 4139 4139 4139 4139 4139 4139
    4139 4139 4139 4139 4139 4139 4139 4139 4139 4139 4139 1439 1439
    1433 1427 1421 1415 1410 1410 1410 1410 1410 1410 1410 1404 1404
    1404 1404 1404 1398 1398 1398 1392 1392 1387 1387 1387 1387 1387
    1392 1392 1392 1392 1387 1387 1387 1381 1381 1387 4041 4089 4139
    4089 4089 4139 4139 4139 4089 4089 4089 4089 4089 4139 4139 4139
    4139 4139 4139 4139 4139 4139 4139 4139 4139 4139 4139 4139 1433
    1433 1427 1421 1415 1410 1410 1410 1410 1410 1410 1410 1404 1404
    1404 1404 1404 1398 1398 1398 1392 1392 1392 1387 1387 1387 1387
    1387 1392 1392 1387 1387 1387 1387 1387 1381 1381 1387 1387 1387
    4089 4089 4089 4139 4139 4139 4089 4089 4089 4089 4089 4139 4139
    4139 4139 4139 4139 4139 4139 4139 4139 4139 4139 4139 4139 4139
    1433 1427 1421 1415 1415 1410 1410 1410 1410 1410 1404 1404 1404
    1404 1404 1404 1398 1398 1398 1398 1392 1387 1387 1387 1387 1387
    1387 1387 1392 1387 1387 1387 1387 1387 1387 1387 1387 1387 1387
    1387 1381 1381 1381 1381 4139 4139 4089 4089 4089 4089 4089 4139
    4089 4089 4089 4089 4089 4139 4139 4139 4139 4139 4139 4139 4139
    4089 1427 1421 1415 1415 1410 1410 1410 1410 1410 1410 1404 1404
    1404 1404 1404 1398 1398 1398 1392 1392 1387 1387 1387 1387 1387
    1387 1387 1387 1387 1387 1387 1387 1387 1387 1381 1381 1381 1381
    1381 1376 1376 1376 1376 1376 1376 1376 4089 4089 4089 4089 4089
    4089 4089 4089 4089 4089 4089 4139 4139 4139 4139 4089 4089 4139
    4089 4041 1427 1421 1415 1415 1410 1410 1410 1410 1410 1410 1404
    1404 1404 1398 1398 1392 1392 1392 1392 1392 1387 1387 1387 1387
    1381 1381 1381 1381 1387 1387 1387 1381 1381 1381 1381 1376 1376
    1376 1376 1376 1370 1370 1370 1365 1365 1365 1370 4089 4089 4089
    3994 3994 4089 4089 4089 4089 4089 4139 4139 4139 4139 4041 4041
    4089 4041 3994 1427 1421 1421 1415 1410 1404 1404 1404 1404 1404
    1404 1404 1398 1398 1398 1392 1392 1392 1387 1387 1387 1387 1381
    1381 1381 1381 1381 1381 1381 1381 1381 1381 1381 1376 1376 1376
    1370 1370 1370 1370 1370 1370 1370 1365 1365 1365 1365 1365 1365
    1365 1365 3994 4089 4089 4089 4089 4089 4089 4041 4041 3994 3994
    3994 4041 4041 3994 1427 1421 1421 1415 1410 1404 1404 1404 1404
    1404 1404 1404 1392 1392 1392 1392 1392 1387 1387 1387 1387 1387
    1381 1381 1381 1381 1381 1381 1381 1376 1376 1376 1376 1376 1370
    1370 1370 1370 1370 1370 1370 1370 1370 1365 1365 1365 1365 1365
    1359 1359 1365 1365 1365 4089 4089 4089 4089 4089 4041 4041 3994
    3994 3994 4041 4041 3994 1427 1427 1427 1415 1410 1410 1404 1404
    1404 1404 1404 1398 1392 1392 1392 1392 1387 1387 1387 1387 1387
    1381 1381 1381 1381 1381 1381 1381 1376 1376 1376 1376 1376 1370
    1370 1370 1370 1370 1370 1370 1370 1365 1365 1365 1365 1365 1365
    1365 1359 1359 1359 1359 1359 1354 1354 4089 4089 4041 4041 4041
    3994 3994 4041 4041 4041 4041 1458 0 1458 1445 1421 1415 1410 1410
    1410 1404 1404 1398 1392 1392 1392 1387 1387 1387 1387 1387 1381
    1381 1381 1381 1381 1376 1376 1376 1376 1376 1376 1376 1376 1370
    1370 1370 1370 1370 1370 1365 1365 1365 1365 1365 1365 1365 1365
    1359 1359 1359 1359 1359 1354 1354 1349 1349 1343 1343 4041 4041
    3994 3994 4041 4041 3994 3994 0 0 1477 1464 1458 1439 1427 1415 1410
    1410 1404 1398 1392 1392 1392 1387 1387 1387 1381 1381 1381 1381
    1376 1376 1376 1376 1376 1376 1376 1376 1376 1376 1370 1370 1370
    1370 1370 1370 1370 1365 1365 1365 1365 1365 1365 1365 1359 1359
    1354 1354 1354 1354 1354 1354 1349 1349 1343 1343 1343 1343 1349
    4041 4041 4041 3994 3994 1579 0 1483 1477 1464 1452 1445 1433 1427
    1415 1404 1398 1398 1392 1392 1387 1387 1387 1381 1381 1381 1376
    1376 1376 1376 1376 1376 1376 1376 1376 1376 1376 1370 1370 1370
    1365 1365 1365 1365 1365 1365 1365 1365 1365 1359 1359 1359 1359
    1354 1354 1354 1354 1349 1349 1349 1349 1349 1343 1343 1343 1343
    1343 1343 4041 3994 3948 1579 1564 1489 1483 1470 1464 1458 1452
    1439 1427 1410 1404 1404 1398 1392 1387 1387 1387 1381 1376 1376
