<?xml version="1.0"?>
<opencv_storage>
<Depth18316 type_id="opencv-matrix">
  <rows>24</rows>
  <cols>53</cols>
  <dt>w</dt>
  <data>
    4190 4190 4139 4139 4139 4139 4139 4139 4139 4139 4139 4139 4139
    4139 4139 4139 4139 4139 4139 4139 4139 4139 4139 4139 4139 4139
    4139 4139 4139 4139 4190 4241 4241 4190 4190 4241 4241 4190 4190
    4190 4139 4139 4190 4190 4190 4190 4190 3092 3092 3120 3149 3149
    3149 4190 4190 4190 4139 4139 4190 4190 4190 4190 4190 4190 4241
    4241 4190 4190 4190 4190 4190 4241 4190 4190 4139 4139 4139 4190
    4190 4190 4190 4139 4139 4190 4241 4241 4241 4241 4241 4241 4190
    4190 4190 4139 4139 4190 4190 4190 4190 4190 3092 3064 3064 3092
    3120 3149 4190 4190 4190 4139 4139 4190 4190 4190 4190 4241 4241
    4241 4241 4241 4241 4241 4241 4241 4241 4190 4190 4190 4190 4190
    4241 4190 4190 4139 4139 4139 4190 4190 4241 4241 4190 4190 4241
    4190 4190 3178 3178 3178 3208 3178 3149 3149 3149 3092 3064 3064
    3092 3120 3120 4190 4190 4190 4190 4190 4241 4241 4241 4241 4241
    4241 4295 4295 4295 4241 4241 4241 4241 4241 4241 4190 4190 4190
    4190 4241 4241 4190 4139 4139 4139 4190 4190 4190 4241 4190 4190
    4241 3120 3120 3149 3149 3120 3120 3120 3120 3092 3092 3092 3064
    3064 3092 3120 3120 4190 4190 4241 4241 4241 4241 4241 4295 4295
    4295 4241 4241 4295 4295 4241 4241 4241 4241 4241 4241 4241 4190
    4190 4241 4241 4241 4190 4139 4139 4139 3208 3208 3208 3208 4241
    3208 3208 3120 3120 3149 3149 3120 3120 3120 3120 3092 3092 3092
    3064 3064 3092 3120 3120 4241 4241 4241 4241 4241 4241 4241 4295
    4295 4295 4241 4241 4295 4295 4295 4241 4241 4241 4241 4241 4241
    4241 4241 4241 4241 4241 4190 4139 4139 4139 3208 3208 3208 3178
    3178 3208 3178 3149 3149 3149 3178 3120 3120 3120 3120 3120 3120
    3120 3149 3120 3120 3120 3120 4349 4295 4295 4295 4295 4295 4295
    4295 4295 4295 4295 4295 4295 4295 4295 4295 4295 4295 4295 4241
    4241 4241 4241 4241 4295 4295 4241 4190 3178 3178 3178 3178 3178
    3178 3178 3178 3178 3149 3149 3149 3149 3149 3120 3120 3120 3149
    3149 3149 3149 3149 3120 3120 3120 4349 4349 4349 4349 4349 4349
    4295 4295 4295 4295 4295 4295 4295 4295 4295 4241 4241 4241 4241
    4241 4190 4190 3208 3208 3208 3208 3208 3178 3149 3149 3149 3149
    3149 3149 3149 3149 3149 3149 3149 3149 3149 3149 3120 3120 3120
    3149 3149 3149 3149 3149 3120 3120 3120 4349 4349 4349 4349 4349
    4349 4349 4349 4295 4295 4295 4241 4241 4241 4241 4190 4190 3238
    3238 3238 3208 3178 3178 3149 3149 3178 3178 3178 3149 3149 3149
    3149 3149 3149 3149 3149 3149 3178 3178 3149 3149 3149 3120 3120
    3149 3149 3149 3149 3149 3120 3120 3120 3120 4349 4349 4349 4349
    4349 4349 4349 4349 4295 4295 4295 4089 4089 4089 4241 3178 3178
    3178 3208 3208 3208 3178 3178 3149 3149 3149 3149 3149 3149 3149
    3149 3149 3149 3149 3149 3149 3149 3149 3178 3149 3149 3120 3120
    3120 3120 3149 3149 3149 3120 3120 3120 3092 3092 4349 4349 4349
    4349 3269 3269 3269 3238 3238 3238 3208 3208 3208 3178 3178 3178
    3178 3178 3178 3178 3178 3178 3178 3149 3149 3149 3149 3149 3149
    3149 3149 3149 3149 3149 3149 3149 3149 3149 3149 3149 3149 3120
    3120 3120 3120 3149 3149 3120 3120 3120 3120 3064 3064 4405 4405
    4405 3269 3269 3269 3269 3238 3208 3208 3208 3208 3208 3178 3178
    3178 3149 3149 3178 3178 3178 3178 3178 3149 3149 3149 3149 3149
    3149 3178 3178 3178 3178 3149 3149 3149 3149 3149 3149 3149 3120
    3120 3120 3120 3120 3120 3120 3120 3120 3120 3092 3064 3064 3178
    3178 3178 3269 3269 3269 3269 3238 3208 3208 3208 3208 3208 3178
    3178 3178 3149 3149 3178 3178 3178 3178 3178 3178 3149 3149 3178
    3178 3178 3149 3149 3149 3149 3178 3178 3178 3178 3178 3178 3149
    3120 3120 3120 3120 3120 3120 3120 3120 3120 3120 3064 3064 3064
    3120 3120 3178 3208 3208 3269 3238 3208 3208 3208 3208 3208 3208
    3178 3178 3178 3178 3178 3178 3178 3178 3178 3178 3178 3149 3149
    3178 3178 3149 3149 3120 3120 3149 3178 3208 3178 3178 3178 3178
    3149 3120 3120 3120 3120 3120 3120 3120 3120 3120 3120 3064 3064 0
    3120 3120 3178 3208 3208 3208 3208 3208 3208 3208 3208 3208 3178
    3178 3178 3178 3178 3178 3178 3178 3178 3178 3178 3178 3149 3149
    3178 3178 3149 3149 3120 3120 3149 3178 3208 3208 3208 3208 3208
    3208 3149 3149 3149 3178 3178 0 3120 3120 0 0 0 0 0 3208 3208 3208
    3208 3208 3208 3208 3208 3208 3208 3208 3208 3178 3178 3178 3178
    3178 3178 3178 3178 3178 3149 3149 3149 3178 3178 3178 3178 3149
    3149 3120 3120 3149 3178 3238 3208 3208 3238 3238 0 0 3208 3208 3238
    0 0 0 0 0 0 0 0 0 3208 3208 3208 3208 3208 3208 3208 3208 3208 3208
    3208 3208 3208 3178 3178 3178 3178 3178 3178 3178 3149 3149 3149
    3149 3178 3178 3178 3178 3149 3149 3120 3120 3149 3149 0 3238 3238 0
    0 0 0 0 0 0 0 0 0 0 0 0 0 0 0 3208 3208 3208 3208 3208 3208 3208
    3208 3208 3208 3208 3208 3208 3178 3178 3178 3178 3178 3178 3178
    3149 3149 3149 3149 3149 3149 3149 3149 3149 3149 3120 3120 3149
    3149 0 0 0 0 0 0 0 0 0 0 0 0 0 0 0 0 0 0 0 3269 3269 3238 3208 3208
    3208 3208 3208 3208 3208 3208 3208 3208 3178 3178 3178 3178 3178
    3178 3178 3178 3149 3120 3120 3120 3120 3120 3149 3178 0 0 0 0 0 0 0
    0 0 0 0 0 0 0 0 0 0 0 0 0 0 0 0 0 1157 3238 3238 3208 3208 3208 3208
    3208 3208 3208 3208 3208 3208 3178 3178 3178 3178 3178 3178 3178
    3178 3149 3092 3092 3092 3092 3092 0 0 0 0 0 0 0 0 0 0 0 0 0 0 0 0 0
    0 0 0 0 0 0 0 0 0 0 3238 3238 3238 3208 3208 3208 3178 3178 3178
    3208 3208 3208 3178 3178 3178 3149 3149 3149 3178 3178 3178 3092
    3064 3064 3037 3037 0 0 0 0 0 0 0 0 0 0 0 0 0 0 0 0 0 0 0 0 0 0 0 0
    0 0 0 3238 3238 3238 3208 3208 3208 3178 3178 3178 3208 3208 3178
    3178 3178 3178 3149 3120 3120 3120 0 0 0 3064 3064 3037 3037 0 0 0 0
    0 0 0 0 0 0 0 0 0 0 0 0 0 0 0 0 0 0 0 0 0 0 0 3238 3238 3238 3238
    3208 3208 3208 3178 3178 3208 3208 3178 3178 3178 3178 3149 3120
    3120 3120 0 0 0 0 0 0 0 0 0 0 0 0 0 0 0 0 0 0 0 0 0 0 0 0 0 0 0 0 0
    0 0 0 0 0 3269 3238 3238 3208 3208 3208 3208 3149 3149 3149 3149
    3178 0 0 0 0 0 0 0 0 0 0 0 0 0 0 0 0 0 0 0 0 0 0 0 0 0 0 0 0 0 0 0 0
    0 0 0 0 0 0 0 0</data></Depth18316>
</opencv_storage>
