<?xml version="1.0"?>
<opencv_storage>
<Depth18867 type_id="opencv-matrix">
  <rows>8</rows>
  <cols>26</cols>
  <dt>w</dt>
  <data>
    6753 6753 6889 6889 6889 6889 6889 7030 6889 6889 6889 6889 6889
    7030 7030 7030 7030 7030 7030 7178 7178 7178 7178 7030 7030 7030
    6622 6753 6753 6753 6622 6622 6622 6753 6753 6622 6622 6622 6622
    6753 6622 6622 6753 6753 6889 7030 7030 6889 6889 7030 7030 7030
    6622 6753 6753 6622 6622 6497 6497 6622 6622 6622 6497 6497 6497
    6622 6622 6622 6622 6622 6622 6753 6889 6753 6753 6753 6753 6889
    6889 6889 6753 6622 6622 6497 6497 6497 6497 6622 6497 6497 6497
    6497 6497 6497 6497 6497 6497 6622 6622 6622 6622 6622 6622 6622
    6889 6889 6753 6622 6622 6497 6497 6497 6497 6622 6497 6497 6497
    6497 6497 6497 6497 6497 6497 6497 6622 6622 6622 6622 6622 6622 0
    7178 7030 6889 6889 6622 6622 6497 6497 6497 6622 6622 6497 6497
    6497 6497 6497 6497 6497 6497 6622 6622 6497 6497 6497 6497 0 0 7178
    7030 6889 6889 7030 7030 7030 7030 7660 6497 6497 6497 6497 6497
    6497 6497 6497 6497 6622 6622 6497 6497 6497 6497 0 0 0 0 0 0 0 7660
    7660 7660 7660 7660 7492 7492 0 7492 7030 6622 6622 6622 6622 6622
    6622 6622 6497 6497</data></Depth18867>
</opencv_storage>
