<?xml version="1.0"?>
<opencv_storage>
<Depth0344 type_id="opencv-matrix">
  <rows>7</rows>
  <cols>11</cols>
  <dt>w</dt>
  <data>
    6753 6753 6753 6889 6889 6889 7030 7030 6889 6889 8413 6753 6753
    6889 6889 6889 7030 7030 7030 6889 0 6889 6889 6889 6889 6889 6889
    7030 6889 6889 6889 6889 6889 0 6889 6889 6889 6889 7030 6889 6889
    6889 6889 6889 0 0 7030 7030 7030 7030 6889 6889 6889 6889 6889 0 0
    0 7030 7030 7030 7030 7030 7030 7030 7178 0 0 0 0 7030 7030 7030
    7030 7030 7030 7178</data></Depth0344>
</opencv_storage>
