<?xml version="1.0"?>
<opencv_storage>
<Depth7060 type_id="opencv-matrix">
  <rows>58</rows>
  <cols>71</cols>
  <dt>w</dt>
  <data>
    4522 4463 4463 4463 4463 4463 4405 4405 4405 4349 4295 4295 4295
    4295 0 0 1609 1609 1609 1609 1624 1624 1624 1632 1632 1632 1639 1632
    1632 1639 1639 1639 1639 1639 1639 1639 1639 0 0 4041 4041 4041 4041
    3994 3948 3948 3903 3903 3903 3903 3903 3903 3859 3859 3859 3859
    3859 3859 3859 3816 3816 3816 3816 3774 3774 3732 3732 3732 3732
    3732 3732 4463 4463 4463 4463 4463 4463 4463 4463 4405 4349 4349
    4295 4295 4349 0 1609 1609 1609 1609 1609 1616 1624 1624 1624 1632
    1632 1639 1632 1632 1632 1632 1632 1632 1632 1632 1632 1624 1624 0
    4041 4041 4041 4041 3994 3948 3948 3903 3903 3903 3903 3903 3903
    3859 3859 3859 3859 3859 3859 3859 3816 3816 3816 3774 3774 3774
    3732 3732 3732 3732 3732 3732 4463 4463 4463 4463 4463 4463 4463
    4463 4405 4405 4405 4349 4349 4349 1609 1609 1609 1609 1609 1609
    1609 1616 1616 1616 1624 1624 1632 1632 1632 1632 1632 1624 1624
    1624 1624 1624 1624 1624 1624 1624 4089 4089 4041 4041 3994 3948
    3948 3948 3948 3903 3903 3903 3903 3903 3859 3859 3859 3859 3859
    3859 3816 3816 3774 3774 3774 3732 3732 3732 3732 3732 3732 4463
    4463 4463 4463 4463 4463 4463 4463 4405 4405 4405 4463 4463 1609
    1609 1609 1609 1609 1609 1609 1609 1609 1609 1616 1616 1624 1632
    1624 1624 1624 1624 1624 1624 1624 1624 1624 1624 1624 1624 1624
    1616 1616 4041 4041 3994 3948 3948 3994 3948 3903 3903 3903 3903
    3903 3903 3859 3859 3859 3859 3859 3816 3816 3774 3774 3774 3732
    3732 3732 3732 3732 3732 4522 4522 4463 4463 4463 4463 4463 4463
    4463 4463 4463 4463 1601 1601 1601 1601 1609 1609 1601 1601 1601
    1601 1609 1609 1609 1616 1624 1624 1624 1616 1616 1616 1624 1624
    1624 1624 1624 1624 1624 1624 1616 1616 1616 1616 4041 3994 3994
    3994 3948 3948 3903 3903 3903 3903 3903 3859 3859 3859 3859 3859
    3859 3859 3816 3816 3774 3774 3774 3774 3774 3774 3774 4522 4522
    4522 4463 4463 4463 4463 4463 4463 4463 1601 1601 1601 1601 1601
    1601 1609 1609 1601 1601 1601 1601 1609 1609 1609 1616 1624 1624
    1624 1616 1616 1616 1616 1616 1624 1624 1624 1624 1624 1624 1616
    1616 1616 1616 1616 4041 4041 4041 3994 3994 3948 3903 3903 3903
    3903 3903 3859 3859 3859 3859 3859 3859 3859 3816 3774 3774 3774
    3774 3774 3774 3774 4645 4582 4522 4463 4463 4463 4463 4463 4522
    4522 1601 1601 1601 1601 1601 1601 1601 1609 1601 1601 1601 1601
    1601 1601 1609 1609 1616 1624 1624 1616 1616 1616 1616 1616 1616
    1616 1624 1624 1624 1624 1624 1624 1616 1616 1632 1632 1632 4041
    3994 3994 3948 3948 3903 3903 3903 3903 3903 3859 3859 3859 3859
    3859 3859 3859 3816 3816 3774 3774 3774 3774 3774 4645 4645 4582
    4522 4522 4522 4522 4645 4645 4645 1594 1594 1601 1594 1594 1601
    1601 1601 1601 1601 1601 1601 1601 1601 1601 1601 1616 1616 1616
    1616 1616 1616 1616 1616 1616 1616 1624 1624 1624 1624 1624 1624
    1624 1624 1632 1632 1624 1616 1616 4041 3948 3948 3903 3903 3903
    3903 3903 3903 3859 3859 3859 3859 3859 3859 3816 3816 3774 3774
    3774 3774 3774 4645 4645 4582 4582 4582 4582 4645 4842 4842 1586
    1586 1594 1594 1594 1594 1594 1601 1601 1601 1601 1601 1601 1601
    1601 1601 1601 1609 1609 1616 1616 1616 1616 1616 1616 1616 1616
    1616 1616 1624 1624 1624 1624 1624 1624 1624 1624 1616 1616 1616
    1624 3948 3948 3903 3903 3903 3903 3903 3903 3903 3859 3859 3859
    3859 3859 3816 3816 3774 3774 3774 3774 3774 4645 4645 4645 4645
    4645 4645 4842 4842 1586 1586 1586 1594 1594 1594 1594 1594 1594
    1601 1601 1601 1601 1594 1594 1601 1601 1601 1609 1609 1609 1616
    1616 1616 1616 1609 1609 1609 1609 1616 1616 1616 1616 1616 1616
    1624 1616 1616 1616 1616 1616 1616 1616 3948 3903 3903 3948 3903
    3903 3903 3903 3859 3859 3859 3859 3859 3816 3816 3774 3774 3816
    3816 3816 4645 4645 4645 4645 4645 4645 1594 1586 1586 1586 1586
    1586 1586 1594 1586 1586 1594 1594 1594 1594 1594 1594 1594 1601
    1601 1601 1609 1609 1609 1609 1616 1609 1609 1609 1609 1609 1609
    1616 1616 1616 1616 1616 1616 1616 1616 1616 1616 1616 1616 1616
    1616 1616 3948 3948 3948 3948 3903 3903 3903 3903 3859 3859 3859
    3859 3859 3859 3816 3816 3816 3816 3816 4645 4645 4645 4645 4645
    1579 1594 1594 1586 1586 1586 1586 1586 1586 1586 1586 1594 1594
    1594 1594 1594 1594 1594 1601 1601 1601 1609 1609 1609 1609 1609
    1609 1609 1609 1609 1609 1609 1609 1609 1609 1616 1616 1616 1616
    1616 1616 1616 1616 1616 1616 1609 1609 1609 3948 3948 3948 3948
    3903 3903 3903 3903 3903 3859 3859 3859 3859 3816 3816 3816 3816
    3816 4708 4582 4582 4708 4708 1579 1579 1579 1579 1586 1586 1579
    1579 1579 1586 1586 1594 1594 1594 1586 1586 1594 1601 1601 1601
    1601 1609 1609 1609 1609 1609 1609 1609 1601 1601 1609 1609 1609
    1609 1609 1616 1616 1616 1616 1616 1616 1616 1616 1616 1616 1609
    1609 1609 1616 3948 3948 3903 3903 3903 3903 3903 3903 3903 3903
    3859 3859 3859 3859 3816 3816 3816 4645 4582 4582 1586 1579 1572
    1572 1572 1579 1579 1579 1579 1579 1579 1579 1579 1586 1594 1586
    1586 1586 1586 1594 1594 1601 1601 1601 1601 1601 1601 1609 1609
    1609 1601 1601 1609 1609 1609 1609 1609 1609 1609 1609 1609 1609
    1616 1616 1616 1616 1616 1616 1616 1616 1616 1616 1616 3903 3903
    3903 3903 3903 3903 3903 3903 3859 3859 3859 3859 3816 3816 3816
    4645 1601 1594 1586 1579 1572 1572 1572 1572 1579 1579 1579 1579
    1579 1579 1579 1586 1586 1586 1586 1586 1586 1586 1594 1594 1594
    1601 1601 1601 1601 1609 1609 1609 1601 1601 1601 1601 1601 1609
    1609 1609 1609 1609 1609 1609 1609 1616 1616 1616 1616 1616 1616
    1616 1616 1616 1616 1616 1616 3948 3948 3948 3903 3903 3859 3859
    3859 3859 3859 3859 3859 3859 4774 1601 1586 1579 1579 1572 1572
    1572 1572 1572 1572 1579 1579 1579 1572 1572 1579 1586 1586 1586
    1579 1579 1586 1586 1586 1586 1594 1594 1594 1601 1609 1609 1609
    1601 1601 1601 1594 1594 1609 1609 1609 1609 1609 1609 1609 1609
    1609 1609 1609 1616 1616 1616 1616 1616 1609 1609 1609 1609 1616
    3994 3948 3903 3903 3859 3859 3859 3859 3859 3859 3859 3859 4708
    1586 1586 1579 1579 1572 1572 1572 1572 1572 1572 1572 1572 1572
    1572 1572 1579 1579 1579 1579 1579 1579 1579 1579 1579 1579 1586
    1594 1594 1601 1601 1601 1601 1601 1594 1594 1594 1594 1609 1609
    1609 1601 1601 1609 1609 1609 1609 1609 1609 1609 1609 1609 1609
    1609 1609 1609 1609 1609 1616 1616 3948 3948 3903 3903 3903 3859
    3859 3859 3903 3903 3903 4708 1586 1586 1579 1579 1579 1572 1572
    1572 1572 1572 1572 1572 1572 1572 1572 1572 1572 1572 1572 1572
    1579 1579 1579 1579 1579 1586 1586 1586 1594 1601 1601 1594 1594
    1594 1594 1594 1594 1601 1601 1601 1601 1601 1609 1609 1609 1609
    1609 1609 1609 1609 1609 1609 1609 1609 1609 1609 1609 1609 1609
    1609 1609 3903 3903 3903 3859 3859 3859 3903 3903 3859 1616 1594
    1594 1594 1586 1579 1579 1579 1579 1572 1572 1572 1572 1572 1572
    1572 1572 1572 1572 1572 1572 1572 1572 1572 1572 1579 1579 1586
    1586 1586 1594 1594 1594 1594 1594 1594 1601 1601 1594 1594 1594
    1594 1594 1601 1601 1601 1601 1601 1601 1609 1609 1609 1609 1609
    1601 1601 1601 1601 1609 1609 1609 1609 1609 3903 3903 3859 3859
    3903 3903 3903 3859 1616 1616 1601 1601 1594 1594 1586 1579 1579
    1572 1572 1572 1572 1572 1572 1572 1572 1572 1572 1572 1572 1572
    1572 1572 1572 1572 1579 1579 1579 1586 1586 1586 1586 1586 1594
    1594 1594 1601 1594 1594 1594 1594 1594 1594 1601 1601 1601 1601
    1601 1601 1609 1609 1601 1601 1601 1601 1594 1594 1601 1609 1609
    1609 1616 1616 3903 3903 3903 3903 3903 3903 3859 1616 1616 1616
    1601 1594 1594 1594 1586 1579 1579 1572 1572 1572 1564 1564 1564
    1572 1572 1572 1572 1572 1572 1572 1572 1572 1572 1579 1579 1579
    1579 1579 1579 1586 1586 1586 1586 1586 1586 1586 1586 1594 1594
    1594 1594 1594 1594 1601 1601 1601 1601 1601 1601 1601 1601 1601
