<?xml version="1.0"?>
<opencv_storage>
<Depth10968 type_id="opencv-matrix">
  <rows>119</rows>
  <cols>53</cols>
  <dt>w</dt>
  <data>
    2618 2598 2579 2560 2560 2560 1007 1004 998 998 998 1004 1004 1010
    1016 1016 1013 1010 1010 1016 1013 1013 1013 1013 1013 1013 2522
    2522 2522 2522 2522 2522 2560 2579 2579 2579 2579 2659 2659 2659
    2659 2659 2659 2659 2639 2639 2639 2680 3300 3300 3269 3269 3269
    2639 1016 1016 1016 1016 1016 1007 1004 1001 1001 1001 1004 1010
    1010 1010 1010 1010 1007 1007 1004 1004 1004 1007 1010 1013 1016
    1016 967 967 2522 2522 2522 2560 2579 2579 2579 0 2659 2659 2659
    2659 2659 2659 2659 2639 2639 2639 3300 3300 3300 3269 3269 3269 0
    1016 1016 1016 1016 1016 1004 1004 998 998 998 1001 1004 1007 1007
    1007 1004 1001 998 995 995 992 992 992 992 1016 970 967 967 967 967
    0 0 0 0 0 0 2659 2659 2659 2659 2659 2659 2639 2639 2639 2639 3300
    3300 3300 3300 3269 3269 0 0 1016 1016 1016 1016 1004 1004 995 992
    992 998 998 1004 1004 1004 998 989 989 989 989 989 989 981 981 962
    962 964 962 962 964 0 0 0 0 0 2659 0 2659 2659 2659 2659 2659 2639
    2639 2639 2639 3333 3333 3300 3300 3269 3269 0 0 1016 1016 1016 1016
    1004 1004 989 989 989 998 998 1001 1001 1004 989 987 981 975 975 959
    959 962 962 959 959 959 954 954 964 964 0 0 0 0 0 2659 2659 2659
    2659 2659 2639 2639 2639 2639 3365 3333 3333 3300 3300 3300 3269 0 0
    981 0 975 987 987 981 981 981 989 989 1001 1001 1001 1001 989 987
    981 970 967 959 959 959 959 959 959 959 954 954 954 954 0 0 0 910 0
    910 2680 2680 2659 2639 2639 2639 2639 2639 3365 3333 3333 3300 3300
    3300 3300 0 0 0 981 0 975 975 970 962 962 962 946 940 938 938 938 0
    0 0 970 967 967 954 954 959 954 954 964 964 964 0 0 0 0 0 910 910
    910 880 880 880 2639 2639 2639 2639 2639 3333 3300 3300 3300 3300
    3300 3300 0 0 0 981 981 973 973 970 962 962 948 943 938 930 925 925
    0 0 925 0 0 0 954 954 954 954 954 954 954 873 896 0 0 0 903 903 908
    908 882 880 880 880 829 827 827 827 829 3300 3300 3300 3300 3300
    3300 0 1025 1025 1025 981 973 973 970 938 938 948 938 933 928 925
    925 0 0 0 0 0 0 0 856 860 869 869 871 871 0 896 896 896 896 898 898
    885 882 882 875 875 875 829 827 827 825 823 823 3333 3333 3333 3333
    0 0 1025 1025 1025 978 973 970 970 938 935 933 933 933 928 928 0 0 0
    0 0 0 0 856 856 860 869 869 871 871 873 873 873 875 875 875 875 880
    880 880 873 873 873 829 827 827 825 823 823 823 823 823 3269 0 1028
    1025 1022 1022 978 973 970 951 933 933 933 933 933 885 869 0 0 0 0 0
    0 856 856 856 860 869 869 871 871 873 871 871 871 871 869 869 878
    878 878 869 869 873 873 827 827 827 825 825 825 0 0 0 0 1028 1022
    1019 1019 989 984 970 951 933 933 933 891 887 885 869 862 862 0 0 0
    0 0 862 862 862 869 869 871 871 871 869 869 869 858 854 854 854 854
    854 854 847 841 839 829 827 827 823 823 823 0 0 0 0 0 1022 1016 1010
    989 981 970 959 923 923 925 891 882 878 869 862 860 860 0 839 0 0 0
    829 829 829 831 871 871 871 869 860 854 851 851 849 849 851 849 849
    845 841 837 829 825 823 821 821 821 821 821 823 0 0 0 1016 1007 989
    981 967 959 923 923 925 928 882 878 875 862 843 839 839 0 802 802
    802 829 827 827 831 831 835 835 835 835 837 843 847 847 847 849 847
    847 845 841 829 825 823 821 819 819 819 821 821 823 0 0 0 1016 1007
    992 987 967 959 923 923 925 925 882 878 875 862 843 839 837 837 805
    802 802 803 803 803 803 805 835 831 805 805 807 809 845 813 813 815
    815 817 817 817 817 821 821 821 819 819 819 821 821 823 823 0 0 1019
    1010 995 970 967 956 933 925 918 918 882 878 875 845 843 841 837 811
    805 803 803 803 803 803 803 805 805 805 805 805 807 809 813 813 813
    813 815 815 817 815 815 819 821 821 819 819 821 821 821 823 823 0 0
    1019 1007 995 970 967 954 933 918 918 906 885 880 878 845 843 841
    841 811 805 803 803 803 803 803 803 805 805 805 805 805 807 811 813
    813 813 813 815 815 815 815 815 819 819 821 821 821 821 821 823 823
    823 0 0 1019 1004 995 975 967 954 933 918 918 903 889 880 873 873
    843 841 841 813 805 803 803 803 805 805 805 805 805 805 807 807 807
    811 813 813 815 815 815 815 815 815 815 819 819 821 821 821 821 823
    823 823 823 0 1028 1022 1004 995 975 967 956 946 920 918 903 891 880
    873 873 843 843 843 813 807 805 803 803 803 805 805 805 807 807 809
    809 809 813 813 813 815 815 815 815 817 817 817 819 819 821 821 821
    823 823 825 825 825 0 1028 1025 1004 995 987 967 954 946 923 908 906
    906 906 906 887 829 829 829 813 807 805 805 803 803 805 805 805 807
    809 811 811 811 813 813 813 815 815 815 817 817 819 819 819 821 821
    823 823 823 825 825 825 827 0 0 1025 1004 1001 989 970 954 946 910
    908 906 906 906 887 887 0 827 827 817 807 807 805 805 805 807 807
    807 809 809 811 811 811 813 813 815 815 815 815 819 819 821 821 821
    821 821 823 823 825 827 827 827 827 0 0 1025 1007 1001 992 992 956
    948 910 908 901 901 887 887 887 843 827 827 815 807 805 805 805 805
    807 809 809 809 811 811 811 813 815 815 815 817 817 817 819 819 821
    821 821 823 823 823 825 825 827 827 827 827 0 0 1016 1007 1001 998
    998 956 948 915 910 901 901 887 887 862 843 831 827 815 807 805 805
    807 807 811 811 811 811 811 811 813 813 815 815 815 819 819 819 819
    819 821 821 823 823 823 823 825 827 829 829 827 827 0 0 1016 1007
    1001 998 998 956 948 918 915 915 915 887 887 858 843 831 827 819 807
    807 807 807 809 811 811 811 811 811 811 813 813 815 815 817 819 819
    819 819 821 821 821 823 823 823 823 825 827 829 829 829 829 0 0 1016
    1007 1001 1001 1001 959 948 920 918 918 918 885 867 858 847 841 829
    819 813 807 807 807 809 811 811 811 811 811 813 813 813 815 815 817
    819 819 819 821 821 821 821 823 823 823 825 825 827 829 829 829 829
    0 1034 1016 1007 1004 992 992 959 946 925 920 920 920 885 867 856
    847 841 829 821 815 811 809 809 809 811 811 811 811 813 813 813 813
    815 817 819 819 819 819 821 821 823 823 823 823 825 825 825 829 829
    829 829 829 0 1034 1013 1007 1004 984 975 959 946 925 918 918 918
    885 867 856 847 841 829 819 813 811 809 809 809 811 811 811 811 813
    813 813 813 817 817 819 819 821 821 821 823 823 823 825 825 825 825
    825 829 829 831 829 829 0 1038 1013 1007 998 984 975 962 951 925 915
    908 889 885 867 854 847 843 821 815 813 811 809 809 811 811 811 813
    813 813 813 813 815 817 819 819 821 821 821 821 823 823 823 825 825
    827 827 827 829 829 831 829 829 0 1038 1028 1013 998 984 975 964 954
    920 915 908 889 887 860 854 847 845 821 815 811 811 811 811 811 811
    811 813 813 813 813 815 815 819 819 821 821 821 821 823 823 825 825
    827 827 827 827 827 829 831 831 831 831 0 1041 1038 1016 998 984 975
    964 956 920 915 913 913 887 860 854 849 845 817 815 811 811 811 811
    811 811 813 813 813 813 815 815 817 819 821 821 823 823 823 823 825
    825 827 827 827 827 827 829 831 831 831 831 831 0 1041 1038 1016
    1013 984 975 964 954 948 915 913 913 889 860 856 851 849 817 815 813
    811 811 811 811 813 813 813 813 813 815 817 817 819 821 821 823 823
    823 825 825 825 827 827 829 829 829 829 831 831 831 831 831 0 1041
    1038 1019 1010 992 975 962 951 946 918 915 915 889 860 858 854 849
    821 819 815 811 811 811 813 813 815 815 815 815 817 817 817 821 821
    821 823 823 823 825 827 827 827 829 829 829 829 829 831 831 831 831
    831 0 0 1028 1016 1007 992 978 962 951 946 946 946 889 889 869 858
    854 849 845 819 813 813 811 811 813 815 817 817 815 815 817 817 817
    821 821 823 823 823 823 825 827 827 827 829 829 829 829 831 831 831
    833 831 831 0 0 1028 1016 1007 992 992 962 951 946 946 946 864 864
    864 860 854 849 845 821 813 813 811 811 813 815 817 817 817 817 819
    819 819 821 821 823 823 823 823 825 827 827 827 829 829 831 831 831
    831 831 833 833 833 0 0 1028 1007 1004 992 973 962 940 933 933 933
    901 864 864 862 854 841 831 821 815 813 813 813 813 815 817 819 819
