<?xml version="1.0"?>
<opencv_storage>
<Depth0029 type_id="opencv-matrix">
  <rows>35</rows>
  <cols>9</cols>
  <dt>w</dt>
  <data>
    3653 3653 3653 3653 4241 4241 4241 4241 4295 3653 3653 3653 3653
    3692 4190 4241 4241 4295 3653 3653 3653 3692 3692 3692 4190 4295
    4295 3653 3653 3653 3692 3692 3692 4190 4349 4349 3653 3653 3653
    3692 3692 3692 3732 4405 4405 3653 3653 3653 3692 3692 3692 3732
    4405 4405 3653 3653 3653 3692 3692 3692 3692 4405 4405 3653 3653
    3653 3692 3692 3692 3692 4405 4405 3653 3653 3653 3692 3692 3692
    3692 4405 4405 3653 3653 3653 3692 3692 3692 3692 4405 4405 3653
    3653 3653 3692 3692 3692 3692 3692 4405 3653 3653 3692 3692 3732
    3692 3692 3692 4463 3692 3692 3692 3692 3692 3692 3653 3653 4463
    3692 3692 3692 3692 3692 3692 3653 3653 3692 3692 3692 3692 3692
    3692 3692 3692 3692 3692 3692 3692 3692 3692 3692 3692 3692 3692
    3692 3692 3692 3692 3692 3692 3692 3692 3692 4405 3692 3692 3692
    3692 3692 3692 3692 3692 4349 3692 3692 3692 3692 3692 3732 3732
    3732 4349 3692 3692 3692 3692 3692 3732 3732 3732 4405 3692 3692
    3692 3692 3732 3774 3774 3816 3859 3692 3692 3692 3692 3692 3732
    3774 3816 3859 3692 3692 3692 3692 3692 3732 3774 3816 3859 3692
    3692 3692 3732 3732 3774 3774 3816 3859 3692 3692 3692 3692 3732
    3774 3774 3816 3859 3692 3692 3692 3692 3732 3732 3774 3774 3816
    3692 3692 3692 3692 3732 3732 3774 3774 3816 3692 3692 3692 3692
    3732 3732 3774 3774 3816 3692 3692 3692 3692 3732 3732 3774 3774
    3774 3692 3692 3692 3732 3732 3732 3732 3732 3732 3732 3732 3732
    3732 3732 3732 3732 3732 3732 3692 3732 3732 3732 3732 3732 3732
    3732 3732 3692 3692 3692 3692 3692 3732 3732 3732 3774 3692 3692
    3692 3692 3692 3732 3732 3732 3859 3692 3692 3692 3692 3692 3732
    3774 4241 4241</data></Depth0029>
</opencv_storage>
