<?xml version="1.0"?>
<opencv_storage>
<Depth2786 type_id="opencv-matrix">
  <rows>24</rows>
  <cols>39</cols>
  <dt>w</dt>
  <data>
    4911 4911 2579 2579 2579 2579 2579 2579 2579 4911 4911 4911 4911
    4911 4911 4911 4911 4911 4911 4842 4842 4842 4911 4911 4911 4842
    4842 4774 4774 4774 4774 4774 4774 4774 4774 4774 4708 4708 4708
    4842 2598 2579 2579 2579 2579 2579 2579 2579 2579 2579 2579 2560
    2560 2541 2541 2541 2560 4911 4842 4842 4842 4842 4911 4911 4842
    4842 4842 4842 4842 4842 4842 4774 4774 4774 4774 4708 4708 4708
    4774 2598 2579 2579 2579 2579 2579 2579 2579 2579 2579 2579 2560
    2560 2541 2541 2541 2560 2560 2560 2560 4842 4842 4911 4911 4842
    4842 4842 4842 4911 4842 4842 4774 4774 4774 4774 4774 4774 4774
    2639 2618 2598 2579 2579 2579 2598 2579 2579 2579 2579 2579 2579
    2579 2560 2560 2560 2560 2560 2560 2560 2560 2560 2541 2541 2560
    2560 4911 4911 4842 4842 4842 4774 4774 4774 4774 4774 4774 4774
    2618 2598 2579 2579 2579 2579 2579 2579 2579 2579 2579 2579 2579
    2579 2579 2579 2579 2560 2560 2560 2560 2560 2560 2541 2541 2560
    2560 2560 2560 2560 2541 2541 4774 4774 4774 4842 4842 4774 4774
    2618 2598 2579 2579 2579 2579 2579 2579 2579 2579 2579 2579 2579
    2579 2560 2560 2579 2560 2560 2560 2560 2560 2560 2560 2560 2560
    2560 2560 2560 2560 2541 2541 2541 2541 4774 4842 4774 4774 4708
    2598 2598 2579 2579 2579 2579 2579 2579 2579 2579 2579 2579 2579
    2579 2560 2560 2560 2579 2579 2579 2560 2560 2560 2560 2560 2560
    2560 2560 2560 2560 2541 2541 2541 2541 2560 2560 4774 4774 4708
    2598 2598 2579 2560 2560 2560 2579 2579 2579 2579 2579 2579 2579
    2579 2560 2560 2560 2579 2579 2579 2560 2560 2560 2560 2560 2560
    2560 2560 2541 2541 2541 2541 2541 2541 2560 2541 2541 2522 2522
    2598 2579 2579 2560 2560 2560 2579 2579 2579 2579 2579 2579 2579
    2579 2579 2560 2560 2579 2579 2579 2579 2579 2560 2560 2560 2560
    2560 2560 2541 2541 2541 2541 2560 2560 2560 2541 2541 2522 2503
    2598 2579 2579 2560 2560 2560 2579 2579 2579 2579 2579 2579 2579
    2579 2579 2560 2560 2579 2579 2579 2579 2560 2560 2560 2560 2560
    2560 2560 2560 2560 2560 2560 2560 2560 2541 2541 2560 2541 2503
    2598 2579 2579 2560 2560 2560 2579 2579 2579 2579 2579 2579 2579
    2579 2579 2579 2560 2560 2560 2579 2579 2560 2560 2560 2560 2560
    2560 2560 2560 2560 2560 2560 2560 2560 2541 2541 2560 2541 2541
    2598 2579 2579 2560 2560 2560 2579 2579 2579 2579 2579 2579 2579
    2579 2579 2579 2560 2560 2560 2560 2560 2560 2560 2560 2560 2560
    2560 2560 2560 2560 2560 2560 2560 2560 2560 2560 2560 2560 2560
    2579 2579 2579 2579 2560 2560 2579 2579 2579 2579 2579 2579 2579
    2579 2579 2579 2560 2560 2560 2560 2560 2560 2560 2560 2560 2560
    2560 2560 2560 2560 2560 2560 2560 2560 2560 2560 2560 2560 2560
    2579 2579 2579 2579 2579 2579 2579 2579 2579 2579 2579 2579 2579
    2579 2579 2579 2579 2560 2560 2560 2560 2560 2560 2560 2560 2560
    2560 2560 2560 2560 2560 2560 2560 2560 2560 2560 2560 2560 2560
    2579 2560 2560 2560 2560 2560 2579 2579 2579 2579 2579 2579 2579
    2579 2579 2579 2579 2579 2560 2560 2560 2560 2560 2560 2560 2560
    2560 2560 2560 2560 2560 2560 2560 2560 2560 2560 2560 2560 2560
    2598 2560 2560 2560 2560 2560 2579 2579 2579 2579 2579 2579 2579
    2579 2579 2579 2579 2579 2579 2579 2560 2560 2560 2560 2560 2560
    2560 2560 2560 2560 2560 2560 2560 2560 2560 2560 2560 2560 2560
    5132 5132 5132 2560 2560 2579 2579 2579 2579 2579 2579 2579 2579
    2579 2579 2579 2560 2560 2579 2579 2560 2560 2560 2560 2560 2560
    2560 2560 2560 2560 2560 2560 2560 2560 2560 2560 2560 2560 2560
    5132 5132 5132 5132 5132 5132 5132 5132 5210 2579 2579 2579 2579
    2579 2560 2560 2560 2560 2579 2579 2560 2560 2560 2560 2560 2560
    2541 2541 2541 2560 2560 2560 2560 2560 2560 2560 2560 2560 2560
    5210 5210 5210 5132 5132 5132 5132 5132 5210 5210 5132 5056 5056
    2579 2560 2560 2560 2560 2579 2579 2560 2560 2560 2560 2560 2560
    2541 2541 2541 2560 2560 2560 2560 2560 2560 2560 2560 2560 2579
    5210 5210 5210 5132 5132 5132 5132 5132 5210 5210 5132 5132 5210
    5132 5132 5132 5132 2579 2579 2579 2579 2560 2560 2560 2560 2560
    2560 2560 2560 2560 2560 2560 2560 2560 2560 2560 2560 2560 2579
    5210 5210 5210 5132 5132 5132 5132 5132 5210 5210 5210 5210 5210
    5210 5132 5132 5132 5132 2618 2598 2579 2560 2560 2560 2560 2560
    2560 2560 2560 2560 2560 2560 2560 2560 2560 2560 2560 2560 2560
    5210 5210 5210 5210 5210 5210 5210 5210 5210 5210 5210 5210 5210
    5210 5210 5210 5132 5132 5210 5210 5132 5132 2579 2579 2579 2579
    2560 2560 2560 2560 2541 2541 2560 2560 2560 2560 2560 2560 2560
    5291 5210 5210 5210 5210 5210 5210 5291 5210 5210 5210 5210 5210
    5210 5210 5210 5210 5210 5210 5210 5132 5132 5132 5056 5056 4983
    4983 4983 2560 2560 2541 2541 2560 2560 2560 2541 2541 2560 5056
    5291 5291 5210 5210 5210 5210 5210 5291 5291 5210 5210 5210 5210
    5210 5210 5210 5210 5210 5210 5132 5132 5132 5132 5132 5056 5056
    5056 4983 4983 4983 4911 2579 2560 2560 2560 2541 2541 5056 5056</data></Depth2786>
</opencv_storage>
