<?xml version="1.0"?>
<opencv_storage>
<Depth2008 type_id="opencv-matrix">
  <rows>51</rows>
  <cols>39</cols>
  <dt>w</dt>
  <data>
    4463 4463 4463 4463 4463 4522 4522 4522 4522 4582 4582 4582 4582
    4645 4645 4645 4645 4645 4645 4645 4645 4645 4645 4645 4645 1981
    1981 1981 1981 1981 1981 1981 1993 4842 4842 4774 4774 4708 4708
    4522 4522 4463 4463 4463 4582 4522 4463 4463 4522 4582 4582 4582
    4645 4645 4645 1981 1981 4708 4645 1947 1936 1936 1936 1936 1970
    1970 1981 1981 1981 1981 1981 1981 1981 4842 4842 4774 4774 4708
    4522 4582 4582 2078 2065 2065 4522 4463 4463 4522 4582 4582 4645
    2005 1981 1981 1981 1970 1959 1959 1947 1936 1936 1936 1936 1947
    1970 1970 1970 1981 1981 1981 1981 1981 1981 4774 4708 4708 4708
    4463 4582 4582 2078 2065 2065 2065 2078 2065 4582 4582 2028 2016
    2005 1981 1981 1981 1970 1959 1959 1947 1936 1936 1936 1936 1947
    1959 1970 1970 1981 1981 1993 1993 1993 2005 4774 4708 4708 4708
    4463 2103 2078 2078 2078 2065 2065 2078 2065 2053 2028 2028 2016
    2005 1993 1993 1981 1970 1959 1959 1947 1936 1936 1936 1936 1936
    1959 1959 1970 1981 1981 1993 1993 1993 2005 2005 4708 4708 4708
    4463 2078 2078 2078 2078 2065 2065 2053 2040 2040 2028 2028 2016
    2016 2005 1981 1970 1970 1959 1959 1947 1936 1936 1936 1936 1936
    1959 1959 1970 1970 1981 1993 1993 2005 2005 4708 4708 4708 4708
    2103 2078 2078 2078 2078 2065 2065 2053 2040 2040 2028 2028 2016
    2016 2005 1981 1970 1970 1970 1959 1947 1936 1936 1936 1947 1947
    1959 1959 1970 1970 1981 1993 1993 1993 1993 4708 4708 4708 4708
    2103 2090 2078 2078 2078 2065 2065 2053 2040 2040 2028 2028 2028
    2016 2005 1993 1970 1970 1970 1959 1947 1936 1936 1936 1947 1947
    1959 1959 1970 1970 1981 1993 1993 1993 1993 4708 4708 4708 4708
    2103 2090 2090 2078 2078 2065 2065 2053 2040 2040 2028 2028 2028
    2016 2005 1993 1970 1970 1970 1959 1947 1936 1936 1936 1947 1947
    1959 1959 1970 1970 1981 1981 1993 1993 1993 4708 4708 4708 4708
    2116 2103 2103 2078 2078 2065 2065 2065 2053 2053 2040 2028 2016
    2016 2005 1993 1970 1970 1970 1959 1947 1947 1947 1947 1947 1947
    1959 1970 1970 1970 1981 1981 1993 1993 1993 4774 4708 4708 4708
    2116 2090 2090 2078 2078 2065 2065 2065 2053 2053 2040 2028 2016
    2016 2005 1993 1981 1970 1970 1970 1959 1947 1947 1947 1947 1947
    1959 1970 1970 1970 1981 1981 1993 1981 1981 1981 4708 4708 4708
    2116 2090 2090 2078 2078 2065 2065 2065 2053 2053 2028 2028 2016
    2016 2005 1981 1981 1970 1970 1970 1959 1947 1947 1947 1947 1947
    1959 1970 1970 1970 1981 1981 1993 1981 1981 1981 4708 4708 4708
    2103 2103 2090 2078 2078 2078 2065 2065 2053 2053 2028 2028 2016
    2016 2005 1981 1981 1981 1970 1970 1959 1959 1947 1947 1959 1959
    1959 1970 1970 1970 1981 1981 1993 1993 1993 1993 4708 4708 4708
    2103 2103 2090 2078 2078 2078 2065 2065 2053 2053 2040 2028 2028
    2016 2016 2005 1981 1981 1981 1970 1970 1959 1947 1947 1959 1959
    1970 1970 1970 1981 1981 1981 1993 1993 1993 1993 1993 4774 4774
    4463 2103 2090 2078 2078 2078 2078 2065 2053 2053 2040 2028 2028
    2016 2016 2005 1993 1981 1981 1970 1970 1959 1947 1947 1959 1959
    1970 1970 1970 1981 1981 1981 1993 1993 1993 2005 2005 4774 4774
    4522 2090 2090 2090 2090 2078 2078 2065 2065 2053 2053 2040 2028
    2016 2016 2005 2005 1981 1981 1970 1970 1959 1959 1959 1959 1959
    1959 1970 1970 1981 1981 1981 1993 1993 1993 1993 1993 4842 4708
    4463 2090 2090 2078 2078 2078 2078 2065 2053 2053 2040 2040 2028
    2028 2016 2016 2005 1981 1981 1970 1970 1959 1959 1959 1959 1959
    1959 1970 1970 1981 1981 1981 1993 1993 1993 1993 1993 1993 4708
    4463 2103 2090 2078 2078 2078 2078 2065 2053 2053 2040 2040 2028
    2028 2016 2016 2005 2005 1981 1981 1970 1970 1959 1959 1959 1959
    1959 1970 1970 1981 1981 1981 1993 1993 1993 1993 1993 1993 4774
    4463 2103 2090 2078 2078 2078 2078 2065 2065 2053 2053 2040 2028
    2028 2028 2016 2016 2005 1981 1981 1970 1970 1959 1959 1959 1959
    1959 1970 1970 1970 1981 1981 1981 1993 1993 1993 1993 4911 4774
    4463 2103 2090 2078 2078 2078 2078 2065 2065 2065 2053 2040 2028
    2028 2028 2016 2016 2005 1981 1981 1970 1970 1959 1959 1959 1959
    1959 1970 1970 1970 1981 1981 1981 1993 1993 1993 2005 4911 4708
    4522 2116 2103 2090 2090 2078 2078 2078 2065 2065 2053 2040 2028
    2028 2028 2016 2016 2005 1981 1981 1981 1970 1959 1959 1959 1959
    1959 1970 1970 1970 1981 1981 1981 1993 1993 1993 1993 4708 4708
    4522 2116 2116 2103 2103 2090 2078 2078 2065 2065 2053 2040 2028
    2028 2028 2016 2016 2005 1981 1981 1981 1970 1959 1959 1959 1959
    1959 1970 1970 1970 1970 1981 1981 1993 1993 1993 1993 4645 4645
    4522 2116 2116 2103 2103 2090 2090 2078 2065 2065 2053 2040 2040
    2028 2028 2016 2016 2005 1993 1981 1981 1981 1970 1970 1970 1959
    1959 1959 1970 1970 1970 1981 1981 1993 1993 1993 1993 4645 4645
    4522 4522 2116 2103 2090 2090 2090 2078 2078 2065 2053 2040 2040
    2028 2028 2028 2016 2016 1993 1981 1981 1981 1970 1970 1970 1959
    1959 1959 1970 1970 1970 1981 1981 1993 1993 1993 1993 4645 4645
    4522 2116 2116 2090 2090 2090 2078 2078 2078 2078 2065 2053 2040
    2028 2028 2028 2016 2016 2005 1993 1981 1981 1970 1970 1970 1970
    1959 1959 1970 1970 1970 1981 1993 1993 1993 1993 2005 4645 4645
    4522 2065 2065 2090 2090 2090 2078 2078 2078 2078 2065 2053 2040
    2028 2028 2028 2016 2005 2005 1993 1981 1970 1970 1970 1970 1970
    1970 1970 1970 1970 1970 1981 1993 1993 1993 1993 2005 4645 4645
    4522 2065 2065 2090 2090 2090 2090 2078 2078 2078 2065 2053 2040
    2028 2028 2028 2016 2005 2005 1993 1981 1970 1970 1970 1970 1970
    1970 1970 1970 1970 1970 1981 1993 1993 2005 2005 2005 2005 4708
    4522 2078 2078 2090 2090 2090 2090 2078 2078 2065 2065 2053 2040
    2040 2028 2028 2016 2016 2005 1993 1981 1970 1970 1970 1970 1970
    1970 1970 1970 1970 1981 1981 1993 1993 2005 2005 2016 2016 4708
    4582 2090 2090 2103 2103 2090 2090 2078 2078 2065 2065 2053 2053
    2040 2028 2028 2028 2016 2005 1993 1981 1981 1970 1970 1970 1970
    1970 1970 1970 1981 1981 1981 1993 1993 2005 2005 2005 2005 4708
    4522 2116 2116 2116 2103 2090 2090 2078 2078 2078 2065 2065 2053
    2040 2028 2028 2028 2016 2005 1993 1993 1981 1981 1970 1970 1959
    1959 1959 1970 1970 1981 1981 1981 1993 1993 1993 2005 2005 2005
    4522 2116 2116 2116 2103 2090 2090 2078 2078 2078 2078 2065 2065
    2040 2028 2028 2028 2016 2016 2005 2005 1981 1981 1970 1970 1959
    1959 1959 1970 1970 1981 1981 1981 1993 1993 1993 2005 2005 2005
    4522 4522 2116 2116 2103 2103 2090 2078 2078 2078 2078 2065 2065
    2040 2028 2028 2028 2028 2016 2016 2005 1981 1981 1970 1970 1970
    1970 1970 1970 1970 1981 1981 1981 1993 1993 2005 2005 2005 4842
    4522 4522 2116 2116 2103 2103 2090 2078 2078 2078 2078 2065 2065
    2053 2040 2040 2028 2028 2016 2016 2005 1993 1981 1981 1970 1970
    1970 1970 1970 1970 1981 1981 1993 1993 2005 2005 2005 2005 4842
    4522 4522 4522 2116 2116 2103 2103 2090 2078 2078 2078 2065 2065
    2065 2040 2040 2028 2028 2016 2016 2005 1993 1981 1981 1970 1970
    1970 1970 1970 1970 1981 1993 1993 1993 2005 2005 2005 2016 2016
    4582 4582 4582 2116 2116 2103 2103 2090 2078 2078 2078 2078 2065
    2065 2040 2040 2028 2028 2016 2005 2005 1993 1981 1981 1981 1970
    1970 1970 1970 1981 1981 1993 1993 1993 2005 2016 2016 2016 2016
    4582 4582 4582 2129 2116 2116 2103 2090 2078 2078 2078 2078 2078
    2065 2053 2040 2028 2028 2016 2005 1993 1993 1993 1981 1981 1970
    1970 1970 1970 1981 1981 1993 1993 1993 2005 2016 2016 2016 2016
    4582 4582 4582 2129 2129 2116 2103 2090 2078 2078 2078 2078 2078
    2065 2053 2040 2028 2028 2016 2005 1993 1993 1993 1981 1981 1970
    1970 1970 1970 1970 1981 1981 1993 1993 2005 2016 2016 2016 2016
    4522 4522 4582 2129 2129 2116 2103 2103 2090 2078 2078 2078 2078
    2065 2053 2040 2028 2028 2028 2005 2005 1993 1993 1993 1981 1981
    1970 1970 1970 1970 1981 1981 1993 1993 2005 2016 2016 2016 2016
