<?xml version="1.0"?>
<opencv_storage>
<Depth15735 type_id="opencv-matrix">
  <rows>129</rows>
  <cols>80</cols>
  <dt>w</dt>
  <data>
    898 898 896 894 894 894 894 896 896 896 896 896 896 896 896 896 896
    896 898 898 898 898 898 898 898 898 898 898 901 901 901 898 898 898
    898 901 901 901 906 906 908 910 0 0 0 1804 1804 1804 1804 1813 1813
    1813 1823 1823 1823 1823 1833 1833 1843 1843 1843 1843 1863 1873
    1873 1883 1883 1894 1894 1894 1894 1904 1904 1915 1915 1915 1926
    1926 1936 1926 896 896 894 894 894 894 894 896 896 896 896 896 896
    896 896 896 896 898 898 898 898 898 898 898 898 898 898 898 898 898
    898 898 898 898 898 901 901 901 906 908 910 913 0 0 1804 1804 1804
    1813 1813 1813 1813 1813 1823 1823 1823 1823 1833 1833 1843 1843
    1843 1843 1863 1873 1873 1883 1883 1894 1894 1894 1894 1904 1904
    1915 1915 1915 1926 1926 1936 1926 894 894 894 894 894 894 894 896
    896 896 896 896 896 896 896 896 898 896 896 896 896 898 896 896 898
    898 898 898 898 898 898 898 898 898 898 901 903 906 908 910 913 913
    913 0 1833 1833 1833 1833 1833 1833 1843 1843 1843 1833 1833 1843
    1853 1853 1853 1853 1863 1863 1873 1873 1883 1894 1894 1894 1894
    1894 1904 1915 1926 1926 1926 1926 1936 1947 1947 1947 894 891 891
    894 894 894 894 896 896 896 896 896 896 896 896 896 896 896 896 896
    896 896 896 896 896 898 898 898 898 898 901 901 901 898 898 901 903
    908 910 913 915 915 915 1843 1843 1833 1833 1833 1833 1843 1853 1853
    1853 1863 1873 1873 1873 1883 1873 1873 1873 1873 1883 1894 1904
    1904 1904 1904 1904 1915 1915 1926 1936 1936 1936 1947 1947 1959
    1959 1959 894 891 891 894 894 894 894 896 896 896 896 896 896 896
    894 894 896 896 896 896 896 896 896 896 896 898 898 898 898 898 901
    903 903 901 901 906 908 913 915 915 915 915 915 1843 1843 1843 1843
    1853 1853 1863 1863 1883 1873 1873 1883 1883 1883 1883 1894 1904
    1915 1926 1926 1915 1915 1915 1915 1915 1915 1926 1947 1947 1947
    1947 1947 1959 1959 1959 1970 1970 891 891 891 894 894 894 894 894
    894 894 894 896 896 896 894 894 896 896 896 896 896 896 896 896 898
    898 901 901 901 903 903 906 906 908 913 915 915 918 918 920 920 923
    938 938 938 1863 1863 1863 1873 1873 1873 1883 1894 1894 1894 1894
    1894 1904 1915 1926 1926 1936 1936 1936 1947 1947 1947 1947 1947
    1947 1947 1947 1947 1959 1959 1970 1970 1970 1970 1970 891 891 891
    891 894 894 894 894 894 894 894 894 894 894 894 894 896 896 896 896
    896 896 896 896 898 901 903 903 903 903 906 908 915 920 923 920 920
    923 923 928 933 933 938 938 0 1883 1883 1883 1883 1883 1883 1894
    1904 1915 1915 1904 1904 1904 1926 1926 1926 1936 1936 1936 1947
    1947 1947 1947 1959 1959 1959 1959 1959 1959 1970 1970 1981 1993
    1993 1993 891 891 891 891 894 894 891 891 891 894 894 894 894 894
    894 894 896 896 896 898 898 901 901 901 903 903 906 908 910 910 915
    920 923 925 925 925 925 925 933 938 940 940 943 943 943 1883 1883
    1883 1883 1883 1883 1904 1915 1915 1926 1915 1915 1926 1926 1926
    1936 1936 1936 1936 1947 1959 1959 1970 1970 1970 1981 1981 1981
    1981 1993 1993 2005 2005 2005 2005 891 891 891 891 891 891 891 891
    891 894 894 894 894 894 894 894 896 896 896 901 903 903 903 906 910
    913 913 915 920 923 923 925 928 930 930 930 933 935 940 943 943 943
    943 943 943 943 1883 1883 1883 1883 1904 1904 1915 1915 1926 1926
    1926 1947 1936 1936 1959 1970 1947 1947 1959 1959 1959 1981 1993
    1993 1993 1993 2005 2005 2005 2016 2016 2028 2028 2028 1236 891 891
    894 891 891 891 891 891 894 894 894 894 894 894 896 896 898 901 906
    906 910 910 910 915 918 920 923 925 925 928 930 930 930 933 933 938
    940 943 946 948 946 943 943 943 0 1904 0 1904 1904 1915 1915 1926
    1926 1936 1947 1947 1970 1970 1970 1970 1970 1970 1970 1970 1970
    1970 1981 1993 1993 2005 2005 2016 2016 2028 2028 2040 2040 2053
    2053 1259 896 894 894 891 891 891 891 891 894 894 896 896 896 896
    898 901 903 906 908 913 915 915 915 920 925 925 928 930 930 933 933
    933 933 933 935 940 835 835 835 948 951 951 951 951 0 0 1915 1915
    1915 1915 1926 1926 1936 1947 1959 1970 1970 1970 1970 1970 1970
    1981 1981 1993 1993 2005 2005 2005 2005 2016 2016 2016 2028 2028
    2040 2053 2053 2065 2065 1264 1264 894 894 891 891 891 891 894 894
    896 896 896 898 898 901 901 903 910 915 918 918 920 925 925 928 928
    930 933 933 935 935 935 935 935 938 835 835 835 833 833 835 959 962
    962 0 0 0 1926 1926 1926 1926 1926 1947 1959 1970 1970 1981 1981
    1981 1981 1981 1993 1993 2005 2005 2005 2016 2016 2016 2028 2028
    2040 2040 2040 2053 2053 2065 2065 2065 1748 0 0 896 894 894 894 896
    896 896 898 898 898 903 906 908 908 910 918 920 923 923 925 930 930
    933 933 933 935 827 827 829 831 833 833 833 833 833 833 833 833 835
    967 962 962 0 0 0 1936 1926 1926 1936 1947 1959 1959 1970 1970 1981
    1981 1981 1970 1970 1993 1993 2005 2016 2016 2016 2028 2040 2040
    2040 2040 2053 2053 2065 2065 2078 2078 2078 0 0 898 898 898 898 898
    901 903 906 908 913 915 913 913 915 915 918 923 925 925 928 930 933
    933 935 935 829 827 827 827 829 831 833 833 831 831 831 833 833 833
    835 837 970 970 0 0 0 0 1936 1936 1970 1959 1959 1959 1970 1981 1993
    1993 1993 1970 1970 1993 2016 2016 2028 2040 2040 2053 2053 2053
    2053 2053 2053 2053 2053 2065 2103 2103 2103 0 0 0 910 910 910 910
    908 908 908 913 915 920 920 920 920 920 923 925 928 928 829 829 831
    831 833 831 829 827 827 829 831 833 833 831 831 831 831 833 833 833
    833 835 837 978 0 0 0 0 1959 1959 1970 1981 1981 1981 2005 2005 2005
    2016 2028 2040 2040 2040 2040 2040 2040 2053 2053 2065 2065 2078
    2078 2065 2053 2053 2053 2065 2103 2103 2116 0 0 0 0 915 915 915 913
    913 913 918 923 923 923 923 923 923 923 829 829 829 829 829 831 831
    829 829 829 827 827 831 833 833 833 831 831 831 831 831 833 833 833
    835 835 0 0 0 0 0 0 1981 1981 1993 1993 2005 2016 2028 2040 2040
    2053 2053 2053 2065 2053 2053 2053 2053 2053 2065 2065 2090 2103
    2103 2116 2116 2116 2116 2116 2116 2116 0 1794 0 0 0 920 920 920 920
    925 925 928 925 925 925 925 923 829 829 829 829 829 829 829 831 829
    829 829 829 829 829 831 831 831 831 833 831 831 831 833 833 833 835
    835 837 0 0 0 0 0 0 2016 2016 2016 2028 2040 2053 2053 2053 2065
    2065 2065 2065 2065 2065 2065 2065 2065 2078 2078 2090 2116 2116
    2116 2116 2116 2116 2129 2129 2129 1794 1794 0 0 0 928 925 925 925
    930 930 933 827 827 829 829 829 827 827 827 829 829 829 829 829 829
    829 829 829 829 829 831 831 831 831 831 831 831 831 831 831 831 833
    835 833 833 0 0 0 0 0 2016 2016 2028 2040 2040 2053 2065 2078 2078
    2065 2065 2065 2065 2065 2065 2065 2065 2078 2078 2078 2156 2156
    2143 2129 2116 2116 2129 2129 2129 1794 1794 0 0 0 930 930 930 930
    933 825 825 827 827 827 829 829 827 827 827 827 827 827 829 829 829
    827 827 827 829 829 829 829 829 829 829 829 829 829 829 829 829 829
    833 833 833 0 0 0 0 2016 2016 2040 2053 2053 2053 2065 2078 2078
    2078 2078 2078 2078 2078 2078 2090 2103 2116 2103 2103 2103 2156
    2156 2143 2129 2129 2143 2143 2143 2156 1794 1794 0 0 0 0 938 935
    935 825 825 825 827 827 827 829 829 829 827 827 827 827 827 827 827
    829 827 827 827 829 829 829 829 827 827 829 829 829 827 827 827 827
    827 827 827 829 0 0 0 0 2016 2016 2053 2053 2053 2065 2065 2090 2103
    2103 2103 2103 2103 2103 2103 2103 2116 2116 2103 2103 2103 2156
    2156 2143 2143 2170 2170 2156 2156 2156 1794 1794 0 0 0 0 951 943
    825 825 825 825 825 825 825 827 827 827 827 827 827 827 827 827 827
    827 827 827 827 827 827 827 827 827 827 827 827 827 827 827 827 827
    827 827 827 827 0 0 0 0 0 2053 2053 2053 2065 2078 2078 2090 2103
    2103 2103 2103 2103 2103 2116 2129 2129 2129 2116 2116 2116 2156
    2156 2156 2156 2170 2170 2170 2170 2170 1813 0 0 0 0 0 954 954 825
    825 827 825 825 825 825 825 827 827 827 827 827 827 827 827 827 827
    827 827 827 827 827 827 827 827 827 827 827 827 827 827 827 827 827
