<?xml version="1.0"?>
<opencv_storage>
<Depth17699 type_id="opencv-matrix">
  <rows>105</rows>
  <cols>54</cols>
  <dt>w</dt>
  <data>
    3238 3269 3300 3300 3300 3300 3333 3333 3333 1273 1273 1268 1268
    1268 1268 1268 1264 3399 3399 3399 3399 3399 3399 3433 3433 3433
    3399 3399 3433 3433 3468 0 3433 3433 3468 3468 3468 3468 3503 3503
    3503 3503 3503 3503 3503 3539 3539 3539 3539 3539 3539 3539 3576
    3539 3269 3269 3300 3300 3300 3300 3333 3333 3333 1273 1268 1268
    1268 1268 1268 1268 1264 1264 1259 1255 1255 3399 3399 3399 3433
    1232 1232 3365 3399 3399 0 0 0 3468 3468 3468 3468 3468 3503 3503
    3503 3503 3503 3503 3503 3539 3539 3539 3539 3539 3576 3576 3576
    3539 3238 3269 3269 3300 3300 3300 3333 3333 3333 1241 1241 1259
    1264 1268 1268 1268 1264 1264 1084 1084 1241 1219 1214 1214 1223
    1227 1227 1227 3399 3399 0 0 0 0 0 3468 3468 3468 3503 3503 3503
    3503 3503 3503 3503 3539 3539 3539 3539 3539 3576 3576 3576 3539
    3238 3269 3269 3300 3300 3300 3333 3333 1223 1223 1232 1232 1264
    1268 1273 1268 1264 1259 1080 1080 1241 1202 1202 1214 1214 1223
    1227 1227 1232 0 0 0 0 0 0 0 3468 3468 3503 3503 3503 3503 3503 3503
    3503 3539 3539 3539 3539 3539 3576 3576 3576 3539 3269 3269 3269
    3269 3300 3300 3333 1219 1214 1214 1223 1223 1268 1268 1273 1268
    1264 1259 1080 1077 1077 1077 1077 1214 1214 1223 1227 1227 1232 0 0
    0 0 0 0 0 3468 3468 3503 3503 3503 3503 3503 3503 3503 3539 3539
    3539 3539 3539 3539 3576 3576 3539 3269 3269 3269 3269 3300 3300
    3300 1210 1189 1189 1206 1189 1189 1227 1273 1273 1273 1067 1067
    1070 1073 1077 1073 1073 1073 1227 1227 0 0 0 0 0 0 0 0 3539 3503
    3503 3503 3503 3503 3503 3503 3503 3503 3539 3539 3539 3539 3539
    3539 3576 3576 3576 3269 3269 3269 3269 3300 1153 1153 1161 1177
    1177 1185 1189 1189 1227 1227 1227 1067 1067 1067 1067 1073 1077
    1073 1073 1080 0 0 0 0 0 0 0 0 0 0 3539 3503 3503 3503 3503 3503
    3503 3503 3503 3503 3539 3539 3539 3539 3539 3539 3576 3576 3576
    3300 3269 3269 3269 3269 1145 1145 1157 1169 1169 1173 1181 1181
    1181 1165 0 1067 1067 1067 1067 1073 1077 1077 1077 1080 1080 0 0 0
    0 0 0 0 0 0 3539 3539 3503 3503 3503 3503 3503 3503 3539 3539 3539
    3539 3539 3539 3539 3539 3576 3576 3576 3300 3269 3269 3269 1123
    1123 1123 1157 1169 1169 1173 1169 1165 1165 1165 1115 1112 1105
    1077 1077 1077 1077 1077 1077 1080 1080 0 0 0 0 0 0 0 0 0 3539 3539
    3503 3503 3503 3503 3503 3503 3539 3539 3539 3539 3539 3539 3539
    3539 3539 3576 3576 3300 3269 3269 1115 1115 1115 1115 1105 1105
    1105 1169 1169 1130 1115 1115 1115 1112 1105 1105 1077 1077 1073
    1073 1077 1084 1084 1084 0 0 0 0 0 0 0 0 3576 3539 3539 3539 3503
    3503 3503 3539 3539 3539 3539 3539 3539 3539 3539 3539 3539 3576
    3576 3300 3269 3269 1115 1115 1105 1101 1101 1101 1101 1101 1101
    1119 1108 1108 1105 1097 1094 1087 1080 1077 1073 1073 1073 1080
    1084 1084 1084 0 0 0 0 0 0 0 0 3539 3503 3503 3503 3503 3539 3539
    3539 3539 3539 3539 3539 3539 3539 3539 3539 3576 3576 3300 1063
    1063 1073 1073 1077 1084 1097 1097 1097 1097 1097 1101 1105 1105
    1097 1094 1087 1084 1077 1073 1073 1073 1073 1080 1084 1080 1080
    1084 0 0 0 0 0 0 0 3539 3503 3503 3503 3503 3503 3539 3539 3539 3539
    3539 3539 3539 3539 3539 3576 3576 3576 3300 1063 1063 1067 1070
    1073 1077 1094 1094 1094 1094 1094 1097 1101 1101 1094 1087 1080
    1077 1073 1073 1073 1073 1073 1077 1080 1077 1077 1080 1080 0 0 0 0
    0 3653 3576 3539 3539 3503 3503 3503 3503 3539 3539 3539 3539 3539
    3539 3539 3539 3576 3576 3576 1060 1060 1063 1067 1067 1070 1070
    1084 1094 1094 1094 1094 1094 1097 1094 1084 1080 1077 1073 1073
    1073 1073 1073 1073 1077 1080 1077 1077 1080 1080 1084 1087 0 0 0
    3653 3576 3539 3539 3503 3503 3503 3503 3539 3539 3539 3539 3539
    3539 3539 3576 3576 3576 3576 1060 1060 1063 1063 1067 1063 1063
    1067 1077 1084 1090 1087 1087 1087 1084 1077 1073 1073 1070 1070
    1070 1073 1073 1073 1077 1080 1077 1077 1077 1080 1080 1087 0 0 0 0
    0 3576 3539 3539 3539 3503 3503 3503 3539 3539 3576 3576 3576 3576
    3576 3576 3576 3576 1060 1060 1063 1063 1063 1063 1063 1067 1067
    1073 1077 1077 1073 1073 1073 1073 1070 1070 1070 1070 1070 1070
    1073 1073 1077 1077 1077 1077 1077 1080 1080 1084 0 0 0 0 0 3614
    3576 3539 3503 3503 3503 3503 3539 3539 3576 3576 3576 3576 3576
    3576 3576 3576 1060 1060 1063 1063 1063 1063 1063 1067 1067 1070
    1073 1073 1073 1070 1070 1070 1070 1070 1070 1070 1070 1070 1073
    1073 1077 1077 1077 1077 1080 1080 1084 1084 0 0 0 0 0 0 3576 3539
    3503 3503 3503 3503 3539 3539 3576 3576 3576 3576 3576 3576 3576
    3576 1063 1063 1063 1063 1063 1067 1067 1067 1067 1067 1070 1070
    1070 1070 1070 1070 1070 1070 1070 1070 1070 1070 1070 1070 1077
    1077 1080 1080 1080 1080 1084 1084 1087 0 0 0 0 0 3576 3539 3539
    3503 3503 3503 3539 3539 3539 3576 3576 3576 3576 3576 3576 3576
    1063 1067 1067 1067 1067 1067 1067 1067 1067 1067 1070 1070 1070
    1070 1070 1070 1070 1070 1070 1070 1070 1070 1070 1070 1077 1077
    1080 1084 1084 1084 1084 1087 1087 0 0 0 0 0 0 3539 3539 3503 3503
    3503 3539 3539 3539 3539 3576 3576 3576 3576 3576 3576 1063 1063
    1067 1067 1067 1067 1067 1067 1063 1063 1067 1067 1070 1070 1070
    1070 1070 1070 1070 1070 1070 1070 1070 1070 1077 1077 1080 1080
    1084 1084 1084 1084 1087 0 0 0 0 0 0 3539 3539 3539 3539 3539 3539
    3539 3539 3539 3576 3576 3576 3576 3576 3614 1063 1063 1067 1067
    1067 1067 1070 1067 1063 1063 1067 1067 1070 1070 1070 1070 1070
    1070 1070 1070 1070 1070 1073 1077 1077 1077 1077 1077 1080 1084
    1084 1084 0 0 0 0 0 0 0 3539 3539 3539 3539 3539 3539 3539 3539 3576
    3576 3576 3576 3576 3576 3614 1070 1070 1070 1070 1070 1070 1070
    1067 1067 1067 1070 1070 1070 1070 1070 1070 1070 1070 1070 1070
    1070 1070 1073 1077 1077 1077 1077 1077 1080 1084 1084 1087 1090 0 0
    0 0 0 0 3576 3576 3539 3539 3576 3539 3539 3539 3576 3576 3576 3576
    3576 3576 3576 0 1070 1070 1070 1070 1070 1070 1070 1070 1070 1070
    1070 1070 1070 1070 1070 1070 1070 1070 1070 1073 1073 1073 1077
    1077 1077 1077 1077 1080 1084 1084 1087 1090 1090 0 0 0 0 0 3576
    3576 3539 3539 3576 3576 3576 3576 3576 3576 3576 3576 3576 3576
    3576 0 1070 1070 1070 1070 1070 1070 1070 1070 1070 1070 1070 1070
    1070 1070 1070 1070 1073 1073 1073 1073 1073 1073 1077 1077 1077
    1080 1080 1080 1084 1087 1087 1087 1087 0 0 0 0 0 3614 3576 3539
    3539 3576 3576 3576 3576 3576 3576 3576 3576 3576 3614 3614 0 1070
    1070 1070 1070 1070 1070 1073 1073 1073 1073 1073 1073 1073 1073
    1073 1073 1073 1073 1073 1073 1073 1073 1077 1077 1077 1080 1080
    1080 1084 1087 1087 1087 1087 0 0 0 0 0 3576 3576 3539 3539 3576
    3576 3576 3576 3576 3576 3576 3576 3614 3614 3614 3300 0 1070 1070
    1070 1073 1073 1073 1073 1073 1073 1073 1073 1073 1073 1073 1073
    1073 1077 1077 1077 1077 1077 1077 1077 1077 1080 1084 1084 1084
    1084 1087 1087 1087 0 0 0 0 0 3576 3576 3576 3576 3576 3576 3576
    3576 3576 3576 3614 3614 3614 3614 3614 3300 1073 1073 1070 1070
    1073 1073 1073 1073 1073 1073 1073 1073 1073 1073 1073 1073 1073
    1077 1077 1077 1077 1077 1080 1080 1080 1084 1084 1084 1084 1084
    1087 1087 1087 0 0 0 0 0 3576 3576 3576 3576 3576 3576 3576 3614
    3614 3614 3614 3614 3614 3614 3614 3300 1073 1073 1073 1073 1073
    1073 1073 1073 1073 1073 1073 1073 1073 1073 1073 1073 1077 1077
    1080 1080 1077 1077 1080 1080 1080 1084 1084 1087 1087 1087 1087
    1087 1087 0 0 0 0 0 3576 3576 3576 3576 3576 3614 3614 3614 3614
    3614 3614 3614 3614 3614 3614 3300 1073 1073 1073 1073 1073 1073
    1073 1073 1073 1073 1073 1073 1073 1073 1073 1077 1077 1077 1080
    1077 1077 1077 1084 1084 1084 1084 1084 1087 1087 1087 1087 1087
    1087 1090 0 0 0 0 0 3576 3576 3576 3576 3614 3614 3614 3614 3614
    3614 3614 3614 3614 3614 3300 1070 1070 1070 1070 1073 1073 1073
    1073 1073 1073 1073 1073 1073 1073 1073 1077 1077 1077 1077 1077
