<?xml version="1.0"?>
<opencv_storage>
<Depth4036 type_id="opencv-matrix">
  <rows>142</rows>
  <cols>136</cols>
  <dt>w</dt>
  <data>
    7332 7332 7178 7178 7178 7178 7332 7178 7178 7030 7030 7030 7030
    7178 7178 7178 7178 7178 7178 7178 7178 7178 7030 7030 7030 7030
    7178 7030 7030 6889 6889 6889 6889 6889 6889 6889 6889 6889 6889
    6889 6889 6889 6889 6889 6889 6889 7030 7030 6889 6889 6889 6889
    6889 6889 6889 6889 6889 6753 6753 6753 6753 6753 6753 6753 6753
    6753 6622 674 672 671 668 667 667 6497 659 659 661 661 663 6622 6622
    6497 6497 6497 6497 6497 6622 6622 6497 6497 6497 6497 6497 6497
    6375 6375 6375 6375 6375 6375 6375 6497 6375 6375 6375 6375 6375
    6375 6375 6375 6375 6259 6259 6259 6259 6259 6375 6375 6375 6375
    6259 6259 6259 6038 6038 6146 6146 6259 6146 6038 6038 6038 6038
    6038 5933 5933 7178 7178 7178 7178 7178 7178 7178 7178 7178 7332
    7178 7178 7178 7178 7178 7030 7030 7030 7030 7030 7030 7030 7030
    7030 7030 7030 7030 7030 7030 7030 6889 6889 7030 7030 7030 6889
    6889 6889 6889 6889 6889 6889 6889 6889 6889 6889 6889 6889 6889
    6889 6889 6889 6889 6753 6753 6889 6889 6889 6753 6753 6753 6753
    6889 676 676 676 675 674 672 671 668 666 664 664 659 659 661 661 663
    666 666 6753 6753 6497 6497 6622 0 0 6497 6497 6497 6497 6497 6497
    6497 6497 6497 6497 6375 6375 6375 6497 6375 6375 6375 6375 6375
    6375 6375 6375 6375 6375 6259 6259 6259 6259 6259 6375 6375 6375
    6375 6259 6259 6038 6038 6146 6146 6259 6146 6146 6038 6038 6038
    6038 5933 5933 7178 7178 7178 7332 7178 7178 7178 7178 7178 7178
    7178 7178 7178 7178 7178 7030 7030 7030 7030 7030 7030 7030 7030
    7030 7030 7030 7030 7030 7030 7030 7030 7030 7030 7030 7030 6889
    6889 6889 6889 6889 6889 6889 6889 6889 6889 6889 6889 6889 6889
    6889 6889 6889 6753 6753 6753 6753 6889 6889 6889 6889 674 674 674
    674 674 674 672 672 672 671 668 664 664 664 6497 659 659 661 663 666
    666 0 0 0 0 0 0 0 0 6497 6497 6497 6497 6497 6497 6497 6497 6497
    6497 6375 6375 6497 6497 6497 6497 6375 6375 6375 6375 6375 6375
    6375 6259 6259 6259 6259 6259 6375 6375 6375 6375 6259 6259 6146
    6146 6146 6146 6146 6146 6038 6038 6038 6038 6038 6038 6038 7178
    7178 7332 7332 7332 7332 7178 7178 7178 7178 7178 7178 7178 7178
    7178 7030 7030 7030 7178 7178 7030 7030 7178 7030 7030 7030 7030
    7030 7030 7030 7030 7030 7030 7030 7030 6889 6889 6889 6889 6753
    6753 6889 6889 6889 6889 6889 6889 6889 6889 6889 6889 6753 6753
    6753 6753 6753 6889 6889 683 676 676 674 674 674 674 672 671 671 671
    671 668 664 664 664 664 659 658 658 658 667 667 667 0 0 0 0 0 0 0
    6497 6497 6497 6497 6497 6497 6497 6497 6497 6497 6375 6375 6497
    6497 6497 6497 6375 6375 6375 6375 6375 6375 6375 6259 6259 6375
    6375 6375 6375 6375 6375 6375 6259 6259 6259 6259 6259 6146 6038
    6038 6038 6038 6038 6038 6038 6038 6038 7178 7178 7332 7332 7332
    7332 7332 7178 7178 7178 7178 7178 7178 7178 7178 7030 7030 7030
    7178 7178 7030 7030 7178 7030 7030 6889 6889 7030 7030 7030 6889
    6889 6889 6889 6889 6889 6889 6889 6889 6753 6753 6889 6889 6889
    6753 6753 6889 6753 6753 6753 6889 6753 6753 6753 6753 688 680 683
    683 682 676 675 674 674 648 647 647 670 670 672 6497 6497 623 623
    623 658 658 658 658 664 666 667 0 0 0 0 0 0 0 6497 6497 6497 6497
    6497 6497 6497 6497 6497 6497 6375 6375 6497 6497 6497 6497 6375
    6375 6375 6375 6375 6375 6375 6375 6375 6375 6375 6375 6375 6375
    6375 6375 6375 6259 6259 6259 6259 6146 6038 6038 6038 6038 6038
    6038 6038 6038 6038 7178 7178 7332 7332 7332 7332 7332 7178 7178
    7178 7178 7178 7178 7178 7178 7178 7178 7178 7178 7178 7178 7178
    7178 7178 7178 6889 6889 6889 7030 7030 6889 6889 6889 6889 6889
    6889 6889 6889 6889 6889 6889 6889 6889 6889 6753 6753 6889 6753
    6753 6753 6889 7332 7332 691 691 688 680 680 678 678 676 676 675 675
    648 647 646 644 644 644 620 620 620 620 620 643 643 643 658 664 666
    667 0 0 0 0 0 0 0 0 6622 6375 6375 6497 6497 6497 6497 6497 6497
    6497 6497 6497 6497 6497 6375 6375 6375 6375 6375 6375 6375 6375
    6375 6375 6375 6375 6375 6375 6375 6375 6375 6375 6259 6259 6259
    6259 6146 6038 6038 6038 6038 6038 6038 6038 6038 6038 7332 7332
    7332 7332 7332 7332 7332 7178 7178 7178 7178 7178 7178 7178 7178
    7178 7178 7178 7332 7178 7178 7178 7178 7178 7178 6889 6889 6889
    7030 7030 6889 6889 6889 6889 6889 6889 6889 6889 6889 6889 6889
    6889 6889 6889 6753 696 694 693 693 693 691 691 690 691 691 688 687
    680 676 676 672 672 675 650 648 647 646 644 644 644 619 619 619 619
    619 643 643 643 647 661 661 666 0 0 0 0 0 0 0 0 0 6375 6375 6497
    6497 6497 6497 6497 6497 6497 6497 6497 6375 6375 6375 6375 6375
    6375 6375 6375 6375 6375 6375 6375 6375 6375 6375 6375 6259 6259
    6259 6259 6259 6259 6259 6146 6146 6038 6038 6038 6038 6038 6038
    6038 6146 6146 7332 7332 7332 7332 7332 7332 7332 7178 7178 7178
    7178 7178 7178 7178 7178 7178 7178 7178 7178 7178 7178 7178 7178
    7178 7178 7030 7030 6889 6889 7030 6889 6889 6753 6753 6753 6753
    6889 6889 6889 6889 6889 6889 6889 6889 694 694 694 693 691 691 691
    0 690 690 690 687 687 683 668 668 668 661 658 650 648 647 646 644
    644 644 619 619 619 619 619 623 642 642 647 650 661 666 0 0 0 0 0 0
    0 0 0 0 6497 6497 6497 6497 6497 6497 6497 6497 6497 6497 6375 6375
    6375 6375 6375 6375 6375 6375 6375 6375 6375 6375 6375 6375 6375
    6375 6259 6259 6259 6146 6146 6146 6146 6146 6038 6038 6038 6038
    6038 6038 6038 6146 6146 4983 7332 7332 7332 7332 7332 7332 7332
    7332 7332 7178 7178 7178 7178 7178 7178 7030 7030 7178 7178 7178
    7178 7178 7178 7178 7030 7030 6889 6889 6889 7030 6889 6889 6753
    6753 6753 6753 6889 6889 6889 6889 6889 6889 6753 6753 694 694 694
    691 691 691 691 691 690 690 688 687 687 683 668 666 663 661 579 578
    578 580 585 586 586 586 619 619 619 619 619 623 642 642 647 648 652
    0 0 0 0 0 0 0 0 0 0 0 6497 6497 6497 6497 6497 6497 6497 6497 6497
    6497 6375 6375 6375 6375 6375 6375 6375 6375 6375 6375 6375 6375
    6375 6375 6259 6259 6259 6259 6259 6146 6146 6146 6146 6038 6038
    6038 6038 6038 6038 6038 5210 5056 5056 4983 7332 7332 7332 7332
    7332 7332 7332 7332 7332 7332 7178 7178 7332 7178 7178 7030 7030
    7030 7030 7030 7178 7178 7178 7030 7030 7030 6889 6889 6889 6889
    6889 6889 6889 6889 6889 6889 6889 6889 6889 6889 6889 6889 6753
    6753 694 694 694 691 690 690 691 691 690 690 688 684 684 682 668 666
    663 661 578 578 578 579 584 585 585 599 599 618 618 618 619 622 623
    643 646 647 648 654 0 0 0 0 0 0 0 0 0 0 0 6497 6497 6497 6497 6497
    6497 6497 6497 6497 6375 6375 6497 6497 6497 6497 6375 6375 6375
    6375 6375 6259 6259 6259 6259 6259 6259 6259 6259 6146 6146 6146
    6146 6038 6038 6038 5933 5933 5832 5832 5132 5056 5056 4983 7332
    7332 7332 7332 7332 7332 7332 7332 7332 7332 7332 7332 7332 7332
    7332 7178 7030 7030 7030 7030 7178 7178 7178 7030 7030 7030 7030
    6889 6889 6889 6889 6889 6889 6889 6889 6889 6889 6889 6889 6753
    6753 6753 6753 0 693 693 693 691 690 690 691 691 690 690 687 684 684
    682 682 682 682 578 578 578 578 578 583 584 584 599 599 599 618 618
    619 620 623 623 646 647 648 652 0 0 0 0 0 0 0 0 0 0 0 6497 6497 6497
    6497 6497 6497 6497 6497 6497 6497 6497 6497 6497 6497 6497 6375
    6375 6375 6375 6259 6259 6259 6259 6259 6259 6259 6259 6259 6146
    6146 6038 6038 5933 5832 5374 5374 5460 5210 5132 5132 5056 5056
    5056 7332 7332 7332 7332 7332 7332 7332 7332 7332 7332 7332 7332
    7178 7178 7178 7178 7178 7030 7030 7178 7178 7178 7178 7178 7178
    7030 7030 7030 7030 7030 6889 6889 0 0 6889 6889 6889 6889 6889 6753
    6753 6753 0 0 693 693 693 691 690 690 691 691 691 690 687 684 684
    687 687 557 557 578 578 578 578 578 580 581 581 597 597 599 599 619
    619 620 623 623 644 646 647 652 655 658 0 0 0 0 0 0 0 0 0 6622 6497
    6497 6497 6497 6497 6497 6497 6497 6497 6497 6497 6497 6375 6375
