<?xml version="1.0"?>
<opencv_storage>
<Depth13914 type_id="opencv-matrix">
  <rows>111</rows>
  <cols>48</cols>
  <dt>w</dt>
  <data>
    4842 4842 4774 4774 4774 4774 4708 4708 4708 4708 4645 4645 4645
    4645 4645 4645 4645 4645 4645 4645 4645 923 920 920 918 915 908 908
    908 908 908 908 4463 4463 4463 4463 4463 4463 4405 4405 4349 4295
    4295 4295 4295 4295 4295 4241 4842 4842 4774 4774 4774 4774 4708
    4708 4708 4708 4708 4708 4645 4645 4645 4645 4645 4708 4645 4645 920
    920 920 918 918 915 910 908 908 908 908 908 908 4463 4463 4463 4463
    4463 4405 4349 4349 4295 4295 4349 4349 4295 4295 4295 4774 4774
    4774 4774 4774 948 948 948 946 946 948 946 946 943 940 940 4708 4708
    4645 4645 918 918 920 918 915 913 910 910 910 908 908 908 906 0 0
    4463 4463 4405 4405 4349 4295 4295 4295 4349 4349 4295 4295 4241
    4708 4708 4708 4774 943 943 946 946 946 946 946 943 940 940 938 938
    938 923 920 918 918 918 915 913 910 908 908 908 908 908 906 906 906
    0 0 0 4463 4405 4405 4349 4295 4295 4295 4349 4349 4295 4295 4241
    4708 4708 4708 938 938 940 940 940 940 940 943 940 940 938 935 930
    925 920 918 915 913 913 910 908 906 903 903 906 906 906 906 906 906
    0 0 0 0 0 4463 4405 4295 4295 4295 4295 4295 4349 4295 4295 946 943
    940 938 938 935 935 933 930 930 928 923 923 920 920 920 920 918 915
    913 910 910 908 906 903 901 901 901 901 901 901 903 903 0 0 0 0 0 0
    0 4295 4295 4295 4295 4295 4349 4295 4295 946 943 940 935 933 930
    928 928 928 928 928 923 923 920 920 920 918 915 913 910 910 910 908
    906 901 901 901 901 898 898 898 901 901 0 0 0 0 0 0 1028 1028 1028
    4295 4295 4295 4349 4349 4295 946 943 940 935 930 928 928 928 928
    928 928 923 923 920 920 920 918 915 913 910 910 908 906 903 901 901
    901 898 898 898 898 898 901 0 0 0 0 0 1034 1028 1028 1016 1016 1016
    1016 4349 4349 4349 946 943 940 935 930 928 928 928 928 928 928 923
    923 920 920 920 918 915 913 910 910 908 906 903 901 901 901 898 898
    898 898 898 901 0 0 0 0 0 1034 1028 1028 1016 1016 1016 0 4190 4241
    4241 946 943 943 935 930 930 928 928 928 928 928 925 923 920 920 920
    915 915 913 910 910 908 906 903 903 901 901 898 898 896 896 901 901
    0 0 0 0 0 1044 1044 1034 1034 1034 1067 1067 4190 4190 4190 946 943
    940 935 933 930 930 930 928 928 928 925 923 923 920 918 915 913 913
    910 910 908 908 903 903 903 901 901 898 896 896 901 913 930 935 948
    948 992 992 995 1044 1044 1060 1067 1067 1067 4190 4190 946 943 935
    935 933 930 930 930 928 928 928 925 923 923 920 918 915 913 913 910
    910 908 908 906 906 903 901 901 898 896 896 913 913 930 935 948 951
    992 992 995 1054 1057 1057 1060 1060 1060 1060 4241 946 943 935 935
    933 933 930 930 928 928 928 925 925 923 920 918 915 913 910 910 910
    908 908 906 903 903 901 901 896 896 896 915 915 928 935 948 951 992
    995 992 992 1057 1057 1060 1060 1060 0 0 946 943 938 935 935 935 930
    928 928 928 928 925 923 923 920 918 915 913 910 910 908 908 908 906
    903 901 901 901 896 896 896 913 913 928 935 940 954 992 992 992 992
    1044 1044 1060 1063 1063 0 0 943 943 938 935 935 935 930 928 928 928
    928 925 923 923 920 918 915 913 910 910 908 908 906 903 901 901 901
    901 896 896 894 894 913 928 933 940 954 992 992 998 998 1041 1044
    1067 1067 1067 1067 0 943 943 938 935 935 933 930 928 928 928 928
    923 923 920 920 918 915 913 910 910 908 908 906 903 901 901 898 898
    896 896 894 894 928 928 933 935 948 989 992 998 998 1041 1041 1063
    1067 1067 0 0 943 943 938 935 935 933 930 928 928 928 925 923 920
    920 918 918 915 913 910 910 908 908 906 901 901 901 898 898 898 898
    896 896 930 930 935 935 943 989 992 995 1041 1041 1041 1063 1067
    1067 0 0 943 938 938 935 935 933 930 928 928 928 925 923 920 920 918
    918 915 913 910 910 908 906 906 901 901 898 898 898 898 898 896 896
    930 930 940 940 943 992 992 995 1041 1041 1044 1063 1067 1067 0 0
    943 938 938 935 935 933 930 928 928 928 925 925 923 920 918 918 915
    913 910 910 908 906 906 901 901 898 898 898 896 896 896 898 930 930
    943 943 946 948 992 995 998 1041 1044 1063 1067 1067 0 0 946 938 935
    935 933 933 930 928 928 928 928 925 923 920 918 918 915 913 910 910
    908 908 906 903 901 898 898 898 894 894 894 894 925 925 946 946 946
    948 995 995 995 1041 1044 1063 1063 1067 0 0 943 938 935 935 933 930
    928 928 928 928 928 925 925 920 918 915 915 915 910 910 908 908 906
    903 901 901 898 896 894 891 891 891 925 925 946 946 946 948 992 992
    995 1047 1050 1060 1063 1070 0 0 940 940 938 935 930 930 928 928 928
    928 928 925 923 920 918 915 915 915 910 910 908 908 906 903 901 901
    898 896 891 891 891 891 891 928 946 946 948 948 992 992 995 995 1054
    1060 1063 1067 0 0 938 938 935 933 930 928 928 928 925 925 925 925
    923 920 918 915 913 913 913 910 910 908 906 903 901 901 898 894 891
    891 891 891 891 891 948 948 951 951 989 989 992 995 1054 1057 1060
    1063 0 0 938 938 935 933 930 928 928 928 925 925 925 923 920 918 918
    913 913 913 910 910 910 908 903 901 901 898 896 894 891 891 891 889
    889 933 933 951 951 989 989 989 992 1038 1047 1057 1060 1063 0 0 940
    938 935 933 930 928 928 925 925 925 923 920 920 918 918 913 913 913
    910 910 908 908 903 901 901 898 896 894 891 891 891 889 889 928 951
    951 951 954 989 989 992 1034 1041 1057 1063 1063 0 0 940 938 935 933
    930 928 928 925 925 925 923 920 918 918 915 913 913 910 910 910 908
    908 903 901 901 898 898 896 894 894 891 891 928 928 951 948 948 954
    989 989 992 1034 1041 1047 1063 1063 0 0 940 938 935 935 933 930 928
    925 925 925 923 920 918 918 915 913 913 910 910 908 908 908 906 901
    901 901 898 896 894 894 891 891 925 930 954 948 948 948 989 989 992
    1034 1041 1047 1063 1063 0 0 940 938 935 935 933 930 928 928 925 925
    925 920 918 918 918 915 913 910 910 908 908 908 906 901 901 898 898
    896 894 894 891 891 925 930 940 940 951 964 964 989 992 1044 1044
    1047 1060 1063 0 0 938 938 935 935 935 930 928 928 925 925 925 923
    918 918 918 915 913 913 910 910 908 908 906 903 901 896 896 896 894
    894 894 894 910 928 938 938 946 964 964 987 989 1044 1044 1047 1060
    1063 0 0 938 938 935 935 935 933 930 928 925 925 925 923 920 918 918
    915 913 910 910 908 908 906 903 901 901 896 896 894 894 894 894 894
    910 923 930 938 943 973 973 987 989 1044 1044 1047 1060 1060 0 0 938
    938 935 935 933 930 930 928 925 925 923 920 918 918 918 915 913 910
    910 908 908 906 903 901 901 896 894 894 894 894 894 894 918 923 925
    940 943 1004 992 992 992 995 1044 1047 1054 1054 1054 0 938 938 935
    935 933 930 928 928 925 925 923 920 918 918 918 915 913 910 910 908
    908 906 906 901 901 894 894 894 894 894 894 894 918 923 925 940 946
    1004 998 995 995 995 1044 1047 1054 1054 0 0 938 938 935 935 933 930
    928 928 925 925 923 920 918 918 918 915 913 910 910 908 908 906 903
    901 898 894 894 894 891 891 894 894 918 920 925 935 948 1004 995 992
    992 995 1047 1047 1054 1057 0 0 938 938 935 935 933 930 928 925 925
    925 923 920 918 918 918 915 913 910 910 908 908 906 903 901 898 894
    894 894 891 891 891 891 918 920 925 935 954 962 987 987 987 995 1044
    1044 1057 1063 0 0 938 938 935 933 933 928 928 925 925 925 923 920
    918 918 918 915 910 910 910 908 908 906 903 901 896 894 894 891 891
    891 891 891 918 920 925 946 954 962 987 987 987 1044 1044 1044 1054
    1063 1067 0 938 938 935 933 930 928 928 925 925 925 923 920 918 918
    918 915 910 910 908 908 908 906 903 901 896 894 894 891 891 891 891
    891 918 918 920 946 954 964 964 984 989 1044 1044 1044 1054 1060
    1067 0 938 938 935 933 930 928 928 925 925 925 923 920 918 918 918
    913 910 910 908 908 906 903 901 901 896 896 894 894 891 891 891 891
    918 918 920 954 954 964 964 981 992 1044 1044 1044 1050 1060 1067 0
    940 935 933 930 930 928 928 925 925 925 923 920 918 918 915 913 910
    910 908 908 906 903 901 901 898 896 896 894 891 891 891 891 915 918
