<?xml version="1.0"?>
<opencv_storage>
<Depth11315 type_id="opencv-matrix">
  <rows>7</rows>
  <cols>5</cols>
  <dt>w</dt>
  <data>
    5056 5056 5056 4983 4983 5132 5132 5132 5056 5056 0 5132 5132 5056
    5056 5132 5132 5132 5132 5056 5056 5056 5056 5132 5056 0 5056 5056
    5132 5056 5132 5132 5132 5056 4983</data></Depth11315>
</opencv_storage>
