<?xml version="1.0"?>
<opencv_storage>
<Depth12201 type_id="opencv-matrix">
  <rows>15</rows>
  <cols>24</cols>
  <dt>w</dt>
  <data>
    5374 5291 5291 5291 5291 5291 5291 5374 5374 5374 5832 5832 5933
    5832 5832 6038 6038 6038 6038 6038 6038 5933 5933 5832 5374 5291
    5210 5210 5291 5291 5291 5291 5132 5132 5460 5640 5734 5832 5832
    6038 6038 6038 6038 5933 5933 5933 5933 5832 5291 5291 5210 5210
    5291 5291 5291 5210 5132 5132 5210 5374 5548 5640 5734 6038 6038
    6038 6038 5933 5933 5933 5933 5832 5291 5291 5291 5291 5291 5210
    5210 5210 5132 5132 5210 5291 5291 5291 5291 5374 6038 5933 5933
    5933 5933 5933 5933 5832 5291 5291 5291 5291 5210 5132 5132 5132
    5132 5132 5132 5210 5132 5132 5132 5132 5291 5734 5832 5832 5832
    5933 5933 5933 5291 5291 5291 5291 5132 5132 5132 5132 5132 5132
    5132 5210 5132 5132 5132 5132 5132 5132 5210 5640 5734 5933 5933
    5933 6038 5374 5291 5291 5132 5132 5056 5056 5132 5132 5132 5132
    5132 5132 5132 5132 5132 5132 5132 5132 5132 5291 5832 5933 6038
    6038 6038 6038 5132 5132 5056 5056 5132 5056 5056 5132 5132 5132
    5132 5132 5132 5132 5132 5056 5056 5056 5210 5640 6038 6038 6038
    6038 6259 6259 5132 5132 5056 4983 4983 5056 5132 5132 5210 5132
    5132 5132 5132 5056 5056 5056 5132 5210 6146 6146 6146 6146 6259
    6146 5132 5132 5056 4983 4983 5056 5132 5132 5132 5132 5132 5132
    5132 5132 5132 5132 5132 5056 6375 6375 6146 6146 6146 6146 6146
    6259 6375 6375 6375 5132 5132 5132 5132 5132 5132 5132 5132 5132
    5210 5132 5056 5056 6375 6146 6146 6146 6146 6146 6146 6259 6375
    6375 6038 6038 5132 5132 5132 5210 5210 5210 5210 5210 5132 5056
    5056 5056 6375 6146 6146 6146 6146 6146 6259 6259 6146 6038 6038
    6038 6146 6146 6146 5210 5210 5210 5210 5132 5132 5056 5056 5056
    6375 6146 6146 6146 6146 6146 6146 6146 6146 6038 6038 6038 6146
    6146 6146 6259 6259 5210 5210 5132 5132 5056 5056 4983 6375 6259
    6146 6146 6038 6038 6146 6038 6038 6038 6038 6038 6038 6038 6038
    6146 6146 6146 5132 5132 5132 5056 5056 4983</data></Depth12201>
</opencv_storage>
