<?xml version="1.0"?>
<opencv_storage>
<Depth5514 type_id="opencv-matrix">
  <rows>60</rows>
  <cols>45</cols>
  <dt>w</dt>
  <data>
    5548 5548 5548 5460 5460 5460 1688 1680 1671 1663 1663 1655 1655
    1647 1647 1655 1647 1647 1655 1663 1663 4983 4911 4911 4911 4911
    4842 4842 4774 4774 4774 4708 4708 4708 4708 4645 4645 4645 4582
    4522 4522 4463 4463 4463 4463 5548 5548 5548 5548 5548 1705 1688
    1680 1671 1663 1655 1647 1647 1647 1647 1647 1647 1647 1655 1663
    1663 1671 1680 1671 1671 1671 4842 4842 4774 4708 4708 4708 4708
    4708 4708 4708 4645 4645 4582 4522 4522 4463 4463 4463 4463 5460
    5548 5548 1713 1713 1705 1688 1671 1663 1655 1647 1647 1647 1647
    1647 1647 1647 1647 1655 1663 1671 1671 1671 1671 1671 1671 1680
    1680 1696 1696 1696 1696 1696 1696 1696 4708 4645 4645 4582 4522
    4522 4463 4463 4463 4463 5460 5460 5460 1713 1713 1705 1688 1671
    1663 1655 1647 1647 1647 1647 1647 1647 1647 1655 1655 1663 1671
    1671 1671 1671 1671 1671 1680 1680 1696 1696 1696 1696 1696 1696
    1696 1696 1696 4645 4582 4522 4522 4463 4463 4463 4463 5374 5374
    5132 1713 1713 1705 1688 1671 1663 1647 1647 1647 1647 1647 1647
    1647 1647 1655 1655 1663 1663 1663 1671 1671 1671 1671 1680 1688
    1688 1688 1688 1696 1696 1696 1696 1696 1696 1705 1705 1713 1713
    4463 4463 4463 4463 5132 5132 5132 1713 1713 1705 1688 1671 1655
    1647 1639 1639 1639 1639 1647 1647 1647 1655 1655 1663 1663 1663
    1663 1671 1671 1671 1671 1680 1688 1688 1688 1696 1696 1705 1705
    1705 1705 1705 1705 1705 1705 1713 1722 1722 4405 5132 5132 5132
    1705 1705 1696 1688 1671 1655 1639 1639 1639 1639 1639 1647 1647
    1647 1655 1655 1663 1663 1663 1663 1663 1663 1671 1671 1680 1688
    1680 1680 1688 1696 1696 1705 1705 1705 1705 1705 1705 1705 1713
    1713 1713 1713 5291 5291 1705 1705 1705 1696 1688 1671 1655 1639
    1639 1632 1632 1639 1647 1647 1647 1655 1655 1663 1663 1663 1663
    1663 1663 1671 1671 1671 1680 1680 1680 1688 1688 1696 1696 1696
    1705 1705 1705 1705 1713 1713 1713 1713 1713 5374 5374 1713 1713
    1705 1696 1688 1671 1655 1639 1639 1632 1632 1632 1639 1639 1655
    1655 1655 1663 1663 1663 1663 1663 1663 1671 1671 1671 1680 1680
    1680 1688 1688 1688 1696 1696 1696 1705 1705 1705 1713 1713 1713
    1713 1731 5374 5374 1713 1713 1713 1696 1688 1671 1663 1639 1639
    1632 1632 1632 1639 1639 1647 1655 1655 1663 1663 1663 1663 1663
    1663 1671 1671 1671 1671 1671 1680 1688 1688 1688 1696 1696 1696
    1696 1705 1705 1713 1713 1713 1713 1731 5374 5374 1722 1722 1713
    1696 1688 1671 1655 1632 1632 1632 1632 1632 1639 1639 1647 1655
    1655 1663 1663 1663 1663 1663 1663 1671 1671 1671 1671 1671 1680
    1688 1688 1688 1696 1696 1696 1696 1705 1705 1713 1713 1713 1713
    1731 5460 1722 1722 1722 1705 1696 1688 1663 1647 1632 1632 1632
    1632 1632 1639 1639 1639 1647 1655 1663 1663 1663 1663 1663 1663
    1663 1671 1671 1671 1671 1680 1688 1688 1688 1696 1696 1696 1696
    1705 1705 1705 1713 1713 1722 1731 5460 1722 1722 1713 1705 1696
    1680 1663 1647 1632 1632 1632 1632 1632 1632 1632 1639 1639 1655
    1655 1663 1663 1663 1663 1663 1663 1663 1671 1680 1680 1680 1688
    1688 1696 1696 1696 1696 1696 1696 1705 1705 1705 1713 1722 1731
    5460 5460 1705 1705 1696 1688 1671 1655 1639 1632 1632 1632 1632
    1632 1632 1632 1639 1639 1655 1655 1655 1655 1663 1663 1663 1663
    1663 1671 1671 1680 1680 1688 1696 1696 1696 1696 1696 1696 1696
    1705 1705 1705 1713 1713 1731 5460 5460 1705 1705 1696 1688 1663
    1655 1639 1632 1632 1632 1632 1632 1632 1639 1639 1639 1647 1655
    1655 1655 1663 1663 1663 1663 1663 1671 1671 1680 1680 1680 1688
    1688 1688 1696 1696 1696 1696 1696 1696 1705 1705 1705 1731 5548
    5548 1713 1705 1696 1680 1663 1647 1639 1632 1624 1624 1632 1632
    1632 1639 1639 1639 1647 1655 1655 1655 1655 1663 1663 1671 1671
    1671 1671 1680 1680 1680 1680 1688 1688 1688 1696 1696 1696 1696
    1696 1705 1705 1705 1705 5548 1713 1713 1705 1688 1671 1655 1647
    1632 1624 1624 1624 1624 1624 1624 1632 1639 1639 1647 1655 1655
    1655 1655 1663 1663 1663 1663 1671 1671 1671 1671 1671 1680 1680
    1688 1688 1696 1696 1696 1696 1696 1696 1705 1705 1705 5548 1696
    1696 1696 1688 1671 1655 1639 1632 1624 1624 1624 1624 1624 1624
    1632 1632 1639 1647 1655 1655 1655 1663 1663 1663 1663 1663 1671
    1671 1671 1671 1671 1680 1680 1688 1688 1696 1696 1696 1696 1696
    1696 1705 1696 1696 5548 1696 1696 1696 1688 1680 1655 1639 1632
    1624 1624 1624 1624 1624 1624 1632 1632 1632 1639 1655 1655 1655
    1663 1663 1663 1663 1663 1671 1671 1671 1671 1671 1680 1680 1688
    1688 1696 1696 1696 1696 1696 1696 1705 1696 1696 5548 1696 1696
    1696 1688 1663 1655 1639 1632 1624 1624 1624 1624 1624 1632 1632
    1632 1632 1639 1647 1647 1647 1655 1663 1663 1663 1663 1671 1663
    1663 1671 1671 1680 1688 1688 1688 1696 1696 1696 1696 1696 1705
    1705 1705 1705 5460 1696 1696 1696 1680 1663 1663 1655 1632 1632
    1624 1624 1624 1632 1632 1632 1632 1632 1639 1647 1647 1647 1647
    1663 1663 1663 1663 1663 1663 1663 1671 1671 1680 1688 1680 1680
    1688 1688 1696 1696 1696 1696 1705 1705 1705 5460 1696 1696 1688
    1680 1663 1663 1647 1632 1624 1624 1624 1624 1632 1632 1632 1632
    1632 1647 1647 1647 1647 1647 1663 1663 1663 1663 1663 1663 1663
    1671 1671 1680 1680 1680 1680 1688 1688 1696 1696 1696 1696 1705
    1705 1705 5460 0 1696 1688 1680 1663 1655 1647 1632 1624 1624 1624
    1624 1632 1632 1632 1632 1632 1647 1647 1647 1647 1647 1655 1663
    1663 1663 1663 1663 1663 1671 1671 1680 1680 1680 1680 1688 1688
    1688 1688 1688 1696 1696 1705 1713 5460 1696 1696 1688 1680 1663
    1655 1639 1632 1624 1624 1624 1624 1632 1632 1632 1632 1632 1647
    1647 1647 1647 1647 1655 1663 1663 1663 1663 1663 1663 1663 1671
    1671 1680 1680 1688 1688 1688 1688 1688 1688 1696 1696 1705 1705 0
    1696 1696 1696 1680 1663 1647 1632 1632 1624 1624 1624 1624 1632
    1632 1632 1632 1632 1647 1647 1639 1639 1647 1655 1663 1663 1663
    1663 1663 1663 1663 1671 1671 1680 1680 1680 1688 1688 1688 1688
    1696 1696 1696 1696 4349 0 1696 1696 1688 1671 1655 1647 1632 1624
    1624 1624 1624 1624 1624 1624 1632 1632 1632 1647 1639 1639 1639
    1647 1655 1663 1663 1663 1663 1663 1663 1663 1671 1671 1680 1680
    1680 1688 1688 1696 1696 1696 1696 1696 1705 1705 0 1688 1688 1688
    1671 1655 1639 1632 1624 1624 1624 1624 1624 1624 1624 1624 1632
    1632 1639 1639 1639 1639 1647 1655 1663 1663 1663 1663 1663 1663
    1663 1671 1671 1680 1680 1680 1680 1688 1696 1696 1696 1696 1696
    1705 1705 0 1688 1688 1688 1663 1655 1639 1632 1624 1616 1616 1616
    1624 1624 1624 1624 1632 1632 1639 1639 1639 1639 1647 1655 1655
    1655 1655 1663 1663 1663 1663 1671 1671 1680 1680 1680 1680 1688
    1696 1696 1696 1696 1705 1705 1705 1705 1688 1688 1680 1663 1647
    1639 1624 1616 1616 1616 1616 1616 1624 1624 1624 1632 1632 1639
    1639 1639 1647 1647 1655 1655 1655 1655 1663 1655 1655 1663 1663
    1671 1671 1680 1680 1680 1688 1688 1696 1696 1696 1705 1705 1705
    1705 1705 1688 1680 1663 1647 1632 1624 1616 1616 1616 1616 1616
    1624 1624 1624 1632 1632 1639 1639 1639 1639 1647 1655 1655 1655
    1663 1663 1655 1655 1663 1663 1663 1671 1671 1671 1680 1688 1688
    1688 1696 1696 1705 1705 1705 1705 1705 1688 1680 1663 1647 1632
    1624 1616 1609 1609 1616 1624 1624 1624 1624 1632 1632 1639 1632
    1632 1639 1639 1655 1655 1655 1655 1655 1655 1655 1663 1663 1663
    1671 1671 1671 1680 1680 1688 1688 1688 1688 1696 1705 1705 1696
    1696 1688 1671 1663 1647 1632 1624 1609 1609 1609 1616 1624 1624
    1624 1624 1624 1632 1632 1632 1632 1639 1639 1655 1655 1655 1655
    1655 1655 1655 1655 1663 1663 1663 1671 1680 1680 1680 1680 1688
    1688 1688 1696 1696 1696 1688 1688 1680 1671 1663 1647 1632 1616
    1609 1609 1609 1616 1624 1624 1624 1624 1624 1624 1632 1632 1632
    1639 1639 1647 1647 1647 1655 1655 1655 1655 1655 1663 1663 1663
