<?xml version="1.0"?>
<opencv_storage>
<Depth15754 type_id="opencv-matrix">
  <rows>26</rows>
  <cols>13</cols>
  <dt>w</dt>
  <data>
    5548 5548 5548 5548 5460 5460 0 0 0 0 0 0 0 5548 5548 5548 5548 5460
    5460 5460 0 0 0 0 0 0 5548 5548 5548 5548 5460 5460 5460 0 0 0 0 0 0
    5548 5548 5548 5460 5460 5460 5548 5548 0 0 0 0 0 5548 5548 5548
    5460 5460 5460 5548 5548 0 0 0 0 0 5734 5640 5548 5548 5548 5548
    5548 5548 0 0 0 0 0 5933 5640 5548 5548 5548 5548 5548 5548 0 0 0 0
    0 6259 5832 5548 5548 5460 5460 5548 5548 5548 0 0 0 0 6622 6375
    5640 5548 5460 5460 5548 5548 5548 5548 0 0 0 6622 6375 5734 5640
    5548 5548 5548 5548 5548 5548 0 0 0 6622 6497 5933 5734 5640 5640
    5548 5548 5374 5374 0 0 0 6622 6497 6038 5832 5734 5640 5548 5548
    5374 5374 0 0 0 6622 6622 6375 5832 5734 5640 5640 5548 5460 5460
    5460 0 0 6622 6753 6622 6622 5734 5734 5640 5640 5548 5460 5460 0 0
    6753 6753 6753 6753 5734 5734 5734 5734 5640 5640 5640 0 0 6753 6753
    6889 6889 5832 5734 5734 5734 5640 5640 5640 0 0 6753 6753 6753 6753
    6146 5734 5734 5734 5640 5640 5640 0 0 6753 6753 6753 6753 6146 5832
    5832 5734 5640 5640 5548 5548 0 6753 6753 6753 6753 6375 6038 5832
    5734 5640 5640 5548 5548 0 6753 6753 6753 6622 6622 6259 5832 5832
    5734 5734 5548 5548 5640 6889 6753 6753 6622 6622 6375 6146 5832
    5832 5734 5640 5548 5548 6889 6753 6753 6753 6753 6622 6259 5832
    5832 5734 5640 5548 5548 6889 6753 6753 6753 6753 6753 6259 5832
    5832 5734 5734 5640 5640 6889 6753 6753 6753 6753 6753 6375 5832
    5832 5734 5734 5640 5640 6753 6753 6753 6753 6753 6753 6497 5832
    5832 5832 5734 5734 0 6753 6753 6753 6753 6753 6753 6497 5933 5832
    5832 5832 0 0</data></Depth15754>
</opencv_storage>
