<?xml version="1.0"?>
<opencv_storage>
<Depth12579 type_id="opencv-matrix">
  <rows>17</rows>
  <cols>7</cols>
  <dt>w</dt>
  <data>
    5832 5832 5832 5832 2859 2835 2835 5933 5832 5832 5832 5832 5832
    5640 5933 5832 5832 5734 5640 5640 5640 5832 5832 5832 5734 5640
    5640 5640 5832 5734 5734 5734 5640 5640 5640 5832 5734 5734 5734
    5640 5640 5640 5933 5832 5832 5734 5734 5734 5734 5933 5832 5832
    5734 5734 5734 5734 5933 5832 5832 5734 5734 5734 5734 5933 5832
    5832 5734 5734 5734 5734 5933 5832 5832 5734 5734 5832 5832 5933
    5832 5734 5734 5734 5832 5832 5933 5832 5734 5734 5832 5832 5832
    5832 5734 5734 5734 5734 5734 5734 5832 5640 5640 5640 5734 5734 0
    6622 5640 5640 5640 5734 5734 5734 5933 5832 5640 5640 5734 5734 0</data></Depth12579>
</opencv_storage>
