<?xml version="1.0"?>
<opencv_storage>
<Depth0776 type_id="opencv-matrix">
  <rows>52</rows>
  <cols>73</cols>
  <dt>w</dt>
  <data>
    3365 3365 3365 3365 3365 3365 1496 1489 1489 1489 1489 1489 1483
    1483 1483 1483 1483 1489 1483 1483 1489 3399 3399 3399 3365 3365
    3365 3365 3365 3399 3399 3365 3365 3365 3365 3365 3365 3333 3333
    3269 3269 3300 3300 3300 3300 3300 3300 3300 3300 3300 3300 3333
    3300 3300 3300 3300 3300 3300 3300 3300 3300 3333 4241 4241 4241
    4241 4241 3300 3300 3300 3333 3333 3365 3365 3399 3399 3399 3399
    1489 1489 1489 1489 1483 1483 1483 1483 1483 1483 1483 1483 1483
    1483 1483 1477 1477 1477 1477 1477 1477 1483 1470 1470 1470 1477
    1477 1477 3399 3399 3399 1483 1477 1477 3333 3333 3333 3333 3333
    3300 3300 3269 3269 3269 3269 3269 3269 3269 3269 3269 3269 3269
    3269 3300 3300 3269 3269 3269 3269 3269 3269 3269 3269 3269 3300
    3300 3333 3300 3365 3399 3399 3399 3399 1483 1483 1477 1477 1477
    1477 1477 1477 1477 1477 1477 1477 1477 1477 1477 1477 1477 1477
    1477 1477 1477 1477 1470 1470 1470 1477 1477 1470 1470 1470 1477
    1477 1477 1477 1477 1477 1477 1477 1470 1470 1464 1464 3269 3269
    3269 3238 3238 3269 3269 3269 3269 3269 3269 3269 3269 3269 3269
    3269 3238 3238 3269 3269 3269 3269 3269 3269 3269 3300 3365 3365
    3399 3399 3399 1483 1483 1477 1477 1477 1477 1477 1470 1470 1470
    1477 1477 1477 1470 1470 1477 1477 1477 1477 1470 1470 1477 1477
    1470 1470 1470 1470 1470 1470 1470 1470 1470 1470 1470 1477 1477
    1477 1470 1470 1470 1464 1464 1470 1470 1477 1477 1464 1464 3269
    3269 3269 3269 3269 3269 3269 3269 3269 3269 3238 3238 3269 3269
    3269 3269 3269 3269 3269 3300 3333 3365 3399 3399 3399 1470 1470
    1470 1470 1470 1470 1470 1470 1470 1470 1470 1470 1470 1470 1470
    1470 1477 1477 1470 1470 1470 1470 1470 1470 1470 1470 1470 1470
    1470 1470 1470 1470 1470 1470 1470 1470 1470 1470 1470 1470 1470
    1470 1470 1470 1470 1470 1464 1464 1470 1464 1464 1464 1464 3269
    3269 1489 1489 1489 1489 3269 3269 3269 3269 3238 3238 3238 3269
    3269 3333 3365 3399 3399 3399 1464 1464 1464 1464 1464 1470 1470
    1470 1470 1470 1470 1470 1470 1470 1470 1470 1470 1470 1470 1470
    1470 1470 1470 1470 1470 1470 1470 1470 1470 1470 1470 1470 1470
    1470 1470 1470 1470 1470 1470 1470 1470 1470 1470 1470 1470 1470
    1470 1470 1470 1464 1464 1464 1464 1464 1464 1470 1477 1477 1477
    1477 1477 3269 3238 3238 3238 3238 3269 3269 3365 3365 3365 3365 0
    1464 1464 1464 1464 1464 1464 1464 1464 1464 1464 1464 1464 1464
    1464 1464 1464 1470 1470 1470 1470 1470 1470 1464 1464 1464 1464
    1470 1470 1470 1464 1464 1464 1464 1464 1470 1464 1464 1464 1464
    1464 1464 1464 1464 1464 1470 1470 1470 1470 1470 1470 1464 1464
    1464 1464 1464 1470 1470 1470 1470 1470 1470 1464 1464 1470 1470
    1470 3269 3269 3365 3399 3399 0 1458 1464 1464 1458 1458 1458 1458
    1458 1464 1464 1464 1464 1464 1464 1464 1464 1464 1464 1464 1464
    1464 1464 1464 1464 1464 1464 1464 1464 1464 1464 1464 1464 1464
    1464 1464 1464 1464 1464 1464 1464 1464 1464 1464 1464 1464 1464
    1464 1464 1464 1464 1464 1464 1464 1464 1464 1464 1464 1464 1464
    1464 1464 1464 1464 1464 1470 1470 1470 1470 3300 3365 3399 3399 0
    1458 1458 1458 1458 1458 1458 1458 1458 1458 1458 1464 1458 1458
    1464 1458 1458 1458 1452 1452 1452 1452 1458 1458 1458 1458 1464
    1464 1464 1464 1458 1458 1458 1458 1464 1464 1464 1464 1464 1458
    1458 1458 1464 1464 1464 1464 1464 1464 1464 1464 1464 1464 1464
    1464 1464 1464 1464 1464 1464 1464 1464 1464 1464 1464 1464 1464
    1464 1464 1464 3300 3399 3399 3365 0 1458 1458 1452 1452 1452 1452
    1452 1452 1452 1452 1452 1458 1458 1458 1452 1452 1452 1452 1452
    1445 1445 1452 1452 1452 1452 1452 1452 1452 1452 1452 1452 1452
    1452 1458 1458 1458 1458 1458 1458 1458 1458 1458 1458 1458 1458
    1458 1458 1458 1458 1464 1464 1464 1464 1464 1464 1464 1464 1464
    1464 1464 1464 1464 1464 1464 1464 1464 1464 1464 3269 3365 3365
    3365 0 1445 1445 1445 1445 1445 1445 1445 1445 1445 1445 1445 1452
    1452 1452 1445 1445 1445 1445 1445 1445 1445 1445 1445 1445 1445
    1445 1445 1452 1452 1445 1445 1445 1445 1445 1445 1452 1452 1452
    1452 1452 1458 1458 1458 1458 1452 1452 1452 1452 1452 1458 1458
    1458 1458 1458 1464 1464 1464 1464 1464 1464 1464 1458 1458 1458
    1458 1458 1458 1458 3269 3365 3365 3365 0 1445 1445 1445 1445 1445
    1445 1445 1445 1445 1445 1445 1445 1445 1445 1445 1445 1445 1445
    1445 1445 1445 1445 1445 1445 1445 1445 1445 1445 1445 1445 1445
    1445 1445 1445 1445 1445 1445 1445 1445 1445 1445 1445 1445 1452
    1445 1445 1445 1445 1445 1452 1452 1452 1452 1452 1458 1458 1458
    1458 1458 1458 1458 1458 1452 1452 1452 1452 1458 1458 1458 3365
    3365 3365 0 1445 1445 1445 1445 1445 1445 1439 1439 1445 1439 1439
    1439 1445 1445 1445 1445 1445 1445 1445 1445 1445 1445 1445 1445
    1445 1445 1445 1445 1445 1445 1445 1445 1445 1445 1445 1445 1445
    1445 1445 1445 1445 1445 1445 1445 1445 1445 1445 1445 1445 1445
    1445 1445 1445 1445 1452 1458 1452 1452 1452 1458 1458 1452 1452
    1452 1452 1452 1452 1445 1445 3365 3399 3399 0 1439 1439 1439 1445
    1445 1445 1439 1439 1439 1439 1439 1439 1439 1439 1439 1439 1439
    1439 1439 1439 1439 1439 1439 1439 1439 1439 1439 1439 1439 1445
    1445 1445 1445 1445 1445 1445 1445 1445 1445 1445 1439 1439 1445
    1445 1445 1445 1445 1445 1445 1445 1445 1439 1439 1439 1445 1445
    1445 1445 1445 1445 1445 1445 1445 1445 1452 1452 1452 1445 1445
    3365 3399 3399 1439 1439 1439 1439 1445 1445 1445 1439 1439 1439
    1439 1439 1439 1439 1439 1439 1439 1439 1439 1439 1439 1439 1439
    1439 1439 1439 1433 1433 1439 1439 1439 1439 1439 1439 1439 1439
    1439 1439 1445 1445 1439 1439 1439 1445 1445 1439 1439 1439 1439
    1439 1439 1439 1439 1439 1439 1439 1445 1445 1445 1445 1445 1445
    1445 1445 1445 1445 1445 1445 1452 1452 3399 3399 3399 1439 1439
    1439 1439 1439 1439 1439 1439 1439 1439 1433 1433 1439 1439 1439
    1433 1433 1433 1433 1439 1439 1439 1439 1433 1433 1433 1433 1433
    1433 1433 1439 1439 1439 1439 1433 1433 1439 1439 1439 1439 1439
    1439 1439 1439 1439 1439 1439 1439 1439 1439 1439 1439 1439 1439
    1439 1439 1439 1439 1439 1439 1439 1439 1439 1439 1439 1439 1445
    1445 1452 1452 3399 3399 0 1439 1439 1439 1439 1433 1433 1433 1433
    1433 1433 1433 1433 1433 1433 1433 1433 1433 1433 1433 1433 1433
    1433 1433 1433 1427 1427 1433 1433 1433 1433 1433 1433 1433 1433
    1433 1433 1433 1433 1439 1439 1433 1433 1439 1439 1439 1439 1439
    1439 1433 1433 1433 1439 1439 1439 1439 1439 1439 1439 1439 1439
    1439 1439 1433 1433 1433 1433 1439 1439 1439 1439 3365 3365 0 1433
    1433 1433 1433 1427 1427 1433 1433 1433 1433 1427 1427 1427 1427
    1427 1427 1427 1427 1427 1427 1433 1433 1433 1433 1427 1427 1427
    1427 1427 1427 1427 1427 1427 1433 1427 1427 1427 1433 1433 1433
    1433 1433 1433 1427 1427 1433 1433 1433 1427 1427 1433 1433 1433
    1433 1433 1433 1439 1439 1439 1433 1433 1439 1433 1433 1433 1433
    1439 1439 1439 1439 3365 3365 0 1421 1421 1421 1427 1421 1421 1421
    1421 1427 1427 1427 1421 1421 1421 1421 1427 1427 1421 1421 1421
    1427 1421 1421 1427 1421 1421 1427 1427 1427 1427 1427 1427 1427
    1427 1421 1421 1427 1427 1427 1427 1427 1427 1427 1427 1427 1427
    1427 1427 1427 1427 1427 1427 1427 1421 1421 1427 1427 1427 1433
    1433 1433 1439 1433 1433 1433 1433 1439 1439 1439 1439 3365 3365 0
    1415 1415 1415 1415 1421 1421 1421 1421 1421 1421 1421 1421 1421
    1421 1421 1421 1421 1421 1421 1421 1421 1421 1421 1421 1421 1421
    1421 1421 1421 1421 1421 1421 1421 1421 1421 1421 1421 1421 1421
    1421 1421 1421 1421 1421 1421 1421 1421 1421 1427 1427 1427 1427
    1427 1421 1421 1421 1427 1427 1427 1433 1433 1433 1427 1427 1427
    1433 1433 1433 1433 1439 3365 3365 1421 1415 1415 1415 1415 1415
    1415 1421 1421 1421 1421 1421 1421 1421 1421 1421 1421 1415 1415
