<?xml version="1.0"?>
<opencv_storage>
<Depth18796 type_id="opencv-matrix">
  <rows>5</rows>
  <cols>43</cols>
  <dt>w</dt>
  <data>
    8019 8019 7835 7660 7660 7660 7660 7660 7660 7660 7492 7492 7660
    7492 7492 7492 7492 7492 7492 7492 7492 7660 7492 7492 7332 7332
    7332 7492 7492 7660 7492 7178 7178 7178 7178 7332 7332 7332 7332
    7332 7332 7332 7492 8019 7835 7835 7660 7660 7660 7660 7660 7660
    7660 7492 7492 7492 7492 7332 7332 7332 7332 7332 7332 7332 7332
    7332 7332 7178 7030 7030 7178 7178 7332 7178 7030 7030 7030 7030
    7030 7030 7030 7030 7030 7030 7178 7030 8019 7835 7835 7660 7660
    7660 7660 7660 7660 7660 7660 7492 7492 7332 7332 7332 7332 7332
    7332 7332 7332 7332 7178 7178 7178 7030 7030 7178 7178 7178 7030
    7030 7030 7030 7030 7030 7030 7030 7030 7030 7030 6889 6889 8019
    7835 7835 7660 7660 7660 7660 7660 7660 7660 7660 7492 7492 7332
    7332 7332 7492 7332 7332 7332 7178 7178 7178 7178 7178 7030 7030
    7178 7178 7178 7030 7030 7030 7030 7030 7030 6889 6889 6889 6889
    7030 6889 6889 8212 8019 8019 8019 7835 7835 7660 7660 7835 0 7492
    7492 7492 7492 7492 7660 7660 7332 7332 7332 7178 7178 7332 7332
    7178 7178 7178 7178 7178 7178 7030 7030 7030 7030 7030 7030 6889
    6889 6889 6889 6889 6753 6622</data></Depth18796>
</opencv_storage>
