<?xml version="1.0"?>
<opencv_storage>
<Depth12981 type_id="opencv-matrix">
  <rows>15</rows>
  <cols>22</cols>
  <dt>w</dt>
  <data>
    6497 6497 4842 4842 4842 4842 4774 4774 4774 4708 4645 4645 4708
    6497 6497 6497 6497 6497 6497 6497 6497 6497 6497 4774 4774 4842
    4911 4842 4774 4774 4774 4708 4645 4645 4708 4708 4774 4842 4774
    4774 6497 6497 6497 6497 6497 4774 4774 4774 4774 4774 4774 4774
    4774 4774 4708 4708 4708 4708 4774 4774 4774 4774 4774 6497 6497
    6497 4911 4774 4774 4774 4774 4774 4774 4774 4842 4842 4708 4708
    4708 4774 4774 4774 4774 4774 4774 4708 4708 6497 4911 4842 4842
    4774 4774 4774 4774 4774 4774 4774 4708 4708 4708 4708 4708 4708
    4708 4708 4708 4708 4708 6497 4911 4842 4842 4774 4774 4774 4708
    4708 4708 4708 4708 4708 4708 4708 4708 4708 4708 4708 4708 4708
    4774 6622 4842 4774 4774 4774 4774 4774 4708 4708 4708 4708 4708
    4708 4708 4708 4708 4708 4708 4708 4708 4708 4708 6753 4774 4774
    4774 4774 4708 4708 4708 4708 4708 4708 4708 4708 4708 4708 4708
    4708 4708 4708 4708 4645 4645 6622 4708 4708 4708 4774 4708 4708
    4708 4708 4708 4708 4708 4708 4708 4708 4708 4708 4708 4708 4708
    4645 4645 6497 4708 4708 4708 4708 4708 4708 4708 4708 4708 4708
    4708 4708 4708 4708 4708 4708 4708 4708 4645 4645 4645 6497 4708
    4708 4708 4708 4708 4708 4708 4708 4708 4645 4645 4708 4708 4708
    4708 4708 4708 4708 4645 4582 4522 4522 4708 4708 4708 4708 4708
    4708 4708 4708 4645 4645 4645 4708 4708 4708 4708 4708 4708 4645
    4645 4582 4522 4522 4708 4708 4774 4774 4774 4774 4774 4708 4645
    4645 4645 4645 4708 4708 4708 4708 4708 4645 4645 4582 4522 4522
    4842 4842 4842 4774 4708 4708 4774 4774 4708 4708 4645 4645 4708
    4708 4708 4708 4708 4645 4645 4582 4522 4522 6753 6753 6889 6753
    4708 4708 4774 4774 4708 4708 4708 4708 4708 4708 4708 4708 4708
    4645 4645 4582 4522 4522</data></Depth12981>
</opencv_storage>
