<?xml version="1.0"?>
<opencv_storage>
<Depth6770 type_id="opencv-matrix">
  <rows>89</rows>
  <cols>56</cols>
  <dt>w</dt>
  <data>
    4041 4041 3994 3994 3994 3994 3994 3994 3994 3994 3994 4089 4041
    3994 3994 3948 3948 1153 1141 1138 1134 1134 1134 1134 1141 3903
    3903 3903 3903 3903 3903 3859 3859 3859 3859 3859 3859 3859 3816
    3774 3774 3774 3816 3816 3816 3816 3816 3774 3732 3732 3732 3732
    3732 3732 3732 3732 4041 4041 3994 3994 3994 3994 3994 3994 4041
    4041 4041 1169 1161 3994 3994 1145 1145 1145 1141 1138 1134 1134
    1134 1141 1141 1157 1157 3903 3903 3903 3903 3859 3859 3859 3859
    3859 3859 3859 3816 3774 3732 3732 3732 3774 3774 3774 3774 3774
    3732 3732 3732 3732 3732 3732 3732 3732 3994 3994 4041 4041 4041
    4041 3994 3994 3994 1169 1169 1169 1161 1157 1153 1145 1141 1141
    1138 1138 1138 1134 1134 1141 1149 1157 1157 1157 3903 3903 3903
    3859 3859 3859 3859 3859 3816 3816 3816 3774 3732 3732 3732 3774
    3774 3774 3774 3774 3732 3732 3732 3732 3732 3732 3732 3732 3948
    3948 4041 4041 4041 4041 4041 1173 1173 1169 1169 1169 1161 1157
    1153 1141 1141 1138 1138 1138 1134 1134 1134 1141 1145 1153 1157
    1157 1177 3903 3903 3903 3903 3859 3859 3859 3816 3816 3816 3774
    3732 3732 3774 3774 3774 3774 3774 3774 3732 3732 3732 3732 3732
    3732 3732 3732 3948 3948 4041 4041 1181 1181 1177 1173 1169 1169
    1169 1165 1161 1157 1153 1141 1141 1138 1138 1138 1134 1134 1134
    1141 1141 1149 1157 1173 1177 1177 3948 3948 3903 3859 3816 3816
    3816 3816 3816 3816 3774 3774 3774 3774 3774 3774 3774 3774 3732
    3732 3732 3732 3732 3732 3732 3692 3994 1185 1185 1185 1181 1177
    1177 1173 1169 1169 1169 1165 1161 1157 1153 1141 1141 1138 1138
    1134 1134 1134 1134 1138 1141 1149 1157 1169 1173 1173 1185 3903
    3903 3859 3816 3816 3816 3816 3816 3816 3816 3816 3816 3774 3774
    3774 3774 3774 3732 3732 3732 3732 3732 3732 3732 3692 1202 1185
    1185 1185 1181 1177 1173 1169 1169 1165 1165 1165 1157 1153 1145
    1141 1138 1138 1134 1130 1130 1130 1130 1134 1141 1149 1153 1165
    1173 1177 1185 1185 1189 3816 3816 3816 3816 3816 3816 3816 3816
    3774 3732 3732 3732 3774 3732 3732 3732 3732 3732 3732 3732 3732
    3732 3692 1202 1189 1185 1185 1181 1177 1173 1169 1165 1165 1165
    1161 1157 1153 1145 1141 1138 1134 1130 1130 1126 1126 1126 1130
    1141 1149 1153 1161 1169 1177 1185 1189 1189 1189 3859 3859 3816
    3816 3816 3732 3732 3732 3732 3732 3732 3732 3732 3732 3732 3732
    3732 3732 3732 3732 3732 3692 1202 1185 1185 1181 1181 1173 1169
    1169 1165 1165 1165 1157 1153 1153 1141 1138 1134 1134 1126 1126
    1126 1126 1126 1130 1134 1149 1157 1161 1165 1169 1177 1185 1189
    1189 1223 1223 1223 3816 3816 3732 3732 3732 3732 3732 3732 3732
    3774 3774 3732 3732 3732 3732 3732 3732 3692 3692 1202 1185 1185
    1181 1177 1173 1169 1165 1161 1157 1157 1157 1153 1145 1141 1138
    1134 1130 1126 1126 1123 1123 1126 1126 1126 1149 1157 1157 1161
    1169 1177 1181 1189 1197 1210 1219 1219 1223 1223 3732 3732 3732
    3732 3732 3732 3732 3774 3732 3732 3732 3732 3732 3732 3732 3692
    3692 1189 1185 1185 1181 1177 1169 1169 1165 1161 1153 1153 1153
    1149 1141 1138 1134 1130 1126 1126 1123 1123 1123 1123 1126 1126
    1141 1153 1157 1161 1165 1173 1181 1185 1193 1206 1214 1219 1223
    1223 1223 3692 3692 3692 3692 3692 3732 3774 3732 3732 3732 3732
    3732 3692 3692 3692 3692 1185 1185 1185 1177 1173 1169 1165 1165
    1161 1153 1153 1153 1145 1141 1138 1130 1126 1126 1123 1123 1123
    1123 1123 1126 1126 1138 1145 1153 1157 1165 1169 1177 1185 1193
    1197 1206 1219 1223 1223 1245 3692 3692 3653 3653 3692 3732 3774
    3732 3732 3732 3732 3692 3692 3692 3692 3692 1185 1185 1181 1177
    1169 1169 1165 1165 1157 1153 1153 1145 1145 1141 1138 1130 1126
    1126 1123 1123 1119 1119 1119 1123 1126 1130 1138 1145 1157 1165
    1169 1173 1181 1193 1197 1206 1214 1227 1236 1245 1245 3653 3653
    3653 3692 3732 3732 3732 3732 3732 3732 3692 3692 3692 3692 3692
    1181 1181 1181 1173 1169 1165 1165 1161 1157 1153 1153 1141 1141
    1138 1138 1130 1126 1126 1123 1119 1115 1115 1115 1119 1123 1130
    1134 1138 1153 1161 1169 1169 1173 1189 1202 1202 1206 1214 1236
    1245 1250 1250 3653 3653 3732 3732 3692 3692 3692 3732 3732 3692
    3692 3692 3692 3692 1181 1181 1177 1173 1169 1165 1165 1161 1157
    1153 1153 1141 1141 1138 1138 1130 1126 1123 1119 1119 1115 1115
    1115 1119 1123 1130 1134 1138 1145 1161 1165 1169 1173 1181 1197
    1202 1206 1210 1219 1232 1250 1259 1259 1264 1264 3692 3692 3692
    3692 3732 3732 3692 3692 3692 3692 3692 1181 1181 1177 1169 1169
    1165 1161 1157 1153 1149 1149 1141 1141 1138 1134 1130 1126 1123
    1119 1115 1112 1112 1112 1115 1123 1126 1130 1138 1141 1153 1161
    1165 1173 1177 1189 1202 1206 1210 1219 1227 1241 1255 1255 1264
    1278 1278 3692 3692 3692 3732 3732 3692 3692 3692 3653 3653 1181
    1177 1173 1169 1165 1165 1161 1153 1153 1149 1141 1141 1138 1138
    1134 1126 1126 1123 1119 1115 1112 1108 1108 1112 1119 1123 1126
    1134 1141 1153 1161 1165 1173 1177 1189 1197 1206 1210 1219 1227
    1241 1250 1250 1259 1268 1273 1273 3732 3732 3732 3732 3692 3692
    3692 3653 3653 1177 1177 1173 1169 1165 1161 1153 1153 1149 1149
    1141 1141 1138 1134 1130 1126 1123 1123 1119 1112 1112 1108 1108
    1112 1115 1123 1126 1130 1141 1145 1153 1161 1173 1181 1189 1193
    1202 1210 1219 1227 1236 1250 1250 1255 1268 1273 1273 3774 3774
    3774 3732 3692 3692 3692 3653 3653 1177 1173 1169 1165 1161 1157
    1153 1149 1149 1145 1141 1138 1138 1134 1130 1126 1123 1119 1115
    1112 1112 1108 1108 1108 1112 1119 1123 1126 1138 1141 1149 1157
    1169 1177 1193 1193 1202 1206 1214 1227 1236 1250 1250 1255 1259
    1273 1273 1273 3732 3732 3732 3692 3692 3692 3692 3692 1177 1169
    1169 1165 1161 1157 1153 1149 1145 1141 1141 1138 1134 1130 1126
    1126 1123 1119 1115 1112 1112 1108 1108 1108 1112 1119 1123 1126
    1138 1141 1149 1153 1157 1169 1193 1193 1197 1202 1206 1227 1236
    1245 1245 1255 1259 1259 1259 0 3692 3692 3692 3692 3692 3692 3692
    3692 1177 1169 1169 1165 1161 1157 1153 1149 1145 1141 1141 1138
    1134 1130 1126 1123 1123 1115 1112 1112 1108 1108 1108 1108 1112
    1115 1123 1126 1134 1149 1149 1153 1157 1165 1189 1193 1193 1197
    1206 1223 1232 1241 1245 1250 1255 1255 1255 0 3692 3692 3692 3692
    3692 3692 3653 3653 0 1165 1165 1165 1157 1153 1153 1149 1145 1138
    1138 1138 1134 1130 1126 1123 1119 1112 1112 1108 1108 1105 1105
    1105 1108 1112 1119 1123 1134 1145 1149 1153 1153 1161 1185 1193
    1193 1193 1202 1223 1232 1236 1245 1250 1255 1255 1255 0 3653 3653
    3653 3653 3653 3653 3653 3653 0 1165 1165 1161 1157 1153 1149 1149
    1141 1138 1138 1134 1130 1126 1123 1123 1119 1112 1108 1108 1105
    1101 1101 1101 1105 1112 1112 1123 1126 1145 1149 1149 1153 1157
    1185 1189 1193 1193 1202 1223 1227 1232 1241 1250 1255 1255 1255
    1255 0 3653 3653 3614 3614 3614 3614 3614 0 1165 1165 1157 1153 1153
    1149 1145 1141 1138 1138 1130 1130 1126 1123 1123 1115 1112 1108
    1105 1101 1097 1097 1097 1105 1108 1108 1123 1123 1141 1145 1149
    1149 1157 1181 1185 1185 1189 1206 1219 1227 1232 1241 1245 1250
    1255 1255 1255 0 3653 3653 3614 3614 3614 3614 3614 1161 1161 1161
    1157 1153 1149 1149 1141 1141 1134 1134 1126 1126 1126 1123 1123
    1115 1112 1108 1105 1101 1097 1097 1097 1101 1105 1108 1112 1123
    1138 1141 1145 1149 1161 1181 1181 1185 1189 1197 1214 1223 1232
    1236 1245 1250 1255 1255 1255 0 3614 3614 3614 3576 3576 3576 3614
    1153 1153 1153 1153 1149 1145 1145 1141 1138 1134 1130 1126 1126
    1126 1123 1123 1115 1112 1108 1101 1097 1097 1097 1097 1097 1101
    1112 1112 1123 1130 1138 1141 1149 1161 1177 1181 1185 1189 1193
    1206 1219 1232 1236 1241 1250 1255 1255 1259 0 3614 3614 3614 3576
    3576 3576 3614 1153 1153 1153 1153 1149 1145 1141 1138 1138 1134
    1130 1126 1123 1123 1123 1119 1112 1112 1108 1101 1097 1097 1094
