<?xml version="1.0"?>
<opencv_storage>
<Depth11526 type_id="opencv-matrix">
  <rows>7</rows>
  <cols>18</cols>
  <dt>w</dt>
  <data>
    7660 7835 7835 7835 7835 7835 8019 8019 7835 7835 7835 8019 7835
    7835 7660 7660 7835 7835 7660 7660 7660 7660 7660 7660 7660 7835
    7835 8019 8019 7835 7660 7660 7660 7660 7660 7660 7660 7660 7660
    7660 7492 7492 7660 7660 7660 7835 7835 7660 7660 7492 7492 7492
    7492 7492 7660 7660 7660 7492 7492 7492 7492 7492 7492 7492 7492
    7660 7492 7492 7492 7492 7492 7492 7660 7492 7492 7492 7492 7492
    7492 7492 7492 7492 7492 7492 7492 7492 7492 7492 7492 7492 7660
    7492 7492 7492 7492 7492 7492 7492 7332 7332 7492 7492 7492 7492
    7492 7492 7492 9084 7660 7660 7492 7492 7492 7492 7492 7492 7332
    7332 7492 7492 7492 7492 7492 7660 9084 9084</data></Depth11526>
</opencv_storage>
