<?xml version="1.0"?>
<opencv_storage>
<Depth9088 type_id="opencv-matrix">
  <rows>7</rows>
  <cols>22</cols>
  <dt>w</dt>
  <data>
    0 0 0 4349 4349 4349 4349 4405 4405 4405 4405 4405 4463 0 4522 4463
    4463 4405 4405 4463 4463 4463 0 4295 4295 4295 4295 4295 4349 4405
    4405 4405 4405 4405 4463 4463 4463 4463 4463 4463 4463 4463 4463
    4463 3994 4241 4295 4295 4295 4295 4295 4349 4405 4405 4405 4405
    4463 4463 4405 4405 4463 4522 4522 4522 4463 4463 3994 4241 4295
    4295 4295 4295 4295 4349 4405 4405 4405 4405 4405 4463 4405 4405
    4463 4522 4522 4522 4463 4405 4295 4295 4349 4349 4349 4295 4295
    4295 4295 4295 4349 4405 4405 4405 4405 4405 4405 4463 4463 4463
    4405 4405 4295 4295 4405 4349 4349 4295 4295 4295 4295 4295 4349
    4405 4405 4405 4405 4405 4405 4463 4463 4463 4405 4405 4522 4405
    4405 4405 4405 4241 4241 4241 4241 4295 4295 4349 4349 4405 4405
    4405 4405 4463 5132 5374 4405 4405</data></Depth9088>
</opencv_storage>
