<?xml version="1.0"?>
<opencv_storage>
<Depth9274 type_id="opencv-matrix">
  <rows>96</rows>
  <cols>59</cols>
  <dt>w</dt>
  <data>
    4089 4089 4139 4139 4139 4139 4139 4139 4139 4139 4139 4139 1250
    1245 1245 1245 1250 1255 1255 1250 4089 4089 4089 4089 4089 4089
    4139 4139 4139 4139 4190 4190 4190 4190 4190 4190 4190 4190 4190
    4190 4190 4190 4139 4139 4190 4190 4139 4139 4139 4139 4139 4190
    4190 4190 4190 4139 4139 4139 4139 4089 4089 4139 4139 4139 4139
    4139 4139 4139 4139 4139 1245 1245 1245 1245 1245 1250 1250 1250
    1250 4089 4089 4041 4041 4089 4089 4139 4139 4139 4139 4190 4190
    4190 4190 4190 4190 4190 4190 4190 4190 4190 4190 4139 4139 4190
    4190 4139 4139 4139 4139 4190 4190 4190 4190 4190 4139 4139 4139
    4139 4089 4139 4139 4139 4139 4139 4139 4139 4139 1250 1250 1245
    1245 1245 1241 1241 1241 1241 1245 1250 1250 4041 4041 1268 1268
    1268 1273 1273 1273 1273 1288 1288 1288 1292 1302 4190 4190 4190
    4190 4190 4139 4139 4139 4139 4190 4190 4190 4139 4139 4139 4139
    1343 1338 1328 1328 1328 4139 4139 4139 4089 4139 4190 4190 4190
    1297 1297 1297 1255 1250 1245 1245 1241 1241 1241 1241 1241 1241
    1245 1250 1255 1255 1259 1259 1268 1268 1268 1268 1268 1268 1268
    1278 1288 1292 1292 1292 1292 1292 1297 1302 1302 1302 1302 1302
    1307 1302 1302 1302 1307 1312 1328 1328 1328 1328 1328 1328 1328
    4190 4190 4089 4139 4139 4139 0 1297 1297 1297 1250 1241 1241 1236
    1236 1236 1236 1241 1241 1241 1245 1250 1250 1255 1259 1259 1268
    1268 1268 1268 1268 1268 1268 1278 1283 1283 1288 1288 1292 1292
    1292 1292 1292 1297 1297 1302 1302 1302 1302 1302 1307 1312 1322
    1328 1328 1328 1322 1322 1322 1322 4139 4089 4089 4089 0 0 1283 1283
    1264 1250 1241 1236 1232 1232 1232 1232 1241 1241 1241 1245 1245
    1250 1250 1255 1259 1264 1268 1268 1268 1268 1268 1268 1278 1278
    1283 1283 1283 1288 1288 1292 1292 1292 1292 1297 1297 1302 1302
    1302 1302 1307 1307 1317 1322 1322 1322 1322 1322 1322 1322 1322
    4089 4089 4089 0 0 1283 1283 1264 1250 1241 1236 1232 1232 1232 1232
    1241 1241 1241 1245 1245 1245 1250 1255 1259 1264 1264 1268 1268
    1268 1268 1268 1278 1278 1283 1283 1283 1283 1288 1288 1288 1288
    1288 1297 1297 1302 1302 1302 1302 1307 1307 1312 1317 1317 1317
    1322 1322 1322 1317 1317 4089 4089 4089 0 1288 0 1283 1273 1259 1241
    1232 1232 1232 1232 1232 1236 1245 1245 1245 1245 1245 1250 1255
    1259 1264 1264 1264 1264 1268 1268 1268 1278 1278 1283 1283 1283
    1283 1288 1288 1288 1288 1288 1292 1297 1302 1302 1302 1302 1307
    1307 1312 1312 1312 1317 1317 1322 1322 1317 1317 4089 0 0 0 0 1288
    1278 1268 1255 1241 1232 1232 1232 1232 1232 1236 1241 1245 1245
    1245 1245 1250 1255 1259 1264 1268 1264 1264 1268 1268 1268 1278
    1278 1278 1283 1283 1283 1283 1283 1283 1288 1288 1292 1297 1302
    1302 1302 1302 1307 1307 1307 1312 1312 1317 1317 1322 1322 1317
    1317 4089 0 0 0 0 1283 1278 1268 1250 1241 1232 1232 1232 1232 1236
    1241 1241 1241 1245 1245 1245 1250 1250 1259 1268 1268 1264 1264
    1268 1268 1268 1278 1278 1278 1283 1283 1283 1283 1283 1283 1288
    1288 1297 1297 1302 1302 1302 1302 1307 1307 1307 1312 1312 1312
    1312 1317 1322 1322 1322 4041 0 0 0 1283 1283 1273 1259 1245 1236
    1232 1232 1232 1232 1236 1241 1241 1241 1245 1245 1245 1250 1250
    1259 1264 1268 1264 1264 1264 1268 1278 1283 1283 1283 1283 1283
    1283 1283 1283 1283 1288 1292 1297 1297 1302 1302 1302 1302 1307
    1307 1307 1312 1312 1312 1312 1317 1322 1322 1322 3994 0 0 0 1283
    1283 1273 1255 1241 1236 1232 1227 1227 1232 1236 1241 1241 1241
    1245 1245 1245 1245 1250 1250 1264 1264 1264 1264 1264 1273 1278
    1278 1278 1278 1283 1283 1283 1283 1288 1288 1292 1297 1297 1297
    1302 1302 1307 1307 1307 1307 1312 1312 1312 1312 1312 1317 1322
    1322 1322 3994 0 0 0 1288 1288 1283 1255 1241 1236 1232 1227 1227
    1232 1236 1236 1241 1241 1245 1245 1245 1245 1250 1250 1264 1264
    1264 1268 1268 1273 1273 1273 1273 1278 1283 1283 1283 1283 1283
    1288 1292 1297 1297 1297 1302 1302 1307 1307 1307 1307 1307 1312
    1312 1312 1312 1317 1322 1322 1322 4089 0 0 0 1288 1288 1288 1250
    1241 1236 1232 1227 1227 1232 1236 1236 1241 1241 1245 1245 1245
    1245 1250 1250 1264 1264 1264 1268 1268 1273 1273 1273 1273 1278
    1283 1283 1283 1283 1283 1288 1292 1292 1297 1297 1302 1302 1307
    1307 1307 1307 1307 1312 1317 1317 1317 1317 1322 1322 1322 4089 0 0
    0 1288 1288 1283 1250 1241 1236 1232 1227 1227 1232 1236 1236 1241
    1241 1245 1245 1245 1245 1250 1250 1264 1264 1264 1264 1268 1273
    1273 1273 1278 1278 1283 1283 1283 1283 1283 1288 1292 1292 1297
    1297 1302 1302 1307 1307 1307 1307 1312 1312 1317 1317 1317 1322
    1322 1322 1322 4089 0 0 0 1288 1288 1283 1259 1245 1236 1232 1227
    1227 1232 1236 1241 1241 1241 1245 1245 1245 1245 1255 1259 1264
    1264 1264 1264 1268 1273 1273 1273 1278 1278 1283 1283 1283 1283
    1288 1292 1297 1297 1297 1297 1302 1307 1307 1307 1307 1307 1307
    1312 1317 1317 1317 1322 1322 1322 1322 4041 0 0 0 1288 1288 1273
    1255 1245 1236 1232 1232 1232 1232 1241 1241 1241 1241 1245 1245
    1245 1245 1255 1259 1264 1264 1264 1268 1268 1273 1273 1273 1278
    1278 1283 1288 1288 1288 1288 1292 1297 1297 1297 1302 1302 1307
    1307 1307 1307 1307 1307 1312 1312 1317 1322 1322 1322 1322 1322
    4041 0 0 0 0 1292 1273 1255 1245 1236 1232 1232 1232 1236 1241 1241
    1241 1241 1245 1245 1245 1245 1255 1259 1264 1264 1268 1268 1268
    1273 1273 1278 1278 1283 1283 1288 1288 1288 1288 1292 1297 1297
    1297 1302 1302 1307 1307 1307 1307 1307 1307 1312 1312 1317 1322
    1322 1322 1322 1322 4089 0 0 0 1292 1292 1278 1259 1241 1236 1232
    1232 1232 1236 1241 1241 1241 1241 1245 1245 1245 1245 1255 1259
    1264 1264 1268 1268 1268 1273 1273 1278 1278 1283 1283 1283 1288
    1288 1288 1288 1292 1297 1297 1302 1302 1302 1307 1307 1307 1307
    1312 1317 1317 1317 1322 1322 1322 1322 1322 4089 0 0 0 1292 1283
    1273 1255 1241 1236 1232 1232 1236 1236 1236 1241 1241 1245 1245
    1245 1245 1245 1255 1259 1264 1264 1268 1268 1268 1273 1278 1278
    1278 1283 1283 1283 1288 1288 1288 1288 1292 1297 1297 1302 1302
    1302 1307 1307 1307 1307 1312 1317 1317 1317 1317 1322 1322 1328
    1328 0 0 0 0 1288 1278 1273 1255 1241 1236 1232 1232 1232 1236 1236
    1241 1241 1245 1245 1245 1250 1250 1250 1259 1264 1264 1268 1268
    1268 1273 1278 1278 1278 1283 1283 1283 1288 1288 1288 1288 1297
    1297 1297 1302 1302 1302 1302 1307 1307 1307 1312 1317 1317 1317
    1317 1322 1322 1328 1328 4089 4089 0 1288 1288 1278 1268 1259 1245
    1236 1232 1232 1232 1236 1236 1241 1241 1245 1245 1245 1250 1250
    1250 1255 1264 1264 1268 1268 1268 1273 1278 1278 1278 1278 1283
    1288 1288 1288 1288 1292 1297 1297 1297 1302 1302 1302 1302 1307
    1307 1307 1312 1317 1317 1317 1317 1322 1322 1322 1322 4089 4089 0
    1288 1288 1278 1268 1259 1245 1232 1227 1227 1232 1241 1241 1241
    1241 1245 1245 1245 1245 1250 1255 1255 1264 1264 1264 1268 1268
    1273 1278 1278 1278 1278 1283 1288 1288 1288 1288 1292 1297 1297
    1302 1302 1302 1302 1302 1302 1307 1307 1312 1312 1312 1317 1317
    1322 1322 1322 1322 4089 4089 0 1288 1288 1278 1268 1259 1241 1232
    1227 1227 1232 1241 1241 1241 1245 1245 1245 1245 1245 1250 1255
    1259 1264 1264 1264 1268 1268 1273 1278 1278 1283 1283 1283 1288
    1288 1288 1292 1297 1297 1297 1302 1302 1302 1302 1302 1302 1307
    1307 1312 1312 1312 1317 1317 1322 1322 1322 1322 4139 4139 1292
    1292 1292 1283 1268 1255 1241 1232 1227 1227 1232 1236 1241 1241
    1245 1245 1245 1245 1245 1250 1250 1259 1264 1264 1264 1268 1268
    1273 1278 1278 1278 1278 1283 1283 1288 1288 1292 1297 1297 1297
    1302 1302 1302 1302 1302 1307 1307 1312 1312 1312 1317 1317 1317
    1322 1322 1322 1322 4089 1288 1292 1292 1288 1283 1268 1245 1236
    1232 1227 1227 1232 1236 1241 1241 1245 1245 1245 1245 1245 1250
    1250 1255 1259 1264 1264 1264 1268 1268 1273 1278 1278 1278 1283
