<?xml version="1.0"?>
<opencv_storage>
<Depth18992 type_id="opencv-matrix">
  <rows>29</rows>
  <cols>18</cols>
  <dt>w</dt>
  <data>
    0 0 0 0 0 0 0 0 0 0 0 0 0 5640 5640 5640 5734 5734 0 0 0 0 0 0 0 0 0
    0 0 0 0 5548 5548 5640 5734 5734 0 0 0 0 0 0 0 0 0 0 0 0 5548 5548
    5548 5640 5640 5734 0 0 0 0 0 0 0 0 0 0 0 0 5548 5548 5548 5548 5640
    5734 0 0 0 0 0 0 0 0 0 0 0 5548 5548 5548 5548 5548 5734 5832 0 0 0
    0 0 0 0 0 0 0 5548 5548 5548 5460 5460 5548 5548 6753 0 0 0 0 0 0 0
    0 0 5640 5548 5548 5460 5460 5460 5548 6889 6753 0 0 0 0 0 0 0 0 0
    5640 5548 5548 5460 5460 5460 5460 6889 6753 0 0 0 0 0 0 0 0 5640
    5640 5548 5548 5548 5548 5548 6753 6753 6753 0 0 0 0 0 0 0 0 5640
    5640 5640 5548 5548 5548 5640 6622 6753 6622 0 0 0 0 0 0 0 5734 5640
    5548 5548 5548 5640 5640 6622 6622 6753 6622 0 0 0 0 0 0 0 5734 5640
    5548 5548 5548 5548 5548 6622 6622 6753 6622 0 0 0 0 0 0 0 5734 5640
    5640 5640 5640 5548 5548 6753 6753 6622 6622 0 0 0 0 0 0 0 5734 5640
    5640 5548 5548 5548 5734 6622 6622 6622 6622 0 0 0 0 0 0 5548 5548
    5548 5548 5548 5548 5548 6146 6622 6622 6622 6622 0 0 0 0 0 5374
    5374 5460 5548 5548 5548 5548 5548 6497 6753 6622 6622 6497 0 0 0 0
    0 5374 5374 5460 5460 5460 5548 5548 6146 6622 6622 6622 6497 6497 0
    0 0 0 5460 5460 5460 5460 5460 5460 5460 5548 6497 6622 6497 6497
    6497 6497 0 0 0 0 5460 5460 5460 5374 5374 5374 5460 6497 6497 6497
    6375 6375 6497 6497 0 0 0 5374 5374 5374 5460 5374 5374 5374 6622
    6497 6497 6375 6259 6259 6375 6497 0 0 0 5374 5374 5374 5460 5374
    5374 5374 6622 6497 6497 6375 6259 6259 6375 6497 0 0 5374 5374 5374
    5374 5374 5374 5374 5460 6622 6497 6497 6497 6375 6375 6375 6497 0 0
    5374 5374 5374 5374 5374 5374 5374 6146 6146 6497 6497 6497 6375
    6375 6375 6497 0 0 5374 5374 5374 5374 5374 5460 6497 6146 6146 6375
    6375 6497 6497 6497 6497 6622 0 0 5374 5374 5374 5374 5460 5460 6497
    6375 6375 6375 6375 6375 6375 6497 6497 6497 0 0 5374 5374 5374 5374
    5460 5460 6259 6259 6259 6259 6259 6375 6375 6497 6497 6497 0 5640
    5460 5460 5374 5374 5460 5832 6259 6259 6259 6259 6259 6259 6375
    6497 6497 6497 5832 5640 5460 5374 5374 5374 5374 6259 6259 6259
    6259 6259 6259 6259 6375 6497 6497 6497 5832 5548 5460 5374 5374
    5374 5374 6497 6375 6375 6375 6259 6259 6375 6375 6497 6497 6375</data></Depth18992>
</opencv_storage>
