<?xml version="1.0"?>
<opencv_storage>
<Depth12505 type_id="opencv-matrix">
  <rows>8</rows>
  <cols>25</cols>
  <dt>w</dt>
  <data>
    5734 5640 5640 5640 5548 5548 5640 5640 5640 5640 5548 5548 5548
    5548 5548 5640 5640 5734 5734 5734 5734 5734 5734 5734 5548 5734
    5640 5640 5640 5548 5548 5640 5640 5548 5548 5548 5548 5548 5640
    5640 5640 5640 5734 5734 5734 5734 5734 5548 5548 5548 5734 5640
    5640 5640 5734 5734 5734 5640 5548 5548 5548 5548 5548 5640 5640
    5640 5640 5640 5640 5734 5734 5640 5548 5548 5548 5734 5640 5640
    5640 5734 5734 5734 5640 5548 5548 5548 5548 5548 5548 5548 5640
    5640 5640 5640 5640 5640 5640 5548 5548 5640 5734 5640 5548 5548
    5640 5640 5640 5640 5640 5640 5640 5548 5548 5548 5460 5460 5548
    5548 5548 5460 5460 5640 5640 5640 5734 0 5548 5460 5460 5460 5460
    5548 5548 5548 5734 5640 5548 5548 5460 5374 5291 5291 5374 5374
    5460 5460 5640 5640 5640 5734 0 5548 5460 5460 5374 5374 5460 5548
    5548 0 0 0 5460 5460 5291 5291 5291 5374 5374 5460 5460 5734 5640
    5640 5734 0 0 0 5291 5291 5374 5460 0 0 0 0 0 5460 5460 5291 5291 0
    0 0 6753 0 6753 6753 6375 6375</data></Depth12505>
</opencv_storage>
