<?xml version="1.0"?>
<opencv_storage>
<Depth12568 type_id="opencv-matrix">
  <rows>12</rows>
  <cols>9</cols>
  <dt>w</dt>
  <data>
    5374 5374 5291 5291 5291 5210 5210 5210 5210 5374 5374 5291 5291
    5291 5210 5210 5210 5210 5374 5374 5291 5291 5291 5291 5291 5291
    5291 5374 5374 5291 5291 5291 5291 5291 5291 5291 5374 5291 5291
    5291 5291 5291 5291 5291 5291 5374 5291 5210 5210 5210 5210 5291
    5291 0 5374 5291 5210 5210 5210 5210 5291 0 0 5374 5291 5291 5210
    5210 5210 5291 0 0 5374 5291 5291 5291 5210 5210 5291 5291 0 5374
    5374 5374 5291 5291 5291 5291 5291 0 5374 5374 5374 5291 5291 5374
    5374 0 0 5374 5374 5374 5374 5374 5374 0 0 2184</data></Depth12568>
</opencv_storage>
