<?xml version="1.0"?>
<opencv_storage>
<Depth6979 type_id="opencv-matrix">
  <rows>29</rows>
  <cols>45</cols>
  <dt>w</dt>
  <data>
    5210 5210 5210 5210 2241 2241 2241 2226 2226 2226 2226 2226 2226
    5210 5132 5132 5132 5132 5132 5132 5132 5132 5056 5056 5056 5056
    5056 4983 4911 4911 4911 4911 4911 4911 4911 4911 4911 4911 4911
    4911 4911 4911 4911 4911 4911 5132 5132 5132 2241 2241 2241 2241
    2226 2226 2226 2226 2226 2212 2212 2212 5132 5132 5132 5132 5132
    5132 5132 5132 5132 5056 5056 5056 4983 4983 4983 4911 4911 4911
    4911 4911 4983 4911 4911 4911 4911 4911 4911 4911 4911 4911 5132
    5132 2241 2241 2241 2241 2241 2226 2226 2226 2226 2226 2212 2212
    2212 2226 2226 5132 5132 5056 5056 5056 5132 5132 5056 5056 5056
    5056 4983 4983 4911 4911 4911 4911 4911 4983 4983 4983 4911 4911
    4911 4911 4911 4911 4911 5132 2241 2241 2241 2241 2241 2241 2226
    2226 2226 2226 2226 2226 2226 2226 2226 2226 2226 2226 2226 5056
    5056 5056 5132 5132 5132 5056 5056 5056 5056 4983 4983 4911 4911
    4911 4983 4983 4983 4911 4911 4911 4911 4911 4911 4911 2226 2226
    2241 2226 2226 2226 2226 2226 2226 2226 2226 2226 2226 2226 2212
    2212 2226 2226 2226 2226 2226 2226 2226 5132 5056 5056 5056 5056
    5056 5056 5056 4983 4911 4911 4911 4983 4983 4983 4911 4911 4911
    4911 4911 4911 4911 2226 2226 2226 2226 2226 2226 2226 2226 2226
    2226 2226 2226 2226 2226 2212 2212 2226 2212 2212 2226 2226 2226
    2226 2226 2226 2226 5056 4983 4983 5056 5056 4983 4983 4983 4983
    4983 4983 4983 4983 4983 4911 4911 4911 4911 4911 2226 2226 2226
    2226 2226 2226 2226 2226 2226 2212 2212 2212 2226 2226 2212 2212
    2212 2212 2212 2212 2226 2212 2212 2226 2212 2212 2212 4983 4983
    5056 5056 5056 5056 4983 4983 5056 4983 4983 4983 4983 4983 4911
    4911 4983 4983 2226 2226 2226 2226 2226 2226 2226 2226 2226 2212
    2212 2212 2212 2212 2212 2212 2212 2212 2212 2212 2212 2212 2212
    2212 2212 2212 2212 2212 2212 5056 4983 4983 5056 5056 5056 5056
    5056 4983 4983 4983 4983 4983 4983 4983 4983 2226 2226 2226 2226
    2226 2226 2226 2212 2212 2212 2212 2212 2212 2212 2212 2212 2212
    2212 2212 2212 2212 2212 2212 2212 2212 2212 2212 2198 2198 2198
    2198 4983 5056 5056 5056 5132 5056 5056 4983 4983 4983 4983 4983
    4983 4983 2212 2212 2212 2212 2212 2212 2212 2212 2212 2212 2212
    2212 2212 2212 2212 2212 2212 2212 2212 2212 2212 2212 2212 2212
    2212 2198 2198 2198 2198 2198 2198 2198 2198 2198 5056 5132 5132
    5056 4983 4983 4983 4983 4983 4983 4983 2212 2212 2212 2212 2212
    2212 2212 2212 2212 2212 2212 2212 2212 2212 2212 2212 2212 2212
    2212 2212 2198 2198 2198 2198 2198 2198 2198 2198 2198 2198 2198
    2198 2198 2198 2198 2198 5210 5132 5056 5056 4983 4983 4983 4983
    4983 2226 2226 2226 2226 2226 2226 2212 2212 2212 2212 2212 2212
    2212 2212 2212 2212 2212 2212 2198 2198 2198 2198 2198 2198 2198
    2198 2198 2198 2198 2198 2198 2198 2198 2212 2198 2198 2198 2184
    2184 2184 5056 5056 4983 4983 4983 5460 2226 2226 2241 2241 2226
    2212 2212 2212 2212 2212 2198 2198 2212 2198 2198 2212 2198 2198
    2198 2198 2198 2198 2198 2198 2198 2198 2198 2198 2198 2198 2198
    2198 2198 2198 2198 2198 2184 2184 2184 2184 2184 5056 4983 4983
    5374 5374 2271 2271 2271 2256 2241 2226 2212 2212 2212 2198 2198
    2212 2198 2198 2198 2198 2198 2198 2198 2198 2198 2198 2198 2198
    2198 2198 2198 2198 2184 2184 2198 2198 2198 2198 2198 2184 2184
    2184 2184 2184 2184 5056 4983 5374 5374 5460 2286 2286 2286 2286
    2256 2241 2212 2212 2198 2198 2198 2198 2198 2198 2198 2198 2198
    2198 2198 2198 2198 2198 2198 2198 2184 2184 2184 2184 2184 2184
    2198 2198 2198 2198 2198 2198 2184 2184 2184 2184 2184 2184 5460
    5460 5460 5548 2301 2301 2301 2286 2256 2226 2226 2212 2212 2198
    2198 2198 2198 2198 2198 2198 2198 2198 2198 2198 2184 2184 2184
    2184 2184 2184 2184 2184 2184 2198 2198 2198 2184 2184 2184 2184
    2184 2184 2184 2184 2184 5460 5460 5460 5460 5548 2349 2349 2333
    2317 2301 2241 2226 2212 2212 2212 2198 2198 2198 2198 2198 2198
    2198 2198 2198 2184 2184 2184 2184 2184 2184 2184 2184 2184 2198
    2198 2198 2184 2184 2184 2184 2184 2184 2184 2184 2170 5460 5460
    5460 5460 5548 5548 5548 5548 2381 2381 2381 2271 2226 2226 2212
    2212 2212 2198 2198 2198 2198 2198 2184 2184 2184 2184 2184 2184
    2184 2184 2184 2184 2184 2198 2198 2184 2184 2184 2184 2184 2184
    2184 2184 2184 2170 5460 5460 5460 5548 5548 5548 5460 5460 5374
    2398 2398 2381 2365 2333 2333 2317 2271 2212 2212 2212 2198 2198
    2184 2184 2184 2184 2184 2184 2184 2184 2184 2184 2184 2198 2198
    2184 2184 2184 2184 2184 2184 2184 2184 2184 2184 5460 5460 5548
    5548 5548 5460 5460 5460 5374 5374 2415 2415 5460 2365 2349 2333
    2333 2317 2301 2256 2226 2212 2198 2184 2184 2184 2184 2170 2170
    2170 2170 2170 2170 2184 2184 2184 2184 2184 2184 2184 2170 2170
    2170 2184 2198 5460 5460 5548 5548 5548 5460 5460 5460 5374 5374
    5374 5460 5460 5460 5460 2349 2333 2333 2333 2301 2271 2256 2241
    2226 2212 2198 2184 2170 2170 2170 2170 2170 2170 2184 2184 2184
    2184 2184 2184 2170 2170 2170 2170 2184 0 5460 5460 5548 5548 5460
    5460 5460 5460 5374 5374 5374 5460 5460 5460 5460 5374 5374 2333
    2333 2301 2286 2286 2271 2256 2256 2212 2184 2184 2184 2170 2170
    2170 2170 2170 2170 2170 2170 2170 2170 2170 2170 2170 2170 2170 0
    5460 5460 5460 5460 5460 5460 5460 5374 5374 5374 5374 5460 5460
    5460 5460 5374 5374 5291 5291 5291 2301 2286 2286 2286 2271 2256
    2212 2212 2198 2170 2170 2170 2170 2170 2170 2170 2170 2170 2170
    2170 2170 2170 2170 2170 0 5460 5460 5460 5460 5460 5460 5460 5374
    5374 5374 5374 5460 5460 5460 5460 5374 5374 5374 5374 5374 5374
    5460 5460 2333 2333 2333 2317 2256 2241 2212 2212 2184 2184 2184
    2184 2184 2184 2184 2170 2170 2170 2170 2170 2170 0 5460 5460 5460
    5460 5460 5460 5460 5374 5374 5374 5460 5460 5460 5460 5460 5374
    5374 5374 5374 5374 5460 5460 5460 2365 2365 2349 2349 2317 2301
    2271 2226 2212 2198 2198 2198 2184 2184 2184 2170 2170 2170 2170
    2170 0 0 5374 5374 5374 5460 5460 5460 5460 5374 5374 5374 5460 5460
    5460 5460 5460 5374 5374 5374 5374 5374 5291 5291 5291 2415 2398
    2398 2365 2333 2317 2317 2301 2301 2226 2212 2212 2212 2198 2184
    2184 2170 2170 2170 2170 0 0 5374 5374 5374 5460 5460 5460 5460 5374
    5374 5460 5460 5460 5460 5460 5460 5374 5374 5460 5374 5374 5291
    5291 5291 2450 2450 5210 5210 5210 2333 2333 2317 2317 2333 2271
    2256 2256 2241 2198 2184 2170 2170 2170 2184 0 0 5374 5374 5374 5374
    5374 5460 5460 5374 5374 5374 5374 5460 5460 5460 5460 5374 5374
    5460 5374 5291 5210 5210 5291 5291 5291 5210 5210 5210 5210 2349
    2349 2333 2333 2317 2286 2286 2271 2226 2184 2170 2170 2170 0 0 0
    5374 5374 5374 5374 5374 5374 5374 5374 5374 5374 5374 5374 5374
    5374 5460 5374 5374 5374 5291 5291 5210 5210 5291 5291 5291 5210
    5210 5210 5210 5132 5132 2349 2349 2333 2333 2333 2301 2301 2301
    5291 5210 0 0 0 0</data></Depth6979>
</opencv_storage>
