<?xml version="1.0"?>
<opencv_storage>
<Depth1295 type_id="opencv-matrix">
  <rows>67</rows>
  <cols>41</cols>
  <dt>w</dt>
  <data>
    3238 3238 3238 3208 3208 1557 1550 1543 1529 1523 1523 1516 1516
    1489 1477 1470 1464 1452 1445 1445 1439 1439 1415 1415 1415 1415
    1415 1421 1421 1433 1439 1439 1439 1439 1439 3149 3149 1458 1458
    1458 3120 3238 1586 1586 1579 1572 1557 1550 1543 1529 1523 1523
    1516 1509 1483 1477 1470 1464 1452 1445 1445 1439 1439 1415 1415
    1415 1415 1415 1421 1421 1427 1433 1439 1439 1439 1439 1439 1445
    1452 1452 1452 1452 1586 1586 1586 1579 1572 1557 1550 1543 1536
    1529 1516 1509 1489 1483 1477 1470 1464 1452 1452 1445 1439 1433
    1415 1415 1415 1415 1415 1421 1421 1427 1433 1439 1439 1445 1439
    1439 1445 1452 1452 1452 1452 1594 1594 1586 1579 1572 1557 1550
    1543 1536 1523 1516 1509 1489 1483 1477 1477 1470 1458 1452 1445
    1439 1433 1415 1415 1415 1415 1415 1421 1427 1427 1433 1439 1439
    1445 1445 1445 1452 1452 1458 1458 1458 1601 1601 1586 1579 1572
    1557 1550 1543 1536 1523 1516 1509 1489 1483 1483 1477 1470 1464
    1452 1445 1439 1433 1415 1415 1415 1415 1415 1421 1427 1433 1433
    1439 1439 1445 1445 1445 1452 1452 1452 1452 1452 1601 1601 1586
    1579 1572 1564 1550 1543 1536 1529 1523 1509 1489 1489 1483 1477
    1470 1464 1452 1445 1439 1433 1415 1415 1415 1415 1415 1421 1427
    1433 1439 1439 1445 1445 1445 1452 1452 1458 1452 1452 1452 1601
    1601 1586 1579 1572 1564 1550 1543 1536 1529 1523 1516 1503 1489
    1483 1477 1470 1464 1452 1445 1439 1433 1415 1415 1415 1415 1415
    1421 1427 1433 1439 1439 1445 1445 1445 1452 1452 1452 1452 1452
    1452 1594 1594 1586 1579 1572 1564 1550 1543 1536 1529 1523 1516
    1503 1489 1483 1477 1470 1464 1452 1445 1439 1433 1415 1415 1415
    1415 1415 1421 1427 1433 1439 1439 1445 1445 1452 1452 1452 1452
    1452 1452 1452 1579 1579 1579 1579 1572 1572 1557 1550 1536 1529
    1523 1516 1503 1496 1483 1477 1470 1464 1458 1445 1439 1433 1421
    1415 1415 1421 1421 1421 1427 1433 1439 1439 1445 1445 1445 1452
    1452 1452 1458 1458 3092 1579 1579 1579 1579 1572 1572 1557 1550
    1543 1529 1523 1516 1509 1496 1483 1477 1470 1464 1458 1445 1439
    1433 1421 1415 1415 1421 1421 1427 1433 1433 1439 1439 1445 1445
    1445 1445 1452 1452 1458 1464 3092 1586 1586 1579 1579 1572 1572
    1557 1550 1543 1536 1523 1516 1509 1496 1483 1477 1470 1464 1458
    1452 1439 1433 1427 1415 1415 1421 1421 1427 1433 1433 1439 1439
    1445 1445 1445 1445 1452 1452 1458 1464 1464 1586 1586 1586 1579
    1579 1572 1557 1550 1543 1536 1523 1516 1503 1496 1483 1477 1470
    1464 1458 1452 1439 1439 1433 1415 1415 1415 1421 1421 1427 1433
    1439 1439 1445 1445 1445 1445 1445 1452 1458 1464 1464 1594 1594
    1586 1579 1579 1572 1557 1550 1543 1536 1523 1516 1503 1496 1483
    1470 1470 1464 1464 1452 1445 1439 1427 1415 1415 1415 1415 1421
    1427 1433 1439 1439 1445 1445 1439 1439 1445 1452 1458 1470 1470
    1594 1594 1594 1579 1579 1572 1557 1550 1543 1536 1523 1509 1503
    1496 1483 1470 1470 1464 1464 1452 1439 1439 1427 1415 1415 1415
    1415 1421 1427 1433 1439 1439 1445 1445 1439 1439 1445 1452 1458
    1470 1470 1594 1594 1594 1579 1579 1572 1557 1550 1543 1536 1523
    1509 1503 1496 1483 1470 1470 1464 1464 1452 1439 1439 1427 1421
    1415 1415 1421 1421 1427 1433 1439 1439 1445 1445 1445 1445 1445
    1452 1458 1464 1464 1601 1601 1594 1579 1579 1572 1557 1550 1543
    1536 1523 1509 1503 1496 1489 1477 1470 1470 1464 1452 1439 1433
    1427 1421 1421 1421 1421 1421 1427 1433 1439 1439 1445 1445 1445
    1445 1452 1458 1464 1464 1464 1609 1609 1601 1586 1579 1572 1564
    1550 1543 1536 1523 1516 1503 1496 1489 1477 1470 1470 1464 1452
    1439 1433 1427 1421 1421 1421 1421 1427 1433 1433 1439 1445 1445
    1445 1452 1452 1452 1458 1458 1464 3120 1609 1609 1601 1586 1579
    1572 1564 1550 1543 1543 1529 1516 1503 1496 1489 1477 1470 1470
    1464 1452 1439 1439 1427 1421 1421 1421 1421 1427 1433 1433 1439
    1445 1445 1445 1452 1452 1452 1452 1458 1458 3120 1601 1601 1594
    1586 1579 1572 1564 1550 1543 1543 1523 1516 1509 1496 1489 1477
    1477 1470 1464 1452 1439 1439 1427 1421 1421 1421 1421 1421 1433
    1433 1439 1445 1445 1445 1452 1452 1452 1452 1458 1458 3120 1601
    1601 1594 1586 1579 1572 1564 1550 1543 1543 1523 1516 1509 1503
    1489 1483 1477 1470 1464 1452 1445 1439 1433 1421 1421 1421 1421
    1421 1433 1433 1439 1439 1445 1452 1452 1452 1452 1458 1464 1464
    1464 1601 1594 1594 1586 1579 1572 1564 1550 1550 1543 1523 1516
    1509 1503 1496 1483 1477 1464 1464 1452 1445 1439 1433 1421 1421
    1421 1421 1421 1433 1433 1439 1439 1445 1445 1452 1452 1452 1458
    1464 1464 1464 1594 1594 1594 1586 1579 1572 1564 1557 1550 1543
    1523 1516 1509 1503 1496 1483 1477 1464 1464 1452 1445 1439 1427
    1421 1421 1421 1421 1421 1433 1439 1439 1439 1445 1445 1452 1452
    1458 1458 1464 1464 1464 1609 1609 1594 1586 1579 1572 1572 1557
    1550 1543 1523 1516 1509 1503 1496 1489 1477 1470 1464 1458 1445
    1445 1427 1421 1421 1421 1421 1427 1433 1433 1439 1439 1445 1445
    1452 1452 1458 1458 1458 1458 1458 1609 1609 1601 1594 1579 1572
    1572 1557 1550 1543 1523 1516 1509 1503 1489 1483 1477 1470 1464
    1458 1452 1445 1427 1421 1421 1421 1421 1427 1433 1433 1439 1439
    1445 1445 1458 1458 1458 1458 1458 1458 1458 1609 1609 1601 1594
    1586 1579 1572 1564 1550 1529 1523 1516 1509 1503 1489 1483 1477
    1470 1464 1458 1452 1445 1433 1427 1421 1421 1427 1427 1433 1433
    1439 1439 1445 1445 1452 1452 1458 1458 1458 1458 1458 1609 1609
    1601 1601 1586 1579 1572 1564 1550 1529 1523 1516 1516 1503 1489
    1483 1470 1470 1464 1458 1452 1445 1433 1427 1421 1421 1421 1427
    1433 1433 1439 1439 1445 1445 1452 1452 1458 1458 1458 1458 1458
    1609 1609 1601 1594 1586 1579 1572 1564 1550 1529 1523 1523 1516
    1516 1496 1477 1470 1470 1464 1458 1452 1445 1427 1427 1421 1421
    1421 1427 1433 1433 1439 1439 1445 1445 1452 1452 1458 1458 1464
    1464 1464 1601 1601 1594 1594 1586 1579 1572 1564 1550 1536 1529
    1523 1516 1516 1496 1477 1470 1470 1464 1458 1452 1439 1427 1421
    1421 1421 1421 1427 1433 1439 1439 1439 1445 1445 1452 1452 1458
    1458 1464 1464 1477 3238 1601 1594 1594 1586 1579 1572 1564 1550
    1536 1529 1523 1516 1516 1496 1483 1470 1470 1464 1458 1452 1433
    1427 1421 1421 1421 1421 1427 1433 1439 1439 1439 1445 1452 1452
    1452 1458 1458 1464 1470 1477 3238 1601 1601 1594 1586 1579 1572
    1564 1543 1536 1523 1523 1516 1509 1496 1483 1470 1470 1464 1458
    1452 1433 1421 1421 1421 1421 1421 1427 1439 1439 1439 1445 1445
    1452 1452 1452 1458 1458 1464 1470 1470 1609 1609 1601 1594 1586
    1579 1572 1564 1543 1536 1523 1523 1516 1509 1496 1489 1483 1470
    1464 1458 1452 1433 1421 1421 1421 1421 1421 1427 1439 1439 1439
    1445 1445 1452 1458 1458 1458 1458 1464 1464 1464 1601 1601 1601
    1594 1586 1579 1572 1564 1550 1543 1529 1523 1516 1509 1496 1489
    1483 1470 1464 1464 1458 1439 1427 1421 1421 1421 1421 1433 1439
    1439 1439 1445 1445 1452 1458 1458 1458 1458 1464 1464 1464 1601
    1601 1601 1601 1586 1579 1572 1557 1550 1543 1529 1523 1516 1509
    1496 1489 1483 1477 1470 1464 1445 1439 1427 1421 1421 1421 1421
    1433 1439 1439 1439 1445 1445 1452 1458 1458 1458 1458 1464 1464
    1464 1609 1609 1601 1601 1594 1579 1572 1557 1543 1543 1536 1523
    1516 1509 1496 1489 1483 1477 1470 1464 1445 1439 1427 1421 1421
    1421 1421 1433 1439 1439 1439 1445 1445 1452 1452 1452 1458 1458
    1464 1464 1464 3269 1609 1601 1601 1594 1586 1572 1550 1543 1543
    1536 1529 1516 1509 1496 1489 1483 1477 1470 1464 1445 1439 1433
    1427 1427 1427 1433 1433 1439 1439 1439 1445 1445 1458 1452 1452
    1458 1458 1458 1464 1464 3269 1609 1609 1601 1594 1579 1572 1550
    1543 1543 1536 1529 1516 1509 1503 1489 1483 1477 1470 1464 1445
    1439 1433 1427 1427 1427 1433 1439 1439 1439 1445 1445 1452 1458
    1458 1458 1458 1458 1458 1464 1464 3269 1601 1601 1601 1594 1579
