<?xml version="1.0"?>
<opencv_storage>
<Depth13534 type_id="opencv-matrix">
  <rows>5</rows>
  <cols>26</cols>
  <dt>w</dt>
  <data>
    0 0 0 0 0 0 0 0 0 5832 5832 5734 5640 5640 5548 5548 5460 5460 5460
    5548 5548 5548 5548 5548 5548 5640 0 0 5734 5734 5734 5734 5734 5734
    5734 5640 5548 5548 5548 5548 5548 5460 5460 5460 5460 5548 5548
    5548 5548 5548 5548 5640 5548 5548 5640 5734 5734 5734 5734 5734
    5640 5548 5548 5460 5460 5460 5460 5460 5460 5548 5548 5548 5548
    5548 5460 5460 5548 0 5548 5548 5640 5734 5734 5734 5734 5734 5640
    5548 5460 5460 5460 5460 5460 5291 5291 5460 5548 5548 5460 5291
    5291 5460 0 0 5734 5640 5640 5734 5832 5832 5832 5832 5640 5548 5460
    5460 5460 5460 5460 5291 5291 5460 5548 5548 5460 5291 5291 0 0 0</data></Depth13534>
</opencv_storage>
