<?xml version="1.0"?>
<opencv_storage>
<Depth7565 type_id="opencv-matrix">
  <rows>22</rows>
  <cols>18</cols>
  <dt>w</dt>
  <data>
    5460 5460 5374 5374 5460 5460 5460 5374 5374 4089 4089 4139 4139
    4139 0 0 0 0 5460 5460 5460 5460 5460 5460 5460 5374 5374 4089 4089
    4139 4139 4139 4139 4139 0 0 5460 5460 5460 5460 5460 5460 5460 5374
    5374 4089 4089 4089 4139 4139 4089 4041 3994 3948 5460 5460 5460
    5460 5460 5460 5460 5374 5374 4139 4089 4089 4139 4139 4089 4041
    3994 3948 5460 5460 5460 5460 5460 5460 4295 4295 4190 4139 4139
    4139 4139 4139 4089 4041 3994 3948 5460 5460 5460 5460 4190 4190
    4241 4241 4190 4139 4139 4139 4139 4139 4089 4089 4041 3994 5548
    5460 5460 5460 4190 4190 4241 4241 4190 4139 4139 4139 4089 4089
    4139 4089 4089 4041 5548 5548 5460 5460 5548 4241 4241 4241 4190
    4139 4139 4139 4089 4089 4089 4089 4089 0 5640 5548 5460 5460 4349
    4241 4241 4241 4190 4139 4139 4139 4089 4089 4089 0 0 0 5548 5548
    4405 4349 4349 4295 4241 4241 4190 4139 4139 4139 4089 4089 4089 0 0
    0 5548 5640 4405 4349 4349 4295 4295 4241 4190 4139 4139 4139 4089
    4089 0 0 0 0 5640 4405 4405 4349 4349 4295 4295 4295 4241 4190 4139
    4139 4139 4139 4139 0 0 0 4463 4405 4405 4405 4349 4295 4295 4295
    4241 4190 4190 4139 4139 4139 4139 0 0 0 4463 4405 4405 4405 4349
    4295 4295 4295 4295 4241 4241 4139 4139 0 0 0 0 0 4463 4405 4405
    4405 4349 4295 4295 4295 4295 4241 4241 0 0 0 0 0 0 0 4463 4405 4349
    4349 4349 4295 4295 4295 4295 4295 0 0 0 0 0 0 0 0 4463 4405 4349
    4349 4349 4295 4295 4241 4241 4295 0 0 0 0 0 0 0 0 4405 4349 4295
    4295 4349 4295 4295 4241 4241 0 0 0 0 0 0 0 0 0 4405 4349 4295 4295
    4295 4295 4295 4295 0 0 0 0 0 0 0 0 0 0 4405 4295 4295 4295 4295
    4295 4295 4295 0 0 0 0 0 0 0 0 0 0 4405 4295 4295 4295 4349 4349
    4349 0 0 0 0 0 0 0 0 0 0 0 4295 4295 4295 4295 4349 4349 4349 0 0 0
    0 0 0 0 0 0 0 0</data></Depth7565>
</opencv_storage>
