<?xml version="1.0"?>
<opencv_storage>
<Depth9124 type_id="opencv-matrix">
  <rows>7</rows>
  <cols>10</cols>
  <dt>w</dt>
  <data>
    8212 8212 8212 8212 8212 8019 7835 7835 7835 7835 8212 8019 8019
    8019 8019 8019 8019 7835 7835 7835 8019 8019 8019 8019 8019 8019
    8019 8019 7835 7835 8019 8019 8019 8019 8019 8019 8019 8019 7835
    7835 8019 8019 7835 7835 8019 8019 8019 8019 7835 7835 7835 7835
    7835 7835 8019 8019 8019 8019 7835 7835 0 8019 8019 8019 8019 7660
    7660 7660 7835 7660</data></Depth9124>
</opencv_storage>
