<?xml version="1.0"?>
<opencv_storage>
<Depth17156 type_id="opencv-matrix">
  <rows>15</rows>
  <cols>44</cols>
  <dt>w</dt>
  <data>
    4349 4349 4349 4349 4405 4405 4405 4405 4405 4463 4463 4463 4405
    4405 4463 4522 4522 4522 4522 4582 4582 4522 4522 4522 4522 4522
    4582 4645 4708 4774 4774 4774 4774 3653 3653 3692 3692 3576 3576
    3576 3692 3692 3692 3774 4349 4349 4349 4405 4405 4463 4463 4463
    4463 4522 4463 4405 4405 4405 4463 4522 3503 3503 3539 3576 3576
    4522 4522 3576 3576 3653 3653 3653 3692 3692 3692 3614 3576 3576
    3614 3653 3692 3576 3576 3576 3576 3692 3692 3732 4405 4349 4349
    4405 4405 4463 4463 4463 4522 4522 4463 4405 4405 4405 4463 4463
    3503 3503 3503 3503 3539 3539 3576 3576 3576 3576 3576 3614 3653
    3653 3614 3614 3576 3576 3614 3653 3692 3614 3576 3576 3692 3692
    3692 3732 4405 4349 4349 4405 4405 4405 4463 4463 4522 3399 3399
    3399 3433 3503 3503 3503 3503 3503 3503 3503 3539 3539 3576 3539
    3539 3576 3576 3576 3576 3576 3614 3614 3576 3576 3614 3653 3692
    3692 3732 3732 3692 3692 3732 3732 4405 4405 4405 4405 4405 4405
    3468 3468 3468 3399 3399 3399 3433 3433 3468 3503 3503 3503 3503
    3503 3614 3614 3576 3539 3539 3576 3576 3576 3576 3576 3614 3614
    3614 3614 3614 3692 3692 3692 3732 3732 3732 3732 3732 3732 0 3468
    3468 3433 3433 3433 3433 3468 3468 3433 3399 3399 3433 3433 3468
    3503 3503 3503 3503 3539 3576 3576 3576 3576 3576 3576 3576 3576
    3576 3576 3576 3576 3614 3614 3653 3692 3692 3692 3732 3732 3732
    3732 3732 3732 3433 3433 3433 3433 3433 3433 3433 3433 3468 3433
    3433 3433 3433 3433 3468 3468 3503 3503 3503 3539 3576 3576 3576
    3576 3576 3576 3539 3539 3576 3576 3576 3576 3576 3614 3653 3692
    3692 3692 3732 3732 3732 3732 3732 3774 3433 3433 3433 3433 3399
    3399 3433 3433 3433 3433 3433 3433 3433 3433 3468 3468 3468 3503
    3503 3539 3576 3576 3576 3576 3576 3576 3539 3539 3576 3576 3576
    3576 3576 3653 3653 3692 3692 3692 3732 3692 3692 3692 3732 3774
    3433 3433 3433 3433 3399 3399 3433 3433 3433 3433 3433 3433 3468
    3468 3468 3468 3468 3503 3539 3539 3576 3576 3576 3576 3576 3576
    3576 3576 3576 3576 3576 3614 3614 3653 3692 3692 3692 3692 3732
    3692 3692 3692 3692 2859 3399 3399 3399 3399 3399 3399 3399 3399
    3433 3433 3433 3468 3468 3468 3468 3468 3468 3503 3503 3539 3539
    3576 3576 3576 3576 3576 3576 3576 3576 3576 3576 3614 3653 3692
    3614 3539 3539 3692 3732 3732 3732 2859 2859 2859 3399 3399 3399
    3399 3399 3399 3399 3399 3433 3433 3433 3468 3433 3433 3433 3468
    3468 3503 3503 3539 3539 3576 3576 3576 3576 3576 3576 3614 3576
    3576 3576 3614 0 0 3614 3539 3539 0 0 0 2859 0 2859 2859 3399 3399
    3399 3399 3399 3399 3399 3399 3399 3433 3433 3468 3433 3433 3433
    3468 3468 3503 3539 3539 3539 3539 3576 3576 3576 3576 3614 3614
    3614 3576 3576 0 0 0 0 0 0 0 0 0 0 2859 2859 2859 3399 3365 3365
    3399 3399 3399 3399 3399 3399 3433 3433 3433 3399 3399 3399 3503
    3539 3539 3539 3539 3539 3539 3576 3576 3576 3576 3692 3653 3653 0 0
    0 0 0 0 0 0 0 0 0 2835 2835 2835 2835 3399 3365 3365 3399 3365 3365
    3399 3399 3433 3433 3433 3433 3399 3399 3399 3399 3539 3539 0 0 0 0
    3576 3576 3576 3576 0 0 0 0 0 0 0 0 0 0 0 0 0 0 2835 2835 2835 2835
    3399 3399 3399 3365 3365 3365 3399 3399 3433 3433 3433 3433 3399
    3399 3399 3399 3539 0 0 0 0 0 0 0 0 0 0 0 0 0 0 0 0 0 0 0 0 0 0 0
    2835 2812 2812 2835</data></Depth17156>
</opencv_storage>
