<?xml version="1.0"?>
<opencv_storage>
<Depth13262 type_id="opencv-matrix">
  <rows>4</rows>
  <cols>29</cols>
  <dt>w</dt>
  <data>
    6038 6038 6038 5933 5933 6038 6038 5933 5933 5933 5933 6038 6259
    6259 6146 6038 5933 5933 5933 6038 6038 5933 5832 5832 5832 5734
    5640 5640 5640 6038 6038 6038 6038 6146 6146 6038 5933 5933 5933
    5933 6038 6259 6259 6038 6038 5933 5933 5933 6038 5933 5933 5832
    5832 5832 5734 5640 5640 5640 5933 5933 6038 6038 6146 6146 6038
    5933 5933 5933 6038 6038 6146 6038 6038 6038 6038 6038 6038 6038
    5933 5933 5933 5832 5832 5734 5734 5734 5832 5832 5933 6038 6038
    6146 6146 6146 6038 6038 6038 6038 6038 6146 6038 6038 6038 6038
    6038 6038 6038 5933 5933 5933 5832 5832 5734 5734 5832 0</data></Depth13262>
</opencv_storage>
