<?xml version="1.0"?>
<opencv_storage>
<Depth1419 type_id="opencv-matrix">
  <rows>89</rows>
  <cols>43</cols>
  <dt>w</dt>
  <data>
    3120 3092 3092 3064 3064 3064 3064 1094 1094 1097 1097 1097 1094
    1094 1094 3037 3037 3037 1084 1080 1077 1070 1067 1067 1070 1070
    1070 2958 2958 2933 2933 2933 2933 2933 2908 2883 2859 2859 2883
    2883 2859 2859 2859 3120 3092 1101 1101 1105 1101 1097 1094 1094
    1094 1090 1090 1084 1080 1080 1080 1077 1077 1077 1073 1073 1070
    1067 1067 1070 1070 1080 1080 2933 2933 2933 2933 2933 2933 2908
    2883 2859 2859 2883 2883 2859 2859 2859 1097 1101 1097 1097 1097
    1097 1094 1090 1090 1090 1090 1087 1084 1080 1080 1080 1077 1077
    1073 1070 1070 1070 1067 1067 1070 1070 1080 1108 1108 1108 2933
    2933 2933 2933 2908 2883 2883 2883 2883 2883 2859 2859 2835 1097
    1101 1097 1097 1097 1094 1094 1090 1090 1087 1087 1087 1080 1080
    1077 1077 1077 1077 1073 1070 1070 1070 1067 1067 1070 1073 1080
    1101 1108 1108 1108 2908 2908 2908 2908 2883 2883 2883 2883 2883
    2859 2859 2835 1101 1097 1097 1094 1094 1090 1090 1087 1087 1087
    1084 1084 1080 1080 1077 1077 1077 1073 1073 1070 1070 1070 1067
    1067 1070 1073 1084 1101 1108 1108 1134 2908 2908 2883 2883 2883
    2883 2883 2883 2883 2859 2859 2859 1101 1097 1097 1094 1090 1090
    1090 1087 1087 1087 1084 1084 1080 1080 1080 1077 1077 1073 1073
    1070 1070 1070 1067 1067 1070 1073 1090 1094 1119 1134 1134 1134
    2883 2883 2883 2883 2883 2883 2883 2883 2859 2859 2859 1101 1097
    1097 1094 1090 1090 1090 1087 1087 1084 1084 1084 1080 1080 1080
    1077 1077 1077 1073 1073 1070 1070 1067 1067 1070 1077 1090 1094
    1101 1134 1134 1145 1161 1165 1165 2883 2883 2883 2883 2859 2859
    2859 2835 1101 1097 1097 1094 1090 1090 1090 1090 1087 1084 1084
    1080 1080 1080 1080 1077 1077 1077 1073 1073 1070 1070 1067 1067
    1070 1073 1090 1094 1101 1130 1138 1145 1161 1165 1181 1206 1206
    2883 2883 2859 2859 2859 2835 1101 1101 1097 1094 1090 1090 1090
    1090 1087 1087 1087 1080 1080 1080 1080 1077 1077 1077 1073 1070
    1070 1067 1067 1067 1067 1073 1090 1097 1105 1115 1130 1161 1161
    1165 1181 1206 1214 1219 2883 2883 2835 2835 2835 1101 1097 1097
    1094 1090 1090 1090 1090 1087 1087 1087 1084 1080 1080 1080 1077
    1077 1077 1073 1070 1070 1067 1067 1067 1067 1070 1090 1097 1105
    1115 1126 1130 1161 1165 1210 1210 1214 1219 1241 1241 2835 2835
    2835 1097 1097 1097 1094 1094 1090 1090 1090 1087 1087 1087 1084
    1080 1080 1080 1077 1077 1077 1073 1073 1070 1067 1067 1067 1067
    1070 1084 1097 1108 1115 1126 1130 1161 1169 1181 1210 1214 1223
    1241 1250 1250 2859 2859 1097 1097 1097 1094 1094 1090 1090 1090
    1087 1087 1087 1084 1080 1080 1080 1077 1077 1077 1077 1073 1070
    1067 1067 1067 1067 1070 1077 1097 1108 1115 1126 1130 1165 1173
    1177 1210 1219 1227 1245 1250 1255 1255 2883 1097 1094 1094 1094
    1094 1090 1090 1090 1087 1087 1084 1080 1080 1080 1080 1077 1077
    1077 1077 1073 1070 1067 1067 1067 1067 1070 1077 1097 1108 1115
    1126 1130 1173 1173 1177 1206 1219 1232 1245 1255 1255 1255 2835
    1097 1094 1094 1094 1094 1090 1090 1090 1087 1087 1084 1080 1080
    1080 1080 1077 1077 1077 1073 1070 1070 1067 1067 1067 1067 1070
    1077 1094 1105 1115 1126 1134 1157 1173 1177 1206 1219 1227 1245
    1255 1259 1259 2835 1097 1094 1094 1094 1094 1090 1090 1090 1087
    1087 1084 1080 1080 1080 1080 1077 1077 1077 1073 1070 1070 1067
    1067 1067 1067 1070 1080 1094 1105 1115 1126 1141 1157 1169 1177
    1206 1219 1223 1241 1255 1264 1264 2835 1097 1094 1094 1094 1094
    1090 1090 1090 1087 1087 1084 1080 1080 1080 1080 1077 1077 1077
    1073 1070 1070 1067 1067 1067 1067 1070 1077 1090 1108 1119 1126
    1141 1145 1165 1177 1206 1219 1223 1236 1255 1255 2859 2859 1094
    1094 1097 1094 1094 1090 1090 1090 1087 1084 1084 1080 1080 1080
    1080 1077 1077 1077 1070 1070 1070 1067 1067 1067 1067 1070 1073
    1090 1101 1119 1126 1141 1145 1161 1169 1210 1219 1223 1236 1250
    1259 1259 2859 1094 1094 1097 1094 1094 1094 1090 1087 1087 1084
    1084 1080 1080 1080 1080 1077 1077 1073 1070 1070 1070 1067 1067
    1067 1067 1070 1073 1090 1097 1112 1130 1141 1149 1161 1165 1206
    1223 1227 1236 1245 1259 1259 2812 1097 1097 1097 1094 1094 1094
    1090 1087 1087 1084 1080 1080 1080 1080 1077 1077 1077 1073 1070
    1070 1070 1070 1067 1067 1067 1070 1080 1090 1097 1112 1134 1141
    1149 1161 1165 1181 1223 1227 1236 1245 1259 1259 2835 1094 1094
    1094 1094 1094 1090 1090 1090 1087 1084 1080 1080 1080 1080 1077
    1077 1077 1073 1073 1070 1070 1067 1067 1067 1067 1067 1087 1090
    1101 1134 1134 1145 1153 1161 1173 1181 1223 1223 1232 1236 1259
    1259 2812 1094 1094 1094 1094 1094 1090 1090 1087 1087 1084 1084
    1080 1080 1080 1077 1077 1077 1073 1073 1070 1067 1067 1067 1067
    1067 1067 1090 1094 1101 1130 1130 1145 1149 1161 1173 1197 1223
    1223 1232 1236 1245 1245 2812 1094 1094 1094 1094 1094 1090 1090
    1087 1087 1084 1084 1080 1080 1080 1077 1077 1077 1073 1070 1067
    1067 1067 1067 1067 1067 1067 1087 1094 1101 1123 1123 1145 1149
    1161 1173 1185 1223 1223 1232 1241 1245 1245 2835 1094 1094 1094
    1094 1094 1090 1090 1087 1087 1084 1084 1080 1080 1080 1077 1077
    1077 1073 1070 1067 1067 1067 1067 1067 1067 1067 1070 1094 1105
    1112 1123 1145 1153 1161 1173 1185 1214 1223 1232 1241 1245 1245
    2835 1094 1094 1094 1094 1094 1090 1090 1087 1084 1084 1080 1080
    1080 1080 1077 1077 1077 1073 1073 1070 1067 1067 1067 1067 1067
    1067 1070 1084 1112 1112 1123 1138 1153 1161 1173 1181 1214 1223
    1232 1241 1245 1245 2835 1094 1094 1097 1094 1094 1094 1090 1090
    1084 1084 1080 1080 1080 1080 1077 1077 1077 1073 1073 1070 1067
    1067 1067 1067 1067 1067 1070 1084 1112 1112 1123 1134 1153 1161
    1173 1177 1214 1227 1236 1241 1245 1245 2812 1097 1097 1097 1094
    1094 1090 1090 1090 1087 1084 1080 1080 1080 1080 1077 1077 1077
    1073 1073 1070 1067 1067 1067 1067 1067 1067 1070 1105 1112 1112
    1123 1134 1161 1161 1173 1177 1227 1227 1236 1241 1245 1245 2812
    1101 1097 1097 1094 1094 1090 1090 1090 1087 1084 1084 1080 1080
    1077 1077 1077 1073 1073 1073 1070 1067 1067 1067 1067 1067 1067
    1070 1105 1112 1112 1123 1130 1157 1157 1173 1177 1210 1223 1232
    1241 1245 1245 2835 1097 1097 1097 1094 1094 1090 1090 1090 1087
    1087 1084 1080 1080 1077 1077 1077 1073 1073 1070 1070 1067 1067
    1067 1067 1067 1067 1067 1101 1112 1112 1123 1130 1153 1153 1173
    1177 1210 1219 1232 1241 1250 1250 2835 1094 1094 1094 1094 1094
    1090 1090 1087 1087 1087 1084 1080 1080 1077 1077 1077 1073 1073
    1070 1070 1067 1067 1067 1067 1067 1067 1067 1101 1112 1112 1119
    1134 1153 1153 1173 1177 1206 1214 1232 1245 1255 1255 2835 1084
    1090 1094 1094 1094 1090 1090 1087 1087 1084 1080 1080 1080 1077
    1077 1077 1073 1073 1070 1067 1067 1067 1067 1067 1067 1067 1070
    1097 1108 1108 1115 1138 1149 1153 1165 1177 1206 1214 1223 1245
    1255 1259 1259 1084 1090 1094 1094 1094 1090 1090 1087 1087 1084
    1080 1080 1080 1077 1077 1077 1073 1073 1070 1067 1067 1067 1067
    1067 1067 1067 1070 1097 1105 1108 1112 1149 1149 1161 1165 1177
    1206 1214 1223 1245 1255 1255 1255 1090 1090 1094 1094 1090 1090
    1090 1087 1084 1080 1080 1080 1080 1077 1077 1077 1073 1073 1070
    1067 1067 1067 1063 1063 1067 1067 1087 1097 1105 1112 1112 1153
    1153 1161 1165 1206 1206 1214 1223 1245 1255 1255 1255 1090 1090
    1094 1090 1090 1090 1090 1087 1084 1080 1080 1080 1077 1077 1077
    1077 1077 1073 1070 1070 1067 1067 1063 1063 1063 1067 1080 1090
    1094 1108 1108 1157 1157 1161 1165 1202 1202 1210 1214 1245 1255
    1255 1255 1094 1094 1094 1090 1090 1090 1090 1084 1080 1080 1080
    1080 1077 1077 1077 1077 1077 1073 1070 1070 1067 1063 1063 1063
    1063 1067 1077 1090 1094 1108 1108 1138 1149 1161 1165 1185 1193
    1210 1214 1259 1259 1259 1259 1094 1094 1094 1090 1090 1090 1090
    1084 1080 1080 1080 1080 1077 1077 1077 1077 1077 1073 1070 1070
