<?xml version="1.0"?>
<opencv_storage>
<Depth14433 type_id="opencv-matrix">
  <rows>95</rows>
  <cols>74</cols>
  <dt>w</dt>
  <data>
    4522 4522 4522 4463 4463 4463 4463 4463 4405 4405 4349 4349 4295
    4295 4295 4295 4295 4295 4295 4241 4241 4190 4190 4190 4139 4139
    4089 4089 4089 4089 4089 4041 4041 4041 4041 4089 4089 4089 4089
    4089 4089 1210 1227 1227 1227 1227 1227 1232 1232 1232 1227 1227
    1227 1227 1227 1232 1232 3774 3732 3732 3732 3732 3732 3732 3653
    3653 3614 3614 3614 3653 3653 3614 3614 3614 4522 4522 4522 4463
    4463 4463 4463 4463 4405 4405 4349 4349 4295 4295 4295 4295 4295
    4295 4295 4241 4241 4241 4190 4190 4190 4139 4139 4139 4089 4089
    4089 4041 4041 4041 4089 4089 4089 4089 1214 1214 1210 1210 1223
    1223 1219 1219 1223 1223 1227 1227 1227 1227 1227 1227 1227 1232
    1232 3774 3732 3732 3732 3732 3732 3653 3653 3653 3614 3614 3614
    3653 3614 3614 3614 3614 4522 4522 4522 4463 4463 4463 4463 4463
    4463 4405 4405 4349 4295 4295 4295 4295 4295 4295 4295 4241 4241
    4241 4190 4190 4139 4139 4139 4139 4089 4089 4089 4089 4089 4089
    1206 1206 1210 1210 1210 1210 1210 1210 1214 1214 1214 1214 1214
    1219 1223 1223 1223 1227 1227 1227 1227 1232 1232 1232 3732 3732
    3732 3732 3732 3653 3653 3653 3614 3614 3614 3653 3614 3614 3614
    3614 4522 4522 4522 4463 4463 4463 4463 4463 4463 4405 4405 4349
    4349 4349 4295 4295 4295 4295 4295 4295 4241 4241 4190 4139 4139
    4139 4089 4089 4139 4089 4089 4089 1193 1197 1206 1206 1206 1206
    1206 1206 1210 1210 1210 1210 1210 1210 1214 1219 1223 1223 1223
    1227 1227 1227 1227 1227 1227 1227 3732 3732 3732 3732 3732 3653
    3653 3653 3614 3614 3614 3653 3614 3614 3614 3614 4522 4522 4522
    4463 4463 4463 4463 4463 4463 4405 4405 4405 4349 4349 4349 4295
    4295 4295 4295 4295 4241 4241 4190 4139 1189 1189 1189 1189 1189
    1189 1193 1193 1193 1197 1197 1202 1206 1206 1206 1206 1206 1206
    1210 1210 1210 1210 1214 1219 1219 1223 1223 1223 1223 1223 1227
    1227 1227 1227 3732 3732 3732 3732 3732 3653 3653 3653 3653 3653
    3653 3653 3653 3614 3614 3614 4522 4522 4522 4522 4522 4463 4463
    4463 4463 4463 4405 4405 4405 4405 4405 4349 4295 4295 4295 4295
    4241 4241 4190 4190 1185 1185 1185 1185 1189 1189 1193 1193 1193
    1197 1197 1202 1202 1202 1206 1206 1206 1206 1210 1210 1210 1210
    1214 1214 1219 1223 1223 1223 1223 1223 1223 1223 1223 1223 1223
    3732 3732 3732 3732 3692 3692 3653 3653 3653 3653 3653 3653 3653
    3614 3614 4522 4522 4522 4522 4522 4522 4463 4463 1236 1236 4463
    1173 1173 1173 4405 4405 4405 4295 4295 4295 4241 4241 4241 1185
    1185 1185 1185 1185 1185 1185 1189 1189 1193 1193 1193 1197 1202
    1202 1206 1206 1206 1206 1210 1210 1210 1210 1214 1214 1219 1223
    1223 1223 1223 1223 1223 1223 1223 1223 1223 3732 3732 3732 3732
    3732 3732 3692 3653 3614 3614 3653 3653 3653 3614 3614 4463 4463
    4463 4522 4522 4522 1232 1232 1232 1236 1181 1173 1173 1173 1165
    1165 1165 1169 1169 1165 1165 1169 1173 1177 1181 1185 1185 1185
    1185 1185 1189 1189 1193 1193 1193 1197 1197 1197 1206 1206 1206
    1206 1210 1210 1206 1206 1210 1219 1219 1219 1223 1223 1223 1223
    1223 1223 1223 1223 1223 1223 3732 3732 3732 3732 3732 3692 3653
    3614 3614 3653 3653 3653 3653 3614 4463 4295 4295 1245 1245 1245
    1232 1232 1232 1173 1173 1173 1173 1169 1165 1165 1161 1161 1165
    1165 1165 1169 1173 1173 1177 1181 1185 1185 1189 1189 1189 1189
    1193 1193 1193 1193 1193 1193 1202 1206 1206 1206 1210 1210 1206
    1206 1210 1214 1214 1219 1219 1223 1223 1223 1223 1223 1223 1223
    1223 1223 3732 3732 3732 3732 3732 3692 3653 3614 3614 3653 3653
    3653 3653 3614 4405 4295 1236 1236 1236 1236 1241 1181 1177 1173
    1173 1173 1173 1169 1165 1165 1161 1161 1165 1169 1169 1173 1173
    1173 1177 1177 1181 1181 1185 1185 1185 1189 1189 1193 1193 1193
    1193 1193 1197 1197 1202 1206 1210 1210 1206 1206 1210 1210 1214
    1214 1219 1219 1223 1223 1223 1223 1223 1223 1223 1223 3774 3774
    3732 3732 3732 3653 3614 3614 3614 3653 3653 3653 3653 3614 1241
    1241 1236 1232 1232 1206 1193 1181 1177 1173 1173 1169 1161 1161
    1161 1161 1157 1157 1165 1169 1169 1169 1173 1177 1177 1177 1181
    1181 1185 1185 1185 1189 1189 1193 1193 1189 1189 1193 1193 1197
    1202 1206 1206 1210 1210 1210 1210 1210 1210 1210 1219 1219 1223
    1223 1223 1223 1223 1223 1223 1223 1223 3774 3774 3732 3692 3653
    3614 3614 3614 3653 3653 3653 3614 3614 1241 1241 1241 1227 1219
    1202 1193 1181 1177 1173 1173 1165 1157 1157 1157 1161 1157 1157
    1165 1169 1169 1169 1173 1173 1177 1177 1177 1177 1185 1185 1189
    1189 1189 1189 1189 1189 1189 1193 1193 1197 1202 1206 1206 1210
    1210 1210 1210 1210 1210 1210 1219 1223 1223 1223 1223 1223 1223
    1223 1227 1227 0 3774 3774 3732 3692 3653 3653 3614 3614 3653 3653
    3653 3614 3614 1245 1241 1241 1223 1214 1202 1197 1185 1181 1177
    1173 1165 1157 1157 1157 1157 1161 1161 1165 1169 1169 1169 1169
    1173 1173 1173 1173 1173 1181 1181 1189 1189 1189 1189 1189 1189
    1193 1193 1193 1197 1197 1206 1206 1206 1206 1210 1210 1210 1210
    1210 1219 1219 1223 1223 1223 1223 1223 1223 1227 1227 0 3774 3774
    3732 3692 3653 3653 3614 3614 3653 3653 3653 3614 3614 1245 1241
    1241 1223 1214 1206 1202 1189 1181 1177 1173 1165 1157 1157 1157
    1157 1161 1161 1169 1169 1169 1169 1169 1169 1173 1173 1173 1173
    1177 1181 1185 1189 1189 1189 1189 1189 1193 1193 1193 1197 1197
    1202 1202 1206 1206 1206 1210 1210 1210 1210 1219 1219 1223 1223
    1223 1223 1223 1223 1227 1227 1227 1227 3732 3732 3732 3692 3692
    3653 3653 3653 3653 3653 3614 3614 1250 1245 1241 1223 1223 1206
    1202 1193 1185 1181 1173 1165 1157 1157 1157 1157 1161 1161 1165
    1165 1169 1169 1169 1169 1169 1173 1173 1173 1177 1181 1181 1181
    1185 1189 1189 1189 1193 1193 1193 1193 1193 1202 1202 1206 1206
    1206 1210 1210 1210 1210 1219 1219 1219 1223 1223 1223 1223 1223
    1223 1223 1227 0 3732 3732 3732 3732 3692 3653 3653 3653 3653 3653
    3614 3614 1250 1250 1241 1223 1223 1206 1202 1197 1189 1181 1173
    1165 1157 1157 1157 1157 1161 1161 1161 1161 1165 1165 1165 1169
    1169 1169 1173 1173 1177 1177 1181 1181 1185 1189 1189 1189 1193
    1193 1193 1193 1193 1197 1202 1206 1206 1206 1206 1210 1210 1210
    1210 1214 1219 1219 1219 1219 1223 1223 1223 1227 1227 0 3732 3732
    3692 3692 3692 3653 3653 3653 3653 3653 3614 3614 0 1245 1241 1223
    1219 1210 1206 1197 1189 1181 1173 1169 1161 1157 1157 1157 1161
    1161 1161 1161 1165 1165 1165 1169 1169 1169 1169 1173 1177 1177
    1181 1181 1181 1189 1189 1193 1193 1193 1193 1193 1193 1197 1202
    1202 1202 1202 1202 1202 1206 1206 1210 1214 1214 1219 1219 1219
    1223 1223 1223 1227 1227 0 3692 3692 3692 3653 3653 3653 3692 3653
    3653 3653 3653 3653 0 1241 1236 1227 1219 1210 1206 1202 1193 1181
    1173 1169 1161 1157 1157 1157 1157 1157 1157 1157 1161 1161 1165
    1169 1169 1169 1169 1173 1177 1177 1177 1181 1181 1189 1189 1189
    1193 1193 1193 1193 1193 1193 1197 1202 1202 1202 1202 1202 1206
    1206 1210 1210 1210 1210 1214 1219 1223 1223 1223 1223 1223 0 3692
    3692 3692 3653 3653 3653 3692 3653 3653 3653 3653 3614 0 1241 1236
    1227 1223 1214 1206 1202 1193 1185 1173 1169 1165 1157 1157 1157
    1157 1157 1157 1157 1161 1161 1169 1169 1169 1169 1169 1173 1177
    1177 1177 1181 1185 1185 1189 1189 1193 1193 1193 1193 1193 1193
    1193 1197 1202 1202 1202 1202 1202 1206 1210 1210 1210 1210 1214
    1214 1214 1214 1219 1219 0 0 3692 3692 3692 3653 3653 3653 3692 3692
    3653 3653 3653 3614 0 1241 1236 1227 1223 1219 1206 1202 1197 1189
    1177 1169 1165 1157 1157 1157 1157 1157 1157 1157 1161 1165 1169
    1169 1169 1169 1169 1173 1177 1177 1177 1181 1185 1185 1189 1189
    1189 1193 1193 1193 1193 1193 1193 1197 1202 1206 1202 1202 1202
    1202 1210 1210 1210 1210 1210 1210 1214 1214 1214 1214 1214 0 0 3732
    3732 3692 3653 3653 3653 3653 3653 3614 3614 3614 0 0 1236 1227 1223
