<?xml version="1.0"?>
<opencv_storage>
<Depth4928 type_id="opencv-matrix">
  <rows>67</rows>
  <cols>58</cols>
  <dt>w</dt>
  <data>
    4645 4645 4645 4645 4645 4708 4708 4708 4708 4708 4708 4708 4708
    4708 4708 4708 4708 4708 4708 4708 4708 4708 4774 4774 4708 4708
    4708 1722 1722 1713 1713 1713 1722 1739 1739 1757 1757 4911 4842
    4842 4842 4842 4842 4774 4774 4774 4774 4842 4842 4774 4774 4774
    4774 4774 4774 4774 4774 4708 4645 4645 4645 4645 4645 4708 4708
    4708 4708 4708 4708 4708 4708 4708 4708 4708 4708 4708 4708 4708
    4708 4708 4708 4708 4708 4708 1713 1705 1705 1705 1713 1713 1713
    1731 1731 1731 1748 4842 4842 4842 4842 4842 4842 4774 4774 4774
    4774 4774 4842 4774 4774 4774 4774 4774 4774 4774 4774 4708 4645
    4645 4645 4645 4708 4708 4708 4708 4708 4708 4708 4708 4708 4708
    4708 4708 4645 4645 4645 4645 4645 4645 4708 4708 4708 1688 1688
    1696 1696 1705 1705 1705 1713 1722 1722 1739 1748 1748 4911 4911
    4842 4842 4842 4774 4774 4774 4774 4774 4842 4774 4774 4774 4774
    4774 4774 4774 4774 4708 4645 4645 4645 4708 4708 4708 4708 4708
    4645 4645 4708 4708 4708 4708 4708 4708 4645 4645 4645 4645 4645
    4645 1671 1671 1671 1688 1688 1688 1696 1696 1705 1705 1713 1713
    1713 1731 1739 1748 1748 4911 4774 4774 4774 4774 4774 4774 4774
    4842 4842 4774 4774 4774 4774 4774 4774 4774 4774 4708 4645 4645
    4645 4708 4708 4708 4708 4708 4645 4645 4708 4708 4708 4645 4645
    4708 4708 4708 1655 1655 1655 1647 1647 1663 1671 1680 1680 1680
    1688 1688 1696 1705 1713 1713 1713 1731 1739 1739 1748 1748 4774
    4774 4774 4774 4774 4842 4842 4842 4842 4774 4774 4774 4774 4774
    4774 4774 4774 4774 4645 4645 4645 4645 4708 4708 4708 4708 4645
    4645 4708 4708 4708 4645 4645 4645 1639 1639 1647 1655 1655 1647
    1647 1663 1671 1680 1680 1680 1688 1688 1696 1705 1705 1713 1713
    1722 1731 1731 1739 1739 4774 4774 4774 4842 4842 4842 4774 4774
    4774 4774 4774 4774 4774 4774 4774 4774 4774 4774 4645 4645 4645
    4645 4708 4708 4708 4645 4645 4645 4708 4708 4708 4708 1632 1632
    1632 1639 1647 1647 1647 1647 1647 1663 1663 1671 1671 1680 1680
    1688 1696 1705 1705 1713 1713 1722 1722 1731 1739 1739 1739 4774
    4774 4842 4842 4774 4774 4774 4774 4774 4774 4774 4774 4774 4774
    4774 4774 4774 4645 4645 4645 4645 4708 4708 4708 4645 4645 4708
    4708 1601 1601 1609 1609 1624 1624 1639 1639 1647 1647 1647 1647
    1663 1663 1671 1671 1680 1680 1688 1696 1705 1705 1705 1713 1713
    1722 1722 1731 1731 1731 4842 4842 4842 4774 4774 4774 4774 4774
    4774 4774 4774 4774 4774 4774 4774 4774 4774 4645 4645 4645 4645
    4708 4708 4708 1647 1632 1616 1609 1601 1601 1609 1609 1624 1624
    1632 1639 1639 1647 1647 1647 1663 1671 1671 1671 1680 1680 1688
    1688 1696 1705 1705 1705 1713 1713 1713 1713 1722 1722 4842 4842
    4842 4774 4774 4774 4774 4774 4774 4774 4774 4774 4774 4774 4774
    4774 4774 4645 4645 4645 4645 4708 4708 1647 1632 1624 1609 1609
    1609 1609 1609 1609 1624 1624 1632 1639 1639 1639 1639 1647 1655
    1663 1671 1671 1671 1680 1680 1688 1696 1705 1705 1705 1705 1713
    1713 1713 1713 1713 4774 4774 4774 4774 4774 4774 4774 4774 4774
    4774 4774 4774 4774 4774 4774 4774 4774 4645 4645 4645 4645 1647
    1647 1639 1632 1616 1609 1609 1609 1601 1601 1609 1616 1624 1632
    1632 1639 1639 1639 1639 1655 1663 1671 1671 1671 1680 1680 1688
    1696 1705 1705 1705 1705 1705 1705 1713 1705 1705 1705 4774 4774
    4774 4774 4774 4774 4774 4774 4774 4774 4708 4708 4774 4774 4774
    4774 4645 1663 1663 1647 1647 1647 1632 1624 1616 1609 1609 1601
    1601 1601 1609 1616 1624 1624 1632 1632 1639 1639 1639 1647 1655
    1663 1671 1671 1671 1680 1688 1696 1705 1705 1705 1705 1705 1705
    1705 1705 1705 1705 4774 4774 4774 4774 4774 4774 4774 4774 4774
    4708 4708 4708 4774 4774 4774 4774 1663 1663 1663 1663 1647 1647
    1632 1624 1616 1609 1609 1601 1601 1601 1601 1616 1624 1624 1632
    1632 1639 1639 1647 1647 1647 1655 1663 1663 1671 1671 1688 1688
    1696 1696 1705 1705 1705 1705 1705 1705 1713 1713 1713 4774 4708
    4708 4708 4708 4708 4708 4708 4708 4708 4708 4774 4774 4774 4774
    1663 1663 1663 1663 1655 1647 1632 1624 1616 1609 1609 1601 1601
    1601 1601 1616 1616 1616 1616 1624 1632 1632 1639 1639 1647 1655
    1663 1663 1671 1671 1680 1688 1696 1696 1705 1705 1705 1705 1705
    1705 1705 1705 1705 4708 4708 4708 4708 4708 4708 4708 4708 4708
    4708 4708 4774 4774 4774 4774 1663 1663 1663 1663 1655 1639 1632
    1632 1624 1616 1609 1609 1601 1601 1601 1609 1609 1616 1616 1624
    1624 1632 1632 1632 1639 1647 1655 1663 1663 1671 1680 1680 1688
    1688 1696 1696 1705 1705 1705 1705 1705 1705 1705 4645 4645 4645
    4708 4708 4708 4708 4708 4708 4774 4774 4774 4774 4708 4708 1663
    1663 1663 1663 1663 1639 1632 1632 1624 1616 1609 1609 1601 1601
    1601 1609 1609 1609 1616 1616 1616 1624 1624 1632 1639 1647 1655
    1655 1655 1655 1671 1671 1680 1688 1688 1696 1696 1705 1705 1705
    1705 1705 1713 1713 4645 4645 4708 4708 4708 4708 4708 4708 4774
    4774 4774 4708 4708 4708 1671 1663 1663 1663 1663 1647 1639 1632
    1632 1624 1609 1609 1601 1601 1601 1609 1609 1609 1609 1616 1616
    1624 1624 1632 1632 1639 1647 1647 1647 1655 1671 1671 1680 1680
    1688 1688 1688 1696 1705 1705 1705 1705 1713 1713 4708 4708 4708
    4708 4708 4708 4708 4708 4774 4774 4774 4708 4708 4708 1663 1663
    1663 1663 1663 1647 1639 1639 1632 1632 1616 1609 1601 1601 1601
    1594 1594 1601 1609 1616 1616 1624 1624 1632 1632 1639 1639 1647
    1647 1655 1663 1663 1671 1680 1680 1688 1688 1688 1696 1705 1705
    1713 1713 1722 4708 4708 4708 4708 4708 4708 4708 4708 4708 4774
    4774 4708 4708 4708 1663 1663 1663 1663 1663 1647 1639 1639 1632
    1632 1624 1609 1601 1601 1601 1594 1594 1601 1609 1616 1616 1624
    1624 1632 1632 1639 1639 1647 1647 1655 1663 1663 1671 1680 1680
    1680 1688 1688 1696 1705 1705 1705 1713 1705 1705 4708 4708 4708
    4708 4708 4708 4708 4708 4774 4708 4708 4708 4708 4463 1671 1671
    1663 1663 1647 1647 1639 1639 1632 1624 1609 1601 1601 1601 1594
    1594 1594 1609 1609 1616 1616 1624 1624 1632 1632 1632 1639 1647
    1647 1655 1655 1663 1671 1671 1680 1680 1688 1688 1705 1705 1705
    1705 1705 1705 1722 4708 4708 4708 4708 4708 4708 4708 4708 4708
    4708 4708 4708 4463 4463 1663 1663 1663 1663 1647 1639 1639 1632
    1632 1609 1601 1601 1601 1594 1594 1594 1609 1609 1609 1616 1616
    1624 1624 1624 1632 1639 1639 1647 1647 1655 1663 1671 1671 1671
    1680 1680 1688 1696 1705 1705 1705 1705 1713 1713 1713 4708 4708
    4708 4708 4708 4708 4708 4708 4708 4708 4708 4463 4463 1663 1663
    1663 1663 1647 1639 1639 1632 1632 1624 1609 1609 1601 1594 1594
    1594 1601 1609 1609 1616 1616 1616 1624 1624 1624 1639 1639 1647
    1647 1655 1655 1655 1655 1663 1671 1680 1680 1688 1696 1696 1705
    1705 1713 1705 1705 4708 4708 4708 4708 4708 4708 4708 4708 4708
    4708 4708 4463 4463 4522 1671 1671 1663 1663 1647 1639 1632 1632
    1624 1609 1609 1609 1601 1594 1594 1594 1601 1609 1616 1616 1616
    1624 1624 1624 1632 1639 1639 1647 1655 1655 1655 1655 1663 1671
    1671 1680 1680 1688 1696 1705 1705 1705 1705 1705 1705 4708 4708
    4708 4708 4708 4708 4708 4645 4645 4708 4522 4522 4522 1671 1671
    1663 1663 1647 1639 1639 1632 1624 1609 1609 1609 1601 1594 1594
    1594 1601 1609 1616 1616 1616 1616 1616 1624 1632 1639 1639 1647
    1655 1655 1655 1655 1655 1663 1671 1671 1680 1680 1688 1696 1705
    1705 1696 1696 1696 4708 4708 4708 4708 4708 4708 4708 4645 4645
    4708 4522 4522 4522 1671 1671 1671 1663 1647 1639 1639 1632 1624
    1616 1609 1609 1609 1601 1586 1586 1594 1601 1609 1616 1616 1616
    1616 1624 1632 1639 1639 1647 1647 1655 1655 1655 1655 1663 1671
    1671 1680 1680 1688 1696 1705 1705 1696 1696 1696 4708 4708 4708
    4708 4708 4708 4708 4645 4645 4708 4522 4522 4522 1671 1671 1671
    1663 1647 1639 1639 1632 1624 1616 1609 1609 1609 1601 1586 1586
    1594 1594 1601 1609 1616 1616 1616 1616 1624 1632 1639 1639 1647
