<?xml version="1.0"?>
<opencv_storage>
<Depth12084 type_id="opencv-matrix">
  <rows>141</rows>
  <cols>105</cols>
  <dt>w</dt>
  <data>
    6889 6889 6889 6889 6889 6889 6889 6889 6889 6889 6889 6889 6889
    6889 6753 6753 6753 6753 6622 6622 6497 6497 6497 6622 6622 6753
    6889 6753 6753 6889 6753 6753 6753 6753 6889 6889 6753 6622 6622
    6622 6497 6497 6497 6497 6497 6497 6497 0 0 529 6622 6622 6622 6497
    530 530 531 532 532 534 534 535 535 535 6497 6497 6622 6622 6622
    6622 6622 6497 6497 546 546 546 546 546 546 546 549 549 0 0 0 0 0 0
    0 0 0 0 0 0 6497 6375 6375 6259 6259 6146 6038 6038 6038 6038 6038
    6889 6889 6889 6889 6889 6889 6889 6889 6889 6889 6889 6889 6889
    6889 6889 6889 6889 6753 6622 6622 6497 6497 6497 6497 6497 6753
    6889 6889 6889 6889 6753 6753 6497 6497 6889 6889 6753 523 523 523
    523 6497 6497 6497 525 0 525 526 527 529 529 529 529 529 529 530 531
    532 532 534 534 535 535 535 538 6497 6622 6622 546 546 543 543 545
    545 546 546 546 546 546 546 548 546 546 0 0 0 0 0 0 0 0 0 0 0 6497
    6497 6375 6259 6259 6146 6146 6146 6038 6038 6038 6889 6889 6889
    6889 6889 6889 6889 6889 6889 6889 6889 6889 6889 6753 6753 6889
    6889 6889 6753 6622 6497 6497 6497 6497 6497 0 0 0 0 0 0 0 6497 6497
    6497 523 523 523 523 523 523 525 525 525 525 525 525 526 527 527 527
    528 528 529 529 529 530 532 532 534 534 536 535 535 537 540 540 541
    541 543 543 543 545 545 546 546 546 546 547 547 548 546 546 0 0 0 0
    0 0 0 0 0 0 0 6375 6375 6375 6375 6259 6146 6146 6146 6038 6038 6038
    6889 6889 6889 6889 6889 6889 6889 6889 6889 6889 6889 6753 6753
    6753 6753 6889 6889 6889 6889 0 0 0 0 0 0 0 0 0 0 0 0 0 0 0 0 522
    522 522 521 521 523 523 525 525 525 525 525 525 527 527 527 528 528
    529 529 529 530 532 532 534 535 535 536 536 537 539 540 540 541 542
    542 543 546 546 547 546 546 547 547 547 548 548 550 551 0 0 0 0 0 0
    0 0 0 0 6375 6375 6375 6375 6259 6259 6146 6146 6146 6146 6038 6889
    6889 6889 6889 6889 6889 6889 6753 6753 6753 6753 6753 6753 0 0 0 0
    0 0 0 0 0 0 0 0 0 0 0 0 0 0 0 0 0 0 521 521 521 521 521 522 522 524
    524 525 525 525 525 526 526 527 528 528 528 529 529 530 532 532 534
    534 535 535 536 537 539 540 540 541 542 542 543 545 546 546 546 546
    546 546 547 548 548 550 551 0 0 0 0 0 0 0 0 0 0 0 6497 6375 6375
    6259 6259 6146 6146 6146 6146 5933 6889 6889 6889 6889 6889 6889
    6753 6753 6753 6753 6753 0 0 0 0 0 0 0 0 0 0 0 0 0 0 0 0 0 0 0 0 0 0
    0 0 521 521 521 521 521 521 522 522 522 523 525 525 526 526 526 527
    527 528 528 529 529 531 532 533 534 534 535 535 535 537 539 539 540
    540 542 542 543 545 546 546 546 546 546 546 547 548 548 548 548 0 0
    0 0 0 0 0 0 0 0 0 6497 6497 6375 6259 6259 6146 6146 6146 6038 5933
    6889 6889 6889 6889 6889 6889 6622 6622 6753 6889 0 0 0 0 0 0 0 0 0
    0 0 0 0 0 0 0 0 557 556 556 556 0 0 0 0 0 521 521 521 521 521 522
    522 522 523 524 525 525 525 525 525 527 528 528 529 529 531 531 532
    534 535 535 535 535 535 539 539 540 540 541 542 542 544 545 546 546
    546 546 546 547 548 548 547 545 545 0 0 0 0 0 0 0 0 0 0 6497 6497
    6375 6259 6259 6146 6146 6146 6038 5933 6889 6889 6889 6889 6889
    6889 6622 6622 0 0 0 0 0 0 0 0 0 0 0 0 0 0 0 0 0 0 563 557 556 556
    556 0 0 0 0 0 0 521 520 520 521 522 522 522 523 524 524 525 525 525
    525 527 528 528 529 529 529 529 531 533 535 535 535 535 535 539 539
    540 540 541 542 542 543 544 544 544 545 545 546 547 548 548 546 545
    545 0 0 0 0 0 0 0 0 0 0 0 6375 6259 6259 6259 6146 6146 6146 6146
    6038 6889 6889 6889 6889 6889 0 0 0 0 0 0 0 0 0 0 0 0 0 0 0 0 0 0 0
    0 580 563 558 556 556 556 0 0 0 0 0 524 522 520 520 521 521 521 522
    524 524 524 524 524 525 525 528 528 529 529 529 529 529 531 531 534
    535 535 535 535 537 537 537 542 542 542 542 542 543 543 544 545 545
    546 547 548 548 546 546 546 0 0 0 0 0 0 0 0 0 0 0 6375 6259 6259
    6259 6146 6146 6146 6146 6038 6889 6753 6753 0 0 0 0 0 0 0 0 0 0 0 0
    0 0 0 0 0 0 0 0 0 582 579 563 560 558 557 557 0 0 531 0 0 524 522
    521 521 520 520 521 521 523 524 525 524 524 525 525 528 529 529 529
    529 529 529 530 530 532 533 535 535 536 537 537 539 539 540 542 542
    542 542 542 544 546 546 546 547 548 548 547 546 546 0 0 0 0 0 0 0 0
    0 0 0 6375 6259 6259 6259 6146 6146 6146 6146 6146 6889 6753 6753 0
    0 0 0 0 0 0 0 0 0 0 0 0 0 0 0 0 0 0 586 583 581 579 564 561 559 559
    0 0 0 0 531 528 523 521 521 521 520 520 521 521 523 524 524 524 524
    525 527 528 528 528 528 528 529 529 530 530 532 532 535 535 535 535
    537 539 539 540 540 541 541 542 542 544 545 546 546 546 546 548 548
    546 546 0 0 0 0 0 0 0 0 0 0 0 6375 6259 6259 6259 6259 6259 6259
    6146 6146 7030 0 0 0 0 0 0 0 0 0 0 0 0 0 0 0 0 0 0 0 0 0 586 583 579
    572 564 562 560 560 0 0 0 531 531 528 523 521 521 521 521 521 521
    521 523 524 523 523 523 524 525 527 528 528 528 528 529 530 530 530
    531 532 535 535 535 535 537 539 539 540 540 540 541 542 542 544 544
    545 546 546 546 548 548 546 546 0 0 0 0 0 0 0 0 0 0 0 6375 6375 6259
    6259 6259 6259 6146 6038 6038 0 0 0 0 0 0 0 0 0 0 0 0 0 0 0 0 0 0 0
    0 0 0 0 0 579 572 565 564 562 562 0 0 535 535 531 531 523 521 521
    521 521 521 521 521 522 524 523 523 523 524 525 525 527 528 529 529
    529 530 530 530 531 533 535 536 536 536 538 538 538 539 540 540 541
    542 543 542 542 542 543 544 546 548 548 546 546 0 0 0 0 0 0 0 0 0 0
    0 6375 6375 6259 6259 6259 6146 6146 6038 6038 0 0 0 0 0 0 0 0 0 0 0
    0 0 0 0 0 618 614 614 0 0 0 0 0 573 573 566 565 563 563 563 0 534
    534 532 530 523 521 521 520 520 520 521 521 522 523 524 524 525 525
    525 525 527 528 528 529 529 530 531 531 532 533 533 536 535 535 538
    538 538 539 540 540 541 541 542 542 542 542 543 544 548 548 547 546
    546 0 0 0 0 0 0 0 0 0 0 0 6375 6259 6259 6259 6259 6146 6146 6146
    6038 0 0 0 0 0 0 0 0 0 0 657 657 0 0 631 627 618 614 613 612 612 0 0
    582 582 566 566 565 563 563 563 0 534 534 532 530 523 521 521 519
    519 518 518 519 521 523 524 524 524 524 525 525 526 528 528 528 529
    530 530 530 532 533 533 534 535 535 538 538 539 540 540 540 540 541
    542 542 542 542 542 546 548 547 547 547 0 0 0 0 0 0 0 0 0 0 0 0 6259
    6259 6146 6146 6259 6146 6146 6146 6038 0 0 0 0 0 690 690 0 664 661
    657 657 0 636 631 627 619 614 613 612 612 612 0 582 582 582 582 565
    563 563 0 551 551 531 531 531 524 522 521 519 519 518 518 519 521
    523 523 523 524 524 524 525 526 527 528 528 529 530 530 530 532 533
    533 533 534 536 537 538 539 540 540 540 540 541 542 542 542 542 542
    544 546 547 546 546 0 0 0 0 0 0 0 0 0 0 0 0 6259 6259 6146 6146 6259
    6146 6146 6146 6038 0 0 0 0 694 690 688 672 664 661 659 659 646 636
    631 628 619 615 614 613 613 613 0 581 581 578 578 566 564 564 551
    551 551 545 545 524 524 523 521 520 519 518 518 518 521 523 523 523
    523 523 523 525 525 526 527 527 529 530 530 531 532 533 533 533 534
    535 535 537 539 540 540 540 540 541 542 542 542 542 543 544 546 546
    546 546 546 0 0 0 0 0 0 0 0 0 0 0 6375 6259 6146 6146 6259 6146 6146
    6146 6146 0 723 723 0 694 690 688 672 667 662 661 661 646 636 632
    628 620 618 614 613 613 613 586 581 581 578 569 567 565 557 551 548
    545 545 545 523 523 523 521 519 519 518 518 518 518 518 523 523 523
    523 523 525 525 526 526 527 528 529 530 530 532 533 534 534 535 535
    535 537 539 539 539 541 541 542 542 543 542 542 542 545 545 546 546
    546 546 0 0 0 0 0 0 0 0 0 0 0 0 6259 6259 6259 6259 6259 6146 6146
    6146 0 723 720 720 694 691 688 674 670 670 661 652 652 636 634 629
    625 619 615 613 613 613 586 586 578 578 568 566 565 557 551 547 544
    542 542 542 523 523 521 519 519 518 518 518 518 520 521 522 523 523
    523 525 525 525 525 526 528 529 529 530 531 532 534 534 534 534 535
    537 538 539 539 541 541 542 542 542 541 541 541 544 544 546 546 545
    545 545 0 0 0 0 0 0 0 0 0 0 0 6259 6259 6259 6259 6259 6259 6146
    6038 728 723 720 720 696 693 690 678 678 663 661 652 652 637 635 629
