<?xml version="1.0"?>
<opencv_storage>
<Depth8329 type_id="opencv-matrix">
  <rows>22</rows>
  <cols>19</cols>
  <dt>w</dt>
  <data>
    6889 6889 6753 6753 4645 4645 4708 4774 4774 4708 4708 4708 4708
    6889 6753 6753 6753 6622 6622 6889 6889 6753 6753 4645 4645 4708
    4708 4708 4708 4708 4708 4708 4708 4708 6753 6753 6622 6622 6889
    6889 6753 6753 4708 4708 4708 4708 4708 4708 4708 4774 4708 4708
    4708 4708 6753 6622 6622 4774 4708 4708 4708 4708 4708 4708 4708
    4708 4708 4708 4708 4708 4708 4708 4708 6753 6753 6622 4708 4708
    4708 4708 4708 4708 4708 4708 4708 4708 4708 4708 4708 4708 4708
    4774 6753 6753 6622 4708 4708 4708 4708 4708 4708 4708 4708 4708
    4708 4708 4708 4708 4708 4708 4774 6753 6753 6622 4708 4708 4708
    4708 4708 4708 4708 4708 4708 4708 4708 4708 4708 4708 4774 4774
    4774 6753 6753 4708 4708 4708 4708 4708 4708 4708 4708 4708 4708
    4708 4708 4708 4708 4774 4774 4774 6753 6753 4708 4708 4708 4708
    4708 4708 4708 4708 4708 4708 4708 4708 4708 4708 4774 4774 4708
    4708 6753 4645 4645 4645 4645 4708 4708 4645 4645 4708 4708 4708
    4708 4708 4708 4708 4708 4645 4645 6622 4645 4645 4645 4645 4708
    4708 4645 4645 4708 4708 4708 4645 4645 4645 4708 4708 4645 4645
    6622 4645 4645 4645 4645 4708 4708 4645 4645 4645 4708 4645 4645
    4645 4645 4645 4708 4708 4708 4708 6889 4645 4645 4708 4708 4708
    4645 4645 4645 4708 4645 4645 4645 4645 4645 4708 4708 4708 4708
    6889 6889 4708 4708 4708 4708 4708 4708 4708 4708 4645 4645 4645
    4645 4645 4708 4708 4708 4708 6889 6889 6889 4708 4708 4708 4708
    4708 4708 4708 4645 4645 4645 4645 4645 4708 4708 4708 4708 6889
    6889 6753 4708 4708 4708 4708 4708 4708 4708 4708 4708 4708 4708
    4708 4708 4708 4708 4708 6889 6889 6753 4708 4708 4708 4708 4708
    4708 4645 4645 4645 4708 4708 4708 4708 4708 4708 4708 6889 6753
    6753 6753 4708 4708 4708 4708 4708 4645 4645 4645 4645 4708 4708
    4708 4708 4708 4708 6889 6753 6753 6753 6753 4774 4774 4774 4708
    4708 4645 4645 4645 4645 4708 4708 4708 4708 6622 6889 6889 6889
    6889 6753 6753 4774 4774 4708 4708 4645 4645 4645 4645 4708 4708
    4708 6753 6753 6889 6889 6889 6889 6753 6753 4774 4774 4708 4708
    4645 4645 4645 4645 4708 4708 0 6753 6753 6889 6753 6753 6753 6753
    6753 6622 4774 4774 4708 4708 4645 4645 4645 4708 4708 0 4708 0</data></Depth8329>
</opencv_storage>
