<?xml version="1.0"?>
<opencv_storage>
<Depth8722 type_id="opencv-matrix">
  <rows>69</rows>
  <cols>47</cols>
  <dt>w</dt>
  <data>
    4774 4774 4774 1529 1529 1529 3269 3269 1509 3149 3149 3149 3064
    3010 3010 3120 3149 3149 3178 3149 3149 3120 3120 3120 3120 3120
    3120 3149 3149 3149 3178 3178 3208 3269 3269 3238 3208 3208 3333
    1529 1529 1529 1529 1529 1529 1529 1529 4842 1523 1523 1523 1523
    1523 1523 1509 1509 1503 1496 1496 1503 3010 3010 3010 3238 3238
    3178 3149 3149 3037 3037 3064 3064 1489 1489 3149 3149 3178 3178
    3178 3238 3269 3269 3238 3238 3238 1529 1529 1523 1523 1523 1529
    1529 1529 1529 1529 1529 1523 1523 1523 1516 1516 1509 1509 1503
    1496 1496 1503 1509 1509 1503 1503 1503 1503 1496 1489 1483 1483
    1489 1489 1489 1489 1489 1489 1489 1477 1470 1470 1470 1470 1483
    1470 1470 1470 1470 1470 1483 1509 1523 1529 1536 1536 1523 1523
    1523 1523 1516 1516 1516 1509 1509 1509 1509 1509 1509 1509 1509
    1503 1496 1496 1496 1496 1489 1483 1483 1489 1483 1483 1483 1483
    1483 1483 1477 1470 1470 1470 1470 1470 1470 1470 1470 1470 1470
    1470 1477 1509 1523 1536 1536 1523 1523 1523 1516 1516 1516 1516
    1509 1509 1509 1509 1509 1509 1509 1503 1496 1496 1496 1489 1489
    1489 1489 1489 1483 1483 1483 1483 1483 1477 1477 1477 1470 1470
    1470 1470 1470 1464 1464 1464 1464 1464 1470 1470 1483 1516 1516
    1516 1516 1516 1523 1516 1516 1516 1516 1509 1509 1509 1509 1509
    1503 1503 1496 1489 1489 1489 1489 1489 1483 1483 1483 1483 1477
    1477 1477 1477 1477 1477 1477 1470 1470 1470 1470 1470 1464 1464
    1464 1464 1464 1464 1470 1470 1509 1516 1516 1516 1516 1523 1516
    1516 1516 1516 1516 1516 1509 1509 1509 1503 1503 1489 1489 1489
    1489 1489 1489 1483 1483 1483 1483 1477 1477 1477 1477 1477 1477
    1477 1470 1470 1470 1470 1470 1464 1464 1464 1464 1464 1464 1470
    1470 1496 1503 1503 1516 1516 1523 1516 1516 1516 1516 1516 1516
    1509 1509 1509 1503 1503 1489 1489 1489 1489 1489 1489 1483 1483
    1483 1483 1483 1483 1477 1477 1477 1477 1477 1470 1470 1470 1470
    1470 1464 1464 1464 1464 1464 1464 1470 1470 1496 1503 1503 1516
    1516 1523 1523 1516 1516 1509 1509 1509 1509 1509 1509 1503 1503
    1489 1489 1489 1489 1489 1489 1483 1483 1483 1483 1483 1483 1477
    1477 1470 1470 1477 1470 1470 1470 1470 1470 1464 1464 1464 1464
    1464 1464 1464 1477 1503 1509 1509 1529 1529 1529 1523 1516 1516
    1509 1509 1509 1509 1509 1509 1503 1503 1503 1489 1489 1489 1489
    1489 1483 1483 1483 1483 1483 1483 1477 1477 1470 1470 1477 1470
    1470 1470 1470 1470 1464 1464 1464 1464 1464 1464 1464 1477 1503
    1523 1523 1523 1523 1529 1523 1516 1516 1509 1509 1509 1509 1509
    1509 1509 1509 1509 1496 1496 1489 1489 1489 1483 1483 1483 1483
    1483 1483 1477 1477 1470 1470 1477 1470 1470 1470 1470 1470 1464
    1464 1464 1464 1464 1464 1470 1477 1503 1523 1523 1523 1523 1523
    1523 1516 1516 1516 1509 1509 1509 1509 1509 1509 1503 1503 1496
    1496 1489 1489 1489 1489 1483 1483 1483 1483 1483 1483 1483 1470
    1470 1477 1477 1470 1470 1470 1470 1464 1464 1464 1464 1464 1464
    1470 1483 1509 1523 1523 1516 1516 1523 1516 1516 1516 1516 1516
    1516 1509 1509 1509 1509 1503 1503 1496 1489 1489 1489 1489 1489
    1483 1483 1483 1483 1483 1483 1477 1470 1470 1477 1470 1470 1470
    1470 1470 1470 1464 1464 1464 1464 1464 1464 1489 1516 1516 1516
    1509 1509 1516 1516 1516 1516 1516 1516 1516 1509 1509 1509 1509
    1503 1503 1496 1489 1489 1496 1489 1489 1483 1483 1483 1483 1483
    1483 1477 1477 1477 1477 1470 1470 1470 1470 1470 1464 1464 1464
    1464 1464 1464 1464 1489 1516 1516 1516 1509 1509 1516 1516 1516
    1516 1516 1516 1516 1509 1509 1509 1509 1503 1496 1496 1496 1496
    1489 1489 1489 1489 1483 1483 1483 1483 1483 1483 1477 1477 1477
    1470 1470 1470 1470 1470 1464 1464 1464 1464 1464 1464 1464 1483
    1503 1516 1516 1516 1516 1516 1516 1516 1516 1516 1516 1509 1509
    1509 1509 1509 1503 1496 1496 1496 1489 1489 1489 1489 1483 1483
    1483 1483 1483 1477 1477 1477 1477 1477 1470 1470 1470 1470 1470
    1464 1464 1464 1464 1464 1464 1464 1477 1503 1516 1516 1516 1516
    1516 1516 1516 1516 1509 1509 1509 1509 1509 1509 1509 1503 1496
    1496 1496 1489 1489 1489 1483 1483 1483 1483 1483 1483 1477 1477
    1470 1470 1477 1477 1470 1470 1470 1470 1464 1464 1464 1464 1464
    1464 1464 1470 1496 1516 1516 1523 1523 1523 1516 1516 1516 1509
    1509 1509 1509 1509 1509 1509 1503 1496 1496 1496 1496 1489 1489
    1483 1483 1483 1483 1483 1483 1483 1477 1470 1470 1477 1477 1477
    1470 1470 1470 1464 1464 1464 1464 1464 1464 1464 1470 1496 1509
    1509 1523 1523 1523 1516 1516 1516 1509 1509 1509 1509 1509 1509
    1509 1503 1496 1496 1489 1489 1489 1489 1483 1483 1483 1483 1483
    1483 1483 1477 1470 1470 1477 1477 1470 1470 1470 1470 1464 1464
    1464 1464 1464 1464 1464 1470 1496 1503 1503 1529 1523 1523 1516
    1516 1516 1509 1509 1509 1509 1509 1509 1509 1503 1496 1496 1489
    1489 1489 1489 1489 1483 1483 1483 1483 1483 1483 1483 1470 1470
    1477 1470 1470 1470 1470 1470 1470 1464 1464 1464 1464 1464 1470
    1477 1496 1503 1503 1529 1529 1523 1523 1516 1516 1516 1509 1509
    1509 1509 1509 1509 1503 1496 1496 1496 1489 1489 1489 1489 1483
    1483 1483 1483 1483 1483 1483 1470 1470 1477 1470 1470 1470 1470
    1470 1464 1464 1464 1458 1458 1464 1470 1477 1496 1503 1503 1529
    1529 1523 1523 1516 1516 1516 1509 1509 1509 1509 1509 1509 1503
    1503 1496 1496 1489 1489 1489 1489 1483 1483 1483 1483 1483 1483
    1483 1470 1470 1477 1470 1470 1470 1470 1470 1464 1464 1464 1458
    1458 1464 1470 1477 1496 1509 1529 1529 1529 1523 1523 1516 1516
    1516 1509 1509 1509 1509 1509 1509 1503 1503 1496 1496 1496 1489
    1489 1489 1489 1483 1483 1483 1483 1483 1483 1470 1470 1477 1470
    1470 1470 1470 1470 1464 1464 1464 1458 1458 1464 1470 1483 1496
    1509 1529 1529 1523 1523 1516 1516 1516 1516 1516 1509 1509 1509
    1509 1509 1503 1503 1496 1496 1496 1489 1489 1489 1483 1483 1483
    1477 1477 1477 1483 1470 1470 1477 1470 1470 1470 1470 1470 1464
    1464 1464 1458 1458 1464 1470 1483 1496 1509 1509 1516 1516 1516
    1516 1516 1516 1516 1516 1509 1509 1509 1509 1509 1496 1496 1496
    1496 1496 1489 1489 1489 1483 1483 1483 1477 1477 1477 1483 1477
    1477 1477 1470 1470 1470 1470 1470 1464 1464 1464 1464 1464 1464
    1470 1483 1496 1509 1509 1516 1516 1516 1516 1516 1516 1516 1516
    1509 1509 1509 1509 1503 1496 1489 1489 1496 1496 1489 1489 1489
    1489 1483 1483 1477 1477 1477 1483 1477 1477 1477 1470 1470 1470
    1470 1470 1470 1464 1464 1464 1464 1464 1470 1483 1496 1516 1529
    1516 1516 1516 1516 1516 1516 1516 1516 1509 1509 1509 1509 1503
    1496 1489 1489 1496 1496 1489 1489 1489 1489 1483 1477 1477 1477
    1477 1483 1477 1477 1477 1470 1470 1470 1470 1470 1470 1464 1464
    1464 1464 1464 1470 1477 1503 1516 1523 1523 1523 1523 1516 1516
    1516 1516 1516 1509 1509 1509 1509 1503 1496 1489 1489 1496 1496
    1496 1489 1489 1489 1483 1477 1477 1477 1477 1483 1483 1483 1477
    1470 1470 1470 1470 1470 1464 1464 1464 1464 1458 1458 1470 1477
    1496 1516 1523 0 1529 1523 1516 1516 1516 1516 1516 1509 1509 1509
    1509 1503 1496 1496 1496 1496 1496 1489 1489 1489 1483 1483 1483
    1477 1477 1477 1483 1477 1477 1477 1470 1470 1470 1470 1470 1464
    1464 1464 1464 1458 1458 1470 1477 1496 1509 1516 0 1529 1523 1516
    1516 1516 1516 1516 1509 1509 1509 1509 1503 1496 1496 1496 1496
    1496 1489 1489 1489 1483 1483 1483 1483 1483 1483 1477 1477 1477
    1477 1477 1470 1470 1470 1470 1470 1464 1464 1464 1458 1458 1470
    1477 1509 1509 1516 0 1529 1523 1516 1516 1516 1516 1516 1509 1509
    1509 1509 1503 1496 1496 1489 1489 1489 1489 1489 1489 1489 1483
    1483 1483 1477 1477 1477 1470 1470 1470 1470 1470 1470 1470 1470
    1470 1464 1464 1464 1458 1458 1464 1477 1509 1509 1516 0 1523 1523
    1516 1516 1516 1516 1516 1509 1509 1509 1503 1503 1496 1496 1489
