<?xml version="1.0"?>
<opencv_storage>
<Depth18135 type_id="opencv-matrix">
  <rows>91</rows>
  <cols>47</cols>
  <dt>w</dt>
  <data>
    2170 2184 4190 4139 4139 4139 4139 4139 4190 4190 4190 4190 4190
    4241 4241 4241 4241 4241 4295 4295 4295 4295 4295 4349 4405 4463
    4463 4463 1421 1415 1415 1415 1415 1415 1415 1415 4463 4463 4522
    4463 4463 4463 4463 4463 4405 4405 4405 2170 2184 4190 4139 4139
    4139 4139 4139 4190 4190 4190 4190 4190 4295 4295 4295 4295 4295
    4295 4295 4295 4295 4295 4295 4405 4405 4405 4463 1421 1415 1415
    1415 1410 1410 1410 1410 1392 4522 4522 4522 4463 4463 4463 4463
    4463 4405 4405 2170 2184 4139 4139 4139 4139 4139 4139 4190 4190
    4190 4190 4190 4349 4349 4295 4295 4295 4295 4295 4295 4295 4295
    4295 4349 4405 4405 4405 1421 1415 1415 1410 1398 1398 1398 1398
    1392 1392 1387 1387 4463 4463 4463 4463 4463 4463 4405 2170 4139
    4139 4139 4139 4139 4139 4139 4190 4190 4190 4190 4190 4349 4349
    4295 4295 1297 1297 4295 4295 4295 4295 4295 4349 4295 4295 4349
    1421 1415 1415 1410 1398 1398 1398 1398 1359 1359 1365 1370 1370
    1370 1376 1376 1376 1387 4405 2170 4139 4139 4139 4139 4139 4139
    4139 4139 4190 4190 4190 1255 4405 4405 4349 1297 1297 1297 1297
    1302 4295 4295 1219 4295 4295 4295 4349 4349 4349 1410 1410 1398
    1398 1398 1349 1349 1349 1349 1365 1365 1365 1370 1370 1376 1381
    1381 2170 4139 4139 4139 4139 4139 4139 4139 4139 4190 1245 1245
    1255 1264 1264 1268 1268 1278 1288 1288 1292 1292 1219 1219 1219
    1214 1214 1214 1219 0 1302 1302 1302 1302 1302 1338 1338 1338 1338
    1349 1354 1354 1365 1370 1370 1376 1376 4139 4139 4139 4139 4139
    4139 4139 4139 1245 1245 1245 1245 1250 1250 1259 1264 1264 1268
    1278 1283 1292 1214 1210 1210 1210 1214 1214 1219 1219 1241 1302
    1302 1302 1302 1297 1297 1307 1307 1317 1322 1343 1349 1359 1365
    1370 1376 1376 4139 4139 4190 4190 4190 4190 1232 1232 1232 1232
    1232 1241 1245 1245 1255 1255 1259 1259 1264 1278 1297 1210 1206
    1206 1206 1210 1214 1219 1223 1241 1241 1307 1302 1278 1278 1283
    1292 1297 1307 1312 1322 1343 1354 1359 1370 1370 1376 4190 4241
    4241 1250 1250 1245 1232 1232 1232 1232 1232 1232 1232 1232 1227
    1227 1227 1227 1227 1214 1210 1206 1206 1202 1202 1206 1210 1214
    1223 1236 1250 1255 1255 1259 1268 1273 1288 1292 1302 1312 1322
    1343 1354 1359 1370 1370 1376 4190 4190 4190 1245 1245 1245 1236
    1232 1232 1232 1232 1232 1227 1227 1219 1219 1219 1214 1214 1214
    1206 1206 1202 1202 1202 1202 1206 1210 1219 1227 1241 1255 1255
    1259 1268 1273 1283 1292 1302 1312 1322 1333 1354 1359 1370 1370
    1376 4089 4089 0 1245 1245 1245 1236 1232 1232 1232 1232 1227 1227
    1223 1219 1214 1214 1214 1214 1206 1202 1202 1202 1202 1202 1202
    1202 1206 1214 1223 1236 1250 1255 1259 1264 1273 1283 1292 1307
    1312 1328 1333 1354 1359 1370 1370 1376 4089 3994 0 1245 1245 1241
    1236 1232 1232 1232 1227 1227 1227 1223 1219 1214 1214 1210 1210
    1206 1202 1202 1202 1202 1197 1197 1202 1206 1214 1223 1236 1250
    1255 1259 1264 1273 1288 1292 1307 1312 1328 1343 1354 1359 1370
    1370 1370 3994 3994 1245 1245 1245 1241 1241 1232 1232 1227 1227
    1227 1227 1223 1219 1214 1214 1210 1210 1206 1202 1202 1202 1197
    1197 1197 1202 1206 1214 1223 1232 1245 1255 1255 1264 1283 1288
    1292 1307 1317 1333 1343 1354 1359 1370 1370 1370 3994 3994 1245
    1245 1245 1245 1241 1232 1232 1227 1227 1227 1223 1223 1214 1214
    1210 1206 1206 1206 1202 1202 1202 1197 1197 1197 1202 1206 1219
    1227 1232 1245 1250 1255 1264 1283 1292 1297 1307 1317 1333 1343
    1354 1359 1370 1370 1370 3994 3994 0 1245 1245 1245 1241 1236 1232
    1232 1227 1227 1223 1219 1214 1214 1210 1206 1206 1206 1206 1202
    1202 1197 1197 1197 1202 1210 1223 1227 1232 1245 1250 1255 1264
    1283 1292 1297 1307 1322 1338 1343 1354 1365 1370 1370 1370 3994
    3994 0 1245 1245 1245 1241 1232 1232 1227 1227 1227 1219 1219 1214
    1214 1210 1206 1206 1206 1202 1202 1197 1197 1197 1197 1202 1210
    1223 1227 1236 1245 1255 1255 1268 1283 1292 1297 1312 1322 1338
    1349 1354 1365 1370 1370 1370 4041 4041 1245 1245 1245 1245 1241
    1232 1232 1227 1227 1227 1219 1219 1214 1214 1210 1210 1210 1206
    1202 1202 1197 1197 1197 1202 1202 1210 1223 1227 1236 1245 1255
    1259 1268 1278 1292 1297 1312 1322 1338 1349 1349 1359 1370 1370
    1370 4041 0 1245 1245 1245 1245 1241 1236 1232 1232 1227 1227 1219
    1219 1214 1210 1210 1210 1210 1206 1202 1202 1197 1197 1197 1202
    1202 1210 1223 1227 1236 1245 1255 1264 1268 1278 1292 1302 1307
    1328 1338 1349 1349 1359 1370 1370 1370 4041 0 1241 1241 1241 1241
    1241 1236 1232 1227 1227 1227 1223 1219 1214 1210 1210 1210 1210
    1210 1206 1202 1197 1197 1197 1202 1206 1210 1219 1227 1236 1245
    1255 1264 1273 1283 1292 1302 1307 1328 1338 1349 1354 1365 1370
    1370 1370 4089 0 1241 1241 1241 1241 1241 1236 1232 1227 1227 1227
    1223 1219 1214 1210 1210 1210 1210 1210 1206 1202 1202 1202 1202
    1202 1206 1214 1219 1227 1236 1245 1255 1268 1273 1283 1292 1302
    1307 1328 1338 1349 1354 1365 1370 1376 1381 4041 1250 1245 1245
    1245 1245 1236 1232 1232 1232 1227 1227 1223 1219 1214 1210 1210
    1210 1210 1210 1206 1202 1202 1202 1202 1202 1206 1214 1219 1227
    1236 1245 1259 1268 1278 1283 1292 1302 1312 1328 1338 1349 1359
    1370 1370 1376 1381 4041 1250 1250 1245 1245 1245 1236 1232 1232
    1232 1227 1227 1223 1219 1214 1210 1210 1210 1210 1210 1206 1202
    1202 1202 1202 1202 1210 1214 1219 1227 1236 1245 1255 1268 1278
    1288 1297 1302 1312 1328 1338 1349 1359 1365 1370 1376 1387 4041
    1250 1250 1245 1245 1245 1241 1232 1232 1232 1227 1227 1223 1219
    1219 1214 1210 1210 1210 1206 1202 1202 1202 1202 1202 1202 1210
    1214 1223 1227 1236 1245 1255 1268 1278 1288 1297 1307 1312 1328
    1338 1349 1359 1365 1376 1376 1376 4041 1245 1245 1245 1245 1241
    1236 1232 1232 1232 1227 1227 1223 1219 1214 1214 1210 1210 1210
    1206 1202 1202 1202 1202 1202 1202 1210 1214 1223 1227 1236 1245
    1255 1268 1283 1288 1297 1307 1317 1328 1338 1349 1359 1370 1376
    1376 1376 4041 1245 1245 1245 1245 1241 1236 1236 1232 1232 1227
    1227 1223 1219 1214 1214 1210 1210 1210 1210 1206 1202 1202 1202
    1202 1202 1210 1219 1223 1232 1236 1250 1255 1268 1278 1288 1297
    1307 1317 1333 1338 1349 1359 1370 1376 1376 1387 4089 1245 1245
    1245 1241 1241 1236 1236 1232 1232 1227 1227 1223 1219 1214 1214
    1210 1210 1210 1210 1206 1202 1202 1202 1202 1202 1214 1219 1227
    1232 1241 1250 1255 1268 1278 1288 1297 1307 1317 1333 1343 1354
    1359 1370 1376 1376 1381 4139 1241 1241 1241 1241 1241 1236 1232
    1232 1232 1227 1223 1223 1219 1214 1214 1210 1210 1210 1210 1206
    1202 1202 1202 1202 1202 1210 1219 1227 1232 1241 1250 1259 1268
    1278 1288 1297 1307 1322 1333 1343 1354 1359 1370 1376 1376 1376
    4190 1241 1241 1241 1241 1241 1236 1232 1232 1232 1227 1223 1223
    1219 1214 1214 1210 1210 1210 1214 1210 1206 1202 1202 1202 1202
    1210 1219 1227 1232 1241 1250 1255 1268 1283 1292 1297 1307 1322
    1333 1343 1354 1359 1370 1376 1376 1376 4139 1241 1241 1241 1241
    1241 1236 1232 1232 1232 1227 1227 1223 1219 1214 1214 1210 1210
    1210 1210 1210 1206 1202 1202 1202 1206 1210 1219 1227 1232 1241
    1250 1255 1268 1288 1292 1297 1307 1322 1333 1343 1354 1359 1370
    1376 1376 1376 4139 1241 1241 1241 1241 1241 1236 1232 1232 1232
    1227 1227 1223 1219 1214 1214 1210 1210 1210 1210 1210 1206 1202
    1202 1202 1206 1210 1219 1227 1236 1245 1250 1255 1273 1288 1292
    1297 1307 1322 1333 1343 1354 1365 1370 1376 1381 1381 4089 1241
    1241 1241 1241 1241 1236 1232 1232 1232 1227 1227 1223 1219 1214
    1214 1210 1210 1210 1206 1206 1202 1202 1202 1202 1206 1210 1219
    1227 1236 1245 1255 1259 1273 1288 1292 1297 1307 1317 1333 1343
    1354 1365 1370 1376 1376 4295 4041 1245 1245 1245 1245 1241 1236
    1232 1232 1232 1227 1227 1223 1219 1214 1214 1210 1210 1210 1206
