<?xml version="1.0"?>
<opencv_storage>
<Depth9701 type_id="opencv-matrix">
  <rows>41</rows>
  <cols>85</cols>
  <dt>w</dt>
  <data>
    4041 4041 3994 3994 4041 1452 1452 1445 1445 1452 1452 1452 1452
    1458 1458 1458 4041 3994 3948 1458 1458 1458 1452 1445 1445 3859
    3903 3903 3903 3903 3903 3859 3859 3903 3859 3859 3859 3859 3903
    3859 3859 3859 3816 3816 3816 3816 3816 3816 3816 3816 3816 3774
    3774 3774 3774 3816 3774 3774 3774 3774 3774 3774 3732 3732 3692
    3692 3653 3653 3614 3614 3614 3614 3614 3614 3614 3653 3653 2933
    2933 2958 2958 2908 2908 2908 2908 4041 4041 4041 1445 1445 1445
    1445 1445 1445 1445 1445 1445 1445 1452 1452 1445 1445 1445 1445
    1445 1445 1445 1439 1433 1427 1427 1427 4041 3948 3859 3859 3816
    3816 3859 3859 3859 3859 3859 3859 3859 3859 3859 3816 3816 3816
    3816 3816 3816 3816 3774 3774 3774 3774 3774 3774 3774 3774 3774
    3774 3774 3774 3732 3732 3732 3692 3692 3653 3653 3614 3614 3614
    3614 3614 3614 3614 3653 3653 2933 2933 2958 2958 2908 2883 2883
    2883 4041 4041 0 1452 1439 1439 1439 1439 1439 1439 1439 1439 1439
    1433 1433 1433 1433 1433 1433 1439 1439 1439 1439 1433 1427 1427
    1433 1433 1427 1427 3859 3732 3732 3859 3859 3859 3859 3859 3859
    3859 3859 3859 3816 3816 3774 3774 3774 3774 3774 3774 3774 3774
    3774 3774 3774 3774 3774 3774 3774 3774 3774 3732 3732 3732 3692
    3692 3653 3653 3653 3653 3653 3614 3614 3653 3653 3653 3653 3653
    2958 2958 2958 2908 2883 2883 2883 4041 0 1470 1452 1452 1433 1433
    1433 1433 1433 1433 1433 1427 1427 1427 1427 1427 1427 1427 1427
    1427 1427 1427 1427 1427 1427 1427 1427 1427 1427 1427 1427 1427
    1427 1421 1421 3859 3859 3859 3903 3903 3859 3816 3816 3774 3774
    3774 3774 3774 3732 3732 3732 3774 3774 3774 3774 3774 3774 3774
    3732 3732 3732 3732 3732 3692 3692 3653 3653 3653 3653 3653 3653
    3653 3653 3653 3653 3653 3614 2958 2958 2958 2958 2908 2908 2908
    4041 1470 1470 1470 1452 1427 1427 1427 1427 1427 1427 1427 1421
    1421 1421 1421 1421 1421 1421 1421 1421 1421 1427 1421 1421 1421
    1421 1421 1421 1421 1427 1427 1421 1421 1421 1415 1415 1415 1415
    1415 1415 1415 1415 3816 1410 1410 3774 3732 3732 3692 3692 3732
    3732 3732 3774 3774 3774 3774 3732 3732 3732 3732 3692 3692 3692
    3692 3653 3653 3653 3653 3653 3692 3692 3692 3653 3614 3614 3614
    2933 2933 2933 2933 2908 2908 2908 0 0 1470 1464 1439 1421 1421 1421
    1421 1421 1421 1421 1421 1421 1421 1421 1415 1415 1415 1415 1410
    1410 1410 1410 1410 1410 1415 1415 1415 1415 1415 1415 1415 1415
    1415 1410 1410 1415 1415 1415 1415 1415 1410 1410 1410 1410 1410
    1410 1404 1404 1404 3732 3732 3732 3732 3774 3774 3774 3732 3732
    3732 3732 3692 3692 3692 3692 3653 3653 3653 3653 3692 3732 3692
    3692 3653 3614 3614 3653 2933 2933 2933 2908 2908 2883 2883 0 0 1464
    1452 1421 1410 1410 1410 1410 1410 1410 1410 1410 1410 1410 1410
    1410 1410 1410 1404 1404 1404 1404 1404 1404 1404 1404 1404 1404
    1404 1410 1410 1410 1410 1410 1410 1410 1410 1410 1410 1404 1404
    1404 1404 1404 1404 1404 1404 1404 1398 1398 1404 1398 1392 1387
    1387 1410 3774 3732 3732 3732 3732 3732 3732 3732 3692 3653 3653
    3614 3614 3692 3732 3732 3692 3653 3614 3614 3653 2933 2933 2908
    2908 2883 2883 2883 0 0 1464 1452 1404 1398 1398 1398 1398 1398 1398
    1398 1404 1404 1404 1404 1404 1404 1398 1398 1398 1398 1398 1392
    1392 1398 1398 1398 1398 1398 1404 1398 1398 1398 1398 1398 1398
    1398 1398 1404 1404 1398 1398 1398 1398 1392 1392 1392 1392 1392
    1392 1392 1392 1387 1387 1387 1387 1392 1392 1392 1392 1387 1387
    1387 1392 1392 1392 3653 3614 3614 3692 3732 3732 3732 3692 3653
    3653 3653 2958 2933 2908 2883 2883 2883 2883 0 0 1398 0 1398 1392
    1392 1392 1392 1392 1392 1392 1392 1392 1392 1392 1392 1392 1392
    1392 1392 1387 1387 1387 1387 1387 1387 1387 1387 1387 1398 1392
    1392 1387 1387 1387 1387 1387 1392 1392 1392 1392 1387 1387 1387
    1387 1387 1387 1387 1387 1387 1387 1381 1381 1381 1381 1387 1387
    1387 1387 1387 1387 1387 1387 1387 1387 1387 1387 1387 1387 1381
    1381 1381 1381 3692 3653 3653 3692 2958 2958 2908 2883 2859 2859
    2859 0 0 0 0 1376 1376 1381 1381 1381 1381 1387 1387 1387 1387 1387
    1381 1381 1381 1381 1381 1381 1381 1381 1381 1381 1381 1376 1376
    1381 1381 1387 1387 1387 1387 1387 1387 1381 1381 1381 1381 1381
    1381 1381 1381 1381 1381 1381 1381 1381 1381 1381 1381 1381 1381
    1381 1381 1381 1381 1381 1381 1381 1381 1381 1381 1381 1381 1381
    1381 1381 1381 1381 1381 1381 1381 1392 3653 3653 3692 2933 2933
    2908 2883 2835 2835 2859 0 0 0 0 1370 1370 1365 1365 1365 1370 1376
    1376 1376 1376 1376 1376 1376 1370 1370 1370 1370 1376 1376 1376
    1376 1376 1370 1370 1370 1370 1376 1376 1381 1381 1381 1381 1376
    1376 1376 1376 1376 1376 1376 1381 1381 1381 1376 1376 1376 1370
    1370 1370 1370 1370 1370 1370 1376 1376 1376 1376 1376 1376 1376
    1376 1376 1370 1370 1370 1370 1376 1376 1376 1376 1376 1387 1387
    3774 3774 2933 2933 2883 2883 2835 2835 2859 0 0 0 0 1359 1359 1359
    1359 1359 1365 1359 1359 1359 1359 1365 1365 1365 1365 1359 1359
    1359 1365 1370 1365 1365 1365 1365 1365 1365 1365 1370 1370 1370
    1370 1370 1370 1370 1370 1370 1370 1370 1370 1370 1370 1370 1370
    1365 1365 1365 1365 1365 1365 1365 1365 1365 1365 1365 1365 1365
    1365 1365 1370 1365 1365 1365 1365 1365 1365 1365 1365 1370 1370
    1365 1365 1370 1370 3774 3774 3732 3732 2883 2883 2835 2835 2859 0 0
    0 0 1349 1349 1349 1354 1354 1354 1354 1354 1354 1349 1349 1354 1354
    1354 1354 1354 1354 1354 1354 1354 1354 1354 1354 1359 1359 1359
    1359 1359 1359 1365 1365 1365 1365 1365 1365 1365 1365 1359 1359
    1359 1354 1354 1359 1359 1359 1359 1359 1359 1365 1365 1365 1365
    1365 1359 1359 1359 1359 1359 1359 1359 1359 1365 1365 1365 1359
    1359 1365 1359 1359 1359 1365 1370 1370 3774 3732 2933 2883 2883
    2835 2835 2859 0 0 0 0 1343 1343 1343 1343 1349 1349 1349 1349 1343
    1343 1343 1343 1338 1338 1338 1338 1338 1338 1343 1349 1349 1349
    1349 1349 1349 1349 1349 1349 1354 1354 1354 1359 1354 1354 1359
    1359 1359 1354 1349 1343 1343 1343 1343 1354 1354 1354 1354 1359
    1359 1359 1359 1359 1359 1354 1354 1354 1354 1354 1354 1354 1354
    1359 1359 1359 1354 1354 1354 1354 1354 1354 1354 1370 1370 1376
    1376 2933 2908 2883 2859 2859 2859 0 0 1338 1338 1338 1338 1338 1338
    1343 1338 1338 1338 1338 1333 1333 1338 1333 1333 1333 1333 1333
    1333 1333 1333 1338 1338 1343 1343 1338 1338 1343 1343 1343 1349
    1349 1349 1343 1343 1343 1343 1343 1343 1338 1338 1338 1338 1338
    1343 1349 1349 1349 1354 1349 1349 1349 1349 1349 1343 1343 1343
    1343 1343 1343 1343 1343 1349 1349 1349 1349 1343 1343 1343 1343
    1349 1349 1370 1370 1376 1376 2908 2908 2883 2859 2859 2859 3903 0
    1328 1328 1338 1333 1333 1333 1328 1328 1328 1328 1328 1328 1328
    1328 1328 1328 1328 1328 1328 1328 1328 1328 1328 1328 1328 1328
    1328 1328 1338 1338 1338 1338 1338 1338 1338 1333 1333 1333 1338
    1338 1338 1333 1333 1333 1333 1338 1338 1333 1333 1338 1343 1343
    1338 1338 1338 1338 1343 1343 1343 1343 1343 1343 1343 1343 1343
    1338 1338 1338 1338 1338 1338 1343 1343 1343 1343 1376 1376 2908
    2908 2883 2859 2859 2859 3903 0 1328 1328 1333 1333 1328 1322 1317
    1317 1317 1317 1317 1317 1317 1322 1322 1322 1322 1317 1317 1317
    1317 1317 1317 1317 1317 1317 1322 1322 1328 1322 1322 1333 1333
    1328 1328 1328 1328 1328 1333 1328 1328 1328 1322 1322 1328 1328
    1328 1322 1322 1328 1333 1333 1328 1328 1328 1328 1333 1333 1333
    1338 1338 1338 1338 1338 1338 1338 1333 1333 1333 1338 1338 1338
    1333 1333 1333 1333 1333 2883 2883 2859 2859 2835 2835 0 1333 1333
    1333 1328 1322 1317 1317 1312 1312 1317 1317 1317 1312 1312 1312
    1312 1312 1312 1312 1312 1312 1307 1307 1307 1307 1307 1312 1312
    1312 1317 1317 1317 1317 1317 1317 1317 1322 1322 1322 1322 1322
    1322 1322 1322 1322 1317 1317 1317 1322 1322 1322 1322 1322 1322
