<?xml version="1.0"?>
<opencv_storage>
<Depth0355 type_id="opencv-matrix">
  <rows>24</rows>
  <cols>5</cols>
  <dt>w</dt>
  <data>
    6753 6753 6753 6753 6753 6753 6753 6753 6889 6889 6889 6889 6889
    6889 6889 6753 6753 6753 6889 6889 6753 6753 6753 6889 6889 6753
    6753 6753 6889 6889 6889 6753 6753 6889 6889 0 6753 6753 6889 6889 0
    6889 6889 6889 6889 0 6889 6889 6889 6889 6889 6889 6889 6889 6889
    6889 6889 6889 6889 6889 6753 6753 6889 6889 7030 6753 6753 6753
    6889 7030 6753 6753 6753 6889 7178 6889 6889 6889 6889 7030 6889
    6889 6889 6889 6889 6889 6889 6889 6889 6889 6889 6889 6889 6889
    6889 7178 6889 6889 6889 7030 7030 7030 6889 6889 7030 7030 7030
    6889 6889 7030 7030 7030 6889 6889 7030 7030 7030 6889 6889 7178</data></Depth0355>
</opencv_storage>
