<?xml version="1.0"?>
<opencv_storage>
<Depth9645 type_id="opencv-matrix">
  <rows>38</rows>
  <cols>11</cols>
  <dt>w</dt>
  <data>
    2812 2812 2812 2812 2859 2859 2859 2859 2835 2812 2812 2812 2812
    2812 2835 2859 2859 2859 2859 2812 2789 2789 2835 2835 2835 2835
    2835 2859 2859 2835 2812 2789 2789 2835 2835 2835 2835 2835 2835
    2812 2812 2812 2789 2789 2835 2835 2812 2812 2812 2812 2812 2812
    2789 2789 2767 2883 2835 2812 2812 2812 2812 2812 2812 2789 2789
    2767 2883 2835 2812 2812 2812 2812 2812 2812 2789 2789 2789 2835
    2835 2812 2812 2812 2812 2812 2812 2789 2789 2789 2812 2835 2812
    2812 2812 2812 2812 2812 2812 2789 2789 2812 2812 2812 2812 2812
    2812 2812 2789 2789 2767 2767 2812 2812 2812 2812 2812 2812 2812
    2789 2789 2744 2744 2835 2835 2812 2812 2812 2812 2789 2789 2789
    2744 2744 2883 2883 2812 2789 2789 2789 2789 2789 2789 2744 2744
    2883 2883 2812 2789 2789 2789 2789 2789 2767 2744 2744 2908 2883
    2835 2789 2789 2789 2789 2767 2744 2744 2744 3653 2908 2812 2812
    2789 2789 2789 2767 2744 2723 2723 3653 3774 2812 2812 2812 2789
    2789 2767 2744 2723 2723 3774 3774 2812 2812 2812 2789 2789 2767
    2744 2723 2723 3774 2883 2812 2812 2789 2789 2789 2789 2744 2723
    2723 3774 2883 2812 2812 2789 2789 2789 2789 2723 2723 2723 3774
    2859 2835 2812 2789 2789 2789 2789 2723 2723 2723 3732 2859 2835
    2812 2789 2767 2767 2744 2723 2701 2701 3732 2812 2812 2859 2812
    2767 2767 2723 2723 2701 2701 3816 2812 2812 2859 2835 2789 2767
    2723 2723 2701 2701 3774 2883 2883 2859 2812 2789 2767 2723 2723
    2701 2701 3774 3732 3732 2859 2789 2767 2744 2723 2723 2701 2701
    3774 3732 3732 2859 2789 2767 2744 2723 2723 2701 2701 3732 3732
    2883 2859 2789 2767 2744 2723 2723 2701 2701 3732 3774 2859 2859
    2812 2767 2744 2723 2723 2701 2701 3774 3774 2859 2859 2812 2767
    2744 2723 2723 2701 2701 3774 3774 2859 2859 2812 2789 2723 2723
    2723 2701 2701 3774 3774 2883 2883 2812 2789 2701 2680 2659 2659
    2659 3774 3774 2883 2883 2835 2767 2701 2680 2659 2659 2659 3774
    3774 2859 2859 2812 2767 2723 2680 2659 2659 2659 3774 3774 2859
    2859 2812 2767 2701 2680 2659 2639 2639 3774 3774 2789 2789 2812
    2767 2701 2701 2659 2639 2639 3774 3774 2789 2789 2812 2789 2680
    2680 2659 2618 2618 3774 3774 3774 3774 2812 2812 2680 2680 2659
    2598 2598</data></Depth9645>
</opencv_storage>
