<?xml version="1.0"?>
<opencv_storage>
<Depth11187 type_id="opencv-matrix">
  <rows>104</rows>
  <cols>62</cols>
  <dt>w</dt>
  <data>
    3433 3399 3399 3399 3399 3433 3433 3433 1087 1087 1087 1090 1090
    3300 3300 3300 3399 3399 3399 3365 3365 3365 3365 3365 3365 3365
    3365 3333 3333 3333 3333 3300 3300 3269 3269 1105 1101 1101 3300
    3238 3238 3269 3269 3269 3269 3300 3300 3300 3300 3300 1145 1145
    1145 1145 1149 3238 3238 3238 3208 3208 3238 3208 3399 3399 3399
    3399 3399 3433 3433 1090 1087 1087 1087 1087 1087 3365 3365 1077
    1077 3399 3399 1087 1087 1087 1090 1094 1101 3365 3365 3333 1097
    1094 1094 1097 1119 1112 1112 1105 1101 1101 1105 1105 1123 1123
    1123 1123 3333 3300 1130 1130 1130 1130 1134 1138 1138 1141 1141
    1141 1138 1138 3208 3208 3238 3208 3399 3399 3399 3399 3468 3468
    3468 1090 1090 1080 1080 1080 1077 1077 1077 1077 1077 1080 1084
    1084 1087 1087 1090 1090 1094 1094 1094 1094 1094 1094 1094 1097
    1097 1101 1105 1105 1101 1101 1101 1105 1112 1119 1119 1119 1119
    1119 1119 1123 1126 1126 1134 1134 1134 1134 1138 1138 1138 1138
    1138 1138 3208 3208 1145 1145 1141 1123 1115 1115 1115 1080 1080
    1073 1073 1073 1073 1073 1073 1073 1077 1077 1080 1084 1087 1087
    1087 1090 1094 1094 1094 1094 1094 1094 1094 1094 1097 1097 1101
    1101 1101 1101 1101 1105 1112 1115 1115 1119 1119 1119 1119 1123
    1126 1126 1126 1130 1130 1130 1134 1134 1138 1138 1138 1138 1138
    3178 1149 1145 1138 1123 1108 1101 1101 1080 1077 1073 1073 1073
    1073 1073 1073 1073 1073 1077 1080 1084 1084 1084 1084 1084 1090
    1090 1094 1094 1090 1090 1094 1094 1094 1097 1097 1101 1101 1105
    1105 1105 1108 1115 1115 1119 1119 1119 1123 1123 1123 1126 1126
    1126 1126 1130 1130 1134 1138 1138 1138 1138 1138 1138 1149 1145
    1138 1123 1108 1097 1090 1080 1077 1073 1073 1073 1073 1073 1073
    1073 1073 1077 1080 1080 1084 1084 1084 1084 1087 1090 1090 1090
    1090 1090 1094 1094 1094 1097 1097 1101 1105 1105 1105 1108 1108
    1115 1119 1119 1119 1119 1123 1123 1123 1126 1126 1126 1126 1130
    1130 1134 1138 1138 1138 1138 1138 0 0 1149 1138 1126 1108 1097 1087
    1077 1077 1073 1073 1073 1073 1073 1073 1073 1073 1077 1080 1080
    1080 1084 1084 1084 1087 1087 1090 1090 1090 1094 1094 1094 1094
    1097 1097 1101 1105 1105 1105 1105 1108 1115 1119 1119 1119 1119
    1123 1123 1126 1126 1126 1126 1126 1130 1130 1134 1134 1134 1134
    1138 1138 0 0 1149 1141 1130 1108 1097 1087 1077 1077 1073 1073 1073
    1073 1073 1073 1073 1077 1077 1080 1080 1080 1084 1084 1084 1087
    1087 1090 1090 1090 1094 1094 1094 1094 1097 1097 1101 1105 1105
    1105 1105 1108 1112 1119 1119 1123 1119 1119 1123 1123 1126 1126
    1126 1126 1130 1130 1134 1134 1134 1134 1134 1134 0 0 1149 1141 1130
    1108 1097 1090 1077 1073 1073 1073 1073 1077 1077 1077 1077 1077
    1080 1080 1080 1080 1080 1084 1084 1087 1087 1090 1090 1090 1094
    1094 1094 1097 1097 1097 1101 1105 1105 1105 1105 1108 1112 1119
    1119 1119 1119 1119 1123 1123 1126 1126 1126 1126 1130 1130 1134
    1134 1134 1138 0 0 0 1161 1149 1141 1123 1108 1101 1090 1077 1070
    1070 1073 1073 1073 1077 1077 1077 1077 1080 1080 1080 1080 1080
    1084 1084 1087 1087 1090 1090 1094 1094 1094 1094 1097 1097 1097
    1101 1105 1105 1105 1105 1108 1112 1115 1119 1119 1119 1119 1123
    1126 1126 1126 1126 1126 1130 1134 1134 1134 1138 1138 1138 0 0 1161
    1149 1141 1123 1108 1094 1087 1077 1070 1070 1073 1073 1073 1073
    1073 1077 1077 1077 1080 1080 1080 1080 1084 1084 1087 1087 1090
    1090 1094 1094 1094 1097 1097 1097 1101 1101 1105 1105 1105 1105
    1108 1112 1115 1119 1119 1119 1123 1123 1123 1126 1126 1126 1126
    1126 1134 1134 1134 1134 1138 1138 0 0 1161 1149 1141 1123 1108 1094
    1084 1077 1073 1070 1070 1073 1073 1073 1073 1077 1077 1077 1080
    1084 1084 1084 1084 1084 1087 1087 1090 1090 1090 1094 1094 1097
    1097 1097 1101 1105 1105 1105 1105 1105 1108 1112 1115 1115 1115
    1119 1123 1123 1123 1126 1126 1126 1126 1126 1134 1134 1134 1134
    1138 1138 0 0 1153 1149 1141 1123 1112 1094 1084 1077 1073 1070 1070
    1073 1073 1073 1077 1077 1077 1077 1080 1084 1084 1084 1084 1087
    1087 1087 1090 1090 1090 1090 1094 1094 1097 1097 1101 1105 1105
    1105 1105 1105 1112 1112 1115 1115 1115 1119 1123 1123 1123 1123
    1126 1126 1126 1130 1134 1134 1134 1138 1138 1138 1138 0 1153 1149
    1141 1123 1105 1094 1084 1077 1073 1070 1070 1073 1073 1077 1077
    1077 1077 1077 1077 1080 1084 1084 1087 1087 1087 1090 1090 1090
    1090 1090 1094 1094 1097 1097 1101 1105 1105 1105 1105 1105 1112
    1112 1115 1115 1115 1119 1123 1123 1123 1123 1126 1126 1126 1130
    1134 1134 1134 1138 1141 1141 1141 0 1153 1149 1134 1123 1105 1094
    1084 1080 1077 1073 1073 1073 1073 1077 1077 1077 1077 1077 1077
    1080 1084 1084 1087 1087 1087 1090 1090 1090 1090 1090 1094 1094
    1097 1097 1101 1105 1105 1105 1105 1105 1112 1112 1115 1115 1119
    1119 1123 1126 1126 1126 1126 1126 1126 1130 1134 1134 1134 1138
    1141 1141 1141 0 1153 1149 1134 1123 1108 1094 1087 1080 1077 1073
    1073 1073 1073 1077 1077 1077 1077 1077 1077 1080 1080 1084 1084
    1087 1090 1090 1090 1090 1090 1090 1094 1094 1097 1097 1101 1101
    1105 1105 1105 1105 1112 1112 1115 1115 1119 1123 1126 1126 1126
    1126 1126 1130 1130 1134 1134 1134 1138 1138 1138 1141 1141 1141
    1149 1145 1138 1126 1108 1097 1087 1080 1077 1077 1073 1073 1073
    1077 1077 1077 1077 1080 1080 1080 1080 1084 1084 1087 1090 1090
    1090 1090 1094 1094 1097 1097 1097 1097 1101 1101 1105 1105 1105
    1105 1112 1115 1115 1119 1123 1123 1123 1126 1126 1126 1126 1126
    1126 1134 1134 1134 1138 1138 1138 1138 1141 1141 1149 1145 1134
    1126 1115 1101 1090 1080 1077 1077 1073 1073 1073 1077 1077 1077
    1077 1080 1080 1080 1080 1080 1084 1087 1087 1087 1090 1090 1094
    1094 1094 1097 1097 1097 1101 1101 1105 1105 1105 1105 1112 1115
    1119 1119 1123 1123 1123 1126 1126 1126 1126 1126 1126 1134 1134
    1134 1138 1138 1138 1138 1141 1141 1153 1149 1134 1126 1115 1105
    1090 1084 1077 1073 1073 1073 1073 1077 1077 1077 1077 1080 1080
    1080 1080 1080 1084 1087 1087 1087 1090 1090 1094 1094 1094 1097
    1097 1101 1101 1101 1105 1105 1105 1105 1108 1112 1115 1119 1123
    1123 1123 1123 1123 1126 1126 1130 1130 1130 1134 1134 1138 1138
    1138 1138 1141 1141 1161 1149 1134 1123 1115 1105 1090 1084 1077
    1073 1073 1073 1077 1077 1077 1077 1077 1080 1080 1080 1080 1080
    1084 1087 1087 1090 1090 1090 1094 1094 1094 1101 1101 1101 1101
    1101 1105 1105 1105 1105 1108 1112 1115 1119 1119 1123 1123 1123
    1123 1126 1126 1130 1130 1130 1134 1134 1134 1134 1134 1134 1134
    1134 1161 1141 1126 1123 1115 1105 1090 1084 1077 1073 1073 1073
    1077 1077 1077 1077 1077 1080 1080 1080 1084 1084 1084 1087 1090
    1090 1090 1094 1094 1094 1097 1097 1101 1101 1105 1105 1105 1105
    1105 1108 1112 1112 1115 1119 1119 1123 1123 1123 1123 1126 1126
    1130 1130 1134 1134 1134 1134 1134 1134 1134 1134 0 1165 1141 1126
    1123 1115 1112 1090 1084 1077 1073 1073 1073 1077 1077 1077 1077
    1077 1077 1080 1084 1084 1084 1087 1087 1090 1090 1090 1090 1094
    1094 1094 1097 1097 1101 1105 1105 1105 1105 1105 1108 1112 1112
    1115 1119 1123 1123 1123 1123 1123 1126 1126 1130 1130 1134 1134
    1134 1134 1134 1134 1134 1134 0 1165 1145 1130 1123 1115 1105 1090
    1084 1077 1073 1073 1077 1077 1077 1077 1077 1077 1077 1080 1080
    1080 1087 1087 1090 1090 1090 1090 1090 1090 1094 1094 1094 1097
    1101 1101 1105 1105 1105 1108 1108 1112 1112 1115 1119 1123 1123
    1123 1123 1126 1126 1126 1130 1130 1130 1134 1134 1134 1134 1134
    1134 1134 0 1165 1145 1130 1123 1115 1105 1090 1080 1077 1073 1073
    1073 1077 1077 1077 1077 1077 1077 1080 1080 1080 1087 1087 1090
    1090 1090 1090 1090 1090 1090 1094 1094 1097 1101 1101 1105 1105
    1105 1108 1108 1112 1115 1115 1119 1123 1123 1123 1123 1123 1126
    1126 1130 1130 1130 1134 1134 1134 1138 1138 1138 1138 0 1165 1145
