<?xml version="1.0"?>
<opencv_storage>
<Depth10813 type_id="opencv-matrix">
  <rows>113</rows>
  <cols>64</cols>
  <dt>w</dt>
  <data>
    0 0 0 0 0 869 862 858 854 854 0 0 0 0 0 0 0 0 0 0 0 0 0 0 0 0 0 0 0
    0 0 0 0 0 0 0 0 0 0 0 0 0 0 0 0 0 0 0 0 0 0 0 4295 4241 4241 4190
    4190 4139 4139 0 0 0 0 0 0 0 0 0 0 869 862 858 851 851 851 0 796 0
    787 787 0 0 0 0 0 0 0 0 0 0 0 0 0 0 0 0 0 0 0 0 0 0 0 0 0 0 0 0 0 0
    0 0 0 0 0 4295 4295 4295 4405 4190 4190 4139 4139 0 0 0 0 0 0 0 0 0
    882 871 867 858 851 851 851 0 0 796 787 787 0 761 761 0 0 0 0 0 0 0
    0 0 0 0 0 0 0 0 0 0 0 0 0 0 0 0 0 0 0 0 0 0 0 0 0 725 4349 4349 4349
    4349 4349 4349 0 0 0 0 0 0 0 0 0 0 880 869 864 860 860 860 860 0 794
    794 790 790 790 761 759 759 0 0 0 0 0 0 0 0 0 0 0 0 0 0 0 0 0 0 0 0
    0 0 0 0 725 725 725 725 725 725 725 0 0 0 719 0 723 0 0 0 0 0 0 0 0
    0 0 0 880 869 864 858 858 858 851 802 794 794 790 771 766 761 759
    755 755 0 0 0 707 706 706 0 0 0 0 0 0 0 0 0 0 0 0 0 0 0 0 0 725 725
    723 722 720 720 0 0 716 717 0 723 723 723 723 731 731 730 730 0 0 0
    0 0 0 869 862 858 851 851 851 802 802 796 796 771 762 759 757 752
    739 736 736 0 707 704 701 698 698 687 687 0 0 0 0 703 703 0 700 700
    0 0 706 706 706 706 707 710 711 713 713 714 716 717 719 722 722 722
    722 722 723 727 728 730 0 0 0 887 887 869 862 858 851 843 843 807
    802 798 798 798 762 759 755 750 738 734 734 734 710 704 701 694 690
    687 687 690 691 697 697 697 698 698 700 700 703 704 704 706 706 706
    707 710 711 711 713 714 716 717 717 719 720 720 722 722 723 725 727
    728 0 0 0 887 887 869 864 858 839 835 835 805 803 800 798 798 766
    762 755 750 730 728 727 727 710 704 703 693 690 688 688 690 691 694
    696 697 697 697 698 701 703 703 704 704 706 706 707 710 710 711 713
    713 716 717 717 719 720 720 722 722 723 725 727 728 0 0 0 887 882
    869 867 860 839 833 833 805 803 800 796 787 766 762 755 752 730 727
    727 727 727 704 703 693 690 690 690 691 693 694 694 697 697 697 698
    701 703 703 704 704 706 707 707 710 710 711 713 713 716 717 717 720
    720 722 722 722 723 725 728 727 0 0 0 889 882 873 867 854 839 833
    833 807 803 800 785 776 766 762 757 757 733 727 727 727 727 703 703
    691 691 691 691 691 691 693 693 697 697 698 700 701 703 703 704 704
    706 707 707 710 711 713 713 713 716 717 719 720 722 722 722 722 723
    727 728 727 0 0 0 885 882 875 869 849 841 835 835 809 805 800 785
    776 767 762 755 749 733 730 728 728 728 703 703 691 691 691 691 691
    691 693 693 697 697 698 700 701 703 703 704 704 706 707 708 710 711
    713 713 713 716 717 719 720 722 722 722 723 725 727 728 728 0 0 0
    885 882 878 878 849 843 843 817 811 805 800 785 780 767 762 755 744
    738 733 730 730 730 704 703 693 691 691 691 691 691 693 693 697 697
    698 700 701 703 703 704 704 706 707 708 711 711 713 713 716 716 717
    719 720 720 722 722 723 727 728 728 728 0 0 898 889 885 878 864 849
    845 841 815 813 807 802 783 778 771 762 755 742 738 734 731 731 731
    704 703 693 691 691 691 693 693 693 694 697 698 698 700 701 703 704
    704 704 706 707 710 711 713 713 714 716 716 717 719 720 720 722 723
    725 727 728 728 728 0 0 898 891 885 875 862 849 845 841 815 813 807
    802 783 778 773 762 757 742 738 733 728 719 719 704 694 693 691 691
    691 693 693 693 696 697 698 698 700 701 704 704 704 704 706 708 711
    711 713 713 714 716 716 717 719 720 722 723 725 727 727 728 728 728
    0 0 896 894 885 875 862 847 843 841 815 813 807 802 794 778 773 766
    759 742 736 731 723 719 714 706 694 693 691 691 693 693 693 694 696
    698 698 700 701 703 704 704 704 706 707 710 711 713 713 714 716 717
    717 717 719 720 722 723 725 728 728 728 728 730 0 0 894 887 882 875
    867 847 843 841 841 813 809 802 794 780 769 764 757 744 736 731 723
    719 714 714 714 693 691 691 693 693 693 696 696 698 700 701 701 703
    704 704 704 706 708 710 711 713 713 714 716 717 717 719 720 722 723
    723 725 727 728 730 730 731 0 0 891 885 882 875 869 845 843 839 835
    813 809 802 794 781 769 762 757 744 734 730 723 719 714 714 698 693
    691 691 693 693 693 696 696 698 700 701 703 703 704 704 706 707 708
    710 711 713 713 716 716 717 719 719 720 722 723 723 725 727 728 730
    731 733 0 0 891 885 882 878 871 845 841 837 835 813 809 803 794 781
    767 762 757 744 734 730 725 720 716 713 698 694 693 693 693 693 693
    694 696 700 700 701 703 703 704 706 706 708 708 710 711 713 713 716
    716 717 719 719 720 722 723 723 725 727 728 730 731 734 0 0 891 885
    882 878 864 849 841 837 835 813 809 803 789 789 767 764 759 744 739
    734 727 720 716 708 700 696 693 693 693 693 693 694 697 700 700 700
    703 703 706 706 706 708 708 710 711 713 713 716 717 717 719 720 720
    722 723 723 725 727 728 730 731 733 0 0 0 0 880 880 864 849 843 839
    835 813 809 803 789 789 769 764 755 744 739 733 727 722 716 708 698
    696 693 693 693 693 694 697 697 700 700 700 703 704 706 706 707 708
    710 710 711 713 713 716 717 719 719 720 720 722 723 723 725 727 728
    730 731 731 0 0 0 0 875 875 864 851 843 839 831 813 809 803 789 789
    789 766 755 742 738 733 728 722 716 706 697 696 693 693 693 694 694
    697 698 700 700 703 704 704 706 706 707 710 710 711 711 713 714 716
    717 719 719 720 722 722 723 723 725 727 728 730 730 730 0 0 0 0 878
    875 867 851 843 839 827 813 809 803 789 789 789 766 764 742 738 731
    728 722 722 703 697 696 694 694 694 696 697 698 698 701 701 703 704
    704 706 706 708 710 710 711 713 713 714 716 717 717 720 720 722 722
    723 723 725 727 728 730 730 730 0 0 898 887 878 875 871 849 841 835
    827 817 811 803 792 792 792 764 761 742 738 731 728 722 716 701 697
    696 694 694 694 696 697 698 698 701 701 703 704 704 706 707 708 710
    711 713 713 713 716 716 717 717 720 722 722 722 723 723 725 728 730
    730 730 730 0 0 898 887 880 878 873 849 837 833 827 817 811 803 796
    796 796 762 761 744 738 731 728 720 714 701 697 696 694 694 694 696
    697 698 700 701 701 703 704 704 706 707 708 710 711 713 713 714 716
    716 717 719 720 722 722 723 723 723 728 728 730 730 730 730 0 0 898
    887 880 878 875 845 837 833 827 817 811 803 800 800 800 761 759 744
    739 736 730 719 714 703 697 696 694 693 693 696 697 700 700 701 701
    703 704 706 706 707 708 710 711 713 713 714 716 717 719 720 722 722
    722 723 723 723 728 728 731 731 733 734 0 0 898 887 882 878 875 845
    839 833 821 817 813 796 785 785 773 761 757 746 739 734 730 719 714
    703 698 696 694 693 693 696 697 700 700 701 701 704 704 706 707 708
    708 710 711 713 713 714 716 717 719 722 722 722 723 723 725 725 728
    730 731 733 733 733 0 0 898 887 885 880 873 847 839 833 821 817 813
    796 785 785 773 762 757 746 741 734 728 720 714 703 700 697 694 694
    694 696 698 700 700 701 701 704 704 706 707 708 708 710 711 713 714
    714 716 717 720 722 722 723 723 725 727 728 730 730 731 733 733 733
    0 906 898 891 887 878 873 847 841 833 823 817 811 794 789 785 785
    764 761 746 741 734 728 720 716 703 698 697 696 694 694 697 698 700
    700 701 703 704 704 706 707 708 708 710 711 713 714 714 716 717 722
    722 723 723 725 725 727 727 730 731 733 733 733 733 0 903 901 891
    887 878 871 847 843 839 829 815 811 794 789 785 774 764 761 746 741
    734 727 720 716 701 698 697 696 696 696 697 698 700 700 704 704 704
    706 706 707 708 708 710 713 713 714 716 717 717 720 722 723 723 725
    725 727 727 730 731 733 733 733 733 0 903 901 891 882 878 862 849
    845 841 833 815 809 796 789 785 774 766 761 746 741 734 727 723 722
    701 698 697 696 696 697 697 697 698 700 704 704 706 706 706 707 708
    710 711 713 713 716 716 717 719 720 722 723 723 727 727 727 727 730
    731 733 733 733 733 0 906 901 891 882 882 862 849 845 841 833 813
    798 796 789 780 774 769 755 746 742 734 727 722 720 701 698 697 697
    697 697 697 697 698 700 704 704 706 706 707 708 710 710 713 713 714
    716 716 719 719 720 722 723 723 727 727 728 730 730 731 733 733 733
