<?xml version="1.0"?>
<opencv_storage>
<Depth11685 type_id="opencv-matrix">
  <rows>7</rows>
  <cols>27</cols>
  <dt>w</dt>
  <data>
    3774 3774 3816 3816 3503 3503 3365 3300 3300 3300 3816 3816 3859
    3859 3468 3365 3365 3365 3399 3333 3333 3365 3365 3365 3433 3433
    3433 3503 3503 3539 3503 3503 3503 3365 3333 3300 3300 3399 3468
    3503 3539 3468 3399 3399 3399 3399 3399 3399 3365 3365 3365 3433
    3433 3433 3503 3503 3539 3539 3503 3503 3365 3333 3333 3399 3399
    3468 3503 3539 3503 3433 3433 3433 3433 3399 3399 3399 3399 3399
    3433 3433 3433 3503 3503 3539 3539 3539 3539 3539 3539 3576 3576
    3576 3539 3539 3614 3614 3576 3468 3433 3433 3399 3399 3399 3399
    3433 3433 3433 3433 3539 3503 3503 3468 3468 3503 3503 3539 3539
    3503 3399 3399 3539 3576 3576 3576 3503 3433 3433 3433 3433 3433
    3433 3433 3433 3433 3468 3539 3365 3333 3300 3300 3300 3399 3333
    3333 3333 3333 3333 3333 3365 3399 3468 3468 3433 3433 3433 3433
    3433 3433 3433 2835 2835 2835 3238 3269 3269 3269 3269 3300 3300
    3300 3300 3300 3300 3300 2789 2767 2744 2744 2744 2744 2767 2789
    2789 2812 2789 2789 2835 2835 2812</data></Depth11685>
</opencv_storage>
