<?xml version="1.0"?>
<opencv_storage>
<Depth3364 type_id="opencv-matrix">
  <rows>6</rows>
  <cols>16</cols>
  <dt>w</dt>
  <data>
    6038 6038 6146 0 6146 6146 6146 6038 6038 6038 6038 6038 6038 6259
    6375 6375 6038 6038 6146 6146 6146 6146 6146 6038 6038 6038 6038
    6038 6038 6038 6038 6038 6038 6038 6038 6038 6038 6038 6146 6038
    6038 6038 6038 6038 6038 6038 6038 6038 6146 6038 6038 6038 6038
    6038 6146 6038 6038 6038 6146 6146 6038 6038 6038 6038 6375 6259
    6146 6146 6146 6146 6146 6146 6146 6146 6146 6146 6038 6038 6038
    6146 6497 6375 6259 6146 6146 6146 6038 6038 5933 5933 6146 6146
    6038 6038 6038 6146</data></Depth3364>
</opencv_storage>
