<?xml version="1.0"?>
<opencv_storage>
<Depth16951 type_id="opencv-matrix">
  <rows>147</rows>
  <cols>94</cols>
  <dt>w</dt>
  <data>
    1993 1993 1993 1993 1993 1993 1993 1993 2226 2212 2170 2170 2143
    2143 2143 2116 2116 2116 2116 2103 2103 2103 2103 2090 1833 1833
    1833 1823 1823 1833 1833 1833 1843 1843 1843 1843 1843 1853 1853
    1863 1873 1873 1883 1894 1894 1904 1915 1926 2129 2129 2129 2116
    2116 2129 3010 3010 3010 3010 3010 2984 2958 2958 2933 2933 2933
    2908 2908 2933 2908 2908 2859 2859 2835 2835 2859 2859 752 749 749
    749 747 747 747 747 2744 2744 0 2744 0 0 2767 2767 2767 2767 1993
    1981 1981 1981 1981 1993 1993 1993 2005 2198 2170 2156 2156 2143
    2143 2129 2116 2116 2116 2103 2103 2103 2103 2103 1833 1833 1833
    1823 1823 1823 1823 1833 1833 1843 1843 1843 1843 1843 1843 1853
    1863 1863 1873 1873 1883 1894 1915 2116 2116 2116 2116 2116 2116
    2129 3010 3010 3010 3010 3010 2984 2958 2958 2933 2933 2933 2908
    2908 2908 2908 2908 2883 2859 2835 2835 2859 754 750 749 747 747 747
    747 747 747 2812 0 0 0 0 0 2767 2767 2767 2767 1981 1981 1981 1981
    1981 1981 1993 1993 2005 2184 2170 2156 2156 2143 2143 2116 2116
    2116 2116 2103 2103 2103 2103 1843 1833 1833 1823 1823 1823 1823
    1823 1823 1833 1833 1833 1833 1833 1843 1843 1843 1853 1863 1863
    1863 1873 1873 2103 2103 2116 2116 2116 2129 2129 2129 3010 3010
    3037 3010 3010 2984 2958 2958 2958 2958 2933 2933 2933 2933 2933
    2908 2883 2835 2835 2835 2835 754 750 749 747 747 747 747 749 749 0
    0 0 0 0 0 2812 2767 2767 2767 1981 1970 1970 1970 1970 1981 1993
    1993 1993 2184 2170 2156 2156 2143 2143 2116 2116 2116 2103 2103
    2103 2103 2103 1843 1833 1833 1823 1823 1823 1813 1813 1813 1823
    1833 1833 1833 1833 1833 1833 1843 1843 1853 1853 1863 1863 1873
    2103 2103 2103 2103 2129 2129 2129 2129 3037 3010 3010 2984 2984
    2984 2984 2933 754 754 754 2908 2908 747 747 749 750 750 752 754 757
    754 750 749 746 746 747 747 749 752 0 0 0 0 0 0 2835 2789 2767 2767
    1970 1970 1970 1970 1970 1970 1981 1981 1981 2184 2170 2156 2156
    2143 2143 2116 2116 2116 2103 2103 2103 2103 1843 1833 1833 1823
    1823 1813 1813 1804 1804 1804 1813 1823 1833 1833 1833 1833 1833
    1833 1843 1853 1853 1863 1863 1883 2103 2103 2103 2103 2116 2116
    2129 2143 3037 3010 2984 2984 2984 2984 750 750 750 752 752 752 752
    747 747 749 750 750 752 754 752 750 747 747 746 746 747 749 750 755
    0 0 0 0 0 0 0 0 0 0 1970 1970 1970 1970 1970 1970 1970 1970 1970
    2184 2170 2156 2156 2156 2156 2116 2103 2103 2103 2103 2103 2103
    1843 1833 1833 1823 1823 1813 1804 1804 1804 1804 1804 1813 1833
    1833 1833 1833 1833 1833 1843 1853 1853 2078 2078 2090 2103 2116
    2116 2116 2116 2116 2116 2116 3010 3010 2984 747 747 747 747 747 747
    750 752 752 750 746 746 746 747 742 742 749 749 749 747 746 744 744
    744 744 744 0 0 0 0 0 0 0 0 0 0 0 1970 1970 1970 1970 1970 1970 688
    687 687 688 2170 2156 2156 2170 0 0 2103 2103 2103 2129 2129 0 0
    1833 1833 1823 1823 1813 1804 1794 1794 1804 1804 1813 1813 1843
    1833 1833 1833 1833 1833 2116 2116 2116 2116 2116 2116 683 683 683
    683 683 682 0 687 687 747 747 744 744 746 746 746 747 752 752 750
    746 744 744 744 739 739 749 749 749 746 746 744 744 744 0 0 0 0 0 0
    0 0 0 0 0 0 0 1970 1959 1959 1959 1970 688 688 687 687 687 687 687
    687 687 687 0 0 0 0 0 0 0 0 1813 1813 1813 1813 1813 1813 1794 1794
    1794 1794 679 688 688 687 0 0 0 0 0 0 674 674 674 0 678 683 683 682
    682 682 687 687 687 687 687 742 742 742 741 741 741 741 741 746 746
    744 738 738 739 739 739 749 749 742 742 742 742 674 674 674 0 0 0 0
    0 0 0 0 0 0 0 1970 1959 1959 1959 688 688 687 686 686 686 686 686 0
    0 0 0 0 0 0 0 0 0 0 0 0 0 0 679 678 678 679 679 679 679 688 688 0
    687 0 0 0 0 0 0 0 674 674 678 678 678 676 676 676 687 687 686 686
    683 683 684 742 741 741 741 741 741 672 672 672 738 738 738 674 684
    684 682 675 675 742 674 674 674 674 670 670 671 671 671 674 674 674
    674 0 0 0 1959 1959 1959 688 688 687 686 686 686 686 686 680 0 0 0 0
    0 0 0 0 0 0 0 0 679 679 679 678 678 679 679 679 679 688 688 687 687
    687 676 676 675 0 674 674 674 674 676 675 675 676 676 675 675 675
    676 678 676 676 674 672 671 671 671 671 672 672 672 672 672 674 674
    674 674 675 675 672 672 674 674 674 674 674 670 670 671 671 671 672
    674 672 672 672 0 0 0 691 691 691 687 687 687 687 686 680 680 680
    676 676 676 0 0 0 676 676 676 676 676 676 679 679 679 678 678 678
    678 678 678 678 679 679 679 676 676 676 675 675 674 674 674 676 676
    675 675 676 676 675 675 675 675 675 674 674 674 672 671 671 671 671
    672 672 672 672 672 672 674 674 672 672 672 672 672 672 674 674 674
    674 674 672 672 672 672 672 674 672 672 672 0 0 678 678 676 687 687
    687 687 686 682 676 676 676 676 676 0 676 675 675 676 676 676 676
    676 676 678 678 678 678 678 678 678 678 678 678 678 676 676 676 676
    676 675 675 674 674 676 676 676 676 676 676 676 675 675 674 674 674
    674 674 672 672 672 672 672 672 672 672 672 672 672 672 674 674 672
    672 672 672 672 672 674 674 674 674 674 672 672 672 672 672 674 672
    672 672 0 678 678 678 676 676 676 679 682 679 676 676 676 676 676
    676 676 675 675 675 676 676 676 676 676 676 678 678 678 678 678 676
    676 676 676 676 676 676 676 676 675 675 675 675 675 676 676 676 676
    676 676 676 676 675 675 674 674 674 674 674 672 672 672 672 672 674
    674 674 674 672 672 674 674 674 672 672 672 672 674 674 674 674 674
    675 674 674 674 672 672 674 674 674 672 672 0 678 678 678 676 676
    676 678 678 678 676 676 676 676 676 676 676 675 675 675 676 676 676
    676 676 676 678 678 676 676 676 676 676 676 676 675 675 675 675 676
    675 675 675 675 675 676 676 676 676 676 676 676 676 676 676 675 675
    675 674 674 674 674 674 674 674 675 675 675 674 674 674 675 675 675
    674 674 672 672 674 674 675 676 675 675 675 674 674 674 674 674 675
    674 674 674 0 676 678 678 678 676 676 676 676 676 676 676 676 676
    676 676 676 676 675 675 676 676 676 676 676 676 678 678 676 676 676
    676 676 676 676 675 675 675 675 676 676 676 676 676 676 676 676 676
    676 676 676 676 676 676 676 676 676 676 675 674 674 674 674 675 675
    675 676 676 675 675 675 675 675 675 675 675 674 674 675 675 676 676
    676 676 676 675 675 676 676 676 675 675 674 674 0 676 678 678 678
    676 676 676 676 676 676 676 676 676 678 676 676 676 676 676 676 676
    676 676 676 676 678 678 678 678 676 676 676 676 676 676 676 676 676
    676 676 676 676 676 676 676 676 676 676 676 676 676 676 678 678 676
    676 676 676 675 675 675 675 675 676 676 676 676 676 676 675 675 676
    676 676 675 675 675 676 676 676 676 676 676 676 676 676 676 678 678
    676 675 675 675 0 678 678 679 678 676 676 676 676 676 676 676 676
    678 678 676 676 676 676 676 676 676 676 676 676 676 678 678 678 678
    678 678 678 678 678 678 678 678 676 676 676 678 676 676 678 678 678
    678 676 676 676 676 676 678 678 678 678 678 676 676 676 676 676 676
    676 676 676 676 676 676 676 676 676 676 676 676 676 676 676 676 676
    676 676 676 676 678 678 678 678 678 678 676 675 675 0 679 679 679
    678 678 679 678 678 678 678 679 679 678 678 678 678 678 678 678 678
    678 678 676 676 676 678 678 678 678 678 678 678 678 678 678 678 678
    678 678 678 678 678 678 678 678 678 678 676 676 676 676 678 678 678
    678 678 678 676 676 676 676 676 676 678 678 676 676 676 676 676 676
    676 676 676 678 678 676 676 676 678 678 678 678 678 678 678 678 678
    678 678 678 676 676 0 679 679 680 679 679 679 678 678 678 678 679
    680 679 679 679 679 678 678 678 678 678 678 678 678 678 679 679 679
    679 679 679 678 678 679 678 678 678 679 679 679 678 678 678 678 678
    678 678 676 676 678 678 678 678 678 678 678 678 678 678 678 678 678
    678 678 678 676 676 678 678 678 678 678 678 678 678 678 676 676 676
    678 678 678 678 678 678 678 679 679 679 679 678 676 676 0 680 680
