<?xml version="1.0"?>
<opencv_storage>
<Depth16644 type_id="opencv-matrix">
  <rows>140</rows>
  <cols>103</cols>
  <dt>w</dt>
  <data>
    2933 2958 2984 2958 2958 2958 3010 3037 3037 3064 3064 3064 3064
    3064 3120 3120 3120 3149 3149 3149 3149 3149 3178 3178 3178 3238
    3238 3238 3269 3269 3269 3269 3269 3300 3333 3333 3333 3300 3300
    3300 3300 3300 3399 3399 3399 3399 3433 3433 3399 3333 3333 3300
    3300 3300 3576 3576 3539 3503 3503 0 0 0 662 0 0 662 661 661 661
    3816 3816 3816 3859 3859 3774 3774 3774 3732 3732 3732 3859 3859
    3903 3903 3903 686 0 711 711 711 711 713 713 3903 3816 3653 3653
    3692 3774 3774 3774 703 0 2933 2984 2984 2958 2958 2984 3037 3037
    3037 3064 3064 576 576 3092 3120 3120 3120 3149 3149 3149 3149 3149
    3178 3178 3208 3208 3238 3269 3269 3238 3238 3269 3269 3300 3333
    3333 3300 3269 3238 3238 3300 3300 3399 3399 3399 3399 3433 3433
    3365 3333 3333 3300 3300 3300 0 0 0 0 0 0 0 0 0 662 662 662 661 661
    661 661 663 663 663 3859 3774 3774 3774 676 678 679 683 684 0 0 686
    0 0 708 708 708 708 708 710 708 708 708 3653 3653 700 703 703 0 0
    2958 2984 2984 3010 2958 2958 3037 3037 3064 3064 577 576 576 577
    3149 3149 3149 3149 3149 3149 3149 3149 3208 3208 3208 3208 3269
    3208 3208 3238 3238 3269 3300 0 0 3333 3300 3269 3238 3238 3300 3399
    3433 3433 3433 3433 3433 3433 3365 3365 3333 3333 3300 3300 0 0 0 0
    0 0 0 0 0 662 662 662 661 661 661 663 663 663 663 664 664 676 676
    676 678 679 683 684 686 686 686 678 678 704 704 704 707 707 707 707
    704 700 698 698 700 703 703 703 0 2984 2984 3010 3010 2958 2958 3037
    3037 579 578 577 577 577 577 582 582 583 3149 3178 3178 3178 0 3269
    3269 3269 3269 3269 3208 3208 3208 3208 3208 599 0 0 608 608 614 0 0
    614 615 621 621 621 621 621 621 3399 3399 3365 3333 3300 3300 3300 0
    0 0 0 0 643 643 644 654 654 654 657 658 661 663 663 663 664 664 664
    676 675 675 675 675 679 682 680 678 678 678 678 703 703 703 706 704
    704 704 698 698 698 698 700 703 703 704 0 3010 3037 3037 3010 3010
    3064 3064 3064 578 578 577 577 577 578 580 581 582 583 583 583 0 0 0
    584 0 589 589 0 0 0 0 0 0 0 0 0 0 0 0 0 614 615 615 621 621 621 621
    621 3399 3399 3365 3333 3300 3300 3300 0 0 0 0 643 643 643 644 644
    653 653 657 658 661 663 662 662 664 664 668 674 674 674 670 670 671
    671 671 674 675 678 680 680 680 683 686 687 691 691 694 696 697 697
    700 703 704 704 0 3037 3037 3037 3037 3037 582 578 578 578 577 577
    577 577 577 580 581 582 582 583 583 586 584 584 584 0 0 0 0 0 599
    599 599 0 0 0 0 608 608 614 614 614 615 615 621 621 621 621 621 621
    625 627 631 631 631 0 0 0 0 647 643 643 643 644 647 646 646 646 662
    662 655 653 653 654 654 658 661 663 666 667 667 670 670 671 674 675
    676 679 680 680 683 686 687 688 690 693 694 697 697 700 703 704 706
    0 0 0 0 0 0 582 581 578 577 577 577 576 575 575 578 580 582 582 583
    586 586 584 584 584 0 589 589 591 599 599 599 599 0 598 601 0 608
    608 608 612 613 612 612 618 618 619 619 620 622 625 627 628 629 630
    630 630 0 647 647 644 644 646 637 637 640 641 641 646 646 648 649
    650 652 653 657 659 662 663 666 666 667 670 671 674 675 676 679 680
    682 683 686 688 688 690 693 694 697 698 700 703 706 706 0 0 0 0 0 0
    582 581 579 577 577 577 576 575 575 578 580 581 582 583 586 586 584
    584 584 589 589 589 591 591 593 597 597 598 598 601 602 603 604 607
    608 610 611 611 611 614 616 616 618 620 623 625 627 627 624 624 624
    624 624 625 631 634 634 636 637 638 640 641 644 644 647 648 649 652
    653 655 659 662 663 666 666 667 670 671 675 675 676 679 680 682 684
    687 688 690 691 693 696 697 700 701 703 706 707 0 0 0 0 0 0 0 563
    563 563 562 562 577 577 577 578 578 581 582 583 583 583 583 584 585
    587 587 589 590 591 591 591 595 597 597 600 602 603 603 604 604 606
    609 609 609 610 612 613 614 615 618 618 622 621 621 623 623 624 624
    625 630 631 634 635 637 638 640 641 644 644 647 648 649 652 653 655
    659 662 664 666 666 668 671 672 675 676 678 680 682 682 684 687 688
    691 693 694 696 697 700 703 704 708 0 0 0 0 0 0 0 576 563 563 563
    562 562 563 565 565 574 574 577 578 578 576 576 578 583 584 584 587
    587 589 589 590 590 593 594 595 596 601 602 602 602 603 603 604 607
    608 609 609 611 612 612 614 615 616 618 620 623 623 624 624 625 630
    631 634 635 637 638 640 643 644 646 647 648 650 653 654 657 659 662
    664 666 667 668 672 674 676 676 678 680 682 683 686 687 688 691 693
    694 696 698 701 704 706 708 708 0 0 0 0 0 578 576 576 563 563 562
    562 563 565 565 567 568 570 574 575 575 575 576 579 581 581 583 584
    587 588 589 589 592 593 593 595 597 598 600 601 602 603 604 606 607
    608 609 611 612 612 614 615 616 618 620 623 623 624 625 627 630 632
    634 635 637 638 641 643 644 646 647 649 650 653 654 657 659 663 664
    666 668 670 672 674 676 676 679 682 682 684 686 687 690 691 693 694
    697 698 703 704 708 708 708 0 0 0 0 0 578 576 576 565 564 563 563
    565 565 565 567 568 570 573 574 575 575 576 579 580 581 583 584 586
    587 587 589 591 592 593 594 596 596 599 600 602 603 603 604 607 608
    609 611 612 613 614 616 616 620 620 623 623 624 625 628 631 632 634
    636 638 640 641 643 644 646 647 649 652 653 654 657 661 663 664 666
    668 671 672 674 676 678 679 682 682 684 687 687 690 691 693 694 697
    698 703 704 708 708 708 0 0 0 0 0 577 577 571 565 564 564 564 565
    565 566 567 568 570 572 574 575 575 578 579 580 582 583 585 586 587
    587 589 591 592 593 594 596 596 599 600 601 603 603 604 607 608 609
    611 613 614 615 616 618 620 621 623 623 625 628 629 631 634 635 637
    638 640 641 643 646 647 648 649 650 653 657 658 662 663 664 667 670
    671 672 675 676 678 679 682 683 686 687 688 690 691 694 696 697 700
    703 704 710 711 0 0 0 0 594 594 594 594 571 566 565 564 564 565 565
    566 567 568 570 571 574 575 575 579 580 581 582 584 585 587 587 588
    590 591 592 594 595 596 598 599 600 601 603 604 607 607 608 610 612
    614 615 615 616 618 620 621 623 623 625 628 630 631 634 635 637 638
    640 642 644 646 647 648 649 650 653 657 659 662 664 666 667 670 671
    672 675 678 679 680 682 683 686 687 688 691 693 694 696 698 700 703
    704 710 711 714 0 0 0 594 593 591 591 591 566 565 564 564 565 565
    566 567 569 570 571 574 575 575 579 580 582 583 584 586 586 587 589
    590 591 592 594 595 597 599 600 600 601 603 604 607 607 608 610 612
    614 615 615 616 618 620 621 623 623 625 628 630 632 635 637 637 640
    641 642 644 646 648 649 650 652 654 658 659 663 664 666 667 670 671
    672 675 678 680 682 683 684 686 687 690 691 693 696 697 698 701 703
    704 711 714 714 716 0 0 593 593 591 569 569 566 565 564 564 565 565
    566 569 570 571 572 574 576 576 579 580 582 583 584 586 586 587 589
    591 591 592 594 596 598 599 600 601 602 603 606 608 608 609 610 612
    614 615 616 618 619 620 622 623 623 625 628 631 634 636 637 637 640
    642 643 644 647 649 649 650 652 654 658 659 663 664 666 668 670 671
    672 675 678 680 682 683 684 687 688 690 691 694 697 698 700 703 704
    706 714 714 716 716 0 0 593 593 593 569 569 565 565 564 564 565 566
    566 570 571 571 572 573 577 577 579 580 582 583 585 586 587 587 590
    591 591 592 594 596 598 599 600 601 603 603 606 608 609 610 610 613
    615 616 618 619 620 621 623 624 624 627 629 632 635 636 637 637 641
    642 643 646 647 649 649 652 653 654 658 661 663 666 667 670 670 671
    674 676 678 680 683 684 686 687 688 691 693 694 697 700 701 703 704
    710 714 714 716 716 0 0 0 594 593 593 569 565 564 564 564 565 565
    568 570 570 571 572 573 575 578 579 580 583 584 585 586 587 588 590
    591 592 593 594 596 598 599 601 602 603 603 607 608 610 610 610 613
    615 616 618 619 620 622 623 625 628 628 630 634 635 636 637 640 641
    643 643 646 648 649 650 653 654 657 659 661 664 666 667 670 671 672
    674 676 678 680 683 684 686 687 690 693 693 694 698 701 703 704 704
    711 714 714 716 716 0 604 600 595 593 593 593 565 564 564 565 565
