<?xml version="1.0"?>
<opencv_storage>
<Depth13902 type_id="opencv-matrix">
  <rows>61</rows>
  <cols>17</cols>
  <dt>w</dt>
  <data>
    3692 3692 3692 3692 3692 3692 2598 2598 2639 2659 2639 2598 2579
    2560 2541 2541 2522 3692 3692 3692 2701 2659 2618 2598 2598 2639
    2639 2639 2598 2579 2560 2541 2541 2522 3692 2701 2701 2701 2659
    2618 2618 2618 2659 2639 2639 2598 2579 2560 2541 2541 2503 3692
    2701 2701 2701 2680 2659 2659 2659 2659 2639 2618 2618 2579 2560
    2541 2522 2503 3692 2701 2680 2680 2701 2701 2680 2680 2680 2639
    2618 2618 2598 2560 2541 2522 2503 3692 2701 2680 2680 2701 2680
    2680 2680 2659 2639 2618 2618 2598 2560 2541 2541 2503 2701 2701
    2680 2680 2680 2680 2680 2659 2639 2639 2618 2618 2598 2579 2560
    2541 2503 2701 2701 2680 2680 2680 2659 2659 2659 2639 2639 2639
    2618 2598 2579 2560 2560 2522 2701 2701 2701 2680 2680 2659 2659
    2659 2639 2639 2639 2618 2598 2579 2560 2560 2541 2701 2701 2701
    2680 2680 2659 2659 2659 2639 2639 2639 2618 2598 2579 2560 2560
    2541 2701 2701 2701 2680 2680 2659 2659 2659 2639 2639 2618 2618
    2598 2579 2560 2560 2541 2701 2701 2680 2680 2680 2680 2659 2659
    2639 2639 2618 2618 2598 2579 2560 2560 2541 2701 2701 2680 2680
    2680 2659 2659 2659 2639 2639 2618 2618 2618 2598 2560 2560 2541
    2701 2701 2701 2680 2680 2659 2659 2659 2639 2639 2618 2618 2618
    2598 2560 2560 2541 2701 2701 2701 2680 2680 2659 2659 2659 2639
    2639 2618 2618 2618 2598 2579 2579 2560 2723 2701 2701 2680 2680
    2659 2659 2659 2659 2639 2639 2618 2560 2560 2579 2579 2560 2701
    2701 2701 2680 2680 2680 2659 2659 2659 2639 2639 2618 2560 2560
    2598 2560 2560 2701 2701 2701 2680 2680 2680 2659 2659 2659 2639
    2639 2618 2598 2598 2579 2560 2560 2701 2723 2701 2701 2680 2680
    2680 2680 2680 2659 2639 2618 2618 2598 2579 2560 2560 2701 2723
    2701 2701 2680 2680 2680 2680 2680 2659 2639 2639 2618 2618 2618
    2579 2560 2701 2723 2701 2701 2701 2680 2680 2680 2680 2659 2639
    2639 2618 2618 2618 2598 2579 2723 2723 2701 2701 2701 2701 2680
    2680 2680 2659 2639 2639 2618 2618 2618 2618 2598 2723 2723 2701
    2701 2701 2701 2680 2680 2680 2659 2639 2639 2639 2618 2618 2618
    2579 2723 2723 2723 2701 2701 2701 2680 2680 2680 2659 2659 2639
    2639 2618 2618 2618 2579 2723 2723 2723 2701 2701 2701 2701 2701
    2680 2680 2659 2659 2659 2639 2639 2639 2598 2723 2723 2723 2701
    2701 2701 2701 2701 2701 2680 2680 2680 2659 2659 2639 2639 2618
    2723 2723 2701 2701 2701 2701 2701 2701 2701 2701 2680 2680 2659
    2659 2639 2639 2618 2723 2723 2701 2701 2701 2723 2701 2701 2723
    2701 2701 2701 2701 2680 2639 2639 2618 3653 2723 2723 2723 2701
    2701 2701 2701 2701 2701 2701 2701 2701 2680 2639 2639 2618 2744
    2723 2723 2723 2701 2701 2701 2701 2701 2701 2701 2701 2701 2680
    2639 2639 2618 2744 2744 2723 2723 2701 2701 2701 2701 2701 2701
    2701 2680 2680 2680 2659 2639 2639 2744 2744 2723 2723 2701 2701
    2701 2701 2701 2701 2680 2680 2680 2680 2659 2639 2639 2767 2744
    2723 2723 2701 2701 2701 2701 2701 2701 2680 2659 2659 2659 2659
    2659 2639 3774 2723 2723 2701 2701 2701 2701 2701 2701 2701 2680
    2639 2639 2659 2639 2639 2639 3774 2723 2723 2701 2701 2680 2680
    2680 2680 2680 2680 2639 2639 2659 2639 2639 2639 2701 2701 2723
    2701 2701 2659 2659 2680 2659 2659 2680 2659 2659 2659 2639 2639
    2639 2680 2701 2701 2701 2701 2659 2659 2659 2659 2659 2659 2659
    2639 2639 2639 2639 2639 2680 2701 2701 2680 2659 2639 2639 2639
    2639 2639 2659 2639 2639 2639 2639 2639 2639 2701 2701 2701 2680
    2659 2639 2639 2639 2639 2639 2639 2618 2618 2618 2618 2639 2659
    3653 2701 2680 2659 2659 2659 2639 2639 2639 2639 2639 2618 2618
    2598 2598 2618 2639 3653 3614 2680 2659 2659 2659 2639 2639 2639
    2639 2618 2618 2598 2598 2598 2618 2618 3653 3614 2701 2659 2659
    2659 2639 2639 2639 2618 2618 2598 2598 2598 2598 2598 2598 3653
    3614 2680 2659 2659 2659 2659 2639 2639 2618 2618 2598 2579 2579
    2579 2560 2560 3653 3653 2659 2659 2659 2639 2639 2639 2618 2598
    2598 2579 2579 2579 2560 2560 2560 3653 3692 2659 2659 2659 2639
    2639 2618 2618 2598 2579 2579 2560 2560 2560 2560 2560 3653 3692
    3692 2639 2639 2618 2618 2618 2598 2579 2579 2560 2560 2560 2560
    2560 2560 3653 3653 3653 2639 2618 2618 2618 2618 2598 2579 2560
    2560 2541 2541 2541 2541 2560 3653 3653 3653 3692 2618 2618 2618
    2618 2618 2579 2560 2560 2541 2541 2541 2541 2560 3692 3692 3692
    3692 2639 2618 2618 2618 2598 2579 2579 2560 2560 2541 2541 2541
    2541 3692 3692 3653 3653 3692 2639 2618 2598 2579 2560 2560 2560
    2560 2541 2522 2522 2522 3692 3692 3653 3653 3692 2639 2618 2560
    2560 2560 2560 2560 2560 2541 2522 2503 2503 3653 3692 3692 3692
    3692 3653 3653 2560 2541 2541 2541 2560 2541 2522 2503 2485 2485
    3653 3692 3692 3692 3692 3653 3653 3653 2541 2541 2541 2541 2522
    2522 2503 2485 2485 3692 3732 3732 3692 3653 3653 3653 3653 3653
    3614 2522 2522 2522 2503 2485 2485 2485 3732 3732 3732 3692 3653
    3653 3653 3653 3653 3614 2522 2522 2503 2503 2485 2485 2485 3732
    3732 3732 3692 3653 3653 3653 3653 3653 3614 3614 2503 2503 2503
    2503 2485 2485 3732 3732 3732 3692 3653 3653 3653 3653 3653 3653
    3653 2503 2503 2503 2503 2485 2485 3732 3732 3732 3692 3692 3653
    3653 3653 3653 3653 3653 2522 2522 2522 2503 2485 2485 3732 3732
    3732 3692 3692 3653 3653 3653 3653 3653 3653 2503 2503 2503 2485
    2485 2485 3732 3732 3732 3692 3692 3692 3692 3692 3653 3653 3653
    2503 2503 2503 2485 2485 2485 3774 3774 3732 3692 3692 3692 3692
    3692 3653 3653 3653 3653 2541 2522 2485 2485 2485</data></Depth13902>
</opencv_storage>
