<?xml version="1.0"?>
<opencv_storage>
<Depth4713 type_id="opencv-matrix">
  <rows>12</rows>
  <cols>11</cols>
  <dt>w</dt>
  <data>
    5056 5056 5056 4983 4983 4983 4983 4983 4983 4983 4983 5056 4983
    4983 4983 4983 4983 4983 4983 4983 4983 4983 5056 4983 4983 5056
    4983 4983 4983 4983 4983 4983 4983 5056 4983 4983 4983 4911 4911
    4911 4983 4911 4911 4911 5056 4983 4983 4983 4911 4911 4911 4911
    4911 4911 4911 4983 4983 4911 4911 4842 4774 4774 4774 4842 4842
    4842 4983 4983 4911 4911 4842 4774 4774 4774 4842 4842 4774 4983
    4911 4911 4911 4911 4774 4774 4842 4774 4774 4774 4983 4911 4911
    4911 4911 4774 4774 4842 4774 4774 4774 4983 4983 4983 4911 4911
    4911 4842 4842 4842 4842 4774 4983 4983 4983 4911 4911 4911 4842
    4842 4842 4842 4842 5056 4983 4983 4911 4911 4911 4911 4911 4842
    4842 3732</data></Depth4713>
</opencv_storage>
