<?xml version="1.0"?>
<opencv_storage>
<Depth7101 type_id="opencv-matrix">
  <rows>103</rows>
  <cols>75</cols>
  <dt>w</dt>
  <data>
    746 744 742 739 738 736 734 733 731 730 728 725 725 723 720 719 717
    717 716 714 713 711 711 708 707 706 704 701 700 697 696 694 694 694
    696 694 693 693 688 688 706 710 714 719 728 731 741 747 750 750 736
    736 802 802 811 811 815 821 831 831 0 0 0 0 0 0 0 0 0 2256 2256 2241
    2226 2212 2212 741 744 742 741 739 738 736 733 731 731 730 727 725
    723 720 719 717 717 717 716 713 711 711 710 707 706 706 703 701 698
    697 696 696 696 696 696 693 693 688 688 693 707 713 714 730 733 738
    741 750 750 766 778 780 794 809 809 815 821 835 835 841 0 0 0 0 0 0
    0 0 2256 2256 2241 2226 2212 2212 741 744 742 741 739 738 736 734
    733 731 730 728 725 723 720 719 719 717 717 716 713 713 711 710 708
    707 704 703 701 700 698 697 696 696 696 696 693 693 690 690 693 704
    713 713 731 733 736 738 752 752 766 780 780 785 809 809 815 821 835
    835 841 0 0 0 0 0 0 0 0 0 2256 2241 2226 2212 2212 741 744 742 741
    739 738 736 734 733 731 730 730 725 723 720 719 719 717 717 716 714
    713 713 711 710 708 704 704 703 701 700 697 697 697 696 696 693 693
    693 693 696 703 710 710 730 733 734 736 759 767 767 781 781 783 809
    809 815 821 837 837 839 0 0 0 0 0 0 0 0 0 2271 2241 2226 2212 2212
    744 744 744 742 741 739 736 736 734 731 731 730 727 723 722 720 719
    719 717 716 714 713 713 711 711 708 704 704 703 701 700 698 697 697
    696 696 693 693 693 694 698 701 704 710 728 731 733 736 736 767 767
    781 781 783 783 811 811 823 833 833 839 0 0 0 0 0 0 0 0 0 2271 2226
    2226 2226 2212 747 746 744 744 742 739 738 738 736 733 731 730 728
    725 723 723 720 719 717 716 714 714 713 711 710 708 706 704 703 701
    700 700 697 697 696 696 694 693 693 693 698 701 703 704 727 730 733
    736 741 767 767 780 780 783 783 811 811 821 833 833 837 0 0 0 0 0 0
    0 0 0 2271 2226 2226 2226 2212 749 747 746 744 744 741 739 738 736
    733 731 731 728 727 725 723 723 720 719 717 716 714 713 711 710 708
    706 704 703 701 700 700 697 697 697 696 696 694 693 693 697 701 703
    704 727 730 734 739 741 773 773 778 778 781 787 809 809 821 831 831
    835 849 0 0 0 0 0 0 0 0 2271 2256 2241 2226 2212 750 749 749 746 744
    742 741 738 736 734 733 731 728 728 725 725 723 722 720 719 717 716
    713 711 710 708 706 704 703 701 700 700 697 697 697 697 696 696 694
    694 697 700 703 704 707 730 734 739 741 744 776 778 778 781 787 807
    809 821 831 831 835 849 854 0 0 0 0 0 0 0 2286 2271 2241 2226 2212
    750 750 749 746 744 742 741 738 736 734 733 731 730 728 727 725 725
    723 720 720 719 717 714 713 711 708 707 706 703 701 701 700 698 698
    698 697 696 696 694 694 696 700 703 706 707 731 736 739 744 744 757
    773 776 783 787 807 811 821 831 831 835 849 854 0 0 0 0 0 0 0 2301
    2286 2271 2226 2212 750 750 749 746 744 742 741 739 738 736 734 731
    731 728 727 725 725 723 720 720 719 717 716 714 713 710 707 706 704
    703 701 700 700 700 700 697 696 696 694 694 696 697 704 707 707 736
    736 739 744 746 754 767 776 783 787 809 813 821 827 837 841 849 851
    0 0 0 0 0 0 0 2317 2301 2271 2256 2226 0 750 749 746 744 742 741 739
    738 736 734 733 731 730 727 725 725 723 722 720 719 719 717 714 713
    710 707 706 706 704 701 701 701 701 701 698 697 696 696 694 694 697
    704 707 707 713 736 736 744 746 752 764 780 783 785 809 813 821 825
    835 835 849 849 0 0 0 0 0 0 0 2365 2317 2286 2256 2226 0 0 749 746
    744 742 741 739 738 736 736 733 733 731 727 725 725 723 722 720 719
    719 717 716 713 710 708 707 706 706 703 701 701 701 700 698 698 697
    694 693 693 694 704 711 711 713 730 734 744 746 747 764 781 783 785
    794 813 819 821 825 835 847 847 0 0 0 0 0 0 2381 2365 2333 2301 2271
    2241 0 0 749 747 744 742 742 739 739 738 736 734 733 731 727 725 725
    725 722 720 719 719 717 716 714 711 710 708 707 706 704 703 701 701
    700 698 698 697 694 693 691 684 680 680 714 714 730 733 738 742 744
    776 778 787 790 792 813 819 821 825 841 845 847 0 0 0 0 2317 2317
    2349 2349 2349 2317 2271 2241 0 0 750 749 746 742 742 741 739 738
    736 736 734 733 728 727 725 725 723 722 719 719 717 716 714 711 711
    708 707 707 706 704 701 701 700 698 698 697 694 693 691 684 680 680
    680 728 728 730 738 742 744 776 776 785 789 792 802 817 819 825 843
    845 0 0 0 0 0 2317 2317 2349 2349 2349 2333 2317 2241 0 0 750 749
    747 744 742 742 739 738 738 736 736 733 731 728 727 725 725 723 720
    719 717 717 714 713 711 708 707 707 706 704 701 701 700 698 698 697
    694 693 693 684 682 682 713 722 727 730 739 744 744 774 774 785 789
    792 802 811 813 823 845 845 0 0 0 0 0 0 2333 2333 2333 2349 2349
    2333 2256 0 0 750 749 747 746 744 742 739 738 738 736 736 734 731
    728 728 725 725 723 720 719 717 717 714 713 711 710 708 707 706 704
    703 703 701 700 698 697 696 694 693 693 701 701 713 713 727 730 734
    742 744 773 773 774 783 794 802 809 811 823 839 839 843 0 0 0 0 0
    2333 2333 2333 2349 2333 2333 2271 0 0 750 750 749 747 746 744 741
    739 738 736 734 733 731 730 728 725 725 723 720 720 719 717 714 713
    711 710 708 707 706 706 704 703 701 700 698 698 697 696 694 694 701
    701 711 713 727 731 734 741 746 757 773 774 778 785 802 809 811 825
    831 839 843 0 0 0 0 0 2333 2333 2333 2349 2333 2333 2271 0 0 750 750
    749 749 746 744 742 739 738 736 734 733 731 730 730 727 725 725 722
    720 719 717 716 714 713 711 708 707 707 706 704 704 701 701 701 698
    697 696 694 694 707 707 711 720 720 733 736 741 747 757 766 773 778
    783 807 809 811 825 831 839 843 0 0 0 0 0 2317 2317 2333 2349 2349
    2333 2317 0 0 750 750 750 749 747 744 742 741 739 738 736 734 733
    731 730 728 725 725 723 722 720 717 716 714 713 711 710 708 707 706
    706 706 701 700 700 698 698 697 694 694 696 710 711 713 713 736 738
    741 747 757 764 773 778 780 809 809 821 827 833 839 843 845 0 0 0 0
    2317 2317 2333 2349 2349 2349 2333 0 0 750 750 750 749 747 744 744
    742 742 739 736 736 733 731 730 728 728 725 723 722 720 717 716 714
    713 711 710 708 707 706 706 706 701 700 700 701 700 697 697 696 696
    708 710 710 713 734 739 741 749 755 761 771 778 780 811 813 823 827
    833 841 843 845 845 0 0 0 0 2333 2333 2349 2365 2365 2365 0 0 752
    750 750 749 747 744 744 742 742 741 738 736 733 731 731 730 730 727
    723 723 720 719 717 716 714 713 710 708 707 707 706 706 701 701 701
    701 700 698 697 697 697 708 710 710 714 720 736 742 749 752 759 769
    778 780 785 811 823 825 835 839 843 845 845 0 0 0 0 0 2365 2365 2349
    2349 2365 0 0 752 752 750 749 747 746 744 742 742 741 738 736 733
    731 731 730 730 727 723 723 720 719 717 716 714 713 711 710 708 707
    706 706 704 701 701 701 701 698 697 697 697 698 713 713 714 720 731
    734 749 752 759 769 778 783 785 805 809 819 835 839 843 843 847 0 0
    0 0 0 2365 2365 2349 2349 2365 0 0 0 752 750 749 747 746 744 742 742
    741 739 738 733 731 731 730 728 727 725 723 722 719 719 717 716 713
    713 710 708 707 706 706 706 704 703 701 701 700 696 696 697 698 714
    714 719 730 730 733 749 750 754 766 778 783 789 802 807 819 835 837
    843 843 851 0 0 0 0 0 2349 2349 2349 2349 2349 0 0 0 757 754 752 749
    746 744 744 742 741 739 736 733 733 731 730 728 728 725 725 723 720
    719 719 717 714 713 711 708 707 706 706 706 704 703 701 701 700 696
    696 696 697 720 720 720 727 730 733 744 749 752 766 780 783 787 789
    807 815 833 835 837 843 851 0 0 0 0 0 2333 2333 2349 2333 2333 0 0 0
    757 755 754 750 749 746 744 742 741 739 736 734 733 731 730 730 728
    727 725 723 722 720 719 717 714 713 711 710 707 707 707 707 706 704
    703 701 700 696 696 696 693 693 720 720 725 733 733 742 747 749 766
    773 785 787 789 794 815 829 835 835 843 856 0 0 0 0 0 2333 2333 2349
    2333 2333 0 0 0 757 755 754 750 750 749 746 744 742 741 738 736 734
    733 731 730 728 727 725 723 723 722 719 717 716 713 711 710 708 707
