<?xml version="1.0"?>
<opencv_storage>
<Depth8367 type_id="opencv-matrix">
  <rows>14</rows>
  <cols>6</cols>
  <dt>w</dt>
  <data>
    6146 6622 6889 6889 6753 6622 6146 6753 6753 6753 6753 6622 5933
    6753 6753 6753 6753 6622 5933 6753 6889 6889 6753 6622 5933 6753
    6889 6889 6753 6753 6622 6753 6889 6889 6889 6753 6622 6753 6889
    6889 6753 6753 6753 6753 6753 6753 6753 6622 6622 6753 6753 6753
    6753 6622 6622 6753 6753 6753 6753 6753 6753 6753 6753 6753 6753
    6753 6622 6889 6889 6753 6753 6622 6622 6889 6889 6753 6753 6622
    6753 6753 6889 6753 6622 6622</data></Depth8367>
</opencv_storage>
