<?xml version="1.0"?>
<opencv_storage>
<Depth8190 type_id="opencv-matrix">
  <rows>6</rows>
  <cols>38</cols>
  <dt>w</dt>
  <data>
    5832 5933 5933 5933 5832 5832 5832 5933 5933 6038 6038 5933 5933
    5933 5933 5933 5933 5933 5933 5933 5933 5933 5933 5933 5933 5933
    5933 6038 6038 5933 5832 5832 5734 5734 5832 6038 6038 6038 5933
    5832 5832 5832 5832 5832 5832 5832 5933 6038 5933 5933 5933 5933
    5933 5933 5933 5933 5933 5933 5933 5933 5933 5933 5933 5933 5933
    5933 5933 5933 5832 5832 5734 5734 5832 5933 6038 5933 5933 5832
    5832 5832 5832 5832 5832 5832 5933 5933 5933 5933 5933 5933 5933
    5933 5933 5933 5933 5933 5933 5933 5933 5933 5933 5933 5933 5933
    5933 5933 5933 5832 5832 5933 5933 5933 5933 5933 5832 5832 5832
    5832 5933 5933 5832 5832 5933 5933 5933 5933 5933 5933 5933 5933
    5933 5933 5933 5933 5933 5933 5933 5933 5933 5933 5933 5933 5933
    5933 5933 5933 5933 5933 5933 5933 5832 5832 4241 4241 5832 5832
    5933 5933 5933 5933 5933 0 5933 5933 6038 6038 5933 5933 5933 5933
    5933 5933 5933 5933 5933 6038 6038 5933 5933 5933 5933 5933 6038
    5933 5933 5933 5832 5832 5832 5832 4241 4241 4241 0 0 0 0 0 0 0 0 0
    0 0 0 5933 5933 5933 5933 5933 5933 5933 5933 6038 5933 5933 5933
    5933 6038 6038 6038 6038 5933 5933 5832 5832 5832 5832</data></Depth8190>
</opencv_storage>
