<?xml version="1.0"?>
<opencv_storage>
<Depth9711 type_id="opencv-matrix">
  <rows>27</rows>
  <cols>92</cols>
  <dt>w</dt>
  <data>
    3994 3994 3994 3948 3948 3903 1312 1312 1307 1302 1302 1302 1307
    1307 1302 1297 1297 1297 1292 1292 1292 1292 1297 1292 1292 1292
    1292 1292 3859 3903 3903 3903 3903 3903 3903 3903 3903 3903 3903
    3903 3859 3859 3903 3859 3859 3816 3816 3774 3774 3774 3774 3774
    3816 3816 3859 3859 3859 3903 3903 3859 1283 1283 1278 1278 1278
    2883 2883 2908 2933 2933 2933 2933 2933 2908 2883 2883 0 0 0 0 0 0 0
    0 0 0 0 0 0 0 0 0 3994 3994 3994 3948 1317 1312 1312 1307 1302 1297
    1297 1297 1302 1302 1297 1297 1297 1297 1292 1292 1292 1292 1292
    1292 1292 1292 1292 1292 1288 1288 1288 3903 1292 1292 1292 3859
    3859 3903 3903 3903 3859 1288 1288 1288 3859 3816 3816 3774 3774
    3774 3774 3774 3816 3859 3859 3859 3859 3903 3903 3859 1283 1283
    1273 1273 2883 2883 2883 2883 2933 2933 2933 2933 2933 2908 2883
    2883 0 0 0 0 0 0 0 0 0 0 0 0 0 0 0 0 4041 4041 1312 1312 1312 1312
    1307 1302 1297 1297 1297 1297 1297 1297 1297 1297 1292 1292 1292
    1292 1292 1292 1292 1292 1288 1288 1288 1288 1288 1283 1283 1288
    1288 1288 1288 1288 1288 1283 1283 1283 1288 1288 1288 1283 1283
    1283 1278 1278 1278 1278 1278 1278 1278 1283 1283 1283 1283 1283
    1283 1283 1278 1278 1273 1268 1268 2883 2883 2883 2933 2933 2933
    2933 2933 2933 2883 2883 0 0 0 0 0 0 0 0 0 0 0 0 0 0 0 0 4041 0 1312
    1312 1307 1307 1302 1297 1297 1297 1297 1297 1297 1297 1292 1292
    1292 1292 1292 1292 1292 1292 1292 1288 1283 1283 1283 1283 1283
    1283 1283 1283 1283 1283 1288 1283 1283 1283 1283 1283 1283 1283
    1283 1283 1283 1283 1278 1278 1278 1278 1278 1278 1278 1283 1283
    1283 1278 1278 1278 1278 1278 1278 1273 1268 1268 1278 1278 2958
    2933 2933 1268 1268 1264 1264 2883 2883 2883 1273 1273 1273 0 0 0 0
    0 0 0 0 0 0 0 0 0 0 1312 1312 1307 1302 1302 1297 1292 1292 1297
    1297 1297 1297 1292 1292 1292 1288 1288 1288 1283 1283 1283 1283
    1278 1278 1283 1283 1283 1283 1283 1283 1283 1283 1283 1283 1283
    1283 1283 1283 1283 1278 1278 1283 1283 1278 1278 1278 1278 1278
    1283 1283 1283 1283 1283 1283 1278 1278 1278 1278 1278 1278 1273
    1273 1273 1273 1273 1273 1273 1273 1268 1268 1264 1264 2958 1278
    1278 1273 1268 1268 1268 0 0 0 0 0 0 0 0 0 0 0 0 0 1312 1312 1307
    1302 1302 1297 1292 1292 1292 1292 1292 1292 1292 1292 1288 1288
    1283 1283 1278 1278 1278 1278 1278 1278 1278 1278 1283 1283 1283
    1283 1283 1283 1283 1283 1283 1278 1278 1278 1278 1278 1278 1278
    1278 1278 1278 1278 1278 1278 1278 1278 1278 1278 1278 1278 1278
    1278 1278 1278 1278 1278 1273 1273 1273 1273 1273 1273 1273 1273
    1268 1268 1264 1264 1264 1273 1273 1273 1268 1268 1264 1264 0 0 0 0
    0 0 0 0 0 0 0 0 0 1317 1317 1312 1302 1292 1288 1288 1288 1288 1288
    1292 1288 1288 1288 1283 1278 1278 1278 1278 1278 1278 1278 1278
    1278 1278 1278 1278 1278 1283 1278 1278 1278 1278 1278 1278 1278
    1278 1278 1278 1278 1278 1278 1273 1273 1273 1278 1278 1278 1278
    1278 1273 1273 1273 1273 1273 1273 1273 1273 1273 1268 1268 1268
    1268 1268 1273 1273 1273 1273 1268 1264 1264 1264 1273 1273 1273
    1268 1268 1264 1264 0 0 0 0 0 0 0 0 0 1307 0 0 0 0 1328 1328 1312
    1288 1288 1288 1288 1288 1288 1288 1288 1283 1278 1278 1278 1278
    1278 1278 1278 1278 1278 1278 1278 1278 1273 1273 1278 1278 1278
    1278 1278 1278 1278 1278 1278 1273 1273 1273 1273 1273 1273 1273
    1268 1268 1268 1273 1273 1273 1273 1268 1268 1268 1268 1273 1273
    1273 1273 1268 1268 1268 1268 1268 1268 1268 1268 1273 1273 1268
    1268 1264 1264 1273 1273 1268 1268 1268 1268 1268 1268 0 0 0 0 0
    1328 1328 1317 1307 0 0 0 1333 1333 1328 1292 1288 1283 1283 1283
    1283 1283 1283 1283 1278 1278 1273 1273 1273 1273 1273 1273 1273
    1273 1273 1273 1273 1273 1273 1273 1278 1278 1278 1278 1278 1273
    1273 1273 1273 1273 1273 1273 1273 1273 1273 1268 1268 1268 1268
    1268 1268 1268 1264 1264 1264 1264 1264 1268 1273 1268 1268 1264
    1264 1264 1264 1268 1264 1264 1264 1264 1264 1264 1264 1264 1268
    1268 1268 1268 1268 1268 1268 1268 0 0 0 0 1349 1328 1328 1317 1307
    0 0 0 1333 1333 1328 1292 1283 1283 1278 1278 1278 1278 1278 1278
    1278 1273 1273 1273 1273 1273 1273 1273 1273 1273 1273 1268 1268
    1273 1273 1273 1273 1273 1273 1273 1273 1273 1268 1268 1268 1268
    1268 1268 1268 1268 1268 1264 1264 1264 1264 1264 1264 1264 1264
    1264 1264 1264 1264 1264 1264 1268 1264 1264 1264 1264 1264 1268
    1264 1264 1264 1264 1264 1264 1264 1264 1268 1268 1268 1268 1264
    1264 1264 1268 0 0 0 1365 1349 1338 1333 1317 1307 0 0 0 0 0 1292
    1292 1278 1278 1278 1273 1273 1273 1273 1273 1273 1273 1273 1273
    1273 1273 1273 1273 1273 1268 1268 1268 1268 1268 1268 1268 1273
    1273 1273 1268 1268 1268 1264 1264 1264 1264 1264 1264 1264 1264
    1264 1264 1264 1264 1259 1259 1264 1264 1264 1264 1264 1264 1264
    1264 1264 1264 1264 1264 1264 1264 1264 1264 1264 1264 1259 1259
    1259 1259 1259 1259 1264 1264 1264 1264 1264 1264 1264 1264 0 0 1365
    1365 1354 1349 1322 1317 1307 0 0 0 0 0 1283 1283 1278 1278 1278
    1273 1273 1273 1273 1273 1273 1273 1273 1273 1268 1268 1268 1268
    1268 1268 1268 1264 1264 1264 1264 1264 1268 1268 1264 1264 1264
    1264 1264 1264 1264 1264 1264 1264 1264 1264 1264 1264 1264 1259
    1259 1259 1259 1259 1259 1264 1264 1264 1259 1259 1259 1259 1259
    1259 1259 1259 1259 1264 1264 1259 1259 1259 1259 1259 1259 1259
    1259 1259 1259 1259 1259 1259 1259 1264 0 1365 1365 1365 1354 1343
    1322 1307 1302 0 0 0 0 0 1278 1278 1278 1273 1273 1273 1273 1273
    1273 1273 1273 1273 1268 1268 1268 1268 1268 1264 1264 1264 1264
    1264 1259 1259 1259 1259 1264 1264 1264 1264 1264 1264 1264 1264
    1264 1259 1259 1259 1259 1259 1259 1259 1259 1259 1255 1255 1259
    1259 1259 1259 1259 1259 1259 1259 1259 1259 1259 1259 1259 1259
    1259 1259 1259 1259 1255 1255 1255 1255 1255 1255 1255 1255 1255
    1255 1255 1255 1250 1250 1250 1376 1376 1365 1349 1338 1322 1307
    1297 0 0 0 0 0 1278 1278 1273 1273 1273 1273 1273 1273 1273 1268
    1268 1268 1264 1264 1264 1264 1264 1259 1259 1259 1259 1259 1259
    1259 1259 1259 1264 1264 1259 1259 1264 1264 1264 1264 1264 1259
    1259 1259 1259 1259 1259 1259 1259 1255 1255 1255 1255 1255 1255
    1255 1259 1259 1259 1259 1259 1259 1259 1259 1259 1255 1255 1255
    1255 1255 1255 1255 1255 1255 1255 1255 1250 1250 1250 1250 1250
    1250 1250 1250 1250 1365 1365 1349 1338 1333 1317 1307 1297 1470
    1464 1464 1464 1464 0 1278 1273 1273 1273 1268 1268 1264 1264 1264
    1264 1264 1259 1259 1259 1259 1259 1259 1259 1259 1259 1259 1259
    1259 1259 1259 1259 1259 1259 1259 1259 1259 1259 1259 1259 1259
    1259 1259 1259 1255 1255 1255 1255 1255 1250 1250 1255 1255 1255
    1255 1255 1255 1255 1255 1255 1255 1255 1255 1255 1255 1255 1255
    1255 1255 1255 1250 1250 1250 1250 1250 1250 1250 1250 1250 1250
    1250 1245 1245 1245 1328 1328 1328 1333 1328 1317 1307 1297 1464
    1464 1464 1427 1317 1307 1278 1268 1268 1268 1268 1264 1259 1259
    1264 1264 1259 1259 1259 1259 1259 1259 1259 1259 1259 1259 1259
    1259 1255 1255 1255 1259 1255 1255 1255 1255 1255 1259 1259 1259
    1259 1259 1259 1259 1255 1255 1250 1250 1250 1250 1250 1255 1255
    1255 1255 1255 1255 1255 1255 1250 1250 1250 1250 1250 1250 1255
    1250 1250 1250 1250 1245 1245 1245 1245 1245 1250 1250 1250 1250
    1245 1245 1245 1245 1245 1322 1322 1322 1328 1328 1312 1302 1292
    1464 1464 1421 1421 1317 1307 1273 1268 1264 1264 1264 1264 1259
    1259 1259 1259 1259 1259 1255 1255 1255 1255 1255 1255 1255 1255
    1255 1255 1255 1255 1255 1255 1255 1255 1255 1255 1255 1255 1250
    1250 1255 1255 1255 1255 1255 1250 1250 1250 1250 1250 1250 1250
    1250 1250 1250 1250 1250 1250 1250 1250 1250 1245 1245 1245 1250
    1250 1250 1245 1245 1245 1245 1245 1245 1245 1245 1245 1245 1245
    1245 1245 1245 1245 1245 1250 1322 1317 1317 1328 1328 1307 1302
