<?xml version="1.0"?>
<opencv_storage>
<Depth15691 type_id="opencv-matrix">
  <rows>76</rows>
  <cols>76</cols>
  <dt>w</dt>
  <data>
    1439 1439 1433 1427 1427 1427 1421 1421 1421 1421 1421 1427 1439
    1452 1458 1458 1523 1523 1536 0 0 3064 3064 3064 3064 3064 3064 3064
    3064 3064 3092 3092 1483 1483 1483 1489 1496 1503 1509 1509 4089
    4089 4089 4089 4089 4139 4139 4139 4139 4139 4139 4139 4139 4139
    4139 4139 4139 4139 4139 4139 4139 4139 4190 4241 4190 4139 4139
    4139 4139 4139 4139 4139 4139 4190 4190 4241 1439 1439 1433 1427
    1427 1427 1421 1421 1421 1421 1427 1439 1445 1483 1483 1483 1529
    1529 1543 0 0 0 3064 3064 3064 3064 1433 1427 1427 1427 1433 1439
    1458 1477 1477 1483 1489 1503 1509 1509 1509 4089 4089 4089 4089
    4089 4139 4139 4139 4139 4139 4139 4139 4139 4139 4139 4139 4139
    4139 4139 4139 4139 4190 4241 4190 4139 4139 4139 4139 4139 4139
    4139 4139 4190 4190 4190 1439 1439 1439 1427 1427 1427 1427 1427
    1427 1433 1433 1464 1470 1477 1483 0 0 0 0 0 0 0 3092 3092 3092 3092
    1427 1427 1421 1421 1427 1439 1452 1470 1477 1477 1483 1483 1503
    1509 1509 1509 4089 4089 4089 4089 4139 4139 4139 4139 4139 4139
    4139 4139 4139 4139 4139 4139 4139 4139 4089 4089 4241 4190 4190
    4139 4139 4139 4139 4139 4139 4139 4139 4190 4190 4190 1439 1439
    1439 1433 1433 1427 1427 1427 1433 1433 1464 1470 1470 1477 1483 0 0
    0 0 0 0 0 1421 0 1427 1427 1421 1421 1421 1421 1427 1433 1439 1458
    1470 1477 1477 1483 1496 1503 1503 1509 1509 4089 4089 4139 4139
    4139 4139 4139 4139 4139 4139 4139 4139 4139 4139 4139 4139 4139
    4089 4089 4089 4041 4041 4190 4190 4139 4139 4139 4139 4139 4139
    4190 4190 4190 1445 1445 1439 1433 1433 1427 1427 1427 1439 1439
    1464 1464 1464 1477 0 0 0 0 0 0 0 0 0 0 1421 1421 1415 1415 1415
    1421 1427 1433 1439 1452 1464 1470 1470 1477 1483 1489 1496 1503
    1509 1509 4139 4139 4139 4139 4139 4089 4089 4089 4139 4139 4139
    4139 4139 4139 4139 4190 4190 4089 4041 4041 4041 4190 4139 4139
    4139 4139 4139 4139 4139 4190 4190 4190 1445 1439 1439 1439 1439
    1439 1439 1445 1439 1439 1464 1464 1464 1477 0 0 0 0 0 0 0 0 0 1427
    1421 1421 1415 1415 1415 1421 1427 1433 1439 1452 1452 1458 1470
    1477 1483 1483 1496 1503 1509 1509 4139 4139 4139 4139 4139 4089
    4089 4089 4089 4139 4139 4139 4139 4139 4139 4139 4190 4089 4041
    4041 4041 4139 4139 4139 4139 4139 4139 4139 4139 4190 4190 4190
    1445 1439 1439 1445 1445 1445 1452 0 0 0 1464 1464 1464 0 0 0 0 0 0
    0 0 1415 1415 1421 1421 1421 1415 1415 1415 1421 1427 1427 1439 1445
    1445 1458 1464 1470 1477 1483 1489 1503 1509 1509 4139 4139 4139
    4139 4089 4089 4089 4089 4089 4139 4139 4139 4089 4089 4139 4139
    4190 4139 4139 4089 4089 4139 4139 4139 4139 4139 4139 4139 4139
    4190 4190 4190 1445 1439 1439 1445 1445 1452 0 0 0 0 0 0 0 0 0 0 0 0
    0 0 1415 1415 1415 1421 1421 1427 1421 1415 1410 1410 1427 1427 1433
    1439 1445 1458 1458 1464 1470 1477 1483 1489 1509 1509 1509 4139
    4139 4139 4089 4089 4089 4089 4089 4139 4139 4139 4089 4089 4139
    4139 4139 4139 4139 4089 4089 4139 4139 4139 4139 4139 4139 4139
    4139 4190 4190 4190 1445 1445 1445 1445 1452 0 0 0 0 0 0 0 0 0 0 0 0
    0 0 0 1415 1415 1415 1421 1427 1427 1421 1415 1410 1410 1421 1421
    1427 1433 1433 1452 1458 1458 1458 1470 1477 1483 1496 1496 1503
    4139 4139 4139 4139 4139 4139 4139 4139 4139 4139 4139 4089 4089
    4089 4139 4139 4139 4089 4089 4089 4139 4139 4139 4139 4139 4139
    4139 4139 4190 4190 4190 1445 1445 1452 0 0 0 0 0 0 0 0 0 0 0 0 0 0
    0 0 1421 1421 1421 1421 1421 1421 1421 1421 1421 1415 1410 1410 1421
    1427 1427 1433 1452 1452 1452 1458 1470 1477 1483 1483 1496 1489
    1489 1489 4139 4139 4139 4139 4139 4139 4139 4139 4139 4139 4089
    4089 4139 4139 4139 4089 4089 4089 4139 4139 4139 4139 4139 4139
    4139 4139 4190 4190 4190 1452 1452 1458 0 0 0 0 0 0 0 0 0 0 0 0 0 0
    0 0 1421 1421 1421 1421 1421 1421 1421 1421 1421 1415 1410 1410 1427
    1415 1415 1421 1421 1433 1439 1452 1458 1477 1477 1483 1483 1483
    1489 1483 1483 4190 4139 4139 4139 4139 4139 4139 4139 4139 4139
    4139 4139 4139 4139 4089 4089 4089 4139 4139 4139 4139 4139 4139
    4139 4139 4190 4190 4190 1458 1458 0 0 0 0 0 0 0 0 0 0 0 0 0 0 0 0
    1427 1421 1421 1421 1421 1421 1421 1421 1421 1421 1415 1415 1415
    1421 1410 1410 1415 1421 1427 1433 1452 1458 1470 1477 1477 1483
    1483 1489 1483 1483 1503 1503 4190 4139 4139 4139 4139 4139 4139
    4139 4139 4139 4089 4089 4089 4089 4139 4139 4139 4139 4139 4139
    4139 4139 4139 4190 4190 4190 1464 0 0 0 0 0 0 0 0 0 0 0 0 0 0 0
    1445 1439 1427 1427 1427 1427 1421 1421 1421 1421 1421 1421 1415
    1415 1421 1421 1410 1410 1415 1427 1427 1433 1445 1458 1470 1470
    1477 1477 1489 1489 1496 1503 1503 1503 1503 4139 4139 4139 4139
    4139 4139 4139 4139 4139 4089 4089 4089 4089 4139 4139 4139 4139
    4139 4139 4139 4139 4139 4190 4190 4190 3859 3859 3859 0 0 0 0 0 0 0
    0 0 0 0 0 1452 1445 1439 1427 1427 1427 1427 1427 1421 1421 1421
    1421 1421 1421 1421 1427 1421 1410 1410 1410 1421 1421 1427 1439
    1445 1452 1458 1464 1470 1477 1489 1489 1496 1503 1503 1503 4089
    4089 4089 4139 4139 4139 4139 4139 4139 4089 4089 4089 4089 4089
    4089 4089 4139 4139 4139 4139 4139 4139 4190 4190 4190 3859 3859
    3859 3994 0 0 0 0 0 0 1464 1452 1452 1452 1452 1452 1445 1445 1427
    1427 1427 1427 1427 1427 1421 1421 1421 1421 1421 1421 1427 1421
    1410 1410 1410 1421 1421 1421 1439 1445 1452 1458 1458 1464 1477
    1483 1483 1496 1503 1503 1503 1503 4089 4089 4089 4089 4089 4089
    4089 4139 4139 4089 4089 4089 4089 4089 4089 4089 4089 4139 4139
    4139 4139 4190 4190 4190 3816 3816 3816 3816 0 0 0 0 0 1470 1464
    1452 1452 1452 1445 1439 1439 1439 1427 1427 1427 1427 1427 1421
    1421 1421 1421 1421 1421 1421 1427 1427 1415 1410 1410 1410 1410
    1415 1427 1439 1445 1452 1458 1458 1470 1477 1483 1489 1496 1503
    1503 1503 1503 4089 4089 4089 4089 4089 4089 4139 4139 4139 4089
    4089 4089 4089 4089 4089 4089 4139 4139 4139 4139 4190 4190 4190
    3816 3816 3774 3732 3732 0 0 0 0 1470 1464 1452 1445 1445 1439 1439
    1439 1433 1433 1427 1427 1427 1427 1421 1421 1421 1421 1427 1421
    1421 1427 1427 1415 1410 1410 1410 1410 1415 1415 1427 1433 1439
    1445 1452 1458 1470 1477 1483 1483 1496 1503 1503 1509 1509 4139
    4089 4089 4089 4089 4139 4139 4089 4089 4089 4089 4089 4089 4089
    4089 4089 4139 4139 4139 4190 4190 4190 3816 3774 3774 3732 3732 0 0
    0 0 1470 1464 1452 1445 1445 1439 1439 1439 1427 1427 1427 1427 1427
    1427 1427 1427 1427 1421 1421 1421 1421 1427 1427 1427 1415 1415
    1415 1415 1415 1415 1421 1427 1427 1433 1445 1452 1458 1464 1470
    1477 1489 1483 1483 1503 1503 4089 4089 4089 4089 4089 4139 4089
    4089 4089 4089 4089 4089 2767 2767 4089 4089 4139 4139 4139 4190
    4190 4190 3816 3774 3774 3774 3732 3732 3732 1458 0 1458 1458 1452
    1445 1445 1439 1439 1433 1427 1427 1427 1427 1427 1427 1427 1427
    1427 1421 1421 1421 1421 1427 1427 1427 1415 1415 1415 1415 1410
    1410 1410 1421 1427 1427 1439 1452 1452 1458 1458 1470 1483 1483
    1483 1496 1509 1509 1509 1509 4089 4089 4139 4089 4089 4089 4089
    4139 2701 2701 2701 2701 2767 4139 4139 4139 4190 4190 4190 3816
    3816 3816 3816 3732 3732 3732 1458 1458 1452 1452 1452 1445 1445
    1445 1439 1433 1427 1427 1427 1427 1433 1433 1427 1427 1427 1427
    1427 1427 1427 1421 1421 1421 1427 1427 1421 1415 1410 1410 1410
    1415 1421 1427 1427 1427 1452 1452 1452 1458 1477 1483 1483 1489
    1496 1509 1509 1509 4089 4089 4139 4089 4089 4089 4089 2701 2701
    2701 2701 2701 2767 2767 4139 4139 4190 4190 4190 3816 3816 3816
    3816 3732 3732 3732 1470 1458 1452 1452 1452 1445 1445 1445 1439
    1433 1433 1427 1427 1433 1433 1433 1433 1427 1427 1427 1427 1427
    1427 1421 1421 1421 1427 1427 1421 1421 1415 1415 1415 1415 1421
    1415 1415 1415 1427 1445 1452 1452 1458 1483 1483 1489 1496 1503
