<?xml version="1.0"?>
<opencv_storage>
<Depth9569 type_id="opencv-matrix">
  <rows>65</rows>
  <cols>65</cols>
  <dt>w</dt>
  <data>
    4139 4139 4089 4089 4089 4089 4089 4089 4089 4089 4041 4041 4041
    4089 4089 4089 4089 4041 4041 4089 4139 4190 4139 4089 4089 4089
    1259 1255 1255 1250 1250 1250 1250 1255 1255 4139 4089 4041 4041
    4041 4089 4089 4089 4089 4089 4089 4089 4089 4089 4089 4089 4089
    4089 4089 4089 4089 4089 4089 4089 4089 4089 4041 4041 4041 4041
    4089 4139 4089 4089 4089 4089 4089 4089 4089 4089 4041 4041 4041
    4041 4041 4089 4089 4041 4041 4041 4041 4041 4089 4089 4089 4089
    1255 1255 1250 1250 1250 1250 1250 1250 1250 1250 4041 4041 4041
    4041 4089 4089 4089 4089 4089 4089 4089 4089 4089 4089 4089 4089
    4089 4089 4089 4089 4089 4089 4089 4041 4041 4041 4089 4089 4041
    4089 4089 4089 4089 4041 4041 4089 4089 4089 4089 4041 4041 4041
    4041 4041 4089 4089 4041 4041 4041 0 0 0 1250 1255 1255 1255 1250
    1250 1250 1250 1250 1250 1250 1250 1250 1250 4041 4041 4041 4089
    4139 4089 4089 4089 4089 4089 4089 4089 4089 4089 4089 4089 4041
    4041 4041 4041 4041 4041 4041 4041 4041 4041 4041 4089 4041 4041
    4089 4089 4041 4041 4041 4041 4041 4041 4041 4041 4041 4041 4041
    4041 4041 4139 4139 4139 1236 1236 1236 1250 1250 1245 1245 1245
    1250 1250 1250 1245 1245 1245 1250 1250 1250 4041 4041 4041 4089
    4139 4089 4089 4089 4089 4089 4089 4089 4089 4089 4089 4089 4041
    4041 4041 4041 4041 4041 4041 4041 4041 4041 4041 4041 4041 4041
    4089 4089 4041 4041 4041 4041 4041 4041 4089 4089 4041 4041 4041
    4041 4041 4041 1232 1232 1236 1236 1236 1236 1236 1241 1241 1241
    1245 1250 1250 1245 1245 1245 1250 1250 1255 1255 4089 4089 4089
    4139 4089 4089 4089 4089 4089 4089 4089 4089 4089 4089 4089 4041
    4041 4041 4041 4041 4041 4041 4041 4041 4041 4041 4041 4041 4041
    4041 4089 4041 4041 3994 3994 3994 4041 4089 4089 4089 1232 1232
    1232 0 0 0 1232 1232 1232 1232 1232 1236 1241 1241 1241 1245 1245
    1245 1245 1245 1245 1250 1250 1255 1255 1255 4139 4139 4139 4139
    4139 4089 4089 4089 4089 4089 4089 4089 4089 4089 4041 4041 4041
    4041 4041 4041 4041 4041 4041 4041 4041 4041 4041 4041 4041 4089
    4041 4041 3994 3994 3994 3994 3994 1297 0 0 1232 1232 1227 1223 1232
    1232 1232 1232 1232 1232 1236 1236 1241 1241 1241 1241 1241 1245
    1245 1245 1250 1250 1255 1255 1255 4139 4139 4089 4089 4089 4089
    4089 4089 4089 4089 4089 4089 4089 4089 4089 4041 4041 4041 4041
    4041 4041 4041 4041 4041 4041 4041 4089 4089 4089 4089 4041 4041
    4041 4041 1297 1297 1297 1297 1255 1245 1232 1232 1227 1223 1223
    1227 1232 1232 1236 1236 1236 1236 1236 1236 1241 1241 1241 1245
    1245 1245 1250 1250 1255 1255 1255 1255 4089 4089 4089 4089 4089
    4089 4089 4089 4089 4089 4089 4089 4041 4041 4041 4041 4041 4041
    4041 4041 4041 4089 4041 4041 4041 4089 4089 4089 4089 4089 4089
    4089 1297 1297 1297 1297 1297 1255 1245 1245 1232 1227 1223 1223
    1227 1232 1232 1232 1236 1236 1236 1236 1236 1236 1236 1236 1241
    1241 1245 1245 1245 1250 1255 1255 0 4089 4089 4089 4089 4089 4089
    4089 4089 4089 4089 4089 4041 4041 4041 4041 4041 4041 4041 4041
    4041 4041 4041 4041 4041 4041 4139 4139 4139 4139 1398 1354 1354
    1354 1297 1297 1292 1273 1255 1245 1245 1232 1223 1223 1223 1223
    1227 1232 1232 1236 1232 1232 1232 1232 1236 1236 1236 1236 1241
    1241 1245 1245 1250 1250 1250 0 4089 4089 4089 4089 4089 4041 4041
    4089 4089 4089 4041 4041 4041 4041 4041 4041 4041 4041 4041 4041
    4041 4041 4041 4041 4041 1415 1415 1410 1398 1398 1354 1354 1354
    1292 1292 1273 1264 1255 1245 1232 1227 1223 1219 1219 1223 1227
    1227 1232 1232 1232 1232 1232 1232 1236 1236 1236 1236 1241 1241
    1241 1241 1250 1250 1250 1245 4139 4139 4089 4089 4089 4041 4041
    4089 4089 4089 4041 4041 4041 4041 4041 4041 4041 4041 4041 4041
    4041 4041 4041 4041 4041 1415 1415 1410 1398 1398 1365 1354 1343
    1292 1288 1273 1264 1255 1241 1232 1223 1223 1219 1219 1219 1223
    1227 1232 1232 1232 1232 1232 1232 1232 1232 1232 1236 1236 1236
    1236 1236 1241 1245 1245 1245 4139 4139 4139 4089 4089 4041 4041
    4089 4089 4089 4041 4041 4041 4041 4041 4041 4041 4041 4041 4041
    4041 4041 4041 4041 4041 1415 1415 1410 1398 1398 1359 1349 1333
    1292 1288 1278 1268 1255 1241 1232 1223 1219 1219 1219 1219 1223
    1227 1232 1232 1232 1232 1232 1232 1232 1232 1232 1232 1236 1236
    1236 1236 1241 1241 1245 1245 1245 4190 4190 4089 4089 4041 4041
    4089 4089 4089 4041 4041 4089 4041 4041 4041 4041 4041 4041 4041
    4041 4041 4041 4041 4089 1415 1415 1410 1398 1398 1359 1349 1333
    1292 1288 1278 1273 1264 1250 1236 1227 1219 1214 1214 1219 1219
    1223 1227 1227 1227 1232 1232 1232 1232 1232 1232 1232 1232 1232
    1236 1236 1241 1241 1241 1241 1241 1241 4139 4139 4089 4089 4089
    4089 4089 4089 4089 4089 4089 4041 4041 4041 4041 4041 4041 4041
    4041 4041 4041 4041 4041 1415 1415 1410 1404 1392 1359 1354 1338
    1302 1297 1288 1273 1264 1255 1245 1227 1219 1214 1214 1214 1219
    1223 1227 1227 1227 1227 1227 1227 1232 1232 1232 1232 1232 1232
    1232 1232 1236 1236 1241 1241 1241 1241 4190 4190 4089 4089 4089
    4041 4041 4041 4089 4089 4089 4041 4041 4041 4041 4041 4041 4041
    4041 4041 4041 4041 4041 1415 1415 1410 1404 1392 1370 1359 1343
    1322 1307 1292 1283 1268 1259 1245 1232 1219 1214 1214 1214 1219
    1223 1227 1223 1223 1223 1227 1227 1227 1227 1227 1227 1232 1232
    1232 1232 1236 1236 1241 1241 1241 1241 1241 4139 4139 4089 4089
    4041 4041 4041 4041 4041 4041 4041 4041 4041 4041 4041 4041 4041
    4041 4041 4041 4041 4041 1427 1427 1421 1410 1398 1376 1359 1349
    1328 1317 1302 1288 1273 1259 1250 1236 1219 1219 1219 1219 1219
    1219 1223 1223 1223 1223 1223 1223 1227 1227 1227 1227 1232 1232
    1232 1236 1236 1241 1241 1241 1241 1241 1241 4139 4139 4089 4089
    4041 4041 4041 4041 4041 4041 4041 4041 4041 4041 4041 4041 4041
    4041 3994 3994 4041 4041 1433 1433 1427 1421 1404 1392 1365 1354
    1333 1328 1312 1292 1278 1268 1255 1241 1219 1219 1219 1219 1219
    1219 1219 1219 1219 1223 1223 1223 1227 1227 1227 1232 1232 1232
    1236 1236 1236 1236 1236 1241 1241 1241 1241 1245 4089 4089 4089
    4041 4041 4041 4041 4041 4041 4041 4041 4041 4041 4041 4041 4041
    3994 3994 3994 3994 4041 1433 1433 1427 1421 1404 1392 1376 1354
    1333 1328 1317 1302 1288 1273 1259 1250 1223 1219 1219 1214 1214
    1219 1219 1219 1219 1223 1223 1223 1223 1227 1227 1232 1232 1232
    1232 1236 1236 1236 1236 1236 1236 1241 1245 1245 1245 4041 4041
    4041 4041 4041 4041 4041 4041 4041 4041 4041 4041 4041 4041 4041
    3994 3994 3994 3994 3994 1433 1433 1427 1421 1410 1398 1387 1354
    1343 1333 1322 1307 1288 1278 1268 1255 1232 1223 1219 1214 1214
    1214 1219 1219 1219 1219 1223 1223 1223 1227 1227 1232 1232 1232
    1232 1236 1236 1232 1232 1236 1236 1241 1241 1241 1245 4041 4041
    4041 4041 4041 4041 4041 4041 4041 4041 4041 4041 4041 4041 4041
    3994 3994 3994 3994 3994 4041 1433 1433 1421 1415 1404 1392 1376
    1349 1338 1328 1312 1288 1278 1268 1259 1236 1227 1219 1214 1214
    1214 1214 1219 1219 1219 1219 1223 1223 1227 1227 1227 1232 1232
    1232 1232 1232 1232 1232 1236 1236 1241 1241 1245 1245 4041 4041
    4041 4041 4041 4041 4041 4041 4041 4041 4041 4041 4041 4041 4041
    3994 3994 3994 3994 3994 4041 4041 1427 1427 1415 1404 1392 1381
    1354 1338 1333 1317 1297 1283 1273 1264 1241 1232 1223 1214 1214
    1214 1214 1219 1219 1219 1219 1219 1223 1223 1227 1227 1227 1227
    1227 1232 1232 1232 1232 1236 1236 1241 1241 1241 1241 1241 4041
    4041 4041 4041 4041 4041 4041 4041 4041 4041 3994 3994 4041 4041
    3994 3994 3994 3994 3994 4041 4041 4041 1415 1415 1410 1398 1387
    1370 1343 1333 1317 1302 1288 1278 1268 1255 1236 1227 1219 1214
    1214 1214 1219 1219 1219 1219 1219 1223 1223 1223 1223 1223 1227
    1227 1232 1232 1232 1232 1232 1236 1236 1241 1241 1241 1241 4089
