<?xml version="1.0"?>
<opencv_storage>
<Depth8563 type_id="opencv-matrix">
  <rows>39</rows>
  <cols>27</cols>
  <dt>w</dt>
  <data>
    4582 4582 4582 2522 2522 2541 2522 2522 2522 2522 2522 2522 2522
    2522 2522 2541 2541 2541 2541 2541 2541 2541 2541 2541 2541 2541
    2541 4582 2522 2503 2503 2503 2522 2522 2522 2503 2503 2503 2522
    2522 2522 2522 2522 2522 2522 2522 2522 2541 2541 2541 2541 2541
    2541 2541 4582 2522 2503 2485 2485 2503 2503 2503 2503 2503 2503
    2522 2522 2522 2522 2522 2522 2522 2522 2522 2522 2522 2522 2541
    2541 2541 2522 4582 2522 2503 2485 2485 2485 2485 2485 2485 2503
    2503 2522 2522 2522 2522 2503 2503 2522 2522 2522 2522 2522 2522
    2541 2541 2541 2522 4582 2503 2485 2485 2485 2485 2485 2485 2485
    2503 2503 2522 2522 2503 2503 2503 2503 2522 2522 2522 2522 2522
    2522 2541 2541 2541 2541 2541 2503 2485 2485 2485 2485 2485 2485
    2503 2503 2522 2522 2522 2503 2503 2522 2522 2522 2522 2522 2522
    2522 2522 2541 2541 2541 2541 2522 2522 2522 2503 2485 2485 2485
    2485 2503 2503 2503 2522 2522 2503 2503 2503 2522 2522 2522 2522
    2522 2522 2522 2541 2541 2541 2541 2522 2522 2503 2503 2503 2485
    2485 2485 2503 2503 2503 2522 2522 2503 2503 2503 2522 2522 2522
    2522 2522 2522 2522 2541 2541 2541 2541 2522 2522 2503 2503 2503
    2485 2485 2485 2503 2503 2503 2503 2503 2503 2503 2503 2522 2522
    2522 2522 2522 2522 2522 2541 2541 2541 2541 2522 2522 2522 2503
    2503 2503 2503 2503 2503 2503 2503 2503 2503 2522 2522 2522 2522
    2522 2522 2522 2522 2522 2522 2541 2541 2541 2541 4522 2503 2503
    2522 2522 2503 2503 2503 2503 2503 2503 2503 2503 2522 2522 2522
    2522 2522 2522 2522 2522 2522 2522 2541 2541 2541 2541 4522 2485
    2485 2503 2503 2503 2503 2503 2503 2503 2503 2503 2522 2522 2522
    2522 2522 2503 2503 2522 2522 2522 2522 2541 2541 2541 2522 4522
    2485 2485 2485 2485 2503 2503 2503 2503 2503 2503 2503 2522 2522
    2522 2522 2522 2503 2503 2522 2522 2522 2522 2541 2541 2522 2485
    2485 2485 2485 2485 2485 2503 2503 2503 2503 2503 2503 2522 2522
    2522 2522 2522 2522 2503 2503 2522 2522 2522 2522 2541 2541 2467
    2467 2485 2485 2485 2485 2485 2503 2503 2503 2503 2503 2522 2522
    2522 2522 2503 2503 2503 2503 2503 2522 2522 2522 2522 2541 2541
    2450 2450 2503 2485 2485 2485 2485 2503 2503 2503 2503 2503 2503
    2503 2522 2503 2503 2503 2503 2503 2522 2522 2522 2522 2522 2541
    2522 2450 2450 2503 2503 2503 2485 2485 2503 2503 2503 2503 2503
    2503 2503 2503 2503 2503 2503 2503 2503 2522 2522 2522 2522 2522
    2541 2522 2503 2503 2503 2503 2503 2503 2503 2503 2503 2503 2503
    2503 2503 2503 2503 2503 2503 2503 2503 2522 2522 2522 2522 2522
    2522 2541 2541 2522 2522 2503 2503 2503 2503 2503 2503 2503 2503
    2503 2503 2503 2503 2503 2503 2503 2522 2522 2522 2522 2522 2522
    2522 2522 2541 2541 2541 2541 2485 2485 2485 2503 2522 2522 2503
    2503 2503 2503 2503 2503 2503 2503 2503 2522 2522 2522 2522 2522
    2522 2522 2522 2541 2541 2541 2541 2485 2485 2485 2503 2522 2522
    2522 2503 2503 2503 2503 2503 2522 2503 2503 2522 2522 2522 2522
    2503 2503 2522 2522 2541 2541 2541 2541 2485 2485 2503 2503 2522
    2522 2503 2503 2503 2503 2503 2503 2503 2522 2522 2522 2522 2522
    2522 2503 2503 2522 2522 2541 2541 2541 2522 2503 2503 2503 2503
    2503 2503 2503 2503 2503 2503 2503 2503 2503 2522 2522 2522 2522
    2522 2522 2522 2522 2522 2522 2541 2541 2522 2522 2503 2503 2503
    2503 2503 2503 2485 2485 2485 2485 2485 2503 2503 2522 2522 2522
    2522 2522 2522 2522 2522 2522 2522 2541 2541 2522 2522 2503 2503
    2503 2503 2485 2467 2467 2485 2485 2485 2485 2485 2503 2522 2503
    2503 2522 2522 2522 2522 2522 2522 2522 2541 2541 2522 2522 2503
    2503 2503 2503 2485 2467 2467 2485 2467 2467 2485 2485 2503 2503
    2503 2503 2522 2522 2522 2522 2522 2522 2522 2541 2541 2522 2522
    2503 2503 2503 2503 2503 2503 2485 2485 2467 2467 2485 2485 2503
    2503 2503 2503 2522 2522 2522 2522 2522 2522 2522 2541 2541 2522
    2522 2503 2503 2503 2503 2503 2485 2485 2485 2467 2467 2485 2485
    2503 2503 2503 2503 2522 2522 2522 2522 2522 2522 2522 2541 2541
    2541 2541 2503 2503 2503 2503 2503 2485 2485 2485 2485 2485 2485
    2503 2503 2503 2503 2503 2522 2522 2522 2522 2522 2522 2522 2541
    2541 2541 2541 2503 2503 2485 2485 2485 2503 2503 2485 2485 2503
    2503 2503 2503 2503 2503 2503 2522 2522 2522 2522 2522 2522 2522
    2541 2522 2522 2522 2485 2485 2485 2485 2485 2485 2485 2485 2485
    2503 2522 2522 2503 2503 2503 2503 2522 2522 2522 2522 2522 2522
    2522 2541 2522 2522 2522 2467 2485 2485 2485 2485 2485 2485 2485
    2485 2485 2503 2522 2522 2503 2503 2503 2522 2522 2522 2503 2503
    2503 2503 2522 2522 2522 2541 2450 2485 2485 2485 2485 2485 2485
    2485 2485 2485 2503 2503 2503 2522 2503 2503 2522 2522 2522 2503
    2503 2503 2503 2522 2522 2522 2541 2432 2485 2485 2485 2485 2485
    2485 2485 2485 2485 2503 2503 2503 2522 2522 2522 2522 2522 2503
    2503 2503 2503 2503 2541 2522 2522 2560 2432 2485 2485 2485 2485
    2485 2485 2485 2485 2485 2503 2503 2503 2503 2503 2503 2503 2503
    2503 2503 2503 2522 2522 2541 2541 2541 2560 2467 2467 2467 2485
    2485 2485 2485 2485 2485 2485 2503 2503 2503 2503 2503 2503 2503
    2503 2503 2503 2503 2503 2503 2541 2541 2541 2560 2467 2467 2467
    2485 2485 2485 2485 2503 2503 2503 2485 2485 2485 2485 2485 2503
    2503 2503 2522 2503 2503 2503 2503 2541 2541 2560 2560 4522 2467
    2467 2467 2467 2485 2485 2503 2503 2503 2485 2485 2485 2485 2485
    2503 2503 2503 2503 2503 2503 2503 2503 2541 2541 2541 2560 4582
    4582 4582 2467 2467 2485 2485 2503 2503 2522 2485 2485 2467 2467
    2485 2503 2522 2522 2503 2503 2522 2522 2522 2541 2541 2541 4522</data></Depth8563>
</opencv_storage>
