<?xml version="1.0"?>
<opencv_storage>
<Depth7573 type_id="opencv-matrix">
  <rows>37</rows>
  <cols>40</cols>
  <dt>w</dt>
  <data>
    4708 4708 4708 4708 4645 4645 4582 2432 2415 2415 2415 2415 2398
    2381 2365 2365 2365 4405 4405 4349 4295 4295 4295 4241 4241 4190
    4190 4190 2859 2859 2859 2883 2883 2812 2789 2659 2639 2639 2618
    2598 4708 4708 4708 4708 4645 4645 2432 2415 2415 2415 2415 2415
    2415 2398 2381 2381 2381 4463 4405 4349 4295 4295 4295 4295 4241
    4241 4190 4190 4190 2835 2835 2883 2859 2812 2789 2659 2659 2659
    2639 2598 4708 4708 4708 4708 4645 2415 2415 2415 2415 2415 2415
    2415 2398 2398 2381 2381 2365 2365 4405 4349 4349 4349 4295 4295
    4241 4241 4241 4190 4190 2835 2835 2859 2859 2835 2835 2767 2744
    2659 2659 2618 4774 4708 4708 2432 2432 2415 2415 2415 2415 2415
    2415 2381 2381 2381 2381 2381 2365 2365 2365 4349 4295 4295 4295
    4295 4241 4241 4241 4190 4190 2859 2859 2859 2859 2835 2835 2812
    2767 2744 2723 2723 4911 4774 4774 2432 2432 2415 2415 2415 2415
    2398 2398 2381 2381 2365 2365 2381 2365 2365 2365 2365 4295 4295
    4295 4295 4241 4241 4241 4190 4190 4190 2859 2859 2859 2835 2835
    2812 2789 2767 2767 2789 4774 4774 2432 2432 2432 2415 2415 2398
    2398 2398 2381 2365 2365 2365 2365 2381 2365 2365 2365 2365 2365
    4349 4295 4295 4241 4241 4241 4190 4190 4190 2908 2883 2859 2835
    2835 2812 2812 2789 2789 2789 4774 4774 2432 2432 2432 2415 2415
    2398 2398 2381 2381 2365 2365 2365 2365 2365 2365 2365 2365 2349
    2349 4349 4295 4295 4241 4241 4241 4190 4190 4190 4139 2883 2883
    2859 2835 2835 2835 2812 2812 2812 2560 2541 2541 2450 2432 2415
    2398 2398 2381 2381 2381 2381 2365 2365 2365 2365 2365 2365 2365
    2349 2349 2349 4241 4241 4241 4241 4241 4190 4190 4190 4139 2883
    2883 2859 2859 2835 2835 2835 2812 2812 2541 2541 2522 2485 2432
    2432 2398 2398 2381 2381 2381 2381 2365 2365 2365 2365 2365 2365
    2365 2365 2349 2349 4241 4241 4241 4241 4241 4241 4190 4190 4190
    2883 2883 2859 2859 2859 2835 2835 2835 2812 2541 2541 2522 2503
    2467 2432 2415 2398 2398 2381 2381 2381 2365 2349 2349 2349 2349
    2349 2365 2365 2349 2349 2365 4295 4295 4241 4241 4241 4241 4190
    4190 2859 2859 2859 2835 2835 2835 2835 2835 2812 2560 2560 2522
    2503 2485 2450 2432 2415 2398 2381 2381 2365 2365 2349 2349 2349
    2349 2349 2365 2365 2349 2349 2349 2349 4295 4241 4241 4241 4241
    4190 4190 2859 2859 2835 2835 2835 2835 2835 2835 2812 2560 2560
    2522 2503 2503 2467 2432 2415 2415 2398 2365 2365 2349 2349 2349
    2349 2349 2349 2349 2349 2349 2349 2333 2333 2333 4241 4241 4241
    4241 4190 4190 4190 2883 2835 2835 2835 2859 2859 2835 2835 2560
    2560 2541 2522 2503 2503 2467 2432 2432 2415 2365 2365 2349 2349
    2349 2349 2349 2349 2349 2349 2349 2349 2333 2333 2333 2349 4190
    4190 4190 4190 4190 4190 2908 2859 2835 2835 2835 2835 2835 2835
    4645 2579 2541 2541 2503 2503 2485 2467 2450 2415 2365 2365 2349
    2349 2349 2333 2333 2349 2349 2349 2349 2333 2333 2317 2317 2333
    2333 4190 4190 4190 4190 4190 2933 2859 2859 2859 2835 2835 2835
    2835 4708 4708 2541 2541 2522 2522 2485 2485 2450 2415 2381 2365
    2349 2349 2349 2333 2333 2349 2349 2349 2333 2333 2333 2317 2317
    2333 2333 4190 4190 4190 4190 4241 2933 2883 2883 2859 2835 2835
    2835 2835 4708 4708 4708 2541 2522 2522 2503 2485 2485 2450 2381
    2365 2349 2349 2349 2349 2349 2349 2333 2333 2333 2317 2317 2317
    2317 2317 2317 2317 4190 4190 4190 4241 4190 2908 2859 2859 2835
    2835 2835 2835 4708 4708 4645 4645 2522 2522 2503 2485 2485 2432
    2398 2381 2365 2365 2365 2349 2349 2349 2333 2333 2317 2317 2317
    2317 2317 2317 2317 2317 2317 4241 4241 4241 4190 4190 2835 2835
    2835 2835 2835 2835 4708 4708 4645 4645 4645 2541 2522 2485 2485
    2432 2415 2381 2365 2365 2365 2349 2349 2349 2333 2333 2317 2317
    2317 2317 2317 2333 2317 2317 2286 2286 4241 4241 4190 4190 2835
    2835 2835 2835 2835 2835 4774 4708 4708 4645 4645 2541 2522 2503
    2503 2450 2415 2398 2365 2365 2365 2349 2349 2333 2333 2333 2317
    2317 2317 2333 2333 2333 2317 2301 2286 2286 4241 4190 4190 4190
    4139 2835 2835 2859 2859 2835 4774 4708 4708 4645 4645 2560 2522
    2503 2503 2450 2432 2415 2381 2365 2365 2349 2333 2333 2333 2333
    2333 2317 2317 2333 2333 2333 2317 2301 2286 2286 2286 4190 4190
    4190 4139 2933 2908 2883 2859 2835 4774 4708 4708 4645 4645 2579
    2541 2503 2503 2467 2450 2432 2415 2381 2365 2349 2333 2333 2317
    2317 2301 2301 2333 2317 2317 2317 2317 2301 2301 2286 2286 2286
    4190 4190 4139 2933 2908 2883 2859 2835 4774 4708 4708 4708 4708
    4708 4645 2503 2503 2503 2467 2432 2415 2398 2365 2349 2349 2333
    2317 2317 2301 2301 2317 2317 2317 2317 2317 2301 2301 2286 2286
    2286 2286 4190 4139 4139 2908 2883 2859 2835 4774 4708 4708 4708
    4708 4708 4645 4645 2503 2503 2503 2450 2415 2415 2381 2365 2349
    2333 2317 2317 2301 2301 2317 2317 2317 2317 2317 2301 2301 2286
    2286 2271 2256 2256 4190 4190 2908 2883 2859 2859 4774 4774 4774
    4774 4708 4708 4708 4645 4582 2503 2503 2467 2415 2415 2398 2381
    2365 2349 2317 2317 2301 2301 2301 2301 2301 2301 2301 2301 2286
    2286 2286 2271 2256 2256 2256 2933 2908 2883 2859 2835 4774 4774
    4774 4774 4708 4708 4708 4645 4582 2467 2467 2485 2450 2432 2398
    2381 2365 2349 2333 2317 2317 2301 2301 2301 2301 2301 2301 2301
    2286 2286 2286 2286 2271 2256 2256 2933 2908 2883 2883 2835 4842
    4842 4774 4774 4708 4708 4708 4708 4645 2467 2467 2485 2467 2432
    2415 2415 2381 2365 2349 2333 2317 2301 2301 2301 2301 2301 2286
    2286 2286 2286 2286 2286 2271 2271 2271 2286 2933 2908 2883 2859
    4774 4774 4774 4708 4708 4708 4708 4708 4645 4582 2467 2467 2467
    2467 2432 2415 2415 2365 2365 2333 2317 2301 2301 2301 2301 2301
    2286 2286 2286 2286 2286 2286 2286 2286 2286 2286 2933 2883 2883
    2859 4708 4708 4774 4708 4708 4708 4708 4708 4645 4582 2467 2467
    2467 2467 2432 2432 2415 2381 2365 2349 2333 2301 2301 2301 2301
    2301 2301 2286 2286 2286 2286 2286 2286 2286 2286 2286 2286 2286
    2859 2835 4708 4708 4774 4774 4774 4708 4708 4645 4645 4645 4582
    4582 2467 2467 2432 2432 2432 2415 2365 2349 2333 2301 2301 2301
    2301 2301 2286 2286 2286 2286 2286 2286 2286 2286 2286 2286 2286
    2286 2286 2835 4774 4774 4774 4774 4708 4708 4708 4645 4645 4645
    4582 4582 4582 2467 2450 2432 2432 2415 2381 2349 2333 2317 2301
    2301 2301 2301 2286 2286 2286 2286 2286 2286 2286 2286 2286 2286
    2286 2286 2271 2271 4774 4774 4774 4774 4708 4708 4708 4645 4645
    4645 4645 4582 4582 2485 2467 2432 2432 2415 2415 2365 2349 2333
    2317 2317 2301 2301 2286 2286 2286 2286 2286 2286 2286 2286 2286
    2286 2286 2286 2271 2271 4774 4774 4774 4774 4708 4708 4708 4708
    4645 4645 4645 4582 4582 4582 2485 2450 2432 2432 2415 2381 2365
    2349 2349 2333 2301 2301 2286 2286 2286 2286 2286 2286 2286 2286
    2286 2286 2286 2286 2286 2286 4774 4774 4774 4774 4708 4708 4708
    4708 4708 4708 4645 4645 4582 4582 4582 2467 2450 2432 2415 2398
    2381 2365 2365 2349 2317 2301 2286 2286 2286 2286 2286 2286 2286
    2286 2286 2286 2286 2286 2286 2286 4774 4774 4774 4774 4708 4708
    4708 4708 4708 4708 4645 4645 4582 4582 4522 4522 2450 2432 2432
    2415 2398 2365 2365 2349 2317 2301 2286 2286 2286 2286 2286 2271
    2271 2271 2286 2286 2286 2286 2286 2286 4842 4774 4774 4774 4708
    4708 4708 4708 4708 4708 4645 4645 4582 4522 4522 4522 4522 2450
    2450 2415 2415 2398 2365 2349 2317 2317 2286 2286 2286 2286 2286
    2271 2271 2271 2286 2286 2286 2286 2286 2286 4911 4842 4774 4774
    4708 4708 4708 4708 4708 4708 4645 4645 4582 4522 4522 4522 4522
    4522 4522 2450 2432 2415 2415 2365 2349 2317 2286 2286 2286 2286
    2286 2286 2286 2286 2286 2286 2286 2286 2286 2301 4911 4842 4774
    4774 4708 4708 4708 4708 4708 4708 4645 4645 4645 4582 4582 4522
    4522 4522 4522 0 2432 2432 2432 2415 2398 2317 2301 2301 2286 2286
