<?xml version="1.0"?>
<opencv_storage>
<Depth16624 type_id="opencv-matrix">
  <rows>100</rows>
  <cols>59</cols>
  <dt>w</dt>
  <data>
    3092 3120 3120 3120 3149 3120 3120 3149 3149 3178 3178 3208 3208
    3208 3208 3208 3208 3208 3238 0 0 0 0 0 0 0 0 0 0 0 0 0 0 0 0 0 0 0
    0 0 0 0 0 3269 3269 3269 3269 3269 1025 1025 1025 1028 1060 1060
    1060 1063 1067 1067 1067 3092 3120 3120 3120 3120 3120 3120 3149
    3149 3149 3149 3208 3208 3208 3178 3178 3208 3208 3208 3208 0 0 0 0
    0 0 0 0 0 0 0 0 0 0 0 0 0 0 0 0 0 0 0 0 0 987 998 1022 1025 1025
    1025 1028 1057 1057 1060 1063 1067 1067 0 3092 3092 3092 3092 3092
    3149 3149 3149 3149 3149 3149 3208 3208 3208 3178 3178 0 3178 3178 0
    0 0 885 885 882 882 0 0 0 0 0 0 0 0 0 0 0 984 981 975 967 967 967 0
    0 987 998 1022 1022 1022 1025 1028 1038 1050 1057 1063 1067 1067 0
    3092 3092 3092 3092 3092 3149 3149 3149 925 925 925 925 925 925 923
    923 923 0 0 0 0 882 882 882 880 880 0 0 0 0 0 0 0 0 0 0 0 978 978
    975 967 967 967 967 978 987 998 998 1007 1016 1028 1034 1038 1047
    1054 1070 1070 1070 3333 3064 3064 3064 3064 908 908 906 925 925 925
    925 930 925 925 923 923 923 0 903 903 0 0 882 882 880 880 0 0 0 0 0
    0 0 0 0 0 0 978 978 975 964 964 967 967 975 981 995 998 1007 1016
    1028 1034 1038 1047 1050 1073 1073 0 3333 3064 3064 3064 906 908 908
    906 906 908 918 930 930 925 925 923 923 923 923 903 903 896 887 882
    882 880 880 880 908 908 906 906 0 0 0 0 0 0 933 956 956 956 962 964
    967 975 981 992 998 1007 1013 1025 1031 1041 1047 1050 1050 1063 0
    3333 903 903 903 906 906 908 906 906 908 913 918 925 925 925 923 920
    920 920 920 898 894 887 885 882 880 880 898 898 903 901 901 903 906
    915 915 923 925 933 935 938 948 959 964 967 975 981 992 998 1007
    1013 1025 1028 1041 1047 1057 1063 1063 1070 3300 903 903 903 903
    906 906 903 903 906 908 913 915 920 923 913 908 908 901 896 896 894
    889 885 882 878 878 898 898 903 896 896 898 898 908 915 915 920 930
    933 938 946 954 964 967 975 984 992 1001 1010 1019 1022 1028 1044
    1050 1057 1063 1070 1070 1070 903 903 903 903 898 898 898 896 896
    894 891 889 889 887 885 885 896 896 894 894 889 880 880 878 873 873
    873 903 896 891 891 894 898 903 913 915 920 925 933 938 946 954 962
    973 978 984 992 1001 1010 1019 1022 1031 1044 1050 1054 1063 1070
    1070 0 901 901 901 901 896 896 894 891 891 889 889 887 887 887 885
    885 878 878 882 878 878 878 875 871 869 869 869 869 873 878 885 889
    898 903 913 915 920 923 935 940 946 951 962 975 978 984 989 1001
    1010 1019 1025 1031 1044 1050 1054 1063 1063 1063 0 901 901 901 901
    896 896 894 891 889 889 887 887 887 885 885 882 878 878 878 875 875
    875 871 869 869 867 867 869 871 878 882 889 896 903 913 915 918 923
    940 943 946 951 975 975 981 984 989 1001 1010 1019 1025 1034 1044
    1050 1054 1060 1060 0 0 901 901 901 901 896 896 894 891 889 889 887
    887 887 885 885 882 878 878 878 875 875 873 871 869 867 867 867 869
    869 875 882 889 896 903 908 915 918 923 940 940 946 951 964 973 978
    987 989 1001 1010 1019 1025 1034 1044 1050 1054 1057 1057 0 3300 901
    901 903 901 896 896 896 891 889 889 887 887 887 885 885 885 878 878
    878 875 875 873 871 871 867 867 867 869 869 873 885 894 896 903 908
    915 918 928 935 938 946 956 964 970 978 987 992 1001 1010 1016 1031
    1034 1044 1047 1054 1057 1057 0 3300 901 901 901 901 898 896 896 894
    891 889 887 887 887 885 885 885 882 878 878 875 875 875 873 871 869
    867 867 869 869 873 882 894 896 901 906 918 920 928 933 935 946 962
    964 970 978 984 992 1004 1010 1016 1028 1034 1044 1047 1054 1070 0 0
    0 901 901 901 901 898 896 896 894 894 891 889 887 887 885 885 885
    882 878 878 878 875 875 873 873 869 869 869 869 869 871 882 894 896
    901 906 915 923 930 933 935 948 964 967 970 975 981 989 1004 1010
    1016 1028 1034 1044 1047 1057 1070 1070 0 3333 901 901 901 901 898
    896 896 894 894 891 889 887 887 885 885 885 878 878 878 875 875 875
    875 873 869 869 869 869 871 871 885 891 898 903 908 915 920 930 933
    935 946 962 967 970 975 981 989 1001 1010 1013 1025 1034 1044 1047
    1060 1070 1070 0 0 906 906 903 901 898 896 896 894 894 891 889 887
    887 885 885 885 878 878 878 875 875 875 873 871 869 869 869 869 871
    875 885 891 898 906 910 915 920 930 933 938 946 959 964 973 978 981
    989 1001 1010 1013 1022 1034 1047 1050 1060 1070 1070 0 0 906 906
    903 898 898 896 896 894 894 891 889 889 887 885 885 885 878 878 878
    875 875 875 873 871 869 869 869 869 871 878 885 891 898 903 913 915
    920 928 935 940 948 954 964 973 978 984 989 1001 1010 1016 1022 1034
    1044 1047 1054 1067 1067 1070 0 906 906 903 898 898 896 896 896 894
    894 891 889 887 885 885 882 878 878 878 878 875 875 873 873 871 869
    869 869 871 880 887 891 898 903 910 915 920 925 938 943 948 954 964
    973 978 984 989 1001 1010 1016 1025 1034 1044 1047 1054 1067 1070 0
    0 903 906 906 903 898 898 896 896 894 894 891 889 887 887 885 882
    878 878 878 878 875 875 873 873 871 871 871 871 873 880 885 891 898
    903 908 913 920 925 933 943 948 954 962 973 975 981 989 1004 1013
    1016 1025 1034 1044 1047 1054 1067 1070 0 0 903 906 906 903 901 898
    896 896 896 894 894 891 887 887 885 885 880 878 878 878 875 875 873
    873 871 871 871 871 875 880 885 891 898 903 908 913 920 928 933 938
    951 956 962 973 975 978 992 1007 1013 1016 1025 1038 1041 1047 1060
    1067 1067 0 0 903 906 906 903 901 901 898 896 896 894 894 891 889
    887 887 885 880 878 878 878 875 875 873 873 871 869 869 871 875 880
    885 891 898 906 908 913 920 928 930 938 951 959 964 973 975 978 992
    1007 1016 1019 1025 1034 1041 1050 1060 1067 1077 0 0 903 906 906
    903 901 901 898 896 896 894 894 891 889 887 887 885 882 878 878 878
    878 875 875 873 869 869 869 871 873 880 885 891 896 903 908 913 923
    928 930 938 946 959 964 970 978 981 995 1007 1013 1022 1025 1034
    1044 1050 1060 1067 1077 0 0 903 906 906 906 903 901 898 896 896 894
    894 891 889 887 887 887 882 880 878 878 878 875 875 871 869 869 869
    869 871 878 885 891 896 903 906 915 923 930 933 938 946 962 964 970
    978 987 992 1007 1013 1022 1025 1038 1044 1050 1060 1067 1077 0 0
    906 906 906 906 903 901 898 896 896 894 894 891 889 889 887 887 882
    880 878 878 878 875 875 871 869 869 869 869 871 878 885 891 896 901
    906 915 925 930 933 935 946 959 964 970 981 987 989 1007 1013 1022
    1025 1038 1044 1050 1060 1067 1073 0 0 906 906 908 906 903 901 901
    898 896 896 894 891 891 889 887 887 885 882 880 878 878 878 875 873
    869 869 869 871 871 875 882 891 896 901 906 913 923 933 935 935 948
    959 967 970 981 984 989 1007 1016 1019 1028 1038 1044 1050 1057 1067
    1073 0 0 906 906 906 906 903 901 901 898 898 896 894 894 891 889 887
    885 885 885 882 880 878 878 875 873 871 871 871 871 873 875 882 894
    898 903 906 913 923 933 935 938 948 962 967 970 978 984 989 1007
    1013 1019 1025 1038 1044 1050 1057 1067 1073 0 0 903 906 906 906 903
    901 901 898 898 896 894 894 891 891 889 885 885 885 882 880 878 878
    875 873 873 871 871 871 873 875 885 894 901 903 908 913 923 933 938
    938 948 959 967 970 978 984 992 1007 1013 1019 1025 1038 1044 1054
    1057 1067 1073 0 0 903 908 906 906 903 903 901 901 898 896 896 894
    894 891 889 885 885 885 882 882 880 878 875 875 875 873 871 871 873
    875 885 891 898 903 906 913 923 933 935 938 946 951 967 970 978 987
    998 1004 1013 1019 1025 1038 1044 1050 1057 1067 1073 0 0 906 906
    908 908 906 903 903 901 898 896 896 894 894 891 889 885 885 885 882
    882 880 878 875 875 875 873 871 871 873 875 885 889 896 903 906 913
    923 933 935 938 943 948 967 970 981 987 998 1004 1013 1019 1025 1038
    1044 1050 1060 1067 1070 0 0 906 906 908 906 906 903 903 901 898 896
    896 894 894 891 889 887 885 885 882 882 880 878 875 875 875 873 873
    873 875 878 885 889 894 901 906 913 923 930 935 938 943 946 967 975
    981 989 992 1001 1013 1022 1028 1038 1044 1050 1060 1067 1070 0 0 0
