<?xml version="1.0"?>
<opencv_storage>
<Depth11601 type_id="opencv-matrix">
  <rows>116</rows>
  <cols>78</cols>
  <dt>w</dt>
  <data>
    864 860 854 849 849 849 847 0 0 0 0 0 0 0 0 0 0 0 0 0 0 0 0 0 0 0 0
    0 0 0 0 0 0 0 0 0 0 0 0 3774 3774 3774 4089 4139 0 0 0 0 0 819 819
    819 815 813 813 813 813 807 805 803 802 802 781 778 774 774 774 776
    4190 4190 4190 4190 4190 4190 4295 4295 4295 4295 862 858 854 849
    847 847 847 837 0 0 0 0 0 0 0 0 0 0 0 0 0 0 0 0 0 0 0 0 0 0 0 0 0 0
    0 0 0 0 0 0 3948 3948 4089 4139 0 0 0 0 0 815 813 813 809 809 809
    809 802 802 802 802 796 781 781 778 774 774 774 774 774 4190 4190
    4190 4190 0 4295 4295 4295 4295 835 841 851 849 847 847 839 837 831
    831 829 829 0 0 0 0 0 0 0 0 807 805 802 802 794 794 0 0 0 0 0 0 0 0
    0 0 0 0 0 0 4089 4089 4089 4139 0 0 0 0 813 813 813 813 805 800 798
    796 796 798 798 798 792 781 781 780 774 774 774 774 774 774 774 783
    785 785 0 0 4349 4295 835 839 851 849 847 841 839 837 831 829 827
    825 825 825 825 825 825 0 0 0 807 803 802 802 794 794 787 783 781
    780 780 0 0 0 0 0 0 0 0 0 4190 4190 4190 4190 0 0 0 0 813 813 807
    807 796 796 794 792 792 790 790 789 789 785 783 783 783 767 774 774
    774 774 780 783 785 785 0 0 0 4349 837 839 851 851 847 841 839 837
    829 827 825 823 823 821 821 825 825 813 813 813 800 800 800 800 798
    794 787 783 781 780 780 780 778 778 0 0 0 0 0 0 0 0 0 0 0 0 0 0 0 0
    807 807 796 792 790 787 787 787 787 785 785 787 783 783 783 767 767
    767 771 774 780 781 781 781 0 0 0 0 864 856 856 854 849 841 839 837
    829 827 825 823 821 815 809 807 803 803 796 792 789 789 789 800 798
    796 789 783 780 780 780 780 778 773 773 0 0 0 0 0 0 0 0 0 0 0 0 0 0
    0 717 716 716 783 781 781 781 781 746 746 747 789 789 759 759 766
    767 767 769 773 780 781 781 781 0 0 0 0 864 862 860 854 849 843 839
    837 833 827 825 821 819 813 809 807 803 802 796 792 787 785 781 780
    778 776 767 766 764 764 778 778 778 771 771 0 0 0 0 0 0 0 0 0 0 0 0
    0 0 0 717 716 716 778 778 778 780 742 742 746 747 752 754 755 759
    766 767 767 769 773 778 783 783 783 0 0 0 0 864 862 860 856 849 843
    839 837 835 829 825 821 819 813 809 807 803 802 796 792 787 785 781
    780 778 774 767 766 759 757 757 778 778 771 771 0 0 0 0 0 0 0 0 0 0
    0 0 0 0 0 722 778 778 778 778 778 741 741 742 746 747 752 754 755
    759 766 767 767 771 773 778 785 785 785 0 0 0 0 862 864 860 856 849
    845 841 839 835 831 827 823 819 813 809 807 805 802 796 792 787 785
    781 780 776 773 769 766 759 757 755 752 747 744 742 739 738 734 731
    731 0 0 0 0 0 0 0 0 0 0 0 725 727 736 736 736 739 741 742 746 749
    752 754 755 759 764 767 767 771 773 780 785 785 787 787 0 0 0 862
    864 862 858 851 847 845 843 839 833 827 823 819 815 809 807 805 803
    796 794 789 785 781 780 776 773 769 766 759 757 754 752 747 744 742
    739 738 734 731 731 730 719 719 713 711 711 711 716 717 720 722 725
    727 728 733 736 739 741 742 747 749 752 754 755 759 764 767 767 771
    774 780 785 787 787 787 0 0 0 864 864 862 858 854 849 847 845 841
    835 829 825 823 819 813 807 805 803 798 794 789 785 783 780 778 774
    771 766 759 757 754 752 749 746 744 739 738 734 733 731 727 719 717
    713 711 711 711 716 717 720 722 725 727 728 733 736 739 741 742 747
    750 752 754 755 759 766 769 769 773 776 780 785 787 787 787 0 0 0
    860 864 862 860 856 849 847 845 841 837 829 827 823 819 815 811 807
    807 805 794 792 787 785 781 778 774 771 767 761 759 757 752 750 747
    744 741 738 736 734 733 725 722 717 714 714 714 714 717 719 720 722
    725 727 730 733 736 739 741 742 747 750 752 754 757 761 766 769 769
    773 776 781 785 787 787 787 0 0 0 854 858 862 860 856 851 847 845
    841 837 833 827 823 819 817 813 809 807 803 794 792 790 787 783 781
    776 773 767 762 759 757 754 750 747 744 742 739 738 734 733 725 722
    719 716 716 716 716 717 719 720 723 725 728 731 734 736 739 742 742
    747 750 754 755 759 764 766 767 769 773 778 781 787 787 789 789 0 0
    0 854 858 862 860 856 851 847 845 841 837 833 829 823 819 817 815
    809 807 803 796 794 790 787 785 781 776 773 771 764 762 759 757 754
    749 746 744 739 738 734 733 725 722 719 716 716 716 716 717 719 720
    723 725 730 733 734 736 741 742 744 747 752 754 757 761 764 767 767
    771 774 780 781 787 787 789 789 789 0 0 860 860 862 860 858 854 849
    847 843 839 833 829 825 821 817 815 811 805 803 796 794 790 789 785
    781 776 773 771 766 762 759 757 754 750 747 744 742 738 736 733 727
    725 719 717 717 717 717 717 719 722 723 727 731 733 734 736 741 744
    746 747 752 754 757 761 766 767 767 771 774 780 781 785 787 790 789
    789 0 0 869 867 864 864 858 854 851 847 843 839 833 829 825 821 819
    815 811 805 802 798 794 792 789 785 781 776 774 773 766 764 761 757
    755 750 747 746 744 739 738 733 728 727 723 720 719 719 719 719 719
    722 725 730 731 734 736 739 741 744 747 749 752 754 757 761 766 769
    769 773 776 780 781 785 789 790 790 0 0 0 0 867 864 864 858 856 854
    849 843 839 833 831 825 823 821 817 811 807 802 798 796 792 790 787
    783 780 778 773 766 764 761 757 755 752 749 746 744 739 738 733 728
    727 725 722 720 719 719 719 719 723 727 730 731 734 736 739 741 744
    747 749 752 754 757 761 766 769 769 771 778 780 781 785 787 792 792
    0 0 0 0 873 867 864 860 858 856 849 845 841 835 831 827 823 821 819
    813 809 803 800 796 794 792 787 783 780 778 773 771 766 762 759 755
    752 749 746 744 741 738 733 730 727 725 723 722 719 719 719 720 723
    728 730 731 734 736 739 742 746 747 749 752 754 757 761 766 767 767
    771 778 780 781 787 787 790 792 0 0 0 0 0 867 867 860 858 856 849
    845 839 835 831 827 823 823 819 815 809 803 800 796 794 792 787 783
    781 778 774 773 766 764 761 757 752 750 747 746 742 739 733 730 727
    725 723 722 719 719 720 720 725 728 731 733 734 736 739 742 746 747
    750 752 755 759 764 766 767 767 771 780 780 783 787 790 790 794 0 0
    0 0 0 871 867 860 858 856 851 845 839 837 833 829 825 823 821 815
    809 805 802 798 796 792 789 785 781 778 774 773 766 764 761 757 754
    750 749 746 742 739 733 731 730 725 722 722 720 720 720 720 725 728
    731 733 734 736 739 742 746 747 750 754 755 759 764 767 767 769 773
    780 781 785 789 792 792 796 0 0 0 0 0 871 869 864 858 856 851 847
    839 837 833 829 825 823 821 817 811 805 802 798 796 794 790 787 783
    778 774 773 771 764 761 757 754 752 749 746 742 739 734 733 730 727
    722 722 720 720 720 720 725 728 730 734 736 738 741 742 746 749 752
    754 757 761 764 767 767 771 776 780 781 785 789 792 794 796 0 0 0 0
    875 873 869 864 858 856 854 849 841 839 835 831 825 823 821 817 811
    805 803 800 796 794 790 787 785 780 776 773 771 764 761 757 754 752
    750 746 742 739 734 733 731 728 723 722 720 720 720 722 725 728 730
    734 736 739 741 742 746 749 752 755 757 761 766 769 769 773 776 780
    781 785 789 792 794 798 0 0 0 0 875 873 871 864 858 856 854 849 841
    841 837 831 827 825 823 819 815 807 803 802 796 794 790 787 785 781
    776 773 771 766 761 757 755 752 750 747 744 739 736 733 731 728 725
    723 722 722 722 722 725 728 730 734 738 739 741 742 746 750 752 755
    759 764 766 767 769 773 776 780 781 785 789 792 794 0 0 0 0 0 0 873
    869 864 860 858 856 849 843 841 839 833 829 825 825 821 815 807 805
    802 796 794 790 787 785 781 778 773 771 766 762 759 755 752 750 747
    744 739 736 733 731 730 725 723 722 722 722 722 723 727 730 734 738
    741 741 744 747 750 754 755 759 766 767 767 771 773 778 780 781 787
    790 794 796 0 0 0 0 0 0 873 869 867 860 858 856 847 843 841 839 835
    831 827 825 821 815 811 807 803 798 794 790 787 785 781 778 773 771
    766 764 759 757 754 750 747 746 739 738 734 733 730 727 725 723 722
    722 722 723 727 731 734 738 739 742 744 747 750 754 755 759 766 767
    767 771 773 778 780 781 787 790 794 796 796 0 0 0 0 0 0 871 867 864
    860 858 847 845 841 839 835 831 827 825 821 817 813 807 803 800 794
