<?xml version="1.0"?>
<opencv_storage>
<Depth17834 type_id="opencv-matrix">
  <rows>66</rows>
  <cols>44</cols>
  <dt>w</dt>
  <data>
    3816 3816 3816 3859 1564 1564 1564 1564 1564 1557 1557 3903 3903
    3948 3948 3994 3994 3994 3994 4041 4041 4041 3994 3994 3994 3994
    3994 3994 3994 3994 4041 4089 4089 4139 4089 4089 4089 4089 4089
    4089 4089 4139 4139 4190 3816 3816 3816 3859 1557 1557 1557 1557
    1557 1557 1557 1564 1564 1564 1572 1572 1572 3994 3994 4041 4041
    4041 4041 4041 4041 3994 3994 3994 1572 1564 1564 1564 1564 1572
    1572 1572 4089 4089 4139 4139 1564 4190 4190 4139 3816 3816 1557
    1557 1550 1550 1543 1543 1550 1550 1550 1557 1557 1557 1564 1564
    1564 1557 1550 1550 1550 1550 1564 1564 1557 1557 1557 1557 1564
    1557 1557 1557 1564 1564 1564 1564 1572 1572 1572 1564 1564 1564
    1579 4139 3859 3948 1557 1557 1550 1550 1543 1543 1543 1543 1550
    1550 1550 1550 1557 1557 1557 1557 1550 1550 1550 1550 1557 1557
    1557 1557 1557 1557 1557 1550 1550 1557 1564 1564 1564 1557 1557
    1564 1564 1564 1564 1564 1564 1564 3948 3948 1557 1557 1550 1543
    1543 1543 1543 1543 1550 1550 1550 1550 1557 1557 1557 1557 1550
    1550 1550 1550 1557 1557 1557 1557 1557 1557 1557 1550 1550 1557
    1557 1557 1557 1557 1557 1564 1564 1564 1564 1564 1557 1557 3948
    3948 1557 1557 1550 1543 1543 1543 1543 1543 1550 1550 1550 1550
    1557 1550 1550 1550 1550 1550 1550 1550 1557 1550 1550 1557 1557
    1557 1557 1557 1557 1557 1557 1557 1557 1557 1557 1557 1557 1564
    1564 1564 1557 1557 3948 3948 1557 1557 1557 1550 1543 1543 1543
    1543 1550 1550 1550 1550 1550 1550 1550 1550 1550 1550 1550 1550
    1557 1550 1550 1550 1550 1557 1557 1557 1557 1557 1557 1557 1557
    1557 1557 1557 1557 1564 1564 1564 1557 1557 3859 1557 1557 1557
    1557 1550 1550 1550 1550 1550 1550 1550 1550 1550 1550 1550 1550
    1550 1550 1550 1557 1557 1557 1550 1550 1550 1550 1550 1557 1557
    1557 1557 1557 1557 1557 1557 1557 1550 1550 1564 1564 1564 1557
    1557 3774 1557 1557 1550 1550 1550 1550 1550 1550 1550 1550 1550
    1557 1557 1557 1557 1557 1557 1557 1557 1557 1557 1557 1550 1550
    1550 1550 1550 1557 1557 1557 1557 1557 1557 1557 1564 1557 1550
    1550 1564 1564 1564 1564 1564 3774 1557 1557 1550 1550 1550 1550
    1550 1550 1550 1550 1550 1557 1557 1564 1557 1557 1557 1557 1564
    1564 1557 1557 1557 1557 1557 1557 1557 1557 1557 1564 1557 1557
    1557 1557 1564 1564 1564 1564 1564 1564 1564 1564 1564 3816 1550
    1550 1550 1550 1550 1550 1557 1557 1550 1550 1550 1564 1564 1564
    1564 1564 1564 1564 1564 1564 1557 1557 1557 1557 1557 1557 1557
    1557 1557 1564 1564 1564 1564 1557 1557 1564 1564 1564 1564 1564
    1564 1564 1564 3816 1550 1550 1550 1550 1550 1550 1557 1557 1557
    1550 1550 1564 1564 1564 1564 1564 1564 1564 1564 1564 1557 1557
    1557 1557 1557 1557 1557 1557 1557 1564 1564 1564 1564 1557 1557
    1564 1564 1564 1564 1564 1564 1564 1572 3859 1550 1550 1550 1550
    1550 1557 1557 1557 1557 1550 1550 1564 1557 1557 1564 1564 1564
    1564 1564 1564 1557 1557 1557 1564 1564 1564 1564 1564 1564 1564
    1564 1564 1564 1564 1564 1564 1564 1564 1564 1564 1564 1564 1572
    3903 1557 1550 1550 1550 1557 1557 1557 1550 1550 1557 1557 1564
    1557 1557 1564 1564 1564 1564 1564 1564 1557 1557 1557 1564 1564
    1557 1557 1564 1564 1564 1564 1564 1564 1564 1564 1564 1564 1564
    1564 1564 1564 1564 1557 3859 1557 1550 1550 1550 1550 1557 1557
    1550 1550 1550 1557 1564 1564 1564 1564 1564 1564 1564 1564 1564
    1557 1557 1557 1564 1557 1557 1557 1564 1564 1572 1572 1572 1572
    1572 1564 1564 1564 1564 1564 1572 1572 1564 1557 3859 1564 1550
    1550 1550 1550 1550 1557 1550 1550 1550 1557 1564 1564 1564 1564
    1564 1564 1564 1564 1564 1564 1564 1564 1564 1557 1557 1557 1564
    1572 1572 1572 1572 1572 1564 1564 1564 1564 1564 1564 1572 1572
    1572 1572 3816 1550 1550 1550 1550 1550 1550 1557 1550 1550 1550
    1557 1564 1564 1564 1564 1564 1564 1564 1564 1564 1564 1564 1564
    1564 1557 1557 1557 1564 1572 1572 1572 1572 1572 1564 1564 1564
    1564 1564 1564 1572 1572 1572 1572 3816 3816 1543 1543 1550 1550
    1557 1557 1557 1557 1557 1557 1564 1564 1557 1557 1557 1557 1564
    1564 1564 1564 1564 1564 1564 1557 1557 1564 1564 1572 1572 1572
    1572 1572 1564 1564 1564 1564 1572 1572 1572 1572 1572 1572 3816
    1543 1543 1543 1550 1550 1557 1557 1557 1557 1557 1557 1564 1564
    1557 1557 1557 1557 1564 1564 1564 1564 1564 1564 1564 1557 1557
    1564 1564 1572 1572 1572 1572 1572 1564 1564 1564 1564 1572 1572
    1572 1572 1572 1572 3816 1536 1536 1543 1550 1550 1557 1557 1557
    1557 1557 1557 1564 1557 1557 1557 1557 1557 1564 1564 1564 1564
    1564 1564 1564 1557 1557 1557 1557 1564 1564 1564 1564 1572 1564
    1564 1564 1572 1572 1572 1572 1572 1572 1572 3859 1536 1536 1550
    1557 1557 1564 1557 1557 1557 1557 1557 1564 1557 1557 1557 1564
    1564 1564 1564 1564 1564 1564 1564 1564 1557 1557 1557 1557 1564
    1564 1564 1564 1572 1572 1572 1572 1572 1572 1572 1572 1572 1572
    1572 1536 1536 1536 1550 1557 1557 1557 1557 1557 1557 1557 1557
    1564 1564 1564 1564 1557 1557 1564 1564 1564 1564 1564 1564 1564
    1557 1557 1564 1564 1564 1564 1564 1564 1564 1572 1572 1572 1572
    1572 1572 1572 1572 1572 1572 1543 1543 1543 1550 1550 1550 1557
    1557 1557 1557 1557 1557 1564 1564 1564 1564 1557 1557 1564 1564
    1564 1564 1564 1564 1564 1564 1564 1564 1564 1564 1564 1564 1564
    1564 1572 1572 1572 1572 1564 1564 1572 1572 1572 1572 3859 1550
    1550 1550 1550 1550 1557 1557 1557 1557 1557 1557 1564 1564 1564
    1564 1564 1564 1564 1564 1564 1564 1564 1564 1564 1564 1564 1564
    1564 1564 1564 1564 1564 1572 1572 1572 1572 1572 1564 1564 1572
    1572 1572 1572 0 1557 1557 1557 1557 1557 1557 1557 1557 1557 1557
    1557 1572 1564 1564 1564 1564 1564 1564 1564 1564 1564 1564 1572
    1564 1564 1564 1564 1572 1572 1572 1572 1572 1572 1572 1572 1572
    1572 1572 1572 1572 1572 1572 1579 0 1557 1557 1557 1557 1557 1557
    1557 1557 1557 1557 1557 1564 1564 1564 1564 1564 1564 1564 1564
    1564 1564 1564 1572 1564 1564 1564 1564 1564 1572 1572 1572 1572
    1572 1572 1572 1572 1572 1572 1572 1572 1572 1572 1579 0 1564 1564
    1564 1557 1557 1557 1557 1557 1557 1557 1557 1564 1564 1564 1564
    1564 1564 1564 1564 1564 1564 1572 1572 1572 1564 1564 1564 1564
    1572 1572 1572 1572 1572 1572 1572 1572 1572 1572 1572 1572 1572
    1572 1572 1579 1564 1564 1564 1557 1557 1557 1557 1557 1557 1557
    1557 1564 1564 1564 1564 1564 1564 1564 1564 1564 1564 1572 1572
    1564 1564 1564 1564 1564 1572 1572 1572 1572 1572 1572 1572 1572
    1572 1572 1572 1572 1572 1572 1572 1579 1579 1564 1564 1557 1557
    1557 1557 1557 1557 1557 1557 1564 1564 1564 1564 1564 1564 1572
    1572 1572 1572 1564 1564 1564 1564 1564 1564 1572 1572 1572 1572
    1572 1572 1572 1572 1572 1572 1572 1572 1572 1572 1572 1572 1564
    1564 1564 1557 1557 1557 1557 1557 1550 1550 1557 1557 1564 1564
    1564 1564 1564 1564 1572 1572 1572 1572 1564 1564 1564 1564 1564
    1572 1572 1572 1572 1572 1572 1572 1572 1572 1572 1572 1572 1572
    1572 1572 1572 1572 1564 1564 1564 1557 1550 1550 1557 1557 1550
    1550 1557 1557 1564 1572 1572 1564 1564 1564 1572 1572 1572 1564
    1564 1564 1564 1564 1564 1572 1572 1572 1572 1572 1572 1572 1572
    1572 1572 1572 1572 1572 1572 1572 1572 1572 1579 1579 1564 1557
    1550 1550 1557 1557 1557 1557 1557 1557 1572 1572 1572 1572 1572
    1572 1572 1572 1572 1564 1564 1564 1564 1564 1564 1572 1572 1572
    1572 1572 1572 1572 1572 1572 1572 1572 1572 1572 1572 1572 1572
    1572 1564 1564 1564 1557 1550 1550 1557 1557 1557 1557 1557 1557
    1572 1572 1572 1572 1572 1572 1572 1572 1572 1572 1572 1572 1564
    1564 1564 1564 1572 1572 1572 1572 1572 1572 1572 1572 1572 1572
    1572 1572 1572 1572 1572 1572 3774 1550 1550 1557 1557 1557 1557
    1557 1557 1557 1557 1557 1564 1572 1572 1572 1572 1572 1572 1572
