<?xml version="1.0"?>
<opencv_storage>
<Depth10170 type_id="opencv-matrix">
  <rows>130</rows>
  <cols>73</cols>
  <dt>w</dt>
  <data>
    0 0 0 0 0 0 0 0 0 0 0 0 0 0 0 0 0 0 0 0 0 0 0 0 0 0 0 0 0 0 0 0 0 0
    1013 1013 1010 1010 1010 1007 998 998 1001 1007 1010 1010 1010 1010
    1013 1013 1019 1022 1025 1025 1028 1034 0 0 0 0 0 0 0 0 0 0 0 0 0 0
    0 0 0 0 0 0 0 0 0 0 0 0 0 0 0 0 0 0 0 0 0 0 0 0 0 0 0 0 0 0 0 0 0 0
    0 0 0 1013 1010 1004 989 987 978 978 975 973 973 970 970 973 973
    1016 1022 1022 1022 1022 1025 1028 0 0 0 0 0 0 0 0 0 0 0 0 0 0 0 0 0
    0 0 0 0 0 0 0 0 0 0 0 0 0 0 0 0 0 0 0 0 0 0 0 0 0 0 0 0 0 0 0 1007
    1007 1007 1004 1001 1001 989 987 981 978 978 973 973 973 970 970 973
    973 978 978 1022 1022 1022 1025 0 0 0 0 0 0 0 0 0 0 0 0 0 0 0 0 0 0
    0 0 0 0 0 0 0 0 0 0 0 0 0 0 0 0 0 0 0 0 0 0 0 0 0 0 0 0 0 0 1007
    1007 1007 1004 1001 995 992 989 987 981 978 975 973 973 973 973 973
    975 978 978 978 987 998 1001 1025 0 0 0 0 0 0 0 0 0 0 0 0 0 0 0 0 0
    0 0 0 0 0 0 0 0 0 0 0 0 0 0 0 0 0 0 0 0 0 0 0 0 0 0 1028 1028 1022
    1019 1013 1007 1007 1004 1004 998 995 989 987 984 981 978 975 973
    973 970 970 973 978 981 981 984 987 998 998 1001 1004 1010 0 0 0 0 0
    0 0 0 0 0 0 0 0 0 0 0 0 0 0 0 0 0 0 0 0 0 0 0 0 0 0 0 0 0 0 0 0 0 0
    0 0 1028 1028 1022 1019 1013 1010 1007 1004 1004 998 995 989 987 984
    981 978 975 973 970 970 970 973 978 984 984 989 992 998 998 1001
    1004 1007 1007 0 0 0 0 0 0 0 0 0 0 0 0 0 0 0 0 0 0 0 0 0 0 0 0 0 0 0
    0 0 0 0 0 0 0 0 0 0 0 1034 1034 1031 1025 1022 1019 1016 1010 1007
    1004 1004 998 998 992 987 987 981 978 975 973 970 970 970 973 975
    984 987 992 995 998 1001 1001 1004 1007 1007 1013 0 0 0 0 0 0 0 0 0
    0 0 0 0 0 0 0 0 0 0 0 0 0 0 0 0 0 0 0 0 0 0 0 0 0 0 0 1041 1034 1034
    1028 1022 1022 1019 1016 1010 1007 1004 1001 998 992 992 987 987 981
    975 975 973 973 973 973 973 975 984 989 992 998 998 1001 1004 1004
    1010 1013 1013 1028 1028 1034 1034 0 0 0 0 0 0 0 0 0 0 0 0 0 0 0 0 0
    0 0 0 0 0 0 0 0 0 0 0 0 0 1047 1044 1041 1034 1034 1028 1022 1019
    1019 1016 1010 1007 1004 998 998 989 989 987 984 981 975 975 973 973
    973 973 975 978 984 987 992 998 998 1001 1004 1007 1010 1016 1019
    1028 1028 1031 1031 1034 0 0 0 0 0 0 0 0 0 0 0 0 0 0 0 0 0 0 0 0 0 0
    0 0 0 0 0 0 0 1047 1044 1041 1038 1034 1028 1022 1019 1019 1013 1010
    1007 1001 998 995 989 989 987 984 981 975 975 975 975 975 975 978
    981 984 987 992 998 998 1001 1004 1013 1019 1022 1022 1028 1031 1031
    1031 1034 1047 0 0 0 0 0 0 0 0 0 0 0 0 0 0 0 0 0 0 0 0 0 0 0 0 0 0 0
    0 1047 1044 1041 1038 1034 1028 1022 1019 1016 1010 1010 1007 1001
    998 995 989 989 987 984 981 978 975 975 975 975 978 981 984 987 989
    992 998 998 1001 1004 1013 1019 1022 1025 1028 1034 1034 1034 1038
    1047 1050 0 0 0 0 0 0 0 0 0 0 0 0 0 0 0 0 0 0 0 0 0 0 0 0 0 0 0 1047
    1044 1041 1038 1034 1028 1022 1019 1016 1010 1010 1004 1001 998 995
    989 989 987 987 984 978 978 978 978 978 981 984 987 987 989 992 998
    998 1001 1007 1013 1019 1022 1025 1034 1034 1034 1038 1044 1047 1050
    1054 0 0 0 0 0 0 0 0 0 0 0 0 0 0 0 0 0 0 0 0 0 0 0 0 0 0 1047 1044
    1041 1034 1031 1028 1022 1019 1016 1010 1010 1004 1001 998 995 992
    992 989 989 987 987 984 981 981 984 984 987 989 989 992 992 998 998
    1004 1010 1013 1016 1022 1028 1034 1034 1038 1041 1047 1050 1050
    1054 0 0 0 0 0 0 0 0 0 0 0 0 0 0 0 0 0 0 0 0 0 0 0 0 0 0 1044 1044
    1038 1034 1031 1025 1022 1019 1016 1010 1010 1007 1004 1001 998 995
    995 995 998 995 995 992 989 989 989 989 992 995 995 995 995 998 1001
    1007 1010 1013 1016 1022 1028 1034 1034 1038 1044 1047 1050 1050
    1054 1060 0 0 0 0 0 0 0 0 0 0 0 0 0 0 0 0 0 0 0 0 0 0 0 0 1044 1044
    1044 1038 1034 1031 1025 1022 1022 1019 1013 1013 1010 1010 1010
    1004 1001 1001 1004 1007 1001 1001 998 998 998 998 1001 1001 1001
    1001 1001 1001 1004 1007 1010 1013 1013 1019 1022 1028 1034 1034
    1041 1044 1050 1050 1054 1054 1060 0 0 0 0 0 1288 0 0 0 0 0 0 0 0 0
    0 0 0 0 0 0 0 0 0 1044 1044 1044 1038 1034 1031 1028 1025 1025 1022
    1019 1019 1019 1016 1016 1013 1010 1010 1013 1013 1010 1007 1004
    1004 1004 1007 1007 1007 1007 1007 1007 1010 1010 1010 1013 1013
    1016 1019 1022 1028 1034 1034 1041 1047 1050 1054 1054 1054 1060 0 0
    0 0 1288 1288 0 0 0 0 0 0 0 0 0 0 0 0 0 0 0 0 0 0 1044 1044 1041
    1038 1034 1031 1031 1031 1028 1028 1028 1028 1025 1025 1022 1019
    1019 1016 1016 1019 1019 1016 1016 1013 1010 1010 1010 1010 1013
    1013 1013 1013 1013 1013 1016 1016 1019 1022 1022 1028 1031 1038
    1041 1047 1050 1054 1057 1057 1060 0 0 0 0 1288 1288 0 0 0 0 0 0 0 0
    0 0 0 0 0 0 0 0 0 0 0 1044 1041 1038 1034 1034 1034 1034 1034 1034
    1034 1034 1034 1031 1028 1028 1028 1025 1025 1025 1025 1019 1019
    1013 1013 1013 1016 1022 1031 1028 1025 1025 1022 1022 1022 1022
    1025 1025 1028 1031 1031 1038 1041 1047 1050 1057 1057 1057 1057 0 0
    0 0 1288 1288 0 0 0 0 0 0 0 0 0 0 0 0 0 0 0 0 0 0 0 0 0 0 1038 1038
    1041 1044 1044 1041 1041 1041 1041 1041 1038 1038 1038 1041 1044
    1044 1025 1019 1016 1016 1013 1013 1044 1041 1038 1034 1034 1034
    1034 1034 1031 1031 1031 1031 1031 1031 1034 1038 1041 1047 1050
    1054 1054 1054 1054 0 0 0 0 0 1302 0 0 0 0 0 0 0 0 0 0 0 0 0 0 0 0 0
    0 0 0 0 0 0 0 1054 1054 1054 1050 1050 1047 1041 1041 1041 1041 1044
    1047 1050 1050 1050 1016 1013 1013 1013 1013 1050 1050 1047 1044
    1044 1044 1044 1041 1038 1038 1038 1038 1041 1041 1041 1041 1044
    1047 1050 1054 1054 1054 1054 0 0 0 0 1322 1307 0 0 0 0 0 0 0 0 0 0
    0 0 0 0 0 0 0 0 0 0 0 0 0 0 0 1057 1057 1060 1060 1050 1044 1044
    1044 1044 1047 1054 1057 1060 1080 1016 1013 1010 1010 1013 1057
    1057 1057 1054 1050 1047 1047 1044 1044 1044 1044 1047 1047 1047
    1044 1044 1044 1050 1054 1054 1054 1054 0 0 0 0 1328 1322 1307 0 0 0
    0 0 0 0 0 0 0 0 0 0 0 0 0 0 0 0 0 0 0 0 0 0 1063 1063 1063 1050 1047
    1044 1044 1044 1044 1054 1060 1070 1073 1080 1013 1010 1010 1010
    1063 1063 1063 1063 1063 1060 1057 1054 1050 1050 1050 1054 1054
    1060 1057 1054 1050 1050 1054 1057 1057 1057 0 0 0 0 0 1328 1322
    1317 0 0 0 0 0 0 0 0 0 0 0 0 0 0 0 0 0 0 0 0 0 0 0 0 0 0 0 1063 1047
    1047 1044 1041 1041 1044 1084 1084 1084 1087 1090 1013 1010 1007
    1007 1007 1073 1073 1073 1073 1073 1070 1057 1054 1054 1057 1057
    1063 1067 1070 1070 1063 1060 1060 1060 1060 1060 0 0 0 0 1338 1328
    1328 1322 0 0 0 0 0 0 0 0 0 0 0 0 0 0 0 0 0 0 0 0 0 0 0 0 0 0 0 0
    1047 1044 1041 1038 1038 1094 1090 1090 1090 1094 1013 1010 1010
    1007 1007 1007 1097 1090 1087 1084 1084 1084 1084 1060 1057 1057
    1057 1070 1073 1073 1073 1073 0 0 0 0 0 0 0 0 0 1338 1333 1328 1322
    0 0 0 0 0 0 0 0 0 0 0 0 0 0 0 0 0 0 0 0 0 0 0 0 0 0 0 0 1047 1044
    1041 1038 1031 1031 1101 1101 1101 1105 1010 1010 1007 1007 1004
    1004 1007 1094 1094 1094 1094 1094 1097 1054 1050 1050 1050 1054
    1063 1073 1073 1073 0 0 0 0 0 0 0 0 1343 1338 1333 1328 1317 0 0 0 0
    0 0 0 0 0 0 0 0 0 0 0 0 0 0 0 0 0 0 0 0 0 0 0 1044 1044 1044 1041
    1038 1031 1031 1031 1031 1010 1010 1010 1010 1007 1004 1004 1004
    1007 1097 1097 1097 1097 1097 1105 1054 1050 1050 1050 1054 1057
    1073 1073 1073 0 0 0 0 0 0 0 0 1343 1343 1338 1292 1288 0 0 0 0 0 0
    0 0 0 0 0 0 0 0 0 0 0 0 0 0 0 0 0 0 0 0 0 1044 1044 1044 1041 1041
    1034 1034 1034 0 0 1007 1007 1007 1004 1004 1004 1004 1004 954 1101
    1101 940 940 943 943 943 938 938 935 935 938 938 940 940 0 0 0 0 0 0
    1354 1349 1343 1343 1288 1288 0 0 0 0 0 0 0 0 0 0 0 0 0 0 0 0 0 0 0
    0 0 0 0 0 0 0 0 1041 1041 1044 1041 1041 1034 1034 1034 0 1001 1004
    1004 1004 1004 1001 1001 1004 1004 954 954 946 940 940 943 940 940
    938 938 935 935 938 940 940 0 0 0 0 0 0 0 1354 1349 1349 1343 1288
    1288 0 0 0 0 0 0 0 0 0 0 0 0 0 0 0 0 0 0 0 0 0 0 0 0 0 0 0 1041 1041
    1041 1038 1038 1031 1031 1031 992 1001 1001 998 998 1001 998 998 962
    962 954 951 946 946 943 943 940 938 938 938 938 938 938 940 940 948
