<?xml version="1.0"?>
<opencv_storage>
<Depth13998 type_id="opencv-matrix">
  <rows>56</rows>
  <cols>43</cols>
  <dt>w</dt>
  <data>
    4582 4582 4582 4582 4522 4522 4522 4463 4463 4522 4522 4522 4582
    4645 4645 4645 4645 4645 1739 1804 1804 1804 1804 1813 1843 1863
    1863 1863 4983 4842 4774 4774 4774 4774 4774 4774 4774 4774 4774
    4774 4774 4774 4774 4582 4582 4582 4582 4522 4522 4522 4463 4463
    1696 1696 1696 1705 1705 1705 1722 1748 1739 1739 1785 1785 1794
    1804 1804 1823 1853 1853 1863 1863 4842 4774 4774 4708 4708 4774
    4774 4774 4774 4774 4774 4774 4774 4774 4582 4582 4582 4582 4522
    4522 4522 1705 1705 1696 1696 1696 1705 1705 1705 1722 1731 1739
    1739 1757 1757 1776 1794 1804 1823 1843 1853 1863 1863 4842 4774
    4774 4708 4708 4774 4774 4774 4774 4774 4774 4774 4774 4774 4582
    4645 4645 4582 1748 1731 1722 1705 1705 1705 1705 1696 1696 1696
    1696 1705 1722 1731 1731 1748 1757 1776 1785 1794 1833 1843 1853
    1863 1863 4708 4708 4708 4708 4774 4774 4774 4774 4774 4774 4774
    4774 4774 4774 4463 1739 1739 1739 1739 1731 1722 1713 1705 1705
    1705 1696 1696 1696 1696 1705 1722 1731 1731 1748 1757 1766 1776
    1794 1833 1843 1843 1863 1873 1873 4708 4708 4708 4774 4774 4708
    4708 4774 4774 4774 4774 4774 4774 1739 1739 1739 1739 1739 1731
    1722 1713 1705 1705 1705 1705 1705 1696 1696 1705 1713 1731 1731
    1748 1757 1757 1776 1813 1823 1833 1833 1853 1863 1863 4708 4708
    4708 4774 4774 4708 4708 4708 4774 4774 4774 4774 4774 1739 1739
    1739 1731 1731 1731 1722 1722 1705 1705 1705 1705 1705 1696 1696
    1705 1713 1731 1731 1748 1757 1757 1776 1804 1813 1823 1833 1853
    1863 1863 4708 4708 4708 4708 4708 4708 4708 4708 4774 4774 4774
    4708 4708 1748 1739 1739 1731 1731 1731 1731 1722 1713 1705 1705
    1705 1705 1696 1696 1705 1713 1722 1731 1739 1757 1757 1776 1804
    1813 1813 1833 1853 1863 1873 1873 4774 4708 4708 4708 4708 4708
    4708 4774 4774 4774 4708 4708 1748 1748 1739 1731 1731 1731 1731
    1722 1713 1705 1705 1705 1705 1696 1696 1705 1705 1722 1731 1739
    1757 1757 1766 1794 1804 1813 1823 1853 1853 1863 1863 4708 4708
    4708 4708 4708 4708 4774 4774 4774 4774 4708 4708 1748 1748 1739
    1731 1731 1731 1731 1722 1713 1705 1705 1705 1705 1696 1696 1705
    1705 1713 1731 1739 1748 1757 1766 1785 1794 1813 1823 1853 1853
    1863 1863 1863 4774 4708 4708 4774 4774 4774 4774 4774 4774 4708
    4708 1766 1748 1739 1739 1731 1731 1731 1722 1722 1713 1705 1705
    1705 1696 1696 1696 1705 1705 1731 1739 1748 1757 1766 1776 1794
    1804 1823 1843 1853 1863 1863 1873 4774 4774 4774 4774 4774 4774
    4774 4774 4774 4774 4774 1766 1748 1739 1739 1731 1731 1731 1731
    1722 1722 1713 1705 1705 1705 1696 1696 1705 1705 1722 1731 1748
    1757 1766 1776 1785 1804 1813 1833 1853 1863 1863 1873 1873 4774
    4774 4774 4774 4774 4774 4774 4774 4774 4774 1766 1748 1739 1739
    1739 1731 1731 1731 1731 1722 1713 1705 1705 1705 1696 1696 1705
    1705 1722 1731 1739 1757 1766 1776 1776 1794 1813 1833 1853 1863
    1873 1873 1873 4774 4774 4774 4774 4774 4774 4774 4774 4774 4774
    1776 1748 1748 1739 1739 1731 1731 1731 1731 1722 1713 1713 1705
    1705 1705 1705 1705 1705 1705 1731 1739 1748 1757 1766 1776 1794
    1813 1833 1853 1863 1863 1873 1873 4774 4774 4774 4774 4774 4774
    4774 4774 4774 4774 1748 1748 1748 1739 1739 1731 1731 1731 1731
    1731 1722 1713 1705 1705 1705 1705 1705 1705 1705 1722 1731 1739
    1748 1766 1776 1785 1804 1823 1843 1863 1863 1873 1883 4774 4774
    4774 4774 4774 4774 4774 4774 4774 4774 1748 1748 1748 1748 1739
    1731 1731 1731 1731 1731 1722 1713 1705 1705 1705 1705 1705 1705
    1705 1722 1731 1739 1748 1757 1776 1785 1804 1823 1843 1863 1863
    1863 1863 1863 4842 4774 4774 4774 4774 4774 4774 4774 4774 1748
    1748 1748 1748 1739 1739 1739 1731 1731 1731 1722 1713 1705 1705
    1705 1705 1696 1696 1705 1713 1722 1739 1739 1748 1766 1776 1804
    1823 1833 1853 1863 1863 1863 1883 4842 4774 4774 4774 4774 4774
    4774 4774 4774 4582 1757 1757 1757 1748 1739 1739 1731 1731 1722
    1722 1713 1705 1705 1705 1696 1696 1696 1705 1705 1722 1731 1739
    1748 1757 1776 1794 1813 1823 1833 1853 1863 1873 1883 1883 4842
    4774 4774 4774 4774 4774 4774 4774 4582 1766 1766 1757 1757 1739
    1731 1731 1731 1722 1722 1722 1713 1713 1705 1696 1696 1696 1705
    1705 1713 1731 1739 1748 1757 1776 1785 1804 1813 1833 1853 1863
    1873 1873 1873 4774 4774 4774 4774 4774 4774 4774 4774 4522 4582
    1748 1748 1748 1739 1731 1731 1731 1731 1731 1722 1722 1713 1705
    1696 1696 1696 1696 1696 1705 1722 1731 1748 1757 1776 1785 1804
    1813 1823 1843 1863 1863 1863 1873 4774 4774 4774 4774 4774 4774
    4774 4774 4582 4582 1748 1748 1748 1748 1739 1739 1731 1731 1731
    1731 1722 1713 1705 1705 1696 1696 1696 1696 1705 1713 1722 1731
    1748 1766 1776 1794 1804 1823 1843 1863 1863 1863 1873 1873 4774
    4774 4774 4774 4774 4774 4774 4522 4522 4522 1748 1748 1748 1748
    1748 1739 1731 1731 1731 1731 1722 1705 1705 1705 1696 1696 1705
    1705 1713 1722 1731 1739 1757 1766 1785 1804 1813 1833 1853 1853
    1863 1863 1863 4774 4774 4774 4774 4774 4774 4774 4522 4522 4522
    1748 1748 1748 1748 1748 1739 1739 1731 1731 1731 1722 1705 1705
    1705 1696 1696 1705 1705 1713 1722 1722 1731 1739 1757 1785 1804
    1813 1823 1843 1853 1863 1863 1873 4774 4708 4708 4708 4708 4774
    4774 4582 4582 4582 1757 1757 1757 1757 1757 1739 1739 1731 1731
    1731 1713 1705 1705 1705 1705 1705 1705 1705 1713 1713 1722 1731
    1739 1748 1776 1804 1804 1813 1833 1853 1863 1863 1873 1873 4708
    4708 4708 4708 4774 4774 4522 4522 4522 1766 1757 1748 1748 1748
    1739 1739 1731 1731 1731 1713 1713 1705 1705 1705 1696 1696 1705
    1705 1713 1722 1731 1739 1739 1776 1794 1804 1813 1823 1843 1863
    1863 1873 1873 4774 4708 4708 4708 4774 4774 4522 4522 4522 1757
    1757 1748 1748 1748 1739 1739 1731 1731 1731 1722 1713 1713 1705
    1705 1696 1696 1705 1705 1713 1722 1731 1739 1739 1776 1794 1804
    1813 1823 1843 1853 1863 1863 1894 4774 4708 4708 4774 4774 4774
    4522 4522 4522 4645 1748 1748 1748 1757 1748 1748 1739 1739 1731
    1722 1713 1713 1713 1705 1705 1705 1705 1705 1713 1722 1731 1731
    1748 1766 1785 1794 1813 1823 1833 1853 1863 1863 1883 1883 4708
    4708 4774 4774 4774 4522 4522 4645 4645 4582 1757 1757 1757 1748
    1748 1739 1739 1731 1731 1722 1713 1713 1713 1705 1705 1705 1705
    1705 1713 1722 1731 1748 1766 1785 1794 1804 1813 1833 1853 1853
    1863 1863 1863 4774 4774 4774 4774 4774 4582 4582 4582 4582 4582
    1757 1757 1757 1748 1748 1739 1739 1739 1731 1722 1713 1713 1713
    1705 1705 1696 1696 1705 1713 1722 1731 1739 1757 1776 1785 1804
    1813 1833 1843 1853 1863 1863 1883 4774 4774 4774 4774 4774 4582
    4582 4522 4522 4522 4522 1748 1748 1748 1748 1739 1739 1739 1731
    1722 1722 1713 1713 1713 1705 1696 1696 1696 1705 1713 1731 1739
    1748 1766 1785 1804 1813 1823 1843 1853 1863 1863 1873 1873 4774
    4774 4774 4774 4522 4582 4522 4522 4522 4522 1748 1748 1748 1748
    1739 1739 1731 1731 1722 1722 1713 1713 1713 1705 1696 1696 1696
    1705 1713 1722 1731 1748 1766 1776 1794 1813 1813 1843 1853 1863
    1863 1873 1873 4774 4774 4774 4774 4522 4522 4522 4522 4582 4708
    4708 1748 1748 1748 1748 1748 1731 1731 1722 1722 1713 1713 1705
    1705 1696 1696 1696 1705 1705 1722 1731 1748 1748 1766 1785 1804
    1813 1823 1853 1863 1863 1873 1883 4774 4774 4774 4774 4522 4522
    4522 4522 4582 4708 4708 1748 1748 1757 1748 1748 1731 1731 1731
    1722 1722 1713 1705 1705 1696 1696 1696 1705 1705 1713 1722 1739
    1748 1766 1785 1794 1804 1823 1843 1853 1863 1863 1873 1883 4774
    4774 4774 4582 4582 4582 4522 4522 4522 4645 1748 1748 1748 1739
    1739 1739 1731 1731 1731 1722 1713 1705 1705 1705 1696 1696 1705
    1705 1705 1722 1739 1748 1757 1776 1785 1804 1813 1843 1853 1863
    1863 1863 1863 1863 4774 4774 4582 4582 4582 4522 4522 4463 4463
    4463 1739 1739 1739 1739 1739 1731 1731 1731 1722 1722 1713 1705
