<?xml version="1.0"?>
<opencv_storage>
<Depth14309 type_id="opencv-matrix">
  <rows>35</rows>
  <cols>44</cols>
  <dt>w</dt>
  <data>
    4911 4842 4842 4774 4774 4842 4842 2349 2349 2349 2349 2349 2333
    2333 4842 4842 4911 4911 4911 4911 4911 4842 4842 4842 4842 4842
    4842 4911 4911 4911 4911 4911 4911 4911 4911 4911 4911 4911 4911
    4911 4983 4983 4983 4983 4842 4842 4842 4774 4774 4774 2349 2349
    2349 2349 2349 2349 2333 2333 2333 2333 4911 4911 4911 4911 4911
    4842 4842 4842 4842 4842 4842 4911 4911 4911 4911 4911 4911 4911
    4911 4911 4911 4911 4911 4911 4983 4983 4983 4911 4842 4842 4842
    4774 4774 2349 2349 2333 2333 2333 2333 2333 2333 2333 2333 2333
    2333 2349 4911 4911 4911 4842 4842 4842 4842 4842 4842 4842 4911
    4911 4911 4911 4911 4911 4911 4911 4911 4911 4911 4911 4983 4983
    4983 4911 4842 4842 4842 4842 2349 2333 2333 2333 2333 2333 2333
    2333 2333 2333 2333 2333 2333 2333 2333 4911 4842 4842 4842 4842
    4842 4842 4842 4842 4842 4842 4842 4842 4842 4842 4842 4842 4842
    4842 4842 4911 4911 4911 4911 4911 4842 4842 4842 4842 2333 2317
    2317 2317 2317 2317 2317 2317 2317 2317 2317 2317 2333 2333 2333
    2333 2333 2349 4911 4842 4842 4842 4842 4842 4842 4842 4842 4842
    4842 4842 4842 4842 4842 4842 4842 4842 4911 4911 4911 4911 4842
    4842 4842 2301 2301 2317 2317 2317 2317 2317 2317 2317 2317 2317
    2317 2317 2333 2333 2333 2333 2333 2333 2333 2333 4842 4842 4842
    4842 4842 4842 4842 4842 4842 4842 4774 4774 4842 4842 4842 4842
    4911 4911 4911 4911 4842 4842 2286 2286 2286 2286 2286 2301 2301
    2301 2301 2317 2317 2317 2317 2317 2317 2317 2333 2333 2333 2333
    2333 2333 2333 2349 2349 4842 4842 4842 4842 4842 4842 4842 4774
    4774 4774 4842 4842 4842 4911 4911 4911 4911 4774 4774 2286 2286
    2286 2286 2286 2286 2286 2286 2301 2301 2317 2301 2301 2301 2301
    2317 2317 2317 2333 2333 2333 2333 2333 2333 2333 2333 4842 4842
    4842 4842 4842 4842 4774 4774 4774 4774 4842 4842 4911 4911 4911
    4911 4645 4645 2301 2286 2286 2286 2286 2286 2286 2286 2301 2301
    2301 2301 2301 2301 2301 2301 2317 2317 2317 2317 2317 2317 2317
    2333 2333 2333 2333 2333 2333 4842 4842 4842 4774 4774 4774 4774
    4774 4842 4842 4842 4842 4842 4645 4645 2301 2301 2301 2286 2286
    2301 2286 2286 2286 2286 2286 2286 2286 2286 2286 2286 2301 2301
    2301 2317 2317 2317 2317 2333 2317 2317 2333 2317 2317 2317 4842
    4774 4774 4774 4774 4774 4774 4774 4842 4842 4842 4842 4708 4708
    2301 2301 2301 2301 2301 2301 2286 2286 2286 2286 2286 2286 2286
    2286 2286 2286 2286 2286 2286 2301 2301 2317 2317 2317 2317 2317
    2317 2317 2317 2317 2286 2271 2271 4774 4774 4842 4774 4774 4842
    4842 4842 4842 4708 4708 2317 2317 2317 2317 2317 2301 2301 2286
    2286 2286 2286 2286 2286 2286 2286 2286 2286 2286 2286 2286 2286
    2301 2301 2301 2301 2301 2301 2301 2301 2301 2286 2271 2271 2271
    4842 4842 4774 4774 4842 4842 4842 4842 4708 4708 2333 2333 2333
    2333 2317 2317 2301 2286 2286 2286 2286 2271 2271 2271 2271 2271
    2271 2271 2286 2286 2286 2286 2301 2286 2286 2286 2286 2286 2301
    2301 2301 2286 2286 2301 4842 4842 4842 4842 4842 4842 4842 4842
    4645 2349 2333 2333 2333 2333 2333 2317 2301 2286 2286 2286 2286
    2271 2271 2271 2271 2271 2271 2271 2271 2286 2286 2286 2286 2286
    2286 2286 2286 2286 2286 2301 2301 2301 2301 2301 2301 2317 2317
    2317 4842 4842 4842 4842 4582 2349 2349 2333 2333 2333 2333 2333
    2317 2301 2301 2286 2286 2271 2271 2271 2271 2271 2271 2271 2271
    2271 2286 2286 2286 2271 2271 2271 2286 2286 2286 2286 2286 2301
    2301 2301 2301 2301 2317 2317 2317 4842 4842 4842 4582 2349 2349
    2349 2349 2333 2333 2333 2333 2317 2317 2301 2286 2286 2271 2271
    2271 2271 2271 2271 2271 2271 2271 2271 2271 2271 2271 2271 2286
    2286 2286 2286 2286 2301 2286 2286 2301 2301 2317 2317 2317 2317
    4842 4842 2415 2381 2365 2365 2349 2349 2349 2349 2333 2333 2333
    2317 2286 2286 2286 2271 2271 2271 2271 2271 2271 2271 2271 2271
    2271 2271 2271 2271 2286 2286 2286 2286 2286 2286 2286 2286 2286
    2286 2301 2301 2301 2301 2317 2317 2415 2398 2381 2381 2365 2349
    2349 2349 2349 2333 2333 2317 2301 2301 2286 2286 2286 2286 2286
    2271 2271 2271 2271 2271 2271 2271 2271 2271 2271 2271 2286 2286
    2286 2286 2286 2286 2286 2286 2301 2301 2301 2301 2301 2301 2415
    2415 2415 2398 2381 2365 2349 2349 2349 2349 2333 2333 2317 2317
    2301 2286 2286 2286 2286 2271 2271 2271 2271 2271 2271 2271 2271
    2271 2271 2271 2286 2271 2271 2271 2271 2271 2286 2286 2286 2286
    2286 2286 2301 2301 2432 2415 2415 2415 2398 2398 2398 2381 2365
    2349 2349 2333 2333 2317 2301 2301 2286 2286 2286 2271 2271 2271
    2271 2271 2271 2256 2256 2271 2271 2271 2271 2271 2271 2271 2271
    2271 2271 2271 2286 2286 2286 2286 2286 2286 2450 2432 2432 2415
    2415 2398 2398 2398 2381 2381 2365 2349 2349 2333 2333 2317 2317
    2301 2286 2286 2271 2271 2271 2271 2271 2256 2256 2271 2271 2271
    2271 2271 2271 2271 2271 2271 2271 2271 2286 2286 2286 2286 2286
    2286 2467 2450 2432 2415 2415 2398 2398 2398 2398 2398 2381 2365
    2349 2349 2349 2349 2333 2333 2317 2301 2301 2286 2286 2286 2271
    2271 2271 2271 2271 2271 2271 2256 2256 2271 2271 2271 2271 2271
    2286 2286 2286 2286 2286 2301 4582 2450 2450 2432 2415 2415 2415
    2415 2398 2398 2398 2381 2381 2365 2365 2349 2349 2333 2333 2333
    2333 2317 2317 2301 2286 2286 2271 2271 2271 2271 2271 2256 2256
    2256 2256 2256 2271 2271 2286 2286 2271 2271 2271 2301 4582 4582
    2450 2450 2415 2415 2415 2415 2415 2415 2415 2398 2398 2381 2365
    2365 2349 2333 2333 2333 2333 2333 2333 2317 2301 2286 2286 2286
    2286 2271 2271 2256 2256 2256 2256 2256 2256 2271 2271 2271 2241
    2226 2226 2301 4582 4582 4582 4582 2432 2432 2432 2450 2432 2432
    2415 2398 2398 2381 2381 2381 2365 2349 2349 2349 2349 2333 2333
    2333 2317 2301 2301 2286 2286 2286 2271 2271 2256 2256 2256 2256
    2256 2271 2271 2256 2241 2226 2226 1883 4582 4582 4582 4582 4582
    4582 2467 2467 2467 2432 2415 2415 2398 2398 2398 2381 2381 2365
    2365 2349 2349 2349 2333 2333 2317 2317 2301 2301 2286 2286 2271
    2271 2271 2256 2256 2256 2256 2271 2271 2256 2241 2241 1873 1873
    4522 4522 4582 4582 4582 4522 4522 4522 2467 2450 2415 2415 2398
    2398 2398 2398 2398 2398 2381 2365 2365 2349 2349 2349 2333 2333
    2317 2317 2301 2301 2286 2286 2271 2271 2271 2271 2271 2271 2271
    2256 2241 2241 1863 1863 4522 4522 4522 4522 4522 4522 4522 4522
    4463 2450 2432 2415 2415 2415 2415 2415 2398 2398 2398 2398 2381
    2365 2365 2349 2349 2349 2333 2333 2317 2317 2301 2286 2286 2286
    2286 2271 2271 2271 2271 2256 1853 1853 1853 1863 4463 4522 4522
    4522 4522 4522 4522 4463 4463 4463 4463 4522 2432 2415 2415 2415
    2415 2415 2415 2398 2398 2381 2381 2365 2349 2349 2349 2333 2333
    2333 2317 2301 2301 2286 2286 2271 2271 1853 1843 1843 1853 1853
    1853 1863 4463 4463 4463 4463 4463 4463 4463 4463 4463 4463 4522
    4522 4522 4522 4522 2415 2415 2415 2415 2398 2398 2398 2381 2381
    2365 2349 2349 2349 2349 2349 2333 2317 2317 2301 2286 2286 1843
    1843 1843 1843 1853 1853 1853 1894 4463 4463 4463 4463 4463 4463
    4463 4463 4463 4463 4522 4522 4522 4522 4522 4522 2415 2415 2415
    2398 2398 2398 2398 2398 2381 2365 2365 2349 2349 2349 2349 2333
    2333 2301 2301 1823 1823 1833 1843 1843 1853 1853 1853 2333 4405
    4463 4463 4463 4463 4463 4463 4463 4463 4463 4522 4522 4522 4522
    4522 4522 2415 2415 2415 2398 2398 2398 2398 2398 2398 2381 2381
    2365 2365 2365 2349 2349 2333 1804 1804 1804 1813 1833 1843 1843
    1853 2349 2333 2333 4405 4405 4463 4463 4463 4463 4463 4463 4463
    4463 4463 4522 4522 4522 4522 4522 4463 4463 2415 2398 2398 2398
    2398 2398 2398 2398 2398 2381 2365 2365 2365 1794 1794 1794 1804
    1804 1804 1823 1843 1843 1843 2333 2333 2333 4405 4405 4463 4463
    4463 4463 4463 4463 4463 4463 4463 4463 4522 4522 4522 4463 4463
    4463 4405 4405 4405 2415 2415 2398 2398 2398 2398 2398 2381 2365
