<?xml version="1.0"?>
<opencv_storage>
<Depth8123 type_id="opencv-matrix">
  <rows>10</rows>
  <cols>25</cols>
  <dt>w</dt>
  <data>
    4645 4522 4463 4463 4463 4463 4405 4405 4349 4349 4349 4349 4405
    5210 5210 5132 5132 5132 5132 5210 5210 5210 5210 5210 5210 4645
    4522 4522 4522 4522 4522 4463 4463 4463 4405 4405 4405 4405 4405
    4405 4405 4405 4405 5132 5210 5210 5210 5210 5210 5210 4522 4522
    4522 4522 4522 4522 4582 4463 4463 4463 4463 4463 4463 4405 4405
    4405 4405 4405 4463 4582 5291 5291 5291 5291 4241 4405 4522 4522
    4522 4522 4522 4522 4522 4463 4463 4463 4463 4463 4405 4405 4405
    4405 4405 4405 4463 4463 4405 4405 4241 4241 4405 4463 4463 4463
    4522 4522 4522 4522 4463 4463 4463 4463 4463 4405 4405 4405 4405
    4405 4405 4463 4463 4405 4405 4241 4241 4405 4463 4463 4463 4522
    4522 4522 4522 4463 4463 4463 4463 4463 4463 4405 4405 4405 4405
    4405 4463 4463 4405 4405 4405 4405 0 0 0 0 4522 4522 4522 4522 4463
    4463 4463 4463 4463 4463 4405 4405 4405 4349 4349 4405 4405 4405
    4405 4463 4405 0 0 0 0 4522 4522 4522 4582 4582 4582 4582 4522 4522
    4522 4463 4405 4405 4349 4349 4405 4405 4463 4463 4405 4405 0 0 0 0
    0 0 4582 4582 4645 4645 4645 4522 4522 4582 4463 4463 4241 4241 4241
    4349 4463 4463 4463 4405 4405 0 0 0 0 0 0 0 0 0 0 0 4522 4522 4582
    4522 4522 4241 4241 4241 4349 4463 4463 4463 4463 4405</data></Depth8123>
</opencv_storage>
