<?xml version="1.0"?>
<opencv_storage>
<Depth19155 type_id="opencv-matrix">
  <rows>12</rows>
  <cols>22</cols>
  <dt>w</dt>
  <data>
    0 0 3539 3539 3539 3539 3576 3614 3614 3653 3692 3774 3859 3859 3903
    3994 4041 4041 4089 4139 4241 4241 0 0 3503 3503 3539 3539 3576 3614
    3653 3692 3692 3774 3816 3859 3948 4041 4041 4089 4139 4190 4295
    4295 0 3539 3503 3503 3539 3539 3576 3653 3653 3692 3732 3774 3816
    3859 3948 4041 4089 4139 4139 4190 4295 4295 0 3539 3539 3539 3539
    3539 3576 3653 3653 3692 3774 3816 3859 3859 3948 4041 4089 4139
    4190 4190 4241 4349 3576 3539 3539 3539 3539 3539 3576 3653 3653
    3692 3774 3816 3859 3859 3948 4041 4089 4190 4190 4190 4241 4241
    3503 3503 3539 3539 3539 3576 3692 3692 3692 3732 3774 3859 3859
    3903 3948 4041 4139 4190 4190 4190 4241 4241 3468 3503 3539 3576
    3653 3653 3692 3653 3653 3653 3948 3948 3948 3948 3994 4089 4139
    4190 2701 2701 2680 2659 3468 3503 3539 3576 3653 3653 3692 3653
    3653 3653 3948 3948 3948 3948 3994 4089 4190 4241 2701 2680 2659
    2639 3468 3503 3539 3576 3614 3653 3692 3732 3732 3859 3859 3859
    3948 3994 4041 4089 4190 4241 2723 2680 2659 2618 3539 3539 3576
    3576 3614 3653 3692 3732 3774 3859 3859 3859 3948 3994 4041 4139
    4241 4241 4241 2639 2639 2598 3539 3539 3576 3614 3653 3653 3692
    3732 3774 3859 3903 3903 3994 3994 4089 4190 4241 4241 4241 2639
    2618 2598 1376 3614 3614 3653 3653 3653 3692 3774 3816 3903 3994
    3994 3994 3994 1433 1433 1421 1421 1421 2618 2598 2598</data></Depth19155>
</opencv_storage>
