<?xml version="1.0"?>
<opencv_storage>
<Depth0886 type_id="opencv-matrix">
  <rows>29</rows>
  <cols>45</cols>
  <dt>w</dt>
  <data>
    4911 4911 4911 4911 2415 2415 2415 2415 2415 2415 2415 2415 2415
    2415 2415 2415 2432 2432 4911 4911 4911 4911 4911 4911 4911 4911
    4911 4911 4911 4911 4842 4842 4911 4911 4911 4911 4911 4911 4842
    4842 4842 4842 4842 4842 4842 4911 4911 4911 2415 2415 2415 2415
    2415 2415 2415 2415 2415 2415 2415 2415 2415 2415 2415 2398 2398
    2398 2381 2365 2365 2365 2365 4911 4842 4842 4842 4911 4911 4911
    4911 4911 4911 4911 4911 4911 4911 4842 4842 4842 4842 4842 4983
    4983 4983 2398 2398 2398 2398 2398 2381 2381 2381 2381 2398 2398
    2398 2398 2398 2398 2398 2398 2398 2381 2365 2365 2365 2365 2381
    2381 2381 2398 4911 4911 4911 2381 2381 4911 4911 4911 4911 4911
    4911 4911 4842 4842 4911 4983 4983 0 2381 2381 2381 2381 2398 2381
    2381 2381 2381 2381 2381 2381 2398 2398 2398 2398 2398 2381 2381
    2381 2365 2365 2381 2381 2381 2365 2365 2381 2381 2381 2381 2381
    2381 2381 2381 2381 2398 4983 4911 4911 4911 4911 4983 4983 2381
    2381 2381 2381 2381 2381 2365 2365 2365 2365 2365 2365 2365 2365
    2381 2398 2365 2365 2365 2365 2381 2365 2365 2365 2365 2365 2365
    2365 2365 2381 2381 2381 2381 2381 2381 2381 2381 2398 2398 2398
    2398 2415 4842 4983 4983 2381 2381 2381 2381 2381 2365 2365 2365
    2365 2365 2365 2365 2365 2365 2365 2381 2365 2365 2365 2365 2381
    2365 2365 2365 2365 2365 2365 2365 2365 2365 2365 2365 2365 2381
    2381 2381 2381 2381 2381 2381 2381 2398 4842 4983 4983 2365 2365
    2365 2365 2381 2365 2365 2365 2365 2365 2365 2365 2365 2365 2365
    2365 2365 2365 2365 2365 2365 2365 2365 2365 2365 2365 2365 2365
    2365 2365 2365 2365 2365 2365 2365 2365 2365 2365 2365 2365 2381
    2381 4842 4983 4983 2365 2365 2365 2365 2365 2365 2365 2349 2349
    2365 2365 2365 2365 2365 2365 2365 2365 2365 2365 2365 2365 2365
    2365 2365 2365 2365 2365 2365 2349 2349 2365 2365 2365 2365 2365
    2365 2365 2365 2365 2365 2365 2365 4842 4983 2349 2349 2349 2349
    2349 2349 2349 2349 2349 2349 2365 2365 2365 2365 2365 2365 2365
    2365 2365 2365 2365 2365 2365 2365 2365 2365 2365 2365 2365 2349
    2349 2365 2365 2365 2365 2365 2365 2365 2365 2365 2365 2365 2365
    4842 4983 2349 2349 2349 2349 2349 2349 2349 2349 2349 2349 2349
    2349 2349 2349 2349 2349 2349 2349 2365 2349 2349 2349 2349 2349
    2365 2349 2349 2349 2349 2349 2349 2349 2365 2365 2365 2349 2349
    2349 2349 2365 2365 2365 2365 4842 4983 4983 2381 2365 2365 2349
    2349 2349 2349 2349 2349 2349 2349 2349 2349 2349 2349 2349 2349
    2349 2349 2349 2349 2349 2349 2349 2349 2349 2349 2349 2333 2333
    2333 2349 2349 2349 2349 2349 2349 2349 2365 2349 2349 2349 4842
    5056 5056 2398 2381 2365 2349 2349 2349 2349 2349 2349 2349 2349
    2349 2349 2349 2349 2349 2349 2349 2349 2349 2349 2349 2349 2349
    2349 2349 2349 2333 2333 2333 2333 2349 2333 2333 2333 2349 2349
    2349 2349 2349 2349 2349 2349 5132 5132 2415 2398 2365 2365 2365
    2349 2349 2365 2365 2365 2365 2365 2365 2365 2365 2349 2349 2349
    2349 2349 2349 2365 2349 2349 2349 2349 2349 2333 2333 2333 2333
    2333 2333 2333 2333 2349 2349 2349 2349 2349 2349 2349 2349 2432
    2432 2432 2415 2398 2381 2381 2381 2381 2381 2381 2381 2365 2365
    2365 2365 2365 2365 2365 2365 2365 2365 2365 2365 2349 2349 2349
    2349 2349 2349 2349 2333 2333 2333 2333 2333 2333 2349 2349 2349
    2349 2349 2349 2349 2349 2432 2432 2432 2415 2415 2398 2398 2398
    2398 2398 2398 2381 2381 2381 2381 2381 2365 2365 2365 2365 2365
    2381 2365 2365 2349 2349 2349 2349 2349 2349 2349 2349 2349 2349
    2349 2349 2349 2349 2349 2349 2349 2349 2349 2349 2349 2450 2450
    2450 2432 2432 2415 2415 2398 2398 2398 2398 2398 2398 2398 2398
    2381 2381 2381 2381 2365 2365 2381 2381 2365 2365 2365 2365 2365
    2365 2365 2349 2349 2349 2349 2349 2349 2349 2349 2349 2349 2349
    2349 2349 2349 2349 2450 2450 2450 2450 2432 2432 2432 2415 2415
    2398 2398 2398 2398 2398 2398 2398 2398 2381 2381 2381 2381 2381
    2381 2381 2365 2365 2365 2365 2365 2365 2365 2365 2365 2365 2365
    2365 2365 2365 2349 2349 2365 2349 2349 2365 2365 2450 2450 2450
    2450 2450 2450 2450 2432 2432 2432 2415 2415 2415 2415 2415 2415
    2415 2398 2398 2398 2398 2398 2398 2398 2398 2381 2381 2381 2381
    2381 2365 2365 2365 2365 2365 2365 2365 2365 2349 2349 2365 2365
    2381 2415 2415 2503 2485 2467 2467 2467 2450 2450 2432 2432 2432
    2432 2432 2432 2432 2432 2432 2415 2415 2398 2398 2398 2398 2415
    2415 2398 2398 2415 2398 2381 2381 2381 2381 2381 2381 2381 2381
    2381 2365 2365 2365 2365 2381 2398 2415 2415 5210 2485 2485 2467
    2467 2467 2467 2450 2450 2450 2450 2450 2450 2450 2432 2432 2432
    2432 2432 2415 2415 2415 2432 2415 2415 2415 2415 2398 2398 2398
    2398 2398 2415 2415 2381 2381 2381 2381 2381 2381 2381 2381 2398
    2415 2415 5210 5210 2503 2485 2485 2467 2467 2450 2450 2467 2467
    2467 2467 2467 2450 2450 2432 2432 2432 2432 2432 2432 2432 2432
    2432 2432 2432 2415 2415 2415 2415 2415 2415 2415 2415 2398 2398
    2381 2381 2381 2381 2381 2398 2415 4983 5210 5210 2503 2503 2485
    2485 2485 2485 2485 2485 2485 2485 2485 2467 2450 2450 2450 2450
    2450 2432 2432 2432 2432 2432 2432 2432 2432 2432 2432 2432 2432
    2432 2432 2432 2415 2415 2398 2398 2398 2381 2381 2398 4983 4983
    2450 5210 2522 2522 2503 2503 2485 2485 2485 2485 2485 2485 2485
    2485 2485 2467 2467 2467 2467 2467 2450 2450 2450 2450 2467 2432
    2432 2432 2432 2432 2432 2432 2432 2432 2432 2432 2432 2415 2415
    2398 2398 2398 2398 4983 4983 2432 5210 2522 2522 2503 2503 2503
    2503 2503 2503 2503 2503 2503 2503 2485 2485 2485 2467 2467 2485
    2485 2485 2467 2467 2467 2467 2467 2450 2450 2450 2450 2450 2432
    2432 2432 2432 2432 2432 2415 2415 2415 2415 4911 4911 4983 2432
    4041 4041 4089 2503 2503 2485 2485 2503 2503 2503 2503 2503 2503
    2503 2485 2485 2485 2485 2485 2485 2485 2485 2485 2485 2485 2467
    2467 2467 2467 2467 2467 2467 2467 2450 2432 2432 2432 2415 2415
    2432 2432 4911 4911 4983 4983 4041 4041 4041 4041 2522 2485 2485
    2503 2503 2503 2522 2522 2503 2503 2503 2503 2503 2503 2503 2503
    2485 2485 2485 2485 2485 2485 2485 2485 2485 2485 2485 2467 2467
    2450 2450 2432 2432 2432 2432 2467 2485 4983 4983 4983 4983 4041
    4041 4041 4041 4041 4041 5374 5374 5291 5291 5210 5210 5210 2503
    2503 2503 2503 2503 2503 2503 2503 2485 2485 2485 2485 2485 2503
    2485 2485 2485 2503 2485 2485 2485 2485 2467 2450 2450 2450 2485
    5132 5132 5132 5056 5056 4041 3994 3994 3994 3994 4041 4089 5374
    5291 5291 5210 5210 5291 5291 5291 5291 5291 5210 5210 5210 5210
    2503 2503 2503 2503 2522 2522 2503 2503 2503 2503 2485 2485 2485
    2485 2485 2485 2467 2467 5210 5210 5132 5132 5056 5056 4041 3994
    3994 3994 3994 4041 4089 4139 4139 5291 5291 5291 5291 5291 5291
    5291 5291 5210 5210 5210 5210 5210 5291 5291 5291 5210 5210 5210
    2503 2485 2485 2503 2503 2503 2485 2485 2485 2467 2467 5210 5210
    5132 5132 5056 5056</data></Depth0886>
</opencv_storage>
