<?xml version="1.0"?>
<opencv_storage>
<Depth7392 type_id="opencv-matrix">
  <rows>39</rows>
  <cols>6</cols>
  <dt>w</dt>
  <data>
    3859 3859 3859 3859 3816 3816 3859 3859 3859 3816 3816 3816 3859
    3859 3859 3816 3816 3816 3859 3859 3859 3859 3859 3816 3859 3859
    3859 3859 3859 3859 3859 3859 3859 3859 3859 3859 3859 3859 3859
    3859 3859 3859 3903 3903 3903 3859 3859 3859 3903 3903 3903 3859
    3859 3859 3948 3903 3903 3859 3859 3859 3948 3948 3948 3903 3903
    3859 3948 3948 3948 3903 3903 3903 3948 3948 3948 3903 3903 3903
    3948 3948 3948 3948 3948 3903 3994 3948 3948 3948 3948 3903 3994
    3994 3948 3948 3948 3948 3994 3994 3994 3994 3948 3948 2541 3994
    3994 3948 3948 3948 2541 3994 3994 3948 3948 3948 2522 3994 3994
    3948 3948 3948 2522 3994 3994 3948 3948 3948 2503 3948 3948 3948
    3948 3948 2503 3948 3948 3994 3994 3994 2503 3903 3903 3948 3903
    3903 3948 3859 3859 3948 3903 3903 3948 3859 3859 3948 3994 3994
    2485 3948 3948 3994 3994 3994 2485 2485 3994 3994 3994 3994 2467
    2485 3994 3994 3994 3994 2432 3994 3994 3994 3994 3994 2432 4041
    3994 3994 3994 3994 2415 4041 3994 3994 3994 3994 2415 2432 3994
    3994 4041 3994 2398 2432 3994 3994 4041 4041 2381 3994 3994 4041
    4041 4041 2381 2381 4041 4041 4041 4041 2365 2381 4089 4089 4089
    4041 2365 2365 2365 4089 4089 4041 2365 2365 2349 2349 4089 4089</data></Depth7392>
</opencv_storage>
