<?xml version="1.0"?>
<opencv_storage>
<Depth10438 type_id="opencv-matrix">
  <rows>109</rows>
  <cols>77</cols>
  <dt>w</dt>
  <data>
    3433 3468 3468 3468 3468 3468 3503 3503 3503 3503 3503 3503 3503
    3503 3503 3503 3503 3503 3503 3503 3539 3539 3539 2659 2659 2659
    2659 2639 2618 2598 2579 2541 2541 2432 2432 1210 1202 1197 1193
    1193 1197 1193 1189 1181 1173 1173 1173 1173 2579 2579 2560 2560
    2579 2579 2579 2579 2579 2598 2618 2639 2659 2680 2789 2789 2789
    2789 2789 2812 3653 3653 3614 3614 3614 3614 3614 3614 3614 3433
    3468 3468 3468 3468 3503 3503 3503 3503 3503 3503 3503 3503 3503
    3503 3503 3503 3503 3503 3503 3539 3539 3539 3539 2680 2659 2659
    2639 2618 2598 2579 2579 2579 1219 1214 1206 1202 1193 1185 1185
    1185 1189 1181 1177 1173 1173 1173 1173 1173 2560 2560 2560 2560
    2560 2560 2579 2598 2618 2618 2639 2680 2680 2789 2789 2812 2812
    2812 2812 3653 3653 3614 3614 3614 3614 3614 3614 3614 3468 3468
    3468 3468 3468 3468 3503 3503 3503 3503 3503 3503 3503 3503 3503
    3503 3503 3503 3503 3503 3539 3539 3539 3539 2680 2680 2680 2639
    2618 2598 2579 2579 2579 1210 1210 1206 1197 1177 1173 1169 1169
    1161 1161 1161 1165 1173 1173 1173 1177 1177 2560 2560 2560 2560
    2560 2560 2579 2618 2639 2659 2701 2701 2767 2789 2812 2812 2812
    2789 2789 2789 3614 3614 3614 3614 3614 3614 3614 3468 3468 3468
    3468 3468 3468 3503 3503 3503 3503 3503 3503 3503 3503 3503 3503
    3503 3503 3503 3503 3539 3539 3539 0 0 2680 2639 2639 2618 2598 2598
    2598 1210 1210 1210 1157 1157 1161 1157 1153 1153 1157 1157 1161
    1165 1169 1173 1177 1177 1177 1177 2560 2560 2560 2560 2560 2579
    2618 2639 2659 2680 2701 2744 2789 2812 2812 2812 2789 2789 2789
    3614 3653 3614 3614 3614 3614 3614 3468 3468 3468 3468 3468 3468
    3503 3503 3503 3503 3503 3503 3503 3503 3503 3503 3503 3503 3503
    3503 3539 3539 0 0 0 0 2639 2639 2639 2639 2639 2639 1149 1149 1145
    1145 1153 1149 1141 1141 1141 1149 1149 1157 1161 1169 1173 1177
    1177 1177 0 2579 2579 2579 2579 2579 2598 2618 2639 2680 2680 2701
    2723 2767 2789 2789 2789 2789 2789 2789 3614 3614 3653 3614 3614
    3614 3614 3468 3468 3468 3468 3468 3468 3503 3503 3503 3503 3503
    3503 3503 3503 3503 3503 3503 3503 3503 3503 3539 3539 0 0 0 2659
    2659 2659 2659 2659 2659 0 1145 1145 1130 1130 1138 1134 1134 1134
    1138 1141 1149 1157 1161 1169 1173 1177 1177 1177 0 2579 2579 2579
    2579 2579 2598 2618 2639 2659 2680 2701 2723 2744 2789 2789 2789
    2789 2789 2789 3614 3614 3614 3614 3614 3614 3614 3468 3468 3468
    3468 3503 3503 3503 3503 3503 3503 3503 3503 3503 3503 3503 3503
    3503 3503 3539 0 0 0 0 0 0 0 0 0 2701 2701 2701 1097 1126 1126 1119
    1119 1123 1126 1126 1134 1138 1141 1145 1153 1161 1165 1169 1169
    1173 1173 1177 2598 2598 2598 2598 2598 2598 2618 2639 2659 2680
    2680 2701 2723 2767 2789 2789 2789 2789 2789 2789 3653 3614 3614
    3614 3614 3614 3468 3468 3468 3468 3503 3503 3503 3503 3503 3503
    3503 3503 3503 3503 3503 3503 3503 0 0 0 0 0 0 0 0 0 0 0 0 1097 1097
    1097 1097 1108 1108 1112 1115 1119 1123 1130 1138 1141 1145 1149
    1157 1161 1165 1169 1173 1177 1177 2598 2598 2598 2598 2598 2598
    2618 2639 2659 2680 2680 2701 2723 2744 2789 2789 2789 2789 2789
    2789 3614 3614 3614 3614 3614 3614 3468 3468 3503 3503 3503 3503
    3503 3503 3503 3503 3503 3503 3503 3399 3399 3503 0 3503 0 0 0 0 0 0
    0 0 0 1101 1101 1097 1094 1094 1094 1094 1105 1112 1112 1115 1119
    1130 1138 1141 1141 1149 1153 1161 1165 1169 1169 1173 1173 1173
    2598 2598 2598 2598 2598 2618 2639 2659 2680 2680 2701 2723 2744
    2767 2789 2789 2789 2789 2789 2789 3614 3653 3614 3614 3614 3468
    3468 3503 3503 3468 3468 3468 3468 3468 3468 3468 3468 3503 3399
    3399 3399 0 1038 0 0 0 0 0 0 0 1087 1087 1087 1094 1094 1090 1090
    1090 1094 1105 1108 1108 1115 1119 1130 1134 1138 1141 1145 1149
    1157 1161 1165 1169 1169 1173 1173 1173 2598 2598 2598 2598 2639
    2659 2680 2680 2680 2701 2701 2723 2767 2789 2789 2789 2789 2767
    2767 3614 3653 3614 3614 3614 3503 3503 3503 3503 3468 3468 3468
    3468 3468 3468 3468 3468 3468 3468 1038 1038 1038 0 0 0 0 0 0 0 0
    1087 1084 1080 1080 1084 1084 1087 1087 1090 1101 1108 1108 1112
    1119 1126 1134 1138 1141 1145 1149 1157 1161 1165 1169 1169 1173
    1173 2639 2639 2639 2659 2659 2659 2659 2680 2680 2680 2680 2680
    2701 2744 2767 2789 2789 2744 2744 2744 3614 3614 3614 3614 3614
    3503 3503 3503 3503 3468 3468 3468 3468 3468 3468 3468 1123 1123 0
    1038 1038 1038 0 0 0 0 0 0 0 0 1063 1063 1067 1073 1077 1080 1084
    1087 1090 1097 1105 1108 1108 1119 1123 1130 1138 1141 1141 1149
    1157 1161 1165 1169 1173 1173 1173 2639 2639 2639 2639 2659 2659
    2659 2680 2680 2680 2680 2680 2701 2744 2767 2789 2789 2744 2744
    2744 3614 3614 3614 3614 3614 3503 3503 3503 3503 3503 3503 3503
    3503 3503 1126 1123 1123 1123 1044 1041 1041 1041 1041 1044 1050
    1050 1050 1050 1054 1057 1060 1063 1063 1070 1073 1080 1084 1084
    1090 1097 1105 1108 1108 1119 1123 1130 1138 1141 1141 1145 1153
    1157 1165 1169 1173 1177 1177 2618 2618 2618 2639 2659 2659 2659
    2680 2680 2680 2701 2744 2744 2744 2767 2789 2789 2744 2744 3653
    3653 3614 3614 3614 3614 3468 3468 3503 3503 3503 3503 3503 1119
    1119 1119 1119 1119 1119 1044 1044 1044 1038 1038 1041 1044 1044
    1047 1047 1050 1054 1057 1060 1063 1067 1073 1080 1084 1084 1094
    1097 1105 1108 1108 1119 1123 1126 1134 1141 1141 1145 1153 1157
    1161 1165 1173 1177 1181 1181 2618 2618 2639 2659 2659 2659 2680
    2680 2701 2701 2701 2723 2723 2789 2789 2812 3576 3653 3653 3653
    3614 3614 3614 3614 3468 3468 3503 3503 3503 1108 1108 1108 1108
    1101 1097 1094 1094 1047 1044 1041 1038 1038 1038 1041 1041 1041
    1041 1044 1050 1054 1060 1063 1067 1070 1077 1080 1084 1094 1097
    1101 1108 1108 1115 1123 1126 1134 1141 1141 1145 1153 1157 1157
    1165 1173 1177 1181 1181 2659 2659 2659 2659 2659 2680 2701 2701
    2701 2701 2701 2701 2701 2701 2701 2723 3653 3653 3653 3653 3614
    3614 3614 3614 3503 3503 3503 1097 1097 1097 1105 1105 1105 1097
    1094 1090 1054 1047 1041 1034 1031 1031 1031 1034 1038 1038 1041
    1044 1050 1054 1057 1063 1067 1070 1077 1080 1080 1090 1097 1101
    1108 1108 1115 1119 1123 1134 1138 1141 1145 1149 1153 1157 1161
    1169 1173 1181 1181 1181 2659 2659 2680 2680 2680 2701 2701 2701
    2701 2701 2701 2701 2701 2723 2723 3503 3576 3614 3614 3614 3653
    3614 3614 3433 3433 1101 1101 1097 1097 1094 1094 1094 1094 1094
    1090 1044 1041 1038 1034 1028 1028 1031 1031 1031 1038 1041 1047
    1050 1054 1057 1063 1067 1070 1073 1077 1080 1087 1094 1097 1105
    1108 1115 1119 1123 1126 1138 1141 1141 1149 1153 1153 1161 1169
    1173 1177 1181 1181 2680 2680 2680 2680 2680 2680 2680 2680 2680
    2680 2701 2701 2701 2701 2723 3503 3576 3576 3614 3614 3614 3614
    3614 1080 1080 1094 1094 1087 1080 1073 1070 1054 1050 1050 1050
    1044 1041 1038 1031 1028 1028 1028 1028 1031 1038 1041 1047 1050
    1054 1057 1060 1067 1067 1073 1077 1080 1084 1094 1097 1101 1105
    1112 1119 1123 1126 1138 1141 1141 1145 1153 1153 1161 1169 1169
    1173 1173 1173 1185 2680 2680 2680 2680 2680 2680 2680 2680 2680
    2701 2701 2701 2701 2723 3503 3576 3576 3614 3576 3576 3614 3614
    1080 1080 1080 1077 1070 1070 1067 1060 1054 1050 1050 1044 1041
    1038 1038 1031 1028 1028 1028 1028 1031 1034 1041 1044 1047 1054
    1057 1060 1067 1067 1070 1077 1080 1084 1094 1097 1101 1105 1112
    1119 1123 1126 1130 1138 1138 1145 1149 1153 1161 1169 1169 1173
    1173 1181 1185 1189 2680 2680 2680 2680 2680 2680 2680 2680 2701
    2701 2701 2723 2744 3576 3614 3614 3614 3576 3576 3614 3576 1080
    1080 1080 1077 1070 1070 1067 1060 1054 1054 1050 1044 1041 1038
    1038 1031 1028 1028 1028 1028 1031 1031 1038 1041 1044 1054 1057
    1060 1067 1067 1070 1073 1080 1087 1094 1097 1097 1108 1112 1112
    1119 1126 1130 1138 1138 1141 1149 1153 1161 1165 1169 1169 1173
