<?xml version="1.0"?>
<opencv_storage>
<Depth7395 type_id="opencv-matrix">
  <rows>46</rows>
  <cols>63</cols>
  <dt>w</dt>
  <data>
    4645 4708 4708 4708 4708 4708 4708 4708 4842 4842 4842 4774 4774
    4774 4842 4842 4842 1853 1853 1863 1863 1863 1853 1853 1853 1853
    1853 1853 4983 4983 4911 4911 4911 4911 4983 4983 4983 4983 4983
    4983 4911 4911 4983 4983 4983 4983 5056 5056 5056 5056 5056 5056
    4983 4983 4983 5056 5056 5056 5056 5056 5056 5056 5056 4645 4645
    4708 4708 4708 4708 4708 4708 4774 4842 4842 4774 4774 4774 4774
    4774 1853 1853 1853 1853 1853 1853 1853 1853 1853 1853 1853 1853
    1853 4983 4983 4911 4911 4911 4911 4911 4911 4983 4983 4911 4911
    4911 4983 4983 4983 4983 4983 5056 5056 5056 5056 4983 4983 4983
    5056 5056 5056 5056 5056 5056 4983 4983 4983 4645 4645 4645 4645
    4645 4645 4645 4645 4774 4842 4774 4774 4774 4774 4774 1853 1853
    1853 1853 1853 1853 1853 1853 1853 1853 1843 1843 1853 1843 1843
    4983 4911 4911 4911 4911 4911 4911 4911 4911 4911 4911 4911 4983
    4983 4983 4983 4983 4983 4983 5056 5056 4983 4983 4983 4983 5056
    5056 5056 5056 5056 4983 4983 4983 4645 4645 4645 4645 4645 4645
    4645 4645 4708 4708 4708 4708 4708 4708 4708 1853 1853 1853 1853
    1853 1853 1853 1853 1843 1843 1843 1843 1843 1843 1843 1853 4911
    4911 4911 4911 4911 4911 4911 4911 4911 4911 4911 4983 4983 4983
    4983 4983 4983 4983 5056 5056 4983 4983 4983 4983 4983 4983 4983
    5056 5056 4983 4983 4983 4582 4645 4645 4645 4645 4645 4645 4645
    4708 4708 4708 4708 4708 4708 1863 1853 1853 1853 1853 1853 1853
    1853 1853 1843 1843 1843 1843 1843 1843 1843 1853 1853 4911 4911
    4911 4911 4911 4911 4911 4911 4911 4911 4983 4983 4983 4983 4983
    4983 4983 5056 5056 4983 4983 4983 4983 4983 4983 4983 4983 4983
    4983 4983 4983 4582 4645 4645 4645 4645 4645 4645 4645 4708 4708
    4708 4708 1853 1853 1863 1853 1853 1853 1853 1853 1853 1853 1843
    1843 1843 1843 1843 1843 1843 1843 1843 1843 4911 4911 4911 4911
    4842 4842 4911 4911 4911 4911 4983 4983 4983 4911 4911 4983 4983
    5056 4983 4983 4983 4983 4983 4983 4911 4911 4983 4983 4983 4983
    4983 4582 4582 4645 4645 4582 4582 4645 4645 4708 4708 4708 4708
    1853 1853 1853 1853 1853 1853 1853 1853 1853 1843 1843 1843 1843
    1843 1843 1843 1843 1843 1843 1843 1843 4911 4911 4911 4842 4842
    4842 4842 4842 4911 4911 4911 4911 4911 4911 4983 4983 4983 4983
    4983 4983 4983 4983 4983 4911 4911 4983 4983 4983 4983 4983 4582
    4582 4582 4582 4582 4582 4645 4645 4708 4708 4708 4708 1853 1853
    1853 1853 1853 1853 1853 1853 1853 1843 1843 1843 1843 1843 1843
    1843 1833 1833 1833 1833 1823 1823 1823 4911 4842 4842 4842 4774
    4774 4842 4911 4911 4911 4911 4911 4983 4983 4983 4983 4911 4911
    4983 4983 4983 4983 4911 4911 4911 4983 4983 4983 4582 4582 4582
    4582 4582 4582 4645 4708 4708 4645 4645 1863 1853 1853 1853 1853
    1853 1853 1853 1853 1843 1843 1843 1843 1843 1843 1843 1843 1833
    1833 1833 1833 1823 1823 1823 1823 4842 4842 4842 4774 4774 4842
    4911 4911 4911 4911 4911 4983 4983 4983 4983 4911 4911 4983 4983
    4983 4983 4911 4911 4911 4911 4983 4983 4582 4582 4582 4582 4582
    4582 4645 4708 4645 4645 4645 1863 1853 1853 1853 1853 1853 1853
    1853 1853 1843 1843 1843 1843 1843 1843 1843 1843 1833 1833 1833
    1823 1823 1823 1823 1823 1833 4842 4774 4708 4708 4774 4911 4911
    4911 4911 4911 4983 4983 4983 4983 4911 4911 4983 4983 4983 4983
    4983 4911 4911 4911 4911 4983 4582 4582 4582 4582 4582 4645 4645
    4645 4645 1873 1873 1863 1863 1853 1853 1853 1853 1853 1853 1843
    1843 1843 1843 1843 1843 1833 1833 1833 1833 1833 1833 1823 1823
    1823 1823 1823 1823 1823 4774 4708 4708 4774 4911 4911 4911 4911
    4911 4911 4911 4911 4911 4911 4911 4983 4983 4983 4983 4983 4911
    4911 4911 4911 4911 4582 4582 4582 4582 4582 4582 4582 4582 4582
    1863 1863 1863 1863 1853 1853 1853 1853 1853 1853 1843 1843 1843
    1843 1833 1833 1833 1833 1833 1833 1833 1823 1823 1823 1813 1813
    1813 1813 1813 1813 1823 4842 4842 4842 4842 4842 4911 4911 4911
    4911 4911 4911 4911 4911 4911 4911 4983 4983 4983 4911 4911 4911
    4911 4911 4522 4522 4522 4582 4582 4582 4582 4582 1863 1863 1863
    1863 1863 1853 1853 1853 1853 1853 1853 1843 1843 1843 1843 1833
    1833 1833 1823 1823 1823 1823 1823 1813 1813 1813 1813 1813 1813
    1813 1813 1813 1813 1813 4842 4842 4842 4842 4842 4842 4842 4911
    4911 4842 4842 4842 4842 4911 4911 4911 4911 4911 4911 4911 4911
    4522 4522 4522 4582 4582 4645 4645 1863 1863 1863 1863 1853 1853
    1853 1853 1853 1853 1853 1843 1843 1843 1843 1843 1833 1833 1833
    1823 1823 1813 1813 1823 1813 1813 1813 1813 1813 1813 1813 1813
    1813 1813 1813 1813 4842 4842 4842 4842 4842 4842 4842 4842 4842
    4842 4842 4842 4842 4842 4842 4911 4842 4842 4842 4842 4522 4522
    4522 4582 4582 4582 1863 1863 1863 1863 1853 1853 1853 1853 1853
    1853 1853 1843 1843 1843 1843 1843 1843 1833 1833 1833 1823 1823
    1813 1813 1813 1813 1813 1813 1813 1813 1813 1813 1813 1813 1813
    1813 1813 4842 4842 4842 4774 4774 4842 4842 4842 4842 4842 4842
    4842 4842 4842 4774 4774 4842 4842 4842 4842 4463 4522 4522 4522
    4582 1853 1853 1863 1863 1863 1853 1853 1853 1853 1853 1843 1843
    1843 1843 1843 1843 1843 1843 1843 1833 1833 1833 1823 1813 1813
    1813 1813 1813 1813 1813 1813 1813 1813 1813 1813 1813 1813 1813
    1813 4842 4842 4774 4774 4774 4774 4774 4842 4842 4842 4842 4842
    4842 4774 4774 4842 4842 4842 4842 4463 4463 4522 4522 4522 1853
    1853 1863 1853 1853 1853 1853 1843 1843 1843 1843 1843 1843 1843
    1843 1843 1843 1843 1843 1833 1833 1833 1823 1813 1813 1813 1813
    1813 1813 1813 1813 1804 1804 1804 1813 1813 1813 1813 1804 1804
    4842 4774 4774 4774 4774 4774 4774 4842 4842 4842 4842 4842 4774
    4774 4842 4842 4842 4842 4463 4463 4463 4463 1863 1863 1863 1853
    1853 1853 1853 1843 1843 1843 1843 1843 1843 1843 1843 1843 1843
    1843 1843 1833 1833 1833 1833 1823 1823 1813 1813 1813 1813 1813
    1813 1813 1804 1804 1804 1813 1813 1804 1804 1804 1804 1804 4774
    4774 4774 4774 4774 4774 4774 4774 4774 4774 4774 4774 4774 4774
    4774 4774 4774 4405 4405 4405 1853 1853 1863 1863 1853 1853 1853
    1843 1843 1843 1843 1843 1843 1843 1843 1843 1843 1843 1833 1833
    1823 1823 1823 1823 1823 1823 1813 1813 1813 1813 1813 1813 1813
    1804 1804 1804 1804 1804 1804 1804 1804 1804 1804 4774 4774 4774
    4774 4774 4774 4774 4774 4774 4774 4774 4774 4774 4774 4774 4774
    4774 4405 4405 1843 1843 1853 1853 1853 1853 1853 1843 1843 1843
    1843 1843 1843 1843 1843 1843 1843 1843 1833 1833 1823 1823 1823
    1823 1823 1813 1813 1813 1813 1813 1813 1813 1813 1813 1813 1804
    1804 1804 1804 1804 1804 1804 1804 1804 1804 4774 4774 4774 4774
    4774 4774 4774 4774 4774 4774 4774 4708 4708 4708 4708 4708 4405
    4405 1843 1843 1853 1853 1853 1853 1853 1843 1843 1843 1843 1843
    1843 1843 1843 1843 1843 1833 1833 1823 1823 1823 1813 1813 1813
    1813 1813 1813 1813 1813 1804 1804 1813 1804 1804 1804 1804 1813
    1804 1804 1804 1804 1804 1804 1804 1804 4774 4774 4774 4774 4774
    4774 4774 4774 4774 4774 4708 4708 4708 4708 4708 1853 1843 1833
    1833 1843 1853 1853 1853 1853 1853 1843 1843 1843 1843 1843 1843
    1843 1843 1833 1833 1833 1823 1823 1823 1813 1813 1813 1813 1813
    1813 1813 1813 1804 1804 1804 1804 1804 1804 1804 1813 1813 1804
    1804 1804 1804 1794 1794 1785 1785 1785 4774 4774 4774 4774 4774
    4774 4774 4708 4708 4708 4708 4708 4708 1853 1843 1833 1833 1843
    1853 1853 1843 1843 1843 1843 1843 1843 1843 1843 1843 1843 1843
    1833 1833 1833 1823 1823 1823 1823 1813 1813 1813 1813 1813 1813
    1813 1813 1804 1804 1804 1804 1804 1804 1813 1813 1804 1804 1804
    1804 1794 1794 1785 1785 1794 1794 4774 4774 4774 4774 4708 4708
    4708 4708 4708 4708 4708 4708 1843 1843 1843 1843 1843 1843 1843
    1843 1843 1843 1843 1843 1843 1843 1843 1843 1843 1833 1833 1833
    1823 1823 1823 1823 1813 1813 1813 1813 1804 1804 1804 1804 1804
