<?xml version="1.0"?>
<opencv_storage>
<Depth15587 type_id="opencv-matrix">
  <rows>47</rows>
  <cols>36</cols>
  <dt>w</dt>
  <data>
    5132 5056 4983 4983 4983 2116 2116 4983 2116 2103 2103 2129 2129
    2129 2129 2129 2143 2143 2129 2129 2129 2143 2143 2143 2143 2143
    2143 2129 2129 2129 2129 4645 4645 4645 4708 4645 5132 5056 4983
    2116 2116 2116 2116 2116 2116 2103 2103 2129 2129 2129 2129 2129
    2129 2143 2129 2129 2129 2143 2143 2129 2129 2129 2129 2129 2129
    2129 2129 4645 4645 4645 4708 4645 2129 2129 2129 2116 2116 2129
    2116 2116 2129 2129 2129 2129 2129 2129 2129 2129 2129 2129 2129
    2129 2129 2129 2143 2129 2129 2129 2129 2129 2129 2129 2129 4645
    4645 4708 4708 4645 2129 2129 2129 2129 2129 2129 2129 2129 2129
    2143 2143 2143 2129 2129 2129 2129 2129 2129 2129 2129 2129 2129
    2143 2143 2129 2129 2129 2129 2129 2129 2129 4645 4645 4708 4708
    4708 2129 2129 2129 2129 2129 2129 2129 2129 2129 2143 2143 2143
    2129 2129 2129 2129 2129 2129 2129 2129 2129 2129 2129 2143 2143
    2129 2129 2129 2129 2143 2143 4645 4645 4708 4708 4708 2143 2129
    2129 2129 2129 2129 2129 2129 2129 2143 2143 2143 2143 2129 2129
    2129 2129 2129 2129 2129 2129 2129 2129 2143 2143 2143 2129 2129
    2129 2143 2143 4708 4708 4708 4708 4708 2143 2143 2143 2143 2129
    2129 2129 2129 2129 2143 2143 2143 2143 2129 2129 2129 2129 2129
    2129 2129 2129 2129 2129 2143 2143 2143 2129 2129 2129 2143 2143
    4708 4708 4708 4708 4708 2156 2143 2129 2129 2129 2129 2129 2129
    2129 2129 2129 2129 2143 2129 2129 2129 2129 2129 2129 2129 2129
    2143 2143 2143 2143 2143 2129 2129 2129 2143 2143 4708 4708 4708
    4708 4645 2143 2143 2129 2129 2129 2129 2129 2129 2129 2129 2129
    2129 2143 2143 2143 2129 2129 2129 2129 2143 2143 2143 2143 2143
    2143 2143 2129 2129 2129 2143 2143 4774 4708 4708 4708 4645 2143
    2129 2129 2129 2129 2129 2129 2129 2129 2129 2143 2143 2143 2143
    2143 2129 2129 2129 2129 2129 2129 2143 2143 2143 2143 2143 2143
    2129 2129 2143 2143 4774 4708 4708 4708 4708 2129 2129 2129 2129
    2129 2129 2129 2129 2129 2129 2129 2129 2143 2143 2129 2129 2129
    2129 2129 2129 2129 2143 2143 2143 2143 2143 2129 2129 2129 2143
    2143 2156 4708 4708 4708 4708 2129 2129 2129 2129 2129 2129 2129
    2143 2129 2129 2129 2129 2129 2129 2129 2129 2129 2129 2129 2129
    2129 2143 2129 2129 2129 2129 2129 2129 2129 2143 2143 2143 2143
    4645 4645 4708 2116 2129 2116 2116 2116 2129 2129 2129 2129 2129
    2129 2129 2129 2129 2129 2129 2129 2129 2129 2129 2129 2129 2129
    2129 2129 2129 2116 2116 2129 2143 2143 2143 2143 4645 4645 4708
    2116 2129 2116 2116 2116 2116 2129 2129 2129 2129 2129 2129 2129
    2129 2129 2129 2129 2129 2129 2129 2129 2129 2116 2116 2116 2116
    2116 2116 2129 2143 2143 2143 2143 4708 4708 4708 2129 2116 2116
    2116 2116 2116 2129 2129 2129 2129 2129 2129 2129 2129 2129 2129
    2129 2129 2129 2129 2129 2129 2116 2116 2116 2116 2116 2116 2129
    2143 2143 2143 2143 4708 4708 4708 2129 2116 2116 2116 2116 2116
    2129 2129 2129 2129 2129 2129 2129 2129 2129 2129 2129 2129 2129
    2129 2129 2129 2116 2116 2116 2129 2129 2129 2129 2143 2143 2143
    2156 4708 4708 4708 5056 2129 2129 2129 2116 2116 2116 2116 2129
    2129 2129 2116 2116 2129 2129 2129 2129 2129 2143 2143 2129 2129
    2129 2129 2129 2129 2129 2129 2143 2143 2143 2143 2156 4708 4708
    4708 4911 2143 2143 2143 2129 2129 2116 2116 2129 2129 2129 2116
    2116 2129 2129 2143 2143 2129 2129 2143 2143 2143 2129 2129 2129
    2129 2129 2143 2143 2143 2143 2143 2143 4708 4708 4708 4911 2143
    2143 2143 2129 2129 2129 2129 2129 2129 2129 2129 2129 2129 2129
    2143 2143 2129 2129 2143 2143 2143 2143 2143 2129 2129 2129 2129
    2143 2143 2143 2143 2143 4774 4774 4708 4911 4911 2143 2129 2129
    2129 2129 2129 2129 2129 2129 2129 2129 2129 2129 2129 2129 2129
    2129 2143 2143 2143 2143 2129 2129 2129 2129 2129 2129 2156 2129
    2129 2170 4842 4842 4708 4911 4911 2143 2129 2129 2129 2129 2129
    2129 2129 2129 2129 2129 2129 2116 2116 2129 2129 2129 2143 2129
    2129 2143 2129 2129 2129 2129 2129 2129 2143 2129 2129 2129 4842
    4842 4708 4911 4911 2116 2116 2116 2116 2129 2129 2129 2129 2143
    2129 2129 2129 2116 2116 2129 2129 2129 2143 2129 2129 2143 2129
    2129 2129 2129 2129 2129 2143 2129 2129 2129 2129 4842 4708 5132
    5132 2116 2116 2116 2116 2129 2129 2129 2129 2129 2129 2129 2129
    2129 2129 2129 2129 2129 2129 2129 2143 2143 2129 2129 2129 2129
    2129 2129 2143 2129 2129 2129 2129 4708 4708 5132 5132 2129 2129
    2116 2116 2129 2129 2129 2129 2129 2129 2129 2129 2129 2129 2129
    2129 2129 2129 2129 2143 2143 2143 2143 2143 2143 2129 2129 2143
    2129 2129 2129 2129 2129 4708 5132 5132 2103 2103 2103 2116 2129
    2129 2129 2129 2129 2129 2129 2129 2129 2129 2129 2129 2129 2129
    2129 2129 2143 2143 2143 2143 2143 2129 2129 2143 2129 2129 2129
    2129 2129 4708 5132 5132 2103 2103 2103 2116 2116 2129 2129 2129
    2129 2129 2129 2129 2129 2129 2129 2129 2129 2129 2129 2129 2129
    2129 2129 2129 2129 2129 2129 2129 2129 2129 2143 2143 2143 4708
    5132 5132 2116 2116 2116 2116 2116 2143 2143 2143 2129 2129 2129
    2129 2129 2129 2129 2129 2129 2129 2129 2129 2129 2129 2129 2129
    2129 2129 2129 2129 2129 2129 2129 2129 2129 4708 5132 5132 2170
    2116 2116 2116 2129 2143 2143 2143 2129 2129 2129 2129 2129 2129
    2116 2116 2129 2129 2129 2129 2129 2129 2129 2129 2116 2116 2129
    2129 2129 2129 2129 2129 2129 4708 5132 5132 2170 2170 2129 2129
    2129 2129 2129 2129 2129 2129 2129 2129 2129 2129 2116 2116 2129
    2129 2129 2129 2129 2129 2129 2116 2116 2116 2129 2129 2129 2129
    2129 2156 2156 4708 5132 5132 2170 2170 2143 2143 2129 2129 2129
    2129 2129 2129 2129 2129 2129 2129 2116 2116 2129 2129 2129 2129
    2129 2129 2129 2116 2116 2129 2129 2129 2129 2129 2129 2156 2156
    4708 5132 5132 2184 2184 2156 2143 2129 2129 2129 2129 2129 2129
    2129 2129 2129 2129 2116 2116 2116 2116 2129 2129 2129 2129 2129
    2116 2116 2116 2129 2129 2143 2143 2143 2143 2143 2143 5132 5132
    5132 2198 2170 2129 2116 2116 2129 2129 2129 2116 2116 2129 2129
    2129 2129 2129 2116 2116 2129 2129 2129 2129 2129 2116 2116 2116
    2129 2129 2143 2143 2143 2129 2129 2129 5132 5132 5132 5132 2116
    2116 2116 2116 2129 2129 2129 2116 2116 2129 2129 2129 2129 2129
    2116 2116 2116 2116 2129 2143 2129 2129 2129 2129 2129 2143 2143
    2143 2129 2129 2129 2129 5132 5132 5132 0 2116 2116 2116 2116 2129
    2129 2129 2129 2116 2116 2129 2129 2129 2129 2116 2116 2116 2116
    2129 2143 2129 2129 2129 2129 2129 2143 2143 2129 2129 2129 2129
    2129 5132 5132 5132 5056 2129 2129 2129 2129 2129 2129 2129 2129
    2116 2116 2129 2129 2129 2129 2129 2129 2129 2129 2129 2143 2143
    2129 2129 2129 2129 2143 2143 2129 2129 2129 2129 2129 5132 5056
    5056 5056 2156 2156 2143 2143 2143 2143 2129 2129 2129 2129 2129
    2143 2143 2143 2129 2129 2129 2129 2129 2143 2143 2129 2129 2143
    2143 2143 2143 2143 2143 2129 2129 2143 5132 5056 4911 4911 4911
    2156 2156 2143 2143 2143 2129 2129 2129 2143 2143 2143 2143 2143
    2143 2129 2129 2129 2143 2143 2143 2129 2129 2143 2143 2143 2143
    2143 2143 2129 2129 2143 5132 5056 4911 4911 4911 2170 2143 2143
    2143 2143 2129 2129 2143 2143 2143 2156 2143 2143 2143 2143 2143
    2143 2129 2129 2143 2143 2143 2143 2143 2143 2143 2143 2143 2143
    2143 2143 5132 5056 5056 5056 2170 2170 2129 2129 2129 2129 2129
    2129 2143 2143 2143 2143 2143 2143 2143 2143 2143 2143 2129 2129
    2129 2143 2143 2143 2143 2143 2143 2143 2143 2143 2143 2143 5132
    5132 5132 5132 2156 2129 2129 2129 2129 2129 2129 2129 2143 2143
    2143 2143 2143 2143 2143 2143 2143 2143 2129 2129 2129 2143 2143
    2143 2143 2143 2143 2143 2143 2143 2143 2143 5132 5132 5132 5132
    2156 2156 2129 2129 2129 2129 2129 2129 2129 2143 2143 2143 2143
    2129 2129 2129 2129 2143 2129 2129 2143 2143 2143 2143 2143 2143
