<?xml version="1.0"?>
<opencv_storage>
<Depth6704 type_id="opencv-matrix">
  <rows>115</rows>
  <cols>76</cols>
  <dt>w</dt>
  <data>
    3333 3333 3365 0 0 0 0 0 0 0 0 0 0 0 0 0 908 908 910 913 915 915 918
    0 0 0 0 0 0 0 0 0 0 0 0 0 0 0 0 0 0 0 0 0 0 0 0 0 0 0 0 0 0 0 0 0 0
    0 0 0 0 0 0 0 0 0 0 0 0 0 0 0 0 0 0 0 3365 3365 3365 0 0 0 0 0 0 0 0
    0 0 0 0 915 913 913 913 913 913 913 915 915 915 0 0 0 0 0 0 0 0 0 0
    0 0 0 0 0 0 0 0 0 0 0 0 0 0 0 0 0 0 0 0 0 0 0 0 0 0 0 0 0 0 0 0 0 0
    0 0 0 0 0 0 0 3365 3365 3365 0 0 0 0 0 0 0 0 0 0 0 920 915 913 913
    913 913 913 913 915 915 915 920 923 925 935 935 935 0 0 0 0 0 0 0 0
    0 0 0 0 0 0 0 0 0 0 0 0 0 0 0 0 0 0 0 0 0 0 0 0 0 0 0 0 0 0 0 0 0 0
    0 0 0 3399 3399 3399 0 0 0 0 0 0 0 0 0 0 930 920 918 913 910 906 906
    908 910 910 915 918 920 923 925 925 933 933 0 0 0 0 0 0 0 0 0 0 0 0
    0 0 0 0 0 0 0 0 0 0 0 0 0 0 0 0 0 0 0 0 0 0 0 0 0 0 0 0 0 0 0 0 0
    3399 3433 3433 0 0 0 0 0 0 0 0 0 0 930 925 920 913 908 906 906 906
    908 910 913 915 918 920 923 923 928 930 933 933 935 935 0 0 0 0 0 0
    0 0 0 0 0 0 0 0 0 0 0 0 0 0 0 0 0 0 0 0 0 0 0 0 0 0 0 0 0 0 0 0 0 0
    0 3468 3433 3433 0 0 0 0 0 0 0 0 0 0 930 925 920 910 906 903 903 906
    906 908 910 913 915 915 920 923 928 930 933 933 935 935 940 0 0 0 0
    0 0 0 0 0 0 0 0 0 0 0 0 0 0 0 0 0 0 0 0 0 0 0 0 0 0 0 0 0 0 0 0 0 0
    0 0 3468 3468 0 0 0 0 0 0 0 0 0 0 0 930 923 915 908 906 903 903 903
    906 908 910 913 913 915 918 920 925 930 933 935 935 938 940 943 946
    946 948 0 0 0 0 0 0 0 0 0 0 0 0 0 0 0 0 0 0 0 3539 3539 0 0 0 0 0 0
    0 0 0 0 0 0 0 0 0 3468 3468 0 0 0 0 0 0 0 0 0 0 933 925 920 913 908
    906 903 903 903 903 906 908 910 913 913 915 918 925 930 933 935 935
    935 938 943 946 946 948 954 956 956 956 0 0 0 0 0 0 0 0 0 0 0 0 0
    3539 3539 3503 3503 3503 0 0 0 3503 3503 0 0 0 0 0 0 0 0 3468 3468
    3468 0 0 0 0 0 0 0 0 0 0 930 925 918 910 906 903 901 901 901 903 906
    908 908 910 913 915 915 925 928 930 935 935 935 938 943 946 946 948
    951 956 956 956 0 0 0 0 0 0 0 0 0 0 3539 3539 3539 3503 3503 3503
    3503 3503 3503 3503 3503 3503 3503 3399 3399 3503 3503 3503 3503 0
    3468 3468 0 0 0 0 0 0 0 0 0 0 951 946 925 920 915 908 903 901 901
    901 901 903 906 908 908 910 913 915 915 923 928 928 933 935 938 938
    938 943 946 948 951 954 954 956 956 956 956 0 0 0 0 0 0 3539 3539
    3503 3503 3503 3503 3503 3503 3468 3468 3503 3503 3503 3503 3399
    3399 3468 3503 3503 3503 3503 3468 3468 0 0 0 0 0 0 987 984 984 956
    951 943 925 920 915 908 903 901 901 901 903 903 906 906 906 908 910
    913 915 923 925 928 930 935 935 935 938 938 943 946 948 951 954 956
    956 956 956 967 964 964 0 0 0 3539 3539 3503 3503 3539 3539 3503
    3503 3468 3468 3503 3503 3503 3468 3433 3433 3468 3503 3503 3503
    3503 3503 3503 0 0 0 0 0 0 981 975 975 954 948 940 925 920 910 906
    901 896 896 896 898 901 906 906 906 906 908 913 915 918 925 925 928
    933 935 935 935 938 940 946 946 948 951 954 956 956 959 964 964 964
    967 967 967 3539 3539 3539 3539 3468 3468 3468 3468 3468 3503 3503
    3503 3503 3468 3433 3433 3468 3503 3503 3503 3503 3503 3503 0 0 0 0
    0 0 978 975 975 954 948 940 925 918 910 906 901 896 896 896 896 901
    903 903 903 906 906 908 913 918 923 925 928 930 933 935 935 938 938
    943 946 948 951 954 956 956 959 962 967 967 967 967 970 970 975 981
    3539 3468 3468 3468 3468 3468 3503 3539 3539 3539 3539 0 0 0 3539
    3539 3503 3503 3503 3503 0 0 0 0 0 981 978 975 959 954 948 933 928
    918 910 906 898 894 894 894 894 898 901 901 903 906 906 906 910 918
    920 923 925 928 930 935 935 935 935 940 943 946 948 951 954 956 959
    959 964 967 967 967 970 970 975 981 984 984 987 987 987 987 987 987
    992 0 0 0 0 0 0 0 0 3503 3503 3503 0 0 0 0 984 981 978 973 956 954
    948 933 925 915 910 906 896 894 894 894 894 894 896 896 903 903 906
    906 908 918 918 923 923 925 928 933 935 935 935 938 940 946 948 948
    951 954 956 959 962 962 967 967 970 973 975 981 981 984 987 987 987
    987 987 987 992 0 0 0 0 0 0 0 0 0 0 0 0 0 0 0 984 981 978 973 956
    954 946 930 923 915 910 906 889 889 889 889 889 891 894 896 901 903
    903 906 906 918 918 920 923 925 928 930 933 935 935 938 940 943 946
    948 951 954 954 956 959 962 964 967 967 970 973 978 981 981 984 987
    987 987 987 987 992 992 992 0 0 0 0 0 0 0 0 0 0 0 0 0 0 978 975 970
    959 951 943 928 923 915 910 901 889 889 887 887 887 887 891 896 901
    903 903 906 906 915 915 918 920 925 925 928 930 933 933 935 938 940
    946 946 951 951 954 956 959 959 964 964 967 970 973 978 981 981 984
    987 987 987 987 992 995 992 992 0 0 0 0 0 0 0 0 0 0 0 0 0 0 975 973
    967 956 946 933 925 920 915 910 894 889 887 887 887 887 887 889 896
    901 901 903 906 906 913 915 918 920 925 925 928 928 930 933 935 938
    940 943 946 948 951 954 954 956 959 962 964 967 970 970 978 978 981
    981 987 987 989 989 992 995 1001 992 992 0 0 0 0 0 0 0 0 0 0 0 0 0
    973 970 964 956 946 930 925 920 913 906 894 887 887 885 885 887 887
    889 894 898 901 903 903 908 910 913 915 918 920 923 925 928 928 930
    933 938 940 943 943 948 948 951 954 956 956 959 964 964 967 970 975
    975 978 978 981 984 989 989 992 995 998 992 992 1001 0 0 0 0 0 0 0 0
    0 0 0 978 973 967 959 951 943 928 923 915 908 898 891 887 885 885
    885 887 887 889 894 896 898 901 903 906 908 913 915 918 920 920 925
    925 925 928 928 935 938 940 940 946 948 948 951 956 956 959 962 964
    967 970 970 970 975 978 981 981 984 989 992 992 998 1001 1001 1001
    1001 1004 0 0 0 0 0 0 0 0 0 978 975 964 956 951 933 928 923 908 901
    889 887 885 885 885 885 887 889 889 891 896 898 901 903 906 908 910
    913 915 918 920 923 925 925 928 928 930 935 938 938 943 946 948 951
    954 956 959 959 964 964 967 970 970 975 978 978 981 981 987 989 992
    998 1001 1001 1001 1001 1001 1007 0 0 0 0 0 0 0 0 978 975 959 954
    951 930 925 918 906 896 889 887 885 882 882 882 885 887 887 889 894
    896 898 901 906 906 908 913 915 918 918 920 923 923 925 928 930 935
    938 938 940 940 946 948 948 954 956 959 962 964 967 970 970 973 978
    978 981 981 981 984 989 995 998 1001 1001 1001 1001 1007 1013 1019 0
    0 0 0 0 975 975 970 959 954 948 928 923 915 906 896 889 885 882 880
    880 880 882 885 887 889 891 894 896 898 906 906 908 910 913 915 918
    918 923 923 923 925 928 933 935 935 938 940 943 946 948 954 954 956
    959 964 967 967 970 973 975 978 978 981 981 984 987 992 995 995 995
    1001 1004 1004 1010 1019 0 0 0 0 0 975 973 967 962 954 933 925 920
    915 906 898 889 885 878 878 878 880 880 885 885 887 889 891 894 896
    901 903 906 908 908 910 913 915 920 923 923 925 928 930 935 935 938
    938 943 946 948 951 954 956 956 962 964 967 970 973 975 978 978 981
    981 984 984 989 992 992 995 998 1004 1004 1007 0 0 0 0 0 0 975 970
    964 959 951 930 923 918 913 908 898 889 882 878 878 878 878 880 882
    885 887 889 891 894 894 898 901 906 906 908 908 910 915 915 918 920
    923 928 928 933 935 938 938 940 943 946 951 954 956 956 959 962 967
    967 970 973 975 978 978 981 984 984 989 989 992 992 998 1004 1004
    1004 1007 0 0 0 0 0 973 967 964 959 948 930 923 918 913 908 896 887
    882 878 875 875 878 880 880 885 887 887 887 891 891 896 898 903 906
    906 908 910 913 915 918 918 923 925 928 930 930 935 935 938 938 943
    951 951 954 956 956 959 964 967 967 970 973 975 978 981 984 984 987
    989 989 992 992 1001 1001 1001 1004 1007 0 0 0 0 970 964 962 956 946
    930 923 915 910 903 896 887 880 875 873 873 875 878 880 882 885 887
    887 889 891 896 898 903 906 906 908 908 913 915 918 918 920 925 928
    928 928 935 935 935 938 943 946 948 951 951 956 959 964 967 967 967
    970 973 978 978 981 984 987 989 989 989 989 995 1001 1001 1004 1007
    0 0 0 0 967 962 959 954 946 930 923 915 908 901 896 887 878 873 873
    873 875 875 880 882 882 885 885 889 891 896 896 901 903 906 908 908
    910 915 915 918 918 918 925 928 928 933 935 935 935 943 946 946 948
