<?xml version="1.0"?>
<opencv_storage>
<Depth13764 type_id="opencv-matrix">
  <rows>25</rows>
  <cols>34</cols>
  <dt>w</dt>
  <data>
    5832 5832 5832 5832 5832 5832 3433 3433 3468 3468 3503 3468 3468
    5640 5640 5640 5640 5548 5548 5548 5548 5460 5460 5460 5460 5374
    5374 5374 5291 5291 5374 5291 5291 5210 5933 5832 5832 5832 5832
    3433 3433 3433 3433 3468 3468 3468 3433 3433 3433 3433 3433 5548
    5548 5548 5548 5548 5460 5460 5460 5460 5374 5374 5374 5374 5374
    5374 5291 5210 5933 5832 5832 5832 5832 3433 3433 3433 3433 3433
    3468 3468 3433 3433 3433 3433 3433 3468 3468 5548 5548 5548 5460
    5460 5460 5460 5460 5460 5374 5374 5374 5374 5291 5210 5832 5832
    5832 5832 3433 3433 3433 3433 3433 3433 3468 3468 3433 3433 3468
    3433 3433 3433 3433 3399 3365 3365 5460 5460 5460 5460 5460 5460
    5460 5460 5460 5374 5291 5210 5832 5832 5832 5832 3433 3433 3433
    3433 3433 3433 3468 3468 3468 3468 3433 3433 3433 3433 3399 3399
    3365 3365 3365 3365 5460 5460 5460 5460 5460 5460 5460 5374 5291
    5291 5832 5832 5832 5832 3468 3433 3433 3433 3433 3433 3468 3468
    3468 3468 3433 3433 3433 3433 3399 3399 3365 3365 3365 3365 3365
    3365 3365 5548 5460 5460 5460 5374 5291 5291 5832 5832 5832 3503
    3503 3468 3468 3433 3433 3433 3468 3468 3468 3468 3433 3433 3399
    3399 3399 3399 3399 3365 3365 3365 3365 3365 3365 3365 3365 5460
    3333 3333 3333 3333 5933 5933 5933 3468 3468 3468 3468 3468 3433
    3433 3468 3468 3468 3468 3433 3433 3399 3399 3399 3399 3399 3365
    3365 3365 3365 3365 3365 3365 3365 3365 3333 3333 3300 3300 5832
    5832 3468 3468 3468 3468 3468 3433 3433 3433 3468 3468 3468 3468
    3468 3468 3433 3399 3399 3399 3399 3365 3365 3365 3365 3399 3365
    3365 3365 3365 3333 3333 3300 3300 5832 5832 3468 3468 3468 3468
    3433 3433 3433 3433 3468 3468 3468 3468 3468 3433 3433 3433 3399
    3399 3399 3365 3365 3365 3365 3365 3365 3365 3365 3333 3333 3333
    3333 3333 5832 3503 3468 3468 3468 3433 3433 3433 3433 3433 3468
    3468 3468 3468 3468 3433 3433 3433 3399 3399 3399 3365 3365 3365
    3365 3365 3365 3365 3365 3333 3333 3333 3333 3333 3576 3503 3468
    3468 3468 3433 3433 3433 3433 3433 3468 3468 3468 3468 3468 3433
    3433 3399 3399 3399 3399 3365 3365 3365 3365 3365 3365 3365 3365
    3333 3333 3333 3333 3333 3539 3503 3468 3468 3468 3468 3468 3468
    3433 3433 3468 3468 3468 3468 3433 3433 3433 3399 3399 3399 3399
    3365 3365 3365 3365 3365 3365 3365 3333 3333 3333 3333 3333 3333
    3539 3503 3468 3468 3468 3468 3468 3468 3468 3468 3468 3468 3468
    3468 3433 3433 3433 3399 3365 3365 3365 3365 3365 3365 3365 3365
    3365 3365 3333 3333 3333 3333 3365 3365 3539 3503 3468 3468 3468
    3468 3468 3468 3468 3468 3468 3468 3468 3468 3433 3433 3433 3399
    3365 3365 3365 3365 3365 3365 3365 3365 3365 3365 3333 3333 3333
    3333 3365 3365 3539 3503 3503 3503 3468 3468 3468 3468 3468 3468
    3468 3468 3468 3468 3468 3433 3433 3399 3399 3365 3365 3399 3365
    3365 3365 3365 3365 3333 3333 3333 3333 3333 3365 5548 3576 3539
    3503 3503 3468 3468 3468 3468 3433 3433 3468 3468 3468 3468 3433
    3433 3433 3433 3399 3399 3399 3365 3365 3365 3365 3365 3365 3333
    3333 3333 3333 5460 5460 5548 3576 3539 3503 3503 3433 3433 3468
    3468 3433 3433 3468 3468 3468 3468 3433 3433 3433 3433 3433 3399
    3399 3365 3365 3365 3365 3365 3365 3365 3365 3365 3365 5374 5374
    5460 5640 5734 5734 5734 3433 3433 3468 3468 3468 3468 3468 3468
    3468 3468 3433 3433 3433 3433 3433 3433 3399 3365 3365 3365 3365
    3365 3365 3365 3365 3365 3503 5374 5291 5291 5734 5734 5734 5734
    5640 5640 5734 3468 3468 3433 3433 3433 3433 3433 3433 3433 3433
    3433 3433 3433 3399 3365 3365 3365 3365 3365 3365 3365 3365 3365
    3503 5291 5210 5210 5734 5734 5734 5734 5734 5734 5734 5734 3433
    3433 3433 3399 3399 3433 3433 3433 3433 3433 3433 3433 3399 3399
    3365 3365 3365 3365 3365 3365 3365 3365 5460 5291 3365 3333 5640
    5640 5640 5734 5832 5832 5832 5734 5734 5734 5734 3399 3399 3433
    3433 3433 3433 3399 3399 3399 3399 3399 3365 3365 3365 3365 3365
    3365 3365 5460 5460 5460 3365 3333 5640 5640 5640 5734 5734 5640
    5734 5734 5734 5734 5640 5548 5548 5460 3468 3468 3468 3399 3399
    3399 3399 3399 3365 3365 3365 3365 3365 3365 5374 5374 5460 5460
    3365 3365 5640 5640 5640 5640 5640 5640 5640 5734 5734 5734 5640
    5548 5548 5460 5460 5460 5548 3433 3433 3433 3399 3365 3365 3333
    3333 3333 3333 3333 5291 5291 5374 5460 3468 3365 5640 5640 5640
    5548 5548 5640 5640 5548 5548 5548 5548 5548 5548 5460 5460 5460
    5548 5548 5548 5548 3399 3365 3365 3333 3333 3333 3333 3333 5291
    5291 3614 3539 3468 3399</data></Depth13764>
</opencv_storage>
