<?xml version="1.0"?>
<opencv_storage>
<Depth11073 type_id="opencv-matrix">
  <rows>98</rows>
  <cols>80</cols>
  <dt>w</dt>
  <data>
    3774 3732 3653 3653 3653 3653 3653 3653 3653 3614 3614 3614 3614
    3539 1001 1001 1001 995 995 998 998 3539 3539 1070 1067 1063 1054
    1054 1054 1050 1050 3365 1038 1038 1041 3300 3300 3300 3269 3269
    3269 3238 3238 3238 3238 3208 3208 3178 3178 3178 3149 3149 3120
    3120 3120 3092 3092 3064 3064 3092 3064 3064 3064 3064 3037 3037
    3037 3037 3010 3010 2984 2958 2958 2958 2958 2933 2933 2933 2933
    2908 3732 3692 3653 3614 3614 3653 3653 3653 3653 3614 3614 3614 995
    995 998 998 998 1001 998 998 992 992 1060 1060 1067 1063 1044 1044
    1044 1044 1041 1041 1038 1038 1034 1034 1034 3333 3333 3269 3269
    3238 3238 3238 3208 3208 3208 3178 3178 3178 3149 3149 3120 3120
    3120 3120 3092 3092 3092 3092 3064 3064 3064 3064 3037 3037 3037
    3037 3010 3010 2984 2958 2958 2958 2958 2933 2933 2933 2933 2933
    3732 3692 3614 3614 3614 3653 3692 3692 3692 3614 995 992 992 992
    992 992 992 992 992 992 989 989 989 1060 1067 1067 1044 1038 1038
    1038 1034 1034 1034 1031 1028 1028 1025 1025 1022 1022 1022 1022
    1025 3238 3208 3208 3208 3178 3178 3178 3149 3149 3120 3120 3120
    3120 3120 3092 3092 3092 3092 3064 3064 3064 3064 3037 3037 3037
    3037 3010 3010 2958 2958 2958 2958 2958 2958 2933 2933 2933 3774
    3732 3576 3576 3614 0 3614 995 0 995 995 992 992 992 989 989 989 987
    984 981 981 981 981 984 984 1025 1025 1025 1031 1031 1028 1025 1025
    1025 1025 1022 1022 1019 1019 1019 1019 1019 1019 1016 1016 1016
    1016 3208 3208 3178 3149 3149 3120 3120 3120 3120 3120 3092 3092
    3120 3092 3064 3064 3064 3064 3037 3037 3037 3037 3010 3010 2984
    2958 2958 2958 2958 2958 2933 2933 2933 3774 3774 3576 3576 0 3576 0
    0 0 995 995 989 989 989 989 987 984 981 981 981 978 978 973 973 970
    970 1025 1025 1031 1031 1016 1016 1016 1016 1016 1013 1013 1013 1013
    1013 1016 1016 1016 1013 1013 1013 1013 1013 3178 3178 3149 3120
    3120 3120 3120 3120 3120 3120 3120 3120 3064 3064 3064 3064 3037
    3037 3037 3037 3037 3010 3010 2984 2958 2958 2958 2958 2958 2933
    2933 2933 3774 3774 3653 3653 0 0 0 0 0 989 989 989 989 989 987 981
    981 978 978 978 975 973 970 967 967 964 962 962 956 956 956 956 956
    964 1016 1013 1013 1010 1010 1010 1010 1010 1007 1007 1007 1013 1013
    0 3149 3149 3149 3120 3120 3120 3120 3120 3120 3120 3120 3120 3064
    3064 3064 3064 3037 3037 3037 3037 3037 3010 3010 2984 2984 2958
    2958 2958 2958 2933 2933 2933 3774 3774 3774 0 0 0 0 0 0 989 989 989
    989 989 984 981 981 978 978 975 973 970 967 964 964 964 962 959 956
    954 954 956 956 956 959 959 959 956 956 1010 1010 1010 1007 1007
    1007 1007 1007 0 0 3037 0 3037 0 0 3120 3120 3120 3120 3120 3120
    3064 3064 3064 3037 3037 3037 3037 3037 3037 3010 3010 2984 2984
    2958 2958 2958 2958 2933 2933 2933 3774 3774 3774 0 0 0 0 0 0 989
    989 989 989 989 984 981 981 978 978 973 970 970 964 962 962 959 956
    954 951 951 951 951 954 954 948 948 948 948 946 940 940 940 938 938
    935 935 925 925 925 3037 0 3037 0 0 3010 3010 975 3120 3120 3120
    3092 3064 3037 3010 3010 3010 3010 3010 3010 3010 2984 2984 2958
    2958 2958 2958 2958 2933 2933 2933 3774 3774 3774 3774 0 0 0 0 0 992
    992 989 989 989 987 984 981 978 978 973 970 967 964 962 959 959 956
    954 951 948 948 948 946 946 940 940 940 940 940 938 938 938 938 938
    935 935 925 925 925 3037 3037 3037 3010 3010 3010 0 0 975 975 3092
    3092 975 975 975 975 2958 2958 3010 3010 2984 2958 948 943 943 943
    940 940 2933 2933 2933 3774 3774 3774 3774 0 0 0 0 0 992 992 989 989
    989 987 984 984 981 978 975 970 967 964 962 959 959 956 951 948 948
    946 946 943 940 938 938 938 935 935 933 930 930 930 930 930 928 925
    925 928 925 925 928 928 930 930 930 930 975 975 975 975 973 973 973
    973 973 973 973 973 970 970 943 943 943 940 940 938 938 938 938 3774
    3774 3774 3774 0 0 0 0 998 995 992 992 989 989 987 987 984 981 978
    975 973 967 967 962 959 959 956 951 948 948 946 943 938 938 935 935
    933 933 928 928 925 925 925 925 923 923 923 923 925 925 923 923 923
    928 930 930 930 975 975 973 973 973 973 973 973 970 970 967 967 962
    956 943 940 940 940 940 938 938 938 948 3774 3816 3816 0 0 0 0 0 998
    995 992 992 989 989 987 987 984 981 978 975 973 970 967 964 962 959
    959 954 951 948 946 943 938 938 935 935 933 930 928 928 925 925 923
    920 918 918 918 918 923 925 920 918 913 910 910 913 913 913 910 901
    901 2933 2908 2908 973 970 918 918 967 962 954 943 940 938 938 940
    946 948 948 948 3774 3816 3816 0 0 0 0 0 998 995 995 992 989 989 989
    987 984 981 978 975 973 970 967 964 962 959 959 956 951 948 946 943
    940 938 935 935 930 928 928 925 923 923 923 920 918 915 910 910 913
    913 910 908 908 908 908 910 910 906 903 901 901 898 898 894 894 894
    915 906 906 906 908 940 938 938 938 938 940 946 948 948 3774 3774 0
    0 0 0 0 0 998 995 992 992 989 989 989 987 984 981 978 975 973 967
    967 964 962 959 959 956 951 948 946 946 940 938 935 935 930 928 928
    925 923 923 920 918 915 915 910 908 908 906 906 903 903 903 903 903
    903 901 901 898 898 898 896 894 891 891 891 891 894 903 908 910 913
    930 930 935 938 940 946 946 3774 3774 0 0 0 0 0 0 998 995 992 992
    989 989 989 987 984 981 978 975 970 967 967 964 962 959 959 956 954
    948 948 946 943 938 938 935 935 930 928 928 925 923 920 918 915 915
    910 908 908 906 903 901 901 901 901 901 901 898 896 894 894 891 889
    889 889 889 889 889 889 896 908 908 913 920 920 920 930 935 938 940
    3774 3774 0 0 0 0 0 0 998 998 992 992 989 989 989 987 984 981 978
    975 970 967 967 964 962 959 959 956 954 951 948 946 943 938 938 935
    935 933 930 928 925 923 920 918 915 915 910 910 908 906 903 901 901
    901 898 898 898 896 894 891 889 887 885 885 885 882 882 882 875 875
    875 901 901 910 910 918 920 933 938 940 3774 3774 0 0 0 0 0 0 998
    998 998 992 989 989 989 989 984 981 978 975 970 967 967 964 962 959
    959 956 954 951 948 946 943 938 938 935 935 933 930 928 925 923 918
    918 915 915 913 910 908 906 906 901 901 898 898 898 898 896 891 889
    887 885 882 882 880 878 875 875 875 875 875 882 891 891 908 918 920
    933 938 938 3774 3774 3774 0 0 0 0 998 998 998 998 995 989 989 989
    989 984 981 981 975 970 970 967 964 964 959 959 956 954 951 948 946
    946 940 938 935 935 933 930 928 925 923 918 918 915 915 913 910 908
    906 906 903 901 898 898 898 898 896 891 887 885 882 880 880 878 875
    873 871 871 873 875 882 889 891 908 918 923 948 948 0 3774 3774 3774
    0 0 0 0 998 998 998 998 995 992 992 989 989 984 981 978 978 973 970
    970 967 964 959 959 956 954 951 948 946 946 940 938 935 935 933 930
    928 925 923 920 918 918 915 915 910 908 908 906 903 903 901 901 898
    898 894 889 887 885 882 880 880 875 875 873 871 871 871 875 882 889
    891 910 918 923 0 0 940 3816 3816 0 0 0 0 0 998 998 998 998 995 989
    989 989 987 984 981 978 978 973 970 970 967 967 962 959 956 956 951
    948 946 943 940 938 938 935 933 930 928 925 925 920 918 918 915 915
    910 908 906 906 903 903 901 901 898 898 894 889 887 885 882 880 880
    875 873 873 871 871 871 875 880 894 896 910 920 925 0 0 0 3816 3816
    0 0 0 0 0 0 1001 1001 998 995 989 989 989 987 984 981 981 978 973
    973 970 967 964 962 959 956 956 951 948 946 943 940 938 938 935 933
    930 928 925 925 920 918 918 915 913 913 908 906 906 903 903 901 901
    898 898 894 889 887 885 882 880 880 875 873 873 871 871 873 875 880
    898 903 915 920 925 930 940 940 3816 0 0 0 0 0 0 0 1001 1001 998 995
    989 989 989 987 984 981 981 978 975 973 970 967 964 962 959 956 956
    951 948 946 943 940 938 938 935 935 930 928 925 925 923 920 920 915
    913 913 908 908 906 903 903 903 901 898 896 894 889 887 885 882 880
    880 875 875 873 873 873 873 875 882 901 906 915 923 928 930 940 951
    3732 0 0 0 0 0 0 0 1001 1001 998 998 992 992 992 989 984 981 981 978
