<?xml version="1.0"?>
<opencv_storage>
<Depth12662 type_id="opencv-matrix">
  <rows>13</rows>
  <cols>21</cols>
  <dt>w</dt>
  <data>
    5291 5210 5210 5210 5210 5210 5210 5132 5132 5210 5210 5291 5210
    5210 5210 5210 6889 7030 7030 7030 6889 5291 5210 5210 5210 5210
    5210 5210 5210 5210 5210 5210 5291 5210 5210 5210 5210 5210 5210
    5210 7030 6889 5374 5210 5210 5210 5210 5210 5210 5210 5210 5291
    5210 5210 5210 5291 5291 5210 5210 5210 5210 7030 6889 5210 5210
    5210 5210 5210 5210 5210 5210 5210 5291 5210 5210 5210 5210 5210
    5210 5210 5132 5132 7030 6889 5210 5210 5210 5210 5210 5210 5210
    5132 5132 5210 5210 5210 5210 5210 5210 5210 5210 5132 5132 5132
    5056 5132 5132 5132 5132 5132 5132 5210 5132 5132 5210 5210 5210
    5210 5210 5210 5210 5132 5132 5132 5132 5056 5132 5132 5132 5132
    5132 5132 5132 5132 5132 5210 5210 5210 5210 5210 5210 5210 5132
    5132 5132 5132 5132 5132 5132 5132 5132 5132 5132 5132 5132 5132
    5210 5210 5210 5210 5132 5132 5210 5132 5132 5132 5132 5056 5210
    5132 5132 5132 5132 5132 5132 5132 5132 5210 5210 5132 5132 5132
    5132 5132 5132 5056 5056 5056 5056 5210 5132 5132 5132 5132 5132
    5132 5132 5132 5210 5210 5132 5132 5132 5132 5132 5056 4983 4983
    7178 7178 5210 5210 5132 5132 5132 5132 5132 5132 5132 5210 5210
    5132 5132 5132 5132 5132 5056 4983 4983 7030 6889 5132 5132 5132
    5132 5132 5056 5056 5132 5132 5210 5210 5210 5210 5210 5132 5132
    5056 4911 4911 7030 6889 5132 5132 5132 5132 5132 5056 5056 5132
    5132 5291 5210 5210 5210 5210 5210 5132 5056 4911 4911 7030 6889</data></Depth12662>
</opencv_storage>
