<?xml version="1.0"?>
<opencv_storage>
<Depth9997 type_id="opencv-matrix">
  <rows>21</rows>
  <cols>88</cols>
  <dt>w</dt>
  <data>
    984 984 984 0 0 1981 1981 1981 1981 1993 1970 1970 1947 1947 1959
    1959 1947 1926 1915 1915 1947 1936 1915 1904 1904 1904 1904 1904
    1904 1904 1904 1894 1883 1883 1873 1873 1873 1873 1863 1863 1853
    1853 1853 1843 1843 1833 1833 1843 1843 1843 1833 1833 1843 1833
    1833 1833 1823 1813 1804 1804 1794 1794 1794 1785 1785 1776 1776
    1776 1766 1766 1757 1757 1748 1739 1739 1731 1731 1731 1722 1722
    1713 1713 1705 1705 1705 1696 1688 1671 987 987 987 0 0 1981 1981
    1981 1993 1993 1981 1981 1993 1970 1970 1959 1959 1959 1947 1947
    1947 1936 1926 1915 1904 1904 1904 1904 1904 1915 1904 1904 1894
    1894 1883 1883 1873 1873 1863 1863 1853 1853 1853 1843 1843 1833
    1833 1843 1843 1843 1833 1833 1833 1833 1833 1833 1823 1813 1804
    1804 1794 1794 1794 1785 1776 1766 1766 1766 1757 1757 1757 1757
    1748 1739 1739 1731 1722 1722 1713 1713 1705 1696 1696 1705 1696
    1688 1671 1671 992 992 992 0 2028 1981 1981 1981 1993 1993 1993 1993
    1993 1981 1981 1981 1970 1959 1947 1947 1947 1947 1947 1936 1926
    1926 1915 1904 1904 1904 1904 1904 1894 1894 1894 1883 1883 1873
    1873 1873 1863 1863 1853 1843 1843 1833 1833 1833 1833 1833 1833
    1833 1833 1833 1833 1823 1813 1804 1804 1794 1794 1794 1794 1785
    1776 1766 1766 1766 1757 1757 1748 1739 1739 1731 1731 1731 1722
    1722 1713 1713 1705 1696 1696 1705 1696 1688 1663 1663 992 992 992
    2028 2028 2028 2005 1993 1993 2005 2005 2005 2005 1993 1981 1981
    1970 1959 1947 1947 1947 1947 1936 1936 1926 1915 1915 1904 1904
    1904 1904 1904 1904 1894 1894 1894 1883 1873 1873 1873 1863 1853
    1853 1833 1833 1833 1833 1833 1833 1833 1833 1833 1833 1823 1813
    1813 1813 1804 1804 1794 1794 1794 1794 1776 1776 1776 1766 1766
    1748 1748 1739 1739 1739 1731 1731 1722 1722 1713 1713 1705 1696
    1696 1696 1705 1705 1688 1663 1663 1004 1004 1004 2028 2028 2028
    2016 1993 1993 1993 1993 1993 1993 1981 1981 1970 1970 1959 1959
    1959 1947 1947 1936 1936 1926 1915 1915 1904 1904 1904 1904 1904
    1904 1904 1894 1894 1883 1873 1873 1863 1863 1853 1843 1833 1833
    1833 1833 1833 1833 1833 1833 1833 1813 1813 1804 1804 1804 1804
    1794 1794 1785 1785 1776 1766 1766 1766 1766 1766 1748 1748 1739
    1739 1739 1731 1731 1722 1713 1713 1713 1705 1696 1696 1696 1705
    1696 1680 1663 1663 1010 1010 0 2028 2028 2028 2016 2005 1993 1993
    1981 1981 1981 1981 1981 1970 1970 1959 1959 1959 1947 1947 1936
    1926 1915 1915 1915 1904 1904 1904 1904 1904 1904 1894 1894 1883
    1873 1863 1863 1863 1843 1833 1833 1833 1833 1833 1833 1843 1833
    1833 1833 1833 1813 1804 1804 1804 1804 1794 1785 1785 1776 1766
    1766 1766 1766 1766 1766 1766 1766 1757 1739 1739 1739 1731 1731
    1722 1713 1713 1713 1713 1713 1696 1696 1705 1696 1680 1663 1663
    1013 1013 0 2028 2028 2016 2005 2005 1993 1993 1981 1981 1981 1981
    1981 1970 1970 1959 1959 1959 1947 1936 1926 1926 1915 1915 1915
    1904 1904 1904 1904 1904 1904 1894 1883 1873 1873 1863 1863 1853
    1843 1833 1833 1833 1833 1833 1833 1833 1833 1833 1833 1833 1813
    1804 1804 1804 1804 1794 1785 1776 1766 1766 1766 1766 1766 1766
    1766 1766 1766 1757 1748 1748 1748 1731 1731 1731 1722 1722 1722
    1722 1713 1705 1696 1696 1696 1680 1671 1671 1016 1016 0 2028 2028
    2016 2005 1993 1993 1993 1981 1981 1981 1981 1981 1970 1970 1959
    1959 1947 1947 1936 1926 1915 1915 1915 1915 1915 1904 1904 1894
    1894 1883 1883 1873 1873 1863 1863 1853 1853 1843 1833 1833 1833
    1833 1833 1833 1833 1833 1833 1823 1813 1804 1804 1804 1804 1804
    1794 1785 1776 1766 1766 1766 1766 1766 1766 1766 1766 1766 1757
    1757 1757 1757 1739 1731 1731 1722 1722 1722 1722 1713 1705 1696
    1696 1696 1671 1671 1671 1019 0 2028 2028 2028 2016 2005 1993 1993
    1993 1981 1981 1993 1993 1981 1981 1970 1959 1959 1947 1947 1926
    1926 1915 1915 1904 1904 1904 1904 1904 1883 1883 1883 1883 1873
    1863 1863 1863 1853 1843 1843 1833 1833 1833 1833 1833 1833 1833
    1823 1823 1813 1813 1804 1804 1804 1804 1804 1794 1785 1776 1776
    1776 1766 1766 1766 1766 1766 1766 1766 1757 1757 1757 1757 1748
    1739 1731 1731 1731 1731 1722 1713 1705 1705 1696 1696 1671 1671
    1671 1028 0 2028 2028 2028 2016 2005 1993 1993 1993 1981 1981 1993
    1981 1981 1970 1959 1959 1959 1947 1936 1926 1915 1904 1904 1904
    1904 1904 1904 1904 1883 1883 1873 1873 1873 1863 1863 1853 1843
    1833 1833 1823 1823 1833 1833 1833 1833 1833 1823 1823 1813 1813
    1804 1804 1804 1794 1794 1794 1785 1776 1776 1776 1776 1776 1766
    1766 1766 1766 1776 1766 1757 1757 1757 1757 1748 1748 1748 1748
    1739 1731 1713 1705 1705 1713 1713 1722 1713 1713 1031 0 2016 2016
    2016 2016 2005 1993 1981 1981 1970 1970 1981 1970 1970 1970 1959
    1959 1959 1936 1936 1926 1915 1904 1904 1904 1904 1904 1904 1904
    1883 1883 1873 1873 1873 1873 1873 1853 1843 1833 1833 1823 1823
    1833 1833 1833 1833 1833 1823 1823 1823 1813 1804 1804 1804 1794
    1794 1785 1785 1776 1776 1776 1794 1794 1766 1766 1766 1766 1776
    1766 1766 1766 1766 1766 1757 1757 1757 1757 1757 1748 1731 1731
    1748 1757 1766 1748 1739 1739 1038 0 2016 2016 2005 1993 1993 1981
    1981 1981 1970 1970 1970 1959 1959 1959 1959 1959 1947 1936 1926
    1915 1915 1915 1904 1904 1904 1904 1904 1904 1904 1894 1883 1873
    1873 1873 1873 1863 1853 1843 1833 1833 1833 1843 1843 1833 1833
    1833 1823 1823 1823 1813 1804 1804 1804 1794 1794 1785 1785 1785
    1785 1785 1804 1794 1794 1785 1785 1785 1785 1785 1785 1785 1785
    1785 1776 1776 1766 1766 1766 1766 1766 1766 1766 1766 1766 1757
    1739 1739 0 2028 2016 2016 2005 1993 1981 1981 1981 1981 1970 1970
    1970 1959 1959 1959 1959 1959 1947 1936 1926 1915 1915 1915 1915
    1904 1904 1904 1904 1904 1904 1894 1894 1873 1873 1873 1873 1863
    1863 1863 1853 1853 1853 1853 1853 1843 1843 1843 1843 1843 1843
    1833 1804 1804 1804 1804 1804 1794 1794 1794 1794 1804 1823 1823
    1823 1823 1804 1804 1794 1794 1794 1794 1794 1794 1794 1785 1776
    1776 1776 1776 1776 1766 1766 1766 1766 1757 1739 1739 1054 2028
    2028 2016 2005 1993 1981 1981 1981 1981 1981 1981 1970 1959 1959
    1959 1959 1959 1947 1936 1936 1915 1915 1915 1915 1915 1915 1915
    1915 1915 1915 1915 1904 1894 1894 1894 1883 1873 1873 1873 1873
    1883 1883 1873 1873 1873 1873 1873 1873 1863 1863 1853 1853 1873
    1853 1853 1853 1853 1863 1813 1813 1833 1823 1823 1833 1833 1833
    1823 1823 1813 1804 1804 1804 1794 1794 1794 1794 1794 1794 1794
    1794 1785 1785 1776 1766 1766 2301 2286 2065 2028 2028 2016 2016
    1993 1993 1981 1981 1981 1981 1981 1981 1959 1959 1959 1970 1970
    1947 1947 1947 1936 1936 1926 1926 1926 1936 1936 1936 1926 1926
    1915 1915 1915 1915 1915 1894 1894 1894 1894 1904 1904 1904 1894
    1883 1883 1883 1883 1883 1883 1883 1883 1873 1873 1873 1873 1863
    1863 1863 1863 1863 1843 1833 1833 1823 1823 1823 1833 1833 1823
    1804 1804 1804 1794 1794 1794 1794 1804 1804 1804 1804 1804 1804
    1804 2365 2349 2333 2301 2065 2065 2040 2028 2016 2005 1993 1993
    1993 1993 1993 1993 1993 1981 1981 1981 1993 1993 1970 1970 1970
    1959 1959 1959 1959 1959 1959 1959 1959 1947 1936 1936 1936 1936
    1936 1936 1926 1915 1915 1915 1915 1904 1904 1894 1894 1894 1894
    1894 1894 1883 1883 1883 1883 1883 1873 1873 1863 1863 1863 2485
    2467 2467 1833 1833 1823 1823 1823 2450 2450 2450 2432 2432 2415
    2398 1794 1794 1794 1804 1813 1823 2398 2398 2381 2381 2381 2349
    2349 2333 2065 2065 2053 2040 2028 2005 2005 2005 2005 2016 2016
    2028 2028 2016 2005 2005 2016 2005 2005 1993 1993 1993 1981 1981
    1970 1970 1970 1970 1970 1959 1959 1947 1947 1947 1947 1947 1936
    1936 1936 1936 1926 1915 1915 1915 1904 1904 1904 1915 1904 1904
    1883 1883 1883 1883 1883 2522 2522 2522 2485 2485 2485 2467 2467
    2467 2467 2467 2467 2467 2467 2450 2450 2450 2432 2415 2415 2415
