<?xml version="1.0"?>
<opencv_storage>
<Depth11606 type_id="opencv-matrix">
  <rows>110</rows>
  <cols>76</cols>
  <dt>w</dt>
  <data>
    3774 3816 3859 3859 3859 3859 3903 935 935 933 933 3994 3994 3994
    3948 3948 962 959 959 962 959 959 956 956 951 951 954 954 962 962
    962 956 956 956 956 4405 4405 4405 4405 4405 4463 4463 4522 4522
    4463 4463 4463 4405 4405 4405 4405 4349 4349 4295 4295 4295 4241
    4241 4241 4190 4190 4139 4139 4139 4139 4139 4139 4041 4041 4041
    3994 3994 3994 3948 3948 3903 3774 3816 3859 3859 3859 3859 933 933
    933 930 930 933 4041 4041 4041 954 954 954 954 956 956 956 954 951
    946 946 948 948 962 943 943 943 956 956 956 0 0 0 0 0 4582 4582 4582
    4522 4463 4463 4463 4405 4405 4405 4405 4349 4349 4295 4295 4295
    4190 4190 4190 4139 4139 4139 4139 4139 4139 4190 4139 4041 4041
    4041 3994 3994 3948 3948 3948 3948 3774 3859 3903 3859 3859 3859 933
    933 933 930 930 933 935 943 948 951 951 948 948 951 951 951 948 946
    943 943 948 933 933 925 925 925 925 915 915 915 0 0 0 0 0 4708 4582
    4582 878 878 4463 885 878 878 4405 4349 4349 4349 4349 833 833 829
    829 829 4139 4190 4139 4139 4139 4139 0 4041 4041 4041 3994 3994
    3948 3948 3948 3948 0 3903 3903 935 933 933 933 933 933 933 933 935
    935 943 948 948 948 946 946 946 943 943 938 935 935 943 920 920 920
    923 923 920 913 910 910 910 0 0 0 0 0 0 878 878 875 875 875 875 871
    867 867 867 856 851 851 831 831 829 829 829 831 831 831 837 837 837
    0 0 4089 3994 3994 3994 3948 3948 3948 3948 0 935 935 933 933 933
    933 933 930 928 928 935 938 943 943 943 943 940 940 940 940 935 933
    933 935 935 920 920 920 920 920 920 913 910 910 910 0 0 0 0 0 887
    873 873 873 873 875 875 864 862 862 860 854 849 847 831 831 829 829
    829 831 831 827 837 837 837 839 0 0 3994 3994 3994 3948 3948 3948
    3948 0 938 935 933 930 930 920 915 913 913 913 913 946 946 943 943
    943 940 940 940 940 935 933 933 933 908 896 896 910 918 918 920 920
    0 0 0 0 0 0 0 0 880 873 871 871 871 867 860 858 856 851 849 849 845
    841 833 833 829 829 827 827 827 827 837 837 837 839 0 0 0 3994 3994
    3994 3994 3948 3948 0 938 935 935 928 925 920 913 910 906 906 906
    885 875 875 875 878 878 867 867 849 898 898 898 896 891 891 891 891
    918 918 0 0 0 0 0 0 0 0 0 0 873 869 862 858 858 849 847 847 843 843
    841 841 841 841 835 835 831 825 825 825 825 825 833 833 835 839 0 0
    0 0 0 3994 3994 3994 3948 943 938 935 935 928 923 918 913 903 901
    894 889 885 878 875 873 871 867 867 867 849 845 898 898 894 889 889
    891 891 903 903 903 0 0 0 0 0 0 0 0 0 873 869 862 851 849 849 837
    835 835 837 837 837 837 841 839 839 817 817 819 819 823 827 831 831
    835 837 0 0 0 0 0 0 3994 3994 3948 943 940 938 935 928 923 918 913
    903 901 894 889 882 878 873 871 867 858 854 851 849 845 845 845 894
    889 889 894 896 901 903 903 0 0 0 0 0 0 0 0 0 0 851 851 851 843 843
    831 829 829 833 833 835 835 841 811 811 813 817 819 819 821 827 831
    831 835 837 0 0 0 0 0 0 3994 3994 3948 0 943 940 938 930 923 918 913
    903 901 894 889 882 878 873 871 864 858 854 849 847 845 841 837 837
    837 823 823 898 901 903 0 0 0 0 0 0 0 0 0 0 0 785 787 787 787 829
    827 827 827 833 833 803 803 807 809 811 813 815 817 819 821 827 833
    833 835 837 0 0 0 0 0 0 3994 3994 3948 0 943 940 938 930 923 918 913
    903 901 896 891 885 878 875 871 864 858 854 849 847 845 841 833 827
    823 821 817 813 811 809 809 0 0 0 0 0 0 0 0 0 0 785 785 785 787 787
    787 789 792 796 800 802 803 805 809 811 813 815 817 819 825 829 833
    833 837 837 0 0 0 0 0 0 3994 3948 3948 0 943 940 938 933 925 920 915
    906 903 898 894 887 882 875 873 864 860 856 851 847 845 841 833 827
    823 819 815 811 811 807 803 800 794 790 783 783 778 774 773 771 771
    771 785 785 787 787 787 789 792 796 800 802 803 805 809 811 813 815
    817 819 827 829 833 833 837 839 0 0 0 0 0 0 3948 3948 3948 0 0 940
    938 933 925 920 918 908 903 901 894 889 882 878 873 867 862 858 854
    849 845 841 837 827 823 817 815 811 811 807 803 800 794 790 783 781
    778 774 773 771 771 776 780 783 785 787 789 790 794 796 800 802 803
    807 809 811 813 817 819 819 827 833 833 835 837 839 0 0 0 0 0 0 3948
    3948 3948 0 0 940 938 933 928 920 915 908 906 901 896 891 882 878
    873 867 862 858 854 849 845 841 839 829 823 817 815 811 811 809 803
    800 796 792 785 781 776 774 773 773 774 776 780 781 785 787 789 790
    794 796 800 802 803 807 809 811 815 817 819 821 827 831 831 835 837
    839 0 0 0 0 0 0 3948 3948 3948 0 0 940 938 935 930 925 915 908 906
    901 896 891 885 878 873 869 862 858 854 851 847 843 839 833 825 817
    815 813 811 807 803 800 796 792 785 781 776 774 774 774 776 778 781
    781 787 789 789 792 796 798 800 802 805 809 809 811 815 817 821 823
    827 829 831 833 837 839 841 0 0 0 0 0 3994 3994 3994 0 0 0 940 938
    933 928 915 910 908 901 896 891 889 880 873 871 864 858 856 851 847
    843 839 837 829 817 817 813 811 807 803 802 800 792 785 781 778 774
    774 776 776 780 781 785 787 789 789 794 798 800 800 802 805 809 809
    811 815 817 821 825 827 829 833 833 839 839 841 0 0 0 0 0 3994 3994
    3994 0 0 943 940 940 933 928 918 913 908 903 896 894 889 882 873 871
    864 860 856 851 847 843 839 839 827 819 817 815 813 809 803 802 800
    794 789 783 778 774 774 776 778 780 781 785 787 789 790 794 798 800
    802 802 805 809 811 813 815 819 821 827 827 829 833 833 839 841 841
    0 0 0 0 0 0 3948 3948 0 0 943 943 940 935 928 918 913 908 903 898
    894 891 885 873 871 867 862 858 854 849 843 841 839 827 823 821 817
    813 809 805 802 800 794 790 785 780 776 776 778 780 780 781 785 787
    790 792 796 796 800 802 803 805 809 811 813 815 819 821 827 827 829
    831 833 839 841 841 0 0 0 0 0 0 3948 3948 0 0 943 943 943 935 925
    918 913 910 906 901 894 891 885 875 871 867 862 858 854 849 845 843
    839 829 825 821 817 815 811 807 803 800 796 792 785 781 780 778 778
    780 780 781 783 787 790 792 794 796 800 802 803 805 809 811 813 815
    819 821 827 829 829 831 835 839 841 841 0 0 0 0 0 0 3948 3948 0 0
    943 943 940 935 925 920 915 913 908 903 896 891 885 875 873 867 864
    860 856 849 847 843 839 829 825 821 817 815 811 809 803 802 796 792
    787 781 780 778 778 780 780 781 783 787 790 792 794 796 800 802 803
    807 809 811 813 815 819 823 827 829 829 833 837 839 841 841 0 0 0 0
    0 0 3948 3948 0 0 938 938 940 938 925 920 918 913 908 903 898 891
    887 875 873 869 864 860 856 851 847 845 839 835 825 821 817 817 813
    809 805 802 798 792 787 781 780 780 780 780 780 781 785 787 790 794
    794 796 800 802 803 807 809 811 813 815 819 825 827 827 829 833 837
    839 841 843 0 0 0 0 0 0 3948 3948 0 0 938 938 940 940 925 923 918
    913 908 903 898 894 887 878 873 871 864 860 856 851 849 847 841 835
    827 823 819 819 815 811 805 803 800 792 787 783 781 780 780 780 780
    781 785 787 792 794 794 796 800 802 803 809 809 811 813 815 819 825
    827 827 829 831 837 841 841 843 0 0 0 0 0 0 3948 3948 0 0 0 943 943
    940 925 923 918 915 910 903 898 894 889 885 875 873 867 860 856 854
    851 847 841 837 829 823 819 819 817 811 807 803 802 792 787 783 781
    780 780 780 780 781 785 789 792 794 794 798 802 803 803 807 809 811
    813 815 819 825 827 827 831 831 837 839 843 843 845 0 0 0 0 0 3994
    3948 0 0 956 951 948 943 930 925 920 915 910 908 901 894 891 887 878
    875 869 860 858 856 851 849 843 837 829 825 821 821 817 813 807 803
    802 794 789 785 783 781 780 780 781 781 785 789 792 794 796 798 802
    803 803 807 811 811 815 817 819 825 827 829 831 831 837 839 843 843
    843 0 0 0 0 0 0 3948 0 0 956 954 948 946 930 928 923 918 913 908 903
    896 891 889 885 875 871 864 860 856 854 849 843 837 831 827 823 821
    817 813 809 805 802 794 790 787 785 781 781 781 781 781 783 789 792
    794 796 798 802 803 803 807 811 813 817 817 819 825 827 831 831 835
    837 841 843 843 843 0 0 0 0 0 0 3948 0 0 0 954 948 946 933 930 925
