<?xml version="1.0"?>
<opencv_storage>
<Depth2738 type_id="opencv-matrix">
  <rows>42</rows>
  <cols>36</cols>
  <dt>w</dt>
  <data>
    4911 4911 4774 4774 4774 4774 4911 4708 4708 4708 4774 4774 4774
    4708 2450 2398 2398 2398 2415 2432 2450 2467 2467 2467 4645 4582
    4582 4582 4582 4522 4522 4522 4522 4463 4463 4463 4911 4911 4842
    4842 4842 4842 4708 4708 4708 4708 2485 2467 2467 2467 2450 2432
    2415 2415 2415 2432 2450 2467 2467 2467 2467 4582 4582 4582 4582
    4582 4582 4582 4463 4463 4463 4463 4911 4911 4911 4911 4911 4774
    4708 4708 4708 4842 2485 2467 2467 2467 2450 2432 2432 2432 2432
    2432 2432 2450 2450 2467 2432 2432 4645 4582 4582 4582 4582 4522
    4463 4463 4463 4463 4911 4911 4911 2579 2560 2560 2522 2503 2485
    2485 2485 2467 2450 2450 2450 2432 2432 2432 2432 2432 2432 2450
    2450 2467 2432 2432 2432 4582 4582 4582 4582 4522 4522 4522 4463
    4463 4983 4911 4911 2579 2560 2560 2522 2503 2485 2485 2485 2467
    2450 2450 2450 2432 2432 2432 2432 2432 2450 2450 2450 2450 2450
    2432 2432 4645 4645 4582 4582 4522 4522 4582 4522 4463 4983 4911
    2598 2579 2560 2541 2522 2503 2485 2485 2485 2467 2450 2450 2450
    2432 2432 2415 2415 2415 2432 2432 2450 2450 2450 2450 2450 4645
    4645 4582 4582 4522 4522 4582 4522 4522 4983 4911 2579 2579 2560
    2541 2522 2503 2503 2503 2485 2467 2450 2450 2450 2432 2432 2415
    2415 2415 2432 2432 2432 2450 2450 2450 2450 4645 4582 4582 4582
    4522 4522 4582 4522 4463 4983 2579 2560 2560 2560 2541 2522 2503
    2503 2503 2503 2485 2450 2450 2450 2432 2432 2415 2415 2415 2415
    2432 2432 2450 2450 2450 2450 2467 4582 4582 4582 4522 4522 4582
    4522 4463 2598 2579 2560 2560 2560 2541 2522 2522 2503 2503 2503
    2467 2450 2450 2432 2432 2432 2415 2415 2415 2415 2415 2432 2432
    2450 2450 2450 2450 4582 4522 4522 4522 4522 4522 4463 4463 2579
    2579 2560 2560 2560 2541 2541 2522 2503 2503 2503 2467 2450 2450
    2432 2432 2432 2415 2415 2415 2415 2415 2432 2432 2450 2450 2450
    2450 2485 4522 4522 4522 4522 4522 4463 4463 2579 2579 2560 2560
    2560 2541 2541 2522 2503 2503 2503 2485 2467 2450 2432 2432 2432
    2415 2415 2415 2415 2415 2432 2432 2432 2432 2450 2467 2485 4463
    4463 4582 4582 4582 4463 4463 2598 2579 2579 2560 2560 2541 2541
    2522 2503 2503 2503 2485 2485 2467 2450 2432 2432 2415 2415 2415
    2415 2415 2432 2432 2432 2432 2432 2450 2467 4463 4463 4582 4582
    4582 4463 4463 2598 2579 2579 2560 2560 2560 2541 2522 2522 2503
    2503 2485 2485 2467 2467 2450 2432 2432 2415 2415 2415 2415 2415
    2432 2432 2432 2432 2432 2467 4463 4463 4582 4522 4522 4463 4463
    2598 2598 2579 2560 2560 2560 2541 2541 2522 2503 2503 2503 2485
    2485 2467 2467 2450 2432 2432 2415 2415 2415 2415 2432 2432 2432
    2432 2432 2467 2467 4582 4582 4522 4522 4463 4463 2618 2598 2598
    2579 2560 2560 2560 2541 2541 2503 2503 2503 2485 2485 2467 2467
    2467 2450 2432 2432 2415 2415 2415 2415 2432 2432 2432 2432 2450
    2450 2450 4582 4582 4582 4522 4463 4911 2618 2598 2579 2560 2560
    2560 2541 2541 2522 2503 2503 2485 2485 2467 2467 2467 2450 2432
    2432 2415 2415 2415 2415 2415 2432 2432 2432 2450 2450 2467 4582
    4582 4582 4522 4522 4911 4911 2598 2579 2579 2560 2560 2560 2541
    2541 2522 2503 2503 2485 2485 2467 2467 2450 2432 2432 2432 2415
    2415 2415 2415 2415 2432 2432 2450 2450 2450 2450 4582 4582 4582
    4522 4911 4911 2618 2579 2579 2579 2560 2560 2541 2541 2522 2503
    2503 2485 2485 2467 2467 2450 2432 2432 2432 2415 2415 2415 2415
    2415 2432 2432 2450 2432 2432 2432 4582 4582 4582 4522 4911 4911
    2618 2579 2579 2579 2560 2560 2541 2541 2522 2503 2503 2485 2485
    2485 2467 2450 2432 2432 2432 2415 2415 2415 2415 2415 2432 2432
    2450 2432 2432 2467 4645 4645 4582 4582 4911 4911 4708 2579 2579
    2560 2560 2560 2541 2541 2541 2522 2503 2503 2485 2485 2467 2450
    2432 2432 2432 2432 2415 2415 2432 2432 2432 2432 2432 2450 2450
    2467 2467 4522 4522 4522 4911 4842 4708 2579 2579 2560 2560 2560
    2541 2541 2522 2522 2503 2503 2485 2485 2485 2450 2450 2432 2432
    2432 2432 2432 2432 2432 2432 2432 2432 2450 2450 2467 2467 4463
    4463 4522 4983 4842 4774 2579 2579 2579 2579 2560 2560 2541 2522
    2522 2503 2503 2485 2485 2485 2467 2450 2432 2432 2432 2432 2415
    2415 2415 2415 2432 2432 2450 2450 2467 2503 4463 4463 4522 4983
    4842 4774 2579 2579 2579 2579 2560 2560 2560 2541 2522 2503 2503
    2485 2485 2485 2485 2450 2450 2432 2432 2415 2415 2398 2398 2415
    2432 2432 2450 2467 2467 2485 2485 4522 4522 4983 4911 4774 2579
    2579 2598 2579 2560 2560 2560 2541 2522 2503 2503 2503 2485 2485
    2485 2467 2450 2432 2432 2415 2415 2398 2398 2415 2415 2432 2432
    2450 2467 2467 2467 2467 4522 4983 4983 4911 4842 2598 2598 2579
    2560 2560 2560 2541 2541 2503 2503 2503 2485 2485 2485 2467 2450
    2432 2432 2432 2415 2398 2398 2415 2415 2432 2432 2450 2450 2450
    2467 2467 4582 4983 4983 4983 4842 2598 2579 2579 2560 2560 2541
    2541 2522 2522 2503 2503 2485 2485 2485 2467 2467 2450 2432 2432
    2415 2415 2415 2415 2415 2432 2432 2450 2450 2450 2415 2415 4582
    4983 4983 4983 4983 4911 2560 2560 2560 2560 2541 2541 2522 2503
    2503 2503 2503 2485 2485 2485 2467 2450 2432 2432 2432 2415 2415
    2415 2432 2432 2432 2450 2432 2432 2415 2415 4522 4983 4983 4983
    4983 4842 2560 2560 2560 2560 2560 2541 2522 2503 2503 2503 2503
    2485 2485 2485 2467 2450 2432 2432 2432 2415 2415 2415 2415 2432
    2432 2450 2432 2432 2450 2450 4522 4983 4983 4983 4911 4842 4842
    2560 2560 2560 2560 2560 2541 2522 2503 2503 2503 2485 2485 2485
    2467 2450 2432 2432 2432 2415 2415 2415 2415 2415 2432 2450 2450
    2450 2450 2450 2467 4983 4983 4983 4911 4911 4911 2560 2560 2560
    2560 2560 2541 2522 2503 2503 2503 2485 2485 2485 2467 2450 2450
    2450 2432 2432 2415 2415 2415 2415 2415 2432 2432 2450 2450 2467
    2467 4983 4983 4983 4911 4911 4911 4911 2579 2579 2579 2560 2541
    2541 2522 2503 2503 2503 2485 2485 2485 2467 2467 2450 2432 2432
    2415 2415 2415 2415 2415 2432 2432 2432 2450 2467 2432 4983 4983
    4983 4983 4911 4911 4911 2579 2579 2579 2560 2560 2560 2522 2522
    2503 2503 2503 2485 2485 2485 2467 2450 2432 2432 2432 2415 2415
    2415 2415 2432 2432 2432 2432 2450 2432 4983 4983 4983 4983 4911
    4911 4911 2579 2579 2579 2560 2560 2560 2541 2522 2503 2503 2503
    2485 2485 2485 2467 2467 2432 2432 2432 2415 2415 2415 2415 2432
    2432 2432 2432 2450 2450 4983 4983 4983 4983 4911 4911 4911 2560
    2560 2579 2560 2560 2560 2541 2522 2503 2503 2503 2503 2485 2485
    2485 2467 2450 2432 2432 2415 2415 2415 2432 2432 2432 2432 2432
    2450 2450 4983 4983 4983 4983 4911 4911 4911 2560 2560 2579 2579
    2579 2560 2541 2522 2503 2503 2503 2503 2503 2485 2485 2485 2450
    2432 2432 2432 2415 2415 2432 2432 2415 2415 2432 2450 2450 4983
    4983 4983 4983 4983 4911 4911 4911 2618 2618 2579 2579 2560 2560
    2541 2522 2522 2503 2503 2503 2503 2485 2485 2450 2450 2432 2432
    2432 2432 2415 2415 2415 2415 2432 4582 4522 4983 4983 4983 4983
    4983 4911 4911 4911 2639 2639 2598 2579 2579 2560 2560 2541 2522
    2503 2503 2503 2503 2485 2485 2467 2467 2450 2432 2432 2432 2415
    2415 2415 2415 4645 4582 4582 4983 4983 4983 4983 4983 4911 4911
    4911 4911 2618 2598 2579 2579 2560 2560 2560 2541 2503 2503 2503
    2503 2503 2503 2450 2450 2450 2450 2432 2432 2415 2415 2415 4645
    4645 4582 4582 4983 4983 4983 4983 4983 4983 4983 4983 4911 2618
    2598 2579 2579 2560 2560 2541 2541 2503 2485 2485 2503 2503 2503
    2450 2450 2450 2450 2450 2467 4708 4708 4708 4645 4645 4582 4582
    4983 4983 4983 4983 4983 4983 4983 4983 4911 2618 2598 2579 2560
    2560 2560 2541 2522 2485 2485 2485 2503 2503 2503 2503 4708 4708
    2485 2485 4708 4708 4708 4708 4645 4645 4582 4582 5056 4983 4983
    4983 4983 4983 4983 4911 4911 2618 2598 2579 2560 2560 2560 2541
    2522 2485 2485 2485 2503 2503 4708 4774 4708 4708 4708 4708 4708
    4708 4708 4708 4708 4645 4582 4582 5056 4983 4983 4983 4983 4983
