<?xml version="1.0"?>
<opencv_storage>
<Depth18329 type_id="opencv-matrix">
  <rows>12</rows>
  <cols>41</cols>
  <dt>w</dt>
  <data>
    1398 3365 3333 3333 3333 3468 3468 3468 3468 3433 3433 3399 3399
    3399 3399 4405 4405 4405 4522 3539 3539 4405 4405 4405 4405 4405
    4405 4405 4405 4349 4349 4349 4349 4349 4405 4405 4405 4349 4349
    4349 4349 3433 3433 3433 3433 3468 3468 3468 3468 3468 3433 3433
    3399 3399 3399 3399 3399 3399 3468 3468 3503 3503 3503 3468 3468
    3433 3433 4463 4463 4463 4463 4349 4349 4405 3333 3333 3333 3333
    3365 4349 4349 4349 3468 3468 3468 3468 3468 3468 3468 3468 3468
    3468 3468 3433 3433 3433 3433 3399 3399 3433 3433 3503 3503 3503
    3468 3468 3433 3433 3433 3433 3433 3468 3468 3365 3365 3333 3333
    3333 3333 3365 3365 3365 3333 1392 3468 3468 3503 3503 3503 3468
    3468 3468 3468 3468 3468 3468 3433 3433 3433 3433 3433 3433 3468
    3468 3468 3468 3468 3468 3468 3433 3433 3433 3399 3399 3365 3365
    3365 3365 3365 3399 3399 3365 3333 3333 1387 3539 3539 3503 3503
    3503 3468 3468 3468 3468 3468 3468 3468 3433 3433 3433 3433 3433
    3433 3468 3468 3468 3468 3468 3468 3433 3433 3433 3433 3399 3399
    3365 3365 3365 3365 3399 3365 3365 3365 3333 3333 1387 3539 3539
    3468 3468 3468 3468 3468 3468 3468 3468 3468 3468 3433 3433 3433
    3468 3468 3468 3468 3468 3468 3468 3468 3468 3433 3433 3433 3399
    3399 3399 3365 3365 3365 3399 3365 3365 3365 3365 3365 3333 1387
    3468 3468 3468 3468 3468 3503 3503 3503 3503 3468 3468 3468 3433
    3433 3433 3468 3468 3468 3468 3468 3468 3468 3468 3468 3433 3433
    3468 3399 3399 3399 3365 3365 3399 3399 3365 3365 3365 3365 3365
    3365 3503 3503 3468 3468 3468 3468 3503 3503 3503 3468 3468 3468
    3468 3468 3468 3468 3468 3433 3433 3468 3468 3468 3468 3468 3468
    3433 3433 3468 3399 3399 3433 3365 3365 3399 3365 3365 3365 3365
    3365 3365 3365 3503 3503 3468 3468 3503 3503 3539 3503 3503 3468
    3468 3468 3468 3503 3468 3468 3433 3433 3433 3468 3468 3468 3468
    3468 3468 3468 3468 3433 3399 3399 3399 3333 3333 3365 3365 3365
    3365 3365 3365 3365 3365 3503 3503 3468 3468 3468 3468 3503 3503
    3503 3468 3468 3468 3503 3576 3503 3468 3433 3433 3433 3468 3503
    3503 3468 3468 3468 3433 3433 3433 3433 3433 3399 3333 3333 3333
    3365 3365 3365 3365 3365 3365 3365 3468 3468 3468 3468 3468 3468
    3468 3468 3468 3468 3468 3468 0 0 0 3433 3433 3433 3433 3468 3468
    3468 3468 3468 3433 3433 3433 3433 3433 3433 3365 3365 3333 3333
    3333 3333 3399 3399 3399 3433 3365 3468 3468 3468 3503 3503 3503
    3468 3468 3468 3468 3468 0 0 0 0 3433 3433 3433 3468 3468 3468 3468
    3468 3433 3433 3433 3433 3433 3433 0 3365 3365 3365 3365 3333 3333
    3399 3399 3468 0 3365</data></Depth18329>
</opencv_storage>
