<?xml version="1.0"?>
<opencv_storage>
<Depth9842 type_id="opencv-matrix">
  <rows>66</rows>
  <cols>78</cols>
  <dt>w</dt>
  <data>
    5210 5210 5210 5132 5132 5132 5132 5056 5056 5056 5056 5056 5056
    5056 4983 4983 4983 4983 4983 4983 5056 5056 5056 4983 4983 4983
    4911 4911 4983 4983 4842 4842 4842 4842 4842 4842 4842 4842 4842
    4842 4774 4774 4774 4774 4708 4708 4645 4645 4645 4708 4708 4708
    4708 4708 4708 4708 3859 3732 1073 769 767 767 3614 3653 1067 1067
    1063 1063 1060 1060 1057 1054 1054 1054 1050 1050 1050 1047 5132
    5132 5132 5132 5132 5056 5056 5056 5056 5056 5056 5056 4983 4983
    4983 4983 4983 4983 4983 4983 5056 4983 4983 4983 4983 4983 4911
    4911 4983 4983 4842 4842 4842 4842 4842 1084 1084 4774 4774 4774
    1084 1084 4708 1077 1077 1077 4645 4645 1070 1067 1067 1070 1063
    1063 1060 1060 1067 1063 1063 769 767 767 1063 1060 1060 1060 1060
    1060 1057 1057 1057 1047 1047 1047 1044 1044 1044 1041 5132 5056
    5056 5056 5056 5056 5056 5056 5056 4983 4983 4983 4983 4983 4983
    4911 4911 4983 4983 4983 5056 4983 4983 4983 4983 4983 4911 4911
    1087 1087 1080 1080 1080 1080 1080 1084 1084 1077 1077 1077 1080
    1080 1077 1073 1073 1070 1070 1070 1070 1067 1067 1070 1063 1060
    1060 1060 1063 1060 1060 1060 1060 1060 1060 1057 1057 1057 1054
    1054 1050 1050 1047 1044 1044 1044 1041 1041 1038 1038 5056 5056
    5056 5056 5056 5056 5056 1112 1112 1112 1112 1105 1101 1097 1097
    1094 1094 1097 1094 1094 1094 1097 1097 1097 1094 1090 1087 1087
    1087 1087 1080 1080 1080 1080 1080 1084 1084 1077 1077 1077 1077
    1077 1073 1070 1070 1067 1067 1067 1067 1063 1063 1060 1060 1060
    1057 1057 1057 1057 1057 1057 1054 1050 1050 1050 1050 1050 1047
    1047 1044 1041 1041 1038 1038 1038 1038 1034 1034 1034 1108 1108
    5056 5056 5056 1108 1108 1108 1108 1108 1105 1101 1097 1094 1094
    1094 1094 1097 1094 1094 1094 1090 1090 1087 1087 1087 1087 1084
    1084 1084 1084 1084 1080 1080 1084 1080 1080 1073 1073 1073 1073
    1070 1067 1067 1063 1060 1060 1057 1057 1057 1054 1054 1054 1057
    1054 1054 1050 1050 1050 1050 1050 1050 1047 1047 1047 1044 1044
    1041 1041 1038 1038 1034 1034 1034 1034 1031 1031 1028 1108 1108
    1101 1097 1097 1101 1105 1108 1105 1101 1097 1097 1094 1094 1094
    1094 1094 1094 1090 1090 1087 1087 1084 1084 1080 1077 1077 1073
    1073 1080 1077 1077 1077 1077 1080 1077 1073 1070 1070 1067 1063
    1063 1060 1060 1060 1057 1057 1054 1050 1050 1050 1047 1047 1047
    1047 1047 1047 1047 1044 1044 1044 1044 1044 1041 1038 1038 1038
    1034 1034 1031 1031 1028 1028 1025 1025 1025 1022 1019 1105 1101
    1097 1097 1097 1097 1094 1094 1090 1090 1087 1087 1090 1087 1087
    1087 1087 1087 1084 1084 1080 1080 1077 1077 1073 1073 1070 1070
    1070 1067 1063 1060 1060 1063 1070 1063 1063 1060 1060 1057 1057
    1057 1057 1057 1057 1050 1050 1047 1047 1047 1047 1044 1041 1041
    1041 1041 1044 1044 1041 1041 1041 1041 1038 1034 1034 1031 1028
    1028 1025 1025 1025 1022 1022 1022 1019 1016 1013 1013 1101 1101
    1097 1094 1094 1090 1087 1084 1084 1084 1080 1080 1084 1080 1080
    1084 1084 1084 1077 1077 1073 1073 1070 1070 1070 1067 1067 1067
    1063 1060 1060 1060 1057 1057 1057 1054 1054 1050 1050 1050 1050
    1050 1050 1050 1050 1047 1047 1044 1044 1041 1038 1034 1034 1034
    1034 1034 1038 1034 1034 1034 1031 1031 1031 1028 1025 1025 1022
    1022 1022 1022 1019 1016 1016 1016 1013 1013 1013 1010 1097 1094
    1090 1090 1087 1084 1084 1080 1080 1080 1080 1080 1080 1077 1077
    1077 1073 1073 1070 1070 1067 1067 1067 1060 1060 1057 1057 1057
    1057 1057 1057 1054 1054 1050 1050 1047 1047 1044 1044 1044 1041
    1041 1044 1041 1038 1038 1038 1038 1038 1034 1034 1031 1031 1031
    1028 1028 1028 1028 1025 1025 1025 1025 1025 1022 1022 1022 1019
    1019 1016 1016 1013 1013 1013 1010 1010 1010 1010 1007 1094 1090
    1084 1084 1084 1080 1080 1080 1080 1077 1077 1073 1073 1067 1067
    1070 1070 1067 1060 1060 1060 1060 1060 1057 1054 1050 1050 1050
    1050 1050 1050 1044 1041 1038 1038 1038 1038 1041 1038 1038 1034
    1031 1031 1031 1028 1028 1034 1034 1031 1031 1031 1028 1028 1025
    1022 1022 1025 1022 1019 1019 1019 1019 1019 1019 1016 1016 1013
    1013 1013 1013 1010 1010 1007 1007 1007 1004 1004 1001 1090 1077
    1073 1073 1077 1077 1073 1073 1070 1070 1070 1063 1060 1060 1060
    1060 1060 1060 1057 1057 1057 1057 1054 1050 1047 1047 1044 1044
    1044 1044 1044 1038 1038 1034 1034 1031 1031 1031 1031 1028 1025
    1022 1022 1022 1022 1022 1022 1022 1022 1025 1022 1022 1019 1019
    1019 1019 1019 1016 1016 1013 1013 1013 1013 1010 1010 1007 1007
    1007 1007 1007 1004 1004 1001 1001 1001 998 998 995 1090 1073 1067
    1067 1067 1067 1067 1067 1067 1063 1060 1057 1054 1054 1054 1057
    1057 1057 1057 1054 1054 1050 1047 1044 1041 1041 1041 1038 1038
    1034 1034 1034 1034 1031 1031 1031 1028 1028 1025 1022 1022 1022
    1022 1022 1019 1016 1013 1013 1016 1013 1013 1010 1010 1010 1013
    1013 1013 1010 1010 1010 1010 1010 1010 1007 1007 1004 1004 1004
    1001 1001 998 995 992 992 995 989 989 987 0 1067 1063 1060 1060 1060
    1060 1060 1060 1057 1054 1054 1050 1050 1050 1050 1047 1047 1047
    1044 1044 1041 1038 1038 1034 1034 1034 1034 1031 1031 1031 1031
    1031 1028 1028 1028 1025 1022 1022 1019 1019 1019 1019 1016 1016
    1010 1010 1010 1010 1010 1010 1007 1004 1001 1001 1001 1004 1004
    1007 1007 1004 1004 1001 1001 1001 992 992 995 995 992 992 992 989
    989 989 984 981 981 0 1054 1054 1054 1054 1057 1054 1054 1054 1054
    1050 1050 1047 1047 1047 1047 1044 1044 1038 1038 1034 1034 1034
    1031 1031 1031 1028 1025 1025 1025 1025 1022 1022 1022 1019 1019
    1016 1016 1016 1016 1016 1013 1013 1013 1010 1007 1004 1004 1004
    1001 1001 998 998 998 998 998 998 998 995 989 989 992 992 992 987
    987 987 992 989 987 987 987 987 987 981 978 978 975 1047 1047 1047
    1047 1047 1050 1050 1047 1047 1044 1044 1044 1038 1038 1041 1038
    1038 1034 1034 1034 1031 1031 1031 1031 1028 1025 1022 1022 1022
    1019 1019 1019 1016 1016 1010 1007 1007 1004 1004 1007 1007 1007
    1004 1004 1004 1001 998 998 998 995 995 992 989 989 992 992 992 989
    989 987 987 987 984 984 981 981 984 987 984 981 981 981 981 981 978
    978 975 975 1044 1044 1044 1041 1041 1038 1038 1041 1038 1038 1038
    1038 1031 1031 1034 1034 1031 1031 1031 1028 1028 1028 1025 1025
    1022 1019 1016 1016 1016 1013 1010 1010 1007 1004 1001 1001 1001 998
    998 998 998 998 1001 998 995 992 992 992 992 989 989 987 987 987 984
    984 984 984 984 984 984 981 978 978 978 978 978 975 975 978 978 978
    975 975 975 973 967 967 1041 1041 1041 1038 1034 1031 1031 1034 1034
    1028 1028 1022 1022 1022 1025 1025 1025 1022 1022 1022 1019 1019
    1016 1016 1016 1013 1010 1010 1007 1007 1007 1004 1001 998 998 998
    998 995 995 995 995 995 995 992 992 987 987 984 984 987 984 984 981
    981 978 978 978 978 981 978 975 975 975 973 973 973 967 967 964 964
    967 967 973 970 967 967 962 962 1041 1031 1031 1028 1025 1025 1028
    1028 1025 1025 1022 1019 1019 1019 1019 1019 1019 1016 1016 1016
    1013 1013 1010 1010 1010 1007 1007 1007 1004 1004 1001 998 998 995
    995 995 992 989 989 989 989 989 987 987 984 981 981 981 981 981 981
    981 978 978 975 975 975 975 975 970 970 970 970 967 967 964 964 962
    959 959 959 959 959 956 956 959 956 956 0 1019 1019 1019 1019 1019
    1019 1019 1016 1016 1016 1013 1013 1013 1016 1016 1013 1013 1010
    1010 1010 1007 1007 1007 1004 1001 1001 1001 998 998 995 995 992 992
    989 989 987 987 987 987 987 984 981 981 978 978 975 975 975 973 973
    973 973 973 973 973 975 973 964 964 964 964 964 964 964 959 959 956
    956 956 956 956 956 954 954 951 951 951 0 1013 1013 1016 1016 1016
    1010 1010 1010 1013 1010 1010 1007 1007 1010 1010 1007 1007 1004
    1004 1004 1001 1001 1001 998 995 995 995 992 989 989 989 989 987 987
    987 984 984 981 981 981 981 978 975 975 973 970 970 970 967 967 967
