<?xml version="1.0"?>
<opencv_storage>
<Depth17210 type_id="opencv-matrix">
  <rows>77</rows>
  <cols>43</cols>
  <dt>w</dt>
  <data>
    3653 3653 3653 3653 3653 3653 3653 3653 3653 3653 3653 3653 3653
    3653 3653 3692 3692 3692 3692 3692 3692 3692 3692 3692 3692 3692
    1731 1731 1731 1731 1731 1731 1731 1722 3732 3732 3692 3692 3692
    3692 3692 3732 3732 3653 3653 3653 3653 3653 3653 3653 3653 3653
    3653 3653 3653 1579 1579 1579 1586 3653 3653 3653 3653 3692 3692
    3692 3692 1680 1680 1696 1705 1713 1722 1722 1722 1722 1722 3732
    3732 3692 3692 3692 3692 3692 3692 3732 3653 3653 3653 3653 3653
    3653 3653 3653 3653 3653 1572 1572 1572 1572 1579 1579 1579 1586
    1586 1543 1536 1536 1536 1536 1671 1671 1680 1680 1688 1688 1688
    1696 1680 1680 1680 3732 3692 3653 3653 3653 3653 3653 3692 3653
    3653 3653 3653 3653 3653 3653 3653 1572 1572 1572 1572 1572 1572
    1572 1579 1579 1579 1557 1543 1536 1536 1536 1529 1529 1529 1529
    1647 1647 1647 1647 1647 1647 1655 1663 1671 1671 1671 1680 1696
    1696 1705 3692 3653 3653 3653 3653 3653 3653 3653 1572 1572 1572
    1564 1564 1564 1564 1564 1557 1550 1550 1550 1543 1543 1536 1529
    1529 1529 1529 1529 1536 1632 1601 1601 1616 1632 1632 1639 1655
    1663 1663 1671 1680 1688 1696 1696 3614 3653 3653 3653 3653 3653
    1572 1572 1572 1572 1564 1564 1564 1557 1557 1550 1543 1543 1543
    1543 1536 1529 1523 1523 1523 1529 1529 1536 1543 1550 1572 1586
    1594 1601 1601 1609 1624 1647 1655 1663 1680 1688 1696 3614 3653
    3653 3653 3653 3653 1572 1572 1572 1572 1564 1564 1557 1550 1550
    1543 1543 1543 1536 1536 1529 1523 1523 1523 1523 1523 1523 1529
    1536 1550 1564 1572 1579 1586 1594 1609 1624 1639 1655 1663 1663
    1671 1680 3614 3653 3653 3653 3653 3653 1572 1572 1572 1572 1564
    1564 1557 1550 1550 1543 1543 1543 1536 1529 1523 1523 1523 1516
    1516 1523 1523 1529 1536 1550 1564 1572 1572 1579 1586 1609 1632
    1639 1655 1663 1663 1671 1671 3614 3614 3653 3653 3653 3653 1572
    1572 1572 1572 1564 1564 1557 1550 1550 1543 1543 1543 1536 1529
    1523 1523 1523 1516 1516 1523 1523 1529 1536 1550 1557 1564 1572
    1579 1586 1609 1632 1639 1655 1663 1663 1671 1671 3614 3614 3653
    3653 3614 3614 1572 1572 1572 1572 1564 1564 1557 1550 1550 1543
    1543 1543 1536 1529 1523 1523 1523 1523 1523 1523 1523 1529 1543
    1550 1557 1564 1572 1579 1609 1616 1632 1639 1655 1663 1663 1671
    1680 3653 3653 3653 3653 3614 3614 1572 1572 1572 1564 1564 1564
    1557 1550 1550 1543 1543 1543 1536 1529 1523 1523 1523 1523 1523
    1523 1529 1536 1543 1550 1557 1564 1572 1586 1609 1616 1632 1639
    1655 1663 1671 1671 1671 3653 3653 3653 3653 3653 3653 1572 1572
    1572 1564 1564 1557 1557 1550 1550 1543 1543 1543 1536 1529 1523
    1523 1523 1523 1523 1523 1529 1543 1550 1550 1557 1564 1572 1601
    1609 1616 1632 1647 1655 1663 1671 1671 1671 3653 3653 3653 3653
    3653 3653 1572 1572 1572 1564 1564 1557 1557 1550 1550 1543 1543
    1543 1543 1529 1523 1523 1523 1523 1523 1529 1536 1543 1550 1550
    1564 1564 1579 1594 1609 1616 1632 1655 1655 1663 1671 1671 1671
    3653 3653 3653 3653 3653 1564 1564 1572 1572 1564 1557 1557 1550
    1550 1543 1543 1543 1543 1536 1529 1523 1523 1523 1523 1523 1529
    1536 1543 1550 1550 1564 1572 1579 1594 1609 1616 1632 1655 1655
    1663 1671 1671 1671 3653 3653 3653 3653 3653 1564 1564 1572 1572
    1564 1557 1557 1550 1550 1543 1543 1543 1543 1536 1529 1529 1523
    1523 1523 1523 1529 1536 1543 1550 1550 1564 1572 1586 1594 1609
    1624 1632 1655 1655 1663 1671 1671 1671 3653 3653 3653 3653 3653
    1572 1572 1572 1572 1564 1557 1550 1550 1550 1543 1543 1543 1543
    1536 1529 1529 1523 1523 1523 1523 1529 1536 1543 1550 1557 1572
    1579 1586 1594 1609 1624 1632 1655 1655 1663 1671 1671 1680 3653
    3653 3653 3653 3653 1572 1572 1572 1572 1564 1557 1550 1550 1550
    1543 1543 1543 1536 1536 1529 1529 1523 1523 1523 1523 1529 1536
    1543 1550 1557 1572 1579 1586 1601 1609 1624 1632 1655 1655 1663
    1671 1671 1671 3653 3653 3653 3653 3653 1579 1579 1572 1572 1564
    1557 1550 1550 1550 1543 1543 1543 1536 1536 1529 1529 1529 1529
    1529 1529 1529 1536 1543 1550 1557 1572 1572 1586 1601 1616 1624
    1647 1655 1663 1663 1671 1671 1671 3653 3653 3653 3653 3653 1572
    1572 1572 1572 1572 1557 1550 1550 1550 1543 1543 1543 1536 1529
    1529 1529 1523 1523 1523 1529 1529 1536 1543 1550 1557 1564 1572
    1586 1601 1616 1624 1655 1655 1663 1663 1671 1671 1671 3653 3653
    3653 3653 3653 1572 1572 1572 1572 1564 1557 1557 1550 1550 1543
    1543 1543 1536 1529 1529 1529 1523 1523 1523 1529 1529 1543 1550
    1550 1557 1564 1572 1594 1601 1616 1624 1655 1655 1663 1663 1671
    1671 1671 3653 3653 3653 3653 3653 1572 1572 1572 1564 1564 1564
    1557 1550 1550 1543 1543 1543 1536 1529 1523 1523 1523 1523 1523
    1529 1529 1543 1550 1550 1564 1572 1579 1594 1609 1616 1632 1655
    1655 1663 1663 1671 1671 1671 3653 3653 3653 3653 1579 1572 1572
    1572 1564 1564 1564 1550 1550 1543 1543 1543 1543 1536 1529 1523
    1523 1523 1523 1523 1529 1536 1543 1550 1557 1564 1572 1579 1594
    1609 1616 1632 1655 1663 1663 1671 1671 1671 1671 3653 3653 3653
    3653 1579 1579 1572 1572 1572 1564 1557 1550 1550 1543 1543 1543
    1543 1536 1536 1523 1523 1523 1523 1523 1529 1536 1543 1550 1557
    1564 1572 1579 1594 1609 1616 1632 1655 1663 1663 1671 1671 1671
    1671 3653 3653 3653 3614 1579 1579 1572 1572 1572 1564 1557 1550
    1550 1543 1543 1543 1536 1536 1529 1523 1523 1523 1523 1523 1529
    1543 1543 1550 1557 1572 1579 1586 1594 1609 1616 1655 1655 1663
    1663 1671 1671 1671 1671 3653 3653 3653 1572 1572 1579 1572 1572
    1572 1564 1557 1550 1550 1543 1543 1543 1536 1536 1529 1529 1523
    1523 1523 1529 1529 1543 1543 1550 1557 1572 1579 1594 1601 1609
    1616 1655 1655 1663 1663 1671 1671 1671 1671 3653 3653 3653 1572
    1572 1579 1572 1572 1572 1564 1557 1550 1550 1543 1543 1543 1536
    1536 1529 1523 1523 1523 1523 1523 1529 1543 1550 1550 1564 1579
    1586 1594 1601 1609 1616 1647 1655 1655 1663 1663 1663 1663 3774
    3653 3653 3653 1572 1572 1579 1572 1572 1564 1564 1557 1550 1550
    1543 1543 1543 1536 1536 1523 1523 1523 1523 1523 1523 1529 1543
    1550 1557 1564 1572 1586 1594 1601 1609 1624 1647 1655 1655 1663
    1663 1663 1663 3859 3653 3653 3653 1572 1572 1572 1572 1572 1564
    1564 1550 1550 1550 1550 1543 1543 1536 1536 1523 1523 1523 1523
    1523 1529 1529 1543 1550 1557 1564 1572 1586 1594 1609 1609 1632
    1647 1663 1663 1663 1671 1671 3859 3859 3653 3653 3653 1572 1572
    1572 1572 1572 1564 1564 1550 1550 1550 1550 1543 1543 1536 1529
    1529 1523 1523 1523 1523 1529 1536 1543 1550 1557 1572 1572 1586
    1601 1609 1609 1639 1647 1655 1663 1671 1671 1671 3774 3774 3653
    3653 3653 1572 1572 1572 1572 1572 1564 1557 1550 1550 1550 1543
    1543 1543 1536 1529 1523 1523 1523 1523 1523 1529 1536 1543 1550
    1557 1572 1572 1586 1601 1609 1616 1639 1655 1655 1663 1671 1680
    1680 3732 3732 3653 3653 3653 1572 1572 1572 1572 1572 1564 1557
    1550 1550 1550 1543 1543 1543 1536 1529 1523 1523 1523 1523 1523
    1536 1543 1543 1550 1557 1572 1572 1586 1609 1616 1624 1647 1663
    1663 1671 1680 1688 1688 3692 3692 3653 3653 3653 1572 1572 1579
    1572 1572 1564 1564 1550 1550 1550 1543 1543 1536 1536 1529 1523
    1523 1523 1523 1529 1536 1543 1550 1550 1564 1572 1579 1594 1609
    1616 1624 1647 1663 1663 1671 1671 1671 3692 3692 3692 3653 3653
    3653 1572 1572 1579 1572 1572 1572 1557 1550 1550 1550 1543 1543
    1536 1536 1529 1523 1523 1523 1523 1529 1536 1543 1550 1557 1564
    1572 1579 1586 1609 1624 1632 1647 1655 1663 1671 1671 1671 1671
    3692 3692 3653 3653 1572 1572 1579 1579 1572 1572 1572 1557 1550
    1550 1550 1543 1543 1543 1536 1529 1523 1523 1523 1523 1529 1543
    1543 1550 1557 1564 1572 1579 1586 1616 1632 1632 1655 1655 1671
    1671 1671 1671 1671 3774 3774 3653 3653 1572 1572 1579 1572 1572
    1572 1572 1557 1550 1550 1550 1543 1543 1543 1536 1529 1523 1523
