<?xml version="1.0"?>
<opencv_storage>
<Depth11401 type_id="opencv-matrix">
  <rows>9</rows>
  <cols>10</cols>
  <dt>w</dt>
  <data>
    8019 8212 8413 8413 8212 8019 8019 8019 8019 8212 8019 8212 8212
    8019 8019 8019 8019 8019 8019 8212 8212 8212 8019 7835 7835 8019
    8019 8019 8019 8212 8212 8212 8019 7835 7835 7835 7835 8019 8019
    8019 8019 8019 8019 8019 8019 7835 7835 7835 7835 8019 7835 7835
    8019 8019 8019 7835 7835 7835 7835 7835 7835 7835 8019 8019 8019
    7835 7835 7835 7835 7835 8019 8019 8019 8019 8019 7835 7835 7835
    7660 7660 8626 8212 8019 8019 8019 7835 7835 7660 7660 7660</data></Depth11401>
</opencv_storage>
