<?xml version="1.0"?>
<opencv_storage>
<Depth14175 type_id="opencv-matrix">
  <rows>12</rows>
  <cols>29</cols>
  <dt>w</dt>
  <data>
    4463 4463 4295 4295 4295 4295 4463 4463 4463 4463 4463 4463 3468
    3468 3468 3503 3503 3503 3365 3333 3333 3365 3365 3333 3333 3333
    3333 3333 3300 3732 0 3732 3732 3614 3468 3468 3468 3468 3433 3399
    3433 3433 3433 3468 3503 3468 3399 3365 3333 3333 3365 3365 3333
    3300 3300 3300 3300 3238 3732 3732 3732 3732 3614 3468 3468 3468
    3468 3433 3399 3399 3433 3433 3468 3433 3433 3365 3333 3333 3333
    3365 3365 3333 3300 3300 3300 3300 3238 3614 3614 3614 3614 3576
    3468 3468 3468 3468 3433 3399 3399 3433 3433 3468 3433 3399 3333
    3333 3333 3333 3333 3333 3300 3300 3300 3300 3300 3238 3614 3614
    3614 3614 3576 3539 3468 3468 3468 3433 3433 3433 3433 3433 3468
    3468 3399 3333 3333 3333 3333 3333 3333 3300 3300 3300 3300 3300
    3238 3614 3614 3614 3576 3576 3539 3503 3503 3468 3433 3433 3433
    3433 3433 3468 3468 3399 3365 3365 3333 3333 3333 3333 3333 3333
    3333 3300 3300 3238 3614 3614 3614 3576 3576 3576 3539 3503 3468
    3433 3433 3433 3433 3433 3468 3433 3399 3365 3365 3365 3333 3333
    3333 3333 3333 3333 3300 3269 3238 3614 3614 3614 3576 3576 3576
    3539 3503 3468 3468 3468 3433 3433 3433 3433 3399 3399 3399 3365
    3365 3333 3333 3333 3333 3333 3333 3300 3269 3238 3614 3614 3576
    3576 3539 3539 3539 3539 3468 3468 3468 3365 3365 3399 3433 3399
    3399 3399 3399 3365 3365 3365 3333 3333 3269 3238 3238 3238 3238 0
    3614 3576 3539 3539 3539 3539 3539 3503 3503 3468 3365 3333 3333
    3399 3399 3399 3399 3399 3468 3468 0 0 3333 3269 3238 3238 3238 3238
    0 0 0 3503 3503 3539 3539 3539 3503 3468 3468 0 3333 3333 3399 3399
    3399 3399 3399 3468 3503 0 0 3365 3333 3300 3238 3238 3238 0 0 3576
    3503 3503 3576 3576 3539 3503 3468 3468 0 0 0 3468 3468 3468 3468 0
    0 0 0 0 0 0 0 0 0 0</data></Depth14175>
</opencv_storage>
