<?xml version="1.0"?>
<opencv_storage>
<Depth14959 type_id="opencv-matrix">
  <rows>12</rows>
  <cols>37</cols>
  <dt>w</dt>
  <data>
    0 0 0 3816 3816 3774 3774 3774 3774 3774 3816 3816 0 0 0 0 0 0 0 0 0
    0 0 0 0 0 0 0 0 0 0 5548 5548 5548 5548 5734 0 3859 3816 3816 3816
    3816 3774 3774 3774 3774 3774 3816 3816 3948 3994 3948 3948 3948
    3948 0 0 0 0 0 0 0 0 0 0 0 0 0 0 0 0 0 0 0 3859 3816 3816 3816 3816
    3774 3774 3816 3816 3816 3816 3816 3948 3948 3948 3948 3948 3948
    3994 4041 0 0 4190 4089 4089 4089 0 0 0 0 0 0 0 0 0 4463 0 3816 3816
    3816 3816 3816 3816 3816 3816 3816 3816 3859 3859 3948 3948 3948
    3948 3994 3994 3994 4041 4041 4041 4041 4041 4041 4041 0 0 0 0 0 0 0
    0 4463 4463 4463 3816 3816 3816 3816 3774 3774 3816 3859 3859 3859
    3859 3859 3903 3948 3948 3948 3994 3994 4041 4041 4041 4041 4041
    4041 4041 4041 4139 4089 4089 4089 4089 4190 4190 4241 4241 4349
    4349 3816 3816 3816 3816 3774 3774 3859 3859 3859 3859 3859 3903
    3903 3948 3948 3948 3994 3994 4041 4041 4041 4041 4041 4041 4041
    4089 4139 4089 4089 4089 4089 4190 4190 4241 4241 4295 4241 3859
    3816 3816 3816 3816 3859 3859 3859 3859 3859 3859 3948 3948 3948
    3948 3948 3994 4041 4041 4041 4041 4041 4041 4041 4041 4089 4139
    4139 4089 4089 4139 4190 4241 4241 4295 4295 4241 3948 3859 3859
    3948 3903 3903 3859 3859 3859 3859 3859 3948 3994 3994 3994 3994
    3994 4041 4041 4041 4041 4041 4041 4041 4089 4139 4190 4139 4139
    4139 4190 4190 4241 4241 4241 4295 4241 4139 4139 3994 3948 3903
    3903 3903 3903 3903 3903 3903 3948 3948 3994 3994 3994 4041 4041
    4041 4041 4041 4041 4041 4089 4139 4139 4190 4190 4190 4190 4241
    4241 4241 4241 4241 4295 4295 0 4645 4645 4645 4774 4842 3994 3994
    3994 3994 3994 3948 3948 3994 3994 3994 3994 3994 4041 4041 4041
    4041 4089 4139 4190 4190 4190 4190 4190 4190 4241 4241 4295 4295
    4295 4295 4349 4774 4645 4645 4774 4774 4842 4842 4842 4983 4983
    4983 5056 5056 5132 3994 3994 3994 3994 5460 5460 5374 4089 4089
    3994 3994 4190 4190 4190 4139 4041 4041 4241 4295 4295 4295 4295
    4295 4708 4708 4774 4774 4842 4842 4842 4911 4911 4983 4983 5056
    5056 5132 5132 5210 5056 4983 4983 5374 5291 5291 5291 3994 3994
    4139 4139 4190 4139 4041 4041 5291 4295 4295 4295 4295 4295</data></Depth14959>
</opencv_storage>
