<?xml version="1.0"?>
<opencv_storage>
<Depth15147 type_id="opencv-matrix">
  <rows>26</rows>
  <cols>39</cols>
  <dt>w</dt>
  <data>
    5460 5460 5460 5548 5548 5548 5460 5460 5460 5460 5548 5640 5640
    5640 5548 5548 5640 5640 5640 5640 5640 5640 5640 5734 2933 2933
    2933 2933 2908 2883 2883 2908 2933 2933 2933 2958 2958 5933 5832
    5460 5460 5460 5460 5548 5548 5548 5460 2835 2835 2835 2835 2835
    2859 2859 2859 2859 2859 2859 2859 2859 2859 2859 2859 2883 2908
    2908 2908 2908 2883 2883 2908 2933 2933 2933 2958 2958 2984 5832
    5460 5374 5374 5374 5548 5548 2835 2835 2835 2835 2835 2835 2835
    2859 2859 2859 2859 2859 2859 2859 2859 2859 2859 2859 2859 2883
    2883 2883 2883 2883 2883 2908 2908 2908 2933 2958 2958 2984 5832
    5374 5374 5374 5374 5548 2835 2835 2835 2835 2835 2835 2835 2835
    2835 2835 2835 2859 2859 2859 2859 2859 2859 2859 2859 2859 2859
    2859 2859 2859 2859 2859 2883 2883 2908 2908 2933 2958 2958 2958
    5374 5374 5374 2859 2859 2835 2812 2812 2812 2812 2835 2835 2835
    2835 2835 2835 2835 2835 2835 2835 2835 2835 2835 2859 2859 2835
    2835 2859 2859 2859 2859 2859 2883 2883 2883 2908 2908 2908 2908
    5374 5374 2767 2767 2789 2789 2789 2789 2812 2812 2812 2812 2835
    2835 2835 2835 2812 2812 2835 2835 2835 2835 2835 2859 2835 2835
    2835 2835 2859 2859 2859 2859 2859 2859 2883 2908 2908 2908 2908
    5374 2767 2767 2767 2767 2767 2767 2789 2789 2789 2789 2789 2789
    2789 2789 2812 2812 2812 2812 2812 2835 2835 2835 2835 2835 2835
    2835 2835 2859 2835 2835 2859 2859 2859 2859 2908 2908 2933 2933
    5291 2767 2767 2767 2767 2767 2767 2767 2767 2767 2789 2789 2789
    2789 2789 2812 2789 2789 2812 2812 2812 2812 2835 2835 2835 2835
    2835 2859 2859 2835 2835 2859 2859 2859 2859 2883 2908 2908 2933
    5210 2767 2767 2767 2767 2767 2767 2767 2767 2767 2789 2789 2789
    2789 2789 2789 2789 2789 2812 2812 2812 2812 2812 2812 2835 2835
    2835 2835 2859 2835 2835 2859 2859 2859 2859 2883 2883 2883 2933
    2835 2789 2767 2767 2767 2767 2767 2767 2767 2767 2789 2789 2789
    2789 2789 2789 2789 2812 2812 2812 2812 2812 2812 2812 2835 2835
    2835 2835 2835 2835 2835 2859 2859 2859 2859 2859 2859 2859 5734
    2835 2789 2767 2767 2767 2767 2767 2767 2767 2789 2789 2789 2789
    2789 2789 2812 2812 2812 2812 2812 2812 2812 2812 2812 2835 2835
    2835 2835 2835 2835 2835 2859 2859 2859 2859 2859 2859 2859 5640
    2835 2812 2767 2767 2767 2767 2767 2789 2789 2789 2789 2789 2789
    2789 2812 2812 2812 2812 2812 2812 2835 2835 2835 2835 2835 2835
    2835 2835 2859 2859 2859 2859 2859 2859 2859 2883 2859 2859 5460
    2835 2835 2789 2789 2767 2767 2767 2789 2789 2789 2789 2789 2812
    2812 2812 2812 2812 2812 2812 2835 2835 2835 2835 2835 2835 2835
    2835 2859 2859 2859 2859 2859 2859 2859 2859 2883 2883 2883 5460
    2812 2835 2812 2789 2767 2767 2789 2789 2789 2789 2789 2789 2812
    2812 2812 2812 2835 2835 2835 2835 2835 2835 2835 2835 2835 2835
    2835 2859 2859 2859 2859 2859 2883 2883 2883 2908 2883 2883 2883
    2812 2835 2812 2789 2789 2789 2789 2789 2789 2789 2789 2812 2812
    2812 2812 2812 2835 2835 2835 2835 2835 2835 2859 2859 2859 2835
    2835 2859 2859 2859 2859 2883 2883 2883 2883 2908 2883 2883 2883
    2835 2835 2835 2812 2789 2789 2789 2789 2789 2789 2789 2812 2835
    2835 2835 2835 2835 2835 2835 2835 2835 2835 2859 2859 2859 2859
    2859 2859 2859 2859 2883 2883 2908 2908 2908 2908 2883 2883 2883
    2835 2835 2835 2812 2812 2812 2812 2789 2789 2789 2789 2812 2835
    2835 2835 2835 2835 2835 2835 2835 2859 2859 2859 2859 2859 2859
    2859 2859 2859 2883 2908 2908 2908 2908 2908 2908 2883 2883 2908
    2835 2835 2835 2835 2812 2812 2812 2789 2789 2789 2812 2812 2835
    2835 2835 2835 2835 2835 2835 2835 2859 2859 2859 2859 2859 2859
    2859 2883 2883 2883 2908 2908 2908 2908 2908 2908 2908 2908 2933
    2835 2835 2835 2835 2812 2789 2789 2789 2789 2812 2835 2835 2835
    2835 2835 2835 2835 2859 2859 2859 2859 2859 2859 2859 2859 2883
    2883 2883 2883 2883 2908 2908 2908 2908 2908 2908 2908 2908 2958
    2835 2835 2812 2812 2812 2789 2789 2812 2812 2812 2835 2835 2835
    2835 2835 2835 2835 2859 2859 2859 2859 2859 2859 2859 2883 2883
    2883 2883 2908 2908 2908 2908 2908 2908 2908 2933 2933 2933 2958
    2859 2835 2812 2812 2812 2789 2789 2812 2812 2835 2835 2835 2835
    2835 2835 2859 2859 2859 2859 2859 2859 2859 2859 2859 2883 2883
    2908 2908 2908 2908 2908 2908 2933 2933 2933 2933 2933 2958 2958
    5056 2789 2789 2789 2789 2812 2812 2812 2835 2835 2835 2835 2835
    2835 2835 2859 2859 2859 2859 2859 2859 2859 2859 2859 2883 2883
    2908 2908 2908 2908 2908 2933 2933 2933 2933 2958 2958 2958 2958
    4983 2789 2789 2789 2789 2812 2812 2835 2835 2835 2835 2835 2835
    2835 2835 2859 2859 2859 2859 2859 2859 2859 2883 2859 2859 2859
    2908 2908 2908 2908 2908 2933 2933 2933 2933 2958 2933 2933 5374
    4983 2835 2812 2812 2812 2812 2812 2835 2835 2835 2835 2835 2835
    2859 2835 2835 2835 2859 2859 2859 2883 2883 2883 2859 2859 2859
    2883 2883 2908 2908 2908 2933 2933 2933 2933 2958 2933 2933 5291
    4983 4983 2835 2835 2835 2835 2835 2835 2835 2835 2835 2835 2835
    2859 2835 2835 2835 2835 2859 2859 2883 2883 2883 2883 2883 2883
    2883 2883 2908 2908 2908 2933 2933 2933 2933 2984 2984 5210 5210
    4911 4911 4911 4911 2835 2835 2835 2835 2835 2835 2835 2835 2859
    2859 2835 2835 2835 2835 2859 2859 2883 2883 2883 2908 2883 2883
    2883 2883 5056 5056 5056 5056 5056 5056 5056 5056 5132 5132 5210</data></Depth15147>
</opencv_storage>
