<?xml version="1.0"?>
<opencv_storage>
<Depth13006 type_id="opencv-matrix">
  <rows>18</rows>
  <cols>7</cols>
  <dt>w</dt>
  <data>
    5933 4983 4983 4983 4983 4983 4774 5933 4911 4911 4983 4911 4774
    4774 6038 4911 4911 4983 4774 4774 4774 6038 4911 4911 4983 4774
    4774 4774 5210 4983 4911 4911 4911 4774 4774 5056 4983 4911 4911
    4842 4842 4911 5056 4983 4983 4911 4842 4842 4911 5056 4983 4983
    4911 4911 4842 4842 5056 4983 4911 4911 4911 4842 4842 5056 4911
    4911 4911 4911 4911 4911 4983 4911 4911 4911 4911 4911 4911 4983
    4983 4911 4911 4911 4911 4911 4983 4983 4911 4911 4911 4911 0 5056
    4983 4911 4911 4911 4983 0 4983 4911 4842 4842 0 0 0 4983 4911 4842
    4842 0 0 0 4983 4911 4911 4911 4911 0 0 4983 4983 4911 4911 4911 0 0</data></Depth13006>
</opencv_storage>
