<?xml version="1.0"?>
<opencv_storage>
<Depth5175 type_id="opencv-matrix">
  <rows>13</rows>
  <cols>42</cols>
  <dt>w</dt>
  <data>
    3948 3903 3903 3994 3994 3994 3994 3994 3948 3948 3948 3994 3948
    3948 3948 3948 4041 4089 4089 4089 4089 4089 4089 4089 4139 4089
    4089 4089 4089 4089 4089 4089 3092 3092 3120 3092 3092 3010 3010
    2984 2984 2958 3948 3903 3903 3994 3948 3948 3994 3994 3994 3948
    3948 3994 3948 3948 3948 3064 3064 3064 3064 3037 3037 3010 3010
    2984 2984 4089 3037 3037 3064 4041 3092 3092 3092 3092 3064 3037
    3010 2984 2984 2984 2984 2958 3903 3903 3903 3948 3948 3948 3064
    3037 3037 3994 3994 3994 3994 3064 3064 3064 3064 3037 3037 3010
    3010 3010 3010 2958 2958 2958 3010 3037 3037 3010 3010 3037 3064
    3064 3037 3037 2984 2958 2958 2958 2958 2984 3903 3903 3903 3903
    3903 3064 3064 3037 2984 2984 2958 2958 2958 2984 3010 3037 3037
    3010 2958 2958 3010 2958 2958 2933 2933 2958 2958 2933 2933 2984
    2984 3010 3010 3010 3010 2984 2984 2958 2933 2933 2958 2958 1579
    3903 3903 3903 2984 2984 2984 2984 2958 2958 2958 2933 2933 2958
    2958 2958 2984 2984 2958 2958 2984 2958 2958 2933 2933 2958 2958
    2933 2933 2984 2984 2984 3010 3010 2984 2958 2958 2958 2933 2933
    2883 2883 1579 1579 3903 2958 2958 2908 2908 2908 2933 2958 2958
    2933 2933 2933 2933 2958 2958 2958 2958 2958 2984 2958 2958 2958
    2958 2984 2984 2984 2984 2984 2984 2984 2984 2984 2984 2958 2958
    2958 2933 2908 2883 2859 1579 1579 2933 2933 2883 2883 2883 2883
    2908 2933 2958 2933 2933 2933 2933 2933 2958 2958 2958 2958 2984
    2958 2958 2958 2984 2984 2984 2984 2984 2984 2984 2984 2984 2984
    2984 2984 2984 2958 2933 2908 2883 2859 1586 2958 2933 2933 2883
    2883 2883 2883 2908 2933 2958 2958 2958 2933 2933 2933 2958 2958
    2958 2958 2984 2984 2984 2984 2984 2984 2984 2984 2984 2984 2984
    2984 2984 2984 2984 2984 2958 2958 2958 2908 2908 2883 1564 2958
    2933 2933 2883 2883 2933 2933 2958 2958 2958 2958 2958 2958 2958
    2958 2958 2958 2958 2958 2984 2984 2984 2984 2984 2984 2984 2984
    2984 3010 3010 3010 3010 3010 2984 2984 2958 2958 2958 2933 2883
    2883 1557 2958 2958 2933 2933 2933 2933 2958 2958 2958 2958 2958
    2958 2958 2958 2958 2958 2984 2984 2984 2984 2984 2984 2984 2984
    2984 2984 2984 3010 2984 2984 3010 3010 3010 2984 2984 2958 2958
    2958 2908 2883 2859 2933 2933 2958 2933 2933 2933 2958 2958 2958
    2958 2958 2958 2958 2958 2958 2958 2958 2984 2984 2984 2984 2984
    2984 2984 2984 2984 2984 2984 3010 2984 2984 3010 3010 3010 2984
    2984 2958 2958 2933 2908 2883 2859 2933 2933 2958 2933 2933 2933
    2933 2958 2958 2958 2958 2958 2958 2958 2958 2958 2958 2984 2984
    2984 2984 2984 2984 2984 2984 2984 2984 2984 2984 3010 3010 3010
    3037 3010 3010 2984 2958 2958 2908 2883 2883 2859 2908 2908 2958
    2933 2933 2933 2933 2958 2958 2958 2958 2958 2958 2958 2958 2958
    2958 2958 2984 2984 2984 2984 2984 3010 3010 2984 2984 2984 2984
    3010 3010 3010 3037 3010 3010 2958 2958 2859 2812 2812 2835 2859</data></Depth5175>
</opencv_storage>
