<?xml version="1.0"?>
<opencv_storage>
<Depth9961 type_id="opencv-matrix">
  <rows>49</rows>
  <cols>69</cols>
  <dt>w</dt>
  <data>
    4241 4139 4089 4089 1624 1624 1616 1616 1616 1609 1609 1609 1609
    1609 4089 4089 4089 4089 4041 4041 4041 4041 3994 3994 3994 3994
    3994 3994 3994 3948 3948 3948 3948 3948 3994 3994 3994 3948 3948
    3903 3903 3903 3903 3903 3859 3816 3816 3816 3816 3816 3816 3816
    3816 3774 3774 3774 3732 3732 3692 3653 3653 3653 3653 3653 3614
    3614 3614 3614 3614 4241 4139 4089 4089 1624 1624 1616 1616 1609
    1601 1601 1601 1601 1594 1594 1594 1594 1594 1594 1586 1586 1586
    1594 1594 3994 1586 1586 1586 3994 3994 3948 3948 3948 3948 3994
    3994 3994 3948 3948 3903 3903 3903 3903 3903 3859 3859 3816 3816
    3816 3816 3816 3816 3816 3816 3816 3774 3774 3774 3692 3692 3692
    3692 3653 3653 3614 3614 3576 3576 3653 4295 4139 4139 1632 1624
    1624 1609 1601 1601 1594 1594 1594 1594 1594 1594 1594 1586 1586
    1586 1586 1586 1586 1586 1586 1586 1586 1586 1579 1579 1579 1579
    3948 3948 3948 3948 3994 3994 3948 3948 3903 3859 3859 3903 3903
    3903 3859 3816 3816 3816 3816 3816 3816 3816 3816 3816 3774 3774
    3774 3732 3732 3732 3692 3653 3653 3614 3614 3576 3576 3653 4295
    4295 4295 1632 1624 1616 1601 1594 1594 1594 1594 1586 1586 1586
    1586 1586 1586 1586 1586 1579 1579 1586 1579 1579 1579 1579 1579
    1572 1572 1572 1572 1572 1572 1572 1572 1572 1572 1572 1572 1564
    1564 1564 1572 3903 3903 3859 3859 3859 3816 3816 3816 3816 3816
    3816 3816 3816 3816 3774 3774 3774 3732 3653 3653 3653 3614 3614
    3614 3653 3653 4349 4349 4349 1632 1624 1616 1601 1594 1586 1586
    1586 1586 1586 1586 1586 1586 1586 1586 1586 1579 1579 1564 1564
    1572 1572 1572 1564 1564 1564 1564 1564 1572 1572 1564 1564 1564
    1564 1564 1564 1557 1557 1557 1557 1557 1557 3903 3859 3859 3859
    3859 3816 3816 3816 3816 3816 3816 3816 3774 3774 3732 3732 3653
    3653 3614 3614 3614 3614 3653 3653 4349 4349 4349 1632 1624 1609
    1594 1586 1586 1579 1579 1579 1579 1586 1586 1586 1579 1579 1579
    1579 1579 1564 1564 1564 1564 1564 1564 1564 1564 1557 1557 1564
    1564 1564 1557 1557 1557 1557 1564 1557 1557 1557 1550 1550 1550
    1550 1543 1543 1550 1550 1550 1543 1543 1536 1536 3816 3816 3774
    1516 1516 1516 1509 1509 3614 3614 3614 3653 3653 3653 4349 4349
    4349 1632 1616 1594 1594 1586 1586 1579 1579 1572 1572 1579 1579
    1579 1572 1572 1572 1572 1564 1564 1564 1557 1557 1557 1557 1557
    1557 1550 1550 1557 1557 1557 1543 1543 1543 1550 1550 1543 1543
    1543 1543 1543 1543 1543 1543 1543 1543 1543 1543 1543 1543 1536
    1536 1536 1529 1529 1516 1516 1516 1509 1509 1516 1516 1516 1516
    3653 3732 4349 4349 4349 4349 1601 1586 1579 1572 1572 1564 1564
    1564 1564 1572 1572 1572 1564 1564 1564 1564 1564 1557 1557 1557
    1557 1557 1550 1550 1550 1543 1543 1550 1550 1543 1543 1543 1543
    1543 1543 1543 1543 1543 1536 1536 1536 1536 1536 1536 1536 1536
    1543 1536 1536 1536 1536 1536 1529 1529 1516 1516 1516 1516 1516
    1516 1516 1516 1516 1529 1529 4405 4405 4405 1601 1601 1572 1572
    1564 1564 1557 1557 1557 1557 1564 1564 1564 1557 1557 1564 1564
    1557 1557 1557 1550 1550 1550 1550 1550 1543 1543 1543 1543 1543
    1543 1543 1543 1543 1543 1543 1536 1536 1536 1536 1536 1529 1523
    1523 1523 1529 1529 1529 1529 1529 1529 1523 1523 1516 1516 1516
    1516 1516 1516 1516 1516 1516 1516 1516 1523 1523 4405 4405 4405
    1557 1564 1564 1564 1564 1557 1557 1557 1557 1557 1557 1557 1557
    1550 1550 1557 1557 1557 1550 1550 1550 1550 1543 1543 1536 1536
    1536 1536 1543 1543 1543 1536 1536 1536 1536 1536 1536 1536 1529
    1529 1523 1516 1516 1516 1516 1516 1523 1523 1523 1516 1509 1509
    1516 1516 1516 1516 1516 1516 1516 1516 1516 1509 1509 1509 1516
    1516 4405 4405 4405 1557 1557 1557 1557 1557 1557 1557 1557 1557
    1557 1550 1550 1550 1550 1550 1557 1557 1550 1543 1543 1536 1536
    1536 1536 1536 1529 1529 1529 1536 1536 1536 1536 1536 1536 1529
    1529 1529 1529 1529 1523 1523 1516 1516 1516 1516 1516 1516 1516
    1516 1516 1509 1509 1516 1509 1509 1516 1509 1509 1509 1509 1509
    1503 1503 1503 1509 1509 4522 4522 4522 1557 1557 1557 1557 1557
    1557 1550 1550 1550 1543 1543 1543 1536 1536 1543 1543 1543 1536
    1536 1536 1529 1529 1529 1529 1529 1529 1529 1529 1536 1536 1536
    1529 1529 1529 1529 1529 1529 1529 1523 1516 1516 1516 1516 1516
    1516 1516 1516 1509 1509 1509 1509 1509 1509 1509 1509 1509 1509
    1503 1496 1496 1489 1489 1489 1496 1509 1509 4522 4522 0 1557 1557
    1557 1557 1550 1550 1550 1550 1550 1543 1543 1536 1536 1536 1536
    1536 1536 1536 1529 1529 1529 1523 1523 1523 1523 1523 1523 1529
    1536 1529 1529 1523 1523 1516 1516 1516 1523 1516 1516 1516 1516
    1516 1516 1509 1509 1509 1509 1509 1509 1509 1503 1503 1503 1509
    1509 1503 1503 1496 1489 1489 1489 1489 1489 1489 1496 1496 4522
    4522 0 1550 1550 1550 1550 1543 1543 1543 1543 1536 1536 1536 1536
    1536 1529 1529 1529 1529 1529 1529 1523 1523 1516 1509 1509 1516
    1516 1523 1523 1523 1516 1516 1516 1516 1516 1516 1516 1516 1509
    1509 1509 1509 1509 1509 1509 1509 1503 1503 1503 1503 1503 1503
    1503 1503 1503 1503 1496 1496 1489 1489 1489 1489 1489 1489 1489
    1489 1489 4522 4522 1529 1543 1543 1543 1543 1543 1543 1536 1529
    1529 1536 1536 1529 1529 1529 1523 1523 1523 1523 1523 1516 1516
    1516 1509 1509 1509 1509 1509 1516 1516 1516 1509 1509 1509 1509
    1509 1509 1509 1509 1503 1503 1503 1503 1503 1503 1503 1489 1489
    1503 1503 1503 1496 1496 1496 1496 1496 1489 1489 1489 1483 1483
    1483 1483 1483 1483 1477 1477 4522 4522 1529 1529 1529 1536 1536
    1536 1536 1529 1523 1523 1529 1529 1529 1523 1523 1516 1516 1516
    1516 1516 1509 1509 1509 1509 1509 1509 1509 1509 1509 1516 1509
    1509 1509 1509 1503 1503 1503 1503 1496 1496 1496 1496 1496 1496
    1496 1489 1489 1489 1489 1489 1496 1489 1489 1489 1489 1489 1483
    1483 1483 1483 1483 1483 1483 1483 1483 1470 1470 4522 1529 1529
    1529 1529 1529 1529 1529 1529 1523 1523 1523 1523 1523 1523 1516
    1516 1509 1509 1509 1509 1503 1503 1503 1509 1509 1509 1503 1503
    1503 1503 1509 1509 1509 1509 1509 1496 1496 1496 1496 1496 1489
    1489 1489 1489 1489 1489 1489 1483 1483 1483 1489 1489 1489 1489
    1483 1483 1483 1477 1477 1483 1483 1483 1483 1483 1477 1477 1470
    1470 4582 1529 1529 1529 1523 1523 1516 1516 1509 1509 1509 1516
    1516 1516 1516 1509 1509 1509 1509 1509 1503 1503 1503 1503 1503
    1503 1503 1503 1503 1503 1503 1503 1503 1503 1503 1496 1496 1496
    1496 1489 1489 1489 1489 1489 1489 1489 1483 1483 1483 1483 1483
    1483 1483 1483 1483 1483 1483 1477 1477 1477 1477 1477 1477 1477
    1477 1470 1470 1470 1470 4582 1523 1523 1523 1516 1516 1509 1509
    1509 1509 1509 1503 1503 1503 1496 1496 1503 1503 1503 1503 1503
    1496 1496 1496 1496 1496 1496 1496 1489 1489 1496 1496 1496 1496
    1503 1496 1496 1489 1489 1489 1489 1483 1483 1483 1483 1483 1477
    1477 1477 1483 1483 1477 1477 1470 1470 1477 1477 1470 1470 1470
    1464 1464 1470 1464 1464 1464 1464 1464 1464 4582 1523 1523 1523
    1516 1509 1509 1509 1509 1503 1503 1503 1503 1503 1496 1496 1496
    1496 1496 1496 1496 1496 1489 1489 1489 1489 1489 1496 1483 1483
    1489 1489 1489 1489 1489 1489 1489 1489 1489 1483 1483 1483 1483
    1477 1470 1470 1470 1470 1470 1470 1470 1470 1470 1464 1464 1464
    1464 1464 1464 1464 1464 1464 1464 1458 1458 1458 1458 1464 1464
    4582 1509 1509 1516 1509 1509 1509 1509 1503 1503 1496 1496 1496
    1496 1489 1489 1489 1489 1489 1489 1489 1489 1483 1483 1483 1483
    1483 1483 1483 1483 1483 1483 1483 1483 1483 1483 1483 1483 1483
    1483 1477 1477 1477 1464 1464 1464 1464 1464 1464 1464 1470 1464
    1464 1464 1464 1464 1458 1458 1458 1458 1458 1458 1458 1458 1458
    1458 1458 1458 1458 4582 1509 1509 1509 1509 1503 1503 1503 1503
    1503 1489 1489 1489 1489 1483 1483 1483 1489 1489 1483 1483 1483
