<?xml version="1.0"?>
<opencv_storage>
<Depth15521 type_id="opencv-matrix">
  <rows>38</rows>
  <cols>33</cols>
  <dt>w</dt>
  <data>
    2883 2883 2883 2883 2883 2883 2883 2883 2883 0 0 0 0 0 0 0 0 0 2883
    2883 2883 2883 2908 0 0 0 7030 6889 6889 6889 6889 6889 6889 2883
    2883 2908 2908 6146 6146 6146 2883 2883 2883 2908 2883 2883 0 0 2859
    2859 2859 2883 2883 2908 2908 2908 2908 0 7030 7030 6889 6889 6889
    6889 6889 6889 6259 6259 6259 6146 6146 6146 6146 2883 2883 2883
    2883 2859 2835 2835 2859 2859 2859 2859 2883 2883 2908 2908 2908 0
    2933 0 7030 7030 6889 6889 6889 6889 6889 6259 6259 6259 6146 6146
    2933 2883 2883 2883 2883 2883 2859 2835 2835 2859 2859 2883 2883
    2883 2883 2908 2908 2908 2933 2933 2958 7178 7178 6889 6889 6889
    6889 6889 6259 6259 6146 6146 2933 2908 2883 2883 2883 2883 2859
    2859 2835 2835 2859 2859 2883 2883 2883 2883 2908 2908 2908 2933
    2958 2958 2908 0 6889 6889 6889 6889 6889 6259 6146 6146 2958 2908
    2883 2883 2883 2883 2883 2859 2859 2835 2835 2859 2859 2883 2883
    2883 2883 2883 2908 2908 2908 2908 2908 2908 0 7030 7030 6889 6889
    6889 6146 6146 2933 2933 2908 2883 2883 2883 2883 2883 2859 2859
    2835 2835 2859 2859 2859 2859 2859 2883 2883 2908 2908 2908 2908
    2908 2958 0 7030 7030 6753 6753 6889 5832 2933 2933 2933 2908 2883
    2883 2883 2883 2883 2859 2859 2859 2859 2859 2859 2859 2859 2859
    2859 2883 2883 2883 2883 2908 2908 2908 2908 0 6753 6753 6753 6889
    2933 2933 2933 2908 2883 2883 2883 2883 2883 2883 2883 2859 2859
    2859 2883 2859 2859 2859 2859 2859 2883 2883 2883 2883 2908 2908
    2908 0 0 0 6889 6889 6889 2908 2933 2933 2908 2883 2883 2883 2883
    2883 2883 2883 2859 2859 2859 2883 2883 2883 2859 2859 2859 2883
    2883 2883 2883 2908 2908 2908 2908 0 0 0 6889 6753 2908 2958 2933
    2933 2883 2883 2883 2883 2883 2883 2883 2859 2859 2859 2883 2859
    2859 2859 2859 2859 2859 2859 2859 2883 2883 2908 2908 2908 0 0 0 0
    6753 2958 2958 2933 2933 2908 2908 2883 2883 2883 2883 2883 2883
    2859 2859 2883 2859 2859 2859 2859 2835 2835 2835 2859 2883 2883
    2908 2908 2908 0 0 0 0 0 2958 2958 2933 2933 2908 2908 2883 2883
    2883 2883 2883 2883 2859 2859 2883 2859 2859 2859 2859 2835 2835
    2835 2859 2883 2883 2908 2883 2883 2883 0 0 0 0 2984 2958 2933 2908
    2908 2908 2908 2883 2883 2883 2883 2883 2859 2859 2883 2859 2859
    2859 2835 2835 2835 2835 2835 2859 2883 2883 2883 2883 0 0 0 0 0
    6146 2933 2933 2908 2908 2908 2908 2908 2883 2883 2883 2883 2883
    2883 2883 2883 2859 2859 2835 2835 2835 2835 2835 2859 2883 2883
    2883 2883 0 0 0 0 0 6146 2933 2933 2933 2908 2908 2908 2908 2883
    2883 2883 2883 2883 2883 2883 2883 2883 2883 2859 2859 2859 2835
    2835 2859 2883 2883 2883 2908 0 0 7835 6889 0 6146 6146 2933 2933
    2933 2908 2908 2908 2883 2883 2883 2883 2883 2883 2883 2883 2883
    2883 2883 2883 2859 2835 2835 2835 2859 2883 2883 2883 2883 2883
    7835 6889 6889 6146 6146 2933 2933 2933 2908 2908 2883 2883 2883
    2883 2883 2883 2883 2883 2883 2883 2883 2883 2883 2859 2835 2835
    2835 2859 2883 2883 2883 2883 2883 7492 6889 6889 6146 6146 2933
    2933 2933 2908 2908 2883 2883 2883 2883 2883 2883 2883 2883 2883
    2883 2883 2883 2883 2883 2859 2859 2859 2859 2883 2883 2883 2883
    2883 7492 7030 7030 6146 6146 2958 2958 2933 2908 2908 2908 2883
    2883 2883 2883 2883 2883 2883 2883 2883 2883 2883 2883 2883 2859
    2859 2859 2859 2859 2883 2883 2883 2908 7492 7030 7030 6146 6146
    6146 6259 2933 2908 2908 2908 2908 2883 2883 2883 2883 2883 2883
    2883 2883 2883 2883 2883 2883 2859 2859 2859 2859 2859 2883 2883
    2883 2908 2908 7030 7030 6146 6146 6146 6259 2958 2933 2933 2908
    2908 2883 2883 2883 2883 2883 2908 2883 2883 2883 2883 2883 2859
    2859 2859 2859 2835 2835 2883 2883 2883 2883 2883 7030 7030 6146
    6146 6146 6259 6259 2933 2933 2933 2908 2883 2883 2883 2883 2883
    2908 2908 2883 2883 2859 2859 2859 2859 2859 2835 2835 2835 2859
    2859 2883 2883 2883 2908 7030 6146 6146 6146 6259 6259 2984 2958
    2933 2908 2883 2883 2883 2883 2883 2908 2908 2883 2883 2859 2859
    2883 2859 2859 2835 2835 2835 2859 2859 2883 2883 2883 2908 2908
    6146 6146 6146 6146 6146 5734 2958 2933 2908 2883 2883 2908 2883
    2883 2908 2883 2883 2883 2883 2883 2883 2859 2859 2859 2835 2835
    2835 2859 2883 2883 2883 2908 2908 6146 6146 6146 6146 6146 6146
    2958 2933 2908 2883 2883 2908 2883 2883 2908 2883 2883 2883 2883
    2883 2883 2859 2859 2859 2835 2835 2835 2859 2859 2883 2883 2883
    2883 6146 6146 6146 6146 6038 6038 2958 2933 2908 2908 2908 2908
    2908 2908 2908 2908 2883 2883 2883 2883 2883 2883 2883 2859 2835
    2835 2835 2859 2859 2883 2883 2883 2883 6038 6146 6146 6146 6038
    6038 2958 2933 2908 2908 2908 2908 2908 2908 2908 2908 2883 2883
    2883 2883 2883 2883 2883 2859 2859 2835 2835 2859 2859 2859 2883
    2883 2883 6038 6146 6146 6146 6038 6038 2958 2933 2908 2908 2908
    2908 2908 2908 2908 2908 2883 2883 2883 2883 2883 2883 2883 2859
    2859 2835 2835 2835 2835 2859 2883 2908 2883 6038 6146 6146 6146
    6038 6038 2958 2958 2933 2933 2908 2908 2908 2908 2908 2908 2908
    2908 2908 2883 2883 2883 2883 2859 2859 2859 2835 2835 2835 2835
    2859 2859 2908 6038 6146 6146 6146 6038 5933 5933 2958 2933 2933
    2908 2908 2908 2908 2908 2908 2908 2908 2908 2883 2883 2883 2859
    2859 2859 2835 2835 2835 2812 2812 2859 2859 2859 6146 6146 6146
    6146 6038 5933 5933 2958 2958 2958 2933 2908 2908 2908 2908 2908
    2908 2908 2908 2883 2883 2883 2859 2859 2859 2835 2835 2835 2812
    2812 2812 5933 5933 6038 6146 6146 6146 6146 6038 6038 2958 2958
    2958 2933 2908 2908 2908 2908 2908 2908 2883 2883 2883 2883 2883
    2883 2859 2859 2859 2859 2859 5933 5933 5933 5933 5933 6038 6146
    6038 6038 6146 6146 6038 5832 5734 2984 2933 2908 2908 2908 2908
    2908 2883 2883 2883 2883 2883 2883 2883 2883 2883 2883 2883 6038
    5933 5933 5933 5933 5933 6038 6038 6038 6038 6146 6146 6038 5933
    5832 2984 2958 2908 2908 2908 2908 2908 2883 2883 2883 2883 2883
    2883 6259 6146 2908 2908 5933 6038 6038 6038 5933 5933 5933 6038
    6038 6038 6038 6038 6038 6038 5933 5933 2933 2933 2933 2908 2908
    2908 2908 2883 2883 2883 2883 6375 6259 6259 6146 6038 6038 6038
    6038 6038 6038 5933 5933 5933 6038 6038 5933 5933 5933 6038 6038
    5933 5933 2933 2933 2933 2908 2908 2908 2908 2883 2883 2883 6259
    6259 6259 6259 6146 6146 6038 6038 6038 6038 6038 5933 5933 5933
    6038 6038 5933 5933 5933 5933 5933 6038 6038 5832 2958 2933 2908
    2908 2908 2908 2908 6259 6259 6259 6259 6259 6259 6259 6146 6146
    6038 6038 6038 6038 6038 6038 5933</data></Depth15521>
</opencv_storage>
