<?xml version="1.0"?>
<opencv_storage>
<Depth8562 type_id="opencv-matrix">
  <rows>39</rows>
  <cols>29</cols>
  <dt>w</dt>
  <data>
    4582 2503 2503 2522 2522 2522 2522 2522 2522 2541 2541 2541 2541
    2541 2541 2541 2541 2541 2541 2560 2541 2541 2541 2541 2541 2541
    2541 2560 2560 2522 2503 2503 2522 2522 2522 2503 2485 2485 2522
    2522 2522 2522 2522 2522 2522 2522 2522 2522 2522 2522 2541 2541
    2541 2522 2522 2522 2560 2560 2522 2503 2503 2522 2503 2503 2485
    2485 2485 2522 2522 2522 2522 2522 2522 2522 2522 2522 2522 2522
    2522 2541 2522 2522 2522 2522 2522 2541 2541 2522 2503 2503 2503
    2503 2503 2485 2467 2467 2503 2522 2522 2522 2522 2522 2522 2522
    2522 2522 2522 2522 2522 2522 2522 2522 2522 2522 2541 2541 4708
    2503 2503 2503 2503 2503 2467 2467 2467 2503 2503 2522 2522 2522
    2522 2522 2522 2522 2522 2522 2522 2522 2522 2522 2522 2522 2522
    2541 4582 2485 2485 2485 2503 2503 2467 2467 2467 2467 2503 2503
    2503 2522 2522 2522 2522 2522 2503 2503 2522 2522 2522 2522 2522
    2522 2522 2522 2541 4582 2485 2485 2485 2503 2503 2467 2467 2467
    2485 2485 2503 2503 2522 2522 2522 2522 2522 2503 2503 2522 2522
    2522 2522 2522 2522 2522 2522 2541 2541 2485 2485 2503 2503 2503
    2503 2503 2503 2485 2485 2503 2503 2522 2522 2522 2503 2503 2522
    2522 2522 2522 2522 2522 2522 2522 2522 2522 2541 2541 2485 2485
    2503 2503 2503 2503 2503 2503 2503 2503 2503 2503 2522 2522 2522
    2503 2503 2522 2522 2522 2522 2522 2522 2522 2522 2522 2522 2541
    2541 4645 2503 2503 2503 2503 2503 2503 2503 2522 2503 2503 2503
    2522 2522 2522 2503 2503 2522 2522 2522 2522 2522 2522 2522 2541
    2522 2522 2541 2541 4645 2485 2485 2485 2485 2503 2503 2503 2522
    2522 2503 2503 2503 2503 2522 2522 2522 2522 2522 2522 2522 2522
    2522 2522 2522 2541 2541 2541 2541 4645 2485 2485 2485 2485 2503
    2503 2522 2522 2522 2522 2503 2503 2503 2522 2522 2522 2522 2522
    2522 2522 2522 2522 2522 2522 2522 2541 2541 2541 4645 2485 2485
    2485 2485 2503 2503 2503 2522 2522 2522 2503 2503 2522 2522 2522
    2522 2522 2522 2522 2522 2522 2522 2522 2522 2522 2541 2541 4582
    4582 2485 2485 2485 2485 2503 2503 2503 2503 2503 2522 2522 2522
    2522 2522 2522 2522 2522 2522 2522 2522 2522 2522 2522 2522 2522
    2522 2541 2541 4582 2503 2503 2503 2503 2503 2503 2503 2503 2503
    2503 2522 2522 2522 2522 2522 2522 2522 2522 2522 2522 2522 2522
    2522 2522 2522 2522 2541 2541 4522 2522 2522 2503 2503 2503 2503
    2503 2503 2503 2503 2522 2522 2522 2522 2522 2522 2503 2503 2522
    2522 2522 2522 2522 2522 2522 2522 2541 2541 2522 2522 2522 2503
    2503 2503 2503 2503 2503 2503 2503 2522 2522 2522 2522 2522 2522
    2503 2503 2522 2522 2522 2522 2522 2522 2522 2522 2541 2541 2522
    2522 2522 2503 2503 2503 2503 2503 2503 2503 2503 2503 2503 2522
    2522 2522 2522 2522 2522 2522 2522 2522 2522 2522 2522 2522 2522
    2541 2560 2541 2522 2522 2503 2503 2503 2503 2503 2503 2503 2503
    2503 2503 2522 2522 2522 2522 2522 2522 2522 2522 2522 2522 2522
    2522 2522 2522 2541 4582 2522 2522 2522 2503 2503 2503 2503 2522
    2522 2503 2503 2503 2522 2522 2522 2522 2522 2522 2522 2522 2522
    2522 2522 2522 2522 2522 2522 2541 4522 2522 2522 2522 2503 2503
    2503 2503 2503 2522 2522 2503 2503 2522 2522 2522 2522 2522 2522
    2522 2522 2522 2522 2522 2522 2522 2522 2522 2541 2541 4582 2522
    2522 2503 2503 2503 2503 2503 2522 2522 2522 2522 2522 2522 2522
    2522 2522 2522 2522 2522 2522 2522 2522 2503 2503 2522 2522 2541
    2541 4522 2522 2522 2522 2503 2503 2503 2503 2503 2522 2522 2522
    2522 2522 2522 2522 2522 2522 2522 2522 2522 2522 2522 2503 2503
    2522 2522 2522 2541 4522 2503 2503 2503 2503 2503 2503 2503 2503
    2503 2503 2503 2522 2522 2522 2522 2522 2522 2522 2522 2522 2522
    2522 2522 2522 2522 2522 2522 2541 4522 2503 2503 2503 2503 2503
    2503 2503 2503 2485 2485 2485 2503 2503 2522 2522 2522 2522 2522
    2522 2522 2522 2522 2522 2522 2503 2503 2522 2522 2503 2503 2503
    2503 2503 2503 2503 2503 2503 2485 2485 2485 2485 2503 2522 2503
    2503 2522 2522 2522 2522 2522 2522 2522 2522 2503 2503 2522 2522
    2485 2485 2485 2485 2485 2503 2503 2503 2503 2485 2485 2485 2485
    2503 2503 2503 2503 2522 2522 2522 2522 2522 2522 2522 2522 2522
    2522 2503 2503 2485 2485 2485 2485 2485 2485 2485 2503 2503 2503
    2503 2503 2503 2503 2503 2503 2503 2503 2522 2522 2522 2522 2522
    2522 2522 2522 2522 2503 2503 2503 2485 2485 2503 2503 2485 2485
    2503 2503 2503 2503 2503 2503 2503 2503 2503 2503 2503 2503 2522
    2522 2522 2522 2522 2522 2522 2522 2503 2503 4522 2485 2485 2503
    2503 2485 2485 2503 2503 2503 2503 2503 2503 2503 2503 2503 2503
    2503 2503 2522 2522 2522 2522 2522 2522 2522 2522 2522 2522 4522
    2485 2485 2503 2503 2503 2503 2503 2503 2503 2522 2503 2503 2522
    2522 2522 2522 2522 2522 2522 2522 2522 2522 2522 2522 2522 2522
    2541 2541 4522 2522 2522 2503 2503 2503 2503 2503 2503 2503 2503
    2522 2522 2522 2522 2522 2522 2522 2522 2522 2522 2522 2522 2522
    2522 2522 2522 2541 4645 2522 2522 2503 2503 2503 2503 2503 2503
    2503 2503 2503 2503 2503 2503 2522 2522 2522 2522 2522 2522 2522
    2522 2522 2522 2522 2522 2522 2522 4645 2522 2522 2503 2503 2503
    2503 2503 2503 2503 2503 2503 2503 2503 2503 2503 2503 2503 2522
    2522 2522 2522 2522 2522 2522 2522 2503 2503 2522 4645 2522 2522
    2503 2485 2485 2485 2485 2503 2503 2522 2503 2503 2503 2503 2503
    2503 2503 2522 2522 2522 2522 2522 2522 2522 2522 2503 2503 2522
    4645 2503 2503 2503 2485 2485 2467 2467 2485 2503 2503 2503 2503
    2503 2503 2503 2522 2522 2522 2522 2522 2522 2522 2522 2522 2522
    2522 2522 2541 4582 2485 2485 2485 2485 2485 2467 2467 2485 2485
    2503 2503 2503 2503 2503 2503 2522 2522 2522 2522 2522 2522 2522
    2522 2522 2522 2522 2522 2541 4582 2485 2485 2485 2485 2467 2467
    2467 2485 2485 2503 2503 2522 2522 2503 2503 2503 2503 2522 2503
    2503 2522 2503 2503 2503 2503 2503 2522 2541 4582 4522 2503 2485
    2485 2467 2467 2485 4522 4522 2522 2522 2522 2522 2503 2503 2503
    2503 2522 2503 2503 2522 2503 2503 2503 2503 2503 2522 2541 4522</data></Depth8562>
</opencv_storage>
