<?xml version="1.0"?>
<opencv_storage>
<Depth18659 type_id="opencv-matrix">
  <rows>10</rows>
  <cols>8</cols>
  <dt>w</dt>
  <data>
    7178 7332 7332 7332 7332 4911 4911 4911 7178 7492 7332 7332 7332
    7332 7332 4911 7178 7332 7332 7332 7332 7332 7332 4983 7030 7178
    7332 7178 7178 7178 7178 7332 7030 7178 7332 7178 7178 7030 7030
    7030 7178 7178 7178 7178 7178 7030 7030 7030 7030 7178 7178 7030
    7030 6889 6889 6753 7030 7178 7030 7030 6889 6889 6889 6753 7030
    7030 7030 7030 6889 6889 6889 6889 7030 7030 7030 7030 6889 6889
    6889 6889</data></Depth18659>
</opencv_storage>
