<?xml version="1.0"?>
<opencv_storage>
<Depth4768 type_id="opencv-matrix">
  <rows>41</rows>
  <cols>28</cols>
  <dt>w</dt>
  <data>
    2450 2415 2415 2432 2467 2467 2467 2450 2415 2415 2432 2450 2450
    2467 2467 2450 2450 2450 2450 2450 2450 2450 2467 2467 2467 2467
    2467 5374 2450 2432 2432 2432 2432 2450 2450 2450 2415 2415 2432
    2450 2450 2467 2432 2432 2450 2450 2450 2467 2450 2450 2450 2467
    2467 2467 2467 2467 2450 2432 2432 2432 2432 2450 2450 2450 2432
    2432 2450 2450 2450 2450 2432 2432 2450 2450 2450 2450 2450 2450
    2450 2450 2450 2450 2450 2450 2432 2432 2432 2432 2450 2432 2432
    2450 2467 2467 2450 2450 2450 2450 2450 2450 2450 2450 2450 2450
    2450 2450 2450 2450 2450 2450 2450 2450 2432 2415 2415 2432 2432
    2432 2432 2450 2450 2450 2467 2467 2467 2450 2450 2450 2450 2450
    2450 2450 2450 2450 2450 2450 2450 2432 2432 2432 2415 2415 2415
    2432 2432 2432 2432 2450 2450 2450 2467 2467 2467 2450 2450 2450
    2450 2450 2450 2467 2467 2467 2467 2450 2450 2432 2432 2432 2415
    2415 2415 2415 2432 2432 2432 2450 2450 2467 2467 2450 2450 2450
    2450 2450 2450 2467 2467 2467 2467 2467 2467 2467 2450 2450 2450
    2450 2415 2415 2415 2415 2432 2432 2432 2450 2450 2450 2450 2450
    2450 2450 2450 2450 2467 2467 2467 2467 2467 2467 2467 2467 2450
    2432 2432 2432 2415 2415 2415 2432 2450 2432 2432 2450 2450 2450
    2450 2450 2450 2450 2450 2450 2467 2467 2467 2467 2467 2467 2467
    2467 2450 2432 2432 2432 2432 2432 2432 2432 2450 2450 2450 2450
    2450 2450 2450 2450 2450 2450 2450 2450 2450 2467 2467 2467 2467
    2467 2467 2467 2450 2432 2432 2432 2432 2432 2432 2450 2450 2450
    2450 2450 2450 2450 2450 2450 2450 2450 2450 2432 2432 2450 2467
    2467 2467 2467 2467 2467 2450 2450 2432 2432 2432 2432 2432 2450
    2450 2450 2450 2450 2450 2450 2450 2450 2450 2450 2450 2432 2432
    2450 2467 2467 2467 2467 2467 2467 2450 2450 2432 2432 2432 2432
    2432 2432 2450 2450 2450 2450 2450 2450 2450 2450 2450 2450 2450
    2450 2450 2450 2467 2467 2467 2467 2467 2467 2467 2450 2432 2432
    2415 2415 2415 2432 2432 2450 2450 2450 2450 2450 2450 2450 2450
    2450 2450 2450 2450 2450 2467 2467 2467 2467 2467 2467 2467 2450
    2432 2432 2432 2415 2415 2432 2432 2450 2450 2450 2450 2450 2450
    2450 2450 2450 2450 2450 2450 2450 2467 2467 2467 2467 2467 2467
    2467 2450 2450 2450 2432 2432 2415 2415 2432 2432 2450 2450 2450
    2450 2450 2450 2450 2450 2450 2450 2450 2450 2450 2450 2450 2467
    2467 2467 2467 2450 2450 2450 2450 2450 2415 2415 2432 2432 2450
    2450 2450 2450 2450 2450 2450 2450 2450 2450 2450 2467 2450 2450
    2450 2467 2467 2467 2467 2450 2450 2450 2450 2450 2432 2432 2432
    2432 2450 2450 2450 2450 2450 2450 2450 2450 2450 2450 2450 2467
    2467 2450 2450 2450 2467 2467 2467 2450 2432 2432 2432 2432 2432
    2432 2432 2432 2450 2450 2450 2450 2450 2450 2450 2450 2450 2450
    2450 2467 2467 2450 2450 2450 2467 2467 2467 2450 2432 2432 2432
    2432 2450 2432 2432 2432 2450 2450 2450 2450 2450 2450 2450 2450
    2450 2450 2450 2467 2467 2450 2450 2467 2467 2467 2467 2467 2432
    2432 2450 2450 2450 2450 2432 2432 2450 2450 2450 2450 2450 2450
    2450 2450 2450 2450 2450 2450 2450 2450 2450 2467 2467 2467 2467
    2450 2432 2432 2450 2450 2450 2450 2450 2450 2450 2450 2432 2432
    2450 2450 2450 2450 2450 2450 2450 2450 2450 2450 2450 2450 2467
    2467 2467 2450 2450 2450 2467 2467 2450 2450 2450 2450 2450 2450
    2432 2432 2450 2450 2450 2450 2450 2450 2450 2450 2450 2450 2450
    2450 2467 2467 2467 2467 2467 2467 2467 2467 2450 2450 2450 2450
    2450 2450 2450 2450 2450 2450 2450 2450 2450 2450 2450 2450 2450
    2450 2450 2450 2450 2467 2467 2467 2467 2467 2450 2450 2432 2432
    2450 2450 2450 2450 2450 2450 2450 2450 2450 2450 2450 2450 2450
    2450 2450 2450 2450 2450 2450 2467 2467 2467 2467 2467 2450 2450
    2432 2432 2432 2450 2450 2450 2450 2450 2450 2450 2450 2450 2450
    2450 2450 2450 2467 2467 2467 2467 2467 2467 2467 2467 2467 2467
    2450 2432 2432 2432 2432 2432 2450 2450 2450 2450 2450 2450 2450
    2450 2450 2450 2450 2450 2450 2450 2467 2467 2467 2467 2467 2467
    2467 2467 2432 2432 2415 2415 2432 2432 2450 2450 2450 2450 2450
    2450 2450 2450 2450 2450 2450 2450 2450 2450 2450 2450 2467 2467
    2467 2450 2450 2450 2432 2415 2415 2415 2432 2450 2450 2450 2450
    2450 2450 2450 2450 2450 2450 2450 2450 2450 2450 2450 2450 2450
    2467 2467 2467 2450 2450 2450 2415 2415 2415 2415 2432 2432 2432
    2432 2432 2432 2450 2450 2450 2450 2450 2450 2450 2450 2450 2450
    2450 2450 2467 2467 2467 2450 2450 2467 2415 2415 2415 2415 2432
    2432 2432 2432 2432 2432 2450 2450 2450 2450 2450 2450 2450 2450
    2450 2450 2450 2450 2467 2450 2450 2450 2450 2450 2415 2415 2432
    2432 2432 2432 2432 2432 2432 2432 2450 2450 2450 2450 2450 2450
    2450 2450 2450 2450 2450 2450 2467 2450 2450 2450 2450 2450 2432
    2432 2432 2432 2432 2450 2450 2450 2450 2450 2432 2432 2432 2432
    2450 2450 2450 2450 2450 2450 2450 2450 2450 2450 2450 2450 2450
    2450 2432 2432 2432 2432 2432 2450 2450 2450 2450 2450 2432 2432
    2432 2432 2450 2450 2450 2450 2450 2450 2450 2450 2450 2450 2450
    2450 2432 2432 2450 2432 2432 2432 2432 2450 2450 2450 2450 2450
    2450 2432 2432 2432 2450 2450 2450 2450 2450 2450 2450 2450 2450
    2450 2450 2450 2432 2432 2450 2432 2432 2432 2432 2432 2450 2450
    2450 2432 2432 2432 2432 2432 2450 2450 2450 2450 2450 2450 2450
    2450 2450 2450 2450 2450 2432 2432 2467 2450 2450 2432 2432 2432
    2450 2450 2450 2432 2432 2432 2432 2450 2450 2450 2450 2450 2450
    2450 2450 2450 2467 2467 2450 2450 2432 2432 2467 2450 2450 2432
    2432 2432 2450 2450 2450 2450 2450 2450 2450 2450 2450 2450 2450
    2450 2450 2450 2450 2450 2450 2450 2467 2450 2450 2450 2467 2450
    2450 2432 2432 2432 2432 2450 2450 2450 2450 2450 2450 2432 2432
    2450 2467 2467 2467 2450 2450 2450 2450 2450 2467 2467 2450 2450
    5933 2450 2450 2432 2432 2432 2432 2450 2467 2467 2450 2450 2450
    2432 2432 2467 2467 2467 2467 2467 2467 5548 5460 5460 2467 2467
    2467 2467 5933 5832 5832 5832 5832 5734 5734 2467 2467 2467 2467
    2450 2450 2450 5548 5548 2503 2485 2467 2467 5548 5548 5548 5460
    5460 5460 5460 5460</data></Depth4768>
</opencv_storage>
