<?xml version="1.0"?>
<opencv_storage>
<Depth15442 type_id="opencv-matrix">
  <rows>42</rows>
  <cols>21</cols>
  <dt>w</dt>
  <data>
    0 0 0 0 0 0 0 2450 2432 2432 2432 2415 2398 2398 2398 0 0 6622 6622
    6622 6753 0 0 0 0 0 2467 2467 2450 2432 2432 2432 2415 2398 2398 0 0
    0 6622 6622 0 0 0 0 0 0 0 2467 2450 2450 2432 2432 2432 2415 2415
    2398 2398 0 0 0 0 0 0 0 2432 2432 2450 2450 2450 2432 2432 2432 2432
    2432 2415 2415 2398 2398 0 0 0 0 0 0 2450 2432 2432 2432 2432 2432
    2432 2432 2432 2432 2432 2432 2432 2450 2450 2503 0 0 0 0 0 2450
    2450 2432 2432 2432 2432 2432 2432 2432 2432 2432 2432 2432 2450
    2450 2503 2522 0 0 0 0 2450 2450 2432 2432 2432 2432 2432 2432 2415
    2415 2432 2432 2432 2450 2467 2503 2522 2598 0 0 0 2450 2450 2432
    2432 2432 2432 2432 2432 2415 2415 2450 2450 2450 2450 2467 2503
    2522 2579 2598 0 0 2365 2365 2432 2450 2432 2432 2432 2450 2450 2450
    2450 2450 2450 2450 2450 2485 2560 2579 2598 0 0 2365 2365 2432 2450
    2432 2432 2432 2450 2450 2450 2450 2450 2450 2450 2450 2485 2560
    2598 2618 0 0 2450 2450 2450 2450 2450 2450 2450 2450 2450 2450 2450
    2450 2432 2432 2467 2522 2522 2598 2618 0 0 2450 2450 2450 2450 2450
    2450 2450 2450 2450 2450 2450 2450 2432 2432 2467 2503 2503 2598
    2618 0 0 2450 2450 2450 2450 2450 2450 2450 2450 2450 2450 2450 2450
    2450 2450 2467 2485 2485 2579 2618 0 0 2450 2450 2450 2450 2450 2450
    2450 2450 2450 2450 2450 2450 2450 2450 2467 2485 2485 2579 0 0 0
    2450 2450 2450 2450 2450 2450 2450 2450 2450 2450 2450 2450 2450
    2450 2467 2485 2485 2579 2639 0 0 2450 2450 2450 2450 2450 2450 2450
    2450 2450 2450 2450 2450 2450 2450 2450 2467 2485 2579 2639 0 0 2450
    2450 2450 2467 2467 2467 2450 2450 2450 2450 2450 2450 2450 2450
    2450 2467 2541 2541 2639 0 0 2467 2467 2467 2467 2467 2450 2450 2450
    2450 2450 2450 2450 2450 2450 2450 2467 2503 2541 2618 0 0 5832 2467
    2467 2467 2467 2450 2450 2450 2450 2450 2450 2450 2450 2450 2450
    2450 2485 2579 2618 0 0 5832 2467 2467 2467 2467 2467 2450 2450 2450
    2450 2450 2450 2450 2450 2450 2450 2467 2598 2618 0 0 5548 2467 2467
    2467 2467 2467 2450 2450 2450 2450 2450 2450 2450 2450 2450 2450
    2467 2639 2639 2639 0 5460 2450 2450 2450 2467 2467 2450 2450 2450
    2450 2450 2450 2450 2450 2450 2450 2639 2639 2639 2639 0 5374 2450
    2450 2450 2467 2467 2450 2450 2450 2450 2450 2450 2450 2450 2450
    2450 2467 2598 2639 2639 0 5374 5374 2467 2467 2467 2467 2467 2450
    2450 2450 2467 2467 2467 2450 2450 2467 2467 2560 2598 2618 2618
    5374 5374 2467 2467 2467 2467 2450 2450 2450 2450 2467 2467 2467
    2450 2450 2467 2485 2541 2579 2618 2618 5374 5374 2467 2467 2467
    2467 2450 2450 2450 2450 2450 2450 2450 2450 2450 2467 2485 2503
    2579 2598 2598 5460 5460 2467 2467 2467 2467 2450 2450 2450 2450
    2450 2450 2450 2450 2450 2450 2485 2503 2579 2598 2598 5548 5734
    5734 2467 2467 2467 2450 2450 2450 2450 2450 2450 2450 2450 2450
    2450 2467 2503 2579 2598 2618 5734 5734 5832 5832 2467 2467 2467
    2467 2467 2467 2450 2450 2450 2450 2450 2450 2467 2503 2560 2618
    2618 5548 5734 5832 5832 2450 2450 2467 2467 2467 2467 2450 2450
    2450 2450 2450 2450 2467 2467 2560 2618 2618 5460 5548 5832 5832
    2450 2450 2467 2467 2467 2467 2467 2450 2450 2450 2450 2467 2467
    2467 2560 2618 2618 5460 5460 5832 5832 2467 2467 2467 2467 2467
    2467 2467 2450 2450 2450 2450 2450 2467 2485 2560 2618 2618 5460
    5460 5460 5460 2485 2485 2467 2467 2467 2467 2467 2450 2450 2450
    2450 2450 2450 2467 2541 2598 2618 5460 5460 5460 5460 2503 2503
    2503 2485 2467 2467 2467 2467 2467 2450 2450 2450 2450 2467 2522
    2560 2598 5460 5460 5460 5548 5548 2503 2503 2485 2467 2467 2467
    2467 2467 2450 2450 2450 2450 2467 2522 2560 2598 5460 5460 5460
    5460 5460 2503 2503 2485 2467 2467 2467 2467 2467 2450 2450 2467
    2467 2485 2522 2560 2598 5460 5460 5460 5460 5460 2485 2485 2485
    2467 2467 2467 2467 2467 2467 2467 2467 2467 2485 2522 2560 2618
    5460 5460 5460 5460 5460 2485 2485 2485 2467 2467 2467 2467 2467
    2467 2467 2467 2467 2485 2522 2560 2639 5460 5460 5460 5460 5460
    2485 2485 2485 2467 2467 2467 2467 2467 2467 2467 2467 2467 2467
    2503 2560 2639 5548 5460 5460 5460 5460 2503 2485 2467 2467 2467
    2467 2450 2450 2467 2467 2467 2467 2467 2485 0 0 5548 5460 5460 5460
    5460 2485 2467 2467 2467 2467 2467 2450 2450 2467 2467 2467 2467
    2467 2485 0 0 5548 5460 5460 5460 5460 2485 2467 2467 2467 2467 2467
    2467 2467 2467 2467 2450 2450 2450 0 0 0</data></Depth15442>
</opencv_storage>
