<?xml version="1.0"?>
<opencv_storage>
<Depth12022 type_id="opencv-matrix">
  <rows>9</rows>
  <cols>17</cols>
  <dt>w</dt>
  <data>
    5734 5640 5640 5640 4911 4983 4983 4983 4983 4911 4911 4911 4774
    4774 4774 4911 4911 5056 5056 4983 4911 4911 4983 4983 4983 4983
    4911 4911 4911 4774 4774 4774 4774 4774 4983 4983 4983 4911 4911
    4983 4983 4911 4911 4911 4911 4842 4842 4774 4774 4774 4774 4983
    4983 4983 4983 4983 4983 4911 4911 4911 4911 4842 4842 4842 4842
    4842 4842 4842 4983 4983 4983 4983 4911 4842 4842 4842 4911 4911
    4842 4842 4842 4842 4842 4842 4842 4983 4983 4983 4983 4842 4842
    4842 4842 4911 4842 4842 4774 4774 4774 4842 4842 4842 4983 4983
    4983 4842 4842 4842 4842 4842 4911 4842 4842 4774 4774 4774 4842
    4842 4911 4983 4911 4911 4842 4842 4842 4842 4842 4842 4911 4911
    4842 4842 0 0 0 0 4983 4911 4911 4842 4774 4774 4842 4774 4774 4911
    5210 5210 0 0 0 0 0</data></Depth12022>
</opencv_storage>
