<?xml version="1.0"?>
<opencv_storage>
<Depth16833 type_id="opencv-matrix">
  <rows>92</rows>
  <cols>25</cols>
  <dt>w</dt>
  <data>
    1165 1161 1161 1624 1601 1601 1161 1157 1157 1564 1564 1557 1550
    1543 1177 1161 1157 1153 1153 1153 1153 1153 1489 1483 1483 1639
    1624 1624 1624 1616 1616 1601 1594 1586 1572 1564 1557 1550 1543
    1536 1161 1157 1153 1153 1153 1153 1496 1489 1483 1483 1639 1632
    1632 1624 1624 1616 1609 1594 1586 1579 1564 1557 1550 1543 1536
    1529 1529 1523 1509 1509 1503 1496 1489 1483 1483 1639 1632 1632
    1624 1624 1616 1609 1594 1586 1586 1564 1557 1550 1543 1536 1529
    1529 1523 1509 1509 1503 1503 1489 1483 1483 1639 1632 1632 1624
    1624 1616 1609 1601 1594 1586 1579 1557 1550 1543 1543 1536 1529
    1523 1516 1509 1503 1503 1483 1483 1483 1639 1632 1632 1624 1624
    1616 1609 1601 1594 1586 1586 1557 1557 1550 1543 1536 1529 1529
    1516 1509 1503 1489 1483 1483 1483 1647 1639 1632 1624 1624 1616
    1609 1609 1601 1594 1586 1572 1564 1557 1550 1543 1536 1529 1523
    1516 1503 1489 1483 1483 1483 1655 1639 1639 1632 1624 1616 1616
    1609 1601 1594 1586 1579 1564 1557 1557 1550 1543 1536 1523 1516
    1509 1489 1483 1483 1483 1087 1647 1639 1632 1624 1616 1616 1609
    1609 1601 1594 1586 1579 1564 1564 1557 1550 1536 1529 1523 1516
    1489 1483 1483 1483 1080 1080 1639 1632 1624 1616 1616 1616 1609
    1601 1594 1586 1579 1572 1564 1564 1557 1550 1536 1529 1516 1509
    1489 1483 1483 1077 1073 1073 1632 1624 1624 1616 1616 1609 1601
    1594 1586 1586 1579 1572 1572 1564 1557 1550 1536 1523 1516 1509
    1483 1483 1070 1070 1070 1070 1624 1624 1624 1616 1609 1601 1594
    1586 1586 1579 1579 1572 1564 1564 1557 1543 1529 1523 1509 1489
    1489 1063 1060 1060 1060 1632 1624 1624 1616 1609 1601 1594 1594
    1586 1586 1579 1579 1572 1564 1564 1557 1543 1529 1516 1489 1489
    1060 1060 1060 1060 1632 1632 1624 1616 1616 1609 1594 1594 1594
    1586 1586 1579 1572 1572 1564 1564 1550 1529 1516 1509 1496 1057
    1057 1057 1057 1632 1632 1624 1624 1616 1616 1601 1594 1594 1594
    1586 1586 1579 1579 1579 1572 1557 1543 1523 1509 1503 1054 1054
    1057 1057 1632 1632 1624 1624 1616 1616 1609 1601 1594 1594 1594
    1586 1586 1579 1579 1572 1564 1557 1536 1516 1503 1047 1047 1057
    1057 1639 1632 1624 1624 1616 1616 1609 1601 1594 1594 1586 1586
    1586 1579 1579 1572 1572 1564 1557 1550 1509 1047 1047 1647 1647
    1639 1632 1624 1624 1616 1616 1609 1601 1594 1594 1586 1586 1586
    1586 1579 1572 1572 1564 1557 1557 1516 1044 1647 1647 1647 1639
    1632 1624 1624 1616 1616 1609 1601 1601 1594 1586 1586 1586 1586
    1579 1579 1579 1579 1572 1557 1529 1663 1655 1647 1647 1639 1632
    1624 1624 1616 1616 1609 1609 1601 1594 1594 1586 1586 1586 1586
    1586 1586 1586 1579 1564 1536 1655 1655 1647 1639 1632 1632 1624
    1624 1624 1616 1616 1616 1609 1601 1594 1594 1594 1586 1586 1586
    1586 1586 1579 1564 1536 1655 1655 1647 1639 1632 1632 1624 1624
    1624 1616 1616 1616 1609 1609 1601 1594 1594 1586 1586 1586 1586
    1586 1579 1572 1543 1655 1655 1647 1639 1632 1632 1624 1624 1624
    1616 1616 1616 1609 1609 1601 1594 1594 1586 1586 1586 1586 1586
    1586 1579 1557 1663 1655 1647 1639 1639 1632 1632 1632 1624 1616
    1616 1616 1609 1609 1601 1594 1594 1594 1594 1594 1594 1586 1586
    1579 1572 1655 1655 1655 1647 1647 1639 1639 1632 1624 1624 1616
    1616 1616 1609 1609 1594 1594 1594 1594 1594 1594 1586 1586 1586
    1586 995 1663 1655 1647 1647 1639 1639 1632 1624 1624 1616 1616 1616
    1616 1609 1609 1609 1594 1594 1594 1594 1586 1586 1586 1586 995 1671
    1663 1655 1647 1647 1639 1632 1624 1624 1624 1616 1616 1609 1609
    1616 1616 1609 1601 1594 1594 1586 1586 1586 1586 1680 1671 1663
    1655 1647 1639 1639 1632 1624 1624 1624 1616 1616 1609 1609 1616
    1616 1609 1601 1601 1594 1594 1594 1594 1594 1680 1671 1663 1655
    1647 1639 1639 1632 1624 1624 1624 1616 1616 1616 1616 1616 1609
    1609 1601 1601 1594 1594 1594 1594 1594 1663 1663 1663 1655 1647
    1647 1639 1632 1624 1624 1616 1616 1616 1616 1616 1609 1609 1609
    1601 1601 1601 1594 1594 1594 1601 1663 1663 1663 1655 1647 1647
    1639 1632 1624 1624 1616 1616 1616 1616 1616 1609 1601 1601 1601
    1601 1601 1601 1601 1601 1601 1671 1671 1663 1655 1647 1647 1639
    1632 1624 1624 1616 1616 1616 1616 1616 1616 1601 1601 1609 1601
    1601 1601 1601 1601 1601 1671 1671 1663 1655 1647 1647 1639 1632
    1624 1624 1624 1616 1616 1624 1616 1616 1609 1609 1609 1601 1601
    1601 1601 1601 1601 1680 1680 1663 1655 1655 1647 1639 1632 1632
    1624 1624 1624 1624 1624 1616 1616 1616 1616 1609 1609 1601 1601
    1601 1601 1609 1688 1680 1663 1655 1655 1647 1647 1632 1632 1624
    1624 1624 1624 1624 1616 1616 1616 1616 1609 1609 1609 1609 1609
    1609 1609 1680 1680 1671 1655 1655 1647 1647 1632 1632 1624 1624
    1624 1624 1624 1616 1616 1616 1616 1609 1609 1609 1609 1609 1609
    1616 1680 1671 1663 1655 1655 1647 1647 1639 1639 1632 1624 1624
    1616 1616 1616 1616 1616 1616 1616 1616 1609 1609 1609 1616 1616
    2381 1663 1663 1655 1647 1647 1647 1639 1639 1632 1624 1624 1616
    1616 1616 1616 1616 1616 1616 1616 1616 1616 1616 1616 1624 2381
    1663 1663 1655 1647 1647 1647 1647 1639 1632 1624 1624 1616 1616
    1616 1616 1616 1616 1616 1616 1616 1616 1616 1624 1624 1663 1663
    1663 1655 1647 1647 1647 1647 1639 1639 1632 1624 1624 1624 1624
    1624 1624 1616 1616 1616 1616 1616 1624 1624 1624 1663 1663 1663
    1663 1655 1647 1647 1647 1639 1639 1632 1632 1624 1624 1624 1624
    1624 1616 1616 1616 1616 1616 1624 1624 1624 1671 1671 1671 1663
    1655 1655 1647 1647 1639 1639 1639 1632 1624 1624 1624 1624 1624
    1624 1624 1624 1624 1624 1624 1624 1624 1671 1671 1671 1663 1655
    1655 1647 1647 1647 1639 1639 1632 1624 1624 1624 1624 1624 1624
    1624 1624 1624 1624 1624 1624 1624 2381 1671 1671 1663 1663 1655
    1647 1647 1647 1639 1639 1632 1624 1624 1624 1624 1624 1624 1624
    1624 1624 1624 1624 1624 1624 2381 1680 1671 1663 1663 1655 1655
    1655 1647 1647 1639 1632 1632 1624 1624 1624 1624 1624 1624 1624
    1624 1624 1624 1624 1624 1680 1680 1671 1671 1663 1663 1655 1655
    1647 1647 1639 1632 1632 1624 1624 1624 1624 1624 1624 1624 1624
    1624 1624 1624 1632 1680 1680 1680 1671 1663 1663 1655 1655 1647
    1647 1647 1639 1632 1632 1632 1632 1624 1624 1624 1624 1624 1624
    1624 1624 1632 1688 1680 1680 1671 1663 1663 1663 1655 1647 1647
    1647 1639 1639 1632 1632 1639 1632 1632 1632 1632 1632 1632 1632
    1632 1632 1688 1680 1680 1671 1663 1663 1655 1647 1647 1647 1647
    1647 1639 1639 1639 1639 1632 1632 1632 1632 1632 1632 1632 1632
    1632 1688 1680 1680 1671 1663 1663 1655 1647 1647 1647 1647 1647
    1647 1647 1639 1639 1639 1632 1632 1632 1632 1632 1639 1632 1632
    1680 1680 1680 1671 1663 1663 1655 1647 1647 1647 1647 1647 1647
    1647 1647 1639 1639 1632 1632 1632 1632 1632 1639 1639 1639 869 1680
    1680 1680 1671 1671 1663 1655 1647 1647 1647 1647 1647 1647 1647
    1639 1639 1632 1632 1632 1632 1632 1639 1639 1639 0 1688 1688 1680
    1671 1671 1663 1655 1647 1647 1647 1647 1647 1647 1647 1647 1639
    1639 1632 1632 1632 1639 1639 1639 1639 1705 1696 1696 1688 1680
    1680 1671 1663 1655 1655 1647 1647 1647 1647 1647 1647 1647 1647
    1639 1639 1639 1639 1639 1639 1639 1705 1696 1696 1688 1688 1680
    1680 1671 1655 1655 1655 1647 1647 1647 1647 1647 1647 1647 1647
    1639 1639 1639 1639 1647 1647 1696 1696 1696 1688 1688 1680 1680
    1671 1663 1655 1655 1655 1655 1655 1647 1647 1647 1647 1647 1647
    1647 1647 1647 1647 1655 1696 1696 1696 1696 1688 1688 1680 1680
    1671 1663 1663 1655 1655 1655 1655 1655 1647 1647 1647 1647 1647
    1647 1647 1655 1655 1696 1696 1688 1688 1688 1688 1680 1680 1680
    1663 1663 1663 1655 1655 1655 1655 1655 1647 1647 1647 1647 1647
    1647 1655 1655 1696 1696 1688 1688 1688 1688 1680 1680 1680 1671
    1671 1663 1655 1655 1655 1655 1655 1655 1647 1647 1647 1655 1655
