<?xml version="1.0"?>
<opencv_storage>
<Depth19365 type_id="opencv-matrix">
  <rows>12</rows>
  <cols>11</cols>
  <dt>w</dt>
  <data>
    0 4774 4774 4774 4842 4911 4911 4911 4983 4983 4842 0 4774 4774 4842
    4842 4911 4911 4911 4911 4842 4842 0 4911 4842 4842 4774 4774 4842
    4842 4842 4842 4842 4708 4842 4774 4708 4708 4708 4708 4774 4774
    4774 4774 4708 4708 4708 4708 4645 4645 4645 4708 4645 4645 4708
    4708 4645 4645 4645 4645 4645 4582 4582 4522 4522 4582 4708 4645
    4645 4645 4645 4645 4582 4582 4522 4522 4582 4645 4582 4582 4582
    4645 4708 4582 4582 4522 4522 4582 4645 4582 4582 4582 4645 4645
    4582 4582 4522 4522 4582 0 0 4645 4645 4645 4645 4582 4582 4582 4582
    4582 0 0 4645 4645 4582 4582 4645 4645 4582 4582 4582 0 0 4645 4645
    4582 4582 4645 4645 4645 4582 4582</data></Depth19365>
</opencv_storage>
