<?xml version="1.0"?>
<opencv_storage>
<Depth11158 type_id="opencv-matrix">
  <rows>121</rows>
  <cols>52</cols>
  <dt>w</dt>
  <data>
    3692 3653 3653 3653 3653 3653 3653 3614 3614 3614 3614 1054 1054
    1054 1054 1054 1057 1060 1060 1067 1067 1067 1067 1067 1067 1067
    1067 0 0 1019 1016 1016 1013 1007 1004 1004 1004 1097 1097 0 0 0 0
    1206 1206 1206 1206 1206 1202 1197 1197 1197 3692 3653 3653 3653
    3653 3653 3653 0 0 1047 1047 1047 1047 1047 1050 1050 1050 1054 1057
    1063 1063 1063 1063 1060 1060 1067 1067 1044 1019 1019 1019 1016
    1013 1007 1004 1004 1004 1097 1097 0 0 0 0 0 0 0 1206 1206 1202 1193
    1189 1189 3692 3692 3692 3692 0 0 0 0 0 1050 1047 1047 1044 1044
    1044 1044 1047 1047 1050 1057 1057 1057 1060 1057 1057 1044 1044 0 0
    1019 1019 1016 1013 1007 1007 1010 1101 1094 1087 1087 0 0 0 0 0 0
    1210 1210 1197 1189 1185 1185 3692 3692 3692 0 0 0 0 0 0 1050 1047
    1047 1044 1041 1041 1038 1038 1038 1038 1038 1044 1044 1050 1041
    1041 1038 1038 1038 1019 1019 1019 1016 1016 1013 1013 1013 1016
    1090 1084 1080 1080 0 0 1080 1097 1097 1115 1197 1197 1181 1181 1185
    3692 3692 3692 0 0 0 0 0 0 0 1047 1044 1041 1041 1038 1038 1038 1034
    1034 1034 1031 1031 1031 1031 1028 1028 1019 1019 1019 1019 1019
    1016 1016 1013 1013 1013 1016 1050 1084 1070 1070 1070 1070 1080
    1097 1097 1115 1126 1165 1165 1173 1173 3692 3653 3653 0 0 0 0 0 0
    1054 1047 1044 1041 1041 1038 1038 1038 1031 1031 1031 1031 1028
    1028 1025 1025 1022 1019 1019 1016 1016 1016 1013 1010 1007 1007
    1010 1016 1022 1031 1067 1067 1067 1067 1077 1097 1097 1115 1126
    1153 1157 1161 1161 3653 3653 3653 0 0 0 0 0 0 1050 1047 1044 1041
    1041 1038 1038 1038 1031 1031 1031 1031 1028 1028 1025 1022 1019
    1019 1019 1016 1016 1013 1010 1007 1004 1004 1007 1010 1016 1025
    1067 1067 1067 1067 1077 1097 1119 1119 1130 1153 1157 1161 1161
    3653 3614 3614 0 0 0 0 0 0 1050 1047 1044 1041 1041 1041 1038 1038
    1034 1034 1034 1031 1031 1028 1025 1022 1019 1019 1016 1016 1016
    1013 1010 1007 1004 1004 1007 1010 1013 1022 1063 1063 1067 1070
    1097 1097 1126 1126 1157 1157 1161 1165 1165 3653 3614 3614 0 0 0 0
    0 0 1050 1047 1047 1044 1041 1041 1038 1038 1034 1034 1034 1031 1031
    1028 1025 1022 1019 1019 1016 1016 1013 1010 1007 1007 1004 1004
    1007 1010 1013 1022 1044 1057 1067 1070 1097 1097 1108 1149 1161
    1161 1165 1165 0 3653 3653 3692 0 0 0 0 0 1054 1050 1050 1047 1044
    1041 1041 1038 1038 1034 1034 1034 1031 1031 1028 1025 1022 1019
    1019 1016 1016 1013 1010 1007 1007 1007 1007 1007 1010 1013 1022
    1044 1057 1067 1073 1101 1101 1108 1165 1165 1165 1165 1165 0 3732
    3692 3692 0 0 0 0 0 1054 1050 1050 1047 1047 1044 1041 1038 1038
    1034 1034 1034 1034 1031 1031 1028 1022 1019 1019 1016 1016 1016
    1013 1010 1010 1007 1007 1010 1010 1016 1031 1044 1057 1067 1073
    1097 1105 1108 1157 1161 1169 1169 1169 1169 3732 3774 0 0 0 0 0 0
    1054 1054 1050 1050 1047 1044 1041 1041 1038 1038 1038 1034 1031
    1031 1028 1028 1025 1022 1019 1016 1016 1016 1013 1010 1007 1007
    1007 1010 1013 1025 1038 1050 1060 1070 1094 1097 1101 1108 1157
    1161 1169 1173 1177 1177 3732 3732 0 0 0 0 0 0 1054 1054 1050 1050
    1047 1044 1044 1041 1038 1038 1038 1034 1031 1031 1028 1028 1025
    1022 1019 1019 1016 1016 1013 1010 1007 1007 1007 1010 1022 1028
    1038 1054 1060 1070 1094 1097 1101 1108 1157 1161 1169 1173 1177
    1177 3732 3732 0 0 0 0 0 0 1054 1054 1050 1050 1047 1044 1044 1041
    1038 1038 1038 1038 1034 1031 1028 1028 1025 1022 1019 1019 1016
    1016 1013 1007 1007 1007 1007 1010 1025 1031 1044 1057 1063 1084
    1094 1097 1101 1141 1157 1161 1169 1177 1185 1185 3732 3732 0 0 0 0
    0 0 1057 1057 1054 1050 1047 1044 1044 1041 1041 1038 1038 1034 1031
    1031 1028 1028 1025 1022 1019 1019 1016 1016 1013 1007 1007 1007
    1007 1010 1031 1034 1054 1057 1063 1084 1097 1097 1097 1141 1157
    1165 1177 1177 1185 1185 3774 3774 0 0 0 0 0 0 1060 1057 1054 1050
    1047 1044 1041 1041 1041 1038 1038 1034 1031 1031 1028 1028 1025
    1022 1019 1019 1016 1013 1013 1007 1007 1007 1007 1010 1034 1034
    1054 1057 1063 1094 1101 1097 1097 1141 1153 1169 1177 1177 1177
    1177 3774 3774 0 0 0 0 0 0 1063 1057 1054 1050 1047 1044 1041 1041
    1041 1038 1038 1038 1034 1034 1028 1028 1025 1022 1019 1019 1016
    1013 1013 1010 1007 1007 1007 1010 1038 1041 1054 1057 1063 1101
    1105 1105 1141 1145 1153 1169 1177 1181 1181 0 3774 3774 0 0 0 0 0 0
    1063 1057 1054 1050 1047 1044 1044 1041 1041 1041 1041 1038 1034
    1034 1031 1028 1025 1022 1019 1019 1016 1013 1013 1010 1010 1010
    1010 1019 1034 1038 1054 1057 1063 1108 1108 1108 1141 1145 1153
    1173 1181 1181 1181 0 3774 3774 0 0 0 0 0 1067 1063 1060 1054 1054
    1050 1047 1047 1044 1041 1041 1041 1038 1034 1034 1031 1028 1025
    1022 1022 1019 1016 1016 1013 1010 1010 1010 1010 1025 1031 1038
    1054 1063 1070 1108 1108 1112 1145 1149 1157 1173 1181 1181 1181
    3333 3774 0 0 0 0 0 0 1067 1063 1060 1057 1054 1050 1050 1047 1044
    1044 1041 1041 1041 1038 1034 1031 1028 1025 1022 1022 1019 1019
    1016 1016 1013 1013 1013 1016 1025 1031 1031 1060 1063 1070 1108
    1112 1112 1149 1153 1157 1181 1181 1189 0 3333 3774 0 0 0 0 0 0 1067
    1063 1060 1057 1054 1054 1050 1047 1044 1044 1041 1041 1041 1038
    1034 1031 1028 1028 1025 1025 1022 1019 1019 1016 1016 1016 1016
    1016 1025 1031 1031 1063 1067 1070 1105 1108 1112 1149 1153 1157
    1181 1181 1181 0 3333 3774 0 0 0 0 0 0 1067 1063 1060 1057 1054 1054
    1050 1047 1044 1044 1041 1041 1041 1041 1038 1034 1031 1028 1028
    1028 1025 1022 1019 1019 1019 1019 1019 1022 1031 1031 1031 1067
    1070 1084 1105 1108 1112 1149 1157 1161 1181 1185 1185 0 3365 3774 0
    0 0 0 0 0 1070 1063 1060 1057 1054 1054 1050 1050 1047 1044 1041
    1041 1044 1041 1041 1034 1031 1031 1028 1028 1025 1022 1019 1019
    1019 1019 1019 1025 1034 1038 1044 1070 1080 1094 1105 1112 1115
    1149 1157 1161 1181 1189 1189 0 3399 3774 0 0 0 0 0 0 1070 1063 1063
    1057 1057 1054 1050 1050 1047 1044 1044 1044 1044 1041 1041 1038
    1031 1031 1028 1028 1025 1022 1022 1019 1019 1019 1019 1022 1038
    1041 1044 1070 1080 1094 1108 1115 1126 1153 1165 1173 1185 1185
    1185 3399 3399 3774 0 0 0 0 0 0 1067 1063 1063 1057 1057 1057 1054
    1050 1050 1047 1047 1047 1044 1041 1041 1038 1034 1031 1028 1028
    1025 1025 1022 1019 1019 1019 1019 1019 1041 1047 1060 1070 1084
    1097 1112 1123 1134 1157 1165 1177 1185 1185 0 3433 3433 3816 0 0 0
    0 0 0 1067 1063 1063 1060 1057 1057 1054 1050 1050 1047 1047 1044
    1044 1041 1041 1038 1034 1031 1028 1028 1028 1025 1022 1019 1019
    1019 1019 1019 1044 1054 1067 1070 1080 1097 1119 1123 1138 1157
    1169 1177 1189 1189 0 3433 3433 3816 0 0 0 0 0 1073 1070 1067 1063
    1060 1060 1060 1054 1054 1050 1047 1047 1044 1044 1041 1041 1038
    1038 1031 1031 1028 1028 1025 1022 1019 1019 1019 1019 1019 1050
    1057 1067 1070 1080 1115 1123 1126 1149 1161 1169 1185 1189 1189 0
    3399 3399 3816 0 0 0 0 0 1073 1070 1063 1063 1060 1060 1057 1054
    1054 1050 1047 1047 1047 1044 1044 1041 1038 1038 1031 1031 1028
    1028 1025 1022 1019 1019 1019 1019 1019 1050 1054 1070 1073 1080
    1119 1123 1126 1149 1161 1169 1185 1193 1193 0 3399 3399 3816 0 0 0
    0 0 1073 1070 1063 1063 1063 1060 1057 1054 1054 1050 1047 1047 1047
    1044 1044 1041 1041 1038 1031 1031 1028 1028 1025 1022 1022 1019
    1019 1019 1044 1047 1054 1070 1077 1084 1119 1123 1134 1149 1161
    1177 1189 1202 1202 0 3433 3433 3859 0 0 0 0 0 1070 1067 1063 1063
    1063 1063 1060 1057 1054 1050 1050 1047 1047 1047 1044 1041 1041
    1038 1034 1031 1031 1028 1028 1025 1022 1022 1022 1025 1044 1047
    1057 1070 1080 1115 1119 1123 1134 1149 1165 1185 1193 1202 1202 0
    3433 3433 3859 0 0 0 0 0 1070 1067 1063 1063 1063 1063 1063 1057
    1054 1054 1050 1050 1050 1047 1044 1044 1041 1038 1034 1031 1031
    1028 1028 1025 1025 1025 1025 1028 1044 1047 1060 1073 1080 1115
