<?xml version="1.0"?>
<opencv_storage>
<Depth12321 type_id="opencv-matrix">
  <rows>5</rows>
  <cols>25</cols>
  <dt>w</dt>
  <data>
    0 0 0 0 0 0 5832 5832 5933 5933 5933 6038 6038 6038 6038 6038 6038
    6038 6038 5933 5933 5933 5832 5832 5832 0 0 0 0 0 0 5832 5832 5933
    5933 5933 6038 6038 6038 6038 6038 6038 6038 6038 5933 5933 5933
    5933 5933 5832 6038 6038 6038 6038 6038 5933 5933 5933 5933 5933
    6038 5933 5933 6038 5933 5933 5933 5933 5933 5933 5933 5933 5933
    5933 5933 6038 6038 5933 5933 5933 5933 5933 5933 5933 5933 5933
    5832 5832 5832 5933 5933 5933 5933 5933 5933 5933 5933 5933 5933
    5933 6038 5933 5933 5734 5734 5832 5933 5933 6038 5933 5933 5832
    5832 5832 5933 0 0 0 0 0 5933 5933 5933 6038 6038</data></Depth12321>
</opencv_storage>
