<?xml version="1.0"?>
<opencv_storage>
<Depth16095 type_id="opencv-matrix">
  <rows>71</rows>
  <cols>46</cols>
  <dt>w</dt>
  <data>
    5056 5056 5056 5056 5132 1579 1579 1579 1579 1579 1586 1586 5210
    5132 5056 5056 5056 5056 4983 4983 5056 4983 4983 4983 4983 4983
    4983 4983 4983 4983 4983 4983 4983 4911 4911 4842 4842 4911 4911
    1632 1632 1624 1624 4911 4842 4842 5056 5056 5056 5056 5132 1579
    1579 1579 1579 1579 1579 1579 1579 1579 1579 1579 1579 1586 5056
    5056 5056 4983 4983 4983 4983 4983 4983 4983 4983 4983 4983 4983
    4983 4983 4911 4842 4842 1632 1632 1632 1632 1624 1624 1624 4842
    4842 5132 5132 5056 5056 1586 1586 1579 1579 1579 1572 1572 1579
    1579 1572 1572 1572 1572 1572 1572 1572 1572 1572 1579 1579 1572
    1564 1564 1572 4983 1557 1557 1557 1557 1564 1564 1564 1632 1632
    1632 1632 1624 1594 1550 1550 1543 1543 4983 5210 5210 1579 1579
    1579 1579 1579 1579 1572 1572 1572 1579 1572 1572 1572 1572 1572
    1572 1572 1564 1564 1572 1572 1564 1564 1557 1557 1557 1557 1557
    1557 1557 1557 1557 1557 1557 1572 1632 1624 1616 1564 1550 1543
    1543 1543 4983 5210 1572 1572 1579 1579 1579 1579 1572 1572 1572
    1572 1572 1572 1572 1572 1572 1572 1572 1572 1564 1564 1564 1564
    1564 1564 1557 1557 1557 1557 1557 1557 1557 1557 1550 1550 1550
    1550 1624 1601 1572 1557 1550 1543 1543 1543 5056 1557 1557 1572
    1572 1572 1579 1579 1572 1572 1572 1572 1572 1572 1572 1564 1564
    1564 1564 1564 1564 1564 1564 1564 1564 1557 1557 1550 1550 1550
    1557 1557 1557 1550 1550 1550 1550 1550 1550 1550 1550 1550 1550
    1543 1543 1543 5132 1557 1557 1572 1572 1572 1572 1572 1572 1572
    1572 1572 1572 1572 1572 1564 1564 1564 1564 1564 1564 1564 1557
    1557 1557 1557 1550 1550 1550 1550 1557 1557 1557 1550 1550 1543
    1543 1550 1550 1550 1550 1550 1550 1536 1536 1536 5132 1572 1572
    1572 1572 1572 1572 1572 1572 1572 1572 1572 1572 1572 1572 1564
    1564 1564 1557 1557 1564 1557 1557 1557 1557 1557 1550 1550 1550
    1557 1557 1557 1550 1550 1550 1543 1543 1550 1550 1550 1550 1550
    1550 1536 1529 1529 5132 1572 1572 1564 1564 1564 1564 1572 1572
    1572 1572 1572 1572 1572 1572 1564 1564 1557 1557 1557 1564 1557
    1557 1557 1557 1557 1557 1557 1557 1557 1557 1557 1550 1550 1550
    1543 1543 1550 1550 1550 1550 1550 1550 1536 1529 1529 4983 4983
    1572 1564 1564 1564 1564 1572 1572 1572 1572 1564 1564 1564 1564
    1564 1564 1557 1557 1557 1557 1557 1557 1557 1557 1557 1557 1557
    1557 1557 1557 1550 1550 1550 1550 1543 1543 1550 1550 1550 1550
    1543 1543 1543 1536 1536 4983 4983 1572 1564 1564 1564 1564 1572
    1572 1564 1564 1564 1564 1564 1564 1564 1564 1564 1564 1564 1557
    1557 1557 1557 1557 1557 1557 1557 1557 1557 1550 1550 1550 1550
    1550 1550 1550 1550 1550 1550 1543 1543 1543 1543 1543 1543 4983
    4983 1579 1572 1572 1564 1564 1564 1572 1564 1564 1564 1564 1564
    1564 1564 1564 1564 1564 1564 1564 1557 1557 1557 1557 1550 1550
    1557 1557 1557 1550 1550 1550 1550 1550 1550 1550 1550 1550 1543
    1543 1543 1543 1543 1543 1543 5056 5056 1579 1572 1572 1564 1564
    1564 1564 1572 1572 1564 1564 1564 1564 1564 1564 1564 1564 1557
    1557 1557 1557 1557 1550 1550 1550 1550 1550 1550 1550 1550 1550
    1550 1550 1550 1550 1550 1543 1543 1543 1543 1543 1543 1543 1543
    4983 1579 1579 1572 1572 1564 1564 1564 1564 1572 1572 1572 1564
    1564 1564 1564 1564 1557 1557 1557 1557 1557 1557 1557 1550 1550
    1550 1550 1550 1550 1550 1550 1550 1550 1550 1550 1550 1550 1543
    1543 1543 1543 1543 1543 1536 1536 4983 1579 1579 1572 1572 1564
    1564 1564 1564 1564 1572 1572 1572 1572 1564 1564 1564 1557 1557
    1557 1557 1557 1557 1557 1550 1550 1550 1550 1550 1550 1550 1550
    1550 1550 1550 1550 1550 1550 1543 1543 1543 1543 1543 1543 1536
    1536 5056 1579 1579 1572 1572 1564 1564 1557 1557 1564 1564 1572
    1572 1564 1557 1557 1564 1557 1557 1557 1557 1557 1550 1550 1550
    1550 1550 1550 1550 1550 1550 1550 1550 1550 1550 1550 1550 1543
    1543 1543 1543 1543 1543 1543 1529 1529 5132 1579 1579 1572 1572
    1564 1564 1557 1557 1557 1564 1564 1564 1557 1557 1557 1557 1557
    1557 1557 1557 1550 1550 1550 1550 1550 1550 1550 1550 1550 1550
    1550 1550 1550 1550 1550 1543 1543 1543 1543 1543 1543 1543 1543
    1529 1529 5056 1579 1579 1572 1572 1564 1564 1557 1557 1557 1557
    1557 1557 1550 1550 1557 1557 1557 1557 1557 1550 1550 1550 1550
    1550 1550 1550 1550 1550 1550 1550 1550 1550 1550 1550 1550 1543
    1543 1543 1543 1543 1543 1543 1543 1529 1529 5056 1579 1579 1572
    1572 1564 1564 1557 1557 1557 1557 1557 1557 1550 1550 1550 1550
    1557 1557 1557 1550 1550 1550 1550 1550 1550 1550 1550 1550 1550
    1550 1550 1543 1543 1543 1543 1543 1543 1543 1543 1543 1543 1543
    1536 1536 1536 5056 1579 1579 1572 1572 1564 1564 1557 1557 1557
    1557 1557 1557 1557 1550 1550 1550 1550 1550 1557 1557 1557 1557
    1550 1550 1550 1550 1550 1550 1550 1543 1543 1543 1543 1543 1543
    1543 1543 1543 1543 1543 1543 1543 1536 1536 1536 5056 1572 1572
    1572 1572 1564 1564 1557 1557 1557 1557 1557 1557 1557 1550 1550
    1550 1550 1550 1550 1557 1557 1557 1550 1550 1550 1550 1550 1550
    1550 1543 1543 1543 1543 1543 1543 1543 1543 1543 1543 1543 1543
    1536 1536 1536 1536 5056 1564 1564 1564 1564 1557 1557 1564 1564
    1564 1564 1557 1557 1557 1550 1550 1550 1550 1550 1550 1557 1557
    1557 1550 1550 1550 1550 1550 1550 1550 1543 1543 1543 1543 1543
    1543 1543 1543 1543 1543 1543 1543 1536 1536 1536 1536 5291 5291
    1564 1564 1564 1557 1557 1564 1564 1564 1564 1557 1557 1550 1550
    1550 1550 1550 1550 1550 1550 1550 1550 1550 1550 1550 1550 1550
    1550 1550 1550 1550 1543 1543 1543 1543 1543 1543 1543 1543 1543
    1543 1536 1529 1529 1529 5210 5210 1557 1557 1557 1557 1557 1564
    1564 1564 1564 1557 1550 1550 1550 1550 1550 1550 1550 1550 1550
    1550 1550 1550 1550 1550 1550 1550 1550 1550 1550 1550 1550 1543
    1543 1543 1543 1543 1543 1543 1543 1543 1536 1529 1529 1529 5210
    5210 1557 1557 1557 1557 1557 1557 1564 1564 1564 1557 1550 1550
    1550 1550 1550 1550 1550 1550 1550 1550 1550 1550 1550 1550 1550
    1550 1550 1550 1550 1550 1550 1543 1543 1543 1543 1543 1543 1543
    1543 1543 1543 1536 1529 1529 5056 1564 1564 1564 1564 1557 1557
    1557 1564 1564 1564 1557 1550 1550 1550 1550 1550 1550 1550 1550
    1550 1550 1550 1550 1550 1550 1550 1550 1550 1550 1550 1550 1543
    1543 1543 1543 1543 1543 1543 1543 1543 1543 1543 1536 1529 1529
    5056 1564 1564 1564 1557 1557 1557 1557 1557 1557 1557 1557 1557
    1550 1550 1550 1550 1550 1550 1550 1550 1550 1550 1550 1550 1550
    1550 1550 1550 1550 1550 1550 1543 1543 1543 1543 1543 1543 1543
    1543 1543 1543 1543 1536 1536 1536 5056 1564 1564 1564 1557 1557
    1557 1557 1557 1557 1557 1557 1550 1550 1550 1550 1550 1550 1550
    1550 1550 1550 1550 1550 1550 1550 1550 1550 1550 1550 1550 1550
    1543 1543 1543 1543 1543 1543 1543 1543 1543 1536 1536 1536 1529
    1529 4983 1564 1564 1564 1557 1557 1557 1557 1557 1550 1550 1550
    1550 1550 1550 1550 1550 1550 1550 1550 1550 1550 1550 1550 1550
    1550 1550 1550 1550 1550 1550 1550 1543 1543 1543 1543 1543 1543
    1543 1543 1543 1536 1536 1536 1529 1529 4983 1564 1564 1564 1557
    1557 1557 1550 1550 1550 1550 1550 1550 1557 1550 1550 1550 1550
    1550 1550 1550 1550 1550 1550 1550 1550 1550 1550 1550 1550 1550
    1550 1543 1543 1543 1543 1543 1543 1543 1543 1543 1543 1536 1536
    1523 1523 5056 1564 1564 1564 1557 1557 1557 1550 1550 1550 1550
    1550 1550 1550 1550 1550 1550 1550 1550 1550 1550 1550 1550 1550
    1550 1550 1550 1550 1550 1550 1550 1550 1543 1543 1543 1543 1543
    1543 1543 1543 1543 1543 1536 1536 1523 1523 5056 1572 1572 1564
    1557 1557 1557 1550 1550 1550 1550 1550 1550 1550 1550 1550 1550
    1550 1550 1550 1550 1550 1550 1550 1550 1550 1550 1550 1550 1550
    1550 1543 1543 1543 1543 1543 1543 1536 1536 1543 1543 1543 1536
    1536 1523 1523 4983 1572 1572 1564 1564 1557 1557 1550 1550 1550
