<?xml version="1.0"?>
<opencv_storage>
<Depth17371 type_id="opencv-matrix">
  <rows>108</rows>
  <cols>64</cols>
  <dt>w</dt>
  <data>
    4295 4295 4349 4349 4349 4349 4405 4405 4405 4463 4405 4405 4405
    4405 4405 4405 4349 4349 4349 4295 4295 4295 4295 4190 4139 4139
    4241 4241 4241 4241 4241 4241 4241 4241 4241 4241 4241 1073 0 1094
    1094 1094 1094 1105 1105 1105 1105 1123 1123 1119 1119 1119 1119
    1119 1130 1130 1130 1130 1130 1134 1138 3774 3774 3774 4295 4295
    4295 4349 4349 4349 4405 4405 4405 4405 4405 4405 4405 4405 4405
    4405 4405 4349 4349 4295 4295 4295 4295 4190 4139 4139 4139 4241
    4241 4241 4241 1038 1044 0 0 0 0 0 0 0 1094 1094 1094 1097 1101 1101
    1101 1101 1112 1115 1115 1115 1115 1115 1115 1119 1123 1126 1130
    1130 1134 1134 1134 3774 4295 4295 4295 4349 4349 1057 1054 1050
    1050 1044 1044 4405 4405 4405 1001 998 998 1001 1001 1001 1001 1001
    1010 1013 1016 1016 1038 1038 1038 0 1038 0 0 0 0 0 0 0 1073 1073
    1094 1094 1094 1097 1094 1094 1090 1090 1097 1101 1105 1108 1108
    1108 1112 1115 1119 1123 1130 1130 1134 1134 0 0 4295 1054 1054 1054
    1054 1054 1054 1050 1050 1044 1044 1044 1044 1044 1001 998 998 1001
    1001 1001 1001 0 0 0 0 0 0 1038 1038 1038 1038 1041 1044 0 0 0 0 0
    1073 1073 1073 1073 1077 1080 1087 1087 1087 1087 1094 1094 1101
    1105 1105 1108 1112 1115 1119 1123 1130 1134 1134 1134 0 0 1060 1050
    1050 1050 1047 1047 1050 1050 1050 1047 1044 1044 1041 1010 1004
    1001 1001 1001 1001 1001 1001 1010 1010 1013 1016 1016 1016 1034
    1034 1034 1038 1041 1044 1044 1044 1050 1057 1060 1063 1063 1067
    1070 1070 1073 1077 1084 1084 1087 1087 1094 1097 1101 1105 1108
    1112 1115 1119 1123 1130 1134 1134 1134 0 0 1054 1050 1050 1047 1041
    1038 1034 1034 1013 1004 1004 1016 1010 1010 1001 998 998 1001 1001
    1001 1010 1010 1010 1013 1016 1016 1016 1025 1028 1034 1034 1038
    1044 1044 1044 1050 1054 1057 1060 1060 1063 1067 1070 1073 1073
    1080 1084 1087 1087 1094 1097 1101 1105 1108 1112 1115 1119 1119
    1130 1134 1138 0 0 0 1054 1050 1047 1044 1038 1034 1028 1019 1013
    1004 1004 1004 1001 998 995 992 992 995 998 998 1001 1004 1007 1010
    1013 1016 1016 1022 1025 1028 1034 1038 1041 1041 1044 1047 1050
    1057 1060 1060 1063 1063 1070 1073 1073 1080 1084 1087 1090 1094
    1101 1101 1105 1108 1112 1115 1119 1119 1130 1134 1138 0 0 0 1054
    1050 1047 1041 1038 1034 1028 1019 1013 1010 1004 1004 998 992 989
    989 989 992 995 998 998 1001 1004 1010 1010 1013 1016 1022 1022 1025
    1031 1034 1041 1041 1044 1047 1050 1057 1060 1060 1063 1063 1070
    1073 1073 1080 1084 1087 1090 1094 1101 1101 1105 1112 1112 1115
    1119 1123 1130 1134 1138 0 0 0 1057 1050 1047 1041 1038 1034 1028
    1019 1013 1010 1004 1001 995 989 989 989 989 989 992 995 995 1001
    1004 1010 1010 1010 1016 1022 1022 1025 1028 1034 1038 1044 1047
    1050 1050 1057 1060 1063 1063 1067 1070 1073 1073 1077 1084 1087
    1090 1094 1101 1105 1105 1108 1112 1115 1119 1126 1130 1134 1134
    1134 0 0 1057 1054 1050 1041 1038 1034 1028 1019 1013 1010 1004 1001
    995 989 989 989 989 989 989 992 995 1001 1004 1010 1010 1010 1019
    1022 1025 1025 1028 1034 1038 1044 1047 1050 1054 1057 1060 1063
    1063 1067 1070 1073 1073 1077 1087 1090 1090 1097 1097 1101 1105
    1108 1112 1115 1119 1126 1130 1134 1134 1134 0 0 1060 1054 1050 1041
    1038 1034 1025 1019 1013 1007 1004 1001 998 992 989 989 989 989 989
    992 995 1001 1007 1010 1010 1013 1019 1022 1028 1028 1031 1034 1038
    1044 1047 1050 1054 1057 1060 1063 1063 1067 1070 1073 1073 1080
    1087 1090 1094 1097 1097 1101 1105 1108 1112 1115 1119 1130 1130
    1134 1134 1134 0 0 1057 1054 1050 1044 1038 1034 1025 1019 1013 1007
    1004 1001 998 995 989 989 989 989 989 992 998 1001 1007 1010 1010
    1013 1022 1025 1028 1028 1031 1034 1038 1044 1047 1050 1050 1054
    1060 1063 1067 1067 1070 1073 1077 1080 1087 1090 1094 1094 1097
    1101 1108 1112 1115 1115 1119 1130 1134 1134 1134 1134 0 0 1057 1054
    1050 1044 1041 1034 1028 1019 1013 1007 1007 1001 998 995 989 989
    989 989 989 995 998 1001 1007 1010 1013 1013 1022 1025 1028 1031
    1034 1038 1041 1047 1050 1050 1050 1054 1060 1063 1067 1070 1073
    1073 1077 1084 1087 1094 1094 1094 1097 1101 1108 1112 1115 1115
    1119 1130 1134 1134 1134 1134 0 0 1054 1050 1050 1047 1041 1038 1034
    1019 1013 1010 1007 1001 998 995 989 989 989 989 992 998 998 1001
    1007 1010 1013 1016 1022 1025 1028 1031 1034 1038 1038 1044 1047
    1050 1054 1054 1060 1063 1067 1070 1073 1077 1077 1084 1087 1094
    1094 1097 1101 1105 1108 1112 1115 1115 1119 1130 1134 1134 1130
    1130 0 0 1054 1050 1050 1047 1044 1038 1028 1022 1013 1010 1007 1001
    998 995 989 989 989 989 995 998 1001 1001 1007 1010 1013 1019 1022
    1025 1028 1034 1034 1038 1038 1041 1047 1050 1054 1057 1060 1063
    1067 1070 1073 1077 1077 1080 1087 1094 1097 1097 1101 1105 1108
    1112 1115 1115 1126 1130 1134 1134 1130 1130 0 0 1054 1054 1050 1047
    1044 1038 1028 1022 1016 1013 1010 1001 998 995 989 989 989 992 995
    998 1001 1001 1007 1010 1013 1019 1022 1025 1028 1034 1034 1038 1038
    1041 1047 1050 1057 1057 1060 1063 1067 1070 1073 1077 1077 1080
    1087 1090 1097 1097 1101 1105 1108 1112 1115 1119 1126 1130 1134
    1138 1138 1141 1141 0 1057 1057 1054 1050 1044 1038 1028 1022 1016
    1013 1007 1001 998 995 989 989 989 992 995 998 1001 1001 1004 1010
    1013 1019 1022 1025 1028 1034 1034 1038 1038 1041 1047 1050 1057
    1057 1060 1063 1067 1073 1073 1077 1077 1080 1087 1090 1097 1101
    1101 1108 1108 1112 1115 1119 1130 1130 1134 1138 1138 1141 1141 0
    1060 1057 1054 1050 1044 1038 1028 1022 1016 1013 1007 1001 998 995
    992 989 989 992 995 998 1001 1001 1004 1010 1013 1019 1022 1025 1028
    1031 1034 1038 1041 1044 1050 1050 1057 1060 1060 1063 1070 1073
    1073 1077 1077 1080 1087 1094 1097 1101 1105 1108 1108 1115 1115
    1123 1130 1130 1134 1138 1138 1141 1141 0 1060 1057 1054 1050 1044
    1041 1028 1022 1016 1013 1007 1001 998 998 992 992 992 992 995 998
    1001 1004 1007 1010 1013 1019 1022 1025 1028 1031 1034 1038 1041
    1044 1050 1054 1057 1057 1060 1063 1070 1073 1073 1077 1077 1084
    1087 1094 1097 1101 1105 1108 1108 1115 1115 1123 1130 1134 1134
    1134 1138 1138 1138 1145 1060 1057 1057 1050 1047 1041 1034 1025
    1019 1013 1007 1004 1001 998 995 992 992 992 995 998 1001 1004 1007
    1010 1016 1022 1022 1025 1028 1034 1034 1038 1041 1044 1050 1054
    1057 1057 1060 1063 1070 1073 1073 1077 1077 1087 1090 1094 1097
    1101 1105 1108 1112 1115 1119 1123 1130 1130 1134 1134 1138 1138
    1145 1145 0 1060 1057 1050 1047 1041 1034 1025 1019 1013 1010 1004
    1001 998 995 992 992 992 995 1001 1004 1007 1007 1010 1016 1022 1022
    1028 1028 1034 1034 1038 1041 1044 1050 1054 1060 1060 1060 1063
    1070 1073 1073 1077 1077 1087 1090 1094 1097 1101 1101 1108 1112
    1115 1119 1123 1130 1130 1134 1138 1138 1141 1145 0 0 1060 1057 1050
    1047 1041 1038 1025 1022 1016 1010 1007 1001 998 995 992 992 992 998
    1001 1004 1007 1010 1010 1016 1022 1025 1028 1028 1034 1034 1038
    1041 1044 1050 1057 1060 1060 1060 1063 1070 1073 1077 1077 1080
    1087 1090 1094 1097 1101 1101 1108 1112 1115 1119 1123 1130 1130
    1134 1138 1138 1145 1145 0 0 1060 1057 1050 1047 1044 1038 1025 1022
    1016 1010 1007 1004 998 995 992 992 992 998 1001 1004 1007 1007 1010
    1016 1022 1025 1028 1031 1034 1038 1038 1041 1044 1050 1057 1060
    1063 1063 1067 1070 1073 1077 1077 1080 1087 1090 1094 1097 1101
    1108 1108 1112 1115 1119 1123 1130 1134 1134 1138 1141 1141 1149 0 0
    0 1057 1050 1047 1044 1038 1028 1022 1016 1013 1007 1004 998 995 992
    992 992 995 998 1001 1004 1007 1010 1016 1022 1025 1025 1028 1034
    1038 1038 1041 1047 1050 1057 1060 1063 1063 1067 1070 1073 1077
    1077 1084 1087 1090 1094 1101 1101 1105 1108 1108 1115 1115 1123
    1130 1134 1134 1141 1141 1141 1149 0 0 0 1060 1054 1047 1044 1038
