<?xml version="1.0"?>
<opencv_storage>
<Depth15662 type_id="opencv-matrix">
  <rows>46</rows>
  <cols>53</cols>
  <dt>w</dt>
  <data>
    2129 2129 2143 2143 2129 2129 4139 4089 4089 4089 4089 4139 4089
    4089 4089 2271 2256 2241 2241 2226 2226 4241 4295 4241 4241 4241
    4241 4241 4295 4295 4295 4295 4295 4295 4295 4295 4349 4349 4405
    4349 4349 4349 4349 4405 4405 4405 4463 4463 4463 4463 4522 4522
    4522 2129 2129 2143 2143 2156 2156 4041 4041 4089 4089 4089 4139
    4089 4089 2286 2271 2256 2241 2241 2212 2212 2241 4349 4295 4295
    4241 4241 4241 4241 4295 4295 4295 4295 4295 4295 4295 4349 4349
    4349 4349 4349 4349 4349 4405 4405 4405 4463 4463 4463 4463 4522
    4522 4582 2129 2129 2143 2143 2143 2156 4041 4041 4041 4089 4089
    4139 4190 4190 2271 2256 2256 2241 2241 2212 2212 2241 2241 2256
    4349 4241 4241 4241 4241 4295 4295 4295 4295 4295 4295 4295 4349
    4349 4349 4349 4349 4349 4405 4405 4405 4405 4405 4463 4463 4463
    4522 4522 4582 2129 2129 2129 2129 2129 2143 4041 4041 4041 4089
    4089 4139 4139 2198 2198 2226 2226 2241 2241 2241 2241 2241 2241
    2241 2241 2241 4241 4241 4241 4241 4241 4295 4295 4295 4295 4295
    4295 4349 4349 4349 4349 4405 4405 4405 4405 4405 4405 4463 4463
    4463 4522 4522 4522 2129 2129 2129 2129 2129 2143 4041 4041 4041
    4041 4041 4089 4089 2198 2198 2212 2212 2212 2212 2226 2226 2241
    2241 2241 2241 2226 2226 2241 4241 4241 4241 4241 4295 4295 4295
    4295 4295 4349 4349 4349 4349 4405 4405 4349 4349 4405 4405 4463
    4463 4463 4522 4522 4522 2116 2116 2116 2103 2103 2129 4041 4041
    4041 4041 4041 4089 4089 2198 2198 2212 2212 2212 2212 2212 2226
    2226 2241 2241 2241 2226 2226 2241 2286 2286 4241 4241 4241 4295
    4295 4295 4295 4295 4295 4295 4349 4349 4349 4349 4349 4405 4405
    4405 4463 4463 4522 4522 4522 2116 2116 2116 2090 2090 2129 4089
    4041 4041 4041 4041 4089 2198 2198 2198 2198 2198 2198 2198 2212
    2226 2226 2241 2241 2241 2241 2241 2256 2256 2256 2256 4241 4241
    4295 4295 4295 4295 4295 4295 4295 4295 4295 4349 4349 4349 4349
    4405 4405 4405 4463 4522 4522 4522 2116 2103 2103 2090 2090 2090
    4190 4089 4089 4089 4089 2198 2198 2198 2198 2198 2198 2198 2198
    2212 2212 2212 2212 2226 2226 2241 2241 2241 2241 2256 2256 2256
    4295 4295 4295 4295 4295 4295 4295 4295 4295 4295 4295 4295 4349
    4349 4405 4405 4405 4405 4463 4522 4522 2116 2103 2103 2116 2116
    2116 2143 0 0 2170 2170 2184 2184 2184 2184 2184 2198 2198 2198 2198
    2212 2212 2212 2212 2212 2226 2226 2241 2241 2241 2241 2241 2256
    4295 4295 4295 4295 4295 4295 4295 4295 4295 4295 4295 4349 4349
    4349 4349 4349 4349 4463 4463 4522 2116 2103 2103 0 2103 0 0 0 2170
    2170 2170 2170 2170 2184 2184 2184 2184 2184 2198 2198 2198 2198
    2198 2198 2212 2212 2226 2226 2241 2241 2241 2241 2241 2256 2256
    2256 4295 4295 4295 4295 4295 4295 4295 4295 4349 4349 4349 4349
    4349 4349 4463 4463 4463 2090 2103 2103 0 0 0 0 2143 2143 2143 2156
    2156 2156 2170 2184 2184 2184 2184 2184 2198 2198 2198 2198 2198
    2198 2198 2212 2212 2226 2241 2241 2241 2241 2241 2241 2241 2256
    2241 2241 4295 4295 4241 4241 4295 4349 4349 4349 4349 4349 4349
    4405 4405 4463 2090 2103 2116 0 0 0 0 0 2143 2143 2143 2156 2156
    2170 2184 2170 2170 2184 2184 2184 2198 2198 2198 2198 2198 2198
    2198 2198 2212 2226 2241 2241 2241 2241 2241 2241 2256 2241 2241
    2256 4190 4190 4241 4295 4295 4349 4349 4405 4349 4349 4405 4405
    4405 2103 2116 2129 0 0 0 2129 0 2143 2143 2143 2143 2156 2156 2170
    2170 2170 2170 2170 2170 2184 2184 2198 2198 2198 2198 2198 2198
    2212 2226 2226 2241 2241 2256 2241 2241 2241 2241 2241 2241 2241
    2256 4241 4241 4295 4349 4349 4405 4349 4349 4349 4349 4405 2103
    2116 2143 0 2103 2103 2129 2129 2129 2129 2129 2143 2156 2156 2156
    2156 2156 2170 2170 2170 2184 2184 2184 2184 2184 2184 2198 2212
    2212 2212 2212 2241 2241 2241 2241 2241 2241 2241 2241 2241 2241
    2256 2256 2241 2241 4349 4349 4405 4349 4349 4349 4349 4405 2116
    2129 2170 0 2103 2103 2116 2116 2116 2129 2129 2129 2143 2143 2143
    2156 2156 2170 2170 2170 2170 2184 2184 2184 2184 2184 2198 2198
    2212 2212 2212 2226 2226 2241 2241 2241 2241 2241 2241 2241 2256
    2256 2256 2241 2212 2212 4349 4349 4295 4295 4349 4349 4405 2184
    2184 3859 2103 2103 2090 2090 2103 2116 2129 2129 2129 2129 2129
    2129 2143 2156 2156 2156 2170 2170 2184 2184 2184 2184 2184 2184
    2198 2198 2212 2212 2212 2212 2226 2226 2241 2241 2241 2241 2241
    2241 2256 2256 2256 2212 2212 4349 4349 4295 4295 4349 4349 4405
    3859 3859 3859 2078 2078 2078 2078 2090 2103 2116 2116 2116 2116
    2116 2116 2129 2143 2143 2143 2156 2156 2170 2170 2170 2170 2170
    2184 2184 2198 2198 2212 2212 2212 2212 2212 2226 2241 2241 2241
    2241 2241 2256 2256 2256 2256 2256 2286 2286 2286 2317 4349 4349
    4349 3816 3859 3859 2078 2078 2078 2078 2090 2103 2116 2116 2116
    2116 2116 2116 2129 2143 2143 2143 2143 2156 2156 2156 2156 2170
    2170 2184 2184 2184 2184 2198 2198 2198 2198 2198 2226 2226 2241
    2241 2241 2241 2256 2256 2256 2256 2256 2271 2271 2286 2286 4349
    4349 4349 3774 3774 2065 2065 2065 2078 2078 2078 2090 2103 2103
    2116 2116 2129 2129 2129 2129 2129 2129 2129 2143 2143 2156 2156
    2170 2170 2170 2184 2184 2184 2184 2198 2198 2198 2198 2212 2212
    2226 2226 2241 2241 2241 2256 2256 2256 2256 2256 2256 2286 2286
    2301 2301 2317 3774 3774 2078 2065 2065 2065 2078 2078 2090 2090
    2090 2103 2103 2116 2129 2129 2129 2129 2129 2129 2129 2143 2156
    2156 2156 2156 2170 2184 2184 2184 2184 2184 2184 2198 2198 2212
    2212 2212 2212 2226 2226 2241 2241 2241 2241 2256 2256 2256 2271
    2271 2271 2286 2301 3816 2078 2078 2065 2065 2065 2078 2078 2078
    2090 2090 2103 2103 2116 2129 2129 2129 2129 2129 2129 2129 2143
    2143 2143 2156 2156 2170 2184 2184 2184 2184 2184 2184 2198 2198
    2198 2198 2198 2198 2198 2212 2241 2241 2241 2241 2241 2241 2241
    2256 2271 2271 2286 2301 3816 2078 2065 2065 2065 2078 2078 2078
    2078 2078 2078 2090 2090 2103 2116 2116 2129 2129 2129 2129 2129
    2143 2143 2143 2156 2156 2170 2170 2184 2184 2184 2184 2184 2184
    2198 2198 2198 2198 2198 2198 2198 2226 2241 2241 2241 2241 2241
    2241 2256 2256 2256 2271 2271 2053 2053 2065 2053 2053 2065 2078
    2078 2078 2078 2078 2078 2090 2090 2103 2103 2116 2116 2116 2129
    2129 2129 2143 2143 2143 2156 2156 2156 2170 2170 2170 2170 2184
    2184 2184 2198 2198 2198 2198 2198 2198 2226 2226 2241 2241 2241
    2241 2241 2256 2256 2256 2256 2256 2053 2053 2053 2053 2053 2065
    2078 2078 2078 2078 2078 2078 2090 2090 2103 2103 2116 2116 2116
    2129 2129 2129 2129 2129 2143 2143 2143 2143 2143 2156 2156 2170
    2170 2184 2184 2184 2184 2184 2198 2198 2198 2212 2212 2226 2226
    2226 2226 2241 2256 2256 2256 2241 2241 2053 2053 2053 2053 2053
    2065 2078 2065 2065 2078 2078 2078 2078 2090 2090 2103 2116 2116
    2116 2116 2129 2129 2129 2129 2129 2143 2143 2143 2143 2143 2143
    2156 2170 2170 2184 2184 2184 2184 2198 2198 2198 2198 2198 2212
    2226 2226 2226 2226 2256 2256 2256 2241 2241 2065 2065 2065 2065
    2065 2065 2065 2065 2065 2078 2078 2078 2078 2090 2090 2103 2103
    2103 2103 2116 2116 2116 2116 2129 2129 2129 2143 2143 2143 2143
    2143 2156 2156 2170 2184 2184 2184 2184 2198 2198 2198 2198 2198
    2198 2198 2198 2212 2226 2241 2256 2256 2256 2256 2078 2078 2078
    2078 2078 2078 2065 2065 2065 2078 2078 2078 2090 2090 2090 2090
    2103 2103 2103 2103 2116 2116 2116 2116 2116 2129 2129 2129 2143
    2143 2143 2143 2156 2170 2170 2170 2170 2170 2184 2184 2198 2198
    2198 2198 2198 2198 2198 2226 2241 2256 2256 2256 4295 2090 2090
    2090 2090 2078 2078 2078 2078 2078 2090 2090 2078 2078 2078 2078
    2078 2090 2090 2090 2090 2103 2103 2103 2116 2116 2129 2129 2129
    2143 2143 2143 2143 2143 2156 2156 2143 2143 2156 2170 2184 2198
    2198 2198 2198 2198 2198 2198 2212 2241 2256 2256 4295 4295 2078
