<?xml version="1.0"?>
<opencv_storage>
<Depth12491 type_id="opencv-matrix">
  <rows>12</rows>
  <cols>22</cols>
  <dt>w</dt>
  <data>
    4911 4911 4911 4911 4774 5460 5460 5460 5460 5734 5734 5832 5933
    5933 5933 5933 5832 5832 5734 5734 5640 5640 4911 4911 4911 4911
    4774 4708 4774 4774 4774 4774 5832 5832 5933 5933 5933 5933 5933
    5933 5832 5734 5640 5548 4911 4911 4774 4774 4774 4708 4708 4708
    4708 4708 5832 5832 5933 5933 5933 5933 5933 5933 5832 5734 5640
    5548 4911 4911 4774 4774 4774 4708 4708 4582 4582 4522 4522 4522
    4582 4582 4522 5933 5933 5933 5832 5734 5734 5640 4911 4911 4842
    4774 4774 4708 4708 4582 4522 4522 4522 4522 4582 4582 4522 4582
    4582 4582 5734 5734 5734 5734 4911 4983 4842 4774 4774 4708 4708
    4582 4522 4522 4522 4522 4522 4522 4522 4582 4582 4582 4582 4349 0 0
    4911 5132 4911 4842 4842 4774 4708 4645 4582 4522 4522 4582 4522
    4522 4522 4582 4582 4582 4582 4349 0 0 0 0 5056 5056 4911 4842 4774
    4645 4645 4582 4582 4582 4522 4522 4582 4463 4463 4463 4405 4349
    4349 4349 0 0 5291 5291 0 0 0 4645 4645 4582 4582 4522 4522 4522
    4463 4463 4405 4405 4349 4349 4349 4241 0 0 0 0 0 0 0 0 4708 4582
    4582 4522 4463 4463 4405 4405 4405 4349 4349 4349 4349 4241 0 0 0 0
    0 0 0 0 0 0 4582 4522 4463 4463 4405 4405 4349 4295 4295 4349 4190
    4190 0 0 0 0 0 0 0 0 0 0 0 0 0 0 4405 4405 4349 4295 4295 4295 4190
    4190</data></Depth12491>
</opencv_storage>
