<?xml version="1.0"?>
<opencv_storage>
<Depth4516 type_id="opencv-matrix">
  <rows>15</rows>
  <cols>28</cols>
  <dt>w</dt>
  <data>
    4842 4842 4842 4842 4842 4842 4842 4842 4842 4842 4911 4983 4983
    4983 4842 4842 4842 4774 4645 4645 4645 4645 4645 3774 3774 3774
    3774 3774 4842 4842 4842 4842 4842 4842 4842 4842 4842 4842 4842
    4983 5056 4983 4911 4842 4842 4842 4842 4842 3614 3614 3614 3774
    3774 3774 3732 3732 4842 4842 4842 4842 4842 4842 4774 4774 4774
    4774 4842 4983 5056 3653 3653 3653 4842 4842 3774 3732 3614 3614
    3614 3614 3732 3732 3732 3692 4842 4842 4842 4842 4842 4774 4774
    4774 4774 4774 3576 3576 3576 3614 3653 3653 3732 3774 3774 3732
    3692 3614 3614 3692 3732 3732 3732 3692 4842 4842 4842 4842 4842
    4774 4774 3732 3692 3692 3576 3576 3576 3614 3653 3653 3732 3732
    3732 3732 3692 3692 3692 3692 3692 3692 3692 3692 3732 3732 3732
    4842 4842 4842 3774 3732 3692 3653 3614 3614 3614 3614 3614 3614
    3692 3732 3732 3732 3692 3692 3692 3692 3692 3692 3692 3692 3732
    3732 3732 4842 4842 4842 3732 3732 3732 3653 3614 3614 3614 3614
    3614 3614 3653 3692 3692 3732 3692 3692 3692 3692 3653 3653 3653
    3692 3732 3732 3732 3732 3732 3614 3614 3732 3732 3732 3653 3653
    3614 3614 3614 3614 3653 3692 3692 3692 3692 3692 3692 3653 3653
    3653 3653 3692 3732 3732 3732 3614 3614 3614 3614 3692 3732 3732
    3692 3692 3653 3653 3614 3614 3653 3653 3653 3692 3732 3732 3692
    3653 3653 3653 3614 3614 3774 3774 3732 3614 3614 3614 3692 3692
    3692 3732 3692 3692 3692 3653 3653 3653 3614 3614 3653 3692 3692
    3732 3732 3692 3692 3653 3614 3614 3732 3732 3653 3653 3653 3653
    3692 3692 3692 3732 3692 3692 3692 3653 3653 3653 3614 3614 3653
    3692 3692 3732 3732 3732 3692 3692 3692 0 3692 3692 3653 3653 3653
    3653 3692 3692 3692 3692 3692 3653 3653 3692 3692 3653 3614 3614
    3653 3653 3653 3732 3732 0 0 0 0 0 3653 3653 3653 3653 3653 3653
    3692 3692 3692 3692 3692 3653 3653 3692 3692 3732 0 0 3653 3653 3653
    0 0 0 0 0 0 0 3653 3653 3653 3653 3692 3653 3653 3692 3692 3692 3692
    0 0 0 0 0 0 0 0 0 0 0 0 0 0 0 0 0 3732 3692 3653 3653 3692 3653 3653
    3692 3692 3692 0 0 0 0 0 0 0 0 0 0 0 0 0 0 0 0 0 0</data></Depth4516>
</opencv_storage>
