<?xml version="1.0"?>
<opencv_storage>
<Depth13208 type_id="opencv-matrix">
  <rows>9</rows>
  <cols>35</cols>
  <dt>w</dt>
  <data>
    7030 7030 7030 7030 7030 7030 7030 7030 7030 6889 6889 6753 6753
    6889 6889 6889 6889 6753 6622 6622 6753 6753 6889 6753 6038 5933
    5933 5933 5832 5734 5734 5734 5640 5640 4842 7030 7030 7030 7030
    7030 7030 7030 7030 6889 6753 6259 6146 6146 6889 6038 6038 6038
    5933 5933 5933 5933 6038 6038 5933 5933 5933 5832 5832 5832 5734
    5734 5734 5640 5640 5832 7030 7030 6889 6889 6889 7030 6038 6038
    6038 5933 5933 5933 5832 5832 5832 5832 5933 5933 5933 5933 5832
    5832 5933 5832 5832 5832 5832 5832 5832 5734 5734 5734 5734 5734
    5832 7030 6038 6038 6038 5933 5933 5933 5933 5933 5933 5933 5933
    5832 5832 5832 5832 5933 5933 5832 5832 5832 5832 5832 5832 5734
    5734 5734 5734 5734 5734 5734 5734 5734 5734 5832 5933 5933 5933
    5933 5933 5933 5933 5933 5933 5933 5933 5933 5832 5832 5832 5832
    5832 5832 5734 5734 5734 5832 5832 5832 5734 5734 5734 5734 5734
    5734 5734 5640 5640 5734 5832 5933 5933 5933 5933 5933 5933 5933
    5933 5933 5933 5933 5933 5933 5832 5832 5832 5832 5832 5734 5734
    5734 5832 5832 5832 5734 5734 5734 5734 5734 5734 5734 5640 5640
    5734 5832 5933 5933 5933 5933 5933 5933 5933 5933 5933 5933 5933
    5933 5832 5832 5832 5832 5832 5832 5832 5832 5832 5933 5832 5832
    5832 5832 5832 5832 5933 5933 5832 5640 5640 5640 6753 5832 5832
    5933 5933 5933 5832 5832 5933 5933 5933 5832 5832 5832 5734 5734
    5832 5832 5832 5832 5832 5832 5933 5933 5933 6038 6038 7030 6889
    6889 6889 7030 7030 7030 6889 6753 5832 5832 5832 5832 5832 5832
    5832 5933 5933 5933 5832 5832 5832 5734 5734 5832 5832 5832 5832
    5933 5933 5933 6889 6889 6889 7030 7030 6889 6889 6889 7030 7178
    7030 6889 6753</data></Depth13208>
</opencv_storage>
