<?xml version="1.0"?>
<opencv_storage>
<Depth13979 type_id="opencv-matrix">
  <rows>40</rows>
  <cols>32</cols>
  <dt>w</dt>
  <data>
    4522 4522 4522 4522 4463 4463 4463 4405 4405 4405 4405 4405 4405
    4405 4405 4405 2598 2598 2639 2618 2618 2618 2639 2639 2639 4190
    4190 4295 4349 4405 4405 4349 4522 4522 4522 4463 4405 2522 2522
    4405 4405 4349 4349 4349 4405 2560 2560 2560 2579 2598 2618 2618
    2618 2618 2639 2639 2618 2618 4190 4295 4349 4405 4405 4405 4522
    4522 4522 4463 2522 2522 2522 2541 2560 2560 2560 2560 2579 2560
    2560 2560 2579 2598 2618 2618 2618 2618 2618 2618 2618 2618 4295
    4295 4349 4405 4405 4405 4522 4522 4522 2522 2522 2522 2522 2541
    2560 2560 2560 2560 2560 2560 2560 2579 2579 2598 2618 2618 2618
    2618 2618 2618 2618 2598 2598 4295 4349 4405 4405 4405 2639 2598
    2560 2522 2522 2522 2541 2541 2560 2560 2560 2560 2560 2560 2560
    2579 2579 2618 2618 2618 2618 2618 2618 2618 2618 2598 2598 4349
    4349 4349 4349 4405 2598 2579 2541 2541 2541 2541 2541 2541 2560
    2560 2560 2560 2560 2560 2560 2579 2579 2598 2598 2618 2618 2618
    2618 2618 2618 2618 2618 4295 4295 4349 4349 4405 2598 2579 2541
    2541 2541 2541 2541 2541 2541 2541 2560 2560 2560 2560 2560 2579
    2579 2579 2598 2618 2618 2618 2618 2618 2618 2618 2639 2639 4241
    4349 4405 4405 2598 2579 2560 2541 2541 2541 2541 2541 2541 2541
    2560 2560 2560 2560 2560 2560 2560 2579 2579 2598 2618 2618 2618
    2618 2618 2618 2639 2639 4241 4349 4405 4405 2598 2579 2560 2560
    2541 2541 2541 2541 2541 2541 2560 2560 2560 2560 2560 2560 2560
    2579 2579 2598 2618 2618 2618 2618 2618 2618 2639 2639 4405 4405
    4405 4405 2598 2579 2560 2560 2541 2541 2541 2541 2541 2541 2541
    2560 2560 2560 2560 2560 2579 2579 2579 2598 2618 2618 2618 2618
    2618 2618 2639 2639 4405 4405 4405 4405 2618 2598 2579 2560 2541
    2541 2541 2541 2541 2541 2541 2541 2560 2560 2560 2560 2579 2579
    2579 2598 2618 2618 2618 2618 2618 2618 2618 2639 4405 4405 4405
    4405 2618 2618 2579 2560 2541 2541 2541 2541 2541 2541 2541 2541
    2541 2541 2541 2560 2579 2579 2579 2579 2598 2618 2618 2618 2618
    2618 2618 2618 2639 4405 4405 4405 2639 2618 2579 2560 2541 2541
    2541 2541 2541 2541 2541 2541 2541 2541 2541 2560 2560 2579 2579
    2579 2598 2618 2618 2618 2618 2618 2618 2618 2639 4405 4405 4405
    2618 2598 2579 2560 2560 2541 2541 2541 2541 2541 2541 2541 2541
    2541 2541 2560 2560 2579 2579 2579 2598 2598 2618 2618 2618 2618
    2618 2618 2639 4405 4405 4405 2618 2598 2579 2560 2560 2541 2541
    2541 2541 2541 2541 2541 2541 2560 2560 2560 2560 2579 2579 2579
    2598 2598 2618 2618 2618 2618 2618 2618 2639 2639 4405 4405 4463
    2579 2579 2560 2560 2541 2541 2541 2541 2541 2541 2541 2560 2560
    2560 2560 2560 2560 2579 2579 2598 2598 2598 2618 2618 2618 2618
    2618 2639 2639 4405 4405 4463 2579 2579 2560 2560 2541 2541 2541
    2541 2541 2541 2541 2560 2541 2541 2560 2560 2560 2560 2560 2579
    2598 2598 2618 2618 2618 2618 2618 2639 2639 4405 4405 4463 2579
    2579 2560 2560 2541 2541 2541 2541 2541 2541 2541 2560 2541 2541
    2560 2560 2560 2560 2560 2579 2598 2618 2618 2618 2618 2618 2618
    2639 2639 4405 4349 4522 2598 2598 2579 2560 2541 2541 2541 2541
    2541 2541 2541 2541 2541 2541 2560 2560 2560 2560 2560 2579 2598
    2598 2598 2598 2618 2618 2618 2639 2618 2618 4349 4522 4522 2598
    2579 2560 2560 2541 2541 2541 2541 2541 2541 2541 2541 2541 2560
    2560 2560 2560 2560 2579 2579 2598 2598 2598 2618 2618 2618 2639
    2618 2618 4349 4522 4582 2618 2598 2579 2560 2541 2541 2541 2541
    2541 2541 2541 2541 2560 2560 2560 2560 2560 2560 2579 2579 2598
    2598 2598 2618 2618 2618 2639 2618 2618 4349 4522 4522 2618 2598
    2598 2560 2541 2541 2541 2541 2541 2541 2541 2541 2541 2541 2560
    2560 2560 2560 2579 2579 2579 2598 2598 2618 2618 2618 2639 2639
    2639 4349 4522 4522 2618 2598 2598 2579 2541 2541 2541 2541 2541
    2541 2541 2541 2541 2541 2541 2560 2560 2560 2560 2560 2579 2579
    2579 2598 2618 2618 2639 2639 2639 2639 4522 2812 2618 2598 2598
    2579 2541 2541 2522 2522 2541 2541 2541 2541 2541 2541 2541 2560
    2560 2560 2560 2560 2560 2579 2579 2598 2598 2598 2639 2639 2639
    2639 2812 2812 2659 2618 2598 2579 2541 2541 2522 2522 2541 2541
    2541 2541 2541 2541 2541 2560 2560 2560 2560 2560 2560 2579 2579
    2598 2598 2598 2639 2639 2639 2639 2812 2789 2744 2639 2618 2579
    2560 2541 2541 2541 2522 2522 2541 2541 2541 2541 2541 2560 2560
    2560 2560 2560 2560 2579 2579 2598 2598 2598 2639 2639 2639 2639
    2812 2789 2744 2639 2618 2579 2560 2541 2541 2522 2522 2522 2522
    2541 2541 2541 2541 2541 2560 2560 2560 2560 2560 2560 2560 2579
    2598 2598 2639 2639 2618 2618 2789 2789 2789 2639 2598 2579 2560
    2541 2541 2522 2522 2522 2522 2541 2541 2541 2541 2541 2541 2560
    2560 2560 2560 2560 2560 2579 2598 2598 2618 2639 2618 2618 2789
    2789 4405 4405 2598 2579 2560 2541 2541 2541 2522 2522 2522 2522
    2541 2541 2541 2541 2541 2560 2560 2560 2560 2560 2560 2560 2579
    2598 2618 2618 2618 2618 2789 4463 4405 4405 2598 2579 2560 2560
    2541 2522 2522 2522 2522 2522 2541 2541 2541 2541 2541 2560 2560
    2560 2560 2560 2560 2560 2579 2598 2618 2618 2618 2618 4463 4463
    4405 4405 4582 2579 2579 2560 2541 2522 2522 2522 2522 2522 2541
    2541 2541 2541 2541 2541 2560 2560 2560 2560 2560 2579 2579 2579
    2598 2598 2598 2618 4522 4522 4463 4463 4582 2560 2560 2560 2541
    2541 2522 2522 2522 2522 2541 2541 2541 2541 2541 2541 2541 2560
    2560 2560 2560 2560 2579 2579 2598 2598 2598 2618 4522 4522 4522
    4522 4582 2560 2560 2560 2541 2541 2522 2503 2503 2522 2522 2541
    2541 2541 2541 2541 2541 2541 2541 2541 2560 2560 2579 2579 2598
    2598 2598 2618 4522 4522 4522 4522 4582 2579 2579 2560 2541 2541
    2522 2503 2503 2522 2522 2522 2541 2541 2541 2541 2541 2541 2541
    2541 2560 2560 2579 2579 2579 2579 2598 2598 4463 4463 4463 4463
    4463 2598 2579 2560 2560 2541 2522 2503 2503 2503 2503 2522 2522
    2541 2541 2541 2541 2541 2541 2541 2541 2560 2560 2579 2579 2579
    2579 2579 4463 4463 4463 4463 4463 2618 2579 2579 2560 2541 2522
    2503 2503 2503 2503 2522 2522 2541 2541 2541 2541 2541 2541 2541
    2541 2560 2560 2579 2579 2579 2579 2579 4463 4463 4405 4405 4405
    4349 2598 2579 2560 2541 2522 2503 2503 2503 2503 2522 2522 2522
    2541 2541 2541 2560 2541 2541 2560 2560 2560 2579 2618 4405 4405
    4405 4463 4463 4405 4405 4405 4349 2598 2579 2560 2541 2522 2503
    2503 2503 2503 2503 2522 2522 2522 2541 2541 2560 2560 2560 2560
    2579 2579 4349 4349 4405 4405 4405 4463 4463 4405 4405 4405 4349
    2598 2579 2560 2541 2522 2503 2503 2503 2503 2503 2522 2522 2522
    2541 2541 2560 2560 2560 2560 4349 4349 4349 4349 4405 4405 4405
    4463 4463 4405 4405 4405 4405 4405 2579 2560 2522 2522 2503 2503
    2485 2485 2503 2503 2503 2522 2522 2541 2560 2560 4349 4349 4349
    4349 4349 4349 4405 4405 4405</data></Depth13979>
</opencv_storage>
