<?xml version="1.0"?>
<opencv_storage>
<Depth15555 type_id="opencv-matrix">
  <rows>46</rows>
  <cols>34</cols>
  <dt>w</dt>
  <data>
    2744 2286 2286 2701 2701 2723 0 0 0 0 0 2349 2349 2365 2365 0 0 0 0
    0 0 3774 3732 3732 3774 3732 3732 3732 3732 3774 3774 3774 4911 4911
    2723 2723 2701 2701 2701 2701 2701 0 0 0 2349 2349 2349 2365 0 0 0 0
    0 0 0 3774 2317 2317 2301 2301 3732 3732 3732 3774 3774 3732 3732
    4911 2723 2723 2701 2701 2701 2701 2701 0 0 2333 2349 2349 2349 2349
    0 0 0 0 2226 2226 2256 2271 2286 2301 2301 2301 3774 3732 3732 3774
    3732 3732 3732 4911 2723 2701 2701 2701 2701 2701 0 0 2301 2333 2333
    2333 2333 2241 2226 2226 2226 2241 2226 2226 2256 2271 2286 2286
    2286 2286 3774 3774 3774 3774 3732 3732 3732 4911 2723 2701 2701
    2701 2701 2701 0 2317 2301 2301 2301 2317 2301 2241 2226 2226 2226
    2241 2241 2241 2256 2271 2271 2286 2286 2286 3774 3774 3774 3774
    3774 3732 3732 4911 4582 4645 4582 2365 2333 2333 2333 2317 2301
    2301 2301 2301 2286 2256 2256 2226 2226 2226 2226 2241 2241 2256
    2271 2271 2286 2286 2301 3732 3732 3732 3732 3732 3732 3732 4582
    4582 2365 2365 2333 2333 2333 2317 2301 2301 2301 2301 2286 2271
    2256 2226 2226 2226 2226 2241 2241 2256 2271 2271 2286 2286 2301
    3732 3732 3732 3732 3732 3732 3732 4582 2381 2365 2365 2349 2333
    2333 2317 2317 2317 2301 2301 2286 2271 2256 2241 2226 2226 2226
    2241 2241 2256 2271 2271 2271 2286 2286 3774 3732 3692 3692 3732
    3732 3774 4582 2381 2381 2365 2349 2333 2317 2317 2317 2317 2301
    2286 2286 2271 2256 2241 2226 2226 2226 2241 2241 2256 2271 2271
    2271 2286 2286 3732 3692 3692 3692 3692 3732 3774 2398 2381 2381
    2365 2349 2333 2317 2317 2317 2317 2301 2286 2286 2271 2271 2241
    2241 2241 2241 2241 2256 2256 2271 2271 2271 2271 2271 2271 3653
    3653 3692 3692 3732 3774 2398 2381 2381 2381 2365 2333 2333 2317
    2317 2317 2317 2301 2286 2271 2256 2241 2241 2241 2241 2241 2256
    2256 2271 2271 2271 2271 2271 2271 3614 3614 3692 3732 3774 3774
    2398 2398 2381 2381 2365 2333 2333 2317 2317 2317 2317 2301 2286
    2271 2256 2256 2241 2226 2226 2226 2256 2271 2271 2271 2271 2271
    2286 2286 2286 3614 3653 3732 3774 3774 2415 2398 2381 2381 2381
    2349 2333 2317 2317 2317 2317 2301 2271 2271 2256 2256 2241 2226
    2226 2226 2241 2271 2271 2271 2271 2271 2286 2286 2286 3539 3539
    3732 3732 3732 4463 2398 2398 2381 2381 2349 2333 2333 2333 2317
    2317 2317 2271 2271 2271 2271 2256 2226 2226 2241 2241 2256 2271
    2271 2271 2271 2271 2286 2286 3539 3539 3238 3238 3732 4463 2398
    2381 2381 2381 2365 2349 2333 2333 2317 2317 2317 2301 2271 2271
    2271 2256 2241 2241 2241 2241 2256 2256 2256 2256 2271 2271 2286
    2271 2271 2271 3238 3238 3269 4522 2398 2381 2381 2381 2365 2349
    2333 2333 2317 2317 2317 2301 2286 2271 2271 2256 2241 2241 2241
    2256 2256 2256 2256 2256 2271 2271 2286 2271 2271 3576 3365 3333
    3269 4522 2398 2398 2381 2365 2365 2349 2333 2333 2317 2317 2333
    2301 2286 2271 2256 2256 2241 2241 2241 2241 2256 2256 2271 2271
    2271 2271 2271 2271 2271 3576 3468 3365 3333 4522 2398 2398 2381
    2365 2365 2365 2349 2333 2333 2333 2333 2301 2286 2271 2256 2256
    2241 2241 2241 2241 2256 2256 2271 2271 2271 2271 2271 2286 2286
    2317 3614 3614 3614 4522 2398 2398 2381 2381 2381 2365 2349 2333
    2333 2333 2333 2301 2286 2271 2271 2256 2226 2226 2241 2241 2256
    2256 2271 2271 2271 2271 2271 2286 2286 2317 3653 3653 3653 4522
    2398 2398 2381 2381 2381 2365 2349 2333 2333 2333 2333 2317 2301
    2271 2271 2271 2226 2226 2241 2241 2241 2241 2271 2271 2271 2271
    2271 2286 2286 2317 3653 3653 3692 4522 2398 2398 2381 2381 2381
    2381 2365 2349 2333 2333 2333 2317 2301 2286 2271 2271 2256 2241
    2241 2226 2226 2241 2271 2271 2271 2271 2271 2271 2286 2301 3653
    3653 3692 4522 4522 2398 2398 2381 2381 2381 2365 2349 2333 2333
    2333 2317 2317 2286 2271 2271 2256 2241 2226 2226 2226 2241 2256
    2256 2271 2271 2271 2271 2271 2301 3692 3692 3692 4522 4522 4522
    2398 2381 2381 2381 2365 2349 2333 2333 2333 2317 2301 2286 2286
    2271 2271 2241 2226 2226 2226 2241 2256 2256 2271 2271 2271 2271
    2271 2286 3692 3692 3692 4522 4522 4522 2398 2398 2381 2381 2365
    2349 2333 2333 2333 2317 2301 2286 2271 2271 2256 2241 2226 2226
    2226 2241 2256 2256 2256 2271 2271 2271 2271 2286 3692 3692 3692
    4522 4463 4463 2381 2381 2381 2381 2365 2365 2349 2349 2333 2333
    2301 2286 2271 2271 2256 2241 2241 2226 2226 2241 2241 2241 2256
    2256 2271 2271 2271 2271 3692 3653 3653 4522 4463 4463 2365 2365
    2381 2365 2365 2365 2349 2349 2333 2333 2301 2286 2271 2271 2256
    2241 2241 2241 2241 2241 2241 2241 2256 2256 2271 2271 2271 2271
    2271 3653 3653 4522 4463 4463 2365 2365 2365 2365 2365 2365 2349
    2349 2333 2317 2286 2286 2286 2271 2256 2241 2241 2241 2241 2241
    2241 2241 2256 2271 2271 2271 2271 2271 2286 3653 3692 4522 4463
    4463 2381 2365 2365 2365 2365 2365 2349 2349 2333 2317 2286 2286
    2286 2286 2256 2241 2241 2241 2241 2256 2256 2256 2271 2271 2271
    2271 2271 2286 2286 3653 3692 4522 4522 4522 2365 2365 2365 2365
    2365 2365 2349 2349 2333 2317 2301 2286 2286 2286 2271 2256 2241
    2241 2241 2241 2256 2256 2271 2271 2271 2271 2286 2286 2286 2286
    3692 4522 4522 4522 2365 2365 2381 2381 2365 2365 2349 2349 2333
    2317 2301 2286 2286 2286 2271 2256 2241 2241 2241 2241 2241 2256
    2271 2271 2271 2271 2286 2286 2286 2286 3692 4522 4522 4522 4522
    2381 2381 2381 2381 2365 2349 2349 2333 2317 2301 2286 2286 2286
    2271 2256 2241 2241 2226 2226 2241 2241 2256 2256 2271 2271 2286
    2286 2286 2286 3732 4522 4522 4522 4522 4522 2381 2381 2381 2365
    2349 2349 2349 2333 2317 2301 2286 2286 2271 2256 2241 2226 2226
    2226 2241 2241 2256 2256 2271 2271 2286 2271 2271 2271 3732 4522
    4522 4522 4522 4522 2381 2381 2381 2365 2365 2365 2349 2333 2317
    2317 2301 2286 2271 2256 2241 2226 2226 2226 2241 2241 2241 2256
    2271 2271 2286 2271 2271 2271 3774 4522 4522 4522 4522 4522 2381
    2381 2381 2381 2365 2365 2349 2333 2317 2317 2301 2301 2286 2271
    2241 2241 2226 2226 2241 2241 2241 2256 2271 2271 2271 2271 2271
    2271 2271 4522 4522 4522 4522 4522 2381 2381 2381 2381 2365 2365
    2349 2333 2317 2301 2301 2301 2286 2271 2256 2241 2241 2241 2241
    2241 2241 2256 2271 2271 2271 2271 2271 2286 2301 4522 4522 4522
    4522 4522 2381 2381 2381 2381 2365 2365 2349 2317 2301 2301 2301
    2301 2286 2271 2256 2256 2241 2241 2241 2241 2241 2256 2271 2271
    2271 2271 2271 2286 2301 4522 4522 4522 4522 4522 2365 2365 2381
    2381 2365 2365 2349 2317 2301 2301 2301 2286 2286 2271 2271 2256
    2241 2241 2241 2241 2241 2256 2271 2271 2271 2271 2271 2286 2286
    4522 4522 4522 4522 4522 2333 2333 2365 2381 2365 2365 2349 2333
    2317 2301 2301 2286 2286 2271 2271 2256 2241 2241 2241 2241 2241
    2256 2271 2271 2271 2271 2271 2286 2286 4522 4522 4522 4522 4463
    2333 2333 2365 2381 2365 2365 2349 2333 2317 2317 2301 2286 2286
    2271 2271 2256 2241 2241 2241 2241 2241 2256 2256 2271 2271 2271
    2271 2271 2271 4522 4522 4522 4463 4463 4463 2381 2381 2381 2381
    2365 2365 2349 2333 2333 2301 2301 2286 2271 2271 2256 2241 2241
    2241 2241 2241 2256 2256 2271 2271 2271 2271 2271 2256 4522 4522
    4522 4463 4463 4463 4463 2398 2398 2381 2381 2365 2349 2349 2333
    2301 2301 2286 2271 2271 2256 2241 2241 2226 2226 2226 2241 2256
    2256 2271 2271 2271 2271 2256 4522 4522 4522 4463 4405 4405 4405
    2398 2398 2381 2365 2365 2349 2349 2333 2317 2301 2286 2286 2271
    2256 2241 2226 2226 2226 2226 2241 2241 2256 2271 2271 2271 2271
    2256 4522 4522 4522 4463 4405 4349 4349 4349 2398 2381 2365 2365
    2349 2349 2333 2317 2301 2286 2286 2271 2271 2256 2226 2226 2226
    2226 2241 2241 2241 2271 2271 2271 2271 2256 4522 4522 4522 4522
    4463 4349 4349 2467 2398 2381 2381 2365 2349 2349 2333 2317 2301
    2286 2286 2271 2271 2256 2226 2226 2226 2226 2226 2241 2241 2271
