<?xml version="1.0"?>
<opencv_storage>
<Depth2604 type_id="opencv-matrix">
  <rows>83</rows>
  <cols>69</cols>
  <dt>w</dt>
  <data>
    3994 3994 3994 3994 3994 0 0 0 0 0 0 0 0 0 0 0 0 0 0 0 0 0 0 0 0
    4089 4041 4041 1297 1297 1317 1317 1333 1333 1333 1333 1338 1354
    1359 1365 1370 1376 1387 1387 1387 1387 3859 3859 3859 3903 3903
    3903 3903 3903 3903 3903 3903 3903 3903 3859 3859 3859 3859 3859
    3859 3859 3859 3859 3859 3994 3994 3948 3948 3948 0 0 0 0 0 0 0 0 0
    0 0 0 0 0 0 0 0 1288 1283 1283 1288 1288 1288 1292 1297 1312 1312
    1317 1328 1333 1338 1338 1349 1354 1359 1365 1370 1376 1381 1381
    1387 3859 3859 3859 3903 3859 3859 3948 3948 3903 3903 3903 3903
    3903 3903 3859 3859 3859 3859 3859 3859 3859 3859 3859 3994 3994
    3948 3948 3948 3948 0 0 0 0 0 0 0 0 0 0 0 0 0 0 0 1268 1268 1273
    1273 1278 1278 1283 1292 1297 1307 1312 1312 1328 1328 1338 1343
    1349 1354 1359 1365 1370 1376 1376 1387 1387 3859 3859 3859 3903
    3859 3859 3903 3903 3903 3903 3903 3903 3903 3859 3859 3859 3859
    3859 3859 3859 3859 3859 3859 3994 3994 3994 3948 3948 3948 0 0 0 0
    0 0 0 0 0 0 1236 1236 1236 1245 1245 1255 1259 1264 1268 1273 1273
    1278 1292 1297 1307 1307 1312 1317 1322 1328 1333 1338 1349 1359
    1365 1370 1370 1376 1387 1392 1392 3903 3903 3903 3903 3903 3903
    3859 3859 3859 3859 3859 3903 3859 3859 3859 3859 3859 3859 3859
    3859 3859 3859 3994 3994 3994 3948 3948 3903 3903 0 0 0 0 0 0 0 1236
    1236 1236 1236 1236 1245 1245 1250 1255 1255 1264 1268 1273 1278
    1288 1297 1302 1307 1307 1312 1322 1322 1328 1333 1343 1359 1359
    1365 1370 1370 1381 1392 1392 1392 3859 3859 3859 3859 3903 3859
    3859 3859 3859 3859 3859 3859 3859 3859 3859 3859 3859 3859 3859
    3859 3816 3994 3994 3994 3948 3948 3903 3903 0 0 0 0 0 1241 1236
    1236 1232 1232 1232 1232 1236 1245 1250 1255 1255 1259 1264 1268
    1273 1283 1292 1297 1297 1307 1312 1317 1322 1328 1333 1343 1359
    1359 1365 1370 1370 1381 1392 1392 1392 3859 3859 3859 3859 3903
    3903 3903 3903 3859 3859 3859 3859 3859 3859 3903 3903 3859 3859
    3859 3816 3816 3994 3994 3994 3948 3948 3948 3948 0 0 0 0 0 1241
    1236 1232 1227 1227 1232 1232 1236 1241 1245 1250 1255 1255 1259
    1268 1273 1278 1292 1292 1297 1302 1307 1312 1317 1322 1328 1343
    1354 1359 1359 1365 1370 1376 1381 1387 1387 1387 3859 3859 3859
    3903 3903 3859 3859 3859 3859 3859 3859 3859 3859 3903 3903 3859
    3859 3859 3816 3816 3994 3948 3948 3948 3948 3948 1268 0 0 1259 1250
    1250 1241 1236 1232 1227 1227 1227 1227 1232 1236 1245 1250 1250
    1255 1259 1268 1268 1273 1283 1288 1292 1297 1302 1307 1312 1317
    1322 1343 1349 1354 1359 1359 1370 1376 1376 1381 1381 1370 3903
    3903 3903 3903 3859 3859 3859 3859 3859 3859 3859 3859 3859 3903
    3903 3903 3859 3859 3859 3859 3948 3948 3948 3994 3994 1273 1268
    1268 1264 1259 1250 1250 1241 1236 1232 1227 1227 1227 1227 1232
    1232 1236 1245 1250 1255 1259 1264 1268 1273 1278 1283 1292 1297
    1302 1307 1312 1312 1317 1338 1343 1349 1354 1359 1370 1370 1376
    1370 1370 1370 3903 3903 3903 3903 3859 3859 3859 3903 3903 3903
    3859 3859 3859 3859 3859 3859 3859 3859 3859 3859 3948 3948 3948
    1283 1273 1268 1268 1268 1264 1259 1255 1250 1241 1236 1232 1232
    1232 1227 1227 1232 1232 1236 1241 1245 1250 1255 1259 1268 1268
    1273 1273 1283 1292 1297 1302 1307 1312 1312 1333 1338 1343 1349
    1354 1365 1370 1370 1370 1370 1381 1381 3948 3948 3859 3859 3859
    3859 3903 3903 3903 3859 3859 3859 3859 3859 3859 3859 3859 3859
    3859 3948 3948 1288 1283 1273 1268 1268 1268 1264 1259 1255 1250
    1241 1236 1232 1232 1232 1227 1227 1227 1227 1232 1236 1241 1245
    1255 1259 1264 1268 1268 1273 1278 1288 1297 1297 1307 1307 1312
    1328 1333 1338 1349 1354 1365 1365 1370 1376 1376 1381 1381 1381
    3859 3859 3859 3859 3859 3903 3903 3903 3859 3859 3859 3859 3859
    3859 3859 3859 3859 3859 4041 1288 1288 1283 1278 1273 1268 1268
    1268 1264 1259 1255 1250 1241 1236 1232 1232 1227 1227 1227 1227
    1227 1232 1236 1241 1250 1255 1259 1264 1268 1273 1278 1283 1297
    1297 1302 1307 1312 1328 1333 1338 1343 1349 1359 1365 1370 1376
    1376 1381 1381 1387 3903 3903 3903 3903 3903 3903 3903 3903 3859
    3859 3859 3859 3859 3859 3859 3859 3859 3859 1288 1288 1288 1283
    1278 1273 1268 1268 1268 1264 1264 1259 1255 1245 1241 1236 1232
    1227 1223 1223 1223 1227 1232 1232 1241 1245 1250 1255 1259 1268
    1268 1273 1278 1292 1297 1302 1307 1312 1322 1328 1333 1338 1349
    1354 1359 1370 1370 1376 1381 1387 1387 3859 3859 3859 3903 3903
    3903 3903 3903 3859 3859 3859 3859 3859 3859 3859 3859 3859 3859
    1288 1288 1283 1283 1283 1273 1268 1268 1268 1264 1264 1259 1255
    1245 1241 1236 1232 1227 1223 1223 1223 1223 1227 1232 1241 1245
    1250 1250 1259 1264 1268 1268 1278 1292 1302 1302 1302 1312 1312
    1322 1333 1338 1343 1349 1359 1365 1370 1370 1376 1381 1381 3859
    3859 3859 3903 3859 3859 3903 3859 3859 3859 3859 3859 3859 3859
    3859 3859 3859 3859 1283 1283 1283 1283 1283 1278 1268 1268 1268
    1264 1259 1255 1255 1245 1241 1236 1232 1227 1223 1219 1219 1223
    1223 1227 1236 1241 1250 1250 1255 1259 1264 1268 1273 1288 1302
    1297 1297 1307 1312 1317 1328 1333 1343 1349 1354 1359 1370 1370
    1376 1381 1381 3903 3903 3903 3903 3859 3859 3903 3859 3859 3859
    3859 3859 3859 3859 3859 3859 3859 3859 1283 1283 1283 1283 1283
    1278 1273 1273 1268 1264 1259 1255 1255 1245 1241 1236 1232 1232
    1223 1219 1219 1219 1219 1223 1232 1236 1245 1245 1250 1255 1259
    1268 1273 1283 1292 1297 1297 1302 1312 1312 1322 1328 1338 1343
    1349 1354 1359 1365 1370 1376 1376 1376 3903 3859 3859 3903 3903
    3903 3903 3859 3859 3859 3859 3859 3859 3859 3859 3859 3859 1288
    1288 1288 1283 1283 1278 1273 1273 1268 1264 1259 1255 1255 1245
    1241 1236 1232 1232 1227 1219 1219 1219 1219 1219 1232 1236 1241
    1245 1245 1250 1255 1259 1273 1283 1292 1292 1292 1297 1312 1312
    1317 1328 1333 1343 1349 1349 1354 1359 1370 1370 1370 1370 3859
    3859 3859 3859 3859 3903 3903 3859 3859 3859 3859 3859 3859 3859
    3859 3859 3859 1302 1302 1288 1288 1283 1278 1273 1273 1268 1264
    1264 1259 1250 1245 1241 1236 1236 1232 1227 1223 1219 1219 1219
    1219 1227 1232 1236 1245 1245 1250 1255 1259 1268 1273 1283 1288
    1292 1297 1307 1312 1312 1328 1328 1338 1343 1349 1354 1354 1365
    1370 1370 1376 1376 3859 3859 3859 3859 3859 3859 3859 3859 3859
    3859 3859 3859 3859 3859 3859 3859 1288 0 1288 1288 1283 1283 1278
    1273 1268 1264 1264 1259 1250 1250 1241 1236 1236 1232 1232 1223
    1223 1219 1219 1219 1223 1227 1236 1245 1245 1250 1255 1259 1264
    1268 1278 1288 1292 1297 1302 1307 1312 1322 1328 1333 1338 1349
    1349 1354 1359 1365 1370 1376 1376 1376 3859 3859 3859 3859 3859
    3859 3859 3859 3859 3859 3859 3859 3859 3859 3859 0 0 1292 1288 1288
    1283 1278 1273 1268 1264 1264 1259 1255 1250 1245 1236 1236 1232
    1232 1227 1223 1219 1219 1219 1223 1227 1232 1241 1245 1245 1250
    1259 1264 1268 1273 1283 1292 1297 1302 1307 1307 1312 1322 1333
    1333 1338 1349 1349 1354 1365 1370 1376 1376 1381 1381 3859 3859
    3903 3859 3859 3859 3859 3859 3859 3859 3859 3859 3859 3859 0 0 0
    1288 1288 1288 1283 1278 1273 1268 1264 1259 1255 1250 1245 1241
    1236 1232 1232 1227 1223 1219 1219 1219 1219 1223 1227 1236 1241
    1245 1250 1259 1264 1264 1273 1278 1288 1292 1302 1307 1307 1312
    1317 1328 1333 1333 1343 1349 1354 1359 1370 1370 1376 1376 1376
    3859 3859 3859 3859 3859 3859 3859 3859 3859 3859 3859 3859 3859
    3859 0 0 0 1288 1288 1288 1283 1278 1273 1268 1268 1259 1255 1250
    1245 1241 1236 1236 1232 1227 1223 1219 1219 1219 1219 1219 1227
    1236 1241 1245 1245 1255 1259 1264 1268 1273 1288 1292 1297 1302
    1302 1307 1317 1322 1328 1333 1338 1343 1349 1359 1370 1370 1370
    1376 1376 3859 3859 3859 3859 3859 3816 3816 3816 3859 3859 3859
    3859 3859 3859 0 0 0 0 1288 1283 1278 1278 1273 1268 1268 1264 1255
