<?xml version="1.0"?>
<opencv_storage>
<Depth16219 type_id="opencv-matrix">
  <rows>13</rows>
  <cols>45</cols>
  <dt>w</dt>
  <data>
    3468 3433 3433 3433 3399 3399 3433 3468 3433 3399 3399 3365 3300
    3300 3300 3300 3300 3333 3365 3365 3300 3300 3333 3333 4349 3399
    3365 3365 3365 4349 4349 3333 3333 4349 4349 4295 4295 4295 4295
    4241 4241 4241 4295 4241 4241 3468 3468 3468 3468 3433 3433 3468
    3433 3433 3399 3399 3399 3399 3399 3399 3399 3333 3333 3365 3365
    3300 3300 3333 3333 3399 3399 3365 3365 3333 3333 3333 3333 3333
    3333 3333 3300 3300 3300 3333 3365 3300 3300 3300 3333 3333 3468
    3468 3468 3468 3433 3433 3468 3433 3433 3433 3399 3399 3399 3399
    3399 3399 3399 3399 3399 3365 3365 3365 3365 3365 3399 3399 3365
    3365 3333 3333 3333 3333 3333 3333 3333 3300 3300 3300 3333 3365
    3300 3300 3300 3333 3333 3468 3468 3468 3468 3468 3468 3468 3433
    3433 3433 3433 3433 3399 3399 3399 3399 3399 3433 3399 3399 3433
    3433 3433 3433 3399 3399 3365 3365 3365 3365 3333 3333 3333 3333
    3333 3333 3333 3333 3365 3333 3333 3333 3333 3333 3333 3468 3468
    3468 3468 3468 3468 3468 3468 3433 3433 3433 3433 3433 3399 3399
    3399 3399 3399 3399 3399 3433 3433 3433 3433 3433 3433 3433 3433
    3365 3365 3365 3365 3333 3333 3333 3365 3365 3365 3365 3333 3333
    3333 3333 3333 3333 3468 3468 3468 3468 3468 3468 3468 3468 3433
    3433 3433 3433 3433 3433 3433 3399 3399 3399 3399 3399 3433 3433
    3433 3399 3399 3433 3433 3433 3399 3399 3399 3399 3399 3365 3365
    3365 3365 3333 3333 3333 3333 3333 3333 3333 3333 3468 3433 3433
    3433 3468 3468 3468 3433 3433 3433 3433 3399 3399 3433 3433 3433
    3399 3399 3399 3399 3433 3433 3433 3399 3399 3433 3433 3433 3433
    3433 3433 3399 3399 3399 3399 3399 3365 3333 3333 3333 3333 3333
    3333 3333 3333 3433 3433 3433 3433 3468 3468 3468 3433 3399 3399
    3399 3399 3399 3433 3433 3433 3399 3399 3399 3399 3433 3433 3433
    3399 3399 3433 3433 3433 3399 3399 3399 3399 3399 3399 3399 3399
    3365 3365 3365 3333 3333 3333 3333 3300 3300 3433 3433 3433 3433
    3433 3433 3399 3399 3399 3399 3399 3399 3399 3433 3433 3433 3399
    3399 3399 3399 3433 3433 3433 3433 3433 3433 3433 3433 3399 3399
    3399 3399 3399 3433 3399 3399 3399 3365 3365 3365 3365 3365 3333
    3300 3300 0 3433 3433 3433 3399 3399 3300 3300 3333 3399 3399 3433
    3433 3433 3433 3433 3399 3399 3399 3399 3399 3399 3433 3433 3468
    3468 3433 3433 3433 3433 3399 3399 3399 3433 3433 3399 3399 3365
    3365 3333 3333 3365 3333 3333 3300 0 3433 3433 3433 3399 3399 3300
    3300 3333 3399 3433 3433 3433 3433 3433 3433 3399 3399 3399 3399
    3399 3399 3365 3365 3399 3468 3468 3365 3365 3399 3433 3433 3433
    3433 3433 3399 3333 3333 3333 3333 3333 3333 3333 3333 3300 3433 0
    3433 3399 3399 3399 3399 3399 3433 3433 3433 3468 3433 3433 3399
    3399 3399 3399 3399 3399 3399 3399 3365 3365 3399 3399 3365 3365
    3365 3399 3399 3399 3399 3433 3433 3433 3333 3333 3333 3300 3300
    3333 3333 3333 3333 0 3433 3433 3399 3399 3399 4522 4522 4349 4349
    4349 4349 3433 3433 3399 3399 3399 0 0 4349 4349 4349 4349 0 4349
    4349 4349 3399 3399 3399 3399 3399 3399 3433 3433 3433 3433 3333
    3333 3300 3300 3333 3300 3300 3333</data></Depth16219>
</opencv_storage>
