<?xml version="1.0"?>
<opencv_storage>
<Depth17665 type_id="opencv-matrix">
  <rows>82</rows>
  <cols>53</cols>
  <dt>w</dt>
  <data>
    3653 3653 3653 3653 3653 3653 3653 3653 3653 3653 3653 3653 3653
    3692 3692 1947 1947 1981 1981 1981 1970 1970 3692 3692 3692 3692
    3692 3653 3653 3653 3653 3692 3692 3653 3653 3653 3653 3692 3692
    3692 3692 3692 3692 3692 3692 3692 3692 3692 3692 3692 3692 3653
    3653 3653 3653 3653 3653 3653 3653 3653 3653 3653 3653 3653 3653
    3653 3692 1947 1936 1936 1947 1959 1970 1959 1959 1959 3692 3692
    3692 3692 3692 3692 3653 3653 3692 3653 3653 3653 3653 3653 3653
    3653 3653 3653 3653 3692 3692 3692 3692 3692 3692 3692 3692 3653
    3653 3653 3653 3653 3653 3653 3653 3653 3653 3653 3653 3692 3692
    1981 1959 1947 1936 1926 1926 1926 1936 1947 1947 1947 1959 3692
    3692 3692 3692 3692 3692 3692 3692 3692 3653 3653 3653 3653 3653
    3653 3653 3614 3614 3653 3653 3692 3692 3692 3692 3692 3692 3692
    3653 3653 3653 3653 3653 3653 3653 3653 3653 3653 3653 3653 1993
    1993 1970 1936 1926 1915 1904 1904 1915 1915 1936 1936 1947 1959
    1959 3692 3692 3692 3692 3692 3692 3692 3692 3653 3653 3653 3653
    3653 3653 3653 3614 3614 3653 3653 3653 3653 3653 3692 3653 3653
    3653 3653 3653 3653 3653 3653 3653 3653 3653 3614 3614 3614 3692
    1993 1993 1970 1894 1883 1883 1883 1883 1894 1904 1915 1926 1936
    1947 1959 3692 3692 3692 3692 3692 3692 3692 3692 3653 3653 3653
    3653 3653 3653 3653 3614 3614 3653 3653 3653 3653 3653 3653 3653
    3653 3653 3653 3653 3653 3653 3653 3653 3653 3614 3614 1926 1926
    1926 1766 1766 1993 1863 1863 1863 1863 1873 1873 1883 1904 1915
    1926 1936 1947 1959 3692 3692 3653 3653 3692 3692 3692 3692 3692
    3653 3653 3653 3653 3614 3614 3614 3614 3614 3614 3653 3653 3653
    3653 3653 3653 3653 3653 3653 3653 3653 3653 3653 3614 3614 1926
    1926 1926 1766 1766 1794 1804 1823 1833 1833 1843 1853 1873 1894
    1904 1915 1936 1947 1959 1959 3653 3653 3653 3653 3692 3692 3692
    3653 3653 3653 3653 3653 3614 3614 3614 3614 3614 3614 3614 3653
    3653 3653 3653 3653 3653 3614 3614 3614 3653 3653 3653 3614 1883
    1883 1883 1804 1785 1785 1794 1804 1804 1813 1823 1833 1833 1853
    1894 1904 1904 1926 1936 1947 1947 3653 3653 3653 3653 3692 3692
    3692 3653 3653 3653 3653 3653 3653 3614 3614 3614 3614 3614 3614
    3653 3653 3653 3653 3614 3614 3614 3614 3614 3614 3653 1863 1863
    1863 1853 1843 1804 1794 1794 1804 1794 1794 1794 1813 1823 1823
    1833 1883 1894 1904 1915 1936 1947 1947 3653 3653 3653 3653 3653
    3653 3653 3653 3653 3653 3653 3653 3653 3614 3614 3614 3614 3614
    3614 3614 3653 3653 3653 3614 3614 3614 3614 3614 3614 1853 1853
    1853 1853 1833 1813 1804 1804 1804 1794 1785 1785 1785 1794 1813
    1813 1823 1863 1883 1894 1904 1926 1936 1947 3653 3653 3653 3653
    3653 3653 3653 3653 3653 3653 3653 3653 3614 3614 3614 3614 3614
    3614 3614 3614 3653 3653 3653 3614 3614 3614 3614 1843 1843 1853
    1843 1843 1833 1823 1813 1804 1794 1794 1785 1785 1785 1785 1794
    1804 1813 1823 1833 1883 1894 1904 1926 1936 1936 1947 3653 3653
    3653 3653 3653 3653 3653 3653 3653 3653 3653 3614 3614 3614 3614
    3614 3614 3614 3614 3614 3614 3653 3653 3653 3653 3653 1833 1823
    1823 1833 1823 1813 1813 1804 1794 1794 1794 1785 1785 1785 1785
    1785 1794 1813 1813 1823 1863 1894 1904 1915 1926 1936 1947 3653
    3653 3653 3653 3653 3653 3653 3614 3614 3653 3653 3653 3653 3614
    3614 3614 3614 3614 3614 3614 3614 3653 3614 3614 3614 3614 1833
    1823 1813 1813 1813 1804 1804 1804 1794 1785 1785 1785 1785 1785
    1785 1785 1794 1804 1813 1823 1833 1894 1894 1904 1915 1936 1947
    1947 3653 3653 3614 3614 3614 3614 3614 3614 3653 3653 3653 3614
    3614 3614 3614 3614 3614 3614 3692 3653 3653 3614 3614 3614 3614
    1823 1823 1813 1813 1813 1804 1804 1804 1794 1785 1785 1785 1785
    1785 1785 1785 1785 1794 1813 1823 1833 1883 1894 1904 1904 1926
    1936 1936 1936 3653 3614 3614 3614 3614 3614 3614 3653 3653 3653
    3614 3614 3614 3614 3614 3614 3614 3614 3614 3614 3614 3614 3614
    3614 1813 1813 1813 1813 1813 1804 1804 1804 1794 1785 1785 1785
    1785 1785 1785 1785 1785 1785 1813 1823 1823 1843 1883 1894 1904
    1915 1926 1926 1936 3653 3614 3614 3614 3614 3614 3614 3614 3614
    3614 3614 3614 3614 3614 3614 3614 3614 3614 3614 3614 3614 3614
    3614 3614 1813 1813 1813 1813 1813 1804 1804 1804 1794 1794 1794
    1785 1785 1785 1785 1785 1785 1785 1794 1813 1813 1813 1823 1883
    1894 1904 1915 1926 1936 3653 3614 3614 3614 3614 3614 3653 3614
    3614 3614 3614 3614 3614 3614 3614 3614 3614 3614 3614 3576 3576
    3614 3614 3614 1804 1804 1813 1813 1813 1804 1804 1804 1794 1794
    1794 1785 1785 1785 1785 1785 1785 1785 1785 1794 1813 1813 1823
    1833 1873 1883 1894 1915 1936 1936 3614 3614 3653 3614 3614 3614
    3614 3614 3576 3576 3576 3576 3576 3576 3576 3614 3614 3576 3576
    3576 3576 3614 3614 1804 1804 1813 1813 1813 1804 1804 1804 1794
    1794 1794 1794 1785 1785 1785 1785 1776 1776 1776 1785 1804 1813
    1813 1833 1873 1873 1873 1894 1926 1926 1926 3576 3576 3614 3614
    3614 3614 3614 3576 3576 3576 3576 3576 3576 3576 3614 3614 3576
    3576 3576 3576 3614 3614 3692 1804 1804 1813 1813 1813 1804 1804
    1794 1794 1794 1794 1785 1785 1785 1785 1776 1776 1776 1785 1804
    1813 1813 1823 1863 1863 1873 1883 1904 1926 1926 3576 3576 3614
    3614 3576 3576 3576 3576 3576 3576 3576 3576 3576 3576 3576 3576
    3576 3576 3576 3576 3614 3614 3614 1804 1804 1813 1813 1813 1804
    1804 1804 1794 1794 1794 1785 1785 1785 1785 1776 1776 1776 1785
    1785 1804 1813 1823 1843 1863 1863 1873 1894 1926 1926 1926 3614
    3614 3614 3576 3576 3576 3576 3576 3576 3576 3576 3576 3576 3576
    3576 3576 3576 3576 3576 3614 3614 3576 3576 1823 1813 1813 1813
    1804 1804 1804 1804 1804 1804 1794 1794 1785 1785 1776 1776 1776
    1776 1785 1794 1804 1813 1833 1863 1863 1873 1894 1915 1926 1947
    3614 3614 3614 3614 3576 3576 3576 3576 3576 3576 3576 3576 3576
    3576 3576 3576 3576 3576 3576 3576 3614 3576 3576 3576 1813 1813
    1813 1804 1804 1804 1804 1804 1813 1794 1794 1785 1785 1776 1776
    1776 1776 1776 1785 1794 1813 1823 1843 1853 1873 1894 1904 1926
    1926 1926 3653 3614 3614 3576 3576 3576 3576 3576 3576 3576 3576
    3576 3576 3576 3576 3576 3576 3576 3576 3576 3539 3539 3539 1794
    1794 1804 1804 1804 1804 1804 1804 1813 1804 1794 1785 1785 1776
    1776 1776 1776 1776 1776 1785 1813 1813 1823 1843 1863 1894 1904
    1926 1926 1936 3692 3614 3614 3576 3576 3576 3576 3576 3576 3576
    3576 3576 3576 3576 3576 3576 3539 3539 3539 3576 3539 3539 3539
    1794 1794 1804 1813 1813 1804 1804 1804 1813 1804 1794 1785 1785
    1776 1776 1776 1776 1776 1776 1776 1804 1813 1823 1823 1853 1883
    1904 1915 1926 1936 1936 3653 3614 3576 3576 3576 3576 3576 3576
    3576 3576 3576 3576 3576 3576 3576 3539 3539 3539 3576 3539 3539
    3539 1813 1813 1813 1813 1813 1804 1804 1804 1804 1794 1794 1794
    1785 1785 1785 1776 1776 1776 1776 1776 1804 1804 1813 1823 1843
    1873 1894 1904 1915 1926 1936 3653 3614 3614 3576 3576 3576 3576
    3576 3576 3576 3576 3576 3576 3576 3576 3576 3539 3539 3576 3539
    3539 3539 3539 1813 1813 1813 1813 1804 1804 1804 1804 1794 1794
    1794 1785 1785 1785 1776 1776 1776 1776 1776 1794 1804 1813 1823
    1843 1863 1873 1904 1915 1926 1936 1936 3653 3614 3576 3576 3576
    3576 3576 3576 3576 3576 3576 3576 3576 3539 3539 3539 3539 3576
    3576 3539 3539 3539 3576 1813 1813 1813 1804 1804 1804 1804 1794
    1794 1794 1785 1785 1785 1785 1776 1776 1776 1776 1785 1794 1813
    1823 1833 1853 1863 1883 1904 1915 1936 1936 3653 3653 3614 3576
    3576 3576 3576 3576 3576 3576 3576 3576 3576 3539 3539 3539 3539
    3539 3576 3539 3539 3539 3539 1813 1813 1813 1804 1804 1804 1804
    1804 1794 1785 1785 1785 1785 1785 1776 1776 1766 1766 1776 1785
    1804 1813 1823 1843 1853 1873 1883 1894 1915 1926 1936 3653 3614
    3576 3576 3576 3576 3576 3576 3576 3576 3576 3576 3539 3539 3539
