<?xml version="1.0"?>
<opencv_storage>
<Depth12167 type_id="opencv-matrix">
  <rows>10</rows>
  <cols>10</cols>
  <dt>w</dt>
  <data>
    7178 7178 7178 7178 7178 7030 7030 7030 798 796 7178 7178 7030 7030
    7030 7030 7030 6889 798 796 7178 7178 7030 7030 7030 7030 6889 6889
    6889 796 7178 7178 7178 7030 7030 7030 6889 6889 6889 6889 0 7030
    7030 7030 6889 6889 6889 6889 6889 6889 0 7030 7030 6889 6889 6889
    6889 6889 6889 6889 0 0 0 6889 6889 6889 6889 6889 7030 7030 0 0 0
    7030 6889 6889 6889 6889 6889 6889 0 0 0 0 7178 7030 7030 7030 6889
    6889 0 0 0 0 7178 7030 7030 7030 6889 6889</data></Depth12167>
</opencv_storage>
