<?xml version="1.0"?>
<opencv_storage>
<Depth16726 type_id="opencv-matrix">
  <rows>12</rows>
  <cols>52</cols>
  <dt>w</dt>
  <data>
    1947 1947 1947 1947 1936 1926 1915 1915 3269 3269 3300 3300 3300
    3269 3269 3269 3269 3269 3269 3300 4089 4089 3178 3149 3149 3149
    3149 3149 3149 3149 3149 3149 3178 4041 4041 4041 3149 3149 3994
    3994 3994 4041 4089 4041 4041 4041 4041 4041 4089 4089 4089 4089
    1947 1947 1947 1947 1947 1947 1947 3269 3269 3269 3269 3269 3269
    3269 3269 3269 3269 3269 3269 3238 3238 3238 3178 3178 3178 3178
    3178 3149 3149 3149 3149 3149 3178 3178 3178 3178 3149 3149 3149
    3994 3994 4041 3178 3178 3149 3120 3120 4041 4089 3149 3149 3149
    1947 1947 1947 1947 1959 3300 3269 3238 3238 3238 3238 3238 3238
    3238 3238 3238 3238 3238 3208 3208 3208 3208 3208 3208 3178 3178
    3178 3149 3149 3149 3149 3149 3149 3149 3149 3149 3149 3120 3120
    3120 3120 3149 3178 3178 3149 3120 3120 3149 3149 3149 3149 3149
    1959 1947 1947 3300 3300 3300 3269 3238 3238 3238 3238 3238 3238
    3238 3238 3238 3238 3238 3208 3208 3208 3178 3178 3178 3178 3178
    3149 3149 3149 3149 3149 3149 3149 3149 3149 3149 3149 3120 3120
    3092 3092 3149 3149 3120 3092 3092 3120 3149 3149 3149 3149 3149
    3300 3300 3300 3300 3300 3269 3269 3238 3238 3238 3238 3238 3238
    3238 3238 3238 3269 3238 3208 3208 3208 3178 3178 3178 3178 3178
    3149 3149 3149 3149 3149 3149 3149 3120 3120 3149 3149 3149 3120
    3092 3092 3149 3149 3120 3092 3092 3092 3092 3120 3149 3149 3120
    3300 3300 3300 3300 3300 3269 3269 3238 3238 3238 3238 3238 3238
    3238 3238 3238 3238 3238 3208 3208 3208 3208 3208 3208 3178 3178
    3178 3149 3149 3149 3149 3149 3149 3120 3120 3149 3149 3149 3120
    3120 3149 3178 3149 3120 3120 3092 3092 3092 3120 3149 3149 3120
    3300 3300 3300 3300 3300 3269 3269 3269 3269 3269 3269 3269 3269
    3238 3238 3238 3238 3238 3208 3208 3208 3208 3208 3208 3178 3178
    3178 3149 3149 3149 3149 3149 3149 3149 3149 3149 3149 3149 3120
    3120 3149 3178 3149 3120 3120 3092 3092 3120 3120 3120 3120 3149
    3300 3300 3300 3300 3300 3269 3269 3269 3269 3269 3269 3269 3269
    3269 3238 3238 3238 3238 3208 3208 3208 3208 3208 3208 3178 3178
    3178 3149 3149 3149 3149 3149 3149 3149 3149 3149 3149 3149 3149
    3149 3149 3178 3149 3120 3120 3120 3120 3120 3120 3120 3120 3120
    3300 3300 3300 3300 3300 3269 3269 3300 3300 3300 3269 3269 3269
    3269 3238 3238 3238 3208 3208 3208 3208 3208 3208 3208 3178 3178
    3149 3149 3149 3149 3149 3149 3149 3149 3149 3149 3149 3149 3149
    3149 3149 3178 3178 3120 3120 3092 3092 3092 3092 3120 3120 3120
    3300 3333 3333 3300 3269 3269 3300 3300 3300 3333 3300 3269 3269
    3269 3238 3238 3238 3208 3208 3208 3178 3178 3178 3178 3149 3149
    3120 3120 3149 3149 3178 3149 3149 3149 3149 3120 3120 3149 3149
    3149 3149 3178 3178 3149 3120 3092 3092 3092 3092 3092 3092 3092
    3365 3365 3333 3300 2271 2256 2256 3300 3300 3333 3333 3300 3300
    3269 3269 3238 3208 3208 3208 3208 3178 3178 3178 3178 3120 3120
    3120 3120 3120 3149 3178 3178 3178 3149 3149 3120 3120 3149 3149
    3149 3178 3178 3178 3149 3120 3120 3120 3064 3064 3064 3064 3092
    1993 3433 3399 2271 2256 2256 2256 2256 2256 2256 2256 2256 3300
    3269 3269 3269 3208 2116 2116 2116 2116 2129 2103 3120 3120 3064
    3064 3120 3120 3178 3208 3208 3178 3178 3149 3120 3120 3149 3178
    3178 3208 3178 3178 0 0 3120 3120 2984 2984 3064 3064 3092</data></Depth16726>
</opencv_storage>
