<?xml version="1.0"?>
<opencv_storage>
<Depth2711 type_id="opencv-matrix">
  <rows>51</rows>
  <cols>54</cols>
  <dt>w</dt>
  <data>
    5832 5832 5832 5832 5832 5832 5832 5734 5734 5734 5640 5640 5640
    5640 5640 5640 5640 5640 5640 5640 5640 5640 5548 5548 5548 5548
    5548 5548 5548 2090 2090 2103 2103 2065 2065 2065 2065 2065 2065
    2065 2065 0 0 0 0 0 0 2129 2103 2065 2053 2040 2040 2040 5832 5832
    5832 5832 5832 5734 5734 5734 5734 5734 5734 5734 5734 5640 5640
    5640 5640 5640 5640 5640 5640 5640 5548 5548 5548 5548 5548 5548
    5548 2090 2090 2103 2065 2053 2040 2040 2040 2028 2028 2028 2028 0 0
    0 0 0 0 0 0 2065 2053 2040 2040 2040 5832 5832 5832 5832 5734 5734
    5734 5734 5734 5734 5734 5734 5734 5640 5640 5640 5640 5640 5640
    5640 5640 5548 5548 5460 5460 5460 5548 5548 2103 2103 2103 2090
    2065 2053 2040 2040 2028 2028 2028 2016 2016 0 0 0 0 0 0 0 0 2065
    2053 2053 2040 2040 5832 5832 5832 5832 5734 5734 5734 5734 5734
    5734 5734 5734 5734 5640 5640 5640 5640 5640 5640 5548 5548 5548
    5548 5460 5460 5460 5460 2103 2090 2078 2078 2065 2053 2040 2028
    2028 2028 2016 2016 2016 2016 2028 0 0 0 0 0 0 0 2078 2065 2053 2053
    2053 5832 5832 5832 5832 5832 5734 5734 5734 5640 5640 5640 5640
    5640 5640 5640 5640 5640 5640 5548 5548 5548 5460 5460 5460 5460
    5460 2116 2090 2078 2065 2053 2040 2040 2028 2016 2016 2028 2016
    2016 2016 2016 2016 2040 0 0 0 0 0 0 2078 2065 2053 2053 2053 5832
    5832 5832 5832 5734 5640 5640 5640 5640 5640 5640 5640 5640 5548
    5548 5548 5548 5548 5548 5548 5548 5460 5460 5460 2116 2090 2078
    2065 2053 2053 2040 2040 2028 2016 2016 2016 2028 2016 2016 2016
    2016 2016 2040 2040 0 0 0 0 0 2090 2078 2065 2065 2065 5734 5734
    5734 5734 5734 5640 5640 5640 5548 5548 5640 5640 5640 5548 5548
    5548 5548 5548 5548 5548 5460 5460 5460 5460 2090 2078 2065 2065
    2053 2040 2028 2028 2016 2016 2016 2016 2028 2016 2016 2028 2028
    2028 2040 2040 2040 2065 0 0 0 0 2103 2090 2065 2065 5734 5734 5734
    5640 5640 5640 5640 5548 5548 5548 5640 5640 5640 5548 5548 5548
    5548 5548 5548 5548 5460 5460 2090 2078 2065 2065 2053 2053 2040
    2028 2016 2016 2016 2016 2016 2016 2028 2028 2028 2028 2028 2028
    2040 2040 2040 2065 2078 2090 0 0 0 2103 2078 2078 5640 5734 5734
    5640 5640 5640 5640 5548 5548 5548 5640 5548 5548 5548 5548 5548
    5460 5460 5548 5548 5460 5460 2078 2065 2065 2053 2040 2028 2028
    2028 2016 2016 2016 2016 2016 2016 2028 2028 2028 2028 2028 2028
    2040 2040 2053 2065 2065 2090 0 0 2103 0 2103 2090 5640 5640 5640
    5640 5640 5548 5548 5548 5548 5548 5640 5548 5548 5548 5460 5460
    5460 5460 5548 5548 2078 2065 2065 2065 2053 2040 2028 2016 2016
    2016 2016 2016 2016 2016 2016 2016 2028 2028 2028 2028 2028 2028
    2040 2040 2053 2065 2065 2065 2065 0 0 2116 2116 2090 5640 5640 5640
    5548 5548 5548 5548 5548 5640 5548 5548 5548 5548 5548 5460 5460
    5460 2065 2065 2065 2065 2053 2053 2040 2040 2016 2016 2016 2016
    2016 2016 2016 2016 2016 2016 2016 2028 2028 2028 2028 2028 2028
    2040 2040 2053 2053 2053 2053 2053 0 0 2078 0 2078 5548 5640 5548
    5548 5548 5548 5548 5548 5548 5548 5548 5548 5548 5548 5548 5460
    5460 2065 2065 2065 2053 2040 2028 2016 2016 2016 2016 2016 2016
    2016 2016 2016 2016 2016 2016 2016 2028 2028 2028 2028 2028 2028
    2040 2040 2053 2053 2053 2053 2053 2065 0 4983 0 2078 5548 5548 5548
    5548 5548 5548 5548 5548 5548 5548 5548 5548 5460 5460 5548 5548
    2078 2065 2053 2053 2040 2028 2016 2016 2016 2016 2016 2016 2016
    2016 2016 2016 2016 2016 2016 2016 2028 2028 2028 2028 2028 2028
    2040 2040 2053 2053 2053 2053 2065 2065 2078 4983 4983 4983 5548
    5548 5548 5548 5548 5548 5548 5548 5548 5548 5460 5460 5460 5460
    5460 2065 2065 2053 2040 2028 2016 2016 2016 2016 2016 2016 2016
    2016 2016 2016 2016 2016 2016 2016 2016 2016 2028 2028 2028 2028
    2028 2040 2040 2053 2053 2053 2053 2053 2065 2078 2078 4983 4983
    4983 5548 5548 5548 5548 5548 5548 5548 5548 5548 5460 5460 5460
    5460 2065 2065 2065 2053 2028 2028 2016 2016 2016 2016 2016 2005
    2005 2005 2016 2016 2016 2016 2016 2016 2016 2016 2016 2028 2028
    2028 2040 2040 2040 2040 2053 2053 2053 2053 2053 2065 2078 0 4983
    4983 4983 5548 5548 5548 5548 5548 5548 5548 5548 5460 5460 5460
    5460 2065 2065 2053 2053 2028 2016 2016 2005 2005 2005 2005 2016
    2005 2005 2005 2016 2016 2016 2016 2016 2016 2028 2028 2028 2040
    2040 2040 2040 2065 2065 2053 2053 2053 2053 2053 2065 2065 2065
    2065 5056 5056 4983 5460 5460 5548 5548 5548 5548 5548 5460 5460
    5460 5460 2065 2053 2053 2040 2028 2016 2016 2005 2005 2005 2005
    2005 2005 2016 2016 2016 2016 2016 2016 2016 2016 2028 2028 2040
    2040 2053 2053 2053 2065 2065 2065 2065 2053 2053 2065 2065 2065
    2065 2065 2065 5056 5056 5056 5460 5460 5548 5548 5548 5548 5460
    5460 5374 5374 2078 2065 2053 2040 2028 2016 2005 2005 2005 2005
    2005 2005 2005 2005 2016 2016 2016 2016 2016 2016 2016 2016 2028
    2028 2040 2040 2053 2053 2065 2065 2065 2065 2065 2065 2065 2065
    2065 2078 2078 2078 2078 2078 5132 5132 5460 5460 5460 5460 5460
    5548 5460 5460 2065 2065 2053 2053 2040 2028 2016 2005 2005 2005
    2005 2005 2005 2005 2005 2005 2016 2016 2016 2016 2016 2016 2028
    2028 2028 2028 2040 2053 2053 2053 2065 2065 2065 2065 2065 2065
    2053 2053 2065 2078 2078 2078 2078 2078 5210 5210 5460 5374 5374
    5460 5460 5548 2078 2065 2065 2065 2053 2028 2016 2005 2005 2005
    2005 2005 2005 2005 2005 2005 2005 2005 2016 2016 2016 2016 2016
    2028 2028 2028 2028 2040 2040 2053 2053 2053 2065 2065 2065 2065
    2065 2065 2053 2053 2065 2078 2078 2078 2078 2078 2078 5210 5460
    5374 5374 5374 5460 5548 2065 2065 2065 2053 2040 2016 2005 2005
    2005 2005 2005 2005 2005 2005 2005 2005 2016 2016 2016 2016 2016
    2016 2016 2028 2028 2028 2040 2040 2040 2053 2053 2053 2065 2065
    2065 2065 2065 2065 2065 2065 2065 2078 2078 2078 2078 2078 2078
    5210 5460 5291 5291 5374 2053 2053 2053 2040 2040 2028 2016 2016
    2005 2005 2005 2005 2005 2005 2005 2005 2016 2016 2016 2016 2016
    2016 2016 2016 2016 2016 2016 2028 2040 2053 2053 2053 2053 2053
    2065 2065 2065 2065 2065 2065 2065 2065 2078 2078 2078 2078 2078
    2078 2078 2090 5460 5291 2065 2053 2053 2040 2040 2016 2016 2016
    2005 2005 2005 2005 2005 2005 2005 2005 2005 2016 2016 2016 2016
    2016 2016 2016 2016 2016 2016 2016 2016 2028 2040 2053 2053 2053
    2065 2065 2065 2065 2065 2065 2065 2065 2065 2065 2065 2078 2078
    2078 2090 2090 2090 2090 2065 2065 2065 2053 2053 2040 2016 2005
    2005 2005 2005 2005 2005 2005 2005 2005 2005 2005 2005 2016 2016
    2016 2016 2016 2016 2016 2016 2016 2028 2016 2016 2028 2040 2053
    2053 2053 2065 2065 2065 2065 2065 2065 2078 2078 2078 2065 2065
    2078 2078 2078 2078 2090 2090 2090 2065 2053 2053 2040 2016 2016
    2005 1993 1993 1993 1993 2005 2005 2005 2005 2005 2016 2005 2005
    2016 2016 2016 2016 2016 2016 2016 2016 2016 2028 2028 2040 2040
    2040 2053 2053 2053 2065 2065 2065 2065 2065 2078 2078 2078 2078
    2078 2078 2078 2078 2078 2078 2090 2090 2090 2053 2053 2028 2016
    2005 2005 2005 1993 1993 1993 1993 2005 2005 2005 2005 2005 2016
    2005 2005 2016 2016 2016 2016 2016 2016 2016 2016 2016 2028 2040
    2040 2040 2040 2053 2053 2053 2065 2065 2065 2065 2065 2078 2078
    2078 2078 2078 2078 2078 2078 2078 2090 2090 2103 2103 2053 2040
    2016 2005 1993 1993 1993 1993 1993 1993 1993 2005 2005 2005 2005
    2005 2016 2016 2016 2016 2016 2016 2016 2016 2016 2016 2028 2028
    2040 2040 2053 2053 2053 2053 2053 2053 2065 2065 2065 2065 2078
    2078 2078 2078 2078 2078 2078 2078 2078 2078 2078 2090 2090 2103
    2040 2016 2005 1993 1993 1993 1993 1993 1993 1993 1993 1993 2005
    2005 2005 2016 2016 2016 2016 2016 2016 2016 2016 2016 2016 2028
    2028 2040 2040 2040 2053 2053 2053 2053 2053 2065 2065 2065 2065
    2065 2078 2078 2078 2078 2078 2078 2078 2078 2078 2078 2078 2090
