<?xml version="1.0"?>
<opencv_storage>
<Depth9023 type_id="opencv-matrix">
  <rows>9</rows>
  <cols>20</cols>
  <dt>w</dt>
  <data>
    3994 3994 3948 3948 3994 3994 4041 0 0 0 0 0 3994 0 0 0 3948 5210
    5210 5210 4041 3994 3994 3994 4041 4041 4041 4139 4089 3994 3994
    3994 3994 3948 3948 3948 0 4405 5210 5210 3994 3994 3994 4041 4041
    4089 4089 4139 4089 3994 3994 3994 4089 3948 3948 3948 4241 4405
    4405 4405 3948 3994 4041 4041 4089 4089 4089 4139 4089 4089 4041
    4041 4089 4089 4139 4139 4241 4295 4295 4295 3948 3948 3994 3994
    4089 4089 4089 4139 4139 4139 4089 4089 4089 4089 4089 4139 4190
    4241 4241 4241 3948 3948 3994 3994 4089 4089 4089 4139 4139 4139
    4089 4089 4089 4089 4089 4139 4190 4190 4190 4190 4041 4041 4041
    4041 4089 4089 4139 4190 4190 4190 4089 4089 4089 4139 4139 4139
    4190 4190 4190 4190 4089 4089 4089 4089 4089 4139 4139 4190 4190
    4190 4190 4190 4190 4190 4190 4190 4190 4190 4190 4190 0 4089 4089
    4089 4089 4089 4139 4190 4241 4190 4190 4190 4241 4241 4241 4190
    4190 4190 4241 4241</data></Depth9023>
</opencv_storage>
