<?xml version="1.0"?>
<opencv_storage>
<Depth1802 type_id="opencv-matrix">
  <rows>77</rows>
  <cols>58</cols>
  <dt>w</dt>
  <data>
    5210 5210 5210 5210 1264 1255 1250 1250 1250 5056 5056 4911 4842
    4842 4774 4708 4708 4708 4645 4645 4645 4645 1264 1264 1264 1273
    1273 1273 1273 1268 1268 1268 1273 1278 1278 1283 1283 1283 1283
    1283 1288 1288 1288 1292 1292 1292 1292 1288 1288 1288 1288 4041
    4041 3994 3994 3994 3948 3948 5210 5210 5210 1268 1264 1255 1250
    1250 1255 1264 1264 1259 1259 1259 1259 1259 1259 1264 1268 1264
    1259 1259 1259 1264 1264 1268 1273 1273 1273 1268 1268 1268 1273
    1278 1278 1283 1283 1283 1283 1283 1288 1288 1288 1288 1288 1288
    1288 1288 1288 1288 1288 1288 1288 3994 3994 3994 3948 3948 5291
    5291 5374 1268 1264 1259 1259 1255 1255 1264 1255 1255 1259 1259
    1259 1259 1259 1264 1264 1264 1259 1259 1259 1264 1264 1268 1268
    1268 1273 1273 1273 1273 1278 1278 1278 1283 1283 1283 1283 1283
    1288 1288 1288 1288 1288 1288 1288 1288 1288 1288 1288 1288 0 3994
    3994 3994 3994 3948 5291 5291 1273 1264 1259 1259 1259 1259 1259
    1259 1255 1255 1259 1259 1259 1259 1259 1264 1264 1264 1264 1264
    1264 1264 1264 1268 1268 1268 1273 1273 1273 1273 1278 1278 1278
    1283 1283 1283 1283 1283 1283 1288 1288 1288 1288 1288 1288 1288
    1288 1288 1288 1288 0 3948 3948 3948 3948 3948 0 0 1268 1259 1255
    1255 1259 1255 1255 1259 1255 1255 1259 1259 1264 1264 1264 1264
    1264 1264 1264 1264 1264 1268 1264 1264 1268 1268 1268 1273 1273
    1273 1278 1278 1278 1283 1283 1283 1283 1283 1283 1283 1288 1288
    1288 1283 1283 1288 1288 1288 1288 1288 0 3948 3948 3948 3948 3948 0
    0 1268 1259 1255 1255 1255 1255 1255 1255 1255 1255 1259 1259 1264
    1264 1264 1264 1264 1264 1264 1264 1264 1268 1264 1264 1268 1268
    1268 1268 1268 1268 1273 1278 1283 1283 1283 1283 1283 1283 1283
    1283 1283 1288 1288 1283 1283 1288 1288 1288 1288 1288 0 3948 3948
    3948 3948 3948 0 0 1259 1259 1255 1255 1255 1255 1255 1255 1255 1255
    1259 1259 1264 1264 1264 1264 1259 1259 1264 1264 1268 1268 1268
    1268 1268 1268 1268 1268 1268 1268 1273 1273 1278 1283 1283 1283
    1283 1283 1283 1283 1283 1283 1288 1288 1288 1288 1288 1288 1288
    1288 0 3994 3994 3948 3948 3948 0 0 1259 1255 1255 1255 1250 1250
    1250 1255 1255 1255 1259 1259 1259 1264 1264 1264 1259 1259 1264
    1264 1264 1264 1268 1264 1264 1268 1268 1268 1268 1268 1268 1273
    1278 1278 1283 1283 1283 1283 1283 1283 1283 1283 1288 1288 1288
    1288 1288 1288 1288 1288 1297 3994 3994 3994 3948 3948 0 0 1259 1255
    1255 1255 1250 1250 1250 1250 1255 1255 1259 1259 1259 1259 1264
    1264 1264 1264 1264 1264 1264 1264 1268 1264 1264 1268 1268 1268
    1268 1268 1268 1273 1278 1278 1283 1283 1283 1283 1283 1283 1283
    1288 1288 1288 1288 1288 1288 1292 1292 1297 1297 4041 4041 3994
    3994 3948 1312 1302 1259 1255 1255 1255 1250 1250 1250 1250 1255
    1255 1255 1255 1255 1259 1259 1264 1264 1264 1264 1264 1264 1264
    1264 1268 1268 1268 1268 1268 1268 1268 1273 1273 1273 1278 1283
    1283 1283 1283 1283 1283 1283 1288 1288 1288 1288 1288 1288 1292
    1292 1297 1297 1297 3994 3994 3994 3994 1312 1297 1259 1255 1255
    1255 1250 1250 1250 1250 1255 1255 1255 1255 1255 1259 1259 1264
    1264 1264 1264 1264 1264 1264 1264 1268 1268 1268 1268 1268 1268
    1273 1273 1273 1273 1278 1278 1283 1278 1278 1283 1283 1283 1288
    1288 1288 1288 1288 1288 1292 1292 1297 1297 0 4041 4041 3994 3994
    1307 1283 1264 1255 1255 1255 1250 1250 1250 1250 1250 1250 1255
    1255 1255 1259 1259 1259 1259 1264 1264 1264 1264 1264 1268 1268
    1268 1268 1268 1268 1273 1273 1273 1273 1278 1278 1278 1283 1278
    1278 1283 1283 1283 1288 1288 1288 1288 1288 1288 1288 1292 1297
    1297 0 3994 3994 3994 3948 1297 1283 1264 1255 1255 1255 1250 1250
    1250 1250 1250 1250 1255 1255 1259 1259 1259 1259 1259 1264 1264
    1264 1264 1264 1268 1268 1268 1268 1268 1268 1273 1273 1273 1278
    1278 1278 1278 1278 1278 1278 1283 1283 1283 1283 1288 1283 1283
    1283 1288 1288 1288 1292 1292 0 3994 3994 3994 3948 1297 1288 1268
    1255 1255 1255 1250 1250 1250 1250 1250 1250 1255 1259 1259 1259
    1259 1259 1264 1264 1264 1264 1264 1264 1268 1268 1268 1268 1268
    1268 1268 1273 1273 1278 1278 1278 1278 1278 1278 1278 1283 1283
    1283 1283 1283 1283 1283 1283 1288 1288 1288 1288 0 0 0 3994 3994
    3948 1297 1288 1273 1259 1255 1255 1250 1250 1250 1250 1250 1250
    1255 1255 1259 1259 1259 1259 1259 1259 1259 1259 1264 1264 1264
    1268 1268 1268 1268 1268 1268 1268 1268 1273 1273 1273 1278 1278
    1278 1278 1283 1283 1283 1283 1283 1283 1283 1288 1288 1288 1288
    1288 0 0 0 3994 3994 3948 1302 1278 1268 1259 1255 1255 1250 1250
    1250 1250 1250 1250 1255 1255 1255 1259 1259 1259 1259 1259 1259
    1259 1264 1264 1264 1268 1268 1268 1268 1268 1268 1268 1268 1273
    1273 1273 1273 1278 1278 1283 1283 1283 1283 1283 1283 1283 1283
    1288 1288 1288 1288 1288 0 0 0 3994 3948 3948 0 1278 1268 1259 1255
    1255 1250 1250 1255 1250 1250 1255 1255 1255 1255 1255 1259 1259
    1259 1259 1259 1259 1259 1264 1264 1268 1268 1268 1268 1268 1268
    1268 1268 1268 1273 1273 1273 1278 1278 1283 1283 1283 1283 1283
    1283 1283 1283 1283 1288 1288 1288 1288 1288 0 3994 3994 3948 3948 0
    1278 1273 1259 1255 1255 1250 1250 1255 1255 1255 1255 1255 1255
    1255 1255 1259 1259 1259 1259 1259 1259 1259 1264 1264 1264 1268
    1268 1268 1268 1268 1268 1268 1268 1273 1273 1273 1278 1278 1283
    1283 1283 1283 1283 1283 1283 1283 1283 1288 1288 1288 1288 1288 0
    4041 4041 3948 3948 0 1283 1273 1264 1259 1255 1250 1250 1250 1255
    1255 1255 1255 1255 1255 1255 1259 1259 1259 1259 1259 1259 1264
    1264 1264 1264 1264 1268 1268 1268 1268 1268 1268 1268 1273 1273
    1273 1278 1278 1278 1283 1283 1283 1283 1283 1283 1288 1288 1288
    1288 1288 1288 1288 0 4041 4041 3948 3948 1333 1292 1278 1268 1259
    1255 1250 1250 1250 1250 1250 1255 1255 1255 1255 1255 1259 1259
    1259 1264 1264 1264 1264 1264 1264 1264 1264 1264 1264 1268 1268
    1268 1268 1268 1273 1273 1273 1278 1278 1278 1283 1283 1283 1283
    1283 1283 1288 1288 1288 1288 1288 1288 1288 1288 4139 4139 3994
    3948 1333 1302 1278 1264 1259 1255 1250 1250 1250 1250 1250 1250
    1255 1255 1255 1255 1255 1259 1259 1264 1264 1264 1264 1264 1264
    1268 1268 1264 1264 1268 1268 1268 1268 1268 1273 1273 1278 1278
    1278 1278 1283 1283 1283 1283 1283 1283 1283 1283 1288 1288 1288
    1288 1288 1288 4089 4089 3994 3948 0 1292 1278 1264 1255 1255 1245
    1245 1250 1250 1250 1250 1250 1250 1250 1255 1255 1259 1259 1259
    1259 1259 1264 1264 1264 1268 1268 1268 1268 1268 1268 1268 1268
    1268 1273 1273 1278 1278 1278 1278 1278 1278 1283 1283 1283 1283
    1283 1283 1288 1288 1288 1288 1288 1288 4041 4041 3994 3994 0 1292
    1273 1264 1255 1255 1245 1245 1250 1250 1250 1250 1250 1250 1250
    1255 1255 1255 1259 1259 1259 1259 1264 1264 1264 1268 1268 1268
    1268 1264 1264 1268 1268 1268 1273 1273 1278 1273 1273 1278 1278
    1278 1283 1283 1283 1283 1283 1283 1283 1288 1288 1288 1292 1292
    3994 3994 3994 3994 0 1268 1268 1264 1259 1255 1245 1245 1250 1250
    1250 1250 1250 1250 1250 1255 1255 1255 1255 1259 1259 1264 1264
    1264 1264 1268 1268 1268 1268 1264 1264 1264 1268 1268 1273 1273
    1278 1273 1273 1278 1278 1278 1283 1283 1283 1283 1283 1283 1283
    1288 1288 1288 1292 1292 3994 3994 3994 3994 0 1268 1268 1264 1259
    1255 1250 1250 1250 1250 1250 1250 1250 1250 1255 1255 1255 1255
    1255 1255 1259 1259 1259 1264 1264 1268 1268 1268 1268 1264 1264
    1264 1268 1268 1268 1273 1273 1273 1273 1273 1278 1278 1283 1283
    1283 1283 1283 1283 1283 1288 1288 1288 1292 1292 1292 3994 3994
    3994 0 1268 1268 1268 1259 1255 1250 1250 1250 1250 1250 1250 1255
    1255 1255 1255 1255 1255 1255 1255 1259 1259 1259 1264 1264 1264
    1264 1264 1264 1268 1264 1264 1268 1268 1268 1273 1273 1273 1273
    1273 1278 1278 1283 1283 1283 1283 1283 1288 1288 1288 1288 1288
