<?xml version="1.0"?>
<opencv_storage>
<Depth15646 type_id="opencv-matrix">
  <rows>39</rows>
  <cols>45</cols>
  <dt>w</dt>
  <data>
    2381 4089 4089 4139 4139 4139 4139 4139 2450 2450 2450 2450 2450
    2450 2450 2450 2450 2467 4190 4139 4139 4139 4139 4139 4139 4139
    4139 4139 4139 4139 4190 4190 4190 4190 4190 4139 4139 4139 4139
    4139 4139 4139 4190 4190 4190 2381 4139 4139 4139 4139 4139 4139
    4139 2432 2432 2450 2450 2450 2450 2450 2450 2450 2450 2467 2467
    4139 4139 4139 4139 4139 4139 4139 4139 4139 4139 4190 4190 4190
    4190 4190 4139 4139 4139 4139 4139 4139 4139 4139 4190 4190 2365
    4139 4139 4139 4139 4139 4139 2450 2432 2432 2432 2432 2432 2450
    2450 2450 2450 2450 2450 2450 2450 2450 4139 4139 4139 4139 4139
    4139 4139 4139 4190 4190 4190 4190 4190 4190 4190 4190 4190 4139
    4139 4139 4139 4139 4190 2349 4190 4190 4190 4190 2467 2467 2450
    2415 2415 2432 2432 2432 2432 2450 2450 2450 2450 2450 2450 2450
    2450 2450 2450 2450 4139 4139 4139 4139 4139 4190 4190 4190 4190
    4190 4190 4190 4190 4190 4139 4139 4139 4139 4139 4139 2349 2349
    4295 4295 4295 2467 2467 2450 2415 2415 2432 2432 2432 2432 2432
    2450 2450 2450 2450 2450 2450 2450 2450 2432 2432 2432 4139 4089
    4089 4139 4190 4190 4190 4190 4190 4190 4190 4190 4190 4190 4190
    4190 4139 4139 4139 2349 2349 4295 4295 4349 2381 2381 2398 2415
    2415 2415 2415 2415 2415 2415 2432 2450 2450 2450 2450 2450 2432
    2432 2432 2432 2432 2450 2450 4041 4041 4139 4190 4190 4190 4190
    4190 4190 4190 4190 4190 4190 4190 4139 4139 4139 2398 2398 2398
    2365 2381 2381 2381 2381 2398 2398 2398 2398 2398 2398 2415 2432
    2432 2450 2450 2432 2432 2432 2432 2432 2450 2450 2450 2450 2450
    2467 2467 4190 4139 4139 4139 4139 4139 4190 4190 4190 4190 4190
    4190 4139 4139 2398 2398 0 2365 2365 2365 2365 2365 2381 2398 2398
    2398 2398 2398 2398 2398 2415 2432 2432 2432 2432 2432 2432 2432
    2450 2450 2450 2450 2450 2467 2467 2467 2467 4139 4139 4139 4139
    4190 4190 4190 4190 4190 4190 4190 4190 3692 3692 0 2365 2365 2365
    2349 2349 2381 2381 2381 2381 2398 2398 2398 2398 2398 2398 2398
    2415 2432 2415 2415 2415 2432 2432 2450 2450 2450 2467 2467 2467
    2467 2467 2467 2467 4139 4190 4190 4190 4190 4190 4190 4190 4190
    3692 3692 2381 2333 2333 2333 2333 2333 2349 2349 2365 2381 2398
    2398 2398 2381 2381 2398 2398 2398 2415 2415 2415 2415 2415 2432
    2432 2432 2432 2450 2467 2467 2467 2467 2467 2467 2485 2485 4190
    4190 4190 4190 4190 4190 4190 3994 3994 2381 2333 2333 2333 2333
    2333 2333 2349 2349 2365 2381 2381 2381 2381 2381 2381 2381 2398
    2398 2398 2398 2398 2398 2415 2432 2415 2415 2432 2450 2467 2467
    2467 2467 2467 2467 2467 2485 4190 4139 4139 4139 4139 4190 3948
    3948 2349 2333 2333 2333 2317 2317 2333 2333 2333 2349 2381 2381
    2381 2381 2381 2381 2381 2381 2398 2398 2398 2398 2398 2398 2415
    2415 2415 2432 2450 2450 2450 2450 2450 2450 2467 2467 2467 2467
    2467 2467 2467 4139 4190 3948 2349 2333 2333 2333 2333 2317 2317
    2333 2333 2333 2349 2365 2365 2365 2381 2381 2381 2381 2381 2381
    2381 2381 2381 2398 2398 2398 2398 2398 2432 2450 2450 2450 2450
    2450 2450 2450 2450 2467 2467 2467 2467 2467 2467 2467 2333 2333
    2317 2317 2317 2317 2317 2333 2333 2333 2333 2333 2349 2365 2365
    2365 2365 2381 2381 2381 2381 2381 2381 2381 2398 2398 2398 2398
    2398 2415 2432 2432 2450 2450 2432 2432 2450 2450 2467 2467 2467
    2467 2467 2467 2467 2317 2317 2317 2317 2317 2317 2317 2317 2333
    2333 2333 2333 2349 2349 2349 2349 2349 2365 2365 2365 2381 2381
    2381 2381 2381 2381 2381 2398 2398 2415 2415 2432 2432 2432 2432
    2432 2450 2450 2450 2467 2467 2467 2467 2467 2467 2301 2301 2301
    2301 2301 2301 2317 2317 2317 2333 2333 2333 2333 2333 2333 2333
    2349 2349 2365 2365 2365 2365 2365 2381 2381 2381 2381 2398 2398
    2415 2415 2415 2415 2415 2432 2432 2432 2450 2450 2450 2467 2450
    2450 2450 2450 2286 2286 2286 2286 2286 2301 2301 2317 2317 2333
    2333 2333 2333 2333 2333 2333 2333 2333 2349 2349 2349 2365 2365
    2365 2365 2381 2381 2381 2381 2415 2415 2415 2415 2415 2415 2415
    2415 2432 2432 2450 2450 2450 2450 2450 2450 2286 2286 2286 2286
    2286 2286 2301 2317 2317 2317 2317 2317 2317 2333 2333 2333 2333
    2333 2333 2333 2349 2349 2349 2365 2365 2365 2381 2381 2381 2398
    2398 2398 2398 2398 2415 2415 2415 2432 2432 2432 2432 2432 2432
    2415 2415 2301 2301 2286 2286 2286 2286 2301 2301 2317 2317 2317
    2317 2317 2317 2317 2333 2333 2333 2333 2333 2333 2333 2349 2349
    2349 2365 2365 2365 2398 2398 2398 2398 2398 2398 2398 2415 2415
    2415 2415 2415 2415 2415 2432 2415 2415 2317 2301 2301 2286 2286
    2286 2301 2301 2301 2301 2317 2317 2317 2317 2317 2317 2333 2333
    2333 2333 2333 2333 2333 2333 2333 2349 2349 2349 2398 2398 2398
    2398 2398 2398 2398 2398 2398 2398 2415 2415 2415 2415 2432 2415
    2415 2333 2317 2317 2301 2301 2301 2301 2301 2301 2301 2317 2317
    2317 2317 2317 2317 2317 2333 2333 2333 2333 2333 2333 2333 2333
    2333 2333 2349 2365 2365 2381 2381 2381 2398 2398 2398 2398 2398
    2398 2415 2415 2415 2415 2415 4190 2333 2333 2317 2317 2317 2301
    2301 2317 2301 2301 2317 2317 2317 2301 2301 2301 2317 2317 2317
    2317 2317 2317 2333 2333 2333 2333 2333 2333 2365 2365 2365 2365
    2381 2381 2398 2398 2398 2398 2398 2398 2398 2415 2415 2415 4190
    2333 2333 2333 2333 2317 2317 2317 2317 2301 2301 2317 2301 2301
    2301 2301 2301 2317 2317 2317 2317 2317 2317 2333 2333 2333 2333
    2333 2333 2365 2365 2365 2365 2365 2381 2381 2398 2398 2398 2398
    2398 2398 2415 2415 2415 4139 2333 2333 2333 2333 2333 2317 2317
    2317 2317 2317 2317 2301 2301 2301 2301 2301 2301 2301 2301 2317
    2317 2317 2317 2317 2317 2333 2333 2333 2349 2349 2349 2349 2365
    2365 2365 2381 2398 2398 2398 2398 2398 2398 2415 4139 4139 2333
    2349 2349 2349 2349 2349 2333 2333 2317 2317 2317 2317 2301 2301
    2301 2301 2301 2301 2301 2317 2317 2317 2317 2317 2317 2317 2333
    2333 2349 2349 2349 2349 2349 2365 2365 2381 2381 2381 2381 2381
    2381 2381 2398 4190 4190 4089 4041 2365 2365 2365 2365 2349 2333
    2333 2333 2333 2317 2301 2301 2301 2301 2301 2301 2301 2317 2317
    2301 2301 2301 2301 2317 2317 2317 2333 2349 2349 2349 2349 2349
    2365 2365 2365 2365 2365 2365 2381 2381 2398 4139 4190 4089 4089
    4089 2365 2365 2365 2349 2349 2333 2333 2333 2333 2333 2333 2317
    2317 2317 2317 2317 2317 2317 2301 2301 2301 2301 2301 2317 2317
    2333 2333 2333 2333 2349 2349 2349 2349 2349 2349 2349 2349 2365
    2365 4139 4139 4190 4139 4089 4089 4089 4139 2333 2317 2317 2317
    2349 2349 2349 2333 2333 2333 2333 2333 2333 2333 2317 2317 2317
    2301 2301 2301 2301 2317 2317 2333 2333 2333 2333 2333 2333 2333
    2349 2349 2349 2349 2349 2365 2365 4139 4190 4190 4139 4089 4089
    4089 4139 2333 2317 2317 2317 2365 2365 2365 2349 2333 2333 2333
    2333 2333 2333 2333 2317 2317 2301 2301 2301 2301 2317 2317 2333
    2333 2333 2333 2333 2333 2333 2333 2333 2333 2333 2333 2365 4139
    4139 4190 4190 4139 4139 4139 4139 4139 4139 4139 4139 4089 2365
    2365 2381 2365 2349 2349 2333 2333 2333 2333 2333 2333 2317 2317
    2317 2317 2317 2317 2317 2333 2333 2333 2333 2333 2333 2333 2333
    2333 2333 2333 2333 2365 4190 4190 4190 4190 4139 4139 4139 4139
    4139 4139 4139 4139 4139 4139 4139 2381 2381 2365 2349 2349 2349
    2349 2349 2333 2333 2333 2333 2317 2317 2317 2317 2317 2333 2333
    2333 2333 2333 2333 2333 2333 2333 2333 2333 2333 4190 4190 4190
    4190 4190 4139 4139 4139 4139 4139 4139 4139 4089 4089 4139 4089
    4089 4139 2365 2365 2349 2349 2349 2349 2349 2349 2333 2333 2333
    2333 2317 2317 2317 2333 2333 2333 2333 2333 2317 2317 2317 2333
    2333 2333 2333 4241 4190 4190 4190 4190 4139 4139 4139 4139 4139
    4139 4139 4089 4089 4139 4089 4089 4139 4139 4139 4139 2349 2349
    2365 2365 2349 2349 2349 2333 2333 2333 2333 2333 2333 2333 2333
