<?xml version="1.0"?>
<opencv_storage>
<Depth17218 type_id="opencv-matrix">
  <rows>91</rows>
  <cols>39</cols>
  <dt>w</dt>
  <data>
    3539 3539 3539 3539 3539 3503 3503 3503 3503 3468 3433 3433 3433
    3433 1273 1268 1255 1197 1197 1197 1197 1197 1392 1376 1376 1365
    1359 1359 1343 1338 1338 1343 1354 1359 1359 1381 1387 3333 3333
    3539 3539 3539 3539 3539 3503 3503 3503 3539 3503 1255 1255 1255
    1268 1273 1268 1255 1255 1193 1193 1193 1185 1185 1376 1376 1365
    1273 1273 1343 1338 1333 1333 1333 1354 1359 1376 1376 1376 1376
    3539 3539 3539 3539 3539 3539 3539 1241 1236 1236 1241 1250 1259
    1268 1273 1268 1255 1255 1255 1193 1193 1185 1185 1193 1193 1283
    1273 1273 1278 1278 1292 1292 1297 1343 1354 1370 1370 1370 0 3539
    3539 3539 3539 3539 3539 1236 1236 1236 1236 1236 1236 1241 1259
    1259 1264 1255 1255 1193 1189 1189 1189 1189 1193 1202 1206 1206
    1259 1259 1259 1264 1288 1292 1312 1354 1365 1365 1365 3333 3539
    3503 1214 1214 1214 1223 1223 1232 1232 1232 1227 1227 1232 1236
    1241 1241 1259 1259 1185 1185 1185 1185 1185 1189 1197 1202 1206
    1219 1236 1250 1255 1283 1288 1312 1343 1349 1359 1359 3333 3539
    1214 1214 1214 1214 1214 1214 1214 1219 1219 1219 1210 1210 1206
    1206 1223 1223 1189 1185 1185 1185 1185 1185 1185 1197 1197 1202
    1219 1236 1245 1250 1283 1288 1328 1343 1349 1359 1359 3333 1214
    1214 1214 1210 1210 1210 1206 1206 1206 1206 1206 1202 1202 1197
    1197 1197 1197 1189 1185 1185 1181 1181 1177 1177 1181 1185 1193
    1206 1232 1241 1250 1283 1288 1328 1343 1349 1359 1359 3333 1210
    1210 1214 1210 1210 1206 1206 1202 1202 1202 1202 1197 1197 1193
    1193 1193 1189 1185 1181 1181 1181 1181 1177 1177 1177 1181 1185
    1206 1227 1241 1250 1283 1283 1328 1343 1349 1354 1354 3333 1210
    1210 1214 1210 1206 1206 1206 1202 1202 1202 1197 1197 1197 1193
    1189 1189 1189 1185 1181 1181 1181 1177 1177 1173 1173 1181 1185
    1210 1227 1236 1250 1283 1283 1328 1349 1349 1354 1354 3333 1214
    1214 1214 1210 1206 1206 1206 1206 1202 1202 1197 1197 1197 1193
    1189 1189 1189 1185 1181 1181 1181 1177 1177 1173 1173 1177 1193
    1210 1227 1236 1250 1283 1288 1292 1343 1349 1354 1354 3333 1214
    1214 1214 1214 1210 1210 1206 1206 1202 1202 1197 1197 1197 1193
    1193 1189 1189 1185 1185 1181 1181 1177 1177 1177 1177 1177 1193
    1214 1227 1236 1245 1283 1288 1292 1343 1349 1349 1349 3333 1214
    1214 1214 1214 1210 1210 1210 1206 1202 1202 1197 1197 1197 1193
    1193 1189 1189 1185 1185 1181 1181 1181 1177 1177 1177 1181 1193
    1210 1227 1236 1245 1278 1288 1292 1338 1343 1349 1349 3333 1214
    1214 1214 1214 1210 1210 1210 1206 1206 1202 1202 1197 1197 1197
    1193 1189 1189 1185 1185 1181 1181 1181 1177 1177 1177 1181 1193
    1210 1219 1227 1259 1278 1283 1297 1338 1343 1349 1349 3333 1219
    1219 1219 1214 1214 1210 1210 1206 1202 1202 1202 1197 1197 1197
    1193 1189 1189 1185 1185 1181 1181 1181 1181 1181 1181 1185 1193
    1210 1219 1223 1264 1273 1278 1297 1338 1349 1365 1365 3333 0 1223
    1223 1219 1214 1210 1210 1206 1202 1202 1202 1197 1197 1197 1193
    1189 1189 1185 1185 1181 1181 1181 1181 1181 1181 1185 1189 1210
    1219 1223 1255 1273 1278 1322 1333 1354 1365 1365 3333 0 1219 1219
    1219 1214 1214 1210 1206 1206 1202 1202 1197 1197 1197 1197 1193
    1189 1185 1185 1181 1181 1181 1181 1181 1181 1185 1189 1206 1219
    1236 1250 1273 1278 1322 1333 1354 1365 1370 1370 0 1219 1219 1214
    1214 1210 1210 1206 1206 1202 1202 1197 1197 1197 1197 1197 1189
    1185 1185 1181 1181 1181 1181 1181 1181 1185 1189 1202 1219 1236
    1250 1273 1278 1322 1338 1349 1359 1365 1365 0 1214 1214 1214 1214
    1210 1210 1210 1206 1202 1202 1197 1197 1197 1197 1197 1189 1189
    1185 1185 1181 1181 1181 1181 1181 1185 1189 1197 1227 1245 1250
    1273 1292 1317 1338 1349 1354 1359 1359 0 1214 1214 1214 1214 1210
    1210 1210 1206 1202 1202 1202 1197 1197 1197 1197 1189 1189 1185
    1185 1185 1181 1181 1181 1181 1185 1193 1197 1227 1245 1250 1278
    1292 1302 1343 1349 1354 1359 1359 0 1214 1214 1214 1214 1214 1210
    1206 1206 1202 1202 1202 1197 1197 1197 1193 1193 1189 1185 1185
    1185 1181 1181 1181 1181 1185 1193 1202 1227 1241 1250 1278 1288
    1297 1343 1349 1354 1359 1359 0 1214 1214 1214 1214 1214 1210 1206
    1206 1202 1202 1197 1197 1197 1197 1193 1189 1189 1185 1185 1185
    1181 1181 1181 1181 1181 1193 1206 1214 1241 1250 1283 1288 1292
    1343 1354 1359 1359 1359 0 0 1219 1219 1214 1214 1210 1206 1206 1202
    1202 1197 1197 1197 1193 1193 1189 1189 1185 1185 1185 1181 1177
    1177 1177 1181 1193 1202 1214 1241 1255 1278 1288 1292 1338 1349
    1365 1370 1370 0 0 1219 1219 1219 1214 1210 1206 1206 1202 1202 1197
    1197 1197 1193 1193 1189 1189 1185 1185 1185 1181 1177 1177 1177
    1181 1193 1202 1210 1241 1255 1278 1288 1292 1333 1349 1365 1370
    1370 0 1214 1214 1219 1219 1214 1210 1206 1206 1202 1202 1202 1197
    1197 1193 1193 1189 1189 1185 1185 1185 1181 1181 1181 1181 1181
    1193 1202 1210 1241 1259 1278 1288 1297 1333 1343 1359 1370 1370 0
    1214 1214 1219 1219 1214 1210 1206 1206 1202 1202 1202 1197 1197
    1193 1193 1189 1189 1185 1185 1185 1181 1181 1181 1181 1185 1193
    1202 1214 1236 1255 1278 1288 1322 1333 1343 1359 1370 1370 0 1214
    1214 1219 1219 1214 1210 1206 1206 1202 1202 1202 1197 1197 1193
    1193 1193 1189 1185 1185 1185 1181 1181 1181 1181 1185 1193 1202
    1214 1236 1255 1278 1288 1317 1333 1338 1359 1365 1365 0 1214 1214
    1219 1219 1214 1210 1206 1206 1202 1202 1202 1197 1197 1193 1193
    1193 1189 1189 1185 1185 1185 1181 1181 1181 1185 1193 1206 1219
    1227 1255 1278 1288 1317 1333 1338 1354 1365 1365 0 1214 1214 1219
    1219 1214 1210 1210 1206 1206 1202 1202 1197 1197 1197 1193 1193
    1189 1189 1185 1185 1185 1181 1181 1181 1185 1193 1206 1219 1227
    1255 1278 1288 1302 1333 1343 1354 1370 1370 0 1214 1214 1214 1214
    1214 1210 1210 1206 1206 1202 1202 1202 1197 1197 1193 1193 1189
    1189 1185 1185 1185 1181 1181 1181 1185 1193 1206 1223 1232 1264
    1273 1288 1292 1333 1343 1354 1370 1370 0 1214 1214 1214 1214 1214
    1214 1210 1210 1206 1202 1202 1202 1197 1197 1193 1193 1193 1189
    1185 1185 1185 1181 1181 1181 1185 1197 1214 1223 1232 1264 1273
    1288 1292 1328 1343 1354 1376 1376 0 1214 1214 1214 1214 1214 1214
    1210 1210 1206 1202 1202 1202 1197 1197 1193 1193 1193 1189 1185
    1185 1185 1181 1181 1181 1185 1193 1214 1223 1232 1264 1278 1288
    1297 1328 1349 1365 1376 1376 0 1214 1214 1214 1214 1214 1214 1210
    1210 1206 1202 1202 1202 1197 1193 1193 1193 1193 1189 1185 1185
    1185 1181 1181 1181 1185 1193 1210 1223 1236 1255 1278 1288 1297
    1328 1349 1365 1376 1376 0 1214 1214 1219 1214 1214 1210 1210 1210
    1206 1206 1202 1202 1197 1193 1193 1189 1189 1189 1185 1185 1185
    1185 1181 1181 1185 1189 1206 1223 1236 1255 1278 1288 1292 1333
    1354 1365 1370 1370 0 1219 1219 1219 1214 1214 1210 1210 1210 1206
    1206 1202 1202 1197 1193 1193 1189 1189 1189 1185 1185 1185 1181
    1181 1181 1185 1189 1206 1219 1236 1255 1278 1283 1288 1349 1354
    1359 1370 1370 0 1219 1219 1219 1214 1214 1214 1210 1210 1206 1206
    1202 1202 1197 1193 1193 1189 1189 1189 1185 1185 1185 1181 1181
    1181 1185 1189 1206 1219 1236 1255 1278 1283 1288 1349 1354 1354
    1365 1365 0 1219 1219 1219 1214 1214 1214 1210 1210 1206 1206 1206
    1202 1197 1197 1193 1189 1189 1189 1189 1185 1185 1185 1181 1181
    1185 1189 1210 1214 1232 1255 1278 1283 1288 1343 1349 1354 1365
    1365 0 1219 1219 1219 1214 1214 1214 1210 1210 1210 1206 1206 1202
    1197 1197 1197 1193 1193 1189 1189 1185 1185 1185 1181 1181 1185
    1189 1210 1214 1227 1255 1283 1283 1292 1333 1343 1354 1370 1370 0
    1219 1219 1219 1214 1214 1214 1214 1210 1210 1206 1206 1202 1197
    1197 1197 1193 1193 1189 1185 1185 1185 1185 1185 1185 1185 1189
    1210 1214 1227 1250 1273 1278 1312 1328 1338 1354 1370 1392 0 1219
    1219 1219 1214 1214 1214 1214 1214 1210 1210 1206 1202 1197 1197
