<?xml version="1.0"?>
<opencv_storage>
<Depth9125 type_id="opencv-matrix">
  <rows>7</rows>
  <cols>11</cols>
  <dt>w</dt>
  <data>
    6497 6497 6497 6497 6497 6497 6497 6497 6375 6375 6375 6497 6375
    6375 6375 6497 6497 6497 6375 6375 6259 6259 6375 6375 6375 6375
    6497 6497 6497 6375 6375 6259 6259 6375 6259 6259 6375 6497 6497
    6497 6375 6259 6259 6259 6259 6259 6259 6375 6497 6497 6497 6375
    6259 6259 0 6146 6259 6259 6375 6497 6497 6497 6497 0 0 0 4842 6259
    6259 6375 6497 6497 6497 0 0 0 0</data></Depth9125>
</opencv_storage>
