<?xml version="1.0"?>
<opencv_storage>
<Depth14123 type_id="opencv-matrix">
  <rows>59</rows>
  <cols>66</cols>
  <dt>w</dt>
  <data>
    5933 5933 5832 5734 5734 5640 5640 5640 1696 1680 1680 1680 1680
    1671 1663 1655 1655 5291 5291 5291 5291 5291 5291 5210 5210 5210
    5210 5132 5132 5056 5056 5056 5056 4983 4983 4983 4983 4983 4911
    4842 4842 4842 4774 4774 4774 4774 4774 4708 4708 4645 4645 4645
    4645 4645 4582 4582 4582 4522 4522 4522 4522 4522 4522 4522 4463
    4463 5933 6038 5933 5832 5832 5734 5640 1705 1696 1688 1680 1680
    1680 1671 1663 1655 1655 1663 1663 5291 5291 5291 5291 5291 5210
    5210 5210 5132 5056 5056 5056 5056 5056 4983 4983 4983 4983 4983
    4983 4911 4842 4842 4774 4774 4774 4774 4774 4774 4708 4708 4645
    4645 4645 4645 4582 4582 4582 4582 4582 4582 4522 4522 4522 4522
    4522 4463 5933 6038 6038 6038 5832 5734 5734 1705 1696 1688 1680
    1680 1680 1671 1663 1663 1663 1663 1663 5374 5374 5374 5291 5291
    5291 5210 5210 5132 5056 5056 5056 5056 5056 4983 4983 4983 4983
    4983 4983 4911 4842 4774 4774 4774 4774 4774 4774 4774 4708 4708
    4708 4645 4645 4645 4645 4645 4582 4582 4582 4582 4522 4522 4522
    4522 4522 4522 5933 6038 6038 6038 6146 1713 1705 1705 1696 1688
    1680 1680 1680 1671 1671 1671 1671 1671 1671 1671 5374 5374 5291
    5291 5291 5210 5210 5132 5132 5056 5056 5056 5056 5056 4983 4983
    4983 4983 4983 4911 4911 4774 4774 4774 4774 4774 4774 4774 4708
    4708 4708 4645 4645 4645 4645 4645 4645 4582 4582 4582 4522 4522
    4522 4522 4522 4522 6038 6038 1722 1722 1713 1713 1705 1705 1696
    1696 1688 1680 1680 1680 1680 1671 1671 1671 1663 1663 1663 5374
    5291 5291 5291 5291 5210 5132 5132 5056 5056 5056 5056 5056 5056
    4983 4983 4983 4983 4983 4911 4842 4842 4842 4842 4842 4774 4774
    4774 4774 4708 4708 4645 4645 4645 4645 4645 4645 4582 4582 4522
    4522 4582 4582 4522 4522 6038 6146 1713 1713 1713 1705 1705 1696
    1696 1696 1688 1688 1680 1680 1680 1671 1671 1671 1663 1663 1663
    1663 5291 5291 5291 5291 5210 5210 5210 5132 5132 5132 5056 5056
    5056 4983 4983 4983 4983 4983 4911 4911 4842 4842 4842 4842 4842
    4774 4774 4774 4774 4708 4708 4708 4708 4708 4708 4645 4645 4582
    4582 4582 4582 4582 4522 4522 6038 1722 1713 1713 1713 1705 1705
    1696 1696 1688 1688 1680 1680 1680 1671 1671 1671 1671 1663 1663
    1663 1647 1647 5291 5291 5291 5291 5210 5210 5210 5132 5132 5132
    5056 5056 4983 4983 4983 4983 4983 4983 4911 4911 4911 4842 4842
    4842 4774 4774 4774 4774 4708 4708 4708 4708 4708 4708 4708 4645
    4645 4582 4582 4582 4522 4522 4522 5933 1722 1713 1713 1713 1705
    1696 1688 1688 1688 1688 1680 1680 1680 1671 1671 1671 1671 1663
    1663 1663 1647 1647 1647 1655 5291 5291 5291 5210 5210 5210 5132
    5132 5056 5056 4983 4983 4983 4983 4983 4983 4983 4911 4911 4842
    4842 4842 4774 4774 4774 4774 4774 4774 4774 4774 4708 4708 4708
    4708 4645 4645 4645 4582 4522 4522 4522 1722 1722 1713 1713 1713
    1705 1696 1688 1688 1688 1688 1680 1680 1680 1671 1671 1671 1671
    1663 1663 1663 1655 1655 1655 1655 1647 1647 5291 5291 5291 5210
    5210 5132 5132 5056 5056 5056 4983 4983 4983 4983 4983 4911 4911
    4842 4774 4774 4774 4774 4774 4774 4774 4774 4708 4708 4708 4708
    4708 4708 4645 4645 4645 4582 4522 4522 4522 1722 1722 1713 1713
    1713 1705 1705 1688 1688 1688 1688 1688 1680 1680 1671 1671 1671
    1671 1663 1663 1663 1655 1655 1655 1647 1647 1639 1639 1639 5210
    5210 5210 5132 5132 5132 5056 5056 5056 5056 4983 4983 4911 4911
    4911 4842 4774 4774 4774 4774 4774 4774 4774 4774 4708 4708 4708
    4708 4708 4708 4645 4645 4645 4582 4582 4522 4522 1722 1722 1713
    1713 1713 1713 1705 1705 1696 1696 1688 1688 1688 1688 1680 1671
    1671 1671 1663 1663 1663 1655 1655 1655 1647 1647 1639 1639 1639
    5210 5210 5210 5132 5132 5132 5056 5056 5056 5056 4983 4983 4911
    4911 4911 4911 4842 4842 4842 4842 4774 4774 4774 4774 4708 4708
    4708 4708 4708 4708 4645 4645 4582 4582 4582 4582 4582 1722 1722
    1713 1713 1713 1713 1705 1705 1696 1696 1688 1688 1688 1688 1680
    1671 1671 1671 1671 1663 1663 1663 1655 1655 1647 1647 1639 1639
    1639 1639 1624 1624 5210 5210 5132 5056 5056 5056 5056 4983 4983
    4983 4911 4911 4911 4842 4842 4842 4842 4774 4774 4774 4774 4774
    4708 4708 4708 4708 4708 4645 4645 4582 4582 4582 4582 4582 1722
    1722 1722 1713 1713 1713 1713 1705 1705 1696 1696 1688 1688 1688
    1680 1671 1671 1671 1671 1663 1663 1663 1655 1655 1647 1647 1647
    1639 1632 1624 1624 1624 1632 5210 5210 5056 5056 5056 5056 5056
    4983 4983 4983 4983 4911 4911 4911 4842 4842 4774 4774 4774 4774
    4774 4774 4708 4708 4708 4708 4708 4645 4645 4645 4645 4582 4582
    1731 1731 1722 1713 1713 1713 1713 1705 1705 1696 1696 1688 1688
    1688 1680 1671 1671 1671 1671 1671 1663 1663 1655 1655 1647 1647
    1647 1639 1632 1624 1624 1632 1632 1632 1632 5056 5056 5132 5056
    5056 4983 4983 4983 4983 4983 4911 4911 4911 4911 4842 4774 4774
    4774 4774 4774 4708 4708 4708 4708 4708 4645 4645 4645 4645 4645
    4582 1731 1731 1731 1722 1713 1713 1713 1705 1705 1705 1705 1696
    1696 1688 1680 1680 1680 1671 1671 1671 1663 1663 1655 1655 1647
    1647 1647 1639 1639 1632 1632 1632 1632 1632 1632 5132 5132 5132
    5056 5056 5056 5056 4983 4983 4983 4911 4911 4911 4911 4911 4842
    4842 4842 4774 4774 4708 4708 4708 4708 4708 4708 4708 4645 4645
    4645 4582 6259 6259 1731 1722 1713 1713 1705 1705 1705 1705 1705
    1705 1696 1688 1680 1680 1671 1671 1671 1671 1671 1663 1655 1655
    1647 1647 1647 1639 1639 1639 1639 1624 1624 1624 1632 1632 5132
    5132 5132 5056 5056 5056 4983 4983 4983 4983 4983 4983 4911 4911
    4911 4911 4842 4842 4774 4774 4708 4708 4708 4708 4708 4708 4708
    4645 4645 4582 6259 6259 6146 6038 1713 1713 1705 1705 1705 1705
    1705 1705 1696 1688 1680 1680 1671 1671 1671 1671 1671 1663 1663
    1655 1655 1647 1647 1639 1639 1639 1639 1624 1624 1624 1616 1616
    1616 5132 5132 5056 5056 5056 5056 4983 4983 4983 4983 4983 4983
    4983 4911 4911 4842 4842 4774 4774 4774 4708 4708 4708 4708 4645
    4645 4645 4645 4645 6259 6259 6146 6038 1722 1713 1713 1705 1705
    1705 1705 1705 1696 1688 1680 1680 1680 1680 1671 1671 1671 1663
    1663 1655 1647 1647 1647 1647 1639 1639 1639 1632 1624 1624 1616
    1616 1616 1609 5056 5056 5056 4983 4983 4983 4983 4983 4983 4983
    4983 4983 4983 4911 4842 4842 4842 4774 4774 4774 4708 4708 4708
    4645 4645 4645 4645 4645 6259 6259 6146 6146 6146 6146 1713 1705
    1705 1705 1705 1705 1696 1688 1680 1680 1680 1680 1671 1671 1671
    1663 1663 1655 1647 1647 1647 1647 1639 1639 1639 1632 1632 1624
    1616 1616 1616 1609 1609 1609 4983 4983 4983 4983 4983 4983 4983
    4983 4983 4983 4983 4911 4842 4842 4842 4774 4774 4774 4708 4708
    4708 4645 4645 4645 4708 4708 6259 6259 6146 6146 6146 6146 1722
    1713 1713 1705 1705 1705 1696 1688 1680 1680 1680 1680 1671 1671
    1671 1663 1663 1655 1655 1655 1647 1647 1647 1639 1639 1632 1632
    1624 1616 1616 1616 1609 1609 1616 1616 4983 4983 4983 4983 4983
    5056 5056 4983 4983 4983 4983 4842 4842 4842 4774 4774 4774 4774
    4708 4708 4645 4645 4708 4708 4708 6259 6375 6259 6259 6146 6146
    6146 6146 1713 1705 1705 1696 1696 1688 1680 1680 1680 1680 1680
    1671 1671 1671 1663 1663 1655 1655 1647 1647 1647 1639 1639 1639
    1632 1632 1624 1624 1624 1616 1616 1616 1609 1609 1609 5056 5056
    5056 5056 5056 5056 4983 4983 4983 4842 4842 4842 4842 4774 4774
    4774 4708 4708 4708 4708 4708 4708 4708 6375 6375 6375 6259 6259
    6259 6146 6146 6146 1705 1705 1696 1696 1688 1688 1680 1680 1680
    1680 1671 1671 1671 1671 1663 1655 1655 1647 1647 1647 1639 1639
    1639 1639 1632 1632 1632 1632 1624 1616 1616 1609 1609 1609 1609
    5056 5056 5056 5056 4983 4983 4983 4983 4911 4842 4774 4774 4708
    4708 4774 4774 4774 4708 4708 4774 4774 4708 6497 6497 6375 6259
    6259 6259 6146 6146 6146 6146 6146 1696 1696 1696 1688 1688 1680
    1680 1680 1680 1671 1671 1671 1671 1663 1663 1655 1647 1647 1639
