<?xml version="1.0"?>
<opencv_storage>
<Depth18755 type_id="opencv-matrix">
  <rows>40</rows>
  <cols>11</cols>
  <dt>w</dt>
  <data>
    2680 2639 2639 2639 2598 2598 2618 2598 2560 2522 2522 2618 2618
    2618 2618 2618 2618 2598 2598 2560 2541 2541 2598 2598 2598 2598
    2598 2598 2598 2579 2541 2522 2522 2579 2598 2598 2579 2579 2579
    2579 2560 2541 2522 2503 2579 2579 2579 2560 2560 2560 2541 2541
    2522 2503 2485 2560 2541 2541 2541 2541 2541 2541 2522 2485 2485
    2485 2541 2541 2541 2541 2522 2522 2522 2503 2485 2485 2485 2541
    2541 2522 2522 2522 2503 2467 2467 2467 2467 2467 2522 2522 2522
    2503 2503 2467 2467 2450 2450 2450 2450 2522 2503 2503 2485 2467
    2467 2467 2450 2432 2432 2415 2522 2503 2503 2467 2467 2450 2450
    2432 2415 2415 2398 2503 2467 2450 2450 2450 2450 2450 2415 2415
    2398 2398 2485 2467 2450 2450 2432 2432 2432 2398 2398 2398 2381
    2415 2415 2432 2415 2415 2415 2398 2398 2381 2365 2365 2415 2398
    2398 2415 2415 2398 2398 2398 2381 2365 2349 1748 2398 2398 2398
    2398 2381 2381 2381 2365 2365 2349 1748 2398 2398 2398 2381 2381
    2381 2381 2365 2349 2333 1748 2381 2381 2381 2365 2365 2365 2365
    2365 2349 2317 1739 2381 2381 2365 2349 2349 2333 2333 2333 2317
    2301 2381 2365 2365 2349 2333 2333 2333 2317 2317 2317 2286 2381
    2349 2349 2333 2317 2317 2317 2317 2317 2286 2271 2365 2349 2333
    2333 2317 2301 2301 2301 2286 2271 2271 2349 2333 2333 2317 2301
    2286 2286 2286 2271 2256 2256 2349 2333 2317 2301 2286 2271 2271
    2271 2271 2256 2256 1731 2333 2317 2286 2271 2271 2271 2256 2256
    2256 2241 1722 1722 2301 2286 2271 2271 2256 2256 2241 2241 2226
    1722 1722 2271 2271 2256 2256 2256 2241 2226 2226 2212 1722 1722
    2271 2256 2256 2241 2226 2212 2212 2212 2198 1722 1722 2256 2241
    2241 2241 2212 2212 2198 2198 2184 1731 1731 2241 2241 2226 2212
    2212 2198 2198 2198 2184 1731 1731 2241 2241 2212 2212 2198 2184
    2184 2198 2184 1731 1731 2226 2226 2198 2198 2184 2170 2170 2170
    2184 1722 1722 2212 2212 2198 2184 2170 2156 2156 2156 2184 1722
    1722 1722 2212 2184 2170 2170 2156 2156 2129 2129 1722 1722 1722
    2198 2170 2156 2156 2143 2116 2116 2129 1713 1713 1713 1713 2156
    2156 2143 2129 2116 2116 0 1713 1705 1705 1705 2143 2143 2143 2129
    2090 2028 2028 1713 1705 1705 1705 2143 2143 2129 2116 2090 2028
    2028 1705 1705 1688 1688 2143 2143 2116 2103 2090 2090 0 1370 1359
    1359 1688 2129 2129 2116 1328 1328 2090 0</data></Depth18755>
</opencv_storage>
