<?xml version="1.0"?>
<opencv_storage>
<Depth9346 type_id="opencv-matrix">
  <rows>94</rows>
  <cols>64</cols>
  <dt>w</dt>
  <data>
    4295 4349 4349 1077 1077 4295 4349 4349 4349 4349 4349 4349 4349
    1013 1010 1007 1007 4295 4241 4241 4241 4241 4241 4190 4190 4241
    4139 4139 4139 4139 4190 4190 4190 4190 4241 4190 4190 4190 1063
    1063 1063 1050 4190 4190 4139 4041 4041 1087 1087 1094 1094 1101
    1101 1101 1101 1101 1101 1101 1101 1090 1090 1090 4041 4041 4295
    4349 1073 1070 1070 4295 4295 1054 1028 1028 1001 1010 1010 1010
    1010 1007 1007 1007 1013 1013 1013 1013 1013 1016 1016 4139 4139
    4139 4139 4139 4139 1028 1028 1028 1028 1028 1028 1050 1050 1050
    1050 1050 1047 1063 1073 1073 1070 1070 1070 1084 1084 1090 1084
    1084 1090 1090 1090 1090 1090 1090 1090 1090 1090 1090 1073 1073
    1073 1067 1060 1054 1054 1054 1028 1028 1001 1001 1007 1007 1004
    1004 1004 1004 1004 1010 1010 1013 1013 1016 1016 1019 1022 1022
    1025 1025 1028 1028 1028 1028 1028 1028 1028 1031 1038 1041 1041
    1047 1047 1063 1063 1063 1067 1067 1067 1073 1073 1080 1080 1080
    1080 1080 1080 1090 1090 1090 1090 1090 1090 1090 1073 1070 1067
    1063 1054 1047 1038 1028 1028 1028 1001 1001 1001 1001 1001 1004
    1001 1001 1001 1010 1010 1013 1013 1016 1016 1016 1019 1019 1019
    1025 1025 1028 1028 1028 1028 1028 1028 1031 1038 1041 1041 1044
    1050 1057 1057 1057 1060 1063 1063 1067 1067 1073 1077 1077 1077
    1080 1080 1087 1090 1090 1094 1094 1094 1094 1073 1070 1067 1060
    1050 1047 1038 1028 1028 1013 1004 1001 1001 995 995 998 998 998
    1001 1007 1007 1010 1013 1013 1013 1013 1016 1019 1019 1025 1025
    1025 1028 1028 1028 1028 1031 1034 1038 1038 1041 1044 1050 1050
    1054 1054 1054 1060 1060 1067 1067 1073 1077 1077 1077 1080 1080
    1087 1090 1090 1094 1094 1094 1094 1073 1073 1070 1060 1050 1047
    1038 1028 1028 1013 1004 1001 1001 995 995 995 998 998 1001 1004
    1007 1007 1013 1013 1013 1013 1016 1019 1019 1025 1025 1025 1028
    1028 1028 1031 1034 1034 1038 1038 1041 1047 1050 1050 1054 1054
    1054 1057 1060 1067 1067 1073 1077 1077 1077 1080 1080 1084 1087
    1090 1094 1094 1094 1094 1073 1073 1073 1063 1050 1047 1038 1028
    1022 1013 1007 1004 1001 998 995 995 998 998 1001 1004 1007 1007
    1013 1013 1013 1013 1016 1019 1019 1022 1025 1025 1028 1028 1028
    1031 1034 1038 1038 1041 1041 1047 1050 1050 1054 1054 1054 1057
    1060 1063 1067 1070 1073 1077 1080 1080 1080 1084 1087 1090 1094
    1094 1097 1097 1073 1073 1073 1063 1050 1044 1038 1031 1022 1016
    1010 1004 1001 998 998 998 998 1001 1004 1004 1007 1010 1013 1013
    1013 1013 1016 1019 1019 1022 1025 1025 1025 1028 1028 1031 1034
    1034 1038 1041 1041 1047 1050 1050 1054 1054 1054 1057 1063 1063
    1067 1070 1073 1077 1077 1080 1080 1084 1087 1090 1094 1094 1097
    1097 1073 1073 1073 1063 1050 1044 1038 1028 1025 1016 1010 1004
    1001 998 998 998 998 1001 1004 1004 1004 1007 1013 1013 1013 1013
    1016 1019 1019 1022 1025 1025 1025 1028 1028 1031 1034 1034 1038
    1041 1044 1047 1050 1050 1054 1057 1057 1060 1063 1063 1067 1070
    1070 1073 1077 1080 1080 1084 1084 1087 1094 1094 1094 0 0 1073 1070
    1060 1050 1044 1038 1028 1025 1016 1007 1004 1001 998 998 998 998
    1001 1004 1004 1004 1007 1010 1010 1013 1013 1013 1016 1019 1019
    1025 1025 1028 1028 1031 1031 1038 1038 1038 1041 1044 1050 1050
    1050 1054 1057 1057 1060 1063 1063 1067 1070 1070 1073 1077 1080
    1080 1084 1084 1087 1094 1094 1094 1094 0 1073 1070 1057 1054 1047
    1038 1031 1025 1013 1007 1004 1001 998 998 998 998 1001 1004 1004
    1007 1007 1010 1010 1013 1013 1013 1016 1019 1019 1025 1025 1028
    1028 1031 1034 1038 1038 1038 1041 1047 1050 1050 1050 1054 1060
    1060 1060 1063 1063 1067 1070 1073 1077 1077 1080 1084 1084 1087
    1087 1090 1094 1094 0 0 1073 1070 1054 1054 1047 1038 1031 1025 1013
    1007 1004 1001 998 998 998 998 1004 1004 1004 1004 1007 1010 1010
    1013 1013 1016 1019 1022 1022 1025 1025 1028 1028 1031 1038 1038
    1038 1038 1041 1050 1050 1050 1050 1054 1057 1060 1060 1063 1063
    1067 1073 1073 1077 1077 1080 1084 1087 1087 1087 1090 1094 1094 0
    1087 1073 1070 1054 1054 1047 1034 1028 1025 1013 1007 1004 998 998
    998 998 998 1001 1004 1004 1004 1007 1010 1013 1013 1016 1016 1019
    1022 1022 1025 1025 1028 1028 1031 1034 1038 1038 1041 1041 1047
    1050 1050 1050 1054 1057 1060 1063 1063 1063 1067 1073 1073 1077
    1077 1080 1084 1087 1087 1090 1090 1094 1094 0 1084 1073 1070 1057
    1054 1041 1034 1028 1025 1013 1007 1004 998 998 998 998 998 1001
    1004 1004 1007 1007 1010 1013 1013 1016 1016 1019 1022 1022 1025
    1025 1028 1028 1031 1034 1038 1038 1041 1044 1047 1050 1050 1050
    1054 1057 1060 1063 1063 1063 1067 1073 1073 1077 1077 1080 1080
    1087 1087 1090 1090 1094 1097 0 1077 1073 1070 1057 1054 1041 1034
    1031 1025 1016 1007 1004 1001 998 998 998 998 1001 1004 1004 1007
    1007 1010 1013 1016 1016 1016 1019 1022 1022 1025 1025 1028 1031
    1034 1038 1038 1041 1041 1044 1047 1050 1050 1050 1054 1060 1063
    1063 1063 1063 1067 1073 1073 1077 1077 1080 1080 1087 1087 1090
    1090 1094 1097 0 1073 1073 1063 1057 1054 1041 1034 1031 1025 1019
    1007 1004 1001 998 998 998 998 1001 1004 1004 1007 1010 1013 1013
    1016 1016 1019 1019 1022 1022 1025 1028 1031 1031 1034 1038 1038
    1041 1041 1044 1047 1050 1050 1050 1054 1060 1060 1063 1063 1063
    1067 1073 1073 1077 1080 1080 1084 1084 1087 1090 1090 1094 1097 0
    1073 1073 1063 1057 1054 1044 1031 1028 1025 1019 1010 1001 998 998
    998 998 1001 1004 1004 1004 1007 1010 1013 1013 1013 1016 1019 1019
    1022 1022 1025 1028 1031 1031 1034 1038 1038 1041 1041 1044 1047
    1050 1050 1054 1054 1057 1060 1063 1063 1063 1067 1073 1073 1077
    1080 1080 1084 1084 1087 1087 1090 1094 1094 0 1084 1077 1063 1057
    1054 1044 1031 1028 1025 1019 1010 1001 998 998 998 998 1001 1004
    1004 1004 1010 1013 1013 1013 1013 1016 1019 1019 1025 1025 1028
    1028 1031 1034 1038 1038 1038 1041 1041 1044 1047 1050 1050 1054
    1054 1057 1060 1063 1063 1063 1067 1073 1077 1077 1080 1080 1084
    1087 1087 1087 1087 1094 1094 0 1084 1077 1063 1057 1054 1044 1031
    1028 1025 1019 1010 1001 998 998 998 998 998 1004 1004 1007 1010
    1013 1013 1013 1013 1016 1016 1019 1025 1025 1025 1028 1028 1031
    1034 1034 1038 1038 1041 1044 1050 1050 1050 1054 1054 1057 1063
    1063 1063 1063 1067 1073 1077 1077 1080 1080 1084 1087 1087 1087
    1087 1094 1094 0 1084 1077 1063 1057 1054 1044 1034 1028 1025 1019
    1010 1001 998 998 998 998 998 1004 1004 1007 1010 1013 1013 1013
    1013 1016 1016 1019 1025 1025 1025 1028 1028 1031 1034 1034 1038
    1038 1041 1047 1050 1050 1050 1054 1054 1057 1063 1063 1067 1067
    1067 1073 1077 1077 1080 1080 1084 1087 1087 1087 1087 1094 1094 0 0
    1077 1063 1054 1050 1044 1034 1028 1025 1019 1010 1004 1001 998 998
    998 1001 1004 1004 1007 1007 1013 1013 1013 1013 1016 1019 1019 1025
    1025 1025 1028 1028 1028 1034 1034 1038 1041 1044 1047 1050 1050
    1050 1054 1054 1057 1063 1063 1067 1067 1070 1073 1077 1077 1080
    1080 1084 1087 1087 1087 1087 1094 1094 0 0 1073 1063 1054 1050 1044
    1041 1031 1025 1019 1010 1004 1001 1001 998 998 1001 1004 1004 1004
    1007 1010 1013 1013 1013 1016 1016 1019 1022 1025 1025 1028 1028
    1028 1034 1034 1038 1041 1047 1047 1050 1050 1050 1054 1054 1057
    1060 1063 1063 1067 1070 1073 1077 1080 1080 1080 1084 1087 1087
    1090 1090 1094 1094 0 0 1073 1063 1057 1050 1044 1041 1031 1025 1019
    1010 1004 1001 998 998 1001 1001 1004 1004 1004 1007 1010 1010 1013
    1013 1016 1016 1019 1022 1025 1028 1028 1028 1031 1034 1038 1038
    1041 1044 1047 1050 1050 1050 1054 1054 1060 1060 1063 1063 1067
    1070 1073 1077 1080 1080 1084 1084 1084 1087 1090 1094 1094 1094 0 0
    1077 1063 1057 1054 1044 1041 1034 1025 1019 1010 1004 1001 998 998
    1001 1001 1004 1004 1004 1007 1010 1010 1013 1013 1016 1019 1019
