<?xml version="1.0"?>
<opencv_storage>
<Depth8192 type_id="opencv-matrix">
  <rows>25</rows>
  <cols>13</cols>
  <dt>w</dt>
  <data>
    6889 4241 4241 4190 4139 4089 4089 4089 4041 4041 4089 6889 6889
    4241 4190 4190 4190 4139 4041 4041 4041 4041 4041 4041 4041 4139
    4241 4190 4190 4190 4139 4041 4041 3994 3994 3994 3994 3994 3994
    6753 4190 4190 4190 4139 4041 4041 3994 3994 3994 3994 3994 3994
    6753 4190 4190 4190 4139 4089 4089 3994 3994 3994 3994 3994 3948
    6889 4190 4190 4139 4139 4139 4089 4041 4041 3994 3994 3994 3948
    6889 4241 4190 4139 4139 4089 4089 4041 4041 3994 3994 3994 3994
    7332 4190 4190 4190 4139 4089 4089 4041 3994 3994 3994 3994 3994
    7332 4190 4190 4190 4139 4089 4089 3994 3994 3994 3994 3994 3994
    7332 4139 4139 4139 4139 4089 4041 3994 3994 3994 3994 3994 3994
    7332 4139 4139 4139 4139 4089 4041 3994 3994 3994 3994 3994 3994
    7178 4139 4139 4139 4139 4089 4041 4041 3994 3994 3994 3994 4041
    7178 4190 4190 4139 4139 4089 4041 4041 4041 3994 3994 4041 4041
    7178 4241 4241 4190 4139 4089 4041 4041 4041 3994 3994 4041 4041
    4349 4241 4241 4190 4139 4139 4041 4041 4041 4041 4041 4041 4041
    4349 4241 4241 4190 4139 4089 4041 4041 4041 4041 3994 3994 3994
    4295 4241 4241 4190 4139 4089 4041 4041 4041 4041 3994 3994 3994
    4241 4241 4241 4190 4139 4089 4089 4089 4041 4041 3994 3994 3994
    4190 4190 4190 4190 4139 4089 4089 4089 4089 4041 4041 3994 3994
    4190 4190 4190 4190 4139 4089 4041 4041 4089 4089 4089 3994 3994
    4190 4190 4190 4190 4089 4089 4041 4041 4089 4089 4089 4089 4089
    7178 4241 4190 4190 4089 4089 4041 4041 4089 4089 4089 4139 4139
    7178 7178 4190 4190 4089 4089 4041 4041 4089 4089 4139 4139 4139
    7178 7178 7178 4190 4089 4089 4089 4089 4139 4139 4139 4139 4139
    7178 7178 7178 7178 4089 4089 4089 4089 0 4190 4190 4139 4139</data></Depth8192>
</opencv_storage>
