<?xml version="1.0"?>
<opencv_storage>
<Depth9979 type_id="opencv-matrix">
  <rows>108</rows>
  <cols>64</cols>
  <dt>w</dt>
  <data>
    0 0 0 0 0 0 0 0 0 0 0 0 0 0 0 0 0 0 0 0 0 0 0 1206 1202 1197 1193
    1185 1185 1181 1177 1173 1173 1169 1165 1157 1157 1149 1145 1145
    1141 1138 1130 1126 1123 1123 1123 1123 1123 1126 1134 1141 1141
    1149 1149 1153 0 0 0 0 0 0 0 0 0 0 0 0 0 0 0 0 0 0 0 0 0 0 0 0 0 0 0
    0 0 0 0 0 1202 1197 1189 1185 1185 1181 1173 1173 1173 1165 1161
    1157 1153 1149 1145 1145 1141 1138 1130 1126 1123 1123 1123 1123
    1123 1126 1134 1138 1138 1141 1141 1153 1161 1161 1169 0 0 0 0 0 0 0
    0 0 0 0 0 0 0 0 0 0 0 0 0 0 0 0 0 0 0 0 0 1197 1197 1197 1189 1189
    1185 1181 1173 1173 1169 1165 1157 1157 1153 1149 1149 1145 1141
    1138 1130 1126 1123 1123 1126 1126 1126 1126 1134 1134 1134 1134
    1141 1153 1161 1161 1169 1173 0 0 0 0 0 0 0 0 0 0 0 0 0 0 0 0 0 0 0
    0 0 0 0 0 0 0 0 1197 1197 1193 1189 1189 1185 1181 1173 1173 1169
    1165 1157 1157 1157 1153 1149 1145 1141 1141 1134 1134 1130 1126
    1126 1126 1126 1134 1134 1134 1134 1134 1145 1165 1165 1165 1169
    1173 1185 1189 0 0 0 0 0 0 0 0 0 0 0 0 0 0 0 0 0 0 0 0 0 0 0 0 0
    1189 1189 1193 1189 1189 1185 1181 1173 1173 1169 1169 1161 1161
    1157 1157 1157 1153 1153 1145 1145 1145 1141 1138 1138 1134 1134
    1138 1138 1134 1134 1145 1145 1165 1165 1169 1169 1173 1185 1189
    1189 1210 0 0 0 0 0 0 0 0 0 0 0 0 0 0 0 0 0 0 0 0 0 0 0 1189 1189
    1197 1193 1189 1185 1181 1181 1173 1169 1169 1165 1165 1165 1161
    1161 1157 1157 1153 1153 1149 1149 1149 1145 1141 1141 1141 1141
    1141 1145 1149 1149 1161 1173 1173 1173 1177 1185 1189 1189 1206 0 0
    0 0 0 0 0 0 0 0 0 0 0 0 0 0 0 0 0 0 0 0 0 0 1206 1202 1197 1193 1185
    1185 1185 1181 1173 1173 1173 1173 1173 1165 1165 1165 1165 1165
    1165 1157 1153 1153 1153 1153 1153 1149 1149 1153 1153 1153 1153
    1161 1173 1173 1173 1177 1189 1193 1197 1202 0 0 0 0 0 0 0 0 0 0 0 0
    0 0 0 0 0 0 0 0 0 0 0 0 1210 1206 1206 1202 1189 1189 1189 1189 1185
    1185 1185 1189 1189 1189 1189 1185 1181 1177 1169 1161 1157 1157
    1161 1165 1165 1161 1161 1161 1157 1157 1157 1169 1173 1177 1177
    1181 1189 1193 1197 1202 0 0 0 0 0 0 0 0 0 0 0 0 0 0 0 0 0 0 0 0 0 0
    0 0 1214 1214 1214 1214 1214 1202 1202 1193 1193 1197 1197 1202 1197
    1197 1197 1193 1189 1185 1173 1165 1165 1165 1169 1173 1173 1173
    1173 1169 1169 1169 1169 1173 1173 1177 1177 1181 1189 1189 1189
    1202 0 0 0 0 0 0 0 0 0 0 0 0 0 0 0 0 0 0 0 0 0 0 0 0 0 0 0 1232 1232
    1219 1214 1206 1202 1202 1206 1206 1206 1206 1202 1202 1197 1189
    1177 1173 1169 1169 1173 1185 1185 1185 1181 1177 1177 1177 1177
    1181 1185 1185 1185 1189 1189 1189 1189 1189 0 0 0 0 0 0 0 0 0 0 0 0
    0 0 0 0 0 2835 2835 2835 2835 0 0 0 0 0 0 0 1232 1223 1223 1210 1206
    1206 1214 1214 1210 1210 1210 1206 1202 1189 1177 1169 1165 1165
    1177 1202 1197 1197 1193 1189 1189 1189 1189 1189 1189 1189 1189
    1189 1189 1189 1189 1189 0 0 0 0 0 0 0 0 0 0 0 0 2883 2883 2883 2883
    2835 2835 2812 2812 2812 2835 2835 2835 0 0 0 0 0 0 0 1236 1236 1236
    1236 1232 1232 1227 1223 1219 1210 1189 1177 1169 1161 1161 1210
    1210 1210 1206 1197 1197 1193 1193 1193 1193 1193 1193 1193 1189
    1189 1189 1189 2349 0 0 2984 2984 2958 2933 2933 2933 2933 2933 0
    2908 2883 2883 2883 2883 2835 2835 2812 2812 2812 2835 2835 2812
    2812 2812 2812 0 0 0 0 0 1255 1255 1250 1241 1241 1236 1236 1236 0 0
    1177 1161 1157 1157 1219 1219 1219 1210 1206 1202 1202 1202 1202
    1202 1202 1197 1193 1193 1189 1189 2365 2365 3037 3037 2984 2984
    2958 2933 2933 2933 2933 2933 2933 2908 2883 2883 2883 2883 2835
    2835 2835 2812 2812 2812 2812 2812 2812 2812 0 0 0 1101 0 1101 1255
    1255 1255 1250 1250 1245 1245 1245 1245 1161 1161 1161 1157 1157
    1227 1227 1223 1210 1206 1206 1206 1206 1206 1206 1206 1206 1206
    1206 2365 2365 2365 2365 3037 3037 3010 3010 2984 2958 2958 2958
    2933 2933 2933 2908 2883 2883 2883 2883 2835 2835 2835 2812 2812
    2812 2812 2812 2812 2812 2812 0 1101 1101 1101 1101 1097 1094 1090
    1090 1255 1255 1255 1255 0 0 0 1241 0 1241 1241 1236 1227 1206 1202
    1202 1202 1202 1210 1232 1232 2432 2415 2381 2365 2365 2365 2365
    3037 3037 3010 3010 2984 2984 2984 2958 2933 2933 2933 2933 2908
    1161 1157 1153 1149 1149 2835 2812 2812 2812 2789 2789 2812 2812 0 0
    0 1101 1101 1097 1094 1094 1090 1090 1097 1097 1097 0 0 0 0 0 0 1259
    1259 1259 1259 1202 1202 1202 1197 1197 1197 1197 2432 2432 2415
    2381 2381 2381 2381 2381 3064 3037 3010 3010 3010 3010 3010 2984
    2933 2933 2933 2908 2908 1161 1153 1153 1149 1145 1141 1138 1134
    1134 1126 1123 1119 1119 1119 1108 1105 1101 1101 1097 1094 1094
    1094 1094 1097 1097 1108 1108 1108 0 0 0 1157 0 1202 1202 1202 1202
    1197 1197 1189 1189 1189 2503 2450 2450 2432 2415 2398 2398 2398
    2398 3064 3037 3037 3010 3010 3010 3010 2984 2958 2908 2908 2908
    2908 1161 1153 1153 1149 1145 1141 1138 1134 1130 1126 1123 1119
    1115 1112 1108 1105 1105 1101 1094 1090 1090 1094 1094 1101 1105
    1108 1108 1108 1161 1157 1157 1157 1157 2579 1202 1202 1197 1197
    1197 1189 1189 1189 2503 2503 2450 2450 2432 2415 2415 2415 2432
    3064 3037 3037 3010 3010 3010 3010 2984 2958 2908 2908 2908 2908
    1161 1157 1153 1149 1149 1145 1141 1138 1130 1126 1123 1119 1115
    1112 1108 1105 1101 1097 1094 1090 1090 1094 1094 1105 1105 1108
    1108 1108 1161 1157 1157 1157 1157 2579 2579 1202 1197 1197 1197
    1202 1202 2541 2503 2503 2503 2485 2467 2467 2450 2432 2432 3064
    3037 3037 3037 3010 3010 3010 2984 2958 2958 2958 1165 1165 1165
    1157 1153 1153 1149 1145 1141 1138 1126 1126 1123 1119 1115 1112
    1105 1105 1101 1097 1094 1090 1090 1094 1094 1105 1108 1108 1108
    1108 1157 1153 1153 1157 1157 2579 2579 1202 1197 1197 1202 1206
    1206 2541 2541 2522 2503 2503 2467 2450 2432 2415 2415 3037 3037
    3037 3037 3010 3010 2984 2984 2984 2984 2984 1165 1165 1165 1161
    1157 1153 1149 1145 1141 1134 1126 1123 1119 1119 1112 1108 1105
    1101 1101 1097 1097 1094 1094 1094 1094 1105 1108 1108 1108 1112
    1126 1134 1141 1149 1149 2598 2598 1202 1202 1202 1202 2503 2503
    2541 2541 2541 2522 2503 2467 2450 2432 2415 2415 3037 3037 3010
    3010 3010 3010 2984 2958 2958 2984 2984 1165 1165 1161 1161 1157
    1153 1149 1145 1138 1134 1126 1123 1119 1115 1112 1108 1105 1097
    1097 1097 1097 1094 1094 1094 1097 1108 1108 1112 1112 1119 1126
    1130 1138 1141 1141 2598 2598 1202 1202 1202 1206 1206 1206 3468
    3468 2579 2579 3365 3300 3300 3300 3300 2767 3037 3010 3010 2984
    2984 2984 2958 2958 2958 2958 2958 1165 1165 1161 1161 1157 1153
    1149 1141 1138 1130 1126 1123 1119 1112 1108 1108 1105 1097 1097
    1097 1097 1097 1097 1097 1105 1108 1108 1112 1115 1123 1126 1130
    1138 1141 1149 1153 1153 1202 1202 1197 1197 1197 1189 3468 3468
    3433 3433 3399 3365 3365 3365 3365 2744 3037 3010 3010 2984 2984
    2984 2958 2958 2958 2958 0 1165 1165 1165 1161 1157 1149 1145 1141
    1138 1130 1126 1123 1119 1112 1108 1108 1105 1097 1097 1097 1094
    1094 1097 1097 1108 1108 1108 1112 1115 1123 1126 1130 1138 1149
    1149 1153 1161 1169 1181 1189 1189 1189 1189 3468 3468 3468 3433
    3433 3433 3433 3399 2767 2744 3037 3010 3010 2984 2984 2984 2958
    2958 2958 2958 0 1157 1157 1157 1157 1153 1149 1145 1141 1138 1130
    1123 1119 1119 1112 1108 1108 1105 1097 1097 1097 1094 1094 1097
    1097 1108 1108 1108 1115 1119 1126 1126 1130 1141 1149 1153 1157
    1161 1169 1173 1177 1185 1185 1185 1185 3539 3539 3539 3539 3539
    3539 3433 2767 2744 3064 3037 3010 2984 2984 2984 2984 0 2984 0 0
    1157 1157 1157 1157 1153 1149 1149 1141 1138 1130 1123 1119 1119
    1112 1108 1108 1105 1097 1097 1097 1094 1094 1097 1101 1108 1108
    1108 1112 1123 1126 1126 1134 1141 1149 1153 1157 1161 1169 1173
    1173 1181 1181 1185 1185 3576 3576 3576 3576 3539 3539 3539 2744
    2744 3120 3092 3064 3037 3037 3037 3037 3037 1632 1632 1632 1165
