<?xml version="1.0"?>
<opencv_storage>
<Depth18411 type_id="opencv-matrix">
  <rows>19</rows>
  <cols>6</cols>
  <dt>w</dt>
  <data>
    7332 7660 7660 7660 7660 7660 7178 7660 7660 7660 7660 7492 7492
    7492 7660 7660 7660 7492 7492 7492 7660 7660 7660 7492 7030 7835
    7835 7660 7660 7492 7030 7660 7660 7835 7660 7660 7660 7660 7660
    7660 7660 7660 7660 7660 7660 7660 7660 7660 7660 7660 7660 7660
    7660 7660 7660 7660 7660 7660 7660 7660 7332 7660 7660 7660 7660
    7660 7332 7660 7835 7835 7835 7835 7492 7660 7835 7835 7835 7835
    7660 7835 7835 8019 7835 7835 7660 7835 8019 8019 7835 7835 7835
    8019 8019 8019 7835 7835 7835 8019 8019 8019 7835 7835 8019 8019
    8019 8019 7835 7835 8019 8019 8019 7835 7835 8019</data></Depth18411>
</opencv_storage>
