<?xml version="1.0"?>
<opencv_storage>
<Depth11563 type_id="opencv-matrix">
  <rows>150</rows>
  <cols>87</cols>
  <dt>w</dt>
  <data>
    3399 3399 3433 3433 3468 3433 3433 3433 3365 3365 3365 3399 3399
    3433 3433 3433 767 773 773 773 773 774 774 774 771 771 778 778 785
    776 771 771 762 761 761 761 0 0 3365 3365 3365 3399 3399 3399 3399
    3399 3399 3365 3365 3399 3399 3365 3365 3365 3365 3365 3365 3365
    3365 3365 3365 3365 3365 3365 3365 3365 3365 3365 3365 3333 3333
    3333 3333 3333 3333 3333 3333 3333 3333 3300 3269 1883 1863 1863
    1843 1843 1843 3399 3399 3433 3433 3468 3433 3433 3433 3365 3365
    3365 0 0 757 757 757 767 767 767 769 769 766 766 766 766 764 764 764
    762 762 761 757 757 757 757 759 0 0 0 0 0 0 0 0 0 0 3433 3365 3365
    3399 3399 3365 3365 3365 3365 3365 3365 3365 3365 3365 3365 3365
    3365 3365 3365 3365 3365 3365 3365 3365 3333 3333 3333 3333 3333
    3333 3333 3333 3333 3333 3300 3300 2156 1863 1843 1843 2103 3433
    3433 3433 3433 0 0 0 0 0 0 0 0 0 757 757 757 762 762 759 759 759 761
    762 762 761 759 759 761 761 761 759 755 755 755 757 759 0 0 0 0 0 0
    0 0 0 0 0 0 3433 3433 3399 3399 3365 3365 3365 3365 3365 3365 3365
    3365 3365 3365 3365 3365 3365 3365 3365 3365 3365 3365 3333 3333
    3365 3365 3365 3365 3333 3333 3333 3333 3333 2156 2156 2129 2116
    2103 2103 3433 3433 3433 3433 0 0 0 0 0 0 0 0 0 754 754 754 755 755
    755 755 754 754 757 757 757 757 757 759 761 761 759 755 755 755 757
    0 0 0 0 0 0 0 0 0 0 0 0 0 0 0 0 0 0 0 3365 3365 3365 3365 3365 3365
    3365 3365 3365 3365 3365 3365 3365 3365 3365 3365 3365 3365 3365
    3365 3365 3365 3365 3333 3333 3333 3333 2156 2156 2129 2116 2103
    2103 3433 3433 3433 750 0 0 0 0 0 0 0 0 0 754 752 752 752 752 752
    750 750 750 752 752 754 752 752 759 0 0 0 0 0 0 0 0 0 0 0 0 0 0 0 0
    0 0 0 0 0 0 0 0 0 0 0 0 0 0 0 3433 3433 3399 3399 3399 3365 642 642
    3365 640 640 641 641 3365 3365 3365 3365 3365 3365 3365 2156 0 2156
    2156 2116 2116 2116 2116 750 750 750 750 731 731 0 0 0 0 0 0 0 752
    752 750 750 749 749 747 747 750 752 752 754 752 752 0 0 0 0 0 0 0 0
    0 0 0 0 0 0 0 0 0 0 0 0 0 0 0 0 0 0 0 0 0 0 0 0 664 664 664 3433
    3433 3399 642 642 642 640 640 640 641 3399 3399 3399 3399 3365 0 0 0
    0 0 2156 2116 2116 2116 2116 750 749 742 736 731 731 0 0 0 0 0 0 0 0
    752 750 739 739 738 738 739 0 0 0 0 0 0 0 0 0 0 0 0 0 0 0 0 0 0 0 0
    0 0 0 0 0 0 0 0 0 0 0 0 0 0 0 0 0 0 664 664 664 664 664 664 643 643
    642 640 640 640 641 3433 3399 3365 3365 3365 0 0 0 0 0 0 0 0 0 0 750
    747 741 734 727 725 725 0 0 0 0 0 0 0 691 739 739 738 738 738 739
    739 0 0 0 0 0 0 0 0 0 0 0 0 0 0 0 0 0 0 0 0 0 0 0 0 0 0 0 0 0 0 0 0
    0 0 0 0 666 664 664 663 662 662 662 662 643 643 640 640 640 640 640
    3333 3333 3333 3333 646 646 0 0 0 0 0 0 0 0 750 747 741 734 727 723
    719 714 710 710 0 0 691 691 691 684 738 738 738 738 738 674 0 0 0 0
    0 0 0 0 0 0 0 0 0 0 0 0 0 0 0 0 0 0 0 0 0 0 0 0 0 0 0 0 0 0 0 0 659
    659 661 661 659 654 652 650 644 643 640 640 640 640 640 3333 3333
    3333 646 646 646 0 0 0 0 0 0 0 0 752 747 742 736 727 723 719 714 710
    708 703 697 690 687 684 684 684 678 674 674 674 0 0 0 0 0 0 0 0 0 0
    0 0 0 0 0 0 0 0 0 0 0 0 0 0 0 0 0 0 0 0 0 0 0 0 0 0 0 659 659 661
    661 652 650 650 650 649 649 649 630 637 637 636 636 640 640 646 646
    646 647 648 0 0 0 0 0 0 752 752 746 738 728 727 722 716 711 708 703
    697 690 686 684 682 679 678 674 674 0 0 0 0 0 0 0 0 0 0 0 0 0 0 0 0
    0 0 0 0 0 0 0 0 0 0 0 0 0 0 0 0 0 0 0 0 0 0 648 648 646 646 646 648
    649 624 624 627 629 630 630 632 636 636 638 640 643 644 646 647 648
    648 0 0 0 0 0 754 752 747 741 738 728 722 717 713 710 706 701 691
    686 684 682 679 678 674 668 661 658 654 653 653 0 0 0 0 0 0 0 0 0 0
    0 0 0 0 0 0 0 0 0 0 0 0 0 0 0 0 0 0 0 0 0 0 647 646 646 644 644 644
    622 622 623 623 625 628 630 630 631 636 637 638 641 643 644 646 648
    648 648 0 0 0 0 0 755 752 747 741 738 733 727 722 716 711 708 704
    694 688 686 683 680 678 674 668 661 658 654 653 647 643 640 635 634
    634 0 0 0 0 0 0 0 0 0 0 0 0 0 0 0 0 0 0 0 0 0 0 0 0 0 0 0 647 611
    611 613 613 616 618 622 623 623 624 628 630 631 631 636 637 640 641
    643 644 646 649 649 649 0 0 0 0 0 0 752 747 742 739 734 728 723 719
    714 710 706 698 691 687 684 680 678 672 670 662 658 655 653 647 643
    638 635 632 629 625 622 620 618 614 612 612 0 0 0 0 0 0 0 0 0 0 0 0
    0 0 0 0 0 604 604 607 608 610 611 613 613 616 618 621 623 623 624
    628 630 631 634 636 638 640 642 644 646 646 649 649 649 0 0 0 0 0 0
    755 747 744 741 738 733 725 719 714 711 707 701 694 690 687 683 678
    672 670 663 659 655 654 654 654 638 634 631 629 625 621 619 618 614
    612 607 607 0 0 0 0 0 0 0 0 0 0 0 597 597 598 598 600 601 604 607
    608 610 611 614 615 616 619 621 623 624 625 629 631 632 635 636 638
    640 640 644 647 648 649 650 0 0 0 0 0 0 759 755 750 746 741 738 734
    725 719 716 711 708 701 698 693 690 684 678 672 668 663 658 655 654
    654 654 640 634 631 629 625 621 619 618 614 607 604 603 600 598 598
    591 589 588 588 588 591 592 594 594 597 598 598 600 600 604 607 608
    611 611 614 615 618 619 622 624 624 625 630 632 635 635 636 638 640
    640 646 648 649 650 650 0 0 0 0 0 0 759 757 752 747 742 739 734 725
    719 716 713 710 706 698 698 693 693 693 676 668 663 658 655 654 653
    653 644 635 634 630 627 623 620 618 615 607 603 601 600 597 595 590
    589 588 588 588 591 592 592 592 597 598 598 600 600 606 608 609 611
    613 615 616 619 620 622 624 627 630 631 634 634 636 637 640 642 642
    647 650 650 650 649 649 0 0 0 0 0 759 757 754 749 744 741 736 725
    720 717 713 711 708 701 700 691 691 683 676 672 668 667 655 654 653
    650 644 636 634 630 628 624 622 619 615 614 603 600 600 597 593 590
    589 588 588 589 591 592 592 592 597 598 598 600 602 607 608 610 611
    614 615 618 619 620 622 625 627 630 631 634 634 636 638 641 642 643
    648 650 652 650 649 649 0 0 0 0 0 761 757 754 749 746 742 734 727
    720 719 714 713 708 703 700 691 691 683 679 674 671 668 658 654 653
    650 647 644 635 632 629 625 622 620 618 615 604 600 600 597 593 591
    590 589 589 589 591 592 593 595 598 598 600 602 604 607 608 611 611
    614 616 618 619 620 623 627 628 630 632 634 635 636 638 642 642 646
    648 650 652 650 649 649 0 0 0 0 0 762 759 755 750 746 744 734 727
    722 719 716 713 708 704 701 693 688 683 680 675 674 670 661 655 654
    652 647 644 635 632 630 628 624 621 619 615 608 603 601 596 595 592
    591 589 589 591 592 594 594 595 599 599 601 603 604 608 611 611 612
    614 616 618 619 621 624 627 628 629 632 634 635 637 638 643 643 646
    649 650 652 652 650 650 0 0 0 0 0 764 761 757 752 749 744 736 728
    723 720 717 713 708 706 698 693 688 684 682 676 674 670 663 658 654
    653 647 646 642 634 631 629 624 621 619 616 610 607 607 596 595 593
    592 591 591 592 592 594 594 597 599 599 601 603 606 609 611 611 612
    614 618 620 620 622 625 627 628 629 632 635 636 637 638 642 643 646
    649 652 653 653 653 653 0 0 0 0 0 764 762 759 754 750 746 736 730
    725 722 719 714 708 706 698 694 690 686 683 678 675 671 666 662 658
    653 648 646 643 635 632 631 627 622 620 616 610 608 608 598 596 594
    593 592 592 592 592 593 594 597 599 600 602 604 608 610 611 611 613
    615 618 620 621 622 625 627 629 630 634 636 636 638 641 642 643 646
    650 652 653 654 653 653 0 0 0 0 0 764 762 761 759 754 749 738 733
    728 725 720 714 710 706 698 694 691 687 684 680 676 672 666 662 659
    654 649 646 643 640 632 631 628 624 621 616 614 609 609 600 598 596
    594 592 592 592 592 593 595 598 599 600 603 604 609 610 611 611 613
    616 619 621 621 623 625 627 629 631 635 636 637 638 641 643 644 647
    650 653 653 654 654 654 0 0 0 0 0 0 762 761 759 754 749 739 736 730
    727 722 716 711 707 700 694 691 687 684 680 678 674 666 663 659 654
    650 647 643 640 634 631 629 625 623 618 615 612 611 601 599 597 594
    592 592 592 592 594 597 598 599 601 603 608 609 611 611 612 614 618
