<?xml version="1.0"?>
<opencv_storage>
<Depth6667 type_id="opencv-matrix">
  <rows>14</rows>
  <cols>21</cols>
  <dt>w</dt>
  <data>
    2579 2560 2522 2522 2541 2503 2485 2467 2467 2485 2467 2040 2040
    2053 2065 2522 2541 2541 0 0 0 2541 2522 2503 2503 2522 2485 2467
    2450 2450 2467 2467 2467 2485 2485 2485 2503 2522 2639 0 0 0 2541
    2522 2503 2503 2522 2485 2467 2450 2450 2467 2467 2485 2485 2485
    2485 2503 2522 2618 2618 2618 0 2659 2541 2503 2503 2503 2485 2467
    2467 2467 2467 2467 2485 2485 2485 2503 2522 2618 2618 2598 2598
    2598 2680 2680 2701 2541 2503 2485 2485 2467 2467 2485 2485 2503
    2503 2503 2522 2579 2618 2618 2598 2598 2598 2701 2701 2680 2639
    2560 2503 2485 2485 2485 2503 2503 2541 2541 2541 2560 2598 2618
    2618 2598 2598 2618 2723 2701 2680 2680 2639 2598 2560 2522 2522
    2579 2598 2618 2598 2598 2598 2598 2618 2618 2598 2598 2560 2723
    2701 2680 2680 2680 2659 2618 2618 2618 2618 2618 2618 2618 2618
    2598 2598 2618 2618 2598 2598 2560 2723 2701 2680 2680 2680 2680
    2639 2618 2618 2618 2618 2618 2618 2618 2598 2598 2618 2618 2618
    2598 2598 2723 2701 2701 2701 2701 2701 2680 2639 2639 2618 2618
    2618 2618 2618 2598 2598 2618 2618 2618 2598 2598 3732 2701 2701
    2701 2701 2701 2659 2659 2639 2618 2618 2618 2618 2618 2598 2598
    2618 2618 2618 2598 2598 3774 3774 2723 2723 2701 2701 2659 2659
    2639 2618 2618 2618 2618 2618 2618 2618 2618 2618 2618 2598 2598
    3774 3774 3732 3732 2723 2701 2680 2680 2639 2618 2618 2618 2618
    2618 2598 2598 2579 2579 2598 2579 2579 3774 3774 3774 3774 3774
    2701 2701 2701 3859 2618 2618 2639 2639 2618 2598 2598 2579 2579
    2579 2560 2560</data></Depth6667>
</opencv_storage>
