<?xml version="1.0"?>
<opencv_storage>
<Depth17201 type_id="opencv-matrix">
  <rows>43</rows>
  <cols>9</cols>
  <dt>w</dt>
  <data>
    3774 3064 3064 3064 3037 3037 3037 3732 3692 3774 3774 3064 3064
    3064 3037 3037 3692 3692 3774 3774 3064 3064 3064 3037 3037 3692
    3692 3774 3774 3774 3064 3064 3064 3692 3692 3692 3774 3774 3732
    3732 3732 3692 3692 3692 3692 3774 3774 3732 3732 3732 3732 3732
    3732 3732 3732 3732 3732 3732 3732 3732 3732 3732 3732 3732 3732
    3732 3732 3732 3732 3732 3732 3732 3732 3732 3732 3732 3732 3732
    3732 3692 3692 3732 3732 3732 3732 3732 3732 3732 3692 3692 3732
    3732 3732 3732 3732 3692 3692 3692 3692 3732 3732 3732 3732 3732
    3692 3692 3692 3692 3732 3732 3732 3732 3732 3732 3692 3692 3692
    3732 3732 3732 3732 3732 3732 3732 3732 3732 3732 3732 3732 3732
    3732 3732 3732 3732 3732 3732 3732 3732 3732 3732 3732 3732 3732
    3732 3732 3732 3732 3732 3732 3732 3732 3732 3732 3732 3732 3732
    3732 3732 3732 3732 3732 3732 3774 3774 3774 3774 3732 3732 3732
    3732 3732 3774 3774 3774 3774 3732 3732 3732 3732 3732 3774 3774
    3774 3774 3732 3732 3732 3732 3732 3774 3774 3774 3774 3732 3732
    3732 3732 3732 3774 3774 3774 3774 3774 3732 3732 3732 3732 3732
    3774 3774 3774 3774 3732 3732 3732 3732 3732 3774 3774 3774 3774
    3774 3732 3732 3732 3774 3774 3774 3774 3774 3774 3732 3732 3732
    3774 3774 3774 3774 3732 3732 3732 3732 3732 3774 3774 3774 3732
    3732 3732 3732 3732 3732 3774 3774 3774 3732 3692 3692 3692 3732
    3732 3816 3774 3774 3732 3692 3692 3692 3692 3692 3816 3774 3732
    3732 3692 3692 3692 3692 3692 3774 3774 3732 3732 3692 3692 3692
    3692 3692 3774 3774 3732 3732 3732 3732 3692 3692 3692 3774 3774
    3774 3774 3774 3732 3732 3732 3692 3816 3774 3774 3774 3774 3774
    3732 3732 3692 3859 3816 3816 3774 3774 3774 3774 3732 3732 3903
    3859 3816 3816 3774 3774 3774 3774 3732 3859 3859 3816 3816 3774
    3774 3774 3774 3774 3859 3859 3816 3816 3774 3774 3774 3774 3774
    3859 3859 3816 3816 3774 3774 3774 3774 3774 3903 3859 3859 3816
    3774 3774 3774 3774 3774 3903 3816 3774 3774 3774 3774 3774 3774
    3774 3120 3576 3576 3653 3576 3576 3468 3468 3468</data></Depth17201>
</opencv_storage>
