<?xml version="1.0"?>
<opencv_storage>
<Depth10342 type_id="opencv-matrix">
  <rows>54</rows>
  <cols>99</cols>
  <dt>w</dt>
  <data>
    3816 3816 3774 3774 3816 3859 3859 3816 3816 3774 992 992 995 995
    992 992 992 992 992 992 995 995 995 995 3816 3816 3816 3816 3816
    3816 3816 3816 3816 3816 3816 3816 3816 3816 3816 3816 3774 3732
    3732 3692 3692 3732 3732 3774 3816 3859 3859 3859 3816 3816 3774
    3774 3732 3732 3208 3208 3238 3333 2744 2744 2723 2680 2659 2639
    2639 2639 2639 2639 2639 2639 2618 2618 2618 2618 2618 0 0 0 2467
    2450 2450 0 0 0 0 0 0 0 2226 2226 2198 2198 2198 2198 2170 3816 3816
    3774 3774 3816 3859 3859 3816 3816 992 992 992 992 995 992 992 992
    992 992 992 995 995 995 992 992 992 992 3859 3859 3859 3859 3816
    3816 3816 3816 3816 3816 3816 3816 3816 3774 3774 3732 3732 3732
    3732 3732 3774 3859 3859 3859 3859 3816 3816 3816 3774 3774 3732
    3208 3208 3238 3269 3433 2744 2723 2680 2659 2659 2639 2639 2639
    2639 2639 2639 2639 2618 2598 2598 2618 2618 0 2467 2467 2450 2450 0
    0 0 0 0 0 0 2212 2212 2198 2170 2170 2170 2170 0 0 3816 0 0 3859
    3859 3859 3816 992 992 992 992 995 995 992 992 992 992 995 995 995
    995 992 992 995 992 992 992 3859 3859 3859 998 998 998 998 3774 3774
    3774 3816 3774 3774 3732 3732 3732 3732 3732 3774 3816 3816 3816
    3816 3816 3816 3816 3774 3774 3732 3238 3238 3238 3269 3433 2701
    2701 2680 2659 2659 2639 2639 2639 2639 2639 2639 2639 2618 2598
    2598 2598 2598 2467 2467 2467 2450 2450 0 0 0 0 0 0 2271 2271 2212
    2184 2170 2170 2170 2170 0 0 0 0 0 1004 1001 995 995 992 992 992 992
    995 995 995 995 995 995 992 992 995 995 995 995 995 992 992 992 995
    998 995 995 998 998 998 998 998 998 998 3816 3816 3774 3774 3732
    3732 3732 3774 3816 3816 3816 3816 3816 3816 3816 3774 3732 3692
    3269 3238 3238 3269 3433 2701 2701 2680 2680 2659 2639 2639 2639
    2639 2639 2639 2639 2639 2618 2618 2618 0 2467 2467 2467 2450 2450 0
    0 0 0 0 0 2271 2271 2271 2184 2170 2170 2170 2170 0 0 0 0 0 1004
    1001 998 995 992 992 992 995 995 995 995 995 995 995 992 992 995 995
    995 995 995 995 995 995 995 998 995 995 998 998 998 998 998 998 995
    995 995 995 995 3774 3774 3774 3774 3816 3816 3816 3816 3816 3816
    3816 3774 3732 3692 3238 3208 3208 3238 3433 2701 2701 2680 2659
    2639 2618 2618 2618 2639 2639 2639 2639 2639 2618 2618 2618 2541
    2467 2467 2450 2450 2432 2432 0 0 0 0 0 2271 2271 2256 2198 2198
    2170 2170 2170 0 0 0 0 1007 1004 1001 998 995 995 995 995 995 995
    995 995 995 992 992 992 992 995 992 992 995 995 995 995 995 998 998
    998 998 998 998 998 998 998 998 995 995 995 995 998 998 998 998 998
    3816 998 998 998 998 3816 3774 3774 3732 3269 3238 3208 3208 3238
    3433 2701 2680 2680 2659 2639 2618 2618 2618 2639 2639 2639 2639
    2639 2618 2598 2560 2541 2522 2467 2450 2450 2432 2432 0 0 0 0 0
    2271 2271 2256 2212 2198 2170 2170 2170 0 0 0 0 1007 1007 1004 1001
    998 995 992 992 995 995 995 995 995 992 992 992 992 995 992 992 992
    992 995 995 995 998 998 998 998 998 998 998 998 998 998 995 995 995
    995 998 998 998 998 998 998 998 998 998 995 995 3774 3774 995 995
    998 3208 3208 3238 3503 2701 2680 2680 2659 2639 2618 2618 2639 2639
    2639 2639 2618 2541 2541 2560 2541 2522 2503 2467 2450 2415 2415
    2415 0 0 0 2301 2301 2301 2271 2256 2226 2198 2184 2184 2170 0 0 0 0
    0 0 1007 1004 998 995 992 992 992 992 995 995 995 992 992 992 992
    995 992 992 992 992 995 995 995 998 998 998 998 998 998 998 998 998
    998 995 995 995 995 998 998 998 998 998 998 998 998 998 995 995 995
    995 995 995 998 998 3238 3238 3238 2701 2680 2680 2659 2659 2618
    2618 2639 2639 2639 2639 2618 2541 2541 2560 2541 2522 2485 2450
    2415 2415 2398 2398 0 2333 2333 2301 2301 2301 2301 2256 2212 2198
    2184 2184 2170 0 0 0 0 0 0 1013 1010 1004 995 992 992 992 992 995
    995 995 992 992 992 992 992 992 992 992 992 995 995 995 998 998 998
    998 998 998 998 998 998 998 998 995 995 995 995 995 995 998 998 998
    995 995 995 995 995 995 995 995 998 998 998 998 998 998 1001 1001
    1001 1001 1001 2639 2639 2639 2639 2639 2639 2618 2598 2560 2560
    2541 2522 2467 2450 2415 2415 2398 2349 2333 2333 2333 2286 2286
    2286 2271 2241 2212 2198 2184 2170 2170 0 0 0 0 0 0 0 1010 995 992
    992 992 992 992 992 992 995 992 992 992 992 992 992 992 992 992 995
    995 995 995 998 998 998 998 998 998 998 998 998 998 998 995 995 995
    995 995 998 998 998 995 995 995 995 995 995 995 995 998 998 998 998
    998 998 1001 1001 1001 1001 998 998 998 2659 2659 2639 2639 2618
    2598 2560 2560 2541 2522 2467 2450 2432 2432 2432 2349 2333 2317
    2301 2301 2286 2286 2271 2241 2198 2170 2170 2156 2156 0 0 0 0 0 0 0
    995 995 992 992 992 992 992 992 992 992 992 992 992 992 992 995 995
    995 995 995 995 995 995 995 995 995 995 995 998 998 998 1001 998 998
    995 995 995 995 995 998 998 998 995 995 998 998 998 998 995 995 998
    998 995 995 998 998 1001 1001 1001 1001 998 998 995 995 995 998 1001
    1004 1004 1007 1004 1004 2541 2541 2485 2432 2432 2432 2317 2317
    2301 2301 2286 2271 2256 2241 2226 2198 2170 2170 2156 2143 0 0 0 0
    0 0 0 992 992 992 992 992 992 992 992 992 992 992 992 992 992 992
    995 995 995 995 998 998 995 995 995 995 995 995 995 998 998 998 998
    998 995 995 995 995 995 995 995 998 998 998 998 998 998 998 998 995
    995 998 998 995 995 998 998 1001 1001 1001 998 998 998 995 995 995
    998 1001 1001 1001 1001 1004 1004 1010 1007 1004 1001 998 998 998
    2317 2301 2301 2286 2271 2241 2226 2226 2198 2170 2170 2156 2143 0 0
    0 0 0 0 992 992 992 992 992 992 992 992 992 992 992 992 992 992 992
    992 995 995 995 995 998 998 995 995 995 995 995 995 995 995 995 998
    995 995 995 995 995 995 995 995 995 995 995 995 995 995 995 995 995
    995 998 998 998 998 998 998 998 1001 1001 1001 998 998 998 998 998
    998 1001 1001 1001 1001 1001 1001 1001 1001 1004 1004 1001 998 998
    1001 1001 998 998 998 2241 2241 2226 2226 2212 2170 2170 2170 2143 0
    0 0 0 0 0 992 992 992 992 992 992 992 992 992 992 992 992 992 992
    992 992 992 992 992 992 995 995 995 995 995 995 995 995 995 995 995
    995 995 995 995 995 995 995 995 995 995 995 995 995 995 995 995 995
    995 995 995 995 995 995 995 998 998 1001 1001 1001 998 998 998 998
    998 998 1001 1001 1001 1001 1001 1001 1001 1001 1001 1001 1004 1001
    1001 1001 1001 998 998 998 998 2241 2241 2241 2241 2241 998 2143
    2143 1181 0 0 0 0 0 0 0 992 992 992 992 992 992 992 992 992 992 992
    992 992 995 992 992 992 992 995 995 995 995 995 995 995 995 995 995
    995 995 995 995 995 995 995 995 995 995 995 995 995 995 995 995 995
    995 995 995 995 995 995 995 995 995 995 998 1001 1001 998 998 998
    998 998 1001 1001 1001 1001 1001 998 998 998 998 998 1001 1001 1001
    1001 1001 1001 998 998 998 998 1001 998 998 998 998 998 998 998 1173
    0 0 0 0 0 0 992 992 992 992 992 992 992 992 992 992 992 992 992 992
    995 992 992 995 995 995 995 995 995 995 995 995 995 995 995 995 995
    995 995 995 995 995 995 995 995 995 995 995 995 995 995 995 995 995
    995 995 995 995 995 995 995 995 998 998 998 998 998 998 998 998 1001
    1001 998 998 998 998 998 998 998 998 1001 1001 1001 1001 998 998
    1001 998 998 998 998 998 998 998 998 998 1001 998 1145 1138 1138 0 0
    0 0 992 992 992 992 992 992 992 992 992 992 992 992 992 992 995 995
    995 995 995 995 995 995 995 995 995 995 995 995 995 995 995 995 995
    995 995 995 995 995 995 995 995 995 995 995 995 995 995 995 995 995
    995 995 995 995 995 995 998 998 998 998 998 998 998 998 1001 998 998
    998 998 998 998 998 998 998 998 998 1001 1001 998 998 1001 1001 1001
    998 998 998 998 1001 998 998 1001 1001 1141 1134 1134 0 0 0 0 992
    992 992 992 992 992 992 992 992 992 992 992 992 992 992 992 992 995
    995 995 995 995 995 995 995 995 995 995 995 995 995 995 995 995 995
    995 995 995 995 995 995 995 995 995 995 995 995 995 995 992 992 995
