<?xml version="1.0"?>
<opencv_storage>
<Depth0350 type_id="opencv-matrix">
  <rows>38</rows>
  <cols>27</cols>
  <dt>w</dt>
  <data>
    2028 2028 2028 2028 2028 2028 2016 2016 2005 2005 2005 2005 2005
    2005 2005 2005 2005 2005 2005 2005 2005 2005 2005 0 0 0 2789 2028
    2028 2040 2028 2028 2028 2016 2016 2005 2005 1993 1993 2005 2005
    2005 2005 2005 2005 2005 2005 2005 2005 2005 0 0 0 2789 2028 2028
    2040 2040 2028 2028 2016 2016 2005 2005 1993 1993 2005 2005 2005
    2005 2005 1993 1993 1993 2005 2005 2005 0 0 0 2789 2028 2028 2028
    2028 2040 2028 2016 2016 2005 2005 2005 2005 2005 2005 2005 2005
    2005 1993 1993 1993 2005 2005 2005 2005 0 2835 2835 2028 2028 2028
    2028 2040 2040 2028 2016 2016 2016 2005 2005 2005 2005 2005 2005
    2005 2005 2005 2005 2005 2005 2005 2005 2005 2835 2812 2016 2016
    2028 2040 2040 2040 2028 2028 2016 2016 2016 2005 2005 2005 2005
    1993 1993 2005 1993 1993 2005 2005 2005 2005 2005 2835 2835 2016
    2016 2028 2040 2040 2040 2028 2028 2028 2016 2016 2016 2005 2005
    2005 1993 1993 2005 1993 1993 2005 2005 2005 2005 2005 2835 2835
    2016 2028 2040 2040 2040 2040 2040 2028 2028 2028 2016 2016 2005
    2005 2005 2005 2005 2005 2005 2005 2005 2005 2005 2005 2005 2005
    2812 2016 2040 2040 2040 2040 2040 2040 2028 2028 2028 2028 2016
    2016 2005 2005 2005 2005 2005 2005 2005 2005 2005 2016 2005 1993
    1993 2812 2040 2040 2040 2040 2040 2040 2040 2040 2040 2028 2016
    2016 2016 2005 2005 2005 2005 2005 2005 2005 2005 2005 2016 2005
    1993 1993 2812 2053 2053 2053 2040 2040 2040 2040 2040 2028 2028
    2016 2016 2016 2016 2016 2005 2005 2005 2005 2005 2005 2005 2005
    2005 2005 2005 2812 2065 2053 2053 2040 2040 2040 2040 2040 2028
    2028 2028 2028 2016 2016 2016 2005 2005 2005 2005 2005 2005 2005
    2005 2005 2005 2005 2812 2053 2053 2053 2040 2040 2040 2040 2028
    2028 2028 2028 2028 2016 2016 2016 2005 2005 2005 2005 2005 2005
    2005 2005 2005 2005 2005 2812 2053 2053 2053 2040 2040 2040 2040
    2028 2028 2028 2028 2028 2016 2016 2016 2005 2005 2005 2005 2005
    2005 2005 2005 2005 2005 2005 2984 2053 2053 2053 2053 2053 2040
    2040 2028 2028 2028 2028 2028 2016 2016 2016 2005 2005 2005 2005
    2005 2005 2005 2005 2005 2005 2005 2984 2040 2040 2053 2053 2053
    2053 2040 2028 2028 2028 2028 2028 2016 2016 2016 2016 2005 2005
    2005 2005 2005 2005 2005 2005 2005 3037 3010 2040 2040 2053 2053
    2053 2053 2053 2040 2040 2040 2040 2028 2028 2028 2016 2016 2016
    2005 2005 2005 2005 2005 2005 2005 2005 3010 3010 2028 2028 2053
    2053 2053 2053 2053 2053 2040 2040 2028 2028 2028 2028 2028 2016
    2016 2016 2005 2005 2005 2005 2005 2005 2005 2984 2984 2028 2028
    2040 2053 2053 2053 2053 2053 2040 2028 2028 2028 2028 2028 2028
    2028 2016 2016 2016 2016 2016 2016 2016 2016 2016 2958 2958 7835
    2040 2040 2053 2053 2053 2053 2040 2040 2028 2028 2028 2028 2040
    2040 2028 2028 2016 2016 2016 2016 2016 2016 2016 2016 2028 2908
    7492 7332 2053 2053 2053 2053 2053 2040 2040 2040 2040 2040 2040
    2040 2040 2028 2028 2016 2016 2016 2016 2016 2016 2016 2016 2016
    2040 7492 7332 7332 2053 2053 2053 2053 2053 2040 2040 2040 2040
    2040 2040 2040 2040 2040 2028 2028 2028 2016 2016 2016 2016 2016
    2016 2016 7332 7332 2040 2040 2053 2053 2053 2053 2053 2053 2040
    2040 2040 2028 2028 2028 2028 2028 2028 2028 2016 2016 2016 2016
    2016 2016 2016 7332 7332 2040 2040 2040 2040 2040 2040 2053 2053
    2040 2040 2040 2028 2028 2028 2028 2028 2028 2028 2016 2016 2016
    2016 2016 2016 2016 7332 7332 7030 2040 2040 2040 2040 2040 2053
    2053 2040 2040 2040 2028 2028 2028 2028 2016 2016 2028 2016 2016
    2016 2016 2016 2016 2016 7332 7332 7332 2065 2053 2053 2053 2053
    2053 2053 2053 2040 2040 2028 2028 2028 2028 2016 2016 2016 2016
    2016 2016 2016 2016 2016 2016 7332 7332 7332 2065 2065 2065 2053
    2053 2053 2053 2053 2040 2040 2028 2028 2028 2028 2016 2016 2016
    2016 2016 2016 2016 2016 2016 2016 7492 2723 2723 2065 2065 2065
    2053 2053 2053 2053 2053 2053 2040 2040 2040 2040 2028 2016 2016
    2016 2016 2016 2016 2016 2016 2016 2016 2767 2723 2723 2723 2065
    2053 2053 2053 2053 2053 2053 2053 2053 2053 2040 2040 2028 2028
    2016 2016 2016 2016 2016 2016 2016 2016 2016 2767 2767 2744 2744
    2744 2053 2053 2053 2053 2053 2053 2053 2053 2053 2040 2040 2040
    2028 2028 2016 2016 2016 2016 2016 2028 2016 2016 2767 2767 2744
    2723 2723 2053 2053 2053 2053 2053 2053 2053 2053 2053 2053 2040
    2040 2028 2028 2016 2016 2016 2005 2005 2016 2016 2028 2767 2744
    2744 2723 2723 2744 2053 2053 2053 2053 2053 2053 2053 2053 2053
    2040 2040 2040 2028 2028 2028 2016 2005 2005 2016 2016 2789 2767
    2744 2744 2723 2723 2744 2723 2723 2053 2053 2053 2053 2053 2053
    2053 2053 2040 2040 2040 2040 2028 2016 2016 2767 2767 2767 2789
    2767 2744 2744 2723 2723 2723 2723 2723 2723 2723 2065 2065 2053
    2053 2040 2040 2040 2040 2040 2040 2040 2040 2040 2789 2767 2767
    2789 2767 2744 2744 2744 2744 2723 2723 2723 2723 2078 2065 2065
    2053 2053 2040 2040 2040 2040 2040 2040 2040 2040 2040 2040 2028
    2028 2789 2767 2767 2767 2744 2744 2744 2744 2744 2723 2078 2078
    2053 2053 2053 2053 2053 2028 2028 2040 2040 2040 2040 2028 2028
    2028 2028 2028 2789 2767 2767 2744 2744 2744 2723 2723 2723 2723
    2078 2053 2053 2723 2053 2053 2028 2028 2040 2040 2040 2040 2028
    2028 2028 2016 2016 2789 2767 2767 2744 2744 2744 2723 2723 2744
    2723 2723 2723 2723 2723 2789 2789 2767 2767 2053 2040 2040 2040
    2028 2016 2016 2005 2005</data></Depth0350>
</opencv_storage>
