<?xml version="1.0"?>
<opencv_storage>
<Depth2293 type_id="opencv-matrix">
  <rows>14</rows>
  <cols>5</cols>
  <dt>w</dt>
  <data>
    6375 6259 6146 6146 6146 6375 6259 6146 6146 6146 6497 6259 6259
    6259 6497 6375 6375 6375 6375 6497 6375 6375 6259 6259 6259 6375
    6375 6259 6259 6259 6497 6375 6375 6146 6146 6497 6375 6146 6146
    6146 6497 6375 6146 6146 6146 6497 6375 6259 6259 6375 6497 6375
    6259 6259 6375 6497 6497 6375 6375 6375 6497 6375 6375 6497 6497
    6497 6375 6375 6497 6497</data></Depth2293>
</opencv_storage>
