<?xml version="1.0"?>
<opencv_storage>
<Depth10925 type_id="opencv-matrix">
  <rows>83</rows>
  <cols>73</cols>
  <dt>w</dt>
  <data>
    3365 3365 3365 3365 3365 3365 3365 3365 3365 3365 3365 3365 3365
    3399 3399 3399 3399 3399 3399 3399 3399 3399 3399 3399 3399 3399
    3399 3399 3399 3433 3433 1041 1041 1038 1038 1038 3399 3365 3365
    3399 3468 1050 1050 1054 1054 1050 1050 3433 3468 3468 3468 1063
    1063 1063 1067 1063 1063 1060 1060 1060 1038 3576 3576 3539 3539
    3539 3539 3539 3539 3576 3576 3576 3576 3365 3365 3365 1016 1013
    1013 1013 3365 3365 3365 3365 3399 3399 3399 3399 3399 3399 3433
    3433 3399 1016 1016 1013 1013 1016 1019 1019 3399 1025 1022 1022
    1025 1028 1034 1034 1034 1034 1031 1031 1034 1034 1044 1047 1054
    1050 1047 1047 1050 1057 1060 1060 1063 1060 1060 1063 1054 1047
    1044 1038 1038 1038 1028 1022 1019 1019 3468 3539 3539 3576 3576
    3576 3576 3576 3365 3365 1016 1016 1013 1010 1010 3365 3365 3365
    3365 3399 3399 3399 938 938 938 938 938 938 943 1013 1013 1013 1010
    1007 1007 1016 1022 1022 1022 1025 1028 1031 1031 1031 1034 1031
    1031 1034 1034 1044 1047 1054 1050 1047 1047 1050 1057 1060 1060
    1060 1060 1060 1063 1054 1038 1034 1031 1028 1022 1019 1016 1013
    1013 1016 1016 1016 3576 3576 3576 3576 3576 1016 0 1016 1016 1010
    1004 1004 1004 3365 3365 964 964 938 938 938 938 938 938 938 938 940
    943 1010 1010 1010 1007 1007 1004 1004 1013 1010 1010 1010 1031 1016
    1016 1013 1013 1031 1044 1044 1047 1047 1047 981 981 1060 1060 1060
    1060 1060 1060 975 975 1004 1019 1019 1019 1031 1016 1013 1010 1010
    1007 1007 1010 1016 1010 1004 1004 1004 3576 3576 0 0 0 1016 1007
    1001 995 987 978 964 964 964 964 938 938 938 938 938 938 938 938 938
    1001 1001 946 946 946 998 998 1007 1007 1010 1010 1010 1010 1007
    1007 1010 1010 984 981 981 981 981 981 981 981 987 987 978 978 975
    975 975 1004 1004 1007 1004 1004 1004 1004 1004 1004 1004 1004 1004
    1004 1001 1001 1001 1001 1001 1001 0 0 0 0 1007 1001 992 987 978 964
    964 964 964 954 938 938 938 938 938 938 938 938 938 938 938 938 940
    938 938 1007 1007 1007 948 1010 1010 1007 1007 962 962 981 975 975
    975 975 975 981 981 981 981 975 975 975 975 978 1004 1001 1001 992
    992 995 995 998 998 998 998 998 998 998 998 998 1001 1001 1001 0 0 0
    1013 1007 1001 992 987 981 962 959 954 954 954 935 935 935 935 935
    935 935 938 935 935 938 938 940 938 938 946 948 948 948 948 948 948
    951 954 956 959 964 964 970 967 962 962 981 967 967 967 970 973 973
    973 978 981 984 984 987 987 987 987 992 992 992 995 995 998 998 998
    1001 998 998 0 0 0 1013 1007 1004 998 984 981 962 959 954 946 938
    935 930 928 928 928 930 933 933 933 933 935 935 935 935 938 943 946
    946 946 946 946 946 948 948 951 948 948 954 956 962 962 962 962 964
    964 964 967 970 970 970 975 978 981 981 984 984 984 984 987 989 989
    995 995 995 998 998 1001 998 998 0 0 0 1013 1010 1004 992 984 978
    962 959 954 943 938 935 930 925 925 925 925 928 928 928 930 933 933
    935 935 935 938 943 943 943 946 946 946 948 948 948 948 948 951 954
    956 959 959 959 962 964 964 967 967 970 970 973 975 978 981 981 984
    984 984 987 989 989 992 995 995 998 998 998 998 998 0 0 0 1013 1013
    1001 989 984 978 973 959 954 943 938 933 928 925 923 923 923 923 925
    925 928 933 933 935 935 935 938 940 940 943 943 946 946 948 948 948
    948 948 951 954 956 956 956 959 962 964 964 967 967 970 970 973 975
    978 981 981 981 984 984 987 989 989 992 995 995 998 998 998 998 1001
    0 0 0 1016 1013 1001 989 984 978 973 959 951 946 938 933 928 925 923
    923 923 923 925 925 928 930 933 933 935 935 938 940 940 943 943 946
    946 948 948 948 948 951 951 954 956 956 956 959 962 964 964 967 967
    970 970 975 978 978 981 981 981 984 987 989 989 989 992 995 995 998
    998 998 1001 1001 0 0 0 1016 1007 998 992 984 978 970 959 951 943
    935 930 928 925 923 923 925 925 925 925 928 930 933 933 935 935 938
    940 940 943 943 946 946 948 948 948 951 954 954 956 956 956 959 959
    964 964 964 967 967 970 970 975 978 981 981 981 984 984 987 989 989
    989 989 992 992 995 998 998 1001 1004 0 0 0 1019 1007 998 992 984
    978 967 956 951 943 935 928 925 925 923 923 925 925 925 928 933 933
    933 935 935 938 938 940 940 943 943 946 946 948 948 948 954 956 956
    956 956 956 959 959 964 964 964 967 967 970 970 975 978 981 981 984
    984 984 987 989 989 989 989 992 992 995 995 998 1001 1004 0 0 0 1016
    1013 1001 992 984 978 962 956 951 943 935 928 925 925 923 923 925
    925 925 928 933 933 935 935 938 938 938 940 940 943 943 946 946 948
    948 948 954 954 956 956 956 959 959 962 962 962 964 967 967 970 973
    975 978 981 981 984 984 984 987 987 989 992 992 992 992 995 995 998
    1001 0 0 0 0 1016 1013 1004 992 987 978 962 956 951 943 938 930 925
    923 923 923 925 925 925 928 930 935 935 935 938 938 938 940 943 943
    946 946 946 948 948 951 954 954 956 956 956 959 959 962 962 962 964
    967 970 970 973 975 978 981 984 984 984 987 987 987 989 992 992 992
    995 995 995 995 995 0 0 0 0 1013 1007 1001 992 987 978 962 956 951
    943 938 930 925 923 923 923 925 928 928 930 930 933 935 935 938 938
    938 940 943 946 946 946 946 948 948 951 954 956 956 956 956 959 959
    962 962 964 967 967 970 970 973 975 978 981 981 984 984 987 987 989
    989 992 992 995 995 995 995 995 995 0 0 0 0 1013 1007 1001 995 987
    978 962 956 948 943 935 930 928 923 923 923 925 928 930 930 930 933
    935 935 938 938 940 940 943 946 946 946 948 948 948 951 954 956 956
    956 959 959 962 962 964 964 967 970 970 970 973 975 978 981 981 984
    984 987 989 989 992 992 992 995 995 995 995 998 998 0 0 0 0 1013
    1007 1001 995 987 978 962 956 948 940 935 928 928 925 925 925 925
    928 930 933 933 935 935 935 938 938 938 940 943 946 946 946 948 948
    948 951 954 956 956 956 959 959 962 964 964 967 970 970 970 970 973
    975 978 981 984 984 984 987 989 989 992 992 995 995 995 995 995 998
    1004 0 0 0 0 1013 1007 1004 995 984 978 962 956 948 940 930 925 925
    925 925 925 928 928 933 933 933 935 935 935 938 938 938 940 943 946
    946 948 948 948 948 951 954 956 956 956 959 959 962 964 964 967 970
    970 970 970 973 978 981 981 984 984 984 987 989 992 992 992 995 995
    995 995 995 998 1004 0 0 0 0 1013 1010 1004 995 984 978 973 956 951
    940 928 925 925 925 925 925 928 928 933 933 933 935 935 935 938 938
    938 940 946 946 946 948 948 951 951 954 954 956 956 959 959 959 964
    964 967 970 970 970 970 970 975 981 981 981 981 984 987 989 989 992
    992 992 995 995 995 998 998 1001 1004 0 0 0 0 1013 1010 1001 995 984
    978 970 956 951 940 928 925 925 925 925 925 928 928 933 933 933 935
    935 938 938 938 940 943 946 946 946 948 951 951 951 954 956 956 956
    959 959 959 964 964 967 967 970 970 973 975 978 981 981 981 981 984
    987 989 992 992 992 992 995 995 995 998 995 995 0 0 0 0 1028 1016
    1007 1001 992 984 978 962 956 951 943 930 928 925 925 925 928 928
    930 933 933 933 935 935 938 938 940 940 943 946 946 946 948 951 951
    954 954 956 959 959 959 959 964 964 967 967 967 970 973 975 978 978
    981 981 981 981 984 987 989 992 992 992 995 995 995 995 995 995 995
    0 0 0 0 1025 1016 1007 1001 992 984 978 962 956 951 940 933 928 928
    925 925 928 928 930 933 933 935 935 935 938 938 940 940 943 946 946
    946 948 948 951 954 956 956 959 959 959 959 964 964 967 967 967 970
    973 975 978 981 984 981 981 981 984 987 992 992 992 992 995 995 995
    995 995 1001 1001 0 0 0 0 1022 1016 1004 1001 992 984 978 962 956
    951 940 935 928 928 925 925 928 928 930 933 933 935 935 935 938 940
    943 943 943 946 946 946 948 948 951 954 956 956 959 959 959 964 964
    964 964 967 967 970 973 975 978 978 984 984 984 984 984 987 989 992
    992 992 995 995 995 995 995 995 995 0 0 0 0 1022 1010 1004 998 992
    984 975 962 959 951 943 933 928 928 925 925 928 928 930 933 933 935
    935 935 938 940 943 946 946 946 946 948 948 948 951 954 956 956 959
