<?xml version="1.0"?>
<opencv_storage>
<Depth1175 type_id="opencv-matrix">
  <rows>67</rows>
  <cols>43</cols>
  <dt>w</dt>
  <data>
    3692 3692 3692 3692 1647 1639 1632 1632 1616 1609 1601 1601 1594
    1586 1579 1579 1564 1543 1543 1523 1516 1509 1503 1496 1489 1489
    1470 1464 1464 1470 1470 1477 1483 1489 1489 1489 1489 1503 1509
    1516 1516 1516 3539 3692 3732 3732 1647 1647 1639 1632 1632 1616
    1609 1601 1601 1586 1579 1564 1564 1550 1543 1536 1523 1516 1509
    1503 1496 1489 1489 1470 1464 1464 1464 1470 1477 1483 1483 1489
    1489 1489 1503 1509 1516 1516 1516 1523 3692 3692 3692 1663 1663
    1639 1632 1632 1616 1609 1601 1594 1586 1579 1564 1557 1543 1536
    1529 1523 1516 1509 1503 1496 1489 1489 1470 1470 1464 1464 1464
    1470 1477 1483 1483 1489 1489 1503 1509 1509 1516 1516 1516 3692
    3692 0 1647 1647 1639 1632 1632 1616 1609 1601 1594 1579 1572 1564
    1557 1543 1536 1529 1523 1516 1509 1509 1496 1489 1483 1470 1470
    1464 1464 1464 1470 1477 1483 1483 1489 1489 1503 1503 1509 1509
    1516 1516 3732 3732 0 1647 1647 1639 1632 1632 1616 1609 1601 1594
    1579 1572 1564 1557 1543 1536 1529 1516 1516 1509 1503 1496 1489
    1483 1470 1470 1464 1464 1464 1470 1477 1483 1483 1489 1489 1503
    1503 1509 1509 1516 1516 3692 3692 0 1655 1655 1639 1639 1632 1616
    1609 1601 1594 1579 1579 1564 1557 1543 1536 1529 1516 1516 1509
    1503 1496 1489 1483 1477 1470 1464 1464 1470 1477 1483 1483 1489
    1489 1496 1503 1509 1509 1509 1509 1516 3692 3692 1671 1647 1647
    1639 1632 1632 1616 1609 1601 1594 1579 1579 1564 1557 1543 1536
    1529 1516 1509 1509 1503 1496 1489 1483 1477 1470 1470 1470 1470
    1477 1483 1483 1489 1489 1496 1503 1509 1509 1509 1509 1516 3732
    3732 1671 1671 1647 1639 1632 1632 1616 1609 1601 1601 1586 1579
    1572 1557 1543 1536 1529 1516 1509 1509 1503 1496 1483 1483 1477
    1470 1464 1464 1470 1477 1483 1483 1489 1489 1496 1503 1509 1509
    1509 1509 1516 3732 3732 1671 1671 1655 1647 1632 1624 1616 1609
    1601 1601 1586 1579 1572 1564 1543 1536 1529 1523 1516 1509 1503
    1496 1483 1483 1470 1464 1464 1464 1470 1477 1483 1483 1489 1489
    1496 1503 1509 1509 1509 1509 1516 3732 3732 1671 1671 1655 1647
    1632 1624 1616 1609 1601 1594 1586 1579 1579 1564 1543 1536 1529
    1523 1516 1509 1503 1496 1483 1477 1470 1464 1464 1464 1470 1470
    1483 1483 1489 1489 1496 1503 1509 1509 1509 1516 1516 3732 3692
    1663 1663 1655 1639 1632 1624 1616 1609 1601 1594 1586 1579 1579
    1564 1543 1536 1529 1523 1516 1509 1503 1496 1483 1477 1470 1464
    1464 1464 1470 1470 1483 1483 1489 1489 1496 1503 1509 1509 1509
    1516 1516 3692 3692 1647 1647 1647 1639 1632 1624 1616 1609 1601
    1594 1586 1579 1564 1564 1543 1536 1529 1523 1516 1509 1503 1496
    1483 1477 1470 1464 1464 1464 1470 1477 1483 1483 1483 1489 1496
    1503 1509 1509 1509 1516 1516 3692 3692 1647 1647 1647 1639 1632
    1632 1616 1609 1601 1594 1586 1579 1564 1557 1543 1536 1529 1523
    1516 1509 1509 1496 1489 1483 1470 1464 1464 1470 1470 1477 1483
    1483 1483 1489 1496 1503 1509 1509 1516 1516 1516 3692 1647 1647
    1647 1647 1639 1632 1624 1616 1609 1601 1594 1586 1579 1564 1557
    1543 1536 1529 1529 1516 1509 1509 1489 1489 1483 1477 1470 1470
    1470 1470 1477 1483 1483 1489 1489 1496 1503 1503 1509 1516 1516
    1516 3692 1647 1647 1647 1647 1639 1632 1624 1616 1609 1601 1601
    1586 1579 1564 1557 1543 1536 1529 1529 1516 1516 1509 1489 1489
    1483 1470 1470 1470 1470 1470 1477 1483 1483 1489 1489 1496 1503
    1503 1509 1516 1516 1509 3692 3692 1663 1655 1647 1639 1632 1624
    1616 1609 1601 1601 1586 1579 1564 1557 1543 1536 1529 1523 1516
    1516 1509 1489 1483 1483 1470 1464 1464 1470 1470 1483 1483 1483
    1489 1496 1496 1503 1503 1509 1516 1509 1509 3692 3692 1663 1663
    1647 1639 1632 1624 1616 1609 1601 1601 1586 1579 1572 1557 1543
    1536 1529 1523 1516 1509 1509 1489 1483 1477 1464 1464 1464 1470
    1477 1483 1483 1489 1489 1496 1503 1509 1509 1509 1516 1509 1509
    3692 1671 1671 1663 1647 1639 1639 1632 1624 1609 1609 1601 1586
    1579 1572 1557 1543 1536 1529 1523 1516 1509 1509 1489 1483 1477
    1464 1464 1464 1464 1477 1483 1483 1489 1489 1496 1503 1509 1509
    1509 1516 1516 1516 3692 1663 1663 1663 1655 1639 1639 1632 1624
    1616 1609 1601 1586 1579 1572 1557 1543 1536 1529 1523 1516 1509
    1509 1489 1483 1477 1464 1464 1464 1464 1477 1483 1483 1489 1489
    1496 1503 1509 1509 1509 1516 1523 1523 3692 1663 1663 1655 1647
    1639 1632 1632 1624 1616 1609 1594 1586 1579 1564 1557 1543 1536
    1529 1523 1516 1509 1509 1489 1483 1477 1464 1464 1464 1464 1477
    1483 1483 1489 1489 1496 1503 1509 1509 1509 1516 1516 1516 3692
    1663 1663 1655 1647 1639 1632 1624 1616 1609 1601 1594 1586 1579
    1564 1557 1543 1536 1529 1523 1516 1509 1503 1489 1483 1477 1470
    1470 1470 1470 1470 1477 1483 1489 1489 1496 1503 1509 1509 1509
    1516 1516 1516 3732 1655 1655 1647 1639 1639 1632 1624 1616 1609
    1601 1594 1586 1579 1564 1557 1543 1536 1536 1523 1516 1509 1503
    1489 1483 1477 1470 1470 1470 1470 1470 1477 1483 1489 1489 1496
    1503 1509 1509 1516 1516 1509 1509 3692 1655 1655 1647 1639 1639
    1632 1624 1616 1609 1601 1594 1586 1579 1572 1564 1543 1536 1529
    1523 1516 1509 1503 1489 1483 1477 1470 1470 1470 1470 1477 1483
    1483 1489 1489 1503 1503 1509 1509 1516 1516 1509 1509 3692 1655
    1655 1647 1639 1639 1632 1632 1616 1609 1601 1594 1586 1579 1572
    1564 1550 1543 1529 1523 1516 1509 1503 1489 1483 1477 1470 1470
    1470 1477 1483 1483 1483 1489 1496 1503 1509 1509 1509 1516 1516
    1509 1509 3692 1655 1655 1647 1639 1639 1632 1632 1616 1609 1601
    1594 1586 1572 1572 1564 1543 1536 1529 1523 1516 1509 1503 1489
    1483 1477 1470 1470 1477 1477 1483 1483 1483 1489 1496 1503 1509
    1509 1509 1516 1516 1516 1516 3732 1655 1655 1647 1639 1639 1632
    1632 1616 1609 1601 1594 1586 1572 1572 1564 1543 1536 1529 1523
    1516 1509 1503 1489 1483 1477 1470 1470 1477 1477 1483 1483 1483
    1489 1496 1503 1509 1509 1516 1516 1523 1523 1523 3614 1663 1663
    1655 1647 1639 1632 1632 1616 1609 1601 1594 1586 1572 1564 1557
    1543 1536 1529 1523 1516 1509 1489 1483 1483 1477 1470 1470 1477
    1477 1483 1483 1483 1489 1496 1503 1509 1509 1516 1516 1516 1516
    1516 3614 1671 1663 1663 1655 1639 1639 1632 1616 1609 1601 1594
    1586 1572 1564 1557 1543 1536 1529 1523 1516 1509 1489 1483 1483
    1477 1470 1470 1477 1477 1483 1483 1483 1489 1496 1503 1509 1509
    1516 1516 1516 1516 1516 3692 1671 1671 1663 1647 1639 1639 1632
    1616 1609 1601 1601 1586 1572 1564 1557 1543 1536 1529 1523 1516
    1509 1503 1489 1483 1477 1470 1470 1477 1483 1483 1489 1489 1489
    1496 1503 1509 1509 1509 1516 1516 1516 1516 3692 1671 1671 1663
    1647 1639 1639 1632 1616 1609 1601 1601 1586 1572 1564 1557 1543
    1536 1529 1523 1516 1516 1503 1489 1483 1477 1470 1470 1477 1483
    1483 1489 1489 1489 1496 1503 1509 1509 1509 1516 1516 1516 3503
    1696 1671 1671 1663 1647 1639 1639 1632 1616 1609 1601 1601 1586
    1572 1564 1557 1543 1536 1529 1523 1516 1516 1503 1489 1483 1477
    1477 1477 1477 1483 1489 1489 1489 1496 1496 1503 1509 1509 1516
    1516 1516 1516 3503 1696 1671 1671 1663 1647 1639 1639 1632 1616
    1609 1601 1601 1586 1579 1572 1557 1543 1536 1529 1523 1516 1509
    1509 1489 1483 1477 1477 1477 1477 1483 1483 1489 1489 1496 1496
    1503 1509 1509 1516 1516 1523 1523 3539 1696 1663 1663 1663 1647
    1639 1639 1632 1624 1616 1609 1601 1579 1572 1572 1557 1543 1536
    1529 1523 1516 1509 1509 1489 1483 1477 1477 1477 1477 1483 1483
    1489 1489 1489 1496 1503 1509 1509 1516 1516 1523 1523 3539 3774
    1663 1663 1655 1647 1639 1632 1632 1616 1609 1601 1601 1579 1572
    1572 1564 1543 1536 1529 1523 1516 1509 1503 1489 1483 1477 1477
    1477 1483 1483 1489 1489 1489 1489 1496 1509 1509 1516 1516 1523
    1529 1529 3539 1663 1663 1663 1655 1647 1639 1632 1624 1616 1609
