<?xml version="1.0"?>
<opencv_storage>
<Depth14056 type_id="opencv-matrix">
  <rows>54</rows>
  <cols>49</cols>
  <dt>w</dt>
  <data>
    4405 4405 4405 4405 4405 4405 4405 4405 4405 4405 4405 4405 4405
    4405 4405 4405 4349 1959 1959 1970 1981 1981 1981 1981 1981 1981
    4463 4405 4405 4405 4463 4463 4463 4463 4463 4405 4405 4405 4405
    4463 4463 4463 4463 4463 4463 4463 4463 4463 4522 4349 4349 4405
    4405 4405 4405 4405 4405 4405 4405 4405 4349 4349 4349 4349 4349
    4349 1959 1959 1959 1970 1981 1981 1981 1981 1981 1981 4405 4405
    4405 4463 4463 4463 4463 4405 4405 4349 4349 4405 4463 4463 4463
    4463 4463 4463 4463 4463 4463 4522 4349 4349 4405 4405 4405 4405
    4405 4405 4405 4405 4405 4349 4349 4349 4349 1947 1947 1947 1947
    1959 1970 1970 1981 1981 1981 1981 1981 4405 4405 4405 4463 4463
    4463 4463 4405 4405 4349 4349 4405 4463 4463 4463 4463 4463 4463
    4463 4463 4463 4522 4405 4405 4405 4405 4405 4405 4405 4405 4349
    4349 4405 4405 4405 4405 4405 1947 1947 1947 1947 1947 1959 1970
    1981 1981 1981 1981 1993 1993 4405 4405 4463 4463 4463 4463 4463
    4405 4405 4405 4405 4463 4463 4463 4463 4463 4463 4463 4463 4463
    4463 4349 4349 4349 4349 4405 4405 4405 4405 4349 1904 1894 1894
    4405 4405 1894 1894 1915 1926 1936 1936 1947 1959 1970 1970 1981
    1981 1981 1993 2016 4463 4463 4463 4463 4463 4463 4463 4405 4405
    4405 4463 4463 4463 4463 4463 4463 4463 4463 4463 4463 4349 4349
    4349 4349 4405 4405 4405 4405 4405 1904 1894 1894 1894 1883 1883
    1894 1915 1926 1926 1926 1936 1936 1947 1970 1970 1981 1981 1981
    2005 2016 4463 4463 4463 4463 4463 4463 4405 4405 4405 4463 4405
    4405 4405 4463 4463 4463 4463 4463 4463 4349 4349 4349 4349 4349
    4295 4295 4295 4405 1904 1894 1883 1883 1883 1883 1894 1904 1915
    1926 1926 1936 1936 1936 1959 1970 1970 1981 1981 1993 2005 2005
    4463 4463 4463 4463 4463 4463 4463 4463 4405 4405 4405 4405 4463
    4463 4463 4463 4463 4463 4405 4349 4349 4349 4349 4295 4295 4295
    4405 1863 1863 1873 1873 1883 1894 1894 1894 1904 1915 1926 1926
    1926 1936 1947 1959 1970 1970 1970 1993 1993 2005 2005 4463 4463
    4463 4463 4463 4463 4463 4405 4405 4405 4405 4463 4463 4463 4463
    4463 4463 4405 4349 4349 4349 4349 4349 4349 1853 1853 1853 1863
    1863 1863 1873 1883 1894 1894 1904 1915 1926 1926 1926 1936 1936
    1959 1970 1970 1970 1981 1993 1993 1993 4582 4522 4463 4463 4405
    4405 4463 4405 4405 4405 4405 4463 4463 4463 4463 4463 4463 4405
    4349 4349 4349 4349 1883 1853 1853 1853 1853 1853 1853 1863 1863
    1883 1883 1894 1894 1904 1915 1926 1926 1926 1926 1959 1970 1970
    1970 1981 1993 1993 2005 4582 4522 4463 4463 4405 4405 4463 4405
    4405 4405 4405 4463 4463 4463 4463 4522 4463 4349 4295 4295 1883
    1883 1883 1873 1853 1853 1853 1853 1853 1863 1863 1863 1873 1883
    1894 1894 1904 1915 1926 1926 1926 1959 1970 1970 1970 1981 1981
    1993 1993 2005 4522 4405 4405 4405 4405 4463 4405 4405 4405 4405
    4463 4463 4463 4463 4463 4463 4349 1904 1894 1883 1883 1883 1873
    1853 1853 1853 1853 1853 1853 1853 1863 1863 1883 1883 1883 1894
    1904 1915 1926 1926 1926 1970 1970 1970 1981 1981 1993 1993 1993
    1993 4405 4405 4405 4405 4463 4405 4405 4405 4405 4463 4463 4463
    4463 4463 4463 1894 1894 1883 1883 1883 1873 1873 1853 1853 1853
    1853 1853 1853 1853 1853 1863 1873 1883 1883 1883 1894 1904 1926
    1926 1915 1915 1970 1970 1981 1981 1981 1993 1993 1993 1993 4405
    4405 4463 4463 4463 4463 4463 4463 4463 4463 4463 4463 4463 4463
    1894 1894 1883 1883 1883 1873 1873 1863 1863 1863 1853 1853 1853
    1853 1853 1853 1853 1863 1873 1883 1883 1894 1915 1915 1915 1915
    1936 1947 1970 1970 1981 1993 1993 1993 1993 4405 4405 4463 4463
    4463 4463 4463 4463 4463 4463 4463 4463 4463 4463 1904 1894 1894
    1894 1883 1883 1873 1873 1863 1863 1853 1853 1853 1853 1853 1853
    1853 1863 1873 1873 1883 1883 1894 1904 1915 1915 1926 1936 1959
    1970 1981 1981 1993 1993 1993 1993 4463 4463 4463 4463 4463 4463
    4463 4463 4463 4463 4463 4463 4463 1904 1904 1894 1894 1883 1883
    1873 1873 1873 1853 1853 1853 1843 1843 1853 1853 1853 1863 1863
    1873 1873 1883 1883 1883 1904 1915 1926 1926 1947 1947 1970 1981
    1981 1993 1993 1993 4522 4463 4463 4463 4463 4463 4463 4463 4405
    4405 4463 4463 4463 1915 1904 1894 1894 1894 1883 1883 1883 1873
    1853 1853 1853 1843 1843 1853 1853 1853 1863 1863 1863 1873 1883
    1883 1883 1894 1904 1915 1915 1936 1947 1970 1981 1981 1981 1993
    1993 1993 4463 4463 4463 4463 4463 4463 4463 4405 4405 4463 4463
    4463 1926 1915 1904 1894 1894 1894 1883 1883 1873 1873 1853 1853
    1853 1853 1853 1853 1853 1853 1853 1863 1873 1873 1883 1883 1894
    1894 1915 1915 1936 1936 1959 1970 1981 1981 1993 1993 2005 4463
    4463 4463 4463 4463 4463 4463 4463 4463 4463 4405 4405 1936 1915
    1915 1894 1894 1894 1883 1883 1873 1873 1863 1853 1853 1853 1843
    1843 1843 1843 1853 1853 1863 1873 1883 1883 1894 1894 1904 1915
    1936 1936 1959 1959 1970 1981 1981 1993 1993 1993 4463 4405 4405
    4463 4463 4463 4463 4463 4463 4405 4405 4295 1915 1915 1904 1904
    1894 1894 1883 1883 1873 1863 1853 1853 1853 1843 1843 1843 1843
    1843 1853 1853 1873 1873 1883 1883 1894 1894 1904 1926 1936 1947
    1959 1970 1981 1981 1981 1993 1993 1993 4405 4405 4405 4405 4405
    4405 4405 4463 4405 4405 4241 1915 1915 1904 1904 1894 1894 1883
    1883 1873 1873 1863 1853 1853 1843 1843 1843 1843 1843 1853 1853
    1863 1863 1873 1883 1883 1894 1904 1926 1936 1947 1947 1959 1970
    1981 1981 1993 1993 1993 1993 4463 4405 4405 4405 4405 4405 4405
    4405 4463 4241 4241 1926 1915 1915 1904 1894 1894 1883 1883 1873
    1863 1863 1853 1853 1843 1843 1843 1843 1853 1853 1853 1863 1863
    1883 1883 1894 1894 1915 1926 1947 1947 1947 1959 1970 1981 1981
    1993 1993 1993 1993 4463 4463 4405 4405 4405 4405 4405 4463 4241
    4241 4295 1904 1904 1904 1904 1894 1894 1883 1883 1873 1873 1863
    1853 1853 1843 1843 1843 1843 1843 1853 1863 1863 1873 1883 1883
    1883 1904 1915 1936 1936 1936 1959 1970 1970 1981 1981 1981 1981
    1981 4463 4463 4463 4463 4463 4463 4463 4463 4241 4295 4295 1894
    1894 1894 1894 1904 1894 1883 1883 1873 1873 1863 1863 1853 1853
    1853 1843 1843 1843 1853 1853 1863 1873 1873 1883 1883 1904 1915
    1936 1936 1936 1947 1959 1970 1981 1981 1981 1981 1993 4522 4463
    4463 4463 4463 4463 4463 4463 4241 4295 4295 4295 1894 1894 1894
    1904 1904 1894 1883 1883 1883 1873 1863 1853 1853 1853 1843 1843
    1843 1843 1843 1853 1863 1863 1873 1883 1904 1915 1926 1936 1936
    1947 1959 1959 1970 1981 1981 1981 1993 1993 1993 4463 4463 4463
    4463 4463 4463 4295 4295 4241 4241 4241 1904 1904 1894 1894 1894
    1894 1883 1883 1873 1863 1863 1853 1853 1843 1843 1833 1833 1843
    1853 1853 1863 1863 1873 1904 1915 1926 1926 1926 1936 1947 1959
    1970 1981 1981 1981 1993 1993 1993 2005 4463 4463 4463 4463 4463
    4295 4295 4241 4241 4241 1904 1904 1894 1894 1894 1894 1883 1883
    1873 1863 1863 1863 1853 1843 1843 1833 1833 1843 1843 1853 1853
    1863 1863 1894 1904 1915 1915 1926 1936 1936 1947 1959 1981 1981
    1981 1993 1993 1993 2005 2005 4463 4463 4463 4405 4295 4241 4241
    4190 4190 4190 4190 1904 1904 1894 1894 1894 1883 1873 1873 1863
    1863 1853 1843 1843 1843 1843 1843 1843 1853 1853 1863 1863 1883
    1894 1904 1904 1915 1926 1936 1936 1947 1970 1970 1981 1981 1993
    1993 1993 1993 4522 4463 4463 4405 4241 4241 4241 4190 4190 4190
    4190 1904 1904 1894 1894 1894 1883 1883 1873 1873 1873 1863 1853
    1843 1843 1843 1843 1843 1853 1853 1863 1863 1883 1894 1894 1894
    1904 1915 1926 1936 1947 1947 1959 1970 1981 1981 1993 1993 1993
    4522 4522 4463 4405 4241 4241 4241 4241 4241 4241 4295 1915 1915
    1894 1894 1894 1883 1883 1883 1873 1873 1863 1863 1853 1853 1843
    1843 1843 1843 1853 1853 1863 1873 1883 1883 1894 1894 1904 1915
    1926 1936 1936 1936 1959 1970 1981 1981 1993 1993 1993 1993 4463
    4405 4241 4241 4241 4241 4241 4241 4295 4295 1926 1894 1894 1894
