<?xml version="1.0"?>
<opencv_storage>
<Depth17803 type_id="opencv-matrix">
  <rows>37</rows>
  <cols>20</cols>
  <dt>w</dt>
  <data>
    4983 4983 5056 5132 5132 2883 2883 2883 2744 2723 2723 2680 2680
    2680 4911 4911 4842 4708 4708 4708 4983 4983 4983 2767 2744 2744
    2744 2744 2744 2723 2723 2680 2680 2680 4911 4842 4842 4708 4708
    4708 4983 2744 2723 2723 2744 2744 2744 2744 2723 2723 2723 2701
    2680 2680 2680 4842 4842 4842 4774 4774 2767 2744 2723 2723 2723
    2723 2723 2723 2723 2723 2723 2701 2680 2680 2680 2680 4842 4842
    4774 4774 2744 2723 2723 2723 2723 2723 2723 2723 2723 2723 2723
    2701 2701 2680 2680 2701 4842 4842 4774 4774 2723 2723 2723 2723
    2723 2723 2723 2723 2723 2723 2723 2701 2701 2701 2701 2701 4842
    4842 4774 4774 2701 2701 2723 2723 2723 2723 2723 2723 2723 2701
    2701 2701 2701 2701 2701 2701 4842 4842 4774 4774 2701 2701 2723
    2723 2723 2723 2723 2723 2723 2701 2701 2701 2701 2701 2701 2701
    4842 4842 4774 4774 2723 2723 2744 2723 2723 2723 2701 2701 2701
    2701 2701 2701 2701 2701 2701 2701 2723 4842 4774 4774 2723 2723
    2744 2723 2723 2723 2701 2701 2701 2701 2701 2701 2701 2701 2701
    2701 2723 4842 4842 4774 4983 2744 2744 2723 2723 2723 2701 2701
    2701 2701 2701 2723 2701 2701 2701 2701 4842 4774 4774 4774 4983
    2723 2723 2723 2723 2723 2701 2701 2701 2701 2701 2701 2701 2701
    2701 2701 4842 4774 4774 4774 4983 2723 2723 2723 2723 2723 2701
    2701 2701 2701 2701 2701 2701 2701 2701 2701 4774 4774 4774 4774
    4983 4983 2723 2723 2723 2723 2723 2701 2701 2701 2701 2701 2701
    2701 2701 2701 2744 4774 4842 4842 5056 5056 2723 2723 2723 2723
    2723 2723 2723 2723 2701 2701 2701 2701 2701 2701 2723 4842 4842
    4842 4983 5056 2744 2723 2723 2723 2723 2723 2723 2723 2701 2701
    2701 2701 2701 2723 2723 2723 4911 4911 4983 5056 2767 2744 2723
    2723 2723 2723 2723 2723 2723 2723 2723 2701 2701 2723 2723 2723
    4842 4842 4983 4983 4983 2744 2744 2723 2723 2723 2723 2723 2723
    2723 2723 2701 2701 2701 2701 4842 4842 4842 4983 4983 4983 2767
    2744 2723 2723 2723 2723 2723 2723 2723 2723 2701 2701 2701 2701
    2701 4842 4842 4983 4983 4983 4983 2744 2744 2723 2723 2723 2723
    2723 2723 2723 2701 2701 2723 2701 2701 4911 4911 5056 4983 4983
    4983 2744 2723 2723 2723 2723 2723 2723 2723 2723 2723 2723 2723
    2701 2701 4911 4911 5056 4983 4983 4983 2744 2723 2723 2723 2723
    2723 2723 2723 2723 2723 2723 2723 2701 2701 4911 4911 4983 4983
    5056 4983 2744 2723 2723 2723 2723 2723 2723 2723 2723 2723 2723
    2723 2723 2723 4911 4911 4983 4983 5056 4983 4911 2744 2744 2723
    2723 2723 2723 2723 2723 2723 2723 2723 2723 2723 2723 4911 4983
    4983 5056 4983 4911 2744 2744 2723 2723 2723 2723 2723 2723 2723
    2723 2723 2723 2723 2723 4911 4983 4983 5056 4983 4983 2744 2744
    2723 2723 2723 2723 2723 2723 2723 2723 2723 2723 2723 2723 4842
    5056 5056 4983 4983 4983 2744 2744 2723 2723 2723 2723 2723 2723
    2723 2723 2723 2723 2723 2723 4842 4983 4983 4983 4983 4983 2744
    2744 2744 2744 2723 2723 2723 2723 2723 2723 2723 2723 2723 2723
    2723 4983 4983 4983 4983 4983 2767 2744 2744 2744 2723 2723 2723
    2723 2723 2723 2723 2723 2723 2723 2723 4983 5056 4983 4983 4983
    4983 2744 2744 2744 2744 2744 2723 2723 2723 2723 2723 2723 2723
    2701 2701 4983 5056 5056 4983 4983 4983 2744 2744 2744 2744 2744
    2744 2723 2723 2723 2723 2723 2723 2701 2701 4983 5056 5056 4983
    4983 4983 5056 2744 2744 2744 2744 2744 2723 2723 2723 2723 2723
    2723 2723 2723 5056 5056 5056 4983 4983 5056 5056 2744 2744 2744
    2723 2723 2723 2723 2723 2744 2744 2744 2723 2723 5056 5056 5056
    5056 5056 5056 4983 2744 2744 2744 2723 2723 2723 2723 2723 2744
    2744 2744 2723 2723 5056 5056 5056 5056 5056 5056 4983 4983 2744
    2744 2744 2723 2723 2723 2723 2744 2744 2744 2723 2723 5056 5056
    5056 5056 5056 5056 4983 4983 2767 2744 2744 2723 2723 2723 2723
    2744 2744 2744 2744 4983 5056 5056 5056 5056 5056 5056 4983 4983
    2767 2744 2744 2744 2744 2723 2723 2767 2744 2744 5056 4911</data></Depth17803>
</opencv_storage>
