<?xml version="1.0"?>
<opencv_storage>
<Depth8098 type_id="opencv-matrix">
  <rows>22</rows>
  <cols>29</cols>
  <dt>w</dt>
  <data>
    6146 6146 6146 6038 6038 5933 5933 5832 5832 5933 5933 5933 5933
    3774 3774 3774 3774 3774 3774 3774 3732 3732 3732 3614 3614 5548
    5548 0 0 6038 6146 6038 6038 6038 5933 5933 5832 5832 5832 5832 5832
    3816 3774 3774 3774 3774 3774 3774 3774 3732 3732 3732 3614 3614
    3576 3576 0 0 6038 6146 6038 6038 6038 5933 5933 5832 5832 5832 5832
    3816 3774 3774 3774 3774 3774 3774 3774 3774 3732 3732 3732 3692
    3614 3576 3576 0 0 6038 6038 6146 6146 6038 6038 6038 3903 3903 3859
    3774 3774 3774 3774 3774 3774 3774 3774 3774 3732 3732 3732 3732
    3692 3653 3653 0 0 0 6038 6038 6146 6146 6146 3859 3859 3859 3859
    3816 3774 3774 3774 3774 3774 3774 3732 3732 3732 3732 3692 3692
    3653 3653 3653 3614 3614 0 0 6146 6146 6146 6146 3859 3859 3859 3859
    3859 3816 3774 3774 3774 3774 3732 3732 3732 3692 3653 3653 3653
    3653 3653 3614 3614 3614 3576 3576 0 6146 6038 3903 3903 3859 3859
    3859 3859 3859 3816 3774 3732 3732 3692 3692 3732 3692 3692 3653
    3614 3614 3653 3653 3614 3614 3614 3576 3576 3576 3903 3903 3859
    3859 3816 3816 3816 3816 3816 3774 3732 3732 3732 3692 3692 3692
    3653 3653 3614 3614 3614 3653 3653 3614 3614 3614 3576 3576 3576
    3903 3903 3859 3859 3816 3816 3816 3774 3774 3774 3732 3732 3732
    3692 3692 3692 3653 3653 3614 3614 3614 3653 3614 3614 3614 3614
    3614 3576 3576 3903 3903 3903 3816 3816 3774 3774 3774 3774 3774
    3774 3732 3732 3692 3653 3653 3692 3692 3653 3614 3614 3653 3614
    3614 3614 3614 3614 3614 3614 3903 3903 3859 3774 3774 3774 3774
    3774 3774 3774 3732 3732 3732 3692 3653 3653 3653 3653 3653 3614
    3614 3653 3653 3653 3614 3614 3614 3614 3614 3903 3903 3859 3774
    3774 3774 3774 3774 3732 3732 3732 3692 3692 3692 3653 3653 3653
    3614 3614 3614 3614 3653 3653 3653 3614 3614 3614 3614 3614 6038
    3903 3816 3774 3774 3774 3774 3774 3732 3732 3692 3653 3653 3653
    3653 3653 3614 3576 3576 3576 3576 3653 3653 3653 3614 3614 3614
    3614 3614 5734 5734 3816 3732 3732 3732 3732 3732 3732 3692 3653
    3653 3653 3653 3653 3614 3614 3576 3576 3576 3576 3653 3653 3653
    3614 3614 3614 3614 3614 5734 5734 3774 3732 3732 3732 3732 3692
    3692 3653 3653 3653 3653 3653 3653 3614 3614 3576 3576 3614 3614
    3653 3653 3653 3614 3614 3614 3614 3614 5832 5734 3774 3774 3732
    3732 3692 3692 3653 3614 3614 3614 3653 3653 3653 3614 3614 3576
    3576 3614 3614 3653 3653 3653 3614 3614 3614 5460 5460 5832 5734
    3816 3774 3732 3732 3692 3653 3653 3614 3614 3614 3653 3653 3653
    3614 3614 3576 3576 3614 3614 3653 3692 3692 5640 5548 5460 5460
    5460 5832 5734 3859 3774 3732 3732 3692 3653 3653 3614 3614 3653
    3653 3653 3653 3576 3576 3614 3614 3653 3653 3774 3774 5548 5640
    5640 5640 5640 5640 5832 5734 3903 3903 5734 3732 3692 3653 3653
    3653 3653 3653 3653 3653 3576 3576 3576 3614 3614 3653 5460 5460
    5548 5548 5640 5548 5548 5548 5460 5832 5832 5734 5734 5734 3732
    3692 3692 3692 3692 3653 3653 3653 3614 3576 3576 5640 5548 5548
    5548 5548 5548 5548 5548 5548 5548 5548 5548 5460 5832 5832 5832
    5832 5832 3732 3732 3692 3692 3692 3692 3692 3653 3614 3614 5734
    5734 5640 5640 5548 5548 5548 5548 5548 5548 5548 5548 5548 5548
    5832 5832 5832 5832 5734 3692 3692 3653 3653 3653 3732 3732 5734
    5734 5734 5734 5640 5640 5640 5548 5548 5548 5548 5548 5548 5548
    5548 5548 5548</data></Depth8098>
</opencv_storage>
