<?xml version="1.0"?>
<opencv_storage>
<Depth18305 type_id="opencv-matrix">
  <rows>99</rows>
  <cols>85</cols>
  <dt>w</dt>
  <data>
    4041 4041 4041 4041 4041 4041 4041 4041 4041 4041 3994 3994 4041
    3994 3994 3994 3994 3994 3994 3994 3994 3994 3994 3994 4041 4041
    3994 3994 3994 3994 1134 1130 1130 1130 1130 1130 1126 1123 1123
    1123 1123 3948 3948 3948 3948 3948 3903 3903 3903 3903 3903 3903
    3903 3903 3903 3903 3903 3903 3903 3903 3903 3903 3903 3903 3948
    3948 3948 3948 3948 3948 3948 3948 3948 3948 3948 3948 3903 3903
    3903 3903 3948 3948 3948 3903 3903 4041 4041 4041 4041 4041 4041
    4041 4041 4041 4041 3994 3994 3994 3994 3994 3994 3994 3994 3948
    3948 3948 3948 3948 3948 3994 3994 3994 3994 3994 1130 1130 1130
    1126 1126 1126 1126 1123 1119 1119 1119 1112 1112 3948 3948 3948
    3948 3948 3903 3903 3903 3903 3903 3903 3859 3859 3903 3903 3903
    3903 3903 3903 3903 3903 3903 3948 3948 3948 3948 3948 3948 3948
    3948 3948 3948 3948 3948 3903 3903 3903 3903 3903 3903 3903 3903
    3903 4041 4041 4041 3994 3994 4041 4041 4041 4041 4041 3994 3994
    3994 3994 3948 3948 3948 3948 3948 3948 3948 3948 3948 3948 3994
    3994 3994 4041 4041 1130 1130 1130 1126 1126 1123 1123 1123 1115
    1112 1112 1112 1112 3948 3948 3948 3948 3903 3903 3903 3903 3903
    3903 3903 3859 3859 3903 3903 3903 3903 3903 3903 3903 3903 3903
    3948 3948 3948 3948 3948 3948 3948 3948 3948 3948 3948 3948 3903
    3903 3903 3903 3903 3903 3903 3859 3859 3994 3994 3994 3994 3994
    3994 3994 3994 3994 3994 3994 3994 3994 3994 3948 3948 3948 3948
    3948 3948 3948 3948 3948 3948 3994 3994 4041 4041 1126 1126 1130
    1130 1123 1119 1119 1119 1119 1115 1112 1112 1112 1112 1115 1115
    1115 3948 3903 3903 3903 3903 3903 3903 3903 3903 3903 3903 3903
    3903 3903 3903 3903 3903 3903 3903 3859 3859 3903 3903 3903 3948
    3948 3948 3948 3948 3948 3948 3948 3948 3903 3903 3903 3859 3859
    3859 3859 3994 3948 3948 3948 3948 3994 3948 3948 3994 3994 3994
    3948 3948 3994 3994 3994 3994 3948 3948 3948 3948 3903 3903 3994
    3994 4041 4041 4041 1126 1126 1130 1126 1119 1115 1115 1115 1115
    1115 1112 1112 1112 1112 1112 1115 1115 1115 1115 3948 3948 3903
    3903 3903 3903 3903 3903 3903 3903 3903 3903 3903 3903 3903 3859
    3859 3859 3859 3903 3903 3903 3948 3948 3948 3948 3948 3948 3948
    3948 3948 3903 3903 3859 3859 3859 3859 3859 3994 3948 3948 3948
    3948 3948 3948 3948 3948 3948 3948 3948 3948 3948 3948 3948 3948
    3948 3948 3948 3948 3903 3903 3994 4041 4041 4041 4041 1134 1130
    1130 1126 1119 1115 1112 1112 1112 1112 1112 1112 1112 1112 1112
    1112 1112 1115 1115 1115 3948 3948 3948 3903 3903 3903 3903 3903
    3903 3903 3903 3903 3859 3859 3859 3859 3859 3859 3903 3903 3903
    3948 3948 3948 3903 3903 3903 3903 3903 3948 3903 3903 3859 3859
    3859 3859 3859 3994 3948 3948 3948 3948 3948 3948 3948 3948 3948
    3948 3948 3948 3948 3948 3948 3948 3948 3948 3948 3948 3948 3948
    3994 4041 4041 4089 1130 1130 1130 1130 1134 3948 1090 1090 1097
    1097 1101 1101 1101 1108 1108 1112 1112 1105 1105 1105 1105 3948
    3948 3948 3948 3903 3903 3903 3903 3903 3903 3903 3903 3859 3859
    3859 3859 3859 3859 3859 3903 3903 3903 3903 3903 3903 3903 3903
    3903 3903 3903 3903 3903 3903 3859 3859 3859 3859 3994 3994 3994
    3948 3948 3948 3948 3948 3948 3948 3948 3994 3994 3994 3948 3948
    3948 3948 3948 3948 3948 3948 3948 3994 3994 3994 1130 1130 1130
    1130 1130 1087 1084 1084 1087 1090 1097 1097 1101 1101 1101 1101
    1105 1105 1105 1105 1105 1105 1105 3948 3948 3948 3948 3903 3903
    3903 3903 3903 3903 3903 3859 3859 3859 3859 3859 3859 3859 3903
    3903 3903 3903 3903 3903 3903 3903 3903 3859 3859 3859 3859 3903
    3903 3903 3903 3903 3994 3994 3994 3994 3994 3948 3948 3948 3903
    3903 3948 3948 3994 3994 3948 3948 3948 3948 3948 3948 3994 3948
    3948 3948 1087 1084 1084 1087 1087 1087 1080 1080 1080 1084 1087
    1090 1097 1097 1097 1097 1097 1097 1105 1105 1105 1105 1105 1105
    1105 3948 3948 3948 3948 3948 3903 3903 3859 3859 3859 3903 3903
    3859 3859 3859 3903 3903 3903 3903 3859 3859 3903 3903 3903 3903
    3903 3903 3859 3859 3859 3859 3903 3903 3859 3859 3903 3994 3994
    3994 3994 3994 3994 3948 3948 3903 3903 3903 3948 3994 3994 3948
    3948 3948 3948 3948 3948 3994 3994 3994 1087 1087 1084 1084 1080
    1080 1077 1077 1077 1077 1080 1084 1087 1094 1094 1094 1097 1097
    1097 1105 1105 1105 1105 1105 1105 1105 1105 3994 3994 3948 3948
    3903 3903 3859 3859 3859 3859 3859 3859 3859 3859 3903 3903 3903
    3903 3859 3859 3859 3903 3903 3903 3903 3903 3859 3859 3859 3859
    3903 3859 3816 3816 3816 3994 3994 3994 3994 3994 3994 3994 3948
    3903 3903 3903 3903 3948 3994 3994 3948 3903 3903 3948 3948 3948
    3948 1087 1087 1087 1084 1084 1080 1077 1073 1073 1073 1073 1077
    1080 1084 1087 1087 1087 1094 1094 1097 1101 1101 1101 1101 1101
    1101 1105 1105 1105 3948 3948 3948 3859 3859 3859 3859 3859 3859
    3859 3816 3816 3816 3859 3903 3903 3903 3859 3859 3859 3859 3859
    3903 3903 3903 3903 3859 3859 3859 3859 3816 3816 3816 3816 3948
    3948 3948 3994 3994 3994 3994 3948 3903 3903 3903 3903 3948 3948
    3948 3903 3903 3859 3859 3948 3948 0 1087 1087 1087 1084 1080 1077
    1073 1073 1073 1073 1073 1073 1080 1084 1084 1084 1084 1084 1087
    1090 1094 1097 1097 1101 1101 1101 1101 1101 1105 1105 3948 3948
    3859 3859 3859 3859 3859 3859 3816 3816 3816 3816 3859 3903 3903
    3903 3859 3859 3859 3816 3816 3816 3859 3859 3859 3859 3859 3859
    3816 3816 3816 3816 3816 3948 3948 3948 3948 3948 3948 3948 3948
    3903 3903 3903 3903 3903 3903 3903 3903 3859 3859 3859 0 3859 1087
    1087 1087 1087 1084 1080 1077 1073 1070 1070 1070 1073 1073 1080
    1084 1084 1084 1084 1084 1084 1087 1090 1087 1087 1090 1094 1094
    1097 1097 1101 1101 1101 1101 3859 3859 3859 3859 3859 3859 3816
    3816 3816 3816 3859 3903 3859 3859 3859 3859 3859 3816 3816 3816
    3859 3859 3859 3859 3859 3859 3816 3816 3816 3816 3816 3948 3948
    3948 3948 3948 3948 3948 3948 3903 3903 3903 3903 3903 3903 3859
    3859 3859 3859 0 0 0 0 1087 1087 1087 1084 1080 1077 1073 1070 1070
    1070 1073 1073 1073 1077 1077 1077 1077 1080 1084 1084 1087 1087
    1087 1087 1090 1090 1094 1094 1094 1097 1097 1101 1101 1101 1101
    3859 3859 3859 3859 3816 3816 3816 3859 3859 3816 3816 3816 3816
    3816 3816 3816 3816 3859 3816 3816 3816 3816 3816 3816 3816 3816
    3816 3816 3948 3948 3948 3948 3948 3903 3903 3903 3903 3903 3903
    3903 3903 3903 3859 3859 3859 0 0 0 0 1101 1087 1087 1087 1084 1080
    1077 1073 1070 1070 1070 1070 1070 1073 1073 1073 1073 1077 1077
    1080 1084 1084 1084 1084 1084 1087 1090 1094 1094 1094 1097 1097
    1097 1097 1097 1097 1097 1097 3903 3903 3859 3859 3859 3816 3816
    3816 3816 3816 3816 3816 3816 3816 3816 3816 3816 3816 3816 3816
    3816 3816 3816 3816 3816 3816 3903 3903 3948 3948 3903 3903 3903
    3903 3903 3903 3859 3859 3903 3903 3859 3859 0 3859 0 1101 1101 1094
    1090 1087 1087 1084 1084 1080 1080 1073 1070 1070 1070 1070 1070
    1070 1073 1073 1073 1073 1077 1080 1080 1084 1084 1084 1087 1087
    1090 1090 1090 1090 1090 1094 1094 1094 1094 1094 1094 1094 3948
    3948 3903 3859 3816 3816 3816 3816 3816 3816 3816 3816 3816 3816
    3816 3816 3816 3816 3816 3816 3816 3816 3816 3816 3816 3903 3903
    3903 3948 3903 3903 3903 3903 3903 3903 3859 3859 3859 3859 3859 0
    3859 0 0 0 1101 1094 1090 1087 1087 1087 1087 1084 1084 1077 1073
    1073 1070 1070 1070 1070 1070 1070 1070 1073 1073 1077 1077 1080
    1080 1080 1080 1084 1084 1087 1087 1087 1087 1090 1090 1090 1094
    1094 1094 1094 1101 3816 3816 3816 3816 3816 3816 3816 3816 3816
    3816 3816 3816 3816 3816 3816 3816 3816 3816 3816 3816 3816 3816
    3816 3816 3903 3903 3903 3948 3948 3948 3948 3903 3903 3903 3859
    3859 3859 3859 3859 0 0 0 0 1101 1101 1097 1090 1087 1087 1087 1087
    1087 1084 1084 1080 1077 1073 1073 1070 1070 1070 1070 1070 1070
