<?xml version="1.0"?>
<opencv_storage>
<Depth9843 type_id="opencv-matrix">
  <rows>68</rows>
  <cols>77</cols>
  <dt>w</dt>
  <data>
    5291 5291 5210 5210 5291 5210 5210 5210 5210 5210 5210 5210 5132
    5056 5056 5056 5056 5056 5056 5132 5132 5132 5056 5056 5056 5056
    5056 5056 4983 4983 4911 4911 4911 4911 4842 4842 4842 4842 4842
    4842 4842 4842 4842 4842 4842 4774 4774 4774 4708 4708 4774 4774
    4774 4774 4774 4774 4774 3732 3653 3653 1077 1067 1067 3692 3732 0
    1057 1057 1057 0 0 0 0 0 0 0 0 5291 5291 5210 5210 5291 5210 5210
    5210 5210 5210 5210 5132 5132 5056 5056 4983 4983 5056 5056 5132
    5132 5132 5056 5056 5056 4983 4983 5056 4983 4983 4911 4911 4842
    4842 4842 4842 4842 4842 4842 4842 4842 4842 4842 4774 4774 4774
    4774 4708 4708 4708 4708 4774 4774 4774 4708 4708 4774 4774 1073
    1077 1077 1063 1063 3692 3692 1063 1063 1057 1057 1057 1057 0 0 1057
    1057 1057 1047 5291 5291 5210 5210 5210 5210 5210 5132 5132 5132
    5132 5132 5056 5056 5056 4983 4983 4983 5056 5132 5056 5056 5056
    5056 5056 4983 4983 5056 4983 4983 4911 4911 4842 4842 4842 4842
    4842 4842 4842 4842 4842 4842 4774 4774 4774 4774 4774 4708 4645
    4645 4708 4774 4774 4774 4708 4708 4708 1073 1073 1073 1073 1060
    1054 1054 1063 1063 1063 1060 1060 1057 1054 1050 1050 1054 1050
    1050 1047 5291 5210 5210 5132 5132 5132 5056 5056 5056 5056 5056
    5056 5056 5056 5056 4983 4983 4983 4983 5056 5056 5056 5056 5056
    5056 4983 4983 5056 5056 5056 4983 4911 4842 4842 4842 4842 4842
    4842 4842 4842 4842 4842 4774 4774 4774 1073 1070 1070 1070 1073
    1077 1060 1060 1057 1057 1063 1063 1063 1063 1060 1060 1060 1054
    1054 1060 1060 1057 1057 1057 1054 1050 1050 1050 1047 1047 1047
    1044 5210 5210 5132 5132 5056 5056 5056 5056 5056 5056 5056 5056
    5056 4983 4983 4983 4983 4983 4983 5056 5056 5056 4983 4983 4983
    4983 4983 4983 4983 4983 4983 4911 4842 4842 4842 4842 4842 4842
    4842 4842 4842 1084 1077 1073 1073 1073 1070 1070 1070 1073 1073
    1060 1060 1057 1057 1063 1063 1063 1063 1060 1060 1057 1057 1054
    1054 1054 1050 1050 1050 1050 1044 1044 1044 1041 1041 1041 1038
    5132 5132 5132 5056 5056 5056 5056 5056 5056 5056 5056 5056 5056
    4983 4983 4983 4983 4911 4911 5056 5056 5056 4983 4983 4983 4911
    4911 4911 4911 4911 1080 1077 1077 1084 1084 1084 1080 1077 1077
    1080 1077 1077 1073 1073 1070 1070 1070 1070 1070 1070 1067 1063
    1060 1057 1057 1060 1060 1057 1057 1054 1054 1054 1054 1050 1050
    1047 1047 1047 1044 1044 1038 1038 1038 1038 1038 1034 1031 5056
    5056 5056 5056 4983 4983 5056 5056 5056 5056 5056 5056 4983 1101
    1101 1101 1097 1097 1097 1097 1097 1090 1087 1087 1090 4842 1090
    1090 1087 1087 1080 1077 1077 1084 1084 1084 1077 1077 1077 1077
    1073 1073 1070 1070 1067 1067 1063 1063 1063 1060 1060 1057 1057
    1054 1054 1054 1054 1054 1050 1050 1047 1047 1047 1044 1044 1044
    1041 1041 1038 1038 1034 1034 1034 1034 1031 1028 1028 5056 5056
    1112 1108 1108 4911 4911 1105 1105 1101 1097 1097 1097 1097 1101
    1101 1097 1097 1097 1094 1090 1090 1087 1084 1084 1084 1084 1087
    1087 1084 1084 1080 1080 1080 1080 1080 1073 1073 1073 1070 1067
    1067 1067 1063 1060 1057 1057 1057 1057 1054 1054 1050 1050 1047
    1047 1047 1047 1047 1047 1047 1047 1044 1041 1038 1038 1038 1034
    1034 1034 1034 1028 1028 1028 1028 1025 1022 1019 5056 1112 1112
    1108 1108 1105 1105 1105 1097 1097 1097 1094 1094 1094 1097 1097
    1097 1090 1090 1087 1087 1087 1087 1080 1077 1077 1077 1077 1080
    1080 1077 1077 1077 1073 1073 1073 1070 1070 1067 1063 1060 1060
    1060 1057 1057 1054 1050 1050 1050 1047 1044 1041 1041 1041 1041
    1044 1041 1041 1041 1041 1038 1038 1034 1031 1028 1028 1031 1028
    1028 1025 1022 1022 1022 1019 1019 1013 1010 1123 1112 1105 1101
    1101 1097 1097 1094 1090 1090 1090 1090 1090 1090 1090 1090 1090
    1084 1080 1080 1080 1077 1077 1073 1073 1073 1070 1070 1067 1063
    1060 1060 1063 1063 1060 1060 1057 1057 1057 1054 1054 1054 1054
    1054 1050 1047 1047 1044 1044 1041 1038 1038 1034 1034 1034 1038
    1038 1034 1034 1034 1034 1028 1028 1025 1025 1022 1022 1022 1019
    1019 1016 1013 1013 1013 1010 1007 1004 1105 1105 1097 1097 1097
    1094 1087 1084 1084 1084 1084 1084 1084 1084 1084 1084 1084 1080
    1077 1077 1077 1070 1070 1070 1067 1067 1067 1063 1060 1060 1057
    1057 1054 1050 1047 1047 1047 1047 1047 1050 1050 1047 1047 1044
    1044 1044 1041 1038 1034 1034 1034 1031 1031 1031 1031 1031 1028
    1028 1025 1025 1025 1025 1025 1022 1019 1016 1016 1016 1013 1010
    1010 1007 1007 1007 1004 1004 1001 1097 1094 1090 1090 1090 1090
    1080 1080 1080 1080 1080 1084 1077 1077 1077 1073 1073 1070 1070
    1067 1067 1063 1063 1060 1060 1060 1057 1057 1057 1054 1054 1047
    1047 1044 1044 1044 1044 1044 1041 1038 1038 1044 1038 1034 1034
    1034 1031 1031 1031 1031 1031 1028 1025 1025 1025 1025 1022 1022
    1022 1022 1022 1019 1019 1016 1016 1013 1013 1010 1007 1007 1004
    1004 1004 1004 1001 1001 1001 1090 1087 1087 1087 1084 1084 1080
    1080 1080 1077 1077 1073 1070 1070 1070 1070 1063 1060 1060 1060
    1060 1060 1057 1057 1050 1050 1047 1047 1050 1047 1041 1038 1038
    1034 1034 1034 1038 1034 1034 1031 1028 1028 1028 1025 1025 1028
    1028 1028 1025 1025 1022 1022 1022 1019 1019 1019 1019 1016 1013
    1013 1016 1013 1013 1010 1010 1010 1010 1007 1004 1004 1001 1001
    1001 1001 998 995 995 1090 1084 1084 1080 1073 1070 1070 1070 1073
    1070 1067 1063 1060 1060 1060 1060 1060 1057 1057 1057 1057 1054
    1054 1047 1047 1044 1044 1044 1041 1041 1034 1034 1031 1031 1031
    1031 1028 1028 1025 1022 1019 1019 1019 1019 1019 1019 1019 1019
    1019 1016 1016 1016 1016 1016 1016 1016 1013 1013 1010 1010 1010
    1007 1007 1007 1004 1001 1001 1001 1001 1001 998 995 995 995 992 989
    987 1094 1084 1080 1070 1067 1067 1070 1067 1063 1060 1057 1057 1054
    1054 1057 1057 1054 1054 1050 1050 1050 1047 1044 1041 1041 1041
    1038 1034 1034 1034 1031 1031 1031 1028 1028 1025 1022 1022 1019
    1019 1019 1019 1019 1016 1013 1010 1010 1010 1007 1007 1004 1004
    1007 1007 1007 1010 1010 1007 1004 1004 1004 1004 1004 1001 995 995
    995 998 995 992 989 987 984 981 981 978 978 1112 1084 1070 1063 1060
    1060 1063 1060 1057 1057 1054 1050 1050 1050 1047 1047 1047 1047
    1047 1044 1041 1038 1034 1034 1034 1034 1031 1028 1028 1028 1025
    1025 1025 1022 1022 1022 1019 1019 1016 1013 1013 1010 1010 1010
    1007 1004 1001 998 998 998 998 998 998 995 995 998 998 1004 1001 998
    987 987 989 989 989 987 987 987 981 981 981 981 981 978 978 975 975
    1112 1112 1060 1057 1057 1054 1054 1054 1054 1050 1050 1044 1044
    1047 1044 1041 1041 1038 1038 1038 1038 1034 1034 1031 1031 1025
    1025 1025 1022 1022 1022 1019 1019 1013 1010 1010 1010 1010 1010
    1010 1007 1007 1004 1004 1001 998 995 992 992 992 992 992 992 992
    992 992 989 989 987 987 984 984 984 984 984 984 981 981 978 978 978
    975 975 973 973 970 970 1112 1112 1060 1054 1050 1047 1047 1047 1047
    1044 1044 1038 1038 1038 1038 1034 1034 1031 1031 1031 1031 1031
    1031 1028 1025 1019 1019 1019 1019 1019 1016 1013 1013 1007 1004
    1001 1001 1001 1004 1001 1001 998 998 998 995 992 989 989 989 987
    987 987 987 987 987 987 987 984 981 981 978 978 978 978 978 981 978
    978 975 967 967 970 970 970 970 967 964 0 0 1038 1038 1038 1041 1038
    1038 1038 1038 1034 1028 1028 1028 1028 1028 1028 1028 1028 1028
    1028 1028 1025 1019 1016 1013 1013 1013 1010 1010 1010 1007 1004 998
    998 995 995 995 995 995 995 992 992 992 989 989 987 987 987 984 981
    981 981 981 981 981 981 981 978 975 975 973 973 970 967 964 964 967
    973 967 967 967 967 967 962 959 959 0 0 1034 1031 1031 1031 1031
    1031 1028 1028 1022 1022 1022 1022 1022 1022 1022 1022 1019 1016
    1013 1013 1013 1010 1010 1007 1007 1004 1001 1001 1001 998 998 995
    995 995 992 992 989 989 989 987 987 987 984 984 981 981 981 978 975
    975 975 973 973 975 975 978 973 970 967 967 964 959 956 956 956 954
