<?xml version="1.0"?>
<opencv_storage>
<Depth1877 type_id="opencv-matrix">
  <rows>27</rows>
  <cols>14</cols>
  <dt>w</dt>
  <data>
    3539 3468 3468 3468 3468 3468 1947 1926 1926 1936 1926 1926 1936
    1936 3539 3468 3468 3468 3468 3503 3468 1926 1926 1926 1926 1926
    1926 1926 3503 3503 3468 3468 3468 3468 3433 3433 1926 1926 1926
    1926 1926 1926 3468 3433 3433 3468 3468 3468 3433 3433 3365 3365
    3333 3333 0 0 3468 3433 3433 3433 3433 3433 3399 3399 3365 3365 3333
    3333 0 0 3433 3433 3433 3433 3433 3433 3399 3365 3333 3333 3333 3333
    0 0 3399 3399 3433 3433 3433 3433 3365 3365 3333 3333 3333 3365 0 0
    3399 3399 3365 3365 3399 3399 3365 3365 3365 3333 3333 3333 0 0 3503
    3433 3365 3365 3399 3399 3365 3365 3333 3333 3333 3333 0 0 4645 3433
    3433 3365 3365 3365 3365 3365 3333 3333 3333 3333 0 0 4582 4582 3333
    3333 3333 3333 3333 3333 3333 3365 3365 3333 3333 0 4582 4582 3333
    3333 3333 3333 3333 3333 3333 3333 3333 3333 3333 0 4645 4645 4645
    3333 3333 3300 3300 3333 3333 3333 3300 3300 3300 0 4708 4708 3333
    3333 3333 3300 3300 3300 3333 3333 3300 3300 3300 0 4774 4774 4774
    3333 3300 3300 3300 3300 3333 3333 3300 3300 3333 0 4774 4774 4774
    3333 3300 3300 3300 3300 3333 3238 3238 3238 3300 0 4708 4708 4708
    3333 3300 3300 3300 3300 3300 3238 3238 3238 3300 0 4645 4582 4582
    3300 3300 3300 3300 3300 3238 3238 3238 3238 3269 0 4645 4582 4582
    3300 3300 3300 3269 3238 3238 3238 3238 3238 3238 3238 4645 4582
    4582 3333 3300 3300 3269 3238 3238 3238 3238 3238 3238 3238 4645
    4582 4582 3333 3300 3269 3238 3238 3238 3238 3238 3238 3238 3238
    4645 4582 4463 3238 3238 3238 3238 3238 3238 3238 3238 3208 3208
    3208 4645 4582 4463 3178 3178 3208 3208 3208 3208 3238 3208 3208
    3208 3208 4645 4582 4463 3178 3178 3208 3208 3208 3208 3208 3208
    3208 3208 3208 4582 4582 4522 3208 3178 3178 3208 3208 3208 3208
    3208 3208 3208 3208 4582 4582 4582 3238 3178 3178 3208 3178 3178
    3208 3208 3208 3208 3178 4645 4582 4582 3238 3208 3208 3149 3149
    3120 3120 3149 3149 3149 3149</data></Depth1877>
</opencv_storage>
