<?xml version="1.0"?>
<opencv_storage>
<Depth16186 type_id="opencv-matrix">
  <rows>90</rows>
  <cols>67</cols>
  <dt>w</dt>
  <data>
    3208 3208 3208 3208 3208 3208 3238 1097 1097 3269 3269 3300 3300
    3300 3300 3300 3300 3300 3300 3300 3300 3300 3300 3333 3365 3365
    3365 3365 3365 3399 3399 3433 3399 3399 3399 3399 3433 3433 3399
    3399 3399 3399 3399 3399 3399 3433 3433 3433 3365 3365 1041 1041
    1041 1038 1038 1034 1034 1038 1038 1034 1031 1031 1028 1028 1028
    3539 3539 3208 3208 3238 3208 1097 1097 3208 1097 1094 1094 3365
    1080 1080 1080 1080 1080 3333 1073 1073 1073 1070 1060 1060 1067
    1067 1067 1067 1067 3365 3399 3399 3399 3399 3399 1060 1060 3433
    3433 3399 3399 3399 3399 3433 3433 3433 3433 3433 3433 1041 1041
    1041 1041 1041 1038 1038 1034 1034 1038 1038 1034 1031 1028 1028
    1028 1028 1028 0 3238 3238 3238 1097 1097 1097 1097 1097 1094 1090
    1084 1080 1080 1080 1080 1080 1070 1070 1073 1073 1070 1060 1060
    1067 1067 1067 1067 1063 1063 1057 1057 1057 1057 1060 1057 1054
    1054 1050 1050 1050 1054 1047 1047 1047 1044 1044 1041 1038 1038
    1041 1041 1041 1041 1038 1038 1038 1038 1038 1034 1034 1031 1028
    1028 1025 1025 1025 0 1101 1094 1094 1094 1094 1094 1094 1094 1090
    1087 1084 1080 1080 1080 1080 1077 1070 1070 1073 1077 1070 1070
    1067 1067 1067 1067 1067 1063 1063 1057 1057 1057 1057 1057 1057
    1054 1054 1050 1050 1047 1047 1047 1047 1047 1044 1044 1041 1038
    1038 1041 1041 1041 1041 1041 1038 1038 1038 1034 1031 1031 1031
    1028 1028 1025 1025 1025 0 1101 1101 1094 1094 1094 1094 1090 1090
    1087 1084 1084 1084 1084 1080 1080 1077 1077 1077 1077 1077 1073
    1073 1070 1070 1067 1067 1067 1063 1063 1057 1057 1057 1057 1057
    1057 1057 1057 1054 1050 1047 1047 1047 1047 1047 1044 1044 1044
    1041 1041 1041 1041 1041 1041 1041 1038 1038 1038 1034 1031 1031
    1031 1031 1028 1025 1025 1025 0 1108 1101 1097 1094 1090 1090 1087
    1087 1087 1084 1084 1084 1084 1080 1080 1077 1077 1077 1077 1077
    1073 1073 1070 1070 1067 1067 1067 1063 1063 1060 1060 1057 1057
    1057 1057 1057 1057 1054 1050 1047 1047 1047 1047 1047 1047 1044
    1044 1041 1041 1041 1041 1041 1041 1041 1038 1038 1038 1034 1031
    1031 1031 1031 1028 1028 1025 1025 0 1108 1101 1097 1090 1090 1090
    1087 1087 1087 1084 1084 1084 1084 1084 1080 1080 1077 1077 1077
    1077 1073 1073 1070 1070 1067 1067 1067 1067 1063 1060 1060 1057
    1057 1057 1057 1057 1057 1054 1050 1047 1047 1050 1047 1047 1047
    1047 1044 1044 1044 1044 1041 1041 1041 1041 1041 1038 1038 1034
    1031 1031 1031 1031 1031 1028 1028 1028 0 1101 1101 1097 1090 1090
    1090 1087 1087 1087 1087 1084 1084 1084 1084 1084 1080 1077 1077
    1077 1077 1077 1073 1073 1070 1070 1067 1067 1067 1063 1060 1060
    1060 1060 1057 1057 1057 1057 1054 1054 1050 1050 1050 1050 1050
    1050 1047 1047 1044 1044 1044 1041 1041 1041 1041 1041 1038 1038
    1034 1031 1031 1031 1034 1034 1031 1028 1028 1028 1105 1105 1097
    1094 1090 1090 1090 1090 1090 1087 1087 1087 1084 1084 1084 1080
    1077 1077 1077 1077 1077 1073 1073 1070 1070 1070 1067 1067 1067
    1063 1060 1060 1060 1057 1057 1057 1057 1054 1054 1054 1050 1050
    1054 1050 1050 1047 1047 1044 1044 1044 1041 1041 1041 1041 1041
    1038 1038 1034 1031 1031 1031 1031 1031 1031 1031 1028 1028 1097 0
    1097 1094 1094 1094 1090 1090 1090 1087 1087 1087 1087 1084 1084
    1080 1080 1080 1077 1077 1077 1073 1073 1070 1070 1070 1070 1067
    1067 1063 1063 1060 1060 1060 1057 1057 1057 1057 1054 1054 1054
    1054 1054 1050 1050 1047 1044 1044 1044 1044 1041 1041 1041 1041
    1041 1038 1038 1034 1031 1031 1031 1031 1031 1031 1031 1028 1028 0 0
    1097 1094 1094 1094 1090 1087 1087 1090 1090 1090 1087 1084 1084
    1080 1080 1080 1077 1077 1077 1073 1073 1070 1070 1070 1070 1070
    1067 1067 1063 1063 1060 1060 1060 1060 1057 1057 1057 1054 1054
    1054 1054 1054 1054 1050 1044 1044 1044 1044 1044 1044 1044 1041
    1041 1041 1038 1038 1034 1031 1031 1031 1031 1031 1031 1031 1031 0 0
    1097 1097 1094 1094 1090 1087 1087 1090 1090 1090 1087 1084 1084
    1080 1080 1080 1080 1077 1077 1073 1073 1070 1070 1070 1070 1070
    1067 1067 1063 1063 1060 1060 1060 1060 1057 1057 1057 1054 1054
    1054 1054 1054 1054 1050 1047 1044 1044 1044 1044 1044 1044 1041
    1041 1041 1038 1038 1034 1034 1031 1031 1031 1031 1031 1031 1031 0 0
    1101 1097 1097 1094 1090 1087 1087 1090 1090 1090 1087 1084 1084
    1084 1084 1080 1080 1080 1077 1073 1073 1073 1070 1070 1070 1070
    1067 1067 1067 1063 1060 1060 1060 1060 1060 1057 1057 1054 1054
    1054 1054 1054 1054 1050 1047 1047 1044 1044 1044 1044 1044 1044
    1041 1041 1041 1041 1038 1034 1034 1034 1031 1031 1031 1031 1031 0 0
    1101 1097 1097 1094 1094 1094 1090 1090 1090 1090 1087 1084 1084
    1084 1084 1080 1080 1080 1077 1073 1073 1073 1070 1070 1070 1070
    1070 1067 1067 1067 1063 1063 1060 1060 1060 1057 1057 1057 1054
    1054 1054 1054 1054 1050 1050 1047 1047 1047 1044 1044 1044 1044
    1044 1044 1041 1041 1038 1038 1034 1034 1031 1031 1031 1031 1031 0 0
    1101 1097 1097 1094 1094 1094 1094 1094 1094 1090 1087 1084 1084
    1084 1084 1084 1084 1080 1080 1077 1077 1073 1070 1070 1070 1070
    1070 1067 1067 1067 1063 1063 1060 1060 1060 1057 1057 1057 1057
    1057 1057 1054 1054 1054 1050 1050 1047 1047 1047 1047 1044 1044
    1044 1041 1041 1041 1038 1038 1034 1034 1031 1031 1031 1031 1031 0 0
    0 1097 1097 1097 1094 1094 1094 1094 1094 1090 1090 1087 1084 1084
    1084 1084 1084 1080 1080 1080 1080 1077 1073 1073 1070 1070 1070
    1070 1067 1067 1063 1063 1060 1060 1063 1060 1057 1057 1057 1057
    1057 1057 1054 1054 1050 1050 1047 1047 1047 1047 1044 1044 1044
    1041 1041 1041 1041 1041 1038 1034 1034 1031 1031 1031 1031 0 0 0
    1101 1097 1097 1094 1094 1094 1094 1094 1094 1090 1087 1084 1084
    1084 1084 1084 1084 1080 1080 1080 1077 1077 1077 1073 1070 1070
    1070 1070 1067 1067 1067 1063 1063 1063 1060 1057 1057 1057 1057
    1057 1057 1054 1054 1054 1050 1047 1047 1047 1047 1044 1044 1044
    1044 1041 1041 1041 1041 1038 1034 1034 1031 1031 1031 1031 0 0 0
    1105 1097 1097 1097 1097 1097 1094 1094 1094 1090 1087 1084 1084
    1084 1084 1084 1084 1084 1080 1080 1080 1080 1077 1073 1070 1070
    1070 1070 1070 1067 1067 1063 1063 1063 1060 1060 1060 1060 1060
    1057 1057 1054 1054 1054 1050 1050 1047 1047 1047 1044 1044 1044
    1044 1041 1041 1041 1041 1038 1038 1038 1034 1034 1034 1034 0 0 1112
    1105 1101 1101 1097 1097 1097 1094 1094 1094 1090 1090 1087 1087
    1084 1084 1084 1084 1084 1080 1080 1080 1080 1077 1073 1070 1070
    1070 1070 1070 1067 1067 1067 1067 1063 1063 1063 1063 1060 1060
    1060 1057 1054 1054 1054 1054 1050 1050 1047 1047 1044 1044 1044
    1044 1044 1044 1041 1041 1041 1038 1038 1038 1038 1038 1038 0 0 1112
    1105 1101 1101 1097 1097 1097 1097 1094 1094 1094 1090 1090 1087
    1087 1084 1084 1084 1084 1084 1080 1080 1080 1077 1073 1070 1070
    1070 1070 1070 1070 1067 1067 1067 1067 1063 1063 1063 1060 1060
    1060 1057 1054 1054 1054 1054 1054 1050 1047 1047 1044 1044 1044
    1044 1044 1044 1041 1041 1041 1041 1041 1041 1038 1038 1038 0 0 1108
    1105 1101 1101 1097 1097 1097 1097 1097 1094 1094 1094 1090 1087
    1087 1084 1084 1084 1084 1084 1084 1080 1080 1077 1077 1073 1073
    1070 1070 1070 1070 1067 1067 1067 1067 1063 1063 1063 1063 1060
    1060 1057 1057 1054 1054 1054 1050 1050 1047 1047 1047 1047 1047
    1047 1044 1044 1041 1041 1041 1041 1041 1041 1038 1038 0 0 0 1108
    1105 1101 1101 1097 1097 1097 1097 1097 1094 1094 1094 1090 1090
    1087 1087 1087 1087 1084 1084 1084 1080 1080 1080 1080 1077 1073
    1073 1070 1070 1070 1070 1067 1067 1067 1067 1063 1063 1060 1060
    1060 1057 1057 1054 1054 1054 1050 1050 1050 1050 1050 1050 1050
    1047 1044 1044 1044 1041 1041 1041 1041 1041 1038 1038 0 0 1108 1108
    1105 1101 1101 1097 1097 1097 1097 1097 1094 1094 1094 1090 1090
    1087 1087 1087 1087 1087 1084 1084 1080 1080 1080 1080 1077 1077
