<?xml version="1.0"?>
<opencv_storage>
<Depth2226 type_id="opencv-matrix">
  <rows>8</rows>
  <cols>8</cols>
  <dt>w</dt>
  <data>
    9593 9593 9593 9331 9331 9593 9593 9593 9593 9593 9593 9331 9331
    9593 9593 9593 9593 9593 9593 9593 9593 9593 9593 9870 9870 9870
    9870 9593 9593 9593 9593 9870 9870 9870 9593 9593 9593 9593 9870
    9870 9870 9870 9593 9593 9593 9593 9593 9593 9593 9593 9593 9593
    9593 9870 9593 9593 9331 9593 9593 9593 9593 9331 9331 9593</data></Depth2226>
</opencv_storage>
