<?xml version="1.0"?>
<opencv_storage>
<Depth4979 type_id="opencv-matrix">
  <rows>60</rows>
  <cols>67</cols>
  <dt>w</dt>
  <data>
    4139 4139 4089 4089 4089 4089 4041 4041 4041 4089 4089 4089 4089
    4089 4089 4089 1739 1739 1748 1748 1748 1794 1794 1794 1794 1804
    1804 4041 3903 3903 3948 3948 3948 3948 3948 3948 3948 3903 3903
    3903 3903 3903 3903 3903 3859 2522 2522 2522 2541 3816 3774 3774
    3774 3774 3774 3774 3774 3732 3732 3732 3732 3732 3732 3732 3774
    3732 3732 4139 4139 4089 4089 4089 4041 4041 4041 4041 4089 4089
    4089 4089 4089 1731 1731 1731 1739 1739 1739 1748 1748 1757 1776
    1785 1785 1785 1785 3903 3903 3948 3948 3948 3948 3948 3948 3903
    3903 3903 3903 3903 3903 3903 3903 3859 2522 2522 2522 2541 3816
    3816 3774 3774 3774 3774 3774 3774 3732 3732 3732 3732 3732 3732
    3732 3732 3732 3732 4139 4139 4089 4089 4089 4041 4041 4041 4041
    4089 4089 4089 4089 4089 1731 1731 1731 1739 1739 1739 1739 1739
    1748 1757 1766 1766 1776 1776 1785 1785 3948 3903 3903 3948 3948
    3948 3903 3903 3903 3903 3903 3903 3903 3859 3859 2522 2522 2522
    2560 3859 3816 3774 3774 3774 3774 3774 3774 3774 3732 3732 3732
    3732 3732 3732 3732 3732 3732 4139 4139 4089 4089 4089 4041 4041
    4041 4041 4089 4089 4089 4089 1748 1739 1739 1739 1739 1739 1739
    1739 1739 1748 1748 1748 1748 1757 1757 1766 1776 1776 1776 3903
    3903 3903 3903 3903 3903 3903 3903 3903 3903 3903 3859 3859 2522
    2522 2522 3859 3859 3816 3774 3774 3774 3774 3774 3774 3774 3732
    3732 3732 3732 3732 3732 3732 3732 3732 4190 4139 4139 4089 4089
    4041 4041 4041 4041 4089 4089 4089 4089 1748 1748 1748 1739 1739
    1739 1739 1739 1739 1739 1739 1739 1739 1739 1739 1748 1766 1776
    1776 1785 3903 3903 3903 3903 3903 3903 3903 3903 3903 3903 3903
    2467 2467 2485 2522 3859 3859 3816 3774 3774 3774 3774 3774 3774
    3774 3732 3732 3732 3732 3732 3732 3732 3732 3732 4190 4139 4139
    4089 4089 4041 4041 4041 4041 4089 4089 4089 1748 1748 1748 1748
    1748 1739 1739 1739 1739 1739 1739 1731 1731 1731 1731 1731 1739
    1748 1757 1766 1766 1766 1766 1766 1785 3903 3903 3903 3903 3859
    3859 3903 2467 2467 2467 2467 3903 3859 3816 3774 3774 3774 3774
    3774 3774 3774 3732 3732 3732 3732 3732 3732 3732 3732 3732 4190
    4139 4139 4089 4089 4041 4041 4041 4041 4089 4089 4089 1748 1748
    1748 1748 1748 1739 1739 1739 1739 1739 1731 1731 1722 1722 1713
    1713 1722 1739 1748 1748 1748 1748 1748 1757 1757 1766 3994 3903
    3903 3859 3859 3903 2467 2450 2450 2450 3859 3859 3816 3816 3774
    3774 3774 3774 3774 3732 3732 3732 3732 3732 3732 3732 3732 3732
    3732 4139 4139 4139 4089 4089 4041 4041 4041 4041 4089 4089 1776
    1757 1757 1748 1748 1748 1748 1739 1739 1739 1739 1731 1731 1722
    1722 1713 1713 1722 1722 1722 1739 1739 1748 1748 1757 1748 1748
    1748 3903 3903 3859 3859 3859 2467 2450 2450 2450 3859 3859 3816
    3816 3774 3774 3774 3732 3732 3732 3732 3732 3732 3732 3732 3732
    3732 3692 3692 4139 4139 4139 4089 4089 4041 4041 4041 4041 4089
    4089 1776 1776 1757 1757 1757 1748 1748 1748 1739 1739 1739 1739
    1731 1731 1722 1722 1722 1713 1713 1722 1731 1731 1739 1739 1748
    1748 1748 1748 1748 3903 3859 3859 3859 3859 3903 3903 3859 3859
    3859 3816 3816 3816 3774 3774 3732 3732 3732 3732 3692 3692 3692
    3692 3692 3732 3692 3692 4139 4139 4139 4089 4089 4089 4041 4041
    4041 4089 4089 1766 1766 1766 1757 1757 1748 1748 1748 1748 1739
    1739 1739 1731 1731 1731 1722 1722 1713 1713 1713 1722 1722 1722
    1731 1739 1739 1739 1739 1748 1748 1766 1766 1766 1766 3903 3903
    3859 3859 3816 3816 3816 3816 3816 3774 3774 3732 3732 3732 3692
    3692 3692 3692 3692 3732 3732 3692 4139 4139 4139 4139 4089 4089
    4089 4041 4041 4041 1757 1757 1766 1766 1766 1757 1748 1748 1748
    1748 1739 1739 1739 1739 1731 1722 1722 1722 1713 1713 1713 1713
    1713 1713 1713 1731 1739 1739 1739 1739 1739 1748 1757 1766 1766
    1766 3903 3859 3859 3816 3816 3816 3816 3816 3816 3774 3732 3732
    3732 3692 3692 3692 3692 3692 3732 3732 3692 4139 4139 4139 4139
    4089 4089 4089 4041 4041 4041 1757 1757 1776 1776 1776 1766 1766
    1757 1748 1748 1739 1739 1739 1739 1731 1722 1722 1713 1713 1713
    1713 1713 1705 1705 1705 1713 1713 1722 1722 1722 1731 1739 1748
    1748 1757 1757 3859 3859 3859 3859 3859 3816 3816 3816 3816 3774
    3732 3732 3732 3732 3732 3692 3692 3692 3732 3732 3732 4190 4139
    4139 4139 4089 4089 4089 4139 1766 1766 1766 1766 1776 1776 1776
    1766 1766 1757 1748 1748 1748 1739 1739 1739 1731 1722 1722 1713
    1713 1713 1713 1713 1705 1705 1696 1696 1705 1705 1713 1713 1731
    1731 1739 1739 1748 1739 1739 3859 3816 3816 3816 3816 3816 3816
    3816 3774 3732 3732 3732 3732 3732 3732 3732 3732 3732 3732 3732
    4190 4139 4139 4089 4089 4089 4089 4089 1766 1766 1776 1776 1776
    1776 1776 1766 1766 1766 1748 1748 1748 1739 1739 1739 1731 1722
    1722 1713 1713 1713 1713 1713 1705 1705 1696 1696 1696 1696 1696
    1705 1705 1722 1722 1731 1731 1731 1731 1739 3816 3816 3816 3816
    3816 3774 3774 3774 3732 3732 3732 3732 3732 3732 3732 3732 3732
    3732 3732 4190 4139 4139 4089 4089 4089 4089 4089 1785 1785 1785
    1785 1776 1776 1776 1766 1757 1757 1748 1748 1748 1748 1739 1739
    1731 1722 1722 1722 1722 1713 1713 1713 1705 1705 1696 1696 1688
    1688 1688 1696 1705 1705 1705 1713 1722 1722 1731 1739 1739 1739
    3816 3816 3774 3774 3774 3774 3774 3774 3732 3732 3732 3732 3732
    3732 3732 3732 3774 4190 4190 4139 4139 4139 4139 4139 1794 1785
    1785 1785 1785 1776 1776 1776 1766 1757 1757 1748 1748 1748 1748
    1739 1739 1731 1731 1731 1722 1722 1722 1713 1713 1705 1705 1696
    1688 1688 1680 1680 1680 1688 1688 1688 1696 1705 1713 1722 1722
    1722 1731 3816 3816 3774 3774 3774 3774 3774 3774 3774 3732 3732
    3732 3732 3732 3732 3732 3732 4190 4190 4139 4139 4139 4139 4139
    1785 1785 1785 1785 1785 1785 1776 1776 1776 1766 1766 1766 1757
    1748 1748 1739 1739 1739 1731 1731 1722 1722 1722 1713 1713 1705
    1705 1696 1688 1688 1680 1680 1680 1680 1680 1680 1688 1696 1705
    1705 1713 1713 1713 1713 1722 3774 3774 3774 3774 3774 3774 3774
    3732 3732 3732 3692 3692 3732 3732 3732 4190 4190 4190 4190 4190
    1813 1804 1785 1785 1785 1785 1785 1785 1776 1776 1776 1766 1766
    1757 1757 1748 1748 1748 1739 1739 1731 1731 1722 1722 1722 1713
    1713 1705 1705 1705 1696 1696 1688 1680 1680 1680 1680 1680 1680
    1688 1688 1696 1705 1705 1705 1705 1713 1713 1696 1696 3774 3816
    3774 3774 3732 3732 3732 3692 3692 3774 3774 3732 4190 4190 4190
    4190 4190 1804 1794 1794 1794 1794 1785 1785 1785 1776 1776 1776
    1766 1766 1757 1757 1757 1757 1748 1748 1739 1739 1739 1731 1731
    1722 1713 1713 1705 1705 1705 1696 1696 1688 1680 1680 1680 1680
    1680 1680 1680 1688 1680 1680 1680 1688 1696 1696 1705 1696 1688
    1688 1688 3774 3774 3732 3732 3732 3732 3732 3774 3774 3732 4190
    4190 4190 4190 1813 1804 1794 1794 1794 1794 1785 1785 1785 1776
    1776 1776 1776 1776 1757 1757 1757 1757 1748 1748 1748 1739 1739
    1731 1731 1722 1713 1713 1705 1705 1705 1705 1705 1696 1696 1688
    1680 1680 1680 1680 1680 1680 1671 1671 1671 1680 1688 1688 1705
    1696 1688 1688 1713 1713 3774 3774 3732 3732 3732 3732 3774 3774
    3732 4041 1804 1804 1804 1804 1813 1804 1804 1804 1804 1785 1785
    1785 1785 1776 1776 1776 1776 1766 1766 1757 1748 1748 1748 1748
    1739 1739 1731 1731 1722 1713 1713 1705 1705 1705 1705 1705 1696
    1696 1696 1688 1680 1680 1680 1680 1680 1671 1671 1671 1671 1680
    1680 1688 1696 1696 1705 1705 1705 1705 3774 3774 3732 3732 3774
    3774 3774 3732 4041 1804 1804 1804 1804 1813 1813 1813 1804 1804
    1785 1785 1785 1785 1785 1785 1776 1776 1766 1766 1757 1748 1748
    1748 1748 1748 1739 1739 1739 1722 1713 1713 1713 1705 1705 1705
    1705 1696 1696 1696 1688 1688 1680 1680 1680 1680 1671 1671 1671
    1671 1671 1671 1680 1680 1688 1696 1705 1705 1705 1705 3774 3732
    3732 3774 3774 3774 3732 4041 1804 1804 1804 1804 1813 1813 1813
