<?xml version="1.0"?>
<opencv_storage>
<Depth12470 type_id="opencv-matrix">
  <rows>31</rows>
  <cols>19</cols>
  <dt>w</dt>
  <data>
    7030 3468 3399 3399 3399 3399 3399 3365 3333 3300 3300 3300 3300
    3300 3269 3269 3269 3269 3300 7030 3433 3399 3399 3399 3399 3365
    3333 3333 3300 3300 3300 3300 3300 3269 3269 3269 3269 3333 7030
    3433 3433 3399 3399 3399 3365 3333 3300 3300 3300 3300 3300 3300
    3269 3269 3300 3300 3333 7030 3468 3433 3399 3399 3399 3365 3333
    3300 3300 3300 3269 3269 3300 3269 3269 3300 3300 3333 7030 3503
    3468 3433 3399 3399 3365 3333 3333 3300 3300 3269 3269 3300 3269
    3269 3300 3300 3300 3576 3503 3468 3433 3399 3365 3365 3333 3300
    3300 3269 3269 3269 3269 3269 3269 3269 3269 3300 3576 3468 3433
    3399 3399 3365 3365 3333 3300 3269 3269 3269 3269 3269 3269 3269
    3269 3269 3269 3503 3468 3433 3399 3399 3365 3365 3333 3300 3269
    3269 3269 3269 3269 3269 3269 3269 3269 3269 3468 3468 3433 3399
    3399 3365 3365 3333 3300 3269 3269 3269 3269 3269 3269 3300 3269
    3269 3269 3468 3468 3433 3399 3399 3365 3365 3333 3300 3300 3269
    3269 3269 3269 3269 3300 3300 3300 3300 3503 3503 3433 3399 3399
    3365 3365 3333 3333 3300 3300 3269 3269 3269 3269 3300 3300 3300
    3300 3503 3503 3468 3433 3399 3399 3365 3365 3333 3300 3300 3269
    3269 3269 3269 3269 3300 3300 3300 3503 3503 3503 3468 3433 3399
    3365 3365 3333 3300 3269 3269 3269 3269 3269 3269 3269 3269 3300
    3503 3503 3503 3468 3433 3399 3365 3365 3333 3300 3269 3269 3269
    3269 3269 3269 3269 3269 3269 3503 3503 3503 3468 3433 3399 3365
    3365 3333 3300 3269 3269 3269 3269 3269 3269 3269 3269 3269 3539
    3503 3503 3468 3433 3399 3365 3365 3333 3300 3269 3269 3269 3269
    3269 3269 3269 3269 3269 3539 3503 3503 3468 3433 3399 3399 3365
    3365 3333 3300 3269 3269 3269 3269 3269 3269 3269 3269 3539 3503
    3503 3468 3433 3399 3399 3365 3365 3333 3300 3269 3269 3269 3269
    3269 3269 3269 3300 3539 3503 3503 3468 3433 3399 3399 3365 3365
    3333 3300 3269 3269 3269 3269 3269 3269 3269 3300 6753 3468 3468
    3468 3399 3399 3365 3365 3365 3333 3333 3269 3269 3269 3269 3269
    3269 3269 3269 6753 3468 3468 3433 3399 3399 3365 3365 3365 3333
    3333 3300 3269 3269 3269 3269 3269 3269 3269 7030 3468 3468 3433
    3399 3399 3365 3365 3365 3333 3333 3300 3269 3269 3269 3269 3269
    3269 3269 7030 3468 3468 3433 3399 3399 3365 3365 3365 3333 3333
    3300 3269 3269 3269 3269 3269 3269 3269 7178 3503 3468 3468 3433
    3399 3399 3365 3365 3333 3333 3300 3300 3300 3300 3300 3269 3269
    3269 7178 3503 3468 3468 3433 3399 3399 3365 3365 3333 3300 3300
    3300 3300 3300 3300 3300 3269 3269 7178 3503 3503 3468 3433 3433
    3399 3365 3365 3333 3300 3300 3300 3300 3300 3300 3300 3269 3269
    7178 3468 3468 3468 3433 3433 3399 3399 3365 3333 3300 3269 3269
    3269 3269 3300 3269 3269 3269 7178 3468 3468 3468 3468 3433 3399
    3399 3365 3333 3300 3269 3269 3269 3269 3300 3269 3269 3269 7178
    3503 3503 3503 3503 3433 3433 3399 3365 3333 3300 3269 3269 3269
    3269 3300 3269 3269 3269 7030 7030 7030 3539 3503 3433 3433 3399
    3365 3333 3333 3365 3333 3269 3269 3300 3300 3300 3300 7030 7030
    7030 7030 7030 7030 7030 3399 3365 3365 3365 3365 3365 3365 3333
    3333 6889 6889 6889</data></Depth12470>
</opencv_storage>
