<?xml version="1.0"?>
<opencv_storage>
<Depth4064 type_id="opencv-matrix">
  <rows>7</rows>
  <cols>13</cols>
  <dt>w</dt>
  <data>
    5832 5832 5832 5640 5640 5640 5640 5734 5832 5832 5832 5832 5832
    5933 5832 5832 5640 5640 5640 5640 5640 5734 5832 5832 5734 5734
    5933 5832 5832 5734 5734 5640 5640 5640 5734 5832 5832 5734 5734 0 0
    5832 5832 5734 5734 5640 5640 5734 5832 5832 5734 5734 0 0 0 0 5832
    5832 5734 5734 5734 5734 5832 5832 5832 0 0 0 0 5832 5832 5734 5734
    5734 5734 5832 5933 5933 0 0 0 0 0 0 5734 5734 5832 5832 5832 0 0</data></Depth4064>
</opencv_storage>
