<?xml version="1.0"?>
<opencv_storage>
<Depth17460 type_id="opencv-matrix">
  <rows>73</rows>
  <cols>82</cols>
  <dt>w</dt>
  <data>
    3092 3092 3120 3120 3092 3092 3092 3092 3092 3092 3092 3064 3064
    3037 3037 3037 908 906 906 906 906 906 906 903 903 901 901 901 896
    896 891 891 891 891 891 891 894 894 891 889 887 887 887 887 2933
    2933 2933 2908 2908 2859 2859 2859 2883 2859 2859 2883 2883 2883
    2859 2859 2859 878 875 875 2812 2859 2859 2835 2812 2812 2835 2835
    2812 2812 2812 2812 2789 2789 2789 2789 2789 2789 3092 3178 3149
    3120 3092 3092 3092 3092 3092 3092 3092 3092 908 908 908 908 908 906
    906 906 906 906 906 903 903 901 901 898 896 896 891 891 891 891 891
    891 894 894 891 889 889 889 887 887 887 885 885 891 887 887 887 887
    885 882 882 882 880 880 880 880 880 875 875 873 873 873 873 873 873
    2812 2835 2835 873 873 2812 2812 2789 2767 2767 2789 2789 2789 3064
    0 0 0 0 0 0 0 918 913 913 910 910 908 908 908 908 906 906 906 906
    906 906 903 901 901 901 898 898 896 894 894 894 891 891 891 894 894
    894 891 889 889 887 887 887 885 885 887 887 887 887 887 885 882 882
    882 880 880 880 880 880 875 875 873 873 873 873 873 873 875 875 875
    873 873 873 873 873 873 871 871 869 867 3064 0 0 0 0 0 0 918 918 913
    913 910 910 910 908 908 908 908 908 906 906 906 903 903 901 901 901
    898 898 896 894 894 894 894 894 894 891 891 894 891 891 889 887 887
    887 887 887 887 887 887 885 885 885 885 882 882 882 882 882 882 880
    875 875 875 875 875 875 875 875 875 875 875 873 873 873 871 871 871
    871 871 869 867 3064 0 0 0 0 0 0 918 918 913 913 910 910 910 910 908
    908 908 908 906 906 903 903 901 901 901 901 901 898 896 894 894 894
    894 894 894 891 891 891 891 891 889 887 887 887 887 887 889 887 887
    885 885 885 885 885 885 882 882 882 880 880 878 878 878 878 878 875
    875 875 875 875 875 873 873 873 871 871 871 871 871 869 867 0 0 0 0
    0 0 925 923 918 915 913 910 910 910 910 908 908 908 908 906 906 903
    903 901 901 901 901 898 898 896 896 896 896 896 894 894 891 891 891
    891 891 889 889 889 887 887 887 889 887 887 885 885 885 885 885 885
    882 882 882 880 880 878 878 878 878 878 875 875 875 875 875 875 875
    873 873 871 871 871 871 871 869 867 0 0 0 0 0 0 925 923 918 915 913
    910 910 910 910 910 908 908 908 906 906 903 903 901 901 901 901 898
    898 898 896 896 896 896 894 894 891 891 891 891 891 889 889 889 889
    889 889 889 887 887 885 885 885 885 885 885 882 882 882 882 882 878
    878 878 878 875 875 875 875 875 875 875 873 873 873 871 871 869 869
    869 869 867 0 0 0 0 0 0 925 923 920 918 915 910 910 910 910 910 908
    908 908 908 906 906 906 903 901 901 901 898 898 898 898 898 898 896
    896 894 891 891 891 891 891 889 889 889 889 889 889 889 889 887 885
    885 885 885 885 882 882 882 882 882 880 880 878 878 878 875 875 875
    875 875 875 875 873 873 873 871 871 869 869 869 869 867 0 0 0 0 0 0
    0 923 918 918 915 913 913 910 910 910 908 908 908 908 906 906 906
    903 901 901 901 901 898 898 898 898 898 898 896 896 894 894 891 891
    891 891 891 889 889 889 889 889 889 887 887 885 885 882 882 882 882
    882 882 882 880 880 878 878 878 878 878 875 875 875 875 875 873 873
    873 871 871 869 869 869 867 867 0 0 0 0 0 0 0 0 918 918 915 915 913
    913 910 910 910 908 908 908 906 906 906 906 903 903 901 901 901 898
    898 898 898 898 896 896 896 894 891 891 891 891 891 889 889 889 889
    889 889 889 887 887 885 882 882 882 882 882 882 882 882 882 882 880
    878 878 878 875 875 875 875 875 873 873 873 873 871 871 869 869 867
    867 0 0 0 0 0 0 0 920 918 918 915 915 915 913 910 910 910 910 908
    908 906 906 906 906 906 903 903 901 901 898 898 898 898 898 896 896
    896 894 891 891 891 891 891 891 891 889 889 889 889 889 887 887 885
    885 885 882 882 882 882 882 882 882 882 880 880 878 878 875 875 875
    875 875 875 873 873 873 873 871 871 869 867 867 0 0 0 0 0 0 925 920
    920 918 918 918 915 915 913 910 910 910 910 908 908 908 906 906 906
    903 903 901 901 898 898 898 898 898 898 896 896 894 891 891 891 891
    891 891 891 889 889 889 889 889 887 887 885 885 885 885 882 882 882
    882 882 882 882 880 878 878 878 878 878 875 875 875 875 873 873 873
    873 873 871 869 869 867 0 0 0 0 0 935 925 920 920 918 918 918 915
    915 913 910 910 910 910 908 908 906 906 906 906 906 903 901 901 898
    898 898 898 898 898 896 896 894 891 891 891 891 891 891 889 889 889
    889 889 889 887 887 887 885 885 885 885 885 882 882 882 882 882 882
    878 878 878 878 878 875 875 875 875 875 873 873 873 873 873 871 869
    869 0 0 0 0 0 935 928 923 920 918 918 918 918 915 913 910 910 910
    910 908 908 906 906 906 906 906 906 901 901 901 901 898 898 898 898
    898 896 896 894 891 891 891 891 891 889 889 889 889 889 889 887 887
    887 885 885 885 885 885 885 882 882 882 882 882 880 880 878 878 878
    875 875 875 875 875 873 873 873 873 871 871 871 869 0 0 0 0 0 935
    928 925 920 918 918 918 918 915 913 910 910 910 910 910 910 908 908
    906 906 906 906 903 901 901 901 898 898 898 898 898 896 896 894 891
    891 891 891 891 889 889 889 889 889 889 887 887 887 887 887 885 885
    885 885 882 882 882 882 882 880 880 878 878 878 878 875 875 875 875
    873 873 873 873 871 871 871 871 0 0 0 0 0 935 930 923 920 918 918
    918 918 915 913 910 910 910 910 910 908 908 908 906 906 906 906 903
    901 901 901 901 901 898 898 898 896 896 894 891 891 891 891 891 889
    889 889 891 891 891 889 889 887 887 887 887 885 885 885 882 882 882
    882 882 880 880 880 880 878 878 878 875 875 875 875 873 873 873 871
    871 871 871 0 0 0 0 0 0 920 920 920 918 918 918 918 915 915 913 910
    910 910 910 908 908 908 906 906 906 906 903 903 903 903 901 901 898
    898 898 898 896 896 894 891 891 891 891 891 891 891 891 891 891 891
    889 887 887 887 887 885 885 885 885 885 882 882 882 880 880 880 880
    878 878 875 875 875 875 875 873 873 873 871 871 871 871 0 0 0 0 0 0
    920 920 920 918 918 918 918 915 915 913 913 913 910 910 908 908 908
    906 906 906 903 903 903 903 903 901 901 901 898 898 898 896 896 894
    894 891 891 891 891 891 891 891 891 891 891 889 887 887 887 885 885
    885 885 885 885 882 882 882 880 880 880 880 878 878 875 875 875 875
    875 875 875 873 873 873 871 871 0 0 0 0 0 918 918 920 920 920 918
    918 918 915 913 913 910 910 913 910 910 908 908 906 906 906 903 903
    903 903 903 901 901 901 898 898 898 896 896 896 894 894 894 894 891
    891 891 891 891 891 891 889 889 889 887 885 885 885 885 885 885 885
    882 882 882 880 880 880 880 880 878 875 875 875 875 875 873 873 873
    873 871 871 0 0 0 0 0 918 918 920 920 918 918 918 918 913 913 913
    910 910 913 910 910 910 908 908 906 906 903 903 903 903 901 901 901
    901 901 901 898 898 896 894 894 894 894 894 891 891 891 891 891 891
    889 889 889 889 887 887 887 885 885 885 885 885 882 882 882 882 882
    880 880 880 878 878 878 875 875 875 873 873 873 873 871 871 0 0 0 0
    0 928 923 920 920 918 918 918 915 913 913 913 913 913 913 910 910
    910 908 908 908 908 903 903 903 903 901 901 901 901 901 901 898 898
    896 894 894 894 894 894 891 891 891 891 891 891 889 889 889 889 887
    887 887 885 885 885 885 885 882 882 882 882 882 880 880 880 880 880
    878 875 875 875 873 873 873 873 871 871 0 0 0 0 0 928 925 920 920
    918 918 918 915 913 913 913 913 913 913 910 910 910 910 908 908 908
    906 903 903 903 901 901 901 901 901 901 898 898 896 894 894 891 891
    894 891 891 891 891 891 891 891 889 889 889 889 887 887 887 887 885
    885 885 885 882 882 882 882 880 880 880 880 880 880 878 875 875 873
    873 873 873 873 873 0 0 0 0 0 0 923 923 920 918 918 918 918 915 915
    915 915 913 913 910 910 910 910 908 908 908 906 906 903 903 901 901
    901 901 901 901 901 898 896 896 894 891 891 894 891 891 891 891 891
    891 891 891 891 889 889 887 887 887 887 885 885 885 885 882 882 882
    882 880 880 880 880 880 880 878 875 875 875 875 875 873 873 873 0 0
