<?xml version="1.0"?>
<opencv_storage>
<Depth0637 type_id="opencv-matrix">
  <rows>22</rows>
  <cols>24</cols>
  <dt>w</dt>
  <data>
    6259 6259 6259 6259 6259 6259 6259 6259 6259 6259 6146 4405 4405
    4463 4463 4463 4405 4405 4405 6038 6038 5933 5933 0 6259 6259 6259
    6259 6375 6375 6259 6259 6259 6259 4463 4405 4405 4463 4463 4463
    4405 4405 4405 4405 4405 5832 5832 5832 6259 6259 6259 6259 6375
    6375 6375 6259 6259 6259 4463 4463 4463 4463 4463 4463 4463 4405
    4405 4405 4405 4405 4405 0 6259 6259 6146 6146 6259 6259 6259 6146
    6146 4582 4522 4463 4463 4463 4463 4463 4463 4463 4405 4405 4405
    4405 4405 0 6259 6259 6146 6146 6146 6146 6259 6146 4522 4522 4463
    4463 4463 4463 4463 4463 4463 4463 4405 4405 4405 4349 4349 4405
    6259 6259 6259 6259 6146 6146 4522 4463 4463 4463 4463 4463 4463
    4463 4463 4463 4463 4463 4463 4405 4405 4349 4349 4405 6146 6146
    6146 4463 4463 4463 4463 4463 4463 4463 4463 4463 4463 4463 4463
    4463 4463 4463 4463 4405 4405 4405 4405 4405 6146 4405 4405 4463
    4463 4463 4463 4405 4405 4405 4405 4463 4463 4463 4463 4463 4463
    4463 4463 4463 4463 4463 4405 4405 4463 4405 4405 4463 4405 4405
    4405 4405 4405 4405 4405 4463 4463 4463 4463 4463 4463 4463 4463
    4463 4463 4463 4405 4405 4463 4463 4463 4463 4405 4405 4405 4405
    4405 4405 4405 4405 4463 4463 4463 4463 4463 4463 4463 4463 4463
    4405 4405 4349 4463 4463 4463 4463 4405 4405 4405 4405 4405 4405
    4405 4405 4463 4463 4463 4463 4463 4463 4463 4463 4463 4405 4405
    4349 4463 4463 4463 4463 4405 4405 4405 4463 4463 4463 4405 4405
    4463 4463 4463 4463 4463 4463 4463 4463 4463 4463 4405 4405 4463
    4463 4463 4463 4405 4405 4405 4463 4463 4463 4463 4463 4463 4463
    4463 4463 4463 4522 4522 4522 4522 4522 4463 4463 4463 4463 4463
    4463 4463 4463 4405 4405 4463 4463 4463 4463 4463 4463 4463 4463
    4463 4522 4522 4582 4522 4522 4463 4463 4463 4463 4463 4463 4463
    4463 4405 4405 4463 4463 4463 4463 4522 4463 4463 4463 4463 4463
    4463 4405 4405 4522 6038 6038 6146 4463 4405 4405 4405 4405 4405
    4405 4463 4463 4463 4463 4522 4522 4463 4463 4463 4405 4405 4405
    4405 6038 6038 6038 6146 6146 4405 4405 4405 4405 4405 4405 4463
    4463 4522 4463 4463 4463 4463 4463 4463 4405 4405 6038 6038 6038
    6038 6038 6146 6146 6146 4405 4405 4405 4405 4405 4463 4463 4463
    4463 4463 4463 4463 4522 4463 4463 6038 6038 6038 6038 6038 6038
    6146 6146 6259 4405 4405 4405 4463 4463 4463 4522 4463 4463 4463
    4463 4463 4522 4522 6038 6038 6038 6038 6038 6038 6038 6038 6146
    6146 6146 4463 4463 4463 4522 4522 4522 4463 4463 4463 4463 4463
    6146 6038 6038 6038 6038 6038 6038 6038 6038 6038 6038 6038 6038
    4522 4522 4522 4522 4522 4522 4463 4463 4463 4463 6146 6146 6038
    6038 6038 6038 6038 6038 6038 6038 6038 6038 6038 6038 4522 4463
    4463 4522 4463 4463 4463 4463 4463 6146 6038 6038 6038 6038 6038
    6038 6038 6038 6038 6038</data></Depth0637>
</opencv_storage>
