<?xml version="1.0"?>
<opencv_storage>
<Depth9583 type_id="opencv-matrix">
  <rows>59</rows>
  <cols>84</cols>
  <dt>w</dt>
  <data>
    3948 3948 3994 4041 4089 4089 3948 3948 3948 1307 1307 1307 1307
    1307 1307 1307 1302 1302 3859 3903 3903 3859 3859 3859 3859 3859
    3859 3859 3859 3859 3859 3859 3859 3859 3859 3859 3816 3774 3774
    3774 3732 3732 3732 3774 3774 3774 3774 3774 3774 3774 3774 3774
    3732 3732 3732 3732 3732 3692 3692 3692 3692 3732 3732 3653 3614
    3614 3614 3576 3576 3576 3576 3614 3653 3692 3732 3732 3732 3692
    3653 3614 3614 2812 2789 2789 3948 3948 4041 4041 4041 1302 1302
    1302 1297 1297 1297 1297 1297 1297 1307 1307 1302 1297 1297 1297
    1292 1292 1292 1292 1292 1292 3859 3859 3859 3859 3859 3859 3859
    3859 3859 3859 3816 3774 3774 3774 3732 3732 3732 3774 3774 3774
    3774 3732 3732 3774 3774 3732 3732 3732 3732 3732 3692 3692 3692
    3692 3692 3692 3732 3653 3614 3614 3576 3576 3576 3576 3576 3614
    3653 3732 3732 3732 3732 3692 3692 3653 3614 3576 2789 2789 3948
    3948 4089 4089 0 0 1302 1302 1297 1297 1297 1292 1292 1292 1292 1292
    1297 1297 1297 1297 1292 1292 1292 1292 1292 1292 1292 1297 1297
    3903 3903 3903 3903 3859 3859 3816 3774 3774 3774 3774 3732 3732
    3774 3774 3774 3774 3732 3732 3732 3774 3774 3732 3732 3732 3732
    3732 3692 3692 3692 3692 3692 3692 3732 3653 3614 3614 3576 3576
    3576 3576 3576 3614 3614 3692 3732 3732 3732 3692 3692 3653 3653
    3576 2789 2789 3948 4041 4041 4041 0 1312 1302 1302 1292 1292 1292
    1288 1288 1292 1288 1288 1288 1288 1288 1288 1288 1288 1292 1292
    1292 1292 1292 1292 1292 1292 1288 1283 1283 3859 3859 3816 3732
    3732 3732 3774 3774 3774 3774 3774 3774 3774 3732 3732 3732 3774
    3732 3732 3732 3732 3732 3732 3692 3692 3692 3692 3692 3692 3732
    3653 3614 3614 3576 3576 3576 3576 3576 3614 3614 3653 3732 3732
    3732 3692 3653 3653 3653 3653 2812 2789 3994 0 3903 0 0 0 1312 1307
    1292 1288 1288 1288 1288 1283 1283 1283 1283 1283 1283 1283 1283
    1283 1288 1283 1283 1283 1283 1292 1288 1288 1288 1283 1283 1283
    1283 1283 1283 1283 1283 3774 3774 3774 3774 3774 3774 3774 3774
    3774 3732 3732 3732 3732 3732 3692 3692 3692 3732 3692 3692 3692
    3692 3692 3692 3692 3614 3614 3576 3576 3576 3576 3576 3614 3614
    3614 3692 3692 3692 3653 3653 3653 3653 3653 2812 2789 3903 3903 0 0
    0 0 1312 1312 1292 1278 1278 1278 1278 1278 1278 1278 1278 1278 1278
    1278 1278 1278 1278 1278 1278 1278 1283 1283 1278 1278 1278 1278
    1278 1283 1278 1278 1278 1278 1278 1278 1278 1278 1283 1283 1283
    3774 3774 3774 3732 3732 3732 3732 3692 3653 3653 3692 3732 3692
    3692 3692 3692 3692 3692 3692 3614 3614 3614 3576 3576 3576 3576
    3614 3614 3614 3692 3692 3692 3653 3653 3653 3653 3692 2812 2812
    3903 3903 3903 0 0 0 1317 1317 1283 1278 1278 1278 1278 1278 1278
    1273 1273 1273 1273 1273 1273 1273 1273 1273 1273 1273 1278 1278
    1278 1278 1273 1268 1268 1268 1268 1278 1278 1278 1278 1278 1278
    1278 1278 1273 1273 1273 3774 3774 3692 3692 3692 3614 3614 1255
    1255 1255 1264 1264 3732 3692 3692 3653 3653 3692 3653 3653 3614
    3614 3576 3576 3576 3576 3614 3614 3732 3732 3692 3692 3653 3653
    3653 3653 2835 2812 3903 3903 3903 0 0 0 1328 1317 1278 1273 1273
    1273 1268 1268 1273 1273 1273 1273 1273 1273 1273 1268 1268 1268
    1268 1268 1273 1273 1273 1273 1268 1264 1264 1264 1264 1264 1268
    1268 1264 1264 1268 1268 1268 1268 1268 1268 1268 1264 1264 1264
    1264 1264 1259 1255 1255 1255 1259 1264 1264 3692 3692 3653 3653
    3692 3653 3653 3614 3576 3576 3576 3576 3576 3614 3653 3732 3692
    3692 3692 3653 3653 3614 3576 2859 2812 3903 3859 3859 0 0 0 1328
    1322 1273 1273 1268 1268 1264 1264 1264 1264 1268 1268 1268 1268
    1268 1264 1264 1264 1264 1264 1264 1268 1268 1268 1264 1264 1264
    1264 1264 1264 1264 1264 1259 1259 1259 1259 1259 1259 1264 1264
    1259 1259 1259 1259 1259 1259 1259 1259 1259 1259 1259 1264 1264
    1264 3653 3653 1259 1259 3653 3653 3614 3576 3576 3576 3576 3576
    3614 3653 3732 3692 3692 3692 3653 3653 3614 3576 2859 2789 3859
    3859 3859 0 0 0 1259 1259 1259 1264 1264 1264 1264 1264 1264 1264
    1264 1264 1259 1259 1259 1259 1259 1259 1259 1259 1264 1259 1259
    1259 1259 1259 1259 1259 1259 1259 1259 1259 1259 1259 1259 1255
    1255 1255 1255 1255 1250 1250 1255 1255 1255 1259 1259 1259 1259
    1259 1259 1259 1259 1259 1259 1259 1255 1255 1259 3774 3774 3576
    3576 3576 3576 3576 3614 3692 3732 3732 3732 3732 3653 3653 3614
    3614 2859 2789 3859 3859 0 0 0 0 1241 1241 1255 1259 1259 1259 1259
    1259 1259 1259 1259 1255 1255 1255 1255 1255 1255 1255 1255 1255
    1259 1255 1255 1255 1255 1255 1259 1259 1255 1255 1255 1250 1250
    1250 1255 1250 1250 1250 1250 1250 1250 1250 1245 1245 1245 1250
    1255 1255 1250 1250 1255 1255 1255 1255 1250 1250 1250 1250 1255
    1255 1245 1245 1250 1255 3576 1255 1250 1245 1245 1245 3732 1245
    1245 3653 3614 3614 2859 2789 3859 3859 0 0 0 0 1241 1241 1255 1255
    1255 1255 1255 1259 1255 1255 1255 1255 1255 1255 1255 1255 1255
    1255 1255 1255 1255 1250 1250 1250 1250 1250 1250 1250 1250 1245
    1245 1245 1245 1245 1245 1245 1245 1245 1245 1245 1245 1245 1245
    1245 1245 1245 1245 1245 1245 1245 1245 1250 1250 1250 1245 1245
    1245 1245 1245 1245 1245 1245 1245 1245 1250 1250 1250 1245 1245
    1245 1241 1241 1245 1273 3614 3614 3614 3614 3859 0 0 0 0 0 1250
    1250 1250 1250 1250 1250 1250 1255 1250 1250 1250 1250 1250 1250
    1250 1250 1250 1245 1245 1245 1245 1245 1245 1245 1245 1245 1245
    1245 1245 1245 1245 1245 1245 1245 1245 1241 1241 1241 1241 1241
    1241 1241 1241 1241 1241 1241 1241 1241 1241 1241 1241 1241 1241
    1245 1245 1245 1245 1245 1245 1241 1241 1241 1241 1245 1250 1250
    1245 1241 1241 1241 1241 1241 1245 1245 1241 1241 1241 1236 3859 0 0
    0 0 0 0 1250 1250 1245 1245 1245 1245 1245 1245 1245 1241 1241 1245
    1245 1245 1245 1241 1241 1241 1245 1245 1241 1241 1241 1241 1241
    1245 1241 1241 1241 1241 1241 1241 1241 1241 1241 1241 1241 1241
    1241 1241 1241 1241 1236 1236 1236 1236 1236 1236 1236 1236 1236
    1236 1236 1236 1236 1232 1232 1236 1236 1236 1236 1241 1241 1245
    1245 1245 1241 1241 1241 1245 1241 1241 1241 1241 1236 1236 1236
    3859 0 0 0 1278 0 0 1250 1250 1245 1245 1241 1241 1241 1241 1241
    1241 1241 1241 1241 1241 1236 1236 1236 1236 1241 1241 1241 1241
    1241 1241 1241 1241 1236 1236 1236 1236 1232 1232 1232 1232 1236
    1236 1236 1236 1236 1236 1236 1236 1232 1232 1232 1232 1232 1232
    1232 1232 1232 1232 1232 1232 1232 1227 1227 1227 1227 1227 1227
    1236 1236 1241 1241 1236 1236 1236 1236 1236 1236 1236 1236 1236
    1236 1236 1232 3859 3859 0 0 1278 1278 1278 1259 1250 1241 1241 1241
    1241 1236 1236 1236 1236 1236 1236 1236 1232 1232 1232 1232 1236
    1241 1241 1241 1236 1236 1236 1236 1236 1236 1236 1236 1232 1227
    1227 1227 1227 1232 1232 1232 1232 1232 1232 1232 1227 1227 1227
    1227 1227 1227 1227 1227 1227 1227 1227 1227 1227 1227 1227 1227
    1227 1227 1227 1227 1227 1227 1232 1236 1232 1232 1232 1236 1236
    1232 1232 1232 1232 1236 1232 1232 3816 3816 3816 0 1273 1273 1264
    1255 1245 1241 1241 1241 1241 1236 1236 1232 1232 1232 1232 1232
    1232 1232 1232 1232 1232 1236 1236 1232 1232 1232 1227 1227 1227
    1227 1227 1227 1227 1223 1223 1223 1223 1227 1227 1227 1227 1227
    1227 1227 1223 1223 1223 1223 1223 1223 1223 1223 1223 1223 1223
    1223 1223 1223 1223 1223 1223 1223 1223 1223 1223 1223 1227 1227
    1227 1227 1227 1227 1232 1227 1227 1227 1227 1232 1232 1232 3774
    3774 0 0 1278 1273 1264 1255 1245 1241 1241 1241 1241 1236 1236 1232
    1232 1232 1232 1232 1232 1227 1227 1227 1227 1227 1227 1227 1227
    1227 1227 1227 1227 1227 1227 1227 1223 1223 1223 1223 1223 1223
    1223 1223 1227 1223 1223 1223 1223 1223 1219 1219 1223 1223 1223
    1219 1219 1219 1219 1219 1223 1223 1223 1223 1223 1223 1219 1219
    1219 1219 1223 1223 1223 1219 1219 1223 1223 1227 1223 1223 1227
