<?xml version="1.0"?>
<opencv_storage>
<Depth4971 type_id="opencv-matrix">
  <rows>60</rows>
  <cols>62</cols>
  <dt>w</dt>
  <data>
    4089 4089 4089 4041 4041 4089 4089 4089 4139 4089 4089 4089 4089
    4089 4089 4089 4089 4041 4041 4041 4041 1785 1813 1813 1813 1823
    1823 1833 1843 3948 3948 3903 3903 3903 3903 3859 3859 3859 3859
    3859 3859 2639 2618 2618 2618 2598 2598 2598 2598 2598 2598 2598
    3692 3692 3732 3692 3692 3692 3692 3692 3692 3732 4089 4089 4089
    4041 4041 4089 4089 4089 4139 4139 4089 4089 4089 4089 4089 4089
    4089 4041 1813 1804 1794 1785 1785 1785 1804 1813 1823 1823 1823
    1823 3903 3903 3903 3903 3903 3859 3859 3859 3859 3859 3816 2659
    2639 2618 2618 2598 2598 2598 2598 2598 2598 2618 3692 3692 3732
    3732 3732 3732 3692 3692 3692 3732 4089 4089 4089 4089 4089 4089
    4089 4089 4089 4139 4089 4089 4089 4089 4089 4089 4089 1804 1804
    1794 1794 1785 1785 1785 1794 1804 1813 1813 1823 1823 3903 3859
    3859 3859 3903 3859 3859 3859 3859 3859 3816 3816 2639 2618 2618
    2598 2598 2598 2579 2579 2598 3692 3692 3692 3692 3732 3732 3732
    3692 3692 3692 3732 4089 4089 4089 4089 4089 4139 4089 4089 4089
    4089 4089 4089 4089 4089 4089 4139 1813 1804 1794 1794 1785 1785
    1785 1785 1785 1794 1804 1804 1804 1813 1813 1813 1813 3859 3859
    3859 3859 3859 3859 3859 3816 3816 2639 2618 2618 2598 2598 2579
    2579 2579 2598 3692 3692 3692 3692 3732 3732 3732 3692 3692 3692
    3692 4089 4089 4089 4089 4089 4139 4089 4089 4089 4089 4089 4041
    4041 4089 4089 1823 1813 1804 1794 1794 1785 1785 1785 1776 1776
    1785 1785 1794 1794 1804 1813 1813 1813 1813 3859 3859 3859 3859
    3859 3859 3816 3816 2639 2618 2618 2598 2598 2579 2579 3774 3732
    3732 3692 3692 3732 3732 3732 3692 3692 3692 3692 3692 4089 4089
    4089 4089 4089 4089 4089 4089 4089 4089 4041 4041 4041 4041 1813
    1813 1813 1804 1794 1794 1785 1785 1776 1776 1776 1776 1776 1785
    1785 1785 1804 1804 1813 1813 1813 3859 3859 3859 3859 3859 3816
    3816 3816 3816 3816 2598 2579 2579 3816 3816 3774 3774 3732 3732
    3732 3732 3732 3692 3692 3692 3692 3732 4041 4041 4041 4041 4041
    4089 4089 4089 4089 4089 4041 4041 4041 1823 1813 1813 1813 1804
    1804 1794 1785 1785 1776 1776 1766 1766 1776 1776 1785 1785 1785
    1794 1813 1813 1823 1823 3903 3859 3859 3859 3859 3816 3816 3816
    3816 2598 2579 2579 3774 3774 3774 3732 3732 3732 3732 3732 3692
    3692 3692 3692 3692 3732 4041 4041 4041 4041 4041 4089 4089 4089
    4089 4089 4041 4041 1823 1823 1823 1813 1813 1804 1804 1794 1785
    1785 1776 1776 1766 1766 1776 1776 1785 1785 1785 1794 1804 1813
    1813 1813 3859 3859 3859 3816 3816 3816 3816 3816 3816 3816 3859
    3859 3774 3774 3732 3732 3732 3732 3732 3732 3692 3692 3692 3653
    3653 3692 4041 4041 4041 4041 4041 4089 4089 4089 4089 4089 4139
    1833 1823 1823 1823 1813 1813 1813 1813 1804 1794 1785 1785 1776
    1766 1766 1776 1776 1776 1785 1785 1785 1794 1794 1813 1813 1813
    3859 3774 3774 3816 3816 3816 3816 3816 3859 3859 3859 3774 3732
    3732 3732 3732 3732 3732 3692 3692 3692 3692 3653 3653 3692 4089
    4089 4041 4041 4041 4089 4089 4089 4089 4089 1853 1833 1823 1823
    1823 1823 1823 1813 1804 1794 1794 1785 1785 1776 1776 1776 1776
    1776 1776 1776 1776 1785 1785 1785 1804 1813 1813 1813 3774 3774
    3816 3816 3816 3774 3774 3774 3774 3816 3774 3732 3732 3732 3732
    3732 3732 3692 3692 3653 3653 3692 3692 3692 4089 4089 4041 4041
    4089 4041 4041 4089 4139 1853 1843 1843 1833 1823 1823 1823 1823
    1813 1804 1794 1794 1785 1785 1785 1776 1776 1776 1776 1766 1766
    1766 1776 1776 1785 1785 1794 1804 1804 1804 3816 3816 3816 3732
    3692 3692 3732 3732 3774 3732 3732 3732 3732 3732 3732 3732 3692
    3692 3653 3653 3692 3692 3732 4089 4089 4089 4089 4089 4041 4041
    4089 1853 1853 1843 1843 1833 1833 1823 1823 1823 1813 1804 1794
    1794 1785 1785 1785 1776 1776 1776 1776 1766 1766 1757 1757 1766
    1785 1785 1794 1794 1794 1785 1785 1794 3816 3732 3692 3692 3692
    3692 3732 3732 3732 3732 3732 3732 3732 3732 3692 3692 3692 3692
    3692 3692 3732 4089 4089 4089 4089 4089 4041 4041 1863 1853 1853
    1853 1853 1843 1833 1823 1823 1813 1804 1804 1794 1794 1785 1785
    1785 1785 1776 1776 1776 1766 1766 1757 1757 1757 1776 1776 1785
    1785 1785 1785 1785 1794 1823 1823 1823 3692 3692 3692 3732 3732
    3732 3732 3732 3732 3732 3732 3732 3692 3692 3692 3692 3692 3732
    4089 4041 4041 4041 4089 4041 1873 1863 1863 1853 1853 1853 1843
    1833 1823 1823 1813 1804 1804 1794 1794 1785 1785 1785 1785 1776
    1776 1776 1766 1748 1748 1757 1757 1766 1776 1776 1776 1785 1785
    1785 1794 1813 1823 1823 1813 3732 3732 3732 3732 3732 3732 3732
    3732 3732 3732 3732 3692 3692 3692 3692 3692 3774 4041 4041 4041
    4041 1904 1883 1873 1863 1863 1863 1853 1853 1843 1833 1823 1823
    1813 1804 1804 1794 1794 1785 1785 1785 1785 1785 1776 1776 1766
    1748 1748 1748 1757 1757 1766 1766 1776 1776 1785 1785 1785 1794
    1813 1813 1813 3732 3732 3732 3732 3732 3732 3732 3732 3732 3692
    3692 3692 3692 3692 3692 3692 3732 4041 1894 1894 1894 1883 1873
    1873 1863 1863 1863 1863 1853 1843 1833 1823 1823 1813 1804 1804
    1804 1804 1794 1785 1785 1785 1785 1776 1776 1766 1757 1748 1748
    1748 1748 1748 1757 1766 1766 1776 1776 1776 1785 1785 1804 1804
    3692 3692 3732 3732 3732 3732 3732 3732 3732 3692 3692 3692 3692
    3692 3692 3692 3732 4041 1894 1883 1883 1883 1873 1873 1863 1863
    1863 1853 1853 1843 1833 1823 1823 1813 1813 1813 1813 1804 1794
    1785 1785 1785 1785 1785 1776 1766 1757 1748 1748 1748 1748 1748
    1748 1757 1757 1766 1776 1776 1785 1785 1785 1785 3692 3692 3732
    3732 3732 3732 3732 3732 3732 3692 3692 3692 3692 3692 3692 3692
    3692 1904 1904 1883 1883 1883 1883 1873 1863 1863 1863 1853 1853
    1843 1843 1833 1823 1823 1813 1813 1813 1804 1804 1794 1794 1785
    1785 1785 1776 1766 1757 1748 1748 1748 1739 1739 1748 1748 1748
    1766 1776 1776 1776 1785 1785 1794 1794 3732 3732 3732 3732 3732
    3732 3732 3732 3692 3692 3692 3692 3692 3692 3692 3692 1894 1894
    1894 1894 1894 1883 1883 1883 1873 1863 1863 1853 1843 1843 1843
    1833 1823 1813 1813 1813 1804 1804 1794 1794 1785 1785 1785 1776
    1766 1757 1757 1748 1748 1739 1739 1739 1739 1748 1757 1766 1766
    1776 1776 1785 1785 1785 3732 3732 3732 3732 3732 3732 3732 3732
    3732 3692 3692 3692 3692 3692 3692 3692 1894 1894 1894 1894 1894
    1883 1883 1883 1873 1873 1863 1853 1853 1843 1843 1833 1823 1813
    1813 1813 1804 1804 1794 1785 1785 1785 1776 1776 1776 1766 1757
    1748 1748 1748 1739 1739 1739 1739 1748 1748 1748 1766 1776 1776
    1776 1785 1785 3816 3732 3732 3732 3692 3692 3692 3692 3692 3692
    3692 3692 3692 3692 3692 1894 1894 1894 1894 1894 1894 1883 1883
    1873 1873 1863 1863 1853 1843 1843 1833 1823 1823 1813 1813 1813
    1813 1794 1785 1785 1785 1776 1776 1776 1766 1757 1748 1748 1748
    1748 1739 1739 1739 1739 1739 1748 1757 1766 1776 1776 1776 1776
    1776 3732 3732 3732 3692 3692 3692 3692 3692 3692 3692 3692 3692
    3692 3732 1894 1894 1894 1894 1894 1894 1883 1883 1863 1863 1863
    1863 1853 1843 1843 1833 1823 1823 1823 1823 1823 1813 1804 1794
    1785 1785 1785 1785 1776 1766 1757 1757 1748 1748 1748 1739 1739
    1739 1739 1739 1739 1739 1748 1766 1766 1766 1766 1766 1766 3732
    3732 3692 3692 3692 3692 3692 3692 3692 3692 3692 3692 3732 1894
    1894 1904 1894 1894 1894 1883 1883 1863 1863 1863 1853 1853 1843
    1843 1833 1833 1833 1823 1823 1823 1813 1813 1804 1794 1785 1785
    1785 1776 1766 1757 1757 1757 1748 1748 1739 1739 1739 1739 1731
    1722 1722 1739 1748 1757 1757 1757 1766 1766 1766 3732 3692 3692
    3692 3692 3692 3692 3692 3692 3692 3692 3732 1904 1904 1904 1894
    1894 1894 1883 1883 1873 1863 1863 1853 1853 1843 1843 1843 1833
    1833 1823 1823 1823 1813 1813 1813 1794 1794 1785 1785 1776 1766
    1766 1766 1748 1748 1748 1748 1739 1739 1739 1731 1713 1713 1722
    1722 1731 1757 1757 1757 1757 1757 3732 3692 3692 3692 3692 3692
