<?xml version="1.0"?>
<opencv_storage>
<Depth7575 type_id="opencv-matrix">
  <rows>8</rows>
  <cols>25</cols>
  <dt>w</dt>
  <data>
    5210 5210 5210 5210 5210 5210 5210 4041 3994 3994 3994 3994 3948
    3859 3816 3816 3774 3774 3774 3774 3774 3732 3732 3732 3692 5210
    5210 5210 5210 4089 4089 4041 3994 3994 3994 3948 3903 3859 3816
    3816 3774 3774 3774 3774 3774 3774 3732 3692 3653 3653 5210 5291
    4041 4041 4089 4041 4041 3994 3994 3948 3903 3903 3859 3816 3816
    3774 3774 3774 3774 3774 3774 3732 3653 3653 3653 4089 4089 4041
    4041 4041 3994 3994 3948 3948 3903 3859 3859 3859 3816 3816 3816
    3816 3816 3816 3774 3732 3732 3653 3653 3576 4089 4041 4041 4041
    3994 3994 3994 3948 3948 3903 3859 3859 3859 3859 3859 3816 3816
    3816 3816 3774 3732 3732 3653 3614 3539 4041 3994 3994 3994 3994
    3994 3994 3994 3948 3903 3859 3859 3859 3859 3859 3816 3816 3816
    3816 3774 3774 3732 3692 3614 3539 3948 3948 3948 3948 3994 3994
    3994 3994 3948 3948 3903 3859 3859 3859 3859 3859 3816 3816 3816
    3816 3774 3653 3653 3614 3539 3948 3948 3948 3948 3948 3948 3994
    3994 3948 3948 3948 3903 3859 3859 3859 3859 3859 3816 3816 3816
    3774 3653 3653 3653 0</data></Depth7575>
</opencv_storage>
