<?xml version="1.0"?>
<opencv_storage>
<Depth6540 type_id="opencv-matrix">
  <rows>104</rows>
  <cols>57</cols>
  <dt>w</dt>
  <data>
    0 0 0 0 0 0 0 0 0 0 0 3539 3503 3468 3468 3433 3433 3399 3399 3433
    3433 3433 0 0 0 0 0 0 0 0 0 0 0 0 0 0 0 0 0 0 0 0 0 0 0 0 0 0 1001
    998 998 995 3399 3399 987 987 984 0 0 0 0 0 0 0 0 0 0 3539 3539 3503
    3468 3468 3433 3433 3433 3433 3433 3433 3468 0 0 0 0 0 0 0 0 0 0 0 0
    0 0 0 0 0 0 0 0 0 0 0 0 0 0 1001 998 998 995 995 992 987 987 984 0 0
    0 0 0 0 0 0 0 0 3539 3539 3503 3468 3468 3433 3433 3433 3433 3433
    3433 0 0 0 0 0 0 0 0 0 0 0 0 0 0 0 0 0 0 1019 1019 1016 1013 1010
    1007 1007 1004 1001 1001 998 995 995 995 992 989 989 984 0 0 0 0 0 0
    0 0 3539 3539 3539 3539 3503 3468 3468 3433 3433 3433 3433 3433 0 0
    0 0 0 0 0 0 0 0 0 0 0 0 0 0 0 1019 1019 1019 1019 1016 1013 1010
    1007 1007 1004 1001 1001 998 995 995 992 987 987 984 984 0 0 0 3503
    3503 3539 3539 3576 3503 3503 3503 3503 3503 3468 3468 3433 3433
    3433 3433 0 0 0 0 0 0 0 0 0 0 0 0 0 0 1025 1025 1022 1022 1019 1019
    1019 1019 1013 1013 1010 1007 1007 1007 1004 998 998 995 995 992 987
    984 984 984 0 0 0 3503 3503 3539 3539 3576 3503 3503 3503 3503 3503
    3503 0 0 0 0 0 0 0 0 0 0 0 0 0 0 0 0 0 1028 1028 1025 1025 1022 1022
    1022 1019 1019 1019 1013 1013 1010 1010 1007 1004 1001 998 998 995
    995 989 987 984 984 981 0 0 3614 3576 3576 3576 3576 3576 3503 3503
    3468 3468 3503 3503 0 0 0 0 0 0 0 0 0 0 0 0 0 1034 1034 0 1031 1028
    1028 1025 1025 1025 1022 1022 1022 1019 1016 1010 1010 1010 1007
    1004 1001 998 998 995 995 992 989 987 984 984 981 3732 3692 3614
    3614 3614 3614 3614 3576 3503 3503 3468 3468 0 0 3468 0 0 0 0 0 0 0
    0 0 1044 1041 1038 1034 1034 1031 1031 1028 1025 1025 1025 1022 1022
    1022 1019 1019 1013 1010 1010 1007 1007 1004 998 998 995 995 992 989
    989 987 984 984 981 3732 3692 3653 3653 3653 3653 3653 3692 3692 0 0
    0 0 0 0 0 0 0 0 0 0 0 0 1047 1044 1041 1038 1038 1034 1031 1031 1028
    1025 1022 1022 1022 1022 1019 1019 1016 1010 1010 1010 1007 1004
    1004 998 998 995 995 992 989 987 987 984 981 981 3732 3692 3653 3653
    3692 3692 3692 3692 3692 0 0 0 0 0 0 0 0 1054 1054 1054 1054 1054
    1047 1044 1041 1041 1038 1034 1034 1031 1028 1025 1025 1022 1022
    1022 1022 1019 1019 1013 1010 1007 1007 1007 1004 1001 998 995 995
    995 992 987 987 984 981 981 978 3732 3692 3692 3732 3692 3692 3692
    3692 1070 1057 0 0 0 0 0 1057 1057 1050 1047 1047 1047 1047 1047
    1044 1041 1038 1034 1034 1031 1028 1025 1025 1022 1022 1022 1019
    1019 1016 1016 1013 1010 1007 1007 1007 1004 998 998 995 995 992 989
    987 987 984 981 978 978 3732 3732 3732 3732 3732 3732 3732 1070 1070
    1057 1057 1057 1057 1057 1057 1057 1057 1050 1047 1047 1047 1047
    1047 1044 1038 1034 1034 1031 1028 1028 1025 1025 1022 1022 1019
    1016 1016 1013 1013 1010 1010 1007 1007 1001 998 998 995 995 995 992
    989 987 984 984 981 978 975 3774 3816 1084 1080 1080 1080 1070 1070
    1070 1067 1057 1057 1057 1057 1057 1057 1054 1050 1047 1044 1044
    1044 1044 1044 1034 1034 1031 1031 1028 1025 1022 1022 1022 1019
    1019 1016 1013 1013 1010 1010 1007 1007 1004 1001 998 995 995 992
    992 989 987 984 984 981 978 978 975 1084 1084 1084 1080 1080 1073
    1070 1070 1067 1063 1063 1060 1060 1057 1057 1054 1050 1050 1047
    1044 1044 1044 1044 1041 1034 1034 1031 1031 1028 1025 1022 1022
    1019 1019 1016 1013 1010 1010 1010 1010 1007 1007 1001 998 998 995
    992 992 989 989 987 984 984 981 978 978 975 1084 1084 1084 1084 1080
    1073 1070 1070 1067 1060 1060 1057 1057 1054 1054 1050 1050 1050
    1047 1044 1044 1044 1044 1038 1034 1034 1028 1025 1025 1022 1022
    1022 1019 1019 1016 1013 1010 1010 1007 1007 1007 1004 1001 998 998
    995 992 989 987 987 984 984 981 981 975 975 973 1084 1084 1084 1080
    1077 1073 1070 1070 1067 1057 1057 1054 1054 1054 1050 1047 1047
    1044 1044 1041 1041 1041 1041 1038 1034 1034 1025 1022 1022 1022
    1022 1019 1019 1016 1016 1013 1010 1007 1004 1004 1004 1001 998 995
    995 992 989 987 987 984 984 981 978 978 975 975 973 1084 1084 1080
    1077 1077 1073 1070 1070 1063 1057 1057 1054 1054 1050 1050 1047
    1044 1044 1041 1041 1041 1041 1038 1034 1031 1028 1025 1022 1022
    1022 1019 1019 1016 1016 1013 1010 1007 1007 1004 1001 1001 998 995
    995 992 992 989 987 984 984 981 978 975 975 975 973 973 1084 1080
    1080 1077 1077 1073 1070 1067 1063 1057 1057 1054 1054 1050 1047
    1044 1041 1041 1041 1038 1038 1038 1034 1034 1028 1028 1025 1022
    1022 1019 1016 1016 1010 1010 1010 1010 1007 1007 1001 1001 1001 998
    995 992 992 989 987 987 984 981 981 975 975 975 973 973 973 1080
    1080 1077 1073 1070 1070 1063 1063 1057 1057 1057 1054 1050 1050
    1044 1044 1041 1041 1041 1034 1034 1034 1034 1028 1028 1025 1025
    1022 1022 1019 1016 1013 1010 1010 1007 1007 1004 1004 1001 998 998
    995 995 992 989 987 987 987 984 981 978 975 975 973 973 973 973 1080
    1077 1073 1070 1070 1070 1063 1060 1057 1054 1054 1054 1050 1047
    1044 1044 1041 1041 1038 1034 1034 1034 1031 1025 1025 1022 1022
    1022 1019 1016 1013 1010 1010 1007 1007 1004 1001 1001 998 998 998
    992 989 989 987 987 987 984 981 975 975 973 973 973 973 970 970 1084
    1077 1073 1070 1070 1067 1063 1060 1057 1054 1054 1050 1047 1044
    1044 1041 1041 1038 1038 1031 1031 1034 1031 1025 1022 1022 1019
    1019 1016 1016 1013 1010 1010 1007 1004 1001 998 998 998 998 998 989
    987 987 987 987 984 981 978 975 975 973 973 973 970 967 967 1080
    1073 1070 1067 1067 1067 1060 1057 1057 1054 1054 1050 1044 1044
    1041 1041 1041 1038 1034 1031 1031 1034 1031 1025 1022 1019 1019
    1016 1016 1013 1010 1010 1007 1007 1004 1001 998 998 995 995 992 989
    987 987 987 984 984 981 975 973 973 973 973 973 967 964 964 1080
    1070 1070 1067 1067 1063 1060 1057 1054 1054 1054 1047 1044 1044
    1041 1041 1038 1034 1031 1031 1031 1028 1028 1025 1019 1019 1019
    1016 1016 1013 1010 1007 1007 1004 1004 1001 998 998 995 992 989 987
    987 987 984 984 981 975 975 973 973 973 973 970 964 962 962 1080
    1070 1070 1067 1067 1063 1060 1057 1054 1054 1050 1044 1044 1041
    1041 1038 1038 1034 1031 1028 1028 1025 1022 1022 1019 1019 1019
    1016 1013 1010 1010 1007 1007 1004 1004 998 998 992 992 992 989 987
    984 984 984 981 978 975 973 973 973 970 970 967 962 962 962 1077
    1070 1067 1067 1063 1060 1057 1054 1050 1050 1044 1044 1041 1041
    1038 1034 1034 1031 1031 1028 1028 1022 1022 1022 1019 1019 1016
    1013 1010 1010 1007 1007 1004 1001 998 995 995 992 989 989 989 987
    984 984 981 978 975 975 973 973 970 970 967 967 962 959 959 1070
    1070 1063 1063 1060 1057 1057 1050 1047 1047 1044 1044 1041 1041
    1038 1034 1034 1031 1028 1025 1025 1022 1022 1019 1019 1016 1013
    1013 1010 1010 1007 1004 1001 1001 998 995 995 992 989 987 987 987
    984 981 981 978 975 975 973 970 967 967 967 962 962 959 959 1070
    1067 1063 1060 1057 1057 1054 1047 1047 1044 1044 1041 1041 1038
    1034 1031 1031 1028 1028 1025 1025 1022 1022 1019 1016 1013 1010
    1010 1007 1007 1007 1004 998 998 995 995 995 989 987 987 987 987 984
    981 981 975 973 973 970 970 967 967 964 962 959 956 956 1067 1067
    1063 1060 1057 1054 1054 1047 1044 1044 1044 1041 1038 1034 1031
    1031 1031 1028 1025 1025 1022 1022 1022 1019 1016 1013 1010 1010
    1007 1004 1004 1001 998 998 995 995 995 989 987 987 984 984 984 981
    978 975 973 973 970 970 967 964 962 962 956 956 956 1067 1067 1060
    1057 1057 1054 1054 1047 1044 1044 1041 1041 1038 1034 1031 1031
    1028 1028 1025 1022 1022 1022 1019 1016 1013 1010 1010 1007 1007
    1004 1004 1001 998 998 995 992 992 987 984 984 984 984 981 978 978
    975 973 973 970 967 964 964 959 956 956 954 954 0 1060 1057 1057
    1057 1054 1050 1047 1044 1041 1041 1038 1034 1034 1031 1028 1028
    1028 1025 1022 1022 1019 1019 1016 1010 1010 1010 1007 1007 1004
    1001 1001 998 995 995 992 989 987 984 984 981 981 978 975 975 973
