<?xml version="1.0"?>
<opencv_storage>
<Depth0603 type_id="opencv-matrix">
  <rows>7</rows>
  <cols>30</cols>
  <dt>w</dt>
  <data>
    0 4708 4708 4774 4911 4842 4842 4842 4842 4842 4842 4842 4911 4842
    4774 4774 4842 4842 4911 4842 4842 4911 4911 4911 4911 4911 4911
    4911 4983 5056 4842 4708 4708 4774 4911 4842 4842 4842 4842 4842
    4842 4842 4911 4842 4842 4842 4842 4842 4911 4911 4911 4911 4911
    4911 4911 4911 4911 4911 4983 4983 4842 4774 4774 4842 4842 4842
    4842 4842 4842 4842 4842 4911 4911 4911 4842 4842 4842 4842 4911
    4911 4911 4911 4911 4911 4911 4911 4911 4911 4911 4983 4842 4842
    4842 4842 4842 4842 4842 4842 4842 4842 4842 4842 4842 4842 4842
    4842 4842 4911 4911 4911 4911 4911 4911 4911 4911 4911 4911 4911
    4911 4983 4582 4842 4842 4842 4842 4842 4842 4842 4842 4842 4842
    4842 4842 4842 4842 4842 4842 4911 4911 4911 4911 4911 4911 4911
    4911 4911 4911 4911 4911 4983 4582 4774 4774 4842 4774 4774 4774
    4842 4842 4842 4842 4842 4842 4842 4911 4911 4911 4911 4911 4911
    4911 4842 4842 4911 4911 4911 4911 4911 4983 5056 4774 4774 4774
    4774 4774 4774 4774 4842 4911 4911 4911 6038 6146 6146 6146 6038
    6038 6038 6146 4911 4911 4842 4842 4842 5933 5933 5132 5132 5132
    5210</data></Depth0603>
</opencv_storage>
