<?xml version="1.0"?>
<opencv_storage>
<Depth17774 type_id="opencv-matrix">
  <rows>145</rows>
  <cols>101</cols>
  <dt>w</dt>
  <data>
    3208 3208 3208 3208 3208 3208 3178 3178 3178 3149 3149 3149 3120
    3120 3120 3120 3092 3092 3120 3149 3120 3120 3120 3120 3120 3092
    3092 3092 3092 3092 3064 3064 3064 3064 3064 3064 3037 3037 3037
    3037 3037 3037 3037 3037 3010 3010 3010 3010 3010 3010 3010 3010
    3010 3010 3010 2984 2984 864 864 864 864 2958 0 0 0 0 0 2958 2958
    2958 2933 2933 2933 2933 2933 2933 2933 2933 2933 2933 2933 2933
    2933 2908 2883 2859 2859 2859 2859 2859 2883 2908 2883 2883 2859
    2859 2859 2859 2835 2835 2835 3208 3208 3208 3208 3208 3178 3178
    3178 3178 3149 3149 3149 3120 3120 3120 3120 3120 3120 3120 3149
    3120 3120 3120 3120 3120 3092 3092 3092 3092 3092 3092 3092 3092
    3092 3092 3064 3064 3037 3037 3037 3037 3037 3037 3037 3010 3010
    3010 3037 3037 3010 3010 3010 3010 3010 3010 2984 869 864 864 864
    862 862 0 0 0 0 0 0 2958 2958 2958 2958 2933 2933 2933 2933 2933
    2933 2933 2933 2933 2933 2933 2933 2883 2859 2859 2859 2859 2859
    2883 2908 2883 2883 2859 2859 2859 2859 2835 2835 2835 3208 3208
    3208 3208 3208 3178 3178 3178 3178 3178 3149 3149 3120 3120 3120
    3120 3120 3120 3120 3149 3149 3120 3120 3120 3120 3120 3120 3092
    3092 3092 3092 3092 3092 3092 3092 3064 3064 3037 3037 3037 3037
    3037 3037 3010 3010 3010 3037 3037 3037 3010 3010 3010 3010 3010 875
    871 869 864 864 864 862 862 862 0 0 0 0 2958 2958 2958 2958 2958
    2958 2958 2958 2958 2933 2933 2933 2933 2933 2933 2933 2933 2883
    2859 2859 2835 2835 2859 2883 2883 2883 2883 2883 2859 2859 2859
    2835 2835 2835 3208 3208 3208 3208 3208 3208 3208 3208 3178 3178
    3149 3149 3120 3120 3120 3120 3120 3120 3120 3149 3149 3149 3120
    3120 3120 3120 3120 3120 3120 3120 3120 3092 3092 3092 3064 3064
    3064 3037 3037 3037 3037 3037 3037 3010 3010 3010 3010 3010 2984
    2984 2984 878 878 878 875 871 869 867 867 867 871 871 871 0 0 0 0
    803 2958 2958 802 802 2958 2958 2958 2958 2958 2958 2933 2933 2933
    2933 2933 2933 2883 2859 2859 2835 2835 2859 2883 2883 2908 2883
    2883 2883 2859 2859 2835 2835 2835 3208 3208 3208 3208 3208 3208
    3208 3208 3178 3178 3178 3149 3120 3120 3120 3120 3120 3120 3120
    3149 3149 3149 3149 3120 3120 3120 3120 3120 3120 3120 3120 3092
    3092 3092 3064 3064 3064 3064 3064 3037 3037 3037 3037 3010 3010
    3010 871 871 873 873 873 875 875 875 873 871 869 867 867 880 880 0 0
    0 0 0 0 0 803 802 800 798 798 2958 2984 2984 2984 2984 2958 2958
    2958 2933 2933 2933 2883 2883 2859 2859 2859 2859 2883 2883 2883
    2883 2883 2883 2859 2859 2859 2835 2835 3208 3208 3208 3208 3208
    3208 3208 3208 3208 3208 3178 3149 3149 3149 3149 3120 3120 3120
    3120 3149 3149 3149 3149 3120 3120 3120 3120 3120 3120 3120 3120
    3092 3092 3092 3064 3037 3037 3037 3037 3037 3037 3037 3037 878 875
    873 871 871 871 871 873 873 873 871 867 864 862 860 860 860 813 0 0
    0 0 0 0 798 798 800 800 798 798 2984 2984 3120 3120 3120 0 2958 2958
    2933 2933 2933 2908 2883 2859 2859 2859 2859 2859 2883 2883 2883
    2883 2883 2883 2859 2859 2859 2859 3208 3208 3208 3208 3208 3208
    3208 3208 3208 3208 3178 3178 3149 3149 3149 3120 3120 3120 3120
    3149 3149 3149 3149 3120 3120 3120 3120 3120 3120 3120 3120 3120
    3092 3092 3037 3037 3037 3037 3037 3037 0 0 0 871 869 867 867 867
    867 867 869 864 864 803 803 856 856 854 854 813 813 813 809 807 805
    802 800 798 798 800 800 800 800 800 800 800 803 0 0 2958 2958 2933
    2933 2933 2933 2908 2859 2859 2859 2859 2859 2883 2883 2883 2883
    2883 2883 2883 2859 2859 2859 3208 3208 3208 3208 3208 3208 3208
    3208 3208 3208 3208 3178 3178 3149 3149 3120 3120 3120 3120 3149
    3120 3120 3120 3120 3120 3120 3120 3120 3120 3120 3120 3120 3092
    3092 3037 3037 3037 0 0 0 0 0 0 869 869 862 862 860 854 845 845 803
    803 803 803 805 805 805 802 802 802 809 809 800 798 798 798 798 798
    800 800 800 800 800 0 0 0 0 0 0 2958 2933 2933 2933 2933 2908 2859
    2859 2859 2859 2859 2883 2883 2883 2883 2883 2883 2883 2883 2859
    2859 3208 3208 3208 3208 3208 3208 3208 3208 3208 3208 3178 3178
    3178 3149 3149 3120 3120 3120 3120 3149 3120 3120 3120 3120 3120
    3120 3120 3120 3120 3120 3120 3120 3092 3064 3064 0 0 0 0 0 0 0 0
    869 869 860 856 847 845 845 803 803 803 803 803 803 792 792 794 794
    794 794 794 796 798 798 798 798 798 800 800 800 800 800 803 803 802
    0 0 0 2958 2933 2933 2933 2933 2908 2859 2859 2859 2859 2859 2883
    2883 2883 2883 2883 2883 2883 2883 2859 2859 3208 3208 3208 3208
    3208 3208 3208 3208 3208 3178 3178 3178 3178 3149 3149 3120 3120
    3120 3120 3149 3149 3149 3149 3149 3120 3120 3120 3120 3120 3120
    3149 3120 3092 3064 3064 3064 0 0 0 0 0 0 0 0 0 847 845 845 800 800
    800 800 802 803 803 792 790 790 794 794 794 794 794 796 798 798 798
    798 800 800 802 802 802 802 802 802 0 0 0 0 0 2933 2933 2933 2933
    2933 2859 2859 2859 2859 2859 2883 2883 2908 2908 2908 2883 2883
    2883 2883 2883 3238 3208 3208 3208 3208 3208 3208 3208 3208 3178
    3149 3149 3149 3149 3149 3120 3120 3120 3120 3149 3149 3149 3149
    3120 3120 3120 3120 3120 3120 3120 3149 3149 3149 856 0 0 0 0 0 0 0
    0 0 0 0 847 802 802 800 800 798 789 789 789 789 790 790 790 792 794
    794 794 794 796 796 798 798 798 800 800 802 802 802 802 800 800 0 0
    0 0 0 0 2933 2933 2933 2933 2859 2859 2859 2859 2859 2883 2908 2908
    2908 2908 2908 2908 2883 2883 2883 3238 3238 3208 3208 3208 3208
    3208 3208 3208 3178 3149 3149 3149 3149 3149 3149 3149 3149 3149
    3149 3149 3149 3149 3120 3120 3120 3120 3120 3120 849 847 858 858
    856 856 856 0 0 0 0 0 0 0 0 803 803 802 802 790 789 789 789 789 789
    789 790 790 790 792 794 794 794 794 796 796 796 798 798 800 800 802
    803 803 802 800 800 0 0 0 0 0 0 2958 2958 2933 2933 2859 2859 2859
    2859 2859 2883 2908 2908 2908 2908 2908 2908 2883 2883 2883 3238
    3238 3238 3238 3208 3208 3208 3208 3208 3208 3208 3178 3178 3178
    3178 3178 3149 3149 3149 3149 3149 3149 3149 3149 3149 851 851 851
    851 849 847 858 858 858 856 856 0 0 0 0 0 0 0 0 802 800 800 803 787
    787 787 789 789 789 789 790 790 792 794 796 796 794 794 794 794 796
    798 798 800 800 802 803 805 803 802 800 800 0 0 0 0 0 2958 2958 2958
    2933 2883 2859 2859 2859 2859 2883 2908 2933 2908 2908 2908 2908
    2883 2883 2883 3238 3238 3238 3238 3208 3208 3208 3208 3208 3208
    3208 3208 3178 3178 3178 3149 3149 3149 3149 3149 3149 3149 851 851
    851 851 851 851 851 849 847 845 845 837 831 831 835 835 796 796 0 0
    789 789 790 789 785 785 785 787 787 789 789 789 790 790 790 792 794
    796 796 794 794 794 794 796 798 800 800 800 800 802 803 803 802 800
    800 0 0 0 0 0 0 2984 2958 2933 2883 2883 2859 2859 2859 2883 2908
    2933 2933 2933 2933 2908 2883 2883 2859 3238 3238 3238 3238 3238
    3238 3238 3238 3208 3208 3208 3208 3208 3178 3178 3149 3120 3120
    3149 3149 3149 851 851 851 851 851 851 849 847 847 845 843 843 837
    831 792 792 794 796 796 790 787 785 785 787 787 785 785 785 787 787
    789 789 789 790 790 790 792 794 796 796 796 796 796 796 796 800 800
    800 800 800 802 802 803 803 802 802 0 0 0 0 0 0 2984 2958 2933 2908
    2883 2859 2859 2859 2883 2908 2933 2933 2933 2933 2908 2883 2883
    2859 3238 3238 3238 3238 3238 3238 3238 3238 3208 3208 3208 3208
    3208 3178 3149 3149 3120 3120 3149 3149 851 851 849 849 849 851 851
    849 845 843 841 841 843 796 792 792 785 785 785 787 785 785 785 785
    785 787 785 785 787 787 789 789 789 789 790 790 790 792 794 794 796
    796 796 798 798 798 800 800 800 800 800 800 802 803 803 802 802 0 0
    0 0 0 0 2984 2958 2933 2908 2883 2859 2859 2859 2883 2883 2908 2933
    2933 2933 2933 2908 2883 2883 3238 3238 3238 3238 3238 3208 3208
    3238 3238 3238 3208 856 851 851 3149 3149 3149 841 851 851 847 845
    845 847 849 851 849 798 796 794 792 792 792 796 785 785 783 783 783
    783 785 785 785 785 785 787 787 787 787 789 789 790 790 790 790 790
