<?xml version="1.0"?>
<opencv_storage>
<Depth13455 type_id="opencv-matrix">
  <rows>38</rows>
  <cols>21</cols>
  <dt>w</dt>
  <data>
    6753 6753 3399 3399 3433 6375 3503 3468 3468 3468 3468 3503 3503
    3503 3503 3503 3433 3399 3365 3365 6753 3468 3468 3399 3399 3433
    3468 3468 3468 3468 3468 3468 3503 3503 3503 3503 3503 3433 3399
    3365 3365 6889 3468 3468 3468 3468 3468 3468 3468 3468 3468 3503
    3503 3503 3503 3503 3503 3503 3433 3399 3365 3365 6889 3468 3468
    3468 3468 3468 3468 3468 3468 3468 3503 3503 3503 3503 3503 3503
    3503 3433 3433 3365 3365 6889 3468 3468 3468 3468 3468 3468 3433
    3433 3468 3468 3503 3503 3503 3503 3468 3468 3468 3433 3433 3433
    6889 3468 3468 3468 3468 3468 3468 3433 3433 3468 3468 3503 3503
    3503 3503 3468 3468 3468 3433 3433 3433 6889 3433 3468 3468 3468
    3468 3468 3433 3433 3433 3468 3503 3503 3503 3503 3468 3468 3468
    3433 3433 3433 6889 3399 3468 3468 3468 3468 3468 3433 3433 3433
    3468 3503 3503 3503 3503 3468 3468 3468 3468 3433 3433 6753 3399
    3468 3468 3468 3468 3468 3433 3433 3468 3503 3503 3503 3503 3503
    3468 3468 3503 3468 3468 3468 6753 3468 3503 3468 3468 3468 3433
    3433 3433 3468 3503 3503 3503 3503 3503 3503 3503 3503 3503 3468
    3468 6622 3468 3503 3468 3468 3468 3433 3433 3433 3468 3503 3503
    3503 3503 3503 3503 3503 3503 3503 3468 3468 6622 3503 3503 3468
    3468 3468 3468 3468 3468 3468 3503 3503 3503 3503 3503 3503 3503
    3503 3503 3468 3468 6622 3503 3468 3468 3468 3468 3468 3468 3468
    3468 3503 3503 3503 3503 3503 3503 3503 3503 3503 3503 3503 6622
    3503 3468 3468 3468 3468 3468 3468 3468 3468 3503 3503 3503 3503
    3503 3503 3503 3503 3503 3503 3503 6622 3468 3468 3468 3468 3468
    3468 3468 3468 3468 3503 3503 3503 3503 3503 3503 3503 3503 3503
    3503 3503 3503 3468 3468 3468 3468 3468 3468 3468 3468 3468 3503
    3503 3503 3503 3503 3503 3503 3503 3503 3503 3503 3503 3468 3468
    3468 3468 3468 3468 3468 3468 3468 3503 3503 3503 3503 3503 3503
    3503 3503 3503 3503 3503 6622 3468 3468 3468 3468 3468 3468 3468
    3468 3468 3503 3503 3503 3503 3503 3503 3503 3503 3503 3503 3503
    6753 3468 3468 3468 3468 3468 3468 3468 3468 3468 3468 3468 3468
    3503 3503 3503 3503 3503 3503 3503 3503 6753 3503 3503 3468 3468
    3468 3468 3468 3468 3468 3468 3468 3468 3503 3503 3503 3503 3503
    3503 3503 3433 3433 3503 3503 3468 3468 3468 3433 3433 3468 3468
    3468 3468 3468 3503 3503 3503 3503 3503 3503 3503 3433 3433 3503
    3503 3468 3468 3468 3433 3433 3468 3468 3503 3503 3503 3503 3503
    3503 3503 3503 3503 3503 3468 3468 3539 3503 3468 3468 3468 3468
    3468 3468 3468 3503 3503 3503 3503 3503 3503 3503 3503 3503 3503
    3468 3468 3539 3503 3503 3468 3468 3468 3468 3468 3468 3503 3503
    3503 3503 3503 3503 3503 3503 3503 3503 3468 3468 3503 3503 3503
    3468 3468 3468 3468 3468 3468 3503 3503 3503 3503 3503 3503 3503
    3503 3503 3503 3468 3468 3503 3503 3503 3468 3468 3468 3468 3468
    3468 3503 3503 3503 3503 3503 3503 3503 3503 3503 3503 3503 3503
    3539 3503 3503 3468 3468 3468 3468 3468 3468 3468 3468 3468 3503
    3503 3503 3503 3503 3503 3503 3503 3503 6622 3539 3503 3468 3468
    3468 3468 3399 3399 3468 3468 3468 3503 3503 3503 3503 3503 3539
    3503 3503 3539 6622 3539 3503 3503 6375 6259 6146 3399 3399 3468
    3468 3539 3503 3503 3503 3503 3539 3539 3539 3539 6889 6753 6753
    6753 6753 6622 6622 6497 6497 6497 3539 3539 3614 3614 3614 3692
    3774 6889 6889 6889 6889 6889 6753 6753 6753 6753 6622 6622 6622
    6622 3539 3539 3539 3576 3539 3539 3576 3774 6889 6889 6889 6889
    6889 6753 6753 6753 6753 6753 6753 3614 3539 3503 3503 3539 3539
    3539 3539 3576 3576 6889 6753 6753 6753 6753 6753 6753 6753 6753
    6753 3653 3576 3539 3503 3503 3539 3503 3503 3503 3503 3503 6889
    6622 6622 6753 6753 6753 6753 6753 6753 6753 3653 3539 3539 3503
    3503 3503 3503 3503 3503 3503 3468 3468 6622 6622 6753 6753 6753
    6753 6753 6753 6753 6753 3503 3503 3503 3503 3503 3468 3468 3503
    3503 3468 3468 3468 6753 6753 6753 6753 6753 6753 6753 3365 3365
    3468 3468 3503 3503 3503 3468 3468 3503 3503 3503 3468 3468 6753
    6753 6753 6753 6753 6753 6753 3365 3365 3433 3433 3503 3503 3503
    3503 3503 3503 3503 3503 3503 3503 6753 6753 6753 6753 6622 5460
    5460 5460 3433 3433 3433 3503 3503 3503 3503 3503 3503 3503 3503
    6753 6753 6753 6753 6753</data></Depth13455>
</opencv_storage>
