<?xml version="1.0"?>
<opencv_storage>
<Depth15642 type_id="opencv-matrix">
  <rows>34</rows>
  <cols>43</cols>
  <dt>w</dt>
  <data>
    2381 4295 4295 4241 4241 2333 2333 2349 2349 2333 2333 2333 4190
    4190 4241 4241 4241 4241 4190 4190 4241 4190 4190 4190 4190 4190
    4190 4139 4139 4190 4190 4190 4190 4190 4190 4190 4190 4241 4241
    4241 4241 4241 4241 2381 4349 4295 4295 4295 2333 2333 2333 2333
    2333 2333 2333 2317 2317 4241 4241 4241 4241 4241 4241 4241 4241
    4190 4190 4190 4190 4190 4190 4190 4190 4190 4190 4190 4190 4190
    4190 4190 4241 4241 4190 4190 4241 4241 2381 2349 2349 2349 2349
    2333 2333 2333 2333 2333 2333 2333 2317 2317 2333 2333 2333 4295
    4241 4241 4241 4190 4190 4190 4190 4190 4190 4190 4190 4190 4190
    4190 4241 4190 4190 4190 4190 4241 4241 4190 4190 4241 4241 0 0 2349
    2349 2333 2333 2333 2333 2333 2333 2333 2333 2333 2333 2333 2333
    2333 2333 4241 4241 4241 4190 4190 4190 4190 4190 4190 4190 4190
    4190 4190 4190 4241 4241 4241 4241 4241 4241 4241 4190 4190 4241
    4190 0 0 2349 2349 2333 2333 2333 2333 2333 2333 2333 2333 2333 2333
    2333 2333 2333 2333 2333 2349 4241 4190 4190 4190 4190 4190 4190
    4190 4190 4190 4190 4190 4241 4241 4241 4241 4241 4241 4241 4241
    4241 4241 4190 0 2301 2301 2301 2301 2301 2317 2317 2317 2317 2317
    2333 2333 2333 2333 2333 2333 2333 2333 2333 2333 2349 4139 4139
    4190 4190 4190 4190 4190 4190 4190 4190 4241 4295 4295 4241 4241
    4241 4241 4241 4241 4241 4241 0 0 2301 2286 2286 2301 2317 2317 2317
    2317 2317 2317 2333 2333 2333 2333 2333 2333 2333 2333 2333 2333
    2333 4139 4190 4190 4190 4190 4190 4190 4190 4241 4295 4295 4295
    4241 4241 4241 4241 4241 4241 4241 4241 2349 2317 2286 2286 2286
    2286 2301 2317 2317 2317 2317 2317 2317 2317 2317 2333 2333 2333
    2333 2333 2333 2333 2333 2333 4190 4190 4190 4190 4190 4190 4190
    4190 4295 4295 4295 4241 4241 4241 4241 4241 4241 4241 4241 2333
    2317 2286 2286 2286 2286 2286 2301 2301 2317 2317 2317 2317 2317
    2317 2333 2333 2333 2333 2333 2333 2333 2333 2333 2349 2349 4190
    4190 4190 4190 4190 4190 4295 4241 4241 4241 4241 4241 4241 4241
    4241 4241 4241 2333 2317 2301 2286 2286 2286 2286 2301 2301 2301
    2317 2317 2317 2317 2317 2333 2333 2333 2333 2333 2333 2333 2333
    2333 2349 2349 2349 2333 2333 4190 4139 4139 4241 4241 4241 4241
    4241 4241 4241 4241 4241 4241 4241 2333 2317 2301 2301 2286 2286
    2286 2301 2301 2301 2301 2317 2317 2317 2317 2317 2333 2333 2333
    2333 2333 2333 2333 2333 2333 2333 2349 2333 2333 2333 2333 2349
    4241 4241 4241 4241 4241 4241 4241 4241 4241 4241 4241 2349 2333
    2317 2317 2301 2301 2301 2301 2301 2301 2301 2317 2317 2317 2317
    2317 2317 2333 2333 2333 2333 2333 2333 2333 2333 2333 2333 2349
    2333 2333 2333 2349 2365 4241 4241 4241 4241 4241 4295 4295 4241
    4241 4241 2333 2317 2317 2333 2317 2317 2317 2301 2301 2301 2301
    2317 2317 2317 2317 2317 2317 2317 2317 2317 2317 2333 2333 2333
    2333 2333 2333 2333 2333 2333 2333 2349 2365 2365 4295 4295 4295
    4295 4295 4295 4241 4241 4241 2333 2317 2317 2349 2333 2333 2317
    2317 2317 2317 2317 2317 2317 2317 2317 2317 2317 2317 2317 2317
    2317 2317 2317 2317 2333 2333 2333 2333 2333 2333 2333 2349 2349
    2365 2365 4349 4349 4349 4295 4295 4295 4241 4241 2349 2333 2333
    2365 2349 2349 2333 2333 2317 2317 2317 2317 2317 2317 2317 2317
    2317 2317 2317 2317 2317 2317 2317 2317 2317 2333 2333 2333 2333
    2333 2333 2349 2349 2349 2349 2349 2365 4349 4295 4241 4241 4241
    4241 2398 2398 2398 2381 2381 2365 2349 2349 2333 2333 2333 2333
    2333 2317 2317 2317 2317 2317 2317 2317 2317 2317 2317 2317 2317
    2317 2317 2333 2333 2333 2333 2349 2349 2349 2349 2349 2349 2349
    2333 2333 4241 4241 4241 2450 2415 2415 2415 2415 2398 2381 2381
    2381 2365 2349 2349 2333 2333 2333 2333 2317 2317 2317 2317 2317
    2317 2317 2317 2317 2317 2317 2317 2333 2333 2333 2349 2349 2349
    2349 2349 2349 2349 2333 2333 2333 2333 4295 2467 2450 2450 2450
    2432 2415 2398 2398 2381 2381 2381 2381 2365 2349 2349 2333 2317
    2317 2317 2317 2317 2317 2317 2317 2317 2317 2317 2317 2317 2333
    2333 2349 2349 2349 2349 2349 2349 2349 2349 2349 2333 2333 2365
    3300 2467 2467 2450 2450 2432 2415 2398 2398 2398 2398 2381 2365
    2349 2349 2365 2349 2333 2333 2317 2317 2317 2317 2317 2317 2317
    2317 2317 2317 2317 2333 2333 2349 2349 2349 2349 2349 2349 2349
    2349 2349 2349 2365 3300 2467 2467 2467 2450 2450 2450 2432 2432
    2415 2415 2398 2381 2381 2381 2381 2365 2349 2333 2333 2317 2317
    2317 2317 2317 2317 2317 2317 2317 2317 2317 2333 2349 2349 2349
    2349 2349 2349 2349 2349 2365 2365 2365 3300 3300 3269 2485 2467
    2467 2450 2450 2432 2432 2432 2415 2398 2398 2398 2398 2381 2365
    2349 2333 2333 2317 2317 2317 2317 2317 2317 2317 2317 2317 2317
    2333 2333 2349 2349 2349 2349 2333 2333 2349 2365 2365 2365 3300
    3300 3300 3300 3300 2485 2467 2450 2450 2450 2450 2450 2432 2432
    2415 2398 2381 2381 2365 2349 2333 2333 2333 2333 2333 2317 2317
    2317 2317 2317 2317 2333 2333 2333 2349 2349 2349 2333 2333 2349
    2349 2349 2349 3300 3300 3300 3300 3300 3300 2467 2467 2467 2450
    2450 2450 2450 2432 2415 2415 2398 2398 2381 2365 2365 2365 2365
    2349 2333 2333 2333 2317 2317 2317 2317 2333 2333 2333 2333 2333
    2333 2333 2333 2349 2349 2349 2349 3333 3333 3300 3300 3300 3300
    3300 3300 2467 2467 2467 2450 2450 2450 2450 2450 2415 2415 2415
    2398 2398 2381 2381 2381 2349 2349 2333 2333 2333 2317 2317 2333
    2333 2333 2333 2333 2333 2333 2333 2349 2349 2333 2333 3300 3300
    3300 3300 3300 3300 3300 3300 3300 3300 2467 2467 2467 2467 2450
    2450 2432 2432 2432 2415 2415 2398 2398 2381 2381 2365 2349 2333
    2333 2333 2333 2333 2333 2333 2333 2333 2333 2333 2349 2349 2349
    2333 2333 3300 3300 3300 3300 3300 3300 3300 3300 3300 3300 3300
    3300 3300 2467 2467 2467 2450 2450 2450 2432 2432 2415 2398 2398
    2398 2381 2381 2365 2349 2333 2333 2349 2349 2333 2333 2333 2333
    2333 2349 2349 2365 2381 2381 3300 3269 3269 3269 3269 3269 3269
    3300 3300 3300 3300 3300 3300 3300 3300 2467 2467 2467 2467 2467
    2467 2450 2432 2415 2398 2398 2381 2381 2365 2349 2349 2349 2349
    2333 2333 2333 2333 2333 2349 2349 2365 2365 4295 3269 3269 3269
    3269 3269 3269 3269 3300 3300 3300 3300 3300 3300 3300 3300 3300
    2485 2485 2485 2467 2467 2467 2450 2432 2415 2398 2398 2398 2381
    2381 2365 2365 2365 2349 2349 2333 2333 2333 2349 2349 2349 4295
    4295 3269 3269 3269 3269 3269 3269 3269 3269 3269 3269 3269 3300
    3300 3300 3300 3300 3300 3269 2503 2485 2485 2485 2467 2450 2450
    2432 2432 2432 2415 2415 2398 2398 2381 2365 2349 2349 2349 2349
    2349 4295 4295 4295 4349 3269 3269 3269 3269 3269 3238 3238 3238
    3238 3269 3269 3300 3300 3300 3300 3300 3300 3300 2522 2503 2503
    2485 2467 2467 2467 2450 2450 2450 2432 2432 2415 2415 2398 2381
    2365 2349 2349 2365 2365 4295 4295 4295 4295 3238 3269 3269 3269
    3269 3238 3238 3238 3238 3269 3269 3300 3300 3300 3300 3300 3300
    3300 3300 3300 2522 2522 2503 2485 2485 2467 2467 2467 2450 2450
    2450 2432 2415 2398 2381 2381 2381 2398 4349 4349 4349 4295 4295
    3238 3269 3269 3269 3269 3238 3238 3238 3269 3269 3300 3269 3269
    3269 3269 3269 3269 3300 3300 3300 3300 3300 3300 3300 2503 2485
    2485 2467 2450 2450 2450 2432 2432 2415 2415 2398 2398 2398 4349
    4349 4349 4295 4295 3238 3238 3238 3238 3238 3238 3238 3238 3269
    3269 3269 3269 3269 3269 3269 3269 3269 3269 3300 3300 3300 3300
    3300 3300 3300 2522 2503 2467 2467 2467 2467 2467 2450 2432 2432
    2415 2415 3468 4349 4349 4349 4349 4349 3238 3238 3238 3208 3208
    3208 3238 3238 3238 3238 3269 3269 3269 3269 3238 3238 3269 3269
    3269 3300 3300 3300 3300 3300 3300 3300 3300 3333 3300 2485 2485
    2485 2467 2450 2450 3468 3468 3468 3433 3433 4349 4349 4349</data></Depth15642>
</opencv_storage>
