<?xml version="1.0"?>
<opencv_storage>
<Depth4463 type_id="opencv-matrix">
  <rows>36</rows>
  <cols>18</cols>
  <dt>w</dt>
  <data>
    3539 3539 3503 3468 3399 3399 3365 3365 3365 3365 3365 3399 3399
    3399 6753 6753 6753 7030 3539 3539 3503 3468 3399 3365 3365 3365
    3365 3365 3365 3365 3365 3365 6753 6753 6889 7030 3576 3539 3503
    3468 3399 3365 3365 3365 3365 3365 3365 3365 3365 3365 3365 6889
    6889 7030 3576 3539 3503 3468 3399 3365 3365 3365 3365 3365 3365
    3365 3365 3365 3365 3365 6889 7030 3614 3539 3503 3468 3399 3365
    3365 3365 3365 3365 3365 3365 3365 3333 3333 3333 7030 7030 3539
    3539 3539 3468 3399 3365 3365 3365 3365 3365 3365 3365 3365 3333
    3333 3333 7030 7030 3539 3539 3539 3433 3399 3399 3365 3365 3365
    3365 3365 3365 3365 3365 3365 3365 6889 6889 3539 3539 3539 3433
    3399 3399 3365 3365 3365 3365 3365 3365 3365 3365 3365 3365 6889
    6889 3539 3539 3539 3433 3399 3399 3365 3365 3365 3365 3365 3365
    3365 3365 3365 3365 6889 6889 3503 3503 3539 3468 3433 3399 3365
    3365 3365 3365 3365 3365 3365 3365 3365 3365 6889 6889 3503 3503
    3539 3468 3433 3399 3365 3365 3365 3365 3365 3365 3365 3365 3365
    3365 7178 7178 6753 3539 3539 3468 3433 3399 3399 3365 3365 3365
    3365 3365 3365 3365 3365 3365 7492 7332 6753 3539 3539 3503 3468
    3399 3399 3399 3399 3365 3365 3365 3365 3365 3365 3365 7660 7332
    6753 3539 3539 3503 3468 3399 3399 3399 3365 3365 3365 3365 3365
    3365 3333 3333 3399 7332 6753 3539 3539 3503 3468 3433 3399 3365
    3365 3365 3365 3365 3365 3365 3333 3333 3399 7178 6889 6889 3539
    3503 3468 3433 3399 3365 3365 3365 3365 3365 3365 3365 3333 3333
    3365 3365 6889 6889 3539 3503 3468 3433 3399 3365 3365 3365 3365
    3365 3365 3365 3365 3365 3333 3333 6889 3614 3576 3539 3503 3433
    3399 3365 3365 3365 3365 3365 3365 3365 3365 3365 3333 3333 6889
    3614 3539 3539 3503 3433 3399 3365 3365 3365 3365 3365 3365 3365
    3365 3365 3365 3365 6889 3653 3539 3539 3503 3433 3399 3365 3365
    3365 3365 3365 3365 3365 3365 3365 3365 3365 6889 3614 3539 3539
    3503 3468 3399 3399 3365 3365 3365 3365 3365 3365 3365 3365 3365
    3365 6889 3539 3539 3539 3503 3468 3433 3399 3365 3365 3365 3365
    3365 3365 3365 3365 3365 3365 6889 3539 3539 3539 3503 3468 3399
    3399 3365 3365 3365 3365 3365 3365 3365 3365 3333 3333 6889 3576
    3576 3539 3539 3468 3399 3399 3365 3365 3365 3365 3365 3365 3365
    3365 3333 3333 6889 6889 3614 3576 3539 3503 3433 3399 3365 3365
    3365 3365 3365 3365 3365 3365 3365 3365 6889 6889 6889 3576 3539
    3539 3468 3399 3399 3365 3365 3365 3365 3365 3365 3365 3365 3365
    6889 6889 6889 7030 3576 3539 3468 3433 3399 3399 3365 3365 3365
    3365 3365 3365 3365 3365 6889 6889 6889 6889 6889 6889 6889 3468
    3433 3399 3399 3365 3365 3365 3399 3399 3399 3399 6889 6889 6889
    6889 6889 6889 6889 3468 3468 3433 3399 3365 3365 3365 7030 6753
    6753 7030 6889 6889 6889 6889 6753 6753 6753 3503 3503 3468 3468
    3468 3399 3399 6753 6753 6753 7030 6889 6889 6889 6889 6753 6753
    6753 3468 3468 3468 3433 3399 3399 3399 3399 3399 3399 7030 6889
    6753 6753 6889 6889 6889 3503 3503 3468 3468 3433 3399 3399 3399
    3399 3399 3399 3433 6753 6622 6622 6753 6889 3539 3503 3503 3433
    3433 3399 3399 3399 3399 3399 3399 3433 3433 6622 6622 6622 6753
    6753 3539 3503 3468 3433 3399 3399 3399 3399 3399 3399 3399 3399
    3399 6622 6622 6622 6753 6889 6889 3503 3468 3433 3399 3399 3399
    3399 3399 3399 3399 3399 3399 6753 6753 6753 6753 6889 6889 6889
    3433 3433 3399 3399 3399 3399 3399 3399 3399 3399 3399</data></Depth4463>
</opencv_storage>
