<?xml version="1.0"?>
<opencv_storage>
<Depth13110 type_id="opencv-matrix">
  <rows>16</rows>
  <cols>23</cols>
  <dt>w</dt>
  <data>
    4708 4708 4708 4774 4774 4774 4774 4774 4774 4708 4708 4708 4708
    6753 6753 6753 6753 6753 6753 6753 6753 6753 6622 6889 4708 4708
    4774 4774 4774 4774 4774 4774 4708 4708 4708 4708 4708 4774 4842
    4708 4708 4708 4645 4645 6753 6622 6889 4708 4708 4708 4708 4708
    4708 4708 4708 4708 4708 4708 4708 4708 4774 4708 4708 4708 4708
    4645 4645 6622 6622 6889 4708 4708 4708 4708 4708 4708 4708 4708
    4708 4774 4774 4774 4774 4774 4708 4708 4708 4645 4645 4645 4645
    6622 6889 4708 4708 4708 4708 4708 4708 4708 4708 4708 4708 4708
    4708 4708 4708 4708 4708 4708 4645 4645 4645 4645 6753 7030 4774
    4774 4708 4708 4708 4708 4708 4708 4708 4708 4708 4708 4708 4708
    4708 4708 4708 4708 4708 4708 4708 6753 7030 4774 4774 4708 4708
    4708 4708 4708 4708 4708 4708 4708 4645 4645 4708 4708 4708 4708
    4708 4708 4708 4708 4708 7030 4708 4708 4708 4708 4708 4708 4708
    4708 4708 4708 4708 4645 4645 4708 4708 4708 4708 4708 4708 4645
    4645 4645 7030 4708 4708 4708 4708 4708 4708 4708 4708 4708 4645
    4645 4645 4645 4645 4708 4645 4645 4645 4645 4645 4645 4645 4708
    4708 4708 4708 4708 4708 4708 4708 4708 4708 4645 4645 4645 4645
    4645 4708 4645 4645 4645 4645 4645 4645 4645 4708 4708 4708 4708
    4708 4708 4708 4708 4708 4708 4645 4645 4645 4645 4645 4645 4645
    4645 4645 4582 4582 4645 4645 4774 4774 4708 4708 4708 4708 4708
    4708 4708 4708 4645 4645 4582 4582 4645 4645 4645 4645 4645 4582
    4582 4645 4645 4842 4774 4774 4774 4708 4708 4708 4708 4708 4708
    4645 4645 4582 4582 4645 4645 4708 4645 4645 4645 4645 4645 6753
    4774 4774 4708 4708 4774 4708 4708 4708 4708 4708 4708 4708 4645
    4645 4645 4708 4708 4708 4645 4645 4645 4645 6753 4774 4774 4708
    4708 7030 6889 6889 6753 4708 4708 4708 4708 4708 4708 4708 4708
    4708 4708 4774 4774 6889 6753 6753 6889 6889 6889 6889 6889 6889
    6889 6753 6753 6889 6889 4842 4774 4708 4708 4708 4708 4708 4708
    4774 6753 6753 6622</data></Depth13110>
</opencv_storage>
