<?xml version="1.0"?>
<opencv_storage>
<Depth19533 type_id="opencv-matrix">
  <rows>122</rows>
  <cols>94</cols>
  <dt>w</dt>
  <data>
    7178 7178 7178 7178 7178 7178 7178 7178 7332 7332 7492 7492 7492
    7492 7492 7660 7660 7660 7660 7660 7835 7835 7835 7835 7835 7835
    7835 8019 7835 7835 7835 7835 7835 8019 8019 8019 8019 8019 8019
    8019 8019 8019 8019 8019 7835 7835 7835 7835 7835 7835 7660 7660
    7660 7492 7492 7492 7492 7492 959 959 959 959 959 964 7178 7178 7178
    7178 6753 0 6753 6753 6753 6753 6753 6622 6497 6375 6375 6375 6375
    6375 6375 6259 6259 6259 6259 6038 6038 5933 5933 5933 5933 5933
    7178 7178 7178 7178 7178 7178 7178 7332 7332 7332 7492 7492 7492
    7492 7660 7660 7660 7660 7660 7660 7835 7835 7835 7835 7835 7835
    7835 7835 7835 7835 7835 7835 7835 7835 8019 8019 8019 8019 8019
    8019 8019 8019 8019 8019 8019 7835 7835 7835 7835 7660 7660 7660
    7660 7660 7660 7660 967 964 959 959 959 959 959 964 970 970 0 0 0
    6753 6753 6753 6753 6753 6753 6622 6497 6375 6375 6375 6375 6375
    6375 6375 6259 6259 6146 6146 6038 5933 5933 5933 5933 5933 7178
    7178 7178 7178 7178 7178 7178 7332 7332 7332 7492 7492 7492 7492
    7660 7660 7660 7660 7660 7660 7835 7835 7835 7835 7835 7835 7835
    7835 7835 7835 7835 7835 7835 7835 7835 8019 8019 7835 7835 7835
    7835 8019 8019 8019 8019 8019 8019 8019 8019 7835 7835 7835 7660
    7660 967 964 964 964 962 959 959 959 959 964 970 970 0 0 894 0 0
    6753 6753 6753 6753 6622 6497 6497 6497 6497 6497 6375 6375 6375
    6259 6259 6146 6146 6038 5933 5933 5933 5933 5933 7178 7178 7178
    7178 7178 7178 7178 7332 7332 7332 7332 7332 7492 7492 7660 7660
    7660 7660 7660 7660 7835 7835 8019 8019 8019 8019 7835 7835 7835
    7835 7835 7835 7835 7835 7835 7835 8019 7835 7835 7835 7835 8019
    8019 8019 8019 8019 8019 8019 954 954 954 948 7660 7660 964 964 964
    962 962 959 959 959 959 964 970 970 891 891 894 894 894 894 0 0 6622
    6622 6497 6497 6497 6497 6497 6375 6375 6375 6259 6259 6259 6146
    6038 5933 5933 5933 5933 5933 7178 7178 7178 7332 7332 7332 7332
    7332 7332 7332 7332 7332 7332 7492 7492 7660 7660 7660 7660 7660
    7835 7835 8019 8019 8019 8019 7835 7835 7835 7835 7835 7835 7835
    7835 7835 7835 7835 7835 7835 7835 7835 7835 948 948 948 951 946 954
    954 954 954 948 948 951 954 956 956 959 959 956 956 959 959 964 964
    0 891 891 891 894 894 894 0 0 0 0 0 0 6497 6497 6497 6375 6375 6375
    6259 6259 6259 6259 6146 6038 5933 5933 5933 5933 7178 7178 7178
    7332 7332 7332 7332 7332 7332 7332 7332 7332 7332 7332 7492 7492
    7660 7660 7660 7660 7660 7835 7835 8019 8019 8019 7835 7835 7835
    7835 7835 7835 7835 7835 7835 7835 7835 7835 7835 7835 7835 938 948
    948 948 951 946 946 943 943 946 946 946 948 954 956 954 896 896 896
    956 956 887 887 887 887 887 889 891 891 891 891 891 0 0 0 0 0 6622
    6497 6497 6375 6375 6375 6259 6259 6259 6259 6146 6038 5933 5933
    6038 6038 7178 7178 7178 7332 7332 7332 7332 7332 7332 7332 7332
    7332 7332 7332 7332 7492 7492 7660 7660 7660 7660 7835 7835 7835
    7835 8019 7835 7835 7835 7835 7835 7835 7835 7835 7835 7835 8019
    8019 930 930 933 938 938 938 925 925 925 925 935 935 938 889 889 887
    885 882 882 882 882 882 882 885 885 885 887 887 887 889 891 891 891
    891 891 0 0 0 0 0 0 0 6497 6375 6375 6375 6259 6259 6259 6259 6259
    6038 5933 5933 6038 6038 7178 7332 7332 7332 7332 7332 7332 7332
    7332 7332 7332 7332 7332 7332 7332 7332 7492 7492 7660 7660 7660
    7660 7835 7835 7835 8019 7835 7835 7835 7835 7835 7835 7835 7835
    7835 7835 930 930 930 930 933 930 930 928 920 920 923 925 930 933
    885 885 885 885 885 882 880 880 880 880 880 882 885 885 887 887 887
    889 889 891 891 891 891 0 0 0 0 0 0 0 6497 6375 6375 6375 6259 6259
    6259 6259 6259 6038 6038 6038 6038 6038 7178 7332 7332 7332 7332
    7332 7332 7332 7332 7332 7332 7332 7332 7332 7332 7332 7492 7492
    7660 7660 7660 7660 7660 7835 7835 8019 8019 8019 7835 7835 0 0 930
    930 930 930 930 930 930 930 933 928 925 923 920 920 923 923 875 875
    878 878 880 880 880 878 878 880 880 880 880 882 885 885 887 887 887
    889 889 891 894 891 891 0 0 0 0 0 0 0 6497 6497 6375 6375 6259 6259
    6259 6259 6259 6038 6038 6038 6038 6038 7178 7178 7178 7332 7332
    7332 7332 7332 7332 7332 7332 7332 7332 7492 7492 7492 7492 7660
    7660 7660 7660 7660 7660 8019 8019 8019 8019 0 0 0 930 0 930 930 930
    928 928 928 878 878 878 871 871 923 920 869 869 869 871 871 875 875
    875 878 878 878 878 878 880 880 882 885 885 885 887 887 887 889 889
    891 894 894 894 0 0 0 0 0 0 6375 6375 6375 6375 6375 6375 6375 6259
    6259 6259 6146 6038 6038 6038 6038 7178 7178 7178 7332 7332 7332
    7332 7332 7332 7332 7332 7492 7492 7492 7492 7332 7332 7492 7660
    7660 7660 7660 0 0 0 0 0 0 0 0 0 0 930 930 930 928 928 928 878 873
    871 869 869 869 869 869 869 869 871 871 873 873 875 875 878 878 878
    878 880 882 882 885 885 887 887 887 889 889 891 891 894 894 896 896
    0 0 0 0 0 6375 6375 6375 6497 6375 6375 6375 6375 6259 6259 6146
    6146 6038 6038 6038 7178 7332 7332 7332 7332 7332 7332 7332 7332
    7332 7332 7332 7492 7492 7492 7332 7332 7492 7835 7835 7835 0 0 0 0
    0 0 0 0 0 0 860 860 862 862 858 858 858 864 867 869 869 869 869 869
    869 869 869 871 871 873 873 875 875 878 878 878 880 880 882 882 885
    885 887 887 889 889 891 891 891 894 894 896 896 0 0 0 0 0 0 6497
    6497 6497 6375 6375 6375 6375 6375 6259 6259 6146 6038 6038 6038
    7178 7178 7178 7178 7178 7332 7332 7332 7332 7332 7332 7332 7492
    7660 7492 7492 7492 7492 7492 0 0 0 0 0 0 0 0 0 0 0 0 0 860 860 860
    858 858 858 860 860 867 867 867 867 867 869 869 869 871 873 873 873
    875 878 878 878 880 880 882 882 885 885 885 887 887 889 889 891 891
    891 894 894 894 894 0 0 0 0 0 0 6622 6622 6497 6375 6375 6375 6375
    6375 6259 6146 6146 6038 6038 6038 7178 7178 7178 839 839 7332 7332
    7332 7332 7332 7332 7332 7332 0 0 0 0 0 0 0 0 0 0 0 0 0 0 0 0 0 856
    856 858 858 858 858 858 858 860 860 862 864 867 867 867 869 869 871
    871 873 873 873 875 878 878 878 878 880 882 882 885 885 887 887 887
    889 889 889 891 894 894 896 894 894 894 0 0 0 0 0 6753 6622 6375
    6375 6375 6375 6375 6259 6259 6146 6146 6038 6038 6038 7178 7178
    7332 839 839 839 839 841 7492 7492 7492 835 0 0 0 0 0 0 0 0 0 0 0 0
    0 0 847 847 849 851 851 856 856 858 858 858 858 858 858 860 862 864
    867 867 867 869 869 869 871 873 875 875 878 878 878 878 878 880 882
    882 885 885 885 887 887 889 889 889 891 894 896 896 896 894 894 0 0
    0 0 0 0 6622 6375 6375 6375 6375 6259 6259 6146 6146 6038 6038 5933
    5933 7178 7178 839 839 839 839 839 841 841 841 0 0 835 0 0 839 0 0 0
    0 0 0 0 849 849 849 847 847 849 851 851 854 856 856 856 858 858 858
    858 860 864 864 867 867 869 869 869 869 871 873 875 875 878 878 878
    878 878 880 882 882 885 885 885 887 887 889 889 889 891 894 896 896
    896 896 0 0 0 0 0 0 0 0 0 6497 6497 6497 6259 6259 6146 6146 6038
    6038 5933 5933 0 841 839 839 839 839 839 841 841 837 0 835 835 835
    835 839 839 841 841 841 843 843 843 847 847 849 849 849 849 849 851
    851 854 856 856 858 858 858 858 860 864 864 867 867 869 869 869 871
    873 875 875 878 878 878 878 878 878 880 882 882 885 885 887 887 887
    889 891 891 894 894 896 896 896 896 896 0 0 0 0 0 0 0 0 6497 6497
    6497 6753 6146 6146 6146 6146 6038 6038 6038 0 841 839 839 839 839
    837 837 837 837 833 835 835 835 835 839 839 839 841 841 841 841 843
    845 847 847 847 847 849 849 851 851 854 856 856 858 858 858 860 860
    864 867 867 867 869 869 871 873 873 875 875 875 878 878 878 878 880
    882 882 885 885 885 887 887 887 889 891 891 891 894 894 896 896 896
    896 0 0 0 0 0 0 0 6889 6889 6889 6753 6753 6375 6259 6259 6146 6146
    6146 6146 0 841 841 839 839 837 833 833 833 833 833 833 833 835 837
    839 839 839 839 841 841 841 843 845 847 847 847 847 849 849 851 854
    854 856 856 858 858 858 860 862 864 867 867 867 869 869 871 873 875
