<?xml version="1.0"?>
<opencv_storage>
<Depth17657 type_id="opencv-matrix">
  <rows>86</rows>
  <cols>32</cols>
  <dt>w</dt>
  <data>
    3149 3149 1688 1688 1680 1671 1671 1671 3149 3149 3149 1680 1680
    1655 1639 1639 1632 1632 3178 3178 3178 3178 3149 3149 3149 3178
    3178 3178 3149 3149 3149 3149 1680 1680 1680 1680 1671 1655 1594
    1586 1586 1586 1601 1601 1639 1639 1616 1601 1601 1601 1586 1579
    1579 3178 3149 3149 3149 3149 3178 3178 3064 3064 3120 3149 1655
    1680 1680 1647 1616 1586 1586 1579 1579 1579 1572 1572 1586 1586
    1586 1586 1586 1564 1564 1564 1564 1564 3149 3149 3149 1477 1470
    1458 1458 3064 3120 3149 1655 1671 1655 1632 1609 1586 1579 1572
    1564 1557 1557 1557 1550 1550 1572 1572 1543 1543 1543 1543 1543
    1543 1543 1496 1489 1464 1464 1458 1458 1458 3149 3149 1671 1671
    1639 1624 1609 1586 1557 1557 1550 1550 1543 1543 1489 1477 1477
    1572 1523 1516 1516 1503 1503 1503 1496 1496 1483 1464 1464 1464
    1452 1452 1452 3178 1671 1671 1639 1624 1609 1586 1557 1543 1543
    1529 1509 1477 1477 1477 1477 1483 1489 1496 1496 1489 1489 1489
    1483 1477 1470 1464 1458 1458 1452 1452 1452 3178 1680 1671 1639
    1616 1601 1586 1557 1543 1529 1503 1477 1470 1470 1464 1464 1464
    1464 1464 1477 1483 1477 1477 1470 1470 1464 1458 1458 1452 1452
    1445 1445 1445 1680 1671 1639 1616 1601 1586 1564 1543 1509 1496
    1477 1470 1470 1464 1464 1458 1458 1464 1464 1464 1458 1458 1458
    1464 1464 1458 1458 1452 1452 1445 1445 1445 1680 1663 1639 1616
    1601 1586 1572 1543 1509 1496 1477 1470 1464 1464 1464 1458 1452
    1452 1458 1458 1452 1452 1452 1452 1452 1452 1452 1452 1452 1445
    1445 1445 1680 1663 1639 1616 1601 1579 1564 1543 1509 1496 1477
    1470 1464 1464 1464 1458 1452 1452 1458 1458 1452 1452 1452 1452
    1452 1452 1452 1452 1452 1445 1445 1445 1671 1663 1639 1616 1601
    1579 1557 1536 1516 1503 1483 1470 1470 1464 1464 1464 1458 1458
    1458 1458 1452 1452 1452 1452 1452 1452 1452 1452 1452 1445 1445
    1445 1671 1663 1632 1616 1594 1579 1557 1536 1523 1503 1477 1470
    1470 1464 1464 1464 1458 1452 1452 1452 1458 1458 1452 1452 1452
    1452 1452 1452 1452 1452 1452 1452 1639 1663 1632 1609 1594 1579
    1557 1536 1523 1509 1477 1470 1464 1464 1464 1464 1458 1452 1452
    1452 1458 1458 1452 1452 1452 1452 1452 1452 1452 1452 1452 1452
    1639 1663 1632 1609 1594 1579 1564 1536 1523 1489 1477 1470 1464
    1464 1464 1464 1458 1452 1452 1458 1458 1458 1452 1452 1452 1452
    1452 1452 1452 1452 1452 1452 1663 1671 1632 1616 1594 1579 1564
    1536 1523 1483 1477 1470 1470 1470 1464 1464 1464 1458 1458 1458
    1458 1458 1452 1452 1452 1452 1452 1452 1452 1452 1445 1445 1680
    1647 1632 1609 1594 1579 1564 1543 1523 1483 1477 1470 1470 1470
    1470 1464 1464 1458 1458 1458 1458 1458 1452 1452 1452 1452 1458
    1458 1452 1452 1445 1445 1680 1647 1632 1609 1594 1579 1557 1543
    1523 1483 1477 1470 1470 1470 1470 1464 1464 1458 1458 1458 1458
    1458 1458 1452 1452 1452 1452 1452 1452 1452 1445 1445 1680 1671
    1632 1609 1594 1572 1557 1543 1523 1483 1477 1470 1470 1464 1464
    1464 1464 1458 1458 1458 1458 1458 1458 1452 1452 1452 1452 1452
    1452 1452 1445 1445 1680 1671 1632 1609 1594 1572 1557 1550 1523
    1483 1477 1470 1464 1464 1464 1464 1464 1464 1458 1458 1458 1458
    1458 1452 1452 1452 1452 1452 1452 1452 1452 1452 1680 1671 1639
    1609 1594 1579 1564 1550 1523 1483 1477 1470 1464 1458 1458 1458
    1458 1458 1458 1458 1464 1458 1458 1452 1452 1452 1452 1452 1452
    1445 1445 1452 1680 1671 1639 1616 1594 1579 1557 1543 1523 1489
    1477 1470 1464 1458 1458 1458 1458 1458 1458 1458 1458 1458 1452
    1452 1452 1452 1452 1452 1452 1445 1445 1445 1688 1647 1639 1616
    1594 1579 1557 1543 1523 1489 1477 1470 1464 1464 1464 1458 1458
    1458 1458 1458 1458 1458 1452 1452 1452 1452 1452 1452 1452 1445
    1445 1445 1671 1647 1639 1616 1601 1579 1557 1543 1523 1489 1477
    1470 1464 1464 1458 1458 1458 1452 1452 1458 1458 1458 1458 1452
    1452 1452 1452 1452 1452 1445 1445 1445 1671 1647 1639 1624 1601
    1579 1557 1543 1516 1489 1483 1470 1464 1464 1458 1458 1458 1452
    1452 1458 1458 1458 1458 1452 1452 1452 1452 1452 1452 1445 1445
    1445 1671 1647 1639 1624 1601 1586 1572 1543 1516 1489 1483 1470
    1464 1464 1458 1458 1458 1458 1458 1458 1458 1458 1458 1452 1452
    1452 1452 1452 1452 1445 1445 1445 1671 1647 1639 1624 1601 1586
    1572 1536 1523 1503 1483 1470 1470 1464 1458 1458 1458 1458 1458
    1458 1458 1458 1458 1452 1452 1452 1452 1452 1452 1445 1445 1445
    1671 1663 1639 1624 1609 1586 1572 1536 1523 1503 1483 1470 1470
    1464 1464 1464 1458 1458 1458 1458 1452 1452 1458 1452 1452 1452
    1452 1452 1452 1445 1445 1445 1671 1663 1639 1624 1609 1586 1564
    1536 1523 1503 1483 1470 1470 1464 1464 1464 1458 1458 1458 1458
    1452 1452 1452 1452 1452 1452 1452 1452 1452 1452 1452 1452 1663
    1663 1639 1616 1601 1586 1564 1543 1523 1509 1483 1470 1470 1464
    1464 1464 1458 1458 1458 1458 1452 1452 1452 1452 1452 1452 1452
    1452 1452 1452 1452 1452 1647 1647 1639 1616 1601 1586 1572 1543
    1523 1509 1483 1470 1464 1464 1464 1458 1458 1458 1458 1458 1452
    1452 1452 1452 1452 1452 1452 1452 1452 1452 1452 1452 1647 1647
    1639 1616 1601 1586 1572 1543 1523 1509 1483 1470 1464 1464 1464
    1458 1458 1458 1458 1458 1452 1452 1452 1452 1452 1452 1452 1452
    1452 1452 1452 1452 1680 1663 1639 1616 1601 1586 1572 1536 1523
    1509 1477 1470 1464 1464 1464 1458 1458 1458 1458 1458 1458 1458
    1452 1452 1452 1452 1452 1452 1452 1445 1445 1452 1680 1671 1639
    1616 1609 1594 1564 1536 1516 1509 1477 1470 1464 1464 1464 1464
    1458 1458 1458 1458 1458 1458 1452 1452 1452 1452 1452 1452 1445
    1445 1445 1445 1680 1671 1639 1616 1609 1594 1564 1536 1516 1509
    1477 1470 1464 1464 1464 1464 1464 1458 1458 1458 1452 1452 1452
    1452 1452 1452 1452 1452 1445 1445 1445 1445 1680 1647 1639 1616
    1609 1594 1572 1536 1523 1509 1477 1470 1464 1464 1464 1464 1464
    1458 1458 1458 1452 1452 1452 1452 1452 1452 1452 1452 1452 1445
    1445 1445 1680 1647 1639 1616 1601 1594 1572 1536 1523 1516 1477
    1470 1464 1458 1458 1464 1464 1464 1458 1458 1452 1452 1452 1452
    1452 1452 1452 1452 1452 1452 1452 1452 1688 1671 1632 1616 1601
    1586 1572 1543 1529 1516 1477 1470 1458 1458 1458 1464 1464 1464
    1458 1458 1458 1452 1452 1452 1452 1452 1452 1452 1452 1452 1452
    1452 1671 1671 1632 1616 1601 1586 1572 1536 1529 1516 1489 1470
    1458 1458 1458 1464 1464 1464 1458 1458 1458 1452 1452 1452 1452
    1452 1452 1452 1452 1452 1452 1452 1688 1671 1632 1616 1601 1586
    1564 1536 1523 1509 1483 1470 1458 1458 1458 1464 1464 1464 1458
    1458 1458 1452 1452 1452 1452 1452 1452 1452 1452 1452 1452 1452
    1680 1663 1632 1616 1601 1586 1557 1536 1523 1509 1483 1470 1458
    1458 1458 1464 1464 1458 1458 1458 1458 1458 1458 1452 1452 1452
    1452 1452 1452 1452 1452 1452 1680 1663 1632 1616 1601 1579 1557
    1543 1529 1516 1489 1470 1458 1458 1458 1464 1464 1458 1458 1458
    1458 1458 1458 1458 1452 1452 1452 1452 1452 1452 1452 1452 1688
    1663 1639 1616 1601 1579 1557 1543 1529 1516 1489 1470 1458 1458
    1458 1464 1464 1458 1458 1458 1458 1458 1458 1458 1452 1452 1452
    1452 1452 1452 1452 1452 1688 1663 1639 1616 1601 1586 1564 1543
    1529 1516 1489 1470 1458 1458 1464 1464 1464 1458 1458 1458 1458
    1458 1458 1458 1452 1452 1452 1452 1452 1452 1452 1452 1688 1655
    1639 1616 1609 1586 1564 1543 1529 1509 1483 1470 1464 1464 1464
    1464 1464 1458 1458 1458 1458 1458 1452 1452 1452 1452 1452 1452
    1452 1452 1452 1452 1680 1655 1647 1624 1601 1586 1572 1550 1529
    1496 1477 1470 1464 1464 1464 1464 1464 1464 1464 1458 1458 1458
    1452 1452 1452 1452 1452 1452 1452 1452 1452 1452 1680 1655 1647
    1624 1601 1586 1572 1557 1529 1496 1477 1470 1464 1464 1464 1464
    1464 1464 1464 1458 1458 1458 1452 1452 1452 1452 1452 1452 1452
    1452 1452 1452 1671 1655 1647 1624 1601 1586 1572 1557 1529 1496
