<?xml version="1.0"?>
<opencv_storage>
<Depth11235 type_id="opencv-matrix">
  <rows>107</rows>
  <cols>53</cols>
  <dt>w</dt>
  <data>
    4295 4295 4295 4241 1007 1007 4241 4190 4190 4190 4139 4139 4139
    4139 4041 4041 4041 4041 4041 4041 970 970 970 970 973 975 984 981
    981 981 981 978 1007 1007 1013 1044 1044 1044 1044 1044 1044 1044
    1044 1126 1126 1115 1115 1123 1112 1112 1119 1119 1119 4295 4295
    1010 1010 1004 1004 1001 1001 1001 987 987 981 981 981 978 975 973
    973 973 970 970 970 970 970 973 973 981 981 981 981 978 978 1007
    1007 1013 1013 1010 1010 1013 1044 1044 1044 1044 1070 1070 1084
    1090 1090 1101 1108 1112 1115 1115 1013 1013 1010 1007 1004 1004
    1001 992 992 987 987 981 981 981 978 975 973 973 973 967 967 964 964
    962 962 962 978 978 978 978 978 978 1007 1007 1007 1010 1010 1010
    1013 1038 1041 1044 1050 1057 1063 1070 1077 1087 1094 1105 1112
    1115 1115 0 1013 1010 1007 1004 1001 1001 992 992 987 987 981 981
    978 978 975 973 970 970 967 967 962 959 956 954 954 954 959 973 973
    973 978 995 1004 1004 1007 1010 1013 1016 1031 1038 1041 1047 1057
    1063 1067 1077 1087 1094 1105 1108 1115 1119 0 1016 1013 1010 1004
    1001 1001 992 992 989 987 981 981 978 978 975 973 970 970 967 962
    962 959 956 954 954 954 956 959 964 973 978 989 998 1004 1007 1010
    1013 1019 1028 1034 1041 1047 1057 1060 1067 1077 1087 1094 1105
    1108 1115 1119 0 1016 1013 1010 1004 1001 1001 992 992 989 987 981
    981 978 978 975 973 970 970 967 962 962 956 956 954 954 954 954 956
    962 973 981 989 998 1001 1004 1007 1010 1019 1028 1031 1044 1054
    1057 1060 1070 1080 1087 1094 1105 1108 1115 1115 1013 1013 1013
    1010 1004 1001 1001 992 992 989 987 984 981 981 978 975 973 970 970
    970 962 962 956 956 954 954 954 954 956 962 973 984 989 995 1001
    1004 1007 1010 1019 1028 1031 1041 1054 1057 1063 1070 1080 1087
    1094 1105 1108 1115 1123 1013 1013 1013 1010 1007 1004 1001 992 992
    989 987 984 981 981 978 975 973 970 970 970 962 962 959 956 954 954
    956 956 959 962 981 984 989 995 1001 1004 1007 1019 1028 1031 1031
    1041 1050 1057 1067 1077 1084 1087 1094 1105 1108 1115 1123 1010
    1010 1013 1010 1007 1004 1001 995 992 989 989 984 981 981 978 978
    973 970 970 970 962 962 959 956 956 956 956 959 962 967 978 984 989
    995 1001 1004 1007 1019 1028 1031 1034 1041 1050 1057 1067 1077 1084
    1087 1094 1105 1108 1112 1123 1010 1010 1013 1010 1007 1001 1001 995
    992 989 989 987 981 981 978 978 973 970 970 970 962 962 959 956 956
    956 956 959 962 970 978 981 987 995 1001 1004 1010 1019 1025 1031
    1034 1044 1050 1057 1070 1077 1080 1087 1097 1105 1112 1112 1123
    1013 1013 1010 1007 1004 1001 1001 995 995 992 989 987 984 981 978
    978 973 970 970 967 962 962 959 956 954 954 956 959 964 970 975 981
    987 995 998 1004 1010 1016 1022 1031 1041 1047 1054 1060 1070 1077
    1080 1087 1097 1108 1112 1115 1123 1013 1010 1010 1007 1004 1004
    1001 998 992 992 989 987 984 981 978 978 975 970 970 967 964 962 959
    956 954 954 956 959 967 970 975 981 987 995 998 1004 1010 1016 1022
    1034 1044 1047 1054 1063 1073 1080 1080 1087 1097 1108 1112 1115
    1119 1010 1010 1010 1007 1004 1004 1001 998 992 989 989 987 984 981
    978 978 975 970 970 967 964 962 959 956 954 954 954 959 967 973 975
    981 987 995 998 1004 1007 1016 1022 1034 1044 1050 1054 1063 1073
    1080 1084 1090 1097 1105 1112 1119 1119 1010 1010 1010 1010 1004
    1004 998 995 992 989 989 987 981 981 978 978 975 973 973 967 964 962
    959 956 954 954 954 959 970 973 975 981 987 995 998 1004 1007 1019
    1025 1034 1041 1050 1054 1060 1073 1080 1084 1090 1097 1101 1112
    1119 1119 1007 1007 1010 1010 1004 1004 998 995 992 989 987 984 981
    981 978 975 973 970 970 967 962 962 959 956 954 954 954 959 967 973
    975 981 989 995 998 1004 1007 1019 1028 1034 1041 1047 1054 1060
    1077 1080 1084 1090 1097 1101 1112 1119 1119 1007 1007 1013 1010
    1007 1004 1001 995 992 989 987 984 981 978 978 975 973 970 970 967
    962 962 959 956 956 956 956 959 967 975 978 984 989 995 998 1007
    1010 1022 1028 1034 1041 1047 1054 1060 1077 1080 1084 1090 1097
    1101 1112 1115 1119 0 1013 1013 1013 1007 1004 1001 998 995 989 987
    984 981 978 978 978 973 970 970 967 962 962 959 959 956 956 956 959
    967 973 978 984 989 995 1001 1007 1010 1025 1028 1034 1041 1050 1054
    1060 1073 1080 1084 1090 1097 1105 1112 1115 1119 0 1019 1016 1013
    1007 1004 1001 998 995 989 987 984 981 978 978 978 973 970 970 967
    962 962 959 959 959 956 956 959 967 973 978 984 989 995 1001 1010
    1013 1025 1031 1038 1041 1050 1054 1060 1073 1080 1084 1094 1101
    1108 1112 1115 1119 0 1019 1016 1010 1007 1001 1001 998 995 992 989
    987 981 981 978 978 973 970 970 967 962 962 959 959 959 959 959 959
    967 973 981 987 989 995 1001 1010 1013 1028 1031 1038 1044 1054 1054
    1057 1070 1084 1084 1094 1101 1108 1112 1119 1119 0 1019 1016 1010
    1007 1001 1001 998 995 992 989 987 984 981 978 978 973 970 970 967
    962 962 959 959 956 956 956 959 970 975 981 984 992 998 1001 1004
    1013 1028 1031 1038 1044 1054 1054 1057 1070 1084 1087 1094 1101
    1108 1112 1119 1119 0 1019 1016 1013 1007 1001 1001 995 995 992 989
    989 984 981 978 978 973 973 970 967 962 962 959 956 956 956 956 956
    970 978 981 984 989 995 1001 1004 1013 1025 1031 1038 1044 1050 1054
    1060 1070 1080 1087 1094 1101 1108 1112 1123 1123 0 1016 1013 1013
    1007 1001 1001 995 995 992 989 989 984 981 978 978 975 973 970 970
    964 962 959 956 956 956 956 956 964 975 981 984 989 995 1004 1007
    1016 1022 1028 1038 1044 1047 1054 1060 1070 1080 1087 1097 1101
    1108 1112 1119 1123 0 1013 1013 1013 1010 1001 1001 995 995 992 992
    989 987 981 978 978 975 973 970 970 964 962 959 956 956 956 956 956
    964 975 981 984 989 998 1004 1010 1016 1019 1028 1038 1044 1044 1054
    1063 1073 1080 1087 1094 1101 1108 1112 1119 1126 0 1013 1013 1013
    1007 1004 1001 998 995 992 992 989 984 981 981 978 978 973 973 970
    964 962 962 959 956 956 956 959 967 975 981 984 989 998 1007 1010
    1016 1019 1031 1038 1044 1044 1054 1060 1077 1080 1084 1094 1105
    1108 1115 1119 1130 0 1016 1016 1013 1007 1004 1001 998 995 995 992
    989 984 981 981 978 978 973 973 970 967 962 962 959 959 959 959 959
    970 978 981 984 992 998 1007 1013 1016 1019 1034 1041 1044 1047 1054
    1060 1077 1080 1084 1094 1105 1112 1115 1123 1130 1016 1016 1016
    1016 1007 1004 1004 1001 995 995 992 989 987 984 981 978 975 973 973
    970 964 962 962 959 959 959 959 962 970 975 981 987 992 998 1007
    1013 1016 1019 1034 1044 1047 1050 1057 1063 1077 1080 1084 1094
    1105 1112 1115 1123 1123 1016 1016 1016 1016 1007 1004 1004 1001 998
    992 992 989 987 984 981 978 975 973 973 970 964 962 959 959 959 959
    959 962 967 975 981 987 992 998 1004 1013 1016 1019 1034 1044 1047
    1050 1057 1067 1077 1084 1087 1094 1101 1108 1115 1123 1123 1016
    1016 1016 1016 1010 1004 1004 1001 998 992 992 989 987 984 981 978
    975 973 970 970 964 962 959 959 959 959 959 962 967 975 981 987 992
    998 1004 1010 1016 1022 1034 1041 1047 1050 1057 1067 1080 1084 1087
    1094 1101 1108 1115 1123 1123 1016 1016 1016 1013 1010 1007 1004
    1001 998 992 992 989 987 984 981 978 973 973 970 970 964 962 959 959
    959 959 959 964 967 975 978 987 992 1001 1004 1010 1016 1025 1031
    1041 1047 1050 1057 1063 1080 1084 1087 1094 1101 1105 1115 1123
    1123 1016 1016 1016 1013 1010 1007 1004 1001 998 992 992 989 987 984
    981 978 973 973 970 967 964 962 962 959 959 959 959 964 970 975 978
    987 995 1004 1004 1010 1016 1022 1028 1034 1047 1054 1057 1060 1073
    1080 1087 1094 1101 1105 1112 1123 1134 1022 1019 1016 1010 1007
    1007 1004 1001 998 992 992 989 987 984 981 981 975 973 970 967 964
    964 962 962 959 959 962 967 970 975 978 984 992 1004 1007 1010 1016
    1022 1028 1034 1047 1054 1057 1060 1073 1080 1084 1094 1101 1105
    1112 1123 1126 1019 1019 1016 1010 1007 1004 1001 1001 998 992 989
