<?xml version="1.0"?>
<opencv_storage>
<Depth3939 type_id="opencv-matrix">
  <rows>18</rows>
  <cols>12</cols>
  <dt>w</dt>
  <data>
    5933 5933 5933 5933 7332 7332 7332 7332 7332 7332 7332 7332 5933
    5933 5933 5933 7332 7332 7332 7332 7332 7332 7332 7332 6038 6038
    6038 6038 6038 7332 7332 7332 7332 7332 7332 7332 6038 6038 6038
    6038 6038 6259 7332 7332 7332 7332 7332 7332 6146 6038 6038 6146
    6146 6259 7332 7492 7492 7332 7332 7332 6146 6146 6146 6146 6146
    6259 6497 7492 7492 7332 7332 7332 6146 6259 6259 6259 6259 6259
    6259 7332 7332 7492 7492 7332 6259 6146 6146 6259 6146 6146 6259
    6259 7332 7492 7492 7492 0 6146 6038 6038 6146 6146 6259 6259 6375
    7492 7492 7332 0 0 5933 5933 6038 6146 6259 6259 6259 7492 7492 7332
    0 0 5832 5832 6038 6038 6146 6146 6146 6146 7332 7332 0 0 5832 5832
    6038 6038 6146 6146 6146 6146 6146 7332 0 0 0 0 6259 6259 6259 6259
    6146 6146 6259 7332 0 0 0 0 6259 6259 6259 6146 6146 6146 6146 6146
    0 0 0 0 0 6375 6259 6146 6146 6146 6038 6038 0 0 0 0 0 0 6259 6259
    6146 6146 5933 5832 0 0 0 0 0 0 0 6259 6146 6146 5933 5832 0 0 0 0 0
    0 0 6259 6146 6038 5933 5832</data></Depth3939>
</opencv_storage>
