<?xml version="1.0"?>
<opencv_storage>
<Depth0676 type_id="opencv-matrix">
  <rows>13</rows>
  <cols>22</cols>
  <dt>w</dt>
  <data>
    6259 6259 6259 6259 6259 6259 6259 6259 6259 6259 4405 4405 4405
    4405 4405 4349 4349 4405 4349 4349 4349 6497 6259 6259 6259 4405
    4405 4405 4349 4349 4349 4349 4349 4349 4349 4349 4349 4349 4349
    4349 4349 4349 4349 4349 6259 4405 4405 4405 4349 4349 4349 4349
    4295 4295 4349 4349 4349 4349 4349 4349 4349 4349 4349 4349 4349
    4349 4349 4349 4405 4349 4349 4349 4349 4349 4295 4295 4349 4349
    4349 4349 4349 4349 4349 4349 4349 4405 4405 4405 4349 4349 4349
    4349 4349 4349 4349 4349 4295 4295 4295 4295 4349 4349 4349 4349
    4349 4349 4349 4405 4405 4405 4295 4295 4295 4295 4295 4349 4349
    4349 4295 4295 4295 4295 4295 4349 4349 4295 4295 4349 4349 4405
    4349 4349 4295 4295 4295 4295 4295 4349 4349 4349 4295 4295 4295
    4295 4295 4349 4349 4295 4295 4295 4349 4405 4349 4349 4295 4295
    4295 4295 4295 4349 4349 4349 4295 4295 4295 4295 4295 4349 4349
    4295 4295 4295 4349 4405 4349 4349 4295 4295 4349 4349 4349 4349
    4349 4349 4295 4295 4295 4295 4295 4295 4295 4295 4295 4295 4349
    4349 4349 4405 4295 4295 4349 4349 4349 4349 4349 4349 4295 4295
    4295 4295 4295 4295 4295 4349 4295 4295 4349 4349 4349 6375 4295
    4295 4349 4349 4295 4295 4295 4295 4295 4295 4241 4241 4295 6375
    4349 4349 4349 6259 6375 6375 6375 6375 4295 4295 4349 4295 4295
    4295 4295 4295 4295 4295 4241 4241 6259 6259 6259 6259 6259 6259
    6259 6375 6375 6375 4349 4349 4349 4295 4295 4295 4295 4295 4295
    4295 6259 6259 6259 6259 6259 6259 6259 6259 6259 6375 6375 6375</data></Depth0676>
</opencv_storage>
