<?xml version="1.0"?>
<opencv_storage>
<Depth4945 type_id="opencv-matrix">
  <rows>24</rows>
  <cols>62</cols>
  <dt>w</dt>
  <data>
    4041 4041 3994 3903 3903 3903 3994 3994 4041 3859 3859 3903 3903
    3948 3948 3948 3365 3365 3365 3333 3333 3333 3333 3333 3333 3333
    3365 3948 3948 3948 3948 3948 3948 3903 3903 3903 3903 3903 3903
    3948 3948 3903 3903 3903 3433 3365 3365 3365 3365 3365 3365 3365
    2883 2883 2908 2908 2933 2933 2933 2908 2908 2883 3994 3994 3994
    3903 3903 3903 3994 3994 3994 3948 3903 3903 3903 3948 3948 3903
    3365 3333 3300 3300 3300 3300 3300 3300 3300 3300 3365 3948 3903
    3903 3903 3903 3903 3903 3903 3903 3903 3903 3903 3903 3903 3903
    3903 3903 3433 3365 2958 2958 2958 2958 2908 2883 2883 2883 2908
    2908 2908 2883 2883 2883 2883 2883 3994 3994 3994 3994 3994 3948
    3903 3903 3903 3903 3903 3903 3903 3903 3903 3903 3365 3333 3300
    3300 3300 3300 3300 3300 3300 3300 3399 3948 3903 3903 3903 3903
    3903 3903 3903 3903 3903 3903 3010 2933 2908 2883 2883 2883 3433
    2958 2958 2958 2958 2958 2908 2883 2883 2883 2883 2883 2883 2859
    2859 2859 2859 2859 3948 3948 3994 3994 3948 3903 3816 3774 3774
    3816 3859 3903 3903 3903 3903 3903 3365 3333 3300 3300 3300 3300
    3300 3300 3300 3300 3903 2908 2908 3903 3903 3903 3903 3903 3903
    3903 2958 2958 2958 2933 2908 2883 2883 2908 2908 2933 2933 2958
    2958 2933 2883 2859 2859 2859 2883 2883 2883 2859 2859 2859 2859
    2859 3948 3948 3948 3948 3903 3774 3732 3692 3692 3692 3732 3816
    3859 3859 3903 3859 3333 3300 3300 3300 3300 3300 3300 3300 2958
    2958 2908 2883 2859 2859 2859 2908 2908 2933 2908 2883 2883 2883
    2883 2933 2908 2883 2883 2883 2883 2908 2908 2883 2883 2883 2859
    2859 2859 2859 2883 2883 2883 2859 2859 2859 2859 2859 3948 3903
    3859 3816 3774 3732 3692 3653 3653 3653 3692 3692 3774 3859 3859
    3859 3333 3300 3300 3300 2859 2859 2859 2859 2859 2883 2883 2883
    2859 2859 2859 2883 2883 2883 2883 2883 2883 2883 2883 2883 2883
    2859 2859 2859 2859 2859 2859 2859 2883 2859 2859 2859 2859 2859
    2859 2859 2883 2859 2859 2859 2859 2859 3859 3816 3774 3732 3732
    3692 3653 3614 3614 3614 3614 3653 3732 2908 2908 2883 2883 2908
    2908 3300 2859 2859 2859 2859 2859 2859 2859 2883 2883 2883 2883
    2883 2859 2859 2859 2859 2859 2859 2859 2859 2859 2859 2859 2859
    2859 2859 2859 2859 2859 2859 2859 2859 2859 2859 2859 2859 2883
    2883 2883 2859 2859 2859 3732 3732 3732 3692 3692 3653 3614 3576
    3576 3576 3576 3614 2883 2883 2883 2883 2883 2908 2908 2883 2859
    2835 2835 2835 2835 2859 2859 2883 2835 2835 2883 2883 2859 2859
    2859 2859 2859 2859 2859 2859 2859 2859 2859 2859 2859 2859 2859
    2859 2859 2859 2883 2883 2883 2859 2859 2859 2859 2883 2859 2859
    2859 2859 3692 3692 2859 2859 2859 2883 2908 2908 2859 2859 2859
    2859 2859 2859 2859 2883 2859 2859 2883 2859 2859 2812 2812 2812
    2835 2859 2859 2859 2835 2835 2859 2859 2859 2859 2859 2859 2859
    2883 2859 2859 2859 2859 2859 2859 2859 2859 2859 2859 2883 2883
    2883 2883 2883 2859 2859 2859 2859 2883 2859 2859 2859 2859 2883
    2859 2859 2859 2859 2883 2859 2859 2835 2835 2835 2835 2835 2835
    2859 2859 2859 2859 2859 2859 2859 2812 2812 2812 2835 2859 2859
    2859 2835 2835 2859 2859 2859 2859 2859 2859 2859 2883 2859 2859
    2859 2883 2883 2883 2883 2883 2883 2883 2883 2883 2883 2883 2883
    2883 2883 2883 2883 2883 2883 2859 2859 2859 2859 2859 2859 2859
    2859 2835 2835 2835 2835 2835 2835 2812 2812 2812 2835 2835 2835
    2835 2859 2859 2835 2812 2812 2835 2835 2859 2859 2859 2835 2835
    2859 2859 2859 2859 2859 2859 2883 2883 2883 2883 2883 2883 2883
    2883 2883 2883 2883 2859 2859 2859 2883 2883 2883 2883 2883 2883
    2883 2883 2883 2859 2835 2835 2859 2835 2835 2835 2859 2812 2812
    2835 2835 2835 2835 2812 2812 2812 2835 2835 2835 2835 2835 2859
    2835 2812 2812 2812 2835 2859 2859 2859 2859 2859 2859 2859 2859
    2859 2859 2859 2883 2859 2859 2859 2883 2883 2883 2883 2883 2883
    2883 2859 2859 2859 2883 2883 2883 2883 2883 2859 2859 2883 2883
    2859 2835 2835 2859 2835 2835 2835 2835 2812 2812 2835 2835 2835
    2835 2835 2835 2835 2835 2835 2835 2835 2835 2859 2835 2835 2812
    2812 2835 2859 2859 2859 2859 2859 2859 2859 2859 2859 2859 2859
    2859 2859 2859 2859 2883 2883 2883 2883 2883 2883 2883 2859 2859
    2883 2908 2908 2908 2883 2883 2859 2859 2883 2883 2883 2812 2812
    2859 2835 2835 2835 2835 2835 2835 2835 2835 2835 2835 2835 2835
    2835 2835 2835 2835 2835 2859 2859 2835 2835 2835 2835 2835 2859
    2859 2859 2859 2859 2859 2859 2859 2883 2883 2859 2859 2859 2859
    2859 2883 2883 2883 2883 2883 2883 2883 2883 2883 2883 2933 2933
    2958 2933 2883 2859 2859 2883 2883 2883 2812 2812 2859 2835 2835
    2835 2835 2835 2835 2835 2835 2835 2835 2835 2835 2835 2835 2835
    2835 2835 2835 2835 2835 2835 2835 2835 2835 2859 2859 2859 2859
    2859 2859 2859 2859 2859 2859 2859 2859 2859 2859 2859 2859 2859
    2883 2859 2859 2883 2883 2883 2883 2883 2958 2958 2933 2883 2859
    2835 2835 2859 2859 2883 2835 2835 2859 2835 2835 2835 2835 2835
    2835 2835 2835 2835 2835 2835 2835 2835 2835 2835 2835 2835 2835
    2835 2859 2835 2835 2835 2835 2859 2859 2835 2835 2859 2859 2859
    2859 2859 2859 2859 2859 2859 2859 2859 2859 2859 2859 2859 2859
    2859 2859 2883 2908 2933 2958 2958 2933 2883 2859 2835 2835 2859
    2859 2883 2883 0 2835 2835 2835 2835 2835 2835 2835 2835 2835 2835
    2835 2835 2835 2835 2835 2835 2835 2835 2835 2835 2859 2859 2835
    2835 2835 2859 2859 2835 2835 2859 2859 2883 2883 2883 2859 2859
    2859 2859 2859 2859 2859 2859 2835 2835 2859 2859 2859 2883 2908 0 0
    0 0 0 0 0 0 2859 2859 0 0 0 1970 1947 1936 1936 2812 2812 2812 2812
    2812 2835 2835 2835 2835 2835 2835 2835 2835 2835 2835 2835 2835
    2835 2835 2835 2835 2835 2835 2835 2835 2859 2859 2883 2908 0 0 0 0
    0 2883 2883 2859 2835 2835 2835 0 0 0 0 0 0 0 0 0 0 0 0 0 0 0 0 0 0
    1959 1947 1936 1926 1926 2812 2812 2812 2812 2835 2835 2835 2835
    2835 2859 2859 2859 2835 2812 2812 2812 2835 2812 2812 2835 2835
    2835 2835 2835 2859 2859 2883 0 0 0 0 0 0 0 0 2859 2835 2835 2835 0
    0 0 0 0 0 0 0 0 0 0 0 0 0 0 0 0 0 1959 1947 1947 1926 1926 1926 2812
    2812 2812 2812 2812 2812 2835 2812 2812 2835 2859 2835 2789 2789
    2789 2789 2767 2767 2812 2812 2835 0 0 2883 2859 2859 0 0 0 0 0 0 0
    0 0 0 2835 2835 0 0 0 0 0 0 0 0 0 0 0 0 0 0 0 0 0 0 1970 1947 1947
    1936 1926 1926 2812 2812 2812 2812 2812 2812 2812 2789 2789 2835
    2859 2859 2789 2767 2767 2767 2767 2767 2812 2812 2835 0 0 2883 2859
    2859 0 0 0 0 0 0 0 0 0 0 0 0 0 0 0 0 0 0 0 0 0 0 0 0 0 0 0 0 0 0
    1959 1947 1947 1936 1926 1926 1926 2812 2812 2812 2812 2812 2812
    2789 2789 2859 2859 0 0 2744 2744 2744 2767 0 0 0 0 0 0 0 0 0 0 0 0
    0 0 0 0 0 0 0 0 0 0 0 0 0 0 0 0 0 0 0 0 0 0 0 0 0 0 0 1959 1947 1947
    1947 1947 1947 1947 2812 2812 2812 2812 2812 2812 2812 2812 0 0 0 0
    2744 2744 2744 0 0 0 0 0 0 0 0 0 0 0 0 0 0 0 0 0 0 0 0 0 0 0 0 0 0 0
    0 0 0 0 0 0 0 0 0 0 0 0 0 1970 1959 1947 1936 1936 1936 1993 2028
    2053 2812 2812 2812 2812 2789 2789 0 0 0 0 0 0 0 0 0 0 0 0 0 0 0 0 0
    0 0 0 0 0 0 0 0 0 0 0 0 0 0 0 0 0 0 0 0 0 0 0 0 0 0 0 0 0 0</data></Depth4945>
</opencv_storage>
