<?xml version="1.0"?>
<opencv_storage>
<Depth1651 type_id="opencv-matrix">
  <rows>86</rows>
  <cols>57</cols>
  <dt>w</dt>
  <data>
    3503 3503 3503 3468 3433 3399 3399 3365 3365 3365 3365 3365 3333
    3333 3333 3333 3333 3333 3333 3300 3269 3269 3269 3269 3238 3238
    3238 3238 3208 3208 3238 1181 1181 1181 3178 3178 3178 1173 1173
    1169 1169 1169 1169 1173 1173 1177 3092 1236 1232 1232 1232 3010
    3010 3010 2984 2984 2984 3503 3503 3468 3433 3433 3399 3399 3365
    3365 3365 3365 3333 3333 3333 3333 3300 3300 3333 3333 3333 3269
    3269 3238 3238 3269 3238 3238 3208 1202 1197 1185 1181 1181 1181
    1181 1181 1173 1173 1169 1169 1169 1169 1169 1173 1177 1177 1185
    1185 1227 1223 1223 1223 3010 3010 2984 2984 2984 3468 3468 3468
    3433 3399 3399 3399 3399 3365 3365 3365 3333 3333 3333 3333 3300
    3300 3333 3300 3269 3238 1223 1219 1214 1214 1210 1206 1202 1202
    1197 1185 1185 1185 1181 1181 1181 1173 1173 1169 1169 1169 1165
    1165 1169 1177 1181 1181 1189 1197 1214 1219 1219 1219 2984 2984
    2984 2984 3468 3468 3468 3433 3399 3399 3399 3399 3399 3399 3365
    3365 3333 3333 3333 3300 3300 1236 1232 1232 1232 1223 1219 1214
    1214 1210 1206 1202 1202 1197 1189 1185 1185 1181 1181 1181 1173
    1169 1169 1165 1165 1165 1165 1165 1177 1181 1181 1189 1197 1206
    1219 1219 1227 1227 3010 3010 2984 3468 3468 3468 3433 1288 1283
    1283 1273 1273 1273 1268 1268 1268 3399 3399 3333 1236 1236 1232
    1232 1227 1223 1219 1214 1214 1210 1206 1202 1202 1197 1189 1185
    1185 1181 1181 1177 1173 1169 1169 1165 1165 1165 1161 1161 1177
    1185 1189 1193 1197 1202 1214 1219 1227 1227 1227 3010 3010 3503
    3503 1292 1292 1288 1283 1278 1273 1268 1268 1268 1264 1259 1255
    1255 1245 1236 1236 1232 1232 1227 1227 1219 1214 1214 1210 1206
    1206 1202 1197 1189 1185 1185 1181 1181 1177 1173 1169 1169 1165
    1165 1165 1161 1161 1177 1185 1189 1193 1197 1202 1214 1219 1227
    1227 1227 3010 3010 1292 1292 1292 1292 1288 1283 1278 1273 1268
    1268 1268 1264 1255 1255 1255 1245 1241 1236 1232 1232 1232 1227
    1223 1219 1214 1214 1210 1206 1202 1197 1193 1189 1185 1181 1177
    1177 1173 1169 1169 1165 1165 1165 1165 1169 1177 1181 1189 1193
    1197 1202 1214 1219 1227 1227 1227 3010 3010 1292 1292 1292 1292
    1288 1283 1283 1273 1268 1268 1264 1259 1255 1255 1250 1245 1241
    1236 1232 1232 1232 1227 1219 1214 1214 1210 1210 1202 1197 1197
    1193 1189 1185 1181 1177 1177 1173 1169 1169 1165 1165 1165 1165
    1169 1177 1181 1185 1193 1197 1202 1210 1214 1223 1227 1227 1227
    2984 1292 1292 1292 1292 1288 1283 1278 1273 1273 1268 1264 1259
    1255 1255 1250 1250 1241 1236 1232 1232 1232 1223 1219 1214 1214
    1210 1206 1202 1197 1197 1193 1189 1185 1181 1177 1177 1173 1169
    1169 1165 1165 1165 1165 1169 1173 1181 1185 1189 1197 1202 1210
    1214 1219 1227 1227 0 2958 1292 1292 1292 1292 1288 1283 1278 1273
    1273 1268 1264 1255 1255 1255 1255 1250 1241 1236 1232 1232 1227
    1223 1219 1219 1214 1210 1206 1202 1197 1197 1197 1185 1185 1181
    1177 1177 1173 1169 1169 1165 1165 1165 1165 1165 1169 1181 1185
    1189 1197 1206 1210 1214 1219 1227 1227 0 2933 1292 1292 1292 1288
    1288 1283 1278 1273 1273 1268 1264 1255 1255 1255 1250 1250 1241
    1236 1232 1232 1227 1223 1219 1219 1214 1210 1206 1202 1202 1197
    1197 1185 1185 1181 1177 1177 1173 1169 1165 1165 1165 1161 1161
    1165 1169 1177 1185 1193 1197 1206 1210 1214 1219 1232 1232 2958
    2933 0 1292 1292 1288 1288 1283 1278 1273 1273 1268 1264 1255 1255
    1255 1250 1250 1241 1236 1232 1232 1227 1223 1219 1219 1214 1210
    1206 1202 1202 1197 1197 1189 1185 1181 1181 1177 1173 1169 1165
    1165 1165 1161 1161 1165 1169 1177 1181 1189 1193 1202 1210 1214
    1219 1232 1232 2958 2958 0 1307 1297 1288 1288 1283 1273 1273 1273
    1268 1264 1259 1255 1255 1255 1250 1241 1236 1232 1232 1223 1219
    1219 1214 1214 1210 1206 1202 1202 1197 1197 1189 1185 1181 1181
    1177 1173 1169 1165 1165 1165 1161 1161 1165 1169 1177 1177 1189
    1193 1202 1210 1214 1223 1232 1232 2958 2958 0 1307 1297 1292 1288
    1283 1273 1273 1273 1268 1268 1264 1259 1255 1255 1250 1241 1236
    1232 1232 1223 1219 1219 1214 1214 1214 1210 1202 1202 1197 1197
    1189 1185 1185 1181 1177 1173 1169 1165 1165 1165 1161 1161 1161
    1173 1177 1177 1189 1193 1202 1206 1210 1223 1232 1232 1232 2958 0
    1292 1292 1292 1288 1283 1273 1273 1273 1268 1264 1264 1259 1255
    1255 1250 1241 1236 1232 1232 1223 1219 1219 1214 1214 1210 1206
    1202 1202 1197 1197 1189 1185 1181 1181 1177 1173 1169 1165 1165
    1165 1161 1161 1161 1169 1177 1181 1189 1193 1197 1206 1210 1223
    1227 1227 1223 2984 0 1292 1292 1292 1283 1283 1278 1273 1273 1268
    1264 1259 1259 1255 1255 1250 1241 1236 1236 1232 1223 1219 1219
    1214 1214 1210 1206 1202 1202 1197 1189 1185 1185 1181 1181 1177
    1173 1169 1165 1165 1165 1161 1161 1161 1169 1177 1181 1193 1193
    1197 1206 1210 1223 1223 1223 1223 2984 0 1288 1288 1292 1283 1283
    1278 1273 1268 1264 1264 1259 1255 1255 1250 1250 1241 1236 1236
    1232 1227 1223 1219 1214 1214 1210 1206 1202 1202 1197 1189 1185
    1185 1181 1181 1173 1169 1169 1165 1165 1165 1161 1161 1161 1169
    1177 1181 1193 1193 1197 1206 1214 1219 1223 1223 1223 2958 0 1288
    1288 1288 1283 1283 1278 1273 1268 1264 1259 1259 1255 1255 1250
    1250 1241 1236 1232 1232 1227 1223 1219 1219 1214 1210 1206 1202
    1202 1197 1189 1185 1185 1181 1181 1173 1169 1169 1165 1165 1165
    1161 1161 1161 1165 1173 1181 1193 1193 1197 1202 1214 1219 1223
    1223 1227 0 0 1288 1288 1288 1283 1283 1278 1273 1268 1264 1259 1259
    1255 1255 1250 1250 1241 1236 1232 1232 1227 1223 1219 1219 1214
    1210 1206 1206 1202 1197 1189 1185 1185 1181 1181 1173 1169 1169
    1165 1165 1161 1157 1157 1161 1165 1173 1181 1193 1193 1197 1202
    1214 1219 1223 1227 1227 0 0 0 1288 1288 1288 1283 1278 1273 1268
    1268 1264 1259 1255 1250 1250 1250 1241 1236 1232 1232 1223 1223
    1219 1219 1214 1210 1210 1206 1202 1197 1185 1185 1185 1181 1181
    1173 1169 1169 1165 1165 1161 1157 1157 1161 1169 1173 1185 1193
    1193 1197 1202 1214 1219 1227 1227 1227 2958 0 1288 1288 1288 1288
    1283 1278 1273 1268 1268 1264 1259 1255 1250 1250 1241 1241 1236
    1232 1232 1219 1219 1219 1214 1214 1210 1206 1202 1202 1197 1185
    1185 1185 1181 1177 1173 1169 1169 1165 1165 1161 1157 1157 1161
    1165 1173 1181 1189 1193 1197 1202 1214 1219 1223 1223 1223 2958 0
    1292 1292 1288 1283 1283 1273 1273 1273 1268 1268 1259 1255 1250
    1250 1241 1241 1236 1232 1227 1219 1219 1219 1214 1214 1210 1206
    1202 1202 1197 1189 1185 1185 1181 1177 1173 1169 1165 1165 1161
    1161 1157 1157 1157 1161 1169 1181 1189 1197 1197 1206 1214 1219
    1223 1223 0 2958 0 1288 1288 1288 1283 1283 1273 1273 1273 1268 1264
    1259 1255 1250 1250 1241 1236 1236 1232 1227 1219 1219 1214 1214
    1214 1210 1206 1202 1197 1197 1189 1185 1185 1181 1177 1173 1169
    1165 1165 1161 1157 1153 1153 1157 1161 1165 1181 1189 1197 1197
    1210 1214 1219 1227 1227 0 2958 0 1288 1288 1283 1283 1278 1273 1273
    1268 1268 1264 1259 1255 1250 1250 1241 1236 1236 1232 1227 1223
    1219 1214 1214 1210 1206 1206 1202 1197 1197 1189 1185 1185 1181
    1177 1173 1169 1165 1165 1161 1157 1153 1153 1157 1161 1165 1181
    1189 1197 1197 1210 1214 1219 1227 1227 1232 2958 0 1288 1288 1283
    1283 1278 1273 1273 1268 1268 1264 1259 1255 1250 1250 1241 1236
    1236 1232 1232 1223 1219 1214 1214 1210 1206 1202 1202 1197 1197
    1189 1185 1185 1181 1177 1173 1169 1165 1165 1161 1157 1153 1153
    1157 1161 1169 1181 1189 1197 1197 1210 1214 1219 1227 1232 1232 0 0
    1288 1288 1288 1288 1278 1273 1273 1268 1264 1259 1255 1255 1250
    1250 1241 1236 1236 1232 1232 1227 1219 1214 1214 1210 1206 1202
    1202 1202 1189 1185 1185 1181 1181 1181 1173 1169 1165 1161 1161
    1157 1153 1153 1157 1161 1177 1181 1185 1193 1193 1210 1210 1219
    1223 1227 1227 1227 0 1292 1288 1288 1288 1278 1273 1268 1268 1264
