<?xml version="1.0"?>
<opencv_storage>
<Depth16292 type_id="opencv-matrix">
  <rows>30</rows>
  <cols>13</cols>
  <dt>w</dt>
  <data>
    3433 3433 3433 3433 3365 3365 2065 2065 2065 2065 2065 2065 2103
    3433 3433 3399 3399 3433 3365 3365 2065 2065 2065 2065 2065 4522
    3433 3433 3399 3399 3399 3365 3365 3365 3365 3468 3468 4522 4522
    3468 3433 3399 3365 3365 3365 3365 3399 3468 3468 3468 4522 4522
    3468 3433 3399 3365 3365 3365 3365 3399 3468 3468 3468 4582 4582
    3503 3433 3433 3399 3365 3365 3365 3399 3433 3468 3468 4582 4582
    2450 3433 3433 3399 3399 3365 3365 3365 3399 3433 3468 4582 4582
    2450 3433 3433 3433 3399 3365 3365 3365 3399 3433 3433 4522 4582
    2432 3433 3433 3433 3399 3399 3399 3399 3433 3433 3433 4463 4522
    2415 3433 3433 3433 3399 3399 3399 3399 3399 3433 3433 4463 4522
    2415 3433 3433 3399 3399 3399 3399 3399 3399 3433 3433 4522 4522
    2415 3433 3433 3399 3365 3365 3399 3399 3399 3399 3433 3433 4522
    2415 3433 3399 3365 3365 3365 3365 3365 3365 3365 3365 3365 4522
    2415 3433 3399 3365 3365 3365 3365 3365 3365 3365 3365 3365 4522
    2415 3433 3399 3399 3365 3365 3365 3365 3365 3365 3365 3365 4463
    3468 3433 3399 3399 3365 3365 3365 3365 3365 3365 3365 3399 4405
    3433 3433 3399 3365 3365 3365 3365 3365 3365 3365 3433 3468 3503
    3433 3399 3399 3365 3365 3365 3365 3365 3365 3365 3433 3468 3503
    3433 3399 3399 3365 3365 3365 3365 3365 3365 3365 3399 3433 4405
    2381 3433 3399 3365 3365 3365 3365 3365 3365 3365 3399 3433 3433
    3433 3433 3399 3399 3365 3365 3365 3365 3365 3365 3399 3433 3433
    2349 3399 3399 3399 3365 3365 3365 3365 3365 3365 3399 3399 3399 0
    3399 3399 3399 3365 3365 3365 3365 3365 3365 3365 3365 3365 0 3399
    3399 3399 3365 3365 3365 3365 3365 3365 3365 3365 3365 3365 3399
    3399 3399 3365 3365 3365 3365 3365 3365 3365 3333 3333 3365 3365
    3365 3365 3365 3365 3333 3333 3333 3333 3365 3333 3333 2286 3365
    3365 3365 3365 3365 3333 3333 3333 3333 3365 3333 3333 2286 3365
    3365 3365 3365 3365 3365 3333 3333 3333 3333 3333 3333 2271 2271
    3365 3365 3365 3365 3365 3333 3333 3333 3333 3333 3333 2256 0 3365
    3365 3365 3365 3365 3333 3333 3333 3333 3333 3365</data></Depth16292>
</opencv_storage>
