<?xml version="1.0"?>
<opencv_storage>
<Depth6802 type_id="opencv-matrix">
  <rows>30</rows>
  <cols>21</cols>
  <dt>w</dt>
  <data>
    2598 3433 3433 3433 3433 2541 2522 2522 2522 2522 2503 2503 3365
    3365 3300 3300 1169 1169 1161 1157 1153 2598 3433 3433 3433 3433
    2541 2522 2522 2522 2522 3365 3365 3365 3365 3300 3300 3300 3300
    3300 1157 1157 2579 3468 3433 3433 2541 2541 2522 2522 2522 2522
    3365 3365 3365 3365 3333 3300 3300 3300 3300 3333 0 2579 3468 3433
    3433 2541 2541 2541 2541 3399 3365 3365 3365 3365 3365 3333 3333
    3300 3300 3300 3333 0 3468 3468 3433 3433 3433 2579 2579 3399 3399
    3365 3365 3365 3333 3333 3333 3333 3300 3300 3300 0 0 3433 3433 3433
    3433 3399 3399 3399 3399 3399 3399 3365 3300 3300 3333 3333 3333
    3300 3300 3300 0 0 3433 3433 3433 3433 3399 3399 3399 3399 3399 3399
    3365 3300 3300 3300 3300 3333 3300 3300 3300 0 0 3433 3433 3433 3399
    3399 3399 3399 3399 3365 3365 3365 3333 3300 3300 3300 3300 3300
    3269 3238 3238 0 3433 3433 3433 3399 3399 3399 3399 3399 3365 3365
    3333 3333 3300 3300 3300 3300 3300 3269 3238 3238 0 2560 3433 3399
    3399 3399 3399 3399 3399 3365 3365 3333 3333 3333 3300 3300 3300
    3300 3269 3238 3238 0 2560 3433 3399 3399 3399 3365 3333 3333 3333
    3333 3333 3333 3300 3300 3300 3300 3300 3269 3269 3269 0 3433 3399
    3399 3399 3399 3333 3333 3333 3333 3333 3333 3333 3300 3300 3300
    3300 3300 3269 3269 3269 0 3433 3399 3399 3399 3399 3333 3333 3333
    3300 3300 3300 3333 3300 3300 3300 3300 3300 3269 3269 3269 3269
    3433 3399 3399 3399 3399 3365 3333 3300 3300 3300 3300 3300 3300
    3300 3300 3269 3269 3269 3238 3238 3269 3433 3433 3399 3399 3365
    3333 3300 3300 3300 3300 3300 3300 3300 3300 3300 3269 3269 3238
    3238 3238 3238 3433 3433 3399 3365 3365 3333 3300 3300 3300 3300
    3269 3269 3300 3300 3300 3269 3269 3238 3238 3238 3238 3399 3399
    3399 3365 3365 3333 3300 3300 3300 3300 3269 3269 3300 3300 3300
    3269 3269 3238 3238 3238 3238 3365 3365 3365 3365 3333 3300 3300
    3300 3300 3300 3269 3269 3269 3300 3269 3269 3269 3238 3238 3238
    3238 3365 3365 3365 3365 3333 3300 3300 3300 3300 3300 3269 3269
    3269 3300 3269 3269 3269 3269 3238 3238 3238 3333 3333 3365 3333
    3333 3333 3300 3300 3300 3269 3269 3269 3269 3269 3269 3269 3269
    3238 3238 3208 3208 3333 3333 3365 3333 3333 3333 3333 3333 3300
    3269 3269 3269 3269 3269 3269 3269 3269 3238 3238 3208 3208 3365
    3365 3365 3333 3300 3300 3333 3333 3269 3269 3269 3269 3269 3269
    3269 3269 3269 3238 3238 3208 3208 3365 3365 3365 3333 3300 3300
    3300 3300 3269 3269 3269 3269 3269 3269 3269 3269 3269 3238 3238
    3208 3208 3399 3365 3365 3300 3300 3300 3269 3269 3269 3269 3269
    3269 3269 3269 3269 3269 3269 3269 3238 3208 3208 3365 3333 3333
    3300 3300 3300 3269 3269 3269 3269 3269 3269 3269 3269 3269 3269
    3269 3269 3238 3208 3208 3300 3300 3300 3300 3300 3300 3269 3269
    3269 3269 3269 3269 3269 3269 3269 3269 3269 3238 3208 3178 3178
    3300 3300 3300 3300 3300 3300 3269 3269 3269 3269 3269 3269 3269
    3269 3269 3269 3269 3238 3208 3178 3178 3300 3300 3300 3300 3300
    3300 3269 3269 3269 3269 3269 3269 3238 3238 3238 3238 3269 3238
    3208 3208 3300 3300 3300 3300 3300 3269 3269 3269 3269 3269 3269
    3238 3238 3238 3238 3238 3238 3238 3238 3208 3208 3269 3300 3300
    3300 3269 3269 3269 3269 3269 3269 3269 3238 3238 3238 3238 3238
    3238 3238 3208 3208 3208 3208</data></Depth6802>
</opencv_storage>
