<?xml version="1.0"?>
<opencv_storage>
<Depth6436 type_id="opencv-matrix">
  <rows>63</rows>
  <cols>52</cols>
  <dt>w</dt>
  <data>
    2789 2789 2789 2812 2812 2812 3948 3948 3948 3948 3948 3994 3994
    4041 1671 1655 1655 1655 1680 1688 1688 1696 1688 1688 1688 4190
    4190 4190 4190 4190 4190 4190 4241 4241 4241 4295 4295 4295 4349
    4349 4349 4349 4349 4349 4405 4405 4405 4405 4405 4463 4463 4463
    2789 2789 2789 2812 2812 2812 3903 3903 3903 3903 3903 3994 4041
    4041 1671 1655 1655 1688 1688 1688 1688 1696 1688 1688 1688 1696
    1705 1705 1713 4190 4241 4241 4295 4295 4295 4241 4241 4241 4295
    4295 4349 4349 4349 4349 4405 4405 4405 4405 4405 4405 4405 4405
    2789 2789 2789 2812 2812 2812 3903 3903 3903 3903 3903 3994 3994
    1748 1696 1696 1688 1688 1688 1688 1688 1696 1696 1688 1688 1696
    1705 1705 1705 1705 1722 1722 1722 1722 1722 1722 1722 4241 4295
    4295 4349 4349 4349 4349 4349 4349 4405 4405 4405 4405 4405 4405
    2789 2789 2789 2789 2789 2789 3903 3903 3903 3903 3903 3903 1748
    1748 1722 1696 1688 1688 1688 1688 1688 1688 1688 1696 1696 1696
    1705 1705 1705 1705 1722 1722 1722 1722 1722 1722 1722 1731 1739
    1757 1766 4349 4349 4349 4349 4349 4405 4405 4405 4405 4405 4405
    2789 2789 2789 2789 2789 2789 3948 3903 3903 3903 3903 3903 1739
    1739 1722 1705 1696 1688 1688 1688 1688 1688 1688 1696 1696 1696
    1705 1705 1705 1705 1713 1722 1722 1722 1722 1722 1731 1731 1731
    1739 1739 1731 1731 1757 1766 1766 4405 4405 4405 4405 4405 4405
    2767 2789 2789 2789 2789 2789 3903 3903 3903 3903 3903 3903 1722
    1722 1705 1696 1688 1688 1688 1688 1688 1688 1688 1696 1696 1696
    1705 1696 1696 1705 1713 1722 1722 1722 1722 1722 1731 1731 1731
    1731 1731 1731 1731 1748 1757 1766 1766 4463 4463 4463 4405 4405
    2767 2767 2789 2789 2789 3903 3903 3903 3903 3903 3903 1731 1705
    1705 1696 1688 1680 1680 1688 1688 1688 1688 1688 1688 1696 1696
    1696 1696 1696 1705 1713 1713 1722 1722 1722 1722 1731 1731 1731
    1731 1731 1731 1731 1748 1748 1748 1757 1757 1757 1757 1757 4463
    2767 2767 2789 2789 2789 3903 3903 3903 3903 3903 3903 1731 1731
    1705 1696 1688 1680 1680 1680 1688 1688 1688 1688 1688 1688 1688
    1696 1696 1696 1696 1705 1713 1713 1713 1713 1722 1722 1731 1722
    1722 1731 1731 1739 1748 1748 1748 1757 1757 1757 1757 1757 1757
    2767 2767 2767 2767 2767 2789 3903 3903 3903 3903 0 1722 1722 1688
    1688 1688 1680 1680 1680 1688 1688 1688 1688 1688 1688 1688 1696
    1696 1696 1696 1705 1705 1713 1713 1713 1722 1722 1731 1722 1722
    1731 1731 1731 1739 1739 1739 1748 1757 1757 1757 1757 1757 2744
    2767 2767 2767 2767 2789 3903 3903 3903 3903 1713 1722 1722 1688
    1688 1688 1680 1680 1680 1688 1688 1688 1688 1688 1688 1688 1696
    1696 1696 1696 1696 1696 1705 1705 1713 1722 1722 1722 1722 1722
    1731 1731 1731 1731 1731 1739 1739 1748 1757 1757 1757 1757 2744
    2744 2767 2767 2767 3903 3903 3859 3859 3859 1713 1713 1705 1688
    1688 1688 1680 1680 1680 1688 1688 1688 1688 1688 1688 1688 1688
    1696 1696 1696 1696 1696 1705 1705 1713 1713 1722 1722 1722 1722
    1731 1731 1731 1731 1731 1731 1739 1739 1748 1748 1748 1748 2723
    2723 2744 2744 2767 3859 3859 3816 3816 3816 1713 1713 1705 1688
    1680 1671 1671 1671 1671 1680 1680 1688 1688 1688 1688 1688 1688
    1696 1696 1696 1696 1696 1705 1705 1713 1713 1722 1722 1722 1722
    1731 1731 1731 1731 1731 1731 1739 1739 1748 1748 1739 1739 2701
    2723 2744 2744 2767 3859 3859 3774 3774 3774 1713 1713 1705 1688
    1671 1663 1663 1663 1671 1680 1680 1680 1680 1688 1688 1688 1688
    1688 1696 1696 1696 1696 1705 1705 1713 1713 1713 1722 1722 1731
    1731 1731 1731 1731 1731 1731 1731 1739 1748 1748 1731 1731 2701
    2701 2723 2767 2767 3859 3774 3692 3692 3692 1705 1705 1688 1671
    1663 1663 1663 1663 1671 1671 1680 1680 1680 1680 1680 1688 1688
    1688 1696 1696 1696 1705 1705 1705 1705 1705 1713 1722 1722 1731
    1731 1731 1731 1731 1731 1731 1731 1739 1748 1748 1731 1731 2680
    2701 2723 2744 3859 3859 3774 3692 3692 1731 1731 1705 1688 1663
    1663 1655 1655 1663 1663 1671 1671 1680 1680 1680 1680 1680 1688
    1688 1696 1696 1696 1696 1696 1696 1696 1705 1713 1713 1722 1722
    1731 1731 1731 1731 1731 1739 1739 1739 1748 1748 1748 1748 2680
    2680 2723 2744 2789 3859 3774 3774 3774 1731 1722 1696 1680 1663
    1655 1655 1655 1663 1663 1663 1671 1671 1671 1671 1680 1680 1688
    1688 1696 1696 1696 1696 1696 1696 1696 1696 1713 1713 1722 1722
    1722 1722 1722 1722 1731 1731 1731 1739 1748 1748 1757 1757 2680
    2680 2701 2723 2789 3859 3859 3859 1748 1731 1722 1696 1680 1663
    1655 1655 1655 1663 1663 1663 1663 1663 1663 1671 1671 1680 1680
    1688 1688 1696 1696 1696 1696 1696 1696 1696 1713 1713 1722 1722
    1722 1722 1722 1722 1731 1731 1731 1739 1739 1739 1748 1748 2659
    2659 2701 2701 3816 3859 3859 3859 1748 1722 1713 1696 1671 1663
    1655 1655 1655 1655 1655 1655 1663 1663 1663 1671 1671 1671 1680
    1688 1688 1696 1696 1696 1696 1696 1696 1696 1705 1713 1722 1722
    1722 1722 1722 1722 1731 1731 1731 1731 1731 1731 1748 1748 2639
    2659 2701 2701 3816 3816 3816 3816 1705 1705 1696 1688 1671 1663
    1655 1655 1655 1655 1655 1655 1655 1663 1663 1663 1671 1671 1688
    1688 1696 1696 1688 1688 1696 1696 1696 1696 1705 1713 1713 1722
    1722 1722 1722 1722 1731 1731 1731 1731 1731 1731 1731 4349 2639
    2680 2701 2701 3816 3774 3774 3774 1696 1696 1696 1680 1671 1663
    1655 1655 1655 1655 1655 1655 1655 1663 1663 1663 1671 1671 1680
    1688 1688 1688 1688 1688 1688 1696 1696 1696 1696 1705 1705 1713
    1713 1713 1722 1722 1731 1731 1731 1731 1731 1731 1731 4349 2618
    2659 3774 3774 3816 3774 3774 3774 1688 1688 1688 1671 1663 1655
    1655 1655 1655 1655 1655 1655 1655 1655 1663 1663 1663 1671 1680
    1688 1688 1688 1688 1688 1688 1696 1696 1696 1696 1696 1705 1705
    1713 1713 1722 1722 1731 1722 1722 1731 1731 1731 1731 4405 2618
    2659 3774 3774 3774 3732 3732 3732 1688 1688 1688 1671 1663 1655
    1655 1655 1655 1655 1655 1655 1655 1655 1663 1663 1663 1663 1671
    1671 1688 1688 1688 1688 1688 1688 1688 1696 1696 1696 1705 1705
    1713 1713 1722 1722 1722 1722 1722 1731 1722 1722 1722 4405 2618
    2680 3774 3774 3774 3732 3732 3732 1688 1688 1680 1663 1655 1647
    1647 1647 1647 1655 1655 1655 1655 1655 1663 1663 1663 1663 1663
    1671 1680 1688 1688 1688 1688 1688 1688 1696 1696 1696 1696 1696
    1705 1713 1713 1722 1722 1722 1722 1722 1722 1722 1722 4405 2618
    3816 3816 3816 3816 3816 3816 1722 1705 1688 1680 1655 1647 1647
    1647 1647 1647 1647 1647 1655 1655 1655 1663 1663 1663 1663 1663
    1663 1680 1680 1688 1688 1688 1688 1688 1696 1696 1696 1696 1696
    1705 1713 1713 1722 1722 1722 1722 1722 1722 1722 4405 4405 2659
    3816 3816 3816 3816 3859 3859 1722 1705 1688 1680 1655 1639 1639
    1639 1647 1647 1647 1647 1655 1655 1655 1663 1663 1663 1663 1663
    1663 1680 1680 1688 1688 1688 1688 1688 1688 1696 1696 1696 1696
    1705 1713 1713 1722 1722 1722 1722 1713 1713 1713 4405 4405 3816
    3816 3816 3816 3816 3859 3903 3903 1705 1680 1671 1647 1639 1632
    1632 1639 1647 1647 1655 1655 1655 1655 1655 1655 1655 1663 1663
    1671 1680 1680 1680 1680 1680 1688 1688 1688 1696 1696 1696 1696
    1705 1705 1713 1713 1722 1722 1722 1713 1713 1713 4522 4522 3774
    3774 3774 3774 3774 3816 3903 3903 1671 1671 1663 1647 1632 1632
    1632 1632 1647 1647 1655 1655 1655 1655 1655 1655 1655 1663 1663
    1671 1671 1671 1680 1680 1680 1680 1680 1688 1696 1696 1696 1696
    1705 1705 1713 1713 1722 1722 1722 1713 1713 1713 4405 4405 3774
    3774 3774 3774 3774 3774 3774 1688 1680 1663 1647 1632 1632 1632
    1632 1632 1639 1647 1647 1655 1655 1655 1655 1655 1655 1663 1663
    1671 1671 1671 1680 1680 1680 1680 1680 1688 1696 1696 1696 1696
    1696 1705 1713 1713 1713 1713 1713 1713 1722 1722 4405 4405 3774
    3774 3774 3774 3774 3774 3774 1680 1671 1663 1647 1632 1632 1632
