<?xml version="1.0"?>
<opencv_storage>
<Depth2654 type_id="opencv-matrix">
  <rows>87</rows>
  <cols>92</cols>
  <dt>w</dt>
  <data>
    1223 1219 1214 1214 1214 1214 1214 1219 1219 1219 1219 1219 1219
    1219 1219 1219 0 0 0 0 0 4774 4582 4582 4582 4582 4582 4582 4582
    4582 4582 4522 4522 1245 1245 1250 1250 1245 1245 1241 1241 4582
    4582 4522 4522 4582 4582 4522 4522 4522 4522 4522 4522 4522 4522
    4522 4522 4463 4463 4463 4463 4463 4463 4463 4463 4463 4463 4463
    4463 4463 4405 4405 4405 4405 4405 4405 4405 4405 4349 4349 4349
    4349 4349 4349 4349 4349 4349 4349 4349 4349 4349 4349 1219 1214
    1214 1214 1214 1214 1214 1214 1219 1219 1219 1219 1219 1219 1219 0 0
    0 0 0 0 4645 4582 4582 4582 4582 4582 4522 4522 4582 4582 1245 1245
    1245 1245 1245 1245 1245 1245 1245 1245 1245 1245 4582 4582 4582
    4522 4522 4522 4522 4522 4522 4522 4522 4522 4463 4463 4463 4463
    4463 4463 4463 4522 4522 4463 4463 4463 4463 4463 4463 4405 4405
    4405 4405 4405 4405 4405 4405 4349 4349 4349 4349 4349 4349 4349
    4405 4405 4405 4405 4405 4349 4349 1214 1214 1214 1214 1214 1214
    1214 1214 1214 1219 1219 1219 1219 1219 0 0 0 0 0 0 0 4645 4582 4582
    4582 4522 4522 4522 4522 1250 1250 1245 1245 1245 1245 1245 1245
    1245 1245 1245 1245 1245 1245 1245 4522 4522 4522 4463 4463 4522
    4522 4522 4522 4522 4522 4463 4463 4463 4463 4463 4463 4463 4522
    4522 4463 4463 4463 4463 4463 4463 4463 4405 4405 4405 4463 4463
    4405 4405 4405 4349 4349 4349 4349 4349 4405 4405 4405 4349 4349
    4349 4349 4349 1214 1214 1214 1214 1214 1214 1214 1214 1214 1219
    1219 1219 1219 0 0 0 0 0 0 0 0 4708 4645 4582 4582 4522 4522 4522
    1245 1245 1245 1245 1245 1245 1245 1245 1245 1245 1245 1245 1245
    1245 1245 1255 0 4522 4522 4405 4405 4463 4522 4522 4522 4522 4522
    4463 4463 4463 4463 4522 4522 4522 4522 4522 4463 4463 4463 4463
    4463 4463 4463 4405 4405 4405 4463 4463 4405 4405 4405 4405 4405
    4405 4405 4405 4405 4405 4405 4349 4349 4349 4349 4349 1214 1214
    1214 1214 1214 1214 1214 1214 1214 1219 1219 1210 1210 0 0 0 0 0 0 0
    0 0 4645 4582 4582 4582 4582 1245 1245 1245 1245 1245 1245 1245 1245
    1245 1245 1245 1245 1245 1250 1250 1255 1255 1255 4405 4405 4405
    4405 4405 4522 4522 4582 4582 4522 4522 4522 4463 4463 4522 4522
    4522 4522 4522 4463 4463 4463 4463 4463 4463 4522 4405 4405 4405
    4463 4463 4405 4405 4405 4405 4405 4405 4349 4349 4405 4405 4405
    4349 4349 4349 4349 4349 1214 1214 1214 1214 1214 1214 1214 1214
    1214 1214 1210 1206 1206 0 0 0 0 0 0 0 0 0 0 0 0 0 0 1245 1245 1245
    1245 1245 1245 1245 1245 1245 1245 1245 1245 1245 1250 1250 1250
    1255 1255 0 0 0 4405 4405 4522 4582 4582 4582 4582 4582 4582 4522
    4522 4522 4582 4582 4522 4522 4463 4463 4463 4463 4463 4463 4522
    4463 4463 4405 4405 4405 4405 4405 4405 4405 4405 4405 4349 4349
    4405 4405 4405 4349 4349 4349 4349 4349 1214 1214 1214 1214 1214
    1214 1214 1214 1214 1214 1210 1206 1206 0 0 0 0 0 0 0 0 0 0 0 0 0
    1245 1245 1245 1245 1245 1245 1245 1245 1245 1245 1245 1245 1245
    1245 1250 1250 1250 1250 1255 1259 0 0 0 4522 4522 4522 4582 4582
    4582 4582 4582 4582 4582 4582 4582 4582 4522 4522 4522 4522 4522
    4522 4522 4522 4522 4463 4463 4405 4405 4405 4405 4405 4405 4405
    4405 4405 4405 4405 4405 4405 4405 4349 4349 4349 4349 4349 1214
    1214 1210 1210 1210 1214 1214 1214 1214 1214 1223 0 0 0 0 0 0 0 0 0
    0 0 0 0 0 0 1241 1241 1241 1241 1241 1241 1245 1245 1245 1245 1245
    1245 1245 1245 1250 1250 1250 1250 1250 1250 1250 0 4522 0 4522 4522
    4522 4582 4582 4582 4582 4582 4582 4582 4522 4522 4522 4522 4522
    4522 4522 4522 4522 4522 4522 4463 4463 4463 4463 4405 4405 4405
    4405 4405 4405 4405 4405 4405 4405 4405 4405 4405 4349 4349 4349
    4349 1214 1214 1210 1210 1210 1214 1214 1214 1214 1214 0 0 0 0 0 0 0
    0 0 0 0 0 0 0 0 0 1241 1241 1241 1241 1241 1241 1245 1245 1245 1245
    1245 1245 1245 1245 1250 1250 1250 1250 1250 1250 1255 1255 0 4522
    4522 4405 4405 4522 4582 4582 4582 4582 4522 4522 4522 4522 4582
    4522 4522 4522 4522 4522 4463 4463 4522 4522 4463 4463 4463 4463
    4463 4463 4463 4463 4405 4405 4463 4405 4405 4405 4405 4405 4349
    4349 4349 4349 1214 1214 1210 1210 1210 1214 1214 1214 1214 0 0 0 0
    0 0 0 0 0 0 0 0 0 0 0 0 1245 1245 1245 1245 1245 1241 1241 1245 1245
    1245 1245 1245 1245 1245 1245 1250 1250 1250 1250 1250 1250 1250 0
    1264 0 4405 4405 4405 4522 4582 4582 4582 4582 4522 4522 4522 4582
    4582 4522 4522 4522 4522 4522 4463 4463 4522 4522 4463 4463 4463
    4463 4463 4463 4463 4405 4405 4405 4463 4463 4405 4405 4405 4405
    4349 4349 4349 4349 1214 1214 1214 1214 1214 1214 1214 1219 0 0 0 0
    0 0 0 0 0 0 0 0 0 0 0 1250 1241 1241 1241 1241 1241 1241 1241 1245
    1245 1245 1245 1245 1245 1245 1245 1245 1250 1250 1250 1250 1250
    1250 1250 1264 0 0 1264 1259 4582 4582 4582 4582 4582 4582 4522 4522
    4522 4582 4582 4522 4522 4522 4522 4522 4463 4463 4522 4522 4463
    4463 4463 4463 4463 4463 4463 4405 4405 4405 4463 4463 4463 4463
    4405 4405 4405 4405 4349 4349 1214 1214 1214 1214 1214 1214 1214 0 0
    0 0 0 0 0 0 0 0 0 0 0 0 0 1245 1245 1241 1241 1241 1241 1241 1241
    1241 1245 1245 1245 1245 1245 1245 1245 1245 1250 1250 1250 1250
    1250 1250 1250 1255 1255 1264 0 0 0 0 4190 4582 4582 4582 4582 4582
    4522 4522 4582 4582 4522 4522 4522 4522 4522 4463 4463 4522 4522
    4522 4522 4463 4463 4463 4522 4522 4463 4463 4463 4463 4463 4463
    4463 4405 4405 4405 4405 4405 4405 1214 1214 1214 1219 1219 1241 0 0
    0 0 0 0 0 0 0 0 0 0 0 1232 1232 1232 1241 1245 1241 1241 1241 1241
    1241 1245 1245 1245 1245 1245 1245 1245 1245 1245 1245 1250 1250
    1250 1250 1250 1250 1250 1255 1255 1259 1259 1259 1259 0 4190 4190
    4190 4190 4582 4582 4582 4582 4582 4582 4582 4522 4522 4522 4522
    4463 4463 4522 4522 4522 4522 4463 4463 4463 4522 4522 4522 4463
    4463 4463 4463 4463 4405 4405 4405 4405 4405 4405 4405 1214 1214
    1214 1219 1219 1245 1245 0 0 0 0 0 0 0 0 0 0 0 0 1232 1232 1232 1236
    1241 1241 1241 1241 1241 1241 1245 1245 1245 1245 1245 1245 1245
    1245 1245 1250 1250 1250 1250 1250 1250 1250 1250 1255 1255 1255
    1255 1259 1259 1259 4190 4190 4139 4139 4582 4582 4582 4582 4582
    4582 4582 4582 4582 4522 4522 4582 4582 4582 4582 4522 4522 4522
    4463 4463 4522 4522 4522 4463 4463 4463 4463 4463 4405 4405 4405
    4405 4405 4405 4463 1214 1214 1214 1219 1250 1245 1245 1245 1245 0 0
    0 0 0 0 0 0 0 1241 1232 1232 1232 1232 1236 1241 1241 1241 1241 1241
    1245 1245 1245 1245 1245 1245 1245 1245 1245 1250 1250 1250 1250
    1250 1250 1250 1250 1250 1255 1255 1255 1259 1259 1259 0 4139 4139
    4139 4708 4645 4582 4582 4582 4582 4582 4582 4582 4582 4582 4582
    4582 4582 4582 4582 4582 4522 4522 4522 4522 4522 4522 4522 4522
    4522 4522 4522 4405 4405 4405 4405 4463 4463 4463 1214 1214 1232
    1232 1232 1245 1245 1245 1245 1255 0 0 0 0 0 0 1245 1245 1241 1236
    1236 1232 1232 1236 1241 1241 1241 1241 1241 1245 1245 1245 1245
    1245 1245 1250 1250 1250 1250 1250 1250 1250 1250 1250 1250 1250
    1250 1255 1255 1255 1255 1255 1255 0 1264 1264 4708 4708 4708 4645
    4645 4582 4582 4582 4582 4582 4582 4582 4582 4582 4582 4582 4582
    4582 4522 4522 4522 4522 4522 4582 4522 4522 4522 4522 4522 4463
    4405 4405 4405 4463 4522 4522 1214 1214 1214 4842 4842 4842 1255
    1255 1255 1255 1259 0 0 0 0 0 1236 1236 1241 1236 1236 1236 1236
    1241 1241 1245 1245 1245 1245 1245 1245 1245 1245 1245 1245 1250
    1250 1250 1245 1245 1245 1245 1250 1250 1250 1250 1250 1255 1255
    1255 1255 1255 1255 1264 1264 1264 1268 4645 4645 4645 4645 4582
    4582 4582 4582 4582 4582 4582 4582 4582 4522 4522 4582 4582 4522
    4522 4582 4582 4582 4582 4522 4522 4522 4522 4522 4522 4463 4463
    4463 4463 4522 4522 1214 5210 5132 4842 4842 4842 0 0 1259 1259 1259
    0 0 0 0 1236 1236 1236 1236 1236 1236 1236 1236 1241 1245 1245 1245
    1245 1245 1245 1245 1245 1245 1245 1245 1250 1250 1250 1245 1245
