<?xml version="1.0"?>
<opencv_storage>
<Depth13680 type_id="opencv-matrix">
  <rows>34</rows>
  <cols>28</cols>
  <dt>w</dt>
  <data>
    6038 5933 5933 5734 5734 5734 5734 5734 5734 5734 5734 2958 2933
    2908 2859 2859 2835 2835 2859 2883 2908 2908 2908 2908 5374 5374
    5374 5291 6038 6038 5933 5832 5832 2984 2984 2958 2958 2958 2933
    2908 2908 2883 2859 2859 2835 2835 2835 2859 2883 2883 2883 2908
    5374 5374 5374 5374 6146 6146 6146 2984 2984 2984 2958 2958 2958
    2933 2933 2908 2883 2883 2859 2859 2835 2835 2835 2859 2883 2883
    2883 2883 2883 5374 5374 5374 3064 3037 3010 2984 2984 2958 2958
    2933 2933 2933 2908 2883 2883 2883 2859 2835 2835 2835 2835 2835
    2859 2883 2883 2883 2883 5374 5374 5374 3037 3037 3010 2984 2984
    2958 2958 2933 2933 2933 2908 2883 2883 2859 2859 2835 2835 2835
    2835 2835 2859 2859 2859 2859 2883 5374 5374 5374 3037 3037 3010
    2984 2984 2958 2958 2958 2933 2908 2908 2883 2883 2859 2859 2835
    2812 2812 2812 2835 2859 2859 2859 2859 2859 5374 5374 5374 3037
    3037 3010 3010 2984 2984 2958 2958 2933 2908 2908 2883 2883 2859
    2859 2835 2812 2812 2812 2835 2835 2859 2859 2859 2859 5374 5374
    5374 3037 3037 3037 3010 2984 2958 2958 2958 2933 2933 2933 2908
    2883 2859 2859 2835 2835 2812 2812 2835 2835 2859 2859 2859 2859
    5374 5374 5374 3037 3037 3037 3010 2984 2958 2958 2958 2933 2933
    2933 2908 2908 2883 2859 2859 2859 2835 2835 2835 2835 2859 2859
    2859 2859 2859 5291 5291 3037 3037 3010 3010 2984 2958 2958 2958
    2933 2933 2908 2908 2908 2883 2859 2859 2859 2859 2835 2835 2859
    2859 2859 2859 2859 2859 5291 5291 3037 3037 3010 3010 2984 2958
    2958 2958 2933 2933 2908 2908 2908 2883 2859 2859 2859 2835 2835
    2835 2859 2859 2859 2859 2859 2859 5291 5291 3064 3037 3037 3010
    2984 2984 2958 2958 2933 2933 2908 2908 2883 2883 2859 2859 2835
    2835 2835 2835 2859 2859 2859 2859 2859 2859 5210 5210 3092 3064
    3037 3037 2984 2984 2958 2958 2933 2933 2908 2908 2883 2883 2883
    2859 2835 2835 2835 2835 2859 2859 2859 2859 2859 2859 5210 5210
    5933 3092 3064 3037 3010 2984 2958 2958 2933 2933 2933 2908 2883
    2883 2859 2859 2835 2835 2812 2812 2835 2835 2835 2859 2859 2859
    2859 5291 5933 3064 3037 3010 3010 2984 2958 2933 2933 2933 2908
    2908 2883 2883 2859 2859 2835 2835 2812 2812 2835 2835 2835 2859
    2859 2859 2859 5374 6038 3064 3037 3010 3010 2984 2958 2933 2933
    2933 2908 2908 2883 2883 2859 2859 2835 2835 2812 2812 2835 2835
    2835 2859 2859 2859 2859 5374 6038 3037 3037 3010 2984 2984 2958
    2958 2933 2933 2908 2908 2883 2859 2859 2859 2835 2835 2835 2835
    2859 2835 2835 2859 2859 2859 2859 5374 6038 3037 3037 3010 2984
    2984 2958 2958 2933 2933 2908 2908 2883 2859 2859 2859 2835 2835
    2835 2835 2859 2835 2835 2859 2859 2859 2859 5374 6038 3010 3010
    3037 2984 2984 2958 2958 2933 2933 2908 2908 2883 2859 2859 2859
    2835 2835 2835 2835 2859 2835 2835 2835 2859 2859 2859 2859 6038
    3010 3010 3010 2984 2984 2958 2958 2933 2933 2908 2883 2859 2859
    2859 2859 2835 2835 2835 2835 2835 2835 2835 2835 2859 2859 2859
    2859 6038 6038 3010 3010 2984 2984 2958 2958 2933 2933 2908 2883
    2859 2859 2859 2859 2859 2835 2835 2835 2835 2835 2835 2835 2859
    2859 2859 2859 6038 6038 6038 2984 2984 2984 2958 2958 2958 2933
    2933 2908 2883 2859 2859 2859 2859 2835 2835 2835 2835 2835 2835
    2835 2859 2859 2859 2859 6038 6038 6038 2984 2984 2958 2958 2958
    2958 2933 2933 2933 2908 2859 2859 2859 2859 2835 2835 2835 2835
    2835 2835 2835 2859 2859 2859 2859 5933 5933 5933 2984 2984 2958
    2958 2958 2958 2933 2933 2908 2908 2883 2859 2859 2859 2835 2835
    2835 2835 2835 2835 2835 2835 2812 2812 2835 5933 5933 5933 2984
    2984 2958 2958 2958 2958 2933 2908 2908 2883 2883 2859 2859 2859
    2835 2835 2835 2835 2835 2835 2835 2835 2812 2812 2835 5933 5933
    6038 6038 2984 2958 2958 2958 2958 2933 2908 2908 2883 2883 2859
    2859 2859 2859 2835 2835 2835 2835 2835 2835 2835 2812 2812 2835
    6038 6038 6038 6038 2984 2958 2958 2958 2958 2933 2908 2908 2908
    2883 2859 2859 2859 2859 2859 2859 2835 2835 2835 2812 2812 2812
    2812 2835 6038 6038 6038 6038 2984 2958 2958 2958 2958 2933 2933
    2908 2908 2883 2859 2859 2859 2859 2835 2835 2835 2835 2835 2812
    2812 2835 2835 2859 6038 6038 6038 6038 2984 2958 2958 2958 2958
    2933 2933 2908 2883 2883 2859 2859 2859 2859 2835 2835 2835 2835
    2812 2812 2812 2835 2859 2859 6038 6038 6038 6038 2984 2958 2958
    2958 2958 2933 2933 2908 2883 2883 2859 2859 2859 2859 2835 2835
    2835 2812 2812 2812 2812 2835 2859 2859 6038 6038 6038 3037 3010
    2984 2958 2958 2958 2933 2933 2908 2883 2883 2859 2859 2859 2859
    2835 2835 2835 2812 2812 2812 2812 2835 2859 2859 6038 6038 6038
    3037 3010 2984 2958 2958 2958 2933 2933 2933 2883 2883 2883 2859
    2859 2835 2835 2835 2835 2835 2835 2812 2812 2835 2859 2859 6038
    6038 6038 6038 2958 2958 2958 2933 2933 2933 2933 2933 2908 2908
    2908 2835 2835 2835 2812 2812 2859 2835 2835 2812 2812 2835 5460
    5374 6038 6038 6038 6038 2958 2958 2958 2933 2933 2933 2933 2933
    2933 2908 2908 2835 2835 2835 2812 2812 2859 2835 2835 5374 5374
    5460 5460 5291</data></Depth13680>
</opencv_storage>
