<?xml version="1.0"?>
<opencv_storage>
<Depth12765 type_id="opencv-matrix">
  <rows>9</rows>
  <cols>18</cols>
  <dt>w</dt>
  <data>
    5832 5832 5832 5132 5132 5832 4842 4842 4708 4708 4774 4774 4774
    4774 4911 4911 4911 4911 5734 5734 5832 5056 4911 4842 4842 4842
    4708 4708 4774 4774 4774 4774 4911 4983 4983 4983 4774 4774 4842
    4911 4911 4842 4842 4842 4774 4774 4774 4774 4842 4842 4911 4983
    4983 5056 4774 4774 4842 4842 4842 4842 4911 4842 4842 4842 4842
    4842 4911 4911 4911 4983 4983 5056 4983 4911 4842 4842 4842 4842
    4911 4911 4842 4842 4842 4842 4911 4911 4983 4983 4983 5056 4983
    4911 4911 4842 4842 4842 4842 4842 4842 4842 4842 4911 4911 4911
    4983 4983 4983 4983 5056 4911 4911 4842 4842 4842 4842 4774 4774
    4842 4842 4911 4911 4983 4983 4983 4983 4983 4983 4983 4983 4842
    4842 4842 4774 4774 4774 4842 4842 4911 4911 4983 4983 4983 0 0 4983
    4983 4774 4645 4645 4842 4774 4774 0 0 0 4983 4983 0 0 0 0 0</data></Depth12765>
</opencv_storage>
