<?xml version="1.0"?>
<opencv_storage>
<Depth7124 type_id="opencv-matrix">
  <rows>111</rows>
  <cols>91</cols>
  <dt>w</dt>
  <data>
    4708 4708 4645 4645 4645 4645 4645 4645 4582 4582 4522 4522 4463
    4463 4463 4463 4405 4405 4405 4405 4349 4349 4349 4295 4295 4295
    4241 4241 4241 4190 4190 4190 4190 4241 4190 4190 4190 4190 4190
    4190 4139 4089 4041 4041 4041 3994 989 989 987 987 987 987 987 3948
    3948 0 3903 3903 3903 3859 3859 3816 3816 3816 3732 3732 3732 3732
    3732 3692 3653 3653 3614 3614 3614 3576 3576 2467 2450 2432 2415
    2381 2381 2381 2365 2365 2365 2381 2365 2333 2333 4708 4708 4645
    4645 4645 4645 4645 4645 4582 4582 4522 4522 4522 4463 4463 4463
    4463 4405 4405 4405 4405 4405 4349 4295 4241 4241 4241 4241 4241
    4190 4190 4190 4190 4190 4139 4139 4139 4139 4139 1007 1004 1004
    4041 4041 4041 992 989 989 987 984 984 984 984 984 0 0 0 0 0 0 3859
    3859 3816 3816 3732 3732 3732 3732 3732 3692 3653 3653 3614 3614
    3614 3576 3576 2503 2467 2450 2432 2398 2381 2381 2365 2365 2365
    2381 2365 2349 2349 4708 4645 4645 4645 4645 4645 4645 4645 4645
    4582 4582 4522 4522 4463 4463 4463 4463 4405 4405 4405 4405 4405
    4349 4295 4241 4241 4241 4241 4241 4190 4190 4190 4190 4190 4139
    4139 4139 4139 1007 1007 1004 1004 1004 998 998 992 989 989 987 984
    984 984 984 984 984 0 0 0 0 0 0 3859 3816 3816 3774 3732 3732 3732
    3732 3692 3692 3653 3614 3614 3614 3614 3614 3576 2467 2450 2432
    2415 2398 2381 2381 2381 2381 2381 2381 2365 2349 4708 4645 4645
    4645 4645 4645 4645 4645 4645 4582 4582 4522 4522 4522 4522 4463
    4463 4463 4405 4405 4405 4349 4349 4295 4295 4295 4295 4241 4241
    4190 4190 4190 4190 4190 1013 1013 1007 1007 1007 1007 1007 1004
    1004 998 998 992 992 992 989 987 987 987 984 984 989 0 0 0 0 0 0 0
    3816 3816 3774 3732 3732 3732 3692 3692 3692 3653 3653 3614 3614
    3614 3614 3576 2522 2522 2467 2432 2415 2381 2381 2381 2381 2381
    2381 2365 2365 4708 4708 4645 4645 4645 4645 4645 4645 4645 4582
    4582 4522 4522 4522 4463 4463 4463 4463 4405 4405 4405 4349 4349
    4295 4295 4349 4295 4241 4241 4190 4190 4190 4190 1016 1013 1013
    1010 1007 1007 1007 1007 1004 1004 1001 998 992 992 992 992 989 987
    987 984 984 987 0 0 0 0 0 0 0 0 3816 3774 3732 3732 3732 3692 3692
    3692 3692 3692 3653 3653 3614 3614 3614 2579 2560 2541 2450 2432
    2398 2381 2381 2381 2381 2381 2381 2381 4708 4708 4645 4645 4645
    4645 4645 4645 4645 4582 4582 4522 4522 4522 4463 4463 4463 4463
    4405 4405 4405 4349 4349 4295 4295 4349 4241 4241 4241 4241 4241
    4241 1019 1016 1016 1013 1010 1007 1007 1007 1007 1004 1004 1001
    1001 998 992 992 989 989 989 987 984 984 984 984 0 0 0 0 0 0 0 3859
    3816 3774 3732 3732 3732 3732 3692 3692 3692 3653 2639 2618 2598
    2579 2579 2560 2541 2467 2432 2398 2398 2381 2381 2381 2381 2381
    2381 4708 4708 4708 4645 4645 4645 4645 4645 4582 4582 4582 4522
    4522 4522 4522 4463 4463 4463 4463 4405 4405 4349 4349 4295 4295
    4405 4241 4241 4405 4405 4405 1019 1019 1019 1016 1013 1010 1007
    1007 1007 1007 1004 1004 1001 998 998 995 992 989 989 989 987 987
    984 984 984 989 0 0 0 0 0 0 0 3774 3774 3732 3732 3732 3732 3732
    3692 3692 2639 2618 2598 2598 2579 2579 2541 2541 2503 2467 2415
    2398 2381 2381 2381 2381 2381 2381 4708 4708 4708 4708 4645 4645
    4645 4645 4582 4522 4522 4522 4522 4522 4522 4463 4463 4463 4463
    4463 4405 4349 4349 4241 4241 4241 4241 4241 1028 0 1019 0 1019 1016
    1016 1013 1010 1007 1007 1007 1007 1004 1004 1001 998 998 995 992
    989 989 989 987 987 984 984 984 984 0 0 0 0 0 0 0 3774 3774 3732
    3732 3732 3732 3732 3732 2659 2618 2598 2598 2579 2579 2560 2522
    2522 2503 2485 2432 2415 2398 2398 2398 2398 2398 2381 4708 4708
    4708 4708 4645 4645 4645 4645 4582 4522 4522 4522 4522 4522 4522
    4463 4463 4463 4405 4405 4463 4405 4349 4241 4241 4241 0 0 0 0 0
    1019 1019 1016 1016 1013 1013 1010 1007 1007 1007 1004 1004 1001 998
    995 995 992 992 989 989 987 987 984 981 981 981 981 0 0 0 0 0 0 0
    3774 3732 3732 3732 3732 2659 2639 2618 2598 2598 2579 2579 2560
    2541 2522 2522 2503 2503 2485 2467 2432 2432 2415 2398 2398 2398
    4708 4708 4708 4708 4708 4708 4645 4645 4582 4582 4582 4522 4522
    4522 4463 4463 4463 4463 4405 4405 4463 4463 4463 4463 0 1031 0 0 0
    0 1028 1019 1019 1016 1016 1016 1013 1010 1010 1007 1007 1004 1004
    1001 998 995 995 992 992 989 989 987 984 984 981 981 981 981 1019
    1028 1034 1041 1041 1041 0 3774 3774 3732 3732 3732 2618 2598 2598
    2598 2579 2579 2560 2560 2541 2541 2522 2503 2503 2503 2503 2485
    2485 2450 2415 2415 2415 4708 4708 4708 4708 4708 4708 4645 4645
    4582 4582 4582 4522 4522 4522 4463 4463 4463 4463 4405 4405 4405 0 0
    0 1031 0 0 1028 1028 1028 1025 1019 1019 1019 1016 1016 1016 1013
    1010 1010 1007 1007 1004 1004 1001 998 995 992 992 989 989 987 984
    984 984 981 981 981 1019 1028 1034 1038 1041 1041 0 3774 3774 3732
    3732 2618 2598 2598 2579 2579 2579 2560 2560 2560 2541 2541 2522
    2522 2522 2522 2503 2503 2503 2485 2450 2450 2450 4774 4774 4708
    4708 4708 4708 4645 4645 4582 4582 4582 4522 4522 4522 4463 4463
    4463 4463 4463 0 0 0 0 0 0 1031 1028 1028 1028 1028 1025 1022 1019
    1019 1019 1016 1016 1013 1010 1007 1007 1007 1004 1004 1001 998 995
    992 992 989 989 987 984 984 984 981 981 981 981 1034 1031 1031 1038
    1038 1038 3774 3774 3774 3774 2618 2598 2579 2579 2579 2579 2560
    2560 2560 2541 2541 2541 2522 2522 2522 2522 2503 2503 2503 2503
    2485 2485 4774 4774 4708 4708 4708 4708 4645 4645 4582 4582 4582
    4582 4582 4522 4463 4463 4463 0 1044 0 1041 0 1038 1038 1038 1031
    1028 1028 1028 1025 1025 1025 1022 1019 1019 1016 1016 1013 1010
    1007 1007 1007 1004 1004 1004 998 995 992 992 989 989 987 984 984
    984 981 981 981 981 1031 1031 1031 1034 1034 1034 0 3774 3774 2659
    2618 2598 2579 2579 2560 2560 2560 2560 2560 2541 2541 2541 2522
    2522 2522 2522 2522 2522 2522 2522 2522 2522 4842 4774 4774 4708
    4708 4645 4645 4582 4582 4582 4582 4582 4463 4463 4463 4463 4463 0 0
    1044 1041 1041 1038 1038 1034 1031 1028 1028 1028 1025 1025 1025
    1025 1019 1019 1019 1016 1016 1013 1010 1007 1007 1007 1004 1004 998
    995 992 992 992 989 987 984 984 984 981 981 981 978 978 1031 1031
    1034 1034 1034 0 2659 2659 2639 2618 2598 2579 2560 2560 2541 2541
    2541 2541 2541 2541 2541 2522 2522 2522 2522 2522 2522 2522 2522
    2522 2522 4842 4774 4774 4774 4708 4645 4645 4582 4582 4582 4582
    4582 4463 4463 4463 4463 1050 1047 0 0 1044 1041 1038 1034 1034 1031
    1031 1031 1028 1028 1025 1025 1022 1019 1019 1019 1016 1016 1013
    1010 1007 1007 1007 1004 1004 1001 998 992 992 992 989 987 984 984
    984 981 981 981 978 978 981 1028 1028 1031 1031 0 2639 2639 2618
    2618 2598 2579 2560 2560 2541 2541 2541 2541 2541 2541 2522 2522
    2522 2522 2522 2522 2522 2522 2522 2522 2522 4842 4774 4774 4774
    4708 4708 4645 4582 4582 4582 4582 4582 4582 4582 1054 1050 0 1047
    1047 1044 1041 1041 1038 1034 1034 1031 1031 1031 1031 1028 1025
    1025 1022 1019 1019 1019 1016 1016 1013 1010 1010 1007 1007 1004
    1004 1001 998 992 992 992 989 987 984 984 984 984 981 981 981 981
    981 1028 1028 1031 1031 1028 2639 2639 2618 2618 2598 2579 2560 2560
    2541 2541 2541 2541 2541 2522 2522 2522 2522 2522 2522 2522 2522
    2522 2522 2522 2522 4842 4774 4774 4708 4708 4708 4708 4708 4708
    4708 4708 1067 1063 1060 1054 1050 1050 1047 1047 1044 1041 1041
    1038 1034 1034 1031 1031 1031 1031 1028 1025 1025 1022 1019 1019
    1019 1016 1016 1016 1013 1010 1007 1004 1004 1004 1004 1001 995 995
    992 992 989 987 984 984 981 981 981 981 981 984 1025 1025 1028 1028
    1028 0 2659 2598 2598 2598 2579 2579 2560 2541 2541 2541 2541 2541
    2522 2522 2522 2522 2522 2522 2522 2522 2522 2522 2522 2522 4842
    4774 4774 4708 4708 4708 4708 4708 4708 1067 1067 1067 1063 1060
    1054 1050 1047 1047 1047 1044 1041 1041 1038 1038 1034 1031 1031
