<?xml version="1.0"?>
<opencv_storage>
<Depth1856 type_id="opencv-matrix">
  <rows>68</rows>
  <cols>40</cols>
  <dt>w</dt>
  <data>
    5460 5548 5548 5548 5548 5548 5460 5374 5374 5374 5374 5460 5291
    5210 5210 5210 5132 5132 5210 1470 1470 1464 1464 1470 1470 1477
    1477 1483 1483 1483 1483 1489 1489 1489 1483 1483 1489 1489 4582
    4582 5460 5548 5548 5548 5548 5548 5460 5374 1543 1543 1543 1543
    1516 1516 5210 1489 1483 1470 1470 1464 1464 1464 1464 1464 1464
    1470 1477 1483 1483 1483 1483 1483 1483 1489 1489 1489 1489 1489
    1489 4582 5460 5460 5548 5548 5548 5548 5548 5548 1543 1543 1543
    1536 1516 1509 1496 1489 1483 1470 1464 1464 1464 1464 1458 1458
    1464 1464 1470 1477 1483 1477 1477 1483 1483 1483 1489 1489 1489
    1489 1489 4582 5460 5460 5548 5640 5640 1609 1601 1579 1550 1550
    1543 1536 1529 1509 1496 1489 1483 1470 1464 1458 1452 1452 1458
    1458 1464 1464 1470 1470 1477 1477 1477 1477 1483 1483 1489 1489
    1489 1489 1489 4582 5548 1639 1624 1624 1609 1609 1594 1579 1550
    1550 1543 1536 1529 1516 1509 1496 1483 1470 1464 1458 1452 1452
    1458 1458 1464 1464 1470 1470 1470 1477 1477 1477 1483 1483 1489
    1489 1489 1496 1496 4582 1639 1639 1624 1624 1616 1609 1594 1579
    1557 1550 1543 1536 1529 1523 1509 1496 1489 1477 1470 1458 1452
    1452 1452 1464 1464 1464 1470 1470 1470 1477 1477 1477 1483 1483
    1483 1489 1489 1496 1496 4645 1639 1639 1632 1624 1616 1601 1594
    1586 1564 1550 1543 1536 1523 1523 1516 1503 1489 1477 1470 1458
    1445 1445 1452 1464 1464 1464 1470 1470 1477 1470 1470 1477 1483
    1483 1483 1489 1489 1496 1496 4645 1639 1639 1632 1624 1616 1601
    1594 1579 1564 1557 1543 1536 1523 1523 1516 1503 1489 1483 1470
    1458 1445 1445 1452 1464 1464 1464 1470 1470 1477 1470 1470 1477
    1483 1483 1483 1483 1489 1489 1489 4645 1639 1639 1632 1624 1616
    1601 1594 1579 1564 1557 1543 1536 1523 1516 1516 1503 1489 1477
    1470 1464 1452 1452 1458 1464 1464 1464 1470 1470 1477 1470 1470
    1477 1477 1483 1483 1483 1489 1489 1489 4522 1647 1647 1639 1632
    1616 1601 1594 1586 1564 1557 1543 1536 1523 1516 1509 1503 1489
    1477 1470 1464 1458 1458 1464 1464 1464 1470 1470 1470 1477 1477
    1477 1477 1477 1483 1483 1483 1489 1489 1489 4522 1647 1647 1639
    1632 1616 1609 1601 1586 1564 1557 1543 1536 1523 1516 1509 1496
    1489 1477 1470 1458 1458 1458 1464 1470 1470 1470 1470 1470 1477
    1477 1477 1477 1477 1483 1483 1483 1489 1489 1489 4522 1655 1647
    1639 1632 1616 1609 1601 1594 1564 1557 1550 1536 1523 1516 1509
    1496 1489 1477 1470 1458 1458 1464 1464 1470 1470 1470 1470 1477
    1477 1477 1477 1483 1483 1483 1483 1489 1489 1489 1489 4522 1647
    1647 1639 1632 1616 1609 1601 1594 1564 1557 1550 1536 1523 1516
    1509 1496 1489 1483 1470 1458 1458 1464 1464 1464 1470 1470 1470
    1470 1470 1477 1477 1477 1483 1483 1483 1489 1483 1483 1483 4582
    1647 1647 1639 1632 1616 1609 1601 1594 1579 1564 1550 1543 1529
    1516 1509 1496 1496 1483 1470 1458 1458 1464 1464 1464 1464 1470
    1470 1470 1470 1470 1470 1477 1483 1483 1483 1489 1483 1483 1483
    4582 1647 1647 1639 1632 1616 1609 1601 1594 1579 1564 1550 1543
    1536 1523 1509 1503 1496 1483 1470 1464 1458 1458 1458 1464 1464
    1470 1470 1470 1470 1470 1470 1477 1483 1483 1483 1483 1483 1483
    1483 4582 1647 1647 1639 1632 1616 1609 1601 1586 1579 1557 1550
    1543 1536 1523 1516 1503 1496 1483 1464 1464 1458 1458 1458 1458
    1464 1464 1470 1470 1470 1470 1470 1470 1483 1483 1483 1483 1483
    1483 1483 4582 1647 1647 1639 1632 1616 1609 1601 1586 1564 1557
    1550 1543 1536 1523 1509 1503 1496 1483 1464 1458 1452 1452 1452
    1458 1464 1464 1470 1470 1470 1470 1470 1470 1483 1483 1483 1483
    1483 1483 4582 4582 1671 1655 1647 1632 1616 1609 1594 1586 1564
    1557 1550 1543 1536 1523 1509 1496 1496 1489 1464 1458 1452 1452
    1452 1458 1464 1464 1470 1470 1470 1470 1470 1477 1477 1483 1483
    1483 1489 1489 4645 4645 1671 1663 1647 1632 1616 1609 1594 1586
    1579 1557 1550 1543 1529 1516 1509 1496 1496 1489 1464 1464 1452
    1452 1452 1458 1464 1464 1464 1470 1470 1470 1470 1477 1477 1483
    1483 1483 1489 1489 4645 4645 1655 1655 1639 1632 1624 1609 1601
    1594 1586 1557 1550 1543 1529 1516 1509 1496 1496 1483 1470 1464
    1458 1458 1458 1458 1464 1464 1464 1470 1470 1470 1470 1477 1477
    1477 1477 1483 1489 1489 4645 4645 1655 1655 1639 1632 1632 1609
    1601 1594 1586 1564 1557 1543 1536 1523 1509 1503 1496 1483 1470
    1464 1458 1458 1458 1458 1458 1464 1464 1470 1470 1470 1470 1477
    1477 1477 1477 1483 1489 1489 4708 4708 1647 1647 1647 1632 1632
    1616 1601 1601 1586 1564 1557 1550 1536 1523 1509 1503 1496 1483
    1470 1458 1458 1458 1458 1458 1458 1464 1464 1470 1470 1470 1470
    1470 1477 1477 1477 1477 1483 1483 1483 4522 1647 1647 1639 1639
    1632 1616 1609 1601 1586 1564 1557 1550 1536 1523 1509 1503 1496
    1477 1464 1458 1452 1452 1452 1458 1464 1464 1464 1470 1470 1470
    1470 1470 1477 1477 1477 1477 1483 1483 0 4522 1639 1639 1639 1639
    1632 1624 1609 1601 1586 1564 1557 1550 1536 1523 1516 1509 1496
    1477 1464 1458 1452 1452 1452 1452 1458 1464 1464 1470 1470 1470
    1470 1470 1477 1483 1483 1483 1483 1483 0 4582 1639 1639 1639 1639
    1632 1624 1609 1601 1586 1564 1557 1543 1536 1523 1516 1509 1496
    1477 1470 1464 1452 1452 1452 1452 1458 1464 1464 1470 1470 1470
    1470 1470 1477 1483 1483 1483 1489 1489 0 4645 1647 1647 1639 1639
    1632 1624 1609 1601 1579 1564 1557 1543 1536 1523 1516 1509 1489
    1477 1470 1464 1452 1452 1458 1458 1458 1464 1464 1470 1470 1470
    1470 1477 1477 1483 1483 1483 1483 1483 0 4645 5291 1639 1639 1639
    1632 1624 1609 1601 1572 1564 1550 1550 1543 1529 1516 1509 1489
    1477 1470 1464 1458 1458 1458 1458 1458 1464 1464 1470 1470 1477
    1477 1477 1477 1483 1483 1483 1483 1483 1483 4645 0 1639 1639 1639
    1632 1616 1609 1601 1572 1564 1550 1550 1543 1536 1523 1509 1489
    1477 1470 1464 1458 1458 1458 1458 1464 1464 1470 1470 1470 1477
    1477 1477 1483 1477 1477 1477 1477 1483 1483 4645 0 1639 1639 1639
    1632 1616 1609 1601 1579 1564 1557 1550 1543 1536 1523 1516 1489
    1477 1470 1464 1464 1458 1458 1464 1464 1464 1470 1470 1470 1477
    1477 1477 1477 1477 1477 1470 1470 1477 1477 1477 1655 1639 1639
    1639 1632 1624 1609 1601 1579 1564 1550 1550 1543 1529 1523 1516
    1489 1483 1470 1464 1458 1452 1452 1458 1464 1464 1470 1470 1470
    1470 1477 1477 1477 1477 1477 1470 1470 1470 1470 4582 1655 1655
    1639 1639 1632 1624 1609 1601 1579 1564 1550 1543 1536 1523 1523
    1509 1489 1483 1470 1464 1458 1452 1452 1458 1458 1464 1464 1464
    1470 1470 1470 1477 1477 1477 1477 1477 1470 1470 1470 4582 1647
    1647 1639 1639 1632 1624 1609 1594 1579 1564 1550 1543 1536 1523
    1516 1509 1489 1489 1477 1464 1458 1452 1452 1452 1458 1464 1464
    1464 1470 1470 1470 1470 1477 1477 1477 1477 1477 1483 1483 4582
    1647 1647 1639 1639 1639 1624 1616 1594 1579 1564 1550 1550 1543
    1523 1516 1503 1503 1489 1477 1464 1458 1452 1452 1452 1458 1464
    1470 1470 1470 1464 1464 1470 1477 1477 1477 1483 1483 1483 0 1483
    1647 1647 1647 1639 1632 1624 1616 1594 1579 1564 1557 1550 1543
    1523 1516 1503 1503 1489 1477 1464 1458 1452 1452 1452 1458 1464
    1464 1470 1470 1464 1464 1470 1477 1477 1477 1483 1483 1483 0 0 1647
    1647 1647 1639 1632 1624 1609 1601 1579 1572 1557 1550 1543 1529
    1516 1503 1489 1483 1477 1464 1458 1452 1452 1452 1458 1458 1464
    1470 1470 1470 1470 1470 1477 1477 1477 1483 1483 1483 1483 0 1647
    1647 1647 1647 1632 1624 1601 1601 1586 1572 1557 1550 1543 1529
    1516 1509 1489 1483 1470 1464 1458 1452 1452 1452 1458 1458 1464
    1464 1470 1470 1470 1470 1477 1477 1477 1477 1483 1489 1489 0 4983
    1647 1647 1647 1632 1624 1601 1601 1594 1579 1564 1550 1543 1529
    1516 1509 1489 1477 1470 1464 1464 1452 1452 1452 1458 1458 1464
    1464 1470 1464 1464 1470 1477 1477 1477 1477 1483 1483 1483 0 4983
