<?xml version="1.0"?>
<opencv_storage>
<Depth18730 type_id="opencv-matrix">
  <rows>18</rows>
  <cols>9</cols>
  <dt>w</dt>
  <data>
    9870 9870 9870 6497 6497 6375 6259 6259 6375 9870 9870 9870 6497
    6497 6375 6375 6375 6375 9870 9870 9870 6622 6622 6497 6375 6375
    6375 9870 9870 9870 6622 6622 6497 6497 6497 6375 9870 9870 6497
    6497 6497 6497 6497 6497 6497 9870 9870 6497 6497 6497 6497 6497
    6622 6622 0 0 6497 6497 6497 6497 6497 6622 6622 0 6622 6497 6497
    6497 6497 6497 6622 6622 0 6622 6622 6622 6497 6497 6375 6375 6375 0
    6497 6497 6497 6497 6497 6375 6375 0 0 6497 6497 6497 6497 6497 6375
    6375 0 0 6497 6497 6622 6622 6497 6375 6375 0 0 6497 6497 6622 6622
    6497 6375 6375 0 6497 6497 6497 6622 6622 6622 6622 0 0 6375 6375
    6497 6622 6753 6753 6889 0 0 6375 6375 6497 6622 6753 6753 6753 0 0
    6375 6497 6497 6622 6622 6622 6622 0 0 6375 6497 6497 6497 6497 6497
    6497 0 0</data></Depth18730>
</opencv_storage>
