<?xml version="1.0"?>
<opencv_storage>
<Depth14887 type_id="opencv-matrix">
  <rows>26</rows>
  <cols>22</cols>
  <dt>w</dt>
  <data>
    6622 6622 6622 6622 4190 4190 4190 4139 4139 4190 4190 4190 4190
    4241 4190 4190 4190 4190 4241 6889 6889 6889 6622 6622 6622 6622
    4190 4190 4190 4139 4139 4190 4190 4190 4190 4190 4190 4190 4190
    4190 4190 4190 6889 6889 6753 6753 6753 4190 4190 4190 4190 4190
    4190 4190 4190 4190 4190 4190 4190 4190 4190 4190 4190 4139 4139
    4190 6753 6753 6753 4190 4190 4190 4190 4190 4190 4190 4190 4190
    4190 4190 4190 4190 4190 4190 4190 4139 4139 4190 6753 6753 6753
    4190 4190 4190 4190 4190 4190 4190 4190 4139 4139 4190 4190 4190
    4190 4190 4190 4139 4139 4139 6889 6753 6622 4190 4190 4190 4190
    4190 4190 4190 4190 4139 4139 4190 4190 4190 4190 4190 4190 4139
    4139 4139 6889 6753 6497 6375 4190 4190 4190 4190 4241 4190 4190
    4139 4139 4190 4190 4190 4190 4190 4190 4139 4139 4139 6889 6889
    6497 4190 4190 4190 4190 4241 4241 4190 4190 4139 4139 4190 4190
    4190 4190 4190 4190 4190 4139 4139 6753 6753 4190 4190 4190 4190
    4190 4190 4190 4190 4190 4190 4190 4190 4190 4190 4139 4139 4190
    4190 4190 4190 6753 6753 4190 4190 4190 4190 4190 4190 4190 4190
    4190 4190 4190 4139 4139 4190 4139 4139 4190 4190 4190 4241 6753
    6753 4190 4190 4190 4190 4190 4190 4190 4190 4190 4190 4190 4139
    4139 4190 4139 4139 4190 4190 4190 4241 6753 6753 4190 4190 4190
    4190 4190 4190 4190 4190 4190 4190 4190 4139 4139 4190 4139 4139
    4190 4190 4190 4190 6753 6753 4190 4190 4190 4190 4190 4190 4190
    4190 4190 4190 4190 4190 4190 4190 4190 4190 4190 4190 4190 4190
    6753 4241 4190 4190 4190 4190 4190 4190 4190 4190 4190 4190 4190
    4139 4139 4190 4190 4190 4190 4190 4190 7030 6889 4190 4190 4190
    4190 4190 4190 4190 4190 4190 4190 4190 4190 4139 4139 4190 4190
    4190 4190 4190 4190 7030 6753 4190 4190 4190 4190 4190 4190 4190
    4190 4190 4190 4190 4190 4190 4190 4190 4190 4190 4190 4190 4190
    4241 6753 4190 4190 4190 4190 4190 4190 4190 4190 4190 4190 4190
    4190 4190 4190 4190 4190 4190 4241 4241 4241 4241 6753 4190 4190
    4190 4190 4190 4190 4190 4190 4190 4190 4241 4241 4190 4190 4190
    4241 4241 4241 4241 4241 4241 4041 4089 4190 4190 4190 4190 4190
    4190 4190 4190 4190 4190 4190 4190 4190 4241 4241 4241 4241 4241
    4241 4241 4041 4089 4190 4190 4241 4241 4241 4241 4241 4190 4190
    4190 4190 4190 4190 4190 4190 4190 4241 4241 4241 4241 4089 4139
    4190 4190 4241 4241 4241 4190 4190 4190 4190 4190 4190 4190 4190
    4190 4190 4190 4190 4190 4241 7030 4190 4190 4241 4241 4241 4241
    4190 4190 4190 4190 4190 4190 4241 4241 4190 4190 4190 4190 4190
    4190 7030 7030 4190 4190 4190 4241 4241 4241 4190 4190 4190 4190
    4190 4190 4190 4190 4241 4241 4190 4190 4190 4190 7030 7178 4190
    4190 4190 4190 4241 4241 4241 4190 4190 4190 4241 4241 4190 4190
    4241 4241 4241 4190 4190 4190 7030 7178 6753 4190 4190 4190 6622
    6753 6889 6889 6889 6889 4241 4241 4241 4241 4241 4190 4190 4190
    4190 4190 7178 7178 6753 6622 6622 6622 6622 6889 6889 6889 6889
    6889 7030 4241 4241 4190 4190 4190 4190 4190 4190 7332 7178 7178</data></Depth14887>
</opencv_storage>
