<?xml version="1.0"?>
<opencv_storage>
<Depth10619 type_id="opencv-matrix">
  <rows>83</rows>
  <cols>64</cols>
  <dt>w</dt>
  <data>
    2618 2639 2639 2789 2789 2812 2812 2812 2812 2812 2812 2812 2812
    2812 3732 3732 3692 3692 3692 3732 3732 3732 3732 3732 3732 3774
    3816 3774 3774 3816 3816 1138 1138 1138 1138 1138 1141 1141 3859
    3859 3859 3859 3816 3816 3816 3816 3859 3859 3859 3859 3859 3816
    3816 3816 3816 3816 3859 3859 3859 3859 3859 3859 3859 3859 2618
    2639 2639 2744 2744 2812 2812 2812 2812 2812 2812 2812 2812 2812
    3732 3732 3692 3692 3692 3732 3732 3732 3732 3732 3732 3774 3732
    3732 3774 3774 3816 1138 1138 1134 1134 1134 1126 1126 1126 1126
    3859 3859 3816 3816 3816 3816 3816 3859 3859 3859 3859 3816 3816
    3816 3816 3816 3859 3859 3859 3859 3859 3859 3903 3859 2598 2618
    2618 2680 2744 2789 2812 2812 2812 2812 2812 2812 2812 2812 3732
    3692 3692 3692 3692 3692 3692 3732 3732 3732 1173 3732 3732 3732
    3774 3774 1149 1134 1134 1130 1130 1130 1126 1123 1123 1123 1123
    3816 3816 3774 3774 3816 3816 3859 3859 3859 3859 3816 3816 3816
    3816 3816 3859 3859 3859 3859 3859 3859 3859 3859 2598 2618 2618
    2659 2723 2723 2812 2812 2812 2812 2812 2789 2789 2812 3732 3692
    3653 3653 3653 3692 3692 3732 3732 3732 1173 1173 1173 1169 1169
    3816 1149 1130 1126 1126 1126 1126 1126 1123 1123 1123 1123 3774
    3774 3774 3774 3816 3816 3859 3859 3859 3859 3859 3859 3859 3859
    3859 3859 3859 3859 3859 3859 3859 3859 3859 2598 2598 2639 2639
    2680 2723 2789 2812 2812 2789 2789 2789 2789 2789 3732 3692 3653
    3653 3653 3653 3653 1108 1108 1173 1173 1173 1173 1169 1169 1126
    1126 1126 1126 1126 1123 1123 1126 1123 1123 1123 1123 0 3774 3774
    3774 3816 3816 3816 3816 3859 3859 3859 3859 3859 3859 3859 3859
    3859 3859 3859 3859 3859 3859 3859 2579 2598 2618 2618 2680 2789
    2789 2812 2812 2789 2789 2789 2789 0 1177 0 1115 1115 1115 0 0 1108
    1108 1108 1108 1108 1108 1119 1123 1123 1123 1123 1123 1123 1123
    1123 1123 1123 1123 1123 1123 0 3816 3816 3816 3816 3816 3816 3816
    3859 3859 3859 3859 3859 3859 3859 3859 3859 3859 3859 3859 3859
    3859 3859 2579 2598 1312 1312 1312 1312 1312 1255 1255 1197 1197
    1177 0 0 1177 0 0 1115 1115 1112 1108 1108 1108 1108 1108 1108 1108
    1119 1119 1119 1123 1123 1123 1123 1123 1123 1123 1123 1123 1123
    1123 0 0 3859 3859 3816 3816 3816 3816 3816 3816 3816 3859 3859 3859
    3859 3859 3859 3859 3859 3859 3859 3859 3859 2598 1312 1312 1307
    1307 1307 1255 1255 0 1197 1197 1177 1177 1177 1177 0 0 1115 1115
    1112 1112 1108 1108 1108 1108 1112 1112 1115 1119 1119 1119 1119
    1119 1123 1123 1123 1123 1123 1123 1123 0 0 0 0 3859 3859 3816 3816
    3816 3816 3816 3816 3816 3859 3859 3859 3816 3816 3859 3859 3859
    3859 3859 3859 1322 1312 1312 1307 1307 1255 1255 1255 1219 1197
    1197 1185 1177 1177 1177 1157 1115 1108 1108 1108 1108 1108 1108
    1108 1108 1112 1112 1115 1119 1119 1119 1119 1119 1123 1123 1123
    1123 1123 1123 1126 1126 1126 1126 3903 3903 3859 3859 3859 3859
    3816 3816 3816 3816 3816 3859 3859 3816 3816 3859 3859 3859 3859
    3859 3859 1317 1302 1292 1264 1250 1245 1232 1219 1219 1202 1197
    1185 1177 1157 1157 0 1115 1108 1108 1108 1108 1108 1108 1108 1108
    1108 1112 1115 1119 1119 1119 1119 1119 1123 1123 1123 1123 1123
    1123 1126 1126 1126 0 0 0 3903 3859 3859 3859 3816 3816 3816 3816
    3816 3816 3816 3816 3816 3859 3859 3859 3859 3859 3859 1312 1292
    1283 1264 1250 1245 1232 1219 1214 1189 1181 1173 1165 1145 1138
    1123 1115 1108 1105 1105 1105 1108 1108 1108 1108 1108 1112 1115
    1115 1115 1119 1119 1119 1123 1123 1123 1123 1123 1123 1126 1123
    1123 0 0 0 0 3859 3859 3859 3816 3816 3816 3816 3816 3816 3816 3816
    3816 3816 3859 3859 3859 3859 3859 1312 1292 1278 1268 1250 1245
    1232 1219 1214 1185 1177 1169 1161 1145 1130 1119 1112 1108 1105
    1105 1105 1108 1108 1108 1112 1112 1112 1112 1112 1112 1115 1119
    1119 1123 1123 1123 1123 1123 1123 1123 1123 1123 1123 0 0 3816 3816
    3816 3816 3816 3816 3816 3816 3816 3816 3816 3816 3816 3816 3859
    3859 3859 3859 3859 1312 1292 1278 1268 1255 1245 1232 1219 1214
    1185 1177 1169 1161 1145 1130 1119 1112 1105 1101 1101 1101 1105
    1105 1108 1112 1112 1112 1112 1112 1112 1115 1115 1119 1123 1123
    1123 1123 1123 1123 1123 1123 1123 1123 1123 0 3816 3816 3816 3816
    3816 3816 3816 3816 3816 3816 3816 3816 3816 3816 3859 3859 3859
    3859 3859 1312 1292 1283 1273 1259 1245 1236 1223 1219 1189 1181
    1169 1161 1149 1138 1123 1115 1105 1101 1101 1101 1105 1105 1108
    1108 1108 1112 1112 1112 1112 1112 1112 1119 1119 1123 1123 1123
    1123 1123 1123 1123 1123 1123 1123 0 3816 3816 3816 3774 3774 3774
    3774 3774 3774 3774 3816 3816 3816 3816 3859 3859 3859 3859 3859
    1312 1302 1288 1278 1264 1250 1236 1227 1210 1193 1185 1173 1165
    1153 1141 1123 1119 1105 1101 1101 1101 1105 1108 1108 1108 1108
    1112 1112 1112 1112 1112 1112 1115 1115 1119 1119 1123 1123 1123
    1123 1123 1123 1123 1123 0 0 3816 3816 3774 3774 3774 3774 3774 3774
    3774 3816 3816 3816 3859 3859 3859 3859 3816 3816 1317 1307 1292
    1278 1268 1255 1241 1227 1210 1197 1185 1177 1165 1153 1145 1130
    1123 1108 1101 1101 1101 1105 1108 1108 1108 1108 1108 1112 1112
    1112 1112 1112 1115 1115 1119 1119 1119 1123 1123 1123 1123 1126
    1126 0 0 0 0 3816 3774 3774 3816 3774 3774 3774 3816 3816 3816 3816
    3816 3816 3816 3816 3816 3816 1317 1312 1297 1283 1273 1259 1241
    1232 1214 1202 1189 1177 1169 1157 1145 1134 1123 1115 1105 1101
    1101 1105 1108 1108 1108 1108 1108 1108 1108 1112 1112 1112 1112
    1115 1115 1119 1119 1119 1119 1119 1123 1123 1123 1126 1126 0 3816
    3816 3774 3774 3816 3816 3816 3816 3816 3816 3816 3816 3816 3816
    3816 3816 3816 3816 1317 1312 1297 1283 1273 1264 1245 1232 1214
    1202 1193 1181 1169 1165 1149 1138 1123 1119 1105 1101 1101 1105
    1105 1108 1108 1108 1108 1108 1108 1112 1112 1112 1112 1115 1115
    1115 1119 1119 1119 1119 1123 1123 1123 1126 1126 0 0 0 3816 3816
    3816 3774 3774 3816 3816 3816 3816 3816 3816 3816 3816 3816 3774
    3774 1322 1312 1302 1283 1273 1264 1250 1236 1214 1206 1193 1185
    1169 1165 1149 1138 1126 1115 1105 1101 1101 1105 1105 1108 1108
    1108 1108 1108 1108 1108 1112 1112 1112 1115 1115 1115 1119 1119
    1115 1115 1119 1123 1123 1126 1126 0 0 0 3816 3816 3774 3774 3774
    3774 3774 3774 3774 3774 3774 3774 3774 3774 3774 3774 1328 1317
    1307 1292 1278 1264 1255 1241 1219 1210 1197 1189 1169 1165 1153
    1141 1130 1115 1108 1105 1105 1105 1105 1105 1108 1108 1108 1108
    1108 1108 1108 1112 1112 1112 1115 1115 1119 1119 1115 1115 1119
    1119 1123 1123 1123 1123 0 0 3816 3816 3774 3774 3774 3774 3774 3774
    3774 3774 3774 3774 3774 3774 3774 3774 1328 1322 1312 1297 1283
    1268 1255 1236 1219 1210 1202 1193 1169 1165 1157 1149 1130 1119
    1108 1105 1105 1105 1105 1105 1105 1105 1108 1108 1108 1108 1108
    1112 1112 1112 1115 1115 1119 1119 1115 1115 1119 1119 1119 1123
    1123 1123 0 0 0 0 3774 3774 3774 3774 3774 3816 3816 3816 3816 3774
    3774 3774 3774 3774 1333 1322 1317 1307 1288 1273 1259 1236 1223
    1214 1210 1197 1173 1165 1157 1149 1134 1123 1112 1105 1105 1105
    1101 1101 1105 1105 1108 1108 1108 1108 1108 1112 1112 1112 1112
    1115 1119 1119 1119 1119 1119 1119 1119 1123 1123 1123 1123 0 0 3732
    3732 3732 3732 3732 3774 3816 3816 3816 3816 3774 3774 3774 3774
    3774 1322 1322 1312 1302 1292 1278 1264 1255 1227 1219 1210 1202
    1173 1169 1161 1153 1134 1123 1112 1108 1108 1105 1101 1101 1101
    1101 1105 1108 1108 1108 1108 1108 1108 1108 1112 1115 1119 1119
    1119 1119 1119 1119 1123 1123 1123 1123 1123 0 0 0 3732 3732 3732
    3732 3774 3774 3816 3816 3774 3774 3774 3774 3774 3774 2503 1312
    1312 1302 1292 1283 1273 1264 1236 1219 1214 1202 1193 1173 1165
    1157 1138 1123 1115 1108 1108 1105 1101 1101 1101 1101 1105 1108
    1108 1108 1108 1108 1108 1108 1112 1112 1115 1119 1119 1119 1119
