<?xml version="1.0"?>
<opencv_storage>
<Depth3680 type_id="opencv-matrix">
  <rows>31</rows>
  <cols>17</cols>
  <dt>w</dt>
  <data>
    0 0 0 0 0 2958 2958 2958 2933 2933 2908 2908 2908 2908 2908 2908
    2933 0 0 0 0 2984 2958 2958 2958 2933 2933 2933 2933 2908 2908 2908
    2908 2933 0 0 0 0 2984 2984 2984 2984 2958 2958 2958 2933 2908 2908
    2908 2908 2933 0 0 0 0 3010 2984 2984 2984 2958 2958 2958 2933 2908
    2908 2908 2908 2933 0 0 0 0 3037 3010 3010 2984 2958 2958 2958 2958
    2933 2933 2958 2958 2958 0 0 0 0 3064 3037 3010 2984 2984 2984 2984
    2958 2958 2958 2958 2958 2984 0 0 0 0 3037 3010 3010 2984 2984 2984
    2984 2958 2958 2958 2984 2984 3010 0 0 0 0 2984 2984 3010 2984 2984
    2984 2984 2984 2984 2984 3010 3010 4190 0 0 0 2908 2908 2984 2984
    2984 2984 2984 2984 2984 2984 2984 3010 3037 4190 0 0 0 2908 2908
    2984 2984 3010 3010 3010 3010 2984 2984 2984 3010 3092 4089 0 0 0
    2933 2933 3010 3010 3010 3010 3010 3010 3010 2984 2984 3010 3064
    4089 0 0 0 2958 2958 3010 3010 3010 3010 3010 3010 3010 3010 3010
    3037 3064 4190 0 0 0 3010 3010 3010 3010 3010 3010 3010 3010 3010
    3010 3037 3064 3092 4190 2984 3010 3010 3010 3010 3037 3037 3037
    3010 3010 3010 3010 3010 3064 3120 3120 4190 2984 3010 3010 3010
    3010 3064 3064 3037 3037 3037 3037 3037 3037 3092 3120 3120 4295 0
    3092 3037 3037 3064 3092 3092 3064 3064 3064 3037 3037 3037 3092
    3149 3149 4295 0 3092 3092 3092 3092 3092 3092 3092 3092 3064 3037
    3037 3064 3092 3149 4349 4295 0 3092 3092 3092 3092 3092 3092 3092
    3092 3092 3064 3064 3064 3092 4349 4349 4349 0 3092 3092 3092 3092
    3092 3092 3092 3092 3092 3064 3064 3092 3092 4349 4349 4349 0 3064
    3064 3092 3092 3092 3092 3092 3092 3092 3064 3064 3120 3208 4295
    4295 4349 0 3064 3064 3092 3092 3092 3092 3092 3092 3092 3092 3092
    3149 3208 4295 4295 4349 0 3092 3092 3092 3092 3092 3092 3092 3092
    3092 3092 3092 3178 3208 4349 4349 4349 0 3092 3092 3092 3120 3120
    3120 3120 3120 3120 3120 3120 3178 3208 4349 4349 4405 3064 3064
    3092 3092 3120 3120 3120 3120 3120 3120 3120 3149 3178 4405 4405
    4405 4405 3064 3064 3092 3120 3120 3120 3120 3120 3120 3120 3120
    3120 3208 4405 4405 4405 4405 3037 3064 3092 3120 3120 3120 3120
    3120 3120 3092 3092 3120 4405 4405 4405 4405 4405 3037 3092 3092
    3149 3149 3149 3149 3149 3120 3092 3092 4405 4405 4405 4405 4405
    4463 3064 3120 3149 3178 3178 3149 3149 3149 3149 3092 3092 4405
    4405 4405 4405 4405 4463 3120 3120 3149 3178 3178 3178 3149 3149
    3149 3120 3120 4349 4349 4405 4405 4405 4463 3149 3149 3178 3178
    3178 3178 3149 3149 1312 1312 1317 1317 1317 4405 4405 4405 4463
    3238 3238 3208 3149 3149 1317 1312 1307 1307 1312 1312 1317 1317
    1322 1322 1328 4463</data></Depth3680>
</opencv_storage>
