<?xml version="1.0"?>
<opencv_storage>
<Depth5438 type_id="opencv-matrix">
  <rows>85</rows>
  <cols>49</cols>
  <dt>w</dt>
  <data>
    4041 4089 4089 4089 4089 4089 4089 4089 4089 4089 4139 4139 4190
    4190 4190 4190 4190 4190 4190 1197 4349 4349 4349 1165 1161 1161
    1161 1165 1165 1165 1169 1177 1177 1177 1181 1181 1193 1193 4708
    4645 4645 4645 4708 4708 4708 4708 4842 4911 4911 4041 4089 4089
    4089 4089 4089 4089 4139 4139 4139 4139 4190 4190 4241 4241 4241
    4241 4241 0 1197 1197 1189 1189 1165 1161 1161 1161 1161 1165 1165
    1165 1173 1173 1177 1181 1181 1185 1193 1193 1197 4645 4645 4774
    1202 1193 1193 1193 4911 4911 4041 4089 4139 4139 4089 4089 4139
    4139 4139 4139 4139 4139 4139 4190 4241 4241 4241 0 1210 1197 1197
    1189 1189 1161 1157 1157 1161 1161 1165 1165 1165 1169 1173 1177
    1181 1181 1181 1189 1193 1197 1202 1206 1206 1202 1193 1193 1214
    1214 4911 4041 4089 4089 4139 4139 4139 4139 4139 4139 4139 4139
    4139 4139 4190 4241 4241 0 0 1210 1210 1197 1189 1189 1161 1157 1157
    1157 1157 1161 1165 1165 1169 1173 1173 1177 1177 1181 1185 1193
    1193 1197 1202 1202 1202 1202 1202 1214 1214 1214 4041 4089 4089
    4089 4089 4089 4139 4139 4190 4190 4190 4190 4190 4241 4241 4190
    1245 1232 1210 1210 1193 1189 1181 1161 1153 1153 1153 1153 1161
    1165 1165 1169 1169 1173 1177 1177 1181 1181 1189 1193 1197 1197
    1202 1206 1206 1210 1214 1214 1219 4041 4041 4089 4089 4089 4089
    4089 4139 4139 4190 4190 4190 4190 4190 4190 4190 1245 1232 1223
    1210 1193 1185 1177 1161 1149 1149 1149 1153 1157 1165 1165 1165
    1169 1173 1177 1177 1181 1181 1185 1189 1193 1197 1197 1202 1206
    1210 1210 1210 1219 4041 4041 4041 4089 4089 4089 4089 4089 4139
    4241 4241 4295 4241 4190 4190 4190 1241 1232 1214 1206 1189 1185
    1173 1157 1149 1149 1149 1149 1153 1161 1165 1165 1165 1169 1173
    1177 1177 1181 1181 1185 1193 1193 1197 1202 1206 1210 1210 1210
    1210 3994 3994 4041 4041 4089 4089 4089 4089 4139 4139 4295 4295
    4295 4190 4190 4190 1232 1227 1214 1202 1185 1181 1169 1153 1149
    1149 1149 1149 1153 1161 1165 1165 1165 1169 1173 1177 1177 1177
    1181 1185 1189 1193 1197 1197 1206 1210 1210 1210 1210 3994 3994
    4041 4041 4089 4089 4089 4089 4089 4089 1297 1297 1283 1278 1241
    1241 1227 1223 1214 1202 1185 1177 1169 1153 1149 1149 1149 1149
    1153 1161 1161 1165 1165 1173 1173 1177 1177 1177 1181 1185 1189
    1193 1193 1197 1202 1206 1206 1206 1214 3948 3948 3948 4041 4041
    4089 4089 4089 4089 1307 1297 1297 1283 1278 1250 1241 1227 1223
    1214 1202 1185 1177 1165 1153 1149 1149 1149 1149 1153 1157 1161
    1161 1165 1169 1173 1173 1177 1177 1181 1185 1189 1193 1193 1193
    1197 1202 1206 1206 1206 3948 3948 3948 4041 4041 4089 4089 4089
    1307 1307 1307 1297 1283 1273 1250 1241 1227 1223 1206 1197 1185
    1169 1161 1149 1149 1149 1149 1149 1153 1157 1157 1161 1165 1169
    1173 1173 1173 1177 1181 1181 1189 1193 1193 1193 1193 1197 1197
    1202 1202 3948 3948 4041 4041 4041 0 4041 1307 1307 1307 1297 1292
    1283 1264 1245 1241 1227 1214 1206 1193 1181 1165 1153 1149 1145
    1145 1145 1149 1149 1153 1157 1157 1165 1165 1169 1169 1173 1177
    1181 1181 1185 1185 1189 1193 1193 1197 1197 1197 1197 3948 3948
    3994 4041 4089 0 0 0 1297 1297 1297 1292 1283 1264 1245 1241 1219
    1206 1197 1189 1177 1165 1153 1149 1145 1145 1145 1149 1149 1153
    1153 1157 1161 1165 1165 1169 1169 1177 1177 1181 1185 1185 1189
    1193 1193 1197 1197 1197 1197 3948 3948 3948 0 0 0 1322 0 1322 1297
    1297 1288 1278 1259 1245 1241 1214 1202 1193 1189 1177 1161 1149
    1145 1145 1145 1145 1149 1149 1153 1153 1157 1161 1161 1165 1169
    1169 1177 1177 1181 1181 1185 1193 1193 1193 1193 1197 1197 1197
    3948 3948 3948 0 0 0 1322 1322 1322 1307 1292 1283 1278 1245 1245
    1232 1210 1197 1193 1185 1173 1161 1149 1145 1141 1141 1145 1145
    1149 1149 1153 1157 1161 1161 1165 1165 1165 1169 1173 1177 1181
    1185 1189 1193 1193 1193 1197 1197 1197 3948 3948 3948 0 0 0 1328
    1317 1307 1297 1288 1278 1268 1245 1241 1219 1206 1197 1193 1185
    1173 1161 1149 1141 1141 1141 1145 1145 1145 1149 1153 1157 1157
    1161 1165 1165 1165 1169 1173 1177 1177 1185 1189 1193 1193 1193
    1197 1202 1202 3948 3948 3948 0 0 0 1322 1317 1302 1297 1288 1278
    1264 1245 1236 1219 1206 1197 1193 1185 1169 1149 1145 1141 1141
    1141 1141 1145 1145 1149 1149 1153 1157 1161 1165 1165 1165 1169
    1173 1177 1177 1185 1189 1189 1189 1193 1193 0 1193 3948 3948 3948 0
    0 0 1322 1312 1297 1292 1288 1278 1264 1241 1232 1219 1206 1197 1189
    1181 1169 1149 1138 1138 1134 1134 1138 1141 1145 1149 1149 1149
    1153 1157 1161 1165 1165 1169 1173 1177 1177 1185 1185 1189 1189
    1193 1193 1193 0 3948 3948 0 0 0 0 0 1312 1297 1292 1283 1273 1250
    1241 1232 1214 1206 1197 1189 1177 1165 1145 1138 1134 1134 1134
    1134 1141 1145 1145 1145 1149 1149 1153 1157 1161 1165 1169 1173
    1177 1177 1185 1185 1185 1189 1189 1193 1193 1193 3948 3948 0 0 0 0
    0 1317 1302 1297 1283 1273 1245 1236 1227 1214 1206 1197 1185 1177
    1165 1145 1138 1134 1130 1130 1134 1138 1141 1145 1145 1149 1149
    1153 1157 1161 1165 1169 1169 1173 1177 1181 1181 1185 1185 1189
    1193 1193 0 3948 3948 0 0 0 0 0 1317 1302 1297 1278 1268 1245 1232
    1227 1214 1206 1189 1177 1169 1161 1141 1134 1134 1130 1130 1134
    1138 1141 1141 1145 1149 1149 1153 1157 1161 1161 1165 1169 1173
    1177 1181 1181 1181 1181 1185 1193 1193 0 3948 3948 0 0 0 0 0 0 1297
    1292 1273 1264 1241 1232 1227 1214 1206 1181 1177 1165 1149 1138
    1134 1130 1130 1130 1134 1134 1138 1141 1145 1149 1149 1153 1157
    1161 1161 1165 1165 1169 1177 1181 1181 1181 1181 1185 1189 1193 0
    3948 3948 0 0 0 0 0 1292 1292 1283 1273 1259 1236 1227 1223 1214
    1202 1181 1165 1161 1145 1138 1134 1130 1130 1130 1134 1134 1138
    1141 1145 1145 1149 1153 1157 1161 1161 1165 1165 1169 1177 1177
    1181 1181 1181 1185 1189 1193 0 3948 3948 0 0 0 0 0 1288 1283 1278
    1268 1250 1236 1223 1223 1210 1193 1181 1165 1161 1141 1134 1130
    1130 1130 1130 1130 1134 1134 1138 1141 1145 1149 1153 1157 1161
    1161 1161 1165 1165 1173 1177 1181 1181 1181 1185 1185 1193 0 3948 0
    0 0 0 0 0 1288 1283 1278 1264 1245 1227 1219 1219 1206 1193 1181
    1169 1161 1141 1134 1130 1126 1126 1130 1130 1134 1134 1138 1141
    1141 1145 1149 1153 1157 1161 1161 1165 1165 1173 1177 1181 1181
    1181 1181 1185 1189 0 3903 0 0 0 0 0 1302 1297 1283 1278 1264 1245
    1227 1214 1210 1206 1193 1181 1169 1161 1138 1134 1130 1126 1126
    1126 1130 1134 1134 1138 1141 1141 1145 1149 1149 1153 1157 1161
    1161 1165 1173 1177 1177 1181 1181 1181 1185 1189 0 3903 0 0 0 0
    1312 1302 1297 1283 1273 1259 1245 1223 1210 1210 1206 1189 1181
    1169 1145 1134 1130 1126 1126 1126 1126 1130 1134 1134 1138 1138
    1141 1145 1145 1149 1153 1157 1161 1161 1165 1169 1173 1177 1181
    1181 1181 1181 1185 0 3903 0 0 0 0 1302 1302 1297 1283 1268 1259
    1241 1219 1210 1210 1206 1185 1177 1165 1145 1130 1126 1123 1123
    1123 1130 1130 1134 1134 1138 1138 1141 1145 1145 1149 1149 1153
    1161 1161 1165 1169 1173 1177 1177 1181 1181 1181 1181 0 3903 0 0 0
    0 1302 1297 1288 1283 1268 1250 1236 1219 1210 1210 1202 1181 1169
    1161 1141 1130 1126 1123 1123 1123 1126 1130 1134 1134 1134 1138
    1138 1141 1145 1149 1149 1153 1157 1161 1165 1165 1169 1173 1177
    1181 1181 1181 1181 0 3903 0 0 0 0 0 1297 1283 1278 1268 1245 1232
    1219 1210 1210 1189 1181 1169 1157 1141 1130 1126 1123 1123 1123
    1126 1130 1130 1130 1134 1134 1134 1141 1141 1149 1149 1149 1153
    1157 1165 1165 1169 1169 1173 1177 1177 1177 0 1177 3903 0 0 0 0 0
    1297 1283 1278 1259 1241 1232 1219 1210 1206 1185 1181 1169 1145
    1138 1130 1123 1119 1119 1123 1126 1130 1130 1130 1134 1134 1134
    1138 1141 1145 1149 1149 1149 1157 1165 1165 1165 1169 1173 1177
    1177 1177 0 0 3903 0 0 0 0 0 0 1283 1273 1250 1236 1227 1219 1210
    1202 1181 1177 1169 1141 1134 1126 1123 1119 1119 1119 1126 1130
