<?xml version="1.0"?>
<opencv_storage>
<Depth4620 type_id="opencv-matrix">
  <rows>41</rows>
  <cols>44</cols>
  <dt>w</dt>
  <data>
    4241 4241 4241 4241 4241 4241 4241 4241 4241 4241 4241 4241 4295
    2065 2065 2065 2065 2065 2701 2701 2701 2701 2701 2701 2701 2701
    2701 2701 2701 2701 2723 4295 4295 4295 4241 4241 4241 4241 4241
    4295 4295 4295 4295 4295 4241 4241 4241 4241 4241 4241 4241 4241
    4241 4190 4190 2078 2078 2065 2065 2053 2053 2065 2701 2701 2701
    2701 2701 2701 2701 2701 2680 2680 2680 2680 2680 2680 4295 4295
    4241 4241 4241 4241 4241 4295 4295 4295 4295 4295 4241 4241 4241
    4241 4241 4241 4241 4241 2065 2053 2053 2065 2065 2053 2053 2040
    2040 2040 2040 2701 2701 2701 2701 2680 2680 2680 2680 2659 2659
    2659 2659 2659 2659 4241 4241 4241 4241 4241 4241 4295 4295 4295
    4295 4295 4241 4241 4241 4241 4241 4241 2065 2065 2053 2053 2053
    2053 2053 2053 2040 2028 2028 2028 2028 2040 2701 2701 2680 2680
    2659 2659 2659 2659 2659 2639 2639 2639 2659 4241 4190 4190 4190
    4241 4241 4295 4295 4295 4295 4295 4241 4241 4241 2065 2065 2065
    2065 2065 2053 2040 2028 2028 2028 2028 2040 2028 2028 2028 2028
    2040 2040 2680 2680 2680 2659 2659 2659 2659 2639 2639 2639 2639
    2639 2659 2701 4190 4190 4241 4241 4241 4241 4241 4295 4295 4241
    4241 4241 2065 2065 2065 2053 2040 2040 2028 2028 2028 2028 2028
    2028 2028 2028 2028 2028 2040 2040 2040 2680 2680 2659 2659 2659
    2659 2639 2639 2639 2639 2639 2659 2701 4139 4139 4190 4241 4241
    4241 4241 4241 4295 4190 4190 4241 2065 2065 2053 2040 2028 2028
    2028 2028 2028 2028 2028 2028 2028 2028 2028 2040 2028 2028 2028
    2028 2659 2639 2639 2639 2639 2639 2639 2639 2639 2639 2659 2680
    2680 4139 4139 4190 4241 4241 4241 4241 4241 4190 4190 4241 2090
    2065 2053 2040 2028 2028 2028 2028 2028 2028 2028 2028 2028 2040
    2040 2028 2028 2028 2028 2028 2028 2639 2639 2639 2639 2639 2639
    2639 2639 2639 2639 2659 2659 2659 4139 4190 4241 4241 4241 4241
    4241 4190 4190 2090 2090 2065 2053 2040 2028 2028 2028 2028 2028
    2028 2028 2028 2028 2028 2028 2028 2028 2028 2028 2028 2028 2028
    2618 2618 2639 2639 2639 2618 2618 2618 2639 2639 2639 2639 2639
    2639 4241 4241 4241 4241 4241 4139 2116 2116 2103 2078 2053 2040
    2028 2028 2028 2028 2028 2028 2028 2028 2028 2028 2028 2028 2028
    2028 2028 2028 2028 2028 2618 2618 2639 2639 2618 2618 2618 2618
    2618 2618 2618 2618 2639 2639 4295 4241 4241 4241 4241 2226 2226
    2116 2116 2090 2065 2053 2040 2028 2028 2028 2028 2028 2028 2028
    2028 2028 2028 2028 2028 2028 2028 2028 2016 2016 2028 2618 2639
    2639 2618 2618 2618 2618 2618 2618 2618 2598 2598 2659 4295 4241
    4241 4190 4190 2226 2198 2143 2116 2103 2078 2065 2053 2040 2028
    2028 2016 2016 2016 2016 2028 2028 2028 2028 2028 2028 2028 2016
    2016 2016 2028 2028 2618 2618 2618 2618 2618 2618 2618 2618 2598
    2579 2579 2579 4241 4241 4190 4190 4190 2212 2198 2170 2129 2103
    2090 2078 2065 2040 2028 2028 2016 2016 2016 2016 2016 2028 2028
    2028 2028 2028 2028 2016 2016 2016 2016 2016 2579 2598 2618 2618
    2618 2639 2639 2618 2598 2579 2579 2560 2560 4190 4190 4190 4190
    2212 2198 2184 2129 2116 2103 2090 2078 2053 2028 2028 2016 2016
    2016 2016 2016 2016 2016 2028 2028 2028 2028 2016 2016 2016 2016
    2016 2016 2598 2618 2618 2639 2639 2639 2639 2618 2579 2560 2560
    2560 4139 4139 4190 4190 2184 2184 2184 2156 2129 2116 2103 2090
    2065 2040 2028 2016 2016 2016 2016 2016 2016 2016 2016 2016 2016
    2016 2016 2016 2016 2016 2016 2016 2598 2639 2639 2639 2639 2639
    2639 2639 2579 2560 2560 2560 4139 4139 4190 4190 2170 2170 2184
    2170 2143 2129 2116 2103 2078 2053 2028 2016 2016 2016 2016 2016
    2016 2016 2016 2016 2016 2016 2016 2016 2016 2016 2016 2016 2618
    2639 2639 2639 2639 2659 2659 2659 2579 2560 2560 2560 4139 4139
    4139 4139 2170 2170 2184 2170 2156 2143 2116 2103 2078 2065 2028
    2016 2016 2016 2016 2016 2016 2016 2016 2016 2016 2016 2016 2016
    2016 2016 2016 2016 2028 2639 2639 2639 2639 2659 2659 2659 2659
    4190 4139 4139 4139 4139 4139 4139 2835 2212 2212 2184 2184 2156
    2129 2116 2090 2065 2028 2028 2016 2016 2016 2016 2016 2016 2016
    2016 2016 2016 2016 2016 2016 2016 2016 2016 2016 2016 2639 2659
    2659 2659 2659 2659 4139 4139 4139 4139 4139 4139 4139 4139 2835
    2835 2226 2212 2184 2170 2143 2129 2103 2078 2028 2028 2016 2016
    2016 2016 2016 2016 2016 2016 2016 2016 2016 2005 2005 2016 2016
    2016 2016 2016 2659 2659 2659 2659 2659 4190 4139 4139 4139 4139
    4139 4139 4139 4139 2835 2812 2241 2226 2198 2170 2143 2129 2116
    2090 2040 2028 2028 2016 2016 2016 2016 2016 2016 2005 2005 2005
    2016 2005 2005 2005 2005 2005 2005 2005 2005 2659 2659 2659 2659
    4190 4139 4139 4139 4190 4139 4139 4139 4089 2835 2812 2812 2241
    2212 2198 2170 2143 2129 2103 2053 2040 2028 2016 2016 2005 2005
    2005 2005 2005 2005 2005 2005 2005 2005 2005 2005 2005 2005 1993
    1981 1981 2680 2680 2723 4139 4139 4139 4139 4139 4139 4139 4089
    4089 2812 2789 2789 2767 2212 2212 2184 2170 2129 2116 2078 2053
    2028 2016 2016 2005 2005 2005 2005 2005 2005 2005 2005 2005 2005
    2005 2005 2005 2005 1993 1981 1981 1981 2680 2744 4041 4089 4089
    4089 4139 4139 4139 4089 4041 2789 2767 2744 2744 2744 2212 2184
    2184 2156 2129 2090 2065 2040 2028 2016 2005 2005 1993 1993 1993
    1993 1993 1993 1993 1993 1993 1993 2005 1993 1993 1981 1981 1981
    1981 4041 4041 4089 4089 4089 4139 4139 4089 4089 4041 2767 2744
    2744 2744 2744 2212 2184 2184 2170 2156 2103 2078 2065 2040 2016
    2016 1993 1993 1993 1981 1981 1981 1981 1981 1993 1993 1993 1993
    1993 1981 1981 1981 1981 1981 4041 4041 4089 4089 4089 4089 4089
    4089 4089 4089 2744 2744 2744 2744 2744 2723 2723 2184 2170 2170
    2143 2090 2078 2053 2028 2016 1993 1993 1993 1981 1981 1981 1981
    1981 1981 1981 1993 1993 1981 1981 1981 1981 1981 1981 1981 4190
    4190 4139 4089 4089 4089 4089 4089 4089 2744 2744 2744 2723 2723
    2723 2723 2723 2184 2170 2170 2103 2078 2065 2053 2040 2016 1993
    1993 1981 1981 1981 1981 1981 1981 1981 1981 1981 1981 1981 1981
    1981 1981 1981 1981 1981 4190 4139 4089 4089 4089 4089 4089 4041
    2744 2744 2744 2723 2723 2723 2723 2723 2723 2723 2170 2116 2090
    2078 2078 2053 2016 2005 1993 1981 1981 1981 1981 1981 1981 1981
    1981 1981 1981 1981 1981 1981 1981 1981 1981 1981 1981 4190 4139
    4041 4041 4089 4089 4041 2744 2744 2744 2723 2723 2723 2723 2723
    2723 2701 2184 2170 2116 2103 2078 2053 2028 2016 2005 1993 1981
    1981 1981 1970 1970 1970 1970 1970 1970 1970 1970 1981 1981 1981
    1981 1970 1970 4190 4089 4041 4041 4089 4089 4089 2744 2723 2723
    2723 2701 2701 2701 2701 2701 2680 2680 2170 2143 2116 2090 2065
    2040 2016 2016 1993 1981 1981 1970 1970 1970 1970 1970 1970 1970
    1970 1970 1970 1970 1981 1970 1970 1970 1970 4089 4041 4041 4041
    4041 4041 2744 2723 2723 2701 2680 2680 2680 2680 2659 2659 2659
    2184 2156 2116 2103 2078 2065 2040 2016 2005 1993 1970 1970 1970
    1970 1970 1970 1970 1970 1970 1970 1970 1970 1970 1970 1970 1970
    1970 1970 4041 4041 4041 4041 4041 2723 2723 2723 2701 2659 2659
    2659 2659 2659 2639 2639 2184 2170 2129 2116 2103 2078 2040 2028
    2005 1993 1970 1970 1970 1970 1970 1970 1970 1970 1970 1970 1970
    1970 1970 1970 1970 1970 1970 1970 1970 4041 3994 3994 4041 2723
    2723 2701 2680 2659 2659 2659 2659 2659 2639 2639 2639 2116 2116
    2129 2116 2090 2078 2040 2016 2005 1970 1970 1970 1970 1970 1970
    1970 1970 1970 1970 1970 1970 1970 1970 1970 1970 1970 1970 1970
    1970 3994 3994 3994 2723 2723 2701 2680 2659 2659 2659 2659 2659
    2659 2639 2639 2116 2116 2129 2129 2103 2090 2053 2028 2016 1981
    1981 1970 1970 1970 1970 1970 1970 1970 1970 1970 1970 1959 1959
    1959 1959 1970 1970 1970 1970 3948 3948 3994 2701 2701 2680 2659
    2659 2659 2659 2659 2639 2639 2639 2639 2639 2156 2143 2129 2116
    2103 2078 2065 2053 1981 1981 1970 1970 1959 1959 1959 1959 1959
