<?xml version="1.0"?>
<opencv_storage>
<Depth2951 type_id="opencv-matrix">
  <rows>38</rows>
  <cols>24</cols>
  <dt>w</dt>
  <data>
    4463 4463 4463 4463 4405 4349 4349 4349 4405 4405 4405 2701 2744
    2744 2744 2767 4190 4190 4190 4190 4190 4139 4139 4089 4463 4463
    4463 4463 4405 4349 4349 4405 4405 4405 2680 2701 2701 2701 2723
    2744 2744 4241 4190 4190 4190 4139 4139 4089 4463 4463 4463 4405
    4405 4405 2680 2680 2680 2680 2680 2680 2701 2701 2723 2744 2744
    4241 4190 4190 4190 4139 4139 4139 4463 2789 2744 2723 2680 2680
    2680 2680 2680 2659 2659 2680 2680 2701 2723 2723 2723 4295 4190
    4190 4190 4139 4139 4089 2789 2789 2744 2723 2680 2680 2659 2659
    2659 2659 2659 2680 2680 2701 2723 2723 2723 2701 2701 4139 4139
    4139 4139 4089 2789 2789 2744 2744 2744 2701 2659 2659 2659 2659
    2659 2680 2680 2680 2701 2701 2701 2701 2701 2723 2744 2767 2789
    2812 2789 2767 2744 2744 2744 2680 2659 2659 2659 2659 2659 2680
    2680 2680 2701 2701 2701 2723 2723 2723 2744 2767 2789 2789 2789
    2767 2744 2744 2744 2680 2659 2659 2659 2659 2659 2680 2680 2701
    2701 2701 2723 2723 2723 2744 2767 2744 2744 2789 4405 2789 2744
    2744 2744 2723 2659 2659 2659 2659 2659 2680 2701 2701 2701 2701
    2723 2723 2744 2744 2767 2744 2744 2812 2789 2767 2767 2723 2723
    2723 2659 2659 2659 2659 2659 2680 2680 2701 2701 2701 2723 2723
    2744 2744 2767 2767 2767 2767 2767 2767 2744 2723 2723 2723 2659
    2659 2659 2659 2659 2680 2680 2680 2680 2701 2723 2723 2744 2744
    2744 2744 2744 2767 2723 2767 2744 2744 2723 2723 2680 2680 2680
    2659 2659 2680 2680 2680 2680 2701 2723 2723 2744 2744 2744 2744
    2744 2767 2723 2767 2744 2744 2744 2723 2680 2680 2680 2659 2659
    2680 2680 2680 2680 2680 2701 2723 2744 2744 2744 2744 2744 2744
    2767 2767 2744 2744 2744 2723 2701 2701 2680 2680 2680 2680 2680
    2680 2680 2680 2701 2723 2723 2723 2744 2744 2744 2723 2767 2744
    2744 2744 2723 2723 2680 2680 2659 2659 2659 2680 2680 2659 2659
    2680 2701 2723 2723 2723 2744 2723 2723 2723 2767 2744 2744 2744
    2723 2723 2680 2659 2659 2659 2659 2659 2680 2659 2659 2680 2701
    2723 2723 2723 2744 2723 2723 2723 4582 2744 2744 2744 2723 2723
    2680 2659 2659 2659 2659 2659 2680 2659 2659 2680 2701 2723 2723
    2723 2744 2723 2723 2723 2744 2744 2744 2744 2723 2723 2680 2659
    2659 2659 2659 2659 2659 2680 2680 2680 2701 2723 2723 2723 2744
    2744 2744 2744 2744 2744 2744 2723 2723 2701 2680 2659 2659 2659
    2659 2659 2659 2680 2680 2680 2701 2723 2723 2723 2723 2744 2744
    2744 2744 2744 2744 2723 2723 2701 2680 2680 2659 2659 2659 2659
    2680 2680 2680 2701 2701 2701 2723 2723 2723 2744 2744 2744 2767
    2744 2744 2723 2723 2701 2680 2680 2659 2659 2659 2659 2680 2680
    2701 2701 2701 2701 2723 2723 2723 2744 2723 2723 2767 2744 2744
    2723 2723 2701 2701 2680 2680 2659 2659 2659 2659 2680 2701 2701
    2701 2701 2701 2723 2723 2744 2723 2723 2744 2744 2744 2723 2723
    2701 2701 2680 2659 2659 2659 2659 2659 2701 2701 2680 2680 2701
    2701 2723 2723 2744 2723 2723 2744 2744 2744 2744 2723 2701 2701
    2680 2659 2659 2659 2659 2680 2680 2680 2680 2680 2701 2701 2723
    2723 2744 2723 2723 4405 2744 2744 2744 2723 2701 2701 2680 2659
    2659 2659 2659 2680 2680 2680 2680 2680 2701 2723 2723 2723 2744
    2723 2723 2767 2744 2744 2744 2723 2701 2701 2680 2659 2659 2659
    2659 2680 2680 2680 2680 2680 2701 2723 2723 2723 2723 2723 2723
    2767 2744 2744 2744 2723 2701 2701 2680 2659 2659 2659 2659 2680
    2680 2680 2680 2680 2701 2723 2723 2723 2723 2723 2723 2789 2744
    2744 2744 2723 2723 2701 2680 2659 2659 2659 2659 2659 2659 2659
    2680 2680 2701 2701 2723 2723 2723 2723 2744 4405 2744 2744 2744
    2723 2723 2680 2659 2659 2659 2659 2659 2659 2659 2659 2659 2680
    2680 2701 2723 2723 2723 2723 2723 4405 2744 2744 2723 2723 2701
    2680 2659 2659 2659 2659 2659 2659 2659 2659 2659 2680 2680 2701
    2701 2723 2723 2723 2723 4405 2767 2744 2723 2723 2680 2659 2659
    2659 2659 2659 2659 2659 2659 2659 2659 2680 2680 2680 2701 2701
    2723 2723 2723 4463 2767 2744 2723 2723 2680 2659 2659 2659 2659
    2659 2659 2659 2659 2659 2659 2680 2680 2680 2701 2701 2723 2723
    2723 4405 2767 2744 2723 2701 2680 2680 2659 2659 2659 2639 2639
    2639 2639 2639 2659 2659 2680 2680 2701 2701 2723 2723 2723 4405
    2767 2744 2723 2701 2701 2680 2659 2659 2659 2639 2639 2639 2639
    2639 2659 2659 2680 2701 2701 2701 2723 2723 2723 4405 2767 2744
    2723 2701 2701 2680 2659 2659 2659 2639 2639 2639 2639 2639 2659
    2680 2701 2701 2723 2723 2723 2723 2723 4405 4405 2723 2723 2701
    2701 2659 2659 2659 2659 2639 2639 2639 2639 2639 2659 2680 2701
    2723 2723 2723 2723 2723 2744 4405 4405 2723 2723 2701 2680 2659
    2659 2659 2639 2639 2639 2639 2639 2659 2680 2701 2723 2723 2723
    2723 2723 2723 2723 4463 4463 2723 2723 2723 2680 2659 2659 2659
    2639 2639 2639 2639 2639 2659 2701 2723 2723 2701 2701 2723 2723
    2723 4089</data></Depth2951>
</opencv_storage>
