<?xml version="1.0"?>
<opencv_storage>
<Depth6038 type_id="opencv-matrix">
  <rows>26</rows>
  <cols>16</cols>
  <dt>w</dt>
  <data>
    3365 3399 3333 3333 3365 3468 3433 3433 3399 3399 3399 3399 3399
    3399 3399 2541 3399 3399 3333 3333 3365 3468 3433 3433 3399 3399
    3399 3399 3399 3399 3399 2541 3433 3399 3365 3365 3399 3468 3433
    3433 3399 3399 3399 3399 3399 3399 3399 3399 3433 3433 3399 3399
    3399 3433 3433 3433 3433 3399 3399 3365 3365 3365 3399 3399 3433
    3433 3399 3399 3433 3433 3433 3433 3433 3399 3365 3333 3333 3365
    3365 2522 3468 3433 3399 3399 3399 3399 3399 3399 3399 3399 3365
    3333 3333 3333 3333 2522 3468 3365 3365 3365 3399 3399 3399 3399
    3399 3399 3365 3365 3333 3333 3365 2503 2485 3365 3365 3365 3365
    3365 3399 3399 3399 3399 3399 3399 3399 3365 3365 2503 2485 3365
    3365 3365 3365 3365 3399 3399 3399 3399 3399 3399 3399 3365 3365
    2503 2503 3300 3333 3333 3365 3365 3399 3433 3399 3399 3365 3365
    3365 3365 3365 2503 3300 3300 3333 3333 3365 3365 3399 3399 3365
    3333 3333 3365 3365 3365 3365 2503 3333 3333 3365 3365 3399 3399
    3399 3399 3333 3333 3333 3365 3399 3399 3399 2503 3333 3333 3365
    3399 3399 3399 3399 3333 3333 3333 3333 3399 3399 3399 3399 2503
    3365 3365 3399 3399 3399 3399 3399 3333 3333 3333 3365 3399 3399
    3399 3399 3433 2485 3399 3399 3399 3399 3399 3399 3333 3333 3365
    3365 3399 3399 3399 3399 3433 2485 2503 3365 3399 3399 3399 3399
    3365 3365 3365 3399 3399 3365 3365 3365 3433 2485 2503 3365 3365
    3399 3399 3399 3365 3365 3399 3399 3399 3365 3365 3365 3433 2503
    2503 2503 3365 3365 3399 3365 3365 3365 3399 3399 3399 3365 3365
    3399 3399 2485 2503 2503 3365 3365 3365 3365 3365 3365 3399 3399
    3399 3365 3365 3365 3365 2467 2503 2503 2579 2560 2560 3365 3365
    3365 3399 3399 3399 3365 3365 3365 3365 2450 2450 2560 2560 2522
    2522 3399 3399 3399 3399 3399 3399 3399 3365 3365 3365 2450 2432
    2432 2560 2522 2522 3399 3399 3399 3399 3399 3399 3399 3365 3365
    3399 2450 2432 2432 2560 2522 2522 3433 3399 3399 3399 3399 3399
    3365 3365 3365 3365 2432 2450 2450 2503 2503 2522 3399 3399 3399
    3399 3399 3399 3365 3365 3365 3365 2432 2432 2450 2503 2503 2522
    3399 3399 3399 3399 3399 3399 3365 3365 3333 3333 2432 2432 0 0 0 0
    3399 3399 3399 3399 3433 3399 3399 3365 3333 3333</data></Depth6038>
</opencv_storage>
