<?xml version="1.0"?>
<opencv_storage>
<Depth15723 type_id="opencv-matrix">
  <rows>119</rows>
  <cols>42</cols>
  <dt>w</dt>
  <data>
    0 878 878 875 875 875 875 875 878 878 878 875 875 875 875 875 878
    880 880 878 878 878 882 882 882 885 882 882 882 882 885 885 885 885
    887 885 885 882 882 0 0 0 878 878 878 875 875 875 875 878 878 878
    878 875 875 875 875 875 878 878 878 878 878 878 880 882 882 885 885
    885 885 885 885 885 885 885 887 885 885 882 880 880 0 0 878 878 878
    878 878 878 878 878 878 875 875 875 875 875 875 875 878 878 878 878
    878 880 880 882 882 885 885 885 885 882 882 885 885 885 887 885 885
    882 880 880 0 0 878 878 878 878 878 878 878 878 875 875 875 875 875
    875 875 875 878 878 878 878 878 878 880 882 882 885 885 885 885 882
    882 885 885 885 887 885 882 880 880 880 0 0 878 878 878 878 878 878
    875 875 875 873 873 875 875 875 875 875 878 878 878 878 878 878 880
    880 882 882 882 885 882 882 882 882 885 885 885 885 882 880 880 880
    0 0 875 875 878 878 878 875 875 875 875 873 873 875 875 875 875 875
    875 875 875 875 878 878 878 878 880 880 880 882 882 882 882 882 882
    885 885 882 880 878 878 878 0 0 875 875 875 875 875 875 875 875 873
    873 873 875 875 875 875 875 873 873 875 875 878 878 878 878 878 878
    878 880 880 880 880 880 882 882 882 882 880 878 878 878 0 0 875 875
    875 875 875 875 875 875 873 873 873 875 875 875 875 875 873 873 875
    875 878 878 878 878 878 878 878 878 878 880 880 880 880 882 882 882
    880 880 875 875 0 0 878 878 875 875 875 875 875 875 873 873 873 875
    875 875 875 875 875 875 875 875 878 878 878 878 878 878 878 878 878
    878 878 880 880 880 880 880 880 878 875 875 0 0 0 875 873 873 873
    873 873 875 873 873 873 875 875 875 875 875 875 875 875 875 878 878
    878 878 878 878 878 878 878 878 878 878 878 878 880 880 878 878 875
    875 0 0 0 875 873 873 873 873 873 873 873 873 873 873 873 873 875
    875 875 875 875 875 875 875 875 875 878 878 878 878 878 878 875 875
    878 878 878 880 878 878 875 875 875 0 0 873 873 871 871 871 871 873
    873 873 873 871 871 873 875 875 875 875 875 875 875 875 875 875 878
    878 878 878 878 875 875 875 878 878 878 878 878 878 875 875 875 875
    0 873 871 871 871 871 871 871 873 873 871 871 871 871 871 873 873
    873 873 873 875 875 875 875 878 875 875 875 875 875 875 875 875 878
    878 878 878 875 875 875 875 0 0 873 871 871 871 871 871 871 871 873
    871 869 869 871 871 871 873 873 873 873 875 875 875 875 875 875 875
    875 875 875 875 875 875 875 875 875 875 875 875 875 875 0 0 871 871
    871 871 871 871 871 871 871 871 869 869 869 869 869 871 871 873 873
    873 873 873 875 875 875 875 875 875 875 875 875 875 875 875 875 875
    875 873 873 0 0 873 871 871 871 869 869 869 869 869 869 869 869 869
    869 869 869 869 869 871 871 873 873 873 875 875 875 875 875 875 875
    875 875 875 875 875 875 875 875 873 873 0 0 873 869 869 869 869 869
    869 869 869 869 869 869 869 869 869 869 869 869 869 871 871 871 871
    873 873 873 875 875 875 873 873 875 875 875 875 875 875 873 873 873
    873 0 0 867 867 867 867 869 869 869 867 867 869 869 869 869 869 869
    869 869 869 871 869 869 869 871 871 873 873 873 873 873 873 873 875
    875 875 875 875 873 873 873 0 0 0 867 867 867 867 867 867 867 867
    867 869 869 869 869 869 869 869 869 869 869 869 869 869 869 871 871
    873 871 871 871 871 871 873 873 873 873 873 873 871 871 0 0 0 864
    864 867 867 867 867 867 867 867 867 867 867 867 867 867 869 869 869
    869 869 869 869 869 871 871 871 871 871 871 871 871 871 873 873 873
    873 871 871 871 0 0 0 864 864 867 867 867 867 867 867 867 867 867
    867 867 867 867 867 867 867 867 867 869 869 869 869 869 869 869 869
    871 871 871 871 873 873 873 873 871 871 871 873 0 0 867 867 864 864
    862 862 864 864 867 867 867 867 867 867 867 867 867 867 867 867 869
    869 869 869 869 869 869 869 869 871 871 871 873 873 873 873 871 871
    871 873 0 0 869 867 864 862 862 862 862 864 867 867 867 867 867 867
    867 867 867 867 867 867 869 869 869 869 869 869 869 869 869 871 871
    871 873 873 873 873 871 871 869 869 0 0 869 867 864 862 862 862 862
    864 864 864 867 867 867 864 864 864 867 867 867 867 869 869 869 869
    869 869 869 869 869 869 869 869 869 871 871 871 869 869 867 867 0
    869 867 867 864 862 862 862 862 862 864 864 864 864 864 864 864 864
    864 864 867 867 867 867 869 869 869 869 869 869 869 869 869 869 869
    869 871 869 869 867 864 864 0 869 864 864 862 862 862 860 860 862
    862 862 862 862 862 862 864 864 864 862 862 864 864 867 867 867 867
    867 869 869 869 869 869 869 869 869 869 869 869 867 864 864 0 0 862
    862 862 860 860 860 860 862 862 862 862 862 862 862 864 862 862 862
    862 864 864 864 867 867 867 867 867 867 867 867 867 867 869 869 869
    869 867 867 867 867 0 860 860 860 860 860 860 860 860 860 862 862
    862 862 862 862 862 862 862 862 862 862 864 864 864 864 867 867 867
    867 867 867 867 867 869 869 869 867 867 867 867 867 0 860 858 858
    860 860 860 860 860 860 860 860 860 860 860 860 860 862 860 860 862
    862 862 864 864 864 864 867 867 867 867 867 867 867 867 867 867 867
    867 867 864 864 0 856 856 858 858 860 858 858 860 860 860 860 860
    860 860 860 860 860 860 860 860 862 862 864 862 862 864 864 867 867
    867 867 867 867 867 867 867 867 867 867 864 864 0 854 854 856 858
    858 858 858 858 858 860 860 860 860 860 860 860 860 860 860 860 860
    862 862 862 862 864 864 864 864 864 864 864 864 867 867 867 867 867
    867 864 864 0 851 851 856 858 858 856 856 858 858 858 858 858 858
    858 858 860 860 860 860 860 860 862 862 862 862 862 864 864 864 864
    864 864 864 864 867 867 867 867 864 862 862 0 851 851 856 856 856
    856 856 856 858 858 858 858 858 858 858 858 858 860 860 860 860 862
    862 862 862 862 862 862 862 862 862 862 862 864 864 867 867 867 864
    862 862 0 851 851 856 856 856 856 856 856 856 858 858 858 858 858
    858 858 858 858 858 860 860 860 860 860 860 862 862 862 862 862 862
    862 862 862 864 864 864 864 864 864 864 0 0 858 858 856 856 856 856
    856 856 856 858 856 856 856 856 858 858 858 858 860 860 860 860 860
    860 860 860 860 860 862 862 862 860 860 862 864 864 864 864 864 864
    0 0 858 858 858 856 856 856 856 856 856 856 856 854 854 854 856 856
    858 858 858 860 860 860 860 860 860 860 860 860 862 862 862 860 860
    862 864 864 864 864 864 864 0 0 858 858 858 856 856 856 856 856 856
    856 856 854 854 854 856 856 858 858 858 860 860 860 860 860 860 860
    860 860 862 860 860 860 860 860 862 862 862 862 862 864 0 0 858 856
    856 856 856 856 856 856 856 856 856 854 854 854 856 856 858 858 858
    858 858 858 860 860 860 860 860 860 860 860 860 860 860 860 862 862
    862 862 862 0 0 0 856 856 854 854 854 854 854 854 854 854 854 856
    854 854 856 856 856 858 858 858 858 858 860 860 860 860 860 860 860
    858 858 860 860 860 862 862 862 860 860 860 0 0 851 851 851 851 851
    851 851 851 854 854 854 854 854 854 856 856 856 856 856 858 858 858
    858 860 860 860 860 860 858 858 858 860 860 860 862 862 862 860 860
    860 0 0 851 851 851 851 851 851 851 851 851 851 851 854 854 851 851
    851 851 854 854 856 856 856 858 860 858 858 858 858 858 858 858 860
    860 860 860 860 860 860 860 860 0 0 851 851 851 851 851 851 851 851
    851 851 851 851 851 851 851 851 851 854 854 856 856 856 858 858 858
    858 858 858 858 858 858 860 860 860 860 860 860 858 858 860 0 851
    851 851 851 851 851 851 851 851 851 851 851 851 851 851 851 851 851
    851 854 854 854 856 858 858 858 858 858 858 858 858 858 858 858 860
    860 860 858 858 858 860 0 851 851 851 851 851 851 851 851 849 849
    849 849 851 851 851 851 851 851 851 851 854 854 856 856 856 856 858
    858 858 858 858 858 858 858 858 860 858 858 858 858 860 0 851 851
    851 851 851 849 849 849 849 849 849 849 851 851 851 851 851 851 851
    851 851 854 854 856 856 856 856 856 856 856 856 856 856 858 858 858
