<?xml version="1.0"?>
<opencv_storage>
<Depth15439 type_id="opencv-matrix">
  <rows>40</rows>
  <cols>24</cols>
  <dt>w</dt>
  <data>
    0 0 0 0 0 0 2467 2450 2450 2450 2450 2432 2432 2467 2467 0 0 0 0 0 0
    0 7492 7492 2450 2432 2432 2432 2450 2450 2450 2450 2432 2432 2415
    2415 2415 2432 2450 0 0 0 0 0 0 0 0 0 2432 2432 2432 2432 2450 2450
    2450 2432 2432 2415 2415 2415 2415 2432 2450 0 0 0 0 0 0 0 0 0 2432
    2432 2432 2432 2415 2415 2415 2415 2415 2415 2415 2415 2415 2415
    2432 2503 0 0 0 0 0 0 0 0 2450 2432 2432 2432 2415 2415 2415 2415
    2415 2415 2415 2415 2415 2415 2432 2503 2522 2541 2579 2598 2598 0 0
    0 2450 2432 2432 2432 2432 2432 2415 2415 2415 2415 2415 2415 2432
    2450 2450 2485 2522 2541 2579 2598 2598 0 0 0 2450 2450 2450 2450
    2450 2450 2432 2432 2432 2432 2432 2432 2432 2450 2450 2485 2522
    2560 2579 2598 2618 0 0 0 2450 2450 2450 2450 2450 2450 2432 2432
    2432 2432 2432 2432 2432 2450 2467 2485 2522 2541 2560 2598 2618 0 0
    0 2450 2450 2450 2450 2450 2450 2450 2432 2432 2432 2432 2432 2432
    2432 2450 2467 2503 2541 2560 2598 2618 0 0 0 2450 2450 2450 2450
    2450 2450 2450 2450 2432 2432 2432 2432 2432 2432 2450 2467 2503
    2522 2541 2579 2618 0 0 0 2450 2450 2450 2450 2450 2450 2450 2432
    2432 2432 2432 2432 2432 2432 2450 2485 2503 2522 2541 2579 2618 0 0
    0 2450 2450 2450 2450 2450 2450 2450 2432 2432 2432 2432 2432 2432
    2432 2450 2467 2485 2503 2541 2579 2639 2639 0 0 2450 2450 2450 2450
    2450 2450 2450 2450 2432 2432 2432 2432 2432 2432 2450 2467 2485
    2503 2560 2598 2639 2639 0 0 2503 2467 2467 2467 2450 2450 2450 2450
    2450 2432 2432 2432 2432 2450 2450 2467 2485 2485 2560 2598 2639
    2639 0 0 2503 2485 2467 2467 2467 2450 2450 2450 2450 2450 2432 2432
    2432 2432 2432 2467 2485 2485 2541 2579 2639 2659 2701 2701 2522
    2485 2467 2467 2467 2450 2450 2450 2432 2432 2432 2432 2432 2432
    2432 2467 2485 2485 2541 2579 2618 2639 2701 2701 5460 2467 2467
    2467 2450 2450 2450 2450 2432 2432 2432 2432 2432 2432 2432 2467
    2485 2485 2522 2598 2618 2639 0 0 5291 2450 2450 2467 2450 2450 2450
    2450 2450 2432 2432 2432 2432 2432 2432 2467 2485 2485 2522 2598
    2618 2639 0 0 5291 2450 2450 2450 2450 2450 2450 2450 2450 2432 2432
    2415 2415 2432 2450 2467 2485 2485 2522 2598 2618 2618 0 0 5374 5374
    2432 2432 2450 2450 2450 2450 2450 2450 2432 2415 2415 2432 2450
    2467 2485 2485 2522 2598 2618 2618 2618 0 5374 5374 2432 2432 2450
    2450 2450 2450 2450 2450 2450 2432 2432 2450 2450 2467 2485 2485
    2522 2579 2598 2598 2618 0 5460 5460 2432 2432 2467 2467 2467 2450
    2450 2450 2450 2432 2432 2432 2450 2467 2467 2485 2541 2579 2598
    2598 2618 0 5548 5548 2467 2467 2467 2467 2450 2450 2450 2450 2450
    2432 2432 2432 2432 2450 2467 2522 2541 2560 2598 2598 0 0 5374 5374
    2467 2467 2467 2467 2450 2450 2450 2450 2450 2432 2432 2432 2432
    2450 2467 2485 2541 2560 2598 2639 2639 0 5374 5374 2467 2467 2467
    2450 2450 2450 2450 2450 2450 2432 2432 2432 2432 2450 2467 2485
    2541 2560 2598 2618 2618 0 5374 5374 2467 2467 2467 2450 2450 2450
    2450 2450 2450 2450 2432 2432 2432 2432 2467 2485 2522 2560 2598
    2618 2618 0 5374 5374 5374 2467 2467 2450 2450 2450 2450 2450 2467
    2450 2432 2432 2432 2432 2467 2485 2522 2560 2598 2618 2618 2659
    5460 5460 5548 2467 2467 2450 2450 2450 2450 2450 2467 2450 2450
    2432 2432 2450 2450 2467 2522 2560 2618 2639 2639 2659 5460 5460
    5548 2467 2467 2467 2450 2450 2450 2450 2467 2467 2450 2450 2450
    2450 2450 2467 2522 2560 2618 2639 2639 2659 5460 5374 5374 2467
    2467 2467 2467 2467 2450 2450 2467 2467 2450 2450 2450 2450 2467
    2485 2503 2541 2618 2639 2639 2659 5460 5374 5374 5374 2450 2450
    2467 2467 2450 2450 2467 2467 2467 2450 2450 2450 2467 2485 2503
    2541 2579 2618 2639 2659 5460 5374 5374 5374 2450 2450 2467 2467
    2467 2467 2467 2467 2467 2450 2450 2450 2467 2467 2522 2522 2560
    2618 2639 2639 5460 5460 5374 5374 2467 2467 2467 2467 2467 2467
    2467 2450 2450 2450 2450 2450 2467 2467 2522 2522 2560 2618 2639
    2639 5460 5460 5374 5374 2467 2467 2467 2450 2450 2450 2450 2450
    2450 2450 2450 2450 2450 2467 2503 2541 2560 2618 2639 2680 5548
    5460 5460 5460 2467 2467 2467 2450 2450 2450 2450 2467 2450 2450
    2450 2450 2450 2467 2467 2522 2560 2618 2639 2659 5548 5548 5548
    5548 5548 2485 2467 2450 2450 2467 2467 2467 2467 2450 2450 2432
    2432 2467 2467 2503 2560 2618 2639 2639 5640 5640 5734 5734 5734
    2485 2467 2467 2467 2450 2450 2467 2467 2450 2450 2432 2432 2450
    2450 2485 2560 2618 2639 2639 5640 5640 5640 5640 5640 2503 2467
    2467 2467 2450 2450 2467 2467 2467 2450 2432 2432 2450 2450 2485
    2560 2618 2639 2639 5734 5640 5548 5460 5460 2503 2485 2467 2467
    2450 2450 2467 2467 2467 2450 2432 2432 2432 2432 2432 2432 0 0 0
    5640 5640 5548 5460 5460 5460 2485 2467 2467 2450 2450 2467 2467
    2467 2450 2432 2432 2432 2432 2432 6753 0 0 0</data></Depth15439>
</opencv_storage>
