<?xml version="1.0"?>
<opencv_storage>
<Depth19200 type_id="opencv-matrix">
  <rows>36</rows>
  <cols>12</cols>
  <dt>w</dt>
  <data>
    3300 3300 3269 3269 3238 3238 3208 3208 3208 3149 3092 3092 3333
    3300 3300 3269 3238 3238 3238 3208 3208 3178 3178 3178 3333 3333
    3333 3300 3269 3269 3238 3238 3208 3208 3208 3238 3365 3365 3365
    3333 3333 3269 3269 3238 3208 3208 3238 2639 3399 3365 3365 3365
    3333 3300 3269 3269 3238 3238 3269 2639 3399 3399 3365 3365 3333
    3333 3300 3300 3300 3300 3300 3269 3433 3433 3365 3365 3365 3333
    3300 3300 3300 3333 3333 3269 3468 3433 3399 3399 3365 3365 3365
    3333 3333 3365 3365 3333 3468 3468 3468 3433 3399 3365 3365 3333
    3333 3365 3365 3365 3503 3503 3503 3468 3433 3433 3399 3365 3365
    3365 3365 3365 3539 3503 3503 3468 3468 3468 3468 3433 3433 3399
    3399 3399 3576 3539 3503 3503 3503 3503 3503 3468 3468 3433 3433
    3433 3576 3539 3539 3503 3503 3503 3503 3503 3468 3468 3468 3468
    3539 3539 3539 3539 3503 3503 3503 3468 3468 3468 3468 3468 3539
    3539 3539 3539 3503 3503 3468 3468 3468 3503 3503 3503 3539 3539
    3576 3539 3539 3503 3468 3468 3503 3503 3503 3503 3576 3576 3576
    3576 3539 3503 3503 3503 3503 3503 3503 3503 3576 3576 3576 3576
    3576 3539 3539 3539 3503 3503 3576 3576 3614 3614 3576 3576 3539
    3539 3539 3539 3539 3539 3576 2908 3653 3614 3576 3576 3539 3539
    3539 3539 3539 3539 3576 2908 3653 3614 3614 3614 3576 3539 3539
    3539 3576 3614 2984 2933 3732 3692 3653 3614 3576 3539 3539 3614
    3614 3653 2984 2984 3816 3774 3732 3653 3614 3539 3539 3614 3653
    3692 2984 2984 3816 3816 3774 3732 3732 3732 3948 3994 3120 3120
    3120 3120 3859 3903 3859 3859 3948 3948 3948 3994 3994 3120 3120
    3120 3903 3948 3948 3948 3948 3948 3994 3994 3994 3948 3149 3149
    3903 3948 3948 3948 3948 3948 3948 3948 3994 3948 3948 3149 3903
    3948 3948 3948 3948 3948 3948 3948 3994 3948 3948 3178 3903 3948
    3948 3948 3948 3903 3903 3903 4089 4089 3208 3178 3948 3948 3948
    3948 3948 3903 3903 3903 4089 4089 3208 3178 3948 3948 3994 3948
    3948 3903 3903 3948 4089 3365 3300 3208 3994 3994 3994 3948 3948
    3859 3859 4041 4190 3365 3333 3333 3994 3994 3948 3948 3948 3859
    3859 4190 4190 3399 3333 3333 3994 3994 3948 3948 3948 3994 3994
    4295 4190 3399 3365 3365 4089 4089 3994 3948 3948 3994 4349 4295
    3503 3399 3365 3365 4190 4139 4041 4041 4349 4349 4405 4349 3503
    3468 3433 3433</data></Depth19200>
</opencv_storage>
