<?xml version="1.0"?>
<opencv_storage>
<Depth0855 type_id="opencv-matrix">
  <rows>11</rows>
  <cols>11</cols>
  <dt>w</dt>
  <data>
    5548 5640 5640 5640 5734 5734 5640 5640 5640 4190 4139 5548 5640
    5640 5640 5734 5734 5640 5640 5640 5548 4139 5548 5640 5640 5832
    5832 5832 5640 5640 5640 5548 5548 5548 5640 5640 5832 5832 5832
    5734 5640 5640 5548 5548 5548 5640 5734 5832 5832 5832 5734 5640
    5640 5640 5640 5734 5734 5832 5832 5832 5832 5734 5640 5640 5640
    5640 5734 5734 5832 5832 5832 5832 5832 5832 5832 5832 5832 5832
    5832 5832 5832 5832 5832 5832 5832 5832 5832 5832 4139 5933 5933
    5933 5933 5832 5832 5933 5734 5734 5734 4041 4041 4041 5933 5933
    5832 5832 5933 5734 5734 5734 4041 4041 4041 4089 5933 5933 5832
    5832 5933 5933 5933</data></Depth0855>
</opencv_storage>
