<?xml version="1.0"?>
<opencv_storage>
<Depth3496 type_id="opencv-matrix">
  <rows>132</rows>
  <cols>144</cols>
  <dt>w</dt>
  <data>
    723 725 725 727 727 727 727 727 728 730 730 731 733 0 0 0 0 0 0 0
    3178 3149 3120 3092 3092 3064 3037 3010 3010 3010 2984 2984 2984
    2984 3010 3064 3092 3092 3092 3092 3064 3064 3064 755 755 755 755
    755 755 755 3010 3037 0 0 0 0 3092 3064 3037 3037 3064 3064 3064
    3037 3037 3037 3037 3037 3037 3037 3037 3037 3037 3037 3037 3037
    3037 3037 3037 3037 3010 3010 3010 3010 3010 3010 3010 3010 2984
    2984 3010 3010 3010 3010 2984 2984 2984 2984 2958 2958 2958 2958
    2958 2958 2933 2933 2933 2933 2933 2933 2933 2933 2933 2933 2933
    2933 2933 2933 2908 2908 2908 2908 2908 2908 2908 2908 2908 2908
    2908 2908 2908 2883 2883 2883 2883 2883 2883 2883 2883 2883 2859
    2859 2859 2859 723 725 725 727 727 727 727 727 728 728 728 731 734 0
    0 0 0 0 0 0 3149 3120 3120 3092 3092 3064 3037 3037 3010 3010 3010
    3010 0 0 0 3092 3092 3092 3064 3064 3064 3064 755 755 755 755 755
    755 755 755 754 754 0 0 0 0 0 3064 3064 3064 3064 3064 3064 3037
    3037 3037 3037 3037 3037 3037 3037 3037 3037 3037 3037 3037 3037
    3037 3037 3037 3010 3010 3010 3010 3010 3010 3010 3010 2984 2984
    3010 2984 2984 2984 2984 2984 2958 2958 2958 2958 2958 2958 2958
    2958 2933 2933 2933 2933 2933 2933 2933 2933 2933 2933 2933 2933
    2933 2908 2908 2908 2908 2908 2908 2908 2908 2908 2908 2908 2908
    2908 2908 2883 2883 2883 2883 2883 2883 2883 2883 2883 2859 2859
    2859 2859 723 725 725 727 727 727 727 727 728 728 728 734 746 0 0 0
    0 0 0 0 3120 3120 3120 3092 3092 3064 3037 3010 2984 2984 3010 0 0 0
    0 0 3092 3092 3064 3064 3064 757 755 754 754 755 754 754 755 755 754
    754 755 0 0 0 0 0 0 3092 3064 3064 3064 3037 3037 3037 3037 3037
    3037 3037 3037 3037 3037 3037 3037 3037 3037 3037 3037 3010 3010
    3010 3010 3010 3010 3010 3010 3010 3010 3010 3010 2984 2984 2984
    2984 2984 2958 2958 2958 2958 2958 2958 2958 2958 2958 2958 2933
    2933 2933 2933 2933 2933 2933 2933 2933 2933 2933 2908 2908 2908
    2908 2908 2908 2908 2908 2908 2908 2908 2908 2908 2908 2883 2883
    2883 2883 2883 2883 2883 2883 2883 2859 2859 2883 2859 723 725 725
    727 727 727 727 727 728 730 733 0 0 0 0 0 0 0 0 0 3120 3120 3120
    3092 3064 3037 3010 3010 2958 2958 0 0 0 0 0 0 0 3092 3064 3064 757
    755 754 754 754 754 754 754 755 755 755 755 755 757 0 0 0 0 0 0 3092
    3064 3064 3037 3037 3037 3037 3037 3037 3037 3037 3037 3037 3037
    3037 3037 3037 3037 3037 3010 3010 3010 3010 3010 3010 3010 3010
    3010 3010 3010 3010 2984 2984 2984 2984 2984 2958 2958 2958 2958
    2958 2958 2984 2958 2958 2958 2933 2933 2933 2933 2933 2933 2933
    2933 2933 2933 2933 2908 2908 2908 2908 2908 2933 2933 2908 2908
    2908 2883 2883 2908 2908 2908 2883 2883 2883 2883 2908 2883 2883
    2883 2883 2859 2859 2859 722 723 725 725 727 727 727 727 728 730 734
    0 0 0 0 0 0 0 0 3178 3120 3120 3092 3092 3064 3037 3010 2958 2958
    2958 0 0 0 0 0 0 0 0 0 3092 754 754 754 752 752 754 754 754 755 755
    755 755 757 757 761 0 0 0 0 0 0 3120 3064 3037 3037 3064 3037 3037
    3037 3037 3037 3037 3037 3037 3037 3037 3037 3037 3037 3010 3010
    3010 3010 3010 3010 3010 3010 3010 3010 3010 3010 3010 3010 3010
    3010 3010 2984 2958 2958 2984 2958 2958 2984 2984 2984 2984 2958
    2958 2958 2933 2933 2933 2933 2933 2933 2933 2933 2908 2908 2908
    2908 2908 2933 2933 2908 2908 2908 2883 2883 2908 2908 2908 2883
    2883 2883 2883 2883 2883 2908 2883 2883 2859 2859 2859 722 723 723
    723 725 725 727 728 728 733 0 0 0 0 0 0 0 0 0 3149 3120 3092 3092
    3064 3037 3010 3010 2933 2933 2933 0 0 0 0 0 0 0 0 0 752 752 754 754
    752 752 754 754 754 754 755 755 755 757 761 761 761 761 0 0 0 3064 0
    3064 3037 3037 3064 3064 3064 3037 3037 3037 3037 3037 3037 3037
    3037 3037 3037 3037 3037 3010 3010 3010 3010 3010 3010 3010 3010
    3010 3010 3010 3010 3010 3010 3010 3010 3010 2984 2984 2958 2958
    2984 2984 2984 2984 2984 2958 2958 2958 2933 2933 2933 2933 2933
    2933 2933 2933 2908 2908 2908 2908 2908 2908 2908 2933 2908 2908
    2883 2883 2908 2908 2908 2908 2883 2883 2883 2883 2883 2883 2883
    2883 2883 2883 2835 722 722 722 722 725 725 727 728 730 0 0 0 0 0 0
    0 0 0 0 3149 3092 3064 3064 3064 3037 3010 2958 2908 2908 2933 0 0 0
    0 0 0 0 0 750 750 750 752 752 752 752 752 752 754 754 755 755 755
    755 757 761 761 761 761 761 761 0 0 3037 3037 3037 3064 3064 3064
    3064 3037 3037 3037 3037 3037 3037 3037 3037 3037 3037 3037 3037
    3037 3037 3010 3010 3037 3010 3010 3010 3010 3010 3010 3010 3010
    3010 3010 3010 2984 2984 2958 2958 2984 2984 2958 2958 2958 2958
    2958 2958 2958 2933 2933 2933 2933 2933 2933 2933 2933 2933 2908
    2908 2908 2908 2908 2908 2908 2908 2908 2883 2883 2908 2908 2908
    2883 2883 2883 2883 2883 2883 2883 2883 2859 2859 2835 722 722 722
    722 725 727 733 733 736 0 0 0 0 0 0 0 0 0 0 3149 3092 3037 3037 3037
    3037 3010 2958 2908 2908 0 0 0 0 0 0 0 0 749 749 750 750 752 752 752
    752 752 752 754 754 754 754 754 755 755 755 757 757 757 757 759 0
    759 0 3092 0 3092 3092 3092 3064 3064 3064 3037 3037 3037 3037 3037
    3037 3037 3037 3037 3037 3037 3037 3010 3010 3037 3010 3010 3010
    3010 3010 3010 3010 3010 3010 3010 3010 3010 2984 2984 2984 2984
    2984 2958 2958 2958 2958 2958 2958 2958 2958 2958 2933 2933 2933
    2933 2933 2933 2933 2908 2908 2908 2908 2908 2908 2908 2908 2908
    2883 2883 2908 2908 2908 2908 2883 2883 2883 2859 2859 2883 2883
    2859 2859 2835 720 720 722 722 725 728 733 733 761 757 757 0 0 0 0 0
    0 0 0 0 3092 3037 3037 3037 3037 3010 2984 2984 0 0 0 0 0 0 0 0 0
    749 749 750 750 750 752 752 752 752 752 754 754 754 754 754 755 755
    755 755 755 757 757 759 759 759 759 0 0 3092 3092 3092 3092 3064
    3064 3037 3037 3037 3037 3037 3037 3037 3037 3037 3037 3037 3037
    3037 3037 3037 3010 3010 3010 3010 3010 3010 3010 3010 3010 3010
    3010 3010 2984 2984 2984 2984 2984 2958 2958 2958 2958 2958 2958
    2958 2958 2933 2933 2933 2933 2933 2933 2933 2933 2908 2908 2908
    2908 2908 2908 2908 2908 2908 2908 2908 2908 2908 2908 2908 2883
    2883 2883 2859 2859 2883 2883 2859 2859 2835 720 720 722 722 727 733
    733 734 755 755 754 754 0 0 0 0 0 0 0 0 0 3037 3037 3037 3037 3037 0
    0 0 0 0 0 0 0 0 0 747 747 749 749 749 750 752 752 752 752 752 754
    754 754 754 754 754 754 754 755 755 757 759 759 759 759 759 0 762 0
    3092 0 3092 3064 3064 3037 3037 3037 3010 3010 3037 3037 3037 3037
    3037 3037 3037 3037 3037 3037 3037 3037 3037 3010 3010 3010 3010
    3010 3010 3010 3010 3010 2984 2984 2984 2984 2984 2984 2958 2958
    2958 2958 2958 2958 2933 2933 2933 2933 2933 2933 2933 2933 2933
    2933 2908 2908 2908 2908 2908 2908 2908 2908 2908 2908 2908 2908
    2908 2908 2908 2883 2883 2883 2883 2883 2883 2883 2859 2859 720 720
    722 723 728 730 734 734 755 755 754 754 754 0 0 0 0 0 0 0 0 0 3037
    3037 3064 0 0 0 0 0 0 0 0 0 0 746 746 747 747 749 749 749 750 750
    750 752 752 754 754 754 754 754 754 754 754 755 755 755 755 757 759
    759 759 762 762 762 0 3092 3092 3092 3064 3037 3037 3037 3010 3010
    3037 3037 3037 3037 3037 3037 3037 3037 3037 3037 3037 3037 3037
    3010 3010 3010 3010 3010 3010 3010 3010 3010 3010 3010 3010 3010
    2984 2984 2984 2958 2958 2958 2958 2933 2933 2933 2933 2958 2933
    2933 2933 2933 2933 2933 2933 2908 2908 2908 2908 2908 2908 2933
    2933 2908 2908 2908 2908 2908 2908 2908 2883 2883 2883 2883 2883
    2883 2883 2859 720 720 722 723 730 730 734 734 759 755 754 754 754
    757 0 0 0 0 0 0 0 0 0 0 0 0 0 0 0 0 0 0 0 744 744 744 746 747 747
    747 749 749 749 749 749 752 752 755 754 754 752 752 754 754 754 755
    755 755 755 757 759 759 761 761 761 761 0 761 0 761 0 3037 3037 3037
    3037 3037 3037 3037 3037 3037 3037 3037 3037 3037 3037 3037 3037
    3037 3037 3037 3010 3010 3010 3010 3010 3010 3010 3010 3010 3010
    3010 3010 2984 2984 2984 2958 2958 2933 2933 2933 2933 2933 2933
