<?xml version="1.0"?>
<opencv_storage>
<Depth7394 type_id="opencv-matrix">
  <rows>47</rows>
  <cols>62</cols>
  <dt>w</dt>
  <data>
    4708 4708 4708 4708 4645 4645 4708 4708 4708 4774 4774 4774 4708
    4708 4842 4842 4842 4842 4911 4911 4983 1873 1873 1863 1863 1863
    4983 4911 4911 4911 4911 4911 4911 4911 4911 4983 4983 4983 4983
    4983 4983 4983 4983 4983 4983 4983 4983 4983 5056 5056 5056 5056
    5056 5056 5056 5056 5056 5056 5056 5056 5056 5056 4645 4708 4708
    4708 4645 4645 4708 4708 4708 4708 4708 4708 4708 4708 4774 4774
    4842 4842 4842 1853 1853 1853 1853 1853 1853 1853 1853 4911 4911
    4911 4911 4911 4911 4911 4911 4983 4983 4983 4983 4983 4983 4983
    4983 4983 4983 4983 4983 4983 5056 5056 5056 5056 5056 5056 5056
    5056 5056 5056 5056 5056 5056 5056 4645 4645 4645 4645 4645 4645
    4645 4645 4645 4645 4645 4645 4708 4708 4774 4774 4911 4911 4911
    1853 1853 1853 1853 1853 1853 1843 1843 1843 4911 4911 4911 4911
    4911 4911 4911 4911 4911 4983 4983 4983 4983 4983 4983 4983 4983
    4983 4983 4983 5056 4983 4983 5056 5056 4983 4983 5056 5056 5056
    5056 5056 5056 5056 4645 4645 4645 4645 4645 4645 4645 4645 4645
    4645 4645 4645 4708 4708 4708 4842 4842 1853 1853 1853 1853 1853
    1853 1853 1853 1843 1843 1843 1843 4911 4842 4842 4911 4911 4911
    4911 4911 4911 4911 4911 4983 4983 4983 4983 4983 4983 4983 4983
    5056 4983 4983 5056 5056 4983 4983 5056 5056 5056 5056 5056 5056
    5056 4645 4645 4645 4645 4645 4645 4645 4645 4645 4645 4645 4645
    4645 4708 4708 4708 1853 1853 1853 1853 1853 1853 1853 1853 1843
    1843 1843 1843 1853 1853 4774 4774 4911 4911 4911 4911 4911 4911
    4911 4911 4911 4911 4983 4911 4911 4911 4911 4983 5056 5056 5056
    5056 5056 5056 5056 5056 5056 5056 5056 5056 5056 5056 4645 4582
    4582 4582 4645 4645 4645 4645 4645 4645 4645 4645 4645 4645 4708
    4708 1853 1853 1853 1853 1853 1853 1843 1843 1843 1843 1843 1843
    1843 1853 1853 4774 4911 4911 4842 4842 4911 4911 4911 4911 4911
    4911 4911 4911 4911 4911 4911 4911 4983 4983 4983 4983 5056 5056
    5056 5056 5056 5056 5056 5056 5056 5056 4582 4582 4582 4582 4645
    4645 4645 4645 4645 4645 4645 4645 4645 4645 4645 1863 1853 1853
    1853 1853 1853 1853 1843 1843 1843 1843 1843 1843 1843 1843 1843
    1863 1863 4911 4842 4842 4911 4911 4911 4911 4911 4911 4911 4911
    4911 4911 4911 4911 4983 4983 4983 4983 4983 5056 5056 5056 5056
    5056 5056 5056 5056 5056 4582 4582 4582 4582 4645 4645 4645 4645
    4645 4645 4645 4645 4645 4645 1863 1863 1853 1853 1853 1853 1853
    1843 1843 1843 1843 1843 1843 1833 1833 1833 1833 1843 1853 1853
    4911 4911 4911 4911 4911 4911 4911 4911 4911 4911 4911 4911 4911
    4911 4983 4983 4983 4983 4983 5056 5056 5056 4983 4983 4983 5056
    5056 5056 4582 4582 4582 4582 4645 4645 4582 4582 4582 4582 4582
    4645 4645 4645 1853 1853 1853 1853 1853 1843 1843 1843 1843 1843
    1843 1843 1833 1833 1833 1833 1833 1833 1843 1843 1843 1843 4911
    4911 4911 4911 4911 4911 4911 4911 4911 4842 4842 4911 4983 4983
    4983 4983 4983 5056 5056 5056 4983 4983 4983 4983 5056 5056 4582
    4582 4582 4582 4645 4645 4582 4582 4582 4582 4582 4645 4645 1853
    1853 1853 1853 1853 1843 1843 1843 1843 1843 1843 1843 1843 1833
    1823 1823 1823 1823 1833 1833 1833 1833 1833 1843 4911 4911 4911
    4842 4842 4911 4911 4911 4842 4842 4842 4983 4983 4983 4983 4983
    5056 4983 4983 4983 4983 4983 4983 5056 5056 4582 4582 4582 4582
    4582 4582 4582 4582 4582 4582 4582 4582 1853 1853 1853 1853 1853
    1853 1843 1843 1843 1843 1843 1843 1843 1843 1833 1823 1823 1823
    1823 1823 1823 1823 1823 1823 1833 1833 4911 4911 4842 4842 4842
    4842 4842 4842 4842 4842 4911 4983 4983 4983 4983 4983 4983 4983
    4983 4983 4983 4983 4983 5056 4582 4582 4582 4582 4582 4582 4582
    4582 4582 4582 4582 1853 1853 1853 1853 1853 1853 1853 1843 1843
    1843 1843 1843 1843 1843 1843 1833 1823 1823 1823 1823 1823 1823
    1813 1813 1813 1823 1843 1843 4911 4842 4842 4774 4774 4842 4842
    4842 4842 4911 4911 4911 4983 4983 4983 4983 4983 4983 4983 4983
    4983 4983 5056 4582 4582 4582 4582 4582 4582 4582 4582 4582 4645
    4645 1853 1853 1853 1853 1853 1853 1853 1843 1843 1843 1843 1843
    1843 1843 1843 1843 1833 1823 1813 1813 1813 1813 1813 1813 1813
    1823 1823 1833 1833 4911 4911 4774 4774 4842 4842 4842 4842 4911
    4911 4911 4911 4983 4983 4983 4983 4983 4983 4983 4983 4983 4983
    4582 4582 4582 4582 4522 4522 4522 4582 4645 1843 1843 1853 1853
    1853 1853 1853 1853 1843 1843 1843 1843 1843 1843 1843 1843 1843
    1843 1833 1823 1813 1813 1813 1813 1813 1813 1813 1813 1823 1813
    1813 1813 4911 4774 4774 4842 4842 4842 4842 4911 4911 4911 4911
    4911 4983 4983 4983 4983 4983 4983 4911 4911 4983 4582 4582 4582
    4582 4522 4522 4522 1853 1843 1843 1843 1853 1853 1853 1853 1853
    1853 1843 1843 1843 1843 1843 1843 1833 1833 1833 1833 1833 1823
    1823 1813 1813 1813 1813 1813 1813 1813 1813 1813 1804 1804 1804
    4842 4842 4842 4842 4774 4774 4842 4842 4842 4842 4911 4911 4911
    4983 4983 4983 4983 4911 4911 4911 4582 4582 4582 4582 4522 4522
    1863 1853 1843 1843 1843 1853 1853 1853 1853 1853 1843 1843 1843
    1843 1843 1843 1833 1833 1823 1823 1833 1833 1833 1823 1813 1813
    1813 1813 1813 1813 1813 1813 1813 1804 1804 1804 4842 4842 4842
    4774 4774 4774 4842 4842 4842 4842 4911 4911 4911 4911 4911 4983
    4983 4983 4983 4911 4522 4582 4582 4582 4582 4582 1853 1843 1843
    1843 1843 1853 1853 1853 1853 1853 1843 1843 1843 1843 1843 1843
    1833 1833 1823 1823 1833 1833 1833 1823 1823 1823 1813 1813 1813
    1813 1813 1813 1804 1804 1804 1813 1813 4911 4911 4774 4774 4774
    4842 4842 4842 4842 4842 4842 4842 4842 4842 4911 4911 4911 4983
    4911 4522 4522 4582 4582 4582 4582 1853 1843 1843 1843 1843 1853
    1853 1853 1853 1843 1843 1843 1843 1843 1843 1833 1833 1833 1823
    1823 1823 1823 1823 1823 1823 1823 1813 1813 1813 1813 1804 1804
    1804 1804 1804 1813 1813 1813 4911 4708 4708 4842 4842 4842 4842
    4842 4842 4842 4842 4842 4842 4911 4842 4842 4911 4911 4463 4463
    4522 4582 1863 1853 1843 1843 1843 1843 1843 1853 1853 1843 1843
    1843 1843 1843 1843 1843 1843 1833 1833 1833 1823 1823 1823 1823
    1823 1823 1813 1813 1813 1813 1813 1813 1804 1804 1804 1804 1804
    1813 1813 1813 1813 4708 4708 4842 4842 4842 4774 4774 4774 4774
    4774 4774 4774 4842 4842 4774 4774 4911 4463 4463 4522 1863 1863
    1843 1843 1843 1833 1833 1843 1843 1843 1843 1843 1843 1843 1843
    1843 1843 1843 1833 1833 1833 1823 1823 1823 1823 1813 1813 1813
    1813 1813 1813 1813 1804 1804 1804 1804 1804 1804 1804 1804 1804
    1804 1804 4842 4842 4842 4842 4774 4774 4774 4774 4774 4774 4774
    4842 4842 4774 4774 4842 4463 4463 4463 1853 1853 1843 1843 1843
    1833 1833 1843 1843 1843 1843 1843 1843 1843 1843 1843 1843 1843
    1833 1833 1833 1823 1823 1823 1813 1813 1813 1813 1813 1813 1813
    1813 1804 1804 1804 1804 1804 1804 1804 1804 1794 1794 1804 1804
    4842 4774 4774 4774 4774 4774 4774 4708 4708 4774 4774 4774 4774
    4774 4842 4463 4463 1853 1843 1843 1843 1843 1843 1833 1833 1833
    1843 1843 1843 1843 1843 1843 1843 1843 1833 1833 1823 1823 1823
    1823 1813 1813 1813 1813 1813 1813 1813 1813 1804 1804 1804 1804
    1804 1804 1804 1804 1804 1804 1794 1794 1794 1794 1794 4774 4774
    4774 4774 4774 4774 4708 4708 4842 4774 4774 4774 4774 4842 1843
    1843 1843 1843 1843 1843 1843 1833 1833 1833 1833 1833 1833 1843
    1843 1843 1843 1843 1833 1823 1823 1823 1823 1823 1813 1813 1813
    1813 1813 1813 1813 1813 1813 1804 1804 1804 1804 1804 1804 1794
    1794 1794 1794 1794 1794 1794 1794 1794 1794 4774 4708 4708 4774
    4774 4708 4708 4708 4774 4774 4774 4774 4842 1843 1843 1843 1843
    1843 1833 1833 1833 1833 1833 1833 1833 1833 1843 1843 1843 1843
    1833 1833 1823 1823 1823 1823 1813 1813 1813 1813 1813 1813 1813
    1813 1813 1813 1804 1804 1804 1804 1804 1794 1785 1785 1785 1785
    1785 1785 1794 1794 1794 1794 1804 4708 4708 4708 4774 4708 4708
