<?xml version="1.0"?>
<opencv_storage>
<Depth2556 type_id="opencv-matrix">
  <rows>48</rows>
  <cols>75</cols>
  <dt>w</dt>
  <data>
    0 0 1365 1365 1354 1354 1354 1354 1354 1354 1354 1354 1354 1354 1359
    1359 4582 4582 4911 4911 4911 4911 4911 4911 4911 4911 4842 4842
    4842 4842 4842 4983 4911 4911 4842 4842 4842 4842 4842 4774 4774
    4774 4842 4774 4774 4708 4708 4708 4708 4708 4645 4645 4645 4645
    4645 4645 4645 4582 4582 4522 4522 4582 4582 4522 4522 4522 4463
    4463 4463 4463 4463 4463 4463 4463 4463 0 0 1365 1365 1359 1354 1349
    1349 1354 1354 1354 1354 1354 1354 1354 1354 1359 1359 1359 1365
    1365 4983 4983 4911 4911 4911 4911 4911 4911 4911 4911 4983 4911
    4911 4911 4911 4911 4911 4911 4842 4842 4842 4842 4842 4774 4708
    4708 4708 4708 4708 4708 4708 4708 4708 4708 4708 4645 4645 4582
    4582 4582 4582 4582 4582 4582 4582 4522 4463 4463 4463 4463 4463
    4463 4463 4463 0 0 0 1365 1354 1354 1349 1349 1354 1354 1349 1349
    1349 1354 1354 1354 1354 1354 1354 1359 1359 1359 1359 1354 1354
    4911 4911 4911 4911 4911 4911 4983 4911 4911 4911 4911 4911 4911
    4911 4911 4842 4842 4842 4842 4774 4774 4774 4774 4774 4774 4708
    4708 4708 4708 4708 4708 4645 4645 4645 4645 4582 4582 4582 4582
    4582 4582 4522 4522 4463 4463 4522 4522 4463 4463 4463 1439 0 0 1365
    1349 1349 1349 1349 1349 1349 1349 1349 1349 1354 1354 1354 1354
    1354 1354 1354 1354 1354 1359 1354 1354 1354 1354 4911 4911 4911
    4911 4983 4911 4911 4911 4911 4911 4911 4911 4911 4911 4911 4911
    4911 4842 4842 4842 4842 4774 4774 4708 4708 4708 4708 4708 4708
    4708 4708 4645 4645 4645 4582 4582 4645 4645 4645 4582 4522 4522
    4522 4522 4522 4522 4522 4463 0 0 0 0 1349 1349 1349 1349 1349 1349
    1349 1349 1349 1349 1349 1349 1349 1349 1354 1354 1354 1354 1354
    1359 1354 1349 1349 1349 4983 4983 4983 4983 4911 4911 4911 4911
    4911 4911 4911 4911 4911 4911 4911 4911 4911 4842 4842 4842 4842
    4842 4774 4774 4774 4774 4774 4708 4708 4708 4708 4645 4645 4645
    4645 4645 4645 4645 4582 4522 4522 4582 4582 4582 4582 4582 4522 0 0
    0 0 1343 1343 1349 1349 1349 1349 1349 1349 1349 1349 1349 1349 1349
    1349 1349 1349 1349 1354 1354 1359 1354 1349 1349 1359 1359 1359
    5056 4983 4983 4911 4911 4911 4983 4983 4983 4983 4983 4911 4911
    4911 4911 4911 4911 4911 4842 4842 4842 4842 4842 4842 4774 4708
    4708 4708 4708 4645 4645 4645 4645 4645 4645 4645 4645 4582 4582
    4645 4582 4582 4582 4582 4582 0 0 0 0 1343 1343 1349 1349 1349 1349
    1349 1349 1349 1349 1349 1349 1349 1349 1349 1349 1349 1354 1354
    1354 1354 1354 1354 1359 1359 1359 1359 1359 1359 1359 4983 4983
    4983 4983 4983 4983 4983 4983 4911 4911 4911 4911 4911 4911 4911
    4842 4842 4842 4842 4842 4774 4774 4708 4708 4708 4708 4708 4645
    4645 4708 4708 4708 4645 4645 4645 4645 4645 4645 4645 4645 4582 0 0
    1343 1343 1343 1343 1343 1349 1349 1349 1349 1343 1343 1349 1349
    1349 1349 1349 1349 1349 1349 1349 1349 1349 1354 1354 1354 1359
    1359 1354 1354 1354 1354 1354 1354 1354 5056 4983 4983 4983 4983
    4983 4911 4911 4911 4911 4911 4911 4911 4911 4911 4911 4911 4842
    4842 4774 4774 4774 4708 4708 4708 4708 4708 4708 4708 4708 4645
    4645 4645 4645 4645 4645 4645 4645 4645 0 0 1338 1338 1343 1343 1343
    1343 1349 1349 1349 1343 1343 1343 1349 1349 1349 1349 1349 1349
    1349 1349 1349 1349 1349 1349 1354 1354 1354 1354 1354 1354 1354
    1354 1354 1354 1349 1349 4983 4983 4983 4983 4911 4911 4911 4911
    4911 4911 4911 4911 4911 4911 4911 4911 4842 4842 4842 4774 4774
    4708 4708 4708 4708 4708 4708 4708 4708 4645 4645 4645 4645 4645
    4645 4645 4645 0 1343 1338 1338 1343 1343 1343 1343 1343 1343 1343
    1343 1343 1343 1349 1349 1343 1343 1343 1349 1349 1349 1349 1349
    1349 1349 1349 1354 1354 1354 1354 1354 1354 1354 1354 1354 1349
    1349 1349 1354 1354 4911 4911 4911 4911 4911 4911 4911 4911 4911
    4911 4911 4911 4911 4911 4911 4842 4842 4842 4774 4774 4774 4774
    4774 4774 4708 4708 4708 4708 4708 4645 4645 4708 4645 4645 1338
    1343 1343 1343 1343 1343 1343 1343 1343 1343 1343 1343 1343 1343
    1343 1343 1343 1343 1343 1349 1349 1349 1349 1349 1349 1349 1349
    1354 1354 1354 1354 1354 1354 1354 1354 1354 1354 1354 1359 1354
    1354 1354 1354 4983 4983 4911 4911 4911 4911 4911 4911 4911 4911
    4911 4911 4842 4842 4842 4842 4842 4842 4842 4774 4774 4774 4708
    4708 4708 4708 4708 4708 4708 4708 4708 4708 1338 1343 1343 1343
    1343 1343 1343 1343 1343 1343 1343 1343 1343 1343 1343 1343 1343
    1343 1343 1349 1349 1349 1349 1349 1349 1349 1349 1354 1354 1354
    1354 1354 1354 1354 1354 1354 1354 1354 1354 1354 1354 1354 1354
    1354 1354 5056 4983 4983 4983 4983 4983 4983 4911 4911 4911 4842
    4842 4842 4842 4842 4842 4842 4842 4842 4842 4774 4708 4708 4708
    4708 4708 4708 4708 4708 4708 1338 1343 1343 1338 1338 1338 1343
    1343 1343 1343 1343 1343 1343 1343 1343 1343 1343 1343 1343 1343
    1349 1349 1349 1343 1343 1343 1343 1349 1354 1354 1354 1354 1354
    1354 1354 1354 1354 1354 1354 1354 1354 1354 1354 1354 1354 1354
    1354 1349 1349 1349 4983 4983 4911 4911 4911 4842 4842 4842 4842
    4911 4842 4842 4842 4842 4842 4774 4774 4708 4708 4708 4774 4774
    4774 4708 4708 1343 1343 1338 1338 1338 1338 1338 1338 1338 1343
    1343 1343 1343 1343 1343 1343 1343 1343 1343 1343 1343 1343 1343
    1343 1343 1343 1343 1349 1349 1354 1354 1349 1349 1349 1349 1354
    1354 1354 1354 1354 1349 1349 1354 1354 1354 1354 1354 1349 1349
    1349 1349 1349 4911 4911 4911 4911 4911 4911 4911 4911 4911 4911
    4911 4911 4911 4842 4774 4774 4774 4774 4774 4774 4774 4774 4774
    1343 1338 1338 1338 1333 1333 1338 1338 1338 1338 1338 1343 1343
    1343 1343 1343 1343 1343 1343 1343 1343 1343 1343 1343 1343 1343
    1343 1349 1349 1349 1349 1349 1349 1349 1349 1349 1349 1349 1349
    1349 1349 1349 1354 1354 1354 1354 1354 1354 1349 1349 1349 1354
    1354 1354 4911 4911 4911 4911 4911 4911 4911 4911 4911 4911 4911
    4842 4842 4774 4774 4774 4774 4774 4774 4774 4774 1343 1338 1338
    1338 1333 1333 1333 1333 1338 1333 1333 1338 1343 1343 1343 1338
    1338 1338 1338 1343 1343 1343 1343 1343 1343 1343 1343 1349 1349
    1349 1349 1349 1349 1349 1349 1349 1349 1349 1349 1349 1349 1349
    1349 1349 1349 1354 1354 1354 1354 1354 1354 1354 1354 1354 1354
    1354 4983 4983 4911 4911 4911 4911 4911 4911 4911 4911 4842 4774
    4774 4774 4774 4774 4774 4774 4774 1338 1343 1338 1338 1333 1333
    1333 1333 1333 1333 1333 1338 1338 1338 1338 1338 1338 1338 1338
    1343 1343 1343 1343 1343 1343 1343 1343 1349 1349 1349 1349 1349
    1349 1349 1349 1349 1349 1349 1349 1349 1349 1349 1349 1349 1349
    1349 1349 1349 1349 1349 1354 1354 1354 1354 1354 1354 1354 1354
    1354 4911 4911 4911 4911 4911 4911 4911 4911 4842 4842 4774 4774
    4774 4774 4774 4774 1338 1343 1343 1343 1338 1338 1338 1338 1333
    1333 1333 1333 1338 1338 1338 1338 1338 1338 1338 1343 1343 1343
    1343 1343 1343 1343 1343 1349 1349 1349 1343 1343 1343 1343 1349
    1349 1349 1349 1349 1349 1349 1349 1349 1349 1349 1349 1349 1349
    1349 1349 1349 1349 1349 1354 1354 1354 1354 1354 1354 1354 1354
    1365 4983 4911 4911 4911 4911 4911 4911 4911 4842 4842 4842 4842
    4842 1343 1343 1343 1343 1343 1343 1338 1338 1333 1333 1333 1333
    1333 1338 1338 1338 1338 1338 1338 1343 1343 1343 1343 1343 1343
    1343 1343 1349 1349 1349 1343 1343 1343 1343 1349 1349 1349 1349
    1349 1349 1349 1349 1349 1349 1349 1349 1349 1349 1349 1349 1349
    1349 1349 1349 1349 1349 1349 1349 1349 1354 1354 1354 1354 1354
    1354 4911 4911 4911 4911 4911 4911 4842 4842 4842 4842 0 1354 1354
    1354 1349 1349 1343 1343 1338 1338 1333 1333 1333 1338 1338 1338
    1338 1338 1343 1343 1343 1343 1343 1343 1343 1343 1343 1349 1349
    1349 1343 1343 1343 1343 1343 1349 1349 1349 1349 1349 1349 1349
    1349 1349 1349 1349 1349 1349 1349 1349 1349 1349 1349 1349 1349
    1349 1349 1349 1349 1349 1349 1354 1354 1354 1354 1354 1354 1354
