<?xml version="1.0"?>
<opencv_storage>
<Depth6548 type_id="opencv-matrix">
  <rows>95</rows>
  <cols>49</cols>
  <dt>w</dt>
  <data>
    0 0 0 0 0 0 0 0 0 0 0 0 0 0 0 0 1077 1077 1077 1077 1073 1070 1070
    1070 1067 1067 1063 1063 1063 1063 1063 1063 1063 1063 1060 1057
    1057 1057 1057 1057 1057 1057 1057 1057 1057 1057 1057 1054 1050 0 0
    0 0 0 0 1087 1087 1080 1080 1080 1080 1080 1084 1080 1077 1077 1077
    1077 1077 1073 1073 1070 1070 1067 1067 1063 1063 1063 1063 1063
    1063 1063 1060 1060 1057 1057 1057 1057 1057 1057 1057 1057 1057
    1057 1057 1057 1054 1050 0 0 0 0 0 1080 1080 1080 1077 1077 1077
    1077 1080 1080 1080 1077 1077 1077 1073 1073 1073 1073 1073 1070
    1067 1063 1063 1063 1063 1063 1063 1063 1063 1060 1060 1060 1057
    1057 1054 1054 1054 1054 1054 1054 1054 1050 1050 1047 1047 0 0 1094
    1094 1087 1080 1080 1080 1077 1077 1077 1077 1077 1077 1077 1077
    1073 1073 1073 1073 1073 1073 1070 1063 1063 1060 1060 1063 1063
    1063 1063 1060 1060 1060 1060 1060 1057 1057 1054 1054 1054 1054
    1050 1050 1050 1047 1047 1047 1044 0 1090 1087 1087 1080 1080 1077
    1077 1077 1077 1077 1073 1073 1077 1077 1077 1073 1073 1073 1073
    1073 1073 1070 1063 1063 1060 1060 1060 1060 1060 1060 1060 1060
    1057 1057 1057 1057 1054 1050 1050 1050 1050 1047 1047 1047 1047
    1044 1044 1044 1097 1090 1087 1084 1077 1077 1077 1077 1077 1077
    1077 1073 1073 1073 1073 1073 1073 1073 1070 1070 1070 1070 1063
    1060 1060 1060 1060 1060 1060 1060 1060 1057 1057 1057 1054 1054
    1054 1050 1050 1050 1050 1047 1047 1047 1047 1044 1044 1041 1041
    1094 1087 1084 1084 1077 1077 1077 1077 1073 1073 1073 1070 1070
    1073 1073 1070 1070 1070 1070 1070 1067 1063 1060 1060 1060 1060
    1060 1060 1060 1060 1057 1057 1057 1054 1050 1050 1050 1047 1047
    1047 1047 1047 1047 1044 1044 1044 1041 1041 1041 1094 1087 1084
    1080 1080 1080 1077 1077 1073 1073 1070 1070 1070 1073 1070 1070
    1070 1067 1067 1067 1067 1060 1060 1060 1060 1060 1060 1060 1057
    1057 1057 1057 1054 1054 1050 1050 1047 1044 1044 1044 1047 1047
    1047 1044 1044 1044 1041 1041 1038 1090 1084 1084 1080 1077 1077
    1077 1073 1070 1070 1070 1070 1070 1070 1070 1070 1070 1067 1063
    1060 1060 1060 1057 1057 1057 1057 1060 1057 1057 1057 1054 1054
    1054 1050 1050 1047 1047 1044 1044 1044 1044 1044 1044 1044 1041
    1041 1041 1038 1034 1090 1084 1080 1080 1077 1077 1073 1073 1070
    1070 1067 1067 1067 1070 1070 1067 1067 1063 1060 1060 1060 1060
    1057 1057 1057 1057 1057 1057 1054 1054 1050 1050 1050 1047 1047
    1047 1044 1044 1044 1044 1044 1044 1041 1038 1038 1038 1038 1038
    1034 1090 1084 1080 1073 1073 1073 1073 1070 1070 1070 1067 1067
    1067 1067 1067 1067 1063 1060 1060 1060 1060 1057 1057 1057 1057
    1057 1057 1054 1054 1050 1050 1050 1047 1047 1044 1044 1044 1044
    1044 1044 1044 1041 1038 1038 1038 1038 1038 1034 1034 1112 1084
    1080 1073 1070 1070 1070 1070 1070 1067 1067 1067 1067 1063 1063
    1063 1060 1060 1060 1057 1057 1057 1057 1057 1057 1057 1054 1050
    1050 1047 1047 1047 1047 1044 1044 1044 1044 1044 1044 1044 1041
    1041 1038 1034 1034 1034 1034 1034 1031 1112 1087 1073 1070 1067
    1067 1067 1067 1067 1067 1063 1063 1063 1063 1063 1060 1060 1060
    1057 1057 1057 1057 1057 1054 1054 1050 1050 1047 1047 1047 1047
    1047 1044 1044 1044 1044 1041 1041 1041 1044 1041 1041 1038 1034
    1034 1034 1034 1031 1031 0 1087 1073 1067 1067 1063 1063 1060 1060
    1060 1057 1057 1057 1060 1060 1060 1060 1057 1057 1057 1054 1054
    1054 1050 1050 1047 1047 1047 1047 1047 1047 1044 1044 1044 1041
    1041 1041 1041 1041 1041 1038 1038 1038 1034 1034 1031 1031 1031
    1031 0 1087 1070 1067 1063 1063 1060 1057 1057 1057 1057 1057 1057
    1060 1057 1057 1057 1057 1057 1054 1054 1050 1050 1050 1047 1047
    1047 1047 1047 1047 1044 1044 1044 1041 1041 1038 1038 1038 1038
    1034 1034 1034 1034 1034 1031 1031 1031 1028 1025 0 1087 1070 1067
    1063 1060 1057 1057 1057 1057 1057 1057 1057 1057 1057 1057 1054
    1054 1050 1050 1047 1047 1047 1047 1047 1044 1044 1044 1044 1044
    1044 1044 1044 1041 1041 1038 1038 1034 1034 1034 1031 1031 1031
    1031 1028 1028 1028 1028 1025 1101 1090 1070 1063 1060 1060 1057
    1057 1057 1057 1057 1057 1057 1057 1057 1054 1050 1050 1050 1047
    1047 1047 1047 1044 1044 1044 1044 1041 1041 1044 1044 1041 1041
    1038 1038 1034 1034 1034 1031 1031 1031 1031 1031 1031 1028 1025
    1025 1025 1022 1101 1094 1070 1063 1060 1060 1057 1057 1057 1054
    1054 1054 1054 1057 1054 1050 1047 1047 1047 1047 1047 1047 1044
    1044 1041 1041 1041 1038 1038 1041 1041 1038 1038 1034 1034 1034
    1034 1034 1031 1031 1031 1031 1031 1028 1028 1025 1022 1022 1022
    1101 1097 1067 1060 1060 1057 1057 1057 1054 1054 1054 1054 1054
    1057 1054 1047 1047 1047 1047 1047 1044 1044 1044 1044 1041 1038
    1038 1038 1038 1038 1038 1038 1034 1034 1031 1031 1031 1031 1028
    1028 1028 1028 1028 1028 1025 1022 1022 1022 1019 1101 1101 1067
    1060 1060 1057 1057 1057 1054 1054 1050 1050 1050 1050 1047 1047
    1047 1047 1047 1044 1044 1044 1044 1041 1041 1038 1038 1034 1034
    1034 1034 1034 1034 1031 1031 1031 1028 1028 1028 1028 1028 1028
    1025 1022 1022 1022 1022 1022 1019 1112 1112 1067 1060 1057 1057
    1054 1054 1054 1047 1047 1047 1047 1047 1047 1047 1047 1044 1044
    1044 1044 1044 1044 1041 1038 1034 1034 1034 1034 1034 1034 1031
    1031 1031 1031 1028 1025 1025 1025 1025 1025 1022 1022 1019 1019
    1019 1019 1019 1016 1115 1115 1067 1057 1054 1054 1054 1050 1050
    1044 1044 1044 1044 1047 1044 1044 1044 1044 1041 1041 1041 1041
    1038 1038 1034 1034 1034 1034 1034 1034 1028 1028 1028 1028 1028
    1028 1025 1025 1022 1022 1022 1022 1019 1019 1019 1016 1016 1016
    1016 0 0 1067 1057 1054 1054 1050 1047 1047 1044 1044 1044 1044 1047
    1044 1044 1044 1041 1038 1038 1041 1038 1038 1034 1034 1031 1031
    1031 1031 1031 1028 1028 1028 1025 1025 1025 1022 1022 1022 1022
    1022 1022 1019 1016 1016 1016 1013 1013 1013 0 0 1060 1057 1054 1050
    1047 1044 1044 1044 1044 1044 1044 1044 1044 1041 1041 1041 1038
    1038 1038 1034 1031 1031 1031 1028 1028 1031 1031 1031 1028 1028
    1028 1025 1025 1025 1022 1022 1022 1022 1019 1019 1016 1013 1013
    1013 1013 1013 1010 0 0 1060 1054 1050 1047 1044 1044 1044 1041 1041
    1041 1041 1044 1041 1041 1038 1034 1034 1034 1034 1031 1031 1031
    1031 1028 1028 1028 1031 1031 1025 1025 1025 1025 1025 1025 1019
    1019 1019 1019 1016 1016 1016 1013 1013 1013 1013 1010 1010 0 0 1057
    1054 1050 1047 1044 1044 1041 1041 1041 1041 1041 1041 1038 1038
    1034 1034 1034 1034 1031 1031 1031 1031 1031 1028 1028 1028 1028
    1028 1025 1022 1022 1019 1019 1019 1019 1019 1019 1019 1016 1016
    1016 1013 1013 1013 1013 1010 1010 0 0 1057 1054 1050 1044 1044 1041
    1041 1041 1041 1041 1041 1041 1034 1034 1034 1034 1031 1031 1031
    1031 1031 1031 1028 1025 1025 1025 1025 1025 1022 1022 1019 1019
    1019 1019 1019 1019 1016 1016 1013 1013 1013 1013 1013 1013 1013
    1010 1010 0 0 0 1054 1047 1041 1041 1041 1041 1041 1041 1041 1041
    1038 1034 1034 1034 1031 1031 1031 1031 1028 1028 1028 1028 1025
    1025 1025 1022 1022 1022 1022 1019 1019 1019 1016 1016 1016 1013
    1013 1010 1010 1010 1010 1010 1010 1010 1007 1007 0 0 0 1054 1044
    1041 1041 1041 1038 1038 1038 1038 1038 1034 1034 1031 1031 1031
    1031 1028 1028 1028 1028 1028 1025 1022 1022 1022 1022 1022 1022
    1022 1019 1019 1016 1016 1013 1013 1010 1010 1010 1007 1007 1007
    1007 1007 1007 1007 1007 0 0 0 1047 1044 1041 1041 1038 1038 1038
    1034 1034 1034 1031 1031 1031 1031 1028 1028 1028 1028 1028 1025
    1025 1022 1022 1022 1022 1019 1019 1019 1019 1019 1019 1016 1013
    1013 1010 1010 1010 1007 1007 1007 1007 1007 1007 1007 1004 1004 0 0
    0 1044 1044 1041 1038 1034 1031 1031 1031 1031 1031 1031 1031 1031
    1031 1028 1025 1025 1025 1025 1022 1022 1022 1022 1019 1019 1019
    1019 1019 1019 1016 1016 1013 1010 1010 1010 1010 1010 1007 1007
