<?xml version="1.0"?>
<opencv_storage>
<Depth18844 type_id="opencv-matrix">
  <rows>15</rows>
  <cols>30</cols>
  <dt>w</dt>
  <data>
    7660 7660 7660 7492 7492 7332 7332 7332 7178 7178 7178 7178 7178
    7178 7178 7030 7030 7030 7030 6889 2789 2789 2767 2767 2744 2744
    2744 2744 2744 2744 7660 7660 7660 7492 7332 7332 7178 7178 7178
    7178 7178 7178 7178 7178 7178 7030 7030 7030 6889 2767 2767 2767
    2767 2767 2744 2744 2744 2744 2744 2744 7660 7660 7660 7492 7332
    7332 2908 2908 2883 2883 2835 2835 2835 2835 2835 2835 2835 2835
    2789 2767 2767 2767 2767 2767 2744 2744 2744 2744 2744 2744 2984
    2984 7492 7492 7332 2883 2883 2908 2883 2883 2835 2835 2835 2835
    2835 2835 2835 2835 2789 2767 2767 2767 2767 2767 2767 2767 2744
    2744 2744 2744 2984 2958 2933 2933 2933 2883 2883 2908 2908 2908
    2859 2859 2835 2835 2835 2835 2835 2835 2812 2789 2789 2767 2767
    2767 2767 2767 2744 2744 2744 2744 2958 2958 2933 2933 2933 2933
    2933 2933 2908 2908 2883 2859 2835 2835 2835 2835 2835 2835 2812
    2789 2789 2767 2767 2767 2767 2767 2767 2767 2767 6622 2958 2958
    2958 2933 2933 2933 2933 2933 2908 2908 2883 2859 2859 2859 2835
    2835 2835 2835 2812 2789 2789 2789 2789 2767 2767 2767 2767 2767
    2767 6497 2984 2958 2958 2933 2933 2933 2933 2933 2908 2908 2883
    2883 2859 2859 2859 2859 2835 2835 2812 2812 2812 2789 2789 2767
    2744 2744 2744 2767 2767 6497 2984 2958 2958 2933 2933 2933 2933
    2933 2883 2883 2883 2883 2883 2859 2859 2859 2835 2835 2812 2812
    2767 2767 2789 2767 2744 2744 2723 2723 2744 2744 2984 2958 2958
    2958 2958 2958 2933 2933 2883 2883 2883 2883 2883 2859 2859 2859
    2835 2835 2789 2767 2744 2744 2744 2767 2744 2744 2723 2723 2723
    2723 2958 2958 2958 2958 2958 2958 2933 2933 2933 2908 2883 2883
    2883 2859 2835 2835 2812 2812 2767 2723 2701 2701 2701 2767 2744
    2744 2723 2723 2226 2226 2958 2958 2958 2958 2958 2958 2958 2933
    2933 2933 2908 2883 2883 2835 2835 2835 2812 2812 2767 2723 2680
    2680 2701 2767 2767 2767 2767 2226 2226 2226 2958 2958 2933 2933
    2958 2958 2958 2958 2958 2933 2933 2883 2883 2835 2835 2835 0 0 2767
    2680 2659 2659 0 2789 2767 2767 2767 2226 2226 2241 7660 8413 2933
    2933 2933 2984 2958 2958 2958 2958 2933 2883 2883 2835 2835 0 0 0 0
    2680 2659 2659 0 0 0 0 0 2226 2226 2241 7660 8212 8413 2933 2933
    3010 2958 2958 2958 2958 2958 2958 2958 0 0 0 0 0 0 0 0 0 0 0 0 0 0
    2256 2241 2241</data></Depth18844>
</opencv_storage>
