<?xml version="1.0"?>
<opencv_storage>
<Depth16725 type_id="opencv-matrix">
  <rows>6</rows>
  <cols>29</cols>
  <dt>w</dt>
  <data>
    5056 5056 5056 5056 4983 4983 4983 4983 5056 5056 5056 5056 4983
    4983 4983 4983 4983 4983 4983 4983 4983 4842 4842 4842 4983 4983
    4983 4983 4983 4983 4983 4983 4911 4911 4983 4983 4983 4983 5056
    5056 5056 4983 4911 4911 4911 4911 4911 4911 4911 4911 4842 4842
    4842 4983 4983 4983 4983 4983 4983 4983 4911 4911 4911 4911 4983
    4983 4983 4983 4911 4911 4911 4842 4842 4911 4911 4911 4911 4911
    4911 4842 4842 4842 4983 4983 4983 4983 4983 4842 4911 4911 4911
    4911 4911 4983 4983 4983 4983 4911 4911 4911 4842 4842 4911 4911
    4983 4911 4911 4983 4983 4983 4983 4983 4983 4983 4983 4983 4774
    4911 4911 4911 4911 4983 4983 4983 4983 4983 4911 4911 4911 4911
    4983 4983 4983 4983 4983 4983 4983 4983 4983 4983 4983 4983 4983
    4983 4983 4774 4983 4983 4983 4983 4983 5056 4983 4983 4983 4911
    4911 4983 4983 4983 4983 4983 4983 4983 4983 4983 4983 5056 5056
    5056 4983 4983 4983 4983</data></Depth16725>
</opencv_storage>
