<?xml version="1.0"?>
<opencv_storage>
<Depth10381 type_id="opencv-matrix">
  <rows>92</rows>
  <cols>47</cols>
  <dt>w</dt>
  <data>
    2398 2398 2415 2415 2415 1173 1173 1177 1177 1185 1177 1173 1173
    1169 1165 1161 1157 1157 1157 1153 1153 1149 1149 1149 1149 1149
    1149 1149 0 0 0 0 0 0 0 2432 2432 2432 2432 2450 2450 2450 2450 2450
    2450 2467 2450 2398 2398 2415 1210 1202 1189 1185 1181 1181 1185
    1181 1177 1173 1169 1165 1161 1157 1157 1157 1157 1153 1149 1149
    1153 1149 1149 1153 1153 1157 1169 0 0 0 2450 2450 2432 2432 2432
    2432 2450 2450 2450 2450 2450 2450 2467 2450 3037 3037 2432 1202
    1197 1193 1185 1185 1185 1185 1181 1177 1173 1169 1169 1165 1161
    1157 1157 1157 1153 1149 1149 1153 1153 1153 1153 1157 1157 1169
    1173 1173 0 2450 2450 2432 2415 2415 2432 2450 2467 2467 2467 2467
    2467 2485 2467 3037 3037 1202 1202 1197 1193 1189 1185 1185 1185
    1181 1177 1177 1173 1169 1169 1165 1161 1157 1157 1153 1153 1153
    1153 1153 1153 1153 1161 1169 1173 1173 1173 1173 1173 2432 2432
    2415 2415 2522 2503 2503 2485 2485 2485 2485 2503 2503 3037 3037
    1202 1202 1197 1197 1193 1185 1185 1181 1181 1177 1177 1173 1169
    1169 1165 1161 1157 1157 1153 1153 1149 1149 1153 1153 1157 1161
    1169 1173 1173 1173 1173 1202 1202 1223 1223 2522 2522 2522 2522
    2503 2503 2503 2503 2522 2522 3037 3037 1202 1202 1197 1197 1193
    1189 1189 1181 1181 1177 1177 1173 1169 1165 1165 1161 1157 1157
    1153 1153 1149 1149 1153 1153 1157 1165 1169 1173 1181 1181 1185
    1202 1214 1223 1223 1227 2522 2522 2522 2522 2522 2522 2522 2522
    2522 3037 1214 1202 1202 1197 1197 1193 1189 1189 1185 1185 1181
    1173 1173 1169 1165 1165 1161 1157 1157 1153 1153 1149 1149 1149
    1153 1157 1165 1169 1177 1185 1197 1197 1206 1214 1223 1227 1227
    2522 2522 2522 3333 3300 3300 3333 2522 2522 1219 1214 1210 1206
    1202 1197 1193 1189 1189 1185 1185 1181 1173 1173 1169 1165 1165
    1161 1157 1157 1153 1149 1149 1149 1149 1153 1161 1165 1169 1177
    1189 1202 1202 1210 1214 1223 1227 1241 1241 2560 2560 3333 3333
    3333 3365 3365 3365 1219 1214 1210 1206 1202 1197 1193 1193 1189
    1185 1185 1181 1177 1173 1169 1165 1161 1157 1157 1157 1153 1149
    1149 1149 1149 1153 1161 1165 1173 1181 1189 1197 1197 1206 1219
    1227 1232 1241 1250 1259 1259 3365 3365 3365 3365 3365 3365 1219
    1214 1214 1210 1206 1202 1197 1193 1189 1185 1185 1181 1177 1173
    1169 1165 1161 1157 1157 1157 1153 1153 1153 1153 1153 1153 1161
    1165 1173 1181 1189 1197 1197 1206 1214 1236 1241 1250 1250 1259
    1259 1259 3399 3399 3365 3365 3365 1219 1214 1214 1210 1206 1202
    1197 1193 1185 1185 1185 1185 1177 1173 1169 1169 1165 1161 1157
    1157 1153 1153 1153 1153 1153 1157 1161 1165 1177 1185 1189 1197
    1197 1206 1214 1236 1241 1250 1255 1259 1259 1259 3399 3399 3365
    3365 3365 1219 1214 1214 1210 1206 1202 1197 1193 1185 1185 1185
    1185 1181 1177 1173 1169 1169 1165 1161 1157 1153 1153 1153 1153
    1153 1157 1161 1169 1185 1189 1189 1193 1202 1210 1219 1227 1241
    1250 1255 1259 1259 1259 3399 3399 3365 3365 3365 1219 1214 1210
    1206 1206 1202 1197 1197 1189 1185 1185 1185 1181 1177 1173 1169
    1169 1165 1161 1157 1153 1149 1149 1153 1153 1157 1165 1173 1185
    1189 1193 1193 1206 1210 1219 1223 1236 1245 1255 1259 1259 1259
    1307 1307 1307 1307 3365 1214 1214 1210 1206 1206 1202 1197 1197
    1189 1185 1185 1185 1181 1177 1173 1169 1169 1169 1161 1157 1153
    1149 1149 1153 1153 1157 1169 1177 1181 1189 1193 1193 1206 1214
    1219 1223 1236 1241 1250 1259 1264 1273 1278 1302 1307 1307 3399
    1214 1214 1214 1210 1206 1202 1197 1193 1189 1185 1185 1185 1181
    1177 1173 1169 1169 1165 1161 1157 1157 1153 1153 1153 1153 1157
    1169 1177 1181 1185 1193 1193 1210 1214 1223 1227 1236 1241 1250
    1259 1268 1273 1278 1292 1302 1302 1302 1214 1214 1214 1210 1206
    1202 1197 1193 1189 1185 1185 1181 1181 1173 1173 1169 1169 1165
    1161 1157 1153 1149 1149 1153 1153 1157 1169 1177 1181 1185 1193
    1193 1210 1214 1223 1227 1236 1245 1255 1264 1268 1273 1278 1288
    1297 1297 0 1214 1214 1214 1210 1202 1202 1197 1189 1189 1185 1185
    1181 1177 1173 1173 1169 1165 1161 1157 1157 1153 1149 1149 1153
    1153 1157 1165 1177 1181 1185 1193 1197 1210 1214 1223 1232 1236
    1245 1255 1264 1268 1273 1283 1288 1297 1297 1302 1219 1219 1210
    1210 1202 1202 1197 1189 1185 1185 1185 1181 1177 1173 1173 1169
    1165 1161 1157 1157 1153 1153 1153 1153 1153 1157 1165 1177 1181
    1185 1193 1197 1206 1210 1227 1232 1236 1250 1259 1264 1268 1278
    1288 1292 1297 1302 1302 1219 1219 1210 1210 1206 1202 1197 1189
    1185 1185 1185 1181 1177 1173 1173 1169 1165 1161 1157 1157 1153
    1153 1153 1153 1153 1157 1169 1177 1181 1189 1197 1202 1206 1206
    1227 1232 1241 1250 1259 1264 1273 1278 1292 1297 1297 1297 1302
    1219 1219 1214 1210 1206 1202 1202 1189 1185 1185 1185 1185 1177
    1173 1173 1169 1169 1161 1157 1157 1153 1153 1153 1153 1153 1157
    1169 1177 1181 1189 1193 1202 1206 1206 1227 1232 1236 1250 1259
    1264 1273 1278 1292 1297 1297 1297 1302 1236 1219 1214 1210 1206
    1202 1197 1189 1185 1185 1185 1185 1181 1177 1173 1169 1169 1165
    1161 1157 1157 1153 1153 1153 1157 1157 1169 1177 1181 1185 1189
    1197 1206 1214 1227 1236 1236 1250 1259 1268 1278 1278 1288 1292
    1297 1302 1307 1236 1232 1210 1210 1202 1202 1197 1189 1185 1185
    1185 1185 1181 1177 1173 1169 1169 1169 1165 1161 1157 1153 1153
    1153 1153 1157 1169 1173 1181 1185 1189 1197 1206 1219 1227 1232
    1241 1245 1259 1268 1278 1278 1288 1292 1297 1302 1302 1214 1210
    1210 1206 1202 1197 1197 1189 1185 1185 1185 1185 1181 1177 1173
    1173 1169 1169 1165 1161 1157 1153 1153 1153 1153 1165 1169 1173
    1181 1185 1189 1197 1210 1223 1227 1232 1241 1245 1255 1268 1278
    1283 1288 1292 1297 1302 1302 1214 1214 1210 1206 1202 1197 1197
    1189 1185 1185 1185 1185 1181 1177 1173 1173 1169 1169 1165 1161
    1157 1153 1153 1153 1157 1165 1169 1173 1181 1189 1193 1197 1210
    1223 1227 1232 1241 1245 1255 1268 1278 1283 1288 1297 1302 1307
    1307 1214 1214 1210 1206 1202 1197 1197 1189 1185 1185 1185 1185
    1185 1177 1173 1173 1169 1169 1165 1161 1157 1153 1153 1153 1157
    1165 1169 1173 1177 1189 1193 1197 1206 1219 1232 1232 1241 1245
    1259 1264 1273 1283 1292 1297 1297 1307 1307 1219 1214 1210 1206
    1202 1202 1197 1193 1185 1185 1185 1185 1185 1177 1177 1173 1169
    1169 1165 1161 1157 1157 1153 1153 1153 1165 1169 1177 1177 1189
    1193 1197 1206 1219 1232 1232 1241 1245 1259 1264 1273 1283 1292
    1297 1297 1302 1302 1219 1214 1214 1210 1202 1202 1197 1193 1189
    1185 1185 1185 1185 1177 1177 1173 1169 1169 1165 1161 1157 1153
    1153 1153 1153 1161 1169 1177 1181 1185 1193 1193 1206 1219 1232
    1232 1241 1250 1259 1268 1278 1283 1288 1292 1297 1302 1307 1214
    1214 1214 1210 1202 1202 1197 1193 1189 1185 1185 1185 1185 1177
    1177 1173 1169 1169 1165 1161 1157 1153 1153 1153 1153 1161 1169
    1177 1181 1185 1193 1193 1202 1214 1232 1232 1241 1250 1259 1268
    1278 1283 1288 1292 1297 1302 1307 1214 1214 1214 1210 1202 1202
    1197 1197 1189 1185 1185 1185 1185 1177 1177 1173 1169 1169 1161
    1157 1157 1153 1153 1153 1153 1161 1169 1173 1181 1185 1189 1197
    1202 1214 1227 1236 1241 1250 1259 1268 1278 1283 1288 1297 1302
    1307 1312 1214 1214 1214 1210 1206 1202 1197 1197 1189 1185 1185
    1185 1185 1181 1173 1173 1169 1165 1161 1157 1157 1153 1153 1153
    1157 1161 1169 1173 1181 1185 1189 1197 1202 1214 1227 1236 1241
    1250 1259 1268 1278 1283 1288 1297 1302 1307 1307 1214 1214 1210
    1210 1202 1202 1202 1197 1189 1185 1185 1185 1185 1181 1173 1173
    1169 1165 1161 1157 1157 1153 1153 1153 1157 1161 1169 1173 1177
    1185 1189 1197 1206 1214 1223 1232 1236 1245 1259 1268 1273 1283
    1288 1297 1302 1307 1307 1214 1214 1210 1210 1202 1202 1197 1197
    1189 1185 1185 1185 1185 1177 1173 1173 1169 1165 1161 1157 1157
