<?xml version="1.0"?>
<opencv_storage>
<Depth15322 type_id="opencv-matrix">
  <rows>56</rows>
  <cols>44</cols>
  <dt>w</dt>
  <data>
    3903 3903 3903 3903 3903 3903 3903 3994 3994 1776 1776 1766 1757
    1739 1739 1739 1739 1731 1731 1731 1713 1713 1713 1705 1705 1705
    1705 1705 1705 1713 1722 1731 1722 1722 1757 1757 1785 4089 4089
    4089 4089 4089 4089 4089 3903 3903 3903 3903 3903 3948 3948 3994
    3994 1766 1757 1748 1748 1748 1739 1739 1739 1731 1731 1731 1713
    1713 1713 1705 1705 1705 1705 1705 1705 1713 1713 1731 1722 1722
    1757 1757 1785 1785 4089 4089 4089 4089 4089 4089 3903 1804 1794
    1794 1794 1785 1766 1766 1766 1757 1757 1748 1748 1748 1739 1739
    1731 1722 1722 1722 1722 1722 1713 1713 1705 1705 1705 1705 1705
    1713 1713 1731 1731 1757 1757 1776 1785 1785 4089 4089 4089 4089
    4089 4089 1794 1794 1794 1785 1785 1785 1766 1766 1766 1757 1757
    1748 1748 1748 1739 1739 1731 1722 1722 1722 1722 1722 1722 1713
    1713 1705 1705 1705 1705 1713 1722 1731 1748 1757 1757 1776 1785
    1785 4089 4089 4089 4089 4089 4089 1794 1785 1785 1785 1785 1785
    1776 1776 1766 1757 1757 1748 1748 1748 1739 1739 1739 1731 1731
    1731 1722 1722 1713 1713 1705 1705 1705 1705 1705 1713 1722 1731
    1739 1757 1757 1766 1785 1785 1794 4089 4041 4041 4089 4089 1794
    1785 1785 1785 1785 1785 1785 1776 1776 1766 1757 1748 1748 1748
    1739 1739 1739 1731 1731 1731 1722 1722 1713 1713 1705 1705 1705
    1705 1713 1722 1722 1731 1739 1757 1757 1766 1785 1785 1794 1794
    4041 4041 4041 4089 1794 1785 1785 1785 1785 1785 1785 1776 1766
    1757 1748 1748 1748 1748 1748 1748 1739 1739 1731 1731 1722 1722
    1713 1713 1705 1705 1705 1705 1713 1722 1722 1739 1748 1757 1757
    1766 1785 1785 1794 1794 3994 3994 4041 4089 1794 1785 1785 1785
    1785 1785 1776 1776 1766 1757 1748 1748 1748 1748 1748 1748 1748
    1748 1739 1731 1722 1722 1713 1713 1705 1705 1705 1705 1713 1713
    1722 1739 1748 1757 1757 1766 1785 1785 1785 3994 3994 3994 4041
    4089 1785 1794 1785 1785 1785 1785 1776 1776 1766 1757 1757 1748
    1748 1748 1748 1748 1748 1748 1739 1739 1731 1722 1713 1713 1713
    1713 1705 1705 1713 1713 1722 1739 1739 1748 1757 1766 1785 1785
    1785 3948 3948 3994 4089 4089 1785 1794 1785 1785 1785 1776 1776
    1776 1766 1766 1766 1757 1757 1748 1748 1748 1748 1748 1739 1739
    1731 1731 1722 1713 1713 1713 1713 1705 1705 1713 1722 1739 1739
    1748 1766 1766 1785 1785 3948 3948 3948 4041 4089 4089 1804 1804
    1794 1785 1785 1776 1776 1776 1766 1766 1776 1766 1766 1748 1748
    1748 1748 1739 1739 1739 1731 1731 1722 1713 1713 1713 1713 1705
    1705 1713 1722 1739 1739 1748 1757 1776 1785 1785 1785 4089 4089
    4089 4089 4089 1813 1804 1794 1785 1785 1785 1776 1776 1776 1776
    1776 1766 1766 1757 1748 1748 1748 1739 1739 1731 1731 1731 1722
    1713 1713 1713 1713 1705 1705 1713 1722 1739 1739 1748 1757 1776
    1785 1785 1785 4139 4139 4089 4089 4139 1813 1813 1804 1785 1785
    1785 1776 1776 1776 1776 1776 1766 1766 1757 1748 1748 1748 1739
    1739 1731 1731 1731 1722 1722 1713 1713 1705 1705 1705 1713 1731
    1739 1739 1748 1757 1776 1785 1785 1785 4089 4089 4089 4089 4139
    1804 1813 1804 1785 1785 1785 1785 1785 1785 1776 1776 1766 1748
    1748 1748 1748 1748 1739 1739 1739 1739 1731 1722 1722 1722 1713
    1705 1705 1705 1713 1731 1739 1739 1757 1757 1776 1785 1785 1794
    1794 4089 4089 4089 4139 1804 1804 1804 1794 1785 1785 1785 1785
    1776 1776 1776 1766 1748 1748 1757 1748 1748 1748 1739 1739 1739
    1731 1722 1722 1722 1713 1713 1713 1713 1713 1722 1731 1739 1757
    1757 1776 1785 1785 1794 3948 3948 4089 4089 4139 1804 1804 1794
    1794 1794 1785 1785 1776 1776 1776 1776 1766 1766 1757 1757 1748
    1748 1748 1739 1739 1731 1731 1722 1722 1722 1713 1713 1713 1713
    1713 1722 1731 1739 1748 1757 1776 1785 1785 1785 3903 3903 4089
    4089 4139 1804 1804 1794 1794 1794 1785 1785 1776 1776 1776 1776
    1766 1766 1757 1757 1748 1748 1748 1739 1739 1731 1731 1722 1722
    1722 1713 1713 1713 1713 1713 1731 1739 1739 1739 1757 1776 1785
    1785 1794 3903 3903 4041 4089 4139 1813 1804 1794 1794 1794 1785
    1785 1785 1776 1776 1776 1766 1766 1757 1757 1757 1748 1748 1739
    1739 1731 1731 1722 1713 1713 1713 1713 1705 1705 1713 1731 1739
    1739 1739 1757 1776 1785 1785 1794 1794 4041 4041 4089 4139 1813
    1804 1794 1794 1794 1785 1785 1785 1785 1776 1776 1776 1776 1766
    1757 1757 1748 1748 1739 1739 1739 1731 1722 1713 1713 1713 1713
    1705 1705 1722 1722 1731 1739 1739 1757 1766 1785 1785 1794 1794
    4041 4041 4089 4139 1813 1804 1794 1794 1785 1785 1785 1785 1785
    1785 1776 1776 1776 1766 1757 1748 1748 1748 1748 1739 1739 1739
    1731 1722 1722 1713 1713 1713 1713 1722 1722 1731 1739 1748 1757
    1766 1785 1785 1794 1794 1794 4139 4139 4139 1823 1813 1794 1794
    1785 1785 1785 1785 1785 1785 1776 1776 1776 1766 1757 1748 1748
    1748 1748 1748 1739 1739 1739 1731 1722 1713 1713 1713 1713 1722
    1722 1731 1739 1748 1757 1766 1785 1785 1794 1794 1794 4139 4139
    4139 3774 1813 1794 1794 1785 1785 1785 1785 1785 1776 1776 1776
    1776 1776 1757 1757 1748 1748 1748 1748 1739 1739 1739 1731 1722
    1713 1713 1713 1713 1722 1722 1731 1739 1739 1757 1766 1785 1785
    1785 1794 4089 4089 4139 4139 3774 1813 1804 1794 1785 1785 1785
    1785 1785 1776 1776 1776 1776 1766 1766 1757 1757 1748 1748 1748
    1739 1739 1731 1731 1722 1722 1713 1713 1713 1713 1713 1731 1731
    1739 1757 1766 1785 1785 1785 1794 4089 4089 4139 4139 3774 3774
    1813 1794 1794 1785 1785 1785 1785 1776 1776 1776 1776 1766 1766
    1766 1757 1757 1748 1748 1739 1739 1731 1731 1722 1722 1713 1713
    1713 1713 1713 1722 1731 1739 1757 1766 1785 1785 1794 1794 1804
    4139 4139 4139 3816 1833 1823 1804 1794 1785 1785 1785 1785 1776
    1776 1776 1776 1766 1766 1766 1757 1757 1748 1748 1748 1739 1739
    1731 1731 1722 1713 1713 1705 1705 1713 1713 1722 1739 1757 1766
    1785 1785 1794 1794 1804 1804 4190 4139 3859 1833 1823 1813 1804
    1794 1785 1785 1785 1785 1785 1785 1776 1766 1766 1766 1757 1757
    1748 1748 1748 1739 1739 1731 1722 1722 1713 1713 1705 1705 1713
    1713 1722 1739 1757 1766 1776 1785 1794 1794 1794 1794 4190 4139
    3903 1823 1813 1813 1804 1794 1785 1785 1785 1785 1785 1785 1776
    1766 1766 1766 1757 1757 1748 1748 1748 1739 1739 1731 1722 1722
    1713 1713 1705 1705 1713 1713 1722 1739 1757 1766 1776 1785 1794
    1794 1794 1794 4190 4139 3859 1813 1813 1804 1804 1794 1794 1785
    1785 1785 1785 1785 1776 1776 1776 1766 1766 1757 1757 1757 1748
    1748 1748 1739 1739 1722 1722 1713 1713 1713 1713 1713 1722 1739
    1748 1757 1776 1785 1794 1794 1794 1794 4139 4139 3859 1813 1813
    1804 1804 1804 1794 1794 1785 1785 1785 1785 1776 1776 1776 1766
    1766 1766 1757 1757 1748 1748 1748 1739 1739 1722 1722 1713 1713
    1713 1713 1713 1722 1731 1748 1757 1776 1785 1785 1794 1794 1794
    4139 4139 3859 3859 1813 1813 1804 1804 1794 1794 1785 1785 1785
    1776 1776 1776 1776 1766 1766 1748 1748 1757 1748 1748 1748 1739
    1739 1731 1722 1722 1722 1713 1713 1722 1722 1731 1748 1757 1776
    1785 1785 1794 1794 1794 4139 4139 3859 3859 1813 1813 1804 1804
    1794 1794 1785 1785 1785 1776 1776 1766 1766 1766 1766 1748 1748
    1757 1748 1748 1748 1739 1739 1731 1722 1722 1722 1713 1713 1722
    1722 1731 1757 1766 1776 1785 1794 1794 1804 1804 4139 4139 3732
    3732 1813 1813 1813 1794 1794 1794 1785 1785 1785 1776 1776 1766
    1766 1766 1766 1757 1757 1748 1748 1748 1748 1748 1739 1731 1722
    1722 1722 1722 1722 1722 1722 1739 1757 1766 1776 1785 1794 1794
    1804 1804 4139 4139 3692 3692 1813 1813 1813 1794 1794 1794 1785
    1785 1785 1776 1776 1776 1776 1766 1766 1757 1757 1748 1748 1748
    1748 1748 1739 1731 1722 1722 1722 1722 1722 1722 1731 1739 1757
    1766 1776 1785 1794 1794 1804 1804 4139 4139 3692 3692 1813 1813
    1813 1804 1804 1794 1794 1785 1785 1776 1776 1776 1776 1776 1766
    1757 1757 1748 1748 1748 1748 1748 1739 1739 1731 1722 1722 1722
