<?xml version="1.0"?>
<opencv_storage>
<Depth5020 type_id="opencv-matrix">
  <rows>9</rows>
  <cols>6</cols>
  <dt>w</dt>
  <data>
    7030 7030 7030 7030 6622 6497 6889 7030 7030 7030 6889 6889 6889
    7030 6889 6889 6889 6889 6889 7030 6889 6889 7030 6889 6889 7030
    7030 7030 7030 6889 6889 7030 7030 7030 7178 6889 6889 6889 6889
    6889 7178 7178 6753 6753 6889 6889 7030 7030 6753 6753 6497 6497
    6889 7030</data></Depth5020>
</opencv_storage>
