<?xml version="1.0"?>
<opencv_storage>
<Depth19303 type_id="opencv-matrix">
  <rows>74</rows>
  <cols>62</cols>
  <dt>w</dt>
  <data>
    1873 1873 1863 1025 1022 1022 1022 1022 1031 1031 1031 1034 1034
    1034 0 0 0 0 0 978 975 970 967 964 959 956 951 948 943 940 938 935
    933 930 925 923 918 915 913 908 901 896 894 889 885 882 878 875 871
    871 867 864 862 858 851 849 845 843 843 843 843 847 1883 1873 1863
    1025 1022 1022 1022 1022 1028 1031 1031 1031 998 998 0 0 0 0 0 978
    975 973 967 964 959 956 954 948 946 943 940 933 928 928 925 923 918
    913 910 906 901 896 894 889 887 885 885 875 875 869 867 864 862 860
    851 851 845 843 843 845 847 849 1894 1873 1034 1025 1022 1022 1022
    1019 1013 1010 1010 1010 998 998 998 998 998 995 992 978 975 975 970
    967 962 959 956 951 946 943 940 930 925 925 923 920 918 910 906 903
    898 896 894 889 887 885 882 875 875 869 867 864 862 860 851 851 845
    843 843 847 849 851 1894 1883 1034 1028 1028 1022 1022 1019 1013
    1010 1007 1004 998 998 998 998 998 995 989 981 978 975 973 967 964
    962 956 951 946 943 940 930 925 925 923 920 918 910 906 903 898 894
    894 889 887 885 880 878 873 869 867 864 862 860 856 851 847 843 843
    849 849 851 1904 1883 1034 1031 1028 1022 1019 1016 1013 1010 1007
    1004 1001 1001 1001 998 998 995 989 984 981 978 973 967 964 962 956
    954 946 943 940 933 928 925 925 923 918 910 908 908 906 894 894 889
    887 882 880 878 873 871 869 867 864 860 858 851 849 847 847 847 851
    851 1894 1047 1038 1031 1031 1022 1019 1016 1013 1010 1007 1007 1007
    1001 1001 1001 1001 998 989 987 984 978 970 964 964 962 956 954 946
    943 938 935 933 928 925 925 920 913 908 908 906 896 894 889 887 882
    880 878 875 871 871 871 869 862 860 854 851 849 847 847 851 851 1054
    1047 1044 1038 1025 1022 1019 1016 1013 1010 1010 1010 1007 1007
    1007 1004 1004 1001 989 987 987 978 967 964 962 959 956 954 946 940
    938 935 933 928 928 925 923 918 913 908 906 896 894 889 887 885 882
    880 875 875 875 869 867 862 860 854 851 851 851 851 854 854 1054
    1047 1047 1044 1025 1025 1022 1022 1013 1010 1010 1010 1010 1010
    1010 1007 1007 1004 1001 992 981 975 967 964 962 959 956 954 948 940
    940 935 933 930 928 925 923 918 913 910 903 898 896 891 889 887 885
    882 878 878 875 869 867 862 858 854 854 854 854 856 858 858 1883
    1047 1047 1044 1034 1028 1025 1025 1019 1010 1010 1013 1013 1013
    1013 1007 1007 1007 1001 998 981 970 967 964 962 959 956 954 948 940
    940 933 930 928 925 925 923 918 915 910 901 898 896 891 889 887 885
    885 880 880 878 873 871 862 858 854 854 854 854 858 860 860 1047
    1047 1047 1044 1038 1034 1028 1019 1019 998 995 989 987 984 984 984
    984 981 978 978 973 970 967 964 962 959 956 954 948 943 943 933 930
    928 925 923 920 915 915 913 901 898 896 891 889 887 887 885 882 880
    878 875 871 867 860 854 854 854 856 860 860 860 1947 1047 1047 1044
    1041 1041 1025 1013 1001 998 992 989 987 984 984 981 981 978 975 975
    970 967 964 962 962 956 954 954 948 943 940 935 933 928 925 923 918
    915 915 913 903 898 896 894 891 887 887 885 885 885 880 875 871 867
    860 856 856 856 856 860 862 862 1936 1050 1047 1047 1044 1044 1025
    1007 998 995 989 987 987 984 981 981 978 978 973 967 967 964 962 959
    959 956 954 951 948 946 940 935 933 928 925 923 918 915 913 913 903
    901 896 894 891 887 887 885 885 885 882 878 873 869 862 858 856 856
    856 860 862 862 1936 1050 1047 1047 1044 1041 1028 1007 998 995 989
    987 987 984 981 975 970 967 962 959 959 959 959 956 956 954 951 951
    948 946 940 935 933 928 925 923 918 915 913 910 903 901 896 894 894
    889 887 887 887 887 887 882 873 869 862 860 858 856 856 856 864 864
    1936 1050 1047 1047 1044 1041 1038 1031 998 995 989 987 987 981 978
    973 967 967 962 959 959 959 959 956 956 954 951 951 948 946 943 938
    933 930 928 923 920 915 913 910 903 901 898 896 894 891 891 889 887
    887 889 882 873 867 862 858 858 856 856 856 867 867 1959 1047 1047
    1047 1044 1041 1038 1034 1034 992 989 987 984 981 973 967 967 964
    964 962 962 959 959 956 956 956 954 951 948 946 943 938 933 933 930
    928 925 920 915 913 908 903 898 896 894 891 891 891 889 889 880 875
    871 864 862 858 858 860 860 869 869 869 1993 1993 1047 1047 1044
    1041 1038 1034 1034 992 989 987 981 981 973 967 964 964 964 1028 962
    959 959 959 956 956 954 951 951 948 943 940 935 933 930 925 923 920
    918 915 910 903 901 898 896 894 894 889 887 882 878 873 871 862 860
    860 860 860 862 867 869 869 1993 1993 1050 1047 1044 1041 1034 1034
    1034 992 989 984 981 981 1047 1044 964 964 1028 1025 962 962 962 962
    959 956 954 954 951 948 943 940 935 933 930 925 923 920 920 915 910
    908 903 898 896 894 894 889 885 882 878 873 869 862 860 860 860 860
    862 867 869 869 2005 1993 1050 1047 1044 1038 1034 1034 1034 992 989
    984 984 1044 1044 1041 1041 1034 1028 1025 962 962 964 962 962 959
    956 954 951 948 943 943 938 933 930 925 923 920 918 915 910 908 903
    898 896 894 891 887 885 882 878 873 869 864 862 862 862 862 862 867
    869 869 2040 2005 1050 1047 1044 1038 1034 1034 1034 1034 989 989
    1047 1041 1041 1034 1034 1031 1025 1025 962 962 964 964 964 962 956
    954 954 948 943 943 938 933 930 925 923 920 918 913 910 908 903 898
    896 894 891 887 882 882 878 875 869 867 862 862 862 862 862 869 869
    871 2090 2005 2005 1047 1044 1041 1034 1034 1034 1050 1050 1050 1047
    1041 1041 1031 1031 1028 1022 1019 1010 967 967 964 964 962 959 956
    954 948 943 943 938 933 930 928 923 920 918 913 910 908 903 901 896
    894 894 887 882 882 880 878 869 869 864 862 862 862 864 869 871 871
    2090 2028 2028 1047 1044 1041 1034 1034 1034 1050 1047 1047 1047
    1041 1041 1031 1031 1025 1022 1019 1010 1010 973 970 967 964 959 956
    954 948 946 943 940 935 930 930 925 923 918 915 910 908 903 901 896
    894 894 887 882 882 880 878 871 869 864 862 862 862 862 869 873 873
    2090 2078 2078 1047 1044 1044 1038 1038 1038 1050 1047 1047 1047
    1044 1041 1034 1031 1025 1022 1013 1010 989 975 973 970 964 962 956
    951 948 946 943 940 935 930 930 928 923 920 915 913 910 903 901 896
    896 894 889 885 885 882 875 871 869 867 862 862 862 862 869 875 878
    2103 2103 2103 1047 1047 1044 1038 1038 1038 1041 1050 1050 1047
    1047 1044 1034 1031 1025 1022 1013 1007 989 975 973 967 964 962 956
    951 948 946 943 940 935 930 930 928 923 920 915 913 910 903 901 896
    896 894 889 885 885 882 875 871 871 867 862 862 862 864 871 878 880
    2116 2116 2129 1050 1047 1038 1038 1034 1034 1041 1050 1050 1050
    1047 1044 1034 1031 1025 1022 1013 1007 989 975 970 967 964 962 956
    948 946 946 943 940 935 933 930 928 925 923 918 915 913 906 903 896
    896 896 891 887 887 882 875 871 871 867 864 862 862 864 873 880 882
    2156 2156 2156 1050 1047 1038 1034 1031 1031 1034 1054 1054 1050
    1047 1041 1034 1031 1025 1022 1013 1007 998 975 970 967 964 962 956
    948 946 946 943 940 935 933 930 928 925 923 920 915 910 906 903 898
    896 896 894 887 887 885 875 873 871 867 864 862 862 862 862 894 894
    2184 2184 1054 1050 1047 1038 1034 1031 1031 1034 1057 1057 1054
    1044 1038 1034 1031 1025 1022 1013 1010 1001 975 970 967 964 962 956
    948 946 946 943 938 935 933 930 930 925 923 920 918 910 908 906 901
    898 896 894 894 891 887 878 873 871 869 864 862 860 856 856 898 898
    2212 1057 1054 1050 1047 1041 1034 1028 1028 1034 1057 1057 1054
    1044 1034 1031 1031 1025 1019 1013 1010 1010 975 970 967 964 962 956
    951 946 946 943 938 935 933 933 933 928 925 923 920 915 913 910 906
    906 906 898 898 898 889 878 873 871 869 867 862 860 856 856 910 903
    1057 1057 1054 1054 1044 1041 1034 1028 1028 1034 1054 1054 1044
    1041 1034 1031 1031 1025 1019 1013 1013 1010 973 970 967 967 964 956
    954 948 946 946 940 935 935 933 933 930 925 925 923 915 913 910 908
    908 910 908 908 898 889 875 873 871 869 867 864 860 860 858 858 910
