<?xml version="1.0"?>
<opencv_storage>
<Depth5843 type_id="opencv-matrix">
  <rows>64</rows>
  <cols>49</cols>
  <dt>w</dt>
  <data>
    4708 4708 4708 4708 4708 4708 4774 4708 4645 4645 4842 4842 1833
    1823 1823 1804 1804 1804 1804 1804 1794 1794 1804 1794 1794 1794
    1785 1785 5210 1766 1766 1766 5210 5210 5210 5210 5210 5210 5210
    5291 5291 5374 5374 5374 5374 5374 5374 5374 5460 4708 4708 4708
    4708 4708 4708 4774 4708 4645 4645 4645 1833 1823 1804 1804 1804
    1804 1804 1804 1804 1804 1804 1804 1794 1794 1794 1785 1785 1785
    1766 1766 1766 1766 1757 1757 1757 1757 1757 1757 1757 1757 5374
    5374 5460 1757 1757 5374 5374 5460 4708 4708 4708 4708 4708 4774
    4774 4708 4708 4708 1833 1833 1823 1804 1794 1794 1794 1804 1804
    1804 1804 1804 1804 1794 1794 1794 1785 1785 1785 1766 1766 1766
    1766 1757 1757 1757 1757 1757 1757 1757 1748 1739 1739 1739 1739
    1757 1757 5460 5460 4708 4708 4708 4708 4708 4774 4774 4774 4774
    4774 1823 1823 1823 1804 1794 1794 1794 1804 1804 1794 1794 1794
    1794 1794 1785 1785 1785 1776 1776 1776 1776 1766 1766 1766 1766
    1757 1757 1757 1757 1757 1748 1739 1739 1739 1739 1748 1757 1757
    1757 4708 4645 4645 4645 4645 4708 4774 4842 4842 1804 1813 1813
    1813 1813 1804 1804 1804 1794 1794 1794 1794 1794 1794 1794 1785
    1785 1785 1776 1776 1766 1766 1766 1766 1766 1766 1757 1757 1757
    1757 1757 1748 1739 1739 1739 1748 1748 1757 1757 1804 4645 4645
    4645 4645 4645 4708 4774 4842 4842 1804 1804 1804 1804 1804 1804
    1804 1804 1794 1794 1794 1794 1794 1785 1785 1776 1776 1776 1766
    1766 1766 1766 1766 1757 1757 1757 1757 1757 1757 1757 1748 1748
    1739 1731 1731 1748 1748 1766 1766 1776 4645 4645 4645 4645 4708
    4708 4774 4842 4842 1804 1804 1804 1804 1804 1804 1794 1794 1794
    1794 1794 1794 1794 1785 1785 1776 1776 1776 1766 1766 1766 1766
    1766 1757 1757 1757 1748 1748 1748 1748 1739 1739 1739 1731 1731
    1739 1748 1766 1766 1776 4645 4708 4708 4708 4645 4645 4708 4774
    4774 1804 1804 1804 1804 1794 1794 1794 1794 1794 1794 1785 1785
    1785 1785 1785 1776 1776 1766 1766 1766 1766 1757 1757 1757 1757
    1757 1748 1748 1739 1739 1739 1739 1731 1731 1731 1739 1748 1757
    1766 1776 4645 4708 4708 4708 4645 4645 4708 4774 4774 1813 1813
    1813 1804 1794 1794 1794 1794 1794 1785 1785 1776 1776 1776 1776
    1776 1776 1766 1766 1766 1766 1757 1757 1757 1757 1748 1748 1748
    1739 1739 1731 1731 1731 1731 1731 1739 1757 1757 1776 1785 4645
    4645 4645 4708 4708 4645 4645 4774 4774 1804 1804 1804 1794 1794
    1794 1794 1794 1794 1785 1776 1776 1776 1776 1776 1776 1766 1766
    1766 1766 1766 1766 1757 1757 1757 1748 1748 1748 1739 1739 1731
    1731 1731 1731 1731 1739 1757 1757 1785 1804 4645 4645 4645 4708
    4708 4645 4645 4645 1804 1804 1804 1804 1794 1794 1794 1794 1794
    1785 1776 1776 1776 1776 1776 1776 1776 1766 1766 1766 1766 1757
    1757 1757 1757 1748 1748 1748 1748 1739 1731 1731 1731 1731 1731
    1731 1731 1757 1757 1785 1804 4645 4645 4645 4708 4708 4708 4708
    4708 1804 1804 1804 1794 1794 1794 1794 1794 1794 1785 1776 1776
    1766 1766 1776 1776 1766 1766 1757 1757 1757 1757 1757 1757 1757
    1748 1739 1739 1739 1731 1731 1731 1731 1731 1731 1731 1731 1748
    1757 1785 1804 4582 4645 4645 4708 4708 4645 4645 4645 1804 1804
    1804 1794 1794 1794 1794 1785 1785 1785 1776 1766 1766 1766 1776
    1776 1766 1757 1757 1757 1757 1757 1757 1748 1748 1739 1731 1731
    1731 1731 1731 1731 1731 1722 1722 1731 1731 1748 1757 1785 1804
    4582 4645 4645 4708 4645 4645 4645 4645 1794 1794 1794 1794 1785
    1785 1785 1785 1785 1785 1776 1766 1766 1766 1766 1766 1766 1757
    1757 1757 1757 1748 1748 1748 1748 1739 1731 1731 1731 1731 1722
    1722 1722 1722 1722 1731 1731 1757 1757 1785 1804 4645 4645 4645
    4645 4645 4645 4645 4645 1794 1794 1794 1794 1785 1785 1785 1776
    1776 1776 1766 1766 1766 1757 1757 1757 1757 1757 1757 1757 1748
    1748 1748 1748 1739 1731 1731 1731 1731 1731 1722 1722 1722 1722
    1722 1731 1739 1757 1757 1794 1813 4645 4645 4645 4645 4645 4645
    4645 4645 1794 1794 1794 1785 1785 1776 1776 1776 1776 1776 1766
    1766 1757 1757 1757 1757 1757 1748 1748 1748 1748 1748 1748 1748
    1739 1731 1731 1731 1731 1722 1722 1722 1722 1722 1722 1731 1739
    1757 1757 1794 1804 4645 4645 4645 4645 4645 4645 4645 0 1794 1794
    1785 1785 1776 1776 1776 1776 1766 1766 1766 1766 1757 1757 1757
    1757 1757 1748 1748 1748 1739 1739 1739 1739 1731 1731 1731 1731
    1731 1722 1722 1722 1722 1722 1722 1731 1748 1766 1766 1794 1804
    4582 4645 4708 4645 4645 4645 4645 0 1794 1794 1785 1785 1776 1776
    1766 1766 1766 1766 1766 1757 1757 1757 1757 1757 1748 1748 1748
    1739 1739 1739 1739 1739 1731 1731 1731 1731 1722 1722 1722 1722
    1722 1722 1722 1731 1748 1766 1766 1794 1794 4582 4708 4708 4708
    4708 4708 0 0 1794 1794 1785 1785 1776 1766 1766 1766 1766 1766 1766
    1757 1757 1757 1757 1748 1748 1739 1739 1739 1731 1731 1731 1731
    1731 1731 1722 1722 1722 1722 1713 1713 1713 1713 1722 1731 1748
    1757 1757 1785 1785 4582 4645 4645 4708 4708 4708 0 0 0 1794 1776
    1776 1766 1766 1766 1766 1766 1766 1757 1757 1757 1757 1757 1748
    1748 1739 1739 1731 1731 1731 1731 1731 1731 1731 1722 1722 1722
    1722 1713 1713 1713 1713 1722 1731 1748 1757 1757 1776 1776 4582
    4645 4645 4708 4708 4708 0 0 1776 1776 1766 1766 1766 1766 1766 1766
    1766 1766 1757 1757 1748 1748 1748 1748 1748 1739 1739 1731 1731
    1731 1731 1731 1722 1722 1722 1722 1722 1722 1713 1713 1705 1705
    1722 1731 1748 1757 1776 1776 1776 4582 4645 4708 4708 4708 4708 0
    1785 0 1766 1766 1766 1766 1766 1766 1766 1766 1766 1757 1748 1748
    1739 1739 1739 1739 1739 1731 1731 1731 1731 1731 1722 1722 1722
    1722 1722 1713 1713 1713 1705 1705 1705 1722 1731 1748 1757 1766
    1766 5374 4645 4645 4645 4645 4774 4774 0 1785 1785 1766 1766 1766
    1766 1766 1766 1766 1757 1757 1757 1748 1739 1739 1739 1739 1739
    1739 1731 1731 1731 1731 1722 1722 1722 1722 1722 1713 1713 1713
    1713 1705 1705 1705 1722 1731 1748 1757 1766 1766 5374 4645 4645
    4645 4645 4645 0 1785 1785 1785 1766 1766 1766 1757 1757 1757 1757
    1757 1757 1757 1748 1739 1739 1739 1739 1739 1731 1731 1731 1731
    1722 1722 1722 1722 1722 1713 1713 1705 1705 1696 1696 1696 1705
    1722 1731 1748 1757 1776 1776 5374 4645 4645 4645 4645 4645 0 1776
    1776 1776 1766 1766 1757 1757 1757 1757 1757 1757 1748 1748 1748
    1739 1739 1739 1739 1731 1731 1731 1722 1722 1722 1722 1722 1722
    1722 1713 1713 1705 1696 1696 1696 1696 1705 1722 1731 1748 1757
    1776 1776 5374 4645 4645 4645 4645 4645 0 1776 1776 1766 1766 1757
    1757 1757 1757 1757 1757 1748 1739 1739 1739 1731 1731 1731 1731
    1731 1731 1731 1722 1722 1722 1713 1713 1713 1713 1705 1705 1696
    1696 1696 1696 1696 1713 1731 1739 1757 1757 1776 1776 5460 4645
    4645 4645 4645 4645 1766 1776 1776 1766 1766 1757 1757 1757 1757
    1757 1748 1748 1739 1739 1739 1731 1731 1731 1731 1731 1731 1731
    1722 1722 1722 1713 1713 1713 1705 1705 1696 1696 1696 1696 1696
    1696 1713 1731 1748 1757 1757 1776 1776 5374 4645 4582 4582 4582 0
    1766 1766 1766 1757 1757 1757 1757 1757 1748 1748 1739 1739 1731
    1731 1731 1731 1731 1731 1731 1731 1722 1722 1722 1722 1713 1713
    1713 1705 1705 1696 1696 1696 1696 1688 1688 1696 1705 1731 1739
    1748 1757 1766 1766 5374 4582 4582 4582 4582 0 1757 1757 1766 1757
    1757 1757 1757 1748 1748 1748 1739 1731 1731 1731 1731 1731 1731
    1722 1722 1722 1722 1722 1722 1722 1713 1713 1705 1705 1696 1696
    1696 1696 1688 1688 1688 1688 1705 1731 1739 1748 1757 1766 1766
    5374 4582 4582 4645 4645 1757 1757 1757 1766 1757 1757 1757 1757
    1748 1748 1739 1739 1731 1731 1722 1722 1731 1731 1722 1722 1722
    1722 1713 1713 1713 1705 1705 1705 1705 1696 1696 1696 1696 1688
    1688 1688 1688 1705 1731 1739 1748 1748 1766 1766 5374 4522 4522
    4708 4708 1757 1757 1757 1757 1757 1748 1748 1748 1748 1739 1739
