<?xml version="1.0"?>
<opencv_storage>
<Depth10255 type_id="opencv-matrix">
  <rows>54</rows>
  <cols>64</cols>
  <dt>w</dt>
  <data>
    4241 4241 4241 4241 4241 4241 4241 4241 4241 4241 4241 4241 4241
    4241 4241 4241 4241 4241 4241 4241 4190 4190 4190 4190 4190 4139
    4139 4139 4089 4089 4041 4041 4041 4041 4041 3994 3948 3948 3948
    3948 3994 1794 1785 1766 1766 1739 1739 1739 1739 1739 1731 1731
    1739 3653 3653 3614 3614 3614 1794 1785 1776 1776 1757 1731 4241
    4295 4295 4295 4241 4241 4241 4241 4241 4241 4241 4241 4241 4241
    4241 4241 4295 4241 4241 4241 4190 4190 4190 4190 4190 4190 4139
    4089 4089 4041 4041 4041 4041 4041 4041 4041 3994 3994 1804 1804
    1794 1794 1766 1757 1748 1739 1739 1739 1739 1739 1731 1731 1722
    1705 1705 1705 1813 1813 1794 1785 1785 1776 1757 1722 4295 4295
    4295 4295 4295 4295 4295 4295 4295 4295 4241 4241 4241 4241 4241
    4241 4295 4241 4241 4190 4190 4190 4190 4190 4190 4190 4139 4089
    4089 4041 4041 4041 4041 4041 4041 4041 4041 3994 1794 1785 1785
    1766 1757 1748 1739 1739 1739 1739 1739 1739 1731 1731 1722 1705
    1705 1705 1813 1813 1804 1785 1785 1776 1748 1722 4295 4349 4349
    4349 4295 4295 4295 4295 4295 4295 4295 4241 4241 4241 4241 4241
    4241 4241 4241 4190 4190 4190 4190 4190 4190 4190 4139 4089 4041
    4041 3994 3994 4041 4041 4041 1823 1813 1804 1785 1776 1757 1748
    1748 1739 1739 1739 1739 1739 1739 1739 1731 1731 1722 1713 1713
    1722 1722 1804 1804 1794 1785 1776 1748 1722 4349 4405 4405 4349
    4295 4295 4295 4295 4295 4295 4295 4295 4241 4241 4241 4241 4241
    4241 4241 4190 4190 4190 4190 4190 4190 4190 4139 4089 4041 4041
    3994 3994 4041 4041 1823 1813 1804 1785 1776 1766 1757 1748 1739
    1739 1739 1739 1739 1739 1731 1731 1731 1731 1731 1731 1722 1722
    1722 1794 1794 1794 1785 1785 1757 1739 4405 4405 4405 4349 4349
    4295 4295 4295 4295 4295 4349 4295 4241 4241 4241 4241 4241 4241
    4241 4241 4190 4190 4190 4190 4190 4190 4139 4089 4041 4041 4041
    4041 1833 1813 1804 1785 1776 1766 1757 1748 1748 1748 1739 1739
    1739 1731 1731 1731 1731 1731 1731 1731 1731 1731 1731 1731 1731
    1804 1794 1794 1776 1766 1757 1748 4405 4405 4405 4349 4349 4295
    4295 4295 4295 4295 4349 4295 4241 4241 4241 4241 4241 4241 4241
    4241 4241 4190 4190 4190 4190 4139 4139 4089 4041 4041 4041 1813
    1804 1794 1785 1776 1766 1757 1757 1748 1748 1748 1748 1739 1739
    1731 1731 1731 1739 1739 1731 1731 1731 1731 1731 1731 1731 1731
    1748 1748 1766 1757 1757 1766 4405 4405 4405 4349 4349 4295 4295
    4295 4349 4349 4349 4295 4241 4241 4241 4241 4241 4241 4190 4190
    4190 4190 4139 4139 4190 4139 4139 4089 4041 4041 1794 1785 1785
    1776 1776 1766 1766 1757 1748 1748 1748 1748 1748 1739 1739 1739
    1739 1739 1739 1739 1739 1731 1731 1731 1731 1731 1731 1731 1748
    1748 1766 1757 1757 1766 4405 4349 4349 4405 4349 4349 4349 4349
    4349 4295 4295 4295 4241 4241 4241 4241 4190 4190 4190 4190 4190
    4190 4139 4139 4089 4089 4089 1823 1804 1804 1776 1776 1766 1766
    1766 1766 1766 1757 1748 1748 1748 1748 1748 1739 1739 1739 1739
    1739 1739 1739 1739 1731 1731 1731 1731 1731 1739 1739 1739 1739
    1766 1766 1766 1785 4405 4349 4349 4405 4349 4349 4349 4295 4295
    4295 4295 4241 4241 4241 4241 4241 4190 4190 4190 4190 4139 4139
    4139 4139 4089 4089 1843 1823 1813 1776 1776 1766 1766 1766 1757
    1757 1757 1757 1757 1748 1748 1739 1739 1739 1739 1739 1739 1739
    1739 1739 1739 1731 1731 1731 1731 1731 1731 1731 1739 1739 1739
    1804 1794 1785 4405 4405 4405 4405 4349 4349 4295 4295 4295 4241
    4241 4241 4241 4241 4241 4241 4190 4190 4190 4190 4089 1794 1794
    1813 1813 1813 1813 1804 1785 1776 1766 1766 1766 1766 1757 1757
    1757 1757 1757 1748 1748 1739 1739 1739 1739 1739 1739 1739 1739
    1739 1739 1731 1731 1731 1731 1731 1731 1731 1731 1739 1739 1804
    1804 1794 4405 4405 4405 4405 4405 4349 4295 4295 4295 4241 4241
    4241 4241 4241 4241 4241 4190 4190 4190 4190 4089 1794 1794 1813
    1813 1804 1794 1785 1776 1766 1766 1766 1757 1757 1757 1757 1757
    1757 1757 1748 1748 1739 1739 1739 1739 1739 1739 1739 1739 1739
    1739 1739 1739 1739 1731 1731 1731 1731 1722 1722 1722 1804 1804
    1794 4405 4405 4405 4405 4405 4349 4295 4295 4295 4241 4241 4241
    4241 4241 4241 1833 1833 1833 1833 1823 1823 1813 1813 1823 1813
    1804 1794 1776 1766 1766 1766 1766 1757 1757 1757 1757 1757 1766
    1766 1757 1757 1748 1739 1739 1739 1739 1739 1739 1739 1739 1739
    1739 1739 1739 1731 1731 1731 1731 1722 1722 1748 1748 1804 1804
    4405 4405 4405 4349 4349 4349 4295 4295 4295 4295 4241 4241 4241
    4241 4241 1833 1833 1833 1833 1823 1823 1823 1823 1804 1794 1785
    1776 1776 1766 1766 1766 1766 1757 1757 1757 1757 1757 1766 1766
    1757 1757 1748 1739 1739 1739 1739 1739 1739 1739 1739 1739 1739
    1739 1739 1731 1731 1731 1731 1731 1731 1748 1748 1804 1804 4405
    4405 4405 4349 4349 4349 4295 4295 4295 4295 4241 4241 4241 4241
    4241 1833 1833 1823 1823 1813 1804 1785 1776 1776 1776 1776 1776
    1776 1766 1766 1766 1766 1766 1766 1757 1757 1757 1757 1757 1757
    1757 1748 1739 1739 1739 1739 1739 1739 1739 1739 1739 1739 1739
    1739 1731 1731 1731 1731 1731 1739 1739 1739 1739 0 4349 4349 4405
    4349 4349 4349 4295 4295 4295 4295 4241 4241 4241 4241 1853 1843
    1833 1823 1813 1804 1804 1785 1776 1776 1776 1776 1776 1776 1766
    1766 1766 1766 1766 1766 1766 1757 1757 1757 1748 1748 1748 1739
    1739 1739 1739 1739 1739 1739 1739 1739 1739 1739 1739 1731 1731
    1731 1731 1731 1739 1739 1739 1739 1739 1739 4349 4349 4349 4349
    4349 4295 4295 4295 4295 4295 4241 4241 4241 1843 1833 1823 1813
    1813 1804 1794 1794 1785 1776 1776 1776 1776 1776 1776 1766 1766
    1766 1766 1766 1766 1766 1757 1757 1757 1748 1748 1748 1739 1739
    1739 1739 1739 1739 1739 1739 1739 1739 1739 1739 1731 1731 1731
    1731 1731 1739 1739 1739 1739 1739 1739 4349 4349 4349 4295 4295
    4241 4241 4295 4295 4295 4295 1843 1823 1823 1823 1813 1813 1804
    1804 1785 1785 1785 1776 1776 1776 1776 1776 1776 1776 1776 1776
    1766 1766 1766 1766 1766 1757 1757 1757 1748 1748 1748 1739 1739
    1739 1739 1739 1739 1739 1748 1739 1739 1739 1731 1731 1731 1731
    1731 1731 1731 1731 1739 1739 1739 4349 4349 4295 4295 4295 4241
    4241 4241 4295 1853 1823 1823 1823 1813 1813 1804 1804 1794 1785
    1785 1785 1785 1776 1776 1776 1776 1776 1776 1776 1776 1776 1766
    1766 1766 1766 1766 1757 1757 1757 1748 1748 1748 1739 1739 1748
    1748 1748 1748 1748 1748 1739 1739 1731 1731 1731 1731 1731 1731
    1731 1731 1731 1731 1731 1748 4349 4349 4295 4295 4295 4241 1894
    1883 1883 1843 1813 1813 1813 1804 1804 1794 1794 1785 1785 1785
    1776 1776 1785 1776 1776 1776 1776 1776 1776 1776 1776 1766 1766
    1766 1766 1766 1757 1757 1766 1757 1757 1748 1748 1748 1748 1748
    1748 1748 1748 1748 1739 1739 1731 1731 1731 1731 1731 1731 1731
    1731 1731 1731 1731 1739 4349 4349 4295 4295 4295 1883 1883 1873
    1863 1823 1804 1804 1804 1794 1794 1794 1794 1785 1785 1785 1776
    1776 1785 1776 1776 1776 1776 1766 1766 1766 1776 1766 1766 1766
    1766 1766 1757 1757 1766 1757 1757 1766 1757 1748 1748 1748 1748
    1748 1748 1748 1739 1739 1731 1731 1731 1731 1731 1731 1731 1731
    1731 1731 1731 1739 4405 4349 4349 1873 1863 1863 1863 1853 1843
    1813 1804 1804 1804 1794 1794 1794 1785 1785 1785 1785 1776 1776
    1785 1776 1776 1776 1776 1766 1766 1766 1766 1766 1766 1766 1766
    1766 1766 1766 1766 1766 1766 1766 1757 1748 1748 1739 1739 1739
    1748 1748 1739 1739 1739 1739 1739 1739 1731 1731 1731 1722 1722
    1722 1731 1748 4349 1926 1904 1873 1853 1853 1853 1843 1813 1813
    1804 1804 1804 1794 1794 1794 1785 1785 1785 1785 1785 1785 1785
    1776 1776 1776 1776 1766 1766 1766 1766 1766 1766 1766 1766 1766
    1766 1766 1766 1766 1766 1766 1757 1748 1748 1739 1739 1739 1748
    1748 1739 1739 1739 1739 1739 1739 1739 1731 1731 1722 1722 1722
