<?xml version="1.0"?>
<opencv_storage>
<Depth10371 type_id="opencv-matrix">
  <rows>71</rows>
  <cols>35</cols>
  <dt>w</dt>
  <data>
    3365 0 0 0 0 0 1138 1138 1134 1134 1134 1134 1134 1134 1134 1130
    1126 1123 1123 1123 1123 1119 1119 1119 1119 1115 1115 1115 1115
    1115 1112 1112 1123 1149 1157 3365 0 0 0 0 0 1138 1138 1138 1138
    1134 1134 1134 1134 1134 1130 1126 1123 1123 1123 1123 1119 1119
    1119 1119 1115 1115 1115 1115 1115 1112 1112 1123 1149 1157 3208 0 0
    0 0 0 0 1138 1138 1138 1134 1134 1134 1134 1134 1130 1130 1126 1123
    1123 1123 1119 1119 1119 1119 1115 1112 1112 1112 1112 1112 1115
    1123 1157 1157 3149 0 0 0 0 0 1145 1141 1141 1138 1134 1134 1134
    1134 1134 1130 1130 1126 1123 1123 1123 1119 1119 1119 1119 1115
    1112 1112 1112 1112 1112 1115 1123 1141 1153 3149 0 0 0 0 0 1145
    1141 1138 1138 1134 1134 1134 1134 1134 1130 1130 1126 1123 1123
    1123 1119 1119 1119 1119 1119 1112 1112 1112 1112 1112 1112 1119
    1138 1153 3149 0 0 0 0 0 1145 1141 1138 1138 1134 1134 1134 1134
    1134 1130 1130 1126 1123 1123 1123 1119 1119 1119 1119 1119 1115
    1115 1112 1112 1112 1112 1119 1134 1149 0 0 0 0 0 0 1141 1141 1138
    1138 1134 1134 1134 1134 1134 1130 1130 1126 1123 1123 1123 1119
    1119 1119 1119 1119 1119 1115 1112 1112 1112 1112 1119 1134 1149 0 0
    0 0 0 1134 1134 1138 1138 1138 1134 1134 1134 1134 1134 1130 1130
    1126 1123 1123 1123 1123 1123 1123 1123 1119 1119 1119 1115 1115
    1112 1112 1115 1153 1153 0 0 0 0 0 1134 1134 1138 1138 1138 1134
    1134 1134 1134 1134 1134 1130 1126 1123 1123 1123 1123 1123 1123
    1123 1123 1123 1119 1115 1115 1112 1112 1115 1153 1145 0 0 0 0 0 0
    1138 1138 1138 1138 1134 1134 1134 1134 1134 1134 1130 1126 1126
    1123 1123 1123 1123 1119 1119 1123 1123 1119 1115 1112 1112 1112
    1130 1141 1145 0 0 0 0 0 0 1138 1138 1138 1138 1138 1134 1134 1134
    1134 1134 1134 1130 1126 1126 1123 1123 1123 1119 1119 1123 1123
    1119 1115 1112 1112 1112 1138 1141 1145 0 0 0 0 0 0 1141 1141 1138
    1138 1138 1134 1134 1134 1134 1134 1134 1134 1126 1126 1123 1123
    1123 1119 1119 1123 1123 1119 1115 1112 1112 1115 1141 1141 0 0 0 0
    0 0 1149 1141 1138 1138 1138 1138 1134 1134 1134 1134 1134 1134 1130
    1126 1126 1123 1123 1123 1119 1119 1123 1123 1119 1119 1115 1115
    1126 1141 1141 0 0 0 0 0 0 1149 1141 1138 1138 1138 1138 1138 1134
    1134 1134 1134 1134 1130 1130 1126 1123 1123 1123 1119 1119 1123
    1123 1119 1119 1119 1119 1126 1141 1141 1259 0 0 0 0 1145 1145 1145
    1138 1138 1138 1138 1138 1138 1134 1134 1134 1134 1130 1130 1126
    1123 1123 1123 1119 1119 1123 1123 1123 1123 1123 1123 1130 1141
    1153 1259 0 0 0 0 1145 1145 1145 1141 1141 1138 1138 1138 1138 1138
    1134 1134 1134 1134 1130 1126 1126 1123 1123 1119 1119 1123 1123
    1123 1123 1123 1126 1130 1141 1161 1193 0 0 0 0 1149 1145 1145 1141
    1141 1138 1138 1138 1134 1134 1134 1134 1134 1130 1126 1126 1126
    1123 1123 1119 1119 1119 1119 1119 1119 1123 1123 1130 1145 1157
    1189 0 0 0 0 1149 1149 1145 1141 1138 1138 1138 1138 1134 1134 1134
    1134 1130 1130 1126 1123 1123 1123 1123 1119 1119 1119 1119 1119
    1119 1123 1123 1130 1149 1157 1189 0 0 0 0 1153 1149 1145 1141 1138
    1138 1138 1138 1134 1134 1134 1134 1130 1130 1126 1123 1123 1123
    1123 1119 1119 1119 1119 1119 1119 1119 1119 1126 1149 1177 1189 0 0
    0 0 1145 1145 1145 1145 1141 1138 1138 1138 1138 1134 1134 1134 1130
    1130 1130 1126 1123 1123 1123 1123 1123 1123 1119 1119 1119 1119
    1119 1126 1157 1177 1189 0 0 0 0 1145 1145 1145 1145 1141 1138 1138
    1138 1138 1134 1134 1134 1130 1130 1130 1126 1123 1123 1123 1123
    1123 1123 1119 1119 1119 1119 1119 1153 1165 0 1241 0 0 0 0 1145
    1145 1145 1145 1141 1138 1138 1138 1138 1138 1134 1134 1130 1130
    1126 1123 1123 1123 1123 1123 1123 1123 1123 1119 1119 1123 1123
    1157 0 0 0 0 0 0 0 1141 1141 1141 1141 1141 1138 1138 1138 1138 1138
    1134 1130 1130 1126 1126 1123 1123 1123 1123 1123 1123 1123 1123
    1123 1123 1123 1123 1169 0 0 0 0 0 0 1145 1141 1141 1141 1141 1141
    1138 1138 1138 1138 1134 1134 1130 1130 1126 1126 1123 1123 1123
    1123 1119 1119 1119 1119 1123 1123 1123 1126 0 0 0 0 0 0 0 1141 1141
    1141 1145 1145 1141 1138 1138 1138 1138 1134 1134 1130 1126 1126
    1126 1123 1123 1123 1123 1119 1119 1119 1119 1123 1123 1126 1126 0 0
    0 0 0 0 0 1141 1141 1141 1145 1145 1141 1138 1138 1138 1138 1134
    1134 1130 1126 1126 1126 1123 1123 1123 1123 1119 1119 1123 1123
    1123 1126 1126 1134 1161 1173 0 0 0 0 0 1145 1145 1145 1145 1145
    1141 1141 1138 1138 1138 1138 1134 1130 1126 1126 1126 1123 1123
    1123 1123 1119 1119 1123 1123 1123 1126 1130 1141 1161 1173 0 0 0 0
    0 1149 1145 1145 1145 1145 1145 1141 1138 1138 1138 1138 1134 1134
    1130 1130 1126 1123 1123 1123 1123 1123 1123 1123 1123 1123 1126
    1134 1145 1169 0 0 0 0 0 0 1149 1149 1145 1145 1145 1145 1141 1141
    1138 1138 1138 1134 1134 1134 1130 1126 1123 1123 1123 1123 1123
    1123 1123 1123 1123 1126 1138 1153 1169 0 0 0 0 0 0 1153 1149 1149
    1145 1145 1145 1141 1141 1138 1138 1138 1134 1134 1134 1134 1130
    1126 1123 1123 1123 1123 1123 1123 1123 1123 1126 1141 1157 1169 0 0
    0 0 0 0 1153 1149 1149 1149 1145 1145 1138 1138 1138 1138 1138 1134
    1134 1134 1130 1126 1126 1123 1123 1123 1119 1119 1123 1123 1126
    1130 1141 1157 1169 1169 0 0 0 0 0 1153 1149 1149 1149 1145 1145
    1138 1138 1138 1138 1138 1134 1134 1134 1130 1126 1126 1126 1123
    1123 1119 1119 1123 1123 1126 1126 1141 1161 1169 1169 0 0 0 0 1153
    1153 1149 1149 1149 1145 1145 1138 1138 1138 1138 1138 1134 1134
    1130 1130 1126 1126 1126 1123 1123 1123 1123 1123 1123 1126 1126
    1126 1165 1173 0 0 0 0 0 1153 1153 1149 1149 1145 1145 1141 1138
    1138 1138 1138 1138 1134 1130 1130 1130 1126 1126 1126 1123 1123
    1123 1123 1126 1126 1126 1126 1126 1169 1177 1181 0 0 0 0 1153 1153
    1149 1149 1145 1141 1141 1138 1138 1138 1138 1138 1134 1130 1130
    1130 1130 1126 1126 1123 1123 1123 1123 1126 1126 1126 1126 1130
    1173 1181 1181 0 0 0 0 1153 1153 1149 1149 1145 1141 1141 1141 1138
    1138 1138 1134 1134 1134 1130 1130 1130 1130 1126 1126 1123 1123
    1123 1126 1126 1126 1126 1181 1181 1189 1189 0 0 0 0 1153 1153 1149
    1149 1149 1145 1141 1141 1138 1138 1138 1134 1134 1134 1130 1130
    1130 1130 1126 1126 1123 1123 1123 1126 1126 1126 1130 1145 1165
    1189 0 0 0 0 0 1153 1153 1149 1149 1145 1145 1141 1141 1138 1138
    1138 1138 1134 1134 1134 1130 1130 1130 1126 1126 1126 1123 1123
    1126 1126 1130 1134 1145 1157 0 0 0 0 0 0 1157 1153 1149 1149 1145
    1145 1145 1141 1138 1138 1138 1134 1134 1134 1134 1134 1134 1130
    1130 1126 1126 1126 1126 1126 1126 1126 1130 1153 1157 0 0 0 0 0 0
    1153 1153 1149 1149 1145 1145 1145 1141 1141 1138 1138 1134 1134
    1134 1134 1134 1134 1130 1130 1130 1126 1126 1126 1126 1126 1126
    1126 1157 1157 0 0 0 0 0 0 1153 1153 1149 1149 1145 1145 1145 1141
    1141 1138 1138 1134 1134 1134 1134 1134 1134 1130 1130 1130 1126
    1126 1126 1126 1126 1126 1126 1126 0 3433 3433 3433 0 0 1153 1153
    1153 1149 1149 1149 1145 1145 1141 1141 1141 1138 1138 1134 1134
    1134 1134 1130 1130 1130 1126 1126 1126 1126 1126 1126 1126 1126
    1126 1236 3433 3433 3433 0 0 1153 1153 1153 1153 1149 1149 1145 1145
    1141 1141 1141 1138 1138 1134 1134 1134 1134 1130 1130 1130 1126
    1126 1126 1126 1130 1130 1130 1165 1165 1236 1236 0 0 0 1153 1153
    1153 1153 1153 1149 1149 1149 1145 1141 1141 1141 1138 1138 1138
    1138 1134 1134 1134 1130 1126 1126 1126 1123 1123 1130 1130 1138
    1165 1173 1232 1232 1232 0 0 1153 1153 1153 1153 1149 1149 1149 1149
    1145 1141 1141 1138 1138 1138 1134 1134 1134 1134 1134 1130 1126
    1123 1123 1123 1123 1126 1130 1138 1173 1173 1223 1227 1232 0 0 1153
    1153 1153 1149 1149 1149 1149 1145 1145 1141 1141 1138 1138 1138
    1134 1134 1134 1134 1134 1130 1126 1123 1123 1123 1123 1126 1126
    1130 1173 1177 1223 1227 0 0 0 1157 1153 1153 1149 1149 1149 1149
