<?xml version="1.0"?>
<opencv_storage>
<Depth14041 type_id="opencv-matrix">
  <rows>57</rows>
  <cols>50</cols>
  <dt>w</dt>
  <data>
    4645 4645 4645 4645 4645 4645 4645 4645 4645 4645 4645 4582 4582
    4582 4645 4645 4645 4645 4645 4645 4645 4645 1915 1915 1926 1926
    1926 1926 1926 1926 1926 4708 4708 4645 4645 4708 4708 4645 4645
    4645 4774 4774 4774 4708 4708 4708 4708 4708 4774 4774 4645 4645
    4645 4645 4645 4582 4582 4582 4582 4645 4645 4582 4582 4582 4645
    4645 4645 4582 4582 4582 4582 1926 1915 1915 1926 1926 1926 1926
    1926 1915 1915 4708 4708 4645 4645 4645 4708 4645 4645 4645 4774
    4774 4774 4708 4708 4708 4708 4708 4708 4774 4645 4645 4645 4645
    4582 4582 4582 4582 4582 4645 4645 4582 4582 4645 4645 4645 4645
    4582 4522 4522 1947 1926 1926 1926 1926 1926 1926 1926 1926 1915
    1915 1915 4708 4645 4645 4645 4708 4708 4708 4708 4774 4774 4774
    4774 4708 4708 4708 4708 4708 4774 4645 4645 4645 4645 4582 4582
    4645 4582 4582 4645 4645 4645 4645 4645 4645 4645 4645 4582 4463
    1936 1936 1936 1926 1926 1926 1926 1926 1926 1926 1926 1926 1926
    1926 4645 4645 4645 4645 4645 4708 4708 4774 4774 4774 4708 4708
    4708 4708 4708 4708 4774 4582 4645 4645 4645 4645 4645 4645 4582
    4582 4582 4645 4645 4645 4645 4645 4645 4645 4645 1936 1936 1936
    1936 1926 1926 1926 1926 1926 1926 1926 1926 1926 1926 1926 4349
    4349 4582 4645 4645 4645 4645 4774 4774 4774 4708 4708 4774 4774
    4774 4774 4774 4582 4645 4645 4645 4645 4645 4645 4645 4582 4582
    4582 4582 4582 4645 4645 4645 4645 1936 1936 1936 1936 1926 1926
    1926 1926 1926 1926 1926 1926 1926 1915 1915 1915 4349 4349 4582
    4645 4645 4645 4645 4774 4774 4774 4708 4708 4774 4774 4774 4774
    4774 4582 4582 4645 4645 4645 4645 4582 4582 4582 4582 4582 4582
    4582 1970 1947 1936 1936 1936 1936 1936 1936 1926 1926 1926 1926
    1926 1926 1926 1926 1926 1915 1915 1915 1915 4645 4645 4645 4645
    4645 4645 4708 4774 4774 4708 4708 4774 4774 4774 4774 4708 4582
    4582 4645 4645 4645 4645 4582 4582 1970 1959 1947 1936 1936 1947
    1947 1936 1936 1936 1936 1936 1936 1926 1926 1926 1926 1926 1926
    1926 1926 1915 1915 1915 1915 1926 4645 4645 4645 4645 4645 4645
    4708 4708 4708 4708 4774 4708 4708 4708 4708 4708 4582 4582 4645
    4645 4645 4645 4582 4582 1970 1959 1947 1936 1936 1947 1947 1947
    1936 1936 1936 1936 1936 1926 1926 1926 1926 1926 1926 1926 1926
    1915 1915 1915 1915 1926 1926 4645 4645 4645 4645 4708 4708 4708
    4708 4708 4774 4708 4708 4708 4708 4708 4582 4645 4582 4582 4522
    4522 1981 1970 1970 1959 1959 1947 1947 1947 1947 1936 1936 1936
    1936 1936 1936 1936 1926 1926 1926 1926 1926 1926 1915 1915 1915
    1915 1915 1926 1926 1926 4708 4708 4708 4708 4708 4708 4708 4708
    4708 4708 4708 4708 4708 4708 4645 4645 4582 4522 1981 1981 1981
    1970 1970 1970 1959 1959 1959 1947 1947 1936 1936 1936 1936 1936
    1936 1936 1926 1926 1926 1926 1926 1926 1915 1915 1915 1915 1926
    1915 1915 1894 1894 4708 4708 4708 4708 4708 4708 4708 4708 4708
    4708 4708 4708 4708 4645 4582 1981 1981 1981 1981 1981 1970 1970
    1970 1970 1959 1959 1959 1959 1947 1947 1936 1936 1936 1936 1936
    1926 1926 1926 1926 1926 1926 1926 1926 1926 1926 1915 1915 1915
    1894 1894 1894 4708 4708 4708 4708 4708 4708 4708 4708 4708 4708
    4708 4708 4645 2005 1981 1981 1981 1970 1970 1970 1970 1970 1970
    1959 1959 1959 1959 1947 1947 1936 1936 1936 1936 1936 1936 1936
    1936 1926 1926 1926 1926 1926 1926 1926 1915 1915 1915 1894 1894
    1894 4645 4645 4708 4708 4708 4708 4708 4708 4708 4708 4708 4708
    2005 1993 1981 1981 1981 1970 1970 1970 1970 1970 1970 1959 1959
    1947 1947 1959 1947 1936 1936 1936 1936 1936 1936 1936 1936 1926
    1926 1926 1926 1926 1926 1926 1915 1915 1915 1904 1904 1904 4645
    4645 4708 4708 4708 4708 4708 4708 4708 4708 4708 4708 1993 1981
    1981 1981 1970 1970 1970 1970 1970 1970 1959 1947 1947 1947 1947
    1947 1947 1936 1936 1936 1936 1936 1936 1936 1936 1936 1926 1926
    1926 1926 1926 1926 1915 1915 1915 1904 1904 1904 4708 4708 4708
    4708 4708 4708 4708 4708 4708 4708 4708 4708 1981 1981 1981 1981
    1970 1970 1970 1970 1970 1970 1959 1947 1947 1947 1947 1947 1947
    1936 1936 1936 1936 1936 1936 1936 1936 1936 1926 1926 1926 1926
    1926 1926 1915 1915 1915 1904 1904 1904 4774 4774 4708 4708 4708
    4708 4708 4708 4708 4708 4708 4708 1981 1981 1981 1981 1970 1970
    1970 1970 1970 1970 1959 1959 1947 1947 1947 1947 1947 1936 1936
    1936 1936 1936 1936 1936 1936 1936 1926 1926 1926 1926 1926 1926
    1915 1915 1915 1915 1915 1926 1926 4774 4774 4708 4708 4708 4708
    4708 4708 4708 4708 4708 1981 1981 1981 1981 1981 1970 1970 1970
    1970 1970 1959 1959 1959 1959 1959 1959 1947 1947 1936 1936 1936
    1936 1936 1936 1936 1926 1926 1926 1926 1926 1926 1926 1915 1915
    1915 1915 1915 1926 1926 1915 4708 4708 4708 4708 4708 4708 4708
    4708 4708 4708 1981 1981 1981 1981 1981 1970 1970 1970 1970 1970
    1970 1970 1959 1959 1959 1959 1947 1947 1936 1936 1936 1936 1936
    1936 1936 1926 1926 1926 1926 1926 1926 1926 1926 1926 1926 1926
    1926 1926 1915 1915 1915 4708 4708 4708 4708 4708 4708 4708 4708
    4708 4463 1993 1981 1981 1981 1970 1970 1970 1970 1970 1970 1970
    1959 1959 1959 1947 1947 1947 1947 1947 1936 1936 1936 1936 1936
    1926 1926 1926 1926 1926 1926 1926 1926 1926 1926 1926 1926 1926
    1915 1904 1904 4708 4708 4708 4708 4708 4708 4708 4708 4708 4463
    4463 1981 1981 1981 1981 1970 1970 1970 1970 1970 1970 1959 1959
    1947 1947 1947 1947 1947 1947 1947 1936 1936 1936 1936 1926 1926
    1936 1936 1926 1926 1936 1926 1926 1926 1926 1926 1936 1915 1904
    1904 1904 4708 4708 4708 4708 4708 4708 4708 4708 4522 4582 1981
    1981 1981 1981 1970 1970 1970 1970 1970 1970 1959 1959 1947 1947
    1947 1947 1947 1947 1947 1947 1936 1936 1936 1936 1936 1936 1936
    1926 1926 1926 1926 1926 1926 1926 1926 1926 1926 1915 1915 1915
    4645 4645 4708 4708 4708 4708 4708 4708 4582 4582 4645 1981 1981
    1981 1970 1970 1970 1970 1970 1970 1970 1959 1959 1947 1947 1947
    1947 1947 1947 1947 1936 1936 1936 1936 1936 1936 1936 1926 1926
    1926 1926 1926 1926 1926 1926 1926 1926 1926 1926 1926 4645 4645
    4645 4708 4708 4708 4708 4708 4582 4582 4582 4645 1981 1981 1970
    1970 1970 1970 1970 1970 1970 1959 1959 1947 1947 1947 1947 1947
    1947 1947 1936 1936 1936 1936 1936 1936 1936 1936 1926 1926 1926
    1926 1926 1926 1926 1926 1926 1926 1926 1926 1926 4645 4645 4708
    4774 4708 4708 4708 4582 4582 4582 4645 1981 1981 1981 1970 1970
    1970 1970 1970 1970 1970 1959 1947 1947 1947 1947 1947 1947 1947
    1947 1936 1936 1936 1936 1936 1936 1936 1926 1926 1926 1926 1926
    1926 1926 1926 1926 1926 1926 1936 1947 4645 4645 4708 4774 4708
    4708 4708 4582 4582 4645 4645 4708 1981 1981 1970 1970 1970 1970
    1970 1970 1970 1959 1959 1947 1947 1947 1947 1947 1947 1947 1936
    1936 1936 1936 1936 1936 1936 1926 1926 1926 1926 1926 1926 1926
    1936 1926 1926 1926 1936 1936 1936 4645 4645 4708 4708 4708 4708
    4582 4582 4582 4582 4645 1981 1981 1981 1970 1970 1970 1970 1970
    1970 1959 1959 1947 1947 1947 1947 1947 1936 1936 1936 1936 1936
    1936 1936 1936 1936 1926 1926 1926 1926 1926 1926 1926 1926 1936
    1926 1926 1936 1936 1936 4645 4645 4708 4708 4708 4708 4582 4582
    4582 4582 4645 1981 1981 1981 1981 1981 1981 1970 1970 1970 1959
    1959 1959 1959 1959 1947 1947 1936 1936 1936 1936 1936 1936 1936
    1936 1936 1936 1926 1926 1926 1926 1926 1926 1926 1936 1926 1926
    1926 1915 1915 4708 4708 4774 4708 4708 4708 4582 4582 4582 4582
    4463 4463 1981 1981 1981 1981 1981 1981 1970 1970 1959 1959 1959
    1959 1959 1959 1947 1947 1947 1947 1947 1936 1936 1936 1936 1936
    1936 1936 1926 1926 1926 1926 1926 1936 1936 1936 1936 1926 1915
    1904 1904 4774 4774 4708 4708 4708 4582 4582 4582 4582 4463 4463
    4463 1981 1981 1981 1981 1981 1970 1970 1959 1959 1959 1959 1959
    1959 1947 1947 1947 1947 1947 1947 1947 1936 1936 1936 1936 1936
