<?xml version="1.0"?>
<opencv_storage>
<Depth11262 type_id="opencv-matrix">
  <rows>93</rows>
  <cols>42</cols>
  <dt>w</dt>
  <data>
    0 0 0 0 0 0 0 0 0 0 1047 0 1070 1070 1070 1063 1063 1067 1067 1067 0
    1007 1007 1007 1004 998 998 995 995 0 0 0 0 0 0 0 0 0 0 0 0 0 0 0 0
    0 1034 1034 1034 0 1047 1047 1047 1054 1054 1070 1067 1063 1063 1063
    1067 0 1034 0 1007 1007 1004 998 998 995 995 0 0 0 0 0 0 0 0 0 1161
    1161 0 0 0 0 1028 1028 1028 1025 1016 1016 1047 1041 1041 1041 1041
    1041 1050 1054 1060 1060 1034 1034 0 1007 1007 1007 1004 1004 1001
    995 995 0 0 0 0 0 0 0 0 1169 1161 1161 1173 0 1025 1025 1025 1025
    1025 1019 1016 1013 1013 1016 1016 1016 1016 1041 1047 1047 1038
    1038 1034 1034 1004 1004 1004 1004 1001 998 992 992 992 0 0 0 0 0 0
    0 0 1169 1169 1169 1173 0 1025 1025 1025 1025 1025 1019 1016 1013
    1013 1013 1013 1013 1013 1007 1004 1004 1004 1004 1001 1001 998 995
    992 992 995 995 989 989 987 984 984 0 0 0 0 0 0 1165 1165 1165 1173
    0 1028 1025 1025 1025 1022 1019 1019 1016 1016 1013 1013 1010 1010
    1007 1004 1004 1004 1004 1001 998 995 995 992 992 992 992 989 989
    987 984 984 0 0 0 0 0 0 1157 1157 1161 1169 0 1028 1025 1025 1025
    1022 1019 1019 1016 1016 1013 1013 1010 1007 1007 1004 1004 1001
    1001 1001 998 995 992 992 992 992 992 989 987 975 975 975 1034 1034
    0 0 0 0 1153 1153 1157 1169 0 1028 1028 1025 1025 1022 1022 1022
    1019 1016 1013 1013 1010 1007 1007 1004 1004 1001 1001 1001 998 995
    992 992 992 992 992 989 987 975 975 975 1034 1034 1189 1189 0 1153
    1153 1153 1157 1169 1173 1025 1025 1025 1025 1022 1022 1022 1019
    1016 1016 1013 1013 1007 1007 1004 1004 1004 1001 1001 998 995 995
    992 992 992 992 989 989 992 995 995 1034 1034 1189 1189 1189 1153
    1153 1153 1161 1169 1173 1025 1025 1025 1025 1025 1022 1022 1019
    1016 1016 1013 1013 1010 1007 1007 1004 1004 1001 1001 1001 998 995
    995 995 995 992 992 992 995 995 1025 1028 1034 1034 1034 1157 1157
    1157 1157 1165 1169 1173 1022 1022 1025 1025 1025 1025 1022 1019
    1016 1016 1013 1013 1010 1010 1007 1004 1004 1004 1001 1001 998 998
    995 995 995 992 992 992 995 995 1025 1028 1031 1031 1031 1153 1153
    1153 1161 1165 1169 1173 1022 1022 1025 1025 1025 1022 1022 1019
    1019 1016 1013 1013 1013 1010 1007 1007 1004 1004 1001 998 995 995
    992 992 995 995 992 992 995 995 1022 1028 1031 1031 1031 1153 1153
    1153 1153 1165 1173 1177 1022 1022 1025 1025 1025 1022 1022 1019
    1019 1016 1013 1013 1013 1010 1007 1007 1004 1004 1001 998 995 995
    992 992 995 992 992 992 995 995 1022 1028 1031 1031 1031 1031 1149
    1149 1149 1169 1173 0 1025 1025 1025 1025 1025 1022 1022 1019 1019
    1016 1013 1013 1013 1010 1007 1004 1004 1004 1001 1001 998 995 992
    992 995 992 992 992 995 995 1022 1028 1034 1034 1034 1134 1141 1141
    1141 1169 1177 1177 1025 1025 1028 1025 1025 1022 1022 1019 1019
    1016 1013 1013 1013 1010 1010 1004 1004 1004 1001 1001 1001 995 995
    995 995 992 992 995 995 998 1016 1028 1034 1044 1044 1134 1134 1134
    1141 1169 1177 1177 1028 1028 1028 1028 1028 1025 1022 1019 1019
    1016 1013 1013 1013 1010 1010 1007 1004 1004 1004 1001 1001 998 995
    995 995 992 992 995 995 998 1004 1034 1034 1047 1105 1105 1112 1130
    1145 1169 1177 1177 1028 1028 1028 1028 1028 1025 1025 1022 1019
    1016 1016 1013 1013 1010 1010 1007 1007 1004 1004 1001 1001 998 998
    998 995 995 995 995 995 998 1004 1041 1041 1047 1097 1097 1112 1123
    1145 1173 1181 1181 1031 1031 1028 1028 1028 1025 1025 1022 1019
    1016 1013 1013 1013 1013 1010 1007 1007 1004 1004 1001 1001 998 998
    998 995 995 995 995 995 1001 1010 1041 1041 1041 1097 1097 1112 1123
    1173 1173 1181 1185 1034 1031 1028 1028 1028 1025 1025 1022 1019
    1016 1013 1013 1013 1013 1010 1010 1007 1004 1004 1001 1001 998 998
    998 995 995 995 995 995 1001 1010 1041 1041 1041 1094 1094 1112 1145
    1145 1169 1181 1185 1034 1034 1028 1028 1028 1025 1025 1022 1019
    1016 1016 1013 1013 1013 1010 1010 1010 1007 1004 1004 1001 1001 998
    998 998 995 995 995 998 1001 1013 1034 1034 1034 1094 1094 1094 1145
    1145 1161 1181 1185 0 1034 1028 1028 1028 1025 1025 1022 1019 1016
    1016 1016 1013 1013 1013 1010 1010 1007 1004 1004 1001 1001 998 998
    998 998 995 995 998 998 998 1034 1034 1034 1094 1094 1153 1145 1145
    1161 1173 1185 0 1034 1028 1028 1028 1025 1025 1025 1019 1016 1016
    1016 1013 1013 1013 1010 1010 1007 1004 1004 1001 1001 1001 1001 998
    998 995 995 995 995 995 1038 1038 1038 1038 1145 1145 1141 1141 1161
    1173 1185 0 1034 1028 1028 1028 1025 1025 1025 1019 1019 1016 1016
    1013 1013 1013 1010 1010 1007 1007 1004 1004 1001 1001 1001 998 995
    995 995 995 995 1031 1031 1041 1041 1101 1145 1145 1141 1141 1157
    1193 1193 0 1034 1031 1028 1028 1025 1025 1025 1019 1019 1016 1016
    1013 1013 1010 1010 1007 1007 1007 1004 1004 1001 1001 1001 998 995
    995 995 995 998 1025 1031 1041 1101 1101 1097 1097 1141 1149 1157
    1177 1206 0 1034 1034 1031 1028 1025 1025 1025 1022 1019 1016 1016
    1013 1013 1010 1010 1007 1007 1007 1004 1004 1001 1001 1001 1001 995
    995 995 995 1004 1025 1034 1044 1054 1101 1097 1097 1130 1153 1165
    1177 1189 1025 1025 1028 1031 1028 1025 1025 1025 1022 1022 1019
    1016 1013 1013 1010 1010 1007 1007 1004 1004 1004 1004 1001 1001
    1001 995 995 995 998 1004 1013 1034 1047 1054 1094 1094 1130 1130
    1157 1169 1177 1189 1025 1025 1028 1031 1028 1028 1025 1025 1022
    1022 1019 1016 1013 1013 1010 1010 1007 1007 1004 1004 1004 1001
    1001 1001 998 995 995 995 998 1004 1013 1034 1047 1080 1080 1090
    1134 1134 1157 1169 1173 0 0 1028 1028 1031 1028 1028 1025 1025 1025
    1022 1019 1016 1016 1013 1013 1010 1010 1007 1004 1004 1004 1001
    1001 1001 998 995 995 995 1001 1007 1016 1034 1047 1070 1070 1080
    1138 1138 1157 1169 1173 0 1028 1028 1031 1031 1028 1028 1025 1025
    1025 1022 1019 1019 1016 1013 1013 1010 1010 1007 1004 1004 1004
    1001 998 998 998 995 995 995 1001 1007 1022 1038 1047 1070 1070 1070
    1141 1141 1161 1169 1177 1185 1028 1028 1031 1031 1031 1028 1028
    1025 1025 1022 1019 1016 1016 1013 1013 1010 1007 1007 1004 1004
    1001 1001 998 998 998 998 995 995 1001 1007 1019 1041 1050 1070 1070
    1070 1149 1149 1165 1169 1177 1185 0 1034 1031 1031 1028 1028 1028
    1025 1025 1022 1019 1016 1016 1013 1013 1010 1007 1007 1004 1004
    1001 1001 1001 1001 1001 998 998 998 998 1001 1019 1038 1044 1073
    1073 1094 1138 1138 1161 1169 1177 1185 1034 1034 1031 1031 1028
    1028 1028 1025 1025 1025 1019 1019 1016 1013 1013 1010 1007 1007
    1004 1004 1004 1001 1001 1001 1001 998 998 998 998 1001 1019 1034
    1044 1084 1084 1097 1112 1130 1161 1169 1177 1185 1034 1034 1034
    1031 1031 1028 1025 1025 1025 1022 1019 1019 1016 1016 1016 1013
    1010 1007 1004 1004 1004 1001 1001 1001 1001 998 998 998 998 1001
    1019 1031 1038 1084 1084 1097 1108 1130 1157 1173 1181 1185 1038
    1038 1034 1031 1031 1028 1025 1025 1025 1022 1019 1019 1016 1016
    1016 1013 1013 1010 1007 1004 1004 1001 1001 1001 1001 1001 998 998
    1001 1007 1022 1031 1038 1094 1094 1108 1108 1112 1153 1177 1181
    1185 1044 1038 1034 1034 1031 1028 1025 1025 1025 1022 1022 1019
    1016 1016 1016 1013 1013 1013 1010 1004 1004 1004 1001 1001 1001
    1001 998 998 1001 1007 1022 1028 1028 1073 1073 1108 1108 1112 1153
    1177 1185 1185 1044 1041 1038 1034 1031 1031 1025 1025 1025 1022
    1022 1019 1019 1016 1016 1013 1013 1013 1010 1004 1004 1004 1004
    1004 1001 1001 1001 1001 1004 1007 1019 1022 1067 1067 1073 1112
    1112 1112 1161 1173 1185 1185 1044 1041 1038 1034 1031 1031 1025
    1025 1025 1022 1022 1019 1019 1016 1016 1013 1013 1013 1013 1010
    1007 1004 1004 1004 1001 1001 1001 1001 1007 1010 1019 1022 1067
    1067 1077 1112 1112 1119 1157 1169 1177 0 1044 1041 1038 1034 1034
    1028 1028 1028 1025 1025 1022 1019 1019 1016 1016 1013 1013 1013
    1010 1010 1007 1004 1004 1004 1001 1001 1001 1001 1004 1010 1022
