<?xml version="1.0"?>
<opencv_storage>
<Depth11586 type_id="opencv-matrix">
  <rows>130</rows>
  <cols>95</cols>
  <dt>w</dt>
  <data>
    2016 2016 2028 2040 2040 2053 2053 731 731 733 733 733 2103 2116
    2129 2143 2143 761 2271 2271 2256 2241 2241 2226 2226 2226 2226 767
    767 766 766 766 762 762 762 764 764 3333 3365 3365 3399 3433 3433
    3399 3399 3399 3399 3433 3433 3468 3468 3468 3468 3468 3468 3468
    3468 3468 3468 3468 3503 3503 3503 3503 3503 3468 3468 3503 3503
    3503 3503 3503 3503 3503 3503 3503 3503 3539 3539 3539 3539 3539
    3539 3576 3576 3576 3614 3614 3576 3576 3576 3576 3576 3576 3576
    2016 2028 2040 2040 2040 2053 728 728 728 730 730 730 731 2116 2129
    2129 761 761 759 759 759 759 762 762 761 761 762 762 766 764 761 759
    759 759 761 762 764 0 0 0 3433 3433 3468 3468 3399 3399 3399 3468
    3468 3468 3468 3468 3468 3468 3468 3468 3468 3468 3468 3468 3503
    3503 3503 3503 3503 3468 3468 3503 3503 3503 3503 3503 3503 3503
    3503 3503 3503 3539 3539 3539 3539 3539 3539 3576 3576 3576 3576
    3614 3576 3576 3576 3576 3576 3576 3576 2016 2028 2053 2040 2040
    2053 728 728 728 728 728 728 730 731 731 754 754 755 757 757 755 755
    754 754 759 759 759 759 749 749 754 754 754 754 759 762 764 0 0 0 0
    0 0 0 0 0 0 3503 3503 3503 3503 3503 3468 3468 3468 3468 3433 3433
    3468 3468 3468 3503 3503 3503 3503 3503 3468 3468 3503 3503 3503
    3503 3503 3503 3503 3503 3503 3539 3539 3539 3539 3539 3539 3576
    3614 3576 3576 3614 3614 3614 3576 3576 3576 3576 3576 2053 2053
    2053 2040 2040 728 728 728 728 728 728 728 730 731 734 749 750 752
    755 755 752 749 749 750 754 757 746 746 742 742 747 752 754 754 759
    762 0 0 0 0 0 0 0 0 0 0 0 703 703 703 3503 3503 3468 3468 3468 3468
    3433 3433 3468 3468 3468 3503 3503 3503 3503 3503 3468 3468 3468
    3503 3503 3503 3503 3503 3503 3503 3539 3576 3576 3576 3576 3576
    3576 3576 3614 3653 0 0 0 3614 3576 3576 3576 3576 3576 2065 2065
    2053 2053 2053 728 728 728 728 728 728 728 730 731 734 741 747 747
    747 746 744 744 744 742 742 746 746 746 742 742 744 752 754 754 0 0
    0 0 0 0 0 0 0 0 0 0 0 703 703 703 701 701 701 701 701 703 703 688
    688 688 688 688 686 686 686 3503 3468 678 676 676 3503 3503 3468
    3468 3503 3503 3503 3576 3576 3576 3576 642 642 3576 3576 3576 3576
    0 0 0 0 3576 3576 3576 3576 736 736 736 736 738 730 730 730 728 728
    730 730 731 733 738 739 742 742 742 742 741 741 739 738 738 738 742
    744 744 744 744 0 0 0 0 0 0 0 0 0 0 0 0 0 0 0 704 703 703 701 700
    700 700 700 701 697 693 688 688 698 688 688 686 686 678 676 676 675
    674 672 672 668 667 666 666 3503 3503 3503 3614 3614 3614 642 642
    642 642 0 0 0 0 0 0 0 3576 3576 3576 733 731 731 730 730 730 714 733
    733 731 731 731 731 734 739 739 741 741 739 739 741 741 739 738 738
    738 742 744 746 746 0 0 0 0 0 0 0 0 0 0 0 0 0 0 0 0 704 703 703 701
    700 698 697 697 697 696 693 688 688 678 676 675 675 674 674 675 672
    672 671 671 667 666 662 662 666 666 654 3503 3503 3503 3503 642 642
    642 641 646 646 0 0 0 0 0 0 3614 3576 731 731 728 727 722 719 714
    714 714 731 731 728 728 731 701 701 736 698 698 739 738 738 738 738
    738 738 738 630 630 0 0 0 0 0 0 0 0 0 0 0 0 0 0 0 0 0 704 703 703
    701 701 698 697 697 697 696 693 693 693 675 672 672 672 672 672 675
    672 672 657 657 657 657 657 655 654 654 654 3503 3503 641 641 641
    641 641 641 646 646 646 0 0 0 0 0 0 3576 731 731 728 727 722 719 714
    714 711 708 707 707 701 701 701 701 701 698 698 698 738 738 738 733
    733 733 687 630 630 630 634 0 0 0 0 0 0 0 0 0 0 0 0 0 0 0 0 0 0 0 0
    0 0 0 0 0 0 0 0 675 672 671 671 646 646 646 646 659 653 653 653 653
    654 653 653 652 650 650 650 641 641 641 638 638 638 641 643 646 647
    0 0 0 0 0 0 733 731 731 727 723 720 717 714 711 708 706 703 700 700
    697 687 684 683 683 698 693 693 693 687 687 687 687 630 630 630 634
    0 0 0 0 0 0 0 0 0 0 0 0 0 0 0 0 0 0 0 0 0 0 0 0 0 0 0 625 671 671
    671 649 646 646 646 646 652 652 652 650 649 649 650 650 652 650 650
    650 641 641 635 635 637 638 640 642 644 647 0 0 0 0 0 0 733 733 733
    727 723 720 717 714 713 708 706 703 700 697 694 687 684 683 680 679
    671 671 671 671 687 687 687 655 636 636 636 0 0 0 0 0 0 0 0 0 0 0 0
    0 0 0 0 0 0 0 0 0 0 0 0 0 0 0 0 625 625 649 649 646 646 644 644 649
    649 650 648 646 646 647 649 650 619 619 620 620 635 635 635 636 637
    638 642 644 647 0 0 0 0 0 0 736 734 734 727 723 722 719 716 713 710
    707 704 700 697 694 687 684 682 680 679 671 671 671 667 666 666 658
    655 652 650 650 632 632 0 0 0 0 0 0 0 0 0 0 0 0 0 0 0 0 0 0 0 0 0 0
    0 0 625 625 625 625 624 624 624 644 644 644 644 644 650 646 644 644
    647 648 619 619 619 620 624 625 630 634 636 637 638 642 646 647 0 0
    0 0 0 0 738 736 734 728 725 722 720 716 713 710 707 703 700 697 694
    688 684 682 680 679 672 671 671 667 664 662 658 655 652 649 649 632
    632 635 634 634 0 0 0 0 0 0 0 0 0 0 0 0 0 0 0 0 0 0 0 0 0 621 619
    619 622 621 621 622 622 623 627 630 636 636 609 609 610 610 611 616
    619 620 622 624 625 629 634 636 637 638 642 646 648 652 0 0 0 0 0 0
    736 734 728 725 722 720 717 714 711 708 703 701 698 694 690 686 683
    682 675 674 672 671 667 664 662 659 658 654 649 649 647 637 635 634
    634 632 629 629 625 622 620 618 618 0 0 0 0 0 0 0 0 0 0 0 0 0 621
    618 616 616 619 619 622 622 623 625 627 631 634 609 609 610 610 611
    616 619 620 622 625 627 629 634 636 637 640 642 644 648 652 0 0 0 0
    0 0 736 736 730 727 722 720 717 714 713 710 703 701 698 696 691 687
    684 682 675 674 672 671 667 664 662 661 658 654 649 649 647 642 640
    636 635 632 629 628 625 622 620 616 613 611 609 604 602 600 600 0 0
    0 0 0 0 0 622 618 615 615 616 618 590 590 591 596 596 603 603 607
    608 610 610 612 616 619 620 623 627 628 630 634 636 637 642 643 643
    648 652 0 0 0 0 0 0 738 738 733 728 722 720 719 716 714 710 703 701
    698 697 693 690 686 684 676 675 672 671 668 666 663 661 658 654 652
    649 648 642 640 637 636 634 632 628 625 622 620 616 613 611 609 604
    602 598 598 596 594 592 591 591 0 609 609 609 614 614 588 588 589
    590 591 596 596 598 603 607 608 610 611 613 616 619 620 624 627 629
    631 635 637 640 642 643 643 650 650 0 0 0 0 0 0 738 736 733 728 723
    720 719 717 716 711 704 703 698 697 694 690 687 684 679 675 675 671
    670 667 664 662 659 655 653 649 648 643 641 638 636 635 632 629 625
    622 620 618 614 611 609 606 604 598 598 596 594 592 591 589 587 584
    584 583 583 583 588 588 589 590 593 595 596 598 604 607 608 610 611
    614 616 619 620 627 628 629 631 636 637 640 642 643 648 650 650 0 0
    0 0 0 741 739 736 733 730 725 722 720 719 717 711 704 703 700 698
    696 693 688 686 682 676 675 671 670 668 666 663 661 657 654 653 649
    647 644 638 636 635 634 630 627 623 621 618 615 612 610 608 606 602
    600 596 594 592 591 589 587 584 583 583 583 583 585 588 589 591 593
    595 596 599 604 607 608 610 612 614 616 619 621 627 628 629 631 636
    638 641 643 646 648 650 652 0 0 0 0 0 741 739 738 734 730 727 723
    722 720 717 710 704 703 701 698 697 694 690 687 684 679 676 672 670
    670 667 664 661 658 655 654 650 647 644 640 638 636 634 631 625 623
    621 620 616 613 611 609 607 603 600 597 594 593 591 590 588 585 583
    583 583 583 585 587 589 591 593 595 596 600 604 606 609 611 612 614
    616 619 622 627 629 630 632 636 638 641 643 646 649 652 652 0 0 0 0
    0 0 739 738 736 731 728 725 722 720 717 710 707 704 701 700 697 694
    691 688 684 682 678 674 671 670 667 664 662 659 657 654 650 647 644
    641 638 637 634 631 625 623 621 620 618 614 612 610 606 603 601 597
    595 594 592 590 588 585 583 583 583 584 585 587 588 591 593 596 598
    601 604 606 609 612 613 614 618 620 623 628 629 631 634 637 638 641
    644 647 649 652 653 0 0 0 0 0 0 739 738 736 733 730 727 723 720 719
    711 707 704 703 701 697 694 691 690 687 683 678 675 672 671 668 666
    663 661 657 654 650 648 646 642 640 637 635 631 627 625 622 620 618
