<?xml version="1.0"?>
<opencv_storage>
<Depth0015 type_id="opencv-matrix">
  <rows>11</rows>
  <cols>16</cols>
  <dt>w</dt>
  <data>
    1278 1273 1273 1268 1268 1268 1264 1264 1264 1264 5460 5460 5548
    5548 5548 5548 1283 1278 1273 1273 1273 1278 1278 1278 5374 5460
    5460 5460 5548 5548 5548 5548 1283 1278 1278 1278 1278 1278 1278
    5210 5374 5374 5374 5374 5460 5460 5548 5640 1283 1283 1283 1283
    1283 5210 5210 5210 5210 5210 5291 5291 5460 5460 5640 5640 1288
    1292 1292 1292 5291 5210 5210 5132 5132 5210 5210 5291 5460 5640
    5734 5832 1292 1292 1292 5291 5291 5210 5210 5132 5132 5210 5210
    5291 5548 5734 5933 6038 1292 1292 5210 5210 5210 5210 5210 5210
    5210 5210 5291 5548 5832 5933 6038 6038 5210 5210 5210 5210 5210
    5210 5210 5210 5210 5210 5460 5832 5933 6038 6038 6038 5210 5210
    5132 5132 5132 5210 5210 5291 5291 5374 5933 5933 6038 6038 6038
    6038 5210 5210 5132 5056 5056 5056 5132 5374 5548 5933 5933 6038
    6146 6038 6038 6038 5132 5132 5056 5056 4983 4983 5132 5933 5933
    5933 6038 6038 6146 6146 6038 6038</data></Depth0015>
</opencv_storage>
