<?xml version="1.0"?>
<opencv_storage>
<Depth17154 type_id="opencv-matrix">
  <rows>18</rows>
  <cols>53</cols>
  <dt>w</dt>
  <data>
    4241 4241 4241 4241 4241 4241 4241 4295 4295 4295 4295 4241 4241
    4295 4295 4349 4405 4405 4405 4349 4349 4405 4463 4463 4405 4405
    4405 4405 4463 4463 4463 4463 4522 4582 4582 4582 4582 4582 4645
    4645 4774 3692 3692 4774 3614 3614 3576 3576 3614 3614 3614 3614
    3614 4241 4241 4241 4241 4241 4241 4241 4241 4295 4295 4295 4295
    4295 4295 4295 4349 4405 4405 4405 4349 4349 4405 4405 4405 4349
    4295 4295 4349 4349 4349 4405 4463 4522 4582 4582 4582 4582 4582
    3653 3653 3653 3653 3653 3614 3614 3614 3576 3576 3576 3614 3614
    3614 3614 4241 4241 4241 4241 4241 4241 4241 4241 4295 4295 4295
    4295 4295 4295 4295 4349 4405 4405 4405 4349 4349 4349 4349 4405
    4349 4295 4295 4349 4349 4349 4405 4405 3503 4645 4645 4582 3614
    3614 3576 3576 3576 3576 3653 3614 3576 3576 3576 3576 3576 3614
    3653 3692 3692 4241 4241 4241 4241 4241 4241 4241 4241 4295 4295
    4295 4295 4295 4295 4349 4349 4405 4405 4405 4349 4349 4349 4349
    4405 4405 4405 4405 3503 3503 3503 3503 3503 3503 3539 3539 3539
    3576 3539 3539 3539 3539 3576 3653 3653 3576 3576 3539 3539 3576
    3614 3732 3692 3692 4241 4241 4241 4241 4241 4241 4241 4241 4295
    4349 4349 4349 4349 4349 4349 4349 4405 4463 4463 3300 3300 3300
    3269 3269 3269 3269 3503 3503 3503 3503 3503 3503 3468 3468 3539
    3539 3539 3503 3503 3539 3539 3576 3614 3614 3576 3576 3539 3539
    3576 3653 3732 3732 2883 4241 4241 4241 4295 4295 4295 4295 4295
    4295 4349 4349 4349 4349 4349 3399 3399 3399 3399 3399 3399 3300
    3300 3269 3269 3269 3433 3433 3468 3503 3503 3468 3468 3468 3468
    3539 3503 3503 3433 3433 3539 3539 3576 3614 3614 3576 3576 3614
    3614 3653 3653 3732 3732 2883 4241 4241 4241 4295 4295 4349 4295
    4295 4349 4349 4349 4405 4405 3433 3399 3399 3399 3365 3365 3399
    3333 3333 3333 3333 3365 3433 3433 3468 3503 3503 3468 3468 3468
    3468 3503 3503 3503 3433 3433 3539 3539 3576 3614 3576 3576 3576
    3614 3614 3614 3653 3732 3732 3732 4241 4241 4241 4241 4241 4241
    4405 4405 4405 4405 3365 3365 3333 3333 3399 3365 3333 3300 3300
    3365 3365 3365 3365 3365 3365 3433 3433 3468 3468 3468 3503 3503
    3503 3503 3503 3503 3503 3503 3503 3503 3539 3576 3614 3576 3576
    3576 3614 3614 3614 3653 3692 3774 3774 3269 3238 3238 3269 3269
    3333 3333 4463 4463 3333 3333 3365 3333 3333 3399 3365 3333 3300
    3300 3365 3399 3365 3365 3399 3399 3433 3433 3433 3468 3468 3468
    3503 3503 3503 3503 3503 3539 3539 3503 3503 3539 3576 3614 3576
    3576 3576 3614 3614 3614 3653 3692 3774 3774 3269 3238 3238 3208
    3208 3269 3300 3300 3269 3269 3269 3300 3333 3333 3399 3365 3333
    3333 3365 3365 3365 3399 3399 3399 3399 3399 3399 3433 3433 3468
    3468 3503 3503 3503 3503 3503 3539 3539 3539 3539 3539 3576 3614
    3576 3576 3614 3614 3614 3614 0 3774 3774 3774 3269 3238 3238 3208
    3208 3269 3300 3300 3269 3269 3269 3300 3333 3333 3333 3333 3365
    3365 3365 3365 3365 3365 3365 3399 3399 3399 3399 3399 3433 3433
    3433 3468 3503 3503 3503 3539 3539 3539 3539 3539 3539 3576 3653
    3576 3576 3614 0 0 0 0 0 0 0 3269 3269 3269 3269 3269 3269 3300 3300
    3300 3300 3300 3300 3333 3333 3333 3333 3365 3365 3399 3365 3365
    3365 3365 3365 3365 3399 3399 3399 3433 3433 3433 3468 3468 3539
    3539 3539 3539 3539 3539 3539 3576 0 0 0 0 0 0 0 0 0 0 0 0 3269 3269
    3269 3269 3269 3269 3300 3300 3300 3300 3300 3300 3333 3333 3300
    3300 3365 3365 3365 3365 3365 3365 3365 3365 3365 3399 3399 3399
    3433 3433 3433 3433 3433 3503 3539 3539 3576 3576 3576 3576 3576 0 0
    0 0 0 0 0 0 0 0 0 0 3269 3269 3300 3300 3300 3269 3269 3300 3300
    3300 3300 3300 3333 3333 3300 3300 3300 3300 3300 3333 3333 3365
    3365 3365 3399 3399 3399 3468 3468 3468 3433 3433 3433 3503 3539 0 0
    0 0 0 0 0 0 0 0 0 0 0 0 0 0 0 0 3269 3300 3300 3300 3300 3269 3269
    3269 3269 3269 3300 3300 3333 3333 3300 3300 3300 3300 3300 3300
    3300 3365 3365 0 3539 3539 0 0 0 0 0 0 0 0 0 0 0 0 0 0 0 0 0 0 0 0 0
    0 0 0 0 0 0 3238 3269 3300 3300 3300 3269 3269 3269 3269 3269 3300
    3300 3333 3365 3333 3300 3300 3300 3178 3178 3269 0 0 0 0 0 0 0 0 0
    0 0 0 0 0 0 0 0 0 0 0 0 0 0 0 0 0 0 0 0 0 0 0 3238 3269 3300 3300
    3333 3333 3300 3300 3300 3300 3300 0 0 0 0 0 0 0 3178 3178 3269 0 0
    0 0 0 0 0 0 0 0 0 0 0 0 0 0 0 0 0 0 0 0 0 0 0 0 0 0 0 0 0 0 3269
    3269 3300 3333 3333 3333 3333 3300 3300 0 0 0 0 0 0 0 0 0 0 0 0 0 0
    0 0 0 0 0 0 0 0 0 0 0 0 0 0 0 0 0 0 0 0 0 0 0 0 0 0 0 0 0 0</data></Depth17154>
</opencv_storage>
