<?xml version="1.0"?>
<opencv_storage>
<Depth0192 type_id="opencv-matrix">
  <rows>68</rows>
  <cols>92</cols>
  <dt>w</dt>
  <data>
    0 0 0 0 0 0 0 0 0 0 0 1197 1193 1193 1185 1185 1189 1189 1193 1189
    1189 1189 1189 1189 0 0 1197 1197 1193 1193 1193 1193 1193 1193 1193
    1193 0 0 0 0 0 0 1193 1193 1193 0 0 0 0 0 0 0 0 0 0 0 0 0 0 0 0 0 0
    0 0 0 6622 6497 6497 6497 6622 8019 7835 7835 7835 7660 7660 7835
    7660 7660 7660 7660 7660 7660 7660 7660 7660 7492 7492 7660 7660
    7660 2522 2522 0 0 0 0 0 0 0 1193 1193 1193 1193 1193 1189 1189 1189
    1189 1193 1189 1189 1189 1189 1189 1189 1189 1193 1193 1193 1189
    1189 1189 1189 1189 1189 1189 1189 1193 1189 1189 1189 1189 1193
    1193 1189 1185 1185 1185 1185 1189 1189 0 1177 1177 1181 1181 1181
    1181 1181 1181 1181 1181 0 0 0 6889 6497 6497 6497 6497 6622 7835
    7660 7660 7660 7660 7660 7835 7660 7660 7835 7660 7660 7492 7492
    7492 7492 7492 7492 7660 7660 7660 2522 2522 2522 0 0 0 0 0 0 1193
    1193 1193 1189 1189 1189 1189 1189 1189 1189 1189 1189 1189 1189
    1189 1189 1189 1193 1193 1189 1189 1189 1189 1189 1189 1185 1185
    1185 1189 1185 1181 1181 1189 1189 1189 1185 1185 1185 1185 1185
    1185 1185 1181 1177 1177 1181 1181 1181 1181 1181 1181 1181 1181
    1181 1181 1181 1177 1177 6375 6497 6497 6622 7835 7660 7660 7660
    7660 7660 7835 7660 7660 7660 7660 7660 7492 7492 7492 7492 7492
    7492 7660 7660 7660 2522 2522 2522 0 0 0 0 0 1193 1193 1193 1189
    1189 1185 1185 1185 1185 1185 1181 1181 1185 1185 1185 1185 1185
    1185 1185 1185 1185 1185 1185 1185 1185 1185 1181 1181 1185 1185
    1181 1181 1181 1185 1185 1185 1185 1181 1181 1181 1181 1185 1185
    1181 1181 1181 1181 1181 1181 1181 1181 1181 1181 1181 1181 1177
    1177 1177 1177 1181 1181 1181 1181 1181 1181 1181 1181 7660 7660
    7835 7660 7660 7660 7660 7660 7492 7492 7492 7492 7492 7660 7660
    7660 7660 2467 2503 2541 0 0 0 0 1193 1189 1189 1189 1185 1181 1181
    1181 1185 1185 1181 1177 1177 1181 1181 1181 1181 1181 1181 1181
    1181 1181 1181 1181 1181 1181 1181 1181 1181 1181 1181 1181 1177
    1177 1181 1181 1181 1181 1181 1181 1181 1181 1181 1181 1177 1177
    1177 1177 1177 1177 1177 1177 1177 1181 1181 1181 1177 1177 1177
    1177 1177 1177 1177 1177 1177 1177 1177 1177 1173 1173 1173 1169
    1169 1173 7660 7660 7660 7660 7492 7492 7492 7492 7660 7835 7660
    2467 2503 2541 0 0 0 0 1185 1185 1185 1181 1181 1181 1181 1181 1181
    1181 1177 1177 1177 1177 1177 1177 1177 1177 1177 1177 1177 1177
    1177 1177 1177 1177 1177 1177 1177 1177 1177 1173 1173 1177 1177
    1177 1177 1177 1177 1177 1177 1177 1177 1173 1169 1169 1173 1173
    1173 1173 1173 1173 1177 1177 1177 1177 1177 1177 1177 1173 1173
    1173 1173 1177 1177 1177 1177 1173 1173 1173 1173 1169 1169 1173
    1169 1169 1169 1169 1169 1173 1177 1177 7660 7835 7660 2432 2541
    2541 0 0 0 1181 1181 1181 1181 1177 1177 1177 1177 1181 1181 1181
    1177 1177 1173 1173 1173 1173 1173 1173 1173 1173 1177 1173 1173
    1173 1173 1173 1177 1173 1173 1173 1173 1169 1169 1169 1169 1169
    1173 1173 1173 1173 1173 1173 1173 1169 1165 1165 1165 1169 1169
    1169 1169 1169 1169 1169 1173 1173 1173 1173 1173 1169 1169 1169
    1169 1169 1173 1173 1169 1169 1169 1169 1169 1165 1165 1165 1165
    1165 1165 1165 1165 1169 1169 1161 1161 1161 1161 0 2432 0 0 0 1181
    1181 1177 1177 1173 1173 1173 1173 1177 1177 1177 1177 1173 1173
    1169 1169 1169 1169 1169 1169 1169 1169 1169 1169 1169 1169 1169
    1169 1173 1169 1169 1169 1169 1165 1165 1165 1169 1169 1169 1169
    1169 1169 1169 1165 1165 1165 1165 1165 1165 1165 1165 1165 1165
    1165 1165 1165 1169 1169 1169 1169 1169 1165 1165 1165 1165 1165
    1169 1169 1165 1165 1165 1165 1165 1165 1165 1165 1165 1165 1165
    1165 1165 1165 1161 1161 1161 1161 1165 0 0 0 0 0 1177 1177 1173
    1173 1169 1169 1169 1173 1173 1169 1169 1169 1169 1169 1169 1169
    1169 1165 1165 1165 1165 1165 1165 1165 1165 1165 1165 1165 1165
    1165 1165 1165 1165 1165 1165 1165 1165 1165 1165 1165 1165 1165
    1165 1165 1165 1165 1165 1161 1161 1165 1165 1165 1165 1161 1161
    1165 1165 1165 1165 1165 1165 1165 1165 1165 1165 1165 1165 1165
    1165 1165 1165 1165 1161 1161 1161 1161 1161 1161 1161 1161 1161
    1161 1161 1161 1165 1165 1165 0 0 0 0 0 1169 1169 1169 1165 1165
    1165 1165 1169 1165 1165 1165 1165 1165 1165 1165 1165 1165 1165
    1165 1161 1161 1161 1161 1161 1161 1161 1161 1161 1165 1165 1161
    1161 1161 1161 1161 1161 1161 1161 1161 1165 1165 1161 1161 1161
    1161 1161 1161 1161 1161 1161 1161 1161 1161 1161 1161 1161 1161
    1161 1161 1161 1161 1161 1161 1161 1161 1161 1161 1161 1161 1161
    1161 1161 1161 1161 1161 1157 1157 1153 1153 1153 1157 1161 1161
    1161 1165 1165 1165 0 0 0 0 1165 1157 1157 1157 1157 1161 1161 1165
    1165 1165 1161 1161 1161 1161 1157 1157 1157 1161 1161 1161 1161
    1161 1161 1157 1157 1157 1161 1161 1161 1161 1161 1161 1157 1157
    1157 1157 1157 1157 1157 1161 1161 1161 1161 1161 1161 1161 1161
    1157 1157 1157 1157 1157 1157 1157 1153 1153 1153 1153 1153 1157
    1161 1161 1161 1161 1161 1157 1157 1157 1157 1161 1157 1157 1157
    1157 1157 1157 1157 1153 1149 1149 1149 1153 1157 1161 1165 1165
    1165 1161 0 0 0 1161 1161 1157 1157 1157 1157 1157 1157 1157 1157
    1157 1157 1157 1157 1157 1153 1153 1153 1157 1157 1157 1153 1153
    1153 1153 1153 1153 1153 1153 1153 1153 1153 1153 1153 1153 1153
    1153 1153 1153 1153 1153 1153 1153 1157 1153 1153 1157 1157 1153
    1153 1153 1153 1153 1153 1153 1149 1149 1149 1149 1149 1153 1157
    1157 1157 1153 1153 1153 1153 1153 1153 1157 1153 1149 1149 1149
    1149 1149 1149 1149 1149 1149 1149 1153 1157 1165 1165 1165 1165
    1161 0 0 0 1161 1157 1153 1149 1149 1149 1153 1153 1153 1153 1149
    1149 1149 1149 1149 1149 1149 1149 1149 1153 1153 1149 1149 1149
    1149 1149 1149 1149 1149 1149 1149 1149 1149 1149 1149 1149 1149
    1149 1149 1149 1149 1149 1149 1149 1149 1149 1149 1149 1149 1149
    1149 1149 1149 1149 1149 1149 1149 1149 1149 1149 1149 1149 1149
    1149 1149 1149 1149 1149 1149 1153 1153 1149 1149 1149 1145 1145
    1145 1145 1145 1145 1145 1149 1149 1161 1165 1169 1165 1165 1161 0 0
    0 0 1157 1153 1149 1149 1145 1145 1145 1145 1145 1145 1145 1145 1149
    1149 1149 1145 1145 1145 1145 1145 1145 1145 1145 1145 1145 1145
    1149 1149 1149 1145 1145 1145 1145 1149 1149 1145 1145 1145 1145
    1145 1145 1145 1145 1145 1145 1145 1145 1145 1145 1145 1145 1145
    1145 1145 1145 1145 1145 1145 1145 1145 1145 1145 1145 1145 1145
    1145 1145 1149 1149 1149 1145 1145 1145 1141 1141 1141 1141 1141
    1141 1141 1145 1149 1161 1165 1165 1165 1165 1169 0 0 0 0 0 1157
    1149 1145 1145 1145 1145 1145 1141 1141 1141 1141 1145 1145 1145
    1145 1145 1141 1141 1141 1141 1145 1145 1145 1141 1141 1141 1141
    1141 1141 1145 1145 1145 1145 1145 1145 1145 1145 1145 1145 1145
    1145 1145 1145 1145 1145 1145 1141 1141 1141 1141 1141 1145 1141
    1141 1145 1141 1141 1141 1141 1141 1141 1141 1141 1141 1141 1141
    1141 1145 1145 1145 1145 1141 1138 1138 1138 1138 1134 1134 1134
    1134 1165 1165 1165 1165 1173 1173 0 0 0 0 0 0 1157 1149 1145 1141
    1141 1145 1141 1138 1138 1138 1141 1141 1141 1141 1141 1141 1141
    1138 1138 1138 1141 1141 1138 1134 1134 1138 1138 1138 1134 1134
    1134 1134 1134 1134 1134 1134 1138 1141 1141 1141 1138 1138 1138
    1141 1141 1141 1138 1138 1138 1134 1134 1138 1138 1138 1141 1138
    1138 1138 1138 1138 1138 1138 1141 1138 1138 1138 1138 1138 1141
    1141 1141 1138 1138 1134 1134 1134 1134 1134 1130 1130 1177 1177
    1177 1177 1181 1181 0 0 0 0 0 0 0 0 0 1138 1138 1141 1138 1134 1134
    1134 1134 1134 1138 1138 1138 1138 1138 1134 1134 1134 1134 1134
    1134 1134 1134 1134 1134 1134 1134 1134 1134 1134 1130 1130 1130
    1130 1130 1134 1134 1134 1130 1130 1134 1138 1138 1138 1134 1134
    1134 1134 1134 1134 1134 1134 1134 1134 1134 1134 1134 1134 1134
    1134 1134 1134 1134 1134 1134 1134 1134 1134 1138 1134 1134 1134
