<?xml version="1.0"?>
<opencv_storage>
<Depth19915 type_id="opencv-matrix">
  <rows>9</rows>
  <cols>32</cols>
  <dt>w</dt>
  <data>
    6375 6375 6375 6259 6259 6146 6146 6146 6259 6259 6259 6259 6259
    6146 6038 5933 4190 4190 4190 5832 5832 5832 4041 4041 3994 3994
    3948 3948 3948 3903 3903 3859 4522 4522 4582 4582 6259 6259 6259
    6259 4582 4582 4463 4405 4405 4405 4139 4139 4190 4190 4190 4241
    4190 4190 4041 4041 3994 3994 3948 3948 3948 3903 3903 3816 4522
    4522 4582 4582 4708 4645 4582 4582 4582 4522 4463 4405 4349 4349
    4139 4139 4295 4241 4241 4190 4190 4139 4041 4041 3994 3994 3948
    3948 3948 3903 3903 3816 4708 4708 4708 4708 4708 4645 4582 4582
    4582 4522 4522 4463 4349 4349 4349 4295 4295 4241 4241 4190 4190
    4139 4089 4041 3994 3994 3948 3948 3948 3948 3903 3816 4774 4774
    4774 4774 4774 4708 4645 4582 4582 4522 4522 4463 4405 4405 4349
    4349 4349 4295 4295 4190 4190 4139 4139 4089 4041 4041 3994 3948
    3948 3994 3948 3859 4842 4774 4774 4774 4774 4708 4645 4645 4645
    4582 4522 4463 4463 4405 4405 4349 4349 4295 4295 4139 4139 4139
    4139 4139 4089 4041 3994 3948 3948 3948 3948 3903 4842 4842 4842
    4774 4774 4708 4645 4645 4645 4582 4582 4522 4463 4463 4463 4463
    4405 4349 4241 4139 4139 4139 4139 4139 4089 4089 3994 3948 3948
    3948 3948 3903 4983 4842 4842 4842 4774 4708 4708 4708 4645 4645
    4582 4582 4582 4582 4582 4522 4405 4295 4190 4041 4041 4139 4139
    4139 4089 4089 3994 3948 3903 3903 3948 3903 4983 4983 4842 4842
    4774 4708 4708 4774 4645 4645 4645 4582 4582 4582 4582 4522 4405
    4295 4190 4041 4041 4139 4139 4190 4089 3994 3994 3948 3903 3903
    3948 3903</data></Depth19915>
</opencv_storage>
