<?xml version="1.0"?>
<opencv_storage>
<Depth12850 type_id="opencv-matrix">
  <rows>9</rows>
  <cols>22</cols>
  <dt>w</dt>
  <data>
    5640 5640 5640 5548 4911 4774 4774 4774 4774 4774 4708 4708 4774
    4774 4708 4708 4774 4774 4708 4708 4582 4582 4842 4774 4774 4842
    4842 4774 4774 4774 4774 4774 4708 4708 4774 4708 4708 4708 4774
    4774 4708 4708 4582 4582 4774 4774 4774 4842 4842 4774 4774 4774
    4774 4708 4708 4708 4774 4708 4708 4774 4774 4774 4774 4708 4582
    4582 4774 4774 4842 4842 4842 4842 4774 4774 4774 4708 4708 4708
    4774 4708 4708 4708 4708 4708 4708 4708 4582 4582 4842 4842 4842
    4842 4842 4842 4774 4774 4774 4708 4708 4708 4708 4708 4708 4645
    4645 4708 4708 4708 4582 4582 4842 4842 4842 4842 4842 4842 4774
    4774 4774 4582 4582 4645 4645 4645 4645 4645 4645 4708 4708 4708
    4645 4645 4842 4842 4842 4774 4774 4842 4774 4774 4774 4582 4582
    4645 4645 4645 4645 4645 4645 4708 4708 4774 0 0 4774 4774 4774 4774
    4774 4842 4842 4774 4774 0 4645 4645 4645 4708 4645 4645 4645 0 0 0
    0 0 4774 4645 4645 4842 4842 4842 4842 0 0 0 0 0 4774 4774 4774 4774
    0 0 0 0 0 0</data></Depth12850>
</opencv_storage>
