<?xml version="1.0"?>
<opencv_storage>
<Depth16749 type_id="opencv-matrix">
  <rows>66</rows>
  <cols>58</cols>
  <dt>w</dt>
  <data>
    3859 3859 3903 3859 3859 3859 3859 3859 3859 3859 3859 3859 3859
    3816 3816 3816 3816 3816 3859 3859 3859 3859 3903 1594 1579 1579
    1579 1586 1586 1594 1601 1624 1624 1632 1639 1647 1647 1647 3859
    3774 3774 3859 3859 3859 3859 3859 3859 3859 3859 3816 3816 3816
    3816 3816 3816 3816 3816 3816 3859 3859 3859 3859 3859 3859 3859
    3859 3859 3859 3859 3859 3859 3816 3816 3816 3816 3816 3816 3816
    3859 3859 1601 1594 1579 1579 1579 1586 1586 1594 1601 1616 1624
    1632 1639 1647 1647 1655 1655 3774 3774 3816 3859 3859 3859 3859
    3816 3816 3859 3859 3859 3816 3816 3816 3816 3816 3816 3816 3859
    3859 3859 3859 3859 3859 3859 3859 3859 3859 3859 3859 3859 3859
    3859 3816 3816 3816 3816 3816 1601 1601 1594 1594 1586 1586 1586
    1586 1586 1594 1594 1609 1616 1624 1639 1647 1655 1655 1655 1655
    3816 3816 3859 3859 3859 3859 3816 3816 3816 3816 3816 3816 3816
    3816 3816 3816 3816 3816 3859 3859 3859 3859 3859 3859 3859 3859
    3859 3859 3859 3859 3859 3859 3816 3774 3774 3816 3816 1601 1601
    1601 1594 1594 1594 1594 1586 1586 1586 1594 1594 1601 1609 1624
    1639 1647 1647 1655 1655 1655 3859 3859 3859 3859 3859 3859 3859
    3859 3816 3816 3816 3816 3816 3816 3816 3816 3816 3774 3859 3859
    3859 3859 3859 3859 3859 3903 3903 3903 3903 3903 3859 3859 3816
    3774 3774 1624 1616 1601 1601 1601 1601 1594 1594 1594 1586 1586
    1586 1586 1601 1601 1609 1624 1632 1639 1639 1647 1647 1647 3816
    3816 3816 3816 3816 3816 3859 3859 3859 3859 3859 3859 3859 3816
    3816 3816 3816 3774 3859 3859 3859 3859 3859 3859 3859 3859 3859
    3859 3859 3859 3903 3903 3903 1624 1624 1616 1616 1609 1601 1601
    1601 1594 1594 1594 1586 1579 1579 1579 1601 1601 1609 1616 1624
    1632 1639 1639 1647 1655 1655 3816 3816 3816 3816 3816 3859 3859
    3859 3859 3859 3859 3859 3859 3816 3816 3816 3816 2933 2958 2933
    2933 2933 2933 2908 2883 2883 3859 3816 3816 1616 1616 1616 1624
    1624 1616 1616 1609 1609 1601 1601 1594 1594 1586 1586 1579 1579
    1579 1601 1601 1609 1616 1624 1632 1632 1639 1647 1655 1655 1655
    3816 3816 3816 3816 3859 3859 3859 3859 3859 3859 3859 3859 3859
    3816 3816 3816 2933 2933 2908 2908 2908 2908 2908 2883 2883 3859
    3816 1616 1616 1616 1616 1616 1616 1616 1616 1616 1609 1601 1601
    1594 1594 1586 1586 1579 1579 1579 1594 1601 1601 1616 1624 1624
    1632 1639 1647 1655 1655 1655 3816 3816 3816 3816 3859 3859 3859
    3859 3859 3859 3859 3859 3859 3816 3816 3816 2908 2908 2883 2883
    2908 2908 2908 2883 2883 1639 1624 1616 1616 1616 1616 1616 1616
    1616 1616 1616 1609 1601 1601 1594 1594 1594 1586 1579 1579 1579
    1586 1594 1601 1616 1624 1624 1632 1639 1647 1655 1655 1655 3859
    3859 3859 3859 3859 3859 3859 3816 3816 3859 3859 3859 3816 3816
    3816 3816 2908 2908 2883 2883 2908 2908 2908 2883 1639 1632 1624
    1624 1616 1616 1616 1616 1624 1616 1616 1616 1609 1601 1601 1601
    1594 1594 1586 1579 1579 1579 1586 1594 1601 1609 1624 1624 1632
    1639 1639 1655 1655 1663 1663 3859 3859 3859 3859 3859 3859 3816
    3816 3859 3859 3816 3816 3816 3816 3816 2883 2883 2883 2883 2908
    2908 2908 2908 1639 1632 1624 1624 1624 1624 1616 1616 1624 1616
    1616 1616 1609 1601 1601 1601 1594 1594 1586 1579 1579 1579 1586
    1586 1594 1601 1616 1616 1624 1632 1632 1639 1655 1663 1663 3859
    3859 3859 3859 3859 3859 3816 3816 3859 3859 3816 3816 3816 3816
    3816 2883 2883 2883 2883 2908 2908 2908 1639 1632 1632 1624 1624
    1624 1624 1616 1616 1624 1616 1616 1616 1609 1609 1601 1601 1601
    1594 1594 1579 1579 1579 1579 1586 1594 1601 1609 1616 1624 1624
    1632 1632 1655 1655 1655 3859 3859 3859 3859 3859 3859 3859 3859
    3859 3859 3859 3816 3816 3816 3816 2883 2883 2883 2883 2883 1655
    1647 1639 1632 1632 1624 1624 1632 1624 1616 1616 1624 1624 1624
    1616 1616 1609 1601 1601 1601 1594 1594 1586 1579 1579 1579 1579
    1594 1601 1609 1609 1616 1624 1632 1632 1639 1639 1639 3859 3859
    3859 3859 3859 3859 3859 3859 3859 3859 3859 3816 3816 3816 3816
    1655 1655 1663 1655 1655 1655 1647 1639 1639 1639 1639 1639 1624
    1624 1624 1624 1624 1624 1624 1624 1616 1609 1601 1601 1601 1594
    1594 1586 1579 1572 1572 1572 1586 1594 1601 1601 1616 1616 1624
    1632 1639 1639 1655 3859 3816 3816 3859 3816 3816 3859 3859 3859
    3859 3859 3816 3816 3816 3816 1655 1655 1663 1655 1655 1655 1655
    1655 1647 1639 1639 1639 1624 1624 1624 1624 1632 1624 1624 1624
    1616 1616 1601 1601 1601 1594 1594 1586 1579 1572 1572 1572 1579
    1586 1594 1601 1609 1616 1624 1632 1632 1647 1655 1655 3816 3816
    3816 3816 3816 3859 3859 3816 3816 3816 3816 3816 3859 3816 1663
    1663 1671 1663 1663 1663 1663 1655 1655 1639 1639 1632 1624 1624
    1624 1624 1632 1624 1624 1624 1616 1616 1609 1601 1601 1594 1594
    1586 1579 1572 1572 1572 1579 1579 1586 1594 1609 1609 1624 1624
    1632 1639 1647 1655 3816 3816 3816 3816 3816 3859 3859 3816 3816
    3816 3816 3816 3816 3816 1680 1680 1680 1663 1663 1663 1655 1655
    1647 1639 1639 1632 1624 1624 1624 1624 1632 1624 1624 1624 1616
    1616 1616 1601 1601 1594 1594 1586 1579 1572 1572 1572 1579 1579
    1586 1586 1594 1601 1616 1624 1632 1639 1647 1655 1655 3859 3816
    3816 3859 3859 3859 3859 3816 3816 3816 3816 3816 3816 1680 1680
    1680 1680 1671 1671 1655 1647 1647 1639 1639 1632 1624 1624 1624
    1632 1632 1624 1624 1624 1624 1616 1609 1609 1601 1601 1594 1586
    1579 1579 1572 1572 1579 1579 1579 1586 1594 1601 1609 1616 1632
    1632 1639 1655 1655 3903 3816 3816 3859 3859 3859 3859 3816 3816
    3816 3816 3816 3816 1688 1680 1680 1680 1680 1671 1655 1647 1647
    1647 1639 1639 1639 1624 1624 1632 1624 1624 1624 1624 1616 1616
    1609 1609 1601 1601 1594 1586 1586 1579 1579 1579 1579 1579 1579
    1586 1594 1594 1601 1609 1624 1624 1632 1632 1647 3903 3859 3859
    3859 3859 3859 3859 3859 3816 3816 3816 3816 3816 1688 1688 1688
    1680 1680 1671 1663 1655 1647 1647 1647 1647 1639 1624 1624 1632
    1624 1624 1624 1616 1616 1616 1609 1609 1601 1601 1594 1594 1586
    1586 1586 1579 1579 1579 1579 1586 1594 1594 1594 1601 1609 1624
    1624 1624 1639 1639 3859 3859 3859 3816 3816 3816 3816 3816 3816
    3816 3816 3816 2812 1680 1680 1680 1671 1671 1663 1655 1647 1647
    1647 1647 1639 1632 1624 1624 1624 1624 1624 1616 1616 1616 1609
    1609 1601 1601 1594 1594 1586 1586 1586 1579 1579 1579 1579 1579
    1594 1594 1594 1601 1609 1624 1624 1624 1632 1632 3859 3859 3859
    3816 3816 3816 3816 3816 3816 3816 3816 3816 2812 1680 1680 1680
    1671 1663 1655 1655 1647 1647 1647 1647 1632 1632 1624 1624 1632
    1624 1624 1624 1616 1616 1609 1609 1601 1601 1601 1594 1594 1586
    1586 1586 1579 1579 1579 1579 1586 1594 1594 1601 1609 1616 1624
    1632 1632 1632 1632 3903 3859 3816 3816 3816 3816 3816 3816 3816
    3816 3816 2812 2812 1688 1680 1671 1663 1655 1655 1647 1647 1647
    1647 1632 1632 1624 1624 1632 1632 1624 1624 1616 1616 1609 1609
    1609 1601 1601 1594 1586 1586 1586 1579 1579 1579 1579 1579 1586
    1594 1594 1601 1609 1616 1624 1624 1632 1632 1632 3859 3859 3816
    3816 3816 3816 3816 3816 3816 3816 3816 2789 2789 1688 1671 1671
    1663 1655 1655 1647 1647 1647 1647 1639 1639 1632 1632 1639 1632
    1632 1624 1624 1616 1616 1609 1609 1601 1601 1594 1586 1586 1586
    1579 1579 1579 1579 1579 1586 1586 1594 1594 1601 1609 1609 1616
    1632 1639 1639 3816 3816 3816 3816 3816 3816 3816 3816 3816 3816
    3816 2789 2789 2789 1671 1671 1663 1663 1663 1655 1647 1647 1647
    1639 1639 1632 1632 1639 1639 1632 1624 1624 1624 1616 1601 1601
    1601 1601 1594 1586 1586 1586 1586 1586 1579 1579 1579 1579 1579
    1586 1594 1601 1601 1609 1616 1632 1632 1632 3774 3774 3774 3774
    3816 3816 3816 3816 3816 3816 3816 2789 2789 2789 1655 1655 1671
    1663 1663 1663 1655 1647 1639 1639 1639 1632 1632 1639 1639 1632
    1632 1624 1624 1616 1601 1601 1601 1601 1601 1594 1594 1594 1586
