<?xml version="1.0"?>
<opencv_storage>
<Depth12241 type_id="opencv-matrix">
  <rows>129</rows>
  <cols>82</cols>
  <dt>w</dt>
  <data>
    0 0 0 0 0 0 0 0 0 0 0 0 0 0 0 0 0 0 0 0 0 0 0 0 0 0 0 0 0 0 0 0 0 0
    739 739 739 741 742 742 744 744 746 746 746 746 0 0 0 901 894 891
    889 887 887 887 891 878 878 878 875 873 869 867 867 867 864 864 854
    847 843 843 845 845 843 837 835 833 833 835 835 833 0 0 0 0 0 0 0 0
    0 0 0 0 0 0 0 0 0 0 0 0 0 0 0 0 0 0 0 0 0 0 0 0 0 0 739 739 741 742
    742 742 744 744 744 744 744 744 746 747 747 901 894 894 894 887 887
    887 891 878 878 878 875 873 869 867 867 867 864 864 854 845 841 841
    845 845 843 837 835 833 833 835 835 833 0 0 0 0 0 0 0 0 0 0 0 0 0 0
    0 0 0 0 0 0 0 0 0 0 0 0 0 0 0 0 0 0 0 739 739 741 744 744 744 744
    744 744 744 744 744 744 746 746 742 742 896 894 754 754 896 898 901
    896 894 889 887 878 875 873 873 873 871 871 871 839 839 841 849 854
    854 858 843 843 845 843 841 839 0 0 0 0 0 0 0 0 0 0 0 0 0 0 0 0 0 0
    0 0 0 0 0 0 0 0 0 0 0 0 0 0 0 739 739 739 742 744 742 742 744 744
    744 744 744 744 746 746 742 742 744 746 749 750 747 747 906 903 901
    901 901 901 889 882 882 882 878 875 833 833 839 841 851 856 856 858
    860 854 854 851 851 851 0 0 0 0 0 0 0 0 0 0 0 0 0 0 0 0 0 0 0 0 0 0
    0 0 0 0 0 0 0 0 0 0 0 739 739 739 742 742 742 742 742 744 744 744
    744 744 744 744 744 744 744 746 747 749 747 747 750 910 910 908 908
    906 901 750 744 744 885 841 833 833 839 841 841 887 869 864 860 858
    858 856 856 858 0 0 0 0 0 0 0 0 0 0 0 0 0 0 0 0 0 0 0 0 0 0 0 0 0 0
    0 0 0 0 0 0 0 739 739 741 741 742 742 742 742 744 744 746 746 746
    744 744 746 746 747 747 747 749 749 750 750 750 918 918 915 913 910
    750 742 742 918 841 841 841 841 843 889 887 875 875 880 862 862 862
    862 862 0 0 0 0 0 0 0 0 0 0 0 0 0 0 0 0 0 0 0 0 0 0 0 0 0 0 0 0 0 0
    0 0 0 739 739 741 741 742 742 742 742 742 742 744 746 746 746 746
    746 746 747 749 749 749 749 750 750 750 752 930 923 915 913 741 741
    742 759 841 841 841 841 889 889 889 889 887 887 878 873 871 871 869
    0 0 0 0 0 0 0 0 0 0 0 0 0 0 0 0 0 0 0 0 0 0 0 0 0 0 0 0 0 0 0 0 0
    742 742 742 742 742 742 742 742 742 742 744 746 746 746 746 747 747
    747 749 749 750 750 750 750 750 750 750 752 752 754 741 741 757 759
    841 841 839 839 889 889 889 889 894 894 891 887 878 878 878 0 0 0 0
    0 0 0 0 0 0 0 0 0 0 0 0 0 0 0 0 0 0 0 0 0 0 0 0 0 0 0 0 739 739 741
    741 742 742 742 742 742 742 744 744 746 746 746 746 747 747 747 749
    749 750 750 750 750 750 750 750 752 752 752 752 755 757 757 841 841
    839 839 889 889 920 920 906 906 906 894 894 896 0 0 0 0 0 0 0 0 0 0
    0 0 0 0 0 0 0 0 0 0 0 0 0 0 0 0 0 0 0 0 0 0 741 739 739 741 741 742
    742 742 742 744 744 744 744 744 746 746 746 747 747 747 749 749 750
    750 750 750 750 752 752 752 752 752 752 752 757 757 757 839 839 839
    889 889 925 920 915 915 913 908 903 903 0 0 0 0 0 0 0 0 0 0 0 0 0 0
    0 0 0 0 0 0 0 0 0 0 0 0 0 0 0 0 0 0 741 739 739 741 742 742 742 742
    742 744 744 744 744 744 746 746 746 746 747 747 747 749 749 750 750
    750 750 750 752 752 752 754 752 752 755 755 755 757 761 755 755 755
    923 923 920 920 920 920 918 918 0 0 0 0 0 0 0 0 0 0 0 0 0 0 0 0 0 0
    0 0 0 0 0 0 0 0 0 0 0 0 0 0 739 739 741 741 741 741 741 741 742 742
    744 744 746 746 746 746 746 746 747 747 747 749 749 749 749 749 750
    750 752 752 752 754 755 755 755 755 755 757 759 755 755 755 920 918
    918 920 920 923 925 930 0 0 0 0 0 0 0 0 0 0 0 0 0 0 0 0 0 0 0 0 0 0
    0 0 0 0 0 0 0 0 0 739 739 739 741 741 741 741 741 741 742 742 744
    744 746 746 746 746 746 746 747 747 747 749 749 749 749 749 750 750
    752 752 752 754 755 755 755 755 755 757 759 761 761 761 761 918 915
    915 923 925 928 938 0 0 0 0 0 0 0 0 0 0 0 0 0 0 0 0 0 0 0 0 0 0 0 0
    0 0 0 0 0 0 0 739 739 739 741 741 741 741 741 741 742 742 744 744
    746 746 746 746 746 746 747 747 749 749 749 749 749 749 750 752 752
    752 752 754 755 755 755 755 755 757 759 761 761 759 759 759 913 913
    913 925 938 938 0 0 0 0 0 0 0 0 0 0 0 0 0 0 0 0 0 0 0 0 0 0 0 0 0 0
    0 0 0 0 738 738 738 739 739 741 741 741 741 741 741 742 744 746 746
    746 746 746 746 746 747 747 749 749 749 749 750 750 752 752 752 752
    752 754 755 755 757 757 757 757 759 761 761 759 759 759 910 910 913
    0 0 0 0 0 0 0 0 0 0 0 0 0 0 0 0 0 0 0 0 0 0 0 0 0 0 0 0 0 0 0 0 744
    738 738 738 739 739 739 739 739 741 741 741 744 744 746 746 746 746
    746 746 746 747 747 749 749 749 749 750 750 752 752 752 752 752 754
    755 755 755 755 755 757 759 761 761 761 761 761 910 910 0 0 0 0 0 0
    0 0 0 0 0 0 0 0 0 0 0 0 0 0 0 0 0 0 0 0 0 0 0 0 0 0 0 744 741 741
    739 739 739 739 739 739 741 741 741 744 744 744 746 746 746 746 746
    746 747 747 750 750 750 750 750 752 752 752 752 752 752 754 755 755
    755 755 755 757 759 759 761 761 761 0 0 0 0 0 0 0 0 0 0 0 0 0 0 0 0
    0 0 0 0 0 0 0 0 0 0 0 0 0 0 0 0 0 0 0 0 744 741 741 739 739 739 739
    739 739 741 741 741 744 744 744 744 744 744 746 746 747 747 747 749
    750 750 750 750 752 752 752 752 752 752 752 754 754 755 755 755 757
    759 759 761 761 761 0 0 0 0 0 0 0 0 0 0 0 0 0 0 0 0 0 0 0 0 0 0 0 0
    0 0 0 0 0 0 0 0 0 0 0 0 744 739 739 739 739 739 739 739 741 742 742
    742 744 744 744 744 744 744 746 746 746 746 747 749 750 750 750 750
    750 750 750 752 752 752 752 754 754 755 755 755 757 759 759 761 761
    761 0 0 0 0 0 0 0 0 0 0 0 0 0 0 0 0 0 0 0 0 0 0 0 0 0 0 0 0 0 0 0 0
    0 0 0 0 738 738 739 739 739 739 741 741 741 742 742 742 744 744 744
    744 744 744 746 746 746 746 746 747 747 749 750 750 750 750 750 752
    752 752 754 754 754 754 755 757 757 759 759 761 761 762 764 0 0 0 0
    0 0 0 0 0 0 0 0 0 0 0 0 0 0 0 0 0 0 0 0 0 0 0 0 0 0 0 0 0 0 0 738
    738 739 739 739 741 741 741 741 742 742 744 744 744 744 744 746 746
    746 746 746 746 746 746 747 747 750 750 750 750 752 752 752 752 754
    754 754 754 755 757 757 759 761 761 761 762 764 0 0 0 0 0 0 0 0 0 0
    0 0 0 0 0 0 0 0 0 0 0 0 0 0 0 0 0 0 0 0 0 0 0 0 741 739 739 739 739
    739 741 741 741 741 741 742 744 744 744 744 744 746 746 746 746 747
    746 746 746 747 747 749 750 750 750 752 752 752 754 754 755 755 755
    755 757 757 759 761 761 762 762 0 0 0 0 0 0 0 0 0 0 0 0 0 0 0 0 0 0
    0 0 0 0 0 0 0 0 0 0 0 0 0 0 0 0 0 739 739 739 739 739 739 739 739
    739 741 741 742 744 744 744 744 744 746 746 746 746 747 747 747 747
    747 747 749 750 750 750 752 752 752 752 754 754 754 755 755 757 757
    759 761 761 761 766 0 0 0 0 0 0 0 0 0 0 0 0 0 0 0 0 0 0 0 0 0 0 0 0
    0 0 0 0 0 0 0 0 0 0 0 738 738 739 739 739 739 739 739 739 741 741
    741 742 744 744 744 744 744 746 746 746 747 747 747 747 747 747 749
    750 750 750 752 752 752 752 752 752 754 755 755 757 759 759 759 761
    761 0 0 0 0 0 0 0 0 0 0 0 0 0 0 0 0 0 0 0 0 0 0 0 0 0 0 0 0 0 0 0 0
    0 0 0 0 738 738 738 738 738 739 739 739 741 741 741 741 742 742 744
    744 744 744 746 746 746 747 747 749 749 749 749 749 749 750 750 752
    752 752 752 752 752 752 754 757 757 757 759 759 757 757 0 0 0 0 0 0
    0 0 0 0 0 0 0 0 0 0 0 0 0 0 0 0 0 0 0 0 0 0 0 0 0 0 0 0 0 738 738
    738 738 738 738 739 739 739 741 741 741 741 741 742 744 744 744 744
    746 746 746 747 747 749 749 749 749 749 749 750 750 752 752 752 752
    752 752 752 754 755 757 757 759 761 757 757 0 0 0 0 0 0 0 0 0 0 0 0
    0 0 0 0 0 0 0 0 0 0 0 0 0 0 0 0 0 0 0 0 0 0 0 738 738 738 738 738
    738 738 739 739 741 741 741 741 741 742 744 744 744 744 746 746 746
    746 746 747 747 749 749 750 750 750 752 752 752 752 752 752 752 754
    754 755 757 757 759 759 759 0 0 0 0 0 0 0 0 0 0 0 0 0 0 0 0 0 0 0 0
    0 0 0 0 0 0 0 0 0 0 0 0 0 0 0 0 739 738 738 738 738 738 738 739 739
    739 741 741 742 742 742 744 744 744 744 746 746 746 746 746 747 747
    749 750 750 750 750 750 750 752 752 754 754 754 754 754 757 757 757
    759 759 759 0 0 0 0 0 0 0 0 0 0 0 0 0 0 0 0 0 0 0 0 0 0 0 0 0 0 0 0
    0 0 0 0 0 0 0 0 739 738 738 738 738 738 738 739 739 739 741 741 742
