<?xml version="1.0"?>
<opencv_storage>
<Depth15782 type_id="opencv-matrix">
  <rows>7</rows>
  <cols>29</cols>
  <dt>w</dt>
  <data>
    5734 5734 5210 5132 5132 5056 5056 5832 5832 5832 5832 5832 4582
    4582 4582 4582 4708 4774 4774 4774 4774 4774 4774 4774 4774 4774
    4708 4708 4774 4911 4911 4983 4983 4983 4983 4911 4911 4911 4842
    4842 4842 4645 4645 4645 4645 4774 4774 4774 4774 4774 4774 4774
    4774 4774 4774 4708 4708 4708 4911 4911 4983 4983 4983 4911 4911
    4842 4842 4842 4842 4842 4842 4842 4774 4774 4774 4774 4774 4774
    4774 4774 4774 4774 4774 4774 4708 4708 4582 4983 4983 4983 4983
    4983 4911 4911 4842 4842 4842 4842 4911 4911 4842 4842 4774 4774
    4774 4774 4774 4708 4708 4774 4774 4774 4774 4708 4708 4582 4911
    4911 4911 4983 4983 4983 4842 4842 4842 4842 4842 4842 4842 4842
    4842 4774 4708 4708 4708 4708 4708 4708 4774 4774 4774 4774 4708
    4645 4463 4911 4911 4911 4983 4983 4983 4842 4842 4842 4842 4842
    4842 4842 4842 4774 4774 4582 4582 4645 4645 4708 4708 4774 4774
    4774 4774 4708 4645 4463 4983 4983 4983 4983 5056 4983 4983 4911
    4911 4842 4842 4842 4842 4842 4774 4774 4582 4582 4645 4645 4645
    5132 5291 5291 4842 4842 4842 4842 0</data></Depth15782>
</opencv_storage>
