<?xml version="1.0"?>
<opencv_storage>
<Depth6637 type_id="opencv-matrix">
  <rows>81</rows>
  <cols>48</cols>
  <dt>w</dt>
  <data>
    3859 3903 3859 3859 3859 3859 3859 3859 3859 3816 3816 3774 3774
    3774 3816 3816 3816 3816 3816 3816 3774 3774 3816 3859 1236 1232
    1227 1227 1227 1223 1223 1223 1223 3732 3732 3774 3774 3774 3774
    3774 3732 3732 3774 3774 3816 3774 3774 3774 3859 3903 3903 3859
    3859 3859 3859 3859 3859 3816 3816 3774 3774 3774 3816 3816 3816
    3859 3859 1278 1278 3903 3903 1241 1236 1232 1227 1227 1227 1223
    1223 1223 1223 1232 1232 1232 1232 1232 3774 3774 3732 1241 1241
    3774 3774 3774 3732 3732 3859 3859 3859 3859 3859 3859 3859 3859
    3859 3859 3816 3816 3816 3816 3816 3816 3816 3816 1283 1278 1278
    1264 1259 1241 1232 1227 1227 1223 1223 1223 1223 1227 1227 1232
    1232 1232 1232 1232 1236 1241 1241 1241 1241 1241 1241 1241 3732
    3732 3859 3859 3859 3859 3859 3859 3859 3859 3859 3859 3859 3816
    3774 3774 3774 3774 1283 1283 1283 1278 1273 1264 1259 1236 1232
    1227 1223 1223 1223 1223 1223 1227 1227 1227 1227 1227 1232 1232
    1236 1236 1236 1236 1232 1232 1236 1241 1241 3732 3859 3859 3859
    3859 3859 3859 3816 3816 3859 3859 3859 3859 3774 3774 3774 1317
    1317 1283 1283 1278 1273 1264 1259 1236 1232 1227 1223 1223 1223
    1223 1227 1227 1227 1227 1227 1227 1227 1227 1236 1236 1232 1232
    1232 1232 1236 1236 1241 1241 3859 3859 3859 3859 3859 3859 3816
    3816 3816 3859 3859 3859 3859 3859 1317 1317 1317 1288 1283 1278
    1273 1264 1255 1241 1232 1227 1223 1223 1223 1223 1227 1227 1227
    1223 1223 1227 1227 1227 1232 1232 1232 1232 1232 1232 1236 1236
    1236 1236 3859 3859 3859 3859 3859 3859 3859 3816 3816 3859 3859
    3859 1338 1328 1328 1317 1312 1288 1283 1278 1268 1264 1255 1241
    1232 1227 1223 1223 1223 1223 1223 1227 1227 1223 1223 1227 1227
    1227 1227 1232 1232 1232 1232 1232 1236 1236 1236 1236 3859 3859
    3859 3859 3859 3859 3859 3859 3859 3859 1359 1359 1338 1338 1328
    1317 1312 1312 1283 1278 1268 1259 1255 1241 1232 1227 1223 1223
    1223 1223 1223 1223 1223 1223 1223 1227 1227 1227 1227 1227 1227
    1227 1227 1232 1232 1236 1236 1236 3859 3859 3859 3859 3859 3859
    3859 3903 3903 0 1359 1359 1354 1338 1333 1322 1312 1307 1283 1273
    1264 1259 1255 1245 1232 1223 1223 1223 1223 1223 1223 1223 1223
    1223 1223 1223 1223 1223 1227 1227 1227 1227 1227 1227 1227 1232
    1232 1232 3859 3859 3859 3859 3859 3859 3859 3903 3903 1376 1359
    1359 1354 1343 1333 1322 1307 1297 1283 1273 1264 1259 1255 1241
    1227 1223 1223 1223 1223 1223 1223 1223 1223 1223 1223 1223 1223
    1223 1227 1227 1227 1227 1227 1227 1227 1227 1227 1227 3859 3859
    3859 3859 3859 3859 3903 3903 3903 1376 1376 1359 1349 1338 1333
    1322 1307 1297 1288 1273 1264 1259 1250 1241 1227 1223 1223 1223
    1223 1223 1223 1223 1223 1223 1223 1223 1223 1223 1223 1227 1227
    1227 1227 1227 1227 1227 1227 1227 3859 3859 3859 3859 3859 3859
    3859 1381 1381 1376 1370 1359 1349 1338 1333 1317 1302 1297 1288
    1273 1264 1255 1245 1236 1227 1223 1223 1223 1223 1223 1223 1223
    1223 1223 1223 1223 1223 1223 1223 1227 1227 1227 1227 1227 1227
    1227 1227 1227 3859 3859 3859 3859 3859 3859 1410 1381 1381 1370
    1370 1359 1349 1338 1333 1317 1302 1297 1283 1273 1259 1250 1245
    1236 1227 1223 1223 1223 1223 1223 1223 1223 1223 1223 1223 1223
    1223 1223 1223 1223 1223 1223 1223 1223 1227 1227 1227 1227 3859
    3859 3903 3903 3903 1433 1410 1410 1381 1370 1370 1359 1349 1338
    1328 1317 1292 1292 1283 1268 1259 1250 1245 1236 1227 1223 1223
    1223 1223 1223 1219 1219 1219 1219 1223 1223 1223 1223 1223 1223
    1223 1223 1223 1223 1223 1227 1227 1227 3816 3859 3994 3994 1433
    1433 1421 1404 1387 1376 1365 1359 1349 1338 1328 1312 1292 1292
    1283 1268 1255 1250 1241 1236 1227 1223 1219 1219 1219 1219 1219
    1219 1219 1219 1219 1219 1219 1223 1223 1223 1223 1223 1223 1223
    1223 1227 1227 1227 3732 3859 3859 3859 1433 1433 1415 1404 1387
    1376 1365 1354 1343 1338 1328 1312 1292 1288 1283 1273 1255 1245
    1241 1236 1223 1219 1219 1214 1214 1219 1219 1219 1219 1219 1219
    1219 1219 1223 1223 1223 1223 1223 1223 1223 1227 1223 1223 1223
    3732 3732 0 0 0 1445 1410 1398 1392 1381 1370 1354 1343 1338 1333
    1312 1292 1288 1283 1273 1255 1245 1236 1236 1223 1219 1210 1210
    1210 1210 1219 1219 1219 1219 1219 1219 1219 1223 1223 1223 1223
    1223 1223 1223 1223 1223 1223 1223 3732 3732 0 0 0 1427 1410 1398
    1387 1376 1365 1354 1338 1333 1328 1312 1292 1288 1278 1268 1255
    1245 1236 1232 1223 1214 1210 1210 1210 1210 1219 1219 1214 1214
    1214 1219 1219 1223 1223 1223 1223 1223 1223 1223 1223 1223 1223
    1223 3774 3774 0 0 0 1421 1410 1398 1387 1376 1365 1349 1333 1328
    1322 1312 1288 1288 1273 1268 1259 1250 1241 1232 1223 1214 1214
    1210 1210 1214 1214 1214 1214 1214 1214 1219 1219 1223 1223 1223
    1223 1223 1223 1223 1223 1223 1223 1223 3816 3816 0 0 0 1421 1404
    1392 1381 1376 1359 1343 1333 1328 1322 1312 1288 1283 1273 1264
    1255 1245 1236 1227 1219 1214 1210 1210 1210 1210 1214 1214 1214
    1214 1214 1219 1219 1219 1223 1223 1223 1223 1223 1223 1223 1223
    1223 1223 0 0 0 0 0 1421 1404 1392 1381 1370 1354 1343 1333 1333
    1322 1312 1288 1283 1268 1264 1255 1245 1236 1227 1219 1210 1210
    1210 1210 1210 1210 1214 1214 1214 1214 1214 1214 1214 1219 1219
    1219 1219 1223 1223 1223 1223 1223 1223 0 0 0 0 0 1415 1404 1392
    1381 1370 1354 1338 1333 1333 1322 1312 1288 1283 1268 1259 1250
    1245 1236 1227 1219 1210 1210 1210 1210 1210 1210 1210 1210 1214
    1210 1210 1214 1214 1214 1214 1214 1219 1219 1219 1223 1219 1219
    1223 3732 3732 0 1433 0 1415 1398 1392 1381 1370 1354 1338 1333 1333
    1317 1307 1288 1283 1268 1255 1245 1241 1236 1227 1219 1214 1210
    1210 1210 1210 1210 1210 1210 1210 1210 1210 1210 1210 1210 1214
    1214 1214 1214 1219 1219 1214 1214 1214 3732 3732 0 1433 1433 1415
    1398 1392 1381 1370 1354 1338 1333 1322 1312 1292 1283 1278 1268
    1255 1245 1241 1232 1223 1214 1210 1210 1206 1206 1206 1210 1210
    1210 1210 1210 1210 1210 1210 1210 1214 1210 1210 1214 1214 1219
    1214 1214 1214 3859 0 0 1427 1427 1410 1398 1392 1381 1365 1354 1338
    1328 1322 1312 1292 1283 1278 1268 1255 1245 1236 1227 1223 1214
    1210 1210 1206 1206 1206 1210 1210 1210 1206 1206 1210 1210 1210
    1210 1214 1210 1210 1214 1214 1219 1214 1214 1214 3774 0 0 1427 1427
    1410 1398 1387 1376 1365 1354 1338 1322 1317 1312 1288 1278 1278
    1268 1255 1245 1232 1223 1219 1210 1210 1206 1206 1206 1206 1206
    1206 1206 1206 1206 1210 1210 1210 1210 1214 1214 1210 1210 1210
    1214 1214 1214 1214 3774 0 0 1433 1415 1410 1398 1387 1365 1359 1349
    1338 1322 1317 1312 1288 1278 1278 1268 1259 1245 1232 1223 1219
    1210 1206 1206 1206 1206 1206 1206 1206 1206 1210 1210 1210 1210
    1210 1210 1210 1214 1210 1210 1210 1210 1210 1210 1210 3816 0 1433
    1433 1415 1410 1398 1387 1365 1359 1349 1338 1322 1317 1307 1283
    1278 1278 1268 1259 1245 1232 1223 1219 1210 1206 1206 1206 1206
    1206 1206 1206 1206 1210 1210 1210 1206 1206 1210 1210 1210 1210
    1210 1210 1210 1206 1206 1206 3816 0 0 1410 1410 1404 1392 1381 1365
    1359 1349 1338 1328 1317 1307 1283 1278 1278 1268 1259 1245 1232
    1223 1219 1210 1206 1206 1206 1206 1206 1206 1206 1206 1206 1206
    1206 1206 1206 1210 1210 1210 1210 1210 1210 1210 1206 1206 0 3774 0
    0 1410 1410 1404 1392 1381 1370 1359 1343 1338 1328 1317 1307 1283
    1273 1273 1268 1259 1245 1232 1227 1219 1214 1206 1206 1202 1202
    1206 1206 1206 1206 1206 1206 1206 1206 1206 1210 1210 1210 1210
    1210 1210 1210 1210 1214 0 3774 0 0 1410 1410 1404 1392 1381 1370
    1359 1343 1333 1328 1317 1307 1283 1273 1273 1264 1255 1245 1232
    1227 1219 1210 1206 1206 1202 1202 1202 1202 1202 1206 1206 1206
    1206 1206 1206 1206 1206 1210 1210 1210 1210 1210 1210 1214 0 0 0 0
    1410 1410 1398 1392 1381 1370 1359 1343 1333 1328 1317 1307 1283
