<?xml version="1.0"?>
<opencv_storage>
<Depth12651 type_id="opencv-matrix">
  <rows>32</rows>
  <cols>6</cols>
  <dt>w</dt>
  <data>
    0 0 5640 5548 5460 5460 0 0 5640 5548 5460 5460 0 5640 5640 5548
    5460 5460 0 5640 5640 5548 5460 5460 0 5640 5640 5548 5460 5460 0
    5640 5548 5460 5460 5460 0 5640 5548 5460 5460 5460 0 5640 5548 5460
    5460 5460 0 5548 5548 5460 5374 5374 0 5460 5460 5460 5374 5374 0
    5460 5460 5548 5374 5374 5374 5374 5460 5548 5374 5374 5374 5374
    5548 5548 5374 5374 5548 5548 5548 5548 5460 5460 5548 5548 5460
    5460 5460 5460 5374 5374 5374 5374 5460 0 5374 5374 5374 5374 5460 0
    5460 5460 5460 5460 5548 0 5548 5548 5548 5548 5548 0 5640 5640 5548
    5374 5374 0 5640 5640 5640 5374 5374 0 5640 5640 5640 5640 0 0 5734
    5640 5640 5640 0 0 5734 5640 5640 5640 0 0 5734 5640 5640 5640 0 0
    5734 5640 5548 5548 0 0 5548 5640 5548 5548 0 0 5548 5640 5548 5548
    0 0 5640 5548 5548 5548 0 0 5640 5548 5548 0 0 0 5640 5640 5640 0 0
    0 5640 5640 5640 0 0 0</data></Depth12651>
</opencv_storage>
