<?xml version="1.0"?>
<opencv_storage>
<Depth13390 type_id="opencv-matrix">
  <rows>23</rows>
  <cols>17</cols>
  <dt>w</dt>
  <data>
    6753 6889 6889 4241 4241 4241 4241 4241 4190 4139 4139 4190 4295
    4349 4349 4349 6889 6753 4295 4295 4241 4241 4241 4241 4241 4241
    4241 4241 4241 4295 4295 4295 4241 4241 6753 4295 4295 4295 4241
    4241 4241 4241 4241 4241 4241 4295 4295 4295 4295 4241 4241 4349
    4295 4295 4241 4241 4241 4241 4241 4241 4241 4241 4295 4295 4349
    4295 4295 4295 4349 4295 4295 4241 4241 4241 4241 4241 4241 4241
    4295 4295 4295 4349 4295 4295 4295 4349 4349 4295 4241 4241 4241
    4241 4241 4295 4295 4349 4349 4349 4349 4295 4295 4295 4349 4349
    4295 4241 4241 4241 4241 4241 4241 4241 4295 4349 4349 4349 4295
    4295 4349 4349 4295 4295 4241 4241 4241 4241 4241 4241 4241 4295
    4295 4295 4349 4349 4349 4349 4349 4295 4295 4295 4241 4241 4241
    4241 4241 4241 4241 4295 4295 4349 4349 4349 4349 6753 4349 4295
    4295 4241 4241 4241 4241 4241 4241 4241 4295 4295 4295 4349 4349
    4349 4463 4349 4295 4295 4241 4241 4241 4295 4295 4241 4241 4295
    4295 4295 4349 4349 4349 4349 4349 4295 4241 4241 4241 4241 4295
    4295 4241 4241 4295 4295 4295 4295 4295 4349 4349 4349 4295 4241
    4241 4295 4295 4295 4295 4295 4295 4295 4295 4295 4295 4295 4349
    4349 4349 4295 4295 4295 4295 4295 4295 4295 4295 4295 4295 4349
    4349 4349 4349 4349 4190 4295 4295 4295 4295 4295 4295 4295 4295
    4295 4295 4295 4295 4295 4295 4295 4349 4190 4295 4295 4295 4295
    4295 4295 4295 4295 4295 4295 4295 4295 4295 4295 4295 4349 4190
    4241 4295 4295 4295 4295 4295 4295 4295 4349 4349 4349 4295 4295
    4295 4295 4405 4241 4241 4295 4295 4295 4295 4295 4295 4295 4349
    4349 4349 4349 4349 4349 4349 4405 4295 4295 4295 4295 4295 4295
    4295 4295 4349 4349 4349 4349 4349 4349 4349 4349 4405 6889 4349
    4295 4295 4295 4295 4295 4295 4349 4349 4349 4349 4349 4349 4349
    4349 4405 6889 4349 4349 4349 4349 4349 4349 4349 4349 4349 4349
    4349 4349 4405 4349 4349 7030 6889 4349 4349 4349 4349 4349 4349
    4349 4349 4349 4349 4349 4349 4405 4405 7030 7030 6889 6889 6889
    4349 4349 4349 4349 4349 4349 4295 4295 4295 4582 4582 4645 7030
    7030</data></Depth13390>
</opencv_storage>
