<?xml version="1.0"?>
<opencv_storage>
<Depth0917 type_id="opencv-matrix">
  <rows>43</rows>
  <cols>63</cols>
  <dt>w</dt>
  <data>
    3692 3692 3692 3692 3692 1739 1739 1739 1739 1739 1739 1748 1739
    1739 1739 1739 3653 3653 1731 1731 3692 3653 3614 3614 3614 3653
    3653 1739 1739 3653 3653 3653 3653 3653 3653 3653 3653 3653 3653
    3653 3653 3653 3653 3653 3653 3653 3653 3653 3653 3692 3692 3692
    3692 4463 4463 4463 4405 4405 4405 4405 4405 4405 4405 3732 3692
    3692 1731 1731 1731 1731 1739 1739 1739 1739 1739 1739 1731 1731
    1731 1731 1731 1731 1731 1739 1739 1739 1739 1731 1731 1731 1731
    1731 1731 1731 1731 1731 1722 1722 1722 1722 3653 3653 3653 3692
    3653 3653 3653 3653 3653 3653 3653 3653 4463 4463 4405 4405 4405
    4405 4405 4405 4405 4405 4349 4349 4405 4405 3732 3692 3692 1731
    1731 1731 1731 1731 1731 1731 1731 1731 1731 1731 1731 1731 1731
    1731 1731 1731 1731 1731 1731 1731 1731 1731 1731 1731 1731 1731
    1731 1722 1722 1722 1713 1713 1722 1722 1722 1731 1731 1731 1731
    1731 1731 1713 4405 4405 4405 4463 4463 4405 4405 4405 4405 4405
    4405 4349 4295 4295 4295 4405 4405 3692 3692 3692 1739 1739 1731
    1731 1722 1722 1731 1731 1722 1722 1731 1731 1731 1722 1722 1722
    1722 1722 1722 1722 1722 1731 1731 1722 1722 1722 1731 1722 1722
    1722 1722 1713 1713 1722 1722 1722 1722 1722 1722 1713 1713 1713
    1713 1713 1713 1705 1705 1713 1722 1731 1731 1739 4405 4405 4295
    4241 4190 4190 4190 4463 3692 3692 3692 1739 1731 1731 1731 1722
    1722 1722 1722 1713 1713 1713 1722 1722 1722 1722 1722 1722 1722
    1713 1713 1713 1722 1722 1722 1722 1722 1722 1713 1713 1713 1722
    1713 1713 1713 1713 1713 1713 1713 1713 1713 1713 1713 1713 1713
    1713 1705 1705 1713 1722 1722 1731 1739 1731 1731 1731 1731 1731
    4190 4190 4190 3692 3692 1739 1739 1731 1731 1731 1722 1722 1713
    1713 1713 1713 1713 1713 1722 1722 1722 1713 1713 1713 1713 1713
    1713 1713 1713 1713 1713 1713 1722 1713 1713 1713 1713 1713 1713
    1713 1713 1713 1713 1713 1705 1705 1705 1705 1705 1705 1705 1713
    1713 1713 1713 1713 1713 1722 1713 1713 1713 1713 1713 1713 4139
    4139 3692 3692 1739 1739 1731 1722 1722 1722 1713 1713 1713 1713
    1713 1705 1705 1713 1713 1713 1713 1713 1713 1705 1705 1705 1713
    1713 1713 1713 1713 1713 1705 1705 1713 1713 1713 1713 1713 1705
    1705 1705 1705 1705 1705 1705 1705 1705 1705 1705 1705 1713 1713
    1713 1705 1705 1713 1713 1713 1705 1705 1713 1713 4139 4139 3692
    3692 1739 1739 1722 1713 1713 1713 1713 1713 1705 1705 1705 1705
    1705 1705 1713 1705 1705 1705 1705 1705 1705 1705 1705 1705 1713
    1705 1705 1705 1705 1705 1705 1705 1705 1705 1705 1705 1705 1705
    1705 1705 1705 1705 1705 1705 1705 1705 1705 1705 1705 1705 1705
    1705 1705 1705 1705 1705 1705 1705 3859 3816 3816 3816 3816 1731
    1731 1713 1713 1713 1713 1705 1705 1705 1705 1705 1705 1705 1705
    1705 1705 1705 1705 1705 1705 1705 1705 1705 1705 1705 1705 1705
    1705 1705 1705 1705 1705 1705 1705 1705 1705 1705 1705 1705 1705
    1705 1705 1696 1696 1696 1696 1705 1705 1705 1705 1705 1696 1696
    1705 1696 1696 1696 1696 3859 3816 3816 3816 3816 1713 1713 1705
    1705 1705 1705 1705 1705 1705 1705 1705 1705 1705 1705 1705 1705
    1705 1705 1705 1705 1705 1705 1705 1705 1705 1696 1696 1705 1705
    1705 1705 1705 1705 1705 1705 1705 1696 1696 1696 1696 1696 1705
    1696 1696 1696 1696 1696 1696 1696 1696 1696 1696 1696 1696 1696
    1696 1696 1696 1696 3816 3816 3816 3816 1705 1705 1705 1705 1705
    1705 1705 1705 1705 1705 1705 1705 1705 1705 1705 1696 1696 1696
    1696 1696 1696 1696 1696 1696 1696 1696 1696 1696 1696 1696 1696
    1696 1696 1696 1696 1696 1696 1696 1696 1696 1696 1696 1696 1696
    1696 1696 1696 1696 1696 1696 1696 1696 1696 1696 1696 1696 1696
    1696 1696 3816 3816 3774 3774 1705 1705 1696 1696 1696 1696 1705
    1705 1705 1705 1705 1696 1696 1696 1696 1696 1696 1696 1696 1696
    1696 1696 1696 1696 1696 1696 1696 1696 1696 1696 1696 1696 1696
    1696 1696 1696 1696 1696 1696 1696 1696 1696 1696 1696 1696 1696
    1696 1688 1688 1688 1696 1696 1688 1688 1696 1696 1696 1696 1696
    3859 3816 3774 3774 1705 1696 1696 1696 1696 1696 1705 1696 1696
    1696 1696 1696 1696 1696 1696 1696 1696 1696 1696 1696 1696 1696
    1696 1696 1688 1688 1688 1688 1696 1696 1696 1688 1688 1696 1696
    1696 1688 1688 1696 1696 1696 1696 1696 1696 1696 1696 1696 1688
    1688 1688 1688 1688 1688 1688 1688 1688 1688 1688 1696 3859 3816
    3816 1705 1705 1696 1688 1688 1688 1696 1696 1696 1696 1696 1696
    1688 1688 1696 1696 1696 1696 1696 1696 1696 1696 1696 1688 1688
    1688 1680 1680 1688 1688 1696 1688 1680 1680 1680 1680 1688 1680
    1680 1688 1688 1688 1688 1688 1688 1688 1688 1688 1688 1688 1688
    1688 1688 1688 1688 1680 1680 1680 1680 1680 3859 3816 3816 1688
    1688 1688 1688 1680 1680 1688 1688 1688 1688 1688 1680 1680 1680
    1688 1688 1688 1688 1688 1688 1688 1688 1688 1680 1680 1680 1680
    1680 1680 1680 1688 1680 1680 1680 1680 1680 1680 1680 1680 1680
    1680 1680 1680 1680 1680 1688 1688 1688 1688 1688 1688 1696 1688
    1688 1680 1680 1671 1671 1680 1680 3816 3816 3859 1680 1680 1680
    1680 1680 1680 1680 1680 1680 1688 1680 1680 1680 1680 1680 1680
    1680 1671 1671 1671 1680 1688 1688 1680 1680 1680 1671 1671 1680
    1680 1680 1680 1671 1671 1671 1671 1671 1671 1671 1680 1671 1671
    1680 1680 1680 1680 1680 1680 1680 1680 1680 1688 1680 1680 1671
    1671 1671 1671 1671 1671 3816 3816 3903 1680 1680 1680 1671 1671
    1680 1680 1680 1680 1680 1680 1680 1680 1680 1680 1680 1671 1671
    1671 1671 1671 1671 1671 1671 1671 1671 1671 1671 1680 1680 1671
    1671 1671 1671 1671 1671 1671 1671 1671 1680 1671 1671 1671 1680
    1671 1671 1671 1671 1671 1671 1671 1680 1680 1671 1671 1671 1671
    1671 1671 1680 3816 3816 3903 1671 1671 1671 1671 1671 1671 1671
    1671 1671 1671 1671 1671 1680 1680 1680 1680 1671 1671 1671 1671
    1671 1671 1671 1671 1671 1671 1671 1671 1671 1671 1671 1671 1671
    1671 1671 1671 1671 1671 1671 1671 1671 1671 1671 1680 1671 1671
    1671 1671 1671 1671 1671 1671 1671 1671 1671 1671 1671 1671 1671
    1671 1671 0 0 1671 1671 1671 1671 1671 1671 1671 1671 1671 1671 1671
    1671 1671 1671 1671 1671 1671 1671 1671 1663 1663 1671 1671 1671
    1671 1671 1663 1663 1663 1663 1663 1663 1663 1663 1663 1663 1663
    1671 1671 1671 1671 1671 1671 1671 1671 1671 1671 1671 1671 1671
    1671 1671 1663 1663 1663 1663 1671 1671 1671 1671 1671 1671 0 1671
    1671 1671 1671 1671 1671 1671 1671 1663 1663 1663 1663 1671 1671
    1663 1663 1663 1663 1663 1663 1663 1671 1671 1671 1663 1663 1663
    1663 1663 1663 1663 1663 1663 1663 1663 1663 1663 1663 1663 1663
    1663 1663 1663 1663 1663 1663 1671 1671 1671 1663 1663 1663 1663
    1663 1663 1663 1663 1663 1663 1663 1671 0 1671 1671 1671 1671 1671
    1671 1671 1671 1663 1663 1663 1663 1663 1663 1663 1663 1663 1663
    1663 1663 1663 1663 1663 1663 1663 1663 1663 1655 1655 1655 1655
    1663 1663 1663 1663 1663 1663 1663 1663 1663 1663 1663 1663 1663
    1663 1663 1663 1663 1663 1663 1663 1663 1663 1663 1663 1663 1663
    1663 1663 1663 1663 0 1663 1671 1671 1671 1671 1671 1671 1671 1663
    1663 1663 1663 1663 1663 1663 1663 1663 1663 1663 1663 1663 1663
    1663 1663 1663 1663 1663 1647 1647 1647 1647 1655 1655 1655 1655
    1663 1655 1655 1655 1655 1655 1655 1663 1655 1655 1655 1655 1655
    1663 1663 1663 1663 1655 1655 1647 1647 1663 1663 1663 1655 1655
    1655 0 0 1671 1671 1671 1671 1671 1671 1671 1663 1663 1663 1663 1663
    1663 1663 1663 1663 1663 1663 1663 1663 1663 1663 1663 1663 1663
    1655 1647 1647 1647 1647 1647 1655 1655 1655 1655 1655 1655 1647
    1647 1655 1655 1655 1647 1647 1647 1647 1647 1655 1655 1655 1655
    1655 1655 1647 1647 1655 1655 1655 1647 1647 1655 0 0 1663 1663 1663
    1663 1671 1663 1663 1655 1655 1655 1655 1663 1663 1663 1663 1655
    1655 1655 1655 1655 1655 1655 1655 1655 1655 1647 1647 1647 1647
