<?xml version="1.0"?>
<opencv_storage>
<Depth2158 type_id="opencv-matrix">
  <rows>11</rows>
  <cols>12</cols>
  <dt>w</dt>
  <data>
    5832 5933 5933 5548 5548 5548 5548 0 4241 4241 4241 4190 5832 5832
    5548 5548 5460 5460 5548 5548 0 4190 4190 4190 5734 5640 5548 5548
    5460 5460 5460 5460 0 0 4241 4241 5548 5548 5548 5548 5374 5374 5460
    5460 5460 5460 0 0 5548 5460 5460 5460 5374 5374 5460 5460 5460 5460
    5374 5374 5460 5460 5460 5460 5460 5460 5460 5460 5460 5460 5374
    5374 5460 5460 5548 5548 5548 5548 5460 5460 5460 5460 5374 5374
    5548 5548 5548 0 5548 5548 5460 5460 5460 5374 5374 5374 0 0 0 0 0
    5460 5460 5460 5374 5374 5374 5374 0 0 0 0 5460 5460 5291 5291 5291
    5374 5374 0 0 0 0 0 5460 5460 5291 5291 5291 5374 0 0</data></Depth2158>
</opencv_storage>
