<?xml version="1.0"?>
<opencv_storage>
<Depth14836 type_id="opencv-matrix">
  <rows>125</rows>
  <cols>57</cols>
  <dt>w</dt>
  <data>
    4295 4295 4241 4241 4241 4241 4241 4241 4241 4241 4241 4190 4190
    4190 4139 4139 4190 4139 4089 4089 4041 4041 4041 4041 4041 4041
    3994 3948 3903 3903 3948 3948 3903 3903 3903 3903 3859 3859 3859
    3859 878 878 873 871 871 871 3774 3732 3732 3732 3692 3692 3692 3692
    3732 3692 3692 4295 4295 4241 4241 4241 4241 4241 4241 4241 4241
    4241 4190 4190 4190 4190 4190 4190 4139 4089 4089 4089 4041 4041
    4041 4041 4041 3994 3948 3903 3903 3903 3903 3903 3903 3903 3903
    3859 3859 3859 878 878 875 873 871 871 871 3816 3816 3816 3816 3692
    3692 3692 3692 3732 3692 3692 4295 4295 4241 4241 4241 4241 4295
    4241 4241 4241 4241 4190 4190 4190 4139 4139 4139 4089 4089 4089
    4089 4089 4041 4041 4041 4041 3994 3903 3903 3903 3903 3903 3903
    3903 3903 3903 3859 3859 3859 878 878 875 873 871 871 871 871 871
    871 0 0 3692 3692 3692 3732 3692 3692 4295 4295 4241 4241 4241 4241
    4241 4241 4241 4241 4241 4241 4190 4190 4139 4139 4139 4089 4089
    4089 4041 4041 4041 4041 4041 4041 3994 3903 3903 3903 3948 3948
    3903 3903 3903 3903 3903 885 880 875 875 875 873 873 873 871 871 871
    864 864 864 864 0 3732 3732 3692 3692 4349 4295 4241 4241 4241 4241
    4241 4241 4241 4241 4241 4241 4190 4190 4190 4139 4139 4089 4089
    4041 4041 862 862 4041 4041 4041 4041 3948 3948 3948 3948 3903 3903
    3903 3903 3903 3903 885 880 867 867 864 864 864 867 867 867 867 864
    864 864 864 864 3732 3732 3732 3692 4349 4295 4241 4190 4190 4241
    4241 4241 4241 4241 4241 935 928 4241 4241 4190 4139 4089 4089 4041
    4041 862 862 862 862 3994 3994 3948 3948 3948 856 856 869 869 869
    867 864 862 862 862 862 862 862 862 864 864 864 864 864 862 860 860
    0 860 860 3732 0 4349 4295 4241 4190 4190 4190 4190 4190 4241 4241
    935 935 928 928 928 901 901 873 873 856 856 856 858 858 858 854 854
    854 854 856 856 856 856 858 862 862 862 862 860 860 860 862 862 862
    862 862 862 864 864 862 860 860 0 0 0 0 0 1070 1067 1067 1047 1047
    4190 4190 4190 4190 935 935 933 928 915 903 901 873 871 864 856 856
    856 856 856 856 854 854 854 856 856 856 856 856 858 858 858 860 860
    860 860 860 862 862 862 862 862 862 864 864 864 864 864 0 0 0 0 0
    1070 1067 1060 1047 1010 1007 995 987 981 981 938 933 928 915 903
    901 873 869 864 858 856 856 856 856 856 856 854 854 856 856 856 856
    856 858 858 858 860 860 860 860 860 862 862 862 862 862 862 864 864
    864 864 864 0 0 0 0 0 1070 1070 1060 1047 1010 1007 995 987 981 951
    940 935 928 918 910 901 875 869 864 860 858 856 856 856 856 856 856
    856 856 856 856 856 856 856 856 856 858 860 860 860 862 862 862 862
    862 862 862 864 864 864 864 867 0 0 0 0 0 1073 1067 1057 1050 1016
    1007 995 984 978 951 940 933 923 918 908 896 878 869 864 860 858 856
    856 856 856 856 856 856 856 856 856 856 856 856 856 856 858 860 862
    862 862 860 860 860 862 862 862 864 864 864 864 0 0 0 0 0 0 1073
    1063 1057 1050 1019 1013 995 984 978 959 943 933 923 918 908 896 891
    869 864 862 858 856 856 856 856 856 856 856 856 856 858 858 856 856
    856 856 858 860 862 862 862 860 860 860 860 862 862 864 864 864 864
    0 0 0 0 0 0 1084 1063 1057 1050 1028 1016 995 984 975 959 959 930
    925 918 918 896 891 871 864 862 858 856 856 856 856 856 856 856 856
    856 858 858 858 858 858 858 860 862 862 862 862 860 860 860 860 862
    862 864 864 864 864 864 0 0 0 0 0 1080 1067 1057 1047 1038 1016 995
    984 975 962 962 930 925 918 913 896 891 873 867 862 858 856 856 856
    856 856 856 858 858 858 858 858 858 858 860 860 862 862 862 862 862
    862 862 860 860 862 862 864 864 864 864 864 0 0 0 0 0 1080 1067 1057
    1047 1038 1013 995 984 975 962 956 935 925 918 913 896 891 875 867
    862 858 856 856 856 856 856 856 858 858 858 858 858 858 858 860 860
    862 860 860 860 862 862 862 862 862 862 862 864 864 864 864 864 0 0
    0 0 0 1080 1067 1057 1047 1028 1013 995 987 978 962 943 933 928 920
    913 898 891 873 864 862 862 858 858 858 858 858 858 860 858 858 858
    858 858 860 860 860 862 860 860 860 860 860 862 862 862 862 862 864
    864 864 864 864 0 0 0 0 0 1077 1067 1060 1047 1028 1016 998 989 981
    959 943 933 928 920 913 901 891 873 864 862 862 862 862 864 862 862
    862 860 860 860 860 860 860 860 860 860 862 862 860 860 860 860 862
    862 862 862 862 864 864 864 864 864 0 0 0 0 0 1077 1067 1060 1050
    1028 1016 995 989 984 959 943 933 930 923 915 901 894 878 867 864
    862 862 862 862 862 862 862 860 860 860 860 860 860 860 860 860 860
    860 860 860 860 860 862 862 862 862 862 864 864 864 864 864 0 0 0 0
    0 1077 1067 1060 1050 1028 1019 995 989 981 959 943 933 930 925 915
    901 889 878 867 864 862 862 862 862 862 862 860 860 860 858 858 860
    860 860 860 860 860 860 860 860 860 860 862 862 862 862 862 864 864
    864 864 864 867 0 0 0 0 1080 1073 1060 1050 1031 1019 995 989 981
    959 948 938 933 925 915 901 889 880 867 862 860 860 860 862 862 862
    860 860 860 858 858 858 860 860 860 860 860 860 860 860 860 860 862
    862 862 862 862 864 864 864 864 864 867 0 0 0 0 1084 1073 1060 1054
    1031 1019 995 992 981 959 951 938 933 925 910 901 889 880 869 862
    860 860 860 860 862 860 860 860 860 858 858 858 860 860 862 860 860
    860 860 860 860 860 862 862 862 862 862 864 864 864 864 864 0 0 0 0
    0 1087 1073 1057 1050 1028 1019 995 992 981 959 951 940 933 923 910
    901 889 880 873 862 860 860 860 860 862 860 860 860 860 858 858 860
    860 862 862 862 862 862 862 862 862 862 862 862 862 862 862 864 864
    864 864 867 0 0 0 0 0 1094 1077 1054 1050 1028 1019 998 992 984 959
    954 946 933 923 913 903 887 880 875 862 858 858 858 858 860 860 860
    860 860 858 858 860 860 860 860 862 862 862 862 862 862 862 862 862
    862 862 862 864 864 864 864 867 0 0 0 0 0 0 1077 1054 1041 1031 1022
    1001 992 984 975 956 946 933 923 915 894 887 880 878 862 858 858 858
    858 860 860 860 860 858 858 860 860 860 860 860 862 862 862 862 862
    862 862 862 862 862 862 862 864 864 867 867 867 867 0 0 0 0 1084
    1077 1057 1041 1031 1028 1007 989 984 975 962 948 930 925 915 894
    885 880 878 867 860 858 858 858 858 860 860 860 858 858 858 858 858
    860 860 862 862 862 862 862 862 862 862 862 862 862 862 864 864 867
    867 864 864 0 0 0 0 1080 1073 1060 1044 1034 1025 1010 989 984 975
    962 954 930 925 915 894 885 882 878 864 860 858 858 858 858 858 858
    858 858 858 858 858 858 860 860 862 862 862 862 862 862 862 862 862
    862 862 862 864 864 867 864 864 864 0 0 0 0 1080 1073 1067 1044 1038
    1022 1010 995 984 978 959 954 930 923 915 898 887 882 878 864 860
    858 856 856 858 858 858 858 858 858 860 860 860 860 862 862 862 862
    862 862 862 862 862 862 862 862 862 864 864 864 864 864 864 0 0 0 0
    0 1080 1067 1044 1041 1019 1007 995 984 978 959 954 923 923 915 901
    887 882 875 864 860 858 856 856 858 858 858 860 860 860 860 862 862
    862 862 862 862 862 862 862 862 862 862 862 860 860 862 864 864 864
    864 862 862 0 0 0 0 0 1080 1067 1047 1041 1019 1007 995 984 978 959
    956 923 923 915 903 889 882 873 864 860 858 856 856 858 858 858 860
    860 860 860 862 862 862 862 862 862 862 862 862 862 862 862 862 860
    860 862 864 864 864 864 862 862 0 0 0 0 0 0 1057 1047 1038 1022 1010
    1004 984 975 959 956 938 923 918 901 894 885 873 864 860 858 856 856
    858 858 860 860 860 860 860 862 862 862 860 860 860 860 860 862 862
    862 862 862 860 860 862 864 864 864 864 864 864 0 0 0 0 0 0 1057
    1047 1034 1022 1010 1004 987 975 956 940 933 925 920 901 894 887 875
    864 860 858 858 856 856 858 860 860 860 860 860 860 862 860 860 860
    860 860 860 860 860 860 862 862 862 862 862 864 864 864 864 864 864
    0 0 0 0 0 1067 1057 1050 1031 1022 1013 1007 1001 978 956 940 933
    925 920 901 894 885 880 864 860 858 856 856 856 858 858 860 860 860
    860 860 860 860 860 860 860 860 860 860 860 860 862 862 862 862 862
