<?xml version="1.0"?>
<opencv_storage>
<Depth19597 type_id="opencv-matrix">
  <rows>110</rows>
  <cols>36</cols>
  <dt>w</dt>
  <data>
    3539 3539 3539 3539 3539 3503 3503 3503 3503 3539 1470 1470 1458
    1439 1433 1433 1464 1464 3503 3503 3503 3503 3503 3503 3503 3503
    3503 3503 3503 3503 3503 3503 3503 3503 3503 3503 3539 3539 3539
    3539 3539 3503 3503 3503 3503 3539 1464 1458 1452 1427 1427 1433
    1439 1458 1464 1445 1439 1439 1439 1433 1433 3503 3503 3539 3539
    3539 3503 3503 3503 3503 3503 3503 3539 3539 3539 3539 3539 3503
    3503 3503 3503 1470 1458 1445 1445 1421 1421 1433 1439 1458 1458
    1433 1433 1433 1433 1427 1415 1415 1415 3576 3539 3503 3503 3503
    3503 3503 3539 3503 3539 3503 3503 3468 3468 3468 3468 1464 0 1464
    1445 1433 1415 1415 1421 1433 1439 1452 1452 1433 1427 1415 1415
    1410 1410 1415 1415 1245 1245 1250 1250 3503 3503 3539 3539 3503
    3539 3503 3503 3468 3468 3468 0 0 0 1464 1404 1404 1404 1404 1415
    1433 1439 1452 1452 1452 1427 1415 1415 1410 1410 1410 1245 1245
    1245 1245 1241 1241 1241 3539 3539 3503 3539 3539 3503 3503 0 0 0 0
    0 0 1404 1404 1268 1268 1415 1415 1307 1307 1307 1312 1312 1317 1312
    1312 1312 1312 1245 1245 1245 1245 1241 1241 1241 1245 3503 3503
    3539 3539 3503 3503 0 0 0 0 0 1445 1278 1273 1268 1268 1268 1268
    1273 1278 1292 1302 1307 1312 1307 1302 1302 1288 1273 1250 1250
    1250 1245 1245 1245 1245 3503 3503 3539 3539 3539 3539 0 0 0 0 0
    1445 1273 1268 1268 1268 1264 1264 1268 1268 1273 1283 1292 1302
    1302 1297 1292 1283 1273 1268 1255 1250 1245 1241 1241 1241 3503
    3503 3539 3539 3539 3539 0 0 0 0 0 0 1273 1268 1268 1268 1264 1264
    1264 1264 1264 1259 1255 1255 1259 1259 1259 1273 1264 1259 1255
    1250 1245 1241 1236 1236 1236 3539 3539 3539 3539 3576 0 0 0 0 0 0
    1278 1273 1268 1268 1264 1264 1264 1259 1259 1255 1255 1255 1255
    1255 1255 1255 1255 1255 1255 1250 1250 1241 1236 1236 1241 1241
    3576 3539 3539 3576 0 0 0 0 0 0 0 1273 1268 1268 1264 1259 1259 1259
    1259 1255 1255 1250 1250 1250 1255 1250 1250 1250 1250 1250 1250
    1241 1241 1241 1241 1245 3576 3539 3539 3539 0 0 0 0 0 0 0 1273 1268
    1268 1264 1259 1259 1259 1259 1255 1255 1250 1250 1250 1255 1250
    1250 1250 1250 1245 1245 1245 1245 1245 1245 1245 3576 3539 3539
    3539 0 0 0 0 0 0 0 1273 1268 1268 1264 1264 1264 1259 1259 1255 1255
    1255 1250 1250 1255 1250 1250 1250 1250 1245 1241 1241 1241 1245
    1245 1250 3539 3539 3503 3503 0 0 0 0 0 0 1273 1273 1268 1268 1268
    1264 1264 1259 1259 1255 1255 1255 1250 1250 1255 1255 1250 1250
    1250 1245 1241 1241 1241 1245 1245 1250 3539 3539 3503 3503 3503 0 0
    0 0 0 1273 1273 1273 1268 1268 1268 1264 1259 1259 1255 1255 1255
    1250 1250 1255 1250 1250 1250 1245 1245 1245 1245 1245 1245 1245
    1250 3539 3539 3503 3503 3503 0 0 0 0 0 1278 1273 1268 1268 1268
    1268 1264 1264 1259 1259 1255 1255 1255 1255 1255 1250 1250 1250
    1245 1245 1245 1245 1245 1245 1245 1250 3539 3503 3503 3503 3503 0 0
    0 0 0 1278 1273 1268 1268 1268 1268 1264 1264 1259 1259 1259 1255
    1255 1255 1255 1250 1250 1250 1245 1245 1245 1245 1245 1245 1245
    1245 3539 3503 3503 0 0 0 0 0 0 0 1288 1273 1268 1268 1268 1268 1268
    1268 1264 1264 1264 1259 1255 1255 1255 1255 1255 1250 1245 1245
    1245 1245 1245 1245 1245 1245 3539 3503 3503 0 0 0 0 0 0 0 1278 1273
    1268 1268 1268 1268 1268 1268 1264 1264 1264 1259 1259 1255 1255
    1255 1255 1250 1250 1245 1245 1245 1245 1245 1245 1245 3576 3503
    3503 0 0 0 0 0 0 0 1278 1273 1273 1268 1268 1268 1268 1268 1264 1264
    1264 1259 1259 1255 1255 1255 1255 1250 1250 1250 1250 1245 1245
    1245 1245 1245 3576 3576 3653 0 0 0 0 0 0 1273 1273 1273 1273 1273
    1268 1268 1264 1264 1264 1264 1259 1259 1255 1255 1255 1255 1255
    1250 1250 1250 1250 1245 1245 1245 1245 1245 3614 3614 3653 0 0 0 0
    0 0 1273 1273 1273 1273 1273 1268 1268 1264 1264 1264 1268 1259 1259
    1255 1255 1255 1255 1255 1250 1250 1250 1250 1250 1250 1250 1250
    1250 3614 3576 3576 0 0 0 0 0 0 1273 1273 1273 1273 1273 1268 1268
    1264 1264 1268 1268 1268 1259 1255 1255 1255 1255 1255 1255 1250
    1250 1250 1250 1250 1250 1250 1250 3576 3576 3576 0 0 0 0 0 0 1273
    1273 1273 1273 1268 1268 1264 1264 1264 1268 1268 1268 1259 1259
    1255 1255 1255 1255 1250 1250 1250 1250 1250 1250 1250 1250 1250
    3576 3576 3576 0 0 0 0 0 0 1278 1278 1273 1273 1268 1268 1264 1264
    1268 1268 1268 1268 1264 1259 1255 1255 1255 1255 1250 1250 1250
    1250 1250 1250 1250 1250 1250 3576 3576 0 0 0 0 0 0 0 1288 1283 1278
    1273 1268 1268 1268 1268 1268 1268 1268 1268 1268 1259 1255 1255
    1255 1255 1255 1255 1250 1250 1250 1255 1250 1250 1250 3576 3576 0 0
    0 0 0 0 0 1288 1283 1278 1273 1273 1273 1268 1268 1268 1268 1268
    1268 1268 1259 1255 1255 1259 1255 1255 1255 1255 1250 1250 1250
    1255 1255 1255 3576 3614 0 0 0 0 0 0 0 1283 1283 1278 1273 1273 1273
    1268 1268 1268 1268 1268 1268 1268 1268 1259 1259 1259 1255 1255
    1255 1255 1255 1250 1250 1255 1255 1255 3614 3653 0 0 0 0 0 0 0 1283
    1283 1278 1273 1273 1273 1268 1268 1268 1268 1268 1268 1268 1268
    1259 1259 1259 1259 1255 1255 1255 1255 1250 1250 1255 1255 1255
    3614 3653 0 0 0 0 0 0 0 1283 1283 1278 1273 1273 1273 1273 1273 1268
    1268 1268 1268 1268 1268 1259 1259 1259 1255 1255 1255 1255 1250
    1250 1245 1245 1245 3576 3614 3653 0 0 0 0 0 0 0 1283 1283 1278 1273
    1273 1273 1273 1273 1268 1268 1268 1268 1268 1264 1259 1259 1259
    1255 1255 1255 1255 1250 1250 1245 1245 1245 3576 3539 3539 0 0 0 0
    0 0 0 1278 1278 1278 1273 1273 1273 1273 1273 1268 1268 1268 1268
    1268 1264 1259 1259 1259 1259 1255 1255 1255 1250 1250 1250 1250
    1250 3576 3539 3539 0 0 0 0 0 0 1283 1278 1278 1278 1273 1273 1273
    1273 1273 1268 1268 1268 1268 1268 1264 1259 1259 1259 1259 1259
    1255 1255 1250 1250 1250 1250 1250 3614 3614 3614 0 0 0 0 0 0 1283
    1278 1278 1278 1278 1273 1273 1273 1268 1268 1268 1268 1268 1268
    1268 1264 1264 1264 1259 1255 1255 1255 1250 1250 1250 1250 3614
    3614 3614 3614 0 0 0 0 0 0 1283 1278 1278 1278 1278 1273 1273 1268
    1268 1268 1268 1273 1268 1268 1268 1264 1264 1264 1259 1255 1255
    1255 1250 1250 1250 1250 3539 3539 3653 3653 0 0 0 0 0 0 1288 1283
    1283 1278 1278 1273 1273 1268 1268 1268 1268 1273 1268 1268 1268
    1264 1264 1264 1259 1255 1255 1255 1255 1255 1255 1255 3539 3539
    3653 3653 0 0 0 0 0 0 1288 1288 1283 1278 1278 1278 1273 1273 1268
    1268 1268 1268 1268 1268 1264 1264 1264 1264 1259 1259 1255 1255
    1255 1255 1255 1255 3539 3539 3653 0 0 0 0 0 0 0 1288 1288 1283 1278
    1278 1278 1273 1273 1268 1268 1268 1268 1268 1268 1264 1264 1264
    1264 1259 1259 1255 1255 1255 1255 1255 1255 3614 3614 3614 0 0 0 0
    0 0 1292 1288 1288 1283 1278 1278 1278 1273 1273 1273 1268 1268 1268
    1273 1268 1268 1268 1264 1264 1264 1259 1255 1255 1255 1255 1255
    1255 3614 3614 3614 0 0 0 0 0 0 1292 1288 1288 1283 1278 1278 1278
    1278 1273 1273 1273 1268 1268 1273 1268 1268 1268 1264 1264 1264
    1259 1259 1255 1255 1241 1241 1241 3614 3614 3614 0 0 0 0 0 0 1292
    1288 1288 1283 1283 1278 1278 1278 1278 1273 1273 1273 1273 1273
    1268 1268 1264 1264 1268 1264 1264 1259 1255 1255 1236 1236 1236
    1236 3576 3614 0 0 0 0 0 0 1292 1292 1288 1283 1283 1278 1278 1273
    1273 1273 1273 1273 1273 1273 1273 1268 1264 1264 1264 1264 1264
    1259 1259 1245 1236 1236 1236 3576 3576 3653 0 0 0 0 0 0 0 1292 1288
    1283 1283 1283 1273 1273 1273 1273 1273 1273 1273 1273 1273 1268
    1268 1268 1264 1264 1264 1259 1259 1245 1241 1241 1241 3576 3576
    3614 0 0 0 0 0 0 0 1292 1288 1283 1283 1278 1273 1273 1273 1273 1273
    1273 1273 1273 1273 1273 1268 1268 1268 1264 1264 1259 1259 1255
    1255 1255 3576 3576 3576 3614 0 0 0 0 0 0 0 1292 1288 1283 1283 1278
    1278 1278 1278 1273 1273 1273 1273 1273 1273 1273 1268 1268 1268
    1264 1264 1264 1264 1259 1259 1259 0 3539 3539 3614 0 0 0 0 0 0 1297
    1292 1288 1288 1283 1278 1278 1283 1273 1273 1273 1273 1273 1273
