<?xml version="1.0"?>
<opencv_storage>
<Depth17491 type_id="opencv-matrix">
  <rows>10</rows>
  <cols>7</cols>
  <dt>w</dt>
  <data>
    6497 6375 6146 6146 6146 6038 6038 6375 6375 6259 6146 6146 6146
    6146 6259 6259 6259 6146 6038 5933 5933 6146 6146 6146 6038 6038
    5832 5832 6146 6146 6146 6038 6038 5832 5832 6259 6259 6146 6038
    5933 5933 5933 6259 6259 6146 6038 5933 5933 5933 6259 6259 6146
    6038 6038 6038 6038 6146 6146 6259 6146 6146 0 0 6146 6146 6259 6146
    6146 0 0</data></Depth17491>
</opencv_storage>
