<?xml version="1.0"?>
<opencv_storage>
<Depth8753 type_id="opencv-matrix">
  <rows>41</rows>
  <cols>32</cols>
  <dt>w</dt>
  <data>
    5374 5291 5291 5291 5210 5210 5132 5132 2541 2541 2560 2579 2560
    2560 2560 2560 2598 2598 2598 2579 2579 2579 2579 2579 2598 2598
    4911 4708 4708 4774 4774 4708 5291 5291 5291 5291 5291 5210 5210
    2560 2541 2541 2560 2560 2560 2541 2541 2541 2579 2579 2598 2579
    2579 2579 2579 2579 2598 2598 2598 4708 4708 4774 4774 4708 5291
    5291 5374 5374 5291 2541 2541 2541 2560 2560 2560 2560 2560 2541
    2541 2541 2579 2579 2598 2579 2579 2579 2579 2579 2579 2579 2579
    4708 4708 4774 4774 4708 5374 5374 2560 2560 2560 2541 2541 2541
    2560 2560 2560 2560 2560 2541 2541 2541 2579 2579 2579 2579 2579
    2579 2579 2579 2579 2579 2579 4842 4842 4774 4774 4708 2560 2560
    2560 2560 2560 2560 2560 2560 2560 2560 2560 2560 2560 2560 2560
    2560 2579 2579 2579 2579 2579 2579 2579 2579 2579 2579 2579 4911
    4842 4774 4774 4774 2560 2560 2560 2560 2560 2560 2560 2560 2560
    2560 2560 2560 2560 2560 2560 2560 2579 2579 2579 2579 2579 2579
    2579 2560 2560 2560 2560 4911 4842 4774 4774 4774 2560 2560 2560
    2560 2560 2560 2560 2560 2560 2560 2560 2560 2560 2560 2560 2560
    2579 2579 2579 2579 2579 2579 2579 2560 2560 2560 2560 4911 4911
    4842 4842 4842 2579 2579 2560 2560 2560 2560 2560 2560 2560 2560
    2560 2560 2560 2560 2560 2560 2579 2579 2579 2579 2579 2579 2579
    2560 2560 2560 2560 4911 4911 4842 4842 4842 2579 2579 2560 2560
    2560 2560 2541 2541 2560 2560 2560 2560 2560 2560 2560 2560 2579
    2579 2579 2579 2579 2579 2579 2560 2560 2560 2560 2560 4983 4911
    4911 4842 2579 2579 2560 2560 2541 2541 2541 2541 2560 2560 2560
    2560 2560 2560 2560 2560 2560 2579 2579 2579 2579 2579 2579 2579
    2579 2579 2579 2579 4911 4911 4911 4842 2598 2579 2560 2560 2541
    2541 2541 2560 2560 2560 2560 2560 2560 2560 2560 2560 2560 2560
    2579 2579 2579 2579 2579 2579 2579 2579 2579 2579 4911 4911 4911
    4842 2541 2541 2560 2560 2560 2560 2560 2560 2560 2560 2560 2560
    2560 2560 2560 2560 2560 2560 2579 2579 2579 2579 2579 2579 2579
    2579 2579 2579 2579 4911 4911 4842 2541 2541 2560 2560 2560 2560
    2560 2560 2560 2560 2560 2560 2560 2560 2560 2560 2560 2560 2579
    2579 2579 2579 2579 2579 2579 2579 2579 2579 2579 4911 4911 4842
    5374 2541 2541 2560 2560 2560 2560 2560 2560 2560 2560 2560 2560
    2560 2560 2560 2560 2560 2579 2579 2579 2579 2579 2579 2579 2579
    2579 2579 2579 4911 4911 4911 5374 2541 2541 2560 2560 2560 2560
    2560 2560 2560 2560 2560 2560 2560 2560 2560 2579 2579 2579 2579
    2579 2579 2579 2579 2579 2579 2579 2579 2579 2579 4911 4911 5374
    2560 2560 2560 2560 2560 2560 2560 2560 2560 2560 2560 2560 2560
    2560 2560 2579 2579 2579 2579 2579 2579 2579 2579 2579 2579 2579
    2579 2579 4983 4911 4911 5374 2579 2579 2579 2560 2560 2560 2560
    2560 2560 2560 2560 2541 2541 2560 2560 2579 2579 2579 2579 2579
    2579 2579 2579 2579 2579 2598 2598 2598 4911 4911 4911 5291 5291
    2560 2560 2560 2560 2560 2541 2541 2560 2560 2560 2541 2541 2560
    2560 2579 2579 2579 2579 2579 2579 2579 2579 2579 2579 2579 2579
    2579 4911 4911 4842 5210 2579 2560 2560 2560 2560 2560 2541 2541
    2541 2560 2560 2560 2560 2560 2560 2579 2579 2579 2579 2579 2579
    2579 2579 2579 2579 2579 2579 2579 4911 4911 4842 5210 2579 2579
    2560 2560 2560 2560 2541 2541 2541 2541 2560 2560 2560 2560 2560
    2579 2579 2579 2579 2579 2579 2579 2579 2579 2579 2579 2579 2579
    4911 4911 4911 5291 2598 2579 2579 2560 2560 2560 2541 2541 2541
    2541 2541 2560 2560 2560 2560 2579 2579 2579 2579 2598 2598 2579
    2579 2579 2579 2579 2579 2579 2579 4911 4911 5374 2598 2598 2579
    2560 2560 2560 2541 2541 2541 2541 2541 2541 2560 2560 2560 2579
    2579 2579 2579 2598 2598 2579 2579 2579 2579 2579 2579 2579 2579
    4842 4842 5460 5460 2618 2579 2560 2560 2560 2541 2541 2541 2541
    2541 2541 2560 2560 2560 2579 2579 2579 2579 2598 2598 2579 2579
    2579 2579 2579 2579 2579 2579 2579 4842 5460 5460 5548 2579 2560
    2560 2560 2541 2541 2541 2541 2541 2541 2560 2560 2560 2579 2579
    2579 2579 2579 2579 2579 2579 2579 2579 2579 2579 2579 2579 2579
    4911 5460 5460 5460 2598 2579 2560 2560 2541 2541 2541 2541 2541
    2560 2560 2560 2560 2579 2579 2579 2579 2579 2579 2579 2579 2579
    2579 2579 2579 2579 2579 2579 4911 5460 5460 2639 2618 2579 2560
    2560 2560 2541 2541 2541 2541 2560 2560 2560 2560 2579 2579 2579
    2579 2579 2579 2579 2579 2579 2579 2579 2579 2579 2579 2579 2579
    5460 5460 2639 2618 2598 2579 2560 2560 2541 2541 2541 2541 2560
    2560 2560 2560 2579 2579 2579 2579 2579 2579 2579 2579 2579 2579
    2579 2598 2598 2598 2579 2579 5460 5460 2639 2618 2598 2598 2560
    2560 2541 2541 2541 2541 2560 2560 2560 2560 2579 2579 2579 2579
    2579 2579 2579 2579 2579 2579 2579 2579 2598 2598 2579 2579 5460
    5460 5548 2598 2598 2598 2579 2560 2560 2560 2541 2541 2541 2560
    2560 2560 2579 2579 2579 2579 2579 2579 2579 2579 2579 2579 2579
    2579 2598 2598 2579 2579 5460 5460 5460 2598 2598 2598 2579 2560
    2560 2560 2541 2541 2541 2560 2560 2560 2579 2579 2579 2579 2579
    2579 2579 2598 2579 2579 2579 2579 2598 2598 2598 2598 5460 5460
    5374 5210 2598 2598 2579 2560 2560 2560 2560 2541 2541 2541 2560
    2560 2579 2579 2579 2579 2579 2579 2579 2598 2579 2579 2579 2579
    2598 2598 2598 2598 5460 5460 5374 5210 2618 2598 2579 2560 2560
    2560 2560 2541 2541 2541 2560 2560 2579 2579 2579 2579 2579 2579
    2579 2598 2598 2598 2579 2579 2598 2598 2598 2598 5460 5460 5374
    5291 2618 2541 2541 2560 2560 2560 2560 2560 2560 2560 2560 2560
    2579 2579 2579 2579 2579 2579 2579 2579 2579 2579 2579 2579 2598
    2579 2579 2598 5460 5460 5460 5374 5374 2541 2541 2541 2541 2560
    2560 2560 2560 2560 2560 2560 2579 2579 2579 2579 2579 2579 2579
    2579 2579 2579 2579 2579 2579 2579 2579 2579 5460 5460 5460 5460
    5460 2541 2541 2541 2541 2560 2560 2560 2560 2560 2560 2560 2579
    2579 2579 2579 2560 2560 2579 2579 2579 2579 2579 2579 2579 2579
    2579 2579 5460 5460 5460 5460 5460 2541 2541 2541 2541 2560 2541
    2541 2541 2541 2541 2560 2579 2579 2579 2579 2560 2560 2579 2579
    2579 2560 2560 2560 2560 2579 2579 4911 5460 5460 5460 5460 5460
    2541 2541 2560 2560 2560 2541 2541 2541 2541 2541 2560 2579 2579
    2579 2579 2579 2579 2579 2579 2579 2560 2560 2560 2560 4983 4983
    4983 5460 5460 5460 5460 5460 5460 5460 2560 2560 2560 2560 2541
    2541 2541 2541 2541 2579 2579 2579 2579 2579 2579 2579 2579 2579
    5210 5056 5056 4983 4983 4983 4983 5460 5460 5460 5460 5460 5374
    5374 2560 2560 2560 2560 2541 2541 2541 2541 2541 2560 2579 2579
    2579 2598 2579 2579 2598 2598 5210 5056 4983 4983 4911 4911 4911
    5460 5460 5460 5460 5460 5374 5374 5374 2541 2541 2560 2541 2541
    2541 2541 2541 2560 2579 0 0 0 0 5210 5210 5210 5210 5056 4983 4911
    4911 4911 4911 5460 5460 5460 5460 5374 5210 5210 5210 2541 2541
    2541 2541 2541 2541 2541 2541 0 0 0 0 0 0 0 0 5291 5291 5291 5291
    4911 4911 4911 4911</data></Depth8753>
</opencv_storage>
