<?xml version="1.0"?>
<opencv_storage>
<Depth1441 type_id="opencv-matrix">
  <rows>94</rows>
  <cols>57</cols>
  <dt>w</dt>
  <data>
    3365 3333 3333 3333 3300 3300 3300 3300 3269 3269 3238 3178 3178
    3238 3238 3238 3238 3238 3238 1041 1041 1038 1038 1031 1031 3178
    3178 3120 3120 3120 3120 3120 3092 3064 3037 3037 3037 3037 3010
    3010 3010 3010 3010 2984 2984 2984 2984 2958 2958 2958 2958 2933
    2933 2908 2908 2883 2883 3365 3365 3333 3333 3300 3300 3300 3300
    3269 3269 3238 3178 3178 3238 3238 3238 3238 3238 3238 1041 1038
    1034 1031 1031 1031 1034 1038 1038 3120 3120 3120 3092 3092 3064
    3037 3037 3037 3010 3010 3010 3010 3010 2984 2984 2984 2984 2984
    2958 2958 2958 2958 2933 2908 2908 2908 2883 2883 3365 3365 3365
    3333 3333 3300 3269 3269 3269 3269 3269 1054 1054 1054 3238 1041
    1041 1041 1038 1038 1034 1028 1028 1028 1028 1034 1038 1044 1044
    1057 3092 3092 3064 3064 3064 3037 3037 3010 3010 3010 2984 2984
    2984 2984 2984 2984 2984 2958 2958 2958 2908 2908 2908 2908 2908
    2883 2883 3365 3365 3365 3365 3333 3300 3269 3269 3269 1063 1060
    1054 1050 1050 1047 1041 1041 1038 1038 1034 1028 1028 1028 1028
    1028 1034 1038 1044 1054 1057 1063 1073 1073 3064 3064 3037 3037
    3010 3010 3010 2984 2984 2984 2984 2984 2984 2958 2958 2958 2958
    2908 2908 2908 2908 2908 2883 2883 1080 1080 1077 1077 3365 1077
    1077 1070 1063 1063 1057 1054 1050 1050 1047 1041 1041 1038 1038
    1034 1028 1028 1028 1028 1028 1031 1038 1047 1054 1057 1063 1070
    1073 1080 1094 1097 1101 3010 3010 3010 2984 2984 2984 2984 2984
    2984 2958 2958 2958 2958 2933 2908 2908 2908 2908 2883 2883 1080
    1080 1077 1073 1070 1070 1063 1063 1060 1060 1057 1054 1050 1047
    1044 1041 1038 1038 1038 1034 1028 1028 1028 1028 1028 1031 1038
    1047 1054 1060 1063 1070 1073 1080 1087 1094 1101 1105 1105 2984
    2984 2984 2984 2984 2984 2984 2984 2984 2958 2958 2933 2908 2908
    2908 2908 2908 2883 1080 1080 1077 1073 1070 1067 1063 1060 1060
    1057 1054 1054 1050 1047 1044 1041 1038 1038 1038 1034 1028 1028
    1028 1028 1028 1031 1034 1047 1054 1057 1063 1070 1073 1080 1087
    1094 1101 1105 1112 1123 1130 1134 2984 2984 2984 2984 2984 2984
    2958 2958 2933 2933 2908 2908 2908 2908 2883 1077 1077 1077 1073
    1070 1067 1063 1060 1060 1057 1054 1050 1050 1047 1044 1041 1041
    1038 1038 1034 1028 1028 1028 1028 1028 1034 1034 1044 1054 1057
    1063 1067 1073 1080 1090 1094 1101 1105 1112 1123 1130 1134 1145
    1149 1153 3010 3010 3010 2984 2958 2958 2933 2908 2908 2908 2908
    2908 1077 1077 1077 1073 1070 1063 1063 1063 1060 1060 1054 1050
    1050 1047 1044 1041 1041 1038 1038 1034 1028 1028 1028 1028 1028
    1034 1038 1044 1050 1057 1063 1067 1073 1077 1087 1094 1101 1105
    1115 1123 1130 1134 1145 1149 1153 1165 1177 1185 1197 1197 2958
    2908 2908 2908 2908 2908 2908 0 1080 1077 1077 1073 1063 1063 1063
    1060 1060 1057 1054 1050 1047 1044 1041 1041 1038 1038 1031 1028
    1028 1028 1028 1028 1034 1038 1044 1050 1054 1063 1067 1073 1077
    1087 1094 1097 1105 1115 1123 1126 1138 1149 1153 1153 1165 1173
    1181 1185 1197 1206 2908 2908 2908 2908 2908 2908 0 1080 1080 1077
    1073 1070 1067 1063 1063 1060 1054 1054 1050 1047 1044 1041 1041
    1038 1038 1031 1028 1025 1025 1028 1028 1034 1041 1044 1050 1050
    1063 1067 1073 1077 1087 1094 1097 1105 1115 1123 1126 1138 1145
    1153 1157 1165 1173 1181 1185 1197 1202 1206 1206 2933 2908 2908
    2908 1084 1080 1080 1077 1073 1070 1067 1063 1063 1057 1054 1054
    1050 1047 1044 1044 1041 1038 1034 1028 1028 1025 1025 1025 1028
    1034 1041 1044 1047 1050 1060 1067 1073 1077 1084 1090 1094 1108
    1112 1119 1126 1134 1145 1153 1157 1161 1173 1181 1185 1193 1197
    1206 1206 2908 2908 2908 2908 1084 1080 1080 1077 1073 1070 1067
    1063 1060 1057 1054 1054 1050 1047 1044 1044 1041 1038 1034 1028
    1028 1025 1025 1025 1025 1034 1041 1044 1047 1050 1057 1067 1073
    1077 1084 1090 1094 1105 1112 1119 1123 1130 1138 1153 1157 1161
    1169 1181 1185 1193 1197 1206 1206 2883 2883 2908 2908 1080 1077
    1077 1077 1073 1070 1067 1063 1060 1057 1054 1054 1050 1047 1044
    1044 1041 1038 1034 1028 1025 1025 1025 1025 1025 1031 1038 1041
    1050 1050 1057 1063 1073 1077 1084 1090 1094 1105 1112 1119 1123
    1130 1134 1149 1157 1161 1169 1177 1185 1193 1197 1197 2883 2883
    2883 2883 2908 1080 1077 1077 1077 1073 1070 1063 1063 1060 1057
    1054 1050 1050 1047 1044 1041 1041 1038 1034 1028 1025 1025 1022
    1022 1025 1031 1038 1041 1047 1050 1057 1063 1070 1077 1084 1090
    1094 1108 1112 1119 1123 1130 1134 1145 1153 1161 1165 1177 1181
    1189 1197 1206 1206 2883 2883 2883 2908 0 1080 1080 1077 1073 1070
    1063 1063 1060 1057 1054 1050 1050 1047 1044 1041 1041 1038 1034
    1028 1025 1025 1022 1022 1025 1028 1038 1044 1047 1050 1057 1063
    1063 1073 1084 1090 1094 1108 1112 1115 1123 1130 1134 1145 1153
    1161 1165 1173 1181 1189 1197 1202 1202 2883 2883 2883 2883 0 1080
    1080 1080 1077 1070 1063 1063 1060 1057 1054 1050 1050 1047 1044
    1041 1041 1038 1038 1028 1028 1025 1022 1022 1025 1025 1034 1041
    1047 1047 1057 1060 1063 1070 1080 1090 1097 1105 1112 1115 1123
    1130 1138 1145 1153 1161 1165 1173 1181 1189 1193 1197 1197 2883
    2883 2883 2883 0 1080 1080 1080 1077 1070 1063 1063 1060 1057 1054
    1050 1050 1047 1044 1041 1041 1038 1038 1034 1028 1025 1025 1025
    1025 1025 1031 1038 1047 1047 1054 1057 1063 1070 1080 1087 1094
    1105 1108 1115 1123 1126 1134 1141 1153 1161 1165 1173 1181 1189
    1193 1197 1197 2883 2883 2883 2883 0 1080 1080 1077 1077 1070 1063
    1063 1060 1057 1054 1054 1050 1047 1044 1041 1041 1038 1034 1034
    1028 1025 1025 1025 1025 1028 1031 1038 1047 1047 1054 1057 1063
    1073 1080 1087 1094 1101 1108 1115 1119 1126 1134 1141 1153 1161
    1165 1169 1181 1189 1193 1197 1197 2883 2883 2883 2883 0 1077 1077
    1077 1077 1073 1067 1063 1060 1057 1054 1054 1050 1047 1044 1041
    1041 1038 1034 1034 1028 1025 1025 1025 1025 1028 1031 1038 1047
    1047 1054 1060 1067 1073 1080 1087 1090 1101 1108 1115 1119 1123
    1134 1141 1153 1157 1165 1169 1181 1185 1193 1197 1197 2883 2883
    2883 2883 0 1077 1077 1077 1077 1073 1067 1063 1060 1057 1054 1054
    1050 1047 1044 1041 1038 1038 1034 1034 1028 1025 1025 1025 1025
    1028 1031 1038 1044 1047 1054 1060 1067 1073 1077 1084 1090 1097
    1105 1112 1119 1119 1130 1141 1153 1157 1161 1169 1181 1185 1193
    1197 1202 1202 2883 2883 2883 0 1080 1080 1077 1077 1073 1070 1063
    1063 1057 1054 1054 1050 1047 1044 1041 1038 1038 1034 1028 1025
    1022 1022 1022 1025 1025 1034 1038 1044 1047 1054 1060 1063 1070
    1077 1084 1094 1097 1105 1112 1119 1119 1130 1141 1149 1157 1161
    1169 1177 1185 1189 1197 1202 1202 2883 2883 2883 0 1080 1080 1077
    1077 1073 1067 1063 1063 1060 1054 1054 1050 1047 1044 1041 1038
    1038 1034 1028 1025 1022 1022 1022 1022 1022 1031 1038 1041 1047
    1054 1060 1063 1070 1077 1084 1094 1097 1105 1112 1119 1119 1123
    1141 1149 1157 1161 1165 1177 1185 1189 1197 1202 1202 2883 2883
    2883 0 1080 1077 1077 1077 1073 1067 1063 1060 1057 1054 1050 1050
    1047 1041 1041 1038 1038 1028 1028 1025 1025 1022 1019 1019 1022
    1031 1038 1041 1044 1050 1057 1063 1067 1077 1084 1090 1097 1101
    1108 1115 1119 1123 1138 1149 1157 1161 1165 1169 1185 1193 1197
    1197 1197 2883 2883 2883 0 1073 1073 1073 1077 1073 1067 1063 1060
    1057 1054 1050 1050 1047 1041 1041 1038 1038 1028 1028 1025 1025
    1022 1019 1019 1022 1031 1038 1041 1044 1050 1057 1063 1067 1073
    1080 1087 1097 1101 1108 1115 1119 1123 1138 1149 1153 1157 1165
    1169 1181 1189 1193 1197 1197 2883 2883 2883 1063 1063 1070 1073
    1073 1070 1067 1063 1060 1057 1054 1050 1050 1047 1041 1041 1038
    1038 1028 1028 1025 1025 1022 1022 1022 1025 1031 1038 1041 1044
    1050 1057 1060 1067 1073 1077 1084 1097 1105 1108 1112 1115 1123
    1138 1149 1153 1157 1165 1169 1181 1185 1193 1197 1197 2883 2883
