<?xml version="1.0"?>
<opencv_storage>
<Depth4593 type_id="opencv-matrix">
  <rows>32</rows>
  <cols>38</cols>
  <dt>w</dt>
  <data>
    4774 4774 4774 4774 4774 2432 2398 2398 2415 2415 2398 2398 2398
    2398 4645 4645 4582 4582 4582 4582 4522 4522 4522 4463 4463 4405
    4405 4405 4349 4349 4349 4295 4295 4295 4295 4295 4295 4295 4842
    4774 4774 4774 4774 2432 2398 2398 2432 2432 2432 2398 2398 2398
    2415 2398 2398 4582 4582 4582 4582 4522 4522 4522 4463 4463 4463
    4405 4349 4349 4349 4295 4295 4295 4295 4295 4349 4295 4842 4774
    4774 4774 4774 2432 2415 2415 2415 2415 2415 2415 2398 2398 2415
    2398 2398 2398 2398 4582 4582 4522 4522 4522 4522 4463 4463 4405
    4405 4349 4349 4349 4295 4295 4349 4349 4349 4295 4842 4774 4774
    4774 2467 2432 2415 2398 2398 2415 2415 2398 2398 2398 2398 2398
    2398 2381 2381 4582 4582 4522 4522 4522 4522 4522 4463 4463 4463
    4405 4405 4405 4349 4349 4349 4349 4349 4295 4842 4842 4842 2503
    2467 2450 2432 2398 2398 2398 2398 2398 2398 2398 2398 2398 2398
    2381 2381 2381 2381 2381 4522 4522 4522 4522 4522 4522 4522 4463
    4405 4405 4405 4405 4349 4349 4349 4295 4842 4842 2522 2503 2485
    2450 2432 2398 2398 2398 2398 2398 2398 2398 2398 2398 2398 2381
    2381 2381 2381 2381 2349 2349 4522 4522 4522 4522 4522 4463 4405
    4405 4349 4349 4349 4349 4349 4295 4842 2598 2522 2522 2485 2450
    2432 2398 2398 2398 2398 2398 2398 2398 2398 2398 2398 2381 2381
    2381 2381 2381 2349 2349 2333 2333 2349 4522 4463 4463 4405 4405
    4349 4349 4349 4349 4349 4349 4983 2579 2541 2503 2432 2415 2398
    2398 2398 2398 2398 2398 2398 2398 2398 2398 2381 2381 2381 2381
    2381 2381 2349 2349 2333 2333 2349 2349 4463 4405 4405 4405 4349
    4349 4349 4349 4349 4349 2598 2579 2541 2467 2415 2398 2398 2398
    2398 2398 2398 2398 2398 2381 2381 2381 2381 2381 2381 2381 2381
    2365 2365 2349 2349 2349 2349 2349 2333 2333 2333 2333 4405 4349
    4349 4349 4349 4349 2598 2579 2485 2450 2415 2398 2398 2398 2398
    2398 2398 2398 2398 2381 2381 2381 2381 2381 2381 2365 2365 2365
    2365 2365 2349 2349 2365 2349 2333 2333 2333 2333 2349 2349 4349
    4349 4349 4349 2598 2541 2467 2432 2415 2398 2398 2398 2398 2415
    2415 2398 2398 2381 2381 2381 2381 2381 2381 2365 2365 2365 2365
    2365 2365 2349 2349 2349 2349 2349 2333 2333 2349 2349 2349 2349
    2349 4349 2598 2522 2467 2432 2432 2415 2415 2415 2415 2415 2415
    2398 2398 2381 2381 2381 2381 2381 2381 2365 2365 2365 2365 2365
    2365 2349 2333 2333 2333 2333 2333 2333 2333 2333 2349 2317 2317
    4405 2598 2522 2485 2450 2432 2432 2432 2432 2432 2432 2415 2398
    2398 2381 2381 2381 2381 2381 2365 2365 2365 2365 2365 2365 2365
    2349 2333 2333 2333 2333 2333 2333 2333 2333 2333 2317 2317 2317
    5132 2503 2503 2467 2450 2450 2450 2450 2450 2432 2432 2415 2398
    2381 2381 2381 2381 2381 2365 2365 2349 2349 2349 2349 2349 2349
    2349 2333 2333 2333 2333 2333 2333 2317 2317 2317 2317 2301 2598
    2522 2503 2485 2485 2485 2467 2450 2450 2450 2432 2432 2398 2398
    2381 2381 2381 2381 2365 2365 2349 2349 2333 2333 2333 2333 2333
    2333 2333 2333 2333 2333 2317 2317 2317 2317 2317 2301 2579 2522
    2522 2503 2503 2503 2485 2467 2467 2467 2450 2432 2415 2398 2398
    2381 2381 2381 2381 2365 2349 2349 2333 2333 2333 2333 2333 2333
    2333 2333 2333 2333 2317 2317 2317 2317 2317 2317 2579 2541 2541
    2522 2522 2522 2503 2503 2485 2467 2467 2467 2450 2432 2415 2398
    2398 2381 2381 2365 2349 2349 2333 2333 2333 2333 2333 2333 2333
    2333 2333 2333 2317 2317 2317 2317 2317 2317 2579 2579 2560 2541
    2522 2522 2503 2503 2503 2503 2503 2485 2467 2450 2432 2398 2398
    2398 2381 2365 2365 2349 2349 2333 2333 2333 2333 2333 2333 2317
    2317 2317 2317 2317 2317 2317 2317 2301 4983 2598 2579 2560 2541
    2522 2522 2522 2522 2522 2522 2503 2485 2467 2450 2432 2415 2398
    2398 2381 2365 2365 2349 2349 2349 2333 2333 2333 2333 2317 2317
    2317 2317 2317 2317 2317 2301 2301 5056 5056 2579 2579 2560 2560
    2541 2522 2522 2522 2522 2522 2503 2485 2467 2450 2432 2415 2398
    2398 2381 2381 2365 2365 2349 2349 2349 2333 2333 2333 2333 2333
    2317 2317 2317 2317 2301 2301 5056 5056 5056 4983 4983 2579 2560
    2541 2541 2541 2541 2522 2522 2503 2485 2467 2467 2450 2432 2415
    2398 2398 2381 2381 2365 2365 2349 2349 2333 2333 2333 2333 2317
    2317 2317 2317 2301 2301 5056 5056 5056 5056 4983 4983 4983 2560
    2560 2541 2541 2522 2522 2522 2503 2503 2467 2467 2450 2432 2415
    2415 2398 2398 2381 2381 2381 2365 2349 2333 2333 2333 2317 2317
    2317 2317 2317 2301 5056 5056 5056 5056 5056 5056 4983 2560 2560
    2560 2541 2541 2522 2522 2522 2503 2467 2467 2450 2450 2450 2432
    2415 2415 2398 2398 2381 2365 2349 2349 2349 2333 2333 2317 2317
    2317 2317 2301 5056 5056 4983 4983 4983 4983 4983 4983 4983 4983
    4983 2541 2522 2522 2522 2522 2503 2503 2467 2467 2467 2450 2450
    2432 2415 2415 2398 2381 2365 2349 2349 2349 2333 2317 2317 2317
    2317 2317 5056 5056 4983 4983 4983 4983 4983 4983 4983 4983 4983
    4983 4983 4983 2541 2541 2522 2522 2503 2485 2467 2450 2450 2450
    2432 2415 2398 2398 2381 2365 2349 2349 2333 2333 2317 2317 2317
    2317 5132 5056 5056 5056 5056 5056 4983 4983 4983 4983 4983 4983
    4983 4983 4983 2541 2541 2541 2522 2503 2485 2467 2467 2450 2450
    2450 2432 2432 2398 2398 2365 2349 2349 2333 2333 2317 2317 2317
    5132 5056 5056 5056 5056 5056 5056 4983 4983 4983 4983 4983 4911
    4911 4983 4983 4983 2541 2522 2522 2503 2503 2467 2467 2467 2450
    2450 2450 2432 2415 2398 2381 2381 2349 2333 2333 2333 2317 5210
    5132 5132 5132 5132 5056 5056 4983 4983 4983 4983 4983 4911 4911
    4983 4983 4911 4911 4911 2522 2522 2503 2485 2467 2467 2467 2467
    2467 2450 2432 2415 2398 2398 2365 2365 2333 2333 2333 5210 5132
    5132 5132 5132 5132 5056 4983 4983 4983 4983 4983 4983 4983 4983
    4983 4911 4911 4911 4911 4911 2503 2503 2485 2467 2467 2467 2467
    2467 2450 2450 2432 2398 2381 2381 2349 2333 2333 5210 5210 5210
    5210 5132 5132 5056 4983 4983 4983 4983 5056 5056 4983 4983 4983
    4983 4911 4911 4911 4842 4842 2503 2503 2485 2485 2485 2467 2467
    2467 2450 2432 2415 2398 2398 2381 2365 2349 5210 5210 5210 5132
    5132 5132 5056 5056 5056 5056 5056 5056 5056 4983 4983 5056 4983
    4911 4911 4911 4842 4842 4842 4911 4911 4911 2503 2485 2467 2467
    2467 2450 2432 2415 2398 2398 2398 2398 5210 5210 5210 5132 5132
    5132 5056 5056 5056 5056 5056 5056 5056 5056 5056 5056 5056 4983
    4983 4911 4911 4911 4911 4911 4842 4842 4842 4774 2467 2467 2467
    2467 2450 2432 2432 2432 4774 4708</data></Depth4593>
</opencv_storage>
