<?xml version="1.0"?>
<opencv_storage>
<Depth4439 type_id="opencv-matrix">
  <rows>15</rows>
  <cols>36</cols>
  <dt>w</dt>
  <data>
    5933 5933 5933 5933 5933 5933 5933 5933 5933 5933 5933 5933 6038
    6038 6038 6038 6038 6038 6146 6038 6038 6146 6146 6146 6146 6146
    6146 4983 4983 4983 4983 4983 4983 4983 5056 5056 5933 5933 5933
    5933 5933 5933 5933 5933 5933 5933 5933 5933 6038 6038 6038 6038
    6038 6038 6038 6038 6038 6146 6146 6146 4983 4983 4983 4983 4983
    4983 4983 4983 4983 4983 5056 5056 5933 5933 5933 5933 5933 5933
    6038 6038 5933 5933 5933 5933 5933 6038 6038 6038 6038 6038 6038
    6038 6038 4983 4983 4983 4983 4983 4983 4983 4983 4983 4983 4983
    4983 4983 4983 5056 6038 5933 5933 6038 6038 6038 6038 6038 6038
    5933 5933 5933 5933 6146 6146 6038 4983 4911 4911 4911 4911 4983
    4983 4983 4983 4983 4983 4983 4983 4983 4983 4983 4983 4983 4983
    4983 6038 6038 6038 6038 6038 6146 6038 6038 6038 5933 5933 4911
    4911 4911 4983 4911 4911 4911 4911 4911 4911 4983 4983 4983 4983
    4983 4983 4983 4983 4983 4983 4983 4983 4983 4983 4983 6038 6038
    6038 6038 6038 6146 6146 6146 6038 4911 4911 4911 4911 4911 4911
    4911 4911 4911 4911 4911 4911 4983 4983 4983 4983 4983 4983 4983
    4983 4983 4983 4983 4983 4983 4983 4983 6038 6038 6038 6038 6038
    4842 4842 4842 4842 4911 4911 4911 4842 4842 4911 4911 4911 4911
    4842 4842 4911 4911 4911 4983 4911 4911 4983 4911 4911 4911 4983
    4983 4983 4983 4983 4983 6038 6146 4983 4911 4911 4842 4842 4842
    4842 4911 4911 4911 4842 4842 4911 4911 4911 4842 4842 4842 4842
    4911 4911 4911 4911 4911 4983 4911 4911 4911 4983 4983 4983 4983 0 0
    4983 4983 4911 4911 4911 4911 4911 4911 4911 4911 4911 4911 4911
    4911 4911 4842 4842 4842 4842 4842 4842 4911 4911 4911 4911 4911
    4911 4911 4911 5056 5056 4983 4983 0 0 0 4911 4911 4911 4911 4842
    4842 4842 4842 4911 4911 4911 4911 4911 4911 4911 4842 4842 4774
    4708 4708 4774 4911 4911 4983 4983 4983 4911 4911 4911 6753 6375 0 0
    0 0 0 4842 4911 4911 4842 4842 4842 4842 4842 4911 4911 4911 4911
    4911 4911 4911 4911 4842 4774 4708 4708 4774 4911 4911 4983 4983
    4983 7030 6753 6753 6753 6375 0 0 0 0 0 4842 4911 4911 4842 4842
    4842 4842 4911 4911 4911 4911 4911 4911 4911 4983 4911 4911 4842
    4842 0 0 0 0 0 0 0 6889 6497 6375 6375 6375 6375 0 0 0 0 4911 4911
    4911 4842 4842 4842 4842 4911 4911 4842 4842 4842 4911 4911 4983 0 0
    0 0 0 0 0 0 0 0 0 6497 6497 6375 6375 6375 6375 0 0 0 0 4911 4911
    4911 4842 4774 4774 4911 4911 4911 4842 4842 4842 4842 4842 6038 0 0
    0 0 0 0 0 0 0 0 0 6497 6375 6375 6375 6375 6375 0 0 0 0 0 4774 4774
    4774 4708 4708 4911 4911 4983 4911 4911 4911 6146 6146 6038 0 0 0 0
    0 0 0 0 0 0 6375 6375 6375 6375 6375 0 0 0 0 0 0</data></Depth4439>
</opencv_storage>
