<?xml version="1.0"?>
<opencv_storage>
<Depth10140 type_id="opencv-matrix">
  <rows>28</rows>
  <cols>21</cols>
  <dt>w</dt>
  <data>
    2028 2016 2016 2005 2005 1993 1970 1970 1947 1936 1936 1926 1926
    1926 1926 1936 2984 2984 2958 2933 2883 2028 2016 2016 2005 2005
    2005 1993 1970 1970 3092 3092 3092 3092 3064 3037 3010 3010 2984
    2984 2933 2883 2040 2028 2016 2016 2016 2005 2005 2005 3064 3064
    3092 3064 3064 3037 3037 3010 3010 2984 2984 2933 2883 2053 2053
    3208 2028 2028 2053 2053 3092 3064 3064 3092 3064 3064 3037 3037
    3010 3010 2984 2958 2883 2883 2065 2065 3178 3178 2065 2065 3092
    3092 3092 3092 3092 3064 3064 3037 3010 3010 2984 2958 2933 2883
    2883 2090 3178 3178 3178 3149 3149 3149 3120 3120 3092 3092 3064
    3064 3037 3010 3010 2984 2958 2933 2883 2883 3178 3178 3178 3178
    3149 3120 3120 3120 3120 3120 3092 3092 3064 3037 3010 2984 2984
    2958 2933 2908 2883 3208 3208 3208 3178 3149 3120 3120 3120 3120
    3120 3120 3092 3064 3037 3010 2984 2984 2958 2933 2908 2883 3208
    3208 3208 3178 3149 3120 3120 3120 3092 3092 3120 3092 3064 3037
    3010 2984 2984 2958 2933 2908 2908 3208 3208 3208 3178 3149 3120
    3120 3092 3092 3092 3092 3092 3064 3037 3010 3010 2984 2958 2958
    2908 2883 3208 3208 3178 3178 3149 3120 3120 3092 3092 3092 3092
    3092 3064 3037 3010 3010 2984 2984 2958 2908 2883 3208 3208 3178
    3149 3149 3120 3120 3120 3120 3120 3092 3092 3092 3064 3010 3010
    2984 2984 2933 2908 2883 3238 3208 3178 3149 3149 3120 3120 3120
    3120 3120 3092 3092 3092 3037 3010 2984 2984 2958 2908 2908 2883
    3238 3208 3208 3149 3149 3120 3120 3120 3120 3120 3092 3092 3092
    3037 3010 2984 2984 2958 2908 2908 2883 3208 3208 3208 3149 3149
    3120 3120 3120 3120 3092 3092 3092 3064 3037 3010 2984 2984 2958
    2908 2908 2883 3208 3208 3208 3178 3149 3120 3120 3120 3120 3092
    3092 3092 3064 3037 3010 2984 2984 2958 2908 2908 2883 3208 3208
    3208 3178 3149 3120 3120 3120 3120 3092 3092 3092 3064 3037 3010
    3010 2984 2958 2908 2908 2859 3208 3208 3208 3178 3178 3149 3120
    3120 3120 3092 3092 3064 3064 3037 3010 3010 2984 2958 2908 2908
    2859 3208 3208 3178 3178 3178 3149 3120 3120 3120 3092 3092 3064
    3064 3037 3010 3010 2984 2958 2908 2883 2835 2078 3178 3178 3178
    3178 3149 3120 3120 3120 3092 3092 3092 3064 3064 3037 3010 3010
    2958 2908 2883 2835 2078 3178 3178 3178 3178 3149 3120 3120 3120
    3092 3092 3092 3064 3064 3010 3010 2984 2908 2908 2883 2835 2078
    3178 3178 3178 3178 3149 3120 3120 3120 3120 3092 3092 3064 3064
    3010 3010 2984 2908 2908 2859 2812 2078 3208 3208 3208 3178 3149
    3120 3120 3120 3120 3092 3092 3064 3064 3010 3010 2984 2908 2908
    2859 2812 2078 3208 3208 3208 3178 3149 3149 3149 3120 3120 3120
    3092 3092 3064 3010 3010 2984 2908 2883 2883 2835 2078 3238 3208
    3208 3178 3149 3149 3149 3149 3120 3120 3092 3092 3064 3010 3010
    2984 2908 2883 2883 2835 2078 2078 3208 3208 3208 3178 3178 3149
    3149 3120 3120 3120 3092 3064 3010 3010 2984 2908 2908 2883 2812
    2078 3208 3208 3208 3208 3208 3178 3149 3149 3120 3120 3120 3092
    3064 3037 3010 2984 2933 2908 2883 2789 2078 3208 3208 3208 3208
    3208 3178 3149 3149 3149 3149 3149 3120 3092 3037 3010 2984 2933
    2908 2883 2789</data></Depth10140>
</opencv_storage>
