<?xml version="1.0"?>
<opencv_storage>
<Depth13402 type_id="opencv-matrix">
  <rows>36</rows>
  <cols>9</cols>
  <dt>w</dt>
  <data>
    4041 3994 3994 4041 3994 3994 3994 4041 6622 4041 4041 4041 3994
    3994 3994 3994 4041 6622 4089 4041 4041 3994 3994 3994 3994 3994
    4041 4041 4041 3994 3994 3994 3994 3994 3994 4041 4041 4041 3994
    3994 3994 3994 3994 4041 4041 4041 4041 3994 3994 3994 3994 3994
    3994 3994 4041 4041 3994 3994 3994 3994 3948 3948 3994 4041 4041
    3994 3994 3994 3994 3948 3948 6622 4041 4041 3994 3994 3948 3948
    3948 3948 6889 3994 4041 3994 3994 3948 3948 3948 3948 6889 3994
    4041 3994 3994 3994 3994 3948 3948 6753 3903 3994 3994 3994 3948
    3948 3948 3948 6753 3903 3948 3994 3994 3948 3948 3948 3948 6622
    3948 3948 3994 3994 3994 3948 3903 3903 6622 3994 3994 4041 3994
    3994 3948 3903 3903 6753 3994 3994 4041 3994 3994 3948 3903 3903
    3903 3994 3994 4041 4041 3994 3994 3948 3903 3903 3994 4041 4041
    4041 4041 3994 3994 3948 3948 3994 4041 4041 4041 4041 4041 3994
    3948 3948 4089 4089 4089 4041 4041 4041 3994 3948 3948 4089 4089
    4041 4041 4041 4041 3994 3948 3948 4089 4041 4041 4041 4041 4041
    3994 3994 7030 4041 4041 4041 4041 4041 4041 3994 3994 4041 3903
    4041 4041 3994 3994 3994 4041 4041 4041 3903 4041 4041 3994 3994
    3994 4041 4041 6622 6889 6889 4089 3994 3994 4041 4041 4041 6622
    6753 6753 4089 4089 4089 4190 4190 4190 6753 6753 6753 4139 4089
    4089 4089 4089 4089 7030 4041 4041 4139 4089 4089 4089 4089 4089
    4089 4041 4041 4089 4089 4089 4089 4089 4089 4089 3994 3994 4089
    4089 4089 4089 4089 4041 4041 3994 3994 4089 4089 4089 4089 4041
    4041 3994 6622 4041 4041 4089 4089 4089 4041 3994 3994 6622 4041
    4041 4089 4089 4089 3948 3859 3859 6622 6753 6753 4139 4041 4041
    3948 3859 3859 6753 6753 6753 4139 4041 4041 3948 3948 6889</data></Depth13402>
</opencv_storage>
