<?xml version="1.0"?>
<opencv_storage>
<Depth1974 type_id="opencv-matrix">
  <rows>55</rows>
  <cols>46</cols>
  <dt>w</dt>
  <data>
    4041 4041 4089 4089 4089 4089 4089 4089 4089 4089 4041 4041 4041
    4041 4041 4041 4041 3994 3994 3994 3994 3948 1655 1647 1632 1632
    1632 1624 1624 1616 1616 1616 3948 3994 3994 3994 3994 3948 3948
    3948 3948 3948 3948 3948 3948 3948 4089 4089 4089 4089 4089 4089
    4089 4089 4089 4089 4041 4041 4041 4041 4041 4041 4041 4041 4041
    4041 3994 3994 1655 1647 1624 1624 1624 1624 1616 1616 1609 1601
    1601 3994 3994 3994 3994 3994 3994 3948 3948 3948 3948 3948 3948
    3994 4089 4089 4089 4089 4089 4089 4089 4089 4089 4089 4089 4041
    4041 4041 4041 4041 4041 4041 4041 4041 4041 4041 1624 1624 1624
    1624 1624 1624 1616 1616 1609 1601 1594 1594 1594 1594 3994 3994
    1609 1609 3948 3948 3948 3948 3948 3994 4089 4089 4089 4089 4089
    4089 4089 4089 4089 4089 4089 4089 4041 4041 4041 4041 4041 4041
    4041 4041 4041 4041 1624 1624 1624 1624 1624 1624 1616 1616 1609
    1601 1594 1594 1594 1594 1594 1601 1609 1609 1601 1601 3948 3948
    3948 3994 4089 4089 4089 4089 4089 4089 4089 4089 4089 4089 4089
    4041 4041 4041 4041 4041 4041 4041 4041 4089 4089 1624 1624 1624
    1624 1624 1624 1624 1624 1624 1609 1601 1601 1601 1594 1594 1594
    1601 1601 1601 1594 1594 1594 1594 3994 3994 4089 4089 4089 4089
    4089 4089 4089 4089 4089 4089 4089 4041 4041 4041 4041 4041 4041
    4041 4041 4041 1616 1616 1624 1632 1624 1624 1624 1624 1624 1624
    1609 1601 1601 1601 1601 1594 1594 1601 1601 1601 1594 1594 1594
    1594 3948 3948 4089 4089 4089 4089 4089 4089 4089 4089 4089 4089
    4089 4041 4041 4041 3994 3994 3994 3994 4041 4041 1616 1616 1624
    1632 1624 1624 1624 1624 1624 1616 1609 1609 1601 1601 1601 1594
    1594 1601 1601 1601 1594 1594 1601 1601 3903 3903 4089 4089 4089
    4089 4089 4089 4089 4089 4089 4089 4041 4041 4041 4041 3994 3994
    3994 3994 3994 1624 1624 1624 1632 1632 1624 1624 1624 1624 1624
    1616 1609 1609 1609 1601 1601 1601 1601 1601 1601 1601 1594 1594
    1601 1601 3903 3903 4139 4139 4139 4139 4089 4089 4089 4041 4041
    4041 4041 4041 4041 4041 4041 4041 4041 4041 4041 1632 1632 1632
    1632 1632 1624 1624 1624 1624 1624 1616 1609 1601 1601 1601 1601
    1601 1601 1601 1601 1601 1601 1601 1632 1688 1696 1705 4139 4139
    4139 4139 4089 4089 4089 4041 4041 4041 4041 4041 4041 3994 3994
    3994 4041 4041 1639 1632 1632 1632 1632 1632 1624 1624 1624 1624
    1624 1616 1609 1601 1601 1601 1601 1601 1601 1601 1601 1601 1601
    1616 1655 1688 1696 1705 4139 4139 4139 4139 4139 4089 4089 4041
    4041 4041 4041 4041 4041 3994 3994 3994 3994 3994 1639 1639 1639
    1632 1632 1632 1624 1624 1624 1624 1624 1616 1609 1609 1601 1601
    1601 1601 1601 1601 1601 1601 1609 1647 1671 1688 1696 1739 4139
    4139 4139 4139 4139 4089 4089 4089 4089 4089 4089 4041 3994 3994
    3994 3994 3994 1632 1632 1632 1632 1632 1632 1632 1624 1624 1616
    1616 1616 1616 1609 1609 1601 1601 1601 1601 1601 1601 1601 1609
    1632 1655 1680 1696 1748 1766 4139 4139 4139 4139 4139 4089 4089
    4089 4089 4089 4089 4041 3994 3994 4041 4041 1632 1632 1632 1632
    1632 1632 1632 1632 1624 1624 1616 1616 1616 1616 1609 1609 1601
    1601 1601 1601 1601 1601 1601 1616 1647 1671 1696 1722 1757 1776
    4139 4139 4089 4089 4089 4089 4089 4089 4089 4089 4089 4041 3994
    3994 3994 1632 1632 1632 1632 1632 1632 1632 1624 1624 1624 1624
    1616 1616 1616 1616 1609 1601 1601 1601 1601 1601 1601 1601 1601
    1624 1655 1688 1722 1748 1766 1776 4139 4139 4089 4089 4089 4089
    4089 4089 4089 4089 4089 4041 3994 3994 3994 1632 1632 1632 1632
    1632 1632 1632 1624 1624 1624 1624 1616 1616 1616 1609 1601 1601
    1601 1601 1601 1601 1601 1601 1609 1647 1680 1705 1739 1757 1757
    1785 4139 4139 4089 4089 4089 4089 4089 4089 4089 4089 4089 3994
    3994 3994 3994 1632 1632 1632 1632 1632 1632 1632 1624 1624 1624
    1624 1624 1616 1616 1609 1601 1601 1601 1601 1601 1601 1609 1609
    1624 1671 1696 1722 1739 1757 1757 4041 4139 4139 4089 4089 4089
    4089 4089 4089 4089 4089 4041 3994 3994 3994 3994 1639 1639 1632
    1632 1632 1632 1632 1624 1624 1624 1624 1624 1616 1616 1609 1601
    1601 1601 1601 1601 1601 1616 1624 1632 1688 1722 1748 1757 1766
    1766 3994 4139 4139 4089 4089 4089 4089 4089 4139 4089 4041 4041
    4041 4041 4041 1647 1647 1639 1632 1632 1632 1632 1632 1624 1624
    1624 1624 1624 1616 1616 1609 1609 1601 1601 1601 1601 1609 1616
    1632 1639 1688 1731 1748 1757 1776 3994 3994 4139 4139 4089 4089
    4089 4089 4089 4139 4089 4041 4041 4089 4089 4089 1647 1647 1639
    1632 1632 1632 1632 1624 1624 1624 1624 1624 1624 1616 1609 1609
    1609 1601 1601 1601 1601 1609 1632 1639 1663 1705 1731 1748 1748
    3994 3994 3994 4139 4139 4089 4089 4089 4089 4089 4089 4089 4089
    4089 4089 1647 1647 1647 1647 1639 1632 1632 1632 1632 1624 1624
    1624 1616 1616 1616 1616 1609 1609 1609 1601 1601 1609 1616 1624
    1647 1663 1705 1731 1748 1757 1757 3994 3994 3994 4139 4139 4089
    4089 4089 4089 4089 4089 4089 4089 4139 4139 1647 1647 1647 1647
    1639 1632 1632 1632 1632 1624 1624 1624 1616 1616 1616 1616 1609
    1601 1601 1601 1609 1609 1624 1632 1655 1680 1705 1731 1748 1757
    1757 4041 3994 3994 4089 4089 4139 4089 4089 4089 4089 4089 4089
    4041 4041 1632 1632 1647 1647 1647 1639 1639 1632 1632 1632 1624
    1624 1624 1616 1616 1616 1616 1609 1601 1601 1601 1609 1609 1624
    1647 1671 1696 1713 1731 1766 1766 4041 4041 3994 3994 4089 4089
    4139 4089 4089 4139 4089 4089 4089 4041 4041 1632 1632 1647 1647
    1639 1639 1632 1632 1632 1632 1624 1624 1624 1624 1616 1616 1616
    1609 1601 1601 1601 1609 1616 1632 1655 1680 1705 1722 1766 1785
    1785 4041 3994 3994 3994 4139 4139 4139 4089 4089 4139 4089 4089
    4089 4089 4089 1647 1647 1647 1639 1639 1632 1632 1632 1632 1632
    1632 1624 1624 1616 1616 1616 1616 1616 1609 1609 1609 1616 1624
    1647 1680 1705 1713 1722 1785 1794 1794 4041 3994 3994 3994 4139
    4139 4139 4139 4139 4139 4089 4089 4089 4089 4089 1647 1647 1639
    1639 1639 1632 1632 1632 1632 1632 1632 1624 1624 1616 1616 1616
    1609 1609 1616 1616 1616 1624 1632 1647 1696 1722 1757 1776 1794
    1794 4041 4041 3994 3994 3994 4139 4139 4139 4139 4139 4139 4139
    4089 4089 4089 1647 1647 1647 1639 1639 1639 1632 1632 1632 1632
    1632 1632 1624 1624 1616 1609 1609 1609 1609 1616 1616 1632 1647
    1647 1655 1722 1748 1766 1776 1776 4041 4041 4041 3994 3994 3994
    4139 4139 4139 4139 4139 4139 4139 4089 4089 4089 1647 1647 1647
    1639 1639 1639 1639 1632 1632 1632 1632 1624 1624 1624 1616 1609
    1609 1609 1609 1616 1624 1655 1655 1663 1688 1731 1766 1766 1785
    1785 4041 4041 3994 3994 3994 3994 4139 4139 4139 4139 4139 4139
    4139 4139 4139 1647 1647 1647 1647 1639 1639 1639 1639 1632 1632
    1624 1624 1624 1624 1624 1616 1609 1609 1609 1609 1616 1632 1663
    1663 1688 1688 1766 1766 1785 1794 1794 4089 4041 3994 3994 3994
    3994 4139 4139 4139 4139 4139 4139 4139 4139 1663 1639 1639 1639
    1647 1639 1639 1639 1632 1632 1632 1624 1624 1624 1624 1624 1616
    1609 1609 1609 1609 1624 1632 1671 1671 1696 1696 1794 1794 1794
    1794 4089 4089 4041 4041 4041 4041 3994 4139 4139 4139 4139 4139
    4139 4139 4139 1663 1663 1639 1639 1647 1639 1639 1639 1632 1632
    1632 1624 1624 1624 1624 1624 1624 1616 1616 1616 1616 1624 1632
    1655 1688 1713 1785 1785 1794 1804 1804 4089 4089 4041 4041 4041
    4041 3994 4139 4139 4139 4139 4089 3994 3994 3994 1663 1663 1647
    1647 1647 1647 1639 1632 1632 1632 1632 1624 1624 1624 1624 1624
    1624 1616 1616 1616 1624 1639 1655 1655 1731 1731 1776 1776 1794
    4139 4089 4089 4041 4041 4041 4041 4041 4041 4139 4139 4139 4139
    4089 3994 3994 3994 1663 1663 1655 1655 1647 1639 1639 1632 1632
    1632 1632 1624 1624 1624 1624 1624 1624 1616 1616 1616 1632 1655
    1655 1663 1748 1748 1757 1776 4190 4089 4089 4089 4041 4041 4041
    4041 4041 4041 4139 4139 4139 4089 4089 4089 1663 1663 1663 1663
