<?xml version="1.0"?>
<opencv_storage>
<Depth15980 type_id="opencv-matrix">
  <rows>8</rows>
  <cols>23</cols>
  <dt>w</dt>
  <data>
    4983 4983 4983 4983 4983 4983 4983 4911 4842 4842 4842 4842 4842
    4842 4842 4842 4842 4842 4842 4842 4842 5291 5210 4983 4983 4983
    4983 4983 4911 4911 4911 4842 4842 4842 4842 4842 4842 4842 4842
    4842 4774 4774 4774 4774 4842 4911 4983 4983 4983 4983 4983 4911
    4911 4911 4842 4842 4842 4842 4842 4842 4842 4842 4842 4774 4774
    4774 4774 4774 4842 4983 4983 4983 4983 4983 4911 4911 4911 4842
    4842 4842 4842 4842 4842 4842 4842 4842 4774 4774 4774 4774 4774
    4842 4983 4983 4911 4911 4911 4911 4911 4911 4842 4842 4842 4842
    4842 4842 4842 4842 4842 4774 4774 4774 4774 4774 0 4983 4911 4842
    4842 4911 4911 4911 4911 4842 4842 4911 4911 4911 4842 4842 4842
    4842 4842 4842 4842 4842 0 0 4983 4842 4774 4774 4842 4842 4911 4911
    4842 4842 4842 4842 4842 4842 4842 4774 4774 4842 4842 4842 4842 0 0
    4983 4842 4774 4774 4842 4842 5056 4842 4774 4774 4842 4842 4842
    4842 4842 4774 4774 4842 4842 0 0 0 0</data></Depth15980>
</opencv_storage>
