<?xml version="1.0"?>
<opencv_storage>
<Depth5487 type_id="opencv-matrix">
  <rows>66</rows>
  <cols>44</cols>
  <dt>w</dt>
  <data>
    4645 4645 4645 4645 4645 4708 4708 4708 4774 4842 4842 4842 4842
    4842 4842 4842 4911 4911 4983 4983 4983 1509 1509 1509 1509 1503
    1489 1483 1477 1477 1477 1489 1496 1496 1496 1503 5210 5210 5210
    5291 5291 1523 5374 5374 4645 4645 4645 4645 4645 4708 4645 4645
    4708 4708 4774 4774 4842 4842 4842 4842 4911 4911 4983 5056 1516
    1509 1509 1509 1509 1496 1483 1477 1477 1477 1477 1489 1496 1496
    1496 1503 1503 1509 1509 1523 1523 1523 1529 5460 4582 4645 4645
    4645 4708 4708 4645 4645 4708 4708 4774 4774 4842 4842 4842 1557
    1543 1543 1543 1523 1516 1509 1509 1503 1496 1489 1483 1477 1470
    1470 1477 1489 1496 1496 1503 1503 1503 1509 1516 1523 1523 1529
    1529 5460 4582 4645 4645 4645 4645 4645 4645 4708 4708 4708 4774
    4774 1572 1572 1564 1543 1543 1536 1529 1523 1509 1509 1503 1496
    1489 1489 1483 1477 1470 1470 1477 1489 1496 1496 1496 1503 1509
    1509 1516 1516 1523 1529 1529 1529 4582 4582 4645 4645 4645 4645
    4645 4708 4708 4708 4708 1572 1572 1572 1564 1543 1543 1536 1529
    1523 1509 1509 1503 1489 1489 1483 1483 1470 1464 1464 1483 1489
    1496 1496 1496 1496 1509 1509 1516 1516 1523 1529 1529 1536 4582
    4582 4645 4645 4645 4645 4645 4645 1624 1616 1594 1586 1572 1572
    1564 1550 1543 1536 1523 1516 1509 1509 1503 1489 1489 1483 1477
    1470 1464 1464 1470 1483 1483 1489 1489 1496 1509 1509 1509 1509
    1516 1529 1529 1536 4582 4645 4645 4645 4645 1624 1624 1624 1616
    1601 1594 1586 1579 1564 1557 1543 1543 1536 1523 1516 1509 1503
    1496 1489 1489 1483 1477 1470 1464 1464 1470 1477 1483 1489 1489
    1496 1503 1509 1509 1509 1516 1523 1529 1536 4582 4708 4708 4708
    1624 1624 1616 1609 1601 1601 1594 1579 1572 1564 1557 1543 1536
    1529 1516 1516 1509 1503 1496 1489 1483 1477 1470 1464 1464 1464
    1470 1477 1483 1489 1489 1496 1503 1509 1509 1516 1516 1523 1523
    1536 4582 4582 4582 1632 1624 1624 1616 1609 1601 1601 1594 1579
    1572 1564 1557 1536 1536 1529 1516 1516 1509 1496 1489 1489 1483
    1477 1464 1464 1464 1464 1464 1477 1477 1489 1489 1489 1496 1509
    1509 1516 1516 1523 1523 1523 4582 4582 1632 1632 1632 1624 1609
    1601 1601 1594 1594 1579 1572 1564 1543 1536 1536 1529 1516 1516
    1509 1496 1489 1483 1483 1477 1464 1464 1464 1464 1464 1477 1477
    1489 1489 1489 1496 1503 1509 1516 1516 1523 1523 1523 4522 4522
    1632 1632 1632 1616 1609 1601 1594 1594 1586 1579 1572 1564 1543
    1536 1536 1529 1516 1516 1509 1496 1489 1483 1477 1470 1464 1464
    1464 1464 1464 1470 1477 1483 1483 1489 1496 1503 1509 1516 1516
    1516 1516 1516 4522 4522 1632 1632 1632 1616 1609 1601 1594 1586
    1579 1579 1572 1564 1543 1543 1536 1529 1516 1516 1509 1496 1489
    1483 1477 1470 1464 1464 1464 1464 1464 1470 1470 1477 1483 1483
    1489 1496 1503 1509 1509 1516 1516 1516 4522 4522 1624 1624 1624
    1624 1609 1601 1594 1586 1579 1572 1564 1564 1543 1536 1536 1529
    1516 1509 1503 1496 1489 1483 1477 1470 1464 1458 1458 1458 1464
    1464 1470 1477 1483 1483 1489 1496 1503 1509 1509 1509 1509 1516
    4582 4582 1624 1624 1624 1624 1609 1601 1594 1594 1579 1572 1564
    1557 1543 1536 1536 1516 1509 1503 1503 1496 1489 1489 1483 1477
    1458 1458 1458 1458 1458 1464 1464 1477 1483 1489 1489 1489 1496
    1503 1509 1509 1509 1516 4582 4582 1616 1616 1616 1609 1609 1601
    1594 1586 1579 1572 1564 1543 1543 1536 1523 1516 1503 1503 1503
    1489 1489 1483 1477 1464 1458 1458 1458 1458 1458 1464 1464 1477
    1483 1489 1489 1489 1496 1503 1509 1509 1516 1516 4582 4582 1616
    1616 1616 1609 1601 1601 1594 1586 1572 1572 1564 1543 1536 1529
    1523 1509 1503 1503 1503 1489 1483 1483 1470 1464 1452 1452 1458
    1458 1458 1464 1464 1477 1483 1489 1489 1496 1503 1503 1509 1509
    1516 1516 4582 4582 1616 1616 1616 1609 1601 1594 1594 1586 1572
    1572 1564 1536 1536 1529 1523 1509 1509 1509 1489 1489 1483 1477
    1464 1458 1452 1452 1458 1458 1458 1458 1464 1477 1477 1483 1489
    1489 1489 1503 1509 1509 1509 1509 4582 4582 1624 1624 1609 1601
    1601 1594 1594 1579 1572 1572 1564 1536 1536 1529 1516 1516 1509
    1509 1489 1483 1483 1477 1464 1458 1452 1452 1452 1458 1458 1458
    1464 1470 1477 1483 1489 1489 1489 1503 1509 1509 1509 1509 4645
    4645 1624 1624 1609 1601 1594 1594 1586 1572 1564 1564 1557 1543
    1536 1529 1516 1509 1509 1496 1489 1483 1483 1477 1464 1452 1445
    1445 1452 1458 1458 1458 1464 1464 1464 1483 1489 1489 1489 1496
    1503 1509 1509 1509 4645 4645 1624 1624 1609 1601 1594 1586 1579
    1572 1564 1564 1543 1543 1536 1523 1516 1509 1496 1496 1483 1483
    1477 1470 1464 1452 1445 1445 1445 1452 1458 1458 1464 1464 1464
    1477 1483 1483 1489 1489 1503 1509 1509 1509 4645 4645 1624 1616
    1609 1601 1594 1586 1572 1564 1564 1564 1543 1536 1529 1523 1516
    1503 1496 1489 1483 1483 1477 1464 1464 1452 1445 1445 1445 1452
    1458 1458 1464 1464 1464 1477 1483 1483 1489 1489 1503 1503 1509
    1509 4645 4645 1601 1601 1609 1601 1594 1586 1572 1564 1564 1557
    1543 1536 1529 1516 1516 1503 1496 1489 1483 1483 1470 1464 1458
    1445 1445 1445 1445 1445 1458 1458 1464 1464 1464 1477 1477 1483
    1489 1489 1496 1503 1509 1509 4645 4645 1601 1601 1609 1601 1594
    1586 1579 1564 1557 1550 1543 1536 1529 1516 1509 1503 1496 1489
    1489 1483 1470 1464 1458 1439 1439 1439 1445 1445 1458 1458 1458
    1464 1464 1470 1477 1483 1483 1489 1496 1496 1509 1509 4645 4645
    1624 1616 1609 1594 1586 1586 1564 1564 1550 1543 1536 1536 1529
    1516 1509 1503 1489 1489 1483 1477 1470 1458 1452 1439 1439 1439
    1445 1452 1452 1458 1458 1458 1464 1470 1477 1483 1483 1489 1489
    1496 1496 1496 4645 4645 1609 1609 1601 1594 1586 1572 1564 1557
    1550 1543 1536 1536 1523 1516 1509 1503 1489 1489 1483 1477 1470
    1458 1452 1439 1433 1433 1445 1452 1452 1458 1458 1458 1464 1470
    1477 1483 1483 1489 1489 1489 1496 1509 4522 4463 1609 1609 1601
    1594 1586 1572 1564 1557 1550 1543 1536 1536 1523 1516 1503 1496
    1489 1489 1483 1477 1464 1458 1452 1445 1433 1433 1439 1445 1445
    1452 1458 1458 1464 1464 1470 1477 1483 1483 1489 1489 1496 1496
    4463 4463 1609 1609 1601 1594 1586 1572 1564 1557 1550 1536 1529
    1529 1523 1516 1503 1496 1489 1489 1483 1470 1464 1458 1452 1445
    1439 1433 1433 1439 1439 1445 1452 1458 1458 1464 1470 1477 1483
    1483 1489 1489 1489 1496 4405 4405 1601 1594 1594 1594 1586 1572
    1564 1557 1550 1536 1529 1523 1516 1516 1509 1496 1489 1483 1483
    1470 1464 1458 1452 1445 1439 1433 1433 1439 1439 1445 1452 1458
    1458 1464 1470 1477 1483 1483 1489 1489 1489 1489 4405 4405 1601
    1594 1594 1586 1579 1572 1564 1557 1550 1536 1529 1523 1516 1509
    1509 1496 1483 1483 1477 1464 1464 1458 1445 1439 1433 1433 1433
    1433 1439 1445 1452 1452 1458 1464 1464 1470 1477 1483 1489 1489
    1489 1489 4463 1601 1601 1601 1594 1586 1579 1572 1564 1550 1543
    1536 1523 1516 1516 1509 1509 1496 1483 1483 1477 1464 1464 1452
    1439 1433 1433 1427 1427 1433 1439 1445 1452 1452 1458 1464 1464
    1470 1477 1483 1489 1483 1483 1483 4463 1601 1601 1601 1594 1586
    1579 1564 1557 1550 1543 1536 1523 1516 1516 1509 1503 1489 1483
    1483 1470 1464 1464 1452 1439 1433 1433 1427 1427 1433 1439 1445
    1452 1452 1452 1458 1464 1470 1477 1483 1483 1483 1483 1483 4463
    1601 1601 1601 1594 1586 1579 1564 1557 1543 1543 1536 1523 1516
    1516 1509 1503 1489 1483 1477 1470 1464 1458 1445 1439 1433 1421
    1415 1415 1415 1433 1445 1445 1445 1452 1458 1464 1470 1477 1477
    1483 1483 1489 1489 4463 1594 1594 1594 1594 1586 1579 1564 1543
    1543 1543 1536 1523 1509 1509 1509 1496 1489 1483 1477 1464 1458
    1458 1439 1433 1433 1421 1415 1415 1415 1427 1439 1445 1445 1452
    1458 1464 1464 1470 1477 1483 1483 1483 1483 4463 1594 1594 1594
    1579 1572 1572 1564 1543 1543 1536 1529 1523 1509 1509 1509 1489
    1489 1483 1477 1464 1458 1452 1439 1433 1427 1415 1415 1415 1421
