<?xml version="1.0"?>
<opencv_storage>
<Depth18563 type_id="opencv-matrix">
  <rows>20</rows>
  <cols>22</cols>
  <dt>w</dt>
  <data>
    2659 2659 2659 2680 2680 2659 2659 2659 2659 2659 2639 2639 2639
    2639 2639 2639 2639 2618 2618 2618 2579 2579 2659 2659 2659 2680
    2680 2680 2680 2659 2659 2659 2639 2639 2659 2659 2659 2639 2639
    2618 2618 2618 2579 2579 2659 2659 2659 2680 2680 2680 2680 2659
    2659 2659 2659 2659 2659 2659 2659 2639 2639 2639 2618 2618 2560
    2560 2639 2639 2639 2659 2659 2680 2680 2680 2659 2659 2659 2659
    2659 2659 2659 2639 2639 2639 2618 2618 2560 2560 2639 2639 2639
    2639 2659 2680 2680 2680 2659 2659 2659 2659 2659 2659 2659 2659
    2659 2639 2639 2639 2639 2639 2639 2639 2639 2639 2639 2659 2680
    2680 2680 2659 2659 2659 2659 2659 2659 2659 2659 2639 2639 2639
    2639 2639 2639 2639 2639 2639 2639 2659 2659 2680 2680 2659 2659
    2659 2659 2659 2659 2659 2659 2659 2639 2639 2639 2639 2639 2639
    2639 2639 2639 2639 2659 2659 2680 2680 2680 2659 2659 2659 2659
    2659 2659 2659 2659 2639 2639 2618 2659 2659 2639 2639 2639 2639
    2659 2659 2659 2680 2680 2680 2680 2680 2659 2659 2680 2659 2659
    2659 2639 2618 2659 2659 2659 2659 2639 2639 2659 2659 2659 2659
    2680 2680 2680 2680 2680 2680 2680 2680 2659 2659 2639 2639 2659
    2659 2659 2659 2639 2639 2639 2639 2639 2659 2659 2659 2659 2680
    2680 2680 2680 2680 2680 2659 2659 2659 0 2659 2659 2659 2639 2639
    2639 2639 2639 2659 2659 2659 2659 2659 2659 2680 2701 2701 2680
    2680 2659 2659 0 0 2659 2659 2639 2639 2639 2639 2639 2659 2659 2639
    2639 2659 2659 2680 2701 2701 2680 2680 2680 2701 0 0 0 0 2639 2639
    2639 2639 2659 2659 2659 2639 2639 2639 2639 2659 2680 2680 2680
    2680 2701 2701 0 0 0 0 0 0 2639 2639 2659 2659 2659 2639 2639 2639
    2639 2659 2659 2639 2639 2639 2639 2639 631 632 0 631 0 2680 0 2680
    2659 2659 2659 2639 2639 2639 2639 2639 2639 2639 2618 2618 2639
    2639 630 631 631 0 632 0 634 0 2659 2659 2659 2639 2639 2639 2639
    2639 2639 2639 2618 2618 2639 2639 630 631 631 632 0 0 0 0 631 2639
    2639 2639 2639 2639 2639 2639 2639 2639 2639 2618 2618 2618 630 631
    631 632 632 634 634 0 631 0 2639 2639 2639 2639 2639 2639 2639 2639
    2639 2618 2618 2618 629 631 631 632 632 632 631 631 631 632 632 632
    2639 2639 2639 2639 2639 2639 2639 2639 2639 2639</data></Depth18563>
</opencv_storage>
