<?xml version="1.0"?>
<opencv_storage>
<Depth18040 type_id="opencv-matrix">
  <rows>57</rows>
  <cols>105</cols>
  <dt>w</dt>
  <data>
    1292 1288 1288 1288 1288 1288 1288 1288 1288 1288 1283 1283 1283
    1283 1283 1283 1278 1278 1273 1273 1273 1278 1278 1273 1273 1273
    1273 1273 1273 1273 1273 1273 1268 1268 1268 1264 1264 1264 1259
    1259 1259 1259 1259 1259 1259 1259 1255 1250 1250 1250 1250 1255
    1259 1259 1255 1255 1255 1255 1250 1250 1245 1245 1245 1241 1241
    1245 1245 1245 1245 1241 1241 1245 1241 1241 1241 1241 1245 1245
    1245 3468 3468 2744 2680 2659 2659 2639 2598 2579 2579 2560 2560
    2579 2560 2560 2541 2541 2541 2541 2541 2432 2415 2415 2398 2365
    2349 1292 1288 1288 1283 1283 1278 1278 1278 1283 1283 1283 1278
    1278 1278 1278 1278 1278 1273 1268 1268 1273 1273 1273 1273 1273
    1268 1268 1273 1273 1273 1273 1273 1264 1264 1264 1259 1259 1259
    1259 1259 1259 1259 1259 1259 1255 1255 1255 1250 1250 1250 1250
    1255 1255 1255 1255 1255 1255 1245 1245 1245 1245 1245 1245 1245
    1245 1245 1245 1241 1241 1241 1241 1236 1236 1236 1236 1241 1241
    1241 1241 1241 2598 2598 2598 2659 2659 2639 2598 2579 2560 2560
    2560 2560 2541 2541 2541 2541 2541 2541 2541 2432 2415 2398 2398
    2365 2349 1292 1273 1268 1268 1268 1273 1273 1278 1278 1278 1278
    1273 1273 1273 1273 1273 1273 1268 1264 1264 1268 1268 1268 1268
    1264 1264 1264 1264 1264 1264 1264 1264 1259 1259 1259 1259 1259
    1255 1255 1255 1255 1255 1255 1255 1255 1255 1255 1250 1250 1245
    1245 1250 1245 1245 1245 1245 1245 1245 1241 1241 1241 1241 1245
    1241 1241 1241 1241 1241 1241 1236 1236 1232 1232 1232 1232 1232
    1236 1236 1236 1245 1245 2598 2598 2639 2639 2618 2598 2579 2560
    2560 2560 2541 2541 2541 2541 2541 2541 2541 2541 2432 2432 2398
    2398 2365 2349 1268 1268 1264 1264 1264 1264 1268 1273 1273 1273
    1273 1273 1273 1273 1268 1268 1264 1264 1264 1264 1264 1264 1264
    1259 1259 1259 1259 1259 1259 1259 1259 1259 1255 1255 1255 1255
    1255 1250 1250 1250 1250 1250 1255 1255 1250 1245 1245 1245 1241
    1241 1245 1245 1241 1241 1245 1245 1245 1241 1241 1241 1241 1241
    1241 1236 1236 1236 1236 1236 1236 1232 1232 1227 1227 1227 1227
    1227 1227 1227 1232 1241 1241 2639 2639 2639 2618 2618 2598 2598
    2579 2560 2560 2541 2541 2541 2541 2541 2522 2522 2522 2503 2503
    2365 2365 2365 2349 1268 1268 1264 1264 1264 1264 1264 1268 1268
    1268 1268 1264 1264 1259 1259 1259 1259 1259 1259 1259 1259 1259
    1255 1255 1255 1255 1255 1255 1255 1255 1255 1255 1255 1255 1250
    1250 1250 1245 1245 1245 1245 1245 1250 1245 1245 1245 1241 1241
    1236 1236 1241 1245 1241 1241 1241 1241 1241 1241 1241 1241 1236
    1236 1241 1236 1232 1232 1232 1232 1232 1227 1227 1223 1223 1227
    1223 1223 1223 1223 1223 1227 1227 1227 2639 2639 2618 2598 2598
    2598 2560 2560 2541 2541 2541 2541 2541 2522 2522 2503 2503 2503
    2522 0 2398 2398 2381 1268 1268 1264 1255 1255 1259 1259 1264 1264
    1264 1259 1259 1259 1255 1255 1255 1255 1255 1255 1255 1255 1255
    1255 1255 1255 1255 1255 1255 1255 1255 1255 1255 1255 1250 1245
    1245 1245 1245 1241 1241 1241 1241 1241 1241 1241 1241 1236 1236
    1236 1236 1241 1241 1241 1241 1241 1241 1236 1236 1236 1236 1236
    1236 1236 1232 1232 1232 1227 1227 1227 1227 1223 1223 1223 1223
    1223 1223 1223 1219 1219 1219 1219 1206 2618 2618 2598 2598 2598
    2598 2560 2541 2522 2522 2522 2522 2522 2522 2522 2503 2503 2522
    2522 2467 2398 2398 2349 1273 1268 1264 1255 1255 1259 1259 1259
    1259 1255 1255 1255 1255 1255 1255 1255 1255 1255 1250 1250 1250
    1245 1245 1250 1245 1245 1245 1255 1250 1250 1250 1245 1245 1245
    1245 1245 1245 1241 1241 1241 1236 1236 1236 1236 1236 1236 1232
    1232 1232 1232 1232 1232 1232 1232 1236 1236 1236 1232 1232 1232
    1232 1227 1227 1227 1227 1227 1227 1227 1223 1223 1223 1219 1219
    1219 1219 1219 1219 1219 1214 1206 1206 1206 2598 2598 2598 2598
    2598 2579 2560 2541 2522 2522 2522 2522 2522 2522 2503 2503 2503
    2485 2467 2467 2467 2432 2333 1273 1255 1250 1250 1250 1255 1255
    1255 1255 1255 1255 1255 1255 1250 1250 1245 1245 1245 1245 1245
    1245 1241 1241 1241 1241 1241 1241 1241 1245 1241 1241 1241 1241
    1241 1241 1241 1241 1241 1241 1236 1236 1232 1232 1232 1232 1232
    1227 1227 1227 1227 1232 1227 1227 1227 1227 1227 1232 1227 1227
    1227 1227 1227 1227 1223 1223 1227 1223 1223 1219 1219 1214 1214
    1214 1214 1214 1214 1214 1214 1210 1206 1206 1206 2598 2598 2598
    2598 2598 2579 2560 2541 2522 2522 2522 2522 2522 2522 1189 1189
    1189 1189 1181 1181 1181 2286 2286 1255 1255 1250 1245 1245 1250
    1255 1255 1255 1255 1250 1250 1250 1245 1245 1245 1241 1241 1241
    1241 1241 1241 1241 1241 1236 1236 1241 1241 1241 1241 1236 1236
    1236 1236 1236 1236 1236 1236 1236 1232 1232 1227 1227 1227 1227
    1227 1227 1227 1227 1227 1227 1227 1227 1227 1227 1227 1227 1227
    1223 1223 1223 1223 1223 1223 1223 1223 1223 1219 1214 1214 1214
    1210 1210 1210 1206 1206 1210 1210 1210 1210 1206 1206 1206 2639
    2618 2598 2598 2579 2560 2541 2522 2522 2522 2522 2522 2522 1189
    1189 1189 1185 1181 1181 1181 1181 1177 0 1255 1241 1241 1241 1245
    1250 1250 1241 1241 1241 1241 1245 1245 1241 1241 1241 1241 1241
    1241 1241 1236 1236 1236 1236 1236 1227 1227 1241 1236 1236 1232
    1227 1227 1227 1227 1227 1227 1227 1223 1223 1223 1223 1223 1223
    1223 1223 1223 1223 1223 1227 1227 1223 1223 1223 1223 1223 1223
    1223 1223 1223 1219 1214 1214 1214 1214 1214 1214 1210 1210 1210
    1210 1206 1206 1202 1202 1206 1210 1210 1206 1202 1202 1202 2618
    2618 2618 2598 2598 2579 2541 2522 2522 2522 2522 2522 1197 1193
    1189 1185 1185 1181 1181 1181 1177 1177 0 0 1241 1241 1241 1241 1241
    1245 1241 1236 1236 1236 1241 1241 1236 1236 1236 1236 1236 1236
    1236 1236 1236 1232 1232 1232 1223 1223 1223 1227 1227 1227 1223
    1223 1223 1223 1223 1223 1223 1223 1223 1223 1219 1219 1219 1219
    1223 1223 1219 1219 1223 1223 1223 1223 1223 1219 1219 1219 1219
    1214 1214 1210 1210 1210 1210 1210 1210 1210 1210 1210 1210 1206
    1206 1202 1202 1202 1202 1206 1206 1202 1202 1202 1202 2639 2639
    2618 2598 2598 2560 2541 2541 2541 2541 1189 1189 1189 1189 1185
    1185 1185 1181 1181 1177 1177 1177 0 0 1236 1236 1236 1236 1236 1241
    1236 1236 1236 1236 1236 1236 1236 1236 1236 1236 1232 1232 1232
    1232 1232 1227 1227 1223 1223 1223 1223 1223 1223 1223 1223 1223
    1223 1223 1223 1223 1219 1219 1219 1219 1214 1214 1214 1214 1214
    1210 1210 1210 1214 1219 1219 1219 1219 1219 1214 1214 1214 1214
    1214 1210 1210 1206 1206 1206 1206 1206 1206 1206 1206 1206 1202
    1202 1197 1197 1197 1197 1197 1197 1197 1197 1197 2639 2639 2618
    2598 2579 2560 2541 2541 2541 0 1189 1189 1189 1189 1181 1181 1181
    1181 1181 1177 1177 1177 0 0 1236 1232 1232 1232 1232 1236 1236 1236
    1236 1232 1232 1227 1227 1227 1223 1223 1227 1227 1227 1223 1223
    1223 1223 1223 1223 1223 1223 1219 1219 1219 1219 1219 1219 1219
    1219 1219 1214 1214 1214 1214 1214 1210 1206 1206 1210 1206 1206
    1210 1210 1210 1210 1210 1210 1210 1210 1210 1210 1210 1210 1210
    1206 1206 1206 1202 1202 1202 1202 1202 1202 1202 1202 1202 1197
    1193 1193 1193 1193 1193 1193 1193 1193 1193 2639 2618 2598 2560
    2541 2541 2541 2541 2541 1189 1189 1189 1185 1181 1177 1177 1177
    1177 1177 1173 1173 0 0 1236 1227 1227 1227 1227 1227 1227 1227 1232
    1232 1232 1227 1223 1223 1223 1223 1223 1223 1223 1219 1219 1219
    1219 1223 1223 1219 1219 1219 1219 1219 1219 1214 1214 1214 1214
    1214 1210 1210 1210 1210 1210 1206 1206 1206 1206 1206 1206 1206
    1206 1206 1206 1206 1202 1202 1202 1202 1202 1202 1206 1206 1202
    1202 1197 1197 1197 1197 1197 1197 1197 1197 1197 1197 1193 1193
    1193 1193 1193 1193 1193 1193 1193 1193 2598 2598 2598 2560 2541
    2522 2522 2541 2541 1202 1197 1189 1185 1181 1177 1177 1177 1173
    1173 1169 1165 0 0 1223 1219 1219 1223 1223 1223 1223 1223 1223 1223
