<?xml version="1.0"?>
<opencv_storage>
<Depth14177 type_id="opencv-matrix">
  <rows>12</rows>
  <cols>25</cols>
  <dt>w</dt>
  <data>
    3692 4349 4349 4349 4349 4295 4295 3433 3433 3433 3468 3468 3468
    3468 4405 4405 4405 4405 4405 4405 4405 4405 4405 3238 3238 3692
    3653 3653 3614 3614 3614 3433 3433 3433 3468 3468 3468 3399 3399
    3365 3365 3365 3365 3365 3269 3269 3238 3238 3238 3208 3653 3614
    3614 3539 3503 3433 3433 3433 3433 3433 3468 3433 3399 3365 3365
    3365 3365 3365 3365 3365 3269 3238 3238 3238 3208 3614 3614 3576
    3503 3503 3433 3433 3433 3433 3433 3468 3433 3365 3333 3333 3365
    3365 3365 3365 3365 3333 3300 3300 3238 3208 3614 3614 3576 3503
    3503 3468 3468 3468 3468 3468 3468 3433 3365 3333 3333 3365 3365
    3365 3365 3365 3365 3333 3333 3300 3269 3653 3614 3539 3503 3503
    3468 3468 3468 3468 3468 3468 3468 3433 3433 3399 3399 3365 3365
    3365 3365 3365 3333 3333 3333 3300 3653 3576 3539 3503 3468 3468
    3468 3468 3468 3468 3468 3468 3468 3433 3399 3399 3365 3365 3365
    3365 3365 3333 3333 3333 3300 3614 3576 3539 3503 3468 3468 3468
    3433 3433 3468 3468 3468 3433 3433 3433 3399 3365 3365 3365 3365
    3365 3333 3333 3333 3300 3576 3576 3539 3539 3468 3468 3468 3399
    3399 3399 3468 3468 3433 3433 3433 3433 3399 3399 3365 3365 3365
    3333 3333 3333 3300 3576 3576 3539 3539 3539 3539 3468 3365 3365
    3365 3433 3468 3468 3468 3433 3433 3433 3365 3365 3365 3365 3333
    3333 3333 3333 3614 3576 3576 3576 3576 3576 3399 3365 3365 3365
    3433 3468 3468 3468 3433 3433 3468 3365 3365 3333 3333 3333 3333
    3365 0 0 3614 3614 3576 3576 3576 3399 3399 0 0 0 0 0 0 0 0 0 0 0
    3238 3238 3333 0 0 0</data></Depth14177>
</opencv_storage>
