<?xml version="1.0"?>
<opencv_storage>
<Depth9817 type_id="opencv-matrix">
  <rows>94</rows>
  <cols>114</cols>
  <dt>w</dt>
  <data>
    5291 5291 5291 5291 5291 5210 5210 5210 5210 5210 5210 5210 5210
    5210 5132 5132 5132 5132 5132 946 943 943 940 940 938 933 930 930
    933 933 938 938 5056 5056 5056 4983 4983 5056 5056 5056 5056 4983
    4983 4983 4983 4983 4911 4911 4983 4911 4911 4911 4911 4842 4842
    4842 4842 4842 4774 4774 4774 4774 4774 4774 4842 4842 4842 4774
    4774 4708 4582 4582 4645 4645 4708 4708 4645 4582 4582 4522 4522
    3692 3653 3653 3614 3614 3614 3614 3614 3614 3614 3614 0 0 0 0 0 0 0
    0 0 0 0 0 0 0 0 0 0 0 0 0 0 0 5291 5291 5291 5291 5291 5210 5210
    5210 5210 5210 5210 5210 5210 5210 5210 5210 5210 5210 5132 946 943
    940 940 940 938 938 933 933 933 935 938 938 930 928 4983 4983 4983
    4983 4983 4983 5056 4983 4983 4983 4983 4983 4911 4911 4983 4983
    4983 4911 4911 4911 4842 4842 4842 4842 4774 4774 4774 4774 4774
    4774 4842 4842 4774 4774 4774 4708 4582 4582 4645 4645 4774 4708
    4645 4582 4582 4522 4522 3692 3653 3614 3614 3614 3614 3614 3614
    3614 3614 3653 0 0 0 0 0 0 0 0 0 0 0 0 0 0 0 0 0 0 0 0 0 0 5291 5291
    5291 5291 5291 5210 5210 5210 5210 5210 5210 5210 5210 5210 5210
    5210 5210 5210 5132 946 943 940 940 940 938 938 935 935 935 935 938
    935 930 928 928 928 928 4983 4983 4983 5056 5056 5056 4983 4983 4983
    4911 4911 4983 4983 4983 4911 4911 4911 4842 4842 4842 4842 4842
    4774 4774 4774 4774 4774 4842 4842 4774 4774 4774 4708 4645 4645
    4708 4708 4708 4645 4645 4645 4582 4582 3774 3732 3653 3614 3614
    3614 3614 3614 3614 3614 3614 3692 0 0 0 0 0 0 0 0 0 0 0 0 0 0 0 0 0
    0 0 0 0 0 5291 5291 5291 5291 5291 5210 5210 5210 5210 5210 5210
    5210 5210 5210 5210 5210 5210 5132 948 948 943 940 940 940 940 938
    938 938 938 938 935 935 930 928 928 928 930 930 928 5056 5056 5056
    4983 4983 4983 4983 4911 4911 4983 4983 4911 4911 4842 4842 4842
    4842 4842 4842 4774 4774 4774 4774 4774 4774 4842 4774 4774 4774
    4774 4708 4645 4645 4708 4708 4708 4645 4645 4645 4645 4645 3774
    3732 3653 3614 3614 3614 3614 3614 3614 3614 3614 3614 0 0 0 0 0 0 0
    0 0 0 0 0 0 0 0 0 0 0 0 0 0 0 5291 5291 5291 5291 5291 5210 5210
    5210 5132 5132 5210 5210 5291 5291 5291 5132 5132 930 930 930 943
    940 940 938 938 938 938 938 935 935 935 935 933 930 930 930 928 928
    928 928 928 4983 4983 4983 4983 4983 4983 4983 4983 4983 4911 4842
    4842 4842 4842 4842 4842 4842 4774 4774 4774 4774 4774 4774 4774
    4774 4774 4774 4774 4774 4708 4708 4708 4708 4708 4645 4645 4645
    4708 4774 3774 3732 3692 3614 3614 3614 3614 3614 3614 3614 3614
    3576 3576 3614 0 0 0 0 0 0 0 0 0 0 0 0 0 0 0 0 0 0 0 0 5291 5291
    5291 5291 5210 5210 5210 5132 5132 5132 0 0 0 0 0 5132 5132 930 930
    930 940 938 938 938 938 938 938 938 935 935 935 933 933 930 930 930
    928 928 928 928 928 928 928 928 4983 4983 4983 4983 4983 4983 4911
    4842 4842 4842 4842 4842 4842 4774 4774 4774 4774 4774 4774 4774
    4774 4774 4774 4774 4774 4774 4708 4708 4708 4708 4708 4645 4645
    4645 3653 3653 3692 3692 3732 3653 3653 3614 3614 3614 3614 3614
    3614 3576 3576 3576 3576 0 0 0 0 0 0 0 0 0 0 0 0 0 0 0 0 0 0 0 5291
    5291 5291 5210 5210 5210 5210 5132 5132 0 0 0 0 0 0 0 0 5056 940 940
    940 938 938 938 938 935 935 935 933 933 933 933 933 930 930 930 930
    928 928 928 928 928 928 928 928 925 923 923 923 4983 4911 4842 4842
    4774 4774 4774 4774 4774 4774 4774 4774 4774 4774 4774 4774 4774
    4774 4774 4774 4774 4774 4774 4708 4708 4708 4645 4645 4645 3653
    3653 3692 3692 3732 3653 3653 3614 3614 3653 3653 3653 3539 3539
    3539 3576 3576 0 0 0 0 0 0 0 0 0 0 0 0 0 0 0 0 0 0 0 5291 5291 5291
    5210 5210 5210 5210 5210 0 0 0 0 0 0 0 0 0 943 940 938 938 935 935
    935 935 935 935 933 933 933 933 933 930 930 930 930 930 930 928 928
    928 928 928 928 928 925 923 923 920 920 920 920 4774 4774 4774 4774
    4774 4774 4774 4774 4774 4774 4774 4774 4774 4774 4774 4774 4774
    4774 4774 4774 4708 4708 4708 4708 4708 4708 3653 3653 3692 3692
    3732 3653 3653 3614 3614 3614 3653 3576 3539 3468 3468 3468 3576 0 0
    0 0 0 0 0 0 0 0 0 0 0 0 0 0 0 0 0 5291 5291 5291 5291 5210 5210 5210
    5210 0 0 0 0 0 0 0 0 0 943 940 938 938 935 935 935 935 935 935 933
    933 933 933 933 930 930 930 930 930 930 928 928 928 928 928 928 925
    923 923 923 920 920 920 920 918 918 920 4774 4774 4774 4774 4774
    4774 4774 4774 4774 4842 4774 4774 4774 4774 4708 4708 4774 4774
    4708 4708 4708 4708 4708 4774 3692 3692 3692 3692 3653 3653 3614
    3614 3614 3614 3503 3433 3399 3365 3365 3365 0 0 0 0 0 0 0 0 0 0 0 0
    0 0 0 0 0 0 0 5291 5291 5291 5291 5291 5210 5210 5291 0 0 0 0 0 0 0
    0 0 940 940 938 938 938 935 935 935 935 935 933 933 933 933 930 930
    930 930 930 930 930 928 928 928 928 928 928 925 923 923 923 923 920
    920 920 918 918 918 918 918 918 913 4774 4774 4708 4708 4774 4842
    4842 4774 4774 4774 4708 4708 4708 4708 4645 4645 4645 4708 4708
    4774 3692 3692 3692 3653 3653 3653 3614 3576 3576 3614 3503 3433
    3399 3365 3365 3365 0 0 0 0 0 0 0 0 0 0 0 0 0 0 0 0 0 0 0 5291 5291
    5291 5291 5291 5210 5210 5291 0 0 0 0 0 0 0 0 940 940 938 938 938
    938 935 933 933 935 933 933 933 930 930 930 930 930 928 928 928 928
    928 928 928 928 928 928 925 923 923 923 923 923 920 920 918 918 918
    918 918 918 913 913 913 4708 4708 4774 4842 4842 4774 4774 4774 4708
    4708 4708 4708 4645 4645 4645 4645 4645 3774 3732 3692 3692 3653
    3653 3653 3653 3576 3576 3576 3503 3433 3399 3399 3365 3365 0 0 0 0
    0 0 0 0 0 0 0 0 0 0 0 0 0 0 0 5291 5291 5291 5291 5291 5291 5291
    5291 5548 0 0 0 0 0 0 0 940 938 938 938 938 938 935 933 933 933 933
    933 933 930 930 930 928 928 928 928 928 928 928 928 925 925 925 923
    923 923 920 920 920 920 920 920 918 918 918 918 918 915 913 913 913
    913 913 913 4911 4911 5056 4774 4774 4708 4708 4774 4774 4708 4645
    4645 4582 4582 3732 3732 3732 3692 3692 3692 3692 3653 3614 3614 0 0
    0 3399 3399 3365 3365 0 0 0 0 0 0 0 0 0 0 0 0 0 0 0 0 0 0 0 5291
    5291 5291 5291 5291 5291 5291 5291 5548 0 0 0 0 0 0 0 938 938 935
    935 935 935 933 933 930 930 933 933 930 930 930 928 928 928 928 928
    928 928 928 925 925 923 923 923 920 920 920 920 920 920 920 920 918
    918 918 918 918 915 913 913 913 913 913 913 913 913 913 913 913 913
    910 910 4708 4708 4645 4645 4582 4582 3732 3732 3732 3692 3692 3692
    3692 3614 3614 3614 0 0 0 0 0 0 0 0 0 0 0 0 0 0 0 0 0 0 0 0 0 0 0 0
    0 0 5374 5291 5291 5291 5291 5291 5291 5291 0 0 0 0 0 0 0 0 938 935
    935 935 935 933 933 930 930 930 930 930 930 930 928 928 928 928 928
    928 928 928 928 925 923 923 923 923 920 920 920 920 920 918 918 918
    918 918 918 918 918 915 915 915 913 913 913 913 913 913 910 910 910
    910 910 908 908 4708 4708 4708 3774 3774 3774 3732 3732 3692 3692
    3692 3692 3614 3614 3614 0 0 0 0 0 0 0 0 0 0 0 0 0 0 0 0 0 0 0 0 0 0
    0 0 0 0 5374 5291 5291 5291 5291 5291 5291 5374 0 0 0 0 0 0 0 938
    938 935 933 933 933 930 930 930 930 930 930 930 930 928 928 928 928
    928 928 928 928 925 925 923 923 923 920 920 920 920 920 918 918 918
    918 918 918 918 915 915 915 915 913 913 913 913 913 913 910 910 910
    908 908 910 908 906 906 906 903 903 903 3774 3774 3774 3732 3692
    3692 3692 3692 3653 3614 3614 0 0 0 0 0 0 0 0 0 0 0 0 0 0 0 0 0 0 0
    0 0 0 0 0 0 0 5374 5291 5291 5291 5291 5291 5291 0 0 0 0 0 0 0 0 938
    935 935 933 933 933 930 930 930 930 930 930 928 928 928 925 925 925
    928 928 925 925 925 925 923 923 923 920 920 920 918 918 918 918 918
    918 915 915 915 915 915 915 915 913 913 913 913 913 913 910 910 910
    908 908 910 908 906 903 903 903 903 903 903 898 3653 3653 3653 3614
    3614 3692 3653 3653 3653 0 0 0 0 0 0 0 0 0 0 0 0 0 0 0 0 0 0 0 0 0 0
    0 0 0 0 5291 5291 5291 5291 5291 5291 5291 0 0 0 0 0 0 0 940 935 933
    933 933 933 933 930 930 930 930 930 928 928 928 925 925 925 925 925
    925 925 925 923 923 923 923 923 920 920 920 918 918 918 918 918 915
