<?xml version="1.0"?>
<opencv_storage>
<Depth8237 type_id="opencv-matrix">
  <rows>7</rows>
  <cols>18</cols>
  <dt>w</dt>
  <data>
    5548 5734 5734 5734 5734 5734 5832 5832 5832 5832 5734 5734 5734
    5832 5734 5734 5832 5832 5548 5734 5734 5734 5734 5734 5832 5832
    5832 5832 5832 5734 5734 5734 5734 5734 5832 5832 5640 5734 5734
    5832 5734 5734 5734 5832 5832 5832 5832 5734 5734 5734 5734 5734
    5734 5734 5734 5734 5734 5832 5734 5734 5734 5832 5832 5832 5832
    5832 5832 5832 5734 5734 5734 5734 5734 5734 5734 5832 5734 5734
    5734 5832 5832 5832 5832 5832 5832 5832 5734 5734 5734 5734 5734
    5734 5734 5832 5832 5734 5734 5832 5832 5933 5832 5832 5832 5832
    5832 5832 5734 5734 5734 5734 5734 0 0 5734 5734 0 5933 5933 5832
    5832 5832 5832 5832 5832 5832 5832</data></Depth8237>
</opencv_storage>
