<?xml version="1.0"?>
<opencv_storage>
<Depth15788 type_id="opencv-matrix">
  <rows>123</rows>
  <cols>73</cols>
  <dt>w</dt>
  <data>
    7030 7030 6889 6889 6889 6889 6889 6889 6889 6889 6889 6889 6889
    6889 6889 7030 7030 7030 7030 7030 7030 6889 6889 6889 6889 6889
    6889 6889 6889 7030 7030 7030 6889 6889 6889 6753 6753 6753 6753
    6753 6753 6622 6622 706 706 707 708 6622 707 704 704 704 6753 6753
    700 700 700 700 0 0 0 6622 6622 6622 6622 6622 6622 6622 6622 6622
    6622 6622 6622 7030 7030 7030 7030 7030 7030 6889 6889 6889 6889
    6889 6889 6889 6889 6889 7030 7030 7030 7030 7030 7030 6889 6889
    6889 6889 6889 6889 6889 6889 7030 7030 7030 6889 6889 6889 6753
    6753 6622 6622 6753 6753 704 704 704 706 708 708 6753 6753 701 698
    698 700 700 700 700 700 700 0 0 0 6622 6622 6622 6622 6622 6622 6622
    6622 6753 6622 6622 6622 7030 7030 7030 7030 885 882 882 880 880
    6889 6889 6889 6889 6889 6889 7030 7030 7030 7030 7030 7030 6889
    6889 6889 6889 6889 6889 6889 6889 6889 688 688 688 688 6889 6889
    6753 6497 6497 6889 6889 704 704 704 706 708 696 696 696 696 698 698
    698 700 700 700 700 701 0 0 0 0 0 0 0 0 6753 6622 6622 6622 6622
    6622 6622 7030 7030 7030 885 885 882 882 880 880 882 889 889 898 896
    896 896 878 878 878 878 7030 6889 6889 7030 7030 7030 7030 682 683
    688 688 688 688 688 686 686 6497 6497 688 688 688 688 688 690 691
    693 694 696 696 696 697 698 698 700 700 700 700 700 700 0 0 0 0 0 0
    0 0 6622 6622 6622 6622 6622 6622 7030 7030 7030 885 885 885 882 882
    882 882 889 891 896 894 891 887 885 878 878 878 878 873 873 873 682
    682 682 682 683 683 683 683 683 684 686 686 686 687 687 688 688 688
    688 690 691 693 694 696 696 696 697 698 698 700 700 700 701 700 698
    698 0 0 0 0 0 0 0 6622 6622 6622 6622 6622 6622 7030 7030 7030 885
    885 885 882 882 882 882 889 891 891 891 889 887 885 882 878 871 871
    873 873 873 678 682 682 682 682 682 683 683 683 683 686 686 686 687
    687 688 690 688 688 690 691 693 694 696 696 696 698 698 698 700 700
    700 701 700 698 698 0 0 0 0 0 0 0 0 6622 6622 6497 6497 6497 6889
    6889 887 887 885 885 882 882 882 885 889 891 889 889 889 889 885 882
    678 678 678 678 678 678 678 680 680 680 682 682 682 683 683 683 684
    686 686 687 687 688 688 688 688 690 691 694 694 694 696 696 697 698
    698 701 701 701 701 701 701 701 0 0 0 0 0 0 0 0 6753 6622 6497 6497
    6497 6889 0 887 887 887 885 882 882 885 887 889 891 889 889 889 693
    688 688 678 678 678 678 678 678 678 679 680 680 682 682 682 683 683
    683 684 686 686 687 687 688 688 688 688 690 691 694 694 694 696 696
    697 698 698 701 701 701 701 701 701 701 0 0 0 0 0 0 0 0 6753 6622
    6622 6622 6622 885 882 882 0 0 0 0 0 0 0 0 0 0 0 693 0 693 688 684
    682 679 678 678 678 678 679 679 680 682 682 682 683 683 684 684 686
    687 687 688 688 688 690 690 691 693 694 694 694 696 696 696 698 698
    701 701 701 701 701 701 701 0 0 0 0 0 0 0 0 6622 6622 6622 6622 6622
    885 882 882 882 882 0 0 0 0 0 0 0 0 0 0 693 693 688 684 683 680 678
    678 678 678 678 679 682 682 682 683 683 683 686 686 687 687 688 688
    688 688 690 691 693 693 694 694 694 696 696 696 698 698 700 701 701
    701 701 701 701 0 0 0 0 0 0 0 0 6622 6622 6622 6622 6622 885 882 882
    882 882 0 0 0 0 0 0 0 774 774 0 690 690 688 686 683 680 678 678 678
    678 678 679 680 682 683 683 683 684 686 687 687 687 687 687 688 688
    690 691 693 693 694 694 694 696 696 697 697 698 700 700 700 701 701
    701 701 701 0 0 0 0 0 0 0 6622 6622 6622 6622 6622 887 885 882 882
    882 869 0 0 0 0 774 774 774 774 0 687 687 687 684 683 680 678 678
    678 678 678 679 680 682 683 683 684 686 687 687 687 687 687 687 688
    688 690 691 691 693 694 694 694 696 696 697 697 698 700 700 700 701
    701 701 701 701 0 0 0 0 0 0 0 0 6622 6622 6622 6622 894 889 869 869
    869 0 0 0 0 0 0 771 771 771 0 683 683 683 683 683 679 678 678 678
    678 679 679 680 682 683 683 686 686 686 686 686 687 687 687 688 688
    688 690 690 693 694 694 694 694 697 697 697 698 700 700 701 701 701
    701 701 701 0 0 0 0 0 0 0 0 6622 6622 6622 6622 894 869 869 869 869
    843 843 0 802 792 787 771 771 771 717 717 683 683 683 682 679 678
    678 678 679 679 680 682 683 683 684 686 686 686 686 686 687 687 687
    688 688 688 690 690 693 694 694 694 694 696 697 697 698 700 700 701
    701 701 701 701 701 0 0 0 0 0 0 0 0 6622 6622 6622 6622 869 869 869
    869 858 843 839 803 798 792 787 774 774 774 716 716 714 683 683 682
    679 679 679 679 680 680 680 682 683 684 686 686 686 686 686 686 687
    687 687 688 688 690 691 691 693 693 694 694 694 696 697 698 698 700
    700 701 701 701 701 701 701 0 0 0 0 0 0 0 0 6622 6622 6753 6622 869
    869 869 869 854 841 837 803 798 792 785 783 783 783 783 716 714 711
    683 683 682 679 679 679 680 680 682 682 683 683 686 684 684 686 686
    687 687 687 687 688 688 688 691 691 693 693 694 694 694 696 697 698
    698 700 701 701 703 703 701 701 703 0 0 0 0 0 0 0 0 6622 6622 6622
    6622 878 871 869 869 854 839 835 803 798 792 785 783 783 783 783 716
    713 710 707 707 682 680 680 680 680 680 682 682 683 683 683 684 684
    684 684 686 687 687 688 688 688 688 691 691 693 693 694 694 694 696
    697 698 698 700 701 701 703 703 701 701 703 0 0 0 0 0 0 0 0 6622
    6622 6622 6622 889 875 869 869 858 839 835 803 800 792 785 783 783
    783 716 716 711 708 706 706 680 680 679 679 680 680 682 682 683 683
    683 684 684 684 684 686 686 687 688 688 688 690 691 691 693 693 694
    694 694 696 697 698 698 700 701 701 703 703 701 701 703 0 0 0 0 0 0
    0 0 6753 6622 6622 6622 887 878 873 871 847 841 835 803 800 792 785
    783 783 783 783 711 711 708 706 679 679 679 679 679 679 680 682 682
    683 683 683 684 684 684 684 686 686 687 687 688 688 690 691 693 693
    693 694 694 694 696 697 698 698 700 701 701 703 703 701 701 703 0 0
    0 0 0 0 0 0 6622 6622 6622 6622 885 880 875 875 847 843 835 803 802
    792 785 781 781 781 0 713 713 708 706 678 678 679 678 678 679 680
    680 682 682 683 683 684 684 686 686 686 687 687 687 688 690 690 691
    693 693 693 694 694 694 696 696 698 698 700 701 701 703 704 703 703
    703 0 0 0 0 0 0 0 0 6622 6622 6622 6622 885 882 878 878 847 843 837
    803 803 792 785 781 781 781 780 713 713 710 708 678 678 679 678 678
    679 680 680 682 682 683 683 684 684 686 686 687 687 687 688 688 690
    690 691 693 693 694 694 694 694 696 696 698 698 700 701 701 703 704
    703 703 703 0 0 0 0 0 0 0 0 6753 6622 6622 6622 885 882 880 878 878
    843 837 835 803 803 785 781 780 780 780 713 713 710 707 704 679 679
    678 678 679 680 680 682 682 683 683 684 684 686 686 687 687 687 688
    688 690 690 691 693 693 694 694 696 696 696 697 698 698 700 701 701
    701 704 703 703 703 706 0 0 0 0 0 0 0 6753 6622 6622 6622 891 882
    880 878 878 841 837 835 805 803 789 781 780 780 780 0 713 710 707
    704 704 679 678 678 679 680 680 682 683 683 684 684 684 686 686 687
    687 687 688 688 688 690 691 693 693 694 694 696 696 696 696 697 698
    701 701 701 701 703 704 704 704 706 0 0 0 0 0 0 0 0 6622 6622 6622
    891 882 875 873 873 841 837 835 803 803 789 781 780 780 780 0 713
    708 708 704 703 679 679 679 679 680 680 682 683 683 683 683 684 686
    686 687 687 687 688 688 688 690 691 693 693 694 694 696 696 696 696
    697 698 701 701 701 701 703 704 706 706 706 706 0 0 0 0 0 0 0 6622
    6622 6622 887 882 875 873 873 873 839 837 803 803 798 781 781 781
    781 0 708 708 708 704 703 682 680 680 680 680 680 682 683 683 683
    683 684 686 686 687 687 687 688 688 688 690 691 693 693 694 694 694
    696 696 697 697 698 700 701 701 701 703 704 706 704 704 706 0 0 0 0
    0 0 0 6497 6497 6753 887 885 878 873 869 854 839 837 805 805 798 783
    783 783 0 728 728 723 710 704 703 683 682 680 680 680 680 682 683
    683 683 683 684 686 686 687 687 687 688 688 688 690 691 693 693 694
    694 694 696 696 697 697 697 700 700 701 701 704 704 706 704 703 703
    0 0 0 0 0 0 0 6497 6497 6753 0 887 878 871 867 854 843 839 831 805
