<?xml version="1.0"?>
<opencv_storage>
<Depth15513 type_id="opencv-matrix">
  <rows>11</rows>
  <cols>12</cols>
  <dt>w</dt>
  <data>
    3614 3614 3576 3576 3614 3614 4774 4774 4708 4708 4645 4645 3614
    3576 3539 3539 3614 4842 4774 4774 4774 4774 4708 4708 3614 3468
    3468 3539 4774 4842 4842 4774 4774 4774 4774 4774 3614 3468 3468
    4774 4774 4842 4842 4774 4774 4842 4842 4842 4774 4774 4774 4774
    4911 4911 4911 4842 4842 4842 4842 4842 4774 4774 4842 4842 4842
    4842 4911 4911 4911 4911 4842 4842 4842 4842 4842 4842 4842 4842
    4842 4911 4911 4911 4911 4911 4911 4911 4842 4842 4774 4774 4842
    4842 4911 4911 4911 4911 4983 4842 4842 4774 4774 4774 4774 4842
    4842 4911 4911 4911 4911 4842 4842 4774 4774 4774 4774 4774 3178
    3149 3092 3064 4842 4842 4842 4774 4774 3178 3178 3178 3178 3092
    3092 3064</data></Depth15513>
</opencv_storage>
