<?xml version="1.0"?>
<opencv_storage>
<Depth15196 type_id="opencv-matrix">
  <rows>85</rows>
  <cols>68</cols>
  <dt>w</dt>
  <data>
    3092 3120 3092 3092 3120 3120 3120 3149 3064 3064 3903 0 0 0 4089
    4089 4241 4295 4295 4295 4295 4349 4349 0 0 0 0 0 0 0 0 0 0 0 0 0 0
    2212 2212 2226 2212 2212 2212 1227 1227 1227 1232 1227 1227 1227
    1227 3692 3692 3692 3692 3692 3692 3692 4708 4645 4582 4582 4645
    4582 4582 4645 4645 4708 4041 4041 4089 4190 4241 4241 4190 4139
    4089 3903 3903 0 0 0 4190 4190 4241 4295 4295 4295 4295 4349 4349 0
    0 0 0 0 0 0 0 0 0 0 0 0 0 2226 2226 2226 2212 2212 1223 1223 1227
    1227 1227 1227 1227 1227 1227 1232 1232 3692 3692 3692 3692 3692
    4708 4645 4582 4582 4582 4582 4582 4645 4645 4645 4041 4089 4139
    4190 4241 4241 4190 4190 4190 4190 0 0 0 0 4190 4190 4190 4295 4295
    4295 4295 4349 4349 0 0 0 0 0 0 0 0 0 0 0 0 0 1227 1223 1223 1223
    1223 1223 1223 1223 1223 1227 1227 1227 1227 1227 1227 1227 1227
    1227 3732 3732 3692 3692 4645 4582 4582 4582 4582 4582 4582 4645
    4645 4645 4139 4139 4190 4190 4190 4241 4241 4190 4190 4190 0 0 0
    4190 0 4190 4190 4295 4295 4295 4295 4349 4349 0 0 0 0 0 0 1210 1210
    1223 1223 1223 1223 1223 1223 1223 1223 1223 1223 1223 1223 1223
    1223 1227 1227 1227 1227 1227 1227 1227 1227 1227 3732 3732 3732
    3732 4645 4582 4582 4582 4582 4582 4645 4645 4645 4645 4139 4139
    4139 4139 4190 4190 4190 4190 4190 4190 4190 0 0 0 0 0 4295 4295
    4295 4295 4295 4295 1223 1227 1227 1223 1223 1223 1219 1210 1210
    1223 1223 1223 1223 1223 1223 1223 1223 1223 1223 1223 1223 1223
    1223 1227 1227 1227 1227 1227 1227 1227 1227 0 0 4708 4708 4708 4645
    4582 4582 4582 4582 4645 4645 4645 4645 4645 4139 4139 4139 4139
    4139 4190 4190 4190 4190 4190 4190 0 0 0 0 0 4349 4295 4295 4295
    4295 1223 1223 1227 1223 1219 1219 1219 1219 1214 1214 1223 1223
    1219 1219 1219 1223 1223 1223 1223 1223 1223 1223 1223 1223 1223
    1227 1227 1227 1227 1227 1227 1227 0 1227 0 4645 0 4645 4582 4582
    4582 4582 4645 4645 4645 4645 4708 4139 4139 4139 4139 4139 4139
    4139 4139 4190 4190 0 0 1227 1227 0 0 1223 1223 1227 1227 1227 1223
    1223 1223 1223 1219 1219 1219 1219 1219 1219 1223 1223 1219 1219
    1219 1223 1223 1223 1223 1223 1223 1223 1223 1223 1223 1227 1227
    1227 1227 1227 1227 1227 1227 0 0 0 0 4582 4582 4582 4582 4645 4645
    4645 4645 4708 4774 4139 4139 4139 4089 4089 4139 4139 1214 1214
    4190 0 1227 1227 1227 1223 1223 1223 1223 1227 1227 1227 1227 1223
    1223 1223 1219 1219 1219 1219 1219 1223 1223 1223 1223 1223 1223
    1223 1223 1223 1223 1223 1223 1223 1223 1223 1223 1227 1227 1227
    1227 1227 1227 1223 1223 1223 0 0 0 4842 4774 4645 4645 4708 4708
    4708 4708 4774 4774 4089 4139 4089 4089 1219 1219 1214 1214 1214
    1214 1219 1223 1227 1227 1223 1223 1223 1223 1223 1223 1223 1223
    1223 1223 1223 1223 1223 1223 1223 1223 1223 1223 1223 1223 1223
    1223 1223 1223 1223 1223 1223 1223 1223 1223 1223 1223 1227 1227
    1227 1227 1227 1227 1223 1223 0 0 0 0 4842 4842 4774 4774 4774 4774
    4774 4774 4774 4842 4089 4139 4089 1223 1219 1219 1214 1214 1214
    1214 1214 1223 1223 1223 1223 1223 1223 1223 1223 1223 1223 1223
    1223 1223 1223 1223 1223 1223 1223 1223 1223 1223 1223 1223 1223
    1223 1223 1223 1223 1223 1223 1223 1223 1223 1223 1223 1227 1227
    1227 1227 1227 1227 1223 1223 1223 0 0 0 4842 4842 4774 4708 4708
    4774 4774 4774 4774 4842 1219 1219 1219 1219 1219 1214 1214 1214
    1219 1214 1214 1223 1223 1223 1223 1223 1223 1223 1223 1223 1223
    1219 1219 1223 1223 1223 1223 1223 1223 1223 1223 1223 1223 1223
    1223 1223 1223 1223 1223 1223 1223 1223 1223 1223 1223 1223 1227
    1227 1227 1227 1227 1227 1223 1219 1219 1219 0 4842 4842 4842 4774
    4708 4708 4774 4774 4774 4842 4842 1219 1219 1219 1219 1219 1214
    1214 1214 1219 1219 1219 1223 1223 1223 1223 1223 1223 1223 1219
    1219 1223 1219 1219 1219 1219 1219 1223 1223 1223 1223 1223 1223
    1223 1223 1223 1223 1223 1223 1223 1223 1223 1223 1223 1223 1223
    1223 1227 1227 1227 1227 1227 1227 1223 1219 1219 1219 0 4842 4842
    4842 4774 4708 4708 4774 4774 4842 4842 4842 1219 1214 1214 1214
    1219 1219 1214 1214 1214 1219 1219 1223 1223 1223 1223 1223 1223
    1223 1219 1219 1223 1219 1219 1219 1219 1219 1223 1223 1223 1223
    1223 1223 1223 1223 1223 1223 1223 1223 1223 1223 1223 1223 1223
    1223 1223 1223 1227 1227 1227 1227 1227 1232 1227 1227 1227 1227 0 0
    0 4842 4774 4774 4774 4774 4842 4842 4842 4842 1219 1214 1214 1214
    1219 1219 1214 1214 1214 1219 1219 1223 1223 1223 1223 1223 1223
    1223 1223 1223 1223 1219 1219 1219 1219 1219 1223 1223 1223 1223
    1223 1223 1223 1223 1223 1223 1223 1223 1223 1223 1223 1223 1223
    1223 1223 1223 1227 1227 1227 1227 1232 1232 1232 1227 1227 1227
    1236 0 4842 4842 4774 4774 4774 4774 4842 4842 4842 4842 1219 1219
    1219 1219 1219 1219 1214 1214 1214 1219 1219 1223 1223 1223 1223
    1223 1223 1223 1223 1223 1223 1223 1223 1223 1223 1223 1223 1223
    1223 1223 1223 1223 1223 1223 1223 1223 1223 1223 1223 1223 1223
    1223 1223 1223 1223 1223 1227 1227 1227 1227 1232 1232 1232 1232
    1232 1236 1236 0 4842 4842 4774 4774 4842 4842 4842 4842 4842 4842
    1219 1219 1219 1219 1219 1219 1219 1214 1214 1219 1219 1223 1227
    1223 1223 1223 1223 1223 1223 1223 1223 1223 1223 1223 1223 1223
    1223 1223 1223 1223 1223 1223 1223 1223 1223 1223 1223 1223 1223
    1223 1223 1223 1223 1223 1223 1223 1227 1232 1227 1227 1227 1227
    1227 1232 1232 1236 1236 0 4842 4842 4774 4774 4842 4842 4774 4774
    4774 4842 0 1219 1219 1219 1219 1219 1219 1219 1219 1219 1219 1223
    1223 1223 1223 1223 1223 1223 1223 1223 1223 1223 1223 1223 1223
    1223 1223 1223 1223 1223 1223 1223 1223 1223 1223 1223 1223 1223
    1223 1223 1223 1223 1223 1223 1223 1223 1227 1227 1227 1227 1227
    1227 1227 1232 1232 1232 1232 0 4774 4774 4774 4774 4842 4842 4774
    4774 4774 4842 0 1219 1219 1219 1219 1219 1219 1219 1219 1219 1219
    1223 1223 1223 1223 1223 1223 1223 1223 1223 1223 1223 1223 1223
    1223 1223 1223 1223 1223 1223 1223 1223 1223 1223 1223 1223 1223
    1223 1223 1223 1223 1223 1223 1223 1223 1223 1227 1227 1227 1227
    1227 1227 1227 1227 1227 1232 1232 0 4774 4774 4774 4774 4842 4774
    4774 4774 4774 4774 0 0 1219 1219 1219 1219 1219 1219 1219 1219 1219
    1223 1223 1223 1223 1223 1223 1223 1223 1223 1223 1223 1223 1223
    1223 1223 1223 1223 1223 1223 1223 1223 1223 1223 1223 1223 1223
    1223 1223 1223 1223 1223 1223 1223 1223 1227 1227 1232 1232 1232
    1227 1227 1227 1227 1227 1232 1232 1232 4774 4774 4774 4708 4708
    4774 4774 4774 4774 4774 0 0 1219 1219 1219 1214 1214 1214 1219 1219
    1219 1223 1223 1223 1223 1223 1223 1223 1223 1223 1223 1223 1223
    1223 1223 1223 1223 1223 1223 1223 1223 1223 1223 1223 1223 1223
    1223 1223 1223 1223 1223 1223 1223 1223 1223 1223 1232 1232 1232
    1232 1227 1227 1227 1227 1227 1232 1232 1232 0 4774 4774 4708 4708
    4842 4842 4842 4842 4774 0 0 0 1219 1214 1214 1214 1214 1219 1219
    1219 1223 1223 1223 1223 1223 1223 1223 1223 1223 1223 1223 1223
    1223 1227 1223 1223 1223 1223 1223 1223 1223 1223 1223 1223 1223
    1223 1223 1223 1223 1223 1223 1223 1223 1223 1223 1232 1232 1232
    1232 1227 1227 1227 1227 1232 1232 1232 1232 0 4774 4774 4774 4842
    4842 4842 4842 4842 4842 0 0 0 1219 1214 1214 1214 1214 1219 1219
    1219 1223 1223 1223 1223 1223 1223 1223 1223 1223 1223 1223 1223
    1223 1227 1227 1223 1223 1223 1223 1223 1223 1223 1223 1223 1223
    1223 1223 1223 1223 1223 1223 1223 1223 1223 1227 1232 1232 1227
    1227 1227 1227 1227 1232 1232 1232 1232 1232 0 4774 4774 4774 4842
    4842 4842 4842 4842 4842 0 0 0 1219 1214 1214 1214 1214 1219 1219
    1219 1223 1223 1223 1223 1223 1223 1223 1223 1223 1223 1223 1223
    1223 1227 1227 1223 1223 1223 1223 1223 1223 1223 1223 1223 1223
    1223 1223 1227 1223 1223 1223 1223 1223 1223 1223 1232 1232 1227
