<?xml version="1.0"?>
<opencv_storage>
<Depth19361 type_id="opencv-matrix">
  <rows>38</rows>
  <cols>51</cols>
  <dt>w</dt>
  <data>
    0 0 4405 4405 4405 4349 4349 4349 4295 1883 1883 1883 1873 1863 1863
    3903 3903 3903 3948 3948 3948 3994 3994 3994 3994 3994 4041 4041
    4041 4089 4139 2065 2065 2065 2078 2078 4295 4241 4241 4295 4349
    4405 4405 4405 4405 4349 4349 4349 4405 4405 4349 0 0 4405 4405 4405
    4349 4349 4405 1883 1883 1883 1883 1873 1863 1863 1863 3948 3948
    3948 3948 3948 3948 3948 3948 3948 3994 3994 4041 4041 4089 4089
    2065 2065 2065 2078 2078 2078 2090 2078 2065 2065 4405 4405 4405
    4405 4349 4349 4349 4349 4349 4349 0 0 4405 4405 4349 4349 4349 4405
    1883 1883 1883 1883 1883 1883 1883 1883 1904 1894 1894 1883 1883
    1904 1926 3948 3948 3994 3994 4041 4041 4089 4089 1981 1981 2016
    2078 2078 2078 2090 2078 2065 2065 2090 4405 4405 4405 4349 4349
    4349 4349 4349 4295 0 0 4405 1915 1904 1894 1873 1873 1873 1883 1873
    1863 1863 1883 1883 1894 1904 1904 1894 1883 1883 1904 1915 1915
    1915 3994 3994 3994 4041 4041 1981 1981 1981 1993 2028 2065 2078
    2090 2090 2078 2078 2078 2078 2129 2129 2129 4349 4295 4295 4295
    4295 0 0 4405 1904 1894 1883 1873 1873 1873 1873 1873 1863 1863 1863
    1894 1894 1904 1894 1894 1894 1894 1915 1894 1894 1883 1883 1894
    1915 1947 1947 1947 1959 1981 1993 2005 2016 2028 2028 2103 2078
    2078 2065 2065 2078 2116 2129 4349 4295 4295 4295 4295 0 0 4349 1894
    1883 1883 1873 1873 1873 1873 1873 1873 1863 1863 1873 1883 1894
    1894 1894 1894 1894 1894 1894 1894 1883 1883 1894 1915 1947 1947
    1947 1959 1970 1981 1993 1993 1993 1993 1993 1993 2053 2053 2065
    2065 2090 2090 2078 2078 4295 4295 4295 0 0 4349 1894 1883 1883 1873
    1873 1873 1873 1873 1873 1863 1863 1873 1883 1883 1883 1894 1894
    1894 1894 1894 1894 1894 1894 1915 1926 1936 1936 1947 1959 1970
    1981 1993 1993 1993 1993 1993 1993 2028 2028 2040 2053 2053 2078
    2078 2078 2078 4295 4295 0 0 0 1894 1883 1883 1873 1873 1873 1873
    1873 1883 1883 1873 1873 1873 1883 1883 1894 1904 1894 1894 1894
    1894 1904 1904 1926 1926 1926 1936 1947 1947 1959 1970 1993 1993
    2005 1993 1993 2016 2028 2028 2040 2040 2053 2065 2078 2065 2065
    2065 4295 0 0 0 1894 1883 1883 1883 1883 1883 1883 1883 1883 1883
    1883 1873 1873 1883 1883 1894 1894 1894 1894 1894 1894 1904 1915
    1926 1926 1926 1936 1947 1947 1959 1970 1993 1993 1993 1993 1993
    2028 2028 2028 2028 2028 2040 2040 2065 2065 2040 2040 2040 0 0 1904
    1894 1894 1894 1883 1883 1883 1883 1883 1883 1883 1883 1883 1883
    1883 1883 1883 1894 1894 1894 1904 1904 1904 1915 1926 1926 1926
    1936 1947 1947 1959 1970 1993 1993 1993 1993 1993 2016 2016 2028
    2028 2028 2040 2040 2053 2053 2040 2040 4295 0 0 1883 1883 1883 1894
    1883 1883 1863 1863 1883 1883 1883 1883 1883 1883 1883 1883 1883
    1894 1894 1894 1904 1904 1904 1915 1915 1926 1926 1936 1947 1947
    1959 1970 1981 1993 2005 2005 2005 2005 2016 2016 2028 2028 2040
    2040 2040 2040 2040 2040 4295 0 1904 1883 1883 1883 1883 1883 1883
    1853 1853 1883 1883 1883 1883 1883 1883 1883 1883 1883 1894 1894
    1894 1894 1894 1894 1894 1915 1926 1926 1936 1947 1947 1959 1959
    1981 1993 1993 2005 2005 2005 2005 2016 2016 2028 2028 2040 2040
    2040 2040 2040 2040 0 1904 1894 1883 1883 1883 1883 1883 1853 1853
    1883 1883 1883 1883 1873 1873 1883 1894 1894 1894 1894 1894 1894
    1894 1894 1894 1904 1894 1894 1926 1936 1947 1947 1959 1970 1993
    1993 1993 1993 1993 2005 2016 2016 2028 2028 2040 2040 2040 2040
    2040 2040 0 1904 1894 1883 1883 1883 1883 1883 1873 1873 1873 1873
    1873 1873 1873 1873 1883 1894 1894 1894 1894 1894 1904 1904 1904
    1904 1904 1894 1894 1926 1936 1947 1947 1959 1970 1981 1993 1993
    1993 1993 2005 2016 2016 2028 2028 2028 2028 2028 2040 2040 2040 0
    1904 1894 1883 1883 1873 1873 1873 1873 1873 1873 1873 1873 1873
    1873 1873 1873 1883 1883 1883 1883 1894 1904 1904 1904 1904 1904
    1894 1894 1926 1936 1936 1947 1947 1970 1981 1993 1993 1993 1993
    2005 2016 2016 2016 2016 2028 2028 2028 2028 2028 2040 1883 1883
    1873 1873 1863 1863 1863 1873 1873 1873 1873 1873 1863 1863 1863
    1873 1873 1883 1883 1883 1883 1894 1904 1904 1904 1904 1894 1894
    1894 1926 1936 1936 1926 1926 1970 1981 1993 1993 1993 1993 1993
    2016 2016 2016 2016 2028 2028 2028 2028 2028 2040 1883 1883 1873
    1873 1853 1853 1853 1873 1873 1863 1863 1863 1863 1863 1863 1873
    1873 1883 1883 1883 1883 1894 1894 1904 1904 1904 1894 1894 1904
    1926 1936 1936 1926 1926 1947 1970 1981 1993 1993 1993 1993 1993
    2016 2016 2016 2028 2028 2028 2028 2028 2040 1894 1894 1894 1883
    1853 1853 1853 1863 1863 1863 1853 1853 1853 1863 1873 1873 1873
    1883 1883 1883 1883 1894 1894 1894 1894 1904 1904 1915 1915 1926
    1926 1926 1936 1936 1947 1970 1981 1981 1981 1981 1993 1993 2016
    2016 2016 2028 2028 2040 2040 2040 2053 1894 1894 1894 1883 1853
    1853 1853 1853 1853 1853 1853 1853 1853 1873 1873 1873 1873 1883
    1883 1873 1873 1883 1894 1894 1894 1894 1904 1915 1915 1926 1926
    1926 1936 1936 1981 1981 1981 1981 1981 1981 1993 1993 1993 2005
    2005 2028 2040 2040 2040 2040 4241 1894 1894 1883 1883 1883 1873
    1853 1853 1853 1853 1853 1853 1853 1863 1873 1883 1873 1873 1873
    1863 1863 1873 1883 1883 1894 1894 1904 1915 1915 1926 1926 1936
    1947 1947 1981 1981 1981 1993 1981 1981 1993 1993 1993 2005 2005
    2016 2016 2028 2040 2040 4241 1883 1883 1883 1883 1883 1873 1853
    1853 1853 1853 1853 1853 1853 1863 1863 1873 1873 1863 1863 1863
    1863 1873 1883 1883 1894 1894 1894 1894 1915 1915 1926 1936 1947
    1947 1970 1981 1981 1981 1993 1993 1993 1993 1993 2005 2005 2005
    2005 2028 2028 2028 4241 1883 1883 1883 1873 1873 1873 1873 1853
    1853 1843 1843 1853 1853 1863 1863 1863 1873 1863 1863 1873 1873
    1883 1883 1883 1894 1894 1894 1894 1915 1915 1915 1936 1936 1947
    1970 1970 1981 1981 1993 1993 1993 1993 1993 1993 1993 2005 2005
    2028 2028 2028 4241 1883 1883 1873 1863 1863 1873 1873 1873 1863
    1843 1843 1853 1853 1853 1863 1863 1863 1883 1873 1873 1873 1883
    1883 1883 1894 1894 1894 1894 1904 1915 1915 1936 1936 1936 1947
    1947 1981 1981 1993 1993 1993 1993 1993 1993 1993 2005 2005 2016
    2016 2016 4295 1883 1883 1873 1863 1863 1873 1873 1873 1863 1853
    1853 1853 1853 1853 1863 1863 1863 1883 1873 1873 1873 1883 1883
    1883 1894 1894 1894 1894 1904 1915 1915 1926 1926 1926 1947 1947
    1970 1981 1993 1993 1993 1993 1993 1993 1993 2005 2005 2016 2016
    4089 4089 1883 1883 1883 1863 1863 1873 1873 1873 1853 1853 1853
    1853 1853 1853 1863 1863 1873 1873 1873 1883 1883 1883 1883 1883
    1883 1883 1883 1883 1904 1915 1915 1926 1926 1926 1947 1947 1970
    1981 1981 1981 1981 1993 1993 1993 1993 2005 2005 2016 2016 4089
    4089 1883 1883 1883 1873 1873 1863 1863 1873 1853 1853 1853 1853
    1853 1853 1863 1863 1863 1873 1873 1883 1883 1883 1883 1883 1883
    1883 1883 1883 1904 1915 1915 1926 1926 1926 1936 1947 1959 1981
    1981 1981 1981 1981 1993 1993 1993 2005 2005 2016 2016 4139 4139
    1894 1883 1883 1873 1873 1863 1863 1863 1853 1853 1853 1853 1853
    1863 1863 1863 1853 1853 1873 1883 1883 1883 1883 1883 1883 1883
    1883 1883 1904 1904 1926 1926 1926 1936 1936 1947 1959 1981 1981
    1981 1981 1981 1981 1993 1993 1993 2005 2016 2016 4139 4139 1894
    1894 1883 1873 1873 1863 1863 1853 1853 1853 1853 1853 1853 1863
    1863 1863 1853 1853 1883 1883 1883 1883 1883 1883 1883 1883 1883
    1883 1894 1904 1926 1926 1926 1936 1936 1947 1970 1981 1981 1981
    1981 1981 1981 1981 1993 1993 2016 2016 2016 4139 4139 1894 1894
    1883 1873 1873 1853 1853 1853 1853 1853 1853 1853 1863 1853 1853
    1863 1853 1853 1883 1883 1883 1883 1883 1883 1883 1883 1883 1883
    1894 1894 1915 1926 1926 1936 1947 1959 1970 1981 1981 1993 1981
    1981 1981 1981 1981 1993 1993 1993 1993 4190 4190 1894 1883 1883
    1873 1873 1853 1853 1853 1853 1853 1853 1853 1853 1853 1853 1853
