<?xml version="1.0"?>
<opencv_storage>
<Depth1742 type_id="opencv-matrix">
  <rows>113</rows>
  <cols>73</cols>
  <dt>w</dt>
  <data>
    3503 3468 3468 3468 3433 3399 3365 3365 3365 3365 3333 3300 3300
    3300 3300 3269 3238 3238 3208 3208 3208 3178 3149 3149 3120 3120
    3120 3092 3092 3092 3092 3064 3010 3010 2984 2984 2984 2984 2958
    2958 2933 2908 2908 2908 843 843 839 837 835 835 835 835 837 841 843
    843 2723 2723 2723 894 891 889 889 889 889 2701 2701 2618 2618 2618
    2618 2598 2598 3503 3468 3468 3468 3433 3433 3365 3365 3365 3365
    3333 3300 3300 3300 3300 3269 3238 3238 3208 3208 3178 3178 3149
    3149 3120 3120 3120 3092 3092 3092 3064 3064 2984 2984 2984 2984
    2984 869 869 860 856 851 849 845 843 843 839 835 833 833 833 835 837
    841 843 843 849 851 851 891 891 889 889 887 887 887 887 2618 2618
    2618 2618 2618 2598 3503 3468 3468 3468 3433 3433 3365 3365 3365
    3365 3333 3333 3333 3300 3300 3269 3238 3238 3208 3208 3178 3178
    3149 3149 3120 3092 3092 3092 3092 3092 3010 2958 2908 878 873 871
    869 867 862 858 854 851 849 845 841 841 837 835 833 833 833 833 837
    841 843 847 849 851 856 858 891 885 885 885 885 887 887 887 887 887
    2639 2618 2618 3503 3503 3468 3468 3433 3433 3365 3365 3365 3365
    3365 3333 3300 3300 3269 3269 3238 3238 3208 3208 3178 3178 3149
    3149 3092 3092 3092 3064 894 894 894 887 878 875 873 869 869 867 862
    858 854 851 849 843 841 839 837 835 833 833 833 833 833 839 843 847
    849 854 856 858 862 869 875 882 885 887 887 887 887 887 887 2598
    2598 3503 3503 3468 3468 3468 3433 3399 3399 3365 3365 3365 3333
    3300 3300 3269 3269 3238 3208 3208 3208 3178 3178 3149 3149 3092 906
    906 906 894 894 891 887 878 875 873 869 869 867 862 860 858 856 851
    843 841 839 837 835 833 833 833 833 833 839 843 849 851 854 858 860
    862 869 871 875 880 887 887 889 889 889 891 0 2598 3503 3503 3468
    3468 3468 3468 3399 3399 3365 3365 3365 3333 3333 3300 3269 3269
    3238 3208 3208 3208 923 920 915 913 910 906 906 901 896 894 891 887
    878 875 875 871 869 867 864 860 858 856 851 843 841 841 837 835 833
    833 833 833 833 839 843 847 851 854 858 860 862 867 869 873 880 885
    887 889 891 891 891 0 2598 3468 3468 3468 3468 3433 3433 3433 3399
    3399 3365 3365 3333 3333 3300 943 943 938 938 930 928 923 920 915
    913 910 906 903 901 896 894 889 887 878 875 873 871 869 867 864 860
    858 856 849 843 841 841 837 835 833 833 833 833 835 839 843 847 851
    851 856 860 862 867 869 873 878 882 887 889 891 891 891 0 2560 3468
    3468 3468 998 998 998 998 998 998 3365 956 954 951 951 943 943 938
    935 930 925 923 918 915 913 910 906 903 898 896 894 889 885 878 875
    873 871 869 867 864 860 858 856 847 845 843 841 837 835 833 833 833
    833 835 839 845 847 849 851 856 860 864 867 869 873 878 880 885 889
    891 894 0 0 0 3468 1001 998 998 998 995 995 995 995 967 956 954 951
    946 943 943 940 935 930 925 923 918 915 913 910 906 903 898 896 894
    889 885 885 875 875 871 869 867 864 860 858 854 847 845 843 841 839
    835 833 833 833 833 835 839 845 847 849 851 856 860 862 867 869 873
    878 880 882 889 891 894 0 0 0 1001 998 998 998 992 989 989 978 970
    967 956 954 951 946 943 940 938 935 930 928 923 918 915 913 910 906
    903 898 896 894 891 885 885 878 875 871 869 867 862 860 858 854 849
    845 843 841 839 835 833 833 833 833 835 837 845 847 849 851 856 860
    862 867 871 873 878 878 880 889 891 894 0 0 0 1001 998 995 995 989
    984 981 973 970 967 962 956 951 946 943 940 938 935 930 928 923 918
    915 913 908 906 903 898 896 894 891 885 885 878 875 873 869 867 862
    860 858 854 849 845 843 841 839 835 833 831 831 833 835 837 847 847
    849 851 858 860 864 869 871 873 878 878 880 887 891 891 0 0 0 1001
    998 995 995 987 981 978 973 970 967 962 956 951 946 943 940 938 935
    930 928 923 918 915 913 908 906 903 898 896 894 891 887 885 878 875
    873 869 867 862 860 858 854 849 845 843 841 839 835 831 831 831 831
    835 837 843 847 849 851 856 860 862 867 869 875 878 880 882 887 891
    891 0 0 0 1001 998 995 989 984 981 978 973 970 967 962 956 951 948
    943 940 938 935 933 928 923 920 915 913 908 906 903 898 896 894 891
    887 885 878 875 873 869 867 862 860 858 851 847 845 843 841 837 835
    831 831 831 831 835 839 843 847 849 851 856 860 862 867 869 875 880
    880 882 887 891 891 0 0 0 1001 998 995 989 984 981 978 973 970 967
    959 956 951 946 946 940 938 935 933 928 923 920 915 913 908 906 903
    901 896 894 891 887 885 878 875 873 869 867 862 860 858 851 847 843
    843 841 837 833 831 829 829 831 833 839 843 847 849 851 854 858 862
    864 869 873 880 882 885 887 891 894 0 0 0 1001 998 995 989 984 984
    981 975 973 962 959 956 951 946 946 943 938 935 933 928 923 920 915
    913 910 906 903 898 896 894 891 889 885 878 875 873 869 867 862 860
    858 851 847 843 841 839 837 833 831 829 829 831 833 839 843 847 849
    851 851 858 860 864 869 871 878 880 882 887 891 894 0 0 0 1001 998
    995 987 984 984 978 975 970 962 959 956 951 946 946 943 938 935 933
    928 923 920 915 913 910 906 903 898 896 894 891 887 885 878 875 873
    869 867 862 860 858 851 849 845 841 839 837 833 831 829 829 831 833
    839 843 847 849 851 851 858 860 867 869 871 875 880 880 887 891 894
    0 0 0 1001 1001 995 987 984 981 978 975 970 962 959 956 951 946 946
    943 938 935 933 928 923 920 915 910 908 906 903 898 894 891 889 887
    880 878 875 873 869 867 862 860 858 851 849 845 841 839 837 833 831
    829 829 831 835 839 843 845 847 851 851 856 860 864 869 871 875 880
    880 885 891 894 0 0 0 1001 1001 995 989 987 981 978 975 973 962 959
    956 951 948 946 943 940 935 933 928 923 920 915 910 908 906 903 898
    894 891 889 887 880 878 875 873 869 867 864 860 858 851 849 847 843
    841 835 833 833 833 833 833 835 839 841 845 847 851 854 856 860 864
    867 873 875 880 880 885 889 894 0 0 0 1001 1001 995 989 987 981 978
    975 973 962 959 956 951 948 946 940 938 935 933 925 923 920 915 910
    906 906 903 901 896 891 889 887 882 878 875 871 869 869 864 860 858
    851 849 847 845 841 835 833 833 833 833 833 835 839 841 845 847 849
    854 858 860 864 867 873 875 880 882 887 889 0 0 0 0 1001 1001 995
    989 987 981 978 975 973 959 959 954 954 948 946 940 938 935 930 925
    920 918 915 910 906 906 903 901 896 891 889 887 880 878 875 871 869
    867 864 860 858 851 849 847 845 841 837 835 833 833 833 833 835 837
    841 845 847 849 851 858 860 864 867 871 878 880 880 887 889 0 0 0 0
    1001 998 995 989 987 981 978 975 973 959 959 954 954 948 946 940 938
    933 930 925 920 918 915 910 906 906 903 901 896 894 889 887 880 878
    873 871 869 867 864 860 858 851 849 845 843 841 837 833 833 833 833
    833 835 837 839 843 847 849 851 858 860 864 867 869 878 880 880 885
    891 0 0 0 0 1001 998 995 989 987 981 978 975 973 962 959 954 954 948
    946 940 935 933 930 925 920 918 915 913 908 906 903 898 896 894 889
    887 882 878 873 869 869 867 864 860 858 851 849 845 843 841 837 833
    833 831 831 831 833 837 839 843 847 849 851 858 860 864 867 869 878
    880 880 882 891 894 0 0 0 1001 998 992 989 987 981 978 975 973 962
    959 956 954 951 946 940 935 933 930 925 920 918 915 913 910 906 901
    896 896 894 889 885 882 878 873 869 869 867 864 858 858 851 849 845
    843 841 837 835 833 831 831 831 833 837 841 843 845 849 851 856 860
    864 867 869 878 880 880 882 894 894 0 0 0 998 998 992 989 987 981
    978 975 973 962 959 956 954 951 946 943 938 933 928 925 920 918 915
    913 910 906 901 896 896 894 889 885 882 878 871 869 869 867 864 858
    851 851 849 847 843 841 837 835 833 831 831 831 833 837 841 843 845
    849 854 856 860 862 867 869 878 880 880 882 891 894 0 0 0 998 995
    989 989 987 984 978 975 973 962 959 954 954 951 946 943 938 933 928
    925 920 918 915 913 910 906 901 896 896 894 891 885 882 878 871 869
    869 867 862 858 851 851 849 847 843 841 837 835 833 831 831 831 833
    835 841 843 845 849 851 856 860 862 867 869 878 880 880 882 891 894
