<?xml version="1.0"?>
<opencv_storage>
<Depth19476 type_id="opencv-matrix">
  <rows>5</rows>
  <cols>26</cols>
  <dt>w</dt>
  <data>
    5933 5933 5933 5933 5933 5933 5933 6038 6038 6038 6038 6146 6038
    5933 5933 5933 6038 6038 6038 6038 6038 6038 6038 6038 6038 6038
    5734 5832 5933 5933 5933 5933 5933 6038 5933 5933 6038 6038 6038
    5933 5933 5933 5933 6038 6038 6038 6038 6038 6038 6038 6038 5933
    5734 5832 5933 5933 5832 5832 5832 6038 5933 5933 5933 6038 6038
    5933 5933 5933 5933 5933 6038 6038 6038 6038 6038 5933 5933 5933 0 0
    0 5933 5832 5832 5832 6038 6038 5933 5933 5933 6038 5933 5933 5933
    5933 5933 6038 6038 6038 6038 6038 5933 5933 6038 0 0 0 0 0 0 6146
    6146 6146 5933 5933 5933 6038 6038 5933 5933 5933 5933 5933 6038
    6038 6038 6038 5933 5933 0</data></Depth19476>
</opencv_storage>
