<?xml version="1.0"?>
<opencv_storage>
<Depth0425 type_id="opencv-matrix">
  <rows>24</rows>
  <cols>13</cols>
  <dt>w</dt>
  <data>
    4190 4241 4241 4295 4295 4295 4349 4349 0 0 0 0 0 4190 4241 4295
    4349 4349 4349 4349 4349 4405 0 0 0 0 4295 4295 4349 4349 4405 4349
    4349 4349 4405 0 0 0 0 5291 4463 4405 4405 4405 4349 4349 4349 4405
    0 0 0 0 5374 5374 4405 4405 4405 4405 4405 4405 4405 4463 0 0 0 5374
    5374 4405 4405 4405 4405 4405 4405 4405 4463 0 0 0 5374 5548 5548
    4405 4405 4405 4405 4405 4405 4463 0 0 0 5460 5548 5548 4463 4463
    4463 4463 4463 4463 4463 0 0 0 5832 5832 6146 4522 4522 4463 4463
    4463 4463 4522 4582 0 0 6038 6038 6146 4522 4522 4522 4522 4522 4522
    4522 4463 4463 0 6038 6038 6146 4582 4582 4582 4582 4582 4582 4582
    4463 4463 0 6146 6146 6146 6497 4645 4645 4645 4645 4645 4645 4582
    4582 0 6146 6259 6259 6375 4645 4645 4708 4645 4645 4645 4645 4645
    4645 6259 6259 6259 6259 4708 4708 4708 4645 4645 4645 4645 4645
    4645 6375 6375 6259 6259 6375 4708 4708 4708 4708 4708 4708 4708
    4708 6375 6375 6375 6375 6375 4708 4708 4708 4708 4708 4708 4708
    4708 6375 6375 6375 6375 6375 4774 4774 4774 4842 4842 4774 4708
    4708 6375 6375 6375 6375 6497 4774 4774 4842 4842 4842 4842 4842
    4842 6375 6375 6375 6375 6497 4842 4842 4842 4911 4911 4911 4842
    4842 6375 6375 6375 6375 6497 4842 4842 4911 4911 4911 4911 4911
    4842 6497 6497 6497 6497 6497 6497 6497 4911 4911 4983 4911 4911
    4842 6497 6497 6497 6497 6497 6497 6497 4983 4983 4983 4911 4911
    4842 6497 6497 6497 6497 6497 6497 6497 4983 4983 4983 4911 4911
    4842 6622 6622 6622 6622 6622 6622 6622 5210 5132 4983 4983 4911
    4911</data></Depth0425>
</opencv_storage>
