<?xml version="1.0"?>
<opencv_storage>
<Depth14946 type_id="opencv-matrix">
  <rows>30</rows>
  <cols>21</cols>
  <dt>w</dt>
  <data>
    6038 6146 6146 6146 3269 3238 3208 3208 3208 3300 3300 3333 3333
    3333 6497 6497 6497 6622 6622 6622 6622 6146 3300 3300 3300 3269
    3269 3208 3208 3238 3269 3300 3300 3300 3333 3333 3399 6497 6622
    6622 6622 6753 3333 3300 3300 3269 3269 3269 3269 3269 3269 3269
    3300 3300 3300 3333 3333 3333 3399 3399 3399 3433 6753 3333 3300
    3300 3269 3238 3238 3238 3269 3269 3269 3300 3300 3300 3333 3333
    3333 3333 3365 3399 3365 3365 3300 3300 3269 3269 3238 3238 3238
    3269 3269 3269 3269 3300 3300 3333 3333 3333 3333 3365 3399 3365
    3365 3269 3269 3238 3238 3269 3238 3238 3269 3269 3269 3269 3300
    3300 3333 3333 3365 3365 3365 3399 3365 3365 3269 3269 3238 3238
    3238 3238 3238 3269 3269 3269 3269 3300 3300 3333 3333 3365 3365
    3399 3399 3365 3365 3269 3269 3269 3238 3238 3269 3269 3269 3269
    3269 3269 3300 3300 3333 3333 3365 3365 3399 3399 3365 3365 6146
    3300 3269 3238 3238 3269 3269 3269 3269 3269 3269 3300 3333 3333
    3333 3333 3333 3365 3399 3365 3365 6259 3300 3269 3269 3269 3269
    3269 3269 3269 3269 3269 3300 3333 3333 3333 3333 3333 3365 3399
    3399 3399 3365 3333 3300 3269 3269 3269 3269 3269 3300 3300 3300
    3300 3333 3333 3333 3365 3365 3399 3399 3433 3433 3333 3300 3300
    3269 3269 3269 3269 3269 3300 3300 3300 3300 3333 3333 3365 3365
    3365 3399 3399 3433 3433 3300 3300 3300 3269 3269 3269 3269 3300
    3300 3300 3300 3300 3333 3333 3365 3365 3365 3399 3433 3433 3433
    3300 3300 3269 3269 3269 3269 3300 3300 3300 3300 3300 3300 3300
    3333 3365 3365 3399 3433 3433 3433 3433 3300 3300 3269 3269 3300
    3300 3300 3300 3300 3300 3300 3300 3300 3333 3333 3399 3399 3399
    3433 3433 3433 3333 3300 3300 3300 3300 3300 3269 3269 3300 3300
    3300 3300 3300 3333 3333 3399 3399 3399 3433 3433 3399 3333 3300
    3300 3300 3300 3300 3269 3269 3300 3300 3300 3300 3300 3333 3365
    3399 3399 3399 3399 3433 3399 3333 3300 3300 3300 3300 3300 3300
    3300 3300 3300 3300 3333 3333 3333 3365 3365 3365 3399 3399 3433
    3399 3333 3300 3300 3300 3300 3300 3300 3300 3300 3300 3300 3333
    3333 3333 3365 3365 3365 3399 3399 3433 3399 3333 3333 3300 3300
    3300 3300 3300 3300 3300 3300 3333 3333 3333 3333 3365 3365 3399
    3399 3433 3433 3433 3333 3333 3300 3300 3300 3300 3300 3300 3300
    3300 3300 3333 3333 3333 3365 3365 3399 3399 3433 3433 3433 3333
    3333 3300 3300 3300 3300 3300 3300 3300 3300 3300 3333 3333 3365
    3365 3399 3399 3433 3433 3468 3468 3333 3333 3333 3300 3300 3300
    3300 3300 3300 3300 3300 3300 3333 3333 3333 3399 3433 3433 3468
    3468 3468 3333 3333 3333 3300 3300 3300 3300 3300 3300 3300 3300
    3300 3300 3333 3333 3399 3399 3433 3433 3433 3468 3333 3333 3333
    3300 3300 3300 3300 3300 3300 3300 3300 3300 3300 3300 3333 3399
    3399 3433 3433 3433 3468 3333 3333 3333 3300 3300 3300 3300 3300
    3300 3300 3300 3300 3300 3300 3333 3399 3399 3433 3433 3433 3433
    3333 3333 3333 3300 3300 3300 3269 3269 3300 3300 3300 3300 3300
    3333 3333 3399 3399 3433 3433 3433 3433 3333 3333 3333 3300 3300
    3300 3269 3269 3300 3300 3333 3300 3300 3333 3365 3399 3399 3433
    3433 3433 3433 3333 3333 3333 3300 3300 3300 3269 3269 3300 3333
    3333 3300 3300 3300 3333 3399 3399 3433 3433 3399 3399 3333 3333
    3333 3333 3300 3300 3300 3300 3300 3333 3333 3300 3300 3300 3333
    3399 3399 3399 3399 3365 3365</data></Depth14946>
</opencv_storage>
