<?xml version="1.0"?>
<opencv_storage>
<Depth16635 type_id="opencv-matrix">
  <rows>150</rows>
  <cols>96</cols>
  <dt>w</dt>
  <data>
    2908 2933 2908 2908 2908 2908 2958 2958 653 652 650 650 649 649 654
    654 654 2984 2984 2984 2984 640 0 0 0 3037 3037 3037 3064 3064 3064
    3064 3064 3064 3092 3092 3092 3120 3120 3120 3120 3120 3120 3120
    3120 3120 3120 3149 3178 3208 3208 3208 3208 3238 3238 3208 3208
    3208 3238 3238 3238 3269 3269 3300 3300 3300 3300 3300 3300 3333
    3333 3333 3333 3333 3333 3333 3333 3333 3333 3365 3365 3365 3365
    3399 3399 3399 3399 3433 3433 3433 3433 3433 3433 3468 3468 3468
    2958 2958 2908 2908 2908 2933 2933 2933 653 650 650 650 649 649 654
    654 654 657 657 0 0 0 0 0 3064 0 3064 3064 3092 3092 3092 3092 3092
    0 0 0 0 0 3120 3120 3149 3149 3149 3120 3120 3120 3120 631 631 0 0
    3208 3208 3238 3238 3208 3208 3208 3238 3238 3238 3269 3269 3269
    3269 3269 3300 3300 3300 3300 3300 3333 3333 3333 3333 3333 3333
    3333 3333 3333 3365 3365 3365 3399 3399 3399 3433 3433 3433 3433
    3433 3468 3468 3468 3468 3468 2908 2908 2883 2883 2908 2958 2933
    2933 2933 650 650 650 649 649 653 654 654 655 655 640 640 640 0 0 0
    0 0 0 640 628 628 635 0 0 0 0 0 0 0 0 0 0 3149 3092 631 631 631 631
    631 0 0 0 0 3238 3238 3208 3208 3208 0 0 3269 3269 3269 3269 3269
    3269 3269 3300 3300 3300 3300 3300 3333 3333 3333 3333 3333 3333
    3333 3333 0 0 0 3433 3399 3399 3399 3399 3433 3433 3468 3468 3468
    3468 3468 3468 2908 2908 2883 2883 2908 3010 2984 2984 2958 2933 652
    652 646 644 644 644 654 640 640 640 640 640 640 640 0 0 0 0 0 0 0 0
    0 0 0 0 0 0 0 0 0 0 0 3092 630 630 631 631 631 0 0 0 0 0 0 0 0 0 0 0
    0 0 0 3269 3269 3269 3269 3300 3300 3300 3300 3300 3333 3333 3333
    3365 3333 3333 3333 0 0 0 0 0 3399 3399 3399 3399 3399 3433 3468
    3468 3468 3468 3468 3468 644 644 644 646 649 649 642 640 638 2958
    2958 2958 641 641 642 641 640 640 640 640 640 640 640 640 640 640 0
    0 0 0 0 0 0 635 635 635 635 0 0 0 0 0 629 629 627 627 631 631 631
    631 0 0 0 0 0 0 0 0 0 0 0 0 0 0 0 3269 3269 0 0 0 0 0 0 0 0 0 0 0 0
    0 0 0 0 0 0 0 3399 3399 3399 3433 3468 3468 3468 3468 3468 3468 643
    643 644 646 646 648 642 640 638 638 638 640 640 640 640 638 638 638
    638 638 638 638 636 635 635 630 630 0 630 0 628 0 0 0 632 632 0 0 0
    0 0 0 628 628 627 627 627 634 0 0 0 0 0 0 0 0 0 0 0 0 0 0 0 0 0 0 0
    0 0 0 0 0 0 0 0 0 0 0 0 0 0 0 0 0 0 0 0 0 0 0 0 0 0 0 0 0 643 643
    644 646 644 642 641 640 638 638 638 640 640 640 638 638 637 636 636
    635 635 635 634 632 632 630 630 630 630 628 628 627 627 627 627 625
    625 0 0 0 0 0 0 628 627 627 634 634 0 0 0 0 0 0 0 0 0 0 0 0 0 0 0 0
    0 0 0 0 0 0 0 0 0 0 0 0 0 0 0 0 0 0 0 0 0 0 0 0 0 0 0 0 0 0 0 0 653
    647 647 646 644 642 641 640 640 640 640 640 638 638 637 637 637 636
    636 635 635 634 632 631 630 630 629 628 627 625 625 625 625 624 624
    622 621 621 621 621 0 0 0 619 634 634 634 0 0 0 0 0 0 0 0 0 0 0 0 0
    0 0 0 0 0 0 0 0 0 0 0 0 0 0 0 0 0 0 0 0 0 0 0 0 0 0 0 0 0 0 0 0 0 0
    0 0 652 649 648 646 644 643 643 642 642 641 640 640 638 638 637 637
    637 637 636 635 634 632 632 631 630 629 629 628 627 625 625 624 624
    624 623 622 621 620 620 621 621 621 620 619 618 618 616 616 614 613
    613 615 615 612 610 610 609 607 606 606 0 608 608 0 609 609 0 0 0 0
    0 0 0 0 0 0 0 0 0 0 0 0 0 0 0 0 0 0 0 591 591 591 0 0 0 0 652 649
    648 647 647 646 644 642 642 641 641 640 640 638 638 638 638 637 636
    635 634 632 632 631 630 629 629 628 627 625 625 624 624 624 623 622
    621 620 620 621 620 620 619 618 618 616 616 616 614 613 613 613 612
    612 610 610 609 607 606 606 608 608 608 608 607 606 606 603 603 601
    600 600 600 600 600 600 598 597 596 596 596 596 0 0 591 591 591 591
    591 591 591 591 0 0 0 0 653 649 648 648 648 647 646 644 643 641 641
    640 640 640 640 638 638 637 636 635 634 634 632 632 630 629 629 628
    628 627 625 625 624 624 623 622 621 620 620 621 620 620 619 618 618
    616 616 615 614 613 613 613 612 612 610 610 609 609 608 608 608 608
    608 607 606 604 604 603 602 601 600 600 600 600 600 599 598 596 596
    596 596 595 593 593 591 591 591 591 591 591 591 590 590 590 0 0 0
    648 648 648 648 648 647 646 643 641 641 641 641 640 640 638 638 637
    636 635 635 635 634 634 631 629 629 629 629 628 628 627 625 624 623
    623 621 620 620 621 621 621 620 619 618 618 616 615 615 615 615 613
    612 612 611 610 610 609 608 608 608 608 608 607 606 604 603 603 602
    601 601 600 600 600 600 599 598 596 596 596 596 595 593 593 592 592
    592 592 591 591 590 590 590 590 590 0 0 648 648 648 648 648 648 646
    643 641 641 641 641 640 640 638 638 637 636 636 636 635 634 634 632
    631 630 630 629 629 629 628 627 625 624 623 622 621 621 621 621 621
    620 619 618 618 616 616 616 616 616 614 612 612 611 611 610 610 609
    609 608 608 608 608 606 604 603 603 602 602 601 601 600 600 600 599
    598 597 597 596 596 595 595 594 594 592 592 592 591 591 590 590 590
    590 590 0 0 648 648 649 649 648 648 646 643 642 642 642 641 640 640
    640 638 638 637 637 637 636 635 634 634 631 630 630 629 629 629 628
    628 627 625 625 622 622 622 621 621 621 620 620 619 618 618 618 616
    616 616 614 613 613 612 612 611 610 610 609 609 609 609 608 608 607
    604 604 603 603 602 602 601 601 600 600 599 598 598 597 596 596 595
    595 594 593 592 592 592 591 590 590 590 590 590 0 0 648 648 649 649
    648 648 647 644 643 642 642 641 640 640 640 640 640 638 638 637 637
    635 634 634 632 631 630 630 629 629 629 628 627 627 625 624 624 623
    622 622 621 621 621 620 619 619 618 618 618 616 615 613 613 612 612
    612 611 611 610 609 609 609 609 608 608 606 604 604 604 603 603 602
    601 601 600 599 599 599 598 597 596 595 595 595 594 593 592 592 591
    591 591 591 591 591 0 0 648 648 649 649 649 649 647 644 644 643 643
    643 641 641 640 640 640 640 638 638 637 636 634 634 632 631 631 630
    630 630 629 628 627 625 625 624 624 623 623 622 621 621 621 621 620
    620 619 618 618 618 616 614 613 613 613 612 612 611 611 610 609 609
    609 609 608 607 606 604 604 603 603 603 602 602 601 600 599 599 598
    597 596 596 595 595 594 593 592 592 592 592 592 591 591 593 598 0
    649 649 649 649 650 650 648 646 644 643 643 643 642 642 640 640 640
    640 638 638 637 636 635 634 634 631 631 631 630 630 629 629 627 625
    625 624 624 624 624 622 622 622 622 621 621 620 620 620 620 620 619
    616 614 613 613 612 612 612 612 611 610 610 609 609 609 608 607 604
    604 604 603 603 603 603 603 601 600 599 599 599 597 596 596 595 594
    594 594 593 592 592 592 592 592 596 598 0 649 649 649 649 650 650
    649 647 646 644 643 643 642 642 641 641 640 640 638 638 637 636 635
    634 634 632 631 631 631 630 630 630 628 627 625 625 624 624 624 623
    622 622 622 622 621 621 620 620 620 620 619 618 615 614 613 613 613
    613 612 611 610 610 610 609 609 608 607 606 604 604 604 604 604 603
    603 602 601 600 599 599 599 597 596 595 595 595 594 594 593 593 593
    593 593 596 599 0 650 650 650 650 650 650 649 647 646 644 644 644
    643 643 642 641 641 640 638 638 637 636 635 635 634 634 632 632 631
    630 630 630 629 628 627 625 625 624 624 624 623 623 622 622 621 621
    621 621 621 620 619 618 616 615 614 614 613 613 612 612 611 611 611
    610 609 608 608 606 604 604 604 604 604 603 603 602 601 600 600 599
    599 597 596 596 595 595 595 594 593 593 593 593 593 596 0 0 650 650
    652 652 650 649 649 648 647 646 644 644 644 643 643 642 641 641 640
    638 638 636 636 635 635 634 634 632 632 631 631 630 630 629 628 627
    625 625 625 624 624 623 623 623 622 622 622 621 621 620 620 618 616
    616 615 615 614 613 613 612 612 611 611 610 609 609 608 608 607 606
    604 604 604 603 602 602 602 601 600 600 599 598 596 596 596 595 595
    595 594 594 594 594 594 596 0 0 650 650 652 652 650 649 649 648 647
    647 646 644 644 644 643 642 641 641 641 640 638 638 636 635 635 635
