<?xml version="1.0"?>
<opencv_storage>
<Depth15675 type_id="opencv-matrix">
  <rows>10</rows>
  <cols>11</cols>
  <dt>w</dt>
  <data>
    5933 6038 6146 6146 6259 6375 6375 6375 6497 6622 6497 5933 6038
    6146 6146 6375 6375 6375 6497 6497 6622 6497 6038 6038 6259 6375
    6497 6375 6375 6375 6375 6497 6497 6146 6146 6375 6375 6497 6375
    6375 6375 6375 6497 6497 6259 6375 6375 6375 6497 6497 6375 6375
    6497 6497 6497 6375 6375 6375 6375 6375 6497 6497 6497 6497 6497
    5933 6375 6375 6375 6375 6375 6497 6622 6622 6622 0 6038 6375 6375
    6375 6375 6375 6497 6622 6889 6889 0 0 6497 6497 6375 6375 6375 6375
    6375 6889 6889 0 0 6753 6753 6497 6375 6375 6259 6259 6259 6259 5933
    5933</data></Depth15675>
</opencv_storage>
