<?xml version="1.0"?>
<opencv_storage>
<Depth19362 type_id="opencv-matrix">
  <rows>19</rows>
  <cols>13</cols>
  <dt>w</dt>
  <data>
    4708 4774 4774 4842 4774 4774 0 0 0 0 0 0 0 4708 4774 4774 4774 4774
    4774 4911 0 0 0 0 0 0 4774 4774 4774 4774 4842 4911 4911 4983 5056 0
    0 0 0 4774 4774 4774 4842 4842 4842 4842 4842 5056 0 0 0 0 4774 4774
    4774 4842 4842 4842 4842 4842 4842 0 0 0 0 4774 4774 4774 4774 4842
    4842 4842 4842 4842 0 0 0 0 4774 4774 4774 4774 4842 4842 4842 4842
    4842 0 0 0 0 4774 4774 4774 4774 4842 4842 4842 4842 4842 0 0 0 0
    4842 4842 4842 4842 4842 4842 4842 4842 4774 4774 0 0 0 4842 4842
    4842 4842 4842 4842 4842 4842 4774 4774 0 0 0 4842 4842 4842 4842
    4842 4842 4842 4842 4842 4842 4983 0 0 4842 4842 4842 4842 4842 4842
    4842 4842 4842 4911 4983 0 0 4842 4774 4774 4774 4842 4842 4842 4842
    4842 4911 4911 4911 5056 4842 4774 4774 4774 4774 4774 4842 4842
    4842 4842 4842 4911 4911 0 4842 4774 4774 4774 4774 4842 4842 4842
    4842 4842 4911 4911 0 0 4774 4774 4774 4774 4774 4774 4842 4842 4842
    4842 4911 0 0 0 4774 4774 4774 4774 4774 4774 4774 4774 4842 4842 0
    0 0 4774 4774 4774 4708 4708 4774 4774 4774 4842 4842 0 0 0 0 4774
    4708 4582 4582 4582 4708 4774 0 0</data></Depth19362>
</opencv_storage>
