<?xml version="1.0"?>
<opencv_storage>
<Depth14079 type_id="opencv-matrix">
  <rows>56</rows>
  <cols>28</cols>
  <dt>w</dt>
  <data>
    4708 4708 4708 4708 4708 4708 4708 4645 4582 4582 4645 1804 1794
    1794 1785 1776 1776 1776 4842 4774 4774 4842 4842 4842 4911 4911
    4911 4911 4708 4708 4708 4708 1813 1804 1804 1804 1804 1804 1804
    1794 1794 1794 1785 1776 1776 1794 1794 1873 1873 1894 1894 4911
    4911 4911 4911 4911 4645 1833 1823 1813 1813 1804 1804 1804 1804
    1804 1794 1785 1785 1785 1785 1785 1785 1794 1804 1873 1873 1894
    1894 1894 4911 4911 4983 4911 1833 1833 1823 1813 1813 1804 1794
    1794 1804 1804 1794 1785 1785 1785 1785 1785 1785 1794 1794 1873
    1873 1883 1894 1915 1915 4983 4983 4983 1823 1823 1813 1813 1804
    1804 1794 1794 1794 1804 1794 1794 1785 1785 1785 1785 1785 1794
    1794 1863 1863 1883 1894 1915 1915 5056 5056 4983 1813 1813 1813
    1813 1804 1804 1804 1794 1794 1804 1794 1794 1785 1785 1785 1785
    1785 1794 1804 1863 1863 1883 1904 1936 1936 5056 5056 4983 1813
    1813 1813 1813 1813 1804 1804 1804 1804 1804 1794 1794 1785 1785
    1785 1785 1785 1794 1804 1863 1863 1883 1904 1947 1947 5056 5056
    4983 1823 1813 1813 1813 1813 1813 1804 1804 1804 1804 1794 1794
    1785 1785 1785 1785 1785 1804 1804 1853 1863 1894 1915 1947 1947
    4983 4983 4983 1823 1823 1823 1813 1813 1813 1804 1804 1804 1804
    1794 1794 1785 1785 1785 1785 1785 1804 1823 1853 1883 1883 1915
    1959 1981 1981 4983 4983 1823 1823 1823 1813 1813 1813 1804 1804
    1804 1804 1794 1794 1794 1785 1785 1785 1785 1804 1823 1853 1883
    1883 1915 1947 1970 1970 4983 4983 1823 1813 1813 1813 1813 1813
    1804 1804 1804 1804 1794 1794 1785 1785 1785 1785 1785 1794 1823
    1853 1873 1873 1904 1947 1970 1970 4983 4983 1823 1813 1813 1813
    1813 1804 1804 1804 1804 1804 1794 1794 1785 1785 1785 1776 1776
    1785 1823 1853 1873 1873 1904 1947 1947 4983 4983 4983 1823 1813
    1813 1813 1813 1804 1804 1804 1804 1804 1794 1794 1794 1785 1785
    1776 1776 1785 1813 1843 1873 1873 1926 1936 1936 4983 4983 4983
    1833 1813 1813 1813 1813 1804 1804 1804 1804 1804 1794 1794 1794
    1785 1785 1776 1776 1785 1813 1833 1863 1863 1926 1936 1936 5056
    5056 5056 1853 1823 1813 1813 1813 1804 1804 1804 1804 1804 1794
    1794 1794 1785 1785 1776 1776 1804 1813 1833 1863 1863 1915 1936
    1936 5132 5132 5056 1853 1823 1823 1813 1813 1813 1804 1804 1804
    1804 1804 1794 1785 1776 1776 1776 1776 1794 1813 1843 1853 1863
    1904 1947 1959 1959 5132 5056 4295 1823 1813 1813 1813 1813 1813
    1804 1804 1804 1804 1794 1785 1776 1776 1776 1776 1794 1813 1843
    1853 1883 1894 1947 1959 1959 4983 4983 4295 1823 1813 1813 1813
    1813 1813 1804 1804 1804 1794 1794 1785 1776 1776 1776 1776 1794
    1813 1833 1853 1883 1894 1936 1959 1959 4911 4911 4582 1823 1813
    1813 1813 1813 1813 1804 1804 1804 1794 1794 1785 1776 1776 1776
    1776 1785 1804 1833 1863 1883 1894 1926 1959 1959 4911 4911 4582
    1823 1813 1813 1813 1813 1813 1804 1804 1804 1804 1794 1785 1785
    1776 1776 1776 1785 1804 1833 1863 1883 1894 1926 1959 1970 1970
    4983 4582 1823 1813 1813 1813 1813 1813 1804 1804 1804 1804 1804
    1794 1794 1776 1776 1785 1785 1804 1823 1853 1873 1894 1926 1970
    1970 1970 4983 4582 1823 1823 1813 1813 1813 1813 1804 1804 1804
    1804 1804 1794 1794 1776 1776 1776 1785 1804 1823 1853 1873 1894
    1936 1970 1970 1970 4983 4582 1823 1823 1813 1813 1813 1813 1813
    1804 1804 1804 1794 1794 1794 1785 1776 1776 1785 1804 1823 1853
    1873 1894 1959 1981 1981 1981 4983 1823 1823 1823 1813 1813 1813
    1813 1804 1804 1804 1794 1794 1794 1794 1785 1785 1785 1785 1804
    1813 1843 1873 1904 1936 1970 1981 1981 4983 1823 1823 1823 1813
    1813 1813 1813 1804 1804 1804 1794 1794 1794 1794 1785 1785 1785
    1794 1804 1813 1843 1873 1904 1936 1970 1981 1981 4983 1823 1823
    1823 1813 1813 1813 1804 1804 1804 1804 1794 1794 1785 1785 1785
    1785 1785 1794 1804 1813 1833 1873 1904 1926 1959 1970 1970 4983
    1813 1813 1813 1823 1813 1813 1804 1804 1804 1804 1794 1794 1785
    1785 1794 1794 1794 1794 1804 1813 1833 1873 1894 1915 1947 1970
    1970 4983 4645 1813 1813 1823 1813 1813 1804 1804 1804 1804 1794
    1794 1794 1785 1785 1785 1785 1794 1804 1813 1823 1873 1894 1915
    1947 1970 1970 4983 4645 1813 1813 1823 1813 1813 1813 1804 1804
    1804 1804 1794 1794 1785 1785 1776 1776 1785 1794 1804 1823 1863
    1894 1904 1947 1970 1970 4983 4645 1823 1823 1823 1813 1813 1804
    1804 1804 1804 1804 1794 1794 1785 1785 1776 1776 1785 1794 1804
    1823 1853 1883 1904 1947 1970 1970 4983 4645 1823 1823 1813 1813
    1813 1804 1804 1804 1804 1804 1794 1794 1785 1776 1776 1776 1776
    1794 1804 1823 1853 1873 1904 1947 1959 1959 4983 4645 1813 1813
    1813 1813 1804 1804 1804 1804 1804 1804 1794 1794 1785 1776 1776
    1776 1776 1785 1804 1823 1853 1873 1904 1947 1959 1970 1970 4645
    4645 1813 1813 1813 1804 1804 1804 1804 1804 1804 1794 1794 1785
    1785 1776 1776 1776 1785 1804 1823 1853 1873 1904 1947 1959 1970
    1970 4645 4645 1823 1823 1813 1813 1804 1804 1804 1804 1804 1794
    1785 1785 1785 1776 1776 1776 1794 1804 1823 1843 1873 1904 1947
    1959 1970 1970 4645 4645 1823 1823 1813 1813 1813 1804 1804 1804
    1804 1794 1785 1785 1785 1776 1776 1776 1794 1804 1823 1843 1863
    1894 1947 1970 1970 1970 4708 1823 1823 1823 1813 1813 1813 1804
    1804 1804 1804 1794 1785 1785 1776 1776 1776 1776 1785 1804 1813
    1833 1853 1894 1936 1959 1959 1959 4708 1823 1823 1823 1813 1813
    1813 1804 1804 1804 1804 1794 1785 1785 1776 1776 1776 1776 1785
    1804 1813 1833 1853 1894 1936 1947 1959 1959 4708 4708 1813 1813
    1813 1813 1813 1804 1804 1804 1804 1794 1785 1785 1776 1776 1776
    1776 1785 1794 1813 1833 1853 1883 1936 1947 1947 1947 4708 4708
    1813 1813 1813 1813 1813 1804 1804 1804 1804 1794 1794 1785 1776
    1776 1776 1776 1776 1794 1813 1833 1853 1883 1926 1947 1947 5132
    4708 4708 1823 1823 1813 1813 1813 1804 1804 1804 1804 1794 1794
    1785 1785 1776 1776 1776 1776 1794 1813 1833 1863 1883 1926 1936
    1947 5132 4645 4645 1823 1823 1813 1813 1813 1804 1804 1804 1804
    1794 1794 1785 1785 1776 1776 1776 1785 1794 1813 1843 1863 1883
    1904 1926 1947 1947 4645 4645 1813 1813 1813 1813 1813 1804 1804
    1804 1804 1794 1794 1785 1785 1776 1776 1776 1785 1794 1804 1843
    1863 1883 1904 1926 1959 1993 4645 4645 1813 1813 1813 1813 1813
    1804 1804 1804 1794 1794 1794 1785 1785 1785 1785 1776 1776 1785
    1804 1833 1853 1873 1904 1936 1970 1993 4708 4708 1843 1823 1813
    1813 1813 1804 1804 1804 1794 1794 1794 1794 1785 1785 1776 1776
    1776 1785 1794 1823 1853 1863 1904 1926 1959 1981 4708 4708 1843
    1823 1813 1813 1813 1804 1804 1804 1794 1794 1794 1794 1785 1776
    1776 1776 1776 1785 1794 1813 1843 1863 1904 1926 1947 1970 4708
    4708 1853 1813 1813 1813 1813 1813 1804 1804 1804 1794 1794 1785
    1776 1776 1776 1776 1776 1785 1804 1813 1843 1863 1904 1926 1947
    1959 4708 4708 1813 1813 1813 1813 1813 1813 1804 1804 1794 1794
    1794 1785 1776 1776 1776 1776 1776 1785 1804 1823 1843 1863 1904
    1926 1947 1959 4708 4708 1813 1813 1813 1813 1813 1804 1804 1804
    1794 1794 1794 1785 1776 1776 1776 1776 1776 1785 1804 1813 1833
    1863 1904 1926 1947 1959 4645 4708 4708 1813 1813 1813 1813 1804
    1804 1804 1794 1794 1794 1785 1776 1776 1776 1776 1776 1785 1804
    1813 1833 1863 1904 1915 1947 1959 4645 4708 4708 1813 1813 1813
    1813 1804 1804 1804 1794 1794 1794 1785 1776 1776 1776 1776 1776
    1776 1794 1804 1833 1863 1894 1904 1915 1915 4645 4708 4708 1813
    1813 1813 1804 1804 1804 1804 1794 1794 1794 1785 1776 1776 1776
    1776 1776 1776 1785 1804 1833 1863 1894 1894 1894 1915 4645 4645
    4645 1813 1813 1813 1804 1804 1804 1804 1804 1804 1794 1794 1785
    1776 1776 1776 1776 1776 1776 1785 1785 1863 1894 1894 1894 4774
    4645 4645 4645 1813 1813 1813 1804 1804 1804 1804 1804 1804 1794
    1794 1785 1785 1776 1776 1776 1776 1776 1785 1785 1785 4983 4983
