<?xml version="1.0"?>
<opencv_storage>
<Depth6486 type_id="opencv-matrix">
  <rows>30</rows>
  <cols>14</cols>
  <dt>w</dt>
  <data>
    1210 1210 1210 1210 3365 3365 1227 1227 1232 3399 3399 3399 3433
    3433 1206 1206 3399 3399 3365 3365 3365 3365 3365 3399 3399 3433
    3433 3433 1206 0 3399 3399 3399 3399 3365 3365 3365 3365 3399 3399
    3433 3433 1193 3333 3333 3333 3333 3399 3365 3365 3365 3365 3365
    3399 3399 3433 0 3333 3333 3333 3333 3399 3365 3365 3365 3365 3365
    3399 3399 3399 0 3300 3300 3300 3333 3365 3365 3365 3365 3365 3365
    3399 3399 3365 0 3300 3300 3300 3333 3365 3365 3365 3365 3365 3365
    3399 3365 3333 0 0 3300 3300 3333 3365 3365 3365 3365 3365 3399 3399
    3365 3333 0 0 3300 3300 3333 3365 3365 3365 3365 3399 3399 3399 3399
    3365 0 0 3300 3300 3333 3365 3365 3365 3365 3399 3399 3399 3365 3365
    0 0 3300 3300 3333 3365 3365 3365 3365 3365 3365 3365 3365 3365 0 0
    3300 3300 3333 3365 3365 3365 3365 3365 3365 3365 3365 3365 0 0 3333
    3333 3333 3365 3365 3365 3365 3365 3365 3365 3365 3365 0 3333 3333
    3333 3333 3365 3365 3365 3365 3365 3365 3365 3365 3365 0 3365 3365
    3333 3333 3365 3365 3365 3365 3365 3365 3365 3365 3365 0 3365 3365
    3333 3333 3333 3333 3333 3333 3365 3365 3365 3365 2659 3365 3333
    3333 3333 3333 3333 3333 3333 3333 3365 3365 3365 3365 2659 3365
    3365 3333 3333 3333 3333 3333 3333 3333 3365 3365 3365 3365 3365
    3333 3333 3333 3333 3333 3333 3333 3333 3333 3365 3365 3365 3365
    3365 3365 3333 3333 3333 3333 3333 3333 3333 3365 3365 3365 3365
    3365 3333 3365 3365 3333 3333 3333 3333 3333 3333 3365 3365 3365
    3365 3365 3333 3300 3300 3300 3300 3300 3333 3333 3333 3365 3365
    3365 3365 3333 3333 3300 3300 3300 3300 3300 3333 3333 3333 3333
    3365 3365 3365 3333 3300 3269 3269 3269 3300 3300 3333 3333 3333
    3333 3365 3365 3333 3333 2639 3269 3269 3269 3300 3300 3333 3333
    3333 3333 3333 3333 3333 2618 2618 3269 3269 3269 3300 3300 3333
    3333 3333 3333 3333 3333 3333 2618 2618 3269 3269 3269 3300 3300
    3333 3333 3333 3333 3333 3333 3333 2598 2598 3269 3269 3269 3269
    3300 3300 3300 3333 3333 3333 3300 3300 2598 2598 3269 3269 3269
    3269 3300 3300 3300 3333 3333 1410 1410 1410 1415 1415 3300 3300
    3269 3269 3333 3333 3333 1410 1410 1410 1410 1410 1415 1415</data></Depth6486>
</opencv_storage>
