<?xml version="1.0"?>
<opencv_storage>
<Depth7259 type_id="opencv-matrix">
  <rows>11</rows>
  <cols>4</cols>
  <dt>w</dt>
  <data>
    5210 5132 5056 4983 5210 5056 5056 4983 5056 5056 5056 4983 5056
    5056 5056 4983 5056 5056 5056 5056 5056 5056 5056 5056 0 5056 5056
    5056 5056 5056 5056 5056 5056 5056 5056 5056 5056 5056 5056 5056
    5056 5056 5056 5056</data></Depth7259>
</opencv_storage>
