<?xml version="1.0"?>
<opencv_storage>
<Depth5861 type_id="opencv-matrix">
  <rows>59</rows>
  <cols>45</cols>
  <dt>w</dt>
  <data>
    4708 4708 4708 4708 4708 4708 4774 4774 4842 4842 1785 1776 1766
    1766 1766 1766 4983 4911 4911 4911 4911 4983 4983 4983 4983 5056
    5056 5132 5132 5132 5132 5132 5132 5132 5210 5210 5210 5210 5210
    5210 5210 5210 5291 5291 5460 4708 4708 4708 4708 4708 4645 4645
    4774 4774 1776 1776 1766 1766 1766 1766 1766 1776 1776 4911 4911
    4911 4911 4983 4983 4983 5056 5056 5132 5132 5132 5132 5210 5210
    5210 5210 5210 5210 5210 5210 5210 5210 5210 5210 5291 5374 4708
    4708 4708 4708 4708 4645 4645 4645 1776 1776 1776 1766 1766 1766
    1766 1766 1766 1766 1766 1776 1785 4911 1766 1766 4983 5056 5056
    5132 5132 5210 5210 5210 5210 5210 5210 5210 5210 5210 5210 5210
    5210 5210 5210 5291 5374 4708 4708 4708 4708 4708 4774 4774 1757
    1776 1776 1776 1766 1766 1766 1766 1766 1766 1766 1766 1776 1776
    1766 1766 1766 1766 1766 1766 1766 1776 1776 5291 5210 5210 5210
    5210 5210 5210 5210 5210 5210 5210 5210 5210 5291 5374 4708 4708
    4774 4708 4708 4842 4842 1757 1757 1757 1766 1766 1766 1766 1766
    1766 1766 1766 1766 1766 1766 1766 1766 1766 1766 1766 1766 1766
    1776 1766 1766 1776 1776 1785 5210 5210 5210 5210 5210 5210 5210
    5210 5291 5291 5374 4708 4708 4774 4708 4708 4842 4842 1757 1757
    1757 1766 1766 1766 1766 1766 1766 1766 1766 1766 1766 1766 1766
    1766 1766 1766 1766 1766 1776 1776 1766 1766 1776 1776 1776 1766
    1766 5210 5210 1766 1766 5210 5210 5291 5374 5374 4708 4708 4774
    4774 4774 4842 4842 4842 1766 1766 1766 1766 1766 1766 1766 1766
    1766 1766 1766 1766 1766 1766 1766 1766 1766 1766 1766 1766 1766
    1766 1766 1776 1776 1776 1766 1766 1766 1766 1766 1766 1766 1776
    1776 1776 5374 4708 4708 4774 4774 4774 4774 4774 1776 1766 1766
    1766 1766 1766 1766 1766 1766 1766 1766 1766 1766 1766 1766 1766
    1766 1766 1766 1766 1766 1766 1766 1766 1776 1776 1776 1766 1766
    1766 1766 1766 1766 1766 1776 1776 1766 1766 4708 4708 4708 4708
    4842 4842 0 1776 1776 1766 1766 1757 1757 1766 1766 1766 1766 1766
    1766 1766 1766 1766 1766 1776 1766 1766 1766 1766 1766 1766 1766
    1776 1776 1776 1776 1776 1776 1776 1776 1766 1766 1776 1776 1766
    1766 4708 4708 4708 4645 4645 4645 1804 1776 1776 1776 1766 1757
    1757 1766 1766 1766 1766 1766 1766 1766 1766 1766 1776 1776 1766
    1766 1766 1766 1766 1766 1776 1776 1776 1776 1776 1776 1776 1776
    1776 1766 1766 1776 1776 1766 1766 4708 4708 4708 4645 4645 4645
    1804 1785 1776 1766 1757 1757 1757 1766 1766 1766 1766 1766 1766
    1766 1766 1766 1766 1776 1766 1766 1766 1766 1766 1766 1766 1766
    1766 1776 1776 1776 1766 1766 1766 1766 1766 1776 1776 1776 1766
    4708 4774 4708 4708 4708 1813 1794 1785 1776 1766 1757 1757 1766
    1766 1766 1766 1766 1766 1766 1766 1766 1766 1766 1766 1766 1766
    1766 1766 1766 1766 1766 1766 1766 1766 1776 1776 1766 1766 1766
    1766 1766 1776 1776 1776 1785 4774 4774 4774 4774 4774 1813 1794
    1776 1776 1766 1766 1766 1766 1766 1766 1766 1766 1766 1766 1766
    1766 1766 1766 1766 1766 1766 1766 1766 1766 1766 1766 1766 1766
    1766 1766 1776 1766 1766 1766 1766 1766 1776 1776 1776 1794 4774
    4774 4774 4774 4774 1794 1794 1776 1776 1766 1766 1766 1766 1766
    1766 1766 1766 1766 1766 1766 1766 1757 1757 1766 1766 1766 1766
    1766 1766 1766 1766 1766 1766 1766 1766 1766 1776 1776 1766 1766
    1766 1776 1776 1776 1794 4774 4708 4645 4645 4645 1794 1794 1766
    1766 1766 1766 1766 1766 1766 1766 1766 1766 1766 1766 1766 1757
    1757 1757 1766 1766 1766 1766 1766 1766 1766 1766 1766 1766 1766
    1766 1766 1776 1776 1776 1766 1766 1776 1776 1776 1776 4708 4708
    4645 4645 4645 1766 1766 1766 1766 1766 1766 1766 1766 1766 1766
    1766 1766 1766 1766 1766 1757 1757 1757 1766 1766 1766 1766 1766
    1766 1766 1766 1766 1766 1766 1766 1766 1776 1776 1776 1766 1766
    1776 1776 1776 1776 4708 4645 4645 4645 4645 1766 1766 1766 1766
    1766 1766 1766 1766 1766 1766 1766 1766 1766 1766 1766 1766 1766
    1766 1766 1766 1766 1766 1766 1766 1766 1766 1766 1766 1766 1766
    1766 1766 1776 1776 1776 1776 1776 1776 1776 1776 4708 4645 4582
    4522 4522 1766 1766 1766 1766 1766 1766 1766 1766 1766 1766 1766
    1766 1766 1766 1766 1766 1766 1766 1766 1766 1766 1766 1766 1766
    1766 1766 1766 1766 1766 1766 1766 1766 1776 1776 1766 1766 1776
    1776 1776 1776 4708 4645 4582 4522 4522 1766 1766 1766 1766 1766
    1766 1766 1766 1766 1766 1766 1766 1766 1766 1766 1766 1766 1766
    1766 1766 1766 1766 1766 1766 1766 1766 1766 1766 1766 1766 1766
    1766 1766 1766 1766 1766 1776 1776 1766 1766 4708 4645 4645 4645
    4645 1766 1766 1766 1766 1766 1757 1757 1766 1766 1766 1766 1766
    1766 1766 1766 1766 1766 1766 1766 1766 1766 1766 1766 1766 1766
    1766 1766 1766 1766 1766 1766 1766 1766 1766 1766 1766 1776 1776
    1766 1766 4708 4708 4645 4645 4645 1766 1766 1766 1766 1766 1757
    1757 1766 1766 1766 1766 1766 1766 1766 1766 1766 1766 1766 1766
    1766 1766 1766 1766 1766 1766 1766 1766 1766 1766 1766 1766 1766
    1766 1766 1766 1766 1776 1776 1766 1766 4645 4645 4645 4708 4708
    1766 1766 1766 1766 1766 1766 1766 1766 1766 1766 1766 1766 1766
    1766 1766 1766 1766 1766 1766 1766 1766 1766 1766 1766 1766 1766
    1766 1766 1766 1766 1766 1766 1766 1766 1766 1766 1776 1776 1766
    1766 4645 4645 4645 4645 1776 1776 1776 1766 1766 1766 1766 1766
    1766 1766 1766 1766 1766 1766 1766 1766 1766 1766 1766 1766 1766
    1766 1766 1766 1766 1766 1766 1766 1766 1766 1766 1766 1766 1766
    1766 1766 1766 1776 1766 1766 1766 4645 4645 4645 4645 1776 1776
    1776 1766 1766 1766 1766 1766 1766 1766 1766 1766 1766 1766 1766
    1766 1766 1766 1766 1766 1766 1766 1766 1766 1766 1766 1766 1766
    1766 1766 1766 1766 1766 1766 1766 1766 1766 1776 1766 1766 1766
    4645 4645 4645 4645 1776 1776 1776 1766 1766 1766 1766 1766 1766
    1766 1766 1766 1766 1766 1766 1766 1766 1766 1766 1766 1766 1766
    1766 1766 1766 1766 1766 1766 1766 1766 1766 1766 1766 1766 1766
    1766 1766 1776 1776 1776 5291 4645 4645 4645 0 1766 1766 1766 1766
    1766 1766 1766 1766 1766 1766 1766 1766 1766 1766 1766 1766 1766
    1766 1766 1766 1766 1757 1757 1766 1766 1766 1766 1766 1766 1766
    1766 1766 1766 1766 1766 1766 1766 1776 1776 1776 5210 4645 4645
    4645 0 1757 1757 1757 1766 1766 1766 1766 1766 1766 1766 1766 1766
    1766 1757 1757 1766 1766 1766 1766 1766 1766 1757 1757 1766 1766
    1766 1766 1766 1766 1766 1766 1766 1766 1766 1766 1766 1766 1776
    1776 5210 5210 4645 4645 4645 1757 1757 1757 1757 1766 1766 1766
    1766 1766 1766 1766 1766 1766 1766 1757 1757 1766 1766 1766 1766
    1766 1757 1757 1766 1766 1766 1766 1766 1766 1766 1766 1766 1766
    1766 1766 1766 1766 1766 1776 1776 5210 5210 4708 4708 4708 1757
    1757 1757 1757 1766 1766 1766 1766 1766 1766 1766 1766 1766 1766
    1757 1757 1766 1766 1766 1766 1766 1757 1757 1757 1757 1766 1766
    1766 1766 1766 1766 1766 1766 1766 1766 1766 1766 1766 1766 5210
    5210 5210 4582 4582 4582 1757 1757 1757 1757 1766 1766 1766 1766
    1766 1766 1766 1766 1766 1757 1757 1757 1766 1766 1766 1766 1766
    1757 1757 1757 1757 1766 1766 1766 1766 1766 1766 1766 1766 1766
    1766 1766 1766 1766 1766 1766 5210 5210 4582 4582 4582 1766 1766
    1757 1757 1766 1766 1766 1766 1766 1766 1766 1766 1757 1757 1757
    1757 1766 1766 1766 1766 1766 1766 1766 1766 1766 1766 1766 1766
    1766 1766 1766 1766 1766 1766 1766 1766 1766 1766 1766 1766 5210
    5210 4774 4774 1757 1757 1757 1757 1757 1757 1766 1766 1766 1766
    1757 1757 1757 1757 1757 1757 1757 1757 1766 1766 1766 1766 1766
    1766 1766 1766 1766 1757 1757 1766 1766 1766 1766 1757 1757 1766
    1766 1766 1766 1766 5291 5210 5210 4774 4774 1766 1757 1757 1757
    1757 1757 1766 1766 1766 1757 1757 1757 1757 1757 1757 1757 1757
    1757 1766 1766 1766 1766 1766 1766 1766 1766 1766 1757 1757 1766
