<?xml version="1.0"?>
<opencv_storage>
<Depth14243 type_id="opencv-matrix">
  <rows>14</rows>
  <cols>34</cols>
  <dt>w</dt>
  <data>
    5132 5056 5056 5056 5056 5056 5056 4983 4911 4911 4842 4842 4911
    4911 4911 4911 4911 4842 4842 4842 4708 4708 3774 3774 3774 3774
    3774 3774 3732 3576 3539 3539 3503 3468 5132 5132 5056 5056 5056
    4983 4911 4911 4983 4983 4842 4842 4842 4842 4983 4983 4983 4983
    3816 3774 3774 3774 3774 3774 3774 3774 3732 3732 3732 3576 3576
    3539 3503 3468 5132 5132 5056 4983 4983 4983 4911 4911 5056 5056
    4911 4842 4842 4842 4842 3816 3816 3816 3816 3774 3774 3774 3774
    3774 3774 3732 3692 3692 3692 3653 3576 3539 3539 3503 2040 5056
    5056 4983 4983 4983 3994 3948 3903 3903 3903 3903 3859 3859 3774
    3774 3774 3774 3774 3774 3774 3732 3692 3692 3692 3653 3653 3653
    3653 3653 3576 3539 3539 3503 2040 2040 4041 4041 4041 4041 3994
    3948 3903 3903 3903 3903 3859 3859 3859 3774 3774 3774 3774 3774
    3774 3732 3692 3653 3653 3653 3614 3614 3653 3614 3614 3539 3539
    3503 2040 2040 4041 4041 4041 3994 3948 3903 3903 3903 3903 3903
    3859 3859 3859 3816 3816 3816 3816 3774 3774 3732 3692 3653 3653
    3653 3614 3614 3614 3614 3614 3539 3539 3539 2040 3994 3994 3994
    3994 3948 3948 3903 3903 3903 3903 3903 3859 3859 3859 3816 3816
    3816 3816 3774 3774 3732 3692 3653 3653 3653 3653 3653 3614 3614
    3576 3539 3539 3539 2053 3994 3994 3994 3994 3948 3948 3903 3903
    3903 3903 3903 3859 3859 3816 3816 3816 3816 3816 3774 3774 3732
    3692 3692 3692 3692 3653 3614 3614 3614 3576 3576 3539 3539 3994
    3994 4041 4041 3994 3994 3948 3948 3903 3903 3903 3903 3859 3859
    3816 3774 3774 3816 3816 3816 3774 3774 3732 3732 3692 3692 3653
    3614 3614 3614 3614 3576 3539 3539 4041 4041 4089 4041 3994 3948
    3948 3948 3948 3903 3903 3903 3816 3774 3774 3774 3774 3816 3816
    3816 3774 3732 3732 3774 3732 3732 3653 3614 3614 3614 3614 3614 0 0
    4089 4089 4089 4041 3994 3948 3948 3948 3948 3948 3903 3903 3816
    3774 3774 3774 3774 3859 3859 3816 3774 3732 3732 3774 3732 3692
    3653 3614 3614 3614 2078 2078 0 0 4139 4089 4041 4041 3994 3948 3948
    3948 3948 3903 3903 3903 3816 3816 3816 3816 3994 3994 3994 3994
    3774 3774 3774 3774 3732 3692 3653 3653 3653 2078 2078 2078 2053
    2053 4089 4089 4041 4041 3994 3948 3948 3948 0 3903 3903 3948 0 0 0
    0 0 0 2103 2103 2103 2103 2103 2103 2103 2103 2103 2103 2103 2078
    2078 2078 2053 2053 4089 4089 4041 4041 3994 3994 0 0 0 3994 3994 0
    0 0 0 0 0 0 0 2103 2103 2103 2103 2103 2103 2103 2103 2103 2103 2090
    2078 2078 2065 2065</data></Depth14243>
</opencv_storage>
