<?xml version="1.0"?>
<opencv_storage>
<Depth18520 type_id="opencv-matrix">
  <rows>6</rows>
  <cols>19</cols>
  <dt>w</dt>
  <data>
    5460 5460 5460 5460 5460 5460 5460 5291 5291 5291 5374 5374 5374
    5374 5374 5291 3653 3614 3614 5460 5460 5460 5460 5460 5460 5460
    5374 5291 5291 5374 5374 5460 5374 5374 5374 5374 5374 0 5460 5460
    5374 5374 5460 5460 5460 5374 5374 5374 5374 5374 5460 5374 5374
    5374 5374 5374 5548 5374 5374 5374 5374 5460 5374 5374 5374 5374
    5374 5460 5460 5460 5460 5460 5460 5460 5460 5460 5374 5374 5374
    5374 5460 5374 5374 5374 5374 5374 5460 5460 5460 5460 5460 5460
    5460 5460 5460 4774 5374 5374 5374 5460 5460 5460 5374 5374 5460
    5460 5460 5460 5460 5460 5460 5460 5460 5460</data></Depth18520>
</opencv_storage>
