<?xml version="1.0"?>
<opencv_storage>
<Depth2680 type_id="opencv-matrix">
  <rows>83</rows>
  <cols>59</cols>
  <dt>w</dt>
  <data>
    5210 5210 5291 5291 5291 5291 5210 5210 5210 5132 5132 5132 0 0 4911
    4911 4911 4911 4911 4842 4842 4842 4842 0 0 0 0 1292 1278 1278 0 0 0
    0 0 0 0 1210 1210 1210 0 1210 1214 0 0 0 0 0 0 0 0 0 4983 4911 4911
    4911 4911 4911 4911 5210 5210 5291 5291 5291 5291 5210 5210 5210
    5210 5210 0 0 4911 4911 4911 4911 4911 4911 4842 4842 4842 1328 1312
    1307 1307 1302 1288 1278 1268 1259 1250 1245 1241 1219 1214 1210
    1210 1210 1210 1210 1210 1214 1214 1214 0 0 0 0 0 0 4774 4774 4774
    4842 4842 4842 4911 4911 5291 5291 5291 5210 5210 5210 5210 5210
    5210 0 0 0 0 0 0 0 0 0 1365 1365 1365 1349 1328 1312 1312 1307 1302
    1288 1278 1268 1259 1250 1245 1241 1219 1214 1210 1210 1210 1210
    1210 1210 1214 1214 1223 1245 1245 0 0 0 0 4708 4708 4774 4842 4774
    4774 4774 4774 5291 5291 5291 5210 5210 5210 5210 5210 5132 5132 0 0
    0 0 0 0 0 0 1359 1349 1349 1343 1328 1312 1312 1302 1297 1288 1283
    1268 1255 1250 1245 1241 1227 1219 1210 1210 1206 1206 1206 1210
    1214 1214 1223 1232 1241 1241 1245 0 0 4708 4708 4774 4774 4774 4645
    4645 4645 5291 5291 5291 5291 5210 5210 5210 5210 5132 5132 0 0 0 0
    0 0 0 1370 1359 1349 1343 1338 1328 1312 1307 1302 1288 1283 1273
    1264 1250 1245 1245 1236 1223 1219 1210 1210 1206 1206 1206 1210
    1214 1219 1227 1232 1232 1236 1241 1245 1245 1245 1250 4774 4774
    4774 4645 4645 4645 5291 5291 5291 5291 5210 5210 5210 5210 5132
    5132 5132 0 0 0 0 0 0 1365 1359 1349 1343 1333 1328 1312 1302 1297
    1288 1278 1268 1259 1250 1245 1241 1232 1223 1219 1214 1210 1210
    1210 1210 1210 1214 1219 1227 1227 1232 1232 1236 1241 1245 1245
    1250 1250 1250 1245 1245 4645 4645 5210 5210 5291 5210 5210 5210
    5210 5210 5132 5132 5132 0 0 0 0 0 1381 1365 1354 1343 1338 1328
    1328 1312 1302 1292 1283 1273 1264 1255 1250 1245 1236 1227 1219
    1214 1210 1210 1210 1210 1210 1210 1214 1219 1227 1227 1232 1232
    1236 1241 1245 1245 1250 1250 1250 1245 1245 1255 1255 5210 5210
    5210 5210 5210 5210 5210 5132 5132 5132 0 0 0 0 0 0 1381 1365 1354
    1343 1338 1328 1328 1312 1302 1292 1278 1268 1259 1255 1250 1241
    1232 1223 1219 1214 1210 1210 1210 1210 1210 1214 1219 1219 1227
    1227 1232 1232 1236 1241 1245 1245 1250 1250 1255 1255 1259 1255
    1255 5210 5210 5210 5210 5132 5132 5210 5132 5132 5132 5132 0 0 0 0
    0 1376 1354 1349 1343 1333 1322 1322 1312 1297 1288 1273 1264 1259
    1250 1245 1236 1227 1219 1214 1210 1206 1206 1206 1206 1206 1214
    1214 1219 1223 1227 1227 1232 1236 1241 1245 1245 1250 1250 1255
    1255 1259 1250 1250 5210 5132 5132 5132 5132 5132 5210 5132 5132
    5132 5132 0 0 0 0 1376 1370 1354 1343 1338 1328 1322 1317 1302 1292
    1283 1268 1264 1255 1245 1241 1232 1223 1219 1210 1206 1202 1202
    1202 1202 1206 1214 1214 1219 1223 1227 1227 1232 1236 1236 1241
    1245 1250 1250 1255 1255 1259 1250 1250 5210 5132 5132 5132 5132
    5210 5210 5132 5132 5132 0 0 0 0 0 1376 1370 1354 1343 1333 1328
    1317 1312 1297 1292 1278 1268 1264 1255 1245 1236 1232 1223 1219
    1210 1206 1202 1202 1202 1202 1210 1214 1214 1219 1223 1227 1227
    1232 1232 1232 1241 1241 1245 1250 1250 1255 1259 1250 1250 5210
    5132 5132 5210 5210 5210 5210 5132 5132 5132 0 0 0 0 0 1365 1365
    1349 1343 1333 1322 1312 1302 1292 1288 1278 1264 1255 1250 1241
    1232 1227 1219 1214 1210 1202 1197 1197 1197 1202 1210 1214 1214
    1219 1223 1227 1227 1232 1232 1232 1236 1236 1245 1250 1250 1255
    1259 1250 1250 5210 5210 5210 5210 5210 5210 5210 5132 5132 5132 0 0
    0 0 0 1354 1349 1343 1338 1328 1322 1312 1302 1292 1288 1278 1259
    1250 1245 1236 1227 1223 1219 1214 1206 1197 1197 1197 1197 1202
    1210 1214 1214 1219 1223 1227 1227 1227 1232 1232 1236 1236 1245
    1250 1250 1255 1259 1255 1255 5210 5210 5210 5210 5210 5210 5210
    5132 5132 0 0 0 0 0 0 1349 1349 1338 1333 1322 1317 1302 1288 1288
    1283 1268 1255 1245 1245 1236 1227 1223 1214 1210 1206 1197 1197
    1197 1197 1202 1210 1214 1214 1219 1223 1227 1227 1227 1232 1232
    1241 1241 1245 1250 1250 1255 1259 1259 1259 5210 5210 5210 5210
    5210 5210 5132 5056 5056 0 0 0 0 0 0 1349 1343 1338 1328 1322 1312
    1297 1288 1288 1273 1264 1250 1241 1236 1227 1227 1219 1214 1206
    1197 1197 1197 1197 1197 1202 1210 1210 1214 1219 1223 1227 1227
    1227 1232 1232 1241 1245 1245 1250 1250 1255 1259 1264 1264 5210
    5210 5210 5210 5210 5210 5132 5056 5056 0 0 0 0 0 1354 1349 1343
    1333 1328 1317 1307 1292 1283 1283 1268 1259 1250 1241 1232 1227
    1223 1219 1210 1202 1197 1197 1197 1197 1197 1206 1210 1210 1214
    1219 1223 1227 1227 1232 1232 1236 1241 1245 1245 1250 1250 1255
    1259 1259 1259 5210 5210 5210 5210 5210 5132 5132 5132 5132 0 0 0 0
    0 1354 1349 1338 1328 1322 1312 1302 1292 1283 1278 1268 1255 1245
    1241 1232 1223 1219 1214 1206 1197 1197 1197 1197 1197 1197 1210
    1210 1210 1210 1214 1223 1227 1227 1232 1232 1236 1241 1245 1245
    1250 1250 1255 1255 1255 0 5132 5210 5210 5210 5210 5132 5132 5132
    5132 0 0 0 0 1365 1354 1343 1333 1328 1322 1312 1297 1288 1283 1273
    1264 1255 1245 1241 1232 1223 1214 1210 1202 1197 1197 1197 1197
    1197 1197 1210 1210 1210 1210 1214 1223 1227 1227 1232 1232 1236
    1241 1245 1245 1250 1250 1255 1255 1255 4774 5132 5210 5210 5210
    5210 5132 5132 5210 0 0 0 0 1370 1365 1349 1343 1333 1322 1317 1307
    1297 1288 1278 1268 1259 1250 1245 1241 1232 1223 1214 1206 1197
    1193 1193 1193 1197 1197 1202 1206 1210 1210 1210 1214 1223 1223
    1227 1232 1232 1236 1241 1245 1245 1250 1250 1250 1255 1255 4774
    5132 5132 5210 5210 5210 5132 5132 5210 0 0 0 0 1370 1354 1349 1343
    1333 1322 1317 1302 1292 1283 1278 1268 1255 1250 1241 1236 1227
    1219 1210 1202 1197 1193 1193 1193 1197 1197 1202 1206 1210 1210
    1214 1214 1223 1223 1227 1232 1232 1236 1241 1245 1245 1245 1250
    1250 1250 0 4774 5132 5132 5132 5210 5210 5210 5210 5210 0 0 0 1387
    1370 1354 1349 1338 1328 1322 1317 1297 1288 1278 1278 1259 1250
    1245 1236 1232 1227 1219 1210 1197 1193 1189 1189 1193 1197 1197
    1206 1206 1210 1210 1214 1214 1223 1223 1227 1232 1232 1236 1236
    1241 1241 1245 1245 1245 1245 0 4774 5132 5132 5132 5210 5210 5210
    5210 5374 0 0 0 1387 1370 1349 1343 1333 1322 1317 1312 1297 1288
    1278 1278 1255 1245 1241 1232 1227 1223 1219 1210 1197 1189 1189
    1189 1193 1193 1197 1202 1206 1206 1210 1214 1214 1219 1223 1227
    1232 1232 1236 1236 1241 1241 1245 1245 1245 1245 0 4708 5132 5132
    5210 5210 5210 5210 5210 5374 0 0 0 1354 1354 1349 1338 1328 1322
    1317 1307 1292 1288 1283 1273 1250 1245 1236 1232 1227 1223 1214
    1206 1189 1189 1189 1189 1193 1193 1197 1202 1206 1206 1210 1214
    1214 1219 1223 1227 1232 1232 1236 1236 1241 1245 1245 1250 1250
    1250 4708 4708 5210 5210 5210 5210 5132 5132 5210 0 0 0 0 0 1349
    1343 1333 1322 1317 1312 1307 1292 1283 1283 1268 1245 1241 1232
    1227 1223 1219 1210 1202 1189 1189 1189 1189 1197 1197 1197 1202
    1206 1210 1210 1214 1214 1219 1223 1227 1232 1232 1236 1236 1241
    1245 1245 1250 1250 0 4708 4708 5210 5210 5210 5210 5132 5132 0 0 0
    0 0 1354 1349 1338 1328 1322 1312 1307 1297 1288 1283 1278 1259 1245
    1236 1232 1227 1223 1214 1210 1202 1185 1185 1185 1189 1193 1193
    1197 1202 1206 1210 1210 1210 1214 1219 1223 1227 1232 1232 1236
    1236 1236 1245 1245 1250 1250 0 4708 4708 5210 5210 5210 5132 5132
    5132 0 0 0 0 1349 1349 1343 1333 1322 1317 1312 1302 1292 1283 1278
    1268 1250 1241 1236 1232 1223 1219 1214 1206 1193 1185 1185 1185
    1189 1193 1193 1197 1202 1202 1210 1210 1210 1214 1219 1223 1227
    1232 1232 1232 1236 1236 1245 1245 1245 1245 4582 4708 4708 5210
    5210 5132 5132 5132 0 0 0 0 0 1349 1349 1343 1333 1322 1317 1307
    1297 1288 1283 1278 1268 1250 1241 1236 1227 1219 1214 1210 1202
    1189 1181 1181 1185 1185 1193 1193 1197 1202 1202 1210 1210 1210
