<?xml version="1.0"?>
<opencv_storage>
<Depth12989 type_id="opencv-matrix">
  <rows>12</rows>
  <cols>22</cols>
  <dt>w</dt>
  <data>
    6889 6889 4911 4911 4983 4911 4911 4911 4911 4911 4911 4911 4911
    4911 4842 4842 4842 6375 6375 6497 6497 6497 6753 6889 4842 4842
    4983 4911 4911 4911 4911 4911 4911 4911 4911 4911 4842 4842 4842
    4842 4911 4911 4911 6622 6753 6622 4842 4842 4983 4911 4911 4911
    4842 4842 4842 4842 4842 4911 4842 4842 4842 4842 4842 4842 4842
    4911 6753 4911 4911 4911 4911 4911 4911 4911 4842 4842 4842 4842
    4842 4911 4774 4774 4842 4842 4842 4842 4842 4911 6753 4911 4911
    4911 4911 4842 4842 4842 4842 4774 4774 4842 4842 4842 4774 4774
    4774 4774 4774 4774 4774 4774 4708 4774 4774 4842 4842 4842 4774
    4774 4774 4774 4774 4842 4842 4842 4774 4774 4708 4708 4708 4708
    4708 4582 4708 4774 4774 4842 4842 4842 4774 4774 4774 4774 4774
    4708 4708 4708 4708 4708 4708 4708 4708 4708 4708 4582 4774 4842
    4842 4842 4842 4842 4774 4774 4774 4774 4774 4708 4708 4708 4708
    4708 4708 4708 4708 4708 4708 4582 4842 4842 4842 4842 4842 4842
    4774 4708 4708 4774 4774 4774 4708 4708 4708 4708 4708 4708 4708
    4708 4708 4645 6889 4842 4842 4842 4842 4774 4774 4708 4708 4774
    4774 4774 4708 4708 4708 4708 4708 4708 4708 4708 4708 4708 6753
    6753 6753 6622 6622 4774 4774 4774 4708 4708 4774 4774 4708 4708
    4708 4708 4708 4708 4774 4708 4708 4774 6753 6753 6753 6622 6622
    6622 6622 6622 4708 4708 6622 6622 4708 4708 4708 4708 4708 4708
    4708 4708 4708 6497</data></Depth12989>
</opencv_storage>
