<?xml version="1.0"?>
<opencv_storage>
<Depth3687 type_id="opencv-matrix">
  <rows>76</rows>
  <cols>61</cols>
  <dt>w</dt>
  <data>
    4842 4774 4645 4582 4463 4463 4405 4405 4405 4405 4405 4405 4405
    4405 4405 4405 4405 4405 4405 4405 1343 1343 1343 1333 1328 1322
    1322 1322 1307 1307 1312 1312 1307 1307 1307 1307 1302 1302 0 0 0 0
    0 0 0 0 0 0 0 0 0 1458 1445 1445 1439 1427 1427 1427 1421 1415 1415
    4842 4774 4645 4582 4463 4405 4405 4405 4405 4405 4405 4405 4405
    4405 4405 4405 4522 4522 4522 1343 1343 1343 1338 1333 1328 1322
    1322 1322 1317 1312 1312 1302 1302 1302 1302 1302 1302 1302 1288
    1288 0 0 0 0 0 0 0 0 0 0 0 4645 4645 1445 1427 1427 4582 4645 4645
    1433 1433 4842 4774 4708 4582 4463 4405 4405 4405 4405 4349 4349
    4349 4349 4405 4405 4463 4463 4463 0 1343 1343 1343 1338 1333 1328
    1322 1322 1322 1312 1307 1307 1302 1302 1302 1297 1292 1292 1292
    1288 1288 1297 1302 1307 1317 0 0 0 0 0 0 4708 4645 4645 4582 1427
    1427 4582 4645 4582 4582 4582 4842 4842 4774 4645 4463 4463 4463
    4463 4405 4349 4349 4349 4349 4405 4405 0 4405 0 0 0 1343 1343 1338
    1333 1328 1322 1322 1312 1312 1307 1302 1302 1302 1297 1297 1288
    1288 1288 1292 1292 1297 1302 1302 1317 1317 0 0 0 4842 4645 4645
    4645 4645 4582 4582 4582 4582 4645 4582 4582 4582 4911 4911 4774
    4708 4582 4463 4463 4463 4463 4463 4405 4405 4405 4405 4463 0 0 0
    1343 0 1343 1338 1333 1328 1328 1322 1322 1312 1312 1307 1302 1302
    1297 1297 1297 1288 1288 1288 1288 1292 1302 1302 1302 1317 1317 0 0
    0 4645 4582 4582 4582 4582 4582 4582 4582 4582 4645 4645 4582 4582
    4911 4911 4842 4708 4582 4522 4463 4405 4349 4349 4405 4405 4405
    4405 4522 0 0 0 0 1343 1338 1338 1333 1328 1328 1322 1322 1312 1307
    1307 1302 1302 1297 1297 1288 1288 1288 1288 1288 1292 1302 1302
    1307 1317 1322 1338 1338 4645 4645 4582 4582 4582 4582 4582 4582
    4582 4582 4645 4645 4582 4582 4911 4911 4842 4774 4645 4522 4463
    4405 4349 4349 4405 4405 4405 4405 4522 0 0 0 0 1338 1333 1333 1328
    1328 1328 1322 1322 1312 1307 1307 1302 1302 1297 1292 1288 1288
    1288 1288 1288 1292 1302 1307 1312 1322 1328 1333 1349 1349 4582
    4582 4582 4645 4645 4582 4582 4645 4645 4645 4645 4582 4582 4911
    4911 4842 4774 4645 4522 4463 4463 4405 4405 4463 4463 4463 4522
    4522 0 0 0 0 1338 1333 1333 1328 1328 1322 1322 1322 1312 1312 1307
    1302 1302 1297 1292 1288 1288 1288 1288 1292 1297 1302 1312 1317
    1322 1328 1333 1349 1354 1359 1359 4645 4645 4645 4582 4582 4582
    4645 4582 4582 4582 4582 4911 4911 4911 4842 4645 4522 4463 4463
    4463 4463 4463 4463 4463 4522 4522 0 0 0 1343 1338 1338 1333 1328
    1328 1322 1322 1322 1312 1312 1307 1307 1302 1297 1292 1288 1288
    1288 1292 1292 1297 1307 1312 1317 1322 1328 1338 1354 1354 1359
    1359 1392 1398 1398 1392 1392 4645 4645 4645 4582 4582 4582 4911
    4911 4911 4842 4774 4582 4582 4522 4522 4522 4463 4463 4463 4522 0 0
    0 0 1343 1343 1338 1333 1328 1328 1322 1322 1312 1312 1307 1307 1302
    1302 1292 1292 1292 1288 1288 1292 1297 1302 1307 1312 1317 1322
    1328 1343 1359 1359 1359 1370 1387 1392 1392 1392 1392 0 4645 4645
    4582 4582 4582 4911 4911 4911 4911 4774 4645 4582 4522 4463 4463
    4463 4463 4463 0 0 0 0 1343 1343 1343 1338 1333 1328 1322 1322 1317
    1312 1307 1307 1307 1302 1302 1292 1288 1288 1288 1288 1292 1297
    1302 1312 1317 1322 1322 1333 1349 1359 1365 1365 1370 1387 1392
    1392 1392 1392 0 4645 4645 4582 4582 4582 4911 4911 4911 4911 4842
    4708 4582 4522 4463 4463 4463 4463 4463 0 0 0 0 1343 1343 1338 1333
    1328 1328 1322 1322 1317 1312 1307 1302 1302 1302 1302 1292 1288
    1288 1288 1288 1292 1297 1307 1312 1317 1322 1333 1338 1359 1359
    1365 1365 1370 1387 1392 1392 1392 1392 1427 4708 4708 4645 4582
    4582 4911 4911 4911 4911 4842 4708 4582 4522 4522 4522 4463 4463
    4463 4463 0 0 0 1343 1333 1333 1333 1328 1328 1322 1322 1317 1312
    1307 1302 1302 1297 1297 1288 1288 1288 1288 1288 1292 1302 1307
    1312 1322 1328 1333 1338 1359 1359 1370 1370 1376 1387 1392 1404
    1410 1421 1427 1439 1439 4582 4582 4582 4911 4911 4911 4842 4842
    4708 4582 4522 4522 4522 4522 4522 4522 4522 0 0 0 1343 1333 1333
    1328 1328 1322 1322 1322 1317 1307 1302 1302 1297 1297 1292 1288
    1288 1288 1288 1288 1297 1302 1307 1317 1328 1333 1338 1343 1359
    1359 1370 1370 1376 1392 1398 1410 1415 1421 1427 1439 1445 1458
    1458 4582 4911 4911 4911 4842 4842 4708 4645 4582 4522 4522 4522
    4522 0 4522 0 1338 0 1343 1333 1333 1328 1328 1322 1322 1317 1312
    1307 1302 1302 1297 1297 1292 1288 1288 1288 1288 1292 1302 1307
    1312 1322 1328 1333 1338 1343 1359 1359 1370 1376 1387 1398 1404
    1410 1415 1427 1433 1439 1445 1458 1464 1464 4911 4911 4911 4842
    4842 4774 4645 4582 4522 4522 4522 4522 0 0 0 1338 1338 1338 1333
    1328 1328 1322 1322 1317 1317 1312 1307 1302 1302 1297 1292 1292
    1288 1288 1288 1292 1297 1307 1307 1317 1322 1333 1333 1343 1343
    1365 1365 1370 1376 1387 1398 1404 1415 1421 1427 1439 1439 1445
    1458 1464 1464 4911 4911 4911 4911 4842 4774 4708 4582 4522 4522
    4463 4463 0 0 0 1338 1338 1338 1333 1328 1328 1322 1322 1317 1312
    1307 1307 1302 1302 1297 1292 1292 1288 1288 1288 1292 1297 1307
    1312 1317 1328 1333 1338 1343 1343 1365 1365 1370 1381 1387 1398
    1410 1415 1421 1427 1439 1439 1452 1464 1464 1464 4911 4911 4911
    4911 4911 4842 4774 4645 4582 4522 4463 4463 0 0 0 1338 1333 1333
    1328 1328 1322 1322 1317 1312 1307 1307 1307 1302 1302 1297 1292
    1292 1288 1288 1288 1292 1302 1312 1317 1322 1328 1338 1338 1343
    1354 1365 1365 1376 1381 1392 1398 1410 1415 1421 1427 1439 1439
    1452 1464 1477 1477 4911 4911 4911 4911 4911 4911 4842 4774 4708
    4522 4463 4463 0 0 0 1338 1333 1333 1328 1328 1322 1322 1317 1312
    1307 1307 1307 1302 1302 1297 1288 1288 1288 1288 1288 1292 1307
    1312 1317 1322 1328 1338 1343 1349 1354 1370 1370 1381 1387 1392
    1404 1410 1415 1421 1427 1433 1439 1445 1470 1483 1483 4911 4911
    4911 4911 4911 4911 4911 4842 4842 4842 0 4842 0 0 0 1338 1333 1328
    1328 1322 1322 1317 1317 1312 1307 1302 1302 1302 1297 1292 1288
    1288 1288 1288 1288 1292 1307 1312 1317 1322 1328 1338 1343 1349
    1354 1370 1376 1387 1387 1392 1404 1410 1421 1427 1427 1433 1439
    1445 1477 1483 1483 4911 4911 4911 4911 4911 4911 4911 4842 4842
    4842 0 0 0 1343 0 1338 1333 1328 1328 1322 1322 1317 1317 1312 1307
    1302 1302 1297 1292 1288 1288 1288 1288 1288 1292 1302 1307 1312
    1317 1322 1333 1343 1343 1349 1359 1370 1381 1387 1392 1398 1410
    1415 1421 1433 1433 1439 1445 1464 1477 1483 1483 4911 4911 4911
    4911 4911 4911 4842 4842 4842 4842 0 0 0 0 1343 1338 1333 1328 1328
    1322 1322 1317 1317 1307 1307 1302 1302 1292 1292 1288 1288 1288
    1288 1288 1297 1302 1307 1317 1322 1328 1333 1343 1343 1349 1359
    1376 1381 1387 1392 1404 1410 1415 1421 1433 1439 1445 1458 1464
    1477 1483 1483 4842 4842 4911 4911 4911 4911 4842 4842 4842 4842 0 0
    0 1343 1343 1338 1333 1328 1328 1322 1322 1317 1312 1307 1307 1302
    1302 1292 1292 1288 1288 1288 1288 1292 1302 1307 1312 1317 1322
    1328 1338 1343 1349 1365 1365 1381 1387 1387 1392 1404 1410 1421
    1421 1439 1445 1452 1458 1464 1464 1477 1477 4842 4842 4911 4911
    4911 4842 4842 4842 4842 0 0 0 0 1349 1343 1338 1333 1328 1322 1322
    1322 1317 1312 1307 1307 1302 1297 1292 1292 1292 1292 1292 1292
    1292 1302 1307 1312 1317 1322 1328 1338 1343 1349 1370 1370 1381
    1387 1392 1398 1410 1415 1427 1433 1445 1452 1458 1458 1464 1464
    1477 1477 4911 4911 4911 4911 4911 4842 4842 4842 0 0 0 0 0 1343
    1343 1338 1333 1328 1322 1322 1317 1312 1312 1307 1302 1302 1297
    1292 1292 1292 1292 1292 1292 1297 1302 1307 1312 1317 1328 1333
    1343 1343 1349 1365 1370 1381 1387 1392 1398 1410 1415 1421 1433
    1452 1452 1458 1458 1464 1464 1464 4582 4911 4911 4911 4911 4911
    4842 4842 0 0 0 0 0 1343 1343 1343 1338 1333 1328 1322 1317 1317
