<?xml version="1.0"?>
<opencv_storage>
<Depth19503 type_id="opencv-matrix">
  <rows>6</rows>
  <cols>23</cols>
  <dt>w</dt>
  <data>
    6622 6753 6753 6622 6622 5734 5734 5734 5734 5734 5734 5734 5832
    5933 5933 5832 5832 5832 5832 5832 5832 5832 5832 5640 5548 5548
    5548 5640 5640 5640 5734 5734 5734 5734 5734 5832 5933 5933 5832
    5832 5832 5832 5832 5832 5832 5832 5640 5640 5548 5548 5640 5640
    5640 5734 5734 5734 5734 5734 5734 5734 5832 5832 5832 5832 5832
    5832 5832 5832 5832 5640 5640 5640 5640 5640 5640 5640 5734 5734
    5734 5734 5640 5640 5734 5832 5832 5832 5832 5832 5734 5734 5832
    5832 5640 5548 5548 5548 5640 5640 5640 5640 5734 5734 5734 5640
    5640 5640 5734 5832 5832 5832 5832 5734 5734 5734 5832 0 5548 5548
    5548 5640 5640 5640 5640 5734 5832 5734 5640 5640 5640 5640 5832
    5832 5832 5832 5734 5734 5734 0</data></Depth19503>
</opencv_storage>
