<?xml version="1.0"?>
<opencv_storage>
<Depth12090 type_id="opencv-matrix">
  <rows>124</rows>
  <cols>95</cols>
  <dt>w</dt>
  <data>
    6889 6753 6753 6753 6622 6622 6622 6622 6753 6622 6622 6497 6497
    6497 6622 6622 6622 6622 6622 6622 6622 6753 6753 6622 6622 6622
    6622 6622 6622 6622 6622 6622 6622 6622 6497 6497 6622 6622 6622
    6622 6622 6622 6622 0 6622 6622 6622 6497 6497 6497 6375 6375 6497
    6497 6497 6497 6497 6375 6375 6375 6497 6497 6375 6375 6375 6375
    6375 6259 6259 6259 6259 6259 6259 6259 555 554 554 0 0 0 0 6146
    6146 6146 6146 6146 6146 6146 6038 6038 6146 6038 6038 6038 6038
    6889 6753 6753 6753 6622 6622 6622 6622 6622 6622 6622 6622 6622
    6622 6622 6622 6622 6622 6622 6622 6622 6753 6622 6622 6622 6622
    6622 6622 6622 6622 6622 6622 6622 6622 6497 6497 6622 6622 6622
    6622 6622 6622 6622 0 6622 6622 6622 6622 6497 6497 6497 6497 6497
    6497 6497 6497 6497 6497 6375 6375 6375 6497 6375 6375 6375 6259
    6259 6259 552 550 550 550 552 552 554 554 554 0 0 0 0 0 0 0 0 0 0 0
    0 6038 6038 6146 6146 6146 6038 6889 6753 6753 6753 6622 6622 6622
    6622 6622 6622 6622 6622 6622 6622 6753 6753 6753 6622 6622 6622
    6622 6622 6622 6622 6622 6622 6622 6622 6622 6622 6622 6622 6622
    6622 6497 6497 6622 6622 6622 6622 6622 6622 533 533 533 6622 6622
    6622 6497 6497 6497 6497 6497 6497 6622 6622 6497 6497 546 545 544
    544 6497 6497 6375 6259 6259 550 550 549 549 550 551 551 554 554 554
    554 0 0 0 0 0 0 0 0 0 0 0 6038 6038 6146 6146 6146 6038 6889 6753
    6753 6622 6622 6622 6622 6622 6753 6753 6753 6622 6497 6497 6622
    6753 6753 6622 6497 6497 6622 6497 6497 6622 6622 6622 6622 6622
    6497 6497 6497 6497 6622 526 526 6622 6622 6622 6622 6622 6622 534
    533 533 533 533 538 538 6622 540 540 540 540 545 543 543 543 543 545
    545 544 544 545 545 6375 546 546 549 549 549 549 550 551 551 553 554
    554 554 0 0 0 0 0 0 0 0 0 0 0 0 6146 6146 6146 6146 6038 6889 6753
    6753 6622 6622 6622 6622 6622 6753 6753 6753 6622 6497 6497 6497
    6622 6753 6497 6497 6497 6497 6497 6497 6622 6622 6622 6622 6497
    6497 6497 6497 527 527 526 526 530 6497 6497 6497 535 535 534 533
    533 533 534 534 538 539 540 540 540 540 544 543 543 543 543 544 546
    545 545 545 545 546 546 546 549 549 550 550 550 551 551 553 554 553
    553 0 0 0 0 0 0 0 0 0 0 0 0 6146 6146 6146 6146 6038 6889 6753 6753
    6753 6622 6622 6622 6622 6622 6753 6622 6622 6375 6375 6497 6622
    6753 6497 6497 6497 6497 6497 6497 0 0 0 543 543 541 533 533 527 527
    528 529 530 533 6497 534 534 534 534 534 534 534 534 534 538 539 540
    540 540 540 543 543 543 543 543 543 546 546 545 545 545 545 546 546
    548 549 549 549 549 549 549 552 553 553 552 552 0 0 0 0 0 0 0 0 0 0
    0 6146 6146 6146 6038 6038 6753 6753 6622 6622 6622 6622 6622 6622
    6622 0 6622 6622 6375 6375 6497 0 0 0 0 0 0 0 0 0 0 0 543 543 541
    541 533 529 529 529 530 531 531 531 531 531 534 534 534 534 534 534
    534 538 539 540 539 539 540 542 542 542 542 542 542 544 545 545 545
    545 545 546 546 546 546 549 549 549 549 549 551 552 553 552 552 0 0
    0 0 0 0 0 0 0 0 0 6146 6146 6038 6038 6038 6753 6753 6622 6622 6622
    6622 6622 0 0 0 0 0 0 0 0 0 0 0 0 0 0 0 0 0 0 0 546 543 541 535 534
    531 531 530 530 531 531 531 531 531 531 533 534 534 534 534 534 535
    539 539 539 539 540 542 542 542 542 542 542 543 544 545 545 545 545
    546 546 546 546 548 549 550 549 548 548 552 553 552 552 0 0 0 0 0 0
    0 0 0 0 0 6146 6146 6038 6038 6038 6753 6753 0 0 0 0 0 0 0 0 0 0 0 0
    0 0 0 0 0 0 0 0 0 0 0 0 546 543 539 535 534 531 531 530 530 530 530
    530 530 531 531 532 534 534 534 534 534 535 538 538 538 539 539 541
    541 541 542 542 542 543 544 544 545 545 546 546 546 546 546 548 549
    550 549 548 548 552 552 552 552 0 0 0 0 0 0 0 0 0 0 0 6038 6038 6038
    6038 6038 6889 0 0 0 0 0 0 0 0 0 0 0 0 0 0 0 0 0 0 0 0 0 0 0 0 0 547
    543 538 535 534 532 531 530 530 530 530 530 530 531 531 532 534 534
    534 535 537 538 538 538 538 538 539 540 540 540 541 541 543 543 543
    544 545 545 546 546 546 546 546 548 550 551 551 551 552 552 552 553
    553 0 0 0 0 0 0 0 0 0 0 0 6038 6038 6038 6038 6038 0 0 0 0 0 0 0 0 0
    0 0 0 630 629 629 0 0 0 0 0 0 0 0 0 0 0 0 546 538 534 533 531 531
    530 530 530 530 530 531 531 531 533 534 534 534 534 537 538 538 539
    538 538 540 540 540 540 541 541 542 543 543 545 545 545 546 546 547
    547 547 549 550 551 551 552 552 552 552 552 553 0 0 0 0 0 0 0 0 0 0
    0 6038 6038 6038 6038 6038 0 0 0 0 0 0 0 0 0 657 657 0 630 629 629 0
    0 0 0 0 0 0 0 0 0 0 0 0 0 534 533 531 530 529 529 530 530 530 531
    531 532 533 534 534 534 534 537 538 538 538 538 539 540 540 540 540
    540 541 542 543 543 545 545 545 545 546 547 547 547 549 550 551 551
    552 552 552 552 552 553 554 0 0 0 0 0 0 0 0 0 0 6038 6038 6038 6038
    6038 0 0 0 0 0 0 0 0 0 655 648 644 634 629 629 0 0 0 0 0 0 0 0 0 0 0
    0 0 0 534 534 531 530 529 529 530 531 533 533 533 533 534 534 534
    534 537 538 538 538 538 538 540 540 540 540 540 540 541 541 542 543
    544 544 544 545 545 547 547 547 548 549 550 550 552 552 552 552 552
    553 553 0 0 0 0 0 0 0 0 0 0 0 5933 5933 6038 6038 0 0 0 0 0 0 0 0 0
    655 648 644 635 627 624 624 0 0 0 0 0 0 0 0 0 0 0 0 0 0 0 530 529
    529 529 530 531 532 532 532 533 534 534 534 534 537 537 538 539 538
    538 540 540 540 540 540 541 541 541 542 543 544 544 544 545 545 545
    547 548 548 549 549 550 551 551 551 552 552 552 552 0 0 0 0 0 0 0 0
    0 0 0 5933 5933 6038 6038 0 0 0 0 0 0 0 0 0 655 649 647 647 627 624
    624 0 0 0 0 0 0 0 565 565 565 0 0 0 0 530 530 529 529 529 529 531
    531 531 532 533 534 534 534 534 537 537 538 538 538 538 540 540 540
    540 540 541 541 541 542 543 543 545 545 545 545 545 546 547 547 548
    548 548 551 551 551 552 552 551 551 0 0 0 0 0 0 0 0 0 0 0 5933 5933
    5933 5933 0 0 717 716 716 0 0 0 0 655 650 648 648 628 628 0 0 0 0 0
    0 0 0 565 565 565 0 0 0 0 536 531 529 528 528 529 530 531 531 531
    532 534 534 534 534 534 535 536 538 538 539 539 539 540 540 540 541
    541 541 542 543 543 545 545 545 545 546 546 547 547 547 546 546 546
    552 552 552 552 551 551 0 0 0 0 0 0 0 0 0 0 0 5933 5933 5933 5933 0
    723 716 704 701 701 0 0 0 0 650 647 642 636 636 0 0 0 0 0 0 0 570
    566 565 565 565 565 0 536 536 533 528 528 528 529 530 531 531 531
    531 534 533 533 534 534 534 536 538 538 539 539 539 540 540 540 541
    540 540 541 543 543 545 545 545 546 546 546 547 547 546 546 546 546
    546 552 552 552 551 551 0 0 0 0 0 0 0 0 0 0 0 5933 5832 5832 5933 0
    723 716 704 701 701 0 0 0 0 650 647 642 636 636 637 0 595 595 595 0
    574 570 567 565 564 564 0 0 537 537 533 528 527 527 528 529 530 530
    530 530 533 533 533 534 534 534 535 537 538 538 539 539 539 540 540
    541 540 540 541 543 544 544 544 545 546 546 546 547 547 546 546 546
    545 545 552 552 552 551 551 0 0 0 0 0 0 0 0 0 0 0 5933 5832 5832
    5933 0 0 717 711 711 711 711 0 0 0 0 635 635 635 635 637 637 595 595
    595 595 574 571 567 565 563 563 0 0 552 528 528 528 527 527 528 529
    529 530 530 530 533 533 533 533 534 534 535 537 538 538 538 539 539
    540 540 540 541 541 542 543 543 544 544 545 546 546 546 546 547 546
    546 546 544 544 544 552 552 552 552 0 0 0 0 0 0 0 0 0 0 0 6038 5832
    5832 5933 0 0 716 711 711 711 0 0 0 657 0 649 635 635 632 632 632
    596 596 594 593 574 571 567 565 563 563 563 552 552 552 529 529 527
    527 528 529 529 529 529 531 533 533 533 533 534 534 535 537 537 538
    538 539 539 540 540 540 541 541 541 542 543 543 544 545 546 546 546
    546 547 546 546 546 544 544 544 553 552 551 551 0 0 0 0 0 0 0 0 0 0
    0 5933 5933 5933 5933 0 0 713 711 711 0 687 683 680 0 657 649 649
    635 631 628 628 604 596 594 593 574 571 567 565 562 562 552 552 552
    552 529 529 527 527 528 528 528 529 529 531 534 534 534 534 534 534
    535 536 537 538 538 539 539 540 540 540 541 541 541 542 542 543 544
    544 546 546 547 547 547 546 546 546 546 546 553 553 549 549 548 548
