<?xml version="1.0"?>
<opencv_storage>
<Depth3156 type_id="opencv-matrix">
  <rows>52</rows>
  <cols>46</cols>
  <dt>w</dt>
  <data>
    0 0 0 0 0 0 2184 2184 2184 2226 2241 2256 2271 4645 4645 4645 4645
    4645 4645 4645 4582 4582 4582 4582 4582 4522 4522 4522 4522 4522
    4463 4463 4463 4463 4463 4463 4463 4463 4405 4405 4405 4405 4405
    4405 4405 4405 0 0 0 0 2241 2241 2241 2241 2241 2241 2241 2256 2256
    2286 2301 2317 4708 4708 4645 4645 4645 4582 4582 4582 4582 4522
    4522 4522 4522 4522 4522 4522 4463 4463 4522 4463 4463 4463 4405
    4405 4405 4405 4405 4405 4405 4405 0 0 0 0 2241 2241 2241 2241 2241
    2241 2241 2256 2256 2271 2301 2317 4708 4708 4645 4645 4645 4645
    4645 4582 4582 4582 4582 4522 4522 4522 4522 4522 4522 4522 4522
    4522 4463 4463 4463 4405 4405 4405 4405 4405 4405 4405 0 0 2286 2286
    2256 2256 2256 2241 2241 2241 2241 2241 2256 2256 2301 2317 4708
    4708 4645 4645 4645 4645 4645 4645 4582 4582 4582 4582 4582 4463
    4463 4522 4522 4522 4522 4522 4463 4463 4405 4405 4405 4405 4405
    4405 4405 4405 0 0 2256 2256 2256 2256 2256 2241 2241 2241 2241 2241
    2256 2256 2301 2349 4708 4708 4645 4645 4645 4645 4645 4645 4582
    4582 4582 4582 4582 4463 4463 4463 4463 4522 4522 4522 4463 4463
    4405 4405 4405 4405 4405 4405 4405 4405 0 2286 2256 2256 2256 2256
    2256 2256 2256 2241 2241 2256 2256 2286 2333 2349 4645 4645 4645
    4645 4645 4645 4645 4645 4645 4645 4645 4645 4582 4463 4463 4463
    4463 4522 4522 4522 4463 4463 4463 4463 4463 4405 4405 4405 4405
    4405 2286 2286 2256 2256 2256 2256 2256 2256 2256 2256 2256 2271
    2271 2301 2333 2349 4645 4645 4645 4645 4645 4645 4645 4645 4645
    4645 4645 4582 4582 4522 4522 4522 4522 4522 4522 4463 4463 4463
    4463 4463 4463 4405 4405 4405 4405 4405 2271 2256 2256 2256 2256
    2256 2256 2256 2256 2256 2271 2286 2301 2317 2333 2333 2349 4645
    4645 4645 4645 4645 4645 4645 4645 4645 4645 4582 4582 4582 4582
    4522 4522 4522 4463 4463 4463 4463 4463 4463 4463 4463 4463 4463
    4405 4405 2271 2256 2256 2256 2256 2241 2241 2256 2271 2271 2286
    2301 2301 2301 2301 2301 2349 4645 4645 4708 4708 4645 4645 4645
    4582 4582 4582 4582 4582 4582 4582 4522 4522 4522 4463 4463 4463
    4463 4463 4463 4463 4463 4405 4405 4405 4405 2256 2256 2256 2256
    2256 2241 2241 2256 2286 2333 2333 2333 2333 2301 2286 2286 2301
    4645 4645 4708 4708 4645 4645 4645 4582 4582 4582 4582 4582 4582
    4582 4582 4522 4522 4522 4463 4463 4522 4463 4463 4463 4463 4405
    4405 4463 4405 2256 2256 2256 2256 2256 2256 2256 2256 2317 2349
    2349 2349 2349 2271 2271 2271 2271 2286 2286 4708 4708 4708 4645
    4645 4645 4645 4645 4645 4645 4582 4582 4582 4522 4522 4522 4463
    4463 4522 4463 4463 4463 4463 4463 4463 4463 4405 2256 2256 2256
    2256 2256 2256 2271 2271 2349 2365 2365 2365 2365 2241 2241 2241
    2241 2256 2271 2271 2286 2301 2349 2349 4645 4645 4645 4645 4645
    4582 4522 4522 4522 4522 4522 4463 4463 4522 4522 4463 4463 4463
    4463 4463 4463 4405 2286 2256 2256 2271 2271 2271 2286 2317 2317
    2349 2365 2365 2365 2198 2198 2212 2212 2226 2256 2271 2271 2286
    2301 2349 2349 2365 4645 4645 4645 4582 4522 4522 4463 4463 4522
    4522 4522 4522 4522 4522 4522 4463 4463 4463 4463 4405 2286 2286
    2286 2286 2286 2301 2301 2301 2286 2286 2241 2212 2198 2198 2198
    2198 2198 2212 2212 2241 2271 2286 2286 2317 2349 2349 2349 4645
    4645 4645 4582 4522 4463 4463 4522 4522 4522 4522 4522 4522 4522
    4463 4463 4463 4463 4405 4911 4911 4842 4842 4842 4842 4842 2301
    2256 2256 2226 2212 2198 2198 2184 2184 2184 2198 2198 2226 2256
    2271 2286 2301 2333 2349 2349 2365 4645 4645 4582 4582 4522 4522
    4522 4522 4522 4522 4522 4522 4522 4463 4463 4463 4463 4405 4911
    4911 4842 4842 4842 4842 4842 4708 2241 2226 2226 2212 2198 2198
    2184 2184 2184 2184 2184 2198 2212 2226 2241 2271 2286 2333 2349
    2349 4645 4645 4645 4582 4522 4522 4522 4522 4522 4582 4582 4522
    4522 4463 4463 4463 4463 4463 4911 4911 4911 4842 4842 4842 4842
    4842 2226 2226 2226 2212 2198 2198 2184 2184 2184 2184 2184 2184
    2198 2212 2226 2256 2271 2301 2317 2349 2365 2365 4645 4645 4582
    4582 4522 4522 4522 4522 4582 4522 4522 4463 4463 4463 4463 4463
    4911 4911 4911 4911 4842 4842 2184 2184 2184 2198 2212 2212 2198
    2198 2184 2184 2184 2184 2184 2184 2198 2198 2212 2241 2256 2286
    2301 2333 2349 2365 4645 4645 4582 4582 4522 4522 4522 4522 4582
    4582 4522 4463 4463 4463 4463 4463 4911 4911 4911 4911 4774 2226
    2184 2184 2184 2184 2198 2198 2198 2184 2184 2184 2170 2170 2184
    2184 2184 2184 2198 2226 2241 2271 2286 2301 2333 2349 2349 4582
    4582 4582 4582 4582 4522 4522 4582 4582 4522 4522 4463 4463 4463
    4463 4911 4911 4911 4911 4774 2226 2198 2184 2184 2184 2198 2198
    2198 2184 2184 2184 2170 2170 2184 2184 2184 2184 2198 2212 2212
    2241 2256 2271 2301 2349 2349 2349 4582 4645 4645 4582 4582 4582
    4582 4582 4522 4522 4463 4463 4463 4463 4911 4911 4911 4911 4774
    4774 2212 2184 2184 2184 2184 2198 2198 2184 2184 2184 2184 2184
    2184 2184 2184 2184 2184 2184 2198 2212 2226 2226 2301 2333 2349
    2349 2365 4582 4582 4645 4582 4582 4582 4582 4522 4522 4463 4463
    4463 4463 4911 4911 4911 4911 4774 4774 2212 2184 2184 2184 2184
    2198 2198 2184 2184 2184 2184 2184 2184 2184 2184 2184 2184 2184
    2184 2198 2212 2212 2226 2317 2333 2349 2349 2365 4582 4582 4582
    4582 4582 4582 4522 4522 4522 4463 4463 4463 4911 4911 4911 4911
    4911 4983 2212 2198 2198 2198 2198 2198 2184 2184 2184 2184 2184
    2184 2184 2184 2184 2184 2184 2184 2184 2184 2198 2198 2212 2286
    2317 2333 2349 2349 2365 4582 4582 4582 4582 4582 4582 4582 4582
    4463 4463 4463 4911 4911 4911 4911 4911 4911 4911 2198 2198 2198
    2198 2198 2184 2184 2184 2184 2184 2184 2184 2184 2184 2184 2184
    2184 2184 2184 2184 2184 2184 2256 2286 2317 2333 2349 2365 4582
    4582 4582 4582 4582 4582 4582 4582 4522 4522 4463 4911 4911 4911
    4911 4911 4911 4911 2198 2198 2198 2198 2198 2184 2184 2184 2184
    2184 2184 2184 2184 2184 2184 2184 2184 2184 2184 2184 2184 2184
    2198 2286 2286 2317 2333 2349 2349 4645 4582 4582 4582 4582 4582
    4582 4582 4522 4522 4911 4911 4911 4911 4911 4911 4911 4911 4911
    2184 2184 2184 2198 2184 2184 2184 2184 2184 2184 2184 2184 2184
    2184 2184 2184 2184 2184 2184 2184 2184 2226 2286 2286 2301 2333
    2349 2365 4645 4645 4582 4582 4645 4582 4522 4522 4522 4983 4983
    4911 4911 4911 4911 4911 4911 4842 2184 2184 2184 2212 2212 2184
    2184 2184 2184 2184 2184 2184 2184 2184 2184 2184 2184 2184 2184
    2184 2184 2212 2256 2286 2286 2301 2333 2333 2333 4645 4645 4645
    4645 4582 4522 4522 4522 4983 4983 4911 4911 4911 4911 4911 4911
    4842 4842 2184 2184 2212 2212 2184 2184 2184 2184 2184 2184 2184
    2184 2184 2184 2184 2184 2184 2184 2184 2184 2198 2226 2256 2271
    2286 2317 2333 2349 4708 4708 4708 4645 4582 4582 4522 4522 4983
    4983 4983 4983 4983 4911 4911 4911 4911 4842 2212 2212 2212 2212
    2198 2184 2184 2184 2184 2184 2184 2184 2184 2184 2184 2184 2184
    2184 2184 2184 2184 2212 2226 2241 2271 2301 2333 2349 2365 4708
    4645 4645 4582 4582 4522 4522 5056 4983 4983 4983 4983 4983 4983
    4911 4911 4842 4842 2212 2212 2212 2198 2198 2184 2184 2184 2184
    2184 2184 2184 2184 2184 2184 2184 2170 2170 2184 2184 2198 2212
    2226 2256 2286 2317 2333 2349 2349 4645 4645 4582 4582 4522 4522
    4983 4983 4983 4983 4983 4983 4911 4911 4911 4842 4842 4842 2198
    2198 2198 2198 2198 2184 2184 2184 2184 2198 2184 2184 2184 2184
    2184 2170 2170 2184 2184 2184 2198 2198 2241 2271 2301 2317 2333
    2349 4645 4582 4582 4582 4522 4522 4983 4983 4983 4983 4983 4983
    4911 4911 4911 4842 4842 4842 2198 2198 2198 2198 2198 2184 2184
    2198 2184 2184 2184 2184 2184 2184 2184 2170 2170 2170 2184 2184
    2184 2198 2212 2241 2271 2301 2317 2333 2349 4582 4582 4522 4522
    4522 5056 5056 4983 4983 4983 4983 4911 4911 4911 4911 4911 4842
