<?xml version="1.0"?>
<opencv_storage>
<Depth10234 type_id="opencv-matrix">
  <rows>60</rows>
  <cols>75</cols>
  <dt>w</dt>
  <data>
    0 0 3468 3468 3433 3399 3399 3433 3433 3433 3433 3468 3468 3433 3433
    3433 3433 3433 3468 3468 3468 3468 3468 3468 3468 3433 3433 3468
    3468 3503 3503 3503 3503 3503 3503 3503 3503 3503 3503 3503 3503
    3539 3539 3539 3576 3576 3576 1579 1579 1579 3614 1586 1586 1586
    1594 1601 1601 1601 3774 3732 3692 3692 3692 3692 3692 3653 3653
    3653 3692 3692 3692 3692 3692 3692 3692 0 0 3433 3433 3433 3365 3365
    3399 3433 3433 3433 3433 3433 3433 3433 3433 3433 3433 3433 3433
    3468 3468 3468 3503 3503 3433 3433 3468 3468 3468 3503 3503 3503
    3503 3503 3503 3503 3503 3539 3539 3539 3539 3539 3539 3576 3614
    1572 1572 1579 1579 1579 1579 1579 1579 1579 1586 1601 4190 4041
    3774 3692 3692 3653 3614 3614 3653 3653 3653 3692 3692 3732 3692
    3692 3692 3692 0 0 3433 3433 3433 3365 3365 3399 3433 3433 3399 3399
    3399 3433 3433 3433 3433 3433 3433 3433 3468 3468 3503 3503 3503
    3503 3468 3468 3468 3468 3503 3503 3503 3503 3503 3503 3503 3503
    3503 3503 3503 3503 3539 3539 3614 3614 1572 1572 1579 1579 1579
    1572 1564 1564 1557 1550 1550 1550 4041 3774 3732 3692 3653 3614
    3614 3653 3653 3653 3692 3692 0 3692 1655 1655 1647 0 0 3433 3433
    3433 3399 3399 3433 3433 3433 3399 3399 3399 3433 3433 3433 3433
    3433 3433 3433 3433 3468 3503 3503 3539 3503 3503 3503 3503 3503
    3503 3503 3503 3503 3503 3539 3503 3503 3503 3503 1579 1579 1579
    3539 3614 3653 1564 1564 1564 1564 1572 1564 1557 1550 1550 1543
    1543 1543 1543 1543 3692 3692 3653 3653 3653 3653 3653 3653 3653
    1647 0 1647 1647 1639 1632 0 0 3433 3433 3433 3433 3433 3433 3433
    3433 3433 3399 3399 3399 3399 3399 3433 3433 3433 3433 3433 3468
    3503 3503 3503 3503 3503 3468 3468 3503 3503 3503 3503 3503 3503
    3539 3539 3503 3503 1579 1572 1572 1557 1557 1550 1550 1550 1550
    1550 1550 1557 1550 1550 1550 1543 1536 1536 1536 1536 1536 1536
    3692 3692 3653 3653 3653 0 0 0 0 0 1639 1632 1624 1624 0 0 3433 3433
    3433 3433 3433 3468 3468 3468 3433 3433 3433 3399 3399 3399 3365
    3365 3433 3433 3433 3468 3468 3503 3468 3468 3503 3468 3468 3503
    3503 3503 3503 3503 1579 1579 1586 1564 1564 1572 1572 1564 1557
    1550 1543 1543 1543 1543 1543 1543 1536 1536 1536 1543 1543 1536
    1536 1536 1536 1536 1550 1550 3692 3653 3653 3653 0 0 0 0 0 1639
    1624 1616 1616 0 0 3433 3433 3433 3433 3433 3468 3468 3468 3468 3468
    3433 3399 3399 3399 3365 3365 3433 3433 3433 3468 3468 3468 3468
    3468 3503 3503 3433 3433 3468 3468 3503 1557 1557 1564 1564 1557
    1557 1557 1550 1550 1550 1543 1536 1536 1536 1529 1523 1523 1529
    1529 1529 1536 1536 1536 1536 1536 1536 1543 1550 1550 1550 3692
    3692 3692 0 0 0 0 0 1639 1616 1609 1601 0 0 3433 3433 3433 3433 3433
    3433 3468 3468 3468 3468 3399 3399 3399 3399 3399 3433 3468 3468
    3468 3468 3468 3468 3468 3468 3503 3503 3433 3433 3468 3468 1543
    1543 1550 1550 1557 1557 1550 1550 1543 1543 1543 1536 1529 1523
    1523 1523 1516 1516 1529 1529 1529 1536 1536 1536 1536 1543 1543
    1550 1550 1550 1550 3732 3732 3732 0 0 0 0 0 0 1616 1609 1601 0 0
    3433 3433 3433 3433 3433 3433 3433 3433 3433 3433 3399 3399 3399
    3433 3433 3433 3468 3468 3468 3468 3468 3468 3468 3468 3468 3433
    1557 1550 1550 1550 1543 1543 1536 1536 1536 1536 1536 1536 1529
    1529 1529 1523 1523 1516 1516 1516 1516 1516 1529 1529 1529 1536
    1543 1536 1536 1543 1543 1550 1550 1550 1564 0 0 0 0 0 0 0 0 0 0 0
    1601 0 0 3433 3433 3433 3433 3433 3399 3399 3399 3399 3399 3399 3399
    3399 3433 3433 3433 3433 3433 3433 3433 3399 3399 3468 3503 3468
    1550 1550 1543 1543 1543 1536 1529 1523 1523 1523 1516 1516 1516
    1516 1516 1516 1516 1516 1516 1516 1516 1516 1516 1529 1529 1529
    1536 1543 1543 1543 1543 1543 1550 1550 1550 1550 0 0 0 0 0 0 0 0 0
    0 0 0 0 0 3433 3433 3433 3433 3399 3365 3365 3399 3365 3365 3365
    3365 3365 3399 3365 3365 3399 3399 3399 3399 3399 3399 3399 1529
    1529 1543 1543 1536 1529 1529 1529 1523 1516 1516 1516 1509 1509
    1509 1509 1509 1516 1516 1516 1516 1516 1516 1516 1523 1529 1529
    1529 1536 1543 1543 1543 1543 1550 1550 1557 1550 1550 0 0 0 0 0 0 0
    0 0 0 0 0 0 0 3433 3433 3433 3399 3365 3365 3365 3365 3365 3365 3365
    3365 3365 3365 3365 3365 3399 3399 3399 3399 3399 1516 1516 1516
    1523 1529 1529 1529 1523 1516 1516 1509 1509 1509 1503 1503 1509
    1509 1509 1509 1516 1516 1516 1516 1516 1516 1523 1523 1529 1529
    1529 1543 1550 1550 1550 1550 1550 1550 1557 1557 1557 1564 0 0 0 0
    0 0 0 0 0 0 0 0 0 3433 3399 3399 3399 3365 3365 3365 3365 3365 3365
    3365 3365 3365 3365 3365 3365 3365 1543 1536 1529 1523 1516 1516
    1516 1523 1523 1516 1516 1509 1509 1509 1503 1503 1503 1503 1503
    1509 1509 1509 1509 1516 1516 1516 1516 1523 1523 1523 1523 1529
    1536 1536 1543 1550 1550 1550 1550 1550 1557 1557 1557 1557 1564 0 0
    0 0 0 0 0 0 0 0 1609 0 0 3399 3399 3399 3399 3365 3365 3365 3365
    3365 3365 3365 3365 1550 1550 3399 1529 1523 1523 1529 1523 1523
    1516 1516 1516 1516 1516 1509 1503 1503 1496 1496 1496 1496 1503
    1503 1509 1509 1509 1509 1516 1516 1516 1523 1523 1523 1523 1523
    1523 1536 1543 1543 1543 1550 1550 1550 1557 1557 1557 1557 1557
    1557 1572 1586 0 0 0 0 0 0 0 0 0 1609 0 0 3365 3365 3399 3399 3365
    3365 3333 3333 3333 3333 3333 1529 1523 1523 1523 1523 1523 1523
    1516 1516 1516 1509 1509 1509 1503 1496 1496 1496 1496 1496 1496
    1496 1496 1503 1503 1509 1516 1516 1516 1516 1516 1523 1523 1523
    1523 1523 1523 1529 1536 1543 1550 1550 1557 1557 1557 1557 1557
    1564 1564 1564 1572 1579 1586 1594 1601 0 1594 1594 0 0 0 0 1609 0 0
    3365 3365 3399 3399 3399 3365 3333 3333 3333 1523 1523 1523 1523
    1523 1523 1516 1516 1516 1509 1509 1503 1496 1496 1496 1489 1489
    1496 1496 1496 1496 1496 1496 1496 1503 1509 1509 1516 1516 1516
    1516 1523 1523 1529 1529 1529 1529 1529 1529 1543 1550 1550 1557
    1557 1557 1557 1557 1564 1564 1564 1564 1572 1579 1586 1586 1586
    1586 1586 1586 0 0 0 0 1639 0 0 3365 3365 3399 3399 3365 3365 3365
    1516 1516 1516 1516 1516 1516 1516 1509 1509 1509 1503 1496 1496
    1489 1489 1483 1483 1483 1483 1496 1496 1496 1496 1496 1503 1503
    1509 1509 1509 1516 1516 1516 1523 1523 1523 1529 1529 1529 1536
    1536 1536 1550 1550 1550 1557 1557 1557 1557 1564 1572 1572 1572
    1579 1579 1586 1586 1586 1586 1586 1586 1586 0 0 0 0 0 0 0 3399 3399
    3399 3399 3365 1503 1503 1509 1509 1509 1509 1503 1503 1496 1496
    1496 1489 1489 1489 1489 1489 1489 1483 1483 1483 1483 1496 1496
    1496 1496 1496 1503 1503 1509 1509 1509 1516 1516 1516 1523 1523
    1529 1529 1536 1536 1543 1543 1543 1550 1550 1557 1557 1564 1564
    1564 1564 1572 1572 1579 1579 1579 1586 1586 1586 1586 1586 0 0 0 0
    0 0 0 0 0 3399 3399 3399 3399 1509 1503 1503 1509 1503 1503 1489
    1483 1483 1483 1483 1483 1483 1483 1489 1489 1489 1489 1483 1483
    1489 1489 1496 1496 1496 1496 1503 1503 1503 1516 1516 1516 1516
    1516 1516 1523 1523 1529 1529 1536 1536 1543 1543 1543 1550 1557
    1557 1572 1572 1572 1572 1572 1579 1579 1579 1579 1579 1586 1586
    1586 1586 1594 0 0 0 0 0 0 0 0 0 1529 1503 1496 1496 1496 1496 1496
    1489 1489 1489 1483 1483 1483 1483 1483 1483 1477 1477 1477 1483
    1483 1489 1489 1489 1489 1489 1496 1503 1496 1496 1503 1503 1503
    1516 1516 1516 1523 1523 1523 1523 1523 1529 1529 1536 1543 1543
    1543 1543 1557 1557 1557 1572 1572 1579 1579 1579 1579 1579 1579
    1579 1586 1586 1594 1594 1594 1594 0 0 0 0 0 0 0 1509 1503 1496 1489
    1489 1489 1483 1477 1470 1470 1483 1477 1477 1470 1470 1483 1483
    1483 1477 1477 1477 1483 1483 1489 1489 1489 1489 1496 1496 1503
    1496 1496 1503 1503 1509 1516 1516 1523 1523 1523 1529 1529 1529
    1536 1536 1543 1543 1543 1543 1550 1557 1557 1564 1572 1572 1579
    1579 1586 1586 1586 1579 1579 1586 1586 1594 1594 1594 1601 0 0 0 0
