<?xml version="1.0"?>
<opencv_storage>
<Depth16885 type_id="opencv-matrix">
  <rows>9</rows>
  <cols>21</cols>
  <dt>w</dt>
  <data>
    0 0 0 4463 4463 4463 4463 4463 4463 4463 4522 4582 0 0 0 4708 4708 0
    0 0 0 0 0 4522 4463 4463 4405 4405 4463 4463 4463 4522 4582 4774
    4708 4708 4708 4708 4708 4708 4645 4645 0 0 4522 4463 4463 4405 4405
    4463 4463 4463 4522 4582 4708 4708 4708 4708 4708 4708 4708 4645
    4645 4582 4582 4582 4582 4582 4582 4522 4522 4522 4522 4582 4645
    4708 4708 4645 4645 4708 4774 4708 4645 4645 4582 4582 4582 4582
    4645 4645 4645 4522 4522 4522 4582 4645 4708 4708 4645 4645 4708
    4774 4708 4645 4645 4645 4645 4582 4582 4708 4645 4645 4582 4582
    4582 4645 4645 4774 4774 4645 4645 4708 4708 4708 4708 4708 4774
    4708 4645 4645 4708 4708 4774 4774 4774 4774 4774 4774 4774 4774
    4774 4774 4708 4708 4708 4708 4708 4774 4708 4708 4708 4708 4708
    4774 4774 4774 4774 0 4774 4774 4774 4774 4774 4708 4708 4708 4708
    4708 3903 3903 4774 4774 4708 4708 4774 4774 4774 4774 0 4774 4774
    4774 4774 4774 4708 4708 4774 4774 4774</data></Depth16885>
</opencv_storage>
