<?xml version="1.0"?>
<opencv_storage>
<Depth8940 type_id="opencv-matrix">
  <rows>39</rows>
  <cols>18</cols>
  <dt>w</dt>
  <data>
    2908 2883 2883 2744 2701 2701 2701 2701 2701 2680 2680 2659 2639
    2639 2639 2639 2639 5640 2883 2835 2789 2744 2723 2701 2680 2659
    2659 2659 2659 2659 2639 2639 2639 2639 2639 5734 2859 2812 2789
    2744 2701 2680 2659 2659 2659 2659 2659 2659 2659 2639 2639 2639
    2639 2639 2835 2812 2789 2744 2701 2680 2659 2639 2639 2659 2639
    2639 2639 2659 2639 2639 2639 2639 2812 2812 2789 2744 2701 2659
    2659 2639 2639 2659 2639 2639 2639 2659 2639 2639 2639 2639 2812
    2812 2789 2744 2701 2659 2659 2639 2639 2659 2659 2659 2659 2659
    2659 2639 2639 2639 2835 2812 2789 2767 2701 2659 2659 2639 2639
    2639 2639 2639 2659 2659 2659 2639 2639 2639 2835 2812 2789 2767
    2701 2659 2659 2639 2639 2639 2639 2639 2639 2639 2659 2639 2618
    2618 2835 2812 2789 2744 2701 2659 2659 2659 2639 2639 2659 2639
    2639 2639 2659 2639 2618 2618 2835 2812 2789 2744 2701 2659 2639
    2639 2639 2639 2659 2639 2639 2639 2659 2659 2639 2639 2859 2835
    2789 2744 2701 2659 2639 2639 2639 2639 2639 2639 2639 2639 2659
    2659 2659 2659 2835 2812 2789 2744 2701 2659 2659 2639 2639 2639
    2639 2639 2639 2659 2659 2659 2659 2659 2835 2812 2789 2723 2701
    2659 2639 2639 2639 2639 2639 2639 2639 2659 2659 2639 2639 2639
    2835 2812 2767 2723 2701 2659 2639 2639 2639 2639 2639 2639 2639
    2659 2659 2639 2639 2659 2835 2789 2767 2723 2680 2659 2659 2639
    2639 2639 2639 2639 2639 2639 2639 2659 2659 2659 2835 2789 2744
    2723 2680 2659 2659 2639 2639 2639 2639 2639 2639 2639 2639 2659
    2659 2659 2835 2789 2744 2723 2701 2680 2659 2659 2659 2639 2639
    2639 2639 2639 2639 2659 2659 2659 2835 2812 2767 2723 2701 2680
    2659 2659 2639 2639 2639 2639 2639 2639 2639 2659 2659 2680 2835
    2812 2767 2723 2701 2680 2659 2639 2639 2639 2639 2639 2639 2639
    2659 2659 2659 2659 2859 2812 2767 2723 2701 2659 2659 2639 2639
    2639 2639 2639 2639 2639 2639 2639 2639 2659 2835 2812 2789 2744
    2701 2659 2639 2639 2639 2639 2639 2639 2639 2639 2639 2639 2639
    2639 2835 2812 2767 2744 2701 2659 2639 2639 2639 2639 2639 2639
    2639 2639 2639 2639 2639 2639 2812 2789 2767 2723 2701 2659 2639
    2639 2639 2639 2639 2639 2639 2639 2618 2618 2639 2639 2789 2789
    2767 2723 2701 2659 2639 2639 2618 2618 2639 2639 2639 2639 2618
    2618 2639 2639 2789 2789 2767 2723 2701 2659 2639 2618 2618 2618
    2639 2639 2639 2639 2639 2639 2639 2639 2789 2789 2767 2744 2701
    2680 2639 2618 2618 2639 2639 2639 2639 2639 2639 2639 2639 2639
    2812 2789 2767 2744 2701 2680 2639 2639 2639 2639 2639 2639 2639
    2639 2639 2639 2639 2659 2812 2789 2767 2744 2701 2659 2639 2639
    2639 2639 2639 2639 2639 2639 2639 2639 2639 2639 2812 2812 2789
    2744 2701 2659 2639 2639 2639 2639 2639 2639 2639 2639 2639 2639
    2639 2639 2812 2812 2789 2744 2701 2659 2639 2639 2639 2639 2639
    2639 2639 2639 2639 2639 2618 2618 2812 2789 2767 2723 2701 2659
    2639 2639 2639 2639 2639 2639 2639 2639 2639 2618 2618 2618 2812
    2789 2767 2723 2701 2659 2639 2639 2639 2639 2639 2639 2639 2639
    2639 2618 2618 2618 2812 2789 2767 2723 2701 2639 2639 2639 2639
    2639 2639 2639 2639 2639 2639 2639 2618 2618 5933 2812 2789 2701
    2701 2639 2639 2639 2639 2639 2639 2639 2639 2639 2639 2639 2639
    2639 5933 5933 2701 2701 2701 2639 2639 2639 2639 2639 2639 2639
    2639 2639 2639 2639 2639 2639 5933 5933 5933 2701 2701 2639 2639
    2639 2639 2639 2639 2639 2639 2639 2639 2639 2639 2639 5933 5933
    5933 2639 2639 2639 2639 2639 2639 2639 2639 2639 2639 2639 2639
    2639 2639 2639 5933 5933 5933 0 2659 2659 2639 2639 2639 2659 2659
    2659 2639 2639 2659 2639 2639 5734 5933 5933 5933 0 2767 2767 0 2701
    2701 2701 2701 2701 2701 2701 5548 5548 5548 5548</data></Depth8940>
</opencv_storage>
