<?xml version="1.0"?>
<opencv_storage>
<Depth10789 type_id="opencv-matrix">
  <rows>109</rows>
  <cols>72</cols>
  <dt>w</dt>
  <data>
    3576 3614 3614 3614 3614 3614 3653 3692 3692 3732 3774 3774 3774
    3774 3774 3774 3816 3816 3816 3859 3859 3903 3948 3948 3948 3948
    3994 4041 4041 4041 3994 3994 3994 4089 4139 4139 4139 4139 4139
    4139 4190 4190 4190 4190 0 915 915 4190 4190 4190 4190 4190 938 938
    940 940 940 948 948 951 954 959 964 4405 4405 4522 4522 4582 981 981
    4708 4708 3576 3614 3614 3614 3614 3614 3653 903 903 901 901 901
    3816 3774 3774 3774 3816 3816 849 847 847 3948 3948 3994 3994 3994
    3994 0 0 0 3994 3994 3994 0 0 0 878 0 878 875 910 0 910 910 915 915
    0 923 928 928 928 935 935 938 938 938 938 948 948 948 954 954 962
    964 962 962 967 967 970 970 970 4708 3576 3614 3576 3576 3614 898
    898 901 903 901 901 896 896 3816 3816 849 849 849 849 847 847 843
    843 843 843 843 843 0 0 0 0 0 0 0 0 0 0 0 0 0 0 910 910 910 915 915
    908 923 923 923 925 933 935 935 933 933 933 938 940 940 940 946 951
    951 954 956 959 964 964 967 970 970 3576 3614 901 898 896 896 896
    898 901 901 898 896 894 894 894 849 849 849 849 847 847 843 843 843
    0 0 0 0 0 0 0 0 0 0 0 0 0 0 878 875 875 910 910 910 906 906 908 908
    908 913 918 920 928 930 928 928 928 930 935 938 940 940 946 948 948
    951 956 962 964 967 967 970 3576 903 901 898 896 894 894 896 901 901
    898 894 889 882 880 880 849 849 849 847 847 845 845 845 0 0 0 0 0 0
    0 0 0 0 869 0 871 878 878 875 875 887 887 889 896 901 903 906 906
    910 913 915 918 925 925 925 928 928 933 935 938 940 946 946 948 951
    956 959 962 964 967 967 903 903 903 898 896 891 889 887 880 880 858
    858 887 880 878 851 849 847 847 847 845 843 843 0 0 0 0 0 0 0 0 0
    871 869 869 869 871 878 878 875 875 882 887 887 894 898 901 903 906
    908 910 913 915 923 925 925 925 928 933 935 938 940 946 946 948 951
    956 959 962 964 967 967 903 903 901 896 894 887 885 875 871 869 858
    858 860 880 851 849 847 843 841 837 835 835 837 837 837 0 849 849
    849 851 856 858 862 867 869 869 869 873 878 878 880 880 885 887 894
    894 901 903 906 908 910 913 915 920 923 925 925 928 933 935 938 943
    946 946 948 951 956 959 964 967 967 967 903 903 901 896 894 887 885
    875 871 869 862 860 858 854 851 847 839 835 835 835 835 835 835 837
    837 845 847 849 849 851 856 858 860 864 867 869 869 873 875 878 880
    880 885 887 894 894 901 903 906 908 910 915 918 920 923 925 928 928
    935 935 938 940 946 946 948 951 956 959 964 964 967 967 906 903 903
    898 894 887 885 875 871 867 864 860 858 854 851 847 835 835 833 833
    833 835 835 837 839 843 847 849 849 851 856 858 860 862 867 867 869
    873 875 880 882 882 885 889 894 896 901 906 906 908 910 915 918 920
    923 925 928 930 935 938 938 940 946 948 948 954 956 959 962 964 967
    970 908 903 903 898 894 889 885 875 871 867 864 860 858 854 849 841
    835 833 833 833 833 835 837 839 839 843 845 849 849 851 856 858 860
    862 867 867 869 873 878 880 882 885 885 887 894 896 901 906 906 910
    913 915 918 920 923 925 928 933 935 938 938 943 946 948 951 954 956
    959 962 964 970 970 0 903 903 901 896 891 885 875 873 869 867 860
    858 854 849 841 835 833 833 833 835 835 837 839 841 843 845 849 849
    851 856 858 860 864 867 867 869 873 875 880 882 885 885 887 894 896
    901 903 908 910 913 915 918 920 925 925 928 933 935 938 938 943 946
    948 951 956 956 959 962 964 970 973 0 903 903 901 896 891 885 875
    873 869 867 864 858 854 849 841 837 835 833 833 835 835 839 839 841
    843 845 849 851 851 856 858 860 867 867 869 869 873 875 880 882 885
    887 887 896 896 901 903 908 913 913 918 920 923 925 928 930 933 935
    938 940 946 946 948 951 956 959 962 962 964 970 973 0 903 903 901
    896 891 887 878 873 869 867 862 858 854 849 841 837 835 835 835 835
    837 839 841 841 843 845 849 851 854 856 858 862 867 867 869 871 873
    875 880 880 885 887 894 896 896 901 903 908 913 915 918 920 923 925
    928 933 935 935 938 940 946 948 951 954 956 959 962 962 967 967 970
    0 903 903 901 896 894 882 878 873 869 867 862 858 854 849 841 837
    835 835 835 835 837 839 841 843 845 849 851 851 854 856 860 862 864
    869 869 871 873 875 880 880 885 887 894 894 896 901 906 908 913 915
    918 920 923 925 928 933 935 935 938 943 946 948 951 954 956 962 964
    964 967 967 970 0 903 903 903 896 891 882 878 875 871 867 862 858
    854 849 841 837 835 835 835 835 835 839 841 843 847 849 851 851 856
    858 860 862 864 869 871 871 873 875 880 882 885 887 894 894 896 903
    906 908 910 913 918 920 925 925 928 933 935 938 940 943 946 948 951
    954 956 962 964 967 967 970 970 0 903 903 903 896 891 882 880 875
    871 867 862 858 854 843 841 837 835 835 835 835 835 839 843 845 847
    849 851 854 856 858 860 862 867 869 871 873 875 880 880 882 887 887
    894 894 896 903 906 908 910 913 915 918 925 928 928 933 933 938 940
    943 946 948 951 956 956 962 964 967 967 970 970 0 903 903 903 898
    891 885 880 875 871 867 862 858 854 843 841 839 835 835 835 835 837
    841 843 845 847 849 851 854 856 858 860 862 867 869 871 875 875 880
    880 882 887 891 896 896 898 906 906 908 910 913 915 918 923 928 928
    933 933 938 940 946 948 951 951 956 959 962 964 967 967 970 970 0
    903 903 903 896 894 885 880 875 871 869 864 860 854 845 843 839 835
    835 835 835 837 843 843 845 847 849 851 854 856 858 860 864 867 869
    871 875 875 880 880 882 887 894 896 896 898 906 908 910 913 913 918
    918 923 928 930 933 935 938 940 946 948 948 951 956 959 962 964 967
    967 973 973 0 0 906 903 896 894 887 880 875 873 867 864 860 854 845
    843 839 837 835 835 835 841 843 845 845 847 849 851 856 856 858 860
    864 867 869 871 875 878 880 880 885 887 894 896 896 901 906 908 910
    913 915 918 920 923 925 930 935 935 938 940 946 948 948 954 956 959
    962 964 967 970 973 975 0 0 908 906 896 891 887 882 878 873 867 864
    860 854 845 843 839 837 837 837 837 841 843 843 845 847 849 851 856
    856 858 860 864 867 869 871 875 878 880 880 885 887 894 896 896 901
    906 908 910 913 915 918 920 923 925 930 933 938 938 943 946 948 951
    954 956 962 964 964 967 970 973 975 0 910 910 906 896 891 887 882
    878 873 869 864 860 851 849 845 839 837 837 835 835 841 841 843 845
    847 849 851 856 856 858 860 867 869 869 871 875 880 880 882 885 887
    894 896 896 901 906 908 913 915 915 918 920 925 928 933 933 938 940
    943 946 948 951 956 959 962 964 967 967 973 975 975 0 910 908 906
    896 891 887 885 880 875 869 864 860 851 849 843 839 837 835 835 835
    839 841 843 845 847 851 851 856 858 858 860 864 867 869 871 875 880
    880 882 885 889 894 896 898 901 908 908 913 915 915 918 923 925 928
    933 935 938 940 943 946 948 951 956 959 962 964 967 967 973 975 975
    0 910 908 906 901 891 887 885 880 875 869 864 860 854 849 843 839
    837 835 835 835 837 843 843 845 849 849 851 856 858 858 862 864 867
    869 873 875 880 880 882 885 889 894 896 898 901 908 910 913 915 918
    920 923 925 928 933 935 938 940 943 946 948 954 956 959 962 964 967
    967 970 975 975 0 910 908 906 901 894 889 885 880 875 869 862 860
    856 849 843 841 837 835 835 835 837 843 845 847 849 849 851 856 858
    860 862 864 867 869 873 875 880 880 882 885 894 896 896 898 901 908
    910 915 915 918 920 923 928 930 935 935 938 940 946 948 951 954 956
    959 962 964 967 967 970 975 975 910 908 908 903 896 894 889 885 880
    875 869 862 860 858 849 843 841 837 837 837 837 837 843 845 847 849
    849 851 856 858 860 864 867 867 869 873 875 880 880 882 885 894 896
    896 901 901 908 910 915 915 918 920 925 928 933 935 935 938 943 946
    948 951 954 956 959 964 964 967 967 970 975 975 910 906 906 903 894
    894 889 885 880 875 869 864 860 851 847 843 841 839 837 837 837 841
    843 845 847 849 849 854 856 858 860 864 867 869 871 875 875 880 880
    882 887 894 896 896 901 903 906 910 915 915 918 920 925 928 933 935
