<?xml version="1.0"?>
<opencv_storage>
<Depth6169 type_id="opencv-matrix">
  <rows>21</rows>
  <cols>13</cols>
  <dt>w</dt>
  <data>
    3816 3774 3732 3692 3692 3692 3732 3732 3732 3692 3692 771 771 3816
    3732 3732 3692 3692 3692 3692 3692 3692 3692 3692 3692 3692 0 3732
    3732 3692 3692 3692 3692 3692 3692 3692 3692 3653 3653 3692 3692
    3732 3692 3692 3692 3692 3692 3692 3692 3653 3614 3503 3692 3692
    3692 3692 3692 3692 3692 3692 3692 3692 3653 3614 3468 3692 3692
    3692 3692 3692 3692 3692 3692 3692 3692 3653 3653 3468 3692 3692
    3732 3692 3692 3692 3692 3692 3692 3692 3653 3653 3692 3816 3732
    3732 3692 3692 3692 3692 3692 3732 3732 3653 3653 3692 3816 3732
    3732 3692 3692 3692 3692 3692 3732 3732 3653 3653 3692 3816 3732
    3732 3692 3692 3692 3692 3692 3692 3692 3692 3692 3692 0 3732 3732
    3692 3692 3692 3692 3692 3692 3692 3692 3692 3692 3816 3774 3732
    3692 3692 3692 3692 3692 3692 3692 3692 3692 0 3816 3774 3732 3692
    3692 3692 3692 3692 3692 3692 3692 3692 0 3816 3732 3692 3692 3692
    3692 3692 3692 3692 3692 3692 3692 0 3774 3732 3692 3692 3692 3692
    3692 3692 3692 3692 3692 3692 0 3732 3692 3692 3692 3692 3692 3692
    3692 3692 3692 3692 3692 0 3732 3692 3692 3692 3732 3692 3692 3692
    3692 3692 3692 3692 0 3732 3692 3692 3732 3732 3732 3692 3692 3692
    3692 3692 3692 0 3692 3692 3692 3732 3732 3732 3692 3692 3692 3692
    3692 3692 0 3692 3692 3692 3732 3732 3732 3692 3692 3692 3692 3732 0
    0 764 764 764 3732 3732 3732 3692 3692 3732 3774 0 0 0</data></Depth6169>
</opencv_storage>
