<?xml version="1.0"?>
<opencv_storage>
<Depth8067 type_id="opencv-matrix">
  <rows>25</rows>
  <cols>10</cols>
  <dt>w</dt>
  <data>
    6146 6146 6146 6146 4983 4911 4911 4911 4842 4842 6146 6146 6146
    6146 4983 4983 4911 4911 4774 4774 6038 6038 6146 6146 4983 4983
    4911 4911 4774 4582 6038 6038 6146 6146 4983 4983 4983 4911 4774
    4582 6038 6038 6146 4983 4983 4983 4983 4911 4774 4774 6038 6146
    6259 4983 4983 4983 4983 4911 4911 4983 6038 6146 6259 4842 4842
    4983 4983 4983 4983 4983 6038 6146 4774 4774 4842 4911 4911 4983
    4983 4983 5933 5933 4774 4774 4842 4911 4911 4911 4911 4983 5640
    5056 4911 4911 4911 4911 4911 4911 4911 4983 5548 5056 4983 4911
    4911 4911 4911 4911 4911 0 5548 4983 4983 4911 4842 4842 4911 4983
    4983 0 5548 4983 4983 4911 4842 4842 4911 4983 4983 0 5933 4911 4911
    4911 4911 4911 4983 4983 4983 0 4983 4911 4911 4911 4911 4911 4983 0
    0 0 4842 4842 4842 4842 4842 4842 0 0 0 0 4774 4774 4774 4842 4842
    4842 0 0 0 0 4774 4774 4774 4842 4842 4983 0 0 0 0 4708 4708 4708
    4774 4774 4774 0 0 0 0 4708 4645 4645 4774 4774 4774 0 0 0 0 4645
    4645 4645 4708 4708 4708 0 0 0 0 4645 4645 4708 4708 4708 4708 0 0 0
    0 4708 4708 4708 4708 4582 4582 0 0 0 0 4774 4708 4708 4708 4582
    4582 0 0 0 0 4774 4774 4708 4708 4708 0 0 0 0 0</data></Depth8067>
</opencv_storage>
