<?xml version="1.0"?>
<opencv_storage>
<Depth14811 type_id="opencv-matrix">
  <rows>142</rows>
  <cols>77</cols>
  <dt>w</dt>
  <data>
    4041 4041 3948 3903 3903 3903 3903 3903 3903 3903 3903 3903 908 906
    903 901 901 3859 3816 3816 3816 3774 3774 3774 3816 3816 3774 3774
    3774 3774 3774 3774 3774 3774 3774 3774 3732 3732 3732 3732 3692
    3692 3653 3653 3692 3653 3653 3653 3614 3614 3614 3576 3576 3576
    3576 3576 3539 3539 3539 3539 3539 3539 915 915 3468 3468 3468 3468
    3468 3503 3503 3468 3468 3468 3468 3468 3468 4041 4041 4041 3903
    3859 3859 3859 3903 3903 3903 3903 908 903 903 901 898 898 898 901
    901 901 901 901 903 3816 3816 3774 906 906 3774 3774 3774 901 901
    903 903 3732 3732 3732 3732 3692 896 894 894 903 903 906 906 903 903
    906 906 906 910 3576 3576 3539 3539 913 913 913 913 915 915 930 930
    930 930 930 925 923 923 920 920 3468 3468 3468 4041 4041 4041 4041
    3859 3859 3859 3859 3859 3859 910 906 903 903 901 898 896 896 896
    898 898 898 901 901 901 901 903 903 903 901 901 901 901 901 903 903
    903 901 901 903 903 896 894 894 901 903 903 903 903 903 906 906 906
    910 910 910 910 910 910 913 913 913 915 920 925 925 925 925 923 923
    923 923 920 920 923 923 0 4041 4089 4089 4089 956 948 948 3816 3732
    908 906 901 901 901 898 894 894 891 891 894 896 896 898 898 898 898
    898 901 901 901 901 901 901 901 901 901 901 898 898 901 901 901 898
    898 901 901 903 903 903 903 903 906 906 910 910 910 910 910 910 910
    913 913 913 918 918 920 920 920 920 920 923 923 920 920 923 923 0
    975 973 970 962 951 940 935 930 925 908 906 898 896 891 891 889 889
    889 889 891 891 891 894 894 894 894 894 896 898 898 898 898 898 898
    898 898 898 898 898 901 901 901 901 901 901 901 903 903 903 903 903
    906 908 910 910 910 910 910 910 910 913 913 913 918 918 918 918 920
    920 920 920 923 923 923 923 923 0 975 973 967 959 948 940 935 930
    913 908 906 894 891 889 887 887 885 885 887 889 889 891 894 894 894
    894 894 894 896 896 896 898 898 898 898 896 896 896 898 898 901 901
    901 901 901 901 903 903 903 903 906 906 908 910 910 910 910 910 910
    910 913 913 913 915 915 918 918 920 920 920 920 923 923 925 925 925
    0 975 973 967 959 948 940 935 930 913 908 906 891 889 887 887 887
    885 885 887 889 889 891 894 891 891 894 891 891 894 894 896 896 896
    896 896 896 896 896 898 898 901 901 901 901 901 901 903 903 903 906
    906 908 908 908 910 910 910 910 910 910 910 913 913 915 915 918 918
    920 920 920 923 923 923 923 923 923 0 975 973 967 959 948 940 938
    933 913 908 908 891 889 887 887 887 885 885 887 889 889 891 891 891
    891 891 891 891 894 894 894 894 894 896 896 896 896 896 898 901 901
    901 901 901 903 903 903 903 903 906 906 908 908 908 910 910 910 910
    910 910 910 913 913 918 918 920 920 920 923 923 923 923 923 923 923
    923 0 984 973 970 959 948 940 940 935 920 906 896 891 889 887 887
    887 885 885 887 889 891 891 891 891 891 891 894 894 894 894 894 894
    894 894 896 896 896 896 898 901 901 901 901 901 903 903 903 903 903
    906 906 908 908 908 910 910 910 910 910 910 913 913 913 918 918 920
    920 920 920 920 923 920 920 923 923 923 0 984 978 967 959 951 946
    940 935 915 906 896 891 889 889 889 889 887 887 887 891 891 891 894
    891 891 894 894 894 896 896 896 894 894 894 896 896 896 898 898 901
    901 903 903 903 903 903 903 903 903 906 906 908 908 908 910 910 913
    913 913 913 913 913 918 920 920 920 920 920 920 920 923 920 920 923
    923 923 928 984 981 964 959 954 948 940 925 915 906 898 894 891 889
    889 889 889 889 889 891 891 891 894 894 894 894 894 894 896 896 896
    896 896 896 896 896 896 898 898 901 901 903 903 903 903 903 903 903
    906 906 906 908 908 908 910 910 913 913 913 913 913 913 915 920 920
    920 920 920 920 923 923 923 923 923 923 923 925 984 978 964 959 951
    948 940 925 915 908 901 898 891 889 889 889 889 889 889 894 891 891
    891 894 894 894 894 894 896 896 896 896 896 898 898 896 896 898 898
    901 901 903 903 903 903 903 903 903 906 906 906 908 908 910 910 910
    913 913 913 913 913 913 915 920 920 920 923 923 923 923 923 920 920
    923 923 925 925 981 978 964 959 951 948 940 925 918 908 903 898 894
    889 889 889 889 889 891 894 891 891 891 894 894 894 894 894 896 896
    898 898 898 898 898 898 898 898 901 901 901 903 903 903 903 903 906
    906 908 906 906 906 908 910 910 913 913 913 913 913 913 913 913 920
    920 923 923 923 923 923 923 920 920 923 923 925 925 981 978 967 959
    951 946 940 925 915 908 903 898 894 889 889 889 889 889 891 894 891
    891 894 894 894 894 896 896 898 898 898 898 898 898 898 898 898 901
    901 901 901 903 903 903 906 906 906 908 908 908 906 906 908 910 910
    913 913 913 913 913 913 913 913 918 920 923 923 923 923 923 923 923
    923 923 923 920 920 981 975 970 959 954 946 940 925 915 908 901 896
    894 889 889 889 889 889 891 894 891 891 894 894 894 894 896 896 898
    898 898 898 898 898 898 901 901 901 901 903 903 903 903 903 906 906
    906 908 908 908 908 908 908 910 910 913 913 913 913 913 913 913 915
    918 920 923 923 923 923 923 923 923 923 923 923 920 920 981 975 970
    962 954 946 940 925 915 908 901 896 891 889 889 889 889 889 891 894
    894 894 894 894 894 894 896 896 898 898 898 898 898 901 901 901 901
    901 901 901 903 903 903 903 906 903 903 908 908 908 908 908 910 910
    910 913 913 913 913 913 915 915 918 918 918 920 923 923 923 923 923
    923 923 925 923 923 0 981 975 967 959 956 946 933 925 915 910 906
    898 891 889 889 889 889 889 891 894 894 894 894 894 894 894 896 896
    896 898 898 898 898 901 901 901 901 901 901 901 903 903 903 903 906
    903 903 908 908 908 908 908 910 910 913 913 913 913 913 913 915 918
    918 918 918 920 923 923 923 925 925 925 923 923 920 920 0 984 975
    967 959 956 948 933 925 918 913 908 898 894 891 889 889 889 889 889
    894 894 894 894 894 894 894 896 896 896 898 898 898 898 901 901 901
    901 901 901 901 903 903 903 903 906 906 906 908 908 908 908 908 910
    910 913 913 913 913 915 915 915 918 918 920 920 920 923 923 923 925
    925 925 923 923 920 920 0 984 975 970 962 956 951 933 925 918 913
    910 903 894 891 889 889 889 889 889 891 894 894 894 894 896 896 896
    896 896 898 898 898 898 901 901 901 901 901 901 901 903 903 903 903
    906 906 908 908 910 910 910 910 910 913 913 913 913 913 915 915 918
    918 918 918 920 923 923 923 923 925 925 925 923 923 923 923 0 981
    975 970 962 959 954 933 925 918 915 908 903 896 891 889 889 889 889
    889 891 894 894 894 894 898 898 898 898 898 898 898 898 898 901 901
    901 901 901 901 901 903 903 906 906 906 908 908 908 910 910 910 910
    910 913 913 913 913 913 915 915 918 918 918 918 920 923 923 925 925
    925 925 925 925 925 925 925 0 978 978 973 962 959 948 933 925 918
    913 908 903 896 891 891 889 889 889 889 891 894 894 894 894 898 898
    898 898 898 898 901 901 901 901 901 901 901 901 903 903 903 903 906
    906 906 908 908 910 910 910 910 910 910 913 913 913 913 913 915 918
    918 918 918 920 923 923 925 925 925 925 925 925 928 928 928 928 930
    978 978 973 964 959 948 933 928 918 913 906 901 896 894 891 889 889
    889 889 894 894 894 896 896 898 898 901 898 898 901 901 901 901 901
    901 901 901 901 903 903 903 903 906 906 908 908 908 910 910 910 910
    910 910 913 913 913 913 913 915 915 918 918 918 920 923 923 925 925
    925 925 925 925 925 928 928 930 930 981 978 973 964 959 948 940 928
    918 913 906 898 896 891 889 889 889 889 891 894 894 894 896 896 898
    898 898 898 898 901 901 901 901 901 901 901 901 901 903 906 906 906
    906 906 908 908 908 910 910 910 910 910 910 913 913 913 913 913 915
    915 918 918 918 923 923 925 925 925 925 925 925 925 925 930 930 930
    930 984 978 973 964 959 948 940 928 918 913 906 898 894 891 889 889
    889 889 891 894 894 894 896 896 896 896 898 898 901 901 901 901 901
    901 901 901 901 901 903 906 906 906 906 906 908 908 910 910 910 910
