<?xml version="1.0"?>
<opencv_storage>
<Depth6922 type_id="opencv-matrix">
  <rows>68</rows>
  <cols>38</cols>
  <dt>w</dt>
  <data>
    5056 5056 5132 5132 5132 5132 5132 5291 5291 5291 5374 5460 5460
    5460 5460 5460 1489 1483 1483 1489 1496 1496 1496 1496 1496 1496
    1503 1516 1529 1536 1536 1536 1536 1536 5460 5460 5460 5460 5056
    5056 5056 5056 5132 5132 5132 5210 5210 5210 5374 5460 1536 1529
    1516 1496 1489 1483 1483 1489 1489 1496 1496 1496 1496 1496 1503
    1516 1516 1523 1523 1529 1536 1536 5460 5460 5460 5374 4983 5056
    5056 5056 5132 5132 5132 5210 5210 5210 5210 1536 1529 1523 1509
    1496 1489 1489 1489 1489 1489 1496 1496 1503 1509 1509 1509 1516
    1516 1516 1523 1523 1523 1523 1523 5460 5460 5374 4983 5056 5056
    5056 5132 5210 5210 1586 1564 1564 1543 1536 1529 1523 1509 1496
    1489 1489 1489 1489 1489 1489 1496 1503 1509 1509 1509 1516 1516
    1516 1516 1523 1516 1509 1509 1509 5374 5374 4983 4983 4983 4983
    5132 5132 1601 1586 1564 1557 1543 1536 1529 1516 1509 1496 1489
    1489 1489 1489 1489 1489 1496 1503 1509 1509 1509 1516 1516 1516
    1516 1523 1516 1509 1509 1509 5374 5374 4983 4983 4983 4983 4983
    1601 1601 1594 1564 1557 1543 1536 1529 1516 1509 1496 1489 1483
    1483 1483 1483 1483 1496 1496 1503 1509 1509 1509 1516 1516 1516
    1516 1516 1516 1516 1516 5374 5374 1639 1639 1647 1647 1632 1624
    1601 1594 1579 1564 1550 1536 1529 1516 1509 1496 1489 1483 1483
    1483 1483 1483 1496 1496 1496 1503 1509 1509 1516 1516 1516 1516
    1516 1516 1516 5374 5291 5291 1639 1639 1647 1647 1632 1624 1609
    1594 1579 1564 1550 1536 1523 1516 1503 1496 1489 1483 1483 1489
    1489 1489 1489 1489 1496 1496 1509 1509 1509 1516 1516 1516 1516
    1516 1516 5374 5374 5291 1655 1655 1655 1647 1632 1624 1609 1601
    1586 1564 1550 1536 1523 1516 1503 1489 1483 1483 1483 1483 1483
    1489 1489 1489 1489 1496 1503 1509 1509 1509 1509 1516 1516 1516
    1529 1529 5374 5291 1655 1655 1647 1639 1632 1624 1609 1601 1586
    1557 1543 1536 1523 1509 1503 1489 1483 1477 1477 1483 1483 1483
    1489 1489 1489 1496 1503 1503 1509 1509 1509 1516 1516 1516 1529
    1529 5210 5210 1655 1655 1647 1639 1632 1624 1609 1601 1586 1557
    1543 1536 1523 1509 1503 1489 1483 1470 1470 1470 1477 1483 1489
    1489 1489 1496 1496 1503 1509 1509 1509 1516 1516 1516 1529 1529
    5210 5210 1655 1655 1655 1647 1632 1624 1609 1594 1586 1557 1543
    1536 1523 1509 1503 1489 1477 1470 1470 1470 1477 1483 1489 1489
    1489 1489 1496 1503 1509 1509 1509 1516 1516 1516 1516 1516 5374
    5374 1647 1647 1655 1647 1632 1624 1609 1594 1586 1557 1543 1536
    1523 1516 1503 1489 1477 1470 1470 1470 1477 1483 1483 1489 1489
    1489 1496 1496 1503 1509 1509 1509 1516 1516 1516 1516 5374 5374
    1647 1647 1655 1647 1632 1624 1609 1594 1564 1557 1543 1536 1529
    1516 1509 1489 1483 1477 1477 1477 1477 1483 1483 1489 1489 1489
    1496 1496 1503 1509 1509 1509 1516 1516 1516 1516 1516 5374 1647
    1647 1647 1639 1624 1616 1609 1594 1564 1557 1543 1536 1529 1516
    1509 1489 1489 1483 1477 1477 1477 1483 1483 1489 1489 1489 1496
    1496 1503 1503 1503 1509 1509 1516 1516 1516 1516 5291 1647 1647
    1647 1639 1624 1609 1609 1594 1564 1557 1543 1536 1529 1516 1509
    1496 1489 1483 1477 1477 1483 1483 1483 1489 1489 1489 1496 1496
    1503 1503 1503 1509 1509 1516 1516 1516 1516 5210 1655 1655 1647
    1647 1624 1609 1601 1594 1564 1557 1543 1536 1529 1516 1509 1496
    1489 1483 1477 1477 1477 1483 1483 1483 1483 1489 1489 1496 1503
    1503 1509 1509 1509 1516 1516 1523 1523 5210 1655 1655 1647 1647
    1632 1616 1601 1594 1564 1557 1543 1536 1529 1516 1503 1489 1483
    1483 1470 1470 1477 1483 1483 1483 1483 1489 1489 1496 1496 1503
    1509 1509 1509 1516 1516 1516 1516 5291 1671 1655 1647 1647 1632
    1616 1601 1594 1579 1564 1550 1536 1529 1516 1503 1489 1483 1483
    1470 1470 1477 1477 1483 1483 1483 1483 1489 1489 1496 1503 1509
    1509 1509 1516 1516 1516 1516 5291 1671 1655 1647 1639 1632 1616
    1601 1594 1579 1564 1543 1536 1529 1516 1503 1489 1483 1477 1464
    1464 1470 1477 1483 1483 1483 1483 1489 1489 1496 1503 1503 1503
    1509 1516 1516 1516 1516 5374 1671 1655 1647 1639 1632 1616 1609
    1594 1579 1564 1543 1536 1523 1516 1503 1496 1483 1477 1464 1464
    1470 1477 1477 1483 1483 1483 1489 1489 1496 1503 1503 1503 1509
    1509 1516 1516 1516 5291 1647 1647 1639 1632 1632 1616 1601 1594
    1579 1564 1543 1536 1523 1516 1503 1489 1483 1470 1464 1464 1470
    1470 1477 1483 1483 1483 1489 1489 1496 1503 1503 1503 1509 1509
    1516 1516 1516 5291 1647 1647 1639 1632 1632 1616 1601 1586 1579
    1564 1543 1536 1529 1516 1503 1489 1483 1464 1464 1464 1464 1470
    1477 1477 1483 1483 1489 1489 1489 1496 1496 1503 1509 1509 1516
    1516 1516 1516 1647 1647 1639 1632 1632 1616 1609 1586 1572 1564
    1543 1543 1529 1516 1496 1489 1483 1464 1464 1464 1464 1470 1477
    1477 1483 1483 1483 1489 1489 1496 1496 1503 1503 1503 1509 1509
    1509 1509 1647 1647 1639 1632 1632 1624 1609 1586 1572 1564 1543
    1536 1529 1516 1496 1489 1477 1464 1464 1464 1464 1464 1470 1477
    1477 1483 1483 1489 1489 1489 1496 1496 1503 1503 1503 1509 1509
    1509 1647 1647 1639 1632 1632 1624 1609 1586 1572 1564 1543 1536
    1523 1516 1496 1489 1470 1464 1464 1464 1464 1464 1470 1470 1477
    1483 1483 1483 1489 1489 1496 1496 1503 1503 1503 1503 1503 5460
    1655 1655 1632 1632 1624 1616 1609 1594 1572 1564 1550 1536 1516
    1509 1503 1489 1464 1464 1464 1464 1464 1464 1470 1470 1477 1477
    1483 1483 1489 1489 1489 1496 1496 1503 1503 1503 1503 5374 1632
    1632 1632 1632 1624 1616 1609 1594 1572 1564 1550 1529 1516 1509
    1503 1489 1464 1464 1464 1464 1464 1464 1464 1470 1470 1477 1483
    1483 1483 1489 1489 1489 1496 1503 1496 1496 1496 5291 1647 1632
    1632 1632 1624 1616 1601 1594 1564 1557 1550 1529 1516 1509 1503
    1489 1470 1464 1458 1458 1464 1464 1464 1470 1470 1477 1483 1483
    1483 1489 1489 1489 1489 1496 1496 1496 1496 1496 1647 1647 1639
    1632 1624 1616 1601 1586 1564 1557 1550 1529 1516 1509 1503 1489
    1470 1464 1458 1458 1458 1464 1464 1464 1470 1470 1477 1483 1483
    1489 1489 1489 1489 1496 1496 1496 1496 1496 0 1647 1639 1639 1624
    1616 1601 1579 1564 1557 1550 1536 1516 1509 1503 1483 1470 1464
    1458 1458 1458 1464 1464 1464 1470 1470 1477 1483 1483 1489 1489
    1489 1489 1496 1496 1496 1503 1503 1647 1647 1639 1639 1624 1616
    1601 1579 1564 1557 1550 1536 1516 1509 1503 1483 1470 1464 1458
    1458 1458 1464 1464 1470 1470 1470 1470 1477 1483 1483 1489 1489
    1489 1496 1496 1496 1509 1509 1647 1647 1639 1639 1624 1616 1601
    1579 1564 1557 1550 1536 1516 1509 1503 1483 1470 1458 1458 1458
    1458 1458 1464 1464 1464 1470 1470 1477 1483 1483 1489 1489 1489
    1496 1496 1503 1509 1509 1647 1647 1639 1639 1624 1616 1594 1572
    1564 1564 1550 1536 1516 1509 1496 1483 1470 1458 1458 1458 1458
    1458 1464 1464 1464 1470 1470 1477 1483 1483 1489 1489 1489 1496
    1496 1503 1509 1509 0 1647 1639 1639 1632 1616 1594 1572 1564 1564
    1550 1529 1516 1509 1496 1483 1464 1458 1452 1452 1458 1458 1458
    1464 1464 1470 1470 1470 1477 1483 1483 1483 1489 1489 1496 1496
    1503 1509 0 1647 1639 1639 1632 1616 1594 1572 1564 1564 1550 1529
    1516 1503 1489 1483 1464 1458 1452 1452 1458 1458 1458 1464 1464
    1470 1470 1470 1477 1477 1477 1483 1489 1489 1496 1496 1496 1496 0
    1639 1639 1639 1632 1616 1594 1579 1572 1564 1543 1529 1516 1503
    1489 1483 1470 1458 1452 1452 1458 1458 1458 1464 1464 1464 1470
    1470 1477 1477 1477 1483 1489 1489 1489 1496 1496 1496 0 1639 1639
    1632 1632 1616 1586 1579 1564 1550 1536 1529 1516 1503 1489 1477
    1464 1458 1458 1458 1458 1458 1458 1464 1464 1464 1470 1470 1477
    1477 1477 1483 1483 1489 1489 1489 1489 5210 0 1647 1647 1632 1624
    1609 1586 1579 1564 1543 1536 1529 1516 1509 1489 1477 1464 1464
    1458 1452 1452 1458 1458 1458 1464 1464 1464 1470 1477 1477 1483
