<?xml version="1.0"?>
<opencv_storage>
<Depth13984 type_id="opencv-matrix">
  <rows>25</rows>
  <cols>49</cols>
  <dt>w</dt>
  <data>
    3774 3774 3774 3774 3774 3774 3774 3774 3732 3732 3732 3732 3774
    3732 3732 3692 3692 3692 3653 3653 3653 3692 3692 3653 3614 3614
    3576 3539 3269 3238 3238 3208 3208 3208 3208 3208 2680 2680 2680
    2659 2639 2639 2618 2618 2598 2579 2579 2560 2560 3774 3774 3774
    3774 3774 3732 3732 3732 3774 3774 3732 3732 3732 3732 3692 3653
    3653 3653 3614 3614 3653 3653 3653 3653 3576 3576 3539 3300 3269
    3238 3208 3208 3208 3208 3208 2680 2680 2659 2659 2639 2639 2618
    2598 2598 2579 2579 2560 2560 2560 3774 3774 3774 3774 3774 3732
    3732 3732 3732 3732 3732 3732 3653 3653 3653 3653 3653 3614 3614
    3614 3614 3614 3614 3576 3576 3576 3433 3269 3269 3238 3208 3208
    3208 3208 2618 2618 2639 2639 2639 2618 2618 2579 2560 2560 2560
    2560 2560 2560 2560 3732 3732 3732 3732 3732 3692 3692 3653 3653
    3692 3614 3614 3614 3614 3614 3614 3614 3614 3614 3576 3576 3576
    3576 3576 3576 3539 3300 3238 2618 2618 2618 2618 2618 2618 2618
    2618 2618 2618 2618 2598 2598 2579 2560 2560 2560 2560 2560 2560
    2560 3732 3732 3732 3732 3732 3692 3692 3653 3653 3653 3614 3614
    3614 3614 3614 3614 3614 3614 3576 3576 3539 3539 3503 3503 3539
    2659 2659 2639 2618 2618 2618 2618 2618 2618 2618 2618 2598 2598
    2598 2598 2598 2579 2560 2560 2560 2560 2560 2560 2560 3732 3732
    3732 3692 3653 3653 3653 3653 3653 3653 3614 3614 3614 3614 3614
    3576 3576 3576 3576 3576 3539 3503 3468 3468 3468 2659 2639 2639
    2639 2639 2618 2618 2618 2618 2618 2618 2598 2598 2598 2598 2598
    2598 2560 2560 2560 2560 2579 2560 2560 3732 3732 3732 3692 3653
    3614 3614 3614 3614 3614 3614 3614 3614 3614 3614 3576 3576 3576
    3576 2701 2701 2701 2680 2680 2639 2618 2618 2618 2618 2618 2618
    2618 2618 2618 2618 2618 2598 2598 2598 2598 2598 2579 2560 2560
    2579 2579 2579 2560 2560 3732 3732 3732 3732 3653 3614 3614 3614
    3614 3614 3614 3614 3614 2723 2723 2701 2701 2701 2701 2701 2701
    2680 2639 2618 2598 2598 2598 2598 2598 2618 2618 2618 2618 2618
    2618 2618 2598 2598 2598 2579 2579 2579 2560 2560 2579 2579 2579
    2560 2560 3732 3732 3732 3732 3653 2767 2767 2767 2767 3614 2789
    2789 2767 2680 2680 2680 2680 2680 2659 2618 2618 2618 2618 2618
    2598 2598 2598 2598 2598 2618 2618 2618 2618 2618 2618 2618 2598
    2598 2598 2579 2579 2579 2560 2560 2579 2579 2579 2560 2560 3732
    3732 3732 2723 2723 2744 2744 2744 2744 2723 2659 2639 2639 2659
    2659 2659 2639 2639 2639 2618 2618 2618 2618 2618 2598 2598 2598
    2598 2598 2618 2618 2618 2618 2618 2618 2618 2598 2598 2598 2598
    2579 2579 2579 2579 2579 2579 2579 2560 2560 3732 3732 3774 2723
    2723 2701 2701 2680 2659 2639 2639 2618 2618 2618 2618 2618 2639
    2639 2639 2618 2618 2618 2618 2618 2618 2618 2618 2598 2598 2618
    2618 2618 2618 2618 2618 2618 2598 2598 2598 2598 2579 2579 2598
    2598 2598 2579 2579 2579 2579 3774 2723 2680 2680 2701 2701 2680
    2659 2639 2639 2639 2618 2618 2618 2618 2618 2639 2639 2639 2618
    2618 2598 2598 2618 2618 2618 2618 2618 2618 2618 2618 2618 2618
    2618 2598 2598 2598 2598 2598 2579 2579 2598 2598 2598 2598 2579
    2579 2579 2560 2701 2701 2680 2680 2701 2680 2680 2659 2639 2639
    2639 2618 2618 2618 2618 2639 2639 2639 2639 2618 2618 2598 2598
    2618 2618 2618 2618 2618 2618 2618 2618 2618 2618 2618 2598 2598
    2598 2598 2598 2579 2579 2598 2598 2598 2598 2598 2598 2579 2560
    2680 2680 2680 2680 2680 2680 2659 2659 2639 2639 2639 2639 2639
    2639 2639 2639 2639 2639 2659 2618 2618 2618 2618 2618 2618 2618
    2618 2618 2618 2618 2618 2618 2598 2598 2598 2598 2598 2598 2598
    2598 2598 2598 2579 2579 2598 2598 2579 2579 2560 2680 2680 2680
    2680 2680 2680 2659 2659 2659 2659 2659 2659 2659 2659 2659 2659
    2659 2659 2639 2618 2618 2618 2618 2618 2618 2618 2618 2618 2618
    2618 2618 2618 2598 2598 2598 2598 2598 2598 2618 2598 2598 2598
    2579 2579 2579 2579 2579 2560 2541 2680 2680 2680 2659 2659 2680
    2680 2680 2680 2680 2680 2659 2659 2659 2659 2659 2659 2659 2639
    2618 2618 2618 2618 2618 2618 2618 2618 2618 2618 2618 2618 2618
    2618 2618 2618 2618 2618 2618 2618 2618 2618 2598 2579 2579 2579
    2579 2560 2541 2522 2680 2680 2680 2659 2659 2659 2680 2680 2680
    2659 2659 2659 2659 2659 2659 2659 2659 2659 2639 2639 2639 2618
    2618 2618 2598 2598 2598 2598 2618 2618 2618 2618 2618 2618 2618
    2618 2618 2618 2618 2598 2598 2598 2579 2579 2579 2579 2560 2541
    2522 2680 2680 2680 2659 2659 2659 2680 2680 2680 2659 2659 2659
    2659 2659 2659 2639 2639 2639 2639 2639 2639 2618 2618 2618 2598
    2598 2598 2598 2598 2598 2618 2579 2579 2639 2639 2639 2618 2618
    2618 2598 2598 2598 2579 2579 0 2618 2618 2618 2541 2680 2680 2680
    2680 2680 2680 2680 2680 2680 2659 2659 2659 2639 2639 2639 2639
    2618 2618 2618 2639 2639 2639 2618 2618 2598 2598 2598 2598 2598
    2598 2598 2560 2560 2639 2639 2659 2680 0 0 0 2598 2598 0 0 0 0 0 0
    2598 2680 2701 2701 2701 2680 2680 2680 2680 2659 2659 2659 2659
    2639 2639 2618 2618 2618 2598 2598 2618 2659 2659 2639 2618 2598
    2598 2598 2598 2598 2541 2522 2522 2541 2560 2639 0 0 0 0 0 0 0 0 0
    0 0 0 0 2639 2701 2701 2680 2680 2680 2680 2680 2680 2659 2659 2639
    2639 2618 2618 2618 2618 2618 2598 2598 2618 2618 2680 2639 2618
    2618 2618 2639 2639 2598 2541 2522 2522 2541 2560 2639 0 0 0 0 0 0 0
    0 0 0 0 0 0 0 2701 2701 2680 2680 2680 2680 2680 2618 2618 2618 2579
    2579 2598 2598 2618 2618 2618 2618 2618 2618 2680 2680 2618 2618
    2618 2639 0 0 0 0 2522 2522 0 0 0 0 0 0 0 0 0 0 0 0 0 0 0 0 0 2701
    2680 2680 2639 2639 2659 2659 2618 2618 2618 2579 2579 2598 2598
    2639 2618 2618 2618 2618 2618 0 0 2618 2618 2618 0 0 0 0 0 0 0 0 0 0
    0 0 0 0 0 0 0 0 0 0 0 0 0 0 2103 2680 2639 2639 2639 2639 2659 2618
    2618 2618 2579 2579 2598 0 0 0 0 2618 2618 2618 0 0 2618 2618 2618 0
    0 0 0 0 0 0 0 0 0 0 0 0 0 0 0 0 0 0 0 0 0 0 0 2103 2103 2639 2618
    2618 2618 0 0 0 0 0 2618 2618 0 0 0 0 0 0 0 0 0 0 0 0 0 0 0 0 0 0 0
    0 0 0 0 0 0 0 0 0 0 0 0 0 0 0 0 0</data></Depth13984>
</opencv_storage>
