<?xml version="1.0"?>
<opencv_storage>
<Depth0973 type_id="opencv-matrix">
  <rows>37</rows>
  <cols>55</cols>
  <dt>w</dt>
  <data>
    3692 3653 3653 3653 1883 1873 1873 1873 1873 1873 1863 1863 1863
    1863 1863 1863 1873 1883 1873 1863 1863 1853 1853 1853 1853 1853
    1853 1843 1843 3653 3653 3653 3653 3653 3653 3692 3692 3692 3692
    3692 3732 3732 3774 3774 3774 3774 3774 3732 3732 3774 3732 3692
    3692 4405 4349 3692 3692 3692 1883 1883 1873 1873 1873 1873 1883
    1873 1873 1863 1863 1863 1863 1863 1873 1873 1863 1863 1853 1853
    1853 1853 1853 1853 1843 1843 1853 1853 1853 1863 3653 3653 3692
    3692 3692 3692 1833 1833 3732 3774 3774 3774 3774 3774 3774 3774
    3774 3732 3692 3692 3692 3692 3692 3692 3692 1883 1873 1873 1873
    1873 1873 1873 1873 1873 1863 1863 1863 1863 1863 1873 1873 1863
    1863 1853 1853 1853 1853 1853 1853 1853 1853 1853 1853 1853 1853
    1853 1853 1853 1853 1853 1853 1833 1833 1853 1853 1853 1853 1853
    1853 3774 3774 3774 3732 3732 3732 3692 3692 3732 3732 1883 1883
    1873 1873 1873 1863 1863 1863 1863 1863 1863 1863 1853 1853 1863
    1863 1863 1863 1863 1853 1853 1853 1853 1853 1853 1853 1853 1853
    1853 1853 1853 1853 1853 1853 1853 1853 1853 1853 1853 1853 1853
    1853 1853 1853 1853 1853 1853 1853 1853 1853 1853 1853 1853 3732
    3732 1873 1873 1873 1873 1873 1863 1863 1863 1863 1863 1863 1863
    1853 1853 1853 1853 1853 1853 1853 1853 1853 1843 1843 1853 1853
    1853 1853 1853 1853 1853 1853 1853 1853 1853 1853 1853 1853 1853
    1853 1853 1853 1853 1853 1853 1853 1853 1853 1843 1843 1853 1853
    1843 1843 3774 3774 1873 1873 1873 1863 1863 1863 1863 1873 1863
    1863 1863 1863 1863 1863 1853 1853 1853 1853 1853 1853 1853 1843
    1843 1853 1853 1853 1853 1853 1853 1853 1853 1853 1853 1853 1853
    1853 1853 1853 1853 1853 1853 1853 1853 1853 1853 1853 1853 1843
    1843 1843 1853 1843 1843 3774 3774 1873 1873 1873 1863 1863 1863
    1863 1873 1873 1873 1863 1863 1863 1863 1853 1853 1853 1853 1853
    1853 1853 1843 1843 1853 1853 1853 1853 1853 1853 1853 1853 1853
    1853 1853 1853 1853 1853 1853 1853 1853 1853 1853 1853 1853 1853
    1853 1853 1843 1843 1843 1843 1843 1843 3774 3774 1883 1883 1873
    1863 1863 1863 1863 1863 1863 1863 1863 1863 1863 1853 1853 1853
    1853 1853 1853 1853 1853 1853 1853 1853 1853 1853 1853 1853 1853
    1853 1853 1853 1853 1853 1853 1853 1853 1853 1853 1853 1853 1853
    1853 1853 1853 1843 1843 1843 1843 1843 1843 1843 1843 3774 3774
    1883 1883 1873 1863 1863 1863 1863 1863 1863 1863 1863 1863 1863
    1853 1853 1853 1853 1853 1853 1853 1853 1853 1853 1853 1853 1853
    1853 1853 1853 1853 1853 1853 1853 1853 1853 1853 1843 1843 1853
    1853 1843 1843 1843 1853 1853 1843 1843 1843 1843 1843 1843 1843
    1843 3816 3816 1883 1883 1873 1863 1863 1863 1853 1853 1863 1863
    1863 1863 1853 1853 1853 1853 1853 1853 1853 1853 1853 1853 1853
    1853 1853 1853 1853 1853 1853 1853 1853 1853 1853 1853 1853 1853
    1843 1843 1853 1853 1843 1843 1843 1843 1843 1843 1843 1843 1843
    1843 1843 1843 1843 3816 3816 1883 1883 1873 1873 1863 1863 1853
    1853 1863 1863 1863 1853 1853 1853 1853 1863 1853 1853 1853 1853
    1853 1853 1853 1853 1853 1853 1853 1853 1853 1853 1853 1853 1853
    1853 1853 1853 1843 1843 1853 1853 1843 1843 1843 1843 1843 1843
    1843 1843 1843 1843 1843 1843 1843 3859 1904 1883 1883 1873 1873
    1863 1863 1853 1853 1863 1863 1863 1853 1853 1853 1853 1853 1853
    1853 1853 1853 1853 1853 1853 1853 1853 1853 1853 1853 1853 1853
    1853 1853 1853 1853 1853 1853 1843 1843 1853 1853 1843 1843 1843
    1843 1843 1843 1843 1843 1843 1843 1843 1843 1843 3859 1894 1883
    1873 1863 1863 1863 1863 1863 1863 1863 1863 1863 1853 1853 1853
    1853 1853 1853 1853 1853 1853 1853 1853 1853 1843 1843 1843 1843
    1843 1853 1853 1853 1853 1853 1853 1853 1853 1843 1843 1853 1853
    1853 1843 1843 1843 1843 1843 1843 1843 1843 1843 1843 1843 1843
    3859 1883 1873 1863 1863 1853 1853 1863 1863 1863 1863 1863 1853
    1853 1853 1853 1853 1853 1853 1853 1853 1853 1853 1853 1853 1843
    1843 1843 1843 1843 1853 1853 1853 1853 1853 1853 1853 1853 1843
    1843 1853 1853 1853 1843 1843 1843 1843 1843 1843 1843 1843 1843
    1843 1843 1843 4241 1873 1873 1863 1863 1853 1853 1863 1863 1863
    1863 1853 1853 1853 1853 1853 1853 1853 1853 1853 1853 1853 1853
    1853 1853 1843 1843 1843 1843 1843 1853 1853 1853 1853 1853 1853
    1853 1853 1843 1843 1843 1843 1843 1843 1843 1843 1843 1843 1843
    1843 1843 1843 1843 1843 0 4241 1863 1863 1853 1853 1853 1853 1853
    1853 1853 1853 1853 1853 1853 1853 1853 1853 1853 1853 1853 1853
    1853 1853 1853 1853 1843 1843 1843 1843 1843 1853 1853 1853 1853
    1853 1853 1853 1853 1843 1843 1843 1843 1843 1843 1843 1843 1843
    1843 1843 1843 1843 1843 1843 1843 0 4349 1853 1853 1853 1853 1853
    1853 1853 1853 1853 1853 1853 1853 1853 1853 1853 1853 1853 1853
    1853 1853 1853 1853 1853 1853 1853 1843 1843 1843 1843 1843 1853
    1853 1853 1853 1853 1853 1853 1843 1843 1843 1843 1843 1853 1853
    1853 1843 1843 1843 1843 1843 1843 1833 1833 0 4405 1853 1853 1853
    1853 1853 1853 1863 1853 1853 1853 1853 1853 1853 1853 1853 1853
    1853 1853 1853 1853 1853 1853 1853 1853 1853 1843 1843 1843 1843
    1843 1853 1853 1853 1853 1853 1853 1853 1843 1843 1843 1843 1843
    1843 1853 1853 1843 1843 1843 1843 1843 1843 1833 1833 1833 4405
    1863 1853 1853 1853 1853 1853 1853 1853 1853 1853 1853 1853 1853
    1853 1853 1853 1853 1853 1853 1853 1853 1853 1853 1853 1853 1843
    1843 1843 1843 1843 1853 1853 1853 1853 1853 1843 1843 1843 1843
    1843 1843 1843 1843 1853 1853 1843 1843 1843 1843 1843 1833 1833
    1823 1823 1894 1863 1853 1853 1853 1853 1853 1853 1853 1853 1853
    1853 1853 1853 1853 1853 1853 1853 1853 1853 1853 1853 1853 1853
    1853 1853 1853 1853 1853 1843 1843 1853 1853 1853 1853 1843 1843
    1843 1843 1843 1843 1843 1843 1843 1843 1843 1843 1843 1843 1843
    1843 1833 1823 1813 1813 1883 1873 1863 1863 1863 1863 1863 1863
    1853 1853 1853 1853 1853 1853 1853 1853 1853 1853 1853 1853 1853
    1853 1853 1853 1853 1853 1853 1853 1853 1853 1853 1853 1853 1853
    1853 1843 1843 1843 1843 1843 1843 1843 1843 1843 1843 1843 1843
    1843 1843 1843 1843 1833 1823 1813 1813 1883 1873 1863 1863 1863
    1873 1863 1863 1853 1853 1853 1853 1853 1853 1853 1853 1853 1853
    1853 1853 1853 1853 1853 1853 1853 1853 1853 1853 1853 1843 1843
    1853 1843 1843 1843 1843 1843 1843 1843 1843 1843 1843 1843 1843
    1843 1843 1843 1843 1843 1843 1843 1833 1823 1813 1813 1873 1873
    1863 1863 1863 1863 1863 1863 1853 1853 1863 1853 1853 1853 1853
    1853 1853 1853 1853 1853 1853 1853 1853 1853 1853 1853 1853 1853
    1853 1843 1843 1843 1843 1843 1843 1843 1843 1843 1843 1843 1843
    1843 1843 1843 1843 1843 1843 1843 1843 1843 1843 1833 1833 1813
    1813 1873 1873 1863 1853 1853 1863 1863 1863 1863 1863 1863 1853
    1853 1853 1853 1853 1853 1853 1853 1853 1853 1853 1843 1843 1843
    1843 1843 1843 1843 1843 1843 1843 1843 1843 1843 1843 1843 1843
    1843 1843 1843 1843 1843 1843 1843 1843 1843 1843 1843 1843 1843
    1843 1843 1813 1813 1873 1863 1853 1853 1853 1853 1853 1863 1863
    1853 1853 1853 1853 1853 1853 1853 1853 1853 1853 1853 1853 1853
    1843 1843 1843 1843 1843 1843 1843 1843 1843 1843 1843 1843 1843
    1843 1843 1843 1843 1843 1843 1843 1843 1843 1843 1843 1843 1843
    1843 1843 1843 1843 1843 1843 1853 1873 1863 1853 1853 1853 1853
    1853 1853 1853 1853 1853 1853 1853 1853 1853 1853 1853 1853 1853
    1853 1853 1853 1843 1843 1843 1843 1843 1843 1843 1843 1843 1843
    1843 1843 1843 1843 1843 1843 1843 1843 1843 1843 1843 1843 1843
    1843 1843 1843 1843 1843 1843 1843 1843 1843 1853 1873 1853 1853
    1853 1853 1853 1853 1853 1853 1853 1853 1853 1853 1853 1853 1853
    1853 1853 1853 1853 1853 1853 1843 1843 1843 1843 1843 1843 1843
    1843 1843 1843 1843 1843 1843 1843 1843 1843 1843 1843 1843 1843
