<?xml version="1.0"?>
<opencv_storage>
<Depth18235 type_id="opencv-matrix">
  <rows>59</rows>
  <cols>9</cols>
  <dt>w</dt>
  <data>
    1947 1959 1959 1959 1959 1970 1970 2958 2958 1947 1959 1959 1959
    1959 1970 1970 2908 2908 1947 1959 1959 1959 1959 2908 2908 2908
    2908 1947 1959 1959 1959 2908 2883 2883 2883 2908 1959 1959 1959
    1959 2883 2883 2859 2859 2859 1959 1959 1959 1959 2883 2883 2859
    2859 2859 1959 1959 1959 1959 2883 2883 2883 2883 2883 1959 1970
    1970 1970 2908 2883 2883 2883 2883 1970 1970 1970 1970 2908 2908
    2908 2908 2908 1970 1970 1970 1970 2933 2908 2908 2908 2908 1970
    1970 1959 1959 2933 2908 2908 2908 2908 1970 1970 1959 1959 2908
    2908 2908 2908 2908 1970 1970 1959 1959 2908 2908 2908 2908 2908
    1981 1981 1981 2933 2933 2933 2908 2908 2908 1981 1981 2958 2933
    2933 2933 2908 2908 2908 1981 1981 2933 2933 2933 2933 2908 2908
    2908 1993 1993 2933 2908 2908 2908 2908 2908 2908 1993 2933 2933
    2908 2908 2908 2908 2908 2908 2005 2933 2908 2908 2933 2933 2908
    2908 2908 2005 2933 2908 2908 2933 2933 2933 2933 2908 2005 2958
    2933 2933 2933 2933 2933 2933 2908 2005 2958 2933 2933 2958 2958
    2958 2908 2908 2005 2958 2933 2933 2958 2933 2933 2908 2908 2005
    2958 2933 2933 2958 2933 2933 2908 2908 2005 2958 2933 2933 2958
    2958 2933 2933 2908 2016 2958 2958 2958 2958 2958 2933 2933 2908
    2984 2958 2958 2958 2958 2958 2958 2933 2908 2958 2958 2958 2958
    2958 2933 2933 2933 2908 2933 2933 2933 2933 2908 2908 2933 2933
    2908 2908 2908 2908 2908 2908 2908 2908 2908 2908 2908 2908 2908
    2908 2908 2908 2908 2908 2908 2933 2933 2908 2908 2908 2908 2908
    2908 2908 2908 2908 2908 2908 2908 2908 2908 2908 2908 2908 2908
    2908 2908 2908 2908 2908 2908 2908 2908 2908 2908 2908 2908 2908
    2908 2908 2908 2933 2933 2908 2908 2908 2908 2908 2908 2908 2958
    2958 2933 2933 2933 2933 2933 2908 2908 2984 2984 2984 2984 2984
    2958 2933 2933 2958 2984 2984 3010 2984 2984 2958 2958 2958 2958
    3010 3010 3010 2984 2984 2984 2958 2958 2958 3010 3010 3010 2984
    2984 2984 2984 2984 2984 3037 3010 3010 2984 2984 2984 2958 2958
    2984 3037 3010 3010 2984 2984 2984 2958 2958 2984 3037 3037 3010
    2984 2984 2984 2958 2958 2984 3037 3037 3010 3010 2984 2958 2958
    2958 2958 3037 3010 3010 3010 2984 2958 2958 2958 2958 3037 3010
    3010 3010 2984 2958 2958 2958 2958 3010 3010 2984 2984 2958 2958
    2958 2958 2958 3010 3010 2984 2984 2958 2958 2958 2958 2958 3010
    2984 2984 2958 2958 2958 2958 2958 2958 2984 2984 2984 2958 2958
    2958 2958 2958 2958 2984 2958 2958 2958 2958 2958 2958 2984 2933
    2908 2908 2908 2933 2958 2958 2984 2984 2933 2883 2883 2883 2908
    2908 2908 2958 2958 2933 2859 2883 2883 2883 2883 2883 2883 2883
    2883 2859 2883 2883 2883 2883 2883 2883 2883 2859 2883 2859 2859
    2883 2883 2883 2883 2883 2859 2883 2859 2859 2883 2859 2859 2859
    2859 2859 2883 2859 2859 2859 2859 2859 2859 2859 2835</data></Depth18235>
</opencv_storage>
