<?xml version="1.0"?>
<opencv_storage>
<Depth11872 type_id="opencv-matrix">
  <rows>9</rows>
  <cols>10</cols>
  <dt>w</dt>
  <data>
    0 0 0 0 0 7178 7178 7332 7332 7332 0 0 0 0 7178 7030 7030 7178 7178
    7178 0 0 0 0 7178 7030 7030 7178 7178 7178 0 0 0 7332 7178 7030 7030
    7178 7332 7332 0 0 0 7332 7178 7178 7178 7178 7178 7178 0 0 0 7332
    7178 7178 7178 7178 7178 7835 0 7332 7332 7332 7332 7332 7332 7178
    7178 7835 7332 7332 7332 7332 7332 7332 7492 7492 7492 0 7178 7178
    7332 7332 7332 7332 7492 7660 0 0</data></Depth11872>
</opencv_storage>
