<?xml version="1.0"?>
<opencv_storage>
<Depth2810 type_id="opencv-matrix">
  <rows>57</rows>
  <cols>42</cols>
  <dt>w</dt>
  <data>
    4645 4645 4708 4774 4842 4842 4842 4842 4842 4842 4842 5132 4911
    1970 1904 1894 1894 1894 5132 5056 4983 4911 4911 4983 4911 4911
    4842 4774 4774 4842 4842 4842 4842 4842 4708 4708 4645 4645 4645
    4645 4645 4645 4645 4645 4708 4774 4842 4842 4911 4842 4842 4842
    4842 5132 4911 4911 1894 1894 1894 1894 1894 1959 1959 1959 1959
    1970 1970 1981 1993 2016 2053 2053 4708 4911 4842 4842 4708 4708
    4645 4645 4645 4645 4645 4645 4708 4708 4774 4842 4842 4911 4842
    4842 4842 4842 4842 1843 1833 1833 1853 1873 1883 1894 1894 1904
    1904 1926 1936 1936 1947 1981 1993 2005 2016 2053 2053 2053 2053
    4842 4774 4708 4645 4645 4645 4645 4645 4582 4645 4645 4708 4774
    4774 4911 4842 4842 1843 1843 1843 1843 1833 1833 1843 1853 1873
    1883 1894 1894 1904 1915 1926 1936 1947 1970 1993 2005 2016 2053
    2053 2053 2053 2053 4774 4774 4708 4708 4645 4645 4645 4582 4645
    4645 4708 4774 4774 4842 4842 1843 1843 1843 1843 1833 1833 1833
    1843 1843 1853 1873 1883 1894 1894 1915 1915 1926 1936 1970 1981
    1993 1993 2005 2016 2028 2028 2028 4774 4708 4708 4708 4708 4645
    4645 4582 4645 4582 1843 1843 1843 1843 1843 1843 1843 1843 1833
    1833 1833 1833 1833 1843 1853 1873 1883 1883 1894 1904 1915 1926
    1926 1959 1970 1993 1993 2005 2016 2016 2016 2016 4774 4708 4708
    4708 4708 4645 4645 4645 4582 1853 1843 1843 1843 1843 1843 1843
    1843 1833 1833 1823 1823 1833 1833 1843 1863 1873 1883 1883 1894
    1904 1915 1926 1926 1947 1970 1993 2005 2005 2005 2016 2016 2016
    4774 4774 4708 4645 4645 4645 4645 4645 1873 1853 1843 1843 1843
    1843 1843 1843 1833 1833 1823 1813 1813 1823 1833 1843 1853 1873
    1883 1883 1894 1915 1915 1926 1926 1936 1959 1993 2005 2005 2005
    2005 2016 2016 4774 4774 4708 4645 4645 4645 4645 4645 1873 1853
    1843 1843 1843 1843 1843 1843 1833 1823 1823 1813 1813 1823 1833
    1843 1853 1863 1873 1883 1894 1915 1915 1926 1926 1936 1959 1959
    2005 2016 2005 2005 2016 2016 4842 4774 4708 4645 4645 4645 4645
    4645 1873 1853 1853 1843 1843 1843 1843 1843 1833 1823 1823 1813
    1813 1813 1823 1833 1843 1853 1863 1873 1883 1904 1915 1926 1936
    1936 1959 1959 1993 2005 2016 2016 2016 2016 4842 4774 4774 4645
    4645 4645 4645 4645 1863 1853 1853 1843 1843 1843 1843 1843 1833
    1833 1823 1813 1813 1813 1813 1833 1843 1843 1853 1873 1883 1904
    1915 1926 1936 1936 1959 1959 1970 2005 2005 2005 2016 2028 4842
    4774 4774 4645 4645 4645 4645 4645 1863 1853 1853 1843 1843 1843
    1843 1833 1833 1833 1823 1813 1813 1813 1813 1823 1843 1843 1853
    1863 1883 1894 1904 1926 1936 1936 1947 1959 1970 1993 1993 2005
    2016 2028 4774 4774 4774 4708 4645 4645 4645 4645 1863 1853 1853
    1853 1843 1843 1833 1833 1833 1833 1823 1823 1813 1813 1813 1823
    1843 1843 1853 1863 1873 1883 1883 1915 1926 1936 1947 1959 1970
    1993 1993 2005 2016 2016 4774 4774 4774 4708 4708 4645 4645 4645
    1873 1863 1863 1853 1843 1843 1833 1833 1833 1833 1823 1823 1823
    1813 1813 1823 1833 1843 1853 1863 1873 1883 1883 1894 1915 1936
    1936 1959 1970 1981 1993 1993 2005 2016 2016 4774 4774 4708 4708
    4645 4645 4645 4582 1863 1863 1843 1833 1833 1833 1833 1833 1833
    1823 1823 1823 1813 1813 1823 1833 1843 1853 1853 1863 1883 1883
    1894 1915 1926 1936 1959 1970 1981 1993 1993 2005 2005 2005 4774
    4774 4774 4708 4708 4645 4645 4463 1863 1853 1843 1833 1833 1833
    1833 1833 1833 1823 1823 1813 1813 1823 1823 1833 1833 1843 1853
    1863 1873 1883 1894 1904 1926 1926 1947 1959 1981 1981 1993 1993
    2005 2005 4774 4774 4774 4708 4708 4645 4645 4463 1853 1853 1843
    1843 1843 1833 1833 1833 1833 1823 1823 1813 1813 1813 1813 1813
    1823 1833 1843 1853 1873 1883 1883 1904 1915 1926 1936 1959 1970
    1981 1993 1993 2016 2016 4774 4774 4774 4708 4708 4645 4645 4463
    4463 1873 1873 1843 1843 1833 1833 1833 1833 1823 1823 1823 1813
    1813 1813 1813 1823 1833 1843 1843 1863 1873 1873 1883 1915 1915
    1926 1959 1970 1981 1993 1993 2005 2016 2016 4774 4708 4708 4708
    4645 4645 4463 0 1873 1873 1843 1833 1833 1833 1833 1833 1823 1823
    1823 1813 1813 1813 1813 1813 1833 1833 1843 1853 1863 1873 1883
    1915 1915 1926 1936 1959 1970 1981 1993 2005 2016 2016 4708 4708
    4708 4708 4645 4645 4463 0 1853 1853 1843 1833 1833 1833 1833 1823
    1823 1823 1823 1813 1813 1813 1813 1813 1833 1833 1833 1843 1853
    1873 1873 1904 1915 1915 1936 1947 1970 1981 1993 2005 2016 2016
    4708 4645 4645 4645 4645 4645 4522 4463 1853 1853 1843 1843 1833
    1833 1833 1823 1823 1823 1823 1813 1813 1813 1813 1823 1833 1833
    1833 1843 1843 1863 1873 1883 1915 1915 1926 1947 1959 1981 1993
    2005 2005 2016 2016 4645 4645 4645 4645 4645 4463 4463 1853 1853
    1853 1843 1843 1833 1833 1833 1833 1823 1823 1813 1813 1813 1813
    1813 1823 1833 1833 1843 1843 1863 1863 1883 1915 1915 1926 1936
    1959 1959 1993 2005 2005 2016 2016 4645 4645 4645 4645 4645 4463
    4463 1853 1853 1853 1843 1843 1843 1833 1833 1833 1833 1823 1823
    1813 1813 1813 1813 1823 1833 1833 1843 1843 1863 1863 1873 1883
    1915 1926 1936 1947 1959 1981 1993 2005 2016 2016 2016 4645 4645
    4645 4645 4405 4405 4405 1853 1853 1843 1843 1843 1833 1833 1833
    1823 1823 1823 1813 1804 1804 1804 1813 1823 1833 1843 1843 1863
    1863 1863 1873 1915 1926 1926 1947 1959 1970 1993 2005 2005 2005
    2005 4645 4645 4645 4645 4405 4405 4405 1843 1843 1843 1843 1843
    1833 1833 1823 1823 1823 1813 1813 1804 1804 1804 1804 1813 1823
    1833 1853 1863 1863 1863 1873 1904 1915 1926 1947 1947 1970 1970
    1993 1993 1993 1993 4645 4645 4645 4645 4522 4522 4522 1843 1843
    1843 1843 1833 1833 1833 1823 1823 1813 1813 1804 1804 1804 1804
    1804 1804 1813 1833 1843 1863 1863 1863 1873 1904 1904 1915 1926
    1947 1959 1970 1981 1993 1993 1993 4708 4708 4645 4645 4582 4582
    4582 1853 1833 1833 1833 1833 1833 1833 1823 1823 1813 1804 1804
    1804 1804 1804 1804 1804 1813 1823 1843 1853 1863 1863 1873 1894
    1904 1915 1926 1947 1959 1959 1970 1993 1993 1993 4708 4708 4708
    4645 4522 4582 4582 1833 1833 1833 1833 1833 1833 1833 1823 1813
    1813 1804 1804 1804 1794 1794 1804 1804 1813 1813 1833 1843 1863
    1863 1873 1883 1915 1915 1926 1936 1947 1959 1970 1981 1993 1993
    1993 4774 4708 4645 4522 4522 4522 1833 1833 1833 1833 1833 1833
    1833 1823 1813 1813 1804 1804 1804 1794 1794 1794 1794 1804 1813
    1833 1843 1853 1863 1873 1873 1894 1915 1915 1926 1936 1959 1970
    1981 1993 1993 1993 4774 4708 4645 4405 4405 4582 4582 1833 1833
    1833 1833 1833 1823 1823 1813 1813 1804 1804 1804 1794 1794 1794
    1794 1804 1823 1833 1843 1853 1863 1873 1873 1894 1904 1915 1926
    1936 1959 1970 1970 1981 1993 2005 4774 4708 4645 4405 4405 4405
    4405 1843 1833 1833 1833 1833 1823 1823 1813 1813 1804 1804 1804
    1794 1794 1794 1794 1804 1823 1833 1843 1843 1853 1873 1873 1883
    1904 1915 1926 1926 1947 1959 1970 1981 1981 2005 2005 4645 4645
    4405 4405 4405 4405 1843 1833 1823 1823 1823 1823 1823 1823 1813
    1804 1804 1804 1794 1794 1794 1794 1804 1813 1823 1833 1833 1843
    1863 1873 1883 1894 1915 1915 1926 1936 1959 1970 1981 1981 1993
    1993 4645 4645 4405 4405 4405 4405 4405 1833 1823 1823 1823 1823
    1823 1823 1823 1813 1804 1804 1804 1794 1794 1794 1804 1813 1823
    1833 1833 1843 1863 1863 1883 1883 1904 1915 1915 1926 1959 1970
    1970 1981 1993 1993 4582 4582 4405 4405 4463 4463 1843 1833 1833
    1833 1823 1823 1823 1813 1813 1813 1804 1804 1804 1794 1794 1804
    1804 1813 1823 1833 1833 1843 1853 1863 1873 1883 1894 1904 1915
    1926 1947 1959 1970 1970 1981 1993 4582 4582 4405 4405 4463 4463
    1843 1833 1833 1833 1823 1813 1813 1813 1804 1804 1804 1804 1804
    1804 1804 1794 1794 1804 1823 1833 1833 1843 1853 1863 1873 1873
    1883 1894 1904 1926 1947 1959 1970 1970 1981 1981 1981 4645 4405
