<?xml version="1.0"?>
<opencv_storage>
<Depth14668 type_id="opencv-matrix">
  <rows>129</rows>
  <cols>85</cols>
  <dt>w</dt>
  <data>
    4295 4295 4295 4295 4295 4295 4241 4241 4241 4295 4241 4241 4295 854
    854 854 831 831 829 821 821 805 803 800 800 4089 4089 4089 4089 4089
    778 776 771 766 764 762 762 757 754 754 750 746 742 742 739 739 739
    741 741 733 733 730 727 717 714 711 710 708 708 708 713 3576 3539
    3539 3539 3774 706 706 713 3774 3653 3576 3576 3614 3732 3732 734
    734 739 0 0 0 754 0 0 4241 4295 880 880 875 875 875 4190 4190 4295
    4295 4295 849 845 839 837 831 829 823 817 815 803 802 800 796 794
    792 789 785 781 778 776 771 766 764 762 759 757 754 754 750 746 742
    741 739 738 736 734 731 728 728 727 722 716 713 711 708 707 706 704
    704 704 704 708 708 708 706 706 713 717 719 720 722 725 733 733 734
    734 739 747 747 754 754 754 0 4190 4241 878 878 871 871 862 860 860
    856 851 845 843 841 837 835 831 829 823 817 815 803 802 800 796 794
    792 789 785 781 778 776 771 767 764 762 759 757 755 754 750 746 744
    741 739 736 734 731 730 727 727 725 720 716 713 711 708 706 706 704
    704 704 704 707 708 708 708 708 716 717 719 720 722 725 733 733 734
    738 739 747 747 749 752 754 0 4190 882 878 875 869 867 862 860 856
    854 851 843 841 839 835 831 829 825 821 817 815 803 802 800 796 794
    792 789 787 783 778 776 771 769 766 762 761 759 757 754 750 749 744
    741 739 736 734 731 730 727 727 723 720 716 713 711 708 706 706 704
    704 704 706 707 707 708 710 710 716 717 720 722 723 725 730 733 734
    738 739 747 747 749 750 750 0 0 882 878 873 869 864 860 858 856 854
    849 843 839 837 835 831 829 825 819 817 813 803 802 800 796 794 792
    790 787 785 780 776 771 769 767 764 761 759 757 754 750 749 744 741
    739 736 733 731 730 727 725 722 719 716 713 710 708 706 706 704 703
    701 701 704 706 707 711 711 716 717 720 722 725 727 730 733 734 738
    739 749 749 749 750 750 0 887 882 878 873 867 862 860 858 856 854
    847 843 839 837 833 831 827 823 819 817 813 803 802 800 796 794 792
    790 787 783 781 778 771 769 767 764 762 759 757 754 752 750 744 741
    739 736 733 731 730 727 725 722 719 716 713 710 707 706 706 703 701
    698 698 704 706 707 711 713 714 716 719 722 725 727 730 733 738 738
    741 749 749 749 750 752 0 887 882 880 873 867 862 860 858 854 854
    847 843 841 837 833 831 827 823 819 815 813 805 802 800 798 794 792
    790 787 783 781 776 773 771 767 764 762 759 757 755 752 746 744 742
    739 738 733 731 728 725 725 722 720 714 711 708 707 706 706 703 700
    698 698 704 706 708 711 713 713 714 719 723 725 727 731 733 736 738
    744 749 749 749 752 0 0 0 882 878 878 864 862 860 858 854 854 847
    843 841 839 835 831 827 823 819 815 813 805 803 800 798 796 792 790
    787 785 781 776 773 771 767 764 762 759 757 755 752 746 744 742 739
    738 734 731 728 725 725 722 720 714 711 708 707 707 704 703 700 698
    698 704 706 708 711 713 713 714 717 722 725 731 731 733 736 738 742
    747 747 750 754 0 0 0 0 878 871 864 862 860 860 856 854 847 843 839
    837 835 831 827 823 819 817 813 807 805 802 798 796 792 790 787 785
    781 774 773 771 767 764 764 761 757 755 752 746 744 742 739 736 734
    731 728 725 725 723 720 714 711 708 707 707 704 703 700 700 700 704
    706 708 711 713 713 714 717 722 725 731 731 733 734 738 742 746 747
    750 752 0 0 0 878 873 871 864 862 862 860 856 854 847 845 839 837
    835 831 829 825 821 817 813 807 805 802 800 796 792 790 787 785 781
    774 771 769 767 764 764 761 757 755 754 746 744 742 739 736 733 731
    728 725 725 723 720 714 711 710 707 706 704 703 701 701 703 706 706
    707 711 714 714 716 717 722 725 731 731 733 734 738 744 744 750 750
    750 0 0 0 878 873 871 864 862 862 860 858 854 847 845 839 837 833
    831 829 825 821 817 813 807 805 802 800 796 792 790 787 785 781 774
    771 769 769 766 762 761 757 755 752 746 744 742 739 736 733 731 728
    727 725 723 717 714 711 710 707 704 703 703 703 703 704 706 706 707
    710 714 714 716 719 722 725 730 731 733 736 738 744 744 749 749 750
    752 0 0 885 878 871 867 864 862 860 858 851 847 845 839 837 833 831
    829 825 821 819 815 807 805 802 800 796 792 790 787 785 780 774 771
    771 769 766 762 761 757 755 752 750 744 742 739 736 733 731 730 727
    725 722 717 714 713 711 707 704 703 703 703 703 704 706 707 707 710
    714 716 717 719 722 725 730 731 733 736 738 744 746 749 749 750 752
    0 0 882 880 873 869 864 862 860 858 851 847 845 839 837 833 831 827
    825 821 821 815 807 805 802 800 796 792 790 787 785 780 776 771 771
    769 766 762 761 757 755 752 750 744 742 739 736 734 731 730 727 725
    722 717 714 713 710 707 704 704 701 701 701 703 706 707 707 710 714
    714 717 720 722 727 730 731 733 736 741 744 746 749 749 752 0 0 0
    882 880 875 871 867 862 860 856 851 849 845 841 837 833 831 827 823
    821 821 815 807 805 803 800 796 792 790 787 785 780 776 773 771 769
    766 764 761 757 755 752 750 744 742 739 736 734 731 730 728 727 722
    717 716 713 710 707 704 704 701 701 701 703 706 707 708 710 713 714
    717 720 725 728 731 731 733 736 741 744 746 747 749 752 754 0 0 882
    880 875 871 867 864 860 856 851 849 845 841 837 835 831 827 823 823
    821 817 807 805 803 800 798 794 790 789 785 780 776 773 771 769 766
    764 761 757 755 754 746 744 742 739 736 734 731 730 728 727 722 717
    716 713 710 707 706 704 701 701 701 703 706 707 708 710 713 716 717
    720 723 728 731 731 734 736 741 744 746 747 749 754 754 0 885 880
    880 875 871 867 864 860 856 851 849 845 843 837 835 831 829 825 823
    821 817 807 805 803 802 798 794 790 789 787 781 776 773 771 769 766
    764 761 759 757 755 746 744 742 739 738 734 731 730 728 727 722 719
    716 713 710 707 707 704 701 701 701 701 704 706 708 710 714 716 717
    720 723 728 731 731 733 736 739 742 744 747 747 754 0 0 885 880 880
    875 871 867 864 860 856 851 847 845 843 839 835 831 829 825 823 821
    817 807 805 803 802 798 794 792 790 787 781 776 773 771 771 767 764
    762 759 757 754 746 744 742 741 738 736 733 730 728 727 722 719 716
    713 710 708 707 704 703 703 701 701 703 704 707 711 713 716 719 720
    722 728 731 731 733 736 739 742 744 747 747 754 0 0 885 882 880 875
    871 867 864 860 856 851 847 845 843 839 835 831 829 825 821 819 817
    809 807 803 802 798 796 792 789 783 781 778 774 773 771 767 764 762
    759 757 754 750 744 742 739 738 736 733 730 728 727 722 719 716 714
    711 708 707 706 704 703 703 703 703 704 707 711 713 716 719 720 722
    728 730 730 733 736 739 742 744 747 747 755 0 0 887 882 880 875 871
    867 864 860 856 851 849 845 843 839 835 831 829 825 821 819 817 809
    807 803 802 798 796 792 789 783 781 778 776 773 771 767 764 762 759
    755 754 750 746 742 739 738 736 733 730 728 727 723 720 717 714 711
    708 707 706 706 703 703 703 704 704 707 713 714 716 717 722 722 728
    730 730 733 739 741 742 744 747 754 755 755 0 0 882 880 875 871 867
    864 860 856 856 849 847 843 839 837 833 829 825 821 819 817 807 807
    803 802 798 796 792 790 783 781 778 774 773 771 767 764 762 759 755
    754 752 746 742 739 738 736 734 730 728 728 725 720 717 716 711 708
    707 706 704 703 703 703 706 707 711 714 714 714 717 722 725 728 730
    730 733 739 742 744 744 749 752 754 755 0 0 882 878 875 871 867 864
    862 858 856 849 847 841 839 837 835 831 827 823 821 817 807 807 803
    802 798 796 792 790 785 781 778 774 773 771 767 764 762 759 755 754
    752 747 744 741 738 736 734 731 728 728 725 722 717 716 711 708 707
    706 703 703 701 701 703 708 713 714 714 714 717 722 725 728 730 733
    734 739 742 746 746 747 752 754 757 0 0 882 878 875 871 867 864 862
    858 856 851 845 841 839 837 833 831 827 823 821 817 807 807 803 802
    800 796 792 790 785 781 778 776 773 771 767 764 762 759 755 754 750
    746 744 742 739 738 734 731 728 727 723 722 717 716 713 710 707 706
    703 703 701 701 703 708 711 713 713 716 717 722 727 730 730 733 734
