<?xml version="1.0"?>
<opencv_storage>
<Depth14866 type_id="opencv-matrix">
  <rows>16</rows>
  <cols>39</cols>
  <dt>w</dt>
  <data>
    3692 3653 3653 2859 2859 2859 2859 2859 2859 2859 3614 3614 2767
    2767 2767 2767 2767 2767 2767 2767 2812 2767 2767 2744 2744 2744
    2723 2723 2723 3399 3365 3365 2680 2680 2723 2701 2701 2659 2659
    2859 2859 2859 2835 2835 2859 2859 2859 2859 2835 2812 2789 2767
    2767 2767 2767 2767 2767 2767 2744 2723 2723 2723 2723 2723 2723
    2701 2701 2701 2680 2680 2680 2680 2680 2723 2701 2701 2659 2659
    2835 2835 2812 2812 2835 2835 2835 2835 2835 2835 2789 2789 2789
    2789 2789 2789 2767 2744 2701 2701 2701 2701 2723 2701 2701 2701
    2680 2680 2680 2680 2659 2659 2680 2680 2701 2680 2659 2639 2639
    2835 2835 2812 2812 2835 2812 2812 2812 2812 2812 2789 2789 2789
    2789 2789 2789 2767 2744 2701 2701 2701 2701 2723 2701 2701 2701
    2680 2680 2659 2659 2659 2659 2659 2680 2680 2659 2639 2639 2639
    2859 2859 2835 2835 2835 2812 2812 2812 2812 2789 2789 2789 2789
    2789 2789 2789 2767 2744 2723 2723 2723 2723 2723 2701 2701 2701
    2701 2680 2659 2659 2659 2659 2659 2680 2680 2659 2639 2639 2639
    2859 2859 2835 2835 2835 2835 2835 2812 2789 2789 2789 2789 2789
    2789 2789 2767 2767 2744 2744 2744 2744 2723 2723 2701 2701 2701
    2701 2680 2680 2680 2680 2680 2659 2659 2680 2659 2639 2639 2639
    2859 2859 2835 2835 2859 2859 2859 2812 2789 2789 2789 2789 2789
    2789 2789 2767 2767 2767 2767 2767 2744 2744 2723 2723 2701 2701
    2701 2701 2680 2680 2680 2680 2659 2659 2680 2659 2659 2639 2639
    2859 2835 2835 2859 2859 2835 2835 2812 2789 2789 2789 2789 2767
    2767 2767 2767 2767 2767 2767 2767 2744 2744 2701 2701 2701 2701
    2701 2680 2680 2680 2659 2659 2659 2659 2680 2680 2659 2639 2639
    2859 2835 2835 2859 2859 2835 2835 2812 2789 2789 2789 2789 2767
    2767 2767 2767 2767 2767 2767 2744 2744 2723 2701 2701 2701 2701
    2701 2680 2680 2680 2659 2659 2659 2659 2680 2680 2659 2639 2639
    2859 2859 2859 2859 2859 2835 2835 2812 2789 2789 2789 2789 2789
    2789 2789 2767 2767 2767 2744 2744 2723 2723 2723 2701 2701 2701
    2701 2701 2701 2701 2680 2680 2680 2680 2680 2680 2659 2639 2639
    2883 2883 2859 2859 2835 2812 2789 2789 2767 2767 2789 2789 2789
    2789 2767 2767 2767 2767 2744 2744 2723 2723 2723 2701 2701 2701
    2680 2680 2680 2680 2680 2680 2659 2659 2659 2659 2639 2639 2639
    2908 2883 2835 2835 2835 2812 2767 2744 2744 2767 2789 2789 2789
    2789 2767 2767 2744 2744 2744 2744 2744 2723 2701 2701 2701 2701
    2680 2680 2680 2680 2680 2659 2659 2659 2639 2639 2639 2639 2639
    2701 2701 2701 2701 2835 2812 2744 2744 2744 2767 2789 2789 2789
    2789 2767 2767 2744 2744 2744 2744 2744 2701 2701 2701 2701 2701
    2701 2680 2680 2680 2659 2659 2639 2639 2639 2639 2618 2618 2639
    2701 2701 2701 2701 2812 2835 2701 2701 2701 2767 2812 2789 2789
    2767 2744 2744 2744 2767 2767 2744 2744 2701 2701 2701 2701 2701
    2680 2680 2680 2680 2659 2659 2639 2639 2639 2639 2618 2618 2639
    2723 2723 2723 2744 2812 2812 2701 2701 2701 2767 2812 2812 2789
    2744 2723 2701 2701 2701 2767 2767 2767 2701 2701 2680 2680 2701
    2680 2680 2659 2659 2659 2659 2639 2639 0 0 2639 2639 0 2744 2744
    2744 0 0 0 2659 2639 2639 2767 2812 2812 2812 2744 2701 2701 2701
    2701 0 0 0 2701 2701 2680 2680 0 0 0 2659 2659 2659 2680 2744 2744 0
    0 0 0 0</data></Depth14866>
</opencv_storage>
