<?xml version="1.0"?>
<opencv_storage>
<Depth17379 type_id="opencv-matrix">
  <rows>110</rows>
  <cols>45</cols>
  <dt>w</dt>
  <data>
    4349 4349 4349 4349 4349 4349 4295 4295 4295 1197 1197 1197 1202
    1202 1202 4241 4241 4190 4139 4139 4139 4139 4139 4139 4139 4089
    4089 4041 4041 3994 3994 3994 3994 3994 3994 3994 3994 3948 3948
    3948 3948 3948 3948 3948 3903 4349 4349 4349 4349 4349 4295 4295
    1206 1197 1197 1197 1197 1197 1197 1197 1197 4190 4190 4139 4139
    4139 4139 4139 4139 4139 4089 4089 4089 4041 3994 3994 3994 3994
    3994 3994 3994 3994 3948 3948 3948 3948 3948 3948 3948 3903 4349
    4349 4349 4349 4295 1214 1210 1202 1197 1193 1193 1189 1189 1197
    1197 1134 4190 4190 4190 4139 4139 4139 4139 4139 4139 4139 4089
    4089 4041 3994 3994 3948 3948 3948 3948 3948 3948 3948 3948 3948
    3948 3948 3948 3903 3859 4190 4349 4349 4349 1210 1206 1202 1202
    1197 1193 1193 1145 1145 1134 1134 1134 4190 4190 4190 4139 4139
    4139 4139 4139 4139 4139 4139 4139 4139 4139 3948 3948 3816 3816
    3859 3948 1047 1047 1047 1047 3948 3948 3948 3903 3859 4190 4349
    4349 4349 1197 1197 1197 1197 1197 1193 1149 1134 1130 1126 1126
    1126 1126 1094 4139 4139 4139 4139 4139 4911 4645 4645 4645 4645
    4645 0 3816 0 3816 3816 3859 3903 1047 1044 1044 1044 3948 3948 3948
    3948 3816 4241 4241 1197 1197 1197 1193 1193 1161 1149 1145 1123
    1123 1126 1119 1101 1094 1094 1094 1094 1094 1019 1013 4983 4911
    4911 4645 4645 4645 4645 0 0 3903 3903 3903 3903 3903 1047 1044 1044
    1041 1041 3948 3948 3948 3816 4349 0 0 0 1197 1193 1193 1153 1149
    1145 1123 1123 1090 1090 1087 1084 1084 1090 1094 1094 1019 1013
    4983 4983 4911 4774 4645 4645 4645 0 0 0 0 1047 1044 1044 1044 1044
    1041 1041 1041 1041 1041 0 3859 0 0 1177 1177 1181 1181 1169 1153
    1153 1149 1149 1087 1087 1084 1084 1084 1010 1010 1016 1019 1019
    1013 1013 4983 4911 4842 4708 4708 4708 1022 1022 0 0 1047 1047 1044
    1044 1041 1038 1038 1038 1038 1041 1041 3903 0 0 1177 1177 1177 1177
    1169 1161 1157 1094 1087 1084 1080 1080 1019 1010 1010 1010 1013
    1013 1016 1013 1010 1010 1010 1010 1013 1022 1022 1022 1022 1022
    1025 1047 1047 1044 1041 1041 1038 1038 1038 1041 1041 1041 3903 0 0
    1177 1177 1177 1177 1169 1165 1157 1094 1087 1084 1080 1080 1019
    1010 1007 1007 1007 1010 1010 1013 1010 1010 1010 1010 1013 1019
    1019 1022 1022 1022 1025 1025 1025 1041 1038 1038 1038 1038 1038
    1038 1041 1041 0 4295 0 1181 1181 1181 1177 1169 1161 1145 1097 1090
    1084 1084 1047 1034 1010 1007 1004 1004 1007 1010 1010 1010 1010
    1010 1010 1010 1016 1019 1022 1022 1022 1025 1025 1025 1031 1031
    1034 1038 1038 1038 1038 1041 1041 0 4295 0 1181 1181 1181 1177 1165
    1157 1134 1108 1094 1084 1084 1047 1034 1013 1007 1004 1004 1007
    1007 1010 1010 1010 1010 1010 1010 1016 1019 1022 1022 1022 1025
    1025 1028 1031 1031 1034 1038 1038 1038 1038 1041 1044 1047 4295
    1197 1197 1189 1185 1181 1165 1157 1126 1112 1101 1087 1070 1047
    1038 1016 1010 1007 1004 1004 1007 1010 1010 1010 1010 1010 1013
    1016 1019 1019 1022 1025 1025 1028 1028 1031 1031 1034 1034 1038
    1038 1041 1041 1044 1047 1210 1197 1197 1193 1189 1173 1165 1157
    1123 1108 1097 1084 1070 1054 1028 1016 1010 1007 1004 1004 1007
    1010 1010 1010 1010 1013 1013 1016 1019 1019 1022 1022 1028 1028
    1031 1031 1034 1034 1034 1038 1041 1044 1044 1044 1047 1210 1210
    1197 1193 1189 1169 1161 1157 1115 1108 1097 1084 1063 1054 1028
    1013 1010 1007 1004 1004 1007 1010 1010 1010 1013 1013 1013 1016
    1019 1022 1022 1022 1028 1031 1031 1031 1034 1034 1034 1038 1041
    1044 1044 1044 1044 1210 1210 1197 1193 1185 1169 1161 1157 1115
    1108 1097 1077 1063 1054 1025 1013 1010 1007 1004 1004 1007 1007
    1010 1010 1013 1013 1016 1016 1019 1022 1022 1025 1028 1031 1031
    1031 1034 1034 1034 1038 1038 1041 1044 1044 1044 1206 1206 1197
    1193 1181 1173 1165 1153 1119 1108 1097 1077 1067 1054 1025 1013
    1010 1004 1004 1004 1007 1007 1010 1010 1013 1013 1016 1016 1019
    1022 1022 1025 1028 1031 1031 1031 1034 1034 1038 1038 1038 1041
    1047 1044 1044 1202 1202 1202 1193 1181 1173 1165 1153 1119 1108
    1097 1084 1070 1054 1028 1019 1010 1004 1004 1004 1007 1007 1010
    1013 1013 1013 1016 1016 1019 1022 1022 1025 1028 1031 1031 1031
    1034 1034 1038 1038 1038 1041 1047 1044 1044 1197 1197 1193 1193
    1181 1177 1165 1153 1119 1108 1097 1077 1067 1054 1038 1019 1007
    1004 1004 1004 1007 1007 1010 1013 1013 1013 1016 1019 1022 1022
    1022 1025 1028 1031 1031 1031 1034 1038 1038 1038 1038 1047 1047
    1044 1044 1197 1197 1193 1189 1181 1177 1165 1149 1119 1108 1097
    1077 1067 1050 1038 1019 1007 1004 1004 1004 1007 1010 1010 1013
    1013 1016 1016 1022 1022 1022 1022 1025 1028 1031 1031 1034 1034
    1038 1038 1038 1041 1047 1047 1047 1047 1197 1197 1193 1189 1185
    1177 1165 1123 1115 1112 1101 1077 1063 1050 1028 1019 1007 1004
    1004 1004 1007 1010 1010 1013 1013 1016 1019 1022 1022 1022 1025
    1025 1028 1031 1031 1034 1034 1038 1038 1038 1041 1044 1044 1047 0
    1197 1197 1193 1193 1185 1173 1165 1123 1115 1112 1090 1077 1063
    1050 1028 1019 1007 1004 1004 1004 1007 1010 1010 1013 1013 1016
    1019 1022 1022 1022 1025 1025 1028 1031 1031 1034 1034 1038 1038
    1038 1041 1041 1041 1041 0 1197 1197 1193 1193 1185 1173 1161 1123
    1112 1105 1090 1077 1070 1050 1028 1016 1007 1004 1004 1004 1004
    1007 1010 1013 1013 1016 1019 1022 1022 1022 1025 1028 1031 1031
    1034 1034 1034 1034 1038 1038 1038 1041 1041 1041 0 4349 1197 1197
    1197 1185 1173 1161 1123 1112 1105 1094 1077 1063 1050 1028 1016
    1007 1004 1004 1004 1004 1007 1010 1013 1016 1019 1019 1022 1022
    1022 1025 1028 1031 1031 1034 1034 1034 1034 1038 1038 1038 1041
    1044 1044 1044 0 1202 1202 1193 1181 1173 1145 1123 1108 1105 1094
    1077 1063 1050 1028 1016 1010 1007 1004 1004 1007 1010 1010 1013
    1016 1019 1019 1022 1022 1022 1025 1031 1031 1031 1034 1034 1034
    1034 1038 1038 1038 1041 1044 1047 1047 0 1202 1202 1193 1181 1173
    1145 1123 1108 1101 1090 1077 1060 1050 1028 1016 1010 1007 1007
    1007 1007 1010 1010 1013 1013 1016 1016 1022 1022 1022 1025 1031
    1031 1034 1034 1034 1038 1038 1038 1038 1038 1044 1047 1047 0 0 1202
    1202 1193 1177 1173 1161 1130 1108 1101 1077 1070 1060 1050 1028
    1016 1010 1010 1007 1007 1010 1013 1013 1013 1013 1013 1016 1019
    1022 1025 1028 1031 1031 1034 1034 1034 1038 1038 1041 1044 1044
    1047 1047 1047 0 0 0 1202 1193 1177 1173 1161 1145 1112 1105 1077
    1067 1060 1050 1031 1016 1010 1010 1010 1010 1013 1010 1010 1013
    1013 1013 1016 1019 1022 1025 1028 1031 1031 1031 1034 1038 1038
    1038 1041 1044 1047 1047 1047 1047 1047 0 0 1202 1189 1177 1169 1161
    1145 1119 1105 1080 1067 1060 1050 1028 1019 1013 1010 1010 1010
    1013 1010 1010 1013 1013 1013 1016 1022 1022 1025 1028 1028 1031
    1031 1034 1038 1038 1038 1041 1044 1047 1047 1047 1047 1047 0 0 1197
    1189 1177 1169 1161 1141 1119 1105 1084 1067 1060 1050 1028 1016
    1013 1010 1010 1010 1013 1013 1013 1013 1013 1013 1016 1022 1022
    1025 1028 1028 1031 1034 1034 1038 1038 1038 1041 1044 1044 1047
    1047 1044 1044 0 0 1197 1189 1177 1169 1161 1134 1119 1112 1084 1067
    1060 1054 1028 1016 1013 1010 1010 1010 1013 1013 1013 1013 1013
    1013 1019 1022 1022 1025 1028 1028 1031 1034 1034 1038 1038 1041
    1041 1044 1044 1047 1047 1041 1041 0 0 1193 1193 1181 1169 1161 1134
    1119 1105 1094 1073 1060 1044 1028 1016 1013 1010 1010 1010 1013
    1013 1016 1013 1013 1019 1022 1022 1025 1025 1028 1028 1031 1034
    1034 1038 1038 1041 1041 1044 1044 1047 1047 1041 1041 0 1193 1193
    1193 1185 1169 1161 1134 1115 1105 1094 1073 1060 1044 1028 1016
    1013 1010 1010 1010 1013 1013 1016 1013 1013 1022 1022 1025 1025
    1025 1028 1028 1031 1034 1034 1038 1038 1041 1041 1044 1044 1047
    1047 1047 1047 0 1193 1193 1193 1185 1173 1161 1130 1115 1105 1094
    1073 1054 1041 1031 1016 1013 1010 1010 1010 1013 1013 1016 1013
