<?xml version="1.0"?>
<opencv_storage>
<Depth1783 type_id="opencv-matrix">
  <rows>77</rows>
  <cols>57</cols>
  <dt>w</dt>
  <data>
    4645 4645 4582 4582 4522 4522 4522 1250 1245 1245 1232 1223 1219
    1214 1210 1210 1210 1214 1214 1219 1223 1223 1227 1227 1232 1232
    1241 1241 1245 1245 1250 1250 3994 3994 3994 1283 1283 1292 1307
    1307 1312 1317 3903 3816 3816 3774 3774 3774 3732 3732 3732 3732
    3692 3692 3692 3653 3653 4645 4645 4645 4582 4522 4522 1250 1245
    1241 1232 1227 1223 1219 1214 1210 1210 1210 1210 1210 1214 1214
    1223 1227 1227 1232 1232 1241 1241 1245 1245 1250 1250 1259 1268
    1273 1278 1283 1292 1292 1302 1307 1312 1322 1322 1333 1338 1338
    1338 1338 3732 3732 3732 3692 3692 3653 3653 3653 4645 4708 4708
    1268 1264 1250 1250 1245 1241 1232 1227 1223 1219 1214 1210 1210
    1210 1210 1210 1210 1210 1223 1227 1227 1232 1232 1236 1245 1245
    1245 1250 1250 1259 1268 1273 1278 1283 1288 1292 1297 1307 1307
    1312 1317 1328 1333 1338 1338 1338 1338 1338 3692 3692 3692 3653
    3653 3653 1283 1283 1283 1268 1264 1259 1250 1245 1241 1232 1227
    1223 1219 1214 1210 1210 1210 1210 1210 1210 1210 1219 1223 1227
    1232 1232 1236 1245 1245 1245 1250 1250 1259 1268 1273 1278 1283
    1288 1288 1292 1302 1307 1312 1317 1322 1328 1333 1338 1338 1338
    1338 3653 3653 3653 3653 3653 3653 1283 1283 1278 1268 1264 1259
    1250 1245 1241 1232 1227 1223 1219 1214 1210 1210 1210 1210 1210
    1210 1210 1219 1223 1227 1227 1232 1232 1245 1245 1245 1250 1250
    1259 1268 1273 1278 1283 1283 1288 1292 1302 1307 1312 1317 1322
    1322 1328 1333 1338 1338 1338 3653 3653 3653 3653 3653 3653 1283
    1283 1278 1268 1264 1259 1250 1250 1241 1232 1227 1223 1219 1214
    1210 1210 1210 1206 1206 1210 1210 1214 1223 1223 1227 1232 1232
    1245 1245 1245 1250 1255 1268 1268 1273 1278 1283 1283 1288 1292
    1297 1302 1307 1312 1322 1322 1322 1328 1333 1338 1338 3653 3653
    3653 3653 3653 3653 1288 1283 1278 1273 1264 1259 1250 1250 1241
    1232 1227 1223 1219 1214 1210 1206 1206 1206 1206 1210 1210 1214
    1223 1223 1227 1232 1232 1245 1245 1245 1250 1255 1268 1268 1273
    1278 1278 1283 1288 1292 1297 1302 1307 1312 1317 1322 1322 1328
    1328 1328 1328 3653 3653 3653 3653 3653 3653 1288 1283 1278 1273
    1268 1259 1250 1250 1241 1232 1227 1223 1219 1214 1210 1206 1206
    1206 1206 1210 1214 1214 1223 1223 1227 1232 1232 1245 1245 1245
    1250 1264 1268 1268 1268 1278 1278 1283 1288 1297 1302 1302 1307
    1312 1317 1322 1328 1328 1328 1328 1328 3653 3653 3653 3653 3653
    3653 0 1283 1278 1273 1268 1259 1250 1250 1241 1232 1227 1223 1219
    1214 1210 1206 1206 1206 1206 1210 1210 1214 1219 1223 1227 1232
    1236 1245 1245 1245 1250 1264 1268 1268 1268 1278 1283 1283 1288
    1297 1302 1302 1307 1312 1317 1322 1328 1328 1333 1333 1333 3692
    3692 3692 3692 3653 3653 0 1283 1278 1268 1268 1264 1255 1250 1241
    1232 1227 1223 1219 1214 1214 1210 1206 1206 1206 1210 1210 1214
    1219 1223 1227 1232 1241 1245 1245 1245 1245 1259 1268 1268 1273
    1278 1278 1283 1288 1297 1302 1307 1307 1307 1317 1322 1328 1328
    1333 1333 1333 3732 3732 3732 3692 3653 3653 0 1283 1278 1268 1268
    1264 1255 1250 1241 1232 1227 1223 1219 1214 1214 1210 1206 1206
    1206 1206 1210 1214 1219 1223 1227 1232 1236 1245 1245 1245 1245
    1259 1264 1268 1273 1278 1278 1278 1288 1297 1302 1307 1307 1307
    1312 1317 1328 1328 1333 1333 1343 1343 3732 3732 3692 3653 3653
    1283 1283 1278 1268 1268 1264 1255 1250 1241 1232 1232 1227 1223
    1214 1214 1210 1206 1206 1206 1206 1210 1214 1214 1219 1227 1227
    1236 1241 1245 1245 1250 1255 1264 1268 1273 1278 1278 1278 1288
    1297 1302 1307 1307 1307 1312 1317 1328 1328 1328 1333 1343 1343
    3653 3653 3653 3653 3653 1283 1283 1278 1273 1268 1264 1255 1250
    1241 1232 1232 1227 1223 1214 1214 1210 1202 1202 1202 1206 1210
    1214 1214 1219 1223 1227 1236 1241 1245 1245 1250 1255 1259 1264
    1268 1273 1278 1278 1288 1292 1302 1302 1302 1307 1312 1322 1328
    1328 1328 1333 1333 1333 3653 3653 3653 3653 3653 1278 1283 1283
    1278 1268 1264 1259 1250 1241 1236 1232 1227 1223 1214 1214 1210
    1202 1202 1202 1202 1206 1210 1214 1219 1223 1227 1236 1236 1245
    1245 1250 1255 1259 1264 1268 1273 1278 1278 1283 1288 1297 1302
    1302 1307 1312 1317 1322 1328 1328 1328 1328 1328 3653 3653 3653
    3653 3653 1278 1283 1283 1273 1268 1268 1259 1255 1241 1236 1232
    1232 1223 1219 1214 1210 1202 1202 1202 1202 1206 1210 1214 1214
    1223 1227 1236 1236 1245 1245 1250 1255 1259 1264 1268 1273 1278
    1278 1283 1288 1297 1302 1302 1307 1312 1317 1322 1328 1328 1328
    1328 1328 3653 3653 3653 3653 3653 1283 1278 1278 1273 1268 1264
    1259 1255 1241 1236 1232 1227 1223 1219 1214 1210 1202 1202 1202
    1202 1202 1210 1214 1214 1223 1232 1236 1241 1245 1245 1250 1255
    1259 1264 1268 1273 1278 1283 1283 1288 1297 1302 1302 1307 1312
    1317 1322 1322 1328 1333 1333 1333 3653 3653 3653 3653 3653 1283
    1278 1278 1273 1268 1264 1259 1255 1250 1241 1232 1227 1223 1219
    1214 1210 1202 1202 1202 1202 1202 1210 1210 1214 1219 1232 1236
    1241 1241 1245 1250 1255 1264 1264 1268 1268 1278 1278 1283 1288
    1297 1302 1302 1307 1312 1317 1322 1322 1328 1333 1333 1333 3653
    3653 3653 3653 3653 1288 1283 1278 1273 1268 1264 1259 1255 1250
    1241 1232 1227 1223 1219 1214 1210 1206 1202 1202 1202 1202 1210
    1210 1214 1219 1232 1232 1236 1241 1245 1245 1255 1264 1268 1268
    1268 1273 1278 1283 1288 1297 1302 1302 1307 1312 1317 1322 1322
    1328 1333 1333 1333 3653 3653 3653 3653 3653 0 1288 1283 1278 1268
    1264 1259 1255 1245 1236 1232 1227 1223 1219 1214 1210 1206 1202
    1202 1202 1202 1210 1210 1214 1219 1227 1232 1236 1241 1245 1245
    1255 1264 1264 1268 1268 1273 1278 1283 1288 1302 1302 1302 1312
    1317 1317 1322 1322 1328 1333 1333 1333 3653 3653 3653 3653 3653 0
    1288 1283 1278 1273 1264 1259 1255 1241 1236 1232 1227 1227 1223
    1214 1210 1206 1202 1202 1202 1202 1210 1210 1214 1219 1227 1232
    1232 1236 1245 1245 1250 1255 1259 1264 1268 1273 1278 1283 1288
    1297 1297 1302 1307 1317 1317 1322 1322 1328 1333 1333 1333 3692
    3692 3653 3653 3653 1283 0 1283 1278 1268 1264 1259 1255 1241 1236
    1232 1227 1227 1223 1214 1210 1206 1202 1202 1202 1202 1210 1214
    1214 1223 1227 1232 1232 1236 1241 1245 1245 1250 1259 1264 1268
    1273 1278 1283 1288 1292 1292 1302 1307 1312 1317 1317 1322 1328
    1333 1338 1338 3692 3692 3692 3653 3653 0 0 0 1273 1268 1264 1264
    1255 1250 1236 1232 1227 1227 1223 1214 1214 1206 1202 1202 1202
    1202 1210 1214 1214 1223 1227 1227 1232 1236 1241 1245 1245 1250
    1259 1264 1268 1268 1278 1283 1288 1292 1292 1297 1302 1307 1312
    1317 1322 1328 1328 1333 1333 3653 3653 3653 3653 3653 0 0 0 1273
    1268 1264 1264 1255 1250 1236 1232 1227 1227 1223 1219 1214 1210
    1206 1206 1202 1202 1206 1214 1214 1223 1227 1227 1232 1236 1241
    1245 1245 1250 1259 1264 1268 1268 1273 1278 1288 1292 1292 1297
    1302 1307 1312 1317 1322 1328 1328 1333 1333 3653 3653 3653 3653
    3653 0 0 0 1273 1268 1264 1264 1259 1250 1241 1236 1232 1227 1223
    1219 1214 1210 1206 1206 1206 1206 1206 1210 1214 1223 1227 1227
    1232 1236 1241 1245 1250 1259 1264 1264 1268 1268 1268 1273 1283
    1292 1297 1302 1302 1307 1312 1317 1322 1322 1328 1328 1328 1338
    3653 3653 3653 3653 0 0 1278 1273 1268 1268 1264 1259 1255 1241 1236
    1232 1227 1223 1214 1214 1210 1210 1206 1206 1206 1206 1210 1214
    1219 1223 1227 1232 1236 1241 1245 1250 1259 1264 1264 1264 1268
    1268 1273 1283 1292 1297 1302 1302 1307 1307 1317 1322 1322 1328
    1328 1338 1338 3653 3653 3653 3653 0 0 1278 1273 1273 1268 1264 1259
    1255 1245 1241 1232 1227 1223 1214 1214 1210 1210 1206 1202 1202
    1206 1210 1214 1219 1223 1227 1232 1236 1241 1245 1250 1255 1264
    1264 1264 1268 1268 1273 1278 1288 1297 1302 1302 1307 1307 1312
    1317 1322 1328 1328 1333 1333 1333 3692 3692 3653 0 0 1283 1278 1278
