<?xml version="1.0"?>
<opencv_storage>
<Depth4192 type_id="opencv-matrix">
  <rows>167</rows>
  <cols>111</cols>
  <dt>w</dt>
  <data>
    7030 7030 7178 7178 7178 7178 7030 6889 6889 6889 6889 6889 6753
    6753 6753 6753 6889 6889 6889 6889 6753 6753 6753 6753 6753 6753
    6753 6753 6753 6753 6753 6753 6753 6753 6753 6622 6622 6622 6622
    6622 6622 6622 6497 6497 6497 6497 6375 6375 6375 6375 6375 6375
    6375 6259 6259 6375 6375 6375 6375 6375 6375 6375 6375 584 584 587
    587 585 585 6259 6259 6259 6259 6259 6259 6146 6146 6038 6038 6038
    6038 6038 6038 6038 6038 6038 6038 6038 5933 5933 5832 5832 5832
    5832 5933 5832 5832 5832 5832 5832 5734 5734 5734 5734 5734 5640
    5640 5640 5640 5640 5548 7030 7030 7178 7178 7178 7030 6889 6889
    6889 6889 6889 6889 6753 6753 6753 6753 6889 6889 6889 6889 6753
    6753 6753 6753 6753 6753 6753 6753 6753 6753 6753 6622 6622 6753
    6622 6622 6622 6497 6497 6497 6622 6622 6622 6497 6375 6375 6375
    6375 6375 6375 6375 6375 6375 6375 6375 6259 6259 6375 6375 6375
    6375 6375 6375 6375 588 588 585 584 582 582 580 580 6259 6259 6259
    6375 6375 6038 6038 6038 6038 6038 6038 6038 5933 5933 5933 6038
    6038 5933 5933 5933 5933 5832 5832 5832 5832 5832 5832 5832 5734
    5734 5734 5734 5640 5640 5548 5548 5548 5548 5548 7178 7178 7178
    7178 7178 7030 6889 6889 6889 6889 6889 6889 6889 6889 6889 6889
    6889 6889 6889 6889 6889 6889 6753 6753 6753 6753 6753 6753 6753
    6753 6753 6622 6622 6622 6622 6622 6622 6497 6497 6497 6622 6622
    6622 6497 6375 6375 6259 6259 6259 6259 6375 6375 6375 6375 6259
    6259 6259 6375 6375 6375 6375 6375 6375 6375 588 588 585 584 582 581
    580 580 581 581 581 581 578 578 575 6146 6146 6146 6146 6038 5933
    5933 5933 6038 6038 5933 5933 5933 5933 5832 5832 5832 5832 5832
    5832 5832 5832 5832 5734 5734 5640 5640 5548 5548 5548 5548 5548
    7178 7030 7030 7178 7178 7030 6889 6889 6889 6889 6889 6889 7030
    6889 6889 6889 6889 6889 6889 6889 6889 6889 6753 6753 6753 6753
    6753 6753 6753 6753 6753 6753 6753 6622 6622 6622 6497 6375 6375
    6497 6622 6622 6622 6497 6375 6375 6259 6259 6259 6259 6375 6375
    6375 6375 6259 6259 6259 6259 6259 6375 6259 6259 6375 6375 588 586
    585 584 583 581 581 581 580 580 579 578 578 578 575 575 572 0 0 0 0
    0 0 6038 6038 5933 5933 5933 5933 5832 5832 5933 5832 5832 5832 5832
    5832 5832 5832 5734 5640 5640 5548 5548 5548 5548 5548 7178 7030
    7030 7030 7030 7030 6889 6889 6889 6889 6889 7030 7030 6889 6889
    6889 6889 6889 6889 6889 6889 6889 6753 6753 6753 6753 6753 6753
    6753 6753 6753 6753 6753 6753 6622 6622 6497 6375 6375 6497 6622
    6622 6622 6622 6375 6375 0 0 6259 6259 6375 6375 6375 6259 6259 6259
    6259 6259 6259 6375 6259 6259 6259 589 588 586 585 584 583 582 581
    581 580 580 579 578 578 575 575 575 572 572 0 0 0 0 0 0 6038 6038
    5933 5933 5933 5933 5933 5933 5832 5832 5832 5832 5832 5832 5832
    5734 5640 5640 5548 5548 5548 5548 5548 7178 7178 7030 7030 7030
    7030 6889 6889 6889 6889 6889 6889 6889 7030 6889 6889 6889 6889
    6889 6753 6753 6889 6753 6753 6753 6753 6753 6753 6753 6753 6753
    6753 6753 6753 6753 6622 6497 6497 6497 6497 6622 6497 6497 6497
    6622 0 0 0 0 0 6375 6259 6259 6259 6259 6259 6259 6259 6259 6259
    6259 6259 6259 589 588 586 585 584 583 582 581 581 580 580 579 578
    578 575 574 573 572 572 572 0 0 0 0 0 0 6038 6038 6038 6038 5933
    5933 5933 5933 5832 5832 5832 5832 5832 5832 5832 5734 5734 5640
    5640 5640 5548 5548 7178 7178 7030 7030 7030 7030 6889 6889 6889
    6889 6889 6889 6889 6889 6889 6889 6889 6753 6753 6753 6753 6889
    6753 6753 6753 6753 6753 6753 6753 6753 6753 6753 6622 6622 6622
    6622 6497 6497 6497 6497 6622 6497 6497 6497 6622 0 0 0 0 0 0 6259
    6259 6259 6259 6259 6259 6259 6259 6259 6259 6259 6259 589 588 587
    585 584 584 583 582 581 581 580 579 578 577 576 574 573 572 572 572
    0 0 0 0 0 0 0 0 0 0 6038 6038 5933 5933 5933 5832 5832 5832 5832
    5832 5832 5832 5832 5734 5640 5640 5640 5640 7178 7178 7030 7030
    7030 7030 6889 6889 6889 6889 6889 7030 6889 6889 6889 6889 6889
    6753 6753 6753 6753 6889 6753 6753 6753 6753 6753 6753 6753 6753
    6753 6753 6622 6622 6622 6622 6497 6497 6497 6497 6497 6497 6497
    6622 6753 0 0 0 0 0 0 0 0 0 0 0 6375 6375 6259 6259 6259 591 591 589
    588 588 586 584 584 583 582 582 581 580 579 578 577 576 576 574 573
    572 570 570 570 0 0 0 0 0 0 0 0 0 6038 5933 5933 0 0 0 0 0 5734 5734
    5832 5832 5734 5734 5640 5640 5640 7178 7178 7030 7030 7030 7030
    6889 6889 6889 6889 6889 7030 7030 6889 6889 6889 6889 6889 6889
    6753 6753 6889 6753 6753 6753 6753 6753 6753 6753 6753 6753 6753
    6753 6753 6622 6622 6497 6497 6497 6497 6497 6497 6497 6622 6753 0 0
    0 0 0 0 0 0 0 0 0 0 0 0 6259 6259 591 590 590 589 588 586 585 584
    583 582 582 581 580 580 578 577 576 576 574 573 572 570 570 570 570
    0 0 0 0 0 0 0 0 0 0 0 0 0 0 0 0 5734 5734 5832 5832 5734 5734 5640
    5640 5640 7178 7178 7178 7178 7178 7030 6889 6889 6889 6889 6889
    6889 6889 6889 6889 6889 6889 6889 6889 6889 6889 6889 6753 6753
    6753 6753 6753 6753 6753 6889 6889 6753 6753 6753 6622 6622 6622
    6497 6497 6497 6497 6497 6622 6622 0 0 0 0 0 0 0 0 0 0 0 0 0 0 0 0
    591 591 590 590 589 588 586 585 584 583 582 582 580 580 580 578 577
    576 576 575 573 572 572 571 570 570 570 0 0 0 0 0 0 0 0 0 0 0 0 0 0
    0 0 5832 5832 5640 5640 5640 5640 5640 5548 7178 7178 7178 7178 7178
    7030 6889 6889 6889 6889 6889 6889 6889 6889 6889 6889 6889 6889
    6889 6889 6889 6889 6753 6753 6753 6753 6753 6889 6889 6889 6889
    6753 6753 6753 6622 6622 6622 6497 6497 6497 6497 6497 6497 6622 0 0
    0 0 0 0 0 0 0 0 0 0 0 0 0 591 591 591 590 590 589 588 586 585 584
    584 582 581 580 580 580 579 577 576 576 575 573 572 572 571 570 570
    570 0 0 0 0 563 563 564 564 0 0 0 0 0 0 0 0 0 0 5640 5460 5460 5548
    5640 5548 7178 7178 7178 7178 7178 7178 7030 6889 6889 6889 6889
    6889 6889 6889 6889 6889 6889 6889 6889 6889 6889 6889 6753 6753
    6753 6753 6753 6889 6753 6753 6753 6753 6753 6753 6622 6622 6622
    6497 6497 6497 6497 6497 6497 0 0 0 0 0 0 0 0 0 0 0 0 0 0 0 595 593
    591 591 591 590 589 588 586 585 584 584 582 581 580 580 580 579 578
    577 576 575 573 572 572 571 570 568 568 0 0 0 0 563 563 563 562 562
    563 0 0 0 0 0 0 0 0 0 5460 5460 5548 5640 0 7332 7332 7178 7178 7178
    7178 7030 6889 6889 7030 6889 6889 6889 6889 6889 6889 6889 6889
    6889 6889 6889 6889 6753 6753 6753 6753 6753 6889 6753 6753 6753
    6753 6753 6753 6753 6622 6622 6622 6622 6622 6497 6497 6497 0 0 0 0
    0 0 0 0 0 0 0 0 0 0 0 595 593 592 591 591 589 589 587 586 585 584
    584 583 582 581 580 580 579 578 577 577 575 573 572 572 571 570 568
    568 568 568 568 565 563 563 562 562 562 561 560 560 0 0 0 0 0 0 0 0
    0 0 0 0 7332 7332 7178 7178 7178 7178 7030 6889 6889 6889 6889 6889
    6889 6889 6889 6889 6889 6889 6889 6889 6889 6753 6753 6753 6889
    6889 6889 6889 6753 6753 6753 6753 6753 6753 6753 6622 6622 6622
    6622 6622 6622 6622 0 0 0 0 0 0 0 0 0 0 0 0 0 0 0 596 595 594 592
    592 591 589 589 587 586 585 584 584 583 582 581 580 580 579 578 578
    577 575 574 573 572 571 570 568 568 568 567 566 565 563 563 562 561
    561 560 559 557 557 560 0 0 0 0 0 0 0 0 0 0 7332 7492 7492 7178 7178
    7178 7030 6889 6889 6889 6889 6889 6889 6889 6889 6889 6889 6889
    6889 6889 6889 6753 6753 6753 6753 6889 6889 6889 6753 6753 6753
    6753 6753 6753 6622 6622 6622 6753 6622 6622 6622 6622 0 0 0 0 0 0 0
    0 0 0 0 0 0 595 595 595 595 593 593 592 591 590 590 588 587 586 585
    584 583 583 581 580 580 579 578 577 576 575 573 572 572 571 570 569
    569 568 566 566 565 564 563 562 561 561 560 559 557 557 557 557 0 0
    0 0 0 0 0 0 0 7332 7332 7332 7178 7178 7178 6889 6889 6889 6889 6889
    6889 6889 6889 6889 6889 6889 6889 6889 6889 6889 6753 6753 6753
    6753 6753 6889 6889 6753 6753 6753 6753 6753 6622 6622 6622 6622
