<?xml version="1.0"?>
<opencv_storage>
<Depth9417 type_id="opencv-matrix">
  <rows>103</rows>
  <cols>66</cols>
  <dt>w</dt>
  <data>
    4349 4295 4295 4190 4190 4190 1145 1153 1153 1145 1138 1138 1134
    1134 1138 1134 1130 1115 1108 1105 1090 1084 1080 1080 1080 1080
    1080 1080 4241 4241 4241 4190 4139 4089 4041 3994 3994 3994 4041
    4041 4089 4139 4139 4139 4089 4089 4089 4089 4089 1141 1138 1138
    1145 0 4041 4041 3994 3994 3994 3994 3994 3948 3948 3948 3903 3903
    4349 0 0 4349 1145 0 0 1145 1145 1141 1138 1130 1130 1130 1130 1130
    1105 1101 1101 1101 1090 1084 1080 1080 1080 1080 1080 0 1080 1080
    1080 1080 1080 1119 1119 1119 1119 1119 4041 4041 4041 1112 1108
    1108 1108 1145 1141 1141 1149 1141 1138 1138 1145 1145 3994 3994
    3994 3994 3994 4041 3994 3994 3994 3948 3903 3903 4349 0 0 0 0 0 0
    1145 1145 1138 1130 1126 1123 1119 1108 1105 1105 1094 1094 1094
    1084 1077 1073 1073 1077 1080 1080 1084 1080 1080 1080 1080 1080
    1094 1119 1119 1119 1115 1115 1115 1112 1112 1108 1108 1108 1145
    1141 1141 1149 1141 1138 1138 1145 1145 1153 1153 3994 3994 3994
    4041 3994 3994 3994 3994 3948 3948 4349 0 0 0 0 0 0 1153 1153 1138
    1130 1123 1119 1115 1108 1105 1097 1090 1090 1084 1077 1070 1070
    1070 1070 1077 1077 1084 1080 1080 1080 1080 1087 1094 1105 1108
    1112 1115 1115 1115 1112 1112 1108 1108 1119 1123 1126 1130 1138
    1138 1138 1138 1138 1138 1153 1153 1157 1157 1157 1161 1165 1173
    1173 1173 3948 3948 4349 0 0 0 0 0 1153 1153 1153 1138 1126 1123
    1119 1115 1105 1101 1094 1090 1087 1077 1070 1067 1067 1067 1067
    1073 1077 1080 1080 1080 1080 1080 1087 1094 1097 1101 1108 1108
    1108 1108 1108 1112 1112 1112 1119 1123 1126 1126 1130 1134 1138
    1138 1138 1138 1141 1145 1153 1157 1157 1161 1165 1169 1173 1173
    1173 1173 4405 4463 0 0 0 0 1153 1153 1145 1138 1126 1123 1119 1112
    1105 1101 1094 1090 1087 1077 1070 1067 1067 1067 1067 1070 1073
    1077 1080 1080 1084 1084 1087 1090 1094 1097 1101 1101 1108 1108
    1108 1108 1108 1119 1119 1123 1123 1126 1126 1130 1138 1138 1141
    1141 1141 1145 1153 1157 1157 1157 1157 1157 1157 1169 1173 1173
    4405 4463 0 0 0 0 1153 1153 1145 1134 1126 1123 1119 1112 1105 1105
    1094 1090 1084 1077 1070 1067 1067 1067 1067 1070 1073 1077 1080
    1080 1084 1084 1087 1090 1094 1097 1101 1101 1108 1108 1108 1108
    1108 1119 1119 1123 1123 1126 1126 1130 1134 1138 1141 1141 1141
    1149 1153 1157 1157 1157 1157 1157 1157 1169 1173 1173 4405 4463 0 0
    0 0 1153 1153 1145 1134 1126 1123 1119 1115 1108 1105 1094 1090 1084
    1077 1070 1067 1067 1067 1067 1070 1077 1077 1080 1080 1084 1084
    1087 1090 1094 1097 1101 1105 1105 1108 1108 1112 1112 1119 1123
    1123 1126 1126 1126 1130 1134 1138 1141 1141 1145 1149 1153 1157
    1157 1157 1157 1157 1157 1169 1169 1173 4405 0 0 0 0 0 1153 1153
    1145 1134 1126 1123 1119 1115 1108 1105 1094 1090 1084 1073 1070
    1070 1070 1067 1067 1073 1077 1077 1080 1084 1084 1087 1090 1090
    1094 1101 1101 1105 1105 1108 1108 1112 1119 1123 1123 1123 1126
    1126 1130 1130 1138 1141 1141 1145 1145 1149 1153 1157 1157 1157
    1157 1157 1157 1165 1165 1173 0 0 0 0 0 0 1157 1157 1145 1138 1126
    1123 1119 1115 1108 1101 1094 1090 1077 1073 1070 1070 1070 1070
    1070 1077 1077 1077 1080 1084 1087 1090 1090 1090 1094 1101 1101
    1105 1108 1108 1112 1115 1119 1123 1123 1126 1126 1130 1134 1134
    1141 1141 1141 1145 1145 1153 1153 1157 1157 1157 1157 1161 1161
    1165 1165 1165 0 0 0 0 0 0 0 1153 1145 1138 1126 1123 1119 1115 1108
    1101 1094 1090 1077 1073 1070 1067 1067 1070 1077 1077 1077 1080
    1080 1084 1087 1090 1090 1090 1094 1101 1101 1105 1108 1108 1112
    1112 1119 1123 1123 1126 1126 1130 1134 1138 1141 1141 1141 1145
    1153 1153 1157 1157 1157 1157 1161 1161 1165 1169 1169 1169 4463 0 0
    0 0 0 0 1153 1145 1138 1134 1123 1119 1115 1108 1101 1094 1090 1077
    1073 1070 1067 1067 1070 1077 1077 1077 1080 1080 1084 1084 1090
    1090 1094 1094 1101 1101 1108 1108 1112 1112 1112 1123 1123 1126
    1126 1126 1130 1134 1138 1141 1141 1141 1149 1153 1153 1157 1157
    1161 1161 1161 1165 1169 1169 1169 1169 4463 0 0 0 0 0 1157 1153
    1145 1138 1134 1123 1119 1115 1108 1101 1094 1090 1077 1073 1070
    1067 1067 1070 1077 1077 1077 1080 1080 1084 1084 1090 1090 1094
    1094 1101 1101 1108 1108 1112 1112 1112 1119 1123 1126 1126 1126
    1130 1134 1138 1141 1141 1141 1149 1153 1153 1157 1157 1161 1161
    1165 1169 1169 1169 1169 1169 0 0 0 0 0 0 1157 1153 1145 1138 1130
    1123 1119 1115 1108 1101 1094 1090 1077 1070 1070 1067 1067 1073
    1077 1077 1080 1080 1080 1084 1087 1090 1094 1094 1097 1105 1105
    1108 1108 1112 1115 1115 1119 1123 1126 1126 1126 1130 1134 1141
    1141 1145 1145 1149 1153 1153 1153 1157 1161 1165 1165 1169 1169
    1169 1169 0 0 0 0 0 0 0 0 1149 1145 1138 1130 1126 1123 1115 1108
    1101 1094 1084 1077 1070 1070 1070 1070 1073 1077 1077 1080 1080
    1080 1084 1087 1094 1094 1097 1097 1105 1105 1108 1108 1115 1119
    1123 1123 1123 1126 1130 1130 1130 1134 1138 1141 1145 1145 1149
    1153 1153 1153 1157 1161 1165 1169 1169 1169 1169 1173 1173 0 0 0 0
    0 0 0 1149 1141 1138 1130 1126 1123 1115 1108 1097 1094 1080 1077
    1070 1070 1070 1070 1073 1077 1077 1080 1080 1084 1087 1087 1094
    1094 1097 1101 1105 1105 1108 1108 1115 1119 1119 1123 1126 1126
    1130 1130 1130 1134 1138 1141 1149 1149 1149 1153 1153 1153 1157
    1161 1165 1169 1169 1169 1173 1177 1177 0 0 0 0 0 0 0 1149 1141 1138
    1130 1123 1119 1115 1108 1097 1090 1080 1077 1073 1070 1070 1070
    1073 1077 1077 1080 1080 1084 1087 1090 1094 1094 1094 1097 1105
    1105 1108 1108 1115 1119 1119 1123 1126 1126 1130 1130 1134 1138
    1141 1141 1149 1149 1149 1153 1153 1153 1157 1161 1165 1169 1169
    1169 1173 1177 1177 0 0 0 0 0 0 1145 1145 1141 1138 1130 1123 1119
    1115 1108 1101 1090 1080 1077 1073 1070 1070 1070 1073 1077 1080
    1080 1080 1084 1087 1090 1094 1094 1094 1097 1105 1108 1108 1112
    1112 1123 1123 1123 1126 1126 1126 1130 1134 1138 1141 1141 1149
    1149 1149 1153 1153 1157 1157 1161 1165 1165 1169 1169 1173 1173 0 0
    0 0 0 0 0 1145 1145 1141 1138 1134 1126 1123 1115 1108 1101 1090
    1080 1077 1073 1070 1070 1070 1073 1077 1080 1080 1080 1084 1087
    1090 1094 1094 1097 1101 1105 1108 1108 1112 1112 1119 1123 1123
    1126 1126 1126 1130 1134 1138 1141 1145 1149 1149 1149 1153 1157
    1157 1157 1161 1165 1165 1169 1169 1173 1173 0 0 0 0 0 0 0 0 1149
    1141 1138 1134 1126 1123 1112 1105 1101 1094 1084 1077 1073 1073
    1070 1070 1077 1080 1080 1080 1080 1084 1087 1090 1094 1094 1097
    1101 1108 1108 1112 1112 1112 1119 1123 1126 1126 1126 1130 1130
    1134 1138 1141 1145 1153 1153 1153 1153 1157 1157 1157 1161 1165
    1169 1169 1169 1173 1173 0 0 0 0 0 0 0 0 1149 1141 1138 1134 1126
    1123 1112 1105 1101 1094 1084 1080 1077 1073 1073 1073 1077 1080
    1080 1080 1084 1084 1090 1094 1094 1094 1101 1105 1108 1108 1112
    1115 1119 1123 1123 1126 1126 1130 1130 1134 1138 1138 1141 1149
    1153 1153 1153 1153 1157 1161 1161 1165 1165 1169 1169 1173 1173
    1173 0 0 0 0 0 0 0 1149 1149 1145 1138 1130 1126 1123 1108 1105 1101
    1090 1084 1080 1077 1077 1077 1077 1077 1080 1080 1084 1084 1087
    1090 1094 1094 1097 1101 1105 1108 1108 1112 1115 1119 1123 1126
    1126 1130 1134 1134 1138 1138 1138 1141 1145 1153 1153 1153 1153
    1157 1161 1161 1165 1165 1169 1173 1173 1181 0 0 0 0 0 0 0 0 1149
    1149 1145 1138 1130 1123 1119 1108 1105 1101 1090 1080 1080 1077
    1077 1077 1077 1077 1080 1080 1084 1084 1087 1090 1094 1097 1097
    1101 1105 1108 1112 1112 1115 1119 1123 1126 1126 1130 1134 1134
    1134 1138 1141 1145 1145 1149 1153 1153 1153 1157 1161 1161 1169
    1169 1169 1173 1173 1177 0 0 0 0 0 0 0 0 1161 1157 1145 1138 1130
    1123 1119 1112 1105 1101 1087 1080 1080 1077 1077 1077 1077 1077
    1080 1080 1084 1087 1087 1090 1094 1097 1097 1101 1105 1108 1108
    1112 1112 1119 1123 1126 1126 1126 1134 1134 1134 1138 1141 1145
