<?xml version="1.0"?>
<opencv_storage>
<Depth12280 type_id="opencv-matrix">
  <rows>8</rows>
  <cols>12</cols>
  <dt>w</dt>
  <data>
    7332 7332 7332 7030 7030 6889 6889 6889 6753 6753 6889 6889 7030
    7030 7030 7030 7030 7030 6889 6889 6889 6889 6889 7030 7030 7030
    7030 7030 6889 6889 6889 6889 6889 6889 6889 7030 7030 7030 7030
    7030 6889 6889 7030 6889 6889 6889 6889 7030 7030 7030 7030 7030
    6889 6889 7030 7030 7030 7030 7030 7030 7030 7030 7030 6889 6889
    6889 7030 0 0 0 3433 3399 7030 7030 7030 6889 6889 0 0 0 0 0 3399
    3333 7030 7178 7332 0 0 0 0 0 0 3365 3365 3300</data></Depth12280>
</opencv_storage>
