<?xml version="1.0"?>
<opencv_storage>
<Depth9141 type_id="opencv-matrix">
  <rows>5</rows>
  <cols>14</cols>
  <dt>w</dt>
  <data>
    7492 7492 7492 7492 7660 7660 7660 7492 7492 7660 7660 7660 7835
    8212 7492 7492 7492 7492 7492 7660 7660 7492 7492 7492 7492 7660
    7660 8212 7660 7492 7492 7492 7492 7492 7492 7660 7492 7492 7492
    7492 7492 7492 7492 7492 7492 7492 7492 7492 7492 7492 7332 7332
    7492 7492 7492 7492 7492 7492 7492 7492 7492 7332 7332 7332 7332
    7332 7492 7492 7660 7492</data></Depth9141>
</opencv_storage>
