<?xml version="1.0"?>
<opencv_storage>
<Depth9578 type_id="opencv-matrix">
  <rows>57</rows>
  <cols>96</cols>
  <dt>w</dt>
  <data>
    3994 3994 3994 3994 3994 3994 4041 4041 1322 1317 1312 1312 1312
    1317 1312 1312 1312 3859 3859 3903 3903 3903 3903 3903 3903 3903
    3903 3903 3903 3859 3859 3859 3859 3859 3859 3859 3816 3816 3816
    3816 3816 3816 3774 3774 3816 3816 3816 3816 3816 3816 3816 3816
    3816 3774 3774 3774 3774 3774 3774 3732 3732 3732 3774 3774 3774
    3774 3774 3774 3732 3732 3653 3653 3653 3614 3614 3653 3692 3692
    3692 3692 3692 3692 3653 3614 3614 3614 2883 2859 2812 2812 2835
    2835 2835 2835 2835 2835 3994 3994 3994 4041 4041 1312 1312 1317
    1317 1312 1312 1312 1312 1312 1312 1312 1312 1307 1302 1302 3903
    3903 3948 3903 3903 3903 3903 3903 3903 3903 3859 3859 3859 3859
    3859 3859 3816 3816 3816 3816 3816 3816 3774 3774 3816 3816 3816
    3816 3816 3816 3816 3816 3816 3774 3774 3774 3774 3774 3774 3732
    3732 3732 3732 3774 3774 3774 3732 3732 3732 3732 3692 3653 3614
    3614 3614 3653 3692 3692 3692 3732 3732 3692 3692 3653 3614 3614
    2859 2859 2812 2812 2812 2812 2859 2835 2835 2812 3994 4041 4041
    4041 1317 1312 1312 1312 1312 1307 1307 1307 1307 1307 1307 1307
    1302 1297 1297 1297 1297 1297 1297 1297 1297 1297 3948 3903 3903
    3903 3859 3859 3859 3859 3859 3859 3816 3816 3816 3816 3816 3816
    3816 3816 3816 3816 3859 3816 3816 3816 3816 3816 3774 3774 3774
    3774 3774 3774 3774 3732 3732 3732 3732 3774 3774 3774 3732 3732
    3732 3732 3692 3653 3614 3614 3614 3653 3692 3692 3732 3732 3732
    3732 3692 3653 3614 3576 2859 2835 2812 2812 2812 2812 2859 2835
    2835 2812 3948 3994 3994 4041 1317 1317 1312 1312 1302 1302 1297
    1297 1297 1297 1302 1302 1302 1297 1297 1297 1297 1297 1297 1297
    1297 1297 1297 1297 1297 3903 3859 3859 3859 3859 3859 3816 3816
    3816 3816 3816 3816 3816 3816 3816 3816 3816 3859 3816 3816 3816
    3816 3816 3774 3774 3774 3774 3732 3732 3732 3732 3732 3732 3732
    3732 3732 3732 3732 3732 3732 3692 3692 3614 3614 3614 3614 3653
    3692 3692 3732 3732 3732 3732 3692 3653 3614 2812 2812 2812 2812
    2812 2812 2835 2835 2835 2835 2812 3948 3903 3903 3903 1317 1317
    1312 1307 1302 1297 1297 1297 1297 1297 1297 1297 1302 1297 1297
    1297 1297 1297 1297 1297 1297 1297 1292 1292 1292 1292 1292 1288
    1288 3859 3859 3816 3816 3774 3774 3816 3816 3816 3774 3774 3774
    3816 3859 3816 3816 3816 3774 3774 3774 3774 3774 3774 3732 3732
    3732 3732 3732 3732 3732 3732 3732 3732 3732 3732 3732 3653 3653
    3614 3614 3614 3614 3653 3692 3692 3732 3732 3732 3732 3732 3692
    3614 2812 2789 2789 2789 2789 2812 2835 2835 2835 2812 2812 3948
    3903 3903 3903 1349 1312 1312 1302 1297 1292 1292 1297 1297 1297
    1297 1297 1297 1297 1297 1297 1292 1292 1292 1292 1292 1292 1292
    1292 1292 1292 1292 1288 1288 1288 1288 1288 3816 3774 3732 3732
    3816 3774 3732 3732 3732 3774 3774 3774 3774 3774 3774 3774 3774
    3774 3774 3774 3774 3774 3732 3732 3732 3732 3732 3732 3732 3732
    3732 3732 3692 3614 3614 3614 3614 3614 3614 3653 3692 3692 3732
    3732 3732 3732 3732 3692 3653 2812 2789 2789 2789 2789 2812 2835
    2835 2835 2812 2812 3948 3903 3903 3903 1349 1349 1312 1297 1292
    1292 1292 1292 1292 1292 1292 1292 1292 1292 1292 1292 1292 1292
    1292 1292 1292 1288 1288 1283 1283 1288 1288 1292 1292 1288 1288
    1292 1292 1292 3732 3732 3816 3774 3732 3732 3732 3774 3774 3774
    3774 3774 3774 3774 3774 3774 3774 3774 3774 3732 3732 3732 3732
    3732 3732 3732 3732 3732 3692 3692 3692 3614 3614 3614 3614 3614
    3614 3653 3692 3692 3732 3732 3732 3732 3732 3692 3692 2835 2812
    2812 2812 2812 2835 2835 2835 2812 2812 2812 3948 3903 3903 3903
    1354 1349 1312 1288 1288 1288 1288 1288 1288 1288 1288 1292 1292
    1292 1288 1288 1288 1288 1288 1288 1288 1283 1283 1283 1283 1283
    1288 1288 1288 1288 1283 1278 1278 1278 1278 1278 1278 1283 3732
    3732 3732 3732 3732 3816 3774 3774 3774 3774 3774 3732 3732 3732
    3774 3732 3732 3732 3732 3732 3732 3732 3732 3732 3692 3692 3692
    3614 3614 3614 3576 3576 3614 3653 3692 3692 3732 3732 3732 3732
    3732 3692 2933 2859 2812 2812 2812 2835 2835 2812 2812 2812 2812
    2789 3994 3994 3994 3994 1354 1354 1354 1283 1283 1283 1283 1283
    1283 1283 1278 1278 1278 1278 1278 1283 1283 1283 1283 1288 1288
    1283 1278 1278 1278 1278 1283 1283 1283 1283 1283 1278 1278 1278
    1278 1278 1278 1283 1278 1278 1278 3732 3732 3816 3774 3774 3774
    3774 3774 3732 3732 3732 3732 3732 3732 3732 3732 3732 3732 3732
    3732 3692 3692 3692 3653 3614 3614 3614 3576 3576 3614 3653 3692
    3692 3732 3732 3732 3692 3692 3692 2883 2859 2835 2835 2835 2835
    2812 2812 2812 2812 2812 2789 3994 3994 3994 1370 1354 1354 1354
    1278 1278 1278 1278 1278 1278 1278 1278 1278 1278 1278 1278 1278
    1278 1278 1278 1278 1278 1278 1278 1278 1278 1278 1278 1278 1278
    1278 1278 1278 1278 1278 1278 1278 1278 1278 1278 1278 1273 1273
    1278 1278 1278 1278 3774 3774 3774 3732 3732 3732 3732 3732 3732
    3732 3732 3732 3732 3732 3732 3692 3692 3692 3653 3614 3614 3614
    3576 3576 3614 3653 3653 3692 3732 3732 3732 3692 3692 2859 2859
    2859 2835 2835 2835 2835 2812 2812 2812 2812 2812 2812 4041 4041 0
    1370 1370 1359 1273 1273 1278 1278 1278 1278 1278 1278 1273 1273
    1278 1278 1278 1278 1273 1273 1273 1273 1273 1273 1273 1273 1273
    1273 1273 1273 1273 1273 1273 1273 1278 1273 1273 1273 1273 1278
    1278 1278 1273 1273 1278 1273 1273 1273 1273 1273 1273 3774 3732
    3732 3732 3732 3732 3732 3732 3732 3732 3732 3732 3732 3732 3653
    3614 3614 3614 3576 3576 3576 3614 3653 3653 3692 3732 3732 3732
    3692 3692 2859 2859 2859 2812 2812 2812 2812 2812 2812 2812 2812
    2812 2812 4041 4041 4041 1370 1370 1365 1273 1273 1273 1273 1273
    1273 1273 1273 1273 1273 1273 1273 1273 1273 1273 1273 1273 1268
    1268 1268 1268 1268 1273 1273 1268 1268 1268 1273 1268 1268 1273
    1273 1268 1268 1268 1273 1273 1273 1273 1273 1273 1273 1273 1273
    1273 1273 1268 1264 1259 1259 1259 3692 3692 3732 3732 3732 3732
    3732 3692 3692 3653 3614 3614 3576 3576 3576 3576 3576 3614 3653
    3653 3692 3732 3732 3732 3732 3692 2859 2859 2859 2812 2812 2789
    2789 2812 2812 2812 2812 2812 2789 4041 4041 4041 1376 1376 1376
    1268 1268 1268 1268 1268 1273 1273 1273 1268 1268 1268 1268 1273
    1273 1268 1268 1268 1264 1264 1264 1264 1264 1268 1268 1268 1264
    1264 1264 1259 1259 1264 1264 1264 1264 1264 1268 1268 1268 1268
    1268 1268 1268 1268 1268 1268 1268 1264 1264 1259 1259 1259 1264
    1264 1268 3732 3732 3732 3692 3692 3653 3614 3614 3614 3576 3576
    3576 3576 3576 3614 3653 3692 3692 3732 3732 3732 3732 3732 2859
    2859 2835 2812 2789 2789 2789 2812 2812 2812 2812 2812 2789 3903
    3903 0 1268 1268 1268 1268 1264 1264 1264 1264 1268 1268 1268 1264
    1264 1264 1264 1264 1264 1264 1264 1264 1259 1259 1259 1259 1259
    1259 1259 1259 1259 1259 1259 1259 1259 1259 1259 1259 1259 1259
    1268 1268 1264 1264 1264 1264 1264 1264 1264 1264 1264 1259 1259
    1259 1259 1259 1259 1259 1264 1264 1259 3614 3614 3614 3614 3614
    3614 3614 3576 3576 3576 3576 3576 3614 3653 3692 3692 3732 3732
    3732 3732 2883 2859 2835 2812 2812 2789 2789 2789 2812 2812 2812
    2812 2812 2789 3903 3903 0 1268 1268 1268 1264 1259 1259 1259 1259
    1259 1259 1259 1259 1259 1259 1259 1259 1259 1259 1259 1259 1259
    1259 1259 1259 1259 1255 1255 1259 1259 1255 1255 1255 1255 1255
    1255 1259 1259 1259 1264 1264 1264 1264 1264 1259 1259 1259 1259
    1259 1259 1259 1259 1259 1259 1259 1259 1259 1259 1259 1259 1259
    1259 1259 3614 3614 3614 3614 3614 3576 3576 3576 3576 3614 3614
    3692 3692 3692 3692 3732 3732 2859 2859 2812 2789 2789 2789 2789
    2789 2835 2812 2812 2812 2789 2789 3903 3903 0 1268 1268 1268 1264
    1259 1259 1259 1255 1255 1259 1259 1259 1259 1259 1259 1259 1259
    1259 1259 1259 1255 1255 1259 1255 1255 1255 1255 1255 1255 1255
