<?xml version="1.0"?>
<opencv_storage>
<Depth9478 type_id="opencv-matrix">
  <rows>80</rows>
  <cols>48</cols>
  <dt>w</dt>
  <data>
    4041 4041 4041 4041 4041 4041 4041 4041 4041 4041 1439 1439 1445
    1445 1445 1445 1445 3994 3994 3994 3994 3994 4041 3994 3994 3994
    3994 3994 3994 3994 3994 3994 3994 3994 3994 3994 3994 4041 4041
    4041 4041 3994 3994 3994 3994 3994 3994 3994 4041 4041 4041 4041
    4041 4041 4041 1458 1458 1445 1445 1445 1445 1439 1433 1433 1433
    3994 3994 3994 3994 3994 3994 3994 3994 3994 3994 3994 3994 3994
    3994 3994 3994 3994 3994 3994 3994 4041 4041 4041 4041 3994 3994
    3994 3994 3994 3994 3948 4041 4041 4041 4041 4041 1470 1464 1458
    1445 1445 1445 1439 1439 1404 1398 1398 1398 1398 3994 3994 3994
    3994 3994 3994 3994 3994 3994 3994 3994 3994 3994 3994 3994 3994
    3948 3948 3994 3994 4041 4041 4041 4041 3994 3994 3994 3994 3994
    3948 4089 4041 4041 4041 4041 1470 1464 1458 1445 1445 1439 1421
    1404 1398 1392 1392 1387 1376 1370 1359 1359 3994 3994 4041 4041
    3994 3994 3994 3994 3994 3994 3994 3994 3948 3948 3948 3948 3994
    3994 3994 4041 3994 3994 3994 3994 3994 3948 3948 4089 4089 4041
    4041 4041 1470 1458 1458 1445 1439 1439 1415 1398 1387 1387 1381
    1370 1365 1349 1343 1343 1349 1349 1354 1354 1354 1288 1288 3994
    3994 3994 3994 3994 3948 3903 3903 3903 3948 3948 3994 1292 1292
    1278 1278 3994 3994 3948 3903 4089 4041 4041 4041 1470 1470 1458
    1458 1445 1439 1433 1415 1398 1381 1376 1370 1359 1354 1349 1338
    1338 1338 1333 1333 1333 1288 1288 0 0 0 1268 3948 3948 3948 3903
    3903 3903 1317 1302 1297 1292 1292 1278 1278 1288 1288 3903 3903
    4089 4041 4041 4041 4041 1470 1452 1452 1445 1439 1427 1415 1398
    1381 1365 1359 1354 1343 1338 1333 1328 1322 1312 1292 1288 1288
    1288 1268 1268 1268 1268 1273 1273 1273 3903 3903 3903 1307 1302
    1297 1292 1292 1292 1283 1283 1283 1278 3903 4089 4041 4041 4041
    4041 1464 1452 1445 1439 1433 1421 1415 1404 1381 1365 1354 1349
    1338 1333 1322 1317 1312 1307 1288 1283 1273 1268 1268 1268 1268
    1268 1273 1273 1273 1259 1259 1302 1302 1292 1292 1288 1288 1288
    1278 1278 1278 1278 3903 4041 4041 3994 3994 3994 1464 1452 1445
    1439 1427 1421 1415 1398 1381 1365 1354 1349 1338 1333 1322 1312
    1307 1302 1273 1259 1259 1259 1259 1259 1259 1259 1259 1259 1259
    1259 1259 1264 1292 1288 1283 1283 1283 1283 1278 1278 1278 1278
    1278 4041 3994 3994 3994 1464 1452 1445 1445 1439 1427 1421 1415
    1387 1376 1370 1354 1354 1343 1333 1317 1312 1307 1302 1268 1259
    1255 1255 1250 1250 1250 1250 1259 1259 1259 1259 1259 1264 1264
    1268 1278 1278 1278 1278 1278 1278 1278 1278 1283 4041 3994 3994
    3994 1458 1452 1445 1445 1439 1427 1421 1415 1381 1376 1365 1359
    1354 1343 1328 1317 1307 1302 1292 1268 1259 1255 1255 1250 1250
    1250 1250 1250 1250 1259 1259 1259 1259 1264 1264 1268 1273 1273
    1273 1278 1278 1278 1283 0 4041 3994 3994 3994 1458 1458 1452 1445
    1439 1427 1421 1410 1381 1370 1365 1359 1349 1343 1328 1317 1307
    1292 1288 1273 1264 1255 1255 1250 1250 1250 1250 1250 1250 1259
    1259 1259 1259 1264 1264 1268 1273 1273 1273 1278 1278 1278 1283
    1283 4041 3994 3994 3994 1464 1458 1452 1445 1439 1427 1415 1404
    1381 1370 1365 1359 1349 1338 1322 1312 1307 1292 1288 1273 1264
    1259 1255 1250 1250 1250 1250 1250 1255 1259 1259 1259 1259 1264
    1264 1268 1273 1273 1273 1273 1278 1278 1278 1278 4041 3994 3994
    3994 1464 1458 1452 1445 1439 1427 1415 1392 1381 1376 1365 1359
    1349 1338 1322 1312 1302 1292 1288 1273 1264 1259 1255 1250 1250
    1250 1250 1250 1250 1255 1259 1259 1259 1264 1268 1273 1273 1273
    1273 1273 1273 1278 1278 1278 4041 3994 3994 3994 1464 1458 1452
    1445 1439 1427 1415 1392 1381 1376 1365 1354 1349 1338 1322 1312
    1302 1292 1288 1273 1264 1259 1255 1255 1250 1250 1250 1250 1250
    1255 1259 1259 1264 1264 1268 1273 1273 1273 1273 1273 1273 1278
    1278 1278 4041 3994 3994 3994 1464 1458 1452 1445 1439 1427 1415
    1392 1381 1370 1359 1354 1349 1338 1322 1312 1302 1292 1283 1273
    1264 1259 1255 1255 1250 1250 1255 1255 1255 1259 1259 1259 1264
    1264 1268 1273 1273 1273 1273 1273 1278 1278 1283 1283 4041 3994
    3948 1470 1464 1458 1452 1445 1439 1427 1415 1392 1376 1370 1359
    1354 1349 1338 1322 1312 1302 1292 1283 1273 1268 1259 1255 1255
    1250 1250 1255 1255 1255 1255 1259 1259 1264 1268 1268 1273 1273
    1273 1273 1273 1278 1278 1278 1278 3994 3994 3948 1470 1452 1452
    1445 1439 1433 1427 1415 1387 1376 1370 1359 1349 1343 1338 1322
    1312 1302 1292 1283 1273 1268 1259 1255 1250 1250 1250 1250 1250
    1250 1255 1255 1259 1264 1268 1268 1273 1273 1273 1273 1273 1278
    1278 1278 0 3994 3994 3948 3948 1452 1452 1445 1439 1433 1421 1415
    1387 1376 1370 1359 1349 1343 1333 1322 1312 1302 1292 1283 1273
    1268 1259 1255 1250 1250 1250 1250 1250 1250 1255 1255 1259 1264
    1268 1268 1273 1273 1273 1273 1273 1278 1278 1278 0 4041 3994 3994
    3994 1464 1458 1445 1439 1427 1421 1398 1387 1376 1370 1359 1349
    1343 1333 1322 1307 1292 1288 1278 1273 1264 1259 1255 1250 1250
    1250 1250 1250 1255 1255 1255 1259 1264 1264 1268 1273 1273 1273
    1278 1278 1278 1278 1278 1278 4041 3994 3994 3994 1464 1452 1445
    1439 1427 1421 1398 1387 1376 1370 1359 1349 1343 1333 1322 1307
    1292 1288 1278 1268 1259 1255 1255 1250 1250 1250 1250 1250 1255
    1259 1259 1259 1259 1259 1268 1273 1273 1273 1278 1278 1278 1278
    1278 1278 4041 4041 4089 1470 1464 1452 1445 1439 1427 1421 1398
    1387 1376 1365 1354 1349 1338 1333 1317 1307 1292 1288 1278 1268
    1259 1255 1255 1250 1250 1250 1250 1255 1255 1259 1259 1259 1259
    1259 1268 1273 1273 1273 1273 1273 1278 1278 1283 1283 4041 4041
    4041 1470 1452 1445 1445 1433 1427 1421 1398 1387 1376 1365 1354
    1343 1338 1328 1317 1307 1288 1283 1273 1268 1259 1255 1255 1250
    1250 1250 1255 1255 1255 1259 1259 1259 1259 1264 1268 1268 1268
    1273 1273 1273 1278 1278 1278 1278 4041 4041 4041 4041 1452 1445
    1445 1433 1427 1415 1392 1387 1376 1365 1354 1343 1333 1328 1317
    1307 1288 1283 1273 1264 1259 1255 1255 1250 1250 1250 1255 1255
    1255 1259 1259 1259 1259 1264 1268 1268 1268 1273 1273 1273 1278
    1278 1278 1278 4041 4041 4041 4041 1445 1445 1439 1439 1427 1415
    1392 1387 1376 1365 1354 1343 1333 1322 1312 1307 1288 1283 1273
    1264 1259 1255 1250 1250 1250 1250 1250 1255 1255 1259 1259 1259
    1259 1264 1268 1268 1268 1268 1268 1273 1273 1278 1283 1288 4041
    4041 4041 1452 1445 1445 1439 1439 1427 1398 1387 1381 1370 1365
    1354 1343 1333 1322 1312 1292 1288 1283 1273 1264 1259 1255 1250
    1250 1250 1250 1250 1255 1255 1259 1259 1259 1259 1264 1268 1268
    1273 1268 1268 1273 1273 1278 1278 1288 4041 4041 4041 1452 1445
    1445 1439 1433 1421 1398 1387 1381 1370 1359 1349 1343 1333 1322
    1312 1292 1288 1278 1273 1264 1255 1250 1250 1250 1250 1250 1250
    1255 1255 1259 1259 1259 1259 1268 1268 1273 1273 1273 1273 1273
    1273 1278 1278 1278 3994 3994 3994 1458 1445 1445 1439 1433 1421
    1398 1387 1376 1370 1359 1349 1343 1333 1322 1312 1292 1288 1278
    1273 1264 1255 1250 1250 1250 1250 1250 1250 1250 1255 1259 1259
    1259 1259 1268 1268 1273 1273 1273 1273 1273 1273 1273 1283 1283
    3994 3948 3948 3948 1452 1445 1439 1427 1421 1398 1387 1376 1365
    1354 1349 1343 1333 1322 1312 1292 1288 1278 1268 1268 1259 1250
    1250 1245 1245 1250 1250 1250 1255 1259 1259 1259 1259 1268 1268
    1273 1273 1273 1273 1273 1273 1273 1278 1278 3994 3948 3948 1464
    1452 1445 1439 1427 1421 1398 1387 1376 1365 1354 1349 1343 1333
    1322 1312 1292 1288 1278 1268 1264 1259 1250 1250 1245 1245 1250
    1250 1250 1255 1255 1259 1259 1259 1268 1268 1273 1273 1273 1273
    1273 1273 1278 1278 1278 3994 3994 4041 1464 1452 1445 1439 1433
    1421 1398 1387 1376 1365 1354 1349 1343 1328 1317 1312 1292 1283
    1273 1268 1264 1255 1250 1250 1245 1245 1250 1250 1250 1255 1255
