<?xml version="1.0"?>
<opencv_storage>
<Depth3070 type_id="opencv-matrix">
  <rows>15</rows>
  <cols>41</cols>
  <dt>w</dt>
  <data>
    2522 2503 2485 2485 2485 2485 2485 2485 2467 2467 2467 2467 2485
    2467 2450 2450 2450 2450 2450 2450 2450 2450 2450 2450 2432 2432
    2432 2432 2432 2415 2415 2415 2415 2415 2415 2415 2415 2415 2415
    2432 2415 2503 2503 2485 2485 2485 2485 2485 2485 2467 2467 2467
    2467 2485 2467 2450 2450 2450 2450 2450 2450 2450 2450 2450 2432
    2432 2432 2432 2432 2415 2415 2415 2415 2415 2415 2415 2415 2415
    2415 2415 2415 2415 2485 2485 2485 2485 2485 2485 2485 2485 2485
    2467 2467 2485 2467 2467 2450 2450 2450 2450 2450 2450 2450 2450
    2432 2432 2432 2432 2415 2415 2415 2415 2415 2432 2415 2415 2415
    2415 2415 2415 2415 2415 2415 2485 2485 2485 2485 2485 2485 2485
    2485 2485 2467 2467 2485 2467 2467 2450 2450 2450 2450 2467 2467
    2450 2450 2432 2432 2432 2432 2415 2415 2415 2415 2415 2432 2415
    2415 2415 2415 2415 2398 2398 2415 2398 2485 2485 2485 2485 2485
    2485 2485 2485 2467 2467 2485 2467 2467 2467 2450 2450 2450 2450
    2450 2450 2450 2450 2432 2432 2432 2432 2415 2415 2415 2415 2415
    2432 2415 2415 2415 2415 2415 2398 2398 2398 2398 2485 2485 2485
    2503 2503 2503 2485 2485 2467 2467 2485 2467 2467 2450 2450 2450
    2450 2450 2450 2450 2450 2450 2432 2432 2432 2432 2415 2415 2415
    2415 2415 2415 2415 2415 2415 2398 2398 2398 2398 2398 2381 2503
    2485 2485 2503 2503 2503 2485 2485 2485 2485 2485 2467 2467 2450
    2450 2467 2450 2450 2450 2450 2450 2450 2450 2432 2432 2432 2415
    2415 2415 2415 2415 2415 2415 2415 2415 2398 2398 2398 2398 2398
    2381 5210 2485 2485 2503 2503 2503 2503 2485 2485 2485 2485 2485
    2485 2467 2467 2467 2467 2467 2450 2450 2450 2450 2450 2432 2432
    2432 2432 2415 2415 2415 2415 2415 2415 2415 2415 2398 2398 2398
    2398 2381 2381 5210 5210 2560 2541 2522 2522 2503 2503 2503 2503
    2503 2485 2485 2485 2485 2485 2467 2467 2467 2450 2450 2450 2450
    2432 2432 2432 2432 2432 2415 2415 2415 2415 2415 2415 2415 2398
    2398 2398 2398 2381 2381 5210 5210 5210 2560 2541 2541 2522 2522
    2522 2522 2503 2503 2503 2485 2485 2485 2485 2485 2467 2467 2467
    2467 2450 2450 2450 2450 2450 2432 2432 2432 2415 2415 2415 2415
    2415 2415 2415 2415 2398 2381 2381 5132 5132 5132 5056 2541 2541
    2541 2541 2560 2541 2541 2522 2503 2503 2503 2485 2485 2485 2485
    2485 2485 2485 2467 2467 2467 2467 2450 2450 2450 2432 2432 2432
    2415 2415 2415 2415 2415 2415 2415 2381 2381 5132 5132 5132 5056
    4983 2560 2560 2560 2560 2541 2541 2522 2522 2503 2503 2503 2503
    2503 2485 2485 2485 2485 2485 2485 2485 2485 2467 2450 2450 2450
    2450 2432 2432 2432 2432 2432 2432 2432 2450 2450 2485 5210 5210
    5210 5056 5056 5056 5056 2560 2560 5056 2541 2541 5056 5056 2522
    2522 2522 2522 2503 2503 2485 2485 2503 2485 2485 2485 2485 2467
    2467 2467 2450 2450 2450 2450 2432 2432 2450 2467 2467 2485 2485
    5210 5210 5210 5132 5132 5132 5132 5132 5056 5056 5056 5056 5056
    5056 5056 4983 4983 4983 4911 2503 2503 2503 2503 2485 2485 2503
    2503 2467 2467 2467 2467 2467 2467 2450 2450 2450 2467 2467 2467
    2467 2467 5210 5210 5210 5132 5132 5132 5132 5132 5132 5056 5056
    5056 5056 5056 5056 4983 4983 4983 4983 4983 4983 4983 4983 4983
    4983 4911 2503 2467 2467 2485 2485 2485 2485 2467 2467 2467 2467
    2467 2467 2467 2467</data></Depth3070>
</opencv_storage>
