<?xml version="1.0"?>
<opencv_storage>
<Depth5450 type_id="opencv-matrix">
  <rows>19</rows>
  <cols>12</cols>
  <dt>w</dt>
  <data>
    2598 2598 2598 2398 2398 3653 3614 3539 3468 3468 1149 1149 2579
    2579 3614 3614 3614 3614 3576 3539 3468 3468 1153 1153 2560 2560
    3614 3614 3576 3576 3576 3576 3503 3503 1157 1157 2560 2560 3576
    3614 3576 3576 3576 3576 3503 3503 3503 3503 2541 2560 3576 3614
    3576 3576 3576 3576 3503 3503 3614 3614 2541 3576 3576 3576 3576
    3576 3576 3576 3576 3576 3614 3614 2618 3576 3576 3576 3576 3576
    3576 3576 3576 3614 3614 3614 2579 3503 3539 3539 3576 3576 3576
    3576 3576 3614 3614 3614 2579 3503 3539 3539 3576 3614 3614 3614
    3614 3614 3614 3576 3503 3503 3539 3539 3576 3576 3614 3614 3614
    3614 3614 3576 3468 3503 3576 3576 3576 3576 3614 3614 3614 3614
    3576 3576 3468 3503 3539 3539 3576 3576 3614 3614 3576 3576 3576
    3503 3503 3503 3539 3539 3576 3576 3614 3614 3576 3576 3576 3503
    3539 3503 3503 3539 3539 3539 3576 3576 3576 3576 3576 3503 3539
    3503 3503 3539 3503 3503 3576 3576 3576 3576 3539 3468 3539 3503
    3503 3503 3503 3503 3539 3576 3576 3576 3539 3468 3503 3503 3503
    3503 3503 3503 3539 3539 3576 3614 3576 3576 3503 3503 3503 3539
    3539 3539 3539 3539 3576 3576 3539 3539 3503 3503 3503 3539 3539
    3576 3576 3576 3576 3576 3539 3539</data></Depth5450>
</opencv_storage>
