<?xml version="1.0"?>
<opencv_storage>
<Depth7007 type_id="opencv-matrix">
  <rows>33</rows>
  <cols>43</cols>
  <dt>w</dt>
  <data>
    4983 4983 4911 4842 2485 2485 2485 2485 2485 2467 2467 2485 2485
    2467 2467 2467 2467 2467 4774 4774 4774 4774 4774 4708 4708 4708
    4708 4708 4708 4708 4708 4774 4774 4774 4708 4708 4708 4708 4708
    4708 4708 4708 4708 5056 4983 4911 4911 2503 2503 2485 2485 2485
    2467 2467 2467 2467 2467 2467 2450 2450 2450 2432 2432 2450 2432
    2432 4708 4708 4708 4708 4708 4708 4708 4708 4774 4774 4774 4708
    4708 4708 4708 4708 4708 4708 4708 4708 5056 5056 4911 4911 2485
    2485 2485 2485 2467 2467 2467 2467 2467 2467 2467 2450 2450 2432
    2432 2432 2450 2432 2432 2432 2432 2432 2432 2432 4708 4708 4708
    4774 4708 4708 4708 4708 4708 4708 4708 4708 4708 4708 4708 5132
    5132 5132 2485 2485 2485 2485 2485 2467 2467 2467 2467 2467 2467
    2467 2450 2450 2432 2432 2432 2450 2432 2432 2432 2432 2432 2432
    2432 2432 2432 2450 4774 4708 4708 4708 4708 4708 4708 4708 4708
    4708 4708 4708 5056 5132 5132 2485 2485 2485 2485 2485 2467 2467
    2467 2467 2467 2467 2467 2450 2450 2432 2432 2432 2450 2450 2450
    2432 2432 2432 2432 2432 2432 2432 2432 2432 2432 2415 2415 4708
    4645 4645 4645 4708 4708 4708 4708 5056 5132 5132 2485 2485 2485
    2485 2485 2467 2467 2467 2467 2467 2467 2467 2450 2450 2432 2432
    2432 2432 2432 2432 2432 2432 2432 2432 2432 2432 2432 2432 2432
    2432 2415 2415 2415 2432 2432 2450 2450 2450 4774 4708 5132 4983
    4983 2485 2485 2485 2485 2485 2467 2467 2467 2467 2450 2450 2450
    2450 2450 2432 2432 2432 2432 2432 2432 2432 2432 2432 2432 2432
    2432 2432 2432 2432 2432 2432 2415 2415 2432 2432 2432 2432 2432
    2432 2432 5056 4983 4983 2485 2485 2485 2485 2485 2467 2467 2467
    2450 2450 2450 2450 2450 2450 2432 2432 2432 2432 2432 2432 2432
    2432 2432 2432 2432 2432 2432 2432 2432 2432 2432 2415 2415 2415
    2415 2432 2432 2432 2432 2432 5056 5056 2467 2467 2467 2485 2485
    2485 2485 2467 2467 2450 2450 2450 2450 2450 2450 2432 2432 2432
    2432 2432 2432 2432 2432 2432 2432 2432 2432 2432 2432 2432 2432
    2415 2415 2415 2415 2415 2415 2432 2432 2432 2432 5210 5210 2467
    2467 2467 2485 2485 2485 2485 2467 2467 2450 2450 2450 2450 2450
    2450 2450 2432 2432 2432 2432 2432 2432 2432 2432 2432 2415 2415
    2432 2432 2415 2415 2415 2415 2415 2415 2415 2415 2415 2415 2415
    2415 5132 2503 2485 2485 2485 2485 2485 2485 2485 2467 2467 2450
    2450 2450 2450 2450 2432 2432 2432 2432 2432 2432 2432 2432 2432
    2415 2415 2415 2415 2432 2432 2415 2415 2415 2415 2415 2415 2415
    2415 2415 2415 2398 2398 2503 2503 2485 2485 2485 2485 2485 2485
    2467 2467 2467 2450 2450 2450 2450 2450 2432 2432 2432 2432 2432
    2432 2432 2432 2432 2415 2415 2415 2415 2432 2432 2415 2415 2415
    2415 2415 2415 2415 2398 2398 2415 2398 2398 2503 2503 2503 2485
    2485 2485 2467 2467 2467 2467 2467 2467 2450 2450 2450 2432 2432
    2432 2432 2432 2432 2432 2432 2432 2415 2415 2415 2415 2415 2415
    2432 2432 2432 2415 2415 2415 2415 2415 2398 2398 2398 2398 2398
    2485 2485 2485 2485 2485 2467 2467 2467 2467 2467 2467 2467 2450
    2450 2432 2432 2432 2432 2432 2432 2432 2432 2432 2432 2415 2415
    2415 2415 2415 2415 2432 2432 2432 2415 2415 2415 2415 2415 2398
    2398 2398 2398 2398 2485 2467 2467 2467 2467 2467 2467 2467 2467
    2467 2467 2467 2450 2450 2432 2432 2432 2432 2432 2432 2432 2432
    2432 2415 2415 2415 2415 2415 2415 2415 2432 2432 2432 2415 2415
    2415 2415 2415 2398 2398 2381 2381 2398 2485 2467 2467 2467 2467
    2467 2467 2467 2450 2450 2450 2450 2450 2432 2432 2432 2432 2432
    2432 2432 2432 2432 2415 2415 2415 2415 2415 2415 2415 2432 2432
    2432 2432 2415 2415 2415 2415 2415 2415 2398 2381 2381 2381 2485
    2485 2485 2467 2467 2467 2467 2467 2450 2450 2450 2450 2432 2432
    2432 2432 2432 2432 2432 2432 2432 2432 2415 2415 2415 2415 2415
    2415 2415 2432 2432 2432 2432 2415 2415 2415 2415 2415 2415 2398
    2381 2381 2381 2485 2485 2485 2467 2467 2485 2467 2467 2450 2450
    2432 2432 2432 2432 2432 2432 2432 2432 2432 2415 2415 2415 2415
    2415 2415 2415 2415 2415 2415 2432 2432 2432 2432 2415 2415 2415
    2415 2415 2415 2415 2415 2415 2415 2503 2485 2485 2485 2485 2467
    2467 2467 2467 2450 2432 2432 2432 2432 2432 2432 2432 2432 2432
    2415 2415 2415 2415 2415 2415 2415 2415 2415 2415 2432 2432 2432
    2432 2432 2432 2415 2398 2398 2398 2398 2398 2415 2432 2485 2485
    2485 2485 2485 2467 2467 2467 2467 2450 2450 2432 2432 2432 2432
    2432 2432 2432 2432 2415 2415 2415 2415 2415 2415 2415 2415 2415
    2415 2432 2432 2432 2432 2415 2415 2398 2398 2398 2398 2398 2398
    2415 2432 2485 2485 2485 2485 2485 2467 2467 2467 2467 2450 2450
    2432 2432 2432 2432 2432 2432 2432 2432 2415 2415 2415 2415 2415
    2415 2415 2415 2415 2415 2432 2432 2432 2432 2415 2415 2398 2398
    2398 2398 2398 2398 0 0 2485 2485 2485 2485 2467 2467 2467 2467 2467
    2450 2450 2432 2432 2432 2432 2432 2432 2432 2432 2432 2432 2432
    2415 2415 2415 2415 2415 2398 2398 2415 2415 2415 2432 2415 2398
    2398 2398 2398 2398 2398 2398 0 0 2485 2485 2485 2485 2467 2467 2467
    2467 2467 2450 2450 2432 2432 2432 2432 2432 2432 2432 2432 2432
    2415 2415 2415 2415 2415 2415 2415 2398 2398 2415 2415 2415 2415
    2415 2398 2398 2381 2381 2415 2415 2432 2432 0 2485 2485 2485 2485
    2485 2467 2467 2467 2450 2450 2450 2432 2432 2432 2432 2432 2432
    2432 2432 2415 2415 2415 2415 2415 2415 2415 2398 2398 2398 2415
    2415 2415 2415 2415 2415 2398 2381 2381 2415 2432 2432 2432 0 2485
    2485 2485 2485 2485 2467 2467 2450 2450 2450 2450 2432 2432 2432
    2432 2432 2415 2415 2432 2415 2415 2415 2415 2415 2415 2415 2398
    2398 2398 2415 2415 2415 2415 2415 2415 2398 2381 2381 2398 2398 0 0
    0 2503 2503 2503 5291 5291 2467 2467 2450 2450 2450 2450 2432 2432
    2432 2432 2432 2415 2415 2432 2432 2415 2415 2415 2415 2415 2415
    2398 2398 2398 2415 2415 2415 2415 2415 2398 2398 2398 2381 2381
    2398 0 0 4983 5374 5374 5291 5291 5291 5291 2467 2450 2450 2450 2450
    2432 2432 2432 2432 2432 2415 2415 2415 2415 2415 2415 2415 2415
    2415 2415 2398 2398 2398 2415 2415 2415 2398 2398 2398 2398 2398
    2381 2381 2398 2398 4983 4983 5460 5374 5291 5291 5291 5291 5291
    5291 2450 2450 2450 2432 2432 2432 2432 2432 2415 2415 2415 2415
    2432 2415 2415 2415 2415 2415 2398 2398 2398 2415 2415 2415 2398
    2398 2398 2398 2398 2381 2381 2398 5056 4983 4983 5460 5374 5374
    5291 5291 5291 5291 5291 5291 5291 5291 5210 5210 5374 5291 2432
    2415 2415 2415 2432 2432 2415 2415 2415 2415 2415 2398 2398 2398
    2415 2415 2415 2415 2415 2398 2398 2398 2381 2381 2381 5056 4983
    4983 5374 5374 5291 5291 5291 5291 5291 5291 5291 5291 5291 5291
    5291 5291 5291 5291 5291 5374 2432 2432 2432 2415 2415 2415 2415
    2398 2398 2381 2381 2415 2415 2415 2415 2415 2398 2381 2381 2381
    2381 5056 5056 5056 5056 5374 5291 5291 5291 5291 5291 5291 5291
    5291 5291 5291 5291 5291 5291 5291 5291 5291 5291 5291 5291 2432
    2415 2415 2415 2415 2398 2398 2381 2381 2398 2398 2398 2415 2415
    2398 2381 2381 2398 2398 5056 5056 5056 5056 5291 5291 5291 5291
    5291 5291 5291 5291 5291 5291 5291 5291 5291 5291 5291 5210 5210
    5210 5291 5291 5291 5210 2415 2415 5210 2415 2415 2381 2381 2398
    2398 2398 2415 2415 2415 2398 2398 2415 2415 5056 5056 5056 5056
    5291 5291 5291 5291 5291 5291 5291 5291 5291 5291 5291 5291 5291
    5291 5291 5210 5210 5210 5210 5291 5291 5291 5210 5210 5210 5210
    5210 5210 5210 2432 2432 2432 2432 2381 2381 2415 2415 2432 5056
    5056 5056 5132 5056</data></Depth7007>
</opencv_storage>
