<?xml version="1.0"?>
<opencv_storage>
<Depth2383 type_id="opencv-matrix">
  <rows>16</rows>
  <cols>7</cols>
  <dt>w</dt>
  <data>
    4983 4983 4983 4983 4911 4842 4842 4983 4983 4983 4911 4911 4911
    4911 4911 4911 4842 4842 4842 4911 0 4911 4911 4842 4842 4842 4911 0
    4911 4911 4842 4842 4842 4842 0 4983 4911 4911 4842 4842 4842 4842
    4983 4983 4911 4911 4911 4842 4842 4983 4983 4983 4911 4842 4842
    4911 4911 4911 4911 4911 4842 4842 4911 4911 4911 4842 4842 4842
    4842 4911 4911 4911 4842 4842 4842 4842 4842 4911 4911 4842 4842
    4842 4842 4842 4911 4911 4911 4911 4842 4842 4911 4911 4911 4911
    4842 4842 4842 4911 4842 4842 4911 4842 4842 4842 4911 4842 4842
    4842 4842 4842 4842 4842</data></Depth2383>
</opencv_storage>
