<?xml version="1.0"?>
<opencv_storage>
<Depth11979 type_id="opencv-matrix">
  <rows>7</rows>
  <cols>19</cols>
  <dt>w</dt>
  <data>
    5734 5734 5832 5734 5734 5832 5832 5832 5832 5832 5734 5734 5734
    5734 5734 5734 5734 5640 5640 5734 5734 5832 5734 5734 5832 5734
    5734 5832 5832 5734 5734 5734 5734 5734 5734 5734 5640 5640 5640
    5734 5734 5734 5734 5832 5734 5734 5832 5832 5734 5734 5734 5734
    5734 5734 5734 5734 5734 5640 5734 5734 5734 5734 5734 5734 5734
    5832 5832 5832 5832 5832 5734 5734 5734 5734 5734 5734 0 5832 5832
    5734 5734 5734 5734 5734 5832 5832 5832 5832 5734 5734 5734 5734
    5734 5734 5734 0 0 0 5734 5734 5734 5734 5734 5832 5832 5832 5832
    5734 5734 5640 5640 5734 5734 5734 0 0 0 0 6038 6038 5933 5933 6038
    6038 6038 5734 5734 5734 5640 5640 5734 5640 5640</data></Depth11979>
</opencv_storage>
