<?xml version="1.0"?>
<opencv_storage>
<Depth16408 type_id="opencv-matrix">
  <rows>29</rows>
  <cols>53</cols>
  <dt>w</dt>
  <data>
    0 3994 3994 4041 4041 4041 4041 4041 4041 4041 4041 4041 4041 3994
    3994 4041 4041 4041 3994 3994 3994 3994 3994 3994 3994 3994 3948
    3903 3859 3816 3774 3732 3732 3692 3692 3692 3653 3653 3653 3653
    3653 3653 3653 3614 3614 3614 3614 3614 3614 2883 2883 2908 2933 0
    3994 3994 4041 4041 4041 4041 4041 4041 4041 4041 4041 3994 3994
    3994 3994 3994 3994 3994 3994 3948 3948 3948 3903 3903 3903 3859
    3859 3816 3774 3732 3732 3692 3692 3692 3653 3653 3653 3653 3653
    3653 3653 3653 3614 3614 3614 3614 3614 3614 2883 2883 2908 2908 0
    3994 3994 3994 4041 4041 4041 4041 4041 4041 4041 3994 3994 3948
    3948 3948 3948 3994 3994 3948 3903 3859 3859 3859 3859 3859 3816
    3816 3774 3732 3732 3692 3692 3653 3653 3653 3653 3653 3653 3653
    3653 3653 3653 3614 3614 2859 2859 2859 2883 2883 2883 2908 2908 0
    3994 3994 3994 3994 3994 3994 3994 3994 3994 3994 3994 3948 3903
    3903 3859 3859 3859 3994 3859 3859 3859 3859 3859 3859 3816 3816
    3816 3732 3692 3692 3692 3692 3653 3653 3653 3653 3653 3653 3653
    3653 3653 3653 2835 2835 2859 2859 2859 2883 2908 2908 2908 2883
    3994 3994 3994 3994 3994 3994 3994 3994 3994 3948 3948 3903 3859
    3859 3859 3816 3816 3539 3539 3539 3539 3774 3774 3774 3774 3816
    3774 3774 3692 3692 3692 3692 3692 3653 3653 3653 3614 3614 2859
    2859 2859 2859 2835 2835 2835 2859 2859 2835 2835 2835 2859 2859
    2859 3994 3903 3903 3903 3903 3903 3948 3903 3903 3903 3859 3859
    3816 3816 3816 3774 3576 3503 3503 3503 3539 3576 3692 3692 3732
    3732 3774 3732 3692 3653 3653 3653 3653 3653 3653 2835 2835 2883
    2859 2859 2835 2835 2835 2835 2812 2812 2812 2835 2835 2835 2835
    2835 2835 0 3859 3859 3903 3859 3859 3816 3816 3816 3816 3816 3816
    3816 3774 3774 3774 3503 3503 3503 3503 3539 3576 3653 3692 3692
    3692 3692 3692 3692 3653 3653 3653 2812 2812 2812 2835 2835 2859
    2835 2835 2835 2835 2835 2812 2812 2812 2812 2812 2812 2812 2812
    2835 2835 0 3816 3816 3859 3816 3816 3816 3774 3774 3774 3774 3774
    3732 3692 3692 3692 3503 3468 3468 3503 3539 3576 3653 3692 3692
    2835 2835 2835 2835 2835 2812 2812 2812 2812 2812 2812 2812 2812
    2812 2812 2812 2812 2812 2812 2812 2812 2812 2789 2789 2812 2812
    2835 2835 3859 3816 3774 3774 3774 3774 3774 3732 3732 3732 3732
    3732 3732 3692 3692 2767 2767 2767 2767 3468 3539 2789 2789 2812
    2812 2812 2812 2812 2812 2812 2812 2812 2812 2812 2812 2789 2789
    2789 2789 2789 2789 2812 2812 2789 2789 2789 2789 2789 2789 2812
    2812 2835 2835 3859 3816 3774 3732 3692 3692 3732 3692 3692 3692
    3692 3692 3692 2767 2767 2767 2767 2767 2767 2767 2767 2767 2767
    2789 2812 2789 2789 2789 2789 2789 2789 2789 2789 2789 2789 2767
    2744 2744 2767 2767 2767 2789 2812 2789 2789 2789 2789 2789 2789
    2812 2812 2835 2835 3859 3774 3732 3692 3692 3692 3692 3692 3692
    3692 3653 3653 2767 2744 2744 2767 2767 2767 2767 2767 2767 2767
    2767 2789 2767 2744 2744 2744 2744 2789 2767 2767 2767 2744 2744
    2744 2744 2744 2767 2767 2767 2789 2789 2812 2812 2812 2812 2789
    2789 2812 2812 2835 2835 3859 3732 3692 3653 3653 3653 3653 3653
    2767 2744 2744 2744 2744 2744 2744 2767 2767 2767 2767 2744 2744
    2767 2767 2767 2744 2744 2744 2744 2744 2744 2744 2744 2744 2744
    2744 2744 2744 2744 2767 2767 2789 2789 2789 2812 2812 2812 2812
    2812 2812 2812 2835 2835 2835 0 3653 3653 3653 3653 2812 2789 2767
    2744 2744 2744 2744 2744 2744 2744 2744 2744 2744 2744 2744 2744
    2744 2744 2744 2744 2744 2744 2744 2744 2744 2744 2744 2744 2744
    2744 2744 2767 2767 2767 2789 2789 2789 2812 2812 2812 2812 2812
    2812 2812 2835 2835 2835 2835 0 2744 2744 2744 2767 2767 2744 2744
    2744 2744 2744 2744 2723 2723 2723 2723 2723 2723 2723 2723 2723
    2723 2744 2744 2744 2744 2723 2723 2744 2744 2744 2744 2744 2744
    2744 2744 2767 2767 2789 2789 2789 2789 2812 2812 2812 2812 2812
    2835 2835 2812 2812 2812 2835 0 2744 2744 2744 2744 2744 2744 2744
    2723 2723 2723 2723 2701 2701 2701 2701 2701 2701 2701 2723 2723
    2723 2723 2723 2723 2723 2723 2723 2744 2744 2744 2744 2744 2744
    2744 2767 2789 2789 2789 2789 2789 2789 2812 2789 2789 2789 2812
    2812 2812 2812 2812 2812 2835 0 2723 2723 2723 2723 2723 2723 2723
    2701 2701 2701 2701 2701 2680 2680 2680 2680 2680 2701 2701 2723
    2723 2723 2723 2723 2723 2723 2723 2744 2744 2744 2744 2744 2744
    2744 2767 2767 2789 2789 2812 2812 2789 2767 2767 2789 2789 2789
    2812 2812 2812 2812 2812 2812 0 2701 2701 2701 2701 2701 2701 2701
    2680 2680 2659 2659 2680 2680 2680 2680 2680 2680 2701 2701 2723
    2723 2723 2723 2723 2723 2723 2723 2723 2744 2744 2744 2744 2767
    2767 2767 2767 2767 2789 2789 2812 2789 2767 2767 2767 2767 2789
    2789 2812 2812 2812 2812 2812 0 2659 2659 2680 2680 2680 2680 2680
    2659 2659 2659 2659 2680 2680 2680 2680 2680 2701 2701 2701 2723
    2723 2723 2723 2723 2723 2723 2723 2723 2744 2744 2744 2744 2744
    2744 2744 2744 2744 2767 2767 2789 2789 2723 2723 2744 2744 2744
    2744 0 0 0 0 0 0 2659 2659 2639 2639 2659 2659 2659 2659 2659 2659
    2659 2680 2680 2680 2680 2680 2701 2701 2701 2723 2723 2723 2723
    2723 2723 2744 2744 2744 2744 2744 2744 2744 2744 2744 2744 2744
    2744 2744 2744 2789 2789 2723 2723 2744 2744 2744 2744 0 0 0 0 0 0
    2659 2659 2639 2639 2659 2659 2659 2659 2680 2659 2659 2680 2680
    2680 2680 2701 2701 2701 2723 2723 2723 2723 2723 2723 2723 2723
    2744 2744 2744 2744 2744 2744 2744 2723 2723 2723 2723 2723 2744 0 0
    2618 2618 2618 0 0 0 0 0 0 0 0 2659 2659 2659 2639 2639 2659 2659
    2659 2659 2680 2659 2659 2680 2680 2680 2701 2701 2701 2701 2723
    2723 2723 2723 2723 2723 2723 2723 2744 2744 2744 2744 2744 2744
    2723 2723 2723 2723 2723 2723 0 0 0 2618 2618 2618 0 0 0 0 0 0 0 0
    2659 2659 2639 2639 2639 2659 2659 2659 2659 2680 2680 2680 2680
    2680 2680 2701 2701 2701 2723 2723 2723 2723 2723 2723 2723 2723
    2744 2744 2744 2744 2723 2723 2723 2723 2701 2701 2701 2723 0 0 0 0
    0 0 0 0 0 0 0 0 0 0 0 2639 2639 2639 2639 2639 2659 2659 2659 2659
    2680 2680 2680 2680 2680 2680 2701 2701 2701 2723 2723 2723 2723
    2723 2701 2701 2723 2723 2723 2723 2723 2723 2723 2723 2723 2701
    2701 2701 0 0 0 0 0 0 0 0 0 0 0 0 0 0 0 0 2639 2639 2659 2659 2659
    2659 2659 2659 2659 2680 2680 2680 2680 2680 2680 2701 2701 2701
    2723 2723 2723 2723 2723 2701 2701 2723 2723 2723 2723 2723 2723 0 0
    0 0 2701 2701 0 0 0 0 0 0 0 0 0 0 0 0 0 0 0 0 2639 2639 2659 2659
    2659 2659 2659 2659 2659 2680 2680 2680 2680 2680 2680 2680 2701
    2701 2701 2723 2680 2659 2659 0 0 2723 2723 0 0 0 0 0 0 0 0 0 0 0 0
    0 0 0 0 0 0 0 0 0 0 0 0 0 0 2639 2639 2639 2659 2659 2659 2659 2680
    2680 2680 2680 2680 2680 2659 2659 2659 2701 2701 2701 2723 2680
    2659 2659 0 0 0 0 0 0 0 0 0 0 0 0 0 0 0 0 0 0 0 0 0 0 0 0 0 0 0 0 0
    0 2639 2639 2639 2659 2659 2659 2659 2659 2680 2680 2680 2680 2680
    2659 2659 2659 2659 2701 2701 2723 2744 0 0 0 0 0 0 0 0 0 0 0 0 0 0
    0 0 0 0 0 0 0 0 0 0 0 0 0 0 0 0 0 0 2639 2639 2639 2659 2659 2659
    2659 2659 2680 2680 2680 2659 2659 2639 2639 2659 2659 0 0 0 0 0 0 0
    0 0 0 0 0 0 0 0 0 0 0 0 0 0 0 0 0 0 0 0 0 0 0 0 0 0 0 0 0 2639 2618
    2618 2639 2659 2659 2659 2639 2639 2659 2659 2659 2659 2639 2639 0 0
    0 0 0 0 0 0 0 0 0 0 0 0 0 0 0 0 0 0 0 0 0 0 0 0 0 0 0 0 0 0 0 0 0 0
    0 0</data></Depth16408>
</opencv_storage>
