<?xml version="1.0"?>
<opencv_storage>
<Depth3998 type_id="opencv-matrix">
  <rows>173</rows>
  <cols>90</cols>
  <dt>w</dt>
  <data>
    6889 6889 7178 7332 7332 7332 7332 543 543 543 543 7178 7178 538 538
    535 534 533 533 533 7178 7178 7178 524 524 523 523 522 522 521 521
    521 517 517 6889 6497 6497 6753 6753 6753 6753 507 505 505 505 0 0 0
    0 0 0 0 0 0 0 0 0 0 0 0 0 0 0 0 0 0 0 0 0 0 0 6889 6889 6753 6753
    6753 6753 6889 6753 6622 6375 6375 6375 6375 6622 6375 6259 6146
    6146 6146 554 553 551 551 550 548 547 543 543 543 542 540 539 538
    537 535 534 533 532 529 529 529 526 524 524 523 522 521 521 520 519
    517 516 515 515 513 513 513 511 508 508 507 505 505 505 0 0 0 0 0 0
    0 0 0 0 0 0 0 0 0 0 0 0 0 0 0 0 0 0 0 0 601 6753 6753 6753 6889 6889
    6889 6889 6889 653 653 653 653 687 687 687 687 687 687 554 553 551
    551 550 548 547 546 544 543 542 540 539 538 537 536 534 533 532 529
    529 529 526 525 524 523 522 521 521 520 519 517 516 515 514 513 513
    512 511 510 508 507 505 505 505 519 517 517 518 521 0 0 0 544 544
    545 545 559 559 0 0 0 0 0 0 0 0 0 0 601 601 601 612 612 612 629 629
    631 652 652 652 653 653 653 686 686 686 687 687 688 555 553 552 551
    550 548 547 546 545 543 542 540 539 538 537 536 534 533 533 531 529
    529 527 525 525 524 523 521 521 520 519 517 517 515 514 514 513 512
    511 510 509 508 506 506 506 518 517 517 518 520 0 0 0 544 544 545
    546 559 557 557 0 0 0 0 0 0 0 0 0 601 601 607 612 612 620 629 629
    631 631 652 652 653 654 654 686 686 686 687 688 688 556 554 553 552
    550 549 547 546 546 545 543 541 540 539 538 536 535 534 532 531 529
    529 527 526 525 524 523 522 521 520 519 517 517 516 514 514 513 512
    511 511 511 509 507 507 507 517 517 517 518 518 0 539 544 544 544
    546 546 556 557 557 0 0 0 0 0 0 0 0 603 603 603 607 613 613 620 625
    628 630 630 652 652 653 655 655 684 684 684 687 688 690 554 554 553
    552 550 549 548 547 546 545 544 542 540 539 539 537 536 534 532 531
    529 529 527 526 525 525 523 523 521 521 520 517 517 516 515 514 513
    512 511 511 511 510 509 507 507 517 517 517 518 518 518 539 539 539
    542 546 547 554 557 557 0 0 0 0 0 0 0 0 603 603 604 609 612 612 623
    623 628 630 630 652 652 654 662 671 671 683 683 687 691 694 554 555
    554 553 552 550 549 548 546 546 544 542 540 539 539 537 536 535 532
    531 530 529 528 527 526 525 524 523 522 521 520 518 518 517 516 514
    513 513 512 511 511 511 509 509 509 517 517 517 520 525 525 536 536
    537 540 546 550 554 555 557 0 0 0 0 0 0 0 0 603 603 606 609 612 612
    623 623 624 624 650 650 650 655 662 671 671 678 682 690 693 694 554
    555 554 554 552 550 549 548 547 546 545 543 540 539 539 538 536 535
    532 531 530 529 529 528 526 526 525 524 523 522 521 519 518 517 517
    515 514 513 512 512 512 511 509 509 510 517 517 517 521 524 524 536
    536 537 540 547 551 554 555 0 0 0 0 0 0 0 0 0 0 607 607 610 612 619
    622 623 624 624 650 650 650 650 671 671 672 676 679 691 694 694 554
    556 554 554 553 551 549 549 547 546 545 543 541 540 540 539 538 537
    532 531 530 529 529 529 527 526 525 525 523 522 521 520 518 517 517
    515 514 513 512 512 512 511 510 510 510 517 517 517 521 524 524 537
    537 538 540 552 552 554 555 559 0 0 0 0 0 0 0 0 0 610 610 610 612
    618 620 620 650 650 652 652 652 652 672 672 674 676 679 679 696 696
    557 557 556 554 553 551 550 549 548 546 546 545 542 540 540 540 539
    538 534 533 531 530 530 529 528 526 525 525 524 523 521 520 519 517
    517 516 514 513 512 512 512 511 510 510 511 517 517 518 521 521 540
    540 540 540 540 555 555 556 558 559 563 0 0 0 0 0 0 0 0 607 607 612
    612 618 620 620 650 650 650 650 647 647 672 672 674 675 678 678 700
    0 558 557 556 555 554 552 550 549 549 546 546 545 542 541 540 540
    539 538 536 535 532 531 530 529 528 526 526 525 525 523 522 521 519
    517 517 516 515 513 512 512 512 511 511 511 511 516 516 518 520 520
    540 540 540 540 540 540 560 560 561 561 562 565 565 0 0 0 0 0 604
    604 607 612 612 618 619 619 647 647 649 650 647 647 674 674 674 675
    678 700 700 700 558 557 556 555 554 553 551 550 549 546 546 546 543
    541 540 540 539 538 536 536 533 532 531 529 528 527 526 525 525 524
    522 521 521 519 517 517 516 514 514 514 512 511 511 511 511 516 516
    517 520 525 525 540 540 540 540 540 560 560 561 561 562 565 565 0 0
    0 0 599 599 603 604 613 613 618 619 646 644 644 646 650 648 648 674
    674 674 676 679 700 700 700 559 558 556 555 554 553 553 551 550 547
    546 546 543 542 541 540 539 538 537 536 533 532 531 529 529 528 526
    526 525 523 523 522 521 520 518 517 517 515 514 514 512 511 511 511
    511 516 516 517 529 525 525 539 539 540 541 546 560 560 561 563 564
    566 566 0 0 0 597 597 598 602 604 614 614 618 619 646 644 644 646
    649 653 654 667 674 674 678 682 698 698 698 559 558 556 556 554 554
    553 551 550 547 546 546 544 543 542 540 540 538 537 536 534 533 532
    531 529 529 528 526 526 523 523 522 521 521 519 517 517 515 514 514
    514 513 511 511 511 517 517 517 529 526 526 537 537 540 543 546 549
    558 560 564 565 567 568 568 0 592 592 596 596 597 614 614 618 618
    618 644 643 643 644 648 653 654 666 672 675 682 683 687 698 698 559
    558 557 556 555 554 554 552 549 547 546 546 545 544 542 541 540 539
    538 536 535 534 533 531 530 529 529 528 526 523 523 522 521 521 519
    517 517 515 514 514 514 513 511 511 512 517 517 517 529 529 529 536
    536 539 543 546 549 557 559 563 565 568 569 574 589 591 591 595 596
    597 614 614 618 618 618 644 643 643 644 648 652 658 666 672 679 682
    683 686 697 698 559 558 557 556 556 555 554 552 549 548 547 546 545
    544 542 542 541 540 538 536 535 534 533 532 530 529 529 528 526 525
    523 522 521 521 519 517 517 515 514 514 514 514 511 511 512 512 527
    527 527 529 532 534 535 539 546 547 553 556 559 561 563 569 572 574
    589 591 591 594 596 597 614 614 619 619 619 646 644 644 646 648 650
    658 668 672 680 682 683 686 691 696 559 559 558 557 556 556 554 553
    550 549 548 546 546 544 543 542 541 540 539 537 536 534 533 532 531
    530 529 529 527 525 524 523 522 521 520 518 517 516 514 514 514 514
    512 512 514 514 526 526 526 528 532 534 535 540 545 548 554 555 560
    561 563 574 576 576 577 591 592 594 596 597 614 614 620 620 620 623
    646 646 647 648 650 657 668 671 680 683 686 688 691 696 560 560 559
    558 557 556 555 554 550 549 549 548 546 545 544 543 542 540 540 538
    536 534 533 532 531 530 529 529 527 526 524 523 522 521 520 519 518
    517 515 515 514 514 512 512 514 514 523 523 526 528 530 536 537 542
    545 548 553 555 560 561 569 574 576 576 577 591 594 596 597 614 614
    614 619 621 622 623 647 647 648 649 652 657 666 671 680 683 687 688
    693 696 560 560 560 559 557 556 554 554 550 549 549 548 546 545 544
    543 542 540 540 539 537 534 534 532 531 530 529 529 527 526 525 523
    522 521 520 520 519 517 515 515 515 514 513 513 514 523 523 523 526
    528 529 537 540 542 545 547 553 557 560 562 568 573 576 577 578 591
    594 596 597 607 613 616 619 622 623 623 646 646 648 649 652 657 666
    671 682 684 688 690 694 696 561 561 560 560 557 556 554 554 551 550
    549 549 546 546 546 544 543 541 540 539 536 535 534 532 532 531 529
    529 529 527 525 524 523 521 521 520 519 517 516 516 515 514 513 513
    514 523 523 524 526 529 529 537 542 543 546 547 554 557 561 563 568
    573 576 578 581 591 594 598 603 607 613 616 619 621 622 623 644 646
    647 654 655 661 664 671 686 686 688 690 694 0 561 561 561 561 558
    557 555 554 551 550 549 549 546 546 546 544 543 541 540 539 536 535
    534 533 532 531 529 529 529 527 526 524 523 522 521 521 519 517 516
    516 517 514 513 513 514 514 528 528 528 529 530 537 542 544 546 548
    554 558 560 562 568 573 577 579 581 592 593 601 604 607 613 616 620
    621 622 644 644 646 647 654 658 662 663 686 686 686 688 691 0 0 561
    561 562 561 560 557 556 554 552 551 550 549 548 546 546 545 543 542
