<?xml version="1.0"?>
<opencv_storage>
<Depth7161 type_id="opencv-matrix">
  <rows>48</rows>
  <cols>33</cols>
  <dt>w</dt>
  <data>
    2103 2065 2065 2103 2103 2103 2116 2116 2090 2090 2090 2129 2129
    2143 2143 4842 4842 4842 2143 2143 2143 4842 4842 4842 2212 2212
    2212 2198 2184 2184 2184 2143 4842 2103 2090 2090 2103 2103 2103
    2103 2103 2090 2090 2090 2116 2129 2129 2129 2143 2143 2143 2143
    2143 2143 2143 2156 2170 2184 2184 2184 2170 2156 2156 2143 2143
    2143 2116 2116 2103 2103 2103 2103 2103 2103 2103 2116 2116 2116
    2116 2129 2129 2143 2143 2143 2129 2129 2129 2143 2143 2143 2143
    2143 2143 2143 2156 2156 2143 2143 2143 2184 2129 2116 2103 2103
    2103 2103 2103 2103 2116 2116 2116 2116 2129 2129 2143 2143 2143
    2129 2129 2129 2143 2143 2143 2143 2143 2143 2143 2143 2143 2143
    2143 2143 2129 2129 2116 2103 2103 2103 2103 2103 2103 2116 2116
    2116 2116 2129 2129 2129 2143 2143 2143 2143 2143 2143 2143 2143
    2143 2143 2156 2143 2143 2143 2143 2143 2143 2116 2116 2116 2103
    2103 2103 2103 2103 2103 2116 2116 2103 2103 2103 2116 2129 2143
    2143 2143 2143 2143 2143 2143 2143 2143 2156 2156 2156 2143 2143
    2143 2143 2143 2103 2103 2103 2103 2103 2103 2103 2116 2116 2116
    2116 2103 2103 2103 2116 2129 2143 2143 2143 2143 2143 2143 2143
    2143 2143 2156 2156 2156 2156 2143 2143 2143 2143 2103 2103 2103
    2103 2103 2103 2103 2116 2116 2116 2116 2103 2103 2103 2116 2129
    2143 2143 2143 2143 2143 2143 2143 2143 2143 2156 2156 2156 2156
    2143 2143 2143 2143 2103 2103 2103 2103 2103 2103 2116 2116 2116
    2116 2116 2116 2129 2129 2129 2129 2143 2143 2143 2143 2143 2143
    2143 2143 2143 2143 2143 2156 2156 2156 2156 2156 2156 2103 2103
    2103 2103 2103 2116 2116 2129 2129 2116 2116 2116 2129 2129 2129
    2129 2143 2143 2143 2143 2143 2143 2143 2143 2143 2143 2143 2156
    2156 2156 2156 2156 2156 2103 2103 2103 2103 2116 2116 2116 2116
    2129 2116 2116 2116 2129 2129 2129 2129 2143 2143 2143 2143 2143
    2143 2143 2143 2143 2156 2156 2156 2143 2143 2156 2156 2156 2103
    2103 2116 2116 2129 2116 2116 2116 2116 2116 2116 2116 2116 2129
    2129 2129 2143 2143 2143 2143 2143 2143 2143 2143 2143 2156 2156
    2156 2143 2143 2143 2156 2170 2129 2116 2116 2116 2116 2116 2103
    2103 2103 2116 2116 2116 2116 2116 2116 2129 2129 2143 2143 2143
    2129 2129 2143 2143 2143 2156 2156 2156 2143 2143 2143 2143 2170
    2116 2116 2116 2116 2116 2103 2103 2103 2103 2116 2116 2116 2116
    2116 2116 2129 2129 2143 2143 2143 2129 2129 2143 2143 2143 2143
    2156 2156 2156 2156 2143 2143 2170 2116 2116 2116 2116 2116 2103
    2103 2103 2116 2116 2116 2116 2116 2129 2129 2129 2143 2143 2143
    2143 2143 2143 2143 2143 2143 2143 2156 2156 2156 2156 2156 2156
    2170 2090 2090 2103 2116 2116 2103 2103 2103 2116 2116 2116 2116
    2129 2129 2129 2129 2143 2143 2143 2143 2143 2143 2143 2143 2143
    2143 2143 2156 2156 2156 2156 2156 2156 2090 2090 2103 2116 2116
    2116 2103 2103 2116 2129 2129 2129 2129 2129 2143 2143 2143 2143
    2143 2143 2143 2143 2143 2143 2143 2143 2143 2143 2156 2156 2156
    2156 2156 2103 2103 2103 2116 2103 2103 2103 2103 2103 2129 2129
    2129 2129 2129 2143 2143 2143 2143 2143 2143 2143 2143 2143 2143
    2143 2143 2143 2143 2156 2156 2156 2156 2170 2103 2103 2103 2103
    2103 2103 2103 2103 2103 2129 2129 2116 2116 2116 2143 2143 2129
    2129 2143 2143 2143 2143 2143 2143 2143 2143 2156 2156 2156 2156
    2156 2170 2170 2103 2103 2103 2103 2103 2103 2103 2103 2129 2129
    2129 2116 2116 2116 2143 2143 2129 2129 2129 2143 2143 2143 2143
    2143 2143 2156 2156 2143 2143 2170 2170 2184 2184 2103 2103 2103
    2090 2090 2103 2116 2116 2129 2129 2129 2129 2129 2129 2143 2143
    2129 2129 2129 2143 2143 2143 2143 2143 2143 2143 2143 2143 2143
    2143 2170 2170 2198 2103 2103 2103 2090 2090 2103 2116 2116 2129
    2129 2129 2116 2103 2103 2143 2143 2143 2129 2129 2143 2143 2143
    2143 2143 2143 2143 2143 2143 2143 2143 2156 2156 2170 2116 2103
    2103 2103 2103 2116 2116 2116 2129 2129 2129 2103 2103 2103 2143
    2143 2143 2143 2143 2143 2143 2143 2143 2143 2143 2143 2143 2143
    2156 2156 2156 2156 2156 2116 2103 2103 2103 2103 2116 2116 2116
    2129 2129 2129 2103 2103 2129 2143 2143 2143 2143 2143 2143 2143
    2143 2143 2143 2143 2143 2143 2143 2156 2156 2156 2156 2156 2090
    2090 2103 2103 2103 2116 2116 2116 2129 2129 2129 2143 2143 2143
    2143 2143 2143 2143 2143 2143 2143 2143 2143 2143 2156 2156 2143
    2143 2156 2156 2156 2156 2170 2090 2090 2103 2103 2103 2116 2116
    2116 2129 2129 2129 2143 2143 2143 2143 2143 2143 2143 2143 2143
    2143 2156 2156 2156 2156 2143 2143 2143 2156 2156 2156 2156 2170
    2103 2103 2116 2103 2103 2129 2129 2129 2129 2129 2129 2143 2143
    2143 2143 2143 2143 2143 2143 2143 2143 2156 2156 2156 2156 2143
    2143 2143 2156 2156 2156 2156 2170 2116 2116 2129 2129 2116 2116
    2129 2129 2129 2129 2129 2103 2103 2116 2116 2129 2143 2143 2143
    2143 2143 2156 2156 2156 2156 2156 2156 2156 2156 2156 2156 2156
    2170 2129 2129 2129 2129 2116 2116 2129 2129 2129 2129 2129 2103
    2103 2116 2116 2129 2129 2129 2143 2143 2143 2156 2156 2156 2156
    2156 2156 2156 2156 2156 2156 2156 2170 2143 2143 2116 2116 2116
    2129 2129 2116 2116 2116 2129 2129 2143 2129 2129 2129 2129 2129
    2143 2143 2143 2156 2156 2156 2156 2156 2156 2156 2156 2156 2156
    2156 2156 2156 2129 2116 2116 2116 2116 2129 2116 2116 2116 2129
    2129 2143 2143 2143 2143 2143 2143 2143 2143 2143 2143 2143 2143
    2143 2143 2156 2156 2156 2156 2156 2156 2156 2156 2129 2116 2116
    2116 2116 2129 2116 2116 2116 2129 2143 2143 2143 2143 2143 2143
    2143 2143 2143 2143 2143 2143 2143 2143 2143 2156 2156 2156 2156
    2156 2156 2156 2129 2129 2116 2116 2116 2116 2116 2129 2116 2116
    2129 2143 2143 2143 2143 2143 2143 2143 2143 2143 2143 2143 2143
    2143 2143 2156 2156 2156 2156 2156 2156 2156 2156 2129 2116 2116
    2116 2116 2116 2116 2116 2129 2129 2129 2129 2143 2143 2143 2143
    2143 2143 2143 2143 2143 2143 2156 2156 2156 2156 2156 2156 2156
    2156 2156 2156 2156 2116 2116 2116 2129 2116 2116 2116 2116 2116
    2116 2129 2129 2143 2143 2143 2143 2143 2143 2143 2143 2143 2143
    2156 2156 2156 2156 2156 2156 2156 2156 2156 2156 2156 2129 2116
    2116 2116 2129 2116 2116 2116 2116 2116 2129 2129 2143 2143 2143
    2143 2143 2143 2143 2143 2143 2143 2156 2156 2156 2156 2156 2156
    2156 2156 2156 2156 4842 2129 2116 2116 2116 2129 2116 2116 2116
    2116 2129 2129 2129 2129 2143 2143 2143 2143 2143 2143 2143 2143
    2143 2156 2156 2156 2156 2156 2156 2156 2156 2156 2156 4842 2116
    2116 2116 2116 2129 2116 2116 2129 2129 2129 2129 2129 2129 2143
    2143 2143 2143 2143 2143 2143 2143 2143 2156 2143 2143 2156 2156
    2156 2156 2156 2156 2156 2156 2116 2116 2116 2116 2129 2129 2129
    2129 2129 2143 2129 2129 2129 2143 2143 2143 2143 2143 2143 2143
    2156 2156 2156 2143 2143 2156 2156 2156 2156 2156 2156 2156 2156
    2116 2116 2116 2129 2129 2129 2129 2129 2129 2129 2129 2129 2129
    2143 2143 2143 2143 2143 2143 2143 2156 2156 2156 2156 2143 2143
    2156 2156 2156 2156 2156 2156 2156 2103 2103 2116 2129 2129 2129
    2129 2143 2143 2129 2129 2129 2129 2143 2143 2143 2143 2143 2143
    2143 2156 2156 2156 2156 2143 2143 2156 2156 2156 2156 2156 2156
    2156 2103 2103 2129 2129 2129 2143 2143 2129 2129 2143 2129 2129
    2143 2143 2143 2143 2143 2143 2143 2143 2156 2156 2156 2156 2156
    2156 2156 2156 2156 2156 2143 2143 2143 2103 2103 2129 2129 2129
    2129 2129 2129 2129 2143 2129 2129 2143 2143 2143 2143 2143 2143
    2143 2156 2156 2156 2156 2156 2156 2156 2156 2156 2156 2156 2143
    2143 2143 2103 2103 2143 2129 2129 2129 2129 2129 2143 2143 2143
    2143 2143 2143 2143 2143 2143 2143 2143 2156 2156 2156 2156 2156
    2156 2156 2156 2156 2156 2156 2156 2156 2156 2103 2103 2116 2116
    2129 2116 2116 2129 2129 2129 2129 2143 2143 2143 2143 2143 2143
    2143 2143 2156 2156 2156 2143 2143 2156 2156 2156 2156 2156 2143
