<?xml version="1.0"?>
<opencv_storage>
<Depth5117 type_id="opencv-matrix">
  <rows>62</rows>
  <cols>53</cols>
  <dt>w</dt>
  <data>
    3064 3064 3064 3064 3064 3064 3064 3064 3064 3064 3064 3064 3064
    3064 3092 3092 3092 3120 3120 3120 3149 3208 3238 3208 3208 3208
    3208 1813 1804 1804 1804 1804 1804 4089 4089 4041 4041 4041 4041
    3994 3994 3994 3994 3994 3994 3994 3994 3948 3948 3948 3948 3948
    3903 3064 3064 3064 3064 3064 3064 3064 3064 3064 3064 3064 3064
    3064 3064 3064 3092 3092 3092 3120 3120 3149 3149 3178 3238 3238
    3238 1823 1813 1804 1804 1804 1804 1804 4089 4089 4089 4041 4041
    4041 4041 4041 4041 3994 3994 4041 3994 3994 3948 3948 3948 3994
    3948 3903 3064 3064 3064 3064 3064 3064 3064 3064 3064 3064 3064
    3064 3064 3064 3064 3092 3092 3092 3092 3092 3120 3149 3178 1813
    1813 1813 1813 1804 1804 1804 1804 1794 1794 1794 4089 4089 4041
    4041 4041 4041 4041 4041 4041 4041 4041 4041 3994 3994 3994 3994
    3994 3948 3948 3064 3064 3064 3064 3064 3064 3064 3064 3064 3037
    3037 3064 3064 3064 3064 3064 3064 3064 3064 3064 3120 3149 1794
    1794 1813 1813 1813 1804 1804 1804 1804 1794 1794 1794 4139 4089
    4041 4041 4041 4041 4041 4041 4041 4041 4041 3994 3994 3994 3994
    3994 3948 3948 3903 3064 3064 3064 3064 3064 3064 3064 3064 3064
    3037 3037 3037 3037 3037 3064 3037 3037 3064 3064 3064 1804 1804
    1794 1794 1813 1813 1813 1813 1804 1804 1804 1794 1794 1794 4139
    4089 4041 4041 4041 4041 4041 4041 4041 4041 3994 3994 3994 3994
    3994 3994 3948 3948 3903 3064 3064 3064 3037 3037 3037 3037 3037
    3064 3037 3037 3037 3037 3037 1804 1804 1804 1794 1794 1804 1794
    1785 1785 1785 1804 1804 1804 1804 1813 1804 1804 1804 1804 1813
    4139 4089 4041 4041 4041 4041 4041 4041 4041 3994 3948 3948 3948
    3948 3994 3994 3948 3948 3948 3064 3064 3064 3037 3037 3037 3037
    3037 3037 3037 1804 1804 3010 1804 1804 1804 1804 1794 1794 1804
    1794 1785 1785 1785 1804 1804 1804 1804 1804 1804 1804 1804 1804
    1813 1813 4089 4041 4041 4041 4041 4041 4041 3994 3994 3948 3948
    3948 3948 3994 3994 3948 3903 3903 3064 3064 3064 3064 3037 3037
    3037 3037 1813 1813 1804 1804 1804 1804 1804 1794 1794 1794 1794
    1794 1804 1794 1794 1794 1804 1804 1804 1804 1804 1804 1804 1804
    1804 1813 1804 1804 4089 4089 4041 4041 4041 4041 3994 3994 3994
    3994 3994 3994 3994 3948 3948 3903 3903 3092 3064 3064 3064 3037
    3010 3010 1813 1813 1813 1804 1804 1804 1804 1804 1794 1794 1794
    1794 1794 1794 1794 1794 1794 1794 1794 1804 1804 1804 1804 1804
    1804 1804 1804 1794 1794 1794 4041 4041 4041 4041 4041 3994 3994
    3994 3994 3994 3994 3994 3948 3948 3948 3948 3092 3064 3064 3037
    3037 1804 1804 1804 1804 1804 1804 1804 1804 1804 1804 1794 1794
    1794 1794 1794 1794 1794 1794 1794 1794 1794 1804 1804 1804 1804
    1804 1804 1804 1794 1785 1776 1776 4041 4041 4041 4041 4041 4041
    3994 3994 3994 3994 3994 3994 3948 3948 3948 3948 3092 1813 1804
    1804 1804 1804 1804 1804 1804 1804 1804 1804 1804 1794 1794 1794
    1794 1794 1794 1794 1794 1794 1804 1804 1813 1804 1804 1804 1804
    1804 1804 1804 1794 1794 1785 1776 1776 1776 4041 4041 4041 4041
    4041 4041 4041 3994 3994 3994 3994 3948 3948 3948 3948 1823 1813
    1804 1804 1804 1804 1804 1804 1804 1804 1804 1804 1804 1794 1794
    1794 1794 1804 1804 1804 1804 1804 1804 1804 1813 1813 1804 1804
    1804 1804 1804 1804 1794 1794 1785 1776 1776 1785 4041 4041 4041
    4041 4041 4041 4041 3994 3994 3994 3994 3948 3948 3948 3948 1813
    1813 1813 1804 1804 1804 1804 1804 1804 1804 1804 1804 1804 1804
    1804 1804 1804 1804 1804 1804 1804 1794 1794 1794 1813 1813 1804
    1804 1804 1804 1794 1794 1794 1794 1794 1785 1785 1785 1794 4041
    4041 4041 4041 4041 3994 3994 3994 3994 3994 3994 3994 3948 3948
    1813 1813 1813 1804 1804 1804 1804 1804 1804 1804 1804 1804 1804
    1804 1804 1804 1804 1804 1804 1804 1804 1794 1794 1794 1804 1804
    1804 1804 1804 1804 1794 1794 1794 1794 1794 1785 1785 1794 1794
    1794 4041 4041 4041 4041 3994 3994 3994 3994 3994 3994 3948 3948
    3903 1813 1813 1813 1813 1804 1804 1804 1804 1804 1804 1804 1804
    1804 1804 1804 1804 1804 1804 1804 1804 1794 1794 1794 1794 1804
    1804 1804 1804 1804 1804 1794 1794 1794 1794 1804 1794 1794 1794
    1794 1794 4041 4041 4041 4041 4041 4041 3994 3994 3994 3994 3948
    3948 3903 1813 1813 1813 1813 1804 1804 1804 1804 1804 1804 1804
    1804 1804 1804 1804 1804 1804 1794 1794 1804 1794 1794 1794 1794
    1804 1804 1804 1804 1804 1804 1794 1794 1794 1794 1804 1794 1794
    1794 1794 1794 4041 4041 4041 4041 4041 4041 3994 3994 3994 3994
    3948 3948 3903 1813 1813 1813 1804 1804 1804 1804 1804 1804 1804
    1804 1804 1804 1804 1804 1794 1794 1794 1794 1794 1794 1794 1794
    1794 1804 1804 1804 1804 1794 1794 1794 1794 1794 1794 1794 1794
    1794 1804 1794 1794 1794 4041 4041 4041 4041 4041 3994 3994 3948
    3948 3948 3948 3948 1813 1813 1813 1804 1804 1804 1804 1804 1804
    1804 1794 1794 1804 1804 1804 1794 1794 1794 1794 1794 1794 1794
    1794 1794 1804 1804 1804 1804 1794 1794 1794 1794 1794 1794 1794
    1794 1794 1794 1804 1804 1804 3994 3994 4041 4041 4041 3994 3994
    3948 3948 3948 3948 3948 3120 1813 1813 1804 1804 1804 1804 1804
    1804 1804 1794 1794 1804 1804 1804 1794 1794 1794 1794 1794 1794
    1794 1794 1794 1804 1804 1804 1804 1794 1794 1794 1794 1794 1794
    1794 1794 1794 1794 1804 1794 1794 3994 3994 4041 4041 3994 3994
    3948 3948 3948 3948 3948 3948 3120 1804 1804 1804 1804 1804 1804
    1804 1804 1804 1804 1804 1804 1804 1804 1794 1794 1794 1794 1794
    1794 1794 1794 1794 1804 1804 1804 1804 1794 1794 1794 1794 1794
    1794 1785 1785 1785 1794 1794 1794 1794 1794 3994 3994 3994 3994
    3994 3948 3948 3948 3948 3994 3948 3120 1804 1804 1804 1804 1804
    1804 1804 1804 1804 1804 1804 1804 1804 1804 1794 1794 1794 1794
    1794 1794 1794 1794 1794 1804 1804 1794 1794 1794 1794 1794 1794
    1794 1794 1785 1785 1785 1785 1785 1785 1785 1785 3994 3994 3994
    3994 3994 3948 3948 3948 3948 3994 3948 3149 3149 1804 1804 1804
    1804 1804 1804 1804 1804 1804 1804 1804 1804 1804 1804 1804 1804
    1804 1794 1794 1794 1794 1794 1804 1794 1794 1794 1794 1794 1794
    1794 1794 1794 1794 1785 1785 1785 1785 1785 1785 1785 1785 3994
    3994 3994 3994 3994 3994 3994 3994 3994 3948 3120 3120 3120 1766
    1766 1785 1794 1804 1804 1804 1804 1804 1804 1804 1804 1804 1804
    1804 1804 1794 1794 1794 1794 1794 1804 1794 1794 1794 1794 1794
    1794 1794 1794 1804 1804 1794 1785 1785 1785 1785 1766 1766 1766
    4041 4041 4041 4041 3994 3994 3994 3948 3948 3948 3120 3120 3120
    1766 1766 1785 1794 1804 1804 1804 1804 1804 1804 1804 1804 1804
    1804 1804 1804 1794 1794 1785 1785 1794 1794 1794 1794 1794 1794
    1794 1794 1794 1794 1804 1804 1794 1785 1785 1785 1785 1766 1766
    1766 1766 4041 3994 3994 3994 3994 3948 3903 3903 3903 3120 3120
    3120 1785 1785 1785 1794 1804 1804 1804 1804 1804 1794 1794 1794
    1794 1794 1794 1804 1794 1794 1785 1785 1785 1794 1804 1804 1804
    1794 1794 1794 1794 1794 1794 1794 1794 1785 1785 1785 1794 1785
    1766 1766 1766 3994 3994 3994 3994 3948 3948 3903 3903 3903 3120
    3120 3120 1794 1794 1794 1804 1804 1804 1804 1804 1804 1794 1794
    1794 1794 1794 1794 1794 1794 1794 1785 1785 1785 1794 1804 1804
    1804 1794 1794 1794 1794 1785 1785 1794 1785 1785 1785 1785 1785
    1785 1776 1776 1776 3994 3994 3994 3994 3948 3948 3903 3903 3903
    3120 3120 3120 1804 1804 1804 1804 1804 1804 1804 1804 1804 1794
    1794 1794 1794 1794 1794 1794 1794 1794 1785 1785 1785 1794 1794
    1794 1794 1794 1785 1785 1785 1785 1785 1794 1785 1785 1785 1785
    1785 1785 1785 1785 1785 1785 3994 3994 3994 3948 3948 3948 3903
    3903 3120 3120 3120 3120 1804 1804 1804 1804 1804 1804 1804 1804
    1794 1794 1794 1794 1794 1794 1794 1794 1794 1794 1794 1794 1794
    1794 1794 1785 1785 1785 1785 1785 1785 1785 1785 1785 1785 1785
    1785 1785 1785 1785 1776 1776 1776 3994 3994 3994 3948 3948 3948
