<?xml version="1.0"?>
<opencv_storage>
<Depth2561 type_id="opencv-matrix">
  <rows>28</rows>
  <cols>14</cols>
  <dt>w</dt>
  <data>
    2398 2381 2365 2365 2365 2365 2381 2365 2365 2365 2365 2365 2398
    2398 2398 2398 2381 2381 2381 2381 2381 2365 2365 2365 2381 2381
    2398 2415 2398 2398 2398 2398 2381 2381 2381 2381 2381 2381 2381
    2398 2415 2432 2398 2398 2398 2398 2381 2381 2398 2398 2381 2381
    2398 2398 2415 2432 2381 2398 2398 2398 2398 2398 2398 2398 2381
    2381 2398 2415 2432 2467 2381 2398 2415 2415 2415 2415 2398 2398
    2398 2398 2415 2432 2467 2485 2415 2415 2415 2432 2415 2415 2415
    2415 2398 2398 2415 2450 2485 2485 2415 2415 2450 2432 2432 2415
    2415 2415 2415 2415 2450 2467 2485 2503 2432 2432 2467 2450 2450
    2432 2432 2432 2450 2450 2450 2467 2467 2485 2485 2485 2467 2467
    2450 2450 2450 2450 2450 2450 2450 2450 2467 2485 2485 2485 2467
    2467 2467 2450 2450 2450 2450 2450 2450 2450 2467 2485 2485 2485
    2485 2485 2467 2467 2467 2450 2450 2467 2467 2467 2485 2560 2467
    2467 2485 2485 2467 2467 2467 2450 2450 2467 2467 2467 2467 3816
    2467 2467 2485 2485 2467 2467 2467 2467 2467 2467 2467 2467 2467
    3816 2503 2503 2503 2503 2485 2485 2485 2485 2485 2467 2467 2467
    2467 3816 2503 2503 2522 2522 2522 2503 2485 2485 2485 2467 2467
    2467 2467 2485 2522 2522 2522 2541 2541 2522 2522 2503 2503 2467
    2467 2467 2467 2485 2503 2522 2522 2541 2541 2541 2522 2522 2503
    2485 2485 2503 2522 2541 2503 2522 2522 2541 2541 2541 2541 2541
    2522 2503 2503 2503 2541 2560 2522 2522 2541 2541 2541 2541 2541
    2541 2541 2522 2522 2541 2560 2598 0 2541 2541 2541 2541 2541 2560
    2560 2541 2522 2522 2541 2560 2598 0 2541 2541 2541 2560 2560 2560
    2560 2541 2541 2541 2541 2560 2618 0 2560 2560 2560 2579 2579 2560
    2560 2541 2541 2541 2541 2560 2618 1322 0 2579 2579 2598 2579 2579
    2579 2541 2541 2541 2560 2560 2639 1322 0 2579 2579 2598 2579 2579
    2598 2579 2560 2560 2579 2618 2659 1328 1328 2598 2598 2598 2598
    2598 2598 2598 2579 2579 2579 2618 2659 1328 1328 1328 2618 2618
    2598 2598 2598 2598 2598 2598 2598 2639 2659 1328 1328 1328 2618
    2618 2598 2598 2598 2598 2579 2579 2598 2639 2701</data></Depth2561>
</opencv_storage>
