<?xml version="1.0"?>
<opencv_storage>
<Depth12422 type_id="opencv-matrix">
  <rows>22</rows>
  <cols>16</cols>
  <dt>w</dt>
  <data>
    4349 4349 4349 4349 4349 4349 4295 4190 4190 4190 4190 4190 4190
    4190 6497 6497 4349 4349 4349 4349 4349 4295 4241 4190 4190 4190
    4190 4190 4190 4139 4139 6497 4405 4349 4349 4349 4349 4295 4241
    4190 4190 4190 4190 4190 4190 4139 4139 6497 4405 4405 4349 4349
    4349 4295 4241 4190 4190 4190 4190 4190 4190 4139 4139 6497 4405
    4405 4349 4349 4349 4295 4241 4190 4190 4190 4190 4241 4190 4139
    4139 6622 4405 4405 4405 4349 4349 4295 4241 4241 4190 4190 4190
    4241 4190 4190 4190 6622 4405 4405 4405 4349 4349 4295 4241 4241
    4190 4190 4241 4241 4241 4190 4190 6622 4463 4405 4405 4349 4349
    4295 4241 4241 4190 4190 4241 4241 4241 4241 4241 4241 4463 4463
    4405 4405 4349 4295 4241 4241 4190 4190 4241 4241 4241 4241 4241
    4241 4463 4463 4405 4405 4349 4295 4241 4241 4241 4241 4241 4241
    4241 4241 4241 4241 4463 4463 4405 4405 4405 4349 4295 4241 4241
    4241 4241 4241 4241 4241 4241 4241 4463 4405 4405 4405 4349 4349
    4295 4241 4241 4241 4190 4190 4241 4241 4241 4241 4463 4349 4349
    4405 4349 4349 4295 4241 4190 4190 4190 4190 4241 4241 4241 4241
    6753 4349 4349 4349 4349 4349 4295 4241 4190 4190 4190 4190 4190
    4241 4241 4241 6753 4349 4349 4349 4349 4349 4295 4295 4190 4190
    4190 4190 4190 4241 4241 4241 6753 4405 4405 4405 4405 4349 4349
    4241 4190 4190 4190 4190 4190 4190 4190 4190 6753 4405 4405 4405
    4405 4405 4349 4241 4190 4190 4190 4190 4190 4190 4190 4190 6753
    4405 4405 4405 4405 4405 4349 4241 4241 4190 4190 4190 4190 4190
    4190 4190 6622 4405 4405 4405 4405 4349 4349 4241 4241 4190 4190
    4190 4190 4190 4190 4190 6622 6622 4405 4405 4405 4349 4349 4241
    4241 4190 4190 4190 4190 4190 4190 4190 6622 6622 4349 4349 4349
    4295 4295 4241 4241 4190 4190 4190 4190 4190 4190 4241 6622 6622
    4349 4349 4349 4295 4295 4241 4241 4241 4190 4190 4241 4190 4190
    4241</data></Depth12422>
</opencv_storage>
