<?xml version="1.0"?>
<opencv_storage>
<Depth3327 type_id="opencv-matrix">
  <rows>7</rows>
  <cols>12</cols>
  <dt>w</dt>
  <data>
    6497 6497 6622 6622 6622 6622 6622 6622 6622 6622 0 7030 6497 6497
    6622 6622 6622 6622 6622 6622 6622 6622 6622 6753 6497 6622 6622
    6622 6622 6622 6622 6497 6497 6497 6622 6753 6753 6753 6889 6889
    6753 6753 6622 6497 6497 6497 6622 6622 0 5460 6753 6753 6753 6497
    6497 6497 6497 6497 6622 6622 0 5460 5374 5374 6497 6497 6497 6622
    6497 6497 6622 6622 5640 5460 5374 5374 5374 6622 6622 6622 6622
    6622 6622 6622</data></Depth3327>
</opencv_storage>
