<?xml version="1.0"?>
<opencv_storage>
<Depth3115 type_id="opencv-matrix">
  <rows>43</rows>
  <cols>44</cols>
  <dt>w</dt>
  <data>
    2349 2349 2333 2333 2349 0 0 0 5734 5734 5734 5640 5640 5832 5640
    2415 2415 2415 2415 2415 2450 2450 5548 5548 5548 5548 5548 5548
    5548 5460 5460 5460 5460 5460 5460 5460 5460 5460 5460 5374 5374
    5291 5210 5210 2349 2349 2349 2349 0 0 0 0 0 5734 5734 5640 5640
    5640 2381 2381 2398 2415 2415 2415 2432 2432 2432 5548 5548 5548
    5548 5460 5460 5460 5460 5460 5460 5460 5460 5460 5460 5460 5460
    5374 5374 5374 5291 5210 2349 2349 2349 2365 2381 0 0 0 0 0 0 2398
    2398 2381 2381 2381 2398 2398 2415 2415 2415 2415 2398 2398 5548
    5548 5548 5460 5460 5460 5460 5548 5460 5460 5460 5460 5460 5460
    5374 5374 5374 5374 5291 5291 2365 2365 2365 2365 2381 0 0 0 0 0 0
    2398 2398 2398 2381 2381 2398 2398 2415 2398 2398 2415 2398 2398
    2398 5548 5548 5548 5548 5548 5548 5548 5460 5460 5460 5460 5460
    5460 5374 5374 5374 5374 5291 5291 2365 2365 2365 2365 2365 0 0 0 0
    2365 2365 2365 2365 2365 2365 2365 2381 2398 2398 2398 2398 2398
    2398 2398 2398 2398 5548 5548 5548 5548 5548 5548 5460 5460 5460
    5460 5460 5460 5374 5374 5374 5374 5374 5291 2365 2365 2365 2365 0 0
    0 2317 0 2349 2349 2365 2365 2365 2365 2365 2365 2365 2381 2381 2381
    2398 2398 2398 2381 2381 5548 5548 5548 5548 5548 5548 5460 5460
    5460 5460 5460 5460 5374 5374 5374 5374 5374 5291 2365 2365 2365
    5548 5548 5548 0 0 2317 2317 2333 2349 2349 2349 2349 2349 2365 2365
    2365 2365 2365 2381 2398 2398 2381 2381 2381 5640 5640 5548 5548
    5548 5548 5460 5460 5460 5460 5460 5374 5374 5374 5374 5374 5374
    2365 2365 5460 5548 5548 5548 2301 2301 2301 2317 2317 2333 2349
    2349 2349 2349 2349 2349 2365 2365 2365 2381 2381 2381 2398 2381
    2381 2398 5640 5548 5548 5548 5548 5548 5548 5548 5460 5460 5460
    5374 5374 5374 5374 5374 5374 5374 5460 5548 5548 5548 2301 2301
    2301 2317 2317 2333 2333 2333 2333 2333 2349 2349 2349 2349 2349
    2365 2365 2381 2398 2398 2398 2398 2398 5548 5548 5548 5548 5548
    5548 5548 5548 5460 5460 5374 5374 5374 5291 5291 5374 5374 5460
    5548 5548 2301 2301 2301 2317 2317 2317 2333 2333 2333 2333 2333
    2349 2349 2349 2349 2349 2349 2349 2365 2381 2398 2398 2398 2398
    2415 5548 5548 5548 5548 5548 5548 5548 5460 5460 5374 5374 5374
    5291 5291 5291 5291 2317 2317 2317 2301 2301 2301 2317 2317 2317
    2333 2333 2333 2333 2333 2349 2349 2349 2349 2349 2349 2349 2349
    2381 2398 2398 2398 2415 2415 2415 5548 5548 5548 5548 5548 5548
    5460 5460 5460 5374 5374 5374 5374 5291 5291 2317 2317 2301 2301
    2301 2301 2301 2317 2317 2317 2317 2317 2317 2317 2333 2333 2333
    2349 2349 2349 2349 2349 2365 2381 2398 2398 2398 2398 2398 2415
    5548 5460 5460 5548 5548 5460 5460 5460 5460 5374 5374 5374 5210
    2333 2333 2317 2301 2301 2301 2301 2301 2301 2301 2301 2301 2317
    2301 2301 2317 2317 2333 2333 2333 2349 2349 2349 2365 2381 2381
    2398 2398 2398 2398 2381 2381 5460 5460 5460 5460 5460 5460 5460
    5460 5460 5374 5374 2333 2333 2333 2333 2333 2301 2301 2301 2286
    2286 2301 2301 2301 2301 2301 2301 2301 2301 2317 2333 2333 2349
    2349 2349 2365 2365 2381 2381 2381 2381 2398 2381 2381 2398 2398
    5460 5460 5460 5460 5460 5460 5460 5460 5460 2333 2333 2349 2349
    2333 2317 2301 2301 2286 2286 2286 2286 2301 2301 2301 2301 2301
    2301 2301 2317 2333 2349 2349 2349 2349 2365 2365 2365 2365 2381
    2381 2398 2398 2398 2415 5460 5460 5460 5460 5460 5460 5460 5460
    5460 2349 2349 2349 2349 2333 2317 2301 2301 2286 2286 2286 2286
    2301 2301 2286 2286 2286 2286 2301 2317 2333 2333 2349 2349 2349
    2349 2349 2365 2365 2365 2381 2381 2381 2398 2398 2415 5460 5460
    5460 5460 5460 5460 5460 5460 2349 2349 2349 2349 2333 2317 2317
    2301 2286 2286 2286 2286 2286 2301 2286 2286 2286 2286 2301 2317
    2317 2333 2349 2349 2349 2349 2349 2349 2365 2365 2381 2381 2381
    2398 2398 2398 5548 5460 5460 5460 5460 5460 5460 5460 2349 2349
    2349 2349 2333 2317 2317 2301 2301 2301 2286 2286 2286 2301 2286
    2286 2286 2286 2286 2301 2301 2333 2333 2333 2349 2349 2349 2349
    2349 2365 2365 2365 2381 2381 2398 2381 2381 5548 5460 5460 5460
    5460 5460 5460 2333 2333 2349 2349 2333 2333 2317 2317 2301 2301
    2301 2301 2301 2301 2286 2286 2286 2286 2286 2286 2301 2317 2317
    2333 2349 2333 2333 2349 2349 2365 2365 2365 2365 2381 2398 2381
    2381 2381 2381 5460 5460 5460 5460 5460 2333 2333 2349 2349 2333
    2333 2333 2317 2317 2301 2301 2301 2301 2301 2286 2286 2286 2286
    2286 2286 2286 2301 2301 2333 2333 2333 2333 2349 2349 2349 2365
    2365 2365 2381 2398 2398 2381 2381 2381 2381 5548 5548 5548 5460
    5210 2349 2349 2349 2349 2349 2333 2333 2333 2317 2301 2301 2301
    2301 2286 2286 2271 2271 2271 2286 2286 2286 2301 2317 2317 2333
    2333 2333 2333 2349 2349 2349 2349 2365 2365 2381 2381 2381 2381
    2381 2450 5548 5548 5548 5210 5210 5210 2365 2349 2349 2349 2349
    2333 2317 2301 2301 2301 2301 2286 2271 2271 2271 2271 2286 2286
    2286 2301 2317 2317 2333 2333 2333 2333 2349 2349 2349 2349 2349
    2349 2381 2381 2381 2381 2381 2415 2415 5548 5548 5210 5210 5210
    5291 2349 2349 2349 2349 2333 2333 2317 2301 2301 2301 2286 2271
    2271 2271 2271 2271 2271 2286 2286 2301 2301 2317 2317 2317 2333
    2333 2333 2333 2333 2349 2349 2365 2381 2381 2381 2398 2398 2415
    5640 5640 5210 5210 5210 5291 5291 2349 2349 2349 2349 2333 2317
    2317 2301 2301 2286 2271 2271 2271 2271 2271 2271 2271 2286 2286
    2286 2301 2301 2301 2317 2317 2333 2333 2333 2349 2349 2349 2365
    2365 2381 2398 2398 2398 2398 5734 5210 5210 5210 5291 5291 2349
    2349 2349 2349 2333 2317 2317 2317 2301 2286 2286 2271 2271 2271
    2271 2271 2271 2271 2286 2286 2286 2301 2301 2301 2301 2317 2333
    2333 2333 2349 2349 2349 2365 2365 2381 2381 2381 2381 5933 5210
    5210 5210 5291 5210 5210 2349 2349 2349 2333 2333 2333 2317 2317
    2286 2286 2271 2271 2271 2271 2271 2271 2271 2271 2271 2286 2286
    2301 2301 2301 2317 2317 2317 2333 2333 2349 2349 2349 2349 2365
    2381 2381 2381 2398 5210 5210 5210 5291 5210 5210 2365 2365 2365
    2349 2349 2349 2333 2317 2286 2286 2271 2271 2271 2271 2271 2271
    2271 2271 2271 2271 2286 2286 2301 2301 2301 2317 2317 2317 2333
    2333 2333 2349 2349 2365 2365 2365 2365 2398 5210 5210 5210 5210
    5291 5291 5210 5210 2365 2365 2365 2349 2333 2333 2301 2301 2286
    2271 2271 2271 2271 2271 2271 2271 2271 2271 2271 2286 2286 2301
    2301 2301 2301 2317 2333 2333 2333 2349 2349 2349 2365 2365 2365
    2398 5210 5210 5210 5210 5210 5210 5210 5210 5210 2381 2365 2349
    2349 2349 2317 2301 2286 2271 2271 2271 2271 2271 2271 2271 2271
    2271 2271 2286 2286 2286 2286 2286 2286 2286 2317 2333 2333 2333
    2333 2349 2365 2365 2381 2381 5132 5210 5210 5210 5210 5210 5210
    5210 5210 5291 2365 2365 2349 2349 2317 2301 2286 2286 2286 2271
    2271 2271 2271 2271 2271 2271 2271 2271 2286 2286 2286 2286 2286
    2286 2286 2301 2317 2317 2333 2333 2349 2349 2365 2365 5132 5210
    5210 5210 5210 5210 5210 5210 5210 5210 5210 2365 2365 2349 2333
    2333 2301 2286 2286 2271 2271 2271 2271 2271 2271 2271 2271 2271
    2271 2286 2286 2286 2286 2286 2286 2286 2317 2317 2333 2333 2349
    2349 2365 5460 5132 5210 5210 5210 5210 5210 5210 5210 5210 5210
    5210 5291 2365 2365 2349 2333 2317 2301 2301 2286 2286 2286 2271
    2271 2271 2271 2271 2271 2271 2271 2271 2286 2271 2271 2286 2286
    2301 2317 2317 2317 2349 2365 5460 5460 5132 5132 5210 5210 5210
    5210 5210 5210 5210 5210 5210 5210 5210 5210 2349 2333 2333 2317
    2317 2301 2286 2286 2286 2271 2271 2271 2256 2256 2256 2256 2271
    2271 2271 2271 2286 2286 2286 2317 2317 2317 2333 2333 5460 5460
    5132 5132 5210 5210 5210 5210 5210 5210 5210 5210 5210 5210 5210
    5210 5210 2317 2317 2333 2317 2301 2301 2286 2286 2286 2271 2271
    2256 2256 2256 2256 2271 2271 2271 2271 2286 2286 2286 2301 2286
