<?xml version="1.0"?>
<opencv_storage>
<Depth5141 type_id="opencv-matrix">
  <rows>62</rows>
  <cols>54</cols>
  <dt>w</dt>
  <data>
    4295 4295 4241 4241 4241 4241 4241 4295 4241 4241 4295 4295 4295
    4295 4295 4295 4295 4295 4295 4295 4295 4349 4349 4295 4241 4241
    4295 4295 4405 4405 4349 4349 1739 1739 1739 1739 1748 4463 4405
    4405 4405 4405 4405 4349 4349 4349 4349 4349 4349 4405 4405 4405
    4405 4405 4241 4295 4241 4241 4241 4241 4241 4241 4241 4295 4295
    4295 4295 4295 4295 4295 4295 4295 4295 4295 4295 4241 4241 4241
    1696 1696 1696 1696 1696 1705 1705 1705 1722 1731 1739 1739 1739
    1739 4405 4405 4405 4405 4405 4349 4349 4349 4349 4349 4349 4405
    4405 4405 4405 4405 4241 4241 4241 4295 4295 4241 4241 4241 4241
    4295 4295 4295 4295 4295 4295 4295 4295 4295 4295 4241 4241 1713
    1705 1705 1696 1696 1696 1696 1696 1696 1705 1705 1722 1731 1731
    1739 1739 1748 4405 4405 4405 4349 4349 4349 4349 4349 4349 4349
    4349 4405 4405 4405 4405 4405 4241 4241 4241 4241 4295 4295 4241
    4241 4241 4241 4295 4295 4295 4295 4295 4295 4295 4295 4295 4241
    1713 1713 1705 1705 1696 1696 1680 1680 1680 1688 1705 1705 1713
    1722 1731 1739 1739 1739 1739 4349 4349 4349 4349 4349 4349 4349
    4349 4349 4349 4405 4405 4405 4405 4405 4241 4241 4241 4241 4295
    4295 4241 4241 4241 4241 4241 4295 4295 4241 4241 1739 1739 1739
    1739 1731 1713 1713 1705 1705 1696 1696 1680 1680 1680 1688 1696
    1705 1705 1713 1722 1731 1731 1739 1739 4349 4349 4349 4349 4349
    4349 4349 4349 4349 4349 4405 4405 4405 4405 4405 4241 4241 4241
    4295 4295 4295 4241 4190 4190 4241 4241 4295 4295 1731 1731 1731
    1731 1731 1731 1731 1713 1713 1705 1705 1696 1696 1688 1688 1688
    1696 1696 1705 1705 1713 1722 1731 1731 1731 1731 4349 4349 4349
    4349 4349 4349 4349 4349 4349 4349 4405 4405 4405 4405 4405 4241
    4241 4241 4295 4295 4295 4241 1776 1776 1776 1766 1757 1748 1731
    1731 1731 1731 1731 1731 1722 1713 1705 1705 1705 1696 1696 1688
    1688 1688 1688 1696 1696 1696 1705 1713 1722 1722 1731 1731 4405
    4349 4349 4349 4349 4349 4349 4349 4349 4349 4405 4405 4405 4405
    4405 4241 4241 4241 4295 4295 1785 1785 1776 1776 1776 1766 1757
    1748 1739 1731 1731 1731 1731 1731 1722 1713 1705 1705 1696 1696
    1696 1688 1688 1688 1688 1696 1696 1696 1705 1705 1713 1722 1722
    1731 4463 4405 4405 4349 4349 4349 4349 4349 4349 4349 4405 4405
    4405 4405 4405 4241 4295 4295 4349 4349 1785 1785 1776 1776 1766
    1766 1757 1748 1739 1739 1739 1731 1731 1731 1722 1713 1713 1705
    1696 1696 1696 1688 1688 1680 1680 1680 1680 1688 1696 1705 1713
    1722 1722 1731 1731 4463 4405 4349 4349 4349 4349 4349 4349 4349
    4405 4405 4405 4349 4349 4241 4349 4349 4349 1804 1785 1785 1776
    1766 1766 1766 1757 1748 1748 1739 1739 1731 1731 1731 1722 1713
    1713 1705 1705 1696 1696 1696 1688 1680 1671 1671 1671 1680 1688
    1696 1705 1713 1722 1731 1731 4522 4349 4295 4295 4295 4295 4295
    4295 4295 4405 4349 4349 4349 4349 1823 1813 1813 1804 1804 1794
    1785 1776 1766 1766 1766 1757 1757 1748 1748 1739 1739 1731 1731
    1722 1713 1713 1705 1705 1696 1696 1696 1688 1680 1671 1671 1671
    1680 1688 1696 1705 1713 1722 1731 1731 1731 4349 4295 4295 4295
    4295 4295 4295 4295 4405 4349 4349 4349 4349 1823 1813 1813 1804
    1804 1794 1785 1776 1776 1766 1766 1766 1757 1757 1748 1739 1739
    1731 1731 1722 1722 1713 1705 1705 1696 1696 1696 1688 1680 1671
    1671 1671 1680 1680 1696 1705 1705 1713 1731 1731 1731 4295 4295
    4295 4295 4295 4295 4349 4349 4405 4349 4349 4349 4349 1813 1813
    1804 1804 1794 1794 1785 1776 1776 1766 1766 1766 1757 1757 1748
    1739 1739 1731 1731 1722 1722 1713 1705 1705 1696 1696 1696 1680
    1671 1671 1671 1671 1671 1680 1688 1696 1705 1713 1731 1731 1731
    4295 4295 4295 4295 4295 4295 4349 4349 4405 4405 4349 4349 4349
    1813 1813 1804 1804 1794 1794 1785 1776 1776 1776 1766 1766 1757
    1757 1748 1739 1739 1731 1731 1722 1722 1713 1705 1705 1696 1696
    1696 1680 1671 1671 1671 1671 1671 1680 1688 1696 1705 1705 1722
    1722 1722 1722 4349 4349 4295 4295 4295 4295 4295 4405 4405 4405
    4349 4349 1813 1813 1804 1804 1794 1785 1785 1776 1776 1776 1766
    1766 1757 1757 1748 1739 1739 1739 1731 1731 1722 1722 1705 1705
    1705 1696 1696 1688 1680 1671 1671 1671 1671 1680 1688 1696 1696
    1705 1722 1722 1722 1722 4349 4349 4295 4295 4295 4295 4295 4349
    4349 4349 4349 4349 1813 1813 1804 1804 1794 1785 1785 1776 1776
    1776 1766 1766 1757 1757 1748 1739 1739 1739 1731 1731 1722 1722
    1705 1705 1705 1696 1696 1688 1680 1671 1671 1671 1671 1680 1688
    1696 1696 1696 1713 1722 1731 1739 1739 4349 4295 4295 4295 4295
    4295 4349 4349 4349 4295 4295 1813 1813 1813 1804 1794 1785 1776
    1776 1776 1776 1766 1766 1766 1757 1748 1739 1739 1739 1731 1731
    1722 1722 1705 1705 1705 1696 1696 1688 1680 1680 1671 1671 1671
    1680 1680 1688 1696 1696 1705 1722 1731 1739 1739 4295 4295 4241
    4241 4295 4295 4349 4349 4349 4295 4295 4241 1813 1813 1804 1794
    1785 1776 1776 1776 1776 1766 1766 1766 1757 1757 1748 1739 1739
    1731 1731 1722 1722 1713 1705 1705 1696 1696 1696 1688 1680 1680
    1671 1671 1671 1671 1680 1688 1696 1705 1722 1731 1731 1731 4295
    4295 4241 4241 4295 4295 4349 4349 4349 4349 4295 4241 1813 1813
    1804 1804 1785 1776 1776 1776 1776 1766 1766 1766 1757 1757 1739
    1739 1739 1731 1731 1722 1722 1713 1705 1705 1696 1696 1696 1688
    1680 1680 1671 1671 1671 1671 1671 1680 1696 1705 1713 1722 1731
    1731 1731 4295 4295 4295 4295 4295 4349 4349 4349 4349 4295 4241
    1813 1813 1804 1804 1785 1776 1776 1776 1776 1766 1766 1766 1757
    1757 1739 1739 1739 1731 1731 1722 1722 1713 1705 1705 1696 1696
    1696 1688 1688 1680 1671 1671 1671 1671 1671 1671 1696 1696 1705
    1713 1722 1731 1731 4295 4295 4295 4295 4295 4349 4349 4295 4295
    4295 4190 1813 1813 1813 1804 1785 1776 1776 1776 1776 1766 1766
    1766 1757 1748 1739 1739 1739 1731 1731 1722 1722 1713 1705 1705
    1705 1696 1688 1688 1688 1680 1680 1671 1671 1671 1671 1671 1688
    1696 1705 1705 1713 1722 1722 4349 4349 4295 4295 4295 4295 4295
    4295 4295 4295 4139 1813 1813 1813 1804 1785 1785 1776 1776 1776
    1766 1766 1766 1757 1748 1739 1739 1739 1731 1731 1722 1722 1705
    1705 1705 1705 1696 1688 1688 1688 1680 1680 1671 1671 1671 1671
    1671 1688 1696 1696 1705 1705 1713 1713 1713 4349 4295 4295 4295
    4295 4295 4295 4295 4295 4190 4190 1813 1813 1804 1794 1785 1776
    1776 1776 1776 1766 1766 1757 1748 1739 1739 1739 1731 1731 1722
    1722 1705 1705 1705 1705 1696 1688 1688 1688 1688 1688 1671 1671
    1671 1663 1663 1680 1688 1696 1705 1705 1713 1713 1713 4241 4241
    4241 4241 4295 4295 4295 4295 4295 4139 4139 1813 1813 1804 1794
    1785 1776 1776 1776 1776 1766 1766 1757 1748 1739 1739 1739 1731
    1731 1722 1722 1705 1705 1705 1705 1696 1696 1688 1688 1688 1680
    1671 1671 1663 1663 1663 1671 1680 1696 1696 1705 1705 1705 1705
    1705 4241 4241 4241 4295 4295 4295 4295 4295 4041 4041 4041 1794
    1794 1794 1785 1776 1776 1776 1776 1766 1766 1757 1748 1739 1739
    1739 1731 1731 1722 1722 1713 1705 1705 1705 1696 1696 1688 1688
    1688 1680 1680 1671 1655 1655 1663 1663 1671 1688 1696 1696 1705
    1705 1705 1705 4241 4241 4241 4295 4295 4295 4295 4295 3994 3948
    3948 3948 1794 1794 1785 1776 1776 1776 1766 1766 1766 1757 1748
    1739 1739 1731 1731 1731 1722 1722 1713 1705 1705 1705 1696 1696
    1688 1688 1680 1680 1680 1671 1655 1655 1663 1663 1671 1680 1688
    1696 1705 1705 1705 1705 1705 4241 4241 4295 4295 4295 4295 4295
    3994 3948 3948 1813 1804 1794 1785 1785 1776 1776 1766 1766 1766
    1748 1748 1739 1739 1731 1731 1731 1722 1722 1713 1705 1705 1705
    1696 1696 1688 1680 1680 1680 1671 1671 1663 1655 1655 1663 1671
    1680 1688 1688 1705 1705 1705 1705 1705 4295 4295 4295 4295 4295
    4295 4295 4089 4089 4089 1813 1804 1794 1794 1785 1776 1776 1766
    1766 1766 1748 1748 1739 1739 1739 1731 1731 1722 1722 1713 1705
