<?xml version="1.0"?>
<opencv_storage>
<Depth1692 type_id="opencv-matrix">
  <rows>74</rows>
  <cols>51</cols>
  <dt>w</dt>
  <data>
    3503 3468 3468 3468 3433 3433 3399 3399 3399 3399 3365 3365 3365
    3365 3365 3365 3365 3365 3300 3269 3269 3269 3269 1307 1307 1302
    1297 1292 1292 1283 1283 1288 1283 1278 1278 1283 1283 1283 1283
    1297 1297 1307 1322 1322 1322 1322 1322 3010 3010 3010 3010 3503
    3468 3468 3468 3433 3433 3399 3399 3399 3365 3365 3365 3365 3365
    3365 3365 3365 3365 3269 1328 1328 1322 1317 1307 1307 1302 1297
    1292 1292 1288 1288 1283 1278 1278 1278 1283 1283 1288 1288 1297
    1297 1302 1312 1317 1322 1322 1333 1333 3037 3010 3010 3503 3468
    3468 3468 3433 3433 3399 3399 3399 3365 3365 1365 1359 1359 1359
    1354 1349 1338 1333 1328 1328 1322 1317 1307 1307 1302 1297 1292
    1292 1288 1288 1278 1278 1273 1273 1278 1288 1288 1288 1297 1297
    1302 1307 1312 1322 1328 1333 1333 3010 3010 3010 3503 3503 3503
    3468 3433 3433 3399 3399 3399 1376 1370 1365 1359 1359 1359 1354
    1349 1338 1333 1333 1328 1322 1317 1312 1307 1302 1297 1292 1292
    1292 1288 1278 1273 1273 1273 1273 1283 1292 1292 1302 1302 1302
    1307 1312 1322 1328 1333 1333 3010 3010 3010 1427 1415 1415 1415
    1404 1404 1404 1398 1392 1376 1370 1370 1365 1365 1365 1359 1349
    1343 1338 1333 1328 1328 1317 1312 1307 1302 1297 1292 1292 1288
    1283 1278 1273 1273 1273 1273 1283 1292 1292 1302 1302 1302 1307
    1312 1322 1328 1333 1333 3010 3010 3010 1421 1415 1415 1415 1404
    1398 1398 1392 1392 1381 1370 1370 1370 1365 1359 1354 1354 1343
    1338 1333 1328 1328 1317 1312 1307 1302 1297 1292 1292 1288 1283
    1278 1273 1273 1273 1273 1283 1292 1292 1302 1302 1307 1312 1317
    1322 1328 1333 1333 3010 3010 3010 1421 1421 1421 1415 1404 1398
    1398 1392 1392 1381 1376 1370 1365 1359 1359 1354 1349 1349 1343
    1333 1333 1328 1317 1312 1307 1302 1297 1292 1292 1288 1283 1273
    1273 1273 1273 1273 1283 1292 1292 1297 1297 1307 1312 1317 1322
    1328 1333 1333 2984 2984 2984 1421 1421 1421 1415 1404 1398 1398
    1392 1392 1381 1376 1370 1365 1359 1359 1354 1349 1343 1338 1333
    1333 1328 1317 1312 1307 1307 1297 1292 1292 1288 1278 1273 1273
    1273 1273 1278 1283 1288 1292 1297 1297 1307 1307 1317 1322 1328
    1333 1338 1338 2984 2984 1421 1421 1421 1415 1410 1398 1398 1392
    1392 1381 1376 1370 1370 1359 1359 1354 1349 1343 1338 1333 1333
    1328 1317 1312 1307 1307 1297 1292 1288 1283 1278 1273 1273 1273
    1273 1278 1288 1288 1288 1297 1297 1307 1307 1317 1322 1328 1328
    1333 1333 2984 2984 1421 1421 1421 1415 1415 1404 1398 1392 1392
    1381 1376 1370 1370 1359 1359 1354 1349 1343 1343 1338 1333 1322
    1317 1312 1307 1307 1297 1292 1288 1283 1278 1273 1273 1273 1273
    1278 1288 1288 1288 1292 1297 1307 1307 1317 1322 1328 1328 1333
    1333 2984 2984 1433 1427 1421 1415 1415 1404 1398 1392 1392 1381
    1376 1370 1370 1365 1359 1354 1349 1343 1338 1333 1328 1322 1317
    1312 1307 1307 1297 1292 1288 1283 1278 1273 1273 1273 1273 1278
    1288 1288 1288 1292 1302 1307 1307 1317 1322 1328 1328 1333 1333
    2984 2984 1433 1427 1421 1415 1415 1404 1398 1392 1392 1381 1376
    1370 1370 1359 1354 1354 1349 1343 1338 1333 1328 1322 1317 1312
    1307 1307 1302 1292 1292 1288 1283 1278 1273 1273 1273 1278 1283
    1288 1288 1292 1297 1302 1307 1317 1322 1322 1328 1333 1333 3010
    3010 1421 1421 1421 1415 1415 1404 1398 1392 1392 1381 1376 1370
    1370 1359 1354 1354 1349 1343 1338 1338 1333 1322 1317 1312 1312
    1307 1302 1297 1292 1288 1288 1283 1273 1273 1273 1278 1283 1288
    1288 1292 1297 1302 1307 1317 1322 1322 1328 1333 1333 3010 3010
    1421 1421 1421 1415 1415 1404 1398 1398 1392 1381 1376 1370 1370
    1365 1359 1354 1349 1343 1338 1333 1333 1322 1317 1312 1312 1307
    1302 1297 1292 1288 1288 1283 1278 1273 1273 1278 1283 1288 1288
    1292 1297 1302 1307 1312 1317 1322 1328 1333 1333 2984 2984 1421
    1421 1421 1415 1410 1398 1398 1398 1387 1381 1376 1370 1370 1365
    1359 1354 1349 1349 1338 1333 1328 1322 1317 1312 1312 1307 1302
    1297 1292 1288 1288 1283 1278 1273 1273 1278 1283 1288 1288 1292
    1297 1302 1307 1312 1317 1322 1328 1328 1328 2984 2984 1433 1433
    1427 1421 1410 1398 1398 1398 1387 1381 1376 1370 1370 1365 1359
    1354 1349 1349 1343 1338 1328 1322 1317 1312 1307 1307 1302 1297
    1292 1288 1288 1283 1273 1273 1273 1278 1288 1288 1288 1292 1297
    1302 1307 1307 1317 1322 1328 1328 1328 2984 2984 1433 1433 1427
    1421 1404 1398 1398 1398 1387 1381 1376 1376 1370 1365 1359 1354
    1349 1349 1343 1338 1328 1322 1317 1312 1307 1307 1302 1297 1292
    1288 1288 1278 1273 1273 1273 1278 1288 1288 1288 1292 1297 1302
    1307 1307 1317 1322 1328 1328 1328 2984 2984 1433 1433 1427 1421
    1404 1398 1398 1398 1392 1381 1376 1376 1370 1359 1354 1354 1349
    1349 1343 1338 1328 1328 1317 1312 1312 1307 1302 1297 1292 1288
    1288 1278 1273 1273 1273 1278 1288 1288 1288 1292 1297 1302 1307
    1307 1317 1322 1322 1322 1322 3010 3010 1433 1433 1427 1421 1410
    1404 1404 1398 1392 1381 1381 1376 1370 1359 1354 1354 1349 1349
    1343 1338 1328 1328 1322 1312 1312 1307 1302 1297 1292 1288 1288
    1283 1273 1273 1273 1278 1283 1288 1288 1288 1297 1302 1307 1312
    1317 1322 1322 1322 1328 1328 3037 1427 1427 1421 1421 1415 1410
    1404 1392 1392 1381 1381 1376 1370 1359 1354 1354 1349 1349 1343
    1338 1328 1328 1322 1317 1312 1307 1302 1297 1292 1292 1288 1283
    1273 1273 1273 1273 1283 1288 1288 1288 1297 1302 1307 1312 1317
    1322 1322 1328 1328 1328 3010 1427 1427 1421 1421 1415 1410 1404
    1392 1387 1381 1381 1376 1370 1359 1354 1354 1349 1349 1343 1333
    1328 1328 1328 1317 1312 1307 1302 1297 1292 1292 1288 1283 1273
    1273 1273 1273 1278 1283 1283 1288 1297 1302 1307 1312 1317 1322
    1322 1328 1328 1328 3010 1421 1421 1421 1421 1415 1410 1404 1392
    1387 1381 1381 1376 1370 1365 1359 1354 1354 1349 1343 1333 1328
    1328 1328 1322 1312 1307 1302 1297 1292 1288 1288 1283 1273 1273
    1273 1273 1278 1283 1283 1288 1292 1302 1302 1312 1317 1322 1322
    1328 1328 1328 3010 1421 1421 1421 1421 1415 1410 1398 1392 1387
    1381 1381 1376 1370 1365 1359 1354 1354 1349 1343 1333 1328 1328
    1328 1322 1312 1307 1302 1297 1292 1288 1288 1283 1273 1273 1273
    1273 1278 1283 1283 1288 1292 1302 1302 1307 1312 1317 1322 1328
    1333 1333 3010 1421 1421 1421 1421 1415 1410 1398 1392 1387 1381
    1381 1376 1370 1365 1359 1354 1354 1349 1338 1333 1328 1328 1322
    1317 1312 1307 1302 1297 1292 1288 1288 1283 1273 1273 1273 1273
    1283 1283 1283 1288 1292 1302 1302 1307 1312 1317 1322 1328 1333
    1333 3010 1421 1421 1421 1421 1415 1410 1398 1398 1392 1387 1381
    1376 1370 1365 1359 1354 1354 1349 1338 1333 1328 1322 1322 1312
    1312 1307 1302 1297 1292 1288 1288 1278 1273 1273 1273 1278 1283
    1283 1283 1288 1292 1302 1307 1307 1312 1317 1322 1322 1328 1328
    3010 1421 1421 1421 1415 1415 1410 1398 1398 1392 1392 1381 1376
    1370 1365 1365 1359 1354 1349 1338 1333 1328 1322 1322 1312 1312
    1302 1297 1297 1292 1292 1288 1278 1273 1273 1273 1278 1283 1283
    1283 1288 1292 1302 1307 1312 1312 1317 1322 1322 1328 1328 3010
    1421 1421 1415 1415 1415 1410 1398 1398 1392 1392 1387 1376 1370
    1365 1365 1359 1354 1349 1338 1333 1328 1328 1322 1317 1312 1302
    1297 1297 1292 1292 1288 1278 1273 1273 1273 1273 1283 1283 1283
    1288 1292 1302 1307 1312 1317 1322 1322 1322 1328 1328 3010 1421
    1421 1415 1415 1415 1398 1398 1392 1392 1387 1381 1376 1370 1365
    1359 1359 1354 1349 1338 1333 1328 1322 1322 1312 1312 1307 1302
    1297 1292 1288 1288 1278 1273 1273 1273 1273 1283 1283 1283 1288
    1292 1297 1302 1307 1317 1317 1322 1322 1322 1322 3010 0 1421 1421
    1421 1415 1398 1398 1392 1392 1387 1381 1376 1370 1365 1359 1359
    1354 1349 1338 1333 1328 1322 1322 1312 1312 1307 1302 1297 1292
    1288 1283 1273 1273 1273 1273 1273 1278 1283 1283 1288 1288 1297
