<?xml version="1.0"?>
<opencv_storage>
<Depth16997 type_id="opencv-matrix">
  <rows>113</rows>
  <cols>78</cols>
  <dt>w</dt>
  <data>
    2744 2744 2723 2723 2723 2723 2723 2723 2723 2723 2723 2701 2701
    2701 2701 2701 2701 2701 2701 2701 2680 2680 2680 2701 2701 2701
    2680 2680 2680 2659 2639 2639 2659 2659 2659 2659 2659 2659 2659
    2659 2659 2659 2659 2639 2639 2639 2639 1067 1067 1073 1080 1080
    1087 1090 1094 1094 1097 1101 1101 1101 1101 1105 1105 1105 2598
    2598 2598 2598 2598 2598 2598 2598 2598 2579 2579 2579 2579 2560
    2744 2744 2744 2723 2723 2723 2723 2723 2723 2723 2723 2723 2723
    2701 2701 2701 2701 2701 2701 2701 2701 2701 2701 2701 2701 2701
    2659 2659 2680 2659 2639 2639 2659 2659 2659 2659 2659 2659 2659
    1063 1063 1063 2639 2639 2639 1070 1070 1067 1067 1073 1080 1080
    1084 1087 1090 1094 1097 1101 1105 1105 1105 1105 1105 1105 1105
    2618 2618 2618 2598 2598 2598 2598 2598 2579 2579 2579 2579 2560
    2744 2744 2744 2723 2723 2723 2723 2723 2723 2723 2723 2723 2723
    2701 2701 2701 998 998 2701 2723 2723 2701 2701 2701 2701 2701 2659
    2659 2680 2680 2789 1038 1038 1031 1031 1034 1038 1038 1041 1054
    1057 1057 1057 1060 1060 1063 1067 1067 1067 1070 1073 1077 1080
    1087 1090 1094 1097 1097 1101 1105 1105 1105 1105 1105 1105 2639
    2639 2618 2598 2598 2598 2598 2579 2579 2579 2579 2579 2579 2744
    2744 2744 2723 2723 2723 2723 2723 2723 2723 2723 2723 2723 2701
    2701 2701 998 998 2701 2701 2701 998 1007 1007 2701 2701 2701 1016
    1016 1022 1025 1028 1031 1031 1031 1034 1038 1038 1041 1047 1050
    1054 1054 1054 1060 1063 1063 1067 1067 1070 1073 1077 1080 1084
    1090 1094 1094 1097 1101 1105 1105 1105 1105 1105 1105 2618 2618
    2618 2598 2598 2598 2598 2579 2579 2579 2579 2579 2579 2744 2744
    2723 2701 2701 2723 2723 2723 2723 2723 2723 2723 2723 1004 1001
    1001 998 998 998 992 992 998 1007 1007 1001 1001 1007 1013 1016 1019
    1025 1025 1028 1028 1031 1034 1038 1038 1041 1044 1050 1050 1054
    1054 1057 1060 1063 1063 1067 1070 1073 1077 1080 1084 1090 1094
    1094 1097 1097 1101 1105 1108 1108 1108 1108 2618 2618 2598 2598
    2598 2598 2598 2598 2598 2598 2598 2598 2579 2723 2723 2723 2701
    2701 2723 2723 2723 1022 1010 998 998 998 1001 1001 1001 995 992 992
    992 992 998 998 1001 1001 1001 1007 1013 1016 1019 1022 1025 1028
    1028 1031 1034 1038 1041 1044 1044 1050 1050 1054 1054 1054 1060
    1063 1063 1067 1070 1073 1077 1080 1087 1090 1090 1094 1097 1097
    1101 1105 1108 1112 1112 1112 2618 2618 2598 2598 2598 2598 2598
    2579 2579 2579 2579 2598 2579 2723 2723 2723 1070 1070 1050 1025
    1025 1022 1010 1010 998 998 1001 995 992 989 989 989 989 989 998 998
    998 1001 1001 1007 1013 1016 1019 1022 1025 1028 1031 1031 1034 1038
    1041 1044 1044 1050 1050 1054 1054 1054 1057 1063 1067 1070 1073
    1073 1077 1084 1087 1090 1090 1094 1097 1097 1101 1105 1105 1112
    1112 1105 2598 2598 2579 2579 2598 2598 2598 2579 2579 2579 2579
    2598 2579 2701 1070 1070 1070 1070 1050 1025 1025 1022 1016 1010
    1001 1001 998 992 989 989 987 987 987 989 998 998 998 998 1001 1007
    1013 1016 1016 1022 1022 1025 1031 1034 1034 1038 1041 1044 1044
    1047 1050 1050 1054 1054 1057 1060 1067 1073 1073 1077 1077 1080
    1087 1090 1090 1094 1097 1097 1101 1105 1105 1105 1105 0 2598 2598
    2579 2579 2598 2598 2598 2579 2579 2579 2579 2579 2579 1070 1070
    1067 1060 1050 1050 1034 1025 1022 1016 1010 1004 1001 998 992 989
    989 987 987 987 989 998 998 998 998 1001 1007 1013 1016 1016 1019
    1022 1025 1031 1034 1034 1038 1038 1044 1044 1047 1050 1050 1054
    1054 1057 1060 1067 1073 1073 1077 1077 1080 1084 1090 1090 1094
    1097 1097 1101 1105 1105 1105 1105 1105 1105 2579 2579 2579 2598
    2598 2598 2579 2579 2579 2579 2579 2579 1070 1070 1063 1060 1050
    1044 1034 1025 1022 1016 1010 1007 1001 998 992 989 989 987 987 987
    989 998 998 998 998 1001 1007 1013 1016 1016 1019 1022 1025 1028
    1031 1031 1038 1038 1044 1044 1047 1050 1050 1054 1054 1057 1060
    1067 1070 1073 1077 1077 1080 1084 1087 1090 1094 1097 1097 1101
    1105 1108 1108 1108 1108 0 2618 2618 2618 2618 2618 2598 2579 2579
    2598 2598 2598 2579 1060 1060 1063 1060 1050 1044 1028 1025 1022
    1016 1010 1007 1001 998 992 989 989 987 987 987 989 998 998 998 998
    1001 1007 1013 1016 1016 1019 1022 1025 1028 1028 1031 1034 1041
    1041 1044 1047 1050 1050 1054 1054 1057 1063 1067 1067 1073 1077
    1077 1080 1087 1087 1090 1094 1097 1097 1101 1105 1108 1108 1108
    1108 0 2618 2618 2618 2618 2618 2598 2598 2598 2598 2598 2598 2598
    1060 1060 1060 1060 1057 1050 1028 1025 1022 1016 1010 1007 1001 998
    992 989 989 987 987 987 989 995 998 998 998 1001 1007 1013 1016 1016
    1019 1022 1025 1025 1028 1028 1034 1038 1041 1041 1047 1050 1050
    1054 1054 1054 1063 1067 1067 1073 1077 1077 1080 1087 1087 1090
    1094 1097 1101 1105 1105 1108 1108 1108 1108 1112 2598 2598 2598
    2598 2598 2598 2598 2598 2598 2598 2598 2598 1060 1060 1060 1060
    1057 1050 1038 1028 1022 1019 1010 1007 1001 998 992 989 989 987 987
    987 992 995 998 998 998 1001 1004 1013 1016 1016 1019 1022 1025 1025
    1028 1028 1034 1038 1041 1041 1044 1050 1050 1054 1054 1054 1060
    1067 1067 1070 1077 1077 1080 1084 1087 1090 1094 1094 1101 1101
    1105 1108 1108 1108 1112 1112 2598 2598 2598 2598 2598 2598 2598
    2598 2598 2598 2598 2598 0 1060 1060 1060 1057 1050 1038 1028 1025
    1019 1013 1010 1004 998 992 989 987 987 987 987 992 995 998 998 998
    1001 1004 1013 1016 1016 1019 1022 1025 1025 1028 1031 1038 1038
    1041 1041 1044 1047 1050 1054 1054 1054 1060 1067 1067 1070 1077
    1077 1080 1084 1087 1090 1094 1094 1101 1101 1105 1108 1108 1108
    1112 1112 2598 2598 2598 2598 2598 2598 2598 2598 2598 2598 2598
    2598 0 0 1060 1060 1057 1047 1044 1034 1025 1022 1016 1013 1007 1001
    995 989 987 987 987 987 992 995 995 998 998 1001 1007 1013 1016 1016
    1019 1025 1025 1025 1028 1031 1038 1038 1041 1041 1044 1047 1050
    1054 1054 1054 1057 1063 1067 1070 1073 1077 1080 1084 1087 1090
    1094 1094 1101 1105 1105 1108 1108 1108 1108 1108 2598 2598 2598
    2598 2598 2598 2618 2598 2598 2598 2598 2598 0 0 1063 1060 1057 1047
    1044 1038 1028 1022 1016 1013 1007 1001 995 992 987 987 987 987 992
    995 995 998 998 1001 1007 1013 1016 1016 1019 1022 1025 1028 1028
    1031 1034 1038 1041 1041 1044 1047 1050 1050 1054 1054 1057 1063
    1070 1070 1073 1077 1080 1084 1087 1090 1094 1094 1097 1101 1105
    1105 1108 1108 1108 1108 2618 2618 2618 2598 2598 2598 2618 2598
    2598 2598 2598 2598 0 0 1067 1063 1060 1054 1047 1041 1028 1025 1019
    1013 1007 1001 998 992 987 987 987 989 992 995 995 998 1001 1004
    1007 1013 1016 1016 1019 1022 1025 1025 1028 1028 1031 1038 1038
    1041 1041 1044 1047 1050 1054 1054 1063 1067 1067 1070 1073 1077
    1080 1080 1087 1090 1094 1094 1097 1101 1101 1105 1108 1108 1108
    1108 2639 2639 2618 2618 2618 2618 2618 2598 2598 2598 2598 2598 0 0
    0 1063 1060 1054 1047 1041 1028 1025 1019 1013 1007 1001 998 992 989
    987 987 989 995 995 995 998 1001 1001 1001 1010 1010 1013 1016 1022
    1025 1025 1028 1028 1031 1038 1038 1041 1041 1044 1047 1050 1054
    1054 1063 1067 1067 1070 1077 1077 1077 1080 1087 1090 1094 1094
    1097 1101 1101 1105 1108 1108 1108 1108 2560 2560 2560 2618 2618
    2618 2618 2598 2598 2598 2598 2598 0 0 0 1063 1060 1054 1047 1044
    1038 1025 1019 1013 1010 1001 998 995 989 989 989 989 992 995 995
    998 998 1001 1001 1010 1010 1013 1016 1022 1025 1025 1028 1028 1028
    1034 1038 1041 1041 1044 1047 1050 1054 1054 1063 1067 1067 1070
    1077 1077 1077 1080 1087 1090 1090 1094 1097 1101 1105 1105 1105
    1108 1115 1115 0 2560 2560 2618 2618 2618 2618 2598 2598 2598 2598
    2598 0 0 0 1063 1060 1057 1050 1041 1038 1025 1019 1013 1010 1004
    998 995 989 989 989 989 989 992 995 998 998 1001 1004 1010 1013 1013
    1016 1022 1022 1025 1028 1028 1028 1031 1038 1041 1044 1044 1047
