<?xml version="1.0"?>
<opencv_storage>
<Depth0602 type_id="opencv-matrix">
  <rows>22</rows>
  <cols>18</cols>
  <dt>w</dt>
  <data>
    6259 6259 6259 4295 4295 4241 4241 4241 4241 4241 4295 4190 4190
    4295 4295 4295 6753 6753 4089 4089 4139 4241 4241 4190 4190 4241
    4241 4241 4295 4295 4295 4295 4241 4241 4295 6753 4089 4089 4139
    4241 4190 4190 4190 4190 4190 4190 4295 4295 4295 4241 4241 4241
    4295 4295 4241 4241 4190 4190 4190 4190 4190 4190 4190 4190 4295
    4241 4241 4241 4241 4241 4295 4295 4295 4190 4190 4190 4190 4190
    4190 4190 4190 4241 4241 4241 4241 4241 4241 4241 4295 4349 4190
    4190 4190 4190 4190 4190 4190 4190 4190 4241 4241 4241 4241 4241
    4241 4295 4295 4349 4190 4190 4190 4190 4190 4190 4190 4190 4241
    4241 4241 4295 4295 4295 4295 4295 4295 4295 4190 4190 4190 4190
    4190 4190 4190 4190 4190 4241 4241 4295 4295 4295 4295 4295 4295
    4295 4190 4190 4190 4190 4190 4190 4190 4190 4190 4241 4241 4295
    4295 4295 4349 4295 4295 4295 4190 4190 4190 4190 4190 4190 4190
    4190 4190 4241 4241 4241 4295 4295 4349 4295 4295 4295 6375 4241
    4241 4190 4190 4190 4190 4190 4190 4241 4241 4241 4295 4295 4349
    4295 4295 4295 6375 4190 4190 4190 4190 4190 4190 4190 4241 4241
    4241 4241 4241 4295 4295 4295 4295 4295 6497 4295 4190 4190 4190
    4190 4190 4190 4190 4241 4190 4190 4241 4295 4295 4295 4295 4241
    4405 4295 4190 4190 4190 4190 4190 4190 4190 4241 4190 4190 4241
    4241 4295 4295 4295 4241 4405 4241 4190 4190 4190 4190 4190 4190
    4190 4241 4190 4190 4241 4241 4241 4295 4295 4295 4405 4241 4190
    4190 4190 4190 4190 4190 4190 4241 4241 4241 4241 4241 4241 4295
    4241 4241 6497 4295 4241 4190 4190 4190 4190 4190 4190 4241 4241
    4241 4241 4241 4241 4295 4241 4241 6146 4295 4241 4241 4190 4190
    4190 4190 4190 4190 4241 4241 4241 4241 4241 4295 4241 4241 6146
    4295 4241 4241 4190 4190 4190 4190 4190 4190 4241 4241 4241 4241
    4241 4295 4241 4241 6497 4349 4295 4241 4190 4190 4190 4139 4139
    4190 4190 4190 4190 4295 4295 4295 4295 4295 6497 4349 4295 4241
    4190 4190 4190 4139 4139 4190 4190 4190 4190 4295 4295 4295 4295
    4295 6622 4349 4295 4241 4241 4190 4190 4190 4190 4190 4190 4190
    4241 4295 4295 4295 4295 4295</data></Depth0602>
</opencv_storage>
