<?xml version="1.0"?>
<opencv_storage>
<Depth16201 type_id="opencv-matrix">
  <rows>7</rows>
  <cols>46</cols>
  <dt>w</dt>
  <data>
    4983 4983 4983 4983 4983 4983 4983 4911 4911 4983 4983 4983 4983
    4911 4911 4983 4983 4983 4983 4911 4911 4911 4911 3859 3816 3816
    3816 3774 3732 3653 3653 3653 3653 3653 3653 3653 3692 3692 3692
    3653 3653 3614 3576 3576 3614 3614 5056 5056 4983 4983 4983 4983
    4983 4983 4983 3859 3859 3816 3816 3816 3816 3816 3816 3816 3816
    4911 3774 3774 3816 3859 3774 3774 3774 3774 3732 3692 3692 3653
    3653 3692 3692 3732 3692 3692 3692 3653 3653 3614 3576 3576 3614
    3653 5056 5056 4983 3816 3816 3859 3859 3903 3903 3859 3859 3816
    3816 3816 3816 3816 3816 3816 3774 3774 3774 3774 3816 3774 3774
    3774 3774 3774 3774 3732 3692 3692 3692 3692 3692 3692 3692 3692
    3653 3653 3653 3614 3614 3614 3653 3653 3859 3859 3816 3816 3816
    3859 3859 3859 3859 3859 3859 3816 3816 3816 3816 3816 3816 3816
    3774 3774 3774 3774 3774 3774 3774 3774 3774 3732 3732 3732 3732
    3732 3692 3692 3692 3692 3692 3692 3653 3614 3614 3614 3614 3614
    3653 3653 3859 3859 3903 3816 3816 3859 3859 3859 3816 3816 3816
    3859 3816 3816 3816 3816 3774 3774 3774 3774 3774 3774 3774 3774
    3774 3774 3774 3732 3732 3732 3732 3692 3692 3692 3692 3692 3692
    3692 3653 3614 3614 3614 3614 3614 3614 3614 3859 3859 3903 3903
    3859 3859 3816 3816 3816 3816 3816 3859 3859 3859 3816 3816 3774
    3774 3774 3816 3774 3774 3774 3774 3774 3774 3732 3732 3692 3692
    3692 3692 3692 3692 3692 3692 3692 3692 3653 3653 3653 3653 3653
    3614 3539 3503 3903 3903 3903 3903 3859 3859 3816 3816 3816 3816
    3859 3859 3859 3816 3816 3816 3774 3774 3816 3816 3774 3774 3774
    3774 3732 3732 3692 3653 3653 3692 3653 3653 3692 3692 3692 3692
    3653 3653 3653 3653 3653 3653 3653 3614 3539 3503</data></Depth16201>
</opencv_storage>
