<?xml version="1.0"?>
<opencv_storage>
<Depth6893 type_id="opencv-matrix">
  <rows>102</rows>
  <cols>76</cols>
  <dt>w</dt>
  <data>
    4405 4405 4405 4463 4463 4522 4522 4522 4522 4522 4582 4582 4582
    4582 4582 4582 4582 4582 4582 4582 4645 4645 4774 4842 4842 4842
    4842 4842 4842 4911 4911 4911 4911 4911 4911 4911 4911 4983 1097
    1097 4983 4983 5056 5132 5132 1108 1108 1112 1115 1115 1115 1115
    1115 1115 1119 1119 1119 5374 5460 5460 5460 5460 5460 5460 5374
    5291 5291 5291 5291 5291 5291 5291 5291 5291 5210 5210 4405 4405
    4405 4463 4463 4463 4463 4522 4522 4522 4522 4582 4582 4582 4582
    4582 4582 4582 4582 4582 4645 4645 4774 4842 4842 4842 4842 4842
    4842 4842 4842 1087 1087 1087 4911 4911 4911 1097 1097 1097 1101
    1101 1101 1105 1105 1105 1105 1112 1115 1115 1115 1115 1115 1115
    1115 1115 1119 0 1119 1115 0 5374 5374 5374 5374 5374 5374 5374 5291
    5291 5291 5291 5291 5291 5210 5210 4349 4349 4405 4463 4463 4463
    4463 4522 4522 4522 4522 4582 4582 4582 4582 4582 4582 4582 4582
    4582 4582 4645 4774 4774 4774 4842 1087 1087 1090 1090 1090 1087
    1087 1087 1090 1097 1097 1097 1097 1101 1101 1101 1101 1105 1105
    1105 1105 1108 1112 1115 1115 1115 1115 1115 1115 1115 1119 0 1115 0
    0 5374 5374 5374 5374 5374 5374 5374 5291 5291 5291 5291 5291 5291
    5210 5210 4349 4349 4349 4405 4463 4463 4463 4463 4522 4522 4522
    4582 4582 4582 4582 4582 4582 4582 4582 4582 1077 1077 1077 1077
    1084 1087 1087 1087 1087 1090 1090 1090 1090 1090 1090 1097 1097
    1097 1097 1101 1101 1105 1105 1105 1105 1105 1105 1108 1112 1112
    1112 1115 1115 1115 1119 1115 1115 1115 1115 0 0 5291 5291 5291 5374
    5374 5374 5460 5374 5374 5291 5291 5291 5291 5210 5210 4349 4349
    4349 1070 1067 1067 4463 4463 4522 4522 4522 4582 4582 4582 4582
    1077 1077 1080 1080 1080 1077 1077 1077 1077 1084 1084 1087 1087
    1087 1087 1090 1090 1090 1090 1094 1097 1097 1097 1097 1101 1101
    1105 1105 1105 1105 1105 1105 1108 1108 1112 1112 1115 1115 1119
    1119 1115 1115 1115 1115 0 0 0 5291 5291 5291 5291 5291 5460 5374
    5374 5291 5291 5291 5291 5210 5210 4349 4349 1070 1070 1067 1067
    1063 1063 1070 1070 1070 1067 1067 1067 1070 1070 1073 1077 1077
    1080 1080 1080 1080 1080 1084 1084 1084 1087 1087 1087 1090 1090
    1090 1090 1090 1097 1097 1097 1101 1101 1101 1101 1105 1105 1105
    1105 1105 1108 1108 1112 1112 1115 1115 1115 1119 1115 1115 1115 0 0
    0 0 5374 5291 5291 5291 5291 5460 5374 5374 5291 5291 5210 5210 5210
    5210 1063 1063 1067 1070 1067 1067 1063 1063 1067 1067 1070 1067
    1067 1067 1070 1070 1073 1073 1077 1077 1080 1080 1080 1080 1084
    1084 1084 1084 1087 1087 1090 1090 1090 1090 1090 1094 1097 1097
    1101 1101 1101 1101 1105 1105 1105 1105 1105 1108 1108 1112 1112
    1115 1115 1115 1115 1115 1115 1115 0 0 0 0 5210 5210 5291 5291 5291
    5460 5374 5374 5291 5291 5210 5210 5132 5132 1060 1063 1067 1067
    1067 1063 1063 1063 1063 1067 1067 1067 1070 1070 1070 1070 1073
    1073 1073 1077 1077 1080 1080 1080 1084 1084 1084 1084 1087 1090
    1090 1090 1090 1090 1090 1094 1097 1097 1101 1101 1101 1101 1105
    1105 1105 1105 1108 1108 1108 1108 1108 1112 1112 1112 1115 1115
    1115 1115 0 0 0 0 5210 5210 5291 5291 5291 5460 5460 5374 5291 5291
    5210 5210 5132 5132 1057 1060 1063 1067 1067 1063 1060 1060 1063
    1067 1067 1067 1067 1070 1070 1070 1073 1073 1073 1077 1077 1080
    1080 1080 1080 1084 1084 1084 1087 1087 1090 1090 1090 1090 1090
    1094 1097 1097 1097 1101 1101 1101 1101 1105 1105 1105 1105 1108
    1108 1108 1108 1108 1112 1112 1115 1115 1115 1115 1115 0 0 0 5210
    5210 5291 5291 5291 5460 5460 5374 5291 5291 5210 5210 5210 5210
    1057 1060 1063 1067 1067 1063 1060 1060 1063 1063 1063 1067 1067
    1070 1070 1070 1073 1073 1073 1077 1077 1077 1077 1080 1080 1084
    1084 1084 1087 1087 1090 1090 1090 1090 1090 1094 1094 1094 1094
    1097 1101 1101 1101 1105 1105 1105 1105 1108 1108 1108 1108 1108
    1112 1112 1112 1115 1115 1115 1115 0 0 0 0 5374 5374 5291 5291 5460
    5460 5374 5291 5291 5210 5210 5210 5210 1057 1060 1063 1063 1067
    1060 1060 1060 1060 1060 1063 1063 1067 1067 1070 1070 1073 1073
    1073 1077 1077 1077 1077 1077 1080 1084 1087 1087 1087 1087 1090
    1090 1090 1090 1090 1090 1094 1094 1094 1097 1101 1101 1105 1105
    1105 1105 1105 1105 1108 1108 1108 1108 1112 1112 1112 1115 1115
    1115 1115 1115 0 0 0 5460 5291 5291 5291 5460 5460 5374 5291 5291
    5291 5210 5210 5210 1060 1060 1060 1060 1060 1060 1060 1060 1060
    1060 1060 1063 1067 1067 1070 1070 1073 1073 1073 1073 1077 1077
    1077 1077 1080 1080 1084 1084 1087 1087 1090 1090 1090 1090 1090
    1090 1094 1094 1094 1097 1101 1101 1101 1101 1105 1105 1105 1105
    1105 1108 1108 1108 1112 1112 1112 1115 1115 1115 1115 1115 0 0 0 0
    5291 5291 5291 5460 5460 5374 5291 5291 5291 5291 5210 5210 1060
    1057 1057 1057 1060 1060 1057 1057 1057 1060 1060 1063 1067 1067
    1070 1070 1073 1073 1073 1073 1077 1077 1077 1077 1080 1080 1084
    1084 1087 1087 1090 1090 1090 1090 1090 1090 1094 1094 1094 1097
    1101 1101 1101 1101 1105 1105 1105 1105 1105 1108 1108 1112 1112
    1112 1112 1115 1115 1115 1115 1115 1115 0 0 0 5210 5210 5291 5460
    5460 5374 5291 5291 5291 5291 5291 5210 1060 1057 1057 1057 1057
    1057 1057 1057 1057 1060 1060 1060 1067 1067 1070 1070 1070 1073
    1073 1073 1077 1077 1077 1077 1080 1080 1084 1084 1087 1087 1087
    1090 1090 1090 1090 1090 1094 1097 1097 1101 1101 1101 1101 1101
    1105 1105 1105 1105 1105 1105 1108 1112 1115 1112 1112 1115 1115
    1115 1115 1115 0 0 0 0 5210 5210 5291 5460 5460 5374 5291 5291 5291
    5291 5291 5210 1060 1057 1057 1057 1057 1057 1057 1057 1057 1060
    1060 1060 1063 1067 1067 1067 1070 1073 1073 1073 1077 1077 1077
    1077 1080 1080 1084 1084 1084 1087 1087 1087 1090 1090 1090 1090
    1090 1094 1097 1101 1101 1101 1101 1101 1101 1105 1105 1105 1105
    1105 1108 1112 1115 1115 1115 1115 1115 1115 1115 1115 0 0 0 5291
    5291 5291 5374 5460 5374 5291 5291 5291 5291 5291 5291 5210 1060
    1057 1057 1057 1057 1057 1057 1057 1060 1060 1060 1060 1060 1063
    1067 1067 1070 1073 1073 1073 1077 1077 1077 1077 1077 1077 1080
    1084 1084 1087 1087 1087 1090 1090 1090 1090 1090 1094 1097 1097
    1101 1101 1101 1101 1101 1105 1105 1105 1105 1108 1108 1115 1115
    1115 1115 1115 1115 1115 1115 1115 0 0 0 0 5460 5374 5374 5460 5374
    5291 5291 5291 5291 5210 5210 5210 1060 1057 1057 1057 1057 1057
    1057 1057 1060 1060 1060 1060 1060 1063 1067 1067 1070 1073 1073
    1073 1073 1073 1073 1073 1077 1077 1080 1084 1084 1087 1087 1087
    1090 1090 1090 1090 1090 1094 1097 1097 1101 1101 1101 1101 1101
    1105 1105 1108 1108 1108 1108 1112 1115 1115 1115 1115 1115 1115
    1115 1115 1119 0 0 0 5460 5374 5374 5374 5374 5374 5291 5291 5291
    5210 5210 5210 1080 1060 1060 1057 1057 1057 1057 1057 1060 1060
    1060 1060 1060 1060 1063 1063 1070 1070 1070 1073 1073 1073 1073
    1073 1073 1077 1077 1084 1084 1087 1087 1087 1090 1090 1090 1090
    1090 1090 1094 1097 1101 1101 1101 1101 1101 1105 1105 1108 1108
    1108 1108 1112 1112 1112 1112 1112 1115 1115 1115 1115 1115 0 0 0 0
    5291 5291 5374 5374 5374 5374 5291 5291 5291 5210 5210 1080 1063
    1060 1054 1054 1054 1057 1057 1060 1060 1060 1060 1060 1060 1060
    1063 1070 1070 1070 1073 1073 1073 1073 1073 1073 1077 1077 1084
    1087 1087 1087 1087 1087 1090 1090 1090 1090 1090 1090 1094 1097
    1101 1101 1101 1101 1105 1105 1105 1105 1108 1108 1108 1108 1108
    1108 1108 1112 1115 1115 1115 1115 1115 1115 0 5291 5291 5291 5374
    5374 5374 5374 5291 5291 5291 5291 5210 1080 1063 1060 1054 1054
    1054 1057 1057 1060 1060 1060 1060 1060 1060 1060 1063 1067 1070
    1073 1073 1073 1073 1073 1073 1073 1077 1077 1084 1087 1087 1087
    1087 1087 1090 1090 1087 1087 1090 1090 1094 1097 1097 1101 1101
    1101 1101 1101 1105 1105 1105 1105 1108 1108 1108 1108 1108 1112
    1115 1115 1115 1112 1112 1112 0 5374 0 5374 5374 5374 5374 5374 5291
