<?xml version="1.0"?>
<opencv_storage>
<Depth16057 type_id="opencv-matrix">
  <rows>15</rows>
  <cols>7</cols>
  <dt>w</dt>
  <data>
    5548 5210 5132 5056 4983 4983 4983 5548 5210 5132 5056 5056 5056
    4983 5460 5210 5056 5056 5056 5056 5056 5374 5132 5056 5056 5056
    5056 5056 5210 5132 5056 5056 5056 5056 5056 5210 5132 5056 5056
    5056 5056 5056 5132 5132 5132 5132 5056 5056 5056 5132 5132 5132
    5056 5056 5056 5056 5132 5056 5056 5056 5056 5056 5056 5132 5056
    5056 5132 5056 5056 5056 5132 5056 5056 5132 5132 5132 5291 5132
    5132 5132 5132 5056 5056 5210 5132 5132 5132 5132 5056 5056 5210
    5056 5056 5056 5132 5132 5132 5291 5056 5056 5056 5056 5056 5132
    5832</data></Depth16057>
</opencv_storage>
