<?xml version="1.0"?>
<opencv_storage>
<Depth19156 type_id="opencv-matrix">
  <rows>5</rows>
  <cols>13</cols>
  <dt>w</dt>
  <data>
    5933 5832 5734 5832 5832 5832 5832 5548 5548 6038 6038 6497 6497
    5933 5832 5734 5640 5832 5832 5832 5933 5933 5933 6038 6038 6375
    5933 5832 5734 5640 5640 5734 5933 5933 5933 5933 6038 6038 6146
    5640 5832 5734 5640 5640 5734 5734 5832 5933 5933 6038 6038 6038
    5374 5832 5832 5832 5734 5640 5640 5832 5832 5933 5933 5933 5933</data></Depth19156>
</opencv_storage>
