<?xml version="1.0"?>
<opencv_storage>
<Depth12526 type_id="opencv-matrix">
  <rows>10</rows>
  <cols>10</cols>
  <dt>w</dt>
  <data>
    4983 4983 4983 4983 4983 4983 4911 4911 4842 4842 4911 4911 4911
    4983 4983 4983 4983 4911 4911 4842 4842 4842 4842 4842 4911 4983
    4983 4911 4911 4911 4842 4842 4842 4842 4842 4842 4842 4911 4842
    4842 4911 4842 4774 4708 4645 4645 4645 4645 4774 4842 4911 4842
    4774 4708 4645 4645 4582 4582 4708 4774 4911 4842 4842 4708 4645
    4582 4582 4582 4582 4645 4983 4842 4774 4708 4645 4582 4582 4582
    4582 4582 4983 4842 4774 4708 4645 4582 4582 4582 4582 3576 5056
    4983 4842 4708 4645 4582 4582 4582 3614 3576</data></Depth12526>
</opencv_storage>
