<?xml version="1.0"?>
<opencv_storage>
<Depth3260 type_id="opencv-matrix">
  <rows>42</rows>
  <cols>48</cols>
  <dt>w</dt>
  <data>
    2271 2271 2286 2286 2301 2301 4089 4041 4041 4041 3994 2349 2349
    2349 2349 2365 2365 2365 2365 2365 3994 3994 4041 4041 4041 4041
    4041 3994 3994 4041 4041 4041 4041 4041 3994 3994 3994 3994 3994
    3994 4041 4041 4041 4041 3994 3994 3994 3994 2271 2271 2286 2286
    2301 2301 4089 4089 4041 4041 3994 2349 2349 2349 2349 2349 2349
    2365 2365 2365 2365 3994 4041 4041 4041 4041 4041 4041 4041 4041
    4041 4041 4041 4041 3994 3994 3994 3994 4041 4041 4041 4041 4041
    4041 3994 3994 3994 3994 2271 2271 2256 2256 2256 4041 4041 4089
    4041 4041 3994 2333 2333 2349 2349 2349 2349 2365 2349 2349 2349
    2349 4089 4041 4041 3994 3994 4041 4041 4041 4041 4041 4041 4041
    3994 3994 3994 3994 4041 4041 4041 4041 4041 3994 3994 3994 3994
    3994 2271 2271 2256 2256 3994 3994 4041 2333 2333 2317 2317 2317
    2333 2333 2333 2349 2349 2349 2349 2349 2349 2349 2349 2365 4041
    3994 3994 4041 4041 3994 3994 4041 4041 3994 3994 4041 4041 4041
    4041 4041 4041 3994 3994 3994 3994 3994 3994 3994 2271 2271 2271
    2271 3994 3994 2271 2271 2301 2301 2317 2317 2333 2333 2333 2333
    2333 2333 2349 2349 2349 2349 2349 2349 2365 2365 4041 4041 4089
    3994 3994 3994 3994 3994 3994 4041 3994 3994 4041 4041 4041 3994
    3994 3994 3994 3994 3994 3994 2286 2286 2286 3994 3994 3994 2271
    2271 2301 2301 2301 2301 2333 2333 2333 2333 2333 2333 2333 2333
    2349 2349 2333 2333 2349 2365 2365 4041 4041 4041 3994 3994 3994
    3994 3994 4041 3994 3994 3994 3994 4041 3994 3994 3994 3994 3994
    3994 3994 2286 2286 4041 4041 4041 2286 2286 2301 2301 2301 2301
    2301 2333 2317 2317 2317 2317 2317 2333 2333 2333 2333 2333 2333
    2349 2349 2349 2349 2349 4041 3994 3994 3994 3994 4041 3994 3994
    3994 3994 3994 4041 3994 3994 3994 3994 3994 3994 3994 2286 3994
    4041 4041 3994 0 2286 2286 2271 2271 2286 2286 2317 2301 2301 2301
    2317 2317 2333 2333 2333 2333 2333 2333 2333 2349 2349 2349 2349
    2349 3994 3994 3994 3994 4041 3994 3994 3994 3994 3994 3994 3994
    3994 3994 3994 3994 3994 3994 3994 3994 3994 3994 3994 3948 2286
    2286 2271 2271 2286 2286 2301 2301 2301 2301 2301 2301 2317 2317
    2333 2333 2333 2333 2333 2333 2349 2349 2349 2333 2333 3994 3994
    3994 4041 3994 3994 3994 3994 3994 3994 3994 3994 3994 3994 3994
    3994 3994 4041 4041 3994 3948 3948 3948 2271 2271 2256 2256 2271
    2286 2286 2301 2301 2301 2301 2301 2301 2301 2317 2333 2333 2317
    2317 2333 2333 2349 2349 2333 2333 2333 3994 3994 4041 3994 3994
    3994 3994 3994 3994 3994 3994 3994 3994 3994 3994 3994 3994 3994
    3994 3948 2226 2226 2241 2241 2241 2256 2256 2271 2271 2286 2286
    2286 2286 2301 2301 2301 2301 2301 2317 2317 2317 2333 2333 2349
    2349 2349 2333 2333 2349 2349 3994 3994 3994 3994 3994 3994 3994
    3994 3994 3994 3994 3994 3994 4041 3994 3994 3994 3994 2226 2226
    2241 2241 2241 2241 2241 2241 2241 2256 2271 2271 2286 2286 2286
    2286 2286 2301 2301 2301 2317 2317 2317 2333 2349 2349 2349 2349
    2349 2349 2333 2333 3994 3994 3994 3994 3994 3994 3994 3994 3994
    3994 3994 3994 3994 3994 2241 2226 2226 2226 2226 2226 2241 2241
    2241 2241 2241 2241 2256 2271 2271 2271 2286 2286 2286 2301 2301
    2301 2317 2301 2301 2317 2333 2333 2333 2333 2333 2349 2333 2333
    2349 3994 3994 3994 3994 3994 3994 3994 3994 3994 3994 3994 3994
    3994 2241 2241 2226 2226 2226 2226 2241 2241 2241 2241 2241 2241
    2256 2271 2271 2271 2271 2271 2286 2286 2301 2301 2301 2301 2301
    2301 2333 2333 2333 2333 2333 2333 2349 2349 2349 2349 2365 3994
    3994 3994 3994 3994 3994 3994 3994 3994 3994 3994 2241 2241 2226
    2226 2226 2226 2226 2226 2241 2241 2241 2241 2256 2256 2271 2256
    2256 2271 2271 2286 2286 2286 2286 2301 2301 2301 2317 2317 2317
    2317 2317 2317 2333 2349 2349 2349 2365 3994 3994 3994 3994 3994
    3994 3994 3994 3994 3994 3994 2256 2256 2241 2226 2226 2226 2226
    2226 2226 2241 2241 2241 2241 2256 2256 2256 2256 2271 2271 2271
    2286 2286 2286 2286 2301 2301 2301 2301 2317 2317 2317 2317 2317
    2333 2333 2349 2333 2333 2333 2333 3994 3994 3994 3994 3994 4041
    3994 3994 2256 2256 2241 2226 2226 2226 2226 2226 2226 2241 2241
    2241 2241 2241 2241 2256 2256 2256 2256 2256 2271 2286 2286 2286
    2286 2286 2301 2301 2301 2301 2301 2301 2301 2333 2333 2333 2333
    2333 2333 2333 2333 2349 3994 3994 3994 3994 4041 2286 2286 2271
    2241 2241 2241 2226 2226 2241 2241 2241 2241 2241 2241 2226 2226
    2241 2241 2241 2256 2256 2271 2271 2286 2286 2286 2286 2286 2286
    2301 2301 2301 2301 2301 2317 2333 2333 2333 2333 2333 2333 2333
    2349 2349 3994 3994 3994 2317 2286 2286 2271 2256 2241 2241 2241
    2241 2241 2241 2241 2241 2226 2226 2226 2226 2241 2241 2241 2241
    2241 2256 2256 2271 2286 2286 2286 2286 2286 2286 2286 2286 2286
    2286 2301 2317 2317 2317 2333 2333 2333 2349 2349 2349 2333 2333
    3994 2317 2301 2286 2286 2256 2241 2241 2241 2241 2241 2241 2241
    2241 2226 2226 2226 2226 2226 2241 2241 2241 2241 2241 2256 2256
    2271 2271 2271 2271 2271 2286 2286 2286 2286 2286 2301 2301 2301
    2301 2317 2317 2333 2349 2349 2349 2333 2333 2333 2301 2301 2301
    2301 2271 2256 2256 2256 2256 2241 2241 2241 2241 2226 2226 2226
    2226 2226 2226 2226 2226 2226 2241 2241 2256 2256 2271 2271 2271
    2271 2271 2286 2286 2286 2286 2286 2301 2301 2301 2317 2317 2317
    2333 2333 2333 2333 2333 2333 2286 2301 2301 2301 2271 2271 2271
    2256 2256 2241 2241 2241 2241 2241 2226 2226 2226 2226 2226 2226
    2226 2226 2241 2241 2241 2241 2256 2256 2256 2271 2271 2286 2286
    2286 2286 2286 2301 2301 2301 2301 2301 2317 2317 2317 2333 2333
    2333 2333 2286 2301 2301 2301 2286 2286 2286 2271 2256 2256 2241
    2241 2241 2241 2241 2226 2226 2226 2226 2226 2226 2226 2241 2241
    2241 2241 2256 2256 2256 2256 2256 2271 2271 2271 2286 2286 2301
    2301 2301 2301 2301 2301 2317 2317 2317 2317 2317 2349 3994 2301
    2286 2286 2301 2286 2286 2271 2271 2271 2241 2241 2241 2241 2241
    2241 2241 2226 2226 2212 2212 2226 2226 2226 2241 2241 2241 2241
    2241 2256 2256 2271 2256 2256 2271 2286 2286 2301 2301 2286 2286
    2301 2301 2317 2317 2301 2301 2301 3994 3994 2286 2286 2301 2301
    2286 2286 2271 2271 2256 2256 2256 2241 2241 2241 2241 2226 2226
    2212 2212 2226 2226 2226 2226 2241 2241 2241 2241 2241 2241 2256
    2256 2256 2271 2271 2286 2301 2286 2286 2286 2301 2301 2301 2301
    2286 2286 4139 3994 3994 3994 3994 2301 2301 2301 2286 2286 2271
    2271 2271 2256 2256 2241 2241 2241 2241 2241 2226 2226 2226 2226
    2226 2226 2226 2226 2241 2241 2241 2241 2241 2241 2241 2256 2271
    2271 2286 2286 2286 2286 2286 2286 2286 2286 2286 2286 4041 3994
    3994 3994 3994 3994 3994 2286 2286 2286 2286 2286 2286 2271 2256
    2256 2241 2241 2241 2241 2226 2226 2226 2226 2226 2226 2226 2226
    2226 2241 2241 2241 2241 2241 2241 2256 2256 2256 2256 2271 2286
    2286 2286 2286 2286 2286 2286 4041 4041 3994 3994 3994 3994 3994
    3994 2286 2286 2286 2286 2286 2286 2286 2286 2271 2271 2256 2241
    2241 2241 2241 2226 2226 2226 2226 2226 2226 2226 2226 2241 2241
    2241 2241 2241 2241 2241 2256 2256 2256 2256 2271 2286 2286 2286
    2286 2286 4041 3994 3994 3994 3994 3994 3994 3994 3994 2286 2286
    2286 2286 2286 2286 2286 2286 2286 2271 2256 2256 2241 2241 2241
    2226 2226 2226 2226 2226 2226 2226 2226 2226 2226 2226 2241 2241
    2241 2241 2241 2241 2241 2256 2271 2286 2286 2286 2286 3994 3994
    3994 3994 3994 3994 3994 3994 3994 3994 3994 3948 2301 2286 2286
    2286 2286 2286 2271 2271 2256 2241 2241 2241 2241 2226 2226 2226
    2226 2226 2212 2212 2226 2226 2226 2226 2226 2241 2241 2241 2241
    2241 2256 2271 2286 2286 2286 3994 3994 3994 3994 3994 3994 3994
    3994 3994 3994 3994 3994 3948 3948 3948 3948 3994 2301 2301 2286
    2286 2271 2256 2256 2241 2241 2241 2226 2226 2226 2226 2212 2212
