<?xml version="1.0"?>
<opencv_storage>
<Depth6975 type_id="opencv-matrix">
  <rows>37</rows>
  <cols>48</cols>
  <dt>w</dt>
  <data>
    5210 5210 5210 5210 5210 5132 5132 5132 5132 2156 2156 2170 2184
    2184 2212 2226 2241 5210 5132 5132 5132 5132 5132 5132 5056 5056
    5056 4983 4983 4983 4911 4911 4842 4842 4911 4911 4911 4911 4911
    4911 4911 4911 4911 4842 4842 4842 4842 4774 5210 5210 5210 5210
    5210 5132 2090 2090 2103 2116 2129 2143 2156 2170 2198 2212 2212
    2212 2212 5132 5132 5132 5132 5132 5056 5056 5056 5056 5056 5056
    4983 4983 4911 4911 4911 4911 4911 4911 4911 4911 4911 4911 4911
    4911 4911 4911 4842 4842 5210 5210 5210 5210 5210 5210 2078 2078
    2103 2103 2116 2129 2143 2156 2184 2212 2212 2212 2212 5210 5210
    5132 5132 5056 5056 5056 5056 5056 5056 5056 5056 4983 4983 4911
    4911 4911 4911 4911 4911 4911 4911 4911 4911 4911 4911 4911 4842
    4842 5291 5210 5210 5210 5210 2078 2078 2078 2090 2103 2103 2116
    2143 2143 2170 2170 2184 2184 2198 2226 2256 5132 5132 5056 5056
    5056 5132 5132 5132 5132 5056 5056 4983 4911 4911 4911 4911 4911
    4911 4911 4911 4911 4911 4911 4911 4911 4911 4842 5374 5374 5374
    5374 2090 2090 2078 2078 2090 2090 2090 2103 2116 2116 2143 2156
    2170 2170 2198 2226 2241 2256 2256 2256 5132 5132 5132 5132 5132
    5132 5056 5056 4983 4911 4911 4911 4911 4911 4911 4983 4911 4911
    4911 4911 4911 4911 4911 4911 5374 5460 5460 2103 2090 2090 2078
    2078 2078 2078 2090 2090 2103 2103 2129 2129 2143 2156 2170 2198
    2241 2241 2241 2241 2241 2256 5132 5132 5132 5132 5056 4983 4983
    4983 4983 4911 4911 4911 4911 4983 4911 4911 4911 4911 4911 4911
    4911 4911 5374 5460 5460 2103 2103 2090 2090 2078 2078 2078 2078
    2078 2090 2090 2116 2116 2129 2129 2143 2170 2198 2212 2226 2226
    2226 2212 2212 5132 5132 5132 5056 4983 4983 4983 4983 4983 4911
    4911 4911 4983 4983 4911 4911 4911 4911 4911 4911 4911 4774 4774
    2103 2103 2103 2090 2078 2078 2065 2065 2078 2078 2090 2090 2103
    2103 2103 2116 2116 2116 2156 2184 2198 2212 2212 2212 2212 2226
    5210 5210 5056 5056 5056 5056 4983 4983 4911 4911 4911 4983 4983
    4911 4911 4911 4911 4911 4983 4911 2116 2103 2103 2103 2103 2090
    2078 2078 2065 2065 2078 2078 2078 2090 2090 2090 2090 2090 2103
    2103 2116 2156 2156 2184 2198 2212 2212 2226 2256 2256 2271 5132
    5132 5056 4983 4983 4911 4911 4911 4983 4983 4911 4911 4911 4911
    4911 4983 4911 2116 2103 2090 2090 2103 2090 2090 2078 2078 2078
    2078 2078 2078 2078 2078 2078 2078 2078 2078 2090 2103 2129 2129
    2143 2156 2170 2184 2198 2226 2226 2241 2256 2256 5056 4983 4983
    4983 4983 4983 4983 4983 4983 4983 4911 4911 4983 4983 4983 2103
    2103 2090 2090 2103 2090 2090 2090 2078 2078 2078 2078 2078 2065
    2065 2065 2065 2065 2065 2078 2090 2103 2116 2116 2129 2143 2156
    2170 2198 2212 2226 2241 2256 2256 2256 4983 4983 4983 4983 4983
    4983 4983 4983 4911 4911 4983 4983 4911 2090 2090 2090 2090 2090
    2103 2090 2090 2078 2078 2090 2078 2078 2065 2065 2065 2065 2065
    2065 2065 2078 2078 2090 2103 2103 2116 2143 2156 2170 2198 2212
    2226 2241 2256 2256 4983 4983 4983 4983 4983 4983 4983 4983 4983
    4983 4983 4983 4911 2090 2090 2090 2090 2090 2103 2090 2090 2090
    2090 2090 2078 2078 2065 2065 2065 2065 2065 2065 2065 2065 2065
    2065 2078 2078 2078 2103 2129 2156 2170 2198 2198 2212 2212 2241
    2256 5056 4983 4983 4983 4983 4983 4983 4983 4983 4983 4983 4911
    2103 2103 2103 2103 2103 2103 2090 2090 2090 2090 2090 2078 2078
    2065 2065 2065 2065 2065 2065 2065 2065 2065 2065 2065 2065 2065
    2078 2090 2090 2116 2156 2156 2156 2184 2212 2241 2256 2271 4983
    4983 4983 5056 4983 4983 4983 4983 4983 4911 2103 2103 2103 2103
    2103 2103 2090 2090 2090 2090 2090 2078 2078 2078 2078 2078 2065
    2065 2065 2065 2065 2065 2065 2065 2065 2065 2065 2065 2065 2090
    2116 2143 2143 2143 2156 2170 2212 2226 2241 5132 5132 5056 5056
    4983 4983 4983 4983 4983 2129 2116 2103 2103 2103 2103 2090 2090
    2090 2090 2090 2078 2078 2078 2078 2078 2065 2065 2065 2065 2065
    2065 2065 2065 2065 2053 2053 2065 2065 2078 2078 2103 2116 2129
    2143 2143 2156 2198 2226 2226 2241 2241 5056 4983 4983 4983 4983
    4983 5374 2129 2116 2116 2103 2103 2090 2090 2090 2090 2090 2078
    2078 2078 2078 2078 2078 2065 2065 2065 2065 2065 2065 2065 2065
    2053 2053 2065 2065 2065 2065 2078 2078 2103 2116 2116 2143 2170
    2198 2212 2226 2226 2226 2241 4983 4983 4983 4983 5374 5374 5374
    2116 2103 2103 2090 2090 2103 2103 2090 2078 2078 2078 2078 2078
    2078 2065 2065 2078 2065 2065 2065 2065 2065 2053 2053 2065 2065
    2065 2065 2065 2065 2078 2090 2103 2116 2129 2156 2184 2198 2198
    2198 2212 2241 4983 4983 4983 5374 5374 5374 5291 2103 2103 2065
    2065 2090 2090 2090 2090 2078 2078 2078 2078 2078 2065 2065 2065
    2065 2065 2065 2065 2065 2065 2065 2065 2065 2065 2053 2053 2053
    2053 2090 2090 2103 2116 2116 2143 2170 2184 2184 2198 2212 2241
    5056 4983 5460 5374 5374 5291 5291 5374 2065 2065 2090 2090 2090
    2090 2078 2078 2078 2078 2078 2078 2065 2065 2065 2065 2065 2065
    2065 2065 2065 2065 2065 2065 2053 2053 2053 2053 2065 2078 2078
    2090 2090 2116 2129 2156 2170 2170 2184 2198 2198 4983 5460 5374
    5374 5291 5291 5374 5374 5374 2090 2090 2090 2090 2078 2078 2090
    2090 2078 2078 2065 2065 2065 2065 2065 2065 2065 2065 2065 2065
    2065 2053 2053 2053 2053 2053 2053 2053 2065 2078 2078 2090 2116
    2129 2143 2156 2156 2170 2184 2184 5374 5374 5374 5291 5291 5374
    5374 5374 5291 2090 2090 2090 2090 2090 2090 2090 2078 2078 2065
    2065 2065 2065 2065 2065 2065 2065 2065 2065 2065 2053 2053 2053
    2053 2053 2053 2053 2053 2065 2065 2078 2103 2116 2116 2129 2143
    2156 2170 2170 5374 5374 5374 5291 5291 5291 5291 5291 5291 5291
    5460 2090 2090 2090 2090 2090 2090 2078 2078 2078 2065 2065 2065
    2065 2065 2065 2065 2065 2065 2053 2053 2053 2053 2053 2053 2053
    2053 2065 2065 2065 2078 2090 2103 2116 2116 2129 2170 2170 5374
    5374 5374 5374 5374 5291 5291 5291 5291 5374 5374 5374 2090 2090
    2090 2090 2090 2090 2078 2078 2078 2078 2065 2065 2065 2065 2065
    2065 2065 2065 2053 2053 2053 2053 2053 2053 2053 2065 2065 2065
    2065 2078 2078 2078 2090 2129 2170 2170 5291 5291 5291 5374 5374
    5374 5291 5291 5291 5291 5291 5374 5374 5374 2090 2090 2090 2090
    2078 2078 2078 2078 2065 2065 2065 2065 2065 2065 2065 2065 2053
    2053 2053 2053 2053 2053 2053 2065 2065 2065 2065 2065 2065 2065
    2078 2078 2170 2170 5210 5291 5291 5291 5291 5374 5291 5291 5291
    5291 5291 5374 5291 5291 5291 2090 2090 2090 2090 2078 2078 2078
    2065 2065 2065 2065 2065 2065 2065 2065 2053 2053 2053 2053 2053
    2053 2053 2065 2065 2053 2053 2053 2065 2065 2065 2065 2065 5056
    5210 5210 5210 5210 5210 5210 5291 5291 5291 5291 5291 5291 5291
    5291 5291 5291 5291 5291 2090 2078 2078 2078 2065 2065 2065 2065
    2065 2065 2065 2065 2053 2053 2053 2053 2053 2053 2053 2065 2065
    2053 2053 2053 2065 2065 2065 2065 2078 0 5210 5210 5210 5210 5210
    5210 5291 5291 5291 5291 5210 5210 5291 5291 5291 5291 5291 5291
    5374 2090 2090 2090 2078 2065 2065 2065 2065 2065 2065 2065 2053
    2053 2053 2053 2053 2053 2053 2065 2065 2053 2053 2053 2053 2065
    2065 2078 0 0 5210 5210 5210 5210 5210 5210 5210 5210 5291 5291 5210
    5210 5291 5291 5291 5210 5210 5210 5210 5210 2103 2103 2078 2078
    2078 2078 2065 2065 2065 2065 2053 2053 2053 2053 2053 2053 2053
    2065 2065 2053 2053 2053 2053 2065 2065 2078 0 0 5210 5210 5210 5210
    5210 5210 5210 5210 5210 5210 5210 5210 5291 5210 5210 5210 5210
    5210 5210 5210 5210 2116 2078 2078 2078 2065 2065 2065 2065 2065
    2065 2065 2053 2053 2053 2053 2053 2065 2065 2053 2053 2040 2040
    2040 0 0 0 0 5132 5210 5210 5210 5210 5210 5210 5210 5210 5210 5210
    5210 5210 5210 5210 5210 5291 5291 5291 5291 5291 5291 2116 2103
    2090 2065 2065 2065 2065 2065 2065 2065 2065 2065 2053 2053 2053
