<?xml version="1.0"?>
<opencv_storage>
<Depth2331 type_id="opencv-matrix">
  <rows>34</rows>
  <cols>6</cols>
  <dt>w</dt>
  <data>
    6146 6038 5933 5832 5832 5933 6146 6038 5933 5832 5832 5933 6038
    5933 5933 5933 5933 5933 6038 5933 5933 5933 5933 5933 6038 5933
    5933 5933 5933 5832 6375 5933 5933 5832 5832 5832 6375 5933 5933
    5832 5832 5832 6622 5933 5933 5933 5933 5832 6889 5933 5933 5933
    5832 5832 6889 5933 5933 5832 5832 5832 6146 5933 5933 5832 5832
    5832 6146 6038 5933 5832 5832 5832 6146 5933 5933 5832 5832 5832
    6038 5933 5933 5933 5832 5832 5933 5933 5933 5933 5832 5832 5933
    5933 5933 5933 5734 5734 5933 5933 5933 5933 5734 5734 5933 5933
    5933 5832 5832 5933 5933 5933 5933 5832 5832 5933 5933 5933 5933
    5933 5933 5933 6038 5933 5933 5933 5933 5933 6038 5933 5933 5933
    5933 5933 6038 5933 5933 5933 5933 6038 6146 6038 6038 5933 5933
    6038 6146 6038 6038 5933 5933 5933 6146 6038 6038 5933 5933 5933
    6038 6038 6038 6038 5933 5933 6038 6038 6038 5933 5832 5832 5933
    5933 5933 5933 5832 5832 5933 5933 5933 5933 5933 5933 6038 6038
    5933 5933 5933 5933 6146 6038 5933 5933 6038 0 6038 6038 5933 5933
    5933 0 5933 5933 5933 5933 5933 0</data></Depth2331>
</opencv_storage>
