<?xml version="1.0"?>
<opencv_storage>
<Depth13526 type_id="opencv-matrix">
  <rows>9</rows>
  <cols>11</cols>
  <dt>w</dt>
  <data>
    5548 0 5548 5548 5548 5548 5548 5640 5640 5640 0 5832 5640 5548 5548
    5548 5548 5548 5640 5640 5640 5734 5832 5640 5640 5548 5548 5548
    5548 5640 5640 5640 5548 5548 5548 5640 5548 5548 5548 5548 5734
    5734 5548 5548 5548 5548 5640 5640 5640 5640 5640 5640 5734 5548
    5548 5460 5460 5548 5640 5734 5640 5640 5640 5640 5548 5548 5460
    5460 5548 5640 5734 5640 5548 5548 5548 5548 5548 5832 5640 5640
    5734 5734 5640 5548 5548 5548 5548 5548 0 0 0 0 5734 5640 5640 5548
    5548 5548 0</data></Depth13526>
</opencv_storage>
