<?xml version="1.0"?>
<opencv_storage>
<Depth2363 type_id="opencv-matrix">
  <rows>35</rows>
  <cols>7</cols>
  <dt>w</dt>
  <data>
    6375 6375 6259 6259 6259 6375 0 6375 6375 6259 6259 6259 6259 0 6375
    6375 6259 6259 6146 6146 0 6375 6259 6259 6146 6146 6146 0 6259 6146
    6146 6146 6146 6146 0 6146 6146 6146 6146 6146 6146 0 6146 6146 6146
    6038 6038 6038 0 6146 6146 6146 6038 6038 6038 0 6259 6259 6146 6146
    6038 6038 6038 6259 6259 6146 6146 6038 6038 6038 6375 6146 6146
    6146 6038 6038 0 6375 6146 6146 6146 6146 6146 0 6375 6146 6038 6038
    6038 6038 0 6375 6146 6038 6038 5933 5933 0 6375 6146 6038 6038 5933
    5933 0 6259 6146 6038 6038 6038 5933 5933 6259 6038 6038 6038 6038
    5933 5933 6038 6038 6038 6038 6038 6038 6038 6038 6038 6038 6038
    6038 6038 6038 6038 6038 5933 5933 6038 6038 6038 6038 6038 5933
    5933 6038 6038 6038 6038 6038 5933 5933 6038 5933 5933 6259 6038
    5933 5933 5933 5933 5933 6259 6038 6038 5933 5933 5933 5933 6259
    6038 6038 5933 5933 5832 5832 6146 6038 6038 6038 5933 5832 5832
    6146 6038 6038 6038 6038 5933 5933 6146 6038 6038 6038 6038 6038
    6038 7332 6038 6038 6038 6038 6038 6038 7332 6038 6038 6038 6038
    5933 5933 7178 6038 6038 5933 5832 5832 5933 7178 6038 6038 5933
    5832 5832 0 7332 5933 5933 5933 5832 5832 5933 7332 5933 5933 5933
    5832 5832 5933 7332 5933 5832 5832 5832 5832 5832</data></Depth2363>
</opencv_storage>
