<?xml version="1.0"?>
<opencv_storage>
<Depth16267 type_id="opencv-matrix">
  <rows>17</rows>
  <cols>14</cols>
  <dt>w</dt>
  <data>
    2271 2271 4241 4241 4241 4295 4295 4295 2271 2271 2271 2271 2271
    2286 4295 0 4295 4295 4295 4295 4295 4295 4295 2271 2271 2271 2286
    2286 0 0 4349 4295 4295 4295 4295 4295 4241 4190 2271 2271 2271 4295
    0 0 0 4295 4295 4295 4295 4241 4241 4241 4241 4241 4241 4295 0 0
    4295 4295 4295 4295 4295 4241 4241 4241 4241 4241 4241 4295 0 0 4295
    4241 4241 4241 4241 4295 4241 4241 4241 4241 4241 4295 0 4241 4241
    4241 4241 4241 4241 4295 4241 4241 4241 4295 4295 4241 4190 4190
    4241 4241 4241 4241 4241 4241 4241 4241 4241 4295 4295 4241 4190
    4190 4241 4241 4241 4241 4241 4241 4241 4241 4190 4190 4190 2618
    4190 4190 4190 4241 4241 4241 4241 4241 4241 4241 4190 4190 4190
    2618 4190 4190 4190 4241 4241 4241 4190 4190 4190 4190 4139 4089
    4041 2598 4190 4190 4241 4241 4241 4241 4190 4190 4190 4139 4139
    4089 4041 2598 4139 4139 4190 4241 4190 4190 4190 4139 4139 4139
    4139 4089 4041 2618 4139 4139 4190 4190 4190 4139 4139 4139 4139
    4139 4089 4089 2618 2618 2467 4190 4190 4139 4139 4139 4139 4139
    4139 4089 4089 2618 2618 2618 2450 2503 4089 4089 4089 4139 4139
    4139 4139 4089 4089 2618 2618 2598 2450 2467 2503 2503 4089 4089
    4139 4139 4139 4089 4089 2541 2541 2579</data></Depth16267>
</opencv_storage>
