<?xml version="1.0"?>
<opencv_storage>
<Depth1312 type_id="opencv-matrix">
  <rows>23</rows>
  <cols>52</cols>
  <dt>w</dt>
  <data>
    1843 1843 1843 1843 1843 1843 1843 1843 1843 1843 1833 1833 1833
    1833 1833 1823 1823 1823 1804 1794 1794 1785 1776 1776 1776 1776
    1785 1785 2541 1804 1804 1813 2485 2485 2485 2485 2467 2467 2467
    2450 2450 2450 2432 2432 2432 2450 2450 2467 2467 2450 2450 2450
    1833 1833 1843 1843 1833 1833 1833 1833 1833 1833 1823 1823 1823
    1823 1823 1813 1813 1804 1794 1785 1785 1776 1776 1766 1766 1766
    1766 1785 1804 1804 1804 1804 1804 1804 1804 1794 1794 1794 2467
    2432 2432 2432 2432 2432 2432 1766 1766 1766 2415 2415 2415 2415
    1823 1823 1823 1823 1813 1813 1813 1813 1823 1833 1823 1823 1804
    1804 1804 1804 1804 1794 1794 1785 1776 1766 1766 1766 1766 1766
    1766 1776 1794 1804 1794 1794 1794 1794 1785 1785 1785 1776 1766
    1766 1748 1748 1731 1731 1757 1766 1766 1757 1757 2398 2398 2398
    1302 1813 1813 1813 1804 1804 1804 1804 1804 1804 1804 1785 1785
    1785 1794 1794 1794 1785 1785 1776 1766 1766 1766 1766 1766 1766
    1757 1757 1776 1785 1785 1776 1776 1776 1776 1776 1776 1776 1766
    1757 1748 1739 1731 1731 1748 1757 1757 1757 1757 2381 2381 2381
    1297 1302 1302 1813 1794 1776 1766 1766 1766 1776 1776 1776 1766
    1766 1766 1766 1766 1776 1776 1766 1757 1757 1757 1757 1757 1757
    1757 1757 1766 1766 1766 1766 1766 1766 1766 1766 1766 1757 1757
    1748 1748 1739 1739 1739 1748 1748 1748 1748 1757 2365 2349 2349
    1297 1297 1302 1302 1766 1757 1757 1748 1748 1757 1757 1757 1757
    1748 1748 1739 1739 1739 1739 1739 1739 1731 1731 1739 1731 1731
    1731 1757 1757 1757 1757 1757 1757 1757 1757 1748 1748 1739 1739
    1739 1739 1739 1739 1731 1731 1731 1731 1731 1731 2349 2333 2333
    1297 1292 1292 1292 1748 1739 1739 1739 1739 1748 1748 1739 1739
    1731 1731 1731 1731 1731 1731 1731 1731 1722 1722 1731 1722 1722
    1731 1731 1748 1731 1731 1731 1731 1731 1748 1739 1731 1731 1731
    1731 1731 1731 1722 1722 1713 1713 1713 1713 1713 2349 2333 2317
    1297 1292 1292 1292 1748 1739 1739 1739 1739 1748 1748 1739 1739
    1731 1731 1731 1731 1731 1722 1722 1722 1722 1722 1731 1722 1722
    1722 1722 1731 1722 1722 1713 1705 1696 1696 1713 1713 1722 1722
    1722 1722 1722 1722 1713 1705 1705 1713 1713 1713 2333 2317 2317
    1292 1297 1297 1748 1748 1739 1739 1739 1739 1748 1748 1739 1739
    1731 1731 1722 1722 1722 1722 1722 1722 1722 1722 1731 1722 1713
    1713 1713 1722 1722 1713 1696 1688 1680 1680 1688 1696 1713 1713
    1705 1705 1705 1705 1696 1696 1696 1696 1696 1696 2317 2301 2286
    1288 1292 1302 1748 1748 1739 1739 1739 1739 1748 1748 1748 1739
    1731 1731 1722 1722 1722 1722 1722 1722 1722 1731 1731 1722 1713
    1713 1713 1722 1722 1705 1696 1680 1671 1671 1680 1680 1696 1696
    1696 1696 1696 1696 1688 1688 1688 1688 1688 1688 2286 2286 2271
    1288 1292 1766 1757 1757 1757 1739 1739 1739 1757 1757 1748 1731
    1731 1722 1722 1722 1731 1731 1722 1722 1731 1731 1731 1722 1713
    1713 1713 1722 1722 1705 1688 1680 1663 1663 1663 1663 1680 1680
    1680 1671 1671 1671 1671 1671 1671 1663 1663 1671 1671 2256 2256
    1288 1288 1766 1766 1766 1757 1757 1748 1748 1757 1757 1766 1688
    1688 1722 1722 1722 1731 1731 1731 1731 1731 1731 1731 1722 1713
    1713 1713 1722 1722 1705 1688 1671 1655 1655 1655 1655 1655 1655
    1663 1663 1655 1655 1655 1655 1663 1663 1655 1655 1663 2256 2241
    1273 1273 1776 1766 1766 1766 1766 1757 1757 1766 1766 1766 1688
    1688 1688 1731 1731 1713 1713 1731 1731 1731 1731 1731 1722 1722
    1722 1722 1722 1722 1705 1680 1663 1655 1632 1632 1639 1647 1647
    1655 1647 1647 1647 1647 1647 1647 1647 1647 1647 1647 2241 2241
    1259 1259 1776 1776 1766 1766 1766 1766 1757 1757 1766 1766 1688
    1688 1688 1731 1731 1713 1713 1722 1731 1731 1731 1731 1731 1731
    1722 1722 1722 1722 1713 1680 1663 1624 1616 1616 1624 1632 1639
    1639 1639 1639 1639 1639 1639 1632 1632 1639 1632 1624 1624 2226
    1259 1259 1259 1776 1766 1766 1766 1766 1757 1757 1766 1757 1705
    1705 1705 1748 1739 1731 1722 1722 1731 1731 1731 1731 1731 1731
    1722 1722 1722 1713 1713 1713 1616 1601 1601 1601 1609 1616 1632
    1632 1632 1632 1632 1624 1624 1624 1624 1624 1624 1616 1616 2226
    1245 1245 1245 1245 1766 1766 1766 1757 1757 1757 1757 1748 1731
    1731 1748 1748 1748 1739 1739 1731 1731 1731 1731 1731 1731 1731
    1722 1722 1722 1713 1713 1713 1601 1601 1594 1594 1601 1601 1609
    1624 1624 1624 1616 1616 1616 1616 1616 1616 1616 1616 1601 1601
    1232 1236 1245 1245 1766 1766 1766 1757 1757 1757 1757 1748 1739
    1739 1748 1748 1757 1748 1739 1731 1731 1731 1731 1731 1731 1731
    1722 1722 1722 1713 1713 1713 1594 1594 1586 1586 1594 1594 1594
    1609 1609 1601 1601 1601 1601 1601 1601 1601 1601 1601 1601 1601
    1223 1223 1223 1766 1766 1766 1766 1757 1757 1757 1757 1757 1757
    1757 1748 1748 1757 1748 1739 1731 1731 1731 1731 1731 1731 1731
    1722 1722 1731 1713 1713 1713 1594 1572 1564 1564 1564 1579 1586
    1601 1594 1594 1594 1594 1594 1594 1594 1594 1594 1601 1594 1594
    1214 1214 0 0 1766 1766 1766 1757 1757 1757 1757 1757 1757 1757 1748
    1748 1757 1739 1739 1731 1731 1731 1731 1731 1731 1731 1722 1722
    1722 1722 1731 1731 1550 1543 1543 1550 1550 1564 1572 1572 1586
    1579 1579 1579 1586 1586 1586 1586 1586 1586 1579 1572 1210 1214 0 0
    0 0 0 1757 1757 1757 1757 1757 1757 1757 1757 1757 1739 1739 1731
    1731 1731 1731 1731 1731 1731 1731 1722 1722 1722 1722 1731 1731
    1543 1543 1543 1550 1550 1557 1557 1557 1564 1564 1564 1572 1579
    1579 1579 1572 1572 1572 1572 1564 1210 0 0 0 0 0 0 0 1757 1757 0 0
    1776 1757 1757 1757 1739 1739 1731 1731 1731 1731 1731 1731 1739
    1731 1722 1713 1713 1713 1722 1722 1529 1529 1529 1536 1543 1550
    1550 1550 1550 1557 1557 1557 1557 1557 1564 1564 1564 1557 1557
    1550 1210 0 0 0 0 0 0 0 0 0 0 0 0 0 0 0 0 1757 1748 1748 1757 0 1731
    1731 1748 0 1722 1713 1713 1713 1713 0 1516 1516 1516 1516 1529 1536
    1543 1543 1543 1543 1550 1550 1550 1550 1543 1543 1536 1536 1536
    1543 0 0 0 0 0 0 0 0 0 0 0 0 0 0 0 0 0 1766 1757 1757 1757 0 0 0 0 0
    0 1713 1713 1713 1713 0 1516 1516 1516 1516 1529 1536 1543 1543 1543
    1543 1550 1550 1550 1550 1543 1543 1536 1536 1536 1536</data></Depth1312>
</opencv_storage>
