<?xml version="1.0"?>
<opencv_storage>
<Depth12847 type_id="opencv-matrix">
  <rows>6</rows>
  <cols>18</cols>
  <dt>w</dt>
  <data>
    5056 4911 4911 5056 4983 4983 4842 4842 4911 4911 4911 4911 4911
    4842 4842 4774 4774 4774 4911 4842 4842 4983 4983 4983 4911 4911
    4911 4911 4842 4842 4842 4842 4842 4774 4774 4774 4842 4842 4842
    4983 4911 4911 4911 4911 4842 4842 4842 4842 4842 4842 4842 4842
    4842 4842 4842 4842 4983 4983 4911 4911 4911 4911 4842 4842 4842
    4842 4842 4842 4842 4842 4842 4842 4842 4842 4983 4983 4983 4983
    4911 4911 4842 4842 4842 4708 4708 4708 4842 4842 4911 4911 4983
    4983 4983 5056 5056 4842 4842 4842 4842 4842 4842 4708 4708 4708
    4708 4774 4774 4774</data></Depth12847>
</opencv_storage>
