<?xml version="1.0"?>
<opencv_storage>
<Depth4392 type_id="opencv-matrix">
  <rows>39</rows>
  <cols>33</cols>
  <dt>w</dt>
  <data>
    5933 5933 5933 5933 5933 5933 5933 5933 5832 5832 5832 2560 2560
    2560 2560 2541 2503 2503 2485 2467 2467 2467 2467 2485 2503 2522
    2522 5933 5933 5832 5832 5832 5832 5933 5933 5933 5832 5832 5832
    2579 2579 2579 5933 5933 2541 2541 2522 2522 2503 2485 2485 2485
    2467 2467 2467 2467 2485 2503 2522 2522 5933 5933 5832 5832 5832
    5734 5832 5832 5832 2598 2598 2579 2579 2579 2579 2560 2541 2522
    2522 2522 2522 2503 2485 2485 2485 2467 2467 2467 2467 2467 2503
    2503 2503 2522 5734 5832 5832 5832 5734 5832 5832 2598 2579 2579
    2579 2560 2560 2560 2560 2541 2522 2522 2522 2522 2503 2485 2485
    2485 2467 2467 2467 2467 2467 2503 2503 2503 2522 5734 5832 5832
    5933 5832 2598 2598 2579 2579 2560 2560 2560 2560 2560 2541 2541
    2541 2522 2522 2522 2503 2503 2503 2485 2467 2467 2467 2467 2467
    2503 2503 2503 2522 6038 5933 5933 5933 5832 2598 2579 2579 2579
    2560 2560 2560 2560 2560 2541 2541 2541 2522 2522 2522 2503 2503
    2503 2485 2485 2467 2467 2467 2467 2485 2503 2503 2522 2579 5933
    5933 5933 5933 2579 2579 2579 2579 2560 2560 2560 2560 2541 2541
    2541 2541 2522 2522 2522 2503 2503 2503 2503 2485 2467 2467 2467
    2467 2485 2503 2503 2522 2522 5832 5832 5933 5933 2579 2579 2579
    2579 2579 2560 2560 2560 2541 2541 2541 2541 2522 2522 2522 2503
    2503 2503 2503 2485 2485 2467 2467 2467 2503 2503 2503 2503 2503
    5832 5832 5933 5832 2579 2579 2579 2579 2579 2579 2560 2560 2541
    2541 2541 2541 2522 2522 2522 2503 2503 2503 2503 2485 2485 2467
    2467 2467 2467 2503 2503 2503 2503 5832 5832 5832 5832 2598 2598
    2598 2579 2579 2579 2560 2560 2541 2541 2541 2541 2541 2522 2522
    2522 2503 2503 2503 2485 2485 2467 2467 2467 2467 2503 2503 2503
    2503 5832 5832 5832 5832 2598 2579 2579 2579 2579 2579 2560 2560
    2560 2541 2541 2560 2541 2522 2522 2522 2503 2503 2503 2485 2485
    2467 2467 2467 2485 2485 2503 2503 2522 5832 5832 5832 5832 2618
    2579 2579 2579 2579 2560 2560 2560 2560 2541 2541 2541 2541 2522
    2522 2522 2503 2503 2503 2503 2485 2467 2467 2467 2485 2485 2503
    2503 2503 5832 5832 5832 5832 2618 2579 2579 2579 2579 2560 2560
    2560 2560 2541 2541 2541 2541 2522 2522 2522 2503 2503 2503 2503
    2485 2485 2467 2467 2485 2485 2503 2503 2503 2503 5832 5832 5832
    2639 2579 2579 2579 2579 2579 2579 2560 2560 2560 2560 2560 2560
    2522 2522 2522 2522 2522 2503 2503 2503 2485 2467 2467 2485 2485
    2503 2503 2503 2503 5832 5832 5832 2639 2598 2598 2579 2579 2579
    2579 2560 2560 2560 2560 2560 2560 2560 2522 2522 2522 2522 2503
    2503 2503 2485 2467 2467 2485 2485 2503 2503 2503 2503 5832 5832
    5832 2639 2618 2598 2579 2579 2579 2579 2560 2560 2560 2560 2560
    2560 2560 2541 2541 2522 2522 2522 2503 2503 2485 2485 2485 2485
    2485 2503 2503 2503 2522 5832 5832 5933 5734 2639 2618 2598 2579
    2579 2579 2579 2560 2560 2560 2560 2541 2541 2541 2541 2522 2522
    2503 2503 2503 2485 2485 2485 2485 2485 2503 2503 2503 2522 2522
    5734 5734 5640 2639 2618 2598 2579 2579 2579 2579 2560 2560 2560
    2560 2541 2541 2522 2522 2522 2522 2503 2503 2503 2503 2485 2485
    2485 2485 2485 2503 2503 2522 2541 5734 5734 5640 2659 2618 2618
    2598 2579 2579 2579 2560 2560 2560 2579 2560 2541 2522 2522 2522
    2522 2522 2503 2503 2503 2485 2485 2467 2467 2485 2485 2503 2522
    2541 2541 5832 5734 2680 2639 2618 2598 2579 2579 2579 2560 2560
    2560 2579 2560 2541 2522 2522 2522 2522 2522 2522 2522 2503 2485
    2485 2467 2467 2467 2485 2503 2522 2522 2522 5832 5832 2680 2639
    2639 2598 2579 2579 2579 2560 2560 2579 2579 2579 2541 2522 2522
    2522 2522 2522 2522 2522 2503 2503 2467 2467 2467 2467 2485 2503
    2503 2503 2503 5832 5832 6038 2639 2639 2598 2579 2579 2579 2579
    2579 2579 2579 2579 2560 2541 2522 2522 2522 2522 2522 2522 2503
    2503 2467 2467 2467 2467 2485 2503 2503 2503 2503 5832 5933 6038
    2618 2598 2598 2598 2579 2579 2579 2579 2579 2579 2579 2560 2541
    2541 2522 2522 2522 2522 2522 2503 2503 2467 2467 2485 2485 2503
    2503 2503 2503 2503 5832 6038 6038 2618 2598 2598 2598 2598 2579
    2579 2579 2579 2579 2579 2579 2560 2560 2541 2541 2541 2522 2522
    2503 2503 2503 2485 2485 2485 2503 2503 2503 2503 2503 5734 6038
    6038 2618 2598 2598 2598 2598 2579 2579 2579 2579 2598 2598 2579
    2579 2560 2560 2560 2541 2522 2522 2503 2503 2503 2485 2485 2503
    2503 2503 2522 2522 2522 5734 6038 6038 6038 2618 2618 2618 2618
    2598 2579 2579 2579 2598 2598 2598 2579 2579 2560 2560 2541 2522
    2522 2503 2503 2503 2503 2503 2503 2503 2503 2503 2503 2503 5832
    5933 5933 2767 2639 2639 2639 2618 2618 2598 2598 2598 2598 2598
    2579 2579 2579 2560 2560 2541 2522 2522 2522 2503 2503 2503 2503
    2503 2503 2503 2503 2503 2503 2503 5933 5933 2767 2723 2659 2639
    2618 2618 2618 2598 2598 2598 2579 2579 2579 2579 2579 2579 2541
    2522 2522 2522 2503 2503 2503 2485 2485 2503 2503 2503 2522 2522
    2522 5933 5933 2767 2767 2639 2639 2618 2618 2598 2579 2579 2598
    2579 2579 2579 2579 2579 2579 2541 2522 2522 2522 2503 2503 2503
    2485 2485 2503 2503 2503 2503 2503 2503 5933 5933 5933 5933 2639
    2639 2639 2618 2598 2579 2579 2598 2579 2579 2579 2579 2579 2579
    2541 2522 2522 2522 2522 2503 2503 2485 2485 2485 2485 2485 2503
    2503 2503 5933 5933 5933 5933 2659 2639 2639 2618 2598 2598 2598
    2598 2579 2579 2579 2579 2560 2560 2560 2541 2522 2522 2522 2503
    2503 2485 2485 2485 2485 2485 2503 2522 2522 5933 6038 5933 5933
    5933 2639 2618 2618 2598 2598 2598 2598 2598 2579 2579 2579 2560
    2560 2560 2541 2541 2541 2522 2503 2503 2503 2485 2485 2485 2503
    2503 2522 2522 6038 6038 5933 5933 5933 2639 2618 2618 2598 2598
    2598 2598 2598 2598 2579 2560 2560 2560 2560 2560 2560 2541 2522
    2503 2503 2503 2485 2485 2485 2503 2503 2522 2522 6038 6038 5933
    5933 5933 2639 2618 2618 2598 2598 2598 2598 2598 2598 2579 2560
    2560 2560 2560 2579 2560 2541 2522 2503 2503 2503 2485 2485 2485
    2503 2503 2522 2541 6038 6038 5933 5933 5933 2639 2618 2618 2598
    2598 2598 2618 2618 2598 2598 2579 2579 2560 2560 2560 2560 2541
    2522 2522 2503 2503 2503 2485 2485 2485 2485 2503 2541 6038 6038
    5933 5933 5933 2639 2618 2618 2598 2598 2598 2618 2618 2598 2598
    2579 2579 2579 2560 2560 2560 2541 2522 2522 2522 2522 2503 2485
    2485 2485 2485 2485 2541 6038 6038 5933 5933 5933 5933 2618 2618
    2598 2598 2598 2618 2598 2598 2598 2579 2579 2579 2560 2560 2560
    2541 2541 2522 2522 2522 2503 2503 2503 2467 2467 2485 5933 6038
    6038 6038 6038 6038 6038 2618 2598 2598 2579 2579 2618 2598 2598
    2598 2598 2579 2579 2579 2579 2541 2541 2541 2560 2560 2541 2522
    2503 2503 2467 2467 5933 5933 6038 6038 6038 6038 6038 6038 6038
    2598 2598 2579 2579 2598 2598 2598 2598 2598 2598 2598 2560 2541
    2522 2522 2541 2579 2579 2579 2579 5933 5933 5933 5933 5933 5933</data></Depth4392>
</opencv_storage>
