<?xml version="1.0"?>
<opencv_storage>
<Depth17825 type_id="opencv-matrix">
  <rows>159</rows>
  <cols>36</cols>
  <dt>w</dt>
  <data>
    3064 3092 3120 3092 3092 3092 998 995 995 995 995 992 992 989 987
    987 3092 3092 3092 3092 3092 3092 3092 3120 3120 3120 3120 3120 3120
    3149 3149 3149 3149 3178 3178 3178 3064 3064 3092 3092 3120 998 998
    995 995 995 995 992 992 989 987 987 0 0 3092 3092 3092 3092 3092
    3120 3120 3120 3120 3149 3149 3149 3149 3149 3149 3178 3178 3178
    3064 3064 3092 3092 3092 998 998 998 995 995 995 992 992 989 989 0 0
    0 0 0 3120 3120 3120 3120 3149 3149 3149 3149 3149 3149 3149 3120
    3120 3149 3178 3208 3064 3092 3120 1007 1004 1001 998 998 998 998
    995 995 992 989 989 0 0 0 821 821 817 803 803 802 802 802 802 802
    802 802 3149 3120 3120 3149 3178 3208 3092 3120 1010 1007 1004 1001
    1001 1001 1001 1001 1001 0 0 0 0 0 0 0 821 821 817 803 802 802 802
    802 800 800 798 796 796 794 794 796 796 796 3149 3149 1007 1007 1004
    1001 1001 1004 0 0 0 0 0 0 0 0 0 0 0 821 817 802 802 800 800 802 798
    798 796 796 796 794 794 796 796 796 1016 1016 1007 1007 1004 1001
    1001 1001 1001 0 0 0 0 0 0 0 0 0 0 819 815 802 802 800 800 800 798
    798 796 796 796 796 796 796 796 796 1016 1016 1007 1007 1004 1001
    1001 1001 975 975 0 0 0 0 0 0 854 854 817 817 815 803 802 800 800
    800 798 798 796 796 796 796 796 798 798 796 1001 1007 1007 1007 1007
    1007 1007 975 975 0 0 0 0 0 0 860 854 854 817 817 815 803 802 800
    800 800 798 796 796 796 796 796 798 796 796 796 1001 1001 1001 1007
    989 981 978 973 970 970 0 0 0 0 862 860 856 845 819 817 815 805 802
    800 800 800 800 796 796 796 796 796 798 796 794 794 3092 1001 1001
    995 989 981 975 973 970 967 918 913 910 910 862 860 856 845 839 819
    815 805 802 802 802 800 800 800 800 798 798 798 798 796 794 794 3092
    1007 1001 995 989 984 975 970 967 920 918 913 910 910 864 860 856
    845 837 821 815 805 802 802 802 802 800 800 800 800 800 800 798 798
    796 796 3092 1007 1001 995 989 981 973 967 962 920 918 913 910 910
    867 862 856 845 837 827 819 805 803 802 802 802 802 800 800 800 800
    800 800 798 796 796 3092 1007 1001 995 989 981 967 962 933 920 918
    915 913 913 869 864 856 845 839 829 821 807 805 803 802 802 802 802
    800 800 800 800 800 798 798 798 3092 1010 1004 995 989 984 967 962
    933 923 920 915 910 875 871 867 856 847 839 831 821 807 805 803 803
    802 802 802 800 800 800 800 800 800 800 798 1010 1010 1004 998 989
    984 973 964 956 925 920 915 910 875 873 867 851 845 839 831 819 811
    807 805 805 803 802 802 802 802 800 800 800 800 800 798 1010 1010
    1004 1001 989 984 978 973 930 925 920 915 910 878 873 864 851 845
    841 831 819 811 807 805 805 805 803 802 802 802 802 800 800 800 800
    800 3178 1010 1007 1001 995 987 978 973 930 925 923 920 913 875 871
    864 851 847 841 833 819 813 807 805 805 805 803 802 802 802 802 802
    800 800 800 800 3178 1016 1007 1001 992 987 978 973 930 928 925 920
    915 875 871 864 851 845 841 833 819 813 807 805 805 805 803 803 802
    802 802 802 800 800 800 800 1016 1016 1007 1001 992 987 978 973 933
    930 928 923 918 875 871 864 851 845 839 833 829 809 807 805 803 803
    803 803 802 802 802 802 802 800 800 800 1022 1019 1010 1001 992 987
    978 970 938 933 928 923 920 875 871 867 858 845 839 831 827 809 807
    805 803 803 803 803 803 802 802 802 800 800 800 800 1016 1016 1010
    1001 992 987 978 970 940 933 928 923 920 875 871 864 858 847 839 831
    823 809 807 805 805 805 803 803 803 803 802 802 800 800 800 800 1016
    1016 1010 1001 992 987 981 973 940 933 928 920 918 875 869 864 858
    847 839 829 821 809 807 807 807 807 805 805 803 803 802 802 802 802
    802 800 1019 1016 1010 1004 992 987 981 973 943 933 925 920 913 875
    869 860 854 847 841 829 821 811 807 807 807 807 807 807 805 803 802
    802 802 802 802 802 1022 1016 1010 1004 995 989 984 978 943 933 925
    918 913 913 871 860 854 847 841 831 821 811 809 807 807 807 807 807
    805 803 803 803 802 802 803 802 3149 1016 1010 1004 995 989 984 975
    948 933 925 915 913 910 873 862 854 847 841 833 819 811 809 807 807
    809 809 807 805 803 803 803 803 803 803 802 3149 1016 1010 1001 995
    989 984 975 954 933 925 915 913 908 875 864 856 847 839 833 817 811
    809 809 809 809 809 807 805 803 803 803 803 803 803 802 1022 1022
    1013 998 995 989 987 962 951 935 925 918 913 901 878 867 858 847 839
    835 817 811 809 809 809 809 809 807 805 805 805 805 805 803 803 802
    1022 1022 1013 998 995 989 987 962 951 933 925 918 913 901 885 869
    860 847 839 835 817 811 809 809 809 811 809 807 805 805 805 805 805
    803 803 803 1025 1022 1013 1001 995 989 987 962 954 933 923 920 913
    898 878 869 862 847 839 835 815 813 811 811 811 811 811 807 807 805
    805 805 805 803 803 803 1041 1022 1016 1007 995 989 987 975 962 933
    923 920 915 898 875 869 860 847 841 837 815 813 811 811 811 813 811
    809 807 807 805 805 805 803 803 803 1041 1022 1013 1010 995 992 984
    975 962 933 925 923 915 915 875 869 860 849 843 827 815 813 811 811
    811 811 811 809 807 807 807 805 805 803 803 803 3149 1022 1013 1007
    998 992 984 978 959 933 928 923 915 915 875 869 860 849 841 827 817
    813 811 809 809 809 809 809 807 807 807 807 807 805 805 805 3149
    1016 1013 1007 998 992 984 978 943 933 930 923 915 915 878 871 860
    849 841 829 819 815 811 809 809 809 809 809 809 809 807 807 807 805
    805 805 3149 1013 1010 1007 998 995 987 978 943 933 925 920 915 908
    878 869 860 849 841 829 819 815 811 809 809 809 809 811 809 809 807
    807 807 805 805 805 3178 1013 1010 1007 998 995 984 978 970 933 925
    920 915 878 873 869 860 849 839 829 819 815 809 809 809 809 809 811
    809 809 807 807 807 807 805 805 3178 1016 1013 1010 1001 989 981 978
    973 933 925 920 913 878 873 869 860 849 839 827 819 815 809 809 809
    809 811 811 809 809 807 807 807 807 807 807 3178 1016 1013 1010 1004
    989 981 978 970 933 925 918 910 878 873 871 862 849 841 825 819 815
    811 811 811 811 811 811 811 809 809 807 807 807 807 807 3178 1022
    1013 1010 1001 995 981 978 970 943 928 918 908 898 875 873 864 849
    841 825 819 815 813 813 811 811 811 811 811 809 809 807 807 807 807
    807 3178 1022 1016 1013 1001 995 984 978 956 943 930 920 908 891 878
    873 864 849 827 823 819 817 815 815 813 813 813 813 813 809 809 809
    807 807 807 807 1025 1022 1016 1013 1004 995 984 978 956 943 933 925
    910 891 880 875 860 851 827 823 819 817 815 815 813 813 813 813 813
    811 809 809 809 809 807 807 1025 1019 1016 1010 1004 998 987 975 954
    940 933 925 920 887 882 875 860 849 841 825 817 817 815 815 813 813
    813 813 813 811 809 809 809 809 809 809 1019 1019 1013 1010 1004 998
    987 975 946 940 933 928 923 887 882 875 860 849 841 825 817 817 815
    815 813 813 813 813 811 811 809 809 809 809 809 809 1019 1019 1013
    1010 1007 998 989 975 943 938 933 928 923 889 882 875 860 849 841
    829 819 817 815 815 813 813 813 813 811 809 809 809 809 809 809 809
    1019 1019 1016 1010 1007 998 989 978 940 938 933 928 920 889 885 878
    867 849 841 839 819 817 815 815 815 815 815 813 811 809 809 809 809
    809 809 809 1034 1022 1016 1010 1007 998 992 981 940 938 933 928 918
    887 885 878 867 849 841 839 819 817 815 815 815 815 815 813 811 809
    809 809 809 809 809 809 1034 1028 1019 1016 1007 1001 992 987 940
    935 933 928 918 885 885 880 869 849 843 839 819 817 815 815 815 815
    815 813 811 811 811 811 811 811 809 809 1038 1031 1022 1019 1010
    1001 992 987 940 935 933 928 920 885 882 880 871 851 845 839 819 817
    815 815 815 815 817 815 813 813 811 811 811 813 811 811 1034 1034
    1025 1019 1010 1001 992 987 940 933 933 930 925 882 880 880 871 851
    843 837 821 819 817 817 817 817 817 817 815 815 813 813 813 813 811
    811 1028 1028 1022 1016 1007 1001 992 987 978 933 933 930 925 882
    878 875 869 851 843 837 823 819 817 817 817 817 817 817 815 815 815
