<?xml version="1.0"?>
<opencv_storage>
<Depth19309 type_id="opencv-matrix">
  <rows>9</rows>
  <cols>16</cols>
  <dt>w</dt>
  <data>
    0 0 4911 4911 4983 4983 4983 4983 4983 4911 4842 4842 4774 4774 4774
    4708 4911 4911 4911 4911 4983 4983 4983 4911 4911 4911 4842 4842
    4774 4708 4708 4708 4911 4911 4911 4911 4911 4983 4983 4911 4911
    4842 4842 4774 4708 4708 4645 4645 4911 4911 4911 4911 4911 4911
    4911 4911 4842 4842 4842 4774 4708 4708 4645 4645 4983 4983 4911
    4911 4911 4911 4911 4842 4842 4842 4842 4842 4774 4774 4774 4774
    4983 4983 4911 4911 4911 4911 4911 4842 4842 4911 4911 4842 4842
    4842 4774 4774 5056 4983 4911 4911 4911 4911 4911 4911 4911 4911
    4911 4983 4911 4842 4842 4842 5056 4983 4911 4911 4911 4911 4911
    5132 5056 4983 4983 4983 4911 4842 4842 4842 5056 4983 4911 4911
    4911 4911 5210 5210 5132 5132 0 0 0 0 0 0</data></Depth19309>
</opencv_storage>
