<?xml version="1.0"?>
<opencv_storage>
<Depth10746 type_id="opencv-matrix">
  <rows>100</rows>
  <cols>58</cols>
  <dt>w</dt>
  <data>
    2958 2958 2958 2958 2958 2958 2984 2984 2984 2984 1153 1141 1130
    1130 1130 3037 3037 3010 3010 3010 3010 3010 3037 3064 3064 3064
    3064 3064 3064 3092 3120 3120 3120 3120 3120 3120 3120 3149 3149
    3149 3149 3149 3149 3178 3178 3178 3149 3149 3149 3149 3178 3208
    3208 3208 3208 3208 3238 3269 2958 2958 2958 2958 2958 2958 2958
    3010 2984 1153 1145 1141 1134 1130 1130 1130 1130 3010 3010 3010
    3010 3010 3037 3064 3064 3064 3064 3064 3064 3092 3120 3120 3120
    3120 3120 3120 3120 3149 3149 3149 3149 3149 3149 3178 3178 3178
    3149 3149 3149 3178 3208 3208 3208 3208 3208 3238 3238 3269 2958
    2958 2958 2958 2958 2958 2958 1145 1145 1141 1141 1141 1126 1123
    1123 1123 0 1123 1054 1054 1034 1022 1022 1022 1022 1022 1022 3092
    3092 3092 3120 3120 3149 3120 3120 3120 3120 3120 3149 3178 3149
    3149 3149 3178 3178 3178 3149 3149 3149 3178 3208 3208 3208 3208
    3208 3238 3238 3269 2933 2958 2958 2958 2958 2958 0 1130 1130 1126
    1126 1126 1126 1123 1123 1123 0 0 0 0 0 0 1022 1022 1022 1022 1022
    1022 0 0 0 0 0 0 0 3120 3120 3120 3149 3178 3178 3178 3178 3178 3208
    3178 3178 3149 3149 3178 3208 3208 3208 3208 3238 3238 3238 3269
    2933 2958 2958 2958 2984 2984 0 1130 1130 1126 1112 1105 1105 1101
    1101 1101 1073 1060 1054 1054 1034 1034 1022 1022 1022 1022 1022
    1022 0 0 0 0 0 0 0 3208 3149 3149 0 0 3178 3178 3178 3178 3178 3178
    3149 3149 3149 3178 3208 3208 3208 3238 3238 3238 3238 3269 2933
    2958 2958 0 1138 1134 0 1130 1130 1119 1112 1105 1105 1101 1101 1077
    1073 1060 1054 1054 1034 1034 1034 1022 1022 1022 1022 1022 1001
    1001 1001 0 0 0 0 0 0 0 0 0 0 0 3178 1025 1025 1031 1034 3149 3149
    998 992 992 3208 3208 3208 3238 3238 3238 2933 2958 0 0 0 0 0 1134
    1130 1119 1112 1105 1101 1094 1087 1077 1073 1060 1050 1041 1034
    1031 1028 1028 1031 1031 1025 1025 1001 1001 1001 1001 998 0 0 0 0 0
    0 0 0 1034 1034 1025 1025 1031 1028 1028 998 995 992 992 3208 3208
    3208 3238 3238 3238 2958 2984 0 0 0 0 1138 1134 1126 1119 1112 1105
    1101 1090 1084 1077 1070 1054 1047 1041 1034 1031 1028 1028 1028
    1025 1025 1025 998 998 998 998 0 0 0 0 0 0 0 0 0 1034 1034 1031 1028
    1028 1019 1010 998 995 992 992 992 992 992 992 3269 3269 2984 2984 0
    0 0 0 1138 1134 1126 1119 1112 1105 1101 1090 1084 1077 1057 1054
    1047 1041 1034 1028 1022 1019 1013 1013 1025 1007 1004 998 998 998 0
    0 0 0 0 0 0 0 0 1031 1031 1031 1028 1028 1019 1007 998 992 989 989
    989 992 992 992 1001 3238 2984 3037 0 0 0 0 1141 1134 1126 1119 1115
    1105 1101 1090 1080 1073 1057 1054 1047 1041 1034 1028 1019 1013
    1004 989 987 987 1004 1001 998 998 0 0 951 951 954 954 0 0 0 0 964
    964 973 973 973 975 978 984 987 987 989 992 992 998 1001 1001 2958
    2958 0 0 0 0 1141 1134 1126 1119 1115 1105 1101 1090 1080 1073 1060
    1054 1047 1041 1034 1028 1016 1010 1001 989 984 978 973 973 1001 954
    951 951 951 951 954 954 959 959 962 964 964 964 973 973 973 975 978
    981 984 987 989 992 995 998 998 998 2958 2958 0 0 0 0 1141 1138 1126
    1123 1115 1105 1101 1090 1084 1077 1060 1054 1047 1038 1031 1022
    1016 1010 998 989 984 978 970 967 962 954 948 948 948 948 954 956
    956 959 962 964 964 967 970 973 975 978 978 978 984 987 989 992 995
    998 998 998 2958 2958 0 0 0 0 1145 1134 1126 1123 1115 1105 1097
    1090 1080 1077 1063 1054 1047 1034 1028 1022 1016 1010 992 989 987
    978 970 967 962 954 948 948 948 948 954 956 956 959 962 964 964 967
    970 973 973 975 978 978 981 984 989 992 995 998 998 1001 2958 2958 0
    0 0 0 1145 1130 1126 1123 1115 1105 1097 1090 1080 1077 1063 1050
    1044 1034 1028 1022 1019 1010 992 989 987 978 973 967 962 956 951
    951 948 948 954 954 956 959 962 964 964 967 970 973 973 975 978 978
    981 984 989 992 998 998 998 1001 2958 2958 0 0 0 0 1141 1130 1126
    1123 1115 1105 1097 1090 1080 1077 1060 1050 1044 1034 1028 1022
    1019 1010 992 989 984 981 973 967 962 956 951 951 948 948 954 954
    959 962 962 964 964 967 970 973 975 978 978 978 981 984 992 992 998
    998 1001 1001 2933 0 0 0 0 0 1141 1130 1126 1119 1112 1105 1097 1090
    1080 1077 1057 1050 1044 1038 1031 1025 1016 1010 992 989 984 981
    975 964 959 954 954 951 951 951 954 954 959 962 964 964 964 967 970
    973 975 978 978 978 981 987 992 995 998 1001 1001 1001 2933 0 0 0 0
    0 1138 1126 1123 1119 1112 1105 1097 1090 1080 1063 1054 1050 1044
    1041 1034 1025 1016 1010 1004 989 984 978 973 964 956 954 954 951
    951 951 954 954 959 962 964 964 964 967 970 973 978 978 978 981 984
    987 992 995 998 1001 1001 0 2933 0 0 0 0 0 1138 1126 1123 1119 1112
    1101 1097 1090 1080 1063 1054 1050 1047 1044 1034 1025 1013 1010
    1001 992 987 975 970 964 956 954 954 951 951 954 956 956 959 964 964
    964 967 970 970 975 975 978 981 981 984 987 992 995 998 998 1001 0
    2933 0 0 0 0 0 1138 1130 1126 1119 1112 1101 1094 1090 1084 1060
    1054 1050 1047 1044 1031 1025 1013 1010 1001 989 984 975 967 964 959
    954 954 951 951 954 956 956 962 964 964 964 967 973 973 975 975 978
    981 984 987 987 992 992 998 998 998 998 2933 0 0 0 0 0 1138 1130
    1126 1119 1112 1101 1094 1090 1084 1060 1054 1050 1047 1041 1031
    1022 1013 1010 1001 989 984 975 967 964 956 954 954 951 951 954 956
    959 962 964 964 964 967 973 973 975 975 978 981 981 987 987 992 992
    998 998 998 998 2933 0 0 0 0 0 1138 1130 1126 1119 1108 1101 1094
    1090 1080 1063 1054 1050 1044 1038 1031 1022 1013 1010 1001 989 984
    978 970 964 956 954 954 951 951 954 956 959 962 964 964 964 967 970
    973 975 975 978 981 981 987 987 992 995 998 1001 998 998 2933 0 0 0
    0 0 1138 1130 1126 1119 1105 1101 1094 1090 1080 1063 1057 1050 1044
    1038 1031 1022 1016 1010 1001 989 984 978 973 967 959 954 954 951
    951 954 956 959 962 964 964 964 967 970 973 975 975 978 981 981 984
    987 992 995 998 1001 998 998 2933 0 0 0 0 1141 1138 1130 1126 1115
    1105 1101 1097 1090 1080 1063 1057 1050 1044 1038 1031 1025 1016
    1010 1001 989 981 978 973 967 956 954 954 954 954 954 956 962 962
    964 964 967 967 970 973 975 978 978 981 984 984 987 992 995 998 1001
    1001 1001 2933 0 0 0 0 1141 1138 1130 1123 1115 1108 1105 1097 1090
    1084 1063 1057 1050 1044 1034 1031 1022 1016 1010 1001 987 981 975
    973 967 956 954 954 954 954 954 956 964 964 964 964 967 967 970 973
    975 978 981 984 984 987 987 992 995 998 1001 1001 1001 2933 0 0 0 0
    1141 1134 1130 1123 1119 1108 1105 1094 1090 1084 1063 1057 1050
    1044 1034 1031 1022 1016 1010 1004 987 981 975 973 964 956 954 954
    954 954 954 962 964 964 964 964 967 970 973 975 975 978 981 984 987
    987 987 992 995 998 1001 1001 0 2933 0 0 0 0 1141 1134 1130 1123
    1119 1112 1105 1094 1090 1084 1063 1060 1050 1047 1034 1028 1019
    1013 1010 1004 989 984 978 970 962 956 954 954 954 954 954 962 964
    964 964 964 967 970 975 975 975 978 978 981 987 987 987 992 995 998
    1001 1001 0 0 0 0 0 0 1145 1134 1130 1123 1119 1108 1101 1094 1090
    1084 1063 1060 1050 1047 1038 1028 1019 1013 1010 1004 989 984 978
    970 962 959 954 954 954 954 954 959 962 962 964 964 967 970 975 975
    975 978 978 981 987 987 987 992 995 1001 1001 1001 1001 0 0 0 0 1145
    1145 1134 1130 1119 1115 1108 1101 1097 1090 1080 1063 1057 1050
    1047 1038 1028 1019 1013 1010 1001 989 984 978 970 962 959 956 954
    954 954 956 959 962 962 964 964 970 973 975 975 978 978 981 981 987
    987 987 992 995 1001 1004 1004 1004 2958 0 0 0 1145 1145 1134 1126
    1119 1115 1108 1105 1097 1087 1077 1063 1054 1050 1044 1038 1028
    1022 1016 1010 1001 989 981 978 973 962 959 956 954 954 954 956 962
    962 964 964 967 970 973 975 975 978 978 981 984 987 987 987 992 995
    1001 1004 1004 1004 2958 0 0 0 1145 1141 1130 1126 1115 1115 1108
    1105 1094 1087 1073 1063 1054 1050 1041 1034 1025 1022 1016 1010
    1001 989 981 978 973 964 959 956 954 954 954 956 962 962 964 964 967
