<?xml version="1.0"?>
<opencv_storage>
<Depth0019 type_id="opencv-matrix">
  <rows>10</rows>
  <cols>13</cols>
  <dt>w</dt>
  <data>
    800 798 796 794 790 790 790 0 5132 0 0 0 5132 798 796 794 794 794 0
    0 0 0 0 0 5132 5132 798 796 794 794 794 0 0 0 5210 0 5132 5132 5132
    798 796 796 0 0 0 0 0 0 5210 5132 5132 5132 798 798 0 0 0 0 0 0 5210
    5132 5132 5132 7492 802 0 0 0 0 0 0 5210 5132 5132 5132 7492 7492 0
    0 0 0 0 5132 5132 5132 5132 5132 7332 7332 7332 0 0 0 0 0 5132 5132
    5132 5132 7178 7178 7332 7332 0 0 0 0 7030 7030 7030 7030 7030 7030
    7030 7178 7178 0 0 0 0 7030 7030 7030 7030 7030 7030 7030 7178 7178</data></Depth0019>
</opencv_storage>
