<?xml version="1.0"?>
<opencv_storage>
<Depth12109 type_id="opencv-matrix">
  <rows>130</rows>
  <cols>77</cols>
  <dt>w</dt>
  <data>
    7030 7030 7030 7030 7030 7030 6889 6889 6889 6889 6889 6889 6889
    6889 6753 6753 6753 6753 6753 6753 6753 6753 6753 6889 6753 6753
    6753 6753 6753 6753 7030 7030 6889 6889 6753 6753 6753 6753 6753
    6753 6753 6753 6622 710 710 711 710 710 710 710 711 711 6622 6622
    6622 6622 703 703 6497 0 6497 6497 6497 6497 6375 6375 6497 6375
    6375 6375 6375 6375 6375 6375 6375 6375 6259 7030 7030 7030 7030
    7030 7030 6889 6889 6889 6889 6889 6889 6889 6889 6753 6753 6753
    6753 6753 6753 6889 6889 6889 6889 6889 6753 6753 6753 6753 6753
    6753 6753 6889 6889 6753 6753 6753 6753 6753 6753 6753 6753 6753 711
    711 713 710 710 710 710 711 711 711 711 703 703 703 0 0 0 0 0 6497
    6497 6375 6375 6497 6497 6497 6497 6375 6375 6375 6375 6375 6375
    6259 7030 7030 7030 7030 7030 6889 6889 6889 6889 6889 6889 6889
    6889 6889 6753 6753 6889 6889 6889 6889 6889 6889 6753 6753 6753
    6753 6753 6753 6753 6753 6753 0 6889 6889 6753 6753 6753 6622 6622
    6622 6622 6622 6753 713 711 711 710 710 707 707 708 707 706 703 703
    703 703 703 0 0 0 0 6497 6497 6497 6497 6497 6497 6497 6375 6375
    6375 6375 6375 6375 6375 6259 7030 7030 6889 6889 6889 6889 6889
    6889 6889 6889 6889 6889 6889 6889 6753 6753 6889 6889 6889 6889
    6889 6889 6753 6753 6622 6622 6753 6753 6753 6753 6753 0 7030 7030
    6753 6753 6753 6622 6622 6497 697 697 6753 6753 711 710 703 703 703
    703 703 703 703 703 703 703 703 704 704 0 0 0 0 0 0 6497 6497 6497
    6497 6375 6375 6375 6259 6259 6259 6375 6259 6889 6889 6889 6889
    6889 6889 6889 6889 6889 6889 6889 6889 6889 6889 6889 6889 6889
    6889 6889 6889 6889 6889 6753 6753 6622 6622 6753 6622 6622 6622 688
    690 690 690 696 696 694 694 694 694 697 697 697 698 698 698 700 700
    700 701 701 701 703 703 703 703 703 704 704 0 0 0 0 0 0 0 6622 6497
    6497 6375 6375 6259 6259 6259 6259 6375 6259 6889 6889 6889 6889
    6889 6889 6889 6889 6889 6889 6889 6889 6889 6889 6753 6753 6753
    6753 6753 687 687 687 6753 6753 6753 6753 688 688 688 688 688 690
    690 690 693 694 694 694 694 694 696 697 697 698 698 698 700 700 700
    700 701 701 703 703 703 703 703 703 703 0 0 0 0 0 0 0 0 6497 6497
    6375 6375 6259 6259 6259 6259 6375 6375 6889 6889 7030 6889 6889
    6889 6889 7030 7030 7030 6889 6889 6889 6889 6753 6753 6753 6753 688
    687 687 687 688 688 688 690 688 688 688 688 688 690 690 690 693 694
    694 696 696 696 696 697 697 697 697 698 698 700 700 700 701 701 701
    701 701 701 703 703 703 0 0 0 0 0 0 0 0 0 6497 6497 6375 6259 6259
    6259 6259 6375 6375 6889 6889 6889 7030 7030 7030 7030 7030 0 0 0 0
    0 0 0 710 708 687 687 688 688 688 688 688 688 690 690 690 690 690
    690 691 691 693 693 694 694 696 696 696 696 697 697 697 697 698 698
    698 700 700 700 701 701 701 701 701 703 703 703 703 0 0 0 0 0 0 0 0
    6497 6497 6375 6259 6259 6146 6146 6375 6259 6889 6889 6889 6889 894
    894 894 894 894 0 0 0 0 0 0 710 707 687 687 688 688 688 688 688 688
    690 690 690 690 690 690 691 693 693 693 694 694 694 696 696 696 696
    696 696 696 698 698 698 700 700 700 701 701 701 701 701 703 703 701
    701 0 0 0 0 0 0 0 0 0 6497 6375 6259 6259 6146 6146 6259 6259 6889
    6889 896 896 894 894 894 894 894 894 0 0 0 0 0 710 706 688 688 690
    690 690 688 688 690 690 690 690 690 690 690 691 693 693 693 693 694
    694 694 696 696 696 696 696 696 697 698 698 700 700 700 701 701 701
    701 701 703 701 701 701 0 0 0 0 0 0 0 0 0 6375 6259 6259 6259 6259
    6259 6259 6259 6889 6889 896 896 896 894 894 894 894 894 0 0 0 0 0 0
    706 693 693 691 690 690 688 688 690 690 690 688 688 690 690 691 691
    691 693 693 693 693 694 694 694 694 694 694 696 697 698 698 700 700
    700 701 701 701 701 701 703 701 701 701 0 0 0 0 0 0 0 0 0 6259 6259
    6259 6259 6259 6259 6375 6259 7030 889 896 896 896 896 896 894 894
    894 0 0 0 0 0 0 0 694 694 691 690 690 688 688 690 688 688 688 688
    690 690 691 691 691 691 693 693 693 694 694 694 694 694 694 696 697
    698 698 700 700 700 701 701 701 701 701 701 703 701 701 0 0 0 0 0 0
    0 0 0 6259 6259 6259 6259 6259 6259 6375 6375 889 889 889 889 896
    896 833 829 829 894 0 0 0 0 0 0 0 693 693 690 688 688 688 688 688
    688 688 688 688 690 690 691 691 691 691 691 691 691 694 694 694 694
    696 696 696 696 697 698 698 700 700 701 701 701 700 700 700 703 701
    701 0 0 0 0 0 0 0 0 0 6259 6259 6259 6259 6259 6259 6375 6375 889
    887 887 889 896 837 833 829 829 829 0 0 0 0 0 0 723 693 691 690 688
    688 688 688 688 690 690 690 690 690 690 690 691 691 691 691 691 691
    694 694 694 696 696 696 696 696 697 698 698 700 700 700 701 700 700
    700 700 701 701 701 0 0 0 0 0 0 0 0 0 6375 6259 6259 6259 6259 6259
    6375 6259 889 887 887 841 839 837 835 831 831 831 0 0 747 747 747
    720 720 720 688 688 688 688 688 688 688 690 690 690 690 690 690 690
    691 691 693 693 693 693 694 694 694 696 696 696 696 696 697 698 698
    700 700 700 700 700 700 700 700 701 701 701 0 0 0 0 0 0 0 0 0 6259
    6259 6259 6259 6259 6259 6375 6259 889 889 889 841 837 835 833 827
    827 827 0 747 747 747 747 720 720 720 686 686 686 687 687 688 688
    688 688 688 688 690 690 690 691 691 693 693 694 694 694 694 694 694
    694 696 696 696 697 697 698 698 700 700 700 700 700 700 700 701 701
    701 701 0 0 0 0 0 0 0 0 6038 6038 6146 6259 6259 6259 6375 6259 894
    896 896 841 837 835 831 825 825 825 790 747 747 747 746 746 722 719
    686 686 686 686 687 688 688 688 688 688 688 688 690 690 691 691 693
    693 694 694 694 694 694 694 694 696 696 697 697 697 697 698 698 698
    698 700 700 700 700 701 701 701 701 0 0 0 0 0 0 0 0 6038 6038 6146
    6259 6259 6259 6375 6259 896 898 896 896 896 835 815 815 815 790 790
    792 747 747 744 733 722 717 686 686 686 686 687 687 687 688 688 688
    688 688 690 690 691 691 693 693 694 694 694 694 694 694 694 696 696
    697 697 697 697 698 698 698 698 700 700 700 700 701 701 701 701 0 0
    0 0 0 0 0 0 0 6146 6146 6259 6259 6259 6375 6259 896 898 896 894 854
    854 815 813 800 790 790 792 749 749 742 733 723 717 717 684 684 686
    687 687 687 688 688 688 688 688 690 690 690 691 693 693 693 694 694
    694 694 694 696 696 696 696 697 697 698 698 698 698 700 700 700 700
    701 701 701 701 701 0 0 0 0 0 0 0 0 0 6259 6259 6259 6259 6259 6375
    6375 896 898 891 891 851 851 851 807 800 794 794 796 750 750 742 733
    727 722 716 684 684 686 686 687 687 687 688 688 688 688 690 690 690
    690 693 693 693 694 694 694 694 694 696 696 696 696 697 697 697 698
    698 698 700 700 700 700 701 701 701 701 701 706 0 0 0 0 0 0 0 0 6259
    6259 6375 6259 6259 6497 6375 894 891 887 867 851 851 851 805 802
    796 796 796 750 750 746 733 722 719 716 714 686 686 686 687 687 687
    688 688 688 690 690 690 690 690 691 693 693 694 693 693 694 694 694
    696 696 696 697 697 697 698 698 698 700 700 700 700 701 701 701 701
    701 701 0 0 0 0 0 0 0 0 0 6375 6375 6259 6259 6375 6375 887 885 885
    867 856 851 851 805 803 798 796 796 750 750 752 734 722 719 716 714
    686 686 687 687 688 688 688 688 688 690 690 690 690 690 691 691 693
    693 693 693 693 693 693 694 694 694 696 696 697 697 697 698 700 700
    700 700 701 701 701 700 700 700 0 0 0 0 0 0 0 0 0 6497 6375 6375
    6375 6375 6375 887 885 885 873 856 851 851 805 803 802 798 798 798
    755 752 744 744 717 714 714 686 686 687 687 687 687 687 687 688 688
    688 690 690 690 690 690 691 691 693 693 693 693 693 694 694 694 696
    696 697 697 697 697 697 698 700 700 700 700 700 700 700 700 0 0 0 0
    0 0 0 0 0 6497 6375 6375 6375 6375 6375 889 887 887 873 860 854 851
    805 805 803 798 796 796 755 749 744 744 717 714 713 687 687 687 687
    687 687 687 687 687 688 688 688 690 690 690 690 690 690 691 693 693
    693 693 694 694 694 696 696 696 697 697 697 697 698 698 700 700 700
    700 700 700 700 0 0 0 0 0 0 0 0 0 6497 6259 6259 6375 6375 6375 889
