<?xml version="1.0"?>
<opencv_storage>
<Depth4796 type_id="opencv-matrix">
  <rows>16</rows>
  <cols>11</cols>
  <dt>w</dt>
  <data>
    5056 5056 4983 4983 4983 4983 4983 4983 4983 5056 5210 5056 5056
    4983 4983 4983 4983 4983 4983 4983 4983 5056 5056 5056 5056 4983
    4983 4983 4983 4983 4983 4983 5056 5056 5056 5056 4983 4983 4983
    4983 4983 5056 5056 5056 5056 5056 4983 4911 4911 4911 4911 4911
    4983 4983 5056 4983 4983 4983 4911 4911 4842 4842 4911 4983 4983
    5056 4911 4911 4911 4911 4911 4842 4842 4911 4983 4983 5056 4842
    4842 4911 4911 4911 4842 4842 4911 4911 4911 4983 4842 4842 4911
    4911 4911 4911 4911 4911 4911 4911 4983 4911 4911 4911 4911 4911
    4911 4911 4842 4842 4842 4911 4911 4911 4911 4911 4911 4911 4911
    4842 4842 4842 4911 4911 4911 4842 4842 4842 4842 4842 4911 4842
    4842 4911 4911 4911 4842 4842 4842 4842 4842 4911 4842 4842 4911
    4842 4842 4842 4842 4842 4842 4842 4911 4911 4911 4911 4842 4842
    4842 4842 4842 4842 4842 4842 4842 4911 4911 4842 4842 4842 4842
    4842 4842 4842 4842 4842 4842 4983</data></Depth4796>
</opencv_storage>
