<?xml version="1.0"?>
<opencv_storage>
<Depth14597 type_id="opencv-matrix">
  <rows>29</rows>
  <cols>5</cols>
  <dt>w</dt>
  <data>
    4774 4774 4774 3816 3816 4774 4774 4774 3859 3816 4774 4774 4774
    3859 3816 4774 4708 4708 4708 3859 4774 4708 4708 4708 3859 4774
    4708 4708 4708 3859 4774 4708 4708 4708 4708 4774 4708 4708 4708
    4708 4774 4774 4708 4708 4708 4774 4774 4708 4708 4708 4774 4774
    4708 4708 4774 4774 4774 4708 4708 4774 4774 4774 4708 4708 4774
    4774 4774 4708 4708 4774 4708 4708 4708 4708 4774 4708 4708 4708
    4708 4708 4708 4708 4645 4645 4645 4645 4645 4645 4645 4645 4582
    4582 4582 4582 4582 4582 4582 4582 4582 4582 4582 4582 4582 4582
    4582 4582 4582 4582 4645 4645 4582 4645 4645 4645 4645 4645 4708
    4708 4708 4645 4708 4774 4708 4708 4708 4708 4774 4708 4708 4774
    4774 4774 4774 4774 4774 4774 4708 4708 4774 4708 4774 4708 4708
    4774 4708</data></Depth14597>
</opencv_storage>
