<?xml version="1.0"?>
<opencv_storage>
<Depth3764 type_id="opencv-matrix">
  <rows>64</rows>
  <cols>54</cols>
  <dt>w</dt>
  <data>
    4349 4405 4405 4405 4405 4463 4522 4522 4522 4522 4522 0 0 0 0 0 0 0
    0 1722 1722 1722 4911 4911 4911 1663 1663 1688 1688 5056 4983 1722
    1722 1722 1731 1731 1739 1748 1748 4911 4708 4582 4522 4463 4463
    4463 4463 4463 4463 4582 4582 4582 4582 4582 4405 4405 4405 4405
    4405 4463 4522 4522 4522 4522 4522 0 0 0 0 0 0 0 1739 1713 1705 1705
    1705 1688 1688 1663 1663 1688 1696 1696 1696 1713 1722 1722 1731
    1731 1731 1739 1739 1739 4645 4645 4582 4582 4582 4522 4522 4463
    4463 4582 4582 4582 4645 4645 4405 4405 4405 4405 4405 4405 4405
    4522 4522 4522 4522 0 0 0 0 0 0 0 1739 1671 1671 1680 1671 1671 1680
    1680 1680 1688 1696 1696 1696 1705 1713 1722 1722 1731 1731 1731
    1731 1731 1731 4708 4645 4645 4708 4708 4708 4774 4708 4708 4645
    4645 4645 4645 4405 4405 4349 4349 4349 4349 4349 4522 4522 4522
    4522 0 0 0 0 0 0 1655 1655 1655 1655 1663 1663 1663 1671 1680 1680
    1688 1688 1688 1696 1705 1713 1722 1722 1722 1731 1731 1722 1722
    1722 4774 4774 4774 4774 4774 4842 4842 4842 4774 4774 4708 4708
    4708 4405 4405 4349 4349 4349 4349 4349 4522 4522 4463 4463 4463
    1624 1624 1624 1624 1632 1647 1647 1655 1655 1655 1663 1663 1663
    1671 1680 1688 1688 1688 1696 1705 1713 1722 1722 1722 1722 1731
    1722 1722 1722 4842 4842 4842 4842 4842 4842 4842 4842 4842 4774
    4774 4708 4708 4349 4349 4405 4349 4349 4349 4349 1601 1601 1601
    1609 1609 1616 1616 1624 1624 1624 1639 1639 1647 1647 1655 1655
    1663 1663 1671 1680 1688 1688 1696 1696 1705 1713 1722 1722 1722
    1722 1731 1731 1731 1731 4911 4911 4911 4842 4842 4842 4842 4842
    4842 4842 4774 4708 4708 4349 4349 4405 4349 4349 4349 4349 1601
    1601 1601 1601 1601 1609 1616 1624 1624 1624 1632 1639 1647 1647
    1655 1655 1663 1663 1671 1680 1688 1688 1696 1696 1705 1713 1722
    1722 1722 1722 1731 1731 1731 1739 1739 4983 4911 4842 4842 4842
    4842 4842 4842 4842 4842 4774 4774 4349 4349 4405 4349 1616 1616
    1609 1601 1601 1601 1601 1601 1609 1616 1624 1624 1632 1632 1632
    1647 1647 1655 1655 1663 1663 1671 1680 1688 1696 1696 1696 1705
    1713 1713 1722 1722 1722 1731 1731 1731 1739 1739 4911 4911 4911
    4911 4911 4842 4842 4842 4842 4842 4842 4774 4349 4349 4405 1632
    1616 1616 1609 1601 1601 1601 1601 1601 1609 1616 1624 1624 1632
    1632 1632 1639 1647 1655 1655 1663 1663 1671 1680 1688 1688 1696
    1696 1705 1713 1713 1722 1722 1722 1731 1731 1731 1739 1739 4911
    4911 4911 4911 4911 4842 4842 4842 4842 4842 4842 4842 1663 1647
    1632 1632 1616 1616 1609 1601 1601 1601 1609 1609 1609 1616 1624
    1624 1632 1632 1632 1639 1647 1647 1655 1663 1663 1671 1680 1688
    1688 1696 1705 1705 1713 1713 1722 1722 1731 1731 1731 1739 1748
    1748 4983 4983 4911 4911 4911 4911 4842 4842 4842 4842 4842 4842
    1663 1647 1632 1632 1624 1616 1609 1609 1609 1609 1609 1609 1609
    1616 1624 1624 1632 1632 1632 1639 1647 1647 1655 1663 1663 1671
    1680 1680 1688 1696 1696 1705 1713 1713 1722 1722 1731 1731 1739
    1748 1748 1748 5056 5056 4983 4911 4911 4911 4911 4842 4842 4842
    4842 4842 1663 1655 1639 1632 1624 1616 1609 1609 1609 1609 1609
    1609 1609 1616 1624 1624 1632 1632 1632 1639 1647 1655 1655 1663
    1663 1671 1680 1680 1688 1696 1696 1705 1713 1713 1722 1722 1722
    1731 1731 1748 1748 1757 1757 5132 5056 4911 4911 4911 4911 4842
    4842 4842 4842 4842 1671 1663 1647 1647 1632 1624 1616 1609 1609
    1609 1609 1609 1616 1624 1624 1624 1624 1632 1632 1639 1647 1647
    1655 1663 1671 1680 1680 1680 1688 1688 1696 1705 1713 1713 1722
    1722 1722 1731 1731 1739 1739 1748 1748 5132 5132 4911 4911 4911
    4911 4911 4911 4842 4842 4842 1680 1663 1663 1655 1647 1632 1624
    1616 1616 1609 1609 1616 1616 1616 1616 1624 1624 1632 1632 1639
    1647 1647 1655 1663 1663 1671 1680 1688 1688 1688 1696 1705 1713
    1713 1722 1722 1731 1731 1731 1739 1739 1739 1739 1739 4911 4911
    4911 4911 4911 4911 4911 4911 4911 4842 1671 1671 1663 1663 1655
    1639 1632 1624 1616 1616 1616 1616 1616 1616 1616 1624 1624 1632
    1632 1639 1639 1655 1655 1655 1663 1671 1680 1680 1688 1696 1696
    1705 1705 1713 1722 1722 1731 1731 1731 1739 1739 1739 1739 1739
    4911 4911 4911 4911 4911 4911 4911 4911 4911 4842 1671 1671 1671
    1663 1663 1647 1639 1624 1616 1616 1616 1616 1616 1616 1616 1624
    1632 1632 1639 1639 1639 1655 1655 1655 1663 1671 1680 1680 1688
    1696 1696 1705 1705 1713 1722 1722 1731 1731 1739 1739 1739 1739
    1739 1739 4911 4911 4911 4911 4911 4911 4911 4911 4911 4842 1688
    1688 1671 1663 1663 1663 1639 1624 1616 1616 1616 1616 1616 1616
    1616 1624 1632 1632 1639 1639 1647 1655 1655 1655 1663 1671 1680
    1688 1688 1696 1696 1696 1705 1722 1722 1722 1731 1731 1739 1739
    1748 1748 1748 1757 4911 4911 4911 4911 4911 4911 4911 4911 4911
    4911 4295 1680 1680 1671 1663 1663 1647 1632 1624 1624 1616 1616
    1616 1624 1624 1624 1632 1632 1639 1639 1647 1655 1655 1655 1663
    1671 1680 1688 1688 1696 1696 1696 1705 1722 1722 1722 1731 1731
    1739 1739 1748 1748 1748 1757 1757 4983 4911 4911 4911 4911 4911
    4911 4911 4911 4295 1688 1688 1680 1671 1663 1647 1639 1624 1624
    1624 1624 1624 1624 1624 1624 1632 1632 1639 1647 1655 1655 1655
    1655 1663 1671 1688 1688 1688 1696 1696 1696 1705 1713 1722 1722
    1731 1731 1739 1739 1748 1748 1748 1757 1757 5056 4983 4983 4911
    4911 4911 4911 4911 4911 4241 4241 1688 1688 1671 1663 1655 1639
    1632 1624 1624 1624 1624 1624 1624 1632 1632 1632 1632 1647 1655
    1655 1655 1663 1663 1671 1688 1688 1688 1696 1696 1696 1705 1713
    1722 1722 1731 1731 1739 1739 1748 1748 1757 1757 1757 5056 4983
    4983 4983 4911 4911 4911 4911 4911 4241 4241 1688 1688 1680 1663
    1655 1639 1632 1632 1624 1624 1624 1624 1624 1632 1632 1632 1632
    1639 1655 1655 1655 1663 1663 1680 1688 1688 1688 1696 1696 1696
    1705 1713 1722 1731 1731 1731 1731 1739 1748 1748 1757 1757 1757
    1757 5056 5056 4983 4983 4983 4911 4911 4911 4241 4295 1696 1688
    1680 1663 1655 1647 1639 1632 1624 1624 1624 1624 1624 1632 1632
    1632 1632 1639 1655 1655 1655 1663 1663 1680 1688 1688 1688 1696
    1696 1696 1705 1713 1722 1731 1731 1731 1731 1739 1748 1748 1757
    1757 1757 1766 5132 5056 4983 4983 4911 4911 4911 4911 4295 4295
    1696 1688 1680 1663 1663 1655 1639 1632 1632 1632 1624 1624 1624
    1632 1632 1632 1639 1639 1655 1655 1655 1663 1663 1680 1688 1688
    1696 1696 1696 1696 1705 1713 1722 1731 1731 1731 1739 1748 1748
    1748 1757 1757 1766 1766 1766 5132 5056 4983 4911 4911 4911 4911
    4295 4295 4295 1696 1688 1671 1663 1655 1647 1639 1639 1632 1632
    1624 1624 1632 1632 1632 1639 1639 1655 1655 1655 1663 1663 1671
    1688 1688 1688 1688 1696 1696 1705 1713 1722 1731 1731 1731 1731
    1748 1757 1757 1757 1766 1766 1766 1766 5056 5056 4983 4911 4911
    4911 4911 4295 4295 4295 1696 1688 1671 1663 1655 1655 1647 1639
    1632 1632 1624 1624 1632 1632 1632 1639 1639 1655 1655 1655 1663
    1663 1671 1680 1688 1688 1688 1696 1696 1705 1713 1722 1731 1731
    1731 1731 1748 1757 1757 1757 1766 1766 1766 1766 4911 4911 4983
    4983 4983 4911 4911 4241 4241 4241 1696 1696 1680 1671 1663 1655
    1647 1639 1632 1632 1624 1624 1632 1632 1632 1647 1647 1655 1655
    1655 1663 1663 1671 1680 1688 1696 1696 1696 1696 1705 1722 1722
    1722 1722 1731 1731 1748 1757 1757 1757 1766 1766 1766 1766 4842
    4842 4842 4983 4983 4911 4911 4241 4241 4241 1696 1696 1688 1688
    1663 1663 1655 1647 1639 1632 1624 1624 1632 1632 1632 1639 1647
    1655 1655 1655 1663 1663 1671 1680 1680 1688 1696 1696 1705 1713
    1713 1722 1722 1722 1731 1731 1748 1757 1757 1757 1766 1766 1766
    1766 4842 4842 4842 5056 5056 4983 4983 4295 4295 4295 1705 1696
    1696 1688 1671 1663 1655 1655 1647 1632 1624 1624 1624 1624 1632
    1639 1647 1655 1655 1655 1663 1663 1671 1680 1680 1688 1696 1696
