<?xml version="1.0"?>
<opencv_storage>
<Depth17557 type_id="opencv-matrix">
  <rows>162</rows>
  <cols>86</cols>
  <dt>w</dt>
  <data>
    3092 3092 3120 3120 3120 3120 3120 3120 3149 3149 3178 3178 3178
    3178 3178 3178 3178 3208 3208 3208 3208 3208 3208 3208 3238 3238
    3238 2198 2184 2143 2129 2116 2090 2065 2053 2053 2053 2053 0 0 0 0
    0 0 0 0 0 0 0 0 0 0 0 0 0 0 0 0 0 0 0 0 0 0 0 0 0 0 0 0 0 0 0 0 693
    693 694 719 719 719 719 0 0 0 0 0 3120 3120 3120 3120 3120 3120 3120
    3120 3149 3149 3178 3178 3178 3178 3178 3178 3178 3208 3208 3208
    3208 3208 3208 3208 3238 3238 3238 3238 2184 2156 2129 2129 2129
    2078 2078 0 0 0 0 0 0 0 0 0 0 0 0 0 0 0 0 0 0 0 0 0 0 0 0 0 0 0 0 0
    0 0 0 0 0 0 0 0 0 693 693 693 694 696 717 717 719 0 0 0 0 0 3120
    3120 3120 3120 3120 3120 3120 3120 3149 3178 3178 3178 3178 3178
    3178 3178 3178 3208 3208 3208 3208 3208 3178 3178 3208 3238 3238 0 0
    2156 2156 0 0 0 0 0 0 0 0 0 0 0 0 0 0 0 0 0 0 0 0 0 0 0 0 0 0 0 0 0
    0 0 0 0 0 0 0 0 0 0 0 0 683 683 686 693 694 696 717 717 720 0 0 0 0
    0 3120 3120 3120 3120 3120 3120 3120 3120 3149 3178 3178 3178 3178
    3178 3208 3178 3178 3208 3208 3208 3238 3208 3178 3178 3208 0 0 0 0
    0 0 0 0 0 0 0 0 0 0 0 0 0 0 0 0 0 0 0 0 0 0 0 0 0 0 0 0 0 0 0 0 0 0
    0 643 643 643 0 0 0 0 0 683 683 686 693 694 696 719 719 720 0 0 0 0
    0 3120 3120 3120 3120 3092 3092 3120 3120 3149 3178 3178 3178 3178
    3178 0 0 0 0 0 0 0 0 0 0 0 0 0 0 0 0 0 0 0 0 0 0 0 0 0 0 0 0 0 0 0 0
    0 0 0 0 0 0 0 0 0 0 0 0 0 0 0 0 0 0 643 643 643 643 646 0 0 0 683
    683 686 693 694 696 710 714 723 0 0 0 0 0 3120 3120 3120 3092 3092
    3092 3120 3120 3149 3178 3178 3178 3178 3178 0 0 0 0 0 0 0 0 0 0 0 0
    0 0 0 0 0 0 0 0 0 0 0 0 0 0 0 0 0 0 0 0 0 0 0 0 0 0 0 0 0 0 0 0 0 0
    0 0 0 0 643 643 643 643 646 646 0 683 683 683 684 693 696 697 706
    711 713 0 0 0 0 0 3120 3120 3120 3092 3092 3064 3064 3092 3149 3178
    3178 3178 3178 0 0 0 0 0 0 0 0 0 0 0 570 566 566 0 0 0 0 0 0 0 0 0 0
    0 0 0 0 0 0 0 0 0 0 0 0 0 0 0 0 0 0 0 0 0 0 0 0 0 0 0 642 642 643
    644 646 646 0 683 683 683 684 694 696 700 706 710 710 0 0 0 0 0 3149
    3149 3149 3120 3092 3064 3064 3092 3092 3092 3092 580 0 0 0 0 0 0 0
    0 0 0 0 569 567 565 565 565 565 0 0 0 0 0 0 0 0 0 0 0 0 0 0 0 0 0 0
    0 0 0 0 591 591 0 0 0 0 0 0 0 0 0 634 634 641 641 642 644 647 647
    652 676 696 696 696 696 697 700 706 708 708 730 730 0 0 0 3120 0 596
    593 591 591 588 588 588 0 0 0 580 0 0 580 580 0 0 0 0 0 0 565 565
    565 565 565 565 0 0 0 0 0 0 0 0 0 0 0 0 0 0 0 0 0 0 0 579 579 581
    584 585 0 0 0 0 0 0 0 0 0 634 634 640 640 642 644 649 652 652 676
    678 696 696 696 697 700 706 708 708 730 730 0 0 0 597 596 596 593
    591 591 588 588 588 586 0 580 0 580 580 579 577 577 0 0 0 0 565 565
    565 564 563 562 559 557 557 0 0 0 547 546 546 543 543 543 0 0 0 0 0
    0 0 0 579 579 581 584 585 588 0 0 0 0 0 0 0 0 640 640 640 640 642
    644 649 652 676 676 678 680 690 696 697 701 707 708 708 730 730 0 0
    0 0 597 596 593 591 590 588 586 586 586 583 580 580 580 579 578 576
    573 572 570 569 567 565 564 563 563 561 559 558 556 552 551 551 550
    547 546 546 543 543 543 0 0 0 0 0 0 0 577 577 580 582 584 585 588 0
    0 0 0 0 0 0 0 0 641 641 641 642 646 649 652 675 675 678 680 686 693
    698 701 707 708 711 730 730 0 0 0 597 597 596 593 591 590 588 586
    586 584 583 581 580 580 579 577 576 573 572 570 569 567 565 564 562
    562 561 559 557 556 552 551 551 550 547 547 546 546 545 544 544 0 0
    0 0 0 0 577 577 581 582 584 585 585 0 0 610 610 612 615 621 631 631
    631 641 641 643 646 649 671 671 675 676 682 684 693 698 703 710 711
    714 725 0 0 0 0 601 598 596 593 592 591 589 587 586 584 583 581 580
    580 578 577 575 573 572 571 569 567 565 564 562 562 561 559 557 557
    553 552 551 550 548 547 546 546 546 544 544 0 0 0 0 0 572 572 572
    579 583 585 585 585 0 610 610 610 611 614 620 631 631 634 641 641
    643 646 647 671 671 675 676 682 684 696 700 703 711 713 714 720 0 0
    0 0 601 598 596 593 592 591 589 588 585 584 583 581 581 580 578 577
    575 574 572 571 569 567 565 565 563 563 562 561 558 558 556 554 553
    551 550 547 547 546 546 546 546 0 0 0 0 0 572 572 572 574 583 586
    589 589 597 614 614 611 611 614 620 631 631 634 640 640 643 646 647
    671 671 674 678 683 684 696 700 703 713 714 717 720 0 0 0 0 601 598
    596 594 593 592 590 588 585 584 584 583 581 581 579 577 576 574 573
    572 570 567 565 565 564 564 564 562 562 562 562 554 553 551 550 547
    547 546 546 546 546 0 0 0 0 0 572 572 572 574 574 592 597 597 597
    601 612 612 613 615 619 630 630 635 638 640 643 648 648 671 671 674
    679 683 684 700 700 701 716 717 717 720 0 0 0 0 602 600 598 595 594
    593 591 590 586 585 584 583 582 581 580 578 576 575 573 572 571 567
    566 565 565 564 564 562 562 560 560 560 552 551 550 549 547 547 546
    546 547 0 0 0 0 0 0 572 572 574 592 592 593 596 597 598 601 612 614
    616 619 630 630 637 637 641 643 650 650 671 671 674 680 683 684 698
    700 701 703 717 719 720 723 0 0 0 602 601 599 597 594 593 592 591
    589 586 585 584 583 581 580 579 577 576 574 573 572 568 566 565 565
    564 563 562 562 560 560 560 552 551 550 549 547 547 546 546 547 554
    554 0 0 0 573 573 573 576 592 592 593 595 597 597 601 609 618 618
    619 627 627 637 637 641 644 653 653 671 671 674 682 683 684 698 700
    701 703 717 720 723 723 0 0 0 603 602 600 598 595 593 593 592 590
    588 586 585 584 582 581 579 578 577 576 574 572 569 567 565 565 564
    563 562 562 560 560 560 557 551 550 549 548 547 546 546 547 554 554
    0 565 565 565 576 576 576 576 592 593 594 596 597 601 609 611 622
    622 624 627 638 638 641 644 653 653 657 671 675 682 684 686 693 701
    703 707 717 720 723 725 0 0 0 603 602 600 598 595 594 593 593 592
    590 589 586 585 583 581 580 579 577 576 575 572 569 568 568 565 564
    563 562 562 560 558 557 557 552 551 550 549 547 546 546 546 554 554
    554 565 565 565 577 577 576 576 592 593 594 596 597 608 609 610 624
    624 624 632 637 637 641 643 652 652 657 678 678 682 684 688 693 700
    703 710 717 722 723 725 0 0 0 603 602 600 599 597 595 595 595 594
    591 589 588 586 584 583 581 579 578 577 576 573 570 569 568 567 565
    564 563 563 560 558 557 557 554 553 551 549 548 546 546 546 554 554
    554 565 565 565 579 579 579 588 589 589 593 597 597 608 609 610 624
    624 627 632 637 637 641 643 652 652 655 679 679 683 686 688 691 700
    710 714 717 722 725 727 0 0 0 604 603 601 600 598 596 596 595 594
    591 589 588 587 585 584 582 580 579 577 576 573 572 569 568 568 565
    565 564 563 561 559 558 556 554 554 553 551 551 550 550 550 551 554
    554 565 565 568 571 576 580 588 589 589 593 607 607 608 609 610 627
    627 627 632 638 638 642 644 654 654 655 675 679 683 686 688 691 697
    710 714 719 722 725 727 0 0 0 604 603 601 600 599 597 597 596 594
    592 590 588 587 585 584 583 581 580 578 577 574 572 570 569 568 567
    566 565 564 562 561 559 556 554 554 554 551 551 550 550 550 551 551
    566 566 566 568 571 576 588 588 588 589 590 606 606 608 609 611 611
    628 628 631 638 638 643 654 654 654 655 675 678 683 686 690 691 697
    711 714 719 722 725 0 0 0 0 604 603 601 601 599 598 597 596 594 592
    590 588 588 585 584 583 581 580 579 577 574 573 571 569 568 568 567
    565 564 563 562 561 557 554 554 554 553 551 551 551 551 551 554 554
    568 568 568 571 575 587 587 588 589 590 606 606 608 609 611 628 628
    628 631 637 637 646 652 653 654 654 678 678 683 686 690 694 697 711
    714 719 720 727 0 0 0 0 606 604 602 602 600 599 598 596 594 593 591
    588 588 587 585 584 582 581 580 578 576 573 571 570 569 568 567 565
    565 564 562 561 560 555 554 554 554 552 550 550 551 551 554 554 568
    568 568 571 575 583 584 586 589 590 604 606 608 610 612 614 628 629
    631 632 637 647 652 653 654 654 679 679 683 684 690 694 701 711 714
    717 720 727 0 0 0 0 607 604 603 602 602 599 598 597 595 594 591 588
    588 588 586 584 583 581 580 578 577 574 572 572 569 568 567 566 565
