<?xml version="1.0"?>
<opencv_storage>
<Depth12822 type_id="opencv-matrix">
  <rows>10</rows>
  <cols>17</cols>
  <dt>w</dt>
  <data>
    3238 3238 3208 3149 3149 3149 3149 3149 0 0 0 0 3178 3178 3178 0 0
    3238 3238 3238 3208 3149 3149 3149 3149 0 0 0 0 3178 3178 3178 3178
    3300 3269 3269 3269 3238 3178 3178 3208 3208 3208 0 3333 3333 3178
    3178 3178 3178 3269 3269 3269 3269 3300 3269 3269 3269 3269 3365
    3333 3333 3333 3269 3269 3238 3238 3269 3269 3269 3269 3269 3269
    3269 3269 3333 3365 3365 3365 3333 3269 3269 3269 3269 0 3269 3269
    3269 3269 3269 3269 3300 3333 3149 3120 3120 3333 3333 3333 3300
    3300 0 3269 3300 3269 3269 3269 3300 3333 3333 3149 3120 3120 3333
    3300 3300 3333 3333 3333 3300 3300 3269 3269 3269 3333 3365 3333
    3300 3269 3269 3300 3300 3300 3333 3333 3333 3333 3300 3300 3300
    3300 3333 3365 3333 3300 3300 3300 3300 3269 3269 3333 3333 3300 0 0
    0 3333 3333 3365 3365 3333 3333 3333 3269 3269 3269 3269 3300 3333
    3300</data></Depth12822>
</opencv_storage>
