<?xml version="1.0"?>
<opencv_storage>
<Depth10035 type_id="opencv-matrix">
  <rows>96</rows>
  <cols>80</cols>
  <dt>w</dt>
  <data>
    0 767 767 766 762 761 761 759 757 755 755 752 750 750 746 744 744
    742 739 738 738 734 734 731 731 727 725 725 725 727 731 731 736 739
    742 744 747 752 755 757 762 766 771 771 774 781 787 787 792 796 800
    802 803 811 819 823 823 827 829 837 839 845 847 849 860 864 867 869
    875 880 885 889 896 896 906 908 910 913 915 0 0 767 767 766 764 762
    761 757 757 755 755 752 750 750 746 744 742 742 739 738 738 734 734
    731 731 727 725 725 725 727 731 731 736 738 741 744 747 752 755 757
    762 767 771 773 774 780 787 789 792 796 800 802 803 813 819 823 823
    827 829 835 839 841 847 849 858 864 867 869 875 880 885 887 896 896
    903 908 910 913 915 0 766 767 766 764 762 762 761 757 757 755 754
    754 750 746 744 744 742 741 739 738 738 734 734 731 731 727 725 725
    727 728 731 731 736 738 741 744 747 752 755 757 762 767 771 773 774
    780 785 789 792 796 798 802 803 815 819 821 823 827 829 835 839 841
    847 849 856 860 867 871 873 873 885 887 896 898 903 906 910 913 915
    0 766 767 766 764 762 762 761 757 757 755 754 754 750 746 744 744
    742 741 739 738 738 736 733 733 731 727 725 725 727 728 731 731 736
    738 741 744 747 750 755 757 761 766 771 773 778 780 783 787 790 794
    798 802 805 815 817 821 823 827 831 835 839 845 847 849 856 858 862
    871 873 873 882 887 891 898 901 906 910 913 915 0 0 767 766 764 762
    761 761 759 757 755 754 754 750 746 744 744 742 739 739 738 738 736
    733 731 731 727 725 725 725 728 733 733 736 736 739 744 747 750 754
    757 761 764 769 776 778 780 783 787 790 794 798 802 807 815 817 821
    823 827 831 835 839 845 847 851 856 858 862 871 873 880 882 887 891
    898 901 906 910 913 915 0 0 767 766 764 762 761 761 759 757 755 755
    754 752 746 744 742 741 739 739 738 736 734 734 731 731 727 725 725
    725 728 733 734 736 736 739 744 749 752 754 757 761 764 769 776 778
    780 785 787 790 794 798 802 807 815 817 821 823 825 831 835 841 843
    847 851 856 858 862 869 875 880 882 887 891 896 901 908 910 913 915
    920 0 767 766 764 762 761 761 757 757 755 755 754 750 746 744 742
    741 741 738 738 736 733 733 731 731 727 727 727 727 728 730 734 736
    738 739 744 749 750 754 759 761 764 771 778 780 781 785 787 790 794
    798 802 807 815 815 817 821 825 831 837 841 841 845 851 858 860 862
    869 873 878 882 887 891 896 903 906 910 915 915 920 0 767 767 766
    764 762 762 757 757 755 755 754 750 746 744 742 741 739 738 736 736
    733 733 731 728 727 725 725 725 728 730 734 738 738 739 744 749 750
    754 759 761 764 771 778 780 781 785 787 790 794 800 803 807 813 815
    817 821 825 831 837 839 841 845 851 858 860 864 869 873 878 882 887
    891 896 901 906 913 918 918 920 769 767 766 766 764 762 761 757 757
    755 755 752 750 749 744 742 741 739 738 736 736 733 733 731 728 725
    725 725 725 727 733 734 738 741 741 744 749 752 754 759 762 764 769
    778 780 781 785 787 789 792 800 805 807 813 815 817 821 825 831 835
    839 841 845 854 860 862 867 869 873 878 882 887 891 894 901 903 910
    918 920 923 766 766 766 764 764 762 761 757 757 755 754 750 749 749
    744 742 742 739 738 736 736 733 733 731 728 725 725 725 725 727 731
    734 738 741 741 744 749 750 754 759 762 764 769 773 778 781 785 787
    789 792 800 805 807 813 815 817 819 827 831 835 837 841 845 854 858
    862 867 869 873 878 882 889 891 894 901 903 910 915 918 923 766 764
    764 764 762 762 762 757 757 755 752 750 749 746 744 742 742 739 738
    736 736 734 733 731 731 725 723 723 723 725 730 733 738 742 742 746
    747 750 754 759 762 764 769 773 778 783 785 787 789 792 798 805 809
    813 815 817 819 825 831 833 835 841 845 854 858 862 867 869 873 875
    880 889 891 896 898 903 910 913 918 920 766 764 764 762 762 761 761
    757 757 755 752 750 749 746 744 742 741 739 738 736 736 736 733 731
    728 725 723 723 723 725 730 733 734 741 742 746 747 750 754 757 761
    764 771 776 778 781 785 787 790 792 796 802 809 813 815 817 821 825
    831 833 835 839 847 854 858 860 864 871 873 875 880 889 894 896 898
    903 910 913 915 920 0 764 764 762 762 761 761 759 757 755 754 750
    750 747 744 742 741 739 738 736 736 734 733 731 728 725 723 723 723
    725 730 733 734 739 742 746 747 749 754 757 761 764 771 776 778 780
    783 787 790 792 796 802 809 811 815 817 823 827 831 833 835 839 841
    854 858 860 864 871 873 875 880 887 894 896 901 903 908 910 913 918
    0 764 764 762 762 761 761 759 757 755 754 750 750 749 746 742 742
    741 738 736 736 734 731 730 727 725 723 723 723 725 730 731 734 739
    742 746 747 749 754 757 759 764 773 774 776 780 783 787 790 792 796
    803 809 811 815 817 823 825 829 833 835 839 841 854 858 860 864 871
    873 875 880 887 894 896 901 903 908 910 913 918 0 767 766 764 762
    761 761 759 757 755 755 750 750 749 746 742 742 739 738 736 734 733
    731 730 727 725 723 723 723 725 730 731 734 738 741 746 747 750 754
    755 759 764 773 774 776 780 783 787 789 792 796 805 809 809 813 819
    823 825 829 833 835 839 845 851 858 860 867 869 871 875 880 887 891
    896 901 903 908 910 913 920 0 767 766 764 762 761 761 759 757 755
    754 750 750 746 744 742 742 739 738 736 734 733 731 730 727 725 723
    723 723 725 730 733 734 738 741 744 747 750 752 755 759 764 771 773
    776 780 783 787 789 792 796 805 809 809 813 819 823 827 831 833 835
    839 845 851 858 862 867 867 871 875 882 887 891 896 901 906 910 910
    913 920 0 767 766 764 762 761 761 757 757 754 752 750 750 746 744
    742 741 739 738 736 734 733 731 731 727 725 723 723 723 725 730 733
    734 738 739 744 747 750 750 755 759 766 771 773 774 781 785 787 789
    792 794 805 809 809 813 819 823 827 831 833 837 839 845 851 856 862
    867 867 871 875 882 887 891 896 901 906 910 910 915 0 0 766 766 764
    762 761 761 757 757 754 752 750 749 746 744 742 741 739 736 736 734
    733 731 731 727 723 723 723 723 725 728 733 736 738 739 744 746 749
    750 755 759 764 769 773 774 780 781 787 790 792 794 798 809 811 815
    819 821 827 831 833 837 841 845 849 856 860 864 867 871 875 882 885
    889 896 901 906 910 913 915 0 0 766 766 762 762 761 761 759 757 755
    754 750 749 749 744 744 741 739 736 736 734 733 731 731 727 723 723
    723 723 725 727 731 736 738 741 744 746 749 752 757 759 764 767 773
    776 778 781 787 790 792 794 794 809 811 815 817 819 825 831 833 837
    841 845 849 856 858 862 867 873 875 880 885 889 896 901 906 908 913
    915 0 0 766 766 762 762 761 761 757 755 755 752 750 749 749 744 744
    741 741 738 736 733 733 731 731 728 725 723 723 725 725 727 731 736
    738 742 744 746 749 754 757 759 762 767 773 776 778 781 787 790 792
    794 794 805 811 815 817 819 825 831 833 837 843 845 849 856 858 862
    867 873 875 880 885 891 894 898 903 908 913 915 923 769 766 766 764
    762 761 759 757 755 755 752 750 749 747 746 744 741 741 738 736 733
    733 731 731 728 725 723 723 725 725 728 731 736 738 741 744 746 749
    754 757 759 762 766 773 776 778 781 787 790 792 794 798 805 809 815
    815 819 825 829 833 837 841 845 849 856 858 862 867 871 875 880 885
    891 894 898 903 908 910 915 920 769 767 766 766 762 761 759 757 755
    754 752 750 750 747 746 744 741 741 739 736 731 731 731 731 728 725
    723 723 725 725 730 733 734 738 741 744 746 749 754 757 761 762 766
    769 776 780 781 787 790 792 794 798 805 809 815 815 821 825 829 833
    837 841 843 849 856 860 862 867 871 875 878 887 891 894 898 903 906
    910 915 920 769 767 767 766 762 761 759 757 755 754 752 750 750 747
    746 744 741 739 738 736 731 731 731 731 728 725 723 723 725 725 730
    733 734 738 739 744 747 750 752 757 761 764 766 769 776 780 783 787
    790 792 794 800 805 809 813 815 821 825 829 833 839 841 843 849 856
    860 862 867 871 875 878 882 891 894 898 901 906 910 918 923 769 767
    767 766 762 759 757 757 755 755 752 750 750 747 746 744 741 739 738
