<?xml version="1.0"?>
<opencv_storage>
<Depth11883 type_id="opencv-matrix">
  <rows>8</rows>
  <cols>44</cols>
  <dt>w</dt>
  <data>
    0 0 0 0 0 0 0 0 0 0 0 0 0 0 0 0 0 0 0 0 0 0 0 0 0 5640 5548 5548
    5548 5460 5460 5548 5548 5548 5548 5548 5548 5548 5640 5640 5548
    5548 5548 5460 0 0 0 0 0 0 0 0 0 0 0 0 0 0 5734 5734 5832 5734 5640
    5640 5548 5548 0 5832 5640 5640 5548 5548 5548 5460 5460 5548 5548
    5548 5548 5548 5548 5548 5640 5640 5640 5548 5548 5548 0 0 0 0 0 0
    5832 5832 5933 5832 5734 5734 5734 5734 5734 5734 5734 5734 5640
    5640 5548 5548 5734 5832 5640 5640 5548 5548 5548 5548 5548 5548
    5548 5640 5548 5548 5548 5548 5548 5640 5734 5640 5640 5640 0 0 0
    5734 5734 5832 5832 5832 5832 5832 5734 5734 5734 5734 5734 5734
    5734 5734 5734 5734 5734 5734 5734 5832 5734 5640 5640 5640 5640
    5640 5640 5640 5640 5640 5548 5460 5460 5548 5548 0 0 0 5640 5640
    5734 5734 5734 5734 5734 5832 5832 5832 5832 5832 5832 5734 5734
    5832 5832 5832 5734 5734 5734 5734 5734 5832 5832 5832 5734 5548
    5548 5548 5640 5640 5640 5640 5640 5640 5548 5460 5460 0 0 0 0 0 0 0
    5734 5734 5734 5734 5734 5832 5832 5832 5832 5832 5832 5832 5832
    5832 5933 5933 5734 5734 5734 5734 5734 5832 5832 5832 0 5548 5548
    5548 5640 0 0 0 0 0 0 0 0 0 0 0 0 0 0 0 5734 5734 5734 5734 5734
    5832 5832 5832 5832 5832 5832 5832 5933 5933 6038 6038 6038 0 0 0 0
    5832 5832 5832 0 0 0 0 0 0 0 0 0 0 0 0 0 0 0 0 0 0 0 0 5832 5734
    5734 5832 5832 5933 5933 5933 5933 5933 5933 5933 6259 6259 6375
    6375 0 0 0 0 0 0 0 0 0 0 0 0 0 0 0 0 0 0 0 0 0 0 0 0 0 0 0 0</data></Depth11883>
</opencv_storage>
