<?xml version="1.0"?>
<opencv_storage>
<Depth5402 type_id="opencv-matrix">
  <rows>11</rows>
  <cols>17</cols>
  <dt>w</dt>
  <data>
    4405 4405 4405 4405 4463 4582 4645 4645 4645 4645 4645 4645 4645
    4708 4708 4708 4774 4463 4405 4405 4405 4405 4405 4405 4405 4405
    4405 4645 4645 4645 4645 4645 4645 4774 4463 4405 4405 4349 4349
    4349 4349 4349 4349 4349 4349 4405 4405 4405 4405 4463 4645 4463
    4405 4405 4349 4349 4349 4349 4295 4295 4295 4295 4349 4349 4349
    4349 4405 4645 4463 4463 4463 4349 4349 4349 4349 4295 4295 4295
    4295 4295 4295 4295 4349 4349 4645 4463 4405 4405 4349 4349 4349
    4349 4295 4295 4241 4241 4295 4295 4295 4349 4349 4582 4190 4349
    4349 4349 4349 4349 4349 4295 4295 4241 4241 4241 4241 4241 4295
    4295 4463 4190 4349 4190 4190 4190 4349 4349 4295 4241 4241 4241
    4241 4241 4241 4241 4295 4405 4405 4349 4190 4190 4190 4349 4349
    4295 4241 4190 4190 4241 4241 4241 4241 4241 4349 4349 4349 4349
    4349 4349 4241 4241 4241 4241 4190 4190 4241 4241 4241 4241 4241
    4295 4349 4349 4349 0 0 0 4241 4241 4241 4190 4190 4241 4241 4241
    4241 4241 4241</data></Depth5402>
</opencv_storage>
