<?xml version="1.0"?>
<opencv_storage>
<Depth13082 type_id="opencv-matrix">
  <rows>10</rows>
  <cols>8</cols>
  <dt>w</dt>
  <data>
    6889 6889 6889 0 6622 6622 6622 6622 6889 6889 6753 6753 6622 6622
    6622 6497 6753 6753 6753 6753 6622 6497 6497 6497 6622 6622 6622
    6622 6622 6497 6497 6622 6622 6622 6622 6622 6622 6497 6497 6622
    6622 6622 6622 6622 6622 6497 6497 6622 6753 6753 6622 6622 6622
    6622 6622 6622 6622 6622 6622 6622 6497 6497 6497 6497 6889 6622
    6497 6497 6497 6497 6375 6375 6889 6622 6497 6497 6497 6375 6375
    6375</data></Depth13082>
</opencv_storage>
