<?xml version="1.0"?>
<opencv_storage>
<Depth12692 type_id="opencv-matrix">
  <rows>9</rows>
  <cols>27</cols>
  <dt>w</dt>
  <data>
    6753 6753 6622 6497 6497 6497 6497 6622 6753 6753 6753 6889 6753
    6753 6375 6038 6038 6146 5640 5640 5640 5640 5640 5460 5460 3948
    3859 6622 6622 6497 6259 6259 6259 6259 6146 6038 6038 6038 5734
    5640 5640 5640 5548 5548 5548 5548 5548 5548 5548 5548 5460 5460
    5460 3859 6146 6038 5933 5832 5734 5734 5734 5734 5734 5640 5640
    5640 5640 5640 5640 5548 5548 5548 5548 5548 5548 5460 5460 5460
    5460 5460 5460 5933 5734 5734 5640 5640 5734 5640 5640 5734 5640
    5640 5640 5548 5548 5548 5548 5548 5548 5548 5548 5548 5460 5460
    5460 5460 5460 5460 5640 5640 5640 5640 5640 5640 5640 5640 5734
    5734 5640 5640 5548 5548 5548 5548 5548 5548 5548 5548 5548 5460
    5460 5374 5374 5374 5460 5640 5640 5640 5548 5548 5548 5548 5640
    5640 5640 5640 5640 5640 5548 5548 5548 5548 5548 5548 5548 5548
    5460 5374 5374 5374 5374 5548 5548 5548 5548 5548 5548 5548 5548
    5640 5640 5640 5640 5548 5548 5548 5548 5548 5548 5548 5548 5548
    5460 5374 5374 5374 5374 3653 3653 5548 5548 5548 5548 5548 5548
    5640 5640 5640 5640 5640 5548 5548 5548 5548 5548 5548 5548 5548
    5548 5374 5374 5374 5374 5374 3653 3653 5548 5548 5548 5548 5548
    5548 5548 5548 5640 5640 5640 5548 5548 5548 5548 5548 5548 5548
    5548 5548 5374 5374 5374 5460 5460 3653 3653</data></Depth12692>
</opencv_storage>
