<?xml version="1.0"?>
<opencv_storage>
<Depth4400 type_id="opencv-matrix">
  <rows>39</rows>
  <cols>32</cols>
  <dt>w</dt>
  <data>
    5933 5933 5933 5933 5933 5933 5933 5933 5933 2639 2639 2639 2639
    2659 2680 2659 2639 2618 2598 2598 2598 2598 2618 2659 2659 5832
    5832 5933 6038 5933 5933 5933 5933 5933 5933 5832 5832 5832 2680
    2659 2659 2639 2639 2639 2639 2659 2659 2659 2639 2618 2618 2618
    2618 2618 2618 2639 2639 5933 5933 5933 5933 5933 5933 5933 5933
    6038 5933 5832 5832 2680 2659 2659 2659 2659 2639 2639 2639 2659
    2659 2659 2639 2639 2618 2618 2618 2618 2618 2618 2639 2639 6038
    6038 5933 5933 5933 5933 6038 6038 2701 2701 2701 2680 2659 2659
    2659 2659 2639 2639 2639 2659 2659 2659 2639 2639 2639 2618 2618
    2639 2618 2618 2598 2598 6038 5933 5933 5933 5933 5933 2659 2639
    2639 2659 2659 2680 2659 2659 2659 2659 2639 2639 2639 2659 2659
    2659 2659 2639 2639 2639 2639 2639 2639 2639 2598 2598 5933 5933
    5933 5933 5933 5933 2659 2639 2639 2659 2659 2659 2659 2659 2659
    2659 2639 2639 2639 2659 2659 2659 2659 2659 2659 2659 2639 2639
    2639 2639 2579 2579 5933 5933 5933 5933 5933 5933 2680 2680 2680
    2680 2659 2659 2659 2659 2659 2659 2659 2659 2659 2659 2659 2659
    2659 2659 2659 2659 2639 2639 2618 2618 2579 2579 6038 6038 6038
    6038 6038 6038 2680 2680 2680 2680 2659 2659 2659 2659 2659 2659
    2659 2639 2639 2659 2659 2659 2659 2659 2659 2639 2639 2618 2618
    2618 2598 2598 6146 6038 6038 6038 6038 6038 2680 2701 2680 2680
    2659 2659 2680 2659 2659 2659 2659 2639 2639 2659 2659 2659 2659
    2659 2659 2639 2639 2618 2618 2618 2598 2598 2598 6038 6038 6038
    6038 6038 2723 2701 2680 2680 2659 2659 2680 2680 2659 2659 2659
    2639 2639 2659 2659 2659 2659 2659 2639 2639 2639 2618 2618 2618
    2598 2598 2598 6146 6038 6038 6038 6038 2723 2701 2680 2680 2680
    2680 2680 2680 2659 2659 2659 2659 2659 2680 2659 2659 2659 2639
    2639 2639 2639 2618 2618 2618 2598 2598 2639 6038 6038 5933 5933
    5933 2723 2701 2701 2701 2701 2680 2680 2659 2659 2659 2659 2659
    2659 2659 2659 2659 2659 2639 2639 2639 2639 2639 2639 2618 2598
    2598 2639 6038 5933 5933 5933 5933 2744 2701 2701 2701 2701 2680
    2680 2659 2659 2659 2659 2659 2659 2659 2659 2659 2639 2639 2639
    2639 2639 2639 2639 2618 2598 2598 2639 6146 5933 5933 5933 5933
    6146 2701 2701 2701 2701 2680 2680 2659 2659 2659 2659 2659 2659
    2659 2659 2659 2639 2639 2639 2659 2659 2639 2618 2618 2618 2618
    2618 2618 5933 5933 5933 5933 6146 2723 2701 2701 2701 2680 2680
    2659 2659 2659 2659 2659 2659 2659 2659 2659 2659 2659 2659 2659
    2659 2639 2618 2618 2598 2598 2618 2639 5933 5933 5933 5933 6038
    2701 2701 2701 2701 2680 2680 2680 2659 2659 2659 2659 2659 2659
    2659 2659 2659 2659 2659 2659 2639 2639 2639 2618 2598 2598 2618
    2639 6038 5933 5933 5933 6038 2701 2701 2701 2701 2680 2680 2680
    2659 2659 2659 2659 2659 2680 2680 2680 2680 2680 2659 2659 2639
    2618 2618 2618 2618 2618 2618 2618 2618 6038 6038 6038 5933 5933
    2701 2701 2701 2680 2680 2680 2680 2659 2659 2659 2659 2680 2680
    2680 2680 2659 2659 2639 2618 2618 2618 2618 2618 2618 2618 2618
    2618 2618 6146 6038 5933 5933 2701 2701 2701 2680 2680 2680 2680
    2659 2659 2659 2659 2680 2659 2659 2659 2659 2659 2639 2618 2618
    2618 2618 2639 2639 2639 2618 2618 2618 6146 6146 5933 5933 2723
    2701 2701 2680 2680 2680 2680 2659 2659 2659 2659 2680 2659 2659
    2659 2659 2659 2639 2639 2618 2618 2618 2618 2618 2618 2639 2639
    2639 6146 6146 5933 5933 2723 2701 2680 2680 2680 2680 2680 2659
    2659 2659 2659 2680 2659 2659 2659 2659 2659 2639 2639 2618 2618
    2618 2618 2618 2618 2639 2639 2639 6038 6038 5933 5933 2659 2659
    2680 2680 2680 2680 2680 2659 2659 2659 2659 2680 2680 2659 2659
    2659 2659 2659 2639 2639 2639 2618 2618 2618 2618 2639 2639 2639
    6038 6038 5933 5933 2659 2659 2680 2680 2680 2680 2680 2659 2659
    2659 2659 2680 2680 2659 2659 2659 2659 2659 2659 2639 2618 2618
    2618 2618 2618 2639 2639 2639 2639 6038 5933 5832 2680 2680 2701
    2701 2701 2701 2680 2659 2659 2659 2659 2680 2680 2659 2659 2659
    2659 2659 2659 2639 2618 2618 2618 2618 2639 2639 2639 2639 2639
    5933 5933 5832 5640 2701 2701 2701 2701 2701 2701 2680 2659 2659
    2659 2680 2680 2659 2659 2659 2659 2659 2639 2639 2639 2618 2618
    2618 2618 2639 2639 2639 2639 5933 5933 5832 5640 2701 2701 2723
    2723 2701 2701 2680 2659 2659 2659 2680 2680 2659 2659 2659 2659
    2659 2639 2639 2639 2618 2618 2618 2618 2598 2598 2618 2618 5933
    6038 5933 5933 2723 2723 2723 2723 2680 2680 2659 2659 2659 2659
    2680 2680 2659 2659 2659 2659 2659 2639 2639 2639 2639 2618 2618
    2598 2598 2598 2598 2598 5933 6038 5933 5933 5933 2723 2723 2723
    2680 2680 2659 2659 2659 2659 2680 2680 2680 2659 2659 2659 2659
    2639 2639 2639 2639 2618 2618 2598 2598 2598 2598 2618 5933 5933
    5933 5832 5832 2723 2701 2701 2680 2680 2659 2659 2659 2659 2680
    2680 2680 2680 2680 2659 2659 2659 2639 2618 2618 2618 2618 2618
    2598 2598 2598 2618 2618 5933 5832 5734 5548 5548 2701 2701 2680
    2680 2680 2680 2659 2659 2680 2680 2680 2659 2659 2680 2659 2659
    2639 2618 2618 2618 2618 2618 2598 2598 2598 2618 2618 6038 5832
    5734 5548 2680 2680 2701 2680 2680 2680 2680 2659 2659 2680 2680
    2680 2659 2659 2659 2659 2659 2659 2618 2618 2618 2618 2618 2618
    2618 2618 2598 2598 6038 5933 5832 5640 2680 2680 2701 2680 2680
    2680 2680 2680 2680 2680 2680 2680 2680 2659 2659 2659 2659 2659
    2618 2618 2618 2598 2598 2618 2598 2598 2579 2579 6038 5933 5832
    5832 5832 2723 2723 2723 2680 2680 2680 2680 2680 2680 2680 2680
    2680 2659 2659 2659 2659 2639 2639 2618 2618 2598 2598 2598 2598
    2598 2579 2579 6038 5933 5933 5933 5933 2723 2723 2723 2680 2680
    2680 2680 2680 2680 2680 2680 2680 2659 2659 2659 2659 2639 2639
    2618 2618 2598 2598 2598 2598 2598 2598 2618 6038 5933 5933 5933
    5933 5933 2723 2723 2680 2659 2659 2659 2659 2680 2680 2680 2680
    2659 2659 2659 2659 2639 2639 2618 2598 2598 2598 2598 2598 2598
    2618 2639 6038 5933 5933 5933 5933 5933 2723 2701 2680 2659 2659
    2659 2659 2680 2680 2680 2680 2659 2659 2639 2618 2618 2639 2618
    2598 2598 2579 2579 2579 2579 2618 5933 6038 5933 5933 5933 5933
    5933 2680 2680 2659 2659 2659 2659 2659 2680 2680 2659 2659 2598
    2598 2639 2618 2618 2639 2618 2598 2598 2579 2579 2579 2579 6038
    5933 6038 5933 5933 5933 5933 6038 2680 2680 2659 2659 2659 2659
    2659 2680 2659 2659 2659 2598 2598 2598 2659 2659 2659 2639 2598
    2598 6375 6038 6038 6038 6038 6038 6038 6038 6038 6038 6038 6038
    5933 2723 2659 2659 2680 2680 2680 2659 2659 2659 5933 5933 5933
    6038 2659 2659 2659 2659 2659 2659 6375 6146 6038 6038 6038 6038</data></Depth4400>
</opencv_storage>
