<?xml version="1.0"?>
<opencv_storage>
<Depth16294 type_id="opencv-matrix">
  <rows>40</rows>
  <cols>35</cols>
  <dt>w</dt>
  <data>
    4190 4190 4190 4190 4190 4190 4190 4190 4190 4190 4190 4190 4190
    4190 4190 2053 2053 2065 2065 4190 4190 4190 4190 4190 4190 4190
    4190 4190 4190 4190 4139 4139 4139 4139 4190 4190 4190 4190 4190
    4190 4190 4190 4190 4190 4190 4190 4241 2040 2028 2028 2028 2028
    2040 2040 2016 2016 2016 4190 4190 4190 4190 4190 4190 4190 4190
    4139 4139 4139 4139 4139 4241 4190 4190 4190 4190 4190 4190 4190
    4190 4190 4241 2040 2040 2028 2028 2028 2028 2016 2016 2016 2016
    2016 2016 4190 4190 4190 4190 4190 4190 4190 4139 4139 4139 4139
    4139 4241 4190 4190 4190 4190 4190 4190 4190 4190 4190 2065 2040
    2040 2028 2028 2016 2016 2016 2016 1853 1843 1833 1833 2016 2005
    2005 4139 4190 4190 4190 4190 4139 4139 4139 4139 4241 4190 4190
    4190 4190 4190 4190 4190 4190 4190 2065 2040 2028 2028 2016 2005
    1947 1926 1894 1853 1843 1833 1833 1863 1981 2005 4139 4190 4139
    4139 4190 4139 4139 4139 4139 4241 4241 4241 4190 4190 4190 4190
    4190 4190 4190 2065 2040 2028 2016 2005 1970 1926 1904 1873 1853
    1853 1853 1853 1853 1863 1915 1936 1926 1926 1894 1873 1873 1873
    4139 4139 4241 4241 4241 4190 4190 4190 4190 4190 4190 2078 2053
    2028 2028 2016 2005 1970 1926 1894 1863 1853 1853 1853 1853 1853
    1853 1863 1873 1904 1894 1883 1873 1863 1863 1863 4190 4190 4190
    4241 4190 4190 4190 4190 4190 4190 2053 2040 2028 2016 2005 1981
    1959 1915 1883 1853 1853 1853 1853 1853 1853 1853 1853 1863 1873
    1883 1883 1873 1863 1863 1863 1863 4190 4190 4190 4190 4190 4190
    4190 4190 2065 2053 2040 2028 2016 1993 1970 1959 1904 1883 1853
    1853 1853 1853 1853 1843 1843 1843 1853 1853 1863 1863 1863 1863
    1853 1853 1853 4190 4190 4190 4190 4190 4190 4190 4190 2065 2053
    2040 2028 2005 1981 1959 1936 1894 1853 1853 1853 1853 1853 1853
    1843 1843 1843 1843 1843 1853 1853 1863 1853 1853 1853 1853 4190
    4190 4190 4190 4190 4190 4190 4190 2053 2040 2028 2016 2005 1970
    1947 1915 1894 1853 1853 1853 1853 1853 1853 1843 1843 1843 1843
    1843 1843 1853 1853 1853 1853 1843 1843 4190 4190 4190 4190 4190
    4190 4190 4190 2053 2040 2028 2016 1993 1970 1936 1904 1853 1853
    1853 1853 1853 1853 1853 1843 1843 1843 1843 1843 1843 1843 1853
    1843 1843 1843 1843 4190 4190 4190 4190 4190 4190 4190 2040 2040
    2028 2028 2005 1981 1959 1926 1894 1853 1853 1853 1853 1853 1853
    1843 1843 1843 1843 1843 1843 1843 1843 1843 1843 1843 1843 1843
    4190 4190 4190 4190 4190 4190 4190 2028 2028 2028 2016 2005 1970
    1947 1915 1894 1853 1853 1853 1853 1853 1843 1843 1843 1843 1843
    1843 1843 1843 1843 1843 1843 1843 1843 1843 4190 4190 4190 4190
    4190 4190 2053 2028 2028 2016 2005 1981 1970 1936 1904 1883 1853
    1853 1853 1853 1843 1843 1843 1843 1843 1843 1843 1843 1843 1843
    1843 1843 1833 1833 1843 4190 4190 4190 4190 4190 4190 2040 2040
    2028 2016 2005 1981 1959 1904 1883 1853 1853 1853 1843 1843 1843
    1843 1843 1843 1843 1843 1843 1843 1843 1843 1843 1833 1823 1823
    1843 4190 4190 4190 4190 4190 4190 2040 2028 2016 2005 1993 1981
    1947 1894 1873 1853 1853 1843 1843 1843 1843 1843 1843 1843 1843
    1843 1843 1843 1843 1843 1843 1833 1823 1823 1823 4190 4190 4190
    4190 4190 2065 2053 2028 2016 2005 1993 1970 1926 1883 1873 1853
    1843 1843 1843 1843 1843 1833 1833 1833 1843 1843 1843 1843 1843
    1843 1833 1813 1813 1823 1823 4190 4190 4190 4190 4190 2065 2040
    2028 2016 2005 1981 1959 1904 1883 1853 1853 1843 1843 1843 1843
    1833 1833 1833 1833 1833 1843 1843 1833 1833 1833 1833 1813 1813
    1813 4139 4190 4190 4190 4190 2016 2016 2028 2016 2005 1981 1970
    1947 1904 1873 1853 1843 1843 1843 1833 1833 1833 1833 1833 1833
    1833 1833 1833 1833 1833 1833 1833 1813 1813 1813 4190 4190 4190
    4190 4190 2016 2016 2016 2005 1981 1970 1947 1904 1873 1853 1853
    1843 1843 1843 1833 1833 1833 1833 1833 1833 1833 1833 1833 1833
    1833 1833 1833 1833 1833 4139 4139 4190 4190 4190 4190 2016 2016
    2016 1993 1981 1959 1936 1894 1853 1853 1843 1843 1843 1843 1833
    1833 1833 1833 1833 1833 1833 1833 1833 1833 1833 1833 1833 1833
    1833 4139 4139 4190 4139 4139 4139 2028 2028 2005 1981 1970 1947
    1926 1883 1853 1843 1843 1843 1843 1833 1833 1833 1833 1833 1833
    1833 1833 1833 1833 1823 1823 1823 1823 1823 1823 4089 4089 4139
    4139 4139 2028 2028 2016 2005 1981 1970 1936 1904 1873 1843 1843
    1843 1843 1843 1833 1833 1833 1823 1823 1823 1823 1823 1823 1823
    1823 1823 1823 1823 1823 1823 4041 4041 4139 4089 4089 2028 2016
    2005 1993 1970 1947 1915 1894 1853 1843 1843 1833 1833 1833 1823
    1823 1823 1823 1823 1823 1823 1823 1823 1823 1823 1823 1813 1813
    1823 4139 4041 4041 4139 4089 4089 2016 2016 2005 1981 1959 1926
    1904 1873 1853 1843 1843 1833 1833 1833 1823 1823 1823 1823 1823
    1833 1833 1833 1823 1823 1823 1823 1813 1813 1813 4089 4041 4041
    4139 4089 4089 2016 2005 1993 1981 1959 1926 1904 1863 1843 1843
    1833 1833 1833 1833 1823 1823 1823 1823 1823 1833 1833 1833 1833
    1823 1823 1833 1823 1823 1823 4041 4041 4041 4089 4089 4089 2016
    2005 1981 1970 1959 1926 1894 1863 1843 1833 1833 1833 1833 1833
    1823 1823 1823 1823 1823 1833 1833 1833 1833 1823 1823 1833 1823
    1823 1823 4041 4041 4041 4089 4089 4089 2016 1993 1981 1970 1959
    1926 1883 1853 1843 1833 1833 1833 1833 1833 1823 1823 1823 1823
    1823 1833 1823 1823 1823 1813 1813 1823 1823 1823 1823 4041 4041
    4041 4089 4041 2028 2005 1981 1981 1959 1959 1915 1883 1853 1833
    1833 1833 1823 1823 1833 1823 1813 1813 1823 1823 1823 1823 1813
    1813 1813 1813 1813 1823 1823 4041 4041 4041 4041 4041 2065 2028
    2005 1981 1970 1959 1936 1894 1873 1843 1833 1823 1823 1823 1823
    1823 1813 1813 1813 1813 1823 1823 1813 1813 1813 1813 1813 1813
    1813 1813 4041 4041 4041 4041 4041 2040 2016 2005 1981 1970 1947
    1915 1873 1863 1833 1823 1823 1813 1813 1813 1813 1813 1813 1813
    1813 1813 1813 1813 1813 1813 1813 1804 1804 1804 1804 4041 4041
    4041 4041 4089 2040 2016 2005 1981 1970 1936 1894 1863 1853 1833
    1823 1813 1813 1813 1813 1813 1813 1813 1813 1813 1813 1813 1813
    1813 1813 1813 1804 1804 1804 1804 4041 4041 4041 4041 4089 2028
    2016 1993 1970 1947 1915 1883 1853 1843 1823 1813 1813 1813 1813
    1813 1813 1813 1813 1813 1813 1813 1813 1813 1813 1813 1813 1813
    1804 1804 1804 4041 4041 4041 4041 2016 2016 2016 1993 1959 1926
    1894 1873 1853 1833 1813 1813 1813 1813 1813 1813 1813 1813 1813
    1823 1813 1813 1813 1813 1813 1813 1813 1813 1804 1804 4089 4089
    4041 4041 4041 2016 2016 1993 1970 1947 1915 1894 1863 1843 1833
    1813 1813 1813 1813 1813 1813 1813 1813 1813 1813 1813 1813 1813
    1813 1813 1804 1804 1813 1813 4089 4089 4089 4041 4041 4041 2016
    2005 1981 1959 1936 1915 1883 1853 1843 1823 1823 1813 1813 1813
    1813 1813 1813 1813 1813 1813 1813 1813 1813 1813 1813 1804 1804
    1813 1813 4041 4041 4089 4041 4041 4041 2016 1993 1970 1959 1936
    1904 1873 1843 1833 1823 1823 1813 1813 1813 1813 1813 1813 1813
    1813 1813 1813 1813 1813 1813 1813 1804 1804 1813 1813 4041 4041
    4041 4041 4041 4041 1981 1970 1959 1947 1915 1894 1853 1843 1833
    1823 1823 1813 1813 1813 1813 1813 1813 1813 1813 1813 1813 1813
    1813 1813 1813 1804 1804 1813 4089 4041 4041 4041 4041 4041 4041
    1981 1970 1959 1936 1904 1873 1853 1833 1833 1823 1823 1813 1813
    1813 1813 1813 1813 1813 1813 1813 1813 1813 1813 1813 1813 1804
    1804 4041 4041 4041 4041 4041 4041 4041 4041</data></Depth16294>
</opencv_storage>
