<?xml version="1.0"?>
<opencv_storage>
<Depth0607 type_id="opencv-matrix">
  <rows>6</rows>
  <cols>18</cols>
  <dt>w</dt>
  <data>
    5548 5460 5460 5460 5548 5548 5460 5460 5460 5460 5548 5640 5640
    5640 5640 5548 5548 5640 5548 5460 5460 5460 5548 5548 5460 5460
    5460 5460 5460 5548 5548 5548 5548 5640 5640 5640 5548 5460 5460
    5548 5548 5548 5460 5460 5460 5460 5460 5548 5548 5548 5548 5640
    5640 5548 5460 5460 5460 5460 5548 5548 5548 5548 5548 5548 5548
    5548 5548 5548 5548 5640 5640 5548 5460 5460 5460 5460 5548 5548
    5460 5460 5460 5460 5374 5374 5460 5548 5548 5640 0 0 0 0 5460 5460
    5548 5548 5460 5460 5460 5460 5374 5374 5460 5548 0 0 0 0</data></Depth0607>
</opencv_storage>
