<?xml version="1.0"?>
<opencv_storage>
<Depth11013 type_id="opencv-matrix">
  <rows>69</rows>
  <cols>58</cols>
  <dt>w</dt>
  <data>
    3539 3539 3539 3539 3539 3539 3539 3503 3503 3503 1370 1370 1292
    1292 1292 1292 3503 3503 3433 3433 3399 3399 3399 3399 3433 3399
    3399 3399 3399 3399 3399 3399 3399 3433 3433 3399 3399 3399 3399
    3399 3365 3365 3365 3365 3365 3365 3333 3333 3333 3333 3300 3300
    3300 3300 3300 3300 3300 3300 3539 3539 3539 3539 3539 3539 3539
    3503 1376 1376 1370 1359 1292 1292 1288 1288 1288 1349 1349 1354
    1354 1359 3399 3399 3399 3399 3399 3399 3399 3399 3399 3399 3399
    3433 3433 3399 3399 3399 3399 3399 3365 3365 3365 3365 3365 3365
    3365 3333 3333 3333 3300 3300 3300 3300 3300 3300 3300 3300 3539
    3539 3503 3503 3539 3539 3539 3503 1370 1370 1354 1354 1292 1292
    1288 1288 1288 1338 1343 1349 1354 1354 1349 1349 1349 3399 1349
    1349 1354 3399 3399 3399 3433 3433 3399 3399 3399 3399 3399 3399
    3399 3365 3365 3365 3365 3365 3365 3365 3333 1365 1365 1376 3300
    3300 3300 3300 3300 3300 3539 3503 3503 3503 3503 3539 3539 3539
    1370 1354 1312 1302 1292 1292 1288 1288 1292 1328 1333 1338 1349
    1349 1343 1338 1338 1338 1343 1349 1354 1359 1359 1359 1359 1365
    1365 3399 3365 3365 3399 3365 3365 3365 3365 3365 3365 3365 3365
    3365 1376 1365 1365 1365 1365 3333 3333 3300 3300 3300 3539 3503
    3503 3503 3503 3503 1349 1359 1359 1354 1307 1297 1292 1292 1288
    1288 1292 1307 1322 1322 1328 1328 1328 1328 1328 1328 1328 1343
    1349 1354 1354 1359 1359 1359 1359 1354 1354 1354 1359 1365 1365
    1370 1370 1370 1370 1370 1370 1370 1376 1370 1370 1365 1365 1365
    3300 3300 3300 3300 3539 3503 3503 3503 3503 1365 1349 1349 1349
    1302 1297 1292 1292 1288 1288 1288 1288 1292 1297 1297 1297 1297
    1297 1307 1307 1302 1292 1288 1288 1292 1343 1343 1349 1349 1354
    1349 1349 1349 1349 1354 1359 1359 1359 1365 1365 1370 1370 1370
    1370 1376 1370 1370 1370 1370 3300 3300 3300 3300 3539 3503 3503
    3503 3503 1365 1365 1338 1338 1302 1292 1288 1288 1288 1283 1283
    1288 1288 1288 1292 1292 1292 1292 1297 1297 1292 1288 1288 1288
    1292 1297 1312 1322 1322 1322 1322 1322 1322 1322 1322 1349 1349
    1349 1365 1365 1365 1359 1359 1365 1376 1370 1370 1370 1370 3300
    3300 3300 3300 3539 3539 3503 3503 3503 1365 1365 1333 1307 1297
    1292 1288 1288 1288 1283 1283 1288 1288 1288 1288 1288 1288 1292
    1292 1292 1288 1288 1288 1288 1292 1292 1297 1297 1297 1297 1297
    1302 1302 1312 1307 1302 1302 1297 1297 1349 1349 1349 1349 1354
    1365 1370 1370 1307 1297 1297 3365 3333 3300 3539 3539 3503 3503
    3503 1349 1322 1322 1307 1292 1288 1283 1283 1283 1288 1288 1288
    1288 1288 1288 1288 1288 1288 1288 1288 1288 1288 1288 1288 1292
    1292 1292 1292 1292 1292 1292 1292 1297 1302 1302 1297 1297 1297
    1297 1297 1317 1322 1322 1312 1312 1312 1307 1307 1297 1297 1292
    1292 3300 3503 3503 3503 3503 3503 1349 1349 1322 1307 1292 1288
    1283 1283 1283 1283 1288 1288 1288 1288 1288 1283 1283 1283 1283
    1283 1283 1283 1283 1288 1292 1292 1292 1292 1292 1292 1292 1292
    1292 1292 1297 1297 1292 1292 1292 1297 1302 1312 1302 1302 1302
    1302 1307 1302 1297 1297 1292 1292 1292 3503 3468 3468 3468 3468
    1349 1349 1322 1312 1297 1288 1283 1278 1278 1283 1283 1283 1283
    1283 1283 1283 1283 1283 1283 1283 1283 1283 1283 1288 1292 1292
    1292 1292 1292 1292 1292 1288 1288 1288 1292 1292 1292 1292 1292
    1292 1297 1297 1297 1297 1297 1302 1297 1297 1292 1292 1292 1292
    1292 3503 3468 3468 3468 0 1343 1343 1333 1312 1297 1288 1283 1278
    1278 1283 1283 1283 1283 1283 1283 1283 1283 1283 1278 1278 1283
    1283 1283 1288 1292 1292 1292 1292 1292 1292 1292 1288 1288 1288
    1292 1292 1292 1292 1292 1292 1292 1292 1292 1292 1297 1297 1297
    1297 1292 1292 1292 1292 1292 3539 3539 3539 3539 0 1343 1343 1333
    1312 1297 1288 1288 1278 1278 1283 1283 1283 1283 1283 1283 1288
    1283 1283 1278 1278 1283 1283 1283 1288 1292 1292 1292 1292 1292
    1292 1288 1288 1283 1283 1288 1292 1292 1292 1292 1292 1292 1292
    1292 1292 1292 1297 1297 1292 1292 1292 1292 1292 1292 3539 3539
    3539 3539 0 1338 1338 1328 1307 1292 1288 1288 1283 1283 1283 1283
    1283 1283 1283 1283 1283 1283 1283 1283 1283 1283 1283 1283 1288
    1292 1292 1292 1288 1288 1288 1288 1288 1283 1283 1288 1292 1292
    1292 1292 1292 1292 1292 1292 1292 1292 1292 1297 1292 1292 1292
    1292 1292 1292 3503 3503 3539 0 0 0 1338 1322 1302 1288 1288 1283
    1283 1283 1283 1283 1283 1283 1283 1283 1283 1283 1283 1283 1283
    1283 1283 1283 1288 1292 1292 1292 1288 1288 1288 1288 1288 1288
    1288 1292 1292 1292 1292 1292 1292 1292 1292 1292 1292 1292 1292
    1292 1292 1292 1292 1288 1288 1288 3503 3503 3503 0 1343 1333 1333
    1317 1292 1288 1283 1283 1278 1278 1278 1283 1283 1283 1283 1283
    1283 1288 1288 1283 1283 1283 1283 1283 1288 1292 1292 1292 1292
    1292 1288 1288 1288 1288 1288 1292 1292 1292 1292 1292 1292 1292
    1292 1292 1292 1292 1292 1292 1292 1292 1292 1288 1288 1288 3503
    3503 3503 0 1343 1343 1333 1312 1292 1288 1283 1278 1278 1278 1278
    1283 1283 1283 1283 1283 1283 1288 1288 1283 1283 1283 1283 1283
    1288 1292 1292 1292 1292 1292 1292 1292 1292 1292 1292 1292 1292
    1292 1292 1292 1292 1292 1292 1292 1292 1292 1292 1292 1292 1292
    1292 1288 1283 1283 3539 3539 3539 0 1343 1343 1328 1312 1292 1283
    1283 1278 1278 1278 1278 1278 1278 1278 1283 1283 1283 1288 1288
    1288 1288 1288 1288 1288 1288 1292 1292 1292 1292 1292 1292 1292
    1292 1292 1292 1292 1292 1292 1292 1292 1292 1292 1292 1292 1292
    1292 1292 1292 1292 1292 1292 1288 1283 1283 3539 3539 3539 0 1343
    1343 1328 1312 1292 1283 1283 1278 1278 1278 1278 1278 1278 1278
    1283 1283 1283 1283 1283 1283 1288 1288 1288 1288 1288 1292 1292
    1292 1292 1292 1292 1292 1292 1292 1292 1292 1292 1292 1292 1292
    1292 1292 1292 1292 1292 1292 1292 1292 1292 1292 1292 1292 1288
    1288 3539 3539 3503 0 1376 1343 1333 1312 1292 1288 1283 1283 1283
    1278 1278 1278 1278 1283 1283 1283 1283 1283 1283 1283 1283 1283
    1288 1288 1288 1292 1292 1292 1292 1292 1292 1292 1292 1292 1292
    1292 1292 1292 1292 1292 1292 1292 1292 1292 1292 1292 1292 1292
    1292 1292 1292 1292 1288 1288 3503 3503 3503 1376 1376 1349 1333
    1312 1297 1288 1283 1283 1283 1283 1283 1283 1283 1283 1283 1283
    1283 1283 1283 1283 1283 1283 1288 1288 1288 1292 1292 1292 1292
    1292 1292 1292 1292 1292 1292 1292 1292 1292 1292 1292 1292 1292
    1292 1292 1292 1292 1292 1292 1292 1292 1292 1292 1292 1292 3468
    3503 3503 1376 1376 1343 1333 1312 1297 1288 1283 1283 1283 1283
    1283 1283 1283 1283 1283 1288 1283 1283 1283 1283 1283 1283 1288
    1288 1288 1292 1292 1292 1292 1292 1292 1292 1292 1292 1292 1292
    1292 1292 1292 1292 1292 1292 1292 1292 1292 1292 1292 1292 1292
    1292 1292 1292 1292 1292 3468 3468 3468 1376 1376 1343 1328 1312
    1292 1288 1283 1283 1283 1283 1283 1283 1283 1283 1283 1288 1288
    1283 1283 1283 1283 1283 1288 1288 1288 1292 1292 1292 1292 1292
    1288 1288 1292 1292 1292 1292 1292 1292 1292 1292 1292 1292 1292
    1292 1292 1292 1292 1292 1292 1292 1292 1292 1292 1292 3503 3503 0
    1370 1370 1338 1322 1302 1292 1288 1283 1283 1283 1288 1288 1288
    1283 1283 1283 1288 1288 1288 1288 1283 1283 1283 1288 1288 1288
    1292 1292 1292 1292 1292 1288 1288 1292 1292 1292 1292 1292 1292
    1292 1292 1292 1292 1292 1292 1292 1292 1292 1292 1292 1292 1292
    1292 1292 1292 3539 3539 0 1354 1354 1338 1317 1297 1292 1288 1283
    1283 1283 1288 1288 1283 1283 1283 1283 1288 1288 1283 1283 1288
    1288 1288 1288 1288 1288 1292 1292 1292 1292 1292 1288 1288 1292
    1292 1292 1292 1297 1292 1292 1292 1292 1292 1292 1292 1292 1292
    1292 1292 1292 1292 1292 1292 1292 1292 3539 3539 1370 1354 1354
    1328 1312 1297 1292 1288 1283 1283 1288 1288 1288 1283 1283 1283
    1288 1288 1288 1283 1283 1288 1288 1288 1288 1288 1288 1292 1292
