<?xml version="1.0"?>
<opencv_storage>
<Depth9031 type_id="opencv-matrix">
  <rows>22</rows>
  <cols>8</cols>
  <dt>w</dt>
  <data>
    2541 2541 3433 3433 3399 3365 3365 3333 2541 2541 3433 3433 3399
    3365 3365 3333 2560 2560 3468 3433 3399 3365 3365 3333 2598 2618
    3468 3433 3399 3365 3365 3333 2579 3503 3468 3433 3433 3365 3365
    3333 2560 3503 3468 3468 3433 3399 3365 3333 2541 3503 3503 3468
    3468 3399 3365 3333 2541 3503 3503 3468 3433 3399 3365 3333 3503
    3503 3503 3468 3433 3399 3365 3333 3539 3503 3468 3468 3433 3365
    3365 3333 3503 3503 3468 3468 3433 3365 3333 3300 3503 3503 3468
    3468 3433 3365 3333 3269 3539 3503 3503 3468 3468 3365 3333 3269
    3539 3503 3503 3468 3468 3399 3333 3238 3576 3503 3503 3468 3433
    3399 3365 3238 3576 3503 3468 3433 3399 3399 3365 3300 3576 3539
    3468 3433 3399 3365 3333 3269 2767 2789 3503 3433 3399 3365 3333
    3269 2744 2744 3468 3399 3365 3365 3300 3300 2744 2744 3468 3399
    3365 3365 3300 3269 2723 2723 3468 3433 3365 3333 3269 3238 2723
    2723 3399 3365 3333 3333 3238 3208</data></Depth9031>
</opencv_storage>
