<?xml version="1.0"?>
<opencv_storage>
<Depth12138 type_id="opencv-matrix">
  <rows>6</rows>
  <cols>26</cols>
  <dt>w</dt>
  <data>
    5056 5056 5132 5056 5056 5056 5056 4842 4842 4842 4842 4842 4842
    4842 4842 4842 4774 4774 4774 4774 4842 4911 4911 4911 4911 4911
    5056 5056 5056 5056 4983 4911 4842 4842 4842 4842 4842 4842 4842
    4842 4842 4842 4842 4842 4842 4774 4774 4774 4774 4842 4842 4842
    5056 5056 5056 4983 4911 4911 4842 4774 4774 4774 4842 4842 4842
    4842 4842 4911 4842 4842 4842 4774 4774 4774 4774 4842 4842 4842
    4842 4842 4842 4983 4911 4911 4842 4774 4774 4774 4842 4842 4842
    4842 4842 4911 4842 4842 4774 4774 4774 4774 4774 4774 4774 4774
    4774 4774 4774 4774 4842 4911 4911 4842 4842 4842 4842 4911 4911
    4911 4911 4842 4842 4774 4708 4708 4774 4774 4708 4708 4708 4708
    4774 4774 4774 4774 4842 4911 4983 4911 4911 4911 4911 4911 4911
    4911 4911 4842 4842 4774 4708 4708 4708 4708 4708 4708 4645 4645</data></Depth12138>
</opencv_storage>
