<?xml version="1.0"?>
<opencv_storage>
<Depth7829 type_id="opencv-matrix">
  <rows>41</rows>
  <cols>23</cols>
  <dt>w</dt>
  <data>
    6889 6889 6889 2618 2598 2579 2579 2579 2579 2579 2579 2579 2560
    2522 2522 2522 2541 2659 2659 2659 2659 2659 2659 6889 6889 6889
    2618 2598 2579 2579 2560 2560 2560 2560 2560 2541 2522 2522 2522
    2522 2560 2579 2618 2639 2659 2659 6753 6622 6622 2579 2579 2579
    2579 2560 2541 2541 2541 2541 2541 2522 2503 2503 2522 2541 2579
    2598 2618 2659 2659 6622 6497 6497 2579 2579 2579 2579 2560 2541
    2541 2541 2541 2541 2522 2503 2503 2541 2541 2560 2579 2598 2639
    2639 6622 6497 2560 2560 2579 2579 2560 2560 2560 2541 2541 2541
    2541 2522 2522 2522 2522 2541 2560 2579 2598 2639 2639 6622 2560
    2560 2560 2579 2579 2560 2560 2560 2541 2541 2522 2522 2522 2522
    2522 2522 2541 2560 2579 2598 2639 2639 2618 2560 2560 2560 2579
    2579 2560 2560 2560 2541 2541 2522 2522 2522 2522 2522 2541 2541
    2560 2579 2618 2639 2639 2618 2560 2541 2541 2579 2579 2579 2560
    2560 2560 2541 2522 2522 2522 2522 2522 2541 2541 2560 2579 2618
    2639 2639 6622 6497 2541 2541 2579 2579 2579 2560 2560 2560 2541
    2522 2522 2503 2503 2522 2541 2541 2560 2579 2639 2639 2639 6622
    6622 6622 2579 2579 2579 2579 2560 2541 2541 2541 2522 2522 2503
    2503 2522 2522 2541 2560 2579 2639 2639 2659 6753 6753 6753 2579
    2579 2579 2560 2560 2541 2541 2522 2522 2503 2503 2503 2503 2522
    2541 2560 2579 2639 2639 2659 6622 6753 6753 2579 2579 2560 2560
    2560 2541 2522 2522 2522 2503 2503 2503 2503 2522 2541 2560 2579
    2639 2639 2659 6622 6622 2560 2560 2560 2560 2560 2560 2541 2522
    2522 2522 2503 2503 2503 2503 2503 2541 2560 2579 2618 2639 2639
    6622 6622 2560 2560 2560 2560 2560 2560 2541 2522 2522 2503 2503
    2503 2503 2503 2503 2522 2541 2598 2618 2639 2639 6753 6753 2560
    2560 2560 2560 2560 2560 2541 2522 2503 2503 2503 2503 2503 2503
    2503 2522 2541 2598 2618 2639 2639 6753 2579 2579 2560 2560 2560
    2560 2560 2541 2522 2503 2503 2503 2503 2503 2503 2503 2522 2541
    2598 2618 2639 2639 6753 2579 2560 2560 2560 2560 2560 2541 2522
    2503 2503 2503 2503 2503 2503 2503 2503 2522 2541 2598 2618 2639
    2639 6622 2560 2560 2560 2560 2560 2541 2541 2522 2503 2503 2503
    2503 2503 2503 2503 2503 2522 2541 2598 2618 2618 2639 6497 2541
    2541 2560 2560 2560 2541 2522 2522 2503 2503 2503 2503 2503 2503
    2503 2503 2522 2560 2579 2618 2618 2618 6497 2541 2541 2541 2560
    2560 2541 2522 2522 2503 2503 2503 2503 2503 2503 2503 2503 2522
    2560 2579 2598 2639 2639 6375 2541 2541 2541 2560 2541 2541 2522
    2522 2503 2503 2503 2503 2503 2503 2503 2522 2522 2560 2579 2579
    2598 2598 6375 2560 2560 2560 2560 2541 2541 2522 2503 2503 2503
    2503 2503 2503 2503 2503 2522 2541 2560 2579 2579 2598 2598 6622
    2560 2560 2560 2560 2541 2541 2522 2503 2503 2503 2503 2503 2503
    2503 2503 2522 2541 2560 2579 2579 2579 2579 6497 2579 2560 2560
    2560 2541 2522 2503 2503 2503 2485 2485 2485 2485 2503 2503 2522
    2541 2560 2579 2579 2579 2579 6497 2579 2560 2560 2560 2541 2522
    2503 2503 2503 2485 2485 2485 2485 2485 2503 2522 2541 2560 2579
    2579 2579 2579 6497 2579 2560 2560 2560 2541 2522 2503 2503 2485
    2485 2485 2485 2485 2485 2485 2522 2560 2579 2579 2579 2579 2579
    6497 2541 2541 2560 2560 2541 2522 2503 2503 2485 2485 2485 2485
    2485 2485 2485 2503 2579 2579 2598 2598 2598 2598 6497 2541 2541
    2541 2541 2541 2522 2503 2503 2503 2485 2485 2485 2485 2485 2485
    2503 2579 2598 2598 2598 2598 2598 6622 2541 2541 2522 2522 2522
    2503 2503 2503 2485 2485 2485 2485 2485 2485 2485 2503 2579 2598
    2598 2618 2618 6038 6497 2560 2541 2522 2522 2503 2503 2503 2503
    2485 2485 2485 2485 2485 2485 2485 2522 2579 2579 2598 2618 2618
    6038 6497 2541 2541 2522 2503 2503 2503 2503 2503 2485 2485 2485
    2485 2485 2485 2503 2522 2560 2579 2579 2618 2618 6038 2560 2541
    2541 2522 2503 2503 2503 2503 2503 2485 2485 2485 2485 2485 2485
    2503 2541 2560 2579 2579 2618 2618 6038 2541 2522 2522 2522 2503
    2503 2503 2485 2485 2467 2467 2485 2485 2485 2485 2503 2541 2560
    2579 2598 2618 6038 6038 2522 2522 2522 2503 2503 2503 2485 2485
    2485 2467 2467 2467 2485 2485 2485 2503 2522 2560 2579 2598 2598
    6038 6038 2503 2503 2522 2503 2503 2503 2485 2485 2467 2467 2467
    2467 2467 2485 2485 2503 2522 2541 2579 2579 2579 6038 6038 2503
    2503 2522 2522 2503 2485 2485 2467 2450 2450 2467 2467 2467 2485
    2485 2485 2522 2541 2579 2579 2579 6038 6038 2503 2503 2522 2522
    2503 2485 2485 2467 2450 2450 2450 2450 2467 2485 2485 2485 2522
    2560 2598 2598 2618 6038 6038 2503 2503 2541 2541 2503 2503 2485
    2485 2450 2450 2450 2450 2467 2485 2485 2503 2522 2560 2598 2618
    2618 2618 6038 0 2560 2560 2541 2503 2503 2485 2485 2467 2467 2467
    2467 2467 2485 2485 2485 5291 5291 5291 5210 5210 5210 5210 0 0 0
    2541 2522 2522 2541 2522 2485 2467 2467 2467 2485 2485 2522 2522
    5374 5291 5291 5210 5210 5132 5056 0 0 0 2560 2560 2560 2560 2560
    2467 2467 2485 2485 2485 2503 2522 0 5374 5374 5291 5210 5210 5132
    5056</data></Depth7829>
</opencv_storage>
