<?xml version="1.0"?>
<opencv_storage>
<Depth17508 type_id="opencv-matrix">
  <rows>5</rows>
  <cols>19</cols>
  <dt>w</dt>
  <data>
    4522 4522 4522 4522 4582 4522 4522 4522 4645 4708 4708 4774 4774
    4842 4842 4842 4911 4842 4774 4522 4463 4463 4463 4522 4522 4522
    4582 4645 4708 4774 4708 4708 4708 4774 4774 4842 4774 4774 4522
    4463 4463 4463 4463 4463 4522 4582 4708 4774 4708 4645 4645 4708
    4708 4774 4774 4708 4708 4463 4463 4463 4463 4463 4463 4582 4582
    4774 4774 4645 4645 4645 4708 4708 4774 4774 4708 4708 4463 4463
    4463 4463 4463 4522 4708 4708 4774 4708 4582 4582 4582 4708 4708
    4708 4645 4645 4774</data></Depth17508>
</opencv_storage>
