<?xml version="1.0"?>
<opencv_storage>
<Depth17966 type_id="opencv-matrix">
  <rows>71</rows>
  <cols>62</cols>
  <dt>w</dt>
  <data>
    3238 3238 3238 3238 3208 3178 3178 3178 3178 3178 3178 3178 3149
    3149 3149 3149 3149 3149 3120 3120 3120 3092 3092 3092 3092 3064
    3064 3064 3037 3037 3037 3037 3037 3037 3037 1550 1550 1550 1550
    1550 2958 2958 2984 2984 2984 2958 2958 2958 2958 2958 2958 2933
    2933 2908 2908 2908 2908 2908 2883 2883 2883 2883 3238 3238 3238
    3238 3208 3208 3178 3178 3178 3178 3178 3178 3178 3149 3149 3149
    3149 3149 3149 3120 3120 3092 3092 3092 3092 3064 3064 3064 3037
    3037 3037 3037 3037 1458 1458 1550 1550 1550 1550 1550 2984 2984
    2984 2984 2984 2984 2958 2958 2958 2958 2933 2933 2933 2908 2908
    2908 2908 2883 2883 2883 2883 2883 3238 3238 3238 3238 3238 3208
    3208 3178 3178 3178 3178 3178 3178 3178 3178 3149 3149 3149 3149
    3120 3120 3120 3092 3092 3092 3064 3064 3064 3064 3037 3037 3037
    1458 1458 1458 1483 1483 1483 1477 1477 1483 1483 2984 2984 2984
    2984 2958 2958 2958 2958 2933 2933 2933 2933 2933 2933 2908 2883
    2883 2883 2883 2859 3238 3238 3238 3238 3269 3238 3208 3208 3208
    3178 3178 3178 3178 3178 3178 3149 3149 3149 3149 3120 3120 3120
    3120 3092 3092 3064 3064 3064 3064 3037 3037 1477 1458 1458 1470
    1483 1483 1483 1477 1477 1477 1477 2984 2984 2984 2958 2958 2958
    2958 2958 2958 2933 2933 2933 2933 2933 2908 2908 2883 2883 2883
    2859 3269 3269 3269 3269 3269 3238 3238 3208 3208 3178 3178 3178
    3178 3178 3178 3149 3149 3149 3149 3120 3120 3120 3120 3120 3092
    3064 3064 1503 1503 1503 1496 1477 1477 1477 1477 1483 1483 1483
    1477 1477 1477 1477 1477 3010 2984 2958 2958 2958 2958 2958 2958
    2958 2933 2933 2933 2933 2908 2908 2908 2883 2883 2883 3269 3269
    3269 3269 3238 3238 3208 3208 3208 3178 3178 3178 3178 3178 3178
    3149 3149 3149 3149 3120 3120 3120 3120 3120 1516 1516 1503 1503
    1503 1496 1496 1489 1483 1477 1477 1483 1483 1483 1477 1477 1477
    1477 1477 2984 2984 2958 2958 2958 2958 2958 2958 2958 2958 2933
    2933 2933 2933 2933 2908 2908 2883 2883 3269 3269 3269 3269 3238
    3238 3208 3208 3208 3178 3178 3178 3178 3178 3178 3149 3149 3149
    3149 3149 3149 3149 3120 1509 1509 1509 1503 1503 1503 1496 1496
    1483 1483 1483 1483 1483 1483 1483 1477 1477 1477 1470 1470 1470
    2958 2958 2958 2958 2958 2958 2958 2958 2958 2958 2958 2958 2933
    2933 2908 2908 2883 2883 3269 3269 3269 3269 3238 3208 3208 3208
    3208 3208 3208 3178 3178 3149 3149 3149 3149 3149 3120 3120 3149
    3149 1509 1509 1509 1503 1503 1503 1503 1503 1496 1483 1483 1483
    1483 1483 1483 1483 1477 1477 1477 1470 1470 1470 2958 2958 2958
    2958 2958 2958 2958 2958 2958 2958 2958 2958 2933 2933 2908 2908
    2883 2883 3269 3269 3269 3269 3238 3208 3208 3208 3208 3208 3208
    3178 3178 3149 3149 3149 3149 3149 3120 1523 1516 1516 1509 1509
    1503 1503 1503 1503 1503 1503 1496 1483 1483 1483 1483 1483 1483
    1483 1477 1477 1477 1477 1477 1483 1483 2984 2958 2958 2958 2958
    2958 2958 2958 2958 2958 2933 2933 2933 2908 2908 2883 2883 3269
    3269 3269 3269 3238 3238 3208 3208 3208 3208 3178 3178 3178 3178
    3178 3149 3149 1529 1523 1523 1516 1516 1509 1509 1503 1503 1503
    1503 1503 1503 1496 1489 1483 1483 1489 1483 1483 1483 1477 1477
    1477 1477 1477 1483 1483 2958 2958 2958 2958 2958 2958 2958 2958
    2958 2933 2933 2933 2933 2908 2908 2883 2883 3269 3269 3269 3269
    3238 3238 3238 3208 3208 3208 3178 3178 3178 3178 3149 1529 1529
    1529 1523 1523 1523 1516 1516 1516 1503 1503 1503 1503 1503 1503
    1496 1489 1489 1489 1489 1483 1483 1483 1477 1477 1477 1477 1477
    1483 1483 2958 2958 2984 2984 2984 2984 2958 2958 2958 2933 2933
    2933 2933 2908 2908 2908 2908 3269 3269 3269 3269 3238 3238 3238
    3208 3208 1557 1557 3149 1543 1543 1536 1529 1529 1529 1523 1523
    1523 1523 1516 1516 1509 1509 1509 1503 1503 1503 1496 1489 1489
    1489 1489 1489 1483 1483 1477 1477 1483 1477 1477 1477 1477 1477
    2984 2984 2984 2984 2984 2984 2958 2958 2958 2958 2958 2958 2933
    2933 2933 2908 3269 3269 3269 3269 3238 3238 1564 1557 1557 1557
    1557 1557 1543 1543 1536 1536 1536 1529 1529 1523 1523 1523 1523
    1523 1509 1509 1509 1509 1503 1503 1496 1496 1496 1496 1496 1496
    1489 1483 1483 1483 1483 1477 1477 1477 1477 1477 3010 2984 2984
    2984 2984 2984 2958 2958 2958 2958 2958 2958 2933 2933 2933 2908
    3269 3269 3269 1572 1564 1564 1564 1557 1557 1557 1557 1557 1550
    1543 1536 1536 1536 1529 1529 1523 1523 1523 1523 1523 1516 1509
    1509 1509 1503 1503 1503 1496 1496 1496 1496 1496 1489 1483 1483
    1483 1483 1477 1477 1477 1477 1477 3010 2984 2984 2984 2984 2984
    2958 2958 2958 2958 2958 2958 2933 2933 2933 2933 3269 3269 1586
    1572 1564 1564 1564 1557 1557 1557 1557 1557 1550 1550 1543 1536
    1536 1529 1529 1523 1523 1523 1523 1523 1516 1516 1509 1509 1509
    1503 1503 1496 1496 1496 1496 1496 1496 1489 1483 1483 1483 1477
    1477 1477 1470 1470 3010 2984 2984 2984 2984 2984 2984 2958 2958
    2958 2958 2958 2958 2933 2933 2933 3269 1594 1586 1572 1564 1557
    1557 1557 1557 1557 1557 1557 1550 1550 1543 1536 1536 1529 1529
    1523 1523 1523 1523 1523 1516 1516 1516 1509 1509 1503 1503 1503
    1496 1496 1496 1496 1496 1496 1489 1489 1483 1477 1477 1477 1470
    1470 1470 2984 2984 2984 2984 2984 2984 2958 2958 2958 2933 2933
    2958 2933 2933 2933 3300 1594 1586 1572 1564 1557 1557 1557 1557
    1557 1557 1557 1550 1550 1550 1543 1536 1529 1529 1523 1523 1523
    1523 1523 1516 1516 1516 1509 1509 1509 1503 1503 1496 1489 1489
    1496 1489 1489 1489 1489 1483 1483 1477 1477 1470 1470 1470 2984
    2984 2984 2984 2984 2984 2958 2958 2958 2933 2933 2958 2958 2933
    2933 1594 1586 1579 1579 1564 1557 1557 1557 1557 1557 1550 1550
    1550 1550 1550 1543 1536 1529 1529 1523 1523 1523 1523 1523 1516
    1516 1516 1509 1509 1509 1509 1503 1503 1489 1489 1496 1489 1489
    1489 1489 1483 1483 1477 1477 1470 1470 1470 1470 2984 2984 2984
    2984 2984 2958 2958 2958 2958 2958 2958 2958 2933 2908 1586 1586
    1579 1572 1564 1557 1557 1557 1557 1557 1550 1550 1550 1550 1550
    1543 1543 1536 1529 1529 1529 1523 1523 1523 1516 1516 1516 1509
    1509 1509 1509 1503 1503 1496 1496 1496 1489 1489 1489 1489 1483
    1483 1483 1483 1477 1477 1470 1470 2984 2984 2984 2984 2984 2958
    2958 2958 2958 2958 2958 2958 2933 2908 1586 1586 1579 1572 1572
    1564 1564 1557 1557 1557 1557 1550 1550 1550 1550 1543 1543 1536
    1529 1529 1529 1523 1523 1523 1516 1516 1516 1509 1509 1509 1509
    1503 1503 1496 1496 1496 1496 1496 1489 1489 1489 1483 1483 1483
    1477 1477 1470 1470 1470 2984 2984 2984 2984 2984 2984 2984 2958
    2958 2958 2933 2933 2908 1594 1586 1579 1579 1579 1579 1572 1564
    1557 1557 1557 1557 1550 1550 1550 1543 1543 1536 1529 1529 1529
    1523 1523 1523 1523 1516 1516 1516 1516 1509 1509 1503 1503 1496
    1496 1503 1503 1496 1496 1489 1489 1483 1483 1483 1483 1477 1477
    1470 1470 1470 2984 2984 2984 2984 2984 2984 2958 2958 2958 2933
    2933 2908 1601 1586 1579 1579 1579 1579 1572 1564 1557 1557 1557
    1557 1550 1550 1550 1550 1543 1536 1536 1529 1529 1529 1523 1523
    1523 1523 1516 1516 1516 1509 1509 1509 1503 1496 1496 1503 1503
    1503 1496 1489 1489 1483 1483 1483 1483 1477 1477 1477 1477 1477
    2984 2984 2984 2984 2984 2984 2958 2958 2958 2933 2933 2933 1609
    1586 1579 1579 1579 1579 1579 1572 1564 1557 1557 1557 1550 1550
    1550 1550 1543 1536 1536 1536 1529 1529 1529 1529 1523 1523 1523
    1516 1516 1516 1516 1509 1503 1503 1503 1509 1503 1503 1496 1489
    1489 1483 1483 1483 1483 1483 1477 1477 1477 1477 2984 2984 2984
    2984 2984 2984 2984 2958 2958 2933 2933 2933 1609 1579 1579 1579
    1579 1579 1572 1572 1564 1557 1557 1557 1550 1550 1550 1550 1543
    1543 1536 1536 1536 1529 1529 1529 1529 1523 1523 1523 1516 1516
    1516 1516 1509 1503 1503 1503 1503 1503 1503 1496 1489 1483 1483
    1483 1483 1483 1477 1477 1483 1483 2984 2984 2984 2984 2984 2984
