<?xml version="1.0"?>
<opencv_storage>
<Depth0628 type_id="opencv-matrix">
  <rows>22</rows>
  <cols>17</cols>
  <dt>w</dt>
  <data>
    6375 6375 6375 6375 6375 6375 6375 6375 4405 4405 4405 4405 4349
    4349 4349 6146 6259 6375 6375 6375 6375 6375 6375 6375 6375 4405
    4405 4405 4405 4349 4349 4349 4405 4405 6375 6375 6375 6375 6375
    6375 6375 4405 4405 4405 4405 4405 4349 4349 4405 4405 4405 6375
    6375 6375 6375 6375 6375 4463 4405 4405 4405 4349 4349 4349 4405
    4405 4405 4405 6375 6375 6375 6375 6375 6375 4405 4405 4405 4405
    4349 4349 4349 4349 4405 4405 4405 6375 6375 6375 6375 6375 6375
    4405 4405 4405 4349 4349 4349 4349 4349 4405 4405 4405 6375 6375
    6375 6375 6375 4405 4405 4405 4349 4349 4349 4349 4349 4349 4349
    4405 4405 6375 6375 6375 6375 4405 4405 4405 4405 4349 4349 4349
    4349 4349 4349 4349 4349 4405 6375 6375 6375 4405 4405 4405 4405
    4405 4405 4405 4349 4349 4349 4349 4349 4349 6259 6375 6375 4405
    4405 4405 4405 4405 4405 4405 4405 4349 4349 4349 4349 6375 6259
    6259 6375 6375 4405 4405 4405 4405 4405 4405 4405 4349 4349 4349
    4349 6375 6375 6375 6259 6375 6375 4405 4405 4405 4405 4405 4405
    4349 4349 4349 4349 4349 6375 6375 6375 6259 6375 6375 4405 4405
    4405 4405 4405 4405 4349 4349 4349 4349 4349 6375 6375 6375 6375
    6375 4405 4405 4405 4405 4405 4405 4349 4349 4349 4349 4349 4349
    6375 6375 6375 6259 6375 4405 4405 4405 4405 4349 4349 4349 4349
    4349 4349 4349 6375 6375 6375 6375 6259 4349 4349 4349 4405 4405
    4349 4349 4349 4349 4349 4349 6375 6375 6375 6375 6375 6375 4349
    4349 4349 4349 4349 4349 4349 4349 4349 4349 6259 6259 6375 6375
    6375 6375 6375 4405 4349 4349 4349 4349 4349 4349 4349 4349 4349
    6259 6259 6259 6259 6259 6259 6259 4405 4295 4295 4349 4349 4349
    4349 4295 4295 4349 6259 6259 6259 6259 6259 6259 6259 4405 4295
    4295 4349 4349 4349 4349 4295 4295 6259 6259 6259 6259 6259 6259
    6259 6259 6497 4349 4349 4349 4349 4349 4349 4349 4349 6259 6259
    6259 6259 6259 6259 6259 6259 6375 6375 4405 4405 4405 4349 4295
    4295 6375 6375 6375 6375 6375 6259 6259 6259 6259</data></Depth0628>
</opencv_storage>
