<?xml version="1.0"?>
<opencv_storage>
<Depth1559 type_id="opencv-matrix">
  <rows>96</rows>
  <cols>63</cols>
  <dt>w</dt>
  <data>
    3859 3816 3816 3816 3816 3774 3732 3732 3692 3653 3653 3653 3653
    3653 3653 3653 3692 3653 3653 3614 3614 3614 3576 3576 3539 3539
    3539 3539 3503 3503 3503 3503 3503 3468 3433 3399 3365 3365 3399
    3399 1016 1013 1013 1013 1019 1019 1016 1013 1013 1013 1013 1013
    1013 1010 1007 1007 1007 1010 1010 3178 3178 3120 3120 3859 3816
    3816 3816 3816 1063 1060 1060 3653 3653 3653 3653 3653 3653 3653
    3653 3692 3692 3653 3614 3614 3576 3576 3576 3539 3539 1034 1034
    3539 3503 3503 1028 1028 1028 3433 3399 3365 3365 3399 1025 1016
    1013 1013 1013 1019 1019 1016 1013 1013 1013 1013 1010 1010 1010
    1007 1007 1007 1010 1010 1010 1010 1010 3092 3816 3816 3774 3774
    3774 1054 1054 1054 1050 1041 1041 1044 1044 1044 1047 1047 1044
    1041 1041 1038 1038 1038 3503 3576 3539 1041 1034 1034 1034 1031
    1031 1028 1028 1028 1028 1028 1028 1025 1025 1025 1025 1022 1022
    1022 1019 1019 1016 1013 1013 1013 1013 1010 1010 1010 1010 1007
    1007 1010 1007 1007 0 0 3092 3816 3774 3732 1054 1050 1050 1050 1050
    1050 1041 1041 1044 1044 1044 1044 1044 1041 1041 1041 1038 1038
    1038 1038 1038 1038 1038 1034 1034 1034 1031 1031 1028 1028 1028
    1028 1028 1028 1025 1025 1022 1022 1022 1022 1022 1019 1019 1016
    1013 1013 1013 1010 1010 1010 1010 1010 1010 1007 1007 1004 1004 0 0
    0 1057 1057 1054 1054 1050 1050 1050 1050 1050 1047 1044 1044 1044
    1044 1044 1044 1041 1041 1041 1041 1038 1038 1038 1034 1034 1034
    1034 1034 1031 1031 1031 1028 1028 1028 1028 1028 1028 1025 1025
    1022 1022 1022 1022 1022 1022 1019 1019 1013 1013 1013 1010 1010
    1010 1010 1010 1010 1007 1007 1004 1004 0 0 0 1054 1054 1054 1054
    1050 1050 1050 1050 1050 1047 1044 1044 1044 1044 1044 1041 1041
    1041 1041 1041 1038 1038 1038 1034 1034 1034 1031 1031 1031 1031
    1031 1028 1028 1028 1028 1028 1028 1025 1025 1025 1025 1022 1022
    1022 1022 1019 1019 1013 1013 1010 1010 1010 1010 1010 1010 1007
    1007 1007 1004 1004 0 0 0 1054 1054 1054 1054 1050 1050 1050 1050
    1050 1047 1044 1044 1044 1044 1044 1041 1041 1041 1041 1041 1038
    1038 1038 1038 1034 1034 1031 1031 1031 1031 1031 1028 1028 1028
    1025 1025 1025 1025 1025 1025 1025 1022 1022 1022 1019 1019 1019
    1013 1013 1010 1010 1010 1010 1010 1007 1007 1007 1007 1004 1004 0 0
    0 1054 1054 1054 1054 1050 1050 1050 1050 1047 1047 1047 1047 1047
    1044 1041 1041 1041 1041 1041 1041 1038 1038 1038 1038 1038 1034
    1031 1031 1031 1031 1031 1028 1028 1028 1025 1025 1025 1028 1025
    1025 1025 1025 1022 1022 1019 1019 1019 1013 1013 1010 1010 1010
    1010 1007 1007 1007 1007 1007 1007 1007 0 0 0 1054 1054 1054 1054
    1050 1050 1050 1050 1047 1047 1047 1047 1044 1044 1041 1041 1041
    1041 1041 1041 1038 1038 1038 1038 1038 1034 1034 1031 1031 1031
    1031 1031 1028 1028 1025 1025 1025 1028 1025 1025 1025 1022 1019
    1019 1019 1019 1019 1013 1013 1013 1010 1010 1010 1007 1007 1007
    1007 1010 1010 1010 0 0 0 1054 1054 1054 1054 1050 1050 1050 1050
    1047 1047 1047 1047 1044 1044 1041 1041 1041 1041 1041 1041 1041
    1038 1038 1038 1038 1034 1034 1034 1031 1031 1031 1028 1028 1028
    1028 1025 1025 1025 1025 1025 1025 1022 1019 1019 1016 1016 1019
    1013 1013 1013 1010 1010 1010 1007 1007 1007 1007 1007 1007 1013
    1016 0 0 1050 1050 1050 1050 1050 1050 1050 1050 1047 1047 1047 1047
    1047 1044 1044 1041 1041 1041 1041 1041 1041 1038 1038 1038 1038
    1034 1034 1034 1031 1031 1028 1028 1028 1028 1028 1028 1028 1025
    1025 1025 1025 1022 1019 1019 1016 1016 1016 1013 1013 1013 1010
    1010 1010 1007 1007 1007 1007 1004 1004 1010 1016 0 0 1050 1050 1050
    1050 1050 1050 1050 1050 1047 1047 1050 1050 1047 1047 1044 1044
    1041 1041 1041 1041 1038 1038 1038 1038 1038 1034 1034 1034 1031
    1031 1028 1028 1028 1028 1028 1028 1028 1025 1025 1025 1022 1022
    1019 1019 1016 1016 1016 1013 1013 1013 1010 1010 1010 1007 1007
    1007 1007 1004 1004 1010 0 0 0 1054 1054 1050 1050 1050 1050 1050
    1047 1047 1047 1050 1047 1047 1047 1044 1044 1041 1041 1041 1041
    1038 1038 1038 1038 1038 1034 1031 1031 1028 1028 1028 1028 1028
    1028 1028 1028 1028 1028 1025 1025 1022 1022 1019 1019 1016 1016
    1016 1013 1013 1013 1010 1010 1010 1007 1007 1007 1007 1004 1004
    1010 0 0 0 1054 1054 1054 1054 1050 1050 1047 1047 1047 1047 1047
    1047 1047 1047 1044 1044 1041 1041 1041 1041 1038 1038 1038 1038
    1038 1034 1031 1031 1028 1028 1028 1028 1028 1028 1028 1028 1028
    1028 1025 1025 1022 1022 1022 1019 1019 1016 1016 1013 1013 1013
    1013 1010 1010 1010 1007 1007 1007 1004 1004 1010 1013 0 0 1057 1054
    1054 1054 1050 1050 1047 1047 1047 1047 1047 1047 1047 1044 1044
    1044 1041 1041 1041 1041 1038 1038 1038 1038 1034 1034 1031 1031
    1028 1028 1028 1028 1028 1028 1028 1028 1025 1025 1025 1025 1022
    1022 1022 1019 1019 1019 1016 1013 1013 1013 1013 1010 1010 1010
    1007 1007 1007 1007 1007 1010 1010 0 0 1057 1057 1054 1054 1050 1050
    1050 1047 1047 1047 1047 1047 1044 1044 1044 1044 1041 1041 1041
    1041 1038 1038 1038 1038 1034 1034 1031 1031 1028 1028 1028 1028
    1028 1025 1025 1025 1025 1025 1025 1025 1025 1022 1022 1019 1019
    1019 1016 1013 1013 1013 1013 1010 1010 1010 1007 1007 1007 1007
    1007 1010 1010 0 0 1057 1054 1054 1054 1050 1050 1050 1050 1050 1047
    1047 1047 1044 1044 1044 1044 1041 1041 1041 1041 1038 1038 1038
    1038 1038 1034 1031 1031 1031 1031 1028 1028 1028 1025 1025 1025
    1025 1025 1025 1022 1022 1022 1019 1019 1019 1016 1016 1013 1013
    1013 1013 1010 1010 1004 1004 1007 1007 1007 1007 1010 1013 0 0 1057
    1054 1054 1054 1050 1050 1050 1050 1050 1047 1047 1047 1044 1044
    1044 1041 1041 1041 1041 1038 1038 1038 1038 1038 1038 1034 1031
    1031 1034 1031 1031 1028 1028 1025 1025 1025 1025 1025 1025 1022
    1022 1022 1019 1019 1019 1016 1016 1013 1013 1013 1013 1013 1010
    1004 1004 1004 1004 1004 1004 1007 1013 0 0 1057 1054 1054 1054 1050
    1050 1050 1050 1050 1050 1047 1047 1044 1044 1044 1041 1041 1041
    1041 1038 1038 1038 1038 1038 1038 1034 1034 1034 1034 1031 1028
    1028 1028 1028 1028 1025 1025 1025 1025 1022 1022 1022 1019 1019
    1016 1016 1016 1013 1013 1013 1013 1010 1010 1004 1004 1004 1004
    1004 1004 1007 0 0 0 1054 1054 1054 1054 1050 1050 1050 1050 1050
    1047 1047 1044 1044 1044 1041 1041 1041 1041 1041 1041 1038 1038
    1041 1038 1038 1034 1034 1034 1031 1031 1028 1028 1028 1028 1028
    1025 1025 1025 1025 1022 1022 1019 1019 1019 1016 1016 1016 1013
    1013 1013 1010 1010 1010 1004 1004 1004 1004 1004 1004 1004 0 0 0
    1054 1054 1054 1054 1050 1050 1050 1050 1047 1047 1044 1044 1041
    1041 1041 1041 1041 1041 1041 1041 1041 1041 1041 1038 1038 1034
    1034 1034 1031 1031 1028 1028 1028 1028 1028 1025 1025 1022 1022
    1022 1022 1019 1019 1019 1016 1016 1016 1013 1013 1013 1010 1010
    1010 1007 1007 1004 1004 1004 1004 1004 0 0 0 1054 1054 1054 1054
    1050 1050 1050 1047 1047 1047 1044 1044 1041 1041 1041 1041 1041
    1041 1041 1041 1038 1038 1038 1038 1038 1034 1034 1031 1031 1028
    1028 1028 1028 1028 1028 1025 1025 1022 1022 1022 1022 1019 1016
    1016 1016 1016 1016 1013 1013 1013 1010 1010 1010 1007 1007 1004
    1004 1004 1004 1004 0 0 0 1054 1054 1054 1054 1050 1050 1047 1047
    1047 1047 1047 1044 1044 1044 1041 1041 1041 1041 1041 1041 1038
    1038 1038 1038 1038 1034 1034 1031 1031 1028 1028 1028 1028 1028
    1028 1025 1025 1025 1025 1022 1019 1019 1016 1016 1016 1016 1016
    1013 1013 1010 1010 1010 1010 1007 1007 1004 1004 1004 1004 1004
    1004 0 0 1054 1054 1054 1050 1050 1050 1047 1047 1047 1047 1047 1044
    1044 1044 1041 1041 1041 1041 1041 1041 1038 1038 1038 1038 1034
    1034 1034 1031 1031 1028 1028 1028 1028 1028 1028 1025 1025 1025
    1025 1022 1019 1019 1016 1016 1016 1016 1016 1013 1013 1010 1010
    1010 1010 1007 1007 1007 1004 1004 1004 1004 1004 0 0 1054 1054 1054
