<?xml version="1.0"?>
<opencv_storage>
<Depth8759 type_id="opencv-matrix">
  <rows>53</rows>
  <cols>8</cols>
  <dt>w</dt>
  <data>
    3503 3503 3503 3468 3468 3468 2789 2789 3539 3503 3468 3468 3468
    3468 2789 2789 3503 3468 3468 3468 3468 2859 2812 2812 3503 3468
    3468 3468 2812 2812 2789 2789 3468 3468 3468 3468 2812 2812 2789
    2789 3468 3468 3468 3468 2812 2812 2812 2812 3468 3468 3468 3468
    2812 2812 2812 2812 3503 3468 3468 3468 2789 2789 2812 2812 3503
    3468 3468 3468 2789 2789 2789 2812 3503 3503 3503 3503 2789 2789
    2789 2789 3539 3503 3503 3503 2789 2789 2789 2789 3539 3539 3539
    2835 2789 2789 2789 2789 3539 3539 3539 2835 2812 2812 2789 2789
    3539 3539 2859 2859 2835 2812 2789 2789 3539 3503 2859 2859 2835
    2835 2789 2789 3503 3468 2859 2859 2835 2812 2789 2789 3503 3468
    2859 2859 2812 2789 2789 2789 3539 2859 2859 2859 2812 2789 2789
    2789 3539 2859 2859 2859 2812 2789 2789 2789 3539 2859 2859 2859
    2835 2789 2789 2789 3576 2835 2835 2859 2835 2812 2789 2789 2859
    2835 2835 2859 2835 2812 2789 2789 2859 2859 2859 2835 2812 2812
    2789 2789 2859 2859 2835 2835 2812 2812 2789 2789 2859 2859 2835
    2835 2812 2789 2789 2789 2859 2859 2835 2835 2812 2789 2789 2789
    2859 2859 2859 2835 2812 2812 2812 2812 2859 2859 2859 2835 2812
    2812 2812 2812 2859 2859 2859 2835 2812 2812 2812 2812 2883 2883
    2859 2835 2812 2789 2789 2789 2908 2883 2859 2835 2812 2789 2789
    2789 2883 2883 2883 2859 2835 2812 2812 2812 2859 2883 2883 2859
    2859 2859 2835 2835 2859 2883 2883 2883 2859 2859 2859 2859 2908
    2883 2883 2883 2859 2859 2859 2859 2859 2908 2883 2883 2859 2859
    2859 2859 2859 2908 2883 2883 2859 2859 2859 2859 2908 2908 2908
    2883 2859 2859 2859 2859 2908 2908 2908 2883 2883 2883 2883 2883
    2958 2933 2933 2908 2883 2883 2883 2883 2958 2958 2933 2908 2883
    2883 2883 2883 2958 2958 2933 2908 2883 2883 2883 2883 2984 2958
    2958 2933 2883 2883 2883 2883 2984 2958 2958 2933 2908 2908 2883
    2883 2984 2958 2958 2933 2908 2908 2883 2883 3010 2958 2958 2958
    2933 2933 2908 2908 2984 2958 2958 2958 2933 2933 2908 2908 2984
    2958 2958 2958 2933 2933 2933 2933 2984 2984 2984 2958 2933 2933
    2933 2933 3037 2984 2984 2958 2958 2933 2933 2933 3010 2984 2984
    2958 2958 2933 2933 2933 3010 2984 2984 2958 2958 2958 2958 2958
    2723 2984 2958 2958 2958 2958 2958 2958</data></Depth8759>
</opencv_storage>
