<?xml version="1.0"?>
<opencv_storage>
<Depth5329 type_id="opencv-matrix">
  <rows>45</rows>
  <cols>31</cols>
  <dt>w</dt>
  <data>
    4911 4911 4911 4983 5056 5056 5132 5132 5132 5132 2349 2349 2333
    2333 2349 2365 2301 2286 2286 2286 2286 2286 2317 2333 2349 2349
    2349 2349 5210 5210 5210 4911 4911 4911 4983 5056 5132 5132 5132
    5056 2349 2349 2349 2333 2333 2333 2317 2301 2286 2286 2286 2286
    2301 2317 2333 2349 2349 2349 2365 5210 5210 5210 4911 2398 2398
    2398 5056 5132 5132 2381 2365 2349 2349 2349 2333 2333 2317 2301
    2301 2301 2286 2286 2286 2301 2317 2317 2333 2349 2349 2365 5210
    5210 5210 4911 2398 2398 2398 2398 2398 2365 2349 2349 2349 2349
    2349 2333 2317 2317 2301 2286 2286 2286 2286 2286 2301 2317 2317
    2333 2349 2349 2365 5210 5210 5210 2450 2432 2415 2398 2381 2381
    2365 2349 2349 2349 2349 2349 2333 2317 2301 2301 2286 2286 2271
    2271 2286 2286 2301 2317 2333 2349 2349 2349 5210 5210 5210 2450
    2432 2415 2398 2381 2381 2381 2365 2365 2349 2349 2349 2333 2317
    2301 2286 2286 2286 2271 2271 2271 2286 2301 2317 2333 2349 2349
    2349 5210 5210 5210 2450 2432 2415 2398 2381 2381 2381 2365 2365
    2365 2349 2349 2333 2317 2301 2286 2286 2286 2271 2271 2271 2286
    2301 2317 2333 2349 2349 2349 2349 5210 5291 2450 2432 2415 2398
    2398 2381 2381 2381 2381 2365 2349 2333 2333 2317 2301 2301 2286
    2286 2271 2271 2286 2286 2301 2317 2333 2349 2349 2349 2349 5374
    5374 2450 2432 2415 2398 2398 2381 2381 2381 2381 2349 2349 2333
    2333 2317 2317 2301 2286 2286 2286 2286 2286 2301 2317 2333 2333
    2349 2349 2349 2349 5460 5374 2450 2432 2415 2398 2398 2398 2381
    2381 2381 2349 2349 2333 2333 2317 2301 2301 2286 2286 2286 2286
    2286 2301 2317 2333 2333 2349 2349 2349 2349 5460 5374 2467 2450
    2432 2415 2398 2398 2381 2365 2365 2349 2349 2333 2317 2317 2301
    2286 2286 2286 2286 2286 2286 2301 2317 2317 2333 2349 2349 2349
    2365 2398 5291 2450 2432 2415 2415 2398 2398 2381 2365 2365 2349
    2333 2333 2317 2317 2301 2286 2286 2286 2286 2286 2286 2286 2301
    2317 2317 2333 2349 2349 2365 2398 5291 2432 2415 2398 2398 2398
    2381 2381 2365 2349 2349 2333 2333 2333 2317 2301 2286 2286 2286
    2286 2286 2286 2286 2301 2317 2317 2333 2333 2349 2365 2398 5291
    2432 2415 2398 2398 2398 2381 2381 2365 2349 2349 2333 2333 2333
    2317 2301 2286 2286 2286 2286 2286 2286 2301 2301 2317 2317 2333
    2333 2333 2365 2381 5291 4842 2415 2398 2398 2398 2381 2381 2365
    2349 2349 2349 2333 2333 2333 2301 2286 2286 2286 2286 2286 2286
    2286 2301 2317 2317 2333 2333 2333 2349 2349 5291 4842 2415 2398
    2398 2398 2381 2381 2365 2349 2349 2349 2333 2317 2317 2333 2317
    2301 2286 2286 2286 2286 2286 2301 2317 2333 2333 2333 2333 2333
    2333 5291 4842 2415 2398 2398 2398 2381 2381 2365 2365 2349 2349
    2333 2317 2317 2317 2317 2286 2286 2286 2286 2286 2286 2301 2317
    2333 2333 2333 2333 2333 2333 5374 2467 2415 2415 2415 2398 2381
    2381 2365 2365 2349 2333 2333 2333 2333 2317 2301 2286 2286 2286
    2286 2286 2286 2301 2317 2317 2333 2333 2333 2333 2333 5374 2467
    2415 2415 2398 2398 2381 2381 2365 2365 2349 2333 2333 2333 2333
    2317 2301 2286 2286 2286 2286 2286 2301 2301 2317 2317 2333 2333
    2333 2333 2333 5291 4774 2450 2432 2398 2398 2381 2381 2365 2365
    2349 2333 2333 2333 2333 2317 2286 2286 2286 2286 2286 2286 2286
    2286 2301 2317 2317 2317 2333 2333 2333 5291 4774 2450 2432 2415
    2398 2381 2381 2381 2365 2349 2333 2333 2317 2317 2301 2286 2286
    2286 2286 2286 2286 2286 2286 2286 2301 2317 2317 2333 2333 2333
    5374 4774 2450 2415 2415 2398 2398 2398 2381 2349 2349 2333 2333
    2317 2317 2301 2301 2286 2286 2286 2286 2286 2286 2286 2286 2301
    2317 2317 2333 2333 2349 5374 4774 4774 2415 2415 2398 2398 2398
    2381 2349 2349 2333 2333 2317 2317 2301 2301 2301 2286 2286 2286
    2286 2286 2286 2301 2317 2317 2317 2333 2333 2349 2349 4842 4842
    2415 2415 2398 2398 2398 2381 2365 2349 2333 2333 2333 2317 2317
    2301 2286 2286 2286 2286 2286 2286 2286 2317 2317 2317 2317 2333
    2333 2349 2349 4842 4842 2398 2398 2398 2398 2398 2381 2365 2349
    2349 2333 2333 2333 2317 2301 2286 2286 2286 2286 2286 2286 2301
    2301 2317 2317 2333 2333 2333 2333 2333 4842 4842 2381 2381 2398
    2398 2381 2381 2365 2349 2349 2333 2333 2317 2317 2301 2286 2271
    2271 2286 2286 2286 2301 2301 2317 2317 2317 2333 2333 2333 2333
    4911 4911 2381 2381 2398 2398 2381 2381 2365 2349 2349 2333 2333
    2317 2317 2301 2286 2271 2271 2286 2286 2286 2286 2286 2286 2301
    2301 2333 2333 2333 2333 4842 2365 2365 2415 2398 2398 2398 2381
    2365 2349 2349 2333 2333 2317 2317 2317 2301 2286 2286 2286 2286
    2286 2286 2286 2286 2301 2301 2317 2333 2333 2333 4842 2365 2365
    2398 2398 2398 2398 2381 2349 2349 2349 2333 2333 2317 2317 2317
    2301 2286 2286 2286 2271 2271 2286 2286 2301 2301 2301 2317 2333
    2333 2333 4842 4911 2415 2398 2398 2398 2381 2381 2349 2349 2349
    2333 2333 2317 2317 2317 2301 2286 2286 2271 2271 2271 2286 2286
    2301 2301 2301 2333 2333 2333 2333 4842 4911 2415 2398 2398 2398
    2381 2381 2365 2349 2349 2333 2333 2317 2317 2317 2301 2286 2271
    2271 2271 2271 2286 2286 2301 2301 2301 2333 2333 2333 2333 4842
    4983 4983 2398 2398 2398 2381 2381 2365 2349 2349 2333 2333 2317
    2317 2317 2301 2286 2271 2271 2271 2271 2271 2286 2286 2286 2301
    2333 2333 2333 2333 4842 4911 4911 2415 2415 2415 2398 2381 2349
    2349 2333 2333 2333 2317 2317 2317 2301 2286 2286 2271 2271 2271
    2271 2286 2286 2286 2301 2317 2333 2333 2333 4842 4911 4911 2415
    2415 2398 2398 2381 2349 2349 2333 2333 2333 2317 2317 2317 2301
    2286 2286 2286 2271 2271 2286 2286 2286 2286 2301 2317 2333 2333
    2333 4842 4842 4842 2415 2415 2398 2398 2381 2365 2349 2333 2333
    2333 2317 2317 2317 2301 2301 2286 2286 2271 2271 2286 2286 2286
    2286 2301 2333 2333 2333 2333 4842 4842 4842 2415 2415 2398 2398
    2381 2365 2349 2349 2349 2333 2333 2317 2317 2317 2301 2286 2286
    2286 2286 2286 2286 2286 2301 2317 2333 2333 2333 2333 4708 4708
    4708 2415 2415 2398 2398 2365 2365 2365 2349 2349 2333 2333 2317
    2317 2317 2301 2286 2286 2286 2286 2286 2286 2301 2301 2301 2333
    2333 2333 2349 4645 4708 4708 2432 2415 2398 2381 2365 2365 2365
    2349 2349 2333 2333 2317 2317 2301 2301 2286 2286 2286 2286 2286
    2286 2301 2301 2301 2317 2333 2333 2349 4645 4645 2415 2415 2415
    2398 2365 2365 2349 2349 2349 2349 2349 2333 2333 2317 2301 2301
    2286 2286 2271 2271 2286 2286 2286 2286 2301 2317 2333 2333 2349
    4645 4645 2415 2415 2415 2398 2365 2365 2349 2349 2349 2349 2349
    2333 2333 2317 2317 2301 2286 2271 2271 2271 2286 2286 2286 2286
    2301 2317 2333 2333 2349 4645 4645 2415 2415 2415 2398 2381 2349
    2349 2349 2349 2349 2349 2333 2333 2317 2317 2301 2301 2271 2271
    2286 2286 2286 2286 2286 2317 2333 2333 2333 2349 4708 4708 2415
    2415 2415 2398 2381 2349 2349 2349 2349 2349 2349 2333 2333 2333
    2317 2301 2301 2286 2286 2286 2286 2286 2286 2301 2333 2333 2349
    2349 2349 4774 4774 2432 2432 2415 2398 2381 2365 2349 2349 2349
    2349 2349 2333 2333 2333 2333 2317 2317 2317 2301 2301 2286 2286
    2301 2333 2333 5291 5210 5210 5210 4774 4842 4842 2432 2432 2415
    2398 2365 2349 2349 2349 2349 2349 2349 2349 2349 2349 2349 2349
    2333 2317 2317 2333 2317 2317 5291 5291 5291 5210 5210 5291 4842
    4842 4842 4842 2432 2415 2398 2365 2349 2349 2349 5056 2365 2365
    2365 2381 2349 2349 2349 2333 2333 2381 2381 2381 5210 5210 5291
    5291 5291 5291 5291</data></Depth5329>
</opencv_storage>
