<?xml version="1.0"?>
<opencv_storage>
<Depth4469 type_id="opencv-matrix">
  <rows>41</rows>
  <cols>36</cols>
  <dt>w</dt>
  <data>
    5933 5933 5933 5933 5933 5933 5933 5933 5933 6038 6038 6038 2723
    2723 2723 2744 2744 2744 2744 2723 2723 2701 2701 6038 6038 6038
    5933 5933 5933 5933 5832 5832 5832 5734 5734 5734 5933 5933 5933
    5933 5933 5933 5933 5933 5933 2744 2723 2723 2723 2723 2723 2744
    2723 2723 2723 2723 2723 2701 2701 6146 6038 6038 5933 5933 5933
    5933 5832 5832 5832 5734 5734 5734 5933 5933 5933 5933 5933 5933
    5933 2812 2789 2744 2723 2723 2744 2744 2744 2744 2723 2723 2723
    2723 2723 2701 2701 6146 6038 6038 6038 5933 5933 5933 6038 5832
    5832 5734 5734 5734 5933 5933 5933 5832 5832 5933 2767 2767 2767
    2767 2744 2744 2744 2744 2744 2744 2744 2744 2723 2723 2723 2723
    2723 2723 6038 6038 6038 6038 6038 6038 6038 5832 5832 5734 5734
    5832 5933 5933 5933 5832 2812 2812 2767 2767 2767 2767 2767 2744
    2744 2744 2744 2744 2744 2744 2723 2723 2723 2723 2723 2744 2744
    6038 6038 6038 5933 5933 5933 5933 5832 5832 5734 5734 5933 5933
    2859 2835 2812 2812 2767 2767 2767 2767 2744 2744 2744 2744 2744
    2744 2744 2744 2723 2723 2723 2723 2744 2744 2744 6038 6038 5933
    5933 5933 5933 5933 5933 5832 5734 5734 5933 6038 2812 2812 2789
    2767 2744 2744 2744 2744 2744 2744 2744 2744 2744 2744 2744 2744
    2723 2723 2723 2723 2723 2744 2744 6038 6038 5933 5832 5832 5933
    5933 5832 5832 5734 5734 5933 2767 2767 2767 2767 2767 2744 2744
    2744 2744 2744 2744 2744 2744 2744 2744 2744 2744 2723 2723 2723
    2723 2723 2723 2744 2789 6038 5933 5832 5832 5933 5933 5832 5832
    5734 5734 2767 2767 2767 2767 2767 2744 2744 2744 2744 2744 2744
    2744 2744 2744 2744 2744 2744 2744 2744 2723 2723 2723 2723 2723
    2723 2723 2723 5933 5734 5734 5734 5933 5933 5832 5734 5734 2767
    2767 2767 2767 2767 2744 2744 2744 2744 2744 2744 2744 2744 2744
    2744 2744 2744 2744 2744 2723 2723 2723 2723 2723 2701 2701 2701
    5734 5734 5734 5734 5832 5933 5832 5832 5734 2789 2789 2767 2767
    2767 2744 2744 2744 2767 2744 2744 2744 2744 2744 2744 2744 2744
    2744 2744 2723 2723 2723 2723 2701 2701 2680 2680 2680 5734 5734
    5734 5734 5933 5933 5832 5734 2789 2789 2767 2767 2767 2767 2767
    2744 2744 2744 2744 2744 2744 2744 2744 2744 2723 2723 2723 2723
    2723 2723 2723 2701 2680 2680 2680 2680 5734 5734 5734 5734 5933
    5933 5933 5832 2789 2789 2767 2767 2767 2767 2767 2744 2744 2744
    2744 2744 2744 2744 2744 2744 2723 2723 2723 2723 2723 2723 2723
    2701 2680 2659 2659 2659 5832 5832 5832 5832 5933 5933 5933 5832
    2789 2789 2767 2767 2767 2744 2744 2744 2723 2723 2744 2744 2744
    2744 2744 2744 2723 2723 2723 2723 2723 2723 2701 2701 2680 2659
    2659 2659 2680 5933 5933 5933 5933 5933 5933 5832 5832 2789 2789
    2767 2767 2744 2744 2744 2723 2723 2744 2744 2744 2744 2744 2723
    2723 2723 2723 2723 2723 2723 2701 2701 2680 2659 2659 2659 2680
    2680 6038 6038 6038 5933 5933 5933 5832 2789 2789 2767 2767 2744
    2744 2744 2744 2744 2744 2744 2744 2744 2744 2723 2723 2723 2723
    2723 2723 2723 2701 2701 2680 2680 2659 2659 2680 2680 6038 6038
    6038 5933 5933 5933 5640 5640 2789 2767 2767 2744 2744 2744 2744
    2744 2744 2744 2744 2744 2744 2723 2723 2723 2723 2723 2723 2723
    2701 2701 2680 2680 2680 2680 2723 2723 6146 6146 5933 5832 5832
    5832 5640 5640 5640 5640 2767 2767 2744 2744 2744 2744 2744 2744
    2744 2744 2744 2723 2723 2723 2723 2723 2723 2701 2701 2680 2680
    2680 2680 2680 2701 2701 6038 6038 5832 5832 5734 5734 5640 5548
    5460 5460 2767 2767 2744 2744 2744 2744 2744 2744 2744 2744 2744
    2744 2723 2723 2723 2723 2723 2701 2701 2680 2680 2680 2659 2659
    2701 2701 6038 6038 5734 5734 5734 5734 5640 5548 5460 5460 2744
    2744 2744 2744 2744 2744 2744 2744 2744 2744 2744 2744 2723 2723
    2723 2723 2723 2701 2701 2701 2680 2680 2659 2659 2680 2680 2680
    5832 5734 5734 5734 5734 5640 5548 5548 5548 2723 2723 2744 2744
    2744 2744 2744 2744 2744 2744 2744 2744 2723 2723 2723 2723 2723
    2701 2701 2680 2680 2680 2659 2659 2680 2659 2659 5832 5734 5734
    5734 5734 5640 5640 5640 5734 2723 2723 2744 2744 2744 2744 2744
    2744 2744 2744 2744 2723 2723 2723 2723 2723 2723 2701 2701 2680
    2680 2680 2659 2659 2680 2659 2659 2680 5832 5734 5734 5734 5640
    5640 5734 5832 2723 2723 2744 2744 2744 2744 2744 2744 2744 2744
    2744 2723 2723 2723 2723 2701 2701 2701 2701 2680 2680 2680 2659
    2659 2680 2680 2680 2680 5933 5832 5734 5734 5640 5640 5640 5640
    2723 2723 2744 2744 2744 2744 2744 2744 2744 2744 2744 2723 2723
    2723 2723 2701 2701 2701 2701 2680 2680 2680 2659 2659 2680 2680
    2680 2680 2680 5933 5734 5734 5640 5640 5640 5640 5640 2744 2744
    2744 2744 2744 2744 2744 2744 2744 2723 2723 2723 2723 2723 2701
    2701 2701 2701 2680 2680 2680 2680 2680 2680 2680 2680 2680 2659
    2659 5734 5734 5640 5640 5640 5548 5548 2767 2744 2744 2744 2744
    2744 2744 2744 2744 2723 2723 2723 2723 2723 2723 2701 2701 2701
    2680 2680 2680 2680 2680 2701 2701 2680 2680 2659 2659 5832 5832
    5734 5640 5640 5548 5548 2767 2744 2744 2744 2744 2744 2744 2723
    2723 2723 2723 2723 2723 2723 2723 2701 2701 2701 2701 2701 2680
    2659 2659 2701 2701 2701 2680 2659 2659 2680 5734 5640 5640 5640
    5548 5548 5548 2744 2744 2744 2744 2744 2744 2723 2723 2723 2723
    2723 2723 2723 2723 2701 2701 2701 2701 2701 2680 2659 2659 2680
    2680 2680 2680 2680 2680 2680 5734 5640 5640 5640 5548 5548 5548
    2744 2744 2744 2744 2744 2744 2744 2723 2723 2723 2723 2723 2723
    2723 2701 2701 2680 2680 2680 2680 2659 2659 2680 2680 2680 2680
    2680 2680 2680 5734 5640 5734 5640 5640 5640 5548 5548 2744 2744
    2744 2744 2744 2744 2723 2723 2723 2723 2723 2723 2723 2701 2680
    2680 2680 2680 2680 2659 2659 2680 2680 2680 2680 2680 2659 2659
    2680 5640 5640 5640 5640 5640 5548 5548 2744 2744 2744 2744 2744
    2744 2723 2723 2723 2723 2723 2723 2723 2701 2680 2680 2680 2680
    2680 2659 2659 2680 2680 2680 2680 2680 2659 2659 2659 5640 5640
    5640 5640 5640 5640 5640 5640 2767 2744 2744 2744 2744 2744 2723
    2723 2723 2723 2723 2723 2701 2680 2659 2659 2659 2659 2680 2680
    2680 2680 2680 2680 2680 2659 2659 2659 5548 5548 5640 5640 5640
    5640 5640 5640 5734 2744 2744 2744 2744 2744 2744 2744 2723 2723
    2723 2723 2701 2680 2659 2659 2659 2659 2680 2680 2680 2680 2680
    2680 2680 2659 2659 2659 5548 5548 5640 5640 5640 5640 5640 5640
    5734 2767 2744 2744 2744 2744 2744 2744 2723 2723 2723 2723 2701
    2680 2680 2659 2659 2659 2659 2680 2680 2680 2680 2680 2680 2659
    2659 2659 5548 5548 5548 5548 5548 5640 5640 5640 5734 2767 2767
    2744 2744 2723 2723 2723 2723 2723 2723 2701 2680 2680 2680 2680
    2680 2659 2659 2680 2680 2680 2659 2659 2680 2680 2680 5734 5548
    5640 5548 5548 5548 5640 5640 5640 5734 2789 2744 2744 2744 2723
    2723 2723 2723 2723 2723 2701 2680 2680 2680 2680 2680 2680 2680
    2680 2680 2680 2659 2659 2680 5734 5734 5734 5548 5640 5548 5548
    5548 5640 5640 5640 5640 5933 2723 2723 2723 2723 2723 2723 2723
    2723 2723 2701 2701 2701 2680 2680 2680 2680 2680 2680 2680 2680
    2680 5734 5734 5734 5832 5734 5640 5640 5548 5548 5548 5640 5640
    5640 5640 5832 2723 2723 2723 2723 2723 2723 2723 2723 2701 2701
    2701 2701 2680 2680 2680 2701 2701 2701 2723 5933 5933 5832 5832
    5933 5832 5734 5640 5640 5548 5548 5548 5640 5640 5640 5640 5640
    2723 2723 2723 2723 2723 2723 2723 2701 2701 2701 2723 2701 2701
    2701 2701 2744 2744 2744 2744 5933 5933 5933 5933 5933 5832 5832
    5548 5548 5548 5640 5640 5640 5640 5640 5640 5640 5548 5548 2723
    2723 2723 2723 2723 2701 2701 2701 2723 2701 2701 2701 0 2744 2744
    5832 5832 5832 5933 5933 5933 5933 5933 5832 5548 5548 5548 5640
    5640 5640 5640 5640 5640 5548 5548 5548 2723 2723 2723 2723 2723
    2701 2701 2701 2701 2767 2767 2767 0 2701 2744 2744 2701 2701 2701
    2680 2680 6146 6038 5832</data></Depth4469>
</opencv_storage>
