<?xml version="1.0"?>
<opencv_storage>
<Depth13736 type_id="opencv-matrix">
  <rows>9</rows>
  <cols>35</cols>
  <dt>w</dt>
  <data>
    3774 3774 3903 4349 4349 4349 4349 4349 4349 4349 4295 4295 4295
    4295 4295 3994 3994 3994 3994 3994 3994 3994 4041 4041 3948 3948
    3994 3994 3994 3994 3994 3859 3816 3816 3816 3774 4241 4295 4295
    4349 4349 4349 4241 4190 4190 4241 4190 4190 4041 4041 3994 3994
    3994 3994 3994 3994 3994 3994 3994 3994 3994 3948 3948 3948 3903
    3903 3859 3816 3816 3816 4241 4241 4295 4295 4295 4295 4241 4241
    4190 4190 4190 4190 4190 4041 4041 3994 3994 3994 3994 3994 3994
    3994 3994 3994 3994 3994 3948 3948 3948 3903 3903 3859 3816 3816
    3774 4295 4295 4295 4295 4241 4241 4241 4190 4190 4190 4190 4190
    4190 4089 4089 4041 4041 4041 3994 3994 3994 3994 3994 3994 3994
    3994 3948 3948 3948 3903 3903 3859 3816 3774 3774 4295 4295 4295
    4241 4190 4190 4190 4190 4190 4190 4190 4190 4139 4139 4139 4089
    4089 3994 3994 3994 3994 4041 4041 3994 3994 3994 3948 3948 3948
    3903 3903 3859 3732 3732 3692 3539 4349 4295 4241 4139 4139 4139
    4139 4190 4190 4190 4190 4139 4139 4139 4089 4089 3994 3994 3994
    4041 4089 4041 3994 3994 3994 3948 3948 3948 3903 3903 3816 3732
    3692 3692 3539 3576 3653 3653 4139 4139 4089 4089 4089 4190 4190
    4190 4139 4139 4139 4139 4139 4295 3994 3994 4041 4089 4089 3994
    3994 3994 3994 3948 3948 3903 3903 3816 3774 3692 3692 3576 3576
    3653 3653 3653 3816 3816 3816 3903 4190 4190 4190 4089 4089 4089
    4089 4241 4295 3994 3994 4041 4139 4089 4041 3994 3994 3994 3994
    3994 3948 3948 3948 3948 3994 0 3576 3614 3653 3653 3692 3732 3774
    3774 3903 4190 4190 4190 4089 3903 3903 3948 3948 3948 4089 4089
    4089 4139 4190 0 3994 3994 3994 3994 3994 4041 0 0 0 0 0</data></Depth13736>
</opencv_storage>
