<?xml version="1.0"?>
<opencv_storage>
<Depth15747 type_id="opencv-matrix">
  <rows>142</rows>
  <cols>125</cols>
  <dt>w</dt>
  <data>
    802 800 800 800 800 800 800 800 802 805 807 807 809 817 821 821 0 0
    0 0 0 1119 1115 1115 1119 1119 1123 1126 1130 1138 1141 1141 1145
    1153 1153 1153 1647 1647 1655 1655 1663 1671 1680 1688 1705 1722
    1722 1722 1722 1739 1757 1766 1766 1776 1794 1794 1794 1794 1794
    1823 1853 1863 1863 1873 1883 1894 1904 1904 1926 1947 1947 1959
    1959 1959 1959 1993 2005 2016 2028 2040 2040 2053 2053 2103 2116
    2143 2143 2143 2170 0 0 0 0 0 0 0 0 0 0 0 0 0 0 2450 2432 2432 2415
    2415 2398 2398 2381 2381 2349 2333 2333 2349 2349 2365 2365 2365
    2381 2381 2381 0 3365 802 800 800 800 798 798 800 800 800 802 803
    803 809 815 821 821 0 0 0 0 0 1119 1119 1119 1119 1123 1126 1130
    1134 1141 1149 1149 1149 1153 1153 1655 1647 1647 1647 1663 1680
    1688 1688 1696 1713 1731 1731 1731 1731 1757 1766 1766 1776 1785
    1794 1794 1804 1804 1813 1843 1863 1863 1873 1873 1883 1904 1904
    1915 1926 1959 1970 1970 1970 1970 1970 2005 2016 2028 2040 2053
    2053 2078 2078 2103 2129 2143 2156 2156 2170 0 0 0 0 0 0 0 0 0 0 0 0
    0 2485 2450 2432 2432 2415 2415 2398 2398 2381 2381 2349 2333 2333
    2349 2349 2365 2365 2365 2381 2381 2381 3333 3333 800 800 800 796
    796 796 796 798 800 800 802 802 807 815 821 819 819 0 0 0 0 1126
    1123 1123 1123 1126 1126 1134 1141 1149 1149 1153 1153 1153 1655
    1655 1647 1647 1647 1680 1713 1713 1713 1731 1739 1748 1748 1757
    1785 1785 1776 1776 1776 1785 1794 1794 1804 1813 1823 1843 1863
    1863 1873 1883 1883 1904 1904 1915 1936 1959 1970 1970 1970 2005
    2016 2016 2028 2040 2040 2040 2103 2103 2103 2116 2129 2156 2156
    2156 2170 0 0 0 0 0 0 0 0 0 0 0 0 0 2467 2467 2450 2450 2432 2415
    2415 2398 2381 2381 2349 2349 2349 2349 2365 2381 2381 2381 2398
    2398 2398 3333 3333 800 800 798 796 796 796 796 798 798 800 800 800
    802 807 811 811 813 817 817 817 0 1130 774 774 774 776 778 1138 1141
    1145 1145 1149 1149 1149 1655 1655 1663 1663 1671 1688 1713 1722
    1722 1722 1739 1748 1757 1766 1785 1804 1804 1804 1794 1794 1804
    1813 1813 1823 1833 1843 1873 1873 1894 1904 1915 1915 1915 1926
    1947 1970 1970 1993 1993 2005 2053 2053 2053 2103 2103 0 2156 2156
    2143 2143 2143 2156 2170 2170 2170 0 0 0 0 0 0 0 0 0 0 0 0 0 2467
    2467 2467 2467 2467 2450 2415 2415 2398 2398 2365 2349 2349 2349
    2381 2381 2398 2398 2398 2398 2398 3365 3365 800 800 796 794 794 794
    794 796 798 798 800 800 800 803 807 809 809 815 817 817 776 776 774
    774 774 776 778 778 778 1145 1145 1149 1149 1149 1671 1671 1671 1671
    1680 1705 1713 1722 1722 1722 1739 1757 1757 1776 1785 1804 1804
    1813 1804 1804 1813 1823 1823 1833 1843 1843 1904 1904 1904 1915
    1915 1915 1915 1926 1970 1993 2005 2016 2016 2028 2053 2053 2090
    2103 2103 2103 2156 2156 2156 2156 2156 2170 2170 2170 0 0 0 0 0 0 0
    0 0 0 0 0 0 0 2485 2485 2485 2485 2467 2467 2450 2432 2415 2398 2381
    2381 2381 2381 2381 2398 2398 2398 2398 2398 3433 3399 3399 800 798
    796 794 794 794 794 794 796 796 798 800 800 802 803 803 807 815 817
    774 774 776 776 776 776 776 778 778 778 780 783 783 0 0 1680 1680
    1680 1680 1688 1705 1713 1722 1722 1722 1748 1766 1766 1776 1794
    1804 1804 1813 1813 1823 1823 1843 1853 1853 1863 1894 1915 1915
    1915 1915 1915 1959 1959 1959 2005 2005 2005 2028 2040 2065 2065
    2090 2090 2103 2103 2103 2156 2156 2156 2156 2212 2212 0 0 0 0 0 0 0
    0 0 0 0 0 0 0 0 2522 2503 2503 2503 2485 2485 2467 2467 2450 2432
    2415 2398 2398 2398 2432 2415 2398 2398 2398 2398 2415 3433 3399
    3399 800 798 796 794 794 794 794 794 794 794 796 798 798 800 802 802
    805 815 774 774 774 776 776 776 776 776 778 778 780 780 783 0 0 0 0
    0 0 1713 1705 1705 1713 1722 1722 1731 1731 1776 1776 1785 1794 1794
    1813 1813 1823 1823 1833 1863 1863 1863 1883 1894 1915 1915 1915
    1915 1915 1970 1970 1970 2005 2005 2016 2065 2078 2065 2065 2078
    2090 2103 2103 2156 2156 2170 2170 2184 2212 2212 0 0 0 0 0 0 0 0 0
    0 0 0 0 0 2560 2522 2522 2503 2503 2503 2485 2485 2467 2467 2450
    2432 2415 2415 2450 2450 2450 2432 2415 2415 2415 3468 3468 3433
    3433 798 796 794 794 794 794 794 794 794 794 796 798 798 798 802 802
    805 776 774 774 776 778 778 776 776 778 778 778 780 780 783 783 0 0
    0 0 0 1713 1713 1722 1722 1731 1731 1748 1794 1785 1785 1794 1794
    1794 1813 1823 1833 1833 1863 1863 1863 1863 1904 1915 1915 1915
    1926 1947 1947 1981 1981 1981 1993 2016 2065 2065 2065 2065 2065
    2078 2090 2103 2116 2143 2156 2170 2184 2184 2212 2212 2212 2226 0 0
    0 0 0 0 0 0 0 0 0 2541 2541 2541 2541 2522 2522 2503 2503 2485 2485
    2467 2467 2432 2432 2450 2467 2467 2467 2467 2467 3468 3468 3468
    3468 3468 3468 798 796 794 794 794 794 794 794 792 792 794 796 796
    798 800 774 774 774 774 776 776 778 778 778 778 778 778 778 778 778
    778 781 0 0 0 0 0 0 1748 1748 1748 1757 1776 1785 1794 1804 1794
    1794 1794 1804 1823 1833 1843 1853 1863 1863 1873 1883 1915 1915
    1915 1926 1936 1970 1993 1993 1993 1993 1993 2040 2065 2065 2065
    2078 2090 2103 2116 2116 2129 2143 2156 2170 2184 2184 2212 2212
    2212 2226 0 0 0 0 0 0 0 0 0 0 0 2541 2541 2541 2541 2541 2541 2522
    2522 2503 2503 2485 2467 2432 2432 2450 2485 2485 2485 2485 2485
    3468 3468 3468 3468 3468 3503 794 794 792 792 792 792 792 792 792
    792 794 794 796 798 776 774 774 774 774 776 776 778 778 778 778 778
    778 778 778 778 778 780 0 0 0 0 0 0 1748 1748 1748 1757 1776 1785
    1794 1804 1804 1804 1833 1833 1843 1843 1853 1863 1863 1863 1873
    1883 1915 1915 1926 1936 1947 1970 1993 1993 1993 2005 2028 2040
    2065 2065 2065 2078 2103 2116 2116 2116 2129 2143 2156 2170 2170
    2184 2198 2212 2212 0 0 0 0 0 0 0 0 0 0 0 2485 2485 2541 2541 2541
    2560 2541 2541 2541 2503 2503 2485 2485 2485 2485 2503 2503 2503
    2503 2522 3468 3468 3468 3468 3503 3503 3503 794 794 792 792 792 792
    792 792 792 792 792 792 787 781 776 774 774 774 774 776 776 778 778
    778 778 778 778 778 778 778 780 778 778 0 0 0 0 0 0 1785 1785 1785
    1785 1785 1794 1804 1823 1833 1843 1843 1853 1853 1863 1873 1873
    1873 1904 1915 1915 1926 1936 1947 1959 1993 2005 2005 2016 2016
    2040 2053 2065 2065 2078 2090 2116 2129 2129 2143 2156 2156 2170
    2170 2170 2184 2198 2212 2212 0 0 0 0 0 0 0 0 0 0 0 2485 2485 2560
    2560 2560 2560 2560 2560 2541 2522 2503 2503 2503 2485 2485 2503
    2522 2522 2522 2541 3468 3468 3468 3468 3503 3503 3503 794 794 792
    792 792 792 792 792 792 790 787 787 781 780 778 776 776 774 774 774
    776 778 778 778 778 778 778 778 778 778 778 778 778 783 0 0 0 0 0
    1766 1766 1785 1785 1794 1804 1813 1823 1833 1843 1853 1863 1863
    1863 1873 1894 1894 1926 1936 1926 1926 1936 1947 1970 1993 2005
    2016 2016 2028 2028 2090 2090 2078 2078 2103 2129 2143 2143 2156
    2156 2170 2170 2170 2184 2198 2198 2198 0 0 0 0 0 0 0 0 0 0 0 0 0 0
    2579 2579 2579 2579 2560 2560 2541 2522 2522 2503 2503 2503 2503
    2522 2541 2541 2541 2541 3468 3468 3468 3468 3503 3539 3539 792 792
    792 792 790 790 790 790 790 790 787 783 780 778 776 774 774 774 774
    774 776 778 778 778 778 778 778 778 778 778 778 780 780 783 787 0 0
    0 0 1766 1766 1785 1794 1813 1813 1823 1823 1843 1863 1873 1883 1883
    1883 1904 1904 1904 1936 1936 1947 1959 1959 2005 2005 2005 2016
    2016 2028 2040 2040 2040 2156 2156 2198 2198 2198 2198 2156 2156
    2156 2198 2226 2256 2241 2226 2226 2226 0 0 0 0 0 0 0 0 0 0 0 0 0 0
    2639 2618 2598 2598 2579 2560 2560 2541 2522 2503 2503 2503 2503
    2522 2541 2541 2560 2560 3503 3503 3503 3503 3503 3576 3576 792 792
    792 792 790 790 790 789 787 785 783 778 776 774 774 774 774 774 774
    774 776 778 778 778 778 778 778 780 780 778 778 780 780 783 787 787
    0 0 0 1804 1804 1804 1813 1823 1823 1823 1833 1843 1843 1883 1883
    1894 1894 1915 1915 1947 1947 1959 1959 1970 1993 2005 2028 2028
