<?xml version="1.0"?>
<opencv_storage>
<Depth1299 type_id="opencv-matrix">
  <rows>71</rows>
  <cols>43</cols>
  <dt>w</dt>
  <data>
    3064 3064 3120 3120 3120 3120 3120 3120 1445 1445 1421 1415 1415
    3064 3064 3037 1365 1354 1354 1349 1343 1338 1333 1328 1328 1328
    1328 1328 1333 1338 1343 1343 1343 1349 1354 1359 1359 1359 1365
    1365 3037 3010 3010 3010 3010 3120 3120 3120 3120 3120 1452 1445
    1433 1421 1415 1410 1387 1376 1370 1365 1354 1354 1349 1338 1333
    1328 1328 1328 1328 1328 1333 1333 1338 1343 1343 1343 1349 1349
    1354 1359 1359 1365 1370 1370 3010 3010 1503 1503 1503 1503 1503
    1503 1452 1445 1439 1427 1415 1415 1404 1387 1376 1370 1365 1354
    1354 1349 1338 1333 1328 1322 1322 1322 1328 1328 1333 1338 1338
    1343 1343 1349 1349 1354 1354 1359 1365 1370 1370 1370 3037 1503
    1503 1503 1489 1470 1458 1452 1445 1439 1427 1415 1410 1398 1387
    1376 1376 1365 1354 1354 1349 1333 1328 1322 1322 1322 1322 1322
    1328 1333 1338 1338 1343 1343 1349 1349 1354 1354 1359 1365 1370
    1370 1370 3010 1503 1503 1503 1489 1470 1458 1452 1445 1439 1421
    1415 1410 1398 1387 1381 1376 1365 1354 1354 1349 1333 1328 1322
    1322 1322 1322 1322 1328 1333 1338 1338 1338 1343 1349 1354 1354
    1354 1359 1370 1370 1376 1376 3010 1503 1503 1489 1483 1470 1464
    1458 1445 1439 1421 1421 1415 1398 1387 1381 1376 1370 1359 1354
    1349 1338 1333 1322 1322 1322 1322 1322 1328 1333 1338 1338 1338
    1343 1349 1354 1354 1354 1359 1370 1370 1376 1376 3010 1503 1503
    1489 1483 1470 1464 1458 1445 1433 1421 1421 1415 1398 1392 1381
    1376 1370 1365 1359 1349 1338 1333 1328 1322 1322 1322 1328 1328
    1333 1333 1338 1338 1343 1349 1354 1354 1359 1365 1370 1370 1376
    1376 3010 1503 1503 1489 1483 1470 1464 1458 1445 1433 1421 1421
    1415 1398 1392 1387 1376 1370 1365 1354 1349 1343 1333 1328 1322
    1322 1322 1328 1328 1333 1333 1338 1338 1343 1349 1354 1354 1359
    1365 1370 1370 1376 1376 3010 1503 1503 1489 1483 1470 1470 1458
    1445 1427 1427 1421 1410 1404 1392 1387 1376 1370 1365 1354 1349
    1343 1333 1328 1322 1322 1322 1328 1328 1333 1333 1338 1343 1349
    1349 1354 1354 1359 1365 1370 1370 1376 1376 3010 1503 1503 1489
    1483 1470 1470 1458 1445 1427 1427 1421 1410 1404 1392 1387 1381
    1370 1365 1354 1349 1343 1333 1328 1328 1322 1322 1328 1328 1333
    1333 1338 1343 1349 1349 1354 1354 1359 1365 1370 1370 1370 1370
    3010 1503 1503 1489 1489 1477 1470 1458 1445 1433 1433 1427 1410
    1398 1392 1387 1381 1370 1365 1354 1349 1343 1338 1333 1328 1322
    1322 1328 1333 1333 1333 1338 1343 1349 1349 1354 1354 1359 1365
    1370 1370 1370 1370 3010 1503 1503 1489 1483 1477 1470 1458 1452
    1439 1439 1427 1410 1398 1392 1387 1376 1370 1370 1359 1349 1343
    1333 1328 1322 1322 1322 1328 1333 1333 1338 1343 1349 1349 1349
    1354 1359 1365 1365 1370 1370 1370 1370 3037 1503 1503 1489 1483
    1477 1470 1458 1452 1445 1439 1427 1410 1398 1398 1387 1376 1376
    1370 1365 1349 1343 1333 1328 1322 1322 1322 1328 1333 1333 1338
    1343 1349 1349 1349 1354 1354 1359 1365 1370 1370 1370 1376 1376
    1503 1503 1489 1483 1477 1470 1458 1452 1445 1439 1427 1415 1398
    1398 1387 1376 1376 1370 1359 1349 1343 1333 1328 1322 1322 1322
    1328 1333 1338 1343 1343 1349 1349 1349 1354 1354 1359 1365 1370
    1370 1370 1376 1376 1489 1496 1496 1483 1477 1470 1464 1452 1445
    1439 1427 1415 1404 1398 1387 1376 1376 1370 1359 1349 1343 1333
    1328 1322 1322 1322 1328 1333 1333 1338 1343 1343 1349 1349 1354
    1354 1359 1365 1370 1370 1376 1376 1376 1483 1496 1496 1483 1477
    1470 1464 1452 1445 1439 1433 1415 1410 1404 1387 1376 1376 1370
    1359 1349 1343 1333 1328 1322 1322 1322 1328 1333 1333 1338 1343
    1343 1349 1354 1354 1354 1359 1365 1370 1370 1376 1376 1376 1483
    1496 1496 1489 1477 1470 1464 1458 1445 1439 1427 1415 1404 1398
    1392 1381 1376 1370 1359 1354 1349 1338 1328 1322 1322 1328 1328
    1333 1333 1338 1338 1343 1349 1354 1354 1359 1359 1365 1370 1370
    1376 1381 1381 1489 1496 1496 1489 1477 1470 1464 1452 1445 1439
    1427 1415 1404 1398 1392 1381 1376 1370 1359 1354 1349 1338 1328
    1328 1328 1328 1328 1333 1333 1338 1338 1343 1349 1354 1354 1359
    1365 1370 1370 1370 1376 1381 1381 1496 1496 1496 1489 1477 1470
    1464 1452 1445 1433 1427 1415 1410 1398 1392 1381 1376 1370 1359
    1354 1349 1338 1328 1328 1328 1328 1333 1333 1333 1338 1343 1349
    1349 1349 1354 1354 1359 1370 1370 1370 1376 1376 1376 1503 1503
    1496 1489 1477 1470 1464 1458 1445 1433 1427 1415 1410 1398 1392
    1381 1376 1370 1359 1354 1349 1343 1328 1328 1328 1328 1333 1333
    1333 1338 1343 1343 1349 1349 1354 1354 1359 1365 1370 1370 1370
    1370 1370 1503 1503 1496 1489 1477 1470 1464 1458 1445 1433 1427
    1415 1410 1398 1392 1387 1376 1370 1359 1354 1349 1343 1328 1328
    1328 1333 1333 1333 1338 1338 1343 1343 1349 1349 1354 1354 1359
    1365 1370 1370 1370 1370 1370 1503 1503 1496 1489 1483 1470 1464
    1458 1445 1433 1427 1415 1410 1398 1392 1387 1376 1370 1359 1354
    1349 1343 1333 1328 1328 1328 1333 1333 1338 1338 1343 1343 1349
    1349 1349 1354 1365 1365 1370 1370 1370 1376 1376 1503 1503 1496
    1489 1483 1470 1464 1458 1445 1439 1427 1415 1410 1398 1392 1392
    1376 1370 1359 1354 1349 1338 1333 1328 1328 1328 1333 1333 1338
    1338 1343 1343 1349 1349 1349 1354 1365 1365 1370 1370 1370 1376
    1376 1503 1503 1496 1489 1483 1470 1464 1458 1445 1439 1433 1415
    1410 1398 1398 1387 1376 1370 1359 1354 1349 1338 1333 1328 1328
    1328 1333 1338 1338 1343 1343 1343 1349 1349 1354 1354 1365 1370
    1370 1370 1376 1376 1381 1503 1503 1496 1489 1483 1470 1464 1458
    1445 1439 1433 1427 1410 1398 1398 1387 1376 1370 1365 1354 1349
    1338 1333 1328 1328 1328 1333 1338 1338 1343 1349 1349 1349 1349
    1354 1354 1365 1370 1370 1376 1376 1376 1381 1523 1509 1496 1489
    1483 1470 1464 1458 1445 1439 1439 1427 1410 1404 1398 1387 1381
    1376 1365 1354 1349 1338 1333 1333 1333 1333 1333 1338 1338 1343
    1349 1349 1354 1354 1354 1359 1365 1370 1370 1376 1376 1376 1392
    1523 1509 1503 1489 1483 1470 1464 1458 1445 1445 1439 1427 1415
    1404 1398 1387 1381 1376 1365 1359 1354 1338 1333 1333 1333 1333
    1333 1338 1343 1343 1349 1349 1354 1354 1354 1359 1365 1365 1370
    1376 1376 1376 1376 1516 1509 1503 1496 1483 1470 1464 1458 1452
    1445 1439 1427 1415 1404 1398 1392 1381 1376 1365 1359 1354 1338
    1333 1333 1333 1333 1338 1338 1343 1343 1343 1349 1354 1354 1354
    1359 1365 1365 1370 1376 1376 1376 1376 1516 1503 1496 1496 1483
    1477 1464 1464 1452 1445 1439 1427 1415 1404 1398 1392 1387 1376
    1365 1359 1349 1343 1333 1333 1333 1333 1333 1333 1338 1343 1343
    1349 1349 1354 1359 1359 1365 1365 1370 1376 1376 1381 1381 1516
    1503 1496 1496 1483 1477 1464 1464 1452 1439 1433 1415 1410 1404
    1398 1392 1381 1376 1370 1359 1349 1338 1333 1333 1333 1333 1333
    1333 1338 1343 1343 1349 1349 1354 1359 1359 1365 1370 1370 1376
    1381 1381 1381 1516 1503 1496 1496 1489 1477 1470 1464 1452 1439
    1433 1415 1410 1404 1398 1387 1381 1376 1370 1359 1343 1338 1333
    1333 1333 1333 1333 1333 1338 1343 1343 1349 1349 1354 1359 1359
    1365 1370 1370 1376 1376 1381 1381 1516 1503 1503 1496 1489 1477
    1470 1464 1452 1439 1433 1427 1415 1404 1398 1387 1381 1376 1370
    1359 1343 1338 1333 1333 1333 1333 1333 1333 1338 1343 1349 1349
    1349 1354 1354 1359 1365 1370 1370 1376 1376 1376 1376 1523 1509
    1496 1496 1483 1477 1470 1464 1452 1445 1433 1421 1415 1410 1398
    1387 1381 1376 1370 1354 1343 1338 1333 1333 1333 1333 1333 1333
    1343 1343 1349 1349 1354 1354 1354 1359 1365 1370 1370 1376 1376
    1376 1376 1516 1509 1496 1496 1483 1477 1470 1464 1452 1445 1439
    1421 1415 1410 1398 1387 1381 1376 1370 1354 1343 1338 1333 1333
    1333 1333 1333 1338 1343 1349 1349 1349 1349 1354 1354 1359 1365
    1370 1370 1370 1370 1376 1376 1516 1509 1503 1496 1483 1477 1470
    1464 1452 1445 1439 1421 1415 1410 1398 1387 1381 1376 1370 1354
