<?xml version="1.0"?>
<opencv_storage>
<Depth5102 type_id="opencv-matrix">
  <rows>60</rows>
  <cols>52</cols>
  <dt>w</dt>
  <data>
    4190 4190 4190 4190 4190 4190 4190 4139 4041 3208 3178 3149 3120
    3092 3092 3064 3037 3010 3010 2984 2958 2958 2933 2908 2908 2908
    1853 1863 1863 1863 1883 1883 1894 1904 1904 2984 2958 2958 2958
    2958 2958 2958 2958 2958 2958 2958 2933 2933 2933 2933 2933 2933
    4190 4190 4190 4190 4190 4190 4190 4190 4139 3208 3178 3149 3120
    3092 3092 3064 3037 3010 3010 2984 2958 2958 2958 2958 1853 1853
    1853 1853 1863 1863 1883 1883 1894 1894 1894 2984 2958 2958 2958
    2958 2958 2958 2933 2933 2933 2933 2958 2933 2933 2933 2933 2933
    4190 4190 4190 4190 4190 4190 4190 4190 4139 4139 3208 3149 3120
    3120 3092 3064 3037 3010 3010 1853 1853 1853 1853 1853 1853 1853
    1853 1853 1863 1863 1873 1873 1883 1894 1894 1904 2958 2958 2958
    2958 2933 2933 2933 2933 2933 2933 2933 2933 2933 2933 2933 2933
    4190 4190 4190 4190 4190 4190 4139 4139 4139 4139 4190 3149 3120
    3120 3092 3092 3037 3010 1853 1853 1853 1853 1843 1843 1843 1853
    1853 1863 1853 1853 1863 1863 1883 1883 1894 1904 2958 2958 2958
    2933 2933 2933 2933 2933 2933 2933 2933 2933 2933 2933 2933 2933
    4190 4190 4190 4190 4190 4190 4139 4139 4139 4139 4139 4139 3149
    3120 3092 3092 3010 1843 1843 1843 1843 1853 1843 1843 1843 1853
    1853 1853 1853 1853 1863 1863 1873 1873 1873 1894 2958 2933 2933
    2933 2933 2933 2933 2933 2933 2933 2933 2933 2933 2933 2933 2933
    4190 4190 4190 4190 4139 4139 4139 4139 4089 4089 4139 4139 4139
    3120 1813 1813 1823 1833 1843 1843 1843 1843 1843 1843 1843 1853
    1853 1853 1853 1853 1863 1863 1873 1873 1873 1883 1883 2933 2933
    2933 2933 2933 2933 2933 2933 2933 2933 2933 2933 2933 2933 2933
    4190 4190 4190 4190 4139 4139 4139 4089 4089 4089 4089 4139 1813
    1813 1813 1813 1823 1833 1833 1843 1843 1843 1843 1843 1853 1853
    1853 1853 1853 1853 1853 1853 1873 1873 1873 1873 1873 2908 2908
    2933 2933 2933 2933 2933 2933 2933 2933 2933 2933 2933 2933 2933
    4190 4190 4190 4190 4139 4139 4139 4089 1804 1804 1804 1813 1813
    1813 1813 1813 1823 1833 1833 1833 1843 1843 1843 1843 1853 1853
    1853 1853 1853 1853 1853 1853 1863 1863 1863 1873 1873 2908 2908
    2933 2933 2933 2933 2933 2933 2933 2933 2933 2933 2933 2933 2933
    4190 4139 4139 4139 4139 4139 4139 1794 1794 1804 1804 1813 1813
    1813 1813 1813 1823 1833 1833 1833 1833 1843 1843 1843 1853 1853
    1853 1853 1853 1853 1853 1853 1863 1863 1863 1863 1863 1873 2908
    2933 2933 2933 2933 2933 2933 2933 2933 2933 2933 2933 2933 2933
    4190 4139 4139 4139 4139 1804 1794 1794 1794 1804 1804 1813 1813
    1813 1813 1813 1823 1823 1833 1833 1833 1843 1843 1843 1853 1853
    1853 1853 1853 1853 1853 1853 1863 1863 1863 1863 1863 1873 2933
    2933 2933 2933 2933 2933 2933 2933 2933 2933 2933 2933 2933 2908
    4190 4190 4190 1804 1804 1804 1794 1794 1804 1804 1804 1804 1804
    1804 1813 1813 1813 1823 1823 1833 1833 1843 1843 1843 1843 1843
    1843 1853 1853 1853 1853 1853 1863 1863 1863 1863 1863 1863 2933
    2933 2933 2933 2933 2933 2933 2933 2908 2908 2908 2933 2933 2908
    1863 1863 1853 1853 1804 1804 1804 1804 1804 1804 1804 1804 1804
    1804 1813 1813 1813 1813 1823 1823 1823 1843 1843 1843 1843 1843
    1843 1843 1843 1853 1853 1853 1863 1863 1863 1863 1863 1863 2933
    2933 2933 2933 2933 2933 2933 2933 2908 2908 2908 2908 2908 2908
    1863 1863 1853 1833 1813 1804 1804 1804 1804 1804 1804 1804 1804
    1804 1813 1813 1813 1813 1813 1823 1823 1833 1833 1843 1843 1843
    1843 1843 1843 1853 1853 1853 1863 1863 1863 1863 1863 1873 2933
    2933 2933 2933 2933 2933 2933 2933 2933 2908 2908 2908 2908 2908
    1863 1863 1853 1833 1813 1804 1804 1804 1804 1804 1804 1804 1804
    1804 1804 1804 1813 1813 1813 1823 1823 1833 1833 1833 1833 1843
    1843 1843 1843 1843 1843 1853 1863 1863 1863 1863 1863 1873 1873
    2933 2933 2933 2933 2933 2933 2933 2933 2933 2933 2933 2933 2933
    1863 1863 1853 1843 1813 1804 1804 1804 1804 1804 1804 1804 1804
    1804 1804 1804 1813 1813 1813 1813 1813 1823 1833 1833 1833 1843
    1843 1843 1843 1843 1843 1843 1853 1853 1853 1853 1863 1873 1873
    2933 2933 2933 2933 2933 2933 2933 2933 2933 2933 2933 2933 2933
    1883 1863 1853 1843 1833 1813 1804 1804 1804 1804 1804 1804 1804
    1804 1804 1813 1813 1813 1813 1813 1813 1823 1833 1833 1833 1843
    1843 1843 1843 1843 1843 1843 1853 1853 1853 1853 1863 1863 1863
    1863 1863 2933 2933 2933 2933 2933 2933 2933 2933 2933 2933 2933
    1894 1873 1863 1853 1843 1823 1804 1804 1804 1804 1804 1804 1804
    1804 1804 1813 1813 1813 1813 1813 1813 1823 1833 1833 1833 1833
    1833 1833 1843 1843 1843 1843 1853 1853 1853 1853 1853 1853 1853
    1863 1863 2933 2933 2933 2933 2933 2933 2933 2933 2933 2933 2933
    1894 1873 1863 1853 1843 1823 1813 1804 1804 1804 1804 1804 1804
    1804 1804 1813 1813 1813 1813 1813 1813 1823 1823 1823 1833 1833
    1833 1833 1843 1843 1843 1853 1853 1853 1853 1853 1853 1853 1853
    1853 1853 1863 2933 2933 2933 2933 2933 2933 2933 2933 2933 2933
    1894 1883 1863 1853 1843 1823 1813 1804 1794 1794 1804 1804 1804
    1804 1804 1804 1813 1813 1813 1813 1813 1813 1823 1823 1833 1833
    1833 1833 1833 1833 1833 1853 1853 1853 1853 1853 1853 1853 1853
    1853 1853 1863 2933 2933 2933 2933 2958 2958 2933 2933 2933 2933
    4241 1894 1873 1863 1843 1833 1813 1804 1794 1794 1804 1804 1804
    1804 1804 1804 1804 1813 1813 1813 1813 1813 1823 1823 1833 1833
    1833 1823 1823 1833 1833 1853 1853 1853 1853 1853 1853 1853 1853
    1853 1863 1863 1873 2958 2958 2958 2958 2958 2958 2933 2933 2933
    4241 1894 1873 1863 1853 1833 1823 1804 1804 1804 1804 1804 1804
    1804 1804 1804 1804 1813 1813 1813 1813 1813 1823 1823 1823 1823
    1833 1823 1823 1833 1833 1853 1853 1853 1853 1853 1853 1853 1853
    1853 1863 1863 1873 2958 2958 2958 2958 2958 2958 2933 2933 2933
    4295 4295 1873 1863 1853 1843 1833 1813 1804 1804 1804 1804 1804
    1804 1804 1804 1804 1804 1804 1804 1804 1813 1813 1823 1823 1823
    1823 1823 1823 1823 1823 1853 1853 1853 1853 1853 1853 1853 1853
    1853 1863 1863 1863 1863 2958 2958 2958 2958 2958 2958 2933 2933
    4190 4190 1873 1873 1863 1843 1843 1823 1804 1804 1804 1804 1804
    1804 1804 1804 1804 1804 1804 1804 1804 1813 1813 1813 1823 1823
    1823 1823 1823 1823 1823 1843 1843 1853 1853 1853 1853 1853 1853
    1853 1853 1863 1853 1853 2958 2958 2958 2958 2958 2958 2958 2958
    4139 4139 1863 1863 1863 1853 1843 1823 1813 1804 1794 1794 1794
    1804 1804 1804 1804 1804 1804 1804 1804 1813 1813 1813 1813 1813
    1813 1823 1823 1823 1823 1843 1843 1853 1853 1853 1853 1853 1853
    1853 1853 1853 1853 1853 1853 2958 2958 2958 2958 2958 2958 2984
    4139 4139 1863 1863 1873 1863 1853 1833 1813 1804 1794 1794 1794
    1794 1804 1804 1804 1804 1804 1804 1804 1804 1813 1813 1813 1813
    1813 1823 1823 1823 1823 1843 1843 1853 1853 1853 1853 1853 1853
    1853 1853 1853 1853 1853 1853 2984 2984 2984 2958 2958 2958 2984
    4089 4089 4089 1894 1883 1863 1853 1833 1813 1804 1794 1794 1794
    1794 1804 1804 1804 1804 1804 1804 1804 1804 1804 1813 1813 1813
    1813 1823 1823 1823 1823 1833 1843 1843 1853 1853 1853 1853 1853
    1853 1853 1853 1853 1853 1843 1843 2984 2984 2958 2958 2958 2984
    4089 4089 4463 1904 1883 1873 1853 1843 1823 1804 1794 1794 1794
    1794 1794 1794 1804 1804 1804 1804 1804 1804 1804 1813 1813 1813
    1813 1813 1823 1823 1823 1833 1843 1843 1843 1853 1853 1853 1853
    1853 1853 1863 1853 1853 1833 1833 2984 2984 2958 2958 2958 2984
    4190 4190 4463 1904 1883 1873 1853 1843 1823 1813 1794 1794 1794
    1794 1794 1794 1794 1794 1804 1804 1804 1804 1804 1813 1813 1813
    1813 1813 1813 1823 1823 1833 1833 1843 1843 1843 1843 1853 1853
    1853 1853 1853 1853 1853 1833 1833 2958 2958 2958 2958 2984 2984
    4190 4190 4241 4241 1883 1883 1863 1853 1833 1813 1804 1794 1785
    1776 1776 1785 1785 1794 1804 1804 1804 1804 1804 1804 1804 1813
