<?xml version="1.0"?>
<opencv_storage>
<Depth4280 type_id="opencv-matrix">
  <rows>19</rows>
  <cols>32</cols>
  <dt>w</dt>
  <data>
    6146 6146 6038 6038 6038 6038 6038 6038 6038 6038 6038 6038 6038
    5933 5933 5933 5933 5933 5933 5933 5933 5933 5832 5832 4842 4708
    4708 4774 4774 4774 4774 4774 6038 6038 6038 6038 6038 6038 6038
    6038 6038 6038 6038 6038 6038 5933 5933 5933 5933 5933 5933 5933
    5933 5933 4842 4842 4842 4842 4842 4842 4842 4774 4774 4774 6038
    6038 6038 6038 6038 6038 6038 6038 6038 6038 6038 6038 6038 6038
    5933 5933 5933 5933 5933 4911 4842 4842 4842 4842 4911 4911 4911
    4842 4842 4774 4774 4774 6038 6038 6038 6038 6038 6038 6038 6038
    6038 6038 6038 6038 6038 6038 5933 5933 5933 4983 4911 4911 4842
    4842 4842 4842 4842 4911 4911 4842 4774 4774 4774 4774 6038 6038
    6038 6038 6038 6038 6038 6038 6038 6038 6038 6038 6038 6038 5933
    5933 4983 4911 4911 4911 4911 4842 4842 4842 4842 4911 4842 4842
    4774 4708 4708 4774 6038 6038 6038 6038 6038 6038 6038 6038 6038
    6038 5933 5933 5933 5933 4983 4983 4911 4911 4911 4911 4911 4842
    4842 4842 4842 4842 4774 4708 4708 4708 4708 4774 6146 6038 6038
    6038 6038 6038 6038 6038 6038 6038 5291 5056 5056 4983 4983 4983
    4911 4911 4911 4911 4911 4842 4842 4842 4842 4774 4708 4708 4708
    4645 4645 4774 6146 6038 6038 6038 6038 6038 6038 6038 6038 5056
    5056 4983 4983 4983 4911 4911 4911 4911 4911 4842 4842 4842 4842
    4842 4842 4774 4708 4645 4645 4582 4582 0 6146 6146 6038 6038 6038
    6038 5056 4983 4983 4983 4983 4983 4983 4911 4911 4911 4911 4911
    4911 4842 4842 4842 4842 4911 4774 4774 4708 4645 4645 4582 4582 0
    6146 6146 6146 6038 5056 4983 4983 4983 4983 4983 4983 4983 4911
    4911 4911 4911 4911 4911 4911 4842 4842 4842 4842 4911 4774 4774
    4708 4708 0 0 0 0 6146 4911 4911 5056 5056 4983 4983 4983 4983 4983
    4983 4983 4911 4911 4911 4911 4911 4911 4911 4842 4842 4842 4911
    4983 4983 0 0 0 0 0 0 0 4983 4911 4911 4983 4983 4983 4983 4983 4983
    4983 4983 4911 4911 4911 4911 4911 4911 4911 4911 4842 4842 4911
    4911 0 0 0 0 0 0 0 0 0 4983 4983 4983 4983 4983 4983 4983 4983 4983
    4983 4983 4911 4911 4911 4911 4911 4911 4911 4911 4911 4911 4911
    4911 0 0 0 0 0 0 0 0 0 4983 4983 4983 4983 4983 4983 4983 4983 4983
    4983 4983 4911 4911 4911 4911 4842 4842 4911 4911 4911 4911 4911 0 0
    0 0 0 0 0 0 0 0 5056 5056 4983 4983 4983 4983 4983 4911 4911 4911
    4911 4911 4911 4911 4842 4842 4842 0 0 0 0 0 0 0 0 0 0 0 0 0 0 0
    5056 5056 4983 4983 4983 4983 4983 4911 4911 4911 4911 4983 4983
    4842 4842 4842 0 0 0 0 0 0 0 0 0 0 0 0 0 0 0 5734 5056 5056 4983
    4983 4983 4983 4983 4911 4911 4911 4911 0 4983 4842 4842 0 0 0 0 0 0
    0 0 0 0 0 0 0 0 0 0 5734 5056 5056 4983 4983 4983 4983 4983 4911
    4911 4911 0 0 0 0 0 0 0 0 0 0 0 0 0 0 0 0 0 0 0 0 0 0 5056 4983 4983
    4983 4983 4983 4983 4983 4983 0 0 0 0 0 0 0 0 0 0 0 0 0 0 0 0 0 0 0
    0 0 0 5832</data></Depth4280>
</opencv_storage>
