<?xml version="1.0"?>
<opencv_storage>
<Depth19112 type_id="opencv-matrix">
  <rows>14</rows>
  <cols>12</cols>
  <dt>w</dt>
  <data>
    6146 6146 6146 6146 6146 6259 6375 6259 6259 6497 6497 6622 6259
    6375 6375 6375 6497 6375 6375 6259 6259 6497 6497 6622 6375 6375
    6375 6375 6375 6497 6375 6375 6375 6497 6622 6622 6375 6375 6375
    6375 6375 6375 6375 6375 6375 6622 6622 6622 6259 6259 6375 6375
    6375 6375 6375 6375 6497 6622 6753 6753 6259 6259 6375 6375 6375
    6375 6375 6375 6497 6622 6753 7332 4295 6259 6375 6375 6497 6497
    6375 6375 6497 6622 6889 7332 4295 6259 6375 6497 6497 6497 6497
    6497 6497 6753 6889 7332 4295 6375 6375 6497 6497 6497 6497 6497
    6497 6753 6753 6753 4295 4295 6497 6497 6497 6497 6497 6497 6497
    6622 6622 6622 4349 4349 4349 6622 6497 6497 6497 6497 6497 6497
    6497 6622 4349 4349 4295 6622 6622 6497 6497 6497 6497 6497 6497
    6622 4295 4295 4295 6622 6622 6497 6497 6497 6497 6622 6622 6622
    4295 4295 4349 4349 6753 6622 6497 6497 6497 6497 6622 6622</data></Depth19112>
</opencv_storage>
