<?xml version="1.0"?>
<opencv_storage>
<Depth3361 type_id="opencv-matrix">
  <rows>39</rows>
  <cols>15</cols>
  <dt>w</dt>
  <data>
    0 4190 4190 4190 4190 4190 4241 4241 4190 4190 4241 4774 4708 4582
    4405 0 4190 4190 4241 4190 4190 4241 4241 4190 4190 4708 4708 4645
    4645 4463 9870 4241 4241 4241 4241 4241 4241 4241 4190 4190 4645
    4645 4645 4645 4582 0 4241 4241 4241 4241 4241 4241 4241 4190 4190
    4645 4645 4645 4645 4582 0 4295 4295 4295 4295 4295 4241 4241 4241
    4241 4645 4645 4645 4645 4582 0 0 4349 4295 4295 4241 4241 4295 4295
    4645 4645 4645 4645 4582 4582 0 4405 4349 4295 4295 4241 4241 4295
    4405 4582 4582 4645 4522 4522 4582 4349 4349 4349 4295 4295 4241
    4241 4295 4405 4582 4582 4582 4405 4405 4582 4349 4349 4295 4295
    4295 4190 4190 4349 4645 4645 4645 4582 4405 4405 4405 4295 4295
    4295 4295 4241 4190 4190 4190 4645 4645 4645 4582 4463 4463 4463
    4241 4241 4295 4295 4241 4241 4241 4708 4645 4645 4645 4645 4582
    4582 4582 4241 4241 4241 4241 4241 4241 4241 4645 4645 4645 4645
    4645 4645 4645 4645 4241 4241 4241 4241 4241 4241 4241 4645 4645
    4645 4645 4708 4645 4645 0 4241 4241 4241 4241 4295 4295 4645 4645
    4645 4645 4645 4708 4645 4645 0 4241 4241 4241 4241 4295 4295 4645
    4645 4645 4645 4708 4708 4708 0 0 4295 4241 4241 4241 4295 4295 4708
    4645 4645 4645 4645 4645 4645 0 0 4295 4241 4241 4241 4241 4708 4708
    4645 4645 4645 4645 4645 4645 0 0 4241 4241 4190 4190 4190 4708 4708
    4708 4708 4645 4645 4645 0 0 0 4241 4241 4190 4190 4190 4774 4708
    4645 4645 4645 4645 4645 0 0 0 4241 4241 4241 4241 4774 4774 4708
    4645 4645 4645 4645 4645 0 0 0 4241 4241 4241 4241 4708 4708 4708
    4645 4645 4645 4645 4645 0 0 0 4241 4241 4241 4241 4774 4708 4708
    4645 4645 4645 4645 0 0 0 0 4241 4241 4241 4774 4774 4708 4708 4645
    4645 4645 0 0 0 0 0 4241 4241 4241 4708 4708 4708 4708 4645 4645
    4645 0 0 0 0 0 4241 4241 4708 4708 4708 4645 4645 4645 4645 4645 0 0
    0 0 0 4190 4708 4708 4708 4708 4645 4645 4645 4645 4645 0 0 0 0 0 0
    4708 4708 4708 4708 4645 4645 4645 4645 0 0 0 0 0 0 4708 4708 4708
    4708 4708 4708 4708 4708 4708 0 0 0 0 0 0 4708 4708 4708 4708 4708
    4708 4708 4708 0 0 0 0 0 0 0 4645 4645 4645 4645 4708 4708 4708 0 0
    0 0 0 0 0 0 4645 4645 4645 4645 4708 4708 0 0 0 0 0 0 0 0 0 4774
    4708 4708 4708 4708 4708 0 0 0 0 0 0 0 0 0 4708 4708 4708 4708 4708
    4708 0 0 0 0 0 0 0 0 0 4708 4708 4708 4708 4708 4708 0 0 0 0 0 0 0 0
    0 4582 4645 4708 4774 4708 4708 0 0 0 0 0 0 0 0 0 4582 4645 4708
    4708 4708 0 0 0 0 0 0 0 0 0 0 4582 4645 4708 4708 4708 0 0 0 0 0 0 0
    0 0 0 4582 4645 4708 4708 4774 0 0 0 0 0 0 0 0 0 0 4645 4645 4708
    4708 4842 0 0 0 0 0 0 0 0 0 0</data></Depth3361>
</opencv_storage>
