<?xml version="1.0"?>
<opencv_storage>
<Depth5251 type_id="opencv-matrix">
  <rows>20</rows>
  <cols>70</cols>
  <dt>w</dt>
  <data>
    0 2789 2789 2812 2789 2789 2835 2835 2859 2859 2859 2859 2859 2908
    2933 3614 3614 3614 3614 3653 3614 3614 3692 3732 3732 3774 3774
    3774 3732 3732 3774 2560 2560 2579 2598 2618 2618 2618 2598 2598
    2598 2598 2618 2639 2659 2680 2701 2701 2701 2680 2680 2680 2680
    2723 2723 2723 2723 2744 2789 2789 2812 2812 2812 2835 2835 2812
    2812 2812 2028 2028 0 2365 2365 2365 2365 2398 2398 2398 2398 2398
    2883 2883 2883 2432 2432 2432 2450 2450 2450 2467 2485 2485 2522
    2522 2522 2541 2522 2503 2503 2541 2541 2541 2560 2579 2598 2618
    2618 2618 2598 2598 2598 2598 2618 2639 2659 2680 2701 2701 2701
    2680 2680 2680 2723 2723 2723 2723 2723 2744 2789 2789 2789 2812
    2812 2812 2812 2812 2812 2835 2040 2040 2333 2333 2349 2365 2365
    2381 2381 2398 2398 2398 2398 2415 2415 2415 2432 2432 2450 2450
    2450 2467 2485 2485 2522 2522 2522 2541 2522 2503 2503 2541 2541
    2541 2579 2579 2598 2618 2618 2639 2618 2618 2618 2639 2639 2659
    2680 2680 2701 2701 2701 2701 2701 2701 2701 2744 2744 2744 2744
    2767 2789 2789 2789 2812 2812 2812 2812 2812 2812 2812 2040 2040
    2333 2333 2349 2365 2365 2381 2381 2381 2381 2398 2398 2398 2415
    2415 2415 2432 2450 2450 2467 2485 2485 2503 2522 2522 2522 2541
    2541 2522 2522 2541 2541 2541 2560 2560 2618 2618 2639 2639 2618
    2618 2618 2639 2659 2659 2680 2680 2701 2701 2701 2701 2701 2701
    2701 2723 2723 2744 2767 2767 2789 2789 2789 2812 2812 2812 2812
    2812 2812 2812 2040 2040 2333 2333 2349 2349 2381 2381 2381 2381
    2381 2398 2398 2398 2415 2415 2415 2432 2450 2450 2467 2485 2503
    2503 2522 2522 2522 2541 2541 2541 2541 2560 2560 2560 2560 2560
    2598 2618 2618 2639 2639 2639 2639 2659 2659 2659 2680 2680 2680
    2701 2701 2701 2723 2723 2723 2723 2723 2744 2767 2789 2789 2789
    2789 2812 2812 2812 2812 2812 2812 2812 2040 2040 2333 2333 2349
    2349 2381 2381 2381 2381 2381 2398 2398 2398 2415 2415 2432 2432
    2467 2467 2485 2485 2503 2503 2503 2522 2522 2541 2541 2541 2541
    2560 2560 2560 2560 2560 2598 2618 2618 2618 2618 2639 2639 2659
    2659 2659 2659 2680 2680 2701 2701 2701 2723 2723 2723 2723 2723
    2744 2767 2789 2812 2812 2812 2812 2812 2812 2812 2812 2812 2812
    2812 2040 2333 2333 2365 2381 2381 2381 2381 2381 2381 2381 2398
    2398 2432 2432 2450 2450 2467 2485 2485 2485 2503 2503 2503 2522
    2522 2522 2541 2541 2560 2560 2560 2560 2560 2560 2598 2618 2618
    2618 2618 2639 2639 2659 2659 2659 2659 2680 2680 2701 2701 2701
    2723 2723 2723 2723 2723 2744 2767 2789 2789 2789 2812 2812 2812
    2812 2812 2812 2812 2812 2812 2744 2349 2349 2365 2381 2381 2381
    2381 2381 2381 2381 2381 2398 2432 2432 2450 2450 2467 2467 2485
    2485 2503 2503 2503 2522 2522 2522 2541 2541 2560 2560 2560 2560
    2560 2560 2598 2618 2618 2618 2618 2639 2639 2639 2639 2659 2659
    2680 2701 2701 2701 2701 2701 2723 2723 2723 2723 2744 2767 2789
    2789 2789 2789 2812 2812 2812 2812 2812 2812 2835 2835 2744 2365
    2365 2365 2381 2381 2381 2398 2381 2381 2381 2381 2398 2432 2432
    2450 2450 2467 2467 2485 2485 2485 2503 2503 2522 2522 2522 2541
    2541 2560 2560 2560 2560 2560 2560 2579 2598 2618 2639 2639 2639
    2639 2639 2639 2659 2680 2701 2701 2701 2701 2701 2701 2723 2723
    2723 2723 2744 2744 2767 2767 2767 2789 2812 2812 2812 2812 2812
    2812 2835 2835 2812 2365 2365 2365 2381 2381 2381 2398 2381 2381
    2381 2398 2398 2432 2450 2450 2450 2467 2467 2485 2485 2485 2503
    2503 2503 2522 2522 2541 2541 2541 2560 2560 2579 2579 2579 2579
    2598 2598 2618 2618 2639 2639 2639 2639 2659 2680 2701 2701 2701
    2701 2701 2701 2723 2723 2723 2723 2723 2744 2767 2767 2767 2789
    2789 2812 2812 2835 2835 2835 2835 2812 2812 2365 2365 2365 2381
    2381 2381 2398 2381 2381 2381 2398 2415 2450 2467 2467 2467 2467
    2467 2485 2485 2485 2503 2503 2503 2522 2522 2541 2541 2541 2541
    2560 2579 2579 2579 2579 2598 2598 2618 2618 2639 2639 2639 2659
    2659 2680 2680 2701 2701 2701 2701 2701 2723 2701 2701 2701 2701
    2744 2767 2767 2767 2789 2789 2812 2812 2835 2835 2835 2835 2812
    2812 2365 2365 2365 2365 2381 2381 2398 2398 2398 2398 2398 2432
    2467 2467 2450 2450 2467 2467 2485 2485 2485 2485 2485 2485 2522
    2522 2522 2522 2541 2541 2560 2579 2579 2579 2579 2598 2598 2598
    2618 2618 2639 2639 2659 2659 2639 2639 2680 2680 2701 2701 2701
    2723 2701 2701 2701 2701 2744 2767 2767 2767 2789 2789 2812 2812
    2789 2789 2040 2040 2835 2835 2365 2365 2365 2365 2381 2381 2381
    2398 2398 2398 2415 2450 2467 2467 2450 2450 2467 2467 2467 2485
    2503 2485 2485 2485 2522 2522 2522 2522 2522 2541 2579 2598 2598
    2598 2598 2598 2598 2598 2598 2618 2639 2639 2639 2639 2639 2639
    2680 2680 2680 2701 2723 2723 2723 2723 2723 2723 2767 2767 2767
    2767 2767 2789 2812 2812 2789 2040 2016 2016 2016 2016 2349 2349
    2365 2365 2365 2381 2381 2398 2398 2398 2415 2432 2450 2450 2450
    2467 2467 2467 2467 2503 2522 2503 2503 2503 2522 2522 2522 2522
    2522 2541 2579 2598 2598 2598 2598 2598 2598 2598 2598 2618 2639
    2639 2639 2639 2618 2618 2680 2680 2680 2701 2701 2723 2723 2723
    2723 2744 2767 2767 2767 2767 2767 2789 2812 2789 2789 2016 2005
    2005 1993 1993 2349 2349 2349 2349 2365 2381 2381 2381 2381 2398
    2415 2432 2450 2450 2450 2450 2450 2467 2485 2503 2503 2522 2522
    2522 2503 2503 2522 2522 2522 2560 2560 2598 2598 2598 2598 2579
    2541 2541 2560 2639 2639 2639 2639 2639 2618 2618 2618 2680 2659
    2659 2680 2701 2744 2723 2723 2723 2767 2767 2767 4041 2812 2812
    2812 2789 2789 2016 1993 1981 1970 1970 2349 2349 2349 2349 2365
    2381 2381 2381 2381 2398 2398 2415 2432 2432 2450 2450 2450 2485
    2485 2503 2503 2522 2522 2522 2485 2485 2522 2522 2541 2560 2560
    2579 2579 2579 2598 2579 2541 2541 2560 2639 2639 2639 2618 2618
    2639 2639 2639 2659 2659 2659 2680 2701 2744 2723 2723 2723 2767
    2767 4041 4041 4139 4139 4139 4190 4190 1993 1993 1981 1970 1926
    2333 2349 2349 2349 2365 2381 2381 2381 2381 2398 2398 2415 2432
    2432 2450 2467 2467 2485 2485 2503 2503 2522 2522 2522 2485 2485
    2522 2522 2618 2579 2579 2579 2579 2579 2598 2598 2598 2598 2598
    2618 2618 2618 2618 2618 2618 2618 0 3994 3994 2701 2701 2701 2767
    2767 3948 3948 3948 3994 4041 4041 4139 4139 4139 4190 4190 4241
    4295 4295 0 1926 2333 2349 2349 2349 2365 2381 2381 2381 2381 2415
    2415 2432 2450 2450 2467 0 0 2503 2503 2522 2522 2522 2522 2522 2485
    2450 2450 2450 2618 2579 2579 2579 2618 2618 2598 2598 2598 0 0 0 0
    3816 0 0 3948 3948 3948 3994 3994 3994 3994 4041 4041 3994 3994 3994
    3994 4041 4041 4041 4139 4139 4139 4190 4241 4241 4295 0 0 0 2349
    2333 2333 2349 2381 2381 2398 2398 2398 2415 2415 2432 2450 2450 0 0
    0 0 0 0 0 0 2485 2485 2485 2450 2450 3614 3614 2598 2598 2598 2598
    3903 3903 3903 3903 0 0 3816 0 3816 0 3994 3948 3948 3948 3994 3994
    3994 4041 4041 4041 3994 3994 3994 3994 4041 4041 4041 4139 4190
    4190 4241 4241 4241 4241 0 0 0 2349 2333 2333 2349 2381 2398 2398
    2398 0 0 0 2450 2450 0 0 0 0 0 0 0 0 0 2485 2485 2485 2485 3614 3614
    3653 3653 3948 3948 3903 3903 3903 3903 3903 3859 3816 3816 3816
    3816 3859 3994 3994 3948 3948 3994 3994 3994 3994 3994 4041 4041
    4139 4089 4089 4139 4139 4139 4139 4190 4190 4190 4241 4241 4241 0 0
    0</data></Depth5251>
</opencv_storage>
