<?xml version="1.0"?>
<opencv_storage>
<Depth2120 type_id="opencv-matrix">
  <rows>53</rows>
  <cols>29</cols>
  <dt>w</dt>
  <data>
    8212 8212 8212 8212 8413 8212 8212 8212 1904 1904 1915 8413 8413
    8626 8413 8212 1970 1970 1970 1970 1970 1970 7835 7835 7660 7660
    7660 7660 7660 8212 8212 8212 8212 8413 8413 8413 8413 1904 1904
    1915 1947 1947 1947 1981 1981 1970 1970 1970 1970 1970 1970 1970
    8019 7835 7660 7660 7660 7660 8212 8212 8212 8212 8413 8413 8413
    1959 1936 1936 1936 1947 1947 1970 1970 1970 1970 1970 1970 1970
    1970 1970 1970 1970 7660 7660 7660 7660 7492 8212 8212 8212 8212
    8413 8413 1970 1959 1959 1947 1947 1959 1959 1970 1970 1970 1970
    1970 1970 1970 1970 1970 1970 1970 7660 7660 7660 7660 7492 8212
    8212 8212 8212 2016 2016 1970 1970 1959 1959 1959 1959 1959 1959
    1970 1970 1970 1970 1970 1981 1970 1970 1970 1970 1970 7660 7660
    7660 7492 8212 8212 8212 2028 2016 2016 1993 1970 1970 1959 1959
    1959 1959 1959 1970 1970 1970 1981 1981 1981 1970 1970 1970 1970
    1970 7660 7660 7660 7660 2116 2103 2065 2028 2016 2005 1993 1970
    1970 1970 1970 1959 1959 1959 1970 1970 1970 1981 1981 1981 1981
    1970 1970 1981 1981 7835 7835 7835 7492 2116 2103 2065 2028 2028
    2005 1993 1981 1970 1970 1970 1959 1959 1959 1970 1970 1981 1981
    1981 1981 1981 1981 1981 1981 1981 8212 8212 8019 7492 2129 2129
    2103 2065 2040 2005 1993 1981 1970 1970 1970 1970 1970 1970 1970
    1970 1981 1981 1981 1981 1981 1981 1981 1981 1981 8212 8212 8019
    7660 2143 2129 2116 2078 2053 2028 2005 1981 1970 1970 1959 1959
    1970 1970 1970 1970 1981 1981 1981 1981 1981 1981 1981 1981 1981
    8212 8212 8019 7660 2143 2129 2116 2078 2065 2028 2016 2005 1981
    1970 1959 1959 1970 1970 1970 1970 1970 1981 1981 1981 1981 1981
    1981 1981 1981 8019 8019 7835 7660 2156 2143 2116 2090 2078 2040
    2028 2005 1981 1970 1970 1970 1970 1970 1970 1970 1970 1981 1981
    1981 1993 1981 1981 1981 1981 8019 8019 7835 7660 2170 2143 2116
    2103 2065 2040 2028 2005 1993 1970 1970 1970 1970 1970 1970 1981
    1981 1981 1981 1981 1993 1981 1981 1993 1993 7660 7660 7660 7660
    2170 2143 2116 2103 2065 2040 2028 2016 1993 1981 1970 1970 1970
    1970 1970 1981 1981 1981 1981 1981 1993 1993 1993 1993 1993 7492
    7492 7492 7660 2184 2129 2116 2103 2078 2053 2028 2016 1993 1970
    1970 1970 1970 1970 1970 1981 1981 1981 1981 1993 1993 1993 1993
    2005 2005 2005 7492 7492 7492 2129 2129 2129 2103 2078 2065 2028
    2016 2005 1970 1970 1970 1970 1970 1970 1981 1981 1981 1993 1993
    1993 1993 1993 2005 2005 2005 7492 7492 7492 2116 2116 2116 2116
    2078 2065 2028 2028 2005 1981 1970 1970 1970 1970 1970 1981 1981
    1981 1993 1993 1993 1993 1993 2005 2005 2005 7492 7492 7492 2116
    2116 2116 2116 2103 2065 2040 2028 2016 1970 1970 1970 1970 1970
    1981 1981 1981 1981 1993 1993 1993 1993 1993 1993 1993 1993 7492
    7492 7492 2129 2129 2129 2116 2103 2078 2053 2028 2016 1970 1970
    1970 1970 1970 1981 1981 1981 1981 1981 1993 1993 1993 1993 1993
    1993 1993 8212 8212 8019 2129 2129 2129 2129 2103 2078 2065 2040
    2028 1981 1981 1970 1970 1970 1981 1981 1981 1981 1981 1993 1993
    1993 1993 1993 1993 1993 1993 8212 7835 2156 2156 2156 2129 2116
    2090 2078 2053 2028 1981 1981 1981 1981 1981 1981 1981 1981 1981
    1981 1993 1993 1993 1993 1993 1993 1993 1993 7835 7835 2170 2170
    2156 2143 2116 2103 2078 2065 2040 2016 1981 1981 1981 1981 1981
    1981 1981 1981 1981 1993 1993 1993 1993 2005 2005 2005 2005 7835
    7835 2170 2170 2170 2156 2129 2116 2090 2065 2040 2028 1981 1981
    1981 1981 1981 1981 1981 1981 1993 1993 1993 2005 2005 2005 2005
    2005 2005 2005 7835 2170 2170 2170 2170 2143 2129 2103 2078 2053
    2028 2005 1981 1981 1981 1981 1993 1993 1993 1993 2005 2005 2005
    2005 2005 2005 1993 1993 1993 7660 7660 2184 2170 2170 2143 2129
    2116 2090 2065 2040 2016 1981 1981 1981 1981 1993 1993 1993 1993
    2005 2005 2005 2005 2005 2005 1993 1993 1993 7660 7660 2184 2170
    2170 2156 2129 2116 2090 2065 2053 2028 1981 1981 1981 1981 1993
    1993 1993 1993 1993 2005 2005 2005 2005 2005 1993 1993 2005 7660
    7660 2184 2184 2170 2156 2129 2116 2090 2078 2053 2028 2005 1993
    1993 1993 1993 1993 1993 1993 1993 1993 2005 2005 2005 2005 1993
    1993 2005 2005 7660 2184 2184 2170 2170 2129 2116 2103 2078 2053
    2028 2005 1993 1993 1993 1993 1993 1993 1993 1993 1993 2005 2005
    2005 2005 1993 1993 2005 7835 8019 2184 2184 2184 2170 2143 2129
    2103 2090 2065 2040 2005 1993 1993 1993 1993 1993 1993 1993 1993
    2005 2005 2005 2016 2005 1993 1993 1993 7660 8019 8019 2184 2184
    2184 2156 2129 2116 2090 2078 2040 2005 1993 1993 1993 1993 2005
    2005 1993 1993 2005 2005 2016 2016 2016 1993 1993 2016 7660 8019
    8019 2184 2184 2184 2156 2129 2116 2090 2078 2053 2005 1993 1993
    1993 1993 1993 2005 1993 1993 2005 2005 2016 2016 2016 2005 2005
    2016 2016 8212 8212 8212 2198 2184 2170 2129 2116 2090 2065 2053
    2005 1993 1993 1993 1993 1993 2005 2005 2005 2005 2005 2016 2016
    2016 2005 2005 2005 2005 8212 8212 8212 2212 2184 2170 2143 2116
    2103 2065 2040 2016 2005 1993 1993 1993 1993 2005 2005 2005 2016
    2016 2016 2016 2016 2005 2005 2005 2005 8413 8413 2212 2212 2184
    2170 2143 2129 2116 2078 2040 2016 2005 1993 1993 1993 2005 2005
    2005 2005 2016 2016 2016 2016 2016 2005 2005 1993 1993 8413 8413
    2241 2184 2184 2170 2156 2129 2116 2078 2040 2028 2016 2005 1993
    1993 2005 2005 2005 2016 2016 2016 2016 2016 2016 2005 2005 1993
    1993 8413 8413 2241 2241 2212 2170 2156 2129 2129 2090 2053 2028
    2028 2016 2005 2005 2005 2005 2005 2016 2016 2016 2016 2016 2016
    2005 2005 2005 2005 8413 8626 8626 2241 2212 2184 2170 2143 2129
    2103 2065 2040 2028 2016 2005 2005 2005 2005 2016 2016 2016 2016
    2016 2016 2016 2005 2005 2005 2016 8413 8626 8626 2241 2212 2184
    2170 2143 2129 2103 2065 2040 2028 2016 2016 2016 2016 2016 2016
    2016 2016 2016 2016 2016 2016 2005 2005 2005 2016 8413 8626 8626
    2212 2212 2184 2170 2156 2143 2090 2065 2053 2028 2016 2016 2016
    2016 2016 2016 2016 2016 2016 2016 2016 2016 2016 2005 2005 2016
    8413 8413 8413 2226 2226 2198 2184 2170 2143 2090 2065 2053 2028
    2016 2016 2016 2016 2016 2016 2016 2016 2016 2016 2028 2016 2016
    2005 2005 2016 8413 8212 8212 8212 2198 2198 2184 2170 2156 2090
    2078 2053 2040 2016 2016 2016 2016 2016 2016 2016 2016 2028 2028
    2028 2016 2016 2005 2005 2016 8413 8212 8212 8212 2226 2212 2184
    2170 2156 2103 2078 2065 2040 2028 2016 2016 2016 2016 2016 2016
    2016 2028 2028 2016 2016 2016 2016 2016 2016 8212 8212 8413 8413
    2226 2212 2198 2184 2156 2103 2078 2065 2053 2040 2016 2016 2016
    2016 2016 2016 2028 2016 2016 2016 2016 2016 2016 2016 2016 8212
    8212 8413 8413 2226 2226 2212 2184 2170 2116 2090 2078 2053 2053
    2028 2016 2016 2016 2016 2016 2016 2016 2016 2016 2016 2016 2016
    2016 2016 8212 8212 8212 8212 8212 2212 2212 2198 2170 2156 2090
    2078 2065 2040 2028 2016 2016 2016 2016 2016 2016 2016 2016 2016
    2016 2016 2016 2016 2016 8413 8212 8212 8212 8212 2226 2226 2198
    2184 2156 2103 2078 2065 2040 2028 2016 2016 2016 2016 2016 2016
    2016 2016 2016 2016 2016 2016 2016 2028 8413 8212 8212 8212 8212
    2241 2241 2198 2184 2156 2103 2090 2065 2040 2028 2016 2016 2016
    2016 2016 2016 2016 2016 2016 2016 2005 2005 2016 2016 8413 8212
    8212 8212 8413 8413 2256 2198 2184 2156 2103 2103 2078 2053 2028
    2028 2016 2016 2016 2016 2016 2016 2016 2016 2016 2005 2005 2016
    2016 8413 8413 8413 8413 8413 8413 8626 8626 2156 2156 2103 2103
    2078 2053 2028 2028 2016 2016 2016 2016 2028 2028 2028 2028 2028
    2016 2016 8413 8212 8413 8413 8413 8413 8413 8413 8413 8413 8413
    2116 2116 2103 2078 2065 2040 2040 2028 2028 2028 2028 2028 2028
    2028 2040 2040 8212 8212 8212 8212 8413 8413 8413 8413 8413 8413
    8413 8413 8413 0 0 0 2078 2078 2065 2053 2053 2053 2040 2040 2040
