<?xml version="1.0"?>
<opencv_storage>
<Depth4940 type_id="opencv-matrix">
  <rows>18</rows>
  <cols>31</cols>
  <dt>w</dt>
  <data>
    3774 3774 3774 3774 3816 3774 3692 3692 3732 3774 3774 3774 3774
    3774 3774 3774 3816 3816 3774 3774 3774 3774 3774 3774 2883 2859
    2859 2859 2835 2789 2789 3732 3774 3774 3774 3774 3774 3692 3692
    2835 2835 2859 2812 2812 2835 2835 2859 3774 2812 2812 2812 2859
    2835 2835 2812 2812 2835 2835 2835 2835 2789 2789 3692 3732 2908
    2908 3774 3774 2835 2835 2835 2835 2789 2789 2812 2812 2812 2812
    2812 2812 2812 2812 2835 2835 2835 2789 2789 2812 2812 2812 2789
    2789 2789 3653 3732 2835 2812 2767 2767 2789 2812 2812 2812 2789
    2789 2789 2789 2789 2812 2812 2812 2789 2789 2767 2767 2789 2767
    2767 2789 2789 2789 2789 2767 2767 2789 2789 2789 2789 2767 2767
    2789 2789 2767 2767 2767 2767 2767 2767 2767 2767 2789 2789 2789
    2789 2767 2767 2789 2767 2767 2767 2767 2789 2789 2767 2767 2767
    2767 2767 2789 2789 2789 2789 2767 2767 2767 2744 2744 2767 2767
    2767 2767 2767 2789 2789 2789 2789 2789 2789 2767 2767 2767 2767
    2789 2767 2767 2767 2767 2767 2767 2767 2789 2767 2767 2767 2744
    2744 2744 2744 2767 2767 2767 2767 2767 2789 2789 2789 2789 2789
    2789 2789 2767 2767 2767 2767 2767 2767 2767 2789 2789 2767 2767
    2789 2767 2767 2767 2744 2744 2767 2767 2789 2789 2789 2767 2767
    2789 2789 2789 2789 2789 2789 2789 2767 2767 2767 2767 2767 2767
    2767 2789 2789 2789 2789 2767 2767 2767 2767 2767 2767 2767 2767
    2789 2789 2789 2789 2789 2789 2789 2789 2789 2789 2789 2789 2767
    2767 2767 2767 2767 2744 2744 2767 2767 2767 2767 2767 2767 2767
    2789 2789 2789 2789 2789 2789 2789 2789 2789 2789 2789 2789 2789
    2789 2789 2812 2789 2789 2767 2767 2767 2767 2744 2744 2767 2767
    2767 2767 2767 2789 2789 2789 2789 2789 2789 2789 2789 2789 2789
    2789 2789 2789 2789 2789 2789 2812 2789 2789 2789 2767 2767 2767
    2767 2744 2744 1873 2789 2767 2767 2767 2789 2789 2789 2789 2789
    2789 2812 2812 2812 2789 2789 2789 2789 2789 2789 2789 2812 2789
    2789 2789 2789 2767 2767 2767 2744 2744 1873 2789 2789 2789 2789
    2767 2767 2789 2789 2789 2789 2812 2812 2789 2789 2789 2789 2789
    2789 2789 2789 2789 2767 2767 2767 2767 2789 2789 2767 2767 2767
    2767 2767 2789 2789 2789 2767 2767 2789 2789 2789 2789 2789 2789
    2789 2789 2767 2767 2767 2789 2789 2812 2789 2767 2767 2767 2767
    2789 2767 2767 2767 2767 1904 2744 2744 2767 2767 2767 2767 2789
    2789 2767 2767 2767 2789 2767 2767 2767 2767 2767 2789 2789 2812
    2789 2789 2767 2767 2767 2767 2767 2767 0 0 1883 1883 2744 2767 2767
    2789 2789 2789 2744 2744 2767 2767 2767 2767 2767 2744 2744 2767 0
    2812 2812 2789 2789 2767 2767 2767 2767 2701 2701 0 0 1853 1853 2767
    2744 2744 2767 2789 2789 2744 2744 2744 2744 2744 2767 2767 2744
    2744 0 0 0 2789 2789 2789 2767 2767 0 0 2701 2701 0 0 1823 1823 1823
    2744 2744 2767 2789 2789 2744 2744 2744 2744 2744 2767 2767 2767 0 0
    0 0 2789 2789 2789 2767 2767 0 0 0 0 0 0</data></Depth4940>
</opencv_storage>
