<?xml version="1.0"?>
<opencv_storage>
<Depth7487 type_id="opencv-matrix">
  <rows>48</rows>
  <cols>75</cols>
  <dt>w</dt>
  <data>
    4349 4349 4295 1421 1421 1421 1415 1410 1410 1410 1410 1415 1415
    1410 1410 1410 1410 1415 1410 1404 1404 1404 1404 1404 1404 1404
    1404 1398 1398 1398 4349 1398 1398 1398 1392 1387 1387 1392 1392
    1392 1398 1404 3994 3994 4041 4089 4089 4089 4089 4089 1370 1370
    1387 1392 4139 4190 3149 3149 3120 3037 3010 3010 3037 3064 3092
    3064 3064 3064 3064 3064 0 0 0 0 0 4349 4349 4349 1421 1421 1421
    1415 1410 1410 1410 1410 1415 1415 1410 1410 1410 1410 1410 1410
    1410 1404 1404 1404 1404 1404 1404 1404 1398 1398 1398 1398 1398
    1398 1398 1392 1387 1387 1392 1392 1392 1392 1387 1387 1398 1387
    1381 1381 1381 1381 1381 1370 1370 1387 1381 1381 1376 1370 1370
    3120 1376 1370 1370 1370 1370 1370 1365 1365 1365 1365 3092 1365
    1359 1354 1354 0 4405 1421 0 1421 1421 1421 1421 1415 1415 1415 1415
    1415 1410 1410 1410 1410 1410 1410 1410 1404 1404 1404 1404 1404
    1404 1404 1404 1404 1398 1398 1398 1398 1398 1398 1392 1387 1387
    1392 1392 1387 1387 1387 1387 1387 1387 1381 1381 1381 1381 1381
    1381 1381 1387 1381 1381 1376 1370 1370 1376 1376 1370 1370 1370
    1370 1370 1365 1365 1365 1365 1370 1365 1359 1354 1354 1359 0 0 0
    1427 1427 1415 1415 1415 1415 1415 1415 1415 1410 1410 1410 1410
    1410 1410 1410 1404 1404 1404 1404 1404 1404 1404 1404 1404 1398
    1398 1398 1398 1398 1398 1398 1392 1392 1392 1392 1387 1387 1387
    1387 1387 1387 1381 1381 1381 1381 1381 1381 1381 1381 1381 1387
    1376 1370 1370 1376 1376 1376 1376 1376 1376 1370 1370 1370 1370
    1370 1370 1365 1365 1365 1359 1359 0 0 0 1427 1427 1415 1415 1415
    1415 1415 1415 1415 1410 1410 1410 1410 1410 1410 1410 1404 1404
    1404 1404 1404 1404 1404 1404 1404 1398 1398 1398 1398 1398 1398
    1398 1398 1392 1392 1392 1387 1387 1387 1387 1387 1387 1381 1381
    1381 1381 1381 1381 1381 1381 1381 1381 1376 1376 1370 1370 1370
    1376 1376 1376 1376 1376 1370 1370 1370 1376 1370 1370 1370 1365
    1365 1365 1503 1503 0 1427 1427 1421 1421 1421 1421 1421 1421 1415
    1415 1410 1410 1410 1410 1410 1410 1404 1404 1404 1404 1404 1404
    1410 1404 1404 1398 1398 1398 1398 1398 1398 1392 1392 1398 1392
    1392 1387 1387 1387 1387 1387 1387 1387 1381 1381 1381 1381 1381
    1381 1387 1387 1381 1376 1376 1370 1370 1370 1370 1370 1376 1376
    1376 1370 1370 1370 1370 1370 1370 1370 1370 1365 1365 0 1503 1496
    1496 1427 1421 1421 1421 1421 1421 1421 1421 1415 1410 1410 1410
    1410 1410 1410 1404 1404 1404 1410 1410 1410 1410 1404 1404 1398
    1398 1398 1398 1398 1398 1392 1392 1398 1392 1392 1387 1387 1387
    1387 1387 1387 1381 1381 1381 1381 1381 1381 1381 1387 1387 1381
    1381 1376 1370 1370 1370 1370 1370 1376 1370 1370 1370 1365 1365
    1370 1370 1370 1370 1370 1365 1365 0 1503 1496 1496 1427 1421 1421
    1421 1421 1421 1421 1421 1415 1415 1410 1410 1410 1410 1410 1410
    1410 1410 1410 1410 1404 1404 1404 1404 1404 1404 1398 1398 1398
    1398 1392 1392 1398 1392 1387 1387 1387 1381 1381 1387 1387 1381
    1381 1381 1381 1381 1381 1381 1387 1387 1387 1381 1376 1370 1370
    1370 1370 1370 1376 1370 1370 1370 1365 1365 1370 1370 1370 1370
    1370 1365 1359 0 1483 1483 1483 1427 1421 1421 1421 1421 1421 1421
    1421 1415 1415 1415 1415 1410 1410 1410 1410 1410 1410 1404 1404
    1404 1404 1404 1404 1404 1404 1398 1398 1398 1398 1398 1398 1392
    1392 1387 1387 1387 1381 1381 1387 1387 1387 1387 1381 1381 1387
    1387 1387 1387 1387 1387 1381 1381 1376 1376 1376 1376 1376 1376
    1376 1370 1370 1370 1370 1370 1370 1370 1370 1370 1365 1359 0 1483
    1483 1483 1421 1421 1421 1421 1421 1421 1421 1421 1421 1421 1415
    1410 1410 1410 1410 1410 1410 1410 1404 1404 1404 1404 1404 1404
    1404 1404 1398 1398 1398 1398 1398 1392 1392 1387 1387 1387 1387
    1387 1387 1387 1387 1387 1387 1387 1387 1387 1387 1387 1387 1387
    1387 1381 1381 1381 1381 1381 1381 1376 1376 1376 1370 1370 1370
    1370 1370 1370 1370 1370 1370 1365 1365 1483 1477 1477 1452 1421
    1421 1421 1421 1421 1421 1421 1427 1421 1421 1415 1410 1410 1410
    1410 1410 1410 1410 1404 1404 1404 1404 1404 1404 1404 1404 1398
    1398 1398 1398 1398 1392 1392 1387 1387 1387 1387 1387 1387 1387
    1387 1387 1387 1387 1387 1387 1387 1387 1387 1387 1387 1381 1381
    1381 1381 1381 1381 1381 1376 1376 1370 1370 1370 1370 1370 1370
    1370 1370 1370 1370 1365 1483 1483 1470 1452 1427 1421 1421 1421
    1421 1421 1421 1427 1427 1427 1415 1415 1410 1410 1410 1410 1410
    1410 1404 1404 1404 1404 1404 1404 1404 1404 1398 1398 1398 1398
    1398 1392 1387 1387 1387 1387 1387 1392 1387 1387 1387 1387 1387
    1387 1387 1387 1387 1387 1387 1387 1387 1381 1381 1381 1381 1381
    1381 1381 1376 1376 1376 1376 1370 1370 1370 1370 1370 1370 1370
    1370 1370 1483 1483 1470 1458 1427 1421 1421 1421 1421 1421 1421
    1421 1421 1421 1415 1415 1415 1415 1410 1410 1410 1404 1404 1404
    1404 1404 1404 1404 1404 1404 1398 1398 1398 1398 1398 1392 1387
    1387 1387 1387 1387 1392 1392 1387 1387 1387 1387 1387 1387 1392
    1387 1387 1387 1387 1387 1387 1381 1381 1381 1381 1376 1376 1376
    1376 1381 1376 1376 1370 1370 1370 1370 1370 1370 1370 1370 1489
    1489 1477 1477 1427 1421 1421 1421 1421 1421 1421 1421 1421 1421
    1415 1415 1415 1415 1410 1410 1410 1404 1404 1404 1404 1404 1404
    1404 1404 1398 1398 1398 1392 1392 1398 1392 1392 1392 1387 1387
    1387 1387 1387 1387 1387 1387 1387 1387 1387 1392 1387 1387 1387
    1387 1381 1381 1381 1381 1381 1381 1376 1376 1376 1376 1381 1376
    1376 1370 1370 1370 1370 1370 1370 1370 1370 1489 1489 1477 1452
    1427 1421 1421 1421 1421 1421 1421 1421 1421 1421 1421 1415 1415
    1415 1410 1410 1410 1410 1410 1404 1404 1404 1404 1404 1404 1398
    1398 1398 1392 1392 1398 1398 1392 1392 1387 1387 1387 1387 1387
    1387 1387 1387 1387 1387 1387 1392 1392 1392 1387 1387 1381 1381
    1381 1381 1381 1381 1381 1381 1376 1376 1370 1370 1376 1370 1370
    1370 1370 1370 1370 1370 1370 1489 1489 1483 1439 1427 1421 1421
    1421 1421 1415 1415 1421 1421 1421 1421 1421 1421 1415 1410 1410
    1410 1410 1410 1404 1404 1404 1404 1404 1404 1398 1398 1398 1398
    1398 1398 1398 1392 1392 1387 1387 1387 1387 1387 1387 1387 1387
    1387 1387 1387 1392 1392 1392 1387 1387 1381 1381 1381 1381 1381
    1381 1381 1381 1381 1381 1370 1370 1376 1370 1370 1370 1370 1370
    1370 1370 1370 1523 1496 1489 1439 1427 1421 1421 1421 1421 1415
    1415 1415 1415 1415 1415 1421 1415 1415 1410 1410 1410 1410 1410
    1404 1404 1404 1404 1404 1404 1404 1404 1398 1398 1398 1398 1398
    1398 1392 1392 1392 1387 1387 1387 1387 1387 1392 1387 1387 1387
    1392 1392 1392 1387 1387 1381 1381 1381 1381 1381 1381 1381 1381
    1381 1381 1370 1370 1370 1370 1370 1370 1370 1370 1370 1370 1370
    1523 1496 1496 1433 1427 1421 1421 1421 1421 1421 1421 1415 1415
    1415 1415 1415 1415 1415 1415 1415 1410 1410 1410 1410 1410 1410
    1404 1404 1404 1404 1404 1404 1404 1398 1398 1392 1392 1392 1392
    1392 1387 1387 1387 1387 1387 1387 1387 1387 1387 1392 1392 1392
    1387 1387 1381 1381 1381 1381 1381 1381 1381 1381 1381 1381 1376
    1376 1370 1370 1370 1370 1370 1370 1370 1370 1370 5056 1496 1496
    1433 1427 1421 1421 1421 1421 1421 1421 1415 1415 1415 1415 1415
    1415 1415 1415 1415 1410 1410 1410 1410 1410 1410 1410 1404 1404
    1404 1398 1398 1398 1398 1398 1392 1392 1392 1387 1387 1387 1387
    1387 1387 1387 1387 1387 1387 1387 1387 1387 1387 1387 1387 1387
    1381 1381 1381 1381 1381 1381 1381 1381 1376 1376 1376 1376 1376
    1370 1370 1370 1370 1370 1370 1370 1509 1509 1496 1433 1427 1421
    1421 1421 1421 1421 1421 1427 1427 1421 1421 1421 1415 1415 1415
    1415 1415 1410 1410 1410 1410 1404 1404 1404 1404 1398 1398 1398
    1398 1404 1398 1398 1392 1392 1387 1387 1387 1387 1387 1387 1387
    1387 1387 1387 1387 1387 1387 1387 1387 1387 1387 1387 1381 1381
