<?xml version="1.0"?>
<opencv_storage>
<Depth12094 type_id="opencv-matrix">
  <rows>113</rows>
  <cols>90</cols>
  <dt>w</dt>
  <data>
    6889 6889 6889 6889 6889 6889 6753 6753 6753 6753 6889 6889 6889
    6889 6889 6889 6753 6753 6753 6753 6753 6753 6753 6753 6753 6753
    6622 6622 6753 6753 6622 6622 6753 6753 6753 6753 6753 6753 6622
    6622 6622 6622 6753 6753 6753 6622 6622 6622 6622 6622 6622 6622
    6622 6622 6622 6622 6622 6622 6497 6497 6622 6497 6497 582 581 580
    579 579 6622 6622 576 576 577 0 0 0 0 0 0 0 6146 6146 6259 6259 6259
    6259 6259 6259 6259 6259 6889 6889 6889 6889 6889 6889 6753 6753
    6753 6753 6889 6889 6889 6889 6889 6889 6753 6753 6753 6753 6753
    6753 6753 6753 6753 6753 6622 6622 6753 6753 6753 6753 6753 6753
    6753 6753 6753 6753 6622 6622 6622 0 0 6622 6622 6622 6622 6622 6622
    6622 6622 6622 6622 6622 6622 6622 6622 6622 6622 6622 6622 6622 579
    579 579 578 577 577 6622 6622 576 576 577 577 578 0 0 0 0 0 6146
    6146 6259 6259 6259 6259 6259 6259 6259 6259 6889 6889 6889 6889
    6889 6889 6753 6753 6753 6753 6889 6753 6753 6753 6753 6753 6753
    6753 6753 6753 6753 6753 6753 6753 6622 6622 6622 6622 6622 6753
    6753 6753 6889 6753 6753 6889 6753 6753 6753 6753 6753 0 0 562 6622
    6622 6497 6497 6622 6622 6622 6622 6622 565 565 565 566 6622 6622
    6622 6622 6622 578 578 577 577 575 574 574 574 574 575 577 577 578 0
    0 0 0 0 0 0 0 0 0 6497 6259 6259 6259 6259 6889 6889 6889 6889 6889
    6889 6753 6753 6753 6753 6889 6753 6622 6622 6622 6753 6753 6753
    6753 6753 6753 6753 6753 6622 6622 6622 6622 6622 6622 6753 6753
    6753 6753 6753 6753 6889 6753 6753 6889 6889 6889 558 558 562 562
    561 561 562 563 564 564 564 564 564 565 565 565 565 565 6622 6622
    576 576 576 575 574 574 574 574 574 574 575 576 577 577 577 0 0 0 0
    0 0 0 0 0 6497 6259 6259 6259 6259 6889 6889 6889 6889 6889 6889
    6889 6889 6889 6753 6753 6753 6622 6622 6497 6497 6622 6622 6753
    6753 6889 6753 6753 6622 6497 6497 6622 6622 6753 553 553 6622 6753
    6753 6753 558 558 559 559 559 559 558 558 560 560 561 561 562 563
    564 564 564 564 564 565 565 565 565 565 567 572 572 573 574 572 572
    572 573 574 574 575 575 575 576 576 576 0 0 0 0 0 0 0 0 0 0 6259
    6259 6259 6259 6889 6889 6889 6889 6889 6889 6889 6753 6753 6753
    6753 6753 6889 6622 6497 6497 6622 6622 6753 6753 6889 6753 6753
    6622 6497 6497 6622 6622 553 553 553 553 553 554 554 556 558 558 559
    558 558 558 558 558 559 560 561 562 563 564 564 564 565 565 565 565
    565 565 565 567 570 571 571 572 572 572 572 572 572 572 574 575 575
    576 575 575 0 0 0 0 0 0 0 0 0 0 6259 6259 6259 6259 6889 6889 6889
    6889 6889 6889 6889 6753 6753 6753 0 0 0 0 0 655 655 621 621 6889
    6889 6753 6753 6753 6753 574 566 558 558 554 554 553 553 554 554 555
    556 556 556 557 557 557 557 558 559 560 561 562 562 563 564 564 565
    565 565 565 566 566 567 568 570 571 571 572 571 571 572 572 572 572
    574 574 575 575 575 575 0 0 0 0 0 0 0 0 0 0 0 6259 6259 6259 6889
    6889 6889 6889 6889 6889 6889 6889 0 0 0 0 650 650 650 655 655 621
    621 621 621 622 575 575 575 574 566 562 558 554 554 553 553 554 554
    555 555 555 556 557 557 557 557 558 558 559 561 562 562 563 563 564
    565 565 565 565 566 566 567 568 570 570 571 571 571 571 571 571 571
    573 573 574 575 575 574 574 0 0 0 0 0 0 0 0 0 0 0 6146 6146 6259
    6889 6889 6889 6889 6889 6889 6889 0 0 0 0 0 650 650 650 652 655 621
    621 621 622 0 0 575 575 570 566 562 557 555 554 554 554 554 554 554
    554 555 556 557 557 558 558 558 558 559 560 561 561 562 563 564 564
    564 565 565 566 566 567 567 570 570 571 571 571 571 571 571 571 573
    573 574 574 574 574 574 0 0 0 0 0 0 0 0 0 0 0 6146 6146 6146 6753
    6889 0 0 0 0 0 0 0 0 0 655 650 650 650 652 628 622 622 622 622 607
    607 569 569 569 566 563 557 555 554 554 554 554 554 554 554 554 556
    557 558 558 558 558 559 559 560 561 561 561 562 562 564 564 564 565
    566 566 566 566 569 570 571 571 571 571 571 571 572 573 574 574 574
    573 573 574 0 0 0 0 0 0 0 0 0 0 0 6146 6146 6146 6753 0 0 0 0 0 0 0
    0 0 0 0 655 655 652 632 628 622 622 609 607 607 0 0 569 569 565 563
    559 555 554 554 554 554 554 554 554 554 557 558 558 558 558 559 559
    559 560 560 561 561 562 562 563 563 563 565 566 566 566 566 569 570
    570 570 571 571 571 571 572 574 575 574 574 573 573 574 0 0 0 0 0 0
    0 0 0 0 0 6146 6146 6146 0 0 0 0 0 0 0 0 0 0 671 671 655 655 655 632
    631 619 616 609 607 607 607 593 593 565 565 562 559 556 554 554 554
    554 554 554 554 554 556 556 557 557 558 559 559 559 560 560 561 562
    563 563 563 563 563 566 567 566 566 567 567 570 570 570 571 571 571
    571 572 574 576 576 573 573 574 574 0 0 0 0 0 0 0 0 0 0 0 6146 6146
    6259 0 0 0 0 0 0 0 0 698 697 671 670 670 658 658 658 616 616 614 610
    608 608 608 593 593 593 562 562 558 556 554 554 553 553 554 553 553
    553 554 555 556 556 557 559 560 560 560 560 561 562 563 563 563 564
    564 565 566 566 566 566 567 569 570 570 570 570 571 571 572 574 575
    575 573 573 574 575 0 0 0 0 0 0 0 0 0 0 0 6259 6259 6259 764 762 759
    759 0 0 0 0 697 694 674 670 670 661 661 661 616 616 613 611 610 610
    610 591 589 589 589 559 558 555 554 554 553 553 553 553 552 552 554
    555 556 556 557 559 559 559 560 560 561 562 562 563 563 563 564 565
    565 565 565 566 567 568 569 570 569 569 570 570 571 572 575 575 574
    574 574 575 576 0 0 0 0 0 0 0 0 0 0 6259 6259 6259 762 762 759 759 0
    0 0 0 697 691 675 667 667 663 663 642 641 616 613 612 611 611 611
    589 586 586 586 559 557 555 554 553 553 552 552 552 552 552 554 556
    556 556 557 558 558 559 560 560 561 561 562 562 563 563 564 564 565
    565 565 565 567 568 569 569 569 569 570 570 571 571 574 575 574 574
    574 575 575 0 0 0 0 0 0 0 0 0 0 0 6375 6259 762 762 759 759 759 717
    0 697 697 682 678 667 667 666 647 642 641 616 614 612 611 611 611
    586 586 586 586 559 557 555 554 553 552 552 551 551 552 552 555 556
    556 556 557 557 558 559 560 560 560 560 561 562 562 563 563 564 565
    565 565 565 566 567 569 569 570 570 570 570 570 570 573 574 574 574
    574 574 574 0 0 0 0 0 0 0 0 0 0 0 6375 6259 764 764 761 761 761 717
    716 714 698 682 679 678 678 678 647 643 641 618 614 612 610 610 610
    586 586 585 585 558 556 554 554 553 552 552 551 551 553 553 556 556
    556 557 557 557 557 558 559 559 559 560 561 561 562 563 563 564 564
    564 564 565 566 567 569 570 570 570 570 569 569 570 571 574 574 574
    574 574 574 0 0 0 0 0 0 0 0 0 0 0 6375 6259 766 764 761 761 761 714
    714 714 707 707 707 707 649 649 649 649 622 619 616 613 610 610 610
    586 585 583 583 558 555 554 554 553 553 552 551 551 554 554 556 556
    556 556 556 556 556 557 559 559 559 559 560 561 562 563 563 564 564
    564 564 564 566 567 568 569 570 570 570 569 569 570 571 574 573 573
    572 572 573 0 0 0 0 0 0 0 0 0 0 0 6375 6259 766 766 766 742 742 714
    714 714 708 708 708 662 662 650 650 650 622 620 619 616 609 607 607
    586 585 582 578 578 555 555 554 553 553 552 552 553 554 555 555 555
    556 556 556 556 556 557 558 559 559 559 560 561 562 563 563 564 564
    564 564 564 565 566 567 568 568 569 570 570 570 570 571 574 573 573
    572 572 573 0 0 0 0 0 0 0 0 0 0 0 6259 6259 767 767 746 742 742 714
    714 710 708 708 708 662 662 662 650 650 650 621 619 616 609 603 603
    586 585 581 577 576 555 554 554 552 552 552 552 552 553 554 555 555
    555 555 555 556 556 557 558 559 559 559 560 561 562 563 563 563 563
    563 564 564 565 566 567 568 568 569 569 569 569 570 571 574 574 573
    572 572 572 0 0 0 0 0 0 0 0 0 0 0 6259 6259 767 767 746 742 739 719
    717 710 707 707 707 668 662 659 652 650 650 622 620 618 607 602 602
    602 585 581 575 574 574 554 553 552 552 552 552 552 553 554 554 554
    555 555 555 556 556 557 557 558 559 559 560 561 562 562 562 563 563
    563 564 564 565 566 567 567 568 568 569 569 569 570 572 574 574 572
    572 572 572 0 0 0 0 0 0 0 0 0 0 0 6146 6146 767 767 746 742 739 727
