<?xml version="1.0"?>
<opencv_storage>
<Depth14972 type_id="opencv-matrix">
  <rows>13</rows>
  <cols>43</cols>
  <dt>w</dt>
  <data>
    3333 3433 3433 3468 3468 3468 3468 3653 3653 3653 3653 3653 3653
    3576 3539 3539 0 0 0 0 0 0 0 0 0 0 0 0 0 0 0 0 0 0 0 0 2659 2659
    2680 2701 2701 2701 2701 3365 3433 3433 3433 3433 3468 3468 3653
    3653 3653 3653 3614 3614 3539 3539 3539 3539 0 0 0 0 0 0 0 0 3816
    3816 0 0 0 0 0 0 0 0 0 2701 2701 2701 2680 2680 2744 2723 3399 3468
    3468 3433 3433 3468 3468 3539 3576 3614 3653 3614 3614 3539 3539
    3539 3539 3614 0 0 0 3653 3653 3692 3732 3774 3816 0 0 3732 3732
    3774 0 0 0 0 0 0 2680 2680 2680 2767 2744 3433 3468 3468 3468 3468
    3468 3468 3539 3539 3539 3576 3614 3614 3576 3576 3614 3614 3614
    3653 3653 3653 3653 3653 3692 3692 3692 3774 3774 3774 3732 3732
    3774 3774 3816 0 0 0 0 0 3859 3903 2701 2701 3468 3503 3503 3468
    3468 3468 3468 3539 3539 3539 3576 3614 3614 3614 3614 3614 3614
    3653 3653 3653 3653 3653 3692 3692 3692 3692 3732 3732 3732 3732
    3732 3774 3774 3816 3903 0 3859 0 3859 0 3903 3903 3903 3468 3468
    3503 3468 3468 3503 3503 3503 3539 3539 3576 3539 3539 3614 3614
    3614 3653 3653 3653 3653 3653 3692 3692 3692 3692 3692 3692 3692
    3732 3732 3732 3816 3816 3816 3903 3859 3859 3903 3859 3859 3903
    3903 3903 3468 3468 3503 3468 3468 3468 3503 3503 3539 3539 3539
    3539 3539 3576 3576 3614 3653 3653 3653 3653 3653 3692 3692 3692
    3692 3692 3692 3692 3732 3816 3816 3816 3816 3816 3903 3859 3859
    3903 3859 3859 3903 3903 3948 3468 3468 3468 3468 3468 3468 3468
    3468 3539 3539 3539 3539 3539 3576 3576 3614 3614 3614 3614 3653
    3692 3692 3692 3692 3692 3692 3692 3732 3774 3816 3816 3816 3859
    3859 3903 3903 3948 3948 3948 3948 3948 3948 3948 0 3468 3468 3468
    3468 3433 3433 3468 3539 3539 3539 3539 3539 3539 3539 3576 3614
    3614 3614 3653 3653 3692 3692 3692 3692 3732 3732 3732 3774 3816
    3816 3859 3859 3859 3903 3903 3948 3948 3948 3948 3994 3948 3948 0
    4463 4405 3468 3468 3399 3399 3503 3539 3539 3539 3539 3539 3539
    3539 3539 3539 3576 3576 3653 3614 3614 3653 3692 3692 3732 3732
    3732 3774 3816 3816 3859 3859 3859 3903 3903 3948 3948 3948 3948
    3994 3948 3948 4405 4463 4405 4405 4405 3399 3399 3503 3576 3576
    3576 0 3539 3539 3539 3539 3539 3576 3576 3576 3539 3539 3614 3692
    3732 3732 3692 3692 3774 3774 3859 3859 3859 3859 3903 3903 3903
    3903 3903 3903 3994 3994 3994 4405 4405 4405 4405 4405 4405 4463
    4522 4645 4645 4645 4708 4708 4708 4708 4708 3576 3576 3576 3576
    3539 3539 3614 3692 3774 3653 3653 3653 3692 3774 3859 3859 3859
    3859 3903 3903 3903 3903 3903 3903 3994 3994 3994 4405 4405 4405
    4405 4405 4405 4463 4522 4582 4582 4582 4708 4708 4708 4708 4708
    4708 4911 4911 4911 4911 4983 4983 5056 5056 3653 3653 3653 3692
    3774 3859 3859 3859 3859 3903 3903 3903 3903 3903 3948 4041 3994
    3994</data></Depth14972>
</opencv_storage>
