<?xml version="1.0"?>
<opencv_storage>
<Depth4428 type_id="opencv-matrix">
  <rows>33</rows>
  <cols>26</cols>
  <dt>w</dt>
  <data>
    6497 6497 6497 6497 6375 6375 6375 6375 6497 6497 6497 6497 6497
    6497 6497 3149 3149 3149 3149 3149 3149 3149 6497 6622 6622 6622
    6497 6497 6375 6375 6375 6375 6375 6375 6497 6497 6497 6497 3178
    3178 3149 3149 3149 3149 3149 3149 3149 3149 6622 6622 6622 6622
    6375 6497 6375 6375 6375 6375 6375 3149 3149 3149 3149 3149 3149
    3120 3120 3149 3149 3149 3149 3149 3149 3149 3149 6622 6622 6622
    6375 3120 3120 3120 3120 3064 3064 3064 3120 3120 3120 3120 3120
    3120 3120 3149 3149 3149 3149 3149 3149 3149 3149 6622 6622 6622
    3149 3120 3120 3120 3120 3064 3064 3064 3092 3092 3120 3120 3120
    3120 3120 3149 3149 3149 3149 3149 3149 3149 3178 6622 6622 6622
    3149 3149 3149 3120 3120 3064 3064 3064 3092 3092 3092 3092 3120
    3120 3120 3149 3149 3149 3149 3149 3149 3149 3178 6753 6622 6622
    3149 3149 3149 3120 3120 3120 3092 3092 3092 3092 3092 3092 3120
    3120 3120 3120 3149 3149 3149 3149 3149 3149 3178 6889 6753 6622
    3149 3149 3149 3149 3120 3120 3092 3092 3092 3092 3092 3092 3120
    3120 3120 3120 3149 3149 3149 3149 3149 3149 3178 3178 6753 6753
    3178 3149 3149 3149 3120 3120 3092 3092 3092 3092 3092 3092 3120
    3120 3120 3120 3149 3149 3149 3149 3149 3149 3178 3178 6622 6622
    3269 3178 3149 3149 3120 3120 3120 3092 3092 3092 3092 3092 3120
    3120 3120 3149 3149 3149 3149 3149 3149 3149 3178 3178 6622 6622
    3269 3178 3149 3149 3120 3120 3120 3092 3092 3092 3092 3092 3120
    3120 3120 3149 3149 3149 3149 3149 3149 3149 3178 3178 6497 6497
    3238 3178 3178 3149 3149 3120 3120 3064 3064 3092 3092 3092 3120
    3120 3120 3120 3120 3149 3149 3149 3149 3149 3149 3149 6497 6497
    3238 3178 3178 3149 3149 3120 3092 3064 3064 3092 3092 3092 3120
    3120 3120 3120 3120 3120 3149 3149 3149 3149 3149 3149 6622 6622
    6497 3208 3178 3149 3149 3120 3092 3064 3064 3092 3092 3120 3120
    3120 3120 3120 3120 3120 3149 3149 3149 3149 3149 3149 6622 6622
    6497 3238 3178 3178 3149 3149 3092 3092 3092 3092 3120 3120 3120
    3120 3120 3120 3120 3120 3149 3149 3149 3149 3178 3178 6622 6622
    6497 3238 3178 3178 3149 3149 3120 3092 3092 3092 3120 3120 3120
    3120 3120 3120 3120 3120 3149 3149 3149 3149 3178 3178 3178 6622
    6497 6497 3178 3178 3178 3149 3120 3120 3092 3092 3092 3120 3120
    3120 3120 3120 3120 3149 3149 3149 3149 3149 3208 3178 3178 6622
    6497 6497 6497 3178 3149 3149 3120 3120 3092 3092 3092 3120 3120
    3120 3120 3120 3120 3120 3149 3149 3149 3149 3178 3178 3178 3178
    6375 6375 6375 3178 3149 3149 3120 3120 3092 3092 3092 3120 3120
    3120 3120 3120 3120 3120 3120 3149 3149 3149 3178 3178 3178 3178
    6375 6375 6375 3178 3149 3149 3120 3120 3120 3092 3092 3092 3092
    3120 3120 3120 3120 3120 3120 3120 3149 3149 3208 3208 3208 3208
    6375 6375 6375 6497 3149 3149 3120 3120 3120 3092 3092 3092 3092
    3120 3120 3120 3120 3120 3120 3120 3149 3149 3178 3208 3208 3208
    6375 6375 6375 6497 3149 3149 3120 3120 3120 3092 3092 3092 3120
    3120 3120 3120 3120 3120 3120 3120 3149 3149 3178 3208 3208 3208
    6497 6497 6497 6497 3149 3149 3120 3120 3120 3092 3064 3064 3092
    3120 3120 3120 3120 3120 3120 3149 3149 3149 3178 3178 3208 3208
    6497 6497 6497 6497 3149 3149 3149 3120 3120 3092 3064 3064 3092
    3120 3120 3120 3120 3120 3120 3149 3149 3149 3178 3178 3208 3208
    6497 6497 6497 6497 3149 3149 3149 3120 3120 3092 3092 3092 3092
    3120 3120 3120 3120 3120 3120 3149 3149 3149 3178 3178 3208 3208
    6497 6497 6497 6622 3149 3149 3149 3120 3120 3092 3092 3092 3092
    3120 3120 3120 3120 3120 3120 3149 3149 3149 3178 3178 3178 3208
    6497 6497 6497 6497 3149 3149 3149 3120 3120 3092 3092 3092 3092
    3120 3120 3120 3120 3120 3120 3120 3120 3149 3178 3178 3178 3208
    6497 6497 6497 6497 3149 3149 3149 3120 3120 3120 3120 3120 3120
    3120 3120 3120 3120 3120 3120 3120 3120 3149 3178 3178 3178 3178
    6497 6497 6497 6497 3178 3178 3149 3149 3120 3120 3120 3120 3120
    3120 3120 3120 3120 3120 3120 3120 3149 3149 3178 3178 3178 3178
    6497 6497 6497 6497 3178 3178 3149 3149 3120 3120 3120 3092 3092
    3092 3092 3120 3120 3120 3120 3120 3120 3120 3149 3149 3149 3208
    6375 6375 6375 6497 3238 3178 3149 3149 3120 3092 3092 3092 3092
    3092 3092 3120 3120 3120 3120 3120 3120 3120 3149 3149 3149 6622
    6375 6375 6375 6375 3238 3178 3149 3149 3120 3092 3092 3092 3092
    3092 3092 3092 3092 3120 3120 3120 3092 3092 3149 3149 6622 6622
    6497 6497 6497 6375 6375 3178 3149 3149 3120 3092 3092 3092 3092
    3092 3092 3092 3092 3120 3120 6497 3092 3092 6497 6622 6497 6497</data></Depth4428>
</opencv_storage>
