<?xml version="1.0"?>
<opencv_storage>
<Depth17848 type_id="opencv-matrix">
  <rows>105</rows>
  <cols>70</cols>
  <dt>w</dt>
  <data>
    1843 1843 1833 1833 1833 1833 1823 1823 1823 1823 1833 1038 1034
    1031 1028 1025 1022 1022 1025 1025 1813 1813 1813 1813 1804 1794
    1794 1794 1794 1785 1785 1785 1785 1785 1794 1804 1813 1833 1843
    2812 2767 2767 2744 2744 2744 2744 2744 2723 2723 2723 2701 2701
    2659 2659 2659 2659 2659 2639 2639 2639 2618 2618 2598 2598 2598
    2598 2598 2598 2598 2579 1843 1843 1843 1843 1843 1833 1833 1833
    1833 1833 1038 1038 1028 1028 1028 1025 1025 1025 1025 1025 1813
    1813 1813 1813 1804 1794 1794 1785 1785 1785 1785 1776 1776 1785
    1794 1813 1823 1833 1833 2789 2767 2767 2744 2744 2744 2744 2723
    2723 2723 2723 2723 2701 2659 2659 2659 2659 2659 2639 2639 2639
    2639 2618 2598 2598 2598 2598 2598 2598 2598 2579 1843 1843 1843
    1843 1843 1833 1833 1833 1028 1022 1019 1019 1022 1022 1022 1022
    1022 1022 1022 1022 1004 1004 1823 1813 1804 1794 1794 1785 1785
    1776 1776 1776 1776 1785 1794 1813 1833 1833 1833 2789 2744 2744
    2744 2744 2744 2723 2723 2723 2723 2723 2723 2701 2680 2659 2659
    2659 2659 2659 2659 2639 2639 2618 2598 2598 2598 2598 2598 2598
    2579 2579 1843 1843 1843 1843 1843 1843 1843 1843 1025 1022 1019
    1016 1016 1013 1013 1016 1016 1013 1007 1004 1004 1004 1004 1004
    1004 1007 1794 1794 1794 1776 1776 1776 1776 1785 1804 1823 1833
    1833 1833 2767 2744 2744 2744 2744 2744 2723 2723 2723 2723 2723
    2723 2701 2680 2680 2680 2659 2659 2659 2639 2639 2639 2639 2618
    2618 2618 2618 2598 2598 2579 2579 1833 1833 1833 1833 1833 1843
    1843 1022 1022 1022 1019 1016 1016 1013 1013 1013 1013 1010 1007
    1004 1004 1004 1004 1004 1004 1001 1001 998 995 992 992 992 989 989
    989 989 1833 1833 1833 2744 2744 2723 2723 2744 2744 2723 2723 2723
    2723 2723 2723 2680 2680 2659 2659 2659 2659 2659 2639 2639 2639
    2639 2618 2618 2618 2618 2598 2598 2598 2579 1833 1833 1833 1833
    1833 1833 1022 1022 1022 1022 1019 1016 1016 1013 1013 1013 1013
    1010 1007 1007 1007 1004 1004 1001 1001 1001 998 998 995 992 992 992
    989 989 989 987 987 992 992 2744 984 981 981 981 978 978 973 973
    2723 2723 2701 2680 2659 2639 2639 2659 2659 2659 967 967 2639 2639
    2639 2618 2618 2618 2598 2598 2579 2579 1843 1833 1833 1833 1833
    1833 1025 1025 1022 1022 1022 1016 1016 1013 1013 1013 1013 1010
    1010 1010 1010 1007 1004 1001 1001 1001 998 998 998 995 992 992 992
    989 987 987 987 987 984 984 981 981 978 978 975 975 973 970 970 973
    973 970 970 967 967 967 967 964 964 964 959 959 959 962 962 964 964
    2618 2579 2579 1833 1833 1833 1833 1833 1833 1025 1025 1022 1022
    1022 1016 1016 1013 1013 1013 1013 1010 1010 1010 1010 1007 1004
    1001 1001 1001 1001 1001 998 995 992 992 992 989 987 987 987 987 984
    984 981 981 978 978 975 975 973 970 970 970 970 970 967 967 967 964
    964 964 964 962 959 959 959 959 959 959 964 964 948 0 1833 1833 1833
    1823 1813 1813 1813 1025 1022 1022 1019 1016 1016 1016 1016 1013
    1013 1010 1010 1010 1010 1007 1004 1004 1001 1001 1001 1001 998 995
    995 992 992 989 987 987 987 987 984 981 981 978 978 978 978 975 973
    970 970 970 967 967 967 967 964 964 962 962 962 959 959 959 959 956
    954 951 948 948 0 0 1833 1833 1833 1823 1813 1813 1025 1025 1022
    1022 1019 1019 1019 1019 1016 1016 1013 1010 1010 1010 1010 1007
    1004 1004 1001 1001 1001 1001 998 995 995 992 992 989 987 987 987
    984 984 981 981 978 978 978 978 975 973 970 970 967 967 967 964 964
    964 962 962 959 959 959 956 956 956 954 951 951 948 948 951 0 1833
    1833 1843 1843 1853 1853 1025 1025 1022 1022 1022 1019 1019 1019
    1016 1013 1013 1010 1010 1010 1013 1010 1007 1004 1004 1001 1001 998
    998 998 998 995 992 989 987 987 984 984 984 981 981 981 978 978 978
    975 973 970 970 967 967 967 964 964 964 962 962 959 959 956 956 954
    954 954 951 951 951 951 951 951 1833 1833 1833 1833 1863 1863 1025
    1025 1025 1022 1022 1022 1019 1016 1016 1013 1013 1013 1010 1010
    1010 1010 1007 1004 1004 1001 1001 998 998 998 998 995 992 989 987
    987 984 984 981 981 981 981 978 978 975 975 973 970 970 970 967 967
    964 964 964 964 962 959 959 956 956 954 954 951 951 951 951 951 951
    948 1833 1833 1833 1833 1833 1025 1025 1025 1025 1022 1022 1022 1019
    1016 1013 1013 1013 1013 1010 1010 1010 1007 1004 1004 1004 1001
    1001 998 998 998 998 995 989 989 989 987 984 984 981 981 981 981 978
    978 975 975 973 970 970 970 967 967 967 964 964 964 962 959 959 956
    956 954 954 951 951 951 951 951 951 948 1833 1833 1833 1833 1833
    1025 1025 1025 1025 1025 1022 1022 1019 1016 1013 1013 1013 1013
    1010 1010 1010 1007 1004 1004 1004 1001 1001 998 998 995 995 992 989
    989 989 987 984 984 981 981 981 978 978 978 975 975 975 973 970 970
    967 967 967 964 964 964 962 959 959 956 956 954 954 954 951 951 951
    951 951 948 1833 1833 1804 1804 1804 1025 1025 1025 1025 1025 1022
    1022 1019 1016 1016 1013 1013 1013 1010 1010 1010 1007 1007 1004
    1004 1001 1001 998 998 995 995 992 989 989 989 989 987 984 984 981
    981 978 978 978 975 975 975 973 970 970 967 967 967 964 964 962 962
    959 959 956 956 954 954 954 954 951 951 951 951 948 1833 1833 1804
    1804 1804 1025 1025 1025 1025 1025 1022 1022 1019 1019 1016 1016
    1013 1013 1010 1010 1010 1007 1007 1004 1004 1001 1001 998 998 995
    995 992 992 989 989 989 987 984 984 981 981 978 978 978 978 975 975
    973 970 970 967 967 964 964 964 962 962 959 956 956 956 956 956 954
    954 951 951 951 951 948 1833 1833 1794 1794 1794 1025 1025 1025 1025
    1025 1022 1022 1019 1019 1016 1016 1013 1013 1010 1010 1010 1007
    1007 1007 1004 1001 1001 998 998 995 992 992 989 989 989 989 987 984
    981 981 981 978 978 978 978 975 975 973 970 970 967 967 964 964 964
    962 962 959 956 956 956 956 956 954 954 951 951 951 951 948 1833
    1833 1794 1794 1794 1028 1028 1028 1025 1025 1022 1022 1019 1019
    1016 1016 1013 1013 1010 1010 1010 1007 1007 1004 1004 1001 1001 998
    998 995 992 992 989 989 989 989 987 984 981 981 981 978 978 978 978
    978 975 973 970 970 967 967 964 964 964 962 959 959 956 956 956 956
    956 954 954 951 951 951 948 948 1833 1833 1833 1833 1833 1028 1028
    1028 1025 1025 1025 1022 1022 1019 1016 1016 1013 1013 1010 1010
    1010 1007 1007 1004 1004 1004 1001 998 998 995 992 989 989 989 989
    989 987 987 984 981 981 978 978 978 978 978 978 973 970 970 967 967
    964 964 964 962 959 959 959 956 956 956 956 954 954 951 951 951 946
    946 1833 1833 1833 1833 1833 1028 1028 1028 1025 1025 1025 1022 1022
    1019 1019 1016 1013 1010 1010 1010 1010 1007 1004 1004 1004 1004
    1001 998 998 995 992 989 989 989 989 989 989 987 984 981 981 978 978
    978 978 978 978 973 970 970 970 967 967 964 964 964 959 959 959 956
    956 956 956 956 954 951 951 951 946 946 1833 1833 1833 1833 1833
    1031 1031 1028 1025 1025 1025 1022 1022 1022 1019 1016 1013 1010
    1010 1010 1010 1007 1004 1004 1004 1004 1001 1001 1001 998 995 992
    989 989 989 989 989 987 987 981 981 978 978 978 978 978 975 973 973
    970 970 967 967 964 964 964 962 959 959 959 956 956 956 956 954 951
    951 951 948 948 1833 1823 1823 1833 1833 1031 1028 1028 1025 1025
    1025 1022 1022 1022 1019 1016 1013 1010 1010 1010 1010 1007 1004
    1004 1004 1004 1001 1001 1001 998 998 992 992 992 992 992 989 989
    987 984 981 981 978 978 978 978 975 973 970 970 970 967 967 964 964
    964 962 959 959 959 956 956 956 956 954 951 951 951 951 956 1833
    1823 1823 1833 1034 1031 1028 1028 1028 1025 1025 1022 1022 1022
    1019 1016 1013 1013 1013 1013 1010 1010 1007 1007 1004 1004 1004
    1001 1001 998 998 992 992 992 992 992 989 989 987 984 981 981 978
    978 978 978 975 973 970 970 970 967 967 967 964 964 964 962 959 959
    956 956 956 956 954 954 954 954 954 956 1833 1823 1823 1833 1034
    1031 1031 1031 1028 1025 1025 1022 1022 1022 1019 1016 1013 1013
