<?xml version="1.0"?>
<opencv_storage>
<Depth2714 type_id="opencv-matrix">
  <rows>53</rows>
  <cols>52</cols>
  <dt>w</dt>
  <data>
    2028 2028 2028 2028 2028 2028 2016 2016 2028 2053 2065 4774 4774
    4842 4842 4842 4842 4774 4708 2040 2040 2028 2028 2040 2053 2065
    4774 4708 4645 4645 4645 4582 4582 4582 4582 4522 4522 4522 4522
    4463 4463 4463 4463 4405 4405 4405 4405 4405 4405 4405 4405 4349
    2028 2028 2028 2028 2028 2028 2016 2016 2016 5210 4774 4774 4774
    4842 4842 4842 4842 4842 4708 2040 2040 2028 2028 2040 2053 2065
    2065 4708 4645 4645 4645 4582 4582 4582 4582 4522 4522 4582 4582
    4463 4463 4463 4463 4405 4405 4405 4405 4405 4405 4405 4349 4349
    2016 2016 2016 2028 2028 2053 2065 2065 0 5210 5132 2078 2065 2065
    2065 4842 4842 4842 2040 2040 2040 2028 2028 2040 2053 2053 2053
    4708 4645 4645 4645 4645 4645 4582 4582 4582 4582 4582 4582 4522
    4522 4463 4463 4405 4405 4405 4405 4405 4405 4405 4349 4349 2016
    2016 2016 2028 2028 2053 2065 0 0 5210 2116 2078 2065 2065 2065 2065
    2053 2040 2040 2040 2040 2040 2040 2053 2053 2053 2053 2040 2040
    4645 4645 4645 4645 4645 4645 4582 4582 4582 4582 4522 4522 4522
    4463 4463 4463 4405 4405 4405 4405 4405 4405 4349 2016 2016 2016 0 0
    0 0 0 0 0 2116 2078 2078 2065 2065 2053 2040 2028 2028 2040 2040
    2040 2040 2053 2053 2053 2053 2040 2040 2053 4645 4645 4645 4645
    4645 4645 4582 4582 4582 4582 4582 4522 4463 4463 4463 4405 4405
    4405 4405 4405 4405 4405 2065 0 0 0 0 0 0 0 0 0 2129 2103 2078 2065
    2053 2053 2028 2028 2028 2040 2040 2040 2040 2040 2053 2053 2053
    2040 2040 2040 2040 4582 4582 4645 4645 4645 4645 4645 4645 4645
    4645 4582 4463 4463 4463 4463 4463 4463 4463 4405 4405 4405 0 0 0 0
    0 0 0 0 0 0 2090 2090 2078 2065 2053 2053 2028 2028 2028 2040 2040
    2040 2040 2040 2053 2053 2053 2040 2040 2040 2040 4582 4582 4645
    4645 4645 4645 4645 4645 4645 4645 4582 4522 4463 4463 4463 4463
    4463 4463 4463 4405 4405 2103 0 0 0 0 0 0 0 0 0 2053 2053 2053 2053
    2053 2053 2040 2040 2040 2040 2040 2040 2040 2040 2053 2053 2053
    2040 2040 2040 2040 2040 2040 4645 4708 4645 4645 4645 4645 4645
    4645 4582 4522 4463 4463 4463 4463 4463 4463 4405 4405 4405 5210 0 0
    0 0 0 0 0 0 2053 2040 2040 2053 2053 2053 2053 2053 2040 2040 2040
    2040 2040 2040 2040 2053 2053 2053 2053 2040 2040 2040 2040 2040
    4708 4708 4645 4645 4645 4582 4582 4582 4582 4522 4463 4463 4463
    4463 4463 4463 4405 4405 4405 5056 0 0 0 0 0 0 0 2065 2053 2040 2040
    2040 2040 2053 2053 2040 2040 2040 2040 2040 2040 2040 2053 2053
    2053 2053 2053 2053 2053 2053 2053 2053 2065 4708 4708 4645 4645
    4582 4582 4582 4582 4522 4463 4463 4463 4463 4463 4463 4463 4405
    4405 5056 5132 0 0 2078 2078 2078 2053 2053 2053 2040 2040 2040 2040
    2053 2053 2040 2040 2028 2028 2028 2040 2040 2065 2053 2053 2053
    2053 2053 2053 2053 2065 2065 2065 2065 4708 4708 4645 4645 4645
    4582 4582 4522 4463 4463 4463 4463 4463 4463 4463 4405 4405 5132
    5132 5132 5132 2065 2065 2065 2040 2040 2053 2040 2040 2040 2040
    2040 2053 2040 2040 2028 2028 2028 2040 2053 2065 2053 2040 2040
    2040 2040 2053 2065 2065 2053 2040 2040 2040 4774 4645 4645 4645
    4582 4582 4522 4522 4463 4463 4463 4463 4463 4463 4405 4405 5210
    5132 5132 5132 2053 2053 2053 2040 2040 2053 2040 2040 2040 2040
    2040 2040 2040 2028 2028 2028 2028 2040 2053 2065 2053 2040 2040
    2040 2040 2053 2053 2053 2053 2040 2040 2040 2040 4708 4645 4645
    4582 4582 4582 4522 4522 4582 4522 4463 4463 4463 4463 4463 5210
    5132 5132 2028 2028 2040 2040 2053 2053 2053 2040 2040 2040 2040
    2040 2040 2040 2028 2028 2028 2028 2040 2053 2065 2053 2053 2040
    2040 2053 2053 2053 2053 2040 2040 2053 2040 2040 2053 4645 4582
    4582 4645 4645 4582 4582 4582 4582 4522 4463 4463 4463 4463 5210
    5132 5132 2028 2028 2040 2040 2040 2040 2040 2040 2040 2040 2040
    2040 2040 2040 2040 2040 2040 2040 2040 2053 2065 2053 2053 2040
    2040 2053 2053 2053 2040 2040 2040 2040 2040 2040 2053 2053 4582
    4582 4645 4645 4645 4645 4645 4582 4582 4463 4463 4463 4463 5210
    5210 2065 2053 2040 2040 2040 2040 2040 2040 2040 2028 2028 2028
    2028 2028 2040 2040 2040 2040 2040 2040 2040 2053 2053 2040 2040
    2040 2053 2053 2040 2040 2028 2028 2040 2040 2040 2053 2053 2053
    4582 4645 4645 4645 4645 4582 4582 4582 4522 4463 4463 4463 2053
    2053 2040 2040 2040 2040 2040 2028 2028 2040 2040 2028 2028 2028
    2028 2028 2040 2040 2040 2040 2040 2040 2040 2053 2053 2040 2040
    2040 2053 2053 2040 2040 2028 2028 2040 2040 2053 2053 2053 2053
    4708 4645 4645 4582 4582 4582 4582 4522 4522 4522 4463 4463 2040
    2040 2040 2040 2040 2040 2040 2028 2028 2040 2040 2028 2028 2040
    2040 2040 2040 2040 2053 2040 2040 2040 2040 2040 2040 2040 2040
    2040 2053 2053 2053 2040 2040 2040 2040 2040 2053 2053 2053 2065
    4708 4645 4645 4582 4582 4582 4582 4522 4522 4522 4463 4463 2040
    2040 2028 2028 2040 2040 2040 2040 2040 2040 2040 2028 2028 2040
    2040 2040 2040 2040 2053 2053 2040 2040 2040 2040 2040 2040 2040
    2040 2053 2065 2053 2053 2040 2040 2040 2040 2053 2053 2053 2053
    2053 4708 4645 4645 4645 4582 4582 4582 4522 4522 4522 4522 2053
    2040 2028 2028 2040 2053 2040 2040 2040 2040 2040 2040 2040 2040
    2040 2040 2040 2040 2053 2053 2040 2040 2040 2040 2040 2040 2040
    2040 2053 2065 2053 2053 2040 2040 2040 2053 2053 2053 2053 2053
    2040 2040 4645 4645 4645 4645 4582 4582 4522 4522 4522 4522 2065
    2040 2040 2040 2040 2053 2040 2040 2040 2040 2040 2040 2040 2040
    2040 2040 2040 2040 2053 2053 2040 2040 2040 2040 2040 2040 2053
    2053 2065 2053 2053 2040 2040 2040 2040 2053 2053 2053 2040 2040
    2040 2040 2040 4708 4645 4645 4582 4582 4522 4522 4522 4522 2053
    2053 2053 2053 2053 2053 2053 2053 2040 2040 2040 2040 2040 2040
    2040 2040 2040 2053 2040 2040 2053 2053 2040 2040 2040 2040 2040
    2053 2053 2053 2053 2040 2040 2040 2040 2053 2053 2053 2040 2040
    2040 2053 2065 2065 4645 4645 4645 4582 4522 4522 4522 4522 5291
    2078 2078 2065 2065 2053 2053 2053 2040 2040 2040 2040 2040 2040
    2040 2053 2053 2040 2040 2040 2040 2053 2040 2040 2040 2040 2040
    2053 2053 2065 2053 2053 2040 2040 2053 2053 2053 2040 2040 2040
    2040 2053 2065 2065 2065 4645 4582 4582 4582 4582 4522 4522 5291
    2090 2090 2078 2065 2065 2053 2053 2040 2040 2040 2040 2040 2040
    2053 2040 2040 2040 2040 2040 2040 2053 2040 2040 2040 2040 2053
    2053 2053 2053 2053 2053 2040 2040 2040 2053 2053 2040 2040 2040
    2040 2053 2053 2053 2053 4645 4582 4582 4582 4582 4582 4582 5291
    2103 2103 2090 2078 2065 2053 2053 2053 2040 2040 2040 2040 2040
    2040 2040 2040 2040 2040 2040 2040 2053 2053 2040 2040 2053 2053
    2053 2053 2053 2053 2053 2040 2040 2040 2053 2053 2040 2040 2040
    2040 2053 2053 2053 2053 2053 4582 4582 4582 4582 4582 4582 5291
    5291 2116 2116 2090 2065 2065 2053 2053 2040 2040 2040 2040 2028
    2028 2040 2040 2040 2040 2053 2053 2053 2053 2053 2053 2053 2065
    2053 2053 2053 2053 2053 2053 2053 2053 2053 2053 2040 2040 2040
    2040 2040 2053 2065 2065 2065 4582 4582 4582 4582 4582 4582 5291
    5291 2116 2116 2090 2078 2065 2053 2053 2040 2040 2040 2040 2028
    2028 2040 2040 2040 2040 2053 2053 2053 2040 2040 2053 2053 2065
    2053 2053 2053 2053 2053 2053 2053 2053 2053 2053 2040 2040 2040
    2040 2040 2053 2053 2065 2065 2065 4645 4645 4582 4582 4582 5291
    5374 5374 2116 2116 2090 2078 2065 2053 2053 2053 2040 2040 2040
    2040 2040 2053 2053 2053 2053 2053 2053 2040 2040 2053 2053 2053
    2053 2053 2053 2053 2053 2053 2053 2065 2053 2040 2040 2040 2040
    2040 2040 2053 2053 2065 2065 2053 2040 2040 4645 4582 4582 5374
    5374 5548 5640 2116 2090 2078 2078 2065 2053 2053 2040 2040 2040
    2040 2053 2053 2053 2053 2053 2040 2040 2040 2053 2053 2053 2053
    2053 2053 2053 2053 2053 2053 2053 2053 2053 2040 2040 2053 2053
    2053 2053 2053 2053 2053 2053 2040 2040 2040 2040 4645 4645 5460
