<?xml version="1.0"?>
<opencv_storage>
<Depth7781 type_id="opencv-matrix">
  <rows>47</rows>
  <cols>16</cols>
  <dt>w</dt>
  <data>
    6753 6753 6889 6889 6889 3010 2984 2984 3010 3010 3010 3010 3010
    6889 6889 6889 6753 6753 3037 3037 3010 2933 2933 2933 2958 2984
    2958 2958 2958 2958 6889 6889 6753 6753 3037 3037 2958 2933 2908
    2908 2933 2933 2908 2908 2883 2883 2883 6753 6753 3037 3037 2958
    2908 2908 2883 2883 2883 2883 2883 2883 2883 2883 2883 6753 6889
    6889 2958 2958 2908 2908 2883 2883 2883 2883 2883 2883 2883 2883
    2835 2835 6889 0 2933 2933 2908 2908 2883 2883 2883 2859 2859 2883
    2883 2883 2835 2835 6889 3064 2933 2933 2908 2883 2859 2859 2883
    2859 2859 2883 2883 2883 2859 2859 6889 3064 3064 2933 2908 2883
    2859 2859 2883 2883 2883 2883 2883 2883 2883 2883 6753 6753 3037
    2933 2908 2883 2859 2859 2883 2883 2883 2883 2883 2883 2883 2883
    6753 3120 3037 2958 2908 2883 2859 2859 2883 2883 2883 2883 2859
    2859 2859 2859 6889 3092 3037 2958 2908 2883 2859 2859 2883 2883
    2883 2883 2859 2859 2835 2835 6622 3064 3037 2958 2908 2883 2859
    2859 2883 2883 2883 2883 2859 2859 2835 2835 6622 3037 3010 2933
    2908 2883 2883 2883 2883 2883 2883 2883 2883 2859 2859 2859 6622
    3010 3010 2933 2908 2883 2883 2883 2883 2883 2883 2883 2883 2859
    2859 2859 3010 3010 3010 2958 2908 2883 2883 2883 2883 2883 2883
    2883 2883 2883 2883 6889 6889 3037 3010 2984 2908 2883 2883 2883
    2883 2883 2883 2883 2883 2883 2883 6889 6889 3037 3010 2984 2908
    2908 2883 2883 2883 2883 2883 2883 2883 2908 2908 6889 6889 3037
    3037 2984 2933 2908 2883 2883 2908 2883 2883 2883 2883 2908 2908
    7030 6753 3037 3037 2958 2908 2908 2883 2883 2908 2883 2883 2883
    2883 2908 2908 6889 6622 3037 3037 2958 2908 2908 2883 2883 2883
    2883 2883 2883 2883 2883 2883 6889 6622 3037 2984 2958 2933 2908
    2883 2883 2883 2883 2908 2883 2883 2883 2883 6889 6889 3037 2984
    2933 2933 2908 2908 2908 2883 2883 2908 2908 2908 2883 2883 6889
    6889 3037 2984 2933 2908 2908 2908 2908 2908 2908 2908 2908 2908
    2883 2883 6889 3037 3037 2984 2933 2908 2908 2908 2908 2908 2908
    2908 2908 2908 2908 2908 6889 3037 3037 3010 2933 2908 2908 2908
    2908 2908 2908 2908 2908 2908 2908 2908 6889 3092 3064 2984 2958
    2908 2908 2908 2908 2908 2908 2908 2908 2908 2908 2908 6889 3120
    3037 2984 2958 2908 2908 2908 2908 2908 2908 2908 2908 2883 2883
    2883 2883 3149 3037 2984 2933 2933 2908 2908 2908 2908 2908 2908
    2908 2883 2883 2883 2883 3149 3037 2984 2933 2933 2908 2908 2908
    2908 2883 2883 2908 2883 2883 2883 2883 3149 3037 2984 2933 2933
    2908 2908 2908 2908 2883 2883 2908 2908 2908 2883 2883 3149 3010
    2984 2933 2908 2883 2883 2908 2908 2908 2908 2908 2908 2908 2908
    2908 6889 3010 2933 2908 2883 2883 2883 2908 2908 2908 2908 2883
    2883 2908 2908 7030 6889 2933 2933 2908 2883 2883 2883 2908 2908
    2908 2908 2883 2883 2908 2908 7030 6889 2933 2933 2908 2883 2883
    2883 2883 2883 2908 2908 2908 2908 2908 2908 2908 7030 5548 2933
    2933 2908 2908 2908 2883 2883 2883 2883 2908 2908 2908 2908 2908
    5548 5548 3010 2958 2933 2908 2908 2883 2883 2883 2883 2908 2908
    2883 2883 2883 5548 3092 3010 2984 2958 2933 2933 2933 3010 2908
    2908 2908 2908 2883 2883 2883 3037 3037 3037 3037 3010 2958 2958
    3037 3010 2984 2958 2933 2933 2933 0 2933 3037 3037 3037 3010 3010
    3010 3010 3037 3037 3010 3010 2984 2958 2958 2958 0 3037 3037 3010
    3010 2984 2984 3010 3010 3010 3010 3010 2984 2984 2984 0 0 3037 3010
    2984 2984 2984 2984 3010 2984 2984 2984 3010 2984 2984 2984 0 0 3037
    3010 2984 2984 2984 2984 2984 2984 2984 2984 2984 2958 2958 2958 0 0
    3037 3010 2958 2958 2984 2984 2984 2984 2984 2984 2984 2958 2958
    2958 2958 0 3010 2958 2958 2958 2984 2984 2984 2984 2984 2984 2984
    2958 2958 2958 2958 0 3010 2958 2958 2958 2984 2984 2984 2984 2984
    2984 2984 2984 2984 2984 3300 3300 0 0 2984 2984 2984 3010 2984 2984
    2933 2933 2984 2984 3333 3300 3300 3300 0 0 0 3010 3010 3010 3010
    2984 2933 2933 3365 3365 3333 3300 3300 3269</data></Depth7781>
</opencv_storage>
