<?xml version="1.0"?>
<opencv_storage>
<Depth5158 type_id="opencv-matrix">
  <rows>60</rows>
  <cols>47</cols>
  <dt>w</dt>
  <data>
    4463 4463 4463 4463 4463 4463 4463 4405 4405 4405 4405 4463 4463
    4463 4463 1663 1663 1655 1655 1663 4405 4405 4405 4463 4463 4463
    4463 4522 4582 4582 4522 4522 4522 4522 4582 4582 4522 4522 4522
    4522 4522 4522 4522 4522 4522 4522 4522 4405 4463 4463 4463 4405
    4405 4405 4405 4405 4405 1663 1663 1663 1647 1647 1655 1647 1647
    1647 1647 1647 4405 4405 4405 4463 4463 4463 4463 4582 4582 4582
    4522 4522 4522 4522 4582 4522 4522 4522 4522 4522 4522 4522 4522
    4522 4522 4522 4405 4405 4405 4405 4405 4405 4405 4405 4405 1655
    1655 1655 1655 1647 1647 1647 1647 1647 1647 1647 1655 1655 4405
    4405 4463 4463 4463 4463 4522 4522 4522 4522 4522 4522 4522 4522
    4522 4522 4522 4522 4522 4522 4522 4522 4522 4522 4522 4405 4405
    4405 4405 4405 4405 1655 1655 1647 1647 1647 1647 1655 1647 1647
    1647 1647 1647 1647 1647 1647 1647 4463 4463 4463 4463 4463 4463
    4522 4522 4522 4522 4522 4522 4522 4522 4522 4522 4522 4522 4522
    4522 4522 4522 4522 4522 4522 4405 4405 4405 4405 4405 1655 1655
    1655 1647 1647 1647 1647 1647 1647 1647 1647 1647 1647 1647 1647
    1647 1647 1647 4463 4463 4463 4463 4463 4522 4522 4522 4522 4522
    4463 4463 4522 4522 4522 4522 4522 4522 4522 4522 4522 4522 4522
    4522 4405 4463 0 1647 1647 1647 1647 1655 1647 1647 1639 1639 1647
    1647 1647 1647 1647 1647 1647 1647 1639 1639 1639 4463 4463 4463
    4463 4463 4522 4522 4522 4522 4522 4463 4463 4463 4522 4522 4522
    4522 4522 4522 4522 4522 4522 4522 4522 4463 4463 1647 1647 1647
    1647 1647 1647 1647 1647 1639 1639 1647 1647 1647 1647 1647 1647
    1647 1647 1639 1639 1639 1639 4582 4522 4463 4463 4522 4522 4522
    4522 4522 4463 4463 4463 4522 4522 4522 4522 4522 4522 4522 4522
    4522 4522 4522 4405 4405 1647 1647 1647 1647 1647 1647 1647 1647
    1647 1647 1647 1647 1647 1647 1647 1647 1647 1639 1639 1639 1639
    1639 1639 4582 4522 4522 4522 4522 4522 4522 4522 4522 4522 4522
    4522 4522 4522 4522 4522 4522 4463 4463 4522 4522 4522 1804 0 1647
    1647 1647 1647 1647 1647 1647 1647 1639 1639 1639 1639 1647 1647
    1647 1647 1639 1639 1639 1639 1639 1639 1639 4522 4522 4522 4522
    4522 4522 4522 4522 4522 4522 4522 4522 4522 4522 4522 4522 4522
    4463 4463 4522 4522 4522 1804 1804 1663 1663 1655 1647 1647 1639
    1639 1639 1639 1639 1639 1639 1647 1639 1639 1639 1639 1639 1639
    1639 1639 1639 1639 1639 4522 4522 4522 4522 4522 4522 4522 4522
    4522 4522 4522 4522 4522 4522 4522 4522 4522 4522 4522 4522 4522
    1804 1804 1722 1680 1671 1655 1647 1639 1639 1639 1639 1639 1639
    1639 1639 1639 1639 1639 1639 1639 1639 1647 1647 1639 1639 1639
    4522 4522 4522 4522 4522 4522 4522 4522 4522 4522 4522 4522 4522
    4522 4522 4522 4522 4522 4522 4522 4522 1813 1804 1722 1688 1680
    1663 1655 1647 1639 1639 1639 1639 1639 1639 1639 1639 1639 1639
    1639 1639 1639 1639 1639 1647 1647 1647 1647 4522 4522 4522 4522
    4522 4522 4522 4522 4522 4522 4522 4522 4522 4522 4522 4522 4522
    4522 4522 4522 1813 1804 1739 1705 1688 1671 1655 1647 1639 1639
    1639 1639 1639 1639 1639 1639 1639 1639 1639 1639 1639 1639 1639
    1639 1639 1647 1655 1655 4522 4522 4522 4463 4463 4522 4522 4463
    4463 4522 4522 4522 4522 4522 4522 4522 4522 4522 4463 1813 1804
    1785 1722 1696 1680 1663 1647 1639 1639 1639 1639 1639 1639 1639
    1639 1639 1639 1639 1639 1639 1639 1639 1639 1639 1647 1647 1647
    4522 4522 4463 4463 4463 4463 4463 4463 4463 4463 4522 4522 4522
    4522 4522 4522 4522 4522 4463 1823 1813 1785 1739 1713 1696 1671
    1655 1639 1639 1639 1632 1632 1639 1639 1639 1639 1639 1639 1639
    1639 1639 1639 1639 1639 1647 1647 1655 1655 4522 4463 4463 4463
    4463 4463 4463 4463 4463 4463 4463 4522 4463 4463 4463 4463 4463
    4463 1823 1813 1804 1757 1731 1705 1688 1663 1647 1639 1639 1632
    1632 1639 1639 1639 1639 1639 1639 1639 1639 1639 1639 1632 1632
    1639 1647 1655 1655 4463 4463 4463 4463 4463 4463 4463 4463 4463
    4463 4463 4522 4463 4463 4463 4463 4463 4463 1833 1823 1804 1766
    1739 1705 1688 1671 1655 1639 1639 1639 1639 1639 1639 1639 1639
    1639 1639 1639 1639 1639 1632 1632 1632 1639 1647 1647 1647 1647
    4463 4405 4405 4463 4463 4463 4463 4463 4463 4463 4463 4463 4463
    4522 4522 4522 4463 1843 1843 1804 1776 1757 1722 1688 1671 1655
    1639 1639 1639 1639 1639 1639 1632 1632 1632 1632 1639 1639 1639
    1632 1632 1632 1639 1647 1647 1647 1647 1647 4405 4405 4463 4463
    4463 4463 4463 4463 4463 4463 4463 4463 4463 4463 4522 4522 4295
    1843 1813 1794 1766 1731 1696 1671 1663 1639 1639 1639 1639 1639
    1639 1632 1632 1632 1632 1639 1632 1632 1632 1632 1632 1639 1639
    1639 1639 1639 1639 4463 4463 4463 4463 4463 4463 4463 4463 4463
    4463 4463 4463 4463 4463 4463 4463 4349 4349 1813 1794 1785 1748
    1713 1680 1663 1655 1639 1639 1632 1632 1632 1632 1632 1632 1632
    1632 1632 1632 1632 1632 1632 1639 1639 1639 1639 1639 1639 4463
    4463 4463 4463 4463 4463 4463 4463 4463 4463 4405 4405 4463 4463
    4463 4463 4295 4295 4295 1804 1804 1757 1731 1713 1688 1671 1647
    1639 1632 1632 1632 1632 1632 1632 1632 1632 1632 1632 1632 1632
    1632 1639 1639 1639 1639 1639 1639 4463 4463 4463 4463 4463 4463
    4463 4463 4463 4463 4405 4405 4405 4405 4463 4463 4295 4295 4295
    1823 1813 1785 1748 1731 1696 1688 1647 1639 1632 1632 1632 1632
    1632 1632 1632 1632 1632 1632 1632 1632 1632 1639 1639 1639 1639
    1639 1647 1647 4463 4463 4463 4463 4463 4463 4463 4463 4463 4405
    4405 4405 4405 4463 4463 4295 4295 4295 1813 1813 1804 1766 1739
    1722 1696 1671 1639 1632 1632 1632 1632 1632 1632 1632 1632 1632
    1632 1632 1632 1632 1639 1639 1639 1639 1639 1639 1639 4405 4405
    4405 4405 4405 4405 4463 4463 4463 4463 4463 4463 4463 4463 4463
    4349 4349 4349 1823 1823 1813 1794 1748 1731 1713 1688 1647 1632
    1632 1632 1632 1632 1632 1632 1624 1624 1624 1624 1624 1624 1639
    1639 1639 1639 1639 1639 1632 1632 4405 4405 4405 4405 4405 4405
    4463 4463 4463 4463 4463 4463 4463 4463 4295 4241 4241 4241 1813
    1813 1794 1757 1739 1722 1696 1647 1639 1632 1632 1632 1632 1632
    1632 1624 1624 1624 1624 1624 1624 1632 1632 1639 1632 1632 1632
    1624 1616 1616 4405 4405 4405 4405 4405 4463 4463 4463 4405 4405
    4463 4463 4463 4295 4241 4241 4241 4241 1823 1804 1776 1748 1731
    1705 1688 1639 1632 1632 1632 1624 1624 1624 1624 1624 1624 1624
    1624 1624 1632 1632 1632 1632 1632 1624 1624 1616 1616 1616 4463
    4463 4463 4463 4463 4405 4405 4405 4405 4463 4463 4463 4349 4241
    4241 4241 1853 1843 1833 1804 1776 1748 1713 1696 1647 1639 1632
    1624 1616 1616 1616 1624 1624 1624 1624 1624 1624 1632 1632 1632
    1632 1632 1624 1616 1616 1616 1616 4349 4349 4349 4463 4405 4405
    4349 4349 4405 4405 4463 4463 4349 4295 4295 4241 1853 1843 1833
    1813 1785 1766 1739 1705 1647 1639 1632 1624 1609 1609 1609 1616
    1616 1624 1616 1616 1624 1632 1632 1624 1624 1624 1624 1616 1616
    1616 1616 1616 4349 4349 4463 4405 4405 4349 4349 4405 4405 4463
    4463 4349 4349 4349 4295 4295 1843 1843 1823 1804 1785 1757 1731
    1705 1639 1632 1624 1609 1609 1609 1609 1609 1616 1616 1616 1624
    1632 1632 1624 1624 1624 1624 1624 1616 1616 1601 1601 1601 4522
    4405 4405 4405 4349 4349 4405 4405 4405 4463 4295 4349 4349 4349
    4349 1853 1843 1823 1804 1785 1776 1748 1739 1647 1639 1632 1616
    1609 1609 1609 1609 1616 1616 1616 1624 1632 1632 1624 1624 1624
    1624 1624 1616 1616 1601 1601 1601 4349 4349 4349 4349 4349 4349
    4405 4405 4405 4463 4295 4295 4295 4295 4295 4295 4295 1823 1804
    1785 1776 1757 1739 1671 1647 1632 1624 1616 1609 1609 1609 1616
    1616 1616 1624 1632 1632 1632 1624 1624 1624 1624 1624 1616 1609
    1609 1616 1616 4349 4349 4349 4349 4349 4349 4349 4405 4405 4241
    4295 4295 4295 4295 4295 4295 4295 1813 1804 1785 1766 1739 1705
