<?xml version="1.0"?>
<opencv_storage>
<Depth8305 type_id="opencv-matrix">
  <rows>7</rows>
  <cols>33</cols>
  <dt>w</dt>
  <data>
    5640 6622 6622 6622 6622 6622 6753 6753 6753 6753 5640 5640 5548
    5548 5548 5640 5832 5832 5832 5734 5548 5460 5460 5460 5548 5640
    5734 5734 5734 5734 5734 5734 5832 5640 5548 5548 5460 5460 5548
    5460 5460 5548 5548 5640 5640 5548 5548 5548 5640 5734 5734 5734
    5734 5640 5548 5460 5460 5548 5640 5734 5734 5734 5734 5734 5734
    5734 5374 5548 5548 5460 5460 5460 5460 5460 5548 5548 5640 5640
    5640 5640 5640 5734 5734 5734 5734 5734 5734 5734 5734 5640 5640
    5734 5734 5734 5734 5734 5734 5734 5734 5374 5548 5548 5460 5460
    5460 5460 5460 5548 5548 5548 5640 5640 5640 5640 5734 5640 5640
    5640 5640 5640 5734 5734 5734 5734 5734 5734 5734 5734 5734 5734
    5734 5832 5548 5548 5548 5460 5460 5460 5374 5374 5460 5460 5548
    5548 5640 5640 5734 5734 5640 5640 5640 5640 5640 5734 5734 5832
    5734 5734 5734 5734 5734 5734 5734 5734 5734 5548 5548 5640 5548
    5460 5460 5374 5374 5460 5460 5460 5460 5460 5460 5640 5734 5640
    5640 5734 5734 5734 5832 5832 5832 5832 5734 5734 5832 5734 5734
    5734 5734 5734 5548 5548 5640 5640 0 0 0 0 0 0 5460 5460 5374 5374
    5640 5734 5734 5734 5734 5734 5734 5832 5832 5832 5832 5832 5832
    5832 0 5734 5734 5734 0</data></Depth8305>
</opencv_storage>
