<?xml version="1.0"?>
<opencv_storage>
<Depth0528 type_id="opencv-matrix">
  <rows>9</rows>
  <cols>28</cols>
  <dt>w</dt>
  <data>
    3816 3774 3774 3732 3692 3692 3692 3692 3732 3732 3732 3732 3774
    3774 7492 7492 7492 7492 7492 7660 7660 7660 7492 7492 7492 7492
    7492 7492 3653 3653 3732 3732 3732 3732 3692 3692 3732 3732 3732
    3692 3692 3692 3692 3653 3653 3732 3732 3732 3732 3732 3774 3774
    3774 7492 7492 7492 3653 3653 3692 3732 3732 3732 3692 3692 3732
    3732 3732 3692 3692 3653 3653 3653 3653 3732 3732 3732 3732 3732
    3774 3774 3774 3774 3732 3732 3692 3692 3692 3732 3692 3692 3732
    3732 3732 3732 3732 3732 3732 3653 3653 3692 3692 3732 3774 3774
    3732 3732 3774 3774 3774 3774 3732 3732 3692 3692 3692 3692 3692
    3692 3732 3732 3732 3732 3732 3774 3774 3692 3692 3732 3774 3774
    3774 3774 3774 3774 3774 3774 3774 3774 3774 3774 3692 3692 3692
    3692 3692 3692 3732 3732 3732 3732 3732 3774 3774 3774 3774 3774
    3774 3774 3774 3774 3774 3774 3774 3774 3774 3774 3774 3774 3692
    3692 3692 3653 3653 3653 3692 3692 3732 3732 3732 3774 3774 3774
    3774 3774 3774 3732 3732 3732 3732 3774 3774 3774 3774 3774 3774
    3816 7332 7030 7030 3653 3653 3653 3692 3692 3774 3732 3732 3732
    3732 3732 3774 3732 3732 3732 3732 3732 3732 3774 3774 3774 3774
    3774 3816 3816 7178 7178 7178 7178 7178 7178 7178 7332 7332 7332
    7332 3732 3732 3732 3732 3732 3732 3732 3732 3774 3774 3774 3774
    3774 3816 3816 3816 3816</data></Depth0528>
</opencv_storage>
