<?xml version="1.0"?>
<opencv_storage>
<Depth13536 type_id="opencv-matrix">
  <rows>14</rows>
  <cols>8</cols>
  <dt>w</dt>
  <data>
    3576 5933 5832 5832 6038 6146 6375 3774 3576 5933 5933 5933 6038
    6146 6259 6259 3614 5933 5933 6038 6146 6146 6146 6146 5933 5933
    5933 6038 6038 6146 6038 6038 5933 5933 5933 5933 5933 6146 6038
    6038 5832 5832 5933 5933 5933 6038 6038 6038 5832 5832 5832 5933
    5933 6038 6038 6038 5832 5832 5832 5832 5832 5832 5933 6038 5832
    5832 5832 5832 5832 5832 5933 6038 5933 5734 5734 5832 5832 5832
    5933 5933 2541 5640 5640 5734 5734 5832 5933 5933 2579 5640 5640
    5734 5734 5832 5832 5832 2598 5640 5640 5640 5734 5832 5832 5734
    2598 2618 5640 5640 5734 5832 5640 5548</data></Depth13536>
</opencv_storage>
