<?xml version="1.0"?>
<opencv_storage>
<Depth7555 type_id="opencv-matrix">
  <rows>69</rows>
  <cols>45</cols>
  <dt>w</dt>
  <data>
    5548 5548 1663 1663 1663 5640 5640 5734 5734 5734 1655 1655 1655
    1663 1639 1632 1624 1616 1609 1609 1609 5832 5832 5832 5933 5933
    5933 5933 5933 6038 6038 6038 6038 6038 5933 5933 5933 5933 5832
    5734 5734 5734 5734 5734 5640 1680 1671 1663 1663 1655 1639 1639
    1639 1632 1632 1639 1632 1632 1639 1632 1624 1616 1601 1594 1579
    1564 1564 5832 5832 1483 1477 1477 1477 6038 6146 6146 6146 6038
    6038 5933 5933 5933 5832 5832 5832 5734 5734 5734 5734 5640 1663
    1663 1663 1663 1647 1639 1624 1616 1616 1609 1609 1609 1609 1609
    1609 1609 1601 1579 1564 1564 1550 1529 1523 1516 1483 1477 1477
    1477 6146 6146 6146 6038 6038 6038 5933 5933 5933 5832 5832 5832
    5832 5832 5734 5640 5640 1663 1663 1663 1655 1639 1624 1609 1601
    1601 1594 1594 1557 1550 1550 1550 1550 1550 1557 1550 1550 1536
    1529 1523 1483 1477 1477 1470 1470 1470 1470 1477 1483 6038 6038
    5933 5933 5832 5832 5832 5832 5832 5734 5734 5640 5640 1663 1663
    1663 1647 1639 1594 1586 1579 1564 1550 1550 1543 1536 1536 1536
    1529 1529 1529 1529 1523 1516 1509 1489 1470 1470 1470 1470 1470
    1470 1477 1477 1483 1483 5933 5933 5933 5832 5832 5734 5734 5734
    5734 5734 5640 5640 1663 1663 1647 1624 1601 1586 1579 1557 1550
    1543 1536 1523 1516 1509 1503 1503 1503 1503 1509 1477 1470 1464
    1464 1464 1464 1470 1470 1470 1470 1470 1477 1477 1477 1477 5933
    5933 5832 5832 5734 5734 5734 5734 5734 5640 5640 1663 1655 1639
    1609 1594 1579 1557 1543 1536 1523 1516 1509 1496 1489 1470 1470
    1470 1470 1470 1464 1464 1464 1458 1458 1464 1470 1470 1470 1470
    1470 1470 1470 1470 1470 1470 5832 5832 5832 5734 5734 5734 5734
    5640 5640 5640 1663 1655 1639 1609 1594 1564 1550 1536 1523 1509
    1503 1489 1483 1470 1464 1464 1464 1452 1452 1458 1458 1458 1458
    1458 1458 1470 1470 1470 1470 1470 1470 1464 1464 1464 0 5832 5832
    5832 5734 5734 5734 5734 5640 5640 5640 1663 1647 1639 1609 1594
    1564 1550 1523 1509 1496 1489 1483 1464 1458 1452 1452 1452 1452
    1452 1452 1452 1452 1452 1452 1458 1464 1470 1470 1470 1470 1470
    1464 1464 1464 0 5933 5933 5933 5832 5832 5832 5832 5832 5640 5640
    1663 1647 1639 1616 1594 1579 1550 1523 1509 1496 1489 1470 1452
    1452 1445 1445 1445 1445 1445 1452 1452 1452 1452 1452 1458 1464
    1464 1470 1470 1470 1470 1464 1464 1464 1464 6038 6038 6038 5832
    5832 5832 5832 5933 5832 5548 1663 1655 1639 1624 1601 1586 1557
    1529 1516 1503 1489 1470 1452 1445 1445 1445 1445 1445 1445 1445
    1452 1452 1452 1452 1452 1464 1464 1470 1470 1470 1470 1470 1464
    1464 1464 6146 6146 5933 5832 5832 5832 5933 5933 5832 5832 1655
    1655 1647 1624 1601 1586 1557 1536 1516 1503 1489 1470 1452 1445
    1445 1445 1445 1445 1445 1445 1452 1452 1452 1452 1452 1458 1464
    1470 1470 1470 1470 1470 1464 1464 1464 5832 5832 5832 5832 5832
    5832 5933 5832 5832 5734 1663 1663 1647 1639 1609 1586 1564 1536
    1523 1509 1489 1470 1458 1452 1445 1445 1445 1445 1445 1445 1452
    1452 1452 1452 1452 1458 1464 1464 1470 1470 1470 1470 1470 1470
    1470 5832 5832 5832 5832 5832 5832 5832 5832 5832 5734 1663 1663
    1655 1647 1616 1594 1564 1550 1536 1523 1496 1477 1458 1452 1445
    1445 1445 1445 1445 1445 1445 1445 1452 1452 1452 1458 1458 1464
    1470 1470 1470 1470 1470 1470 1470 5832 5832 5832 5832 5832 5832
    5832 5832 5734 5734 1663 1663 1655 1647 1616 1601 1564 1550 1536
    1523 1509 1489 1464 1452 1445 1445 1445 1445 1445 1445 1445 1445
    1452 1452 1452 1458 1458 1464 1470 1470 1470 1470 1470 1470 5832
    5832 5832 5832 5832 5832 5832 5734 5734 5734 5734 1663 1663 1655
    1647 1632 1609 1564 1550 1536 1523 1509 1489 1470 1452 1445 1445
    1445 1445 1445 1445 1445 1452 1452 1452 1452 1458 1458 1464 1464
    1464 1470 1470 1464 1464 1464 5832 5832 5832 5832 5734 5734 5734
    5734 5734 5734 5548 1647 1647 1639 1632 1609 1586 1550 1536 1523
    1509 1489 1470 1452 1445 1445 1445 1445 1445 1445 1445 1452 1452
    1452 1458 1458 1458 1464 1464 1464 1464 1464 1464 1464 1470 1470
    5832 5832 5832 5734 5734 5734 5734 5734 5734 5548 1647 1647 1639
    1632 1609 1586 1557 1543 1523 1503 1496 1477 1458 1445 1445 1445
    1445 1445 1445 1452 1452 1452 1452 1452 1458 1464 1464 1464 1464
    1464 1464 1464 1464 1464 1464 5832 5832 5832 5734 5734 5734 5734
    5734 5734 5460 1639 1639 1639 1632 1616 1594 1564 1543 1523 1503
    1496 1477 1464 1452 1445 1445 1445 1445 1445 1452 1452 1452 1452
    1452 1458 1464 1464 1464 1464 1464 1464 1464 1464 1464 1464 5832
    5832 5832 5832 5734 5734 5734 5734 5734 0 0 1639 1639 1632 1616 1601
    1564 1550 1529 1509 1496 1477 1464 1452 1445 1445 1445 1445 1445
    1452 1452 1452 1452 1452 1458 1458 1458 1464 1464 1464 1464 1464
    1464 1464 1464 5832 5832 5832 5832 5734 5734 5734 5734 5734 0 0 1639
    1639 1632 1624 1609 1586 1557 1536 1516 1496 1483 1470 1458 1445
    1445 1445 1445 1445 1445 1445 1445 1445 1452 1458 1458 1458 1464
    1464 1464 1470 1464 1464 1470 1470 1470 5832 5832 5832 5734 5734
    5734 5734 5734 0 0 1639 1639 1639 1624 1609 1601 1557 1543 1516 1503
    1489 1470 1458 1452 1445 1445 1445 1445 1445 1445 1445 1445 1452
    1458 1458 1458 1464 1464 1470 1470 1470 1470 1470 1470 1470 4349
    4349 4349 4349 4405 4405 4463 5734 0 0 0 1647 1639 1632 1609 1586
    1564 1543 1523 1503 1489 1477 1464 1458 1445 1445 1445 1445 1445
    1445 1445 1445 1452 1458 1458 1464 1464 1464 1470 1470 1464 1464
    1470 1470 1470 4295 4295 4295 4349 4405 4405 4405 4405 5460 0 1655
    1655 1647 1632 1609 1586 1564 1543 1529 1509 1496 1477 1470 1458
    1445 1445 1445 1445 1445 1445 1445 1445 1452 1458 1464 1464 1464
    1464 1464 1464 1464 1464 1464 1464 1464 4295 4295 4295 4349 4405
    4405 4349 4349 0 0 1655 1655 1647 1632 1616 1594 1572 1543 1529 1516
    1496 1483 1470 1452 1445 1445 1445 1445 1445 1445 1445 1445 1452
    1458 1464 1464 1464 1464 1464 1464 1464 1464 1464 1464 1464 1464
    4405 4405 4405 4405 4405 4349 4349 0 0 0 1663 1655 1639 1616 1594
    1579 1557 1529 1516 1503 1483 1470 1452 1445 1445 1445 1445 1445
    1445 1445 1445 1452 1458 1464 1464 1464 1464 1464 1464 1464 1464
    1464 1470 1470 0 4463 4463 4463 4463 4405 4349 4295 0 0 0 1671 1655
    1639 1624 1594 1579 1557 1536 1516 1503 1483 1470 1452 1445 1445
    1445 1445 1445 1445 1445 1445 1452 1458 1458 1464 1464 1470 1470
    1470 1464 1464 1464 1470 1470 1470 4463 4463 4463 4463 4405 4405
    4295 5460 0 0 1655 1655 1639 1624 1594 1579 1572 1550 1516 1509 1489
    1477 1452 1445 1445 1445 1445 1445 1445 1452 1452 1452 1458 1458
    1458 1464 1470 1470 1470 1470 1470 1470 1470 1470 1470 4463 4463
    4463 4463 4405 4405 4349 5460 5460 0 1639 0 1639 1609 1594 1579 1572
    1550 1529 1516 1496 1477 1452 1452 1445 1445 1445 1445 1445 1452
    1452 1452 1458 1458 1458 1464 1464 1470 1470 1470 1470 1470 1470
    1470 1470 0 4463 4463 4463 4405 4349 4349 5548 5548 0 0 1639 1639
    1609 1594 1579 1572 1557 1536 1516 1503 1483 1458 1452 1445 1445
    1445 1445 1445 1445 1445 1452 1458 1458 1464 1464 1464 1470 1470
    1470 1470 1470 1470 1470 1470 0 0 4463 4463 4405 4349 4349 5548 5548
    0 0 0 1639 1616 1601 1586 1572 1564 1536 1516 1503 1477 1458 1452
    1445 1445 1445 1445 1445 1445 1445 1445 1458 1458 1464 1464 1464
    1464 1464 1464 1464 1470 1470 1464 1464 0 0 0 0 4405 4349 4349 5548
    5548 0 0 1639 1639 1624 1609 1594 1572 1557 1536 1516 1503 1477 1464
    1452 1445 1445 1445 1445 1445 1445 1445 1445 1452 1452 1458 1464
    1464 1464 1464 1464 1464 1470 1470 1464 1464 0 0 0 0 0 0 0 5640 5640
    0 0 0 1639 1632 1609 1594 1572 1557 1543 1529 1509 1477 1464 1452
    1445 1445 1439 1439 1445 1445 1445 1445 1452 1452 1458 1458 1458
    1464 1464 1464 1464 1470 1470 1464 1452 1452 0 0 0 0 0 0 5056 5056
    4911 0 1647 1647 1639 1616 1601 1579 1557 1550 1536 1516 1477 1470
    1464 1452 1445 1439 1439 1445 1445 1445 1445 1452 1452 1452 1452
