<?xml version="1.0"?>
<opencv_storage>
<Depth16159 type_id="opencv-matrix">
  <rows>93</rows>
  <cols>47</cols>
  <dt>w</dt>
  <data>
    5640 5548 5548 5548 5548 5548 5548 5548 5548 5548 5548 5460 5460
    5374 5374 5374 5460 5548 5460 5460 5460 5460 5460 5460 5291 5291
    5291 1297 1297 1297 5460 1273 1273 1273 1268 1268 1268 1273 1273
    1273 1273 5374 5374 5291 5291 5291 5374 5640 5548 5548 5548 5548
    5548 5548 5548 5548 5548 5548 5460 5374 5374 5374 5374 5460 5548
    5460 5460 5460 5460 5460 5374 5291 5291 5291 1297 1297 1273 1268
    1264 1264 1268 1268 1268 1268 1273 1273 1273 1273 1283 1283 5374
    5374 5374 5374 5548 5548 5548 5548 5548 5548 5548 5548 5548 5548
    5548 5548 5374 5374 5374 5548 5548 5548 5460 5460 5460 5460 5460
    5374 5291 5291 5291 1273 1273 1273 1268 1250 1250 1255 1259 1264
    1264 1264 1268 1273 1278 1283 1283 5374 5374 5374 5374 5548 5548
    5548 5640 5640 5640 5640 5640 5640 1165 1165 5548 5548 5548 5548
    1169 1169 1105 1101 1101 1097 1094 1094 1090 1090 1090 1268 1268
    1264 1264 1268 1250 1250 1255 1255 1250 1250 1255 1259 1268 1273
    1283 1283 5374 5374 5374 5374 5640 5548 5548 5640 5640 5640 5640
    5640 1149 1149 1165 1165 1165 1169 1169 1169 0 1105 1105 1101 1097
    1094 1094 1090 1090 1094 1094 1157 1157 1264 1185 1185 1255 1255
    1241 1241 1241 1250 1250 1259 1264 1283 1283 5374 5374 5374 5374
    5640 5548 5548 5640 5640 5734 1141 1141 1145 1149 1157 1161 1165
    1169 1169 1169 1094 1094 1094 1094 1097 1094 1094 1094 1094 1094
    1101 1157 1157 1157 1157 1177 1181 1181 1181 1232 1232 1245 1245
    1255 1264 1264 1264 0 5374 5374 5374 1134 1134 1130 1126 1119 1119
    1134 1134 1141 1149 1153 1153 1153 1169 1169 1094 1094 1094 1094
    1094 1094 1090 1090 1090 1090 1094 1097 1097 1161 1153 1153 1169
    1177 1181 1181 1210 1232 1241 1245 1255 1259 1259 0 5374 5374 5374
    5374 1134 1134 1130 1123 1119 1119 1123 1126 1130 1126 1123 1112
    1105 1101 1094 1094 1094 1094 1094 1094 1090 1090 1087 1087 1087
    1090 1094 1094 1094 1138 1145 1157 1169 1177 1185 1206 1227 1236
    1245 1250 1259 1259 0 5374 5374 5374 5374 1134 1134 1130 1123 1123
    1123 1123 1123 1123 1119 1119 1108 1105 1101 1094 1094 1094 1094
    1094 1090 1090 1090 1087 1087 1087 1090 1094 1094 1094 1134 1141
    1153 1165 1177 1185 1206 1223 1232 1245 1250 1259 1259 0 5291 5291
    5291 5374 1134 1134 1130 1126 1123 1123 1119 1119 1119 1119 1112
    1108 1105 1105 1097 1097 1097 1094 1094 1090 1090 1090 1087 1087
    1087 1090 1097 1097 1115 1130 1138 1149 1161 1177 1189 1202 1219
    1232 1236 1255 1255 1255 0 5291 5291 5291 5374 1134 1134 1130 1126
    1123 1123 1119 1119 1119 1115 1112 1108 1108 1105 1101 1097 1097
    1094 1094 1090 1090 1090 1087 1087 1087 1087 1097 1105 1119 1130
    1138 1149 1161 1177 1185 1202 1219 1232 1236 1250 1255 1255 0 5374
    5374 5374 5374 1134 1134 1130 1126 1123 1123 1119 1119 1119 1115
    1112 1108 1108 1105 1105 1097 1097 1094 1094 1090 1090 1090 1087
    1087 1084 1084 1101 1108 1119 1126 1134 1141 1165 1177 1185 1202
    1219 1232 1241 1250 1255 1255 1268 5374 5374 5374 5374 1134 1134
    1130 1126 1123 1123 1119 1119 1119 1115 1112 1108 1108 1105 1105
    1101 1094 1094 1094 1090 1090 1087 1087 1087 1084 1084 1101 1112
    1119 1126 1134 1138 1165 1177 1185 1202 1214 1227 1241 1250 1255
    1268 1268 5374 5374 5374 5374 1134 1134 1130 1126 1123 1123 1123
    1119 1119 1115 1112 1112 1105 1105 1105 1101 1094 1094 1094 1090
    1090 1087 1087 1087 1084 1084 1097 1108 1115 1126 1134 1138 1169
    1177 1185 1197 1214 1227 1241 1250 1259 1268 1268 1268 5374 5374
    5374 1138 1134 1130 1126 1126 1123 1123 1119 1119 1119 1115 1112
    1105 1105 1105 1101 1097 1097 1094 1090 1090 1090 1087 1087 1087
    1087 1094 1108 1115 1126 1134 1138 1165 1173 1181 1197 1210 1219
    1236 1250 1259 1268 1268 0 5374 5374 5374 1138 1134 1130 1126 1126
    1123 1123 1119 1119 1119 1115 1115 1108 1108 1105 1101 1097 1097
    1094 1090 1090 1090 1087 1087 1087 1087 1094 1108 1115 1126 1134
    1138 1161 1169 1177 1185 1210 1219 1236 1245 1259 1268 1268 0 5460
    5460 5460 1134 1134 1134 1130 1126 1123 1123 1119 1119 1119 1115
    1115 1112 1108 1105 1101 1097 1097 1094 1094 1090 1087 1087 1087
    1087 1090 1094 1105 1115 1126 1134 1138 1161 1169 1177 1185 1214
    1223 1236 1245 1255 1268 1268 0 5374 5374 5374 1134 1134 1134 1130
    1126 1123 1123 1119 1119 1119 1115 1115 1112 1108 1105 1101 1097
    1097 1094 1094 1090 1087 1087 1087 1087 1090 1094 1105 1115 1123
    1134 1141 1161 1169 1181 1185 1210 1223 1232 1245 1255 1264 1264 0
    5374 5374 5374 1138 1134 1134 1134 1126 1123 1123 1119 1119 1119
    1119 1112 1108 1108 1105 1101 1097 1097 1094 1094 1090 1090 1087
    1087 1087 1090 1094 1105 1112 1123 1134 1145 1157 1169 1185 1185
    1206 1223 1232 1250 1255 1264 1264 0 5374 5374 5374 1134 1134 1134
    1134 1126 1123 1123 1123 1119 1119 1115 1112 1108 1108 1105 1101
    1101 1097 1097 1094 1090 1090 1087 1087 1087 1090 1094 1097 1108
    1123 1134 1141 1153 1169 1181 1185 1197 1223 1236 1250 1255 1264
    1264 0 5374 5374 5374 1134 1134 1134 1134 1126 1123 1123 1119 1119
    1119 1115 1112 1108 1108 1108 1105 1101 1101 1097 1094 1094 1090
    1087 1087 1087 1087 1090 1097 1108 1123 1134 1141 1153 1165 1177
    1185 1197 1223 1232 1250 1255 1259 1259 1264 5374 5374 5374 1134
    1134 1134 1134 1130 1126 1123 1119 1119 1119 1115 1112 1108 1108
    1108 1105 1101 1097 1097 1094 1094 1090 1087 1087 1087 1087 1090
    1094 1112 1126 1134 1138 1153 1165 1173 1181 1206 1223 1232 1245
    1255 1259 1264 1264 5460 5460 5374 1138 1134 1134 1134 1130 1126
    1123 1119 1119 1115 1115 1112 1108 1108 1105 1101 1097 1094 1094
    1094 1094 1090 1090 1087 1087 1087 1090 1094 1108 1123 1130 1138
    1149 1165 1173 1181 1189 1227 1232 1241 1250 1259 1264 1264 1264
    5374 5374 0 1134 1134 1134 1130 1126 1123 1119 1119 1115 1115 1112
    1108 1108 1105 1101 1097 1094 1094 1094 1090 1090 1090 1087 1087
    1087 1090 1094 1108 1119 1126 1138 1149 1161 1173 1177 1185 1219
    1223 1232 1245 1264 1268 1268 5460 5374 5374 0 1138 1134 1134 1134
    1126 1123 1123 1119 1119 1115 1112 1105 1105 1105 1101 1097 1097
    1094 1094 1090 1090 1090 1087 1087 1087 1090 1097 1105 1115 1119
    1138 1149 1161 1173 1177 1185 1214 1223 1232 1241 1264 1268 1268
    5460 5460 5374 0 1134 1134 1134 1130 1126 1126 1123 1119 1119 1115
    1112 1105 1105 1105 1105 1101 1097 1097 1094 1094 1090 1090 1090
    1090 1090 1090 1094 1105 1115 1119 1141 1145 1157 1173 1177 1185
    1202 1223 1232 1241 1264 1264 1264 5460 5460 5374 0 1134 1134 1134
    1130 1126 1126 1123 1119 1119 1115 1112 1108 1108 1105 1105 1101
    1097 1097 1094 1094 1090 1090 1090 1087 1087 1090 1094 1108 1115
    1119 1141 1145 1157 1169 1181 1185 1202 1223 1232 1241 1264 1264 0
    1264 5374 5374 0 1134 1134 1134 1130 1126 1126 1123 1119 1119 1119
    1115 1108 1108 1105 1105 1105 1097 1097 1094 1094 1090 1090 1090
    1087 1087 1087 1090 1108 1119 1123 1138 1141 1157 1169 1181 1185
    1206 1223 1232 1241 1259 1264 0 0 5291 5291 0 1134 1134 1134 1130
    1126 1123 1123 1123 1119 1119 1115 1112 1108 1105 1105 1105 1101
    1101 1097 1094 1094 1090 1087 1087 1084 1084 1090 1108 1119 1123
    1134 1141 1157 1169 1181 1193 1206 1219 1232 1241 1259 1259 1259 0
    5291 5291 0 1134 1134 1134 1130 1126 1123 1123 1123 1119 1119 1119
    1112 1108 1108 1105 1105 1101 1101 1097 1094 1094 1090 1087 1084
    1084 1084 1090 1108 1115 1126 1134 1138 1153 1169 1181 1189 1202
    1214 1232 1245 1255 1255 1255 0 5210 5210 0 1123 1123 1134 1134 1130
    1123 1123 1123 1119 1119 1119 1115 1108 1108 1105 1105 1105 1101
    1097 1094 1094 1090 1087 1084 1084 1090 1094 1108 1112 1123 1130
    1138 1153 1169 1181 1189 1197 1214 1227 1245 1255 1255 0 0 0 5210 0
    1123 1123 1134 1134 1130 1123 1123 1123 1123 1119 1119 1115 1108
    1108 1105 1105 1105 1101 1094 1094 1090 1087 1087 1080 1080 1087
    1094 1112 1112 1119 1130 1153 1153 1165 1181 1189 1197 1202 1223
