<?xml version="1.0"?>
<opencv_storage>
<Depth14541 type_id="opencv-matrix">
  <rows>60</rows>
  <cols>46</cols>
  <dt>w</dt>
  <data>
    5056 5056 1804 1785 1766 1757 1757 1757 1766 1776 1785 1776 1757
    1757 1713 1688 1688 1739 1739 1748 1748 1748 1757 4774 4774 4774
    4774 1748 1722 1713 1713 1713 1713 4522 4645 4645 4645 1731 1731
    1731 4405 4405 4349 4349 4349 4349 1785 1794 1794 1776 1757 1757
    1757 1757 1766 1776 1766 1757 1748 1748 1713 1688 1688 1739 1739
    1748 1731 1731 1731 1731 1731 1731 1739 1722 1713 1713 1713 1713
    1705 1705 1705 1696 1705 1705 1705 1713 1713 4405 4349 4349 4349
    4349 1785 1785 1776 1766 1757 1757 1757 1757 1757 1766 1757 1748
    1748 1748 1739 1731 1731 1731 1731 1731 1722 1722 1722 1722 1722
    1722 1722 1713 1705 1705 1705 1705 1705 1696 1696 1696 1696 1696
    1705 1696 1696 1696 4295 4295 4349 4349 1785 1785 1766 1766 1757
    1757 1748 1748 1748 1748 1748 1739 1739 1739 1731 1731 1731 1722
    1722 1722 1713 1713 1713 1713 1713 1713 1713 1713 1705 1705 1696
    1696 1696 1696 1696 1696 1696 1696 1696 1696 1688 1688 4295 4295
    4349 4349 5056 1785 1766 1757 1757 1757 1748 1748 1748 1748 1739
    1739 1739 1731 1731 1731 1722 1722 1722 1713 1713 1713 1713 1713
    1713 1713 1713 1713 1705 1705 1696 1696 1696 1696 1696 1696 1696
    1696 1688 1688 1688 1688 1688 4405 4405 4405 5056 1785 1766 1757
    1757 1757 1748 1748 1748 1748 1739 1739 1739 1731 1722 1722 1722
    1722 1722 1713 1713 1713 1713 1705 1705 1713 1713 1713 1713 1705
    1696 1696 1696 1696 1696 1696 1688 1688 1688 1688 1688 1688 1688
    4405 4405 4405 5056 1785 1766 1757 1757 1757 1748 1748 1748 1748
    1739 1739 1739 1731 1722 1722 1722 1722 1722 1713 1713 1713 1713
    1705 1705 1713 1713 1713 1713 1705 1705 1696 1696 1696 1688 1688
    1688 1688 1688 1680 1680 1680 1680 4405 4405 4405 1776 1776 1766
    1757 1757 1757 1748 1748 1748 1748 1739 1739 1731 1731 1722 1722
    1722 1722 1722 1722 1713 1713 1713 1705 1705 1713 1713 1713 1705
    1705 1705 1696 1696 1696 1688 1688 1688 1688 1688 1680 1680 1680
    1680 4405 4405 4405 1776 1776 1766 1757 1748 1748 1748 1748 1748
    1739 1739 1739 1731 1731 1722 1722 1722 1722 1722 1722 1722 1713
    1713 1705 1705 1713 1713 1713 1705 1705 1705 1696 1696 1696 1688
    1688 1688 1688 1688 1680 1680 1680 1680 4405 4405 4405 1785 1785
    1766 1757 1748 1748 1748 1748 1748 1739 1739 1739 1731 1731 1722
    1722 1722 1722 1722 1722 1713 1713 1713 1705 1705 1713 1713 1713
    1705 1705 1696 1696 1696 1696 1688 1688 1688 1688 1688 1680 1680
    1680 1680 4463 4405 4349 1794 1785 1766 1757 1748 1748 1748 1748
    1748 1739 1739 1739 1731 1722 1722 1713 1713 1722 1713 1713 1713
    1713 1713 1705 1705 1713 1705 1705 1705 1696 1696 1696 1696 1696
    1688 1688 1688 1688 1688 1688 1680 1680 1680 4463 4405 4349 4983
    1766 1766 1757 1748 1748 1748 1748 1748 1739 1739 1739 1731 1722
    1722 1713 1713 1722 1713 1713 1713 1713 1713 1705 1705 1713 1705
    1705 1696 1696 1696 1696 1696 1696 1688 1688 1688 1688 1688 1688
    1680 1680 1680 1680 4405 4349 4983 1757 1757 1757 1748 1748 1748
    1739 1739 1739 1731 1731 1731 1722 1722 1722 1722 1722 1713 1713
    1713 1713 1713 1705 1705 1705 1705 1705 1696 1696 1696 1696 1688
    1688 1688 1688 1688 1688 1688 1688 1688 1688 1680 1680 4405 4349
    4983 1757 1757 1748 1748 1748 1748 1739 1739 1739 1731 1731 1731
    1722 1722 1722 1722 1722 1713 1713 1713 1713 1705 1705 1705 1705
    1705 1705 1705 1696 1696 1696 1688 1688 1688 1688 1688 1688 1688
    1688 1688 1688 1680 1680 1680 4349 4842 4842 1748 1748 1748 1748
    1748 1748 1739 1739 1731 1731 1731 1731 1722 1722 1722 1722 1713
    1713 1713 1713 1705 1705 1705 1705 1705 1705 1705 1696 1696 1688
    1688 1688 1688 1688 1688 1688 1688 1688 1688 1688 1688 1696 1696
    4349 4842 4842 1748 1748 1748 1748 1748 1748 1739 1739 1731 1731
    1731 1731 1722 1722 1722 1713 1713 1713 1713 1713 1705 1705 1705
    1705 1705 1705 1705 1696 1696 1688 1688 1688 1688 1688 1688 1688
    1688 1688 1688 1680 1663 1663 1663 4405 4842 1748 1748 1748 1748
    1748 1748 1748 1739 1739 1739 1739 1731 1731 1722 1713 1713 1713
    1713 1713 1713 1713 1705 1705 1705 1705 1705 1705 1696 1696 1696
    1688 1688 1688 1688 1688 1688 1688 1688 1680 1680 1663 1663 1663
    1663 4463 4842 1739 1739 1739 1739 1748 1748 1748 1739 1739 1739
    1739 1731 1731 1722 1713 1713 1713 1713 1713 1713 1713 1705 1705
    1705 1705 1705 1705 1696 1696 1696 1696 1688 1688 1688 1688 1688
    1688 1688 1680 1680 1663 1663 1688 1688 4463 4842 4842 1739 1739
    1739 1748 1748 1748 1739 1739 1739 1739 1731 1731 1722 1713 1713
    1713 1713 1713 1713 1713 1705 1705 1705 1705 1705 1705 1696 1696
    1696 1696 1696 1688 1688 1688 1688 1688 1680 1680 1671 1663 1663
    1688 1688 4405 4842 4842 1739 1739 1748 1748 1748 1748 1739 1739
    1739 1731 1731 1722 1722 1713 1713 1713 1705 1705 1713 1713 1705
    1705 1705 1705 1696 1696 1696 1696 1696 1696 1696 1688 1688 1688
    1688 1688 1680 1680 1671 1671 1671 1671 4405 4405 4842 4842 1748
    1748 1748 1748 1748 1748 1739 1739 1731 1731 1722 1722 1722 1713
    1713 1713 1705 1705 1713 1713 1705 1705 1705 1696 1696 1696 1696
    1696 1696 1696 1696 1696 1688 1688 1688 1688 1680 1680 1671 1671
    1671 1671 4405 4405 4842 4842 1748 1748 1748 1748 1739 1739 1739
    1731 1731 1731 1722 1722 1722 1713 1713 1713 1705 1705 1713 1713
    1705 1705 1705 1696 1696 1696 1705 1696 1696 1696 1696 1696 1688
    1688 1688 1688 1680 1680 1671 1671 1671 1671 4405 4405 4842 4842
    1748 1748 1748 1748 1739 1739 1739 1731 1731 1722 1722 1722 1722
    1713 1713 1713 1713 1713 1713 1713 1705 1705 1705 1705 1705 1705
    1705 1696 1696 1696 1696 1688 1688 1688 1688 1688 1680 1680 1671
    1671 1671 1671 4405 4405 4983 4983 1757 1757 1748 1748 1739 1739
    1739 1731 1731 1722 1722 1722 1722 1713 1713 1713 1713 1713 1713
    1705 1705 1705 1705 1705 1705 1705 1696 1696 1696 1688 1688 1688
    1688 1688 1688 1688 1688 1680 1680 1671 1671 1671 4405 4405 4911
    4911 1748 1748 1748 1748 1739 1739 1739 1731 1731 1722 1722 1722
    1722 1713 1713 1713 1713 1713 1713 1705 1705 1705 1705 1705 1705
    1696 1696 1696 1696 1688 1688 1688 1688 1688 1688 1688 1688 1680
    1680 1671 1671 1671 4405 4405 4842 4842 1748 1748 1748 1748 1739
    1739 1739 1731 1731 1722 1722 1722 1722 1722 1713 1713 1713 1713
    1705 1705 1705 1696 1696 1705 1705 1696 1696 1696 1688 1688 1688
    1688 1688 1688 1688 1688 1680 1680 1680 1671 1671 1680 1680 4405
    4842 4842 1748 1748 1748 1739 1739 1739 1739 1731 1731 1722 1722
    1722 1722 1722 1713 1713 1713 1713 1705 1705 1705 1696 1696 1696
    1696 1696 1696 1696 1688 1688 1688 1688 1688 1688 1688 1688 1680
    1680 1671 1671 1680 1680 1680 4405 4842 4842 1748 1748 1748 1739
    1739 1739 1731 1731 1722 1722 1722 1722 1722 1713 1713 1713 1713
    1705 1705 1705 1705 1696 1696 1696 1696 1696 1696 1696 1696 1688
    1688 1688 1688 1688 1688 1688 1680 1680 1671 1671 1671 1671 4405
    4405 4911 4911 1748 1748 1748 1739 1731 1731 1722 1722 1722 1722
    1722 1722 1722 1713 1713 1713 1713 1705 1705 1705 1696 1696 1696
    1705 1705 1696 1696 1696 1696 1688 1688 1688 1688 1688 1688 1688
    1680 1680 1671 1671 1671 1671 4405 4405 5132 1739 1739 1739 1739
    1739 1731 1731 1722 1722 1722 1722 1722 1722 1713 1713 1713 1713
    1713 1705 1705 1705 1696 1696 1696 1696 1696 1696 1696 1696 1696
    1688 1688 1688 1688 1688 1688 1688 1680 1680 1671 1663 1663 1663
    1663 4405 5132 1739 1739 1739 1739 1739 1731 1731 1722 1722 1722
    1722 1722 1722 1713 1713 1713 1713 1713 1713 1705 1705 1696 1696
    1696 1696 1696 1696 1696 1696 1696 1696 1696 1688 1688 1688 1688
    1688 1680 1671 1671 1663 1663 1663 1663 4463 5132 5132 1739 1739
    1739 1739 1731 1731 1731 1722 1722 1722 1722 1722 1713 1713 1713
    1713 1713 1713 1705 1705 1696 1696 1696 1696 1696 1696 1696 1696
    1696 1688 1688 1688 1688 1688 1688 1688 1680 1671 1671 1671 1663
    1663 1663 4463 4911 1739 1739 1739 1748 1739 1739 1739 1731 1731
