<?xml version="1.0"?>
<opencv_storage>
<Depth5171 type_id="opencv-matrix">
  <rows>75</rows>
  <cols>53</cols>
  <dt>w</dt>
  <data>
    4241 4241 4241 4241 4241 4241 4241 4241 4241 4190 4190 4190 4190
    4241 4241 4241 4190 4190 4190 4190 4190 4190 4190 4190 4190 4139
    4139 1696 1696 1696 1688 1680 1671 1671 1671 4139 4139 4089 4089
    4089 4089 4089 4139 4139 4089 4089 4139 4139 4139 4139 4139 4089
    4089 4241 4241 4241 4241 4241 4241 4241 4241 4241 4241 4190 4190
    4241 4241 4241 4241 4190 4190 4190 4190 4190 4190 4139 4139 4190
    1663 1663 1671 1680 1688 1688 1680 1663 1616 1616 1616 1616 1616
    1616 1624 1624 1624 1624 4139 4089 4089 4089 4089 4139 4089 4089
    4089 4089 4241 4241 4241 4241 4241 4190 4190 1616 1609 1586 1572
    1557 1557 1550 1550 4241 4241 4241 1632 1632 1632 1632 1609 1609
    1609 1616 1616 1671 1671 1680 1688 1680 1609 1601 1601 1609 1609
    1616 1616 1624 1624 1624 1624 1624 4089 4089 4089 4089 4139 4089
    4089 4139 4139 4241 4241 4241 4241 4241 4190 1624 1609 1594 1579
    1572 1557 1557 1550 1550 1550 1550 1632 1632 1632 1632 1616 1594
    1579 1579 1586 1586 1579 1579 1579 1586 1594 1594 1594 1594 1594
    1609 1616 1616 1624 1624 1624 1624 1624 1624 4139 4139 4139 4139
    4139 4139 4139 4139 4241 4241 4241 4241 4241 1624 1616 1609 1594
    1579 1564 1557 1557 1557 1550 1550 1550 1550 1632 1609 1609 1579
    1564 1564 1572 1572 1572 1579 1579 1579 1586 1586 1594 1594 1586
    1586 1594 1601 1609 1616 1624 1624 1624 1624 1624 4139 4139 4139
    4089 4089 4089 4139 4139 1639 1632 1624 1616 1616 1616 1609 1601
    1594 1579 1564 1557 1557 1550 1550 1543 1536 1536 1536 1550 1564
    1572 1564 1564 1572 1572 1572 1572 1579 1579 1586 1586 1586 1586
    1586 1586 1586 1594 1601 1616 1616 1616 1624 1624 1624 4190 4139
    4139 4089 4089 4089 4139 4139 1639 1624 1616 1616 1616 1609 1594
    1586 1579 1572 1557 1557 1550 1550 1543 1543 1536 1536 1536 1543
    1550 1557 1564 1564 1564 1572 1572 1572 1579 1579 1579 1586 1586
    1586 1586 1586 1586 1594 1594 1609 1616 1616 1616 1616 1616 4190
    4139 4139 4139 4139 4139 4139 4139 1632 1624 1616 1616 1609 1609
    1594 1586 1579 1572 1557 1550 1550 1550 1543 1536 1536 1536 1536
    1543 1550 1557 1557 1557 1564 1572 1572 1572 1579 1579 1579 1586
    1586 1586 1586 1586 1586 1594 1594 1609 1616 1616 1616 1616 1616
    1616 4139 4139 4139 4139 4089 4089 4089 1616 1616 1616 1616 1609
    1609 1586 1579 1572 1564 1557 1550 1550 1543 1536 1536 1536 1536
    1536 1543 1550 1557 1557 1557 1557 1564 1572 1579 1572 1572 1572
    1579 1586 1586 1586 1586 1586 1594 1594 1601 1609 1609 1616 1616
    1616 1616 4139 4139 4139 4139 4089 4089 4089 1616 1616 1616 1616
    1609 1601 1586 1579 1572 1564 1557 1550 1543 1543 1536 1536 1536
    1536 1536 1543 1550 1550 1557 1557 1557 1557 1564 1572 1572 1572
    1572 1579 1579 1586 1586 1586 1586 1594 1594 1601 1609 1609 1609
    1609 1609 1609 4139 4139 4139 4089 4089 4089 4139 4190 1616 1616
    1616 1609 1594 1586 1579 1572 1557 1557 1550 1543 1543 1536 1536
    1536 1536 1536 1543 1550 1550 1550 1550 1557 1557 1557 1564 1564
    1572 1572 1572 1579 1579 1586 1586 1586 1586 1594 1601 1609 1609
    1609 1609 1609 1609 4089 4089 4139 4089 4089 4089 4089 4190 1616
    1616 1616 1609 1594 1586 1579 1572 1557 1557 1550 1543 1543 1536
    1536 1536 1536 1536 1543 1550 1550 1550 1550 1550 1550 1557 1557
    1564 1564 1564 1572 1572 1579 1579 1586 1586 1586 1586 1601 1601
    1601 1601 1601 1609 1609 4089 4089 4139 4089 4089 4089 4089 4139
    1616 1616 1616 1609 1594 1586 1579 1572 1564 1557 1550 1543 1543
    1536 1536 1536 1536 1536 1543 1543 1550 1550 1550 1550 1550 1557
    1557 1557 1564 1564 1572 1572 1579 1579 1586 1586 1586 1586 1601
    1601 1601 1601 1601 1601 1601 4139 4139 4139 4089 4089 4089 4139
    4139 1616 1616 1616 1609 1594 1586 1579 1572 1557 1557 1557 1550
    1543 1536 1536 1536 1536 1536 1536 1543 1543 1543 1550 1550 1550
    1557 1557 1557 1557 1564 1564 1572 1579 1579 1586 1586 1586 1586
    1594 1601 1601 1601 1601 1601 1601 1601 4139 4139 4139 4089 4089
    4089 4139 1616 1616 1616 1609 1594 1586 1579 1572 1557 1557 1557
    1550 1543 1536 1529 1529 1536 1536 1536 1536 1543 1543 1550 1550
    1550 1550 1557 1557 1557 1564 1564 1572 1579 1579 1586 1586 1586
    1586 1594 1594 1594 1594 1601 1601 1601 1601 4139 4139 4089 4089
    4089 4089 4139 1616 1616 1616 1609 1594 1586 1579 1572 1564 1557
    1557 1550 1543 1536 1529 1529 1529 1529 1529 1536 1543 1543 1543
    1550 1550 1550 1557 1557 1557 1557 1557 1557 1564 1579 1586 1586
    1586 1586 1594 1594 1594 1594 1601 1601 1601 1601 4139 4139 4089
    4089 4089 4089 4139 1601 1601 1616 1609 1594 1586 1579 1572 1564
    1557 1557 1550 1536 1536 1529 1529 1529 1529 1529 1536 1536 1543
    1543 1550 1550 1550 1550 1557 1557 1557 1557 1557 1557 1572 1579
    1586 1586 1586 1594 1594 1594 1601 1601 1601 1601 1601 4041 4041
    4041 4089 4089 4089 4190 1594 1594 1609 1609 1594 1586 1579 1579
    1564 1557 1557 1550 1536 1536 1529 1529 1529 1529 1529 1529 1536
    1536 1543 1543 1550 1550 1550 1550 1557 1557 1557 1557 1557 1564
    1579 1579 1586 1586 1594 1594 1594 1594 1601 1601 1601 1601 3994
    3994 3994 4089 4089 4089 4190 1594 1594 1609 1609 1594 1586 1579
    1579 1564 1557 1557 1550 1543 1536 1529 1529 1529 1529 1529 1529
    1529 1536 1543 1543 1550 1550 1550 1550 1550 1557 1557 1557 1557
    1564 1572 1579 1579 1579 1586 1594 1594 1594 1601 1601 1601 1601
    3994 3994 3994 4089 4089 4089 4190 4190 1609 1609 1609 1594 1586
    1579 1579 1564 1557 1557 1550 1543 1536 1529 1529 1529 1529 1529
    1529 1529 1529 1536 1543 1543 1543 1550 1550 1550 1557 1557 1557
    1557 1564 1572 1579 1579 1579 1586 1594 1594 1594 1594 1601 1601
    1601 4041 4041 4041 4089 4089 4089 4190 4190 1616 1616 1609 1594
    1586 1579 1579 1572 1557 1557 1550 1536 1529 1529 1529 1529 1529
    1529 1529 1529 1529 1536 1536 1543 1543 1550 1550 1550 1557 1557
    1557 1557 1564 1572 1579 1579 1579 1594 1594 1594 1594 1594 1601
    1601 1601 4041 4041 4041 4089 4089 4089 4139 4139 1616 1616 1609
    1594 1586 1586 1579 1572 1564 1557 1550 1536 1529 1529 1523 1523
    1523 1529 1529 1529 1529 1529 1536 1543 1543 1550 1550 1550 1557
    1557 1557 1557 1564 1564 1579 1579 1579 1586 1594 1594 1594 1594
    1601 1601 1601 4041 4041 4041 4089 4089 4089 4041 4041 1616 1616
    1609 1594 1586 1579 1579 1572 1564 1557 1550 1536 1529 1523 1523
    1523 1523 1529 1529 1529 1529 1529 1529 1536 1543 1550 1550 1550
    1550 1557 1557 1557 1564 1564 1579 1579 1579 1586 1594 1594 1594
    1594 1601 1601 1601 4041 4041 4041 4089 4089 4089 4041 4041 1624
    1616 1601 1586 1586 1579 1579 1572 1564 1557 1550 1536 1529 1523
    1523 1523 1523 1529 1529 1529 1529 1529 1529 1536 1543 1543 1550
    1550 1550 1550 1557 1557 1557 1572 1579 1579 1579 1586 1586 1586
    1594 1594 1594 1594 1594 4041 4041 4041 4089 4089 4089 4041 4041
    1624 1609 1601 1586 1586 1579 1579 1572 1557 1557 1550 1536 1529
    1523 1523 1523 1523 1523 1523 1529 1529 1529 1529 1536 1536 1543
    1550 1550 1550 1550 1557 1557 1557 1564 1572 1579 1579 1586 1586
    1586 1594 1594 1594 1594 1594 1594 4089 4089 4089 4089 4089 4041
    4041 1609 1601 1601 1586 1586 1579 1579 1572 1557 1557 1550 1536
    1529 1529 1523 1523 1523 1523 1523 1523 1529 1529 1529 1536 1536
    1543 1543 1550 1550 1550 1550 1557 1557 1564 1572 1572 1579 1586
    1586 1586 1594 1594 1594 1594 1594 1594 4139 4139 4089 4089 4089
    4139 4139 1609 1601 1601 1586 1586 1579 1579 1572 1564 1557 1550
    1543 1529 1529 1529 1523 1523 1523 1523 1523 1529 1529 1529 1536
    1536 1543 1543 1550 1550 1550 1550 1557 1557 1557 1564 1572 1572
    1586 1586 1586 1586 1586 1594 1594 1594 1594 4139 4139 4089 4089
    4089 4139 4089 4089 1601 1594 1586 1586 1579 1579 1572 1564 1557
    1550 1543 1529 1529 1523 1523 1523 1523 1523 1523 1523 1529 1529
    1536 1536 1543 1543 1550 1550 1550 1550 1550 1557 1557 1564 1572
    1572 1586 1586 1586 1586 1586 1594 1594 1594 1594 4139 4139 4089
