<?xml version="1.0"?>
<opencv_storage>
<Depth17606 type_id="opencv-matrix">
  <rows>70</rows>
  <cols>47</cols>
  <dt>w</dt>
  <data>
    4983 4983 4983 4911 4911 4911 4911 4911 4911 4911 4911 4911 4911
    4911 4911 4911 4911 4911 4911 4911 4983 4983 4983 4911 4911 1470
    1470 4911 4911 1452 1452 1458 1458 1452 1452 1445 1445 1445 1445
    1445 1445 1445 1445 1445 1445 1445 4911 4983 4983 1516 1503 1503
    1503 1503 4911 4911 1489 1489 1489 1489 1496 1496 4911 1470 1470
    1470 1477 4983 4983 1464 1464 1464 1464 1470 1464 1458 1452 1452
    1458 1458 1452 1452 1445 1445 1452 1445 1445 1445 1445 1445 1445
    1445 1445 4911 4983 1509 1509 1503 1503 1503 1503 1503 1496 1489
    1489 1489 1489 1489 1489 1489 1470 1470 1470 1470 1470 1470 1464
    1464 1464 1464 1464 1464 1458 1458 1458 1458 1458 1452 1452 1445
    1445 1445 1445 1445 1445 1445 1445 1439 1439 1439 4911 1509 1503
    1503 1503 1503 1503 1503 1496 1496 1489 1489 1489 1489 1489 1489
    1483 1477 1477 1477 1470 1470 1470 1464 1464 1464 1464 1464 1464
    1464 1464 1458 1458 1458 1452 1452 1445 1445 1445 1445 1445 1445
    1445 1445 1439 1439 1439 1439 1509 1503 1503 1503 1496 1496 1496
    1496 1489 1489 1489 1489 1489 1483 1483 1477 1477 1470 1470 1470
    1470 1470 1464 1464 1464 1464 1464 1464 1464 1464 1458 1458 1458
    1452 1452 1452 1445 1445 1445 1445 1445 1445 1439 1439 1439 1439 0
    1516 1509 1503 1496 1496 1496 1496 1489 1489 1489 1483 1483 1483
    1483 1483 1477 1477 1470 1470 1470 1470 1470 1464 1464 1464 1464
    1464 1464 1464 1464 1458 1458 1458 1458 1458 1452 1445 1445 1445
    1445 1445 1445 1439 1439 1439 1439 0 1516 1509 1503 1496 1496 1496
    1496 1489 1489 1489 1483 1483 1483 1483 1483 1483 1477 1477 1477
    1470 1470 1470 1464 1464 1464 1464 1464 1464 1464 1464 1458 1458
    1458 1458 1458 1452 1452 1445 1445 1445 1445 1445 1439 1439 1439
    1445 0 1509 1509 1503 1496 1496 1496 1496 1496 1489 1489 1483 1483
    1483 1483 1483 1483 1477 1477 1477 1470 1470 1470 1464 1464 1464
    1464 1464 1464 1464 1464 1464 1464 1458 1458 1458 1452 1452 1445
    1445 1445 1445 1445 1445 1445 1445 1445 1398 1503 1503 1503 1503
    1496 1496 1496 1496 1489 1489 1489 1483 1483 1483 1483 1483 1483
    1477 1477 1477 1470 1470 1470 1470 1470 1464 1464 1464 1464 1464
    1464 1464 1464 1458 1458 1452 1452 1445 1445 1445 1445 1445 1445
    1410 1398 1398 1398 1503 1503 1503 1503 1496 1496 1496 1496 1489
    1489 1489 1489 1489 1489 1483 1483 1483 1477 1477 1477 1470 1470
    1470 1470 1470 1470 1464 1464 1464 1464 1464 1464 1464 1458 1458
    1452 1452 1445 1445 1445 1445 1445 1445 1410 1398 1398 1398 1503
    1503 1503 1503 1496 1496 1496 1496 1496 1489 1489 1489 1489 1489
    1483 1483 1483 1483 1477 1477 1470 1470 1477 1477 1470 1470 1470
    1470 1464 1464 1464 1464 1464 1464 1458 1452 1452 1445 1445 1445
    1445 1445 1445 1445 1427 1427 1427 1509 1509 1503 1503 1496 1496
    1496 1496 1496 1489 1489 1489 1489 1489 1483 1483 1483 1483 1483
    1477 1470 1470 1477 1477 1470 1470 1470 1470 1470 1464 1464 1464
    1464 1464 1458 1452 1452 1452 1445 1445 1445 1445 1445 1445 1433
    1433 1433 1509 1509 1503 1503 1496 1496 1496 1496 1496 1496 1489
    1489 1489 1489 1483 1483 1483 1483 1483 1483 1477 1477 1477 1470
    1470 1470 1470 1470 1470 1470 1464 1464 1464 1464 1464 1458 1452
    1452 1445 1445 1445 1445 1445 1445 1445 1445 1439 1523 1509 1503
    1503 1496 1496 1496 1496 1496 1496 1489 1489 1489 1489 1483 1483
    1489 1483 1483 1483 1477 1477 1477 1470 1470 1470 1470 1470 1470
    1470 1464 1464 1464 1464 1464 1458 1452 1452 1452 1445 1445 1445
    1452 1445 1439 1439 1439 1529 1516 1509 1503 1503 1496 1496 1496
    1496 1496 1489 1489 1489 1489 1483 1483 1489 1483 1483 1483 1477
    1477 1477 1470 1470 1470 1470 1470 1470 1470 1464 1464 1464 1464
    1464 1458 1452 1452 1452 1452 1452 1452 1452 1445 1439 1439 1439
    1516 1516 1509 1509 1503 1496 1496 1496 1496 1496 1489 1489 1489
    1489 1489 1489 1489 1483 1483 1483 1477 1477 1477 1470 1470 1470
    1470 1470 1470 1470 1464 1464 1464 1464 1458 1458 1458 1452 1452
    1452 1452 1452 1452 1445 1445 1445 1445 1523 1523 1516 1509 1503
    1503 1496 1496 1496 1496 1489 1489 1489 1489 1489 1489 1489 1483
    1483 1483 1477 1477 1477 1470 1470 1470 1470 1470 1470 1470 1464
    1464 1464 1464 1458 1458 1458 1458 1458 1458 1458 1458 1452 1445
    1445 1445 1445 1509 1509 1509 1509 1503 1503 1496 1496 1496 1496
    1496 1496 1489 1489 1489 1489 1489 1483 1483 1483 1483 1477 1477
    1477 1470 1470 1470 1470 1470 1470 1470 1464 1464 1464 1464 1458
    1458 1458 1458 1458 1458 1458 1452 1445 1445 1445 1445 1509 1509
    1509 1509 1503 1503 1496 1496 1496 1496 1496 1496 1496 1489 1489
    1489 1489 1483 1483 1483 1483 1477 1477 1477 1470 1470 1470 1470
    1470 1470 1470 1464 1464 1464 1464 1464 1464 1464 1458 1458 1458
    1458 1452 1445 1445 1445 1445 0 1516 1516 1509 1509 1503 1503 1496
    1496 1496 1496 1496 1496 1489 1489 1489 1489 1483 1483 1483 1483
    1477 1477 1477 1477 1470 1470 1470 1470 1470 1470 1464 1464 1464
    1464 1464 1464 1464 1464 1464 1464 1464 1452 1445 1445 1445 0 1516
    1516 1516 1509 1509 1503 1503 1496 1496 1496 1496 1496 1496 1496
    1489 1489 1489 1483 1483 1483 1483 1483 1483 1477 1477 1470 1470
    1470 1470 1470 1470 1464 1464 1464 1464 1464 1464 1464 1464 1464
    1464 1464 1452 1445 1445 1445 0 1516 1516 1516 1509 1509 1503 1503
    1503 1496 1496 1496 1496 1489 1489 1489 1489 1489 1483 1483 1483
    1483 1483 1483 1483 1477 1470 1470 1470 1470 1470 1470 1470 1470
    1464 1464 1464 1464 1464 1464 1464 1464 1464 1452 1445 1445 1445 0
    1529 1529 1516 1509 1509 1503 1503 1503 1503 1503 1496 1496 1489
    1489 1489 1489 1489 1489 1489 1489 1483 1483 1483 1483 1477 1470
    1470 1470 1470 1470 1470 1470 1470 1470 1464 1464 1464 1464 1464
    1458 1458 1458 1452 1445 1445 1445 0 1536 1536 1523 1516 1516 1509
    1509 1509 1503 1503 1496 1496 1489 1489 1489 1489 1489 1489 1489
    1489 1483 1483 1483 1483 1477 1470 1470 1470 1470 1470 1470 1470
    1470 1470 1470 1464 1464 1464 1464 1458 1458 1458 1452 1452 1452
    1452 0 1543 1529 1523 1516 1516 1509 1509 1509 1509 1503 1503 1496
    1496 1489 1489 1489 1489 1489 1489 1489 1483 1483 1483 1483 1477
    1470 1470 1470 1470 1470 1470 1470 1470 1470 1470 1470 1464 1464
    1464 1464 1458 1458 1458 1458 1458 1458 0 1543 1523 1516 1516 1516
    1516 1516 1516 1509 1503 1503 1496 1496 1496 1496 1489 1489 1489
    1489 1489 1489 1483 1483 1483 1477 1470 1470 1470 1470 1470 1470
    1470 1470 1470 1464 1464 1464 1464 1464 1464 1458 1458 1458 1458
    1458 1458 1452 1529 1523 1516 1516 1516 1516 1516 1516 1509 1509
    1503 1496 1496 1496 1496 1489 1489 1489 1489 1489 1489 1489 1489
    1483 1483 1477 1477 1477 1477 1477 1470 1470 1470 1470 1464 1464
    1464 1464 1464 1464 1458 1458 1458 1458 1452 1452 1452 1523 1523
    1516 1509 1509 1509 1509 1516 1516 1509 1503 1496 1496 1496 1496
    1489 1489 1489 1489 1489 1489 1489 1489 1483 1483 1483 1483 1483
    1483 1477 1477 1470 1470 1470 1470 1464 1464 1464 1464 1464 1464
    1464 1458 1452 1452 1452 1452 1523 1523 1516 1509 1509 1509 1509
    1509 1509 1509 1503 1503 1496 1496 1496 1496 1496 1496 1489 1489
    1489 1489 1489 1489 1489 1483 1483 1477 1477 1477 1477 1470 1470
    1470 1470 1470 1464 1464 1464 1464 1464 1464 1458 1452 1452 1452
    1452 4911 1516 1516 1516 1516 1509 1509 1509 1509 1509 1509 1503
    1503 1496 1496 1496 1496 1496 1496 1496 1496 1489 1489 1489 1483
    1483 1483 1477 1477 1477 1477 1470 1470 1470 1470 1470 1464 1464
    1464 1464 1458 1458 1458 1452 1452 1458 1458 4983 1516 1516 1516
    1516 1516 1516 1509 1509 1509 1509 1503 1503 1496 1496 1496 1496
    1496 1496 1496 1496 1489 1489 1489 1483 1483 1483 1477 1477 1477
    1477 1470 1470 1470 1470 1470 1470 1470 1464 1464 1458 1458 1458
    1452 1452 1458 1458 4911 1516 1516 1516 1516 1516 1516 1516 1509
    1509 1509 1503 1503 1503 1496 1496 1496 1496 1496 1496 1496 1496
