<?xml version="1.0"?>
<opencv_storage>
<Depth4156 type_id="opencv-matrix">
  <rows>15</rows>
  <cols>25</cols>
  <dt>w</dt>
  <data>
    4774 4774 4774 4842 4983 5056 5132 5210 5460 5640 5640 5640 5640
    5640 5832 5832 5734 5734 5734 5734 5734 5832 5832 5933 5933 4774
    4774 4774 4842 4911 4983 5056 5132 5460 5548 5548 5548 5734 5734
    5832 5832 5734 5734 5832 5832 5832 5832 5832 5933 5933 4842 4842
    4842 4842 4842 4911 4911 4911 4842 4842 5548 5548 5832 5832 5832
    5832 5734 5734 5832 5832 5832 5832 5832 5933 5933 4842 4842 4774
    4774 4774 4842 4911 4911 4842 4645 4645 4645 4645 5832 5832 5832
    5734 5734 5832 5832 5832 5832 5933 5933 5933 4911 4842 4774 4708
    4708 4774 4842 4842 4842 4645 4645 4645 4645 4708 4774 4774 5832
    5734 5734 5832 5832 5832 5832 5933 5933 4983 4842 4774 4708 4708
    4708 4842 4842 4842 4774 4774 4774 4708 4708 4774 4774 4842 5734
    5734 5832 5832 5832 5832 5933 5933 0 0 4774 4645 4645 4708 4842 4842
    4842 4774 4774 4842 4842 4842 4774 4774 4842 4911 4911 4911 4911
    5933 5933 5933 5933 0 0 0 4645 4645 4842 4842 4842 4842 4842 4842
    4842 4911 4911 4842 4842 4911 4911 4911 4911 4842 4911 5548 5548
    5548 0 0 0 0 0 4983 4983 4911 4911 4911 4842 4842 4842 4842 4911
    4911 4911 4842 4842 4842 4842 4911 4911 5548 5548 0 0 0 0 0 5056
    5056 5056 4911 4911 4842 4708 4708 4774 4842 4911 4911 4842 4842
    4842 4842 4911 4911 4911 5640 0 0 0 0 0 0 5210 5210 0 0 0 4708 4708
    4774 4842 4842 4911 4911 4911 4911 4911 4911 4911 4911 5056 0 0 0 0
    0 0 0 0 0 0 0 0 0 0 4842 4842 4911 4911 4911 4911 4911 4911 4911
    4911 4911 0 0 0 0 0 0 0 0 0 0 0 0 0 0 0 0 0 4911 4911 4911 4911 4842
    4842 4911 4911 0 0 0 0 0 0 0 0 0 0 0 0 0 0 0 0 0 4911 4911 4911 4842
    4774 4774 4842 4911 0 0 0 0 0 0 0 0 0 0 0 0 0 0 0 0 0 0 0 4911 4842
    4774 4774 4774 4842</data></Depth4156>
</opencv_storage>
