<?xml version="1.0"?>
<opencv_storage>
<Depth14115 type_id="opencv-matrix">
  <rows>7</rows>
  <cols>19</cols>
  <dt>w</dt>
  <data>
    4645 4645 4582 4582 4582 4774 4842 4842 4842 4911 4911 4911 4911
    4911 4911 4911 4911 4911 4911 4645 4708 4708 4708 4774 4774 4842
    4842 4842 4911 4911 4911 4842 4842 4911 4911 4911 4911 4911 4774
    4774 4774 4774 4774 4842 4842 4842 4842 4911 4911 4911 4842 4842
    4911 4911 4911 4983 4983 4774 4774 4774 4774 4774 4842 4842 4842
    4842 4911 4911 4911 4842 4842 4842 4911 4911 4911 4983 2129 4842
    4842 4774 4774 4842 4842 4842 4842 4911 4911 4911 4842 4842 4842
    4911 4911 4911 4983 2129 2129 2143 4774 4774 4842 4911 4842 4842
    4842 4774 4774 4842 4842 4911 4911 4911 4983 4983 2129 2129 2143
    2156 2156 4911 4911 4842 4842 4708 4708 4774 4842 4842 0 0 5056 5056
    0</data></Depth14115>
</opencv_storage>
