<?xml version="1.0"?>
<opencv_storage>
<Depth1187 type_id="opencv-matrix">
  <rows>65</rows>
  <cols>44</cols>
  <dt>w</dt>
  <data>
    3539 3503 1594 1594 1594 1586 1586 1579 1572 1572 1557 1543 1529
    1523 1516 1516 1509 1503 1496 1489 1483 1470 1464 1464 1464 1458
    1452 1445 1439 1433 1433 1439 1439 1439 1439 1439 1452 3433 3433
    1483 1483 1483 1483 1483 3576 1601 1594 1594 1594 1579 1579 1572
    1572 1564 1550 1543 1536 1523 1523 1516 1503 1503 1496 1489 1483
    1470 1470 1470 1464 1458 1452 1445 1439 1439 1439 1439 1439 1445
    1445 1445 1452 1458 1464 1470 1477 1483 1483 1483 3614 1601 1601
    1601 1594 1579 1579 1572 1572 1564 1550 1543 1536 1523 1523 1516
    1503 1503 1496 1489 1489 1477 1470 1470 1464 1458 1452 1445 1439
    1439 1439 1439 1439 1439 1445 1445 1452 1458 1464 1470 1477 1483
    1483 1483 3614 1601 1601 1601 1586 1579 1579 1572 1564 1564 1557
    1550 1529 1523 1516 1516 1509 1503 1496 1489 1489 1477 1470 1470
    1464 1458 1452 1445 1439 1439 1439 1439 1439 1439 1445 1445 1452
    1458 1464 1470 1477 1483 1483 1483 3614 1609 1609 1594 1586 1579
    1579 1572 1564 1557 1557 1543 1529 1523 1516 1516 1509 1503 1496
    1496 1489 1477 1470 1470 1464 1458 1452 1445 1439 1439 1439 1439
    1439 1439 1445 1445 1452 1458 1464 1464 1477 1483 1483 1483 3614
    1601 1594 1594 1594 1579 1579 1572 1564 1557 1557 1543 1536 1523
    1516 1516 1509 1503 1496 1489 1483 1477 1470 1470 1464 1458 1445
    1445 1439 1439 1439 1439 1439 1439 1445 1452 1458 1458 1464 1464
    1477 1483 1483 1483 3614 1601 1601 1594 1594 1586 1579 1572 1564
    1557 1550 1543 1536 1523 1523 1516 1509 1503 1496 1489 1483 1477
    1470 1464 1464 1458 1445 1445 1439 1439 1439 1439 1439 1439 1445
    1452 1458 1458 1464 1464 1477 1483 1483 1483 3614 1601 1601 1594
    1594 1586 1579 1579 1572 1557 1550 1543 1543 1529 1523 1516 1516
    1509 1496 1496 1489 1477 1470 1464 1464 1458 1445 1445 1439 1439
    1439 1433 1433 1439 1445 1452 1458 1458 1464 1464 1477 1483 1483
    1489 3614 1601 1601 1601 1594 1586 1579 1572 1572 1564 1550 1543
    1543 1529 1523 1516 1516 1509 1503 1496 1489 1483 1477 1464 1464
    1458 1445 1445 1439 1439 1439 1433 1433 1439 1445 1452 1458 1458
    1464 1470 1477 1483 1483 1489 3614 1601 1601 1601 1594 1586 1579
    1572 1564 1564 1550 1543 1543 1529 1523 1523 1516 1516 1503 1496
    1489 1483 1477 1464 1464 1458 1445 1445 1439 1439 1439 1439 1439
    1439 1445 1452 1458 1464 1464 1470 1477 1483 1489 1489 3614 1609
    1609 1601 1594 1586 1579 1572 1564 1564 1550 1543 1543 1529 1523
    1523 1516 1516 1503 1496 1489 1483 1477 1470 1464 1458 1445 1445
    1439 1439 1439 1439 1439 1439 1445 1452 1458 1464 1470 1470 1477
    1483 1489 1489 3614 1616 1609 1609 1601 1586 1579 1572 1572 1564
    1550 1543 1536 1529 1523 1516 1516 1509 1503 1496 1489 1489 1477
    1470 1464 1458 1452 1445 1439 1439 1439 1439 1439 1439 1445 1452
    1458 1464 1470 1470 1477 1483 1489 1489 3614 1616 1609 1601 1601
    1586 1579 1572 1572 1564 1550 1543 1536 1529 1523 1516 1516 1509
    1496 1496 1489 1489 1470 1470 1464 1464 1458 1445 1445 1439 1439
    1439 1439 1439 1445 1452 1458 1464 1470 1477 1477 1483 1489 1489
    3614 1609 1601 1601 1594 1586 1579 1579 1572 1564 1550 1543 1536
    1529 1523 1516 1516 1509 1496 1496 1489 1489 1470 1470 1464 1464
    1458 1452 1445 1439 1439 1439 1439 1439 1452 1452 1458 1464 1470
    1477 1477 1483 1489 1489 1609 1609 1601 1601 1594 1586 1579 1572
    1572 1557 1550 1543 1543 1536 1523 1516 1516 1509 1503 1496 1489
    1489 1470 1470 1464 1464 1458 1452 1445 1439 1439 1439 1439 1445
    1452 1458 1458 1464 1470 1477 1477 1483 1483 1483 1609 1609 1601
    1601 1594 1586 1579 1572 1572 1557 1550 1543 1536 1536 1523 1516
    1516 1509 1503 1496 1489 1489 1470 1470 1464 1458 1452 1445 1445
    1439 1439 1439 1439 1452 1458 1458 1458 1464 1470 1477 1477 1483
    1483 1483 1609 1609 1601 1601 1594 1586 1579 1572 1572 1557 1550
    1543 1536 1536 1523 1523 1516 1509 1503 1496 1496 1489 1470 1470
    1464 1458 1452 1445 1445 1439 1439 1439 1439 1452 1458 1458 1464
    1464 1470 1477 1483 1483 1483 1483 3692 1609 1601 1601 1594 1586
    1579 1572 1572 1557 1550 1543 1536 1536 1529 1523 1516 1509 1503
    1496 1496 1489 1470 1470 1464 1458 1452 1445 1445 1439 1439 1439
    1439 1452 1452 1458 1464 1464 1470 1477 1483 1483 1483 1483 1609
    1609 1601 1601 1601 1594 1586 1572 1572 1557 1550 1543 1536 1536
    1529 1523 1516 1509 1503 1496 1496 1483 1470 1464 1464 1452 1445
    1445 1439 1439 1439 1439 1439 1445 1452 1458 1464 1464 1470 1477
    1483 1483 1483 1483 1609 1601 1601 1601 1601 1594 1586 1579 1572
    1557 1550 1543 1543 1536 1529 1523 1516 1509 1503 1496 1496 1477
    1470 1464 1464 1452 1445 1445 1439 1439 1439 1439 1439 1445 1452
    1458 1464 1470 1477 1483 1483 1483 1483 1483 3614 1601 1601 1601
    1601 1594 1579 1579 1557 1550 1550 1543 1543 1536 1529 1523 1516
    1516 1503 1496 1496 1477 1470 1464 1464 1458 1452 1445 1439 1439
    1439 1439 1439 1452 1458 1458 1464 1470 1477 1483 1483 1483 1483
    1483 3614 1601 1601 1601 1601 1594 1579 1579 1557 1550 1550 1543
    1543 1529 1523 1516 1516 1509 1503 1496 1496 1483 1477 1464 1464
    1458 1452 1445 1439 1439 1439 1445 1445 1452 1458 1458 1464 1470
    1477 1483 1483 1483 1483 3433 3614 1609 1609 1601 1601 1594 1579
    1579 1564 1550 1550 1550 1543 1529 1523 1516 1516 1509 1503 1496
    1489 1483 1477 1470 1464 1458 1452 1445 1439 1439 1439 1445 1445
    1452 1458 1464 1464 1470 1477 1483 1483 1489 1489 3433 3653 1609
    1609 1601 1601 1586 1579 1579 1564 1557 1550 1550 1543 1536 1523
    1516 1516 1509 1503 1496 1489 1483 1477 1470 1464 1458 1452 1445
    1439 1439 1445 1445 1445 1458 1458 1464 1464 1470 1477 1483 1483
    1489 1489 3468 3816 1609 1609 1601 1594 1586 1579 1579 1564 1557
    1550 1543 1543 1536 1529 1523 1516 1509 1503 1496 1489 1483 1477
    1470 1464 1458 1452 1445 1439 1439 1445 1445 1445 1458 1458 1464
    1464 1470 1477 1483 1483 1489 1489 3468 1609 1609 1609 1601 1594
    1586 1579 1579 1564 1557 1550 1543 1543 1536 1529 1523 1516 1509
    1503 1496 1489 1483 1470 1470 1470 1464 1452 1445 1445 1445 1445
    1445 1445 1458 1458 1464 1464 1470 1477 1483 1489 1489 1489 3433
    1609 1609 1609 1601 1594 1586 1579 1579 1564 1557 1550 1543 1543
    1536 1523 1523 1516 1509 1503 1496 1489 1483 1470 1470 1464 1464
    1458 1445 1445 1445 1445 1452 1452 1458 1458 1464 1470 1470 1477
    1483 1489 1489 1489 3433 1609 1609 1609 1601 1594 1586 1579 1579
    1564 1557 1550 1543 1543 1536 1523 1523 1516 1509 1503 1496 1489
    1483 1477 1470 1464 1464 1452 1445 1445 1445 1445 1452 1452 1458
    1458 1464 1470 1477 1483 1489 1489 1489 1496 1496 1616 1616 1609
    1601 1594 1586 1579 1579 1564 1557 1550 1543 1543 1536 1523 1523
    1516 1509 1503 1496 1489 1483 1477 1470 1464 1464 1452 1445 1445
    1445 1445 1452 1452 1458 1464 1464 1470 1470 1477 1489 1489 1496
    1496 1496 1616 1616 1609 1609 1594 1586 1579 1579 1564 1557 1550
    1550 1543 1536 1529 1523 1523 1516 1509 1496 1489 1483 1477 1470
    1464 1458 1452 1445 1445 1445 1445 1452 1452 1458 1464 1464 1470
    1470 1477 1489 1489 1496 1503 1503 1624 1624 1616 1609 1601 1594
    1579 1579 1564 1557 1550 1550 1543 1536 1529 1523 1523 1516 1509
    1496 1489 1483 1483 1470 1464 1458 1452 1445 1445 1445 1445 1452
    1452 1458 1464 1464 1470 1470 1483 1489 1489 1496 1496 1496 1632
    1632 1616 1609 1601 1594 1579 1579 1564 1564 1557 1550 1543 1543
    1529 1523 1523 1516 1509 1503 1489 1489 1477 1470 1464 1458 1458
    1445 1445 1445 1452 1452 1458 1458 1464 1464 1470 1470 1483 1489
    1489 1496 1496 1496 1616 1616 1616 1609 1601 1594 1586 1579 1564
    1564 1557 1550 1543 1543 1536 1523 1523 1516 1509 1503 1489 1489
    1477 1464 1458 1452 1452 1445 1445 1445 1452 1452 1458 1458 1464
    1464 1470 1477 1483 1489 1489 1496 1496 1496 1616 1616 1616 1609
    1609 1601 1586 1579 1572 1564 1557 1550 1543 1543 1529 1523 1523
    1516 1503 1503 1489 1489 1477 1464 1458 1452 1452 1445 1445 1452
