<?xml version="1.0"?>
<opencv_storage>
<Depth5741 type_id="opencv-matrix">
  <rows>84</rows>
  <cols>56</cols>
  <dt>w</dt>
  <data>
    5210 5210 5210 5291 5291 5210 5210 5291 5374 5374 5374 5374 5374
    5460 5460 5548 5548 1328 1317 1312 1307 1307 1307 1307 1307 1307
    1307 1328 5460 5460 5460 5460 5374 5291 5291 5210 5210 5210 5210
    5132 5132 5056 4983 4983 4983 4911 4911 4911 4911 4911 4842 4842
    4842 4774 4774 4708 5210 5210 5210 5210 5210 5210 5210 5291 5374
    5291 5291 5374 5374 5460 1333 1328 1322 1322 1317 1307 1302 1302
    1302 1302 1302 1307 1312 1328 1328 5460 5460 5460 5374 5291 5291
    5210 5210 5210 5210 5132 5132 5056 4983 4983 4983 4911 4911 4911
    4911 4842 4842 4774 4774 4774 4708 4708 5210 5210 5210 5210 5056
    5056 5210 5291 5291 1376 1370 1365 1365 1343 1333 1328 1322 1317
    1312 1302 1302 1302 1302 1302 1302 1307 1312 1322 1328 1328 1328
    5548 5374 5291 5210 5210 5210 5210 5132 5132 5056 5056 4983 4983
    4983 4911 4911 4911 4911 4842 4774 4774 4774 4708 4708 4708 5210
    5210 5210 5210 5056 5056 5056 1376 1376 1370 1365 1354 1349 1343
    1333 1328 1322 1312 1307 1302 1302 1302 1302 1302 1302 1307 1312
    1317 1328 1328 1328 1328 1333 1338 5210 5210 5210 5210 5132 5132
    5056 5056 5056 4983 4983 4911 4911 4911 4911 4842 4774 4774 4708
    4708 4708 4708 5210 5132 5132 5210 5210 5210 5210 1370 1370 1365
    1359 1354 1349 1338 1328 1322 1322 1307 1302 1302 1297 1297 1297
    1302 1302 1307 1307 1312 1322 1328 1328 1328 1333 1338 1349 1349
    1349 5210 5210 5210 5132 5056 5056 4983 4983 4911 4911 4911 4911
    4842 4774 4708 4708 4708 4708 4645 5210 5132 5132 5132 5132 5132 0
    1370 1370 1365 1359 1349 1343 1338 1328 1322 1312 1307 1302 1297
    1292 1292 1292 1297 1302 1307 1307 1312 1322 1328 1328 1333 1333
    1343 1349 1349 1354 1359 1359 1359 1365 5056 5056 4983 4911 4911
    4911 4911 4911 4774 4774 4708 4708 4708 4708 4645 5210 5132 5132
    5132 5132 5132 1376 1370 1370 1359 1354 1349 1343 1333 1328 1322
    1312 1307 1302 1297 1292 1292 1292 1297 1302 1302 1307 1307 1317
    1322 1328 1333 1333 1338 1343 1349 1354 1359 1359 1359 1365 1370
    1376 1387 1392 1392 1392 1398 4911 4774 4774 4774 4708 4708 4708
    4645 5210 5132 5132 5132 5132 5132 1376 1376 1365 1359 1349 1349
    1343 1333 1328 1317 1307 1307 1302 1292 1292 1292 1292 1297 1297
    1302 1302 1307 1317 1322 1328 1328 1328 1333 1338 1349 1354 1354
    1359 1359 1370 1370 1376 1381 1387 1392 1392 1398 1398 1398 4774
    4774 4708 4708 4708 4708 5132 5132 5132 5132 5132 5132 1376 1376
    1365 1354 1349 1343 1343 1333 1322 1317 1307 1302 1297 1288 1288
    1288 1288 1292 1297 1297 1302 1302 1312 1317 1322 1328 1328 1333
    1333 1349 1349 1354 1354 1359 1365 1370 1376 1381 1387 1392 1392
    1398 1398 1404 1415 1421 4708 4708 4708 4708 5132 5132 5132 5056
    5056 5056 1376 1370 1359 1354 1349 1343 1338 1333 1322 1312 1302
    1297 1292 1288 1288 1288 1288 1292 1292 1297 1302 1302 1312 1312
    1322 1322 1328 1328 1333 1349 1349 1354 1354 1359 1359 1370 1370
    1381 1381 1392 1392 1398 1398 1404 1410 1415 1421 1427 1427 4774
    5132 5132 5132 4983 4911 4911 1376 1365 1359 1349 1349 1343 1338
    1328 1322 1312 1302 1297 1292 1288 1283 1283 1288 1288 1288 1292
    1297 1302 1312 1312 1322 1322 1328 1328 1333 1343 1349 1354 1354
    1359 1359 1365 1370 1376 1381 1387 1392 1392 1398 1404 1404 1404
    1421 1421 1421 1421 5132 5132 5132 4983 4911 4911 1365 1359 1354
    1349 1343 1338 1328 1328 1317 1307 1302 1297 1288 1283 1283 1283
    1283 1288 1288 1292 1297 1302 1312 1312 1317 1322 1328 1328 1333
    1343 1349 1349 1354 1359 1359 1365 1370 1376 1376 1381 1387 1392
    1398 1398 1398 1404 1415 1421 1421 1421 5132 5210 5210 5210 5210
    1359 1359 1359 1354 1349 1343 1338 1328 1322 1317 1302 1297 1292
    1288 1283 1283 1283 1283 1283 1288 1288 1292 1297 1307 1312 1317
    1322 1322 1328 1333 1338 1343 1349 1349 1354 1359 1359 1365 1370
    1376 1381 1387 1387 1392 1398 1398 1404 1404 1415 1421 1421 5210
    5210 5210 5291 5291 1359 1359 1354 1354 1349 1338 1333 1328 1322
    1317 1302 1297 1288 1283 1283 1278 1278 1283 1283 1288 1288 1292
    1297 1307 1312 1317 1317 1322 1328 1333 1333 1338 1349 1349 1354
    1354 1359 1365 1370 1376 1381 1381 1387 1392 1398 1398 1404 1404
    1410 1415 1421 5132 5132 5132 5132 1359 1359 1359 1354 1349 1343
    1338 1328 1322 1317 1312 1297 1292 1288 1283 1283 1278 1278 1278
    1283 1283 1288 1292 1297 1307 1307 1312 1317 1322 1328 1333 1333
    1338 1349 1349 1354 1354 1359 1365 1370 1376 1376 1381 1387 1392
    1392 1398 1398 1404 1410 1415 1415 5132 5132 5132 5132 1359 1359
    1354 1349 1349 1343 1333 1328 1322 1317 1307 1297 1288 1283 1283
    1278 1278 1278 1278 1283 1283 1288 1288 1292 1307 1307 1312 1312
    1322 1322 1328 1333 1333 1343 1349 1349 1354 1354 1359 1370 1376
    1376 1381 1381 1387 1392 1398 1398 1404 1410 1410 1415 5132 5132
    5132 5132 1359 1359 1349 1349 1343 1338 1333 1328 1322 1317 1302
    1292 1288 1283 1278 1278 1273 1273 1273 1278 1283 1288 1288 1292
    1302 1307 1312 1312 1317 1322 1328 1333 1333 1338 1349 1349 1354
    1354 1359 1365 1370 1376 1376 1381 1387 1392 1398 1398 1404 1410
    1410 1410 5056 5056 5056 0 1349 1349 1349 1343 1343 1338 1328 1322
    1322 1312 1297 1292 1288 1283 1278 1273 1268 1268 1273 1278 1283
    1283 1288 1288 1302 1307 1307 1312 1317 1322 1328 1333 1333 1338
    1343 1349 1354 1354 1359 1365 1370 1376 1376 1376 1387 1392 1398
    1398 1398 1404 1404 1404 5056 5056 5056 0 0 1349 1349 1343 1343 1333
    1328 1322 1317 1307 1292 1288 1288 1283 1273 1268 1268 1268 1268
    1278 1283 1283 1283 1288 1302 1307 1307 1307 1312 1322 1328 1333
    1333 1338 1343 1343 1349 1354 1354 1365 1370 1376 1376 1376 1387
    1392 1392 1398 1398 1404 1404 1404 5056 5056 5056 0 0 1349 1349 1343
    1338 1333 1322 1322 1312 1307 1292 1288 1283 1283 1273 1268 1268
    1268 1268 1273 1278 1278 1283 1288 1297 1302 1307 1307 1312 1322
    1328 1333 1333 1333 1343 1343 1349 1354 1354 1359 1370 1370 1376
    1376 1381 1392 1392 1398 1398 1404 1404 1410 4983 5056 0 0 0 1343
    1343 1338 1333 1328 1322 1317 1307 1292 1288 1288 1283 1278 1273
    1268 1268 1268 1268 1273 1278 1278 1283 1283 1297 1302 1307 1307
    1307 1317 1322 1328 1333 1333 1338 1343 1349 1349 1354 1359 1365
    1370 1370 1376 1381 1387 1392 1392 1398 1398 1404 1404 4983 5056 0 0
    0 1338 1338 1333 1328 1322 1317 1307 1302 1292 1288 1283 1283 1278
    1268 1268 1268 1268 1268 1273 1278 1278 1283 1283 1297 1297 1302
    1307 1307 1317 1322 1328 1333 1333 1338 1343 1343 1349 1354 1354
    1359 1365 1370 1370 1376 1381 1387 1392 1392 1398 1404 1404 4983
    5056 5056 0 1328 1328 1328 1328 1328 1322 1317 1307 1302 1288 1288
    1283 1278 1268 1264 1259 1259 1264 1268 1273 1273 1273 1278 1283
    1292 1297 1302 1307 1307 1312 1322 1328 1328 1333 1338 1343 1343
    1349 1354 1354 1359 1365 1370 1370 1376 1376 1387 1392 1392 1398
    1404 1404 4983 5056 5056 0 1328 1328 1328 1328 1322 1322 1312 1307
    1292 1288 1283 1283 1278 1268 1259 1259 1259 1264 1268 1268 1268
    1268 1273 1283 1292 1297 1297 1302 1307 1312 1317 1322 1328 1333
    1338 1338 1343 1349 1349 1354 1354 1359 1365 1370 1376 1376 1381
    1392 1392 1398 1398 1398 5056 5056 5056 0 1328 1328 1328 1322 1322
    1317 1312 1307 1292 1288 1283 1278 1268 1264 1259 1259 1259 1264
    1264 1268 1268 1268 1268 1278 1292 1292 1297 1297 1307 1312 1317
    1317 1328 1333 1333 1338 1338 1343 1349 1354 1354 1354 1365 1370
    1370 1376 1381 1387 1392 1392 1398 0 5056 5056 5056 5548 1328 1328
    1328 1322 1322 1317 1312 1292 1288 1283 1278 1273 1264 1259 1255
    1255 1255 1259 1264 1264 1268 1268 1268 1278 1288 1292 1297 1297
    1302 1307 1312 1312 1322 1328 1328 1333 1333 1343 1349 1354 1354
    1354 1359 1365 1370 1376 1376 1381 1387 1392 1392 0 5056 5132 5548
    5548 1328 1328 1328 1322 1322 1312 1307 1292 1288 1283 1278 1268
    1264 1259 1255 1255 1255 1259 1264 1264 1264 1264 1268 1278 1288
