<?xml version="1.0"?>
<opencv_storage>
<Depth0128 type_id="opencv-matrix">
  <rows>33</rows>
  <cols>7</cols>
  <dt>w</dt>
  <data>
    6622 6497 6497 6622 6622 7492 7492 6497 6497 6497 6497 6497 7492
    7492 6497 6497 6497 6497 6497 6622 7332 6497 6497 6497 6497 6497
    6497 7332 6497 6497 6497 6497 6497 6497 7332 6497 6497 6497 6497
    6497 6497 7332 6753 6497 6497 6497 6497 6497 7332 6622 6497 6497
    6497 6497 6497 7178 6622 6375 6375 6622 6622 6622 7178 0 6375 6375
    6622 6622 6622 7492 0 6622 6622 6622 6622 6622 7492 0 6753 6497 6497
    6497 6497 7660 0 6753 6497 6497 6497 6497 6622 0 6497 6497 6497 6497
    6497 6497 0 6497 6497 6497 6497 6497 6497 0 6497 6497 6497 6497 6497
    6497 0 6497 6497 6497 6497 6497 6497 0 6497 6497 6497 6497 6497 6622
    0 6622 6497 6497 6497 6497 6622 0 6889 6622 6497 6497 6497 6497 0
    6622 6497 6497 6497 6497 6497 0 6622 6497 6497 6497 6375 6375 0 6497
    6375 6375 6375 6375 6375 0 6375 6375 6375 6375 6375 6375 0 6375 6259
    6259 6375 6259 6259 0 0 6259 6259 6375 6259 6259 0 0 6375 6375 6375
    6259 6259 0 0 6375 6375 6375 6259 6259 0 6497 6497 6375 6375 6375
    6375 0 6375 6375 6375 6375 6375 6375 6146 6146 6259 6375 6375 6375
    6375 6038 6038 6038 6259 6259 6259 6259 5933 5933 6038 6146 6259
    6259 6259</data></Depth0128>
</opencv_storage>
