<?xml version="1.0"?>
<opencv_storage>
<Depth8503 type_id="opencv-matrix">
  <rows>9</rows>
  <cols>20</cols>
  <dt>w</dt>
  <data>
    6038 6038 6038 6038 6038 5933 5933 5933 6038 6146 6146 6497 7178
    7332 7332 7492 7332 7332 7332 7178 6038 6038 6038 6038 6038 6038
    6038 6038 6038 6038 6146 6146 6375 6375 7492 7492 7332 7332 7332
    7178 6038 6038 6146 6146 6038 6038 6038 6038 6038 6038 6038 6038
    6038 5933 5933 5832 5832 5933 5933 5933 6146 6146 6146 6146 6146
    6038 6038 6038 6038 6038 6038 6038 6038 5933 5933 5832 5832 5933
    5832 5832 0 6375 6375 6259 6259 6146 6038 6038 6038 5933 5933 6038
    6038 5933 5933 5933 5933 5933 5832 5832 0 0 6497 6375 6259 6146 6038
    6038 5933 5933 5832 5832 5933 5933 5933 5933 5933 5933 5832 5832 0 0
    0 0 0 0 0 6038 5640 5640 5832 5832 5933 5933 5933 5933 5933 5933
    5832 5832 0 0 0 0 0 0 0 0 5640 5640 0 0 0 5933 5933 6038 6038 5933
    5933 5933 0 0 0 0 0 0 0 0 0 0 0 0 0 0 6038 6038 6038 6038 5933 5933</data></Depth8503>
</opencv_storage>
