<?xml version="1.0"?>
<opencv_storage>
<Depth10472 type_id="opencv-matrix">
  <rows>114</rows>
  <cols>73</cols>
  <dt>w</dt>
  <data>
    3333 3333 3365 3365 3399 3399 3365 3365 3365 3365 973 970 967 967
    967 967 967 962 0 3300 3300 3300 3300 3300 3300 3269 3269 3300 3300
    3300 3333 3333 3300 3300 3333 3333 3333 3333 3333 3333 3300 3300
    3333 3333 3333 3300 3300 3300 3300 3300 3300 3300 3300 3300 3300
    3300 3300 3300 3300 3300 3300 3300 3300 3300 3300 3269 3269 3300
    3300 3300 3300 3300 3300 3333 3333 0 0 0 3433 3399 3399 3433 973 973
    970 967 967 964 962 962 962 959 959 954 948 946 3300 3300 3300 3300
    3300 3300 946 3300 3300 3300 3300 3333 3365 3365 3399 3399 3399 3399
    3399 3399 3333 3333 3333 3333 3300 3300 3333 3300 3300 3300 3300
    3300 3300 3300 3300 3300 3300 3300 3300 3300 3300 3269 3269 3269
    3333 3333 3333 3300 3300 3333 3333 0 0 0 0 0 0 967 967 967 967 964
    962 962 959 959 959 959 959 959 954 948 946 946 948 946 943 943 946
    946 948 951 951 956 956 956 948 946 946 951 951 951 3333 3333 3333
    3333 3333 3333 3333 3333 3300 3269 3269 3300 938 938 940 3300 3300
    3300 3300 3300 3300 3300 3269 3269 3269 3333 3333 3333 3333 3333
    3300 0 0 0 0 0 0 0 967 964 964 962 962 959 959 956 956 956 956 956
    956 954 948 946 946 948 946 943 943 946 946 948 951 951 956 956 956
    948 946 946 951 951 951 935 940 940 940 940 940 3333 3333 3300 3269
    3269 3365 938 938 938 938 938 915 915 3300 3300 3300 3300 3300 3300
    3333 3333 3333 3333 3333 3300 0 0 0 0 0 0 970 967 964 962 962 959
    959 956 956 956 954 954 954 954 954 948 946 946 948 946 943 943 946
    946 946 948 951 954 948 948 940 940 940 951 951 935 935 935 935 940
    940 918 918 918 938 935 935 935 935 935 938 938 915 915 915 915 915
    915 915 913 913 3333 3333 3333 3333 3333 0 0 0 0 0 0 0 970 970 967
    962 959 959 956 956 956 954 954 954 951 951 951 951 951 948 948 946
    943 943 943 943 943 943 940 940 933 933 933 933 930 930 930 930 930
    935 935 935 918 918 918 918 938 938 935 935 928 928 938 918 915 915
    915 915 915 915 915 913 913 910 910 3399 3399 0 0 0 0 0 0 0 970 970
    970 967 962 959 959 956 956 956 954 951 951 948 948 948 948 948 948
    948 943 940 940 940 940 938 938 935 933 930 930 930 930 928 928 928
    928 928 923 920 920 918 918 918 918 918 918 920 918 915 915 915 913
    913 913 913 913 913 915 915 913 913 910 910 908 908 0 0 0 0 0 0 0
    970 970 970 967 962 959 959 959 956 956 954 951 951 948 948 948 948
    948 948 946 943 940 940 940 940 938 933 933 930 930 930 928 928 928
    925 925 925 923 920 920 918 918 918 918 918 918 918 915 913 913 913
    910 910 910 910 910 910 910 913 913 910 910 908 903 898 896 896 0 0
    0 0 0 0 970 970 970 967 964 962 959 959 959 956 956 954 951 948 948
    948 948 951 948 946 943 940 940 940 940 938 933 933 930 930 930 928
    928 928 925 925 925 920 920 920 918 918 918 918 918 915 915 913 910
    910 910 910 908 908 908 908 908 908 908 908 906 901 901 898 896 894
    894 891 0 0 0 0 0 970 970 970 967 964 964 962 962 959 959 956 954
    951 948 948 948 948 951 948 946 943 943 940 940 940 938 935 933 933
    930 930 928 928 928 925 925 925 920 920 920 918 918 918 918 918 915
    915 913 910 910 908 908 908 908 906 906 906 903 903 903 903 901 898
    896 896 894 894 891 0 0 0 0 0 970 970 970 967 964 964 964 962 962
    959 956 956 951 951 951 951 951 951 948 946 946 943 940 940 940 938
    935 933 933 933 930 930 928 928 928 925 925 923 920 920 920 918 918
    918 918 918 915 913 910 910 908 908 908 908 906 906 906 903 903 903
    903 901 898 896 894 894 894 894 0 0 0 0 0 973 970 970 967 964 964
    964 959 959 959 956 956 954 951 951 951 951 951 948 948 946 946 943
    940 940 938 935 935 935 933 930 930 928 928 928 928 928 923 920 920
    920 918 918 918 918 918 915 913 910 910 910 908 908 908 906 906 906
    903 903 903 903 901 898 896 894 894 894 894 0 0 0 0 0 973 973 970
    970 967 964 964 959 959 959 959 956 954 951 951 951 951 951 948 948
    948 946 943 940 940 938 938 938 935 933 930 930 930 928 928 928 928
    925 925 920 920 918 918 918 918 918 915 913 910 910 910 908 908 908
    906 906 906 903 903 901 901 901 901 898 896 894 894 894 0 0 0 0 0
    973 973 970 970 967 967 964 962 962 959 959 956 956 954 951 951 951
    951 951 948 948 946 943 940 940 940 938 938 938 935 933 933 930 930
    928 928 928 925 925 923 920 920 920 918 918 918 915 913 910 910 910
    908 908 908 906 906 906 903 903 901 901 901 901 898 898 894 891 891
    0 0 0 0 0 975 975 973 970 967 967 964 964 962 959 959 956 956 956
    954 951 951 951 951 948 948 946 946 943 940 940 940 938 938 935 933
    933 930 930 930 928 928 928 925 923 920 920 920 918 918 918 918 913
    913 910 910 910 908 908 906 906 906 906 903 901 901 901 901 901 898
    894 891 891 0 0 0 0 0 975 975 973 967 967 967 964 964 962 959 959
    959 956 956 956 954 954 951 951 951 948 946 946 943 940 940 940 940
    938 938 935 935 933 930 930 930 928 928 925 925 923 923 920 918 918
    918 918 913 913 913 910 910 908 908 906 906 906 906 903 901 901 901
    901 901 898 894 894 891 0 0 0 0 0 973 973 973 967 967 967 964 964
    962 962 959 959 956 956 956 954 954 951 951 951 948 948 946 943 940
    940 940 940 938 938 938 935 933 933 930 930 928 928 925 925 923 923
    920 920 918 918 918 918 915 913 910 910 908 908 908 908 906 906 906
    903 901 901 901 901 898 894 894 894 0 0 0 0 0 973 973 973 967 967
    967 964 964 964 962 962 959 956 956 956 954 954 954 951 951 951 948
    948 946 940 940 940 940 938 938 938 938 935 933 930 930 928 928 925
    925 925 923 923 920 920 920 918 918 915 913 910 910 910 908 908 908
    908 908 906 903 901 901 901 898 896 894 894 894 0 0 0 0 0 978 975
    973 967 967 967 964 964 964 962 962 959 956 956 956 954 954 954 954
    951 951 948 948 946 943 940 940 940 940 938 938 938 938 933 930 930
    930 928 928 925 925 925 923 923 920 920 918 918 915 913 910 910 910
    908 908 908 910 910 908 906 901 901 901 898 896 896 896 896 0 0 0 0
    0 978 975 973 970 967 967 967 964 964 962 959 959 959 956 956 956
    956 954 954 951 951 948 948 946 943 940 940 940 940 940 938 938 935
    933 933 930 930 928 928 928 928 925 925 923 920 920 918 918 918 915
    913 910 910 908 908 908 910 910 908 903 901 901 901 901 898 896 896
    896 0 0 0 0 0 978 975 973 970 970 970 967 964 964 962 959 959 959
    956 956 956 956 956 954 951 951 948 948 946 943 940 940 940 940 940
    938 938 935 933 933 930 930 928 928 928 928 925 925 923 923 920 918
    918 915 915 913 910 910 908 908 908 910 910 908 903 901 901 901 901
    898 896 894 894 0 0 0 0 978 978 978 975 973 970 970 967 964 964 962
    959 959 959 956 956 956 956 956 956 954 951 948 948 946 946 943 940
    940 940 940 938 938 938 935 933 930 930 928 928 928 925 925 925 923
    923 920 918 918 915 915 913 910 910 910 908 908 910 908 908 906 903
    903 901 901 898 896 891 891 0 0 0 0 978 978 978 975 973 973 967 967
    967 964 962 959 959 959 956 956 956 956 956 956 954 951 948 948 946
    946 943 943 940 940 940 938 938 938 935 933 930 930 930 928 928 925
    925 925 923 923 920 918 918 915 915 913 910 910 910 910 910 910 908
    908 908 903 903 901 901 898 896 891 891 0 0 0 0 978 978 978 978 975
    970 967 967 967 967 962 962 959 959 956 956 956 956 956 956 954 951
    948 948 946 946 946 943 943 940 940 940 938 938 935 933 933 930 930
    928 928 928 925 925 925 925 920 920 918 918 915 913 910 910 910 910
    910 910 908 908 908 906 903 901 901 901 898 894 894 0 0 0 0 978 978
    978 978 975 970 970 967 967 967 964 962 962 959 959 956 956 956 956
    956 954 954 951 948 948 948 948 946 943 940 940 940 938 938 938 935
    933 933 930 930 928 928 928 925 925 925 920 920 918 918 915 913 913
    910 910 910 910 910 908 908 908 903 903 903 901 901 901 896 896 0 0
    0 0 0 978 978 978 973 970 970 970 967 967 967 964 962 962 959 959
    956 956 956 954 951 951 951 951 951 948 948 946 946 943 940 940 940
