<?xml version="1.0"?>
<opencv_storage>
<Depth5787 type_id="opencv-matrix">
  <rows>59</rows>
  <cols>43</cols>
  <dt>w</dt>
  <data>
    5132 5132 5132 5132 5210 5210 1696 1696 1696 1688 1680 1680 1680
    1688 1688 1680 1671 1663 1663 1671 1671 1671 1680 1680 1680 1680
    1671 1671 1671 1663 1655 1655 1663 1663 1663 1671 1671 1671 1671
    1671 1671 1671 1671 5132 5132 5132 5132 1688 1688 1696 1696 1696
    1688 1680 1680 1680 1680 1680 1688 1680 1680 1671 1671 1671 1671
    1680 1680 1671 1671 1671 1671 1671 1663 1655 1655 1663 1663 1663
    1663 1663 1663 1663 1663 1663 1671 1671 5210 5210 1688 1688 1688
    1688 1688 1688 1688 1688 1680 1680 1680 1680 1680 1680 1671 1671
    1671 1680 1671 1671 1680 1680 1671 1671 1671 1671 1671 1671 1663
    1663 1663 1663 1663 1663 1663 1663 1663 1663 1663 1663 1663 5132
    5132 1671 1671 1671 1680 1688 1688 1688 1688 1680 1680 1671 1671
    1671 1680 1671 1671 1671 1671 1671 1671 1671 1671 1671 1671 1671
    1671 1671 1671 1663 1663 1663 1663 1663 1663 1663 1663 1663 1663
    1663 1655 1655 4911 0 1671 1671 1671 1680 1688 1688 1688 1688 1680
    1680 1671 1671 1671 1671 1663 1663 1671 1671 1671 1671 1671 1671
    1671 1671 1671 1671 1671 1671 1663 1663 1663 1663 1663 1663 1663
    1655 1655 1655 1655 1655 1655 4911 0 1680 1680 1680 1680 1688 1688
    1688 1680 1680 1680 1680 1671 1671 1671 1663 1663 1663 1663 1663
    1663 1671 1671 1671 1671 1671 1671 1663 1663 1663 1663 1663 1663
    1663 1663 1655 1655 1655 1647 1647 1647 1655 4911 0 1688 1680 1680
    1680 1680 1680 1680 1671 1671 1671 1680 1671 1671 1663 1663 1663
    1663 1663 1663 1663 1671 1671 1663 1663 1663 1663 1663 1663 1663
    1663 1663 1663 1655 1655 1655 1647 1647 1647 1647 1647 1647 5056 0
    1688 1688 1688 1688 1680 1680 1680 1671 1671 1671 1671 1671 1663
    1663 1663 1663 1663 1663 1663 1663 1671 1671 1663 1663 1663 1663
    1663 1663 1663 1663 1663 1663 1655 1655 1655 1647 1647 1639 1639
    1639 1639 5132 1688 1688 1688 1688 1688 1680 1680 1680 1671 1671
    1663 1663 1663 1663 1663 1663 1663 1663 1663 1663 1663 1663 1663
    1663 1663 1663 1663 1663 1655 1655 1663 1663 1655 1655 1647 1647
    1639 1639 1639 1639 1639 1639 5132 1688 1688 1688 1688 1688 1680
    1680 1680 1671 1671 1663 1663 1663 1663 1663 1663 1663 1663 1663
    1663 1663 1663 1663 1663 1663 1663 1663 1655 1655 1655 1655 1655
    1655 1647 1647 1647 1639 1639 1639 1639 1639 1639 4911 1688 1688
    1688 1688 1688 1680 1680 1671 1663 1663 1663 1663 1663 1663 1663
    1663 1663 1655 1655 1655 1655 1663 1663 1663 1663 1655 1655 1655
    1647 1647 1647 1647 1647 1647 1647 1647 1639 1639 1639 1639 1639
    1639 4911 1688 1688 1688 1688 1680 1671 1671 1663 1663 1663 1663
    1663 1663 1663 1655 1655 1655 1655 1655 1655 1655 1663 1663 1655
    1655 1655 1655 1655 1647 1647 1647 1639 1639 1639 1639 1639 1639
    1639 1639 1639 1639 1639 4911 1680 1680 1680 1680 1680 1671 1671
    1663 1663 1663 1663 1663 1663 1663 1655 1655 1655 1655 1655 1655
    1655 1655 1655 1655 1655 1655 1655 1655 1647 1647 1647 1639 1639
    1639 1639 1639 1639 1639 1639 1639 1639 1639 4911 1671 1671 1671
    1671 1671 1671 1663 1663 1663 1663 1663 1663 1663 1663 1655 1655
    1655 1655 1655 1655 1655 1647 1647 1647 1647 1647 1647 1647 1647
    1647 1639 1639 1639 1639 1639 1639 1639 1639 1632 1632 1632 1632
    4911 1671 1671 1671 1671 1671 1663 1663 1663 1663 1655 1655 1655
    1655 1655 1655 1655 1655 1655 1655 1655 1655 1647 1647 1647 1647
    1647 1647 1639 1639 1647 1639 1639 1639 1639 1639 1639 1639 1632
    1632 1632 1632 1632 4708 4708 1663 1663 1663 1663 1663 1663 1663
    1663 1655 1655 1655 1655 1655 1655 1655 1647 1647 1647 1655 1655
    1647 1647 1639 1639 1639 1647 1639 1639 1639 1639 1639 1639 1639
    1639 1639 1632 1632 1632 1632 1632 1632 4645 4645 1655 1655 1663
    1663 1663 1663 1663 1663 1655 1655 1655 1655 1655 1655 1655 1647
    1647 1647 1647 1647 1647 1639 1639 1639 1639 1639 1647 1639 1639
    1639 1639 1639 1639 1632 1632 1632 1632 1632 1632 1632 1632 4645
    4645 1655 1655 1663 1663 1663 1655 1655 1655 1655 1655 1655 1655
    1655 1655 1647 1647 1639 1639 1647 1647 1647 1639 1639 1639 1639
    1639 1639 1639 1639 1639 1639 1639 1639 1632 1632 1632 1632 1624
    1624 1632 1632 4645 4645 1655 1655 1663 1663 1663 1655 1655 1655
    1655 1655 1655 1647 1647 1647 1647 1647 1639 1639 1639 1639 1647
    1639 1639 1639 1639 1639 1639 1639 1639 1639 1639 1639 1632 1632
    1632 1624 1624 1624 1624 1624 1639 4582 4582 1655 1655 1663 1663
    1663 1655 1655 1655 1655 1655 1647 1647 1647 1647 1647 1647 1639
    1632 1632 1639 1639 1639 1639 1639 1639 1639 1639 1639 1639 1639
    1639 1639 1632 1632 1632 1624 1624 1624 1624 1624 1624 4582 4582
    1663 1663 1663 1663 1663 1655 1655 1647 1647 1647 1647 1647 1647
    1639 1639 1639 1639 1632 1632 1639 1639 1639 1639 1639 1639 1639
    1639 1639 1639 1639 1639 1632 1632 1632 1632 1624 1624 1616 1616
    1616 1616 5132 1655 1655 1655 1663 1655 1655 1655 1655 1647 1647
    1647 1647 1647 1639 1639 1639 1632 1632 1632 1632 1639 1639 1639
    1639 1632 1632 1632 1632 1639 1639 1639 1639 1632 1632 1632 1632
    1624 1624 1616 1609 1609 1609 5132 1655 1655 1655 1663 1647 1647
    1655 1655 1655 1655 1647 1647 1647 1639 1639 1639 1632 1632 1632
    1632 1639 1639 1639 1639 1632 1632 1632 1632 1632 1632 1632 1632
    1632 1632 1632 1624 1624 1624 1616 1609 1609 1609 4983 1663 1663
    1663 1647 1647 1647 1647 1647 1647 1647 1647 1647 1647 1639 1639
    1639 1639 1639 1639 1639 1639 1639 1639 1632 1632 1632 1632 1632
    1632 1632 1632 1632 1632 1632 1632 1624 1624 1616 1616 1616 1616
    1616 0 0 1663 1663 1647 1647 1647 1647 1647 1647 1639 1639 1639 1639
    1639 1632 1632 1632 1632 1632 1632 1639 1639 1632 1632 1632 1632
    1632 1632 1632 1632 1632 1632 1632 1632 1632 1624 1616 1616 1616
    1616 1624 1624 0 0 1655 1655 1647 1647 1647 1639 1639 1639 1632 1632
    1632 1639 1639 1632 1632 1632 1632 1632 1632 1632 1632 1632 1632
    1632 1632 1632 1632 1632 1632 1632 1632 1632 1624 1624 1616 1616
    1616 1609 1609 1609 4983 4842 0 1655 1655 1647 1647 1647 1639 1632
    1632 1632 1632 1632 1632 1632 1632 1632 1632 1624 1624 1624 1632
    1632 1632 1632 1632 1632 1632 1624 1624 1624 1624 1624 1624 1624
    1624 1616 1616 1609 1609 1609 1609 4983 4842 1639 1647 1647 1647
    1647 1639 1639 1632 1632 1632 1632 1632 1632 1632 1632 1632 1632
    1624 1624 1624 1632 1632 1624 1624 1624 1624 1624 1624 1624 1624
    1624 1616 1616 1609 1609 1609 1609 1609 1601 1601 1616 1616 4842
    1639 1639 1639 1639 1639 1639 1632 1632 1632 1632 1632 1632 1632
    1632 1632 1632 1632 1624 1624 1624 1632 1632 1624 1624 1624 1624
    1624 1624 1624 1624 1616 1609 1609 1609 1609 1609 1609 1609 1601
    1601 1616 1616 1647 1647 1639 1639 1639 1639 1639 1632 1632 1632
    1632 1632 1632 1632 1632 1624 1624 1624 1624 1624 1624 1624 1624
    1624 1616 1616 1616 1616 1624 1624 1624 1616 1609 1609 1609 1609
    1609 1609 1609 1601 1601 1616 1616 4911 1647 1639 1639 1639 1632
    1632 1632 1632 1632 1632 1632 1632 1632 1624 1624 1624 1624 1624
    1624 1624 1624 1624 1616 1616 1616 1609 1609 1616 1616 1616 1609
    1609 1609 1609 1609 1609 1609 1609 1609 1609 1609 1609 4911 1647
    1639 1639 1639 1632 1632 1632 1632 1632 1632 1632 1632 1632 1624
    1624 1624 1624 1624 1624 1624 1624 1624 1616 1609 1609 1609 1609
    1609 1609 1609 1609 1609 1609 1609 1609 1601 1601 1609 1601 1601
    1609 1609 4911 1647 1639 1639 1639 1639 1632 1632 1632 1632 1632
    1624 1624 1624 1624 1624 1624 1624 1624 1624 1624 1624 1616 1609
    1609 1609 1609 1609 1609 1609 1609 1609 1609 1609 1609 1609 1601
    1601 1601 1601 1601 1601 1601 4842 1639 1639 1639 1639 1632 1632
    1632 1632 1632 1632 1624 1624 1624 1624 1624 1624 1624 1624 1624
    1624 1624 1616 1609 1609 1609 1609 1609 1609 1609 1609 1609 1609
    1609 1609 1601 1601 1601 1601 1601 1601 1601 1601 4842 1639 1639
    1632 1632 1632 1624 1624 1624 1632 1632 1624 1624 1624 1624 1624
