<?xml version="1.0"?>
<opencv_storage>
<Depth16306 type_id="opencv-matrix">
  <rows>50</rows>
  <cols>30</cols>
  <dt>w</dt>
  <data>
    2078 2078 2078 2078 2065 2065 2065 2065 2065 2065 2053 2040 2028
    2016 2016 2016 2016 2090 2090 2090 2103 2103 2143 2143 2156 2156
    2170 3333 3365 3399 2078 2078 2078 2078 2065 2065 2065 2053 2053
    2040 2040 2028 2016 2005 2005 2016 2040 2065 2065 2078 2090 2090
    2103 2116 2116 2129 2170 2184 2184 3399 2078 2078 2078 2078 2065
    2065 2065 2053 2053 2040 2028 2028 2005 2005 2005 2005 2028 2040
    2053 2065 2078 2078 2090 2103 2103 2116 2143 2156 2170 2184 2090
    2078 2078 2078 2065 2065 2065 2053 2040 2028 2028 2016 2005 2005
    2005 2005 2028 2028 2040 2065 2078 2078 2090 2103 2103 2116 2143
    2143 2156 2184 2090 2078 2078 2065 2065 2065 2065 2040 2040 2028
    2028 2016 2005 2005 2005 2005 2028 2028 2040 2053 2065 2078 2090
    2103 2116 2129 2143 2143 2143 3433 2090 2078 2078 2065 2065 2065
    2053 2040 2028 2028 2028 2016 2005 2005 2005 2005 2028 2028 2040
    2053 2065 2065 2090 2090 2116 2129 2143 2143 2143 2143 2090 2078
    2078 2065 2065 2065 2053 2040 2028 2028 2028 2016 2016 2005 2005
    2016 2028 2028 2040 2053 2065 2065 2090 2090 2116 2129 2129 2143
    2143 2143 2090 2078 2078 2065 2065 2065 2053 2040 2028 2028 2028
    2016 2016 2005 2005 2016 2028 2028 2040 2053 2053 2065 2090 2090
    2103 2129 2129 2129 2129 2129 2078 2078 2078 2065 2065 2053 2053
    2040 2028 2028 2028 2016 2016 2016 2016 2016 2016 2016 2028 2040
    2053 2065 2090 2090 2103 2129 2129 2129 2129 2116 2078 2078 2078
    2065 2065 2053 2053 2040 2040 2028 2028 2016 2005 2005 2016 2016
    2016 2016 2028 2040 2053 2065 2090 2090 2103 2116 2129 2129 2129
    2116 2078 2078 2065 2065 2065 2053 2040 2040 2028 2028 2016 2016
    2005 2005 2016 2016 2016 2016 2028 2040 2053 2065 2090 2090 2103
    2116 2129 2129 2129 2116 2078 2065 2065 2065 2053 2053 2040 2028
    2028 2028 2016 2016 2005 2005 2005 2016 2016 2016 2028 2040 2053
    2065 2090 2090 2116 2116 2129 2129 2129 2116 2065 2065 2065 2065
    2053 2053 2040 2028 2028 2028 2016 2016 2005 2005 2005 2016 2016
    2028 2028 2040 2053 2065 2090 2090 2103 2116 2129 2129 2143 2129
    2065 2065 2065 2065 2065 2053 2040 2028 2028 2028 2016 2016 2005
    2005 2016 2016 2016 2028 2028 2040 2053 2065 2090 2090 2103 2116
    2129 2129 2143 2143 2053 2053 2065 2065 2065 2053 2040 2028 2028
    2028 2016 2016 2005 2005 2016 2016 2016 2028 2028 2040 2053 2065
    2090 2090 2103 2116 2129 2129 2143 2143 2053 2053 2065 2065 2065
    2053 2040 2028 2028 2016 2016 2016 2005 2005 2005 2016 2016 2028
    2028 2040 2053 2065 2090 2090 2103 2116 2129 2129 2143 2143 2053
    2053 2065 2065 2053 2040 2028 2028 2028 2016 2016 2005 2005 2005
    2005 2016 2016 2028 2028 2040 2065 2065 2090 2090 2103 2116 2129
    2129 2143 2156 2053 2053 2065 2065 2053 2040 2028 2028 2016 2016
    2016 2005 2005 2005 2005 2016 2016 2016 2028 2040 2053 2065 2090
    2090 2103 2116 2129 2129 2143 2143 2078 2078 2065 2065 2053 2040
    2028 2028 2016 2016 2016 2005 2005 2005 2005 2016 2016 2016 2028
    2040 2053 2065 2090 2090 2103 2116 2129 2129 2129 2129 2078 2078
    2065 2065 2053 2040 2028 2016 2016 2016 2016 2005 2005 2005 2005
    2016 2016 2016 2028 2028 2053 2065 2078 2090 2103 2116 2129 2129
    2129 2116 2078 2065 2065 2065 2053 2028 2028 2016 2016 2016 2016
    1993 1993 2005 2005 2016 2016 2016 2028 2028 2040 2053 2078 2090
    2103 2116 2116 2129 2116 2116 2065 2065 2065 2053 2040 2028 2028
    2016 2016 2016 2005 1993 1993 1993 2005 2016 2016 2016 2028 2028
    2040 2053 2078 2090 2090 2103 2116 2129 2116 2116 2053 2065 2065
    2053 2040 2028 2028 2016 2016 2016 2005 1981 1981 1993 1993 2005
    2016 2016 2028 2028 2028 2053 2078 2078 2090 2103 2103 2116 2116
    2116 2053 2065 2065 2053 2040 2028 2028 2016 2016 2005 1993 1981
    1981 1993 1993 2005 2016 2016 2028 2028 2028 2053 2078 2078 2090
    2103 2103 2116 2116 2143 2065 2065 2053 2053 2028 2028 2028 2016
    2016 2005 1993 1981 1981 1981 1993 2005 2016 2016 2028 2028 2028
    2053 2078 2078 2090 2090 2103 2116 2116 2143 2065 2065 2053 2053
    2028 2028 2016 2016 2016 2005 1993 1981 1981 1981 1981 2005 2016
    2016 2016 2028 2028 2053 2078 2090 2090 2090 2090 2103 2116 2143
    2078 2065 2053 2040 2040 2028 2016 2016 2005 2005 1993 1981 1981
    1981 1981 2005 2005 2016 2016 2028 2040 2053 2078 2090 2090 2090
    2090 2103 2116 2143 2078 2053 2053 2040 2040 2028 2016 2016 2005
    2005 1993 1981 1981 1981 1993 1993 2005 2005 2016 2028 2040 2053
    2078 2078 2090 2090 2090 2103 2116 2116 2040 2040 2040 2040 2028
    2028 2016 2016 2005 2005 1993 1981 1981 1981 1993 1993 2005 2005
    2016 2028 2028 2040 2065 2078 2090 2090 2090 2103 2116 2116 2040
    2040 2040 2040 2028 2028 2016 2016 2005 2005 1993 1981 1981 1981
    1993 1993 1993 2005 2016 2028 2028 2040 2065 2078 2090 2103 2103
    2103 2103 2143 2040 2040 2040 2028 2028 2016 2016 2016 2005 2005
    1981 1981 1981 1981 1981 1993 1993 2005 2016 2028 2028 2028 2053
    2078 2090 2103 2103 2103 2103 2103 2040 2040 2028 2028 2016 2016
    2016 2005 2005 1981 1981 1981 1981 1981 1981 1993 1993 2005 2005
    2016 2028 2028 2053 2065 2090 2090 2103 2103 2103 2103 2040 2040
    2028 2028 2016 2016 2016 2005 1993 1981 1981 1981 1981 1981 1981
    1993 1993 2005 2005 2016 2028 2028 2053 2065 2078 2090 2103 2103
    2103 2103 2040 2028 2028 2028 2016 2016 2005 2005 1993 1981 1981
    1970 1970 1970 1981 1993 1993 2005 2005 2016 2028 2028 2053 2065
    2078 2090 2090 2103 2103 2103 2040 2028 2028 2028 2016 2016 2005
    1993 1981 1981 1970 1970 1970 1970 1981 1993 1993 2005 2005 2016
    2016 2028 2053 2065 2078 2090 2090 2103 2103 2129 2040 2028 2028
    2028 2016 2016 2005 1993 1981 1981 1970 1970 1970 1970 1981 1993
    1993 2005 2005 2016 2016 2028 2053 2065 2065 2078 2090 2103 2116
    2129 2028 2028 2028 2028 2016 2016 1981 1981 1970 1970 1970 1970
    1970 1981 1981 1981 1993 2005 2005 2016 2016 2028 2053 2065 2065
    2078 2090 2116 2116 2129 2016 2028 2028 2028 2016 2005 1981 1981
    1970 1970 1970 1970 1970 1970 1981 1981 1993 1993 2005 2005 2016
    2028 2053 2065 2078 2078 2090 2116 2116 2143 2016 2028 2028 2028
    2016 2005 1981 1981 1981 1970 1970 1970 1970 1970 1981 1981 1981
    1981 2005 2005 2016 2028 2053 2065 2078 2090 2090 2103 2103 4190
    2028 2028 2028 2028 2016 2005 1981 1981 1981 1970 1970 1970 1970
    1970 1981 1981 1981 1981 2005 2016 2016 2028 2053 2065 2078 2078
    2090 2090 2103 4241 2028 2028 2028 2028 2016 2005 1993 1981 1981
    1970 1970 1970 1970 1970 1970 1981 1981 1981 2005 2016 2016 2028
    2053 2053 2078 2078 2090 2090 2090 4241 2028 2016 2016 2016 2016
    2005 1993 1981 1981 1970 1970 1970 1970 1970 1970 1981 1981 1981
    2005 2016 2016 2028 2053 2053 2065 2078 2090 2090 2090 4241 2028
    2016 2016 2016 2016 1993 1981 1981 1970 1970 1970 1970 1970 1970
    1970 1981 1981 1981 2005 2016 2016 2028 2053 2053 2065 2078 2090
    2090 2090 4241 2028 2016 2016 2016 2005 1981 1981 1970 1970 1970
    1970 1970 1970 1970 1970 1970 1981 1981 1993 2016 2016 2028 2040
    2053 2065 2078 2090 2090 2090 4241 2028 2028 2028 2016 2005 1981
    1981 1970 1970 1970 1959 1959 1970 1970 1970 1970 1970 1981 1993
    2016 2016 2028 2040 2053 2065 2078 2090 2090 2116 4241 2028 2028
    2016 2016 2005 1981 1981 1981 1970 1970 1959 1959 1959 1959 1970
    1970 1970 1981 1993 2005 2016 2028 2040 2053 2065 2078 2090 2090
    2116 4089 2028 2028 2016 2016 1993 1981 1981 1981 1970 1970 1959
    1959 1959 1959 1970 1970 1970 1981 1993 2005 2016 2028 2040 2053
    2065 2078 2090 2090 4089 4089 2028 2028 2016 2016 1981 1981 1981
    1970 1970 1970 1959 1959 1959 1959 1970 1970 1970 1981 2005 2016
    2016 2028 2053 2078 2103 2103 2103 4190 4139 4139 0 2028 2005 2005
    1981 1981 1981 1970 1970 1970 1959 1959 1959 1959 1959 1970 1981
    1993 2005 2016 2028 2028 2090 2090 2116 2129 4295 4190 4190 4190 0 0
