<?xml version="1.0"?>
<opencv_storage>
<Depth8610 type_id="opencv-matrix">
  <rows>86</rows>
  <cols>52</cols>
  <dt>w</dt>
  <data>
    4139 4139 4139 4139 4139 4139 4139 1433 1433 1427 1427 4241 4241
    4241 4349 4349 4349 4295 4295 4295 4295 4295 1354 1354 1354 1349
    1338 1338 1333 1333 1338 1433 1427 1404 1398 1398 1387 1387 1387
    1387 1387 4774 1392 1392 1404 1404 1404 4774 4774 4774 4842 4842
    4139 4190 4139 4139 4139 1452 1439 1433 1427 1427 1421 1415 1415
    4349 4349 4349 4349 1376 1365 1365 1359 1359 1354 1354 1354 1349
    1349 1338 1333 1333 1333 1333 1333 1338 1349 1349 1354 1376 1376
    1376 1376 1381 1381 1392 1392 1398 1404 1404 4842 4842 4842 4911
    1445 4139 4139 4139 4139 1445 1439 1427 1427 1421 1415 1410 1404
    1404 1392 1387 1387 1376 1365 1365 1359 1359 1354 1349 1349 1349
    1349 1338 1333 1328 1328 1328 1333 1333 1343 1343 1349 1349 1359
    1370 1370 1370 1381 1392 1392 1398 1404 1404 4842 4842 4842 4911
    1445 1433 1433 1445 1439 1433 1421 1421 1421 1410 1410 1404 1398
    1398 1387 1387 1381 1376 1370 1365 1359 1359 1349 1343 1343 1338
    1338 1328 1322 1317 1317 1317 1322 1328 1338 1343 1343 1349 1354
    1365 1370 1370 1381 1387 1392 1392 1392 4842 4911 4911 4842 4842
    1445 1433 1433 1433 1433 1433 1421 1421 1415 1404 1404 1398 1392
    1387 1381 1381 1376 1370 1370 1365 1359 1354 1343 1338 1338 1333
    1333 1322 1317 1317 1317 1317 1317 1322 1333 1338 1343 1343 1354
    1365 1370 1370 1381 1387 1387 1392 1392 4842 4842 4842 4842 4842
    1445 1439 1439 1433 1427 1427 1421 1415 1410 1404 1398 1392 1387
    1387 1381 1381 1376 1370 1365 1365 1359 1349 1343 1338 1338 1333
    1328 1322 1317 1317 1317 1317 1317 1322 1328 1333 1338 1343 1349
    1365 1370 1370 1381 1387 1387 1387 1387 4842 4842 4842 4842 4842
    1452 1439 1439 1433 1427 1427 1421 1415 1404 1404 1398 1392 1387
    1387 1381 1376 1376 1365 1365 1359 1354 1349 1343 1343 1338 1333
    1328 1322 1322 1317 1317 1317 1317 1322 1328 1333 1338 1343 1349
    1365 1370 1370 1376 1381 1387 1387 1387 1387 4911 4911 4911 4911
    1452 1445 1439 1433 1427 1427 1421 1421 1404 1404 1398 1398 1387
    1387 1381 1376 1370 1365 1365 1359 1354 1349 1343 1343 1338 1333
    1328 1322 1322 1317 1317 1317 1317 1322 1328 1333 1338 1343 1349
    1365 1370 1376 1376 1381 1387 1392 1392 1404 4911 4911 4911 4911
    1452 1452 1439 1433 1433 1427 1421 1421 1404 1404 1398 1398 1392
    1387 1381 1376 1370 1370 1365 1365 1359 1349 1349 1343 1338 1338
    1333 1322 1322 1317 1317 1317 1317 1322 1328 1333 1338 1343 1349
    1365 1370 1376 1376 1381 1387 1392 1404 1404 4911 4911 4842 4842
    1458 1452 1445 1439 1433 1427 1421 1421 1404 1404 1398 1398 1392
    1387 1381 1376 1376 1370 1365 1365 1359 1354 1349 1343 1338 1338
    1338 1328 1322 1317 1317 1317 1322 1322 1333 1338 1343 1349 1349
    1359 1370 1370 1376 1381 1387 1392 1404 1404 1404 4774 4774 4774
    1470 1452 1439 1439 1433 1427 1427 1415 1410 1404 1404 1398 1392
    1392 1387 1381 1376 1370 1365 1365 1359 1354 1349 1343 1338 1338
    1338 1333 1322 1317 1317 1317 1322 1322 1333 1343 1343 1349 1349
    1359 1365 1370 1376 1381 1387 1392 1392 1392 0 4774 4774 4774 3774
    1445 1439 1439 1433 1427 1427 1415 1410 1404 1404 1398 1392 1387
    1387 1381 1376 1376 1365 1365 1359 1354 1349 1343 1338 1338 1333
    1333 1322 1317 1317 1317 1322 1322 1333 1343 1343 1349 1349 1359
    1365 1370 1376 1381 1387 1392 1392 1392 0 4774 4774 4774 1445 1445
    1439 1433 1433 1427 1427 1427 1410 1404 1404 1398 1392 1387 1387
    1381 1376 1376 1365 1359 1354 1354 1349 1343 1338 1338 1333 1328
    1328 1317 1317 1317 1317 1317 1328 1343 1343 1349 1349 1354 1365
    1370 1376 1381 1387 1392 1392 1392 0 4774 4774 4774 1445 1445 1439
    1433 1433 1427 1427 1427 1410 1404 1398 1398 1392 1387 1387 1381
    1376 1376 1365 1359 1354 1354 1349 1343 1338 1338 1333 1328 1328
    1317 1317 1317 1317 1317 1328 1333 1343 1343 1349 1354 1365 1370
    1370 1376 1387 1392 1392 1392 0 4842 4842 4842 1452 1452 1445 1433
    1433 1433 1427 1415 1410 1404 1398 1398 1392 1387 1387 1381 1381
    1376 1365 1365 1359 1359 1349 1343 1338 1338 1333 1333 1328 1322
    1317 1317 1317 1317 1328 1333 1343 1343 1349 1354 1365 1365 1370
    1376 1387 1387 1387 1387 0 4842 4842 4842 1458 1458 1452 1445 1439
    1433 1427 1415 1410 1410 1404 1398 1392 1387 1387 1381 1381 1376
    1370 1365 1359 1359 1349 1349 1338 1338 1333 1333 1328 1322 1317
    1317 1317 1317 1328 1328 1343 1343 1349 1365 1365 1365 1370 1376
    1387 1387 1387 1387 1404 4842 4842 4842 1458 1458 1452 1445 1439
    1433 1427 1415 1410 1410 1404 1398 1398 1387 1387 1387 1381 1381
    1381 1365 1359 1359 1354 1349 1343 1338 1333 1333 1328 1322 1322
    1322 1317 1317 1328 1328 1343 1343 1349 1359 1359 1370 1370 1376
    1387 1387 1387 1404 1404 4911 4911 4842 1452 1452 1452 1445 1445
    1433 1427 1415 1410 1410 1404 1404 1398 1392 1387 1387 1381 1381
    1376 1376 1370 1359 1354 1349 1343 1338 1333 1333 1328 1322 1322
    1317 1317 1317 1322 1338 1343 1349 1349 1354 1359 1370 1370 1376
    1387 1392 1392 1404 1404 1404 4842 4842 1452 1452 1452 1445 1439
    1433 1427 1421 1410 1410 1404 1404 1398 1392 1387 1387 1381 1381
    1376 1376 1370 1365 1359 1354 1343 1338 1333 1333 1328 1322 1322
    1317 1317 1317 1322 1338 1343 1349 1349 1349 1365 1365 1370 1381
    1387 1392 1392 1410 1410 0 4842 4842 4089 1452 1452 1452 1439 1433
    1427 1421 1415 1410 1404 1404 1398 1392 1387 1387 1381 1381 1370
    1365 1365 1365 1359 1354 1343 1338 1333 1333 1328 1322 1322 1317
    1317 1317 1322 1328 1343 1349 1349 1349 1365 1365 1370 1381 1387
    1392 1392 1404 1404 0 4911 4911 0 1452 1452 1445 1439 1433 1427 1427
    1415 1410 1410 1404 1398 1392 1392 1387 1381 1381 1370 1365 1365
    1359 1359 1354 1343 1338 1338 1333 1328 1322 1322 1322 1317 1317
    1322 1328 1343 1349 1349 1349 1359 1365 1370 1381 1387 1392 1392
    1392 1392 0 4842 4842 0 1445 1445 1445 1439 1433 1427 1427 1415 1410
    1410 1404 1398 1392 1392 1387 1381 1381 1370 1365 1365 1359 1359
    1349 1349 1338 1338 1333 1328 1322 1317 1317 1317 1317 1322 1328
    1343 1349 1349 1359 1359 1365 1370 1381 1387 1392 1392 1392 0 0 0
    4842 0 1439 1439 1439 1433 1433 1427 1421 1415 1410 1404 1404 1404
    1392 1392 1387 1381 1381 1370 1365 1365 1359 1359 1349 1343 1343
    1338 1333 1328 1322 1317 1317 1317 1317 1322 1328 1328 1343 1349
    1359 1359 1359 1370 1381 1387 1392 1392 1392 0 0 0 4842 0 0 1439
    1433 1433 1433 1427 1421 1415 1410 1404 1404 1404 1392 1392 1387
    1381 1381 1376 1370 1370 1365 1359 1349 1343 1343 1338 1333 1328
    1322 1322 1317 1317 1317 1322 1322 1328 1338 1349 1359 1359 1359
    1370 1381 1387 1392 1392 1392 1392 0 4842 4842 0 1439 1439 1433 1433
    1433 1427 1421 1415 1410 1404 1404 1404 1392 1392 1387 1381 1381
    1376 1370 1370 1365 1354 1349 1343 1343 1338 1333 1328 1322 1322
    1317 1317 1317 1322 1322 1328 1338 1349 1354 1359 1359 1370 1376
    1381 1387 1387 1387 1387 0 4842 4842 0 1439 1439 1433 1433 1433 1427
    1427 1415 1410 1404 1404 1398 1398 1387 1387 1381 1381 1381 1370
    1370 1365 1354 1349 1343 1343 1338 1333 1328 1322 1322 1317 1317
    1317 1322 1328 1328 1343 1343 1354 1359 1359 1370 1370 1381 1387
    1387 1387 1387 0 4911 4911 0 1433 1433 1433 1433 1433 1427 1427 1427
    1410 1404 1404 1398 1392 1387 1387 1381 1381 1381 1365 1365 1359
    1359 1349 1343 1343 1338 1333 1328 1322 1322 1317 1317 1317 1322
    1328 1328 1343 1343 1349 1359 1359 1370 1370 1376 1381 1387 1387
    1387 1392 0 4911 3948 1433 1433 1433 1433 1433 1427 1427 1427 1410
    1410 1404 1398 1392 1387 1387 1381 1381 1381 1365 1365 1359 1359
    1349 1343 1343 1338 1338 1333 1322 1322 1317 1317 1317 1322 1322
    1328 1343 1343 1349 1359 1359 1365 1376 1376 1381 1387 1387 1392
    1392 0 4911 3948 0 1433 1433 1433 1433 1427 1427 1421 1415 1410 1404
    1398 1392 1387 1387 1381 1381 1381 1365 1365 1365 1359 1349 1343
    1343 1343 1338 1333 1328 1322 1317 1317 1317 1322 1322 1328 1343
