<?xml version="1.0"?>
<opencv_storage>
<Depth5247 type_id="opencv-matrix">
  <rows>19</rows>
  <cols>71</cols>
  <dt>w</dt>
  <data>
    0 2381 2381 2381 2398 2415 2398 2398 2415 2415 2415 3010 2984 2467
    2467 2467 2450 2450 3539 3539 3539 3614 3614 2485 2485 2485 2541
    2560 2560 2598 2598 2598 2598 2598 2598 2618 2598 2598 2618 2618
    2639 2639 2639 2659 2659 3948 2659 2659 2659 2659 2659 2701 2701
    2723 2744 2767 2812 2835 2835 2789 2789 2789 2812 2812 4295 4295
    2835 2835 2835 2028 2028 2365 2365 2365 2365 2381 2415 2398 2398
    2415 2415 2432 2467 2467 2467 2450 2450 2450 2450 2450 2450 2467
    2467 2541 2485 2485 2485 2522 2522 2522 2598 2598 2598 2598 2598
    2598 2618 2598 2598 2618 2618 2639 2639 2639 2659 2659 2659 2659
    2659 2659 2659 2659 2701 2701 2723 2744 2767 2789 2812 2835 2789
    2789 2789 2812 2812 2835 2835 2835 2835 2835 2005 2005 2365 2365
    2365 2365 2381 2398 2398 2398 2398 2398 2398 2415 2432 2450 2450
    2432 2432 2450 2450 2450 2467 2485 2503 2522 2522 2522 2522 2522
    2522 2579 2560 2560 2598 2598 2598 2618 2618 2618 2618 2639 2639
    2659 2659 2659 2659 2659 2680 2680 2659 2659 2680 2701 2701 2723
    2723 2744 2789 2812 2812 2812 2812 2812 2812 2812 2835 2835 2835
    2835 2859 2859 2005 2365 2365 2365 2365 2381 2398 2398 2398 2398
    2398 2398 2415 2432 2432 2450 2432 2432 2450 2450 2450 2485 2485
    2503 2503 2503 2522 2522 2522 2522 2579 2560 2560 2598 2598 2598
    2618 2618 2618 2618 2639 2639 2659 2639 2639 2639 2659 2680 2680
    2680 2680 2701 2701 2701 2723 2723 2723 2789 2812 2812 2812 2812
    2789 2789 2812 2835 2835 2835 2835 2859 2016 2005 2381 2365 2365
    2365 2398 2398 2398 2398 2415 2415 2415 2398 2398 2415 2432 2432
    2432 2450 2450 2450 2485 2485 2485 2503 2503 2522 2522 2522 2541
    2560 2560 2560 2579 2560 2560 2618 2618 2618 2618 2639 2639 2659
    2639 2639 2639 2659 2680 2680 2680 2680 2701 2701 2723 2723 2723
    2723 2767 2789 2789 2812 2812 2789 2789 2812 2835 2835 2859 2859
    2859 2016 2016 2381 2381 2381 2381 2398 2398 2398 2415 2415 2415
    2415 2398 2398 2415 2432 2432 2432 2450 2467 2467 2485 2485 2485
    2503 2503 2522 2522 2522 2541 2560 2560 2560 2579 2560 2560 2598
    2598 2618 2618 2639 2659 2659 2659 2659 2659 2680 2701 2701 2701
    2701 2701 2723 2723 2723 2723 2744 2767 2767 2789 2789 2812 2812
    2812 2812 2835 2835 2835 2859 2859 2883 2016 2381 2381 2381 2398
    2398 2398 2398 2398 2415 2415 2415 2415 2432 2432 2432 2450 2450
    2467 2467 2467 2485 2485 2485 2503 2503 2522 2522 2522 2560 2579
    2560 2560 2579 2560 2560 2598 2598 2618 2618 2639 2639 2659 2659
    2659 2659 2701 2701 2701 2701 2701 2701 2723 2723 2723 2723 2744
    2767 2767 2789 2789 2812 2812 2812 2812 2812 2835 2835 2859 2053
    2053 2028 2381 2381 2381 2381 2398 2398 2398 2398 2398 2415 2415
    2415 2432 2432 2450 2450 2467 2467 2485 2485 2485 2503 2522 2522
    2522 2522 2522 2522 2579 2579 2579 2579 2579 2579 2598 2618 2618
    2618 2618 2639 2639 2659 2659 2659 2680 2701 2701 2701 2701 2701
    2701 2723 2723 2723 2744 2744 2767 2767 2789 2789 2812 2812 2812
    2812 2812 2835 2835 2859 2053 2053 2859 2365 2365 2381 2381 2398
    2398 2398 2398 2398 2398 2415 2432 2432 2432 2450 2450 2467 2467
    2485 2485 2485 2503 2522 2522 2522 2522 2522 2541 2560 2579 2579
    2579 2579 2579 2598 2598 2618 2618 2618 2618 2639 2639 2659 2659
    2680 2701 2701 2701 2701 2701 2701 2723 2723 2723 2744 2744 2767
    2767 2789 2789 2789 2812 2835 2835 2835 2835 2835 2859 2859 2859
    2859 2365 2365 2381 2398 2398 2398 2398 2398 2398 2398 2415 2432
    2432 2432 2450 2450 2467 2467 2467 2485 2485 2485 2522 2522 2541
    2541 2541 2541 2541 2560 2560 2560 2560 2579 2579 2579 2598 2598
    2598 2618 2639 2639 2639 2639 2659 2680 2701 2701 2701 2701 2701
    2723 2723 2723 2744 2744 2767 2789 2789 2789 2789 2789 2812 2812
    2812 2835 2835 2835 2835 2835 2859 2349 2349 2398 2398 2398 2398
    2398 2398 2398 2415 2415 2432 2432 2432 2432 2432 2450 2467 2467
    2467 2467 2485 2485 2503 2522 2522 2541 2522 2522 2522 2522 2560
    2560 2560 2560 2579 2579 2598 2598 2618 2639 2639 2639 2639 2659
    2659 2680 2680 2701 2701 2701 2723 2723 2744 2744 2767 2767 2789
    2789 2789 2789 2789 2812 2812 2812 2812 2812 2812 2835 2835 2835
    2349 2349 2398 2398 2398 2398 2415 2415 2415 2415 2415 2432 2432
    2432 2432 2432 2450 2467 2467 2467 2467 2467 2485 2485 2503 2522
    2541 2522 2522 2522 2522 2541 2541 2560 2560 2579 2579 2598 2598
    2618 2639 2639 2639 2639 2639 2639 2680 2680 2701 2701 2723 2723
    2723 2744 2744 2767 2789 2789 2789 2789 2789 2789 2812 2789 2789
    2789 2812 2812 2835 2812 2812 2349 2349 2381 2398 2398 2398 2415
    2415 2415 2432 2432 2432 2432 2432 2432 2432 2450 2467 2467 2467
    2467 2467 2485 2485 2503 2522 2541 2541 2522 2522 2522 2541 2541
    2560 2560 2579 2579 2579 2579 2618 2639 2639 2639 2639 2639 2639
    2659 2659 2701 2701 2723 2723 2744 2767 2789 2789 2789 2812 2812
    2812 2789 2789 2812 2789 2789 2789 2065 2065 2078 2078 2078 2349
    2349 2381 2381 2398 2398 2432 2415 2415 2450 2450 2450 2432 2432
    2450 2450 2467 2485 2467 2467 2467 2485 2485 2503 2503 2503 2503
    2541 2541 2541 2560 2560 2579 2598 2579 2579 2579 2579 2579 2618
    2639 2639 2639 2639 2639 2659 2659 2659 2701 2701 2723 2723 2744
    2767 2789 2812 2812 2812 2812 2812 2812 2812 2812 2812 2789 2789
    2053 2053 2053 2053 2053 2365 2365 2365 2415 2432 2432 2432 2432
    2432 2450 2450 2450 2450 2450 2467 2485 2485 2485 2485 2485 2485
    2503 2503 2522 2522 2503 2503 2541 2541 2541 2560 2560 2579 2598
    2598 2598 2579 2579 2579 2659 2639 2618 2618 2618 2639 2659 2680
    2680 2701 2701 2723 2723 2744 2767 2789 2812 2812 2812 2812 2812
    2812 2812 2812 2812 2812 2812 2053 2028 2016 2016 2016 2381 2398
    2398 2415 2415 2415 2415 2415 2415 2467 2467 2485 2467 2467 2467
    2485 2485 2503 2503 2485 2485 2503 2503 2522 2522 2522 2541 2560
    2560 2560 2560 2560 2560 2618 2598 2598 2560 2560 2560 2639 2639
    2618 2618 2618 2639 2639 0 0 2701 2701 2701 2701 2723 2789 2789 2789
    2812 2812 2812 2812 2812 2835 2812 2812 2812 2812 2028 2028 1981
    1970 1970 2381 2381 2381 2398 2398 2398 2415 2415 2415 2485 2485 0 0
    2467 2467 2485 2485 2503 2503 2503 2503 0 0 0 0 0 0 0 0 3859 3859
    2618 2618 2618 2618 2618 2560 2560 2560 2560 2560 3816 0 0 0 0 0 0 0
    0 2701 2701 2723 2723 2723 0 2835 2835 2835 2835 2835 2859 2859 4295
    4295 0 2040 2040 1981 1970 1970 2349 2349 2365 2381 2398 2398 2415
    2415 2467 2467 0 0 0 2485 0 2485 2485 2503 2503 2522 2522 2522 0 0 0
    0 0 3859 3859 3859 3859 0 3774 3732 3732 3774 3774 3774 3774 0 0 0 0
    0 0 0 0 0 0 3994 0 0 0 4089 0 0 0 0 4190 4190 4190 4190 4295 4295
    4295 0 2116 2116 2116 2116 2116 2349 2349 2349 2349 2365 2398 0 0
    2450 2450 0 0 0 0 0 0 0 0 0 0 0 0 0 0 0 0 3859 3859 3859 3859 3859
    3816 3774 3732 0 0 0 3774 0 0 0 3816 0 0 0 0 3994 0 0 0 0 0 0 0 4089
    4089 3994 3994 4190 4190 4190 4190 4190 4190 4190 2116 2116 2116
    2116 2103 2103</data></Depth5247>
</opencv_storage>
