<?xml version="1.0"?>
<opencv_storage>
<Depth15952 type_id="opencv-matrix">
  <rows>6</rows>
  <cols>18</cols>
  <dt>w</dt>
  <data>
    5832 5832 5832 5933 5933 5933 5832 5832 5832 5832 5832 5832 5832
    5832 5734 5734 5832 5933 5832 5832 5734 5734 5832 5832 5832 5832
    5832 5832 5832 5734 5734 5734 5734 5734 5734 5734 5734 5734 5734
    5734 5832 5832 5832 5832 5734 5734 5832 5734 5734 5734 5734 5734
    5640 5460 5734 5734 5734 5734 5832 5832 5832 5832 5734 5734 5734
    5734 5734 5734 5734 5734 5640 5460 5640 5640 5548 5548 5832 5832
    5832 5832 5832 5734 5734 5734 5734 5832 5734 5734 5734 5548 5460
    5460 5548 5548 5548 6038 6038 5832 5832 5734 5734 5734 5734 5734
    5734 5734 5640 5640</data></Depth15952>
</opencv_storage>
