<?xml version="1.0"?>
<opencv_storage>
<Depth9114 type_id="opencv-matrix">
  <rows>99</rows>
  <cols>54</cols>
  <dt>w</dt>
  <data>
    0 1288 1288 1283 5640 5640 5640 5640 5640 1297 5548 5548 5548 5548
    5640 5734 5832 5734 5734 5734 5734 5734 5734 1268 1268 0 0 0 0 0 0 0
    0 1259 1259 1255 1255 1259 1236 1236 1236 1236 1236 1236 1236 1232
    1227 0 0 0 0 0 0 0 1283 1288 1288 1283 1283 1283 1283 1292 1297 1297
    1297 5548 5548 5548 5640 5640 1264 1264 1264 1283 1283 1283 1264
    1268 1268 1268 1273 1264 1264 1268 1259 1259 1255 1250 1250 1250
    1250 1250 1236 1236 1236 1236 1236 1236 1236 1232 1227 1227 1227 0 0
    0 0 0 1283 1288 1288 1288 1283 1283 1283 1283 1273 1268 1268 1268
    1273 1273 1268 1268 1264 1264 1264 1283 1283 1283 1264 1264 1264
    1264 1255 1255 1255 1255 1255 1255 1255 1250 1250 1250 1250 1245
    1241 1236 1236 1236 1236 1236 1236 1232 1227 1227 1227 1227 0 0 0 0
    1283 1283 1288 1283 1283 1283 1278 1278 1273 1268 1268 1268 1268
    1268 1264 1264 1264 1264 1264 1264 1264 1259 1259 1259 1255 1255
    1255 1255 1255 1250 1250 1250 1245 1241 1241 1241 1241 1241 1236
    1236 1236 1236 1236 1232 1232 1232 1227 1227 1227 1227 0 0 0 0 1283
    1283 1283 1283 1283 1283 1278 1278 1273 1268 1268 1268 1268 1268
    1264 1264 1264 1259 1259 1259 1255 1255 1255 1259 1255 1255 1255
    1250 1250 1250 1250 1250 1245 1241 1241 1236 1236 1236 1236 1236
    1236 1236 1232 1232 1232 1227 1227 1227 1227 1232 0 0 0 0 1283 1283
    1283 1283 1283 1283 1278 1278 1273 1268 1268 1268 1268 1268 1264
    1264 1264 1259 1259 1259 1255 1255 1255 1259 1255 1255 1250 1250
    1250 1250 1250 1250 1245 1241 1241 1236 1236 1236 1241 1236 1236
    1232 1232 1232 1227 1227 1227 1227 1227 1232 0 0 0 0 1283 1283 1283
    1283 1283 1283 1283 1278 1273 1268 1268 1268 1268 1268 1268 1264
    1264 1264 1259 1259 1255 1255 1255 1259 1259 1255 1250 1250 1250
    1250 1250 1250 1245 1245 1245 1241 1241 1241 1236 1236 1236 1232
    1232 1232 1227 1227 1227 1227 1227 1232 0 0 0 0 1283 1283 1283 1283
    1283 1283 1283 1278 1273 1268 1268 1268 1268 1268 1268 1264 1264
    1264 1264 1264 1264 1259 1259 1259 1255 1255 1250 1250 1250 1250
    1250 1250 1245 1245 1245 1241 1241 1241 1236 1236 1236 1232 1232
    1232 1227 1227 1227 1227 1227 1232 0 0 0 0 1288 1288 1283 1283 1283
    1283 1283 1278 1273 1268 1268 1268 1268 1268 1268 1264 1264 1264
    1264 1264 1259 1255 1255 1259 1255 1255 1250 1250 1250 1250 1250
    1250 1250 1245 1245 1241 1241 1241 1236 1236 1236 1232 1232 1232
    1232 1232 1227 1227 1232 1232 0 0 0 0 1292 1288 1288 1283 1283 1283
    1283 1278 1273 1273 1268 1268 1268 1268 1268 1268 1264 1264 1264
    1264 1259 1255 1255 1259 1255 1255 1250 1250 1250 1250 1250 1250
    1250 1250 1250 1245 1245 1241 1236 1236 1236 1236 1232 1232 1232
    1232 1232 1232 1232 1232 0 0 0 0 1292 1288 1288 1283 1283 1283 1283
    1283 1273 1273 1268 1268 1268 1268 1268 1268 1264 1264 1264 1259
    1259 1255 1255 1259 1255 1255 1255 1250 1250 1250 1250 1250 1250
    1250 1250 1245 1245 1241 1236 1236 1236 1236 1236 1232 1232 1232
    1232 1232 1232 1232 1236 0 0 0 1292 1288 1283 1283 1283 1283 1283
    1278 1273 1273 1268 1268 1268 1268 1268 1268 1264 1264 1264 1259
    1259 1255 1255 1259 1255 1255 1255 1255 1250 1250 1250 1250 1250
    1250 1250 1245 1245 1236 1236 1236 1236 1236 1236 1232 1232 1232
    1232 1232 1232 1232 1232 0 0 0 1292 1288 1283 1283 1283 1283 1283
    1278 1273 1273 1268 1268 1268 1268 1268 1268 1268 1264 1264 1264
    1264 1259 1259 1259 1259 1255 1255 1255 1255 1250 1250 1250 1250
    1250 1245 1245 1245 1236 1236 1236 1236 1236 1236 1232 1232 1232
    1232 1232 1232 1232 1232 0 0 0 1292 1288 1283 1283 1283 1283 1283
    1278 1273 1273 1268 1268 1268 1268 1268 1268 1268 1268 1268 1264
    1264 1259 1259 1259 1259 1259 1255 1255 1255 1255 1250 1250 1250
    1250 1245 1245 1245 1241 1236 1236 1236 1236 1236 1232 1232 1232
    1227 1227 1232 1232 1232 1292 1297 0 1288 1288 1283 1283 1283 1283
    1283 1278 1273 1273 1268 1268 1268 1268 1268 1268 1268 1268 1268
    1264 1264 1259 1259 1264 1259 1259 1255 1255 1255 1250 1250 1250
    1250 1250 1250 1250 1245 1241 1236 1236 1236 1236 1236 1236 1232
    1232 1227 1227 1232 1227 1227 1292 1297 1297 1288 1288 1283 1283
    1283 1283 1283 1273 1273 1273 1268 1268 1268 1268 1268 1268 1264
    1264 1268 1264 1264 1264 1264 1264 1259 1259 1255 1255 1255 1250
    1250 1250 1250 1250 1250 1250 1245 1241 1241 1236 1236 1236 1236
    1236 1232 1232 1232 1232 1232 1227 1227 1297 1297 1297 1288 1288
    1283 1283 1283 1283 1283 1273 1273 1268 1268 1268 1268 1268 1268
    1268 1264 1264 1268 1264 1264 1264 1264 1264 1259 1259 1255 1255
    1255 1250 1250 1250 1250 1250 1250 1250 1245 1241 1241 1236 1236
    1236 1236 1236 1232 1232 1232 1232 1232 1232 1232 1302 1302 1307
    1288 1288 1288 1288 1288 1283 1278 1273 1273 1268 1268 1268 1268
    1268 1268 1264 1264 1264 1264 1264 1264 1264 1264 1259 1259 1259
    1255 1255 1255 1255 1255 1250 1250 1250 1250 1250 1245 1245 1241
    1241 1236 1236 1236 1236 1232 1232 1232 1232 1232 1236 1236 1307
    1307 1307 1283 1283 1288 1283 1283 1283 1278 1278 1273 1268 1268
    1268 1268 1268 1268 1264 1264 1264 1264 1264 1264 1264 1264 1259
    1259 1259 1255 1255 1255 1255 1255 1250 1250 1250 1250 1250 1245
    1245 1241 1241 1236 1236 1236 1236 1236 1236 1232 1232 1232 1236
    1236 1292 1307 1307 1283 1283 1288 1283 1283 1283 1283 1283 1278
    1273 1273 1268 1268 1268 1268 1264 1264 1264 1264 1264 1264 1264
    1264 1264 1264 1259 1259 1255 1255 1255 1255 1255 1255 1250 1250
    1250 1250 1245 1245 1241 1236 1236 1236 1236 1236 1236 1232 1232
    1232 1241 1255 1283 1297 1307 1288 1288 1288 1288 1288 1288 1283
    1283 1278 1273 1273 1273 1273 1268 1268 1268 1268 1268 1268 1264
    1264 1264 1264 1264 1264 1264 1264 1259 1255 1255 1255 1250 1250
    1250 1250 1250 1250 1250 1250 1241 1236 1236 1236 1236 1236 1236
    1232 1232 1236 1241 1255 1278 1297 0 1288 1288 1288 1288 1288 1288
    1283 1283 1278 1278 1273 1273 1273 1268 1268 1268 1268 1268 1268
    1264 1264 1264 1264 1264 1264 1264 1264 1259 1255 1255 1255 1250
    1250 1250 1250 1250 1250 1250 1250 1250 1241 1236 1236 1236 1236
    1236 1232 1232 1236 1241 1255 1278 0 0 1297 1292 1292 1288 1288 1288
    1283 1283 1278 1278 1273 1273 1278 1273 1273 1268 1268 1268 1268
    1264 1264 1264 1264 1264 1264 1264 1259 1259 1255 1255 1255 1250
    1250 1250 1250 1250 1250 1250 1250 1250 1241 1241 1236 1236 1236
    1236 1232 1232 1236 1241 1245 1255 1255 0 1297 1292 1292 1288 1288
    1283 1283 1283 1283 1283 1278 1278 1278 1273 1268 1268 1268 1268
    1268 1264 1264 1264 1264 1264 1264 1264 1259 1259 1255 1255 1255
    1250 1250 1250 1250 1250 1250 1250 1250 1250 1241 1241 1241 1236
    1236 1236 1232 1232 1236 1241 1245 1255 1255 1292 1302 1292 1292
    1288 1288 1283 1283 1283 1283 1283 1278 1278 1278 1273 1268 1268
    1268 1268 1268 1264 1264 1264 1264 1268 1264 1264 1264 1259 1259
    1255 1255 1255 1255 1250 1250 1250 1250 1250 1245 1245 1241 1241
    1241 1236 1236 1236 1236 1236 1236 1241 1241 1259 1292 0 1302 1292
    1292 1288 1288 1288 1283 1283 1283 1283 1278 1278 1278 1273 1268
    1268 1268 1268 1268 1268 1264 1264 1264 1268 1264 1264 1264 1259
    1259 1255 1255 1255 1255 1250 1250 1250 1250 1250 1245 1241 1241
    1241 1241 1236 1236 1236 1236 1236 1236 1236 1241 1288 1292 0 1302
    1292 1292 1288 1288 1283 1283 1283 1283 1283 1283 1283 1278 1273
    1268 1268 1268 1268 1268 1268 1268 1264 1264 1268 1268 1268 1264
    1264 1259 1255 1255 1255 1255 1250 1250 1250 1250 1250 1245 1241
    1241 1241 1241 1241 1236 1236 1236 1236 1236 1236 1241 1259 1288
    1288 1302 1292 1292 1288 1288 1283 1283 1283 1283 1283 1283 1278
    1273 1273 1268 1268 1268 1268 1268 1268 1268 1264 1264 1268 1268
    1268 1264 1259 1259 1255 1255 1255 1255 1250 1250 1250 1250 1250
    1245 1241 1241 1241 1241 1241 1236 1236 1236 1236 1236 1236 1241
    1259 1268 0 1302 1292 1292 1288 1288 1288 1283 1283 1283 1283 1283
