<?xml version="1.0"?>
<opencv_storage>
<Depth13730 type_id="opencv-matrix">
  <rows>8</rows>
  <cols>29</cols>
  <dt>w</dt>
  <data>
    4295 4190 4190 4190 4139 4139 4139 4139 4041 4041 4041 3994 3994
    4089 4041 3994 3903 3903 3903 3903 3903 3903 3903 3903 3859 3774
    3774 3816 3774 4241 4190 4190 4190 4139 4139 4139 4089 4041 4041
    3994 3994 3994 4041 4041 3994 3903 3903 3903 3903 3903 3903 3903
    3903 3859 3816 3816 3816 3774 4190 4190 4190 4139 4139 4139 4139
    4089 4041 4041 3994 3994 4041 4041 4041 3994 3948 3948 3903 3903
    3948 3948 3903 3903 3859 3816 3816 3816 3816 4190 4190 4190 4139
    4139 4139 4089 4089 4089 4089 4041 4041 4041 4041 4041 3994 3948
    3948 3903 3903 3948 3903 3903 3859 3859 3859 3816 3816 3816 4190
    4190 4190 4139 4089 4089 4089 4089 4089 4089 4089 4089 4041 4041
    3994 3948 3948 3948 3948 3948 3903 3859 3859 3859 3816 3816 3816
    3816 3816 4190 4190 4190 4139 4089 4089 4089 4089 4089 4089 4089
    4089 4041 4041 3994 3948 3948 3948 3903 3903 3903 3859 3859 3859
    3816 3816 3774 3774 3816 4041 4041 4089 4139 4089 4089 4139 4139
    4089 4089 4089 4139 4089 4041 3994 3948 3948 3948 3903 3903 3903
    3859 3859 3816 3816 3816 3732 3732 3816 3653 4041 4089 4139 4089
    4089 4139 4139 4089 4089 4089 0 0 0 3994 3948 3948 3948 0 3903 3903
    3859 3816 3816 3774 3774 3732 3732 3816</data></Depth13730>
</opencv_storage>
