<?xml version="1.0"?>
<opencv_storage>
<Depth6062 type_id="opencv-matrix">
  <rows>68</rows>
  <cols>48</cols>
  <dt>w</dt>
  <data>
    4582 4582 4582 4582 4582 4463 4463 4463 4463 4463 4463 4405 4405
    4582 4582 4582 4522 4522 4522 4522 4522 4522 4522 4463 4463 4463
    4522 1586 1586 1579 1572 1572 1572 1572 1572 1572 1572 1572 1579
    4405 4349 4349 4349 4349 4349 4405 4405 4405 4582 4582 4582 4522
    4522 4522 4522 4463 4463 4463 4405 4349 4349 4405 4645 4582 4582
    4522 4522 4522 4522 4522 4463 4463 1616 1601 1594 1586 1586 1579
    1572 1572 1572 1572 1572 1572 1564 1564 1572 1579 1579 4349 4349
    4349 4349 4405 4405 4405 4582 4582 4582 4522 4522 4522 4522 4463
    4463 4463 4405 4349 4349 4405 4645 4645 4582 4582 4582 4582 1632
    1616 1616 1609 1609 1594 1594 1594 1586 1579 1572 1572 1572 1572
    1572 1564 1564 1564 1572 1572 1572 4349 4349 4349 4349 4349 4405
    4405 4582 4582 4582 4582 4582 4522 4522 4463 4463 4463 4405 4349
    4349 4463 4645 4645 4645 4582 4582 4582 1616 1616 1601 1601 1594
    1594 1594 1586 1586 1579 1579 1572 1572 1572 1572 1564 1564 1564
    1564 1572 1572 4349 4349 4349 4349 4349 4405 4405 4522 4522 4522
    4522 4522 4522 4522 4522 4522 4463 4405 4349 4349 1624 1624 1609
    1601 1601 1601 1609 1609 1601 1594 1594 1594 1586 1586 1586 1579
    1572 1572 1572 1572 1572 1572 1564 1564 1564 1564 1572 1572 1586
    4405 4405 4405 4405 4405 4405 4522 4522 4522 4463 4463 4522 4522
    4522 4522 4522 1639 1639 1632 1624 1624 1609 1601 1601 1601 1609
    1601 1601 1594 1594 1586 1586 1586 1579 1579 1572 1572 1572 1572
    1564 1564 1564 1564 1564 1564 1572 1586 1586 4463 4463 4405 4405
    4405 4405 4522 4522 4522 4463 4463 4522 4522 4522 1647 1647 1639
    1632 1632 1624 1624 1616 1609 1609 1609 1601 1601 1594 1594 1594
    1586 1586 1586 1579 1572 1572 1564 1564 1564 1564 1564 1557 1557
    1557 1564 1572 1586 1601 1601 4405 4405 4405 4349 4349 4522 4522
    4522 4522 4522 4582 4582 1639 1639 1639 1632 1632 1624 1624 1616
    1609 1609 1609 1601 1601 1601 1594 1594 1594 1586 1586 1579 1572
    1572 1572 1564 1564 1564 1564 1557 1557 1557 1557 1564 1572 1586
    1594 1601 1601 4405 4405 4349 4349 4522 4522 1655 1655 1655 1655
    1632 1632 1632 1632 1624 1624 1624 1624 1616 1609 1609 1601 1601
    1601 1594 1594 1594 1594 1586 1579 1572 1572 1572 1572 1564 1564
    1564 1564 1557 1550 1550 1550 1564 1572 1579 1586 1594 1594 4463
    4405 4349 4349 4582 4582 1655 1655 1647 1647 1639 1632 1624 1624
    1624 1624 1624 1624 1616 1609 1609 1601 1601 1601 1594 1594 1594
    1594 1586 1579 1572 1572 1572 1564 1564 1564 1564 1557 1550 1543
    1543 1550 1564 1579 1579 1586 1594 1594 4463 4405 4349 4349 1663
    1663 1655 1647 1639 1639 1632 1624 1624 1616 1616 1616 1616 1616
    1609 1609 1601 1601 1601 1594 1594 1594 1594 1586 1579 1572 1572
    1572 1572 1564 1564 1557 1557 1557 1550 1543 1543 1543 1557 1572
    1572 1579 1594 1594 4405 4405 4405 4405 1655 1655 1655 1647 1639
    1632 1624 1624 1624 1616 1616 1616 1616 1616 1609 1609 1601 1601
    1594 1594 1594 1586 1586 1579 1579 1572 1572 1572 1564 1564 1557
    1557 1557 1550 1543 1543 1543 1543 1557 1572 1572 1579 1594 1594
    1616 4405 4405 4405 1655 1655 1647 1639 1632 1632 1624 1624 1624
    1616 1616 1609 1609 1601 1601 1601 1601 1601 1594 1594 1586 1579
    1579 1572 1572 1572 1572 1572 1564 1564 1557 1550 1550 1543 1543
    1543 1543 1543 1557 1564 1572 1572 1609 1616 1616 4349 4349 4349
    1655 1655 1647 1639 1632 1632 1624 1624 1624 1616 1616 1609 1601
    1601 1601 1601 1594 1594 1586 1579 1579 1572 1572 1572 1572 1572
    1564 1564 1564 1564 1557 1550 1550 1543 1543 1543 1543 1543 1557
    1564 1572 1572 1609 1616 1616 4349 4349 4349 1655 1655 1639 1632
    1632 1624 1624 1616 1616 1616 1616 1609 1601 1601 1594 1594 1594
    1594 1586 1579 1579 1572 1572 1572 1572 1564 1564 1557 1557 1564
    1557 1557 1550 1543 1543 1536 1536 1543 1550 1564 1572 1572 1609
    1616 1616 4295 4295 4295 1655 1655 1639 1632 1632 1624 1616 1616
    1616 1609 1609 1601 1601 1594 1594 1594 1594 1586 1579 1579 1579
    1572 1572 1572 1564 1564 1557 1557 1557 1557 1550 1550 1543 1543
    1543 1536 1536 1543 1543 1557 1572 1572 1609 1616 1616 4295 4295
    4295 1655 1655 1624 1624 1624 1616 1616 1616 1609 1609 1601 1601
    1594 1594 1594 1586 1586 1586 1579 1579 1579 1572 1564 1564 1564
    1564 1557 1557 1557 1550 1543 1543 1543 1543 1543 1536 1529 1529
    1536 1543 1572 1572 1609 1609 1609 4295 4295 4295 0 1632 1624 1624
    1616 1616 1609 1609 1601 1601 1601 1601 1594 1594 1586 1586 1586
    1586 1579 1579 1572 1564 1564 1564 1564 1557 1557 1557 1550 1543
    1543 1543 1536 1536 1536 1529 1529 1529 1536 1543 1557 1572 1586
    1586 1586 4241 4241 4241 1632 1632 1616 1616 1616 1616 1609 1601
    1601 1601 1601 1594 1594 1586 1579 1579 1579 1579 1579 1572 1572
    1564 1564 1564 1557 1557 1557 1550 1550 1543 1536 1536 1536 1529
    1529 1523 1523 1523 1529 1536 1557 1572 1579 1586 1586 4241 4241
    4241 1616 1616 1616 1616 1616 1609 1601 1601 1601 1601 1601 1594
    1594 1586 1579 1579 1579 1579 1579 1572 1572 1564 1564 1557 1557
    1557 1550 1550 1543 1543 1536 1536 1529 1529 1516 1516 1516 1516
    1523 1536 1557 1564 1579 1586 1586 4241 4241 4241 1616 1616 1616
    1616 1616 1609 1601 1601 1601 1594 1594 1594 1594 1586 1572 1572
    1572 1572 1572 1572 1564 1564 1557 1550 1550 1550 1543 1543 1543
    1536 1536 1529 1529 1523 1516 1516 1516 1516 1516 1529 1557 1564
    1579 1586 1586 4241 4241 4241 1616 1616 1616 1616 1609 1601 1601
    1601 1601 1594 1594 1594 1586 1579 1572 1572 1572 1572 1564 1564
    1564 1557 1557 1550 1550 1550 1543 1543 1543 1536 1529 1529 1529
    1523 1516 1516 1509 1509 1516 1523 1550 1564 1579 1586 1586 4241
    4241 4241 1624 1616 1616 1616 1601 1601 1601 1594 1594 1594 1594
    1594 1586 1579 1572 1572 1572 1564 1564 1564 1557 1557 1557 1550
    1543 1543 1543 1543 1536 1536 1529 1523 1523 1523 1516 1509 1509
    1509 1516 1523 1543 1557 1579 1586 1586 4190 4190 4190 1624 1624
    1624 1609 1601 1601 1594 1594 1594 1594 1594 1586 1586 1579 1572
    1572 1564 1564 1564 1564 1557 1557 1550 1550 1543 1543 1543 1543
    1536 1536 1529 1523 1523 1523 1516 1509 1509 1509 1516 1523 1536
    1557 1579 1586 1594 1594 4190 4190 1632 1624 1624 1609 1601 1594
    1594 1594 1594 1594 1594 1586 1586 1579 1572 1572 1564 1564 1557
    1557 1550 1550 1550 1543 1543 1543 1543 1536 1536 1536 1529 1529
    1523 1516 1509 1509 1509 1509 1509 1516 1529 1550 1572 1579 1586
    1586 4190 4190 1624 1624 1624 1601 1601 1594 1594 1594 1594 1594
    1594 1586 1579 1579 1572 1572 1564 1564 1557 1557 1550 1543 1543
    1543 1543 1543 1536 1536 1529 1529 1529 1529 1523 1516 1509 1509
    1509 1509 1509 1516 1523 1543 1572 1579 1586 1586 4241 4241 1624
    1624 1616 1601 1601 1594 1594 1594 1594 1594 1586 1579 1579 1579
    1579 1572 1564 1557 1557 1557 1550 1543 1543 1543 1536 1536 1536
    1536 1529 1529 1529 1523 1523 1509 1509 1509 1503 1503 1509 1516
    1523 1536 1564 1579 1601 1601 4241 4241 1601 1601 1601 1594 1594
    1586 1586 1594 1594 1586 1586 1579 1579 1572 1572 1572 1564 1557
    1557 1557 1543 1543 1543 1536 1536 1536 1536 1529 1529 1523 1523
    1523 1523 1509 1509 1509 1503 1503 1509 1516 1523 1529 1557 1572
    1586 1586 4295 4295 1586 1594 1594 1594 1594 1586 1586 1586 1572
    1572 1572 1572 1572 1572 1572 1564 1564 1564 1557 1550 1543 1543
    1543 1536 1536 1536 1529 1523 1523 1523 1523 1523 1516 1509 1509
    1509 1503 1503 1503 1509 1516 1529 1550 1564 1579 1579 4241 4241
    1586 1586 1586 1586 1586 1586 1579 1579 1572 1572 1572 1572 1564
    1564 1564 1557 1557 1550 1550 1550 1543 1543 1543 1536 1536 1529
    1529 1523 1523 1516 1516 1516 1516 1509 1509 1503 1503 1503 1503
    1509 1516 1529 1550 1564 1579 1579 4241 4241 1601 1586 1586 1586
    1586 1586 1579 1579 1579 1572 1572 1572 1564 1557 1557 1557 1557
    1550 1543 1543 1543 1536 1536 1536 1536 1529 1529 1523 1516 1516
