<?xml version="1.0"?>
<opencv_storage>
<Depth8699 type_id="opencv-matrix">
  <rows>72</rows>
  <cols>25</cols>
  <dt>w</dt>
  <data>
    1445 1445 0 0 0 1458 1458 0 0 0 1464 1445 1445 1445 1445 1445 1445
    1445 1433 1433 1433 1433 1421 1421 3399 1445 1445 1452 1445 1445
    1452 1445 1445 1452 1452 1452 1445 1445 1445 1445 1445 1445 1445
    1439 1433 1433 1421 1421 1421 3399 1445 1445 1452 1445 1445 1445
    1439 1439 1445 1445 1445 1445 1439 1439 1445 1439 1439 1445 1445
    1445 1439 1421 1421 1421 3365 1445 1445 1445 1445 1445 1445 1439
    1439 1445 1445 1445 1445 1439 1439 1445 1439 1439 1445 1452 1445
    1445 1445 1445 3333 3333 1445 1445 1445 1445 1445 1445 1439 1439
    1445 1445 1445 1445 1445 1445 1445 1445 1445 1445 1452 1445 1445
    1445 1445 3333 3333 1458 1452 1452 1445 1445 1445 1439 1439 1445
    1445 1445 1445 1439 1439 1445 1445 1445 1445 1452 1445 1445 1452
    1452 3238 3238 1452 1445 1445 1445 1439 1439 1445 1445 1445 1445
    1445 1445 1439 1439 1445 1445 1445 1445 1452 1445 1445 1445 3238
    3238 3238 1452 1445 1445 1445 1439 1439 1445 1445 1445 1445 1445
    1439 1439 1439 1445 1439 1439 1439 1445 1445 1445 1445 1445 3365
    3365 1445 1439 1439 1439 1439 1439 1445 1445 1445 1445 1445 1439
    1439 1439 1445 1439 1439 1439 1445 1445 1445 1445 1452 3365 3365
    1445 1439 1439 1439 1439 1439 1445 1445 1445 1445 1445 1439 1439
    1445 1445 1439 1439 1439 1445 1439 1439 1452 1452 0 3365 1452 1445
    1445 1439 1439 1439 1445 1445 1445 1445 1439 1439 1445 1445 1445
    1439 1439 1439 1439 1439 1439 1445 1445 3365 3365 1458 1445 1445
    1445 1439 1439 1445 1445 1445 1445 1439 1439 1445 1445 1439 1439
    1439 1439 1439 1439 1439 1445 1445 3365 3365 1464 1452 1445 1445
    1445 1445 1445 1445 1445 1445 1439 1439 1445 1445 1439 1439 1439
    1439 1439 1439 1445 1445 1445 3365 3365 1464 1452 1445 1439 1439
    1445 1445 1445 1445 1439 1439 1439 1445 1445 1439 1439 1439 1439
    1439 1439 1445 1445 1445 3365 3365 1464 1452 1445 1439 1439 1445
    1445 1445 1445 1439 1439 1439 1445 1445 1439 1439 1439 1439 1439
    1439 1445 1445 1445 3365 3365 1458 1439 1439 1439 1439 1445 1445
    1445 1445 1439 1439 1439 1439 1439 1439 1439 1439 1439 1439 1439
    1439 1445 1445 3365 3365 1458 1439 1439 1439 1439 1439 1439 1445
    1439 1439 1439 1439 1439 1439 1439 1439 1439 1439 1439 1439 1439
    1439 1439 3399 3399 1458 1445 1439 1439 1439 1439 1439 1439 1439
    1439 1439 1439 1439 1439 1439 1439 1439 1439 1439 1439 1439 1439
    1439 3365 3365 1458 1445 1439 1439 1439 1439 1439 1439 1439 1439
    1439 1439 1439 1439 1439 1439 1439 1439 1439 1439 1439 1439 1439
    1439 3365 1458 1445 1439 1439 1433 1433 1439 1439 1439 1439 1439
    1439 1439 1439 1439 1439 1439 1439 1439 1439 1439 1439 1439 1439
    3333 1458 1445 1439 1439 1433 1433 1439 1439 1439 1439 1439 1439
    1439 1439 1439 1439 1439 1439 1439 1439 1439 1439 1439 1439 3300
    1458 1445 1439 1439 1439 1439 1439 1439 1439 1439 1439 1439 1439
    1439 1439 1439 1439 1439 1439 1439 1439 1439 1439 1439 3300 1458
    1439 1439 1439 1439 1439 1439 1439 1439 1439 1439 1439 1439 1439
    1439 1439 1439 1439 1439 1439 1439 1445 1445 1445 3333 1439 1439
    1439 1439 1439 1439 1439 1439 1439 1439 1439 1439 1439 1439 1439
    1439 1439 1439 1439 1439 1439 1445 1452 1452 3399 1445 1439 1439
    1439 1439 1439 1439 1439 1439 1439 1439 1439 1439 1439 1439 1439
    1439 1439 1439 1439 1439 1445 1445 3399 3399 1439 1439 1439 1439
    1439 1439 1439 1439 1439 1439 1439 1439 1439 1439 1439 1439 1439
    1439 1439 1439 1445 1452 1452 3399 3399 1433 1433 1439 1439 1439
    1439 1439 1439 1439 1439 1439 1439 1439 1439 1439 1439 1439 1439
    1439 1439 1439 1445 1445 3399 3399 1433 1433 1439 1439 1439 1439
    1439 1439 1439 1439 1439 1439 1439 1439 1439 1439 1439 1439 1439
    1439 1439 1445 1445 3399 3399 1433 1433 1439 1439 1439 1439 1433
    1433 1439 1439 1439 1439 1439 1439 1439 1439 1439 1439 1439 1439
    1439 1445 1445 1445 3399 1439 1439 1439 1439 1439 1433 1433 1433
    1433 1433 1439 1439 1439 1439 1439 1439 1439 1439 1439 1439 1439
    1445 1445 1445 3399 1439 1439 1439 1439 1439 1433 1433 1433 1433
    1433 1433 1439 1439 1439 1439 1439 1433 1433 1433 1439 1439 1445
    1458 1458 3399 1439 1439 1439 1439 1439 1433 1433 1433 1433 1433
    1433 1439 1439 1439 1439 1439 1433 1433 1433 1439 1439 1452 1458
    1458 3399 0 1439 1433 1433 1439 1433 1433 1433 1433 1433 1433 1439
    1439 1439 1439 1439 1433 1433 1433 1439 1439 1452 1452 3365 3365 0
    1439 1433 1433 1439 1439 1439 1433 1433 1433 1433 1439 1439 1439
    1439 1439 1433 1433 1439 1445 1445 1445 1452 1452 3365 0 1439 1433
    1433 1439 1439 1439 1439 1439 1439 1439 1439 1439 1439 1439 1439
    1439 1439 1439 1445 1445 1445 1452 1452 3365 0 1445 1433 1433 1439
    1439 1439 1439 1439 1439 1439 1439 1439 1439 1439 1439 1439 1439
    1439 1445 1445 1445 1458 1458 3365 0 1445 1439 1439 1439 1439 1439
    1439 1439 1439 1439 1439 1439 1439 1439 1439 1439 1439 1445 1445
    1452 1445 1445 1445 3365 0 1445 1439 1439 1439 1439 1439 1439 1439
    1439 1439 1439 1439 1439 1439 1439 1439 1439 1439 1445 1452 1445
    1445 1445 3399 0 1445 1439 1439 1439 1439 1439 1439 1439 1439 1439
    1439 1439 1439 1439 1439 1439 1439 1439 1445 1445 1445 1445 1445
    3399 0 1445 1439 1439 1439 1439 1439 1439 1439 1439 1439 1439 1439
    1439 1439 1439 1439 1439 1439 1445 1445 1458 1458 3399 3399 0 1452
    1445 1445 1439 1439 1439 1439 1439 1439 1439 1439 1439 1439 1439
    1439 1439 1439 1439 1445 1445 1458 1458 3365 3365 0 0 1445 1445 1439
    1439 1439 1439 1439 1439 1439 1439 1439 1439 1439 1439 1439 1439
    1439 1445 1445 1452 1452 3333 3333 0 0 1445 1439 1439 1439 1439 1439
    1439 1439 1439 1439 1439 1439 1439 1439 1439 1439 1439 1445 1445
    1452 1452 1452 3333 0 1439 1439 1439 1439 1439 1439 1439 1439 1439
    1439 1439 1439 1439 1439 1439 1439 1439 1439 1445 1445 1445 1445
    1445 3399 0 1433 1433 1439 1439 1439 1439 1439 1439 1439 1439 1439
    1439 1439 1439 1439 1439 1439 1439 1439 1445 1445 1445 1445 3399 0
    1433 1433 1433 1433 1433 1433 1439 1439 1439 1439 1439 1439 1439
    1439 1439 1439 1439 1439 1439 1439 1445 1445 1445 3399 0 1433 1433
    1433 1433 1433 1433 1433 1433 1439 1433 1433 1439 1439 1439 1439
    1439 1439 1439 1439 1439 1445 1445 1445 3433 1410 1410 1433 1439
    1439 1433 1433 1433 1433 1439 1433 1433 1439 1439 1439 1439 1439
    1439 1439 1439 1439 1445 1445 1445 3433 1410 1410 1439 1439 1439
    1433 1433 1439 1439 1439 1433 1433 1439 1439 1439 1439 1439 1439
    1439 1439 1439 1445 1445 1445 3468 0 1439 1439 1439 1439 1439 1439
    1439 1433 1433 1433 1433 1439 1439 1439 1439 1439 1439 1439 1439
    1439 1445 1445 1445 3433 0 1439 1439 1439 1439 1439 1439 1439 1433
    1433 1433 1439 1439 1439 1439 1439 1439 1439 1439 1439 1439 1445
    1445 1445 3433 0 1445 1439 1439 1439 1439 1439 1439 1433 1433 1433
    1439 1439 1445 1439 1439 1439 1439 1439 1439 1439 1445 1452 1452
    3399 1445 1445 1445 1439 1439 1439 1439 1439 1433 1433 1433 1439
    1439 1439 1439 1439 1439 1439 1439 1439 1439 1445 1445 1445 1445
    1452 1445 1445 1439 1439 1439 1439 1439 1433 1433 1433 1439 1439
    1439 1439 1439 1439 1439 1439 1439 1439 1445 1445 1445 1445 1452
    1452 1439 1433 1433 1439 1439 1439 1439 1433 1433 1439 1439 1439
    1439 1439 1439 1433 1433 1439 1439 1445 1445 1445 1445 0 1452 1439
    1433 1433 1439 1433 1433 1433 1433 1433 1433 1433 1439 1439 1439
    1439 1433 1433 1439 1439 1445 1445 1445 3238 0 1452 1439 1433 1433
    1439 1433 1433 1433 1433 1433 1433 1433 1439 1439 1439 1439 1439
    1439 1439 1439 1445 1445 1445 3238 0 1439 1439 1433 1433 1439 1439
    1439 1433 1433 1433 1433 1433 1433 1439 1439 1439 1439 1439 1439
    1439 1439 1439 1439 3269 0 0 1439 1433 1433 1439 1439 1433 1433 1433
    1433 1433 1433 1433 1439 1439 1439 1439 1439 1439 1439 1439 1439
    1439 3365 0 0 0 1439 1439 1439 1439 1433 1433 1433 1433 1433 1433
    1439 1439 1439 1439 1439 1439 1439 1439 1439 1439 1445 1445 0 0 0
