<?xml version="1.0"?>
<opencv_storage>
<Depth6050 type_id="opencv-matrix">
  <rows>8</rows>
  <cols>50</cols>
  <dt>w</dt>
  <data>
    0 0 3614 3614 3614 3576 3539 3539 3539 3539 0 0 0 0 0 3503 3503 3503
    3503 2415 2415 2415 2415 2432 3503 3503 3503 3653 3692 3692 3653
    3653 3503 3503 3468 3468 3468 3433 3433 3399 3399 3365 3365 2301
    2301 3433 3433 3399 3399 3399 0 3653 3614 3614 3614 3576 3539 3503
    3503 3503 3503 0 3653 0 3503 3503 3503 3503 3503 3503 2415 2415 3539
    3503 3503 2485 2485 2485 3692 3692 3653 3653 3468 3468 3468 3468
    3433 3433 3433 3365 3365 3365 3365 3399 3399 3433 3433 3399 3399
    3399 3653 3653 3614 3614 3614 3576 3539 3503 3503 3503 3503 3653
    3653 3653 3614 3503 3503 3503 3503 3576 3539 3539 3539 3468 3468
    2485 2485 2503 2503 3692 3653 3576 3433 3433 3433 3433 3433 3433
    3399 3365 3365 3365 3365 3365 3399 3399 3433 3433 3399 3399 3614
    3614 3614 3614 3614 3576 3539 3539 3539 3539 3576 3614 3614 3614
    3614 3539 3503 3503 3503 3539 3539 3539 3539 3468 2541 2485 2485
    2503 2503 3692 3576 3539 3433 3433 3433 3433 3433 3433 3399 3399
    3399 3365 3365 3365 3365 3503 3503 3433 3399 3399 3614 3614 3576
    3576 3614 3576 3539 3539 3539 3539 3614 3614 3614 3614 3576 3503
    3503 3503 3503 3503 3503 3503 3503 3503 2541 2485 2485 2503 2503
    3692 3503 3503 3503 3468 3468 3468 3433 3433 3399 3399 3399 3365
    3365 3365 3365 3503 3503 3468 3468 3468 3692 3614 3576 3576 3576
    3539 3539 3539 3539 3576 3653 3653 3653 3653 3539 3503 3468 3468
    3503 3503 3503 3468 3468 3468 2579 2485 2485 3468 3433 3433 3468
    3468 3503 3503 3503 3503 3468 3468 3433 3433 3433 3433 3365 3365
    3399 3399 3399 3399 3399 3399 3692 3653 3576 3576 3576 3539 3539
    3539 3539 3576 3614 3614 3653 3539 3503 3468 3468 3468 3503 3503
    3503 3468 3468 3468 3468 3468 3468 3468 3433 3433 3468 3468 3503
    3539 3503 3503 3468 3433 3399 3399 3433 3433 3399 3399 3399 3399
    3399 3365 3333 3333 3653 3653 3614 3576 3576 3539 3539 3539 3539
    3576 3614 3614 3614 3539 3468 3433 3433 3433 3503 3503 3503 3503
    3503 3503 3503 3503 3503 3468 3468 3468 3468 3503 3503 3539 3539
    3503 3468 3399 3365 3365 3399 3433 3468 3433 3399 3399 3399 3365
    3300 3300</data></Depth6050>
</opencv_storage>
