<?xml version="1.0"?>
<opencv_storage>
<Depth10011 type_id="opencv-matrix">
  <rows>140</rows>
  <cols>95</cols>
  <dt>w</dt>
  <data>
    0 1904 1894 1883 1883 1904 1915 0 0 0 0 0 0 0 0 0 0 0 0 0 0 0 0 0 0
    0 0 0 0 0 0 0 0 0 0 0 0 0 0 0 0 0 0 0 0 0 0 0 0 0 0 0 0 0 0 0 722
    720 720 0 0 0 0 0 0 0 701 701 698 698 694 691 691 693 694 0 0 0 0 0
    0 0 0 0 0 0 0 1804 1804 1813 1813 1804 1804 1804 1794 0 0 1904 1904
    1904 1904 1915 1936 0 0 0 0 0 0 0 0 0 0 0 0 0 0 0 0 0 0 0 0 0 0 0 0
    0 0 0 0 0 0 0 0 0 0 0 0 0 0 0 0 0 0 0 0 0 0 0 0 723 716 714 714 0 0
    0 0 0 703 701 700 698 697 694 691 691 694 694 698 0 0 0 0 0 0 0 0 0
    0 1823 1804 1804 1823 1823 1813 1804 1804 1804 0 0 0 1915 1915 1915
    1926 1936 1936 1936 1936 0 0 0 0 0 0 0 0 0 0 0 0 0 0 0 0 0 0 0 0 0 0
    0 0 0 0 0 0 0 0 0 0 0 0 741 739 739 0 0 0 0 0 0 0 0 0 716 714 713
    713 0 0 0 0 703 701 700 698 697 694 693 693 694 694 698 703 0 0 707
    707 0 0 0 0 0 1823 1823 1823 1823 1833 1823 1813 1813 1804 0 0 1947
    1947 1926 1926 1926 1936 1936 1936 1926 1926 1936 0 0 0 0 0 0 0 0 0
    0 0 0 0 0 0 0 0 0 0 0 0 0 0 0 0 0 0 0 0 0 0 0 741 739 739 741 0 0 0
    0 0 0 0 0 716 714 713 713 716 710 707 706 703 703 700 698 696 693
    693 693 694 696 698 703 704 710 707 707 0 0 0 0 0 1833 1833 1833
    1833 1843 1853 1813 1813 1823 0 0 1947 1947 1936 1936 1936 1936 1936
    1936 1926 1926 1936 0 0 0 0 0 0 0 0 0 0 0 0 0 0 0 0 0 0 0 0 0 0 0 0
    0 0 0 0 0 0 0 0 742 742 741 741 0 0 0 0 0 0 0 722 719 717 716 716
    714 710 707 704 703 703 700 697 694 693 691 691 693 694 698 703 704
    708 708 708 713 0 0 0 0 1843 1843 1843 1843 1853 1853 1853 1873 1853
    0 0 0 1959 1959 1947 1947 1936 1936 1936 1936 1936 0 0 0 0 0 0 0 0 0
    0 0 0 0 0 0 0 0 0 0 0 0 0 0 0 0 0 0 0 0 0 0 0 0 0 744 742 741 741 0
    0 727 725 725 725 722 720 717 716 716 714 708 706 704 703 701 700
    696 694 693 691 691 693 694 698 701 704 708 710 713 713 0 0 0 0 0
    1853 1853 1863 1863 1883 1894 1883 1883 0 0 0 1970 1970 1947 1947
    1947 1947 1947 1947 0 0 0 0 0 0 0 0 0 0 0 0 0 0 0 0 0 0 0 0 0 0 0 0
    0 0 0 0 0 0 0 0 0 0 746 744 742 741 739 738 734 727 725 725 723 722
    719 717 716 714 711 708 706 703 701 700 698 696 694 693 691 691 693
    694 698 701 704 708 711 713 716 722 727 0 0 0 0 1883 1883 1883 1894
    1894 1894 1894 0 0 0 1981 1981 1970 1970 1970 1970 0 0 0 0 0 0 0 0 0
    0 0 0 0 0 0 0 0 0 0 0 0 0 0 0 0 0 0 0 0 0 0 0 0 0 747 747 744 744
    741 741 739 738 734 730 728 725 723 720 717 716 714 714 708 707 704
    703 700 698 698 696 694 693 691 691 694 696 697 703 704 708 711 714
    717 722 727 730 0 0 0 0 0 0 1894 1894 1894 1894 0 0 0 0 0 0 1993
    1993 2005 0 0 0 0 0 0 0 0 0 0 0 0 0 0 0 0 0 0 0 0 0 0 0 0 0 0 0 0 0
    0 757 752 752 749 747 747 744 742 741 739 738 736 733 728 728 725
    722 719 717 716 714 710 708 707 704 703 700 698 698 696 694 693 693
    693 694 696 697 701 704 708 711 714 717 723 725 730 0 0 0 0 0 0 1904
    1894 1894 1926 0 0 0 0 0 0 2005 2005 2005 2028 0 0 0 0 0 0 0 0 0 0 0
    0 0 0 0 0 0 0 0 0 0 0 0 0 0 0 767 764 762 757 752 752 749 749 747
    744 741 741 739 736 734 733 728 727 725 722 719 716 716 716 710 708
    707 704 703 700 698 697 697 694 691 690 690 691 696 697 700 706 708
    711 714 720 723 725 730 733 0 0 0 0 0 0 0 1936 1936 0 0 0 0 0 0 2016
    2005 2005 2028 2028 0 0 0 0 0 0 0 0 0 0 0 0 0 0 0 0 0 0 0 0 0 0 0 0
    771 767 764 762 759 755 754 750 749 747 744 741 741 739 736 734 731
    728 727 725 722 717 716 716 714 710 708 707 704 701 700 698 697 696
    693 690 688 688 690 694 697 700 704 707 711 714 719 723 727 730 733
    734 0 0 0 0 0 1936 1936 1936 0 0 0 0 0 2040 2028 2028 2028 2028 2028
    0 0 0 0 0 0 0 0 0 0 0 0 0 0 0 0 778 776 776 778 774 774 773 771 769
    767 764 761 757 755 752 750 749 747 744 741 741 739 736 733 731 728
    727 725 722 717 716 716 714 710 708 707 703 701 698 697 696 694 691
    690 688 688 690 694 697 700 704 706 713 713 717 723 727 731 734 734
    736 0 0 0 0 0 0 0 0 0 0 0 2090 2040 2040 2040 2040 2040 2040 0 0 0 0
    0 0 0 0 0 0 0 0 0 0 0 0 778 776 776 778 774 774 773 771 769 767 764
    759 755 755 752 750 747 746 744 741 741 739 736 733 728 728 725 723
    720 717 716 714 713 708 707 706 703 701 698 696 694 693 691 688 688
    688 690 697 697 700 704 706 713 713 716 722 727 731 734 736 736 750
    750 0 0 0 0 0 0 0 0 2090 2090 2065 2053 2053 2078 0 0 0 0 0 0 0 0 0
    0 0 0 0 0 0 0 794 794 780 778 778 778 774 773 771 769 767 766 762
    759 755 754 752 749 746 744 742 741 741 738 736 731 728 727 725 722
    720 717 716 714 708 708 707 704 703 701 698 696 694 691 691 688 688
    688 688 697 697 701 706 707 711 714 716 722 733 733 736 738 739 749
    749 759 762 0 0 0 0 0 2129 2090 2090 2078 2078 2078 2078 0 0 0 0 0 0
    0 0 0 0 0 0 0 0 794 794 794 792 789 781 780 778 774 773 771 767 766
    764 762 757 754 754 750 747 746 744 741 739 739 738 734 731 727 725
    722 720 719 716 716 714 708 707 706 704 703 700 697 694 693 691 690
    688 688 688 688 697 697 700 706 707 711 716 716 719 733 733 736 739
    741 749 749 759 761 761 0 0 0 2143 2129 2116 2090 2090 0 0 0 0 0 0 0
    0 0 0 0 0 0 0 0 0 800 794 794 792 790 787 783 781 778 776 773 771
    767 766 764 761 757 754 752 750 746 744 742 741 739 739 736 734 731
    727 723 722 720 717 716 714 713 708 707 706 704 701 698 697 694 693
    690 690 687 687 688 690 697 697 700 706 710 711 713 717 719 734 734
    738 741 742 749 749 759 761 761 0 0 2143 2143 2129 2129 2129 0 0 0 0
    0 0 0 0 0 817 815 815 811 809 807 805 802 800 796 794 790 789 787
    785 780 778 774 771 769 766 764 762 761 755 752 752 750 746 744 742
    739 739 739 734 733 728 727 723 720 719 717 716 714 711 708 707 704
    703 700 698 697 694 693 690 690 687 687 687 690 696 696 701 706 710
    711 713 717 722 733 733 736 739 742 749 749 759 762 764 767 767 2143
    2143 2129 2129 2129 0 0 0 0 0 0 0 0 821 817 815 815 811 809 803 802
    800 798 796 792 790 787 785 781 780 778 774 771 769 766 764 762 761
    755 752 750 749 746 744 741 739 738 738 734 731 728 725 722 720 719
    717 716 713 711 707 704 704 703 698 697 697 694 693 690 688 687 687
    687 690 696 696 701 706 708 711 717 717 722 733 733 736 739 742 746
    749 759 762 766 767 767 0 0 0 0 0 0 0 0 0 0 0 0 0 821 819 817 815
    809 807 803 802 800 796 792 790 789 785 783 780 780 776 774 771 767
    766 764 762 759 754 752 749 747 746 744 741 739 738 738 734 731 728
    725 722 720 719 716 714 713 710 707 704 703 700 698 697 696 694 693
    690 688 687 687 687 693 697 697 701 704 708 711 719 719 725 733 733
    736 738 742 746 746 762 762 767 769 769 0 0 0 0 0 0 0 0 0 0 0 0 0
    821 819 817 811 809 805 802 800 798 794 792 789 785 783 780 780 778
    776 773 769 767 764 762 761 757 752 750 749 747 746 744 739 738 738
    736 733 728 727 723 722 720 717 716 714 711 708 706 704 703 700 698
    697 696 693 691 690 687 687 687 687 693 697 697 700 704 708 711 719
    719 727 733 733 736 738 742 742 764 764 767 767 769 769 0 0 0 0 0 0
    0 0 0 0 0 0 0 821 819 817 811 809 805 802 800 798 794 792 789 785
    783 780 780 776 773 769 767 766 764 759 757 755 752 750 749 746 744
    742 739 738 736 734 733 728 727 723 722 719 717 716 714 711 708 706
    704 703 700 697 696 694 691 690 688 687 687 687 687 693 697 697 700
    704 708 711 719 719 727 731 731 736 738 742 742 764 764 767 767 769
    771 0 0 0 0 0 0 0 0 0 0 0 0 0 819 817 815 811 807 805 802 800 798
    794 792 790 785 781 780 778 776 771 767 766 764 761 759 757 754 752
    750 747 746 744 741 739 738 734 734 731 728 727 723 720 719 716 714
    714 711 707 706 703 703 700 697 694 693 691 690 688 687 686 686 687
    694 697 697 701 707 708 711 713 719 727 730 730 734 738 742 749 749
    754 764 767 767 769 0 0 0 0 0 0 0 0 0 0 0 0 0 819 817 815 809 805
    803 802 800 796 794 792 789 785 781 780 778 774 771 767 766 764 761
    759 755 754 752 749 746 744 741 739 738 736 733 733 728 728 727 723
    720 717 716 714 713 710 707 704 703 701 698 696 693 693 691 690 687
