<?xml version="1.0"?>
<opencv_storage>
<Depth3930 type_id="opencv-matrix">
  <rows>17</rows>
  <cols>10</cols>
  <dt>w</dt>
  <data>
    0 0 0 5933 5933 6038 6038 6038 6038 6038 0 0 0 5933 5933 5933 5933
    6038 6038 6038 0 0 0 5933 5933 5933 5933 6038 6038 6038 0 0 5832
    5832 5933 5933 5933 6038 6146 6146 0 0 5832 5832 5933 5933 5933 6038
    6146 6259 0 5933 5933 5933 5933 6038 6038 6038 6038 7030 0 5933 5933
    6038 6038 6146 6038 6038 6038 7030 0 5933 5933 6038 6038 6038 6038
    6038 7332 7332 6038 5933 5933 6038 6038 6038 6038 7178 7178 7332
    5933 5933 6038 6038 5933 5933 6038 7178 7178 7332 5933 5933 6038
    6038 5933 5933 6038 7178 7332 7332 6038 6038 6038 6038 6038 6038
    6259 7332 7332 7332 6146 6146 6146 6146 6146 6146 7178 7492 7332
    7332 6146 6146 6259 6259 6259 6375 7178 7492 7332 7332 6146 6146
    6259 6259 6259 7492 7492 7492 7492 7492 6038 6038 6038 6038 6038
    7332 7332 7492 7492 7492 6038 6038 6038 6038 7492 7332 7332 7492
    7492 7492</data></Depth3930>
</opencv_storage>
