<?xml version="1.0"?>
<opencv_storage>
<Depth5585 type_id="opencv-matrix">
  <rows>68</rows>
  <cols>47</cols>
  <dt>w</dt>
  <data>
    5460 5460 5460 5460 5460 5460 5460 5548 5640 5640 5640 5640 5548
    5548 1516 1509 1509 1503 1503 1503 1509 1509 1509 1509 5460 5460
    5374 5291 5291 5210 5210 5210 5210 5210 5132 5132 5056 5056 5056
    5056 4911 4911 4842 4842 4911 4911 4911 5374 5460 5460 5374 5374
    5374 5460 5548 5640 5640 5640 1543 1543 1543 1516 1509 1503 1496
    1489 1489 1496 1509 1509 1509 1516 1516 5374 5374 5291 5210 5210
    5210 5210 5210 5132 5056 5056 5056 5056 5056 4911 4842 4842 4842
    4911 4911 4911 5374 5374 5460 5374 5374 5374 1572 1564 1550 1543
    1543 1536 1529 1523 1509 1509 1496 1496 1489 1489 1496 1509 1509
    1509 1516 1529 1529 1536 1536 1536 5210 5210 5210 5210 5132 5056
    5056 5056 5056 4983 4911 4842 4842 4842 4911 4911 4911 5291 5374
    5460 5374 5374 1572 1572 1564 1550 1543 1536 1529 1523 1516 1509
    1503 1496 1489 1489 1489 1496 1509 1516 1516 1523 1529 1529 1536
    1536 1536 1550 1550 5210 5210 5132 5132 5056 5056 5056 4983 4911
    4911 4842 4842 4911 4911 4911 5291 5291 5291 1572 1572 1572 1564
    1557 1543 1536 1529 1523 1516 1509 1503 1496 1496 1489 1489 1489
    1496 1509 1516 1516 1523 1529 1529 1536 1536 1543 1550 1550 1550
    5210 5132 5132 5132 5056 5056 4983 4911 4842 4842 4842 4911 4911
    4842 5210 5210 5132 0 1564 1564 1564 1550 1543 1536 1529 1523 1516
    1509 1503 1496 1489 1489 1489 1489 1496 1509 1509 1516 1523 1529
    1529 1536 1536 1543 1550 1550 1564 1564 1564 1564 5132 5056 4774
    4774 4842 4842 4842 4842 4911 4911 4842 5132 5132 5132 0 0 1557 1557
    1550 1543 1536 1529 1523 1516 1509 1503 1489 1489 1489 1489 1489
    1503 1509 1509 1516 1523 1523 1529 1529 1536 1543 1550 1557 1564
    1564 1564 1564 1572 1579 1579 4774 4842 4842 4842 4842 4911 4842
    4842 5132 5132 5132 0 0 1557 1557 1550 1543 1536 1529 1523 1516 1503
    1496 1489 1489 1489 1489 1489 1503 1509 1509 1516 1523 1523 1529
    1529 1536 1536 1543 1557 1564 1572 1572 1572 1572 1579 1579 1594
    1609 1639 4842 4842 4911 4842 4774 5210 5210 0 0 0 1557 1557 1550
    1543 1536 1529 1516 1516 1503 1496 1489 1489 1489 1489 1489 1503
    1503 1509 1509 1516 1523 1529 1536 1536 1536 1543 1557 1564 1572
    1572 1572 1579 1594 1594 1594 1609 1624 1632 1632 4911 4842 4774
    5210 5210 0 0 0 1557 1557 1550 1543 1536 1523 1516 1503 1496 1489
    1489 1489 1489 1489 1489 1496 1503 1503 1509 1509 1523 1529 1529
    1529 1536 1543 1557 1564 1572 1572 1572 1579 1594 1601 1601 1609
    1616 1624 1624 1632 1632 4774 5291 5291 5291 0 1557 1557 1557 1550
    1543 1536 1523 1516 1503 1496 1489 1489 1489 1489 1489 1489 1496
    1496 1503 1509 1509 1523 1529 1529 1529 1536 1543 1564 1564 1572
    1572 1572 1586 1594 1601 1601 1609 1616 1624 1624 1632 1632 1639
    5210 5210 5210 0 1557 1557 1557 1543 1543 1536 1523 1516 1496 1496
    1489 1489 1489 1489 1489 1489 1496 1496 1503 1509 1509 1516 1529
    1529 1529 1543 1543 1564 1564 1564 1564 1572 1579 1594 1594 1601
    1609 1616 1624 1624 1632 1632 1639 5210 5210 5210 0 1550 1550 1550
    1536 1529 1523 1516 1509 1489 1489 1489 1483 1483 1483 1483 1483
    1489 1503 1503 1509 1509 1516 1523 1529 1529 1536 1543 1564 1564
    1564 1564 1572 1579 1594 1594 1601 1609 1616 1624 1624 1632 1639
    1639 5210 5210 5210 1543 1543 1543 1543 1536 1523 1523 1516 1509
    1489 1489 1489 1483 1483 1483 1483 1483 1489 1496 1503 1509 1516
    1516 1516 1523 1529 1536 1543 1557 1564 1564 1564 1564 1579 1586
    1594 1601 1601 1624 1632 1632 1632 1639 1639 5210 5210 5210 1543
    1543 1543 1536 1529 1523 1516 1509 1509 1489 1489 1483 1483 1483
    1483 1483 1483 1489 1496 1503 1509 1509 1516 1516 1523 1529 1536
    1543 1557 1557 1564 1564 1564 1579 1586 1594 1601 1601 1616 1624
    1632 1632 1639 1639 5210 5210 5210 0 1543 1543 1536 1529 1523 1516
    1509 1503 1489 1483 1483 1477 1477 1477 1483 1483 1489 1489 1503
    1509 1509 1509 1516 1516 1529 1536 1543 1550 1557 1564 1564 1572
    1579 1586 1594 1594 1601 1616 1616 1624 1632 1632 1639 5132 5210
    5210 1543 1543 1543 1543 1529 1523 1516 1516 1503 1489 1483 1477
    1477 1477 1477 1483 1483 1489 1489 1496 1503 1509 1509 1516 1516
    1529 1536 1543 1550 1550 1557 1564 1572 1579 1586 1594 1594 1601
    1616 1616 1624 1624 1632 1632 5132 5132 5132 1543 1543 1543 1536
    1523 1516 1516 1509 1503 1489 1483 1477 1477 1477 1477 1483 1483
    1489 1489 1496 1503 1509 1509 1509 1516 1523 1536 1543 1543 1550
    1557 1564 1572 1579 1586 1594 1594 1601 1609 1616 1616 1616 1616
    1632 5132 5132 0 1543 1543 1543 1529 1523 1516 1516 1509 1503 1489
    1483 1477 1477 1477 1477 1483 1483 1489 1489 1489 1503 1509 1509
    1509 1516 1523 1536 1543 1543 1550 1557 1564 1572 1572 1579 1586
    1594 1601 1609 1616 1616 1616 1616 1616 5132 5132 0 1536 1536 1536
    1529 1523 1516 1516 1509 1496 1489 1483 1477 1477 1477 1477 1483
    1483 1483 1489 1489 1503 1509 1509 1509 1516 1523 1529 1536 1543
    1550 1550 1564 1572 1572 1579 1586 1594 1594 1609 1616 1616 1609
    1609 1609 5132 5132 0 1536 1536 1529 1529 1523 1516 1509 1489 1489
    1489 1483 1477 1477 1477 1477 1477 1483 1483 1489 1489 1503 1503
    1509 1509 1516 1523 1529 1536 1543 1543 1550 1564 1564 1572 1579
    1579 1594 1594 1609 1609 1609 1609 1609 1609 5132 0 0 0 1536 1529
    1529 1523 1516 1509 1489 1489 1483 1477 1470 1464 1464 1464 1470
    1483 1483 1489 1489 1496 1503 1503 1509 1509 1516 1529 1536 1536
    1543 1550 1564 1564 1572 1579 1579 1586 1594 1601 1609 1609 1609
    1609 1609 5132 0 0 0 1536 1536 1529 1523 1516 1509 1489 1483 1477
    1470 1464 1464 1458 1458 1464 1470 1483 1483 1483 1489 1496 1503
    1509 1509 1516 1529 1536 1536 1543 1550 1564 1564 1572 1579 1579
    1586 1594 1601 1609 1609 1609 1624 1632 5132 5132 0 1536 1536 1536
    1523 1516 1509 1503 1489 1483 1477 1470 1464 1458 1458 1458 1464
    1470 1483 1483 1483 1489 1496 1503 1509 1509 1516 1529 1536 1536
    1543 1550 1557 1564 1572 1579 1579 1586 1594 1601 1609 1609 1616
    1624 1632 5132 0 0 1536 1536 1536 1516 1509 1509 1489 1489 1483 1477
    1470 1464 1458 1458 1458 1464 1470 1483 1483 1483 1489 1496 1503
    1509 1509 1516 1529 1529 1536 1543 1543 1543 1557 1572 1579 1586
    1586 1594 1601 1601 1609 1616 1624 1632 5132 0 0 0 1543 1536 1516
    1509 1503 1489 1483 1483 1477 1470 1464 1458 1458 1464 1464 1470
    1483 1483 1483 1489 1496 1503 1509 1509 1516 1529 1529 1536 1543
    1543 1543 1557 1572 1579 1586 1586 1594 1601 1601 1609 1616 1616
    1624 5210 0 1543 1543 1543 1536 1516 1509 1503 1489 1483 1483 1477
    1470 1464 1458 1458 1464 1464 1477 1477 1483 1483 1489 1496 1496
    1509 1509 1516 1529 1536 1536 1543 1543 1543 1557 1564 1572 1579
    1579 1586 1601 1601 1609 1616 1616 1624 0 0 0 1543 1536 1529 1516
    1509 1489 1489 1483 1483 1477 1464 1458 1458 1458 1464 1464 1470
    1477 1477 1483 1489 1496 1496 1503 1509 1516 1529 1536 1536 1536
    1543 1543 1557 1564 1572 1572 1579 1586 1601 1601 1609 1609 1609
    1609 0 0 0 1536 1529 1529 1516 1509 1489 1489 1483 1483 1477 1464
    1458 1458 1458 1458 1464 1470 1470 1477 1483 1483 1496 1496 1503
    1509 1516 1529 1529 1536 1536 1543 1543 1557 1564 1564 1572 1572
    1579 1594 1601 1601 1609 1609 1609 0 0 0 1536 1529 1523 1516 1489
    1489 1489 1483 1483 1477 1464 1458 1458 1458 1458 1464 1470 1470
    1470 1477 1483 1496 1496 1503 1509 1516 1523 1529 1536 1536 1543
    1543 1557 1564 1564 1572 1572 1572 1594 1601 1601 1609 1609 1609 0 0
    0 1529 1523 1516 1509 1489 1489 1489 1483 1477 1470 1458 1452 1452
    1452 1458 1464 1470 1470 1470 1477 1489 1489 1496 1496 1503 1516
    1516 1523 1529 1536 1536 1550 1557 1564 1564 1564 1572 1572 1594
    1601 1601 1609 1609 1609 0 0 0 1529 1523 1516 1509 1489 1489 1483
    1483 1470 1464 1458 1452 1452 1452 1458 1464 1464 1470 1470 1477
    1489 1489 1496 1496 1503 1509 1516 1523 1529 1536 1536 1543 1550
    1564 1564 1564 1572 1572 1594 1601 1601 1601 1609 1609 0 0 0 1529
