<?xml version="1.0"?>
<opencv_storage>
<Depth4312 type_id="opencv-matrix">
  <rows>18</rows>
  <cols>9</cols>
  <dt>w</dt>
  <data>
    4295 4241 4241 4295 4295 4295 4241 4241 4241 4295 4295 4295 4241
    4241 4241 4241 4241 4241 4241 4241 4295 4241 4241 4241 4190 4190
    4190 4241 4241 4241 4190 4190 4190 4190 4190 4190 4190 4190 4190
    4190 4190 4190 4241 4241 4241 4190 4190 4190 4190 4190 4190 4190
    4241 4241 4139 4139 4139 4190 4241 4190 4190 4241 4241 4089 4089
    4139 4139 4241 4241 4190 4190 4241 4089 4089 4139 4139 4241 4241
    4190 4190 0 4139 4139 4190 4190 4241 4190 4190 4241 0 4190 4190 4190
    4190 4190 4139 4139 4139 0 4190 4190 4241 4241 4190 4139 4139 4139 0
    4241 4241 4241 4241 4190 4190 4089 4089 0 4241 4241 4241 4241 4190
    4190 4089 4089 4089 4295 4241 4241 4241 4190 4190 4139 4139 4139
    4139 4139 4139 4139 4190 4190 4190 4190 4190 4139 4139 4139 4139
    4241 4241 4241 1415 1415 4139 4139 4139 4139 0 1427 1421 1421 1410</data></Depth4312>
</opencv_storage>
