<?xml version="1.0"?>
<opencv_storage>
<Depth0296 type_id="opencv-matrix">
  <rows>12</rows>
  <cols>12</cols>
  <dt>w</dt>
  <data>
    0 0 4241 4241 4190 4190 4139 4041 4041 4041 4241 4241 0 0 4241 4190
    4190 4089 4089 4041 4041 4089 4089 4190 0 4190 4190 4190 4139 4041
    4041 4041 4089 4089 4089 4190 4190 4190 4190 4190 4139 4041 3994
    3994 3994 4089 4089 4089 4041 4041 4139 4089 4089 3994 3903 3903
    3994 4089 4089 4089 3994 4041 4089 4041 3994 3994 3903 3903 3903
    3903 4241 4241 3994 4041 4041 4041 3994 3994 4089 4190 4190 4241
    4241 0 3994 4041 4041 4041 3994 3994 3994 4190 4241 4241 4241 4190
    4041 3994 3994 3994 3994 3994 3994 4241 4241 4190 4190 4190 3994
    3994 3994 3994 4041 4041 4089 4190 4139 4139 4139 0 3994 3994 3994
    4041 4041 4041 4089 4089 4139 4139 4139 0 3948 3994 3994 4041 4041
    4041 4089 4089 0 0 1536 0</data></Depth0296>
</opencv_storage>
