<?xml version="1.0"?>
<opencv_storage>
<Depth18550 type_id="opencv-matrix">
  <rows>117</rows>
  <cols>142</cols>
  <dt>w</dt>
  <data>
    5056 5056 4983 4983 5132 5056 5056 5056 5056 5056 5056 5132 5210 0 0
    0 0 0 0 0 0 798 796 796 781 778 776 776 780 787 776 776 778 783 783
    785 787 787 787 787 0 0 0 0 0 4842 4842 4842 4911 4983 4983 4911
    4842 4842 4842 4842 4842 4774 4774 4774 4774 4774 4774 4774 4774
    4774 4774 4774 4708 4708 4708 4708 4708 4708 4708 4708 4708 4645
    4582 4582 4645 4582 4582 4582 4582 4645 4645 4645 4645 4645 4645
    4645 4582 4582 4582 4522 4522 4522 4582 4582 4582 4582 4582 4582
    4582 4582 4582 4582 4645 4645 4645 4645 4645 4522 4522 4522 4522
    4522 4522 4522 4522 4522 4582 4582 4708 4708 4708 3653 3653 3653
    3653 3653 3653 3653 3433 3433 0 0 0 0 0 0 5056 5056 4983 4983 5132
    5056 5056 5056 5056 5132 5132 0 0 0 0 0 0 0 0 0 792 792 789 781 781
    778 769 769 767 767 769 771 771 771 771 771 783 781 781 781 783 783
    783 785 0 4842 4842 4842 4911 4983 4983 4911 4842 4842 4842 4842
    4842 4774 4774 4774 4774 4774 4774 4774 4774 4774 4774 4774 4708
    4708 4708 4708 4708 4708 4708 4708 4708 4645 4582 4582 4645 4582
    4582 4582 4582 4645 4645 4645 4645 4645 4645 4645 4582 4582 4582
    4522 4522 4522 4582 4582 4582 4582 4582 4582 4582 4582 4582 4582
    4582 4582 4582 4582 4582 4522 4463 4463 4522 4522 4522 4522 4522
    4522 4582 4582 4708 4708 3692 3653 3653 3653 3653 3653 3653 3653
    3433 3433 0 0 0 0 0 0 5056 5056 5056 5056 5132 5132 5132 5132 5132 0
    0 0 0 0 0 0 0 0 0 0 789 789 789 781 752 752 757 762 767 767 769 769
    767 767 767 767 774 778 778 780 781 781 783 783 783 783 783 780 5056
    5056 5056 5056 4842 4774 4774 4774 4774 4774 4774 4774 4774 4774
    4774 4774 4774 4774 4774 4774 4708 4708 4708 4708 4708 4708 4708
    4645 4645 4708 4645 4645 4645 4645 4645 4582 4582 4708 4708 4708
    4645 4645 4645 4645 4582 4582 4582 4582 4582 4582 4582 4582 4582
    4582 4582 4582 4582 4582 4582 4582 4582 4582 4582 4582 4522 4522
    4463 4463 4463 4522 4522 4522 4522 4522 4582 4645 4774 4842 3692
    3692 3692 3692 3692 3692 3653 3653 3653 3653 0 0 0 0 0 0 5056 5056
    5056 5132 5210 5210 5210 5210 0 0 0 0 0 0 0 0 0 0 0 0 789 789 790
    746 746 747 749 754 755 755 755 766 766 766 766 766 769 773 774 776
    774 774 774 776 776 778 780 780 780 781 781 781 4774 4774 4708 4708
    4708 4774 4774 4774 4774 4774 4774 4708 4708 4774 4774 4774 4708
    4708 4708 4708 4708 4708 4708 4645 4645 4708 4645 4645 4645 4645
    4645 4645 4645 4708 4645 4582 4582 4582 4582 4645 4582 4582 4582
    4582 4582 4582 4582 4522 4522 4582 4582 4582 4582 4582 4582 4582
    4582 4582 4582 4582 4522 4522 4463 4463 4463 4463 4522 4522 4522
    4522 4582 4582 4708 4842 3692 3692 3692 3692 3692 3692 3653 3614
    3614 3692 0 0 0 0 0 0 5132 5132 5132 5132 5210 5132 5132 0 0 0 0 0 0
    0 0 0 0 0 0 0 0 0 742 742 742 744 744 747 750 754 754 754 754 764
    762 762 766 767 769 771 771 769 769 771 771 774 776 778 780 781 781
    781 781 781 4708 4708 4708 4774 4842 4842 4708 4708 4774 4708 4708
    4774 4774 4774 4774 4708 4708 4708 4708 4708 4708 4708 4708 4708
    4708 4708 4645 4645 4645 4645 4645 4708 4645 4582 4582 4582 4582
    4582 4582 4582 4582 4582 4582 4582 4582 4522 4522 4582 4582 4582
    4582 4582 4582 4582 4582 4582 4582 4582 4522 4522 4463 4463 4463
    4463 4522 4522 4522 4582 4582 4582 4708 4842 3732 3692 3692 3692
    3692 3692 3653 3576 3576 0 0 0 0 0 0 0 5132 5132 5132 5132 5210 5132
    5132 5132 0 0 0 0 0 0 0 0 0 0 0 0 0 0 734 734 734 739 741 742 744
    747 749 749 747 747 750 759 761 762 762 764 764 767 767 767 769 773
    774 776 776 778 778 778 778 778 778 778 778 780 780 4708 4708 4708
    4911 4842 4774 4774 4774 4708 4708 4708 4708 4708 4708 4708 4708
    4708 4708 4708 4708 4645 4645 4645 4645 4582 4582 4645 4645 4582
    4582 4582 4645 4582 4582 4582 4582 4582 4582 4582 4522 4522 4522
    4582 4582 4582 4522 4522 4522 4582 4582 4582 4522 4522 4522 4522
    4463 4463 4463 4463 4463 4463 4522 4582 4582 4582 4582 4911 3732
    3653 3653 3653 3614 3614 3614 3503 3503 0 0 0 0 0 0 0 5132 5132 5132
    5132 5210 5132 5132 5132 0 0 0 0 0 0 0 0 0 0 0 0 730 730 730 730 731
    731 733 736 738 742 742 742 742 742 744 746 747 750 754 762 762 764
    764 766 766 767 767 767 771 774 773 773 773 773 774 776 778 780 780
    780 773 773 4842 4842 4774 4774 4708 4708 4708 4708 4708 4708 4708
    4708 4708 4708 4708 4708 4708 4582 4582 4645 4582 4582 4582 4582
    4645 4582 4582 4645 4645 4582 4582 4582 4582 4582 4582 4582 4522
    4522 4522 4522 4522 4522 4522 4522 4522 4582 4522 4522 4522 4522
    4522 4522 4522 4463 4463 4463 4463 4463 4522 4582 4582 4522 4522
    4522 3732 3653 3653 3653 3614 3614 3614 3503 3503 0 0 0 0 0 0 0 5132
    5132 5132 5132 5210 5132 5132 0 0 0 0 0 0 0 0 0 0 0 0 728 728 728
    728 728 728 728 728 730 731 739 741 741 741 741 741 742 744 747 747
    747 759 759 759 761 761 762 762 762 762 766 769 769 769 769 771 774
    776 776 776 773 773 773 771 774 774 4708 4708 4708 4708 4708 4708
    4708 4708 4708 4708 4708 4708 4708 4708 4582 4582 4645 4582 4582
    4582 4582 4582 4582 4645 4645 4645 4582 4582 4582 4582 4582 4582
    4582 4522 4522 4522 4522 4522 4522 4522 4522 4522 4582 4522 4522
    4522 4522 4522 4522 4463 4463 4463 4522 4522 4522 4582 4582 4582
    4522 4522 3774 3774 3732 3732 3653 3614 3614 3614 3576 3576 0 0 0 0
    0 0 0 5132 5132 5132 5132 5210 5210 5210 0 0 0 0 0 0 0 0 0 0 0 725
    725 727 728 728 728 727 727 727 727 728 731 736 736 736 738 738 741
    741 741 742 747 752 754 754 754 755 757 757 759 759 762 764 766 767
    767 767 769 773 773 773 769 769 769 771 774 774 774 771 4774 4774
    4774 4774 4708 4708 4708 4708 4708 4708 4708 4645 4645 4645 4645
    4645 4645 4645 4582 4582 4582 4645 4645 4645 4582 4582 4582 4582
    4582 4582 4582 4522 4522 4522 4582 4582 4582 4582 4582 4582 4582
    4522 4522 4522 4522 4522 4522 4463 4463 4522 4522 4522 4522 4582
    4582 4522 4522 4522 3732 3732 3732 3692 3653 3653 3653 3653 3653
    3653 0 0 0 0 0 0 0 5132 5132 5132 5132 5132 5132 5210 0 0 0 0 0 0 0
    0 0 0 0 725 725 727 727 728 727 727 725 725 725 725 725 728 730 730
    730 731 738 739 739 741 741 744 746 746 744 744 750 750 752 752 755
    759 761 762 764 764 764 767 767 766 766 766 767 769 773 774 773 771
    771 771 771 771 4708 4708 4708 4708 4708 4708 4708 4645 4645 4645
    4645 4645 4645 4645 4708 4645 4645 4645 4645 4645 4582 4582 4582
    4582 4582 4582 4582 4582 4522 4522 4582 4582 4582 4582 4582 4582
    4582 4522 4522 4522 4522 4522 4522 4522 4522 4522 4522 4522 4582
    4582 4582 4522 4522 4522 3732 3732 3692 3692 3653 3653 3653 3653
    3653 0 0 0 0 0 0 0 0 5132 5132 5132 5132 5132 5132 0 0 0 0 0 0 0 0 0
    0 0 0 725 725 727 727 728 727 725 725 725 723 723 723 725 727 727
    727 730 731 734 731 731 731 733 738 741 742 742 744 744 744 746 746
    749 752 757 757 757 757 761 762 762 764 764 766 767 769 773 773 771
    771 771 771 774 778 780 780 781 4708 4708 4708 4708 4645 4582 4522
    4522 4582 4582 4645 4645 4645 4645 4645 4645 4645 4645 4582 4582
    4582 4582 4582 4582 4582 4582 4582 4582 4582 4582 4582 4582 4582
    4582 4522 4522 4522 4522 4522 4522 4522 4522 4522 4522 4582 4582
    4582 4582 3774 3692 3692 3692 3653 3653 3653 3653 3653 3653 3692 0 0
    0 0 0 0 0 0 5132 5132 5132 5132 5132 0 0 0 0 0 0 0 0 0 0 0 0 0 725
    725 727 727 728 727 725 725 725 723 723 723 723 725 727 725 725 727
    727 727 728 730 731 731 734 736 736 739 739 741 741 741 744 746 749
    749 754 754 755 759 761 761 761 762 764 764 767 769 771 771 771 771
    774 778 778 781 781 773 773 774 774 4582 4582 4522 4522 4582 4582
    4645 4645 4645 4645 4645 4645 4645 4645 4582 4582 4582 4582 4582
    4582 4582 4582 4582 4582 4582 4582 4522 4522 4522 4522 4522 4582
    4522 4522 4522 4522 4522 4522 4522 4582 4582 4582 4582 4582 3732
    3653 3653 3653 3653 3653 3653 3653 3653 3653 0 0 0 0 0 0 0 0 0 5132
