<?xml version="1.0"?>
<opencv_storage>
<Depth0276 type_id="opencv-matrix">
  <rows>24</rows>
  <cols>6</cols>
  <dt>w</dt>
  <data>
    0 0 0 5734 5734 5832 0 0 5734 5734 5734 5734 0 0 5734 5734 5734 5640
    0 0 5734 5734 5734 5640 0 0 5548 5548 5734 5734 0 0 5548 5548 5734
    5734 0 0 5734 5734 5640 5640 0 0 5832 5734 5640 5640 0 0 5832 5734
    5734 5734 0 6146 5933 5832 5832 5933 0 6146 6038 6038 5933 5933 0
    6259 6038 6038 5933 5933 0 6146 6038 5832 5832 5933 0 6038 5933 5832
    5832 0 6146 5933 5933 5734 5734 0 6038 5933 5832 5734 5734 0 6038
    5832 5832 5734 5734 0 6038 5832 5832 5734 5734 0 6038 5832 5832 5832
    5832 0 6038 5832 5832 5832 5832 0 6038 5933 5933 5933 5933 0 6038
    5933 5933 5933 5933 0 6038 5933 5933 5933 0 0 6038 5933 5933 5933 0
    0</data></Depth0276>
</opencv_storage>
