<?xml version="1.0"?>
<opencv_storage>
<Depth5007 type_id="opencv-matrix">
  <rows>59</rows>
  <cols>49</cols>
  <dt>w</dt>
  <data>
    4405 4405 4405 4405 4405 4349 4349 4349 4349 4349 4349 4349 4349
    4295 4241 4241 4241 4241 4241 4241 4295 4295 4190 4089 4089 4139
    4139 1794 1794 1804 1813 1813 1804 1804 1794 1794 1794 1794 4041
    4041 3994 3994 3994 3948 3903 3903 3903 3859 3859 4405 4405 4405
    4405 4405 4349 4349 4349 4349 4349 4349 4349 4349 4349 4295 4241
    4241 4241 4241 1804 1804 1804 1804 1813 1804 1785 1785 1794 1794
    1804 1813 1804 1794 1794 1794 1794 1794 1794 4041 4041 3994 3994
    3994 3948 3948 3948 3903 3903 3903 4405 4405 4405 4405 4405 4349
    4349 4349 4405 4349 4349 4349 4349 4405 4295 1823 1804 1804 4241
    1804 1804 1794 1794 1804 1804 1785 1785 1794 1794 1804 1804 1794
    1794 1794 1794 1794 1785 1785 1785 3994 3994 3994 3994 3948 3948
    3903 3903 3903 3903 4405 4405 4405 4405 4405 4405 4405 4405 1785
    1785 1785 1785 1785 1794 1794 1794 1794 1794 1794 1804 1804 1794
    1794 1794 1794 1804 1804 1804 1804 1804 1804 1794 1794 1794 1794
    1794 1785 1785 1785 3948 3948 3948 3994 3948 3948 3903 3903 3903
    3903 1883 1873 1863 1863 1794 1794 1794 1794 1785 1785 1785 1785
    1785 1794 1785 1785 1794 1794 1794 1804 1804 1785 1785 1794 1794
    1804 1804 1804 1804 1804 1804 1794 1794 1794 1794 1794 1785 1785
    1785 3948 3948 3948 3948 3948 3948 3903 3903 3903 3903 1863 1853
    1843 1813 1794 1794 1785 1785 1785 1785 1785 1785 1785 1785 1785
    1785 1794 1794 1794 1794 1794 1785 1785 1794 1794 1804 1804 1804
    1794 1794 1804 1794 1794 1794 1794 1794 1785 1785 1785 3948 3948
    3948 3948 3948 3948 3903 3903 3903 3903 1863 1853 1843 1813 1794
    1785 1785 1785 1785 1785 1785 1785 1785 1785 1785 1785 1785 1794
    1794 1794 1794 1785 1785 1794 1794 1804 1804 1804 1794 1794 1804
    1804 1804 1804 1804 1794 1794 1794 1813 1813 3948 3948 3948 3948
    3948 3903 3903 3903 3903 1853 1843 1833 1813 1794 1785 1785 1785
    1785 1785 1785 1785 1785 1785 1785 1785 1785 1794 1794 1794 1794
    1794 1794 1794 1794 1804 1804 1804 1794 1794 1804 1804 1804 1804
    1804 1794 1794 1794 1813 1813 3948 3948 3948 3948 3903 3903 3903
    3903 3859 1853 1843 1833 1813 1794 1785 1785 1785 1785 1785 1785
    1785 1785 1785 1785 1785 1785 1794 1794 1794 1794 1794 1794 1794
    1794 1794 1794 1794 1794 1794 1804 1804 1804 1804 1804 1794 1794
    1804 1813 1813 3948 3948 3948 3903 3903 3903 3903 3903 3859 1853
    1843 1833 1813 1794 1785 1785 1785 1785 1785 1785 1785 1785 1785
    1785 1785 1785 1794 1794 1794 1794 1794 1794 1785 1785 1785 1785
    1794 1804 1804 1804 1804 1804 1794 1794 1804 1804 1804 1804 1804
    3994 3994 3948 3903 3903 3903 3903 3903 3903 1853 1853 1833 1813
    1794 1785 1785 1785 1785 1785 1785 1785 1785 1785 1785 1785 1794
    1794 1794 1794 1785 1785 1785 1785 1785 1785 1785 1794 1794 1804
    1794 1794 1794 1794 1794 1794 1794 1785 1785 1785 1785 3903 3903
    3903 3903 3903 3903 3903 3903 1853 1853 1833 1804 1794 1785 1776
    1776 1785 1785 1785 1785 1785 1785 1785 1785 1794 1794 1794 1785
    1785 1785 1785 1785 1785 1785 1785 1794 1794 1804 1794 1794 1785
    1785 1785 1785 1785 1785 1785 1785 1785 3903 3903 3903 3903 3903
    3903 3903 3903 1853 1853 1833 1804 1794 1785 1776 1776 1785 1785
    1785 1785 1785 1785 1785 1785 1785 1785 1785 1785 1785 1785 1785
    1785 1785 1785 1785 1794 1794 1794 1794 1794 1785 1785 1785 1785
    1785 1785 1785 1785 1785 1785 3948 3903 3903 3903 3903 3903 3903
    4645 1853 1833 1813 1804 1785 1785 1785 1785 1785 1785 1785 1785
    1785 1785 1785 1785 1785 1785 1785 1785 1785 1785 1785 1785 1785
    1785 1794 1785 1785 1794 1794 1794 1785 1785 1785 1794 1794 1785
    1785 1785 1785 3948 3948 3903 3903 3903 3903 3903 4582 1853 1833
    1823 1804 1785 1785 1785 1785 1785 1785 1785 1776 1776 1776 1776
    1785 1785 1785 1785 1785 1785 1785 1785 1785 1785 1785 1785 1785
    1785 1794 1794 1785 1785 1785 1785 1785 1794 1794 1785 1785 1785
    3948 3948 3948 3948 3948 3903 3903 4582 1853 1833 1823 1804 1785
    1776 1776 1776 1776 1776 1785 1776 1776 1776 1776 1785 1785 1785
    1785 1785 1785 1785 1785 1785 1785 1785 1785 1785 1785 1785 1785
    1785 1785 1785 1785 1785 1785 1794 1785 1785 1785 3903 3903 3948
    3948 3948 3903 3903 4463 1843 1843 1833 1813 1785 1776 1776 1776
    1776 1776 1776 1776 1776 1776 1776 1785 1785 1785 1785 1785 1785
    1785 1785 1785 1776 1776 1785 1785 1785 1785 1785 1785 1785 1785
    1785 1785 1785 1785 1785 1794 1804 3903 3903 3948 3948 3903 3903
    3903 4405 1853 1853 1833 1813 1785 1776 1776 1776 1776 1776 1776
    1776 1776 1776 1776 1776 1776 1776 1785 1785 1785 1785 1785 1785
    1776 1776 1785 1785 1785 1785 1785 1785 1785 1785 1785 1785 1785
    1785 1785 1785 1804 3816 3816 3948 3903 3903 3903 3903 4405 4405
    1853 1843 1823 1794 1785 1776 1776 1776 1776 1776 1776 1776 1776
    1785 1776 1776 1776 1785 1785 1785 1785 1785 1785 1785 1785 1785
    1785 1785 1785 1785 1785 1785 1785 1785 1785 1785 1785 1785 1785
    1794 3816 3816 3948 3903 3903 3903 3903 4405 4405 1853 1843 1823
    1804 1785 1776 1776 1776 1776 1776 1776 1776 1776 1785 1776 1776
    1776 1785 1785 1785 1785 1785 1785 1785 1785 1785 1785 1785 1785
    1785 1785 1785 1785 1785 1785 1785 1785 1785 1785 1794 4089 3948
    3948 3903 3903 3903 3859 4405 4405 1863 1843 1823 1804 1785 1776
    1776 1776 1776 1776 1776 1785 1785 1785 1776 1776 1776 1776 1776
    1785 1785 1785 1785 1785 1785 1785 1785 1785 1785 1785 1785 1785
    1785 1785 1785 1785 1785 1785 1785 1785 4089 3994 3948 3903 3903
    3859 3859 4405 4405 1853 1853 1833 1813 1785 1776 1776 1776 1776
    1776 1776 1776 1776 1785 1785 1776 1776 1776 1776 1785 1785 1785
    1785 1785 1785 1785 1785 1785 1785 1785 1785 1785 1785 1785 1785
    1785 1785 1785 1785 1785 1785 4041 3948 3903 3903 3859 3859 4405
    4405 1853 1853 1833 1813 1794 1785 1776 1766 1766 1776 1776 1776
    1776 1776 1776 1776 1776 1776 1776 1776 1776 1785 1785 1785 1785
    1785 1785 1785 1785 1785 1785 1785 1785 1785 1785 1785 1785 1785
    1785 1785 1785 1785 3903 3903 3903 3903 3903 4463 4463 1853 1853
    1833 1823 1804 1785 1776 1766 1766 1766 1776 1776 1776 1776 1776
    1776 1776 1776 1776 1776 1776 1776 1776 1785 1785 1785 1785 1785
    1776 1776 1776 1776 1785 1785 1785 1785 1785 1785 1785 1785 1785
    1785 3903 3903 3903 3903 3903 4463 4522 1853 1853 1833 1823 1804
    1785 1776 1766 1766 1766 1776 1776 1776 1776 1776 1776 1776 1776
    1776 1776 1776 1776 1776 1785 1785 1785 1785 1785 1776 1776 1776
    1776 1785 1785 1785 1785 1785 1785 1785 1785 1785 1785 3948 3903
    3903 3903 3903 4522 4522 1853 1853 1843 1823 1813 1794 1785 1776
    1776 1776 1776 1776 1776 1776 1776 1776 1776 1776 1776 1776 1776
    1776 1776 1785 1785 1785 1776 1776 1776 1776 1776 1785 1785 1785
    1785 1785 1785 1785 1785 1785 1776 1776 3948 3948 3903 3903 3903
    4463 4463 1853 1853 1853 1823 1813 1794 1785 1776 1776 1776 1776
    1776 1776 1776 1776 1776 1776 1776 1776 1776 1776 1776 1776 1785
    1785 1785 1776 1776 1776 1776 1776 1785 1785 1785 1785 1785 1785
    1776 1776 1776 1776 1776 1776 3903 3903 3903 3903 4463 4463 4463
    1863 1853 1823 1813 1794 1785 1776 1776 1776 1776 1776 1776 1776
    1776 1776 1776 1776 1776 1776 1776 1776 1776 1785 1785 1785 1776
    1776 1776 1776 1776 1776 1776 1785 1785 1785 1785 1776 1776 1776
    1776 1776 1776 3903 3903 3903 3903 4463 4463 4463 1863 1853 1833
    1813 1804 1785 1776 1776 1776 1776 1776 1776 1776 1776 1776 1776
    1776 1776 1776 1776 1776 1776 1776 1785 1785 1776 1776 1776 1776
    1776 1776 1776 1785 1785 1785 1785 1785 1776 1776 1776 1776 1776
    3948 3903 3903 3859 4405 4405 4405 1863 1843 1833 1823 1804 1785
    1776 1776 1776 1776 1776 1776 1776 1776 1776 1776 1776 1776 1776
    1776 1776 1776 1776 1776 1776 1776 1776 1776 1776 1776 1776 1776
    1785 1785 1785 1785 1785 1776 1776 1776 1766 1766 1766 3903 3903
    3859 4349 4349 4349 1863 1843 1833 1823 1804 1785 1776 1766 1766
