<?xml version="1.0"?>
<opencv_storage>
<Depth11079 type_id="opencv-matrix">
  <rows>93</rows>
  <cols>81</cols>
  <dt>w</dt>
  <data>
    3653 3653 3614 3614 3614 3614 3576 3576 3576 3576 3576 3503 3503 854
    849 849 851 851 851 851 0 913 913 913 913 913 910 910 910 910 908
    906 906 908 908 908 3238 3238 3208 3208 3208 3178 3149 3149 3149
    3120 3120 3120 3120 3120 3120 3120 3092 3092 3064 3064 3064 3037
    3037 3010 3010 3010 2984 2984 2958 2958 2933 2933 2958 2958 2958
    2933 2908 2908 2883 2883 2883 2883 2883 2859 2859 3653 3653 3614
    3614 0 0 0 0 0 843 0 851 854 854 854 854 854 849 849 849 891 913 913
    913 906 906 906 906 908 908 906 906 906 903 901 898 896 896 896 898
    898 898 898 3149 3149 3120 3120 3120 3120 3120 3120 3092 3092 3092
    3064 3064 3037 3037 3037 3010 3010 3010 3010 2984 2984 2958 2933
    2933 2958 2958 2958 2933 2933 2908 2883 2883 2883 2883 2883 2859
    2859 3732 0 0 0 0 0 0 0 0 0 0 851 851 851 849 849 849 845 845 891
    891 896 891 891 896 896 898 891 889 889 891 891 894 896 896 896 894
    894 894 894 896 896 894 894 894 894 896 896 3120 3120 3120 3092 3092
    3092 3064 3064 3037 3037 3037 3010 3010 3010 3010 2984 2984 2958
    2933 2933 2958 2958 2958 2933 2933 2933 2908 2908 2883 2883 2859
    2859 2859 3732 0 0 0 0 0 0 0 0 843 841 849 849 849 847 847 845 841
    839 839 839 896 891 891 896 896 889 887 885 885 885 882 882 887 894
    896 889 889 891 891 891 891 889 889 889 891 891 894 0 894 0 0 0 3092
    3064 3064 3037 3037 3037 3037 3010 3010 3010 3010 2984 2958 2933
    2933 2958 2958 2958 2933 2933 2933 2908 2908 2883 2883 2859 2859
    2859 0 0 0 0 0 0 0 0 845 843 841 841 841 843 843 843 841 841 839 839
    839 841 843 841 839 839 839 887 882 882 882 882 882 885 889 889 882
    882 891 885 875 875 878 878 878 891 891 894 894 0 0 0 0 0 0 0 3037
    3037 3037 3037 3010 3010 3010 3010 2984 2958 2933 2933 2958 2958
    2958 2933 2933 2933 2933 2933 2908 2908 2883 2859 2859 0 0 0 0 0 0 0
    845 843 843 841 841 841 841 841 841 839 839 839 839 839 839 837 837
    837 835 835 835 833 833 835 882 882 885 889 889 882 882 882 875 873
    873 878 878 878 878 878 825 829 0 0 0 0 0 0 0 0 0 0 0 0 3037 3010
    3010 3010 2958 2933 2933 2958 2958 2958 2933 2933 2933 2933 2933
    2908 2908 2859 2859 2859 0 0 0 0 0 0 0 845 843 843 841 841 841 841
    841 837 835 835 837 837 837 837 835 835 835 835 835 835 833 833 835
    837 837 829 829 833 833 835 875 875 871 871 878 878 878 878 825 0
    829 829 0 0 0 0 0 0 0 0 0 0 0 0 0 0 0 0 0 0 0 2984 2958 2958 2933
    2933 2933 2933 2908 2908 2859 2859 2859 0 0 0 0 0 0 0 845 843 843
    841 841 841 839 837 835 835 835 835 835 835 835 835 833 833 833 833
    833 831 831 833 833 831 829 829 833 833 835 835 833 833 871 831 831
    825 825 825 827 829 829 827 827 829 0 0 0 0 0 0 0 0 0 0 0 0 0 0 0 0
    0 2933 2933 2933 2933 2933 2933 2933 2908 2883 2859 2859 0 0 0 0 0 0
    0 845 845 843 841 841 841 839 837 835 835 835 835 835 833 833 833
    833 831 829 829 831 829 829 827 825 825 823 823 823 823 827 827 829
    829 833 831 831 823 823 823 827 827 825 825 827 825 825 0 0 0 0 0 0
    0 0 0 0 0 0 0 0 0 0 0 0 0 807 0 0 0 0 0 0 2859 0 0 0 0 0 0 0 845 845
    845 843 841 841 839 839 839 835 835 835 835 833 833 833 833 831 829
    829 829 827 827 827 823 823 821 821 819 817 817 817 817 815 815 815
    815 817 817 819 819 819 821 815 815 823 825 0 0 0 0 0 0 0 0 0 0 0 0
    0 0 0 0 0 0 0 0 807 807 0 0 0 0 0 0 0 0 0 0 0 847 845 845 847 843
    843 841 841 841 841 839 837 835 835 835 835 835 833 831 829 829 829
    827 827 825 823 821 821 819 819 815 815 815 815 815 815 813 813 813
    813 813 817 817 813 811 811 811 813 0 0 815 815 0 0 0 0 0 0 0 0 0 0
    0 0 0 0 0 802 807 807 807 807 807 0 0 0 0 0 0 0 0 847 847 847 847
    843 843 843 841 841 841 841 839 837 835 835 835 835 833 831 829 829
    829 827 827 825 823 821 821 819 819 813 813 813 813 813 813 811 811
    811 809 809 807 807 805 803 803 803 807 811 811 811 811 811 0 0 0 0
    807 807 807 807 807 807 805 805 803 802 802 803 803 805 807 809 0 0
    0 0 0 0 0 0 849 849 849 847 843 843 843 843 841 841 839 837 837 835
    835 835 835 833 831 831 829 829 827 827 825 823 821 821 819 819 813
    813 813 813 813 811 811 811 809 807 805 805 805 803 803 803 803 802
    802 803 803 803 802 802 802 802 803 803 803 803 805 807 805 803 803
    802 802 802 800 800 802 803 803 0 0 0 0 0 0 0 0 849 849 849 847 845
    843 843 843 843 841 839 837 837 835 835 835 835 831 829 829 829 829
    827 827 825 823 823 821 821 819 813 813 813 813 813 811 811 811 809
    807 805 805 805 803 802 802 802 800 800 800 800 800 798 798 798 798
    798 798 798 798 800 800 802 800 800 800 798 798 798 798 798 798 798
    0 0 0 0 0 0 0 0 849 849 849 849 847 845 845 843 843 841 839 839 837
    837 835 835 833 831 829 829 829 827 827 827 825 823 821 821 821 821
    815 815 815 813 813 813 811 811 809 807 805 805 805 803 802 802 800
    798 798 798 798 798 798 796 796 794 794 794 792 792 794 794 794 794
    796 794 794 792 792 794 794 792 789 789 0 0 0 0 0 0 851 849 849 851
    851 849 845 845 843 841 841 839 839 837 837 835 835 833 831 829 829
    829 827 827 827 825 825 821 821 821 821 817 817 815 813 813 813 811
    811 809 809 807 805 805 803 803 802 800 798 798 798 798 798 796 796
    796 794 794 794 792 792 792 790 790 790 789 789 787 787 787 787 787
    787 785 783 783 0 0 0 0 0 849 849 851 849 849 847 845 843 843 841
    841 841 839 837 837 835 835 835 831 831 831 829 829 829 827 827 825
    823 821 821 819 819 819 817 815 815 813 811 811 809 809 809 807 805
    803 803 803 802 800 800 798 798 798 796 796 796 796 794 794 792 792
    790 790 789 789 787 785 785 785 783 783 783 783 783 778 778 0 0 0 0
    0 849 849 851 849 849 847 845 843 843 841 841 841 839 837 837 835
    835 835 833 833 833 831 829 829 827 827 825 823 821 821 819 819 819
    817 817 815 813 811 811 811 809 809 807 805 805 803 803 802 800 800
    798 798 798 796 796 796 796 794 794 794 792 790 790 789 789 787 785
    785 783 783 783 781 781 781 778 778 0 0 0 0 0 851 851 851 851 849
    847 845 843 843 841 841 841 841 839 837 835 835 835 833 833 833 829
    829 829 827 827 825 823 823 823 819 819 819 817 817 815 813 813 811
    811 809 809 807 805 805 803 803 803 800 800 800 798 798 796 796 796
    796 794 794 794 792 792 790 790 789 787 785 785 783 783 783 781 781
    778 778 778 0 0 0 0 0 851 851 851 851 849 847 845 843 843 843 841
    841 841 839 837 835 835 835 835 833 833 829 829 829 827 827 825 825
    825 823 821 819 819 819 817 815 815 813 813 811 811 809 807 807 805
    803 803 803 802 802 800 798 798 798 796 796 796 796 794 792 790 790
    790 790 789 789 787 785 785 783 783 783 783 778 778 778 0 0 0 0 0
    851 851 851 851 851 849 847 843 843 843 843 843 841 841 839 837 837
    835 835 835 831 829 829 829 827 827 827 825 825 823 821 819 819 819
    817 817 815 813 813 811 811 809 805 805 805 803 803 803 802 802 800
    800 798 798 796 796 796 796 794 792 790 790 790 790 789 787 787 785
    785 783 783 783 783 780 778 776 0 0 0 0 0 851 851 851 851 851 849
    847 845 845 843 843 843 841 841 839 837 837 837 835 835 831 829 829
    829 829 829 827 825 825 823 821 821 819 819 817 817 815 815 813 811
    811 811 805 805 805 805 805 803 802 802 802 800 800 798 796 796 796
    796 794 794 792 792 790 790 789 787 787 785 785 783 783 783 783 780
    780 776 0 0 0 0 0 858 856 856 851 851 849 849 847 845 843 843 843
    841 841 839 837 837 837 835 835 833 831 831 829 829 829 827 827 825
    823 821 821 819 819 817 817 815 815 813 811 811 811 807 805 805 805
    805 803 803 803 802 802 800 798 798 798 798 798 796 796 792 792 790
    790 789 787 787 785 785 783 783 783 783 781 780 778 0 0 0 0 0 858
    858 856 851 851 849 849 849 847 845 843 843 841 841 839 837 837 837
    835 835 833 831 831 829 829 829 829 827 825 823 821 821 821 819 819
    817 815 815 813 813 813 811 807 805 805 805 805 803 803 803 802 802
    802 798 798 798 798 798 796 794 792 792 792 790 789 789 787 785 785
