<?xml version="1.0"?>
<opencv_storage>
<Depth3795 type_id="opencv-matrix">
  <rows>67</rows>
  <cols>58</cols>
  <dt>w</dt>
  <data>
    3994 3994 3994 3994 4041 4041 4089 4089 4089 4190 4190 4241 4241
    4241 4241 4295 0 0 0 0 0 0 1489 1489 1489 1489 1483 1483 4708 1477
    1477 1477 1477 1477 1464 1464 1477 1483 1503 1503 1509 1516 4983
    4983 4708 4582 4582 4582 4522 4522 4522 4522 4522 4522 4582 4522
    4522 4582 3994 3994 3994 3994 4041 4041 4089 4089 4089 4190 4190
    4241 4241 4241 4295 4295 0 0 0 0 0 1496 1489 1489 1489 1489 1483
    1483 1477 1477 1470 1470 1470 1464 1464 1464 1470 1477 1483 1503
    1509 1516 1536 1564 1572 4582 4582 4582 4582 4582 4582 4522 4522
    4522 4582 4582 4582 4582 3994 3994 3994 3994 4041 4041 4089 4041
    4041 4241 4241 4241 4241 4295 4295 4349 4349 1496 1489 1489 1489
    1489 1489 1489 1489 1489 1483 1477 1477 1477 1470 1470 1464 1464
    1464 1464 1464 1477 1483 1489 1509 1516 1536 1543 1564 1564 4582
    4582 4582 4582 4582 4582 4582 4582 4582 4582 4582 4645 3994 3994
    3994 3994 4041 4041 4041 4041 4041 4349 4241 4241 1516 1509 1503
    1503 1496 1496 1489 1489 1489 1489 1489 1483 1483 1489 1483 1477
    1477 1477 1470 1470 1464 1464 1464 1464 1464 1477 1483 1489 1496
    1516 1536 1543 1557 1572 1572 4582 4582 4645 4582 4582 4582 4582
    4582 4582 4582 4645 3994 3994 3994 3994 3994 4041 4041 4041 4041
    4041 1516 1516 1516 1509 1503 1503 1496 1496 1496 1489 1489 1489
    1489 1483 1483 1489 1483 1483 1477 1477 1470 1470 1464 1464 1464
    1464 1464 1477 1477 1489 1496 1516 1529 1536 1550 1557 1557 4708
    4708 4708 4645 4582 4582 4582 4582 4582 4645 4708 3994 3994 3994
    3994 3994 4041 4041 4139 4139 1516 1516 1516 1509 1503 1503 1496
    1496 1496 1496 1489 1489 1489 1489 1489 1489 1489 1483 1483 1483
    1477 1470 1470 1464 1464 1464 1464 1464 1470 1477 1489 1503 1509
    1529 1536 1543 1557 1557 4842 4842 4842 4842 4582 4582 4582 4645
    4708 4842 4842 3994 3994 3994 3994 4041 4041 1516 1516 1516 1516
    1516 1516 1509 1503 1503 1496 1496 1496 1496 1489 1489 1489 1489
    1489 1489 1483 1483 1483 1483 1477 1477 1470 1464 1464 1470 1470
    1470 1470 1477 1489 1503 1509 1516 1536 1543 1550 1550 4842 4842
    4842 4842 4842 4842 4842 4911 4911 4911 4911 3948 3994 3994 3994
    1523 1516 1516 1516 1516 1516 1516 1509 1503 1503 1503 1496 1496
    1496 1496 1489 1489 1489 1489 1489 1489 1483 1483 1483 1483 1483
    1483 1477 1477 1470 1470 1464 1464 1470 1470 1483 1503 1509 1516
    1536 1543 1550 1550 1550 4983 4983 4911 4911 4983 4911 4911 4911
    4911 4911 1516 1516 1516 1516 1516 1516 1516 1516 1516 1516 1509
    1509 1503 1503 1503 1503 1496 1496 1496 1489 1489 1489 1489 1489
    1489 1483 1483 1483 1483 1483 1483 1477 1477 1470 1470 1464 1464
    1470 1470 1483 1503 1509 1516 1529 1543 1550 1550 0 5056 5056 4983
    4983 4983 4983 4983 4911 4911 4911 1516 1516 1516 1516 1516 1516
    1516 1516 1516 1509 1509 1509 1503 1503 1503 1503 1503 1503 1496
    1489 1489 1489 1489 1489 1489 1483 1483 1483 1483 1483 1483 1477
    1477 1477 1470 1470 1470 1470 1470 1483 1503 1509 1516 1523 1536
    1550 1550 0 4983 4983 4983 4983 4983 4983 4983 4911 4911 4911 1523
    1523 1523 1523 1516 1516 1516 1516 1509 1509 1509 1509 1503 1503
    1503 1503 1503 1503 1496 1496 1489 1489 1489 1489 1489 1483 1483
    1483 1483 1483 1483 1483 1477 1477 1470 1470 1470 1477 1477 1483
    1503 1509 1516 1523 1536 1550 1550 1564 4983 4983 4983 4983 4983
    4983 4983 4983 4983 4911 1529 1529 1529 1529 1523 1523 1516 1516
    1509 1509 1509 1509 1503 1503 1503 1503 1503 1503 1503 1496 1496
    1489 1489 1489 1489 1489 1483 1483 1483 1483 1483 1483 1477 1477
    1470 1470 1477 1477 1477 1483 1496 1503 1516 1523 1536 1550 1564
    1564 0 4983 4983 4983 4983 4983 4983 4983 4983 4911 1543 1536 1529
    1529 1529 1523 1516 1516 1509 1509 1509 1509 1509 1509 1509 1509
    1509 1503 1503 1503 1496 1489 1489 1489 1489 1489 1483 1483 1483
    1483 1483 1483 1483 1477 1477 1477 1477 1477 1477 1483 1496 1503
    1509 1516 1543 1550 1564 1564 0 5056 5056 4983 4983 4983 4983 4983
    4983 4911 1543 1536 1529 1529 1529 1523 1516 1516 1516 1509 1509
    1509 1509 1509 1509 1509 1509 1503 1503 1503 1496 1489 1489 1489
    1489 1489 1489 1489 1489 1483 1483 1483 1483 1483 1477 1477 1477
    1477 1477 1483 1503 1503 1509 1516 1543 1550 1564 1564 1557 5056
    5056 5056 4983 4983 4983 4911 4911 4911 1543 1543 1536 1529 1529
    1523 1516 1516 1516 1509 1509 1509 1509 1509 1509 1509 1509 1509
    1503 1503 1496 1496 1496 1496 1496 1489 1489 1489 1489 1483 1483
    1483 1483 1483 1477 1477 1477 1470 1470 1489 1503 1503 1516 1516
    1536 1550 1557 1557 1557 5056 5056 5056 4983 4983 4983 4911 4911
    4911 1550 1543 1536 1529 1529 1523 1523 1523 1516 1516 1516 1509
    1509 1509 1509 1509 1509 1509 1503 1503 1496 1496 1496 1496 1496
    1496 1489 1489 1483 1483 1483 1483 1483 1483 1483 1477 1477 1470
    1470 1489 1503 1503 1516 1516 1536 1543 1557 1557 1557 1557 5056
    5056 4983 4983 4983 4911 4911 4911 1550 1550 1543 1536 1529 1523
    1523 1523 1516 1516 1516 1516 1509 1509 1509 1509 1509 1509 1503
    1503 1496 1496 1496 1496 1503 1496 1489 1489 1483 1483 1483 1483
    1483 1483 1483 1477 1470 1470 1470 1489 1496 1496 1509 1516 1536
    1543 1557 1557 1557 1564 4983 4983 4983 4983 4983 4911 4911 4911
    1536 1536 1536 1536 1529 1523 1523 1523 1516 1516 1516 1509 1509
    1509 1509 1509 1509 1509 1503 1503 1503 1503 1503 1496 1496 1496
    1489 1489 1489 1483 1483 1483 1483 1483 1477 1470 1470 1470 1470
    1483 1489 1496 1509 1516 1536 1543 1550 1557 1564 1564 4983 4983
    4983 4983 4983 4983 4983 4983 1536 1536 1536 1536 1529 1523 1523
    1523 1516 1516 1516 1509 1509 1509 1509 1509 1509 1509 1503 1503
    1503 1503 1503 1496 1496 1496 1489 1489 1489 1489 1489 1489 1483
    1483 1477 1470 1470 1470 1470 1483 1489 1503 1503 1523 1529 1536
    1550 1557 1564 1564 1564 5056 5056 5056 5056 4983 4983 4983 3816
    1536 1536 1536 1529 1523 1523 1523 1523 1516 1516 1509 1509 1509
    1509 1509 1509 1509 1503 1503 1503 1503 1489 1489 1496 1496 1496
    1489 1489 1489 1489 1489 1483 1483 1483 1477 1470 1470 1477 1483
    1483 1496 1496 1516 1529 1536 1550 1564 1564 1564 1557 5056 5056
    5056 5056 4983 4983 4983 3774 1529 1529 1529 1529 1529 1529 1523
    1516 1516 1516 1509 1509 1509 1509 1509 1509 1509 1503 1503 1503
    1503 1489 1489 1489 1496 1496 1496 1489 1489 1489 1489 1489 1483
    1483 1483 1477 1477 1477 1483 1483 1489 1496 1516 1523 1536 1543
    1557 1557 1557 1557 5132 5132 5056 5056 5056 4983 4983 3774 1529
    1529 1529 1536 1529 1529 1523 1516 1516 1516 1516 1516 1516 1516
    1516 1516 1509 1509 1509 1503 1503 1489 1489 1489 1496 1496 1496
    1489 1489 1489 1489 1489 1483 1483 1483 1483 1477 1477 1483 1483
    1489 1509 1516 1523 1536 1543 1557 1557 1557 1557 1557 5056 5056
    5056 5056 4983 4983 3774 1536 1536 1529 1529 1529 1523 1523 1523
    1516 1516 1516 1516 1516 1516 1516 1516 1509 1509 1509 1503 1503
    1496 1496 1496 1496 1496 1496 1496 1496 1496 1489 1489 1489 1483
    1483 1483 1477 1477 1483 1483 1489 1509 1516 1516 1529 1543 1557
    1564 1564 1564 5056 4983 4983 4983 5056 4983 4983 3816 1536 1536
    1529 1529 1529 1523 1523 1523 1516 1516 1516 1516 1516 1516 1516
    1516 1509 1509 1516 1509 1509 1496 1496 1496 1496 1496 1496 1496
    1496 1496 1489 1489 1489 1483 1483 1483 1483 1483 1483 1483 1489
    1503 1509 1516 1523 1543 1557 1557 1564 1564 5056 5056 4983 4983
    5056 5056 4983 3816 3816 1536 1536 1529 1529 1523 1523 1523 1523
    1523 1523 1516 1516 1516 1516 1516 1516 1516 1509 1509 1509 1503
    1503 1503 1496 1496 1503 1496 1496 1496 1489 1489 1489 1483 1483
    1483 1483 1483 1483 1483 1489 1503 1509 1516 1523 1543 1550 1557
    1557 1557 5056 5056 5056 5056 5056 5056 5056 3816 3816 1536 1536
    1529 1529 1529 1523 1523 1523 1523 1523 1523 1516 1516 1516 1516
    1516 1509 1509 1509 1509 1503 1503 1503 1503 1503 1503 1496 1496
