<?xml version="1.0"?>
<opencv_storage>
<Depth13704 type_id="opencv-matrix">
  <rows>30</rows>
  <cols>20</cols>
  <dt>w</dt>
  <data>
    6146 6038 6038 6038 6038 6038 6038 6038 6038 3399 3399 3399 3433
    3433 3468 3503 5734 5640 5640 5734 6146 6038 6038 6038 6038 6038
    6038 3365 3365 3365 3399 3399 3399 3433 3433 3468 5734 5734 5734
    5734 3433 3433 3433 3433 3433 3365 3333 3333 3365 3365 3365 3399
    3399 3433 3433 3433 3433 5734 5734 5734 3433 3433 3433 3433 3399
    3365 3333 3333 3365 3365 3365 3399 3399 3433 3433 3433 3433 5734
    5734 5734 3433 3433 3433 3399 3399 3365 3333 3333 3333 3365 3365
    3399 3399 3433 3433 3433 3433 5832 5734 5734 3433 3433 3433 3399
    3365 3365 3333 3333 3333 3365 3365 3399 3399 3433 3433 3433 3399
    3399 5734 5734 3433 3433 3433 3399 3365 3365 3333 3333 3333 3365
    3365 3399 3399 3399 3399 3399 3399 3399 5734 5734 3433 3433 3433
    3399 3399 3365 3333 3333 3333 3333 3365 3365 3399 3399 3399 3399
    3399 3399 5734 5734 3399 3399 3399 3399 3399 3399 3365 3365 3333
    3333 3365 3365 3365 3399 3399 3399 3399 3433 5734 5734 3399 3399
    3399 3399 3399 3399 3365 3365 3333 3333 3333 3365 3365 3399 3399
    3433 3433 3433 5734 5734 3399 3399 3399 3399 3399 3399 3365 3333
    3333 3333 3333 3365 3365 3399 3399 3433 3433 3433 5832 5734 6146
    3399 3399 3399 3399 3365 3365 3333 3333 3333 3333 3365 3365 3399
    3399 3399 3433 3433 3503 5734 6146 3433 3399 3399 3399 3365 3365
    3333 3333 3333 3333 3365 3399 3399 3399 3399 3433 3433 3468 5734
    6146 6146 3433 3399 3399 3365 3365 3333 3333 3333 3333 3333 3365
    3365 3399 3399 3433 3433 3468 3468 6146 6146 3433 3399 3399 3399
    3365 3333 3333 3333 3333 3333 3365 3365 3399 3399 3399 3399 3433
    3433 6146 6038 3433 3399 3399 3399 3365 3333 3333 3333 3300 3300
    3333 3365 3399 3399 3399 3399 3433 3433 6146 6038 3399 3399 3399
    3399 3365 3333 3333 3300 3300 3300 3300 3365 3365 3399 3399 3399
    3433 3433 6038 6038 3399 3399 3399 3399 3365 3333 3333 3300 3300
    3300 3300 3365 3365 3365 3399 3399 3433 3433 6038 6038 3365 3365
    3399 3399 3365 3333 3300 3300 3300 3300 3300 3333 3333 3333 3365
    3399 3433 3433 6038 6038 3365 3365 3399 3399 3365 3333 3300 3300
    3300 3300 3300 3333 3300 3300 3333 3365 3433 3433 6038 6038 3433
    3433 3399 3399 3365 3333 3333 3300 3300 3300 3300 3333 3300 3300
    3333 3365 3433 3433 6038 6038 6146 3433 3399 3399 3365 3333 3333
    3300 3300 3300 3300 3300 3300 3300 3333 3365 3433 3365 6146 6146
    3468 3433 3399 3399 3365 3333 3333 3300 3300 3300 3300 3300 3333
    3333 3333 3365 3433 3365 6146 6038 3433 3433 3399 3399 3365 3333
    3300 3300 3300 3300 3300 3333 3333 3333 3365 3399 3433 3433 6146
    6038 3433 3433 3399 3399 3365 3333 3300 3300 3300 3300 3300 3300
    3300 3333 3365 3399 3433 3433 6146 6038 3433 3433 3433 3399 3365
    3333 3300 3300 3300 3300 3300 3269 3269 3300 3333 3333 3433 3433
    6146 6146 6146 3433 3433 3399 3399 3333 3333 3300 3300 3300 3300
    3269 3238 3238 3333 3333 3433 3433 6146 6146 6146 6259 3433 3399
    3399 3365 3300 3300 3300 3300 3300 3269 3208 3208 5640 5734 5734
    5640 6146 6146 6146 6259 6146 3399 3333 3300 3300 3300 3300 3300
    3300 3238 3208 3208 5640 5734 5734 5640 6146 6146 6146 6146 6146
    6038 3333 3269 3269 3269 3300 3300 3300 3238 3238 5548 5640 5640
    5734 5734</data></Depth13704>
</opencv_storage>
