<?xml version="1.0"?>
<opencv_storage>
<Depth10947 type_id="opencv-matrix">
  <rows>113</rows>
  <cols>62</cols>
  <dt>w</dt>
  <data>
    3503 3503 3503 3503 3468 3468 3468 3468 3503 3503 3503 3503 3503
    3503 3503 3539 3539 3539 3576 3576 3576 3576 3614 3614 3576 3576
    3576 3576 3614 3614 3614 3576 3576 3614 3614 3653 995 995 992 992
    3653 3692 3692 3692 3692 3732 3732 3692 3692 3692 3692 3692 3692
    3692 3692 3732 3692 3692 3692 3692 3692 3692 3503 3503 3503 3503
    3468 3468 3468 3468 3468 3503 3503 3503 3539 3539 3539 3539 3539
    3539 3576 3576 3576 3576 3576 3614 3576 3576 3539 3539 3539 3653
    3653 3614 3614 3614 3614 3692 995 995 992 992 992 3692 3692 3692
    3692 3732 3732 3692 3692 3692 3692 3692 3732 3692 3692 3692 3692
    3692 3692 3692 3692 3692 3503 3503 3503 3503 3468 3468 3468 3468
    3468 3503 3503 3539 3539 3539 3539 3539 3539 3539 3576 3576 3576
    3576 3576 3614 3576 3576 3539 3539 3539 3653 3653 3653 3653 3653
    3653 992 992 995 992 992 992 992 973 975 975 984 984 978 978 975 975
    3732 3732 3692 3692 3692 3692 3692 3692 3692 3692 3692 3503 3503
    3503 3503 3503 3468 3468 3468 3468 3503 3539 3539 3539 3539 3539
    3539 3539 3539 3539 3539 3576 3576 3576 3614 3614 3614 3614 3614
    3614 3692 3692 3653 978 978 978 987 989 989 989 989 973 973 973 975
    975 975 978 975 975 970 970 973 967 967 962 959 959 3692 3692 3692
    3692 3692 3503 3503 3503 3503 3503 3468 3468 3468 3468 3503 3539
    3539 3539 3539 3576 3576 3539 3539 3539 3539 3576 3576 3576 3576
    3576 0 906 903 0 3692 0 3692 978 964 964 964 978 981 975 973 967 967
    967 970 970 970 970 967 951 948 943 943 943 951 959 959 959 962 962
    962 964 964 3503 3503 3503 3503 3503 3468 3468 3468 3503 3503 3503
    3503 3539 3539 3539 3576 3576 3539 3539 3576 3576 3576 908 908 908
    910 906 903 0 0 0 0 0 962 962 964 978 981 975 973 967 967 967 970
    970 970 970 956 951 948 943 943 940 940 948 959 959 962 959 959 962
    962 3503 3503 3503 3503 3503 3468 3468 3468 3503 3503 3503 3503 3539
    3539 3539 3576 3576 3539 3539 3539 898 898 908 908 908 910 906 903
    903 903 0 0 0 962 962 964 992 989 975 970 962 959 959 959 959 925
    925 925 925 925 933 938 935 935 943 954 954 959 959 959 959 959 3503
    3503 3503 3503 3503 3503 3503 3503 3503 3503 3503 862 862 864 864
    880 880 880 898 898 898 898 898 903 901 901 901 901 903 910 0 0 0 0
    0 854 854 970 970 970 962 959 959 959 0 0 920 920 920 923 928 933
    933 935 930 930 943 946 951 954 956 959 3503 3468 3468 3503 3539
    3539 3539 854 858 858 862 862 862 864 864 880 880 880 880 880 896
    896 896 898 898 898 901 901 910 910 0 0 0 0 0 0 0 854 854 854 869
    869 875 875 889 889 920 920 920 923 928 930 930 928 928 928 933 938
    946 951 956 0 3503 3468 3468 3468 851 854 854 0 0 858 858 858 858
    860 862 864 864 864 864 864 867 871 871 898 898 898 930 928 920 920
    0 0 0 0 0 0 0 854 854 854 869 869 875 875 889 889 891 891 925 925
    889 889 930 923 923 925 930 935 946 951 956 0 3503 3503 851 851 851
    854 854 835 835 858 858 856 856 858 856 856 856 860 860 851 851 869
    871 871 805 805 805 803 803 800 800 0 0 0 0 829 829 854 854 854 860
    864 873 873 887 887 891 891 887 887 889 889 915 915 920 925 930 935
    948 951 959 0 0 851 851 849 847 837 837 835 835 835 856 854 854 854
    854 854 849 845 845 843 843 843 843 843 803 803 805 803 803 800 800
    0 0 825 825 829 829 831 856 856 860 862 869 871 887 867 867 871 878
    885 887 891 915 915 920 925 930 940 948 954 962 970 0 851 849 845
    843 837 837 835 833 833 833 854 854 854 854 854 849 845 841 841 843
    843 843 843 803 803 805 803 803 802 802 809 813 819 823 829 829 829
    829 829 831 847 847 849 862 862 864 867 873 882 887 891 915 915 920
    925 933 940 948 959 967 970 0 849 847 845 843 839 837 835 833 831
    829 827 827 819 819 819 819 839 839 839 841 841 843 843 802 802 803
    803 803 805 805 809 813 819 819 821 825 829 829 829 831 841 845 847
    849 858 864 867 873 882 887 891 906 918 920 928 935 940 946 959 0 0
    0 849 847 845 843 839 837 835 833 831 829 827 823 819 819 817 815
    813 811 811 811 841 843 800 798 798 798 800 794 794 809 817 817 811
    809 809 815 821 825 829 831 837 845 847 849 858 864 867 880 882 889
    891 906 918 920 928 935 940 946 956 959 0 0 849 847 845 843 839 837
    835 833 831 829 827 823 819 819 817 815 813 811 811 807 805 803 800
    798 798 798 796 792 790 785 785 790 803 803 805 807 817 823 827 831
    837 843 847 851 858 867 875 880 885 889 894 906 918 920 925 930 943
    946 956 959 0 0 849 847 845 843 839 837 835 833 831 829 827 823 821
    819 819 815 813 811 809 807 805 803 800 798 798 798 794 792 790 785
    785 789 792 800 802 807 817 823 827 833 837 843 847 854 858 867 878
    882 885 891 901 913 918 920 925 930 946 948 956 959 0 0 851 847 845
    843 839 837 835 835 831 829 827 823 821 819 819 815 813 811 809 807
    805 803 800 798 798 798 794 792 790 789 789 789 792 800 800 805 815
    821 823 833 837 843 847 854 860 867 880 882 885 891 903 913 918 920
    928 933 946 951 959 962 0 0 851 849 847 843 839 837 835 835 833 829
    827 825 821 821 819 817 815 811 809 807 805 803 800 798 798 798 794
    792 790 790 790 790 794 798 800 805 815 821 823 835 837 843 849 854
    862 867 880 882 885 891 906 915 920 923 928 935 946 954 959 962 0 0
    851 851 847 845 841 839 837 835 835 829 827 825 821 821 819 817 815
    811 809 807 805 803 802 798 798 798 794 792 790 790 790 790 794 798
    800 819 819 821 823 833 839 843 849 854 862 869 880 882 887 891 903
    915 918 923 930 938 946 954 959 959 0 0 851 849 847 843 843 841 837
    837 835 829 827 825 823 821 819 817 815 811 809 809 805 803 802 798
    798 798 796 792 790 790 790 790 792 798 800 815 819 821 823 833 839
    845 847 858 862 871 880 882 887 891 896 915 918 925 933 940 948 954
    959 959 0 0 854 849 847 843 843 841 839 837 835 833 827 825 823 821
    819 819 815 813 811 809 807 803 800 798 798 798 796 792 790 790 790
    790 792 800 809 815 819 823 825 833 839 845 847 858 864 873 880 885
    889 891 896 915 920 925 933 940 951 956 959 959 0 0 854 849 845 845
    843 841 839 837 835 833 827 825 823 821 819 819 815 813 811 811 809
    803 800 800 798 798 796 794 792 792 792 792 792 800 813 815 819 823
    827 833 841 847 849 858 864 873 880 885 889 891 896 918 923 928 935
    940 951 956 959 962 0 0 854 849 845 845 843 841 837 837 835 833 829
    827 825 823 821 819 817 815 813 811 809 803 802 800 798 798 796 794
    792 792 792 792 796 802 813 815 819 823 829 835 841 845 854 860 864
    873 882 885 889 891 898 923 923 928 933 940 951 956 959 964 0 0 854
    851 849 847 845 841 837 837 835 835 829 827 825 823 821 819 817 815
    813 811 809 803 802 800 798 798 798 796 792 792 792 794 800 803 813
    815 819 823 831 835 841 845 856 864 867 871 882 889 891 896 901 920
    920 928 933 940 951 956 962 967 0 0 854 851 851 849 845 841 837 837
    835 835 829 829 827 823 821 819 819 815 813 811 809 803 803 800 798
    798 798 796 794 794 794 794 800 803 811 815 821 823 831 837 843 847
    858 864 867 871 882 889 894 898 908 920 920 928 933 943 951 956 962
    962 0 0 854 854 851 849 845 843 839 837 835 835 833 829 827 825 823
    819 819 815 813 811 807 805 803 800 798 798 798 796 794 794 794 794
    803 805 809 815 821 823 833 837 843 849 858 864 867 871 882 889 894
    898 908 918 920 928 935 946 951 956 962 962 0 0 854 854 851 849 845
    843 839 837 837 835 831 829 827 825 823 821 819 815 813 811 807 805
    803 800 798 798 798 796 794 794 794 796 805 807 809 815 823 823 833
    839 843 849 856 860 867 873 882 889 894 901 910 918 923 930 938 946
    951 959 962 962 0 0 854 854 851 851 847 843 841 839 837 835 831 829
    829 827 823 821 821 817 815 813 807 805 803 802 800 798 798 796 794
    794 794 796 803 807 809 815 823 827 835 839 845 849 856 860 867 875
    887 889 894 901 915 920 923 930 940 946 954 959 962 962 0 0 854 854
    851 851 847 845 843 841 839 837 833 833 829 825 823 821 821 819 815
