<?xml version="1.0"?>
<opencv_storage>
<Depth16119 type_id="opencv-matrix">
  <rows>85</rows>
  <cols>39</cols>
  <dt>w</dt>
  <data>
    5374 5374 5374 5374 5291 5291 5291 5291 5291 1177 1177 1177 1173
    1173 1169 1169 1169 1165 1165 1165 1165 5291 5291 5210 5210 5210
    5210 5291 5291 5291 5291 5291 5291 5291 5291 5291 5210 5210 5210
    5291 5374 5374 5374 5374 5374 5374 5374 1177 1173 1173 1169 1169
    1173 1169 1169 1169 1165 1165 1165 1202 1197 5210 5210 5210 5210
    5210 5291 5291 5291 5291 5291 5291 5291 5291 5291 5291 5210 5210
    5291 5374 5374 5374 5374 5374 5374 5374 1173 1165 1165 1165 1165
    1165 1165 1165 1169 1169 1169 1169 1202 1197 1197 1197 5210 1185
    1181 1181 1181 5291 5291 5291 5291 5291 5291 5291 5210 5210 5210
    5374 5374 5374 5374 5374 5374 5374 5374 1173 1141 1141 1138 1138
    1165 1165 1165 1169 1169 1173 1173 1189 1185 1185 1185 1185 1181
    1177 1177 1177 1177 5291 5291 5291 5291 5291 5291 5210 5210 5210
    5374 5374 5374 5374 5374 5374 1126 1126 1126 1126 1126 1123 1123
    1123 1123 1119 1119 1169 1169 1189 1189 1185 1181 1181 1185 1181
    1177 1177 1177 1177 1181 1177 1177 0 0 5291 5291 5291 5210 5460 5374
    5374 5374 5374 0 1126 1126 1126 1126 1119 1112 1108 1108 1115 1119
    1119 1123 1123 1138 1138 1138 1181 1119 1115 1115 1181 1181 1177
    1177 1181 1177 1177 0 0 1177 0 0 0 5460 5374 5374 5374 5374 0 0 1126
    1123 1115 1105 1105 1101 1101 1115 1119 1115 1115 1115 1130 1130
    1123 1115 1115 1112 1112 1112 1112 1181 1181 1181 1177 1177 0 0 0 0
    0 0 5374 5291 5291 5291 0 0 0 0 1105 1101 1094 1070 1067 1067 1063
    1063 1115 1115 1115 1130 1130 1123 1115 1115 1112 1108 1108 1108
    1070 1181 1181 1181 1181 0 0 0 0 0 0 5374 5291 5291 5291 0 0 0 0
    1105 1101 1077 1067 1067 1067 1063 1063 1063 1070 1070 1070 1070
    1070 1070 1090 1090 1084 1084 1070 1070 1070 1070 1181 1181 0 0 0 0
    0 0 5291 5291 5374 0 0 0 0 0 0 1054 1054 1060 1060 1067 1067 1067
    1067 1070 1067 1054 1054 1070 1070 1090 1077 1077 1077 1063 1063
    1067 1063 1063 1063 1063 0 0 0 0 0 5291 5291 0 0 0 0 0 0 0 1044 1044
    1047 1060 1013 1013 1013 1016 1016 1016 1054 1054 1054 1041 1041
    1047 1050 1054 1054 1057 1057 1060 1063 1063 1063 1063 0 0 0 0 5374
    0 0 0 0 0 0 0 0 1044 1044 1047 1007 1004 984 984 984 987 995 1007
    1016 1016 1028 1034 1041 1041 1047 1047 1047 1047 1050 1060 975 973
    970 970 0 0 0 5291 5291 0 0 0 0 0 0 0 0 0 970 970 975 978 978 978
    981 984 989 992 992 1016 1022 1022 1022 1031 1028 1028 1028 981 978
    973 970 967 967 0 964 0 5291 5291 0 0 0 0 0 0 0 0 967 967 967 970
    973 973 975 975 981 987 984 984 984 984 987 989 992 1025 1025 1025
    975 973 970 967 967 964 964 0 0 5460 0 0 0 0 0 0 0 0 967 964 964 964
    964 967 967 967 970 970 970 970 970 970 975 978 978 992 1025 978 975
    973 973 970 967 967 964 964 964 959 5374 0 0 0 0 0 0 0 970 967 964
    964 964 964 964 967 964 964 967 967 967 964 964 967 967 964 964 964
    964 964 964 962 962 962 962 962 959 959 959 5374 0 0 0 0 0 0 0 970
    967 967 962 962 962 964 964 964 962 962 962 962 962 964 962 962 962
    962 962 962 962 962 959 959 959 959 959 959 959 956 0 0 0 0 0 0 0 0
    970 967 967 962 962 962 964 964 964 962 962 962 962 962 962 962 962
    962 959 959 959 959 959 959 959 959 959 959 959 959 956 0 0 0 0 0 0
    0 0 973 970 967 962 962 962 964 964 964 967 962 962 962 962 962 962
    962 962 959 959 959 959 959 962 959 959 959 959 959 956 954 0 0 0 0
    0 0 0 0 970 970 967 964 964 964 964 964 964 964 964 964 964 962 962
    962 962 962 959 959 959 959 959 962 962 962 959 959 959 956 954 0 0
    0 0 0 0 0 0 970 967 967 964 964 964 964 964 964 964 964 964 962 962
    962 962 962 959 959 959 959 959 959 962 962 962 962 962 959 956 954
    0 0 0 0 0 0 0 970 967 967 967 967 967 967 967 967 967 967 964 964
    962 962 962 962 962 959 959 959 959 959 962 962 962 964 964 962 959
    956 948 0 0 0 0 0 0 0 967 967 967 967 967 967 967 967 967 967 967
    967 964 964 964 962 962 962 959 959 962 962 962 959 959 962 964 964
    962 959 956 948 4295 0 0 0 0 0 0 967 967 967 967 967 967 967 967 967
    967 967 964 964 964 964 964 962 962 962 962 962 962 962 959 959 962
    962 962 959 959 956 954 4295 0 0 0 0 0 0 967 967 967 967 967 967 967
    967 967 967 964 964 964 964 967 967 962 962 962 962 962 962 962 959
    959 959 959 959 959 959 956 954 4295 0 0 0 0 0 0 967 967 967 967 967
    967 967 967 967 967 964 964 964 964 964 964 964 962 962 962 962 962
    962 959 959 959 959 959 959 959 956 956 4349 0 0 0 0 0 0 967 967 967
    967 967 967 967 967 967 967 967 964 964 964 964 964 964 964 962 962
    962 962 962 962 959 959 959 959 959 959 954 954 0 0 0 0 0 0 970 967
    967 967 967 967 967 967 967 967 967 967 967 964 964 967 967 967 964
    962 962 959 959 962 962 962 959 959 959 959 959 954 954 0 0 0 0 0 0
    970 970 970 967 967 967 967 970 967 967 967 967 967 967 967 967 967
    967 967 962 962 959 959 962 962 962 962 962 962 959 959 954 954 0 0
    0 0 0 0 973 973 970 967 967 967 970 970 967 967 967 967 967 967 967
    967 967 967 967 964 962 962 962 962 962 959 959 962 962 962 959 954
    954 0 0 0 0 0 0 970 970 970 967 967 967 970 970 967 967 967 967 967
    967 967 967 964 964 967 964 964 964 962 962 962 959 959 962 962 962
    954 954 954 0 0 0 0 0 0 970 970 970 967 967 970 970 970 970 967 967
    967 967 967 967 967 964 964 967 967 964 964 964 964 962 959 959 962
    962 962 954 954 0 0 0 0 0 0 0 970 970 970 967 967 970 970 970 970
    967 967 967 967 967 967 967 964 964 967 967 964 964 964 964 962 959
    959 962 962 962 954 954 0 0 0 0 0 0 0 973 970 970 967 967 970 970
    970 970 967 967 967 967 967 967 967 964 964 967 967 967 967 967 967
    964 962 962 962 962 962 956 956 0 0 0 0 0 0 0 973 970 970 970 970
    970 970 970 970 970 967 967 967 967 967 967 964 964 967 967 967 967
    967 967 964 964 964 964 962 962 956 956 0 0 0 0 0 0 0 973 973 970
    970 970 970 970 970 970 970 970 967 967 967 967 967 967 967 967 967
    967 964 964 967 964 964 964 964 964 962 959 959 0 0 0 0 0 0 975 973
    973 970 970 970 970 970 970 970 970 967 967 967 967 967 967 967 967
    967 967 967 964 964 967 964 964 964 964 964 962 959 959 0 0 0 0 0 0
    975 975 973 970 970 973 973 973 970 970 970 967 967 970 970 970 967
    967 967 967 967 967 967 967 967 964 964 964 964 964 959 959 0 0 0 0
    0 0 0 975 975 973 970 970 973 973 973 970 970 970 970 970 970 967
    967 967 967 967 967 967 967 967 967 967 964 964 964 964 964 956 956
    0 0 0 0 0 0 0 978 975 973 973 973 973 973 973 970 970 970 970 970
    970 967 967 967 967 967 967 967 967 967 967 967 967 964 964 964 962
    956 956 0 0 0 0 0 0 0 978 975 973 973 973 973 973 973 970 970 970
    970 970 970 970 970 967 967 967 967 967 967 967 967 967 967 964 964
    964 962 959 959 0 0 0 0 0 0 981 978 975 973 973 973 973 973 973 970
    970 970 970 970 970 967 967 967 967 967 967 967 967 967 967 967 967
    964 964 964 962 959 959 962 0 0 0 0 0 981 978 975 973 973 970 970
    973 973 973 970 970 970 970 970 967 967 967 967 967 967 967 967 967
    967 967 967 967 967 967 962 962 962 962 0 0 0 0 0 981 978 975 973
    973 970 970 973 970 970 970 970 970 970 970 967 967 967 967 967 970
    967 967 967 967 967 967 967 967 967 962 962 959 959 0 0 0 0 0 978
    978 975 973 973 973 973 973 970 970 970 970 970 970 970 970 970 970
    970 970 970 967 967 967 967 967 967 967 967 967 962 959 959 959 0 0
    0 0 984 978 978 978 975 973 973 973 970 970 970 970 970 970 970 970
    970 970 970 970 970 970 970 967 967 967 967 967 967 967 967 962 959
    959 959 0 0 0 0 981 981 978 978 975 975 975 973 970 970 970 970 970
    970 970 970 973 970 970 970 970 970 970 967 967 967 967 967 967 967
    967 959 959 959 0 0 0 0 0 981 981 978 978 978 975 975 975 973 970
    970 970 970 970 970 970 973 973 970 970 970 970 970 967 967 967 967
    967 967 967 967 959 959 0 0 0 0 0 0 975 975 978 978 978 978 978 978
    975 973 970 970 970 970 970 970 970 970 970 970 970 967 967 967 967
