<?xml version="1.0"?>
<opencv_storage>
<Depth4484 type_id="opencv-matrix">
  <rows>34</rows>
  <cols>25</cols>
  <dt>w</dt>
  <data>
    5460 5460 5548 5548 5548 5548 5640 5640 5640 5640 3120 3120 3092
    3064 3064 3037 3037 3037 3010 3010 3010 5734 5734 5734 5734 5460
    5460 5548 5548 3064 3064 3064 3064 3064 3120 3092 3092 3064 3064
    3037 3037 3037 3037 3037 3010 3010 3037 5832 5832 5832 5210 5210
    3037 3037 3064 3037 3037 3037 3037 3092 3092 3064 3064 3064 3037
    3037 3037 3037 3037 3037 3037 3037 5832 5832 5832 3064 3037 3037
    3037 3037 3037 3037 3037 3037 3064 3064 3064 3037 3037 3037 3037
    3037 3037 3037 3037 3037 3037 5832 5832 5832 3064 3037 3037 3037
    3037 3037 3037 3037 3037 3064 3064 3064 3037 3037 3037 3037 3037
    3037 3037 3037 3037 3037 5933 5933 5832 3064 3037 3037 3037 3037
    3037 3037 3037 3037 3037 3037 3037 3037 3037 3037 3037 3037 3037
    3037 3037 3037 3037 5933 5832 5734 3064 3037 3037 3037 3037 3037
    3037 3037 3037 3037 3037 3037 3037 3037 3037 3037 3037 3037 3037
    3037 3037 3037 5734 5734 5734 3092 3064 3037 3037 3037 3037 3037
    3037 3037 3037 3037 3037 3037 3037 3037 3037 3037 3037 3037 3037
    3037 3037 5734 5734 5734 3092 3064 3037 3037 3037 3037 3037 3037
    3037 3037 3037 3037 3037 3037 3037 3037 3037 3037 3037 3037 3037
    3037 5734 5734 5734 3092 3064 3064 3037 3037 3037 3037 3037 3037
    3037 3037 3037 3037 3037 3037 3037 3037 3037 3037 3037 3037 3037
    3037 5734 5734 3092 3092 3064 3037 3037 3037 3037 3037 3037 3037
    3037 3037 3037 3037 3037 3037 3037 3037 3037 3037 3037 3037 3037
    3037 5734 3064 3064 3064 3037 3037 3037 3037 3037 3037 3037 3037
    3037 3037 3037 3037 3037 3037 3037 3037 3037 3037 3037 3037 3037
    5832 3064 3064 3064 3037 3037 3037 3037 3037 3037 3037 3037 3037
    3037 3037 3037 3037 3037 3037 3037 3037 3037 3037 3037 3037 5832
    3092 3064 3064 3037 3037 3037 3037 3037 3037 3037 3037 3037 3037
    3037 3037 3037 3037 3037 3037 3037 3010 3010 3010 3037 5832 5460
    3064 3037 3037 3037 3037 3037 3037 3037 3037 3037 3037 3037 3037
    3037 3037 3037 3037 3037 3037 3010 3010 3010 3010 5832 3120 3064
    3037 3037 3037 3037 3037 3037 3037 3037 3037 3037 3037 3037 3037
    3037 3037 3037 3037 3037 3010 3010 3010 2984 2984 3120 3064 3037
    3037 3037 3037 3037 3037 3037 3037 3037 3037 3064 3037 3037 3037
    3037 3037 3037 3037 3010 3010 3010 2984 2984 3120 3092 3064 3037
    3037 3037 3037 3037 3037 3037 3037 3064 3064 3064 3037 3037 3037
    3037 3037 3037 3037 3037 3010 3010 3010 3120 3092 3064 3064 3037
    3037 3037 3037 3037 3037 3037 3037 3064 3064 3037 3010 3010 3037
    3037 3037 3037 3037 3037 3010 3010 3120 3120 3092 3064 3037 3037
    3037 3037 3037 3037 3037 3037 3037 3064 3037 3010 3010 3037 3037
    3037 3037 3037 3037 3037 3037 3149 3120 3092 3064 3037 3037 3037
    3037 3037 3037 3037 3037 3037 3037 3037 3037 3037 3037 3037 3037
    3037 3037 3037 3037 3037 5460 3120 3092 3064 3037 3037 3037 3037
    3037 3037 3037 3037 3037 3037 3037 3037 3037 3037 3037 3037 3037
    3037 3037 3010 3010 5548 3120 3092 3064 3037 3037 3037 3037 3037
    3037 3037 3037 3037 3037 3037 3010 3010 3010 3037 3037 3037 3037
    3010 3010 3010 5460 3149 3092 3064 3037 3037 3037 3037 3037 3037
    3037 3037 3037 3037 3037 3010 3010 3010 3037 3037 3037 3037 3010
    3010 3010 3120 3120 3092 3064 3037 3037 3037 3037 3010 3010 3037
    3037 3037 3037 3037 3037 3010 3010 3037 3037 3037 3037 3037 3010
    3010 3120 3092 3064 3064 3037 3037 3037 3037 3010 3010 3037 3037
    3037 3037 3037 3037 3010 3010 3037 3037 3037 3037 3037 3037 3010
    5548 3092 3037 3037 3037 3037 3037 3037 3010 3010 3037 3037 3037
    3037 3037 3037 3037 3037 3037 3037 3037 3037 3037 3037 3037 5460
    5460 3010 3010 3010 3037 3037 3037 3010 3010 3037 3037 3037 3037
    3037 3037 3010 3010 3010 3010 3037 3037 3037 3037 3037 5460 5460
    3010 3010 3010 3037 3037 3037 3037 3037 3037 3010 3010 3010 3010
    3010 3010 3010 3010 3010 3010 3010 3010 3010 3037 5460 5460 5460
    3037 3037 3037 3037 3037 3037 3037 3037 3010 3010 3010 3010 3010
    3010 3010 3010 3010 3010 3010 3010 3010 3037 5460 5374 5374 3092
    3064 3037 3037 3037 3037 3010 3010 3037 3010 3010 3037 3010 3010
    3010 3010 3010 3010 3010 3010 3010 3037 5460 5374 5374 3120 3064
    3064 3037 3037 3037 3010 3010 3037 3037 3037 3037 3037 3037 3037
    3037 3037 3037 3037 3037 3064 3037 5460 5460 5460 3120 3092 3064
    3037 3010 3010 3010 3010 3037 3037 3037 3037 3037 3037 3064 3064
    3120 3120 5734 5734 5734 5734 5460 5460 5548 5548 5548 3064 3037
    3010 3010 3010 3010 3037 3037 3037 3037 3037 5460 5460 3149 3120
    3120 5640 5640 5640 5640</data></Depth4484>
</opencv_storage>
