<?xml version="1.0"?>
<opencv_storage>
<Depth19588 type_id="opencv-matrix">
  <rows>50</rows>
  <cols>35</cols>
  <dt>w</dt>
  <data>
    3333 3333 3365 1370 1359 1354 1349 1349 1343 1343 1349 1349 3333
    3333 3333 3365 3365 3365 3365 3365 3399 3399 3399 3399 3399 3365
    3365 3365 3333 3300 3300 3333 3365 3333 3333 3333 3333 1376 1370
    1359 1359 1349 1349 1349 1349 1349 1349 3333 3333 3333 3365 3365
    3365 3365 3399 3399 3399 3399 3399 3399 3365 3365 3365 3365 3333
    3333 3333 3365 3365 3365 3300 1354 1354 1365 1365 1359 1354 1349
    1349 1349 1349 1349 1349 3365 1338 1338 1338 1338 1338 1338 1338
    1338 3399 3399 3399 3365 3365 3365 3365 3365 3365 3365 3365 3365
    3365 3300 1354 1354 1359 1359 1354 1349 1343 1343 1343 1349 1343
    1338 1333 1333 1333 1333 1333 1333 1333 1333 1333 1333 1268 3365
    3365 3365 3365 3365 3365 3365 3365 3365 3399 3399 3365 1359 1354
    1349 1328 1322 1312 1292 1292 1297 1343 1343 1338 1333 1317 1317
    1333 1333 1328 1317 1317 1307 1273 1268 1255 1255 3365 3365 3365
    3333 3333 3365 1157 1153 1153 3300 1349 1338 1333 1322 1312 1297
    1288 1283 1268 1268 1219 1219 1343 1288 1288 1302 1302 1328 1317
    1317 1273 1268 1264 1255 1255 1255 1255 3333 3333 3333 3365 1153
    1149 1145 1349 1349 1338 1333 1322 1312 1297 1273 1268 1264 1241
    1219 1219 1227 1288 1273 1273 1232 1232 1165 1165 1250 1264 1259
    1250 1250 1250 1173 1173 1157 1157 1157 1153 1149 1145 1343 1338
    1338 1328 1322 1302 1288 1273 1268 1259 1241 1227 1173 1169 1169
    1169 1169 1169 1165 1165 1165 1165 1185 1185 1250 1250 1173 1173
    1173 1165 1157 1157 1153 1149 1145 1343 1338 1338 1328 1322 1302
    1283 1268 1264 1255 1181 1177 1169 1169 1165 1165 1165 1165 1165
    1165 1165 1161 1161 1169 1169 1177 1173 1173 1169 1165 1157 1153
    1149 1145 1141 1343 1343 1338 1333 1322 1297 1283 1264 1259 1181
    1177 1169 1169 1169 1165 1165 1165 1161 1161 1161 1161 1157 1157
    1161 1161 1161 1165 1165 1165 1161 1153 1153 1149 1145 1141 3238
    1343 1333 1328 1317 1292 1288 1264 1189 1177 1173 1169 1165 1165
    1161 1161 1161 1161 1161 1161 1157 1157 1157 1157 1157 1157 1157
    1157 1157 1157 1153 1149 1149 1141 1141 3238 1343 1333 1328 1307
    1292 1283 1268 1189 1177 1173 1169 1165 1165 1161 1161 1161 1161
    1161 1153 1153 1153 1153 1153 1153 1153 1153 1153 1153 1153 1153
    1149 1145 1141 1141 1354 1349 1333 1328 1307 1292 1283 1236 1202
    1177 1173 1169 1165 1165 1161 1161 1161 1161 1161 1153 1153 1153
    1153 1153 1153 1153 1153 1153 1153 1149 1149 1145 1145 1141 1141
    1354 1349 1338 1328 1307 1292 1278 1232 1206 1185 1173 1169 1165
    1165 1161 1161 1157 1157 1157 1153 1153 1153 1153 1153 1153 1153
    1153 1153 1153 1149 1145 1141 1141 1141 1138 1354 1349 1338 1322
    1307 1292 1273 1223 1214 1193 1173 1169 1165 1165 1161 1161 1157
    1157 1157 1153 1153 1153 1153 1153 1153 1149 1149 1149 1149 1145
    1141 1141 1141 1141 1138 1354 1349 1338 1322 1307 1297 1241 1223
    1214 1197 1177 1169 1165 1165 1161 1157 1157 1157 1157 1153 1153
    1153 1153 1153 1153 1149 1149 1149 1145 1145 1141 1141 1141 1141
    1138 1354 1349 1338 1322 1307 1297 1241 1223 1214 1202 1181 1173
    1165 1165 1157 1157 1157 1157 1157 1153 1153 1153 1153 1153 1153
    1149 1149 1149 1145 1145 1141 1141 1141 1141 1138 1354 1349 1343
    1328 1307 1292 1273 1223 1214 1202 1185 1173 1165 1165 1157 1157
    1157 1157 1153 1153 1153 1153 1153 1153 1153 1149 1149 1149 1145
    1145 1145 1141 1141 1141 1138 1354 1349 1343 1328 1307 1278 1268
    1223 1214 1202 1181 1169 1165 1165 1157 1157 1157 1157 1153 1153
    1153 1153 1153 1153 1153 1153 1153 1149 1145 1145 1145 1141 1141
    1138 1138 1349 1349 1338 1328 1307 1278 1268 1223 1214 1197 1173
    1169 1165 1161 1157 1153 1153 1157 1153 1153 1153 1153 1153 1153
    1149 1149 1149 1149 1145 1145 1145 1141 1138 1138 1138 1343 1343
    1333 1322 1307 1292 1268 1223 1219 1197 1173 1165 1165 1161 1157
    1153 1153 1153 1153 1153 1153 1153 1153 1153 1149 1149 1149 1149
    1145 1141 1141 1141 1138 1138 1138 1338 1338 1328 1322 1307 1292
    1268 1232 1219 1202 1173 1165 1161 1161 1157 1153 1153 1153 1153
    1153 1149 1149 1149 1149 1149 1149 1149 1149 1145 1141 1141 1138
    1134 1134 1138 1338 1338 1328 1322 1312 1297 1264 1232 1219 1210
    1177 1165 1161 1161 1157 1153 1153 1153 1153 1149 1149 1149 1149
    1149 1149 1149 1149 1149 1149 1145 1141 1138 1134 1134 1134 1349
    1343 1328 1322 1317 1297 1264 1232 1219 1214 1197 1161 1161 1153
    1153 1157 1153 1153 1149 1149 1149 1149 1145 1145 1145 1145 1145
    1145 1145 1145 1141 1138 1134 1134 1134 1349 1343 1333 1328 1322
    1297 1264 1232 1219 1214 1181 1161 1161 1153 1153 1153 1153 1153
    1149 1149 1149 1149 1145 1145 1145 1145 1145 1145 1145 1141 1138
    1138 1134 1134 1134 1354 1343 1333 1328 1322 1297 1278 1227 1219
    1210 1181 1165 1157 1153 1153 1153 1153 1153 1149 1149 1145 1145
    1145 1145 1145 1145 1145 1141 1141 1138 1138 1138 1130 1130 1130
    1354 1343 1338 1333 1317 1297 1278 1227 1219 1210 1185 1165 1157
    1153 1153 1153 1153 1153 1149 1149 1145 1145 1145 1145 1145 1145
    1141 1141 1138 1138 1138 1138 1130 1130 1130 1354 1343 1333 1328
    1312 1297 1283 1241 1219 1210 1185 1165 1157 1153 1153 1153 1153
    1153 1153 1149 1149 1149 1145 1145 1145 1145 1141 1141 1138 1138
    1138 1134 1130 1130 1130 1354 1343 1333 1328 1312 1297 1283 1259
    1214 1202 1197 1165 1157 1153 1153 1153 1153 1153 1153 1149 1149
    1149 1145 1145 1145 1145 1141 1138 1138 1138 1138 1134 1130 1126
    1126 1354 1349 1338 1328 1312 1292 1273 1259 1214 1202 1185 1165
    1157 1153 1153 1153 1153 1153 1149 1149 1145 1145 1149 1145 1141
    1141 1141 1138 1138 1138 1134 1134 1130 1126 1126 1349 1349 1333
    1328 1312 1288 1273 1250 1219 1202 1185 1173 1157 1153 1153 1153
    1153 1149 1149 1149 1145 1145 1149 1141 1141 1141 1141 1138 1138
    1134 1134 1130 1130 1126 1126 1349 1349 1333 1328 1307 1288 1273
    1245 1219 1202 1185 1173 1157 1153 1153 1153 1153 1149 1149 1149
    1149 1149 1149 1141 1141 1141 1138 1138 1134 1134 1134 1130 1126
    1126 1126 1333 1333 1333 1322 1302 1283 1273 1245 1219 1206 1189
    1173 1157 1153 1153 1153 1153 1149 1149 1149 1149 1149 1145 1141
    1138 1138 1138 1138 1134 1130 1130 1130 1126 1126 1126 1333 1333
    1328 1322 1302 1283 1273 1250 1219 1206 1193 1173 1157 1153 1153
    1149 1149 1149 1153 1153 1145 1145 1141 1141 1138 1138 1138 1134
    1134 1130 1130 1130 1130 1126 1126 1349 1349 1328 1322 1307 1283
    1273 1250 1219 1206 1193 1169 1157 1153 1153 1149 1149 1149 1149
    1149 1145 1141 1138 1138 1138 1138 1138 1134 1134 1130 1130 1126
    1126 1123 1123 1349 1349 1343 1322 1312 1292 1278 1250 1206 1206
    1189 1169 1157 1149 1149 1145 1145 1149 1149 1149 1141 1141 1138
    1138 1138 1138 1138 1134 1134 1130 1130 1126 1123 1119 1119 1349
    1349 1338 1322 1312 1297 1283 1223 1206 1202 1189 1177 1157 1149
    1149 1145 1145 1145 1145 1145 1141 1141 1138 1138 1138 1138 1134
    1134 1134 1130 1130 1123 1123 1119 1119 1349 1343 1338 1322 1312
    1297 1255 1223 1210 1202 1189 1177 1157 1153 1153 1149 1149 1145
    1145 1145 1141 1141 1138 1138 1138 1138 1134 1134 1130 1130 1130
    1123 1123 1119 1119 1349 1338 1333 1322 1317 1297 1255 1223 1214
    1206 1197 1177 1157 1153 1149 1149 1145 1145 1145 1145 1141 1141
    1141 1138 1138 1138 1138 1134 1126 1126 1126 1126 1123 1119 1119
    3300 1338 1333 1328 1317 1297 1255 1236 1214 1206 1197 1177 1157
    1153 1149 1149 1145 1145 1145 1141 1138 1138 1138 1138 1138 1138
    1134 1130 1126 1126 1126 1123 1123 1119 1119 1333 1333 1328 1328
    1317 1297 1255 1236 1214 1206 1197 1177 1153 1153 1149 1149 1145
    1145 1145 1138 1138 1138 1138 1138 1138 1138 1134 1130 1126 1126
    1123 1123 1123 1119 1119 1333 1333 1328 1322 1312 1302 1255 1236
    1214 1202 1197 1177 1153 1149 1145 1145 1145 1145 1145 1138 1138
    1138 1138 1138 1138 1134 1130 1130 1126 1123 1123 1123 1119 1119
    1119 3333 1328 1328 1322 1312 1302 1255 1236 1214 1202 1197 1181
