<?xml version="1.0"?>
<opencv_storage>
<Depth13307 type_id="opencv-matrix">
  <rows>11</rows>
  <cols>8</cols>
  <dt>w</dt>
  <data>
    6753 6753 6753 6753 6889 6889 6889 7030 6753 6753 6753 6753 6889
    6889 6889 7030 6889 6889 6889 6889 6753 6753 6889 6889 6889 6889
    6889 6889 6753 6753 6889 6889 6889 6889 6889 6889 6753 6753 6753
    4089 6889 6889 6889 6889 6889 6889 3948 3948 6889 6889 6889 6889
    6889 6889 3903 3903 6889 6889 6889 6889 6753 6753 3859 3859 6889
    6889 6889 6889 6753 6753 3774 3774 6753 6753 6889 6889 6889 6753
    3774 3774 6753 6753 6889 6889 6889 6753 6753 3859</data></Depth13307>
</opencv_storage>
