<?xml version="1.0"?>
<opencv_storage>
<Depth8568 type_id="opencv-matrix">
  <rows>40</rows>
  <cols>28</cols>
  <dt>w</dt>
  <data>
    4708 4708 4645 4582 4582 4582 4582 2522 2522 2522 2541 2541 2541
    2541 2522 2503 2503 2541 2560 2560 2560 2560 2560 2560 2560 2560
    2560 2560 4645 2467 2503 2503 2485 2485 2485 2503 2503 2503 2503
    2503 2522 2522 2522 2503 2503 2522 2541 2560 2560 2560 2560 2541
    2541 2541 2541 2560 4645 2467 2467 2467 2467 2485 2485 2485 2503
    2503 2485 2485 2503 2522 2522 2503 2503 2503 2541 2541 2541 2522
    2522 2541 2541 2541 2541 2541 4582 2450 2450 2450 2467 2485 2485
    2485 2485 2485 2485 2485 2503 2503 2503 2503 2503 2503 2541 2541
    2541 2522 2522 2541 2541 2541 2541 2541 4582 2450 2450 2450 2467
    2485 2485 2485 2485 2485 2485 2485 2503 2503 2503 2503 2503 2503
    2541 2541 2541 2541 2541 2541 2541 2541 2541 2541 4582 2467 2467
    2467 2467 2485 2485 2485 2485 2485 2485 2485 2485 2503 2503 2503
    2503 2503 2522 2522 2541 2541 2541 2541 2541 2541 2541 2541 4582
    2467 2467 2467 2467 2485 2485 2485 2485 2485 2485 2485 2485 2503
    2503 2503 2503 2503 2522 2522 2541 2541 2541 2541 2541 2541 2541
    2541 4522 2467 2467 2467 2467 2467 2467 2467 2485 2485 2485 2503
    2503 2503 2503 2522 2503 2503 2522 2522 2541 2541 2541 2541 2541
    2541 2541 2541 4522 2467 2467 2485 2485 2467 2467 2467 2485 2485
    2485 2503 2503 2503 2503 2503 2503 2503 2522 2541 2541 2541 2541
    2541 2541 2541 2541 2541 4522 2467 2467 2485 2467 2467 2467 2467
    2485 2485 2485 2503 2485 2485 2503 2503 2503 2503 2522 2541 2541
    2541 2541 2541 2541 2541 2541 2541 4582 2485 2485 2485 2467 2467
    2467 2467 2485 2485 2485 2503 2485 2485 2503 2485 2485 2503 2522
    2522 2541 2541 2541 2541 2541 2541 2541 2541 4582 2485 2485 2485
    2485 2485 2485 2485 2485 2485 2485 2503 2467 2467 2485 2485 2485
    2503 2522 2522 2541 2541 2541 2541 2541 2541 2541 2541 4582 4582
    2485 2485 2485 2485 2485 2485 2485 2485 2485 2503 2467 2467 2485
    2485 2485 2503 2503 2522 2541 2541 2541 2541 2541 2541 2541 2541
    4582 4582 2485 2485 2485 2485 2485 2485 2485 2503 2503 2503 2485
    2485 2503 2485 2485 2503 2503 2503 2522 2541 2541 2541 2541 2541
    2541 2541 4582 4582 2485 2485 2485 2485 2485 2485 2503 2503 2503
    2503 2503 2503 2503 2503 2503 2503 2503 2503 2522 2541 2541 2541
    2541 2541 2541 2541 4582 2467 2467 2485 2485 2485 2485 2485 2485
    2485 2503 2503 2503 2503 2503 2503 2503 2503 2503 2503 2522 2541
    2541 2541 2541 2541 2541 2541 2467 2467 2467 2485 2485 2485 2485
    2485 2485 2485 2485 2485 2503 2503 2503 2503 2503 2503 2522 2522
    2522 2541 2541 2541 2541 2541 2541 2541 2467 2467 2485 2485 2485
    2485 2485 2485 2485 2485 2485 2485 2485 2503 2503 2503 2503 2503
    2522 2541 2541 2541 2541 2541 2541 2541 2560 2560 2560 2522 2522
    2485 2485 2467 2467 2467 2485 2485 2485 2485 2485 2503 2503 2503
    2503 2503 2541 2541 2541 2541 2541 2541 2541 2541 2560 2560 2560
    2522 2522 2485 2467 2467 2467 2467 2485 2485 2485 2485 2485 2485
    2485 2503 2503 2503 2541 2541 2541 2541 2541 2541 2541 2541 2541
    2541 2579 2541 2522 2485 2467 2467 2467 2467 2485 2485 2485 2485
    2485 2485 2485 2485 2485 2503 2541 2541 2541 2541 2541 2541 2541
    2541 2541 2541 2579 2522 2503 2467 2467 2467 2467 2467 2485 2485
    2485 2485 2485 2485 2485 2485 2485 2503 2541 2541 2541 2541 2541
    2541 2541 2541 2541 2541 4582 2467 2467 2467 2467 2467 2467 2467
    2485 2485 2485 2485 2485 2485 2485 2485 2503 2503 2522 2541 2541
    2541 2541 2541 2541 2541 2541 2522 2450 2450 2467 2467 2467 2467
    2467 2467 2485 2485 2485 2485 2485 2485 2503 2503 2503 2503 2522
    2522 2541 2541 2541 2541 2541 2541 2541 2522 2450 2450 2467 2467
    2467 2467 2467 2467 2485 2485 2485 2503 2503 2503 2503 2503 2503
    2503 2522 2522 2541 2541 2541 2541 2541 2541 2541 2541 2450 2450
    2467 2467 2467 2467 2467 2467 2467 2485 2485 2485 2503 2503 2503
    2522 2522 2522 2541 2541 2541 2541 2541 2541 2541 2541 2541 2541
    2450 2450 2467 2450 2450 2467 2467 2467 2467 2467 2485 2485 2503
    2503 2503 2522 2522 2522 2541 2541 2541 2541 2541 2541 2541 2541
    2541 2541 2450 2450 2467 2450 2450 2467 2467 2467 2467 2467 2467
    2467 2485 2503 2503 2522 2522 2522 2541 2541 2541 2541 2541 2541
    2541 2541 2541 2541 2467 2467 2467 2450 2450 2467 2467 2467 2467
    2467 2467 2467 2485 2485 2503 2503 2503 2522 2541 2541 2541 2541
    2541 2541 2541 2541 2541 2541 2467 2467 2467 2467 2467 2467 2467
    2467 2467 2467 2467 2467 2485 2485 2503 2503 2503 2522 2522 2541
    2541 2541 2541 2541 2541 2541 2541 2541 2467 2467 2467 2467 2467
    2467 2467 2467 2467 2467 2467 2467 2485 2485 2503 2503 2503 2503
    2522 2522 2522 2541 2541 2541 2541 2541 2560 2541 2467 2467 2467
    2467 2467 2467 2467 2467 2485 2467 2467 2467 2485 2485 2485 2485
    2485 2503 2522 2522 2522 2541 2541 2541 2560 2560 2541 2541 2467
    2467 2467 2467 2467 2467 2467 2467 2485 2485 2485 2485 2485 2485
    2485 2485 2485 2485 2522 2522 2522 2541 2541 2560 2560 2560 2541
    2541 4582 2467 2467 2467 2467 2467 2467 2467 2485 2485 2485 2485
    2485 2485 2485 2485 2485 2485 2522 2522 2522 2541 2541 2560 2560
    2560 2541 2541 4582 2485 2467 2467 2467 2467 2467 2467 2485 2485
    2485 2485 2485 2485 2485 2485 2485 2485 2522 2522 2541 2541 2541
    2560 2560 2560 2541 2541 2503 2485 2485 2467 2467 2467 2467 2467
    2467 2467 2467 2467 2467 2485 2485 2485 2503 2503 2522 2541 2541
    2541 2541 2541 2560 2560 2560 2560 2503 2485 2485 2467 2467 2467
    2467 2467 2467 2467 2467 2467 2467 2485 2485 2485 2485 2503 2541
    2541 2541 2541 2541 2541 2541 2560 2541 2541 2541 2485 2485 2467
    2467 2467 2467 2467 2467 2467 2467 2467 2467 2467 2467 2485 2485
    2503 2541 2541 2541 2541 2541 2541 2541 2541 2541 2541 4522 2485
    2485 2467 2467 2467 2467 2467 2450 2450 2467 2467 2467 2467 2467
    2485 2485 2503 2541 2541 2541 2541 2541 2541 2541 2541 2541 2541
    4522 4522 4522 2467 2467 2467 2467 2467 2450 2450 2467 2450 2450
    2450 2450 2541 2541 2541 2541 2541 4463 4463 4582 2541 2541 4463
    4463 4522</data></Depth8568>
</opencv_storage>
