<?xml version="1.0"?>
<opencv_storage>
<Depth16202 type_id="opencv-matrix">
  <rows>7</rows>
  <cols>58</cols>
  <dt>w</dt>
  <data>
    5210 5210 5210 5210 5132 5132 5132 5132 5132 5132 5132 5056 5056
    5056 5056 5056 5056 3859 3859 3859 3859 4983 4983 4983 4983 4983
    4983 4983 4983 4983 4983 4983 4911 3816 3774 3732 3692 3692 3732
    3774 3774 3732 3732 3732 3692 3653 3653 3653 3653 3653 3692 3692
    3692 3692 3653 3653 3653 3653 5210 5210 5210 5210 5132 3903 3903
    3903 3903 5210 5132 3994 3948 3948 3994 3994 3994 3859 3859 3859
    3859 3859 3859 3994 3994 3994 3994 3994 3994 3994 3903 3903 3816
    3816 3774 3732 3732 3732 3732 3774 3774 3732 3692 3692 3692 3692
    3653 3653 3653 3653 3692 3692 3692 3692 3653 3653 3653 3653 5210
    5210 5210 3948 3948 3903 3903 3903 3903 3994 3994 3948 3948 3948
    3948 3948 3948 3948 3948 3859 3859 3859 3859 3948 3948 3948 3903
    3903 3903 3903 3903 3859 3816 3816 3816 3816 3774 3774 3774 3774
    3774 3732 3692 3692 3692 3692 3692 3653 3653 3692 3692 3692 3692
    3692 3692 3653 3653 3653 5210 5210 3903 3903 3948 3903 3903 3948
    3948 3948 3948 3903 3903 3948 3948 3948 3948 3903 3903 3903 3903
    3903 3948 3948 3948 3903 3903 3903 3903 3859 3859 3816 3816 3816
    3816 3816 3774 3774 3774 3774 3774 3732 3732 3732 3692 3692 3692
    3692 3692 3692 3692 3692 3692 3692 3692 3653 3653 3653 3692 3859
    3859 3903 3903 3859 3859 3948 3948 3948 3948 3903 3903 3948 3948
    3948 3903 3903 3903 3903 3903 3903 3903 3903 3903 3903 3859 3859
    3859 3859 3859 3816 3816 3816 3816 3816 3816 3816 3774 3774 3774
    3732 3732 3732 3692 3692 3692 3692 3692 3692 3692 3692 3692 3692
    3692 3692 3653 3614 3692 3732 3816 3816 3903 3859 3859 3859 3948
    3948 3948 3948 3948 3948 3948 3948 3903 3903 3903 3903 3903 3859
    3859 3859 3859 3859 3859 3859 3859 3816 3816 3816 3816 3816 3816
    3816 3816 3816 3774 3732 3732 3732 3732 3732 3692 3692 3692 3692
    3692 3653 3653 3692 3692 3692 3732 3692 3614 3614 3732 3732 3816
    3816 0 0 0 0 3948 3948 3948 3948 3948 3948 3948 3948 3903 3903 3903
    3903 3859 3859 3859 3859 3859 3859 3859 3859 3859 3816 3816 3816
    3816 3816 3816 3816 3816 3816 3774 3732 3732 3732 3732 3732 3732
    3692 3692 3692 3692 3653 3653 3692 3692 3732 3732 3692 3614 3614</data></Depth16202>
</opencv_storage>
