<?xml version="1.0"?>
<opencv_storage>
<Depth12633 type_id="opencv-matrix">
  <rows>16</rows>
  <cols>23</cols>
  <dt>w</dt>
  <data>
    7178 4582 4582 4522 4463 4405 4405 4463 4522 4522 4522 4522 4405
    4405 4190 4190 4190 4295 4295 4295 7030 7030 6889 7332 4522 4522
    4463 4463 4405 4405 4405 4463 4463 4463 4405 4405 4405 4349 4349
    4295 4295 4295 4295 4349 4405 6889 4463 4463 4463 4405 4405 4405
    4405 4405 4405 4405 4405 4405 4405 4405 4349 4349 4349 4405 4405
    4349 4349 4405 6889 4463 4463 4463 4405 4405 4405 4405 4405 4405
    4405 4405 4463 4405 4405 4405 4405 4405 4405 4405 4405 4405 4405
    4405 4463 4463 4463 4463 4463 4463 4405 4405 4463 4463 4463 4405
    4405 4405 4405 4405 4405 4405 4405 4405 4405 4349 4349 4463 4463
    4463 4463 4463 4463 4463 4463 4463 4463 4463 4405 4405 4405 4405
    4405 4405 4405 4405 4405 4405 4349 4349 4463 4463 4463 4463 4463
    4463 4463 4463 4522 4522 4522 4463 4405 4405 4405 4405 4405 4405
    4405 4405 4405 4405 4405 4522 4522 4522 4522 4463 4463 4463 4463
    4522 4522 4522 4463 4405 4405 4405 4405 4405 4405 4405 4405 4405
    4405 4405 4582 4522 4522 4522 4463 4463 4463 4463 4522 4522 4522
    4463 4405 4405 4405 4405 4405 4405 4405 4405 4405 4405 4405 4582
    4582 4522 4522 4463 4463 4463 4463 4463 4463 4522 4463 4463 4405
    4405 4405 4405 4405 4405 4405 4405 4349 4349 4582 4582 4522 4522
    4522 4522 4463 4463 4463 4463 4463 4463 4463 4463 4463 4463 4463
    4463 4405 4405 4405 4349 4349 4582 4582 4582 4522 4522 4522 4522
    4522 4522 4463 4463 4463 4522 4522 4522 4463 4463 4463 4463 4405
    4295 4295 4349 4582 4582 4582 4522 4522 4522 4522 4522 4522 4463
    4463 4463 4522 4522 4522 4522 4522 4463 4463 4463 4295 4295 6889
    4582 4582 4582 4582 4522 4522 4522 4522 4522 4522 4463 4463 4522
    4522 4522 4522 4522 4463 4463 4463 4405 4405 6889 7030 4582 4582
    4582 4582 4522 4522 4522 4522 4522 4463 4463 4522 4522 4522 4522
    4522 4463 4463 4463 4405 4405 6889 7030 4582 4582 4645 4582 4522
    4522 4522 4522 4522 4522 4522 4582 4582 4582 4522 4522 4522 4463
    4463 4405 4405 6889</data></Depth12633>
</opencv_storage>
