<?xml version="1.0"?>
<opencv_storage>
<Depth16458 type_id="opencv-matrix">
  <rows>87</rows>
  <cols>67</cols>
  <dt>w</dt>
  <data>
    3208 3208 3208 3208 3208 3208 3208 3208 3208 3208 3208 3178 3178
    3178 3178 3149 3149 3149 3149 3149 3178 3149 3149 3149 3120 3120
    3120 3120 3120 3120 3120 3120 3092 3092 3092 3092 3092 3092 3092
    3092 3092 1119 1119 1123 1119 1119 1119 1119 1115 1115 1115 1112
    1108 1105 1105 1097 1097 1101 1101 3064 3064 3037 3010 3010 3010
    3010 3010 3238 3238 3238 3208 1134 1134 3208 3208 3208 3208 3208
    3178 3178 3178 3178 3178 3178 3149 3149 3120 3120 3092 3092 3149
    3120 3120 3120 3120 3092 3092 3120 3120 1123 1123 3092 3092 3092
    1119 1119 1119 1119 1119 1119 1115 1115 1115 1115 1115 1115 1112
    1112 1112 1108 1105 1105 1101 1101 1101 1101 1101 3037 3037 3010
    3010 3010 3010 3010 3208 3208 3208 3208 1134 1134 1134 1141 1145
    3238 3238 3178 3178 3178 3178 3178 3178 3149 3120 3120 1123 1123
    1123 1123 1119 3120 3120 3120 3092 1123 1123 1119 1119 1112 1108
    1108 1108 1115 1115 1115 1115 1115 1119 1115 1112 1112 1112 1112
    1112 1108 1108 1108 1108 1105 1105 1105 1105 1105 1105 0 3037 3037
    3037 3010 3010 3010 3010 3208 3208 3208 1134 1134 1134 1134 1138
    1134 1130 1130 1130 3208 3208 1123 1123 1119 1119 1119 1119 1119
    1119 1119 1119 1119 1119 1119 1119 1119 1119 1119 1119 1119 1112
    1108 1108 1108 1112 1112 1112 1112 1112 1115 1112 1112 1108 1108
    1108 1108 1108 1108 1108 1108 1108 1105 1105 1105 1105 1105 0 3064
    3064 3037 3010 3010 3010 3010 3208 3238 3208 1134 1134 1138 1138
    1134 1134 1130 1130 1126 1123 1123 1123 1119 1119 1119 1119 1119
    1119 1119 1119 1119 1119 1115 1115 1115 1115 1115 1115 1115 1115
    1112 1108 1108 1108 1112 1112 1112 1112 1112 1112 1112 1112 1108
    1108 1108 1108 1108 1108 1108 1108 1108 1105 1105 1105 1105 1105 0
    3120 3120 3064 3010 3010 3010 3010 1145 1141 1134 1134 1134 1134
    1134 1130 1130 1126 1126 1126 1123 1123 1123 1119 1119 1119 1119
    1119 1119 1119 1115 1115 1115 1115 1115 1115 1115 1115 1115 1115
    1115 1112 1108 1108 1108 1112 1112 1112 1112 1112 1112 1112 1108
    1108 1108 1108 1108 1108 1108 1108 1108 1108 1108 1105 1105 1105
    1105 1108 3120 3120 3064 3037 3037 3010 3010 1134 1134 1126 1126
    1126 1126 1130 1126 1126 1123 1123 1123 1123 1123 1123 1123 1119
    1119 1119 1119 1119 1119 1115 1115 1115 1115 1115 1115 1112 1112
    1115 1115 1115 1112 1108 1108 1108 1112 1112 1112 1112 1112 1112
    1112 1108 1108 1108 1108 1108 1108 1108 1108 1108 1108 1108 1108
    1108 1108 1108 1108 0 3120 3010 3010 3037 3010 3010 1130 1126 1123
    1123 1123 1123 1123 1119 1119 1119 1119 1119 1123 1123 1123 1119
    1119 1119 1119 1119 1119 1119 1115 1115 1115 1115 1115 1115 1112
    1112 1115 1115 1112 1112 1112 1112 1112 1112 1112 1112 1112 1112
    1112 1112 1108 1108 1108 1108 1108 1108 1108 1108 1108 1108 1108
    1108 1108 1105 1105 1105 0 3010 3010 3010 3037 3037 3010 1126 1126
    1123 1123 1123 1123 1123 1119 1119 1119 1119 1119 1123 1119 1119
    1119 1119 1119 1119 1119 1119 1119 1115 1115 1115 1115 1115 1115
    1115 1115 1115 1115 1112 1112 1112 1112 1112 1115 1115 1115 1115
    1112 1112 1112 1108 1108 1108 1108 1112 1108 1108 1108 1108 1108
    1108 1108 1108 1105 1105 1105 0 3010 3010 3010 3037 3037 3037 1126
    1126 1123 1123 1123 1123 1123 1119 1119 1123 1123 1123 1123 1119
    1119 1119 1119 1119 1119 1119 1119 1119 1119 1119 1115 1115 1115
    1115 1115 1115 1115 1115 1112 1112 1112 1112 1112 1115 1115 1115
    1115 1112 1112 1112 1112 1108 1108 1112 1112 1108 1108 1108 1108
    1108 1108 1108 1105 1105 1105 1105 0 3010 3010 3010 3037 3037 3037
    1141 1130 1123 1123 1123 1123 1123 1123 1123 1123 1126 1123 1123
    1119 1119 1119 1119 1119 1119 1119 1119 1119 1119 1119 1119 1119
    1115 1115 1115 1115 1115 1112 1112 1112 1112 1112 1112 1115 1115
    1115 1115 1115 1115 1112 1112 1112 1112 1112 1108 1108 1108 1108
    1108 1108 1108 1108 1105 1105 1101 1101 1101 1101 3037 3037 3037
    3037 3037 1134 1134 1126 1123 1123 1123 1123 1123 1123 1126 1126
    1123 1123 1119 1119 1119 1119 1119 1119 1119 1119 1119 1119 1119
    1119 1119 1119 1115 1115 1115 1115 1112 1112 1112 1112 1112 1112
    1115 1115 1115 1115 1115 1115 1115 1112 1112 1112 1112 1108 1108
    1108 1108 1108 1108 1108 1108 1108 1105 1101 1101 1101 0 3037 3037
    3037 3037 3037 0 1134 1130 1126 1123 1123 1123 1123 1123 1123 1123
    1123 1123 1123 1119 1119 1119 1119 1119 1119 1119 1119 1119 1119
    1119 1119 1119 1119 1115 1115 1115 1112 1112 1112 1115 1112 1112
    1115 1115 1115 1115 1115 1115 1115 1115 1115 1112 1112 1108 1108
    1108 1108 1108 1108 1108 1108 1108 1108 1105 1105 1105 0 3037 3037
    3037 3037 3037 1134 1134 1130 1130 1126 1123 1123 1123 1123 1123
    1123 1123 1123 1123 1119 1119 1119 1123 1119 1119 1119 1119 1119
    1119 1119 1119 1119 1119 1119 1115 1115 1115 1115 1115 1115 1115
    1115 1115 1115 1115 1119 1115 1115 1115 1115 1115 1112 1112 1108
    1108 1108 1108 1108 1108 1108 1108 1108 1108 1108 1108 1108 0 3037
    3037 3037 3037 3037 1134 1134 1130 1130 1126 1126 1126 1123 1123
    1123 1126 1126 1123 1123 1119 1119 1119 1123 1119 1119 1119 1119
    1119 1119 1119 1119 1119 1119 1119 1119 1119 1115 1115 1115 1115
    1115 1115 1119 1119 1119 1119 1119 1119 1115 1115 1115 1112 1112
    1112 1112 1112 1112 1108 1108 1108 1108 1108 1108 1108 1108 0 0 0
    3037 3037 3037 3037 0 1134 1130 1130 1126 1126 1126 1126 1126 1126
    1126 1126 1123 1123 1123 1123 1123 1123 1123 1123 1119 1119 1119
    1119 1119 1119 1119 1119 1119 1119 1119 1119 1119 1115 1115 1115
    1119 1119 1119 1119 1119 1119 1119 1119 1115 1115 1112 1112 1112
    1112 1112 1112 1112 1112 1112 1112 1112 1112 1108 1108 0 0 0 3037
    3037 3037 3037 0 0 1130 1130 1126 1126 1126 1123 1123 1126 1126 1126
    1126 1123 1123 1123 1123 1126 1126 1123 1123 1119 1119 1119 1119
    1119 1119 1119 1119 1119 1119 1119 1119 1119 1115 1115 1119 1119
    1119 1119 1119 1119 1119 1119 1119 1115 1115 1115 1115 1115 1115
    1115 1115 1112 1112 1112 1112 1108 1105 1105 0 0 0 3037 3037 3037
    3037 0 0 1130 1130 1126 1126 1126 1123 1123 1126 1126 1126 1126 1123
    1123 1123 1123 1126 1126 1123 1123 1119 1119 1119 1119 1119 1119
    1119 1119 1119 1119 1119 1119 1119 1115 1115 1115 1119 1119 1119
    1119 1119 1119 1119 1119 1119 1119 1119 1119 1115 1115 1115 1115
    1115 1115 1115 1112 1108 1105 1105 0 0 0 3037 3037 3037 3037 0 0
    1130 1130 1126 1126 1126 1126 1126 1126 1126 1126 1126 1126 1126
    1126 1126 1126 1126 1126 1123 1123 1123 1123 1123 1119 1119 1119
    1119 1119 1119 1119 1119 1119 1115 1115 1115 1119 1119 1119 1119
    1119 1119 1119 1119 1119 1119 1119 1119 1119 1115 1115 1115 1115
    1115 1115 1115 1115 1115 1115 0 0 0 3037 3037 3037 3037 0 0 1130
    1130 1130 1130 1130 1130 1126 1126 1126 1130 1130 1126 1126 1123
    1123 1126 1126 1126 1123 1123 1123 1123 1123 1123 1119 1119 1119
    1119 1119 1119 1119 1119 1115 1115 1115 1119 1119 1123 1123 1123
    1119 1119 1119 1119 1119 1119 1119 1119 1115 1115 1115 1115 1115
    1115 1119 1115 1115 1115 1115 0 3064 3064 3064 3037 3037 0 0 1130
    1130 1130 1130 1130 1130 1130 1130 1130 1130 1130 1126 1126 1123
    1123 1126 1126 1126 1123 1123 1123 1123 1123 1123 1119 1119 1119
    1119 1119 1119 1119 1119 1115 1115 1119 1119 1119 1123 1123 1123
    1123 1119 1119 1119 1119 1119 1119 1119 1119 1115 1115 1115 1115
    1115 1119 1119 1115 1115 1115 0 3064 3064 3064 3064 3037 0 0 1130
    1130 1130 1130 1130 1130 1130 1130 1130 1130 1130 1126 1126 1123
    1123 1123 1123 1126 1126 1123 1123 1123 1123 1123 1123 1123 1123
    1123 1123 1119 1119 1119 1119 1119 1119 1123 1123 1123 1123 1123
    1123 1123 1119 1119 1119 1119 1119 1119 1119 1119 1119 1119 1119
    1119 1119 1119 1115 1115 1115 0 0 3092 3064 3064 3037 0 0 0 1130
    1130 1130 1130 1130 1130 1130 1130 1130 1130 1126 1126 1123 1123
    1123 1123 1126 1126 1126 1126 1126 1126 1123 1123 1123 1123 1123
