<?xml version="1.0"?>
<opencv_storage>
<Depth16097 type_id="opencv-matrix">
  <rows>87</rows>
  <cols>31</cols>
  <dt>w</dt>
  <data>
    5210 5210 5210 5210 5210 5210 5210 5210 5210 5291 5291 5291 5291
    5291 5291 5210 5210 5210 1452 1452 1445 1445 1445 1445 1445 1445
    5210 0 5210 5210 5210 5210 5210 5132 5132 5210 1470 1470 1489 5210
    5291 5291 5291 5291 1445 1445 1470 1470 1458 1452 1452 1445 1445
    1445 1445 0 0 0 0 1632 5210 5210 5210 5210 4983 1464 1464 1470 1470
    1470 1464 1464 1464 1470 1470 1445 1445 1464 1452 1452 1452 1445
    1445 1445 1445 1445 0 0 0 0 0 0 0 5210 5132 4983 1464 1464 1470 1470
    1470 1464 1464 1470 1464 1464 1445 1445 1458 1452 1445 1445 1445
    1445 1445 1445 1445 1489 1489 1632 0 1632 1632 1639 5210 5132 1464
    1464 1464 1470 1464 1464 1464 1464 1464 1464 1464 1458 1458 1458
    1452 1445 1445 1445 1445 1445 1452 1458 1489 0 0 1632 1632 1632 1639
    1464 1464 1464 1464 1464 1470 1464 1464 1464 1464 1464 1464 1458
    1458 1452 1452 1452 1445 1445 1445 1445 1445 1445 1458 1483 1489 0
    1616 1616 1624 1639 0 1464 1464 1464 1464 1470 1464 1464 1464 1464
    1464 1458 1452 1452 1452 1452 1452 1445 1445 1445 1445 1445 1445
    1458 1483 1489 1579 1579 1601 1609 1609 1470 1464 1464 1464 1464
    1470 1470 1464 1464 1464 1464 1458 1452 1452 1452 1452 1452 1445
    1445 1445 1445 1445 1452 1470 1489 1496 1572 1572 1601 1609 1609
    1470 1470 1464 1464 1464 1464 1464 1464 1464 1464 1464 1458 1452
    1452 1452 1452 1445 1445 1445 1445 1445 1445 1452 1470 1489 1503
    1550 1572 1594 1609 1609 1470 1470 1470 1464 1464 1464 1464 1464
    1464 1464 1458 1458 1452 1452 1452 1452 1445 1445 1445 1445 1445
    1445 1445 1470 1489 1516 1550 1579 1579 1609 1609 1477 1477 1470
    1464 1464 1464 1464 1464 1464 1464 1458 1458 1452 1452 1452 1452
    1445 1445 1445 1445 1445 1445 1445 1470 1489 1516 1543 1557 1579
    1609 0 1470 1470 1464 1464 1464 1464 1464 1464 1464 1464 1458 1458
    1458 1452 1452 1452 1445 1445 1445 1445 1445 1445 1452 1477 1489
    1509 1543 1557 1609 1616 0 5132 1464 1464 1464 1464 1464 1464 1464
    1464 1464 1458 1458 1458 1458 1452 1452 1445 1445 1445 1445 1445
    1445 1452 1483 1496 1496 1496 1609 1609 1632 0 5132 1464 1464 1464
    1464 1470 1464 1464 1464 1464 1458 1458 1458 1452 1452 1452 1445
    1445 1445 1445 1445 1445 1452 1477 1496 1496 1496 1609 1609 1616 0
    5132 1464 1464 1464 1464 1470 1464 1464 1464 1464 1458 1458 1458
    1452 1452 1452 1445 1445 1439 1439 1439 1445 1452 1470 1503 1503
    1523 1594 1594 1616 0 5132 1464 1464 1464 1464 1470 1464 1464 1464
    1464 1458 1452 1452 1452 1452 1445 1445 1445 1439 1439 1439 1439
    1445 1464 1509 1516 1523 1594 1594 1616 0 5132 1464 1464 1464 1464
    1464 1464 1464 1464 1458 1458 1452 1452 1452 1452 1445 1445 1445
    1439 1439 1439 1439 1445 1464 1516 1516 1523 1601 1601 1624 0 5132
    1464 1464 1464 1464 1464 1464 1464 1464 1458 1458 1452 1452 1452
    1445 1445 1445 1445 1439 1439 1439 1439 1445 1464 1503 1509 1523
    1586 1601 1632 0 1464 1464 1464 1464 1464 1464 1464 1464 1464 1458
    1458 1452 1452 1445 1445 1445 1445 1445 1439 1439 1439 1445 1452
    1458 1496 1509 1523 1586 1609 1632 0 1489 1470 1464 1464 1464 1464
    1464 1464 1464 1458 1458 1452 1452 1445 1445 1445 1445 1445 1445
    1445 1445 1445 1452 1458 1496 1509 1523 1579 1594 1632 0 1489 1477
    1464 1464 1464 1464 1464 1464 1464 1458 1458 1458 1452 1452 1445
    1445 1445 1445 1439 1439 1439 1445 1452 1458 1489 1516 1543 1579
    1594 1616 0 1470 1470 1464 1464 1464 1464 1464 1464 1464 1464 1464
    1458 1452 1452 1445 1445 1445 1445 1439 1439 1439 1445 1445 1452
    1489 1516 1557 1586 1601 1616 0 1470 1470 1464 1464 1464 1464 1464
    1464 1464 1464 1464 1458 1458 1452 1452 1445 1445 1439 1439 1439
    1439 1445 1445 1452 1483 1503 1557 1579 1601 1624 1624 1470 1470
    1464 1464 1464 1464 1464 1464 1464 1464 1464 1458 1458 1452 1452
    1445 1445 1439 1439 1439 1439 1445 1445 1458 1477 1503 1557 1579
    1609 1624 1624 1470 1470 1464 1464 1464 1464 1464 1464 1464 1464
    1464 1458 1458 1452 1452 1445 1445 1439 1439 1439 1439 1445 1445
    1458 1477 1543 1557 1572 1609 1632 1632 1483 1464 1464 1464 1464
    1470 1470 1464 1464 1464 1464 1458 1458 1458 1452 1445 1439 1439
    1439 1439 1439 1445 1445 1458 1470 1543 1557 1572 1586 1632 1632
    1483 1464 1464 1464 1464 1464 1464 1464 1464 1458 1458 1458 1458
    1452 1452 1445 1439 1439 1439 1439 1439 1445 1452 1464 1470 1536
    1557 1572 1579 1632 1647 1464 1464 1464 1464 1464 1464 1464 1458
    1458 1458 1458 1452 1452 1452 1445 1445 1439 1439 1439 1439 1439
    1445 1452 1464 1477 1529 1557 1572 1579 1632 1639 1464 1464 1464
    1458 1458 1464 1458 1458 1458 1458 1458 1452 1445 1445 1445 1445
    1439 1439 1439 1439 1439 1445 1452 1464 1489 1516 1557 1572 1601
    1624 1632 1464 1464 1464 1458 1458 1464 1458 1458 1458 1458 1458
    1452 1445 1445 1445 1445 1439 1439 1439 1439 1439 1445 1452 1470
    1489 1516 1550 1579 1609 1624 1632 1464 1464 1464 1458 1458 1464
    1464 1458 1458 1458 1458 1445 1445 1445 1439 1439 1439 1439 1439
    1439 1439 1445 1452 1470 1489 1509 1536 1579 1616 1616 1624 1464
    1464 1464 1458 1458 1464 1464 1464 1458 1458 1458 1445 1445 1445
    1439 1439 1439 1439 1439 1439 1439 1445 1452 1470 1489 1509 1536
    1550 1616 1616 1624 1464 1464 1464 1458 1458 1464 1464 1464 1458
    1458 1458 1445 1445 1445 1445 1445 1445 1439 1439 1439 1439 1445
    1458 1470 1489 1516 1536 1550 1609 1624 1632 1464 1464 1464 1464
    1464 1464 1464 1464 1464 1458 1458 1445 1445 1445 1445 1445 1445
    1439 1439 1439 1439 1445 1458 1470 1483 1516 1536 1550 1601 1616
    1632 1464 1464 1458 1458 1458 1464 1464 1464 1464 1458 1452 1445
    1445 1445 1445 1445 1445 1445 1439 1439 1439 1445 1452 1470 1483
    1523 1543 1557 1601 1616 1632 1464 1464 1458 1458 1458 1464 1464
    1464 1464 1458 1452 1445 1445 1445 1445 1445 1445 1445 1439 1439
    1439 1445 1445 1464 1477 1523 1550 1572 1601 1616 1632 1470 1464
    1458 1458 1458 1464 1464 1464 1464 1458 1452 1445 1445 1445 1445
    1445 1445 1445 1439 1439 1439 1445 1445 1464 1470 1529 1550 1572
    1601 1609 1609 1470 1464 1458 1458 1458 1464 1464 1464 1464 1458
    1452 1445 1445 1445 1439 1439 1439 1439 1439 1439 1439 1445 1452
    1464 1470 1529 1557 1586 1601 1609 1609 1464 1458 1458 1458 1458
    1464 1464 1464 1464 1458 1458 1452 1445 1445 1439 1439 1439 1439
    1439 1439 1439 1445 1445 1458 1470 1536 1550 1572 1601 1609 1609
    1458 1458 1458 1458 1458 1464 1458 1458 1458 1458 1458 1445 1445
    1445 1439 1439 1439 1439 1439 1439 1439 1445 1445 1458 1477 1523
    1550 1572 1601 1601 1601 1458 1458 1458 1458 1458 1458 1458 1458
    1458 1458 1458 1445 1445 1445 1445 1439 1439 1439 1439 1439 1439
    1439 1445 1464 1483 1523 1543 1572 1601 1601 1632 1464 1464 1458
    1458 1458 1458 1458 1458 1458 1458 1458 1445 1445 1445 1445 1445
    1439 1439 1439 1439 1439 1439 1445 1458 1483 1523 1523 1572 1601
    1609 1624 1464 1464 1458 1458 1458 1458 1458 1458 1458 1458 1458
    1445 1445 1445 1445 1445 1439 1439 1439 1439 1439 1439 1445 1458
    1489 1516 1523 1579 1601 1609 1624 1464 1464 1464 1458 1458 1458
    1458 1458 1458 1458 1458 1445 1445 1445 1445 1445 1439 1439 1439
    1439 1439 1439 1445 1464 1489 1503 1536 1572 1601 1616 1632 1464
    1464 1464 1458 1458 1458 1452 1452 1452 1452 1458 1452 1445 1445
    1439 1439 1439 1439 1439 1439 1439 1439 1445 1470 1489 1496 1550
    1572 1601 1609 1624 1464 1464 1458 1458 1458 1458 1452 1452 1452
    1452 1452 1452 1445 1445 1439 1439 1439 1439 1439 1439 1439 1439
    1445 1483 1489 1496 1550 1557 1594 1601 1624 1464 1464 1458 1458
    1458 1458 1452 1452 1452 1452 1452 1452 1445 1445 1445 1439 1439
    1439 1439 1439 1439 1439 1445 1477 1489 1523 1550 1557 1594 1601
    1632 1464 1464 1464 1458 1458 1458 1458 1458 1458 1452 1452 1452
    1445 1445 1445 1445 1445 1439 1439 1439 1439 1439 1452 1477 1489
    1523 1543 1543 1609 1609 1632 1464 1464 1464 1458 1458 1458 1458
