<?xml version="1.0"?>
<opencv_storage>
<Depth15131 type_id="opencv-matrix">
  <rows>35</rows>
  <cols>20</cols>
  <dt>w</dt>
  <data>
    5832 5832 5832 5734 5640 5548 5548 5548 2859 2859 2859 2859 2859
    2835 2835 2835 2835 2835 2835 2835 5832 5832 5734 5734 5640 5548
    5548 2859 2859 2859 2859 2859 2859 2835 2835 2835 2835 2835 2835
    2835 5832 5734 5734 5734 5640 5548 5548 2859 2859 2859 2859 2859
    2859 2835 2835 2835 2835 2835 2835 2859 5832 5734 5734 5640 5640
    5548 2883 2883 2859 2859 2859 2859 2859 2835 2835 2835 2835 2835
    2835 2835 5832 5734 5734 5640 5640 5640 2859 2859 2859 2859 2859
    2859 2859 2835 2835 2835 2835 2835 2835 2835 5832 5734 5734 5640
    5640 5640 2859 2859 2859 2859 2859 2859 2859 2859 2835 2835 2835
    2835 2835 2859 5734 5734 5734 5640 5640 2883 2859 2859 2859 2859
    2859 2859 2859 2859 2859 2859 2835 2835 2859 2859 5734 5734 5734
    5640 2908 2883 2859 2859 2859 2859 2859 2835 2835 2835 2835 2835
    2835 2835 2883 2883 5734 5734 5640 5640 2908 2908 2859 2859 2859
    2859 2859 2835 2835 2835 2835 2835 2835 2835 2883 2883 5832 5734
    5640 5548 2933 2883 2883 2859 2859 2859 2859 2835 2835 2835 2835
    2835 2835 2859 2883 5374 5734 5734 5640 5548 2908 2859 2859 2859
    2859 2859 2859 2835 2835 2835 2835 2835 2835 2859 2859 5291 5734
    5734 5640 2933 2908 2859 2859 2859 2859 2859 2859 2835 2835 2835
    2835 2835 2859 2859 2859 5291 5734 5734 5548 2933 2908 2859 2859
    2859 2859 2859 2859 2835 2835 2835 2835 2835 2859 2859 2859 5291
    5734 5640 5548 2908 2883 2859 2859 2859 2859 2859 2859 2835 2835
    2835 2835 2835 2835 2835 2835 5291 5640 5640 5640 2908 2883 2859
    2859 2859 2859 2859 2859 2835 2835 2835 2835 2835 2835 2835 5291
    5291 5640 5548 5548 2859 2859 2859 2859 2859 2859 2835 2835 2835
    2835 2835 2835 2812 2812 2812 5291 5291 5640 5548 2859 2859 2859
    2859 2859 2835 2835 2835 2835 2835 2835 2835 2812 2812 2812 5291
    5291 5291 5640 5548 2859 2835 2835 2835 2835 2835 2835 2835 2835
    2835 2835 2812 2812 2812 2812 5291 5291 5291 5640 5640 2859 2835
    2835 2835 2835 2835 2835 2835 2835 2812 2812 2812 2812 2835 5291
    5291 5291 5291 5640 5640 2859 2835 2835 2835 2835 2835 2835 2835
    2835 2812 2812 2812 2812 2812 5291 5291 5291 5291 5640 2933 2883
    2859 2835 2835 2835 2835 2835 2835 2835 2835 2812 2812 2812 2812
    5291 5291 5291 5291 5640 2908 2883 2859 2835 2835 2835 2835 2835
    2835 2835 2835 2812 2812 2812 5291 5291 5291 5291 5291 5548 2908
    2883 2859 2835 2835 2835 2835 2835 2835 2835 2835 2835 2835 2835
    5291 5291 5291 5210 5210 5548 2859 2859 2859 2835 2835 2835 2835
    2835 2835 2835 2835 2835 2835 2835 5291 5291 5210 5210 5210 5460
    2859 2859 2859 2835 2835 2835 2835 2835 2835 2835 2835 2835 2835
    5291 5291 5291 5210 5210 5210 5291 2859 2859 2835 2835 2835 2835
    2835 2835 2812 2812 2789 2789 2835 5291 5291 5291 5210 5210 5210
    2859 2859 2859 2835 2835 2835 2835 2835 2835 2812 2812 2789 2789
    2789 5291 5291 5291 5210 5210 5210 2859 2859 2835 2835 2835 2835
    2835 2812 2812 2812 2812 2812 2812 2812 5291 5291 5291 5210 5210
    5132 2859 2859 2835 2835 2835 2835 2835 2812 2812 2812 2812 2812
    2812 5291 5291 5291 5210 5210 5210 5132 2859 2835 2835 2835 2835
    2835 2835 2812 2812 2812 2812 2812 2835 5291 5291 5291 5210 5210
    5210 5132 2859 2835 2835 2835 2835 2835 2835 2812 2812 2812 2812
    2812 2835 5291 5291 5291 5210 5210 5210 5210 2859 2859 2835 2835
    2835 2835 2835 2812 2812 2812 2812 2812 2812 5291 5291 5210 5210
    5210 5210 5210 2908 2883 2859 2859 2835 2835 2835 2812 2812 2812
    2812 2812 5291 5291 5291 5210 5210 5210 5210 5210 2933 2933 2908
    2908 2859 2835 2835 2812 2812 2812 2812 2812 5210 5210 5291 5210
    5210 5210 5210 5132 5548 5548 2933 2908 2859 2859 2883 2859 2859
    2835 2835 5210 5210 5210 5210 5210 5210 5210 5132 5132</data></Depth15131>
</opencv_storage>
