<?xml version="1.0"?>
<opencv_storage>
<Depth7184 type_id="opencv-matrix">
  <rows>62</rows>
  <cols>80</cols>
  <dt>w</dt>
  <data>
    3859 3859 3903 3903 3903 3859 3859 3859 3903 3903 3948 3948 1445
    1445 1452 1445 1445 1445 1439 1439 1439 1433 1433 1433 1433 1433
    3903 3903 3859 3859 3903 3903 3903 3859 3859 3859 3859 3859 3859
    3859 3816 3816 3859 3859 3859 3816 3816 3816 3816 3816 3816 3816
    3816 3816 3816 3816 3816 3816 3859 3859 3859 3859 3859 3859 3859
    3859 3859 3859 3859 3816 3774 3774 3692 3692 3692 3732 3732 3816
    3816 3859 3859 3859 3859 3859 3903 3859 3859 3859 3903 3994 4190
    4190 1445 1445 1452 1439 1439 1433 1433 1427 1427 1427 1427 1427
    1427 1421 1421 1421 3859 3859 3859 3859 3859 3859 3859 3859 3859
    3816 3816 3774 3774 3774 3816 3816 3816 3816 3816 3774 3774 3774
    3774 3816 3816 3816 3816 3774 3774 3774 3816 3816 3816 3816 3859
    3859 3816 3816 3816 3816 3816 3816 3774 3732 3692 3692 3692 3692
    3692 3774 3816 3859 3859 3859 3859 3859 3859 3859 3859 3859 3859
    3774 1445 1445 1445 1445 1452 1439 1439 1421 1421 1415 1415 1415
    1421 1427 1421 1421 1415 1415 1421 1421 3859 3859 3859 3859 3859
    3859 3816 3816 3774 3774 3774 3774 3816 3816 3774 3774 3774 3774
    3774 3774 3774 3774 3816 3816 3774 3774 3774 3774 3816 3816 3816
    3816 3859 3859 3816 3816 3816 3816 3816 3774 3732 3692 3692 3692
    3653 3653 3692 3774 3816 3859 3859 3859 3859 3859 3859 3859 3816
    3774 3774 3774 0 1452 1452 1439 1439 1445 1445 1387 1387 1398 1398
    1398 1404 1415 1415 1415 1415 1415 1415 1415 1421 1421 3903 3859
    3859 3859 3816 3816 3774 3774 3774 3774 3774 3774 3774 3774 3774
    3774 3774 3774 3774 3774 3774 3774 3774 3774 3774 3774 3816 3816
    3816 3816 3816 3859 3816 3816 3816 3816 3816 3774 3732 3692 3692
    3692 3653 3653 3692 3732 3774 3816 3859 3859 3859 3859 3859 3859
    3816 3774 3774 3774 1381 1381 1439 1439 1381 1381 1381 1381 1381
    1387 1387 1387 1387 1387 1392 1398 1404 1404 1404 1404 1404 1398
    1398 1404 3948 3903 3816 3816 3774 3774 3774 3774 3774 3774 3774
    3774 3774 3774 3774 3774 3774 3774 3774 3774 3774 3774 3774 3774
    3816 3816 3816 3816 3816 3816 3816 3816 3816 3816 3816 3774 3732
    3692 3653 3653 3653 3653 3692 3732 3774 3816 3859 3859 3859 3859
    3859 3816 3774 3774 3774 3774 1381 1381 1381 1381 1381 1370 1370
    1370 1376 1376 1381 1381 1381 1381 1381 1381 1387 1392 1392 1392
    1392 1392 1392 1392 1392 1398 1398 1404 1404 3774 3774 3774 3732
    3732 3774 3732 3732 3732 3732 3732 3732 3774 3774 3774 3774 3774
    3774 3774 3816 3816 3816 3774 3774 3816 3816 3816 3816 3816 3816
    3774 3774 3653 3653 3653 3692 3692 3692 3774 3774 3816 3859 3859
    3816 3816 3816 3816 3774 3774 3774 3774 1381 1381 1381 1381 1381
    1370 1370 1370 1370 1370 1370 1376 1370 1370 1370 1370 1370 1376
    1381 1387 1387 1387 1387 1387 1387 1387 1387 1392 1398 1398 1404
    1410 3732 3732 3774 3732 3732 3732 3732 3732 3732 3732 3732 3732
    3732 3732 3732 3732 3816 3816 3774 3774 3774 3816 3816 3816 3816
    3816 3816 3774 3774 3653 3653 3653 3692 3692 3732 3732 3732 3774
    3816 3816 3816 3816 3816 3774 3732 3732 3774 3774 1376 1376 1376
    1381 1381 1370 1370 1365 1365 1365 1365 1365 1365 1365 1365 1365
    1365 1365 1365 1376 1381 1381 1381 1381 1381 1387 1387 1387 1392
    1392 1398 1398 1398 1404 3774 3732 3732 3732 3732 3732 3732 3732
    3732 3732 3732 3732 3732 3732 3774 3816 3774 3774 3774 3774 3774
    3774 3774 3816 3816 3774 3732 3653 3653 3653 3653 3653 3732 3732
    3732 3774 3816 3774 3774 3816 3774 3774 3732 3732 3774 3774 1376
    1376 1376 1381 1381 1376 1370 1365 1365 1365 1359 1359 1359 1359
    1359 1359 1359 1359 1359 1359 1370 1370 1376 1376 1376 1376 1376
    1381 1381 1387 1387 1387 1392 1392 1387 1387 3732 3732 3732 3732
    3732 3732 3692 3692 3692 3692 3692 3732 3774 3774 3774 3774 3774
    3774 3774 3774 3774 3774 3774 3774 3692 3653 3614 3614 3614 3653
    3692 3732 3774 3774 3816 3774 3774 3774 3774 3774 3774 3774 3774
    1387 1387 1381 1381 1381 1381 1376 1370 1365 1365 1365 1359 1359
    1359 1359 1354 1354 1349 1349 1349 1349 1354 1359 1359 1359 1365
    1365 1370 1370 1370 1376 1376 1381 1381 1381 1381 1381 1381 1381
    1381 1387 1387 1387 3692 3692 3692 3692 3692 3732 3774 3774 3774
    3774 3774 3774 3774 3774 3774 3732 3732 3732 3692 3653 3614 3614
    3614 3614 3653 3732 3732 3774 3774 3774 3774 3732 3732 3732 3732
    3774 3774 1387 1387 1381 1381 1381 1381 1376 1376 1370 1365 1365
    1359 1359 1359 1354 1354 1354 1349 1349 1349 1349 1349 1343 1343
    1343 1349 1354 1359 1359 1359 1365 1365 1365 1370 1370 1370 1376
    1376 1381 1381 1381 1381 1381 1381 1381 3732 3732 3732 3732 3774
    3732 3732 3732 3732 3774 3774 3774 3732 3732 3732 3692 3653 3614
    3614 3614 3614 3614 3614 3692 3692 3732 3774 3774 3774 3732 3732
    3732 3732 3774 3774 1404 1392 1381 1381 1381 1381 1376 1376 1370
    1370 1365 1359 1359 1359 1354 1349 1349 1349 1349 1343 1343 1343
    1338 1338 1338 1343 1343 1343 1343 1349 1349 1354 1359 1359 1359
    1359 1365 1365 1370 1376 1376 1376 1376 1376 1376 1381 1381 3732
    3732 3732 3732 3692 3692 3732 3732 3732 3732 3692 3692 3692 3614
    3614 3614 3576 3576 3576 3614 3614 3692 3692 3732 3774 3774 3732
    3732 3732 3732 3732 3774 3774 1398 1392 1387 1387 1381 1381 1381
    1381 1370 1370 1365 1365 1359 1359 1349 1349 1349 1349 1349 1343
    1343 1338 1338 1338 1338 1338 1338 1338 1338 1338 1343 1343 1349
    1349 1349 1349 1354 1359 1359 1365 1365 1370 1370 1370 1370 1376
    1376 1376 3732 3732 3732 3692 3692 3732 3732 3732 3732 3653 3653
    3653 3614 3614 3576 3539 3539 3576 3576 3614 3653 3692 3692 3732
    3732 3732 3692 3692 3692 3732 3732 1398 1398 1387 1381 1381 1381
    1381 1381 1381 1376 1370 1365 1365 1359 1359 1349 1349 1349 1349
    1349 1349 1343 1338 1338 1338 1338 1333 1333 1333 1333 1333 1333
    1333 1333 1338 1343 1343 1343 1349 1354 1359 1359 1365 1365 1365
    1365 1370 1370 1376 1381 1381 1381 3692 3692 3732 3732 3692 3692
    3653 3653 3653 3576 3576 3576 3539 3539 3576 3576 3614 3653 3692
    3692 3732 3732 3732 3692 3653 3653 3692 3692 1398 1398 1387 1381
    1381 1381 1381 1381 1381 1376 1370 1370 1365 1359 1359 1354 1354
    1349 1349 1349 1349 1343 1343 1338 1338 1338 1333 1333 1328 1328
    1328 1322 1322 1322 1328 1333 1333 1333 1338 1343 1343 1349 1354
    1359 1359 1359 1365 1365 1365 1370 1376 1376 1376 1376 3732 3692
    3653 3653 3653 3653 3653 3576 3576 3576 3539 3539 3576 3576 3614
    3653 3692 3732 3692 3692 3692 3692 3653 3653 3692 3692 1404 1398
    1387 1381 1381 1381 1381 1376 1376 1376 1370 1370 1365 1359 1359
    1354 1354 1354 1354 1354 1349 1343 1343 1343 1338 1338 1333 1333
    1328 1328 1322 1322 1322 1322 1322 1322 1322 1322 1322 1328 1328
    1328 1338 1338 1349 1349 1354 1354 1354 1354 1354 1359 1359 1359
    1365 1370 1376 1376 1370 1370 3653 3576 3576 3576 3576 3539 3539
    3539 3614 3653 3692 3732 3692 3692 3692 3692 3614 3614 3614 1404
    1404 1398 1387 1381 1381 1381 1381 1376 1376 1376 1376 1370 1365
    1365 1359 1359 1359 1354 1354 1349 1349 1343 1343 1343 1343 1338
    1333 1333 1328 1328 1322 1322 1322 1322 1317 1317 1317 1317 1317
    1317 1317 1317 1317 1317 1328 1328 1338 1343 1343 1343 1343 1349
    1349 1354 1359 1365 1370 1370 1370 1370 1370 1370 1370 1365 3503
    3503 3503 3503 3614 3692 3692 3692 3692 3692 3692 3692 3539 3539
    3539 1398 1398 1392 1387 1381 1381 1381 1381 1376 1376 1376 1376
    1370 1365 1365 1359 1359 1359 1354 1354 1349 1349 1343 1343 1343
    1343 1338 1338 1338 1333 1328 1328 1322 1322 1322 1317 1317 1317
    1317 1317 1317 1317 1317 1312 1312 1312 1317 1328 1333 1333 1338
    1338 1338 1338 1343 1359 1359 1365 1365 1365 1365 1365 1365 1365
    1365 1365 3503 3503 3503 3653 3653 3692 3692 3653 3692 3692 3692
    3539 3539 3539 1392 1392 1392 1387 1381 1381 1381 1381 1376 1376
    1376 1376 1370 1370 1365 1359 1359 1359 1354 1354 1349 1349 1343
