<?xml version="1.0"?>
<opencv_storage>
<Depth4865 type_id="opencv-matrix">
  <rows>60</rows>
  <cols>52</cols>
  <dt>w</dt>
  <data>
    4241 4241 4241 4241 4241 4190 4190 4190 4139 4089 4089 4089 4089
    4089 4089 4089 4089 4041 4041 4041 4041 3994 3994 3994 4041 3994
    3994 3994 3994 1680 1680 1671 1671 3948 3948 1748 1739 1739 1722
    1722 3859 3816 3816 3774 3774 3732 3732 3732 3732 3732 3732 3732
    4241 4241 4241 4241 4241 4190 4190 4190 4139 4139 4139 4089 4089
    4089 4089 4089 4041 4041 4041 4041 4041 4041 4041 1713 1713 1705
    1705 1705 1688 1680 1680 1671 1655 1655 1655 1722 1722 1722 1722
    1722 1722 3816 3816 3816 3774 3732 3732 3732 3732 3692 3692 3692
    4295 4241 4241 4241 4241 4190 4190 4190 4190 4139 4139 4089 4089
    4089 4089 4089 4041 4041 4041 4041 1731 1722 1722 1713 1705 1705
    1705 1705 1688 1680 1680 1671 1655 1655 1663 1713 1713 1713 1713
    1713 1713 3774 3774 3816 3774 3732 3732 3732 3692 3692 3692 3692
    4295 4241 4241 4241 4241 4190 4190 4190 4190 4190 4139 4139 4089
    4089 4089 4041 4041 3994 1713 1713 1731 1722 1722 1713 1705 1705
    1696 1696 1688 1688 1680 1671 1663 1663 1663 1696 1705 1713 1713
    1713 1713 3774 3774 3816 3774 3732 3732 3692 3692 3692 3692 3692
    4295 4241 4241 4241 4190 4190 4190 4190 4190 4190 4190 4139 4041
    4041 4041 1731 1731 1731 1713 1713 1731 1722 1722 1713 1705 1705
    1696 1696 1688 1688 1680 1671 1663 1663 1663 1696 1705 1705 1713
    1722 1722 3816 3816 3816 3774 3732 3732 3692 3692 3692 3692 3692
    4241 4241 4241 4241 4190 4190 4190 4190 1813 1813 4139 1766 1757
    1739 1739 1731 1731 1731 1731 1731 1731 1722 1722 1713 1713 1705
    1705 1696 1696 1688 1688 1671 1671 1671 1671 1688 1696 1705 1705
    1722 1722 3816 3816 3816 3774 3732 3732 3692 3692 3692 3732 3732
    4241 4241 4241 4241 4190 1804 1804 1813 1813 1785 1776 1748 1748
    1739 1739 1731 1731 1731 1722 1722 1722 1722 1722 1713 1713 1705
    1705 1696 1688 1688 1680 1671 1671 1671 1671 1680 1696 1705 1705
    1713 1722 3816 3816 3816 3774 3774 3732 3732 3732 3732 3732 3732
    1766 1776 1785 1794 1794 1794 1794 1794 1794 1776 1748 1739 1739
    1739 1739 1731 1731 1731 1722 1722 1722 1722 1722 1713 1713 1705
    1705 1696 1688 1688 1680 1680 1671 1671 1671 1680 1688 1696 1705
    1713 1713 1713 3774 3774 3774 3774 3774 3774 3774 3732 3732 3732
    1766 1776 1785 1794 1794 1776 1776 1776 1766 1766 1748 1739 1739
    1739 1739 1731 1731 1731 1713 1713 1713 1722 1713 1713 1713 1705
    1705 1696 1688 1688 1680 1671 1671 1671 1671 1680 1688 1696 1705
    1705 1713 1713 3774 3774 3774 3774 3774 3774 3774 3732 3732 3732
    1776 1785 1785 1785 1776 1776 1776 1776 1766 1766 1748 1739 1739
    1739 1739 1739 1739 1731 1713 1713 1713 1713 1713 1713 1705 1705
    1705 1696 1688 1680 1680 1671 1671 1671 1671 1680 1680 1688 1705
    1705 1705 1713 1713 3816 3774 3774 3774 3774 3732 3732 3732 3732
    1794 1794 1785 1785 1776 1776 1776 1776 1766 1766 1748 1739 1739
    1739 1739 1739 1731 1731 1713 1713 1722 1713 1713 1713 1705 1705
    1705 1696 1688 1680 1680 1671 1671 1671 1671 1671 1680 1688 1696
    1705 1705 1713 1713 3816 3816 3816 3774 3774 3732 3732 3732 3732
    1794 1794 1794 1785 1785 1776 1776 1776 1766 1766 1766 1739 1739
    1739 1739 1731 1731 1731 1722 1722 1722 1722 1713 1713 1705 1705
    1705 1696 1688 1680 1671 1671 1671 1671 1671 1671 1680 1680 1696
    1705 1713 1713 1713 1713 3816 3816 3774 3774 3732 3732 3732 3732
    1794 1794 1794 1794 1794 1776 1776 1776 1776 1766 1766 1766 1748
    1739 1739 1731 1731 1731 1731 1731 1731 1722 1713 1713 1713 1705
    1705 1696 1688 1680 1671 1671 1671 1671 1671 1671 1680 1680 1688
    1705 1705 1713 1713 1713 3816 3816 3774 3774 3732 3732 3732 3732
    1794 1794 1794 1804 1794 1785 1785 1776 1776 1766 1766 1766 1766
    1748 1739 1739 1731 1731 1731 1731 1731 1722 1722 1713 1713 1705
    1705 1696 1688 1688 1680 1671 1671 1671 1671 1671 1680 1680 1688
    1705 1705 1713 1713 1713 3859 3816 3774 3774 3732 3732 3732 3732
    1804 1804 1804 1804 1794 1794 1785 1776 1776 1776 1766 1766 1766
    1748 1739 1739 1739 1731 1731 1731 1731 1722 1722 1713 1713 1713
    1696 1696 1688 1688 1688 1680 1671 1671 1671 1671 1671 1680 1688
    1705 1705 1713 1713 1766 3859 3816 3774 3774 3732 3732 3732 3732
    1823 1813 1804 1804 1804 1794 1785 1776 1776 1776 1766 1766 1766
    1748 1739 1739 1739 1731 1731 1731 1731 1731 1722 1713 1713 1713
    1696 1696 1696 1688 1688 1680 1671 1671 1671 1671 1671 1680 1680
    1688 1696 1705 1713 1748 1748 3816 3774 3732 3732 3732 3732 3732
    3774 1804 1804 1804 1804 1794 1785 1776 1776 1776 1766 1766 1766
    1748 1739 1739 1739 1731 1731 1731 1731 1731 1722 1713 1713 1713
    1705 1705 1696 1696 1696 1680 1680 1671 1671 1671 1671 1671 1680
    1688 1696 1705 1713 1722 1722 3774 3774 3732 3732 3732 3732 3732
    3732 1804 1804 1804 1804 1794 1785 1785 1776 1776 1766 1766 1766
    1748 1748 1739 1739 1739 1731 1731 1731 1731 1722 1713 1713 1713
    1705 1705 1696 1696 1696 1688 1680 1680 1671 1671 1671 1671 1671
    1671 1696 1705 1705 1713 1713 3774 3774 3732 3732 3692 3692 3692
    3732 3732 1813 1804 1804 1794 1785 1785 1776 1776 1766 1766 1766
    1748 1739 1739 1739 1739 1739 1731 1731 1731 1731 1722 1713 1713
    1705 1705 1696 1696 1696 1688 1680 1680 1671 1671 1663 1663 1671
    1671 1696 1705 1705 1705 1705 3816 3774 3732 3732 3692 3692 3692
    3732 3732 1813 1804 1804 1794 1785 1785 1776 1776 1766 1766 1757
    1748 1739 1739 1739 1739 1739 1731 1731 1731 1731 1722 1713 1713
    1705 1705 1696 1696 1696 1688 1680 1680 1671 1671 1663 1663 1671
    1671 1688 1696 1705 1705 1713 3859 3816 3816 3774 3732 3732 3732
    3692 3692 3692 1785 1785 1794 1785 1776 1776 1776 1766 1766 1757
    1748 1748 1739 1739 1739 1739 1731 1731 1731 1722 1722 1713 1713
    1705 1705 1705 1696 1696 1688 1680 1680 1671 1671 1663 1663 1663
    1671 1671 1696 1705 1705 1713 1713 3774 3774 3774 3774 3774 3732
    3692 3692 3692 1785 1785 1785 1776 1776 1776 1776 1766 1766 1757
    1748 1748 1739 1739 1739 1739 1731 1731 1731 1722 1722 1713 1713
    1713 1705 1705 1696 1688 1688 1680 1680 1680 1671 1663 1663 1663
    1671 1671 1688 1705 1713 1713 1713 3774 3774 3774 3774 3774 3732
    3692 3692 3692 1785 1785 1785 1776 1776 1776 1776 1766 1766 1757
    1748 1748 1748 1739 1739 1739 1731 1731 1731 1722 1722 1713 1713
    1713 1705 1705 1696 1688 1688 1688 1680 1680 1671 1663 1663 1663
    1671 1671 1680 1705 1713 1713 1713 3774 3774 3774 3774 3774 3732
    3692 3692 3692 1785 1785 1785 1785 1776 1776 1776 1776 1766 1757
    1757 1748 1748 1739 1739 1739 1731 1731 1731 1731 1722 1713 1713
    1713 1705 1705 1696 1688 1688 1688 1680 1680 1671 1663 1663 1663
    1671 1671 1680 1696 1705 1713 1713 3732 3732 3732 3774 3732 3732
    3692 3692 3692 1804 1794 1794 1785 1785 1776 1776 1776 1766 1757
    1757 1748 1748 1748 1739 1739 1731 1731 1739 1739 1731 1722 1713
    1713 1705 1705 1696 1688 1688 1680 1680 1680 1671 1671 1663 1663
    1671 1671 1680 1688 1696 1705 1705 3732 3732 3732 3774 3732 3732
    3732 3732 3732 1804 1804 1804 1794 1794 1785 1776 1776 1766 1766
    1766 1757 1748 1748 1739 1739 1731 1731 1739 1739 1731 1722 1713
    1713 1705 1705 1696 1696 1688 1680 1680 1671 1671 1671 1663 1663
    1663 1671 1671 1688 1696 1705 1713 1713 3732 3732 3774 3732 3732
    4349 4405 4405 1804 1804 1794 1794 1794 1785 1776 1776 1766 1766
    1766 1757 1748 1748 1748 1739 1739 1739 1739 1739 1731 1722 1713
    1713 1713 1705 1705 1696 1688 1680 1680 1671 1671 1671 1663 1663
    1663 1671 1671 1680 1688 1713 1713 1713 3774 3774 3774 3732 3732
    4349 4349 4405 4405 1813 1794 1794 1794 1785 1776 1776 1766 1766
    1766 1757 1748 1748 1748 1739 1739 1739 1739 1739 1731 1722 1713
    1713 1713 1705 1705 1696 1688 1680 1680 1671 1671 1671 1671 1663
    1663 1663 1671 1671 1680 1713 1722 1739 1739 3774 3774 3732 3732
    4349 4349 4405 4405 4405 1794 1794 1794 1785 1776 1776 1766 1766
    1766 1748 1748 1748 1748 1748 1739 1739 1739 1739 1731 1722 1713
