<?xml version="1.0"?>
<opencv_storage>
<Depth11385 type_id="opencv-matrix">
  <rows>6</rows>
  <cols>14</cols>
  <dt>w</dt>
  <data>
    7178 7178 7332 7332 7332 7178 7178 7030 7030 7030 7178 7332 7660
    7660 7178 7178 7178 7178 7178 7178 7030 7030 7030 7030 7178 7332
    7332 7178 7178 7178 7178 7178 7178 7178 7030 7030 7030 7178 7178
    7178 7178 7178 7178 7178 7178 7178 7178 7178 7178 7178 7178 7178
    7178 7178 7030 7030 7178 7178 7178 7178 7332 7178 7178 7178 7178
    7178 7178 7178 7030 7030 7178 7178 7178 7178 7332 7332 7030 7030
    7178 7178 7178 7178 7178 7178</data></Depth11385>
</opencv_storage>
