<?xml version="1.0"?>
<opencv_storage>
<Depth4661 type_id="opencv-matrix">
  <rows>74</rows>
  <cols>67</cols>
  <dt>w</dt>
  <data>
    4463 4463 4463 4463 4463 4522 4522 4522 4522 4522 4582 4582 4582
    4645 4645 4645 4645 4645 4645 4645 4645 4645 1663 1663 1663 1663
    1663 1671 1671 1680 1696 1696 1696 1705 1713 4774 4708 4708 4708
    4708 4708 4708 4708 4708 4708 4708 4708 4708 4708 4708 4708 4774
    4842 4774 4774 4774 4774 4842 4842 4774 4774 4774 4774 4774 4842
    4842 4842 4463 4463 4463 4463 4463 4463 4522 4522 4522 4522 4582
    4582 4582 4582 4582 4582 4645 4645 4645 4645 4582 4582 1663 1663
    1663 1663 1663 1663 1663 1671 1680 1696 1705 1705 1705 4774 4708
    4708 4708 4708 4708 4708 4708 4708 4708 4708 4708 4708 4708 4774
    4774 4774 4774 4774 4774 4708 4708 4774 4774 4774 4774 4774 4774
    4774 4774 4774 4842 4463 4405 4405 4463 4463 4463 4463 4463 4522
    4522 4582 4582 4582 4582 4582 4582 4645 4645 4645 4645 4582 4582
    1663 1655 1655 1655 1663 1663 1663 1671 1680 1688 1696 1705 1705
    1705 4645 4645 4645 4645 4708 4708 4708 4708 4708 4708 4708 4708
    4708 4708 4708 4774 4774 4708 4708 4708 4708 4708 4774 4774 4774
    4774 4774 4774 4774 4774 4774 4405 4405 4405 4463 4463 4463 4463
    4463 4463 4522 4582 4582 4582 4582 4582 4582 4582 4645 4645 4645
    4582 4582 1663 1647 1647 1647 1655 1663 1663 1671 1680 1688 1696
    1696 1705 1713 1713 4645 4645 4645 4708 4708 4708 4708 4708 4708
    4708 4708 4708 4708 4708 4708 4708 4708 4708 4708 4708 4708 4708
    4708 4708 4708 4774 4774 4774 4774 4774 4405 4463 4463 4463 4405
    4405 4405 4405 4405 4463 4522 4582 4582 4582 4582 4582 4582 1609
    1609 4645 4645 4645 1639 1639 1639 1639 1639 1647 1655 1663 1671
    1680 1688 1696 1696 1713 1713 4645 4645 4645 4645 4708 4708 4708
    4708 4708 4708 4708 4708 4708 4708 4708 4708 4708 4708 4708 4708
    4708 4708 4708 4708 4708 4774 4774 4708 4708 4708 4405 4405 4405
    4463 4405 4405 4405 4405 4405 4405 4522 1572 1557 1543 1543 1543
    1543 1601 1601 1601 1601 1624 1624 1632 1632 1639 1639 1639 1655
    1663 1671 1671 1688 1696 1696 1713 1722 1722 4645 4645 4645 4708
    4708 4708 4708 4708 4708 4708 4708 4708 4708 4708 4708 4708 4708
    4708 4708 4708 4708 4708 4708 4708 4774 4774 4708 4708 4708 4405
    4405 4405 4405 4405 4405 4405 4405 4405 4405 1579 1572 1557 1543
    1543 1543 1572 1579 1594 1594 1601 1609 1609 1624 1624 1632 1639
    1639 1647 1655 1663 1671 1680 1688 1696 1705 1705 1705 4645 4645
    4645 4708 4708 4708 4708 4708 4708 4708 4708 4708 4708 4708 4708
    4708 4708 4708 4708 4708 4708 4708 4708 4708 4774 4774 4708 4708
    4708 4405 4405 4405 4405 4405 4405 4405 4405 4405 4405 1579 1572
    1550 1550 1550 1557 1557 1572 1579 1586 1594 1601 1609 1616 1624
    1632 1632 1639 1639 1647 1663 1663 1671 1680 1696 1696 1705 1705
    1705 4645 4645 4645 4645 4708 4708 4708 4708 4708 4708 4708 4708
    4708 4708 4708 4708 4708 4708 4708 4708 4708 4708 4708 4708 4708
    4774 4708 4708 4405 4405 4405 4405 4349 4349 4349 4405 1601 1586
    1572 1564 1550 1550 1550 1550 1557 1564 1579 1579 1586 1601 1601
    1609 1616 1632 1632 1632 1639 1647 1655 1663 1671 1671 1696 1696
    1705 1705 1705 1705 4645 4645 4645 4645 4708 4708 4708 4708 4708
    4708 4708 4708 4708 4708 4708 4708 4708 4708 4708 4708 4708 4708
    4708 4708 4708 4708 4708 4405 4405 4405 4405 4349 4349 1601 1594
    1594 1586 1564 1557 1550 1550 1550 1550 1557 1564 1572 1572 1579
    1594 1601 1601 1609 1624 1632 1632 1639 1639 1655 1663 1663 1671
    1688 1696 1696 1705 1705 1705 4645 4645 4645 4645 4708 4645 4645
    4645 4645 4708 4708 4708 4708 4708 4708 4708 4708 4708 4708 4708
    4708 4708 4708 4708 4708 4708 4708 4405 4405 4405 4405 4349 1594
    1594 1586 1586 1564 1550 1550 1550 1543 1543 1550 1550 1564 1572
    1572 1579 1579 1594 1601 1601 1609 1624 1632 1632 1639 1655 1655
    1663 1663 1680 1688 1696 1696 1705 1705 1705 4645 4645 4708 4645
    4645 4645 4645 4645 4708 4708 4708 4708 4708 4708 4708 4708 4708
    4708 4708 4708 4708 4708 4708 4708 4708 4708 4349 4349 4405 1594
    1594 1594 1586 1586 1579 1564 1550 1550 1550 1543 1543 1543 1550
    1564 1564 1572 1572 1579 1586 1594 1601 1609 1616 1624 1632 1639
    1647 1655 1655 1663 1671 1680 1688 1696 1696 1696 1696 4708 4708
    4708 4645 4645 4645 4645 4645 4708 4708 4645 4645 4645 4708 4708
    4708 4708 4708 4708 4708 4708 4708 4708 4708 4708 4708 1609 1601
    1601 1594 1586 1579 1579 1579 1579 1564 1557 1550 1550 1543 1543
    1543 1550 1550 1564 1564 1572 1572 1579 1586 1594 1601 1609 1616
    1624 1632 1639 1655 1655 1663 1671 1671 1680 1696 1696 1696 1696
    1696 4708 4708 4645 4645 4645 4645 4645 4645 4645 4645 4645 4645
    4645 4708 4708 4708 4708 4708 4708 4708 4708 4708 4708 4708 4708
    1609 1601 1594 1586 1586 1572 1572 1572 1572 1557 1557 1550 1550
    1543 1543 1543 1543 1543 1550 1557 1564 1572 1572 1579 1586 1601
    1601 1609 1616 1632 1639 1647 1655 1663 1663 1671 1680 1688 1696
    1696 1696 1696 4645 4645 4645 4645 4645 4645 4645 4645 4645 4645
    4645 4645 4645 4708 4708 4708 4708 4708 4708 4708 4708 4708 4708
    4708 4708 1609 1601 1594 1586 1586 1572 1572 1572 1564 1557 1557
    1550 1550 1543 1543 1543 1543 1543 1550 1557 1564 1564 1572 1579
    1586 1594 1601 1601 1609 1624 1632 1639 1647 1655 1663 1671 1671
    1680 1688 1696 1696 1696 1696 4645 4645 4645 4645 4645 4645 4645
    4645 4645 4645 4645 4645 4708 4708 4708 4708 4708 4708 4708 4708
    4708 4708 4708 4708 1601 1594 1594 1586 1586 1572 1572 1572 1564
    1557 1557 1557 1550 1550 1543 1543 1543 1543 1543 1543 1550 1557
    1564 1572 1579 1586 1594 1601 1609 1624 1632 1639 1639 1647 1655
    1663 1671 1671 1680 1688 1688 1688 1688 4645 4645 4645 4645 4645
    4645 4645 4645 4645 4645 4645 4645 4645 4645 4645 4708 4708 4708
    4708 4708 4708 4708 4708 4708 1601 1594 1594 1586 1579 1572 1572
    1572 1564 1557 1557 1557 1550 1543 1543 1543 1543 1543 1543 1543
    1543 1550 1557 1564 1572 1579 1586 1594 1609 1616 1624 1632 1632
    1639 1647 1655 1663 1671 1671 1680 1688 1688 1688 1688 4645 4645
    4645 4645 4645 4645 4645 4645 4645 4645 4645 4645 4645 4645 4645
    4645 4708 4708 4708 4645 4645 4645 4645 1601 1594 1594 1586 1579
    1579 1579 1579 1572 1564 1557 1557 1550 1543 1543 1543 1543 1543
    1543 1543 1543 1550 1550 1564 1572 1572 1579 1586 1601 1609 1616
    1624 1624 1632 1639 1647 1663 1663 1671 1671 1680 1680 1680 1688
    1688 4708 4708 4645 4645 4645 4645 4645 4645 4645 4645 4645 4645
    4645 4645 4645 4645 4645 4645 4645 4645 4645 4645 1594 1594 1594
    1594 1579 1579 1579 1579 1572 1564 1557 1557 1550 1550 1543 1543
    1543 1543 1543 1543 1543 1543 1550 1564 1564 1572 1572 1579 1594
    1601 1609 1616 1616 1624 1632 1639 1647 1655 1663 1671 1671 1671
    1680 1680 1688 1688 4708 4645 4645 4645 4645 4645 4645 4645 4645
    4645 4645 4645 4645 4645 4645 4645 4645 4645 4645 4645 4645 1594
    1594 1586 1586 1579 1572 1572 1579 1572 1564 1564 1557 1550 1550
    1543 1543 1543 1543 1536 1536 1543 1543 1543 1557 1564 1572 1572
    1579 1586 1594 1601 1609 1616 1624 1624 1632 1639 1647 1663 1663
    1671 1671 1671 1680 1680 1680 4645 4645 4645 4645 4645 4645 4645
    4645 4645 4645 4645 4645 4645 4645 4645 4645 4645 4645 4645 4645
    4645 4295 1594 1586 1579 1579 1572 1572 1579 1572 1572 1564 1557
    1550 1550 1543 1543 1543 1536 1536 1536 1536 1536 1543 1550 1557
    1564 1572 1572 1579 1586 1594 1601 1609 1616 1624 1632 1632 1639
    1655 1663 1663 1671 1671 1671 1680 1680 4645 4645 4645 4645 4645
    4645 4645 4645 4645 4645 4645 4645 4645 4645 4645 4645 4645 4645
    4645 4645 4645 4190 4190 1586 1579 1579 1572 1572 1579 1572 1572
    1564 1557 1550 1550 1543 1543 1543 1536 1536 1536 1536 1536 1543
    1550 1550 1557 1572 1572 1572 1579 1586 1594 1601 1609 1616 1624
    1632 1639 1647 1663 1663 1663 1671 1671 1671 1671 1671 4645 4645
    4645 4645 4645 4645 4645 4645 4645 4645 4645 4645 4645 4645 4645
    4645 4645 4645 4645 4645 4190 4190 4190 1579 1579 1572 1572 1579
