<?xml version="1.0"?>
<opencv_storage>
<Depth7889 type_id="opencv-matrix">
  <rows>33</rows>
  <cols>13</cols>
  <dt>w</dt>
  <data>
    3903 3859 3859 3859 3859 3903 3859 3816 3774 3774 3774 3859 5374
    3903 3859 3859 3816 3816 3816 3816 3816 3774 3774 3774 3859 5374
    3859 3859 3859 3816 3816 3816 3774 3774 3774 3774 3816 3903 3903
    3816 3816 3859 3859 3816 3816 3774 3774 3774 3774 3816 3903 3903
    3816 3816 3859 3859 3816 3816 3774 3774 3816 3816 3903 3903 3903
    3774 3774 3816 3816 3816 3816 3774 3774 3774 3774 3903 3903 3948
    3774 3774 3816 3816 3816 3774 3774 3774 3774 3774 3903 3903 3948
    3774 3816 3859 3859 3816 3774 3774 3774 3774 3774 3859 3859 3903
    3774 3859 3859 3859 3774 3774 3774 3774 3774 3774 3859 3859 3903
    3859 3903 3859 3859 3774 3774 3774 3774 3774 3774 3859 3859 3859
    3903 3903 3859 3859 3774 3774 3774 3774 3774 3859 3859 3859 3859
    3903 3903 3859 3859 3774 3774 3774 3774 3774 3816 3859 3859 3859
    3903 3903 3859 3859 3774 3774 3774 3774 3774 3774 3816 3859 3859
    3903 3859 3859 3859 3816 3774 3774 3774 3774 3774 3816 3903 3903
    3859 3816 3816 3816 3816 3774 3774 3774 3774 3774 3816 3903 3903
    3816 3816 3816 3816 3816 3816 3774 3774 3774 3816 3859 3859 3859
    3816 3816 3816 3816 3774 3774 3774 3774 3774 3816 3859 3816 3816
    3859 3816 3816 3816 3774 3774 3774 3774 3774 3816 3816 3816 3816
    3859 3859 3859 3816 3774 3774 3774 3774 3774 3774 3816 3816 3816
    3859 3859 3816 3816 3774 3774 3774 3774 3774 3774 3816 3859 3859
    3859 3859 3816 3774 3774 3774 3774 3774 3774 3774 3816 3859 3859
    3859 3859 3816 3774 3774 3774 3774 3774 3774 3774 3816 3859 3859
    3903 3859 3774 3774 3774 3774 3774 3774 3774 3774 3859 3859 3903
    5460 3859 3732 3732 3692 3692 3774 3816 3816 3859 3859 3859 5291
    5460 5374 3732 3732 3692 3692 3816 3816 3859 3859 3859 3859 5291
    5460 5374 5374 3774 3774 3774 3859 3859 3859 3859 3859 5374 5374
    5460 5374 5374 5374 3816 3816 3816 3816 3859 3859 3859 5374 5374
    5460 5374 5374 3903 3859 3816 3816 3816 3859 3859 3859 5374 5374
    5460 5460 3903 3903 3816 3816 3816 3816 3816 3859 3859 3903 5374
    5460 5460 3903 3903 3816 3816 3816 3816 3816 3816 3816 3859 5291
    5460 5460 3903 3903 3903 3859 3816 3816 3774 3774 3732 3732 5291
    5460 5460 3903 3903 3903 3859 3816 3816 3774 3692 3692 3732 5374
    5460 5460 5460 3903 3903 3859 3816 3774 3732 3653 3653 5291 5291</data></Depth7889>
</opencv_storage>
