<?xml version="1.0"?>
<opencv_storage>
<Depth4966 type_id="opencv-matrix">
  <rows>58</rows>
  <cols>58</cols>
  <dt>w</dt>
  <data>
    4089 4089 4089 4089 4041 4041 4041 4041 4041 4041 4041 3994 3994
    3994 3994 3994 3994 4041 3994 3948 3903 3903 1853 1853 3903 3903
    3903 1843 1843 1853 1853 1853 3948 3859 3859 3859 3816 3816 3816
    3774 3774 3732 3732 3732 3732 3732 3692 3692 3692 3692 3692 3653
    3614 3614 3614 3653 3653 3692 4089 4089 4089 4089 4041 4041 4041
    4041 4041 4041 4041 3994 3994 3994 3994 3994 3994 3994 3994 3994
    1823 1823 1833 1833 1833 1833 1823 1823 1843 1853 1853 1853 1853
    3903 3859 3859 3816 3774 3774 3774 3774 3732 3732 3732 3732 3732
    3692 3692 3692 3692 3692 3653 3614 3576 3576 3653 3653 3692 4089
    4089 4089 4089 4089 4041 4041 4041 4041 4041 4041 3994 3994 3994
    3994 3994 3994 3994 3994 1823 1823 1823 1823 1823 1823 1823 1823
    1823 1843 1843 1843 1843 1843 3859 3859 3816 3816 3774 3774 3774
    3774 3732 3732 3732 3732 3732 3732 3692 3692 3692 3692 3653 3614
    3576 3576 3653 3653 3692 4089 4089 4089 4089 4089 4041 4041 4041
    4041 4041 4041 3994 3994 3994 3994 3994 3994 3994 1843 1823 1823
    1823 1813 1813 1813 1813 1813 1823 1843 1843 1843 1843 1843 1843
    3859 3816 3816 3774 3774 3774 3774 3732 3732 3732 3732 3732 3732
    3692 3692 3692 3692 3653 3614 3576 3576 3692 3692 3692 4089 4089
    4089 4089 4089 4041 4041 4041 4041 4041 4041 3994 3994 3994 3994
    3994 1863 1843 1833 1823 1823 1823 1813 1804 1804 1813 1813 1823
    1833 1833 1843 1843 1843 1843 1843 3816 3816 3774 3774 3774 3732
    3732 3732 3732 3732 3732 3732 3732 3692 3692 3692 3692 3692 3692
    3692 3692 3692 3692 4089 4089 4089 4041 4041 4041 4041 4041 4041
    4041 3994 3994 3994 3994 3994 1863 1853 1843 1833 1823 1823 1823
    1813 1804 1804 1804 1804 1823 1833 1833 1833 1843 1843 1853 1853
    3859 3859 3774 3774 3774 3732 3732 3732 3732 3732 3732 3732 3732
    3692 3692 3692 3692 3692 3692 3692 3732 3732 3732 4089 4089 4089
    4041 4041 4041 4041 4041 4041 3994 3994 3903 3903 3903 1863 1863
    1853 1843 1833 1823 1823 1823 1813 1804 1794 1794 1794 1804 1823
    1823 1823 1833 1833 1833 1833 1833 3859 3816 3774 3774 3732 3732
    3732 3732 3732 3732 3732 3732 3692 3692 3732 3692 3692 3692 3692
    3732 3692 3692 4089 4089 4089 4089 4089 4041 4041 4041 4041 3948
    3948 1883 1873 1873 1863 1863 1853 1843 1833 1823 1823 1823 1813
    1804 1794 1794 1794 1804 1813 1813 1813 1823 1823 1823 1823 1823
    3816 3774 3774 3774 3732 3732 3732 3732 3732 3732 3732 3732 3692
    3692 3732 3692 3692 3692 3692 3732 3692 3692 4089 4089 4089 4089
    4089 4041 4041 4041 4041 3948 1904 1883 1873 1873 1863 1863 1853
    1843 1833 1833 1823 1823 1823 1813 1804 1804 1804 1804 1813 1813
    1813 1813 1823 1823 1823 1833 1833 3732 3692 3692 3732 3732 3732
    3732 3732 3732 3732 3732 3732 3732 3732 3692 3692 3692 3692 3732
    3732 3692 4089 4089 4089 4089 4089 4089 4041 4041 1915 1915 1904
    1894 1883 1873 1863 1863 1853 1853 1843 1843 1833 1823 1823 1813
    1813 1804 1804 1804 1813 1813 1813 1813 1813 1823 1823 1833 1833
    3732 3692 3692 3774 3732 3732 3732 3732 3732 3732 3732 3732 3732
    3732 3732 3732 3732 3732 3732 3732 3692 4089 4089 4089 4089 4089
    4041 1959 1936 1915 1915 1915 1904 1894 1883 1873 1863 1853 1853
    1853 1853 1843 1833 1823 1823 1813 1813 1813 1813 1813 1804 1804
    1804 1813 1823 1823 1823 1823 1823 3692 3692 3774 3774 3774 3732
    3732 3732 3732 3732 3732 3692 3692 3732 3732 3732 3732 3732 3732
    3692 4139 4089 4089 4139 4139 1970 1947 1936 1915 1915 1915 1904
    1894 1894 1883 1863 1863 1853 1853 1853 1843 1833 1823 1823 1813
    1813 1813 1813 1813 1804 1804 1804 1813 1823 1823 1823 1823 1823
    1833 3774 3774 3774 3774 3774 3732 3732 3732 3732 3692 3692 3692
    3692 3653 3653 3732 3732 3732 3692 4089 4089 1981 1970 1947 1936
    1936 1936 1915 1915 1904 1904 1894 1894 1883 1863 1863 1853 1853
    1853 1843 1833 1823 1823 1813 1813 1813 1813 1804 1794 1794 1794
    1804 1813 1813 1823 1823 1823 1833 1843 3774 3774 3774 3774 3732
    3732 3732 3732 3692 3692 3692 3692 3653 3653 3692 3692 3692 3692
    4089 4089 1970 1959 1947 1936 1936 1936 1926 1915 1904 1904 1904
    1894 1894 1863 1863 1853 1853 1853 1843 1833 1823 1823 1813 1813
    1813 1813 1794 1785 1785 1794 1794 1804 1813 1823 1823 1823 1833
    1833 1843 3774 3732 3732 3732 3732 3732 3692 3692 3692 3692 3692
    3653 3653 3692 3692 3692 3653 4089 4089 1970 1959 1947 1936 1936
    1926 1926 1926 1915 1904 1904 1894 1894 1863 1863 1853 1853 1853
    1843 1833 1833 1823 1823 1823 1813 1813 1785 1785 1785 1785 1785
    1804 1804 1813 1813 1823 1823 1823 1833 1833 3732 3732 3732 3732
    3732 3692 3692 3692 3692 3692 3653 3653 3692 3692 3692 3653 4089
    1959 1959 1959 1959 1947 1936 1926 1926 1926 1915 1904 1904 1894
    1894 1873 1863 1853 1853 1853 1843 1833 1833 1833 1823 1823 1813
    1813 1785 1785 1785 1785 1785 1794 1804 1813 1813 1813 1823 1823
    1823 1823 1823 3732 3732 3732 3732 3692 3692 2432 2432 2467 3653
    3653 3692 3692 3692 3653 1981 1970 1959 1959 1959 1947 1936 1926
    1926 1926 1915 1904 1904 1894 1894 1873 1863 1863 1863 1853 1853
    1843 1843 1833 1823 1823 1813 1813 1785 1785 1785 1785 1785 1794
    1804 1804 1804 1813 1813 1813 1813 1813 1823 3774 3732 3732 3732
    3692 2450 2432 2432 2467 2467 3692 3692 3692 3692 3653 1981 1970
    1970 1970 1959 1947 1947 1936 1926 1915 1915 1915 1904 1904 1894
    1883 1873 1873 1863 1853 1853 1843 1843 1843 1833 1833 1823 1813
    1794 1794 1785 1785 1794 1794 1794 1794 1804 1804 1804 1804 1804
    1813 1823 1823 3732 3732 3692 2450 2450 2450 2450 2467 2467 3692
    3692 3692 3692 3653 1959 1970 1970 1970 1959 1947 1947 1936 1936
    1915 1915 1915 1915 1904 1894 1883 1883 1873 1863 1863 1853 1853
    1843 1843 1833 1833 1823 1813 1804 1794 1794 1794 1794 1794 1794
    1794 1794 1804 1804 1804 1804 1813 1813 1833 3732 3692 3653 2450
    2450 2450 2450 2450 2450 3692 3692 3692 3692 3692 1959 1970 1959
    1959 1959 1947 1947 1936 1936 1915 1915 1915 1915 1904 1894 1883
    1883 1873 1863 1863 1853 1853 1853 1843 1833 1833 1823 1813 1813
    1804 1794 1785 1785 1785 1785 1785 1794 1794 1794 1804 1804 1813
    1813 1823 1823 3692 3576 2450 2450 2432 2432 2450 2450 3692 3692
    3732 3692 3692 1970 1959 1959 1959 1959 1959 1947 1947 1947 1915
    1915 1926 1926 1915 1904 1894 1883 1873 1873 1863 1853 1853 1853
    1843 1833 1823 1823 1823 1813 1804 1794 1785 1785 1785 1785 1785
    1785 1785 1794 1804 1804 1813 1813 1813 1823 1823 3576 2432 2432
    2432 2432 2450 3732 3692 3692 3732 3732 3692 1970 1959 1959 1959
    1959 1959 1947 1947 1947 1926 1926 1926 1926 1904 1904 1894 1894
    1883 1873 1863 1863 1863 1853 1843 1843 1823 1823 1823 1813 1804
    1794 1785 1785 1785 1785 1785 1785 1785 1785 1804 1804 1813 1813
    1813 1813 1823 1823 2432 2432 2432 2432 3732 3732 3732 3732 3732
    3692 3692 4041 1970 1970 1970 1970 1970 1970 1959 1947 1936 1936
    1936 1926 1904 1904 1894 1894 1883 1883 1873 1863 1863 1853 1853
    1843 1833 1833 1823 1813 1804 1794 1785 1785 1776 1776 1776 1776
    1776 1785 1794 1794 1804 1813 1813 1813 1813 1813 1873 1873 2432
    3732 3732 3732 3692 3692 3732 3692 3692 4041 4041 1981 1981 1981
    1970 1970 1959 1947 1947 1936 1926 1915 1904 1904 1904 1894 1894
    1883 1883 1873 1863 1853 1853 1843 1833 1833 1823 1813 1813 1804
    1794 1785 1776 1776 1776 1776 1776 1785 1785 1794 1794 1804 1813
    1813 1813 1813 1863 1863 1863 3732 3732 3732 3692 3692 3732 3692
    3692 4041 4041 1993 1981 1981 1970 1959 1959 1959 1947 1936 1926
    1915 1915 1904 1904 1894 1894 1883 1883 1873 1863 1853 1853 1843
    1843 1833 1823 1813 1813 1804 1794 1785 1785 1776 1776 1776 1776
    1776 1776 1785 1785 1794 1804 1813 1813 1813 1833 1863 1863 3732
    3732 3692 3692 3692 3692 3692 3692 4041 4041 1993 1970 1970 1970
    1959 1959 1959 1947 1936 1926 1915 1915 1904 1904 1894 1883 1883
    1883 1873 1863 1853 1853 1853 1853 1833 1823 1813 1813 1813 1794
