<?xml version="1.0"?>
<opencv_storage>
<Depth19930 type_id="opencv-matrix">
  <rows>93</rows>
  <cols>68</cols>
  <dt>w</dt>
  <data>
    3903 3948 3948 3948 1019 1016 1013 1013 1013 1013 4089 4089 1025
    1025 1025 4139 4139 4190 4190 4190 4241 4241 4241 4241 4241 4295
    4349 4349 4349 4349 4405 4405 4405 4405 4405 4463 4463 4463 4463
    4522 4522 4582 4582 4708 4708 4708 4774 4774 4774 864 864 864 864
    4842 4842 4911 4911 4911 4983 4983 5056 5056 5056 5056 5056 5056
    5132 5210 3859 3948 3948 3948 1019 1016 1013 1013 1013 1013 1016
    1019 1022 1022 1022 1022 1019 1016 1016 1019 1025 4241 4241 4295
    4295 4349 4349 4349 4349 4349 4405 4405 4405 4405 4405 4463 4463
    4463 4463 4463 4522 4582 4645 4708 4708 4708 4708 4774 867 862 862
    862 862 862 4842 4842 4911 4911 4911 5056 5056 5056 5056 5056 5056
    5056 5132 5210 3859 3948 1019 1019 1019 1016 1013 1013 1013 1013
    1013 1019 1022 1022 1022 1022 1019 1016 1016 1016 1019 1025 1025
    1025 4295 4295 4295 4295 4349 4349 4405 4405 4405 4405 4463 4463
    4463 4463 4463 4463 4522 4582 4645 4708 4708 4708 4708 867 867 862
    862 862 862 862 862 4842 4842 4842 0 5056 0 5056 5056 5056 5056 5056
    5056 5210 3859 3948 1016 1016 1025 1019 1016 1013 1013 1013 1013
    1016 1019 1022 1022 1022 1022 1019 1016 1016 1016 1025 1025 1025
    1010 4295 4295 4295 4349 4349 4405 962 956 938 938 938 4463 4463
    4463 4463 915 915 4645 908 908 4708 4708 867 864 862 862 862 860 860
    858 858 858 0 0 0 0 5056 5056 5056 5056 5056 5056 5210 3859 1016
    1016 1016 1025 1025 1016 1013 1013 1013 1013 1016 1019 1022 1022
    1019 1019 1019 1019 1016 1016 1025 1025 1025 1010 1010 1010 0 4405
    4405 956 948 935 935 925 918 915 913 913 913 913 908 903 898 896 894
    887 880 864 862 862 862 860 858 856 856 856 858 858 0 0 0 5056 5056
    5056 5056 5056 5210 3859 1016 1016 1016 1025 1038 1031 1013 1013
    1013 1013 1016 1016 1019 1019 1019 1019 1016 1016 1019 1019 1022
    1025 1025 1010 1010 1010 1010 4405 4405 956 948 935 935 925 915 913
    913 913 913 906 903 898 896 891 889 887 880 867 864 862 862 860 858
    856 856 856 858 858 0 0 0 0 5056 5056 5056 5056 5210 3859 1019 1016
    1016 1019 1028 1031 1016 1013 1013 1013 1013 1016 1019 1019 1016
    1016 1016 1016 1016 1016 1016 1022 1019 1019 1025 1025 0 0 823 0 935
    935 935 928 915 913 913 913 913 898 896 894 891 885 885 885 880 869
    864 862 862 858 856 854 854 856 856 856 856 0 0 0 0 0 5056 5056 5210
    3859 1019 1019 1016 984 981 981 1016 1013 1013 1013 1013 1013 1019
    1016 1016 1016 1016 1013 1013 1016 1016 1016 1016 1016 1016 1016 0
    823 0 823 823 935 935 935 935 827 827 913 910 898 896 891 889 885
    885 882 880 878 867 864 862 858 856 854 854 854 856 856 856 0 0 0 0
    0 0 5210 5210 1025 1022 1016 1013 984 981 981 1016 1013 1013 1010
    1007 1007 1013 1016 1016 1016 1013 1010 1010 1010 1010 1010 1010
    1016 0 0 0 823 823 823 823 819 819 827 827 827 827 827 827 827 896
    891 887 885 885 882 880 880 867 864 860 858 856 854 854 854 854 854
    854 0 0 0 0 0 0 5210 5210 1025 1022 1016 1013 989 984 981 981 1013
    1013 1010 1007 1007 1013 1016 1016 1016 1013 1004 1004 1010 1010
    1010 1010 1010 1010 829 825 825 823 821 819 819 819 823 823 827 827
    827 827 827 827 894 887 885 885 885 882 880 875 869 856 856 856 854
    854 854 854 854 854 854 0 0 0 0 0 5291 5291 1025 1025 1016 1013 1007
    984 981 978 978 1013 1010 1004 1004 1013 1013 1016 1010 1010 1004
    889 887 887 887 885 885 0 0 829 825 823 821 819 817 817 819 823 825
    825 827 827 827 827 831 831 833 833 885 885 843 843 847 851 856 856
    854 854 854 854 854 854 854 0 0 0 0 0 5374 5291 1025 1025 1016 1013
    1007 987 981 978 970 967 956 956 1004 928 923 923 1010 1010 1010 889
    887 885 885 885 869 0 829 829 827 823 821 819 817 817 819 821 823
    825 825 827 827 829 831 831 833 833 837 837 839 841 847 849 854 854
    854 854 851 851 851 851 854 854 0 0 0 0 0 5291 1025 1022 1016 1013
    1007 987 981 975 970 964 956 951 943 928 920 915 910 910 894 889 887
    873 869 869 869 867 839 829 829 827 823 821 819 819 819 821 823 825
    825 827 827 827 831 833 835 835 837 837 839 841 847 847 849 854 854
    851 851 849 849 849 851 851 0 0 0 0 0 0 1025 1022 1016 1013 1010 989
    981 975 970 962 954 948 943 928 920 915 910 906 894 889 887 873 869
    867 867 867 839 839 829 827 823 821 819 817 817 819 821 823 825 825
    827 827 831 833 833 835 837 837 839 841 847 847 849 851 851 849 847
    847 847 849 849 849 851 0 0 0 0 0 1025 1019 1016 1013 1010 992 987
    978 973 962 954 948 943 928 920 915 913 906 896 889 887 875 871 864
    860 854 847 839 835 829 823 821 819 817 817 819 821 823 823 825 825
    827 831 833 833 835 837 839 839 841 847 847 847 849 849 849 847 847
    847 849 849 849 851 0 0 0 0 0 1025 1019 1019 1013 1007 992 987 981
    973 964 956 951 943 930 920 915 913 908 901 891 887 878 871 864 858
    854 847 843 837 833 825 821 819 819 819 821 821 823 823 825 825 827
    829 831 835 835 837 839 839 843 845 845 847 847 847 849 847 847 849
    849 849 849 851 0 0 0 0 0 1025 1019 1019 1013 1007 995 989 981 975
    964 959 951 943 930 923 915 913 910 903 894 889 878 873 867 858 854
    847 843 837 833 827 821 819 819 819 821 821 823 825 825 827 827 829
    831 835 835 837 837 839 843 845 845 847 847 847 849 849 849 849 851
    849 849 851 0 0 0 0 0 1025 1025 1022 1016 1010 995 989 981 975 970
    964 951 946 933 925 918 915 910 903 898 889 878 873 867 860 854 847
    843 839 833 829 823 819 819 819 821 821 823 825 825 827 827 829 831
    835 835 835 837 839 841 845 845 845 847 847 849 849 849 851 851 851
    851 851 0 0 0 0 0 1025 1025 1022 1016 1004 998 992 984 975 970 964
    954 946 933 928 920 915 910 903 898 889 878 873 869 860 854 849 845
    841 833 829 823 821 819 819 821 821 823 825 827 827 829 829 831 833
    835 835 837 837 841 843 845 845 847 847 849 849 851 854 854 854 851
    851 0 0 0 0 0 1025 1025 1022 1016 1004 1001 992 984 978 973 964 956
    943 938 928 925 915 910 906 898 889 878 871 869 862 854 849 845 843
    833 829 823 821 819 819 821 821 823 825 827 827 829 831 831 833 835
    835 835 837 841 841 843 845 845 847 847 849 849 851 854 854 854 854
    854 0 0 0 0 1022 1022 1022 1016 1004 1001 992 987 978 973 967 956
    943 938 930 925 918 915 906 898 887 880 871 869 867 856 849 845 843
    835 829 823 821 819 819 821 821 823 825 827 829 829 831 831 833 833
    835 835 837 839 841 841 843 845 847 847 847 849 849 851 854 854 854
    854 0 0 0 0 1022 1022 1019 1016 1004 1001 992 987 981 970 967 959
    943 938 933 925 918 915 910 898 887 882 873 869 867 858 851 847 845
    835 831 823 821 819 819 821 821 823 827 829 829 829 831 831 831 833
    835 835 837 839 839 841 843 845 847 847 847 847 849 849 851 854 854
    854 0 0 0 0 1022 1022 1019 1016 1004 1001 995 987 981 970 967 959
    943 935 933 928 918 915 910 898 887 885 878 871 867 860 854 851 841
    837 833 823 821 819 819 821 821 823 825 827 829 829 829 831 831 831
    833 835 837 839 839 841 843 845 847 847 847 847 847 849 851 854 854
    854 0 0 0 0 1022 1022 1019 1016 1004 1001 995 989 981 973 967 962
    943 935 933 928 923 918 910 901 889 882 878 871 867 862 856 851 841
    837 833 829 823 821 821 821 821 823 825 827 829 829 829 829 831 831
    833 835 837 839 839 841 843 845 845 847 847 847 847 849 851 854 854
    854 0 0 0 0 1028 1028 1019 1013 1007 1001 995 989 981 973 967 962
    943 935 930 928 923 918 913 903 889 882 878 873 871 864 856 851 841
    837 833 829 825 821 821 821 821 823 825 827 827 827 829 829 831 831
    833 835 837 839 841 841 843 845 845 847 847 847 847 849 851 854 854
    854 854 0 0 0 1028 1028 1022 1013 1007 1001 992 989 981 975 967 956
    943 935 930 925 920 918 913 908 889 882 878 873 871 867 858 854 841
    837 833 829 825 821 821 821 821 823 825 827 827 827 829 831 831 831
    833 835 837 839 841 841 843 845 845 847 847 847 847 849 851 854 854
    851 851 0 0 0 0 1028 1025 1013 1010 1001 992 989 981 975 970 956 948
