<?xml version="1.0"?>
<opencv_storage>
<Depth15399 type_id="opencv-matrix">
  <rows>18</rows>
  <cols>34</cols>
  <dt>w</dt>
  <data>
    2467 2467 0 1915 1904 1904 1915 1915 1915 1915 0 0 0 0 0 1970 1970
    1970 1970 1981 1981 1981 1970 1959 1947 1947 1959 1959 1959 1970
    1959 1926 1915 1904 2467 2467 1981 1936 1915 1915 1926 1926 1947
    1947 1993 2016 0 0 0 2005 2005 1993 1981 1981 1981 1993 1993 1970
    1959 1959 1970 1970 1970 1981 1970 1926 1904 1904 2005 2005 1981
    1959 1926 1926 1936 1959 1970 1970 1981 1993 2005 0 2016 1993 1993
    1981 1981 1981 1981 1993 1993 2005 1981 1981 1981 1993 1993 1993
    1970 1904 1904 1904 2005 2005 1981 1981 1981 1981 1981 1970 1970
    1970 1981 1993 2005 2016 2016 1993 1993 1981 1981 1981 1981 1993
    2005 2016 2005 2005 2005 2016 2016 2016 2016 1904 1904 1904 2016
    2005 1993 1993 1993 2005 2005 2005 1993 1993 2005 2005 2005 2016
    2143 2143 2143 1981 1981 1981 2005 2040 2040 2028 2028 2028 2028
    2040 2040 2040 2040 2053 1904 1904 2016 2016 2005 2005 2005 2016
    2016 2016 2016 2005 2005 2005 2005 2143 2129 2103 2090 2078 2040
    2040 2053 2065 2053 2053 2053 2053 2053 2053 2053 2053 2053 2053
    2053 2065 2028 2016 2016 2016 2016 2028 2016 2016 2016 2005 2005
    2005 2005 2129 2116 2103 2090 2078 2065 2065 2078 2078 2078 2078
    2065 2065 2053 2053 2053 2065 2065 2065 2065 2065 2028 2028 2016
    2016 2028 2040 2028 2016 2016 2016 2116 2116 2116 2129 2116 2116
    2103 2103 2090 2090 2090 2090 2090 2090 2090 2078 2078 2065 2065
    2078 2090 2090 2065 2065 2040 2028 2016 2016 2028 2028 2040 2016
    2016 2053 2116 2116 2116 2129 2116 2116 2103 2103 2116 2116 2116
    2116 2103 2103 2103 2090 2090 2090 2090 2090 2090 2090 2065 2040
    2028 2028 2016 2016 2028 2028 2040 2028 2028 2116 2129 2129 2143
    2143 2129 2116 2116 2116 2116 2116 2116 2103 2090 2090 2090 2103
    2103 2103 2103 2090 2078 2078 2065 2040 2028 2028 2016 2016 2016
    2016 2016 2065 2065 2116 2129 2129 2143 2143 2129 2116 2116 2129
    2129 2129 2103 2103 2090 2078 2078 2090 2090 2103 2103 2090 2078
    2078 2065 2053 3208 3208 2028 2028 2016 2016 3064 2116 2116 2129
    2129 2143 2156 2143 2143 2129 2129 2156 2143 2116 2103 2103 2090
    2078 2078 2090 2090 2103 2090 2090 2078 2078 2065 2053 3208 3208
    3120 3092 3092 3037 3037 2143 2143 2129 2129 2156 2156 2156 2156
    2156 2156 2143 2143 2116 2103 2103 2090 2090 2090 2103 2103 2103
    2090 2090 2090 2090 2078 2065 3120 3149 3120 3092 3092 3037 3037
    2170 2143 2129 2129 2156 2156 2156 2156 2156 2184 2143 2116 2116
    2116 2103 2103 2103 2103 2103 2103 2103 2090 2090 2090 2090 2103
    2090 3120 3149 3120 3092 3092 3064 3037 3010 3010 2170 2156 2156
    2156 2156 2170 2184 2184 2143 2116 2116 2116 2103 2103 2103 2103
    2103 2103 2103 2078 2078 2078 2078 2090 2090 3120 3149 3120 3120
    3092 3064 3064 3064 3064 3859 3859 3859 4190 2170 2170 2170 2170
    2143 2116 2116 2116 2116 2116 2103 2103 2103 2103 2103 2078 2078
    2078 2078 2078 2078 3120 3120 3149 3092 3064 3064 3064 3064 3064
    3903 3903 4190 4190 0 2143 2143 2143 2156 2143 2143 2116 2116 2116
    2103 2103 2103 2103 2103 2078 2078 2078 2078 2078 2078 3120 3120
    3178 3037 3037 3064 3064 3092 3994 3994 4190 4190 4190 4089 2103
    2103 2103 2156 2156 2170 2170 2143 2143 2116 2116 2116 4241 4241
    4241 4241 4041 4041 3994 3994</data></Depth15399>
</opencv_storage>
