<?xml version="1.0"?>
<opencv_storage>
<Depth18838 type_id="opencv-matrix">
  <rows>6</rows>
  <cols>20</cols>
  <dt>w</dt>
  <data>
    6497 6497 6622 6753 6622 6622 6622 6622 6889 6889 7030 0 0 0 6753
    6753 0 0 0 0 6622 6622 6622 6753 6622 6622 6622 6622 6753 6889 6889
    6753 6753 6753 6622 6622 6497 6497 0 0 6753 6622 6622 6753 6622 6622
    6622 6753 6753 6889 6889 6753 6753 6622 6622 6622 6497 6375 6375
    6375 6889 6889 6889 6753 6753 6622 6622 6622 6753 6753 6753 6622
    6622 6622 6622 6622 6497 6375 6375 6375 7178 8626 6753 6753 6753
    6622 6622 6622 6753 6753 6753 6622 6622 6622 6622 6622 6497 6375
    6375 6375 8849 8626 8626 8626 7660 7660 7660 8019 8413 8413 8413
    8212 8212 8626 8626 6497 6497 6375 6375 6375</data></Depth18838>
</opencv_storage>
