<?xml version="1.0"?>
<opencv_storage>
<Depth13422 type_id="opencv-matrix">
  <rows>6</rows>
  <cols>37</cols>
  <dt>w</dt>
  <data>
    5548 5548 5548 5460 5374 5374 5460 5460 5460 5548 5548 5548 5548
    5460 5460 5548 5548 5548 5460 5460 5460 5460 5460 5548 5640 5640
    5460 5460 5548 5548 5548 5548 5548 5640 5640 5640 5640 5460 5548
    5548 5460 5374 5374 5374 5374 5460 5460 5460 5548 5548 5460 5460
    5548 5548 5548 5460 5460 5460 5460 5460 5548 5640 5548 5460 5460
    5548 5548 5548 5548 5548 5548 5548 5640 5640 5460 5548 5460 5460
    5460 5460 5374 5374 5460 5460 5460 5548 5548 5460 5460 5548 5548
    5460 5460 5460 5460 5460 5460 5548 5640 5548 5548 5548 5548 5548
    5548 5548 5548 5548 5548 5640 5640 5640 5460 5460 5460 5460 5460
    5460 5460 5460 5460 5460 5460 5460 5460 5548 5460 5460 5460 5460
    5460 5460 5460 5548 5548 5548 5548 5548 5548 5548 5640 5548 5548
    5548 5548 5548 5640 5640 0 5460 5460 5460 5460 5460 5460 5460 5460
    5460 5460 5460 5460 5460 5460 5460 5291 5291 5374 5374 5460 5548
    5548 5548 5548 5548 5548 5548 5548 5548 5640 5548 5548 5548 5548
    5640 5640 0 0 0 5460 5460 5460 5460 5460 5460 5460 5460 5460 5460
    5460 5460 5460 5210 5210 5291 5374 5640 5640 5548 5548 5548 5548
    5548 5548 5548 5548 5640 5640 5640 5640 5640 5640 5640</data></Depth13422>
</opencv_storage>
