<?xml version="1.0"?>
<opencv_storage>
<Depth1914 type_id="opencv-matrix">
  <rows>19</rows>
  <cols>12</cols>
  <dt>w</dt>
  <data>
    0 0 0 0 4582 4582 4582 4582 4582 4522 4463 4463 7030 0 0 0 4582 4522
    4522 4522 4522 4522 4463 4463 7030 0 0 4582 4582 4522 4522 4522 4522
    4522 4463 4463 7030 7030 4708 4708 4582 4582 4522 4522 4522 4522
    4463 4463 7030 7030 4774 4708 4645 4582 4582 4582 4522 4522 4522 0
    7030 4911 4774 4708 4645 4582 4582 4582 4522 4522 0 0 5210 4911 4774
    4708 4708 4645 4645 4645 4645 4708 0 0 5132 4911 4774 4708 4708 4645
    4645 4645 4645 4708 0 0 4983 4842 4708 4708 4708 4708 4708 4708 4708
    4708 0 0 4911 4774 4708 4708 4708 4708 4708 4708 4708 4708 0 0 4911
    4774 4708 4708 4708 4708 4708 4708 0 0 0 0 4911 4842 4774 4774 4774
    4708 4708 4774 0 0 0 0 4911 4911 4774 4774 4774 4774 4774 4911 0 0 0
    0 4911 4911 4842 4842 4774 4774 4774 0 0 0 0 0 4911 4911 4911 4842
    4842 4842 4842 0 0 0 0 0 4911 4911 4911 4842 4842 4842 0 0 0 0 0 0
    4842 4842 4911 4842 4842 4842 0 0 0 0 0 0 4842 4842 4911 4911 0 0 0
    0 0 0 0 0 4911 4911 4983 4983 0 0 0 0 0 0 0 0</data></Depth1914>
</opencv_storage>
