<?xml version="1.0"?>
<opencv_storage>
<Depth11860 type_id="opencv-matrix">
  <rows>8</rows>
  <cols>10</cols>
  <dt>w</dt>
  <data>
    6497 6889 6889 6889 6753 6753 6753 0 0 0 6622 6889 6889 6889 6753
    6753 6753 6753 6753 0 6753 7030 7030 7030 6889 6889 6753 6753 6753 0
    6889 6889 7030 7030 6889 6889 6889 6753 6753 7030 6889 6889 6889
    6889 6889 6889 6889 6889 7030 7030 6889 6889 6889 6889 6889 6889
    7030 7030 7030 7030 7030 6889 6889 6889 6889 6889 7030 7030 7030
    7492 0 7030 6889 6889 6889 6889 7030 7030 0 0</data></Depth11860>
</opencv_storage>
