<?xml version="1.0"?>
<opencv_storage>
<Depth0071 type_id="opencv-matrix">
  <rows>12</rows>
  <cols>15</cols>
  <dt>w</dt>
  <data>
    5548 5548 5548 5734 5734 5933 5832 5832 0 0 0 0 0 0 0 5548 5548 5548
    5640 5734 5832 5832 5832 0 5734 5640 5640 5832 0 0 5640 5548 5548
    5640 5640 5734 5832 5734 5734 5640 5640 5640 5734 0 0 5640 5640 5640
    5640 5640 5640 5640 5640 5640 5640 5640 5640 5734 5734 0 5734 5640
    5640 5640 5640 5640 5640 5640 5640 5640 5640 5640 5734 5734 5832
    5734 5734 5640 5640 5640 5640 5640 5640 5640 5640 5640 5640 5640
    5640 5734 5734 5734 5640 5640 5640 5640 5640 5640 5640 5640 5640
    5640 5548 5548 5548 5734 5734 5640 5640 5640 5640 5640 5640 5640
    5640 5640 5640 5548 5548 5374 5734 5640 5640 5640 5640 5640 5640
    5640 5640 5640 5640 5640 5548 5548 5374 5734 5640 5640 5640 5640
    5640 5640 5640 5640 5640 5640 5640 5548 5548 5460 5734 5734 5734
    5734 5734 5640 5640 5640 5640 5640 5640 5640 5640 5548 5548 5832
    5734 5734 5734 5734 5734 5734 5734 5734 5734 5734 5640 5640 5640
    5640</data></Depth0071>
</opencv_storage>
