<?xml version="1.0"?>
<opencv_storage>
<Depth6076 type_id="opencv-matrix">
  <rows>80</rows>
  <cols>53</cols>
  <dt>w</dt>
  <data>
    4582 4582 4645 4645 4645 4645 4645 4582 4582 4645 4645 4582 4582
    4522 4522 0 0 4582 4582 4582 4522 4522 4582 4645 4645 0 0 0 0 1338
    1333 1333 1328 1322 1317 1317 1317 1322 1328 1333 1333 0 0 0 0 4405
    4349 4349 4405 4463 4463 4463 4405 4522 4582 4582 4645 4645 4645
    4645 4582 4582 4582 4582 4522 4522 4463 4463 4522 4522 4582 4522
    4522 4582 4522 4522 4522 1354 0 0 1349 1343 1338 1333 1328 1322 1317
    1312 1312 1312 1312 1328 1333 1333 0 0 0 0 4405 4405 4405 4463 4463
    4463 4463 4405 4522 4582 4582 4645 4645 4582 4582 4582 4582 4582
    4522 4522 4522 4463 4463 4463 4522 4582 4522 4522 4582 4522 4522
    4522 1354 1354 1354 1349 1343 1338 1333 1328 1317 1312 1312 1312
    1312 1312 1328 1333 1333 1338 1338 0 0 4463 4463 4463 4463 4463 4463
    4463 4405 4522 4582 4582 4582 4582 4582 4582 4582 4582 4582 4522
    4522 4522 4405 4405 4463 4582 4582 4522 4522 4522 1381 1365 1359
    1354 1354 1354 1349 1343 1333 1328 1322 1317 1312 1312 1312 1312
    1317 1328 1328 1333 1338 1343 1349 0 0 1376 1376 1376 4463 4463 4463
    4405 4582 4582 4582 4582 4582 4582 4582 4582 4582 4582 4522 4522
    4522 4405 4405 4405 1398 4522 4522 4522 1381 1376 1365 1359 1354
    1354 1349 1343 1338 1333 1328 1322 1312 1307 1307 1307 1307 1312
    1328 1328 1333 1338 1343 1349 1349 1376 1376 1376 1376 4463 4463
    4463 4405 4582 4582 4582 4582 4582 4582 4582 4582 4582 4582 4582
    4522 4522 4522 4522 1398 1398 1392 1387 1387 1381 1376 1365 1354
    1354 1349 1349 1338 1333 1328 1322 1317 1312 1307 1302 1302 1302
    1307 1317 1322 1328 1333 1338 1343 1354 1359 1370 1370 1376 1376
    4463 4463 4463 4645 4582 4582 4582 4522 4522 4645 4582 4582 4582
    4582 4522 4522 4522 1392 1392 1398 1392 1387 1387 1381 1376 1365
    1354 1354 1349 1343 1338 1333 1328 1322 1317 1312 1307 1297 1297
    1297 1302 1312 1322 1328 1328 1333 1338 1343 1349 1354 1354 1365
    1365 1365 4463 4463 4645 4582 4582 4582 4522 4522 4582 4582 4645
    4645 4582 4582 4582 4582 1392 1392 1398 1392 1387 1387 1381 1376
    1365 1354 1349 1349 1338 1333 1333 1328 1322 1312 1307 1302 1292
    1292 1297 1302 1312 1317 1322 1328 1333 1333 1338 1349 1354 1354
    1354 1354 0 4463 4463 4645 4582 4582 4582 4582 4582 4582 4582 4645
    4645 4645 4645 4645 4645 1398 1398 1392 1392 1387 1387 1381 1376
    1365 1354 1349 1343 1338 1333 1328 1322 1312 1307 1302 1292 1292
    1292 1292 1297 1307 1317 1317 1328 1328 1333 1338 1349 1349 1354
    1354 1354 0 4405 4405 4645 4582 4582 4582 4582 4582 4582 4582 4582
    1433 1433 1427 1415 1398 1398 1398 1392 1392 1387 1387 1376 1365
    1359 1354 1349 1338 1333 1328 1328 1322 1312 1307 1302 1292 1288
    1288 1292 1297 1302 1312 1317 1322 1328 1328 1333 1343 1349 1354
    1354 1354 0 4349 4349 4582 4582 4582 4582 4582 4582 4582 4582 4582
    1433 1433 1427 1415 1404 1398 1392 1392 1387 1381 1376 1370 1359
    1354 1349 1343 1338 1333 1328 1322 1317 1312 1307 1292 1288 1288
    1288 1288 1292 1297 1307 1312 1317 1328 1328 1333 1343 1349 1354
    1354 1354 1354 4349 4349 4582 4582 4582 4582 4582 4582 4582 1445
    1433 1433 1427 1421 1410 1404 1398 1392 1387 1387 1376 1376 1370
    1359 1354 1349 1343 1333 1333 1328 1317 1312 1307 1302 1292 1288
    1288 1288 1288 1288 1292 1302 1307 1312 1322 1328 1333 1338 1343
    1349 1354 1354 1354 4349 4349 4582 4582 4582 4582 4582 4582 1458
    1445 1433 1433 1421 1415 1410 1398 1398 1392 1387 1381 1370 1370
    1365 1354 1354 1349 1338 1333 1328 1328 1317 1312 1307 1302 1292
    1288 1288 1288 1288 1288 1292 1302 1302 1312 1317 1322 1328 1338
    1343 1349 1349 1349 1349 1349 4405 4582 4582 4582 4582 1458 1458
    1452 1445 1433 1427 1421 1415 1410 1398 1392 1392 1387 1376 1370
    1370 1365 1354 1349 1343 1333 1333 1328 1322 1317 1312 1307 1292
    1292 1283 1283 1283 1288 1288 1292 1297 1302 1307 1312 1322 1328
    1333 1338 1343 1349 1349 1349 0 4405 4582 4582 4582 1464 1458 1452
    1452 1439 1433 1427 1415 1410 1410 1398 1392 1387 1381 1376 1370
    1370 1359 1354 1349 1338 1333 1333 1328 1317 1312 1312 1307 1292
    1288 1283 1283 1283 1288 1288 1292 1297 1302 1302 1312 1317 1328
    1333 1338 1343 1349 1349 1349 0 4405 4582 4582 1464 1458 1458 1452
    1445 1439 1433 1427 1415 1410 1410 1398 1392 1387 1381 1376 1370
    1370 1354 1349 1343 1338 1333 1333 1328 1317 1312 1307 1292 1292
    1288 1283 1278 1278 1278 1288 1292 1292 1297 1302 1307 1312 1322
    1333 1333 1343 1349 1349 1349 0 4405 1464 0 1464 1452 1452 1445 1439
    1433 1427 1421 1415 1410 1410 1398 1392 1387 1381 1370 1365 1365
    1354 1349 1343 1333 1333 1328 1322 1312 1307 1302 1292 1288 1283
    1278 1273 1273 1273 1278 1288 1292 1297 1297 1307 1312 1317 1328
    1333 1333 1343 1349 1349 0 4405 0 0 0 1452 1452 1445 1439 1427 1421
    1415 1410 1404 1398 1392 1387 1381 1381 1370 1365 1354 1354 1349
    1338 1333 1333 1328 1322 1312 1307 1302 1292 1288 1283 1273 1273
    1273 1273 1273 1283 1288 1292 1297 1302 1307 1312 1322 1328 1333
    1338 1343 1343 4241 4405 0 0 0 1452 1452 1445 1439 1421 1415 1410
    1404 1398 1392 1392 1381 1376 1370 1354 1354 1349 1349 1343 1338
    1333 1328 1322 1317 1307 1302 1292 1288 1288 1283 1273 1268 1268
    1268 1273 1278 1288 1292 1292 1297 1307 1312 1317 1322 1328 1333
    1343 1343 4241 4241 0 0 0 1452 1452 1445 1439 1415 1410 1404 1398
    1392 1392 1387 1381 1370 1365 1354 1354 1349 1343 1338 1333 1333
    1328 1317 1312 1307 1297 1292 1288 1283 1278 1268 1268 1268 1268
    1268 1273 1283 1288 1292 1297 1307 1307 1312 1322 1328 1328 1328
    1328 4241 4241 0 0 0 0 1445 1439 1433 1415 1410 1404 1398 1392 1387
    1387 1376 1370 1365 1349 1349 1349 1343 1338 1333 1328 1322 1317
    1312 1307 1292 1288 1283 1278 1273 1268 1268 1268 1268 1268 1273
    1278 1283 1292 1292 1302 1307 1312 1317 1322 1328 1328 0 4241 4241 0
    0 0 0 1439 1439 1427 1415 1410 1404 1398 1387 1387 1381 1370 1365
    1354 1349 1349 1343 1338 1333 1328 1322 1317 1312 1307 1302 1292
    1288 1283 1273 1268 1264 1259 1259 1264 1264 1268 1273 1283 1288
    1292 1302 1302 1307 1312 1317 1328 1328 0 4241 4241 0 0 0 0 1439
    1433 1421 1415 1410 1404 1398 1387 1381 1376 1370 1359 1349 1349
    1349 1343 1338 1333 1328 1317 1312 1307 1302 1292 1288 1283 1278
    1268 1264 1259 1255 1255 1255 1259 1268 1273 1273 1278 1283 1292
    1297 1307 1312 1312 1317 1317 1307 4241 4241 0 0 0 1439 1439 1433
    1415 1410 1404 1398 1392 1387 1376 1376 1370 1354 1349 1343 1343
    1343 1338 1333 1322 1312 1312 1307 1302 1288 1288 1283 1273 1268
    1264 1259 1255 1255 1255 1259 1264 1268 1273 1278 1283 1288 1292
    1302 1307 1307 1307 1307 1307 4241 4241 0 0 0 1439 1439 1433 1415
    1410 1404 1392 1392 1387 1376 1370 1365 1354 1349 1343 1343 1338
    1333 1328 1322 1312 1312 1307 1297 1288 1283 1278 1273 1268 1259
    1255 1255 1255 1255 1255 1259 1268 1268 1273 1278 1288 1292 1302
    1302 1307 1307 1307 1312 1312 4241 0 0 0 1433 1433 1415 1415 1410
    1404 1392 1392 1381 1370 1365 1365 1349 1349 1343 1343 1338 1333
    1328 1317 1312 1307 1302 1297 1288 1283 1273 1273 1264 1259 1255
    1250 1250 1250 1255 1259 1268 1268 1273 1278 1288 1292 1297 1302
    1302 1307 1312 1312 1312 4295 0 0 1439 1433 1427 1415 1410 1404 1398
    1392 1387 1376 1370 1365 1354 1349 1343 1343 1343 1338 1333 1322
    1317 1312 1307 1302 1288 1283 1273 1268 1268 1264 1259 1255 1250
    1250 1250 1250 1255 1259 1268 1273 1278 1283 1288 1292 1302 1302
    1307 1307 1307 1307 4295 0 1433 1433 1433 1415 1410 1410 1398 1392
    1392 1387 1376 1370 1365 1354 1349 1343 1338 1338 1328 1322 1317
    1312 1307 1302 1297 1288 1283 1273 1268 1268 1264 1259 1255 1250
    1250 1245 1245 1250 1255 1264 1268 1273 1278 1288 1292 1297 1297
    1307 1307 1307 0 4241 0 1433 1433 1427 1415 1410 1404 1398 1392 1387
    1381 1370 1365 1365 1354 1349 1343 1338 1333 1328 1317 1317 1307
    1307 1302 1292 1283 1278 1273 1268 1268 1259 1255 1250 1245 1245
