<?xml version="1.0"?>
<opencv_storage>
<Depth17506 type_id="opencv-matrix">
  <rows>5</rows>
  <cols>21</cols>
  <dt>w</dt>
  <data>
    3149 3149 3120 3120 4708 4774 4774 4708 4708 4708 4708 4774 4911
    4911 4911 4842 4842 4911 4842 4842 4774 4522 4463 4463 4463 4708
    4708 4708 4708 4708 4708 4708 4774 4911 4842 4842 4774 4774 4911
    4911 4842 4774 4522 4522 4522 4522 4645 4645 4708 4708 4708 4708
    4708 4774 4842 4842 4842 4774 4774 4842 4774 4774 4842 4522 4522
    4522 4522 4645 4645 4645 4645 4645 4708 4708 4774 4774 4708 4708
    4708 4708 4842 4774 4774 4774 4522 4522 4522 4522 4645 4645 4645
    4645 4645 4645 4708 4774 4774 4708 4582 4582 4645 4645 4708 4774
    4774</data></Depth17506>
</opencv_storage>
