<?xml version="1.0"?>
<opencv_storage>
<Depth7477 type_id="opencv-matrix">
  <rows>7</rows>
  <cols>48</cols>
  <dt>w</dt>
  <data>
    2618 2618 2618 2618 3333 3333 3300 3300 3300 3300 3300 3333 3300
    3300 3300 3300 3300 3300 3300 3300 3300 3333 3333 3333 3300 3300
    3333 3365 3365 3333 3333 3333 3300 3300 3333 3333 3333 3300 3300
    3333 3333 3333 3333 3333 3333 3365 3365 3365 3300 2639 2639 2659
    3333 3333 3300 3300 3300 3300 3300 3300 3300 3333 3300 3300 3300
    3300 3300 3300 3333 3333 3333 3333 3300 3300 3300 3365 3365 3333
    3333 3333 3300 3300 3333 3333 3333 3333 3333 3333 3333 3333 3333
    3333 3333 3333 3333 3365 3333 3333 3365 3365 3365 3333 3300 3300
    3300 3300 3300 3300 3300 3333 3300 3300 3300 3300 3300 3333 3333
    3333 3333 3333 3300 3300 3300 3333 3365 3333 3333 3333 3333 3333
    3333 3333 3333 3333 3333 3333 3333 3333 3333 3333 3333 3333 3333
    3365 3333 3365 3365 3365 3365 3333 3333 3300 3300 3300 3300 3333
    3333 3333 3333 3300 3300 3300 3300 3333 3333 3333 3333 3333 3300
    3300 3300 3333 3365 3333 3333 3333 3333 3333 3333 3333 3333 3333
    3333 3333 3333 3333 3333 3333 3333 3365 3365 3399 3365 3365 3333
    3333 3333 3333 3333 3333 3333 3300 3300 3333 3333 3333 3333 3333
    3300 3300 3333 3333 3333 3333 3333 3333 3333 3333 3333 3333 3333
    3333 3333 3333 3333 3333 3333 3365 3365 3365 3333 3333 3333 3333
    3333 3333 3333 3365 2744 2744 3365 3365 3333 3333 3333 3333 3333
    3333 3333 3333 3333 3333 3333 3333 3333 3333 3300 3300 3333 3333
    3333 3333 3333 3333 3333 3333 3333 3333 3333 3300 3300 3300 3333
    3365 3365 3365 2701 2701 2701 2701 2723 2723 2723 2701 2701 2723
    2744 2723 2701 3365 3333 3300 2659 2659 2659 2659 3365 3333 3333
    3333 3333 3300 3300 3333 3333 3333 3333 3333 3333 3333 3333 3333
    3333 3333 3333 3333 3333 3300 3300 2723 2723 2680 2639 2639 2659
    2701 2701 2701 2723 2723 2723 2701 2701 2723 2723 2723</data></Depth7477>
</opencv_storage>
