<?xml version="1.0"?>
<opencv_storage>
<Depth17898 type_id="opencv-matrix">
  <rows>142</rows>
  <cols>98</cols>
  <dt>w</dt>
  <data>
    3903 3903 3903 3903 3903 3903 3903 3948 3948 3948 3948 3948 3948
    3948 3948 3948 3948 3948 3948 3948 3948 3948 3948 3994 3994 3994
    3948 3948 3994 3948 3948 3994 3994 3994 3948 3948 3948 3948 3948
    3994 0 0 0 0 4089 4041 4041 0 0 0 0 4041 3948 3948 3948 3948 0 0 0 0
    0 0 0 0 0 0 0 0 0 0 0 0 0 0 4041 0 4041 4041 4089 4089 707 733 733
    733 738 738 0 0 0 0 0 0 0 4139 4089 4041 4041 4041 3903 3903 3903
    3903 3903 3903 3903 3948 3994 3994 3948 3948 3948 3948 3948 3903
    3903 3948 3948 3948 3948 3948 3948 3994 3994 3994 3948 3948 3948
    3994 3994 3994 3994 3994 3948 3948 3948 3948 3948 3994 0 0 0 0 0 0 0
    0 0 0 0 0 0 0 0 0 0 0 0 0 0 0 0 0 0 0 0 0 0 0 0 0 0 0 0 700 707 707
    707 707 707 707 733 733 738 739 0 0 0 0 0 0 0 4139 4139 4089 4089
    4089 3903 3903 3903 3903 3903 3903 3903 3903 3994 3948 3948 3948
    3948 3994 3948 3903 3903 3948 3948 3948 3994 3994 3994 3994 3948
    3948 3948 3948 3948 3994 3994 0 0 0 0 0 0 0 0 0 0 0 0 0 0 0 0 0 0 0
    0 0 0 0 0 0 0 0 0 0 0 0 0 0 0 0 0 0 0 0 0 0 0 0 0 0 700 707 707 707
    707 730 730 734 736 739 0 0 0 0 0 0 0 0 4089 4089 4139 4139 3948
    3903 3903 3903 3903 3903 3903 3903 3948 3948 3948 3948 3948 3994
    3948 3903 3903 3948 3948 3948 3994 3994 3994 3994 3948 3948 3948
    3948 3994 4041 0 0 0 0 0 0 0 0 0 0 0 0 0 0 0 0 0 0 0 0 0 0 0 0 0 0 0
    0 0 0 0 0 0 0 0 0 0 0 0 0 0 0 0 0 672 672 700 700 700 706 707 730
    730 734 736 739 0 0 0 0 0 0 0 4139 4089 4089 4139 4139 3948 3903
    3903 3903 3903 3903 3903 3903 3948 3948 3948 3948 3948 3994 3948
    3948 3948 3948 3948 3994 3994 3994 3994 3994 3948 3948 3948 3948 0 0
    0 0 0 0 0 0 0 0 0 0 0 0 0 0 0 0 0 0 0 0 0 0 0 0 0 0 0 0 0 0 0 0 0 0
    0 0 0 0 0 0 0 0 671 671 672 0 697 697 700 706 707 730 730 734 736 0
    0 0 0 0 0 0 0 4139 4139 4139 4139 4139 3948 3948 3948 3948 3903 3903
    3903 3903 3948 3948 3994 3948 3948 3948 3948 3948 3948 3948 3948
    3948 3948 3948 3948 3994 3948 3948 0 0 0 0 0 0 0 0 0 0 0 0 0 0 0 0 0
    0 0 0 0 0 0 0 0 0 0 0 0 0 0 0 0 0 0 0 0 0 0 0 640 640 642 0 657 657
    671 671 671 690 690 697 701 706 708 708 734 734 736 0 0 0 0 0 0 0 0
    4139 4139 4139 4139 4139 3948 3948 3948 3948 3948 3948 3903 3903
    3903 3994 3994 3948 3948 3948 3948 3994 3994 3994 3994 3948 3948
    3948 3948 0 0 0 0 0 0 0 0 0 0 0 0 0 0 0 0 0 0 0 0 0 0 0 0 0 0 0 0 0
    0 0 0 0 0 0 0 0 0 0 0 0 0 0 640 640 642 649 653 655 670 670 671 690
    690 697 700 706 713 714 734 734 738 741 0 0 0 0 0 0 0 4139 4139 4139
    4139 4139 3948 3948 3948 3948 3948 3948 3903 3903 3903 3994 3994
    3948 3948 3948 3948 3994 3994 4041 0 0 0 0 0 0 0 0 0 0 0 0 0 0 0 0 0
    0 0 0 0 0 0 0 0 0 0 0 0 0 0 0 0 0 0 0 0 0 0 0 0 0 0 0 0 0 634 634
    634 637 640 646 652 654 670 670 672 675 697 697 700 706 713 714 714
    739 739 741 0 0 0 0 0 0 0 4139 4139 4139 4139 4139 3948 3948 3948
    3948 3948 3948 3948 3948 3994 3948 3948 3948 3948 3948 3948 3994
    4041 4139 0 0 0 0 0 0 0 0 0 0 0 0 0 0 0 0 0 0 0 0 0 0 0 0 0 0 0 0 0
    0 0 0 0 0 0 0 0 0 0 0 0 0 0 614 614 635 634 634 634 637 640 646 650
    653 658 668 671 671 696 696 697 714 714 714 727 739 739 742 0 0 0 0
    0 0 0 4190 4139 4139 4139 4139 3948 3948 3948 3948 3948 3948 3948
    3903 3903 3948 3948 3994 0 0 0 0 0 0 0 0 0 0 0 0 0 0 0 0 0 0 0 0 0 0
    0 0 0 0 0 0 0 0 0 0 0 563 563 564 563 563 0 0 0 0 0 0 0 0 0 0 612
    612 613 614 634 634 634 641 641 644 649 653 658 668 671 671 693 696
    696 711 711 714 725 730 736 741 0 0 0 0 0 0 0 4190 4190 4139 4139
    4139 3994 3994 3994 3948 3903 3903 3948 3903 3903 0 0 0 0 0 0 0 0 0
    0 0 0 0 0 0 0 0 0 0 0 0 0 0 0 0 0 0 0 0 0 0 0 0 0 0 0 562 562 563
    563 563 0 0 0 0 0 0 0 604 604 604 608 612 613 614 634 634 634 641
    641 644 649 657 667 670 671 672 690 693 696 707 710 714 723 730 734
    734 0 0 0 0 0 0 0 4139 4139 4139 4139 4139 3994 3994 3994 3948 3903
    3903 0 0 0 0 0 0 0 0 0 0 0 0 0 0 0 0 0 0 0 0 0 0 0 0 0 0 0 0 0 0 0 0
    0 0 0 0 0 0 0 562 562 563 563 564 0 0 0 578 578 0 594 592 592 602
    606 611 614 614 634 634 634 640 640 644 644 668 668 670 672 675 687
    691 696 706 708 716 722 731 734 734 0 0 0 0 0 0 0 4139 4139 4139
    4139 4139 3994 3994 4041 3994 3994 0 0 0 0 0 0 0 0 0 0 0 0 0 0 0 0 0
    0 0 0 0 0 0 0 0 0 0 0 0 0 0 0 0 0 0 0 0 0 0 0 0 565 565 565 565 565
    567 578 578 578 582 587 592 592 602 606 610 614 614 632 632 632 637
    637 644 644 670 670 670 676 683 687 688 697 706 708 716 720 731 734
    736 0 0 0 0 0 0 0 4190 4190 4190 4139 4139 0 0 0 0 0 0 0 0 0 0 0 0 0
    0 0 0 0 0 0 0 0 0 0 0 0 0 0 0 0 0 0 0 0 0 0 0 0 0 0 0 0 0 0 0 0 0
    549 565 565 565 565 567 573 577 579 582 587 593 593 601 606 610 610
    619 628 628 628 637 637 647 647 661 661 680 680 684 687 688 701 706
    708 716 720 730 734 738 0 0 0 0 0 0 0 4190 4190 4190 4190 4190 0 0 0
    0 0 0 0 0 0 0 0 0 0 0 0 0 0 0 0 0 0 0 0 0 0 0 0 0 0 0 0 0 0 0 0 0 0
    0 0 0 0 0 0 0 0 0 549 549 549 563 563 567 573 575 579 582 585 595
    598 600 606 611 613 619 623 623 628 637 641 643 659 659 661 682 682
    684 687 688 701 706 708 719 723 728 734 739 746 0 0 0 0 0 0 4190
    4190 4190 4190 4190 0 0 0 0 0 0 0 0 0 0 0 0 0 0 0 0 0 0 0 0 0 0 0 0
    0 0 0 0 0 0 0 0 0 0 0 0 0 0 0 0 0 538 538 538 0 548 548 549 552 554
    563 567 573 575 579 582 584 596 598 600 609 611 613 618 622 623 638
    638 641 643 653 658 659 659 683 684 687 691 698 706 708 717 725 727
    734 744 746 0 0 0 0 0 0 0 4190 4139 4139 4190 563 563 563 564 564
    565 565 0 0 0 0 0 0 0 0 0 0 0 0 0 0 0 0 0 544 544 0 0 0 0 0 0 0 0 0
    0 0 538 537 536 536 536 536 536 547 547 548 550 551 552 563 567 571
    573 579 580 583 597 597 601 608 611 613 618 622 623 638 638 642 647
    650 655 657 659 683 686 687 690 698 706 710 717 725 727 730 744 747
    0 0 0 0 0 0 0 4190 4139 4139 4139 563 563 563 562 562 562 561 559
    559 556 554 554 554 554 554 0 550 550 549 549 549 548 546 543 543
    544 543 541 541 540 539 538 538 538 0 0 0 537 536 535 535 535 535
    535 538 544 546 548 550 551 568 568 570 573 578 580 583 594 596 602
    606 609 613 613 623 623 636 638 640 647 650 655 657 657 686 686 687
    690 697 704 710 720 725 727 730 742 746 0 0 0 0 0 0 0 4190 4139 4139
    4139 563 562 562 561 561 561 560 557 557 556 554 554 554 553 553 552
    550 550 549 549 548 547 546 543 543 544 543 541 541 540 539 538 538
    538 539 538 537 537 536 535 535 535 535 535 536 542 546 547 550 551
    568 568 570 573 578 581 588 594 596 602 604 604 613 613 630 630 634
    640 640 647 653 655 657 661 687 687 687 690 697 704 711 717 723 727
    733 741 746 0 0 0 0 0 0 0 4190 4139 4139 4139 563 562 561 560 560
    559 557 557 556 556 556 554 554 553 553 552 551 550 549 549 548 547
    546 546 546 545 544 541 541 540 540 540 539 539 539 538 537 537 536
    535 535 535 534 534 535 542 546 547 548 550 568 568 570 571 579 581
    591 593 596 602 604 604 611 629 629 630 632 637 637 649 653 655 657
    661 687 687 687 690 698 704 707 717 723 727 733 739 742 0 0 0 0 0 0
    0 4139 4139 4190 4190 564 562 561 560 560 559 556 556 556 556 556
    555 554 554 553 552 551 551 550 549 549 547 547 546 546 546 545 543
    542 541 540 540 540 539 539 538 538 537 536 535 535 535 534 534 535
    542 545 546 548 550 567 567 569 570 580 583 590 593 596 601 604 608
    611 629 629 631 632 637 637 649 653 655 658 662 687 687 687 688 701
    704 707 717 722 727 736 739 741 0 0 0 0 0 0 0 4139 4139 4190 4190
    564 563 562 560 560 559 556 556 556 556 556 555 555 554 554 553 552
    551 551 550 549 548 548 547 546 546 546 543 543 542 541 541 540 540
    539 538 538 538 537 536 535 535 535 535 535 542 544 546 548 550 567
    567 569 570 581 583 588 589 596 601 604 608 611 630 630 631 632 638
    638 649 653 655 661 663 686 686 686 686 701 704 706 716 722 727 734
    738 741 0 0 0 0 0 0 0 0 4190 4190 4190 564 563 563 562 561 560 558
    558 557 557 557 556 556 555 554 553 552 552 551 551 550 549 548 548
