<?xml version="1.0"?>
<opencv_storage>
<Depth18405 type_id="opencv-matrix">
  <rows>11</rows>
  <cols>9</cols>
  <dt>w</dt>
  <data>
    5374 5460 5548 5640 5548 5460 5460 0 0 5374 5460 5548 5640 5640 5460
    5460 5460 0 5460 5460 5548 5640 5640 5640 5460 5460 0 5460 5460 5460
    5548 5640 5640 5640 5640 5734 5460 5460 5460 5548 5640 5640 5734
    5734 5734 5548 5548 5548 5548 5640 5640 5734 5734 5734 5548 5548
    5548 5548 5640 5640 5734 5734 5734 5640 5548 5548 5548 5640 5640
    5734 5734 5734 5640 5640 5640 5640 5640 5640 5734 5734 5734 3614
    5640 5640 5640 5640 5640 5734 5734 5734 3576 3614 3614 5640 5640
    5640 5640 5640 5640</data></Depth18405>
</opencv_storage>
