<?xml version="1.0"?>
<opencv_storage>
<Depth19764 type_id="opencv-matrix">
  <rows>7</rows>
  <cols>9</cols>
  <dt>w</dt>
  <data>
    0 5548 5548 5548 5640 5548 5548 5374 5374 5734 5640 5548 5548 5640
    5548 5548 5460 5460 5734 5832 5640 5640 5640 5548 5548 5548 5548
    5640 5640 5548 5548 5640 5548 5548 5548 5548 5640 5640 5548 5548
    5640 5640 5548 5460 5460 5640 5640 5548 5548 5640 5640 5548 5374
    5374 5640 5640 5548 5548 5640 5640 0 5374 5374</data></Depth19764>
</opencv_storage>
