<?xml version="1.0"?>
<opencv_storage>
<Depth14155 type_id="opencv-matrix">
  <rows>78</rows>
  <cols>73</cols>
  <dt>w</dt>
  <data>
    4911 4911 4842 4842 4842 4774 4774 4774 4774 4708 4708 4708 4708
    4645 4582 4582 4582 4522 4522 4522 4463 4463 4463 4463 4463 4463
    4405 4295 4139 4139 4190 4295 4295 1365 1365 1365 1359 1359 1359
    1354 1354 1343 1338 1338 1338 4041 4041 4041 3994 3994 3948 3903
    3903 3948 3948 3948 3948 3948 3903 3903 3903 3903 3816 3816 3816
    3816 3816 3816 3774 3774 3816 3774 3774 4983 4911 4842 4842 4842
    4774 4774 4774 4774 4774 4708 4708 4708 4645 4582 4582 4582 4522
    4522 4522 4522 4522 4463 4463 4405 4405 4405 4295 4139 4139 4190
    4190 1359 1365 1365 1359 1359 1359 1359 1354 1354 1349 1343 1343
    1343 1343 4089 4041 3994 3994 3948 3948 3948 3948 3948 3948 3948
    3903 3903 3903 3903 3859 3816 3816 3816 3816 3816 3816 3816 3816
    3816 3816 3816 4983 4911 4911 4842 4842 4842 4842 4774 4774 4774
    4774 4708 4708 4708 4645 4645 4645 4582 4582 4522 4522 4522 4463
    4463 4349 4349 4463 4463 1365 1359 1359 1359 1359 1359 1359 1359
    1359 1359 1359 1354 1354 1349 1349 1343 1343 1343 4041 4041 4041
    3994 3994 3994 3994 3994 3948 3948 3948 3903 3903 3903 3903 3859
    3816 3816 3816 3816 3816 3816 3816 3816 3816 3816 3816 4983 4911
    4911 4842 4842 4911 4842 4842 4774 4774 4774 4708 4708 4708 4645
    4645 4645 4645 4582 4582 4522 4522 4522 4463 4349 4349 4349 1365
    1365 1365 1359 1359 1359 1359 1359 1359 1359 1359 1359 1359 1359
    1354 1349 1343 1343 1343 1359 4089 4089 4041 4041 3994 3948 3948
    3948 3948 3948 3948 3903 3903 3903 3903 3816 3816 3816 3816 3816
    3816 3816 3816 3859 3859 3859 4983 4911 4911 4911 4911 4911 4842
    4842 4774 4774 4774 4708 4708 4708 4708 4645 4645 4645 4645 4582
    4582 4582 4522 4522 4522 4522 1365 1365 1359 1359 1359 1359 1359
    1359 1359 1359 1359 1359 1359 1359 1359 1354 1349 1349 1349 1359
    1359 1359 4089 4041 4041 3994 3948 3948 3948 3948 3948 3948 3948
    3903 3903 3903 3903 3816 3816 3816 3816 3816 3816 3816 3859 3859
    3859 4983 4983 4983 4911 4911 4911 4842 4842 4842 4774 4774 4708
    4708 4708 4708 4708 4645 4645 4645 4645 4582 4582 4582 4582 4582
    1359 1359 1359 1359 1359 1359 1359 1359 1359 1359 1359 1359 1359
    1359 1359 1359 1354 1349 1349 1349 1354 1359 1359 4089 4089 4089
    4089 4041 3994 3948 3948 3948 3948 3948 3948 3903 3903 3903 3903
    3903 3859 3859 3859 3859 3859 3859 3859 3859 5056 4983 4983 4911
    4911 4842 4842 4774 4774 4774 4774 4774 4708 4708 4708 4645 4645
    4645 4582 4582 4645 4645 4774 4774 1359 1359 1359 1359 1365 1365
    1365 1365 1365 1359 1359 1359 1359 1359 1354 1354 1354 1354 1349
    1349 1354 1354 1365 1365 1365 4089 4089 4089 4041 3994 3994 3948
    3948 3948 3948 3948 3903 3903 3903 3903 3903 3903 3859 3859 3859
    3859 3859 3859 3859 5056 4983 4983 4983 4911 4842 4842 4774 4774
    4774 4774 4774 4708 4708 4708 4645 4645 4645 4582 4582 4708 1359
    1359 1365 1359 1359 1365 1359 1359 1359 1365 1365 1359 1359 1359
    1359 1359 1359 1354 1354 1354 1354 1349 1349 1349 1349 1359 1359
    1359 4139 4139 4089 4089 3994 3994 3994 3948 3948 3948 3948 3948
    3903 3903 3903 3903 3903 3859 3859 3859 3859 3903 3859 3859 5056
    4983 4983 4983 4911 4911 4842 4842 4842 4774 4774 4774 4774 4708
    4708 4708 4645 4645 4774 4774 1359 1359 1359 1365 1365 1365 1365
    1359 1359 1359 1365 1365 1359 1359 1359 1359 1359 1359 1354 1354
    1359 1354 1349 1349 1349 1349 1343 1343 1343 4139 4139 4089 4089
    4041 3994 3994 3948 3948 3948 3948 3948 3948 3903 3903 3903 3903
    3903 3859 3859 3859 3903 3903 3859 5056 5056 4983 4983 4983 4911
    4842 4842 4842 4774 4774 4774 4774 4708 4708 4708 4708 1365 1365
    1365 1359 1359 1365 1365 1365 1365 1365 1359 1359 1359 1365 1365
    1359 1359 1359 1359 1359 1359 1359 1359 1359 1354 1354 1349 1349
    1349 1343 1343 1343 1343 4139 4139 4089 4041 3994 3994 3994 3948
    3948 3948 3948 3948 3903 3903 3903 3903 3903 3859 3859 3859 3903
    3903 3903 5056 5056 5056 4983 4983 4983 4911 4911 4842 4842 4774
    4774 4774 4774 1370 1370 1365 1365 1359 1359 1365 1365 1370 1370
    1370 1365 1365 1359 1359 1359 1365 1365 1359 1359 1359 1359 1359
    1359 1359 1359 1359 1354 1354 1354 1354 1349 1349 1343 1343 1343
    1343 4041 4041 4041 3994 3994 3994 3994 3948 3948 3948 3948 3903
    3903 3903 3903 3903 3903 3859 3859 3903 3859 3859 5056 5056 4983
    4983 4983 4983 4911 4911 4842 4842 4911 4983 4983 1376 1370 1370
    1370 1365 1359 1359 1365 1365 1370 1370 1370 1365 1365 1359 1359
    1359 1365 1365 1359 1359 1359 1359 1359 1359 1359 1359 1359 1359
    1354 1354 1349 1349 1343 1343 1343 1343 1343 4041 4041 4041 4041
    3994 3994 3994 3994 3948 3948 3948 3903 3903 3903 3903 3903 3903
    3859 3859 3903 3859 3859 5056 5056 4983 4983 4983 4983 4983 4983
    4911 4911 1376 1376 1376 1376 1376 1370 1365 1365 1359 1359 1365
    1365 1370 1376 1376 1370 1365 1359 1359 1359 1365 1365 1365 1365
    1359 1359 1359 1359 1359 1359 1359 1359 1359 1354 1349 1349 1343
    1343 1343 1343 1343 1349 4089 4089 4041 4041 4041 4041 4041 3994
    3948 3948 3903 3903 3903 3903 3903 3903 3859 3859 3903 3859 3859
    5132 5056 4983 4983 4983 4983 4983 1376 1376 1376 1376 1376 1376
    1376 1370 1365 1365 1365 1359 1359 1359 1359 1370 1376 1376 1370
    1365 1365 1365 1365 1365 1365 1365 1365 1359 1359 1359 1359 1359
    1359 1359 1359 1354 1349 1349 1349 1343 1343 1343 1343 1349 1349
    4089 4089 4041 4041 4041 4041 4041 3994 3948 3948 3948 3903 3903
    3903 3903 3903 3903 3903 3903 3903 3903 5132 5056 4983 4983 4983
    4983 1381 1376 1376 1376 1376 1376 1370 1370 1370 1365 1365 1365
    1359 1359 1359 1359 1365 1370 1370 1370 1365 1365 1365 1365 1365
    1365 1365 1365 1359 1359 1359 1359 1359 1359 1359 1354 1354 1349
    1349 1349 1343 1343 1343 1343 1349 1349 1349 4041 4041 4041 4041
    4041 4041 3994 3948 3948 3948 3903 3903 3903 3903 3903 3903 3903
    3948 3903 3903 5210 5132 5132 5132 1381 1381 1381 1376 1376 1376
    1376 1370 1365 1365 1370 1370 1370 1365 1365 1359 1359 1365 1365
    1365 1365 1365 1365 1365 1359 1359 1359 1365 1365 1365 1359 1359
    1359 1359 1359 1359 1354 1354 1354 1349 1349 1349 1349 1349 1349
    1349 1349 1349 1349 1349 4041 4041 4041 4041 3994 3994 3994 3948
    3948 3903 3903 3903 3948 3903 3903 3903 3948 3948 3903 5291 5291
    1387 1387 1381 1381 1381 1376 1376 1376 1376 1370 1365 1365 1370
    1370 1370 1365 1365 1365 1365 1365 1365 1365 1365 1365 1365 1365
    1359 1359 1359 1365 1365 1365 1365 1359 1359 1359 1359 1359 1354
    1354 1354 1354 1354 1354 1354 1354 1354 1349 1349 1349 1349 1365
    4041 4041 3994 3994 3994 3994 3994 3994 3948 3948 3948 3903 3903
    3903 3903 3903 3948 3948 3903 5056 1387 1387 1381 1381 1381 1376
    1376 1376 1376 1376 1370 1365 1365 1370 1370 1370 1370 1370 1370
    1365 1365 1365 1365 1365 1370 1365 1365 1365 1359 1359 1365 1365
    1365 1365 1359 1359 1359 1359 1359 1359 1359 1354 1354 1354 1354
    1359 1359 1359 1354 1349 1349 1354 1365 1365 3994 3994 3948 3948
    3994 3994 3994 3948 3948 3948 3903 3903 3903 3903 3903 3859 3859
    3903 1392 1387 1381 1381 1381 1381 1376 1376 1376 1376 1376 1376
    1376 1376 1376 1376 1376 1370 1370 1370 1370 1370 1376 1370 1370
    1370 1370 1365 1365 1365 1365 1365 1365 1365 1365 1365 1365 1359
    1359 1359 1359 1359 1359 1354 1354 1354 1354 1349 1349 1349 1349
    1349 1354 1359 1359 1354 3948 3948 3948 3994 3994 3948 3948 3948
    3948 3948 3903 3903 3859 3859 3859 3859 3903 1387 1381 1381 1381
    1381 1381 1381 1381 1376 1376 1376 1376 1376 1376 1376 1376 1376
    1370 1370 1370 1365 1365 1376 1370 1370 1370 1370 1365 1365 1365
    1365 1365 1365 1365 1365 1365 1365 1359 1359 1359 1359 1359 1359
    1354 1354 1354 1354 1349 1349 1349 1349 1354 1354 1354 1354 1354
    3948 3948 3948 3994 3994 3948 3948 3948 3948 3948 3903 3903 3859
    3859 3903 3903 3903 1387 1381 1381 1381 1381 1381 1381 1381 1376
    1376 1376 1376 1376 1376 1376 1376 1376 1370 1370 1370 1365 1365
