<?xml version="1.0"?>
<opencv_storage>
<Depth13388 type_id="opencv-matrix">
  <rows>7</rows>
  <cols>17</cols>
  <dt>w</dt>
  <data>
    5548 5832 5832 5832 5832 5832 5933 5933 6038 6038 4911 4911 4911
    4911 4911 4983 4983 4774 4911 4911 4911 4911 4911 4911 4842 4842
    4911 4842 4842 4911 4911 4911 4983 4983 4774 4774 4774 4842 4911
    4911 4911 4774 4774 4911 4842 4842 4911 4911 4911 4983 4983 4708
    4774 4774 4842 4911 4911 4911 4774 4774 4911 4842 4842 4911 4983
    4983 4983 4983 4708 4708 4842 4911 4911 4911 4911 4842 4842 4842
    4774 4708 4708 4911 4911 5056 4983 4645 4708 4774 4774 4774 4983
    4911 4842 4842 4842 4774 4708 4708 4842 4911 4983 4911 4645 4645
    4645 4774 4774 4774 0 5548 5548 0 4842 4842 4842 4842 4842 4983 4911</data></Depth13388>
</opencv_storage>
