<?xml version="1.0"?>
<opencv_storage>
<Depth1958 type_id="opencv-matrix">
  <rows>57</rows>
  <cols>31</cols>
  <dt>w</dt>
  <data>
    4041 4041 1696 1696 4190 4190 4139 1680 1680 1680 1671 1663 1663
    1663 1663 1655 1655 1663 1671 1696 4190 4190 4190 4190 4190 4190
    4190 4190 4190 4190 4190 4041 1705 1696 1696 1696 1688 1671 1671
    1671 1671 1663 1663 1663 1663 1663 1663 1663 1663 1663 1671 1696
    1705 1713 1731 1739 1757 1776 1813 1833 1833 4190 1705 1705 1696
    1696 1696 1688 1671 1671 1671 1671 1663 1663 1663 1663 1663 1663
    1663 1663 1663 1671 1688 1696 1713 1731 1739 1757 1776 1804 1823
    1833 1833 1705 1696 1696 1696 1696 1688 1680 1680 1671 1671 1671
    1663 1663 1663 1663 1663 1663 1663 1663 1671 1688 1696 1705 1731
    1739 1757 1766 1804 1823 1833 1833 1696 1696 1696 1696 1696 1688
    1680 1680 1671 1671 1671 1663 1663 1663 1663 1663 1663 1663 1663
    1671 1688 1696 1705 1722 1731 1757 1766 1794 1813 1833 1833 1705
    1705 1705 1696 1696 1688 1680 1680 1671 1671 1671 1663 1663 1663
    1663 1663 1663 1663 1663 1671 1696 1696 1705 1722 1731 1757 1766
    1794 1804 1833 1833 1705 1705 1705 1696 1696 1688 1680 1680 1671
    1671 1671 1671 1671 1663 1663 1663 1663 1663 1663 1671 1696 1696
    1713 1731 1748 1757 1766 1794 1804 1823 1823 1705 1705 1705 1696
    1696 1688 1680 1680 1680 1671 1671 1671 1671 1663 1663 1663 1663
    1663 1663 1680 1696 1696 1713 1731 1757 1757 1776 1794 1813 1823
    1823 1713 1713 1705 1696 1696 1688 1688 1680 1680 1680 1680 1671
    1671 1663 1663 1663 1663 1663 1671 1680 1696 1696 1713 1731 1757
    1757 1776 1794 1813 1833 1843 1705 1705 1705 1696 1696 1688 1688
    1680 1680 1680 1680 1671 1671 1671 1663 1663 1663 1663 1671 1680
    1696 1696 1713 1731 1757 1757 1776 1794 1823 1833 1843 1671 1671
    1705 1696 1696 1688 1688 1680 1680 1680 1680 1671 1671 1671 1663
    1663 1663 1671 1671 1688 1696 1696 1713 1722 1757 1757 1776 1794
    1833 1843 1843 1671 1671 1696 1696 1696 1688 1688 1680 1680 1680
    1680 1671 1671 1671 1663 1663 1663 1671 1671 1688 1696 1696 1713
    1722 1757 1757 1776 1794 1833 1833 1843 1671 1671 1696 1696 1696
    1688 1688 1688 1688 1680 1680 1671 1671 1671 1663 1663 1663 1663
    1671 1688 1696 1696 1713 1739 1757 1757 1776 1804 1833 1833 1843
    1696 1696 1696 1696 1696 1688 1688 1688 1688 1680 1671 1671 1671
    1671 1663 1663 1663 1663 1671 1688 1696 1696 1713 1748 1757 1757
    1785 1804 1833 1833 1833 1696 1696 1696 1705 1696 1696 1688 1688
    1680 1671 1671 1671 1671 1663 1663 1655 1655 1663 1671 1680 1696
    1696 1713 1748 1766 1766 1785 1813 1833 1833 1833 1705 1705 1705
    1705 1696 1696 1688 1680 1671 1671 1671 1671 1671 1663 1663 1655
    1655 1663 1671 1680 1696 1705 1722 1748 1766 1766 1794 1823 1833
    1833 1833 1696 1696 1696 1705 1696 1696 1688 1680 1671 1671 1671
    1671 1671 1663 1663 1663 1663 1663 1671 1680 1696 1705 1722 1748
    1766 1766 1785 1823 1833 1843 1843 1696 1696 1696 1705 1705 1696
    1696 1688 1680 1680 1671 1671 1671 1671 1663 1663 1663 1663 1671
    1680 1696 1705 1722 1748 1766 1766 1785 1823 1833 1843 1843 1688
    1688 1705 1705 1705 1696 1696 1696 1688 1680 1680 1671 1671 1671
    1671 1663 1663 1671 1671 1688 1705 1705 1731 1748 1757 1766 1785
    1823 1833 1843 1843 1688 1688 1705 1705 1705 1696 1696 1696 1688
    1688 1680 1680 1680 1671 1671 1671 1671 1671 1680 1688 1705 1713
    1739 1757 1757 1766 1785 1823 1833 1843 1853 1713 1713 1705 1705
    1696 1696 1696 1688 1688 1688 1688 1680 1680 1671 1671 1671 1671
    1671 1671 1688 1696 1713 1739 1757 1757 1766 1785 1823 1833 1843
    1853 1713 1713 1705 1705 1696 1696 1688 1688 1688 1688 1688 1680
    1671 1671 1671 1663 1663 1671 1671 1688 1696 1713 1739 1757 1757
    1776 1804 1833 1833 1843 1843 1713 1713 1705 1705 1696 1696 1688
    1688 1688 1688 1688 1680 1671 1671 1671 1663 1663 1671 1671 1688
    1696 1713 1739 1757 1757 1776 1804 1823 1833 1843 1843 1713 1713
    1705 1705 1696 1696 1696 1688 1688 1688 1688 1680 1671 1671 1671
    1663 1663 1671 1671 1688 1696 1722 1739 1757 1757 1776 1813 1823
    1833 1833 1833 1713 1713 1705 1705 1696 1696 1696 1696 1688 1688
    1688 1680 1671 1671 1671 1671 1671 1671 1671 1688 1705 1722 1739
    1748 1757 1766 1823 1823 1833 1833 1833 1713 1713 1705 1705 1705
    1696 1696 1696 1696 1688 1680 1680 1671 1671 1671 1671 1671 1671
    1671 1688 1705 1722 1739 1748 1766 1766 1823 1833 1833 1833 4349
    1713 1713 1705 1705 1705 1696 1696 1696 1696 1688 1680 1680 1671
    1671 1671 1671 1671 1671 1680 1696 1705 1722 1739 1748 1766 1794
    1823 1833 1833 1843 1843 1705 1705 1705 1705 1705 1705 1696 1696
    1696 1688 1680 1680 1671 1671 1671 1671 1671 1671 1680 1696 1705
    1722 1739 1748 1757 1785 1813 1833 1833 1843 1843 1705 1705 1705
    1705 1705 1705 1696 1696 1688 1680 1680 1680 1671 1671 1671 1663
    1663 1671 1680 1696 1705 1722 1739 1757 1757 1785 1813 1833 1833
    1843 1843 1705 1705 1705 1705 1705 1705 1696 1696 1688 1680 1680
    1680 1671 1671 1671 1663 1663 1671 1680 1696 1713 1722 1739 1757
    1757 1785 1813 1833 1833 1843 1843 1705 1705 1705 1705 1705 1705
    1696 1696 1696 1688 1688 1680 1671 1671 1671 1671 1671 1671 1680
    1696 1713 1722 1739 1757 1757 1785 1813 1833 1833 1843 1843 1705
    1705 1705 1705 1705 1705 1705 1696 1696 1688 1688 1680 1680 1680
    1671 1671 1671 1671 1680 1696 1713 1722 1748 1766 1766 1785 1823
    1833 1833 1843 1843 1713 1713 1705 1705 1705 1705 1705 1696 1696
    1688 1688 1680 1680 1680 1671 1671 1671 1671 1680 1696 1713 1731
    1748 1766 1776 1785 1823 1833 1843 1843 1843 1722 1713 1713 1705
    1705 1705 1705 1696 1696 1688 1688 1680 1680 1680 1671 1671 1671
    1680 1688 1696 1713 1731 1739 1757 1766 1785 1823 1833 1843 1853
    1853 1722 1713 1713 1705 1705 1705 1705 1696 1696 1688 1688 1680
    1680 1671 1671 1671 1671 1680 1688 1696 1722 1731 1739 1757 1766
    1785 1823 1843 1843 1853 1853 1722 1713 1713 1705 1705 1696 1696
    1696 1696 1688 1688 1688 1680 1671 1671 1671 1671 1671 1680 1713
    1722 1731 1739 1757 1766 1804 1833 1843 1853 1863 1863 1722 1722
    1713 1705 1705 1696 1696 1696 1696 1696 1688 1688 1680 1671 1671
    1671 1671 1671 1680 1713 1713 1731 1739 1757 1766 1804 1833 1843
    1843 1863 1863 1722 1722 1713 1713 1705 1705 1705 1696 1696 1696
    1696 1688 1688 1680 1671 1671 1671 1671 1680 1705 1713 1731 1757
    1757 1776 1804 1833 1843 1843 1853 1853 1722 1722 1713 1713 1705
    1705 1705 1705 1696 1696 1696 1688 1688 1688 1680 1680 1680 1680
    1680 1705 1713 1731 1748 1766 1785 1804 1823 1833 1843 1843 1843
    1722 1713 1713 1713 1713 1705 1705 1705 1696 1696 1696 1696 1688
    1688 1680 1680 1680 1688 1688 1713 1722 1731 1748 1766 1794 1804
    1813 1833 1843 1843 1843 1722 1713 1713 1713 1713 1713 1705 1705
    1705 1696 1696 1696 1688 1688 1680 1680 1680 1688 1705 1713 1722
    1739 1757 1766 1794 1804 1813 1833 1843 1853 1853 1722 1713 1713
    1713 1713 1713 1705 1705 1696 1696 1696 1696 1688 1688 1680 1680
    1680 1688 1705 1713 1731 1739 1757 1766 1794 1804 1823 1833 1843
    1853 1853 1731 1722 1722 1722 1713 1713 1705 1705 1696 1696 1696
    1696 1688 1688 1680 1680 1680 1688 1705 1713 1722 1739 1757 1766
    1794 1804 1823 1833 1843 1853 1853 1722 1722 1722 1722 1722 1713
    1705 1705 1696 1696 1696 1696 1696 1688 1680 1680 1680 1696 1705
    1722 1722 1739 1757 1766 1785 1804 1823 1833 1843 1853 1853 1731
    1731 1731 1722 1722 1713 1705 1705 1696 1696 1696 1696 1688 1688
    1680 1680 1688 1696 1705 1722 1722 1739 1757 1766 1785 1804 1823
    1843 1843 1843 1843 1731 1731 1731 1722 1713 1713 1705 1705 1696
    1696 1696 1696 1688 1688 1688 1688 1688 1696 1713 1722 1722 1739
    1757 1776 1794 1804 1823 1843 1843 1843 1843 1731 1731 1731 1722
    1713 1713 1705 1705 1696 1696 1696 1696 1688 1688 1688 1688 1688
    1705 1713 1731 1731 1739 1757 1766 1794 1804 1823 1843 1843 1843
    1843 1731 1731 1731 1722 1722 1713 1705 1705 1705 1705 1696 1696
    1696 1688 1688 1688 1688 1705 1713 1731 1731 1731 1757 1766 1794
