<?xml version="1.0"?>
<opencv_storage>
<Depth8930 type_id="opencv-matrix">
  <rows>7</rows>
  <cols>12</cols>
  <dt>w</dt>
  <data>
    6038 6497 6375 6375 6259 6146 6146 6146 6146 0 0 6497 6038 6497 6497
    6375 6259 6146 6146 6146 6146 0 0 6146 6146 6497 6375 6375 6259 6259
    6259 6259 6259 6753 6497 6146 6375 6375 6375 6375 6259 6259 6375
    6375 6497 6622 6497 6497 6497 6375 6375 6375 6259 6259 6497 6497
    6497 6497 6497 6497 6497 6375 6259 6259 6375 6375 6497 6497 6497
    6497 6497 6497 6497 6375 6259 6259 6497 6497 6497 6497 6497 6497
    6497 6497</data></Depth8930>
</opencv_storage>
