<?xml version="1.0"?>
<opencv_storage>
<Depth10061 type_id="opencv-matrix">
  <rows>91</rows>
  <cols>66</cols>
  <dt>w</dt>
  <data>
    3576 3576 3576 3576 3539 3539 3539 3539 3539 3539 3503 3503 3503
    3503 0 0 0 0 0 0 3539 3503 1054 1054 1047 1047 3468 0 0 0 0 0 0 3399
    3399 3399 3365 3365 3365 3365 3365 3365 3365 3468 3468 3503 3399
    3399 3399 3399 3399 3399 3399 3399 3399 3399 3399 3399 3399 3365
    3365 3365 3333 3333 3333 3333 3576 3539 3539 3539 3539 3539 3503
    3503 3503 3503 3503 3503 3503 3503 0 0 0 0 0 3539 3539 3503 1054
    1054 1047 1047 3468 0 0 0 0 0 3399 3399 3399 3399 3399 3399 3365
    3365 3365 3365 3365 3365 3238 3238 3365 3365 3399 3399 3399 3399
    3399 3399 3399 3365 3365 3365 3365 3365 3365 3365 3333 3333 3333
    3333 3539 3539 3539 3539 3503 3503 3503 3503 3503 3503 3503 3468
    3468 3503 0 0 0 0 0 3539 3539 1060 1054 1054 1054 3433 3433 0 0 0 0
    0 3399 3399 3399 3399 3399 3399 3399 3399 3365 3365 3365 3365 3238
    3238 3365 3365 3399 3399 3399 3399 3399 3399 3399 3365 3365 3365
    3365 3365 3365 3365 3333 3333 3333 3333 3503 3503 3503 3503 3503
    3503 3503 3503 3503 3503 3503 3468 3468 3503 0 0 0 0 0 0 3503 1060
    1050 1050 1054 3433 3433 0 0 0 0 0 3399 3399 3399 3399 3399 3365
    3365 3365 3365 3365 3365 3365 3365 3333 3333 3365 3399 3399 3399
    3399 3399 3365 3365 3365 3365 3365 3333 3333 3333 3333 3333 3333
    3300 3300 3503 3503 3503 3503 3503 3503 3503 3503 3503 3503 3468
    3468 3468 3503 0 0 0 0 0 0 3468 1060 1050 1050 1054 3433 3433 0 0
    1025 0 0 3399 3399 3399 3399 3365 3365 1016 1016 1016 3365 3365 3365
    3365 3333 3333 3365 3399 3399 3399 3365 995 995 995 995 995 995 995
    3333 3300 3300 3300 3300 3300 3300 3503 3503 3503 3503 3503 3503
    3503 3503 3503 3503 3468 3468 3468 3468 0 0 1041 1041 0 0 3468 1060
    1047 1047 1054 3468 1028 1025 1025 0 1022 0 1019 1016 1016 1013 1013
    1013 1013 1010 1010 1010 1010 1010 1007 1007 1007 1007 1007 1004 998
    998 995 995 995 995 992 992 992 992 992 3300 3300 3300 3300 3300
    3503 3468 3468 3468 3468 3503 1050 1050 1050 1050 3468 3468 3468
    3468 1041 1041 1041 1041 0 3468 3468 1038 1038 1031 1028 1028 1028
    1025 1025 1022 1022 1025 1019 1016 1016 1013 1013 1013 1010 1007
    1007 1007 1007 1010 1007 1007 1007 1007 1004 1001 998 998 995 995
    992 992 992 992 992 992 992 992 992 3300 3300 3300 3503 3468 3468
    3468 1050 1047 1047 1050 1050 1047 1047 1044 1044 1044 1041 1041
    1041 1038 1038 1034 1034 1034 1028 1028 1025 1025 1025 1025 1025
    1022 1019 1016 1016 1016 1016 1016 1013 1013 1010 1007 1007 1007
    1007 1007 1007 1004 1004 1004 1004 1001 1001 998 995 992 992 992 992
    992 989 989 989 989 989 984 3333 3333 3503 3468 1050 1050 1047 1047
    1047 1050 1050 1047 1044 1044 1041 1041 1041 1041 1041 1038 1038
    1034 1034 1028 1028 1025 1025 1025 1025 1025 1025 1019 1016 1016
    1016 1016 1016 1016 1013 1013 1010 1007 1007 1004 1004 1007 1004
    1004 1004 1001 1001 1001 998 995 995 992 992 992 989 989 989 989 989
    984 984 984 0 3333 3503 3503 1050 1050 1047 1047 1047 1050 1047 1047
    1044 1044 1041 1041 1041 1038 1038 1038 1038 1034 1031 1028 1028
    1025 1025 1025 1025 1025 1022 1019 1016 1016 1013 1013 1013 1013
    1013 1010 1010 1007 1007 1004 1004 1004 1004 1001 1001 1001 1001 998
    995 995 995 992 992 989 989 989 987 984 984 981 981 981 0 3333 1050
    1054 1050 1050 1050 1047 1047 1047 1047 1047 1044 1041 1041 1041
    1041 1038 1038 1038 1034 1031 1028 1028 1028 1025 1025 1025 1025
    1025 1019 1016 1016 1016 1013 1013 1013 1013 1013 1010 1007 1004
    1004 1004 1004 1004 1001 1001 998 998 998 995 995 995 992 992 989
    989 989 989 987 984 984 981 981 981 0 0 1050 1054 1050 1050 1047
    1044 1044 1047 1044 1044 1044 1041 1041 1041 1038 1038 1038 1034
    1034 1028 1028 1025 1025 1025 1025 1025 1025 1019 1019 1016 1016
    1016 1013 1013 1013 1010 1010 1010 1007 1004 1004 1001 1001 1004
    1001 1001 998 998 995 995 995 995 992 992 989 987 987 987 984 984
    981 981 981 0 0 0 1054 1054 1050 1050 1047 1044 1044 1041 1041 1041
    1041 1041 1041 1038 1038 1038 1038 1031 1028 1028 1028 1025 1025
    1025 1025 1022 1022 1019 1019 1016 1016 1016 1013 1013 1010 1007
    1007 1007 1007 1007 1004 1001 1001 1001 1001 1001 998 998 995 995
    995 995 992 992 989 987 987 984 984 981 981 981 981 0 0 0 1054 1050
    1050 1047 1044 1044 1041 1041 1041 1041 1038 1038 1038 1034 1034
    1034 1031 1028 1028 1028 1025 1022 1022 1022 1019 1019 1019 1019
    1019 1016 1016 1016 1013 1013 1007 1007 1007 1007 1004 1004 1004
    1001 1001 1001 1001 1001 998 995 995 992 992 992 992 989 987 987 987
    984 984 981 981 981 0 0 0 0 1054 1050 1047 1047 1044 1041 1041 1041
    1041 1038 1038 1038 1038 1034 1034 1031 1028 1028 1025 1025 1025
    1022 1022 1022 1019 1019 1016 1016 1016 1016 1016 1013 1013 1010
    1004 1004 1004 1004 1004 1004 1001 998 998 1001 998 998 998 995 992
    992 992 992 989 987 987 984 984 984 984 984 984 984 0 0 0 0 1054
    1050 1047 1044 1041 1041 1041 1041 1038 1038 1038 1038 1034 1031
    1031 1031 1028 1028 1025 1025 1022 1022 1022 1022 1019 1016 1016
    1016 1016 1016 1013 1013 1010 1010 1004 1004 1004 1004 1004 1001 998
    998 998 998 998 995 995 992 992 992 989 989 989 987 984 984 984 984
    984 984 984 984 0 0 0 0 1050 1047 1047 1044 1038 1038 1038 1041 1038
    1038 1038 1034 1031 1031 1031 1031 1028 1025 1022 1022 1022 1022
    1022 1022 1019 1016 1016 1013 1013 1013 1013 1013 1010 1007 1004
    1004 1001 1001 1001 1001 998 998 998 998 998 995 995 992 992 992 989
    989 989 987 984 984 984 981 981 981 984 984 0 0 0 0 1050 1047 1044
    1041 1038 1038 1038 1038 1038 1038 1038 1034 1031 1031 1028 1028
    1025 1025 1022 1022 1022 1019 1019 1016 1016 1016 1013 1013 1013
    1010 1010 1007 1007 1004 1004 1001 1001 1001 1001 1001 998 998 998
    998 995 995 992 992 989 989 989 989 987 987 984 981 981 981 981 981
    981 981 981 0 0 0 1047 1047 1044 1038 1038 1034 1034 1038 1038 1038
    1038 1034 1028 1028 1028 1028 1025 1025 1022 1019 1019 1016 1016
    1016 1013 1013 1013 1010 1010 1010 1007 1007 1004 1004 1001 1001
    1001 1001 1001 998 998 995 995 998 995 995 992 992 989 987 987 987
    987 984 984 981 981 981 981 981 981 981 981 0 0 0 1044 1041 1041
    1038 1038 1034 1034 1034 1034 1038 1034 1034 1028 1028 1025 1025
    1025 1022 1022 1019 1019 1016 1016 1013 1013 1013 1013 1010 1010
    1007 1007 1004 1004 1001 1001 1001 1001 1001 1001 998 995 992 992
    995 995 992 992 992 989 987 987 984 984 984 981 981 981 978 978 978
    975 975 975 0 0 0 1044 1041 1041 1038 1034 1034 1034 1034 1031 1031
    1028 1028 1028 1028 1025 1025 1022 1022 1019 1019 1016 1016 1016
    1013 1013 1010 1010 1007 1007 1004 1004 1004 1004 1001 1001 1001
    1001 1001 998 995 992 992 992 995 992 989 989 989 987 984 984 984
    984 984 981 981 981 978 978 978 975 975 975 0 0 0 1044 1038 1038
    1038 1034 1034 1034 1031 1028 1028 1028 1028 1028 1025 1025 1025
    1022 1019 1019 1016 1013 1013 1013 1013 1013 1010 1010 1007 1007
    1004 1004 1004 1001 1001 1001 1001 998 998 995 995 992 989 989 992
    989 987 987 987 984 984 981 981 981 981 981 978 978 978 975 975 975
    973 973 0 0 0 1041 1038 1038 1034 1034 1034 1031 1028 1028 1028 1028
    1028 1028 1025 1025 1022 1022 1019 1016 1016 1013 1013 1013 1013
    1013 1010 1007 1007 1007 1004 1004 1001 1001 1001 1001 998 998 995
    995 992 992 989 989 992 989 987 984 984 984 984 981 981 981 981 981
    978 978 975 973 973 973 970 970 970 0 0 1041 1038 1034 1034 1034
    1031 1031 1028 1028 1028 1028 1028 1025 1025 1022 1022 1019 1016
    1016 1013 1013 1013 1010 1010 1010 1004 1004 1004 1004 1004 1004
    1001 1001 1001 998 998 995 992 992 992 992 989 989 992 989 987 984
    984 984 981 981 978 978 978 978 975 975 975 973 973 973 970 964 964
    0 0 1041 1038 1034 1034 1034 1031 1031 1028 1028 1025 1025 1025 1025
    1025 1022 1019 1019 1016 1016 1013 1013 1013 1010 1010 1010 1004
    1004 1004 1004 1004 1004 1001 1001 998 998 995 995 992 992 992 989
