<?xml version="1.0"?>
<opencv_storage>
<Depth14086 type_id="opencv-matrix">
  <rows>55</rows>
  <cols>53</cols>
  <dt>w</dt>
  <data>
    5734 5734 5734 5640 5640 5734 5734 5734 5734 5734 5832 5933 5933
    5933 5933 5933 5832 5832 5832 5832 2065 2065 2065 2065 2065 2065
    2053 2040 2040 5734 5734 5734 5734 5640 5640 5548 5548 5548 5548
    5548 5460 5374 5291 5291 5291 5291 5291 5291 5210 5210 5132 5132
    5132 5640 5734 5734 5640 5640 5734 5734 5734 5734 5734 5832 5933
    5933 5832 5832 5832 5832 5933 5832 2040 2040 2040 2040 2040 2040
    2040 2053 2040 2040 2040 5734 5734 5734 5734 5640 5640 5640 5548
    5548 5548 5460 5374 5374 5291 5291 5291 5291 5291 5210 5210 5132
    5132 5132 5640 5734 5640 5640 5734 5640 5640 5734 5734 5734 5832
    5933 5832 5832 5832 5832 5832 2040 2040 2028 2028 2040 2028 2028
    2040 2040 2040 2040 2040 2040 2040 5734 5734 5734 5734 5640 5640
    5640 5548 5548 5460 5374 5374 5374 5374 5291 5291 5291 5291 5210
    5210 5132 5132 5640 5640 5640 5640 5734 5640 5640 5734 5734 5832
    5832 5933 5832 5832 5832 5933 2016 2016 2028 2028 2028 2028 2028
    2028 2028 2040 2040 2040 2040 2040 2040 5734 5734 5734 5734 5640
    5640 5640 5640 5548 5460 5460 5374 5374 5374 5291 5291 5291 5291
    5291 5210 5132 5132 5640 5640 5640 5640 5734 5640 5640 5734 5734
    5832 5832 5832 5734 5734 5832 2028 2016 2016 2028 2028 2028 2028
    2028 2016 2016 2028 2040 2040 2053 2040 2040 2040 5734 5734 5734
    5734 5640 5640 5640 5548 5548 5460 5460 5374 5374 5374 5291 5291
    5291 5291 5210 5132 5132 5640 5640 5640 5640 5640 5640 5640 5734
    5734 5734 5832 5734 5734 5734 5832 2028 2028 2028 2028 2028 2016
    2016 2016 2016 2016 2028 2028 2028 2053 2040 2040 2040 5734 5734
    5734 5734 5734 5640 5640 5640 5548 5548 5460 5374 5374 5374 5291
    5291 5291 5291 5210 5210 5210 5640 5640 5640 5640 5640 5640 5640
    5734 5734 5734 5734 5734 2065 2065 2040 2028 2028 2028 2028 2028
    2016 2016 2016 2016 2016 2016 2016 2028 2040 2040 2040 2040 2040
    5734 5734 5734 5734 5640 5640 5640 5548 5548 5460 5374 5374 5374
    5291 5291 5291 5291 5210 5210 5210 5640 5640 5640 5640 5640 5640
    5640 5640 5640 5640 2090 2090 2065 2065 2040 2040 2040 2028 2028
    2028 2028 2016 2016 2016 2016 2016 2016 2028 2028 2040 2040 2040
    2040 5734 5734 5734 5734 5640 5640 5640 5548 5548 5460 5374 5374
    5374 5374 5374 5291 5291 5291 5210 5210 5640 5640 5640 5640 5640
    5548 5548 5640 2090 2090 2078 2078 2078 2065 2053 2053 2040 2040
    2028 2028 2028 2016 2016 2016 2016 2005 2005 2016 2028 2040 2040
    2040 2040 5832 5734 5734 5640 5640 5640 5640 5640 5548 5460 5374
    5374 5374 5374 5374 5374 5291 5291 5210 5210 5640 5640 5640 5640
    5640 5548 5548 5640 2090 2090 2078 2078 2078 2065 2053 2053 2040
    2040 2040 2028 2028 2028 2016 2016 2005 2005 2005 2005 2028 2028
    2040 2040 2040 2053 5734 5640 5640 5640 5640 5640 5640 5548 5460
    5460 5460 5374 5374 5374 5374 5291 5291 5291 5210 5640 5640 5640
    5548 5548 5548 5548 5548 2090 2090 2078 2078 2078 2065 2053 2053
    2040 2040 2040 2028 2028 2028 2016 2016 2005 2005 2005 2005 2016
    2028 2028 2040 2040 2040 2040 5640 5640 5640 5640 5640 5640 5640
    5548 5460 5460 5374 5374 5374 5374 5374 5291 5291 5291 5640 5640
    5640 5548 2184 2170 2129 2103 2090 2090 2090 2078 2078 2065 2053
    2053 2040 2040 2040 2028 2028 2028 2028 2016 2005 2005 2005 2005
    2016 2016 2028 2028 2040 2040 2040 2040 5640 5640 5640 5640 5640
    5640 5640 5548 5460 5374 5374 5374 5374 5374 5291 5291 5291 5548
    5548 5548 5548 2143 2143 2116 2103 2090 2090 2090 2090 2078 2078
    2065 2053 2053 2040 2040 2028 2028 2028 2028 2016 2005 2005 2005
    2005 2005 2005 2028 2028 2040 2040 2040 2040 2040 5734 5734 5640
    5640 5640 5640 5548 5460 5374 5374 5374 5374 5374 5291 5291 5291
    5548 5548 5548 5548 2116 2116 2090 2090 2090 2090 2090 2090 2078
    2078 2065 2065 2053 2053 2040 2040 2028 2028 2028 2028 2016 2005
    2005 2005 2005 2005 2016 2028 2028 2040 2040 2040 2040 2040 5734
    5734 5640 5640 5640 5548 5460 5460 5460 5374 5374 5374 5291 5291
    5291 5548 5640 5640 2129 2116 2116 2090 2090 2090 2103 2090 2090
    2078 2078 2078 2065 2065 2053 2040 2040 2040 2028 2028 2028 2028
    2016 2005 2005 2005 2005 2005 2016 2028 2028 2028 2040 2040 2040
    2040 5734 5640 5640 5548 5460 5460 5460 5374 5374 5374 5291 5291
    5291 5291 2143 2143 2143 2129 2116 2116 2103 2103 2103 2103 2103
    2090 2078 2078 2078 2078 2065 2065 2040 2040 2040 2028 2028 2028
    2028 2016 2016 2005 1993 1993 2005 2005 2016 2028 2028 2028 2028
    2040 2040 5734 5640 5640 5548 5460 5460 5460 5374 5374 5374 5291
    5291 5291 5291 2143 2143 2143 2129 2116 2116 2103 2103 2103 2103
    2103 2090 2078 2078 2078 2078 2078 2065 2053 2040 2040 2040 2028
    2028 2016 2016 2016 2005 1993 1993 1993 1993 2005 2016 2016 2028
    2028 2028 2028 2028 5640 5548 5548 5460 5460 5460 5460 5374 5374
    5291 5291 5291 5291 2143 2143 2143 2129 2129 2116 2116 2116 2116
    2103 2103 2090 2090 2078 2078 2078 2078 2065 2053 2040 2040 2040
    2028 2028 2016 2016 2016 2005 1993 1993 1993 1993 2005 2016 2016
    2016 2028 2028 2028 2028 2028 5548 5548 5460 5460 5460 5460 5374
    5374 5291 5291 5291 5291 2143 2143 2143 2129 2129 2129 2116 2116
    2116 2116 2103 2090 2090 2078 2078 2078 2078 2065 2053 2040 2040
    2040 2028 2028 2028 2016 2016 2005 1993 1993 1993 1993 1993 1993
    2005 2005 2016 2016 2028 2028 2028 2028 5548 5548 5460 5460 5460
    5374 5374 5291 5291 5291 5291 2143 2143 2143 2129 2129 2129 2116
    2116 2116 2116 2103 2090 2090 2090 2078 2078 2078 2065 2053 2053
    2040 2040 2040 2028 2028 2016 2016 2005 1993 1993 1993 1993 1993
    1993 1993 2005 2005 2016 2028 2028 2016 2016 5640 5640 5548 5548
    5460 5374 5374 5374 5291 5291 5291 2156 2143 2143 2129 2129 2129
    2116 2116 2129 2116 2116 2090 2090 2090 2078 2078 2078 2065 2065
    2053 2040 2040 2040 2040 2028 2016 2016 2016 2005 1993 1993 1993
    1981 1981 1981 1993 1993 1993 2016 2016 2016 2016 2016 5640 5548
    5548 5548 5460 5374 5374 5374 5291 5291 2170 2156 2143 2143 2129
    2129 2129 2129 2129 2129 2116 2103 2090 2090 2078 2078 2078 2065
    2065 2053 2040 2040 2040 2040 2028 2016 2016 2016 2016 2005 1993
    1993 1981 1981 1981 1993 1993 1993 1993 2005 2016 2016 2016 5734
    5640 5548 5548 5460 5374 5374 5374 5291 5291 5460 2170 2143 2143
    2129 2129 2129 2129 2129 2129 2116 2103 2090 2090 2078 2078 2078
    2078 2078 2065 2053 2040 2040 2040 2028 2028 2016 2016 2016 2005
    2005 1993 1981 1981 1981 1981 1981 1993 1993 2005 2005 2016 2016
    2016 5640 5548 5548 5548 5460 5374 5374 5374 5374 5460 5460 2143
    2129 2129 2129 2129 2129 2129 2129 2116 2103 2103 2090 2090 2078
    2078 2078 2078 2065 2053 2053 2040 2040 2040 2028 2028 2028 2016
    2005 2005 1993 1981 1981 1981 1981 1981 1993 1993 1993 2005 2005
    2005 2016 2016 5640 5640 5640 5548 5460 5374 5374 5374 5460 5460
    5548 2129 2129 2129 2129 2129 2129 2129 2129 2116 2103 2090 2090
    2090 2090 2078 2078 2078 2065 2053 2040 2040 2040 2040 2028 2028
    2016 2016 2005 1993 1981 1981 1981 1981 1981 1993 1993 1993 1993
    2005 2005 2016 2005 2005 2005 5640 5548 5460 5374 5374 5374 5460
    5460 5548 2129 2129 2129 2129 2129 2129 2129 2129 2116 2103 2103
    2090 2090 2090 2078 2078 2078 2065 2065 2053 2040 2040 2028 2028
    2028 2016 2005 2005 1993 1993 1981 1981 1981 1981 1981 1993 1993
    1993 1993 1993 2005 2005 1993 1993 1993 5460 5460 5460 5374 5374
    5460 5548 5548 5548 2129 2129 2129 2129 2129 2143 2129 2129 2116
    2116 2090 2090 2090 2078 2078 2078 2078 2065 2053 2040 2040 2028
    2028 2028 2016 2005 2005 1993 1993 1981 1981 1981 1981 1981 1981
    1981 1993 1993 1993 2005 1993 1993 1993 1993 5374 5374 5374 5374
    5374 5460 5460 5460 5548 5548 2129 2129 2129 2129 2143 2129 2129
    2116 2116 2090 2090 2090 2078 2078 2078 2078 2065 2053 2040 2040
    2040 2028 2028 2016 2016 2005 1993 1993 1993 1981 1981 1981 1981
    1981 1981 1981 1993 1993 1993 1993 1993 1993 1993 5374 5374 5374
