<?xml version="1.0"?>
<opencv_storage>
<Depth7964 type_id="opencv-matrix">
  <rows>10</rows>
  <cols>17</cols>
  <dt>w</dt>
  <data>
    5056 5056 4983 4983 4911 4911 4983 4983 4983 4911 4911 4911 4774
    4774 4774 6259 6259 4983 4983 4983 4911 4911 4911 4911 4911 4911
    4911 4911 4911 4774 4774 4774 6259 6259 4983 4983 4983 4911 4911
    4911 4911 4911 4911 4911 4911 4842 4842 4842 4842 6375 6259 4983
    4983 4983 4911 4842 4842 4842 4911 4911 4911 4911 4842 4842 4842
    4774 4774 4774 4983 4983 4983 4911 4842 4842 4842 4842 4842 4911
    4911 4842 4842 4842 4774 4774 4708 5056 4983 4983 4911 4842 4774
    4774 4774 4842 4911 4842 4842 4774 4774 4774 4708 4708 4983 4911
    4911 4911 4842 4774 4774 4774 4842 4842 4842 4842 4774 4774 4774
    4708 4708 4911 4911 4911 4911 4842 4842 4774 4774 4774 4842 4842
    4842 4842 4774 4774 4774 4842 4842 4842 4842 4842 4842 4842 4842
    4774 4774 4842 4842 4842 4842 4774 4774 4774 4774 4774 4842 4842
    4842 4842 4842 4842 4842 4842 4911 4842 4842 4842 4774 4774 4708
    4645</data></Depth7964>
</opencv_storage>
