<?xml version="1.0"?>
<opencv_storage>
<Depth13757 type_id="opencv-matrix">
  <rows>26</rows>
  <cols>26</cols>
  <dt>w</dt>
  <data>
    5210 5210 5210 5210 5210 5210 5132 5132 5132 5132 5056 5056 5056
    5056 4983 4983 4983 4911 4911 4911 4911 4911 3994 3948 3948 3948
    5210 5210 5210 5210 5210 5210 5132 5132 5056 5056 4983 4983 4983
    4983 4983 4983 4983 4983 4983 4911 4911 4911 3994 3948 3948 3948
    5210 5210 5210 5210 5210 5210 5132 5132 5056 5056 4983 4983 4983
    4983 4983 4983 4983 4983 4911 4911 4911 3994 3994 3948 3948 3948
    5291 5210 5210 5210 5210 5210 5210 5132 5056 5056 4983 4983 4983
    4983 4983 4983 4983 4911 4911 3994 3994 3994 3994 3994 3948 3948
    5210 5210 5210 5210 5210 5210 5210 5132 5056 5056 4983 4983 4983
    4983 4983 4983 4911 4911 3994 3994 3948 3948 3948 3994 3994 3994
    5210 5210 5210 5132 5132 5132 5132 5132 5132 5132 5056 4983 4983
    5056 5056 4911 4139 4139 3994 3994 3948 3948 3948 3994 3994 3994
    5210 5132 5132 5132 5132 5132 5132 5132 5132 5132 5056 5056 5056
    5056 5056 4911 4139 4089 4041 3994 3994 3994 3994 3994 3994 3994
    5210 5132 5132 5132 5132 5132 5210 5132 5132 5132 5056 5056 5056
    5056 4190 4139 4139 4089 4089 4041 4041 3994 3994 3994 3994 3994
    5210 5210 5210 5132 5132 5210 5210 5210 5210 5132 5132 4139 4089
    4041 4041 4041 4089 4089 4089 4089 4041 4041 3994 3994 3994 3994
    5132 5132 5210 5210 5210 5210 5210 5210 5210 5210 4139 4139 4089
    4041 4041 4041 4089 4089 4089 4089 4041 4041 3994 3994 3994 3994
    5132 5132 5210 5210 5210 5210 5210 5210 5210 4139 4139 4139 4089
    4089 4089 4089 4089 4089 4089 4089 4041 3994 3948 3948 3948 0 5210
    5210 5291 5210 5210 5210 5210 5210 4139 4139 4139 4139 4089 4089
    4089 4089 4089 4089 4089 4089 4041 3994 3948 3948 3948 0 5291 5291
    5210 5210 5210 5210 5210 4139 4139 4139 4139 4139 4139 4139 4139
    4089 4089 4139 4139 4139 4089 3994 3948 3948 0 0 5374 5374 5210 5210
    5291 5291 4089 4089 4139 4190 4190 4190 4139 4139 4139 4139 4139
    4139 4139 4190 4190 0 0 0 0 0 5374 5374 5291 5291 5291 4349 4089
    4089 4190 4190 4190 4190 4139 4139 4139 4139 4139 4139 4139 4190 0 0
    0 0 0 0 5460 5374 5291 4405 4349 4349 4295 4190 4190 4190 4190 4190
    4190 4139 4139 4139 4139 4139 4139 4190 0 0 0 0 0 0 5460 5460 4405
    4349 4349 4349 4295 4190 4190 4190 4190 4190 4190 4139 4139 4139
    4139 4139 0 0 0 0 0 0 0 0 5460 5460 4349 4349 4349 4349 4295 4241
    4241 4241 4241 4190 4190 4139 4139 0 0 0 0 0 0 0 0 0 0 0 4405 4349
    4349 4349 4295 4295 4190 4190 4190 4190 4190 4241 4241 0 0 0 0 0 0 0
    0 0 0 0 0 0 4405 4349 4349 4349 4295 4295 4190 4190 4190 4190 4190
    4241 4241 0 0 0 0 0 0 0 0 0 0 0 0 0 4349 4349 4349 4349 4349 4349
    4190 4139 4139 4190 4190 4241 4295 0 0 0 0 0 0 0 0 0 0 0 0 0 4349
    4349 4349 4349 4349 4295 4190 4089 4089 4139 4139 0 0 0 0 0 0 0 0 0
    0 0 0 0 0 0 4405 4349 4349 4349 4349 4295 4190 4089 4089 4139 4139 0
    0 0 0 0 0 0 0 0 0 0 0 0 0 0 4405 4405 4405 4349 4349 4295 4295 4295
    0 0 0 0 0 0 0 0 0 0 0 0 0 0 0 0 0 0 4405 4405 4405 4405 4349 4295
    4295 0 0 0 0 0 0 0 0 0 0 0 0 0 0 0 0 0 0 0 4405 4405 4405 4405 4349
    4349 0 0 0 0 0 0 0 0 0 0 0 0 0 0 0 0 0 0 0 0</data></Depth13757>
</opencv_storage>
