<?xml version="1.0"?>
<opencv_storage>
<Depth12087 type_id="opencv-matrix">
  <rows>13</rows>
  <cols>25</cols>
  <dt>w</dt>
  <data>
    4582 4582 4582 4582 4582 4463 4295 4241 4241 4295 5832 5832 5832
    5548 5548 5548 5548 5548 5460 5460 5460 5374 5374 5291 5291 4582
    4582 4522 4463 4463 4463 4295 4241 4241 4295 4295 4295 5548 5548
    5548 5548 5548 5548 5548 5460 5374 5291 5291 5291 5291 4582 4582
    4522 4463 4405 4349 4295 4241 4241 4295 4295 4295 4041 4041 5548
    5548 5548 5548 5548 5460 5374 5291 5291 5291 5291 4582 4582 4522
    4463 4405 4349 4295 4241 4241 4190 4139 4041 4041 4041 4089 5548
    5548 5548 5640 5640 5460 5374 5374 5291 5291 4582 4582 4582 4522
    4405 4349 4295 4241 4241 4190 4139 4041 3994 3994 4041 4089 4089
    4089 3948 3948 3859 3816 5291 5291 5291 4645 4582 4582 4522 4405
    4349 4241 4241 4241 4190 4139 4041 3994 3994 4041 3994 3994 3994
    3948 3948 3859 3816 3816 3816 3816 0 0 4582 4582 0 0 4241 4190 4190
    4241 4190 4139 4089 4041 4041 3994 3994 3948 3948 3903 3859 3816
    3816 3816 3816 0 0 0 0 0 0 0 4190 4190 4295 4190 4190 4139 4089 4089
    4041 3994 3948 3948 3903 3859 3816 3816 3816 3816 0 0 0 0 0 0 0 4190
    4190 4295 4241 4190 4190 4139 4089 4041 4041 3994 3948 3903 3859
    3816 3816 3774 3732 0 0 0 0 0 0 0 4241 4241 0 4241 4241 4190 4139
    4089 4041 4041 3994 3994 3948 3903 3859 3816 3774 3732 0 0 0 0 0 0 0
    0 0 0 0 0 4241 4241 0 4041 4041 4041 3948 3903 3903 3816 3816 3774
    3732 0 0 0 0 0 0 0 0 0 0 0 0 0 0 0 0 0 0 3948 3903 3859 3816 3816
    3774 3732 0 0 0 0 0 0 0 0 0 0 0 0 0 0 0 0 0 0 0 0 3859 3859 3816
    3774 3774</data></Depth12087>
</opencv_storage>
