<?xml version="1.0"?>
<opencv_storage>
<Depth9105 type_id="opencv-matrix">
  <rows>105</rows>
  <cols>51</cols>
  <dt>w</dt>
  <data>
    0 0 0 0 1312 1312 1312 1312 1312 0 0 0 0 0 0 0 0 0 0 0 0 0 0 0 1343
    1343 1338 1328 1328 1322 1317 1312 1312 1322 1333 1343 1328 1328
    1333 1333 1338 1349 1328 1317 1317 1322 1322 1322 1322 0 0 0 0 0 0
    1312 1312 1312 0 0 0 0 0 0 0 0 0 0 0 0 0 0 0 0 0 1343 1343 1338 1328
    1317 1317 1317 1302 1297 1297 1333 1333 1322 1322 1333 1333 1338
    1333 1328 1317 1317 1322 1322 1322 1322 1338 0 0 0 0 0 1307 1307
    1307 1302 1302 1297 1292 0 0 0 0 0 0 0 0 0 0 0 0 0 0 1278 1278 1297
    1297 1292 1283 1283 1278 1278 1273 1273 1273 1268 1259 1259 1259
    1264 1328 1317 1317 1328 1328 1250 1250 1338 0 0 0 1307 1302 1302
    1302 1302 1302 1302 1297 1292 1292 1292 1292 1292 1292 1292 1292
    1292 1292 1288 1278 1278 1278 1278 1278 1278 1273 1273 1273 1273
    1273 1268 1268 1268 1268 1268 1268 1259 1259 1259 1255 1255 1255
    1250 1250 1250 1250 1250 0 0 0 1307 1302 1297 1297 1302 1302 1292
    1292 1292 1288 1288 1288 1288 1288 1288 1288 1288 1288 1288 1283
    1278 1278 1278 1278 1273 1273 1273 1273 1273 1268 1268 1268 1268
    1268 1268 1268 1264 1259 1259 1255 1255 1250 1250 1250 1250 1250
    1250 1250 1250 0 1302 1302 1302 1297 1297 1297 1297 1292 1288 1288
    1288 1288 1288 1288 1288 1288 1288 1288 1288 1283 1283 1278 1273
    1273 1273 1273 1273 1273 1273 1273 1268 1268 1264 1264 1268 1268
    1264 1264 1259 1259 1255 1255 1250 1250 1250 1250 1250 1250 1250
    1250 0 1297 1302 1302 1297 1297 1297 1292 1288 1288 1288 1288 1288
    1288 1288 1288 1283 1283 1288 1288 1283 1283 1278 1273 1273 1273
    1273 1273 1273 1268 1268 1268 1268 1264 1264 1268 1264 1264 1264
    1259 1259 1255 1255 1255 1255 1255 1255 1255 1255 1250 1250 0 1297
    1302 1302 1297 1297 1297 1292 1288 1288 1288 1288 1288 1288 1288
    1288 1283 1283 1288 1288 1283 1283 1278 1278 1278 1273 1273 1273
    1273 1268 1268 1268 1268 1264 1264 1268 1264 1264 1259 1259 1255
    1255 1255 1255 1255 1255 1255 1255 1255 1250 1250 0 1302 1302 1302
    1302 1297 1292 1292 1288 1288 1288 1288 1288 1288 1288 1283 1283
    1283 1288 1288 1288 1283 1283 1278 1278 1273 1273 1273 1273 1273
    1273 1268 1268 1268 1268 1268 1264 1264 1259 1259 1255 1255 1255
    1255 1255 1255 1255 1255 1250 1250 1250 0 1302 1302 1302 1302 1297
    1292 1292 1288 1288 1288 1288 1288 1288 1288 1283 1283 1283 1288
    1288 1288 1283 1278 1278 1278 1273 1273 1273 1273 1268 1268 1268
    1268 1268 1268 1268 1264 1264 1259 1259 1255 1255 1255 1255 1255
    1255 1255 1250 1250 1250 1250 0 1307 1302 1302 1302 1297 1297 1297
    1292 1292 1292 1288 1288 1288 1288 1283 1283 1283 1288 1288 1288
    1283 1278 1278 1278 1273 1273 1273 1273 1268 1268 1273 1268 1268
    1268 1268 1268 1264 1259 1259 1259 1255 1255 1255 1255 1255 1255
    1250 1250 1250 1250 1255 1307 1302 1302 1302 1302 1302 1297 1297
    1292 1292 1288 1288 1288 1288 1288 1283 1283 1288 1288 1288 1283
    1278 1278 1278 1273 1273 1273 1273 1273 1273 1273 1268 1268 1268
    1268 1268 1264 1259 1259 1259 1255 1255 1255 1255 1255 1255 1250
    1250 1250 1250 1255 1307 1302 1302 1302 1302 1302 1297 1297 1292
    1292 1292 1288 1288 1288 1288 1283 1283 1288 1283 1283 1283 1283
    1278 1278 1273 1273 1273 1273 1273 1273 1273 1268 1268 1268 1268
    1268 1268 1264 1259 1259 1255 1255 1255 1255 1255 1255 1250 1250
    1250 1255 1255 1307 1302 1302 1302 1302 1302 1297 1292 1292 1292
    1292 1288 1288 1288 1288 1283 1283 1288 1283 1283 1283 1283 1283
    1278 1278 1273 1273 1273 1273 1273 1273 1268 1268 1268 1268 1268
    1268 1264 1264 1264 1259 1255 1255 1255 1255 1255 1255 1255 1255
    1255 0 1307 1307 1302 1302 1302 1302 1297 1292 1292 1292 1292 1292
    1288 1288 1288 1283 1283 1288 1283 1283 1283 1283 1283 1278 1278
    1278 1273 1273 1273 1273 1273 1273 1268 1268 1268 1268 1268 1268
    1264 1264 1259 1259 1255 1255 1255 1255 1250 1250 1255 1259 1273
    1307 1307 1302 1302 1302 1302 1297 1297 1292 1292 1292 1292 1288
    1288 1288 1283 1283 1288 1288 1288 1288 1283 1283 1278 1278 1278
    1278 1273 1273 1273 1273 1273 1268 1268 1268 1268 1268 1264 1264
    1264 1259 1259 1255 1255 1255 1255 1250 1250 1255 1259 1268 1307
    1307 1302 1302 1302 1302 1297 1292 1292 1292 1292 1292 1288 1288
    1288 1283 1283 1288 1288 1288 1288 1288 1283 1278 1278 1278 1278
    1273 1273 1273 1273 1273 1268 1268 1268 1268 1268 1264 1264 1264
    1259 1259 1259 1255 1255 1255 1255 1255 1255 1259 1268 1307 1307
    1302 1302 1302 1302 1297 1292 1292 1297 1292 1292 1288 1288 1288
    1283 1283 1288 1288 1288 1288 1288 1283 1283 1283 1283 1278 1273
    1273 1273 1273 1273 1268 1268 1268 1268 1268 1264 1264 1264 1259
    1259 1259 1255 1255 1255 1255 1259 1259 1268 1273 1307 1307 1302
    1302 1302 1302 1297 1292 1292 1297 1292 1292 1288 1288 1288 1288
    1288 1288 1292 1288 1288 1288 1288 1283 1283 1283 1278 1273 1273
    1273 1273 1273 1268 1268 1268 1268 1268 1264 1264 1259 1259 1259
    1255 1255 1255 1255 1255 1259 1259 1259 1273 1307 1307 1302 1302
    1302 1302 1297 1292 1292 1297 1292 1292 1288 1288 1288 1288 1288
    1288 1292 1288 1288 1288 1288 1283 1283 1283 1283 1278 1278 1273
    1273 1273 1273 1268 1268 1268 1268 1264 1264 1259 1259 1259 1255
    1255 1255 1255 1255 1259 1259 1259 1259 1307 1307 1307 1302 1302
    1302 1297 1297 1292 1292 1292 1292 1292 1288 1288 1288 1288 1288
    1288 1288 1288 1288 1288 1288 1283 1283 1283 1278 1278 1273 1273
    1273 1273 1273 1268 1268 1268 1268 1264 1259 1259 1259 1259 1255
    1255 1255 1255 1255 1255 1255 1255 1307 1307 1307 1302 1302 1302
    1297 1297 1292 1292 1292 1292 1292 1292 1288 1288 1288 1288 1288
    1288 1288 1288 1288 1288 1283 1283 1283 1278 1278 1273 1273 1273
    1273 1273 1268 1268 1268 1268 1268 1264 1259 1259 1259 1259 1255
    1255 1255 1255 1255 1255 1255 1307 1307 1307 1302 1302 1302 1297
    1297 1292 1292 1292 1292 1292 1292 1288 1288 1288 1288 1288 1288
    1288 1288 1288 1288 1283 1283 1278 1278 1278 1273 1273 1273 1273
    1273 1273 1268 1268 1268 1268 1264 1264 1264 1259 1259 1259 1255
    1255 1255 1255 1255 1255 1307 1307 1312 1307 1302 1302 1302 1297
    1297 1292 1292 1297 1292 1292 1288 1288 1288 1288 1288 1288 1288
    1288 1288 1288 1283 1283 1278 1278 1278 1273 1273 1273 1273 1273
    1273 1268 1268 1268 1268 1268 1264 1264 1264 1264 1259 1259 1259
    1255 1255 1259 0 1312 1312 1312 1307 1302 1302 1302 1297 1297 1292
    1292 1297 1292 1292 1288 1288 1288 1288 1288 1292 1288 1288 1288
    1288 1283 1283 1283 1278 1278 1278 1278 1278 1273 1273 1273 1268
    1268 1268 1268 1268 1264 1264 1264 1259 1259 1259 1259 1255 1255
    1255 0 0 1312 1312 1307 1307 1302 1302 1302 1297 1297 1297 1292 1292
    1292 1288 1288 1288 1292 1292 1292 1288 1288 1288 1288 1283 1283
    1283 1278 1278 1278 1278 1278 1278 1273 1273 1268 1268 1268 1268
    1268 1268 1268 1264 1259 1259 1259 1259 1255 1255 1255 0 0 1312 1307
    1307 1302 1302 1302 1302 1302 1297 1297 1292 1292 1292 1288 1288
    1288 1292 1292 1292 1288 1288 1288 1288 1288 1283 1283 1278 1278
    1278 1278 1278 1278 1273 1273 1268 1268 1268 1268 1268 1268 1268
    1264 1264 1259 1259 1255 1255 1255 1255 1255 0 1312 1307 1307 1302
    1302 1302 1302 1302 1297 1297 1297 1292 1292 1292 1288 1288 1292
    1288 1288 1292 1288 1288 1288 1288 1283 1278 1278 1278 1278 1278
    1278 1278 1273 1273 1268 1268 1268 1268 1268 1268 1268 1268 1264
    1264 1259 1255 1255 1255 1250 1250 0 1312 1307 1307 1302 1302 1302
    1302 1302 1297 1297 1297 1292 1292 1292 1288 1288 1292 1288 1288
    1292 1292 1288 1288 1288 1283 1278 1278 1278 1278 1278 1278 1278
    1273 1273 1273 1268 1268 1268 1268 1268 1268 1268 1264 1264 1259
    1259 1259 1259 1250 1250 0 1312 1307 1307 1302 1302 1302 1302 1302
    1297 1297 1297 1297 1292 1292 1292 1292 1292 1288 1288 1292 1292
    1288 1288 1288 1283 1283 1283 1278 1278 1278 1278 1278 1273 1273
    1273 1273 1268 1268 1268 1268 1268 1264 1264 1259 1259 1259 1259
