<?xml version="1.0"?>
<opencv_storage>
<Depth17590 type_id="opencv-matrix">
  <rows>14</rows>
  <cols>14</cols>
  <dt>w</dt>
  <data>
    4463 3433 3433 3399 3399 4405 4405 4405 4405 3300 3269 3269 3269
    3208 3433 3433 3433 3399 3399 4463 4522 4582 3300 3300 3269 3269
    3300 3269 3433 3433 3433 3399 3399 3365 3333 3333 3300 3300 3300
    3300 3300 3269 3433 3433 3433 3399 3399 3365 3333 3333 3300 3300
    3300 3300 3300 3269 3433 3433 3433 3399 3399 3365 3333 3333 3300
    3300 3300 3300 3269 3238 3399 3433 3433 3433 3399 3365 3333 3333
    3333 3300 3300 3300 3269 3238 3399 3433 3433 3433 3433 3365 3333
    3333 3300 3300 3269 3269 3269 3269 3433 3433 3433 3433 3433 3399
    3333 3333 3300 3300 3269 3269 3269 3269 3433 3433 3433 3433 3433
    3433 3365 3333 3333 3300 3300 3300 3300 3269 3468 3433 3433 3433
    3433 3433 3365 3333 3333 3333 3300 3300 3300 3269 3468 3433 3433
    3433 3433 3433 3399 3365 3333 3333 3300 3300 3269 3208 3503 3433
    3433 3433 3433 3433 3399 3365 3333 3333 3300 3300 3269 3208 0 3433
    3433 3433 3433 3433 3333 3300 3300 3269 3269 3269 3238 3208 0 3433
    3433 3433 3433 3333 3300 3208 3208 3208 3269 3269 3208 3178</data></Depth17590>
</opencv_storage>
