<?xml version="1.0"?>
<opencv_storage>
<Depth5046 type_id="opencv-matrix">
  <rows>76</rows>
  <cols>38</cols>
  <dt>w</dt>
  <data>
    5056 5056 5210 5210 5210 1794 1794 1794 1776 1776 1776 1785 1785
    1776 1776 1794 1794 1843 1843 4708 4708 4708 4708 4708 4708 4708
    4708 4708 4708 4645 4645 4645 4645 4582 4582 4582 4582 4582 1804
    1804 1804 1804 1804 1794 1794 1794 1794 1776 1776 1785 1794 1785
    1785 1794 1794 1833 1833 1959 4774 4774 4708 4708 4708 4708 4708
    4708 4708 4708 4708 4708 4645 4645 4582 4582 4582 4582 1804 1804
    1804 1804 1794 1794 1794 1794 1794 1785 1785 1794 1794 1794 1785
    1785 1794 1804 1804 1959 1959 4774 4708 4708 4708 4708 4708 4708
    4708 4708 4708 4708 4645 4645 4645 4582 4582 4582 1804 1804 1804
    1804 1794 1794 1794 1794 1794 1794 1794 1794 1794 1794 1785 1785
    1794 1804 1823 1936 1947 1947 4774 4708 4708 4708 4708 4708 4708
    4645 4645 4645 4645 4645 4645 4582 4582 4522 1804 1804 1804 1804
    1794 1794 1794 1794 1794 1794 1794 1785 1785 1785 1785 1785 1794
    1804 1813 1936 1947 1947 4708 4708 4708 4708 4708 4708 4708 4645
    4645 4645 4645 4645 4645 4582 4582 4522 1804 1804 1804 1804 1804
    1804 1794 1794 1794 1794 1785 1785 1776 1776 1776 1785 1785 1794
    1813 1947 1947 1947 4708 4708 4708 4708 4708 4708 4708 4645 4645
    4645 4645 4645 4645 4582 4522 4522 1804 1804 1804 1804 1804 1804
    1804 1794 1794 1794 1785 1776 1776 1776 1776 1776 1776 1785 1804
    1804 1813 4708 4708 4708 4708 4708 4708 4708 4708 4645 4645 4645
    4645 4645 4645 4582 4522 4522 1804 1804 1804 1804 1804 1804 1804
    1794 1794 1794 1785 1776 1776 1776 1776 1776 1776 1785 1804 1813
    1813 4708 4708 4708 4708 4708 4708 4708 4708 4645 4645 4645 4645
    4645 4645 4582 4582 4522 1804 1804 1804 1804 1804 1804 1804 1794
    1785 1785 1785 1785 1785 1776 1776 1776 1776 1776 1794 1813 1947
    1947 4708 4708 4708 4708 4708 4708 4708 4645 4645 4645 4645 4645
    4645 4645 4582 4582 1794 1794 1804 1804 1804 1804 1804 1794 1785
    1785 1785 1785 1785 1776 1776 1776 1776 1776 1785 1959 1947 1947
    1947 4708 4708 4708 4708 4645 4645 4645 4645 4645 4645 4582 4582
    4582 4582 4582 1794 1794 1794 1794 1804 1804 1804 1794 1785 1785
    1785 1785 1776 1776 1776 1776 1776 1776 1785 1947 1947 1959 1959
    4708 4708 4708 4708 4645 4645 4645 4645 4645 4645 4582 4582 4582
    4522 4522 1794 1794 1794 1794 1794 1794 1804 1794 1785 1785 1776
    1776 1776 1776 1776 1776 1766 1766 1776 1936 1915 1915 1915 1904
    4708 4708 4708 4645 4645 4708 4645 4645 4645 4582 4582 4582 4522
    4522 1794 1794 1785 1785 1794 1794 1794 1794 1785 1785 1776 1776
    1776 1776 1776 1776 1766 1766 1776 1785 1904 1904 1904 1904 4708
    4708 4708 4645 4645 4708 4645 4645 4645 4582 4582 4582 4522 4522
    1794 1794 1785 1785 1794 1794 1794 1794 1785 1785 1776 1776 1776
    1776 1776 1766 1766 1766 1776 1785 1823 1904 1904 1904 4708 4708
    4708 4708 4708 4645 4645 4645 4645 4645 4645 4582 4522 4522 5210
    1794 1785 1785 1794 1794 1794 1794 1785 1785 1776 1776 1776 1776
    1776 1766 1766 1766 1776 1785 1813 1894 1915 1915 4645 4645 4645
    4645 4645 4645 4645 4645 4645 4645 4645 4645 4582 4522 5210 1794
    1794 1794 1794 1794 1794 1794 1785 1785 1785 1776 1776 1776 1776
    1776 1776 1776 1776 1785 1794 1843 1843 4645 4645 4645 4645 4645
    4645 4645 4645 4645 4645 4645 4645 4645 4645 4582 5210 1804 1804
    1794 1794 1794 1794 1794 1794 1794 1785 1785 1776 1776 1776 1776
    1776 1776 1776 1785 1794 1843 1843 4582 4582 4582 4708 4708 4645
    4645 4645 4645 4645 4645 4645 4645 4645 4645 5210 5210 1804 1804
    1794 1794 1794 1785 1785 1785 1785 1785 1776 1776 1776 1776 1776
    1766 1766 1776 1785 1843 1843 4582 4582 4582 4708 4708 4645 4645
    4645 4645 4645 4645 4645 4645 4645 4645 5210 5210 1804 1804 1794
    1794 1794 1785 1785 1785 1785 1776 1776 1776 1776 1776 1766 1766
    1766 1766 1776 1813 1883 1915 1915 4774 4645 4645 4645 4645 4645
    4645 4645 4645 4645 4645 4645 4582 5210 5210 1804 1804 1804 1794
    1794 1785 1785 1785 1785 1776 1776 1776 1776 1776 1766 1766 1766
    1766 1776 1785 1863 1863 1863 4645 4645 4645 4645 4708 4645 4645
    4645 4645 4645 4645 4582 4582 5132 5132 5132 1804 1804 1794 1794
    1785 1785 1785 1785 1776 1776 1776 1776 1776 1766 1766 1766 1766
    1776 1785 1813 1823 1823 4582 4582 4582 4645 4708 4645 4645 4645
    4645 4645 4645 4582 4582 5132 5132 0 1794 1794 1785 1785 1776 1776
    1776 1776 1776 1776 1776 1776 1776 1766 1766 1766 1766 1766 1766
    1785 1823 1823 4522 4522 4582 4708 4708 4708 4645 4645 4645 4645
    4645 4582 4582 5056 5056 5056 1785 1785 1785 1785 1776 1776 1776
    1776 1776 1776 1776 1776 1776 1776 1766 1766 1766 1766 1766 1776
    1794 1794 4522 4522 4645 4708 4708 4708 4645 4645 4645 4645 4645
    4645 4582 5056 5056 5056 1785 1785 1776 1776 1776 1776 1776 1776
    1776 1776 1776 1776 1776 1776 1766 1766 1766 1766 1766 1776 1776
    1776 4708 4708 4708 4708 4708 4708 4645 4645 4645 4645 4645 4582
    4522 5056 5056 5056 5132 1776 1776 1776 1776 1776 1776 1776 1776
    1776 1776 1776 1776 1776 1766 1766 1766 1766 1766 1776 1776 1823
    1823 4708 4708 4708 4708 4708 4645 4645 4645 4645 4645 4582 4522
    5132 5132 5132 0 1785 1785 1776 1776 1776 1776 1776 1776 1776 1776
    1776 1766 1766 1766 1766 1766 1766 1766 1766 1785 1823 1843 1843
    4645 4645 4708 4708 4645 4645 4645 4645 4582 4582 4582 5132 5132
    5132 5132 1785 1785 1776 1776 1776 1776 1776 1776 1776 1776 1776
    1766 1766 1766 1766 1766 1757 1757 1757 1776 1823 1843 1843 4645
    4645 4708 4708 4645 4645 4645 4645 4582 4582 4582 5132 5132 5210
    5210 1794 1794 1776 1776 1776 1776 1776 1776 1776 1776 1776 1766
    1766 1766 1757 1757 1757 1757 1757 1766 1804 1843 1863 4708 4708
    4708 4708 4645 4645 4645 4645 4582 4582 4582 5132 5056 5056 5056
    1794 1794 1776 1776 1776 1776 1776 1776 1776 1776 1776 1766 1766
    1766 1757 1757 1757 1757 1757 1766 1776 1853 1863 1863 4774 4708
    4708 4645 4645 4645 4645 4582 4582 4582 5132 5056 5056 5056 4983
    1785 1785 1776 1776 1776 1776 1776 1776 1776 1776 1766 1766 1766
    1757 1757 1757 1757 1757 1757 1776 1863 1883 1894 4774 4774 4708
    4708 4708 4645 4582 4582 4582 4582 5132 5056 4983 4983 4983 1804
    1776 1776 1776 1785 1785 1776 1776 1776 1776 1766 1766 1766 1766
    1757 1757 1757 1757 1757 1748 1748 1883 1894 1894 4774 4708 4708
    4708 4645 4582 4582 4582 4582 5132 5056 4983 4983 4983 1804 1804
    1776 1776 1785 1776 1776 1776 1776 1776 1776 1766 1766 1766 1766
    1766 1757 1757 1766 1748 1748 1863 1883 1883 4708 4708 4708 4645
    4645 4582 4582 4582 4645 5132 5056 4983 4983 4983 1804 1804 1785
    1785 1785 1776 1776 1776 1776 1776 1776 1766 1766 1766 1766 1766
    1766 1766 1766 1766 1776 1843 1873 1873 4708 4645 4645 4645 4645
    4645 4645 4645 4645 5132 5056 4983 4983 4983 5056 1776 1776 1776
    1776 1776 1776 1776 1776 1776 1776 1766 1766 1766 1766 1766 1766
    1766 1766 1766 1776 1804 1873 1904 1904 4645 4645 4645 4645 4645
    4645 4645 4645 5132 5132 5056 5056 5056 5056 1776 1776 1776 1776
    1776 1776 1776 1776 1776 1776 1766 1766 1766 1766 1766 1766 1766
    1766 1766 1776 1804 1863 1904 1904 4645 4645 4645 4645 4645 4645
    4645 4645 5210 5132 5056 5056 5056 5210 5210 1776 1776 1776 1776
    1776 1776 1776 1776 1776 1766 1766 1766 1766 1766 1766 1766 1766
    1766 1766 1813 1853 1863 1863 4645 4645 4645 4645 4645 4645 4645
    4645 5210 5210 5132 5132 5132 5210 5291 5291 1776 1776 1776 1776
    1776 1766 1766 1766 1766 1766 1766 1766 1766 1766 1766 1766 1766
    1766 1776 1843 1863 1863 4708 4708 4645 4645 4645 4645 4645 4645
    5210 5210 5132 5132 5132 5210 5291 5291 1776 1776 1776 1766 1766
    1766 1766 1766 1766 1766 1766 1766 1766 1766 1757 1757 1757 1757
    1757 1785 1883 1883 4708 4708 4645 4645 4645 4645 4645 4582 5210
    5210 5132 5132 5132 5210 5210 5210 1776 1776 1776 1766 1766 1766
    1766 1766 1766 1766 1766 1766 1766 1757 1757 1757 1748 1748 1757
