<?xml version="1.0"?>
<opencv_storage>
<Depth2510 type_id="opencv-matrix">
  <rows>35</rows>
  <cols>38</cols>
  <dt>w</dt>
  <data>
    4842 4774 2485 2485 2541 4708 2432 2432 2432 2415 2415 2415 2415
    4522 4522 4522 4582 4582 4582 4522 4522 4522 4582 4582 4522 4463
    4463 4463 4463 4463 4463 4405 4405 4405 4405 4405 4405 4405 4842
    4774 4708 2541 2503 2467 2432 2432 2432 2415 2415 2415 2415 2432
    2450 4522 4522 4522 4582 4582 4582 4582 4582 4582 4522 4463 4463
    4463 4463 4463 4463 4405 4405 4405 4463 4463 4405 4405 4842 4842
    4842 2485 2485 2450 2450 2432 2415 2415 2415 2415 2415 2432 2432
    2432 4522 4522 4582 4582 4582 4582 4582 4582 4522 4463 4463 4463
    4463 4463 4463 4463 4463 4463 4463 4463 4405 4405 4842 2467 2467
    2467 2450 2432 2432 2432 2415 2415 2415 2415 2432 2432 2432 2432
    2450 2467 4582 4582 4582 4582 4582 4582 4522 4522 4522 4522 4522
    4463 4463 4463 4463 4463 4463 4405 4405 4405 4842 2467 2450 2432
    2432 2432 2432 2432 2432 2432 2432 2432 2432 2432 2415 2415 2415
    2415 2450 4582 4582 4582 4582 4582 4582 4522 4522 4522 4463 4463
    4463 4463 4463 4463 4405 4405 4405 4405 2467 2450 2432 2432 2415
    2415 2415 2415 2415 2415 2415 2432 2432 2432 2415 2415 2415 2415
    2432 2432 4582 4582 4582 4582 4582 4582 4582 4522 4463 4463 4463
    4522 4463 4463 4405 4405 4405 4405 2415 2432 2415 2415 2398 2398
    2415 2415 2415 2415 2415 2415 2415 2432 2432 2432 2432 2415 2415
    2415 2415 4582 4582 4582 4582 4582 4582 4522 4522 4522 4522 4522
    4463 4463 4405 4405 4405 4405 2398 2398 2398 2398 2398 2398 2415
    2415 2415 2415 2415 2415 2415 2415 2432 2432 2432 2415 2415 2415
    2415 2415 2415 4582 4582 4582 4582 4582 4582 4522 4522 4522 4463
    4463 4405 4405 4405 4405 2398 2398 2398 2398 2398 2398 2415 2415
    2415 2415 2415 2415 2415 2415 2432 2432 2432 2415 2415 2415 2415
    2415 2415 2415 4582 4582 4582 4582 4582 4582 4522 4522 4463 4463
    4405 4405 4405 4405 2398 2398 2398 2398 2398 2398 2415 2415 2415
    2415 2415 2415 2415 2415 2415 2415 2415 2415 2415 2415 2415 2415
    2415 2415 2415 4522 4522 4522 4522 4522 4522 4582 4522 4463 4463
    4463 4405 4405 2398 2398 2398 2398 2398 2398 2415 2415 2415 2415
    2415 2415 2415 2415 2415 2415 2415 2432 2415 2415 2415 2415 2415
    2398 2398 4522 4463 4463 4522 4522 4522 4582 4582 4522 4522 4522
    4463 4463 4842 2398 2398 2398 2398 2398 2398 2398 2398 2415 2415
    2415 2415 2415 2415 2415 2432 2415 2415 2415 2415 2415 2415 2398
    2398 2398 4463 4463 4522 4522 4522 4582 4582 4582 4522 4522 4463
    4463 4842 2398 2398 2398 2398 2398 2398 2398 2398 2398 2415 2415
    2415 2415 2415 2415 2415 2415 2415 2415 2415 2415 2415 2415 2398
    2398 2415 4522 4522 4522 4522 4522 4582 4582 4522 4522 4522 4522
    4842 4842 2415 2398 2398 2398 2398 2398 2398 2398 2398 2398 2398
    2415 2415 2415 2415 2415 2415 2415 2415 2415 2415 2415 2415 2415
    2415 2415 2415 4522 4522 4522 4582 4582 4522 4522 4522 4522 4842
    4911 4911 2398 2398 2398 2415 2398 2398 2398 2398 2398 2398 2415
    2415 2415 2415 2415 2415 2415 2415 2415 2432 2432 2432 2415 2415
    2415 2415 2415 4582 4522 4522 4582 4582 4522 4522 4522 4842 4911
    4911 4911 2398 2398 2415 2415 2415 2398 2398 2398 2398 2398 2398
    2398 2415 2415 2415 2415 2415 2415 2415 2415 2415 2415 2415 2415
    2415 2415 2415 4522 4522 4582 4582 4582 4582 4582 4911 4911 4911
    4911 4911 4911 2415 2415 2415 2415 2398 2398 2398 2398 2398 2398
    2415 2415 2415 2415 2415 2415 2415 2415 2415 2415 2415 2415 2415
    2415 2415 2415 4522 4582 4582 4582 4582 4582 4911 4911 4911 4911
    4911 4911 4911 2432 2415 2415 2415 2398 2398 2398 2415 2415 2415
    2415 2415 2415 2415 2415 2415 2415 2415 2415 2415 2415 2415 2415
    2415 2415 2415 4582 4582 4582 4582 4582 4983 4911 4911 4911 4911
    4911 4911 2432 2415 2415 2415 2398 2398 2398 2415 2415 2415 2415
    2415 2398 2398 2398 2415 2415 2415 2415 2415 2415 2415 2415 2415
    2415 2415 2415 2415 4582 4582 4582 4983 4983 4911 4911 4983 4983
    4983 4983 2432 2398 2398 2398 2398 2415 2415 2415 2415 2415 2415
    2398 2398 2398 2415 2415 2415 2415 2415 2415 2415 2415 2415 2415
    2415 2415 2415 2415 4582 4582 4983 4983 4983 4983 4983 4983 4983
    4911 4911 2398 2398 2398 2398 2398 2398 2415 2415 2415 2415 2398
    2398 2415 2415 2415 2415 2415 2415 2415 2415 2415 2415 2415 2415
    2415 2415 2415 2415 4582 5056 5056 4983 4983 4911 4911 4911 4911
    4911 4911 2398 2381 2381 2398 2398 2398 2415 2415 2415 2415 2415
    2398 2398 2415 2415 2415 2415 2415 2415 2415 2415 2415 2415 2415
    2415 2415 2415 4582 5056 5056 4983 4983 4911 4911 4911 4911 4911
    4911 4983 2381 2381 2398 2398 2398 2415 2415 2415 2415 2398 2398
    2398 2398 2415 2415 2415 2415 2415 2415 2415 2415 2415 2415 2415
    2415 2415 2432 5056 5056 4983 4983 4983 4983 4983 4911 4911 4911
    4911 2381 2381 2398 2398 2398 2415 2415 2398 2398 2398 2398 2398
    2398 2415 2415 2415 2415 2415 2415 2415 2415 2415 2415 2415 2415
    2432 2432 5056 5132 5056 5056 4983 4983 4983 4983 4983 4983 4911
    4911 4842 2415 2415 2415 2398 2398 2398 2398 2398 2398 2398 2398
    2415 2415 2415 2415 2415 2415 2432 2415 2415 2415 2415 2415 2432
    2415 5132 5132 5056 5056 4983 4983 4983 4983 4983 4983 4983 4911
    4911 4842 4842 4842 2398 2398 2398 2398 2398 2398 2398 2398 2398
    2398 2398 2415 2415 2415 2415 2415 2415 2415 2415 2415 2432 2415
    5132 5132 5056 5056 5056 4983 4983 4983 4983 4983 4983 4983 4911
    4842 4842 4842 2398 2398 2398 2398 2398 2398 2398 2398 2398 2398
    2398 2415 2415 2415 2415 2415 2415 2415 2415 2415 2415 2432 5056
    5056 5056 5056 5056 5056 5056 4983 4983 4983 4983 4983 4983 4911
    4842 4842 2398 2398 2398 2398 2398 2415 2398 2398 2398 2398 2398
    2415 2415 2415 2415 2415 2415 2415 2415 2415 2415 2432 5056 5056
    5056 5056 5056 5056 5056 5056 5056 5056 4983 4983 4983 4911 4911
    4842 4842 4911 2398 2398 2398 2398 2415 2415 2415 2415 2415 2415
    2415 2415 2415 2415 2415 2415 2415 2415 4645 4582 5056 5056 5056
    5056 5056 5056 5056 5056 5056 5056 4983 4983 4983 4911 4911 4911
    4911 4911 4911 2398 2398 2398 2415 2415 2415 2415 2415 2415 2415
    2415 2415 2415 2415 2415 2415 4645 4645 4645 5056 5056 5056 5056
    5056 5056 5056 5056 5056 5056 4983 4983 4983 4911 4911 4911 4911
    4911 4911 4911 2398 2398 2415 2415 2415 2415 2415 2415 2415 2415
    2398 2398 2398 2398 2415 4582 4582 4645 5056 5056 5056 5056 5056
    5056 5056 5056 5056 5056 4983 4983 4983 4911 4911 4911 4911 4911
    4911 4911 4911 2415 2415 2398 2398 2398 2398 2398 2415 2415 2398
    2398 2398 2398 2415 4582 4582 4645 5132 5132 5132 5056 5056 5056
    5056 5056 5056 4983 4983 4983 4983 4983 4983 4911 4911 4911 4911
    4911 4911 4911 2415 2398 2398 2398 2398 2398 2415 2415 2398 2398
    2415 2398 2398 2415 4645 4645 5132 5132 5132 5056 5056 5056 5056
    5056 5056 4983 4983 4983 4983 4983 4983 4983 4983 4911 4911 4911
    4911 4911 4911 2398 2398 2398 2398 2398 2398 2415 2415 2415 2415
    2398 2398 2415 4708 4708 5132 5132 5132 5132 5132 5132 5132 5132
    5132 5056 5056 5056 4983 4983 4983 4983 4983 4911 4911 4911 4911
    4911 4911 4911 2415 2398 2398 2398 2398 2398 2398 2398 2415 2415
    4774 4708 4708 4708</data></Depth2510>
</opencv_storage>
