<?xml version="1.0"?>
<opencv_storage>
<Depth4486 type_id="opencv-matrix">
  <rows>19</rows>
  <cols>8</cols>
  <dt>w</dt>
  <data>
    3539 3539 3539 3539 3539 4522 4522 4522 3468 3468 3503 3576 4522
    4522 4522 4522 3468 3468 3503 4522 4522 4522 4522 4522 3468 3468
    3503 4522 4522 4522 4522 4522 3468 3468 4463 4463 4463 4463 4463
    4522 3433 3468 4405 4405 4405 4463 4463 4463 3433 4405 4405 4405
    4405 4463 4405 4405 4405 4405 4405 4405 4405 4463 4405 4405 4405
    4405 4405 4405 4463 4463 4405 4405 4405 4405 4463 4463 4463 4463
    4463 4463 4463 4463 4463 4463 4463 4463 4522 4522 4463 4463 4463
    4463 4463 4522 4522 4522 4463 4463 4463 4463 4463 4463 4463 4463
    4463 4463 4463 4349 4349 4405 4405 4463 4463 4463 4463 4349 4349
    4405 4405 4463 4463 4463 4463 4463 4463 4463 4463 4522 4522 4522
    4463 4463 4463 4463 4463 4522 4522 4522 4522 4522 4522 4522 4522
    4582 4522 4522 4522 4522 4522 4522 4522 4582</data></Depth4486>
</opencv_storage>
