<?xml version="1.0"?>
<opencv_storage>
<Depth2981 type_id="opencv-matrix">
  <rows>40</rows>
  <cols>17</cols>
  <dt>w</dt>
  <data>
    2467 2467 2467 2467 2467 2467 2467 2485 2485 2503 2485 2485 2485
    2467 2467 4522 4522 2485 2467 2467 2467 2467 2467 2467 2485 2485
    2503 2485 2485 2485 2467 2467 4522 4522 2485 2467 2467 2467 2467
    2467 2467 2467 2467 2485 2485 2485 2485 2467 2467 2485 4522 2467
    2467 2467 2467 2467 2467 2467 2467 2467 2485 2485 2485 2485 2485
    2485 2485 4463 2467 2467 2467 2467 2467 2467 2467 2467 2467 2485
    2485 2485 2485 2485 2485 2485 4463 2485 2467 2467 2467 2467 2467
    2467 2467 2467 2485 2485 2485 2485 2485 2485 2485 4463 2485 2467
    2467 2467 2467 2467 2467 2467 2467 2485 2485 2485 2485 2485 2485
    2485 4463 2485 2467 2467 2467 2467 2467 2467 2467 2467 2485 2485
    2485 2485 2485 2485 2485 4522 2485 2467 2467 2467 2467 2467 2467
    2467 2467 2485 2485 2485 2485 2485 2485 2485 4463 2485 2467 2467
    2467 2467 2467 2467 2467 2467 2485 2485 2485 2485 2485 2485 2485
    4405 2485 2467 2467 2467 2467 2467 2467 2467 2467 2485 2485 2485
    2485 2485 2485 2485 2485 2485 2485 2467 2467 2467 2467 2467 2467
    2467 2485 2485 2485 2485 2485 2485 2485 2485 2485 2467 2467 2467
    2467 2467 2467 2467 2467 2485 2485 2485 2485 2485 2485 2485 2485
    2485 2467 2467 2467 2467 2467 2467 2467 2467 2485 2485 2485 2485
    2485 2485 2485 2485 2485 2467 2467 2467 2467 2467 2467 2467 2467
    2485 2485 2485 2485 2485 2485 2485 2503 2485 2467 2467 2467 2467
    2467 2467 2467 2467 2485 2485 2485 2485 2485 2485 2485 2503 2485
    2485 2485 2467 2467 2467 2467 2467 2467 2485 2485 2485 2485 2485
    2485 2485 2503 2485 2485 2485 2485 2467 2467 2467 2467 2467 2485
    2485 2485 2485 2485 2485 2485 2485 2485 2485 2485 2485 2467 2467
    2467 2467 2467 2485 2485 2485 2485 2485 2485 2467 2467 2485 2485
    2485 2485 2467 2467 2467 2467 2467 2485 2485 2485 2485 2485 2485
    2467 2467 2485 2485 2485 2485 2467 2467 2467 2467 2467 2485 2485
    2485 2485 2485 2485 2485 2485 2485 2485 2485 2485 2485 2485 2485
    2485 2485 2485 2485 2485 2485 2485 2485 2485 2485 2485 2485 2485
    2485 2485 2485 2485 2485 2485 2503 2503 2485 2485 2485 2485 2485
    2485 2485 2485 2485 2485 2485 2485 2485 2485 2485 2503 2503 2485
    2485 2485 2485 2485 2485 2485 2485 2485 2485 2485 2485 2485 2485
    2485 2503 2503 2485 2485 2485 2485 2485 2503 2485 2485 2485 2485
    2485 2485 2485 2485 2485 2503 2503 2503 2485 2485 2485 2485 2503
    2522 2485 2485 2485 2485 2485 2485 2467 2467 2503 2503 2503 2485
    2485 2485 2467 2467 2503 2485 2485 2485 2467 2467 2467 2467 2467
    2485 2485 2503 2503 2485 2485 2467 2467 2503 2485 2485 2485 2467
    2467 2467 2467 2467 2485 2485 2503 2485 2485 2485 2467 2467 4645
    2467 2467 2485 2485 2467 2467 2467 2467 2485 2485 2503 2485 2485
    2485 2485 2503 4645 2467 2467 2485 2485 2467 2467 2467 2467 2485
    2503 2485 2485 2485 2485 2485 2503 4645 2503 2485 2485 2485 2467
    2467 2467 2467 2485 2485 2485 2485 2485 2485 2485 2503 4645 2485
    2485 2485 2485 2467 2467 2467 2467 2485 2485 2485 2485 2485 2485
    2485 2503 4645 2485 2485 2485 2485 2485 2467 2467 2467 2485 2485
    2485 2485 2485 2485 2485 2485 4645 2485 2485 2485 2485 2485 2467
    2467 2467 2485 2485 2485 2485 2485 2485 2485 2485 4645 4645 2485
    2485 2485 2467 2467 2467 2467 2485 2485 2485 2467 2467 2467 2467
    2467 4645 4645 2503 2485 2485 2467 2467 2467 2467 2485 2485 2450
    2432 2432 2415 2415 2467 4645 4645 2503 2485 2467 2467 2467 2467
    2467 2485 2485 2450 2432 2432 2415 2415 4522 4645 4645 4645 2485
    2467 2467 2467 2467 2467 2485 2485 4582 4582 4582 4582 4582 4522
    4645 4645 4645 4645 2485 2467 2467 2467 2485 2485 2485 4582 4582
    4582 4582 4582 4522</data></Depth2981>
</opencv_storage>
