<?xml version="1.0"?>
<opencv_storage>
<Depth1862 type_id="opencv-matrix">
  <rows>6</rows>
  <cols>8</cols>
  <dt>w</dt>
  <data>
    0 5374 0 0 5210 5210 5132 5056 0 0 0 0 5374 5210 5132 5056 0 0 0 0
    5291 5210 5132 5056 0 0 0 0 5291 5210 5132 5056 0 0 0 0 0 5291 5291
    1601 0 0 0 0 0 1601 1601 1601</data></Depth1862>
</opencv_storage>
