<?xml version="1.0"?>
<opencv_storage>
<Depth19695 type_id="opencv-matrix">
  <rows>10</rows>
  <cols>5</cols>
  <dt>w</dt>
  <data>
    6889 6889 7030 7030 7030 6889 6889 7030 6889 6889 6889 6889 7030
    6889 6889 6889 6889 7030 6889 6889 6622 6889 6889 6889 6889 6622
    6889 6889 6753 6753 6889 6753 6753 6622 6622 6889 6753 6753 6622
    6622 6753 6622 6622 6622 6622 6622 6497 6497 6622 6622</data></Depth19695>
</opencv_storage>
