<?xml version="1.0"?>
<opencv_storage>
<Depth4707 type_id="opencv-matrix">
  <rows>25</rows>
  <cols>49</cols>
  <dt>w</dt>
  <data>
    4708 4708 4708 4708 4708 4708 4645 4645 4645 4645 4645 4582 4582
    4645 4645 4645 4582 4582 4582 4582 4582 4522 4522 4463 4463 4463
    4463 4405 4405 1785 1776 1766 1757 1757 1757 1748 1748 1748 1748
    1739 1739 1739 1739 1739 1731 1731 1722 1722 1722 4708 4645 4645
    4645 4645 4645 1823 1823 1833 1833 1833 4582 4582 4645 4645 4645
    4582 4522 1813 1794 1794 1785 1785 1785 1785 1776 1776 1785 1785
    1776 1766 1766 1757 1757 1748 1748 1748 1748 1748 1739 1739 1739
    1739 1739 1731 1722 1722 1722 1713 4708 1833 1833 1833 1823 1823
    1823 1823 1833 1833 1833 1823 1823 1813 1813 1813 1813 1804 1804
    1794 1794 1785 1785 1785 1785 1776 1776 1776 1776 1766 1766 1757
    1757 1757 1748 1748 1748 1748 1748 1739 1739 1731 1731 1731 1722
    1722 1722 1722 1713 1833 1833 1833 1823 1823 1823 1823 1823 1833
    1823 1823 1813 1813 1813 1813 1813 1804 1804 1804 1794 1794 1794
    1785 1785 1785 1776 1776 1776 1776 1766 1766 1757 1757 1757 1748
    1748 1748 1748 1748 1739 1731 1731 1722 1722 1722 1722 1722 1722
    1713 1833 1833 1833 1823 1823 1823 1823 1823 1823 1823 1813 1813
    1813 1813 1813 1813 1804 1794 1794 1785 1785 1785 1785 1785 1776
    1776 1776 1776 1766 1757 1757 1757 1757 1757 1748 1748 1748 1748
    1739 1731 1722 1722 1722 1722 1722 1722 1722 1713 1713 4842 1833
    1833 1823 1823 1823 1823 1823 1823 1823 1813 1813 1804 1804 1804
    1794 1794 1794 1794 1785 1785 1785 1785 1776 1776 1766 1766 1766
    1757 1757 1757 1757 1757 1748 1748 1748 1739 1739 1731 1731 1722
    1722 1722 1722 1722 1722 1713 1713 1713 4774 1823 1823 1823 1823
    1823 1823 1823 1823 1823 1813 1813 1804 1794 1794 1794 1794 1794
    1785 1776 1776 1776 1776 1776 1766 1766 1766 1766 1757 1757 1757
    1757 1748 1748 1748 1748 1739 1739 1731 1731 1722 1722 1722 1722
    1722 1713 1713 1713 1713 4774 1813 1813 1813 1813 1813 1813 1823
    1823 1813 1813 1813 1804 1794 1794 1794 1794 1785 1785 1776 1776
    1776 1776 1776 1766 1766 1766 1757 1757 1748 1748 1748 1748 1748
    1748 1739 1739 1739 1722 1722 1722 1722 1722 1722 1713 1713 1713
    1713 1705 1863 1843 1813 1813 1813 1813 1813 1813 1813 1804 1804
    1804 1794 1794 1794 1785 1785 1785 1785 1776 1776 1776 1776 1776
    1757 1757 1757 1757 1748 1748 1748 1748 1748 1748 1739 1739 1739
    1731 1722 1722 1722 1722 1722 1713 1713 1713 1713 1705 1705 1853
    1833 1823 1823 1813 1813 1813 1813 1804 1804 1804 1804 1794 1794
    1785 1785 1785 1785 1785 1776 1776 1776 1776 1766 1757 1757 1757
    1757 1748 1748 1748 1748 1748 1739 1739 1739 1731 1731 1722 1722
    1722 1722 1713 1713 1713 1713 1705 1705 1696 1853 1833 1823 1823
    1813 1804 1804 1804 1804 1804 1794 1794 1794 1785 1785 1785 1785
    1785 1785 1785 1776 1776 1776 1757 1757 1757 1757 1748 1748 1748
    1748 1748 1739 1739 1731 1731 1722 1722 1722 1722 1722 1722 1713
    1713 1705 1705 1696 1696 1696 1853 1843 1823 1823 1813 1804 1804
    1804 1794 1794 1794 1794 1785 1785 1785 1785 1785 1785 1785 1785
    1776 1766 1766 1757 1757 1757 1757 1748 1748 1748 1748 1739 1739
    1739 1731 1731 1722 1722 1722 1722 1722 1713 1713 1713 1696 1696
    1688 1688 1688 1843 1833 1823 1813 1804 1794 1794 1804 1794 1794
    1794 1794 1785 1785 1785 1785 1785 1785 1785 1776 1766 1766 1757
    1757 1757 1748 1748 1748 1748 1748 1748 1739 1739 1739 1731 1731
    1722 1722 1722 1722 1722 1713 1713 1705 1688 1688 1688 1688 1688
    1843 1823 1823 1813 1804 1794 1794 1804 1794 1794 1794 1794 1785
    1785 1785 1785 1776 1776 1776 1776 1766 1757 1757 1757 1757 1748
    1748 1748 1748 1748 1739 1739 1739 1739 1731 1722 1722 1722 1722
    1722 1722 1713 1713 1705 1688 1688 1688 1688 1688 1843 1813 1813
    1813 1804 1794 1794 1804 1794 1794 1785 1785 1785 1785 1785 1776
    1776 1776 1776 1776 1766 1757 1757 1748 1748 1748 1748 1748 1748
    1748 1739 1739 1739 1739 1731 1722 1722 1722 1722 1722 1722 1713
    1713 1705 1688 1688 1688 1688 1688 4522 1785 1785 1804 1794 1794
    1794 1804 1794 1794 1785 1785 1785 1785 1785 1776 1776 1776 1776
    1776 1766 1757 1757 1748 1748 1748 1748 1748 1748 1748 1748 1739
    1739 1739 1731 1722 1722 1722 1722 1722 1722 1713 1713 1713 1696
    1688 1688 1688 1688 4522 1785 1785 1804 1794 1794 1794 1804 1794
    1794 1794 1794 1785 1785 1785 1776 1776 1776 1776 1776 1766 1766
    1757 1757 1748 1748 1748 1748 1757 1748 1748 1748 1748 1739 1731
    1731 1722 1722 1722 1722 1722 1722 1713 1713 1705 1705 1705 1705
    1705 4463 4463 1804 1804 1804 1804 1804 1813 1804 1794 1794 1794
    1794 1785 1785 1785 1785 1785 1785 1785 1776 1776 1776 1757 1757
    1757 1757 1757 1757 1766 1757 1757 1757 1748 1748 1739 1739 1731
    1731 1731 1731 1731 1731 1731 1722 1722 1722 1722 1722 4463 4463
    1804 1804 1804 1804 1804 1813 1813 1813 1804 1804 1804 1804 1804
    1794 1794 1794 1794 1794 1794 1794 1785 1785 1776 1776 1776 1776
    1776 1776 1766 1766 1766 1757 1757 1757 1748 1748 1748 1748 1748
    1739 1739 1748 1748 1748 1739 1731 1731 4405 4405 4405 1813 1813
    1804 1804 1823 1833 1833 1823 1823 1823 1823 1833 1823 1823 1813
    1813 1813 1813 1813 1804 1804 1804 1794 1794 1794 1794 1785 1785
    1785 1785 1776 1776 1776 1776 1766 1766 1766 1766 1766 1757 1757
    1757 1757 1748 1748 1748 4349 4349 4349 4349 1833 1833 1833 1843
    1843 1843 1843 1843 1843 1853 1853 1853 1843 1833 1833 1823 1823
    1823 1823 1823 1823 1823 1823 1813 1804 1804 1804 1804 1804 1804
    1804 1804 1804 1804 1813 1813 1804 1794 1785 1785 1776 1776 1776
    1776 1776 4349 4349 1981 1981 1981 1947 1863 1863 1863 1863 1873
    1883 1873 1873 1873 1873 1873 1863 1853 1853 1853 1843 1843 1843
    1843 1843 1833 1833 1823 1823 1823 1823 1823 1823 1823 1823 1823
    1823 1823 1823 1823 1823 1813 1813 1813 1804 1804 1804 1794 4349
    4349 1981 1981 1981 1947 1883 1883 1894 1894 1904 1904 1904 1894
    1894 1894 1894 1894 1883 1873 1873 1863 1863 1863 1863 1863 1863
    1853 1853 1853 1843 1843 1843 1853 1853 1853 1853 1853 1843 1833
    1833 1833 1833 1823 1823 1823 1823 1823 1813 4349 4349 4349 4295
    1981 1959 1947 1936 1915 1915 1915 1915 1904 1904 1904 1904 1904
    1904 1904 1904 1894 1883 1883 1883 1883 1883 1883 1883 1883 1883
    1873 1873 1863 1863 1863 1863 1863 1863 1863 1853 1843 1843 1853
    1853 1843 1843 1843 1833 1833 4349 4349 4349 4295 4295 4295 1959
    1959 1947 1926 1926 1936 1915 1915 1915 1915 1915 1915 1915 1915
    1915 1915 1915 1915 1915 4241 1904 1904 1904 1894 1894 1883 1883
    1873 1873 1873 1873 1873 1873 1873 1853 1853 1853 1863 1863 1873
    1873 1853 1843</data></Depth4707>
</opencv_storage>
