<?xml version="1.0"?>
<opencv_storage>
<Depth4182 type_id="opencv-matrix">
  <rows>12</rows>
  <cols>28</cols>
  <dt>w</dt>
  <data>
    5460 5460 5374 5291 5291 5291 5291 5460 6259 6259 6259 6259 6259
    6259 6259 6259 6259 6259 6259 6146 6146 6146 6146 6146 6146 6146
    6146 6146 5460 5460 5374 5291 5291 5291 5291 5374 5460 5460 5548
    5548 5640 5933 5933 6038 6038 6038 6259 6146 6146 6146 6146 6038
    6038 6038 6038 6146 5460 5460 5460 5460 5460 5460 5374 5374 5374
    5374 5460 5460 5460 5548 5548 5548 5640 5640 6259 6259 6259 6259
    6146 5734 5734 5832 5933 6038 5460 5460 5460 5374 5374 5374 5374
    5374 5374 5374 5460 5460 5460 5460 5460 5460 5460 5460 5460 5548
    6259 6259 5291 5291 5291 5374 5734 5933 5548 5460 5460 5374 5374
    5374 5374 5374 5460 5460 5460 5460 5460 5460 5460 5460 5460 5374
    5374 5374 5291 5291 5291 5291 5291 5291 5291 5640 5548 5460 5460
    5374 5374 5374 5374 5460 5460 5460 5460 5460 5460 5460 5460 5460
    5460 5374 5374 5374 5291 5291 5291 5210 5210 5210 5291 5374 0 5548
    5460 5374 5374 5374 5460 5460 5460 5460 5460 5460 5460 5460 5460
    5460 5374 5374 5374 5374 5291 5291 5210 5210 5210 5210 5210 5291
    6259 6375 6375 6375 5460 5460 5460 5548 5548 5460 5460 5374 5374
    5374 5374 5374 5374 5374 5374 5374 5374 5291 5210 5210 5210 5210
    5210 5210 6259 6375 6375 6375 6622 6622 6622 6753 6622 5460 5460
    5374 5374 5374 5374 5374 5374 5374 5374 5460 5460 5374 5210 5210
    5210 5210 5291 5210 6375 6497 6497 6497 6622 6622 6622 6753 6622
    6622 6622 6375 6375 5460 5460 5374 5374 5374 5460 5460 5460 5374
    5291 5291 5291 5291 5291 5210 6375 6497 6497 6622 6622 6622 6622
    6753 6622 6622 6622 6375 6375 6375 6375 5460 5460 5460 5640 5548
    5548 5460 5460 5460 5291 5291 5291 5291 6622 6622 6622 6622 6622
    6622 6622 6753 6622 6497 6497 6375 6375 6375 6375 6375 6497 6497
    6375 5548 5548 5460 5460 5460 5291 5291 5291 5291</data></Depth4182>
</opencv_storage>
