<?xml version="1.0"?>
<opencv_storage>
<Depth15672 type_id="opencv-matrix">
  <rows>42</rows>
  <cols>61</cols>
  <dt>w</dt>
  <data>
    0 0 0 0 0 4139 4139 4139 2212 2170 2170 2184 2170 2170 2143 2143
    4139 4139 4139 4139 4139 4139 4190 4190 4190 4190 4241 4241 4241
    4241 4241 4241 4241 4241 4241 4241 4241 4295 4295 4295 4295 4295
    4295 4295 4295 4349 4349 4405 4405 4405 4405 4463 4463 4463 4463
    4463 4463 4463 4463 4522 4522 0 0 0 0 2103 2156 2156 2156 2156 2156
    2156 2170 2170 2170 2143 2143 2143 4139 4139 4139 4139 4139 4139
    4190 4190 4190 4190 4241 4241 4241 4241 4241 4241 4241 4241 4241
    4241 4295 4295 4295 4295 4295 4295 4295 4295 4349 4349 4405 4405
    4405 4463 4463 4463 4463 4463 4463 4463 4463 4463 4522 4522 0 2103
    2103 2103 2103 2116 2143 2156 2156 2156 2156 2156 2156 2156 2143
    2143 2143 4139 4139 4139 4139 4139 4139 4139 4190 4190 4190 4241
    4241 4241 4241 4241 4241 4241 4241 4241 4241 4295 4295 4295 4295
    4295 4295 4295 4295 4349 4349 4405 4405 4405 4463 4405 4405 4463
    4463 4463 4463 4463 4463 4522 4522 0 2103 2090 2090 2103 2116 2143
    2143 2143 2143 2156 2156 2156 2156 2143 2143 4139 4139 4139 4089
    4089 4139 4139 4139 4190 4190 4190 4241 4241 4241 4241 4241 4241
    4241 4241 4241 4241 4241 4295 4295 4295 4295 4295 4295 4295 4349
    4349 4349 4405 4405 4463 4405 4405 4405 4405 4463 4463 4463 4463
    4522 4522 0 2078 2078 2078 2103 2129 2129 2143 2143 2143 2143 2143
    2156 2156 2156 2156 4139 4139 4139 4089 4089 4089 2116 2116 2129
    2129 2129 4190 4190 4241 4241 4241 4241 4190 4190 4241 4241 4241
    4295 4295 4295 4295 4295 4295 4295 4295 4349 4349 4349 4405 4405
    4405 4405 4405 4405 4463 4463 4522 4522 4522 4522 2116 2129 2078
    2078 2103 2129 2129 2143 2143 2143 2143 2143 2156 2156 2156 2156
    4139 4139 4139 4089 4089 4089 2116 2116 2129 2129 2129 2143 4190
    4241 4241 4241 4241 4190 4190 4241 4241 4241 4295 4295 4295 4295
    4295 4295 4295 4295 4349 4349 4349 4349 4349 4405 4405 4405 4405
    4463 4522 4522 4522 4522 4522 2116 2129 2116 2103 2103 2129 2143
    2129 2129 2129 2129 2129 2156 2156 2156 2212 4139 4139 4139 4089
    4089 4089 2116 2116 2129 2129 2129 2143 4241 4241 4241 4241 4241
    4241 4241 4241 4241 4241 4241 4241 4241 4241 4241 4295 4295 4295
    4349 4349 4349 4349 4349 4405 4349 4349 4405 4405 4463 4522 4463
    4463 4463 2143 2129 2116 2116 2116 2129 2129 2129 2129 2129 2129
    2129 2156 2226 2212 2198 2184 2184 2184 2116 2103 2103 2103 2116
    2116 2129 2129 2143 2143 2143 2143 4241 4241 4241 4241 4241 4190
    4190 4241 4241 4241 4241 4241 4241 4241 4295 4349 4349 4349 4349
    4349 4349 4349 4349 4405 4405 4463 4463 4463 4463 4463 2156 2129
    2116 2116 2116 2116 2129 2129 2129 2129 2129 2143 2241 2241 2241
    2198 2184 2184 2184 2116 2116 2103 2103 2103 2116 2129 2129 2129
    2143 2143 2143 2143 2143 4241 4241 4241 4190 4190 4241 4241 4241
    4241 4241 4241 4241 4295 4349 4349 4349 4349 4349 4349 4349 4349
    4349 4349 4405 4405 4405 4463 4463 2129 2129 2103 2103 2103 2116
    2116 2116 2129 2129 2143 2143 2103 2103 2103 2103 2090 2090 2103
    2103 2103 2103 2103 2103 2116 2116 2116 2116 2116 2116 2129 2129
    2143 2143 2143 4241 4089 4089 4241 4241 4241 4241 4241 4241 4241
    4295 4349 4349 4349 4349 4349 4349 4349 4349 4349 4349 4405 4405
    4405 4463 4463 3859 2116 2090 2090 2090 2103 2116 2116 2129 2129
    2170 2090 2090 2103 2090 2090 2090 2090 2090 2090 2090 2090 2103
    2103 2116 2116 2116 2116 2116 2116 2116 2129 2129 2143 2143 2143
    2143 2143 4241 4241 4241 4241 4241 4241 4241 4295 4349 4349 4349
    4349 4349 4349 4349 4349 4349 4349 4405 4405 4405 4463 4463 3816
    2103 2090 2078 2078 2090 2103 2116 2116 2116 2116 2090 2090 2103
    2090 2090 2090 2090 2090 2090 2090 2090 2103 2103 2116 2116 2116
    2116 2116 2116 2116 2129 2129 2143 2143 2143 2143 2143 2143 2156
    4241 4241 4241 4241 4241 4241 4349 4349 4349 4349 4349 4349 4349
    4349 4349 4349 4405 4405 4405 4463 4463 3816 2103 2090 2078 2078
    2090 2103 2103 2116 2116 2156 2143 2143 2129 2129 2129 2090 2078
    2078 2078 2078 2090 2103 2103 2103 2116 2116 2116 2116 2116 2116
    2129 2129 2129 2129 2129 2143 2143 2143 2156 2170 2170 4190 4190
    4241 4241 4295 4295 4295 4295 4349 4349 4349 4349 4349 4349 4405
    4405 4405 4405 4405 2170 2116 2090 2078 2078 2090 2090 2103 2129
    2129 2156 2143 2143 2143 2143 2103 2090 2078 2078 2078 2078 2090
    2090 2090 2103 2103 2103 2090 2090 2090 2090 2116 2129 2129 2129
    2129 2143 2143 2143 2156 2156 2090 2090 4190 4190 4190 4295 4295
    4295 4295 4349 4349 4349 4349 4349 4349 4349 4405 4405 4405 4405
    2170 2143 2103 2090 2090 2090 2090 2184 2143 2143 2184 2156 2156
    2156 2143 2103 2090 2090 2078 2078 2078 2090 2090 2090 2103 2103
    2103 2090 2090 2090 2090 2116 2116 2129 2129 2129 2129 2143 2143
    2156 2143 2090 2090 2103 4190 4190 4241 4295 4295 4295 4295 4295
    4349 4349 4349 4349 4349 4349 4405 4405 4405 2184 2170 2170 2090
    2090 2090 2090 2184 2184 2184 2184 2184 2184 2156 2143 2129 2090
    2090 2078 2078 2078 2090 2090 2090 2090 2090 2103 2090 2090 2090
    2090 2116 2116 2116 2129 2129 2129 2143 2143 2143 2143 2116 2103
    2103 2129 2129 4241 4241 4241 4295 4295 4295 4349 4349 4349 4349
    4349 4349 4349 4405 4405 2184 2184 2170 2065 2065 2090 2090 3948
    2184 2184 2184 2198 2184 2156 2143 2129 2116 2103 2090 2090 2090
    2090 2090 2090 2090 2090 2090 2103 2103 2103 2103 2116 2116 2116
    2116 2129 2129 2129 2129 2129 2143 2129 2129 2129 2129 2129 2156
    2156 4241 4295 4295 4295 4349 4349 4349 4349 4349 4349 4349 4349
    4405 3859 3859 2170 2065 2065 2090 3903 3948 3948 4041 2198 2184
    2184 2156 2143 2129 2129 2116 2103 2090 2090 2090 2090 2090 2090
    2090 2090 2090 2090 2103 2103 2103 2103 2103 2103 2116 2116 2129
    2129 2129 2129 2129 2129 2129 2170 2170 2156 2156 2156 4349 4349
    4349 4349 4349 4349 4349 4349 4349 4349 4349 4405 3859 3859 3859
    3859 3859 3859 3903 3948 3948 3994 3994 2184 2184 2170 2156 2143
    2143 2129 2116 2103 2090 2090 2090 2090 2090 2090 2090 2090 2090
    2090 2090 2103 2103 2103 2103 2116 2116 2116 2129 2129 2129 2129
    2143 2143 2170 2170 2156 2156 2143 2143 2156 4349 4295 4295 4349
    4349 4349 4349 4349 4349 4349 3859 3859 3859 3859 3859 3859 3903
    3948 3994 3948 3948 3948 3948 2170 2170 2156 2156 2156 2143 2129
    2103 2103 2103 2090 2090 2090 2090 2090 2090 2090 2090 2090 2090
    2090 2090 2103 2116 2116 2129 2129 2129 2129 2129 2143 2156 2156
    2156 2156 2143 2143 2156 2170 2170 2170 4349 4349 4349 4349 4349
    4349 4349 3816 3816 3859 3859 3859 3859 3859 3948 3994 3948 3948
    3903 3903 2184 2170 2156 2156 2170 2156 2156 2143 2116 2116 2090
    2090 2090 2090 2090 2090 2090 2090 2090 2090 2090 2090 2103 2103
    2116 2129 2129 2129 2129 2129 2143 2156 2156 2156 2170 2170 2170
    2170 2170 2170 2170 2198 4405 4295 4295 4349 4349 4349 3816 3816
    3859 3859 3859 3859 3859 3948 3948 3948 3903 3903 3903 2184 2184
    2184 2184 2184 2184 2170 2156 2143 2129 2116 2103 2103 2090 2090
    2090 2090 2090 2090 2090 2090 2090 2103 2103 2103 2116 2129 2129
    2129 2129 2129 2156 2156 2156 2170 2170 2170 2156 2156 2184 2184
    2184 2198 4295 4295 4295 4295 4349 3816 3816 3859 3859 3859 3859
    3859 3948 3948 3948 3903 3903 2226 2198 2198 2184 2184 2184 2198
    2184 2184 2170 2143 2129 2129 2129 2116 2116 2103 2090 2090 2090
    2090 2090 2090 2090 2090 2090 2116 2116 2129 2129 2129 2129 2156
    2156 2156 2156 2156 2156 2156 2156 2184 2170 2170 2184 2184 4295
    4241 4241 4295 3816 3859 3816 3816 3816 3816 3859 3903 3903 3903
    3903 2226 2226 2226 2212 2198 2198 2212 2198 2198 2184 2184 2156
    2143 2143 2143 2129 2129 2116 2103 2103 2103 2103 2090 2090 2090
    2090 2090 2103 2116 2116 2116 2129 2129 2143 2143 2156 2156 2156
    2156 2156 2170 2170 2170 2170 2184 2184 2184 2184 4241 4295 3816
    3816 3816 3816 3816 3816 3859 3903 3903 3903 3903 2226 2226 2226
