<?xml version="1.0"?>
<opencv_storage>
<Depth0041 type_id="opencv-matrix">
  <rows>8</rows>
  <cols>14</cols>
  <dt>w</dt>
  <data>
    7492 7492 7492 7332 7332 7178 7030 6889 6889 6889 6889 6753 6622
    6622 7492 7492 7492 7332 7332 7332 7178 7178 7030 6889 6889 6889
    6622 6622 7660 7660 7492 7492 7332 7332 7332 7178 7178 7030 7030
    6889 6753 6753 7835 7835 7492 7492 7492 7332 7332 7332 7332 7178
    7178 7030 6889 6889 8019 8019 7835 7492 7492 7492 7332 7332 7332
    7178 7178 7030 7030 7030 8019 8019 8019 7835 7492 7492 7332 7332
    7332 7178 7178 7178 7030 7030 8019 8019 8019 8019 7835 7660 7492
    7492 7332 7332 7332 7178 7178 7178 8413 8413 8212 8212 8019 7660
    7492 7492 7332 7332 7332 7178 7178 7178</data></Depth0041>
</opencv_storage>
