<?xml version="1.0"?>
<opencv_storage>
<Depth3040 type_id="opencv-matrix">
  <rows>42</rows>
  <cols>30</cols>
  <dt>w</dt>
  <data>
    5132 5132 2560 2560 2560 2560 4983 4911 4911 4911 2560 2522 2522
    2522 2522 2503 2485 2485 2467 2467 2467 4774 4708 4708 4708 4708
    4708 4708 4708 4708 5056 5132 2560 2560 2560 2560 2579 2560 2560
    2560 2560 2541 2522 2522 2503 2503 2485 2485 2467 2467 2467 2467
    2467 2467 2467 2467 2485 2485 2485 4708 5056 5056 2639 2579 2579
    2579 2579 2560 2560 2522 2522 2522 2503 2503 2485 2485 2485 2467
    2467 2467 2450 2450 2450 2450 2450 2450 2485 2485 2485 4645 5056
    5056 2618 2598 2579 2579 2579 2560 2560 2522 2522 2503 2503 2503
    2485 2485 2485 2467 2467 2467 2450 2450 2450 2450 2450 2450 2467
    2485 2485 2485 5132 5132 2618 2598 2579 2579 2560 2560 2541 2522
    2522 2503 2503 2503 2485 2485 2485 2467 2467 2467 2432 2432 2432
    2432 2450 2450 2467 2467 2485 2485 5132 2598 2598 2598 2579 2579
    2560 2560 2541 2522 2522 2503 2503 2503 2485 2485 2485 2467 2467
    2450 2432 2432 2432 2432 2450 2467 2467 2467 2485 2485 5056 2598
    2598 2579 2579 2579 2560 2560 2541 2541 2522 2522 2503 2503 2485
    2485 2485 2467 2467 2450 2432 2432 2432 2432 2450 2467 2467 2467
    2485 2485 5056 2598 2598 2579 2579 2560 2560 2560 2541 2541 2522
    2503 2503 2503 2485 2467 2467 2467 2467 2450 2432 2432 2432 2432
    2432 2450 2467 2467 2450 2450 5056 2598 2598 2579 2560 2560 2560
    2560 2541 2541 2522 2503 2503 2503 2485 2467 2467 2467 2467 2450
    2432 2432 2432 2432 2432 2450 2467 2467 2450 2450 5056 2618 2598
    2579 2560 2560 2560 2541 2541 2522 2503 2503 2503 2503 2485 2467
    2450 2450 2450 2432 2432 2432 2432 2432 2432 2450 2467 2467 2450
    2450 5056 2598 2598 2579 2560 2560 2560 2541 2503 2503 2503 2503
    2503 2503 2485 2467 2450 2450 2432 2432 2432 2432 2432 2432 2432
    2450 2450 2467 2432 2432 5056 2579 2579 2579 2560 2560 2560 2541
    2503 2503 2503 2503 2503 2485 2485 2467 2450 2450 2432 2432 2432
    2432 2432 2432 2432 2450 2450 2467 2432 2432 5056 2579 2579 2579
    2579 2560 2560 2560 2541 2503 2503 2503 2503 2485 2485 2485 2450
    2450 2432 2432 2432 2432 2432 2432 2432 2432 2450 2467 2450 2450
    5056 2579 2579 2560 2560 2560 2560 2560 2541 2503 2503 2503 2503
    2485 2485 2485 2467 2450 2432 2432 2432 2432 2432 2432 2432 2432
    2450 2450 2450 2450 5056 2579 2579 2560 2560 2560 2560 2560 2541
    2522 2503 2503 2485 2485 2485 2467 2450 2450 2432 2432 2432 2432
    2432 2432 2432 2450 2450 2450 2450 2450 5056 4983 2560 2560 2560
    2560 2560 2541 2522 2503 2503 2503 2485 2485 2467 2467 2450 2432
    2432 2432 2432 2432 2432 2432 2432 2450 2450 2450 2467 2467 4983
    2579 2560 2560 2560 2560 2560 2541 2522 2503 2503 2503 2485 2485
    2467 2467 2450 2432 2432 2432 2432 2432 2432 2432 2432 2450 2450
    2450 2432 2432 4983 2560 2560 2560 2560 2560 2522 2522 2503 2503
    2503 2503 2485 2467 2467 2450 2450 2432 2432 2432 2415 2415 2415
    2432 2432 2432 2432 2450 2415 2415 4983 2560 2560 2560 2560 2541
    2522 2522 2503 2503 2503 2503 2485 2467 2467 2450 2450 2432 2432
    2432 2415 2415 2415 2432 2432 2432 2432 2450 2415 2415 4983 2560
    2560 2560 2560 2541 2522 2503 2503 2503 2503 2503 2485 2467 2450
    2450 2432 2432 2432 2432 2415 2415 2415 2415 2432 2432 2432 2450
    2415 2415 2560 2560 2560 2560 2560 2541 2522 2503 2503 2503 2503
    2485 2467 2450 2450 2450 2432 2432 2432 2415 2415 2415 2415 2415
    2415 2432 2432 2450 2450 2450 2560 2560 2560 2560 2560 2541 2522
    2522 2503 2503 2485 2485 2467 2450 2432 2432 2432 2432 2432 2415
    2415 2415 2415 2415 2415 2432 2432 2432 2432 2432 2579 2579 2579
    2560 2560 2541 2522 2503 2503 2485 2485 2467 2467 2450 2432 2432
    2432 2432 2415 2415 2398 2398 2415 2415 2415 2432 2432 2432 2432
    2432 2579 2579 2560 2560 2541 2541 2522 2503 2503 2485 2485 2467
    2450 2450 2432 2432 2432 2432 2415 2415 2398 2398 2415 2415 2415
    2432 2432 2432 2432 2432 2579 2579 2560 2560 2541 2541 2522 2503
    2503 2485 2485 2467 2450 2450 2432 2432 2432 2432 2415 2415 2415
    2415 2415 2415 2415 2415 2432 2432 2432 2432 2579 2579 2560 2541
    2541 2522 2503 2503 2485 2485 2485 2467 2450 2450 2432 2432 2432
    2415 2415 2415 2415 2415 2415 2415 2415 2415 2432 2432 2432 2432
    2579 2560 2541 2541 2522 2503 2503 2503 2485 2485 2467 2467 2450
    2432 2432 2432 2432 2415 2415 2415 2415 2415 2415 2415 2415 2415
    2432 2432 2432 2432 2467 2541 2522 2522 2522 2503 2503 2503 2485
    2485 2467 2467 2450 2432 2432 2432 2415 2415 2415 2415 2415 2415
    2398 2398 2415 2415 2432 2432 2432 2432 2467 2541 2522 2503 2503
    2503 2503 2485 2485 2485 2467 2450 2450 2432 2432 2415 2415 2415
    2415 2415 2398 2398 2398 2398 2415 2415 2432 2432 2432 2432 2503
    2503 2522 2503 2503 2503 2485 2485 2485 2467 2467 2450 2432 2432
    2432 2415 2415 2415 2415 2398 2398 2398 2398 2398 2415 2415 2432
    2432 2432 2432 2503 2503 2522 2503 2503 2503 2485 2485 2485 2467
    2467 2450 2432 2432 2432 2432 2415 2415 2398 2398 2398 2398 2398
    2398 2415 2415 2432 2432 2415 2415 2522 2522 2522 2503 2503 2503
    2485 2485 2485 2467 2450 2450 2432 2432 2432 2432 2415 2415 2381
    2381 2381 2381 2381 2398 2415 2415 2432 2432 2415 2415 2522 2503
    2503 2503 2503 2503 2503 2485 2485 2467 2450 2432 2432 2432 2432
    2432 2415 2398 2381 2381 2381 2381 2381 2398 2415 2415 2432 2432
    2415 2415 2503 2503 2503 2503 2503 2503 2503 2485 2485 2467 2450
    2432 2432 2432 2432 2415 2415 2398 2381 2381 2381 2381 2381 2398
    2415 2415 2432 2432 2415 2415 2503 2503 2503 2503 2503 2503 2485
    2467 2467 2450 2450 2432 2432 2432 2415 2415 2415 2398 2381 2381
    2381 2381 2381 2398 2415 2415 2415 2432 2432 2432 2485 2485 2503
    2503 2503 2485 2467 2467 2467 2450 2450 2432 2432 2432 2415 2415
    2415 2398 2381 2381 2381 2381 2381 2398 2415 2415 2415 2415 2415
    2415 2485 2485 2503 2503 2503 2485 2467 2450 2432 2432 2432 2432
    2432 2432 2415 2415 2415 2398 2381 2381 2381 2381 2381 2398 2415
    2415 2415 2415 2415 2415 2503 2503 2503 2503 2503 2485 2467 2450
    2432 2432 2415 2415 2415 2415 2415 2415 2415 2398 2381 2381 2381
    2381 2398 2398 2415 2415 2415 2415 2415 2415 4842 2522 2503 2503
    2503 2485 2467 2450 2432 2432 2415 2415 2415 2415 2415 2415 2415
    2398 2381 2381 2381 2381 2381 2398 2415 2415 2415 2432 2432 2432
    4842 4774 2503 2503 2503 2485 2450 2432 2432 2450 2415 2415 2415
    2415 2415 2415 2415 2398 2398 2381 2365 2365 2381 2398 2415 2415
    2415 2432 2432 4405 4842 4774 4774 4708 4708 4708 2450 2432 2432
    2450 2415 2415 2415 2415 2432 2415 2415 2398 2398 2381 2365 2365
    2365 2381 2415 2415 2415 2432 4463 4405 4842 4774 4774 4774 4774
    4708 4708 4708 4645 4645 4645 4645 4645 4645 4645 4645 4645 2398
    2398 2381 2365 2365 2365 2381 2432 4463 4463 4463 4463 4463</data></Depth3040>
</opencv_storage>
