<?xml version="1.0"?>
<opencv_storage>
<Depth5388 type_id="opencv-matrix">
  <rows>75</rows>
  <cols>42</cols>
  <dt>w</dt>
  <data>
    4842 4842 4911 4911 4911 4842 4842 1381 1381 1381 1381 1381 5210
    5210 1370 1370 1365 1365 1365 1370 1392 1410 1427 1427 5548 5548
    5460 5460 5460 5460 5460 5460 5374 5291 5291 5210 5210 5291 5374
    5374 5374 5291 4842 4842 4911 4911 4911 4911 4911 1381 1381 1381
    1376 1370 1370 1370 1370 1370 1365 1365 1365 1370 1387 1392 1427
    1427 5374 5374 5374 5374 5460 5460 5460 5460 5374 5291 5291 5210
    5210 5291 5374 5374 5374 5291 4911 4911 4911 4911 4911 4983 1376
    1376 1376 1376 1376 1370 1370 1370 1370 1370 1370 1365 1365 1370
    1370 1387 1387 1387 5374 5374 5374 5374 5374 5460 5460 5374 5291
    5291 5210 5210 5210 5291 5291 5291 5291 5291 1376 1376 1376 1370
    1370 1365 1365 1365 1365 1370 1370 1370 1370 1370 1370 1370 1370
    1370 1370 1370 1370 1376 1376 1392 5374 5374 5374 5374 5374 5374
    5374 5291 5210 5210 5210 5210 5210 5291 5291 5291 5291 5291 1376
    1376 1370 1370 1370 1365 1365 1365 1365 1370 1370 1370 1370 1370
    1370 1365 1365 1370 1370 1370 1370 1376 1392 1392 1398 1483 5374
    5374 5374 5374 5374 5291 5210 5210 5210 5210 5291 5291 5291 5291
    5374 5291 1376 1376 1370 1370 1370 1365 1365 1365 1365 1370 1370
    1370 1370 1370 1365 1365 1365 1365 1370 1370 1376 1387 1392 1398
    1398 1483 1483 5374 5374 5374 5374 5374 5291 5210 5210 5210 5291
    5291 5291 5291 5374 5374 1370 1370 1370 1365 1365 1365 1365 1365
    1365 1370 1370 1370 1370 1365 1365 1365 1365 1365 1370 1370 1376
    1387 1392 1398 1398 1483 1483 1483 5460 5460 5460 5374 5291 5210
    5210 5291 5291 5291 5291 5374 5374 5291 1370 1370 1365 1365 1365
    1365 1365 1365 1370 1370 1370 1370 1370 1365 1365 1365 1365 1365
    1370 1370 1376 1387 1392 1398 1427 1470 1483 1489 1489 5460 5460
    5460 5374 5374 5374 5291 5291 5291 5291 5374 5374 5291 1365 1365
    1365 1365 1365 1365 1365 1365 1370 1365 1365 1365 1365 1365 1365
    1365 1365 1365 1370 1370 1370 1381 1398 1410 1427 1458 1483 1489
    1503 1503 5548 5548 5460 5460 5460 5374 5374 5374 5374 5374 5374
    5374 1365 1365 1365 1365 1365 1365 1365 1365 1365 1365 1365 1365
    1365 1365 1365 1365 1365 1365 1365 1365 1370 1381 1398 1404 1415
    1439 1483 1489 1496 1496 1523 5548 5548 5460 5460 5460 5374 5374
    5374 5374 5374 5374 1359 1365 1365 1370 1365 1365 1365 1365 1365
    1365 1365 1365 1365 1365 1365 1365 1365 1365 1365 1365 1365 1381
    1392 1398 1410 1433 1477 1483 1496 1509 1523 1523 1523 5548 5460
    5460 5460 5460 5460 5374 5374 5291 1359 1365 1365 1370 1365 1359
    1359 1359 1365 1365 1365 1365 1365 1365 1365 1359 1359 1359 1359
    1359 1359 1370 1381 1398 1410 1427 1477 1483 1496 1509 1523 1523
    1523 5460 5460 5460 5460 5374 5374 5374 5374 5291 1359 1365 1365
    1365 1365 1359 1359 1359 1365 1365 1365 1365 1365 1365 1359 1354
    1354 1354 1359 1359 1359 1365 1376 1398 1404 1421 1445 1477 1489
    1509 1523 1523 1523 5460 5460 5460 5460 5374 5374 5291 5291 5291
    1359 1365 1365 1365 1365 1359 1359 1359 1365 1365 1365 1365 1365
    1365 1359 1354 1354 1354 1359 1359 1365 1365 1376 1392 1404 1421
    1439 1470 1489 1509 1523 1529 1550 1550 5460 5460 5374 5374 5374
    5291 5291 5291 1359 1359 1365 1365 1365 1359 1359 1359 1365 1365
    1365 1365 1365 1359 1359 1354 1354 1359 1359 1359 1365 1365 1370
    1387 1410 1433 1433 1464 1483 1503 1523 1536 1543 1550 1550 5374
    5374 5374 5374 5374 5374 5291 1359 1359 1365 1365 1365 1359 1359
    1359 1365 1365 1359 1359 1365 1359 1359 1354 1354 1359 1359 1359
    1359 1365 1370 1381 1415 1427 1427 1439 1470 1503 1523 1536 1543
    1550 1550 5374 5374 5374 5374 5374 5374 5374 1359 1359 1359 1365
    1359 1359 1359 1359 1365 1365 1359 1359 1359 1354 1354 1359 1359
    1359 1354 1354 1359 1359 1370 1381 1410 1427 1427 1439 1464 1503
    1516 1536 1536 1536 1557 5374 5374 5374 5374 5374 5374 5374 1359
    1359 1359 1365 1359 1359 1359 1359 1365 1365 1359 1359 1359 1354
    1354 1354 1354 1354 1354 1354 1354 1359 1365 1381 1404 1421 1421
    1433 1464 1509 1509 1536 1536 1557 1557 0 5374 5374 5374 5374 5291
    5291 1359 1359 1365 1365 1359 1359 1359 1359 1365 1365 1359 1359
    1359 1354 1354 1354 1354 1354 1349 1349 1354 1365 1365 1381 1404
    1421 1421 1427 1483 1503 1503 1529 1536 1557 1557 0 5374 5374 5374
    5291 5291 5291 0 1365 1365 1359 1359 1359 1359 1359 1365 1365 1359
    1359 1354 1354 1354 1354 1354 1354 1349 1349 1354 1359 1359 1381
    1398 1421 1421 1427 1464 1496 1496 1529 1536 1550 1550 0 5460 5460
    5374 5291 5291 5210 0 1365 1365 1359 1359 1354 1354 1359 1359 1359
    1359 1359 1354 1354 1354 1349 1349 1349 1349 1349 1354 1354 1359
    1381 1398 1410 1421 1427 1464 1489 1496 1516 1529 1550 1550 0 5460
    5460 5374 5291 5210 5210 0 1359 1359 1354 1354 1354 1354 1354 1359
    1359 1354 1354 1354 1354 1354 1349 1349 1349 1349 1349 1354 1354
    1359 1381 1392 1410 1421 1421 1470 1483 1503 1503 1529 1550 1550 0
    5460 5460 5374 5291 5210 5210 0 1354 1354 1354 1354 1354 1354 1354
    1359 1359 1354 1354 1354 1354 1354 1354 1349 1349 1349 1349 1349
    1354 1354 1370 1392 1404 1415 1421 1464 1477 1489 1503 1543 1550
    1550 1557 5548 5548 5374 5291 5210 5210 0 1354 1349 1349 1349 1354
    1359 1359 1359 1354 1354 1354 1354 1354 1354 1354 1349 1349 1349
    1349 1349 1354 1354 1370 1387 1398 1410 1427 1464 1477 1489 1529
    1536 1550 1557 1557 5548 5548 5291 5291 5291 5210 0 1354 1349 1349
    1349 1354 1359 1359 1359 1354 1354 1354 1354 1354 1354 1354 1349
    1349 1349 1349 1349 1349 1359 1365 1387 1398 1404 1421 1458 1470
    1489 1523 1536 1550 1557 1557 0 5291 5291 5291 5291 5291 0 1354 1349
    1349 1349 1354 1359 1359 1359 1354 1354 1354 1354 1354 1354 1354
    1349 1343 1343 1343 1343 1343 1359 1359 1381 1392 1404 1421 1452
    1464 1483 1523 1536 1550 1550 1564 0 5291 5291 5291 5291 5291 0 1354
    1349 1349 1354 1354 1354 1354 1354 1354 1354 1354 1354 1354 1354
    1354 1349 1343 1343 1343 1343 1343 1354 1359 1381 1392 1398 1421
    1452 1464 1483 1509 1529 1543 1550 1564 0 5291 5291 5291 5291 5291 0
    0 1359 1354 1354 1354 1354 1354 1354 1349 1349 1349 1349 1349 1349
    1349 1349 1343 1343 1343 1343 1343 1354 1354 1370 1381 1392 1421
    1452 1458 1464 1489 1529 1543 1550 1557 1557 5291 5291 5291 5291
    5291 0 0 1359 1359 1354 1354 1349 1349 1349 1349 1349 1349 1349 1349
    1349 1349 1349 1343 1343 1343 1343 1343 1349 1349 1370 1376 1392
    1421 1439 1452 1458 1464 1529 1550 1550 1557 1557 0 5291 5291 5291
    5291 0 0 1359 1359 1349 1349 1349 1349 1349 1349 1349 1349 1349 1349
    1349 1349 1349 1343 1343 1343 1343 1343 1343 1349 1359 1370 1387
    1410 1439 1452 1458 1464 1509 1543 1550 1557 1557 0 5291 5291 5291
    5291 0 1365 1365 1354 1349 1343 1343 1343 1349 1349 1349 1349 1349
    1349 1349 1349 1349 1349 1343 1343 1343 1343 1343 1349 1354 1370
    1387 1398 1439 1458 1464 1470 1496 1516 1543 1550 1550 0 5210 5210
    5210 5210 0 0 0 1343 1343 1343 1343 1343 1349 1349 1349 1349 1349
    1349 1349 1349 1349 1343 1343 1343 1343 1343 1343 1349 1349 1370
    1381 1387 1445 1458 1464 1470 1496 1516 1536 1536 1536 1564 5210
    5210 5210 5210 0 0 0 1343 1343 1343 1343 1343 1349 1349 1343 1343
    1349 1349 1343 1343 1343 1343 1343 1343 1343 1343 1343 1349 1349
    1359 1376 1376 1439 1458 1458 1470 1489 1509 1529 1536 1564 1564
    5832 5291 5291 5291 0 0 0 1343 1343 1343 1343 1343 1349 1349 1343
    1343 1343 1343 1343 1343 1343 1343 1343 1343 1343 1343 1343 1343
    1349 1359 1370 1376 1392 1452 1452 1464 1470 1503 1523 1536 1564
    1564 5832 5832 5291 5291 0 0 0 1343 1343 1343 1343 1343 1349 1349
    1343 1343 1343 1343 1343 1343 1343 1343 1343 1343 1343 1343 1343
    1343 1349 1359 1370 1376 1387 1439 1452 1458 1464 1496 1516 1536
    1550 1550 5832 5832 5374 5374 0 0 0 1343 1343 1343 1343 1343 1349
    1349 1343 1343 1343 1343 1343 1343 1343 1343 1343 1343 1343 1343
    1343 1343 1349 1354 1370 1376 1387 1427 1445 1458 1464 1489 1509
