<?xml version="1.0"?>
<opencv_storage>
<Depth0427 type_id="opencv-matrix">
  <rows>23</rows>
  <cols>16</cols>
  <dt>w</dt>
  <data>
    1632 4645 4645 4582 4522 4522 4522 4708 4842 0 0 0 0 0 0 0 4708 4645
    4582 4582 4522 4522 4582 4645 4774 0 0 0 0 0 0 0 4645 4582 4582 4522
    4463 4463 4463 4463 4522 0 0 0 0 0 0 0 4645 4582 4522 4522 4463 4463
    4463 4463 4463 0 0 0 0 0 0 0 4645 4582 4522 4463 4463 4463 4463 4463
    4463 0 0 0 0 0 0 0 4522 4522 4522 4463 4463 4463 4463 4463 4463 4463
    0 0 0 0 0 0 4522 4522 4463 4463 4463 4463 4463 4463 4463 4463 0 0 0
    0 0 0 5374 5374 4463 4463 4463 4463 4463 4463 4463 4463 0 0 0 0 0 0
    5374 5374 5374 4463 4463 4463 4463 4463 4463 4463 4295 4295 0 0 0 0
    5460 5460 5460 4463 4463 4463 4463 4463 4463 4463 4295 4295 0 0 0 0
    5460 5460 5460 4522 4463 4463 4463 4463 4463 4463 4405 4405 4405 0 0
    0 5460 5460 5460 4645 4522 4463 4463 4463 4463 4463 4463 4405 4405
    4463 0 0 5374 5374 5460 5291 4522 4463 4463 4463 4463 4463 4463 4405
    4405 4405 0 0 5291 5291 5460 5460 4522 4463 4463 4463 4463 4463 4463
    4405 4405 4405 4708 0 5291 5291 5291 5374 5374 4463 4463 4463 4463
    4463 4463 4463 4463 4463 4708 0 5291 5291 5291 5291 5291 5291 4463
    4463 4463 4463 4463 4463 4463 4522 0 0 5291 5291 5291 5291 5291 5291
    4463 4463 4405 4405 4405 4463 4463 4463 4463 0 5291 5291 5291 5291
    5291 5291 5210 4463 4405 4405 4405 4405 4463 4405 4349 4349 5291
    5291 5291 5291 5291 5291 4983 4463 4463 4463 4405 4405 4463 4405
    4349 4349 5291 5291 5291 5291 5291 5291 4983 4645 4463 4463 4463
    4463 4522 4463 4405 4349 5291 5291 5291 5291 5291 5291 5210 5210
    4463 4463 4463 4463 4463 4463 4349 4349 5291 5291 5291 5291 5291
    5291 5210 5210 4522 4463 4463 4522 4463 4463 4349 4349 5291 5291
    5291 5291 5291 5291 5291 5291 5291 4463 4463 4463 4463 4405 4295
    4295</data></Depth0427>
</opencv_storage>
