<?xml version="1.0"?>
<opencv_storage>
<Depth5803 type_id="opencv-matrix">
  <rows>61</rows>
  <cols>41</cols>
  <dt>w</dt>
  <data>
    5210 5210 5210 5210 5210 5210 5210 5291 5291 1731 1731 1722 1713
    1713 1731 1731 1731 1739 1757 5460 5460 5374 5374 5460 5460 5548
    5640 5640 5640 5640 5640 5640 5640 5832 5734 5734 5640 5640 5640
    5640 5640 5132 5132 5132 5132 5132 4983 4983 4983 1766 1748 1731
    1731 1722 1722 1722 1731 1731 1731 1739 1757 1766 1766 5374 5460
    5460 5548 5548 5548 5548 5640 5640 5640 5640 5832 5734 5734 5640
    5640 5640 5640 5640 5132 5132 5056 4911 4911 4911 4911 1766 1748
    1731 1722 1722 1722 1722 1722 1731 1731 1731 1739 1748 1757 1757
    1776 1766 1766 1785 1785 5548 5548 5640 5640 5640 5640 5640 5640
    5640 5640 5640 5640 5640 5640 5132 5132 5056 4911 4911 4911 1766
    1766 1748 1731 1722 1722 1722 1722 1722 1722 1731 1739 1739 1748
    1757 1757 1766 1766 1766 1776 1785 1794 1804 5640 5640 5640 5640
    5640 5640 5640 5640 5640 5640 5640 5640 5132 5132 4911 4911 1794
    1785 1766 1766 1739 1739 1731 1722 1722 1722 1722 1722 1731 1731
    1739 1748 1748 1757 1766 1766 1766 1776 1785 1785 1794 1813 5933
    5734 5734 5640 5640 5640 5640 5640 5640 5640 5548 5132 1794 1794
    1794 1794 1785 1776 1748 1739 1731 1731 1722 1713 1713 1722 1722
    1722 1731 1739 1748 1748 1748 1757 1766 1766 1776 1785 1785 1794
    1804 1813 1813 5734 5640 5640 5640 5640 5548 5548 5640 5548 5132
    1794 1794 1794 1794 1776 1766 1748 1739 1731 1731 1722 1713 1713
    1713 1713 1722 1731 1731 1739 1739 1748 1757 1766 1766 1776 1785
    1785 1794 1804 1813 1813 1823 1823 1823 1843 5734 5548 5548 5640
    5640 5210 1794 1794 1794 1794 1776 1766 1748 1739 1731 1731 1722
    1705 1705 1713 1713 1722 1722 1731 1731 1739 1748 1757 1766 1766
    1776 1776 1776 1785 1794 1813 1813 1813 1823 1823 1843 1843 1863
    5640 5640 5640 5210 1794 1794 1794 1794 1776 1766 1739 1731 1731
    1722 1713 1705 1705 1713 1713 1722 1722 1722 1731 1731 1748 1757
    1766 1766 1766 1776 1776 1785 1794 1813 1813 1813 1823 1833 1843
    1843 1853 1853 1863 1863 5210 1794 1794 1785 1785 1776 1766 1739
    1731 1731 1722 1705 1696 1696 1705 1705 1722 1722 1722 1731 1731
    1748 1757 1766 1766 1766 1776 1776 1785 1794 1813 1813 1813 1823
    1833 1843 1853 1853 1853 1843 1843 4983 1794 1794 1785 1776 1766
    1748 1739 1731 1731 1722 1705 1696 1696 1705 1705 1713 1722 1722
    1722 1731 1731 1748 1757 1766 1766 1776 1776 1785 1794 1804 1813
    1813 1823 1823 1833 1843 1843 1843 1843 1843 4911 4911 1766 1766
    1766 1766 1748 1731 1731 1722 1713 1696 1696 1696 1696 1705 1713
    1722 1722 1722 1731 1731 1748 1757 1766 1766 1776 1776 1776 1804
    1804 1813 1813 1813 1823 1833 1833 1843 1843 1843 1843 4911 0 1766
    1766 1766 1766 1739 1731 1731 1722 1713 1696 1696 1696 1696 1696
    1713 1722 1722 1722 1731 1731 1739 1757 1757 1766 1766 1776 1776
    1785 1794 1804 1813 1813 1813 1823 1833 1833 1833 1833 1843 4983 0
    1766 1766 1766 1748 1739 1731 1731 1722 1705 1696 1696 1696 1696
    1696 1713 1713 1722 1722 1722 1731 1739 1748 1757 1766 1766 1776
    1776 1785 1794 1804 1813 1813 1813 1813 1823 1823 1823 1823 1823
    4911 0 1766 1766 1766 1748 1731 1722 1713 1705 1696 1696 1688 1688
    1696 1696 1705 1705 1722 1722 1722 1731 1739 1748 1766 1766 1766
    1776 1776 1785 1794 1804 1813 1813 1813 1813 1823 1823 1823 1823
    1823 4911 0 1766 1766 1766 1739 1731 1722 1713 1705 1696 1696 1688
    1688 1696 1696 1696 1705 1713 1722 1722 1731 1739 1748 1757 1757
    1766 1766 1766 1776 1794 1804 1804 1804 1813 1813 1823 1823 1823
    1823 1823 4911 0 1766 1766 1748 1739 1731 1722 1713 1696 1696 1696
    1696 1688 1688 1696 1696 1705 1705 1713 1722 1722 1739 1748 1757
    1757 1766 1766 1766 1776 1794 1804 1804 1804 1813 1813 1813 1813
    1813 1813 1813 4911 0 1766 1766 1748 1739 1731 1722 1713 1696 1696
    1696 1696 1688 1688 1696 1696 1696 1705 1713 1722 1722 1739 1748
    1757 1757 1757 1766 1766 1776 1785 1794 1804 1804 1813 1813 1813
    1813 1813 1813 1813 4911 1766 1766 1766 1739 1731 1731 1722 1713
    1713 1696 1696 1696 1688 1688 1696 1696 1696 1705 1713 1722 1722
    1739 1739 1748 1757 1757 1766 1766 1776 1785 1794 1794 1804 1813
    1813 1813 1813 1813 1813 1813 4911 1766 1766 1748 1739 1731 1722
    1722 1713 1705 1696 1696 1688 1688 1688 1696 1696 1696 1696 1705
    1713 1722 1739 1739 1739 1748 1757 1766 1766 1776 1785 1785 1785
    1794 1804 1813 1813 1813 1813 1813 1813 4842 1766 1766 1748 1739
    1731 1722 1713 1713 1705 1696 1688 1688 1688 1688 1688 1696 1696
    1696 1705 1713 1722 1739 1739 1739 1748 1757 1766 1766 1776 1776
    1785 1785 1794 1804 1804 1813 1813 1813 1813 1813 4842 1731 1731
    1731 1731 1722 1722 1713 1705 1696 1696 1688 1688 1688 1688 1688
    1696 1696 1696 1705 1713 1731 1739 1739 1739 1748 1748 1757 1766
    1766 1776 1785 1785 1794 1804 1804 1804 1804 1813 1813 1813 4911
    1731 1731 1731 1731 1722 1722 1713 1705 1696 1688 1688 1680 1680
    1688 1688 1688 1688 1696 1705 1713 1731 1731 1739 1739 1739 1748
    1757 1766 1766 1776 1785 1785 1794 1794 1804 1804 1804 1813 1813
    1813 4911 1739 1739 1739 1731 1722 1722 1705 1696 1688 1688 1680
    1680 1680 1680 1680 1688 1688 1696 1696 1705 1731 1731 1739 1739
    1739 1748 1748 1757 1766 1766 1776 1785 1794 1794 1804 1804 1804
    1804 1813 1813 4911 1739 1739 1731 1722 1722 1713 1696 1696 1688
    1680 1671 1671 1671 1680 1680 1680 1688 1688 1696 1705 1722 1731
    1731 1739 1739 1739 1748 1748 1757 1766 1776 1785 1785 1794 1804
    1804 1804 1804 1804 1804 1739 1739 1739 1731 1722 1722 1713 1696
    1696 1688 1680 1671 1663 1663 1671 1680 1680 1680 1688 1696 1705
    1722 1731 1731 1739 1739 1739 1748 1748 1757 1766 1776 1776 1785
    1794 1804 1804 1804 1804 1804 1804 1722 1722 1722 1731 1722 1722
    1705 1696 1696 1688 1671 1663 1663 1663 1663 1671 1680 1680 1688
    1696 1705 1722 1722 1731 1731 1739 1739 1739 1739 1748 1757 1766
    1776 1785 1785 1804 1804 1804 1804 1804 1804 1713 1713 1713 1731
    1722 1713 1696 1696 1688 1680 1663 1663 1663 1663 1663 1671 1671
    1680 1688 1688 1705 1713 1713 1722 1731 1739 1739 1739 1739 1748
    1748 1766 1776 1785 1785 1794 1794 1804 1804 1804 1804 1713 1713
    1713 1722 1713 1713 1696 1696 1688 1680 1663 1663 1663 1663 1663
    1671 1671 1680 1688 1688 1696 1713 1713 1722 1722 1731 1731 1739
    1739 1748 1748 1766 1776 1776 1776 1785 1794 1804 1804 1804 1804
    1722 1722 1722 1722 1713 1705 1696 1688 1688 1680 1663 1663 1655
    1655 1663 1671 1671 1680 1680 1688 1696 1705 1722 1722 1722 1731
    1731 1739 1739 1748 1757 1766 1766 1776 1776 1785 1794 1804 1804
    1804 1804 1722 1722 1722 1722 1705 1705 1696 1688 1688 1680 1663
    1663 1655 1655 1663 1663 1671 1680 1680 1688 1696 1705 1713 1722
    1731 1731 1739 1739 1739 1748 1757 1766 1766 1776 1776 1785 1794
    1804 1804 1804 1804 1722 1722 1722 1713 1705 1696 1696 1688 1680
    1671 1663 1663 1663 1663 1663 1663 1671 1680 1680 1688 1688 1705
    1713 1722 1731 1731 1731 1739 1739 1748 1757 1766 1766 1766 1776
    1776 1785 1794 1804 1804 1804 1731 1731 1722 1713 1696 1696 1688
    1680 1671 1663 1655 1655 1655 1655 1655 1663 1671 1671 1671 1688
    1688 1705 1705 1713 1731 1731 1731 1731 1739 1739 1757 1757 1766
    1766 1776 1776 1785 1785 1794 1794 1804 1722 1722 1722 1713 1696
    1696 1688 1680 1671 1663 1655 1647 1647 1655 1655 1655 1663 1663
    1671 1688 1688 1705 1705 1713 1722 1731 1731 1731 1731 1739 1748
    1757 1766 1766 1766 1776 1776 1785 1794 1794 1794 1722 1722 1722
    1705 1696 1688 1688 1680 1663 1655 1647 1647 1647 1647 1655 1655
    1663 1663 1663 1688 1688 1696 1696 1705 1722 1722 1731 1731 1731
    1739 1748 1757 1766 1766 1766 1776 1776 1776 1785 1785 1785 1731
    1731 1713 1705 1696 1688 1688 1680 1663 1655 1647 1639 1639 1647
    1655 1655 1663 1663 1663 1680 1688 1696 1696 1705 1722 1722 1722
    1722 1731 1739 1748 1757 1766 1766 1766 1776 1776 1776 1776 1757
