<?xml version="1.0"?>
<opencv_storage>
<Depth8997 type_id="opencv-matrix">
  <rows>36</rows>
  <cols>16</cols>
  <dt>w</dt>
  <data>
    3653 3653 3576 3576 3576 3576 0 0 3614 3614 3653 3692 3692 3692 3774
    7492 3653 3653 3614 3614 3576 3576 3614 3614 3614 3614 3653 3692
    3732 3774 3774 7492 3653 3653 3614 3614 3614 3614 3614 3614 3614
    3614 3614 3653 3732 3732 3774 7492 3653 3653 3614 3614 3614 3614
    3614 3614 3614 3614 3614 3653 3692 3732 3774 7492 3653 3653 3653
    3614 3614 3614 3614 3614 3614 3614 3614 3653 3692 3732 3774 7492
    3653 3653 3614 3614 3614 3614 3614 3614 3614 3614 3614 3653 3692
    3732 3774 7492 3653 3653 3614 3614 3614 3614 3614 3614 3614 3614
    3614 3653 3692 3774 3774 7332 3653 3653 3614 3614 3614 3614 3614
    3614 3614 3614 3614 3653 3692 3774 7332 7332 3653 3653 3614 3614
    3614 3614 3614 3614 3614 3614 3614 3653 3692 3732 7332 7332 3653
    3653 3614 3614 3576 3576 3576 3576 3614 3614 3653 3653 3692 3732
    7332 7332 3653 3653 3614 3614 3576 3576 3576 3576 3614 3614 3653
    3653 3692 3732 7492 7492 3692 3653 3614 3614 3576 3576 3576 3614
    3614 3614 3653 3653 3692 3732 3816 7492 3692 3653 3614 3614 3614
    3614 3614 3614 3614 3614 3653 3732 3732 3732 3774 7492 3692 3653
    3653 3614 3614 3614 3614 3614 3614 3614 3653 3692 3732 3774 3774
    7492 3692 3692 3653 3653 3653 3614 3614 3614 3614 3614 3653 3692
    3732 3774 3774 7660 0 3653 3653 3653 3653 3614 3614 3614 3614 3614
    3653 3692 3732 3774 3774 7660 0 3653 3653 3653 3653 3614 3614 3614
    3614 3614 3653 3692 3732 3774 8212 7835 3653 3653 3653 3653 3653
    3614 3614 3614 3614 3614 3653 3692 3692 3732 8212 8019 3653 3653
    3653 3653 3653 3614 3614 3614 3614 3614 3653 3692 3692 3732 3774
    8019 3653 3653 3653 3653 3653 3614 3614 3614 3614 3614 3653 3692
    3692 3732 3732 8019 3692 3653 3653 3653 3653 3653 3653 3614 3614
    3614 3653 3692 3692 3732 3732 8019 3692 3653 3653 3653 3653 3653
    3614 3614 3614 3614 3653 3732 3732 3732 8626 8019 3653 3653 3653
    3653 3653 3653 3614 3614 3614 3614 3653 3732 3732 3732 8626 8019
    3653 3653 3653 3653 3653 3614 3614 3614 3614 3614 3653 3732 3732
    3732 8849 8212 3653 3653 3653 3653 3653 3614 3614 3614 3614 3653
    3653 3692 3692 3774 8849 8413 3614 3614 3614 3653 3653 3653 3614
    3614 3614 3614 3653 3692 3692 3774 8849 8626 3539 3539 3576 3614
    3614 3653 3653 3614 3614 3614 3653 3653 8849 8849 8849 8849 3539
    3539 3576 3614 3614 3653 3653 3614 3614 3614 3653 3653 8413 8413
    8849 8849 0 3576 3576 3614 3653 3732 3653 3653 3614 3614 3653 3653
    8413 8413 8849 8849 0 0 0 3816 3774 3774 3653 3653 3653 3653 3653
    3653 3653 8626 8849 9084 0 0 0 3774 3774 3774 3732 3653 3653 3653
    3653 3653 3653 8849 8849 9084 0 0 3774 3774 3732 3732 3732 3653 3653
    3653 3653 3653 3653 3653 8626 8626 0 3816 3774 3774 3732 3732 3732
    3653 3653 3653 3653 3653 3653 3653 8212 8413 0 3774 3774 3732 3732
    3732 3692 3653 3653 3653 3653 3653 3653 8212 8212 8212 0 3774 3774
    3732 3692 3653 3653 3653 3653 3653 3653 3653 3653 8212 8212 8212 0 0
    0 3732 3692 3653 3653 3653 3653 3653 3692 3692 8413 8212 8212 8212</data></Depth8997>
</opencv_storage>
