<?xml version="1.0"?>
<opencv_storage>
<Depth6565 type_id="opencv-matrix">
  <rows>89</rows>
  <cols>54</cols>
  <dt>w</dt>
  <data>
    4089 4041 4041 4041 4041 4041 4041 4041 4041 4089 4089 4089 3994
    3994 3994 3994 1241 1236 1236 1236 1232 1232 1241 1241 3994 3994
    3903 3903 3903 3903 3903 3859 3859 3859 3859 3859 3816 3816 3774
    3774 3774 3774 3774 3732 3732 3732 3692 3692 3692 3692 3692 3692
    3692 3653 4089 4041 4041 4041 4041 3994 3994 4041 4089 4089 1255
    1250 1250 4041 4041 1241 1236 1236 1236 1236 1232 1232 1236 1241
    1259 1259 3903 3903 3903 3903 3903 3859 3859 3859 3859 3859 3816
    3816 3816 3774 3774 3774 3774 3732 3732 3732 3692 3692 3692 3692
    3732 3692 3692 3653 4089 4089 4041 4041 4041 3994 3994 4041 4041
    1255 1255 1250 1250 1245 1241 1236 1236 1232 1232 1232 1232 1232
    1236 1241 1255 1259 1259 3903 3903 3903 3903 3859 3859 3859 3859
    3859 3859 3859 3774 3774 3774 3774 3774 3732 3732 3732 3692 3692
    3732 3732 3732 3653 3653 3653 4041 4041 4089 4041 4041 3994 3994
    3994 1259 1259 1255 1250 1250 1241 1236 1236 1232 1232 1232 1227
    1227 1227 1232 1241 1245 1255 1255 1255 3903 3903 3903 3859 3859
    3859 3859 3816 3816 3774 3774 3774 3774 3732 3732 3732 3732 3732
    3732 3732 3732 3692 3653 3653 3653 3653 4041 4041 4089 4041 4041
    4041 4041 1264 1264 1259 1255 1250 1250 1241 1236 1236 1232 1227
    1227 1227 1227 1227 1227 1236 1241 1250 1255 1255 3948 3948 3859
    3859 3859 3859 3859 3816 3816 3774 3732 3732 3732 3732 3732 3732
    3732 3732 3732 3732 3692 3692 3653 3653 3653 3653 4041 4041 4041
    1278 1268 1268 1268 1264 1264 1259 1255 1250 1250 1236 1236 1232
    1232 1223 1223 1223 1223 1223 1223 1232 1241 1250 1255 1264 1268
    1273 3859 3859 3859 3816 3816 3816 3774 3732 3732 3732 3732 3732
    3732 3732 3692 3692 3692 3692 3692 3692 3653 3653 3653 3653 4041
    1283 1278 1278 1268 1268 1268 1264 1264 1255 1255 1250 1241 1236
    1232 1232 1227 1219 1219 1223 1223 1223 1223 1227 1236 1245 1250
    1255 1259 1273 1273 1297 3816 3816 3816 3816 3774 3732 3732 3732
    3732 3732 3732 3692 3692 3692 3614 3614 3653 3653 3653 3653 3653
    3653 1283 1283 1273 1273 1268 1268 1268 1264 1259 1255 1255 1250
    1241 1236 1232 1227 1223 1219 1219 1219 1219 1223 1223 1227 1232
    1241 1245 1250 1259 1273 1292 1297 1297 1297 3859 3816 3816 3774
    3732 3732 3732 3732 3732 3692 3692 3653 3614 3614 3653 3653 3653
    3653 3653 3653 1283 1278 1273 1273 1268 1268 1264 1259 1259 1255
    1250 1241 1236 1232 1232 1227 1223 1219 1219 1219 1219 1219 1223
    1223 1232 1241 1245 1250 1255 1264 1288 1292 1297 1297 1297 3859
    3859 3774 3732 3732 3732 3732 3732 3692 3692 3653 3614 3614 3614
    3653 3614 3614 3614 3653 1273 1273 1273 1273 1268 1264 1259 1255
    1255 1250 1241 1236 1236 1232 1232 1227 1223 1219 1219 1219 1219
    1219 1223 1223 1232 1236 1245 1250 1255 1264 1268 1292 1297 1297
    1307 1307 3774 3774 3732 3732 3692 3692 3692 3692 3692 3653 3614
    3614 3614 3653 3614 3614 3614 3614 1273 1273 1268 1268 1268 1264
    1259 1255 1255 1250 1241 1236 1236 1232 1232 1227 1223 1219 1219
    1219 1219 1219 1219 1223 1227 1236 1241 1250 1255 1264 1268 1288
    1297 1297 1307 1317 1317 3732 3732 3732 3692 3692 3692 3692 3692
    3692 3653 3653 3653 3653 3653 3614 3614 3576 1273 1273 1268 1268
    1268 1259 1259 1255 1250 1250 1241 1236 1232 1232 1227 1227 1219
    1214 1214 1210 1210 1210 1210 1214 1219 1227 1241 1250 1255 1264
    1268 1288 1292 1297 1302 1317 1338 1338 1343 3692 3692 3692 3692
    3692 3692 3692 3653 3653 3653 3653 3653 3614 3614 3576 0 1268 1268
    1268 1264 1259 1259 1255 1250 1245 1241 1236 1232 1227 1227 1223
    1219 1214 1214 1210 1206 1206 1210 1210 1214 1223 1236 1245 1250
    1259 1264 1288 1292 1302 1302 1307 1333 1343 1343 3732 3732 3732
    3692 3692 3692 3692 3653 3653 3614 3614 3653 3614 3614 3576 0 1268
    1268 1268 1264 1259 1259 1255 1250 1241 1236 1236 1232 1227 1223
    1219 1214 1214 1214 1206 1206 1206 1206 1210 1210 1219 1236 1245
    1245 1255 1264 1283 1292 1297 1297 1302 1333 1343 1354 1370 1370
    3732 3692 3653 3653 3653 3614 3614 3614 3614 3614 3614 3576 3576
    1278 1268 1268 1268 1264 1259 1255 1250 1241 1236 1236 1232 1232
    1223 1219 1219 1214 1210 1210 1206 1206 1206 1206 1210 1210 1219
    1232 1241 1245 1250 1259 1283 1292 1297 1297 1302 1328 1338 1349
    1359 1365 1376 1376 3653 3653 3653 3614 3614 3614 3614 3614 3614
    3576 3576 1278 1278 1268 1268 1264 1259 1255 1250 1241 1236 1236
    1232 1232 1223 1219 1219 1214 1210 1210 1206 1206 1206 1206 1206
    1210 1219 1227 1236 1245 1245 1255 1278 1288 1297 1297 1307 1322
    1338 1343 1354 1359 1365 1365 3653 3653 3576 3576 3576 3576 3576
    3576 3614 3576 3576 0 1278 1264 1264 1264 1259 1255 1250 1241 1236
    1236 1232 1232 1223 1219 1219 1214 1210 1210 1206 1206 1202 1202
    1202 1206 1210 1227 1236 1241 1245 1255 1273 1283 1292 1297 1297
    1322 1333 1338 1354 1359 1359 1359 1365 3576 3576 3576 3576 3576
    3576 3576 3576 3576 3576 0 1264 1264 1264 1259 1259 1255 1250 1241
    1236 1232 1232 1227 1223 1219 1214 1214 1206 1206 1206 1202 1202
    1202 1202 1202 1206 1223 1236 1241 1245 1250 1268 1283 1288 1292
    1297 1312 1322 1338 1349 1359 1359 1365 1365 3614 3614 3576 3576
    3576 3576 3576 3576 3576 3576 0 0 1264 1259 1259 1255 1255 1250 1236
    1232 1232 1227 1227 1223 1219 1214 1210 1206 1206 1206 1202 1202
    1197 1197 1197 1206 1223 1232 1236 1241 1245 1259 1273 1283 1292
    1292 1307 1317 1333 1343 1354 1359 1359 1359 1359 3614 3576 3576
    3576 3576 3576 3576 3576 3576 0 1264 1264 1255 1255 1255 1250 1241
    1236 1232 1227 1227 1223 1219 1214 1214 1206 1202 1202 1206 1202
    1197 1193 1193 1197 1210 1219 1227 1236 1241 1245 1259 1273 1278
    1288 1292 1302 1317 1328 1338 1354 1359 1359 1359 1359 3576 3576
    3576 3576 3576 3576 3576 3576 3576 0 1255 0 1255 1255 1250 1250 1236
    1232 1232 1227 1223 1223 1219 1214 1210 1206 1202 1202 1202 1202
    1197 1193 1193 1193 1206 1214 1227 1236 1241 1245 1259 1268 1278
    1288 1292 1297 1312 1322 1333 1349 1354 1359 1359 1359 3576 3576
    3576 3576 3576 3576 3576 3576 3576 0 0 0 1255 1255 1250 1241 1236
    1232 1232 1227 1223 1219 1219 1214 1210 1206 1202 1202 1202 1197
    1193 1189 1189 1193 1202 1210 1223 1232 1236 1241 1259 1268 1273
    1283 1288 1297 1307 1317 1328 1343 1354 1359 1359 1359 3576 3576
    3576 3576 3576 3576 3576 3576 3576 0 0 0 1255 1250 1250 1241 1236
    1232 1232 1227 1223 1219 1214 1214 1206 1206 1202 1202 1202 1189
    1189 1189 1189 1193 1202 1206 1214 1223 1236 1241 1245 1264 1273
    1283 1288 1292 1307 1312 1322 1338 1349 1354 1359 1359 1359 3576
    3576 3576 3614 3576 3576 3576 3576 0 0 0 1255 1250 1250 1241 1236
    1232 1227 1227 1219 1219 1214 1210 1206 1202 1202 1202 1197 1189
    1189 1189 1189 1189 1197 1206 1210 1219 1232 1236 1241 1245 1273
    1283 1283 1292 1302 1312 1322 1338 1349 1354 1354 1359 1359 3576
    3576 3576 3576 3576 3576 3576 3576 0 0 0 1250 1250 1250 1241 1236
    1232 1227 1227 1219 1219 1210 1210 1202 1202 1197 1197 1193 1189
    1189 1189 1189 1189 1197 1206 1210 1214 1227 1232 1236 1236 1264
    1283 1283 1292 1302 1312 1317 1333 1338 1349 1354 1354 1354 3576
    3576 3576 3576 3576 3576 3576 3576 0 0 0 1236 1236 1236 1236 1232
    1227 1227 1223 1219 1214 1210 1206 1202 1202 1197 1197 1189 1189
    1185 1185 1185 1189 1193 1202 1206 1210 1223 1232 1236 1236 1264
    1278 1278 1278 1297 1312 1317 1322 1333 1343 1349 1349 1349 1349
    3576 3576 3576 3539 3539 3576 3576 0 0 0 1232 1232 1236 1232 1232
    1227 1223 1219 1214 1210 1206 1206 1202 1202 1197 1197 1189 1185
    1185 1181 1181 1185 1189 1197 1202 1210 1219 1227 1232 1236 1255
    1268 1273 1273 1283 1312 1317 1322 1333 1338 1343 1343 1343 1343
    3576 3576 3539 3539 3539 3539 3576 0 0 0 1232 1232 1232 1227 1227
    1223 1219 1219 1214 1210 1206 1206 1202 1197 1197 1189 1189 1185
    1185 1181 1181 1185 1185 1189 1197 1206 1214 1223 1227 1236 1255
