<?xml version="1.0"?>
<opencv_storage>
<Depth1302 type_id="opencv-matrix">
  <rows>74</rows>
  <cols>44</cols>
  <dt>w</dt>
  <data>
    3064 3064 3092 3037 1445 1439 1427 1404 1404 1404 3010 3010 3010
    3010 1343 1338 1338 1317 1307 1307 1307 3010 1278 1278 1278 1283
    1288 1297 1297 1307 1307 1307 1307 1312 1312 1312 1312 1312 1312
    1317 1322 1328 2933 2933 1421 1421 1421 1421 1433 1433 1421 1404
    1392 1387 1376 1376 1354 1349 1343 1333 1328 1317 1307 1307 1302
    1288 1278 1278 1278 1283 1283 1292 1292 1297 1297 1302 1307 1307
    1307 1307 1312 1312 1312 1317 1322 1322 1322 1322 1421 1421 1421
    1421 1421 1421 1415 1404 1392 1387 1376 1365 1354 1349 1343 1333
    1328 1322 1312 1307 1302 1288 1273 1273 1273 1273 1278 1283 1288
    1288 1292 1292 1302 1302 1302 1307 1312 1312 1317 1322 1328 1322
    1322 1322 3064 1433 1421 1421 1421 1421 1415 1404 1392 1387 1376
    1365 1354 1349 1343 1333 1328 1322 1312 1307 1302 1292 1273 1273
    1273 1273 1273 1278 1278 1283 1292 1292 1297 1302 1302 1307 1307
    1312 1317 1322 1322 1317 1317 1317 0 1433 1433 1427 1421 1421 1415
    1404 1392 1381 1370 1365 1354 1349 1338 1333 1328 1322 1312 1307
    1297 1292 1273 1273 1273 1273 1273 1278 1278 1283 1292 1292 1297
    1302 1302 1307 1307 1312 1317 1322 1322 1317 1317 1317 1464 1433
    1433 1427 1427 1421 1415 1404 1398 1381 1370 1365 1354 1349 1338
    1333 1328 1322 1312 1302 1297 1283 1273 1273 1273 1273 1278 1278
    1283 1288 1288 1292 1297 1302 1302 1307 1307 1312 1317 1322 1322
    1317 1317 1317 1464 1464 1445 1439 1427 1421 1415 1398 1392 1381
    1376 1365 1354 1349 1338 1333 1328 1322 1312 1302 1297 1283 1278
    1273 1273 1273 1278 1283 1283 1288 1288 1292 1297 1297 1307 1307
    1307 1312 1317 1322 1322 1322 1322 1322 1470 1464 1452 1445 1433
    1421 1415 1398 1392 1381 1376 1370 1370 1349 1338 1333 1328 1322
    1312 1307 1297 1283 1278 1278 1278 1278 1278 1283 1288 1288 1292
    1292 1297 1297 1307 1307 1312 1312 1317 1322 1322 1322 1322 1322
    1470 1464 1452 1445 1433 1427 1415 1404 1392 1387 1381 1370 1370
    1349 1338 1333 1328 1322 1312 1307 1297 1283 1278 1278 1278 1278
    1283 1288 1288 1288 1292 1292 1297 1302 1307 1307 1312 1312 1317
    1322 1322 1328 1328 1328 1470 1458 1452 1445 1433 1421 1415 1410
    1398 1392 1381 1376 1370 1354 1343 1333 1333 1322 1312 1307 1302
    1283 1278 1278 1278 1278 1283 1288 1288 1288 1292 1292 1302 1302
    1307 1307 1312 1312 1317 1322 1328 1328 1328 1328 1470 1458 1452
    1445 1433 1421 1415 1415 1404 1392 1387 1376 1365 1354 1343 1333
    1333 1322 1312 1312 1302 1283 1278 1278 1278 1278 1278 1283 1288
    1288 1292 1292 1302 1302 1307 1307 1307 1312 1312 1317 1328 1328
    1328 1328 1464 1452 1445 1439 1433 1421 1415 1415 1404 1398 1387
    1376 1365 1354 1343 1333 1333 1322 1312 1312 1302 1288 1278 1278
    1278 1278 1278 1283 1288 1288 1292 1292 1302 1302 1307 1307 1307
    1312 1312 1317 1322 1328 1328 1328 1464 1445 1445 1439 1433 1421
    1415 1415 1404 1398 1381 1376 1370 1359 1349 1338 1333 1322 1312
    1312 1302 1288 1278 1278 1278 1278 1278 1283 1288 1292 1292 1292
    1302 1302 1307 1312 1312 1312 1317 1317 1322 1322 1328 1328 1464
    1445 1445 1439 1433 1421 1421 1415 1404 1398 1381 1376 1365 1354
    1349 1338 1333 1328 1317 1307 1302 1288 1283 1278 1278 1278 1278
    1283 1288 1292 1292 1292 1297 1302 1307 1307 1312 1317 1317 1317
    1322 1322 1322 1322 1464 1452 1445 1439 1433 1427 1421 1415 1410
    1392 1381 1376 1365 1354 1349 1338 1333 1328 1322 1307 1302 1288
    1283 1278 1278 1278 1278 1288 1288 1292 1292 1292 1297 1302 1307
    1307 1312 1317 1317 1317 1322 1317 1317 1317 1470 1458 1445 1439
    1433 1427 1421 1415 1404 1392 1381 1365 1359 1354 1349 1338 1333
    1328 1322 1307 1292 1288 1283 1278 1278 1278 1278 1288 1288 1292
    1292 1297 1302 1302 1307 1307 1312 1312 1317 1322 1322 1317 1317
    1317 1470 1464 1452 1439 1433 1427 1421 1415 1404 1392 1381 1365
    1354 1354 1349 1338 1333 1328 1322 1307 1292 1288 1283 1278 1278
    1278 1283 1288 1292 1292 1292 1297 1302 1302 1307 1307 1312 1312
    1317 1317 1322 1322 1322 1322 1470 1464 1452 1445 1433 1427 1421
    1410 1398 1392 1387 1365 1354 1354 1349 1338 1333 1328 1322 1307
    1292 1288 1283 1278 1278 1278 1283 1288 1288 1292 1292 1297 1302
    1302 1307 1307 1312 1312 1317 1317 1322 1322 1322 1322 1464 1464
    1452 1445 1439 1427 1421 1410 1398 1392 1387 1365 1359 1354 1349
    1338 1333 1328 1322 1307 1292 1288 1283 1278 1278 1278 1283 1288
    1288 1292 1292 1292 1297 1302 1307 1307 1312 1312 1317 1317 1322
    1322 1322 1322 1464 1464 1452 1445 1439 1427 1421 1415 1404 1398
    1387 1365 1359 1354 1349 1338 1333 1328 1322 1312 1292 1288 1283
    1278 1278 1283 1288 1288 1288 1292 1292 1292 1297 1302 1307 1307
    1312 1312 1317 1317 1322 1322 1322 1322 1464 1464 1452 1445 1439
    1427 1421 1415 1404 1398 1387 1370 1365 1359 1349 1338 1333 1328
    1317 1312 1292 1288 1283 1278 1278 1283 1288 1288 1288 1292 1292
    1297 1302 1302 1307 1312 1312 1312 1317 1317 1322 1322 1322 1322
    1464 1464 1458 1445 1445 1433 1427 1415 1404 1398 1376 1370 1370
    1365 1354 1343 1333 1328 1317 1312 1307 1288 1283 1278 1278 1283
    1288 1288 1288 1292 1292 1297 1302 1302 1307 1312 1312 1312 1317
    1322 1322 1322 1322 2958 1458 1458 1458 1445 1445 1433 1427 1415
    1410 1398 1376 1376 1370 1365 1354 1343 1333 1328 1322 1312 1307
    1292 1288 1283 1283 1283 1288 1288 1292 1292 1297 1297 1302 1307
    1307 1312 1312 1317 1317 1322 1328 1328 1328 1328 1458 1458 1458
    1445 1445 1439 1427 1415 1410 1398 1376 1376 1370 1365 1354 1343
    1333 1328 1322 1317 1307 1292 1288 1283 1283 1283 1288 1288 1292
    1297 1297 1302 1302 1302 1307 1312 1312 1317 1317 1317 1328 1328
    1328 0 1464 1464 1458 1452 1445 1433 1427 1415 1410 1398 1381 1376
    1370 1365 1354 1338 1333 1328 1322 1317 1307 1292 1288 1283 1283
    1288 1288 1288 1292 1297 1297 1302 1302 1302 1307 1312 1312 1317
    1317 1317 1328 1328 1328 2958 1470 1470 1458 1452 1439 1433 1421
    1415 1410 1398 1381 1376 1370 1365 1354 1338 1333 1328 1328 1317
    1307 1292 1288 1288 1288 1288 1288 1288 1292 1297 1297 1302 1302
    1302 1307 1312 1312 1317 1317 1322 1328 1328 1328 2958 0 1470 1464
    1452 1439 1433 1421 1415 1410 1392 1381 1376 1370 1370 1354 1343
    1338 1333 1328 1317 1307 1292 1292 1288 1288 1288 1288 1288 1292
    1292 1297 1297 1302 1307 1307 1312 1312 1317 1317 1322 1328 1328
    1328 2958 0 1464 1458 1452 1439 1433 1421 1415 1410 1392 1381 1376
    1370 1365 1354 1343 1338 1333 1328 1317 1307 1292 1292 1288 1288
    1288 1288 1288 1292 1292 1297 1297 1302 1307 1307 1312 1312 1317
    1317 1322 1328 1333 1333 1333 1464 1464 1458 1452 1445 1433 1421
    1415 1410 1392 1387 1376 1370 1365 1354 1343 1338 1333 1328 1312
    1307 1292 1288 1283 1283 1283 1283 1288 1292 1292 1297 1297 1302
    1307 1307 1312 1312 1317 1322 1328 1328 1333 1333 1338 1470 1470
    1464 1452 1445 1433 1421 1415 1410 1392 1387 1376 1370 1365 1354
    1343 1338 1333 1322 1312 1307 1292 1288 1283 1278 1278 1283 1288
    1292 1292 1297 1297 1302 1307 1307 1312 1312 1312 1317 1328 1328
    1333 1338 1338 1470 1470 1464 1458 1445 1433 1427 1415 1410 1392
    1387 1376 1370 1365 1354 1349 1338 1333 1322 1312 1307 1297 1288
    1283 1278 1278 1278 1288 1292 1292 1297 1297 1302 1307 1307 1307
    1312 1312 1317 1322 1328 1333 1333 1333 1477 1477 1464 1458 1445
    1439 1427 1415 1398 1392 1381 1376 1370 1365 1354 1349 1338 1333
    1322 1312 1307 1297 1288 1283 1278 1278 1278 1288 1292 1297 1297
    1302 1307 1307 1307 1307 1312 1312 1317 1322 1328 1328 1328 1328
    1483 1483 1464 1458 1445 1439 1427 1421 1398 1392 1376 1376 1370
    1370 1359 1349 1338 1333 1322 1312 1307 1302 1292 1283 1278 1278
    1278 1288 1292 1297 1297 1302 1307 1307 1312 1312 1312 1322 1322
    1328 1328 1328 1328 1328 1464 1464 1464 1452 1445 1439 1427 1421
    1404 1392 1376 1376 1370 1370 1359 1349 1338 1333 1322 1312 1307
