<?xml version="1.0"?>
<opencv_storage>
<Depth15899 type_id="opencv-matrix">
  <rows>114</rows>
  <cols>67</cols>
  <dt>w</dt>
  <data>
    7030 7030 7030 7030 7030 7030 7030 7030 6889 6889 6889 6889 6889
    7030 7030 7030 6889 6889 6889 6889 6889 6889 6889 6889 6889 6889
    6889 6889 6889 6889 6889 6889 6889 6889 6889 6753 6622 6622 6753
    6753 6753 6753 6753 6753 6622 6622 6622 6622 6622 6622 6622 6622 730
    728 725 725 723 723 725 6497 6622 6622 6622 6622 6375 6375 6375 7030
    7030 7030 7030 7030 7030 7030 7030 6889 6889 6889 6889 6889 7030
    7030 7030 6889 6889 6889 6889 6889 6889 6889 6889 6889 6889 6889
    6889 698 694 694 6889 6889 6889 6889 698 698 698 700 700 700 6753
    6753 6889 6622 6622 6622 6622 6622 6622 6622 6622 730 728 725 723
    723 723 725 727 6622 6622 6622 0 0 0 6497 7030 7030 7030 7030 7030
    7030 7030 7030 7030 7030 7030 7030 6889 6889 7030 7030 7030 7030
    6889 6889 6753 6753 6753 6889 6889 6889 704 704 698 694 694 694 694
    694 694 696 697 697 698 698 700 701 703 703 704 704 706 706 706 706
    708 6753 730 728 725 723 723 723 723 723 6622 6622 717 717 717 0 0
    7030 7030 7030 7030 7030 7030 7030 7030 6889 6889 6889 6889 6889
    6889 7030 7030 7030 7030 6889 6889 6753 6753 6753 6753 6753 6889 704
    701 694 694 694 694 694 694 694 696 697 697 698 698 700 700 701 703
    704 704 704 704 706 706 708 708 728 728 723 723 719 719 719 717 717
    717 717 717 717 717 0 7030 7030 7030 7030 6889 6889 6889 6889 6889
    6889 6889 6889 6889 6889 7030 7030 7030 7030 757 757 6753 6753 730
    723 720 713 706 701 694 693 693 694 694 696 696 696 697 697 698 698
    700 700 700 701 703 704 704 704 706 706 708 708 708 708 708 719 716
    716 716 716 716 717 717 717 717 0 0 7178 7030 7030 6889 6889 6753
    6753 6889 6889 6889 6889 6889 817 817 817 789 757 757 757 757 742
    736 730 723 720 713 707 700 694 693 693 694 694 696 696 696 697 697
    698 698 700 700 700 701 703 704 704 704 706 706 708 708 708 708 708
    713 713 714 714 716 716 717 719 719 719 0 0 7178 7030 7030 6889 6889
    6753 6753 6753 6753 821 821 817 817 817 817 789 778 757 757 755 742
    736 733 725 722 713 707 694 694 693 693 694 694 696 696 696 697 697
    698 698 698 698 700 700 701 703 703 704 706 706 707 707 708 708 708
    711 711 713 713 714 716 717 717 717 719 0 0 7178 7178 7030 6889 6889
    0 0 0 0 0 821 821 815 813 802 789 778 773 757 755 742 736 733 725
    722 722 722 694 694 693 693 694 694 696 696 696 696 696 697 698 698
    698 700 700 701 703 703 704 706 706 707 707 707 707 710 711 711 713
    713 713 716 717 717 717 719 719 0 0 0 0 0 0 0 0 0 0 825 821 821 815
    809 800 789 778 769 761 755 742 736 731 727 722 722 722 694 693 693
    693 693 694 694 694 696 696 696 697 698 698 698 700 700 701 703 703
    703 704 706 707 707 707 707 708 711 711 711 713 713 716 717 717 717
    717 719 0 0 0 0 0 0 0 0 0 871 825 825 821 815 807 800 796 790 769
    762 755 741 736 731 727 722 722 722 694 693 693 693 693 694 694 694
    694 696 696 697 698 698 698 700 700 701 701 701 703 704 706 707 707
    707 707 708 711 711 711 713 713 714 717 717 717 717 719 0 0 0 0 0 0
    0 0 873 871 871 825 821 817 803 800 796 790 769 762 759 741 736 730
    727 720 720 720 694 693 693 693 693 693 694 694 694 696 696 697 698
    698 698 700 700 700 701 701 703 704 704 707 707 707 707 708 710 711
    711 713 713 714 716 716 717 717 719 0 0 0 0 0 0 0 0 873 845 837 829
    823 819 803 800 798 798 767 762 757 742 736 730 727 720 720 720 694
    693 693 693 693 693 693 694 694 696 696 696 697 698 698 700 700 700
    701 701 703 704 704 707 707 707 707 708 710 711 711 713 713 714 716
    716 716 716 716 0 0 0 0 0 0 0 873 862 843 837 831 823 819 803 800
    798 798 767 762 757 741 736 728 725 719 719 719 694 693 693 693 693
    693 693 694 694 694 694 696 696 697 698 698 698 698 700 701 703 704
    704 706 707 707 708 708 710 710 711 713 713 713 714 714 716 716 716
    0 0 0 0 0 0 0 871 862 841 837 833 825 825 805 800 798 798 766 761
    755 741 736 728 725 717 711 711 694 693 691 691 691 693 693 694 694
    694 694 694 696 697 698 698 698 698 700 701 703 704 704 706 707 707
    708 708 708 708 710 711 713 713 713 714 714 716 716 0 0 0 0 0 0 0
    871 862 841 837 833 827 811 811 811 781 766 766 761 755 741 734 728
    728 717 711 711 694 693 690 690 691 691 693 694 694 694 694 694 696
    697 698 698 698 698 700 700 703 704 704 706 706 707 707 707 708 708
    710 711 713 713 713 713 714 714 716 0 0 0 0 0 0 880 871 849 843 835
    831 827 809 809 809 781 774 766 761 755 738 734 730 730 713 711 703
    694 693 690 690 690 691 693 694 694 694 694 694 696 697 698 698 698
    698 698 700 703 703 704 706 706 706 707 707 708 708 708 710 711 711
    713 713 714 714 716 0 0 0 0 0 0 878 873 845 843 835 831 827 809 809
    805 781 774 767 761 754 738 734 731 730 711 710 703 694 691 690 690
    690 691 691 693 694 694 694 694 694 696 698 698 698 698 698 700 701
    703 703 706 706 706 707 707 708 708 708 710 711 711 713 713 714 714
    714 0 0 0 0 0 882 878 873 845 843 835 831 825 811 809 803 780 774
    766 761 754 738 734 733 717 711 710 698 694 691 690 688 688 690 690
    693 693 694 694 694 694 696 697 698 698 698 698 700 701 703 703 704
    706 706 707 707 708 708 710 710 711 711 711 713 714 713 713 0 894
    896 896 896 882 878 873 847 843 837 831 825 815 807 802 780 774 766
    761 752 742 734 734 717 713 710 698 694 691 690 688 688 690 690 691
    693 693 694 694 694 696 697 698 698 698 698 700 701 701 701 704 704
    706 706 707 708 708 710 710 711 711 711 713 713 713 713 0 894 894
    896 896 885 878 871 847 845 837 829 823 811 807 792 792 773 766 757
    746 742 736 736 717 713 708 697 693 691 690 688 688 688 688 690 693
    693 694 694 694 694 696 697 697 698 698 700 700 701 701 703 704 706
    706 707 707 708 708 710 711 711 711 713 713 713 713 0 894 894 896
    898 898 875 871 851 845 845 827 821 811 805 790 790 773 766 757 746
    742 736 727 717 713 708 697 693 691 688 688 688 688 688 690 691 693
    693 694 694 694 696 697 697 698 698 700 700 700 700 703 703 706 706
    707 707 707 708 708 710 710 711 711 711 713 713 0 0 0 903 898 896
    875 871 849 843 835 823 819 811 803 790 787 773 762 755 744 741 734
    727 719 713 707 696 693 690 688 688 688 688 688 690 691 693 693 693
    694 694 696 696 696 697 698 698 700 700 700 703 703 706 706 706 707
    707 708 708 708 710 711 711 711 711 713 0 0 0 903 896 887 875 867
    849 841 835 823 819 813 798 790 787 787 759 755 744 741 734 730 720
    713 707 694 691 688 688 687 687 688 688 690 691 691 693 693 694 694
    694 694 696 696 698 698 700 700 700 703 703 704 706 706 706 707 707
    708 708 710 711 711 711 711 0 0 0 0 903 896 887 878 867 849 841 835
    823 819 813 798 790 789 789 757 755 744 739 731 725 720 714 704 694
    691 688 687 687 687 688 688 690 690 691 691 693 693 694 694 694 696
    696 698 698 700 700 700 703 703 704 706 706 706 707 707 708 708 710
    710 711 711 711 0 0 0 0 903 891 882 878 869 849 839 833 823 819 813
    790 790 789 789 757 755 744 739 731 725 719 716 704 696 691 688 687
    687 687 687 688 688 690 690 691 693 693 694 694 696 696 696 698 698
    698 700 700 703 703 704 704 704 706 707 707 708 708 710 710 711 711
    711 0 0 0 910 906 891 882 875 869 849 839 833 825 819 813 790 789
    787 787 757 755 742 738 733 727 719 716 704 696 691 688 687 687 687
    687 688 688 690 690 690 691 693 694 694 696 696 696 698 698 698 700
    700 701 701 703 703 703 704 706 707 707 708 710 710 711 711 711 0 0
    0 908 901 894 882 875 864 849 839 835 827 819 813 790 789 787 783
    757 755 741 738 733 728 722 713 704 694 691 688 687 687 687 687 688
    688 688 690 690 691 691 693 694 694 696 696 697 698 698 698 698 701
    701 701 701 701 704 706 707 707 707 708 710 711 711 711 0 0 0 908
    898 894 880 875 864 851 839 833 827 819 811 792 787 785 781 759 754
    741 738 733 731 717 713 694 693 690 688 687 687 687 687 688 688 688
    690 690 691 691 693 694 694 694 696 697 697 698 698 698 701 701 701
