<?xml version="1.0"?>
<opencv_storage>
<Depth10202 type_id="opencv-matrix">
  <rows>59</rows>
  <cols>71</cols>
  <dt>w</dt>
  <data>
    4349 4349 4349 4349 4295 4295 4241 4241 4295 4349 4349 4349 4349
    4349 4349 4295 4295 4295 4295 4349 4349 4295 4241 4241 4241 4241
    4241 4241 4241 4241 4241 4241 4241 4241 4241 4241 4241 4190 4190
    4190 4139 4139 4190 4190 1523 1523 1523 1516 1516 1503 1496 1483
    1477 1470 1470 1464 1452 1445 1445 1445 4089 4089 4089 4089 4041
    3948 3948 3948 3994 3994 3994 4349 4349 4349 4295 4295 4241 4241
    4241 4295 4349 4349 4349 4349 4349 4295 4295 4295 4295 4295 4349
    4349 4295 4241 4241 4241 4241 4241 4241 4241 4241 4241 4241 4241
    4241 4190 4190 4241 4190 4190 4190 4139 1543 1529 1529 1523 1523
    1523 1516 1509 1503 1489 1477 1470 1470 1470 1464 1452 1445 1445
    1445 1445 4089 4089 4041 4041 4041 0 4041 0 0 1503 4349 4349 4349
    4295 4295 4241 4241 4241 4295 4349 4349 4349 4349 4349 4295 4295
    4295 4295 4295 4295 4295 4295 4295 4241 4241 4241 4241 4241 4241
    4190 4190 4190 4190 4190 4190 4190 4190 4241 4190 4190 1543 1536
    1529 1523 1523 1523 1516 1509 1496 1483 1477 1470 1464 1464 1464
    1464 1458 1452 1452 1452 1445 4041 4041 4041 4041 0 0 0 0 0 1503
    4349 4349 4349 4349 4295 4295 4295 4295 4295 4349 4405 4349 4349
    4349 4295 4295 4241 4241 4295 4295 4295 4295 4295 4241 4241 4241
    4241 4241 4241 4190 4190 4190 4190 4190 4190 4190 4190 1529 1523
    1516 1516 1523 1509 1509 1509 1503 1483 1477 1477 1477 1470 1470
    1464 1464 1464 1464 1458 1452 1445 1445 1445 4041 4041 4041 4041 0 0
    0 0 0 1509 4349 4349 4349 4349 4349 4295 4295 4295 4295 4349 4349
    4349 4295 4295 4295 4295 4241 4241 4295 4295 4295 4295 4295 4241
    4241 4241 4241 4241 4241 4190 4190 4190 4190 1550 1550 1543 1523
    1523 1516 1503 1503 1509 1483 1477 1477 1470 1470 1470 1470 1470
    1470 1464 1464 1458 1458 1464 1458 1452 1445 1445 1452 1452 4041
    4041 4041 0 0 0 0 0 1509 4349 4349 4349 4349 4349 4295 4295 4295
    4349 4349 4349 4349 4295 4295 4295 4295 4295 4295 4295 4295 4295
    4295 4241 4241 4241 4241 4241 4241 4241 4190 4190 4190 1523 1523
    1523 1536 1523 1516 1509 1496 1489 1483 1477 1477 1477 1470 1470
    1464 1464 1464 1470 1464 1464 1458 1458 1464 1458 1458 1452 1452
    1452 0 0 0 0 0 0 0 0 0 0 4349 4349 4349 4349 4349 4349 4349 4295
    4295 4349 4349 4349 4295 4295 4295 4241 4241 4241 4295 4295 4295
    4241 4241 4241 4241 4241 4241 4241 1550 1543 1529 1529 1523 1516
    1516 1509 1496 1489 1483 1483 1483 1477 1477 1477 1477 1470 1470
    1464 1464 1464 1470 1470 1470 1464 1464 1464 1464 1464 1458 1458
    1445 1445 0 0 0 0 0 0 0 0 0 4349 4349 4295 4295 4349 4349 4349 4295
    4295 4349 4349 4349 4349 4295 4295 4241 4241 4241 4295 4295 4295
    4241 4241 4241 4241 4241 4241 1557 1543 1536 1529 1523 1523 1516
    1503 1496 1483 1477 1470 1470 1477 1477 1477 1477 1477 1470 1470
    1470 1470 1470 1470 1470 1470 1470 1470 1464 1464 1464 1464 1464
    1445 1445 1477 0 0 0 0 0 0 0 0 4349 4349 4295 4295 4349 4349 4349
    4349 4349 4349 4349 4349 4349 4295 4295 4241 4241 4295 4295 4295
    4241 4241 4295 4241 4241 1550 1543 1543 1536 1536 1523 1516 1509
    1496 1483 1477 1470 1470 1470 1470 1470 1477 1477 1477 1477 1470
    1470 1470 1470 1470 1477 1477 1470 1470 1470 1470 1470 1470 1470
    1470 1470 1477 1477 0 0 0 0 0 0 0 0 4349 4349 4295 4295 4349 4349
    4349 4349 4349 4349 4349 4349 4349 4349 4295 4241 4241 4241 4241
    4241 4241 4241 4405 4405 1543 1536 1536 1536 1523 1516 1516 1509
    1496 1489 1477 1477 1470 1470 1470 1470 1470 1477 1477 1477 1477
    1470 1470 1470 1477 1477 1477 1477 1477 1477 1470 1470 1470 1470
    1470 1470 1477 1477 1477 0 0 0 0 0 0 0 0 4349 4349 4295 4295 4349
    4349 4349 4349 4349 4349 4349 4295 4295 4295 4295 4241 4241 4241
    4241 4241 4241 1543 1543 1543 1529 1523 1516 1503 1489 1477 1477
    1470 1470 1477 1477 1470 1470 1470 1470 1470 1477 1477 1477 1477
    1477 1470 1470 1477 1477 1477 1477 1477 1477 1477 1470 1470 1470
    1470 1470 1470 1477 1477 1477 0 0 0 0 0 0 0 0 4349 4349 4295 4295
    4295 4295 4349 4349 4349 4349 4349 4295 4295 4295 4295 4295 4295
    4295 1550 1550 1550 1543 1536 1529 1516 1509 1503 1489 1477 1470
    1470 1470 1470 1470 1477 1470 1470 1470 1470 1470 1477 1477 1477
    1477 1477 1477 1477 1477 1477 1477 1477 1477 1477 1477 1477 1477
    1477 1477 1477 1477 1477 1470 1470 0 0 0 0 0 0 0 0 4295 4295 4295
    4295 4295 4295 4349 4349 4349 4349 4349 4295 4295 4295 1550 1550
    1550 1550 1536 1536 1529 1529 1523 1516 1496 1489 1489 1483 1477
    1470 1470 1470 1470 1470 1477 1477 1470 1470 1470 1477 1477 1477
    1477 1477 1477 1477 1477 1477 1477 1483 1483 1483 1483 1483 1477
    1477 1477 1477 1477 1477 1477 1470 1470 1470 1470 0 0 0 0 0 0 4295
    4295 4295 4295 4295 4295 4295 4349 4349 4295 4295 4295 4295 1550
    1550 1550 1550 1543 1529 1529 1523 1516 1509 1496 1489 1483 1483
    1483 1477 1470 1470 1470 1470 1470 1477 1477 1470 1470 1470 1483
    1483 1483 1477 1477 1477 1477 1477 1477 1477 1483 1483 1483 1483
    1483 1483 1483 1477 1477 1477 1477 1477 1477 1470 1470 1470 0 0 0 0
    0 0 4295 4295 4295 4295 4295 4295 4295 4295 4295 4295 4295 4295 1557
    1550 1550 1543 1543 1529 1516 1516 1509 1503 1489 1489 1483 1483
    1483 1483 1477 1477 1470 1470 1470 1470 1477 1477 1477 1477 1483
    1483 1489 1483 1483 1483 1483 1483 1483 1483 1483 1483 1489 1489
    1489 1489 1489 1483 1483 1483 1483 1483 1483 1477 1477 1477 0 0 0 0
    0 0 0 4295 4295 4295 4295 4295 1579 1572 1564 1557 1557 1564 1557
    1550 1550 1543 1536 1529 1516 1503 1496 1496 1489 1489 1489 1483
    1483 1483 1483 1483 1483 1483 1477 1477 1477 1483 1483 1483 1483
    1483 1483 1496 1489 1489 1483 1483 1483 1483 1483 1483 1489 1489
    1489 1489 1489 1489 1483 1483 1483 1483 1483 1483 1483 1477 1477 0 0
    0 0 0 0 0 4295 4349 4349 4349 4349 1579 1572 1557 1550 1543 1536
    1523 1516 1503 1503 1503 1496 1496 1489 1489 1489 1489 1489 1489
    1489 1489 1489 1489 1489 1483 1483 1483 1477 1477 1483 1483 1483
    1483 1489 1489 1496 1496 1489 1489 1489 1489 1489 1489 1489 1489
    1489 1496 1489 1489 1489 1483 1483 1483 1483 1489 1489 1489 1483
    1483 1489 0 0 0 0 0 0 4295 4349 4349 4405 1564 1557 1550 1543 1536
    1523 1509 1503 1496 1496 1496 1496 1496 1489 1489 1489 1489 1489
    1489 1489 1489 1489 1489 1489 1489 1489 1489 1489 1483 1483 1483
    1483 1483 1489 1489 1489 1496 1496 1496 1496 1496 1496 1496 1489
    1489 1489 1496 1496 1496 1489 1489 1489 1489 1489 1489 1489 1489
    1489 1489 1489 1489 0 0 0 0 0 0 4349 4349 1536 1557 1557 1550 1536
    1529 1516 1503 1496 1496 1489 1489 1489 1496 1496 1489 1489 1489
    1489 1489 1489 1489 1489 1489 1489 1489 1489 1489 1489 1489 1489
    1489 1489 1489 1489 1489 1489 1489 1496 1496 1496 1496 1496 1496
    1496 1496 1496 1496 1496 1496 1496 1489 1489 1489 1489 1489 1489
    1496 1496 1496 1489 1489 1489 0 0 0 0 0 0 4349 1523 1536 1536 1536
    1523 1516 1509 1503 1503 1496 1496 1489 1489 1489 1496 1496 1496
    1496 1496 1489 1489 1496 1489 1489 1489 1489 1489 1489 1489 1489
    1489 1489 1489 1489 1489 1489 1489 1489 1489 1496 1496 1496 1496
    1496 1496 1496 1496 1496 1496 1496 1496 1496 1496 1496 1496 1496
    1496 1496 1496 1496 1496 1489 1489 1489 1496 0 0 0 0 1470 1516 1523
    1523 1523 1516 1516 1509 1503 1503 1496 1496 1496 1489 1489 1489
    1496 1496 1503 1496 1496 1496 1496 1496 1496 1496 1496 1496 1496
    1496 1496 1496 1496 1496 1496 1496 1489 1489 1489 1496 1496 1496
    1496 1496 1496 1496 1496 1496 1496 1496 1496 1496 1496 1496 1496
    1496 1496 1496 1496 1496 1496 1496 1496 1496 1489 1489 1496 0 0 0 0
    1470 0 1516 1516 1509 1503 1503 1503 1503 1503 1496 1496 1496 1496
    1496 1496 1503 1503 1503 1496 1496 1496 1496 1496 1496 1496 1496
    1496 1496 1496 1496 1496 1496 1496 1496 1496 1496 1496 1496 1496
    1496 1496 1496 1496 1496 1496 1496 1503 1496 1496 1496 1496 1496
    1496 1496 1496 1496 1496 1496 1496 1496 1496 1496 1496 1496 1496
