<?xml version="1.0"?>
<opencv_storage>
<Depth10873 type_id="opencv-matrix">
  <rows>143</rows>
  <cols>109</cols>
  <dt>w</dt>
  <data>
    4139 4139 4139 4139 4190 4190 4190 4190 4241 4295 4295 4295 4349
    4349 4349 4349 4349 4405 676 676 676 680 684 683 683 688 694 694
    4582 4522 4522 4522 4645 0 0 0 0 4842 4774 4774 4774 4774 4774 4842
    4842 4842 4911 4911 4911 4911 4983 4983 4983 4983 5056 5056 5056
    5132 5132 5210 5210 5210 5210 5210 5291 5291 5291 5291 5291 5291
    5374 5548 5548 5548 5548 5548 5640 5640 5640 5640 5640 5734 5734
    5832 5832 5832 5734 5734 5933 5933 6038 5933 5933 5933 5933 5933
    5832 5832 5734 5734 5734 5640 5640 5640 5640 5640 5548 5548 5548
    4139 4139 4139 4139 4190 4190 4190 4190 4241 0 0 0 4349 4349 4349
    4349 4349 675 675 674 672 672 684 678 678 693 693 693 4582 0 0 0 0 0
    0 0 0 0 4774 4774 4774 4842 0 0 4842 4842 4911 4911 4911 4911 4983
    4983 4983 5056 5056 5056 4983 4983 5132 5210 5210 5132 5132 5210
    5210 5291 5291 5210 5210 5291 5460 5548 5548 5548 5640 5640 5640
    5548 5548 5548 5548 5640 5734 5832 5832 5832 5640 5640 5640 6259
    6259 5933 5933 5933 5933 5933 5933 5832 5734 5734 5734 5640 5640
    5640 5640 0 5640 5548 5548 4089 4139 4190 4190 4190 4190 0 0 0 0 0 0
    0 666 666 664 674 674 671 671 671 671 671 672 672 672 693 693 0 0 0
    0 0 0 0 0 0 0 0 0 4911 4911 0 0 0 0 0 0 0 0 4983 4983 4983 5056 5056
    5056 4983 4983 5132 5210 5210 5132 5132 5210 5210 5291 5291 5210
    5210 5291 5460 5548 5548 5640 5640 5640 5640 5548 5548 5548 5548
    5640 5734 5832 5832 5832 5548 5548 5548 6146 6146 6038 6038 5933
    5933 5933 5832 5832 5832 5832 5832 5734 5640 5640 0 0 0 0 0 4089
    4139 0 0 0 0 0 0 0 0 0 0 0 666 666 664 664 670 670 670 668 668 668
    668 668 666 666 4582 0 0 0 0 0 0 0 0 0 0 0 0 0 0 0 0 0 0 0 0 0 0 0 0
    0 0 0 0 5056 5056 5210 5210 5210 5056 5056 5056 5132 5210 5291 5291
    5291 5374 5548 5548 5548 5640 5640 5640 5640 5548 5548 5548 5548
    5548 5832 5933 5832 5832 5548 5548 5548 6146 5933 5933 5933 5933
    5933 5933 5832 5832 5832 5832 5832 5832 5832 0 0 0 0 0 0 4089 4089 0
    0 0 0 0 0 0 0 0 0 0 662 662 662 662 662 661 661 661 661 663 663 663
    663 666 0 0 0 0 0 0 0 0 0 0 0 0 0 0 0 0 0 0 0 0 0 0 0 0 0 0 0 0 0 0
    0 0 0 0 5056 5056 5056 5132 5210 0 0 0 5548 5548 5640 5640 0 604 604
    604 604 604 5548 5548 5548 5548 5548 5548 584 586 586 6146 6146 5933
    5933 5933 5832 5832 5832 5832 5832 5832 5832 5832 5933 6146 0 0 0 0
    0 0 4139 647 649 650 0 0 0 0 0 0 0 0 0 661 661 661 661 661 659 659
    658 658 659 661 661 662 0 0 0 0 0 0 0 0 0 0 0 0 0 0 0 0 0 0 0 0 0 0
    0 0 0 0 0 0 0 0 0 0 0 0 0 0 0 0 0 0 0 0 0 0 0 0 0 0 603 603 601 600
    600 600 600 590 590 0 0 0 0 586 586 586 5832 5832 5832 5734 5734
    5734 5291 5291 5832 5832 5832 5933 6375 0 0 0 0 0 0 647 647 649 650
    0 0 0 0 0 0 0 0 0 661 661 659 659 659 657 657 658 657 657 661 661
    662 0 0 0 0 0 0 0 0 0 0 0 0 0 0 0 0 0 0 0 0 0 0 0 0 0 0 0 0 0 0 0 0
    0 0 0 0 0 0 0 0 0 0 0 0 0 0 0 0 600 600 599 599 600 600 590 590 590
    0 584 584 583 585 585 578 577 575 575 5734 5734 5374 5291 5291 5291
    6038 6038 6497 6497 0 0 0 0 0 0 647 647 649 650 0 0 0 0 0 0 0 0 0
    662 662 659 659 659 621 621 658 654 654 654 0 0 0 0 0 0 0 0 0 0 0 0
    0 0 0 0 0 0 0 0 0 0 0 0 0 0 0 0 0 0 0 0 0 0 0 0 0 0 0 0 0 0 0 0 0 0
    0 0 0 0 596 596 596 588 586 586 590 590 590 572 584 584 583 581 581
    577 576 575 573 573 573 5374 5291 5291 0 0 0 0 0 0 0 0 0 0 0 649 646
    643 643 0 0 0 631 629 629 625 625 0 618 618 618 623 623 621 620 620
    619 614 614 614 0 0 0 0 0 0 0 0 0 0 0 0 0 0 0 0 0 0 0 0 0 0 0 0 0 0
    0 0 0 0 0 0 0 0 0 0 0 0 0 0 0 0 0 0 0 0 0 0 0 596 596 596 588 578
    574 572 572 572 572 572 579 577 577 576 575 575 574 572 572 572 5460
    5291 5291 0 0 0 0 0 0 0 0 0 0 0 649 646 642 642 642 636 634 630 629
    629 625 622 619 618 618 618 621 621 620 619 619 619 614 614 614 614
    0 0 0 0 0 0 0 0 0 0 0 0 0 0 0 0 0 0 0 0 0 0 0 0 0 0 0 0 0 0 0 0 0 0
    0 0 0 0 0 0 0 0 0 0 0 0 0 0 0 0 0 0 578 574 572 571 569 569 570 571
    574 573 573 572 572 572 572 572 572 565 0 0 0 0 0 0 0 0 0 0 0 0 0
    649 646 642 641 640 636 634 630 629 629 627 622 619 618 618 615 613
    610 610 610 609 609 615 615 614 614 0 0 0 0 0 0 0 0 0 0 0 0 0 0 0 0
    0 0 0 0 0 0 0 0 565 565 565 565 0 0 0 0 0 0 0 0 0 0 0 0 0 0 0 0 0 0
    0 0 0 0 0 0 579 573 571 570 569 568 568 565 565 573 573 572 571 568
    568 565 565 565 0 0 0 0 0 0 0 0 0 0 0 0 0 649 646 642 641 640 636
    635 631 630 629 627 622 620 618 618 615 613 610 609 609 609 609 602
    600 600 600 0 0 0 0 0 588 588 0 0 0 0 0 0 0 0 0 0 0 0 0 0 0 0 0 565
    565 565 565 557 556 556 0 552 551 548 547 546 546 0 0 0 0 0 0 0 0 0
    0 0 0 0 0 0 570 569 569 567 565 565 563 560 560 557 557 571 568 568
    565 565 565 0 0 0 0 0 0 0 0 0 0 0 0 0 650 647 642 641 640 637 636
    634 631 630 627 625 621 619 618 615 613 611 609 609 609 603 601 600
    596 595 593 592 591 590 589 588 584 584 0 0 0 0 0 0 0 0 0 0 0 0 0
    568 568 566 565 565 564 564 557 556 556 554 552 551 548 547 546 546
    546 0 0 0 0 0 0 0 0 0 0 0 0 0 0 570 569 569 567 565 565 562 560 560
    557 557 559 0 0 0 0 0 0 0 0 0 0 0 0 0 0 0 0 0 0 652 649 646 642 640
    637 636 635 632 631 628 627 622 621 618 615 613 612 611 610 609 603
    601 599 596 595 593 591 590 589 589 585 583 582 580 577 576 576 572
    570 569 569 0 561 561 0 0 568 568 566 565 565 564 562 558 557 555
    554 553 551 549 547 546 546 546 543 543 539 539 0 0 0 0 0 0 0 0 0 0
    0 0 0 0 0 0 562 561 561 559 559 559 0 0 0 0 0 0 0 0 0 0 0 0 0 0 0 0
    0 0 652 649 646 643 641 638 637 636 635 632 630 627 622 621 620 616
    614 612 611 610 609 603 601 599 597 595 593 591 590 589 589 585 583
    582 580 577 576 575 572 570 569 568 565 561 561 560 558 556 554 552
    552 565 564 562 558 557 555 554 553 551 550 548 547 546 546 543 542
    539 539 539 0 0 0 0 0 0 0 0 0 0 0 0 0 0 0 0 0 0 0 0 0 0 0 0 0 0 0 0
    0 549 549 0 0 0 0 0 0 0 0 653 652 647 644 642 640 638 637 636 634
    630 628 622 622 620 619 616 613 612 610 609 604 602 600 598 596 594
    592 591 590 588 585 584 583 581 578 576 575 572 570 569 566 565 562
    561 560 558 556 554 552 548 546 545 544 543 542 540 540 554 554 552
    552 547 527 526 526 542 540 539 539 0 0 0 0 0 0 0 0 0 0 0 0 0 0 0 0
    0 0 0 0 0 0 0 0 0 0 0 0 0 549 549 551 0 0 0 0 0 0 0 653 653 648 644
    643 641 640 638 636 634 631 629 624 622 621 620 616 615 612 610 608
    607 604 601 598 597 595 593 592 591 588 585 584 583 581 578 576 575
    572 570 569 566 565 563 562 560 558 556 554 552 548 546 545 544 543
    542 540 540 538 537 536 535 529 527 526 525 525 522 522 520 520 0 0
    0 0 0 0 0 0 0 0 0 0 0 0 0 0 0 0 0 0 0 0 0 0 0 0 0 0 550 550 551 0 0
    0 0 0 0 0 653 653 648 646 644 642 640 638 637 634 632 630 624 622
    621 621 618 615 614 612 608 607 604 602 601 599 597 596 594 591 589
    586 585 584 581 579 577 575 573 571 569 566 565 564 563 561 559 556
    554 551 549 547 546 545 544 542 541 540 538 537 536 535 529 527 526
    525 525 522 522 520 520 517 517 0 0 0 0 0 0 0 0 0 0 0 0 0 0 0 0 0 0
    0 0 0 0 0 0 0 0 550 550 551 552 0 0 0 0 0 0 654 654 654 647 644 643
    641 640 637 634 632 630 625 623 622 621 619 616 615 612 608 607 606
    602 601 600 598 597 595 593 590 586 584 584 581 580 577 576 574 572
    570 567 565 565 563 561 559 556 555 551 550 548 546 546 545 543 541
    540 540 538 537 534 530 529 527 526 525 524 523 521 519 517 515 514
    514 511 511 508 505 504 503 502 502 502 0 0 0 0 0 0 0 0 0 0 0 0 0 0
    0 551 551 552 552 0 0 0 0 0 0 655 655 654 648 646 643 641 640 638
    636 632 631 627 624 622 621 619 616 615 613 610 609 608 604 602 600
    599 597 595 593 591 589 584 584 581 580 579 577 576 574 571 568 565
    565 564 562 559 557 557 552 551 550 547 546 545 544 542 540 540 538
    537 534 531 529 528 527 526 525 524 521 518 517 515 514 514 511 510
    508 505 504 503 502 500 500 500 0 0 0 0 0 0 0 0 0 0 0 0 0 0 553 553
    553 554 0 0 0 0 0 0 658 657 654 649 647 644 642 640 638 636 632 631
