<?xml version="1.0"?>
<opencv_storage>
<Depth3807 type_id="opencv-matrix">
  <rows>71</rows>
  <cols>33</cols>
  <dt>w</dt>
  <data>
    1392 1392 1392 0 0 0 1381 1381 1365 4349 4349 1343 1343 1343 1354
    4190 4190 4190 4190 4139 4139 4089 4089 4089 4089 4089 4089 4041
    4041 3994 3994 3994 3994 1387 1387 1370 1370 1387 1387 1381 1381
    1365 1365 1365 1343 1343 1343 1354 1370 1370 1370 4190 3994 3994
    4089 4089 4089 4041 4041 4089 4041 4041 3994 3994 4041 4041 1370
    1370 1365 1365 1365 1370 1370 1370 1365 1365 1365 1354 1354 1365
    1365 1370 1370 1370 1387 3994 3994 4089 4089 4089 4041 4041 4041
    4041 4041 4041 4041 4041 4041 1370 1370 1365 1365 1365 1370 1370
    1370 1370 1370 1365 1365 1370 1370 1370 1370 1370 1370 1387 1398
    1398 4139 4089 3994 3994 3994 4041 4041 4041 4041 4041 4041 4041
    1376 1370 1370 1370 1370 1365 1365 1370 1370 1370 1370 1370 1370
    1370 1370 1376 1376 1381 1387 1398 1427 1452 1452 3994 3994 3994
    4041 4041 4041 4041 4041 4041 4041 1381 1376 1370 1370 1370 1365
    1365 1370 1370 1370 1370 1370 1370 1370 1370 1376 1376 1381 1387
    1392 1421 1452 1452 1458 4041 4089 4089 4089 4041 4041 3994 3994
    3994 1381 1376 1376 1370 1370 1370 1370 1370 1370 1370 1370 1370
    1370 1370 1370 1370 1370 1381 1387 1392 1421 1439 1452 1458 1458
    1458 4089 4089 4089 4041 3994 3994 3994 1376 1370 1370 1370 1370
    1370 1370 1370 1370 1370 1370 1370 1370 1370 1370 1370 1370 1376
    1387 1392 1410 1433 1439 1445 1458 1458 4139 4139 4089 4089 4089
    3994 3994 1376 1370 1370 1370 1370 1370 1370 1370 1370 1370 1370
    1370 1370 1370 1370 1370 1370 1376 1387 1398 1410 1415 1433 1445
    1452 1452 4139 4139 4089 4089 4089 4041 4041 1376 1370 1370 1370
    1370 1370 1370 1376 1376 1370 1370 1370 1370 1370 1370 1370 1370
    1376 1387 1404 1410 1415 1433 1445 1452 1452 4139 4139 4139 4139
    4139 4089 4089 1376 1370 1370 1370 1370 1370 1370 1376 1376 1370
    1370 1370 1370 1370 1370 1370 1370 1376 1387 1398 1410 1427 1433
    1445 1452 1464 1464 4190 4190 4139 4139 4139 4139 1370 1370 1370
    1370 1370 1370 1376 1376 1376 1370 1370 1370 1370 1370 1370 1370
    1376 1381 1387 1398 1410 1421 1439 1445 1464 1464 1464 4241 4241
    4190 4190 4139 4139 1370 1370 1370 1370 1370 1370 1376 1376 1376
    1370 1370 1370 1370 1370 1370 1376 1376 1381 1392 1398 1410 1421
    1439 1452 1464 1464 1464 4405 4349 4295 4190 4190 4139 1376 1370
    1370 1370 1370 1376 1376 1376 1370 1370 1370 1370 1376 1376 1376
    1376 1376 1381 1392 1392 1410 1415 1433 1452 1464 1464 1464 4405
    4405 4295 4190 4190 4139 1376 1376 1370 1370 1376 1376 1376 1376
    1370 1370 1370 1370 1370 1370 1376 1381 1381 1387 1392 1392 1410
    1415 1433 1445 1452 1452 1452 4405 4405 4405 4241 4241 4190 1381
    1381 1370 1370 1376 1376 1376 1376 1376 1376 1370 1370 1370 1370
    1376 1381 1381 1381 1392 1392 1410 1415 1433 1439 1452 1452 1452
    1452 4405 4405 4349 4295 4241 1381 1381 1376 1370 1370 1376 1376
    1376 1376 1376 1370 1370 1381 1381 1381 1381 1381 1381 1392 1398
    1410 1415 1433 1439 1452 1452 1452 1452 4405 4405 4405 4349 4295
    1381 1381 1376 1370 1370 1376 1376 1376 1376 1376 1376 1376 1376
    1376 1381 1381 1381 1387 1392 1398 1404 1415 1427 1433 1439 1452
    1452 1452 4405 4405 4405 4405 4349 1381 1381 1376 1370 1370 1370
    1376 1376 1376 1376 1376 1376 1376 1376 1381 1381 1381 1387 1387
    1392 1404 1415 1427 1427 1439 1458 1458 1458 4405 4405 4405 4463
    4405 1376 1376 1376 1370 1370 1370 1376 1376 1376 1376 1376 1376
    1376 1381 1387 1387 1387 1387 1387 1392 1398 1410 1427 1427 1439
    1458 1458 1458 4463 4463 4463 4463 4463 1376 1376 1376 1370 1370
    1376 1376 1376 1376 1376 1376 1376 1376 1387 1387 1387 1387 1387
    1387 1392 1398 1410 1427 1433 1439 1458 1477 1477 4463 4463 4463
    4463 4463 1381 1381 1376 1370 1370 1376 1376 1381 1376 1376 1376
    1376 1381 1387 1387 1387 1387 1387 1387 1387 1392 1410 1421 1433
    1439 1464 1470 1470 4463 4463 4463 4522 4463 1381 1381 1376 1376
    1376 1376 1376 1381 1376 1376 1381 1381 1381 1387 1387 1387 1387
    1387 1387 1387 1392 1410 1421 1433 1445 1464 1470 1470 4463 4463
    4463 4522 4522 1381 1381 1381 1376 1376 1381 1381 1387 1381 1381
    1381 1381 1387 1387 1387 1387 1387 1387 1387 1387 1398 1410 1421
    1433 1445 1464 1464 1464 4463 4463 4463 4522 4582 1381 1381 1381
    1381 1381 1387 1387 1387 1381 1381 1381 1381 1387 1387 1387 1387
    1387 1387 1387 1392 1398 1404 1415 1421 1439 1458 1464 1464 1464
    4522 4522 4522 4582 1381 1381 1381 1381 1381 1381 1381 1387 1387
    1387 1381 1381 1387 1387 1387 1387 1387 1387 1387 1392 1398 1398
    1415 1421 1439 1452 1464 1464 1464 4582 4582 4582 4582 1387 1387
    1381 1381 1376 1376 1381 1381 1387 1387 1387 1387 1387 1387 1387
    1387 1387 1387 1392 1392 1398 1398 1415 1433 1439 1452 1464 1470
    1470 4582 4582 4582 4582 1387 1387 1381 1376 1376 1376 1376 1376
    1381 1387 1387 1387 1387 1387 1387 1387 1387 1387 1387 1392 1398
    1398 1415 1421 1439 1452 1464 1464 1483 4645 4645 4582 4582 1381
    1381 1381 1376 1376 1376 1376 1376 1381 1387 1387 1392 1392 1392
    1387 1387 1387 1387 1387 1392 1392 1398 1421 1421 1445 1452 1464
    1483 1483 4645 4645 4582 4582 1381 1381 1381 1381 1387 1381 1381
    1381 1381 1387 1392 1392 1392 1392 1392 1387 1387 1387 1387 1392
    1392 1398 1427 1427 1439 1452 1464 1483 1483 1483 4582 4582 4582
    1381 1381 1387 1387 1387 1387 1387 1387 1387 1387 1392 1392 1392
    1392 1392 1392 1387 1387 1387 1387 1392 1398 1427 1427 1433 1452
    1458 1483 1483 0 4582 4582 4582 1381 1381 1387 1387 1387 1387 1387
    1387 1387 1387 1392 1392 1392 1392 1392 1392 1387 1387 1387 1387
    1392 1398 1433 1433 1433 1445 1458 1483 1483 0 4582 4582 4582 1387
    1387 1387 1387 1387 1387 1387 1387 1392 1392 1387 1387 1392 1392
    1392 1392 1392 1392 1392 1392 1392 1404 1427 1427 1433 1439 1470
    1483 1483 0 4582 4582 4582 1392 1392 1387 1387 1387 1387 1392 1392
    1392 1392 1387 1387 1392 1392 1392 1392 1392 1392 1392 1392 1392
    1410 1427 1427 1433 1439 1477 1483 1483 0 4645 4645 4582 1392 1392
    1392 1392 1392 1392 1392 1392 1392 1392 1387 1387 1392 1392 1392
    1392 1392 1392 1392 1392 1398 1410 1427 1427 1433 1439 1470 1483
    1483 1489 4645 4645 4582 1392 1392 1392 1392 1392 1392 1392 1392
    1387 1387 1392 1387 1387 1392 1392 1392 1398 1398 1398 1398 1398
    1410 1421 1421 1433 1439 1464 1477 1489 1489 4582 4582 4582 1392
    1392 1392 1392 1392 1392 1392 1392 1387 1387 1392 1387 1387 1392
    1392 1392 1398 1398 1398 1398 1398 1410 1421 1421 1427 1439 1464
    1477 1483 1483 4582 4582 4582 1387 1392 1392 1392 1392 1392 1392
    1398 1392 1392 1392 1392 1392 1392 1392 1392 1398 1398 1392 1392
    1404 1410 1421 1421 1427 1445 1458 1464 1470 1470 1470 4645 4645
    1387 1392 1392 1392 1392 1392 1392 1392 1392 1392 1392 1392 1392
    1392 1392 1392 1398 1398 1392 1392 1410 1415 1415 1421 1427 1445
    1458 1464 1464 1464 0 4645 4645 1387 1392 1392 1392 1392 1392 1392
    1392 1392 1392 1392 1392 1392 1392 1392 1398 1398 1398 1398 1398
    1410 1410 1415 1427 1427 1445 1458 1464 1464 1464 0 4645 4645 1387
    1392 1392 1392 1398 1392 1392 1392 1392 1392 1392 1392 1392 1392
    1392 1398 1398 1404 1398 1398 1404 1410 1415 1427 1427 1445 1458
    1464 1464 1464 0 4645 4645 1392 1392 1398 1398 1398 1392 1392 1392
    1392 1392 1392 1392 1392 1392 1392 1398 1398 1398 1398 1398 1404
    1410 1415 1427 1433 1452 1464 1464 1470 1470 0 4582 4582 1392 1392
    1392 1392 1392 1392 1392 1392 1392 1392 1398 1398 1398 1398 1398
    1398 1398 1398 1398 1404 1404 1410 1415 1427 1439 1452 1464 1470
    1477 1477 1483 4582 4582 1392 1392 1392 1392 1392 1392 1392 1392
    1392 1398 1398 1398 1398 1398 1398 1398 1398 1398 1398 1404 1404
    1404 1410 1421 1439 1445 1458 1470 1477 1483 1483 4582 4582 1398
    1398 1392 1392 1392 1392 1392 1392 1398 1398 1398 1398 1398 1398
    1398 1398 1398 1398 1398 1404 1404 1404 1410 1421 1433 1445 1458
