<?xml version="1.0"?>
<opencv_storage>
<Depth0713 type_id="opencv-matrix">
  <rows>52</rows>
  <cols>69</cols>
  <dt>w</dt>
  <data>
    4645 4645 4645 4645 4645 4645 4582 4582 1509 1509 1509 1509 1516
    1509 1509 1509 1523 4645 4645 4645 1516 4582 4582 4582 4645 4645
    4645 4645 4645 4645 4645 4645 4645 4645 4645 4645 4645 4645 4645
    4582 4582 4582 4582 4582 4708 4708 4708 4708 4708 4708 4708 4708
    4708 4708 4708 4645 4645 4645 4645 4645 4582 4582 4582 4582 4645
    4645 4645 4645 4645 4645 4645 4645 4645 4708 4708 4582 4582 1516
    1516 1516 1516 1516 1509 1509 1509 1516 1509 1509 1516 1516 1523
    1523 4645 4645 4645 4645 4645 4645 4645 4645 4645 4645 4645 4645
    4645 4645 4645 4645 4582 4582 4582 4645 4645 4708 4708 4708 4708
    4708 4708 4708 4708 4708 4708 4708 4708 4708 4645 4645 4582 4582
    4582 4582 4582 4645 4645 4645 4645 4582 4645 4645 4645 4645 4645
    4645 1523 1516 1516 1516 1516 1516 1516 1516 1516 1516 1516 1509
    1509 1516 1516 1523 1523 1523 1523 1529 1523 1523 4645 4645 4645
    4645 4645 4645 4645 4645 4645 4645 4645 4582 4582 4645 4645 4645
    4708 4708 4708 4708 4708 4708 4708 4708 4708 4708 4708 4708 4708
    4645 4645 4582 4582 4582 4645 4645 4645 4708 4645 4645 4582 4645
    4645 4645 4645 4645 0 1523 1523 1516 1516 1516 1516 1516 1516 1516
    1516 1516 1516 1516 1523 1523 1523 1523 1523 1523 1529 1523 1523
    1523 1523 1523 1523 1529 1529 1536 4645 4645 4645 4645 4645 4645
    4645 4645 4645 4708 4708 4708 4708 4708 4708 4708 4708 4708 4708
    4708 4708 4645 4645 4645 4582 4582 4582 4645 4645 4708 4708 4645
    4645 4645 4645 4645 4645 4645 0 0 1523 1523 1516 1516 1516 1516 1516
    1516 1516 1516 1516 1516 1516 1523 1523 1523 1523 1523 1529 1536
    1529 1529 1523 1523 1523 1523 1529 1529 1523 1523 1536 1536 1536
    1543 4645 4645 4645 4645 4708 4708 4708 4708 4708 4708 4708 4708
    4708 4708 4708 4708 4645 4645 4645 4645 4645 4645 4645 4645 4708
    4708 4708 4708 4708 4645 4645 4645 4645 4774 0 1523 1523 1516 1516
    1516 1516 1516 1516 1516 1516 1523 1523 1523 1523 1523 1523 1523
    1523 1523 1529 1529 1529 1529 1529 1529 1529 1529 1529 1523 1523
    1536 1536 1536 1536 1536 1550 1550 4645 4708 4645 4645 4708 4708
    4708 4708 4708 4708 4708 4708 4708 4645 4645 4645 4645 4645 4645
    4645 4708 4708 4708 4774 4708 4708 4645 4645 4645 4774 4774 0 1516
    1516 1516 1516 1516 1516 1516 1516 1516 1516 1516 1523 1523 1523
    1523 1523 1523 1523 1523 1529 1523 1523 1529 1529 1529 1529 1529
    1529 1529 1529 1529 1536 1536 1536 1536 1543 1550 1550 1550 1550
    4645 4708 4708 4708 4708 4708 4708 4708 4708 4708 4645 4645 4645
    4645 4645 4645 4708 4708 4708 4774 4774 4774 4708 4708 4708 4774
    4774 4774 0 1523 1516 1516 1516 1516 1516 1516 1516 1516 1516 1516
    1523 1523 1523 1523 1523 1523 1516 1516 1523 1523 1523 1529 1529
    1529 1529 1529 1529 1529 1529 1529 1536 1536 1536 1536 1543 1543
    1543 1543 1543 1543 1543 1550 1550 1543 1543 4774 4708 4708 4708
    4645 4645 4645 4645 4645 4708 4708 4708 4708 4774 4774 4774 4774
    4774 4774 4774 4842 0 0 1516 1516 1516 1516 1516 1516 1516 1516 1516
    1516 1523 1516 1516 1516 1523 1523 1523 1516 1516 1516 1523 1523
    1523 1529 1529 1529 1536 1536 1536 1536 1536 1536 1536 1536 1536
    1543 1543 1543 1543 1543 1543 1543 1543 1543 1543 1543 1550 1557
    1557 4708 4645 4645 4708 4645 4645 4708 4708 4774 4708 4708 4774
    4774 4842 4774 4842 4842 4842 4842 0 1509 1509 1509 1509 1516 1516
    1516 1516 1516 1516 1516 1516 1516 1516 1516 1523 1523 1516 1516
    1516 1523 1523 1523 1529 1529 1529 1529 1536 1536 1536 1536 1536
    1536 1536 1536 1543 1543 1543 1543 1543 1543 1543 1543 1543 1543
    1543 1543 1550 1550 1550 1550 1550 1557 4645 4645 4708 4708 4774
    4708 4708 4774 4774 4774 4774 4842 4842 4842 4842 1509 1509 1509
    1509 1509 1516 1516 1516 1516 1516 1516 1516 1516 1516 1516 1516
    1523 1523 1523 1516 1516 1523 1523 1523 1529 1529 1529 1529 1536
    1536 1536 1536 1536 1536 1536 1536 1543 1543 1543 1543 1543 1543
    1543 1543 1543 1543 1543 1543 1550 1550 1550 1550 1550 1550 1550
    1557 1557 1557 1557 1550 1550 1557 1557 4774 4774 4842 4842 4842 0
    1503 1503 1503 1509 1509 1509 1509 1509 1516 1516 1516 1516 1516
    1516 1516 1516 1516 1523 1523 1523 1523 1523 1529 1529 1523 1523
    1529 1529 1529 1536 1536 1536 1536 1536 1536 1536 1543 1543 1543
    1543 1543 1543 1543 1543 1543 1543 1543 1543 1550 1550 1550 1550
    1550 1550 1550 1550 1550 1550 1550 1550 1550 1550 1557 1557 4774
    4842 4842 4983 0 1503 1503 1503 1509 1509 1509 1509 1509 1516 1516
    1516 1516 1516 1516 1516 1516 1516 1523 1523 1523 1523 1523 1529
    1529 1523 1523 1529 1529 1529 1529 1536 1536 1536 1536 1536 1536
    1543 1543 1543 1543 1543 1543 1543 1543 1543 1543 1543 1543 1543
    1543 1550 1550 1550 1550 1550 1550 1550 1550 1550 1550 1550 1550
    1550 1550 4774 4842 4983 4983 1509 1509 1509 1509 1509 1509 1509
    1516 1509 1509 1509 1509 1516 1516 1516 1516 1516 1516 1523 1523
    1523 1523 1523 1523 1529 1523 1523 1523 1523 1529 1529 1536 1536
    1536 1536 1536 1536 1543 1543 1543 1543 1543 1543 1543 1543 1543
    1543 1543 1543 1543 1543 1550 1550 1550 1550 1550 1550 1550 1550
    1550 1550 1550 1550 1550 1550 4842 4842 4983 4983 1509 1509 1509
    1509 1509 1509 1509 1516 1509 1509 1509 1509 1516 1516 1516 1516
    1516 1516 1523 1523 1523 1523 1523 1523 1529 1523 1523 1523 1523
    1529 1529 1536 1536 1536 1536 1536 1536 1543 1543 1543 1543 1543
    1543 1543 1543 1543 1543 1543 1543 1543 1543 1550 1550 1550 1550
    1550 1550 1550 1550 1550 1550 1550 1557 1550 1550 4842 4842 5056
    5056 1509 1509 1509 1509 1509 1509 1509 1509 1509 1509 1509 1509
    1509 1516 1516 1516 1516 1516 1523 1523 1523 1523 1523 1523 1529
    1523 1523 1523 1523 1529 1529 1536 1536 1536 1536 1536 1536 1543
    1543 1543 1543 1543 1543 1543 1543 1543 1543 1543 1543 1543 1543
    1550 1550 1550 1550 1550 1550 1550 1550 1550 1557 1557 1557 1550
    1550 4911 4983 4983 1516 1516 1516 1509 1509 1509 1509 1509 1509
    1509 1509 1509 1509 1509 1516 1516 1516 1516 1516 1523 1523 1523
    1516 1516 1523 1523 1523 1523 1523 1523 1529 1529 1536 1536 1536
    1536 1536 1536 1543 1543 1543 1543 1543 1543 1543 1543 1543 1543
    1543 1543 1550 1550 1550 1550 1550 1550 1550 1550 1550 1550 1550
    1557 1557 1550 1550 1550 4911 4911 1516 1516 1516 1516 1509 1509
    1509 1509 1509 1509 1509 1509 1509 1509 1509 1509 1516 1516 1516
    1516 1523 1523 1523 1516 1516 1523 1523 1523 1523 1523 1523 1529
    1529 1536 1536 1536 1536 1536 1536 1543 1543 1543 1543 1543 1543
    1543 1543 1543 1543 1543 1543 1550 1550 1550 1550 1550 1550 1550
    1550 1550 1550 1550 1550 1557 1550 1550 1550 4842 4842 1509 1509
    1509 1509 1509 1509 1509 1509 1509 1509 1509 1509 1509 1509 1509
    1509 1516 1516 1516 1516 1516 1516 1516 1516 1523 1523 1523 1523
    1523 1523 1523 1529 1536 1536 1536 1536 1536 1536 1536 1543 1543
    1543 1543 1543 1543 1543 1543 1543 1550 1550 1550 1550 1550 1550
    1550 1550 1550 1550 1550 1550 1550 1550 1550 1557 1557 1557 1557
    4842 4842 1509 1509 1509 1509 1509 1509 1509 1509 1509 1509 1516
    1516 1516 1516 1509 1509 1516 1516 1516 1516 1516 1516 1516 1516
    1523 1523 1523 1523 1523 1523 1529 1529 1536 1536 1536 1536 1536
    1536 1536 1543 1543 1543 1543 1543 1543 1543 1543 1543 1550 1550
    1550 1543 1543 1550 1550 1550 1550 1550 1550 1550 1550 1550 1557
    1557 1550 1550 1550 4842 4842 1503 1503 1503 1509 1509 1509 1509
    1509 1509 1509 1516 1516 1516 1516 1509 1509 1509 1516 1516 1516
    1516 1516 1516 1516 1523 1523 1523 1523 1523 1529 1523 1523 1529
    1529 1529 1536 1536 1536 1536 1543 1543 1543 1543 1543 1543 1543
    1543 1543 1550 1550 1550 1543 1543 1550 1550 1550 1550 1550 1550
    1550 1550 1550 1550 1557 1550 1550 1550 4842 1496 1503 1503 1503
    1509 1509 1509 1509 1509 1509 1509 1516 1516 1516 1516 1509 1509
    1509 1516 1516 1516 1516 1516 1516 1516 1516 1523 1523 1523 1523
