<?xml version="1.0"?>
<opencv_storage>
<Depth14879 type_id="opencv-matrix">
  <rows>94</rows>
  <cols>47</cols>
  <dt>w</dt>
  <data>
    5734 5640 5640 5640 5640 5548 5548 5548 5548 5548 5460 5460 5460
    5460 5291 5291 1283 1278 1278 1283 1283 1283 0 5210 5210 5210 5210
    5210 5132 5132 5056 5056 5056 4983 4983 4983 4983 4983 4911 4911
    4911 4911 4911 4842 4842 4842 4774 5734 5640 5640 5640 5640 5548
    5548 1273 1273 1273 1273 1273 1273 1268 1268 1268 1273 1273 1264
    1264 1264 1259 0 0 5132 0 5132 5132 5132 5132 5132 5056 5056 4983
    4983 4983 4983 4983 4911 4911 4911 4911 4911 4842 4842 4774 4774
    5734 5734 5640 5640 5548 5548 1278 1273 1273 1273 1273 1273 1273
    1268 1268 1268 1268 1268 1264 1259 1259 1259 1259 1259 0 5056 5056
    5056 5132 5132 5132 5056 5056 4983 4983 4983 4983 4983 4983 4983
    4911 4911 4911 4842 4842 4774 4774 1273 1278 1278 1273 1273 1273
    1273 1273 1273 1273 1273 1273 1268 1268 1268 1268 1268 1268 1268
    1259 1255 1255 1259 0 0 0 4983 4983 5132 5132 5132 5056 5056 4983
    4983 4983 4983 4983 4983 4983 4911 4911 4911 4842 4842 4774 4774
    1273 1273 1278 1273 1273 1273 1273 1273 1273 1268 1268 1268 1268
    1268 1268 1268 1268 1268 1268 1268 1255 1255 1255 0 0 0 4983 4983
    5132 5132 5132 5056 5056 5056 4983 4983 4983 4983 4983 4983 4983
    4911 4911 4911 4842 4842 4842 1273 1273 1273 1273 1273 1273 1273
    1273 1273 1268 1268 1268 1268 1268 1268 1268 1268 1268 1268 1268
    1259 1255 1255 0 0 0 5132 5132 5132 5056 5056 5056 5056 5056 4983
    4983 4983 4983 4983 4983 4983 4911 4911 4911 4911 4842 4842 1273
    1273 1273 1273 1273 1273 1273 1273 1268 1268 1268 1268 1268 1268
    1268 1268 1268 1268 1268 1268 1259 1259 1255 1255 0 0 0 5132 5132
    5056 5056 5056 5132 5132 5056 4983 4983 4983 4983 4983 4911 4911
    4911 4842 4842 4842 4842 1273 1273 1273 1278 1273 1273 1273 1273
    1268 1268 1268 1268 1268 1268 1268 1268 1268 1268 1264 1264 1259
    1259 1255 1255 1255 0 0 5056 5056 5056 5056 5056 5132 5132 5056 4983
    4983 4983 4983 4983 4911 4911 4911 4842 4842 4842 4842 1278 1273
    1273 1273 1273 1273 1273 1273 1273 1268 1268 1268 1268 1268 1268
    1268 1268 1268 1264 1264 1259 1259 1255 1255 1255 1259 0 5056 5056
    5056 5056 5056 5056 5056 5056 4983 4983 4983 4983 4983 4983 4911
    4911 4911 4911 4842 4842 1273 1273 1273 1273 1273 1273 1273 1273
    1273 1268 1268 1268 1268 1268 1268 1268 1268 1268 1268 1268 1264
    1264 1255 1255 1259 1259 0 5056 0 5056 5056 5056 5056 5056 5056 5056
    4983 4983 4983 4983 4983 4911 4911 4911 4911 4911 4842 1259 1268
    1273 1273 1273 1273 1273 1273 1273 1268 1268 1268 1268 1268 1268
    1268 1268 1268 1268 1268 1268 1268 1264 1259 1255 1255 0 0 0 5132
    5132 5132 5132 5056 5056 5056 5056 4983 4983 4983 4911 4911 4911
    4911 4911 4911 4842 1255 1268 1273 1273 1273 1273 1273 1273 1273
    1273 1273 1268 1268 1268 1268 1268 1268 1268 1268 1268 1268 1268
    1264 1264 1255 1255 0 0 0 5132 5132 5132 5132 5056 5056 5056 5056
    4983 4983 4983 4911 4911 4911 4911 4911 4911 4842 1255 1268 1273
    1273 1273 1273 1273 1273 1273 1273 1268 1268 1268 1268 1268 1264
    1264 1268 1268 1268 1268 1268 1264 1264 1255 1255 1255 0 5132 5132
    5132 5132 5132 5132 5056 5056 5056 4983 4983 4983 4911 4911 4911
    4911 4842 4842 4842 1268 1268 1273 1273 1273 1273 1273 1273 1273
    1273 1268 1268 1268 1268 1268 1264 1264 1264 1264 1268 1268 1268
    1264 1259 1255 1255 1255 0 5132 5132 5132 5132 5056 5056 5056 5056
    5056 4983 4983 4983 4911 4911 4911 4911 4842 4842 4842 1273 1273
    1273 1273 1273 1273 1273 1273 1268 1268 1268 1268 1268 1268 1268
    1264 1264 1264 1264 1268 1268 1268 1264 1259 1255 1255 1255 0 5210
    5210 5132 5132 5056 5056 5056 5056 5056 4983 4983 4983 4911 4911
    4911 4911 4842 4842 4842 0 1278 1278 1273 1273 1273 1273 1273 1268
    1268 1268 1268 1268 1268 1268 1264 1264 1264 1264 1264 1264 1268
    1264 1259 1259 1259 1259 1255 5210 5210 5132 5132 5056 5056 5056
    5056 5056 4983 4983 4983 4911 4911 4911 4911 4842 4842 4842 0 1283
    1278 1273 1273 1273 1273 1268 1268 1268 1268 1268 1268 1268 1268
    1268 1268 1264 1264 1264 1264 1264 1264 1259 1259 1255 1255 1255
    5210 5210 5132 5132 5056 5056 5056 5056 5056 4983 4983 4983 4911
    4911 4911 4911 4842 4842 4842 0 0 1273 1273 1273 1273 1273 1268 1268
    1268 1268 1268 1268 1268 1268 1268 1268 1268 1264 1264 1264 1264
    1264 1259 1259 1255 1255 1255 0 5210 5210 5132 5132 5056 5056 5056
    5056 4983 4983 4983 4983 4983 4911 4911 4842 4842 4842 0 0 1268 1268
    1268 1273 1273 1268 1268 1268 1268 1268 1268 1268 1268 1268 1268
    1264 1264 1264 1259 1259 1259 1259 1255 1250 1250 1250 0 5132 5132
    5132 5132 5132 5056 5056 5056 5056 4983 4983 4983 4983 4911 4911
    4842 4842 4842 0 0 1268 1268 1268 1273 1273 1268 1268 1268 1268 1268
    1268 1268 1268 1268 1268 1264 1264 1264 1259 1259 1259 1259 1255
    1250 1250 1250 0 5132 5132 5132 5132 5132 5132 5056 5056 5056 4983
    4983 4983 4983 4983 4911 4911 4842 4842 0 0 1273 1273 1273 1273 1273
    1273 1268 1268 1268 1268 1268 1264 1264 1268 1264 1264 1259 1259
    1259 1259 1259 1259 1255 1255 1255 1255 1255 5132 5132 5132 5132
    5056 5056 5056 5056 5056 4983 4983 4983 4983 4983 4911 4911 4911
    4911 0 0 1273 1273 1273 1273 1273 1268 1268 1268 1268 1268 1264 1264
    1264 1264 1264 1264 1259 1259 1259 1259 1259 1259 1255 1255 1255
    1255 1255 0 5132 5132 5132 5056 5056 5056 5056 5056 4983 4983 4983
    4911 4911 4911 4911 4911 4911 0 0 0 1273 1273 1273 1273 1268 1268
    1268 1268 1268 1264 1264 1264 1264 1268 1264 1264 1259 1259 1259
    1259 1259 1255 1255 1255 1255 1255 0 5132 5132 5132 5132 5132 5056
    4983 4983 4983 4983 4983 4911 4911 4911 4911 4911 4911 0 0 0 1273
    1268 1268 1268 1268 1268 1268 1268 1268 1268 1264 1264 1264 1264
    1264 1264 1264 1259 1259 1259 1259 1255 1255 1255 1255 1255 1255
    5056 5056 5056 5132 5132 5056 4983 4983 4983 4983 4983 4911 4911
    4911 4911 4911 4911 0 0 0 1268 1268 1268 1268 1268 1268 1268 1268
    1268 1268 1268 1264 1264 1264 1264 1264 1264 1264 1259 1259 1259
    1255 1255 1255 1255 1255 1255 5056 5056 4983 4983 5132 5132 5056
    4983 4983 4983 4983 4911 4842 4842 4911 4911 4911 0 0 0 1268 1268
    1268 1268 1268 1268 1268 1268 1268 1268 1268 1264 1264 1264 1264
    1264 1264 1264 1259 1259 1259 1255 1255 1255 1255 1255 1255 0 4983
    4983 4983 5132 5132 5056 5056 4983 4983 4983 4911 4842 4842 4911
    4911 4911 0 0 0 0 1268 1268 1268 1268 1268 1268 1268 1268 1268 1268
    1268 1264 1264 1264 1264 1264 1264 1264 1259 1259 1255 1255 1255
    1255 1250 1250 0 4983 4983 4983 5132 5132 5056 5056 4983 4983 4983
    4911 4911 4911 4911 4911 4911 0 0 0 0 1268 1268 1268 1268 1268 1268
    1268 1268 1268 1268 1268 1264 1264 1264 1264 1264 1259 1259 1259
    1259 1259 1255 1255 1255 1250 1250 1250 1250 5132 5132 5132 5056
    5056 5056 4983 4983 4983 4983 4911 4911 4911 4911 4911 0 0 0 0 1273
    1268 1268 1268 1268 1268 1268 1268 1268 1268 1268 1264 1264 1264
    1264 1264 1259 1259 1259 1259 1259 1255 1255 1255 1255 1255 1255 0
    5132 5132 5132 5056 4983 4983 4983 4983 4983 4983 4911 4911 4911
    4911 4911 0 0 0 0 1273 1273 1268 1268 1268 1268 1268 1268 1268 1268
    1268 1264 1264 1264 1264 1264 1259 1259 1255 1255 1255 1255 1255
    1255 1255 1255 1255 0 5056 5056 5056 4983 4983 4983 4983 4983 5056
    4983 4983 4983 4911 4911 4911 0 0 0 0 0 1273 1268 1268 1268 1268
    1268 1264 1264 1264 1264 1264 1259 1259 1264 1264 1264 1259 1255
    1255 1255 1255 1255 1255 1255 1255 1255 1255 0 4983 4983 4983 4983
    4983 4983 4983 4983 4983 4983 4983 4983 4911 4911 0 0 0 0 0 1273
    1273 1268 1268 1268 1268 1264 1264 1264 1264 1264 1259 1259 1259
    1259 1259 1259 1255 1255 1255 1255 1255 1255 1255 1255 1255 1255 0
    4983 4983 4983 4983 4983 4983 4983 4983 4983 4983 4983 4983 4983
    4911 0 0 0 0 0 1268 1268 1268 1268 1268 1264 1264 1264 1264 1264
    1264 1259 1259 1259 1259 1259 1259 1255 1255 1255 1255 1255 1255
