<?xml version="1.0"?>
<opencv_storage>
<Depth14770 type_id="opencv-matrix">
  <rows>106</rows>
  <cols>70</cols>
  <dt>w</dt>
  <data>
    4139 4139 4139 4139 4089 4041 4041 4089 3994 3994 4041 1025 1025
    4041 1019 1019 1019 1016 1016 1025 1031 1031 1031 4041 4041 4041
    4041 4041 3948 3948 3948 3948 3994 4041 4041 4041 4041 4041 4041
    4041 4041 4041 4041 4041 3994 3994 3994 3994 3994 3994 3994 3994
    3948 3903 3903 3903 3903 3903 3903 3903 3903 3903 3859 3859 3859
    3859 3859 3859 3859 3859 4139 4139 4139 4139 4139 4041 4041 4041
    3994 3994 1025 1019 1019 1019 1019 1019 1019 1016 1016 1025 1028
    1028 0 0 3994 3994 3994 4041 3948 3948 3948 3948 3994 4041 4041 4041
    4041 4041 4041 4041 4041 4041 4041 3994 3994 3994 3948 3948 3948
    3948 3994 3948 3948 3903 3903 3903 3903 3903 3903 3903 3903 3859
    3859 3859 3859 3859 3859 3859 3859 3859 4139 4139 4139 4139 0 4139 0
    0 0 1038 1025 1019 1016 1013 1013 1019 1019 1019 1019 1028 1028 1028
    951 0 3948 3948 3948 4041 3948 3948 3994 3994 4041 4041 4041 4041
    3994 3994 3994 3994 3994 3994 4041 3994 3994 3994 3948 3948 3948
    3948 3948 3948 3948 3903 3903 3903 3903 3903 3903 3903 3859 3859
    3859 3859 3859 3859 3859 3859 3859 3859 4139 4139 4139 0 0 0 0 0 0
    1034 1028 1019 1013 1004 992 989 981 981 981 951 951 951 951 933
    3903 3903 3903 4041 4041 4041 4041 4041 4089 4089 889 889 3994 3994
    3948 3948 3948 3948 3994 3994 3994 3994 3948 3948 3948 3948 3948
    3948 3948 3948 3903 3903 3903 3903 3903 3903 3859 3859 3859 3859
    3859 3859 3859 3859 3859 3859 4139 4139 4139 0 0 0 0 0 0 1034 1025
    1016 1010 1001 992 987 981 973 967 951 951 943 938 933 925 925 920
    920 920 906 906 894 894 894 889 885 882 882 3948 3948 3948 3948 3994
    3994 3994 3994 3948 3948 3903 3903 3903 3903 3948 3994 3948 3948
    3903 3903 3903 3903 3859 3859 3859 3859 3859 3859 3859 3859 3859
    3859 4139 4139 0 0 0 0 0 0 0 1028 1019 1013 1007 998 992 984 978 973
    967 951 948 943 938 933 925 920 918 913 906 906 906 891 889 889 887
    885 882 882 882 882 3994 3994 3994 3994 3994 3994 3948 3903 3903
    3903 3903 3903 3948 3994 3994 3948 3903 3903 3903 3903 3859 3859
    3859 3859 3859 3859 3859 3859 3859 3859 4139 4139 0 0 0 0 0 0 0 1022
    1016 1013 1004 998 992 984 978 970 959 948 948 943 938 930 923 920
    915 910 896 891 891 891 878 878 878 882 880 880 880 839 0 819 819
    819 819 3903 3903 3903 3903 3903 3948 3948 3948 3994 3994 3948 3948
    3903 3903 3903 860 858 858 858 3859 3859 3859 3859 3859 3903 4139
    4139 0 0 0 0 0 0 0 1022 1016 1010 1004 998 992 981 975 970 956 948
    948 943 935 928 923 920 913 898 894 889 882 878 873 873 873 873 878
    839 839 839 837 819 819 819 819 825 825 823 823 3994 3994 906 898
    898 894 891 891 3692 3692 862 860 858 856 856 3859 3859 3859 3859
    847 3859 4139 4190 0 0 0 0 0 0 0 1028 1013 1007 1004 998 992 981 975
    970 956 954 948 940 933 928 923 920 913 898 891 889 882 878 873 869
    864 851 841 837 837 837 837 819 819 819 819 825 825 823 823 823 823
    906 891 887 887 887 885 878 867 862 860 858 856 854 854 3859 3859
    847 0 0 4139 4190 0 0 0 0 0 0 1038 1028 1013 1007 1004 998 989 981
    975 970 956 948 946 940 933 928 923 920 913 898 891 889 882 875 871
    867 862 851 841 837 835 831 825 821 819 819 823 823 825 823 823 823
    823 829 829 829 885 885 882 878 867 862 860 858 849 849 849 847 847
    847 849 854 4190 4190 0 0 0 0 0 0 1034 1034 1013 1007 1001 998 989
    981 978 970 956 948 943 940 933 928 923 920 903 898 891 887 882 875
    871 867 860 851 845 839 835 831 825 821 821 821 823 823 823 823 825
    827 827 829 829 829 835 835 835 835 835 837 837 841 845 849 849 847
    847 847 849 854 4139 4190 0 0 0 0 0 0 1034 1028 1013 1007 1001 995
    989 981 978 970 956 948 943 940 933 928 923 918 903 896 891 887 880
    875 871 867 860 851 845 839 837 831 825 823 821 821 821 823 823 823
    825 829 829 829 831 831 835 835 835 835 835 837 837 841 845 849 849
    849 847 847 849 854 4139 0 0 0 0 0 0 0 1034 1025 1016 1004 1001 992
    989 981 975 962 956 951 943 940 933 928 923 915 903 896 891 887 880
    875 871 864 860 849 845 839 837 831 825 823 821 821 821 823 823 825
    825 829 831 831 831 833 835 835 837 837 837 839 839 843 845 847 849
    849 849 849 851 854 4139 0 0 0 0 0 0 0 1034 1022 1016 1004 998 992
    989 981 975 962 956 951 946 940 933 925 920 915 903 896 891 887 882
    878 871 862 858 849 845 841 837 831 825 823 823 821 821 823 825 825
    827 829 831 831 831 833 835 837 837 837 837 839 841 843 845 847 849
    849 849 851 851 851 4139 0 0 0 0 0 0 0 1034 1022 1016 1010 998 992
    987 981 973 959 954 948 946 940 933 925 920 915 903 896 891 887 882
    878 871 862 858 849 845 839 835 831 827 823 823 821 821 823 825 825
    827 829 831 831 831 833 835 837 837 839 839 839 841 843 845 849 849
    849 849 851 851 851 4190 0 0 0 0 0 0 1041 1038 1019 1016 1007 998
    992 987 981 973 959 954 948 946 940 930 923 920 915 903 896 891 887
    882 878 867 862 858 851 845 839 835 831 827 823 823 823 823 823 825
    825 827 831 831 831 831 833 835 837 839 839 839 841 841 843 845 849
    849 849 849 851 851 851 4190 0 0 0 0 0 0 1041 1028 1019 1013 1007
    1001 992 987 981 970 959 954 946 943 938 930 923 920 915 903 894 891
    887 882 878 867 862 858 851 845 841 835 831 827 823 823 823 823 823
    825 827 829 831 831 831 833 835 837 839 839 839 839 841 841 843 845
    847 849 849 849 851 851 851 0 0 0 0 0 0 0 1044 1028 1022 1013 1007
    1001 992 987 978 970 959 951 946 943 935 930 925 918 913 901 894 889
    885 882 878 867 862 858 849 845 839 835 829 825 823 823 823 823 823
    825 827 829 831 831 831 833 837 837 839 839 839 841 841 841 843 845
    847 849 849 851 851 854 851 0 0 0 0 0 0 0 0 1028 1022 1013 1004 998
    992 987 978 970 956 951 943 940 935 928 923 918 913 901 891 887 885
    880 875 867 862 858 849 845 839 835 829 823 823 821 821 823 823 825
    827 829 831 831 831 833 837 837 837 839 839 841 843 843 843 843 847
    849 849 851 854 854 854 0 0 0 0 0 0 0 0 1025 1022 1013 1004 998 992
    984 978 970 956 948 943 940 935 928 923 920 903 896 891 887 882 880
    875 867 862 856 847 843 839 833 829 823 821 821 821 823 823 827 829
    829 831 831 831 833 837 837 837 839 839 841 843 845 843 843 847 849
    849 851 854 854 856 0 0 0 0 0 0 0 0 1025 1016 1007 1004 1001 992 984
    978 973 954 948 943 940 935 928 923 918 903 896 891 887 882 875 873
    867 860 856 847 841 837 833 827 823 821 821 821 823 825 827 829 829
    831 831 831 833 837 837 837 839 839 843 843 845 845 845 847 849 849
    851 854 854 854 0 0 0 0 0 0 0 0 1022 1016 1007 1004 1001 992 981 975
    973 954 948 943 940 933 928 923 918 901 896 891 887 882 875 873 867
    860 851 847 841 835 829 827 823 823 821 821 823 825 827 829 829 831
    831 831 833 837 837 839 839 841 841 843 845 845 845 847 849 849 851
    854 851 851 0 0 0 0 0 0 0 1025 1022 1016 1010 1004 1001 989 981 973
    970 956 948 943 940 933 928 923 918 901 896 889 887 882 878 871 867
    860 851 847 841 835 829 827 823 823 823 823 823 827 829 829 829 831
    831 833 833 837 837 839 839 841 841 843 845 845 845 847 849 849 851
    854 851 851 0 0 0 0 0 0 1034 1025 1022 1016 1010 1001 998 989 981
    973 970 954 948 943 943 933 925 920 915 901 896 889 887 882 875 871
    867 860 851 847 841 835 831 827 823 823 823 823 823 827 829 829 831
    831 831 833 835 837 837 839 839 839 841 841 843 845 847 849 849 849
    851 856 854 854 4190 0 0 0 0 0 1034 1028 1022 1016 1010 1001 995 987
    981 973 970 954 948 943 940 933 925 920 913 901 896 891 887 882 875
    871 864 858 851 845 839 835 831 827 825 823 823 823 823 827 829 829
    831 831 831 833 835 837 839 839 839 839 839 841 843 845 847 849 849
    849 851 856 854 854 4190 0 0 0 0 0 1038 1028 1025 1016 1010 1001 992
    987 981 973 970 954 948 943 938 933 925 920 913 901 896 889 885 880
    875 869 862 858 849 843 839 835 831 827 825 823 823 823 825 829 829
    831 831 831 833 833 835 837 839 839 839 839 839 841 843 845 847 849
