<?xml version="1.0"?>
<opencv_storage>
<Depth3991 type_id="opencv-matrix">
  <rows>169</rows>
  <cols>89</cols>
  <dt>w</dt>
  <data>
    7178 7178 7178 7332 7332 543 541 540 539 539 7178 7030 7030 532 532
    7178 7178 7178 529 526 524 523 522 516 516 516 517 517 516 513 513
    6889 511 511 511 511 511 6889 6889 6889 503 0 502 7030 7030 7030
    6889 6753 6753 0 0 0 0 0 0 0 0 0 0 0 0 0 0 0 0 0 0 0 0 0 0 6753 6622
    6622 6497 6497 6497 6497 6497 6497 6497 6497 6497 6497 6497 6497
    6622 6497 6497 0 546 546 544 543 542 541 540 539 537 536 535 533 532
    532 532 529 528 528 526 524 523 522 517 517 517 517 517 516 514 514
    514 511 511 510 509 508 508 508 505 503 502 502 501 0 0 0 0 0 0 0 0
    0 0 0 0 0 0 0 0 0 0 0 0 0 0 0 0 0 0 0 0 6753 6622 6497 6497 6497
    6497 6497 6497 6497 649 649 649 649 649 6497 6497 6497 0 546 546 544
    543 542 541 540 539 537 536 534 533 532 532 532 529 528 528 526 524
    523 522 520 519 518 517 517 516 515 515 514 512 511 510 509 508 507
    507 505 503 502 502 501 501 501 0 0 0 0 0 0 0 0 0 0 0 0 0 0 0 0 0 0
    0 0 0 0 0 0 0 0 604 604 606 602 602 6497 6497 6497 652 649 649 649
    649 649 683 683 684 0 546 546 545 543 542 541 540 540 538 536 534
    533 532 532 531 529 529 528 526 525 524 522 521 521 519 517 517 516
    515 515 514 512 511 510 509 508 507 507 505 503 502 502 501 501 501
    500 500 0 0 0 0 0 0 0 0 0 0 0 0 0 0 0 0 0 0 0 0 0 0 0 0 604 604 606
    602 602 602 648 652 652 652 650 649 649 675 678 682 683 0 547 546
    545 544 543 541 540 540 538 536 534 533 533 532 531 529 529 528 527
    526 524 523 522 521 519 517 517 517 516 515 514 513 511 510 509 508
    507 507 505 503 502 502 501 501 501 500 500 0 0 0 0 0 0 0 0 0 0 0 0
    0 0 0 0 0 0 0 0 0 0 0 0 607 607 606 606 606 606 648 648 648 655 655
    661 670 674 678 682 683 0 549 547 546 546 544 542 540 540 539 538
    536 535 534 533 532 529 529 528 527 526 524 523 522 521 520 518 517
    517 516 514 514 513 511 511 509 508 507 507 505 504 502 502 500 499
    499 501 501 0 0 0 0 0 0 0 0 0 0 0 0 0 0 0 0 0 0 0 0 0 0 0 0 607 607
    607 609 609 644 647 647 647 657 657 659 670 674 678 684 684 0 549
    548 546 546 545 543 541 540 540 539 538 536 534 534 532 529 529 529
    528 527 525 524 522 521 520 519 518 517 517 514 514 514 513 511 510
    508 507 507 505 504 503 502 500 499 499 502 502 0 0 0 0 0 0 525 525
    0 0 0 0 0 0 0 0 0 0 0 0 0 0 0 0 606 606 606 610 610 644 644 644 646
    646 653 653 670 674 679 687 687 0 549 549 547 546 545 543 541 540
    540 539 538 536 535 534 532 530 529 529 529 527 526 525 523 521 520
    519 518 517 517 514 514 514 513 511 511 509 508 507 506 505 504 503
    502 502 502 502 502 0 0 0 0 0 0 525 525 0 0 0 0 0 0 0 0 0 0 0 0 0 0
    0 0 604 604 606 606 641 644 644 644 646 646 650 653 653 687 687 687
    687 550 549 549 547 546 546 543 541 540 540 539 538 536 535 534 532
    531 530 529 529 527 526 526 524 522 521 520 519 518 517 517 514 514
    513 511 511 509 509 508 506 505 504 504 502 502 502 502 502 0 0 0 0
    0 527 525 525 0 0 0 0 0 0 0 0 0 0 0 0 0 0 0 603 603 603 604 604 641
    641 641 643 643 643 647 654 654 687 687 688 688 550 549 549 547 546
    546 544 542 541 540 539 539 536 535 534 533 532 530 529 529 528 526
    526 524 522 521 520 519 518 517 517 515 514 513 512 511 510 509 508
    506 505 504 504 503 502 502 502 502 0 0 0 0 0 527 525 525 0 0 0 0 0
    0 0 0 0 0 0 0 0 0 0 603 603 603 604 604 641 641 641 643 642 642 647
    667 667 688 688 690 691 553 549 549 547 546 546 544 543 542 540 539
    539 536 535 534 533 532 531 530 529 528 527 526 525 522 521 520 519
    518 517 517 515 514 513 512 511 510 509 508 507 507 506 504 504 503
    502 502 502 0 0 0 0 0 529 529 530 0 0 0 0 0 0 0 0 0 0 0 0 0 0 600
    600 601 604 604 604 641 643 643 643 642 642 667 667 671 672 690 690
    691 553 550 549 548 546 546 544 543 542 542 540 540 537 536 534 533
    533 532 530 529 529 528 526 525 522 521 520 520 518 517 517 517 514
    513 512 511 510 510 508 508 507 506 505 504 504 502 502 502 0 0 0
    528 0 529 529 530 540 540 540 552 553 554 0 0 0 0 0 0 0 0 600 600
    600 606 606 618 641 641 641 642 642 642 666 666 671 671 691 691 693
    0 551 550 548 547 546 544 543 543 542 541 540 537 536 534 534 533
    532 531 529 529 528 527 526 523 521 521 520 519 517 517 517 514 513
    512 511 511 511 509 508 507 506 505 504 504 503 503 504 0 524 524
    528 528 528 529 531 540 539 539 552 553 554 565 565 565 0 0 0 0 0
    600 600 600 606 610 618 620 640 640 641 642 642 658 662 671 671 693
    693 693 0 552 550 549 548 546 545 544 543 543 541 540 538 536 534
    534 534 533 531 529 529 529 527 526 524 523 521 521 519 517 517 517
    514 514 513 511 511 511 509 508 507 506 505 505 504 503 503 504 0
    524 524 524 524 526 527 531 538 539 539 554 554 564 564 565 565 0 0
    0 589 589 594 598 600 607 610 613 620 637 640 641 646 657 657 662
    674 674 675 691 693 0 553 551 550 548 546 546 544 543 543 542 540
    538 536 535 534 534 533 532 530 529 529 528 526 524 523 522 521 520
    517 517 517 514 514 513 512 511 511 509 508 507 507 506 505 504 503
    503 505 508 511 524 524 524 525 527 532 538 540 540 554 554 564 564
    565 565 0 0 0 589 589 594 598 600 607 612 613 636 636 638 641 643
    655 657 662 674 675 675 691 691 0 553 552 550 549 547 546 545 544
    543 542 540 539 537 535 534 534 533 533 531 529 529 528 527 525 523
    523 522 521 517 517 517 514 514 514 512 511 511 509 508 507 507 506
    505 504 504 504 508 508 511 521 522 523 525 526 532 539 540 541 553
    554 558 567 567 567 567 0 591 591 591 595 606 606 609 612 613 636
    636 638 641 643 655 657 663 674 676 678 684 691 0 553 552 551 550
    547 547 546 544 543 542 540 539 538 536 535 534 533 533 532 530 529
    529 528 525 524 523 522 521 520 520 518 515 515 514 513 512 511 510
    508 508 507 506 505 504 504 504 508 508 511 520 521 521 525 526 534
    539 540 544 547 555 558 568 568 569 569 0 592 592 592 596 602 604
    610 612 613 636 636 640 642 650 653 657 670 674 678 678 683 0 0 554
    553 552 550 549 548 546 544 543 543 540 539 539 537 536 534 534 533
    532 531 529 529 527 525 524 523 522 521 520 520 519 517 517 514 514
    513 511 511 509 508 507 507 506 504 504 504 504 519 519 519 520 521
    529 529 539 540 540 544 547 556 558 568 569 569 569 569 0 594 594
    601 601 604 610 612 614 637 637 641 643 650 653 657 670 676 679 680
    683 0 0 554 553 552 551 550 549 546 545 544 543 540 540 539 538 536
    534 534 533 532 531 529 529 527 526 525 523 522 521 520 520 519 517
    517 514 514 513 511 511 509 508 507 507 506 504 504 504 504 519 519
    519 520 521 529 540 540 540 540 545 550 553 554 568 569 569 569 570
    0 596 596 599 601 610 611 612 614 637 638 641 646 650 655 657 670
    676 680 682 686 0 0 554 553 553 552 550 547 546 546 544 543 540 540
    539 538 536 535 534 534 532 531 530 529 528 526 525 523 522 521 521
    520 519 518 517 514 514 514 512 511 510 508 508 507 507 504 504 504
    504 520 520 520 520 521 529 533 539 540 540 548 550 552 554 568 569
    570 570 570 0 599 599 599 603 609 611 613 614 637 638 642 648 650
    655 657 670 678 682 683 684 0 0 554 554 553 552 550 547 546 546 544
    543 541 540 539 538 536 535 534 534 532 531 530 529 528 526 525 524
    523 521 521 520 519 518 517 515 514 514 513 511 510 509 508 507 507
    504 504 504 504 520 520 521 521 524 532 533 534 542 544 548 551 551
    554 568 569 570 570 570 0 604 0 604 604 609 611 613 636 636 638 642
    648 650 655 662 671 678 682 683 684 0 0 554 554 553 552 550 548 546
    546 546 543 542 540 539 538 536 535 535 534 533 532 530 529 528 527
    525 524 523 521 521 520 519 518 517 515 514 514 513 512 511 509 508
    507 506 505 505 505 520 520 521 521 521 524 532 533 534 540 547 549
    551 551 565 567 569 570 571 571 0 0 604 604 604 609 612 613 636 636
    638 642 647 650 655 662 668 679 682 683 684 0 0 557 554 554 553 550
    549 547 546 546 543 542 540 540 539 537 536 535 535 533 532 531 529
    528 527 525 525 523 521 521 521 520 518 517 517 515 514 514 512 511
