<?xml version="1.0"?>
<opencv_storage>
<Depth2548 type_id="opencv-matrix">
  <rows>18</rows>
  <cols>78</cols>
  <dt>w</dt>
  <data>
    0 1223 1223 1227 1227 1227 1227 1227 1227 1227 1227 1227 1227 1227
    1227 1227 1223 1223 1223 1223 1223 1223 1223 1227 1227 1223 1223
    1223 1227 1227 1227 1227 1223 1223 1227 1232 1227 1223 1223 1219
    1219 1219 1219 1223 1223 1223 1223 1223 1227 1232 1232 1232 1232
    1232 1227 1227 1232 1232 1232 1232 1236 1236 1236 1236 1236 1236
    1236 1236 1241 1245 1245 1250 1250 1241 1236 1236 1232 1232 0 0 1232
    1227 1227 1227 1227 1232 1227 1227 1227 1227 1227 1227 1227 1227
    1223 1223 1223 1223 1227 1227 1227 1227 1227 1227 1227 1227 1232
    1236 1232 1232 1232 1232 1232 1232 1232 1227 1227 1232 1227 1227
    1227 1227 1227 1227 1232 1232 1236 1236 1236 1241 1241 1241 1245
    1245 1245 1245 1245 1245 1245 1250 1250 1250 1250 1250 1250 1250
    1250 1255 1250 1250 1250 1241 1236 1236 1232 1232 0 0 1232 1227 1227
    1227 1227 1232 1227 1227 1227 1227 1227 1227 1227 1227 1227 1227
    1227 1227 1227 1227 1232 1232 1232 1232 1232 1232 1241 1241 1236
    1236 1236 1236 1236 1236 1236 1241 1245 1245 1245 1245 1236 1236
    1241 1255 1259 1255 1250 1250 1250 1255 1255 1259 1259 1259 1264
    1259 1255 1255 1255 1259 1259 1259 1259 1259 1259 1259 1259 1268
    1268 1268 1268 1259 1255 1245 1245 1245 0 0 1227 1227 1232 1232 1232
    1232 1232 1232 1232 1232 1232 1232 1232 1232 1232 1236 1236 1241
    1241 1241 1241 1241 1241 1241 1241 1245 1250 1250 1250 1250 1250
    1250 1255 1255 1255 1259 1259 1259 1259 1259 1255 1255 1259 1264
    1268 1268 1268 1268 1268 1264 1264 1264 1264 1264 1268 1268 1273
    1268 1268 1268 1268 1268 1268 1268 1273 1273 1273 1278 1278 1278
    1273 1273 1273 1278 1278 1297 1317 1307 1227 1227 1232 1232 1236
    1236 1236 1236 1236 1236 1241 1241 1241 1245 1245 1245 1245 1245
    1245 1245 1250 1255 1255 1255 1259 1259 1259 1259 1259 1259 1259
    1259 1268 1268 1268 1268 1268 1268 1273 1273 1278 1273 1273 1273
    1273 1273 1278 1278 1278 1273 1273 1278 1268 1268 1273 1278 1283
    1283 1283 1273 1273 1278 1288 1288 1302 1297 1292 1292 1297 1297
    1302 1297 1297 1302 1297 1297 1317 1307 1307 1232 1232 1236 1241
    1241 1241 1245 1245 1250 1250 1250 1255 1259 1259 1259 1255 1255
    1255 1255 1255 1264 1264 1264 1264 1264 1268 1268 1264 1264 1268
    1273 1273 1273 1273 1273 1278 1278 1288 1288 1288 1283 1278 1278
    1278 1283 1288 1288 1288 1288 1288 1292 1288 1288 1288 1288 1288
    1288 1292 1292 1302 1312 1312 1312 1312 1307 1307 1307 1307 1307
    1307 1312 1312 1312 1307 1307 1317 1307 1307 1307 1307 1245 1245
    1245 1250 1255 1259 1259 1259 1264 1268 1268 1268 1268 1268 1268
    1268 1268 1273 1273 1273 1273 1273 1273 1278 1278 1278 1283 1283
    1283 1288 1288 1292 1292 1292 1292 1297 1302 1302 1297 1297 1292
    1292 1297 1297 1302 1302 1302 1307 1307 1312 1307 1297 1297 1297
    1297 1297 1307 1317 1322 1322 1322 1317 1317 1317 1317 1317 1312
    1312 1317 1322 1322 1312 1312 0 1312 1312 1317 1317 0 0 1283 1278
    1273 1273 1273 1273 1278 1278 1283 1278 1278 1283 1283 1288 1288
    1288 1283 1283 1283 1283 1288 1288 1288 1288 1292 1292 1302 1307
    1307 1312 1307 1307 1307 1307 1312 1312 1322 1312 1307 1307 1312
    1312 1312 1312 1317 1328 1328 1328 1328 1328 1333 1333 1333 1338
    1333 1333 1328 1328 1333 1333 1333 1333 1333 1333 1333 1333 1343
    1343 1349 1349 1349 0 0 0 0 0 0 0 1292 1288 1288 1288 1288 1288 1288
    1292 1288 1288 1292 1288 1288 1302 1307 1307 1302 1302 1302 1302
    1307 1307 1307 1307 1307 1307 1322 1322 1328 1328 1322 1322 1322
    1328 1333 1333 1333 1333 1333 1333 1333 1328 1328 1328 1333 1333
    1333 1333 1333 1338 1343 1343 1349 1349 1349 1338 1338 1338 1338
    1338 1349 1349 1349 1349 1349 1349 1349 1349 1354 1354 1354 0 0 0 0
    0 0 0 1317 1317 1312 1312 1297 1297 1297 1302 1307 1312 1307 1302
    1302 1307 1312 1317 1317 1317 1322 1328 1328 1333 1333 1338 1333
    1333 1328 1328 1328 1333 1333 1338 1338 1343 1343 1343 1343 1343
    1343 1343 1343 1343 1338 1338 1343 1343 1349 1349 1349 1359 1365
    1365 1354 1354 1354 1354 1354 1354 1349 1349 1359 1365 1365 1365
    1365 1365 1359 1359 1359 1359 1359 0 0 0 0 0 0 0 1328 1328 1328 1328
    1333 1338 1338 1338 1338 1328 1328 1328 1328 1322 1322 1322 1328
    1328 1333 1333 1338 1349 1349 1349 1349 1343 1333 1333 1343 1343
    1343 1349 1349 1349 1349 1349 1349 1354 1354 1354 1354 1359 1359
    1359 1370 1365 1365 1370 1376 1376 1376 1370 1365 1359 1359 1359
    1359 1370 1365 1365 1370 1376 1381 1376 1376 1370 1359 1359 1359
    4645 4522 4774 0 0 0 0 0 0 1333 1333 1349 1349 1354 1349 1349 1349
    1349 1349 1354 1354 1359 1354 1338 1338 1343 1343 1343 1349 1349
    1354 1354 1354 1354 1354 1354 1354 1359 1359 1359 1359 1359 1359
    1359 1365 1370 1370 1365 1365 1365 1370 1376 1387 1387 1392 1392
    1398 1392 1392 1392 1387 1387 1392 1410 1410 1398 1392 1392 1392
    1392 1398 1392 1387 1387 1392 1421 1421 4645 4645 4645 4708 4774 0 0
    0 0 0 1349 1349 1359 1359 1365 1365 1365 1365 1365 1365 1365 1365
    1370 1376 1376 1370 1370 1370 1376 1376 1359 1359 1365 1365 1359
    1359 1381 1387 1387 1387 1387 1387 1387 1387 1387 1387 1387 1387
    1387 1387 1392 1392 1392 1392 1392 1398 1398 1404 1404 1404 1404
    1404 1410 1410 1415 1415 1410 1404 1404 1404 1404 1404 1398 1398
    1398 1404 1421 1421 4645 4645 4645 4708 4774 4842 0 0 0 0 1410 1376
    1376 1370 1370 1376 1376 1376 1381 1387 1387 1392 1392 1392 1392
    1392 1392 1392 1392 1392 1398 1398 1404 1410 1398 1398 1398 1398
    1398 1398 1398 1398 1398 1404 1410 1410 1410 1404 1404 1404 1404
    1410 1404 1404 1410 1415 1415 1415 1415 1415 1415 1415 1415 1415
    1421 1415 1415 1415 1415 1415 1415 1415 1404 1404 1410 1415 4645
    4645 4582 4582 4582 4774 4842 4842 4911 0 4911 0 1410 1410 1392 1381
    1381 1387 1387 1387 1392 1392 1404 1410 1410 1410 1410 1410 1410
    1410 1410 1410 1410 1410 1415 1421 1421 1415 1415 1415 1415 1421
    1410 1410 1415 1415 1415 1415 1415 1415 1415 1410 1410 1415 1421
    1421 1421 1421 1421 1421 1421 1421 1421 1421 1421 1421 1421 1415
    1415 1415 1415 1421 1421 1421 1421 4708 4708 4645 4645 4645 4582
    4582 4582 4842 4842 4842 4842 4911 4911 1415 1415 1410 1410 1410
    1410 1410 1410 1410 1410 1421 1421 1421 1415 1415 1415 1421 1421
    1427 1421 1421 1421 1421 1427 1427 1427 1427 1427 1427 1427 1427
    1433 1433 4708 4708 1427 1427 1427 1433 1433 1427 1421 1421 1427
    1433 1433 1433 1421 1421 1427 1421 1421 1427 1427 4708 4708 4708
    4645 4645 1421 1421 4708 4708 4708 4708 4645 4645 4645 4645 4645
    4582 4582 4842 4842 4842 4842 4842 4842 4842 1415 1415 1421 1427
    1433 1433 1433 1427 1427 1427 1433 1427 1427 1427 1427 1433 1433
    1433 1433 1433 1433 1439 1439 1433 1433 1433 1433 1439 1439 4708
    4708 4708 4708 4708 4708 4708 4708 4708 4708 4708 4708 4708 4708
    4708 4708 4708 4708 4645 4582 4582 4645 4645 4645 4645 4645 4645
    4645 4645 4708 4708 4708 4708 4708 4708 4645 4645 4645 4645 4645
    4582 4582 4842 4774 4708 4708 4708 4708 4708 4645 4645 1433 1433
    1439 1439 1439 1439 1439 1439 1433 1433 1433 1433 1439 1439 1464
    1445 1445 4774 4774 4645 4645 4645 4645 4708 4708 4708 4708 4708
    4708 4708 4708 4708 4708 4708 4708 4708 4708 4708 4708 4708 4708
    4708 4708 4708 4708 4708 4645 4645 4645 4645 4645 4645 4645 4645
    4645 4645 4645 4645 4645 4645 4645 4645 4645 4645 4645 4645 4645
    4582 4582</data></Depth2548>
</opencv_storage>
