<?xml version="1.0"?>
<opencv_storage>
<Depth12851 type_id="opencv-matrix">
  <rows>8</rows>
  <cols>28</cols>
  <dt>w</dt>
  <data>
    0 0 0 0 0 0 0 0 0 0 0 0 5832 5832 5933 5933 5933 5933 5933 5933 5832
    5832 5832 5832 5832 5832 5832 5832 0 0 0 0 0 6038 5933 5933 6038
    6038 6038 5933 5832 5832 5933 5933 5933 5933 5933 5933 5832 5832
    5832 5734 5734 5734 5832 5832 0 0 6038 6038 0 6038 5933 5933 6038
    6038 5933 5933 5933 5933 5933 5933 5832 5832 5832 5832 5832 5734
    5734 5734 5734 5734 5832 5832 6038 5933 5933 6038 5933 5933 5933
    5933 5933 5933 5933 5933 5933 5832 5832 5832 5832 5832 5832 5832
    5832 5734 5734 5832 5734 5734 0 0 6038 5933 5933 6038 5933 5933 5933
    5933 5933 5933 5832 5832 5933 5832 5832 5832 5832 5832 5933 5832
    5832 0 0 0 0 0 0 0 6038 6038 6038 5933 5933 5933 5933 5933 5933 5933
    5832 5832 5832 5832 5832 5832 5832 5832 5933 0 0 0 0 0 0 0 0 0 5933
    5933 5933 5933 5933 5933 5933 5933 5933 5933 5832 5832 5832 5933
    5933 5933 5933 6889 0 0 0 0 0 0 0 0 0 0 5933 5933 5933 5933 5933
    5933 5933 5933 5933 5933 0 0 0 7030 7030 7030 6889 6889 6889 0 0 0 0
    0 0 0 0 0</data></Depth12851>
</opencv_storage>
