<?xml version="1.0"?>
<opencv_storage>
<Depth5916 type_id="opencv-matrix">
  <rows>18</rows>
  <cols>20</cols>
  <dt>w</dt>
  <data>
    4295 4295 4295 3120 3010 3010 3010 3010 3010 3010 3010 3010 3010
    3010 3010 3010 4349 4349 4349 4349 4241 3064 3064 3064 3010 3010
    3010 3010 3010 3010 3010 3010 3010 3010 3010 3010 3010 3064 4349
    4349 4241 3064 3064 3064 3010 3010 3010 3010 3010 3010 3010 3010
    3010 3010 3010 3010 3010 3037 4349 4349 3010 3010 3037 3037 3010
    3010 3010 3010 2984 2984 2984 3010 3010 3010 3010 3010 3010 3010
    3037 4349 3010 3010 3037 3037 3010 3010 3010 3010 2984 2984 2984
    3010 3010 3010 3010 3010 3010 3010 3037 3064 3037 3037 3037 3037
    3010 3010 3010 2984 2984 2984 2984 2984 2984 3010 3010 3010 3010
    3010 3010 3037 3064 3064 3037 3037 3010 3010 3010 2984 2984 2984
    2984 2984 2984 2984 2984 3010 3010 3010 3010 3037 3092 3092 3064
    3037 3010 3010 3010 3010 2984 2984 2984 2984 2984 2984 2984 3010
    3010 3010 3010 3037 3064 3064 3064 3037 3037 3010 3010 3010 2984
    2984 2984 2984 2984 2984 2984 3010 3010 3010 3037 3092 3064 3064
    3064 3064 3037 3037 3010 3010 2984 2984 2984 2984 2984 2984 2984
    3010 3010 3010 3064 3092 4349 3064 3064 3064 3037 3037 3010 3010
    3010 3010 3010 2984 2984 3010 3010 3010 3010 3037 3064 3092 4295
    3064 3064 3064 3064 3037 3010 3010 3010 2984 2984 3010 3010 3010
    3010 3037 3037 3037 3037 3092 4190 3064 3064 3064 3064 3064 3037
    3010 3010 2984 2984 3010 3010 3010 3010 3037 3037 3037 3037 3092
    4139 4139 3064 3064 3092 3064 3037 3037 3010 3010 3010 3010 3010
    3010 3010 3037 3037 3037 3037 3092 4139 4139 3064 3064 3092 3092
    3064 3064 3037 3010 3010 3010 3010 3010 3037 3037 3037 3037 3037
    3064 4190 4190 3092 3092 3092 3092 3064 3064 3037 3037 3037 3010
    3010 3037 3037 3037 3037 3037 3037 3037 4190 4190 3149 3149 3120
    3092 3092 3064 3064 3037 3037 3010 3010 3037 3037 3037 3037 3037
    3037 3037 4190 4190 3149 3120 3092 3092 3092 3064 3064 3064 3037
    3037 3037 3037 3037 3010 3010 3037 3037 3037</data></Depth5916>
</opencv_storage>
