<?xml version="1.0"?>
<opencv_storage>
<Depth2011 type_id="opencv-matrix">
  <rows>28</rows>
  <cols>10</cols>
  <dt>w</dt>
  <data>
    4241 4241 4241 4241 3178 3178 3149 3149 3120 3092 4241 4241 4241
    4241 4241 3208 3149 3149 3120 3120 4241 4241 4241 4241 4241 4190
    3208 3178 3149 3149 4295 4295 4241 4241 4241 4190 3208 3208 3178
    3178 4295 4295 4241 4241 4241 4241 3208 3208 3178 3178 4241 4295
    4241 4241 4241 4241 4241 3238 3178 3178 4190 4190 4241 4241 4241
    4241 4241 3238 3178 3178 4190 4190 4241 4241 4241 4241 4190 3238
    3238 3238 4190 4190 4241 4241 4241 4241 4190 4190 3238 3238 4190
    4190 4241 4241 4241 4241 4190 4190 3238 3238 4241 4241 4241 4241
    4241 4241 4190 4190 3238 3238 4241 4241 4241 4241 4241 4241 4190
    4190 3269 3238 4241 4241 4241 4241 4241 4241 4190 4190 4241 3238
    4190 4190 4190 4241 4241 4241 4241 4241 4241 3238 4190 4190 4190
    4241 4241 4241 4241 4295 4295 3269 3178 4241 4241 4241 4241 4241
    4241 4295 4295 3269 3149 4241 4241 4241 4241 4241 4241 4295 4295
    4295 3149 4295 4241 4241 4241 4241 4241 4241 4241 4241 3178 4295
    4295 4295 4241 4241 4241 4241 4241 4241 3178 4295 4295 4241 4241
    4241 4241 4241 4241 4241 3178 4241 4241 4241 4241 4241 4241 4241
    4241 4241 3178 4241 4241 4241 4241 4241 4241 4241 4241 4241 3178
    4190 4241 4241 4241 4241 4241 4241 4241 4241 4190 4190 4241 4241
    4241 4241 4241 4241 4241 4241 3149 3178 4241 4241 4295 4241 4241
    4241 4241 4241 3149 3149 4241 4241 4190 4190 4190 4190 4190 4190
    3149 3149 4190 4190 4190 4190 4190 4190 4190 4190 3149 3149 4190
    4139 4041 4041 4089 4190 4190 4190</data></Depth2011>
</opencv_storage>
