<?xml version="1.0"?>
<opencv_storage>
<Depth13033 type_id="opencv-matrix">
  <rows>15</rows>
  <cols>22</cols>
  <dt>w</dt>
  <data>
    6753 6753 4645 4645 4645 4645 4645 4708 4708 4708 4708 6753 6753
    6622 6497 6497 6497 6497 6497 6622 6622 6497 6753 6753 4645 4645
    4645 4645 4645 4708 4708 4708 4708 4645 4645 4582 4522 4522 4645
    4645 4645 6497 6497 6497 6889 4708 4708 4645 4645 4645 4645 4645
    4645 4645 4645 4645 4645 4582 4522 4522 4645 4645 4645 4645 4582
    4582 6753 4708 4708 4708 4645 4645 4645 4645 4645 4645 4645 4645
    4645 4645 4645 4645 4645 4645 4582 4582 4582 4582 6753 4708 4708
    4708 4645 4645 4645 4645 4645 4645 4645 4645 4645 4645 4645 4645
    4645 4645 4582 4582 4582 4522 4774 4708 4708 4708 4645 4645 4645
    4645 4645 4645 4645 4645 4645 4645 4645 4645 4645 4645 4582 4582
    4582 4522 4774 4708 4708 4708 4645 4645 4645 4645 4645 4645 4645
    4645 4645 4645 4645 4645 4645 4645 4582 4582 4645 4582 4708 4774
    4708 4708 4645 4645 4708 4708 4708 4645 4645 4645 4645 4645 4645
    4645 4645 4645 4582 4582 4645 4645 4708 4774 4774 4708 4645 4645
    4645 4645 4645 4645 4645 4645 4645 4645 4645 4645 4645 4645 4645
    4645 4645 4645 4708 4774 4774 4708 4645 4645 4645 4645 4645 4645
    4645 4645 4645 4645 4645 4645 4582 4582 4582 4582 4645 4645 4774
    4774 4774 4708 4708 4708 4708 4645 4645 4645 4645 4645 4645 4645
    4645 4645 4582 4582 4582 4582 4645 4645 4774 4774 4774 4708 4708
    4708 4708 4708 4708 4708 4645 4645 4645 4645 4645 4645 4645 4645
    4645 4645 4645 4645 4774 4774 4774 4708 4708 4708 4708 4708 4708
    4708 4645 4645 4645 4645 4645 4645 4645 4645 4645 4645 4645 4645
    6497 4774 4774 4774 4708 4708 4708 4708 4708 4708 4708 4645 4645
    4708 4645 4645 4645 4645 4645 4645 4645 6497 6622 6622 6622 6753
    6753 4774 4774 4708 4708 4708 4708 4708 4708 4708 4645 4645 4645
    4645 4645 4645 4645 6497</data></Depth13033>
</opencv_storage>
