<?xml version="1.0"?>
<opencv_storage>
<Depth2482 type_id="opencv-matrix">
  <rows>12</rows>
  <cols>7</cols>
  <dt>w</dt>
  <data>
    3333 3333 5374 5374 5374 5210 5210 3238 3238 5374 5374 5460 5210
    5210 3238 3238 5374 5374 5291 5291 5210 3238 5460 5460 5460 5291
    5210 5132 3238 5548 5548 5460 5291 5210 5132 3238 5548 5460 5460
    5374 5374 5374 5640 5460 5460 5460 5460 5460 5460 5460 5460 5460
    5460 5460 5460 5460 5374 5374 5374 5460 5460 5548 7332 5291 5291
    5291 5374 5460 5460 7332 5374 5291 5291 5374 5374 5374 6889 5374
    5291 5291 5291 5291 5291 6753</data></Depth2482>
</opencv_storage>
