<?xml version="1.0"?>
<opencv_storage>
<Depth7169 type_id="opencv-matrix">
  <rows>50</rows>
  <cols>35</cols>
  <dt>w</dt>
  <data>
    4911 4983 4911 4911 5056 5056 2028 2028 2040 2040 2053 2053 2053
    2053 5132 5291 5210 2053 2053 2065 2090 2090 2090 2090 2078 2078
    2078 2078 2090 2090 2065 2078 2078 5132 5132 4911 4983 4911 4911
    4911 2016 2016 2016 2016 2016 2028 2040 2040 2040 2053 2040 2040
    2040 2040 2053 2053 2053 2065 2078 2065 2065 2065 2065 2065 2065
    2065 2078 2078 2078 2078 4842 1993 1993 2028 2028 2016 2016 2016
    2005 2005 2016 2016 2016 2016 2040 2040 2040 2040 2040 2040 2053
    2053 2053 2053 2053 2053 2053 2053 2053 2053 2053 2078 2078 2065
    2065 4774 1993 1993 2016 2016 2016 2005 2005 2005 2005 2005 2005
    2005 2005 2016 2016 2028 2028 2028 2040 2040 2040 2040 2040 2040
    2040 2040 2040 2053 2053 2053 2065 2078 2065 2065 4774 1993 1993
    2005 2005 2005 2005 2005 2005 2005 2005 2005 2005 2005 2016 2016
    2016 2028 2028 2040 2040 2040 2040 2040 2040 2040 2040 2040 2053
    2053 2053 2065 2078 2078 2078 2005 1993 1993 2005 2005 2005 2005
    2005 2005 2005 2005 2005 2005 2005 2016 2016 2016 2028 2028 2040
    2040 2040 2040 2040 2040 2040 2040 2040 2053 2053 2053 2078 2078
    2078 2078 2005 2005 2005 2005 2005 2005 2005 2005 2005 2005 2005
    2016 2016 2016 2005 2005 2016 2016 2028 2040 2040 2040 2040 2040
    2040 2040 2040 2040 2053 2053 2053 2078 2078 2078 2078 2005 2005
    2005 2005 2005 2005 2005 2005 2005 2005 2005 2016 2016 2016 2005
    2005 2016 2016 2028 2040 2040 2040 2040 2053 2053 2053 2040 2040
    2053 2053 2053 2065 2065 2078 2090 2016 2005 2005 2005 2005 2005
    2005 2005 2005 2005 2005 2016 2028 2028 2016 2016 2016 2028 2028
    2040 2040 2040 2040 2040 2040 2053 2053 2053 2053 2053 2053 2065
    2065 2078 2078 1993 1993 2005 2005 2005 2005 2005 2005 2005 2005
    2016 2016 2016 2016 2016 2016 2028 2028 2028 2040 2040 2040 2040
    2040 2040 2053 2053 2053 2053 2053 2053 2078 2078 2078 2078 1993
    1993 2005 2005 2005 2005 2005 2005 2005 2016 2005 2005 2016 2016
    2028 2028 2028 2028 2028 2040 2040 2040 2040 2040 2040 2053 2053
    2053 2053 2053 2053 2078 2065 2065 2065 2005 2005 1993 1993 2005
    2005 2005 2005 2005 2016 2005 2005 2028 2028 2028 2028 2028 2028
    2028 2040 2040 2040 2040 2040 2040 2053 2053 2053 2053 2053 2053
    2078 2065 2065 2065 2005 2005 1993 1993 2005 2005 2005 2005 2005
    2016 2005 2005 2016 2028 2028 2028 2028 2028 2040 2040 2040 2053
    2053 2053 2053 2053 2053 2053 2053 2053 2053 2065 2065 2065 2065
    2016 2005 1993 1993 2005 2005 2005 2005 2005 2016 2016 2016 2016
    2028 2028 2028 2028 2028 2040 2040 2040 2040 2053 2053 2053 2053
    2053 2053 2053 2053 2053 2065 2065 2065 2078 2005 2005 2005 2005
    2005 2005 2005 2005 2005 2016 2016 2016 2016 2028 2028 2028 2028
    2028 2028 2028 2028 2040 2053 2053 2053 2053 2053 2053 2065 2053
    2053 2078 2065 2065 2078 2005 2005 2005 2005 2005 2005 2005 2005
    2005 2016 2016 2028 2028 2028 2028 2028 2028 2028 2028 2028 2028
    2040 2053 2053 2053 2053 2053 2053 2053 2053 2053 2078 2078 2078
    2078 1993 1993 2005 2005 2005 2005 2005 2005 2016 2016 2028 2028
    2028 2028 2028 2028 2028 2028 2028 2028 2040 2040 2040 2053 2053
    2053 2053 2053 2053 2065 2065 2078 2078 2078 2078 1993 1993 2005
    2005 2005 2005 2005 2005 2016 2016 2028 2028 2028 2028 2028 2028
    2028 2028 2028 2028 2040 2040 2040 2040 2040 2040 2053 2053 2053
    2065 2065 2078 2078 2078 2078 4774 2005 2005 2005 2005 2005 2005
    2005 2016 2016 2028 2016 2016 2028 2028 2040 2040 2040 2040 2040
    2040 2040 2040 2040 2040 2040 2053 2053 2065 2065 2065 2078 2078
    2078 2078 2005 2005 2005 2005 2005 2005 2005 2005 2005 2016 2016
    2016 2016 2016 2028 2028 2040 2040 2040 2040 2040 2040 2040 2040
    2040 2040 2053 2053 2065 2065 2065 2065 2065 2065 2065 2005 2005
    2005 2005 2005 2005 2005 2005 2005 2016 2016 2016 2016 2016 2028
    2028 2040 2040 2040 2040 2040 2040 2040 2040 2040 2040 2053 2053
    2053 2053 2053 2065 2065 2065 2065 2005 2005 2005 2005 2005 2005
    2005 2005 2005 2005 2005 2005 2016 2016 2028 2028 2040 2040 2040
    2040 2040 2040 2040 2040 2040 2040 2053 2053 2053 2053 2053 2065
    2065 2065 2065 1993 1993 2005 2005 2005 2005 2005 2005 2005 2005
    2005 2005 2016 2016 2028 2028 2040 2040 2040 2040 2040 2040 2040
    2040 2040 2053 2053 2053 2053 2053 2053 2065 2065 2065 2065 1993
    1993 1993 2005 2005 2005 2005 2005 2005 2005 2005 2005 2016 2016
    2028 2028 2040 2040 2040 2040 2040 2040 2040 2053 2053 2053 2053
    2053 2053 2053 2053 2065 2065 2065 2065 2005 1993 1993 2005 2005
    2005 2005 2005 2005 2005 2005 2005 2016 2016 2028 2028 2040 2028
    2028 2040 2040 2040 2053 2053 2053 2053 2053 2053 2053 2053 2053
    2065 2065 2065 2065 2005 2005 2005 2005 2005 2016 2005 2005 2005
    2005 2005 2016 2016 2028 2028 2028 2040 2028 2028 2040 2040 2053
    2053 2053 2053 2053 2053 2053 2053 2053 2053 2065 2065 2065 2065
    2005 2005 2005 2005 2005 2016 2005 2005 2005 2005 2016 2016 2016
    2028 2028 2028 2040 2040 2040 2040 2040 2053 2053 2053 2053 2053
    2053 2053 2053 2053 2053 2065 2065 2065 2065 2005 2005 2005 2005
    2005 2016 2016 2016 2005 2005 2016 2016 2016 2028 2028 2040 2040
    2040 2040 2040 2040 2053 2053 2053 2053 2053 2053 2053 2053 2053
    2053 2065 2065 2065 2065 2005 2005 2005 2005 2005 2005 2016 2016
    2005 2005 2016 2016 2028 2028 2028 2040 2040 2040 2040 2040 2040
    2053 2053 2053 2053 2053 2053 2053 2053 2053 2053 2078 2078 2078
    2078 2005 2005 2005 2005 2005 2005 2016 2016 2016 2016 2016 2016
    2028 2028 2028 2040 2040 2040 2040 2040 2040 2040 2040 2053 2053
    2053 2053 2053 2053 2053 2053 2065 2078 2103 2103 2005 2005 2005
    2005 2005 2005 2016 2016 2016 2016 2016 2016 2016 2028 2028 2040
    2040 2040 2040 2040 2040 2040 2040 2053 2053 2053 2053 2053 2053
    2053 2053 2065 2065 2065 5132 4842 2005 2005 2005 2005 2005 2016
    2016 2016 2028 2028 2016 2016 2016 2028 2040 2040 2040 2040 2040
    2040 2040 2040 2053 2053 2053 2053 2065 2065 2053 2053 2065 2065
    2078 2078 1993 1993 1993 2005 2005 2005 2016 2016 2016 2028 2028
    2016 2016 2016 2028 2040 2040 2040 2040 2040 2040 2040 2040 2053
    2053 2053 2053 2053 2065 2053 2053 2065 2065 2078 2078 1993 1993
    1993 2005 2005 2005 2016 2016 2016 2028 2028 2028 2016 2016 2040
    2040 2040 2040 2040 2040 2040 2040 2040 2053 2053 2053 2053 2053
    2053 2053 2053 2065 2065 2078 2078 2005 2005 2005 2005 2005 2005
    2016 2016 2016 2028 2028 2028 2028 2028 2040 2040 2040 2040 2028
    2028 2040 2040 2040 2053 2053 2053 2053 2053 2053 2053 2053 2065
    2065 2078 2078 1993 1993 2005 2005 2005 2005 2016 2005 2005 2016
    2016 2028 2028 2028 2040 2040 2040 2040 2028 2028 2040 2040 2040
    2053 2053 2053 2053 2053 2053 2053 2053 2065 2065 2065 2065 1993
    1993 2005 2005 2005 2016 2016 2005 2005 2016 2016 2016 2028 2040
    2040 2040 2040 2040 2040 2040 2040 2040 2040 2053 2053 2053 2053
    2053 2053 2053 2053 2065 2065 2065 2065 2005 2005 2005 2016 2016
    2016 2016 2005 2005 2016 2016 2016 2028 2040 2040 2040 2040 2040
    2040 2040 2040 2040 2053 2053 2053 2053 2053 2053 2053 2053 2053
    2065 2065 2078 2078 4911 2005 2005 2016 2016 2016 2005 2005 2016
    2016 2016 2016 2028 2040 2040 2040 2040 2040 2040 2040 2040 2040
    2053 2053 2053 2053 2053 2053 2053 2053 2053 2065 2065 2090 2090
    2005 2005 2005 2016 2005 2005 2005 2005 2016 2016 2016 2016 2028
    2028 2040 2040 2040 2040 2040 2040 2040 2040 2053 2053 2053 2053
    2053 2053 2053 2053 2053 2053 2053 2090 2090 1993 1993 2005 2005
    2005 2005 2016 2016 2016 2028 2028 2028 2028 2028 2028 2040 2040
    2040 2040 2040 2040 2040 2053 2053 2053 2053 2053 2053 2053 2053
    2065 2053 2053 2078 2078 1993 1993 2005 2005 2005 2005 2016 2016
    2028 2028 2028 2028 2016 2016 2028 2028 2040 2040 2040 2040 2040
    2040 2053 2053 2053 2040 2040 2040 2040 2053 2065 2065 2065 2065
    2065 1993 1993 2005 2005 2005 2005 2016 2016 2028 2028 2028 2028
