<?xml version="1.0"?>
<opencv_storage>
<Depth19709 type_id="opencv-matrix">
  <rows>10</rows>
  <cols>23</cols>
  <dt>w</dt>
  <data>
    4774 4774 4774 4774 4774 4774 4842 4708 4708 4708 4708 4708 4708
    4708 4774 4842 4911 4645 4645 4645 6622 6497 6497 4774 4774 4774
    4774 4774 4774 4774 4774 4774 4774 4708 4708 4708 4708 4774 4842
    4911 4645 4645 4645 4774 6497 6497 4774 4774 4774 4774 4774 4774
    4774 4774 4774 4774 4774 4842 4911 4911 4911 4911 4911 4911 4708
    4708 4774 6497 6497 4774 4774 4774 4774 4774 4774 4774 4774 4774
    4774 4774 4842 4911 4911 4983 4983 4911 4911 4774 4774 6622 6497
    4983 4774 4774 4774 4774 4774 4774 4774 4774 4774 4774 4774 4842
    4911 4911 4911 4983 4983 4983 4983 4983 4983 4983 4983 4774 4774
    4774 4774 4774 4774 4774 4774 4842 4842 4774 4774 4842 4842 4911
    4911 4911 4983 4983 4983 4983 4983 4983 4774 4774 4774 4774 4774
    4774 4842 4911 4911 4842 4708 4708 4774 4774 4842 4842 4842 4983
    5056 5056 4983 4911 4911 4708 4774 4774 4774 4774 4774 4774 4842
    4842 4774 4645 4645 4708 4774 4774 4842 4842 4842 4983 4983 4983
    4911 4911 4708 4708 4708 4708 4774 4774 4774 4774 4774 4774 4645
    4645 4708 4708 4774 4842 4842 4842 4911 4911 4983 4911 4911 4708
    4708 4708 4708 4708 4645 4582 4582 4645 4645 4708 4708 4708 4708
    4774 4842 4842 4911 4911 4911 4983 4911 4911</data></Depth19709>
</opencv_storage>
