<?xml version="1.0"?>
<opencv_storage>
<Depth3861 type_id="opencv-matrix">
  <rows>35</rows>
  <cols>49</cols>
  <dt>w</dt>
  <data>
    2184 2184 0 0 0 0 0 2103 2103 2103 2103 2103 2103 2103 2103 2116
    2116 2116 2129 2129 2143 3994 3994 3994 3994 3994 4041 4041 4041
    4041 4041 4041 4041 4041 4041 4041 3994 3994 3994 3994 3994 3994
    3994 3994 3994 3994 4041 3994 3994 2184 2184 0 0 0 0 2103 2103 2103
    2103 2103 2103 2103 2103 2103 2116 2116 2116 2116 2129 2129 2116
    2116 3994 3994 4041 4041 4041 4041 4041 4041 4041 4041 4041 4041
    4041 4041 4041 3994 3994 3994 3994 3994 3994 3994 4041 4041 3994
    3994 0 0 0 0 0 0 2103 2103 2103 2103 2103 2103 2103 2103 2103 2116
    2116 2116 2116 2116 2129 2116 2116 2129 2129 2143 4041 4041 4041
    4041 4041 4041 4041 4041 4041 4041 4041 4041 3994 3994 3994 3994
    3994 3994 3994 3994 4041 3994 3994 0 0 0 0 0 2103 2103 2103 2103
    2103 2090 2090 2090 2103 2103 2116 2116 2116 2116 2116 2129 2129
    2129 2129 2129 2129 2129 2129 2129 2129 4041 3994 3994 3994 3994
    4041 4041 4041 3994 3994 3994 3994 3994 3994 3994 3994 3994 3994
    3994 0 0 0 0 2116 2103 2103 2103 2103 2103 2090 2090 2090 2103 2103
    2116 2116 2116 2116 2116 2129 2129 2129 2116 2116 2129 2129 2129
    2129 2129 2129 3994 3994 3994 3994 4041 4041 4041 4041 4041 3994
    3994 3994 3994 3994 3994 3994 3994 4041 0 0 0 0 2103 2103 2090 2090
    2090 2090 2090 2090 2090 2103 2103 2116 2116 2116 2116 2116 2129
    2129 2129 2116 2116 2116 2116 2129 2129 2129 2129 2143 2129 2129
    3994 3994 4041 4041 4041 4041 3994 3994 3994 3994 3994 3994 3994
    3994 3994 2170 0 0 0 2103 2103 2090 2090 2090 2090 2090 2090 2103
    2103 2103 2116 2129 2116 2116 2129 2129 2116 2116 2116 2116 2116
    2116 2116 2129 2129 2129 2129 2129 2129 2129 2129 4041 4041 4041
    4041 4041 4041 4041 4041 3994 3994 3994 3994 3994 0 0 0 0 2103 2103
    2090 2090 2090 2090 2090 2090 2103 2103 2103 2116 2116 2116 2116
    2129 2129 2116 2116 2116 2116 2116 2116 2116 2129 2129 2129 2129
    2129 2116 2116 2116 2129 4041 4041 4041 4041 4041 4041 3994 3994
    3994 3994 3994 3994 2170 0 2170 0 2116 2103 2090 2090 2090 2090 2090
    2103 2103 2103 2103 2116 2116 2116 2116 2116 2116 2116 2116 2116
    2116 2116 2116 2116 2129 2129 2129 2129 2129 2116 2116 2116 2129
    2143 2129 2129 4041 3994 3994 3994 3994 3994 3994 3994 3994 2212 0
    2170 2156 2116 2116 2103 2103 2103 2103 2103 2103 2103 2103 2103
    2116 2116 2116 2116 2116 2116 2116 2116 2116 2116 2116 2116 2129
    2129 2129 2129 2129 2129 2129 2129 2129 2129 2143 2129 2129 2129
    2129 3994 3994 3994 3994 3994 3994 3994 2212 2212 2170 2156 2129
    2116 2116 2116 2116 2103 2103 2103 2103 2103 2103 2116 2116 2116
    2116 2116 2116 2116 2116 2116 2116 2116 2116 2129 2129 2129 2129
    2129 2129 2129 2129 2129 2129 2129 2129 2129 2129 2129 2129 2129
    3994 4041 4041 3994 3994 2212 2212 2212 2198 2156 2156 2156 2129
    2129 2116 2116 2103 2103 2103 2103 2129 2116 2116 2116 2116 2116
    2116 2116 2116 2116 2116 2116 2129 2129 2129 2129 2129 2129 2129
    2129 2129 2129 2129 2129 2129 2129 2129 2129 2129 2129 2116 2116
    4041 3994 2226 2212 2212 2198 2170 2170 2170 2156 2156 2143 2129
    2129 2116 2116 2116 2129 2129 2129 2116 2116 2116 2116 2116 2116
    2116 2129 2129 2129 2129 2129 2129 2129 2129 2129 2129 2129 2129
    2129 2129 2129 2129 2129 2129 2129 2129 2116 2116 2143 3994 2226
    2226 2212 2198 2184 2184 2170 2170 2170 2156 2156 2143 2143 2129
    2129 2129 2129 2129 2116 2116 2116 2116 2116 2116 2116 2116 2116
    2116 2116 2129 2129 2129 2116 2116 2129 2129 2129 2129 2129 2129
    2129 2129 2129 2129 2129 2143 2143 2143 2143 2241 2226 2226 2212
    2212 2198 2184 2170 2170 2156 2156 2156 2143 2143 2129 2129 2143
    2143 2129 2129 2116 2116 2116 2116 2116 2116 2116 2116 2116 2129
    2129 2129 2116 2116 2129 2129 2129 2129 2129 2129 2129 2129 2143
    2129 2129 2129 2143 2143 2143 2241 2241 2241 2226 2226 2212 2212
    2198 2184 2170 2170 2170 2156 2156 2143 2143 2143 2143 2143 2129
    2129 2116 2116 2116 2116 2129 2129 2116 2116 2116 2116 2129 2129
    2129 2129 2129 2129 2129 2129 2129 2129 2129 2129 2129 2129 2129
    2129 2129 2129 4041 2256 2256 2241 2226 2226 2212 2212 2198 2184
    2184 2184 2170 2170 2156 2156 2170 2156 2156 2156 2143 2143 2129
    2129 2129 2129 2129 2129 2129 2116 2116 2129 2129 2129 2129 2129
    2129 2129 2129 2129 2129 2129 2129 2129 2129 2129 2129 2129 2129
    4041 4041 2271 2271 2271 2241 2226 2212 2212 2212 2212 2212 2198
    2184 2184 2184 2184 2170 2170 2170 2156 2156 2156 2156 2143 2143
    2129 2129 2129 2129 2129 2129 2129 2129 2129 2129 2129 2129 2129
    2129 2129 2129 2129 2129 2129 2129 2129 2129 2129 4041 4041 2301
    2286 2286 2256 2241 2226 2226 2226 2226 2226 2212 2212 2212 2212
    2198 2184 2184 2184 2170 2170 2170 2170 2156 2156 2156 2143 2143
    2129 2129 2129 2129 2129 2129 2129 2129 2129 2129 2129 2129 2129
    2129 2129 2129 2129 2129 2129 2129 3994 3994 2301 2286 2286 2271
    2271 2256 2241 2241 2226 2226 2226 2226 2226 2226 2226 2212 2198
    2184 2184 2184 2170 2170 2170 2170 2170 2156 2156 2143 2143 2143
    2143 2143 2129 2129 2129 2129 2129 2129 2129 2129 2129 2129 2129
    2129 2129 2129 2129 3994 4089 2301 2286 2286 2286 2286 2271 2256
    2256 2256 2271 2256 2256 2256 2241 2226 2212 2212 2212 2198 2184
    2184 2184 2184 2170 2170 2170 2170 2170 2156 2156 2143 2143 2143
    2143 2129 2129 2129 2129 2129 2129 2129 2129 2129 2129 2129 2129
    2129 4041 4089 4041 2301 2286 2286 2286 2286 2286 2271 2271 2271
    2271 2271 2271 2271 2241 2226 2226 2212 2212 2212 2198 2198 2198
    2184 2184 2184 2184 2184 2170 2170 2170 2156 2143 2143 2143 2129
    2129 2129 2129 2129 2129 2129 2129 2129 2129 2129 2129 4089 4089
    4041 3994 3994 2301 2301 2301 2286 2286 2286 2271 2271 2271 2271
    2271 2271 2256 2241 2241 2241 2226 2226 2226 2212 2198 2198 2198
    2184 2184 2184 2184 2170 2170 2156 2156 2143 2143 2129 2129 2129
    2129 2129 2129 2129 2129 2129 2129 2129 4089 4089 4089 3994 3994
    2333 2301 2301 2301 2301 2301 2286 2286 2271 2271 2286 2286 2271
    2271 2256 2241 2241 2241 2241 2241 2226 2212 2212 2212 2212 2198
    2198 2184 2184 2184 2170 2170 2156 2156 2143 2129 2129 2129 2129
    2129 2129 2143 2143 2143 4089 4089 4089 4041 4041 4041 4041 2317
    2317 2317 2317 2301 2301 2286 2286 2286 2286 2286 2286 2286 2271
    2271 2256 2256 2241 2241 2226 2226 2226 2226 2226 2212 2198 2198
    2184 2184 2170 2170 2170 2156 2156 2143 2143 2129 2129 2129 3994
    3994 4041 4089 4089 4089 4041 4041 4041 4041 4041 4041 4041 2333
    2317 2317 2317 2301 2301 2301 2301 2301 2301 2286 2286 2271 2271
    2256 2241 2241 2241 2241 2226 2226 2226 2212 2198 2198 2184 2184
    2184 2170 2170 2170 2156 2143 2143 2143 4089 3994 3994 4041 4041
    4041 4089 4041 4041 4041 4041 4041 4041 4041 4041 2333 2333 2333
    2333 2333 2317 2317 2317 2317 2317 2301 2286 2286 2271 2271 2256
    2256 2256 2241 2241 2226 2226 2226 2212 2212 2198 2184 2184 2184
    2184 2170 2170 2170 4139 4089 4041 4041 4041 4041 4041 4041 4041
    4041 4041 4041 4041 4041 4041 4041 3994 3994 3994 4089 4089 2333
    2333 2333 2333 2333 2317 2301 2301 2286 2286 2286 2286 2271 2256
    2256 2241 2241 2241 2226 2226 2212 2198 2198 2198 2184 2184 2184
    2184 4089 4089 4041 4041 4041 4041 4041 4041 4041 4041 4041 4041
    4041 4041 4041 4041 3994 3994 3994 4089 4089 4139 2365 2349 2349
    2349 2333 2333 2317 2301 2301 2301 2301 2286 2271 2271 2256 2256
    2256 2241 2241 2226 2226 2212 2212 2212 2198 2198 2226 4089 4089
    4041 4041 4041 4089 4041 4041 4041 4041 4041 4089 4041 4041 4041
    4041 4041 4041 4041 4041 4041 4089 4089 4041 2349 2349 2349 2333
    2317 2317 2301 2301 2301 2301 2301 2286 2286 2271 2271 2271 2271
    2256 2241 2226 2226 2226 2226 2226 2226 4089 4089 4041 4041 4041
    4089 4041 4041 4041 4041 4041 4089 4089 4089 4089 4089 4041 4041
    4041 4041 4041 4041 4139 4089 4089 4089 2349 2349 2349 2349 2333
