<?xml version="1.0"?>
<opencv_storage>
<Depth18823 type_id="opencv-matrix">
  <rows>5</rows>
  <cols>25</cols>
  <dt>w</dt>
  <data>
    8413 8413 8413 8413 8413 8413 9593 9593 9593 8212 8212 8212 8212
    8212 8212 8212 8212 8212 8212 8212 8212 8413 8413 8413 8626 8212
    8212 8212 8212 8212 8212 8212 8212 8212 8212 8212 8212 8212 8212
    8212 8212 8212 8019 8019 8212 8212 8413 8413 8413 8626 8212 8212
    8212 8212 8019 8019 8019 8019 8212 8212 8212 8212 8212 8212 8212
    8212 8212 8019 8019 8212 8212 8413 8413 8413 8413 8212 8212 8212
    8019 8019 8019 8019 8019 8212 8212 8212 8212 8212 8212 8212 8212
    8212 8019 8019 8212 8212 8413 8413 8413 8413 8212 8212 8019 7835
    7835 7835 8019 8019 8212 8212 8212 8212 8212 8212 8212 8212 8212
    8019 8019 8212 8212 8413 8413 8413 8413</data></Depth18823>
</opencv_storage>
