<?xml version="1.0"?>
<opencv_storage>
<Depth10311 type_id="opencv-matrix">
  <rows>86</rows>
  <cols>93</cols>
  <dt>w</dt>
  <data>
    3539 3539 3539 3539 3539 3503 3503 3503 3503 3503 3503 3503 3503
    3503 3503 3539 3539 3503 984 981 981 981 981 981 984 984 984 984 984
    984 984 984 3468 3468 3468 3468 3468 3468 3468 3433 3433 3433 3433
    3468 3468 3468 3468 3468 3468 3433 3433 3365 3333 3333 3333 3333
    3333 3333 3365 3433 3433 3433 3433 3468 3433 3433 3433 3468 3468
    3433 3399 3333 3333 3269 3269 3269 3269 2522 2522 2522 2485 2467
    2450 2450 2467 2467 2467 2485 2467 2467 2450 2450 2450 3539 3539
    3539 3539 3539 3503 3503 3503 3503 3503 3468 3468 3468 3539 3539
    3539 3539 984 984 984 981 981 981 981 984 984 984 984 984 984 984
    984 984 984 987 984 3468 3468 3433 3399 3399 3399 3433 3433 3468
    3468 3468 3468 3468 3433 3433 3365 3333 3333 3333 3333 3333 3365
    3365 3433 3433 3468 3468 3468 3433 3433 3433 3468 3468 3433 3365
    3333 3300 3269 3269 3238 3238 2522 2522 2503 2467 2467 2467 2467
    2467 2467 2467 2467 2467 2467 2450 2450 2450 3539 3539 3539 3539
    3539 3503 3503 3503 3503 3503 3468 3468 3468 3653 3653 3576 995 984
    984 981 981 981 981 981 981 984 984 984 984 984 984 984 984 987 987
    984 984 984 981 981 981 3399 3433 3433 3468 3468 3468 3468 3468 3433
    3399 3365 3333 3333 3333 3333 3365 3399 3399 3433 3433 3433 3468
    3468 3433 3433 3433 3433 3433 3399 3333 3269 3269 3238 3238 3238
    2541 2522 2522 2503 2467 2467 2467 2450 2450 2467 2467 2467 2467
    2450 2450 2450 2450 3539 3539 3539 3539 3539 3539 3539 3539 3539
    3468 3468 3503 3503 998 998 998 995 987 984 978 978 978 978 978 981
    981 981 981 981 981 984 984 984 987 987 984 984 984 981 981 981 984
    3433 3433 984 984 3468 3433 3433 3399 3399 3333 3333 3333 3333 3333
    3365 3399 3433 3433 3433 3433 3433 3433 3468 3468 3433 3433 3433
    3365 3333 3269 3269 3238 3238 3238 2541 2522 2522 2467 2450 2450
    2432 2432 2432 2450 2467 2467 2467 2450 2450 2432 2432 3539 3539
    3539 3539 3539 3539 3539 3539 3539 3468 3468 3468 1004 1004 998 998
    995 987 981 978 975 975 975 975 978 978 981 978 978 978 981 984 984
    984 984 984 984 984 981 981 984 984 984 984 984 984 984 984 984 3399
    3399 3333 3333 3333 3333 3333 3365 3399 3433 3433 3433 3433 3433
    3433 3433 3468 3433 3433 3399 3365 3333 3300 3300 3269 3269 3238
    2541 2522 2522 2467 2450 2432 2432 2432 2432 2450 2467 2467 2450
    2450 2450 2432 2415 3539 3539 3539 3539 3539 3539 3539 3539 3539
    3539 3539 1019 1004 1004 1001 1001 995 987 981 978 975 975 973 973
    975 978 978 978 978 978 981 981 981 981 981 981 984 984 984 984 984
    984 984 984 981 981 984 984 984 984 984 984 984 3333 3333 3333 3365
    3433 3433 3433 3399 3399 3399 3433 3433 3433 3433 3433 3365 3333
    3333 3300 3300 3300 3269 2541 2522 2522 2503 2467 2450 2432 2432
    2432 2432 2450 2450 2450 2450 2432 2432 2432 2398 3539 3539 3539
    3539 3539 3539 3503 3503 3539 0 3539 0 1019 1007 1004 1001 995 989
    984 978 975 975 973 973 975 975 975 975 975 978 981 981 978 978 978
    978 981 984 981 981 981 978 978 981 981 981 984 984 984 984 984 984
    984 987 987 987 984 984 984 984 984 984 3399 3433 3433 3433 3433
    3433 3365 3333 3300 3300 3300 3300 3269 2522 2522 2522 2503 2467
    2450 2432 2432 2432 2432 2450 2450 2432 2432 2432 2432 2415 2381
    3539 3539 3539 3539 3503 3503 3503 3503 3539 3539 0 1019 1019 1013
    1004 998 992 987 981 978 975 975 973 973 975 975 975 975 975 975 981
    978 978 978 975 975 978 981 981 978 978 978 978 978 978 978 978 978
    981 981 981 981 981 984 984 984 984 984 984 984 981 981 981 981 981
    981 3433 3433 3365 3333 3269 3269 3300 3300 3269 2522 2522 2522 2503
    2467 2450 2432 2432 2432 2432 2432 2450 2432 2432 2432 2432 2415
    2381 3539 3539 3539 3539 3503 3503 3503 3503 3503 3503 0 1019 1019
    1013 1004 995 992 984 981 978 975 975 975 975 975 975 975 975 975
    975 978 978 978 975 975 975 975 978 978 978 978 975 975 975 975 975
    978 978 981 981 981 981 981 981 981 984 984 984 984 984 981 981 981
    981 981 981 981 978 3333 3333 3269 3238 2541 2541 2541 2522 2522
    2522 2503 2467 2450 2432 2432 2432 2432 2432 2432 2432 2432 2432
    2415 2415 2432 3539 3539 3539 3503 3503 3468 3468 3503 3503 0 0 1019
    1019 1013 1001 992 987 981 975 975 973 973 973 973 975 975 975 975
    975 975 975 975 975 975 975 973 973 975 978 978 975 975 975 975 975
    975 978 978 978 975 975 975 975 978 981 981 981 981 984 984 984 984
    984 984 981 981 978 978 981 981 981 984 2541 2541 2541 2522 2503
    2467 2467 2450 2450 2432 2432 2432 2432 2432 2432 2432 2415 2415
    2398 2398 2398 3539 3539 3539 3503 3503 3468 3468 0 1057 1057 1054
    1050 1047 995 995 989 984 978 975 973 973 970 970 970 975 975 973
    973 973 975 975 975 975 975 973 973 973 975 975 975 975 973 973 975
    975 975 975 975 975 975 975 975 975 975 975 978 978 978 981 981 981
    981 981 981 981 981 978 978 981 981 981 984 987 987 987 987 984 981
    981 2450 2450 2450 2432 2432 2432 2432 2432 2432 2415 2415 2398 2398
    2398 3539 3539 3539 3503 3503 3503 3503 3503 1057 1057 1054 1050
    1047 1047 992 987 984 975 973 970 970 970 970 970 973 973 973 973
    973 973 973 975 973 973 973 973 973 973 975 975 975 973 973 975 975
    975 975 975 975 975 973 973 975 975 975 978 978 978 978 978 978 978
    981 981 981 981 984 984 984 984 984 987 987 987 984 984 984 981 981
    981 984 2432 2432 2432 2432 2432 2432 2432 2415 2415 2398 2398 2398
    3539 3539 3539 3539 3539 3539 3539 1057 1057 1057 1054 1050 1047
    1047 989 987 981 973 967 967 967 967 970 970 970 973 973 973 973 973
    973 973 973 973 973 973 973 973 973 975 973 973 973 975 975 975 975
    975 975 975 973 973 975 975 975 975 975 975 975 975 975 975 978 978
    978 981 981 981 981 981 981 984 984 984 981 981 984 981 981 984 984
    984 989 989 989 987 987 2432 981 981 981 978 978 3539 3539 3539 3539
    3539 3539 1060 1060 1057 1057 1054 1054 1047 1047 987 984 981 970
    964 964 964 964 964 967 967 967 967 970 970 970 970 973 973 973 973
    970 970 973 973 973 973 973 973 973 973 975 975 975 973 973 975 975
    975 975 975 975 975 975 975 975 975 975 978 978 978 981 981 981 981
    981 981 981 981 981 981 981 981 984 984 984 984 984 987 989 989 987
    984 984 981 981 981 978 978 3576 3576 3576 3539 3539 3539 1057 1057
    1057 1057 1054 1054 1047 1041 984 984 975 970 962 962 962 962 964
    964 967 967 967 967 970 970 970 970 970 973 970 970 970 970 973 973
    973 973 973 973 973 973 973 973 973 973 975 975 975 975 975 975 975
    975 975 975 975 975 978 978 978 981 981 978 978 978 978 978 978 978
    978 978 978 978 981 984 984 984 984 984 984 987 984 984 981 981 981
    981 984 3539 3539 3539 3539 3539 3539 1057 1057 1057 1057 1054 1054
    1047 984 984 981 973 962 962 959 959 959 959 964 964 964 967 967 967
    967 967 967 967 967 967 967 970 970 970 973 973 973 973 973 973 973
    973 973 973 973 973 973 973 973 973 973 973 973 975 975 975 975 978
    978 978 978 978 978 978 978 978 978 978 978 978 978 978 978 978 981
    981 981 981 981 981 984 984 984 981 981 981 981 981 3539 3539 3539
    3503 3503 3503 0 1057 1057 1057 1057 1057 1050 984 981 978 964 962
    962 959 959 959 959 964 964 964 967 967 967 967 964 964 964 964 967
    967 970 970 970 970 967 967 967 967 967 970 970 970 973 973 973 973
    973 973 973 973 973 973 973 973 973 973 975 975 978 975 975 978 978
    978 978 978 978 978 978 978 978 978 978 978 978 978 978 978 978 978
    978 981 978 978 978 978 978 3539 3539 3539 3503 3503 3503 0 0 0 1060
    1057 1054 1047 984 978 970 959 959 959 959 959 959 959 964 964 964
    964 964 964 964 964 964 964 964 964 964 967 967 967 967 967 967 964
    964 964 967 967 967 967 967 967 970 970 970 970 970 973 973 973 973
    973 973 973 975 975 975 975 975 975 975 975 975 975 975 975 975 975
    975 975 978 978 978 978 978 978 978 978 978 978 978 978 975 975 3539
