<?xml version="1.0"?>
<opencv_storage>
<Depth11081 type_id="opencv-matrix">
  <rows>94</rows>
  <cols>86</cols>
  <dt>w</dt>
  <data>
    3653 3653 3653 3653 3614 3576 3576 3539 3539 3539 3503 3503 3503
    3503 811 811 811 811 811 811 3365 875 875 875 878 875 875 875 875
    873 873 873 873 873 871 871 871 3238 3238 3208 3208 3178 3149 3149
    3149 3149 3120 3120 3120 3120 3092 3092 3064 3064 3064 3037 3037
    3037 3037 3010 3010 3010 3010 2984 2984 2958 2933 2933 2933 2933
    2908 2908 2908 2908 2908 2908 2859 2859 2859 2859 2859 2859 2835
    2835 2835 2812 3653 3653 3653 3653 3614 3614 0 0 0 813 811 811 811
    811 811 811 811 811 811 811 811 875 873 873 875 875 875 875 875 873
    873 871 871 871 871 871 869 869 3238 3238 3208 3178 3149 3149 3149
    3120 3092 3092 3092 3092 3092 3092 3064 3064 3064 3064 3037 3037
    3037 3037 3037 3010 3010 2984 2984 2958 2958 2933 2933 2933 2908
    2908 2908 2908 2908 2908 2883 2883 2883 2859 2859 2859 2835 2835
    2835 2812 3653 3653 0 0 0 0 0 0 0 0 0 0 811 811 811 809 809 811 811
    811 811 873 873 873 869 869 869 871 871 869 869 869 869 869 871 869
    867 864 864 864 864 867 864 864 862 862 862 862 3092 3064 3064 3092
    3064 3037 3037 3064 3037 3037 3037 3037 3037 3010 3010 2984 2984
    2958 2958 2933 2933 2933 2908 2908 2908 2933 2908 2908 2908 2883
    2883 2859 2859 2859 2835 2835 2835 2812 3653 0 0 0 0 0 0 0 0 813 811
    811 811 811 811 809 809 811 811 809 809 851 851 851 851 851 854 854
    854 860 860 860 856 854 854 854 858 860 860 862 862 864 862 862 862
    862 860 860 860 860 860 860 860 3037 3037 3064 3037 3037 3037 3037
    3037 3010 2984 2984 2984 2984 2958 2933 2933 2933 2908 2908 2908
    2933 2908 2908 2908 2883 2883 2883 2859 2859 2835 2835 2835 2812 0 0
    0 0 0 0 0 0 813 813 811 811 811 811 811 811 809 809 809 805 803 803
    849 849 851 851 851 854 854 854 849 849 849 849 849 849 849 851 858
    862 862 864 860 860 858 858 856 854 854 856 858 858 860 0 0 0 0 3064
    860 860 862 862 2984 2984 2984 2984 2958 2958 2933 2933 2908 2908
    2908 2933 2908 2908 2908 2883 2883 2883 2859 2859 2835 2835 2835
    2812 0 0 0 0 0 0 0 809 809 809 805 802 802 802 802 803 805 805 805
    803 803 802 802 803 803 851 851 807 807 854 849 847 847 847 849 849
    849 851 856 856 856 860 860 851 851 849 845 845 845 845 858 858 860
    0 0 0 0 0 860 858 858 858 856 856 856 2984 2958 2958 2933 2908 2908
    2908 2908 2933 2908 2883 2883 2883 2883 2883 2859 833 833 2835 2835
    2835 0 0 0 0 0 0 0 809 809 807 805 802 800 800 800 802 800 800 802
    803 803 802 802 802 802 802 803 803 803 803 802 802 802 798 798 798
    851 851 856 856 0 851 851 851 849 847 845 845 845 845 845 845 800
    790 0 0 0 0 860 858 858 856 856 854 854 854 854 856 858 2908 2908
    2908 2908 2933 2908 2883 2883 2883 2883 2859 837 833 831 831 2835
    2835 0 0 0 0 0 0 807 807 809 805 805 802 800 800 800 800 800 800 800
    800 800 800 800 798 798 800 800 800 800 800 802 802 800 798 798 798
    798 798 796 796 0 0 849 849 849 847 845 845 845 845 800 800 0 0 0 0
    0 0 0 0 0 856 854 851 851 851 851 847 847 849 847 847 851 2933 2908
    2883 854 854 2883 839 837 833 831 831 831 2835 0 0 0 0 0 0 807 807
    807 805 805 802 800 800 800 800 798 798 798 798 798 798 798 796 796
    796 798 798 796 796 798 798 798 796 796 796 796 796 796 796 787 798
    798 798 845 845 845 803 803 800 800 800 0 0 0 0 0 0 0 0 854 854 854
    851 849 847 847 845 845 845 845 845 847 845 845 845 851 851 845 839
    833 833 833 831 831 2859 0 0 0 0 0 0 807 807 807 805 805 802 802 802
    800 800 798 798 798 796 796 796 796 794 794 794 796 794 794 792 792
    794 794 792 792 792 796 789 789 787 787 798 798 798 785 803 803 803
    803 798 798 790 790 790 798 798 0 0 0 0 0 0 851 851 849 847 847 845
    845 845 845 845 845 843 837 831 831 851 845 841 829 829 829 831 831
    2883 0 0 0 0 0 0 807 807 809 807 805 803 802 802 802 800 800 800 798
    796 796 796 796 794 794 794 794 794 792 792 792 790 790 790 790 790
    787 783 783 783 783 783 785 785 785 785 803 803 796 790 790 790 790
    790 792 798 0 0 0 0 0 0 789 789 780 776 845 845 845 845 845 845 841
    839 837 831 831 800 798 798 829 829 829 831 833 0 0 0 0 0 0 0 807
    807 809 807 805 803 803 802 802 802 800 800 798 798 796 796 796 794
    794 794 794 794 792 792 792 790 790 789 789 789 785 783 783 783 781
    781 783 783 781 781 781 780 780 785 785 787 787 785 783 783 0 0 0
    781 0 789 789 789 780 776 776 778 778 780 780 841 841 839 837 837
    837 798 794 790 785 785 785 0 0 0 0 0 0 0 0 0 807 807 809 807 805
    803 803 803 802 802 802 800 798 798 796 796 796 794 794 794 796 796
    792 790 790 790 790 789 789 789 785 783 783 781 781 781 781 781 781
    780 780 780 780 781 781 780 780 778 776 774 774 764 764 781 781 781
    780 780 780 776 776 778 778 780 780 780 780 781 783 783 783 780 780
    783 781 780 780 0 0 0 0 0 0 0 0 0 0 809 809 807 805 803 803 803 803
    802 802 802 798 798 796 796 796 796 794 794 796 796 792 790 790 790
    790 789 789 789 785 783 783 781 781 781 781 781 781 780 780 780 778
    778 778 776 776 774 774 773 771 764 764 771 774 776 776 774 773 773
    773 773 774 776 778 778 780 780 780 780 781 780 780 778 778 778 778
    0 0 0 0 0 0 0 0 0 811 811 809 807 805 803 803 803 803 802 802 802
    798 798 796 796 796 796 794 794 794 794 792 790 790 790 790 789 789
    787 787 783 783 783 781 781 781 781 781 781 780 780 778 776 776 776
    774 774 773 771 769 769 769 771 771 771 771 771 769 769 769 769 771
    771 773 774 776 776 778 778 778 776 776 776 776 774 773 771 771 0 0
    0 0 0 0 0 811 811 809 807 807 805 803 803 803 802 802 802 800 798
    796 796 796 796 796 796 794 794 792 790 790 790 790 790 789 787 787
    785 785 783 783 783 783 783 781 781 780 780 778 776 776 776 774 774
    773 771 769 769 769 771 771 769 769 769 769 769 769 769 767 767 769
    769 771 773 776 774 773 771 771 771 771 771 769 764 761 761 0 0 0 0
    0 0 811 811 809 809 807 807 805 803 803 803 803 803 802 802 800 796
    796 796 796 796 796 794 794 792 790 790 790 790 789 787 787 785 785
    783 783 783 783 781 781 781 780 780 778 776 776 776 774 774 773 773
    773 771 771 771 771 769 769 769 769 769 769 769 767 767 767 767 767
    766 766 764 764 764 764 764 767 764 762 762 759 759 0 0 0 0 0 811
    811 811 809 809 809 807 805 803 803 803 803 802 802 800 800 798 796
    796 796 796 796 794 794 792 792 792 790 790 789 789 787 787 787 785
    783 783 783 781 781 781 780 780 778 778 776 776 774 774 774 774 774
    773 771 771 771 769 769 769 769 769 769 769 767 767 767 766 764 764
    764 764 762 762 761 761 759 759 759 759 757 757 0 0 0 0 0 811 811
    811 809 809 807 807 807 805 805 803 803 802 802 800 800 798 796 796
    796 796 796 794 794 794 794 792 790 790 789 789 789 787 787 785 783
    783 783 783 781 781 781 780 778 778 776 776 774 774 774 774 774 773
    771 771 771 771 769 769 769 769 769 769 769 767 767 766 764 764 764
    764 762 762 761 761 759 759 759 757 757 755 0 0 0 0 0 811 811 811
    809 809 807 807 807 805 805 803 803 802 800 800 800 798 798 798 796
    796 796 796 796 794 794 792 790 790 790 789 789 789 787 787 783 783
    783 783 781 781 781 780 778 778 776 776 774 774 774 774 774 774 773
    773 771 771 769 769 769 769 769 769 769 767 767 766 764 764 764 764
    764 762 761 761 759 759 757 757 755 755 0 0 0 0 0 813 811 811 811
    809 809 807 807 807 805 805 803 802 800 800 800 800 798 798 798 798
    796 796 796 796 794 792 790 790 790 789 789 789 787 787 785 783 783
    783 783 783 781 780 778 778 776 776 776 776 776 774 774 774 773 773
    773 771 771 769 769 769 769 769 767 767 766 766 764 764 764 764 764
    762 762 761 761 759 757 757 755 755 0 0 0 0 0 813 813 811 811 809
    809 809 807 807 807 805 803 802 800 800 800 800 800 798 798 798 798
    798 796 796 794 792 792 792 790 790 789 789 787 787 785 785 783 783
    783 783 783 781 780 778 776 776 776 776 776 774 774 774 774 774 773
    773 771 769 769 769 769 769 767 767 766 766 764 764 764 764 764 762
