<?xml version="1.0"?>
<opencv_storage>
<Depth4794 type_id="opencv-matrix">
  <rows>38</rows>
  <cols>26</cols>
  <dt>w</dt>
  <data>
    5132 5291 5291 2659 2659 2659 2639 2639 2598 2579 2560 2560 2541
    2541 2541 2541 2541 2541 2541 2541 2541 2579 2579 2579 5132 5132
    5132 2680 2680 2659 2639 2639 2618 2618 2618 2598 2560 2560 2541
    2541 2541 2541 2541 2541 2541 2541 2541 2579 2579 2579 5132 5132
    2701 2680 2680 2639 2639 2639 2618 2618 2618 2598 2560 2560 2541
    2541 2541 2541 2541 2541 2541 2541 2541 2579 2579 2579 5132 5132
    2701 2701 2680 2639 2639 2639 2618 2618 2598 2598 2560 2560 2560
    2541 2541 2541 2541 2541 2541 2541 2560 2560 2579 2579 5210 5132
    2701 2680 2680 2659 2639 2639 2618 2618 2598 2579 2579 2560 2560
    2541 2541 2541 2541 2541 2541 2560 2560 2560 2560 2560 5132 5132
    2701 2680 2659 2639 2639 2618 2618 2618 2598 2579 2579 2560 2560
    2541 2541 2541 2541 2541 2541 2560 2560 2560 2560 2560 5132 5132
    2701 2680 2659 2639 2639 2618 2618 2618 2598 2579 2579 2560 2560
    2541 2541 2541 2541 2541 2541 2541 2541 2541 2541 2541 5132 5132
    2701 2680 2659 2639 2639 2618 2618 2618 2598 2579 2579 2560 2560
    2541 2541 2541 2541 2541 2541 2541 2541 2541 2522 2522 5132 5132
    2701 2680 2659 2659 2639 2639 2618 2618 2598 2579 2560 2560 2541
    2541 2541 2541 2541 2541 2560 2560 2560 2541 2522 2522 5210 5210
    2701 2680 2680 2659 2639 2639 2618 2618 2598 2579 2560 2560 2541
    2541 2541 2541 2541 2541 2560 2560 2560 2560 2560 2560 5210 5210
    2701 2680 2680 2659 2639 2639 2639 2618 2618 2579 2560 2560 2541
    2541 2541 2541 2541 2541 2560 2560 2560 2560 2560 2560 5210 5210
    2701 2680 2680 2659 2639 2639 2639 2618 2598 2579 2579 2560 2541
    2541 2541 2541 2541 2541 2560 2560 2560 2560 2560 2560 2560 5210
    2701 2680 2680 2680 2659 2639 2639 2618 2598 2579 2579 2560 2541
    2541 2541 2541 2541 2541 2541 2541 2560 2560 2560 2560 2560 5210
    2723 2701 2680 2680 2659 2639 2639 2618 2598 2579 2579 2560 2560
    2541 2541 2541 2541 2541 2541 2541 2560 2560 2560 2560 2560 5210
    2723 2701 2680 2680 2659 2639 2618 2618 2598 2579 2579 2560 2560
    2541 2541 2541 2541 2541 2541 2541 2541 2560 2560 2560 2560 5210
    2723 2701 2680 2680 2659 2639 2618 2618 2618 2598 2579 2560 2560
    2541 2541 2541 2541 2541 2541 2541 2541 2560 2560 2560 2560 5210
    2723 2701 2680 2659 2639 2639 2618 2618 2618 2598 2560 2560 2541
    2541 2541 2541 2541 2541 2541 2541 2541 2560 2560 2560 2560 5132
    2723 2701 2680 2659 2639 2639 2618 2618 2618 2598 2560 2560 2541
    2541 2541 2522 2522 2541 2541 2541 2541 2560 2560 2560 2560 5132
    2723 2701 2680 2659 2639 2639 2618 2618 2618 2618 2560 2560 2560
    2541 2541 2522 2522 2541 2541 2541 2541 2560 2560 2560 2560 5132
    2723 2701 2680 2659 2639 2639 2639 2618 2618 2618 2560 2560 2560
    2541 2541 2522 2522 2541 2541 2541 2541 2560 2560 2560 2560 5132
    2701 2701 2680 2659 2639 2639 2639 2618 2618 2598 2560 2560 2560
    2560 2541 2522 2522 2541 2541 2541 2541 2560 2560 2560 2560 5132
    2701 2701 2701 2680 2659 2639 2618 2618 2618 2598 2560 2560 2560
    2560 2541 2522 2522 2541 2541 2541 2541 2541 2560 2560 2560 5132
    5460 2701 2701 2680 2659 2639 2618 2618 2618 2579 2560 2560 2560
    2541 2541 2541 2541 2541 2541 2541 2541 2541 2560 2560 2560 2560
    5460 2701 2701 2680 2659 2639 2639 2618 2618 2579 2560 2560 2560
    2541 2541 2541 2541 2541 2541 2541 2541 2541 2560 2560 2560 2560
    5460 2701 2701 2680 2659 2639 2639 2618 2618 2579 2579 2560 2560
    2541 2541 2541 2541 2541 2541 2541 2541 2541 2560 2560 2560 2579
    5460 2701 2680 2680 2659 2639 2639 2618 2618 2598 2579 2560 2560
    2541 2541 2541 2541 2541 2541 2541 2541 2541 2560 2560 2579 2579
    5460 2701 2680 2680 2659 2639 2639 2639 2618 2598 2579 2560 2560
    2541 2541 2522 2522 2541 2541 2541 2541 2541 2560 2560 2579 2579
    5460 2701 2680 2680 2659 2639 2639 2639 2618 2618 2598 2560 2560
    2541 2541 2522 2522 2541 2541 2541 2541 2541 2560 2560 2560 2560
    5460 5460 2680 2680 2659 2639 2639 2639 2618 2598 2579 2560 2560
    2541 2541 2541 2541 2541 2541 2541 2541 2541 2541 2560 2560 2560
    5374 2680 2680 2680 2659 2659 2639 2639 2618 2598 2579 2560 2560
    2541 2541 2541 2541 2541 2541 2541 2541 2541 2541 2560 2560 2560
    5374 2680 2680 2680 2659 2659 2639 2639 2618 2618 2560 2560 2560
    2541 2541 2541 2541 2541 2541 2541 2541 2541 2560 2560 2560 2560
    5291 2659 2659 2680 2680 2659 2639 2639 2618 2598 2560 2560 2560
    2541 2541 2522 2522 2522 2522 2541 2541 2541 2560 2560 2560 2579
    5210 2659 2659 2680 2680 2659 2639 2618 2618 2598 2560 2560 2560
    2541 2541 2522 2522 2522 2522 2541 2541 2541 2560 2560 2560 2560
    5210 2659 2659 2680 2659 2659 2639 2618 2618 2598 2579 2560 2560
    2541 2541 2541 2541 2522 2522 2522 2522 2522 2541 2560 2560 2560
    5210 2680 2659 2659 2659 2639 2639 2618 2618 2598 2579 2560 2560
    2560 2560 2541 2541 2541 2522 2522 2522 2522 2541 2560 2560 2560
    5210 2680 2659 2659 2639 2639 2639 2618 2618 2598 2579 2560 2560
    2560 2560 2541 2541 2541 2541 2522 2522 2522 2541 2560 2560 2560
    5374 2701 2680 2659 2639 2639 2639 2639 2618 2618 2598 2560 2560
    2560 2560 2560 2541 2541 2541 2541 2541 2541 2541 2560 2560 2560
    5460 5291 5291 5210 5210 5210 2639 2639 2639 2618 2618 2618 2560
    2560 2560 2560 2560 2541 2541 2541 2541 2541 2560 2560 2560 2560</data></Depth4794>
</opencv_storage>
