<?xml version="1.0"?>
<opencv_storage>
<Depth6843 type_id="opencv-matrix">
  <rows>74</rows>
  <cols>43</cols>
  <dt>w</dt>
  <data>
    3816 3816 3816 3816 3859 1427 1427 1415 1415 1415 1415 1415 1404
    1398 1387 1387 1381 1376 1376 1381 1381 1392 1392 3692 3692 3732
    3732 3732 3692 3692 3732 3732 3732 3732 3732 3732 3732 3732 3692
    3692 3692 3692 3692 3653 1458 1458 3859 1439 1427 1427 1415 1415
    1415 1410 1410 1404 1404 1392 1392 1381 1376 1376 1381 1381 1387
    1392 1398 3732 3732 3732 3732 3732 3732 3732 3732 3732 3732 3732
    3732 3732 3732 3732 3692 3692 3692 3692 3653 1452 1445 1445 1439
    1439 1433 1427 1421 1415 1410 1410 1404 1398 1398 1392 1381 1381
    1381 1381 1381 1387 1392 1398 1415 1421 3732 3732 3692 3692 3732
    3732 3732 3732 3732 3732 3732 3692 3692 3653 3653 3653 3653 1464
    1452 1445 1445 1439 1439 1433 1427 1421 1410 1410 1404 1398 1398
    1398 1387 1381 1376 1376 1381 1381 1387 1392 1398 1415 1421 1427
    3576 3692 3692 3774 3732 3732 3732 3732 3732 3732 3692 3692 3653
    3653 3653 3653 1464 1445 1445 1445 1433 1433 1427 1421 1415 1410
    1404 1404 1398 1392 1392 1387 1381 1376 1376 1381 1381 1387 1392
    1398 1415 1421 1427 1439 1445 3774 3774 3732 3732 3732 3732 3732
    3732 3732 3692 3653 3653 3653 3653 1458 1445 1439 1439 1433 1427
    1427 1421 1415 1410 1404 1404 1398 1392 1387 1381 1381 1381 1381
    1381 1381 1387 1392 1398 1415 1421 1427 1439 1445 1458 1458 3732
    3732 3732 3732 3692 3692 3692 3692 3653 3653 3653 3653 1445 1445
    1439 1439 1433 1427 1421 1415 1415 1404 1404 1398 1392 1387 1381
    1381 1381 1376 1376 1381 1381 1387 1392 1398 1415 1421 1427 1433
    1445 1458 1458 3774 3774 3732 3732 3692 3692 3653 3653 3653 3653
    3653 3653 1439 1439 1439 1439 1433 1427 1421 1415 1410 1404 1398
    1398 1392 1381 1381 1381 1376 1376 1376 1381 1381 1387 1392 1398
    1410 1415 1421 1427 1433 1458 1483 1483 3774 3774 3653 3653 3653
    3653 3653 3653 3653 3653 3653 1421 1421 1439 1433 1427 1427 1415
    1410 1404 1404 1398 1398 1392 1381 1376 1376 1376 1376 1376 1376
    1376 1381 1392 1392 1404 1415 1421 1427 1433 1452 1477 1483 1489
    1496 1496 3653 3653 3653 3653 3653 3653 3653 3653 1421 1421 1427
    1427 1427 1421 1410 1410 1404 1398 1398 1398 1392 1381 1376 1376
    1376 1376 1376 1376 1376 1381 1392 1392 1404 1415 1421 1427 1433
    1445 1470 1483 1483 1496 1496 1509 3692 3653 3653 3653 3653 3653
    3653 1421 1421 1427 1427 1427 1415 1410 1404 1404 1398 1398 1398
    1392 1381 1381 1376 1370 1370 1370 1370 1376 1381 1381 1387 1398
    1410 1427 1427 1433 1439 1464 1477 1483 1496 1496 1503 1509 1509
    3653 3653 3614 3614 3653 1433 1433 1433 1427 1421 1415 1410 1404
    1404 1398 1398 1398 1392 1381 1381 1376 1365 1365 1365 1365 1370
    1376 1381 1387 1398 1410 1427 1427 1433 1439 1458 1470 1477 1489
    1496 1503 1509 1509 3614 3614 3614 3614 3614 1427 1427 1427 1427
    1421 1410 1404 1404 1398 1398 1392 1392 1392 1381 1381 1376 1365
    1365 1359 1359 1365 1370 1381 1387 1392 1404 1421 1421 1433 1439
    1458 1470 1470 1483 1489 1496 1509 1509 1509 3614 3576 3576 3614
    1427 1427 1427 1427 1421 1410 1404 1404 1398 1398 1392 1381 1381
    1381 1376 1370 1359 1359 1359 1359 1359 1370 1376 1387 1387 1404
    1421 1421 1433 1439 1452 1464 1470 1483 1483 1496 1503 1509 1509
    3576 3576 3576 3576 1427 1427 1427 1421 1415 1410 1404 1404 1398
    1392 1387 1381 1381 1381 1376 1370 1359 1359 1354 1354 1359 1359
    1376 1381 1387 1398 1415 1427 1427 1445 1452 1464 1470 1477 1483
    1496 1503 1509 1509 1509 3576 3576 3576 1427 1427 1427 1421 1410
    1404 1404 1404 1398 1392 1387 1381 1381 1376 1376 1370 1359 1354
    1354 1354 1359 1359 1365 1376 1387 1398 1415 1421 1427 1439 1452
    1464 1470 1477 1483 1503 1503 1509 1509 1509 3576 3576 3576 1427
    1427 1427 1421 1410 1404 1404 1398 1398 1392 1387 1381 1376 1376
    1376 1370 1365 1354 1354 1354 1359 1359 1365 1376 1392 1398 1415
    1421 1427 1439 1452 1458 1470 1477 1483 1503 1509 1509 1509 1509
    3614 3614 3614 1421 1421 1421 1421 1410 1404 1398 1392 1392 1387
    1381 1381 1376 1376 1370 1370 1365 1354 1354 1354 1359 1359 1365
    1376 1392 1398 1410 1427 1427 1439 1439 1458 1464 1470 1483 1496
    1503 1509 1516 1516 3576 3576 3614 1421 1421 1421 1421 1410 1404
    1398 1392 1392 1387 1381 1381 1376 1370 1365 1365 1359 1349 1349
    1354 1354 1359 1359 1370 1381 1398 1410 1421 1421 1433 1439 1452
    1458 1470 1483 1483 1503 1503 1503 3576 3576 3576 3576 1421 1421
    1421 1421 1410 1404 1398 1387 1387 1387 1381 1376 1376 1370 1365
    1365 1359 1349 1349 1354 1354 1359 1359 1370 1381 1392 1404 1410
    1421 1433 1433 1439 1458 1470 1477 1483 1496 1503 1503 1503 3576
    3576 3576 1415 1415 1421 1415 1404 1404 1398 1387 1387 1387 1381
    1376 1370 1370 1365 1359 1354 1343 1343 1349 1354 1359 1359 1370
    1376 1381 1398 1410 1415 1427 1427 1433 1458 1470 1477 1483 1489
    1496 1496 1496 3576 3576 3576 1415 1415 1415 1410 1404 1398 1398
    1392 1387 1387 1381 1376 1370 1365 1359 1354 1349 1343 1343 1349
    1349 1354 1359 1370 1376 1381 1398 1410 1415 1427 1427 1433 1452
    1464 1470 1483 1489 1489 1496 1496 3576 3576 3576 1404 1404 1410
    1404 1404 1398 1398 1387 1381 1381 1376 1376 1370 1365 1359 1354
    1343 1343 1343 1338 1338 1354 1359 1365 1370 1376 1392 1404 1410
    1421 1421 1433 1452 1458 1470 1477 1483 1483 1496 1496 3576 3576
    3576 1404 1404 1404 1404 1404 1398 1392 1387 1381 1381 1376 1376
    1370 1365 1359 1354 1338 1338 1338 1338 1338 1349 1354 1365 1370
    1376 1392 1404 1410 1415 1421 1433 1445 1458 1464 1477 1483 1483
    1489 1489 3614 3614 3576 1415 1404 1404 1404 1398 1398 1392 1387
    1381 1376 1376 1370 1365 1359 1354 1354 1338 1338 1338 1338 1338
    1349 1354 1359 1370 1376 1392 1404 1410 1415 1421 1427 1445 1458
    1464 1470 1483 1483 1489 1489 3614 3614 3576 1421 1404 1404 1398
    1398 1392 1392 1381 1381 1376 1376 1370 1365 1359 1354 1354 1338
    1338 1338 1338 1338 1343 1354 1359 1365 1370 1387 1398 1410 1410
    1421 1427 1439 1458 1464 1470 1483 1483 1489 1489 3576 3576 3576
    1404 1404 1404 1398 1392 1387 1387 1381 1381 1376 1365 1365 1359
    1359 1354 1349 1338 1338 1338 1338 1338 1343 1354 1359 1365 1370
    1381 1392 1404 1410 1415 1421 1433 1445 1464 1470 1483 1483 1483
    1483 3576 3576 3576 1404 1404 1404 1398 1392 1387 1381 1381 1376
    1370 1365 1359 1359 1354 1354 1349 1338 1333 1333 1333 1333 1338
    1343 1354 1359 1365 1381 1392 1404 1410 1415 1421 1427 1439 1458
    1464 1477 1483 1483 1483 3576 3576 3576 1404 1404 1404 1398 1392
    1387 1381 1381 1376 1370 1365 1359 1354 1354 1349 1338 1333 1333
    1333 1333 1333 1338 1343 1354 1359 1365 1381 1392 1398 1404 1415
    1421 1427 1439 1452 1458 1470 1477 1483 1483 3614 3614 3576 1404
    1398 1398 1392 1387 1387 1381 1381 1376 1365 1359 1359 1354 1354
    1349 1338 1333 1333 1328 1328 1333 1333 1338 1349 1354 1359 1376
    1387 1398 1404 1415 1421 1427 1439 1452 1458 1464 1477 1483 1483
    3614 3614 3576 1404 1392 1392 1392 1387 1381 1376 1376 1370 1365
    1359 1359 1354 1354 1343 1338 1333 1328 1322 1322 1328 1333 1338
    1349 1349 1359 1370 1381 1392 1398 1410 1415 1427 1439 1452 1458
    1458 1470 1477 1483 1483 3614 3576 1387 1387 1387 1387 1381 1381
    1376 1370 1365 1359 1359 1354 1354 1349 1338 1333 1328 1328 1322
    1322 1322 1333 1333 1343 1343 1354 1365 1370 1387 1398 1410 1410
    1427 1433 1445 1452 1458 1470 1477 1477 1477 3539 3539 1387 1387
    1387 1381 1381 1376 1376 1370 1359 1359 1359 1354 1349 1349 1338
    1333 1328 1322 1317 1317 1322 1328 1333 1338 1343 1349 1365 1365
    1381 1387 1398 1410 1415 1427 1445 1445 1452 1458 1470 1470 1470
    1470 3503 1387 1387 1387 1381 1381 1376 1370 1365 1359 1359 1354
    1354 1349 1343 1333 1333 1328 1322 1317 1317 1322 1328 1333 1338
    1338 1349 1359 1365 1381 1387 1398 1404 1410 1421 1445 1445 1452
    1452 1458 1470 1470 1470 3503 1387 1387 1387 1381 1381 1376 1370
    1365 1359 1359 1354 1354 1349 1343 1333 1333 1328 1322 1317 1317
