<?xml version="1.0"?>
<opencv_storage>
<Depth13096 type_id="opencv-matrix">
  <rows>8</rows>
  <cols>21</cols>
  <dt>w</dt>
  <data>
    6889 4463 4463 4463 4463 4522 4582 4582 4522 4522 4522 6622 6622
    6753 6622 6497 6497 6497 6497 6622 6497 4645 4582 4582 4582 4582
    4582 4582 4582 4522 4522 4522 4522 4463 4463 4463 4463 4582 4582
    6497 6622 6497 4645 4645 4645 4645 4645 4582 4582 4582 4582 4582
    4522 4522 4463 4463 4463 4463 4522 4582 4522 4463 4463 4708 4708
    4645 4645 4645 4645 4582 4582 4582 4582 4522 4522 4463 4463 4463
    4522 4522 4582 4522 4463 4405 4708 4708 4645 4645 4645 4645 4582
    4582 4582 4582 4522 4522 4463 4463 4463 4522 4522 4582 4522 4463
    4405 4708 4708 4645 4645 4645 4645 4582 4582 4582 4582 4582 4522
    4522 4522 4522 4582 4582 4582 4522 4463 4463 4708 4708 4645 4645
    4645 4645 4645 4645 4645 4582 4582 4582 4582 4582 4582 4582 4582
    4582 4582 4522 4522 4708 4708 4645 4645 4645 4645 4645 4645 4645
    4645 4645 4582 4582 4645 4645 4582 4582 4582 4582 4463 4463</data></Depth13096>
</opencv_storage>
