<?xml version="1.0"?>
<opencv_storage>
<Depth14297 type_id="opencv-matrix">
  <rows>47</rows>
  <cols>49</cols>
  <dt>w</dt>
  <data>
    4522 4582 4582 4582 4582 4582 4582 4645 4645 4645 4645 4645 4708
    4708 4708 4774 4774 4774 4774 2450 2450 2450 2450 2450 2450 2450
    4774 4842 4842 4842 4842 4842 4842 4842 4842 4842 4842 4911 4911
    4983 4911 4911 4983 4983 4983 4983 4983 4983 4983 4522 4522 4522
    4582 4582 4582 4582 4645 4645 4645 4645 4645 4645 4708 4708 4774
    4774 4774 4774 2432 2432 2432 2432 2432 2432 2432 2432 4842 4842
    4842 4842 4842 4842 4842 4842 4842 4842 4842 4842 4911 4911 4911
    4983 4983 4983 4983 4983 4983 4983 4522 4522 4522 4582 4522 4522
    4582 4645 4645 4645 4645 4645 4645 4645 4708 4774 4774 4774 4774
    2432 2432 2415 2415 2432 2432 2432 2432 2432 4842 4842 4842 4842
    4842 4842 4842 4842 4842 4842 4842 4911 4911 4911 4983 4983 4983
    4983 4983 4983 4983 4522 4522 4522 4522 4522 4522 4522 4645 4645
    4645 4645 4645 4645 4645 4708 2398 2398 2398 2415 2415 2415 2415
    2415 2415 2415 2432 2432 2432 2432 4911 4842 4842 4842 4842 4842
    4842 4911 4842 4842 4842 4911 4911 4983 4983 4983 4983 4983 4911
    4911 4522 4522 4522 4522 4522 4522 4522 4645 4645 4645 4645 4645
    4645 4645 2398 2398 2398 2398 2398 2398 2398 2398 2398 2415 2415
    2432 2432 2432 2432 2432 4911 4842 4842 4842 4842 4842 4842 4842
    4842 4842 4842 4911 4983 4983 4983 4983 4983 4911 4911 4522 4522
    4522 4522 4522 4522 4522 4582 4582 4645 4645 4645 4645 2398 2398
    2381 2381 2381 2381 2398 2398 2398 2398 2398 2415 2432 2432 2432
    2432 2432 2398 2398 4842 4842 4842 4842 4842 4842 4842 4842 4842
    4911 4911 4983 4983 4983 4911 4911 4911 4522 4522 4522 4522 4522
    4522 4522 4582 4582 4582 4582 4645 2381 2365 2365 2381 2381 2381
    2381 2398 2398 2398 2398 2398 2415 2415 2432 2432 2432 2432 2398
    2398 2398 4842 4842 4842 4842 4842 4842 4842 4911 4911 4911 4983
    4983 4983 4911 4911 4911 4522 4522 4522 4522 4522 4522 4522 4582
    4582 4582 4582 2333 2333 2349 2365 2381 2381 2381 2381 2381 2398
    2398 2398 2398 2398 2415 2415 2432 2432 2432 2415 2398 2398 4911
    4842 4842 4842 4842 4842 4842 4842 4842 4911 4911 4983 4983 4911
    4911 4911 4522 4463 4463 4522 4522 4522 4522 4582 4582 4582 4582
    2333 2333 2349 2349 2365 2365 2381 2381 2381 2398 2398 2398 2398
    2398 2398 2415 2415 2432 2432 2432 2432 2432 2432 4911 4911 4842
    4842 4842 4842 4842 4842 4842 4911 4911 4911 4911 4911 4911 4463
    4463 4463 4522 4522 4522 4522 4582 4582 4582 2333 2333 2333 2349
    2349 2365 2365 2365 2381 2381 2381 2398 2398 2398 2398 2398 2398
    2415 2415 2432 2432 2432 2432 2432 4983 4911 4842 4842 4842 4842
    4842 4842 4842 4911 4911 4911 4842 4842 4911 4463 4463 4463 4522
    4522 4522 4522 4582 2333 2333 2333 2333 2333 2333 2349 2365 2365
    2365 2381 2381 2381 2381 2398 2398 2398 2398 2398 2398 2415 2415
    2432 2432 2415 2415 2398 2398 4911 4842 4842 4842 4842 4842 4842
    4911 4911 4911 4842 4842 4911 4463 4463 4463 4522 4522 4522 2317
    2317 2317 2333 2333 2333 2333 2333 2349 2349 2365 2365 2365 2381
    2381 2381 2381 2398 2398 2398 2398 2398 2398 2415 2415 2415 2415
    2415 2398 2398 2398 4842 4842 4842 4842 4842 4842 4842 4842 4842
    4842 4842 4842 4463 4463 4463 4522 4522 4522 2317 2317 2317 2317
    2317 2317 2317 2317 2333 2333 2349 2349 2349 2365 2365 2381 2381
    2381 2398 2398 2398 2398 2398 2398 2398 2415 2432 2432 2432 2432
    2432 4842 4842 4842 4842 4842 4842 4842 4842 4842 4842 4842 4842
    4463 4463 4463 4522 4522 4522 2301 2301 2317 2317 2317 2317 2317
    2317 2333 2333 2333 2333 2349 2349 2365 2365 2365 2381 2398 2398
    2398 2398 2398 2398 2398 2398 2415 2432 2432 2432 2432 2432 4911
    4842 4842 4842 4842 4842 4842 4842 4842 4842 4842 4463 4522 4522
    4522 4522 2301 2301 2301 2301 2301 2301 2301 2317 2317 2317 2317
    2333 2333 2349 2349 2349 2365 2365 2365 2365 2381 2381 2381 2381
    2398 2398 2398 2415 2415 2432 2432 2432 2432 2432 4842 4774 4774
    4842 4842 4842 4842 4842 4842 4842 4463 4522 4522 2271 2271 2271
    2271 2286 2286 2301 2301 2301 2317 2317 2317 2317 2333 2333 2333
    2349 2349 2349 2349 2365 2365 2381 2381 2381 2381 2381 2398 2398
    2398 2398 2415 2415 2415 2432 2432 2450 4774 4774 4842 4842 4842
    4842 4842 4774 4774 4463 4522 4522 2271 2271 2271 2271 2286 2286
    2301 2301 2301 2301 2317 2317 2317 2333 2333 2333 2333 2333 2349
    2349 2365 2365 2365 2365 2381 2381 2381 2381 2398 2398 2398 2398
    2398 2398 2415 2432 2432 2432 4842 4842 4842 4842 4842 4842 4774
    4774 4463 4463 2286 2271 2271 2271 2271 2271 2286 2286 2301 2301
    2301 2301 2317 2317 2317 2333 2333 2333 2333 2333 2349 2349 2365
    2365 2365 2365 2381 2381 2381 2381 2398 2398 2398 2398 2398 2415
    2415 2432 2432 2432 2432 2432 4842 4774 4774 4774 4774 4349 2301
    2286 2286 2286 2271 2271 2271 2271 2286 2286 2301 2301 2301 2317
    2317 2317 2317 2317 2333 2333 2333 2333 2349 2349 2365 2365 2365
    2381 2381 2381 2381 2398 2398 2398 2398 2398 2398 2415 2432 2432
    2432 2432 2432 2432 4774 4774 4774 4774 2317 2301 2286 2286 2286
    2271 2271 2271 2271 2286 2286 2286 2286 2301 2301 2317 2317 2317
    2317 2317 2317 2317 2333 2333 2349 2349 2349 2365 2381 2381 2381
    2381 2398 2398 2398 2398 2398 2398 2398 2415 2432 2432 2432 2432
    2432 4842 4842 4774 4774 2317 2317 2301 2301 2301 2286 2271 2271
    2271 2271 2286 2286 2286 2286 2301 2301 2317 2317 2317 2317 2317
    2317 2333 2333 2333 2333 2349 2349 2365 2381 2381 2381 2398 2398
    2398 2398 2398 2398 2398 2415 2415 2415 2432 2432 2432 2450 4842
    4842 4842 2301 2317 2301 2301 2301 2301 2271 2271 2271 2271 2271
    2286 2286 2286 2286 2301 2317 2317 2317 2317 2317 2317 2317 2317
    2333 2333 2349 2349 2365 2381 2381 2381 2381 2381 2381 2381 2381
    2398 2398 2398 2398 2415 2415 2432 2432 2450 2450 4842 4842 2301
    2317 2317 2317 2317 2301 2301 2286 2286 2271 2271 2286 2286 2286
    2286 2286 2301 2301 2317 2317 2317 2317 2317 2317 2317 2333 2349
    2349 2349 2365 2365 2365 2365 2365 2365 2381 2381 2381 2398 2398
    2398 2415 2415 2415 2415 2415 2415 2415 4842 4349 2333 2317 2317
    2317 2317 2317 2301 2301 2271 2271 2286 2286 2286 2271 2271 2286
    2301 2317 2317 2317 2317 2317 2317 2317 2333 2333 2349 2349 2349
    2365 2365 2365 2365 2365 2381 2381 2381 2398 2398 2398 2398 2398
    2398 2398 2398 2415 2415 2415 4405 4405 2333 2317 2317 2317 2317
    2317 2301 2286 2286 2271 2271 2271 2271 2271 2271 2286 2301 2301
    2301 2317 2317 2317 2317 2317 2333 2333 2349 2349 2365 2365 2365
    2365 2365 2381 2381 2381 2381 2398 2398 2398 2398 2398 2398 2398
    2398 2415 2415 4405 4405 4405 4349 2333 2317 2317 2317 2317 2286
    2286 2271 2271 2271 2271 2271 2271 2286 2301 2301 2301 2301 2317
    2317 2317 2317 2317 2317 2333 2349 2365 2365 2365 2365 2365 2365
    2365 2381 2381 2381 2398 2398 2398 2398 2398 2398 2398 2415 2415
    4405 4405 4405 4349 4349 2333 2333 2333 2333 2301 2301 2286 2271
    2271 2271 2271 2286 2286 2286 2286 2286 2301 2317 2317 2317 2317
    2317 2317 2317 2349 2349 2349 2349 2349 2365 2365 2365 2349 2349
    2381 2398 2398 2381 2381 2381 2398 2398 2415 2415 4349 4405 4405
    4405 4405 4463 2333 2317 2317 2317 2301 2286 2286 2271 2271 2271
    2271 2286 2286 2286 2286 2286 2301 2317 2317 2317 2317 2317 2317
    2333 2349 2349 2349 2349 2365 2349 2349 2349 2349 2349 2381 2381
    2381 2381 2381 2398 2398 2398 2415 4295 4349 4349 4405 4405 4405
    4463 2317 2317 2317 2301 2301 2286 2286 2271 2271 2271 2286 2271
    2271 2271 2271 2286 2317 2317 2317 2301 2301 2317 2333 2333 2333
    2349 2349 2349 2349 2349 2349 2349 2349 2365 2365 2381 2381 2381
    2381 2381 2398 4842 4295 4295 4349 4405 4405 4405 4463 4241 2317
    2317 2317 2317 2301 2301 2286 2286 2286 2271 2271 2271 2271 2271
    2286 2301 2317 2317 2301 2301 2301 2317 2333 2333 2333 2333 2333
    2349 2349 2365 2349 2349 2365 2365 2381 2381 2381 2365 2365 2365
    4774 4295 4295 4349 4349 4349 4349 4405 4241 2317 2317 2317 2317
