<?xml version="1.0"?>
<opencv_storage>
<Depth2986 type_id="opencv-matrix">
  <rows>43</rows>
  <cols>21</cols>
  <dt>w</dt>
  <data>
    4522 4522 4522 4522 2349 2349 2333 2333 2317 2317 2333 2333 2333
    2333 2333 4349 4349 4349 4405 4405 4349 4522 4522 2333 2333 2333
    2333 2333 2333 2317 2317 2333 2333 2333 2333 2333 2333 4349 4349
    4405 4405 4405 2333 2333 2333 2333 2333 2333 2333 2333 2333 2333
    2333 2333 2333 2333 2333 2333 4349 4349 4405 4405 4405 2333 2333
    2333 2333 2333 2333 2333 2333 2333 2333 2333 2333 2333 2333 2333
    2333 4405 4405 4405 4405 4405 2349 2349 2333 2333 2333 2333 2333
    2333 2333 2333 2333 2333 2333 2333 2333 2333 4405 4349 4349 4405
    4405 2349 2349 2333 2333 2333 2333 2333 2333 2333 2333 2333 2333
    2349 2333 2333 2333 2333 4349 4349 4405 4405 2349 2349 2349 2333
    2333 2333 2333 2333 2333 2333 2333 2349 2349 2333 2333 2317 2317
    4463 4405 4405 4405 2365 2349 2349 2349 2349 2333 2333 2333 2333
    2333 2349 2349 2333 2333 2333 2317 2317 4463 4405 4405 4405 2349
    2349 2349 2349 2349 2333 2333 2333 2333 2333 2333 2333 2333 2333
    2333 2333 2333 4463 4405 4405 4349 2349 2349 2349 2349 2349 2349
    2333 2333 2333 2333 2333 2333 2333 2333 2333 2333 2349 4463 4405
    4405 4349 2349 2349 2349 2349 2333 2333 2333 2333 2333 2333 2333
    2333 2333 2333 2333 2333 2349 4582 4463 4405 4405 2349 2349 2349
    2349 2333 2333 2333 2333 2333 2333 2333 2333 2333 2333 2333 2333
    2333 4582 4463 4405 4349 2349 2349 2349 2349 2333 2333 2333 2333
    2333 2333 2333 2333 2333 2333 2333 2333 2333 2333 4463 4405 4349
    2349 2349 2349 2333 2333 2333 2333 2333 2333 2333 2333 2333 2333
    2333 2333 2333 2333 2333 4463 4405 4349 4582 2349 2349 2333 2333
    2333 2333 2333 2333 2333 2333 2333 2333 2333 2333 2333 2333 2333
    4405 4405 4349 4582 2349 2349 2333 2333 2333 2333 2333 2333 2333
    2333 2333 2333 2333 2333 2317 2317 2333 4405 4405 4349 4582 2349
    2349 2333 2333 2333 2333 2333 2333 2333 2333 2333 2333 2333 2333
    2317 2317 2349 4463 4405 4349 4582 2365 2349 2333 2333 2333 2333
    2333 2333 2333 2333 2333 2333 2333 2333 2333 2333 2349 2349 4405
    4405 4582 2365 2349 2333 2333 2333 2333 2333 2333 2333 2333 2333
    2333 2333 2333 2333 2349 2349 2349 4405 4405 4582 4522 2349 2349
    2333 2333 2333 2333 2333 2333 2333 2333 2333 2333 2333 2333 2349
    2349 2349 4349 4349 4582 4522 2349 2349 2349 2333 2333 2333 2333
    2333 2333 2333 2333 2333 2333 2333 2349 2349 2349 4349 4349 4582
    4522 2349 2349 2349 2333 2333 2333 2333 2333 2333 2333 2333 2333
    2333 2333 2349 2333 2333 2349 4405 4582 4522 2349 2349 2349 2333
    2333 2333 2333 2333 2333 2333 2333 2333 2333 2333 2349 2333 2333
    2349 4463 4582 4522 2349 2349 2349 2349 2333 2333 2333 2333 2333
    2333 2333 2333 2333 2333 2349 2349 2349 2349 4405 4582 4582 2365
    2349 2349 2349 2333 2333 2333 2333 2333 2333 2333 2333 2333 2333
    2349 2349 2349 2349 4405 4582 4582 2365 2349 2349 2349 2349 2349
    2349 2349 2333 2333 2333 2333 2333 2333 2349 2349 2349 2349 4405
    4645 4645 4582 2349 2349 2349 2349 2349 2349 2349 2349 2349 2349
    2333 2333 2333 2349 2349 2349 2349 2349 4645 4645 2398 2381 2365
    2349 2349 2349 2349 2349 2349 2349 2349 2333 2333 2349 2349 2349
    2349 2365 2365 4645 4645 2398 2381 2349 2349 2349 2349 2349 2349
    2349 2349 2349 2349 2349 2349 2349 2365 2365 2365 2365 4645 4645
    2415 2349 2349 2349 2349 2349 2349 2349 2349 2349 2349 2349 2349
    2349 2365 2365 2365 2349 2349 4645 4645 4582 2349 2349 2349 2333
    2333 2349 2349 2349 2349 2349 2349 2349 2349 2365 2365 2349 2349
    2349 4645 4645 4582 2349 2349 2349 2333 2333 2349 2349 2349 2349
    2349 2349 2349 2349 2365 2365 2349 2349 2349 4645 4645 4645 2349
    2349 2349 2349 2349 2349 2349 2349 2349 2349 2349 2349 2349 2365
    2365 2349 2349 2349 4645 4645 4645 2349 2349 2349 2349 2349 2349
    2349 2349 2349 2349 2349 2349 2349 2365 2365 2349 2349 2365 4645
    4645 4645 2349 2349 2349 2349 2349 2349 2349 2349 2349 2349 2349
    2349 2349 2349 2349 2349 2349 2365 4645 4645 4645 2349 2349 2349
    2349 2349 2349 2349 2349 2349 2349 2349 2333 2333 2349 2349 2349
    2349 2349 4645 4645 4645 4582 2349 2349 2349 2349 2349 2349 2349
    2349 2349 2333 2333 2333 2349 2349 2349 2349 2349 4645 4645 4645
    4582 2349 2349 2365 2349 2349 2349 2349 2349 2349 2333 2333 2333
    2349 2349 2365 2365 2365 4645 4645 4645 4582 4582 2381 2365 2349
    2349 2349 2349 2349 2333 2333 2333 2333 2365 2365 2365 2365 2365
    4645 4645 4582 4582 4582 2381 2365 2349 2349 2349 2349 2349 2333
    2333 2333 2333 2365 2365 2365 2365 2365 4645 4645 4582 4582 4582
    2381 2349 2349 2349 2349 2349 2333 2333 2349 2349 2349 2365 2365
    2365 2365 2365 4645 4582 4582 4582 4582 4582 2349 2349 2349 2349
    2349 2333 2333 2333 2333 2349 2365 2365 2365 2365 2365 4645 4582
    4582 4582 4582 4582 4582 2349 2349 2349 2349 2333 2333 2333 2333
    2349 2365 2365 2365 4463 4463</data></Depth2986>
</opencv_storage>
