<?xml version="1.0"?>
<opencv_storage>
<Depth7356 type_id="opencv-matrix">
  <rows>37</rows>
  <cols>17</cols>
  <dt>w</dt>
  <data>
    0 0 0 0 0 0 0 0 0 4241 4241 4295 4295 4349 4349 1739 1739 0 0 0 0 0
    0 0 0 0 4241 4241 4295 4295 4349 4295 4295 4349 0 0 0 0 0 0 0 0 0
    4295 4295 4295 4295 4349 4295 4295 4349 0 0 0 0 0 0 0 0 0 4349 4295
    4295 4295 4295 4295 4295 4349 0 0 0 0 0 0 0 0 0 4349 4349 4295 4295
    4295 4295 4295 4295 0 0 0 0 0 0 0 0 4349 4295 4295 4295 4295 4295
    4295 4295 4295 0 0 0 0 0 0 0 0 4295 4295 4295 4295 4241 4241 4295
    4295 4295 0 0 0 0 0 0 0 4295 4295 4241 4241 4190 4190 4241 4241 4241
    4295 0 0 0 0 0 0 0 4295 4241 4190 4190 4139 4139 4190 4190 4241 4295
    0 0 0 0 0 0 0 0 4241 4190 4139 4139 4139 4139 4139 4139 5640 0 0 0 0
    0 0 0 0 4190 4139 4139 4139 4139 4139 4139 4139 5548 0 0 0 0 0 0 0
    4139 4139 4139 4139 4089 4089 4139 4139 4139 5548 0 0 0 0 0 0 0 4139
    4139 4089 4089 4089 4089 4139 4139 4139 5460 0 0 0 0 0 0 4139 4139
    4139 4089 4089 4089 4089 4139 4139 5460 5460 0 0 0 0 0 0 4139 4139
    4089 4089 4089 4089 4089 4089 4139 5460 5460 0 0 0 0 0 0 4139 4089
    4089 4089 4089 4089 4089 4089 4139 5460 5460 0 0 0 0 0 4041 4041
    4089 4089 4089 4089 4041 4041 4089 5374 5374 5374 0 0 0 0 0 4041
    4041 4089 4089 4089 4089 4041 4041 4089 5374 5291 5291 0 0 0 0 3948
    3948 3994 4041 4041 4041 4041 3994 3994 3994 5374 5291 5291 0 0 0 0
    3948 3948 3994 3994 3994 3994 4041 3994 3994 3994 5210 5210 5210 0 0
    0 0 3994 3994 3994 3948 3948 3948 3994 3994 3994 3994 5210 5210 5210
    0 0 0 0 3948 3948 3948 3948 3948 3948 3948 3948 5374 5210 5210 5210
    5210 0 0 0 3948 3948 3948 3948 3948 3903 3903 3903 3948 5210 5132
    5132 5132 5132 0 0 3903 3903 3948 3948 3948 3948 3903 3903 3903 3903
    5210 5132 5132 5132 5132 0 3903 3903 3903 3903 3903 3903 3903 3903
    3903 3948 3948 5132 5132 5132 5132 5132 0 3903 3903 3903 3903 3903
    3903 3903 3903 3948 3948 5210 5132 5132 5132 5132 5132 0 3903 3903
    3903 3903 3903 3816 3816 3903 3948 3948 5210 5132 5056 5056 5056
    5056 0 3903 3903 3903 3903 3903 3816 3816 3859 3948 3948 5210 5056
    5056 5056 5056 5056 0 3903 3903 3903 3859 3859 3774 3774 3816 3948
    3948 5132 5056 4983 4983 5056 5056 0 3903 3859 3859 3816 3816 3774
    3774 3816 3859 3994 5056 4983 4983 4983 4983 5056 0 3903 3859 3816
    3774 3774 3774 3774 3816 3859 3994 5056 4983 4983 4983 4983 4983 0
    3859 3816 3816 3774 3774 3774 3774 3859 3859 5132 4983 4983 4983
    4911 4911 4911 3774 3774 3774 3774 3774 3774 3732 3732 3732 5056
    4983 4911 4911 4911 4842 4842 4911 3774 3774 3774 3774 3774 3774
    3732 3732 3732 5056 4983 4911 4911 4842 4842 4842 4911 3732 3732
    3732 3774 3774 3774 3774 3774 3774 4983 4983 4842 4842 4842 4842
    4842 4911 3732 3732 3732 3774 3774 3774 3774 3774 5056 4911 4911
    4842 4842 4842 4842 4842 4911 3732 3732 3774 3774 3774 3774 3774
    3774 5056 4911 4911 4842 4842 4842 4774 4774 4842</data></Depth7356>
</opencv_storage>
