<?xml version="1.0"?>
<opencv_storage>
<Depth11518 type_id="opencv-matrix">
  <rows>6</rows>
  <cols>10</cols>
  <dt>w</dt>
  <data>
    6622 6622 6622 6622 6622 6753 6753 6753 6753 6753 6497 6622 6622
    6622 6622 6753 6753 6622 6622 6622 6497 6622 6622 6622 6622 6753
    6753 6622 6622 6622 6497 6497 6622 6622 6622 6753 6753 6753 6622
    6497 6497 6497 6622 6622 6622 6753 6753 6753 6622 6497 6375 6375
    6497 6497 6622 6622 6622 6622 6622 6375</data></Depth11518>
</opencv_storage>
