<?xml version="1.0"?>
<opencv_storage>
<Depth7766 type_id="opencv-matrix">
  <rows>6</rows>
  <cols>30</cols>
  <dt>w</dt>
  <data>
    3948 3903 3903 4089 4089 4139 4139 4190 4190 4190 4190 4190 4241
    4295 4190 4190 4139 4139 4139 4190 4190 4190 4241 4241 4241 4241
    4295 4241 4190 4190 4041 3903 3903 3994 4089 4089 4089 4139 4139
    4139 4139 4190 4190 4241 4190 4190 4139 4139 4190 4190 4241 4241
    4241 4241 4241 4190 4190 4241 4241 4295 4089 4041 3994 3994 4089
    4089 4089 4139 4139 4139 4139 4139 4190 4241 4190 4190 4190 4190
    4190 4241 4241 4241 4241 4241 4190 4190 4190 4041 4041 4295 4089
    4089 4139 4139 4139 4139 4139 4139 4139 4139 4139 4139 4139 4139
    4190 4190 4190 4190 4190 4190 4190 4190 4190 4190 4139 4139 4190
    4041 4041 0 4089 4089 4139 4139 4139 4139 4139 4190 4190 4139 4139
    4190 4139 4139 4190 4190 4190 4190 4190 4190 4190 4139 4139 4190
    4139 4139 4190 0 0 0 4089 4089 4139 4139 4139 4190 4190 4190 4190
    4190 4190 4190 4139 4139 4190 4190 4241 4241 4190 4190 4190 4139
    4139 4190 0 0 0 0 0 0</data></Depth7766>
</opencv_storage>
