<?xml version="1.0"?>
<opencv_storage>
<Depth16233 type_id="opencv-matrix">
  <rows>13</rows>
  <cols>36</cols>
  <dt>w</dt>
  <data>
    0 3399 3399 3399 3399 3399 3365 3365 3333 3300 3300 3300 3300 3333
    3333 3333 3333 3333 3300 3300 3269 3269 3269 3238 3208 3208 3178
    3178 3208 3238 3238 4089 4089 4041 3178 3178 3399 3399 3399 3399
    3399 3399 3399 3365 3365 3333 3333 3365 3365 3333 3333 3333 3333
    3300 3300 3300 3269 3269 3269 3238 3208 3208 3208 3208 3208 3238
    3208 3208 3178 3178 3178 3092 0 3399 3399 3399 3399 3399 3399 3399
    3365 3365 3365 3365 3399 3365 3333 3333 3300 3300 3300 3300 3300
    3300 3269 3238 3208 3208 3208 3208 3208 3208 3208 3208 3178 3178
    3149 3092 0 3433 3399 3399 3399 3399 3399 3399 3365 3333 3333 3365
    3365 3333 3333 3333 3300 3300 3300 3300 3300 3300 3300 3238 3208
    3208 3208 3208 3208 3178 3178 3178 3149 3149 3149 3120 0 3433 3399
    3399 3399 3399 3399 3399 3333 3333 3333 3365 3365 3333 3333 3333
    3333 3333 3333 3300 3300 3300 3300 3238 3208 3208 3208 3208 3208
    3178 3178 3178 3149 3149 3149 3120 3433 3433 3399 3399 3399 3399
    3365 3333 3333 3300 3300 3365 3365 3333 3333 3333 3333 3300 3300
    3300 3300 3300 3300 3269 3208 3208 3208 3208 3208 3208 3178 3178
    3149 3149 3149 3120 3433 3399 3399 3399 3365 3365 3333 3300 3300
    3300 3300 3365 3365 3365 3333 3333 3333 3300 3300 3300 3300 3300
    3269 3269 3208 3208 3208 3208 3208 3208 3208 3178 3178 3178 3120
    3120 3433 3399 3399 3399 3365 3333 3333 3300 3300 3333 3333 3365
    3365 3365 3333 3333 3333 3300 3300 3300 3269 3269 3238 3238 3208
    3208 3208 3208 3208 3208 3208 3208 3178 3178 3120 3120 3433 3433
    3399 3399 3365 3333 3300 3300 3300 3300 3365 3333 3333 3333 3300
    3300 3333 3300 3300 3269 3269 3269 3238 3238 3208 3208 3208 3208
    3208 3208 3208 3208 3178 3149 3149 3120 3468 3468 3468 3399 3365
    3333 3300 3300 3300 3300 3365 3333 3300 3300 3300 3300 3300 3333
    3333 3269 3269 3269 3208 3208 3208 3208 3208 3208 3178 3178 3208
    3178 3149 3149 3149 3149 0 0 3399 3399 3399 3365 3365 0 0 0 3365
    3333 3300 3300 3300 3300 3300 3333 3333 3300 3269 3269 3208 3208
    3208 3208 3208 3178 3178 3178 3178 3178 3149 3149 3120 3120 0 0 0 0
    0 0 0 0 0 0 0 0 0 0 0 0 0 0 3333 3300 3300 0 0 3238 3238 3208 3208
    3178 3120 3120 3178 3149 3120 3120 3092 3092 4349 4295 4295 4295 0 0
    0 0 0 0 0 0 0 0 0 0 0 0 0 0 0 0 0 3238 3238 0 0 0 3120 3120 3178
    3149 3120 3120 3092 3092</data></Depth16233>
</opencv_storage>
