<?xml version="1.0"?>
<opencv_storage>
<Depth13140 type_id="opencv-matrix">
  <rows>20</rows>
  <cols>22</cols>
  <dt>w</dt>
  <data>
    6497 6497 6497 6497 4774 4774 4708 4708 4708 4708 6497 6497 6497
    6497 6375 6375 6375 6259 6259 6375 6375 6375 6497 6497 6497 4708
    4708 4708 4708 4708 4708 4708 4708 4708 6375 6375 6375 6375 6375
    6259 6259 6375 6375 6375 6497 6497 6497 4708 4708 4708 4708 4708
    4708 4708 4708 4645 4582 4582 4582 6375 6375 6259 6259 6375 6375
    6375 6497 6497 4708 4708 4708 4708 4708 4708 4708 4708 4645 4645
    4582 4582 4582 4645 4708 6259 6259 6375 6375 6375 6497 4774 4708
    4708 4708 4708 4708 4708 4708 4708 4645 4645 4582 4582 4582 4645
    4708 4708 6375 6375 6375 6375 6622 4774 4708 4708 4708 4708 4708
    4708 4708 4708 4645 4645 4645 4645 4645 4645 4708 4708 6375 6375
    6375 6375 4774 4774 4774 4708 4708 4708 4708 4708 4708 4708 4645
    4645 4645 4645 4645 4708 4708 4645 4522 4522 4522 6375 4774 4774
    4774 4774 4774 4708 4708 4708 4708 4708 4645 4645 4645 4645 4645
    4645 4645 4645 4522 4522 4463 4463 4774 4774 4774 4774 4774 4708
    4708 4708 4708 4708 4708 4708 4645 4645 4645 4645 4645 4645 4522
    4522 4463 4463 4774 4774 4774 4774 4774 4774 4708 4708 4708 4708
    4708 4708 4645 4645 4645 4645 4645 4582 4522 4522 4522 4522 4774
    4774 4774 4774 4774 4774 4708 4708 4774 4708 4708 4708 4708 4645
    4645 4645 4645 4582 4522 4522 4522 4522 4842 4842 4842 4774 4774
    4708 4708 4708 4708 4708 4708 4708 4708 4645 4645 4708 4645 4645
    4582 4582 4582 4522 4774 4774 4774 4774 4774 4708 4708 4708 4708
    4708 4708 4708 4708 4708 4708 4708 4645 4645 4582 4582 4582 4522
    4774 4774 4774 4708 4708 4708 4708 4708 4708 4708 4708 4708 4708
    4708 4708 4708 4645 4645 4645 4645 4645 4645 6622 6622 4774 4708
    4708 4708 4708 4708 4708 4708 4774 4708 4708 4708 4708 4708 4645
    4645 4645 4645 4645 4645 6497 6497 6622 6497 4708 4708 4645 4645
    4708 4708 4774 4774 4774 4708 4708 4708 4645 4645 4645 4645 4645
    6497 6497 6497 6497 6497 6497 6497 4645 4582 4582 4645 4708 4774
    4774 4708 4708 4708 4708 4708 4708 4645 4645 6497 6497 6497 6497
    6497 6497 6497 6497 4582 4582 4582 4645 4708 4708 4708 4708 4708
    4708 4708 4708 4708 6497 4582 6497 6497 6497 6497 6497 6497 6497
    6497 4582 4582 4645 4708 4708 4708 4708 4708 4708 4708 4708 6259
    6375 4522 6497 6497 6497 6497 6497 6497 6497 6497 6497 6497 4708
    4708 4708 4645 4645 4708 4708 4708 6259 6259 6375 4463</data></Depth13140>
</opencv_storage>
