<?xml version="1.0"?>
<opencv_storage>
<Depth11210 type_id="opencv-matrix">
  <rows>95</rows>
  <cols>57</cols>
  <dt>w</dt>
  <data>
    3614 3614 3576 3539 3539 3539 3539 3539 3539 3539 3539 3539 3539
    3539 3503 3503 1038 1038 1038 1038 1038 3503 3503 3399 3399 3399
    3399 3399 3399 3399 3399 3433 3433 3433 3399 3399 3399 3399 1090
    1090 1090 0 1134 1134 1134 3399 3399 1173 1169 1169 1165 1165 1165
    1165 1165 3269 3269 3614 3614 3576 3539 3539 3539 1084 1084 1080
    1080 3539 3576 3539 3539 3503 3503 1038 1038 1038 1038 1038 1038
    3539 3539 3539 1034 1054 1054 1054 3433 3433 3433 3433 3433 3433
    3433 1084 1090 1090 1090 1090 1097 1123 1123 1123 1130 1138 1141
    1141 1157 1157 1157 1157 1161 1165 1169 1169 3614 3576 3539 1084
    1084 1084 1080 1080 1077 1077 1077 1067 1050 1038 1038 1041 1041
    1038 1038 1034 1034 1034 1034 1034 1034 1034 1054 1054 1054 1057
    1057 1067 1070 1070 1073 1084 1084 1084 1084 1087 1094 1097 1105
    1119 1119 1130 1134 1134 1138 1141 1153 1153 1153 1157 1161 1169
    1169 1101 1090 1087 1080 1077 1073 1073 1070 1070 1067 1067 1067
    1050 1038 1038 1031 1031 1028 1028 1031 1028 1028 1028 1028 1034
    1034 1054 1054 1054 1057 1057 1067 1070 1070 1073 1077 1077 1084
    1084 1087 1094 1097 1105 1108 1115 1119 1130 1134 1138 1141 1145
    1149 1153 1157 1161 1169 1169 1101 1090 1087 1080 1077 1073 1070
    1063 1063 1057 1054 1054 1050 1044 1038 1028 1028 1028 1025 1025
    1025 1025 1025 1025 1031 1034 1041 1044 1054 1054 1057 1060 1067
    1070 1073 1077 1077 1080 1087 1090 1097 1101 1105 1108 1115 1119
    1126 1134 1138 1141 1145 1149 1153 1157 1161 1165 1165 1097 1090
    1084 1080 1077 1073 1070 1063 1063 1057 1054 1054 1047 1044 1038
    1028 1028 1025 1025 1022 1022 1022 1022 1022 1028 1031 1038 1041
    1047 1050 1054 1057 1063 1067 1073 1077 1077 1080 1087 1094 1097
    1101 1105 1108 1119 1123 1126 1134 1138 1141 1145 1149 1153 1157
    1161 1165 1165 1097 1090 1084 1080 1077 1073 1070 1063 1063 1057
    1054 1050 1047 1044 1038 1031 1028 1025 1019 1016 1016 1019 1019
    1022 1028 1031 1034 1041 1044 1047 1054 1057 1063 1067 1073 1077
    1080 1084 1087 1094 1097 1101 1105 1112 1119 1123 1130 1134 1138
    1141 1145 1149 1153 1157 1165 1165 1165 0 1094 1087 1080 1080 1077
    1067 1063 1060 1057 1054 1050 1047 1044 1041 1034 1028 1025 1019
    1016 1016 1016 1019 1019 1025 1031 1034 1041 1044 1047 1054 1057
    1060 1070 1070 1073 1080 1084 1084 1094 1094 1101 1101 1112 1123
    1123 1130 1134 1138 1141 1145 1149 1157 1161 1165 1165 1165 0 0 1087
    1080 1080 1077 1067 1063 1060 1054 1054 1050 1047 1044 1038 1034
    1028 1025 1019 1016 1016 1016 1019 1019 1025 1031 1034 1041 1044
    1047 1054 1054 1060 1067 1070 1073 1080 1084 1084 1094 1094 1101
    1101 1112 1123 1126 1130 1134 1138 1141 1145 1149 1157 1161 1165
    1165 0 0 0 1087 1080 1077 1073 1067 1063 1060 1054 1054 1050 1044
    1044 1038 1034 1031 1028 1019 1016 1016 1016 1019 1022 1028 1031
    1034 1041 1044 1047 1054 1054 1060 1067 1070 1070 1077 1084 1087
    1094 1097 1101 1105 1112 1119 1123 1126 1130 1134 1141 1145 1153
    1157 1161 1165 1165 0 0 1087 1087 1080 1077 1073 1067 1063 1060 1057
    1054 1050 1044 1044 1038 1034 1031 1028 1022 1019 1019 1019 1019
    1022 1028 1034 1038 1041 1044 1047 1054 1054 1060 1067 1070 1070
    1077 1084 1087 1094 1097 1101 1105 1112 1119 1123 1126 1130 1134
    1141 1145 1153 1157 1157 1161 1161 1161 0 1087 1087 1084 1080 1073
    1067 1063 1060 1057 1054 1050 1047 1044 1038 1034 1028 1025 1022
    1022 1019 1019 1022 1025 1031 1038 1038 1041 1044 1047 1054 1054
    1060 1067 1070 1070 1077 1084 1090 1094 1097 1101 1108 1112 1119
    1123 1126 1130 1138 1141 1145 1153 1157 1157 1161 1161 1161 0 1087
    1087 1084 1080 1073 1067 1063 1060 1057 1054 1050 1047 1044 1038
    1034 1028 1025 1022 1019 1019 1019 1022 1025 1031 1034 1041 1044
    1047 1050 1054 1057 1060 1067 1070 1070 1077 1084 1090 1097 1097
    1101 1108 1115 1119 1123 1126 1130 1138 1141 1145 1153 1153 1161
    1161 1161 1161 0 1087 1087 1080 1077 1073 1070 1067 1063 1057 1054
    1054 1050 1044 1038 1034 1028 1025 1019 1019 1019 1019 1022 1025
    1031 1034 1038 1041 1044 1050 1054 1057 1060 1067 1067 1070 1077
    1080 1094 1097 1097 1101 1108 1115 1123 1123 1126 1130 1138 1141
    1145 1153 1153 1157 1157 1157 1165 0 1087 1087 1080 1077 1073 1070
    1067 1063 1057 1054 1054 1050 1041 1038 1034 1028 1025 1019 1019
    1019 1019 1022 1025 1031 1034 1038 1041 1044 1050 1054 1057 1060
    1067 1067 1070 1077 1080 1094 1097 1101 1101 1108 1115 1123 1123
    1126 1130 1138 1141 1145 1149 1149 1153 1157 1157 1165 0 1087 1087
    1080 1077 1073 1070 1067 1063 1060 1054 1054 1050 1041 1038 1034
    1028 1025 1019 1019 1019 1019 1025 1025 1031 1034 1041 1041 1044
    1050 1054 1057 1060 1067 1067 1070 1077 1080 1090 1097 1101 1101
    1105 1115 1123 1123 1126 1130 1138 1141 1145 1149 1149 1153 1153
    1153 1153 1090 1087 1087 1084 1077 1077 1070 1067 1063 1057 1057
    1054 1047 1041 1038 1034 1028 1025 1022 1022 1019 1019 1022 1025
    1031 1031 1041 1041 1044 1050 1054 1057 1057 1067 1067 1070 1077
    1080 1090 1097 1097 1097 1105 1112 1119 1123 1126 1134 1138 1138
    1141 1149 1153 1153 1153 1153 1153 1090 1087 1087 1084 1080 1077
    1070 1067 1063 1057 1057 1050 1047 1041 1038 1034 1028 1025 1022
    1022 1022 1022 1022 1025 1028 1031 1041 1041 1044 1050 1054 1057
    1057 1067 1067 1073 1077 1087 1090 1094 1097 1097 1101 1108 1119
    1123 1126 1130 1138 1138 1141 1153 1153 1153 1153 1153 1153 1090
    1090 1087 1084 1080 1077 1070 1067 1063 1060 1054 1050 1047 1041
    1038 1034 1028 1025 1022 1022 1022 1022 1022 1025 1028 1031 1038
    1044 1044 1047 1054 1057 1060 1067 1067 1073 1080 1087 1090 1094
    1097 1097 1101 1108 1119 1123 1126 1130 1134 1138 1141 1153 1153
    1157 1157 1161 1161 1094 1090 1087 1084 1080 1077 1070 1067 1063
    1057 1054 1050 1047 1041 1038 1034 1028 1025 1022 1022 1019 1019
    1022 1022 1031 1031 1038 1044 1044 1047 1054 1057 1063 1067 1067
    1073 1080 1087 1090 1094 1097 1097 1101 1108 1119 1123 1126 1130
    1134 1138 1141 1149 1153 1157 1161 1161 0 1094 1094 1087 1080 1080
    1077 1070 1067 1063 1057 1054 1050 1047 1041 1038 1034 1031 1025
    1022 1019 1019 1019 1022 1022 1031 1034 1038 1044 1044 1050 1054
    1057 1063 1067 1067 1070 1080 1087 1094 1094 1097 1097 1101 1112
    1119 1123 1126 1134 1138 1138 1145 1149 1153 1157 1161 1161 0 1094
    1090 1084 1080 1080 1073 1070 1067 1063 1057 1054 1050 1044 1041
    1038 1034 1031 1028 1025 1019 1019 1019 1019 1022 1031 1038 1041
    1044 1044 1050 1054 1057 1063 1067 1067 1070 1077 1087 1094 1094
    1097 1101 1101 1112 1119 1126 1126 1134 1138 1138 1145 1149 1153
    1157 1161 1161 0 1094 1090 1084 1080 1080 1073 1070 1067 1063 1057
    1054 1050 1044 1041 1038 1034 1031 1028 1022 1019 1016 1016 1016
    1022 1031 1038 1041 1044 1044 1050 1054 1057 1067 1067 1067 1070
    1077 1087 1094 1094 1097 1101 1105 1112 1119 1126 1130 1134 1138
    1141 1145 1153 1157 1157 1161 1161 0 1094 1090 1084 1080 1080 1077
    1070 1067 1063 1057 1054 1050 1044 1041 1038 1031 1031 1028 1022
    1016 1016 1016 1016 1022 1031 1034 1038 1041 1044 1054 1054 1057
    1063 1063 1067 1070 1084 1087 1094 1094 1097 1097 1105 1115 1119
    1126 1126 1134 1138 1138 1145 1153 1157 1157 1161 1165 0 1094 1090
    1084 1080 1080 1077 1070 1063 1063 1057 1054 1050 1044 1041 1038
    1031 1031 1025 1022 1016 1016 1016 1016 1025 1031 1031 1034 1041
    1047 1054 1054 1057 1063 1063 1067 1070 1084 1087 1094 1094 1097
    1097 1105 1112 1119 1123 1126 1130 1134 1138 1145 1153 1157 1157
    1157 1165 1165 1094 1090 1084 1080 1077 1077 1070 1063 1063 1057
    1054 1050 1044 1041 1038 1034 1031 1025 1022 1019 1016 1016 1016
    1025 1031 1031 1034 1044 1047 1050 1054 1060 1063 1067 1067 1070
    1084 1087 1094 1094 1097 1101 1108 1112 1119 1123 1126 1130 1134
    1138 1141 1153 1153 1157 1157 1161 1161 1094 1090 1087 1080 1077
