<?xml version="1.0"?>
<opencv_storage>
<Depth13310 type_id="opencv-matrix">
  <rows>24</rows>
  <cols>13</cols>
  <dt>w</dt>
  <data>
    6889 7030 7030 4041 3994 3948 3948 3994 3948 3948 3948 3948 3903
    6889 4139 4139 4041 3994 3948 3948 3948 3948 3948 3948 3948 3903
    6889 4139 4089 4041 3994 3994 3948 3948 3948 3948 3948 3948 3948
    6889 4139 4089 4041 3994 3994 3994 3948 3948 3948 3948 3948 3948
    6889 4139 4089 4041 3994 3994 3994 3948 3948 3948 3948 3948 3948
    6889 4139 4089 4041 3994 3994 3994 3948 3948 3948 3948 3948 3948
    6889 7030 4041 4041 3994 3994 3948 3948 3948 3948 3948 3948 3948
    4190 4139 4041 4041 3994 3994 3948 3948 3948 3948 3948 3948 3948
    4190 4139 4089 4041 3994 3994 3948 3948 3948 3948 3948 3948 7030
    4190 4139 4089 4041 3994 3994 3948 3948 3948 3948 3948 3903 3903
    4241 4139 4089 4041 3994 3948 3948 3948 3948 3948 3948 3903 3903
    4190 4139 4041 3994 3948 3948 3948 3948 3948 3948 3948 3948 3948
    4190 4089 4041 3994 3948 3948 3948 3948 3948 3948 3948 3994 3994
    4190 4089 4041 3994 3994 3948 3903 3903 3948 3948 3994 3994 3994
    4089 4089 4041 3994 3994 3948 3903 3903 3948 3948 3948 3948 3948
    4089 4089 4041 3994 3994 3948 3948 3948 3948 3948 3948 3948 3948
    4089 4089 4041 3994 3994 3948 3948 3948 3948 3948 3948 3948 3948
    4089 4041 4041 3994 3994 3994 3948 3948 3948 3948 3948 3948 6889
    4089 4041 4041 3994 3994 3994 3994 3948 3948 3948 3948 3948 3994
    4089 4041 4041 3994 3994 3994 3994 3948 3948 3948 3948 3948 3994
    4139 4089 4041 3994 3994 3948 3948 3948 3948 3948 3948 3948 3948
    4139 4089 3994 3994 3994 3948 3948 3948 3948 3948 3948 3948 3948
    4139 4089 3994 3994 3994 3948 3948 3994 3994 3994 3948 3948 3994
    4190 4190 4041 3994 3948 3948 3948 3994 3994 3994 3948 3948 7030</data></Depth13310>
</opencv_storage>
