<?xml version="1.0"?>
<opencv_storage>
<Depth1688 type_id="opencv-matrix">
  <rows>75</rows>
  <cols>52</cols>
  <dt>w</dt>
  <data>
    3468 3468 3468 3468 3433 3433 3399 3399 3365 3365 3365 3365 3365
    3365 3365 3333 3300 3300 3269 3269 3269 3300 3300 3300 3269 3269
    3238 3238 3178 3178 3178 1259 1255 1255 1259 1259 1264 1264 1268
    1268 1292 1292 1307 1307 1307 1312 1312 2984 2984 2984 2984 2984
    3468 3433 3433 3433 3433 3433 3399 3399 3365 3365 3365 3365 3365
    3365 3365 3333 3333 3300 3238 3208 3208 3300 3300 1288 1288 1283
    1278 1278 1273 1268 1264 1259 1255 1255 1255 1259 1264 1264 1268
    1273 1273 1288 1302 1302 1302 1307 1307 1307 3010 3010 2984 2984
    3468 3433 3433 3399 3399 3399 3399 3399 3365 3365 3365 3365 3365
    3365 3365 3365 1322 1322 3238 3208 3208 3208 1297 1288 1288 1283
    1278 1278 1273 1268 1264 1259 1259 1255 1255 1255 1264 1264 1268
    1273 1273 1288 1297 1297 1302 1307 1307 1307 3064 3064 3010 2984
    3503 3433 3399 3399 3399 3399 3399 3399 3365 3365 3365 3365 3365
    1338 1338 1333 1322 1317 1317 1312 1307 1307 1297 1292 1288 1288
    1283 1278 1273 1268 1268 1259 1255 1255 1255 1255 1259 1264 1268
    1273 1278 1283 1292 1297 1297 1302 1307 1307 1307 3010 3010 3010
    3503 3433 3399 3399 3399 3399 3399 3365 3365 3365 1354 1349 1338
    1338 1333 1333 1322 1317 1317 1312 1307 1307 1302 1292 1288 1288
    1283 1278 1273 1268 1268 1259 1255 1255 1255 1255 1255 1264 1273
    1273 1278 1283 1288 1292 1297 1302 1307 1307 1307 3037 3037 3010
    3503 3433 3399 1404 1404 3399 3399 1376 1370 1370 1354 1349 1338
    1338 1333 1333 1328 1322 1317 1312 1307 1307 1302 1292 1288 1288
    1283 1278 1273 1268 1264 1259 1255 1255 1255 1255 1255 1259 1268
    1273 1278 1288 1288 1292 1302 1302 1307 1307 1307 3037 3037 3010
    3503 1404 1404 1398 1398 1392 1376 1370 1370 1365 1354 1349 1343
    1338 1333 1328 1328 1322 1317 1312 1307 1302 1302 1292 1288 1288
    1283 1278 1273 1268 1259 1259 1255 1255 1255 1255 1255 1259 1268
    1273 1278 1288 1288 1292 1297 1297 1307 1307 1307 1307 3010 3010
    1410 1398 1398 1398 1398 1387 1376 1370 1370 1365 1354 1349 1343
    1338 1333 1328 1328 1322 1317 1312 1307 1302 1302 1292 1288 1288
    1283 1278 1273 1268 1259 1259 1255 1255 1255 1255 1255 1259 1268
    1273 1278 1288 1288 1292 1297 1297 1307 1307 1307 0 3010 3010 1410
    1398 1398 1398 1392 1381 1376 1370 1365 1365 1354 1354 1349 1343
    1333 1328 1328 1322 1317 1312 1312 1307 1302 1292 1292 1288 1283
    1278 1273 1268 1264 1259 1255 1255 1255 1255 1255 1264 1268 1273
    1278 1288 1288 1292 1297 1302 1307 1307 1307 0 3010 3010 1410 1398
    1398 1392 1392 1381 1376 1370 1365 1354 1354 1354 1349 1343 1333
    1333 1328 1328 1317 1317 1312 1307 1307 1292 1292 1288 1283 1273
    1273 1268 1264 1259 1255 1255 1255 1255 1255 1264 1268 1273 1278
    1288 1288 1297 1297 1307 1307 1307 1307 1328 3010 3010 1410 1398
    1398 1392 1387 1381 1376 1376 1370 1354 1354 1354 1349 1343 1338
    1333 1328 1328 1317 1317 1312 1307 1307 1292 1292 1288 1283 1273
    1273 1268 1264 1259 1255 1255 1255 1255 1255 1264 1268 1273 1273
    1288 1292 1297 1297 1307 1307 1312 1328 1328 1328 3010 1410 1398
    1398 1392 1387 1381 1376 1376 1370 1365 1354 1349 1349 1343 1338
    1333 1328 1328 1317 1317 1312 1307 1302 1292 1292 1288 1283 1273
    1273 1268 1264 1259 1255 1250 1250 1255 1255 1264 1268 1273 1273
    1288 1292 1297 1297 1302 1307 1312 1317 1328 1328 2984 1398 1398
    1398 1392 1387 1387 1376 1376 1370 1365 1354 1349 1349 1343 1338
    1333 1328 1328 1322 1317 1312 1307 1302 1292 1292 1288 1283 1273
    1273 1268 1264 1259 1255 1250 1250 1250 1255 1264 1268 1273 1283
    1288 1288 1292 1297 1302 1307 1312 1317 1328 1328 2984 1398 1398
    1398 1398 1387 1381 1376 1376 1370 1365 1354 1349 1349 1343 1338
    1333 1328 1328 1322 1317 1312 1307 1302 1292 1292 1288 1283 1278
    1273 1268 1264 1259 1255 1250 1250 1250 1255 1259 1268 1273 1283
    1288 1288 1292 1297 1302 1307 1312 1317 1328 1328 2984 1404 1404
    1404 1398 1392 1381 1376 1376 1370 1365 1354 1349 1349 1343 1338
    1333 1328 1328 1322 1317 1312 1307 1302 1292 1292 1288 1283 1278
    1273 1273 1268 1264 1255 1250 1250 1250 1255 1259 1268 1273 1283
    1288 1288 1288 1302 1302 1307 1312 1317 1317 2984 2984 1404 1404
    1404 1398 1392 1387 1376 1376 1370 1365 1354 1354 1349 1343 1338
    1333 1328 1328 1322 1317 1312 1307 1302 1292 1292 1288 1283 1278
    1273 1273 1268 1264 1259 1255 1255 1250 1250 1255 1268 1273 1278
    1283 1288 1288 1297 1302 1307 1312 1317 1317 3010 2984 1410 1404
    1398 1392 1392 1381 1376 1376 1370 1370 1354 1354 1354 1343 1338
    1333 1328 1328 1322 1317 1312 1307 1302 1292 1292 1288 1283 1278
    1273 1273 1268 1268 1259 1255 1255 1250 1250 1255 1268 1273 1278
    1283 1288 1292 1297 1302 1307 1302 1302 1302 3010 3010 1415 1404
    1398 1392 1392 1381 1376 1376 1370 1370 1359 1354 1354 1343 1338
    1333 1333 1328 1322 1317 1312 1307 1302 1292 1292 1288 1283 1278
    1273 1273 1268 1264 1259 1255 1255 1255 1255 1255 1268 1273 1278
    1283 1288 1292 1292 1302 1307 1302 1302 1302 3010 3010 1415 1404
    1404 1398 1392 1387 1376 1376 1370 1365 1354 1354 1349 1343 1343
    1333 1333 1328 1322 1317 1312 1307 1302 1297 1292 1288 1283 1278
    1273 1273 1268 1264 1255 1255 1255 1255 1255 1259 1268 1273 1283
    1283 1288 1292 1292 1302 1307 1302 1302 1302 3010 3010 1410 1404
    1404 1398 1392 1387 1381 1376 1370 1365 1354 1354 1349 1343 1343
    1333 1333 1328 1322 1322 1312 1307 1307 1292 1292 1288 1283 1278
    1273 1273 1268 1264 1255 1255 1255 1255 1255 1264 1268 1278 1283
    1288 1288 1292 1297 1302 1302 1302 1302 1302 2984 2984 1398 1398
    1404 1398 1392 1387 1381 1376 1370 1365 1354 1354 1354 1349 1343
    1333 1328 1328 1322 1317 1312 1307 1307 1292 1292 1288 1283 1278
    1273 1273 1268 1264 1259 1255 1250 1250 1255 1264 1268 1278 1283
    1288 1288 1292 1297 1302 1302 1307 1307 1307 2984 2984 1398 1398
    1404 1398 1392 1392 1381 1376 1370 1365 1359 1354 1354 1349 1343
    1333 1328 1328 1322 1317 1312 1307 1307 1292 1292 1288 1288 1278
    1273 1273 1268 1264 1259 1255 1250 1250 1255 1264 1268 1278 1283
    1288 1288 1288 1297 1302 1307 1307 1307 1307 3010 3010 1398 1398
    1398 1398 1392 1392 1381 1376 1370 1365 1365 1354 1354 1349 1343
    1333 1333 1328 1322 1317 1312 1307 1307 1292 1292 1288 1288 1278
    1273 1273 1268 1264 1264 1255 1255 1255 1255 1259 1268 1273 1278
    1288 1288 1288 1292 1302 1307 1307 1312 1312 2984 2984 1398 1398
    1398 1398 1392 1392 1381 1376 1370 1370 1370 1354 1349 1349 1343
    1333 1333 1328 1322 1312 1312 1307 1307 1292 1292 1288 1288 1283
    1273 1273 1268 1268 1264 1255 1255 1255 1255 1259 1273 1273 1278
    1283 1283 1288 1292 1302 1307 1307 1307 1307 2984 2984 1398 1398
    1398 1398 1392 1392 1387 1376 1376 1370 1370 1354 1349 1349 1343
    1333 1333 1328 1322 1312 1312 1307 1307 1297 1292 1292 1288 1283
    1278 1273 1268 1268 1264 1255 1255 1255 1255 1259 1268 1273 1278
    1283 1283 1283 1292 1302 1302 1307 1307 1307 2984 2984 1398 1398
    1398 1398 1398 1392 1387 1376 1376 1370 1370 1354 1349 1349 1343
    1338 1333 1333 1328 1317 1312 1307 1302 1297 1292 1292 1288 1283
    1278 1273 1268 1268 1264 1255 1255 1255 1255 1259 1268 1273 1278
    1283 1283 1283 1292 1297 1302 1307 1307 1307 2984 2984 1398 1398
    1404 1398 1398 1392 1387 1376 1376 1370 1365 1354 1349 1349 1343
    1338 1333 1333 1328 1317 1312 1307 1302 1297 1292 1292 1288 1283
    1278 1273 1268 1268 1259 1255 1255 1255 1255 1255 1268 1273 1278
    1283 1283 1283 1292 1297 1302 1307 1307 1307 2984 2984 1398 1398
    1404 1398 1398 1392 1387 1381 1376 1370 1365 1354 1349 1349 1343
    1338 1333 1333 1328 1317 1312 1307 1302 1297 1292 1292 1288 1283
    1278 1273 1268 1268 1259 1255 1255 1255 1255 1255 1268 1273 1278
    1283 1283 1283 1292 1297 1302 1307 1307 1307 1307 3010 1404 1404
    1404 1398 1398 1392 1387 1381 1376 1370 1365 1354 1349 1349 1343
