<?xml version="1.0"?>
<opencv_storage>
<Depth9719 type_id="opencv-matrix">
  <rows>40</rows>
  <cols>78</cols>
  <dt>w</dt>
  <data>
    3994 3994 3948 3948 3994 4041 1307 1302 1297 1297 1292 1292 1292
    1292 1292 1292 1292 1297 1297 1297 1297 1297 1292 1292 1288 1283
    1283 1283 1283 1283 1288 1288 1288 1288 1283 1283 1283 3859 3816
    3774 3774 3774 3732 3732 3732 3732 3732 3774 3816 3816 3816 3774
    3774 3732 3576 3468 3468 3433 2933 2933 2933 2933 2933 2933 2933
    2958 2958 2933 2933 2908 2908 2883 2883 2883 0 0 0 0 3994 3994 3948
    3948 3948 1302 1297 1297 1292 1292 1292 1292 1292 1292 1292 1292
    1292 1292 1292 1292 1292 1292 1288 1288 1288 1283 1283 1283 1283
    1283 1283 1283 1283 1283 1283 1283 1278 1278 1278 1278 1283 1283
    3732 3732 3732 3732 3732 3732 3816 3859 3859 3816 3816 3774 1264
    1264 3468 3433 2958 2933 2933 2933 2933 2933 2958 2958 2908 2908
    2908 2908 2908 2883 2883 0 0 0 0 0 3994 3994 3994 3994 1297 1297
    1297 1292 1292 1292 1292 1292 1292 1288 1288 1288 1288 1288 1288
    1288 1288 1288 1288 1288 1288 1283 1283 1283 1283 1283 1283 1283
    1283 1283 1278 1278 1278 1278 1278 1278 1283 1283 1283 1278 1278
    1273 1273 1273 1278 1278 1278 1278 3816 1278 1264 1264 1278 1278
    3468 2958 2958 2958 2958 2958 2958 2958 2908 2908 2908 2908 2908
    2883 2859 2812 2812 0 0 0 3948 3994 4041 1297 1297 1297 1292 1292
    1292 1288 1288 1288 1283 1283 1288 1283 1283 1283 1283 1283 1283
    1283 1283 1283 1283 1283 1283 1278 1278 1278 1278 1278 1278 1278
    1278 1278 1278 1278 1278 1278 1278 1278 1278 1278 1278 1273 1273
    1273 1273 1278 1278 1278 1278 1278 1273 1273 1278 1278 1278 1278
    1278 1278 1278 1278 1278 1278 1283 2908 2908 1278 1273 1268 1268
    1268 2812 0 0 0 3948 3994 3994 1297 1297 1297 1292 1292 1288 1283
    1283 1278 1278 1278 1278 1278 1278 1283 1278 1278 1278 1278 1278
    1278 1278 1278 1278 1278 1278 1278 1278 1278 1278 1273 1273 1273
    1273 1273 1273 1273 1273 1273 1273 1273 1273 1273 1268 1268 1268
    1268 1268 1268 1273 1273 1273 1273 1273 1273 1278 1278 1278 1278
    1278 1278 1278 1278 1283 1283 1278 1278 1273 1268 1268 1268 1268
    1268 1264 1264 3903 3903 3903 1297 1297 1297 1292 1292 1288 1283
    1278 1278 1278 1278 1278 1278 1278 1278 1278 1278 1278 1278 1273
    1273 1273 1273 1273 1273 1273 1273 1273 1268 1268 1268 1268 1268
    1268 1268 1268 1268 1268 1264 1264 1264 1264 1264 1264 1264 1264
    1264 1264 1264 1264 1264 1264 1264 1264 1264 1273 1273 1278 1273
    1273 1273 1273 1273 1273 1273 1273 1273 1273 1268 1268 1268 1268
    1268 1264 1264 3859 3859 3859 1302 1297 1297 1297 1297 1292 1283
    1273 1273 1268 1268 1268 1273 1278 1273 1273 1268 1268 1268 1264
    1264 1268 1264 1264 1264 1264 1264 1264 1264 1264 1264 1264 1264
    1264 1264 1264 1264 1264 1259 1259 1259 1259 1259 1259 1259 1259
    1259 1259 1259 1259 1259 1264 1259 1259 1259 1264 1264 1268 1268
    1264 1264 1268 1268 1268 1268 1268 1268 1268 1268 1268 1268 1268
    1264 1264 1264 3859 3859 3859 1297 1297 1297 1302 1297 1297 1283
    1273 1268 1268 1264 1264 1264 1268 1264 1264 1264 1264 1264 1264
    1264 1264 1259 1259 1264 1259 1259 1259 1259 1259 1259 1259 1259
    1259 1259 1259 1259 1259 1259 1259 1259 1259 1259 1259 1259 1255
    1255 1255 1255 1255 1255 1255 1255 1255 1255 1259 1259 1259 1259
    1259 1259 1264 1264 1264 1268 1268 1268 1264 1264 1264 1264 1264
    1264 1259 1259 3859 3859 3859 1312 1312 1312 1312 1302 1297 1283
    1273 1264 1259 1259 1259 1259 1264 1259 1259 1259 1259 1259 1264
    1259 1259 1259 1259 1259 1259 1255 1255 1255 1259 1259 1259 1259
    1255 1255 1255 1255 1255 1255 1255 1255 1255 1255 1250 1250 1245
    1245 1245 1250 1250 1250 1250 1250 1250 1250 1255 1255 1255 1255
    1255 1255 1255 1255 1255 1264 1264 1264 1259 1259 1259 1259 1259
    1255 1255 1255 3859 3859 3859 1317 1317 1317 1312 1302 1297 1283
    1273 1264 1259 1255 1255 1255 1259 1259 1255 1255 1259 1259 1259
    1259 1255 1255 1255 1255 1255 1250 1250 1255 1255 1255 1255 1255
    1250 1250 1250 1250 1245 1245 1250 1245 1245 1250 1245 1245 1245
    1245 1245 1245 1245 1245 1245 1245 1245 1245 1250 1250 1250 1250
    1250 1250 1250 1250 1250 1250 1250 1250 1250 1250 1250 1250 1250
    1250 1250 1250 3859 3859 3859 1317 1317 1317 1312 1302 1292 1278
    1268 1259 1255 1255 1255 1255 1255 1255 1255 1250 1250 1255 1255
    1250 1250 1250 1250 1250 1250 1245 1245 1245 1245 1245 1245 1245
    1245 1245 1245 1245 1245 1245 1245 1245 1245 1245 1245 1241 1241
    1241 1245 1245 1245 1245 1245 1241 1241 1241 1245 1245 1245 1245
    1245 1250 1245 1245 1245 1245 1250 1245 1245 1245 1245 1245 1245
    1245 1245 1245 3816 3816 3816 1333 1322 1317 1312 1302 1292 1273
    1255 1250 1245 1245 1245 1245 1250 1250 1250 1245 1245 1250 1250
    1245 1245 1245 1245 1245 1245 1245 1245 1245 1245 1245 1245 1241
    1241 1241 1241 1245 1245 1245 1245 1241 1241 1245 1241 1241 1241
    1241 1241 1241 1241 1241 1241 1241 1241 1241 1245 1245 1245 1245
    1245 1245 1245 1245 1241 1241 1241 1241 1241 1236 1236 1232 1232
    1232 1232 1241 3816 3816 1338 1333 1328 1317 1307 1302 1292 1241
    1241 1241 1241 1241 1241 1241 1245 1241 1241 1241 1245 1245 1245
    1241 1241 1241 1241 1241 1241 1241 1241 1241 1241 1236 1236 1236
    1236 1236 1236 1236 1241 1241 1241 1236 1236 1236 1236 1236 1236
    1236 1236 1236 1236 1241 1236 1236 1236 1236 1236 1241 1241 1241
    1236 1236 1241 1241 1236 1236 1236 1236 1236 1232 1232 1232 1232
    1232 1232 1227 3859 3859 1338 1338 1328 1317 1307 1307 1241 1241
    1236 1232 1232 1236 1236 1241 1241 1241 1241 1241 1241 1241 1241
    1241 1241 1241 1236 1236 1236 1236 1236 1232 1232 1232 1232 1232
    1232 1232 1232 1232 1236 1232 1232 1232 1227 1227 1227 1227 1232
    1232 1232 1232 1232 1236 1236 1232 1232 1232 1232 1232 1232 1232
    1232 1232 1232 1232 1232 1232 1232 1232 1232 1227 1227 1227 1227
    1227 1227 1227 3859 3859 1338 1338 1333 1322 1312 1307 1241 1236
    1227 1227 1223 1223 1223 1227 1232 1236 1236 1236 1232 1232 1232
    1232 1227 1227 1227 1227 1227 1227 1227 1227 1227 1227 1227 1227
    1227 1227 1227 1227 1227 1227 1227 1227 1227 1227 1227 1227 1227
    1227 1227 1227 1227 1232 1232 1227 1227 1227 1227 1227 1227 1232
    1227 1227 1227 1227 1227 1227 1227 1227 1227 1223 1223 1223 1223
    1223 1223 1223 3859 3859 1343 1338 1328 1317 1312 1307 1241 1236
    1227 1227 1223 1223 1223 1223 1227 1227 1227 1227 1227 1227 1227
    1227 1227 1227 1227 1227 1227 1227 1227 1223 1223 1223 1223 1223
    1227 1227 1223 1223 1223 1227 1223 1223 1223 1223 1223 1223 1223
    1223 1223 1223 1227 1223 1223 1223 1223 1223 1227 1227 1227 1227
    1223 1223 1223 1223 1223 1223 1223 1223 1223 1223 1223 1219 1214
    1214 1214 1214 3859 1365 1338 1338 1328 1317 1312 1307 1241 1232
    1223 1223 1223 1223 1223 1223 1223 1223 1223 1223 1223 1223 1223
    1223 1223 1223 1223 1219 1219 1223 1223 1223 1223 1223 1219 1219
    1219 1219 1223 1219 1219 1223 1223 1219 1214 1210 1210 1219 1223
    1219 1219 1219 1219 1219 1219 1219 1214 1214 1219 1223 1223 1223
    1223 1219 1219 1219 1219 1219 1219 1219 1219 1219 1214 1214 1214
    1210 1210 1210 3859 1365 1365 1349 1333 1317 1312 1302 1241 1232
    1223 1223 1223 1223 1223 1223 1223 1223 1223 1223 1223 1223 1223
    1223 1219 1219 1214 1214 1214 1214 1214 1219 1219 1214 1214 1214
    1214 1214 1214 1214 1214 1219 1219 1214 1214 1210 1210 1210 1214
    1214 1214 1210 1210 1214 1214 1210 1210 1210 1214 1214 1219 1219
    1219 1214 1214 1214 1214 1214 1219 1214 1214 1214 1210 1210 1210
    1210 1210 1210 3774 1365 1365 1354 1338 1322 1312 1297 1241 1232
    1227 1227 1223 1223 1223 1227 1227 1223 1223 1223 1223 1223 1223
    1223 1219 1219 1214 1214 1214 1214 1214 1214 1214 1214 1214 1214
    1214 1214 1214 1214 1214 1214 1214 1210 1210 1210 1210 1210 1210
    1210 1210 1210 1210 1210 1210 1210 1210 1210 1210 1210 1210 1210
    1210 1214 1214 1214 1210 1210 1210 1210 1210 1210 1210 1210 1210
