<?xml version="1.0"?>
<opencv_storage>
<Depth13219 type_id="opencv-matrix">
  <rows>7</rows>
  <cols>25</cols>
  <dt>w</dt>
  <data>
    5640 5640 5548 5548 5640 5640 5640 5548 5548 5640 5640 5640 5640
    5548 5548 5548 5548 5640 5640 5640 5734 5734 5734 5734 4522 5640
    5640 5548 5548 5640 5640 5640 5640 5640 5640 5640 5640 5640 5640
    5640 5548 5548 5548 5548 5548 5640 5640 5460 5460 4522 5640 5640
    5734 5640 5640 5640 5640 5640 5640 5640 5640 5548 5548 5548 5640
    5640 5548 5548 5548 5548 5640 5548 5460 5374 5374 5548 5640 5640
    5640 5640 5640 5640 5640 5640 5640 5548 5548 5548 5548 5548 5640
    5548 5548 5548 5548 5640 5460 5374 5374 5291 5548 5640 5640 5640
    5640 5640 5640 5640 5640 5640 5548 5548 5460 5460 5548 5548 5548
    5548 5548 5548 5640 5460 5374 5374 5291 5933 5933 5640 5640 5640
    5640 5640 5640 5640 5640 5548 5548 5460 5460 5548 5548 5548 5548
    5548 5640 5640 5460 5374 5374 5291 7030 6889 6753 6753 6753 6753
    6753 5734 5734 5734 5734 6375 5548 5548 5548 5548 5548 5548 5640
    5640 5640 5548 5460 5374 5291</data></Depth13219>
</opencv_storage>
