<?xml version="1.0"?>
<opencv_storage>
<Depth15799 type_id="opencv-matrix">
  <rows>6</rows>
  <cols>25</cols>
  <dt>w</dt>
  <data>
    5460 5374 5374 5374 5374 5291 5291 5291 5291 5291 5291 5291 5374
    5210 5210 5291 5291 5210 5132 5132 5056 5056 5056 5056 4983 5291
    5291 5291 5374 5374 5291 5291 5291 5291 5291 5291 5291 5291 5210
    5210 5291 5291 5210 5132 5132 5056 5056 5056 5056 4983 5291 5291
    5291 5374 5374 5291 5291 5291 5291 5291 5291 5291 5210 5210 5210
    5210 5210 5210 5132 5132 5056 5056 5056 5056 5056 5374 5374 5291
    5291 5291 5291 5291 5291 5291 5291 5291 5291 5210 5210 5210 5210
    5210 5210 5132 5132 5132 5132 5132 5056 5056 5374 5374 5291 5291
    5291 5291 5291 5291 5291 5291 5291 5291 5210 5210 5132 5132 5210
    5210 5132 5132 5132 5132 5132 5132 5056 0 5374 5374 5374 5374 5291
    5291 5291 5374 5374 5374 5374 5291 5210 5132 5132 5210 5132 5132
    5210 5210 5210 5210 5210 5132</data></Depth15799>
</opencv_storage>
