<?xml version="1.0"?>
<opencv_storage>
<Depth11844 type_id="opencv-matrix">
  <rows>56</rows>
  <cols>180</cols>
  <dt>w</dt>
  <data>
    0 0 0 0 0 1543 1543 1550 1550 1564 1564 1579 1586 1594 1594 1616
    1632 1639 1647 1647 1655 1680 1680 1688 1705 1705 1722 1748 1748
    1766 1785 1794 1813 1813 1833 1853 1853 1873 1873 1926 1926 1926
    1970 1993 1993 2016 2028 2053 2078 2090 2116 2129 2129 2143 2143
    2143 0 0 0 0 0 0 0 0 0 0 0 0 0 0 0 0 0 0 0 0 0 585 583 583 583 583 0
    0 0 0 585 584 584 584 3300 3300 3333 3333 579 579 580 3300 3300 3433
    585 585 3433 3433 4983 4983 4983 5056 5132 5291 5374 5832 583 583
    583 583 583 582 582 6038 581 580 580 580 580 580 580 581 581 582 581
    580 580 580 580 580 580 580 6146 6038 6038 6146 6038 6038 6038 6038
    6038 6146 6038 5933 5933 5933 6038 6038 6038 5933 577 576 576 5832
    5933 5933 5933 6038 6038 6038 576 576 576 576 576 571 571 576 575
    575 576 576 576 5933 0 0 0 0 0 1543 1543 1550 1550 1564 1564 1586
    1586 1601 1601 1616 1624 1639 1647 1655 1663 1680 590 589 589 589
    590 590 590 589 588 588 589 589 590 590 591 591 590 590 590 1959
    1981 1993 590 589 589 588 588 2129 2129 2129 589 588 588 591 0 0 0 0
    0 587 586 586 586 586 586 587 587 584 584 0 0 0 0 586 586 584 583
    583 583 583 0 0 583 582 582 583 583 584 585 585 3333 582 579 579 580
    583 583 584 584 584 584 583 583 583 583 583 582 582 582 581 581 582
    583 582 581 581 579 579 580 580 580 580 580 580 579 579 580 581 580
    580 580 580 580 580 580 580 579 579 578 578 579 580 579 579 579 579
    578 578 579 580 581 581 580 579 577 576 576 577 577 577 579 579 579
    579 576 576 576 576 576 571 571 576 575 575 576 576 576 573 0 0 0 0
    0 1543 1543 1543 1543 1550 1550 1601 1601 1601 1609 1609 1616 1632
    1647 1655 1671 589 589 589 589 589 589 590 589 589 588 588 589 589
    590 589 589 589 589 589 589 588 587 587 588 588 589 588 587 587 589
    589 589 588 588 589 588 588 586 586 586 587 586 586 586 586 586 587
    587 584 584 585 585 586 586 586 585 584 583 583 584 585 585 584 583
    582 582 583 583 584 585 583 582 582 582 582 582 583 583 584 584 584
    584 583 583 583 582 582 582 582 582 581 581 582 582 582 581 580 579
    579 580 580 580 580 580 580 579 579 580 580 580 580 580 580 580 580
    580 580 579 579 578 578 579 580 579 579 579 579 578 578 579 580 581
    580 580 579 578 578 577 577 577 577 578 579 579 579 578 578 578 576
    576 574 574 575 576 576 577 576 576 573 648 0 0 0 0 1550 1550 1543
    1543 1550 658 658 658 1609 1601 1601 1601 1609 1647 1655 1671 589
    589 589 589 589 589 589 589 589 588 588 589 589 589 589 588 588 589
    589 589 588 587 587 588 588 589 588 587 587 589 589 589 588 588 589
    588 588 586 586 586 587 586 586 586 586 587 587 587 586 586 585 585
    585 586 586 585 584 584 585 585 585 585 584 583 583 583 583 583 585
    585 583 582 582 583 583 583 583 583 583 583 584 583 583 583 583 582
    582 583 582 582 582 582 582 582 582 581 580 579 579 580 580 580 580
    580 579 579 579 580 580 580 580 580 580 580 580 581 580 580 580 580
    580 580 580 579 579 579 579 579 579 579 580 580 580 580 579 579 579
    577 577 577 577 578 579 579 579 578 578 578 576 576 576 575 575 578
    577 577 577 576 576 647 647 647 647 648 647 647 650 650 654 657 658
    668 668 1601 1601 1601 1609 1655 1655 1671 589 589 589 589 589 589
    589 589 589 589 589 589 589 589 589 588 588 589 589 589 589 589 589
    589 589 589 588 588 588 589 590 589 589 589 589 589 589 587 587 587
    587 587 587 587 587 587 587 587 587 586 586 585 585 586 586 586 585
    585 586 586 586 585 584 583 583 583 584 584 585 585 583 583 583 583
    583 583 583 583 583 583 584 583 583 583 583 583 583 583 583 582 582
    582 582 583 582 581 580 580 580 580 580 580 580 580 579 579 579 580
    581 581 580 580 580 580 580 581 580 580 580 580 580 580 580 580 580
    580 579 579 579 579 580 580 580 580 579 579 579 579 578 577 577 578
    579 579 579 578 578 578 578 576 576 575 575 578 578 577 577 577 0
    647 647 644 644 646 647 647 650 650 654 657 663 664 664 664 683 683
    683 684 684 589 589 589 589 589 589 589 589 589 589 589 589 589 589
    589 589 589 589 589 590 589 589 589 589 589 589 589 589 589 590 589
    589 589 589 589 589 589 589 589 589 588 588 587 587 587 588 587 587
    587 587 586 586 586 586 586 586 586 586 586 586 586 586 586 585 584
    584 584 584 585 585 585 583 583 583 584 583 583 583 583 584 584 584
    584 584 583 583 583 583 583 583 583 583 583 583 583 583 583 582 581
    581 581 581 581 581 580 580 580 580 580 582 582 581 581 580 580 580
    581 580 580 580 580 580 580 580 580 580 579 579 580 580 580 580 580
    580 580 580 579 579 579 579 579 578 578 579 579 579 579 579 579 579
    577 577 576 576 578 577 577 578 578 0 647 647 644 644 646 647 647
    649 650 654 657 663 664 664 674 683 683 683 684 684 589 589 589 589
    589 589 589 589 589 589 590 589 589 589 589 589 589 589 590 590 589
    589 589 589 589 589 590 590 590 590 589 589 589 589 589 589 589 589
    589 589 589 589 588 588 588 588 588 587 587 587 587 587 587 586 586
    587 586 586 586 586 587 586 586 585 585 586 585 585 585 585 585 584
    584 584 584 584 584 583 583 584 584 585 585 584 584 584 584 583 583
    583 583 583 583 583 583 583 583 583 582 582 582 582 582 582 582 580
    580 580 581 582 582 582 580 580 580 580 581 581 580 580 580 580 580
    580 580 580 579 579 580 580 580 581 581 581 580 580 580 580 579 579
    579 579 579 580 580 580 579 579 579 579 579 578 578 578 578 577 577
    578 578 0 647 647 647 647 647 647 647 649 652 654 658 663 664 666
    674 683 683 683 684 696 698 698 589 589 589 589 589 589 589 590 590
    590 590 590 590 590 590 590 590 590 590 589 589 590 590 590 590 590
    590 590 589 589 589 589 589 590 590 589 589 589 589 589 588 588 588
    588 588 588 588 588 587 587 587 587 587 587 587 587 586 586 586 586
    586 586 586 586 586 585 585 585 585 585 585 585 584 584 583 583 585
    585 585 585 585 585 584 584 584 583 583 583 583 583 583 583 583 583
    583 583 583 583 583 583 583 583 582 582 582 582 582 582 582 582 580
    580 580 580 580 581 581 581 580 580 580 580 580 580 580 580 580 580
    580 581 581 581 581 581 580 580 580 580 580 580 580 580 580 580 580
    580 580 579 579 578 578 578 578 578 578 578 578 0 648 647 647 647
    647 647 647 649 652 654 659 662 664 666 676 682 682 683 686 696 698
    590 589 589 589 590 589 589 589 590 590 590 590 590 590 590 590 590
    590 590 591 590 590 590 590 590 590 590 590 590 590 589 589 589 590
    590 590 589 589 589 589 589 588 588 588 588 588 589 589 588 588 588
    588 588 588 587 587 587 586 586 586 586 586 586 586 586 585 585 585
    585 585 585 585 585 584 584 583 583 585 585 585 585 585 585 584 584
    584 584 584 583 583 583 583 583 584 583 583 583 583 583 582 582 583
    583 583 583 582 582 582 582 582 582 582 580 580 580 580 581 582 581
    580 580 580 580 580 580 580 580 580 580 580 581 580 580 580 580 580
    580 580 580 580 580 580 580 580 581 580 580 580 579 579 579 579 579
    579 579 579 576 576 579 649 647 647 647 647 647 647 648 650 654 658
    659 663 674 679 682 682 683 686 696 698 590 590 590 590 590 590 590
    590 590 590 590 591 591 591 590 590 590 590 590 591 591 591 591 590
    590 590 591 591 590 590 589 589 590 590 591 590 589 589 589 589 589
    589 589 588 588 589 589 589 588 588 588 588 588 588 588 588 587 587
    587 587 587 587 586 586 586 585 585 586 585 585 585 585 585 585 584
    584 584 584 584 584 584 584 584 585 584 584 584 584 583 583 583 583
    583 584 583 583 583 584 583 582 582 582 582 583 583 582 582 582 582
    582 582 582 581 581 581 582 582 582 582 581 581 581 581 581 581 581
    581 580 580 581 581 580 580 580 580 581 581 581 581 580 580 580 580
    580 581 581 580 580 579 579 579 579 580 579 579 579 576 576 579 648
    647 647 647 647 647 647 648 650 654 658 658 663 678 679 682 682 684
    696 696 698 591 591 590 590 590 590 590 590 590 590 590 591 591 591
