<?xml version="1.0"?>
<opencv_storage>
<Depth17617 type_id="opencv-matrix">
  <rows>10</rows>
  <cols>51</cols>
  <dt>w</dt>
  <data>
    3433 3468 3433 3433 3433 3433 3433 3433 3433 3433 2701 2701 2701
    2701 2701 2701 2701 2701 2680 2680 2680 2680 2680 2680 2659 2639
    2639 2639 2659 2659 2618 2618 2618 2618 3365 3365 3333 3333 3333
    3333 3365 3365 3365 3333 3333 3333 3300 3269 3269 3238 3238 3433
    3433 3433 3433 3399 3399 3399 3399 3399 2701 2701 2701 2701 2701
    2701 2701 2701 2701 2701 2680 2680 2680 2680 2680 2659 2639 2639
    2639 2659 2639 2618 2618 2618 2618 2618 2618 2618 2598 2598 3333
    3333 3333 2618 2618 3333 3333 3300 3269 3238 3238 3238 3433 3433
    3399 3399 3365 3365 3365 2680 2680 2680 2680 2701 2680 2680 2680
    2680 2680 2680 2680 2680 2680 2659 2659 2659 2659 2639 2639 2639
    2618 2618 2618 2618 2618 2618 2618 2618 2618 2598 2598 2618 2618
    2618 2598 2579 2560 2560 2560 2560 2560 2560 2560 3399 3399 3399
    3365 3365 3365 3365 2659 2659 2659 2680 2680 2680 2659 2659 2659
    2680 2680 2680 2659 2659 2659 2659 2659 2659 2639 2598 2598 2598
    2598 2618 2618 2618 2618 2598 2598 2598 2598 2598 2598 2598 2598
    2598 2579 2560 2560 2560 2541 2541 2541 0 3333 3333 3333 3300 3300
    3300 2639 2639 2639 2639 2659 2659 2639 2639 2618 2618 2659 2659
    2659 2659 2639 2639 2639 2639 2639 2598 2579 2579 2598 2598 2598
    2598 2598 2598 2598 2579 2579 2579 2579 2598 2598 2579 2579 2560
    2541 2541 2541 2541 2541 2541 0 3300 3333 2598 2598 2598 2598 2598
    2618 2618 2618 2639 2639 2618 2618 2618 2598 2598 2598 2598 2639
    2618 2618 2618 2618 2618 2579 2541 2541 2560 2579 2598 2598 2579
    2579 2579 2560 2560 2560 2579 2579 2560 2560 2560 2541 2541 2541
    2541 2522 2522 2522 0 3269 2618 2598 2598 2598 2598 2598 2598 2598
    2598 2618 2639 2618 2618 2618 2598 2598 2598 2598 2598 2598 2598
    2618 2618 2598 2579 2541 2541 2541 2541 2579 2579 2541 2541 2522
    2522 2522 2522 2541 2560 2541 2541 2541 2541 2522 2522 2522 2522
    2503 2485 2485 2541 2541 2598 2598 2598 2598 2598 2579 2579 2579
    2598 2618 2618 2618 2618 2618 2618 2598 2598 2598 2598 2598 2598
    2598 2579 2579 2560 2560 2541 2541 2541 2541 2541 2541 2522 2522
    2522 2522 2522 2541 2541 2541 2522 2522 2522 2522 2522 2503 2503
    2485 2467 2541 2541 2598 2598 2579 2579 2579 2579 2541 2541 2541
    2541 2639 2639 2618 2618 2598 2598 2598 2598 2598 2598 2598 2598
    2579 2579 2560 2560 2560 2560 2541 2541 2541 2541 2522 2522 2522
    2522 2522 2541 2541 2541 2522 2522 2503 2503 2503 2485 2485 2485
    2467 2541 2541 2541 2541 2541 2541 2522 2522 2541 2541 2541 2541
    2618 2618 2618 2618 2598 2598 2598 2618 2618 2598 2598 2598 2579
    2579 2579 2579 2560 2560 2541 2541 2541 2541 2541 2522 2522 2522
    2522 2541 2522 2522 2522 2522 2503 2503 2503 2485 2485 2485 2485</data></Depth17617>
</opencv_storage>
