<?xml version="1.0"?>
<opencv_storage>
<Depth8672 type_id="opencv-matrix">
  <rows>88</rows>
  <cols>30</cols>
  <dt>w</dt>
  <data>
    0 0 0 0 0 0 0 0 0 0 0 0 0 0 0 0 1223 1223 1223 1227 1227 1227 1232
    1232 1223 5548 5548 0 5548 5548 0 0 0 0 0 0 0 0 0 0 0 0 0 0 0 0 1223
    1223 1223 1227 1227 1232 1232 0 0 0 0 5548 5548 5548 0 0 0 0 0 0 0 0
    0 0 0 0 0 0 0 0 0 1227 1227 1227 1227 1232 1232 1227 1223 1219 1219
    0 0 0 0 0 0 0 0 0 0 0 1210 1210 1214 0 0 0 0 0 0 1241 1232 1232 1232
    1227 1227 1227 1223 1219 1219 1223 1223 1219 0 0 0 0 0 0 1214 1214
    1210 1210 1214 1214 1214 1223 1223 1223 1223 1227 1223 1219 1219
    1223 1227 1227 1223 1219 1219 1219 1219 0 0 0 0 0 1210 1210 1210
    1210 1210 1210 1214 1214 1214 1214 1214 1214 1214 1219 1219 1214
    1214 1214 1214 1214 1219 1219 1223 1219 1219 1219 0 0 0 0 1210 1210
    1210 1210 1210 1210 1210 1214 1214 1214 1214 1214 1214 1214 1214
    1214 1214 1214 1214 1214 1214 1219 1219 1223 1223 1223 0 0 0 1210
    1210 1210 1210 1210 1210 1210 1210 1214 1214 1214 1210 1210 1210
    1214 1214 1214 1214 1214 1214 1214 1214 1219 1219 1223 1223 1223 0 0
    0 1210 1210 1210 1210 1210 1210 1210 1210 1214 1214 1214 1210 1210
    1210 1214 1214 1214 1214 1214 1214 1214 1214 1219 1219 1223 1223
    1223 0 0 0 1210 1210 1210 1210 1210 1210 1210 1210 1210 1214 1214
    1210 1210 1214 1214 1214 1214 1214 1214 1214 1214 1214 1219 1223
    1223 1223 1223 0 0 0 0 1210 1210 1210 1210 1210 1210 1210 1210 1210
    1210 1214 1214 1214 1214 1214 1214 1214 1214 1214 1214 1219 1219
    1223 1223 1227 0 0 0 0 0 1210 1210 1210 1210 1210 1210 1210 1210
    1210 1210 1214 1214 1214 1214 1214 1214 1214 1214 1214 1214 1219
    1223 1223 1223 1227 0 0 0 0 0 1210 1210 1210 1210 1210 1210 1210
    1210 1210 1210 1214 1214 1219 1214 1214 1214 1214 1219 1219 1219
    1223 1223 1223 1223 1227 0 0 0 0 0 1210 1210 1210 1210 1210 1210
    1210 1210 1210 1210 1214 1214 1219 1219 1214 1214 1219 1219 1223
    1223 1223 1223 1223 1214 1214 0 0 0 0 0 1210 1210 1210 1210 1210
    1210 1210 1210 1210 1210 1214 1214 1214 1219 1219 1219 1219 1219
    1223 1223 1223 1223 1223 1214 1214 0 0 0 0 0 1210 1210 1210 1210
    1210 1210 1210 1210 1210 1210 1214 1214 1214 1219 1219 1219 1219
    1223 1223 1223 1223 1223 1223 1219 1219 0 0 0 0 0 0 1210 1210 1210
    1210 1210 1210 1210 1210 1210 1214 1214 1214 1219 1219 1214 1214
    1219 1219 1219 1223 1223 1223 1223 1223 1223 0 0 0 0 0 1210 1210
    1210 1210 1210 1210 1210 1210 1210 1214 1214 1214 1214 1219 1214
    1214 1219 1219 1219 1223 1223 1223 1223 1223 1223 0 0 0 0 1214 1210
    1210 1210 1210 1214 1214 1210 1210 1214 1214 1214 1214 1214 1219
    1219 1219 1223 1223 1223 1223 1223 1223 1219 1219 0 0 0 0 0 1214
    1210 1210 1210 1210 1214 1214 1214 1214 1214 1214 1214 1214 1214
    1219 1219 1219 1223 1219 1219 1223 1223 1223 1219 1219 0 0 0 0 0
    1214 1214 1210 1210 1210 1214 1214 1214 1214 1214 1214 1214 1214
    1214 1219 1219 1223 1219 1219 1219 1223 1223 1223 1219 1219 0 0 0 0
    1210 1210 1214 1210 1210 1210 1210 1210 1214 1214 1214 1219 1214
    1214 1219 1219 1219 1219 1219 1219 1219 1223 1223 1223 1219 1219 0 0
    0 0 1210 1210 1210 1210 1210 1210 1210 1210 1210 1210 1214 1214 1214
    1214 1219 1219 1219 1219 1219 1219 1219 1219 1223 1223 1223 1223 0 0
    0 0 1214 1210 1210 1210 1210 1210 1210 1214 1210 1210 1214 1214 1214
    1214 1219 1219 1219 1219 1214 1214 1219 1219 1223 1223 1223 1223 0 0
    0 0 1214 1210 1210 1210 1210 1210 1214 1214 1214 1214 1214 1214 1214
    1214 1214 1214 1214 1214 1214 1214 1214 1219 1223 1219 1219 1223 0 0
    0 0 1214 1210 1210 1210 1210 1214 1214 1214 1214 1214 1214 1214 1214
    1214 1214 1214 1214 1214 1214 1214 1214 1219 1223 1219 1219 1227 0 0
    0 0 1214 1214 1214 1214 1214 1214 1214 1214 1214 1214 1214 1214 1214
    1214 1214 1214 1214 1214 1214 1214 1214 1219 1223 1223 1223 1227
    1227 0 0 0 1219 1219 1214 1214 1214 1214 1214 1214 1214 1214 1214
    1214 1214 1214 1219 1219 1214 1214 1214 1214 1214 1223 1223 1223
    1227 1227 1232 0 0 0 1232 1219 1214 1214 1214 1214 1214 1214 1214
    1214 1214 1214 1214 1214 1219 1219 1214 1214 1214 1214 1219 1223
    1223 1223 1227 1227 1227 0 0 0 1232 1219 1214 1214 1214 1214 1214
    1214 1214 1214 1214 1214 1214 1214 1219 1219 1219 1214 1214 1214
    1219 1219 1223 1223 1223 1227 1227 0 0 0 1232 1214 1214 1210 1210
    1214 1214 1214 1214 1214 1214 1214 1214 1214 1219 1219 1219 1219
    1219 1219 1219 1219 1223 1223 1223 1227 1227 0 0 0 0 1214 1214 1210
    1210 1214 1214 1214 1214 1214 1214 1214 1214 1214 1219 1219 1219
    1219 1219 1219 1219 1219 1223 1223 1223 1223 1223 0 0 0 0 1214 1210
    1210 1210 1214 1214 1214 1214 1214 1214 1214 1214 1214 1214 1214
    1214 1219 1219 1219 1219 1223 1223 1223 1223 1223 1223 0 0 0 0 1210
    1210 1210 1210 1210 1214 1214 1214 1214 1214 1214 1214 1214 1214
    1214 1214 1219 1219 1219 1223 1223 1223 1223 1223 1223 1223 0 0 0 0
    1210 1210 1210 1210 1210 1214 1214 1210 1210 1214 1214 1214 1214
    1214 1214 1214 1214 1219 1219 1223 1223 1223 1223 1219 1219 0 0 0 0
    0 1214 1210 1210 1210 1210 1214 1214 1210 1210 1214 1214 1214 1214
    1214 1214 1214 1214 1214 1219 1219 1223 1223 1223 1219 1219 0 0 0 0
    0 1214 1210 1210 1210 1210 1214 1214 1214 1214 1214 1214 1214 1214
    1214 1214 1214 1214 1214 1219 1219 1223 1223 1223 1223 1223 0 0 0 0
    0 1214 1214 1214 1210 1210 1214 1214 1214 1214 1214 1214 1214 1214
    1214 1214 1214 1214 1219 1219 1219 1223 1223 1223 1223 1223 0 0 0 0
    0 1214 1214 1214 1214 1214 1214 1214 1214 1214 1214 1214 1214 1214
    1214 1214 1214 1219 1219 1219 1219 1223 1223 1223 1223 1223 0 0 0 0
    0 1214 1214 1214 1210 1210 1214 1214 1214 1214 1214 1214 1214 1214
    1214 1214 1219 1219 1219 1219 1219 1219 1219 1219 1219 1219 0 0 0 0
    0 1214 1214 1210 1210 1210 1214 1214 1214 1214 1214 1214 1214 1214
    1214 1219 1219 1219 1219 1219 1219 1219 1219 1219 1219 1219 0 0 0 0
    0 1214 1214 1210 1210 1210 1210 1214 1214 1214 1214 1214 1214 1214
    1214 1214 1219 1219 1219 1219 1219 1219 1223 1223 1223 1223 0 0 0 0
    0 1214 1214 1210 1210 1210 1210 1214 1214 1214 1214 1214 1214 1214
    1214 1214 1219 1219 1219 1219 1219 1219 1223 1223 1227 1232 0 0 0 0
    0 1214 1210 1210 1214 1210 1210 1214 1214 1214 1214 1214 1214 1214
    1214 1214 1214 1219 1219 1219 1219 1219 1223 1227 1227 1232 0 0 0 0
    0 1214 1210 1210 1214 1214 1214 1214 1214 1214 1214 1214 1214 1214
    1214 1214 1214 1219 1219 1219 1219 1219 1223 1223 1227 0 0 0 0 0 0
    1214 1214 1210 1210 1210 1214 1214 1214 1214 1214 1214 1214 1214
    1214 1219 1219 1219 1219 1219 1219 1223 1223 1223 1227 0 0 0 0 0 0
    1214 1210 1210 1210 1210 1214 1214 1214 1214 1214 1214 1214 1214
    1214 1214 1214 1214 1219 1219 1219 1223 1223 1219 1219 0 0 0 0 0 0
    1210 1210 1210 1210 1210 1214 1214 1214 1214 1214 1214 1214 1214
    1214 1214 1214 1214 1219 1219 1219 1223 1223 1219 1214 1214 0 0 0 0
    1214 1210 1210 1210 1210 1210 1214 1214 1214 1214 1214 1214 1214
    1214 1214 1214 1219 1219 1219 1219 1219 1223 1223 1219 1214 1214 0 0
    0 0 1214 1210 1210 1210 1210 1210 1210 1210 1214 1214 1214 1214 1214
    1214 1214 1214 1214 1219 1219 1219 1219 1223 1223 1219 1214 1214 0 0
    0 0 1214 1210 1210 1210 1210 1210 1210 1210 1214 1214 1214 1214 1214
    1214 1214 1214 1214 1219 1219 1223 1223 1223 1223 1219 1219 0 0 0 0
    0 1214 1210 1210 1210 1210 1210 1210 1210 1210 1210 1214 1214 1214
    1214 1214 1214 1214 1219 1223 1223 1223 1223 1223 1219 1219 0 0 0 0
    0 1214 1210 1210 1210 1210 1210 1214 1210 1210 1210 1214 1214 1214
    1214 1214 1214 1219 1223 1223 1223 1223 1223 1223 1219 1219 0 0 0 0
    0 1214 1210 1210 1210 1210 1210 1210 1210 1210 1210 1214 1214 1214
    1214 1214 1214 1219 1223 1223 1223 1223 1223 1223 1223 1223 0 0 0 0
    0 1214 1214 1210 1210 1210 1210 1210 1214 1210 1210 1214 1214 1214
    1214 1214 1219 1219 1223 1223 1223 1223 1223 1223 1223 1223 1227 0 0
    0 0 1214 1214 1210 1210 1210 1210 1214 1214 1210 1210 1214 1214 1214
