<?xml version="1.0"?>
<opencv_storage>
<Depth13438 type_id="opencv-matrix">
  <rows>27</rows>
  <cols>19</cols>
  <dt>w</dt>
  <data>
    6753 6753 6753 6753 3653 3653 3653 3653 3653 3692 3692 3692 3692
    3692 3692 3692 3692 3732 6497 3732 3732 3692 3653 3653 3653 3653
    3653 3653 3653 3653 3692 3692 3692 3692 3732 3732 3732 6497 3732
    3692 3692 3653 3653 3653 3653 3653 3653 3653 3653 3653 3692 3692
    3732 3732 3732 3732 3816 3692 3692 3653 3653 3653 3653 3653 3653
    3653 3653 3653 3653 3692 3692 3692 3732 3732 3732 3774 3692 3692
    3653 3653 3653 3653 3653 3653 3692 3692 3692 3692 3692 3692 3692
    3692 3732 3732 3732 3692 3692 3692 3653 3653 3653 3653 3653 3653
    3653 3692 3692 3692 3692 3692 3692 3692 3692 3692 3692 3692 3692
    3653 3653 3653 3653 3653 3653 3653 3692 3692 3692 3692 3692 3692
    3692 3692 3692 3692 3692 3692 3653 3653 3653 3653 3653 3653 3653
    3692 3692 3692 3692 3692 3692 3692 3692 3692 3732 3692 3692 3653
    3653 3653 3653 3692 3692 3692 3692 3692 3692 3692 3692 3692 3692
    3692 3692 3732 3692 3653 3653 3653 3653 3653 3653 3653 3653 3692
    3692 3692 3692 3692 3692 3732 3732 3732 3732 3692 3653 3653 3653
    3653 3692 3653 3653 3653 3653 3653 3692 3692 3692 3692 3732 3732
    3732 3732 3692 3653 3653 3653 3692 3692 3653 3653 3653 3653 3653
    3692 3692 3692 3692 3732 3732 3732 3732 3692 3653 3653 3653 3653
    3692 3653 3653 3653 3653 3653 3692 3692 3692 3732 3732 3732 3732
    3692 3692 3653 3653 3653 3653 3692 3692 3692 3692 3692 3692 3692
    3692 3692 3692 3732 3732 3732 3692 3692 3653 3653 3653 3653 3692
    3692 3692 3692 3692 3692 3692 3692 3692 3692 3732 3732 3774 6889
    3732 3653 3653 3653 3653 3692 3692 3692 3692 3692 3692 3692 3692
    3692 3692 3732 3732 3732 6753 3732 3653 3653 3653 3653 3692 3692
    3692 3692 3692 3692 3692 3692 3692 3692 3732 3732 3732 3774 3732
    3653 3653 3653 3653 3653 3692 3692 3692 3692 3692 3692 3692 3732
    3732 3732 3732 3732 3774 3692 3653 3653 3653 3653 3653 3692 3692
    3692 3692 3692 3692 3732 3732 3732 3732 3732 3732 3774 3692 3653
    3653 3653 3653 3653 3653 3692 3692 3692 3692 3692 3692 3732 3774
    3732 3732 3732 3732 3692 3653 3653 3653 3653 3653 3653 3692 3692
    3692 3692 3692 3692 3732 3732 3732 3732 3732 3732 3692 3653 3653
    3653 3653 3653 3692 3692 3692 3692 3692 3692 3692 3692 3732 3732
    3732 3732 3732 3692 3653 3653 3653 3653 3653 3692 3692 3692 3692
    3692 3692 3692 3692 3732 3732 3732 3692 3732 3692 3653 3653 3653
    3653 3653 3692 3692 3692 3692 3692 3692 3692 3692 3692 3732 3732
    3692 3692 3692 3692 3653 3653 3653 3653 3692 3692 3692 3692 3692
    3692 3692 3692 3692 3732 3732 3692 3692 3692 3692 3653 3653 3692
    3692 3692 3692 3692 3692 3692 3692 3692 3692 6889 3732 3732 3732
    3692 3692 3732 3732 3732 3692 3692 3692 3732 3692 3692 3692 3692
    6889 7030 6889 6889 6889 6889</data></Depth13438>
</opencv_storage>
