<?xml version="1.0"?>
<opencv_storage>
<Depth7040 type_id="opencv-matrix">
  <rows>39</rows>
  <cols>49</cols>
  <dt>w</dt>
  <data>
    4774 4774 4774 4708 4708 4708 2065 2065 2065 2078 2078 2065 2065
    4645 4645 4645 4708 4645 4645 4645 4645 4645 4645 4645 4645 4582
    4582 4582 4582 4582 4522 4522 4463 4463 4463 4463 4463 4463 4463
    4463 4522 4522 4522 4463 4463 4463 4463 4463 4463 4774 4774 4774
    4842 4842 2065 2065 2065 2065 2078 2078 2065 2053 2040 2040 4645
    4708 4645 4645 4645 4645 4645 4645 4645 4645 4645 4645 4645 4645
    4645 4645 4582 4522 4522 4463 4463 4463 4463 4463 4463 4522 4522
    4463 4463 4463 4463 4463 4463 4463 4774 4774 4774 4774 2065 2065
    2065 2065 2065 2078 2078 2065 2053 2040 2040 2053 4708 4708 4708
    4708 4645 4645 4645 4645 4645 4645 4645 4645 4645 4645 4645 4582
    4522 4522 4522 4522 4522 4463 4463 4522 4463 4463 4463 4463 4463
    4522 4463 4463 4463 4842 4842 4842 2065 2065 2065 2065 2065 2065
    2065 2065 2065 2065 2053 2053 2053 2053 4708 2053 2053 2065 2065
    4645 4645 4645 4645 4645 4645 4645 4645 4582 4582 4522 4522 4522
    4522 4522 4522 4522 4522 4463 4463 4463 4463 4463 4522 4522 4463
    4463 4842 4842 2053 2065 2065 2065 2065 2065 2065 2065 2065 2053
    2053 2053 2053 2053 2053 2053 2053 2053 2065 2065 2065 4582 4582
    4582 4645 4645 4645 4645 4582 4582 4522 4522 4522 4582 4582 4582
    4522 4522 4463 4463 4463 4463 4463 4522 4522 4522 4522 4911 4911
    2053 2053 2065 2065 2065 2053 2053 2053 2053 2053 2053 2053 2040
    2040 2040 2053 2053 2053 2053 2053 2053 2053 4582 4582 4645 4645
    4645 4645 4582 4582 4522 4522 4522 4522 4522 4582 4522 4522 4463
    4463 4463 4463 4463 4522 4522 4522 4522 4983 2065 2053 2053 2053
    2053 2053 2053 2053 2040 2040 2040 2040 2040 2040 2040 2040 2040
    2040 2040 2040 2040 2040 2053 2040 2028 2028 2028 2028 2028 4582
    4582 4522 4522 4522 4522 4522 4522 4463 4463 4522 4522 4582 4522
    4522 4522 4522 4522 4522 4983 2053 2053 2053 2053 2053 2053 2053
    2040 2040 2040 2040 2040 2040 2040 2040 2040 2040 2040 2040 2040
    2040 2040 2040 2040 2028 2028 2028 2028 2028 2028 4645 4582 4522
    4522 4522 4463 4463 4463 4463 4582 4582 4582 4582 4522 4522 4522
    4522 4522 2065 2053 2053 2053 2040 2040 2040 2053 2040 2040 2040
    2040 2040 2040 2028 2028 2040 2040 2040 2040 2040 2040 2040 2040
    2040 2028 2028 2028 2028 2028 2016 2016 2028 4582 4582 4522 4463
    4463 4463 4463 4582 4582 4582 4582 4582 4295 4295 4295 4522 2065
    2053 2053 2053 2040 2040 2040 2053 2040 2040 2028 2028 2028 2028
    2028 2028 2040 2040 2040 2040 2028 2028 2028 2028 2028 2028 2028
    2028 2028 2028 2016 2016 2016 2028 2028 2028 2028 4522 4463 4463
    4463 1993 1993 1993 1981 4295 4295 4295 4463 2053 2053 2053 2053
    2040 2040 2040 2053 2053 2040 2028 2028 2028 2028 2028 2028 2028
    2040 2040 2028 2028 2028 2028 2028 2028 2028 2028 2028 2016 2016
    2016 2016 2016 2028 2028 2016 2016 2005 2005 2005 2005 1993 1981
    1981 1981 2028 4463 4463 4463 2053 2053 2053 2053 2040 2040 2040
    2040 2053 2040 2028 2028 2028 2028 2028 2028 2028 2028 2028 2028
    2028 2028 2028 2028 2028 2028 2028 2028 2016 2016 2016 2016 2016
    2028 2028 2016 2016 2005 2005 2005 2005 2005 1981 1981 2028 2028
    2028 4463 4463 2053 2053 2053 2053 2040 2040 2040 2040 2040 2040
    2028 2028 2028 2028 2028 2028 2028 2028 2028 2028 2028 2028 2028
    2028 2028 2028 2028 2028 2016 2016 2016 2016 2016 2016 2016 2016
    2016 2005 2005 2005 2005 2005 2016 2016 2016 2016 2028 4463 4463
    2065 2065 2065 2065 2065 2040 2040 2040 2040 2028 2028 2028 2028
    2028 2028 2028 2028 2028 2016 2016 2016 2016 2016 2016 2016 2016
    2016 2016 2016 2016 2016 2016 2016 2016 2016 2016 2016 2005 2005
    2005 2005 2005 2016 2016 2016 2016 2016 2016 4522 2103 2090 2078
    2078 2078 2065 2065 2065 2040 2028 2028 2028 2028 2028 2028 2016
    2016 2016 2016 2016 2016 2016 2016 2016 2016 2016 2016 2016 2016
    2016 2016 2016 2016 2016 2016 2005 2005 2005 2005 2005 2005 2005
    2016 2005 2005 2005 1993 1993 4522 2103 2103 2103 2090 2090 2078
    2065 2065 2053 2040 2040 2040 2040 2040 2028 2016 2016 2016 2016
    2016 2016 2016 2016 2005 2005 2005 2005 2005 2016 2005 2005 2005
    2005 2005 2005 2005 2005 2005 1993 1993 1993 2005 2005 2005 1993
    1993 1993 1993 1993 2103 2103 2103 2116 2103 2078 2078 2078 2078
    2065 2065 2065 2053 2040 2040 2028 2028 2028 2016 2016 2016 2016
    2016 2005 1993 1993 1993 2005 2005 2005 1993 1993 2005 2005 2005
    2005 2005 2005 1993 1993 1993 1993 2005 2005 1993 1993 1993 1993
    1993 2116 2116 2129 2129 2116 2078 2078 2078 2078 2078 2065 2065
    2065 2053 2053 2053 2053 2040 2028 2028 2016 2016 2016 2005 1993
    1993 1993 1993 2005 1993 1993 1993 1993 1993 1993 1993 1993 1993
    1993 1993 1993 1993 1993 1993 1993 1993 1993 1993 1993 2129 2129
    2129 2129 2116 2103 2103 2103 2090 2090 2078 2078 2065 2065 2065
    2065 2053 2053 2040 2040 2028 2028 2016 2016 1993 1993 1993 1993
    1993 1993 1993 1993 1993 1993 1993 1993 1993 1993 1981 1981 1981
    1981 1993 1993 1993 1993 1993 1993 2005 2143 2143 2143 2156 2156
    2143 2116 2116 2103 2090 2078 2078 2078 2065 2065 2065 2065 2065
    2065 2053 2053 2028 2028 2028 2016 2005 2005 2005 1993 1993 1993
    1993 1993 1993 1981 1981 1981 1981 1981 1981 1981 1981 1981 1981
    1981 1981 1981 1993 1993 5056 2170 2170 2170 2170 2156 2143 2129
    2116 2116 2090 2090 2078 2078 2078 2078 2078 2065 2065 2065 2065
    2040 2040 2028 2028 2016 2016 2016 2005 1993 1993 1993 1993 1993
    1981 1981 1981 1981 1981 1981 1970 1970 1981 1981 1981 1981 1981
    1993 1993 0 2184 2184 2170 2170 2156 2143 2143 2129 2129 2103 2103
    2103 2090 2090 2090 2090 2078 2078 2078 2065 2053 2040 2040 2028
    2028 2016 2016 2016 2005 2005 2005 1993 1993 1981 1981 1981 1981
    1970 1970 1970 1970 1981 1981 1981 1981 1981 1993 1993 2286 2241
    2241 2184 2184 2170 2170 2156 2156 2143 2129 2129 2116 2116 2116
    2116 2103 2090 2090 2078 2065 2065 2065 2053 2053 2040 2028 2028
    2028 2016 2016 2005 2005 1993 1981 1981 1981 1981 1970 1970 1970
    1970 1981 1981 1981 1981 1981 1993 0 2286 2256 2241 2198 2198 2184
    2184 2170 2170 2156 2143 2143 2129 2129 2129 2129 2116 2116 2103
    2090 2078 2065 2065 2065 2053 2053 2040 2040 2028 2028 2016 2016
    2016 2005 2005 1993 1981 1981 1981 1981 1970 1970 1981 1981 1981
    1981 1981 0 0 2271 2256 2241 2226 2212 2212 2198 2184 2170 2170 2156
    2156 2156 2156 2129 2129 2129 2129 2116 2116 2090 2090 2078 2078
    2065 2053 2053 2040 2040 2028 2028 2028 2016 2016 2016 2005 2005
    1981 1981 1981 1981 1981 1981 1981 1970 1970 1981 0 0 2241 2226 2226
    2241 2226 2226 2212 2184 2184 2170 2170 2170 2170 2170 2156 2143
    2129 2129 2129 2116 2116 2103 2090 2090 2078 2065 2065 2053 2053
    2053 2040 2040 2028 2028 2028 2016 2016 1993 1993 1993 1981 1981
    1981 1981 1970 1970 0 0 0 2212 2212 2212 2226 2226 2226 2226 2198
    2198 2184 2184 2184 2170 2170 2170 2156 2156 2143 2129 2116 2116
    2116 2116 2103 2090 2078 2078 2078 2065 2065 2065 2065 2053 2040
    2028 2028 2028 2016 2016 2005 2005 2005 1993 1981 1981 0 0 0 0 2212
    2212 2212 2212 2226 2226 2226 2226 2212 2198 2198 2184 2184 2184
    2184 2170 2170 2170 2143 2143 2143 2129 2116 2116 2103 2103 2103
    2090 2090 2090 2078 2078 2065 2053 2053 2040 2028 2016 2016 2016
    2016 2016 2028 2028 2028 0 0 0 0 5132 5132 2212 2212 2226 2241 2241
    2226 2226 2226 2212 2212 2184 2184 2184 2184 2170 2170 2170 2156
    2156 2156 2143 2143 2116 2116 2116 2103 2103 2103 2090 2078 2078
    2065 2065 2053 2053 2028 2028 2016 2016 2016 2040 2040 2040 2065 0 0
    0 5210 5132 5132 5132 5132 5210 5132 2226 2226 2226 2226 2212 2198
    2198 2198 2184 2184 2184 2170 2170 2170 2170 2156 2156 2129 2129
    2116 2116 2116 2116 2103 2090 2090 2078 2078 2065 2065 2040 2040
    2040 2040 2053 2053 2053 2065 2065 0 0 0 5210 5210 5210 5210 5210
    5210 5210 5210 5210 5210 5210 2226 2212 2212 2226 2212 2198 2198
