<?xml version="1.0"?>
<opencv_storage>
<Depth15018 type_id="opencv-matrix">
  <rows>43</rows>
  <cols>38</cols>
  <dt>w</dt>
  <data>
    4349 4295 4295 2579 2579 4295 4295 4349 4349 4349 4295 4241 4241
    4241 4241 4295 4349 2522 2503 2503 2503 2485 2485 2485 2485 2485
    2485 2503 4241 4241 4241 4295 4295 4295 4295 4295 4295 4295 4349
    4405 4349 4349 4295 4295 4295 4295 4349 4349 4241 4241 4241 2503
    2503 2503 2522 2522 2503 2503 2503 2503 2503 2485 2485 2485 2485
    2503 4241 4241 4241 4295 4295 4295 4295 4295 4295 4295 4349 4349
    4349 4349 4349 4295 4295 4295 4349 4349 4241 4241 4241 2503 2503
    2503 2522 2522 2503 2503 2503 2503 2503 2503 2485 2485 2503 2485
    2485 4241 4241 4295 4295 4295 4295 4295 4295 4295 4349 4349 4349
    4349 4349 4349 4295 4295 2560 2560 2560 2522 2503 2503 2503 2503
    2503 2503 2503 2503 2503 2503 2503 2503 2485 2485 2503 2485 2485
    4295 4295 4295 4295 4295 4295 4295 4295 4295 4349 4349 4349 4349
    4349 4349 2560 2560 2560 2522 2522 2503 2503 2503 2503 2503 2503
    2503 2503 2503 2503 2503 2503 2503 2503 2503 2485 2485 2485 4349
    4295 4295 4295 4295 4295 4295 4295 4295 4349 4349 4295 4295 2560
    2560 2541 2541 2541 2522 2522 2503 2503 2503 2503 2503 2503 2503
    2503 2503 2503 2503 2503 2503 2503 2503 2485 2485 2485 4349 4295
    4295 4295 4295 4295 4295 4295 4295 4349 2560 2541 2541 2541 2541
    2541 2541 2541 2522 2522 2503 2503 2522 2522 2522 2503 2503 2503
    2503 2503 2503 2503 2503 2503 2503 2503 2485 2485 2485 4295 4295
    4295 4295 4295 4295 4295 4295 2579 2560 2541 2541 2522 2522 2541
    2541 2541 2522 2522 2503 2503 2522 2522 2522 2503 2503 2503 2503
    2503 2503 2503 2503 2503 2503 2503 2485 2485 2485 4295 4295 4295
    4295 4295 4295 4295 4295 2560 2560 2541 2541 2522 2522 2522 2522
    2522 2522 2522 2522 2522 2522 2522 2522 2503 2503 2503 2503 2503
    2503 2503 2503 2503 2503 2503 2503 2485 2485 2503 4241 4295 4295
    4295 4295 4295 4295 2560 2560 2541 2541 2522 2522 2522 2522 2522
    2522 2522 2522 2522 2522 2522 2522 2522 2503 2503 2503 2503 2503
    2503 2503 2503 2503 2503 2503 2503 2503 2503 4241 4295 4295 4295
    4295 4295 4295 2560 2560 2541 2541 2522 2522 2522 2522 2522 2522
    2522 2522 2522 2522 2522 2522 2522 2522 2503 2503 2503 2503 2503
    2503 2503 2503 2503 2503 2503 2503 2503 2503 4295 4295 4295 4295
    4295 4295 2560 2560 2560 2541 2541 2522 2522 2522 2522 2522 2522
    2522 2522 2522 2522 2522 2522 2522 2522 2503 2503 2503 2503 2503
    2503 2503 2503 2503 2503 2503 2503 2503 4295 4295 4295 4295 4295
    4295 2541 2541 2560 2541 2541 2522 2522 2522 2522 2522 2522 2522
    2522 2522 2522 2522 2522 2503 2503 2503 2503 2503 2503 2503 2503
    2503 2503 2503 2503 2503 2503 2503 4295 4295 4295 4295 4295 4295
    2541 2541 2560 2560 2541 2541 2522 2522 2522 2541 2541 2522 2522
    2522 2503 2503 2522 2503 2503 2503 2503 2503 2503 2503 2503 2503
    2503 2503 2503 2503 2503 2503 2503 4295 4295 4295 4295 4295 2560
    2560 2560 2560 2541 2541 2541 2541 2541 2541 2541 2522 2522 2522
    2503 2503 2522 2503 2503 2503 2503 2503 2503 2503 2503 2503 2503
    2503 2503 2503 2503 2503 2503 4349 4349 4295 4295 4295 2560 2560
    2560 2560 2541 2541 2541 2541 2541 2541 2541 2522 2522 2522 2522
    2522 2503 2503 2522 2503 2503 2503 2503 2503 2503 2503 2503 2503
    2503 2503 2503 2503 2503 2503 4295 4295 4295 4295 2579 2560 2560
    2560 2541 2541 2541 2541 2541 2541 2522 2522 2522 2522 2503 2503
    2503 2503 2503 2503 2503 2503 2503 2503 2503 2503 2503 2503 2503
    2503 2503 2503 2503 2503 4295 4295 4295 4295 4295 2560 2560 2560
    2541 2541 2541 2541 2541 2541 2522 2522 2522 2522 2503 2503 2503
    2503 2503 2503 2503 2522 2503 2503 2503 2503 2503 2503 2503 2503
    2503 2503 2503 2522 4295 4295 4295 4295 4349 2579 2560 2560 2541
    2541 2541 2541 2541 2541 2522 2522 2522 2522 2522 2522 2503 2503
    2503 2503 2503 2503 2503 2503 2503 2503 2503 2503 2503 2503 2503
    2503 2522 2522 4295 4295 4295 4295 4349 4295 2560 2560 2560 2560
    2541 2541 2541 2541 2522 2522 2522 2522 2522 2522 2522 2503 2503
    2503 2503 2503 2503 2503 2503 2503 2503 2503 2503 2503 2503 2503
    2522 2522 4295 4295 4295 4295 4349 4295 2560 2560 2560 2541 2541
    2541 2541 2541 2522 2522 2522 2522 2522 2522 2522 2503 2503 2503
    2503 2503 2503 2503 2503 2503 2503 2503 2503 2503 2503 2503 2503
    2503 4295 4295 4295 4295 4349 4295 2560 2560 2541 2541 2541 2541
    2541 2541 2541 2541 2522 2522 2541 2522 2522 2522 2503 2503 2503
    2522 2503 2503 2503 2503 2503 2503 2503 2503 2503 2503 2503 2503
    2503 4295 4295 4295 4349 4349 4349 2560 2541 2541 2541 2541 2541
    2541 2541 2541 2522 2522 2522 2522 2522 2522 2503 2503 2503 2522
    2503 2503 2503 2503 2503 2503 2503 2503 2503 2503 2503 2503 2503
    4295 4295 4295 4349 4349 4349 2560 2541 2541 2541 2541 2541 2541
    2541 2541 2541 2541 2522 2503 2503 2522 2503 2503 2503 2503 2503
    2503 2503 2503 2503 2503 2503 2503 2503 2503 2503 2503 2503 4295
    4295 4295 4349 4349 4295 2560 2541 2541 2541 2541 2541 2541 2541
    2541 2522 2522 2503 2503 2503 2522 2522 2503 2503 2503 2503 2503
    2503 2503 2503 2503 2503 2503 2503 2503 2503 2503 2485 2485 4295
    4295 4349 4349 4295 2560 2541 2541 2541 2541 2541 2541 2541 2541
    2522 2522 2503 2503 2503 2503 2503 2503 2503 2503 2503 2503 2503
    2503 2503 2503 2503 2503 2503 2522 2503 2503 2485 2485 4295 4295
    4349 4295 4295 4295 2541 2541 2541 2541 2541 2541 2541 2541 2522
    2522 2522 2503 2503 2503 2503 2503 2503 2522 2503 2503 2503 2503
    2503 2503 2503 2503 2503 2522 2503 2503 2503 2503 2503 4295 4349
    4295 4295 4295 2541 2541 2541 2541 2541 2541 2541 2522 2522 2522
    2522 2522 2503 2503 2503 2503 2503 2522 2503 2503 2503 2503 2503
    2503 2503 2522 2522 2522 2522 2522 2503 2503 2485 2485 4349 4349
    4295 4295 2560 2541 2541 2541 2541 2522 2522 2522 2522 2522 2522
    2522 2503 2503 2503 2503 2503 2503 2503 2503 2503 2503 2503 2503
    2503 2522 2522 2522 2522 2522 2503 2503 2485 2485 4349 4349 4295
    4295 4295 2541 2541 2541 2541 2522 2522 2522 2522 2522 2522 2522
    2522 2522 2522 2503 2503 2503 2503 2503 2503 2503 2503 2503 2503
    2522 2522 2522 2522 2522 2503 2503 2503 2503 4349 4349 4349 4295
    4295 2541 2541 2541 2541 2522 2522 2522 2522 2522 2522 2522 2522
    2522 2522 2503 2503 2522 2503 2503 2503 2503 2503 2503 2503 2522
    2522 2522 2522 2522 2522 2503 2503 2503 4349 4349 4349 4349 4295
    4295 2541 2541 2541 2541 2522 2522 2522 2522 2522 2522 2522 2522
    2522 2522 2522 2503 2503 2503 2503 2503 2503 2503 2503 2522 2522
    2522 2522 2522 2522 2503 2503 2503 4349 4349 4349 4349 4349 4349
    2560 2541 2541 2541 2522 2522 2522 2522 2522 2522 2522 2522 2522
    2522 2522 2503 2503 2503 2503 2503 2503 2503 2503 2522 2522 2522
    2522 2522 2522 2522 2503 2503 4349 4349 4405 4349 4349 4349 4349
    2541 2541 2541 2541 2541 2522 2522 2522 2522 2522 2522 2522 2522
    2522 2503 2503 2503 2503 2503 2503 2503 2503 2522 2522 2522 2522
    2522 2522 2522 2503 2503 4349 4349 4349 4349 4349 4349 4349 2560
    2560 2560 2541 2541 2541 2522 2522 2522 2522 2522 2522 2522 2522
    2522 2503 2503 2503 2503 2503 2503 2503 2522 2522 2522 2522 2522
    2522 2522 2522 2503 4349 4349 4349 4349 4349 4349 4349 2560 2560
    2560 2560 2560 2541 2522 2522 2522 2522 2522 2522 2522 2522 2541
    2522 2522 2522 2503 2503 2503 2503 2522 2522 2522 2522 2522 2503
    2503 2522 2503 4349 4295 4295 4349 4349 4349 4349 2560 2560 2560
    2560 2560 2541 2522 2522 2522 2522 2522 2522 2522 2522 2541 2541
    2522 2503 2503 2503 2503 2503 2522 2522 2522 2522 2522 2503 2503
    4241 4241 4349 4295 4295 4349 4349 4349 4349 4295 2560 2560 2560
    2541 2541 2522 2522 2522 2522 2522 2541 2541 2541 2541 2522 2522
    2503 2503 2503 2503 2503 2522 2522 2522 2522 2522 2522 4295 4241
    4241 4349 4349 4349 4349 4349 4349 4349 4295 2560 2560 2560 2541
    2541 2522 2522 2522 2522 2522 2541 2541 2541 2541 2522 2522 2522
    2522 2522 2522 2522 2541 4241 4295 4295 4241 4241 4295 4295 4295
