<?xml version="1.0"?>
<opencv_storage>
<Depth16953 type_id="opencv-matrix">
  <rows>141</rows>
  <cols>94</cols>
  <dt>w</dt>
  <data>
    3692 0 0 1970 1970 1959 1959 1959 1959 1970 674 674 674 674 674 674
    674 3503 3503 671 0 0 0 0 0 0 0 0 0 0 1794 1794 1794 0 1794 0 676
    676 0 0 0 0 0 0 0 682 0 684 686 0 0 0 0 690 690 703 703 706 706 706
    706 706 706 706 706 700 700 700 700 716 716 714 714 714 714 716 716
    716 716 0 0 0 713 713 713 0 710 713 713 713 719 719 2812 2812 0 0 0
    1970 1970 1959 1959 1959 1970 674 674 674 672 672 674 674 674 675
    671 671 0 0 0 0 0 0 0 0 0 0 0 0 0 0 0 0 0 0 0 0 0 0 676 0 0 0 0 0 0
    0 688 688 688 690 690 703 703 703 703 703 704 704 706 706 706 700
    700 700 700 710 710 714 714 714 714 714 714 710 707 707 706 706 710
    710 710 710 710 710 713 713 714 716 716 716 0 0 0 0 1970 1959 1959
    1959 675 674 674 674 672 672 674 674 674 675 671 671 671 0 0 0 0 0 0
    0 0 0 0 0 0 0 0 0 0 0 0 676 676 676 676 682 682 682 0 684 686 686
    688 688 688 690 690 690 700 700 701 701 698 696 694 694 694 696 696
    697 698 698 698 698 700 700 700 700 701 706 706 706 706 706 707 707
    708 710 710 710 713 713 713 713 713 713 0 0 0 0 0 0 0 675 674 674
    674 674 672 672 672 674 674 675 675 675 0 0 0 0 0 0 0 0 0 0 0 0 0 0
    0 0 0 676 0 676 676 676 678 682 682 682 682 684 686 686 687 687 687
    688 688 688 688 691 696 694 694 694 694 693 693 694 694 696 697 698
    698 698 698 700 700 700 701 703 704 704 706 706 706 707 708 708 710
    710 713 713 713 713 713 713 0 0 0 0 0 0 0 675 674 674 675 674 671
    671 671 672 674 674 666 0 0 0 0 0 0 0 0 0 670 670 671 0 676 676 676
    676 676 676 676 678 678 678 678 680 680 682 682 683 684 686 687 687
    687 688 688 688 688 690 691 691 693 693 693 693 693 694 694 696 697
    698 698 698 698 700 700 701 701 703 704 704 706 706 706 707 708 708
    710 710 713 713 713 713 713 714 0 0 0 0 0 0 0 0 0 676 675 674 671
    667 666 666 666 664 666 666 666 666 668 671 671 670 670 670 670 670
    671 672 672 675 676 676 676 676 676 678 678 679 680 680 680 682 683
    683 684 686 687 687 687 687 688 688 688 690 690 691 691 693 693 693
    693 694 694 696 697 698 698 698 700 700 701 701 703 703 704 706 706
    707 707 707 708 708 710 711 713 713 714 713 713 714 0 0 0 0 0 0 0 0
    661 661 661 661 661 664 664 664 664 664 664 664 664 666 667 668 670
    670 670 670 670 670 671 672 672 675 676 676 676 676 678 678 679 680
    680 680 682 682 683 683 683 686 686 687 687 687 688 688 688 690 690
    691 691 693 693 694 694 694 694 696 697 698 700 700 701 703 703 704
    704 704 704 706 706 707 707 707 708 710 711 713 713 714 714 714 714
    714 0 0 0 0 0 0 0 0 661 661 661 661 661 662 662 663 664 664 664 664
    664 666 667 668 670 670 670 670 671 671 671 672 674 675 676 678 678
    678 678 678 679 680 680 680 682 682 683 683 683 686 686 687 688 688
    688 690 690 690 691 693 693 694 694 694 694 694 696 697 698 700 700
    701 703 704 704 704 704 704 706 706 707 707 708 708 710 711 711 713
    714 714 716 717 716 716 0 0 0 0 0 0 0 661 661 661 661 661 661 662
    662 663 664 664 664 666 666 666 667 668 670 670 670 670 671 671 671
    672 674 675 676 678 678 678 678 678 679 680 680 680 682 682 683 683
    684 686 687 687 688 688 688 690 691 691 691 691 693 694 696 696 696
    696 696 697 698 700 701 703 703 704 704 706 706 706 706 707 708 708
    710 710 710 711 711 713 713 716 717 717 717 717 0 0 0 0 0 0 659 659
    661 661 661 661 661 662 662 663 664 664 666 666 666 667 667 668 670
    670 670 671 671 672 672 672 674 675 676 678 678 679 679 679 680 680
    682 682 683 683 683 684 686 687 687 688 688 688 690 691 691 691 691
    691 693 696 696 697 697 697 697 698 700 701 703 703 704 706 706 706
    706 706 706 707 708 708 710 710 711 711 711 713 713 716 717 719 717
    717 0 0 0 0 0 0 659 659 661 661 661 662 662 662 662 664 664 664 666
    666 667 667 668 670 670 670 671 671 672 672 674 674 675 675 676 678
    678 679 682 682 682 682 682 682 683 684 684 684 686 687 688 688 688
    690 690 691 691 693 693 693 694 694 696 698 698 698 698 700 701 701
    703 703 704 706 706 706 706 707 707 708 710 710 711 711 711 713 713
    713 713 714 717 719 719 719 0 0 0 0 0 0 662 661 661 661 661 662 663
    664 664 664 664 666 666 667 667 668 668 670 670 671 671 672 672 672
    675 675 675 675 678 678 679 680 682 682 682 682 682 683 684 686 686
    687 687 688 688 688 690 690 691 691 691 693 693 693 694 694 696 698
    698 698 698 700 703 703 703 703 704 706 706 706 707 707 707 708 710
    710 711 711 713 713 713 713 713 714 719 720 719 719 0 0 0 0 0 0 662
    661 661 661 662 662 663 664 664 664 664 666 667 668 670 670 670 670
    671 671 671 672 672 674 675 675 676 676 678 678 679 680 682 682 682
    683 683 683 684 686 686 687 687 688 688 688 690 691 693 693 693 693
    694 694 696 696 697 698 698 698 700 701 701 703 703 704 704 706 706
    706 707 707 707 710 710 710 711 711 713 713 713 713 714 716 719 722
    722 722 0 0 0 0 0 0 663 662 662 662 662 662 663 664 664 664 664 666
    667 668 670 670 670 670 671 671 672 674 674 675 676 676 676 676 679
    679 680 682 682 682 683 683 683 683 686 686 687 687 688 688 688 688
    690 691 693 693 693 693 694 694 697 697 697 698 698 700 700 701 701
    703 703 704 704 706 706 706 707 708 708 710 711 711 711 711 713 713
    714 714 714 717 720 722 722 722 0 0 0 0 0 0 664 662 662 662 662 663
    664 664 664 664 664 666 667 670 670 670 670 671 672 672 674 675 675
    676 676 676 676 678 680 680 682 682 682 682 683 683 684 684 687 687
    687 687 688 688 688 690 691 693 693 693 693 694 694 696 697 697 697
    698 700 700 701 701 703 704 704 704 706 706 706 706 707 708 710 711
    711 711 711 713 713 714 716 716 716 717 720 722 722 722 0 0 0 0 0 0
    666 664 664 663 663 663 664 664 666 666 666 667 668 670 670 671 671
    672 674 674 675 675 675 676 676 676 676 678 680 682 682 682 682 683
    683 683 684 686 687 687 687 687 688 688 688 690 691 693 693 693 693
    694 694 696 697 698 698 698 700 701 701 703 703 704 704 704 706 706
    706 707 707 708 710 711 711 713 713 713 713 714 716 716 719 719 720
    722 722 722 0 0 0 0 0 0 666 666 664 664 664 664 664 666 666 666 666
    668 670 670 670 671 671 672 674 674 675 675 675 676 676 676 678 678
    680 682 682 682 683 683 683 683 684 687 687 688 688 688 688 688 688
    690 691 693 693 694 694 694 696 697 697 697 698 698 700 701 703 703
    703 704 704 704 706 707 707 708 708 710 711 711 713 713 713 713 714
    714 716 716 719 719 720 720 720 722 0 0 0 0 0 0 671 667 666 664 664
    664 666 666 666 666 668 670 670 671 671 671 672 674 675 675 675 675
    676 676 676 676 678 678 680 682 682 683 683 683 684 684 686 687 688
    688 688 688 688 688 691 693 693 693 693 694 694 696 696 697 697 697
    698 700 701 703 703 704 704 704 704 706 707 707 708 708 708 710 711
    711 711 713 713 714 714 716 717 717 719 719 720 720 720 722 0 0 0 0
    0 0 0 667 666 664 664 664 666 666 667 668 670 670 670 671 671 671
    672 674 675 675 675 675 676 676 676 678 678 679 682 682 682 683 683
    683 686 686 687 687 688 688 688 688 690 690 693 693 693 693 693 694
    696 697 697 697 697 698 698 700 701 703 703 704 704 706 706 706 707
    708 710 710 710 710 711 711 711 713 713 714 716 716 717 717 720 720
    722 722 722 722 0 0 0 0 0 0 0 666 666 666 666 666 666 666 667 668
    670 670 671 671 671 671 674 675 675 675 676 676 676 678 678 678 679
    680 682 683 683 683 684 684 686 686 687 687 688 688 690 690 691 691
    693 693 693 694 694 696 696 697 697 698 698 698 700 700 701 703 704
    704 706 706 706 707 707 708 710 710 710 710 711 711 713 713 714 716
    716 717 717 717 722 722 723 723 723 723 0 0 0 0 0 0 0 666 666 666
    666 666 666 667 668 670 670 671 671 671 671 672 675 675 675 676 676
    676 678 679 679 679 680 680 683 683 683 684 684 684 686 686 687 687
    688 690 690 691 691 693 693 693 693 694 694 696 696 697 697 698 698
    700 700 701 703 704 704 704 706 706 707 708 708 710 710 710 710 710
