<?xml version="1.0"?>
<opencv_storage>
<Depth11177 type_id="opencv-matrix">
  <rows>106</rows>
  <cols>60</cols>
  <dt>w</dt>
  <data>
    1105 1101 1101 1097 1097 1094 1094 1090 1090 1090 1090 3399 3399
    3365 3365 3333 3333 3333 3300 1094 1094 1094 1094 1090 1090 1090
    1090 1094 1094 1094 1094 1090 1090 1090 1090 1090 1094 1094 1094
    1094 1097 1097 1101 1105 1108 1108 1108 1108 1108 1112 1108 1108
    1108 1101 1101 1101 1101 3092 3092 3178 1097 1097 1097 1094 1090
    1090 1090 1090 1090 1090 1090 1090 1090 1087 1087 1090 1094 1090
    1090 1090 1090 1090 1090 1090 1090 1090 1090 1090 1094 1094 1094
    1090 1090 1090 1090 1090 1090 1094 1094 1094 1097 1097 1097 1097
    1097 1097 1101 1105 1108 1108 1108 1105 1105 1101 1101 1101 1101
    1101 3178 3178 1090 1094 1090 1090 1090 1090 1090 1090 1090 1090
    1090 1090 1090 1087 1087 1090 1090 1090 1090 1090 1087 1087 1090
    1090 1090 1090 1090 1090 1090 1094 1094 1094 1090 1090 1090 1090
    1090 1094 1094 1094 1094 1094 1097 1097 1097 1097 1097 1101 1101
    1105 1105 1101 1101 1101 1097 1097 1097 0 3178 3178 1087 1090 1090
    1090 1087 1087 1087 1087 1090 1090 1090 1087 1087 1090 1090 1090
    1090 1090 1090 1090 1087 1087 1090 1090 1090 1090 1090 1090 1090
    1090 1094 1094 1090 1090 1090 1090 1090 1094 1094 1094 1094 1094
    1094 1097 1097 1097 1097 1101 1101 1101 1101 1101 1101 1101 1097
    1097 1097 1097 3178 3178 1080 1084 1087 1084 1084 1084 1084 1084
    1087 1087 1087 1087 1087 1090 1087 1087 1090 1090 1090 1090 1087
    1087 1087 1087 1090 1090 1090 1090 1090 1090 1094 1094 1094 1090
    1090 1090 1090 1094 1094 1094 1094 1094 1094 1097 1097 1097 1101
    1101 1101 1097 1097 1097 1097 1097 1097 1097 1097 1097 3178 3178
    1080 1084 1084 1084 1084 1084 1084 1084 1087 1087 1087 1087 1087
    1090 1087 1087 1090 1090 1090 1090 1090 1090 1087 1087 1090 1090
    1090 1090 1090 1090 1090 1090 1094 1090 1090 1094 1094 1094 1094
    1094 1094 1094 1094 1097 1097 1097 1101 1101 1101 1097 1097 1097
    1097 1097 1097 1097 1097 1097 1097 3178 1080 1084 1084 1087 1084
    1084 1084 1084 1087 1087 1087 1087 1087 1087 1087 1087 1087 1087
    1090 1090 1090 1090 1087 1087 1090 1090 1090 1090 1090 1090 1090
    1090 1094 1090 1090 1094 1094 1094 1094 1094 1094 1094 1094 1097
    1097 1097 1101 1105 1101 1101 1097 1097 1101 1101 1101 1097 1097
    1097 0 3178 1080 1087 1087 1087 1087 1087 1087 1087 1087 1087 1087
    1087 1087 1087 1087 1087 1087 1087 1090 1090 1090 1090 1090 1090
    1090 1090 1090 1090 1090 1090 1090 1090 1094 1094 1094 1094 1094
    1094 1094 1094 1094 1094 1097 1097 1097 1097 1101 1105 1105 1101
    1101 1101 1101 1101 1101 1101 1101 1101 3178 3178 1080 1087 1087
    1087 1090 1087 1087 1087 1087 1087 1087 1087 1087 1087 1087 1087
    1087 1087 1090 1090 1090 1090 1090 1090 1090 1090 1090 1090 1090
    1090 1090 1090 1094 1094 1094 1094 1094 1094 1094 1094 1094 1094
    1097 1097 1097 1097 1101 1105 1105 1101 1101 1101 1101 1101 1101
    1101 1101 1101 3178 3178 1084 1087 1087 1087 1090 1090 1090 1090
    1087 1087 1087 1087 1087 1087 1087 1087 1087 1087 1090 1090 1090
    1090 1090 1090 1087 1087 1090 1090 1090 1090 1090 1090 1094 1094
    1094 1094 1094 1094 1094 1094 1094 1094 1097 1097 1097 1097 1101
    1101 1105 1101 1101 1101 1101 1101 1101 1101 1101 0 3238 3238 1077
    1080 1084 1087 1090 1087 1087 1087 1087 1087 1087 1087 1087 1087
    1087 1087 1087 1087 1090 1090 1090 1090 1090 1090 1087 1087 1087
    1090 1090 1090 1090 1090 1090 1090 1094 1094 1094 1094 1094 1094
    1094 1094 1097 1097 1097 1097 1101 1101 1101 1101 1101 1101 1101
    1101 1105 1105 1105 0 3238 3238 1077 1080 1084 1087 1087 1087 1087
    1087 1087 1087 1087 1087 1087 1087 1087 1087 1087 1087 1090 1087
    1087 1090 1090 1090 1090 1087 1087 1090 1090 1090 1090 1090 1090
    1090 1090 1094 1094 1094 1094 1094 1094 1097 1097 1097 1097 1097
    1101 1101 1101 1101 1101 1101 1101 1101 1105 1105 1115 1115 3238
    3238 1073 1080 1084 1087 1087 1087 1087 1087 1087 1087 1087 1087
    1087 1087 1087 1087 1087 1087 1090 1087 1087 1087 1090 1090 1090
    1090 1090 1090 1090 1090 1090 1090 1090 1090 1090 1094 1094 1094
    1094 1094 1094 1097 1094 1094 1094 1097 1101 1101 1101 1101 1101
    1101 1101 1105 1105 1108 1112 1112 1112 3178 1073 1080 1084 1087
    1087 1087 1087 1084 1084 1087 1087 1087 1087 1087 1087 1087 1087
    1087 1090 1087 1087 1087 1090 1090 1090 1090 1090 1090 1090 1090
    1090 1090 1090 1090 1090 1094 1094 1094 1094 1094 1094 1094 1094
    1094 1094 1097 1101 1101 1101 1101 1101 1101 1101 1105 1105 1108
    1112 1112 0 3178 1077 1084 1087 1087 1087 1084 1084 1084 1084 1087
    1087 1087 1087 1087 1087 1087 1087 1087 1090 1087 1087 1090 1090
    1090 1090 1090 1090 1090 1090 1090 1090 1090 1090 1090 1090 1090
    1094 1094 1094 1094 1094 1094 1094 1094 1094 1097 1101 1101 1101
    1101 1101 1101 1105 1105 1105 1108 1112 1112 0 3178 1077 1084 1084
    1084 1084 1084 1084 1084 1084 1087 1087 1087 1087 1087 1087 1087
    1090 1090 1090 1087 1087 1090 1090 1090 1090 1094 1094 1094 1094
    1094 1094 1090 1090 1090 1090 1090 1094 1094 1094 1094 1094 1094
    1094 1094 1094 1097 1105 1101 1101 1101 1101 1101 1105 1108 1108
    1108 1108 1108 0 3208 1080 1084 1084 1084 1084 1084 1084 1084 1084
    1087 1087 1087 1087 1087 1087 1090 1087 1087 1087 1087 1087 1090
    1090 1090 1090 1094 1094 1094 1094 1094 1094 1090 1090 1090 1090
    1090 1094 1097 1097 1094 1094 1094 1094 1094 1094 1097 1101 1101
    1101 1101 1101 1101 1105 1108 1108 1108 1108 1108 1112 3238 1077
    1084 1084 1084 1087 1084 1084 1087 1087 1087 1087 1087 1087 1087
    1087 1087 1087 1087 1087 1087 1087 1090 1090 1090 1090 1090 1094
    1090 1090 1090 1094 1090 1090 1090 1090 1094 1094 1097 1094 1094
    1094 1094 1094 1094 1097 1097 1101 1101 1101 1101 1105 1105 1108
    1108 1108 1108 1112 1112 1112 3238 1077 1084 1084 1084 1087 1087
    1087 1087 1087 1087 1087 1087 1087 1087 1087 1087 1087 1087 1087
    1087 1087 1090 1090 1090 1090 1090 1090 1090 1090 1090 1094 1094
    1094 1090 1090 1094 1094 1094 1094 1094 1094 1094 1094 1094 1094
    1094 1097 1101 1101 1105 1101 1101 1105 1105 1105 1108 1112 1112
    1112 1112 1077 1080 1084 1084 1087 1087 1087 1087 1087 1087 1090
    1090 1090 1087 1087 1090 1087 1087 1087 1087 1087 1087 1090 1090
    1090 1090 1090 1090 1090 1090 1090 1090 1094 1090 1090 1094 1094
    1094 1094 1094 1094 1094 1094 1094 1094 1094 1097 1101 1101 1105
    1101 1101 1105 1105 1105 1108 1108 1108 1108 0 1080 1080 1084 1084
    1087 1087 1087 1087 1087 1087 1090 1090 1090 1090 1090 1090 1090
    1090 1087 1087 1087 1087 1090 1090 1090 1090 1090 1090 1090 1090
    1090 1090 1094 1094 1094 1094 1094 1094 1094 1094 1094 1094 1094
    1094 1094 1094 1097 1101 1101 1105 1105 1105 1105 1105 1105 1108
    1108 1108 1108 0 1084 1084 1084 1084 1084 1087 1087 1087 1087 1087
    1087 1090 1090 1090 1090 1090 1090 1090 1087 1087 1087 1087 1087
    1090 1090 1090 1090 1090 1090 1090 1090 1090 1094 1094 1094 1094
    1094 1094 1094 1094 1094 1094 1094 1097 1094 1094 1097 1101 1101
    1101 1105 1105 1105 1105 1105 1108 1108 1108 1108 0 1087 1084 1084
    1084 1084 1084 1084 1084 1084 1087 1087 1090 1090 1090 1090 1090
    1090 1090 1087 1087 1087 1087 1087 1090 1090 1090 1090 1090 1090
    1090 1090 1090 1094 1094 1094 1094 1094 1094 1094 1094 1094 1094
    1094 1097 1097 1097 1101 1101 1101 1101 1105 1105 1105 1105 1105
    1105 1105 1108 0 0 1084 1084 1084 1084 1084 1084 1084 1084 1084 1084
    1087 1090 1090 1090 1087 1087 1090 1090 1087 1087 1087 1090 1090
    1090 1090 1090 1090 1090 1090 1090 1090 1090 1094 1094 1094 1094
    1094 1094 1094 1094 1094 1094 1094 1097 1097 1101 1105 1101 1101
    1101 1105 1105 1105 1105 1105 1101 1101 1101 0 0 1080 1084 1084 1084
    1084 1087 1084 1084 1084 1084 1087 1087 1087 1090 1087 1087 1090
    1090 1090 1090 1090 1090 1090 1090 1090 1090 1094 1090 1090 1090
    1094 1094 1094 1094 1094 1094 1094 1094 1094 1094 1094 1094 1094
