<?xml version="1.0"?>
<opencv_storage>
<Depth18093 type_id="opencv-matrix">
  <rows>135</rows>
  <cols>87</cols>
  <dt>w</dt>
  <data>
    4522 4522 4522 4522 4522 4522 4522 4522 4582 4645 4645 4645 4582
    4582 4582 4582 4645 4645 4645 4645 4645 4645 4645 4645 4645 4645
    4645 4582 4582 4522 4522 4582 4522 4522 4522 4522 4522 4463 4463
    4349 4349 4349 4349 948 943 940 938 938 938 4139 4139 4190 4190 4190
    4139 4089 4041 4041 4041 4041 3994 3948 3948 3948 3948 3903 3903
    3859 3859 3859 3816 3816 3816 3816 3816 3774 3732 3732 3732 3732
    3732 3732 3653 3653 3653 3653 3653 4522 4522 4522 4522 4522 4522
    4522 4522 4582 4645 4645 4645 4582 4582 4582 4582 4582 4582 4582
    4645 4645 4645 4645 4645 4645 4645 4645 4582 4582 4522 4522 4522
    4522 4522 4522 4522 4522 4463 4463 4349 4349 4349 954 948 943 940
    938 935 935 938 938 935 4139 4139 4139 4089 4089 4089 4041 4041 4041
    3994 3994 3948 3948 3903 3903 3859 3859 3859 3859 3816 3816 3816
    3816 3816 3774 3774 3774 3732 3732 3692 3692 3653 3653 3653 3653
    4463 4463 4522 4522 4522 4522 4522 4582 4582 4645 4645 4645 4582
    4582 4582 4582 4582 4582 4582 4645 4645 4645 4645 4645 4645 4645
    4582 4582 4582 4522 4522 4522 4582 4522 4522 4522 4522 4463 4463
    4349 4349 954 954 951 948 943 938 935 935 935 935 935 0 4139 4139
    4139 4089 4089 4089 4089 4041 3994 3994 3948 3948 3903 3903 3859
    3859 3859 3859 3816 3816 3816 3816 3816 3774 3774 3774 3732 3692
    3653 3653 3653 3653 3653 3653 4463 4463 4522 4522 4522 4522 4522
    4582 4645 4645 4645 4645 4582 4582 4582 4582 4645 4582 4582 4645
    4645 4645 4645 4645 4582 4582 4582 4582 4582 4522 4522 4522 4582
    4582 4582 4582 4522 4522 4522 4405 4349 951 951 951 948 946 940 938
    933 930 930 930 928 0 4089 0 4089 4089 4089 4089 4089 4041 4041 3948
    3948 3903 3903 3903 3859 3859 3859 3816 3816 3816 3816 3816 3816
    3774 3774 3732 3692 3653 3653 3653 3653 3653 3614 4463 4463 4522
    4522 4522 4522 4522 4582 4645 4645 4645 4645 4645 4645 4582 4582
    4582 4582 4582 4645 4645 4645 4645 4645 4582 4582 4582 4582 4645
    4522 4522 4522 4582 4582 4645 4645 4582 4522 4522 4463 4405 951 951
    954 951 948 943 935 930 925 925 928 928 0 0 4089 4089 4089 4089 4089
    4089 4089 4041 3994 3948 3903 3903 3903 3859 3859 3816 3816 3816
    3816 3816 3816 3816 3774 3774 3732 3732 3692 3692 3653 3653 3653
    3614 4463 4463 4522 4522 4522 4522 4522 4582 4582 4645 4645 4645
    4582 4582 4582 4582 4582 4582 4582 4645 4645 4645 4645 981 978 975
    975 4645 4708 4708 0 4708 4708 887 0 887 887 887 896 898 903 903 906
    951 951 948 943 935 928 923 923 925 925 0 0 0 0 4089 4089 4041 4041
    4041 4041 4041 3948 3903 3903 3903 3859 3859 3816 3774 3774 3816
    3816 3816 3816 3774 3774 3732 3732 3692 3692 3653 3653 3653 3614
    4463 4463 4522 4522 4522 4522 4522 4582 4582 4582 4645 4645 4582
    4582 4582 4582 4645 4582 4582 4645 4645 4645 981 981 978 975 975 975
    4645 4645 0 0 0 0 0 882 882 882 882 891 898 901 901 875 875 948 946
    935 923 923 923 925 925 0 0 0 0 0 4089 4041 4041 4041 4041 3994 3948
    3948 3903 3903 3859 3816 3816 3774 3774 3816 3859 3816 3816 3774
    3774 3732 3732 3732 3692 3692 3653 3653 3614 4463 4463 4522 4522
    4522 4522 4522 4582 4582 4582 4582 4582 4582 4522 4522 4522 4582
    4582 4645 4645 4645 4645 981 981 978 975 973 973 973 973 970 0 0 0 0
    875 875 875 875 882 889 896 871 871 873 875 896 896 901 908 913 918
    923 4295 0 0 0 0 4089 4089 4089 4041 4041 3994 3948 3948 3903 3903
    3859 3816 3816 3816 3816 3816 3859 3816 3816 3774 3774 3774 3774
    3774 3732 3692 3653 3653 3653 4463 4463 4463 4463 4463 4522 4522
    4582 4582 4582 4582 4582 4522 4522 4522 4522 4582 4582 4645 4645
    4645 4645 978 978 978 973 973 970 970 970 970 0 0 858 0 873 873 873
    875 875 880 896 871 871 873 875 896 896 898 908 910 913 920 923 0 0
    0 0 4089 4089 4089 4041 3994 3948 3948 3948 3948 3903 3903 3859 3859
    3816 3816 3816 3859 3816 3816 3816 3774 3774 3774 3774 3732 3692
    3653 3653 3653 4463 4522 4463 4463 4463 4522 4522 4582 4582 4582
    4582 4582 4522 4522 4463 4463 4645 4645 4645 4645 4708 4708 970 970
    973 973 970 967 967 967 0 0 0 0 858 858 867 867 871 875 880 880 864
    864 873 875 894 894 896 908 908 910 915 920 0 0 0 0 0 4089 4089 4041
    3994 3948 3948 3948 3948 3903 3903 3903 3903 3859 3859 3859 3816
    3816 3816 3816 3816 3816 3774 3774 3732 3692 3653 3653 3653 4463
    4463 4463 4463 4463 4522 4522 4582 4582 4582 4582 4582 4522 4522
    4463 4463 4463 4645 4645 4645 964 964 964 967 970 973 970 967 967
    967 0 0 0 856 856 856 825 825 825 825 843 843 849 860 869 875 894
    894 894 906 906 910 915 920 0 0 0 0 0 0 4089 4041 4041 4041 3994
    3994 3948 3948 3903 3903 3903 3903 3903 3903 3816 3816 3816 3816
    3816 3774 3774 3774 3732 3692 3653 3653 3653 4463 4463 4463 4463
    4463 4522 4522 4522 4522 4522 4522 4522 4582 4522 4522 4522 4522 959
    959 959 959 959 964 967 967 970 970 967 967 967 0 849 849 849 854
    847 825 825 825 825 839 841 843 854 864 869 891 891 891 901 906 906
    913 918 0 0 0 0 0 0 4089 4041 4041 4041 4041 3994 3994 3948 3903
    3903 3903 3903 3903 3903 3816 3816 3816 3816 3774 3774 3774 3774
    3732 3692 3692 3692 3653 4463 4463 4522 4522 4522 4522 4522 4522
    4522 4522 4522 4522 4522 4522 4522 4522 0 938 943 943 943 940 940
    959 967 778 778 970 973 973 0 858 843 841 841 843 833 825 823 823
    831 837 841 854 856 860 885 885 889 898 903 906 910 915 915 0 0 0 0
    0 4089 4089 4089 4089 4041 3994 3994 3948 3948 3948 3948 3903 3903
    3903 3859 3816 3816 3816 3774 3774 3774 3732 3732 3692 3692 3692
    3692 4463 4463 4522 4522 4522 4522 4522 4522 4522 4522 4522 4522
    4522 4522 4522 4522 933 938 938 938 938 938 785 781 780 778 778 970
    970 970 858 858 829 829 831 831 833 823 821 821 825 837 841 851 856
    858 875 882 885 891 901 906 906 913 915 0 0 0 0 0 0 3994 3994 4041
    4089 3994 3994 3994 3948 3903 3903 3903 3903 3903 3903 3859 3816
    3816 3816 3774 3774 3732 3732 3732 3692 3692 3692 4463 4463 4463
    4463 4522 4522 4522 4522 4463 4463 4522 4522 4522 4522 0 0 0 933 933
    935 935 938 783 781 780 778 778 778 776 0 827 827 827 827 827 831
    833 817 817 819 823 827 841 849 854 856 871 878 882 887 898 901 906
    910 915 920 0 0 0 0 0 3994 3994 4041 4089 3994 3994 3994 3948 3903
    3903 3903 3903 3903 3903 3859 3816 3816 3816 3774 3774 3774 3732
    3732 3732 3732 3692 4463 4463 4463 4463 4463 4463 4463 4463 4463
    4463 4522 4522 4522 4522 0 0 0 928 928 930 933 785 783 781 780 776
    776 776 776 771 0 827 827 827 827 796 796 800 813 817 821 823 837
    849 851 854 858 871 878 882 891 898 903 906 915 920 0 0 0 0 0 0 3994
    3994 4041 4041 3994 3994 3948 3948 3948 3903 3903 3903 3903 3859
    3859 3816 3816 3774 3774 3774 3774 3774 3774 3732 3692 4463 4463
    4463 4463 4463 4463 4463 4463 4463 4463 4522 4522 4582 4582 0 0 923
    923 923 930 933 783 781 780 778 776 774 771 771 771 771 773 773 773
    773 794 794 800 803 815 819 821 837 845 847 849 854 864 873 880 885
    898 901 903 918 923 925 0 0 0 0 0 3994 3994 4041 4041 3994 3994 3948
    3948 3948 3903 3903 3903 3948 3903 3859 3816 3816 3816 3774 3774
    3774 3774 3774 3732 3692 4463 4463 4463 4463 4463 4463 4405 4349
    4349 4463 4522 0 0 0 0 0 923 923 923 923 780 780 780 778 776 774 773
    771 771 771 771 771 771 771 771 790 790 796 803 809 817 819 825 841
    845 847 851 860 867 880 885 891 901 901 908 918 923 0 0 0 0 0 3994
    3994 4041 4041 3994 3994 3948 3948 3948 3903 3903 3903 3948 3903
    3859 3816 3816 3816 3774 3774 3774 3774 3774 3732 3692 4463 4463
    4463 4463 4463 4463 4405 4349 4349 0 4349 0 0 0 0 860 0 839 839 778
    778 778 778 778 776 774 773 771 767 767 766 766 769 769 769 771 790
    792 800 805 813 819 825 825 841 845 849 856 860 873 882 889 896 901
    903 913 918 0 0 0 0 0 4041 4041 4041 4041 4041 3994 3948 3948 3948
    3948 3948 3948 3948 3903 3903 3859 3816 3816 3816 3774 3774 3774
