<?xml version="1.0"?>
<opencv_storage>
<Depth18185 type_id="opencv-matrix">
  <rows>78</rows>
  <cols>55</cols>
  <dt>w</dt>
  <data>
    3948 3948 3948 3994 3994 3994 3994 3994 4041 1464 1464 1470 1470
    1470 1470 1477 1523 1516 1516 1516 1516 4041 4041 4041 4041 4041
    4041 3994 3994 4041 4041 4041 3994 3994 3994 3994 3994 3994 3994
    4041 4041 4041 4041 1523 1523 4041 4041 4041 3948 3948 4041 4041
    4041 4041 4041 3948 3948 3948 3948 3994 3994 3994 3994 1470 1464
    1464 1464 1464 1464 1470 1477 1509 1516 1509 1509 1509 1509 1509
    1509 1509 1509 4041 3994 3994 4041 4041 3994 3994 3994 3994 3994
    4041 4041 4041 4041 4041 4041 1536 1516 1509 1509 4041 4041 4041
    4041 4041 4041 4041 4041 4041 3948 3948 3948 3948 3948 3994 1536
    1536 1470 1464 1464 1464 1464 1464 1470 1470 1470 1509 1496 1496
    1489 1489 1489 1483 1470 1470 1458 1458 1483 1483 1483 3994 3994
    3994 3994 4041 1458 1458 4041 4041 4041 1523 1509 1509 1503 1503
    1503 1503 1445 4089 4089 4041 4041 4041 4041 3948 3948 3948 3903
    3903 1536 1523 1509 1470 1464 1464 1458 1458 1464 1464 1464 1470
    1470 1470 1470 1470 1470 1470 1464 1458 1458 1452 1452 1464 1470
    1477 1464 1458 1452 1452 1452 1452 1452 1452 1458 1452 1452 1509
    1509 1503 1503 1489 1489 1445 1445 1445 4089 4089 4041 4041 3948
    3948 3948 3903 3903 1529 1516 1503 1477 1464 1458 1458 1458 1458
    1464 1464 1464 1464 1458 1458 1458 1458 1458 1452 1452 1452 1452
    1452 1458 1464 1464 1452 1452 1445 1445 1445 1445 1445 1445 1452
    1452 1452 1452 1496 1503 1503 1483 1452 1445 1439 1439 1433 1433
    4041 4041 3948 3948 3948 3948 1529 1523 1516 1496 1477 1464 1458
    1458 1458 1458 1464 1464 1452 1452 1452 1452 1458 1458 1452 1452
    1445 1445 1452 1452 1458 1458 1452 1452 1445 1445 1445 1445 1445
    1439 1439 1439 1445 1445 1445 1452 1509 1509 1452 1445 1445 1439
    1439 1433 1427 1427 4089 3948 3948 3948 3948 1529 1516 1516 1496
    1477 1464 1458 1452 1452 1458 1458 1458 1452 1452 1445 1445 1452
    1452 1452 1452 1445 1445 1445 1445 1452 1452 1445 1445 1445 1445
    1445 1445 1445 1439 1439 1439 1439 1439 1445 1439 1439 1445 1439
    1439 1439 1439 1433 1427 1427 1427 1427 3948 3948 3948 3994 3994
    1516 1516 1496 1483 1464 1458 1452 1452 1458 1452 1452 1445 1445
    1445 1445 1445 1445 1445 1445 1445 1445 1445 1445 1445 1445 1445
    1445 1439 1439 1445 1445 1445 1439 1439 1439 1439 1439 1439 1439
    1439 1439 1439 1439 1433 1433 1433 1427 1427 1427 1433 3994 3948
    3948 3994 3994 1523 1516 1496 1483 1470 1458 1458 1458 1452 1452
    1452 1445 1445 1445 1445 1445 1445 1445 1445 1445 1445 1445 1445
    1445 1445 1445 1439 1439 1439 1439 1439 1439 1439 1439 1439 1439
    1439 1439 1439 1439 1439 1439 1433 1433 1433 1433 1433 1433 1433
    1433 3948 3948 3948 3948 1536 1523 1516 1496 1483 1470 1458 1452
    1452 1452 1452 1452 1445 1445 1445 1445 1445 1445 1445 1445 1445
    1445 1439 1439 1445 1445 1445 1439 1439 1439 1439 1439 1439 1439
    1439 1439 1439 1433 1433 1439 1439 1439 1433 1433 1433 1433 1433
    1433 1433 1433 1433 3903 3948 3948 3948 1536 1523 1516 1496 1483
    1470 1458 1452 1452 1452 1452 1452 1445 1445 1445 1445 1445 1445
    1445 1445 1445 1445 1439 1439 1445 1445 1445 1445 1439 1439 1439
    1439 1439 1439 1439 1439 1439 1433 1433 1439 1439 1439 1433 1427
    1427 1433 1433 1433 1433 1433 1433 2184 2184 2184 2184 1523 1523
    1509 1496 1483 1470 1464 1458 1458 1452 1452 1452 1452 1452 1445
    1445 1445 1445 1445 1445 1445 1445 1445 1445 1445 1445 1445 1445
    1439 1439 1439 1439 1439 1439 1439 1439 1439 1433 1433 1433 1433
    1439 1433 1427 1427 1433 1433 1433 1433 1433 1439 2184 2170 2170
    2184 1523 1523 1503 1489 1477 1470 1464 1452 1452 1452 1452 1452
    1452 1445 1445 1445 1445 1445 1445 1445 1445 1445 1445 1445 1445
    1445 1445 1445 1439 1439 1439 1439 1439 1439 1439 1439 1439 1433
    1433 1433 1433 1433 1433 1433 1433 1433 1433 1433 1433 1433 1439
    2184 2170 2170 2184 1523 1523 1503 1489 1477 1470 1458 1452 1452
    1452 1452 1452 1445 1445 1445 1445 1445 1445 1445 1445 1445 1445
    1439 1439 1439 1439 1439 1439 1439 1439 1439 1439 1439 1439 1439
    1439 1439 1433 1433 1433 1433 1433 1433 1433 1433 1433 1433 1433
    1433 1433 1439 2170 2170 2170 2170 1529 1523 1503 1489 1477 1470
    1458 1452 1452 1452 1452 1452 1445 1445 1445 1445 1445 1445 1445
    1445 1445 1439 1439 1439 1439 1439 1439 1439 1439 1439 1439 1439
    1439 1439 1439 1439 1439 1439 1439 1433 1433 1433 1433 1433 1433
    1433 1433 1433 1433 1433 1439 2170 2170 2170 1536 1529 1523 1503
    1489 1477 1464 1458 1452 1452 1452 1452 1452 1445 1445 1445 1445
    1445 1445 1445 1445 1439 1439 1439 1439 1439 1439 1439 1439 1439
    1439 1439 1439 1439 1439 1439 1439 1439 1439 1433 1433 1433 1427
    1427 1427 1433 1433 1433 1433 1433 1439 1439 2170 2170 2170 1529
    1529 1523 1503 1489 1477 1464 1458 1452 1452 1445 1445 1452 1452
    1445 1445 1445 1445 1445 1445 1445 1439 1439 1439 1439 1439 1439
    1439 1439 1439 1439 1439 1439 1439 1439 1439 1439 1439 1439 1433
    1433 1433 1427 1427 1427 1433 1433 1433 1433 1433 1433 1439 2170
    2170 2170 1523 1523 1516 1503 1483 1470 1464 1458 1452 1452 1445
    1445 1452 1452 1445 1445 1445 1445 1445 1445 1445 1439 1439 1439
    1439 1439 1439 1439 1439 1439 1439 1439 1439 1439 1439 1439 1439
    1439 1439 1439 1433 1433 1427 1427 1433 1433 1433 1433 1433 1433
    1433 1439 2170 2170 2184 1523 1523 1516 1496 1477 1470 1464 1458
    1452 1452 1452 1445 1445 1445 1445 1445 1445 1445 1445 1445 1445
    1445 1445 1445 1445 1445 1439 1439 1439 1439 1439 1439 1439 1439
    1439 1439 1439 1439 1439 1439 1433 1433 1427 1427 1433 1433 1433
    1433 1433 1433 1433 1439 3994 3994 3994 1529 1523 1516 1496 1477
    1470 1464 1458 1452 1452 1445 1445 1445 1445 1445 1445 1445 1445
    1445 1445 1445 1445 1445 1445 1445 1439 1439 1439 1439 1439 1439
    1439 1439 1439 1439 1439 1439 1439 1439 1439 1433 1433 1433 1433
    1433 1433 1433 1433 1433 1433 1433 1433 3948 3948 3948 1536 1523
    1509 1496 1477 1470 1464 1458 1452 1452 1445 1445 1445 1445 1445
    1445 1445 1445 1445 1445 1445 1445 1445 1445 1445 1439 1439 1439
    1439 1439 1439 1439 1439 1439 1439 1439 1439 1439 1433 1433 1433
    1433 1433 1433 1433 1433 1433 1433 1433 1433 1433 1439 3948 3948
    3948 1536 1523 1509 1496 1483 1470 1464 1452 1452 1445 1445 1445
    1445 1445 1445 1445 1445 1445 1445 1445 1439 1439 1445 1445 1445
    1439 1439 1439 1439 1439 1439 1439 1433 1433 1439 1433 1433 1439
    1433 1433 1433 1433 1433 1433 1433 1433 1427 1427 1433 1433 1433
    1439 3994 3994 1536 1536 1523 1509 1503 1489 1470 1464 1452 1452
    1445 1445 1445 1445 1445 1445 1445 1445 1445 1445 1439 1439 1439
    1439 1445 1445 1439 1439 1439 1439 1439 1439 1439 1433 1433 1439
    1433 1433 1439 1439 1439 1433 1433 1433 1433 1433 1433 1427 1427
    1427 1427 1433 1433 3994 4041 1536 1529 1523 1509 1503 1489 1470
    1458 1452 1452 1452 1445 1445 1445 1445 1445 1445 1445 1445 1445
    1439 1439 1439 1439 1439 1439 1439 1439 1439 1439 1439 1439 1433
    1433 1439 1439 1439 1439 1439 1439 1439 1439 1439 1433 1433 1433
    1433 1427 1427 1421 1421 1433 1433 3994 3994 1536 1523 1523 1509
    1496 1483 1470 1458 1452 1452 1452 1445 1445 1445 1445 1445 1445
    1445 1445 1445 1445 1445 1445 1445 1439 1439 1439 1439 1439 1439
    1439 1439 1433 1433 1439 1439 1439 1439 1439 1439 1439 1439 1439
    1439 1433 1433 1433 1427 1427 1421 1421 1421 3816 3948 3948 1529
    1523 1523 1509 1496 1483 1464 1458 1452 1452 1452 1452 1452 1445
    1445 1445 1445 1445 1445 1445 1445 1445 1445 1439 1439 1439 1439
    1439 1439 1439 1439 1439 1439 1439 1439 1439 1439 1439 1439 1439
    1439 1439 1439 1433 1433 1433 1433 1433 1427 1421 1421 1421 3816
    3948 3948 1529 1523 1516 1509 1496 1483 1464 1452 1445 1445 1445
    1445 1452 1445 1445 1445 1445 1445 1445 1445 1445 1445 1445 1439
    1439 1439 1439 1439 1439 1439 1439 1439 1439 1439 1439 1439 1439
    1439 1439 1439 1439 1439 1433 1433 1433 1433 1433 1433 1433 1427
