<?xml version="1.0"?>
<opencv_storage>
<Depth15619 type_id="opencv-matrix">
  <rows>40</rows>
  <cols>16</cols>
  <dt>w</dt>
  <data>
    4582 2541 2541 2522 2522 2522 2503 2503 2503 2503 2522 2522 4774
    4774 4774 4842 2560 2541 2541 2522 2503 2503 2503 2522 2503 2503
    2503 2503 2541 4774 4774 4842 2560 2541 2522 2503 2503 2503 2503
    2503 2503 2503 2485 2485 2503 4842 4842 4842 2560 2541 2522 2503
    2503 2503 2503 2503 2485 2485 2485 2485 2503 2503 4911 4911 2541
    2541 2522 2522 2522 2522 2503 2503 2485 2485 2485 2503 2503 2522
    2522 4983 2541 2541 2522 2522 2522 2522 2503 2503 2503 2503 2503
    2503 2522 2522 2579 2579 2541 2541 2541 2522 2522 2503 2503 2503
    2503 2503 2503 2522 2541 2541 2579 2639 2541 2541 2541 2522 2522
    2503 2503 2503 2503 2503 2503 2522 2541 2560 2618 2639 2522 2541
    2541 2522 2522 2522 2503 2503 2503 2503 2503 2522 2541 2579 2618
    2659 2522 2541 2522 2522 2522 2522 2522 2503 2503 2522 2522 2522
    2560 2579 2639 2659 2541 2541 2522 2522 2522 2522 2522 2522 2522
    2522 2522 2522 2560 2579 2639 2680 2541 2541 2541 2541 2522 2522
    2522 2522 2522 2522 2522 2522 2541 2579 2618 2680 2541 2541 2541
    2541 2522 2522 2522 2522 2522 2522 2522 2522 2541 2560 2618 2680
    2522 2541 2541 2541 2522 2522 2522 2522 2522 2503 2503 2522 2541
    2560 2618 2680 2522 2541 2541 2522 2522 2522 2522 2522 2522 2503
    2503 2522 2522 2541 2639 2680 2522 2522 2522 2522 2522 2522 2522
    2522 2522 2522 2522 2522 2522 2541 2639 2680 2522 2522 2522 2522
    2522 2522 2522 2522 2522 2522 2522 2541 2541 2560 2618 2659 2522
    2522 2522 2522 2522 2522 2522 2522 2522 2522 2541 2541 2541 2579
    2618 2659 2522 2541 2541 2541 2541 2522 2522 2522 2522 2522 2522
    2522 2560 2598 2639 2639 2541 2541 2541 2541 2541 2522 2522 2522
    2522 2522 2522 2522 2541 2598 2639 2639 2541 2541 2541 2541 2541
    2522 2522 2503 2503 2503 2503 2522 2541 2579 2618 2618 2560 2541
    2541 2541 2541 2522 2522 2503 2503 2503 2503 2522 2541 2579 2618
    2618 2560 2541 2541 2541 2541 2522 2522 2522 2522 2503 2503 2522
    2541 2579 2618 2618 2560 2560 2541 2541 2522 2522 2503 2503 2522
    2503 2503 2522 2541 2579 2618 2618 2579 2541 2541 2541 2522 2522
    2503 2503 2522 2503 2503 2522 2541 2579 2618 2639 2579 2541 2541
    2541 2541 2522 2522 2522 2522 2503 2503 2522 2541 2579 2618 2639
    2541 2541 2541 2541 2541 2522 2522 2522 2522 2503 2503 2522 2541
    2579 2618 2639 2541 2541 2541 2541 2541 2541 2522 2522 2522 2522
    2522 2522 2541 2579 2618 2639 2522 2541 2541 2541 2541 2541 2522
    2522 2522 2522 2522 2522 2541 2579 2618 2639 2503 2541 2541 2541
    2541 2541 2522 2522 2522 2522 2522 2522 2541 2560 2618 2639 2503
    2541 2541 2541 2541 2541 2541 2522 2522 2522 2522 2522 2541 2560
    2618 2639 2560 2541 2541 2541 2541 2541 2522 2522 2522 2522 2522
    2522 2541 2560 2618 2639 2541 2541 2541 2541 2541 2541 2522 2522
    2522 2522 2522 2522 2541 2560 2618 2659 2541 2541 2541 2541 2541
    2541 2541 2541 2541 2541 2541 2541 2541 2560 2618 2639 2541 2560
    2541 2541 2541 2541 2541 2541 2541 2522 2522 2522 2541 2598 2618
    2639 2541 2541 2541 2541 2541 2541 2541 2541 2541 2522 2522 2522
    2541 2598 2618 2639 2541 2541 2541 2541 2541 2541 2541 2541 2541
    2541 2541 2541 2541 2579 2618 2680 2560 2541 2541 2541 2541 2541
    2522 2522 2522 2522 2541 2541 2541 2560 2618 2701 2560 2560 2541
    2541 2541 2541 2522 2522 2522 2522 2541 2541 2541 2560 2560 4911
    2541 2541 2560 2541 2541 2541 2541 2541 2541 2541 2560 2560 4842
    4842 4842 4983</data></Depth15619>
</opencv_storage>
