<?xml version="1.0"?>
<opencv_storage>
<Depth17786 type_id="opencv-matrix">
  <rows>11</rows>
  <cols>10</cols>
  <dt>w</dt>
  <data>
    5933 5933 5933 5933 6038 5933 5933 5933 5933 5933 5734 5734 5933
    5933 6038 5933 5933 5933 5933 5933 5734 5734 5933 5933 5933 5933
    5933 6038 6038 6038 5734 5734 5832 5933 5933 6038 6038 6038 6038
    6038 5640 5640 5832 5933 5933 5933 6038 6038 6038 6038 5640 5640
    5832 5832 5933 5933 6038 5933 5933 0 5933 5832 5832 5832 5832 5933
    5933 5933 5933 0 5933 5832 5832 5832 5832 5933 5933 5933 5832 5832
    5832 5832 5832 5832 5832 5933 5933 5933 5832 5832 0 5734 5734 5832
    5832 5933 5933 5933 5933 5933 0 5734 5734 5734 5832 5832 5933 5832
    5832 5832</data></Depth17786>
</opencv_storage>
