<?xml version="1.0"?>
<opencv_storage>
<Depth7342 type_id="opencv-matrix">
  <rows>76</rows>
  <cols>35</cols>
  <dt>w</dt>
  <data>
    4842 4842 4842 4774 4774 4774 4774 4774 1804 1804 1804 1804 1804
    1804 4708 1823 1813 1804 1804 1804 4645 4645 4582 4582 4582 4582
    4582 4582 4522 4463 4463 4463 4463 3300 3269 4842 4842 4842 4774
    4774 4774 4708 4708 1804 1804 1804 1804 1804 1804 1804 1813 1813
    1804 1804 1804 1804 4645 4582 4582 4582 4522 4522 4522 4463 4463
    4405 4405 4405 3269 3269 4842 4842 4774 4774 4774 4774 4708 1823
    1813 1813 1804 1794 1794 1794 1794 1804 1804 1804 1804 1794 1794
    1804 4645 4582 4522 4522 4522 4522 4463 4463 4405 4405 4405 3269
    3238 4842 4842 4774 4774 4774 1813 1813 1804 1804 1804 1804 1748
    1739 1739 1776 1776 1776 1776 1785 1785 1785 1766 1766 1766 4522
    4522 4522 4522 4522 4463 4463 4463 4463 3269 3238 4842 4842 4774
    4774 4774 1813 1804 1804 1794 1748 1739 1739 1739 1739 1739 1748
    1757 1757 1757 1757 1748 1748 1739 1722 1722 4645 4645 4522 4522
    4522 4463 4463 4463 3238 3238 4842 4842 4774 4774 4774 1813 1804
    1794 1776 1748 1739 1739 1731 1722 1713 1713 1713 1705 1705 1713
    1713 1713 1722 1713 1705 1705 1705 4582 4522 4522 4463 4463 4463
    3238 3238 4842 4842 4708 4708 4708 1813 1804 1794 1766 1748 1731
    1731 1722 1705 1696 1680 1680 1680 1680 1688 1696 1696 1696 1696
    1696 1696 1696 1696 4582 4582 4522 4522 4522 4522 3269 4842 4774
    4645 4645 4645 1813 1804 1785 1766 1748 1731 1722 1713 1671 1671
    1671 1663 1663 1671 1671 1671 1671 1671 1671 1671 1671 1647 1632
    1616 1616 1616 1616 1616 1616 3269 4842 4774 4645 4645 4645 1813
    1804 1776 1766 1748 1731 1713 1688 1647 1639 1639 1639 1639 1639
    1647 1655 1655 1655 1663 1655 1655 1632 1624 1616 1609 1609 1616
    1616 1616 3269 4842 4774 4582 4582 4582 1813 1794 1776 1766 1748
    1731 1705 1671 1647 1632 1624 1609 1609 1609 1609 1616 1632 1639
    1639 1639 1639 1632 1624 1616 1609 1609 1616 1616 1616 3269 4842
    4708 4582 4582 4582 1813 1785 1776 1766 1748 1731 1705 1647 1639
    1632 1616 1601 1601 1601 1601 1609 1609 1616 1624 1624 1624 1624
    1616 1616 1609 1609 1609 1609 1609 1609 4842 4708 4582 4582 4582
    1813 1785 1776 1757 1739 1722 1696 1647 1639 1624 1609 1601 1601
    1601 1601 1601 1601 1601 1609 1609 1609 1609 1609 1609 1609 1609
    1609 1609 1609 1609 4842 4774 4645 4645 4645 1804 1785 1776 1757
    1739 1722 1696 1647 1639 1616 1601 1594 1594 1594 1594 1601 1601
    1601 1601 1601 1601 1609 1609 1609 1609 1609 1601 1601 1601 1601
    4842 4774 4708 4708 4708 1804 1785 1776 1757 1739 1713 1696 1655
    1632 1616 1601 1594 1594 1594 1594 1601 1601 1601 1601 1601 1601
    1609 1609 1601 1601 1609 1601 1601 1601 1601 4774 4774 4708 4708
    4708 1804 1794 1776 1757 1731 1713 1696 1655 1632 1609 1601 1594
    1594 1594 1594 1601 1601 1601 1601 1601 1601 1601 1601 1601 1601
    1609 1601 1601 1609 1609 4774 4774 4708 4708 4708 1804 1785 1766
    1748 1731 1713 1696 1647 1624 1609 1601 1594 1594 1594 1594 1594
    1594 1594 1594 1594 1601 1601 1601 1601 1601 1609 1609 1609 1609
    1609 4774 4774 4774 4774 1804 1804 1785 1766 1748 1731 1713 1688
    1639 1624 1609 1601 1601 1594 1594 1594 1594 1594 1594 1594 1594
    1601 1601 1601 1601 1609 1609 1609 1609 1609 1609 4708 4708 4708
    1813 1804 1804 1785 1766 1748 1731 1713 1680 1639 1624 1609 1601
    1601 1594 1594 1594 1594 1594 1601 1601 1601 1601 1601 1601 1601
    1601 1609 1609 1609 1601 1601 4708 4708 4708 1813 1813 1804 1785
    1766 1748 1731 1705 1663 1639 1624 1609 1601 1601 1594 1594 1594
    1594 1594 1601 1601 1601 1601 1601 1601 1601 1601 1609 1609 1609
    1601 1601 4708 4708 4708 1813 1813 1794 1785 1766 1748 1722 1696
    1663 1639 1624 1609 1601 1594 1594 1594 1601 1601 1601 1601 1601
    1601 1601 1601 1601 1601 1601 1609 1609 1601 1601 1601 4708 4708
    4708 1813 1813 1794 1785 1766 1748 1722 1696 1655 1639 1624 1609
    1601 1594 1594 1601 1601 1601 1601 1601 1601 1601 1601 1601 1601
    1601 1601 1609 1609 1601 1601 2349 4708 4708 4708 1804 1804 1794
    1785 1766 1739 1713 1688 1655 1639 1624 1609 1601 1601 1601 1601
    1601 1601 1601 1601 1601 1601 1601 1601 1601 1601 1601 1601 1601
    1609 1609 2349 4708 4708 4708 1804 1804 1794 1785 1757 1739 1713
    1688 1655 1639 1624 1601 1601 1601 1601 1601 1601 1601 1601 1601
    1601 1601 1601 1601 1601 1601 1601 1601 1601 1609 1609 2333 4842
    4842 1804 1804 1804 1804 1785 1757 1731 1713 1688 1655 1639 1616
    1601 1601 1601 1601 1601 1601 1601 1594 1594 1601 1601 1601 1601
    1601 1601 1601 1601 1601 1609 1609 2317 4708 4708 1804 1804 1804
    1804 1785 1748 1731 1713 1663 1647 1639 1616 1601 1601 1601 1601
    1601 1601 1601 1594 1594 1601 1601 1601 1601 1601 1601 1601 1601
    1601 1601 1601 2301 4645 4645 4645 1804 1804 1794 1785 1748 1731
    1705 1663 1647 1639 1616 1601 1601 1601 1601 1601 1601 1601 1601
    1601 1601 1601 1601 1601 1601 1601 1601 1601 1601 1601 2349 2301
    4645 4645 4645 1794 1794 1785 1776 1748 1722 1705 1663 1647 1632
    1616 1601 1601 1594 1594 1601 1601 1601 1601 1601 1601 1601 1609
    1609 1601 1601 1601 1601 1601 1601 2349 2301 4645 4645 4645 1794
    1785 1785 1776 1748 1722 1705 1655 1639 1624 1609 1601 1601 1594
    1594 1601 1601 1601 1601 1601 1609 1609 1609 1609 1601 1601 1601
    1601 1594 1594 1594 2286 4645 4645 1794 1794 1785 1785 1766 1748
    1722 1696 1655 1639 1624 1609 1601 1601 1594 1594 1601 1601 1601
    1601 1601 1601 1609 1609 1609 1601 1601 1601 1601 1594 1594 1594
    2256 4708 4708 1804 1804 1794 1785 1766 1748 1713 1696 1647 1632
    1616 1609 1601 1601 1594 1594 1601 1601 1601 1601 1601 1601 1609
    1609 1609 1601 1601 1609 1609 1601 1601 1601 2226 4842 4842 1804
    1804 1794 1776 1757 1748 1713 1671 1647 1632 1616 1609 1601 1601
    1601 1601 1601 1601 1601 1601 1601 1609 1609 1609 1609 1609 1609
    1609 1609 1609 1609 3269 2226 4842 4842 1813 1813 1785 1776 1748
    1739 1713 1671 1647 1632 1616 1609 1601 1601 1601 1601 1601 1601
    1601 1601 1601 1601 1609 1609 1609 1609 1609 1609 1609 1616 1616
    3269 2241 4842 4842 4842 1776 1776 1766 1748 1739 1713 1663 1647
    1632 1616 1609 1601 1601 1601 1601 1601 1601 1601 1601 1601 1601
    1609 1609 1609 1609 1609 1609 1616 1616 1616 3300 3300 4983 4983
    1804 1776 1776 1766 1748 1731 1713 1663 1647 1632 1616 1601 1601
    1601 1601 1601 1601 1601 1601 1601 1601 1601 1609 1609 1609 1609
    1609 1609 1616 1616 1616 3300 3300 4842 1804 1804 1794 1776 1766
    1748 1731 1713 1663 1639 1632 1609 1601 1601 1601 1601 1601 1601
    1601 1601 1601 1601 1601 1609 1609 1609 1609 1609 1609 1609 1609
    1609 3365 3333 4774 1794 1794 1794 1785 1766 1739 1731 1688 1655
    1639 1632 1609 1601 1601 1594 1594 1601 1601 1601 1601 1601 1601
    1601 1609 1609 1609 1609 1609 1609 1609 1609 1609 3365 3333 4582
    1794 1794 1794 1785 1766 1739 1722 1688 1655 1639 1632 1609 1601
    1601 1594 1594 1601 1601 1601 1601 1601 1601 1609 1609 1609 1609
    1609 1609 1616 1616 1616 3365 3365 3365 4522 1794 1794 1785 1785
    1757 1731 1722 1688 1655 1639 1624 1609 1601 1601 1601 1601 1601
    1601 1601 1601 1601 1601 1609 1609 1609 1609 1609 1609 1616 1616
    1616 3365 3365 3365 4582 1794 1794 1785 1785 1748 1731 1713 1680
    1655 1639 1624 1609 1601 1601 1601 1601 1601 1601 1601 1609 1609
    1609 1609 1609 1609 1609 1609 1609 1616 1616 1616 3365 3365 3365
    4582 1794 1794 1785 1785 1748 1731 1713 1671 1655 1639 1624 1609
    1601 1601 1601 1601 1609 1601 1601 1609 1609 1609 1609 1609 1609
    1609 1609 1609 1616 1616 1616 3365 3365 3365 4582 1794 1785 1776
    1776 1757 1731 1713 1671 1655 1639 1624 1609 1609 1609 1609 1609
    1609 1609 1609 1609 1609 1609 1609 1609 1609 1609 1609 1609 1609
    1616 1616 3365 3365 3365 3774 1794 1785 1776 1776 1757 1731 1688
    1671 1655 1639 1624 1609 1609 1609 1609 1609 1609 1609 1609 1609
    1609 1609 1609 1609 1609 1609 1609 1601 1586 1586 1586 3399 3399
    3365 3774 1804 1794 1785 1776 1757 1722 1680 1671 1655 1639 1624
