<?xml version="1.0"?>
<opencv_storage>
<Depth17202 type_id="opencv-matrix">
  <rows>33</rows>
  <cols>12</cols>
  <dt>w</dt>
  <data>
    3092 3092 3092 3092 3948 3903 3859 3816 3816 3120 3092 3092 3120
    3120 3120 3120 3948 3903 3859 3816 3816 3120 3120 3092 3120 3120
    3120 3149 3903 3903 3859 3816 3816 3092 3092 3092 3149 3120 3120
    3149 3903 3903 3859 3816 3816 3092 3092 3092 3149 3149 3149 3903
    3903 3903 3859 3859 3816 3092 3092 3092 3178 3178 3178 3903 3859
    3859 3859 3859 3859 3859 3092 3092 3149 3149 3149 3903 3859 3859
    3816 3816 3859 3859 3092 3092 3149 3149 3149 3903 3859 3859 3816
    3816 3859 3859 3859 3092 3149 3149 3149 3903 3903 3859 3859 3859
    3859 3859 3859 3092 3178 3149 3149 3903 3903 3859 3859 3859 3816
    3816 3816 3774 3178 3149 3149 3948 3903 3859 3859 3859 3816 3816
    3816 3774 3178 3178 3994 3948 3903 3859 3859 3859 3816 3816 3816
    3774 3178 3178 3994 3948 3903 3859 3859 3859 3816 3774 3774 3774
    3178 3178 3948 3948 3903 3859 3859 3859 3816 3774 3774 3774 3208
    3208 3948 3903 3903 3859 3859 3859 3816 3816 3816 3816 3208 3948
    3948 3903 3903 3903 3859 3859 3816 3816 3816 3816 3948 3903 3903
    3903 3903 3903 3859 3859 3816 3774 3774 3816 3948 3903 3903 3859
    3859 3903 3859 3816 3816 3774 3774 3816 3903 3859 3859 3859 3859
    3859 3816 3774 3774 3774 3774 3816 3859 3859 3859 3859 3816 3816
    3816 3774 3774 3774 3774 3774 3859 3859 3859 3859 3816 3816 3774
    3774 3774 3774 3774 3774 3859 3859 3859 3859 3816 3816 3774 3774
    3774 3774 3774 3774 3859 3859 3859 3859 3859 3816 3816 3774 3774
    3774 3774 3774 3859 3859 3859 3859 3859 3859 3816 3816 3816 3774
    3774 3774 3903 3903 3903 3859 3859 3859 3859 3859 3816 3816 3774
    3774 3948 3948 3903 3903 3903 3903 3903 3903 3859 3859 3816 3774
    3994 3948 3903 3903 3903 3903 3903 3903 3859 3859 3859 3859 3994
    3948 3903 3903 3903 3903 3903 3859 3859 3859 3859 3859 3859 3859
    3859 3859 3859 3859 3859 3859 3859 3859 3903 3859 3816 3816 3816
    3774 3774 3816 3774 3774 3774 3859 3859 3903 3816 3816 3816 3774
    3774 3774 3732 3732 3732 3774 3774 3859 3859 3859 3859 3774 3774
    3774 3732 3732 3732 3692 3692 3692 3903 3903 3859 3816 3774 3774
    3732 3732 3732 3653 3653 3692</data></Depth17202>
</opencv_storage>
