<?xml version="1.0"?>
<opencv_storage>
<Depth19766 type_id="opencv-matrix">
  <rows>6</rows>
  <cols>15</cols>
  <dt>w</dt>
  <data>
    6622 6753 6753 6753 6259 6259 6375 6375 6375 6497 6497 6375 6375
    6375 6375 6622 6375 6259 6259 6259 6259 6375 6375 6375 6259 6259
    6259 6259 6375 6375 6375 6259 6259 6259 6259 6259 6259 6259 6259
    6146 6146 6146 6146 6259 6259 6259 6259 6259 6146 6146 6146 6146
    6259 6146 6146 6146 6146 6146 6259 6259 6259 6259 6146 6146 6146
    6038 6038 6259 6146 6146 6146 6146 6259 6259 6259 6146 6146 6146
    6038 6038 6038 6038 6259 6259 6146 5734 5734 5933 5933 6259</data></Depth19766>
</opencv_storage>
