<?xml version="1.0"?>
<opencv_storage>
<Depth9201 type_id="opencv-matrix">
  <rows>82</rows>
  <cols>53</cols>
  <dt>w</dt>
  <data>
    4842 4842 4842 4842 4911 4911 4911 4842 4842 4842 4911 1392 1392
    1387 1387 1387 1381 1381 1381 1381 4983 4983 4983 5056 4983 4983
    4983 5056 5056 5056 5056 5056 5132 5132 5132 5132 5132 5210 5291
    5291 5291 5210 5210 5210 5210 5210 5291 5291 5210 5210 5210 5210
    5210 4842 4842 4842 4842 4911 4911 4911 4911 4911 4911 1398 1392
    1392 1381 1381 1376 1370 1370 1370 1333 1333 5056 5056 5056 4983
    4983 4983 4983 4983 5056 5056 5056 5132 5132 5132 5132 5132 5210
    5210 5291 5291 5210 5210 5210 5210 5210 5291 5291 5291 5210 5210
    5210 5291 4842 4842 4842 4842 4911 4911 4911 4911 1404 1404 1398
    1392 1387 1376 1370 1365 1343 1338 1333 1333 1333 1333 5056 5056
    4983 4983 4983 4983 4983 5056 4983 4983 5132 5132 5132 5132 5132
    5132 5210 5210 5291 5210 5210 5210 5210 5210 5291 5291 5291 5291
    5291 5291 5291 4842 4842 4842 4911 4911 4911 4911 4911 1392 1392
    1392 1387 1376 1370 1359 1354 1338 1333 1328 1328 1328 1297 1297 0 0
    1273 1259 4983 0 4983 4983 4983 5132 5132 5132 5132 5056 5056 5132
    5132 5210 5210 5210 5210 5210 5210 5210 5291 5291 5291 5291 5291
    5291 4842 4842 4911 4911 4911 4911 4911 0 1392 1392 1392 1387 1376
    1365 1354 1338 1338 1328 1307 1302 1297 1297 0 1273 0 0 0 0 0 1219
    5210 0 5210 5210 5210 5132 5056 5056 5132 5132 5132 5210 5210 5210
    5210 5210 5210 5291 5291 5291 5291 5291 5291 4842 4842 4911 4911
    4911 4911 0 1398 1398 1398 1392 1381 1370 1359 1349 1338 1333 1322
    1302 1297 1292 1283 1273 1273 1273 0 1259 0 0 0 0 0 1219 5210 5210
    5210 5056 5056 5056 5056 5056 5132 5132 5210 5210 5291 5210 5210
    5210 5210 5291 5291 5291 4842 4842 4911 4911 4911 4911 0 1398 1398
    1392 1392 1376 1370 1359 1349 1343 1333 1312 1297 1292 1283 1273
    1268 1264 1259 1259 1259 1232 1223 1219 1219 0 1219 0 5056 5056 5056
    5056 5056 5056 5056 5132 5132 5210 5291 5210 5210 5210 5210 5210
    5291 5291 5291 4842 4911 4911 4911 4911 4911 0 1398 1398 1392 1381
    1376 1370 1359 1349 1343 1328 1312 1297 1292 1278 1268 1264 1259
    1250 1245 1236 1232 1223 1219 1219 1219 1219 1193 1193 1193 5056
    5056 5056 5056 5056 5132 5132 5291 5291 5210 1219 1219 5210 5210
    5291 5291 5374 4842 4911 4842 4842 4911 4911 1404 1398 1398 1392
    1381 1376 1365 1354 1349 1343 1328 1312 1297 1288 1278 1268 1264
    1255 1245 1236 1232 1223 1214 1206 1202 1193 1193 1193 1193 1193
    1185 1185 1189 1193 1202 1202 5291 5291 5291 1219 1219 1214 1214
    5210 5210 5210 5132 4842 4842 4842 4842 4911 4911 0 1404 1398 1392
    1381 1370 1365 1354 1349 1338 1328 1302 1297 1288 1273 1264 1259
    1255 1245 1236 1227 1219 1210 1193 1193 1193 1189 1189 1189 1185
    1185 1185 1189 1193 1202 1202 1202 1202 1219 1219 1214 1210 1210
    1210 1210 1206 0 4842 4842 4842 4842 4842 4911 1404 1404 1398 1392
    1381 1365 1354 1349 1343 1333 1322 1302 1292 1288 1273 1264 1259
    1255 1236 1232 1227 1219 1202 1193 1193 1189 1189 1189 1189 1185
    1185 1189 1189 1193 1202 1202 1202 1202 1219 1219 1210 1210 1206
    1206 1206 1206 1210 4842 4842 4842 4842 4911 4911 1404 1404 1398
    1392 1381 1365 1354 1349 1338 1333 1317 1297 1292 1283 1273 1264
    1255 1250 1236 1227 1223 1214 1202 1189 1189 1189 1189 1189 1189
    1189 1189 1189 1189 1193 1197 1197 1197 1202 1202 1206 1206 1206
    1206 1202 1202 1210 1210 4842 4842 4842 4842 4911 4911 1404 1404
    1398 1387 1376 1365 1354 1343 1338 1328 1312 1297 1288 1283 1273
    1264 1255 1245 1236 1223 1219 1214 1202 1189 1189 1189 1189 1189
    1189 1189 1189 1189 1189 1193 1193 1193 1197 1197 1202 1206 1206
    1206 1206 1202 1202 1210 1210 4842 4911 4911 4911 4911 1398 1398
    1398 1398 1387 1376 1365 1354 1343 1333 1322 1312 1297 1288 1283
    1273 1264 1255 1245 1236 1219 1219 1206 1202 1189 1185 1185 1185
    1185 1189 1189 1189 1189 1189 1193 1193 1193 1197 1197 1202 1202
    1202 1206 1206 1206 1210 1210 1210 4911 4911 4842 4842 4842 1398
    1398 1398 1398 1387 1376 1365 1354 1343 1333 1322 1312 1292 1288
    1283 1273 1264 1255 1245 1236 1219 1214 1206 1202 1189 1185 1185
    1185 1185 1189 1189 1189 1189 1189 1193 1193 1197 1197 1197 1202
    1202 1202 1206 1206 1206 1210 1210 1210 4911 4842 4774 4774 4774
    1404 1398 1398 1398 1387 1370 1359 1349 1343 1333 1322 1302 1292
    1288 1278 1273 1259 1250 1245 1236 1214 1210 1206 1202 1189 1185
    1185 1185 1185 1189 1189 1189 1189 1189 1193 1193 1197 1197 1197
    1202 1206 1206 1206 1206 1206 1210 1210 1210 4911 4842 4774 4774
    4774 1404 1404 1398 1392 1387 1370 1359 1343 1338 1333 1322 1302
    1292 1288 1278 1268 1255 1250 1236 1227 1214 1210 1206 1197 1189
    1189 1185 1185 1189 1189 1189 1189 1189 1193 1193 1193 1197 1197
    1197 1202 1206 1206 1206 1206 1206 1214 1210 1210 4911 4842 4842
    4842 1404 1404 1404 1398 1392 1381 1370 1359 1343 1338 1333 1322
    1302 1292 1288 1278 1268 1255 1250 1236 1223 1214 1206 1202 1197
    1189 1189 1185 1185 1185 1189 1189 1189 1189 1193 1193 1197 1197
    1197 1197 1202 1206 1206 1206 1206 1206 1210 1206 1206 4911 4842
    4842 4842 1410 1410 1404 1398 1387 1381 1365 1354 1343 1338 1333
    1322 1302 1292 1288 1273 1264 1255 1250 1236 1219 1214 1206 1197
    1193 1189 1185 1185 1185 1185 1189 1189 1189 1189 1189 1193 1193
    1197 1197 1202 1202 1206 1206 1206 1206 1206 1210 1206 1206 4911
    4842 4842 4842 1415 1415 1404 1392 1387 1381 1365 1354 1343 1338
    1328 1317 1302 1292 1283 1268 1259 1255 1245 1236 1219 1214 1206
    1193 1189 1189 1185 1185 1185 1185 1189 1189 1189 1189 1189 1193
    1193 1197 1197 1202 1202 1206 1206 1206 1206 1206 1206 1210 1210
    4911 4911 4911 4911 1415 1415 1404 1392 1381 1376 1365 1354 1343
    1338 1328 1312 1297 1292 1283 1268 1255 1250 1245 1236 1219 1210
    1206 1193 1189 1185 1185 1185 1185 1189 1189 1189 1189 1189 1189
    1193 1193 1193 1197 1202 1206 1206 1206 1206 1206 1206 1206 1210 0
    4911 4911 4911 4911 1415 1415 1404 1398 1381 1376 1365 1354 1343
    1333 1328 1307 1292 1288 1278 1264 1255 1250 1241 1232 1219 1210
    1202 1193 1189 1185 1185 1185 1185 1189 1189 1189 1189 1193 1193
    1193 1193 1193 1202 1202 1206 1206 1206 1206 1206 1206 1206 1210
    1210 4911 4983 4983 0 1415 1415 1404 1392 1381 1376 1365 1349 1338
    1333 1322 1302 1292 1288 1278 1264 1255 1245 1241 1232 1214 1210
    1202 1193 1189 1185 1185 1185 1185 1189 1189 1189 1189 1193 1193
    1193 1193 1197 1202 1202 1206 1206 1206 1206 1206 1206 1206 0 1206
    4911 4911 4911 0 1398 1398 1398 1392 1381 1370 1359 1349 1338 1333
    1322 1297 1292 1288 1278 1264 1255 1245 1241 1223 1214 1210 1202
    1197 1189 1185 1185 1185 1185 1189 1189 1189 1189 1193 1193 1197
    1197 1197 1202 1202 1202 1206 1202 1202 1206 1206 1206 0 0 4911 4911
    4911 0 1398 1392 1392 1387 1381 1370 1354 1343 1333 1328 1317 1297
    1288 1283 1273 1264 1255 1245 1236 1223 1214 1210 1202 1193 1189
    1185 1185 1185 1189 1189 1193 1189 1189 1193 1193 1193 1202 1202
    1202 1202 1202 1206 1202 1202 1206 1206 1206 0 0 4911 4911 0 0 0
    1398 1392 1381 1376 1370 1354 1343 1333 1328 1312 1297 1288 1283
    1273 1264 1255 1245 1236 1219 1214 1206 1202 1189 1189 1185 1185
    1185 1189 1189 1193 1189 1189 1193 1193 1193 1202 1202 1202 1202
    1202 1206 1206 1206 1206 1206 1206 1206 0 4911 4911 4911 0 1398 1398
    1392 1381 1376 1365 1354 1338 1333 1322 1312 1297 1288 1278 1268
    1264 1255 1245 1236 1219 1210 1202 1197 1189 1185 1185 1185 1185
    1189 1189 1189 1189 1189 1193 1193 1197 1202 1202 1202 1202 1202
    1206 1206 1206 1206 1206 1206 0 0 4983 4983 4983 0 1398 1398 1392
    1381 1370 1365 1354 1338 1328 1322 1307 1292 1283 1278 1268 1259
    1255 1245 1236 1219 1210 1197 1193 1185 1185 1185 1185 1185 1189
    1189 1189 1189 1189 1193 1193 1197 1197 1197 1197 1202 1202 1202
    1206 1206 1202 1202 0 0 0 4774 4983 4983 0 1398 1398 1392 1381 1370
    1359 1349 1338 1328 1322 1302 1292 1283 1273 1268 1259 1255 1241
