<?xml version="1.0"?>
<opencv_storage>
<Depth3599 type_id="opencv-matrix">
  <rows>57</rows>
  <cols>131</cols>
  <dt>w</dt>
  <data>
    0 0 0 0 0 0 0 0 0 0 0 0 0 2883 2883 2908 2908 2908 2908 2908 835 835
    833 829 829 829 829 831 839 839 837 837 837 837 837 837 837 837 2883
    835 835 835 835 835 837 837 837 839 837 837 839 839 841 837 837 2984
    843 843 849 3010 2984 837 837 837 841 839 839 837 837 837 837 837
    841 854 851 845 843 843 843 845 849 843 781 781 835 833 833 3037
    3037 3010 837 829 829 3037 3037 3064 835 835 854 858 860 867 3037
    2984 835 835 837 839 839 845 847 854 854 3037 3037 3037 3149 3149
    3120 3064 3037 3037 3037 3064 3092 3120 3092 3092 3092 3092 3064 0 0
    0 0 0 0 0 0 0 0 0 0 0 0 2908 2908 2908 2908 2908 2908 821 821 831
    829 827 827 827 827 833 833 833 833 835 835 837 837 837 837 837 835
    835 835 835 835 835 835 835 837 827 825 825 825 839 835 825 825 827
    843 845 845 839 837 837 837 841 839 837 833 833 829 829 829 827 827
    827 827 841 827 819 819 821 843 780 780 833 831 827 827 827 837 837
    829 829 829 831 829 829 831 835 835 835 831 831 835 835 835 837 839
    839 839 839 854 854 854 854 854 3120 0 3120 3064 3037 3037 3037 0 0
    0 0 0 0 3092 3064 0 0 0 0 0 0 0 0 0 0 0 0 0 0 0 0 798 798 803 809
    809 807 803 802 802 825 823 823 825 825 829 829 835 835 835 833 833
    837 837 835 835 835 833 829 829 829 817 817 817 819 817 815 815 821
    821 821 813 813 811 809 809 813 835 807 807 839 837 829 819 819 823
    823 823 823 821 817 817 821 819 819 819 819 780 780 827 825 823 823
    823 819 819 823 825 821 821 823 825 829 833 833 833 831 825 825 823
    787 783 783 837 833 833 837 837 821 0 0 0 0 0 0 0 0 0 0 0 0 0 0 0 0
    3064 0 0 0 0 0 0 0 0 0 0 0 0 0 0 762 798 798 798 803 803 803 803 798
    798 798 798 817 817 817 819 805 802 802 803 805 833 833 839 841 841
    837 835 833 813 813 813 815 815 815 817 817 815 813 813 813 817 809
    807 807 805 805 807 805 805 807 807 813 815 813 813 821 823 823 823
    819 817 817 819 819 817 817 792 783 783 783 783 823 823 823 819 819
    821 821 819 819 819 819 829 829 790 789 789 821 821 819 787 783 783
    783 829 827 821 821 821 778 789 789 0 0 0 0 0 0 0 0 0 0 0 0 0 0 0 0
    0 0 0 0 0 0 0 0 0 0 766 762 762 790 790 792 794 798 798 798 794 794
    767 767 767 769 803 803 802 802 802 802 802 802 766 766 766 766 766
    766 813 813 778 778 780 780 783 781 781 781 783 813 813 817 807 805
    805 805 805 807 805 805 807 807 813 781 781 783 783 789 787 787 789
    789 789 819 819 817 787 787 787 787 783 783 783 787 787 787 821 821
    821 819 819 776 776 778 790 789 787 787 783 783 783 781 781 781 780
    780 783 778 776 776 778 789 789 789 0 0 0 0 0 0 0 0 0 0 0 0 0 0 0 0
    0 0 0 0 0 0 0 0 761 761 761 761 790 790 764 764 762 762 764 755 755
    767 767 767 767 766 766 769 769 769 769 771 771 766 766 766 766 766
    766 776 776 776 776 778 778 781 781 781 781 781 781 781 781 807 805
    780 776 776 776 778 778 778 780 780 780 778 778 776 776 781 783 781
    781 783 819 780 780 781 785 785 785 785 781 778 778 781 781 780 780
    780 774 771 771 774 774 783 783 785 785 776 776 776 776 776 776 776
    776 783 776 776 776 776 776 789 789 0 0 0 0 0 0 0 0 0 0 0 0 0 0 0 0
    0 0 0 0 0 0 0 0 755 755 755 755 755 755 755 759 759 759 757 755 755
    759 759 762 767 766 766 769 769 769 769 771 769 766 766 762 762 764
    764 771 773 774 773 771 771 780 780 780 780 780 780 780 780 766 766
    773 773 773 773 774 774 774 0 773 773 773 771 769 762 762 762 769
    769 771 771 774 774 778 773 773 785 785 781 778 778 781 781 780 778
    778 769 767 767 769 769 774 780 776 771 771 771 771 774 776 774 774
    774 789 776 776 774 774 774 789 789 0 0 0 0 0 0 0 0 0 0 0 0 0 0 0 0
    0 0 0 0 0 0 739 739 744 747 754 754 754 754 754 755 752 750 750 747
    747 755 755 755 766 761 759 744 744 746 769 767 766 766 766 762 759
    755 755 761 759 759 773 764 762 762 762 762 767 767 780 766 764 762
    762 764 764 764 769 773 774 774 0 773 773 769 767 766 762 762 762
    769 769 771 771 774 774 773 769 769 767 767 0 0 0 0 0 0 778 778 769
    767 767 769 769 774 776 776 771 771 771 771 773 774 773 773 774 0 0
    776 774 774 774 0 0 0 0 0 0 0 0 0 0 0 0 0 0 0 0 0 0 0 0 0 0 0 0 739
    739 744 747 754 754 754 752 661 661 749 747 747 747 747 755 755 755
    766 761 755 744 744 739 730 728 727 725 725 769 752 752 755 728 728
    730 728 728 757 757 757 733 733 767 767 766 761 761 761 761 759 759
    762 769 769 769 733 728 762 762 762 761 761 762 762 773 773 774 774
    817 774 773 769 769 767 767 0 0 0 0 0 0 0 0 0 767 767 771 771 776
    774 774 771 769 769 771 773 774 773 773 774 0 0 0 0 0 0 0 0 0 0 0 0
    0 0 0 0 0 0 0 0 0 0 0 0 0 0 0 0 0 0 0 0 0 0 752 752 752 752 661 661
    662 747 747 747 747 747 747 755 755 755 755 746 746 738 728 725 725
    723 723 723 752 752 719 719 725 725 723 723 757 730 730 730 730 730
    728 728 728 728 728 731 733 759 762 734 733 733 733 728 727 722 720
    720 761 761 835 829 827 819 817 817 819 0 0 0 0 0 0 0 0 0 0 0 0 0 0
    0 0 675 675 675 678 675 675 769 769 0 0 0 0 0 0 0 0 0 0 0 0 0 0 0 0
    0 0 0 0 0 0 0 0 0 0 0 0 0 0 0 0 0 0 0 0 0 0 0 0 0 0 661 661 661 661
    662 661 661 661 661 0 0 0 0 698 698 746 746 706 706 722 722 722 720
    707 707 707 716 716 713 711 711 711 711 730 730 730 713 713 728 727
    727 722 696 696 719 717 717 722 733 733 731 727 723 722 720 719 719
    719 719 719 698 704 0 0 0 0 0 0 0 0 0 0 0 0 0 0 0 0 0 0 0 675 675
    675 678 675 675 675 678 678 0 0 0 0 0 0 0 0 0 0 0 0 0 0 0 0 0 0 0 0
    0 0 0 0 0 3064 0 0 0 0 0 0 0 0 0 0 0 0 0 0 0 0 663 663 663 662 661
    661 661 688 688 700 700 700 698 698 698 698 703 703 720 720 719 713
    704 703 703 710 710 710 708 698 698 700 700 730 730 708 704 704 727
    727 722 694 694 711 701 701 706 706 734 698 698 723 720 720 719 719
    719 719 698 698 704 0 0 0 0 0 0 0 0 0 0 0 0 0 0 0 0 0 0 675 675 675
    675 678 676 676 678 678 0 0 0 0 0 0 0 0 0 0 0 0 0 0 0 0 693 693 694
    0 0 0 0 0 0 0 3064 0 0 0 0 0 0 0 0 0 0 0 0 0 675 680 680 666 666 663
    662 662 662 688 688 688 700 700 700 694 694 694 694 697 690 688 688
    690 690 694 693 693 710 710 710 694 694 694 696 696 694 693 693 696
    698 696 693 693 694 694 711 697 697 697 698 698 698 697 697 720 720
    691 691 691 691 698 698 704 704 706 706 0 0 0 0 0 0 0 0 0 0 0 0 0 0
    0 0 678 676 676 676 676 676 678 678 683 684 0 0 0 0 0 0 0 0 0 0 0 0
    691 691 693 691 691 691 0 0 0 0 0 0 3064 0 0 0 0 0 0 0 0 0 682 682
    680 675 675 680 680 680 667 664 658 658 664 686 684 683 682 682 682
    690 691 693 693 693 687 687 687 688 688 688 688 688 688 670 691 691
    691 693 694 694 691 691 691 691 694 694 693 693 693 678 678 680 680
    683 698 698 698 694 683 683 688 691 691 691 691 697 697 704 704 706
    0 0 0 0 0 0 0 0 0 0 0 0 0 0 0 0 0 680 680 680 679 679 679 683 683
    683 684 0 0 0 0 0 684 684 684 684 683 683 686 688 690 691 691 691
    691 0 0 0 0 0 0 0 0 0 0 0 0 0 0 0 0 682 680 680 675 675 679 678 676
    674 672 658 658 682 684 682 682 682 682 682 686 687 688 688 688 686
    686 686 687 687 672 672 672 670 670 675 691 691 674 667 667 670 688
    682 676 676 676 676 676 675 675 675 675 675 674 674 674 674 675 676
    678 678 678 678 678 672 672 696 674 674 706 0 0 0 0 0 678 678 678
    676 676 678 0 0 0 0 0 680 680 680 680 680 680 680 682 682 682 683
    683 682 682 683 683 683 683 683 683 683 683 684 686 686 687 687 688
    688 0 0 0 0 0 0 0 0 0 0 0 0 0 0 0 679 678 672 670 663 662 662 672
    674 671 671 670 668 668 670 680 678 678 678 667 667 667 668 668 668
    668 667 667 668 668 668 670 670 668 668 668 668 668 668 667 667 670
    671 671 672 672 672 672 672 674 674 674 674 674 674 674 674 674 674
    674 674 675 675 675 675 672 672 674 674 674 675 675 676 678 678 678
    678 678 678 676 676 678 678 678 679 679 679 679 680 679 679 679 680
    680 680 682 682 682 682 682 682 683 683 683 683 683 683 683 683 683
    683 684 686 686 686 688 0 0 0 0 0 0 0 657 657 661 0 661 658 658 658
