<?xml version="1.0"?>
<opencv_storage>
<Depth17354 type_id="opencv-matrix">
  <rows>84</rows>
  <cols>54</cols>
  <dt>w</dt>
  <data>
    3614 3614 3653 3692 1381 1381 1387 1381 1381 1381 1381 3774 3774
    3774 3774 3774 3774 3774 3732 3732 3732 3774 3774 3816 3816 3859
    3859 3859 3859 3859 3903 3903 3903 3903 3859 3859 3903 3948 3994
    3994 3994 3994 1322 1307 1302 1302 1307 3994 3994 3994 3994 3994
    4041 4041 3614 3614 3653 3732 1376 1376 1381 1387 1387 1387 1343
    1343 1343 3774 3774 3774 3774 3774 3732 1333 1333 3774 3774 3816
    3816 3816 3948 3859 3859 3903 3903 3903 3903 3903 3859 3859 3903
    3948 4041 3994 3994 1322 1317 1307 1302 1297 1297 1302 1302 1302
    4041 4041 4041 4041 1387 1387 1381 1376 1370 1370 1370 1354 1349
    1349 1343 1343 1343 1338 1322 1328 1328 1328 1328 1328 1328 1322
    1322 1322 1307 1288 1288 1288 1288 1288 1268 1273 1264 1264 1264
    1264 1250 1250 1328 1328 1317 1317 1312 1297 1292 1292 1297 1302
    1302 1307 1307 4041 4041 4041 1387 1387 1381 1376 1370 1370 1365
    1354 1349 1343 1343 1343 1338 1338 1322 1322 1322 1322 1322 1317
    1317 1312 1302 1302 1307 1288 1288 1288 1288 1288 1268 1273 1273
    1259 1255 1250 1250 1250 1250 1250 1250 1317 1302 1292 1292 1292
    1292 1292 1302 1302 1302 1302 4041 4041 1392 1387 1381 1376 1370
    1370 1365 1354 1349 1343 1343 1338 1333 1328 1317 1317 1317 1317
    1312 1307 1302 1297 1297 1297 1292 1288 1288 1283 1273 1273 1268
    1264 1264 1259 1255 1250 1250 1250 1245 1245 1250 1250 1283 1283
    1283 1288 1292 1292 1302 1302 1302 1302 1302 4089 1392 1387 1381
    1381 1376 1370 1365 1354 1349 1349 1343 1338 1333 1328 1317 1317
    1317 1312 1307 1302 1297 1292 1292 1288 1283 1283 1273 1268 1268
    1268 1264 1259 1259 1250 1250 1250 1250 1250 1245 1245 1250 1259
    1273 1273 1278 1283 1292 1292 1302 1307 1307 1307 0 4089 1392 1387
    1381 1381 1376 1370 1354 1354 1349 1349 1349 1343 1333 1328 1322
    1322 1317 1312 1307 1302 1292 1292 1292 1288 1283 1283 1273 1268
    1268 1264 1259 1255 1255 1250 1250 1245 1245 1245 1250 1250 1255
    1259 1268 1273 1273 1283 1292 1292 1302 1307 1307 1307 1322 4089
    1392 1387 1381 1376 1370 1365 1354 1354 1349 1349 1343 1343 1338
    1333 1322 1322 1317 1312 1307 1302 1292 1292 1292 1288 1288 1283
    1278 1268 1268 1259 1259 1255 1255 1245 1245 1245 1241 1241 1245
    1245 1255 1259 1264 1268 1273 1278 1288 1292 1297 1307 1312 1322
    1322 4139 1387 1387 1381 1376 1370 1365 1354 1354 1349 1349 1343
    1343 1338 1333 1328 1322 1322 1317 1307 1302 1297 1292 1288 1288
    1283 1283 1278 1273 1268 1259 1259 1255 1255 1245 1245 1245 1241
    1241 1241 1245 1255 1259 1264 1268 1273 1278 1288 1292 1297 1307
    1312 1312 1312 4139 1392 1387 1381 1376 1370 1365 1354 1354 1349
    1349 1343 1343 1338 1333 1328 1322 1322 1317 1307 1302 1297 1292
    1288 1288 1283 1283 1278 1273 1268 1264 1259 1255 1255 1250 1245
    1245 1241 1241 1241 1245 1255 1255 1264 1268 1273 1278 1288 1292
    1297 1302 1307 1307 1307 4139 1392 1387 1381 1376 1370 1365 1354
    1354 1349 1349 1343 1343 1333 1333 1328 1322 1322 1317 1307 1302
    1297 1292 1288 1288 1283 1283 1278 1273 1268 1264 1259 1255 1255
    1250 1245 1245 1241 1241 1241 1245 1255 1255 1264 1268 1273 1278
    1288 1292 1297 1302 1307 1307 1307 4139 1392 1392 1381 1376 1370
    1365 1365 1354 1349 1349 1343 1343 1333 1333 1328 1322 1317 1312
    1312 1302 1297 1292 1288 1288 1283 1278 1278 1268 1268 1264 1264
    1259 1255 1250 1245 1245 1241 1241 1241 1250 1255 1255 1264 1268
    1273 1283 1288 1292 1297 1302 1302 1302 4139 4139 1392 1392 1381
    1376 1370 1365 1365 1359 1349 1349 1343 1343 1338 1333 1328 1322
    1317 1312 1312 1302 1297 1292 1288 1288 1283 1278 1278 1268 1268
    1264 1264 1259 1255 1250 1245 1245 1241 1241 1241 1250 1255 1255
    1259 1268 1273 1283 1288 1292 1297 1302 1302 1302 4139 4139 1392
    1392 1381 1376 1370 1365 1365 1359 1349 1349 1343 1343 1338 1333
    1328 1322 1322 1317 1312 1302 1297 1292 1288 1288 1283 1283 1278
    1268 1268 1264 1264 1259 1255 1250 1245 1241 1241 1241 1241 1245
    1250 1255 1259 1268 1273 1283 1288 1292 1297 1302 1307 1307 4139
    4139 1387 1387 1370 1370 1370 1370 1365 1359 1354 1349 1343 1343
    1338 1333 1328 1322 1322 1317 1312 1302 1297 1292 1288 1288 1283
    1283 1278 1268 1268 1268 1264 1264 1255 1250 1245 1241 1241 1241
    1241 1245 1250 1255 1259 1268 1273 1283 1288 1292 1292 1302 1302
    1302 1302 4139 1381 1381 1370 1370 1376 1370 1365 1365 1354 1349
    1343 1343 1338 1333 1328 1322 1322 1317 1312 1302 1302 1292 1288
    1288 1283 1283 1278 1273 1268 1268 1264 1259 1255 1255 1250 1245
    1241 1241 1241 1245 1250 1255 1259 1268 1273 1283 1288 1288 1292
    1302 1302 1302 1302 4190 1381 1381 1376 1376 1376 1370 1365 1365
    1359 1349 1343 1343 1338 1333 1328 1322 1322 1317 1307 1302 1302
    1297 1288 1288 1288 1283 1278 1273 1268 1268 1264 1259 1255 1255
    1250 1245 1241 1241 1241 1250 1250 1255 1259 1268 1273 1283 1288
    1288 1292 1307 1312 1312 4190 4190 1376 1376 1376 1376 1370 1370
    1365 1365 1359 1354 1349 1343 1338 1333 1328 1322 1322 1317 1307
    1302 1302 1297 1288 1288 1288 1283 1278 1273 1268 1268 1264 1259
    1255 1255 1250 1245 1241 1241 1245 1250 1255 1255 1259 1268 1273
    1283 1288 1292 1292 1302 1312 1312 4139 4139 1354 1354 1370 1376
    1370 1365 1365 1365 1359 1354 1349 1343 1338 1333 1328 1322 1322
    1317 1307 1307 1302 1297 1288 1288 1288 1283 1278 1273 1268 1264
    1264 1259 1259 1255 1250 1245 1241 1241 1245 1250 1255 1255 1264
    1268 1273 1278 1288 1292 1292 1302 1307 1307 4139 4139 1354 1354
    1370 1376 1370 1365 1365 1359 1354 1354 1349 1343 1338 1333 1328
    1322 1317 1312 1307 1302 1302 1302 1292 1288 1288 1283 1278 1273
    1268 1264 1264 1259 1259 1255 1250 1245 1241 1241 1245 1250 1255
    1255 1264 1268 1273 1278 1288 1292 1292 1302 1307 1307 1307 4139
    1365 1365 1376 1376 1370 1365 1365 1359 1354 1349 1343 1343 1338
    1333 1328 1322 1317 1312 1307 1302 1302 1302 1292 1288 1283 1283
    1278 1273 1268 1264 1264 1259 1259 1255 1250 1245 1241 1241 1245
    1250 1255 1259 1264 1268 1273 1283 1288 1292 1292 1302 1307 1307
    1307 4190 1370 1370 1381 1381 1376 1365 1365 1359 1354 1349 1343
    1343 1338 1333 1328 1322 1317 1307 1307 1307 1302 1302 1292 1288
    1283 1283 1278 1273 1268 1264 1264 1264 1259 1255 1250 1245 1241
    1241 1241 1245 1255 1259 1264 1268 1273 1278 1288 1288 1292 1302
    1302 1307 1307 4190 1381 1381 1381 1381 1370 1365 1365 1359 1349
    1349 1343 1343 1338 1333 1328 1322 1317 1307 1307 1302 1302 1297
    1292 1288 1283 1283 1278 1273 1268 1264 1264 1264 1259 1255 1250
    1245 1241 1241 1241 1245 1255 1259 1264 1268 1273 1278 1288 1288
    1292 1297 1302 1307 1307 4190 1398 1387 1381 1381 1370 1365 1365
    1359 1349 1349 1343 1343 1338 1333 1328 1328 1322 1312 1307 1302
    1302 1297 1292 1288 1288 1283 1278 1273 1268 1264 1264 1264 1259
    1255 1250 1245 1245 1241 1241 1245 1255 1259 1264 1268 1273 1278
    1288 1288 1292 1297 1302 1307 1307 4190 1392 1392 1387 1381 1370
    1365 1365 1359 1349 1349 1343 1343 1343 1333 1333 1328 1322 1312
    1307 1302 1302 1297 1292 1288 1288 1283 1278 1273 1268 1264 1259
    1259 1255 1250 1250 1245 1241 1241 1241 1245 1250 1259 1264 1268
    1273 1278 1288 1288 1292 1297 1302 1307 1307 4139 1392 1387 1381
    1381 1370 1365 1359 1354 1349 1349 1343 1343 1343 1333 1333 1328
    1322 1312 1307 1302 1297 1292 1288 1288 1288 1283 1278 1273 1268
    1264 1259 1259 1255 1250 1245 1241 1241 1241 1241 1245 1245 1255
    1264 1268 1273 1278 1288 1288 1292 1297 1307 1312 1312 4139 1392
    1387 1381 1381 1370 1365 1359 1354 1349 1349 1343 1343 1343 1333
    1328 1322 1322 1312 1307 1302 1297 1292 1288 1288 1283 1283 1278
    1273 1268 1264 1264 1264 1255 1250 1245 1241 1241 1241 1241 1245
    1245 1255 1259 1268 1268 1278 1283 1288 1292 1302 1307 1312 1312
    4139 1387 1387 1381 1381 1370 1365 1365 1354 1349 1349 1343 1343
