<?xml version="1.0"?>
<opencv_storage>
<Depth11910 type_id="opencv-matrix">
  <rows>8</rows>
  <cols>27</cols>
  <dt>w</dt>
  <data>
    4842 4842 4911 4911 5734 5734 4911 4911 4983 4983 4911 4911 4842
    4842 4842 4842 4842 4842 4842 4774 4774 4645 4645 4645 4645 4645
    4645 4842 4842 4842 4842 4911 4842 4842 4911 4911 4911 4911 4842
    4842 4842 4842 4842 4842 4842 4842 4774 4774 4645 4645 4645 4645
    4645 4645 4911 4911 4842 4842 4911 4842 4842 4842 4911 4911 4842
    4842 4842 4842 4842 4842 4842 4842 4774 4774 4774 4774 4708 4708
    4708 4708 4708 4983 4911 4911 4911 4911 4842 4842 4842 4911 4842
    4842 4842 4842 4842 4842 4842 4842 4774 4774 4774 4774 4774 4774
    4774 4774 4774 4708 4983 4911 4911 4911 4911 4911 4842 4842 4911
    4842 4842 4842 4842 4842 4842 4842 4774 4774 4774 4774 4774 4842
    4842 4842 4774 4774 4774 4983 4983 4983 4842 4842 4842 4842 4842
    4911 4911 4842 4774 4774 4774 4774 4774 4774 4774 4774 4774 4774
    4842 4842 4842 4774 4774 4708 4983 4983 4983 4842 4774 4774 4774
    4911 4911 4911 4842 4774 4774 4774 4774 4774 4774 4774 4774 4774 0 0
    0 0 4774 4774 4708 5056 5056 4983 4774 4774 4774 4774 4774 4774 5640
    0 0 0 0 0 0 0 0 0 0 0 0 0 0 0 4774 4774</data></Depth11910>
</opencv_storage>
