<?xml version="1.0"?>
<opencv_storage>
<Depth8777 type_id="opencv-matrix">
  <rows>13</rows>
  <cols>55</cols>
  <dt>w</dt>
  <data>
    1421 3010 3010 3010 2933 2908 2908 2933 2984 3010 3994 3994 3994
    3064 3064 3064 3064 3092 3994 3994 3994 3994 3994 3994 4041 4041
    3037 3037 3037 3120 3037 3037 3859 3859 3816 3816 3774 3774 3774
    3732 3732 3732 3732 3732 3774 3732 3732 3732 3732 3732 3774 3774
    3816 3816 3859 1421 2933 2933 2933 2933 2933 2933 2984 2984 3010
    3010 3010 3010 3010 3037 3037 3037 3037 3037 3010 3010 3010 2984
    2984 3994 3010 3010 3010 3010 3092 3037 3037 3859 3816 3816 3816
    3010 3010 3010 3037 3037 3037 3064 3064 3732 3732 3732 3692 3692
    3692 3692 3692 3774 3774 3816 2908 2908 2908 2908 2908 2933 2958
    2984 2984 2958 2958 2933 2933 2984 2984 3010 3010 3010 3037 2984
    2984 2984 2958 2958 2984 2958 2958 2958 2984 3010 3037 3037 3037
    3037 3037 3037 3010 3010 3010 3037 3037 3037 3037 3037 3037 3010
    3010 3692 3653 3653 3614 3614 3732 3732 3732 2908 2908 2883 2883
    2883 2908 2933 2933 2933 2933 2933 2933 2933 2958 2933 2933 2933
    2933 2984 2958 2958 2958 2958 2958 2958 2933 2933 2933 2933 2958
    3010 2984 2984 2984 3010 3010 3010 3010 3010 3037 3037 3037 3037
    3037 3037 3010 3010 3010 3653 3576 3576 3576 3614 3692 3692 2908
    2908 2883 2883 2883 2908 2933 2933 2933 2933 2933 2933 2933 2908
    2908 2908 2933 2933 2958 2958 2933 2933 2933 2933 2933 2933 2933
    2933 2933 2933 2984 2984 2958 2958 2984 2958 2958 2958 2984 2984
    3010 3010 3010 3010 3037 3010 2984 2958 2958 3576 3576 3576 3576
    3576 3614 2933 2933 2908 2908 2908 2908 2933 2933 2933 2933 2933
    2933 2933 2908 2908 2908 2933 2933 2958 2958 2933 2908 2908 2933
    2933 2933 2933 2933 2933 2933 2984 2958 2958 2958 2958 2933 2933
    2933 2933 2984 3010 3010 3010 3010 2984 2958 2958 2933 2933 3576
    3539 3539 3539 3539 3539 2933 2933 2908 2908 2908 2908 2933 2933
    2933 2933 2933 2933 2933 2908 2908 2933 2933 2958 2958 2958 2933
    2908 2908 2933 2933 2933 2933 2933 2933 2933 2984 2958 2958 2958
    2958 2933 2933 2933 2933 2958 2984 3037 3037 2958 2958 2958 2958
    2933 2933 2933 3503 3503 3503 3539 3539 2933 2933 2933 2908 2908
    2908 2908 2908 2933 2933 2933 2933 2933 2933 2933 2933 2933 2958
    2958 2958 2933 2933 2933 2933 2933 2933 2933 2933 2958 2958 2984
    2958 2958 2958 2958 2933 2933 2958 2958 2958 2984 3037 3037 2958
    2933 2933 2933 2908 2908 2859 2835 2835 3468 3503 3503 2933 2933
    2933 2933 2933 2908 2908 2908 2933 2933 2933 2933 2933 2933 2933
    2933 2958 2958 2958 2958 2933 2933 2933 2933 2933 2933 2933 2958
    2958 2958 2984 2958 2958 2958 2958 2958 2958 2958 2958 2958 2958
    2984 2984 2908 2908 2908 2908 2883 2859 2859 2835 2789 2744 2744
    3468 2933 2933 2933 2933 2933 2908 2908 2933 2933 2933 2933 2933
    2933 2933 2958 2958 2958 2933 2933 2933 2933 2933 2933 2933 2958
    2933 2933 2958 2958 2984 2984 2984 2958 2958 2984 2958 2958 2933
    2933 2933 2933 2883 2883 2883 2883 2883 2859 2859 2835 2812 2812
    2789 2744 2723 2723 2933 2933 2933 2933 2933 2908 2908 2933 2933
    2933 2933 2933 2933 2933 2933 2933 2933 2933 2933 2933 2933 2933
    2933 2933 2933 2933 2933 2958 2958 2958 2958 2958 2958 2958 2958
    2958 2958 2933 2933 2933 2933 2883 2883 2908 2883 2883 2859 2835
    2812 2812 2812 2789 2767 2680 2680 0 2933 2908 2908 2908 2933 2933
    2933 2933 2933 2933 2933 2933 2933 2933 2933 2933 2933 2933 2933
    2933 2933 2933 2933 2933 2933 2933 2933 2933 2958 2958 2958 2958
    2958 2958 2933 2933 2933 2933 2933 2933 2908 2883 2883 2908 2908
    2859 2835 2789 2767 2767 2789 2789 2680 2680 0 0 2908 2908 2908 2933
    2933 2933 2933 2933 2933 2933 2933 2933 2933 2933 2933 2933 2933
    2933 2933 2933 2933 2933 2933 2908 2908 2908 2933 2933 2958 2958
    2958 2933 2933 2933 2933 2933 2933 2933 2933 2908 2883 2883 2908
    2908 2859 2789 2767 2767 2767 2767 2767 2767 2723</data></Depth8777>
</opencv_storage>
