<?xml version="1.0"?>
<opencv_storage>
<Depth0935 type_id="opencv-matrix">
  <rows>40</rows>
  <cols>58</cols>
  <dt>w</dt>
  <data>
    3692 3653 3653 3692 1833 1813 1813 1813 1823 1823 1813 1813 1813
    1813 1813 1813 1813 1813 1813 1813 1813 1813 1813 1813 3653 1804
    1804 1804 3653 3653 3653 3653 3653 3653 3653 3653 3653 3653 3653
    3653 3692 3692 3692 3732 4405 4405 4349 4241 4241 4295 4349 4349
    4349 4349 4349 4349 4349 4349 3653 3653 3653 3653 1833 1823 1823
    1813 1813 1813 1813 1813 1813 1813 1813 1813 1813 1813 1813 1813
    1813 1813 1813 1813 1813 1804 1804 1804 1813 1813 1813 1804 1804
    1813 1813 1813 3653 3692 3653 3653 3653 3692 3692 1823 1813 1804
    1804 4241 4241 4241 4241 4349 4349 4349 4349 4349 4349 4349 3653
    3653 3653 1823 1823 1823 1823 1813 1813 1813 1813 1813 1813 1813
    1813 1813 1813 1813 1813 1813 1813 1813 1813 1813 1813 1804 1804
    1804 1813 1813 1813 1804 1804 1804 1804 1804 1813 1804 1804 1804
    1804 1804 1804 1804 1804 1794 1794 1794 1794 1794 1794 4349 4349
    4349 4349 4349 4349 4349 3653 3653 3653 1823 1823 1823 1823 1813
    1813 1813 1813 1813 1813 1813 1813 1813 1813 1813 1813 1813 1813
    1813 1813 1813 1813 1813 1804 1804 1813 1813 1813 1804 1804 1804
    1804 1804 1804 1804 1804 1804 1804 1804 1804 1804 1804 1794 1794
    1794 1794 1794 1794 1804 1804 1804 1804 1804 1804 4349 3653 3653
    3653 1813 1813 1813 1813 1813 1813 1813 1813 1813 1813 1813 1813
    1804 1804 1804 1804 1813 1804 1804 1804 1804 1804 1804 1804 1804
    1804 1804 1804 1804 1804 1804 1804 1804 1804 1804 1804 1804 1804
    1804 1804 1804 1804 1804 1794 1794 1804 1804 1804 1804 1804 1804
    1804 1804 1804 1804 3732 3732 1813 1813 1813 1813 1813 1813 1813
    1813 1813 1813 1813 1813 1804 1804 1804 1804 1804 1804 1804 1804
    1804 1804 1804 1804 1804 1804 1804 1804 1804 1804 1804 1804 1804
    1804 1804 1804 1804 1804 1804 1804 1804 1794 1794 1804 1804 1804
    1804 1804 1804 1804 1804 1804 1804 1804 1804 1804 3816 3816 1804
    1804 1813 1813 1813 1813 1804 1804 1804 1813 1813 1804 1804 1804
    1804 1804 1804 1804 1804 1804 1804 1804 1804 1804 1804 1804 1804
    1804 1804 1804 1804 1804 1804 1804 1804 1804 1804 1804 1804 1804
    1804 1794 1794 1804 1804 1804 1804 1804 1804 1804 1804 1794 1794
    1804 1804 1804 3816 3816 1804 1804 1804 1804 1804 1804 1804 1804
    1804 1804 1804 1804 1804 1804 1804 1804 1804 1804 1804 1804 1804
    1804 1804 1804 1804 1804 1804 1794 1794 1794 1804 1804 1804 1794
    1794 1794 1794 1794 1794 1794 1794 1794 1804 1804 1804 1804 1804
    1804 1804 1804 1804 1794 1794 1794 1794 3903 3816 3816 1804 1804
    1804 1804 1804 1804 1804 1804 1804 1804 1804 1804 1804 1804 1804
    1804 1804 1804 1804 1804 1804 1804 1804 1804 1804 1804 1804 1794
    1794 1794 1794 1794 1804 1794 1794 1785 1785 1785 1785 1785 1794
    1794 1794 1794 1794 1794 1794 1794 1804 1794 1794 1794 1785 1785
    1785 3903 3816 3816 1804 1804 1804 1804 1804 1804 1804 1804 1804
    1804 1804 1804 1804 1804 1794 1794 1794 1794 1794 1794 1794 1794
    1804 1794 1794 1794 1794 1794 1794 1794 1794 1794 1794 1794 1794
    1785 1785 1785 1785 1785 1794 1794 1794 1794 1785 1785 1785 1794
    1794 1794 1794 1785 1785 1785 1804 1804 3816 3816 1804 1804 1804
    1804 1804 1804 1794 1794 1794 1794 1804 1804 1794 1794 1794 1794
    1794 1785 1785 1785 1785 1785 1794 1794 1794 1785 1785 1785 1785
    1785 1794 1794 1794 1794 1785 1785 1785 1785 1785 1785 1794 1794
    1794 1794 1785 1785 1785 1785 1785 1785 1785 1776 1776 1776 1785
    1785 3816 3816 1804 1804 1804 1794 1794 1794 1785 1785 1794 1794
    1794 1794 1794 1794 1785 1785 1794 1785 1785 1785 1785 1785 1785
    1785 1776 1776 1776 1785 1785 1785 1794 1785 1785 1785 1785 1785
    1776 1776 1785 1785 1794 1794 1794 1794 1785 1785 1785 1785 1776
    1776 1776 1776 1776 1776 1785 1785 3774 3774 1804 1794 1794 1794
    1794 1794 1785 1785 1785 1785 1785 1794 1794 1794 1785 1785 1785
    1785 1785 1785 1785 1785 1785 1785 1776 1776 1776 1785 1785 1785
    1785 1785 1785 1776 1776 1785 1776 1776 1785 1785 1785 1785 1794
    1794 1785 1785 1785 1785 1776 1776 1776 1776 1776 1776 1776 1776
    3774 3774 1794 1794 1794 1794 1794 1794 1785 1785 1785 1785 1785
    1794 1785 1785 1785 1776 1776 1785 1785 1785 1785 1785 1785 1776
    1776 1776 1776 1776 1785 1776 1776 1776 1776 1776 1776 1776 1785
    1785 1785 1776 1776 1785 1785 1794 1785 1785 1785 1785 1785 1776
    1776 1776 1776 1776 1776 1776 3816 1794 1794 1794 1794 1794 1794
    1794 1785 1785 1785 1785 1785 1785 1785 1785 1776 1776 1776 1785
    1785 1785 1785 1776 1776 1776 1776 1776 1776 1776 1785 1776 1776
    1776 1776 1776 1776 1776 1785 1776 1776 1776 1776 1776 1776 1776
    1785 1785 1785 1785 1776 1776 1776 1776 1776 1776 1776 1776 3774
    1794 1785 1785 1794 1794 1794 1794 1794 1785 1785 1785 1776 1776
    1776 1776 1776 1776 1776 1785 1785 1785 1776 1776 1776 1776 1776
    1776 1776 1776 1785 1776 1776 1776 1776 1776 1776 1776 1776 1776
    1776 1776 1776 1776 1776 1776 1776 1776 1776 1776 1776 1776 1776
    1776 1776 1776 1776 1776 3816 1785 1785 1785 1794 1794 1794 1785
    1785 1785 1785 1776 1776 1776 1776 1776 1776 1776 1776 1776 1776
    1776 1776 1776 1776 1776 1776 1776 1776 1776 1776 1776 1776 1776
    1776 1776 1776 1776 1776 1776 1776 1776 1776 1776 1776 1776 1776
    1776 1766 1766 1766 1776 1776 1776 1766 1766 1766 0 4190 1776 1776
    1785 1785 1785 1785 1785 1785 1785 1785 1776 1776 1776 1776 1776
    1776 1776 1776 1776 1776 1776 1776 1776 1776 1776 1776 1776 1776
    1776 1776 1776 1776 1776 1776 1776 1776 1776 1776 1776 1776 1776
    1776 1776 1776 1776 1766 1766 1766 1766 1766 1766 1766 1766 1766
    1766 0 0 4190 1776 1776 1785 1785 1785 1785 1785 1785 1776 1776 1776
    1776 1776 1776 1776 1776 1776 1776 1776 1776 1776 1766 1766 1776
    1776 1776 1776 1776 1776 1776 1776 1776 1776 1776 1776 1776 1776
    1776 1776 1776 1776 1776 1776 1776 1776 1766 1766 1766 1766 1766
    1766 1766 1766 1776 1776 1776 0 1785 1785 1785 1785 1785 1785 1785
    1785 1776 1776 1776 1776 1776 1776 1776 1776 1776 1776 1776 1766
    1766 1766 1766 1766 1776 1776 1776 1776 1776 1776 1776 1776 1776
    1766 1766 1776 1776 1776 1776 1776 1776 1776 1776 1776 1776 1766
    1766 1766 1766 1766 1766 1766 1766 1766 1766 1776 1776 0 1785 1785
    1785 1776 1776 1785 1785 1776 1776 1776 1776 1776 1776 1776 1776
    1776 1776 1776 1776 1766 1766 1766 1766 1766 1766 1766 1776 1776
    1776 1776 1776 1776 1776 1766 1766 1766 1776 1776 1776 1776 1776
    1776 1776 1776 1766 1766 1766 1766 1766 1766 1766 1757 1757 1766
    1766 1776 1776 0 1785 1785 1785 1776 1776 1776 1776 1776 1776 1776
    1776 1776 1766 1766 1776 1776 1776 1776 1776 1766 1766 1766 1766
    1766 1766 1766 1776 1776 1776 1776 1776 1766 1766 1766 1766 1766
    1776 1776 1776 1776 1776 1776 1776 1776 1766 1766 1766 1766 1766
    1766 1766 1757 1757 1766 1766 1766 1766 0 1794 1794 1785 1776 1776
    1776 1776 1776 1776 1776 1776 1776 1766 1766 1776 1776 1776 1776
    1776 1766 1766 1766 1766 1766 1766 1766 1776 1776 1776 1776 1766
    1766 1766 1766 1766 1766 1776 1776 1776 1776 1776 1776 1776 1776
    1776 1776 1766 1766 1766 1766 1766 1766 1766 1766 1766 1757 1757
    1757 1785 1785 1794 1785 1785 1776 1776 1776 1776 1776 1776 1776
    1776 1776 1776 1766 1766 1766 1766 1776 1776 1766 1766 1766 1766
    1766 1766 1776 1766 1766 1766 1766 1766 1766 1766 1766 1766 1776
    1766 1766 1766 1776 1776 1776 1776 1776 1766 1766 1766 1766 1766
    1766 1766 1766 1766 1757 1757 1757 1785 1785 1785 1776 1776 1776
    1766 1766 1766 1776 1776 1766 1766 1766 1766 1766 1766 1766 1766
    1766 1766 1766 1766 1766 1766 1766 1766 1766 1766 1766 1766 1766
    1766 1766 1766 1766 1766 1766 1766 1766 1766 1766 1766 1766 1766
    1766 1766 1766 1766 1766 1766 1766 1766 1766 1766 1766 1766 1766
    1785 1776 1776 1776 1776 1776 1766 1766 1766 1766 1766 1766 1766
    1766 1766 1766 1766 1766 1766 1766 1766 1766 1766 1766 1766 1766
