<?xml version="1.0"?>
<opencv_storage>
<Depth13699 type_id="opencv-matrix">
  <rows>31</rows>
  <cols>15</cols>
  <dt>w</dt>
  <data>
    5832 3208 3208 3208 3208 3178 3178 3178 3178 5734 5640 5640 5640
    5640 5548 3149 3178 3178 3178 3178 3178 3178 3178 3178 5734 5640
    5640 5640 5640 5640 3149 3178 3178 3178 3178 3178 3178 3178 3178
    5734 5734 5640 5640 5640 5640 3178 3178 3178 3178 3178 3178 3178
    3178 3178 5640 5640 5640 5640 5640 5548 3208 3178 3178 3178 3178
    3178 3178 3178 3178 5640 5640 5640 5640 5640 5548 3208 3178 3178
    3178 3178 3178 3178 3178 3149 3149 5640 5640 5640 5548 5460 3149
    3178 3178 3178 3149 3149 3149 3178 3149 3149 5640 5548 5548 5548
    5460 3149 3149 3178 3178 3149 3149 3149 3149 3120 3120 3149 5548
    5548 5548 5548 3149 3149 3178 3178 3149 3149 3149 3149 3120 3120
    3149 5734 5640 5640 5548 3149 3149 3178 3178 3178 3149 3149 3178
    3149 3149 3178 5734 5640 5640 5548 5933 3178 3178 3178 3178 3178
    3178 3178 3178 3178 3178 5734 5640 5640 5548 5933 3178 3178 3178
    3178 3178 3178 3178 3149 3149 3149 5832 5734 5640 5548 5933 3149
    3149 3178 3178 3178 3178 3178 3149 3149 3149 3149 5734 5640 5548
    6038 3092 3092 3149 3178 3178 3178 3178 3178 3178 3149 3149 5832
    5640 5548 6038 3092 3092 3149 3149 3149 3178 3178 3178 3178 3149
    3149 5832 5640 5548 5933 5933 3149 3149 3149 3149 3149 3178 3178
    3149 3149 3149 3149 5640 5548 5832 5832 3149 3149 3149 3149 3149
    3178 3178 3149 3149 3149 3149 5640 5548 5832 5832 3178 3149 3149
    3149 3178 3178 3178 3178 3149 3149 3149 5548 5548 5734 5734 3178
    3149 3149 3149 3178 3178 3178 3178 3149 3149 3178 5460 5460 5734
    5734 3178 3149 3149 3149 3178 3178 3178 3178 3149 3149 3178 5460
    5460 5734 5734 3178 3178 3149 3149 3178 3178 3178 3178 3178 3178
    3178 5374 5374 5832 5832 3238 3208 3149 3149 3178 3178 3178 3178
    3149 3149 3149 5374 5374 5832 5832 3269 3178 3149 3149 3178 3178
    3178 3178 3149 3149 3149 3178 5291 5832 5832 3269 3178 3149 3149
    3178 3178 3178 3178 3178 3149 3120 3120 5291 5832 5734 5734 3178
    3178 3178 3178 3178 3178 3178 3178 3120 3092 3092 3120 5832 5734
    5734 3178 3149 3149 3178 3178 3178 3149 3149 3120 3092 3092 3120
    5832 5832 5832 3178 3120 3120 3178 3178 3178 3149 3149 3120 3092
    3092 3120 5933 5832 5734 5734 3120 3120 3178 3178 3149 3149 3149
    3120 3092 3092 3120 5933 5832 5734 5640 3149 3149 3178 3178 3149
    3149 3149 3149 3149 3120 3120 5933 5832 5734 5640 3149 3149 3178
    3178 3178 3178 3149 3149 3149 3120 3120 5933 5832 5734 5734 5734
    3208 3208 3178 3178 3178 3149 3149 3178 3149 3149</data></Depth13699>
</opencv_storage>
