<?xml version="1.0"?>
<opencv_storage>
<Depth13815 type_id="opencv-matrix">
  <rows>66</rows>
  <cols>37</cols>
  <dt>w</dt>
  <data>
    4241 4241 4241 4241 4241 4295 4295 4295 4241 4190 4190 4190 4190
    1496 1496 1496 1489 1489 1496 1496 1503 3208 3208 3208 3208 3208
    3208 3178 3149 3120 3120 3092 3092 3092 3064 3064 3064 4241 4241
    4241 4241 4295 4295 4295 1509 1509 1509 1496 1496 1489 1489 1496
    1503 1496 1496 1496 1496 1496 1523 1594 1594 1632 1647 3208 3178
    3149 3120 3120 3092 3092 3092 3092 3064 3064 4295 4295 4241 4241
    4241 1516 1516 1509 1509 1503 1496 1496 1489 1489 1496 1496 1496
    1496 1496 1496 1496 1523 1564 1586 1616 1639 1663 1688 3149 3120
    3120 3092 3092 3092 3092 3092 3064 4295 4295 1516 1516 1516 1509
    1509 1509 1503 1503 1496 1496 1496 1496 1496 1496 1496 1496 1496
    1496 1503 1523 1564 1586 1609 1632 1663 1688 1688 3120 3120 3092
    3092 3120 3092 3092 3064 1529 1516 1516 1516 1516 1509 1509 1509
    1503 1503 1496 1496 1496 1496 1496 1503 1496 1496 1496 1496 1503
    1523 1543 1594 1609 1624 1655 1680 1680 3120 3092 3092 3092 3120
    3092 3092 3037 1529 1516 1516 1516 1509 1509 1509 1509 1503 1503
    1503 1503 1503 1496 1496 1503 1496 1496 1496 1496 1503 1523 1536
    1572 1594 1609 1655 1671 1671 3120 3092 3092 3092 3092 3064 3064
    3037 1523 1516 1516 1516 1509 1509 1509 1509 1509 1509 1503 1503
    1503 1503 1496 1496 1496 1496 1496 1503 1509 1516 1529 1572 1586
    1609 1655 1671 1671 3120 3092 3064 3064 3064 3064 3064 3037 1516
    1516 1516 1516 1516 1509 1509 1509 1509 1509 1503 1503 1503 1503
    1496 1496 1496 1496 1496 1503 1509 1509 1516 1572 1579 1601 1655
    1671 1671 1671 3092 3010 3010 3037 3037 3037 3037 1516 1516 1516
    1516 1509 1509 1509 1509 1509 1509 1503 1503 1503 1503 1496 1496
    1489 1489 1496 1496 1503 1509 1516 1572 1572 1594 1647 1663 1680
    1680 3092 3010 3010 3010 3037 3037 3037 1516 1516 1516 1516 1509
    1509 1509 1509 1509 1509 1503 1503 1503 1496 1496 1489 1489 1489
    1496 1496 1496 1503 1516 1572 1572 1586 1639 1663 1680 1680 1680
    3010 3010 3010 3037 3037 3037 1516 1516 1516 1516 1509 1509 1509
    1509 1509 1509 1503 1503 1496 1496 1496 1489 1489 1489 1489 1496
    1496 1503 1516 1564 1572 1586 1632 1655 1680 1680 1680 3010 3010
    3010 3010 3010 3010 1516 1516 1516 1516 1509 1509 1509 1509 1509
    1509 1503 1503 1496 1496 1496 1489 1489 1489 1489 1489 1496 1496
    1509 1564 1586 1586 1624 1655 1663 1680 1680 3010 3010 3010 3010
    3010 3010 1516 1516 1516 1516 1516 1509 1509 1509 1509 1509 1503
    1503 1503 1496 1496 1496 1489 1489 1489 1489 1489 1496 1509 1557
    1572 1572 1624 1663 1663 1688 1688 3010 3010 3010 3010 3010 3010
    1523 1523 1509 1509 1509 1509 1509 1509 1509 1509 1503 1503 1503
    1496 1496 1496 1489 1489 1483 1483 1489 1496 1529 1550 1564 1572
    1624 1663 1663 1680 1680 3010 3010 3010 3010 3010 3010 1509 1509
    1509 1509 1509 1509 1509 1509 1509 1509 1509 1503 1503 1503 1496
    1496 1489 1483 1483 1483 1489 1489 1529 1550 1564 1564 1624 1663
    1663 1680 1680 3010 3010 3010 3010 3010 3010 0 1509 1509 1509 1509
    1509 1509 1509 1509 1509 1509 1503 1503 1503 1503 1503 1489 1483
    1483 1483 1489 1489 1523 1536 1564 1564 1624 1663 1663 1671 1671
    3010 3010 3010 3010 3010 3010 0 1509 1509 1509 1509 1509 1509 1509
    1509 1509 1503 1503 1496 1496 1496 1503 1489 1489 1483 1483 1489
    1496 1523 1536 1550 1564 1616 1655 1655 1663 1663 3010 3010 3010
    3010 3010 3010 0 1509 1509 1509 1509 1509 1509 1509 1509 1509 1503
    1496 1496 1496 1496 1496 1496 1489 1489 1489 1489 1496 1509 1536
    1550 1579 1616 1647 1655 1663 1663 3064 3037 3037 3037 3037 3037 0
    1509 1509 1509 1509 1509 1509 1509 1509 1509 1503 1496 1496 1496
    1496 1496 1496 1489 1489 1489 1489 1496 1509 1523 1536 1572 1616
    1632 1655 1655 1663 1663 3092 3092 3064 3064 3037 0 1509 1509 1509
    1509 1509 1509 1509 1509 1509 1509 1503 1496 1496 1489 1489 1489
    1489 1489 1489 1489 1489 1503 1509 1529 1550 1616 1632 1655 1655
    1680 1680 3149 3120 3092 3064 3064 4190 1509 1509 1509 1509 1509
    1509 1509 1509 1509 1509 1509 1503 1496 1489 1489 1489 1489 1489
    1489 1489 1489 1503 1509 1516 1523 1616 1616 1639 1655 1680 1680
    3120 3120 3120 3092 3064 4190 1503 1503 1503 1509 1509 1509 1509
    1509 1509 1509 1509 1503 1496 1496 1496 1496 1489 1489 1489 1489
    1496 1503 1503 1516 1523 1601 1601 1632 1663 1671 1671 3120 3120
    3092 3064 3064 4190 1496 1496 1496 1509 1509 1509 1509 1509 1509
    1509 1509 1503 1503 1503 1496 1496 1489 1489 1489 1489 1489 1496
    1496 1516 1529 1601 1601 1624 1663 1671 1671 3120 3092 3092 3064
    3037 4190 1496 1496 1496 1509 1509 1509 1509 1509 1509 1509 1509
    1503 1503 1503 1496 1496 1489 1489 1489 1489 1489 1489 1496 1516
    1536 1550 1601 1624 1655 1680 1680 3120 3092 3092 3064 3037 4190
    1489 1489 1489 1503 1509 1509 1509 1509 1509 1509 1509 1503 1503
    1503 1496 1496 1489 1489 1489 1489 1489 1489 1496 1516 1536 1550
    1586 1609 1655 1680 1680 3120 3092 3064 3064 3037 4190 1489 1489
    1489 1503 1509 1509 1509 1509 1509 1509 1509 1509 1503 1503 1496
    1496 1489 1489 1489 1489 1489 1489 1489 1509 1536 1550 1579 1609
    1655 1671 1680 1680 3092 3064 3064 3064 4190 1489 1489 1489 1509
    1509 1509 1509 1509 1509 1509 1503 1503 1503 1503 1496 1496 1489
    1489 1489 1489 1489 1489 1489 1496 1536 1550 1579 1594 1639 1671
    1680 1680 3120 3092 3064 3064 4139 4139 4139 1516 1516 1509 1509
    1509 1509 1509 1509 1503 1503 1503 1503 1496 1496 1496 1496 1496
    1489 1489 1489 1489 1496 1536 1550 1564 1586 1632 1671 1680 1680
    3120 3092 3092 3064 4139 4139 0 1516 1516 1516 1509 1509 1509 1509
    1509 1503 1503 1503 1496 1496 1496 1496 1496 1489 1489 1489 1489
    1489 1496 1536 1543 1550 1586 1632 1663 1671 1680 3120 3092 3092
    3064 4139 4139 0 1516 1516 1516 1516 1509 1509 1509 1509 1503 1503
    1503 1496 1496 1496 1496 1496 1489 1489 1489 1489 1489 1496 1523
    1536 1543 1586 1624 1663 1671 1680 3092 3092 3092 3064 4139 4139 0
    1516 1516 1516 1516 1509 1509 1509 1509 1503 1503 1503 1496 1496
    1496 1489 1489 1489 1489 1489 1489 1489 1496 1516 1529 1543 1594
    1624 1655 1663 1663 3092 3064 3064 3064 4190 4190 4190 1516 1516
    1516 1516 1509 1509 1509 1509 1503 1503 1503 1496 1496 1496 1489
    1489 1489 1489 1489 1489 1489 1496 1496 1523 1543 1594 1616 1647
    1663 1671 3092 3064 3064 3064 4190 4190 4190 0 1516 1516 1516 1509
    1509 1509 1509 1503 1503 1503 1503 1496 1496 1489 1489 1489 1489
    1489 1483 1483 1489 1496 1509 1550 1586 1601 1632 1655 1671 1671
    3037 3037 3064 4190 4190 4190 4190 1516 1516 1516 1509 1509 1509
    1509 1509 1503 1503 1503 1496 1496 1489 1489 1489 1489 1489 1483
    1483 1489 1489 1503 1529 1572 1594 1616 1647 1671 1680 3037 3037
    3064 4190 4190 4190 4190 1516 1516 1509 1509 1509 1509 1509 1509
    1503 1503 1503 1496 1496 1496 1496 1489 1489 1489 1489 1489 1489
    1489 1503 1529 1564 1586 1616 1639 1663 1671 1671 3064 3064 4190
    4190 4190 4190 1516 1516 1509 1509 1509 1509 1509 1509 1503 1503
    1503 1496 1496 1496 1496 1489 1489 1489 1489 1483 1483 1489 1496
    1536 1550 1572 1601 1639 1663 1671 1671 3064 3064 4241 4190 4190
    4190 1516 1509 1509 1509 1509 1503 1503 1503 1503 1503 1503 1496
    1496 1496 1489 1489 1489 1489 1489 1483 1483 1489 1496 1529 1543
    1564 1594 1639 1655 1671 1671 3064 3064 4241 4190 4190 4190 1516
    1516 1509 1509 1509 1503 1503 1503 1503 1503 1503 1496 1496 1496
    1489 1489 1489 1489 1489 1483 1483 1489 1489 1523 1536 1557 1586
    1632 1655 1663 1663 3064 3064 4241 4190 4190 4190 1516 1516 1509
    1509 1509 1503 1503 1503 1503 1503 1503 1496 1496 1496 1489 1489
    1483 1483 1489 1483 1483 1489 1489 1509 1529 1557 1579 1632 1655
    1663 1663 3120 3064 4241 4241 4241 4241 1516 1516 1509 1509 1509
    1509 1509 1503 1503 1503 1503 1496 1496 1496 1489 1489 1483 1483
    1489 1483 1483 1489 1496 1509 1523 1543 1579 1624 1655 1671 1671
