<?xml version="1.0"?>
<opencv_storage>
<Depth6344 type_id="opencv-matrix">
  <rows>81</rows>
  <cols>56</cols>
  <dt>w</dt>
  <data>
    3653 3653 3653 3614 3614 3614 3614 3576 3576 3576 3539 3539 3539
    3539 3539 3539 3539 3539 3539 3539 1223 1223 3503 3503 3503 3468
    3468 3468 3468 1219 1219 1219 1214 1214 3433 1210 1202 1202 1202
    1197 1197 1197 1197 1197 1202 1202 1202 1197 1197 1197 1193 1193
    1193 3399 3399 3399 3653 3653 3653 1264 1259 1259 1255 1250 1245
    1245 1245 3539 3503 3503 3503 3503 3503 1227 1227 1227 1223 1223
    1227 1232 1232 1232 1223 1219 1219 1219 1214 1214 1210 1210 1210
    1210 1202 1202 1202 1197 1197 1197 1197 1197 1197 1197 1197 1197
    1197 1197 1193 1193 1193 1197 3433 3433 1255 1255 1255 1255 1255
    1255 1250 1250 1245 1241 1241 1241 1241 1236 1236 1236 1236 1227
    1227 1227 1227 1227 1227 1227 1227 1223 1219 1219 1219 1219 1214
    1214 1210 1210 1210 1210 1206 1206 1202 1202 1202 1202 1202 1202
    1197 1197 1197 1197 1197 1193 1193 1193 1197 1197 3433 3433 1255
    1255 1255 1255 1250 1250 1245 1245 1241 1241 1236 1236 1236 1236
    1236 1236 1232 1232 1232 1232 1227 1227 1227 1223 1223 1219 1219
    1214 1214 1214 1214 1214 1214 1210 1210 1206 1206 1202 1202 1202
    1202 1197 1197 1197 1197 1197 1197 1193 1193 1193 1189 1189 1197
    1197 3365 3333 1250 1250 1250 1250 1245 1245 1245 1245 1241 1236
    1236 1236 1236 1236 1236 1236 1232 1232 1232 1232 1227 1223 1223
    1219 1219 1214 1214 1214 1214 1214 1214 1214 1210 1210 1210 1206
    1206 1202 1202 1202 1202 1197 1197 1197 1197 1197 1197 1193 1193
    1189 1189 1189 1189 1189 3365 3365 1250 1250 1250 1250 1245 1245
    1241 1241 1241 1236 1236 1236 1236 1232 1232 1232 1232 1232 1232
    1232 1227 1223 1223 1219 1219 1214 1214 1214 1214 1210 1210 1210
    1210 1210 1206 1206 1206 1202 1202 1197 1197 1197 1197 1197 1197
    1197 1197 1193 1193 1189 1189 1189 1189 0 3365 3365 1255 1255 1250
    1250 1241 1241 1236 1236 1236 1236 1236 1236 1232 1232 1232 1232
    1232 1232 1227 1227 1223 1223 1219 1219 1219 1214 1214 1214 1214
    1210 1210 1210 1206 1206 1202 1202 1202 1202 1202 1197 1197 1197
    1197 1197 1197 1193 1193 1193 1193 1189 1189 1189 1189 1185 3365
    3365 1255 1255 1250 1245 1241 1241 1236 1236 1236 1236 1236 1236
    1232 1232 1232 1232 1232 1232 1227 1223 1223 1219 1219 1219 1219
    1214 1214 1214 1214 1210 1210 1210 1206 1206 1202 1202 1202 1202
    1202 1197 1197 1197 1197 1197 1193 1193 1189 1189 1189 1189 1189
    1185 1185 0 3399 3399 1250 1250 1250 1245 1241 1241 1236 1236 1236
    1236 1236 1236 1232 1232 1232 1227 1227 1227 1223 1219 1219 1219
    1219 1219 1219 1214 1214 1214 1214 1210 1210 1210 1206 1206 1202
    1202 1202 1197 1197 1197 1197 1197 1197 1193 1193 1189 1185 1185
    1185 1185 1185 1185 1185 1185 1185 3365 1250 1250 1250 1245 1241
    1241 1236 1236 1236 1236 1236 1236 1232 1232 1232 1227 1223 1223
    1223 1219 1219 1219 1219 1219 1214 1214 1214 1214 1214 1210 1210
    1210 1210 1206 1202 1202 1202 1197 1197 1197 1197 1197 1197 1193
    1193 1189 1185 1185 1185 1185 1185 1181 1181 1181 0 3300 1245 1245
    1250 1245 1241 1236 1236 1236 1236 1236 1236 1236 1232 1232 1227
    1227 1223 1223 1223 1219 1219 1219 1214 1214 1214 1214 1214 1214
    1214 1214 1214 1210 1206 1206 1202 1202 1197 1197 1197 1197 1197
    1197 1197 1189 1189 1189 1185 1185 1185 1185 1185 1181 1181 1181 0
    3300 1245 1245 1245 1245 1241 1236 1236 1236 1236 1236 1232 1232
    1232 1227 1227 1227 1223 1219 1219 1214 1214 1214 1214 1214 1214
    1214 1214 1214 1214 1210 1210 1206 1206 1202 1202 1202 1197 1197
    1197 1197 1193 1193 1193 1189 1189 1185 1185 1185 1185 1185 1185
    1181 1181 1181 0 3300 1245 1245 1245 1241 1241 1236 1236 1236 1236
    1236 1232 1232 1227 1227 1223 1223 1223 1219 1219 1214 1214 1214
    1214 1214 1214 1214 1214 1214 1214 1210 1210 1206 1202 1202 1202
    1202 1202 1197 1197 1197 1193 1193 1193 1189 1189 1185 1185 1185
    1185 1185 1185 1185 1185 0 0 0 1250 1245 1245 1241 1241 1236 1236
    1236 1236 1232 1232 1232 1227 1223 1223 1223 1223 1219 1219 1219
    1214 1214 1214 1214 1214 1214 1210 1210 1210 1206 1206 1202 1202
    1202 1202 1202 1202 1197 1197 1197 1193 1189 1189 1189 1189 1185
    1185 1185 1181 1181 1181 1181 1181 0 0 0 1250 1241 1241 1236 1236
    1236 1236 1236 1232 1232 1232 1227 1227 1223 1223 1223 1219 1219
    1219 1219 1214 1214 1214 1214 1214 1210 1210 1206 1202 1202 1202
    1202 1202 1202 1202 1197 1197 1197 1197 1193 1193 1189 1189 1189
    1189 1185 1185 1181 1181 1181 1181 1181 1181 1181 0 3300 1241 1241
    1241 1236 1236 1236 1236 1236 1232 1232 1232 1227 1227 1223 1223
    1219 1219 1219 1219 1219 1214 1214 1214 1210 1210 1210 1210 1206
    1202 1202 1202 1202 1202 1202 1197 1197 1197 1197 1197 1193 1193
    1189 1189 1189 1185 1185 1185 1181 1181 1181 1177 1177 1177 1177 0
    3300 1241 1241 1241 1236 1236 1236 1236 1232 1232 1232 1232 1227
    1223 1223 1223 1219 1219 1214 1214 1214 1214 1214 1214 1210 1210
    1210 1210 1206 1202 1202 1202 1202 1202 1202 1197 1197 1193 1193
    1193 1193 1193 1193 1189 1185 1185 1185 1185 1181 1181 1181 1177
    1177 1177 1177 0 3269 1241 1236 1236 1236 1236 1236 1232 1232 1232
    1232 1227 1227 1223 1223 1219 1219 1219 1214 1214 1214 1214 1214
    1210 1206 1206 1206 1210 1206 1202 1202 1202 1202 1202 1197 1197
    1193 1193 1193 1193 1193 1193 1189 1189 1185 1185 1185 1181 1181
    1181 1181 1177 1177 1177 1177 1177 3269 1236 1236 1236 1236 1236
    1236 1232 1232 1232 1232 1227 1227 1223 1223 1219 1219 1219 1219
    1214 1214 1214 1214 1210 1206 1206 1206 1210 1206 1202 1202 1202
    1202 1202 1197 1197 1193 1193 1193 1189 1189 1189 1189 1189 1185
    1185 1185 1181 1181 1181 1181 1177 1177 1177 1177 1177 0 1236 1236
    1236 1236 1236 1232 1232 1232 1227 1227 1227 1227 1223 1223 1219
    1219 1219 1219 1214 1214 1214 1214 1210 1210 1210 1206 1206 1206
    1202 1202 1202 1202 1202 1197 1197 1197 1193 1193 1189 1189 1189
    1185 1185 1185 1185 1181 1181 1177 1177 1177 1177 1177 1177 1177
    1177 1177 1236 1236 1236 1236 1232 1232 1232 1232 1227 1227 1227
    1227 1223 1223 1219 1219 1214 1214 1214 1210 1210 1210 1210 1210
    1210 1206 1202 1202 1202 1202 1202 1202 1197 1197 1197 1197 1193
    1193 1189 1185 1185 1185 1185 1185 1185 1181 1181 1177 1177 1177
    1177 1173 1173 1173 1173 3365 1236 1236 1236 1236 1232 1232 1232
    1227 1227 1223 1223 1223 1219 1219 1219 1219 1214 1214 1214 1210
    1210 1210 1210 1210 1206 1202 1202 1202 1202 1202 1202 1202 1197
    1197 1197 1193 1193 1193 1189 1185 1185 1185 1185 1185 1181 1181
    1181 1181 1177 1177 1173 1173 1173 1173 1173 3365 1236 1236 1236
    1236 1236 1232 1232 1227 1227 1223 1223 1219 1219 1219 1219 1214
    1214 1210 1210 1210 1210 1210 1210 1206 1202 1202 1202 1197 1197
    1197 1197 1197 1197 1193 1193 1193 1189 1189 1185 1185 1185 1185
    1185 1181 1181 1181 1181 1177 1177 1177 1173 1169 1169 1169 1169
    3365 1236 1236 1236 1236 1236 1232 1232 1227 1223 1223 1223 1219
    1214 1214 1219 1214 1214 1210 1210 1210 1210 1210 1210 1206 1202
    1202 1202 1197 1197 1197 1193 1193 1193 1193 1193 1193 1189 1189
    1185 1185 1185 1185 1185 1181 1181 1181 1181 1177 1177 1173 1173
    1169 1169 1169 1169 3365 1236 1236 1236 1232 1232 1232 1232 1227
    1223 1219 1219 1219 1214 1214 1214 1214 1214 1210 1210 1214 1210
    1210 1206 1206 1202 1202 1197 1197 1197 1197 1189 1189 1193 1197
    1193 1189 1189 1185 1185 1185 1185 1185 1185 1181 1177 1177 1177
    1177 1177 1173 1173 1169 1169 1169 1169 1169 1236 1236 1232 1232
    1232 1232 1232 1227 1227 1219 1219 1219 1214 1214 1214 1214 1214
    1214 1214 1210 1210 1206 1202 1202 1202 1202 1197 1197 1197 1193
    1189 1189 1193 1197 1193 1189 1189 1185 1185 1185 1185 1185 1185
    1181 1177 1177 1177 1173 1173 1173 1173 1169 1169 1169 1169 3269
    1232 1232 1232 1232 1232 1232 1227 1227 1219 1219 1219 1219 1214
    1214 1214 1214 1214 1214 1214 1210 1210 1206 1202 1202 1202 1202
