<?xml version="1.0"?>
<opencv_storage>
<Depth7588 type_id="opencv-matrix">
  <rows>43</rows>
  <cols>48</cols>
  <dt>w</dt>
  <data>
    4708 4708 4645 4645 4708 4708 4708 2680 2659 2639 2639 2639 2639
    2659 2639 2639 4708 4774 4708 4708 4708 4708 4708 4708 4708 4708
    4708 4708 4708 4708 4708 4708 4708 4708 4708 4645 4645 4645 4645
    4645 4645 4645 4708 4708 4645 4645 4645 4582 4708 4708 4645 4645
    4645 4645 2701 2680 2659 2639 2639 2639 2639 2639 2639 2639 2639
    4774 4708 4708 4708 4708 4708 4708 4708 4708 4708 4708 4708 4708
    4645 4645 4645 4645 4645 4645 4708 4708 4708 4708 4645 4645 4708
    4645 4645 4645 4582 4582 4708 4708 4645 4645 2680 2680 2680 2659
    2639 2639 2639 2639 2639 2639 2639 2639 2618 2618 4774 4774 4708
    4708 4708 4708 4708 4708 4708 4708 4708 4708 4645 4645 4582 4582
    4582 4582 4645 4708 4708 4708 4645 4645 4645 4645 4645 4645 4582
    4582 4708 4708 4645 4645 2680 2659 2659 2659 2639 2639 2639 2618
    2618 2618 2618 2618 2618 2618 2618 2618 4774 4708 4708 4708 4708
    4708 4708 4708 4708 4708 4708 4645 4582 4582 4582 4582 4645 4708
    4708 4645 4582 4582 4582 4582 4582 4582 4582 4582 4645 4645 4645
    2767 2680 2659 2639 2639 2618 2618 2618 2618 2618 2598 2598 2618
    2618 2618 2618 2618 4774 4708 4708 4708 4708 4708 4708 4708 4708
    4708 4708 4708 4645 4582 4582 4582 4645 4645 4645 4582 4582 4522
    4522 4522 4522 4522 4582 4582 4645 4645 2812 2767 2723 2659 2639
    2639 2618 2618 2618 2618 2618 2598 2598 2598 2618 2618 2618 2598
    2598 4774 4708 4708 4708 4708 4708 4708 4708 4708 4708 4708 4645
    4582 4582 4582 4582 4645 4645 4582 4582 4522 4522 4522 4522 4522
    4582 4582 4645 4645 2789 2789 2744 2659 2639 2618 2618 2618 2618
    2598 2598 2598 2598 2598 2618 2618 2618 2598 2598 2598 4774 4708
    4708 4708 4708 4645 4645 4708 4708 4708 4645 4645 4582 4582 4582
    4645 4645 4582 4582 4582 4522 4522 4522 4522 4522 4582 2812 2812
    2789 2789 2744 2659 2639 2618 2618 2598 2598 2598 2598 2598 2598
    2598 2618 2618 2618 2598 2598 2598 2598 4708 4708 4708 4645 4645
    4645 4708 4708 4708 4645 4645 4582 4582 4582 4582 4582 4582 4582
    4582 4522 4522 4522 4522 4522 4582 2812 2789 2767 2744 2701 2659
    2639 2639 2618 2598 2598 2598 2598 2598 2579 2579 2598 2598 2618
    2598 2598 2598 2598 4708 4708 4708 4645 4645 4645 4645 4708 4708
    4645 4645 4582 4582 4582 4582 4582 4582 4582 4582 4522 4522 4522
    4522 4522 4582 2812 2789 2744 2723 2701 2659 2639 2639 2618 2598
    2598 2579 2579 2598 2579 2579 2598 2598 2618 2598 2598 2598 2598
    2618 4708 4645 4645 4645 4645 4645 4645 4645 4582 4582 4582 4582
    4582 4522 4522 4522 4522 4522 4522 4522 4522 4522 4522 4582 2812
    2789 2744 2723 2701 2680 2659 2659 2639 2598 2598 2579 2579 2579
    2579 2579 2598 2598 2598 2598 2598 2598 2598 2598 2598 4645 4645
    4645 4645 4645 4645 4582 4582 4582 4582 4582 4582 4522 4522 4522
    4522 4522 4522 4522 4522 4522 4522 4522 2812 2812 2789 2767 2744
    2680 2659 2659 2639 2618 2598 2579 2579 2579 2579 2579 2598 2598
    2598 2598 2598 2598 2598 2598 2579 2579 2579 4645 4582 4582 4582
    4582 4582 4582 4582 4582 4582 4522 4522 4522 4522 4522 4522 4522
    4522 4522 4522 4522 2812 2812 2789 2767 2744 2723 2723 2680 2659
    2639 2618 2579 2579 2579 2579 2579 2598 2598 2598 2598 2598 2598
    2598 2598 2579 2579 2598 4645 4582 4582 4582 4582 4522 4522 4522
    4582 4582 4522 4522 4522 4522 4522 4522 4522 4522 4522 4522 4522
    2812 2812 2812 2789 2767 2723 2723 2701 2680 2659 2639 2618 2598
    2579 2579 2579 2598 2598 2579 2579 2579 2579 2579 2579 2579 2579
    2579 2579 4582 4582 4582 4582 4522 4522 4522 4522 4522 4522 4522
    4522 4522 4522 4522 4522 4522 4522 4522 4522 4522 2812 2812 2789
    2767 2744 2723 2701 2680 2659 2639 2618 2598 2579 2579 2579 2598
    2579 2579 2579 2579 2579 2579 2579 2560 2560 2579 2579 2579 4582
    4582 4582 4522 4522 4522 4522 4522 4522 4522 4522 4522 4522 4522
    4522 4522 4522 4522 4522 4522 2812 2812 2812 2789 2744 2744 2723
    2701 2680 2659 2639 2618 2598 2598 2598 2598 2579 2579 2579 2560
    2560 2579 2579 2560 2560 2560 2560 2579 2579 2579 4522 4522 4522
    4522 4522 4522 4522 4522 4522 4522 4522 4522 4522 4522 4522 4522
    4522 4582 4582 2812 2812 2789 2767 2744 2744 2723 2701 2680 2659
    2639 2618 2598 2598 2598 2579 2579 2579 2560 2560 2560 2560 2560
    2560 2560 2560 2560 2560 2579 2579 2598 4522 4522 4522 4522 4522
    4522 4522 4522 4522 4522 4522 4522 4522 4522 4522 4582 4582 4582
    4463 2789 2789 2744 2744 2723 2723 2701 2659 2639 2639 2618 2598
    2598 2579 2579 2579 2560 2560 2560 2560 2560 2560 2560 2560 2560
    2560 2560 2579 2579 2579 4522 4463 4463 4463 4522 4522 4522 4522
    4522 4522 4463 4463 4463 4463 4582 4582 4522 4463 4463 2789 2767
    2744 2744 2744 2723 2701 2659 2639 2639 2618 2598 2598 2579 2579
    2579 2560 2560 2560 2541 2541 2541 2541 2560 2560 2560 2560 2541
    2541 2560 4463 4463 4463 4463 4463 4522 4522 4522 4463 4463 4463
    4463 4463 4522 4522 4522 4463 4463 4463 2767 2767 2744 2744 2723
    2701 2680 2659 2639 2639 2598 2598 2579 2579 2579 2560 2560 2560
    2541 2541 2522 2522 2522 2560 2560 2560 2541 2541 2541 2541 4463
    4463 4463 4463 4463 4522 4463 4463 4463 4463 4463 4463 4522 4522
    4522 4522 4522 4522 2767 2767 2767 2767 2744 2723 2680 2659 2659
    2659 2639 2618 2598 2579 2579 2560 2560 2560 2541 2541 2522 2522
    2522 2541 2541 2560 2541 2541 2541 2522 2522 4463 4463 4463 4463
    4463 4463 4463 4463 4463 4463 4405 4582 4522 4522 4522 4522 4522
    4522 2767 2767 2744 2744 2723 2701 2680 2659 2659 2639 2618 2598
    2579 2579 2560 2560 2541 2522 2522 2541 2522 2522 2522 2541 2560
    2541 2541 2522 2522 2522 4463 4463 4463 4463 4463 4463 4463 4463
    4463 4463 4405 4522 4522 4522 4522 4522 4522 4522 4463 2767 2744
    2744 2723 2723 2701 2659 2659 2639 2639 2598 2579 2579 2579 2560
    2541 2522 2522 2541 2522 2522 2522 2522 2541 2541 2522 2522 2522
    2522 2522 4463 4463 4463 4463 4463 4463 4463 4463 4463 4463 4522
    4522 4522 4522 4522 4522 4522 4463 4463 2789 2744 2744 2744 2723
    2680 2680 2659 2659 2639 2598 2579 2579 2560 2541 2541 2541 2541
    2522 2522 2522 2522 2541 2541 2522 2522 2522 2522 2522 2522 4463
    4463 4463 4463 4463 4463 4463 4463 4463 4522 4463 4463 4522 4463
    4463 4463 4463 4463 4463 4405 2767 2744 2723 2701 2680 2680 2659
    2659 2598 2598 2579 2560 2560 2541 2541 2541 2522 2522 2541 2541
    2541 2522 2522 2522 2522 2522 2522 2522 2522 4463 4463 4463 4463
    4463 4463 4463 4463 4463 4463 4463 4463 4463 4463 4463 4463 4463
    4463 4405 4349 2744 2744 2723 2723 2680 2680 2659 2618 2598 2598
    2579 2560 2541 2541 2541 2541 2522 2522 2522 2522 2522 2522 2522
    2522 2522 2522 2522 2522 2522 4405 4405 4463 4463 4463 4463 4463
    4463 4463 4463 4463 4463 4463 4463 4463 4463 4405 4405 4405 4405
    2744 2723 2723 2680 2680 2659 2639 2618 2598 2579 2579 2579 2560
    2560 2522 2522 2522 2522 2522 2522 2522 2503 2503 2522 2522 2522
    2522 2522 4405 4405 4463 4463 4463 4463 4463 4463 4463 4463 4463
    4463 4463 4463 4463 4405 4405 4405 4405 4405 4349 2744 2723 2723
    2701 2659 2659 2618 2598 2598 2579 2579 2579 2579 2522 2522 2522
    2522 2522 2522 2522 2503 2503 2522 2522 2522 2522 4405 4405 4405
    4405 4405 4405 4463 4405 4463 4463 4463 4463 4463 4463 4463 4405
    4405 4405 4405 4405 4405 4349 4349 2744 2723 2701 2680 2659 2639
    2618 2598 2598 2579 2560 2560 2522 2522 2503 2503 2503 2503 2503
    2503 2503 2522 2522 2522 4463 4405 4405 4405 4405 4405 4405 4463
    4405 4405 4405 4405 4405 4405 4405 4405 4405 4405 4405 4349 4349
    4349 4349 4349 2744 2723 2723 2680 2680 2659 2659 2618 2598 2579
    2560 2560 2522 2522 2503 2503 2503 2503 2503 2503 2503 2522 2522
    2541 4463 4463 4463 4405 4405 4405 4405 4405 4349 4405 4405 4405
    4405 4405 4405 4405 4405 4349 4349 4349 4349 4349 4349 4349 4349
    2744 2723 2723 2680 2659 2659 2618 2598 2579 2560 2560 2541 2522
    2522 2503 2503 2503 2503 2503 2503 2522 2522 2522 4463 4463 4405
