<?xml version="1.0"?>
<opencv_storage>
<Depth16405 type_id="opencv-matrix">
  <rows>161</rows>
  <cols>97</cols>
  <dt>w</dt>
  <data>
    2349 2349 1993 1981 1970 1970 1959 1926 1904 1894 1883 1873 1863
    1853 1843 1843 1833 1833 1833 1833 1843 1833 1833 2432 2415 2415
    2415 2450 2659 2659 2659 2659 2659 3816 3816 3774 3774 3732 3732
    3774 3816 3816 3816 3816 3816 3774 3774 3816 3816 3816 3816 3816
    3859 3859 3859 3859 3859 604 0 0 0 0 0 0 0 0 0 0 0 0 0 0 0 0 0 0 0 0
    0 0 0 4041 3994 3994 3994 562 568 568 568 566 566 4911 4911 573 573
    576 0 2349 2349 2349 2349 1970 1970 1959 1936 1915 1894 1883 1873
    1853 1853 1843 1833 1833 1823 1823 1833 1843 1843 1843 2432 742 741
    741 742 2659 742 742 2659 2659 3859 3816 3774 3774 3732 3732 3774
    3816 3816 3816 3816 3816 3816 3816 3816 3816 3816 3859 3859 3859 604
    604 0 604 0 0 0 600 0 0 0 0 0 0 0 0 0 0 0 0 0 0 0 0 0 0 0 0 0 0 560
    560 562 562 562 568 566 566 567 567 568 571 576 0 2349 2349 2349
    2349 2349 1970 1947 1936 1904 1883 1873 1863 1853 1853 1843 1823
    1823 1813 1813 1823 1843 1843 747 744 742 741 739 736 734 734 742
    2659 0 0 0 0 0 0 0 0 0 0 0 0 0 627 627 627 618 618 618 618 0 604 604
    604 604 604 603 603 600 600 600 600 593 592 590 590 588 588 0 0 0 0
    0 0 0 0 0 0 0 0 0 0 560 559 559 559 559 559 567 567 567 568 571 576
    0 2349 2349 2349 2349 2349 2349 1936 1926 714 713 713 1863 1853 1853
    1843 1823 1823 1813 747 747 1843 1843 747 742 739 738 736 733 730
    730 0 0 0 0 0 0 0 0 0 0 0 0 630 627 627 627 627 627 618 618 618 618
    609 604 604 604 606 604 603 603 602 598 597 595 593 592 589 589 588
    587 583 583 0 0 0 0 0 0 0 0 0 547 547 548 555 555 558 559 558 558
    561 568 568 569 573 576 0 2365 2365 2365 2349 2349 716 716 716 714
    713 710 710 710 738 738 739 741 742 746 746 1843 1853 1853 742 739
    738 727 727 728 730 0 0 0 0 0 0 0 0 0 0 0 0 630 630 627 627 624 619
    618 618 618 618 609 609 606 606 606 604 602 602 602 597 597 595 593
    592 589 589 588 587 583 583 0 0 0 0 0 0 0 551 549 547 547 548 548
    554 554 554 554 555 561 571 570 570 573 576 0 2365 2365 2365 2365
    2349 716 716 716 713 711 710 710 710 736 736 733 731 723 723 728 728
    719 723 723 723 717 717 717 728 728 728 0 0 0 0 0 0 0 0 0 0 0 632
    630 628 627 624 619 618 618 614 612 610 609 608 607 606 604 602 602
    601 597 597 595 595 595 595 570 568 568 565 565 564 562 560 558 557
    556 552 550 549 548 548 548 548 554 554 554 554 555 555 571 570 570
    574 575 0 2381 2365 2365 2365 719 717 716 716 713 711 710 710 710
    734 734 731 728 723 723 722 722 719 717 713 713 713 711 711 711 653
    0 0 0 0 0 0 0 0 0 0 0 0 631 629 629 627 624 607 607 607 614 612 610
    609 608 607 606 606 603 603 601 598 597 596 577 573 572 570 568 568
    566 565 564 561 559 558 557 556 552 550 549 549 549 548 548 554 553
    552 552 553 573 572 572 572 574 575 0 2381 2381 2381 2381 719 716
    713 711 711 711 711 711 711 731 731 728 723 720 720 719 717 716 711
    711 710 710 708 708 708 653 653 653 0 641 641 0 0 0 0 0 632 631 630
    629 615 610 608 606 606 604 604 604 595 595 595 591 590 589 587 585
    584 583 581 579 577 573 572 570 568 568 566 565 564 561 559 558 557
    556 553 551 550 549 549 549 551 552 553 552 552 553 573 573 572 572
    573 0 0 2398 2398 711 711 714 714 713 711 711 711 711 711 717 723
    723 723 722 720 719 719 717 711 710 710 710 708 708 708 708 653 653
    652 652 641 641 638 638 0 627 627 627 628 622 618 615 610 608 606
    604 603 602 600 597 595 595 591 590 589 587 585 584 583 581 579 577
    574 572 571 569 569 567 565 564 562 559 558 557 556 554 552 551 550
    550 550 551 551 553 553 553 553 572 572 573 573 573 0 0 719 717 711
    711 711 710 710 711 711 711 714 714 717 723 684 684 716 671 670 668
    667 667 659 659 658 658 708 708 647 647 644 643 641 638 635 632 630
    627 627 625 623 623 621 618 615 610 609 606 604 603 601 600 597 596
    595 591 590 589 587 586 584 583 581 580 577 574 573 572 570 569 568
    566 565 562 560 558 557 556 554 553 551 551 550 550 550 551 553 553
    553 553 570 571 572 574 574 582 0 719 717 716 711 708 707 707 711
    711 694 694 688 686 684 683 679 675 671 670 668 667 662 659 659 655
    654 652 650 649 647 644 643 641 636 634 631 630 627 627 624 623 622
    620 618 615 610 609 606 604 603 601 600 598 596 595 591 591 589 588
    587 584 583 582 580 578 577 573 572 570 569 568 566 565 564 560 558
    557 557 554 554 552 551 550 550 550 551 554 554 554 569 569 569 572
    574 576 578 0 719 717 714 710 708 706 701 698 697 696 693 688 686
    684 683 679 675 672 671 670 667 662 661 659 655 654 652 649 648 646
    644 642 641 636 634 631 630 628 627 624 623 622 620 618 616 614 610
    607 606 604 601 600 599 597 596 592 591 590 589 588 585 583 582 581
    579 578 574 573 572 570 569 567 565 565 563 559 558 557 555 554 553
    551 550 550 550 551 555 554 554 569 569 569 571 575 576 578 0 717
    716 711 708 707 704 701 698 697 696 693 688 688 684 683 680 676 672
    671 670 667 663 661 661 655 654 652 649 648 646 644 642 641 638 635
    632 630 628 627 624 623 622 621 619 616 614 611 609 607 606 603 601
    600 598 597 593 592 590 589 588 586 584 583 582 581 580 577 574 573
    571 569 568 566 565 564 560 558 557 555 554 554 552 551 550 550 551
    555 555 555 568 568 569 570 574 576 579 0 717 716 711 708 706 704
    703 700 698 696 693 688 688 684 683 680 678 674 671 671 668 666 663
    662 655 655 654 652 650 649 647 644 642 640 636 634 632 630 628 625
    624 622 621 619 616 615 612 610 608 606 604 601 601 599 597 594 592
    590 589 588 587 585 584 583 582 580 578 574 573 571 570 568 566 565
    565 562 559 558 555 554 554 553 552 551 551 551 555 557 557 568 568
    569 570 574 576 579 0 717 716 711 708 706 704 703 701 700 697 694
    690 688 687 684 682 679 676 672 671 670 667 666 663 657 657 655 654
    652 649 647 646 643 642 641 636 634 631 629 627 624 623 622 619 618
    614 613 611 610 607 606 603 601 599 597 596 593 591 590 589 587 585
    584 584 583 581 579 574 573 572 570 568 567 566 565 564 561 558 556
    554 554 553 552 552 551 551 556 559 562 567 567 569 570 575 576 580
    0 719 716 711 707 706 706 704 704 703 697 694 691 688 688 684 682
    680 678 674 672 670 668 666 663 659 658 657 655 653 650 648 647 644
    643 641 640 635 634 631 630 627 625 622 619 618 614 613 612 610 608
    607 604 603 601 597 597 595 592 590 589 588 587 586 585 583 581 579
    578 574 572 571 569 568 566 565 564 562 559 557 556 554 553 553 553
    553 553 556 559 563 566 567 569 571 575 577 581 0 719 717 711 707
    707 706 706 706 703 700 696 693 691 690 686 682 680 679 676 674 671
    670 667 663 661 658 657 655 654 652 650 649 646 643 642 640 636 635
    632 631 628 627 624 621 619 616 615 613 610 609 607 604 603 601 597
    597 596 593 592 590 589 588 587 585 583 581 580 577 575 573 572 569
    568 567 566 565 562 561 558 558 556 554 553 553 553 553 557 559 563
    565 567 569 572 575 577 580 0 719 717 711 711 708 708 707 707 706
    703 698 694 693 691 687 683 680 679 678 675 672 671 668 663 662 659
    658 657 655 654 652 649 647 646 642 641 637 636 635 632 629 628 625
    622 620 616 616 614 612 610 609 608 607 604 600 597 596 594 592 591
    590 589 587 585 584 582 580 577 576 574 572 570 569 568 567 565 562
    561 559 558 557 556 554 554 554 554 557 561 563 565 566 570 573 576
    578 580 0 719 719 717 714 711 710 708 707 706 703 700 697 694 693
    688 684 682 679 678 676 675 672 670 667 663 661 659 657 657 654 652
    649 647 646 643 641 637 636 634 632 629 628 627 623 619 618 616 615
    613 611 609 608 607 604 601 600 597 596 593 592 590 589 588 586 584
    582 580 577 576 574 573 572 570 569 567 565 562 561 560 559 558 556
    555 554 554 554 557 563 564 565 566 568 573 576 578 580 0 720 720
    719 716 716 711 710 708 706 703 700 698 696 693 688 686 683 680 678
    676 675 672 671 668 663 661 661 658 657 654 652 649 647 647 644 642
    638 637 634 632 630 628 628 625 619 619 618 616 613 611 610 609 607
