<?xml version="1.0"?>
<opencv_storage>
<Depth17124 type_id="opencv-matrix">
  <rows>82</rows>
  <cols>59</cols>
  <dt>w</dt>
  <data>
    2744 2744 2723 2723 2723 2723 2723 2723 2744 2744 2744 2744 2744
    2744 2744 2723 2723 2723 2723 2744 2744 2744 2744 2744 2723 2723
    2723 2723 2744 2744 2767 2767 2767 2767 2767 2767 2767 2767 2789
    1297 1297 1302 1307 2767 2789 2789 2789 2789 1307 1302 1302 1302
    1302 2767 2767 2767 2767 2767 2767 2744 2744 2723 2723 2723 2723
    2723 2723 2744 2744 2744 2744 2744 2744 2744 2723 2723 2723 2723
    2744 2744 2744 2744 2744 2744 2723 2723 2723 2744 2744 2744 2744
    2744 2767 2767 2767 2767 1288 1288 1292 1292 1292 1292 1292 1297
    1302 1302 1307 1302 1302 1302 1302 1302 1302 2744 2744 2744 2767
    2767 2744 2744 2723 2723 2723 2723 2744 2744 2744 2767 2767 2767
    2767 2767 2744 2723 2723 2723 2723 2744 2744 2767 2767 2744 2744
    1245 1241 1241 1241 2744 1268 1268 1268 1268 2744 2767 1283 1283
    1288 1288 1288 1288 1288 1288 1288 1297 1297 1297 1297 1297 1297
    1302 1302 1307 1307 2744 2744 2744 2767 2744 2744 2723 2701 2701
    2701 2744 2744 1161 1157 1157 2767 1210 1210 1219 1219 2744 2744
    2744 1227 1227 1227 1227 1232 1227 1227 1236 1241 1241 1245 1245
    1255 1255 1264 1268 1273 1273 1273 1283 1288 1283 1283 1278 1278
    1283 1288 1292 1283 1283 1283 1292 1302 1302 1307 1307 2701 2701
    2701 2767 2744 2744 2723 2701 2701 2701 2744 1165 1161 1157 1157
    1157 1157 1210 1214 1210 1210 1210 1210 1210 1214 1223 1223 1227
    1227 1227 1236 1236 1236 1236 1241 1227 1227 1227 1223 1223 1223
    1223 1283 1288 1283 1283 1278 1278 1227 1227 1236 1236 1255 1250
    1245 1236 1236 1232 1227 1227 1232 2701 2767 2744 2744 2723 2723
    2723 1157 1157 1157 1157 1157 1157 1157 1157 1210 1206 1206 1202
    1202 1197 1197 1197 1197 1206 1214 1214 1193 1185 1185 1197 1210
    1210 1214 1214 1214 1219 1214 1214 1210 1210 1210 1210 1210 1214
    1214 1214 1219 1232 1232 1232 1236 1236 1236 1232 1232 1227 1227
    1232 1232 1232 2744 2744 1161 1161 1157 1157 1153 1149 1149 1157
    1153 1153 1157 1157 1206 1197 1189 1181 1181 1181 1177 1177 1177
    1177 1177 1177 1177 1181 1181 1197 1197 1202 1202 1206 1206 1206
    1206 1206 1206 1206 1210 1210 1210 1214 1214 1219 1227 1227 1227
    1232 1232 1232 1232 1232 1227 1227 1227 1232 1232 2744 0 1177 1161
    1161 1153 1149 1145 1145 1145 1145 1145 1149 1149 1149 1165 1165
    1165 1169 1169 1173 1169 1169 1173 1173 1173 1173 1177 1177 1185
    1185 1193 1197 1197 1197 1197 1202 1202 1206 1206 1210 1210 1210
    1214 1214 1219 1219 1223 1223 1227 1227 1227 1232 1232 1227 1227
    1227 1227 1227 2744 0 1177 1177 1161 1153 1149 1145 1145 1145 1145
    1145 1145 1149 1149 1153 1161 1161 1161 1165 1165 1165 1165 1169
    1173 1173 1173 1177 1177 1181 1181 1193 1193 1193 1193 1197 1197
    1197 1202 1202 1206 1206 1210 1210 1214 1214 1219 1223 1223 1223
    1227 1227 1227 1227 1227 1227 1232 1227 1227 2744 0 1173 1173 1165
    1153 1145 1141 1141 1145 1145 1145 1145 1149 1149 1153 1157 1157
    1157 1161 1161 1161 1165 1169 1173 1173 1177 1177 1177 1181 1181
    1189 1189 1193 1193 1197 1197 1197 1202 1202 1206 1206 1206 1210
    1214 1214 1219 1223 1223 1223 1223 1227 1227 1227 1232 1232 1232
    1227 1227 0 0 0 1173 1161 1149 1145 1141 1141 1145 1145 1145 1145
    1149 1149 1153 1157 1157 1157 1161 1161 1161 1161 1169 1173 1173
    1177 1177 1177 1181 1181 1185 1189 1193 1193 1197 1197 1197 1202
    1202 1206 1206 1206 1210 1210 1214 1219 1219 1223 1223 1223 1223
    1227 1227 1232 1232 1232 1227 1227 0 0 0 1173 1153 1149 1145 1141
    1141 1145 1145 1145 1149 1149 1153 1153 1157 1157 1157 1161 1161
    1161 1161 1173 1173 1173 1177 1177 1177 1181 1181 1185 1189 1193
    1193 1193 1197 1197 1197 1202 1202 1206 1206 1210 1210 1214 1219
    1219 1223 1223 1223 1223 1227 1232 1232 1232 1232 1227 1227 0 0 0
    1149 1149 1145 1145 1141 1141 1145 1145 1145 1149 1149 1153 1153
    1157 1157 1157 1161 1161 1165 1165 1169 1173 1173 1177 1177 1181
    1181 1181 1185 1189 1193 1193 1193 1193 1197 1197 1202 1202 1202
    1206 1210 1210 1214 1219 1219 1223 1223 1223 1223 1227 1232 1232
    1232 1232 1232 1232 0 0 0 1149 1149 1145 1141 1141 1141 1145 1145
    1149 1149 1153 1153 1153 1157 1157 1161 1161 1161 1165 1165 1169
    1169 1173 1177 1177 1181 1181 1185 1185 1193 1193 1193 1193 1193
    1197 1197 1202 1202 1202 1206 1210 1210 1214 1219 1219 1219 1219
    1223 1227 1227 1232 1232 1232 1236 1232 1232 0 0 0 1173 1149 1145
    1141 1141 1141 1145 1145 1149 1149 1153 1153 1153 1157 1157 1161
    1161 1165 1165 1165 1165 1169 1173 1177 1177 1177 1181 1185 1185
    1193 1193 1193 1197 1193 1193 1197 1202 1202 1206 1206 1210 1210
    1214 1219 1219 1219 1219 1223 1227 1227 1227 1232 1232 1232 1236
    1245 0 0 0 1173 1153 1145 1141 1141 1141 1145 1149 1153 1153 1153
    1153 1153 1157 1157 1157 1161 1165 1165 1165 1165 1169 1173 1177
    1177 1177 1181 1181 1193 1193 1193 1197 1197 1193 1193 1197 1202
    1202 1206 1210 1210 1214 1214 1214 1219 1219 1223 1223 1227 1227
    1227 1227 1232 1232 1241 1241 0 0 0 1161 1153 1149 1145 1141 1141
    1145 1145 1149 1149 1153 1153 1153 1157 1157 1157 1161 1165 1165
    1165 1165 1169 1173 1177 1177 1177 1181 1181 1185 1189 1197 1197
    1197 1193 1193 1197 1202 1206 1210 1210 1214 1214 1214 1214 1214
    1219 1219 1223 1227 1227 1227 1227 1232 1232 1236 1236 0 0 0 1161
    1153 1149 1145 1141 1141 1145 1145 1149 1149 1153 1153 1157 1157
    1157 1157 1161 1165 1165 1165 1169 1173 1173 1177 1177 1177 1181
    1181 1185 1185 1197 1197 1197 1193 1193 1197 1202 1206 1210 1210
    1210 1210 1214 1214 1214 1219 1219 1223 1227 1227 1227 1227 1232
    1232 1232 1232 0 0 0 1157 1157 1149 1141 1141 1141 1145 1145 1149
    1149 1153 1153 1157 1157 1157 1157 1161 1165 1169 1169 1169 1173
    1177 1177 1177 1177 1181 1181 1185 1185 1197 1197 1197 1193 1193
    1197 1202 1206 1210 1210 1210 1210 1214 1214 1219 1219 1223 1227
    1227 1227 1227 1232 1232 1232 1232 1232 0 0 0 0 1157 1145 1141 1141
    1141 1145 1145 1149 1149 1153 1153 1157 1157 1157 1161 1161 1161
    1165 1169 1169 1173 1173 1177 1177 1177 1181 1185 1185 1185 1189
    1189 1193 1197 1197 1197 1202 1206 1210 1210 1210 1210 1214 1214
    1219 1223 1223 1227 1227 1227 1227 1232 1232 1232 1236 1236 0 0 0
    1161 1157 1145 1141 1141 1141 1141 1145 1145 1145 1153 1153 1153
    1157 1157 1161 1161 1161 1165 1165 1169 1173 1173 1177 1177 1177
    1181 1185 1185 1189 1189 1189 1193 1197 1197 1197 1202 1206 1210
    1210 1210 1214 1214 1214 1219 1223 1223 1227 1227 1227 1227 1227
    1232 1232 1236 1236 0 0 0 1161 1153 1145 1141 1141 1141 1141 1145
    1145 1145 1153 1153 1153 1157 1157 1161 1161 1161 1165 1165 1165
    1169 1173 1173 1177 1177 1181 1185 1185 1189 1189 1189 1193 1197
    1197 1197 1197 1202 1206 1210 1210 1214 1214 1214 1219 1223 1223
    1227 1227 1227 1227 1227 1232 1236 1236 1236 0 0 0 0 1153 1145 1141
    1141 1141 1141 1145 1145 1145 1153 1153 1157 1157 1161 1161 1161
    1161 1165 1165 1165 1169 1169 1173 1177 1177 1181 1185 1189 1193
    1193 1193 1193 1193 1197 1197 1197 1202 1206 1210 1210 1214 1214
    1214 1219 1223 1223 1227 1227 1227 1227 1232 1232 1232 1236 1236 0 0
    0 1157 1153 1149 1145 1145 1145 1145 1145 1145 1145 1149 1153 1157
    1157 1157 1161 1161 1161 1165 1165 1165 1169 1169 1173 1177 1177
    1181 1185 1185 1193 1193 1193 1193 1193 1197 1197 1197 1202 1206
    1210 1210 1214 1214 1214 1219 1223 1227 1227 1227 1232 1227 1227
    1232 1232 1232 1236 0 0 0 1157 1153 1149 1145 1145 1145 1145 1145
    1145 1145 1149 1153 1153 1157 1157 1161 1161 1161 1165 1169 1169
    1169 1173 1173 1177 1177 1181 1185 1185 1193 1193 1193 1193 1193
    1197 1197 1202 1202 1206 1210 1210 1214 1214 1219 1219 1223 1227
    1227 1227 1232 1227 1227 1232 1232 1232 1236 0 0 0 1161 1157 1149
    1145 1145 1145 1145 1145 1145 1145 1145 1149 1153 1153 1157 1161
    1161 1161 1165 1169 1169 1173 1173 1173 1177 1177 1181 1185 1185
