<?xml version="1.0"?>
<opencv_storage>
<Depth15758 type_id="opencv-matrix">
  <rows>22</rows>
  <cols>10</cols>
  <dt>w</dt>
  <data>
    5460 5460 5548 5548 5548 5548 0 0 0 0 5548 5548 5548 5548 5548 5548
    0 0 0 0 5640 5640 5640 5548 5548 5548 0 0 0 0 5640 5640 5640 5548
    5548 5548 5640 0 0 0 5640 5640 5640 5548 5548 5640 5640 0 0 0 5640
    5640 5640 5640 5640 5640 5640 0 0 0 5734 5640 5640 5640 5640 5640
    5640 0 0 0 5734 5640 5640 5640 5640 5640 5640 0 0 0 5734 5640 5640
    5640 5640 5640 5548 5548 0 0 5734 5640 5640 5640 5640 5640 5548 5548
    0 0 5734 5640 5640 5640 5640 5640 5640 5640 0 0 6753 5734 5734 5640
    5640 5640 5640 5640 0 0 6889 5832 5734 5640 5640 5734 5640 5640 0 0
    6889 6753 5832 5734 5734 5734 5734 5734 0 0 6753 6622 5832 5734 5734
    5734 5734 5734 0 0 6753 5933 5832 5734 5734 5734 5640 5640 0 0 6753
    5933 5933 5734 5734 5734 5640 5640 5734 0 6889 6753 5933 5832 5832
    5832 5734 5640 5640 0 6889 6889 5933 5832 5832 5832 5734 5640 5548
    5548 6889 6889 6889 6889 5933 5832 5734 5640 5548 5548 6889 7030
    7030 7030 7030 5832 5832 5734 5548 5548 7030 7030 7030 7030 0 7030
    5548 5548 5548 5548</data></Depth15758>
</opencv_storage>
