<?xml version="1.0"?>
<opencv_storage>
<Depth0909 type_id="opencv-matrix">
  <rows>43</rows>
  <cols>63</cols>
  <dt>w</dt>
  <data>
    3774 3774 3816 3774 1696 1696 1696 1696 1696 1696 1696 1696 1696
    1696 1696 1696 1696 1696 1696 1696 1696 1696 1696 1696 1696 1696
    1696 1696 1696 1705 1705 1696 1688 1688 1696 1696 3653 3653 3692
    3692 3692 3653 3653 1696 1696 1688 1688 3692 3692 3732 3692 3692
    3692 3692 3692 3692 3692 3653 3653 3692 3692 4405 4405 3774 3774
    3774 1705 1705 1705 1696 1696 1696 1696 1696 1696 1696 1696 1688
    1688 1696 1696 1696 1696 1696 1696 1696 1688 1688 1696 1696 1696
    1696 1696 1696 1696 1688 1688 1688 1688 1696 1696 1688 1688 3732
    3692 1688 1688 1688 1688 1688 1680 1680 1688 3692 3692 3732 3732
    3692 3692 4463 4463 4463 4463 4349 4349 4349 3774 3774 1680 1705
    1705 1696 1696 1696 1696 1688 1688 1688 1688 1688 1688 1688 1688
    1688 1696 1696 1696 1696 1688 1688 1688 1688 1696 1696 1696 1696
    1696 1696 1680 1680 1688 1688 1696 1688 1688 1688 1680 1680 1688
    1688 1688 1688 1680 1680 1680 1688 1688 1688 1688 1696 1696 1696
    1696 1696 1696 1705 1705 4349 4349 3732 3732 1680 1680 1680 1688
    1688 1696 1696 1688 1688 1688 1688 1688 1688 1688 1688 1688 1688
    1680 1680 1688 1680 1680 1680 1688 1688 1688 1688 1688 1688 1688
    1680 1680 1680 1688 1688 1680 1680 1680 1680 1680 1680 1680 1680
    1680 1680 1680 1680 1688 1688 1688 1688 1688 1688 1688 1688 1696
    1696 1696 1696 1696 4241 3732 3859 3859 1680 1680 1688 1688 1688
    1688 1688 1688 1688 1680 1680 1680 1680 1680 1680 1680 1680 1680
    1680 1680 1680 1680 1680 1680 1680 1671 1671 1671 1671 1671 1671
    1680 1680 1680 1680 1680 1680 1671 1671 1671 1671 1671 1680 1680
    1680 1680 1680 1680 1680 1680 1680 1680 1680 1680 1688 1688 1688
    1696 1696 4241 3732 3859 1688 1680 1680 1680 1680 1680 1680 1680
    1680 1680 1680 1671 1671 1671 1671 1671 1671 1671 1671 1671 1671
    1671 1671 1671 1671 1671 1671 1671 1671 1671 1671 1671 1671 1671
    1671 1671 1671 1671 1671 1671 1671 1671 1671 1671 1671 1671 1680
    1671 1671 1671 1671 1671 1671 1671 1671 1671 1671 1671 1671 1663
    4295 3732 3732 1680 1680 1671 1671 1680 1671 1671 1671 1671 1671
    1671 1671 1671 1671 1671 1671 1671 1671 1671 1671 1671 1671 1671
    1671 1671 1671 1671 1671 1671 1671 1671 1671 1671 1671 1663 1663
    1663 1671 1671 1671 1671 1671 1671 1671 1671 1671 1671 1671 1671
    1671 1671 1671 1671 1663 1663 1663 1663 1663 1663 1663 0 3774 1680
    1680 1671 1671 1663 1663 1663 1663 1663 1663 1663 1671 1671 1671
    1663 1663 1663 1663 1663 1663 1663 1663 1663 1663 1663 1663 1663
    1663 1663 1663 1663 1671 1671 1663 1663 1663 1663 1663 1663 1663
    1663 1663 1663 1663 1671 1671 1671 1671 1671 1671 1671 1663 1663
    1663 1663 1663 1663 1663 1663 1663 1663 3994 3774 3774 1663 1663
    1663 1655 1655 1663 1663 1663 1663 1663 1663 1663 1663 1663 1663
    1663 1663 1663 1663 1663 1663 1663 1663 1663 1663 1663 1663 1663
    1663 1663 1663 1663 1663 1663 1663 1663 1663 1663 1663 1663 1663
    1663 1663 1663 1663 1663 1663 1663 1663 1663 1663 1663 1663 1663
    1663 1663 1663 1655 1655 1655 3994 3774 1647 1663 1663 1663 1655
    1655 1663 1655 1655 1663 1663 1663 1663 1655 1655 1655 1655 1655
    1655 1647 1647 1647 1663 1663 1655 1655 1655 1655 1663 1663 1663
    1655 1655 1655 1655 1655 1655 1655 1655 1655 1663 1663 1663 1663
    1663 1663 1663 1663 1663 1663 1655 1655 1655 1655 1655 1655 1655
    1655 1655 1655 1655 3994 3774 1647 1647 1647 1655 1655 1655 1655
    1655 1655 1655 1655 1655 1655 1655 1647 1647 1647 1647 1647 1647
    1639 1639 1647 1647 1639 1639 1639 1655 1655 1663 1663 1655 1655
    1655 1655 1655 1647 1647 1647 1655 1655 1663 1655 1655 1655 1655
    1655 1655 1655 1655 1655 1655 1647 1647 1655 1655 1655 1655 1655
    1655 1655 3903 3774 1647 1647 1647 1655 1647 1647 1655 1647 1647
    1647 1647 1647 1647 1647 1647 1647 1647 1647 1647 1639 1639 1639
    1639 1639 1639 1639 1639 1639 1647 1647 1647 1639 1639 1639 1647
    1639 1639 1639 1639 1647 1655 1655 1655 1655 1647 1647 1655 1655
    1655 1647 1647 1647 1647 1647 1647 1647 1647 1655 1655 1655 3859
    3859 3774 1647 1647 1647 1647 1647 1647 1647 1639 1639 1639 1639
    1639 1639 1639 1639 1639 1639 1639 1639 1639 1639 1639 1639 1639
    1632 1632 1632 1632 1632 1639 1639 1639 1639 1639 1639 1639 1639
    1639 1639 1639 1647 1647 1655 1655 1647 1647 1647 1647 1647 1639
    1639 1639 1639 1639 1639 1639 1639 1639 1639 1639 3859 3859 3774
    1639 1639 1639 1639 1639 1639 1639 1639 1639 1639 1639 1639 1639
    1639 1639 1639 1639 1639 1639 1632 1632 1639 1639 1639 1632 1632
    1632 1632 1632 1632 1632 1632 1632 1632 1639 1639 1639 1632 1632
    1639 1639 1632 1632 1639 1639 1639 1639 1639 1639 1639 1639 1639
    1639 1639 1639 1639 1639 1632 1632 1632 3859 3859 3774 1639 1639
    1639 1639 1639 1639 1639 1639 1639 1632 1632 1639 1632 1632 1632
    1632 1632 1632 1639 1632 1632 1632 1632 1632 1632 1632 1632 1632
    1632 1632 1632 1632 1632 1632 1632 1632 1632 1632 1632 1632 1632
    1632 1632 1632 1632 1632 1632 1632 1632 1632 1632 1639 1639 1632
    1632 1639 1632 1632 1632 1632 1632 3816 3816 1639 1639 1639 1632
    1632 1639 1639 1632 1632 1632 1632 1632 1632 1632 1632 1632 1632
    1632 1632 1632 1632 1632 1632 1632 1632 1632 1624 1624 1624 1624
    1624 1632 1632 1632 1632 1632 1632 1632 1624 1624 1624 1624 1632
    1632 1632 1632 1624 1624 1624 1632 1632 1632 1624 1624 1624 1624
    1632 1632 1632 1632 1632 3816 0 1632 1632 1632 1632 1632 1632 1632
    1632 1632 1632 1632 1632 1632 1632 1624 1624 1624 1624 1624 1632
    1632 1632 1632 1632 1632 1632 1624 1624 1624 1624 1616 1616 1624
    1624 1624 1624 1624 1624 1624 1624 1624 1624 1624 1632 1624 1624
    1616 1616 1624 1624 1624 1624 1624 1624 1624 1624 1624 1632 1632
    1632 1632 1632 0 1632 1632 1632 1632 1632 1632 1624 1624 1616 1616
    1616 1624 1624 1624 1624 1624 1624 1624 1624 1624 1624 1624 1624
    1632 1632 1624 1616 1616 1616 1616 1616 1616 1616 1616 1616 1616
    1616 1624 1616 1616 1616 1616 1616 1624 1624 1624 1616 1616 1616
    1616 1616 1616 1616 1616 1616 1616 1624 1624 1616 1616 1632 1632 0
    1624 1624 1624 1624 1624 1624 1616 1616 1616 1616 1616 1616 1616
    1616 1616 1616 1616 1616 1616 1616 1616 1616 1616 1624 1624 1624
    1616 1616 1616 1616 1616 1616 1616 1609 1609 1609 1609 1609 1616
    1616 1616 1616 1616 1624 1624 1616 1616 1616 1616 1609 1609 1616
    1616 1616 1616 1616 1616 1616 1609 1609 0 1609 0 1609 1609 1609 1616
    1616 1616 1616 1609 1609 1609 1609 1609 1609 1609 1609 1609 1609
    1609 1609 1609 1609 1609 1616 1616 1616 1609 1609 1609 1609 1609
    1609 1609 1609 1609 1609 1609 1609 1609 1609 1609 1616 1616 1616
    1616 1616 1616 1616 1616 1616 1609 1609 1609 1609 1616 1616 1616
    1609 1609 1609 1609 1609 0 1609 1609 1609 1609 1609 1609 1609 1609
    1609 1609 1609 1609 1609 1609 1609 1609 1609 1609 1609 1609 1609
    1609 1609 1609 1609 1609 1609 1609 1609 1609 1609 1609 1609 1609
    1609 1609 1609 1609 1609 1609 1609 1609 1609 1609 1609 1609 1609
    1609 1609 1609 1609 1609 1609 1609 1609 1609 1609 1609 1609 1609
    1601 1601 0 1609 1609 1609 1609 1609 1609 1609 1609 1609 1609 1609
    1609 1609 1609 1609 1601 1601 1601 1601 1601 1601 1601 1601 1609
    1609 1609 1601 1601 1609 1609 1601 1601 1601 1601 1601 1601 1601
    1601 1601 1601 1601 1609 1609 1609 1601 1601 1601 1601 1601 1601
    1609 1601 1601 1601 1601 1601 1601 1601 1601 1601 1601 1601 0 1609
    1609 1609 1609 1609 1601 1601 1601 1601 1601 1601 1601 1601 1601
    1601 1601 1601 1601 1601 1601 1601 1601 1601 1601 1601 1601 1601
    1601 1601 1601 1601 1601 1601 1601 1601 1601 1601 1601 1601 1601
    1601 1609 1609 1601 1601 1601 1601 1601 1601 1601 1601 1601 1601
    1601 1601 1601 1601 1601 1601 1601 1601 1601 1609 1609 1609 1601
    1601 1601 1601 1601 1601 1601 1601 1601 1601 1601 1601 1601 1601
    1601 1601 1601 1601 1594 1594 1594 1601 1601 1601 1601 1601 1601
