<?xml version="1.0"?>
<opencv_storage>
<Depth11480 type_id="opencv-matrix">
  <rows>7</rows>
  <cols>11</cols>
  <dt>w</dt>
  <data>
    6889 6753 6753 6753 6753 6622 6622 6622 6497 6375 6375 6889 6753
    6753 6753 6753 6622 6622 6497 6497 6375 6375 6889 6889 6753 6753
    6753 6622 6622 6497 6497 6375 6375 6889 6753 6753 6753 6753 6622
    6622 6497 6497 6375 6375 6889 6753 6753 6753 6622 6622 6497 6375
    6375 6375 6375 6753 6889 6889 6753 6622 6622 6497 6375 6375 6375
    7835 6038 6753 6753 6753 6753 6622 6622 6375 6375 6375 7835</data></Depth11480>
</opencv_storage>
