<?xml version="1.0"?>
<opencv_storage>
<Depth13228 type_id="opencv-matrix">
  <rows>25</rows>
  <cols>18</cols>
  <dt>w</dt>
  <data>
    6622 6622 4463 4405 4349 4349 4349 4349 4295 4295 6622 6497 6497
    4349 4349 4349 6375 6375 6497 6497 4463 4349 4349 4349 4349 4349
    4295 4295 4405 4405 4405 4349 4349 4349 4349 4349 6497 6497 4463
    4349 4349 4349 4349 4349 4295 4295 4349 4405 4405 4349 4349 4349
    4349 4349 6497 4463 4463 4405 4405 4349 4349 4349 4295 4295 4349
    4349 4349 4349 4349 4349 4349 4349 6497 4405 4349 4349 4349 4349
    4295 4295 4295 4295 4349 4349 4349 4349 4349 4349 4349 4295 6622
    4405 4349 4349 4349 4349 4295 4295 4295 4295 4349 4295 4295 4349
    4349 4349 4349 4295 6622 4405 4349 4349 4349 4349 4349 4349 4349
    4349 4349 4295 4295 4349 4295 4295 4349 4295 4405 4405 4349 4349
    4349 4349 4349 4349 4349 4349 4349 4295 4295 4295 4295 4295 4295
    4295 4405 4405 4405 4405 4349 4349 4349 4349 4349 4349 4295 4295
    4295 4295 4295 4295 4295 4295 4463 4405 4405 4405 4349 4349 4349
    4349 4349 4295 4295 4295 4295 4295 4295 4295 4241 4241 4463 4405
    4405 4405 4349 4349 4295 4295 4295 4295 4295 4295 4295 4295 4295
    4295 4241 4241 4463 4405 4405 4349 4349 4349 4295 4295 4295 4295
    4295 4295 4295 4295 4295 4295 4241 4241 4405 4405 4405 4349 4349
    4349 4295 4295 4295 4295 4295 4295 4295 4295 4295 4295 4241 4241
    4405 4405 4349 4349 4295 4295 4295 4295 4295 4295 4295 4295 4295
    4295 4295 4295 4295 6146 4349 4349 4349 4349 4295 4295 4295 4295
    4295 4295 4295 4295 4295 4295 4295 4295 4295 6038 4349 4349 4349
    4349 4349 4295 4295 4295 4295 4295 4295 4295 4295 4295 4295 4295
    4295 6038 4349 4349 4295 4295 4295 4295 4295 4295 4295 4295 4295
    4295 4295 4295 4295 4241 4241 4295 4295 4349 4295 4295 4295 4295
    4295 4295 4295 4295 4295 4295 4295 4295 4241 4241 4241 4295 4295
    4349 4295 4295 4295 4295 4295 4295 4295 4295 4295 4295 4295 4295
    4241 4241 4241 4241 4295 4349 4295 4295 4241 4241 4241 4241 4241
    4295 4295 4295 4295 4295 4241 4241 4241 4241 4349 4349 4295 4295
    4241 4241 4241 4241 4241 4295 4295 4295 4295 4241 4241 4190 4190
    4241 4405 4349 4295 4295 4241 4241 4241 4241 4295 4295 4295 4295
    4295 4241 4241 4190 4190 6259 6497 4405 4295 4295 4241 4241 4241
    4241 4295 4295 4295 4295 4295 4295 4295 4241 4241 6259 6497 4405
    4405 4349 4241 4241 4241 4241 4241 4295 4295 4295 4295 4295 4295
    4295 4295 6375 6497 6497 4463 4349 4295 4295 4295 4295 6375 6375
    6375 6375 6375 4295 4295 6375 6497 6375</data></Depth13228>
</opencv_storage>
