<?xml version="1.0"?>
<opencv_storage>
<Depth5410 type_id="opencv-matrix">
  <rows>56</rows>
  <cols>22</cols>
  <dt>w</dt>
  <data>
    2415 2415 2432 2450 2090 2090 2103 2103 2090 2090 2053 2053 2078
    2078 2078 2541 2541 2541 2541 2541 2541 2560 2415 2415 2415 2432
    2090 2090 2103 2103 2103 2090 2053 2053 2053 2053 2560 2560 2560
    2541 2541 2541 2541 2560 2415 2415 2415 2415 2415 2103 2090 2090
    2103 2103 2103 2103 2450 2450 0 2579 2579 2560 2541 2541 2541 2560
    2415 2415 2415 2398 2398 2415 2090 2090 2103 2116 2116 2450 2450
    2450 2450 2598 2598 2541 2541 2541 2541 2560 2415 2415 2415 2398
    2398 2415 2415 2103 2103 2156 2432 2450 2450 2450 0 2450 0 2541 2522
    2522 2541 2541 2432 2432 2415 2415 2415 2432 2432 2432 2432 2432
    2432 2450 2450 2450 0 0 0 0 2522 2522 2541 2541 2432 2432 2415 2415
    2415 2432 2432 2432 2432 2432 2432 2450 2450 2450 0 0 0 0 2541 2541
    2541 2541 2450 2432 2415 2415 2432 2450 2450 2450 2450 2450 2450
    2450 2450 2450 0 0 0 0 0 2541 2541 2541 2415 2432 2432 2432 2432
    2432 2432 2432 2432 2432 2450 2450 2450 2467 0 0 0 0 0 2541 2541
    2541 2398 2398 2398 2398 2398 2398 2398 2415 2432 2432 2450 2450
    2450 2467 0 0 0 0 0 0 2541 2541 2398 2398 2398 2398 2398 2398 2398
    2398 2415 2415 2432 2450 2450 2467 2503 0 0 0 0 0 0 2579 2398 2398
    2381 2381 2381 2398 2398 2398 2415 2415 2432 2450 2467 2467 2485 0 0
    0 0 0 0 2579 2398 2398 2381 2381 2381 2381 2398 2398 2415 2432 2432
    2450 2450 2467 2450 2450 0 0 0 0 0 2579 2381 2381 2381 2381 2381
    2381 2398 2398 2415 2432 2432 2450 2450 2467 2450 2450 0 0 0 0 0
    2579 2381 2381 2381 2381 2381 2381 2398 2398 2415 2432 2432 2450
    2450 2450 2467 2467 0 0 0 0 0 0 2381 2381 2381 2381 2381 2381 2398
    2398 2415 2432 2432 2450 2450 2450 2467 2467 0 0 0 0 0 0 2381 2381
    2381 2381 2381 2381 2398 2398 2415 2432 2450 2450 2450 2450 2467
    2467 0 0 0 0 0 0 2381 2381 2398 2381 2381 2398 2398 2415 2415 2432
    2450 2450 2450 2467 2485 2485 2503 0 0 0 0 0 2381 2381 2398 2398
    2398 2398 2415 2415 2432 2450 2467 2467 2467 2467 2485 2485 2503
    2541 0 0 0 0 2381 2381 2398 2398 2398 2415 2415 2415 2398 2398 2467
    2467 2467 2467 2485 2503 2522 2541 2541 2560 0 0 2398 2398 2398 2398
    2398 2415 2415 2415 2398 2398 2450 2485 2467 2467 2503 2522 2522
    2522 2522 2522 0 0 2398 2398 2398 2381 2381 2398 2398 2415 2415 2415
    2450 2485 2485 2485 2503 2503 2522 2522 2522 2522 0 0 2398 2398 2381
    2381 2381 2398 2398 2415 2415 2415 2432 2467 2467 2485 2485 2503
    2503 2522 2522 2522 0 0 2381 2381 2365 2365 2381 2381 2398 2415 2415
    2415 2432 2450 2450 2467 2467 2485 2503 2522 2522 2522 0 0 2381 2381
    2365 2365 2381 2381 2398 2415 2415 2432 2450 2450 2450 2467 2467
    2485 2503 2522 2522 2541 0 0 2381 2381 2365 2365 2381 2398 2398 2415
    2432 2450 2450 2450 2450 2467 2485 2485 2503 2522 2522 2541 0 0 2365
    2365 2365 2381 2398 2398 2398 2398 2415 2432 2432 2450 2450 2467
    2485 2485 2503 2541 2541 2598 0 0 2365 2365 2365 2381 2398 2398 2398
    2398 2415 2432 2432 2450 2467 2467 2485 2503 2522 2560 2579 2598 0 0
    2365 2365 2381 2398 2398 2398 2398 2398 2415 2432 2432 2450 2467
    2467 2503 2503 2522 2560 2598 2598 0 0 2381 2381 2398 2381 2381 2398
    2398 2398 2398 2432 2432 2450 2467 2485 2522 2522 2560 2579 2598
    2598 0 0 2381 2381 2398 2381 2381 2398 2398 2398 2398 2432 2432 2450
    2485 2503 2522 2541 2560 2541 2541 2579 2485 2485 2381 2381 2381
    2398 2398 2398 2398 2398 2415 2432 2467 2467 2485 2503 2522 2541
    2560 2522 2503 2503 2485 2485 2381 2381 2381 2381 2398 2398 2398
    2398 2415 2432 2467 2467 2485 2522 2522 2541 2541 2485 2485 2503
    2522 2522 2381 2381 2381 2381 2398 2398 2398 2398 2432 2450 2467
    2467 2485 2522 2541 2541 2541 2485 2485 2579 2579 2618 2381 2381
    2381 2398 2398 2398 2415 2415 2432 2432 2467 2503 2522 2541 2541
    2541 2541 2541 2560 2598 2598 2598 2381 2381 2381 2398 2398 2415
    2415 2415 2415 2415 2503 2560 2560 2560 2541 2541 2560 2560 2579
    2579 2579 2579 2381 2381 2398 2398 2398 2415 2415 2432 2415 2415
    2541 2560 2560 2560 2541 2541 2560 2579 2598 2579 2579 2579 2381
    2381 2381 2398 2398 2398 2415 2432 2450 2485 2541 2560 2560 2560
    2560 2560 2598 2598 2598 2598 2598 2598 2381 2381 2381 2398 2398
    2398 2415 2415 2450 2485 2522 2541 2541 2541 2541 2560 2560 2579
    2598 2598 2579 2579 2381 2381 2398 2398 2398 2415 2415 2415 2485
    2522 2522 2541 2541 2541 2541 2560 2560 2579 2579 2579 2579 2579
    2381 2381 2398 2415 2415 2415 2432 2450 2503 2522 2522 2541 2541
    2560 2560 2560 2560 2579 2579 2579 2579 2579 2381 2398 2398 2415
    2415 2432 2432 2467 2541 2541 2541 2541 2541 2560 2560 2560 2560
    2579 2579 2579 2579 2598 2398 2398 2415 2415 2432 2450 2467 2522
    2541 2541 2541 2541 2541 2560 2560 2560 2579 2598 2598 2598 2598
    3503 2398 2398 2415 2415 2432 2450 2467 2522 2541 2541 2541 2541
    2541 2560 2560 2579 2598 2598 2618 2618 3365 3503 2398 2398 2415
    2415 2432 2467 2485 2522 2541 2541 2541 2541 2541 2541 2560 2579
    2598 2598 2618 3365 3365 3503 2398 2398 2398 2415 2450 2485 2522
    2541 2541 2541 2541 2541 2541 2541 2541 2579 2598 2598 2598 2618
    3468 3468 2415 2398 2398 2415 2467 2522 2522 2541 2541 2541 2541
    2541 2541 2541 2541 2579 2598 2598 2598 2598 3503 3468 2415 2398
    2398 2415 2450 2522 2522 2541 2541 2541 2541 2541 2541 2541 2560
    2579 2598 2598 2598 2598 3503 3468 2432 2415 2415 2432 2450 2485
    2503 2522 2522 2541 2541 2541 2541 2541 2560 2579 2598 2598 2598
    2598 3468 3468 2450 2432 2432 2432 2450 2485 2503 2522 2522 2541
    2541 2541 2541 2541 2560 2579 2598 2598 2598 3503 3468 3468 2450
    2450 2450 2467 2467 2503 2503 2522 2541 2541 2522 2522 2522 2541
    2560 2579 2579 2598 2618 3503 3468 3468 2467 2467 2503 2560 2560
    2541 2541 2541 2522 2522 2522 2522 2522 2541 2541 2560 2579 2598
    3503 3468 3468 3468 2450 2450 2522 2522 2541 2560 2541 2541 2522
    2522 2522 2522 2541 2541 2541 2560 2579 3503 3503 3468 3468 3468
    2450 2450 2503 2522 2541 2560 2541 2541 2522 2522 2522 2522 2541
    2560 2560 2579 2579 2598 3503 3503 1145 1145 2450 2467 2503 2541
    2541 2541 2541 2541 2541 2541 2541 2541 2541 2560 2560 2560 2560
    2598 0 0 1145 1145 2467 2503 2560 2541 2541 2541 2541 2541 2541 2541
    2541 2541 2541 2560 2560 2560 2560 0 0 0 0 1145</data></Depth5410>
</opencv_storage>
