<?xml version="1.0"?>
<opencv_storage>
<Depth17965 type_id="opencv-matrix">
  <rows>32</rows>
  <cols>16</cols>
  <dt>w</dt>
  <data>
    3433 3433 3433 3433 3433 3433 4463 4463 4463 4522 4522 4463 4405
    3692 3692 3692 3468 3433 3433 3468 3468 3468 4463 4463 4463 4522
    4522 4463 4405 4405 4405 3692 3468 3468 3468 3468 3503 4582 4522
    4463 4463 4463 4522 4463 4463 4522 4463 4463 3433 3433 3468 3468
    3503 4522 4522 4463 4463 4463 4522 4522 4522 4522 4463 4463 3433
    3433 3468 3468 3503 4522 4522 4463 4463 4463 4463 4522 4522 4522
    4522 4463 3433 3433 3468 3468 4645 4522 4522 4522 4522 4463 4463
    4463 4522 4522 4522 4463 3433 3433 3468 3468 4645 4522 4522 4522
    4522 4522 4463 4463 4522 4522 4522 4522 3468 3468 3503 3503 4582
    4522 4522 4522 4522 4522 4522 4522 4522 4522 4522 4522 3468 3468
    3503 3503 4522 4463 4463 4522 4522 4522 4522 4522 4522 4522 4522
    4522 3468 3503 3503 3503 4522 4463 4463 4522 4522 4522 4522 4522
    4522 4522 4522 4522 3503 3503 3468 3468 4522 4463 4463 4522 4522
    4522 4522 4522 4522 4522 4522 4522 3503 3503 3433 3433 4522 4463
    4463 4522 4522 4522 4522 4463 4463 4463 4463 3732 3503 3503 3433
    3433 4522 4463 4463 4522 4522 4522 4522 4463 4463 4405 3774 3732
    3539 3539 3503 3503 4463 4463 4463 4522 4522 4522 4522 4463 4463
    4405 3732 3732 3539 3539 3539 4463 4463 4463 4463 4522 4522 4522
    4522 4463 4463 4405 3732 3732 3539 3539 4463 4463 4463 4463 4463
    4522 4522 4463 4463 4463 4405 4405 3732 3732 3539 4463 4405 4405
    4405 4405 4463 4522 4522 4463 4405 4295 4295 4295 3732 3732 3539
    4405 4349 4349 4349 4349 4405 4463 4463 4405 4349 4241 3994 3774
    3774 3732 3539 4405 4349 4349 4349 4349 4405 4463 4463 4405 4349
    4241 3816 3774 3774 3774 4405 4405 4349 4349 4349 4349 4405 4463
    4463 4405 4349 4349 3816 3774 3774 3774 4405 4405 4405 4405 4405
    4405 4463 4463 4463 4405 4405 4405 3816 3774 3774 3774 4463 4463
    4463 4463 4463 4463 4463 4522 4522 4463 4463 4463 3774 3774 3774
    3774 4463 4463 4463 4522 4522 4522 4522 4522 4522 4522 4522 4522
    3774 3774 3774 3774 4522 4522 4522 4522 4522 4522 4522 4582 4582
    4522 4522 4522 3774 3774 3774 3774 4522 4522 4522 4522 4522 4522
    4522 4582 4582 4582 4582 4582 4582 3774 3774 3774 4522 4522 4522
    4522 4522 4522 4522 4582 4582 4582 4582 4582 4582 3774 3774 3774
    4522 4522 4522 4522 4522 4522 4522 4582 4582 4582 4582 4582 3816
    3774 3774 3774 4463 4463 4463 4463 4463 4463 4463 4522 4463 4463
    3774 3774 3774 3816 3816 3816 4405 4405 4405 4405 4405 4405 4405
    4463 4463 4463 3774 3774 3774 3816 3816 3816 4295 4349 4349 4349
    4349 4349 4349 4405 4349 4349 3859 3774 3774 3816 3816 3816 4295
    4349 4349 4349 4349 4349 4349 4405 4349 3692 3692 3732 3774 3816
    3816 3816 4349 4295 4295 4295 4349 4349 4349 4405 4405 3692 3653
    3653 3816 3816 3774 3774</data></Depth17965>
</opencv_storage>
