<?xml version="1.0"?>
<opencv_storage>
<Depth3213 type_id="opencv-matrix">
  <rows>42</rows>
  <cols>28</cols>
  <dt>w</dt>
  <data>
    5548 5548 5548 5548 5548 5548 5548 5548 5460 2723 2723 2723 2723
    2723 2723 2744 2744 2744 2744 5210 5210 5210 5210 5210 5210 5132
    5132 5056 5548 5548 5548 5548 5548 5548 5548 5548 2789 2789 2744
    2723 2723 2723 2723 2744 2744 2744 2744 5291 5210 5210 5210 5210
    5210 5132 5132 5056 5548 5548 5548 5548 5548 5548 5548 5548 2767
    2767 2744 2723 2723 2723 2723 2723 2744 2723 2723 2723 5210 5210
    5210 5210 5210 5132 5132 5132 5548 5548 5548 5548 5548 2659 2659
    2659 2723 2723 2723 2701 2701 2701 2701 2701 2723 2723 2701 2701
    2701 5291 5210 5210 2767 2767 5210 5132 5548 5548 5548 2639 2639
    2639 2659 2659 2680 2701 2701 2701 2701 2701 2701 2701 2723 2723
    2701 2701 2701 2723 2723 2744 2744 2767 2767 5210 5548 5548 2659
    2639 2639 2639 2639 2639 2659 2680 2680 2680 2659 2659 2723 2723
    2723 2723 2723 2723 2723 2723 2723 2723 2744 2744 2744 5210 5640
    2701 2659 2659 2639 2639 2639 2639 2659 2659 2659 2680 2659 2659
    2701 2723 2723 2723 2723 2723 2723 2723 2723 2723 2723 2744 2744
    2744 5548 2701 2659 2659 2659 2639 2639 2659 2659 2659 2659 2659
    2659 2659 2701 2723 2723 2723 2723 2723 2723 2723 2723 2723 2723
    2744 2744 2744 2723 2723 2659 2659 2659 2659 2659 2659 2659 2659
    2659 2659 2680 2680 2680 2680 2701 2701 2701 2723 2723 2723 2723
    2723 2723 2744 2744 2744 2723 2723 2723 2680 2659 2659 2659 2659
    2659 2659 2659 2659 2659 2680 2680 2680 2701 2701 2701 2723 2723
    2723 2723 2723 2723 2744 2744 2744 2744 2723 2723 2659 2659 2659
    2659 2659 2659 2659 2659 2659 2659 2659 2680 2680 2680 2701 2701
    2723 2723 2723 2723 2723 2723 2723 2723 2723 2744 2723 2680 2659
    2659 2659 2659 2659 2659 2659 2659 2659 2659 2659 2680 2680 2680
    2701 2701 2723 2723 2723 2723 2723 2723 2723 2723 2723 5460 2723
    2659 2659 2659 2659 2659 2659 2659 2639 2639 2659 2659 2659 2659
    2659 2680 2680 2701 2701 2723 2723 2723 2723 2723 2723 2723 2723
    5548 2680 2659 2659 2639 2639 2639 2639 2639 2639 2639 2639 2639
    2639 2659 2659 2680 2680 2701 2701 2701 2723 2723 2723 2723 2723
    2723 2723 2744 2680 2659 2659 2639 2639 2639 2639 2639 2639 2639
    2639 2639 2639 2659 2659 2680 2680 2680 2680 2701 2701 2701 2723
    2723 2723 2723 2723 2744 2723 2659 2659 2639 2639 2639 2639 2639
    2639 2639 2639 2639 2639 2639 2659 2659 2680 2680 2680 2701 2701
    2701 2723 2723 2723 2723 2723 2767 2680 2659 2659 2639 2639 2639
    2639 2639 2639 2639 2639 2639 2639 2639 2659 2659 2680 2680 2680
    2701 2701 2701 2723 2723 2723 2723 2723 5460 2680 2659 2659 2639
    2618 2618 2639 2639 2639 2639 2639 2639 2639 2639 2659 2659 2680
    2680 2680 2701 2701 2701 2723 2723 2723 2723 2723 5460 2680 2659
    2659 2639 2618 2618 2639 2639 2639 2639 2639 2639 2639 2659 2659
    2659 2659 2659 2680 2701 2701 2701 2723 2723 2723 2701 2701 5460
    2659 2659 2639 2639 2618 2618 2639 2639 2639 2639 2639 2639 2639
    2639 2639 2639 2659 2659 2680 2680 2701 2701 2723 2723 2723 2701
    2701 2659 2659 2659 2639 2639 2618 2618 2618 2639 2639 2639 2639
    2639 2639 2639 2639 2639 2659 2659 2680 2680 2701 2701 2701 2701
    2723 2701 2701 2659 2659 2659 2639 2639 2618 2618 2618 2639 2639
    2639 2639 2639 2639 2639 2639 2639 2659 2659 2659 2680 2680 2680
    2701 2701 2701 2701 2701 2659 2659 2659 2659 2639 2639 2618 2618
    2618 2618 2618 2639 2639 2639 2639 2639 2639 2659 2659 2659 2680
    2680 2680 2680 2701 2701 2701 2701 2680 2680 2680 2659 2639 2618
    2618 2618 2618 2618 2618 2618 2639 2639 2639 2639 2639 2639 2639
    2659 2659 2680 2680 2680 2701 2701 2701 2701 5548 2723 2680 2659
    2639 2618 2618 2598 2598 2598 2598 2618 2618 2618 2639 2639 2639
    2639 2639 2639 2659 2680 2680 2680 2680 2701 2701 2701 5460 2680
    2659 2659 2639 2639 2618 2598 2598 2598 2598 2618 2618 2618 2618
    2639 2639 2639 2639 2639 2659 2680 2680 2680 2680 2701 2701 2701
    5548 2680 2659 2659 2639 2639 2618 2598 2598 2598 2598 2618 2618
    2618 2618 2639 2639 2639 2639 2659 2659 2680 2680 2680 2680 2680
    2701 2701 5460 2680 2659 2639 2639 2618 2618 2598 2598 2598 2598
    2618 2618 2618 2618 2639 2639 2639 2639 2659 2659 2659 2680 2659
    2659 2680 2680 2680 5460 2680 2659 2639 2618 2598 2598 2598 2598
    2598 2598 2618 2618 2618 2618 2639 2639 2639 2639 2659 2659 2659
    2659 2659 2659 2680 2680 2680 5374 2659 2639 2639 2598 2579 2579
    2598 2598 2598 2618 2618 2618 2618 2618 2639 2639 2639 2639 2639
    2639 2659 2659 2659 2659 2659 2680 2680 5291 2639 2639 2618 2579
    2579 2579 2579 2579 2579 2598 2598 2618 2598 2598 2618 2639 2639
    2639 2639 2639 2659 2659 2659 2659 2659 2659 2680 2639 2639 2639
    2618 2579 2579 2579 2579 2579 2579 2598 2598 2598 2598 2598 2618
    2618 2639 2639 2639 2639 2659 2659 2659 2659 2659 2659 2659 2618
    2639 2639 2618 2579 2579 2579 2579 2579 2598 2598 2598 2598 2598
    2598 2598 2598 2639 2639 2639 2639 2659 2659 2659 2659 2659 2659
    2659 2618 2639 2639 2618 2598 2579 2579 2579 2579 2579 2598 2579
    2579 2598 2598 2598 2598 2639 2639 2639 2639 2639 2659 2659 2659
    2659 2659 2680 2639 2639 2639 2639 2618 2579 2579 2579 2579 2579
    2598 2579 2579 2598 2598 2598 2598 2639 2639 2639 2639 2639 2639
    2639 2659 2659 2659 2680 2639 2639 2639 2639 2598 2579 2579 2579
    2579 2579 2579 2579 2579 2579 2579 2579 2618 2639 2639 2639 2639
    2639 2639 2639 2659 2659 2659 2659 2639 2639 2639 2639 2598 2579
    2579 2579 2579 2579 2579 2579 2579 2579 2579 2579 2598 2618 2618
    2618 2639 2639 2639 2639 2639 2639 2659 2659 5374 2639 2639 2639
    2598 2579 2579 2579 2579 2579 2579 2579 2579 2579 2579 2598 2598
    2618 2618 2618 2639 2639 2639 2639 2639 2639 2659 2659 5460 2639
    2639 2639 2598 2579 2579 2579 2579 2579 2579 2579 2579 2579 2579
    2579 2598 2618 2618 2618 2618 2639 2639 2639 2639 2639 2659 2659
    5460 2639 2618 2618 2598 2579 2579 2560 2560 2560 2579 2579 2579
    2579 2579 2579 2598 2618 2618 2618 2618 2639 2639 2639 2639 2639
    2659 4708 5374 5374 2618 2618 2598 2579 2579 2560 2560 2560 2579
    2579 2579 2579 2598 2598 2618 2618 2618 2639 2639 2639 2639 2639
    2659 2659 2659 4708 5291 5291 5291 2639 2598 2579 2560 2560 2560
    2560 2579 2598 2598 2598 5132 5056 4983 4983 4983 4983 4983 4983
    4983 4983 2659 2659 4911 4708</data></Depth3213>
</opencv_storage>
