<?xml version="1.0"?>
<opencv_storage>
<Depth5085 type_id="opencv-matrix">
  <rows>59</rows>
  <cols>45</cols>
  <dt>w</dt>
  <data>
    4295 4295 4295 4295 4295 4295 4241 4241 4241 4241 4241 4241 4241
    4241 4241 4241 4241 4241 4241 4241 4190 4190 1894 1894 1894 1904
    1915 1926 1926 1936 1936 4295 4190 4139 4089 4089 4089 4089 4089
    4089 4089 4041 4041 4041 4041 4295 4295 4295 4349 4295 4295 4295
    4241 4241 4241 4241 4241 4241 4241 4241 4241 4241 4241 4241 4241
    4190 4190 1883 1883 1883 1894 1915 1915 1926 1926 1926 4405 4295
    4089 4089 4089 4089 4089 4089 4089 4089 4041 4041 4041 4041 4295
    4349 4349 4349 4349 4295 4295 4295 4241 4241 4190 4190 4190 4190
    1804 1804 1813 1853 1853 4241 1853 1853 1863 1873 1883 1894 1904
    1915 1915 1915 1915 1926 4295 4089 4089 4089 4089 4089 4089 4089
    4041 4041 4041 4041 4041 4349 4349 4349 4349 4349 4295 4295 4241
    4241 4241 4190 4190 4190 4190 1804 1804 1813 1823 1833 1833 1833
    1843 1863 1873 1873 1883 1894 1904 1904 1915 1915 1926 1936 4089
    4089 4139 4089 4089 4089 4041 4041 4041 4041 4041 4041 4349 4349
    4349 4405 4349 4349 4349 4241 4241 4241 4241 4241 1804 1804 1804
    1804 1813 1823 1823 1833 1833 1843 1863 1863 1873 1883 1894 1904
    1904 1915 1915 1926 1936 1936 4139 4139 4139 4089 4041 4041 4041
    4041 4041 4041 4041 4349 4349 4349 4405 4405 1813 1804 1804 1804
    1804 4241 4241 1785 1785 1785 1804 1813 1813 1823 1823 1833 1843
    1853 1863 1863 1883 1894 1904 1904 1915 1926 1926 1936 1936 1936
    4139 4139 4089 4041 4041 4041 4041 4041 4041 4041 4349 4349 4349
    1833 1813 1813 1804 1804 1804 1804 1804 1804 1804 1785 1785 1804
    1804 1813 1813 1823 1823 1843 1853 1853 1853 1873 1883 1894 1904
    1915 1926 1926 1936 1936 1936 4139 4139 4089 4089 4041 4041 4041
    4041 4041 4041 1853 1843 1833 1833 1813 1813 1813 1804 1804 1804
    1804 1794 1785 1785 1785 1804 1804 1804 1813 1813 1823 1833 1843
    1843 1853 1863 1883 1883 1894 1904 1915 1926 1926 1926 1926 4139
    4139 4089 4089 4041 4041 4041 4041 4041 4041 1853 1843 1833 1833
    1813 1813 1813 1804 1804 1804 1804 1794 1785 1785 1785 1804 1804
    1804 1813 1813 1823 1833 1843 1843 1853 1853 1873 1883 1894 1894
    1904 1915 1926 1926 1926 4139 4139 4089 4089 4041 4041 4041 4041
    4041 4041 1853 1843 1843 1833 1813 1813 1813 1804 1804 1804 1794
    1785 1776 1776 1785 1794 1804 1804 1804 1813 1823 1833 1843 1843
    1853 1853 1873 1883 1883 1894 1894 1915 1926 1926 1926 1926 4089
    4089 4089 4089 4041 4041 4041 4041 4041 1853 1853 1843 1833 1823
    1813 1813 1804 1804 1804 1794 1785 1776 1776 1776 1794 1804 1804
    1804 1813 1823 1833 1843 1843 1853 1863 1863 1873 1883 1883 1894
    1904 1915 1926 1926 1947 4089 4089 4089 4089 4041 4041 4041 4041
    4041 1863 1853 1843 1833 1823 1813 1813 1804 1804 1804 1794 1785
    1776 1776 1776 1785 1794 1794 1804 1813 1813 1833 1833 1843 1853
    1853 1863 1873 1883 1883 1894 1904 1915 1915 1926 1936 4139 4139
    4089 4089 4041 4041 4041 4041 4041 1863 1853 1843 1833 1823 1813
    1813 1813 1804 1804 1794 1785 1776 1776 1776 1785 1785 1794 1804
    1804 1813 1823 1833 1843 1853 1853 1863 1873 1883 1883 1894 1904
    1904 1915 1926 1926 4139 4139 4089 4089 4041 4041 4041 4041 4041
    4295 1843 1843 1833 1823 1813 1813 1813 1804 1804 1794 1785 1785
    1785 1785 1785 1785 1794 1804 1804 1813 1813 1823 1843 1853 1853
    1863 1873 1873 1883 1894 1894 1904 1915 1926 1926 4139 4139 4089
    4089 4041 4041 4041 4041 4041 4295 1843 1843 1833 1823 1823 1813
    1813 1804 1804 1794 1785 1785 1776 1776 1776 1776 1785 1804 1804
    1813 1813 1823 1833 1843 1853 1853 1863 1873 1883 1894 1894 1904
    1915 1926 1926 1926 4089 4089 4041 4041 4041 4041 4041 4041 4349
    1843 1843 1843 1833 1823 1813 1813 1804 1804 1794 1794 1785 1776
    1776 1776 1776 1785 1804 1804 1804 1813 1823 1823 1843 1843 1853
    1853 1863 1883 1883 1894 1894 1904 1926 1926 1926 4089 4089 4041
    4041 4041 4041 4041 4041 4405 4405 1843 1843 1843 1833 1823 1813
    1804 1804 1804 1794 1785 1776 1776 1776 1776 1785 1794 1794 1804
    1804 1813 1813 1833 1843 1853 1853 1863 1883 1883 1894 1894 1904
    1915 1926 1926 4089 4089 4089 4089 4041 4041 4041 4041 4349 4349
    1843 1843 1843 1833 1823 1813 1804 1804 1804 1785 1785 1776 1776
    1776 1776 1776 1785 1794 1804 1804 1813 1813 1823 1833 1843 1853
    1853 1873 1883 1894 1894 1904 1915 1926 1926 1926 4139 4089 4089
    4041 4041 4041 4041 4349 4349 4349 1853 1853 1833 1823 1813 1813
    1804 1804 1785 1785 1776 1776 1776 1776 1776 1785 1794 1804 1804
    1813 1813 1813 1823 1843 1853 1853 1873 1883 1894 1894 1894 1904
    1926 1926 1926 4139 4139 4089 4089 4089 4041 4041 4349 4349 4349
    1853 1853 1833 1823 1813 1813 1813 1804 1785 1785 1785 1776 1776
    1776 1776 1785 1794 1794 1804 1804 1813 1813 1823 1833 1843 1853
    1853 1883 1894 1894 1894 1894 1915 1926 1926 4139 4139 4089 4089
    4089 4041 4041 4349 4349 4349 1853 1853 1833 1823 1813 1813 1813
    1804 1794 1785 1785 1776 1776 1776 1776 1785 1785 1794 1794 1804
    1813 1813 1823 1833 1843 1853 1853 1873 1883 1894 1894 1894 1915
    1926 1926 1926 4089 4089 4089 4041 4041 4041 4405 4405 4405 1853
    1853 1833 1823 1813 1813 1813 1804 1794 1785 1785 1776 1776 1776
    1776 1776 1785 1785 1794 1804 1804 1813 1823 1843 1853 1853 1853
    1863 1883 1894 1894 1894 1915 1915 1926 1926 4089 4089 4089 4041
    4041 4041 4405 4405 4405 1853 1853 1843 1823 1823 1813 1813 1804
    1804 1794 1785 1776 1766 1766 1766 1776 1776 1776 1785 1804 1804
    1813 1823 1833 1843 1843 1853 1863 1873 1883 1894 1904 1915 1915
    1915 1915 4089 4089 4089 4041 4041 4041 4405 4405 4405 4405 1843
    1843 1843 1833 1823 1813 1804 1804 1794 1785 1776 1766 1766 1766
    1776 1776 1776 1785 1794 1804 1813 1813 1823 1843 1843 1853 1863
    1863 1883 1883 1894 1904 1915 1915 1915 4139 4139 4089 4041 4041
    4041 4405 4405 4405 4463 1843 1843 1843 1833 1823 1813 1804 1804
    1794 1785 1776 1776 1776 1766 1766 1766 1766 1776 1794 1804 1804
    1813 1813 1833 1843 1853 1863 1863 1883 1883 1894 1904 1915 1915
    1915 1915 4139 4089 4041 4041 4041 4405 4405 4405 4463 4463 1833
    1833 1833 1823 1813 1804 1804 1794 1785 1776 1776 1776 1766 1766
    1766 1766 1776 1785 1794 1804 1813 1813 1823 1833 1853 1853 1863
    1873 1883 1894 1904 1915 1915 1915 1915 4190 4139 4089 4041 4041
    4405 4405 4405 4405 4405 1823 1823 1833 1823 1813 1804 1804 1804
    1785 1776 1776 1776 1776 1776 1776 1776 1776 1776 1794 1804 1804
    1813 1813 1833 1853 1853 1863 1863 1863 1883 1894 1904 1915 1915
    1915 4241 4089 4041 4041 4041 4405 4405 4349 4349 4349 1823 1823
    1833 1823 1813 1804 1804 1804 1785 1785 1776 1776 1776 1776 1766
    1766 1776 1776 1785 1804 1804 1804 1813 1823 1853 1853 1853 1863
    1863 1883 1894 1894 1904 1904 1915 1915 4041 4041 4041 4041 4405
    4405 4349 4349 4349 4349 1843 1833 1823 1813 1804 1804 1804 1794
    1785 1785 1776 1776 1776 1766 1766 1776 1776 1785 1794 1804 1804
    1804 1813 1843 1843 1853 1853 1873 1883 1883 1894 1894 1904 1915
    1926 4041 4041 4041 4041 4405 4405 4349 4349 4349 4349 1843 1843
    1833 1813 1813 1804 1804 1794 1794 1785 1785 1776 1766 1766 1766
    1776 1776 1776 1794 1804 1804 1804 1813 1843 1843 1853 1853 1873
    1873 1883 1883 1894 1904 1915 1915 1915 4041 4041 4041 4405 4405
    4349 4295 4295 4295 1843 1843 1833 1813 1813 1804 1804 1794 1794
    1785 1776 1776 1766 1766 1766 1766 1776 1776 1785 1794 1804 1804
    1813 1833 1843 1843 1853 1863 1873 1883 1883 1894 1904 1915 1915
    1936 4041 4041 4041 4405 4405 4349 4295 4295 4295 1843 1843 1833
    1813 1813 1804 1804 1794 1794 1785 1776 1776 1766 1766 1766 1766
    1776 1776 1785 1785 1794 1804 1813 1823 1843 1843 1853 1853 1863
    1883 1883 1894 1894 1915 1926 1926 1936 4041 4041 4405 4405 4349
    4295 4295 4295 4295 1823 1823 1813 1813 1804 1804 1794 1794 1785
    1776 1776 1766 1766 1766 1776 1776 1776 1785 1785 1794 1804 1813
    1813 1843 1843 1843 1853 1863 1883 1883 1894 1894 1904 1915 1926
