<?xml version="1.0"?>
<opencv_storage>
<Depth8071 type_id="opencv-matrix">
  <rows>16</rows>
  <cols>24</cols>
  <dt>w</dt>
  <data>
    6497 6497 6497 4645 4582 4582 4645 4645 4645 4645 4645 6375 6375
    6497 6497 6497 6497 6497 6497 6622 6622 6622 6622 6497 6497 6497
    4645 4645 4582 4582 4582 4582 4582 4645 4645 4582 4582 4582 6497
    6497 6497 4522 4522 6622 6622 6622 6622 6497 6497 6497 4645 4645
    4582 4582 4582 4582 4582 4645 4645 4582 4582 4582 4582 4582 4582
    4522 4522 4522 4522 6622 6497 6497 4708 4708 4645 4645 4645 4645
    4582 4582 4582 4645 4645 4645 4582 4582 4582 4582 4582 4582 4582
    4522 4522 4582 6497 6497 4645 4645 4645 4645 4645 4645 4582 4582
    4582 4645 4582 4582 4582 4582 4582 4582 4582 4582 4582 4582 4582
    4582 4582 4582 4645 4645 4645 4645 4645 4645 4645 4645 4582 4582
    4582 4522 4522 4582 4582 4582 4582 4582 4582 4582 4582 4582 4522
    4522 4708 4645 4645 4645 4645 4645 4645 4645 4582 4582 4582 4522
    4522 4582 4582 4582 4582 4582 4582 4582 4582 4582 4522 4522 4708
    4708 4645 4645 4645 4645 4645 4645 4582 4582 4582 4522 4522 4582
    4522 4522 4582 4582 4582 4582 4582 4582 4582 4645 4708 4708 4645
    4645 4645 4645 4645 4645 4645 4645 4645 4522 4522 4582 4522 4522
    4582 4582 4582 4582 4582 4582 4582 4582 4774 4708 4708 4645 4645
    4645 4645 4645 4645 4645 4645 4582 4582 4582 4582 4645 4582 4582
    4582 4582 4582 4582 4522 4522 4774 4708 4708 4645 4645 4645 4645
    4645 4645 4645 4645 4582 4582 4645 4645 4645 4645 4582 4582 4582
    4582 4582 4522 4522 6375 4708 4708 4708 4708 4645 4645 4645 4645
    4645 4582 4582 4582 4645 4645 4645 4645 4582 4582 4582 4582 4582
    4645 0 6375 6375 6375 4708 4645 4645 4582 4582 4582 4582 4582 4582
    4645 4645 4645 4708 4645 4645 4582 4582 4582 4582 0 0 6375 6375 6375
    6375 4645 4645 4582 4582 4582 4582 4582 4582 4645 4645 4645 4708
    4645 4645 4645 4645 4645 4645 0 0 6375 6375 6375 6375 6375 6375 6375
    6375 6375 4582 4582 4582 4708 4645 4645 4708 4708 4708 4708 4645
    4522 4522 0 0 6497 6375 6375 6375 6375 6375 6375 6375 6375 6375 6375
    4708 4708 4708 4645 4645 4645 4645 4708 4582 4522 4522 0 0</data></Depth8071>
</opencv_storage>
