<?xml version="1.0"?>
<opencv_storage>
<Depth4370 type_id="opencv-matrix">
  <rows>10</rows>
  <cols>25</cols>
  <dt>w</dt>
  <data>
    5132 5132 5132 5210 5132 5132 5132 5056 5056 5132 5132 5132 5132
    5132 4139 4139 4190 4349 4349 4295 4241 4190 4139 4139 4139 5132
    5132 5132 5210 5132 5132 5132 5056 5056 5132 5132 4241 4241 4139
    4139 4139 4190 4190 4241 4295 4295 4241 4241 4139 4139 4241 4241
    4241 4349 4349 4295 4295 4295 4295 4295 4241 4241 4241 4241 4139
    4139 4190 4190 4241 4295 4295 4295 4241 4139 4139 4241 4241 4241
    4241 4295 4295 4241 4241 4241 4295 4241 4241 4241 4241 4241 4241
    4295 4241 4241 4295 4241 4241 4295 4139 4139 4241 4241 4241 4241
    4241 4241 4241 4241 4241 4295 4241 4241 4241 4241 4295 4295 4295
    4241 4241 4295 4190 4190 4190 4190 4190 4295 4295 4241 4241 4241
    4241 4241 4241 4241 4295 4295 4295 4295 4295 4295 4295 4295 4241
    4241 4190 4190 4139 4139 4139 4190 4241 4241 4241 4241 4241 4241
    4241 4241 4241 4295 4295 4295 4295 4295 4295 4241 4241 4241 4190
    4139 4139 4139 4139 4139 4089 4241 4241 4241 4241 4241 4241 4241
    4241 4295 4295 4295 4295 4295 4295 4295 4241 4241 4295 4190 4139
    4139 4139 4089 4089 4089 4241 4241 4241 4241 4241 4241 4241 4295
    4349 4295 4295 4295 4295 4295 4295 4295 4295 0 4190 4139 4139 4089
    4089 4089 4089 2116 2143 4241 4241 4241 4241 4241 4295 4463 4349
    4295 4295 4295 4295 0 0 0 0 0 0 0 4089 4089 4089 4139</data></Depth4370>
</opencv_storage>
