<?xml version="1.0"?>
<opencv_storage>
<Depth8978 type_id="opencv-matrix">
  <rows>6</rows>
  <cols>15</cols>
  <dt>w</dt>
  <data>
    0 7332 7332 7332 7332 7332 7178 7178 7178 7178 7332 7332 7332 7332
    7835 0 7332 7332 7332 7332 7332 7178 7178 7178 7178 7332 7332 7332
    7332 7492 7178 7178 7332 7178 7178 7178 7178 7178 7178 7178 7178
    7178 7332 7332 7492 7178 7178 7178 7178 7178 7178 7178 7178 7492
    7332 7178 7178 7332 7332 7332 7178 7178 7178 7178 7178 7030 7030
    7178 7492 7332 7178 7178 7332 7492 7332 7178 7178 7030 7030 7030
    6889 6889 7178 7178 7332 7332 7332 7332 7660 7660</data></Depth8978>
</opencv_storage>
