<?xml version="1.0"?>
<opencv_storage>
<Depth1574 type_id="opencv-matrix">
  <rows>99</rows>
  <cols>66</cols>
  <dt>w</dt>
  <data>
    3732 3732 3732 3732 3732 3692 3653 3653 3653 3653 3614 3614 3614
    3614 3614 3614 3614 3576 3576 3539 3539 3503 3503 3503 3503 3503
    3503 3468 3468 3433 3433 3399 3399 3365 3365 3365 3365 3365 3365
    3300 3300 1028 1028 1028 1025 1025 1019 1016 1016 1013 1013 1013
    1010 1010 1007 1007 1013 1013 3149 3149 3120 3120 3120 3120 3092
    3092 3732 3732 3732 3732 3732 1094 1090 1090 1090 3653 3653 3614
    3614 3614 3576 3576 3576 3576 3539 3539 3539 3503 3503 3503 3503
    3503 3503 3433 3433 3399 3399 3399 3365 3365 3365 1038 1034 1034
    1034 1031 1028 1028 1025 1025 1025 1022 1016 1016 1013 1013 1013
    1010 1010 1010 1007 1007 1010 1010 0 1010 0 3149 3120 3120 3092 3092
    3732 3732 3732 3732 1087 1087 1087 1087 1077 1077 3653 3653 3614
    3614 3576 3539 1057 1057 1057 1054 1054 1054 1050 1050 1054 1054
    1054 1050 1050 1050 1047 1047 1041 1041 1041 1038 1034 1028 1028
    1028 1028 1028 1025 1025 1025 1022 1016 1016 1013 1013 1013 1010
    1010 1010 1007 1007 1010 1010 0 0 0 0 3120 3120 3092 3092 3732 3732
    3732 1080 1080 1084 1084 1084 1077 1077 1067 1067 1067 1063 1063
    1063 1057 1057 1057 1054 1054 1054 1050 1050 1050 1047 1047 1044
    1044 1044 1044 1041 1041 1038 1038 1038 1034 1028 1028 1028 1028
    1028 1025 1025 1025 1022 1016 1016 1013 1013 1013 1010 1010 1010
    1007 1007 1010 1010 0 0 0 0 0 3120 3092 3064 1080 1080 1080 1080
    1080 1080 1080 1080 1077 1070 1067 1067 1063 1063 1063 1063 1060
    1060 1060 1057 1054 1054 1050 1050 1047 1044 1044 1041 1041 1044
    1041 1041 1038 1038 1034 1034 1034 1028 1028 1028 1028 1025 1025
    1025 1025 1022 1016 1016 1013 1013 1013 1010 1010 1010 1007 1007
    1010 1010 0 0 0 0 0 0 3092 3064 1080 1080 1080 1080 1077 1077 1077
    1077 1073 1070 1067 1067 1063 1063 1063 1063 1063 1060 1060 1057
    1057 1054 1050 1050 1047 1044 1044 1041 1041 1044 1041 1041 1038
    1038 1034 1034 1028 1028 1028 1028 1028 1025 1025 1025 1025 1022
    1016 1016 1013 1013 1013 1010 1010 1010 1007 1007 1007 1010 0 0 0 0
    0 0 0 3064 1080 1080 1080 1077 1077 1077 1077 1073 1073 1070 1070
    1067 1063 1063 1063 1063 1060 1057 1057 1057 1057 1054 1054 1050
    1047 1044 1044 1044 1044 1044 1041 1041 1038 1038 1038 1034 1028
    1028 1028 1028 1028 1025 1025 1025 1025 1022 1016 1016 1013 1013
    1010 1010 1010 1010 1007 1007 1007 1010 0 0 0 0 0 0 0 0 1080 1080
    1077 1077 1073 1073 1073 1073 1073 1070 1067 1067 1063 1063 1063
    1063 1060 1057 1057 1057 1057 1054 1054 1050 1050 1047 1047 1044
    1044 1041 1041 1041 1038 1038 1038 1034 1034 1031 1028 1028 1028
    1025 1025 1025 1025 1022 1016 1016 1013 1013 1010 1010 1010 1010
    1007 1007 1007 1010 0 0 0 0 0 0 0 0 1084 1080 1077 1077 1073 1073
    1073 1073 1073 1070 1067 1067 1063 1063 1063 1063 1060 1060 1057
    1057 1057 1057 1054 1050 1050 1050 1047 1044 1044 1041 1041 1041
    1038 1038 1038 1034 1034 1031 1028 1028 1028 1025 1025 1025 1025
    1022 1019 1016 1013 1013 1010 1010 1010 1010 1010 1007 1007 1013
    1034 1041 0 0 0 0 0 0 1084 1080 1077 1077 1077 1073 1073 1073 1073
    1070 1067 1067 1063 1063 1063 1063 1060 1060 1057 1057 1057 1054
    1054 1050 1050 1050 1050 1047 1044 1041 1041 1038 1038 1038 1038
    1038 1034 1034 1028 1028 1025 1025 1025 1025 1025 1022 1019 1016
    1013 1013 1010 1010 1010 1010 1010 1010 1010 1016 1034 1041 1050
    1063 0 0 0 0 1080 1080 1077 1077 1077 1073 1073 1073 1070 1070 1067
    1067 1063 1063 1063 1063 1060 1060 1057 1057 1054 1054 1054 1050
    1050 1050 1047 1047 1044 1041 1041 1038 1038 1038 1038 1038 1038
    1031 1028 1028 1025 1025 1025 1025 1025 1022 1019 1016 1013 1013
    1010 1010 1010 1010 1010 1010 1010 1016 1031 1044 1050 1063 0 0 0 0
    1080 1080 1077 1077 1077 1073 1073 1070 1070 1070 1067 1067 1063
    1063 1063 1063 1060 1060 1057 1057 1054 1054 1050 1050 1050 1050
    1047 1047 1044 1041 1041 1041 1038 1038 1038 1038 1038 1031 1028
    1028 1025 1025 1025 1025 1025 1022 1019 1016 1013 1013 1010 1010
    1010 1010 1010 1010 1010 1016 1028 1047 1054 1063 1067 0 0 0 1077
    1077 1077 1077 1077 1073 1073 1070 1070 1067 1067 1067 1063 1063
    1063 1063 1060 1060 1057 1057 1054 1054 1050 1050 1050 1050 1047
    1047 1044 1041 1041 1041 1038 1038 1038 1038 1034 1031 1028 1028
    1028 1025 1025 1025 1025 1022 1019 1016 1013 1013 1010 1010 1010
    1007 1007 1010 1010 1019 1028 1050 1060 1063 1067 0 0 0 1077 1077
    1077 1077 1077 1073 1073 1070 1070 1067 1067 1067 1067 1063 1063
    1063 1060 1060 1057 1057 1054 1054 1050 1050 1050 1050 1047 1047
    1044 1044 1041 1041 1038 1038 1038 1038 1034 1031 1028 1028 1028
    1025 1025 1025 1025 1022 1016 1013 1013 1013 1010 1010 1007 1007
    1007 1007 1010 1022 1031 1050 1060 1063 1067 0 0 0 0 1077 1077 1077
    1077 1073 1073 1070 1070 1067 1067 1067 1067 1063 1063 1063 1060
    1060 1057 1054 1054 1054 1050 1050 1050 1047 1047 1047 1044 1041
    1041 1041 1038 1038 1038 1038 1034 1031 1028 1028 1028 1028 1025
    1025 1025 1022 1016 1013 1013 1013 1010 1010 1007 1007 1004 1004
    1010 1022 1031 1047 1060 1063 1067 0 0 0 1087 1084 1080 1080 1077
    1077 1073 1073 1073 1067 1067 1067 1067 1063 1063 1063 1063 1060
    1057 1054 1054 1054 1050 1050 1050 1047 1047 1047 1044 1041 1041
    1041 1038 1038 1038 1038 1034 1028 1028 1028 1028 1028 1025 1025
    1025 1022 1016 1016 1013 1013 1013 1007 1007 1004 1004 1004 1010
    1025 1031 1038 1060 1067 1067 0 0 0 1087 1084 1080 1080 1077 1077
    1077 1077 1073 1067 1067 1067 1063 1063 1063 1063 1063 1060 1057
    1057 1054 1054 1050 1050 1050 1050 1047 1047 1044 1041 1041 1041
    1041 1038 1038 1038 1034 1028 1028 1028 1028 1028 1025 1025 1025
    1022 1016 1016 1016 1013 1013 1007 1007 1004 1004 1004 1010 1025
    1031 1038 1060 1067 1070 0 0 0 0 1080 1080 1080 1077 1077 1077 1073
    1073 1067 1067 1067 1063 1063 1063 1063 1063 1060 1057 1057 1054
    1054 1050 1050 1050 1050 1047 1044 1044 1041 1041 1041 1041 1038
    1038 1038 1034 1028 1028 1028 1025 1025 1025 1025 1022 1022 1016
    1016 1016 1013 1013 1007 1007 1007 1007 1007 1010 1022 1031 1038
    1060 1070 1073 0 0 0 0 1080 1080 1080 1077 1077 1077 1073 1070 1067
    1067 1067 1063 1063 1063 1060 1060 1057 1057 1057 1054 1054 1050
    1050 1050 1050 1047 1044 1044 1041 1041 1041 1038 1038 1038 1034
    1031 1028 1028 1028 1025 1025 1025 1025 1022 1022 1016 1016 1013
    1013 1013 1007 1007 1007 1007 1007 1010 1013 1031 1038 1057 1067
    1070 0 0 0 0 0 1080 1080 1077 1077 1077 1073 1070 1067 1067 1067
    1063 1063 1063 1060 1060 1057 1057 1054 1054 1054 1050 1050 1050
    1047 1047 1044 1044 1041 1041 1041 1038 1038 1038 1034 1031 1028
    1028 1028 1028 1025 1025 1025 1022 1022 1016 1016 1013 1013 1013
    1007 1007 1007 1007 1007 1007 1013 1034 1038 1041 1067 1070 0 0 0 0
    0 1077 1077 1077 1077 1073 1070 1070 1067 1067 1067 1063 1063 1063
    1060 1060 1057 1057 1054 1054 1054 1050 1050 1050 1047 1047 1044
    1041 1041 1041 1041 1038 1038 1038 1034 1031 1028 1028 1028 1025
    1025 1025 1025 1022 1022 1019 1016 1013 1013 1010 1010 1010 1007
    1007 1007 1007 1010 1034 1038 1041 1063 1070 1070 0 0 1077 1073 1073
    1073 1073 1073 1073 1070 1070 1067 1067 1067 1063 1063 1063 1060
    1060 1057 1057 1054 1054 1054 1054 1050 1050 1047 1047 1044 1041
    1041 1041 1041 1038 1038 1038 1034 1031 1028 1028 1028 1025 1025
    1025 1025 1022 1022 1016 1016 1013 1013 1010 1010 1007 1007 1004
    1004 1004 1010 1034 1038 1038 1063 1070 1070 0 0 1077 1073 1073 1073
    1070 1070 1070 1070 1070 1067 1067 1067 1063 1063 1063 1060 1060
    1057 1057 1054 1054 1050 1050 1050 1050 1047 1047 1044 1041 1041
    1041 1038 1038 1038 1038 1034 1034 1028 1028 1028 1025 1025 1025
    1025 1025 1022 1016 1013 1013 1013 1010 1007 1007 1007 1004 1004
    1004 1007 1034 1038 1038 1063 1073 1073 0 0 1077 1073 1073 1073 1070
    1070 1070 1070 1070 1067 1067 1067 1063 1063 1063 1063 1060 1057
