<?xml version="1.0"?>
<opencv_storage>
<Depth2089 type_id="opencv-matrix">
  <rows>15</rows>
  <cols>21</cols>
  <dt>w</dt>
  <data>
    6259 6146 6146 6146 6146 5933 5933 5933 5933 5933 5933 5933 5933
    5933 5933 4463 4463 4405 4405 4349 1663 6259 6259 6146 6038 6038
    6038 6038 6038 6038 6038 6038 6038 6038 4645 4582 4463 4463 4405
    4405 4349 1671 6375 6259 6146 6038 6038 6146 6259 6259 6259 6259
    4645 4582 4582 4582 4582 4463 4463 4405 4405 4349 4349 6375 6259
    6259 6259 6259 4911 4911 4774 4645 4645 4645 4582 4582 4582 4582
    4522 4522 4463 4405 4405 4405 6375 6259 4842 4842 4911 4911 4842
    4774 4645 4645 4645 4582 4582 4582 4582 4582 4522 4463 4405 4405
    4405 6375 4911 4842 4842 4911 4911 4842 4774 4708 4645 4645 4645
    4645 4582 4582 4582 4522 4522 4463 4405 4405 4842 4911 4911 4911
    4911 4911 4842 4842 4774 4708 4708 4708 4645 4645 4522 4522 4522
    4522 4463 4405 4405 4842 4911 4911 4911 4911 4842 4842 4842 4774
    4774 4708 4708 4645 4645 4522 4522 4522 4463 4405 4405 4349 4911
    4911 4911 4911 4911 4842 4842 4842 4774 4774 4708 4645 4645 4645
    4582 4522 4463 4405 4405 4405 4349 4983 4911 4911 4911 4911 4911
    4842 4842 4842 4774 4708 4645 4645 4645 4582 4582 4463 4405 4405
    4405 0 4983 4911 4911 4911 4911 4911 4842 4842 4842 4774 4645 4645
    4645 4645 4582 4582 4645 0 0 0 0 5056 4983 4911 4911 4911 4911 4911
    4842 4774 4708 4645 4582 4582 4645 4645 4645 4708 0 0 0 0 5056 4983
    4983 4983 4983 4983 4911 4842 4774 4708 4645 4582 4582 4645 0 0 0 0
    0 0 0 5056 4983 4983 4983 4983 4983 4911 4911 4911 0 0 0 0 0 0 0 0 0
    0 0 0 5132 4911 4911 4911 4911 4983 4983 0 0 0 0 0 0 0 0 0 0 0 0 0 0</data></Depth2089>
</opencv_storage>
