<?xml version="1.0"?>
<opencv_storage>
<Depth16046 type_id="opencv-matrix">
  <rows>31</rows>
  <cols>24</cols>
  <dt>w</dt>
  <data>
    6753 6622 6622 6753 6753 3433 3365 3365 3433 3399 3399 3399 3399
    3399 3468 3433 3433 3539 3539 6753 6753 6753 6753 6753 6753 6622
    6622 3365 3365 3433 3365 3365 3365 3365 3365 3365 3399 3399 3433
    3433 3433 3468 3503 3539 3539 3539 3539 6753 6753 6622 6622 3365
    3365 3365 3365 3365 3365 3365 3365 3365 3365 3399 3399 3399 3433
    3468 3468 3503 3503 3503 3503 6753 6753 6622 3365 3365 3365 3365
    3365 3365 3365 3365 3365 3365 3365 3399 3399 3399 3399 3468 3468
    3468 3468 3468 3468 3503 6753 6753 3365 3365 3365 3365 3365 3365
    3365 3365 3365 3399 3399 3399 3399 3399 3399 3468 3468 3468 3468
    3468 3468 3503 6753 6753 3365 3365 3365 3365 3365 3365 3365 3365
    3365 3399 3399 3399 3433 3433 3433 3468 3468 3468 3468 3468 3468
    3503 6753 6753 3399 3399 3365 3365 3365 3365 3365 3365 3365 3365
    3399 3399 3433 3433 3468 3468 3468 3468 3468 3503 3503 3503 6753
    6753 3399 3399 3365 3365 3365 3365 3365 3365 3365 3365 3365 3365
    3433 3433 3468 3468 3503 3468 3468 3503 3503 3503 6889 3468 3399
    3399 3399 3365 3365 3365 3365 3365 3365 3365 3365 3365 3399 3433
    3468 3468 3503 3468 3468 3503 3503 3539 6753 3468 3433 3399 3365
    3365 3365 3365 3365 3365 3365 3365 3365 3365 3399 3433 3468 3468
    3468 3468 3468 3503 3539 3539 6753 3468 3433 3399 3365 3365 3365
    3365 3365 3399 3365 3365 3399 3399 3399 3433 3468 3468 3468 3468
    3468 3503 3503 3539 6753 3468 3433 3399 3399 3365 3365 3365 3365
    3399 3365 3365 3399 3399 3433 3433 3468 3468 3468 3468 3468 3503
    3503 3539 6753 3433 3433 3433 3399 3365 3365 3365 3365 3399 3399
    3399 3399 3399 3433 3468 3468 3468 3468 3468 3468 3503 3503 3539
    6753 3433 3399 3399 3399 3399 3399 3399 3399 3399 3399 3399 3399
    3399 3433 3468 3468 3468 3468 3468 3503 3503 3503 3539 6753 3433
    3399 3399 3399 3399 3399 3399 3399 3399 3399 3399 3399 3399 3399
    3468 3468 3468 3468 3468 3503 3503 3503 3576 6753 3365 3365 3399
    3399 3399 3399 3399 3399 3399 3399 3399 3399 3399 3399 3468 3468
    3468 3468 3468 3503 3503 3503 3539 3433 3365 3365 3399 3399 3399
    3399 3399 3399 3399 3399 3399 3399 3399 3433 3468 3468 3468 3468
    3468 3468 3468 3468 3503 3433 3433 3399 3399 3399 3399 3399 3399
    3399 3399 3399 3399 3399 3433 3433 3468 3468 3468 3468 3468 3468
    3468 3468 3503 3433 3433 3399 3399 3399 3399 3399 3399 3399 3399
    3399 3399 3433 3433 3433 3468 3468 3468 3503 3503 3468 3468 3503
    3503 3433 3433 3433 3399 3399 3399 3399 3399 3399 3433 3433 3433
    3433 3433 3468 3468 3468 3468 3503 3503 3468 3468 3503 3503 3468
    3433 3433 3399 3399 3399 3399 3399 3399 3399 3399 3399 3433 3433
    3468 3468 3468 3468 3503 3503 3503 3503 3503 3503 3468 3433 3433
    3399 3399 3399 3399 3399 3399 3399 3399 3399 3433 3468 3468 3468
    3468 3468 3503 3503 3503 3503 3503 3539 3468 3468 3433 3399 3399
    3399 3399 3399 3399 3399 3399 3433 3433 3468 3468 3468 3503 3503
    3503 3503 3539 3503 3503 3503 3468 3433 3433 3399 3399 3399 3399
    3399 3399 3399 3399 3433 3433 3468 3468 3468 3503 3503 3503 3503
    3503 3503 3503 3503 3433 3433 3433 3399 3399 3399 3399 3433 3433
    3433 3433 3433 3433 3468 3468 3468 3503 3503 3503 3539 3503 3503
    3503 3503 3365 3433 3433 3399 3399 3399 3399 3433 3433 3399 3399
    3399 3433 3468 3468 3468 3503 3503 3503 3503 3503 3503 3503 3503
    3365 3433 3433 3399 3399 3399 3433 3433 3399 3399 3399 3399 3433
    3468 3468 3468 3503 3503 3503 3503 3503 3503 3503 6497 3365 3433
    3433 3399 3399 3399 3399 3399 3399 3399 3399 3433 3468 3468 3468
    3503 3503 3503 3503 3503 3503 3539 6622 6497 3433 3399 3365 3365
    3433 3399 3399 3399 3399 3399 3399 3433 3468 3468 3503 3503 3503
    3503 3503 3503 6753 6622 6622 6497 6889 3399 3365 3365 3433 3399
    3399 3399 3399 3399 3433 3468 3468 3468 3503 3503 3503 3503 6753
    6753 6753 6753 6622 6622 6889 6889 6753 6753 6753 6753 3399 3399
    3399 3399 3468 3468 3468 3468 3503 3503 6889 6889 6753 6753 6753
    6753 6753 6622</data></Depth16046>
</opencv_storage>
