<?xml version="1.0"?>
<opencv_storage>
<Depth15733 type_id="opencv-matrix">
  <rows>123</rows>
  <cols>84</cols>
  <dt>w</dt>
  <data>
    887 887 887 887 887 887 887 887 887 889 891 891 891 889 889 889 891
    891 894 894 894 894 894 894 896 896 896 898 898 898 898 901 903 906
    908 910 913 913 915 915 915 918 920 0 0 0 1804 1804 1804 1804 1813
    1823 1823 1833 1833 1863 1863 1863 1873 1873 1883 1883 1883 1883
    1894 1894 1904 1904 1915 0 0 1936 1936 1936 1936 1936 1936 1947 1959
    1970 1970 1970 1970 1981 887 887 887 887 887 887 887 887 887 887 889
    889 891 889 889 889 889 889 894 894 894 894 894 896 898 898 898 901
    901 901 903 903 908 910 913 915 918 918 920 923 923 925 925 933 933
    0 1813 1813 1823 1823 1833 1843 1843 1853 1853 1853 1863 1863 1873
    1873 1883 1883 1894 1894 1904 1915 1904 1904 1915 1947 1947 1936
    1936 1936 1936 1936 1936 1947 1959 1970 1970 1970 1970 1981 887 887
    887 885 885 885 887 887 887 887 887 887 889 889 889 889 889 889 894
    894 894 894 894 898 901 903 903 903 906 908 910 910 913 915 915 920
    920 920 923 925 930 933 933 933 940 940 940 1853 1853 1853 1853 1853
    1853 1853 1853 1853 1863 1873 1883 1894 1904 1904 1915 1915 1926
    1926 1936 1936 1936 1947 1947 1959 1959 1959 1959 1959 1959 1959
    1970 1993 1993 1993 2005 2005 889 887 887 885 885 885 887 887 887
    887 887 887 887 889 889 889 889 891 894 894 896 896 898 903 906 906
    908 908 908 913 915 915 918 918 918 923 923 925 930 933 935 938 940
    940 940 940 0 1863 1863 1863 1863 1863 1863 1863 1863 1873 1873 1894
    1894 1894 1904 1904 1926 1926 1926 1936 1936 1947 1947 1959 1959
    1959 1959 1970 1970 1970 1970 1970 1970 1993 1993 2005 2005 2016 889
    887 887 885 885 885 887 887 887 887 887 887 887 889 891 891 891 891
    894 896 898 901 903 908 910 913 913 913 915 918 920 920 920 920 923
    925 925 928 933 935 940 943 946 946 946 946 0 1873 1873 1873 1873
    1873 1873 1873 1873 1883 1883 1915 1915 1915 1926 1926 1936 1936
    1936 1947 1959 1959 1959 1970 1970 1970 1970 1970 1970 2005 2016
    2016 2005 2005 2005 2005 2005 2028 1245 889 887 885 885 885 885 887
    887 887 887 887 887 889 894 894 894 894 896 898 903 906 910 910 913
    915 915 918 918 923 923 925 923 923 925 923 841 841 935 940 943 946
    948 951 951 951 967 1883 1883 1873 1873 1883 1873 1873 1883 1894
    1915 1926 1926 1926 1926 1936 1936 1947 1959 1959 1970 1970 1993
    1993 1981 1981 2005 2016 2005 2005 2016 2016 2016 2016 2005 2005
    2005 2028 1250 1250 887 885 885 885 885 887 887 887 887 887 889 891
    894 894 894 896 898 898 906 906 913 913 915 918 920 923 923 928 928
    928 925 925 925 923 839 839 839 835 835 946 948 954 956 967 967 967
    1894 1883 1883 1883 1883 1883 1894 1915 1926 1936 1936 1936 1936
    1936 1959 1970 1970 1970 1970 1981 1993 1993 2005 2005 2005 2016
    2005 2005 2016 2016 2065 2040 2040 2053 2053 2053 1250 1250 1250 887
    887 885 885 887 889 889 889 891 894 896 896 896 896 898 903 913 913
    913 915 915 918 923 925 925 928 933 933 833 831 831 833 833 835 835
    837 835 835 835 835 962 964 967 967 967 1904 1904 1904 1904 1894
    1894 1915 1926 1936 1947 1947 1947 1947 1947 1959 1970 1970 1970
    1970 1981 1993 1993 2005 2016 2016 2016 2016 2016 2016 2028 2065
    2065 2053 2053 2053 2078 1250 1250 889 889 887 887 889 891 891 891
    891 896 896 901 901 901 903 908 908 913 918 918 920 920 925 925 928
    930 933 933 831 831 831 831 833 833 833 835 835 835 835 835 835 835
    970 973 973 973 1904 1904 1926 1915 1915 1926 1926 1947 1959 1947
    1947 1947 1959 1970 1970 1981 1981 1981 1981 1993 1993 1993 2016
    2028 2028 2028 2028 2028 2040 2065 2065 2065 2053 2053 2103 2103
    1713 1713 1722 896 896 894 894 896 898 903 906 908 908 906 906 906
    910 915 918 918 925 925 928 930 933 933 935 833 833 833 831 831 831
    833 833 833 833 833 835 835 835 833 833 833 975 975 987 987 1904
    1904 1936 1926 1926 1936 1947 1947 1959 1959 1959 1959 1970 1981
    1981 1981 1981 1981 1993 1993 2005 2016 2028 2053 2053 2053 2053
    2065 2065 2065 2065 2065 2065 2065 2103 2103 1713 1722 1722 901 901
    901 901 903 906 908 910 913 913 913 915 915 915 918 923 923 925 928
    930 933 935 935 835 833 831 831 831 833 833 833 833 833 833 833 835
    835 835 833 833 833 833 987 987 987 987 1947 1947 1947 1947 1947
    1947 1959 1970 1970 1970 1970 1981 1981 1993 1993 2005 2005 2005
    2016 2016 2028 2040 2053 2065 2065 2065 2078 2065 2065 2065 2065
    2090 2103 2116 2116 1722 1722 0 906 906 906 906 908 910 913 913 915
    915 918 920 920 920 920 920 923 829 829 831 831 831 831 831 831 831
    831 831 831 833 833 833 833 833 833 833 835 835 835 835 835 835 989
    989 987 987 987 2028 2028 2005 1970 1970 1970 1970 1970 1981 1981
    1993 2005 2005 2005 2016 2016 2016 2016 2016 2028 2053 2065 2065
    2065 2065 2078 2078 2078 2090 2090 2103 2116 2116 2116 1722 1722 0
    908 908 908 908 908 913 915 918 920 920 923 925 923 920 829 827 827
    829 829 829 829 829 829 829 829 829 829 829 829 831 833 833 833 833
    833 833 835 835 835 835 835 839 992 992 992 992 1013 2028 2028 2005
    2005 1981 1981 1981 1993 1993 1993 2005 2005 2016 2016 2040 2040
    2053 2040 2040 2040 2053 2065 2078 2078 2090 2090 2090 2090 2103
    2116 2116 2116 2129 2129 1731 1731 0 0 910 910 910 910 915 918 920
    923 925 928 928 831 829 827 827 827 827 827 827 827 827 827 829 829
    829 829 829 829 829 831 833 831 831 831 833 835 835 835 835 835 837
    837 995 995 1010 1013 1013 2028 2005 2005 2005 1993 1993 2005 2005
    2005 2005 2016 2016 2028 2053 2053 2053 2053 2053 2053 2078 2078
    2090 2090 2090 2103 2103 2103 2116 2116 2129 2129 2143 2143 1748 0 0
    0 1776 833 0 833 833 833 925 925 925 923 827 827 827 827 827 827 827
    827 827 827 827 827 827 827 829 827 827 827 829 829 831 831 831 831
    831 831 833 833 833 831 831 831 1007 1007 1010 1013 2053 2053 2016
    2016 2016 2016 2016 2016 2016 2016 2016 2028 2028 2053 2065 2065
    2065 2065 2065 2078 2103 2116 2116 2116 2116 2116 2129 2129 2129
    2170 2156 2156 2156 2156 1766 1776 0 0 0 0 0 833 831 827 827 827 825
    825 825 825 825 827 827 827 827 827 827 827 825 825 827 827 827 827
    827 827 829 829 831 831 831 829 829 829 831 831 831 831 829 829 831
    831 833 2053 2053 2053 2040 2040 2028 2028 2028 2028 2028 2016 2016
    2053 2065 2078 2090 2078 2078 2078 2078 2090 2116 2116 2116 2156
    2156 2184 2184 2184 2170 2170 2170 2170 2170 2170 1766 1776 0 0 0 0
    0 827 827 827 827 827 825 825 825 825 825 825 825 825 827 825 825
    825 825 825 827 827 827 827 827 827 829 829 831 831 831 829 829 829
    829 829 829 831 829 829 831 833 833 829 2053 2053 2053 2053 2040
    2040 2040 2028 2028 2016 2016 2053 2078 2090 2103 2090 2090 2090
    2103 2103 2116 2116 2116 2156 2156 2184 2184 2184 2170 2170 2170
    2170 2170 2170 1766 1785 0 0 0 0 0 825 825 825 825 825 825 825 825
    825 825 825 825 825 827 825 825 825 825 825 827 827 827 827 827 827
    829 829 829 831 829 829 829 829 829 829 829 829 831 831 831 829 829
    829 829 2065 2065 2065 2053 2053 2053 2053 2053 2053 2053 2065 2090
    2103 2103 2103 2103 2103 2103 2103 2116 2116 2156 2156 2156 2170
    2184 2184 2170 2170 2184 0 0 0 1776 1785 1804 0 0 0 0 825 825 825
    825 825 825 825 825 825 825 825 825 825 827 827 825 825 825 825 827
    827 827 827 827 827 827 829 829 829 829 827 827 829 829 829 829 829
    829 829 829 829 829 829 829 2065 2065 2065 2065 2065 2065 2065 2065
    2065 2065 2078 2090 2103 2116 2116 2116 2116 2103 2103 2103 2156
    2156 2156 2156 2170 2184 2184 2184 2184 2184 0 0 0 1794 1794 1804 0
    0 0 833 827 825 825 825 823 823 825 825 825 825 825 825 825 825 825
    825 825 825 825 827 827 827 827 827 827 827 827 827 829 827 827 827
    827 827 829 829 829 829 829 829 829 829 829 0 0 2103 0 2103 2103
    2090 2090 2103 2103 2090 2090 2090 2103 2116 2129 2143 2129 2116
    2116 2116 2170 2170 2170 2170 2184 2184 2198 2198 2198 2198 2198 0 0
