<?xml version="1.0"?>
<opencv_storage>
<Depth1727 type_id="opencv-matrix">
  <rows>73</rows>
  <cols>50</cols>
  <dt>w</dt>
  <data>
    3732 3732 3692 3692 3692 3692 3653 3653 3653 3653 3653 3653 3576
    3539 3539 3539 3503 3503 3503 3503 1354 1354 1343 1343 1338 1333
    1328 1328 1317 1307 1297 1297 1302 1307 1307 1312 1322 1328 1328
    1338 1349 1359 1365 1365 1365 1365 3149 3120 3120 3120 3692 3692
    3692 3692 3692 3692 3692 3653 3653 3653 3653 3653 3539 3539 3539
    3433 1398 1387 1370 1365 1354 1349 1343 1343 1338 1333 1328 1322
    1317 1307 1307 1307 1307 1307 1307 1307 1322 1328 1328 1338 1343
    1354 1354 1359 1359 1359 1359 3120 3120 3120 3692 3692 3692 3692
    3692 3692 3692 3692 3653 1427 1421 1421 1421 3539 1392 1392 1392
    1381 1370 1365 1354 1349 1343 1343 1338 1333 1328 1322 1322 1312
    1307 1307 1307 1307 1307 1307 1322 1328 1333 1338 1343 1349 1354
    1359 1359 1359 1359 3120 3120 3120 3816 3732 3692 3692 1470 1464
    1464 1445 1433 1427 1421 1415 1410 1398 1392 1392 1392 1381 1370
    1365 1354 1349 1343 1343 1338 1333 1328 1322 1322 1312 1312 1307
    1307 1307 1307 1307 1322 1322 1328 1333 1343 1349 1349 1359 1359
    1359 1359 3120 3120 3092 3859 1489 1483 1470 1470 1458 1452 1445
    1433 1427 1421 1415 1410 1398 1392 1392 1392 1381 1370 1365 1354
    1349 1343 1343 1338 1333 1328 1328 1322 1312 1307 1307 1307 1307
    1307 1307 1322 1322 1328 1333 1338 1349 1349 1359 1359 1359 1359
    3120 3120 3092 1489 1489 1483 1470 1470 1458 1452 1445 1433 1427
    1421 1415 1410 1398 1398 1392 1387 1381 1370 1365 1354 1349 1349
    1343 1343 1338 1328 1322 1317 1312 1307 1307 1307 1307 1307 1317
    1322 1322 1328 1333 1338 1349 1349 1354 1365 1365 1365 3092 3092
    3092 1489 1489 1483 1470 1464 1458 1452 1445 1433 1433 1421 1415
    1410 1404 1398 1392 1387 1376 1370 1365 1354 1349 1349 1343 1338
    1333 1328 1322 1317 1312 1307 1302 1302 1307 1307 1317 1322 1322
    1328 1333 1338 1343 1349 1354 1365 1365 1365 3092 3092 3092 1496
    1483 1477 1470 1464 1452 1445 1445 1439 1433 1421 1415 1410 1404
    1398 1392 1387 1376 1370 1365 1354 1349 1343 1343 1338 1333 1328
    1322 1317 1312 1307 1302 1302 1307 1307 1312 1322 1328 1328 1333
    1338 1343 1349 1354 1365 1365 1365 3120 3120 3092 1483 1483 1477
    1470 1464 1452 1445 1439 1439 1433 1421 1415 1410 1410 1398 1392
    1392 1376 1370 1365 1354 1349 1343 1343 1338 1333 1328 1322 1317
    1312 1307 1302 1302 1302 1307 1312 1322 1328 1328 1333 1338 1343
    1349 1354 1354 1354 1354 3092 3092 3092 1483 1477 1470 1464 1464
    1458 1445 1439 1433 1427 1421 1415 1415 1410 1398 1392 1392 1376
    1370 1365 1359 1349 1343 1343 1338 1333 1328 1322 1317 1312 1307
    1302 1302 1302 1307 1312 1322 1328 1328 1333 1338 1343 1349 1349
    1349 1349 1349 3064 3064 3064 1477 1477 1470 1464 1464 1458 1445
    1439 1433 1427 1421 1421 1415 1410 1404 1398 1392 1381 1376 1365
    1359 1349 1349 1343 1338 1333 1328 1322 1317 1307 1307 1302 1302
    1302 1307 1317 1322 1322 1328 1333 1338 1343 1349 1349 1349 1349
    1349 3064 3064 3064 1477 1477 1470 1470 1464 1458 1445 1439 1433
    1427 1421 1421 1415 1410 1404 1398 1392 1381 1376 1365 1359 1349
    1349 1343 1338 1333 1328 1322 1317 1307 1307 1302 1302 1302 1307
    1312 1317 1322 1328 1333 1338 1338 1343 1349 1354 1354 1354 3064
    3064 3064 1477 1477 1470 1470 1464 1458 1452 1439 1433 1427 1421
    1421 1415 1410 1398 1398 1392 1376 1370 1365 1359 1354 1349 1343
    1338 1333 1328 1322 1317 1307 1307 1302 1302 1302 1307 1312 1317
    1322 1328 1333 1338 1338 1343 1349 1354 1354 1354 1354 3064 3064
    1477 1477 1477 1470 1464 1458 1452 1439 1433 1427 1421 1421 1415
    1410 1398 1398 1392 1376 1370 1365 1359 1354 1349 1343 1338 1333
    1328 1322 1317 1312 1307 1302 1302 1302 1307 1307 1312 1317 1322
    1328 1333 1343 1343 1349 1354 1354 1354 1354 3092 3092 1483 1483
    1477 1470 1464 1458 1445 1439 1433 1427 1421 1415 1415 1410 1398
    1392 1387 1376 1370 1365 1359 1354 1349 1343 1338 1333 1328 1322
    1317 1312 1307 1307 1307 1307 1307 1307 1312 1317 1322 1328 1333
    1343 1343 1349 1354 1359 1359 1359 3120 3120 1483 1483 1477 1470
    1464 1458 1445 1439 1433 1427 1421 1415 1415 1410 1398 1392 1387
    1376 1370 1365 1359 1354 1349 1343 1338 1333 1328 1322 1317 1312
    1307 1307 1302 1302 1307 1312 1317 1317 1322 1328 1333 1343 1349
    1349 1354 1359 1359 1359 3120 3120 1483 1483 1477 1470 1464 1458
    1445 1439 1433 1427 1421 1415 1415 1410 1398 1398 1392 1381 1370
    1365 1359 1354 1349 1343 1343 1333 1328 1322 1317 1312 1307 1307
    1302 1302 1307 1312 1317 1322 1322 1328 1333 1343 1349 1349 1354
    1359 1359 1359 3120 3120 1477 1477 1470 1464 1464 1458 1445 1439
    1439 1427 1421 1415 1415 1404 1398 1398 1392 1381 1370 1365 1359
    1354 1349 1349 1343 1333 1328 1322 1322 1312 1307 1302 1302 1302
    1307 1312 1317 1322 1322 1328 1328 1338 1349 1349 1354 1359 1365
    1365 3120 3120 1477 1477 1470 1464 1464 1452 1445 1445 1439 1427
    1421 1415 1415 1404 1398 1398 1392 1381 1370 1365 1359 1354 1349
    1349 1338 1333 1328 1322 1317 1312 1307 1302 1302 1302 1307 1307
    1312 1322 1322 1328 1328 1338 1343 1349 1349 1354 1359 1359 3092
    3092 1477 1477 1470 1464 1464 1452 1445 1445 1439 1427 1421 1415
    1410 1404 1398 1398 1392 1381 1370 1365 1359 1354 1349 1349 1338
    1333 1328 1322 1317 1312 1307 1302 1302 1302 1307 1307 1312 1322
    1322 1328 1328 1338 1343 1349 1349 1354 1354 1354 3092 3092 0 1477
    1470 1464 1464 1452 1445 1439 1439 1433 1421 1415 1410 1404 1398
    1392 1392 1381 1370 1365 1365 1359 1349 1349 1338 1328 1328 1322
    1317 1312 1307 1302 1302 1302 1302 1307 1312 1317 1322 1328 1328
    1333 1343 1343 1349 1354 1354 1354 3092 3092 1470 1470 1470 1470
    1464 1452 1445 1439 1433 1433 1421 1421 1410 1404 1398 1392 1392
    1381 1370 1365 1359 1354 1349 1349 1338 1328 1328 1322 1317 1312
    1302 1302 1302 1302 1302 1307 1312 1317 1322 1328 1328 1333 1343
    1343 1349 1349 1354 1354 3092 3092 1470 1470 1470 1470 1464 1452
    1445 1439 1433 1427 1421 1421 1415 1404 1398 1392 1392 1370 1370
    1365 1354 1354 1349 1349 1338 1333 1328 1322 1317 1312 1302 1302
    1302 1302 1302 1307 1312 1317 1322 1328 1328 1333 1343 1343 1349
    1349 1354 1354 3092 3092 1470 1470 1470 1470 1464 1452 1445 1439
    1433 1427 1427 1421 1415 1404 1398 1398 1392 1370 1370 1365 1354
    1349 1349 1343 1343 1338 1328 1322 1322 1312 1302 1297 1297 1297
    1302 1307 1312 1317 1322 1328 1328 1333 1343 1343 1349 1349 1349
    1349 3120 3120 1477 1477 1477 1470 1464 1452 1445 1439 1433 1427
    1421 1415 1415 1404 1398 1398 1392 1370 1370 1359 1354 1349 1349
    1343 1338 1333 1328 1322 1322 1312 1302 1297 1297 1297 1302 1307
    1312 1317 1322 1322 1328 1333 1338 1343 1349 1349 1349 1349 3092
    3092 1489 1489 1483 1477 1458 1452 1445 1439 1439 1427 1421 1415
    1415 1404 1398 1398 1392 1370 1365 1359 1354 1354 1349 1343 1338
    1328 1328 1322 1317 1312 1302 1297 1297 1297 1302 1307 1317 1317
    1322 1322 1328 1333 1338 1343 1349 1349 1349 1349 3037 3037 1489
    1489 1483 1477 1458 1452 1445 1439 1439 1427 1421 1415 1415 1404
    1398 1398 1392 1370 1365 1359 1354 1354 1349 1343 1338 1328 1328
    1322 1317 1307 1302 1297 1297 1297 1302 1307 1312 1317 1322 1322
    1328 1333 1338 1343 1343 1349 1349 1349 3010 3010 3816 1489 1477
    1470 1464 1452 1445 1439 1439 1427 1421 1415 1415 1404 1398 1398
    1392 1370 1370 1365 1359 1354 1349 1343 1333 1328 1328 1322 1317
    1307 1307 1302 1297 1297 1302 1302 1312 1317 1322 1328 1328 1333
    1338 1343 1343 1349 1349 1349 3010 3010 3816 1477 1470 1470 1464
    1452 1445 1439 1439 1427 1421 1415 1415 1404 1398 1398 1387 1376
    1370 1365 1359 1354 1349 1343 1333 1328 1328 1322 1317 1307 1307
    1302 1297 1297 1297 1302 1307 1312 1317 1328 1328 1333 1338 1343
    1343 1349 1349 1349 1349 3064 3816 1477 1470 1470 1464 1458 1445
    1445 1439 1427 1421 1415 1415 1404 1398 1398 1387 1376 1370 1365
