<?xml version="1.0"?>
<opencv_storage>
<Depth8605 type_id="opencv-matrix">
  <rows>58</rows>
  <cols>64</cols>
  <dt>w</dt>
  <data>
    4295 4295 4295 4349 4405 4405 4405 4405 4463 4463 4522 4522 4522
    4522 4522 4522 4522 4582 4582 4582 4582 4582 4582 4582 4645 4645
    1477 1470 1464 1464 1464 1464 1464 1464 1464 4842 4842 4774 4774
    4774 4774 4774 4774 4774 4774 4842 4842 4842 4842 4842 4842 4842
    4842 4842 4911 4911 4983 4983 5056 4983 4983 4983 5056 5132 4295
    4295 4295 4405 4405 4405 4405 4405 4463 4463 4463 4463 4463 4463
    4463 4522 4522 4522 4582 4582 4582 4582 4582 4582 4645 4645 1477
    1470 1464 1464 1464 1464 1464 1464 1464 1483 1483 4774 4774 4774
    4774 4774 4774 4774 4774 4842 4842 4842 4842 4842 4842 4842 4842
    4842 4911 4911 4911 4983 4983 4983 4983 4983 5056 5056 4295 4295
    4295 4405 4405 4405 4405 4405 4405 4405 4405 4405 4463 4463 4463
    4522 4522 4522 4582 4582 4582 4522 4522 4582 4645 4708 1464 1464
    1464 1464 1464 1464 1464 1464 1464 1477 1477 4774 4774 4774 4774
    4774 4774 4774 4842 4842 4842 4842 4842 4842 4842 4842 4842 4842
    4911 4911 4911 4911 4983 4983 4983 4983 5056 5056 4295 4295 4295
    4349 4349 4405 4405 4405 4405 4405 4405 4405 4405 4405 4405 4463
    4463 4522 4522 4522 4522 4522 4522 1536 1503 1503 1458 1458 1458
    1458 1458 1458 1464 1464 1464 1470 1470 4774 4774 4774 4774 4774
    4774 4774 4774 4774 4774 4842 4842 4842 4842 4842 4842 4842 4911
    4911 4911 4911 4911 4983 4983 4983 4983 5056 4295 4295 4295 4349
    4349 4405 4405 4405 4405 4405 4405 4405 4405 4405 4405 4463 4463
    4522 1550 1543 1543 4522 1496 1489 1477 1464 1445 1445 1452 1452
    1452 1458 1458 1464 1464 1464 1470 1470 4842 4774 4708 4708 4708
    4708 4774 4774 4774 4774 4774 4842 4842 4842 4842 4842 4911 4911
    4911 4911 4911 4983 4983 4983 4983 4983 4295 4295 4295 4349 4349
    4405 4405 4405 4405 4405 4405 4405 4405 4405 4405 4405 4522 1550
    1543 1543 1536 1536 1496 1477 1464 1452 1439 1439 1445 1445 1452
    1452 1458 1458 1464 1464 1470 1470 4708 4708 4708 4708 4708 4708
    4774 4774 4774 4774 4774 4774 4842 4842 4842 4842 4911 4911 4911
    4983 4983 4983 4983 4983 4983 4983 4241 4295 4295 4349 4349 4405
    4405 4405 4405 4405 4405 4405 4405 1601 1594 1586 1564 1550 1543
    1543 1536 1536 1529 1452 1445 1439 1439 1439 1439 1439 1445 1452
    1452 1458 1458 1464 1464 1464 1464 4708 4708 4708 4708 4708 4774
    4774 4774 4774 4774 4774 4842 4842 4842 4842 4911 4911 4911 4983
    4983 4983 4911 4911 4983 4983 4241 4295 4295 4349 4349 4349 4349
    4349 4349 4349 4405 1624 1609 1594 1594 1579 1564 1557 1543 1543
    1536 1427 1427 1427 1427 1433 1433 1439 1439 1439 1445 1452 1452
    1458 1458 1464 1464 1464 1464 4774 4774 4774 4774 4774 4774 4774
    4774 4774 4842 4842 4842 4842 4842 4842 4911 4911 4911 4983 4983
    4983 4911 4911 4983 4983 4241 4241 4295 4349 4349 4349 4349 4349
    4349 4349 1616 1609 1609 1594 1594 1579 1572 1439 1433 1433 1415
    1415 1415 1421 1421 1427 1427 1433 1433 1439 1445 1452 1452 1458
    1458 1458 1464 1464 1464 1464 4774 4774 4774 4774 4774 4774 4774
    4774 4842 4842 4842 4842 4842 4842 4911 4911 4983 4983 4983 4983
    4983 4911 4911 4983 4241 4241 4295 4349 4349 4349 4295 4295 4349
    1616 1616 1609 1609 1601 1594 1445 1439 1439 1433 1427 1415 1415
    1415 1421 1421 1421 1427 1433 1433 1439 1439 1439 1445 1452 1458
    1458 1458 1458 1458 1458 4708 4708 4708 4708 4774 4774 4774 4774
    4774 4774 4842 4842 4774 4774 4842 4911 4911 4911 4911 4983 4983
    4911 4911 4983 4241 1579 1572 1572 4349 4349 4295 1536 1529 1516
    1509 1483 1477 1464 1458 1445 1439 1433 1427 1415 1410 1410 1410
    1415 1415 1421 1421 1427 1433 1433 1439 1439 1445 1445 1452 1458
    1458 1458 1458 1458 1458 4708 4645 4645 4708 4708 4708 4708 4774
    4774 4842 4774 4774 4774 4842 4911 4911 4911 4911 4911 4911 4983
    4911 4911 4190 1572 1572 1572 1564 1564 1543 1536 1529 1516 1489
    1483 1470 1458 1439 1439 1439 1433 1427 1415 1410 1410 1410 1410
    1410 1415 1415 1421 1427 1433 1433 1439 1439 1445 1445 1452 1452
    1458 1458 1452 1452 1452 4645 4645 4645 4645 4708 4708 4708 4774
    4774 4774 4774 4774 4842 4842 4911 4911 4911 4911 4911 4911 4911
    4911 4190 1564 1564 1572 1564 1557 1536 1529 1523 1516 1489 1477
    1464 1458 1439 1439 1439 1433 1427 1415 1410 1404 1404 1404 1410
    1410 1415 1421 1427 1433 1433 1433 1439 1439 1439 1452 1452 1452
    1458 1452 1452 1452 4645 4645 4645 4645 4645 4708 4708 4774 4774
    4774 4774 4774 4842 4842 4911 4911 4911 4911 4911 4911 4911 4911
    1572 1564 1564 1564 1557 1543 1523 1516 1516 1509 1477 1470 1464
    1458 1445 1439 1439 1433 1427 1415 1410 1404 1404 1404 1410 1410
    1415 1415 1427 1427 1433 1433 1439 1439 1439 1439 1439 1445 1452
    1458 1458 1464 1464 4645 4645 4645 4645 4708 4708 4708 4708 4708
    4708 4774 4842 4842 4911 4911 4911 4911 4911 4911 4911 4911 1572
    1564 1564 1564 1557 1536 1523 1516 1509 1489 1477 1470 1464 1458
    1445 1439 1439 1433 1433 1415 1410 1410 1410 1410 1410 1410 1415
    1415 1421 1427 1427 1433 1433 1439 1439 1439 1439 1445 1452 1452
    1458 1458 1458 1458 4645 4645 4645 4645 4708 4708 4708 4708 4708
    4774 4842 4911 4911 4911 4911 4911 4911 4911 4911 4911 1572 1572
    1572 1572 1550 1529 1516 1509 1503 1489 1477 1470 1464 1458 1452
    1452 1445 1439 1433 1415 1410 1410 1410 1410 1410 1410 1415 1415
    1421 1421 1427 1427 1433 1433 1433 1439 1439 1445 1452 1452 1452
    1458 1458 1458 4645 4645 4645 4645 4645 4645 4708 4708 4708 4708
    4842 4911 4911 4911 4911 4911 4911 4911 4911 4911 1572 1572 1572
    1557 1543 1529 1516 1509 1503 1489 1483 1477 1470 1458 1458 1452
    1445 1439 1433 1427 1415 1410 1410 1410 1410 1410 1415 1415 1415
    1421 1421 1421 1427 1433 1433 1439 1439 1439 1445 1445 1452 1458
    1458 1458 1458 4645 4645 4645 4645 4645 4708 4708 4708 4708 4842
    4842 4911 4911 4911 4911 4911 4911 4911 4911 1572 1572 1564 1550
    1543 1529 1516 1509 1509 1489 1489 1483 1477 1464 1458 1458 1445
    1439 1433 1433 1415 1415 1410 1410 1410 1410 1410 1415 1415 1415
    1415 1421 1421 1427 1433 1433 1439 1439 1445 1445 1452 1452 1458
    1458 1458 1458 4645 4645 4645 4645 4708 4708 4708 4708 4842 4842
    4842 4842 4911 4842 4842 4911 4911 4911 1572 1564 1557 1550 1543
    1529 1523 1516 1509 1489 1489 1483 1483 1470 1464 1458 1458 1445
    1439 1433 1427 1415 1410 1410 1410 1410 1410 1415 1415 1415 1415
    1415 1421 1421 1427 1433 1433 1439 1439 1445 1445 1445 1458 1458
    1458 1464 4645 4645 4645 4645 4708 4708 4708 4708 4774 4842 4842
    4842 4842 4842 4842 4911 4911 4911 1572 1564 1557 1550 1543 1536
    1523 1516 1516 1509 1489 1483 1483 1470 1470 1464 1458 1445 1439
    1439 1433 1415 1410 1410 1410 1410 1410 1410 1410 1410 1415 1415
    1415 1421 1427 1433 1433 1439 1439 1439 1445 1445 1458 1464 1464
    1464 4708 4708 4645 4645 4645 4645 4708 4708 4774 4842 4842 4842
    4842 4842 4911 4911 4911 4911 1572 1572 1564 1557 1543 1536 1529
    1516 1516 1509 1496 1489 1483 1483 1477 1470 1464 1452 1445 1439
    1433 1427 1415 1410 1404 1404 1404 1404 1404 1410 1410 1415 1415
    1415 1421 1427 1433 1433 1439 1439 1445 1445 1458 1458 1458 1458
    1458 4645 4645 4645 4645 4645 4708 4774 4842 4842 4842 4842 4842
    4842 4911 4911 4911 4911 1572 1572 1572 1564 1550 1543 1536 1516
    1516 1509 1503 1489 1489 1483 1477 1464 1464 1458 1452 1445 1439
    1433 1415 1410 1404 1404 1404 1398 1398 1404 1410 1410 1415 1415
    1421 1427 1427 1433 1439 1439 1439 1445 1458 1458 1458 1458 1458
    1458 4645 4645 4645 4708 4708 4774 4842 4842 4842 4842 4842 4842
    4911 4911 4911 4911 1579 1579 1579 1572 1564 1550 1543 1536 1523
    1509 1503 1489 1489 1483 1483 1464 1464 1458 1452 1445 1439 1433
    1415 1410 1410 1404 1404 1398 1398 1404 1404 1410 1415 1415 1421
    1421 1427 1433 1439 1439 1439 1445 1445 1452 1458 1458 1458 1464
    4708 4708 4708 4708 4708 4774 4842 4842 4842 4842 4842 4842 4911
    4911 4911 4911 4089 1586 1586 1572 1572 1550 1550 1536 1529 1516
