<?xml version="1.0"?>
<opencv_storage>
<Depth3933 type_id="opencv-matrix">
  <rows>20</rows>
  <cols>7</cols>
  <dt>w</dt>
  <data>
    0 0 0 6146 6146 6146 6038 0 0 6259 6146 6146 6146 6038 0 0 6146 6146
    6038 6038 6038 0 6038 6038 6146 6038 6038 6038 0 5933 5933 6146 6038
    6038 6038 0 5933 5933 6038 6038 6038 6038 0 6038 6038 6038 6038 6038
    6146 0 6038 6038 6146 6038 6038 6259 0 6146 6146 6146 6038 6038 7492
    6497 6146 6146 6146 6146 6146 7332 6259 6259 6146 6146 6146 6146
    7332 6259 6259 6146 6146 6146 6146 7332 6259 6259 6259 6259 6259
    6259 7332 6259 6259 6259 6259 6259 6753 7178 6259 6259 6259 6259
    6375 6753 7178 6259 6259 6259 6259 6375 6889 7178 6259 6259 6259
    6259 6497 6889 7332 6259 6259 6259 6259 6497 7332 7332 6259 6146
    6146 6146 7332 7332 7492 6038 6146 6038 6038 7332 7332 7332</data></Depth3933>
</opencv_storage>
