<?xml version="1.0"?>
<opencv_storage>
<Depth1426 type_id="opencv-matrix">
  <rows>32</rows>
  <cols>11</cols>
  <dt>w</dt>
  <data>
    3948 3948 2618 2579 2579 2579 2579 2598 2598 2618 2618 3948 3948
    3903 2579 2579 2579 2579 2598 2598 2618 2639 3994 3994 3948 3948
    3948 2598 2598 2598 2618 2639 2639 3994 3994 3948 3948 3994 3948
    3948 2659 2659 2659 2639 3994 3994 3948 3948 3948 3948 3948 3859
    2659 2659 2639 3994 3994 3948 3948 3948 3948 3948 3859 2659 2659
    2659 3994 3994 3994 3994 3948 3948 3948 3948 3948 2680 2659 3948
    3948 3994 3994 3948 3948 3948 3948 3948 3994 2659 3948 3948 3994
    3994 3948 3948 3948 3948 3994 3994 2659 3948 3948 3948 3948 3948
    3948 3948 3994 3994 3994 2639 3948 3948 3948 3948 3948 3948 3948
    3948 3994 3994 2639 3994 3994 3948 3948 3948 3948 3948 3948 3948
    3994 3994 3994 3994 3948 3948 3948 3948 3948 3948 3948 3994 3994
    3994 3994 3948 3948 3948 3948 3994 3994 3948 3948 3994 3994 3994
    3948 3948 3948 3948 3994 3994 3948 3948 3948 3994 3948 3948 3948
    3994 3994 3994 3994 3948 3948 3948 3994 3948 3948 3948 3948 3994
    3994 3948 3903 3903 3903 3994 3994 3948 3903 3903 3994 3994 3948
    3903 3903 3903 3994 3994 3994 3903 3903 3948 3948 3994 3994 3859
    3774 3994 3994 3994 3948 3859 3859 3859 3994 3994 3859 3774 3994
    3994 3948 3948 3859 3859 3859 3994 3903 3859 3816 3994 3994 3948
    3948 3903 3903 3948 3994 3903 3859 3816 3948 3948 3903 3903 3948
    3948 3948 3948 3903 3859 3816 3948 3948 3903 3903 3948 3948 3948
    3948 3948 3859 3816 3994 3994 3994 3948 3859 3859 3903 3994 3948
    3859 3859 3994 3994 3994 3948 3859 3859 3903 3903 3948 3903 3903
    3994 3994 3994 3994 3948 3903 3903 3903 3948 3903 3903 3994 3994
    3994 3994 3994 3859 3859 3859 3903 3859 3859 3994 3994 3994 3994
    3994 3859 3859 3859 3903 3859 3859 3948 3948 3948 3859 3859 3994
    3948 3903 3903 3859 3859 3948 3948 3948 3859 3859 3994 3948 3948
    3859 3816 2767 0 0 0 0 0 0 3948 3948 3816 2744 2744</data></Depth1426>
</opencv_storage>
