<?xml version="1.0"?>
<opencv_storage>
<Depth6040 type_id="opencv-matrix">
  <rows>63</rows>
  <cols>49</cols>
  <dt>w</dt>
  <data>
    1680 1680 1680 1671 1671 1671 4349 1601 1601 1594 1594 1594 1594
    1594 1594 4349 4349 4349 1624 1609 1609 1601 1601 4349 4349 1609
    1609 1609 1616 1616 1616 1616 1616 1609 1609 1616 1624 1624 1624
    1632 1624 1624 1632 1624 1624 4349 4405 4349 4349 1680 1680 1680
    1655 1609 1601 1601 1594 1594 1594 1594 1594 1594 1594 1594 1601
    1601 1601 1609 1609 1609 1601 1601 1601 1601 1609 1609 1609 1616
    1616 1616 1616 1616 1609 1609 1616 1624 1624 1624 1632 1624 1624
    1632 1624 1624 1632 1632 4349 4349 1680 1680 1680 1655 1609 1601
    1601 1594 1594 1594 1594 1594 1594 1594 1594 1601 1601 1601 1609
    1609 1609 1609 1601 1601 1601 1609 1609 1609 1609 1616 1624 1624
    1624 1616 1616 1624 1624 1624 1632 1624 1624 1632 1624 1624 1624
    1624 1624 4349 4349 4295 4295 4295 1609 1609 1601 1601 1601 1594
    1594 1594 1594 1594 1594 1594 1601 1601 1601 1601 1609 1601 1601
    1601 1601 1609 1601 1601 1609 1609 1609 1616 1624 1624 1616 1616
    1624 1624 1624 1624 1624 1624 1624 1624 1624 1624 1624 1624 4349
    4349 4295 4295 4295 1594 1594 1601 1601 1601 1594 1594 1594 1594
    1594 1594 1594 1601 1601 1601 1601 1609 1601 1601 1601 1601 1601
    1601 1601 1601 1601 1601 1609 1616 1624 1624 1624 1616 1616 1616
    1624 1624 1624 1624 1624 1624 1624 1624 1624 4349 4349 4349 4349
    4349 1594 1594 1594 1594 1594 1594 1594 1594 1594 1594 1594 1594
    1601 1601 1601 1601 1601 1601 1601 1601 1601 1601 1601 1601 1601
    1601 1601 1601 1616 1616 1616 1616 1616 1609 1609 1616 1624 1616
    1616 1616 1616 1616 1624 1624 4405 4405 4349 4349 4349 1594 1594
    1594 1594 1594 1594 1594 1594 1594 1594 1594 1594 1601 1601 1601
    1601 1601 1601 1601 1601 1601 1601 1601 1601 1601 1601 1601 1601
    1609 1609 1609 1609 1609 1609 1609 1616 1616 1616 1616 1616 1616
    1616 1616 4349 4349 4349 4295 4295 4295 1594 1586 1586 1586 1586
    1586 1594 1586 1586 1586 1586 1586 1594 1601 1601 1601 1601 1601
    1601 1601 1601 1601 1601 1601 1601 1601 1601 1601 1609 1609 1609
    1609 1609 1609 1609 1609 1609 1616 1616 1616 1616 1616 1616 4349
    4349 4349 4295 4295 4295 1594 1586 1586 1586 1586 1586 1586 1586
    1586 1586 1586 1586 1594 1594 1594 1601 1601 1601 1601 1601 1594
    1594 1601 1601 1601 1601 1601 1601 1609 1609 1609 1609 1609 1609
    1609 1609 1609 1609 1609 1609 1616 1616 1624 1624 4349 4349 4241
    4241 4241 1579 1579 1579 1579 1586 1586 1586 1586 1586 1586 1586
    1586 1594 1594 1594 1594 1601 1601 1601 1601 1594 1594 1601 1601
    1601 1601 1601 1601 1609 1609 1609 1609 1609 1609 1609 1609 1609
    1609 1609 1609 1616 1616 1624 1624 4349 4349 4241 4241 4241 1579
    1579 1579 1579 1586 1579 1579 1586 1586 1586 1594 1594 1594 1594
    1594 1594 1601 1601 1601 1601 1601 1601 1601 1601 1601 1601 1601
    1601 1609 1609 1609 1609 1609 1601 1601 1601 1601 1601 1601 1601
    1616 1616 1624 1624 4405 4405 4241 4241 4241 1557 1557 1579 1586
    1586 1579 1579 1579 1586 1586 1586 1586 1594 1594 1594 1594 1594
    1594 1594 1601 1601 1601 1601 1601 1601 1601 1601 1601 1601 1601
    1601 1601 1601 1601 1601 1601 1601 1601 1601 1601 1609 1609 1616
    1616 4463 4463 4241 4241 1564 1557 1557 1586 1586 1579 1579 1579
    1579 1579 1579 1579 1586 1594 1594 1594 1594 1594 1594 1594 1594
    1601 1601 1601 1601 1594 1594 1601 1601 1601 1601 1601 1601 1601
    1601 1601 1601 1601 1601 1601 1601 1601 1609 1609 1609 4463 4463
    4295 4295 1564 1557 1557 1586 1579 1579 1572 1572 1572 1572 1572
    1572 1572 1586 1586 1586 1594 1594 1594 1594 1594 1594 1594 1594
    1594 1594 1594 1594 1601 1601 1601 1601 1601 1601 1601 1601 1601
    1609 1609 1609 1601 1601 1601 1609 1609 4349 4349 4295 4295 4295
    4295 1579 1579 1579 1579 1572 1572 1572 1572 1572 1572 1572 1586
    1586 1586 1594 1586 1586 1594 1594 1594 1594 1594 1594 1594 1594
    1594 1594 1601 1601 1601 1601 1601 1601 1601 1601 1609 1609 1609
    1601 1601 1601 1601 1601 4349 4349 4349 4349 4349 0 1579 1579 1579
    1572 1572 1572 1572 1572 1572 1572 1572 1586 1594 1586 1586 1579
    1579 1586 1586 1586 1586 1586 1594 1594 1594 1594 1594 1601 1594
    1594 1601 1601 1601 1601 1601 1601 1601 1601 1601 1601 1601 1601
    1601 1601 4349 4349 4349 4349 0 1572 1572 1572 1572 1572 1572 1572
    1572 1572 1572 1572 1579 1579 1586 1579 1579 1579 1586 1586 1586
    1586 1586 1594 1594 1594 1594 1594 1601 1594 1594 1594 1594 1594
    1601 1601 1601 1601 1601 1601 1601 1601 1601 1601 1601 4349 4295
    4349 4349 1564 1572 1572 1572 1564 1564 1564 1564 1564 1564 1564
    1564 1572 1579 1572 1572 1579 1579 1586 1586 1586 1586 1586 1586
    1586 1594 1594 1594 1601 1594 1594 1594 1594 1594 1594 1594 1601
    1601 1601 1601 1601 1601 1601 1601 1601 4405 4295 4349 4349 1564
    1564 1564 1564 1564 1564 1564 1564 1564 1564 1564 1564 1572 1572
    1572 1572 1579 1579 1586 1586 1586 1586 1586 1586 1586 1586 1586
    1586 1594 1594 1594 1594 1594 1594 1594 1594 1594 1594 1601 1601
    1601 1601 1601 1601 1601 4405 4295 4295 4295 1564 1564 1564 1564
    1564 1564 1564 1564 1564 1564 1564 1564 1572 1572 1579 1579 1579
    1579 1586 1586 1586 1586 1586 1586 1586 1586 1586 1586 1594 1594
    1594 1586 1586 1594 1594 1594 1594 1594 1594 1594 1601 1601 1601
    1601 1601 4349 4295 4295 4295 1564 1564 1564 1564 1564 1564 1564
    1564 1564 1564 1564 1564 1572 1572 1579 1572 1572 1579 1579 1586
    1579 1579 1579 1586 1586 1586 1586 1586 1586 1586 1594 1586 1586
    1594 1594 1594 1594 1594 1594 1594 1594 1594 1601 1601 1601 4349
    4190 4190 4139 1564 1564 1564 1564 1564 1564 1564 1564 1564 1564
    1564 1564 1572 1572 1572 1572 1572 1572 1572 1586 1579 1579 1579
    1579 1586 1586 1586 1586 1586 1586 1586 1586 1586 1594 1594 1594
    1594 1594 1594 1594 1594 1594 1594 1594 1594 4349 4139 4139 4139
    1564 1564 1557 1557 1557 1557 1564 1564 1564 1564 1564 1564 1572
    1572 1572 1572 1572 1572 1572 1579 1579 1579 1579 1579 1586 1586
    1586 1586 1586 1586 1586 1586 1586 1586 1594 1594 1594 1594 1594
    1594 1594 1594 1594 1594 1594 4349 4139 4139 4139 1564 1564 1557
    1550 1550 1557 1557 1564 1564 1557 1557 1564 1572 1572 1572 1572
    1572 1572 1572 1579 1579 1579 1572 1572 1572 1572 1579 1586 1586
    1586 1586 1586 1586 1586 1586 1594 1594 1594 1594 1594 1594 1594
    1594 1594 1594 4349 4139 4139 4139 1564 1564 1557 1550 1550 1557
    1557 1557 1557 1557 1557 1557 1564 1572 1572 1572 1572 1572 1572
    1572 1579 1579 1572 1572 1572 1572 1579 1586 1586 1586 1579 1579
    1586 1586 1586 1586 1586 1586 1586 1586 1586 1586 1594 1594 1594
    4349 4241 4241 4295 0 1557 1557 1550 1550 1557 1557 1557 1557 1557
    1557 1557 1564 1572 1572 1564 1564 1572 1572 1572 1572 1572 1572
    1572 1572 1572 1586 1586 1586 1586 1579 1579 1579 1579 1586 1586
    1586 1586 1586 1586 1586 1586 1586 1594 1594 4349 4295 4295 4295
    1557 1557 1550 1550 1550 1557 1557 1557 1557 1557 1557 1557 1564
    1564 1564 1564 1564 1572 1572 1572 1572 1572 1572 1572 1572 1572
    1579 1579 1579 1586 1579 1579 1579 1579 1579 1579 1579 1586 1586
    1579 1579 1586 1586 1594 1594 4349 4295 4295 4295 1550 1550 1550
    1550 1550 1557 1550 1550 1557 1557 1557 1557 1564 1564 1564 1564
    1564 1564 1564 1572 1572 1564 1564 1572 1572 1572 1579 1579 1579
    1586 1586 1579 1579 1579 1579 1579 1579 1586 1579 1579 1579 1586
    1586 1594 1594 4241 4241 4349 4349 1543 1543 1543 1550 1550 1550
    1543 1543 1550 1550 1550 1557 1564 1564 1564 1564 1564 1564 1564
    1564 1572 1564 1564 1572 1572 1572 1572 1572 1579 1579 1579 1579
    1579 1579 1579 1579 1586 1586 1579 1579 1579 1586 1586 1594 1594
    4241 4241 4241 4241 1543 1543 1543 1550 1550 1550 1543 1543 1550
    1550 1550 1557 1564 1564 1564 1564 1564 1564 1564 1564 1564 1564
    1564 1564 1572 1572 1572 1572 1579 1579 1579 1579 1579 1572 1572
    1572 1579 1586 1586 1579 1579 1586 1586 1594 1594 4190 4241 4241
