<?xml version="1.0"?>
<opencv_storage>
<Depth16491 type_id="opencv-matrix">
  <rows>17</rows>
  <cols>34</cols>
  <dt>w</dt>
  <data>
    4582 4582 4582 4582 4645 4645 4645 4582 4582 4582 4582 4582 4582
    4582 4582 4582 4522 4522 4522 4522 4522 4522 4582 4582 4582 4522
    4522 3399 3399 3399 3365 3365 3468 3468 4582 4582 4645 4645 4645
    4645 4645 4582 4582 4582 4582 4582 4582 4582 4582 4582 4582 4522
    4522 4522 4522 4582 4645 4645 4582 3433 3433 3399 3399 3399 3433
    3433 3503 3503 4582 4582 4645 4645 4645 4645 4645 4582 4582 4582
    4582 4582 4582 4582 4582 4582 4582 4582 4582 3468 3468 3468 3468
    3468 3468 3433 3433 3433 3433 3468 3468 3503 3539 3539 4645 4645
    4645 4645 4708 4645 4645 4522 4522 4582 4582 4582 4582 4582 4582
    4582 4582 3503 3503 3468 3468 3468 3468 3468 3468 3468 3468 3468
    3468 3539 3539 3539 3539 3539 4645 4645 4645 4645 4708 4645 4645
    4522 4522 4582 4582 4645 3365 3365 4582 3468 3468 3503 3503 3468
    3468 3468 3468 3503 3468 3468 3468 3468 3468 3539 3539 3539 3576
    3576 4708 4708 4708 4708 4708 4708 4645 3503 3503 3503 3503 3503
    3365 3365 3433 3468 3468 3503 3503 3503 3503 3503 3503 3503 3468
    3468 3468 3468 3468 3539 3539 3539 3576 3576 4708 4708 4774 4774
    4774 3503 3503 3503 3503 3503 3503 3503 3539 3433 3433 3503 3503
    3503 3503 3503 3503 3503 3503 3503 3503 3503 3503 3503 3503 3539
    3539 3539 3576 3576 4645 4645 3614 3576 3539 3503 3503 3503 3503
    3539 3539 3539 3539 3539 3503 3503 3503 3503 3503 3503 3503 3503
    3468 3468 3468 3503 3503 3503 3503 3539 3539 3539 3539 3539 4645
    4645 3576 3576 3539 3503 3503 3503 3503 3539 3539 3539 3539 3539
    3503 3503 3503 3503 3503 3503 3468 3468 3468 3468 3468 3503 3503
    3503 3539 3576 3539 3503 3503 3539 0 3576 3576 3539 3539 3539 3539
    3539 3539 3539 3539 3539 3539 3539 3503 3503 3503 3503 3503 3503
    3468 3468 3468 3468 3468 3503 3503 3503 3539 3576 3539 3503 3503
    3539 0 3539 3539 3539 3539 3539 3539 3539 3539 3539 3539 3539 3539
    3539 3503 3503 3539 3539 3503 3503 3468 3468 3468 3468 3468 3468
    3503 3503 3539 3576 3539 3503 3503 0 3539 3539 3539 3539 3539 3539
    3539 3539 3539 3539 3539 3539 3539 3539 3539 3539 3539 3539 3503
    3468 3433 3433 3433 3468 3468 3468 3503 3503 3576 3576 0 0 0 0 3539
    3539 3539 3539 3539 3539 3539 3539 3539 3539 3539 3539 3539 3539
    3539 3539 3539 3539 3468 3468 3433 3399 3399 3468 3468 3503 0 0 0 0
    0 0 0 0 3539 3539 3539 3539 3539 3539 3539 3539 3539 3539 3539 3539
    3539 3539 3539 3539 3539 3539 3433 3433 3433 3399 3399 0 0 0 0 0 0 0
    0 0 0 0 3539 3539 3539 3539 3539 3539 3539 3539 3539 3539 3539 3539
    3539 3539 3539 3539 3539 3539 3433 3433 3433 3399 3399 0 0 0 0 0 0 0
    0 0 0 0 3539 3539 3539 3539 3539 3539 3503 3503 3539 3539 3539 3576
    3539 3539 3539 0 0 0 0 0 0 0 0 0 0 0 0 0 0 0 0 0 0 0 0 3576 3576
    3539 3539 3539 3503 3503 3539 3539 0 0 0 0 0 0 0 0 0 0 0 0 0 0 0 0 0
    0 0 0 0 0 0 0</data></Depth16491>
</opencv_storage>
