<?xml version="1.0"?>
<opencv_storage>
<Depth11298 type_id="opencv-matrix">
  <rows>7</rows>
  <cols>7</cols>
  <dt>w</dt>
  <data>
    8019 8019 8019 8019 8019 8019 7835 8019 8019 8019 8019 8019 8019
    8019 8019 8019 8019 8019 8212 8019 8019 8212 8212 8212 8212 8212
    8212 8212 8212 8212 8212 8212 8413 8212 8212 8212 8212 8212 8212
    8413 8413 8413 8212 8212 8413 0 0 0 0</data></Depth11298>
</opencv_storage>
