<?xml version="1.0"?>
<opencv_storage>
<Depth4790 type_id="opencv-matrix">
  <rows>42</rows>
  <cols>27</cols>
  <dt>w</dt>
  <data>
    5374 5374 5374 5374 5374 5291 5291 5374 5374 5374 5291 5291 2560
    2560 2541 2503 2467 2467 2467 2522 2522 2541 2560 5132 5132 5132
    5132 5291 5291 5460 5460 5460 5291 5291 2560 2560 2560 2560 2560
    2560 2541 2541 2503 2485 2485 2485 2522 2541 2541 2560 2560 5132
    5132 5132 5291 5291 5291 2639 2618 2618 2618 2560 2560 2560 2560
    2560 2560 2541 2541 2503 2485 2485 2503 2503 2503 2541 2560 2560
    2560 2560 5132 2639 2639 2639 2639 2618 2618 2598 2579 2560 2560
    2560 2560 2541 2541 2541 2503 2503 2503 2503 2503 2503 2522 2541
    2560 2560 2560 5210 2639 2639 2639 2639 2639 2618 2598 2579 2560
    2560 2560 2560 2541 2541 2541 2503 2503 2503 2503 2503 2503 2522
    2541 2560 2560 2560 5210 2639 2639 2639 2639 2618 2618 2598 2579
    2579 2560 2560 2560 2560 2541 2541 2503 2503 2503 2522 2522 2522
    2541 2541 2541 2560 2560 5210 2639 2639 2639 2639 2618 2618 2598
    2598 2579 2560 2560 2560 2560 2541 2541 2503 2503 2503 2522 2522
    2541 2541 2541 2541 2560 2560 5132 2659 2639 2639 2639 2618 2618
    2598 2598 2598 2579 2560 2560 2560 2541 2541 2503 2503 2503 2522
    2522 2541 2541 2541 2541 2560 2560 5132 2680 2659 2639 2639 2618
    2598 2598 2598 2598 2598 2560 2541 2541 2541 2541 2522 2522 2522
    2522 2522 2541 2541 2541 2541 2560 2560 5132 2680 2659 2659 2639
    2618 2598 2598 2598 2598 2598 2560 2541 2541 2541 2541 2522 2522
    2522 2522 2522 2541 2541 2541 2541 2541 2541 5132 2659 2659 2659
    2639 2598 2598 2598 2598 2598 2579 2560 2541 2541 2541 2522 2522
    2503 2503 2503 2522 2541 2541 2541 2541 2541 2541 5132 2659 2639
    2639 2639 2598 2598 2598 2598 2579 2579 2560 2541 2541 2541 2522
    2503 2503 2503 2503 2522 2541 2541 2541 2541 2541 2541 5132 2659
    2639 2639 2618 2618 2598 2598 2598 2579 2579 2560 2541 2541 2541
    2522 2503 2503 2503 2503 2503 2541 2541 2541 2541 2541 2541 5210
    2639 2639 2618 2618 2618 2618 2598 2598 2579 2579 2560 2560 2541
    2541 2522 2503 2503 2503 2503 2503 2541 2541 2541 2541 2560 2560
    2560 2639 2639 2618 2618 2618 2618 2618 2598 2579 2579 2579 2560
    2560 2541 2522 2503 2503 2503 2503 2503 2522 2522 2541 2541 2541
    2560 2560 2659 2639 2639 2618 2618 2618 2618 2598 2598 2579 2579
    2560 2560 2541 2541 2522 2503 2503 2503 2503 2522 2522 2541 2541
    2541 2560 2560 2680 2659 2639 2639 2618 2618 2618 2598 2598 2579
    2579 2560 2541 2541 2541 2522 2522 2503 2503 2503 2522 2522 2541
    2541 2541 2541 2560 2680 2680 2659 2639 2618 2618 2618 2598 2598
    2579 2579 2560 2541 2541 2541 2522 2503 2503 2503 2503 2522 2522
    2541 2541 2541 2541 5210 5460 2680 2659 2639 2639 2618 2618 2598
    2598 2579 2579 2560 2541 2541 2541 2522 2503 2503 2503 2503 2522
    2522 2541 2541 2541 2541 2541 5460 2680 2659 2639 2639 2618 2618
    2598 2598 2598 2579 2560 2560 2541 2541 2522 2503 2503 2503 2503
    2522 2522 2541 2541 2541 2541 2541 5460 2659 2639 2639 2639 2618
    2618 2598 2598 2598 2579 2579 2560 2541 2541 2522 2503 2485 2485
    2503 2503 2522 2541 2541 2541 2541 2541 5460 2659 2639 2639 2639
    2618 2618 2618 2598 2598 2598 2560 2541 2541 2541 2522 2503 2485
    2485 2503 2503 2522 2541 2541 2560 2560 2560 5460 2659 2659 2639
    2639 2618 2618 2618 2598 2598 2598 2560 2541 2541 2541 2541 2522
    2503 2503 2503 2503 2522 2541 2541 2560 2560 2560 2767 2680 2659
    2639 2639 2618 2618 2618 2598 2598 2579 2560 2560 2541 2541 2541
    2522 2503 2503 2503 2503 2522 2541 2541 2560 2560 2560 2767 2680
    2659 2639 2639 2618 2618 2618 2598 2598 2579 2560 2560 2541 2541
    2541 2522 2503 2503 2503 2503 2522 2541 2541 2541 2560 2560 2767
    2680 2639 2639 2639 2618 2618 2618 2618 2598 2579 2560 2541 2541
    2541 2522 2503 2503 2503 2503 2503 2522 2541 2541 2541 2541 2560
    5460 2659 2639 2639 2639 2618 2618 2618 2618 2598 2579 2560 2541
    2541 2541 2503 2503 2503 2503 2503 2503 2522 2541 2541 2541 2541
    2560 5460 2659 2639 2639 2639 2618 2618 2618 2618 2598 2579 2560
    2541 2541 2541 2503 2503 2503 2503 2503 2522 2522 2522 2522 2541
    2541 2560 5548 2659 2659 2639 2639 2639 2618 2618 2598 2579 2579
    2560 2541 2541 2541 2522 2522 2503 2503 2522 2522 2522 2522 2522
    2541 2541 2560 5548 2680 2659 2659 2639 2639 2618 2618 2598 2579
    2579 2560 2541 2541 2541 2522 2522 2503 2503 2503 2503 2503 2522
    2522 2541 2541 2541 5548 2680 2659 2639 2639 2639 2618 2618 2598
    2598 2579 2560 2541 2541 2541 2541 2522 2522 2503 2503 2503 2503
    2522 2522 2541 2541 2541 2659 2659 2659 2639 2639 2618 2618 2618
    2598 2598 2579 2560 2541 2541 2541 2541 2522 2503 2503 2503 2503
    2503 2522 2522 2541 2541 2522 2659 2659 2639 2639 2639 2618 2618
    2618 2598 2598 2579 2560 2541 2541 2541 2541 2522 2503 2503 2503
    2503 2503 2522 2522 2541 2541 2522 5374 2659 2639 2639 2639 2618
    2618 2618 2618 2598 2579 2560 2541 2541 2541 2541 2541 2522 2522
    2503 2503 2503 2503 2522 2541 2541 2522 5374 2659 2639 2639 2639
    2618 2618 2618 2618 2579 2579 2560 2541 2541 2541 2541 2541 2522
    2522 2503 2503 2503 2503 2522 2541 2541 2541 5460 5460 2659 2639
    2639 2618 2618 2618 2618 2579 2560 2560 2541 2541 2541 2541 2541
    2522 2503 2503 2503 2503 2503 2522 2541 2541 2541 5460 5460 2659
    2639 2639 2618 2618 2618 2618 2579 2560 2541 2541 2541 2541 2541
    2541 2522 2503 2503 2485 2485 2503 2522 2541 2541 2541 5460 5460
    2680 2659 2659 2639 2639 2618 2618 2560 2560 2541 2541 2541 2541
    2541 2541 2522 2503 2503 2485 2485 2503 2522 2541 2541 2541 5460
    5460 5460 2680 2659 2659 2639 2639 2618 2560 2560 2541 2541 2541
    2541 2541 2541 2522 2485 2485 2485 2485 2503 2522 2541 2541 2541
    5460 5460 5460 5460 5460 2659 2659 2639 2618 2560 2560 2560 5374
    5291 2541 2541 2541 2503 2485 2485 2485 2485 2503 5132 5132 5132
    5132 5460 5460 5460 5460 5460 5460 5460 5374 2598 2560 2560 2560
    5374 5291 5210 2541 2541 2503 2485 2485 2485 5291 5210 5210 5132
    5132 5132 5460 5460 5460 5460 5460 5460 5460 5374 2579 2560 2560
    2560 5460 5374 5291 2541 2541 5210 5210 5210 5291 5291 5210 5210
    5210 5132 5132</data></Depth4790>
</opencv_storage>
