<?xml version="1.0"?>
<opencv_storage>
<Depth18013 type_id="opencv-matrix">
  <rows>18</rows>
  <cols>91</cols>
  <dt>w</dt>
  <data>
    1873 1883 1813 1804 1804 1813 1813 1813 2859 2156 2156 2156 2156
    2156 2143 2129 2129 2129 2116 2116 2116 2116 2789 2116 2116 2116
    2103 2103 2103 2116 2116 2129 2129 2129 2129 2723 2723 2723 2723
    2723 2744 2744 2744 2767 2767 2744 2744 2744 2744 2744 2744 2744
    2767 2767 2767 2767 2767 2767 2767 2767 2744 2744 2767 2767 2744
    2701 2680 2680 2680 2680 2680 2680 2680 2701 2701 2723 2767 2767
    2767 2767 2789 2789 2789 2812 2789 2789 2789 2767 2767 2701 2680
    1853 1823 1813 1804 1804 1813 1804 1804 2129 2129 2143 2143 2143
    2129 2129 2129 2129 2129 2116 2103 2103 2103 2103 2103 2103 2090
    2090 2090 2090 2090 2103 2103 2090 2090 2090 2090 2090 2090 2103
    2090 2090 2090 2090 2090 2090 2744 2744 2744 2744 2744 2744 2744
    2744 2744 2767 2767 2767 2767 2767 2767 2744 2744 2744 2744 2701
    2680 2680 2680 2680 2680 2680 2680 2680 2680 2701 2723 2767 2767
    2767 2767 2789 2789 2789 2789 2812 2789 2789 2744 2723 2680 2680
    1833 1813 1813 1804 1804 1804 1804 1804 2116 2129 2129 2129 2116
    2116 2103 2103 2103 2090 2090 2090 2090 2090 2090 2090 2090 2090
    2078 2078 2078 2078 2078 2078 2078 2078 2078 2090 2090 2090 2090
    2078 2078 2078 2090 2090 2090 2103 2103 2143 2744 2744 2744 2744
    2744 2744 2767 2744 2744 2723 2723 2723 2744 2744 2744 2744 2701
    2680 2659 2659 2680 2680 2680 2680 2680 2680 2701 2723 2767 2767
    2767 2767 2789 2789 2789 2789 2789 2789 2767 2723 2723 2680 2680
    1823 1813 1813 1804 1794 1794 2090 2090 2103 2116 2129 2116 2116
    2103 2090 2090 2090 2090 2078 2078 2078 2078 2078 2078 2078 2078
    2078 2078 2078 2078 2065 2065 2065 2065 2065 2078 2078 2078 2078
    2078 2078 2078 2090 2090 2090 2090 2090 2103 2103 2744 2744 2744
    2744 2767 2103 2103 2090 2090 2090 2090 2090 2090 2103 2744 2701
    2680 2659 2659 2659 2659 2659 2680 2680 2680 2680 2701 2744 2767
    2767 2789 2789 2789 2789 2789 2789 2789 2767 2723 2723 2680 2659
    1823 1813 1813 1804 1794 1794 2090 2090 2103 2116 2116 2116 2103
    2103 2090 2090 2090 2078 2078 2078 2078 2078 2078 2078 2065 2065
    2078 2078 2078 2078 2053 2053 2053 2053 2053 2065 2065 2065 2065
    2065 2065 2065 2065 2065 2065 2065 2078 2090 2090 2090 2744 2744
    2090 2090 2090 2090 2090 2090 2090 2078 2078 2090 2090 2090 2090
    2090 2116 2116 2116 2103 2103 2103 2680 2618 2618 2639 2744 2767
    2767 2789 2789 2789 2789 2789 2767 2767 2767 2744 2723 2680 2659
    1823 1813 1813 1804 1804 2078 2078 2078 2090 2090 2090 2090 2090
    2090 2078 2078 2078 2078 2078 2078 2078 2065 2065 2053 2053 2053
    2053 2053 2065 2053 2040 2040 2053 2053 2053 2053 2065 2053 2053
    2040 2040 2053 2053 2053 2065 2065 2065 2078 2065 2065 2065 2065
    2065 2065 2078 2078 2078 2078 2078 2078 2078 2090 2090 2090 2090
    2090 2103 2116 2116 2103 2103 2103 2103 2103 2103 2103 2103 2129
    2129 2129 2116 2116 2812 2789 2767 2767 2767 2744 2090 2090 2680
    1813 1813 1813 1813 1813 2065 2065 2065 2078 2090 2090 2078 2078
    2078 2078 2078 2078 2078 2078 2065 2065 2065 2053 2040 2040 2040
    2040 2040 2053 2040 2028 2028 2040 2040 2040 2040 2040 2040 2040
    2040 2040 2040 2053 2053 2053 2053 2053 2053 2053 2053 2065 2065
    2065 2065 2065 2065 2078 2078 2078 2078 2078 2078 2078 2090 2090
    2090 2103 2103 2103 2103 2103 2103 2103 2103 2103 2103 2103 2103
    2116 2116 2116 2116 2116 2103 2103 2103 2103 2103 2090 2090 2103
    1813 1813 1813 1813 1813 2053 2053 2053 2065 2065 2078 2078 2065
    2065 2065 2065 2065 2065 2065 2065 2065 2053 2040 2040 2040 2040
    2040 2040 2040 2028 2028 2028 2028 2028 2040 2040 2040 2040 2040
    2040 2040 2040 2040 2040 2053 2053 2053 2053 2053 2053 2053 2053
    2053 2065 2065 2065 2065 2065 2078 2078 2078 2078 2078 2090 2090
    2090 2090 2103 2103 2103 2103 2103 2103 2103 2103 2103 2103 2103
    2103 2103 2116 2103 2103 2103 2103 2103 2103 2103 2090 2090 2090
    1813 1813 1813 1813 2053 2053 2053 2053 2053 2053 2065 2065 2053
    2053 2065 2053 2053 2053 2053 2053 2053 2040 2040 2040 2040 2040
    2040 2040 2028 2028 2028 2028 2028 2028 2028 2028 2028 2028 2040
    2040 2040 2040 2040 2040 2040 2053 2053 2053 2053 2053 2053 2053
    2053 2065 2065 2065 2065 2065 2065 2078 2078 2078 2078 2078 2078
    2078 2090 2090 2090 2090 2090 2103 2090 2090 2103 2103 2103 2103
    2103 2103 2103 2103 2090 2090 2090 2090 2090 2103 2090 2090 2078
    1813 1813 1813 2053 2053 2053 2040 2040 2040 2040 2040 2053 2053
    2053 2053 2040 2040 2053 2053 2053 2053 2040 2040 2040 2040 2040
    2028 2028 2028 2028 2028 2028 2028 2028 2028 2028 2028 2028 2040
    2028 2028 2040 2040 2040 2040 2040 2040 2040 2040 2040 2053 2053
    2053 2053 2053 2053 2065 2065 2065 2065 2065 2065 2078 2078 2078
    2078 2078 2090 2090 2090 2090 2090 2090 2090 2103 2103 2103 2103
    2103 2103 2103 2090 2090 2090 2090 2090 2090 2090 2078 2078 2065
    1823 2053 2053 2053 2053 2040 2040 2040 2040 2040 2040 2040 2040
    2053 2040 2040 2040 2040 2053 2040 2040 2040 2040 2040 2028 2028
    2028 2028 2028 2028 2028 2028 2028 2028 2028 2028 2028 2028 2040
    2028 2028 2028 2040 2040 2040 2040 2040 2040 2040 2040 2053 2053
    2053 2053 2053 2053 2053 2053 2053 2053 2053 2065 2065 2078 2078
    2078 2078 2090 2090 2090 2090 2090 2090 2090 2103 2103 2090 2090
    2090 2090 2090 2090 2090 2090 2090 2090 2078 2065 2065 2065 2065
    1823 2040 2040 2040 2040 2040 2040 2040 2040 2040 2040 2040 2040
    2040 2040 2040 2040 2040 2040 2040 2040 2028 2028 2028 2028 2028
    2028 2028 2028 2028 2028 2028 2028 2028 2028 2028 2028 2028 2040
    2028 2028 2028 2040 2040 2040 2040 2040 2040 2040 2040 2040 2040
    2040 2040 2040 2053 2053 2053 2053 2053 2053 2053 2065 2065 2065
    2065 2065 2078 2090 2090 2090 2090 2090 2090 2090 2103 2090 2090
    2090 2090 2090 2090 2090 2090 2090 2090 2078 2065 2065 2065 2053
    1833 2040 2040 2040 2040 2040 2040 2040 2028 2028 2028 2028 2028
    2040 2040 2040 2040 2040 2040 2040 2040 2028 2028 2028 2028 2028
    2028 2016 2016 2028 2028 2016 2016 2028 2028 2028 2028 2028 2028
    2028 2028 2028 2040 2040 2040 2040 2040 2040 2040 2040 2040 2040
    2040 2040 2040 2040 2040 2040 2040 2040 2053 2053 2053 2053 2065
    2065 2065 2078 2090 2090 2090 2090 2090 2090 2090 2103 2090 2090
    2090 2090 2090 2090 2090 2090 2090 2090 2078 2065 2065 2065 2053
    2028 2028 2028 2028 2028 2028 2028 2028 2028 2028 2028 2028 2028
    2028 2028 2028 2028 2028 2028 2028 2028 2028 2028 2028 2028 2016
    2016 2016 2016 2016 2028 2016 2016 2028 2028 2028 2028 2028 2028
    2028 2028 2028 2028 2028 2040 2040 2040 2040 2040 2040 2040 2040
    2040 2040 2040 2040 2040 2040 2040 2040 2040 2053 2053 2053 2053
    2065 2065 2065 2078 2090 2090 2090 2090 2090 2090 2090 2090 2090
    2090 2090 2090 2090 2090 2090 2078 2078 2078 2053 2053 2053 2040
    2028 2028 2028 2028 2028 2028 2016 2016 2005 2005 2005 2016 2028
    2028 2028 2028 2028 2028 2028 2028 2028 2028 2028 2028 2028 2016
    2016 2016 2005 2005 2016 2028 2028 2028 2028 2028 2028 2028 2028
    2028 2028 2028 2028 2028 2040 2040 2040 2040 2040 2040 2040 2040
    2040 2040 2040 2040 2040 2040 2040 2040 2040 2053 2053 2053 2053
    2053 2053 2053 2065 2090 2090 2090 2090 2090 2090 2090 2090 2090
    2090 2090 2078 2078 2078 2078 2078 2078 2078 2053 2040 2040 2040
    2016 2016 2016 2028 2028 2028 2016 2016 2005 2005 2005 2016 2028
    2028 2028 2028 2028 2028 2016 2016 2016 2016 2016 2016 2016 2005
    2005 2005 2005 2005 2016 2028 2028 2028 2028 2028 2028 2028 2028
    2028 2028 2028 2028 2040 2040 2040 2040 2040 2040 2040 2040 2040
    2040 2040 2040 2040 2040 2040 2040 2053 2053 2053 2053 2053 2053
    2053 2053 2053 2065 2090 2090 2090 2090 2090 2090 2090 2090 2090
    2090 2090 2078 2078 2078 2078 2078 2078 2065 2053 2040 2040 2040
    2005 2005 2016 2016 2016 2016 2005 2005 2005 2005 2005 2005 2016
    2016 2016 2016 2028 2016 2016 2005 2005 2005 2005 2005 2005 2005
