<?xml version="1.0"?>
<opencv_storage>
<Depth18692 type_id="opencv-matrix">
  <rows>157</rows>
  <cols>150</cols>
  <dt>w</dt>
  <data>
    2639 2659 2680 2680 2680 2680 2680 2701 2701 2723 2744 2744 2767
    2767 2767 2789 2789 2789 2789 2835 2859 2883 2883 2908 2933 2908
    2908 2908 2883 2883 2908 2908 2933 2984 3010 3010 3037 3037 3037
    3064 3064 3064 3092 3092 3120 3120 3120 3120 3120 3149 3149 3149
    3178 3178 3208 3208 3238 3238 3238 3238 3269 3269 3300 3300 3333
    3333 3333 3269 3269 0 0 0 0 0 0 0 0 0 0 0 0 0 0 0 0 0 0 0 0 3692
    3692 3653 3653 3692 524 524 529 529 540 540 540 0 0 0 0 0 0 0 0 0 0
    0 0 0 0 0 0 4139 4139 4139 4139 4190 4190 4190 4190 4241 4241 4295
    4295 4349 4349 4405 4405 4405 4463 4463 4463 4463 4463 4463 4522
    4645 4708 4708 4708 4708 4708 4774 4774 4774 2639 2639 2659 2659
    2680 2680 2680 2701 2701 2723 2744 2744 2767 2767 2789 2789 2789
    2789 2789 2859 2859 2883 2883 2908 2908 2908 2908 2908 2883 2883
    2908 2933 2958 2984 3010 3010 3010 3037 3037 3064 3064 3092 3092
    3092 3120 3120 3120 3120 3120 3120 3149 3149 3178 3178 3208 3208
    3238 3238 3238 3238 3269 3269 3300 3300 3333 3333 0 0 0 0 0 0 0 0 0
    0 0 0 0 0 0 0 0 0 0 0 0 0 0 0 3692 3653 517 517 523 523 525 529 534
    537 540 0 0 0 0 0 0 0 0 0 0 0 0 0 0 0 0 4139 4139 4139 4139 4190
    4190 4190 4190 4190 4241 4295 4295 4349 4349 4349 4405 4405 4405
    4405 4405 4463 4463 4522 4522 4645 4708 4708 4708 4708 4708 4774
    4774 4774 2618 2639 2659 2659 2680 2680 2680 2701 2701 2723 2744
    2744 2767 2767 2789 2789 2789 2789 2789 2835 2859 2883 2883 2883
    2908 2908 2908 2908 2883 2883 2908 2933 2958 2984 2984 3010 3010
    3037 3037 3064 3064 3092 3092 3092 3120 3120 3120 3120 3120 3120
    3149 3149 3178 3178 3208 3208 3208 3238 3238 3238 3269 3269 3300 0 0
    0 0 0 0 0 0 0 0 0 0 0 0 0 0 0 0 0 0 0 0 0 0 0 0 0 0 0 517 517 520
    523 525 529 531 537 0 0 0 0 0 0 0 0 0 0 0 0 0 0 0 0 0 0 4190 4190
    4190 4190 4190 4190 4190 4190 4241 4241 4295 4295 4295 4349 4349
    4349 4405 4405 4405 4463 4463 4522 4522 4645 4708 4708 4708 4708
    4708 4774 4774 4774 2618 2618 2659 2659 2680 2680 2680 2701 2701
    2723 2723 2723 2767 2767 2789 2789 2789 2789 2812 2835 2883 2883
    2883 2883 2883 2908 2908 2908 2908 2908 2933 2958 2958 2958 2984
    3010 3037 3037 3037 3064 3064 3092 3092 3120 3120 3120 3120 3120
    3120 3120 3149 3149 3178 3178 3208 3208 3208 3238 3208 3208 3269
    3269 0 0 0 0 0 0 0 0 0 0 0 0 0 0 0 0 0 0 0 0 0 0 0 0 0 0 0 0 0 0 517
    517 520 523 525 528 530 537 0 0 0 0 0 0 0 0 0 0 0 0 0 0 0 0 0 0 0
    4190 4190 4190 4190 4190 4190 4190 4241 4241 4295 4295 4295 4349
    4349 4349 4349 4405 4405 4463 4463 4463 4522 4645 4645 4645 4708
    4708 4708 4774 4774 4774 2618 2618 2659 2659 2680 2680 2701 2701
    2701 2723 2723 2723 2744 2767 2789 2789 2789 2789 2835 2859 2883
    2883 2883 2883 2883 2933 2933 2933 2933 2933 2933 2933 2958 2958
    2984 3010 3037 3037 3037 3064 3064 3064 3092 3092 3092 3120 3120
    3120 3120 3120 3149 3149 3178 3178 3208 3208 3208 3238 3208 3208 0 0
    0 0 0 0 0 0 0 0 0 0 0 0 0 0 0 0 0 0 0 0 0 0 0 0 0 0 0 0 0 0 517 517
    523 523 525 528 530 532 0 0 0 0 0 0 0 0 0 0 0 0 0 0 0 0 0 0 0 4190
    4190 4190 4190 4190 4190 4190 4241 4241 4295 4295 4295 4349 4349
    4349 4349 4405 4405 4405 4463 4463 4522 4645 4645 4645 4708 4708
    4708 4774 4774 4774 2618 2618 2659 2680 2680 2680 2701 2723 2723
    2723 2723 2744 2744 2767 2789 2789 2789 2789 2835 2859 2859 2859
    2883 2883 2908 2933 2933 2933 2933 2933 2933 2933 2958 2958 2984
    3010 3037 3037 3064 3064 3064 3064 3092 3092 3092 3120 3120 3120
    3120 3149 3120 3120 3178 3208 3208 3208 0 0 0 0 0 0 0 0 0 0 0 0 0 0
    0 0 0 0 0 0 0 0 0 0 0 0 0 0 0 0 0 0 0 0 0 0 0 0 524 524 527 530 532
    532 546 545 545 0 0 0 0 0 0 0 0 0 0 0 0 0 0 0 0 0 4190 4190 4190
    4190 4241 4241 4241 4241 4295 4295 4295 4349 4349 4349 4405 4405
    4405 4405 4463 4463 4522 4645 4645 4645 4708 4708 4708 4774 4774
    4774 2618 2639 2659 2680 2680 2680 2701 2701 2701 2723 2723 2744
    2744 2767 2789 2789 2789 2812 2835 2859 2859 2859 2883 2883 2908
    2933 2958 2958 2933 2933 2933 2933 2933 2958 2984 2984 3010 3037
    3037 3037 3064 3064 3064 3092 3092 3120 3120 3149 3149 3149 3120
    3120 3178 3208 0 0 0 0 0 0 0 0 0 0 0 0 0 0 0 0 0 0 0 0 0 0 0 0 0 0 0
    0 0 0 0 0 0 0 0 0 0 0 0 0 0 527 527 530 532 544 544 545 545 546 556
    556 0 0 0 0 0 0 0 0 0 0 0 0 0 0 0 4190 4190 4190 4241 4241 4241 4241
    4241 4295 4295 4349 4349 4349 4405 4405 4405 4463 4463 4463 4522
    4645 4645 4645 4708 4708 4708 4774 4774 4774 2639 2639 2659 2659
    2680 2701 2701 2701 2701 2723 2723 2744 2744 2767 2789 2789 2789
    2789 2812 2835 2835 2859 2859 2883 2908 2933 2933 2958 2933 2933
    2933 2933 2933 2958 2984 2984 3010 3010 3037 3037 3037 3037 3064
    3092 3120 3120 3120 3149 3149 0 0 0 0 0 0 0 0 0 0 0 0 0 0 0 0 0 0 0
    0 0 0 0 0 0 0 0 0 0 0 0 0 0 0 492 491 491 0 0 0 0 0 0 0 0 0 525 525
    527 529 544 544 544 544 545 546 556 556 557 0 0 0 0 0 0 0 0 0 0 0 0
    0 4190 4190 4190 4241 4241 4241 4241 4241 4295 4295 4349 4349 4349
    4405 4405 4405 4405 4463 4463 4522 4645 4645 4645 4708 4708 4708
    4774 4774 4774 2639 2659 2659 2659 2680 2680 2701 2701 2701 2723
    2744 2744 2744 2744 2767 2767 2767 2789 2812 2835 2835 2859 2859
    2883 2883 2933 2933 2933 2958 2958 2933 2933 2933 2933 2958 2984
    2984 3010 3010 3037 3037 3037 3092 3120 3120 3120 3120 3149 0 0 0 0
    0 0 0 0 0 0 0 0 0 0 0 0 0 0 0 0 0 0 0 0 0 0 0 0 501 500 499 497 496
    496 495 492 491 491 0 0 0 0 0 0 0 0 0 525 525 525 526 526 543 543
    543 544 545 556 556 557 559 0 0 0 0 0 0 0 0 0 0 0 0 4241 4241 4241
    4241 4241 4241 4241 4241 4295 4295 4295 4349 4349 4405 4405 4405
    4405 4463 4463 4582 4645 4645 4645 4708 4708 4708 4774 4774 4774
    2639 2659 2659 2659 2680 2680 2701 2701 2701 2723 2744 2744 2744
    2744 2767 2767 2767 2767 2812 2835 2835 2859 2859 2883 2883 2908
    2908 2933 2958 2958 2933 2933 2933 2933 2958 2984 2984 2984 2984
    3037 3037 3037 0 0 0 0 0 0 0 0 0 0 0 0 0 0 0 0 0 0 0 0 0 0 0 0 0 0 0
    0 0 0 0 0 0 502 501 500 499 497 496 496 495 494 494 493 493 0 0 0 0
    0 0 0 524 524 525 525 525 525 540 540 542 544 545 556 557 558 559 0
    0 0 0 0 0 0 0 0 0 0 0 4241 4241 4190 4190 4241 4241 4241 4295 4295
    4295 4295 4295 4405 4405 4405 4405 4405 4463 4463 4582 4645 4645
    4645 4708 4708 4708 4774 4774 4774 2639 2639 2639 2659 2680 2680
    2701 2701 2701 2723 2744 2744 2744 2744 2767 2767 2767 2767 2812
    2859 2859 2859 2883 2883 2883 2908 2908 2933 2933 2933 2933 2933
    2933 2933 2958 2958 2984 2984 2984 0 0 0 0 0 0 0 0 0 0 0 0 0 0 0 0 0
    0 0 0 0 0 0 0 0 0 0 513 513 513 507 507 507 0 0 504 502 501 500 499
    497 496 496 495 495 494 493 493 0 0 0 0 0 0 0 524 524 524 525 525
    534 537 540 541 543 546 556 558 559 560 0 0 0 0 0 0 0 0 0 0 0 0 4190
    4190 4190 4190 4241 4241 4241 4295 4295 4295 4295 4295 4405 4405
    4405 4405 4405 4463 4522 4522 4645 4645 4708 4708 4708 4708 4708
    4774 4774 2618 2618 2639 2659 2680 2680 2701 2701 2701 2723 2744
    2744 2744 2744 2767 2789 2789 2789 2812 2859 2859 2883 2883 2883
    2883 2908 2933 2933 2933 2933 2933 2933 2933 2933 2958 2958 0 0 0 0
    0 0 0 0 0 0 0 0 0 0 0 0 0 0 0 0 0 0 0 0 520 520 0 0 516 514 513 513
    511 507 507 507 507 506 504 502 502 501 499 498 497 496 495 495 494
    494 494 0 0 0 0 0 0 0 523 523 524 525 525 532 537 540 541 543 554
    554 556 559 561 0 0 0 0 0 0 0 0 0 0 0 0 4190 4190 4190 4190 4241
    4295 4295 4295 4295 4295 4295 4349 4405 4405 4405 4405 4405 4463
    4522 4522 4582 4645 4645 4708 4708 4708 4708 4774 4774 2618 2618
    2639 2659 2680 2680 2701 2701 2723 2723 2744 2744 2767 2767 2767
    2789 2789 2812 2812 2859 2859 2859 2883 2883 2883 2908 2933 2933
    2958 2958 2958 2933 2933 2933 0 0 0 0 0 0 0 0 0 0 0 0 0 0 0 0 0 0 0
    0 0 0 0 0 0 0 520 520 519 517 516 514 514 513 511 510 508 507 507
    506 504 503 502 501 500 499 498 496 495 495 495 494 494 494 0 0 0 0
