<?xml version="1.0"?>
<opencv_storage>
<Depth9170 type_id="opencv-matrix">
  <rows>19</rows>
  <cols>10</cols>
  <dt>w</dt>
  <data>
    7492 7660 7660 5374 5374 5374 5374 5291 5291 5210 7492 7660 5548
    5374 5374 5460 5374 5291 5291 5210 7492 7492 5548 5460 5460 5374
    5374 5291 5291 5210 7492 5548 5548 5548 5548 5374 5374 5291 5291
    5210 5460 5374 5374 5548 5548 5374 5291 5291 5291 5210 5460 5374
    5374 5374 5374 5374 5291 5291 5291 5291 5374 5374 5374 5374 5374
    5291 5291 5291 5291 5291 5374 5374 5374 5374 5374 5291 5291 5291
    5291 5291 5374 5374 5374 5374 5374 5291 5291 5291 5291 5291 5374
    5374 5374 5374 5374 5374 5374 5291 5291 5291 5374 5374 5374 5374
    5374 5291 5291 5291 5291 5291 5460 5460 5460 5374 5291 5291 5291
    5291 5291 5291 5548 5548 5460 5291 5291 5291 5291 5291 5210 5210
    5460 5460 5460 5291 5291 5291 5291 5291 5210 5210 5460 5460 5460
    5374 5291 5291 5291 5291 5291 7030 5548 5460 5460 5374 5291 5291
    5291 5291 5291 7030 0 5460 5460 5374 5374 5374 5291 5291 7030 7030 0
    0 5548 5460 5374 5374 5374 5374 7030 7030 0 0 0 0 5460 5374 5374
    5374 7030 7030</data></Depth9170>
</opencv_storage>
