<?xml version="1.0"?>
<opencv_storage>
<Depth15748 type_id="opencv-matrix">
  <rows>136</rows>
  <cols>125</cols>
  <dt>w</dt>
  <data>
    794 794 794 794 796 796 798 800 807 0 0 0 1112 1112 1112 1112 1112
    1115 771 771 1115 1126 1134 1134 1134 1134 1134 1639 1639 1639 1647
    1655 1655 1663 1671 1671 1680 1696 1713 1722 1748 1748 1748 1757
    1757 1766 1776 1785 1794 1804 1804 1813 1823 1833 1843 1843 1863
    1915 1926 1926 1936 1947 1959 1959 1981 1993 1993 2005 2016 2040
    2053 2103 2103 2103 2116 2116 2116 2129 2156 2170 2170 0 0 0 0 0 0 0
    0 0 0 0 0 0 0 0 2467 2467 2467 2467 2467 2450 2432 2415 2415 2398
    2398 2381 2365 2365 2398 2415 2450 2450 3333 3333 3333 3399 3399
    3468 3468 3468 3468 3503 3539 794 794 794 794 796 796 796 796 802
    805 0 1115 1115 1112 766 766 767 767 769 769 771 773 1134 1138 1134
    1134 1639 1639 1639 1639 1647 1655 1671 1680 1688 1688 1688 1705
    1722 1731 1748 1748 1748 1757 1757 1757 1766 1766 1794 1804 1813
    1823 1833 1843 1843 1843 1873 1915 1926 1926 1947 1959 1959 1959
    1981 1993 1993 2016 2028 2053 2065 2103 2103 2103 2116 2116 2129
    2156 2156 2170 2170 0 0 0 0 0 0 0 0 0 0 0 0 0 0 2485 2485 2503 2485
    2467 2467 2450 2432 2415 2415 2398 2398 2381 2365 2365 2398 2415
    2450 2450 3333 3333 3333 3399 3399 3468 3468 3468 3468 3503 3539 792
    792 792 792 792 794 794 796 798 802 802 803 764 764 764 766 767 767
    769 769 769 769 769 1138 1138 1138 1639 1639 1639 1639 1647 1663
    1688 1696 1696 1696 1705 1713 1731 1739 1757 1757 1757 1757 1757
    1757 1766 1766 1804 1823 1823 1843 1853 1853 1853 1863 1873 1915
    1926 1936 1947 1959 1970 1970 1981 1993 2005 2016 2028 2053 2053
    2116 2116 2116 2116 2116 2129 2156 2170 2198 2198 0 0 0 0 0 0 0 0 0
    0 0 0 0 2485 2485 2485 2522 2503 2485 2467 2467 2467 2432 2432 2398
    2398 2381 2365 2365 2432 2450 2450 2467 3365 3365 3365 3399 3433
    3468 3503 3503 3539 3576 3614 792 792 792 792 792 794 794 796 798
    800 802 803 764 764 764 767 767 767 767 767 766 766 766 766 766 1647
    1647 1647 1647 1655 1663 1671 1688 1696 1705 1705 1713 1722 1739
    1748 1766 1766 1766 1766 1766 1776 1794 1813 1823 1833 1833 1853
    1863 1863 1863 1873 1904 1904 1904 1981 1981 1981 1993 1993 1993
    2005 2016 2028 2040 2078 2078 2116 2116 2116 2129 2129 2143 2156
    2170 2198 2198 2271 2271 2271 0 0 0 0 0 0 0 0 0 2467 2467 2485 2503
    2522 2522 2485 2485 2485 2467 2467 2450 2432 2415 2415 2485 2467
    2467 2485 2485 2485 3399 3399 3399 3433 3468 3503 3539 3576 3576
    3614 3614 792 792 792 792 792 792 792 794 794 798 800 766 766 766
    766 767 767 767 767 767 766 766 766 766 766 0 1688 1688 1688 1688
    1688 1688 1696 1705 1713 1713 1722 1731 1748 1757 1766 1776 1785
    1785 1785 1804 1813 1823 1833 1853 1853 1873 1873 1883 1894 1904
    1915 1915 2005 1981 1981 1981 1993 1993 1993 2005 2016 2028 2053
    2090 2090 2184 2129 2129 2129 2129 2184 2184 2184 2198 2198 2271
    2271 2271 2286 2286 2301 0 0 0 0 0 0 2467 2467 2485 2503 2541 2541
    2503 2485 2485 2467 2467 2450 2432 2432 2467 2522 2522 2503 2503
    2503 2541 3433 3433 3433 3468 3503 3539 3539 3576 3614 3614 3653 792
    792 790 790 790 790 790 792 792 794 764 764 766 766 766 767 767 769
    767 767 766 766 766 766 766 769 1688 1688 1688 1688 1688 1688 1696
    1722 1722 1731 1731 1739 1757 1757 1776 1785 1794 1785 1785 1813
    1823 1843 1843 1853 1863 1873 1873 1894 1904 1915 1926 1926 2005
    2005 1993 1993 2005 2005 2005 2005 2040 2040 2053 2053 2053 2184
    2184 2184 2156 2156 2184 2212 2212 2212 2212 2271 2271 2271 2286
    2286 2286 2301 0 0 0 0 0 2467 2467 2485 2503 2541 2541 2541 2522
    2503 2485 2467 2467 2467 2467 2503 2522 2541 2522 2522 2541 2541
    3468 3468 3503 3539 3576 3576 3614 3614 3614 3653 3653 790 790 790
    790 790 790 790 790 792 766 764 764 766 766 766 767 767 769 767 767
    767 767 766 766 769 769 774 0 1713 1713 1713 1713 1713 1731 1731
    1748 1757 1757 1766 1776 1785 1785 1804 1813 1813 1823 1833 1843
    1853 1863 1863 1873 1873 1904 1915 1926 1936 1993 1993 2005 1993
    1993 2005 2005 2005 2005 2053 2053 2053 2053 2053 2184 2184 2184
    2198 2198 2198 2212 2212 2226 2317 2286 2286 2286 2286 2286 2286
    2301 0 0 0 0 0 2485 2485 2541 2560 2560 2560 2541 2541 2522 2485
    2485 2467 2467 2485 2503 2522 2541 2541 2541 2560 3468 3468 3503
    3503 3539 3614 3614 3653 3653 3653 3653 3692 789 789 787 787 787 787
    787 789 767 766 766 766 766 766 766 767 767 769 769 769 767 767 766
    766 767 773 774 0 0 0 1713 1713 1713 1731 1731 1757 1757 1757 1804
    1804 1813 1813 1823 1823 1823 1823 1833 1863 1863 1863 1863 1894
    1904 1915 1926 1936 1936 1993 1993 2005 1993 1993 2016 2028 2028
    2065 2065 2065 2065 2065 2198 2198 2184 2184 2226 2241 2241 2256
    2271 2286 2317 2317 2317 2365 0 0 0 0 0 0 0 0 0 0 2598 2598 2579
    2579 2560 2560 2560 2541 2503 2485 2485 2485 2485 2522 2541 2541
    2560 2560 2560 3503 3503 3503 3539 3576 3614 3653 3653 3692 3732
    3774 3774 787 787 787 787 785 785 785 767 767 766 766 766 766 766
    766 767 767 767 767 767 767 767 767 767 767 773 774 774 0 778 0 0
    1731 1731 1748 1757 1785 1785 1794 1804 1823 1823 1833 1833 1833
    1843 1863 1873 1873 1863 1863 1915 1926 1936 1936 1936 1959 1993
    1993 2005 2005 2005 2053 2053 2053 2065 2065 2065 2103 2103 2198
    2198 2198 2198 2226 2241 2241 2256 2271 2286 2333 2333 2333 2365 0 0
    0 0 0 0 0 0 0 0 0 2618 2598 2598 2560 2560 2560 2541 2522 2503 2485
    2485 2503 2541 2560 2560 2560 2579 2579 3539 3539 3539 3576 3614
    3614 3653 3692 3732 3774 3774 3774 787 787 785 783 780 778 771 767
    767 766 766 766 766 766 766 767 767 766 766 767 767 767 769 771 771
    773 774 774 778 0 781 0 1731 1731 1748 1766 1785 1785 1794 1813 1823
    1823 1833 1833 1843 1853 1873 1883 1894 1904 1915 1915 1926 1947
    1947 1947 1959 1959 1959 2078 0 2078 2090 2090 2090 2090 2065 2065
    2103 2156 2156 2198 2198 2198 2226 2241 2241 2271 2286 2317 2349
    2349 2349 2381 0 0 0 0 0 0 0 0 0 0 0 2639 2618 2618 2598 2579 2560
    2560 2541 2522 2503 2503 2522 2560 2560 2579 2579 2579 2579 3539
    3576 3576 3614 3653 3653 3692 3732 3774 3774 3774 3774 787 787 785
    778 774 773 769 767 767 766 766 766 766 766 766 767 767 766 766 767
    767 769 771 771 771 773 774 774 778 781 0 781 0 1785 1785 1785 1785
    1785 1794 1804 1804 1833 1833 1843 1843 1863 1873 1883 1894 1915
    1926 1936 1936 1947 1947 1947 1959 1959 0 2078 2078 2078 2090 2090
    2090 2090 2078 2078 2103 2156 2156 2198 2198 2212 2226 2226 2241
    2271 2286 2317 2365 2365 0 0 0 0 0 0 0 0 0 0 0 0 0 2639 2639 2618
    2598 2598 2579 2560 2541 2541 2522 2522 2522 2560 2560 2579 2579
    2579 3576 3576 3614 3614 3653 3692 3692 3732 3774 3816 3816 3816
    3816 787 785 783 773 771 771 767 767 766 766 766 766 766 766 766 767
    767 766 766 766 767 769 771 771 771 773 776 776 780 781 0 0 0 0 1785
    1785 1785 1785 1794 1804 1843 1833 1833 1853 1863 1873 1883 1894
    1915 1926 1936 1936 1947 1959 1959 1959 2005 2005 0 2078 2078 2078
    2090 2103 2090 2090 2090 2090 2116 2116 2116 0 0 0 2226 2226 2241
    2271 2286 2381 2381 2381 0 0 0 0 0 0 0 0 0 0 0 0 0 2639 2639 2639
    2618 2598 2598 2560 2560 2541 2522 2522 2522 2560 2579 2598 2598
    2598 3614 3614 3653 3653 3692 3692 3732 3774 3774 3816 3816 3816
    3816 783 781 778 771 769 769 767 767 766 766 766 766 766 766 766 767
    767 766 766 766 767 769 771 771 771 774 778 781 785 787 796 796 805
    805 1785 1785 1785 1785 1794 1823 1843 1863 1863 1873 1883 1883 1883
    1883 1959 1959 1959 1959 1970 1993 1993 2005 2005 0 2090 2078 2078
    2078 2090 2103 2116 2116 2116 2116 2116 2226 2226 0 0 0 0 0 2271
    2271 2286 0 2381 2381 0 0 0 0 0 0 0 0 0 0 0 0 0 0 2639 2639 2618
    2618 2618 2579 2579 2541 2541 2541 2541 2560 2598 2618 2618 2618
    3614 3614 3653 3692 3692 3732 3774 3774 3816 3816 3859 3859 3903 778
    778 778 771 769 769 767 766 766 766 766 766 766 766 766 766 767 766
    766 767 767 769 771 771 773 776 783 785 787 792 796 800 805 805 809
