<?xml version="1.0"?>
<opencv_storage>
<Depth4629 type_id="opencv-matrix">
  <rows>37</rows>
  <cols>80</cols>
  <dt>w</dt>
  <data>
    4041 4041 4041 4041 4041 4041 1813 1813 1813 1804 1804 1804 1794
    1794 3994 3994 3994 3994 3994 3994 3994 3948 3948 3948 3948 3948
    3903 3903 3903 3903 3903 3903 3903 3903 3903 3903 3859 3859 3859
    3859 3859 3859 3859 3859 3859 3859 3859 3859 3859 3859 3859 3859
    3859 3859 3859 3859 3859 3859 3859 3859 3859 3859 3859 3816 3816
    3816 3816 3859 3859 3859 3859 3859 3859 3816 3816 3816 3816 3774
    3774 3732 4041 4041 3994 3994 4041 4041 1813 1804 1804 1804 1804
    1804 1794 1794 1785 1785 3994 3994 3994 3994 3994 3948 3948 3948
    3948 3948 3903 3903 3903 3903 3903 3903 3903 3903 3903 3903 3859
    3859 3816 3816 3859 3859 3859 3816 3816 3816 3859 3859 3859 3859
    3859 3859 3816 3816 3859 3816 3816 3859 3859 3859 3859 3859 3816
    3816 3816 3816 3816 3859 3859 3859 3816 3816 3816 3816 3816 3816
    3816 3774 3774 3692 4041 4041 3994 3994 3994 1804 1804 1804 1804
    1804 1804 1804 1794 1794 1785 1785 1776 1776 1776 3994 3994 3948
    3903 3903 3948 3948 3903 3903 3859 3859 3859 3859 3903 3903 3903
    3859 3859 3859 3816 3816 3859 3816 3816 3816 3816 3816 3816 3816
    3816 3816 3816 3859 3816 3816 3816 3816 3816 3816 3816 3859 3859
    3859 3816 3816 3816 3816 3859 3859 3859 3816 3816 3816 3816 3816
    3816 3816 3774 3774 3732 3692 4041 4041 3994 3994 3994 1823 1804
    1794 1794 1794 1794 1794 1794 1794 1785 1785 1776 1776 1776 1766
    1766 1766 1766 1757 1757 3948 3948 3903 3859 3859 3859 3859 3859
    3859 3859 3816 3816 3816 3816 3859 3859 3816 3816 3816 3816 3816
    3816 3816 3816 3816 3816 3859 3816 3816 3816 3816 3816 3816 3816
    3859 3816 3816 3816 3816 3816 3816 3859 3859 3859 3816 3816 3816
    3816 3816 3816 3816 3774 3774 3732 3692 4041 4041 3994 3994 1804
    1804 1804 1794 1794 1794 1794 1785 1785 1785 1776 1776 1776 1776
    1776 1766 1766 1766 1766 1757 1757 1757 1757 1757 1766 3903 3859
    3859 3859 3859 3859 3816 3816 3816 3816 3859 3816 3816 3816 3816
    3816 3816 3816 3816 3816 3816 3816 3816 3816 3816 3816 3816 3816
    3816 3859 3816 3816 3816 3816 3816 3816 3816 3816 3816 3816 3816
    3816 3816 3816 3816 3816 3816 3732 3732 3774 3732 4041 4041 3994
    3994 1804 1804 1804 1794 1794 1785 1785 1776 1776 1776 1776 1776
    1776 1776 1776 1776 1776 1776 1766 1766 1766 1757 1757 1757 1757
    1757 1757 1766 3859 3816 3816 3816 3816 3816 3816 3816 3816 3816
    3816 3816 3816 3816 3816 3816 3816 3816 3816 3816 3816 3816 3816
    3816 3816 3816 3816 3816 3816 3816 3816 3816 3816 3816 3816 3816
    3816 3816 3816 3816 3816 3816 3816 3774 3732 3732 3774 3732 3994
    3994 3994 1813 1804 1804 1804 1794 1794 1785 1785 1776 1776 1776
    1776 1776 1776 1776 1776 1776 1766 1766 1766 1766 1766 1766 1766
    1766 1757 1757 1757 1757 1757 1757 3816 3816 3816 3816 3816 3816
    3816 3816 3816 3816 3816 3774 3774 3816 3816 3816 3816 3816 3816
    3816 3816 3816 3816 3816 3816 3816 3816 3816 3816 3816 3774 3774
    3774 3816 3816 3816 3816 3816 3816 3816 3774 3774 3774 3774 3774
    3732 3948 3948 3994 1813 1804 1804 1794 1785 1785 1785 1776 1776
    1776 1776 1776 1776 1776 1776 1776 1766 1766 1766 1766 1766 1766
    1766 1766 1757 1757 1757 1757 1748 1748 1748 1739 1739 1748 1739
    1739 1739 3816 3816 3816 3816 3816 3774 3774 3816 3816 3816 3816
    3816 3816 3816 3816 3816 3816 3816 3816 3816 3816 3816 3816 3816
    3774 3774 3774 3816 3816 3816 3816 3816 3816 3816 3774 3774 3774
    3774 3732 3692 3948 3948 3994 1813 1794 1785 1785 1785 1785 1776
    1776 1776 1776 1776 1776 1776 1776 1766 1766 1766 1766 1766 1766
    1766 1766 1757 1757 1757 1757 1757 1748 1748 1739 1739 1739 1739
    1739 1739 1739 1739 1739 3816 3816 3774 3774 3774 3774 3774 3774
    3816 3774 3774 3774 3774 3774 3774 3774 3774 3816 3816 3816 3816
    3816 3816 3774 3774 3774 3816 3816 3816 3816 3816 3816 3816 3816
    3774 3732 3732 3692 3653 3948 3948 3994 1804 1794 1785 1776 1776
    1776 1776 1776 1776 1776 1766 1766 1766 1766 1766 1766 1766 1766
    1766 1757 1757 1757 1757 1748 1748 1748 1748 1739 1739 1739 1739
    1739 1739 1739 1739 1739 1739 1731 1731 1731 1731 1731 3774 3774
    3774 3774 3774 3774 3774 3774 3774 3774 3774 3774 3774 3774 3774
    3774 3774 3774 3774 3732 3732 3732 3816 3816 3816 3816 3816 3816
    3816 3816 3774 3732 3692 3692 3653 3948 3948 3948 1804 1785 1776
    1776 1776 1776 1776 1766 1766 1766 1766 1766 1766 1766 1766 1766
    1766 1757 1757 1757 1748 1748 1748 1739 1739 1739 1739 1739 1739
    1739 1739 1739 1739 1739 1739 1739 1739 1731 1731 1731 1731 1731
    1731 1722 1722 1731 1731 1731 3774 3774 3692 3692 3732 3732 3774
    3732 3732 3732 3732 3774 3732 3732 3732 3732 3774 3816 3816 3816
    3816 3816 3816 3774 3732 3732 3692 3653 3653 3903 3903 3903 1794
    1776 1776 1766 1766 1766 1766 1766 1766 1766 1766 1766 1757 1757
    1757 1757 1757 1748 1748 1748 1739 1739 1739 1739 1739 1739 1739
    1739 1739 1739 1739 1731 1731 1731 1731 1731 1731 1731 1731 1731
    1731 1731 1731 1722 1722 1731 1731 1731 1731 1731 3692 3692 3692
    3692 3732 3732 3732 3732 3732 3774 3732 3692 3692 3732 3774 3774
    3816 3816 3774 3774 3774 3732 3732 3692 3692 3653 3653 3903 3903
    3903 1785 1776 1776 1766 1766 1766 1766 1766 1766 1766 1766 1757
    1757 1757 1748 1748 1748 1739 1739 1739 1739 1739 1739 1739 1739
    1739 1731 1731 1731 1731 1731 1731 1731 1731 1731 1731 1731 1731
    1731 1731 1731 1731 1731 1731 1731 1731 1731 1722 1722 1722 1722
    3653 3653 3692 3732 3732 3732 3732 3732 3774 3732 3692 3692 3732
    3732 3774 3816 3816 3774 3774 3732 3732 3732 3692 3692 3653 3653
    3903 3903 1785 1785 1776 1766 1766 1766 1757 1757 1757 1757 1766
    1757 1757 1748 1748 1748 1748 1748 1739 1739 1739 1739 1739 1739
    1739 1739 1739 1731 1731 1731 1731 1731 1731 1731 1731 1731 1731
    1731 1731 1722 1722 1722 1731 1731 1731 1722 1722 1722 1713 1705
    1705 1705 1713 1713 1722 1776 1776 3774 1713 1713 1713 3732 3732
    3732 3732 3732 3774 3816 3816 3774 3774 3732 3732 3692 3692 3692
    3653 3653 3903 3903 1776 1776 1776 1766 1766 1766 1757 1757 1757
    1757 1757 1757 1748 1748 1748 1739 1739 1739 1739 1739 1739 1739
    1739 1731 1731 1731 1731 1731 1731 1731 1731 1731 1731 1731 1731
    1731 1731 1731 1722 1722 1722 1722 1722 1731 1731 1722 1722 1722
    1713 1705 1705 1705 1705 1705 1713 1705 1705 1713 1713 1713 1713
    1722 3732 3732 3732 3732 3774 3774 3774 3816 3774 3774 3732 3692
    3692 3653 3653 3614 3859 1970 1776 1776 1776 1766 1766 1766 1766
    1766 1757 1757 1757 1757 1748 1739 1739 1739 1739 1739 1739 1739
    1739 1739 1739 1731 1731 1731 1722 1722 1722 1722 1731 1731 1731
    1731 1731 1731 1722 1722 1713 1713 1713 1713 1722 1713 1713 1713
    1713 1713 1705 1705 1705 1705 1705 1705 1705 1705 1705 1705 1705
    1705 1705 1705 1705 3774 3774 3774 3774 3774 3774 3816 3774 3774
    3732 3692 3692 3653 3653 3614 1970 1970 1970 1970 1804 1785 1785
    1776 1766 1766 1766 1766 1757 1757 1748 1739 1739 1739 1739 1739
    1739 1739 1739 1731 1731 1731 1731 1731 1722 1722 1722 1722 1722
    1722 1722 1722 1722 1722 1722 1713 1713 1713 1713 1713 1713 1713
    1713 1713 1705 1705 1705 1705 1705 1705 1705 1705 1705 1705 1705
    1705 1705 1696 1696 1696 1696 3816 3774 3774 3774 3774 3774 3816
    3816 3774 3732 3692 3653 3653 3653 3614 1959 1959 1959 1970 1813
    1804 1804 1785 1776 1766 1766 1766 1766 1766 1757 1748 1748 1739
    1739 1739 1739 1739 1739 1731 1731 1731 1731 1731 1722 1722 1722
    1722 1722 1713 1713 1713 1713 1713 1713 1705 1705 1713 1713 1705
    1705 1705 1705 1705 1705 1705 1705 1705 1705 1705 1705 1705 1705
    1705 1705 1705 1696 1696 1696 1696 1696 3774 3774 3774 3774 3774
    3774 3816 3816 3774 3692 3692 3653 3653 3653 3614 1959 1947 1947
    1959 1959 1833 1823 1823 1813 1794 1785 1776 1776 1766 1766 1748
    1748 1739 1739 1739 1739 1739 1739 1731 1731 1731 1731 1731 1722
    1722 1722 1722 1713 1713 1713 1713 1713 1713 1705 1705 1705 1713
