<?xml version="1.0"?>
<opencv_storage>
<Depth19584 type_id="opencv-matrix">
  <rows>60</rows>
  <cols>34</cols>
  <dt>w</dt>
  <data>
    3576 3576 3576 3614 3576 1452 1445 1445 1439 1439 1439 1439 3614
    3614 3576 3576 3539 3539 3539 3614 3614 3614 3614 3614 3614 3653
    3653 3653 3653 3614 3614 3614 3576 3539 3576 3576 3576 3576 1452
    1452 1445 1439 1439 1433 1427 1427 1427 3576 3539 3539 3539 3539
    3539 3576 3576 3614 3614 3614 3576 3576 3614 3653 3614 3614 3614
    3614 3576 3539 3576 3576 3576 3576 1452 1445 1445 1439 1439 1433
    1427 1427 1433 1433 1427 1427 1427 1421 1421 1410 1410 3614 3614
    3614 3576 3576 3576 3653 3614 3614 3614 3614 3539 3539 3539 3539
    3576 1458 1452 1445 1445 1439 1439 1433 1427 1427 1427 1427 1427
    1421 1415 1410 1404 1398 1398 1398 3653 3653 3576 3576 3576 3614
    3614 3614 3576 3539 3539 3539 3539 3539 3576 1458 1452 1445 1445
    1439 1439 1433 1421 1421 1421 1421 1421 1415 1410 1398 1392 1387
    1387 1387 1312 1312 1312 3614 3614 3614 3539 3539 3539 3539 3539
    3539 3576 3576 1464 1464 1452 1439 1439 1439 1439 1433 1415 1415
    1421 1421 1415 1415 1404 1398 1392 1387 1333 1322 1312 1312 1312
    1250 1245 1241 1241 3539 3539 3539 3503 3503 3503 1421 1421 1421
    1421 1439 1439 1439 1376 1376 1415 1415 1421 1421 1415 1415 1404
    1398 1398 1398 1333 1322 1288 1278 1268 1250 1245 1236 1232 1232
    1232 3503 3503 3503 3539 1415 1415 1415 1410 1392 1381 1381 1376
    1370 1241 1236 1236 1245 1245 1245 1250 1292 1292 1297 1297 1283
    1283 1278 1268 1250 1245 1232 1232 1223 1223 1223 3539 3539 0 1415
    1415 1415 1392 1376 1370 1370 1376 1250 1241 1236 1236 1241 1241
    1241 1250 1278 1278 1283 1273 1273 1278 1278 1268 1255 1245 1227
    1223 1219 1219 1219 1219 3539 0 1427 1427 1404 1376 1359 1354 1354
    1381 1250 1241 1236 1236 1241 1241 1241 1241 1241 1255 1255 1250
    1250 1236 1236 1264 1245 1241 1227 1223 1219 1219 1219 1219 1219 0
    1404 1404 1404 1370 1354 1349 1349 1283 1250 1241 1236 1236 1236
    1236 1236 1236 1241 1241 1236 1236 1236 1236 1236 1241 1241 1232
    1227 1223 1219 1219 1219 1219 1214 1439 1439 1404 1404 1359 1354
    1343 1297 1278 1250 1241 1236 1236 1236 1236 1236 1236 1236 1236
    1236 1232 1232 1232 1236 1236 1236 1227 1227 1223 1219 1219 1214
    1214 1214 0 1439 1421 1404 1359 1354 1343 1292 1273 1255 1236 1236
    1236 1236 1236 1236 1236 1236 1236 1232 1232 1232 1232 1232 1232
    1232 1227 1227 1223 1219 1219 1214 1214 1214 1439 1439 1421 1376
    1365 1349 1343 1288 1273 1255 1236 1236 1236 1236 1236 1236 1232
    1232 1232 1232 1232 1232 1232 1232 1232 1227 1227 1223 1219 1219
    1219 1214 1214 1214 1445 1445 1427 1376 1349 1338 1245 1245 1255
    1241 1236 1232 1232 1236 1236 1236 1232 1232 1232 1232 1232 1232
    1227 1227 1227 1227 1223 1223 1219 1219 1219 1219 1219 1219 1445
    1445 1439 1427 1349 1338 1236 1236 1255 1241 1236 1232 1232 1232
    1232 1236 1232 1232 1232 1232 1232 1232 1227 1227 1227 1227 1223
    1223 1219 1219 1219 1219 1219 1219 1439 1439 1439 1433 1433 1433
    1236 1236 1255 1241 1236 1232 1232 1232 1232 1232 1232 1232 1232
    1232 1232 1232 1227 1227 1223 1223 1223 1219 1219 1219 1219 1219
    1214 1214 0 1439 1439 1433 1433 1433 1433 1278 1259 1241 1236 1232
    1232 1232 1232 1232 1232 1232 1232 1232 1232 1227 1227 1227 1223
    1223 1219 1219 1219 1219 1219 1219 1214 1214 0 1427 1427 1392 1370
    1370 1307 1278 1259 1241 1236 1236 1232 1232 1232 1232 1232 1232
    1232 1227 1227 1227 1223 1223 1223 1219 1219 1219 1219 1219 1219
    1214 1210 1210 3503 1427 1427 1370 1359 1349 1307 1292 1241 1236
    1236 1236 1232 1232 1232 1232 1227 1227 1227 1227 1227 1223 1223
    1223 1219 1219 1219 1219 1219 1219 1219 1214 1210 1210 3503 0 1387
    1370 1359 1349 1312 1297 1241 1236 1236 1236 1236 1236 1232 1227
    1227 1227 1227 1227 1223 1223 1219 1219 1219 1219 1219 1219 1219
    1219 1219 1214 1214 1214 3503 0 1387 1370 1365 1349 1317 1297 1264
    1241 1236 1236 1236 1236 1232 1227 1227 1227 1227 1227 1223 1223
    1219 1219 1219 1219 1219 1219 1219 1219 1219 1214 1214 1214 3503 0
    1387 1370 1359 1349 1349 1349 1259 1241 1236 1236 1236 1236 1232
    1227 1227 1227 1227 1227 1223 1223 1219 1219 1219 1219 1219 1219
    1219 1219 1219 1214 1214 1214 3539 0 1387 1376 1359 1349 1283 1273
    1259 1241 1236 1236 1236 1232 1232 1227 1227 1227 1227 1227 1223
    1223 1223 1219 1219 1219 1219 1219 1219 1219 1219 1214 1214 1214 0
    1387 1387 1381 1365 1365 1283 1268 1259 1241 1236 1236 1236 1232
    1232 1227 1227 1227 1223 1223 1227 1223 1223 1223 1219 1219 1219
    1219 1219 1219 1219 1214 1214 1214 0 1392 1392 1387 1365 1297 1283
    1268 1259 1241 1236 1232 1232 1232 1232 1232 1227 1227 1223 1223
    1223 1223 1223 1223 1219 1219 1219 1219 1219 1219 1219 1214 1214
    1219 0 1404 1404 1381 1365 1297 1288 1283 1264 1236 1232 1232 1232
    1232 1232 1232 1232 1227 1227 1223 1223 1223 1223 1219 1219 1219
    1219 1219 1219 1219 1214 1214 1214 1214 0 1398 1398 1376 1370 1297
    1292 1283 1264 1236 1232 1232 1232 1232 1232 1227 1227 1227 1223
    1223 1223 1219 1219 1219 1219 1219 1219 1219 1219 1219 1214 1214
    1214 1214 1415 1392 1392 1370 1365 1365 1292 1283 1259 1236 1232
    1232 1232 1232 1227 1227 1227 1227 1223 1223 1223 1219 1219 1219
    1219 1219 1219 1219 1214 1214 1214 1214 1214 1214 1415 1415 1392
    1370 1365 1349 1292 1288 1241 1236 1232 1232 1232 1232 1227 1227
    1227 1227 1227 1227 1223 1223 1219 1219 1219 1219 1219 1219 1214
    1214 1214 1214 1214 1214 1410 1410 1381 1365 1359 1343 1292 1259
    1241 1236 1232 1232 1232 1227 1227 1227 1227 1227 1227 1227 1223
    1223 1219 1219 1219 1219 1219 1214 1214 1214 1214 1214 1214 1214
    1410 1410 1381 1365 1359 1343 1312 1241 1236 1236 1232 1232 1232
    1227 1227 1227 1227 1227 1227 1227 1223 1223 1219 1219 1219 1219
    1219 1214 1214 1214 1214 1214 1214 1219 1404 1404 1381 1370 1359
    1343 1312 1241 1236 1236 1232 1232 1232 1232 1232 1232 1227 1227
    1227 1223 1223 1223 1219 1219 1219 1219 1219 1219 1219 1214 1214
    1214 1214 1219 1445 1398 1381 1370 1359 1343 1292 1264 1241 1236
    1232 1232 1232 1232 1232 1232 1227 1227 1227 1223 1223 1223 1219
    1219 1219 1219 1219 1214 1214 1214 1214 1214 1214 1219 1439 1398
    1381 1376 1359 1359 1283 1264 1241 1236 1232 1227 1227 1232 1232
    1227 1223 1223 1223 1223 1219 1219 1219 1219 1219 1219 1214 1214
    1214 1214 1214 1214 1214 1219 1439 1398 1381 1376 1359 1359 1273
    1259 1241 1232 1232 1227 1227 1227 1227 1223 1223 1223 1223 1219
    1219 1219 1219 1219 1219 1214 1214 1214 1214 1214 1214 1214 1219
    1219 1433 1404 1404 1392 1392 1302 1273 1259 1236 1232 1227 1227
    1227 1223 1223 1219 1219 1219 1219 1219 1219 1219 1219 1219 1219
    1214 1214 1214 1214 1214 1214 1214 1219 1219 1415 1404 1404 1392
    1392 1297 1288 1259 1236 1232 1227 1227 1227 1223 1223 1219 1219
    1219 1219 1219 1219 1219 1214 1214 1214 1214 1214 1214 1214 1214
    1214 1214 1219 1219 1415 1404 1398 1392 1392 1297 1288 1259 1236
    1232 1227 1227 1227 1223 1219 1219 1219 1219 1219 1219 1219 1219
    1214 1214 1214 1214 1214 1210 1210 1210 1214 1214 1219 1219 1415
    1392 1392 1381 1381 1297 1288 1259 1236 1232 1227 1227 1223 1223
    1219 1219 1219 1219 1219 1219 1219 1219 1214 1214 1214 1214 1214
    1210 1210 1210 1214 1214 1214 1214 1392 1392 1392 1381 1381 1381
    1241 1241 1232 1227 1223 1223 1223 1223 1219 1219 1219 1219 1219
    1219 1219 1219 1214 1214 1214 1214 1214 1214 1210 1210 1214 1214
    1214 1214 1392 1392 1392 1392 1392 1241 1241 1236 1232 1227 1223
    1223 1223 1223 1223 1223 1219 1219 1219 1219 1219 1219 1214 1214
    1214 1214 1214 1214 1214 1214 1210 1210 1210 1210 1415 1398 1398
    1398 1333 1333 1236 1236 1232 1227 1223 1223 1223 1223 1223 1223
    1219 1219 1219 1219 1219 1219 1214 1214 1214 1214 1214 1214 1214
    1214 1210 1210 1210 1210 1415 1410 1410 1410 1322 1312 1236 1236
    1232 1223 1219 1219 1223 1223 1223 1223 1219 1219 1219 1219 1219
