<?xml version="1.0"?>
<opencv_storage>
<Depth6715 type_id="opencv-matrix">
  <rows>116</rows>
  <cols>78</cols>
  <dt>w</dt>
  <data>
    3468 3468 3468 0 0 0 0 0 0 0 0 0 0 0 0 0 0 0 0 0 0 0 0 0 0 0 0 0 0 0
    0 0 0 0 0 0 0 0 0 0 0 0 0 0 880 878 875 873 873 873 873 885 887 889
    0 0 3365 3365 3399 3399 3399 3433 0 0 0 0 0 0 0 0 0 0 3503 3503 3539
    0 0 0 3468 3468 3468 3503 3503 0 0 3692 3692 0 0 0 0 0 0 0 0 0 0 0 0
    0 0 0 0 0 0 0 0 0 0 0 0 0 0 0 0 0 0 0 0 0 885 885 880 878 873 871
    871 873 873 882 887 889 0 0 0 0 0 0 0 0 0 0 0 0 0 0 0 0 0 0 0 3576
    3576 0 0 0 3503 3503 3503 3503 3503 3614 3614 3576 3576 3539 3539
    3576 3614 3614 0 0 0 0 0 0 0 0 0 0 0 0 0 0 0 0 0 0 0 0 0 0 0 0 896
    896 896 891 885 885 878 875 873 871 871 873 875 880 885 887 887 0 0
    0 0 0 0 0 0 0 0 0 0 0 0 0 0 0 0 0 0 0 0 0 3539 3539 3539 3539 3539
    3614 3614 3576 3576 3539 3539 3576 3614 3614 3576 3539 3539 3539 0 0
    0 0 0 0 0 0 0 0 0 0 0 0 0 0 0 0 0 896 896 896 894 889 887 885 878
    875 871 871 871 871 873 875 882 885 887 891 894 0 0 0 0 0 0 0 0 0 0
    0 0 0 0 0 0 0 0 0 0 0 3539 3539 3539 3539 3539 3576 3614 3576 3576
    3576 3576 3614 3614 3576 3576 3539 3539 3539 0 0 0 0 0 0 0 0 0 0 0 0
    0 0 0 0 0 0 0 896 896 896 894 889 887 878 875 873 871 869 869 869
    871 875 880 885 889 891 894 896 0 0 0 0 0 0 0 0 0 0 0 0 0 0 0 0 0 0
    0 0 3576 3576 3576 3576 3576 3576 3576 3576 3576 3576 3576 3614 3576
    3576 3576 3539 3539 0 0 0 0 0 0 0 0 0 0 0 0 0 0 0 0 0 915 910 903
    898 898 896 891 889 887 878 875 871 869 869 867 867 869 873 880 882
    887 891 894 896 901 0 0 0 0 0 0 0 0 0 0 0 0 0 0 0 0 0 0 0 3614 3614
    3614 3614 3576 3576 3576 3576 3576 3614 3614 3614 3576 3576 3576
    3576 0 0 0 0 0 0 0 0 0 0 0 0 0 0 0 915 915 918 915 908 903 901 898
    894 891 889 887 878 875 871 867 864 862 862 864 871 880 882 887 889
    894 896 901 908 910 0 0 0 0 0 0 0 0 0 0 0 0 0 0 0 0 0 3614 3614 3614
    3614 3576 3576 3614 3614 0 0 3653 3614 3539 3539 3576 0 0 0 0 0 0 0
    0 0 0 0 0 0 0 0 0 913 913 915 913 906 906 901 898 894 889 887 885
    878 873 871 867 864 862 862 862 867 878 880 885 887 891 896 901 908
    910 913 920 0 0 0 0 0 0 0 0 0 0 0 0 0 0 0 3614 3614 3614 3614 3653
    3653 3653 3692 0 0 0 0 3539 3539 0 0 0 0 0 0 0 0 0 0 0 0 0 0 0 928
    923 913 913 915 910 906 903 898 896 889 889 887 885 878 873 869 864
    862 862 862 862 864 871 878 880 882 885 889 901 908 910 913 920 925
    0 0 0 0 0 0 0 0 0 0 0 0 0 0 3653 3614 3614 3653 3692 3692 3692 3692
    0 0 0 0 0 0 0 0 0 0 0 0 0 0 0 0 0 0 0 935 933 928 920 918 918 913
    908 906 901 896 894 889 887 885 878 873 871 864 862 862 860 860 862
    864 871 878 880 882 885 889 891 906 910 913 920 925 928 0 0 0 0 0 0
    0 0 0 0 0 0 0 0 3653 3653 3692 3692 3692 3732 3732 0 0 0 0 0 0 0 0 0
    0 0 0 0 0 0 0 946 940 938 933 930 925 920 918 915 910 906 903 898
    896 891 889 887 882 878 873 869 864 860 860 858 858 860 864 869 873
    875 882 882 887 891 901 906 908 920 925 928 0 0 0 0 0 0 0 0 0 0 0 0
    0 0 0 0 3732 3692 3692 3732 0 0 0 0 0 0 0 0 0 0 0 0 0 0 0 0 0 943
    938 935 933 930 925 920 915 915 908 906 903 898 896 891 887 885 878
    875 871 867 862 860 858 856 856 858 864 869 871 873 875 882 887 891
    896 898 903 908 928 928 930 930 935 0 0 0 0 0 0 0 0 0 0 0 0 0 3774
    3732 3732 3732 0 0 0 0 0 0 0 0 0 0 0 0 0 0 0 948 946 943 938 933 930
    928 925 918 915 913 908 903 901 896 894 889 887 882 878 873 871 864
    862 860 856 856 856 856 860 864 869 873 875 880 885 889 894 898 901
    906 908 910 920 930 935 0 0 0 0 0 0 0 0 0 0 0 0 0 0 3732 3732 3774
    3816 0 0 0 0 0 0 0 0 0 0 0 0 0 951 948 946 943 938 933 930 928 925
    918 913 910 906 903 901 896 891 889 885 878 875 873 869 864 860 858
    856 854 854 854 858 862 867 871 873 878 882 889 891 896 901 906 908
    908 913 930 935 935 0 0 0 0 0 0 0 0 0 0 0 0 0 3774 3774 3774 3774
    3859 0 0 0 0 0 0 0 0 0 0 956 954 948 948 946 943 935 933 928 928 918
    915 913 908 906 901 898 894 889 887 882 878 873 871 869 864 858 856
    854 851 851 851 854 860 864 867 871 875 880 885 889 894 898 906 906
    908 910 928 928 935 0 0 0 0 0 0 0 0 0 0 0 0 0 3774 3774 3774 3774
    3859 3903 0 0 0 0 0 0 0 0 959 956 954 948 948 946 940 935 933 928
    925 918 915 913 908 906 901 896 894 889 887 878 875 873 869 867 862
    858 854 851 849 849 849 854 858 862 867 871 873 880 885 889 891 898
    906 906 908 910 920 928 0 0 0 0 0 0 0 3903 3859 3859 0 0 0 0 3774
    3774 3816 3816 3859 3903 0 0 0 0 0 0 0 962 959 956 954 948 946 946
    938 935 933 928 925 918 915 910 908 903 898 896 891 889 887 878 875
    871 869 864 862 856 854 851 849 847 847 849 854 860 864 871 873 880
    880 885 889 901 906 906 908 910 920 0 0 0 0 0 0 0 0 3903 3859 3859 0
    0 0 0 3816 3774 3774 3859 3859 0 0 0 0 0 0 0 0 962 959 956 954 948
    946 943 938 933 930 928 923 918 915 910 908 903 898 894 891 889 885
    875 873 871 869 864 860 856 854 849 849 845 845 849 854 858 864 869
    873 878 880 882 885 896 903 906 906 908 918 0 0 0 0 0 0 0 3903 3903
    3903 3859 0 0 0 0 0 3774 3774 3774 0 0 0 0 0 0 0 0 0 962 959 956 951
    948 946 943 938 933 928 928 920 915 913 910 906 901 896 894 891 887
    885 875 871 869 867 862 860 856 854 849 847 845 845 847 854 854 862
    869 871 875 880 880 885 894 901 903 906 906 915 918 0 0 0 0 0 0 3903
    3903 3903 3859 0 0 0 0 0 0 0 0 0 0 0 992 992 0 978 973 970 962 959
    954 951 948 946 940 935 930 928 925 920 915 910 908 903 898 896 891
    889 887 878 875 871 869 864 862 860 856 851 849 847 845 845 847 854
    854 858 867 871 873 880 880 885 891 898 901 903 906 915 918 0 0 0 0
    0 0 3903 3903 3859 3816 0 0 0 0 0 0 0 0 1001 998 992 989 987 981 978
    973 970 959 956 954 948 946 943 940 935 930 925 925 915 913 910 908
    903 898 896 891 889 885 878 873 871 869 864 860 858 854 849 847 845
    845 845 847 851 854 858 862 867 871 878 880 882 891 896 898 903 910
    913 920 923 0 0 0 0 0 3903 3903 3816 3774 0 0 0 0 0 0 1013 1004 1001
    998 992 989 984 978 975 970 962 959 954 951 948 946 940 938 935 930
    925 923 915 910 908 906 901 896 894 891 887 878 875 873 869 864 862
    860 856 851 849 845 843 843 843 845 849 856 856 860 864 867 873 882
    882 889 891 898 901 906 910 918 923 925 0 0 0 0 3903 3903 3816 3774
    0 0 0 0 0 1013 1013 1004 1001 998 992 989 981 978 975 970 959 956
    951 948 946 940 938 935 933 928 925 923 913 910 908 906 898 894 891
    889 885 878 873 871 869 864 862 860 854 851 847 845 843 841 841 843
    847 854 854 858 862 864 871 875 885 889 889 891 898 906 910 918 920
    925 0 0 0 0 0 3903 3816 3816 0 0 0 0 1016 1013 1013 1004 1001 998
    992 987 981 978 973 970 959 956 951 948 943 940 938 935 930 928 925
    920 908 908 908 903 896 894 891 887 882 875 871 869 867 862 860 858
    854 851 847 843 841 839 839 841 845 851 854 858 862 864 869 873 878
    885 887 889 894 903 910 913 915 0 0 0 0 0 0 3859 3816 3816 0 0 0
    1022 1016 1013 1013 1004 1001 995 989 987 981 978 973 967 959 956
    951 946 943 938 935 933 928 925 923 918 908 906 903 898 896 891 889
    885 882 875 871 869 864 862 860 856 854 851 847 843 839 837 837 839
    841 847 854 858 860 864 867 871 873 882 887 889 894 901 908 910 915
    0 0 0 0 0 3903 3859 3859 3859 0 0 1025 1022 1016 1016 1013 1001 998
    992 989 984 981 975 970 962 956 951 948 946 940 938 935 930 928 925
    923 913 908 906 901 896 894 891 889 885 878 873 871 867 864 862 858
    856 851 849 845 841 837 837 837 839 841 845 851 856 858 862 867 871
    871 878 885 889 891 896 908 908 0 0 0 0 0 0 3903 3859 3816 3816 0
    1031 1025 1025 1022 1016 1010 998 995 989 987 981 978 973 970 962
    956 951 948 943 938 935 933 930 928 925 920 913 908 903 898 896 894
    889 887 882 875 873 871 867 862 860 856 854 849 847 839 837 835 835
    837 837 839 845 847 851 854 860 864 869 871 875 880 885 889 891 901
    906 0 0 0 0 0 0 3816 3816 3816 3816 1038 1031 1028 1025 1022 1013
    1001 998 992 989 984 981 975 973 967 959 954 948 946 940 938 935 930
