<?xml version="1.0"?>
<opencv_storage>
<Depth15855 type_id="opencv-matrix">
  <rows>146</rows>
  <cols>70</cols>
  <dt>w</dt>
  <data>
    7030 7030 7030 7030 6889 6889 6889 6889 6889 6889 6889 6889 6889
    6889 6889 6753 6753 6753 6753 6753 6889 6889 6753 6753 6889 6889
    6889 6889 6753 6753 6753 6889 6753 6753 6753 6753 6753 6753 6622
    6497 6375 6375 6375 6753 6753 6753 6622 6622 6497 6497 6497 6622
    6622 749 749 749 746 744 738 738 738 738 6497 6497 0 0 0 0 0 0 7030
    7030 7030 7030 6889 6889 6889 6889 6889 6889 6889 6889 6889 6889
    6889 6753 6753 6753 6753 6753 6889 6889 6889 6889 6889 6889 6889
    6889 6753 6753 6753 6753 6753 6753 6753 6753 6753 6753 6622 716 716
    716 716 716 6753 6753 6622 6622 6497 6497 6497 6497 6622 749 749 749
    742 739 738 736 736 736 736 736 739 0 741 0 0 0 7030 7030 7030 7030
    7030 7030 7030 7030 6889 6889 6889 6889 6889 6889 6889 6889 6497
    6497 6497 6753 6753 6753 6889 6889 6889 6889 6889 6889 6889 6622
    6622 6753 6753 6753 6889 6889 6753 6753 713 713 714 714 716 716 716
    719 6889 6889 6622 723 723 725 727 728 749 749 742 738 738 736 736
    736 736 739 739 741 0 0 0 0 7030 7030 7030 7030 7030 7030 7030 7030
    7030 7030 6889 6889 6889 6889 6889 813 6375 6375 6375 6753 6753 771
    771 6889 6889 6889 6889 6889 6889 6622 6622 6889 6889 6889 706 706
    7030 7030 711 711 714 714 716 716 716 719 720 720 722 723 723 725
    727 728 728 728 733 733 736 734 734 736 736 738 739 741 742 0 0 0
    7030 7030 7178 910 906 906 7030 7030 7030 7030 6889 6753 6753 6889
    815 813 811 811 790 789 787 771 769 769 6889 749 747 747 747 747
    7030 7030 711 706 706 706 711 711 711 711 714 714 716 716 716 719
    720 720 722 723 723 725 727 727 728 728 730 731 734 734 734 736 736
    738 739 741 742 0 0 0 928 920 915 910 906 906 906 882 882 854 843
    843 827 821 815 813 809 809 790 785 778 771 767 761 754 749 744 744
    744 730 716 716 711 706 706 707 708 710 713 713 714 714 716 716 719
    720 722 722 722 723 723 725 725 727 728 728 730 731 733 733 733 734
    736 738 738 739 739 739 0 0 928 920 915 910 901 887 882 882 882 854
    847 843 827 821 817 813 807 802 794 785 778 773 767 761 754 749 744
    739 730 730 719 716 711 706 706 706 707 710 713 713 713 714 716 717
    719 720 722 722 722 723 723 725 725 727 728 730 730 731 733 733 733
    734 736 738 738 739 739 739 0 0 928 928 915 908 898 887 882 875 875
    854 847 845 829 823 819 813 807 802 796 785 778 773 767 759 754 749
    744 739 730 730 719 716 711 707 706 706 707 710 711 711 713 713 716
    717 719 720 722 722 722 723 723 725 727 727 728 730 730 731 733 733
    733 734 738 738 739 739 741 741 0 0 0 0 915 908 898 887 880 875 875
    854 849 845 839 823 819 813 807 803 798 785 778 773 767 759 755 750
    744 736 731 728 719 716 711 708 707 707 707 710 711 711 713 713 716
    719 719 720 720 720 722 723 723 725 727 727 730 730 730 731 733 734
    736 736 739 739 739 739 741 741 0 0 0 0 918 910 889 887 880 875 875
    856 851 845 839 825 821 813 807 803 798 785 778 774 769 761 755 754
    744 734 731 728 719 716 708 708 707 707 707 710 710 711 713 713 716
    719 719 720 720 720 722 723 725 727 727 728 730 730 730 731 733 734
    736 736 739 739 739 739 741 742 0 0 0 923 920 913 889 887 880 875
    864 858 851 845 835 827 821 813 809 803 796 785 780 776 771 761 755
    754 752 734 731 727 719 716 708 708 707 707 708 710 710 711 713 713
    716 719 719 720 720 720 722 723 725 727 728 728 730 730 730 731 733
    734 736 738 739 739 739 739 739 742 0 0 0 923 920 915 889 887 880
    873 864 858 851 845 835 829 821 813 809 803 796 785 780 776 771 762
    757 754 752 736 731 727 719 716 710 708 708 708 710 710 711 711 714
    714 717 719 719 719 720 720 722 723 725 727 728 730 730 730 730 731
    733 734 734 738 739 739 739 739 739 742 0 0 0 925 920 913 891 889
    885 873 864 858 851 845 833 829 823 815 811 803 796 785 780 776 771
    764 759 754 749 736 733 730 719 717 711 710 710 710 710 710 711 713
    716 716 717 719 719 719 720 720 722 723 723 725 728 730 730 731 731
    731 734 734 734 738 738 739 739 739 739 0 0 0 928 925 920 913 896
    889 882 873 867 860 851 845 833 827 821 817 811 805 796 785 781 776
    771 764 757 754 744 738 734 731 731 717 711 710 710 710 710 710 713
    713 716 716 717 719 719 720 722 722 723 723 723 725 728 730 731 731
    731 731 734 734 734 738 738 739 741 741 741 0 0 0 925 923 918 910
    896 889 882 875 869 862 851 847 833 827 821 817 811 805 798 785 781
    776 771 766 757 754 744 739 734 730 730 717 711 711 710 710 710 710
    711 713 716 717 717 719 719 720 722 722 723 723 723 725 727 728 731
    731 731 731 734 734 736 738 739 739 741 741 741 0 0 0 925 920 915
    903 896 889 882 875 869 864 851 843 833 829 823 819 811 805 798 790
    781 776 771 764 759 754 744 739 734 728 727 719 711 711 710 710 710
    710 711 713 716 717 719 719 720 720 722 722 723 725 725 725 727 728
    730 731 731 733 736 736 736 738 739 741 742 742 742 0 0 0 0 920 915
    903 894 887 880 875 871 867 854 843 833 829 823 817 807 803 798 789
    783 776 771 764 759 754 746 741 734 728 727 719 711 711 710 710 710
    711 713 713 716 716 719 720 720 720 722 722 723 725 725 727 728 728
    730 731 731 734 734 736 738 739 742 742 744 742 742 0 0 0 0 918 915
    903 894 887 880 878 871 867 854 843 833 829 825 817 807 803 800 789
    781 776 771 766 759 754 746 741 734 728 725 719 711 711 710 710 710
    711 711 713 716 716 719 719 720 720 722 723 723 725 727 727 728 728
    730 731 731 733 734 736 738 738 741 744 744 744 744 0 0 0 0 918 915
    910 898 889 882 875 871 867 854 843 833 829 825 815 807 803 800 787
    781 776 771 766 759 755 746 741 734 728 725 719 716 711 710 710 710
    711 711 713 716 716 719 719 720 720 722 723 725 725 727 728 728 730
    730 731 731 733 734 736 738 738 739 741 744 746 746 0 0 0 0 923 918
    913 898 889 882 875 871 862 854 843 835 829 823 815 807 805 802 785
    781 776 773 767 759 755 744 739 734 730 727 719 716 711 710 710 711
    711 711 713 716 716 717 719 720 722 723 723 725 725 727 728 730 730
    731 733 733 733 734 736 738 738 739 741 744 746 747 0 0 0 0 925 920
    913 898 889 885 878 871 862 854 843 839 829 823 817 811 805 800 785
    781 778 771 767 761 755 744 739 736 730 725 719 716 711 711 711 711
    711 713 714 716 716 717 719 720 722 722 723 725 725 727 728 730 730
    731 733 733 733 736 736 738 738 738 741 744 746 747 0 0 0 0 925 920
    910 898 891 885 875 869 862 847 843 839 829 825 817 811 805 800 787
    781 778 771 767 762 754 746 741 736 730 725 719 716 711 711 711 711
    711 713 714 716 716 719 719 720 722 722 723 725 725 727 728 728 730
    731 733 733 734 736 736 738 738 738 739 744 746 747 0 0 0 0 925 920
    910 898 891 882 875 869 862 847 843 837 831 825 817 811 805 794 787
    783 778 769 766 762 754 746 741 736 730 722 719 716 711 711 711 711
    711 713 716 716 716 719 719 720 722 722 723 725 725 727 728 728 730
    731 733 733 734 736 738 738 738 738 738 744 746 746 0 0 0 0 925 920
    910 898 891 882 875 871 867 847 843 837 831 827 817 813 805 794 789
    783 780 769 766 762 757 746 742 739 730 722 719 716 711 711 711 711
    711 714 716 717 717 719 719 720 722 722 723 725 725 727 728 728 730
    731 733 733 734 736 738 738 738 738 738 746 746 746 0 0 0 0 923 920
    910 898 891 882 875 871 869 847 843 837 835 827 817 813 807 794 789
    785 780 771 764 762 757 747 746 736 730 723 722 717 711 711 711 711
    711 713 716 717 717 719 720 720 722 723 723 725 725 727 728 730 730
    731 733 734 736 736 738 738 736 736 739 746 746 746 0 0 0 0 923 920
    913 898 894 882 875 871 869 849 841 837 835 827 817 813 809 796 789
    785 780 771 764 762 757 747 746 736 730 727 722 717 711 711 711 711
    711 713 714 717 717 719 720 720 722 723 725 725 725 728 730 730 731
    731 733 734 736 736 738 738 736 736 742 746 746 746 0 0 0 0 923 920
    913 901 896 887 875 871 869 849 841 837 833 827 817 813 811 796 790
