<?xml version="1.0"?>
<opencv_storage>
<Depth18925 type_id="opencv-matrix">
  <rows>135</rows>
  <cols>115</cols>
  <dt>w</dt>
  <data>
    7492 7492 7332 7332 7492 7492 7492 7492 7492 7492 7492 7332 7332
    7332 7178 7178 7178 7178 7178 7030 7030 7030 7030 7030 7030 7030
    7030 7030 7178 7178 7030 7030 7030 7030 7030 7030 7030 6889 6889
    6889 6753 6753 6753 6753 6622 6622 6753 6622 6497 6497 6497 6497
    6622 6622 6622 6497 6497 6497 6497 6497 6375 6375 6375 6375 6375
    6375 6259 833 831 829 829 829 6259 6259 6259 6259 6259 6259 6146
    6146 6146 6146 6146 6038 6038 6038 6038 5933 5933 5933 5933 5832
    5832 5832 5832 5734 5734 5734 5734 5734 5734 5734 5640 5640 5548
    5548 5548 5548 5460 5460 5460 5460 5460 5460 5460 7492 7492 7332
    7332 7492 7492 7492 7492 7492 7492 7492 7332 7332 7332 7178 7178
    7178 7178 7178 7178 7030 7030 7030 7030 7030 7030 7030 7030 7178
    7178 7178 7030 7030 7030 7030 7030 7030 6889 6889 6889 6753 6753
    6753 6753 6753 6753 6753 6622 6497 6497 6497 6497 6497 6622 6622
    6622 6497 6497 6497 6497 6375 6375 6375 6375 6259 6259 6259 833 831
    831 829 829 6259 6259 6259 6259 6259 823 6146 6146 6146 6146 6146
    6038 5933 5933 6038 5933 5933 5933 5933 5832 5832 5832 5832 5832
    5734 5734 5734 5734 5734 5734 5548 5548 5548 5548 5548 5548 5460
    5460 5460 5460 5460 5460 5460 7492 7492 7492 7492 7492 7492 7492
    7492 7492 7492 7332 7178 7178 7332 7178 7178 7030 7030 7178 7178
    7030 7030 7030 7030 7030 7030 7030 7030 7030 7030 7030 7030 7030
    7030 7030 7030 7030 7030 6889 6889 6753 6753 6753 6753 6753 6753
    6622 6622 6622 6622 6497 6497 6497 6497 6497 6622 6497 6497 6497
    6497 6375 6375 6375 6375 6259 6259 6259 833 831 831 829 823 819 819
    821 821 823 823 827 6146 6146 6146 6146 6038 5933 5933 5933 5933
    5933 5832 5832 5832 5832 5832 5832 5832 5734 5734 5734 5734 5734
    5734 5548 5548 5548 5460 5460 5460 5460 5460 5460 5460 5548 5460
    5460 7492 7492 7492 7492 7492 7492 7492 7492 7492 7492 7178 7178
    7178 7178 7178 7178 7030 7030 7030 7030 7030 7030 7030 7030 7030
    7030 7030 7030 7030 7030 7030 7030 7030 7030 6889 6889 6889 7030
    6889 6889 6753 6753 6753 6753 6753 6753 6622 6622 6622 6622 6497
    6497 6497 6497 6497 6497 6497 774 771 769 769 769 771 776 778 778
    833 833 831 831 829 823 819 819 821 821 823 827 827 0 0 5933 0 0
    5933 5933 5933 5933 5933 5832 5832 5832 5832 5832 5832 5832 5734
    5734 5734 5640 5640 5734 5548 5548 5548 5460 5460 5460 5460 5460
    5460 5460 5548 5460 5460 7492 7492 7492 7492 7492 7492 7492 7492
    7492 7492 7178 7178 7178 7178 7178 7178 7030 7030 7030 7030 7030
    7030 7030 7030 7030 7030 7178 7178 7030 7030 7030 7030 7030 7030
    6889 6889 6889 6889 6889 6889 6889 6753 6753 6889 6753 6622 6622
    6622 6622 6622 6497 6497 6497 6497 6497 6497 776 774 771 769 769 769
    769 774 778 778 778 831 831 829 829 823 819 819 823 823 825 827 0 0
    0 0 0 0 0 5933 5933 5933 5933 5933 5832 5832 5832 5832 5832 5734
    5734 5734 5734 5640 5640 5734 5548 5548 5548 5460 5460 5460 5460
    5460 5460 5460 5548 5460 5460 7492 7492 7492 7492 7492 7492 7492
    7492 7492 7492 7332 7332 7178 7178 7178 7178 7030 7030 7030 7030
    7030 7030 7030 7030 7030 7030 7178 7178 7178 7030 7030 7030 7030
    7030 6889 6889 6889 6889 6889 6889 6889 6753 6753 6753 6622 6622
    6622 6622 6622 6622 6622 6497 6497 6497 778 776 776 774 773 769 767
    767 767 767 776 778 778 831 831 829 829 825 821 821 821 821 823 825
    0 0 0 0 0 0 0 6038 5933 5933 5933 5832 5832 5832 5832 5734 5734 5734
    5734 5734 5734 5734 5734 5640 5548 5548 5548 5548 5548 5460 5460
    5460 5460 5460 5548 5460 5460 7332 7492 7492 7492 7492 7492 7492
    7492 7492 7492 7332 7332 7332 7178 7178 7178 7030 7030 7030 7030
    7030 7030 7030 7030 7030 7030 7178 7178 7178 7030 7030 7030 7030
    7030 6889 6889 6889 6889 6889 6889 6889 6889 6889 6753 6622 6622
    6622 6622 6622 6622 790 789 785 781 778 776 776 774 773 769 767 766
    766 766 774 778 778 833 833 831 829 827 823 821 817 817 821 823 823
    827 0 0 0 0 0 6038 6038 6038 5933 5832 5832 5832 5832 5734 5734 5734
    5734 5734 5734 5734 5734 5640 5640 5640 5548 5548 5548 5460 5460
    5460 5460 5460 5548 5548 5460 7332 7332 7332 7332 7332 7492 7492
    7492 7492 7332 7332 7332 7178 7178 7030 7030 7030 7030 7030 7030
    7178 7178 7178 7030 7030 7030 7178 7178 7178 7030 7030 7030 7030
    7030 6889 6889 6889 6889 6889 6889 6753 6753 6753 6753 6622 6622 800
    798 794 792 790 789 785 781 780 778 776 774 771 767 767 766 766 766
    767 778 778 780 833 831 829 827 825 821 817 817 821 823 823 825 0 0
    0 0 0 6146 6146 6038 5933 5933 5832 5832 5832 5734 5734 5734 5734
    5734 5734 5734 5734 5640 5640 5640 5548 5548 5548 5460 5460 5460
    5460 5460 5460 5460 5460 7178 7178 7178 7332 7332 7492 7492 7492
    7332 7332 7332 7332 7178 7178 7030 7030 7030 7030 7030 7178 7178
    7178 7030 7030 7030 7030 7030 7030 7030 7030 7030 7030 7030 7030
    7030 7030 6889 6889 6889 6753 6753 6753 6753 6753 809 803 800 798
    794 792 790 787 785 781 780 778 776 774 771 767 766 766 764 764 767
    778 778 778 778 831 829 829 827 825 819 819 821 823 823 825 0 0 0 0
    0 0 0 6038 5832 5832 5832 5832 5832 5832 5734 5734 5734 5640 5640
    5734 5734 5734 5640 5640 5548 5548 5548 5460 5460 5460 5460 5460
    5460 5460 5460 7178 7178 7178 7332 7332 7492 7332 7332 7332 7332
    7332 7178 7178 7178 7178 7178 7030 7030 7030 7178 7178 7178 7030
    7030 7030 7030 7030 7030 7030 7030 7030 7030 7030 7030 7030 7030
    6889 6889 6753 6753 811 811 811 809 807 803 800 798 794 792 790 787
    785 783 781 780 778 774 773 767 766 766 764 764 767 773 776 778 778
    780 790 790 827 825 817 817 819 821 823 825 827 0 0 0 0 0 0 6038
    5832 5832 5832 5832 5832 5832 5734 5734 5734 5640 5640 5734 5734
    5734 5734 5640 5548 5548 5548 5548 5460 5460 5374 5374 5460 5460
    5460 7178 7178 7332 7332 7332 7332 7332 7332 7332 7332 7178 7178
    7178 7178 7030 7030 7030 7030 7030 7178 7178 7178 7178 7030 7030
    7030 7030 7030 7030 7030 7030 7030 7030 7030 7030 7030 7030 6889
    6753 815 811 811 809 807 807 802 800 798 794 792 790 787 785 783 783
    780 778 776 773 769 767 766 764 764 767 769 774 776 778 780 781 790
    792 794 802 809 815 821 823 823 825 0 0 0 0 0 0 0 5832 5832 5832
    5832 5832 5832 5832 5734 5734 5734 5734 5734 5734 5734 5640 5548
    5548 5548 5548 5548 5460 5460 5374 5374 5460 5460 5460 7178 7178
    7332 7332 7332 7332 7332 7332 7332 7332 7178 7178 7178 7178 7030
    7030 7030 7030 7030 7030 7178 7178 7178 7030 7030 7030 7030 7030
    7030 7030 7030 7030 7030 7030 7030 7030 827 825 823 815 813 811 809
    807 805 802 800 798 796 792 790 787 785 785 783 780 778 776 773 769
    769 766 764 764 766 767 773 776 778 780 781 790 792 794 802 805 811
    817 821 823 825 0 0 0 0 0 0 0 5832 5832 5832 5832 5832 5832 5734
    5734 5734 5734 5734 5734 5734 5734 5640 5548 5548 5548 5548 5548
    5460 5460 5460 5460 5460 5460 5460 7178 7178 7178 7178 7178 7178
    7178 7332 7332 7332 7178 7178 7178 7178 7178 7030 7030 7030 7030
    7030 7178 7178 7178 7030 7030 7030 7178 7178 7178 7030 7030 7030
    6889 6889 831 829 827 825 823 817 815 811 809 807 805 800 798 798
    796 792 790 789 787 785 783 781 778 776 771 771 769 766 766 766 766
    767 771 774 776 780 783 787 792 798 802 803 809 813 819 821 823 0 0
    0 0 0 0 0 5832 5832 5734 5734 5734 5734 5734 5734 5734 5734 5734
    5734 5734 5734 5640 5640 5548 5548 5548 5548 5460 5460 5460 5460
    5460 5460 5460 7178 7178 7178 7178 7178 7178 7178 7332 7332 7332
    7332 7178 7178 7178 7178 7178 7178 7178 7178 7178 7030 7030 7030
    7030 7030 7030 7030 7030 7030 847 845 841 837 835 831 829 827 823
    821 817 813 811 809 807 805 800 798 798 796 794 790 789 787 785 783
    781 778 776 771 771 771 767 766 766 766 766 769 773 774 778 781 785
    792 796 800 802 803 811 815 817 821 823 0 0 0 0 0 0 5832 5832 5734
    5734 5734 5734 5734 5734 5734 5734 5734 5734 5734 5734 5640 5640
