<?xml version="1.0"?>
<opencv_storage>
<Depth1349 type_id="opencv-matrix">
  <rows>86</rows>
  <cols>40</cols>
  <dt>w</dt>
  <data>
    2835 2835 2859 2835 2835 2835 2812 2812 2835 2835 2835 2812 2812
    2812 2767 2744 1119 1119 2767 1123 1123 1123 1119 1119 1115 1115
    1115 1115 2744 2744 2723 1138 1138 1134 1130 1130 1130 1130 2701
    2701 2859 2859 1307 1307 1292 1292 2812 2812 2812 1197 1145 1145
    1145 1138 1126 1119 1115 1115 1115 1115 1119 1119 1115 1115 1115
    1115 1115 1119 1126 1130 1130 1130 1134 1134 1130 1130 1130 1130
    1134 1134 2908 2908 1302 1292 1273 1259 1227 1219 1219 1197 1197
    1145 1145 1138 1126 1119 1115 1112 1112 1115 1115 1119 1115 1115
    1115 1115 1115 1119 1119 1126 1130 1130 1130 1130 1130 1130 1130
    1130 1134 1134 1312 1302 1302 1288 1259 1241 1227 1219 1210 1197
    1181 1153 1145 1138 1123 1115 1112 1108 1108 1112 1115 1115 1115
    1115 1115 1115 1115 1119 1119 1123 1126 1130 1130 1130 1130 1130
    1134 1134 1134 1134 1312 1312 1297 1278 1259 1241 1227 1219 1210
    1197 1181 1145 1145 1134 1123 1115 1112 1108 1108 1112 1115 1115
    1115 1115 1115 1115 1119 1119 1119 1123 1126 1126 1126 1126 1130
    1130 1134 1138 1134 1134 1307 1307 1288 1278 1259 1241 1227 1219
    1210 1197 1197 1145 1145 1134 1123 1115 1115 1112 1112 1112 1115
    1115 1115 1115 1115 1119 1119 1119 1123 1123 1126 1126 1126 1126
    1130 1130 1134 1138 1134 1134 1307 1307 1288 1278 1268 1245 1232
    1219 1210 1197 1177 1157 1145 1138 1123 1115 1115 1112 1112 1115
    1115 1119 1115 1115 1115 1119 1119 1119 1123 1126 1126 1126 1126
    1126 1130 1130 1134 1138 1138 1141 1292 0 1292 1283 1268 1245 1232
    1223 1206 1197 1177 1165 1145 1138 1123 1119 1115 1112 1112 1115
    1115 1119 1115 1115 1119 1119 1119 1119 1123 1126 1126 1126 1126
    1126 1130 1130 1134 1134 1138 1141 0 0 1292 1288 1268 1245 1236 1223
    1206 1197 1181 1165 1149 1138 1126 1119 1115 1115 1115 1115 1119
    1119 1115 1115 1119 1119 1119 1123 1126 1130 1130 1130 1130 1130
    1130 1130 1134 1134 1134 1141 0 0 1292 1283 1268 1241 1232 1223 1206
    1197 1185 1157 1149 1138 1126 1119 1115 1115 1115 1115 1119 1119
    1115 1115 1119 1119 1123 1123 1126 1126 1130 1130 1134 1134 1130
    1130 1130 1134 1134 1141 0 1307 1292 1283 1268 1241 1232 1223 1210
    1197 1185 1157 1145 1138 1126 1123 1119 1115 1115 1115 1119 1119
    1119 1119 1119 1119 1123 1126 1126 1126 1130 1130 1134 1134 1134
    1130 1130 1134 1134 1141 0 1307 1297 1283 1268 1245 1236 1223 1214
    1202 1189 1157 1145 1138 1130 1123 1115 1115 1115 1115 1119 1119
    1119 1119 1119 1119 1123 1126 1126 1126 1130 1130 1134 1134 1134
    1130 1130 1134 1134 1141 0 0 1292 1283 1268 1250 1236 1223 1214 1202
    1189 1157 1145 1138 1126 1119 1115 1115 1115 1115 1119 1123 1119
    1119 1119 1119 1123 1126 1126 1130 1130 1130 1134 1134 1134 1134
    1134 1138 1138 1138 0 1322 1292 1283 1264 1250 1236 1223 1214 1202
    1185 1157 1149 1138 1126 1119 1115 1115 1115 1119 1119 1123 1119
    1119 1119 1123 1123 1126 1130 1130 1130 1130 1134 1134 1134 1134
    1138 1141 1141 1141 0 1322 1317 1283 1264 1250 1241 1227 1214 1197
    1181 1157 1149 1138 1126 1123 1119 1119 1119 1119 1119 1123 1119
    1119 1119 1123 1126 1130 1130 1130 1130 1130 1134 1134 1134 1134
    1134 1141 1141 1141 0 1322 1312 1283 1268 1250 1236 1227 1214 1193
    1173 1157 1149 1138 1126 1123 1119 1119 1119 1119 1119 1123 1119
    1119 1119 1123 1126 1130 1130 1130 1134 1134 1134 1134 1134 1134
    1134 1141 1141 1141 0 1317 1307 1288 1268 1250 1236 1227 1219 1193
    1173 1157 1149 1138 1130 1123 1119 1119 1119 1119 1119 1123 1119
    1119 1123 1126 1126 1130 1130 1130 1134 1134 1134 1134 1134 1134
    1138 1141 1141 1145 0 1317 1307 1288 1273 1255 1236 1227 1219 1197
    1173 1157 1149 1141 1130 1123 1119 1119 1119 1119 1123 1123 1119
    1119 1123 1126 1126 1130 1130 1130 1134 1134 1134 1134 1134 1138
    1141 1145 1145 1145 0 1317 1307 1283 1273 1259 1241 1227 1219 1202
    1177 1161 1153 1141 1126 1123 1119 1119 1119 1123 1123 1123 1119
    1119 1123 1126 1126 1130 1130 1130 1134 1134 1134 1134 1134 1138
    1141 1141 1145 1145 0 1317 1312 1283 1273 1259 1241 1227 1214 1202
    1181 1169 1157 1141 1126 1123 1119 1119 1123 1123 1123 1123 1119
    1119 1123 1126 1126 1130 1130 1134 1134 1134 1134 1134 1134 1138
    1141 1141 1141 1141 0 1328 1312 1283 1273 1259 1241 1232 1214 1189
    1181 1173 1161 1141 1126 1123 1123 1123 1123 1123 1123 1123 1119
    1119 1123 1126 1130 1130 1130 1134 1134 1134 1134 1134 1138 1138
    1138 1141 1141 1141 0 1328 1317 1283 1273 1259 1245 1236 1214 1189
    1181 1173 1161 1145 1130 1123 1123 1123 1123 1123 1123 1123 1123
    1123 1126 1130 1130 1130 1130 1134 1134 1134 1134 1134 1138 1138
    1138 1141 1141 1141 0 1322 1312 1283 1273 1264 1245 1232 1219 1189
    1177 1169 1165 1145 1130 1123 1123 1123 1123 1123 1123 1123 1123
    1123 1126 1126 1130 1130 1130 1134 1134 1134 1138 1138 1138 1141
    1145 1145 1141 1141 0 1322 1312 1288 1273 1264 1245 1232 1219 1189
    1177 1169 1161 1149 1130 1123 1123 1123 1123 1123 1123 1123 1123
    1123 1126 1126 1130 1130 1130 1134 1134 1134 1138 1138 1138 1141
    1141 1145 1145 1145 0 1322 1312 1288 1273 1264 1250 1236 1219 1189
    1177 1169 1161 1149 1134 1126 1123 1119 1119 1119 1123 1123 1123
    1126 1126 1130 1130 1130 1134 1134 1134 1134 1138 1138 1138 1141
    1141 1145 1145 1145 0 1322 1312 1288 1273 1264 1250 1236 1227 1189
    1177 1165 1157 1149 1134 1123 1123 1119 1119 1119 1123 1123 1123
    1126 1130 1130 1130 1130 1134 1134 1134 1134 1134 1138 1138 1141
    1141 1145 1145 1145 0 1322 1312 1312 1273 1259 1250 1236 1227 1189
    1173 1165 1157 1149 1134 1123 1123 1119 1119 1123 1123 1123 1126
    1130 1130 1130 1130 1130 1134 1134 1134 1134 1134 1138 1138 1141
    1141 1145 1145 1145 0 1328 1317 1292 1273 1259 1250 1236 1227 1214
    1173 1165 1157 1149 1134 1123 1123 1123 1123 1123 1123 1126 1126
    1130 1130 1130 1130 1130 1134 1134 1134 1134 1138 1138 1141 1141
    1145 1145 1145 1145 0 1328 1317 1292 1278 1264 1255 1236 1227 1214
    1173 1165 1157 1149 1138 1123 1123 1123 1123 1123 1126 1126 1126
    1130 1130 1130 1130 1130 1134 1134 1134 1134 1138 1141 1141 1145
    1145 1145 1145 1145 0 1328 1317 1292 1278 1264 1250 1241 1227 1214
    1177 1165 1157 1149 1138 1126 1123 1123 1123 1126 1126 1126 1126
    1130 1130 1130 1130 1130 1130 1134 1134 1138 1141 1141 1141 1145
    1145 1145 1145 1149 0 1328 1317 1292 1278 1264 1250 1241 1227 1214
    1185 1165 1157 1149 1138 1130 1123 1123 1123 1123 1126 1126 1126
    1130 1130 1130 1130 1130 1130 1134 1134 1138 1141 1145 1145 1145
    1145 1145 1149 1149 0 1328 1317 1292 1278 1268 1250 1241 1227 1214
    1185 1165 1157 1149 1138 1130 1123 1123 1123 1123 1126 1126 1126
    1130 1130 1130 1130 1134 1134 1134 1134 1138 1141 1145 1145 1145
    1145 1145 1149 1149 0 1322 1322 1292 1283 1268 1255 1236 1227 1214
    1181 1165 1157 1149 1138 1130 1126 1123 1123 1123 1126 1130 1130
    1130 1130 1130 1130 1134 1134 1134 1138 1141 1141 1145 1145 1145
    1145 1145 1149 1149 0 1317 1317 1292 1283 1268 1255 1236 1227 1219
    1181 1165 1157 1145 1138 1134 1126 1126 1126 1126 1130 1130 1130
    1130 1130 1130 1130 1134 1134 1138 1138 1141 1141 1141 1141 1145
    1145 1145 1149 1149 1343 1317 1317 1297 1283 1268 1250 1241 1227
    1219 1181 1165 1157 1141 1138 1134 1130 1126 1126 1126 1130 1130
    1130 1130 1130 1134 1134 1134 1134 1138 1138 1141 1145 1141 1141
    1145 1145 1145 1149 1149 1343 1343 1322 1302 1283 1264 1250 1241
    1232 1219 1181 1169 1161 1141 1138 1134 1130 1130 1130 1130 1134
    1130 1130 1130 1130 1134 1134 1134 1134 1138 1141 1141 1145 1141
    1141 1145 1145 1149 1149 1149 1338 1338 1322 1302 1288 1264 1250
    1241 1232 1219 1185 1173 1161 1145 1138 1134 1130 1126 1126 1130
    1134 1130 1130 1130 1130 1134 1134 1134 1134 1138 1141 1141 1145
    1141 1141 1145 1149 1149 1153 1153 1349 1338 1328 1302 1288 1268
    1255 1241 1232 1219 1185 1177 1169 1149 1138 1134 1130 1126 1126
