<?xml version="1.0"?>
<opencv_storage>
<Depth17410 type_id="opencv-matrix">
  <rows>60</rows>
  <cols>31</cols>
  <dt>w</dt>
  <data>
    1421 1421 1421 1421 1421 1119 1115 1115 1115 1105 1105 1105 1108
    1112 1112 1112 1452 1452 1452 1452 1458 1464 1470 1477 1477 1483
    1483 1489 1496 1496 1503 1421 1421 1421 1421 1421 1421 1427 1427
    1427 1105 1105 1105 1108 1108 1108 1108 1112 1452 1452 1452 1458
    1464 1470 1477 1477 1477 1489 1489 1496 1496 1503 1421 1421 1421
    1421 1421 1427 1427 1427 1427 1105 1101 1101 1101 1105 1108 1108
    1108 1108 1108 1112 1458 1464 1470 1477 1477 1477 1489 1489 1496
    1503 1509 1427 1427 1427 1427 1427 1427 1427 1427 1433 1433 1101
    1094 1094 1097 1105 1108 1108 1108 1108 1112 1115 1115 1470 1477
    1477 1483 1489 1496 1503 1503 1509 1427 1427 1427 1427 1427 1427
    1427 1427 1433 1433 1439 1094 1094 1097 1097 1097 1105 1105 1108
    1108 1108 1108 1470 1470 1477 1483 1489 1496 1503 1509 1516 1427
    1427 1427 1427 1427 1427 1427 1427 1433 1433 1433 1439 1439 1101
    1094 1094 1097 1097 1101 1101 1101 1101 1101 1101 1477 1489 1496
    1503 1509 1516 1516 1427 1427 1427 1427 1427 1427 1427 1427 1433
    1433 1433 1439 1439 1445 1094 1094 1097 1097 1101 1101 1097 1097
    1097 1097 1097 1097 1097 1503 1516 1523 1523 1427 1427 1427 1433
    1433 1433 1427 1427 1433 1433 1433 1439 1439 1445 1445 1097 1097
    1097 1094 1094 1094 1094 1094 1094 1094 1097 1097 1097 1523 1523
    1523 1427 1421 1421 1421 1421 1427 1427 1427 1433 1433 1439 1439
    1445 1445 1445 1445 1452 1097 1094 1094 1087 1087 1090 1094 1094
    1094 1094 1094 1094 1094 1094 1427 1421 1421 1421 1421 1427 1427
    1427 1433 1433 1439 1439 1445 1445 1445 1445 1452 1097 1094 1094
    1087 1087 1087 1087 1090 1090 1090 1090 1094 1094 1094 1427 1421
    1421 1427 1427 1427 1433 1427 1427 1427 1439 1445 1445 1445 1445
    1445 1452 1452 1097 1094 1087 1084 1084 1084 1084 1084 1084 1087
    1090 1094 1094 1427 1421 1421 1427 1427 1427 1433 1427 1427 1427
    1445 1445 1445 1445 1445 1445 1452 1452 1458 1464 1087 1080 1080
    1084 1084 1080 1080 1084 1084 1090 1090 1427 1421 1421 1427 1427
    1427 1433 1427 1427 1427 1445 1445 1452 1452 1445 1445 1452 1452
    1464 1470 1477 1080 1080 1080 1080 1077 1077 1077 1077 1084 1084
    1427 1427 1427 1427 1427 1427 1427 1427 1433 1433 1439 1445 1445
    1452 1445 1445 1452 1452 1464 1470 1477 1477 1084 1080 1073 1073
    1070 1070 1070 1073 1077 1427 1427 1427 1427 1427 1427 1427 1427
    1427 1433 1433 1445 1445 1445 1445 1445 1445 1452 1458 1470 1477
    1477 1483 1080 1073 1070 1070 1070 1070 1070 1073 1439 1427 1427
    1427 1427 1433 1433 1427 1427 1433 1433 1445 1445 1445 1445 1445
    1445 1452 1458 1470 1477 1483 1483 1489 1489 1070 1070 1070 1070
    1070 1070 1439 1427 1427 1427 1427 1427 1433 1433 1433 1433 1439
    1439 1445 1452 1452 1452 1452 1452 1464 1477 1477 1483 1489 1496
    1496 1496 1509 1070 1070 1067 1067 1439 1427 1427 1427 1427 1427
    1433 1433 1433 1433 1439 1439 1445 1452 1452 1452 1458 1458 1470
    1477 1483 1489 1489 1496 1496 1503 1509 1516 1070 1067 1063 1439
    1427 1427 1427 1427 1427 1433 1427 1427 1427 1439 1439 1445 1452
    1452 1452 1452 1458 1470 1477 1483 1489 1496 1496 1503 1509 1523
    1523 1523 1067 1063 1439 1427 1427 1427 1427 1421 1421 1421 1421
    1427 1433 1433 1439 1445 1445 1452 1452 1458 1470 1477 1483 1489
    1496 1503 1503 1516 1523 1529 1529 1536 1047 1445 1439 1433 1433
    1427 1421 1421 1421 1421 1427 1433 1433 1439 1445 1445 1452 1452
    1464 1470 1477 1483 1489 1496 1503 1509 1516 1523 1529 1536 1550
    1047 1445 1439 1433 1433 1427 1427 1421 1421 1427 1427 1433 1439
    1439 1445 1445 1452 1452 1470 1477 1477 1483 1489 1496 1503 1509
    1516 1523 1536 1550 1550 1550 1445 1445 1439 1433 1433 1427 1421
    1421 1427 1439 1439 1439 1439 1445 1445 1452 1458 1470 1477 1483
    1489 1496 1496 1503 1509 1516 1523 1536 1550 1557 1557 1445 1445
    1439 1439 1439 1433 1433 1433 1439 1439 1439 1445 1445 1445 1445
    1452 1458 1470 1477 1483 1489 1496 1496 1503 1509 1516 1529 1543
    1550 1557 1557 1445 1445 1439 1439 1439 1439 1439 1439 1445 1445
    1445 1445 1452 1452 1452 1452 1464 1470 1477 1483 1496 1496 1496
    1503 1509 1523 1529 1543 1550 1557 1557 1445 1445 1445 1439 1439
    1439 1439 1439 1445 1445 1445 1445 1445 1445 1452 1452 1464 1470
    1477 1477 1477 1483 1496 1503 1509 1523 1523 1543 1543 1557 2432
    1445 1445 1445 1445 1445 1439 1439 1445 1445 1445 1445 1445 1445
    1445 1452 1452 1470 1470 1477 1477 1477 1483 1489 1509 1516 1523
    1523 1529 1536 1543 2432 1445 1445 1445 1445 1445 1439 1439 1445
    1445 1445 1445 1445 1445 1452 1452 1464 1470 1470 1477 1477 1477
    1489 1489 1503 1503 1523 1523 1529 1536 1543 1543 1452 1452 1452
    1445 1445 1445 1445 1445 1445 1445 1439 1439 1445 1452 1452 1464
    1470 1470 1477 1477 1477 1489 1489 1503 1503 1523 1523 1529 1536
    1543 1543 1458 1452 1452 1445 1445 1445 1445 1445 1445 1445 1439
    1439 1452 1452 1452 1464 1470 1470 1477 1477 1477 1489 1496 1503
    1516 1523 1529 1536 1543 1543 1550 1464 1458 1452 1445 1445 1445
    1445 1439 1439 1445 1439 1439 1445 1445 1452 1464 1470 1470 1477
    1477 1477 1496 1496 1509 1516 1523 1523 1536 1543 1550 1550 1464
    1458 1452 1452 1445 1445 1445 1439 1439 1445 1439 1439 1445 1445
    1452 1464 1470 1477 1477 1477 1477 1496 1496 1509 1516 1523 1523
    1536 1550 1550 1550 1470 1464 1458 1458 1452 1452 1452 1445 1445
    1445 1439 1439 1445 1452 1464 1464 1470 1477 1477 1477 1477 1496
    1503 1509 1516 1523 1529 1529 1536 1550 2450 1470 1464 1458 1458
    1452 1452 1452 1445 1445 1445 1445 1445 1445 1452 1464 1470 1477
    1477 1477 1483 1483 1496 1496 1503 1516 1523 1523 1529 1536 1536
    2450 1470 1464 1458 1458 1452 1452 1452 1445 1445 1452 1445 1445
    1445 1452 1470 1470 1477 1477 1477 1483 1489 1496 1496 1503 1516
    1523 1523 1536 1543 1543 2432 1470 1464 1458 1458 1458 1458 1458
    1458 1458 1452 1452 1452 1452 1452 1470 1470 1477 1477 1477 1489
    1496 1496 1503 1503 1516 1523 1529 1543 1543 1550 2432 1477 1470
    1464 1458 1458 1458 1458 1458 1458 1452 1452 1452 1452 1470 1470
    1470 1477 1477 1483 1489 1489 1496 1496 1503 1516 1523 1536 1543
    1550 1550 1550 1477 1470 1470 1464 1464 1464 1464 1464 1458 1458
    1458 1458 1464 1470 1470 1470 1477 1477 1483 1489 1489 1496 1496
    1503 1509 1529 1543 1543 1550 1550 1550 1477 1470 1470 1470 1470
    1470 1464 1464 1464 1464 1464 1464 1464 1470 1470 1470 1477 1489
    1489 1496 1496 1503 1503 1503 1509 1529 1543 1543 1550 1557 1557
    1477 1477 1477 1470 1470 1470 1464 1464 1464 1464 1464 1470 1470
    1470 1470 1470 1477 1489 1489 1496 1496 1503 1503 1503 1523 1529
    1543 1543 1550 1557 1557 1483 1483 1477 1477 1477 1470 1464 1464
    1464 1464 1470 1470 1470 1470 1470 1470 1489 1489 1489 1496 1496
    1503 1509 1523 1523 1529 1543 1543 1550 1557 1557 1489 1483 1477
    1477 1477 1470 1470 1464 1464 1464 1464 1470 1470 1470 1470 1477
    1483 1489 1489 1496 1496 1503 1509 1523 1523 1529 1543 1543 1550
    1557 2317 1496 1489 1477 1477 1477 1477 1477 1477 1464 1464 1464
    1470 1470 1470 1470 1477 1483 1489 1489 1496 1503 1503 1509 1523
    1523 1536 1543 1543 1550 1564 2317 1503 1496 1477 1477 1477 1477
    1477 1477 1477 1470 1470 1477 1470 1470 1470 1470 1477 1483 1489
    1496 1503 1503 1509 1516 1523 1536 1550 1550 1557 1564 2286 1509
    1503 1496 1496 1483 1477 1477 1477 1477 1470 1470 1477 1470 1470
    1470 1470 1477 1483 1496 1496 1503 1503 1509 1516 1523 1536 1550
    1557 1564 2212 2286 1516 1509 1503 1503 1489 1483 1477 1477 1477
    1477 1477 1477 1477 1470 1470 1477 1477 1489 1489 1496 1503 1503
    1509 1516 1523 1536 1543 1557 1564 1564 2301 1523 1516 1509 1503
    1496 1496 1489 1483 1477 1477 1477 1477 1477 1477 1477 1483 1483
    1489 1489 1496 1503 1503 1509 1523 1523 1536 1543 1550 1564 1564
    2317 1523 1516 1516 1503 1496 1496 1489 1489 1477 1477 1477 1477
    1477 1477 1483 1483 1483 1496 1496 1503 1503 1503 1516 1523 1529
