<?xml version="1.0"?>
<opencv_storage>
<Depth5756 type_id="opencv-matrix">
  <rows>75</rows>
  <cols>35</cols>
  <dt>w</dt>
  <data>
    5460 5460 5460 5548 5548 5548 1398 1398 1398 1410 1410 5548 5548
    5548 5460 1398 1398 1392 1381 1370 1370 1370 1370 5291 5291 5291
    5291 5291 5210 5210 5210 5132 5056 4983 4983 5374 5460 5460 5460
    1404 1392 1392 1392 1392 1398 1398 1392 1392 1392 1392 1398 1392
    1392 1381 1376 1370 1370 1370 1370 5291 5291 5291 5210 5210 5210
    5210 5132 5056 4983 4983 5374 5374 1410 1410 1404 1392 1392 1392
    1392 1392 1392 1387 1387 1392 1392 1392 1392 1387 1381 1376 1376
    1370 1370 1370 1370 5291 5291 5210 5210 5210 5132 5132 5056 4983
    4983 5374 1410 1410 1410 1404 1392 1392 1392 1392 1392 1387 1387
    1387 1392 1392 1387 1387 1381 1381 1381 1376 1376 1376 1376 1392
    5291 5291 5210 5210 5210 5132 5132 5056 4983 4983 5374 1410 1410
    1404 1398 1398 1398 1392 1392 1392 1387 1387 1387 1381 1381 1381
    1376 1376 1376 1376 1376 1376 1376 1392 1392 5374 5374 5210 5210
    5210 5132 5132 5056 4983 4983 5374 1404 1398 1398 1398 1392 1392
    1392 1392 1387 1387 1381 1381 1381 1376 1376 1376 1376 1376 1376
    1376 1376 1376 1392 1439 1439 1445 5210 5210 5210 5132 5132 5056
    4983 4983 1404 1404 1398 1398 1392 1392 1392 1387 1387 1387 1381
    1381 1381 1376 1376 1376 1376 1370 1370 1370 1370 1376 1376 1392
    1410 1433 1439 1439 1439 5132 5132 5132 5056 4983 4983 1398 1398
    1398 1392 1392 1392 1387 1387 1381 1381 1381 1376 1376 1376 1376
    1376 1376 1370 1370 1370 1370 1376 1376 1392 1410 1421 1433 1433
    1503 5056 5056 5056 5056 4983 4983 1392 1392 1392 1392 1392 1392
    1387 1381 1381 1376 1376 1376 1376 1376 1376 1370 1370 1370 1370
    1370 1370 1376 1376 1398 1404 1421 1433 1503 1503 1503 5056 5056
    4983 4983 4983 1392 1392 1392 1392 1392 1392 1387 1381 1381 1376
    1376 1376 1376 1376 1370 1370 1365 1365 1365 1365 1370 1376 1376
    1392 1398 1421 1439 1458 1496 1503 1503 5056 4983 4983 4983 1392
    1392 1392 1392 1387 1387 1387 1381 1376 1376 1370 1370 1370 1370
    1370 1365 1365 1365 1365 1365 1365 1370 1376 1392 1398 1421 1445
    1458 1477 1496 1509 1509 4983 4983 4983 1392 1392 1392 1387 1387
    1381 1381 1381 1376 1370 1370 1370 1370 1370 1370 1365 1359 1359
    1359 1359 1359 1370 1376 1392 1398 1421 1439 1458 1470 1496 1509
    1536 1536 4983 4983 1392 1392 1387 1387 1381 1376 1376 1376 1376
    1370 1370 1365 1365 1370 1370 1365 1359 1359 1359 1354 1354 1365
    1370 1392 1398 1415 1439 1452 1470 1496 1516 1529 1536 1536 4983
    1392 1392 1387 1387 1381 1376 1376 1376 1370 1370 1365 1365 1365
    1370 1365 1359 1359 1359 1354 1354 1354 1359 1370 1387 1398 1410
    1439 1452 1470 1496 1516 1529 1536 1536 4983 1398 1392 1387 1381
    1381 1376 1376 1376 1370 1370 1365 1365 1365 1365 1365 1359 1354
    1354 1354 1354 1354 1359 1370 1381 1398 1410 1439 1452 1470 1496
    1523 1536 1543 1543 4983 0 1392 1387 1381 1381 1376 1376 1370 1370
    1365 1365 1365 1365 1365 1365 1359 1354 1354 1354 1354 1354 1359
    1365 1381 1398 1410 1433 1458 1470 1489 1516 1536 1536 1536 5056 0
    1392 1387 1381 1376 1376 1376 1370 1370 1365 1365 1359 1359 1365
    1359 1359 1354 1354 1354 1354 1354 1354 1365 1381 1398 1410 1427
    1452 1464 1477 1516 1529 1536 1536 4983 0 1392 1381 1381 1370 1370
    1370 1370 1370 1365 1365 1359 1359 1359 1359 1359 1354 1354 1354
    1354 1354 1354 1359 1370 1398 1410 1427 1452 1464 1477 1509 1529
    1536 1536 4911 0 1387 1381 1381 1370 1370 1370 1365 1365 1365 1365
    1359 1359 1354 1354 1354 1354 1349 1349 1349 1354 1354 1359 1365
    1392 1410 1421 1433 1464 1483 1509 1523 1536 1536 4911 0 1381 1376
    1370 1370 1365 1365 1365 1365 1365 1359 1359 1359 1354 1354 1354
    1349 1349 1349 1349 1349 1354 1359 1365 1381 1404 1421 1433 1452
    1483 1509 1523 1536 1536 4983 0 1381 1376 1370 1370 1365 1365 1365
    1365 1359 1354 1354 1354 1354 1354 1354 1349 1349 1349 1349 1349
    1354 1365 1365 1376 1398 1427 1427 1452 1483 1503 1516 1536 1536
    1536 0 1376 1370 1370 1370 1365 1365 1365 1359 1359 1354 1349 1349
    1354 1354 1354 1349 1349 1349 1349 1349 1354 1365 1365 1376 1398
    1421 1427 1458 1477 1496 1509 1523 1523 1523 0 1370 1370 1370 1370
    1365 1365 1365 1359 1354 1354 1349 1349 1354 1354 1354 1349 1349
    1349 1343 1343 1354 1365 1365 1376 1392 1421 1433 1458 1477 1496
    1503 1523 1523 1523 0 1370 1370 1370 1365 1365 1359 1354 1354 1354
    1349 1349 1349 1354 1349 1349 1349 1349 1349 1343 1343 1354 1365
    1365 1376 1392 1421 1433 1452 1470 1496 1503 1523 1523 1523 0 1370
    1370 1365 1365 1365 1359 1354 1354 1349 1349 1349 1349 1349 1349
    1349 1349 1349 1343 1338 1338 1343 1365 1365 1370 1410 1433 1433
    1445 1470 1503 1503 1523 1536 1536 0 1365 1365 1365 1365 1354 1354
    1349 1349 1349 1349 1343 1343 1349 1343 1343 1338 1338 1333 1333
    1333 1338 1359 1359 1370 1392 1433 1433 1445 1464 1503 1503 1523
    1529 1529 0 1365 1365 1365 1359 1354 1349 1349 1349 1349 1343 1343
    1343 1349 1343 1343 1338 1338 1333 1333 1333 1338 1349 1359 1370
    1392 1421 1421 1445 1464 1509 1509 1523 1529 1529 0 1365 1365 1359
    1354 1354 1349 1349 1349 1343 1343 1343 1343 1343 1338 1338 1338
    1333 1333 1333 1333 1333 1349 1370 1370 1392 1415 1421 1433 1483
    1509 1509 1516 1523 1523 1365 1365 1365 1354 1349 1349 1349 1349
    1343 1343 1343 1343 1343 1338 1338 1338 1333 1333 1333 1333 1333
    1333 1333 1370 1370 1392 1404 1427 1427 1477 1509 1509 1516 1523
    1523 1365 1365 1365 1354 1349 1349 1349 1343 1343 1343 1343 1338
    1338 1338 1333 1333 1333 1333 1333 1333 1333 1333 1333 1354 1387
    1392 1404 1421 1421 1470 1509 1509 1516 1523 1523 1365 1359 1359
    1354 1349 1349 1343 1343 1343 1343 1343 1338 1338 1338 1333 1333
    1333 1328 1328 1328 1328 1328 1333 1349 1376 1392 1404 1415 1421
    1458 1503 1503 1516 1516 1516 0 1359 1354 1349 1349 1343 1343 1343
    1338 1338 1338 1338 1338 1338 1333 1333 1328 1328 1328 1328 1328
    1328 1333 1349 1370 1387 1398 1415 1445 1458 1489 1503 1509 1509 0
    1354 1354 1354 1349 1349 1343 1343 1343 1338 1333 1333 1333 1333
    1333 1333 1328 1328 1328 1322 1322 1322 1328 1333 1349 1370 1381
    1398 1415 1439 1464 1483 1503 1503 1503 0 1354 1349 1349 1349 1343
    1343 1343 1338 1333 1328 1328 1328 1328 1333 1333 1328 1328 1328
    1322 1322 1322 1322 1328 1349 1370 1381 1398 1415 1433 1458 1483
    1496 1496 1496 0 1354 1349 1349 1343 1343 1343 1338 1338 1333 1328
    1328 1328 1328 1333 1328 1328 1328 1328 1322 1322 1322 1322 1322
    1343 1365 1381 1398 1410 1427 1458 1483 1489 1496 1496 0 1354 1349
    1349 1343 1343 1338 1338 1333 1333 1328 1328 1328 1328 1333 1328
    1328 1328 1328 1322 1322 1322 1322 1322 1343 1359 1376 1404 1410
    1427 1458 1483 1489 1496 1496 0 1349 1349 1343 1343 1343 1338 1338
    1333 1328 1328 1328 1328 1328 1333 1328 1328 1322 1322 1317 1317
    1317 1317 1322 1343 1354 1365 1398 1415 1421 1458 1483 1489 1496
    1496 1489 1349 1343 1343 1343 1338 1338 1338 1333 1328 1328 1328
    1328 1328 1333 1328 1328 1317 1317 1317 1317 1317 1317 1322 1338
    1354 1365 1392 1410 1421 1458 1470 1489 1489 1489 1489 1349 1343
    1343 1343 1338 1338 1333 1333 1328 1328 1328 1328 1328 1328 1328
    1322 1317 1317 1312 1312 1312 1317 1322 1338 1354 1370 1381 1404
    1421 1445 1470 1489 1489 1489 1489 1349 1343 1343 1343 1338 1338
    1333 1328 1328 1328 1328 1322 1322 1328 1328 1322 1317 1312 1312
    1312 1312 1317 1322 1338 1354 1365 1381 1398 1415 1439 1464 1483
    1489 1489 1489 1349 1333 1333 1333 1333 1333 1328 1328 1328 1322
    1322 1322 1322 1328 1328 1322 1312 1312 1312 1312 1312 1317 1322
    1333 1349 1365 1381 1392 1410 1427 1464 1477 1483 1489 1489 1328
    1328 1328 1333 1328 1328 1328 1322 1322 1322 1322 1322 1322 1322
    1322 1317 1312 1312 1312 1312 1312 1317 1322 1333 1349 1365 1381
    1392 1410 1421 1458 1477 1483 1489 1489 1338 1328 1328 1328 1328
    1328 1328 1322 1322 1317 1317 1317 1317 1317 1312 1312 1312 1312
