<?xml version="1.0"?>
<opencv_storage>
<Depth16164 type_id="opencv-matrix">
  <rows>84</rows>
  <cols>48</cols>
  <dt>w</dt>
  <data>
    5460 5460 5460 5460 5460 5374 5374 5460 5460 5460 5374 5291 5291
    5291 5291 5291 5291 5291 5374 5374 5291 5291 5210 1370 1365 1365
    1365 1365 4983 4983 5374 5374 5291 5210 5210 5210 5210 5291 5210
    5210 5210 5210 5210 5132 5132 5056 5056 5132 5460 5460 5460 5460
    5460 5460 5460 5460 5460 5460 5374 5291 5291 5291 5291 5291 5291
    5291 5374 5374 5291 5210 5132 1365 1365 1365 1365 1359 1354 1343
    1343 1343 1343 1343 1333 1333 1333 1333 5291 5291 5210 5210 5210
    5132 5132 5132 5132 5132 5548 5460 5460 5548 5460 5460 5460 5460
    5374 5374 5291 5291 5291 5291 5291 5291 5291 1181 1177 1173 1173
    5210 5132 1365 1365 1370 1359 1354 1343 1338 1338 1338 1338 1333
    1312 1312 1312 1322 1328 1328 1328 5291 5210 5132 5132 5132 5132
    5210 5460 5460 5460 5460 5460 1236 1236 5374 5291 5291 5291 5291
    5291 5210 5210 5291 5291 1177 1173 1173 1173 1165 1165 1165 1173
    1359 1359 1354 1343 1338 1259 1259 1264 1278 1288 1297 1297 1307
    1312 1312 1317 1328 1328 5210 5210 5210 5210 5210 5460 5374 5374
    5460 5374 1232 1223 1219 1219 1219 1232 1236 5291 5210 5210 5210
    1177 1177 1173 1169 1169 1165 1165 1169 1173 1173 1173 1206 1210
    1259 1259 1259 1259 1268 1278 1278 1278 1288 1297 1302 1312 1317
    1317 1317 5291 5291 5132 5132 5291 5374 5374 5460 5374 1232 1210
    1210 1214 1219 1223 1219 1219 1219 1210 1219 1181 1181 1173 1169
    1169 1165 1165 1169 1169 1173 1206 1206 1210 1227 1232 1250 1250
    1259 1264 1264 1278 1283 1292 1292 1302 1312 1317 1317 1317 5132
    5132 5132 1210 1210 1210 1206 1206 1206 1206 1206 1206 1210 1214
    1214 1206 1206 1210 1219 1219 1169 1169 1169 1165 1165 1165 1169
    1169 1193 1193 1197 1202 1206 1219 1219 1223 1236 1259 1259 1273
    1278 1292 1292 1302 1312 1312 1312 0 5132 5132 5132 1210 1210 1210
    1206 1202 1202 1202 1202 1197 1197 1197 1189 1189 1189 1189 1185
    1185 1165 1165 1165 1165 1165 1165 1165 1165 1169 1177 1189 1193
    1202 1214 1219 1219 1236 1250 1259 1268 1278 1292 1292 1302 1312
    1312 1312 1312 5132 5132 5132 1214 1214 1210 1206 1202 1202 1202
    1197 1189 1189 1185 1185 1185 1185 1181 1177 1169 1165 1165 1165
    1161 1157 1157 1157 1157 1165 1177 1189 1193 1202 1210 1219 1219
    1236 1250 1259 1268 1283 1292 1292 1302 1312 1312 1312 1312 5132
    5132 5056 1219 1214 1210 1206 1202 1202 1202 1193 1189 1185 1185
    1185 1185 1181 1177 1169 1165 1165 1165 1165 1157 1153 1153 1157
    1157 1161 1169 1189 1193 1202 1206 1210 1219 1241 1245 1259 1273
    1283 1292 1297 1297 1307 1312 1312 1312 1312 5056 5056 1219 1219
    1210 1206 1202 1202 1202 1193 1189 1185 1185 1185 1181 1181 1173
    1169 1165 1165 1165 1165 1153 1153 1153 1157 1157 1157 1169 1189
    1193 1202 1206 1210 1223 1245 1245 1255 1264 1283 1288 1292 1297
    1297 1312 1312 1312 0 5056 5056 1219 1214 1210 1206 1202 1202 1197
    1193 1189 1185 1185 1185 1181 1177 1173 1169 1165 1165 1165 1165
    1153 1153 1153 1157 1157 1157 1173 1189 1193 1202 1206 1214 1223
    1241 1245 1255 1259 1278 1283 1292 1297 1297 1307 1307 1307 0 5056
    5056 0 1214 1210 1206 1202 1202 1197 1193 1189 1185 1185 1181 1181
    1177 1169 1169 1165 1165 1165 1165 1153 1153 1153 1157 1157 1157
    1177 1185 1189 1197 1206 1210 1219 1236 1245 1250 1259 1273 1278
    1288 1292 1302 1307 1307 1307 0 5056 5056 0 1210 1210 1206 1202 1202
    1197 1193 1193 1185 1181 1181 1181 1177 1169 1169 1165 1165 1165
    1157 1153 1153 1153 1157 1157 1161 1177 1185 1189 1189 1206 1210
    1219 1232 1245 1250 1259 1268 1278 1288 1292 1307 1307 1307 0 0 0
    5132 0 1210 1210 1206 1202 1202 1197 1193 1189 1185 1181 1181 1181
    1177 1173 1169 1169 1165 1165 1157 1153 1149 1149 1157 1161 1165
    1177 1185 1189 1189 1202 1206 1214 1232 1241 1250 1259 1268 1278
    1288 1292 1302 1307 1307 0 0 0 5210 0 1214 1210 1206 1206 1202 1197
    1193 1185 1185 1181 1181 1181 1177 1173 1169 1169 1165 1165 1157
    1153 1149 1149 1157 1161 1165 1177 1181 1189 1193 1202 1206 1214
    1232 1241 1250 1259 1268 1278 1288 1292 1302 1302 1307 1307 0 5210
    5210 1219 1219 1214 1210 1206 1202 1197 1193 1185 1185 1181 1181
    1181 1177 1173 1169 1165 1165 1165 1157 1153 1149 1149 1157 1161
    1169 1177 1181 1185 1189 1202 1206 1219 1232 1241 1250 1259 1268
    1283 1288 1297 1302 1302 1307 1307 0 5132 5132 1219 1214 1214 1210
    1206 1202 1193 1189 1185 1185 1185 1181 1181 1177 1177 1169 1165
    1165 1165 1157 1153 1153 1153 1157 1157 1169 1173 1181 1185 1189
    1202 1206 1219 1227 1236 1250 1259 1268 1283 1292 1297 1302 1302
    1302 1302 0 5132 5132 1214 1214 1214 1210 1206 1197 1193 1189 1185
    1185 1185 1181 1181 1177 1177 1169 1165 1165 1165 1157 1153 1153
    1153 1157 1157 1165 1173 1177 1181 1193 1202 1210 1219 1223 1236
    1250 1259 1268 1283 1292 1297 1302 1302 1302 1302 1312 5132 5132
    1214 1214 1214 1210 1202 1197 1197 1197 1193 1189 1185 1185 1181
    1181 1169 1169 1169 1165 1161 1157 1153 1153 1153 1157 1157 1161
    1173 1177 1181 1193 1202 1210 1214 1223 1241 1250 1259 1268 1278
    1288 1297 1302 1302 1307 1312 1312 5210 5210 1214 1214 1214 1214
    1202 1202 1197 1197 1193 1189 1185 1185 1181 1177 1169 1169 1169
    1165 1161 1157 1153 1153 1153 1157 1157 1157 1169 1181 1181 1193
    1202 1206 1214 1223 1236 1245 1255 1264 1278 1288 1297 1302 1307
    1312 1312 1312 1307 5132 1214 1214 1214 1210 1206 1202 1197 1197
    1193 1189 1185 1181 1181 1177 1173 1169 1169 1165 1161 1157 1153
    1153 1153 1153 1157 1157 1169 1185 1185 1193 1202 1206 1219 1227
    1236 1245 1250 1264 1278 1288 1292 1302 1307 1312 1307 1307 0 5132
    1214 1214 1214 1210 1206 1202 1197 1197 1193 1189 1185 1181 1181
    1181 1177 1173 1169 1165 1161 1157 1153 1153 1153 1153 1157 1157
    1169 1181 1185 1189 1193 1202 1219 1227 1236 1245 1250 1264 1273
    1288 1292 1297 1307 1312 1307 1307 1307 5056 1214 1214 1214 1210
    1206 1202 1197 1193 1193 1189 1185 1181 1181 1177 1177 1173 1169
    1169 1161 1157 1153 1153 1153 1157 1157 1161 1169 1177 1185 1189
    1193 1202 1210 1219 1232 1241 1250 1264 1273 1283 1292 1297 1302
    1312 1312 1312 5056 5056 1214 1214 1210 1210 1206 1202 1197 1193
    1189 1189 1185 1181 1181 1177 1177 1173 1169 1169 1165 1161 1157
    1153 1153 1157 1157 1161 1169 1177 1181 1189 1193 1202 1210 1214
    1223 1241 1250 1268 1273 1283 1292 1302 1302 1307 1307 1307 5056
    5056 1214 1214 1210 1210 1206 1202 1197 1197 1189 1189 1185 1181
    1181 1177 1177 1173 1169 1165 1165 1161 1157 1153 1153 1157 1161
    1165 1169 1173 1181 1189 1193 1202 1210 1214 1223 1241 1255 1268
    1278 1283 1292 1302 1302 1307 1307 1302 5056 5056 1219 1219 1214
    1210 1206 1202 1202 1193 1189 1189 1185 1181 1181 1177 1177 1173
    1169 1165 1165 1157 1157 1153 1153 1157 1157 1165 1169 1173 1181
    1189 1197 1202 1210 1219 1232 1241 1250 1264 1273 1288 1292 1297
    1302 1302 1302 1302 5056 5056 1214 1214 1210 1210 1206 1202 1202
    1193 1189 1185 1185 1181 1181 1177 1177 1169 1169 1165 1165 1157
    1153 1153 1153 1157 1157 1165 1173 1173 1181 1189 1197 1202 1210
    1219 1236 1241 1245 1264 1273 1288 1292 1297 1302 1297 1297 1297
    1297 4983 0 1214 1210 1210 1206 1202 1197 1193 1189 1185 1185 1181
    1181 1177 1177 1169 1169 1165 1161 1157 1153 1153 1153 1157 1157
    1165 1169 1173 1181 1181 1193 1202 1210 1219 1236 1241 1245 1264
    1273 1283 1292 1297 1302 1297 1297 1297 0 4983 0 1219 1210 1210 1206
    1202 1197 1193 1189 1185 1185 1181 1181 1177 1177 1173 1169 1165
    1161 1157 1153 1153 1153 1153 1157 1161 1169 1173 1177 1181 1193
    1202 1210 1227 1236 1241 1245 1264 1273 1283 1288 1297 1302 1302
    1302 1302 0 4983 0 1219 1210 1210 1206 1202 1197 1193 1189 1185 1185
    1185 1181 1177 1177 1173 1169 1165 1161 1157 1153 1153 1153 1153
    1157 1161 1165 1173 1177 1181 1193 1206 1214 1223 1236 1241 1245
    1264 1273 1283 1288 1297 1302 1302 1302 1302 0 4983 0 1214 1214 1206
