<?xml version="1.0"?>
<opencv_storage>
<Depth6583 type_id="opencv-matrix">
  <rows>72</rows>
  <cols>42</cols>
  <dt>w</dt>
  <data>
    3774 3774 3774 3774 3816 3816 3816 3774 3774 3816 3816 3816 3816
    3816 3816 3816 1404 1392 1370 1370 1359 1354 1349 1349 1349 1354
    1354 1354 1359 1354 1354 1359 1365 1370 1376 1381 1381 1387 1398
    3692 3692 3732 3816 3816 3774 3774 3774 3774 3774 3774 3774 3816
    3816 3816 3816 3816 3816 1404 1404 1392 1381 1365 1354 1349 1349
    1343 1343 1349 1354 1354 1359 1359 1359 1365 1370 1370 1376 1376
    1381 1381 1381 1381 3732 3732 3816 3816 3774 3774 3774 3774 3774
    3774 3774 3859 3859 3859 1439 1439 1427 1398 1398 1387 1381 1365
    1354 1349 1343 1343 1343 1349 1349 1354 1354 1354 1354 1365 1365
    1365 1370 1376 1376 1376 1376 1387 1387 3774 3816 3816 3816 3816
    3774 3774 3774 3774 3774 3859 3903 3903 1439 1439 1427 1410 1398
    1387 1376 1365 1354 1343 1343 1343 1343 1349 1349 1349 1354 1354
    1354 1354 1359 1359 1365 1370 1370 1376 1376 1381 1381 3732 3816
    3816 3816 3816 3774 3774 3732 3732 3774 3774 1458 1445 1445 1439
    1427 1410 1392 1381 1376 1370 1354 1338 1338 1338 1338 1343 1349
    1349 1354 1354 1354 1354 1359 1359 1359 1365 1365 1370 1370 1370
    1370 3774 3816 3816 3816 3816 3774 3774 3732 3732 3732 1470 1458
    1452 1445 1433 1421 1404 1392 1381 1370 1370 1354 1338 1338 1338
    1338 1343 1349 1349 1349 1349 1354 1354 1354 1359 1359 1365 1365
    1370 1370 1370 1370 3774 3816 3816 3774 3774 3774 3774 3774 1477
    1477 1470 1458 1452 1445 1427 1415 1404 1392 1381 1370 1365 1354
    1333 1333 1338 1338 1343 1349 1349 1349 1349 1349 1354 1354 1359
    1359 1365 1365 1370 1370 1370 1370 1370 3774 3774 3774 3774 3774
    1509 1509 1496 1477 1470 1458 1452 1445 1427 1410 1398 1387 1376
    1370 1365 1354 1333 1333 1333 1338 1338 1343 1343 1349 1349 1349
    1354 1354 1354 1359 1365 1365 1370 1370 1370 1370 1370 3732 3732
    3732 1516 1516 1516 1509 1496 1483 1470 1458 1452 1445 1421 1410
    1398 1387 1376 1370 1359 1349 1333 1333 1333 1333 1338 1343 1343
    1343 1349 1349 1354 1354 1354 1359 1359 1365 1365 1370 1370 1370
    1370 3732 3732 3732 1516 1516 1516 1503 1496 1483 1470 1458 1452
    1433 1421 1410 1398 1392 1376 1370 1359 1349 1333 1333 1333 1333
    1333 1338 1338 1338 1343 1349 1354 1354 1354 1359 1359 1359 1359
    1365 1370 1370 1370 3774 3774 1523 1516 1516 1516 1503 1496 1489
    1470 1458 1452 1433 1415 1404 1398 1387 1376 1370 1359 1338 1333
    1333 1333 1333 1333 1333 1338 1338 1343 1349 1354 1354 1354 1354
    1354 1354 1359 1365 1370 1370 1370 3774 3774 1523 1523 1516 1516
    1509 1496 1483 1470 1452 1445 1433 1415 1404 1398 1387 1376 1365
    1354 1338 1333 1333 1333 1333 1333 1333 1333 1338 1343 1349 1349
    1354 1354 1354 1354 1354 1354 1359 1365 1370 1370 3774 0 1523 1523
    1516 1516 1503 1496 1483 1470 1452 1445 1433 1410 1404 1398 1387
    1376 1365 1354 1343 1338 1333 1333 1333 1333 1333 1333 1333 1338
    1343 1349 1354 1354 1354 1354 1354 1354 1359 1365 1365 1370 3774
    1543 1523 1523 1516 1516 1503 1496 1477 1470 1458 1452 1433 1404
    1398 1392 1387 1370 1365 1354 1343 1333 1333 1333 1333 1333 1333
    1333 1333 1338 1343 1349 1349 1349 1354 1354 1354 1354 1359 1365
    1365 1365 3774 1543 1529 1529 1523 1516 1503 1489 1477 1464 1458
    1452 1427 1404 1398 1392 1387 1370 1365 1354 1343 1333 1333 1333
    1333 1333 1333 1333 1333 1338 1338 1343 1349 1349 1349 1354 1354
    1354 1359 1359 1359 1359 1557 1543 1529 1523 1516 1516 1496 1483
    1470 1464 1458 1439 1421 1404 1392 1392 1381 1370 1365 1354 1333
    1333 1328 1328 1333 1333 1333 1333 1333 1333 1338 1338 1343 1349
    1349 1354 1354 1354 1359 1359 1359 1359 1557 1543 1529 1523 1516
    1509 1496 1483 1470 1464 1452 1433 1421 1404 1392 1387 1381 1370
    1365 1343 1333 1328 1328 1328 1333 1333 1333 1333 1333 1333 1338
    1338 1343 1349 1349 1349 1349 1354 1359 1359 1359 1359 1564 1543
    1529 1523 1509 1509 1489 1483 1470 1458 1445 1433 1415 1404 1392
    1387 1376 1370 1359 1338 1333 1328 1328 1328 1328 1328 1328 1333
    1333 1333 1338 1338 1343 1343 1349 1349 1349 1354 1359 1359 1359
    1359 3732 1543 1536 1523 1509 1509 1489 1483 1470 1452 1445 1427
    1415 1404 1392 1387 1376 1365 1354 1338 1328 1328 1322 1322 1328
    1328 1328 1333 1333 1333 1338 1338 1343 1343 1349 1349 1349 1349
    1354 1359 1359 1359 3732 1543 1536 1523 1509 1509 1489 1483 1470
    1452 1445 1421 1410 1398 1392 1387 1376 1365 1354 1333 1328 1322
    1322 1322 1322 1328 1328 1328 1328 1333 1333 1338 1338 1343 1343
    1343 1349 1349 1354 1354 1359 1359 3732 1543 1536 1516 1509 1503
    1489 1483 1470 1458 1439 1421 1410 1398 1392 1387 1376 1365 1349
    1333 1328 1317 1317 1322 1322 1328 1328 1328 1328 1333 1333 1333
    1338 1338 1338 1343 1343 1349 1349 1354 1354 1359 3732 1543 1523
    1516 1509 1503 1489 1483 1470 1458 1439 1421 1410 1398 1392 1381
    1370 1359 1343 1333 1322 1312 1312 1317 1317 1322 1328 1328 1328
    1333 1333 1333 1333 1338 1338 1343 1343 1349 1349 1354 1359 1359
    3692 1543 1516 1516 1509 1503 1489 1477 1470 1458 1433 1421 1410
    1398 1392 1381 1370 1359 1343 1333 1322 1312 1312 1312 1317 1322
    1328 1328 1328 1328 1333 1333 1333 1333 1333 1343 1343 1349 1349
    1354 1359 1359 3692 1516 1516 1516 1509 1503 1489 1477 1464 1452
    1433 1421 1410 1398 1387 1376 1365 1359 1343 1333 1322 1312 1312
    1312 1312 1317 1322 1328 1328 1328 1333 1333 1333 1333 1333 1338
    1343 1349 1349 1354 1354 1359 3653 1523 1523 1516 1509 1503 1483
    1477 1464 1452 1433 1421 1410 1398 1387 1376 1365 1359 1343 1333
    1322 1312 1312 1312 1312 1312 1322 1322 1328 1328 1328 1333 1333
    1333 1333 1338 1343 1349 1349 1354 1354 1354 0 1516 1516 1516 1509
    1503 1483 1470 1464 1452 1433 1421 1404 1392 1387 1376 1365 1359
    1343 1333 1322 1312 1312 1312 1312 1312 1317 1317 1322 1328 1328
    1333 1333 1333 1333 1338 1343 1349 1349 1354 1354 1354 0 1516 1516
    1516 1503 1496 1477 1470 1464 1433 1427 1421 1404 1392 1387 1376
    1370 1349 1338 1333 1322 1312 1312 1312 1312 1312 1317 1317 1322
    1322 1328 1328 1333 1333 1333 1338 1343 1349 1349 1349 1354 1354 0
    1516 1516 1516 1496 1489 1477 1470 1464 1433 1427 1421 1410 1398
    1387 1376 1370 1349 1338 1328 1322 1312 1312 1312 1312 1312 1317
    1317 1317 1322 1328 1328 1328 1333 1333 1333 1343 1349 1349 1349
    1354 1354 0 1516 1516 1509 1496 1489 1477 1470 1464 1433 1427 1421
    1410 1392 1381 1376 1370 1349 1333 1328 1317 1312 1312 1312 1312
    1312 1312 1317 1317 1322 1328 1328 1328 1328 1333 1333 1338 1349
    1349 1349 1349 1349 0 1516 1516 1509 1503 1496 1483 1477 1464 1433
    1427 1421 1410 1392 1381 1376 1370 1349 1333 1322 1317 1312 1312
    1312 1312 1312 1312 1317 1317 1322 1322 1322 1328 1328 1328 1333
    1338 1343 1343 1343 1343 0 0 1516 1516 1509 1496 1496 1483 1470 1464
    1433 1421 1415 1404 1392 1381 1376 1365 1338 1333 1322 1312 1307
    1307 1307 1307 1307 1312 1312 1317 1317 1322 1322 1328 1328 1328
    1328 1333 1338 1343 1343 1343 0 3692 1516 1516 1509 1496 1489 1483
    1470 1464 1433 1421 1415 1404 1392 1376 1376 1365 1338 1328 1322
    1312 1307 1307 1307 1307 1307 1312 1312 1312 1317 1322 1322 1328
    1328 1328 1328 1333 1333 1343 1343 1343 0 3692 1529 1516 1509 1496
    1489 1477 1470 1445 1433 1421 1415 1404 1387 1376 1370 1349 1338
    1328 1322 1312 1307 1307 1307 1307 1307 1307 1312 1312 1317 1317
    1322 1322 1328 1328 1328 1333 1333 1338 1338 1338 0 3692 1516 1509
    1503 1489 1489 1477 1470 1445 1433 1415 1410 1398 1387 1376 1370
    1349 1338 1333 1322 1312 1307 1307 1307 1307 1307 1307 1307 1312
    1312 1317 1322 1322 1322 1328 1328 1333 1333 1338 1338 1338 0 3692
    1516 1509 1503 1489 1489 1477 1470 1445 1427 1415 1410 1398 1387
    1376 1370 1349 1338 1333 1322 1312 1307 1307 1302 1302 1307 1307
    1307 1312 1312 1317 1322 1322 1322 1328 1328 1333 1338 1338 1338
    1338 1333 3732 1509 1509 1496 1489 1489 1477 1470 1445 1421 1415
