<?xml version="1.0"?>
<opencv_storage>
<Depth14955 type_id="opencv-matrix">
  <rows>12</rows>
  <cols>29</cols>
  <dt>w</dt>
  <data>
    3859 3859 3859 3859 3903 3903 3948 0 0 0 0 4041 3948 3903 3903 3903
    3948 0 0 0 0 0 0 0 0 0 0 0 0 3816 3859 3859 3859 3903 3903 3948 3994
    3948 3948 3994 4041 3948 3948 3948 3948 0 0 0 0 0 0 0 0 0 0 0 0 0
    3816 3859 3859 3859 3903 3948 3948 3994 3948 3948 3994 4041 3948
    3948 3948 3948 3994 4041 4041 4241 4190 4190 4139 4139 0 0 0 0 0
    3816 3816 3859 3859 3903 3948 3948 3994 3994 3994 4041 4041 3948
    3948 3948 3994 3994 4041 4041 4190 4190 4190 4139 4139 4190 4190
    4190 4190 4190 3816 3816 3859 3859 3903 3948 3948 3948 3994 3994
    4041 4041 3948 3948 3994 4041 4089 4089 4139 4190 4190 4190 4190
    4190 4190 4190 4190 4190 4190 3859 3859 3859 3859 3903 3948 3948
    3948 3994 3994 4041 4041 4041 4041 4041 4041 4041 4089 4139 4139
    4190 4190 4190 4190 4190 4190 4190 4190 4241 3859 3859 3859 3859
    3903 3948 3948 3948 3994 3994 4041 4041 4041 4041 4089 4041 4041
    4089 4139 4139 4190 4190 4190 4190 4190 4190 4190 4190 4241 3903
    3859 3859 3903 3948 3948 3903 3903 3994 3994 4041 4041 4041 4041
    4041 4089 4089 4139 4139 4139 4190 4190 4190 4190 4190 4190 4241
    4241 4241 3903 3903 3903 3948 3948 3948 3903 3903 3948 4041 4041
    4041 4041 4041 4041 4089 4089 4139 4139 4139 4190 4190 4190 4190
    4190 4190 4190 4241 3037 3903 3903 3948 3948 3948 3903 3859 3859
    3948 4041 4041 4041 4041 4041 4041 4089 4089 4139 4139 4139 4190
    4190 4190 4190 4190 4190 4190 4241 3037 4842 4842 4911 4911 3903
    3903 3859 3859 3994 4041 4041 4041 4041 4041 4041 4089 4089 4139
    4139 4139 4190 4190 4190 4190 4190 4190 4190 4241 3037 4842 4842
    4911 4911 4983 5056 5056 5056 5056 5210 5210 4041 4041 5210 4190
    4190 4190 4190 4190 4190 4190 4241 4241 4190 4190 4190 4241 4241
    3064</data></Depth14955>
</opencv_storage>
