<?xml version="1.0"?>
<opencv_storage>
<Depth6114 type_id="opencv-matrix">
  <rows>114</rows>
  <cols>77</cols>
  <dt>w</dt>
  <data>
    4295 4295 4295 4295 4295 4190 4190 4190 4190 4190 4190 4241 4241
    4241 4241 4241 4241 4190 4190 4190 4190 4190 4190 4190 4190 4190
    4190 4190 4139 4139 4139 4139 4190 4139 4139 4190 4190 4139 4089
    4089 4089 4089 3994 3994 3994 3994 3994 3994 3994 4041 829 823 819
    817 817 817 817 819 821 823 823 821 821 821 3948 3903 3903 3859 3859
    3859 3903 3903 3903 3859 3859 3859 3859 4295 4295 4349 4349 4190
    4190 4190 4190 4139 4139 4190 4190 4190 4190 4190 4190 4190 4190
    4190 4190 4190 4190 4190 4190 4190 4190 4190 4190 4190 4139 4139
    4139 4190 4190 4190 4190 4190 4190 4089 4089 4089 867 860 854 847
    845 845 841 835 829 827 821 819 817 817 817 817 819 821 823 823 821
    821 827 827 833 833 833 3948 3948 3948 3903 3903 3859 3859 3859 3859
    4295 4295 4349 4190 4190 4139 4089 4089 4139 4139 4139 4190 4190
    4190 4190 4190 4190 4190 4190 4190 4190 4190 4190 4190 4190 4190
    4190 4190 4190 4190 4139 4139 4190 4190 4190 0 873 871 871 867 867
    867 860 854 847 845 845 837 835 829 827 821 819 817 817 817 817 821
    821 825 825 825 825 827 833 833 833 835 0 3948 3948 3948 3903 3859
    3816 3816 3816 4295 4295 4349 4190 4190 4139 4089 4089 4139 4139
    4139 4139 4139 4139 4190 4190 4190 4190 4190 4190 4190 4190 4190
    4190 4190 4190 4190 4190 4190 4190 4190 4190 4190 0 887 0 0 873 871
    871 867 864 858 854 847 845 843 835 833 829 825 821 819 817 815 815
    817 821 823 825 825 825 829 829 831 833 835 835 841 0 3903 3903 3903
    3859 3816 3816 3816 4295 4349 4241 4190 4190 4139 4139 4139 4139
    4190 4139 4139 4139 4139 4190 4190 4190 4190 4190 4190 4190 4190
    4190 4190 4190 4190 4190 4190 4190 4295 4295 4295 0 0 887 887 885
    873 873 871 867 864 858 854 849 845 843 835 833 829 825 821 819 815
    815 815 817 819 821 825 825 825 829 831 831 835 835 841 841 854 854
    858 858 858 3816 3816 3816 4295 4295 4190 4190 4190 4190 4190 4139
    4139 4190 4190 4190 4190 4190 4190 4190 4190 4190 4190 4190 4190
    4241 4190 4190 4190 4190 0 4190 0 908 0 0 0 0 887 887 885 878 873
    869 867 862 860 854 849 845 841 835 831 827 825 819 817 815 815 815
    817 819 819 823 825 825 829 831 831 831 837 841 845 854 854 858 858
    858 858 856 856 4295 4295 4190 4190 4190 4190 4190 4190 4139 4139
    4139 4190 4190 4190 4241 4190 4190 4190 4190 4190 4190 4190 4190
    4190 0 4190 0 0 0 0 908 908 901 894 894 887 885 878 873 869 867 862
    860 856 849 845 841 835 831 827 821 817 815 813 813 813 817 819 819
    823 825 827 829 831 831 831 837 841 843 845 849 851 854 854 856 856
    856 4295 4295 4190 4190 4190 4190 4190 4190 4089 4089 4089 4139 4190
    4190 4241 4241 4241 4190 4190 4139 4139 4139 4139 4139 923 923 0 0
    918 0 0 908 901 898 894 889 885 878 875 871 864 862 860 854 847 845
    837 833 829 825 819 815 815 813 813 813 813 819 821 823 825 827 831
    831 831 831 837 841 841 843 845 849 851 854 856 856 860 4241 4241
    4190 4190 4139 4139 4139 4139 4089 4089 4089 4139 4190 4190 4241
    4241 4241 4190 4190 4139 4139 4139 4139 0 928 923 923 923 918 915
    910 906 901 898 896 889 887 878 875 871 864 860 856 851 847 843 837
    833 829 825 819 815 815 813 811 811 813 813 819 821 823 827 829 831
    831 833 835 839 841 843 845 847 851 854 858 858 860 4241 4241 4190
    4190 4139 4139 4139 4139 4089 4089 4089 4139 4190 4241 4241 4241
    4241 4190 4190 4190 4190 4190 4190 0 928 928 923 923 918 915 908 906
    901 898 894 889 887 878 873 869 864 860 854 849 847 843 837 833 829
    825 819 815 815 813 811 811 813 813 819 821 821 827 829 833 833 835
    835 839 841 843 845 845 847 854 858 862 860 4241 4241 4241 4241 4190
    4139 4139 4139 4089 4089 4139 4190 4190 4241 4295 4295 4241 4241
    4241 4241 4241 954 948 946 928 928 925 923 920 915 908 906 901 896
    891 889 887 875 871 864 862 858 854 849 845 843 835 833 827 823 821
    815 813 811 811 811 811 813 815 819 821 825 827 833 833 835 835 837
    839 843 843 845 847 854 858 862 862 4241 4241 4241 4241 4190 4190
    4190 4139 4139 4139 4139 4190 4241 4295 4349 4349 4349 964 964 959
    959 954 948 946 943 930 925 923 920 915 908 903 898 896 891 887 885
    875 871 864 862 858 854 847 845 843 835 831 827 823 819 813 811 811
    811 811 811 813 815 819 821 823 827 831 831 835 835 837 839 843 843
    845 847 851 858 862 864 4241 4241 4241 4241 4241 4190 4190 4190 4190
    4190 4190 4190 998 998 998 987 967 964 964 962 959 954 948 946 943
    933 928 925 920 915 908 903 898 894 889 887 885 875 869 864 860 858
    854 847 843 837 833 829 825 821 817 813 811 811 811 811 811 813 815
    819 821 823 827 829 831 833 835 837 839 843 843 845 845 847 858 860
    862 4241 4241 4241 4241 4241 4190 4190 4190 1004 1004 1001 998 998
    998 998 987 967 967 964 962 959 954 951 946 943 933 928 923 918 913
    908 903 898 894 889 885 878 873 869 862 858 856 851 847 843 837 831
    827 823 821 815 811 809 809 809 809 811 813 815 819 821 823 825 829
    831 833 835 837 839 843 843 845 845 847 856 860 862 4241 4241 4241
    4241 4139 4139 4139 4190 1004 1004 1001 998 998 995 992 987 975 967
    964 962 959 954 948 946 943 933 928 923 915 910 906 903 896 891 887
    882 875 873 869 862 856 854 851 847 843 835 831 825 823 819 813 811
    809 809 809 809 811 813 815 819 821 823 825 829 831 833 835 837 839
    843 843 845 847 849 854 858 858 4241 4241 4241 4241 4139 4139 4139 0
    4139 0 998 998 998 995 992 987 975 967 964 962 959 954 948 943 940
    930 925 920 915 910 906 903 896 891 887 882 875 871 867 860 856 854
    849 845 843 835 829 823 821 817 813 811 809 809 809 809 811 813 815
    819 821 823 825 829 831 833 835 837 839 841 845 847 847 849 854 856
    856 4241 4241 4241 4241 4241 4241 0 0 0 0 0 1004 1001 998 992 984
    975 970 967 962 956 951 946 940 933 928 920 918 913 910 906 901 896
    891 887 878 875 871 867 860 856 851 849 845 841 835 829 823 821 817
    813 811 809 809 809 809 811 815 817 819 821 825 827 829 831 833 835
    837 839 841 845 849 849 851 854 856 856 4241 4241 4241 4241 0 0 0 0
    0 0 1010 1010 1001 998 987 978 975 970 967 962 956 948 946 940 930
    928 920 915 913 908 903 898 896 891 887 878 875 871 867 860 856 851
    849 845 841 833 827 823 821 817 811 811 807 807 809 811 811 813 817
    819 823 825 827 827 831 833 835 837 839 841 843 847 849 851 854 856
    856 4241 4295 4241 4241 0 0 0 0 0 0 1016 1010 1004 995 987 978 973
    970 964 959 954 948 946 940 930 928 920 915 910 906 901 898 894 891
    878 875 871 869 862 860 856 851 847 843 837 833 827 823 819 815 811
    811 807 807 809 811 811 813 817 819 823 825 827 827 831 833 835 837
    839 841 843 845 847 849 854 856 856 4295 4295 4295 0 0 0 0 0 0 0
    1016 1010 1004 992 984 978 973 967 962 959 954 948 946 933 928 925
    918 915 908 906 901 896 894 889 878 875 871 867 862 860 854 849 845
    843 835 829 827 823 819 813 811 811 807 807 809 809 811 811 815 819
    821 823 827 829 831 833 835 837 839 841 843 845 847 849 854 856 856
    4295 4295 4349 0 0 0 0 0 0 0 1013 1004 1004 992 984 975 973 967 962
    956 951 948 946 933 928 923 918 913 908 903 901 896 894 887 878 875
    871 867 862 858 854 849 845 841 833 829 827 823 819 813 811 809 807
    807 807 809 811 811 813 819 821 823 827 829 831 833 835 837 839 843
    843 845 847 849 854 856 856 4241 4241 0 0 0 0 0 0 0 1013 1004 1004
    1001 992 984 975 973 967 959 954 951 946 943 933 925 920 915 913 908
    903 898 896 891 885 878 873 869 867 860 856 851 849 845 841 831 829
    827 823 819 813 811 807 805 805 805 807 809 811 813 817 819 823 827
    829 831 833 835 837 839 843 845 845 847 849 854 856 856 4241 4241 0
    0 0 0 0 0 0 1007 1004 1001 998 989 984 975 970 962 956 954 948 946
    940 928 925 918 915 913 908 903 898 894 887 885 875 873 869 864 858
    854 851 847 843 839 831 829 827 823 819 813 811 807 805 805 805 807
    809 811 813 817 819 823 825 827 831 833 835 837 839 841 845 847 847
