<?xml version="1.0"?>
<opencv_storage>
<Depth1485 type_id="opencv-matrix">
  <rows>103</rows>
  <cols>67</cols>
  <dt>w</dt>
  <data>
    3816 3816 3774 3732 3732 3732 3774 3732 3732 3732 3692 1004 1004
    1001 1001 1004 3653 3653 3653 3539 3539 3539 3503 3503 3503 3539
    3539 3503 3503 3503 3468 3433 3433 3399 3399 3399 3399 3399 3399
    3399 3399 3365 3365 3365 3365 3365 3365 3333 3333 3300 3300 3269
    3269 3238 3238 3238 3238 3238 3208 3208 3238 3178 3149 3149 3178
    3149 3120 3859 3816 3774 3774 3774 3774 3774 3774 3774 3732 3692 995
    995 995 995 998 998 1001 1001 1001 3539 3539 3503 3503 3503 3503
    3503 3539 3503 3503 3468 3468 3433 3433 3433 3433 3433 3433 3399
    3399 3399 3399 3365 3365 3365 3365 3333 3333 3333 3300 3300 3269
    3269 3238 3238 3238 3238 3238 3208 3208 3208 3178 3178 3178 3149
    3120 3120 3859 3859 3859 3859 1047 1034 1025 3774 3774 1001 989 989
    989 992 992 995 998 1001 1001 1001 1004 1007 1010 1013 1013 1016
    1019 1025 3503 3503 3503 3468 3468 3468 3468 3433 3433 3433 3399
    3399 3399 3399 3365 3365 3365 3365 3333 3333 3300 3300 3300 3269
    3269 3269 3269 3238 3238 3238 3208 3178 3178 3149 3149 3149 3120
    3120 3120 3859 1054 1054 1047 1047 1034 1025 1013 1007 1001 989 989
    989 989 992 995 995 998 998 1001 1004 1007 1010 1013 1013 1016 1019
    1025 1028 1028 1034 1034 1041 1041 1041 3468 3433 3433 3433 3399
    3399 3399 3365 3365 3365 3365 3333 3300 3300 3300 3269 3269 3269
    3269 3269 3269 3238 3238 3208 3178 3178 3149 3149 3149 3120 3120
    3092 0 1063 1050 1044 1041 1034 1025 1013 1007 1004 989 989 989 989
    992 995 995 998 998 1001 1004 1004 1007 1013 1019 1022 1022 1025
    1028 1028 1031 1034 1034 1038 1041 1044 1050 1050 1057 1060 1063
    1067 3365 3365 3365 1073 1073 1073 1077 3269 3269 3269 3269 3269
    3269 3269 3238 3238 3238 3208 3208 3149 3120 3120 3120 3092 3092 0
    1063 1047 1038 1034 1031 1025 1016 1007 1004 989 989 989 989 992 995
    998 998 998 1001 1004 1004 1007 1013 1019 1022 1022 1025 1025 1028
    1031 1034 1034 1038 1041 1044 1050 1050 1054 1057 1060 1063 1063
    1067 1067 1070 1073 1073 1077 1077 3269 3269 3269 3269 3269 3269
    3269 3238 3238 3208 3208 3149 3120 3120 3120 3092 3092 0 1060 1041
    1034 1031 1028 1025 1016 1007 1004 989 989 989 989 992 995 998 998
    1001 1004 1004 1007 1010 1013 1016 1022 1022 1025 1025 1025 1028
    1034 1038 1038 1041 1044 1050 1050 1054 1057 1060 1063 1063 1067
    1067 1070 1073 1073 1077 1077 1080 1087 1090 1090 1094 1097 1101
    1101 1105 1105 1105 3149 3149 3120 3120 3092 3092 0 1060 1041 1034
    1031 1028 1025 1016 1007 1004 989 989 989 989 992 995 998 1001 1001
    1004 1004 1007 1010 1013 1016 1019 1022 1025 1025 1025 1028 1034
    1038 1038 1041 1044 1050 1050 1054 1057 1060 1063 1063 1063 1067
    1070 1073 1073 1077 1080 1080 1087 1090 1090 1094 1097 1101 1101
    1105 1105 1105 1112 1112 1112 3092 3092 3092 0 1060 1050 1038 1034
    1028 1025 1016 1007 1004 989 989 989 989 992 995 998 1001 1001 1004
    1007 1010 1010 1013 1016 1016 1022 1025 1025 1025 1028 1034 1038
    1038 1041 1044 1050 1050 1054 1054 1057 1063 1063 1063 1067 1070
    1073 1073 1077 1080 1080 1087 1090 1090 1094 1097 1101 1101 1105
    1105 1105 1108 1108 1115 3092 3092 3092 0 1063 1050 1041 1034 1031
    1025 1016 1007 1004 992 989 989 989 992 995 998 1001 1001 1004 1007
    1007 1010 1013 1013 1016 1022 1025 1025 1028 1028 1034 1038 1038
    1041 1044 1050 1050 1054 1054 1057 1060 1063 1063 1067 1067 1073
    1077 1077 1080 1084 1084 1087 1090 1094 1094 1101 1101 1101 1105
    1108 1108 1115 1115 1115 3092 3092 1063 1060 1050 1044 1038 1031
    1025 1016 1010 1004 992 989 989 989 992 995 998 1001 1001 1004 1007
    1007 1010 1013 1013 1016 1022 1025 1025 1028 1028 1031 1038 1038
    1041 1047 1050 1050 1054 1054 1057 1060 1063 1063 1063 1067 1073
    1077 1080 1080 1080 1084 1087 1090 1090 1094 1101 1101 1101 1105
    1108 1112 1115 1115 1115 1115 3092 1063 1057 1050 1044 1041 1031
    1025 1016 1007 1001 992 989 989 989 992 992 995 1001 1001 1004 1004
    1007 1013 1013 1016 1016 1019 1025 1025 1028 1031 1031 1038 1041
    1041 1044 1047 1050 1054 1054 1057 1060 1060 1060 1063 1063 1073
    1077 1080 1080 1080 1084 1087 1090 1090 1094 1101 1101 1101 1105
    1108 1112 1115 1115 0 0 0 1063 1057 1050 1044 1041 1034 1025 1016
    1007 1001 992 992 992 992 992 992 995 1001 1001 1004 1004 1007 1013
    1013 1016 1016 1019 1022 1025 1028 1031 1031 1034 1038 1041 1044
    1047 1050 1054 1054 1057 1060 1060 1060 1063 1063 1077 1077 1077
    1077 1080 1080 1087 1090 1094 1094 1101 1101 1101 1105 1105 1112
    1112 1115 1115 0 0 1063 1057 1050 1044 1041 1031 1025 1016 1010 1004
    992 992 992 992 992 992 995 998 1001 1001 1004 1007 1010 1013 1016
    1016 1019 1022 1025 1028 1031 1031 1031 1038 1041 1044 1047 1050
    1050 1054 1057 1060 1060 1060 1063 1067 1073 1077 1077 1077 1080
    1080 1087 1090 1094 1094 1101 1101 1101 1105 1105 1108 1112 1115
    1115 0 3092 1063 1057 1054 1044 1041 1031 1025 1016 1010 1004 995
    992 989 989 989 992 995 998 1001 1001 1004 1007 1010 1013 1016 1016
    1019 1022 1025 1028 1028 1031 1031 1034 1041 1044 1047 1047 1050
    1054 1057 1060 1060 1063 1063 1067 1073 1077 1077 1077 1080 1084
    1087 1090 1094 1094 1101 1101 1101 1101 1105 1108 1108 1112 0 0 0
    1063 1057 1054 1047 1041 1034 1025 1016 1010 1004 995 989 989 989
    989 992 995 998 1001 1001 1004 1004 1007 1010 1013 1016 1019 1022
    1025 1028 1028 1031 1031 1034 1041 1041 1047 1047 1050 1054 1054
    1060 1060 1063 1063 1067 1070 1077 1077 1080 1080 1084 1087 1090
    1094 1094 1101 1101 1101 1101 1105 1108 1108 1112 0 0 0 1063 1060
    1057 1044 1041 1034 1025 1016 1007 1004 992 989 989 989 989 992 998
    1001 1001 1001 1004 1004 1007 1010 1013 1016 1019 1022 1025 1028
    1028 1031 1031 1034 1041 1041 1047 1047 1050 1050 1054 1057 1060
    1063 1063 1067 1070 1077 1077 1077 1080 1084 1087 1090 1090 1094
    1101 1101 1101 1101 1105 1108 1108 1112 1112 0 3092 1063 1060 1057
    1044 1041 1034 1028 1016 1007 1001 992 989 989 989 989 992 998 1001
    1001 1001 1004 1004 1007 1010 1013 1016 1019 1022 1025 1028 1028
    1031 1031 1034 1041 1044 1047 1047 1050 1050 1054 1057 1060 1063
    1063 1067 1070 1077 1077 1077 1080 1084 1087 1090 1090 1097 1101
    1101 1101 1105 1105 1108 1108 1108 1108 0 3092 1063 1063 1057 1044
    1038 1031 1025 1019 1007 1001 989 989 989 989 989 992 995 998 1001
    1001 1004 1004 1007 1010 1013 1016 1019 1022 1025 1028 1028 1031
    1031 1034 1041 1044 1047 1047 1050 1050 1054 1057 1060 1063 1063
    1067 1070 1077 1077 1077 1080 1084 1087 1090 1090 1097 1101 1101
    1101 1105 1105 1108 1108 1108 1108 0 3092 1070 1063 1057 1044 1038
    1031 1025 1019 1013 998 989 989 989 989 989 992 992 998 998 1001
    1004 1004 1007 1013 1013 1016 1016 1022 1025 1028 1031 1031 1031
    1038 1041 1044 1047 1047 1050 1050 1054 1057 1060 1063 1063 1067
    1073 1077 1077 1077 1080 1084 1087 1090 1090 1094 1101 1101 1101
    1105 1105 1108 1105 1105 1105 1101 3092 1070 1063 1057 1044 1041
    1031 1025 1019 1013 998 992 989 989 989 989 992 992 998 998 1001
    1004 1004 1010 1010 1013 1013 1016 1019 1025 1028 1031 1031 1034
    1038 1041 1044 1044 1050 1050 1050 1054 1057 1063 1063 1063 1067
    1070 1077 1077 1077 1080 1080 1087 1090 1090 1094 1097 1097 1101
    1101 1105 1108 1105 1101 1101 1101 0 0 1063 1054 1044 1041 1034 1025
    1016 1013 1001 992 989 989 989 989 992 995 995 998 1001 1004 1004
    1007 1010 1013 1013 1016 1019 1025 1028 1028 1031 1031 1038 1041
    1044 1044 1050 1050 1050 1054 1057 1060 1063 1063 1067 1070 1077
    1077 1077 1077 1080 1084 1087 1090 1094 1097 1097 1097 1101 1105
    1108 1108 1101 1101 1101 0 0 1063 1054 1044 1041 1034 1025 1016 1013
    998 992 989 989 989 989 992 995 995 998 1001 1004 1004 1004 1010
    1013 1016 1016 1019 1025 1025 1028 1028 1031 1038 1041 1041 1041
    1047 1050 1050 1054 1057 1060 1063 1063 1067 1070 1073 1077 1077
