<?xml version="1.0"?>
<opencv_storage>
<Depth1548 type_id="opencv-matrix">
  <rows>103</rows>
  <cols>64</cols>
  <dt>w</dt>
  <data>
    3859 3859 3859 3816 1041 1041 1041 1041 3816 3816 3816 3774 3732
    3692 3653 3653 3692 3653 3653 3614 3614 3614 3614 3576 3539 3539
    3539 3539 3539 3503 3503 3468 3468 3468 3468 3468 3433 3433 3433
    1016 1016 1016 1016 1013 1010 1010 1010 1010 1010 1007 1007 1007
    1007 1007 1007 1004 1004 1007 1004 1004 998 998 3037 3037 3859 3859
    3859 1044 1041 1041 1034 1031 1028 1028 3816 3816 3732 3692 3653
    3653 3653 3614 3614 3614 3614 3614 3614 1025 1025 1022 1019 1019
    1019 1019 1022 1022 1022 1022 1022 1025 1016 1016 1016 1016 1016
    1016 1016 1013 1010 1010 1010 1010 1010 1007 1007 1007 1007 1007
    1007 1004 1004 1007 1004 1004 998 998 998 998 3859 3859 3859 1034
    1034 1038 1031 1028 1028 1028 1028 1028 1028 1031 1028 1028 1028
    1028 1025 1025 1025 1025 1025 1025 1025 1022 1019 1019 1019 1019
    1022 1022 1022 1022 1022 1019 1016 1016 1016 1016 1016 1016 1016
    1013 1010 1010 1010 1010 1010 1010 1010 1007 1007 1007 1007 1004
    1004 1007 1004 1004 998 998 998 0 1031 1031 1034 1034 1034 1034 1031
    1028 1028 1028 1028 1028 1028 1028 1028 1028 1028 1028 1025 1025
    1025 1025 1025 1022 1022 1025 1022 1022 1022 1022 1022 1022 1022
    1022 1022 1019 1016 1016 1016 1016 1013 1013 1016 1013 1010 1010
    1010 1010 1010 1010 1010 1007 1007 1007 1004 1004 1007 1007 1004
    1004 998 998 998 0 1031 1031 1034 1034 1034 1031 1031 1028 1028 1028
    1028 1028 1028 1028 1028 1028 1028 1025 1025 1025 1025 1025 1022
    1022 1022 1022 1022 1022 1022 1022 1022 1022 1022 1022 1022 1019
    1016 1016 1016 1016 1013 1013 1016 1013 1010 1010 1010 1010 1010
    1010 1010 1007 1007 1007 1004 1004 1004 1007 1004 1004 998 998 998 0
    1034 1034 1034 1034 1034 1031 1031 1028 1028 1028 1028 1028 1028
    1028 1028 1028 1028 1025 1025 1025 1025 1022 1022 1019 1019 1019
    1019 1019 1022 1022 1019 1019 1019 1019 1019 1019 1016 1016 1016
    1016 1013 1013 1013 1013 1010 1010 1010 1010 1007 1007 1007 1007
    1007 1007 1004 1004 1004 1004 1004 1004 1004 0 0 0 1034 1034 1034
    1034 1034 1034 1031 1031 1028 1028 1028 1028 1028 1028 1028 1028
    1025 1025 1025 1025 1025 1022 1022 1019 1019 1019 1019 1019 1022
    1022 1019 1019 1019 1016 1016 1016 1016 1016 1016 1016 1016 1013
    1013 1013 1010 1010 1010 1010 1007 1007 1007 1007 1007 1007 1004
    1001 1001 1001 1001 1001 1001 1001 0 0 1034 1034 1034 1034 1034 1034
    1034 1031 1031 1028 1028 1028 1028 1028 1028 1028 1025 1025 1025
    1025 1025 1025 1022 1022 1022 1022 1022 1022 1019 1019 1019 1019
    1019 1016 1016 1016 1016 1016 1016 1016 1016 1013 1013 1013 1010
    1010 1010 1010 1007 1007 1007 1007 1007 1007 1004 1001 1001 1001
    1001 1001 998 998 0 0 1034 1034 1031 1031 1031 1031 1031 1031 1031
    1028 1028 1028 1028 1028 1028 1028 1025 1025 1025 1025 1025 1025
    1025 1025 1025 1022 1022 1022 1019 1019 1019 1019 1019 1019 1016
    1016 1016 1016 1016 1016 1016 1013 1013 1013 1010 1010 1010 1010
    1007 1007 1007 1007 1007 1007 1004 1001 1001 1001 1001 1001 998 998
    998 0 1038 1034 1031 1031 1031 1031 1031 1031 1028 1028 1028 1028
    1028 1028 1028 1028 1028 1028 1028 1028 1025 1025 1025 1025 1025
    1025 1022 1022 1019 1019 1019 1019 1019 1019 1016 1016 1016 1016
    1016 1016 1016 1016 1016 1013 1010 1010 1010 1010 1007 1007 1007
    1007 1007 1004 1004 1001 1001 1001 1001 1001 998 998 998 0 1038 1038
    1034 1031 1031 1031 1031 1031 1028 1028 1028 1028 1028 1028 1028
    1028 1028 1028 1028 1028 1025 1025 1025 1025 1025 1025 1025 1022
    1022 1022 1019 1019 1016 1016 1016 1016 1016 1016 1016 1016 1016
    1013 1013 1013 1010 1010 1010 1010 1010 1007 1007 1007 1007 1004
    1004 1001 1001 1001 1001 1001 1001 1001 1001 0 1038 1038 1034 1031
    1031 1028 1028 1028 1028 1028 1028 1028 1028 1028 1028 1028 1028
    1025 1025 1025 1025 1025 1025 1025 1025 1025 1025 1022 1022 1022
    1019 1019 1016 1016 1016 1016 1016 1016 1016 1016 1013 1013 1013
    1013 1010 1010 1010 1010 1010 1007 1007 1007 1007 1004 1004 1001
    1001 1001 1001 1001 1001 1001 1001 0 1038 1038 1034 1031 1031 1028
    1028 1028 1028 1028 1028 1028 1028 1028 1028 1028 1028 1025 1025
    1025 1025 1025 1025 1025 1025 1022 1022 1022 1022 1019 1019 1016
    1016 1016 1016 1016 1016 1016 1016 1016 1013 1013 1013 1013 1010
    1010 1010 1010 1010 1007 1007 1007 1004 1004 1004 1001 1001 1001
    1001 1001 1001 1001 1001 0 1034 1034 1034 1034 1031 1031 1031 1031
    1028 1028 1028 1028 1028 1028 1028 1028 1028 1025 1025 1025 1025
    1025 1025 1022 1022 1022 1022 1022 1022 1019 1019 1016 1016 1016
    1016 1016 1016 1016 1016 1016 1013 1013 1013 1013 1010 1010 1010
    1010 1010 1010 1007 1007 1004 1004 1004 1001 1001 1001 1001 1001
    1001 1001 1001 0 1031 1031 1034 1034 1031 1031 1031 1031 1028 1028
    1028 1028 1028 1028 1028 1028 1028 1025 1025 1025 1025 1025 1025
    1022 1022 1022 1022 1022 1022 1019 1019 1019 1016 1016 1016 1016
    1016 1016 1016 1016 1013 1013 1013 1013 1010 1010 1010 1010 1010
    1010 1007 1007 1004 1004 1004 1001 1001 1001 1001 1001 1001 1001
    1001 0 1031 1031 1034 1034 1034 1031 1031 1031 1028 1028 1028 1028
    1028 1028 1028 1028 1025 1025 1025 1025 1025 1025 1025 1022 1022
    1022 1022 1022 1019 1019 1019 1019 1019 1016 1016 1016 1016 1016
    1016 1016 1016 1013 1013 1013 1010 1010 1010 1010 1010 1010 1007
    1007 1004 1004 1001 1001 1001 1001 1001 1001 1001 1001 1007 0 1034
    1034 1034 1034 1034 1034 1034 1031 1028 1028 1028 1028 1028 1028
    1028 1028 1025 1025 1025 1025 1025 1025 1025 1022 1022 1022 1022
    1022 1019 1019 1019 1019 1019 1016 1016 1016 1016 1016 1016 1016
    1016 1016 1013 1013 1010 1010 1010 1010 1010 1007 1007 1007 1004
    1004 1001 1001 1001 1001 1001 1001 1004 1004 1007 0 1034 1034 1034
    1034 1034 1034 1031 1031 1031 1028 1028 1028 1028 1028 1028 1028
    1025 1025 1025 1025 1025 1025 1025 1022 1022 1025 1025 1025 1022
    1019 1019 1019 1019 1016 1016 1016 1016 1016 1016 1016 1016 1016
    1013 1013 1010 1010 1010 1010 1010 1007 1007 1007 1004 1001 1001
    1001 1001 1001 1001 1001 1004 1004 1004 0 1034 1034 1034 1034 1034
    1034 1031 1031 1031 1028 1028 1028 1028 1028 1025 1025 1025 1025
    1025 1025 1025 1025 1025 1022 1022 1025 1025 1022 1022 1019 1019
    1019 1019 1016 1016 1016 1016 1016 1016 1016 1013 1013 1013 1013
    1010 1010 1010 1010 1007 1007 1004 1004 1004 1001 1001 1001 1001
    1001 1001 1001 1001 1001 1001 0 1034 1034 1034 1031 1031 1031 1031
    1031 1031 1028 1028 1028 1028 1028 1025 1025 1025 1025 1028 1025
    1025 1025 1025 1025 1025 1025 1022 1022 1022 1019 1019 1019 1019
    1016 1016 1016 1016 1016 1016 1016 1013 1013 1013 1013 1010 1010
    1010 1010 1007 1007 1004 1004 1004 1001 1001 1001 1001 1001 1001
    1001 1001 998 998 0 0 1034 1034 1031 1031 1031 1031 1028 1028 1028
    1028 1028 1028 1028 1028 1028 1025 1025 1025 1025 1025 1025 1025
    1025 1025 1025 1022 1022 1022 1022 1022 1022 1019 1016 1016 1016
    1016 1016 1016 1016 1013 1013 1013 1013 1010 1010 1010 1010 1007
    1007 1007 1004 1004 1001 1001 1001 1001 1001 1001 1001 1001 998 998
    0 0 1031 1031 1031 1031 1031 1031 1028 1028 1028 1028 1028 1028 1028
    1028 1028 1025 1025 1025 1025 1025 1025 1025 1025 1025 1025 1022
    1022 1022 1019 1019 1019 1019 1016 1016 1013 1013 1016 1016 1016
    1013 1013 1013 1013 1010 1010 1010 1010 1007 1007 1007 1004 1004
    1004 1004 1001 1001 1001 1001 1001 1001 1001 1001 0 1028 1028 1031
    1031 1028 1028 1031 1028 1028 1028 1028 1028 1028 1028 1028 1028
    1025 1025 1025 1025 1025 1025 1025 1025 1025 1022 1022 1022 1022
    1019 1019 1019 1016 1016 1016 1013 1013 1016 1016 1013 1013 1013
    1013 1013 1010 1010 1010 1010 1007 1007 1007 1004 1004 1004 1004
    1001 1001 1001 1001 1001 1001 1001 1001 0 1028 1028 1031 1028 1028
    1028 1028 1028 1028 1028 1028 1028 1028 1028 1028 1028 1025 1025
    1025 1025 1025 1025 1025 1025 1025 1022 1022 1022 1019 1019 1019
