<?xml version="1.0"?>
<opencv_storage>
<Depth5623 type_id="opencv-matrix">
  <rows>20</rows>
  <cols>34</cols>
  <dt>w</dt>
  <data>
    2271 2271 2271 2271 2271 2271 2271 2301 2317 2317 2317 2317 2317
    2317 2317 2317 2317 1115 1115 1119 1123 1123 1126 1126 1130 1130
    1138 1134 1134 1134 1134 1141 2415 2415 2271 2271 2271 2271 2271
    2271 2271 2286 2317 2317 2301 2301 2301 2301 2317 2301 2301 1115
    1115 1123 1123 1123 1126 1126 1134 1134 1141 1138 1138 1141 1141
    1141 2415 2415 2271 2271 2271 2271 2271 2271 2286 2271 2271 2317
    2301 2301 2301 2301 2317 2301 2301 2301 2286 2286 2317 2317 2317
    2301 2301 2301 1145 1145 1145 1141 1141 2398 2415 2415 2286 2271
    2271 2286 2286 2286 2271 2271 2271 2317 2317 2317 2317 2317 2317
    2317 2301 2301 2286 2286 2301 2317 2333 2317 2317 2317 1149 1149
    2349 1141 1141 2398 2415 2415 2301 2286 2286 2286 2286 2286 2271
    2271 2271 2301 2301 2317 2317 2317 2317 2317 2301 2301 2301 2301
    2301 2317 2333 2333 2333 2333 2333 2349 2365 2365 2381 2398 2398
    2398 2301 2286 2286 2286 2286 2301 2301 2301 2301 2301 2301 2317
    2317 2317 2317 2317 2317 2317 2317 2317 2317 2333 2333 2333 2333
    2333 2349 2365 2365 2381 2381 2398 2398 0 2301 2301 2301 2286 2286
    2301 2301 2301 2301 2301 2317 2317 2317 2317 2317 2333 2333 2333
    2333 2333 2333 2333 2333 2349 2349 2349 2365 2365 2365 2381 2381
    2381 1210 1202 2301 2301 2301 2301 2301 2301 2301 2301 2301 2301
    2317 2317 2317 2317 2317 2333 2333 2333 2333 2333 2333 2333 2333
    2349 2349 2349 2365 2381 2381 2381 2381 2381 1210 1202 2301 2301
    2301 2301 2301 2301 2301 2301 2301 2301 2317 2317 2317 2317 2317
    2317 2333 2333 2333 2333 2333 2333 2333 2333 2349 2349 2349 2349
    2381 2381 2381 2381 1210 1202 2301 2301 2301 2301 2301 2301 2301
    2286 2286 2301 2317 2317 2317 2317 2317 2317 2333 2333 2333 2333
    2333 2333 2333 2333 2333 2333 2333 2349 2381 2381 2381 2381 1210
    1202 2301 2301 2301 2301 2301 2286 2286 2286 2286 2301 2317 2317
    2317 2317 2317 2333 2333 2333 2333 2333 2333 2333 2333 2333 2333
    2333 2333 2365 2365 2381 2381 2381 2381 2381 2317 2317 2317 2301
    2301 2286 2286 2286 2286 2301 2317 2317 2333 2333 2333 2333 2333
    2333 2333 2333 2333 2333 2349 2349 2349 2349 2349 2365 2365 2381
    2381 2381 2381 2381 2317 2317 2317 2301 2301 2286 2286 2286 2286
    2317 2317 2333 2333 2333 2333 2333 2333 2333 2333 2333 2333 2333
    2349 2349 2349 2349 2365 2365 2381 2365 2365 2381 2398 2398 2317
    2317 2317 2301 2301 2286 2286 2286 2286 2317 2317 2333 2333 2333
    2333 2333 2333 2333 2317 2317 2317 2317 2349 2365 2365 2365 2365
    2365 2381 2365 2365 2381 2398 2398 2317 2301 2301 2317 2317 2286
    2286 2286 2286 2317 2317 2317 2317 2317 2317 2317 2317 2317 2317
    2317 2317 2317 2349 2365 2365 2365 2365 2365 2365 2365 2365 2381
    2381 2381 2317 2301 2301 2317 2317 2286 2286 2301 2301 2317 2317
    2317 2317 2301 2301 2301 2317 2301 2301 2317 2317 2333 2365 2365
    2365 2381 2381 2381 2365 2365 2365 2365 2381 2381 0 0 2317 2317 2317
    2301 2301 2317 2317 2317 2317 2317 2317 2301 2301 2301 2301 2301
    2301 2317 2333 2333 2349 2349 2349 2349 2349 2381 2365 2365 2365
    2365 2381 1273 0 0 2333 2317 2317 2317 2333 2317 2317 2317 2317 2317
    2317 2301 2301 2301 2301 2317 2317 2333 2333 2333 2349 2333 2333
    2333 2333 2333 2333 2333 2333 2349 2365 1273 0 0 0 2317 2317 0 2317
    2317 2317 2317 2301 2301 2317 2301 2301 2317 2317 2333 2333 2381
    2381 2271 2271 2333 2333 2333 2333 2333 2333 2333 2333 2349 2365
    1268 0 0 0 0 0 0 2317 2317 2317 2317 2301 2301 2301 2301 2301 2317
    2317 2317 0 0 0 2271 2271 2286 0 2333 2333 2333 2333 0 0 0 0 1268</data></Depth5623>
</opencv_storage>
