<?xml version="1.0"?>
<opencv_storage>
<Depth4812 type_id="opencv-matrix">
  <rows>38</rows>
  <cols>18</cols>
  <dt>w</dt>
  <data>
    5132 2701 2701 2680 2680 2680 2680 2701 2680 2659 2659 2659 4911
    4911 4911 4911 4911 4911 5132 2701 2701 2701 2701 2680 2680 2680
    2680 2659 2659 2659 4911 4911 4911 4911 4911 4911 2680 2680 2701
    2701 2701 2680 2680 2680 2680 2659 2659 2659 2659 4911 4911 4911
    4911 4911 2680 2680 2680 2680 2680 2701 2680 2680 2680 2659 2659
    2659 2659 4911 4911 4983 4911 4911 2680 2680 2680 2680 2680 2701
    2680 2680 2680 2659 2659 2659 2659 4911 4911 4911 4911 4911 2639
    2639 2659 2680 2680 2701 2680 2680 2680 2680 2680 2680 2680 4911
    4911 4911 4911 4911 2639 2639 2659 2680 2680 2680 2701 2680 2680
    2680 2680 2680 2680 4911 4911 4911 4911 4911 2639 2639 2680 2680
    2680 2680 2701 2680 2680 2680 2680 2680 2701 4983 4983 4911 4911
    4911 5132 2701 2701 2680 2680 2701 2701 2701 2680 2680 2680 2680
    2680 2680 4983 4911 4911 4911 5210 2680 2680 2680 2680 2680 2680
    2701 2680 2680 2680 2680 2680 2680 4983 4911 4911 4911 5132 2659
    2659 2659 2659 2680 2680 2680 2680 2680 2680 2680 2680 2680 4983
    4911 4911 4911 5132 2659 2659 2659 2659 2680 2680 2680 2680 2701
    2680 2680 2680 2680 2680 4911 4911 4911 5132 5132 2659 2659 2659
    2680 2680 2680 2680 2701 2680 2680 2659 2659 2659 4911 4911 4911
    5132 2680 2680 2680 2680 2680 2680 2680 2680 2680 2680 2659 2639
    2639 5056 4983 4911 4911 5132 2680 2680 2680 2680 2680 2680 2680
    2680 2680 2659 2659 2639 2639 5056 4983 4911 4911 5132 2680 2680
    2680 2680 2680 2680 2680 2680 2680 2659 2659 2659 2659 2659 4983
    4911 4911 5132 2701 2680 2680 2680 2680 2680 2680 2680 2680 2659
    2659 2659 2659 2659 4983 4911 4911 5132 5210 2680 2680 2680 2680
    2680 2680 2659 2659 2680 2680 2680 2659 2659 4911 4911 4911 5132
    5132 5132 2701 2680 2680 2680 2680 2659 2659 2680 2680 2680 2659
    2639 2639 4911 4911 5132 5132 5132 2680 2680 2680 2680 2680 2680
    2680 2680 2680 2680 2659 2639 2639 4911 4911 5132 5132 5132 2680
    2680 2680 2680 2680 2680 2680 2680 2680 2680 2680 2639 2639 4911
    4911 5132 5132 5132 2659 2659 2680 2680 2680 2680 2680 2680 2680
    2680 2680 2639 2639 4983 4983 5132 5132 5132 2659 2659 2659 2659
    2680 2680 2680 2680 2680 2680 2680 2680 2680 4983 4983 5132 5132
    5132 2659 2659 2659 2659 2680 2680 2680 2680 2680 2680 2680 2659
    2659 2659 4983 5132 5132 5132 2659 2659 2659 2659 2659 2680 2680
    2680 2680 2680 2659 2659 2639 2639 4983 5132 5132 5132 2659 2659
    2659 2659 2659 2680 2680 2680 2680 2680 2659 2659 2639 2639 4983
    5132 5132 5210 2639 2639 2639 2659 2659 2680 2680 2680 2680 2680
    2680 2659 2639 2639 4911 5132 5132 5210 2639 2639 2639 2659 2659
    2680 2659 2659 2659 2659 2680 2680 2659 2659 4911 5132 5132 5132
    2639 2639 2659 2680 2680 2680 2659 2659 2659 2659 2659 2659 2659
    2659 2659 5132 5132 5132 5132 2680 2680 2680 2680 2680 2659 2659
    2659 2659 2659 2659 2659 2659 2659 5132 5132 5132 5132 5132 2701
    2680 2680 2659 2659 2659 2659 2659 2659 2659 2659 2659 2659 5132
    5132 5132 5132 5132 2701 2680 2680 2659 2659 2659 2659 2659 2659
    2659 2659 2659 2659 5132 5132 5132 5132 5132 2659 2659 2659 2659
    2659 2659 2659 2659 2659 2659 2659 2659 2680 5132 5132 5132 5132
    5132 2659 2659 2659 2659 2659 2659 2659 2659 2680 2680 2680 2659
    2659 5132 5132 5132 5132 5132 2659 2659 2659 2659 2659 2659 2659
    2659 2680 2680 2659 2639 2639 5132 5132 5132 5132 5132 2680 2659
    2659 2659 2659 2659 2659 2659 2680 2680 2659 2639 2639 5132 5132
    5132 5132 5132 5132 2659 2659 2659 2659 2659 2659 2659 2680 2701
    2659 2659 4983 5210 5132 5132 5132 5132 5132 5132 2680 2680 2680
    2701 2701 2701 2701 2701 5056 5056 5056</data></Depth4812>
</opencv_storage>
