<?xml version="1.0"?>
<opencv_storage>
<Depth0017 type_id="opencv-matrix">
  <rows>13</rows>
  <cols>33</cols>
  <dt>w</dt>
  <data>
    781 780 776 774 773 769 764 761 757 757 755 755 755 755 4645 4645
    4645 4645 4645 4582 4582 4582 4522 4463 4463 717 716 716 716 4405
    4405 4405 4190 783 781 776 774 771 769 764 761 757 757 757 757 4708
    4708 4645 4645 4645 4645 4645 4582 4582 4522 4522 4463 4463 4463
    4463 4463 4463 4405 4405 4405 4349 781 780 776 774 769 769 767 767
    767 4774 4774 4708 4708 4708 4645 4645 4645 4645 4645 4645 4582 4522
    4522 4463 4463 4463 4463 4463 4463 4405 4405 4405 4405 781 780 776
    774 769 769 769 4911 4774 4774 4774 4708 4708 4708 4645 4645 4645
    4645 4645 4645 4582 4522 4522 4463 4463 4463 4463 4463 4463 4405
    4405 4405 4405 781 781 781 4983 4983 4983 4983 4911 4842 4774 4774
    4708 4708 4708 4708 4645 4645 4645 4645 4645 4645 4582 4522 4463
    4463 4463 4463 4463 4463 4405 4405 4405 4405 783 4983 4983 4911 4911
    4911 4911 4842 4842 4842 4774 4774 4774 4708 4708 4708 4708 4645
    4645 4645 4645 4645 4582 4522 4463 4463 4463 4463 4463 4405 4405
    4405 4349 4983 4983 4911 4911 4911 4911 4911 4842 4842 4842 4842
    4774 4774 4708 4708 4708 4708 4645 4645 4645 4645 4645 4582 4522
    4463 4463 4463 4405 4405 4405 4405 4405 4349 4983 4983 4911 4911
    4911 4911 4911 4911 4842 4842 4842 4774 4774 4708 4708 4708 4708
    4708 4708 4645 4645 4645 4582 4582 4522 4463 4463 4405 4405 4405
    4405 8413 8413 4983 4911 4911 4911 4911 4842 4842 4842 4842 4842
    4774 4774 4708 4708 4708 4708 4708 4708 4708 4645 4645 4645 4582
    4522 4522 4463 4463 4463 4463 8626 8413 8413 8413 4983 4911 4911
    4911 4911 4842 4842 4842 4842 4842 4774 4774 4708 4708 4708 4708
    4708 4708 4708 4645 4645 4645 4582 4522 4522 4463 4463 8849 8849
    8626 8413 8413 8413 4983 4911 4911 4911 4911 4911 4842 4842 4774
    4774 4708 4708 4708 4708 4708 4708 4708 4708 4708 4708 8413 8413
    8413 8413 8626 8626 8626 8626 8626 8626 8413 8413 8413 4983 4911
    4911 4911 4911 4911 4911 4842 4774 4708 4708 4708 4708 4708 4708
    4708 4708 4708 4708 8413 8413 8413 8413 8413 8626 8413 8413 8626
    8626 8626 8413 8413 8413 4983 4983 4911 4911 4911 4983 4911 4842
    4774 4708 4708 4708 4708 4708 8212 8413 8413 8413 8413 8413 8413
    8413 8413 8413 8413 8413 8413 8413 8413 8626 8413 8413 8413</data></Depth0017>
</opencv_storage>
