<?xml version="1.0"?>
<opencv_storage>
<Depth2907 type_id="opencv-matrix">
  <rows>42</rows>
  <cols>30</cols>
  <dt>w</dt>
  <data>
    0 0 0 0 0 0 0 0 0 0 0 0 0 0 0 0 0 0 0 0 0 4405 4405 4405 4405 4405
    4405 4405 4349 4349 0 0 0 0 0 0 0 0 0 0 0 0 0 0 0 0 0 0 0 0 4463
    4405 4405 4405 4405 4405 4405 4405 4405 4405 0 0 0 0 0 0 0 0 0 0 0 0
    0 0 0 0 0 0 0 0 4463 4463 4463 4463 4405 4405 4405 4405 4349 4349 0
    0 0 0 0 0 0 0 0 0 0 0 0 0 0 0 0 0 0 4522 4463 4463 4463 4463 4405
    4405 4405 4405 4349 4349 0 0 0 0 0 0 0 0 0 0 0 0 0 0 0 0 0 0 4522
    4522 4463 4463 4463 4463 4405 4405 4405 4405 4405 4405 0 0 0 0 0 0 0
    0 0 0 0 0 0 0 0 0 0 0 4522 4522 4463 4463 4463 4463 4405 4405 4405
    4405 4405 5640 0 0 0 0 0 0 0 0 0 0 0 0 0 0 0 0 0 4582 4522 4522 4522
    4463 4463 4463 4405 4405 4405 4405 5640 5734 0 0 0 0 0 0 0 0 0 0 0 0
    0 0 0 0 4463 4463 4522 4582 4522 4463 4463 4463 4463 4463 4463 4463
    5640 5734 0 0 0 0 0 0 0 0 0 0 0 0 0 0 0 0 4463 4463 4522 4582 4522
    4522 4463 4463 4405 4405 4463 5832 5832 5832 0 0 0 0 0 0 0 0 0 0 0 0
    0 0 0 0 4522 4522 4582 4582 4582 4522 4463 4405 4405 4405 5832 5832
    5832 5734 0 0 0 0 0 0 0 0 0 0 0 0 0 0 0 4645 4582 4582 4582 4522
    4522 4463 4405 4405 4405 5933 5832 5832 5832 5734 0 0 0 0 0 0 0 0 0
    0 0 0 0 0 4645 4645 4582 4582 4582 4522 4522 4463 4405 4405 6038
    5933 5832 5734 5734 5734 0 0 0 0 0 0 0 0 0 0 0 0 0 4645 4645 4645
    4582 4582 4582 4522 4522 4522 4522 6038 5933 5933 5832 5734 5734
    5734 0 0 0 0 0 0 0 0 0 0 0 0 0 4645 4645 4645 4582 4582 4582 4522
    4522 4582 6038 6038 5933 5933 5832 5734 5734 5640 0 0 0 0 0 0 0 0 0
    0 0 0 4645 4645 4645 4645 4645 4645 4582 4522 4522 4645 6038 6038
    6038 5933 5832 5734 5734 5640 0 0 0 0 0 0 0 0 0 0 0 4645 4645 4645
    4645 4645 4645 4645 4582 4522 4522 4582 6038 5933 5933 5933 5832
    5734 5734 5734 0 0 0 0 0 0 0 0 0 0 0 4645 4645 4645 4645 4645 4645
    4645 4582 4522 4522 4582 6038 5933 5933 5933 5832 5832 5734 5734 0 0
    0 0 0 0 0 0 0 0 4708 4708 4645 4645 4645 4645 4645 4645 4582 4522
    4522 6038 6038 6038 5933 5933 5832 5832 5832 5832 0 0 0 0 0 0 0 0 0
    0 4708 4708 4708 4708 4708 4645 4645 4645 4582 4522 4522 6038 6038
    6038 5933 5933 5832 5832 5832 5832 0 0 0 0 0 0 0 0 0 4708 4708 4708
    4774 4774 4708 4708 4645 4645 4645 6038 6038 5933 5933 6038 5933
    5933 5832 5832 5933 5933 0 0 0 0 0 0 0 0 0 4708 4708 4708 4774 4774
    4708 4708 4645 4645 6038 5933 5933 5933 5933 5933 5933 5933 5933
    5933 5933 5933 0 0 0 0 0 0 0 0 4708 4708 4708 4708 4774 4774 4708
    4645 4645 6146 6038 5933 5933 5933 5933 5933 5933 5933 5933 5933
    5933 5933 0 0 0 0 0 0 0 4645 4645 4708 4708 4708 4708 4708 4708 4645
    4645 6146 6038 5933 5933 5933 5933 5933 5933 5933 5933 5933 5933
    5933 0 0 0 0 0 4774 4774 4645 4645 4708 4708 4708 4708 4708 4708
    4708 4708 6259 6146 5933 5933 5933 5933 5933 6038 6038 6038 5933
    5933 5933 0 0 0 0 0 4774 4774 4708 4708 4708 4708 4708 4708 4708
    4708 4708 6146 6146 6038 5933 5933 5933 5933 5933 6038 6038 6038
    5933 5933 5933 0 0 0 0 0 0 4774 4708 4708 4708 4708 4708 4708 4708
    4708 4708 6146 6146 6038 5933 5933 5933 5933 5933 6038 6038 6038
    5933 5933 5933 0 0 0 0 0 0 4911 4842 4774 4774 4774 4774 4708 4708
    4708 6146 6146 6038 6038 6038 5933 5933 5933 5933 6038 6038 6038
    5933 5933 5933 0 0 0 0 0 4911 4911 4842 4842 4774 4774 4708 4708
    4774 6259 6259 6146 6038 6038 6038 5933 5933 6038 6038 6038 6038
    6038 5933 5933 5933 0 0 0 0 4911 4911 4911 4842 4842 4774 4774 4708
    4708 4774 6259 6259 6146 6146 6146 6146 5933 5933 6038 6038 6038
    6038 6038 6038 5933 5933 0 0 0 4911 4911 4911 4911 4911 4842 4774
    4774 4708 4708 6259 6259 6146 6146 6146 6038 6038 6038 6038 6038
    6038 6038 6038 6038 6038 5933 5933 5291 4983 4911 4911 4911 4911
    4911 4911 4842 4842 4708 4708 4708 6259 6259 6146 6146 6146 6038
    6038 6038 6038 6038 6038 6038 6038 6038 6038 6038 6038 5291 4911
    4911 4911 4911 4911 4911 4911 4842 4842 4708 4708 6375 6259 6146
    6146 6146 6038 6038 6259 6259 6146 6146 6146 6146 6038 6038 6038
    6038 6038 4983 4911 4911 4911 4911 4911 4911 4911 4911 4842 4842
    6375 6375 6259 6146 6146 6146 6038 6038 6259 6375 6259 6259 6146
    6146 6038 6038 6038 6038 6038 4983 4983 4983 4983 4911 4911 4911
    4842 4842 4911 6375 6375 6375 6259 6146 6146 6146 6038 6038 6259
    6375 6375 6259 6259 6259 6146 6146 6038 6038 6038 4983 4983 4983
    4983 4911 4911 4911 4842 4842 6375 6375 6375 6375 6259 6146 6146
    6038 6038 6038 6146 6259 6375 6375 6375 6259 6146 6146 6038 6038
    6038 4911 4983 4983 4983 4983 4911 4842 4774 4774 6375 6375 6375
    6375 6375 6259 6259 6038 6038 6038 6146 6259 6375 6375 6375 6375
    6259 6259 6146 6146 6146 4911 5056 5056 4983 4983 4983 4842 4774
    4774 6375 6375 6375 6375 6375 6259 6259 6146 6146 6146 6146 6146
    6375 6375 6375 6375 6375 6259 6146 6146 6146 4983 5056 5056 4983
    4983 4983 4983 6375 6375 6375 6375 6375 6375 6375 6259 6259 6146
    6146 6146 6146 6146 6375 6375 6375 6375 6375 6375 6259 6259 6146
    5056 5056 5056 4983 4983 4983 4983 6375 6375 6375 6375 6375 6259
    6259 6259 6259 6146 6146 6146 6259 6259 6375 6375 6375 6375 6259
    6259 6259 6259 6146 5056 4983 4983 4983 4983 4983 4983 6375 6375
    6375 6497 6259 6146 6146 6259 6259 6259 6259 6259 6259 6259 6375
    6375 6375 6375 6259 6259 6259 6259 6259 5056 4983 4983 4983 4983
    4983 6375 6375 6375 6375 6375 6146 6146 6146 6259 6259 6375 6375
    6375 6375 6375 6375 6375 6375 6375 6259 6259 6259 6259 6259 5056
    4983 4983 4983 4983 6375 6375 6375 6259 6259 6259 6146 6146 6146
    6375 6375 6375 6375 6375 6375 6375 6375 6375 6375 6375 6375 6375
    6375 6375 6259</data></Depth2907>
</opencv_storage>
