<?xml version="1.0"?>
<opencv_storage>
<Depth14156 type_id="opencv-matrix">
  <rows>9</rows>
  <cols>7</cols>
  <dt>w</dt>
  <data>
    0 0 7332 7332 7660 7332 7332 7332 7332 7332 7332 7660 7660 7332 8019
    7332 7332 7332 7492 7492 7492 8019 7492 7492 7492 7492 7492 7492
    7492 7492 7492 7332 7332 7332 7492 7835 7492 7492 7332 7332 7332
    7332 7660 7492 7492 7492 7492 7492 7660 7660 7492 7492 7492 7660
    7660 7660 7660 7660 7660 7835 7835 7835 7660</data></Depth14156>
</opencv_storage>
