<?xml version="1.0"?>
<opencv_storage>
<Depth2555 type_id="opencv-matrix">
  <rows>20</rows>
  <cols>79</cols>
  <dt>w</dt>
  <data>
    1232 1232 1232 1232 1232 1232 1232 1232 1232 1232 1232 1232 1227
    1227 1227 1227 1227 1227 1227 1227 1227 1227 1227 1227 1227 1227
    1227 1227 1232 1232 1232 1232 1232 1232 1232 1232 1232 1227 1219
    1219 1223 1223 1223 1223 1223 1223 1223 1223 1227 1227 1227 1227
    1223 1223 1223 1223 1223 1223 1223 1223 1223 1223 1223 1223 1223
    1227 1227 1227 1223 1223 1219 1219 1219 1219 1219 1223 1223 1227
    1227 1232 1232 1232 1232 1232 1232 1236 1232 1232 1232 1232 1232
    1227 1227 1227 1232 1232 1227 1227 1227 1227 1227 1227 1227 1227
    1227 1227 1227 1232 1232 1232 1232 1227 1227 1232 1232 1232 1227
    1227 1227 1227 1227 1227 1227 1227 1227 1227 1227 1232 1227 1227
    1227 1227 1227 1227 1223 1223 1227 1227 1227 1227 1227 1223 1223
    1227 1232 1232 1236 1223 1223 1219 1219 1219 1219 1219 1223 1223
    1227 1227 1232 1232 1232 1232 1232 1236 1232 1232 1232 1232 1232
    1232 1232 1232 1232 1232 1232 1232 1232 1227 1227 1227 1227 1227
    1232 1227 1227 1227 1232 1232 1232 1232 1227 1227 1232 1232 1232
    1232 1232 1227 1227 1227 1227 1232 1232 1232 1232 1232 1232 1232
    1232 1232 1232 1232 1232 1236 1236 1236 1236 1236 1236 1236 1232
    1232 1236 1236 1236 1241 1236 1232 1223 1223 1223 1223 1219 1219
    1223 1227 1232 1236 1232 1232 1232 1232 1236 1232 1232 1232 1232
    1232 1232 1232 1232 1232 1232 1236 1232 1232 1227 1227 1227 1227
    1232 1232 1232 1227 1227 1232 1232 1232 1232 1232 1232 1232 1236
    1236 1232 1232 1232 1232 1232 1232 1232 1232 1232 1236 1236 1236
    1236 1232 1232 1236 1236 1236 1241 1241 1250 1250 1250 1236 1236
    1236 1236 1241 1241 1241 1245 1245 1245 1241 1232 1232 1223 1219
    1219 1219 4708 4708 1236 1232 1232 1232 1236 1232 1232 1232 1232
    1232 1232 1232 1232 1232 1232 1232 1236 1236 1232 1232 1227 1227
    1227 1232 1232 1232 1232 1232 1232 1232 1236 1236 1236 1236 1236
    1236 1241 1241 1241 1241 1236 1236 1236 1236 1236 1236 1236 1241
    1245 1245 1241 1241 1241 1241 1245 1245 1250 1255 1259 1259 1259
    1259 1259 1259 1259 1259 1259 1259 1259 1259 1259 1259 1259 1273
    1273 1307 4708 4708 4708 1236 1232 1232 1232 1236 1232 1232 1232
    1232 1236 1236 1236 1236 1236 1236 1236 1236 1236 1232 1232 1232
    1232 1232 1232 1232 1236 1232 1232 1236 1236 1236 1236 1236 1241
    1241 1245 1245 1245 1250 1250 1255 1255 1255 1241 1241 1245 1245
    1255 1259 1259 1259 1259 1259 1259 1255 1255 1264 1264 1264 1264
    1264 1268 1268 1273 1278 1273 1273 1273 1273 1268 1268 1268 1268
    1273 1307 1307 0 4708 4708 1236 1236 1236 1236 1236 1236 1236 1236
    1236 1236 1236 1236 1236 1236 1241 1241 1241 1241 1241 1241 1236
    1236 1236 1236 1241 1245 1245 1245 1245 1245 1245 1250 1255 1255
    1259 1259 1259 1259 1259 1268 1268 1268 1268 1268 1268 1268 1268
    1268 1268 1268 1268 1273 1273 1273 1273 1273 1273 1273 1273 1259
    1259 1278 1283 1283 1283 1283 1278 1278 1278 1273 1273 1273 1273
    1302 1307 1307 0 4645 4645 1241 1241 1241 1241 1241 1241 1241 1245
    1245 1245 1245 1245 1245 1250 1245 1245 1245 1245 1250 1250 1250
    1250 1250 1250 1250 1255 1255 1255 1259 1264 1264 1268 1268 1273
    1273 1273 1278 1273 1273 1273 1273 1273 1278 1283 1278 1278 1278
    1278 1278 1278 1278 1283 1288 1288 1288 1288 1292 1292 1283 1259
    1259 1288 1297 1292 1292 1292 1292 1292 1292 1288 1288 1292 1307
    1307 1307 1307 4708 4645 4645 0 0 1250 1250 1255 1250 1250 1250 1255
    1255 1255 1259 1259 1259 1259 1259 1264 1259 1259 1259 1264 1268
    1268 1268 1268 1268 1268 1273 1273 1273 1278 1278 1283 1288 1288
    1288 1288 1288 1288 1288 1288 1288 1292 1292 1297 1292 1292 1292
    1292 1292 1297 1297 1297 1297 1297 1297 1312 1312 1322 1322 1322
    1317 1317 1312 1307 1307 1312 1307 1307 1312 1317 1317 1312 1312
    1312 0 4708 4708 4708 0 0 1278 1278 1278 1288 1288 1278 1278 1273
    1264 1264 1264 1268 1273 1273 1273 1264 1264 1273 1273 1278 1278
    1283 1288 1288 1292 1292 1292 1292 1288 1288 1288 1292 1292 1292
    1292 1297 1302 1302 1307 1302 1302 1307 1312 1317 1317 1317 1312
    1312 1307 1307 1307 1312 1312 1328 1333 1333 1328 1328 1333 1328
    1328 1333 1333 1333 1333 1328 1328 1328 1328 1333 1322 1322 1322
    4645 4645 4645 4645 0 0 0 0 1307 1307 1302 1302 1302 1302 1302 1297
    1297 1302 1302 1292 1288 1288 1288 1288 1288 1288 1288 1292 1297
    1297 1302 1302 1312 1312 1312 1312 1307 1307 1307 1312 1312 1312
    1312 1312 1322 1322 1322 1322 1328 1328 1328 1333 1333 1333 1338
    1317 1317 1333 1338 1349 1349 1343 1333 1333 1338 1333 1333 1343
    1343 1343 1343 1343 1343 1338 1338 1349 1349 1349 1349 4645 4645
    4645 4645 0 0 0 0 1312 1307 1307 1307 1312 1317 1317 1317 1317 1317
    1317 1317 1322 1322 1322 1322 1307 1307 1307 1307 1307 1307 1312
    1312 1317 1322 1322 1322 1312 1312 1328 1333 1333 1333 1333 1333
    1333 1333 1338 1338 1338 1338 1338 1338 1343 1343 1349 1354 1354
    1359 1365 1359 1359 1354 1354 1354 1359 1359 1370 1359 1359 1359
    1359 1359 1349 1349 1349 1349 1349 1349 0 4645 4645 4645 4645 0 0 0
    0 1328 1322 1322 1322 1328 1328 1328 1328 1328 1328 1333 1338 1338
    1338 1338 1343 1343 1343 1343 1338 1338 1328 1328 1333 1333 1333
    1328 1328 1333 1349 1349 1349 1354 1349 1349 1349 1359 1365 1354
    1349 1349 1354 1354 1354 1359 1354 1354 1359 1359 1387 1387 1376
    1376 1381 1387 1387 1392 1392 1392 1387 1387 1387 1387 1381 1381
    1381 1376 1376 1376 1376 4645 4645 4645 4645 4645 0 0 0 0 0 0 1328
    1328 1343 1343 1343 1343 1343 1343 1349 1349 1349 1349 1349 1354
    1354 1354 1354 1349 1349 1354 1381 1376 1376 1376 1365 1365 1365
    1365 1365 1365 1365 1370 1370 1370 1376 1381 1381 1381 1370 1370
    1370 1381 1376 1376 1376 1392 1398 1398 1398 1398 1398 1398 1398
    1398 1398 1398 1398 1398 1398 1398 1398 1392 1392 1398 1398 1427
    1427 4645 4645 4645 4645 4645 4645 0 0 0 0 0 0 1381 1365 1354 1349
    1349 1365 1365 1365 1349 1349 1354 1365 1365 1370 1376 1376 1376
    1376 1387 1387 1392 1387 1387 1392 1392 1392 1392 1398 1404 1404
    1392 1392 1387 1387 1387 1387 1387 1392 1392 1387 1387 1398 1398
    1415 1410 1410 1404 1404 1404 1410 1410 1410 1410 1410 1404 1404
    1404 1410 1410 1410 1410 1410 1421 1421 1427 1427 4645 4645 4645
    4645 4645 4645 4645 0 0 0 0 0 0 1381 1376 1376 1381 1381 1381 1376
    1376 1370 1370 1381 1392 1387 1387 1387 1387 1392 1392 1398 1398
    1392 1392 1392 1398 1404 1404 1404 1410 1415 1415 1415 1415 1415
    1415 1415 1404 1404 1410 1410 1410 1415 1415 1421 1421 1421 1421
    1415 1415 1415 1415 1415 1415 1415 1415 1415 1415 1421 1421 1421
    1415 1415 1415 1415 4708 4708 4708 4645 4645 4645 4645 4645 4645
    4645 0 0 0 0 0 0 1387 1387 1387 1392 1398 1398 1398 1404 1410 1410
    1410 1410 1404 1398 1398 1410 1410 1410 1410 1410 1410 1404 1404
    1421 1421 1421 1421 1421 1421 1421 1421 1421 1427 1427 1433 1427
    1427 1427 1427 1427 1433 1427 1427 1427 1427 1427 1421 1421 1421
    1421 1421 1421 1421 1427 1427 1427 1427 1427 1427 1421 1421 4708
    4708 4708 4708 4708 4708 4645 4645 4645 4645 4645 4645 4842 0 4842 0
    0 0 1392 1392 1392 1404 1415 1415 1415 1415 1415 1415 1415 1415 1421
    1421 1427 1427 1427 1433 1433 1433 1427 1421 1421 1427 1427 1421
    1421 1421 4774 4708 1433 1433 1439 1439 1439 1439 1439 1439 4842
    4774 1439 1439 1439 1439 1439 4708 4708 4774 4708 4708 4708 4708
    4708 4708 4708 4708 4708 4708 4708 4708 4708 4708 4708 4708 4708
    4708 4708 4708 4708 4645 4645 4645 4645 4842 4842 4842 4774 4774
    4774 4774 1427 1427 1427 1433 1433 1433 1427 1421 1421 1427 1427
    1433 1433 1433 1433 1433 1439 1439 1445 1445 1433 1433 1439 1433
    1433 4774 4774 4774 4708 4708 4708 4708 4708 4708 1445 1445 4842
    4842 4774 4774 4774 4774 4774 4774 4708 4708 4774 4708 4708 4708
    4708 4708 4708 4708 4708 4645 4645 4645 4645 4645 4708 4708 4708
    4708 4708 4708 4708 4708 4645 4645 4645 4645 4842 4842 4842 4774
