<?xml version="1.0"?>
<opencv_storage>
<Depth17355 type_id="opencv-matrix">
  <rows>83</rows>
  <cols>57</cols>
  <dt>w</dt>
  <data>
    3692 3692 3653 3653 1370 1370 1370 1370 1365 1365 1354 1354 1354
    1349 3774 3774 3774 3774 3774 3774 3816 3816 3816 3859 3859 3903
    3903 3859 3859 3816 3816 3859 3948 3948 3948 3994 3994 3994 3994
    3994 3994 3994 3994 3994 3994 1328 1328 1328 1328 1328 1328 1328
    1328 1328 4139 4139 4139 3692 1376 1370 1365 1359 1359 1365 1365
    1365 1359 1349 1349 1349 1349 1349 3774 3774 3774 3774 3774 3816
    3816 3859 3859 3859 3903 3903 3859 3859 3816 3816 3816 3903 3948
    3948 3994 3994 3994 3994 3994 3994 3994 4041 4041 4041 1328 1328
    1328 1328 1328 1328 1328 1328 1328 1328 4190 4190 1376 1370 1370
    1359 1354 1354 1354 1354 1349 1349 1343 1343 1343 1343 1343 3816
    3816 3774 3774 3774 1302 1302 1302 1302 3903 3903 3903 3859 3859
    3816 1312 1312 1343 1312 1297 1297 3948 3994 3994 3994 3994 3994
    4041 4041 1328 1328 1322 1322 1328 1328 1328 1328 1328 1328 1328
    4190 4190 1370 1370 1365 1354 1354 1354 1354 1349 1343 1343 1343
    1343 1338 1333 1328 1328 1322 1322 1322 1317 1312 1302 1302 1302
    1302 1302 1297 1297 1302 1297 1297 1302 1292 1292 1292 1288 1288
    3994 3994 3994 3994 3994 3994 4041 1292 1292 1302 1307 1317 1322
    1322 1328 1328 1328 1328 1328 4190 1365 1365 1365 1354 1354 1354
    1354 1349 1343 1343 1343 1343 1338 1328 1328 1322 1322 1322 1317
    1312 1312 1302 1302 1302 1302 1302 1292 1292 1297 1297 1297 1292
    1292 1292 1292 1288 1288 1288 1283 1283 1283 1278 1278 1273 1273
    1273 1288 1302 1302 1312 1312 1322 1328 1328 1328 0 4190 1365 1365
    1365 1359 1359 1354 1354 1349 1343 1343 1343 1343 1338 1328 1328
    1322 1322 1322 1317 1312 1312 1307 1307 1302 1297 1292 1292 1292
    1292 1292 1292 1292 1288 1288 1288 1278 1278 1273 1268 1268 1273
    1268 1268 1268 1268 1268 1268 1268 1278 1302 1302 1312 1322 1322
    1322 0 4241 1370 1365 1365 1359 1359 1354 1349 1349 1343 1343 1343
    1343 1338 1333 1328 1322 1322 1322 1317 1312 1307 1307 1302 1297
    1297 1292 1292 1292 1292 1288 1288 1288 1283 1283 1278 1273 1273
    1268 1264 1264 1264 1259 1259 1259 1259 1259 1259 1264 1268 1288
    1302 1307 1322 1322 1322 0 4190 1365 1365 1365 1359 1354 1354 1349
    1349 1343 1343 1343 1343 1338 1333 1328 1322 1322 1322 1317 1312
    1307 1307 1302 1297 1297 1292 1292 1292 1292 1288 1288 1288 1283
    1278 1278 1273 1273 1268 1264 1264 1264 1259 1259 1255 1255 1255
    1259 1264 1268 1278 1297 1297 1322 1322 1322 0 4190 1365 1359 1359
    1359 1354 1354 1349 1349 1349 1343 1343 1343 1338 1333 1328 1322
    1322 1322 1317 1312 1307 1307 1302 1302 1297 1292 1292 1292 1288
    1288 1288 1288 1283 1278 1278 1273 1273 1268 1264 1264 1264 1259
    1259 1255 1255 1255 1259 1264 1268 1278 1297 1297 1312 1312 1312 0
    4190 3653 1359 1359 1359 1354 1354 1349 1349 1343 1343 1343 1338
    1338 1333 1328 1322 1322 1317 1312 1307 1307 1302 1302 1302 1297
    1297 1292 1292 1288 1288 1288 1288 1283 1278 1278 1273 1273 1268
    1268 1268 1264 1259 1259 1255 1255 1255 1259 1273 1278 1292 1297
    1307 1312 1312 1312 0 4139 3653 1359 1359 1359 1354 1354 1349 1349
    1343 1343 1343 1338 1333 1328 1328 1322 1322 1317 1312 1307 1307
    1302 1302 1302 1302 1297 1292 1292 1288 1288 1288 1288 1283 1278
    1278 1273 1273 1268 1268 1268 1264 1264 1264 1259 1259 1264 1264
    1283 1288 1292 1297 1302 1307 1312 1312 1317 4139 3653 1359 1359
    1359 1354 1354 1349 1349 1349 1343 1343 1338 1333 1328 1328 1322
    1322 1317 1312 1307 1307 1302 1302 1302 1302 1302 1297 1292 1288
    1288 1288 1283 1283 1278 1273 1273 1273 1268 1268 1268 1264 1264
    1259 1259 1259 1264 1273 1288 1288 1292 1297 1302 1307 1312 1317
    1317 4190 3653 1359 1359 1359 1354 1349 1349 1349 1349 1343 1343
    1338 1333 1333 1328 1322 1322 1317 1312 1307 1307 1302 1302 1302
    1302 1302 1297 1292 1288 1288 1288 1283 1283 1278 1273 1273 1273
    1268 1268 1268 1264 1264 1259 1259 1259 1264 1273 1283 1288 1292
    1297 1302 1307 1312 1312 1312 1312 1359 1359 1365 1359 1354 1349
    1349 1349 1349 1343 1343 1338 1333 1328 1328 1322 1322 1317 1312
    1307 1307 1302 1302 1302 1302 1302 1297 1292 1288 1288 1288 1283
    1283 1278 1273 1273 1273 1268 1268 1268 1264 1264 1259 1259 1259
    1264 1273 1283 1292 1297 1297 1302 1307 1312 1312 1312 0 1359 1359
    1365 1365 1354 1354 1349 1349 1343 1343 1343 1338 1333 1328 1328
    1322 1322 1317 1312 1307 1307 1307 1302 1302 1302 1302 1297 1292
    1288 1288 1288 1288 1283 1278 1273 1268 1268 1268 1268 1268 1264
    1264 1259 1259 1259 1264 1273 1283 1288 1297 1297 1307 1307 1312
    1312 1312 0 1365 1365 1365 1365 1359 1354 1349 1349 1343 1343 1343
    1338 1338 1328 1328 1322 1322 1317 1312 1307 1307 1307 1302 1302
    1302 1302 1297 1292 1292 1288 1288 1288 1283 1278 1273 1268 1268
    1268 1268 1268 1264 1264 1259 1259 1259 1264 1273 1278 1288 1292
    1302 1307 1307 1312 1317 1317 0 1365 1365 1365 1359 1359 1354 1349
    1349 1343 1343 1343 1338 1333 1328 1328 1322 1322 1317 1312 1307
    1307 1307 1302 1302 1302 1302 1297 1292 1292 1288 1288 1288 1283
    1278 1273 1268 1268 1268 1268 1268 1264 1264 1259 1259 1259 1264
    1273 1278 1288 1292 1302 1307 1312 1312 1322 0 0 1365 1365 1365 1359
    1354 1354 1349 1349 1349 1343 1343 1338 1333 1328 1328 1322 1322
    1317 1312 1307 1307 1307 1302 1302 1302 1302 1297 1297 1292 1288
    1288 1288 1283 1278 1273 1273 1273 1268 1268 1268 1264 1264 1259
    1259 1259 1264 1273 1278 1288 1292 1302 1307 1312 1312 1317 0 0 1365
    1365 1359 1359 1354 1354 1349 1349 1343 1343 1338 1333 1328 1328
    1328 1322 1322 1317 1312 1307 1307 1307 1302 1302 1302 1302 1297
    1297 1292 1288 1288 1288 1283 1278 1273 1273 1273 1268 1268 1268
    1268 1264 1259 1259 1259 1264 1268 1278 1288 1292 1302 1307 1312
    1312 1312 0 0 1365 1365 1359 1354 1354 1349 1349 1343 1343 1343 1338
    1333 1328 1328 1328 1322 1322 1317 1312 1307 1307 1307 1302 1302
    1302 1302 1297 1297 1288 1288 1288 1288 1283 1278 1273 1273 1273
    1273 1268 1268 1268 1264 1259 1259 1259 1268 1268 1278 1288 1292
    1302 1307 1312 1312 1312 1312 0 1365 1365 1359 1354 1354 1349 1349
    1343 1343 1343 1338 1333 1328 1328 1328 1322 1322 1317 1312 1312
    1307 1307 1302 1302 1302 1302 1302 1292 1288 1288 1288 1288 1283
    1278 1278 1273 1273 1268 1268 1268 1268 1264 1264 1259 1259 1268
    1268 1278 1283 1292 1302 1307 1312 1312 1312 1312 0 1365 1365 1359
    1354 1349 1349 1349 1343 1343 1343 1338 1333 1328 1328 1328 1322
    1322 1322 1312 1312 1307 1307 1302 1302 1302 1302 1297 1292 1288
    1288 1288 1288 1283 1278 1278 1273 1273 1268 1268 1268 1268 1264
    1264 1259 1259 1268 1268 1273 1283 1292 1302 1307 1307 1312 1317
    1317 0 1365 1365 1359 1354 1349 1349 1349 1343 1343 1343 1343 1338
    1328 1328 1328 1322 1322 1322 1312 1312 1307 1307 1307 1302 1302
    1302 1297 1292 1292 1288 1288 1288 1283 1283 1278 1273 1273 1268
    1268 1268 1268 1264 1259 1259 1259 1264 1268 1273 1283 1292 1302
    1307 1307 1312 1317 1317 1328 1359 1359 1359 1359 1354 1349 1349
    1349 1343 1343 1338 1338 1328 1328 1322 1322 1322 1317 1312 1312
    1307 1307 1307 1302 1302 1302 1297 1292 1292 1288 1288 1288 1283
    1278 1278 1273 1268 1268 1268 1268 1268 1264 1259 1259 1259 1264
    1268 1273 1283 1292 1302 1302 1307 1312 1317 1328 1328 1359 1359
    1359 1354 1349 1349 1349 1349 1343 1343 1338 1333 1328 1328 1322
    1322 1322 1317 1312 1312 1307 1307 1307 1302 1302 1302 1297 1292
    1292 1288 1288 1283 1278 1278 1278 1273 1268 1268 1268 1268 1268
    1264 1259 1259 1259 1264 1268 1278 1288 1292 1297 1302 1307 1312
    1317 1322 1322 1359 1359 1359 1354 1349 1349 1349 1343 1343 1343
    1338 1333 1328 1328 1322 1322 1322 1317 1312 1312 1307 1307 1307
    1302 1302 1302 1297 1292 1292 1288 1288 1283 1278 1278 1278 1273
    1268 1268 1264 1264 1264 1264 1264 1259 1259 1264 1273 1278 1288
    1292 1297 1302 1307 1312 1312 1322 1322 1365 1365 1359 1354 1354
