<?xml version="1.0"?>
<opencv_storage>
<Depth8842 type_id="opencv-matrix">
  <rows>99</rows>
  <cols>77</cols>
  <dt>w</dt>
  <data>
    5460 5460 5460 5548 5460 5460 933 930 930 925 925 5460 5460 5374
    5374 5291 5210 5210 871 871 869 869 869 5210 5132 5132 5132 5132
    5132 5132 5132 5056 5056 5056 5056 5056 4983 4983 4911 4911 4911
    4911 4911 4983 4911 908 906 906 906 898 898 4708 4708 4708 4708 4774
    4774 4774 4774 4708 4708 4708 4708 0 0 4582 4582 4582 4522 4522 4522
    4522 4522 4522 4522 4522 4522 0 0 0 5548 5548 933 928 928 928 923
    923 930 930 930 878 878 878 878 871 871 869 869 867 867 5210 5210
    5210 882 882 882 882 5056 5056 5056 5056 5056 5056 4983 4983 4911
    4911 4911 4911 908 908 908 906 903 898 898 898 935 4708 4708 4708
    4842 4911 4911 4911 4911 948 948 0 0 0 0 4522 4522 4522 4522 4522
    4522 4522 4522 4522 4522 4522 0 0 0 0 933 933 928 925 925 915 915
    928 928 880 878 875 878 878 873 871 869 869 867 867 867 862 0 869
    882 882 882 882 882 878 5132 5132 5132 5056 5056 5210 5210 5210 908
    908 908 908 906 903 898 898 898 935 935 933 933 933 935 935 935 948
    948 0 0 0 951 0 954 956 962 4522 4522 4522 970 970 4522 4522 4522 0
    0 0 0 933 933 925 920 915 913 913 903 887 880 878 875 875 867 867
    864 864 864 867 862 862 862 864 869 869 869 878 878 878 878 887 887
    887 889 889 894 894 898 898 906 906 906 908 908 913 913 918 933 933
    933 933 930 930 930 935 948 948 948 948 951 951 954 954 956 962 962
    4645 970 970 970 970 973 973 0 0 0 0 933 930 925 920 910 906 906 901
    887 880 878 871 867 862 858 856 854 854 858 860 860 860 864 864 867
    869 875 875 875 882 882 882 887 889 889 894 896 898 898 901 901 906
    908 908 913 915 918 918 920 928 928 928 930 935 935 935 938 946 946
    948 948 954 954 956 959 959 962 964 964 970 970 973 978 0 0 0 0 933
    930 925 915 910 906 903 896 887 885 875 871 862 860 856 854 854 854
    856 858 860 860 862 864 867 869 873 875 875 878 882 882 885 889 891
    894 896 896 898 901 901 906 908 908 910 913 915 915 920 923 925 925
    928 933 935 935 935 943 946 948 948 951 954 956 959 959 962 964 964
    967 970 973 978 0 0 0 0 933 933 925 915 910 906 901 896 887 885 875
    869 862 860 856 854 854 854 856 858 860 860 862 864 867 869 873 875
    875 878 882 882 885 889 891 894 896 896 898 898 901 906 908 908 910
    913 915 915 918 920 925 925 928 933 935 935 935 940 943 943 948 951
    954 956 959 959 962 962 964 967 967 0 0 0 0 0 0 935 933 925 915 908
    906 901 896 889 878 871 869 867 860 856 854 854 854 856 858 860 860
    862 864 867 869 873 875 875 878 882 882 885 889 891 894 896 896 898
    898 901 906 908 908 910 915 915 918 918 920 925 925 928 933 935 935
    935 940 943 943 948 951 954 956 959 959 962 962 964 967 967 970 0 0
    0 0 0 0 933 925 915 908 906 901 894 889 878 871 869 867 860 858 854
    854 854 856 858 860 862 862 864 867 869 873 875 878 880 882 885 885
    889 891 894 896 898 898 898 903 906 908 908 910 915 915 918 918 920
    925 928 933 933 935 935 938 940 943 946 948 951 954 956 959 959 962
    964 967 967 970 970 0 0 0 0 0 0 940 925 915 910 906 901 894 889 875
    871 869 864 860 858 856 854 854 856 858 860 862 864 864 867 871 875
    875 878 878 882 885 885 889 889 891 894 896 896 898 903 906 908 908
    910 915 915 918 920 923 928 928 933 933 935 935 940 943 946 946 948
    951 954 956 959 959 962 964 967 967 970 970 0 0 0 0 0 0 933 925 915
    910 906 901 896 891 875 871 867 862 860 856 854 854 854 856 858 860
    862 864 864 867 871 875 878 878 878 882 885 885 889 889 891 894 896
    896 898 906 908 910 910 913 915 915 918 920 923 928 930 933 933 935
    935 940 943 946 948 948 951 954 956 959 959 962 964 967 970 970 970
    0 0 0 0 0 0 933 925 915 910 906 903 896 891 878 871 867 862 858 856
    854 854 854 856 858 860 862 864 867 869 873 875 878 878 878 882 885
    887 889 889 891 894 896 898 903 906 908 910 910 913 915 918 918 920
    925 925 930 933 935 935 935 940 943 946 948 948 948 956 956 959 959
    962 964 967 973 973 973 0 0 0 0 0 933 930 923 915 913 908 903 896
    891 878 873 867 862 858 856 854 854 854 856 858 860 862 864 867 869
    873 873 875 878 880 882 885 887 889 889 891 894 896 898 903 906 908
    908 908 913 915 918 918 920 925 925 933 933 935 935 935 938 943 946
    948 948 948 956 956 956 962 962 964 967 973 975 975 0 0 0 0 0 933
    928 923 915 913 908 903 894 889 878 873 869 862 858 856 854 854 854
    858 858 860 862 864 867 869 873 873 875 878 880 882 885 887 889 889
    891 894 896 898 903 906 906 908 908 913 915 918 920 923 925 925 930
    933 935 935 935 938 943 946 948 951 951 956 956 956 962 962 964 967
    973 978 0 0 0 0 0 933 930 925 923 915 913 908 901 894 889 885 873
    869 862 858 856 856 854 854 858 858 860 862 864 867 869 873 873 878
    878 880 882 885 887 889 891 891 896 898 901 903 906 906 908 910 913
    915 918 920 920 925 925 930 933 935 935 935 940 943 946 948 951 956
    956 959 959 962 964 964 964 970 975 0 0 0 0 0 933 930 925 923 915
    913 908 901 894 887 878 875 869 862 860 858 856 856 856 856 858 862
    864 864 867 869 871 875 878 878 878 880 885 887 889 891 894 896 898
    898 903 906 906 908 910 913 915 918 920 920 923 925 933 933 935 935
    938 940 943 946 948 951 956 956 959 959 962 964 964 964 970 975 0 0
    0 0 0 933 930 925 923 915 913 906 901 894 887 878 873 869 864 858
    858 858 856 856 856 858 860 864 867 867 869 871 875 878 878 878 880
    882 887 891 894 896 896 898 898 903 906 908 908 910 913 915 918 920
    923 923 925 933 933 935 935 938 943 946 948 948 948 954 956 959 959
    964 967 967 967 973 975 0 0 0 0 0 933 930 925 923 918 913 906 901
    894 887 878 873 869 864 858 858 856 856 858 858 858 860 862 867 867
    869 871 875 878 878 878 880 882 887 891 896 896 896 898 901 903 906
    908 910 910 915 915 918 920 920 923 928 933 933 935 935 938 943 946
    948 948 948 951 956 959 959 964 967 967 967 973 975 975 0 0 0 0 943
    930 925 923 918 913 908 901 894 887 878 873 869 864 856 856 856 856
    858 858 860 860 860 864 867 871 873 875 878 878 880 880 882 887 891
    896 896 896 898 901 906 906 908 908 910 915 915 918 920 920 923 930
    933 933 935 935 938 943 946 948 948 948 951 956 959 962 964 967 967
    970 973 975 975 0 0 0 0 943 930 925 920 918 913 908 901 894 889 878
    873 867 860 856 856 856 856 858 858 860 860 860 864 869 871 873 875
    878 878 880 882 885 887 891 891 896 896 898 903 906 906 908 908 910
    915 918 918 920 920 925 930 933 933 935 935 940 943 946 946 948 948
    951 956 959 962 964 967 970 973 975 975 975 0 0 0 0 943 930 925 920
    918 913 906 901 894 880 878 871 867 860 856 856 856 856 858 858 860
    864 864 867 869 873 873 875 878 878 882 882 885 887 891 891 894 896
    898 903 906 906 908 908 913 915 918 918 920 923 925 928 930 933 935
    935 940 943 946 946 948 951 956 956 959 962 964 967 970 973 975 975
    975 0 0 0 946 943 933 925 923 918 908 906 903 896 880 875 869 864
    860 856 854 854 856 858 860 860 864 864 867 869 873 873 875 878 880
    882 885 885 887 891 894 894 896 898 903 906 906 908 910 913 915 918
    918 920 923 925 928 930 930 935 938 940 943 946 948 948 951 956 959
    959 962 964 967 970 973 975 978 0 0 0 0 946 938 933 928 923 915 908
    906 901 894 882 875 869 864 860 856 854 854 856 858 858 860 864 867
    867 871 871 873 875 878 880 882 885 887 887 891 894 894 896 898 903
    906 906 908 910 913 915 918 918 920 923 925 928 930 930 935 938 943
    943 946 948 951 954 956 959 959 962 967 967 970 973 975 981 0 0 0 0
    0 938 933 930 923 915 908 903 898 894 885 875 869 864 860 856 854
    854 856 858 858 860 864 867 867 869 871 873 875 878 880 885 885 887
    887 891 894 894 896 898 906 906 906 908 910 913 915 918 920 923 923
    928 933 935 935 935 938 940 943 946 948 954 954 956 959 959 962 967
    967 970 973 975 981 0 0 0 0 0 933 933 930 923 915 908 903 896 894
    885 878 871 862 860 858 856 856 856 856 858 862 864 867 867 869 871
