<?xml version="1.0"?>
<opencv_storage>
<Depth15171 type_id="opencv-matrix">
  <rows>64</rows>
  <cols>65</cols>
  <dt>w</dt>
  <data>
    1632 1632 1632 1639 1639 1647 1655 1655 1655 1647 1647 1647 5291
    5291 5210 5132 5132 5132 5132 5132 5132 5132 1705 1705 1705 1722
    1722 1722 1722 1722 1722 5460 5460 5460 5460 5460 5460 5460 5460
    5548 5548 5548 5548 5548 5548 5548 5548 5640 5640 5548 5548 5640
    5640 5640 5640 5640 5734 5734 5832 5832 5832 5832 5832 5832 5933
    1624 1632 1632 1632 1647 1647 1647 1647 1655 1655 0 1655 0 5291 5210
    5132 5132 5056 5056 5056 5056 1705 1705 1705 1705 1713 1713 1722
    1722 1722 1722 1722 5548 5460 5460 5460 5460 5460 5460 5460 5460
    5548 5548 5548 5548 5548 5548 5548 5548 5548 5548 5640 5734 5640
    5640 5640 5734 5734 5734 5734 5832 5832 5832 5832 5933 1624 1632
    1632 1632 1647 1647 1647 1647 1655 0 0 0 0 5548 5460 5132 5132 5056
    1696 1696 1705 1696 1696 1705 1705 1713 1713 1722 1722 1722 1722
    1722 1722 5460 5460 5460 5460 5460 5460 5460 5460 5460 5460 5548
    5548 5548 5548 5548 5548 5548 5548 5548 5640 5640 5640 5640 5640
    5640 5640 5640 5734 5734 5734 5832 5933 1632 1632 1632 1639 1647
    1647 1647 1655 0 0 0 0 0 1705 1688 1688 1680 1680 1680 1688 1696
    1696 1696 1705 1705 1713 1713 1722 1722 1722 1722 1722 1722 1722
    5548 5548 5548 5460 5460 5460 5460 5460 5460 5548 5548 5548 5548
    5548 5548 5548 5548 5548 5548 5640 5640 5640 5640 5640 5640 5640
    5734 5734 5734 5832 5933 1632 1632 1632 1639 1647 1647 1647 1671 0 0
    0 0 0 1688 1680 1680 1680 1680 1680 1688 1688 1688 1696 1696 1705
    1713 1713 1713 1713 1722 1722 1722 1713 1713 1713 5548 5548 5548
    5460 5460 5460 5460 5460 5548 5548 5548 5548 5548 5548 5548 5548
    5548 5548 5548 5640 5640 5640 5640 5640 5640 5640 5640 5640 5734
    5832 1632 1632 1632 1647 1647 1671 0 0 0 0 0 0 0 1688 1680 1680 1671
    1671 1671 1680 1680 1688 1688 1696 1696 1713 1713 1713 1713 1722
    1722 1722 1713 1713 1722 1722 5548 5460 5460 5460 5460 5460 5460
    5548 5548 5548 5548 5548 5548 5548 5548 5548 5548 5548 5640 5640
    5640 5640 5640 5640 5640 5640 5640 5734 5832 1632 1639 1639 1655
    1671 1680 0 0 0 0 0 0 0 1680 1680 1680 1671 1671 1671 1680 1680 1688
    1688 1688 1696 1713 1713 1713 1713 1713 1713 1722 1722 1722 1722
    1722 1722 5460 5460 5460 5460 5460 5460 5460 5460 5460 5548 5548
    5548 5548 5548 5548 5548 5548 5548 5640 5640 5640 5640 5640 5640
    5640 5640 5640 5734 1632 1639 1647 1655 1655 0 0 0 0 0 0 0 0 1680
    1680 1680 1680 1671 1671 1680 1680 1680 1688 1688 1696 1705 1713
    1713 1713 1713 1713 1722 1722 1722 1722 1722 1731 1731 5460 5460
    5460 5460 5460 5460 5460 5460 5460 5460 5460 5460 5460 5548 5548
    5548 5548 5548 5548 5640 5640 5640 5640 5640 5640 5640 5734 1647
    1647 1647 1655 1655 0 0 0 0 0 0 0 0 1680 1680 1680 1680 1680 1680
    1680 1680 1680 1680 1688 1688 1705 1705 1713 1713 1713 1713 1713
    1722 1722 1722 1722 1731 1731 1731 5548 5460 5460 5460 5460 5460
    5460 5460 5460 5460 5460 5460 5548 5548 5548 5548 5548 5548 5548
    5548 5548 5640 5640 5640 5640 5734 1713 1655 1655 1655 0 0 0 0 0 0 0
    0 0 1671 1671 1671 1671 1671 1680 1680 1680 1680 1680 1688 1688 1696
    1705 1705 1705 1705 1705 1713 1722 1722 1722 1722 1722 1722 1722
    1731 5548 5460 5460 5460 5460 5460 5460 5460 5460 5460 5460 5548
    5548 5548 5548 5548 5548 5548 5548 5548 5548 5640 5640 5640 5640
    1713 1722 1722 0 0 0 0 0 0 0 0 0 1663 1663 1663 1671 1671 1671 1680
    1680 1680 1680 1680 1688 1688 1696 1696 1705 1705 1705 1705 1713
    1722 1722 1722 1722 1722 1722 1722 1722 1722 5460 5460 5374 5374
    5460 5460 5460 5460 5460 5460 5548 5548 5548 5548 5548 5548 5548
    5548 5548 5548 5548 5548 5640 5640 1713 1722 1722 1713 1713 0 0 0 0
    0 1663 1655 1655 1663 1663 1663 1663 1671 1680 1680 1680 1680 1680
    1680 1680 1696 1696 1696 1696 1696 1705 1713 1713 1713 1722 1722
    1722 1722 1722 1722 1731 1731 5460 5374 5374 5460 5460 5460 5460
    5460 5460 5548 5548 5548 5548 5548 5548 5548 5548 5548 5548 5548
    5548 5548 5640 1713 1722 1722 1713 1713 1722 0 0 1671 1663 1663 1655
    1655 1663 1663 1663 1663 1663 1671 1680 1680 1680 1680 1680 1680
    1688 1696 1696 1696 1696 1705 1713 1713 1713 1713 1722 1722 1722
    1722 1722 1731 1731 1739 5374 5374 5460 5460 5460 5460 5460 5460
    5460 5548 5548 5548 5548 5548 5548 5548 5548 5548 5548 5548 5548
    5640 1722 1722 1722 1722 1722 1722 1722 1680 1663 1655 1655 1655
    1655 1663 1663 1663 1663 1663 1671 1680 1680 1680 1680 1680 1680
    1688 1696 1696 1696 1696 1705 1705 1705 1705 1713 1722 1722 1722
    1722 1722 1731 1731 1731 1739 1739 5460 5460 5460 5460 5460 5460
    5460 5460 5548 5548 5548 5460 5460 5460 5460 5548 5548 5548 5548
    5640 4774 4774 4774 4774 1722 1722 1722 1663 1663 1655 1655 1655
    1655 1655 1655 1655 1663 1671 1671 1680 1680 1680 1680 1680 1680
    1696 1696 1696 1696 1696 1705 1705 1705 1705 1713 1722 1713 1713
    1722 1722 1722 1731 1731 1731 1731 5460 5460 5460 5460 5460 5460
    5460 5460 5460 5548 5460 5460 5460 5460 5460 5548 5548 5548 5548
    5640 4774 4774 4774 4774 4774 1639 1639 1639 1647 1647 1647 1647
    1655 1655 1655 1655 1655 1663 1663 1671 1671 1671 1680 1680 1680
    1688 1688 1696 1696 1696 1705 1705 1705 1705 1705 1713 1713 1713
    1713 1722 1722 1722 1722 1722 1722 1722 5460 5460 5374 5374 5460
    5460 5460 5460 5460 5460 5460 5460 5460 5460 5460 5548 5548 5548
    5640 4774 4842 4774 4774 4774 1624 1624 1624 1632 1639 1647 1647
    1647 1647 1647 1655 1655 1655 1663 1671 1671 1671 1680 1680 1680
    1688 1688 1688 1688 1696 1705 1705 1705 1705 1705 1705 1705 1705
    1705 1713 1722 1722 1722 1722 1722 1722 1731 1731 5374 5374 5460
    5374 5374 5460 5460 5460 5460 5460 5460 5460 5460 5460 5548 5548
    5640 4774 4774 4774 4774 1624 1624 1624 1624 1632 1639 1647 1647
    1647 1647 1647 1647 1655 1655 1663 1663 1663 1671 1671 1671 1680
    1688 1688 1688 1688 1696 1696 1705 1705 1705 1705 1705 1705 1705
    1705 1713 1713 1713 1722 1722 1731 1731 1731 1731 5460 5460 5460
    5374 5374 5460 5460 5460 5460 5460 5548 5460 5460 5460 5460 5460
    5548 4708 4708 4774 1624 1624 1624 1624 1632 1639 1639 1647 1647
    1647 1647 1647 1647 1647 1647 1655 1663 1663 1663 1671 1671 1680
    1688 1688 1680 1680 1688 1696 1696 1696 1696 1696 1696 1696 1705
    1705 1705 1713 1713 1722 1722 1722 1722 1722 1722 1722 5548 5460
    5460 5374 5374 5374 5460 5460 5460 5460 5460 5460 5460 5460 5460
    5548 4708 4708 1616 1616 1616 1624 1624 1632 1632 1639 1639 1639
    1639 1639 1639 1647 1647 1647 1655 1655 1663 1663 1671 1671 1680
    1680 1680 1680 1680 1688 1696 1696 1696 1696 1696 1696 1696 1705
    1705 1705 1713 1713 1722 1722 1722 1722 1722 1722 1731 1731 5460
    5291 5291 5374 5374 5460 5460 5460 5460 5460 5460 5460 5374 5374
    5548 1624 1624 1616 1616 1616 1624 1624 1632 1632 1639 1639 1639
    1639 1639 1639 1639 1647 1647 1647 1655 1655 1663 1663 1671 1671
    1671 1680 1680 1688 1688 1696 1696 1696 1696 1696 1705 1705 1705
    1705 1705 1713 1713 1713 1713 1713 1722 1722 1722 1731 1722 1722
    5291 5291 5291 5291 5460 5460 5460 5460 5460 5460 5460 5374 5374
    5548 1624 1624 1624 1624 1624 1624 1624 1632 1639 1639 1639 1639
    1639 1639 1639 1639 1647 1647 1647 1655 1655 1655 1655 1663 1663
    1671 1680 1680 1688 1688 1688 1696 1696 1696 1696 1705 1705 1705
    1705 1705 1713 1713 1713 1713 1713 1722 1722 1722 1722 1722 1722
    1722 5291 5291 5291 5374 5460 5460 5460 5374 5374 5460 5460 5460
    5548 1632 1624 1624 1624 1624 1624 1624 1632 1632 1639 1639 1639
    1639 1639 1647 1647 1647 1647 1647 1647 1647 1655 1655 1655 1663
    1663 1671 1680 1688 1688 1688 1688 1696 1696 1696 1696 1696 1696
    1705 1705 1713 1713 1713 1713 1713 1722 1722 1722 1722 1722 1722
    1722 1722 1722 5374 5374 5460 5460 5460 5374 5374 5374 5374 5460
    5548 1632 1632 1624 1624 1616 1616 1624 1624 1632 1639 1639 1639
    1639 1647 1647 1647 1647 1647 1647 1647 1647 1655 1655 1655 1663
