<?xml version="1.0"?>
<opencv_storage>
<Depth2600 type_id="opencv-matrix">
  <rows>33</rows>
  <cols>20</cols>
  <dt>w</dt>
  <data>
    0 0 0 2812 2789 2789 2789 2789 2767 2767 2767 2789 2789 2789 2789
    2767 2767 2767 2789 2789 0 0 0 2835 2789 2789 2789 2789 2789 2789
    2789 2789 2789 2789 2789 2789 2789 2789 2789 2767 0 0 0 2812 2789
    2789 2789 2789 2789 2789 2789 2789 2789 2789 2789 2789 2789 2789
    2789 2767 0 0 0 2789 2789 2789 2789 2789 2789 2789 2789 2789 2789
    2789 2789 2789 2789 2789 2767 2767 0 0 0 2789 2789 2789 2789 2789
    2789 2789 2789 2789 2789 2789 2789 2789 2789 2789 2767 2767 0 0 0
    2812 2789 2789 2789 2789 2789 2789 2789 2789 2789 2789 2789 2789
    2789 2789 2789 3692 0 0 0 2789 2789 2789 2789 2789 2789 2789 2789
    2789 2789 2789 2789 2812 2789 2789 2789 2812 0 0 0 2789 2789 2789
    2789 2789 2789 2789 2789 2789 2789 2789 2812 2812 2812 2789 2789
    2812 1516 1516 0 2789 2789 2812 2812 2789 2789 2789 2789 2789 2789
    2812 2812 2812 2812 2812 2812 2812 1516 1516 2789 2789 2789 2812
    2812 2812 2812 2789 2789 2789 2812 2812 2812 2812 2812 2789 2789
    2812 1516 1516 2812 2812 2812 2812 2812 2812 2812 2789 2789 2812
    2812 2812 2812 2812 2789 2789 2789 3732 1516 1516 1516 2812 2812
    2812 2812 2812 2812 2812 2812 2812 2812 2812 2812 2812 2767 2767
    3774 3732 1516 1516 1516 2812 2812 2812 2812 2812 2812 2812 2812
    2812 2812 2812 2812 2812 2767 2767 3774 3732 1516 1516 1516 2812
    2812 2812 2812 2812 2812 2812 2812 2812 2812 2812 2812 2812 2789
    2789 3774 3732 1516 1516 1516 2812 2812 2812 2812 2812 2812 2812
    2812 2812 2812 2812 2812 2812 2812 3816 3774 3692 1516 1516 1516
    2812 2812 2812 2812 2812 2812 2812 2812 2812 2812 2812 2812 2812
    2812 3774 3732 3692 1516 1516 1516 2812 2812 2812 2812 2812 2812
    2812 2812 2812 2812 2835 2835 2812 2812 3774 3732 3692 1516 1516
    1516 2812 2812 2812 2812 2812 2812 2812 2812 2812 2812 2835 2835
    2812 2812 3774 3774 3732 1516 1523 1523 2812 2812 2812 2812 2812
    2812 2812 2812 2812 2812 2835 2835 2812 2812 3774 3774 3732 1516
    1516 2812 2812 2812 2812 2812 2812 2812 2812 2812 2812 2812 2812
    2812 2812 3774 3774 3774 3732 1523 2883 2859 2812 2812 2812 2812
    2812 2812 2812 2812 2812 2812 2812 2812 2812 3774 3774 3774 3774
    2883 2859 2859 2812 2812 2812 2812 2812 2812 2812 2812 2835 2835
    2812 2812 2835 3816 3816 3774 3774 2859 2835 2835 2812 2812 2812
    2812 2812 2812 2812 2812 2835 2835 2835 2835 2835 2835 3816 3774
    3774 2835 2835 2835 2812 2812 2812 2812 2812 2812 2835 2835 2835
    2835 2835 2835 2835 2835 3816 3774 3774 2835 2835 2812 2812 2812
    2835 2835 2812 2812 2835 2835 2835 2835 2812 2812 2883 3816 3774
    3774 3774 2859 2835 2812 2812 2812 2835 2835 2835 2835 2835 2835
    2835 2835 2812 2812 3816 3816 3774 3774 3774 2835 2835 2812 2812
    2835 2835 2835 2859 2859 2835 2835 2835 2812 2789 2789 3816 3816
    3816 3774 3774 2835 2835 2812 2812 2812 2812 2835 2835 2835 2835
    2835 2835 2812 2789 2789 1245 1241 1241 1245 1245 2812 2812 2812
    2812 2812 2812 2835 2835 2835 2835 2835 2835 2812 2812 2812 1236
    1236 1236 1241 1245 2812 2812 2812 2812 2812 2812 2835 2835 2812
    2812 2812 2812 2812 2812 1232 1232 1232 1232 1236 1241 2812 2812
    2835 2812 2812 2812 2812 2812 2812 2812 2812 2812 1219 1219 1219
    1227 1227 1227 1232 1232 2859 2835 2835 2812 2812 2812 2812 2812
    1214 1214 1214 1214 1214 1214 1214 1223 1223 1223 1223 1223 2812
    2812 2812 2812 2812 2812 2835 2835 1214 1214 1214 1214 1214 1214
    1214 1214 1214 1214 1214 1219</data></Depth2600>
</opencv_storage>
