<?xml version="1.0"?>
<opencv_storage>
<Depth7664 type_id="opencv-matrix">
  <rows>44</rows>
  <cols>36</cols>
  <dt>w</dt>
  <data>
    5374 5374 5460 5460 5460 5460 5548 5548 5548 5734 5734 5734 5832
    1804 1804 1794 1794 1804 1794 1785 1766 1766 1766 1766 5734 5734
    5734 5734 5832 5832 5832 5832 5832 5832 5734 5734 5374 5374 5374
    5460 5460 5460 5548 5548 5548 5734 5734 5734 5734 1804 1794 1785
    1705 1705 1713 1739 1757 1757 1757 1757 5734 5734 5734 5734 5832
    5832 5832 5832 5832 5832 5734 5734 5374 5374 5374 5460 5460 5460
    5548 5734 5734 5832 5832 5832 1601 1594 1594 1722 1705 1705 1713
    1731 1731 1748 1757 1766 1766 5640 5640 5640 5832 5832 5832 5832
    5832 5832 5734 5734 5374 5374 5374 5460 5460 5548 5734 5734 5734
    5832 5832 1601 1594 1594 1594 1722 1713 1705 1705 1722 1722 1731
    1748 1766 1766 5640 5640 5640 5832 5933 5832 5832 5832 5734 5734
    5734 5374 5374 5374 5460 5460 5460 1696 1696 1696 1705 1705 1601
    1594 1594 1594 1586 1586 1609 1705 1713 1713 1722 1731 1757 1757
    5832 5832 5832 5832 5832 5832 5832 5832 5734 5734 5734 5374 5374
    5374 5460 1688 1688 1696 1696 1696 1696 1609 1601 1594 1594 1594
    1586 1586 1601 1601 1647 1696 1713 1731 1748 1766 1766 5832 5832
    5832 5832 5832 5832 5832 5734 5734 5832 5374 5374 5374 5374 1688
    1688 1688 1688 1696 1609 1601 1601 1594 1594 1586 1586 1586 1594
    1601 1632 1671 1705 1731 1739 1748 1748 1766 5832 5832 5832 5832
    5734 5734 5734 5734 5832 5374 5374 5374 1647 1647 1647 1632 1609
    1601 1601 1601 1594 1594 1594 1586 1579 1579 1594 1601 1624 1655
    1696 1713 1739 1748 1766 1766 5832 5832 5832 5832 5734 5734 5734
    5734 5832 5460 1616 1616 1616 1624 1624 1609 1601 1601 1594 1594
    1594 1586 1586 1579 1579 1579 1586 1601 1624 1639 1688 1705 1748
    1748 1766 1766 5832 5832 5832 5832 5832 5832 5734 5734 5832 1609
    1609 1609 1609 1616 1609 1601 1594 1594 1594 1594 1586 1586 1586
    1579 1579 1586 1586 1594 1609 1639 1680 1696 1731 1748 1766 1766
    5933 5933 5832 5832 5832 5832 5832 5832 5832 1594 1594 1594 1601
    1601 1601 1594 1594 1594 1594 1594 1586 1586 1586 1586 1586 1586
    1594 1594 1601 1632 1671 1688 1705 1757 1766 1785 1785 6038 5832
    5832 5832 5832 5832 5832 5734 1594 1586 1586 1586 1586 1594 1594
    1594 1594 1594 1594 1586 1586 1586 1586 1586 1586 1594 1594 1601
    1616 1655 1663 1688 1748 1766 1776 1776 5832 5832 5832 5933 5933
    5832 5832 5734 1594 1586 1586 1586 1586 1594 1594 1594 1594 1594
    1594 1594 1594 1586 1586 1586 1594 1594 1594 1601 1616 1647 1655
    1671 1748 1766 1776 1785 1785 5832 5832 5933 5933 5832 5832 5734
    1594 1586 1586 1586 1586 1594 1594 1594 1594 1594 1594 1594 1594
    1586 1586 1586 1586 1586 1594 1601 1616 1639 1647 1663 1748 1757
    1766 1766 1766 5832 5832 5933 5933 5832 5832 5734 1594 1594 1586
    1586 1586 1594 1594 1594 1594 1594 1594 1594 1594 1594 1586 1586
    1586 1586 1586 1594 1609 1632 1647 1655 1696 1748 1766 1766 1785
    5832 5832 5832 5832 5832 5832 5832 1601 1594 1594 1594 1594 1594
    1594 1594 1586 1586 1594 1594 1586 1586 1579 1579 1579 1579 1579
    1594 1601 1624 1647 1655 1663 1748 1757 1766 1785 1785 5832 5832
    5832 5832 5832 5832 1594 1594 1594 1594 1594 1594 1594 1594 1586
    1586 1586 1586 1579 1579 1579 1579 1579 1579 1579 1579 1579 1601
    1647 1655 1655 1731 1739 1766 1785 1785 5832 5832 5832 5832 5734
    5734 1594 1594 1586 1586 1586 1594 1594 1594 1594 1594 1586 1586
    1579 1579 1579 1572 1572 1572 1572 1579 1579 1601 1632 1647 1655
    1671 1731 1757 1785 1843 5832 5832 5832 5832 5734 5734 1594 1594
    1586 1586 1586 1594 1594 1594 1594 1586 1586 1586 1579 1579 1579
    1572 1572 1572 1572 1572 1579 1594 1624 1639 1655 1655 1731 1757
    1757 1766 1766 5832 5832 5832 5734 5734 1594 1594 1594 1586 1586
    1594 1594 1594 1594 1586 1586 1586 1579 1579 1579 1572 1572 1572
    1572 1572 1572 1594 1616 1632 1655 1655 1748 1757 1757 1766 1766
    5832 5832 5832 5734 5734 1586 1579 1579 1579 1586 1586 1586 1579
    1579 1579 1579 1579 1579 1579 1579 1572 1572 1572 1572 1572 1572
    1594 1601 1624 1639 1663 1748 1757 1757 1757 1757 5933 5933 5832
    5734 5734 1586 1586 1579 1579 1586 1586 1586 1579 1579 1579 1579
    1579 1586 1586 1579 1572 1572 1572 1572 1572 1579 1586 1601 1616
    1632 1680 1705 1731 1757 1757 1757 5933 5933 5832 5734 5734 1579
    1579 1579 1579 1586 1586 1586 1579 1579 1579 1579 1579 1579 1586
    1586 1579 1579 1579 1579 1579 1579 1579 1601 1616 1632 1680 1696
    1713 1757 1757 1757 5933 5933 5832 5734 5734 0 1579 1579 1579 1586
    1586 1586 1579 1579 1579 1579 1579 1579 1579 1579 1579 1579 1579
    1579 1579 1579 1579 1594 1616 1632 1655 1688 1705 1757 1757 1766
    1766 5933 5832 5734 5734 1586 1586 1586 1579 1579 1586 1579 1579
    1579 1579 1579 1579 1579 1579 1579 1579 1572 1572 1572 1572 1572
    1579 1594 1601 1616 1655 1680 1705 1748 1748 1757 1757 1757 5933
    5832 5832 5056 1586 1586 1564 1564 1586 1579 1579 1579 1579 1572
    1572 1579 1572 1572 1572 1572 1572 1572 1572 1572 1579 1586 1594
    1616 1647 1663 1680 1739 1748 1757 1757 1757 5832 5832 5832 5056
    5056 1564 1564 1564 1579 1579 1579 1572 1572 1572 1572 1572 1572
    1572 1572 1572 1572 1572 1572 1572 1579 1579 1586 1601 1632 1655
    1671 1722 1748 1757 1757 1757 5832 5832 5734 5056 0 1572 1572 1572
    1579 1572 1572 1572 1572 1572 1572 1572 1572 1572 1572 1572 1572
    1572 1572 1572 1572 1572 1579 1594 1609 1647 1663 1713 1739 1757
    1757 1757 5640 5640 5640 5132 5132 1586 1586 1579 1579 1572 1572
    1572 1572 1572 1572 1572 1572 1572 1572 1572 1564 1564 1564 1564
    1572 1572 1579 1594 1609 1639 1655 1696 1722 1757 1757 1766 1766
    5640 5548 5132 5132 1586 1586 1586 1579 1572 1572 1572 1572 1572
    1572 1572 1572 1572 1572 1572 1564 1564 1564 1564 1564 1564 1572
    1586 1594 1624 1655 1696 1713 1739 1766 1766 1766 5548 5548 5132
    5132 0 1594 1586 1579 1579 1572 1572 1572 1572 1572 1572 1572 1572
    1572 1572 1564 1564 1564 1564 1564 1564 1572 1579 1586 1609 1647
    1688 1705 1731 1748 1766 1766 5548 5548 5132 5132 0 1601 1594 1579
    1579 1572 1572 1572 1572 1572 1572 1572 1572 1572 1572 1564 1564
    1564 1564 1564 1564 1564 1572 1586 1609 1639 1671 1688 1713 1739
    1766 1766 5548 5548 4983 4983 4983 1594 1594 1579 1579 1579 1572
    1572 1572 1572 1572 1572 1572 1572 1572 1572 1572 1572 1564 1564
    1564 1564 1572 1579 1601 1639 1663 1680 1705 1739 1757 1757 5548
    5548 4983 4983 4983 4983 1579 1579 1579 1579 1572 1572 1572 1572
    1572 1572 1572 1572 1572 1572 1572 1572 1564 1564 1564 1564 1572
    1579 1594 1609 1655 1671 1696 1739 1757 1757 1757 5548 5056 5056
    5056 0 1579 1579 1579 1579 1572 1572 1572 1572 1572 1572 1572 1572
    1572 1572 1572 1572 1564 1564 1564 1564 1572 1579 1594 1609 1647
    1663 1688 1722 1748 1748 1748 5640 5132 5132 5132 5132 1564 1564
    1564 1572 1572 1572 1572 1572 1572 1572 1572 1572 1572 1572 1572
    1572 1572 1564 1564 1564 1564 1572 1579 1579 1647 1663 1680 1705
    1739 1739 1739 5640 5132 5132 5132 5132 0 1564 1564 1572 1572 1572
    1572 1572 1572 1572 1564 1564 1564 1564 1564 1564 1572 1564 1564
    1564 1564 1572 1572 1579 1616 1655 1680 1705 1731 1731 1748 1748
    5132 5132 5132 5132 0 1579 0 1579 1572 1572 1572 1572 1572 1564 1564
    1564 1564 1564 1564 1564 1564 1564 1564 1564 1564 1564 1572 1579
    1594 1647 1680 1696 1705 1722 1731 1739 5132 5056 5056 0 0 0 0 1579
    1572 1572 1572 1572 1572 1564 1564 1564 1564 1564 1564 1564 1564
    1564 1564 1564 1564 1564 1572 1579 1594 1616 1639 1680 1705 1722
    1731 1739 5056 5056 5056 5056 0 0 0 1586 1572 1572 1572 1572 1564
    1564 1564 1564 1564 1564 1564 1564 1564 1564 1564 1564 1564 1564
    1572 1579 1594 1609 1632 1655 1705 1722 1731 1748 4983 4983 0 0 0 0
    0 1579 1572 1572 1572 1572 1564 1564 1564 1564 1564 1564 1564 1564
    1564 1564 1564 1564 1564 1564 1564 1579 1594 1609 1616 1632 1705
    1722 1731 1748 4983 4983 0 0 0 0 0 1579 1572 1572 1572 1572 1564
