<?xml version="1.0"?>
<opencv_storage>
<Depth10526 type_id="opencv-matrix">
  <rows>20</rows>
  <cols>26</cols>
  <dt>w</dt>
  <data>
    4582 4582 4645 4645 4708 4774 4774 4774 4774 4774 4774 4842 4842
    4774 4774 4842 3653 3653 3653 3653 3653 1586 1586 1579 1579 1564
    4582 4645 4645 4708 4774 4774 4774 4774 4774 4774 4774 4774 4774
    4774 4774 3614 3614 3614 3614 3653 3653 1586 1586 1579 1579 1564
    4582 4645 4645 4645 4774 4774 4774 4774 4774 4774 4774 4774 4774
    4774 3653 3614 3576 3576 3576 3576 3614 3653 3653 3653 1579 1557
    4645 4645 4645 4645 4774 4774 4774 4774 4774 4774 4774 4774 4774
    3692 3653 3614 3576 3576 3576 3576 3576 3576 3576 3576 3576 1557
    4645 4645 4645 4708 4774 4774 4774 4708 4708 4708 4774 3732 3692
    3692 3653 3614 3576 3576 3576 3576 3576 3576 3576 3576 3576 3539
    4645 4645 4645 4708 4774 4774 4708 4708 4708 4708 4774 3653 3653
    3692 3653 3614 3576 3539 3539 3539 3576 3576 3576 3576 3576 3503
    4645 4645 4645 4708 4774 4774 4708 4708 4708 4708 3692 3653 3653
    3692 3653 3614 3576 3539 3539 3539 3539 3539 3576 3576 3576 3503
    4645 4645 4645 4708 4708 4708 4708 4708 4708 4708 3692 3653 3614
    3614 3576 3576 3576 3539 3539 3539 3539 3539 3576 3576 3576 3576
    4645 4645 4645 4645 4708 4708 4708 3614 3576 3576 3576 3576 3576
    3576 3576 3576 3576 3539 3539 3539 3503 3503 3576 3576 0 0 4708 4645
    4645 4645 4708 4708 3692 3614 3576 3576 3576 3576 3576 3576 3576
    3576 3576 3539 3539 3539 3503 3503 3576 0 0 0 4708 4645 4645 4645
    4708 3653 3653 3614 3576 3576 3539 3539 3539 3539 3576 3576 3576
    3576 3539 3539 3503 3503 3576 0 0 0 4645 4645 4645 4645 3653 3653
    3614 3576 3576 3576 3539 3539 3539 3539 3539 3539 3539 3576 3539
    3539 3539 0 0 0 0 0 4645 4645 3653 3614 3614 3614 3614 3576 3576
    3576 3539 3539 3539 3539 3539 3539 3539 3576 3539 3539 3539 0 0 0 0
    0 4645 4645 3576 3576 3576 3576 3576 3576 3576 3539 3539 3539 3539
    3539 3539 3539 3539 3576 3539 3539 0 0 0 0 0 0 4645 3539 3539 3539
    3539 3539 3539 3576 3539 3539 3539 3539 3539 3539 3539 3539 3576
    3614 3614 0 0 0 0 0 0 0 3576 3539 3539 3539 3539 3539 3539 3539 3539
    3539 3539 3539 3539 3539 3539 3539 3576 0 0 0 0 0 0 0 0 0 3539 3503
    3503 3539 3539 3539 3539 3539 3539 3539 3539 3539 3539 3539 3539
    3539 0 0 0 0 0 0 0 0 0 0 3539 3503 3503 3539 3503 3503 3539 3539
    3539 3539 3539 3539 3503 3503 3503 3576 0 0 0 0 0 0 0 0 0 0 3433
    3468 3503 3539 3503 3503 3503 3503 3503 3539 3539 3503 3503 3503
    3503 0 0 0 0 0 0 0 0 0 0 0 3433 3468 3503 3503 3468 3468 3503 3503
    3503 3503 3503 3503 3503 3503 0 0 0 0 0 0 0 0 0 0 0 0</data></Depth10526>
</opencv_storage>
