<?xml version="1.0"?>
<opencv_storage>
<Depth5867 type_id="opencv-matrix">
  <rows>59</rows>
  <cols>45</cols>
  <dt>w</dt>
  <data>
    4645 4645 4645 4645 4645 4645 4645 4708 4708 1739 1739 1739 1739
    1722 1722 1722 1731 1731 1731 4911 4983 4983 4911 4911 4911 4983
    4983 5056 5056 5056 5056 5132 5056 5056 5056 5056 5056 5132 5291
    5291 5210 5210 5210 5210 5210 4645 4645 4645 4708 4708 4708 4708
    1731 1731 1731 1731 1739 1739 1731 1731 1731 1731 1731 1731 1731
    1739 4983 4983 4983 4983 4983 5056 5056 5056 5056 5056 5132 5056
    5056 5056 5056 5056 5132 5291 5291 5291 5210 5210 5210 5210 4645
    4645 4645 4645 4645 4582 0 0 1731 1731 1731 1731 1731 1731 1731 1731
    1731 1731 1731 1731 1731 1731 1739 1748 1739 1739 1739 1739 5056
    5056 5056 5132 5132 5056 5056 5056 5056 5132 5291 5291 5210 5210
    5210 5210 5291 4645 4645 4645 4582 4582 4582 4582 1739 1731 1731
    1731 1731 1731 1731 1731 1731 1731 1731 1731 1731 1731 1731 1739
    1739 1739 1739 1739 1739 1748 1748 5132 5132 5132 5132 5132 5056
    5056 5132 5291 5291 5210 5210 5210 5291 5291 4645 4645 4645 4582
    4582 4582 4582 1739 1739 1739 1739 1739 1731 1731 1731 1731 1731
    1731 1731 1731 1739 1739 1739 1739 1739 1748 1748 1748 1748 1748
    1748 1748 1748 1757 1757 1757 1757 1757 5291 5291 5291 5210 5210
    5291 5291 4645 4645 4645 4645 4582 4582 0 1739 1739 1739 1739 1739
    1739 1731 1731 1731 1731 1739 1739 1739 1739 1739 1739 1748 1748
    1748 1748 1748 1748 1748 1748 1748 1748 1748 1748 1757 1757 1757
    1757 1757 1757 1757 1766 1776 5291 4645 4645 4645 4645 4645 4645
    4645 1748 1739 1731 1731 1731 1731 1731 1731 1731 1731 1739 1739
    1739 1739 1739 1748 1748 1748 1748 1739 1739 1748 1748 1748 1748
    1748 1748 1748 1757 1757 1757 1757 1757 1757 1757 1766 1776 1776
    4645 4708 4708 4708 4708 4708 1748 1748 1731 1731 1731 1731 1731
    1731 1739 1739 1739 1739 1748 1739 1739 1748 1748 1748 1748 1748
    1739 1739 1748 1748 1748 1748 1748 1748 1748 1766 1766 1757 1757
    1757 1757 1757 1766 1757 1757 4645 4582 4582 4842 4842 4842 1739
    1739 1731 1731 1731 1731 1731 1739 1739 1748 1748 1748 1748 1748
    1748 1748 1748 1748 1748 1748 1739 1739 1748 1748 1748 1748 1748
    1748 1757 1766 1766 1766 1766 1766 1757 1757 1748 1748 1757 4645
    4582 4582 4582 4582 1731 1731 1731 1731 1731 1731 1731 1731 1739
    1748 1748 1748 1748 1739 1739 1739 1748 1748 1748 1748 1739 1739
    1739 1748 1748 1748 1748 1757 1757 1757 1766 1766 1766 1766 1766
    1766 1766 1748 1748 1757 4645 4582 4582 4582 0 1731 1731 1731 1731
    1731 1731 1731 1731 1739 1739 1739 1739 1739 1739 1739 1739 1748
    1748 1748 1748 1739 1739 1739 1748 1748 1748 1748 1748 1748 1748
    1766 1766 1766 1766 1766 1766 1766 1757 1757 1757 4645 4645 4645
    4645 0 1731 1731 1731 1731 1739 1739 1731 1731 1731 1739 1739 1739
    1739 1739 1739 1739 1748 1748 1748 1748 1739 1739 1739 1748 1748
    1748 1748 1748 1748 1748 1766 1766 1766 1766 1766 1766 1766 1757
    1757 1757 4645 4708 4708 4708 0 1731 1731 1731 1731 1739 1739 1731
    1731 1731 1739 1739 1739 1731 1731 1739 1739 1748 1748 1748 1748
    1748 1739 1739 1748 1748 1748 1748 1748 1757 1757 1766 1766 1766
    1766 1766 1766 1757 1757 1766 1766 4645 4645 4645 4645 4774 1731
    1731 1731 1731 1739 1731 1731 1731 1739 1739 1739 1739 1731 1731
    1739 1739 1748 1748 1748 1748 1748 1748 1748 1748 1748 1748 1757
    1757 1757 1757 1766 1766 1766 1766 1766 1766 1757 1757 1757 1757
    4645 4645 4645 4774 4774 1748 1739 1731 1731 1739 1731 1731 1739
    1739 1739 1739 1739 1739 1739 1739 1748 1748 1748 1748 1748 1748
    1748 1748 1748 1748 1748 1757 1757 1757 1757 1766 1766 1766 1766
    1766 1766 1757 1757 1757 1757 4645 4645 4708 4774 4774 1748 1739
    1731 1731 1739 1731 1731 1739 1739 1739 1739 1739 1739 1739 1739
    1739 1739 1748 1748 1748 1748 1748 1748 1748 1748 1748 1748 1757
    1757 1757 1766 1766 1766 1766 1766 1766 1757 1757 1757 1757 4645
    4645 4708 4708 1748 1748 1739 1731 1731 1739 1739 1739 1731 1731
    1739 1739 1739 1739 1739 1739 1739 1739 1748 1748 1748 1748 1748
    1748 1748 1748 1748 1748 1757 1757 1757 1766 1766 1766 1766 1766
    1766 1766 1757 1757 5291 4645 4645 4645 4645 1739 1739 1739 1731
    1731 1739 1739 1739 1731 1731 1739 1739 1739 1739 1739 1739 1739
    1739 1748 1748 1748 1748 1748 1748 1748 1748 1748 1748 1757 1757
    1757 1757 1757 1757 1757 1766 1766 1766 1766 1766 5291 4645 4645
    4645 4645 1739 1739 1739 1739 1739 1739 1739 1739 1731 1731 1739
    1739 1748 1739 1739 1739 1739 1739 1748 1748 1748 1748 1748 1748
    1748 1748 1748 1748 1757 1757 1757 1757 1757 1757 1757 1766 1766
    1766 1766 1766 5210 4645 4645 4645 1739 1739 1731 1731 1739 1739
    1739 1739 1739 1739 1739 1739 1739 1748 1739 1739 1739 1739 1739
    1748 1748 1748 1748 1748 1748 1748 1757 1757 1757 1757 1757 1757
    1757 1757 1757 1766 1766 1766 1766 1766 5460 5210 4645 4645 4645
    1731 1731 1731 1731 1739 1739 1739 1739 1739 1739 1739 1739 1739
    1748 1748 1748 1739 1739 1748 1748 1748 1748 1748 1748 1757 1757
    1757 1757 1757 1757 1757 1757 1766 1766 1766 1766 1766 1766 1766
    1766 5460 5291 4645 4645 4645 1731 1731 1731 1731 1739 1739 1739
    1739 1739 1739 1739 1739 1739 1748 1748 1748 1748 1748 1748 1748
    1748 1739 1739 1748 1748 1757 1757 1757 1757 1757 1757 1757 1766
    1766 1766 1766 1766 1766 1766 1766 5460 5291 4645 4645 0 1731 1731
    1731 1731 1739 1739 1739 1739 1739 1739 1739 1739 1739 1739 1739
    1748 1748 1748 1748 1748 1748 1739 1739 1748 1748 1757 1757 1757
    1757 1757 1757 1757 1766 1766 1766 1766 1766 1766 1766 1766 5291
    5291 4582 4582 0 1731 1731 1731 1731 1739 1739 1739 1739 1739 1748
    1739 1739 1739 1739 1739 1748 1748 1748 1748 1748 1748 1739 1739
    1748 1757 1757 1757 1757 1757 1757 1757 1757 1766 1766 1766 1766
    1766 1766 1766 1766 5132 5132 4582 4582 0 1731 1731 1731 1731 1739
    1739 1739 1739 1739 1739 1739 1739 1739 1739 1739 1748 1748 1748
    1748 1748 1748 1748 1748 1748 1757 1757 1757 1757 1757 1757 1757
    1757 1766 1766 1766 1766 1766 1766 1766 1766 5132 5132 4582 4582 0
    1731 1731 1731 1731 1739 1739 1739 1739 1739 1739 1739 1739 1731
    1731 1731 1739 1748 1748 1748 1748 1748 1748 1748 1757 1757 1757
    1757 1757 1757 1757 1757 1757 1766 1766 1766 1766 1766 1766 1766
    1766 5132 5132 4645 4645 0 1731 1731 1731 1739 1739 1739 1739 1739
    1739 1748 1739 1739 1731 1731 1731 1739 1748 1748 1748 1748 1748
    1748 1748 1757 1757 1757 1757 1757 1757 1757 1757 1757 1766 1766
    1766 1766 1766 1766 1766 1766 5210 5210 4645 4645 1739 1739 1739
    1739 1739 1739 1739 1739 1739 1739 1739 1739 1739 1731 1731 1731
    1739 1748 1748 1748 1748 1748 1748 1748 1757 1757 1757 1757 1757
    1757 1757 1757 1757 1766 1766 1766 1766 1766 1757 1757 1757 5210
    5210 4582 4582 1739 1739 1739 1731 1731 1739 1739 1739 1739 1739
    1739 1739 1739 1739 1739 1739 1739 1748 1748 1748 1748 1748 1748
    1748 1757 1757 1757 1757 1748 1748 1757 1757 1757 1766 1766 1766
    1766 1766 1757 1757 1757 5210 5210 4582 4582 1739 1739 1739 1731
    1731 1739 1739 1739 1739 1739 1739 1739 1739 1739 1739 1739 1748
    1748 1748 1748 1748 1748 1748 1748 1748 1748 1748 1748 1748 1748
    1757 1757 1757 1766 1766 1766 1766 1766 1766 1766 1766 5210 5210
    4582 4582 1731 1731 1731 1731 1731 1739 1739 1739 1739 1739 1739
    1739 1739 1748 1748 1748 1748 1748 1748 1748 1748 1748 1748 1748
    1748 1748 1748 1748 1748 1748 1757 1757 1757 1766 1766 1766 1766
    1757 1757 1757 1757 5291 5291 4582 4582 1731 1731 1731 1731 1731
    1739 1739 1739 1739 1739 1739 1739 1739 1748 1748 1748 1757 1748
    1748 1748 1748 1748 1748 1748 1748 1748 1748 1748 1748 1748 1757
    1757 1757 1766 1766 1766 1757 1757 1757 1757 5210 5210 5210 4645
    4645 1731 1731 1731 1731 1731 1739 1739 1739 1739 1739 1739 1739
    1739 1748 1748 1757 1757 1748 1739 1739 1748 1748 1748 1748 1748
    1748 1748 1757 1757 1748 1748 1757 1757 1766 1766 1766 1757 1757
