<?xml version="1.0"?>
<opencv_storage>
<Depth8602 type_id="opencv-matrix">
  <rows>46</rows>
  <cols>42</cols>
  <dt>w</dt>
  <data>
    4522 4522 4582 4582 4582 4582 4522 4522 4582 4645 4645 1794 1794
    1794 1794 1959 1936 1936 1936 4774 4774 4774 4774 4774 4774 4842
    4842 4774 4774 4842 4842 4842 4911 4911 4911 4911 4911 4911 4911
    4911 4911 4911 4463 4522 4522 4582 4582 4582 4522 4522 4522 1794
    1794 1794 1794 1794 1794 1804 1936 1936 1936 1959 4842 4774 4774
    4774 4774 4774 4842 4774 4774 4842 4842 4842 4842 4842 4842 4842
    4842 4911 4911 4911 4911 4911 4463 4522 4522 4522 4582 4582 4582
    4582 1794 1794 1794 1794 1794 1794 1794 1794 1794 1926 1936 1959
    1970 4774 4774 4774 4774 4774 4774 4774 4774 4842 4842 4842 4842
    4842 4842 4842 4842 4842 4911 4911 4911 4911 4522 4463 4463 4522
    4522 4522 1804 1804 1794 1794 1794 1785 1785 1785 1785 1794 1794
    1926 1936 1947 1959 1959 4842 4842 4774 4774 4774 4774 4842 4842
    4842 4842 4842 4842 4842 4842 4842 4842 4911 4911 4911 4911 4522
    4463 4463 4463 4463 1794 1804 1804 1794 1794 1794 1785 1785 1785
    1785 1794 1794 1813 1947 1947 1959 1959 4842 4842 4774 4708 4708
    4708 4774 4774 4842 4842 4842 4842 4842 4842 4842 4842 4842 4911
    4911 4911 4522 4582 4645 4645 1813 1794 1794 1794 1794 1794 1794
    1785 1785 1794 1794 1794 1794 1804 1926 1926 1947 1959 1959 4842
    4708 4708 4708 4708 4774 4774 4842 4842 4842 4842 4842 4842 4842
    4842 4842 4842 4911 4911 4582 4582 1823 1823 1813 1794 1794 1794
    1794 1794 1794 1794 1794 1794 1794 1794 1794 1794 1804 1926 1936
    1947 1947 4708 4708 4708 4708 4708 4774 4774 4774 4774 4774 4842
    4842 4842 4842 4842 4842 4842 4911 4911 4463 1804 1804 1804 1804
    1794 1785 1785 1785 1785 1785 1785 1794 1785 1785 1785 1785 1785
    1804 1926 1926 1947 1947 1947 4708 4708 4708 4708 4774 4774 4774
    4774 4774 4774 4842 4842 4842 4842 4842 4842 4842 4911 1785 1785
    1785 1794 1794 1785 1785 1785 1785 1785 1785 1785 1785 1776 1776
    1785 1785 1785 1785 1813 1915 1936 1936 1936 4708 4708 4708 4708
    4708 4774 4774 4774 4774 4774 4842 4842 4842 4842 4842 4842 4842
    4842 1794 1785 1785 1794 1794 1785 1785 1785 1776 1776 1776 1776
    1776 1766 1766 1776 1776 1776 1776 1794 1843 1936 1936 1947 1947
    4708 4708 4708 4708 4708 4774 4774 4774 4774 4842 4842 4842 4842
    4842 4842 4842 4842 1785 1785 1785 1785 1785 1785 1785 1785 1776
    1776 1776 1776 1776 1766 1766 1766 1776 1776 1776 1785 1823 1843
    1926 1947 1947 4774 4774 4708 4708 4708 4708 4708 4774 4774 4842
    4842 4842 4842 4842 4842 4842 4842 1785 1785 1785 1785 1785 1785
    1785 1785 1776 1776 1776 1776 1776 1766 1766 1766 1776 1776 1776
    1785 1804 1813 1915 1947 1947 4842 4774 4774 4708 4708 4708 4708
    4774 4774 4774 4842 4842 4842 4842 4842 4842 4842 1785 1785 1785
    1785 1785 1785 1785 1776 1776 1776 1776 1776 1776 1776 1766 1766
    1766 1776 1776 1785 1794 1804 1915 1947 1947 1947 4774 4774 4774
    4774 4708 4708 4774 4774 4774 4842 4842 4842 4842 4842 4842 4842
    1785 1785 1785 1785 1785 1785 1785 1776 1776 1776 1776 1776 1776
    1776 1766 1766 1766 1776 1776 1785 1785 1794 1804 1915 1926 1936
    4842 4842 4774 4708 4708 4708 4774 4774 4774 4842 4842 4842 4842
    4842 4842 4842 4349 1776 1776 1776 1785 1785 1785 1776 1776 1776
    1776 1776 1776 1776 1776 1776 1776 1776 1776 1785 1785 1785 1794
    1915 1915 1915 1915 4842 4774 4708 4708 4708 4774 4774 4774 4774
    4774 4842 4842 4842 4842 4842 4349 1776 1776 1776 1766 1766 1785
    1776 1776 1776 1776 1776 1776 1776 1776 1776 1776 1776 1776 1785
    1785 1785 1785 1894 1894 1904 1904 1904 4774 4708 4708 4708 4708
    4774 4774 4774 4774 4842 4842 4842 4842 4842 4349 4405 1766 1766
    1766 1766 1776 1776 1776 1776 1776 1785 1776 1776 1776 1776 1776
    1776 1776 1776 1776 1776 1776 1804 1873 1883 1894 1915 4911 4708
    4708 4708 4708 4708 4774 4774 4774 4842 4842 4842 4842 4842 4349
    4405 1766 1766 1766 1766 1766 1776 1776 1776 1776 1776 1766 1766
    1766 1766 1766 1776 1776 1776 1776 1776 1776 1785 1853 1873 1894
    1915 1915 4645 4645 4645 4708 4708 4708 4708 4708 4774 4842 4842
    4842 4842 4349 4349 4295 1766 1757 1757 1766 1776 1776 1776 1766
    1766 1766 1766 1766 1766 1766 1766 1766 1766 1766 1766 1776 1766
    1766 1843 1883 1915 1936 4645 4645 4645 4645 4708 4708 4708 4708
    4774 4774 4774 4842 4842 4349 4349 4241 4241 1757 1757 1776 1776
    1776 1776 1766 1766 1766 1766 1766 1766 1766 1766 1766 1766 1766
    1766 1766 1766 1766 1776 1823 1843 1936 1936 4582 4582 4645 4708
    4708 4708 4708 4708 4708 4708 4774 4774 4349 4349 4241 4241 4349
    1776 1766 1766 1776 1776 1766 1766 1766 1766 1766 1766 1766 1766
    1766 1766 1766 1766 1766 1766 1766 1766 1794 1823 1843 1936 1936
    4582 4645 4708 4708 4708 4708 4708 4708 4708 4708 4708 4349 4349
    4295 4295 4349 1776 1766 1766 1766 1766 1766 1766 1766 1766 1766
    1766 1766 1766 1766 1766 1766 1766 1766 1766 1766 1766 1776 1794
    1813 1915 1915 1915 4645 4645 4645 4645 4645 4708 4645 4645 4708
    4708 4349 4349 4295 4295 4349 4349 1766 1766 1766 1766 1766 1766
    1766 1766 1766 1766 1766 1766 1766 1766 1766 1766 1766 1766 1766
    1766 1776 1785 1785 1915 1915 1926 4645 4645 4645 4645 4645 4708
    4645 4645 4708 4708 4349 4349 4349 4349 4349 4349 4349 1766 1766
    1766 1766 1766 1766 1766 1766 1766 1766 1766 1766 1766 1766 1766
    1766 1766 1766 1766 1766 1776 1766 1766 1904 1915 1926 4708 4645
    4645 4645 4708 4708 4708 4708 4708 4349 4349 4349 4349 4349 4349
    4349 1766 1766 1766 1766 1766 1766 1766 1766 1766 1766 1766 1766
    1766 1766 1766 1766 1766 1766 1766 1766 1766 1766 1766 1894 1904
    1915 1915 4645 4645 4645 4708 4708 4708 4708 4774 4349 4349 4349
    4349 4349 4349 4349 4349 1766 1766 1766 1766 1766 1766 1766 1766
    1766 1766 1766 1766 1766 1766 1766 1766 1766 1766 1766 1766 1766
    1766 1894 1894 1904 1926 1947 4645 4708 4708 4708 4708 4708 4708
    4349 4295 4295 4349 4349 4349 4349 4349 1766 1766 1766 1766 1766
    1766 1766 1766 1766 1766 1766 1766 1766 1766 1766 1766 1766 1766
    1766 1766 1766 1766 1766 1894 1904 1915 1936 1936 4708 4708 4645
    4645 4645 4645 4295 4295 4295 4349 4349 4349 4349 4349 1766 1766
    1766 1766 1766 1766 1766 1766 1766 1766 1766 1766 1766 1766 1766
    1766 1766 1766 1766 1766 1766 1766 1766 1853 1904 1904 1936 1936
    4708 4708 4645 4645 4645 4645 4241 4295 4295 4295 4349 4349 4295
    4295 4295 1766 1766 1766 1766 1766 1757 1757 1757 1757 1766 1766
    1766 1766 1766 1766 1766 1766 1757 1757 1766 1766 1776 1833 1863
    1863 1947 1947 4645 4645 4645 4645 4645 4645 4241 4295 4295 4295
    4349 4349 4295 4295 4295 4295 1776 1766 1766 1766 1757 1757 1757
    1757 1757 1757 1757 1766 1766 1766 1766 1757 1757 1757 1757 1766
    1766 1785 1833 1863 1926 1926 4582 4582 4582 4645 4645 4645 4241
    4295 4295 4295 4349 4349 4295 4295 4295 4295 1766 1766 1766 1766
    1766 1766 1757 1757 1757 1757 1757 1766 1766 1766 1766 1757 1757
    1757 1757 1766 1766 1776 1794 1853 1894 1926 1926 4582 4582 4582
    4645 4645 4241 4295 4295 4295 4295 4295 4295 4295 4295 4295 4349
    1766 1766 1766 1766 1766 1766 1757 1757 1757 1757 1757 1757 1757
    1757 1757 1757 1757 1757 1757 1766 1776 1785 1794 1863 1915 1915
    1915 4582 4582 4582 4645 4241 4295 4295 4295 4241 4241 4295 4295
    4295 4349 4349 1757 1757 1757 1766 1766 1766 1766 1757 1757 1757
    1757 1757 1757 1757 1757 1757 1757 1757 1757 1757 1766 1766 1766
    1794 1883 1894 1894 4582 4582 4582 4645 4241 4241 4241 4241 4241
    4241 4241 4241 4295 4295 4405 4405 1757 1757 1766 1766 1766 1766
    1757 1757 1757 1757 1757 1757 1757 1757 1757 1757 1757 1757 1757
    1766 1766 1766 1785 1843 1873 1883 4645 4645 4645 4645 4190 4190
    4241 4241 4241 4241 4241 4241 4295 4295 4349 4349 1757 1757 1757
    1757 1766 1766 1766 1766 1766 1757 1757 1757 1757 1757 1757 1757
    1757 1757 1757 1757 1757 1757 1776 1813 1863 1883 1904 4708 4645
    4645 4190 4190 4190 4190 4241 4241 4241 4241 4295 4295 4295 4349
