<?xml version="1.0"?>
<opencv_storage>
<Depth10108 type_id="opencv-matrix">
  <rows>92</rows>
  <cols>66</cols>
  <dt>w</dt>
  <data>
    3300 3300 3300 3300 3300 3300 3269 3269 3269 3269 3269 3300 3300
    3333 0 0 0 0 0 0 0 0 0 0 0 0 0 0 0 0 0 0 0 0 0 1141 1141 1141 1141 0
    0 0 0 3120 3120 3178 3238 3238 3238 3269 3269 3269 3269 3269 3269
    3238 3238 3238 3238 3238 3238 3208 3178 3149 3149 3149 3300 3300
    3300 3300 3300 3300 3300 3269 3269 3269 3269 3300 3333 0 0 0 0 0 0 0
    0 0 0 0 0 0 0 0 0 0 0 0 0 1123 1123 1141 1141 1141 1141 1141 0 0 0 0
    3178 3178 3238 3238 3269 3269 3300 3300 3300 3300 3269 3269 3238
    3238 3238 3238 3238 3238 3208 3178 3178 3178 3300 3269 3269 3269
    3300 3300 3300 3300 3300 3300 3300 3300 3333 3333 3333 0 1090 1090 0
    0 0 0 0 0 0 0 0 0 0 0 0 0 0 1123 1123 1141 1141 1141 1141 1141 0 0 0
    3238 3238 3238 3269 3269 3269 3300 3300 3300 3300 3300 3300 3269
    3269 3269 3269 3269 3269 3238 3238 3208 3208 3238 3300 3269 3269
    3269 3269 3300 1057 1057 1057 3300 3333 3333 3333 1077 1077 1080
    1080 1084 1080 1080 0 0 0 0 0 0 0 0 0 0 0 0 0 1119 1119 1119 1130
    1134 1130 1130 1130 0 0 3269 3269 3269 3300 3300 3300 3300 3333 3333
    3333 3333 3333 3300 3300 3269 3269 3269 3269 3238 3238 3238 3238
    3238 3269 3269 3269 3269 3269 1060 1057 1057 1057 1060 1060 1067
    1067 1067 1070 1077 1080 1084 1080 1080 1084 1084 1087 0 0 1101 1097
    1097 0 0 0 0 1112 1112 1112 1115 1126 1130 1126 1126 1126 1123 0
    1130 3300 3300 3300 3300 3300 3300 3333 3333 3333 3333 3333 3333
    3333 3300 3269 3269 3238 3238 3238 3238 3238 3238 3269 3269 1077
    1073 1067 1060 1057 1057 1057 1060 1060 1067 1067 1067 1070 1077
    1080 1080 1084 1084 1084 1084 1087 1097 1097 1097 1097 1097 1101
    1101 1101 1105 1112 1112 1112 1112 1119 1126 1123 1123 1123 1123
    1126 1130 1130 1130 3300 3300 3300 3300 3333 3333 3333 3333 1169
    1169 1173 1173 3269 3269 3238 3238 3238 3238 3238 3238 0 1073 1073
    1070 1063 1057 1057 1057 1057 1060 1063 1067 1067 1070 1073 1073
    1077 1080 1084 1084 1084 1087 1087 1094 1094 1097 1097 1097 1097
    1101 1101 1105 1108 1112 1112 1112 1115 1123 1123 1123 1123 1126
    1126 1130 1130 1130 1141 1141 1145 1149 1149 1149 1153 1157 1165
    1165 1169 1169 3300 3300 3238 3208 3208 3238 3238 3238 0 0 1073 1067
    1063 1057 1057 1057 1057 1063 1067 1067 1067 1070 1073 1073 1077
    1080 1084 1084 1087 1087 1087 1090 1090 1097 1097 1097 1097 1101
    1101 1105 1108 1112 1112 1112 1115 1119 1123 1123 1123 1126 1126
    1130 1130 1138 1141 1141 1145 1149 1149 1149 1153 1157 1161 1165
    1165 1165 1165 1165 3208 3208 3208 3208 3208 3238 0 1073 1073 1063
    1060 1054 1054 1054 1054 1067 1067 1067 1067 1070 1073 1073 1073
    1077 1077 1084 1087 1087 1087 1090 1090 1097 1097 1097 1097 1101
    1101 1105 1108 1108 1112 1112 1115 1119 1123 1123 1126 1126 1126
    1126 1130 1138 1141 1141 1145 1149 1149 1153 1153 1157 1161 1165
    1165 1165 1165 1165 3208 3208 3208 3208 3208 3238 1119 1119 1063
    1063 1057 1054 1054 1054 1054 1063 1063 1067 1067 1070 1073 1073
    1073 1077 1077 1084 1087 1087 1087 1087 1087 1090 1094 1097 1101
    1101 1101 1108 1108 1108 1112 1112 1115 1119 1123 1126 1126 1126
    1126 1126 1130 1138 1141 1145 1145 1145 1149 1153 1153 1157 1161
    1161 1165 1165 1165 1165 1165 3208 3208 3208 3208 3238 1119 1119
    1119 1063 1057 1057 1054 1054 1054 1063 1063 1067 1067 1070 1073
    1073 1073 1073 1077 1084 1087 1087 1087 1087 1087 1090 1094 1097
    1097 1101 1101 1105 1108 1108 1112 1112 1115 1115 1123 1123 1126
    1126 1126 1126 1130 1138 1141 1141 1145 1145 1149 1153 1153 1153
    1157 1161 1165 1165 1169 1169 1165 3208 3208 3208 3208 3238 1119
    1112 1112 1067 1060 1057 1054 1054 1054 1060 1063 1067 1067 1070
    1070 1073 1073 1073 1077 1084 1084 1084 1087 1087 1087 1090 1090
    1094 1097 1101 1101 1101 1108 1108 1112 1112 1115 1115 1123 1123
    1126 1126 1126 1130 1130 1138 1141 1141 1145 1145 1149 1149 1153
    1153 1157 1161 1165 1165 1165 1165 0 3238 3238 3238 3238 3238 1119
    1108 1108 1067 1063 1057 1054 1054 1054 1060 1063 1063 1067 1070
    1070 1073 1073 1073 1077 1080 1084 1084 1087 1087 1087 1090 1090
    1094 1097 1101 1101 1101 1105 1108 1108 1112 1115 1115 1119 1119
    1126 1126 1126 1130 1130 1138 1141 1141 1141 1145 1145 1149 1153
    1153 1157 1161 1165 1165 1165 1165 1165 1165 3269 3269 3269 3269
    1108 1108 1084 1070 1067 1060 1054 1054 1060 1060 1063 1063 1067
    1070 1070 1073 1073 1073 1073 1077 1080 1084 1087 1087 1087 1090
    1090 1094 1097 1101 1101 1101 1105 1108 1108 1115 1115 1115 1115
    1119 1126 1126 1126 1130 1130 1138 1141 1141 1141 1145 1145 1149
    1153 1153 1157 1161 1161 1165 1169 1169 1169 0 3365 3365 3333 3333
    1108 1097 1084 1073 1067 1063 1057 1057 1060 1063 1063 1067 1067
    1070 1070 1070 1073 1073 1073 1077 1080 1084 1087 1087 1087 1090
    1090 1094 1097 1101 1101 1101 1105 1108 1108 1115 1115 1115 1115
    1115 1119 1126 1126 1126 1130 1134 1141 1141 1141 1145 1145 1149
    1153 1153 1157 1161 1161 1165 1165 1169 1169 0 3365 3365 3333 3333 0
    1097 1087 1073 1070 1063 1057 1057 1060 1060 1063 1063 1067 1070
    1070 1070 1073 1073 1077 1080 1080 1084 1087 1087 1087 1090 1090
    1094 1097 1101 1101 1101 1105 1108 1108 1112 1112 1115 1115 1115
    1119 1126 1126 1126 1130 1134 1141 1145 1145 1145 1149 1149 1153
    1153 1157 1157 1161 1165 1165 1169 1169 0 3365 3365 3365 3365 0 1097
    1090 1077 1070 1063 1057 1057 1060 1060 1063 1063 1067 1070 1070
    1070 1073 1073 1077 1080 1080 1084 1084 1087 1087 1087 1087 1094
    1094 1097 1101 1101 1105 1105 1108 1112 1112 1115 1115 1119 1119
    1123 1126 1126 1130 1134 1141 1145 1145 1145 1149 1149 1153 1157
    1157 1157 1161 1165 1165 1169 0 0 0 3333 3333 3333 1138 1097 1094
    1084 1070 1060 1054 1054 1060 1060 1063 1063 1067 1067 1070 1070
    1073 1073 1077 1080 1080 1084 1084 1087 1087 1087 1087 1090 1094
    1097 1101 1101 1105 1105 1112 1112 1115 1115 1115 1119 1119 1123
    1126 1126 1130 1134 1138 1141 1145 1145 1149 1149 1153 1153 1157
    1157 1161 1161 1165 1169 0 0 0 3333 3333 3333 1134 1105 1094 1087
    1070 1054 1054 1054 1057 1060 1063 1063 1067 1067 1070 1070 1073
    1073 1073 1077 1080 1084 1084 1087 1087 1087 1087 1090 1094 1097
    1101 1101 1105 1108 1112 1112 1115 1115 1119 1119 1123 1123 1126
    1126 1130 1134 1138 1141 1145 1145 1149 1149 1153 1153 1157 1157
    1161 1161 1165 1165 0 0 0 3333 3333 3333 1130 1115 1094 1090 1070
    1054 1054 1054 1057 1060 1063 1063 1067 1067 1070 1070 1070 1073
    1073 1077 1080 1084 1084 1084 1087 1087 1090 1090 1094 1101 1101
    1101 1101 1108 1112 1112 1115 1115 1119 1119 1123 1126 1126 1130
    1130 1134 1138 1138 1141 1145 1149 1149 1149 1153 1157 1161 1161
    1161 1165 1165 1165 0 3365 3365 3365 3365 1126 1115 1094 1087 1077
    1054 1054 1054 1057 1060 1060 1063 1067 1067 1070 1070 1070 1073
    1073 1077 1080 1084 1084 1084 1087 1087 1090 1094 1094 1101 1101
    1101 1101 1105 1108 1112 1112 1115 1115 1115 1123 1126 1126 1130
    1130 1134 1134 1138 1141 1145 1149 1149 1149 1153 1157 1161 1161
    1161 1165 1165 1165 0 3365 3365 3365 3365 1126 1112 1094 1087 1077
    1057 1054 1054 1057 1060 1060 1063 1067 1067 1070 1070 1070 1073
    1073 1077 1080 1084 1084 1087 1087 1087 1090 1090 1094 1101 1101
    1101 1101 1105 1108 1112 1112 1115 1115 1115 1119 1126 1126 1130
    1130 1134 1134 1138 1141 1145 1145 1149 1153 1153 1161 1161 1161
    1161 1161 1161 1161 0 3365 3365 3365 3365 1123 1112 1101 1090 1077
    1057 1054 1054 1057 1057 1060 1060 1063 1067 1070 1070 1070 1073
    1073 1077 1080 1084 1084 1087 1087 1087 1087 1090 1094 1097 1101
    1101 1101 1105 1108 1112 1112 1115 1115 1115 1119 1126 1126 1130
    1130 1134 1138 1141 1141 1145 1145 1149 1149 1153 1157 1161 1161
    1161 1161 1161 1161 1165 3365 3365 3365 3333 1123 1115 1105 1094
    1060 1057 1054 1054 1057 1057 1060 1060 1063 1067 1070 1070 1070
    1073 1073 1077 1080 1084 1084 1087 1087 1087 1087 1090 1094 1097
