<?xml version="1.0"?>
<opencv_storage>
<Depth10370 type_id="opencv-matrix">
  <rows>86</rows>
  <cols>54</cols>
  <dt>w</dt>
  <data>
    1236 1236 1236 1241 1245 1245 1255 1255 1255 1255 1264 1264 1273
    1273 1283 1283 1283 1288 1288 1141 1138 1134 1134 1134 1134 1138
    1134 1134 1134 0 0 0 2503 2503 2503 2503 2522 2560 2560 2579 2579
    2579 2579 2598 2598 2598 2598 2639 2639 2639 2639 2639 2639 2639
    1245 1245 1245 1250 1250 1250 1255 1259 1259 1264 1268 1273 1278
    1283 1288 1141 1141 1141 1141 1141 1141 1138 1138 1138 1138 1138
    1134 1134 1134 1134 0 0 2503 2503 2503 2503 2522 2560 2579 2579 2579
    2598 2598 2618 2618 2618 2639 2639 2659 2639 2639 2639 2639 2639
    1259 1259 1259 1259 1259 1259 1259 1264 1264 1241 1241 1283 1288
    1292 1145 1141 1141 1141 1141 1145 1145 1141 1141 1141 1138 1138
    1134 1134 1126 1126 1126 0 2503 2503 2503 2522 2560 2579 2579 2579
    2579 2618 2618 2639 2639 2639 2639 2598 2598 2659 2659 2680 3539
    3539 1273 1273 1268 1268 1268 1268 1273 1268 1264 1241 1241 1149
    1149 1149 1145 1145 1145 1145 1145 1145 1145 1145 1141 1141 1138
    1138 1134 1134 1126 1126 1134 0 1134 2541 2541 2541 2560 2598 2598
    2598 2598 2618 2639 2639 2639 2659 3539 2598 2598 2659 2659 3503
    3539 3539 2432 1278 1278 1278 1278 1278 1278 1273 1149 1149 1149
    1149 1149 1149 1149 1149 1145 1145 1145 1145 1145 1145 1141 1141
    1141 1138 1138 1138 1134 1134 1134 1134 0 2598 2598 2598 2598 2618
    2598 2598 2598 2618 2639 2639 2639 3539 3539 3539 3503 3503 3503
    3539 3539 3539 2432 1288 1288 1288 1288 1288 1149 1149 1149 1149
    1149 1149 1149 1149 1149 1149 1149 1149 1149 1145 1145 1145 1141
    1138 1138 1138 1138 1138 1138 1134 1134 1134 0 2639 2639 2639 2639
    2618 2618 3468 3468 3468 3503 3503 3539 3539 3539 3539 3539 3539
    3539 3539 3539 3539 2432 1302 1302 1302 1302 1157 1149 1149 1149
    1149 1149 1149 1149 1149 1149 1149 1149 1149 1145 1145 1145 1145
    1141 1138 1138 1138 1138 1138 1138 1134 1134 1134 0 2659 2659 2639
    2639 2639 3503 3468 3468 3468 3503 3503 3539 3539 3539 3539 3539
    3539 3539 3539 3576 3576 2432 2432 2432 1161 1161 1157 1157 1153
    1153 1153 1153 1153 1149 1149 1149 1149 1149 1149 1145 1145 1145
    1145 1141 1138 1138 1138 1138 1138 1138 1134 1134 1134 1138 0 2680
    2680 3468 3468 3468 3468 3503 3503 3503 3503 3539 3539 3576 3576
    3576 3576 3614 3576 3576 3576 2432 2432 0 1161 1161 1157 1157 1153
    1153 1153 1153 1153 1149 1149 1149 1149 1149 1145 1145 1145 1145
    1145 1141 1138 1138 1138 1138 1138 1138 1134 1134 1138 1138 0 2789
    2789 3503 3503 3468 3468 3503 3503 3503 3503 3539 3539 3576 3576
    3614 3614 3614 3614 3614 3653 2432 2485 0 1157 1157 1157 1157 1157
    1153 1153 1149 1149 1149 1149 1149 1149 1149 1145 1145 1145 1145
    1145 1145 1141 1138 1138 1138 1138 1138 1134 1134 1134 1134 0 3503
    3503 3503 3503 3503 3503 3503 3503 3503 3539 3539 3539 3576 3576
    3614 3614 3653 3614 3614 3653 2485 2485 0 1157 1157 1157 1157 1157
    1153 1153 1149 1149 1149 1149 1149 1149 1149 1145 1145 1145 1145
    1145 1141 1138 1138 1138 1134 1134 1134 1138 1138 1134 1134 1134
    1134 3503 3503 3503 3503 3503 3503 3503 3539 3539 3539 3576 3614
    3614 3614 3614 3653 3614 3614 3653 2485 2485 0 1161 1161 1161 1161
    1157 1153 1153 1153 1153 1153 1149 1149 1149 1149 1145 1145 1145
    1145 1145 1141 1138 1138 1138 1134 1134 1134 1138 1134 1134 1134
    1134 0 3539 3539 3539 3539 3539 3539 3539 3539 3576 3576 3576 3614
    3614 3614 3614 3653 3653 3653 3653 2485 2485 3064 1161 1161 1161
    1157 1153 1153 1153 1149 1149 1153 1149 1149 1149 1149 1145 1145
    1145 1145 1145 1141 1141 1138 1138 1138 1134 1134 1138 1134 1134
    1134 1134 0 3576 3576 3576 3576 3576 3576 3576 3576 3614 3614 3614
    3653 3614 3614 3614 3614 3653 3653 3653 2467 3064 3064 0 1157 1157
    1157 1153 1153 1153 1149 1149 1153 1149 1149 1149 1149 1145 1145
    1145 1145 1145 1141 1141 1138 1138 1138 1134 1134 1138 1134 1134
    1134 1134 1138 3614 3614 3614 3614 3614 3614 3614 3614 3614 3614
    3614 3653 3614 3614 3614 3614 3653 3653 3653 2467 3064 3064 3064
    1157 1157 1157 1153 1153 1153 1153 1153 1149 1149 1149 1149 1149
    1145 1145 1145 1145 1145 1141 1141 1138 1138 1138 1134 1134 1138
    1138 1134 1134 1138 1138 0 3653 3653 3653 3614 3614 3614 3614 3614
    3614 3614 3653 3614 3614 3614 3614 3614 3653 3653 3092 3064 3064
    3064 3064 1157 1157 1153 1153 1153 1153 1153 1149 1149 1149 1149
    1149 1145 1145 1145 1145 1145 1141 1141 1138 1138 1138 1138 1138
    1138 1138 1134 1134 1138 1138 0 3653 3653 3653 3614 3614 3614 3614
    3614 3614 3653 3653 3614 3614 3614 3614 3614 3653 3653 3178 3178
    3178 3178 0 1161 1161 1157 1153 1153 1153 1153 1149 1149 1149 1149
    1149 1145 1145 1145 1145 1145 1141 1141 1138 1138 1138 1138 1138
    1138 1138 1134 1134 1134 1134 0 3653 3653 3653 3614 3614 3614 3576
    3576 3614 3614 3653 3614 3614 3614 3614 3614 3653 3653 3238 3238
    3238 3120 3120 1157 1157 1157 1153 1153 1153 1153 1149 1149 1149
    1149 1149 1145 1145 1145 1141 1141 1141 1141 1138 1138 1138 1138
    1138 1138 1138 1134 1134 1134 1134 1134 1134 3653 3653 3614 3576
    3576 3539 3539 3576 3614 3614 3614 3614 3653 3653 3653 3653 3692
    3208 3149 3120 3120 3120 0 1157 1157 1157 1153 1153 1153 1149 1149
    1149 1149 1149 1145 1145 1141 1141 1141 1141 1141 1138 1138 1138
    1138 1138 1134 1134 1134 1134 1130 1130 1130 0 3653 3653 3614 3576
    3576 3539 3539 3539 3576 3576 3576 3576 3614 3653 3653 3692 3653
    3149 3120 3120 3120 3120 0 1157 1157 1157 1153 1153 1153 1153 1153
    1149 1149 1149 1145 1145 1141 1141 1141 1141 1141 1138 1138 1138
    1138 1138 1134 1134 1134 1134 1130 1130 1130 0 3614 3614 3614 3576
    3576 3539 3539 3539 3539 3576 3576 3576 3614 3614 3614 3614 3614
    3120 3092 3092 3092 0 0 0 1161 1161 1157 1153 1153 1153 1153 1149
    1149 1149 1145 1145 1141 1141 1141 1141 1141 1138 1138 1138 1138
    1138 1138 1138 1134 1134 1134 1134 1134 1134 0 3614 3614 3576 3576
    3539 3539 3539 3539 3576 3576 3576 3614 3614 3576 3576 3576 3120
    3092 3092 3092 0 0 0 1165 1165 1157 1153 1153 1153 1153 1149 1149
    1149 1145 1145 1141 1141 1141 1141 1141 1138 1138 1138 1138 1138
    1138 1138 1134 1134 1134 1134 1134 1134 0 3614 3614 3576 3576 3539
    3539 3539 3539 3576 3576 3614 3614 3576 3576 3576 3576 3120 3092
    3092 3092 0 0 0 0 0 1157 1153 1153 1153 1153 1149 1149 1149 1149
    1145 1141 1141 1141 1141 1141 1141 1138 1138 1138 1138 1138 1138
    1134 1134 1134 1134 1134 1138 0 1138 0 3576 3576 3539 3539 3539 3539
    3576 3576 3614 3614 3576 3576 3576 3576 3503 3503 3539 3503 3503 0 0
    0 0 1157 1153 1153 1153 1153 1149 1149 1149 1149 1149 1141 1141 1141
    1141 1141 1141 1138 1138 1138 1138 1138 1138 1134 1134 1134 1134
    1134 1134 1134 0 3576 0 3576 3539 3539 3539 3539 3576 3576 3614 3614
    3614 3576 3576 3576 3503 3503 3539 3503 3503 0 0 0 0 1157 1153 1153
    1153 1149 1149 1149 1149 1149 1149 1145 1145 1141 1141 1141 1141
    1138 1138 1138 1138 1138 1134 1134 1134 1134 1134 1130 1130 1130 0 0
    3539 3539 3539 3539 3539 3539 3576 3576 3614 3614 3653 3614 3614
    3576 3503 3503 3539 3503 3503 0 0 0 0 1157 1153 1153 1153 1149 1149
    1149 1149 1149 1149 1145 1145 1141 1141 1141 1141 1138 1138 1138
    1138 1138 1134 1134 1134 1134 1134 1130 1130 1130 0 0 0 3503 3503
    3539 3539 3539 3576 3576 3614 3653 3653 3653 3653 3614 3539 3539
    3539 3503 3503 0 0 0 0 0 1153 1153 1153 1149 1149 1149 1149 1149
    1149 1145 1145 1141 1141 1141 1141 1138 1138 1138 1138 1138 1134
    1134 1134 1134 1130 1130 1130 0 1126 0 3468 3468 3468 3503 3539 3539
    3576 3576 3614 3653 3653 3653 3692 3653 3539 3539 3539 3539 3539 0 0
    0 0 0 1153 1153 1153 1153 1149 1149 1149 1149 1149 1145 1145 1141
    1141 1141 1141 1138 1138 1138 1138 1138 1138 1134 1134 1134 1130
    1130 1126 1126 0 0 0 3468 3468 3503 3539 3539 3576 3576 3576 3614
    3614 3653 3653 3653 3503 3539 3539 3539 3503 3503 0 0 0 0 1153 1153
