<?xml version="1.0"?>
<opencv_storage>
<Depth3971 type_id="opencv-matrix">
  <rows>7</rows>
  <cols>24</cols>
  <dt>w</dt>
  <data>
    4983 4911 4911 4911 4911 4911 4911 4983 4983 4911 4911 4911 4911
    4911 4911 4911 4911 4911 4842 4708 4708 4708 5640 5640 4983 4983
    4911 4911 4911 4911 4911 4911 4911 4911 4842 4842 4911 4911 4911
    4911 4911 4842 4774 4708 4708 4645 4645 4645 4983 4983 4983 4983
    4911 4911 4911 4911 4911 4911 4842 4842 4911 4911 4911 4911 4911
    4842 4774 4708 4708 4645 4645 4708 4983 4983 4983 4983 4911 4911
    4911 4911 4911 4842 4842 4842 4911 4911 4911 4842 4842 4842 4774
    4774 4774 4708 4708 4645 4983 4983 4983 4983 4983 4983 4983 4983
    4911 4842 4842 4842 4842 4911 4842 4842 4842 4842 4842 4774 4774
    4774 4708 4645 0 0 5056 4983 4983 4983 4983 4983 4911 4911 4842 4842
    4842 4911 4842 4842 4842 4842 4842 4774 4774 4774 4645 4645 0 0 0 0
    0 0 4983 4983 0 0 0 0 4911 4911 4911 4911 4911 4911 4842 4842 4708
    4708 4522 4522</data></Depth3971>
</opencv_storage>
