<?xml version="1.0"?>
<opencv_storage>
<Depth16193 type_id="opencv-matrix">
  <rows>44</rows>
  <cols>33</cols>
  <dt>w</dt>
  <data>
    4463 4463 4463 2415 2415 2415 2415 4463 4405 4405 4405 4349 4349
    4405 4405 4405 4405 4405 4405 4405 4405 4405 4405 2301 2286 2286
    2271 2271 2271 4463 4405 4405 4463 2415 2415 2415 2415 2415 2398
    2381 2381 4405 4405 4405 4349 2349 2317 2317 2301 2301 2286 2286
    2286 2271 2271 2286 2286 2286 2286 2271 2271 2317 4463 4405 4405
    4463 2415 2415 2415 2415 2398 2381 2349 2349 2349 2349 2349 2333
    2333 2301 2301 2301 2286 2286 2271 2271 2271 2271 2271 2271 2271
    2271 2286 2286 2301 4463 4463 4463 4463 2415 2415 2415 2415 2398
    2381 2349 2349 2349 2333 2317 2301 2286 2286 2286 2286 2271 2256
    2256 2241 2241 2241 2256 2271 2271 2271 2271 2286 2301 4463 4463
    4463 4463 2415 2398 2398 2398 2398 2365 2349 2349 2349 2333 2317
    2301 2286 2286 2286 2271 2256 2256 2241 2241 2241 2241 2256 2256
    2271 2271 2271 2286 2286 2286 4463 4463 4463 2415 2398 2398 2398
    2381 2365 2349 2349 2349 2333 2317 2317 2301 2286 2286 2271 2256
    2256 2241 2241 2241 2256 2256 2256 2271 2271 2271 2286 2286 2286
    4463 4405 4405 2398 2398 2398 2398 2381 2381 2365 2349 2349 2333
    2333 2333 2301 2286 2286 2271 2271 2256 2256 2256 2256 2256 2256
    2271 2271 2271 2271 2286 2286 2286 4463 4405 4405 2398 2398 2398
    2398 2381 2365 2365 2349 2349 2349 2333 2333 2317 2301 2286 2286
    2271 2271 2256 2256 2256 2256 2256 2271 2271 2271 2271 2286 2286
    2286 4463 4463 4463 2381 2398 2398 2398 2381 2365 2365 2349 2349
    2349 2333 2333 2333 2301 2286 2286 2271 2271 2256 2256 2241 2241
    2256 2256 2271 2271 2271 2286 2286 2286 4463 4463 4463 2381 2398
    2398 2398 2381 2365 2365 2349 2349 2349 2333 2333 2333 2301 2286
    2286 2271 2271 2256 2241 2241 2241 2256 2256 2271 2271 2271 2286
    2301 2301 4463 4463 4463 2381 2415 2415 2398 2398 2381 2365 2349
    2349 2349 2333 2333 2333 2301 2286 2286 2271 2271 2271 2241 2241
    2241 2256 2256 2271 2271 2286 2286 2301 2301 4405 4405 4405 2398
    2415 2415 2398 2398 2381 2365 2349 2349 2349 2333 2333 2333 2301
    2286 2286 2271 2271 2271 2241 2241 2241 2256 2271 2271 2271 2286
    2286 2301 2301 4405 4405 4405 2415 2415 2398 2398 2398 2381 2365
    2349 2349 2349 2349 2333 2333 2301 2286 2286 2286 2271 2271 2256
    2256 2256 2256 2271 2271 2271 2286 2286 2301 2301 4405 4405 4405
    2415 2415 2398 2398 2398 2381 2365 2349 2349 2349 2349 2333 2317
    2317 2286 2286 2286 2271 2271 2256 2256 2256 2256 2271 2271 2271
    2286 2286 2301 2301 4405 4405 4405 2415 2415 2415 2398 2398 2381
    2365 2349 2349 2349 2349 2333 2317 2301 2301 2301 2286 2271 2271
    2256 2256 2256 2256 2271 2271 2286 2286 2286 2301 2301 4463 4463
    4463 2415 2415 2415 2415 2398 2381 2365 2349 2349 2349 2349 2333
    2317 2301 2301 2286 2286 2271 2271 2256 2256 2256 2256 2271 2271
    2286 2286 2286 2301 2301 2301 4463 4463 2432 2415 2415 2415 2398
    2398 2381 2365 2349 2349 2349 2333 2317 2301 2301 2286 2286 2271
    2271 2256 2256 2256 2256 2271 2271 2271 2271 2286 2301 2301 2301
    4582 4522 2432 2415 2415 2415 2398 2398 2381 2365 2349 2349 2349
    2333 2317 2301 2286 2286 2286 2286 2271 2271 2256 2256 2256 2271
    2271 2271 2271 2301 2301 2301 2301 4582 4522 2432 2415 2415 2415
    2398 2398 2381 2365 2349 2349 2349 2333 2317 2301 2286 2286 2286
    2286 2271 2271 2271 2256 2256 2271 2271 2271 2271 2301 2301 2301
    2301 4645 4522 4463 2415 2415 2398 2398 2398 2381 2365 2365 2349
    2349 2333 2333 2317 2301 2286 2286 2286 2271 2271 2271 2256 2256
    2256 2271 2271 2271 2286 2301 2301 2301 4645 4522 4522 2415 2415
    2398 2398 2398 2381 2381 2365 2349 2349 2333 2333 2317 2301 2286
    2286 2286 2286 2271 2271 2256 2256 2256 2271 2271 2286 2286 2301
    2301 2301 4645 4522 4522 2432 2415 2398 2398 2398 2398 2381 2365
    2349 2349 2333 2333 2333 2317 2301 2301 2286 2286 2271 2271 2271
    2271 2271 2271 2271 2286 2286 2301 2301 2301 4645 4522 4522 2432
    2415 2415 2398 2398 2398 2381 2365 2349 2349 2333 2333 2333 2317
    2301 2286 2286 2286 2271 2271 2271 2271 2271 2271 2271 2286 2286
    2301 2301 2301 2301 4522 4463 4463 2415 2415 2415 2398 2398 2381
    2365 2349 2349 2349 2333 2333 2317 2301 2286 2286 2286 2286 2271
    2271 2271 2271 2271 2271 2286 2286 2301 2301 2301 2301 4463 4463
    4463 2415 2415 2415 2398 2398 2381 2365 2349 2349 2349 2333 2333
    2317 2301 2301 2286 2286 2286 2271 2271 2271 2271 2271 2271 2286
    2286 2301 2301 2301 2333 4463 4463 4463 2415 2415 2415 2398 2398
    2381 2381 2349 2349 2349 2333 2333 2317 2317 2301 2286 2286 2286
    2271 2271 2271 2271 2271 2271 2286 2286 2301 2301 2317 2333 2333
    4522 4522 2415 2415 2415 2415 2398 2398 2381 2365 2349 2349 2333
    2333 2333 2317 2301 2286 2286 2286 2271 2271 2271 2271 2271 2271
    2286 2286 2301 2301 2317 2333 2333 4522 4522 2415 2415 2415 2415
    2398 2398 2381 2381 2349 2349 2333 2333 2333 2333 2317 2301 2286
    2286 2271 2271 2271 2271 2271 2271 2286 2286 2301 2301 2317 2333
    2333 4582 4582 2415 2415 2415 2415 2398 2398 2381 2381 2349 2349
    2333 2333 2333 2317 2317 2301 2286 2286 2271 2271 2271 2271 2271
    2271 2286 2286 2301 2317 2317 2333 2333 4582 4582 2415 2415 2415
    2415 2398 2398 2381 2381 2349 2349 2333 2333 2333 2317 2317 2301
    2286 2286 2271 2271 2271 2271 2271 2271 2286 2301 2301 2317 2317
    2333 2333 4582 4582 2432 2432 2415 2415 2398 2398 2381 2381 2349
    2349 2333 2333 2317 2317 2317 2301 2286 2286 2271 2271 2271 2271
    2271 2271 2286 2301 2301 2317 2333 2333 2333 4582 4582 4582 2432
    2432 2415 2398 2398 2381 2381 2365 2349 2333 2333 2317 2301 2301
    2301 2286 2286 2271 2271 2271 2271 2271 2271 2286 2301 2317 2317
    2333 2333 2333 4522 4522 4463 2432 2432 2415 2415 2398 2381 2381
    2365 2349 2349 2333 2317 2301 2301 2301 2286 2286 2271 2271 2271
    2271 2271 2271 2286 2301 2317 2317 2317 2333 2333 4522 4522 4405
    2432 2432 2415 2415 2398 2381 2381 2365 2349 2349 2333 2333 2317
    2317 2301 2286 2286 2271 2271 2271 2271 2271 2271 2286 2301 2301
    2317 2317 2333 2333 4522 4522 4405 2432 2432 2415 2415 2398 2381
    2381 2365 2349 2349 2333 2333 2317 2317 2301 2286 2286 2271 2271
    2271 2271 2271 2271 2286 2301 2301 2317 2317 2333 2365 4522 4522
    4405 2415 2415 2415 2415 2398 2398 2381 2365 2349 2349 2333 2333
    2333 2317 2301 2286 2286 2271 2271 2271 2271 2271 2271 2286 2301
    2301 2317 2317 2333 2365 4582 4522 4463 2415 2415 2415 2415 2398
    2398 2381 2365 2365 2349 2349 2333 2333 2333 2317 2301 2286 2271
    2271 2271 2271 2271 2271 2286 2301 2317 2317 2317 2333 2365 4582
    4582 4582 2415 2415 2415 2415 2398 2398 2381 2365 2365 2349 2349
    2333 2333 2333 2317 2301 2286 2286 2271 2271 2271 2271 2271 2286
    2301 2317 2333 2333 2349 2349 4582 4582 4582 2415 2415 2415 2415
    2415 2398 2381 2381 2365 2349 2349 2333 2333 2333 2317 2317 2301
    2286 2271 2271 2271 2271 2271 2286 2301 2317 2333 2333 2349 2349
    4582 4582 4582 2415 2415 2415 2415 2415 2398 2398 2381 2365 2365
    2349 2349 2333 2333 2317 2317 2301 2286 2271 2271 2271 2271 2271
    2271 2286 2301 2333 2349 2349 2349 4582 4582 4582 2432 2432 2432
    2415 2415 2415 2398 2381 2365 2365 2349 2349 2333 2333 2333 2317
    2301 2271 2271 2271 2271 2271 2271 2271 2271 2271 2271 2349 2365
    2365 4582 4582 4582 4582 4582 4582 4582 2415 2415 2398 2381 2365
    2349 2349 2349 2349 2333 2333 2317 2301 2271 2271 2271 2271 2271
    2271 2271 2271 2271 2271 2349 2365 4522 4582 4522 4522 4522 4582
    4582 4582 4582 4582 4582 4582 2365 2349 2349 2349 2349 2333 2333
    2333 2317 2271 2271 2271 2271 2271 2271 2271 2271 4582 4582 4582
    4582 4522 4582 4522 4522 4522 4582 4582 4582 4582 4582 4582 4522
    4522 2349 2349 2349 2349 2365 4463 4463 4522 4582 2271 2271 2271
    2271 2301 4582 4522 4522 4582 4582 4582 4522</data></Depth16193>
</opencv_storage>
