<?xml version="1.0"?>
<opencv_storage>
<Depth11045 type_id="opencv-matrix">
  <rows>102</rows>
  <cols>38</cols>
  <dt>w</dt>
  <data>
    3300 3300 3300 3300 0 0 0 0 0 0 0 0 1134 1126 1126 1119 1115 1112
    1112 1108 1108 1108 1097 1094 1094 3064 3064 3064 3178 3178 3178
    3178 3149 3064 3064 3064 3037 3037 3300 3300 3300 3300 0 0 0 0 0 0 0
    0 1134 1126 1126 1119 1115 1112 1112 1097 1097 1097 1097 1094 1094
    1097 1115 1115 1119 1123 1126 1126 989 989 989 3037 3037 3037 3300
    3300 3300 3300 0 0 0 0 0 0 0 0 0 1119 1119 1119 1115 1112 1112 1094
    1094 1090 1090 1090 1090 1090 1105 1108 1112 1115 1123 989 989 989 0
    0 3037 3037 3333 3333 3333 0 0 0 0 0 0 0 0 0 0 1016 1031 1031 1031
    1031 1112 1090 1090 1090 1084 1084 1084 1084 1105 1105 1108 995 995
    989 989 989 987 987 0 3037 3300 3300 0 0 0 0 0 0 0 0 0 0 0 1016 1016
    1022 1028 1025 1025 1025 1025 1025 1077 1073 1060 1060 1057 1050
    1050 995 995 992 992 987 987 987 0 3064 3269 3300 0 0 0 0 0 0 0 992
    992 1016 1016 1016 1016 1019 1028 1025 1025 1025 1025 1025 1025 1025
    1057 1057 1054 1044 1044 995 995 992 992 987 987 987 0 0 3269 3300 0
    0 0 0 0 0 0 992 992 998 1016 1013 1013 1016 1022 1019 1019 1025 1025
    1025 1025 1019 1013 1013 1054 1041 1004 998 995 992 992 987 984 984
    984 0 3300 3300 0 0 0 0 0 0 992 992 995 998 1004 1007 1004 1001 998
    995 995 998 998 1025 1013 1013 992 992 992 992 998 995 992 989 989
    987 984 984 981 981 3300 3300 0 0 0 0 0 989 989 992 995 998 998 1001
    995 995 995 995 995 995 995 992 989 989 992 992 992 992 992 992 989
    987 987 984 984 981 981 981 3333 3333 0 0 0 0 0 989 989 992 998 998
    998 998 995 995 995 992 992 992 992 989 989 989 989 992 989 989 989
    987 987 984 984 984 984 981 981 981 3365 0 0 0 0 0 0 0 998 998 998
    998 998 998 995 995 995 992 992 992 992 989 989 989 989 989 989 989
    989 987 984 984 984 984 984 981 981 981 3365 0 0 0 0 0 0 0 1004 1001
    1001 998 995 995 995 995 995 992 992 992 992 992 989 989 989 989 989
    989 989 987 984 984 984 984 984 981 981 981 3365 0 0 0 0 0 0 0 1004
    1004 1001 998 995 995 995 995 995 995 995 995 992 992 992 989 989
    989 989 989 989 987 987 987 984 984 984 984 981 981 3365 0 0 0 0 0 0
    0 1004 1004 1004 1001 998 998 998 998 995 995 995 995 992 992 992
    992 989 989 989 989 989 989 989 989 987 987 987 984 984 984 3365 0 0
    0 0 0 0 0 1004 1004 1001 998 998 998 998 998 998 995 995 995 992 992
    992 992 992 992 989 989 989 989 989 989 987 987 987 984 984 984 3333
    0 0 0 0 0 0 1004 1004 1004 1001 998 998 998 998 998 998 995 995 995
    992 992 992 992 992 992 989 989 989 987 987 987 987 987 987 984 981
    981 3300 0 0 0 0 0 0 1004 1004 1001 1001 1001 1001 1001 998 998 998
    995 995 995 992 992 992 992 992 992 992 989 987 987 987 987 987 987
    987 984 981 981 3300 0 0 0 0 0 0 1004 1004 1001 1001 1001 1001 1001
    998 998 998 995 995 995 995 995 995 992 992 992 989 989 987 987 987
    987 987 987 987 984 984 984 3300 0 0 0 0 0 0 1010 1004 1004 1001
    1001 1001 1001 1001 998 998 995 995 995 995 995 995 995 992 992 989
    989 989 989 987 987 987 987 989 987 987 987 3300 0 0 0 0 0 0 1007
    1004 1004 1004 1001 1001 1001 1001 1001 998 998 998 998 998 995 995
    995 992 992 992 989 989 989 989 987 987 987 989 987 987 987 3333 0 0
    0 0 0 0 1007 1004 1004 1004 1004 1004 1004 1001 1001 1001 998 998
    998 998 995 995 995 995 992 992 992 992 992 989 989 987 987 987 984
    984 984 3365 0 0 0 0 0 0 1007 1007 1004 1004 1004 1004 1004 1001
    1001 998 998 998 998 998 998 995 995 995 995 995 992 992 992 989 989
    987 987 987 984 984 984 3365 0 0 0 0 0 0 1007 1007 1004 1004 1004
    1004 1004 1001 1001 998 998 998 998 998 998 995 995 995 995 995 992
    992 992 992 989 989 987 987 984 984 984 3365 0 0 0 0 0 0 1007 1007
    1004 1004 1004 1004 1004 1001 1001 1001 998 998 998 998 998 995 995
    995 995 995 992 992 992 992 989 989 987 987 984 984 984 0 0 0 0 0 0
    0 1010 1007 1004 1004 1004 1004 1004 1004 1001 1001 1004 1001 1001
    998 998 995 995 995 995 995 992 992 992 992 992 989 987 987 984 984
    984 0 0 0 0 0 0 0 1010 1007 1007 1007 1007 1004 1004 1004 1004 1001
    1001 1001 1001 1001 998 995 995 995 995 995 992 992 992 992 992 992
    989 987 984 981 981 0 0 0 0 0 0 1010 1007 1007 1007 1007 1007 1007
    1004 1004 1004 1001 1001 1001 1001 1001 998 995 995 995 995 995 992
    992 992 989 989 992 989 989 984 981 981 0 0 0 0 0 0 1010 1007 1007
    1007 1007 1007 1007 1004 1004 1004 1004 1001 1001 1001 1001 998 995
    995 995 995 995 992 992 992 989 989 992 992 989 987 987 987 0 0 0 0
    0 0 0 1007 1007 1007 1007 1007 1007 1004 1004 1004 1004 1004 1004
    1004 1001 1001 998 995 995 995 995 992 992 992 992 992 992 992 989
    987 987 0 0 0 0 0 0 0 0 1010 1010 1007 1007 1007 1007 1004 1004 1004
    1004 1004 1004 1004 1001 1001 998 998 995 995 995 992 992 992 992
    992 992 992 989 987 987 0 0 0 0 0 0 0 0 1013 1010 1007 1007 1007
    1007 1004 1004 1004 1004 1004 1004 1001 1001 1001 998 998 995 995
    995 992 992 992 992 992 992 992 989 989 989 989 0 0 0 0 0 0 0 1016
    1010 1010 1007 1007 1007 1004 1004 1004 1004 1004 1001 1001 1001
    1001 998 998 995 995 995 992 992 992 992 992 992 992 992 989 989 0 0
    0 0 0 0 0 1016 1013 1013 1010 1007 1007 1007 1007 1004 1004 1004
    1004 1001 1001 1001 1001 998 998 995 995 995 998 995 995 992 992 992
    992 992 989 989 0 0 0 0 0 0 1013 1013 1013 1013 1010 1010 1007 1007
    1007 1004 1004 1004 1004 1004 1001 1001 1001 998 998 995 995 995 998
    998 995 992 992 992 992 992 992 0 0 0 0 0 0 0 1013 1010 1010 1010
    1010 1010 1007 1007 1007 1004 1004 1004 1004 1004 1004 1001 1001 998
    998 998 995 995 998 998 998 992 992 992 992 992 992 992 0 0 0 0 0 0
    1013 1010 1010 1010 1010 1010 1010 1010 1007 1007 1004 1004 1004
    1004 1004 1004 1001 1001 998 998 998 998 998 998 998 995 995 995 992
    992 992 992 0 0 0 0 0 0 0 1010 1010 1010 1010 1010 1010 1010 1007
    1007 1004 1004 1004 1007 1004 1004 1001 1001 998 998 998 998 998 998
    995 995 995 995 995 992 992 992 0 0 0 0 0 0 0 1010 1010 1013 1013
    1013 1010 1007 1007 1007 1007 1007 1007 1007 1007 1004 1004 1001
    1001 998 998 998 998 998 995 995 995 995 995 992 992 992 0 0 0 0 0 0
    0 1016 1016 1013 1013 1013 1010 1007 1007 1007 1010 1010 1007 1007
    1007 1004 1004 1001 1001 998 998 998 998 1001 998 995 995 995 995
    992 992 992 0 0 0 0 0 0 1022 1016 1016 1016 1013 1013 1013 1010 1010
    1010 1010 1010 1007 1007 1007 1004 1004 1004 1001 1001 998 998 998
    1001 1001 1001 1001 998 995 995 995 995 0 0 0 0 0 0 1022 1019 1016
    1016 1016 1013 1010 1010 1010 1010 1010 1010 1007 1007 1007 1004
    1004 1004 1004 1001 1001 998 998 998 998 1001 1001 998 998 995 995 0
    0 0 0 0 0 0 1022 1019 1016 1016 1013 1013 1010 1010 1010 1010 1010
    1010 1007 1007 1004 1004 1004 1004 1004 1004 1001 998 998 998 998
    998 995 995 995 995 995 995 0 0 0 0 0 0 1022 1019 1016 1016 1013
    1013 1013 1013 1013 1010 1010 1007 1007 1007 1004 1004 1007 1007
    1007 1004 1004 1001 998 998 998 998 995 995 995 995 995 995 0 0 0 0
    0 0 1022 1019 1016 1016 1016 1013 1013 1016 1013 1010 1010 1007 1007
    1007 1007 1007 1007 1007 1007 1007 1004 1004 998 998 998 998 995 995
    995 995 995 995 0 0 0 0 0 0 1025 1019 1016 1016 1016 1016 1016 1016
    1013 1010 1010 1010 1007 1007 1007 1007 1007 1007 1004 1004 1004
    1004 1001 998 998 998 995 995 995 995 995 995 0 0 0 0 0 0 1025 1019
    1019 1016 1016 1016 1016 1016 1013 1010 1010 1010 1010 1010 1007
    1007 1004 1004 1004 1004 1004 1004 1001 1001 998 998 998 995 995 995
    995 995 0 0 0 0 0 0 1022 1019 1019 1016 1016 1016 1016 1013 1013
    1010 1010 1010 1010 1010 1007 1007 1004 1004 1004 1004 1004 1004
    1004 1001 1001 998 998 998 998 995 995 995 995 0 0 0 0 0 1019 1019
    1019 1019 1019 1016 1016 1013 1013 1010 1010 1010 1010 1010 1007
    1004 1004 1007 1004 1004 1004 1004 1004 1001 1001 1001 1001 998 995
    995 995 995 0 0 0 0 0 0 1019 1019 1019 1019 1019 1016 1016 1016 1016
