<?xml version="1.0"?>
<opencv_storage>
<Depth18459 type_id="opencv-matrix">
  <rows>8</rows>
  <cols>21</cols>
  <dt>w</dt>
  <data>
    5933 5933 5933 5933 5933 6038 5933 5933 5933 5933 5933 5933 5933
    5933 7178 7332 7332 7332 7178 7178 7178 5832 5832 5832 5933 6038
    6038 6038 6038 6038 6038 7178 7178 7178 7332 7332 7332 7332 7332
    7332 7332 7332 5832 5832 5832 5933 6038 6038 6038 7178 7332 7332
    7332 7332 7332 7332 7332 7178 7178 7178 7332 7332 7332 7492 7492
    7492 7492 7332 7332 7332 7332 7332 7332 7332 7332 7178 7178 7178
    7178 7178 7178 7178 7178 7332 7492 7492 7492 7492 7492 7332 7332
    7332 7332 7332 7332 7178 7178 7178 7178 7030 7030 7030 7178 7178
    7660 7492 7492 7492 7492 7332 7332 7332 7332 7332 7332 7332 7178
    7030 7030 7030 7030 7030 7030 0 0 8212 7492 7492 7492 7332 7332 7332
    7332 7178 7178 7178 7332 7178 7030 7030 7030 0 0 0 0 0 0 7492 7332
    7332 7332 7178 7178 7178 7178 7178 7178 7332 7332 7332 0 0 0 0 0 0 0
    0</data></Depth18459>
</opencv_storage>
