<?xml version="1.0"?>
<opencv_storage>
<Depth12420 type_id="opencv-matrix">
  <rows>23</rows>
  <cols>16</cols>
  <dt>w</dt>
  <data>
    6753 6889 6889 4405 4405 4405 4349 4295 4241 4190 4190 4241 6497
    6497 6622 6622 6753 4463 4463 4405 4405 4349 4295 4241 4241 4190
    4190 4241 4241 4190 4190 6622 6753 4463 4463 4405 4405 4349 4241
    4241 4241 4241 4241 4241 4241 4190 4190 6622 4463 4463 4405 4405
    4349 4295 4241 4241 4241 4241 4241 4241 4241 4190 4190 6622 4405
    4405 4405 4405 4349 4295 4295 4241 4241 4241 4241 4241 4241 4241
    4241 6622 4405 4405 4405 4405 4349 4295 4295 4241 4241 4241 4241
    4241 4241 4241 4241 4241 4463 4463 4405 4405 4349 4295 4295 4241
    4190 4190 4190 4241 4241 4241 4241 4241 4463 4463 4405 4405 4349
    4295 4295 4241 4190 4190 4190 4190 4190 4241 4190 4190 4463 4463
    4405 4349 4349 4295 4295 4241 4190 4190 4190 4190 4190 4241 4190
    4190 4463 4463 4405 4349 4349 4295 4295 4241 4190 4190 4190 4190
    4190 4190 4190 4190 4405 4405 4405 4349 4349 4295 4295 4241 4190
    4190 4190 4190 4190 4190 4190 4190 4349 4349 4405 4349 4349 4295
    4295 4241 4190 4190 4190 4190 4190 4190 4190 4241 4349 4349 4405
    4405 4405 4349 4349 4241 4241 4241 4241 4241 4241 4190 4190 4241
    6622 4405 4405 4405 4405 4349 4295 4241 4241 4241 4241 4241 4241
    4241 4241 4241 6622 4405 4405 4405 4405 4349 4295 4241 4241 4241
    4241 4241 4241 4241 4241 4190 6622 4405 4405 4405 4405 4349 4295
    4295 4241 4190 4190 4190 4190 4190 4241 4190 6622 4405 4405 4405
    4405 4349 4295 4295 4241 4190 4190 4190 4190 4190 4241 4190 6622
    4405 4405 4405 4405 4349 4295 4241 4241 4190 4190 4190 4190 4190
    4241 4190 6622 4463 4405 4405 4405 4349 4295 4241 4241 4190 4190
    4190 4190 4241 4241 4190 6622 4463 4463 4405 4405 4349 4295 4241
    4241 4241 4190 4190 4190 4241 4190 4190 6622 4522 4463 4405 4405
    4405 4405 4295 4241 4241 4241 4241 4241 4241 4190 4190 6622 6622
    4463 4405 4405 4405 4405 4349 4295 4241 4190 4190 4241 4241 4241
    4241 6622 6622 6622 4463 4405 4349 4349 4405 4463 4241 4190 4190
    4241 4241 4241 4295</data></Depth12420>
</opencv_storage>
