<?xml version="1.0"?>
<opencv_storage>
<Depth18241 type_id="opencv-matrix">
  <rows>11</rows>
  <cols>7</cols>
  <dt>w</dt>
  <data>
    6753 6753 6622 6497 6146 6146 6038 6622 6622 6622 6497 6497 6497
    6497 6497 6497 6622 6497 6497 6497 6497 6497 6497 6622 6622 6622
    6497 6497 6497 6622 6497 6497 6622 6622 6622 6497 6497 6497 6497
    6497 6622 6622 6497 6497 6497 6497 6497 6497 5640 6146 6497 6497
    6497 6497 6497 6497 6146 6497 6497 6497 6375 6375 6497 6622 6497
    6497 6497 6375 6375 6497 6622 6622 6622 6497 6497 6497 6146</data></Depth18241>
</opencv_storage>
