<?xml version="1.0"?>
<opencv_storage>
<Depth0844 type_id="opencv-matrix">
  <rows>26</rows>
  <cols>39</cols>
  <dt>w</dt>
  <data>
    4405 4405 4405 2812 2812 2812 2789 2767 2767 2789 2812 2789 2767
    2767 2767 2812 2812 2812 2812 2767 2767 2767 2767 2789 4295 4295
    4349 4349 4349 4295 4295 4295 4295 4295 4295 4241 4241 4241 4241
    4405 2812 2812 2789 2789 2789 2767 2767 2767 2789 2789 2789 2789
    2789 2789 2789 2789 2789 2767 2767 2767 2767 2767 2789 2767 2767
    2744 2744 2744 2723 2723 2744 4349 4349 4349 4295 4295 4295 4241
    4405 2789 2789 2789 2789 2789 2767 2767 2789 2789 2789 2789 2789
    2767 2767 2767 2789 2789 2767 2767 2767 2767 2767 2789 2767 2767
    2744 2744 2744 2723 2723 2744 2744 2767 2789 2789 4295 4295 4241
    4405 2789 2789 2789 2789 2789 2767 2767 2789 2789 2789 2789 2789
    2767 2767 2767 2789 2789 2767 2767 2767 2767 2767 2767 2767 2767
    2767 2767 2767 2767 2767 2744 2744 2767 2767 2767 2767 4295 4241
    4349 2767 2767 2767 2767 2789 2767 2767 2789 2789 2789 2789 2767
    2767 2767 2767 2789 2789 2767 2767 2767 2767 2767 2767 2767 2767
    2767 2767 2767 2767 2767 2767 2767 2767 2767 2744 2744 4349 4295
    4349 2767 2767 2767 2767 2789 2789 2789 2789 2789 2789 2789 2767
    2767 2767 2767 2789 2789 2767 2767 2767 2767 2767 2767 2767 2767
    2767 2767 2767 2767 2767 2767 2767 2767 2767 2744 2744 4349 4295
    4463 4463 2789 2767 2767 2789 2789 2789 2789 2767 2767 2789 2767
    2767 2767 2767 2789 2789 2767 2767 2767 2767 2767 2767 2767 2767
    2767 2767 2767 2767 2767 2767 2744 2744 2767 2744 2744 4349 4349
    4463 2812 2789 2789 2789 2789 2789 2789 2789 2767 2767 2789 2789
    2789 2767 2767 2767 2767 2767 2767 2767 2767 2767 2767 2767 2789
    2789 2767 2767 2767 2767 2767 2744 2744 2767 2744 2744 4349 4295
    4405 2812 2812 2812 2789 2789 2789 2789 2789 2767 2767 2789 2789
    2789 2767 2767 2767 2744 2744 2767 2767 2767 2767 2767 2767 2789
    2767 2767 2767 2767 2789 2767 2767 2767 2744 2744 2744 4295 4295
    2789 2789 2812 2812 2789 2789 2789 2789 2789 2789 2789 2789 2789
    2789 2767 2767 2767 2744 2744 2767 2767 2767 2767 2767 2767 2767
    2767 2767 2767 2767 2767 2767 2767 2744 2744 2744 2744 4295 4295
    2789 2789 2789 2789 2789 2789 2789 2789 2789 2789 2789 2789 2789
    2767 2767 2767 2767 2767 2744 2744 2767 2767 2767 2767 2767 2767
    2767 2767 2767 2767 2767 2744 2744 2744 2744 2723 2723 2723 4295
    2789 2789 2789 2789 2789 2789 2767 2767 2789 2789 2789 2789 2789
    2767 2767 2767 2767 2767 2744 2744 2767 2767 2789 2789 2789 2767
    2767 2744 2744 2767 2767 2744 2744 2744 2744 2723 2723 2723 2812
    2812 2812 2789 2789 2789 2789 2767 2767 2789 2789 2789 2789 2789
    2789 2789 2767 2767 2767 2744 2744 2767 2767 2789 2789 2789 2767
    2767 2744 2744 2767 2767 2744 2744 2744 2744 2744 2723 2723 2767
    2812 2812 2789 2789 2789 2789 2789 2789 2789 2789 2789 2789 2789
    2789 2789 2767 2767 2767 2767 2789 2789 2789 2789 2789 2789 2789
    2789 2767 2767 2767 2767 2744 2744 2744 2744 2744 2723 2723 2744
    2812 2812 2812 2789 2789 2789 2789 2789 2789 2789 2789 2789 2789
    2789 2789 2789 2789 2789 2789 2789 2789 2789 2789 2789 2789 2789
    2789 2767 2744 2744 2744 2744 2744 2744 2744 2744 2723 2723 2744
    2812 2812 2812 2812 2812 2789 2789 2789 2789 2789 2789 2789 2789
    2789 2789 2789 2789 2789 2789 2789 2789 2767 2767 2789 2789 2789
    2789 2767 2744 2744 2744 2744 2744 2744 2723 2723 2723 4405 4349
    2812 2812 2812 2812 2812 2789 2789 2789 2789 2789 2789 2789 2789
    2789 2789 2789 2789 2789 2789 2767 2767 2767 2767 2789 2767 2767
    2767 2767 2767 2767 2744 2744 2744 2744 2723 2723 2723 4405 2789
    2812 2812 2812 2812 2812 2789 2789 2789 2789 2789 2789 2789 2789
    2789 2789 2789 2789 2789 2789 2767 2767 2767 2767 2789 2767 2767
    2767 2767 2767 2767 2744 2744 2744 2744 2744 2744 4405 2767 2767
    2812 2812 2812 2812 2812 2812 2789 2789 2812 2812 2789 2789 2789
    2789 2789 2789 2789 2789 2789 2789 2789 2767 2767 2789 2767 2767
    2767 2767 2767 2767 2767 2767 2767 2744 2744 4405 4405 2767 2767
    2789 2812 2812 2812 2812 2812 2789 2789 2789 2789 2789 2789 2789
    2789 2789 2789 2789 2789 2789 2789 2789 2767 2767 2789 2789 2789
    2767 2767 2767 2767 2767 2767 2767 2744 2744 4405 4405 4405 4405
    2789 2812 2812 2812 2812 2812 2812 2812 2789 2789 2789 2789 2789
    2789 2789 2789 2767 2767 2789 2789 2789 2789 2789 2789 2789 2789
    2789 2767 2767 2767 2767 2767 2767 2744 2744 4349 4349 4405 4405
    2812 2812 2812 2789 2789 2812 2812 2812 2789 2789 2812 2812 2789
    2789 2789 2767 2767 2767 2789 2789 2812 2789 2789 2789 2789 2789
    2789 2767 2767 2767 2767 2767 2767 2744 2744 4349 4349 4405 4405
    2835 2835 2812 2789 2789 2812 2812 2812 2789 2789 2789 2812 2789
    2789 2789 2767 2767 2767 2789 2789 2812 2812 2812 2789 2789 2789
    2789 2789 2789 2767 2767 2767 2744 2744 2744 4405 4405 4405 4405
    4582 4582 2812 2789 2789 4582 4582 4522 2812 2789 2789 2812 2789
    2789 2789 2789 2789 2789 2789 2789 2812 2812 2812 2812 2789 2767
    2767 2789 2789 2789 2789 2767 2744 2744 2744 4463 4463 4463 4463
    4582 4582 4582 4582 4582 4582 4582 4522 4522 4582 4582 4522 2812
    2789 2789 2812 2812 2812 2812 2812 2744 2744 2812 2812 2789 2767
    2767 2789 2789 2789 2789 2767 2744 2744 2744 4522 4463 4463 4463
    4582 4582 4582 4582 4582 4582 4582 4582 4582 4582 4582 4582 4522
    4522 4463 4463 4463 4463 4522 4645 2744 2744 4582 4582 2812 2789
    2789 2789 2789 2767 2767 2767 2744 2744 4645 4582 4522 4463 4463</data></Depth0844>
</opencv_storage>
