<?xml version="1.0"?>
<opencv_storage>
<Depth19610 type_id="opencv-matrix">
  <rows>98</rows>
  <cols>28</cols>
  <dt>w</dt>
  <data>
    3692 3692 1328 0 0 0 0 0 0 0 0 0 0 0 0 0 0 0 1307 1307 1307 1307
    1307 1307 1307 1307 3614 3614 3614 0 1328 0 0 0 0 0 0 0 0 0 0 0 0
    1312 1312 1312 1307 1307 1307 1307 1307 1302 1302 1302 3614 3614 0 0
    1328 1328 1322 1322 1317 1312 1312 1312 1317 1312 1312 1312 1312
    1312 1312 1312 1307 1307 1302 1297 1297 1297 1297 1297 1297 3614 0
    1333 1328 1328 1322 1317 1312 1312 1312 1312 1312 1312 1312 1312
    1312 1307 1307 1307 1307 1307 1302 1297 1292 1292 1292 1292 1292
    1292 0 1333 1333 1328 1322 1317 1312 1312 1312 1312 1312 1312 1307
    1307 1307 1307 1307 1307 1302 1302 1302 1297 1292 1292 1292 1292
    1292 1292 3539 0 1328 1328 1322 1317 1312 1312 1312 1312 1312 1312
    1307 1307 1307 1307 1307 1302 1302 1302 1297 1297 1297 1297 1292
    1292 1292 1292 3539 1328 1328 1328 1328 1322 1317 1312 1312 1312
    1312 1312 1307 1307 1307 1307 1307 1302 1302 1302 1297 1297 1302
    1297 1292 1288 1288 1288 3503 1333 1333 1328 1328 1322 1317 1312
    1312 1312 1312 1312 1312 1312 1312 1307 1307 1302 1302 1302 1297
    1297 1297 1297 1292 1288 1288 1288 3503 1333 1333 1328 1328 1322
    1322 1312 1312 1312 1312 1312 1312 1312 1307 1307 1302 1302 1302
    1302 1302 1297 1297 1292 1292 1288 1288 1288 3433 3433 1333 1328
    1328 1322 1322 1312 1312 1312 1312 1312 1312 1307 1307 1307 1302
    1302 1302 1302 1302 1297 1297 1292 1292 1288 1288 1288 3433 3433
    1333 1333 1328 1322 1312 1312 1312 1312 1312 1312 1312 1307 1307
    1307 1302 1302 1302 1302 1302 1297 1297 1292 1292 1288 1288 1288
    3576 3576 1333 1333 1328 1322 1312 1312 1312 1312 1312 1312 1307
    1307 1307 1307 1307 1307 1302 1302 1302 1297 1292 1292 1292 1292
    1292 1292 3614 3614 1328 1328 1328 1322 1317 1317 1317 1312 1312
    1312 1307 1307 1307 1307 1307 1307 1302 1302 1302 1292 1292 1292
    1292 1292 1288 1288 3576 1333 1333 1328 1328 1322 1317 1317 1317
    1312 1312 1312 1312 1312 1312 1307 1307 1307 1307 1302 1302 1292
    1292 1292 1292 1297 1288 1288 3503 3503 1333 1328 1328 1322 1317
    1317 1317 1312 1312 1312 1312 1312 1312 1312 1307 1307 1307 1302
    1302 1302 1297 1292 1292 1292 1292 1292 3433 3433 1343 1328 1328
    1322 1322 1317 1312 1312 1312 1312 1312 1312 1312 1312 1307 1307
    1307 1302 1302 1302 1297 1297 1292 1292 1292 1292 3433 3433 1343
    1333 1328 1322 1317 1312 1312 1312 1312 1312 1312 1312 1312 1307
    1307 1307 1307 1302 1302 1302 1297 1297 1292 1292 1292 1292 3468
    3468 1349 1333 1328 1328 1317 1312 1312 1312 1312 1312 1312 1312
    1312 1307 1307 1307 1307 1302 1302 1302 1302 1302 1292 1292 1292
    1292 3468 3468 1354 1328 1328 1328 1322 1317 1317 1312 1312 1312
    1312 1312 1312 1307 1307 1307 1307 1302 1302 1302 1302 1302 1292
    1288 1288 1288 3614 1354 1354 1328 1328 1328 1322 1322 1317 1317
    1317 1312 1312 1312 1312 1312 1307 1307 1307 1302 1302 1302 1302
    1292 1292 1288 1288 0 0 1354 1354 1328 1322 1322 1328 1322 1322 1317
    1317 1312 1312 1312 1312 1312 1307 1307 1307 1302 1302 1307 1302
    1292 1292 1292 1292 0 0 1333 1333 1328 1322 1322 1322 1322 1322 1322
    1317 1317 1312 1312 1307 1307 1307 1307 1302 1302 1302 1297 1297
    1297 1292 1292 1292 0 0 1333 1333 1328 1322 1322 1322 1322 1322 1322
    1322 1317 1312 1312 1307 1307 1307 1307 1302 1302 1302 1297 1297
    1297 1297 1292 1292 0 3576 0 1333 1333 1328 1322 1322 1322 1322 1322
    1322 1322 1317 1312 1312 1312 1307 1307 1307 1302 1302 1297 1297
    1297 1297 1292 1292 1292 3576 0 1333 1333 1328 1328 1328 1322 1322
    1317 1317 1317 1312 1312 1312 1307 1307 1307 1307 1302 1302 1297
    1297 1297 1297 1292 1292 1292 3576 0 1333 1333 1328 1328 1328 1322
    1322 1317 1312 1312 1312 1312 1312 1307 1307 1307 1302 1302 1302
    1302 1297 1297 1297 1292 1292 1292 3614 0 1333 1333 1328 1328 1328
    1322 1317 1312 1312 1312 1312 1312 1312 1307 1307 1307 1302 1302
    1302 1302 1297 1297 1297 1297 1297 1297 0 0 0 1333 1328 1328 1322
    1322 1317 1312 1312 1312 1312 1312 1312 1307 1307 1307 1307 1307
    1307 1302 1297 1292 1292 1297 1297 0 0 0 0 1333 1328 1328 1322 1322
    1317 1312 1312 1312 1312 1312 1307 1307 1307 1307 1307 1307 1307
    1302 1297 1292 1292 1302 1302 0 0 0 0 1328 1328 1328 1322 1322 1317
    1317 1317 1312 1312 1312 1307 1307 1307 1307 1307 1307 1307 1302
    1297 1297 1302 1302 1302 0 0 0 1328 1328 1328 1328 1322 1322 1322
    1317 1317 1312 1312 1312 1307 1307 1307 1307 1312 1307 1307 1302
    1302 1302 1302 1302 1302 0 0 0 1328 1328 1328 1328 1322 1322 1322
    1317 1317 1312 1312 1312 1312 1312 1307 1307 1307 1307 1307 1307
    1302 1302 1302 1302 1302 1302 0 0 1328 1328 1328 1328 1328 1328 1322
    1317 1317 1317 1312 1312 1312 1312 1307 1307 1307 1307 1307 1307
    1307 1302 1302 1302 1302 1302 1292 1292 1328 1328 1328 1322 1322
    1322 1322 1317 1317 1317 1312 1312 1312 1312 1312 1307 1307 1307
    1307 1307 1307 1302 1302 1302 1302 0 0 1292 1292 1328 1322 1322 1322
    1322 1322 1317 1317 1317 1312 1312 1312 1312 1312 1307 1307 1307
    1307 1307 1302 1302 1302 1292 1292 0 0 1292 1292 1328 1322 1322 1322
    1322 1322 1322 1322 1317 1312 1312 1312 1312 1312 1307 1307 1307
    1307 1307 1302 1302 1297 1288 1288 1288 1292 1292 1292 1328 1322
    1322 1322 1322 1322 1322 1322 1317 1312 1312 1312 1312 1312 1307
    1307 1307 1307 1302 1302 1302 1292 1288 1288 1288 3653 1328 1328
    1328 1322 1322 1328 1328 1322 1322 1317 1317 1317 1312 1312 1312
    1312 1312 1312 1307 1307 1302 1302 1297 1292 1288 1288 1288 0 1328
    1328 1328 1328 1328 1328 1328 1322 1322 1317 1317 1317 1312 1312
    1312 1312 1312 1312 1307 1307 1302 1302 1297 1292 1288 1288 1288 0
    1333 1333 1333 1328 1328 1328 1328 1322 1322 1322 1317 1317 1312
    1312 1312 1312 1312 1312 1307 1307 1302 1302 1297 1297 1292 1292
    1297 0 1333 1333 1333 1328 1328 1328 1328 1322 1322 1322 1317 1317
    1317 1312 1312 1312 1312 1312 1312 1307 1307 1302 1302 1302 1297
    1297 1297 0 0 1333 1333 1328 1328 1328 1328 1322 1322 1322 1317 1317
    1317 1312 1312 1312 1312 1312 1312 1307 1307 1302 1302 1302 1302
    1307 1307 0 0 1333 1333 1328 1328 1328 1322 1322 1317 1317 1317 1317
    1317 1312 1312 1312 1312 1307 1307 1307 1307 1302 1302 1302 1302
    1302 1292 0 0 1333 1328 1328 1328 1328 1322 1322 1317 1317 1317 1317
    1317 1312 1312 1312 1312 1307 1307 1302 1302 1302 1297 1297 1292
    1292 1292 0 0 1333 1328 1328 1328 1328 1328 1322 1322 1322 1317 1317
    1312 1312 1312 1312 1312 1307 1307 1302 1302 1302 1297 1297 1288
    1288 1288 0 0 1333 1333 1333 1328 1328 1328 1328 1322 1322 1322 1317
    1312 1312 1312 1312 1307 1307 1307 1302 1302 1302 1302 1297 1288
    1288 1288 0 0 1328 1328 1328 1328 1328 1328 1328 1328 1322 1322 1312
    1312 1312 1312 1312 1307 1307 1307 1302 1302 1302 1302 1302 1292
    1292 1292 0 0 1328 1328 1328 1328 1328 1322 1322 1328 1322 1322 1312
    1312 1312 1312 1312 1312 1307 1307 1307 1307 1307 1302 1302 1297
    1297 1297 0 0 1322 1322 1328 1328 1328 1322 1322 1328 1322 1322 1312
    1312 1312 1312 1312 1312 1307 1307 1307 1307 1307 1302 1302 1302
    1302 0 0 0 1322 1322 1328 1328 1328 1328 1322 1322 1322 1322 1317
    1317 1312 1312 1312 1312 1307 1307 1307 1307 1307 1302 1302 1302
    1302 0 0 0 1328 1328 1328 1328 1328 1328 1322 1322 1322 1322 1322
    1317 1312 1312 1312 1312 1307 1307 1307 1307 1307 1302 1302 1302
    1302 0 0 0 1333 1328 1328 1328 1328 1328 1322 1322 1322 1322 1322
    1317 1317 1312 1312 1312 1307 1307 1307 1307 1307 1302 1302 1302
    1302 0 0 0 1338 1333 1333 1328 1328 1328 1328 1322 1322 1317 1317
    1317 1317 1312 1312 1312 1312 1307 1307 1307 1307 1302 1302 1302
    1302 1302 0 0 1338 1333 1333 1328 1328 1328 1328 1322 1322 1317 1317
    1317 1317 1317 1317 1312 1312 1307 1307 1307 1307 1302 1302 1302
    1302 1302 0 0 0 1333 1328 1328 1328 1328 1328 1322 1322 1317 1317
    1317 1317 1317 1317 1312 1312 1312 1307 1307 1307 1302 1302 1297
