<?xml version="1.0"?>
<opencv_storage>
<Depth10910 type_id="opencv-matrix">
  <rows>158</rows>
  <cols>88</cols>
  <dt>w</dt>
  <data>
    3064 3064 3064 3064 3064 3064 3092 3092 3064 3064 3064 3064 3064
    3092 3120 3120 3092 3092 3092 3092 3092 3120 3120 3120 3120 3120
    3120 3120 3149 3120 3120 3120 3120 3120 3120 3120 3120 3120 3149
    3149 3149 3149 3178 3149 3120 3120 3120 3120 3120 0 0 0 0 0 0 0 3149
    3149 3178 3238 3238 3238 3120 3092 3037 3010 3010 3010 3010 3010 0 0
    0 0 0 697 697 700 700 700 698 698 698 688 688 690 690 3208 3064 3064
    3064 3064 3064 3064 3092 3092 3064 3064 3064 3064 3064 3092 3120
    3120 3092 3092 3120 3120 3120 3120 3120 3092 3064 3064 3120 3149
    3149 3120 3120 0 0 0 0 0 3149 3149 3149 0 3269 3208 3208 3149 3149 0
    0 0 0 0 0 0 0 0 0 0 657 0 683 683 3120 3120 3120 3010 2984 2984 3010
    3010 0 0 0 0 0 0 0 697 697 700 700 698 694 691 688 688 688 690 690
    690 3092 3092 3064 3064 3064 3064 3092 3092 3092 3092 3092 3092 3092
    3092 3120 3120 3120 3120 3120 3120 3120 3149 3064 3064 3010 3010 0 0
    0 0 0 0 0 0 0 0 0 0 0 0 0 0 0 0 0 0 0 0 0 0 0 0 0 0 0 0 0 0 0 683
    683 680 682 682 682 2984 2984 2984 0 0 0 0 0 690 690 690 697 698 698
    698 690 690 688 688 688 688 688 687 3092 3064 3064 3064 3064 3064
    3092 3092 3092 3092 3092 0 0 0 0 0 0 0 0 0 0 0 3064 3064 3010 3010
    3010 0 0 0 0 0 0 0 0 0 0 0 0 0 0 0 0 0 0 0 0 0 0 0 0 0 0 0 0 0 0 0 0
    683 683 680 676 676 678 678 678 674 0 672 0 0 0 682 682 690 690 698
    698 687 687 687 688 688 688 688 688 686 3092 3064 3064 3064 0 0 0 0
    0 0 0 0 0 0 0 0 0 0 0 0 0 649 649 648 648 0 0 0 0 0 0 0 0 0 0 0 0 0
    0 0 0 0 0 0 0 0 0 0 0 0 658 658 657 657 657 0 0 664 666 683 683 680
    676 676 676 674 674 674 675 672 672 674 678 678 679 679 679 682 682
    686 686 687 688 688 688 688 688 686 0 0 0 0 0 0 0 0 0 0 0 0 0 0 0 0
    0 0 0 0 652 649 649 648 648 650 650 650 0 0 0 0 0 0 0 0 0 0 0 0 0 0
    0 0 0 0 0 0 0 662 658 658 657 657 657 663 664 664 666 666 666 666
    666 670 672 672 672 672 675 672 672 674 678 678 679 679 679 682 683
    686 686 686 688 688 688 688 690 690 0 0 0 0 0 0 0 0 0 0 0 0 0 0 0 0
    0 0 0 0 652 652 649 648 648 650 650 650 0 0 0 0 0 0 0 0 0 0 652 652
    652 652 0 0 0 0 659 658 658 659 658 658 658 658 661 662 663 664 664
    666 666 666 666 670 670 672 672 672 674 674 674 676 678 678 679 679
    680 682 683 686 686 686 688 688 690 690 690 690 0 0 0 0 0 0 0 0 0 0
    0 0 0 641 641 0 0 0 0 0 0 652 647 647 646 646 647 650 650 650 649
    649 0 647 647 648 647 647 648 650 650 650 652 652 654 655 657 657
    657 659 659 659 659 659 661 662 663 664 664 666 666 666 666 670 670
    672 672 672 674 675 675 676 678 678 679 680 682 683 684 687 687 687
    688 688 690 693 693 691 0 0 0 0 0 0 0 0 0 0 0 0 0 640 638 637 637
    637 637 640 640 638 638 641 641 642 641 641 642 650 647 647 646 646
    646 646 647 647 647 648 650 650 650 650 652 654 657 657 657 659 659
    661 661 661 662 662 663 664 664 667 666 666 668 670 672 672 672 675
    676 676 678 678 678 679 679 680 683 683 684 687 687 688 690 690 694
    697 694 693 0 0 0 0 625 625 0 0 0 0 0 0 0 640 636 636 636 636 636
    637 637 637 637 638 638 641 641 641 642 643 644 646 646 646 646 646
    647 647 647 648 650 650 650 650 652 654 657 657 658 659 661 661 661
    662 662 663 663 664 664 667 667 667 671 672 674 674 674 676 678 678
    679 679 679 682 682 683 683 683 684 687 687 688 690 691 696 697 697
    696 0 0 624 624 624 624 624 0 629 629 629 629 630 630 631 634 634
    635 636 636 637 637 637 637 638 641 641 642 642 642 644 646 646 646
    646 647 647 647 647 648 650 652 652 652 652 654 657 657 658 659 661
    661 662 662 662 663 664 666 666 667 668 670 672 672 675 675 675 676
    678 679 680 680 682 684 684 684 684 684 687 687 687 688 691 691 696
    697 697 697 0 0 624 624 624 624 624 625 627 628 628 629 629 629 630
    632 634 634 635 636 636 637 637 637 640 640 641 642 642 642 644 644
    646 646 646 647 647 647 648 650 652 652 652 652 654 655 657 657 659
    659 662 662 662 663 663 664 664 666 666 668 670 670 672 672 675 675
    676 676 678 679 680 682 684 686 686 686 686 686 687 687 687 688 691
    694 697 698 698 698 0 630 625 625 624 624 624 625 627 628 628 629
    629 629 630 632 632 634 635 636 636 637 637 640 640 640 641 642 642
    643 644 644 646 646 647 648 649 649 649 650 652 652 653 653 654 657
    658 658 659 659 662 662 662 663 664 664 664 667 667 668 670 671 672
    674 676 676 676 676 678 679 682 683 684 686 686 686 686 687 687 687
    687 696 696 697 697 698 698 698 0 629 628 627 625 625 627 627 627
    628 628 629 630 630 631 632 632 634 636 636 636 637 637 640 641 641
    641 642 642 643 644 644 646 647 649 650 650 650 650 652 652 653 654
    654 655 657 658 658 661 661 662 663 663 664 664 666 666 667 667 668
    670 671 674 675 676 678 676 676 678 679 680 683 684 686 686 687 687
    688 687 687 687 694 696 696 697 698 698 698 0 629 627 627 627 627
    627 627 627 628 628 629 630 631 631 632 634 635 636 637 637 637 640
    641 641 641 642 643 644 644 644 644 646 647 649 650 650 652 652 652
    652 655 655 657 657 659 661 661 661 661 662 663 664 664 666 666 666
    668 668 668 671 674 676 676 676 678 678 678 679 680 680 683 684 686
    687 687 688 688 690 690 693 694 696 696 696 697 700 700 0 0 627 627
    628 627 627 628 628 629 630 630 630 631 631 632 635 636 636 637 638
    640 641 641 641 642 642 646 646 646 646 646 647 649 650 650 652 652
    652 652 652 655 658 658 659 661 661 662 662 662 663 664 666 666 666
    666 667 670 670 670 675 676 676 676 676 678 679 680 680 682 682 683
    686 686 687 688 688 688 691 691 693 694 696 696 696 697 700 700 0 0
    627 627 628 627 627 628 628 630 631 632 635 635 632 632 637 637 637
    637 640 641 641 642 642 643 643 646 646 647 647 647 648 649 650 650
    652 652 653 653 653 655 657 658 659 661 661 662 662 663 663 664 666
    666 666 667 667 668 668 674 676 676 676 678 678 678 679 680 680 682
    682 684 686 687 687 688 688 690 691 693 694 694 696 696 696 697 700
    700 0 0 628 628 629 628 628 629 629 630 630 631 635 635 636 636 637
    638 640 640 642 642 642 642 642 644 644 647 647 647 648 649 649 649
    650 650 652 653 653 654 655 655 657 658 659 659 661 662 662 663 663
    664 666 666 667 667 667 668 668 672 675 676 676 678 678 678 679 682
    682 682 683 686 687 687 688 688 690 691 693 694 694 696 696 696 697
    698 700 700 0 0 634 630 630 630 630 631 631 630 629 629 636 636 636
    636 637 638 641 641 642 642 642 642 643 646 646 647 648 648 649 650
    650 650 650 650 652 653 653 655 657 657 658 659 659 659 661 662 664
    664 664 666 666 666 667 667 667 668 668 672 675 676 676 678 678 679
    680 682 682 683 684 686 687 687 688 690 690 693 694 694 694 697 697
    697 698 700 700 700 0 0 634 632 631 631 631 631 631 631 629 629 636
    636 637 637 637 640 641 641 641 642 643 643 643 646 647 647 648 648
    650 650 652 652 650 650 652 653 654 657 658 658 658 659 659 661 662
    662 666 666 666 666 666 666 667 667 667 668 670 674 676 676 678 678
    678 680 680 682 683 683 686 686 687 687 688 690 693 693 694 694 694
    698 700 700 700 701 701 703 0 0 634 634 632 631 631 631 631 631 634
    637 637 637 637 637 638 640 641 641 641 642 644 646 646 646 647 648
    649 649 650 650 652 652 652 653 653 653 655 658 659 658 658 659 661
    661 662 663 664 666 667 667 667 668 668 668 670 670 671 676 678 678
    678 678 679 680 682 683 683 683 686 687 687 687 690 693 693 693 694
    696 697 698 700 701 701 701 703 704 0 648 636 635 634 632 632 632
    632 632 635 637 637 637 637 637 640 640 641 641 642 642 644 646 646
    646 647 648 650 650 652 652 652 652 653 653 653 653 655 658 659 659
    659 661 662 662 663 663 664 666 667 667 667 670 670 670 671 671 674
    676 678 678 678 679 680 682 683 683 683 683 686 687 688 688 691 693
    694 694 694 697 698 700 700 701 701 703 704 704 0 648 636 636 635
    634 634 634 634 635 636 637 637 637 638 638 641 641 641 642 642 643
