<?xml version="1.0"?>
<opencv_storage>
<Depth10856 type_id="opencv-matrix">
  <rows>145</rows>
  <cols>105</cols>
  <dt>w</dt>
  <data>
    0 0 0 0 0 0 0 0 0 0 0 0 0 0 0 0 0 0 0 0 0 0 0 0 0 0 0 0 0 0 0 0 0 0
    0 0 0 0 0 0 0 0 0 0 0 0 0 0 0 0 0 0 0 0 0 0 0 0 0 0 0 0 0 0 0 0 0 0
    0 0 0 0 0 0 0 0 0 0 0 0 0 0 0 0 0 565 565 0 0 0 0 0 0 0 0 0 587 585
    585 587 586 586 588 590 590 0 0 0 0 0 0 0 0 0 0 0 0 0 0 0 0 0 0 0 0
    0 0 0 0 0 0 0 0 0 0 0 0 0 0 0 0 0 0 0 0 0 0 0 0 0 0 0 0 0 0 0 0 0 0
    0 0 0 0 0 0 0 0 0 0 0 0 0 0 0 0 0 0 0 0 0 0 0 0 0 0 0 0 0 0 566 565
    565 0 0 583 583 583 583 0 584 584 587 585 585 587 586 586 588 590
    590 0 0 0 0 0 0 0 0 0 0 0 0 0 0 0 0 0 0 0 0 0 0 0 0 0 0 0 0 0 0 0 0
    0 0 0 0 0 0 0 0 0 0 0 0 0 0 0 0 0 0 0 0 0 0 0 0 0 0 0 0 0 577 576
    576 577 0 0 0 0 0 0 0 0 0 0 0 0 0 0 0 0 0 575 575 566 565 565 579
    580 582 582 583 583 583 583 583 585 585 585 587 587 587 589 591 590
    0 0 0 0 0 0 0 0 0 0 0 0 0 0 0 0 0 0 0 0 0 0 0 0 0 0 0 0 0 0 0 0 0 0
    0 0 0 0 0 0 0 0 0 0 0 0 0 0 0 0 0 0 0 0 0 0 0 0 577 577 577 576 575
    575 577 0 0 0 0 0 0 0 570 570 570 570 572 572 573 574 574 576 575
    575 576 576 576 579 580 581 582 583 583 583 583 583 585 586 586 587
    587 588 591 592 590 0 0 0 0 0 0 0 0 0 0 0 0 0 0 0 0 0 0 0 0 0 0 0 0
    0 0 0 0 0 0 0 0 0 0 0 0 0 0 0 0 0 0 0 0 0 0 0 0 0 0 0 0 0 0 0 0 0 0
    577 577 574 572 572 575 575 0 0 0 0 0 568 568 569 570 570 570 572
    572 573 574 574 576 576 576 577 577 577 579 580 581 582 584 584 584
    585 585 586 586 586 587 588 589 592 592 592 0 0 0 0 0 0 0 0 0 0 0 0
    0 0 0 0 0 0 0 0 0 0 0 0 0 0 0 0 0 0 0 0 0 0 0 0 0 0 0 0 0 0 0 0 0 0
    0 0 0 0 559 559 558 558 0 0 559 558 558 558 566 566 566 566 0 0 0 0
    0 0 568 568 569 571 571 571 572 572 573 574 575 576 577 579 579 579
    579 580 580 582 583 584 584 585 585 585 585 588 589 589 589 589 593
    593 593 0 0 0 0 0 0 0 0 0 0 0 0 0 0 0 0 0 0 0 0 0 0 0 0 0 0 0 0 0 0
    0 0 0 0 0 0 0 0 0 0 0 0 0 0 0 0 0 0 558 558 559 558 558 558 0 559
    559 558 558 564 565 566 566 566 567 567 567 567 569 571 570 570 570
    571 571 571 572 573 574 575 575 576 577 580 580 580 580 581 581 582
    583 585 585 585 585 585 588 588 588 592 592 592 593 593 593 0 0 0 0
    0 0 0 0 0 0 0 0 0 0 0 0 0 0 0 0 0 0 0 0 0 0 0 0 0 548 548 549 549
    550 550 552 554 554 554 0 553 553 554 554 554 554 554 556 557 557
    558 558 557 557 562 559 559 560 560 564 565 565 566 566 567 567 567
    567 569 570 570 570 570 571 571 572 573 574 575 575 576 577 579 581
    581 582 582 582 583 585 585 586 586 586 587 587 588 588 589 589 592
    592 593 594 594 0 0 0 0 0 0 0 0 0 0 0 0 0 0 0 0 0 0 0 0 0 0 0 0 0
    545 545 547 548 548 548 548 549 550 550 551 552 553 553 553 553 553
    554 554 554 554 554 556 556 556 556 556 557 557 559 561 561 561 563
    564 565 565 565 565 565 565 565 569 569 570 570 570 570 572 572 574
    574 576 575 575 576 578 580 582 582 583 583 584 584 585 585 586 586
    586 588 588 588 589 589 589 593 593 593 594 594 0 0 0 0 0 0 537 536
    536 0 0 0 0 0 0 0 0 0 544 544 544 544 544 545 545 545 545 547 547
    548 548 548 549 550 550 551 552 553 553 553 553 553 554 554 554 554
    556 556 556 556 556 556 557 558 559 561 562 562 565 565 565 565 565
    565 565 565 565 570 570 571 570 570 571 572 572 574 574 575 576 576
    576 578 580 582 582 583 584 584 584 585 585 586 586 587 588 588 588
    590 593 593 593 593 594 595 596 0 0 0 0 0 538 537 536 536 537 538
    539 540 540 540 540 540 541 543 543 543 544 544 545 545 546 546 547
    547 548 548 549 549 550 550 551 553 554 554 553 553 553 554 555 556
    556 557 557 557 558 558 558 560 561 561 562 563 563 565 565 565 566
    566 567 566 566 571 571 571 572 571 571 573 573 573 574 574 575 576
    577 577 577 580 582 582 584 584 584 585 587 587 587 588 588 589 589
    589 590 593 593 593 593 595 596 596 0 0 0 0 540 538 537 537 537 537
    538 539 540 540 540 540 540 541 542 543 543 544 544 545 545 546 546
    547 548 549 549 549 550 551 551 552 553 554 554 554 554 554 554 556
    556 557 557 557 558 558 558 560 561 562 562 562 565 565 565 565 565
    566 566 567 567 567 571 571 572 572 572 572 573 573 573 573 575 576
    579 577 577 577 582 582 583 584 585 585 586 587 587 587 588 588 589
    589 589 591 593 593 594 594 595 596 596 0 0 0 0 540 538 537 537 537
    538 538 539 540 540 540 540 540 541 542 543 544 544 545 546 546 546
    547 547 548 549 549 549 551 552 553 553 554 555 555 554 554 554 554
    556 557 557 558 558 558 559 560 561 562 563 564 565 565 565 565 565
    567 568 568 569 569 569 571 572 573 573 573 573 574 573 573 573 576
    580 580 580 580 580 582 582 583 584 584 585 586 587 588 588 589 589
    589 590 590 591 593 593 594 594 596 596 597 0 0 0 0 539 538 537 537
    537 538 539 540 540 540 540 540 540 541 543 543 544 545 546 546 546
    547 548 549 549 550 549 549 551 553 553 553 554 555 555 555 555 555
    555 557 557 557 559 560 560 561 562 562 563 564 565 565 565 565 566
    566 567 568 568 569 570 571 571 572 573 574 574 574 575 575 575 575
    577 580 580 581 581 581 583 583 584 584 584 585 586 588 589 589 591
    591 591 592 592 592 593 594 596 596 596 597 597 0 0 0 0 538 538 538
    538 538 539 540 540 540 540 540 540 540 544 544 544 545 545 546 546
    547 547 548 550 549 549 549 550 552 553 553 554 554 555 556 556 556
    556 556 557 558 558 560 560 560 562 562 562 563 565 565 565 565 566
    567 567 568 569 569 569 571 572 572 573 574 574 575 576 577 578 578
    578 578 580 580 581 581 583 584 584 585 585 586 587 588 589 589 591
    592 592 592 593 593 593 593 594 596 596 596 598 0 0 0 0 0 538 538
    538 538 538 539 540 540 540 540 540 540 541 545 545 545 546 546 546
    547 547 548 549 550 549 549 549 551 553 553 553 554 554 555 557 556
    556 557 557 557 559 559 560 560 560 562 563 563 564 565 565 566 566
    566 568 568 568 569 570 570 573 573 573 574 574 574 576 577 578 578
    578 578 580 581 581 582 584 584 584 584 585 586 587 587 589 590 591
    592 592 593 593 593 593 593 594 594 595 597 597 599 600 0 0 0 0 540
    540 539 539 539 539 540 540 540 540 540 541 546 546 546 546 546 546
    546 547 547 550 550 551 550 550 550 552 554 554 554 554 554 556 557
    557 558 558 558 559 561 561 561 561 561 562 563 564 565 565 565 566
    566 567 568 569 569 571 572 572 572 573 573 574 575 575 577 578 579
    580 580 580 580 581 582 583 585 585 585 585 586 587 589 590 591 592
    592 592 593 593 593 594 594 594 595 595 595 599 600 598 598 0 0 0 0
    0 540 540 540 540 540 541 542 542 542 543 543 546 546 546 547 547
    547 547 547 547 550 551 551 551 551 552 554 554 554 554 554 555 556
    557 558 558 558 559 560 561 561 562 562 562 564 564 565 565 566 566
    567 567 567 568 570 570 571 572 572 572 573 574 574 575 576 578 579
    579 580 580 580 581 582 582 585 586 586 586 587 587 589 590 592 592
    592 593 593 594 594 594 595 595 595 595 595 595 599 600 598 598 0 0
    0 0 0 541 540 540 540 540 542 543 543 543 544 544 546 546 546 547
    547 547 547 548 548 553 552 552 552 552 552 554 554 554 555 555 556
    557 558 558 557 557 559 559 561 561 562 562 563 564 565 566 566 567
    567 567 567 568 570 572 572 572 572 572 572 573 574 575 576 578 579
    580 580 581 581 581 581 582 582 585 586 587 587 588 588 589 591 592
    592 593 593 594 595 596 596 597 597 597 597 595 595 601 601 600 600
    0 0 0 0 0 541 541 541 542 542 543 543 544 544 544 545 546 546 547
    547 547 547 547 548 550 551 551 551 553 553 554 554 555 555 556 556
    557 558 558 558 557 557 559 559 562 562 563 563 564 565 566 567 567
    567 567 568 568 569 571 572 573 573 573 573 573 573 575 575 577 578
    579 580 580 581 582 582 582 583 584 585 586 587 587 588 589 591 592
    592 592 593 594 594 596 596 596 597 598 598 598 598 598 601 602 602
    602 0 0 551 550 550 545 542 542 543 544 544 544 544 544 544 545 546
    546 547 547 547 547 547 548 550 551 551 551 553 554 554 554 555 555
    556 556 558 559 559 560 560 560 560 560 562 563 564 564 565 565 567
