<?xml version="1.0"?>
<opencv_storage>
<Depth8899 type_id="opencv-matrix">
  <rows>76</rows>
  <cols>46</cols>
  <dt>w</dt>
  <data>
    5933 5933 5933 5933 5933 5933 1609 1601 1594 1594 5640 5640 5734
    5734 5640 5548 5548 5548 5548 5548 5548 5548 5548 5640 5548 5548
    5460 5460 5548 5548 5548 5548 5460 5291 5291 5291 5291 5291 5210
    5210 5210 5210 5210 5210 5210 5210 5933 5933 5933 5832 5832 1586
    1586 1594 1579 1579 1586 1586 1586 1586 5640 5548 5548 5548 5460
    5460 5548 5548 5548 5640 5548 5548 5460 5460 5548 5548 5548 5548
    5460 5291 5291 5210 5210 5210 5210 5210 5210 5132 5132 5210 5210
    5210 5832 5832 5933 5832 1579 1579 1586 1586 1579 1579 1579 1579
    1579 1572 1572 1572 1572 1557 1550 1550 1550 5832 5734 5640 5640
    5548 5548 5548 5548 5640 5640 5548 1572 1572 1579 1579 5210 5210
    5210 5210 5210 5132 5132 5132 5210 5291 5832 5832 5832 1579 1579
    1579 1579 1579 1572 1572 1572 1572 1572 1572 1572 1572 1557 1557
    1550 1550 1550 1572 1572 1572 1564 1564 1564 1564 1550 1550 1550
    1550 1550 1557 1557 1550 1550 1543 1543 1536 1529 1523 1523 1523
    1523 1529 5933 5933 1594 1579 1579 1579 1579 1579 1572 1572 1572
    1572 1564 1564 1564 1564 1557 1557 1557 1557 1564 1564 1564 1564
    1564 1557 1550 1550 1543 1543 1543 1550 1550 1550 1550 1550 1543
    1543 1543 1536 1529 1523 1523 1523 1529 1529 6146 6146 1594 1594
    1579 1579 1579 1572 1572 1572 1564 1564 1564 1564 1564 1564 1564
    1564 1564 1564 1564 1564 1557 1557 1557 1557 1550 1550 1543 1543
    1543 1550 1550 1543 1543 1543 1543 1543 1536 1529 1529 1529 1523
    1523 1529 1529 6146 0 1586 1586 1579 1579 1579 1572 1572 1572 1564
    1564 1564 1564 1564 1564 1564 1564 1557 1557 1564 1564 1557 1557
    1557 1550 1550 1550 1550 1550 1550 1550 1543 1543 1543 1543 1543
    1536 1536 1529 1529 1529 1529 1529 1529 1529 6146 0 1586 1586 1579
    1579 1579 1572 1572 1572 1564 1564 1564 1564 1564 1564 1564 1564
    1557 1557 1557 1564 1557 1557 1550 1550 1550 1550 1550 1550 1550
    1543 1543 1543 1543 1543 1536 1536 1536 1529 1529 1529 1529 1529
    1529 1529 6146 0 1579 1579 1579 1579 1579 1572 1572 1572 1564 1564
    1564 1564 1564 1564 1564 1564 1557 1557 1557 1557 1557 1557 1550
    1550 1550 1550 1550 1550 1550 1543 1543 1543 1543 1543 1536 1536
    1536 1529 1529 1529 1529 1529 1536 1543 6146 0 1572 1572 1572 1579
    1579 1572 1572 1572 1564 1564 1564 1564 1564 1564 1564 1564 1557
    1557 1557 1557 1557 1550 1550 1550 1550 1550 1550 1550 1550 1543
    1543 1543 1543 1543 1536 1536 1536 1529 1529 1529 1529 1529 1536
    1543 6146 6146 1572 1572 1572 1579 1579 1572 1572 1572 1564 1564
    1564 1564 1564 1564 1564 1564 1557 1557 1557 1557 1557 1550 1550
    1550 1550 1550 1550 1550 1550 1543 1543 1543 1543 1543 1536 1536
    1536 1529 1529 1529 1529 1529 1536 1543 6146 6146 6146 1579 1579
    1579 1579 1572 1572 1572 1564 1564 1564 1564 1564 1564 1564 1564
    1557 1557 1557 1557 1557 1550 1550 1550 1550 1550 1550 1550 1550
    1543 1543 1543 1543 1543 1536 1536 1536 1529 1529 1529 1529 1529
    1536 1543 6146 6146 1579 1579 1579 1579 1572 1572 1572 1572 1564
    1564 1564 1564 1564 1564 1564 1564 1557 1557 1557 1557 1557 1550
    1550 1550 1550 1550 1550 1550 1543 1543 1543 1543 1543 1543 1536
    1536 1529 1529 1529 1529 1529 1529 1543 1550 6038 6038 1579 1579
    1579 1572 1572 1572 1572 1572 1564 1564 1564 1564 1564 1564 1564
    1564 1564 1564 1557 1557 1557 1550 1550 1550 1550 1550 1550 1550
    1543 1543 1543 1543 1543 1543 1536 1529 1529 1529 1529 1529 1529
    1529 1543 1557 6038 6038 1572 1572 1572 1572 1572 1572 1572 1572
    1564 1564 1564 1564 1564 1564 1557 1557 1564 1564 1557 1557 1557
    1550 1550 1550 1550 1550 1550 1550 1543 1543 1543 1536 1536 1536
    1536 1529 1529 1529 1529 1529 1529 1536 1543 1564 5933 5933 1572
    1572 1572 1572 1572 1572 1572 1572 1564 1564 1564 1564 1564 1564
    1557 1557 1557 1557 1557 1557 1557 1557 1557 1550 1550 1550 1550
    1550 1543 1543 1536 1536 1536 1536 1536 1529 1529 1529 1529 1529
    1529 1536 1543 1564 5933 5933 1572 1572 1572 1572 1572 1572 1572
    1572 1564 1564 1564 1564 1557 1557 1557 1557 1550 1550 1557 1557
    1550 1550 1550 1550 1550 1550 1550 1550 1543 1543 1536 1536 1536
    1536 1536 1529 1529 1523 1523 1529 1529 1536 1543 1543 5832 1557
    1557 1572 1572 1572 1572 1572 1572 1564 1564 1564 1564 1564 1557
    1557 1557 1557 1550 1550 1550 1550 1550 1550 1550 1550 1550 1550
    1550 1550 1543 1543 1543 1536 1536 1536 1536 1529 1529 1523 1523
    1529 1529 1529 1543 1564 5832 1557 1557 1572 1572 1572 1572 1572
    1572 1564 1564 1564 1564 1564 1557 1557 1557 1550 1550 1550 1550
    1550 1550 1550 1550 1550 1550 1550 1543 1543 1543 1543 1543 1543
    1536 1536 1536 1536 1529 1529 1529 1529 1529 1529 1543 1564 5933
    1557 1557 1564 1572 1572 1572 1572 1564 1564 1564 1564 1564 1564
    1557 1557 1550 1550 1550 1550 1550 1550 1550 1550 1550 1550 1550
    1543 1543 1543 1543 1543 1543 1536 1536 1536 1536 1536 1536 1529
    1529 1529 1529 1529 1543 1564 5933 1557 1557 1564 1572 1572 1572
    1564 1564 1564 1564 1564 1564 1564 1557 1557 1550 1550 1550 1550
    1550 1550 1550 1550 1550 1550 1550 1543 1543 1543 1543 1543 1543
    1536 1536 1536 1529 1529 1536 1529 1529 1523 1523 1529 1543 1572
    5933 5933 1572 1572 1564 1564 1564 1564 1564 1564 1564 1564 1564
    1564 1557 1557 1550 1550 1550 1550 1550 1550 1550 1550 1550 1543
    1543 1543 1543 1543 1543 1543 1543 1543 1536 1529 1529 1529 1529
    1529 1529 1523 1523 1529 1543 1579 6038 0 1572 1572 1564 1564 1564
    1564 1564 1564 1564 1557 1557 1557 1557 1557 1550 1543 1543 1550
    1550 1550 1550 1550 1550 1543 1543 1543 1543 1543 1543 1543 1543
    1543 1536 1529 1529 1529 1523 1523 1523 1523 1523 1529 1543 1543
    5933 0 1572 1572 1564 1564 1564 1564 1564 1564 1564 1557 1557 1557
    1557 1557 1550 1543 1543 1550 1550 1550 1550 1550 1550 1543 1543
    1543 1543 1543 1543 1543 1543 1536 1536 1529 1523 1523 1523 1523
    1523 1523 1523 1529 1536 1536 0 0 1572 1572 1564 1564 1564 1564 1564
    1564 1564 1557 1557 1557 1557 1557 1550 1543 1543 1550 1550 1550
    1550 1543 1543 1543 1543 1543 1543 1543 1543 1543 1536 1536 1536
    1529 1523 1523 1523 1523 1523 1523 1523 1529 1536 1536 0 1586 1572
    1572 1564 1564 1564 1564 1564 1564 1564 1557 1557 1550 1550 1550
    1550 1550 1550 1550 1550 1550 1550 1543 1543 1543 1543 1543 1543
    1543 1543 1543 1536 1536 1529 1529 1523 1523 1523 1523 1523 1523
    1523 1529 1536 1557 0 1586 1586 1572 1572 1564 1564 1564 1564 1564
    1564 1557 1557 1550 1550 1550 1550 1550 1550 1550 1550 1550 1550
    1550 1543 1543 1543 1543 1543 1543 1536 1536 1536 1536 1529 1529
    1523 1523 1523 1523 1523 1523 1523 1529 1529 1557 0 1579 1579 1572
    1572 1564 1564 1564 1564 1557 1557 1557 1550 1550 1550 1550 1543
    1543 1543 1550 1550 1550 1550 1550 1543 1543 1543 1543 1543 1543
    1536 1536 1536 1529 1529 1529 1529 1529 1523 1523 1523 1523 1523
    1529 1529 1529 1572 1572 1572 1572 1572 1564 1564 1564 1564 1557
    1557 1557 1550 1550 1543 1543 1543 1543 1543 1550 1550 1550 1550
    1550 1543 1543 1543 1543 1543 1543 1536 1536 1536 1529 1529 1529
    1529 1529 1523 1523 1523 1523 1523 1523 1529 1529 1572 1572 1564
    1564 1564 1564 1564 1564 1564 1557 1557 1557 1550 1550 1543 1543
    1543 1543 1543 1550 1550 1550 1550 1550 1543 1543 1543 1543 1543
    1543 1536 1536 1529 1529 1529 1529 1529 1529 1529 1523 1523 1523
    1523 1523 1523 1523 1572 1572 1564 1564 1564 1564 1564 1564 1564
    1564 1557 1557 1550 1550 1543 1543 1543 1543 1543 1550 1543 1543
    1543 1543 1543 1543 1543 1543 1543 1543 1536 1536 1529 1529 1529
    1529 1529 1529 1523 1523 1523 1523 1523 1523 1523 1523 1564 1564
    1564 1564 1564 1564 1564 1564 1564 1564 1557 1557 1550 1543 1543
    1543 1550 1543 1543 1550 1543 1543 1543 1543 1543 1543 1543 1543
    1543 1543 1536 1536 1536 1529 1529 1529 1529 1529 1523 1523 1523
    1523 1523 1523 1529 1529 1564 1564 1564 1564 1564 1564 1564 1564
