<?xml version="1.0"?>
<opencv_storage>
<Depth0259 type_id="opencv-matrix">
  <rows>45</rows>
  <cols>24</cols>
  <dt>w</dt>
  <data>
    0 0 0 0 0 0 0 0 1894 1894 1915 0 0 0 0 0 0 0 0 7332 7030 7030 7030
    9084 0 0 0 0 0 0 0 0 1894 1894 1915 1926 1936 1936 1936 1926 1926
    1936 1926 1926 1926 1926 1926 9084 0 0 0 0 0 0 0 1936 1904 1904 1915
    1926 1926 1926 1926 1926 1926 1936 1926 1926 1926 1926 1936 1936 0 0
    0 0 0 0 0 1926 1915 1915 1926 1926 1926 1926 1926 1926 1926 1936
    1936 1936 1936 1936 1936 1936 0 0 0 0 0 0 0 1904 1904 1915 1915 1926
    1926 1926 1926 1926 1926 1936 1936 1936 1936 1926 1926 1926 0 0 0 0
    0 0 0 1894 1894 1904 1915 1926 1926 1926 1926 1926 1926 1936 1936
    1936 1926 1926 1926 1926 0 0 0 0 0 0 0 1883 1883 1904 1904 1915 1915
    1915 1915 1915 1926 1926 1926 1926 1926 1926 1926 1926 0 0 0 0 0 0
    1873 1873 1883 1904 1904 1904 1904 1904 1904 1904 1915 1926 1926
    1926 1915 1915 1915 1915 0 0 0 0 0 0 1873 1873 1883 1894 1894 1904
    1904 1904 1904 1904 1915 1915 1915 1915 1915 1915 1915 1915 0 0 0 0
    0 0 1883 1883 1894 1894 1894 1904 1904 1904 1904 1915 1915 1904 1904
    1904 1904 1904 1904 1904 0 0 0 0 0 0 1894 1894 1894 1894 1894 1904
    1904 1904 1894 1894 1894 1904 1904 1904 1894 1894 1904 1904 0 0 0 0
    0 0 1894 1894 1894 1894 1894 1894 1904 1894 1894 1894 1894 1904 1904
    1894 1894 1894 1894 1894 0 0 0 0 0 1873 1873 1883 1883 1883 1894
    1894 1894 1894 1894 1894 1894 1894 1894 1894 1883 1883 1894 1894 0 0
    0 0 0 1873 1873 1873 1873 1883 1883 1894 1894 1883 1883 1883 1894
    1894 1894 1894 1883 1883 1883 8626 0 0 0 0 0 1873 1873 1873 1873
    1883 1883 1883 1883 1883 1883 1883 1894 1894 1894 1894 1883 1883
    1883 8626 0 0 0 0 0 1853 1853 1863 1863 1873 1873 1883 1873 1873
    1883 1883 1883 1883 1883 1883 1883 1883 1883 8019 0 0 0 0 1833 1833
    1843 1853 1863 1863 1863 1873 1873 1873 1873 1873 1883 1883 1883
    1873 1873 1883 1883 8019 0 0 0 0 1833 1833 1843 1853 1853 1853 1863
    1863 1863 1863 1863 1863 1863 1863 1863 1863 1863 1863 8212 8212 0 0
    0 0 1843 1843 1853 1853 1853 1853 1853 1853 1853 1853 1853 1853 1853
    1853 1853 1863 1863 1863 8212 8212 0 0 0 1843 1843 1843 1853 1853
    1853 1853 1853 1853 1853 1853 1843 1843 1843 1853 1853 1863 1863
    1863 8212 8212 0 0 0 1843 1843 1843 1843 1843 1843 1853 1843 1843
    1843 1843 1843 1843 1843 1853 1853 1853 1853 1853 8212 8212 0 0 0 0
    1843 1833 1833 1843 1843 1843 1843 1843 1843 1843 1843 1843 1843
    1843 1843 1843 1853 1853 1853 8019 0 0 0 0 1833 1833 1833 1843 1843
    1843 1843 1843 1843 1843 1843 1833 1833 1843 1843 1843 1843 1843 0
    8212 0 0 0 1823 1823 1823 1823 1843 1833 1833 1833 1833 1833 1833
    1833 1833 1833 1833 1833 1833 1843 1843 0 8413 0 0 0 1813 1813 1813
    1813 1813 1823 1823 1823 1833 1833 1823 1823 1823 1823 1833 1833
    1833 1843 1843 8413 8212 0 0 0 1804 1804 1813 1813 1813 1823 1823
    1823 1823 1823 1823 1823 1823 1823 1823 1823 1823 1843 1843 8413
    8413 0 0 0 1804 1804 1804 1813 1813 1813 1813 1823 1813 1813 1813
    1813 1813 1823 1823 1813 1813 1813 8413 8413 8212 0 0 1804 1804 1804
    1804 1813 1813 1813 1813 1823 1813 1813 1813 1813 1813 1813 1813
    1813 1813 1813 8413 8413 8212 0 1794 1794 1804 1804 1804 1813 1813
    1813 1813 1813 1813 1813 1813 1813 1813 1813 1813 1813 1813 8413
    8413 8413 8212 1776 1776 1785 1804 1804 1804 1804 1804 1804 1804
    1804 1804 1804 1804 1804 1804 1813 1813 1813 1813 8413 8413 8413
    8413 1776 1776 1785 1785 1794 1794 1794 1804 1804 1804 1804 1804
    1804 1804 1804 1804 1804 1804 1804 1804 8019 8019 8019 8212 1776
    1776 1785 1785 1785 1785 1785 1785 1785 1785 1794 1804 1804 1804
    1804 1804 1804 1804 1804 1804 8019 8019 8019 8019 1785 1785 1785
    1785 1785 1785 1785 1785 1785 1785 1794 1804 1794 1794 1794 1785
    1785 1794 1813 1813 8212 8019 8019 8019 1785 1785 1785 1776 1776
    1776 1785 1785 1794 1776 1776 1776 1776 1785 1785 1776 1776 1785
    1813 1813 8212 8019 8019 8019 1766 1766 1766 1776 1776 1776 1776
    1776 1785 1776 1776 1776 1776 1776 1776 1776 1776 1776 1776 8212
    8212 8019 8019 8019 1766 1766 1766 1766 1766 1776 1776 1776 1785
    1785 1785 1776 1776 1776 1776 1776 1776 1776 1776 1776 8413 8212
    8019 7835 1766 1757 1757 1766 1766 1776 1776 1776 1776 1776 1776
    1776 1776 1776 1776 1776 1776 1776 1776 1776 8212 8212 8019 7835
    1757 1748 1748 1757 1757 1766 1766 1776 1776 1776 1776 1776 1776
    1776 1776 1766 1766 1776 1776 8413 8413 8413 8413 8413 1757 1748
    1748 1748 1748 1757 1757 1766 1766 1766 1766 1766 1776 1776 1766
    1766 1766 1766 1766 8413 8413 8413 8413 8413 1748 1748 1748 1748
    1748 1757 1757 1757 1757 1757 1757 1766 1766 1766 1766 1757 1757
    1757 1757 8413 8413 8212 8212 8212 1739 1739 1739 1739 1748 1748
    1748 1748 1748 1757 1757 1757 1757 1766 1757 1757 1757 1757 1757
    1757 8212 8212 8212 8212 1731 1731 1739 1739 1739 1739 1739 1739
    1748 1757 1757 1757 1757 1757 1757 1757 1757 1757 1757 0 8212 8212
    8212 8413 1731 1731 1722 1722 1739 1739 1739 1739 1748 1757 1757
    1757 1757 1757 1757 1757 1757 1757 1757 8413 8413 8413 8413 8626
    1189 0 1722 1722 1739 1739 1739 1739 1748 1748 1748 1757 1757 1757
    1757 1757 1757 1766 1766 8413 8413 8413 8413 8413 0 0 0 1739 1739
    1748 1748 1748 1748 1748 1748 0 0 0 0 0 0 8626 8626 8413 8413 8413
    8413 8413</data></Depth0259>
</opencv_storage>
