<?xml version="1.0"?>
<opencv_storage>
<Depth0722 type_id="opencv-matrix">
  <rows>51</rows>
  <cols>68</cols>
  <dt>w</dt>
  <data>
    4842 4774 4708 4708 0 4911 4911 4842 4774 4774 4774 4774 1594 1594
    1594 1594 1594 1594 1594 1601 1601 1601 4774 4774 4774 4774 4774
    4708 4708 4708 4708 4842 4842 4842 4842 4842 4774 4774 4774 4774
    4842 4842 4842 4774 4774 4774 4774 4774 4774 4774 4774 4708 4708
    4708 4708 4708 4708 4645 4645 4645 4645 4708 4708 4708 4708 4708
    4774 4774 4842 4774 4774 0 4774 4774 4774 0 4774 4774 1579 1572 1572
    1579 1586 1586 1586 1586 1594 1594 1601 1601 1601 1601 4842 4774
    4774 4708 4708 4708 4911 4911 4911 4842 4842 4842 4842 4774 4774
    4774 4842 4842 4842 4774 4774 4774 4774 4774 4774 4774 4774 4708
    4708 4708 4708 4708 4708 4645 4645 4708 4708 4708 4708 4774 4774
    4774 4774 4774 4842 4842 4842 4842 0 0 0 0 0 1564 1564 1564 1572
    1572 1579 1579 1579 1586 1586 1594 1594 1594 1594 1601 1594 1594
    1594 1594 1601 1601 1601 1601 4911 4645 4645 4842 4774 4774 4774
    4774 4842 4842 4842 4774 4774 4774 4774 4842 4842 4842 4842 4842
    4774 4774 4774 4708 4708 4645 4645 4708 4708 4708 4708 4774 4774
    4774 4774 4774 4842 4842 0 0 0 0 1550 0 1557 1550 1543 1543 1564
    1564 1564 1564 1572 1572 1586 1586 1586 1586 1586 1586 1594 1594
    1594 1594 1601 1601 1601 1594 1594 1609 1601 1601 4774 4774 4774
    4774 4842 4842 4842 4842 4842 4842 4842 4842 4842 4842 4842 4842
    4842 4842 4774 4708 4708 4645 4645 4645 4708 4708 4708 4774 4842
    4842 4842 4842 4911 4911 0 0 0 0 0 1550 1543 1536 1536 1536 1543
    1550 1543 1543 1550 1550 1557 1557 1564 1572 1572 1572 1586 1586
    1579 1579 1586 1586 1586 1594 1594 1601 1601 1594 1594 1601 4774
    4774 4911 4842 4842 4911 4842 4842 4842 4842 4842 4842 4911 4911
    4842 4842 4774 4708 4708 4708 4645 4645 4708 4708 4708 4774 4842
    4842 4842 4842 4911 4911 4911 0 0 0 0 1543 1536 1529 1529 1529 1536
    1536 1536 1536 1536 1543 1543 1550 1550 1550 1557 1557 1564 1572
    1572 1572 1572 1579 1579 1579 1586 1594 1594 1594 1594 1594 1594
    1601 1601 1632 4911 4911 4911 4842 4842 4842 4842 4842 4842 4911
    4774 4774 4774 4774 4708 4708 4708 4708 4708 4708 4774 4774 4842
    4842 4842 4842 4911 4911 4911 0 0 0 0 1536 1536 1529 1523 1523 1523
    1529 1536 1536 1536 1536 1536 1536 1543 1543 1543 1550 1550 1557
    1564 1564 1564 1572 1572 1572 1579 1579 1586 1586 1586 1594 1594
    1601 1601 1609 1616 1616 1616 1609 1609 1632 4842 4842 4842 4842
    4774 4708 4708 4708 4708 4708 4708 4708 4708 4774 4842 4842 4911
    4911 4911 4842 4842 4842 4911 0 0 0 1536 1529 1529 1523 1516 1516
    1523 1523 1529 1529 1529 1536 1536 1536 1536 1536 1536 1543 1543
    1543 1550 1557 1557 1557 1564 1564 1572 1572 1579 1579 1579 1594
    1594 1594 1601 1601 1609 1609 1609 1609 1609 1609 1624 1624 1624
    1632 1632 1647 4708 4708 4708 4774 4774 4842 4842 4842 4842 4911
    4911 4911 4911 4842 4842 4842 0 4842 0 1536 1536 1529 1529 1523 1516
    1516 1523 1523 1523 1529 1529 1529 1529 1529 1529 1529 1536 1536
    1536 1536 1536 1543 1543 1550 1550 1557 1564 1564 1564 1564 1564
    1579 1579 1579 1586 1586 1594 1601 1601 1601 1601 1609 1609 1609
    1609 1609 1624 1632 1639 1639 4774 4774 4774 1609 1609 4911 4911
    4911 4911 4842 4842 4911 4842 4842 0 0 0 1536 1536 1536 1529 1523
    1523 1523 1523 1523 1523 1529 1529 1529 1529 1523 1523 1523 1529
    1529 1529 1529 1529 1536 1543 1543 1543 1543 1543 1550 1550 1557
    1557 1564 1572 1572 1572 1572 1579 1579 1586 1594 1601 1601 1601
    1601 1601 1609 1609 1609 1616 1616 1616 1616 1609 1609 1609 1616
    1624 4911 4911 4842 4842 4842 4911 4911 0 0 0 1536 1536 1536 1536
    1536 1529 1529 1523 1523 1523 1529 1529 1529 1529 1523 1523 1523
    1529 1529 1529 1529 1529 1529 1536 1536 1536 1536 1536 1536 1543
    1543 1543 1550 1557 1557 1557 1564 1564 1572 1572 1579 1586 1586
    1594 1594 1594 1594 1601 1601 1601 1601 1609 1609 1609 1609 1609
    1616 1624 1632 1632 4842 4842 4842 4911 4983 4983 0 1543 1543 1536
    1536 1536 1536 1536 1536 1529 1529 1529 1536 1536 1536 1529 1529
    1529 1529 1529 1529 1529 1529 1529 1529 1529 1529 1529 1529 1529
    1529 1536 1536 1543 1550 1550 1550 1550 1550 1550 1550 1557 1572
    1572 1579 1579 1579 1579 1579 1586 1586 1594 1601 1601 1601 1609
    1609 1609 1609 1609 1616 1624 1632 1632 1624 4911 4983 0 0 0 1543
    1536 1536 1536 1536 1536 1536 1536 1529 1529 1536 1536 1536 1536
    1536 1536 1536 1536 1529 1529 1529 1529 1529 1529 1529 1529 1529
    1529 1529 1536 1536 1536 1543 1543 1543 1543 1543 1550 1550 1550
    1550 1557 1564 1572 1572 1572 1572 1572 1579 1586 1586 1594 1594
    1601 1601 1601 1601 1601 1601 1616 1624 1624 1624 5056 5056 0 0 0
    1543 1536 1536 1536 1536 1536 1543 1536 1536 1536 1536 1536 1536
    1536 1536 1543 1543 1536 1536 1536 1536 1536 1536 1536 1536 1529
    1529 1536 1536 1536 1536 1536 1543 1543 1543 1543 1543 1543 1543
    1550 1550 1550 1550 1557 1564 1564 1564 1564 1572 1572 1572 1572
    1579 1579 1579 1586 1586 1586 1586 1594 1601 1616 1616 5056 5056 0 0
    0 1543 1543 1536 1536 1536 1543 1543 1536 1536 1536 1536 1536 1543
    1543 1543 1543 1543 1536 1536 1536 1536 1536 1536 1536 1536 1536
    1536 1536 1536 1543 1543 1543 1543 1543 1543 1543 1543 1543 1543
    1543 1543 1543 1543 1550 1550 1550 1557 1557 1557 1557 1557 1557
    1564 1572 1572 1579 1579 1579 1579 1579 1586 1594 1594 5056 5056 0 0
    0 1543 1543 1536 1536 1536 1543 1543 1543 1536 1536 1543 1543 1543
    1543 1543 1543 1543 1543 1543 1543 1543 1543 1543 1543 1543 1543
    1543 1543 1543 1543 1543 1543 1550 1550 1550 1543 1543 1543 1543
    1543 1543 1543 1543 1543 1550 1550 1550 1550 1550 1550 1550 1550
    1550 1557 1557 1564 1572 1572 1572 1572 1572 1572 1572 5056 5132
    5132 0 1543 1543 1543 1543 1543 1543 1543 1543 1543 1543 1543 1543
    1543 1543 1543 1543 1543 1543 1543 1543 1543 1543 1543 1543 1543
    1543 1543 1543 1543 1543 1543 1543 1543 1550 1550 1550 1550 1550
    1550 1550 1550 1543 1543 1543 1543 1550 1550 1550 1550 1550 1550
    1550 1550 1550 1550 1550 1557 1557 1564 1564 1564 1557 1557 1564
    5056 5056 0 0 1543 1543 1543 1543 1543 1543 1543 1543 1543 1543 1543
    1543 1543 1543 1543 1543 1543 1543 1543 1543 1550 1550 1550 1543
    1543 1543 1543 1543 1543 1543 1543 1543 1543 1550 1557 1557 1550
    1550 1550 1550 1550 1550 1550 1550 1550 1550 1550 1550 1550 1550
    1550 1550 1550 1550 1550 1550 1550 1550 1550 1550 1557 1550 1550
    1557 4983 4983 0 0 1543 1543 1543 1543 1543 1543 1550 1550 1543 1543
    1543 1543 1543 1550 1550 1543 1543 1543 1543 1550 1550 1550 1550
    1550 1550 1543 1543 1543 1550 1550 1550 1550 1550 1557 1557 1557
    1557 1550 1550 1550 1550 1550 1550 1550 1550 1550 1550 1550 1550
    1550 1550 1550 1550 1550 1550 1550 1550 1550 1550 1550 1557 1550
    1550 1557 4983 4983 1557 1557 1550 1550 1543 1543 1543 1543 1550
    1550 1550 1550 1543 1543 1550 1550 1550 1550 1550 1550 1557 1557
    1557 1557 1550 1550 1550 1550 1550 1550 1550 1550 1550 1557 1557
    1564 1557 1557 1557 1557 1557 1557 1550 1550 1550 1550 1550 1557
    1557 1557 1557 1557 1557 1557 1557 1557 1557 1550 1550 1550 1550
    1557 1557 1557 1557 1557 5056 5056 1557 1557 1557 1550 1550 1543
    1543 1550 1550 1550 1550 1550 1550 1550 1557 1557 1557 1550 1550
    1557 1557 1557 1557 1557 1557 1557 1557 1557 1557 1557 1557 1557
    1557 1557 1557 1564 1564 1564 1564 1564 1564 1557 1557 1557 1557
    1557 1557 1564 1564 1564 1564 1557 1557 1564 1564 1564 1564 1557
    1557 1557 1557 1557 1557 1564 1564 1564 5132 0 1557 1557 1557 1557
    1550 1550 1550 1550 1550 1550 1557 1557 1557 1557 1557 1557 1557
    1557 1557 1557 1557 1557 1557 1557 1557 1557 1557 1557 1557 1557
    1557 1557 1564 1564 1564 1564 1564 1564 1564 1564 1564 1564 1564
    1564 1557 1557 1564 1564 1564 1564 1564 1564 1564 1564 1564 1564
    1572 1564 1564 1557 1557 1557 1564 1572 1572 1572 0 0 1557 1557 1557
    1557 1557 1557 1550 1550 1550 1550 1557 1557 1564 1557 1557 1557
