<?xml version="1.0"?>
<opencv_storage>
<Depth14734 type_id="opencv-matrix">
  <rows>17</rows>
  <cols>29</cols>
  <dt>w</dt>
  <data>
    0 0 2883 2883 2859 2859 2835 2812 2812 2812 2812 2812 3433 2789 2789
    2812 2812 2812 2812 2812 3433 3433 3433 3433 3433 3433 3433 3433
    3433 0 2812 2812 2835 2859 2835 2835 2789 2789 2789 2789 2789 2789
    2789 2789 2789 2789 2812 2789 2767 2723 2659 2659 2659 3468 3468
    3468 3468 3468 0 2812 2812 2835 2835 2835 2812 2789 2789 2789 2789
    2789 2789 2789 2789 2789 2789 2812 2789 2767 2723 2659 2659 2659
    2767 2767 2767 2767 2767 2835 2812 2812 2835 2835 2835 2812 2789
    2789 2789 2789 2767 2767 2789 2789 2789 2789 2789 2789 2789 2744
    2723 2680 2680 2744 2744 2767 2723 2701 2835 2835 2812 2789 2789
    2789 2812 2789 2789 2789 2789 2767 2767 2789 2789 2789 2789 2789
    2789 2789 2744 2723 2723 2723 2744 2744 2744 2723 2701 2835 2835
    2812 2789 2789 2789 2789 2789 2789 2789 2789 2767 2767 2789 2789
    2789 2789 2789 2789 2789 2767 2744 2744 2723 2723 2744 2744 2723
    2723 2812 2812 2812 2789 2789 2789 2789 2789 2789 2789 2789 2789
    2789 2789 2789 2789 2789 2789 2789 2789 2767 2744 2744 2723 2723
    2744 2744 2744 2723 2812 2812 2812 2812 2812 2812 2812 2789 2789
    2789 2789 2789 2789 2789 2789 2789 2789 2789 2789 2789 2767 2767
    2744 2744 2744 2744 2767 2744 2723 2812 2812 2812 2812 2812 2812
    2789 2789 2789 2789 2789 2789 2789 2789 2789 2789 2789 2789 2789
    2789 2767 2767 2767 2767 2767 2744 2744 2744 2723 2859 2835 2835
    2835 2812 2812 2789 2789 2789 2789 2812 2812 2789 2789 2789 2789
    2789 2789 2789 2789 2789 2767 2767 2767 2767 2744 2744 2744 2723
    2859 2835 2835 2812 2789 2789 2789 2789 2789 2789 2812 2812 2812
    2812 2812 2789 2789 2789 2789 2789 2789 2767 2767 2767 2744 2744
    2744 2723 2723 2883 2835 2835 2812 2789 2789 2789 2789 2789 2789
    2812 2812 2812 2812 2812 2789 2789 2789 2789 2789 2789 2767 2767
    2767 2744 2744 2744 2723 2723 2883 2859 2859 2835 2812 2812 2812
    2812 2812 2812 2812 2812 2835 2835 2812 2789 2789 2789 2812 2812
    2835 2767 2767 2767 2744 2723 2723 2723 2723 2908 0 2859 2859 2859 0
    0 0 2859 2812 2812 2812 2835 2835 2812 2767 2767 2789 2812 2812 2859
    2767 2767 2767 2701 2701 2701 2723 2723 0 0 0 2883 2883 0 0 0 0 2812
    2812 2812 2835 0 2744 2744 2767 2767 2789 2812 2789 2789 2789 2767
    2701 2701 2701 2723 0 0 0 0 0 0 0 0 0 0 2789 2789 0 0 0 2744 2744
    2767 2767 2789 0 2789 2789 2789 2767 2723 2723 2744 2744 0 0 0 0 0 0
    0 0 0 0 2789 2789 0 0 0 0 0 0 0 0 0 0 0 0 2789 2723 2723 2723 2701
    2701</data></Depth14734>
</opencv_storage>
