<?xml version="1.0"?>
<opencv_storage>
<Depth2156 type_id="opencv-matrix">
  <rows>8</rows>
  <cols>17</cols>
  <dt>w</dt>
  <data>
    5933 5933 5933 5933 6038 6038 6146 6146 6146 6146 6497 6497 6622
    6622 6622 6753 6753 5832 5832 5832 5933 5933 6038 6038 6038 6038
    6146 6146 6259 6259 6497 6375 6375 6622 5734 5734 5734 5832 5933
    5933 6038 6038 6038 6038 6038 6146 6038 6038 6038 6038 6146 5734
    5734 5734 5832 5933 5933 6038 6038 6038 6038 6038 6038 6038 5933
    5933 5933 6038 5832 5832 5832 5832 5933 5933 6038 6038 6038 6038
    6038 6038 5933 5933 5933 5933 5933 5933 5832 5832 5832 5832 5832
    5933 6038 6038 6038 5933 5933 5933 5933 5933 5933 5933 0 5933 5832
    5832 5832 5832 5933 6038 6038 5933 5832 5832 5933 6038 6038 6038
    6038 0 0 0 0 0 5933 5933 6038 6038 5933 5832 5832 5933 6038 6038
    6038 6375</data></Depth2156>
</opencv_storage>
