<?xml version="1.0"?>
<opencv_storage>
<Depth15627 type_id="opencv-matrix">
  <rows>45</rows>
  <cols>47</cols>
  <dt>w</dt>
  <data>
    2301 2301 2301 2301 2301 2301 2317 2301 2301 2301 4405 4405 4405
    4405 4463 4463 4463 4463 2381 2381 2365 2365 2365 2365 4708 4708
    4774 4774 4708 4708 4708 4708 4774 4774 4842 4842 4842 4911 4911
    4983 4911 4911 4911 4911 4983 5056 5056 2286 2301 2301 2301 2301
    2301 2317 2301 2301 4405 4405 4405 4349 4349 4463 4463 2381 2381
    2381 2381 2365 2365 2365 2349 2349 4708 4774 4774 4708 4708 4708
    4708 4708 4774 4774 4842 4842 4842 4911 4911 4911 4911 4911 4911
    4983 4983 5056 2286 2301 2301 2301 2301 2301 0 2301 0 4405 0 4405
    4349 4349 2365 2365 2365 2365 2365 2365 2365 2381 2365 2349 2349
    2381 4842 4774 4774 4708 4708 4708 4708 4774 4774 4842 4842 4842
    4842 4911 4911 4911 4911 4983 4983 4983 5056 2286 2301 2301 2301
    2301 0 2301 0 0 0 2349 2365 2365 2301 2286 2286 2365 2365 2365 2365
    2365 2381 2365 2365 2365 2381 2381 4774 4774 4708 4708 4708 4708
    4708 4774 4774 4842 4842 4842 4842 4911 4911 4911 4983 4983 4983
    5056 2271 2286 2317 2317 0 2317 0 0 0 2349 2349 2349 2349 2301 2286
    2286 2365 2365 2365 2365 2365 2365 2365 2365 2381 2381 2381 2415
    4774 4708 4708 4708 4708 4708 4774 4774 4842 4842 4842 4842 4911
    4911 4911 4911 4983 4983 4983 2256 2286 2333 2333 2333 0 0 0 2333
    2349 2349 2349 2349 2349 2349 2365 2365 2365 2365 2365 2365 2365
    2365 2365 2381 2381 2381 2398 2398 4708 4708 4708 4708 4708 4774
    4774 4842 4842 4842 4842 4842 4842 4911 4911 4983 4983 4983 2256
    2256 0 0 0 0 0 2349 0 2333 2333 2349 2349 2349 2317 2317 2365 2365
    2365 2365 2365 2365 2365 2365 2365 2381 2381 2398 2398 2398 4708
    4708 4774 4774 4774 4774 4774 4842 4842 4842 4842 4842 4911 4911
    4983 4983 5056 4139 4139 4190 2365 2365 2365 2349 2349 2317 2317
    2333 2317 2317 2333 2317 2317 2365 2365 2365 2365 2365 2365 2365
    2365 2365 2381 2398 2398 2398 2398 2398 2415 4774 4774 4774 4774
    4774 4774 4774 4842 4842 4842 4911 4911 4983 4983 4983 4190 4190
    4190 2365 2365 2349 2349 2317 2301 2301 2317 2317 2317 2333 2317
    2317 2349 2365 2365 2365 2365 2365 2365 2365 2365 2381 2398 2398
    2398 2398 2398 2398 2398 4708 4708 4708 4708 4774 4774 4842 4842
    4842 4842 4911 4911 4911 4911 4190 4190 4190 4190 2365 2349 2333
    2317 2301 2301 2317 2317 2317 2333 2333 2333 2349 2349 2365 2365
    2365 2365 2365 2365 2365 2381 2381 2398 2398 2398 2398 2398 2398
    4708 4708 4708 4708 4708 4774 4842 4842 4842 4842 4842 4842 4842
    4842 4139 4139 4190 4190 2333 2333 2333 2317 2301 2301 2301 2317
    2333 2333 2333 2333 2333 2349 2349 2349 2365 2365 2365 2365 2365
    2381 2381 2381 2398 2398 2398 2398 2398 2398 4708 4708 4708 4708
    4774 4774 4774 4774 4774 4842 4842 4842 4842 4139 4139 4190 4190
    2317 2317 2317 2317 2301 2301 2301 2317 2333 2333 2333 2333 2333
    2333 2349 2349 2349 2365 2365 2365 2365 2381 2381 2381 2398 2398
    2398 2398 2398 2398 2415 4708 4708 4708 4774 4774 4774 4774 4774
    4842 4842 4842 4842 4139 4139 4190 2286 2286 2301 2317 2317 2317
    2301 2301 2317 2333 2333 2333 2317 2317 2333 2349 2349 2349 2365
    2365 2365 2365 2381 2381 2381 2398 2398 2398 2398 2398 2415 2415
    2415 4645 4645 4708 4708 4708 4774 4774 4774 4842 4842 4842 4139
    4139 2271 2271 2286 2301 2317 2317 2317 2317 2317 2317 2317 2317
    2333 2317 2317 2333 2333 2333 2333 2349 2349 2365 2365 2381 2381
    2381 2381 2381 2381 2398 2398 2398 2415 2415 2432 4645 4708 4708
    4708 4774 4774 4774 4842 4842 4842 4139 2271 2271 2271 2271 2301
    2301 2317 2317 2317 2301 2301 2317 2317 2317 2317 2317 2333 2333
    2333 2333 2333 2349 2349 2365 2381 2381 2381 2381 2381 2381 2398
    2398 2398 2415 2415 2415 2415 4708 4708 4708 4774 4774 4774 4842
    4842 4842 2271 2271 2271 2271 2271 2286 2286 2317 2317 2317 2301
    2301 2317 2317 2317 2317 2317 2333 2333 2317 2317 2333 2333 2349
    2349 2381 2381 2381 2381 2381 2381 2398 2398 2398 2415 2415 2398
    2398 4708 4708 4708 4774 4774 4774 4774 4774 4774 2256 2271 2286
    2286 2301 2286 2286 2301 2301 2301 2301 2301 2301 2317 2317 2317
    2317 2317 2317 2317 2317 2333 2333 2349 2349 2365 2365 2365 2381
    2381 2381 2398 2398 2398 2398 2398 2398 2398 2398 4708 4708 4774
    4774 4774 4774 4774 4774 2256 2271 2271 2271 2286 2301 2301 2301
    2301 2301 2301 2301 2301 2317 2317 2317 2317 2317 2317 2333 2333
    2333 2333 2349 2349 2365 2365 2365 2381 2381 2398 2398 2398 2398
    2398 2398 2398 2398 2398 2415 4774 4774 4774 4774 4774 4774 4774
    2271 2271 2271 2271 2286 2286 2286 2301 2301 2301 2301 2301 2301
    2317 2317 2317 2317 2317 2317 2333 2333 2333 2333 2349 2349 2365
    2365 2381 2381 2381 2381 2381 2398 2398 2398 2398 2398 2398 2398
    2415 2432 4774 4774 4774 4774 4774 4774 2271 2271 2271 2271 2271
    2286 2286 2286 2301 2301 2301 2301 2301 2317 2317 2317 2317 2317
    2317 2333 2333 2333 2333 2349 2349 2365 2365 2381 2381 2381 2381
    2381 2398 2398 2398 2398 2398 2398 2415 2415 2432 2432 4774 4774
    4774 4774 4774 3948 2271 2271 2271 2271 2286 2286 2286 2301 2301
    2301 2301 2301 2301 2317 2317 2317 2317 2317 2317 2333 2333 2333
    2349 2349 2365 2381 2381 2381 2381 2381 2381 2381 2398 2398 2398
    2398 2398 2398 2415 2415 2415 4774 4774 4774 4774 4774 3948 3948
    2317 2317 2301 2286 2286 2286 2286 2286 2286 2301 2301 2301 2301
    2301 2301 2317 2317 2317 2317 2333 2333 2349 2349 2365 2381 2381
    2381 2381 2381 2381 2381 2381 2398 2398 2398 2398 2398 2398 2415
    2415 2432 4708 4708 4774 4774 4041 4041 4041 2333 2301 2301 2286
    2286 2286 2286 2286 2301 2301 2301 2301 2301 2301 2317 2317 2317
    2317 2333 2333 2333 2349 2365 2365 2365 2381 2381 2381 2381 2381
    2381 2398 2398 2398 2398 2398 2398 2398 2415 2415 4708 4708 4774
    4774 4041 4041 4041 4041 2301 2301 2301 2301 2286 2286 2286 2301
    2301 2301 2301 2301 2301 2301 2317 2317 2317 2317 2317 2333 2349
    2365 2365 2365 2365 2365 2381 2381 2381 2381 2398 2398 2398 2398
    2398 2398 2398 2398 2415 2432 4774 4774 4774 4041 4041 3994 3994
    3994 2301 2301 2301 2301 2301 2301 2301 2301 2301 2301 2301 2301
    2301 2317 2317 2317 2317 2317 2317 2333 2365 2365 2349 2349 2365
    2365 2365 2381 2381 2381 2398 2398 2398 2398 2398 2398 2398 2415
    2398 2398 4842 4774 4041 4041 3994 3994 4041 2317 2317 2317 2301
    2301 2301 2301 2301 2301 2301 2301 2301 2301 2301 2301 2317 2317
    2317 2317 2317 2365 2365 2349 2349 2349 2349 2349 2365 2381 2381
    2398 2398 2398 2398 2398 2398 2398 2398 2398 2398 2415 2432 3994
    3994 4041 4041 4041 2317 2317 2317 2317 2301 2301 2301 2301 2286
    2286 2286 2301 2301 2301 2301 2317 2317 2317 2317 2317 2349 2349
    2349 2349 2349 2349 2349 2365 2381 2381 2381 2381 2381 2398 2398
    2398 2398 2398 2398 2398 2398 2398 3994 3994 4041 4041 4041 4041
    2317 2317 2317 2317 2301 2301 2301 2286 2286 2286 2301 2301 2301
    2301 2317 2317 2317 2317 2317 2349 2349 2349 2349 2349 2349 2349
    2381 2381 2381 2381 2381 2381 2381 2381 2381 2381 2398 2398 2398
    2398 2398 3994 3994 4041 4041 4041 4041 4041 4041 2333 2317 2317
    2301 2301 2286 2286 2286 2301 2301 2301 2301 2317 2317 2317 2317
    2333 2333 2333 2349 2365 2365 2349 2349 2365 2365 2381 2381 2381
    2381 2381 2381 2381 2381 2398 2398 2398 2398 2398 3994 3994 4041
    4041 4041 4041 4041 4041 2333 2317 2317 2301 2301 2286 2286 2286
    2301 2301 2301 2301 2301 2317 2317 2317 2333 2333 2333 2333 2349
    2365 2349 2349 2365 2365 2381 2381 2381 2381 2381 2381 2381 2381
    2381 2398 2415 2415 4774 3994 3994 4041 4041 4041 4041 4041 4041
    4041 2317 2317 2317 2301 2286 2286 2286 2301 2301 2301 2301 2301
    2301 2301 2317 2333 2333 2333 2333 2333 2349 2365 2365 2365 2365
    2381 2381 2381 2381 2381 2381 2381 2381 2381 2398 2415 4645 4645
    3994 3994 4041 4041 4041 4041 4041 4041 3994 3994 3994 2333 2317
    2301 2301 2301 2301 2301 2301 2301 2301 2301 2301 2301 2333 2333
