<?xml version="1.0"?>
<opencv_storage>
<Depth15026 type_id="opencv-matrix">
  <rows>24</rows>
  <cols>19</cols>
  <dt>w</dt>
  <data>
    3539 3539 3539 2659 2659 2639 2639 2659 3576 3576 3614 3614 3614
    3614 3614 3614 3576 3576 3576 2701 2680 2659 2659 2659 2639 2639
    2659 2659 3576 3614 3614 3614 3614 3576 3576 3576 3576 3576 2680
    2659 2659 2659 2659 2659 2659 2639 2639 3614 3614 3614 3614 3614
    3576 3576 3576 3576 3576 2659 2659 2659 2659 2659 2659 2659 2639
    2639 2659 2659 3614 3576 3576 3576 3576 3576 3576 3576 2659 2639
    2639 2639 2659 2659 2639 2639 2659 2659 2659 2659 3468 3468 3576
    3576 3576 3576 3614 2659 2639 2639 2639 2639 2639 2639 2639 2659
    2659 2659 2659 2659 2701 2723 3614 3614 3614 3614 2639 2639 2639
    2639 2639 2639 2639 2659 2659 2659 2659 2659 2659 2680 2680 2618
    2618 3614 3614 2639 2639 2639 2639 2639 2639 2639 2639 2639 2639
    2639 2639 2659 2659 2618 2618 2618 3614 3614 2659 2639 2639 2639
    2639 2639 2639 2639 2639 2639 2639 2639 2659 2659 2618 2618 3614
    3614 3614 2659 2639 2639 2639 2639 2618 2618 2618 2618 2618 2639
    2639 2659 2639 2618 2618 2639 2639 3614 2659 2639 2639 2639 2618
    2618 2618 2618 2618 2618 2618 2639 2639 2639 2639 2639 2639 2639
    2701 2659 2639 2639 2639 2618 2618 2618 2618 2618 2618 2618 2639
    2639 2639 2639 2639 2639 2639 2659 2639 2639 2639 2639 2618 2618
    2618 2618 2618 2618 2618 2618 2618 2618 2639 2639 2639 2639 2659
    2639 2639 2639 2639 2618 2618 2618 2618 2618 2618 2618 2618 2618
    2618 2618 2639 2639 2639 2639 2639 2639 2639 2639 2618 2618 2618
    2618 2618 2618 2618 2618 2618 2618 2618 2639 2639 2639 2639 2659
    2659 2639 2639 2618 2618 2618 2618 2618 2618 2618 2618 2618 2618
    2618 2618 2639 2639 2639 2659 2659 2618 2618 2618 2618 2598 2598
    2618 2618 2618 2618 2618 2618 2618 2618 2618 2639 2659 2659 2659
    2618 2618 2598 2598 2598 2598 2618 2618 2618 2618 2598 2598 2598
    2618 2618 2639 2659 2680 2639 2639 2618 2598 2598 2598 2598 2618
    2618 2618 2618 2598 2598 2598 2598 2598 2659 2680 2659 2639 2639
    2639 2618 2598 2598 2598 2618 2618 2618 2618 2560 2560 2560 2560
    2598 2618 3539 2618 2639 2639 2639 2639 2598 2598 2598 2618 2618
    2618 2618 2560 2560 2560 2560 2598 2618 3539 2618 2639 2639 2639
    2639 2618 2618 2618 2618 2618 2618 2618 2598 2598 2598 2618 2618
    3539 3539 2639 2639 2639 2639 2618 2618 2618 2618 2618 2618 2618
    2618 2579 2579 2598 2618 2618 3576 3576 2639 2639 2639 2639 2618
    2618 2639 2639 2639 2639 2618 2618 2579 2579 2618 2618 2639 3614
    3614</data></Depth15026>
</opencv_storage>
