<?xml version="1.0"?>
<opencv_storage>
<Depth9271 type_id="opencv-matrix">
  <rows>99</rows>
  <cols>55</cols>
  <dt>w</dt>
  <data>
    4295 4295 4295 4349 4295 4295 4295 4295 4295 1354 1354 1354 4241
    4241 1354 4241 4241 4241 4295 4241 4241 4190 4190 4190 4190 4241
    4241 4241 4241 4190 4190 4190 4190 4190 4190 4190 4190 4190 4190
    4190 4190 4190 4190 4190 4139 4139 4139 4139 4139 4190 4139 4139
    4139 4139 4139 4295 4295 4295 4295 4295 4295 4295 4295 4295 1359
    1359 1359 1359 1354 1354 1354 1354 4295 4295 4241 4190 4190 4190
    4190 4190 4241 4241 4241 4241 4190 4190 4241 4241 4241 4190 4190
    4190 4190 4190 4190 4190 4190 4190 4190 4190 4139 4139 4139 4190
    4190 4190 4139 4139 4139 4139 4295 4295 4295 4295 4295 4295 4295
    4295 4349 1359 1359 1359 1359 1354 1354 1354 1359 1359 1359 1359
    4190 4190 4190 4190 4241 4241 4190 4190 4241 4190 4190 4241 4241
    4241 4190 4190 4190 4190 4190 4190 4139 4139 4139 4139 4139 4190
    4190 4190 4190 4190 4190 4190 4190 4089 4089 4295 4295 4349 4349
    4349 1354 1354 1349 1349 1349 1349 1349 1354 1354 1354 1354 1354
    1354 1359 1359 1354 1354 1349 1349 1354 1354 1354 1365 4241 1359
    1359 1359 1359 1359 4241 4190 4190 4190 1354 1354 4139 4139 4139
    1370 1370 4190 4190 4241 4241 1370 1370 1370 4089 4089 4089 4295
    4295 4295 4295 0 1349 1349 1349 1349 1343 1343 1343 1354 1354 1354
    1354 1354 1354 1354 1354 1354 1349 1349 1349 1349 1354 1354 1354
    1354 1354 1354 1359 1359 1359 1365 1365 1365 1359 1354 1354 1354
    1359 1359 1370 1365 1365 4241 4241 1370 1370 1370 1370 1370 4089
    4089 4241 4241 4295 4295 0 1349 1349 1349 1349 1343 1343 1343 1354
    1354 1354 1349 1349 1349 1354 1354 1349 1349 1349 1349 1349 1354
    1354 1354 1354 1354 1354 1359 1359 1365 1359 1359 1359 1354 1354
    1354 1354 1359 1359 1365 1365 1365 1365 1365 1370 1370 1370 1365
    1365 4139 4139 4241 4241 4241 4241 0 1349 1349 1349 1349 1343 1343
    1343 1354 1354 1354 1349 1349 1349 1354 1354 1349 1349 1349 1349
    1349 1354 1354 1354 1354 1354 1354 1354 1359 1359 1359 1359 1354
    1354 1354 1354 1359 1359 1359 1365 1365 1365 1365 1365 1365 1370
    1370 1365 1359 1359 1359 4241 4241 4241 4241 1354 1349 1349 1349
    1349 1343 1343 1343 1354 1354 1354 1349 1349 1354 1354 1354 1349
    1349 1354 1354 1354 1354 1354 1354 1354 1354 1354 1354 1354 1354
    1354 1354 1354 1354 1354 1359 1359 1359 1359 1359 1359 1359 1365
    1365 1365 1365 1365 1365 1359 1359 1370 4241 4241 4241 4241 1354
    1354 1349 1349 1349 1343 1343 1349 1349 1349 1349 1349 1354 1354
    1354 1354 1354 1354 1354 1354 1354 1354 1354 1354 1354 1354 1354
    1354 1354 1354 1354 1354 1359 1359 1359 1359 1359 1359 1359 1359
    1359 1359 1365 1359 1359 1359 1365 1365 1365 1365 1370 4295 4295
    4295 4295 1349 1349 1349 1349 1343 1343 1343 1349 1349 1349 1349
    1349 1349 1354 1354 1354 1354 1354 1354 1354 1354 1354 1354 1354
    1354 1354 1354 1354 1354 1354 1354 1359 1359 1359 1359 1359 1359
    1359 1359 1359 1365 1365 1359 1359 1359 1359 1359 1365 1365 1370
    1370 4295 4295 4295 4295 1349 1349 1349 1349 1343 1343 1343 1349
    1349 1349 1349 1349 1349 1354 1354 1354 1354 1354 1354 1354 1354
    1354 1354 1354 1354 1354 1354 1354 1354 1354 1354 1354 1354 1359
    1359 1359 1359 1359 1359 1359 1365 1359 1359 1359 1354 1354 1359
    1365 1365 1370 1370 4295 4295 4295 4295 1349 1349 1349 1349 1349
    1349 1349 1349 1354 1349 1349 1349 1349 1354 1354 1354 1354 1354
    1354 1354 1354 1354 1354 1354 1354 1354 1354 1354 1354 1354 1354
    1354 1354 1359 1359 1359 1359 1359 1359 1365 1365 1359 1359 1359
    1354 1354 1359 1359 1359 1359 1370 4295 4349 4349 4349 1349 1349
    1349 1349 1349 1349 1349 1349 1354 1354 1354 1354 1354 1354 1354
    1354 1354 1354 1354 1354 1354 1354 1354 1354 1354 1354 1354 1354
    1354 1354 1354 1354 1354 1354 1359 1359 1359 1359 1359 1365 1365
    1365 1359 1359 1359 1359 1359 1359 1359 1359 1359 4190 4190 4190
    4190 1349 1349 1349 1349 1349 1349 1349 1349 1354 1354 1354 1354
    1354 1354 1354 1354 1354 1354 1354 1354 1354 1354 1354 1354 1354
    1354 1354 1359 1354 1354 1354 1354 1354 1354 1359 1359 1359 1359
    1359 1365 1365 1365 1359 1359 1359 1359 1359 1359 1359 1359 1359
    4139 4139 4139 0 1354 1354 1349 1349 1349 1349 1349 1349 1354 1354
    1354 1354 1354 1354 1354 1354 1354 1354 1354 1354 1354 1354 1354
    1354 1354 1354 1354 1354 1354 1354 1354 1354 1354 1359 1359 1359
    1359 1359 1359 1365 1365 1365 1365 1365 1359 1359 1359 1359 1359
    1365 1365 4139 4139 4139 1349 1354 1354 1349 1349 1349 1343 1343
    1349 1354 1354 1354 1354 1354 1354 1354 1354 1354 1354 1354 1359
    1354 1354 1354 1354 1354 1354 1354 1354 1354 1354 1354 1354 1354
    1359 1359 1359 1359 1359 1359 1365 1365 1365 1365 1365 1365 1359
    1359 1365 1365 1365 1365 4139 4139 4139 1349 1349 1349 1349 1349
    1349 1343 1343 1349 1354 1354 1354 1354 1354 1354 1354 1354 1354
    1354 1354 1354 1354 1354 1354 1354 1354 1354 1359 1359 1359 1354
    1354 1354 1354 1359 1359 1359 1359 1359 1365 1365 1365 1365 1365
    1365 1365 1365 1365 1365 1365 1365 1365 4139 4139 4139 1349 1349
    1349 1349 1349 1349 1343 1343 1349 1354 1354 1354 1354 1354 1354
    1354 1354 1354 1354 1354 1354 1354 1354 1354 1354 1354 1354 1354
    1354 1359 1359 1359 1359 1359 1359 1359 1359 1359 1359 1359 1359
    1359 1359 1365 1365 1370 1370 1370 1370 1365 1365 1365 4241 4241
    4241 1349 1349 1349 1349 1349 1349 1349 1349 1349 1354 1354 1354
    1354 1354 1354 1354 1354 1354 1354 1354 1354 1354 1354 1354 1354
    1354 1354 1354 1354 1354 1354 1359 1359 1359 1359 1359 1365 1359
    1359 1359 1359 1359 1359 1365 1365 1370 1370 1370 1370 1365 1365
    1365 4295 4295 0 1349 1349 1349 1349 1349 1349 1349 1349 1349 1354
    1354 1354 1354 1354 1354 1354 1354 1354 1354 1354 1354 1354 1354
    1354 1354 1354 1354 1354 1354 1354 1354 1359 1359 1359 1359 1359
    1365 1359 1359 1359 1359 1359 1359 1365 1365 1365 1370 1370 1370
    1365 1365 1365 4295 4295 0 1349 1349 1349 1349 1349 1349 1349 1349
    1349 1354 1354 1354 1354 1354 1354 1354 1354 1354 1354 1354 1354
    1354 1354 1354 1354 1359 1354 1354 1354 1354 1354 1359 1359 1359
    1365 1365 1365 1359 1359 1359 1359 1365 1365 1365 1365 1365 1370
    1370 1370 1370 1370 1370 4295 4295 0 1343 1343 1343 1349 1349 1349
    1349 1349 1349 1354 1354 1354 1354 1354 1354 1354 1354 1354 1354
    1354 1354 1354 1354 1354 1354 1359 1354 1354 1354 1354 1354 1359
    1359 1359 1365 1365 1359 1359 1359 1365 1365 1365 1365 1365 1365
    1365 1365 1370 1370 1370 1370 1370 4295 0 0 0 1343 1343 1349 1349
    1349 1349 1349 1349 1354 1354 1354 1354 1354 1354 1354 1354 1354
    1354 1354 1354 1354 1354 1354 1354 1354 1359 1359 1354 1354 1359
    1359 1359 1365 1365 1359 1359 1359 1359 1359 1359 1365 1365 1365
    1365 1365 1365 1365 1370 1370 1370 1370 4295 4295 0 1349 1349 1349
    1349 1349 1349 1349 1349 1349 1354 1354 1354 1354 1354 1354 1354
    1354 1354 1354 1354 1354 1354 1354 1354 1354 1354 1359 1359 1359
    1359 1359 1359 1359 1359 1359 1359 1359 1359 1359 1359 1359 1365
    1365 1365 1365 1365 1365 1365 1370 1370 1370 1370 4295 4295 0 1349
    1349 1349 1349 1349 1349 1349 1349 1349 1354 1354 1354 1354 1354
    1354 1354 1354 1354 1354 1354 1354 1354 1354 1354 1354 1354 1359
    1359 1359 1359 1359 1354 1354 1359 1359 1359 1359 1359 1359 1359
    1359 1365 1365 1365 1365 1365 1365 1370 1370 1370 1370 1370 4349
    4349 0 1354 1354 1349 1349 1349 1349 1349 1349 1349 1354 1354 1354
    1354 1354 1354 1354 1354 1354 1354 1354 1354 1354 1354 1354 1354
    1354 1359 1359 1359 1359 1359 1354 1354 1359 1359 1359 1365 1365
    1365 1365 1365 1365 1365 1365 1365 1365 1365 1370 1370 1370 1370
    1370 4349 4349 1398 1354 1354 1349 1349 1349 1349 1349 1349 1349
    1354 1354 1354 1354 1354 1354 1354 1354 1354 1354 1354 1354 1354
    1354 1354 1354 1354 1359 1359 1359 1359 1359 1354 1354 1359 1359
    1359 1365 1365 1365 1365 1365 1365 1365 1365 1365 1370 1370 1370
