<?xml version="1.0"?>
<opencv_storage>
<Depth7149 type_id="opencv-matrix">
  <rows>44</rows>
  <cols>31</cols>
  <dt>w</dt>
  <data>
    4645 4645 2365 2365 2349 2349 4582 4582 2333 2333 4463 4405 4405
    2349 2333 2333 2349 2349 2365 2381 2398 2398 2398 2415 2432 2432
    2450 2450 2415 2415 2415 4582 2333 2333 2333 2333 2317 2317 2317
    2317 2317 2317 2333 2333 2333 2333 2333 2333 2349 2349 2365 2398
    2398 2381 2381 2415 2415 2432 2415 2415 2415 2398 4582 2317 2317
    2317 2317 2317 2317 2317 2317 2317 2317 2333 2333 2333 2333 2333
    2333 2333 2349 2349 2365 2365 2381 2381 2398 2398 2415 2415 2415
    2415 2398 4582 2317 2317 2317 2317 2301 2301 2317 2317 2317 2317
    2333 2333 2333 2333 2333 2333 2333 2333 2349 2365 2365 2365 2381
    2398 2398 2415 2415 2415 2415 2398 2333 2333 2317 2317 2317 2301
    2301 2317 2317 2317 2333 2333 2333 2333 2333 2333 2333 2333 2333
    2349 2365 2365 2365 2365 2398 2398 2415 2415 2415 2415 2398 2333
    2333 2333 2317 2301 2301 2317 2317 2317 2317 2333 2333 2333 2333
    2333 2333 2333 2333 2349 2349 2365 2365 2365 2365 2398 2398 2415
    2415 2415 2415 2415 2381 2333 2333 2317 2301 2301 2317 2317 2317
    2317 2317 2333 2333 2333 2333 2333 2333 2333 2349 2365 2365 2365
    2365 2381 2398 2398 2415 2415 2415 2398 2398 4463 2333 2333 2317
    2317 2317 2317 2317 2317 2317 2317 2333 2333 2333 2333 2333 2333
    2349 2349 2381 2381 2381 2381 2381 2398 2398 2398 2398 2398 2398
    2398 4463 2333 2333 2317 2317 2317 2317 2317 2317 2317 2317 2333
    2333 2333 2349 2349 2349 2349 2365 2381 2381 2381 2381 2381 2398
    2398 2398 2398 2398 2398 2398 4522 2333 2333 2333 2317 2317 2317
    2317 2317 2317 2317 2333 2333 2349 2349 2349 2365 2365 2365 2381
    2381 2381 2381 2381 2398 2398 2398 2398 2398 2398 2398 4349 2365
    2317 2317 2317 2317 2317 2317 2317 2317 2317 2333 2333 2333 2333
    2349 2349 2349 2365 2381 2381 2381 2381 2381 2398 2398 2398 2415
    2398 2398 2398 4349 4349 2317 2317 2317 2317 2317 2317 2317 2317
    2317 2333 2333 2333 2333 2349 2349 2349 2349 2381 2381 2381 2381
    2381 2398 2398 2415 2415 2415 2398 2398 4522 4522 2317 2317 2317
    2317 2317 2317 2317 2317 2317 2333 2333 2333 2333 2349 2349 2349
    2349 2381 2381 2381 2381 2381 2398 2398 2415 2415 2415 2398 2398
    4522 2333 2317 2317 2317 2317 2317 2317 2317 2333 2333 2333 2333
    2333 2333 2349 2349 2349 2349 2381 2381 2381 2381 2381 2398 2398
    2415 2415 2415 2398 2398 4582 2333 2333 2317 2317 2317 2317 2317
    2317 2317 2333 2333 2333 2333 2333 2349 2349 2365 2365 2381 2381
    2381 2381 2381 2398 2398 2415 2415 2415 2415 2415 4349 2317 2317
    2317 2317 2317 2317 2317 2317 2317 2333 2333 2333 2333 2333 2349
    2349 2365 2365 2381 2381 2381 2381 2381 2398 2398 2398 2398 2415
    2415 2415 4349 2317 2317 2317 2317 2317 2317 2333 2317 2317 2333
    2333 2333 2333 2333 2349 2349 2365 2365 2381 2381 2381 2381 2381
    2398 2398 2398 2398 2398 2398 2398 4349 2333 2317 2317 2317 2317
    2317 2333 2333 2333 2333 2333 2333 2349 2349 2349 2349 2365 2365
    2365 2381 2381 2381 2381 2398 2398 2415 2415 2398 2398 2398 4349
    2333 2333 2317 2317 2317 2317 2333 2333 2333 2333 2333 2333 2349
    2349 2349 2349 2365 2365 2365 2365 2381 2381 2381 2398 2415 2415
    2415 2398 2398 2415 2349 2333 2333 2317 2317 2317 2317 2317 2333
    2333 2333 2333 2333 2333 2333 2349 2365 2365 2365 2365 2365 2381
    2381 2381 2415 2415 2415 2415 2415 2415 4522 2349 2333 2333 2317
    2317 2317 2317 2317 2317 2333 2333 2333 2333 2333 2333 2333 2349
    2349 2365 2381 2381 2381 2381 2398 2415 2415 2415 2415 2415 2415
    2432 2333 2333 2333 2317 2317 2317 2317 2317 2317 2333 2333 2333
    2333 2333 2333 2333 2349 2349 2349 2365 2381 2381 2381 2398 2415
    2415 2415 2415 2415 2415 2415 2333 2333 2317 2317 2317 2317 2317
    2317 2317 2333 2333 2333 2333 2333 2333 2333 2333 2349 2349 2365
    2381 2381 2381 2398 2398 2398 2415 2415 2415 2415 2415 2333 2333
    2317 2317 2317 2317 2317 2317 2333 2333 2333 2333 2333 2333 2333
    2333 2333 2349 2349 2365 2381 2381 2381 2381 2398 2398 2398 2415
    2415 2415 2415 2333 2333 2333 2333 2317 2317 2317 2317 2333 2333
    2333 2333 2333 2333 2333 2333 2349 2349 2349 2365 2381 2381 2381
    2381 2398 2398 2398 2415 2415 2415 2415 2333 2333 2333 2333 2317
    2317 2317 2317 2317 2333 2333 2333 2333 2333 2333 2349 2365 2365
    2365 2365 2381 2381 2398 2398 2398 2398 2398 2415 2415 2415 2415
    2365 2349 2333 2333 2317 2317 2317 2317 2317 2333 2333 2333 2333
    2333 2333 2349 2365 2365 2365 2365 2365 2381 2381 2381 2415 2398
    2398 2415 2415 2415 2415 2381 2365 2333 2333 2317 2317 2333 2317
    2317 2333 2333 2333 2333 2333 2333 2349 2365 2365 2365 2365 2365
    2381 2381 2381 2415 2415 2415 2415 2398 2398 2398 2381 2349 2333
    2317 2317 2317 2317 2317 2317 2333 2333 2333 2333 2333 2333 2349
    2349 2349 2365 2381 2381 2381 2381 2381 2415 2415 2415 2398 2398
    2381 2381 2365 2349 2333 2317 2317 2317 2317 2317 2317 2333 2333
    2333 2333 2333 2349 2349 2349 2349 2349 2365 2381 2381 2381 2381
    2415 2415 2415 2398 2398 2381 2381 2365 2333 2317 2317 2317 2317
    2317 2317 2317 2333 2333 2333 2333 2333 2349 2349 2349 2349 2349
    2365 2365 2381 2381 2381 2415 2415 2415 2415 2398 2398 2398 4582
    2317 2317 2317 2317 2317 2317 2317 2317 2333 2333 2333 2349 2349
    2365 2365 2365 2349 2349 2365 2365 2381 2381 2381 2415 2415 2415
    2415 2398 2398 2398 2317 2317 2317 2317 2317 2317 2317 2317 2317
    2333 2333 2333 2333 2349 2349 2365 2365 2365 2365 2349 2349 2381
    2381 2381 2415 2415 2415 2415 2415 2415 2415 2317 2317 2317 2317
    2317 2317 2333 2333 2333 2333 2333 2333 2333 2349 2349 2365 2365
    2365 2365 2349 2349 2381 2381 2381 2415 2415 2415 2415 2415 2415
    2415 2317 2317 2317 2317 2317 2317 2333 2333 2333 2333 2333 2333
    2333 2349 2349 2349 2365 2365 2365 2349 2349 2381 2381 2381 2415
    2415 2415 2415 2415 2432 2432 2317 2317 2317 2317 2317 2317 2333
    2333 2333 2333 2333 2333 2333 2349 2349 2349 2365 2365 2365 2365
    2365 2381 2381 2381 2415 2415 2415 2415 2415 2415 2415 2333 2333
    2317 2317 2317 2317 2333 2333 2333 2333 2333 2333 2333 2349 2349
    2349 2365 2365 2365 2381 2381 2381 2381 2381 2398 2398 2398 2415
    2415 2415 2415 2333 2317 2317 2317 2317 2317 2317 2317 2333 2333
    2333 2333 2333 2333 2349 2349 2365 2365 2365 2365 2381 2381 2381
    2381 2398 2398 2398 2415 2415 2415 2415 2333 2317 2317 2317 2317
    2317 2317 2317 2317 2317 2317 2333 2333 2333 2349 2365 2365 2365
    2365 2365 2381 2381 2381 2381 2398 2398 2398 2398 2398 2398 2398
    2349 2333 2317 2317 2317 2317 2317 2317 2317 2317 2317 2333 2333
    2349 2365 2365 2365 2365 2365 2381 2381 2381 2381 2381 2398 2398
    2398 2398 2398 2398 2398 2398 2317 2317 2317 2301 2301 2301 2301
    2317 2317 2317 2333 2333 2349 2365 2365 2381 2381 2381 2381 2381
    2381 2365 2365 2398 2398 2415 2415 2415 2415 2415 4582 2317 2317
    2317 2301 2301 2301 2301 2317 2317 2333 2333 2349 2349 2365 2365
    2381 2381 2381 2381 2381 2271 2271 2365 2398 2398 2398 0 4405 4405
    4405 4582 2317 2317 2317 2317 2301 2301 2301 2317 2317 2349 2349
    2349 2349 2365 2365 2381 2381 2381 2398 2398 2271 2271 0 0 0 0 0 0 0
    4405 4522 4522 4522 4522 4522 4463 4463 4463 2415 2415 2432 2432
    2432 2432 2398 2398 2398 2398 2398 2415 2415 2415 0 0 0 0 0 0 4463
    4463 4405</data></Depth7149>
</opencv_storage>
