<?xml version="1.0"?>
<opencv_storage>
<Depth10223 type_id="opencv-matrix">
  <rows>52</rows>
  <cols>68</cols>
  <dt>w</dt>
  <data>
    4041 3994 3994 4089 4089 4089 4089 4089 4089 4089 4089 4089 4089
    4089 4089 4089 4089 4089 4089 4089 4041 4041 4041 4041 4041 3994
    3994 3994 3994 3994 3994 3948 3948 0 0 1609 1609 1609 1609 1609 1601
    1601 1601 1594 1594 1601 1586 1586 1586 1586 1586 1594 1594 1586
    1586 1586 1579 1579 0 0 0 0 0 0 0 0 0 1586 4041 4041 4041 4089 4089
    4089 4089 4089 4139 4089 4089 4089 4089 4089 4089 4089 4041 4041
    4089 4089 4041 4041 4041 4041 4041 3994 3994 3994 3994 3994 3994
    3994 1609 1601 1601 1601 1609 1609 1609 1609 1609 1601 1601 1594
    1594 1601 1586 1586 1586 1586 1586 1594 1594 1586 1586 1586 1579
    1579 0 0 0 0 0 0 0 0 0 1586 4041 4041 4041 4089 4089 4139 4139 4139
    4139 4139 4139 4139 4089 4089 4089 4089 4041 4041 4041 4041 4041
    4041 4041 4041 3994 3994 3948 3948 3994 3994 3994 1601 1601 1601
    1601 1601 1601 1609 1609 1609 1609 1609 1609 1609 1601 1601 1601
    1586 1586 1594 1594 1594 1594 1586 1586 1586 1579 1579 0 0 0 0 0 0 0
    0 0 1594 4089 4089 4089 4139 4139 4139 4190 4190 4139 4139 4139 4139
    4089 4089 4089 4089 4041 4041 4041 4041 4041 4041 4041 3994 3948
    3948 3948 3948 3994 3994 1601 1601 1601 1601 1601 1601 1601 1609
    1609 1609 1609 1609 1609 1609 1601 1601 1601 1601 1601 1601 1601
    1594 1594 1586 1586 1586 1579 1579 0 0 0 0 0 0 0 0 1647 1601 4089
    4089 4089 4139 4139 4139 4190 4139 4139 4139 4139 4139 4089 4089
    4089 4089 4041 4041 4041 4041 4041 4041 3994 3948 3903 3903 3948
    3948 1616 1609 1609 1601 1601 1601 1601 1609 1609 1609 1616 1616
    1616 1616 1609 1609 1609 1609 1609 1609 1609 1601 1601 1594 1594
    1594 1594 1594 1594 1594 0 0 0 0 0 0 0 0 1647 1616 4139 4139 4139
    4190 4190 4190 4190 4139 4139 4139 4139 4139 4139 4139 4139 4089
    4089 4041 4041 4041 4041 4041 3994 3948 3903 3903 3903 1616 1616
    1616 1609 1601 1601 1601 1601 1609 1609 1609 1616 1616 1616 1616
    1609 1609 1609 1609 1609 1609 1609 1601 1601 1601 1601 1601 1594
    1594 1601 1601 0 0 0 0 0 0 0 0 1647 1647 4139 4139 4139 4190 4190
    4190 4139 4139 4139 4139 4139 4139 4139 4139 4139 4089 4089 4041
    4041 3994 3994 4041 4041 4041 1624 1624 1616 1616 1624 1616 1616
    1609 1609 1601 1601 1609 1609 1609 1616 1616 1616 1616 1609 1609
    1609 1609 1609 1609 1609 1609 1609 1601 1601 1609 1601 1601 1601
    1601 1609 1624 0 0 0 0 0 0 0 0 4139 4139 4139 4190 4190 4190 4139
    4139 4139 4139 4139 4139 4139 4139 4139 4139 4089 4041 4041 3994
    3994 3994 1624 1616 1616 1616 1616 1616 1624 1616 1616 1609 1609
    1609 1609 1616 1609 1609 1616 1616 1616 1616 1609 1609 1609 1609
    1609 1609 1609 1609 1609 1609 1609 1609 1609 1609 1609 1609 1609
    1624 0 0 0 0 0 0 0 0 4139 4139 4139 4190 4190 4190 4139 4139 4139
    4139 4139 4139 4139 4139 4190 4139 4089 4041 4041 4041 1624 1624
    1624 1624 1616 1616 1624 1624 1624 1616 1616 1616 1609 1609 1609
    1616 1609 1609 1616 1616 1616 1616 1616 1609 1609 1609 1609 1609
    1609 1609 1609 1609 1609 1609 1609 1609 1609 1609 1609 0 0 0 0 0 0 0
    0 0 4139 4139 4139 4139 4139 4139 4139 4139 4139 4139 4139 4139 4139
    4190 4190 4139 4089 4089 4089 1624 1624 1624 1624 1624 1624 1624
    1624 1624 1624 1616 1616 1616 1616 1609 1609 1616 1616 1616 1616
    1616 1616 1616 1616 1609 1609 1609 1609 1609 1609 1609 1609 1609
    1609 1609 1609 1609 1609 1609 1609 1609 0 0 0 0 0 0 0 0 4139 4089
    4089 4139 4139 4139 4139 4139 4139 4139 4139 4139 4139 4190 4190
    4190 1639 1632 1624 1624 1624 1624 1624 1632 1624 1624 1624 1624
    1624 1624 1624 1624 1624 1616 1616 1616 1616 1616 1616 1616 1616
    1616 1616 1616 1616 1616 1616 1609 1609 1609 1609 1609 1609 1609
    1609 1609 1609 1609 1609 1609 1609 0 0 0 0 0 0 0 4139 4089 4089 4139
    4139 4190 4190 4190 4139 4139 4139 4139 4139 4139 4139 1639 1639
    1632 1632 1624 1624 1624 1632 1632 1624 1624 1624 1624 1624 1624
    1632 1632 1624 1624 1624 1616 1616 1624 1616 1616 1616 1616 1616
    1616 1616 1616 1616 1616 1616 1616 1616 1616 1609 1609 1609 1609
    1616 1616 1609 1609 1609 1609 0 0 0 0 0 0 4139 4089 4089 4139 4139
    4190 4190 4190 4139 4139 4190 4190 4241 4241 1639 1639 1639 1632
    1632 1632 1624 1624 1632 1632 1632 1632 1632 1632 1632 1632 1632
    1632 1632 1632 1632 1632 1632 1624 1624 1624 1624 1624 1616 1616
    1616 1616 1616 1616 1616 1616 1616 1616 1616 1616 1616 1616 1616
    1616 1609 1609 1609 1609 1609 0 0 0 0 0 4139 4089 4089 4139 4190
    4190 4190 4190 4139 4139 4190 4190 1639 1639 1639 1639 1639 1632
    1632 1632 1632 1632 1632 1632 1632 1632 1632 1632 1632 1632 1632
    1632 1632 1632 1632 1632 1632 1632 1632 1632 1624 1624 1624 1624
    1624 1616 1616 1616 1616 1616 1616 1616 1616 1616 1616 1616 1616
    1616 1609 1609 1609 1609 1609 0 0 0 0 0 4089 4139 4139 4139 4190
    4190 1663 1663 1647 1647 1647 1639 1639 1639 1639 1639 1639 1639
    1639 1639 1639 1639 1639 1632 1632 1632 1632 1632 1632 1632 1632
    1632 1632 1632 1632 1639 1639 1639 1639 1639 1632 1632 1632 1624
    1624 1624 1624 1616 1616 1616 1616 1616 1616 1616 1616 1616 1616
    1616 1616 1616 1616 1616 1616 0 0 0 0 0 4041 4089 4089 4139 4139
    1655 1663 1663 1655 1647 1639 1639 1639 1639 1639 1639 1639 1639
    1639 1639 1639 1639 1639 1639 1639 1632 1632 1632 1632 1632 1632
    1632 1632 1632 1632 1639 1639 1639 1632 1632 1632 1632 1632 1632
    1632 1632 1632 1624 1624 1624 1616 1616 1624 1616 1616 1616 1616
    1616 1616 1616 1616 1616 1616 0 0 0 0 3859 4041 4089 4089 4089 1647
    1655 1655 1655 1655 1647 1639 1639 1639 1639 1639 1639 1639 1639
    1639 1639 1639 1639 1639 1639 1639 1639 1639 1632 1632 1632 1632
    1632 1632 1632 1632 1639 1639 1632 1632 1632 1632 1632 1639 1639
    1639 1639 1632 1624 1624 1624 1624 1624 1624 1616 1616 1616 1616
    1616 1616 1616 1616 1616 1616 1624 1624 0 3859 3816 4041 4041 1647
    1647 1647 1655 1655 1655 1647 1647 1639 1639 1639 1639 1639 1639
    1639 1639 1639 1639 1639 1639 1639 1639 1639 1639 1639 1639 1639
    1639 1639 1632 1632 1632 1632 1639 1639 1632 1632 1632 1632 1632
    1639 1639 1639 1639 1632 1632 1632 1632 1624 1624 1624 1624 1616
    1616 1616 1616 1616 1616 1616 1616 1616 1624 1624 0 3816 3816 1663
    1663 1647 1647 1647 1655 1655 1647 1647 1647 1647 1647 1647 1647
    1647 1639 1639 1639 1639 1639 1639 1639 1647 1639 1639 1639 1639
    1639 1639 1639 1639 1632 1632 1632 1632 1639 1639 1639 1632 1632
    1632 1632 1632 1639 1632 1632 1632 1632 1632 1632 1632 1632 1624
    1624 1624 1616 1616 1616 1616 1616 1616 1616 1616 1616 1616 3732
    3732 3732 1663 1663 1647 1647 1655 1655 1655 1647 1647 1647 1647
    1647 1647 1647 1647 1647 1639 1639 1639 1639 1639 1647 1647 1647
    1639 1639 1639 1639 1639 1639 1639 1639 1632 1632 1632 1639 1639
    1639 1632 1632 1632 1632 1632 1639 1632 1632 1639 1639 1639 1639
    1639 1639 1632 1632 1624 1624 1624 1616 1616 1616 1616 1616 1616
    1616 1624 1624 3692 3692 1663 1663 1663 1663 1663 1655 1655 1647
    1647 1647 1647 1647 1647 1655 1655 1647 1639 1639 1647 1647 1647
    1647 1647 1647 1639 1639 1639 1639 1639 1639 1639 1639 1639 1639
    1639 1647 1647 1639 1639 1639 1639 1632 1632 1639 1639 1639 1639
    1639 1639 1639 1639 1639 1632 1632 1632 1624 1624 1616 1616 1624
    1624 1624 1616 1616 1624 1624 3692 3692 1663 1663 1663 1663 1663
    1663 1655 1655 1647 1647 1655 1655 1655 1655 1655 1655 1647 1647
    1647 1647 1647 1647 1647 1647 1647 1647 1639 1639 1639 1639 1639
    1639 1639 1639 1639 1647 1647 1647 1639 1639 1639 1639 1639 1639
    1639 1639 1639 1639 1639 1639 1639 1639 1632 1632 1632 1632 1632
    1632 1632 1624 1624 1624 1624 1616 1616 1616 3774 3774 1663 1663
    1663 1663 1663 1663 1663 1655 1655 1655 1655 1655 1655 1655 1655
    1655 1655 1655 1655 1655 1655 1647 1647 1647 1647 1647 1639 1639
    1639 1639 1639 1639 1639 1639 1639 1647 1647 1647 1647 1647 1647
    1647 1647 1647 1647 1639 1639 1647 1647 1639 1639 1639 1639 1639
