<?xml version="1.0"?>
<opencv_storage>
<Depth5079 type_id="opencv-matrix">
  <rows>12</rows>
  <cols>7</cols>
  <dt>w</dt>
  <data>
    6038 6038 6038 6038 6038 0 0 6146 6146 6038 6038 5933 5933 0 6146
    6146 6146 6038 5933 5933 0 6146 6146 6146 6038 6038 6038 6259 6146
    6146 6146 6146 6146 6146 6259 6146 6146 6146 6146 6146 6146 6146
    6146 6038 6038 6146 6146 6146 6146 6038 6038 6038 6146 6146 6146
    6146 6038 6038 6146 6259 6259 6146 6146 6038 6038 6259 6259 6259
    6146 6146 6259 6259 6146 6146 6146 6146 6146 6146 6146 6146 6038
    6038 6038 6146</data></Depth5079>
</opencv_storage>
