<?xml version="1.0"?>
<opencv_storage>
<Depth3532 type_id="opencv-matrix">
  <rows>76</rows>
  <cols>75</cols>
  <dt>w</dt>
  <data>
    1273 1283 1288 1297 1302 1302 1307 1317 1333 1343 1343 1333 1333
    1333 3120 3120 3120 3120 3092 3092 3092 3092 1278 1278 1288 1288
    1283 1278 1278 1278 3092 3092 3092 3064 3064 3092 3064 3064 3064
    3064 3064 3064 3064 3037 3037 3037 3037 3064 3064 3064 3064 3064
    3064 3037 3037 3010 3010 3037 3010 3010 3010 3010 3010 3010 3010
    3010 3010 3010 3010 3010 3010 3010 3010 3010 2984 1273 1283 1288
    1297 1302 1307 1317 1333 1349 1354 1349 1333 1333 0 0 3149 3149 3120
    3092 3092 3092 1283 1278 1278 1283 1288 1288 1283 1283 1283 1283
    3092 3092 3092 3092 3092 3064 3064 3092 3064 3064 3064 3064 3037
    3037 3037 3037 3064 3064 3064 3064 3064 3064 3064 3064 3064 3037
    3037 3010 3010 3010 3010 3010 3010 3010 3010 3010 3010 3010 3010
    3010 3010 3010 3010 2984 1273 1283 1297 1302 1307 1312 1312 1370
    1365 1365 1365 0 0 0 0 0 1264 1264 1264 1264 1268 1268 1273 1278
    1278 1283 1283 1288 1283 1283 1297 1297 3120 3092 3092 3092 3092
    3092 3092 3064 3064 3092 3064 3037 3037 3037 3064 3064 3064 3064
    3064 3064 3064 3064 3064 3064 3064 3037 3037 3037 3037 3037 3037
    3010 3010 3010 3010 3010 3010 3010 3010 3010 3010 3010 3010 1278
    1288 1307 1317 1317 1317 1317 1381 1381 1387 0 0 0 0 0 1259 1264
    1264 1264 1264 1264 1268 1268 1278 1278 1283 1283 1288 1288 1288
    1288 1288 1288 3120 3120 3092 3092 3092 3092 3092 3092 3092 3064
    3037 3037 3064 3064 3092 3064 3064 3092 3064 3064 3064 3064 3092
    3064 3064 3037 3037 3037 3037 3037 3037 3037 3037 3010 3010 3010
    3010 3010 3010 3010 3010 2984 1292 1297 1317 1328 1333 1359 1359
    1392 1392 0 0 0 0 0 1250 0 1259 1259 1264 1264 1264 1264 1264 1268
    1273 1278 1283 1283 1283 1283 1288 1288 1288 1288 3120 3120 3092
    3092 3092 3092 3092 3092 3092 3037 3037 3064 3064 3092 3064 3064
    3092 3064 3064 3064 3064 3064 3064 3037 3037 3037 3037 3037 3037
    3037 3037 3037 3010 3010 3010 3010 3010 3010 3010 3010 2984 1297
    1297 1328 1343 1349 1359 1359 0 1359 0 0 0 0 0 0 1250 1250 1259 1259
    1264 1264 1264 1264 1268 1268 1278 1283 1283 1283 1283 1288 1288
    1288 1288 1288 3120 3120 3120 3092 3092 3092 3092 3092 3064 3064
    3064 3092 3092 3092 3092 3092 3064 3064 3064 3064 3064 3064 3037
    3037 3037 3037 3037 3037 3037 3037 3037 3010 3010 3010 3010 3010
    3010 3010 3010 3010 1302 1307 1349 1359 1359 1365 1370 0 0 0 0 0 0 0
    0 1250 1250 1255 1259 1259 1259 1264 1264 1264 1268 1273 1278 1278
    1283 1283 1283 1283 1288 1288 1288 3149 3149 3120 3092 3092 3092
    3092 3092 3092 3064 3064 3092 3092 3092 3092 3092 3064 3064 3064
    3064 3064 3064 3037 3037 3037 3037 3037 3037 3037 3037 3037 3010
    3010 3010 3010 3010 3010 3037 3010 3010 1302 1333 1359 1359 1365
    1370 0 0 0 0 0 0 1241 1241 1245 1250 1250 1255 1255 1255 1259 1259
    1259 1264 1268 1268 1273 1273 1278 1278 1283 1283 1288 1288 1288
    3149 3149 3120 3092 3092 3092 3092 3120 3092 3092 3092 3092 3092
    3092 3092 3092 3092 3092 3092 3092 3064 3064 3064 3037 3037 3037
    3037 3064 3064 3064 3037 3037 3010 3010 3010 3010 3010 3010 3037
    3010 0 0 0 1370 1370 1370 0 0 0 0 1227 1227 1232 1241 1245 1245 1250
    1250 1250 1250 1255 1259 1259 1264 1268 1268 1273 1273 1273 1278
    1278 1283 1288 1292 1292 1292 3120 3120 3120 3120 3120 3120 3092
    3092 3092 3092 3092 3092 3092 3092 3092 3092 3092 3092 3092 3092
    3064 3064 3064 3037 3037 3037 3064 3064 3064 3037 3037 3010 3010
    3010 3010 3010 3010 3037 3037 0 0 0 0 0 0 0 0 1227 1227 1227 1227
    1232 1236 1241 1245 1245 1250 1250 1250 1250 1255 1259 1264 1264
    1264 1268 1273 1273 1278 1278 1278 1283 1292 1292 1292 1292 3120
    3120 3120 3120 3120 3092 3092 3092 3092 3092 3092 3092 3092 3092
    3092 3092 3092 3092 3092 3092 3064 3064 3064 3064 3064 3064 3064
    3064 3064 3037 3010 3010 3010 3010 3010 3010 3037 3037 0 0 0 0 0 0 0
    1227 1227 1227 1227 1232 1232 1236 1241 1245 1245 1245 1245 1245
    1250 1250 1259 1264 1264 1264 1268 1268 1273 1278 1278 1278 1283
    1292 1292 1292 1297 1297 1297 3120 3120 3092 3092 3092 3092 3092
    3092 3092 3092 3092 3092 3092 3092 3092 3092 3092 3092 3092 3092
    3064 3064 3064 3064 3064 3064 3064 3064 3037 3037 3037 3010 3010
    3037 3037 3037 0 0 0 0 0 0 0 1227 1227 1227 1227 1232 1232 1232 1236
    1241 1241 1241 1245 1245 1245 1250 1255 1259 1264 1264 1264 1268
    1273 1273 1278 1278 1283 1288 1292 1292 1292 1292 1292 1288 3092
    3092 3092 3092 3092 3092 3092 3092 3092 3092 3092 3092 3092 3092
    3092 3092 3092 3092 3092 3092 3064 3064 3064 3064 3064 3064 3064
    3037 3037 3037 3037 3037 3037 3037 3037 0 0 0 0 0 0 0 1232 1232 1227
    1227 1232 1232 1232 1232 1236 1241 1241 1245 1245 1245 1245 1250
    1255 1259 1259 1264 1264 1268 1273 1273 1278 1283 1283 1288 1292
    1292 1288 1288 1288 3092 3092 3092 3092 3092 3092 3092 3120 3092
    3092 3092 3092 3092 3092 3120 3092 3092 3092 3092 3092 3092 3064
    3064 3092 3092 3092 3092 3092 3064 3064 3064 3064 3037 3037 3037 0 0
    0 0 0 0 0 1232 1232 1232 1232 1227 1227 1227 1232 1232 1236 1241
    1241 1245 1245 1245 1250 1250 1255 1259 1259 1259 1264 1268 1268
    1273 1283 1283 1283 1288 1288 1288 1283 1283 1283 3092 3092 3092
    3092 3120 3120 3120 3092 3092 3092 3092 3092 3092 3120 3092 3092
    3092 3092 3092 3092 3064 3064 3092 3092 3092 3092 3092 3064 3064
    3064 3064 3064 3037 3037 0 0 0 0 0 1283 1268 1236 1232 1232 1232
    1227 1227 1227 1227 1227 1232 1236 1241 1245 1245 1245 1245 1250
    1250 1255 1255 1255 1259 1259 1264 1268 1278 1283 1283 1283 1283
    1288 1283 1283 1288 1288 3120 3120 3120 3120 3120 3120 3120 3092
    3092 3092 3092 3120 3120 3092 3092 3092 3092 3092 3064 3064 3064
    3092 3092 3092 3092 3064 3064 3064 3064 3064 3064 3064 3064 0 0 0 0
    0 1283 1268 1259 1236 1236 1236 1232 1232 1227 1223 1223 1227 1232
    1236 1245 1245 1245 1245 1245 1250 1250 1250 1250 1255 1255 1264
    1268 1273 1278 1278 1283 1283 1288 1288 1288 1288 1292 1292 3120
    3120 3120 3120 3120 3120 3092 3092 3092 3092 3092 3092 3092 3092
    3092 3092 3092 3064 3064 3064 3092 3092 3092 3064 3064 3064 3064
    3064 3064 3064 3064 3064 0 0 1349 1349 1349 1273 1273 1264 1250 1241
    1241 1236 1232 1227 1223 1223 1227 1232 1232 1241 1241 1241 1245
    1245 1250 1250 1250 1250 1255 1255 1264 1268 1268 1273 1278 1278
    1283 1283 1288 1288 1288 1292 1292 1292 3120 3120 3120 3120 3120
    3092 3092 3092 3092 3092 3092 3092 3092 3092 3092 3092 3064 3064
    3064 3092 3092 3092 3064 3064 3064 3064 3064 3064 3064 3064 3064 0
    1343 1343 1338 1338 1273 1273 1268 1259 1255 1250 1241 1236 1232
    1227 1227 1227 1232 1232 1236 1236 1236 1245 1245 1250 1250 1250
    1250 1255 1255 1264 1268 1268 1268 1273 1278 1278 1278 1283 1288
    1288 1292 1292 1292 1292 3120 3120 3120 3120 3120 3120 3092 3092
    3092 3092 3092 3092 3092 3092 3092 3064 3064 3092 3092 3092 3092
    3064 3064 3064 3064 3064 3064 3064 3064 3064 0 1343 1338 1333 1283
    1273 1273 1268 1268 1264 1259 1250 1245 1236 1232 1232 1232 1232
    1232 1232 1232 1236 1241 1245 1250 1250 1250 1250 1255 1255 1264
    1264 1268 1268 1268 1273 1278 1278 1283 1283 1288 1292 1292 1292
    1292 1292 1297 3092 3092 3120 3120 3120 3092 3092 3092 3092 3092
    3092 3092 3092 3092 3092 3092 3092 3092 3092 3092 3092 3064 3064
    3064 3064 3064 3064 3064 0 0 1338 1333 1283 1283 1278 1273 1268 1268
    1264 1250 1245 1241 1236 1232 1232 1232 1232 1232 1232 1236 1236
    1241 1245 1245 1245 1245 1250 1250 1259 1264 1264 1268 1268 1268
    1273 1273 1278 1283 1288 1288 1288 1288 1292 1292 1297 1297 3092
    3120 3120 3120 3120 3092 3092 3092 3120 3120 3120 3120 3092 3092
    3092 3092 3092 3092 3092 3092 3092 3064 3064 3092 3064 3064 3064 0 0
    1307 1307 1288 1283 1283 1278 1278 1273 1264 1259 1250 1245 1245
    1241 1236 1232 1232 1232 1232 1236 1236 1241 1241 1245 1245 1245
    1245 1250 1255 1259 1264 1264 1268 1268 1268 1273 1278 1283 1283
