<?xml version="1.0"?>
<opencv_storage>
<Depth14408 type_id="opencv-matrix">
  <rows>15</rows>
  <cols>7</cols>
  <dt>w</dt>
  <data>
    3859 3859 5210 5132 5132 5132 4295 3859 5132 5132 5210 5056 5056
    4349 5132 5132 5132 5210 5056 5056 5056 5132 5132 5210 5132 5056
    5056 5132 5210 5210 5210 5132 5056 5056 5132 5210 5210 5210 5210
    5210 5210 5291 5210 5210 5210 5132 5132 5132 5291 5210 5210 5210
    5132 5132 5132 5210 5210 5210 5210 5210 5132 5132 5210 5210 5210
    5210 5132 5132 5132 5132 5210 5210 5132 5056 5056 5056 5132 5210
    5056 5056 5056 5056 5056 5132 5132 5056 5056 5056 5056 5132 5291
    5056 5056 5056 5056 5056 3859 3816 5056 5056 5056 5056 5056 3816
    3774</data></Depth14408>
</opencv_storage>
