<?xml version="1.0"?>
<opencv_storage>
<Depth14840 type_id="opencv-matrix">
  <rows>19</rows>
  <cols>58</cols>
  <dt>w</dt>
  <data>
    3037 3037 3037 3037 3903 3903 3903 3903 3903 3903 3948 3948 3903
    3903 3903 3903 3859 3816 3774 3774 3774 3732 3732 3732 3732 3732
    3732 3732 3732 3732 3692 3692 3692 3692 3653 3614 3614 3614 3614
    3614 3614 3614 3576 3539 3503 3503 3503 3468 3468 3468 3503 3468
    3433 3433 3399 3399 3399 3399 3037 3037 3037 3010 2984 2984 3903
    2958 2958 2933 2933 2958 3948 3903 3903 2859 2859 2859 2859 2883
    2883 2859 2859 2859 2859 2835 2835 2835 2812 2812 2835 2835 3692
    3692 3692 3653 3653 3653 3614 3614 3614 3576 3576 3539 3468 3433
    3433 2680 2680 3468 3503 3433 3433 2701 2701 3399 3399 3433 3010
    3010 3010 2984 2984 2958 2883 2883 2933 2933 2933 2908 2908 2883
    2859 2859 2859 2859 2859 2859 2859 2859 2835 2835 2835 2812 2812
    2812 2789 2789 2812 2812 2812 2812 2789 2767 2767 2744 2744 2744
    2744 2744 3539 3539 2701 2701 2701 2680 2659 2659 2659 2680 2680
    2680 2680 2659 2659 2639 2984 2958 2958 2958 2958 2933 2883 2883
    2908 2933 2933 2908 2908 2883 2859 2859 2859 2859 2859 2859 2812
    2812 2812 2812 2812 2812 2789 2789 2789 2789 2789 2789 2812 2789
    2767 2744 2744 2723 2723 2723 2701 2701 2701 2701 2701 2680 2680
    2680 2659 2659 2659 2659 2659 2659 2659 2618 2618 2618 2984 2958
    2958 2958 2933 2933 2908 2908 2908 2933 2933 2908 2908 2883 2859
    2859 2859 2859 2859 2859 2812 2812 2812 2812 2789 2789 2789 2789
    2789 2789 2789 2789 2789 2744 2744 2744 2744 2723 2701 2701 2701
    2701 2701 2680 2680 2680 2680 2680 2680 2659 2659 2659 2659 2659
    2659 2618 2618 2618 2984 2958 2958 2933 2933 2933 2908 2908 2933
    2933 2933 2908 2908 2883 2883 2883 2859 2859 2859 2859 2835 2835
    2812 2812 2789 2789 2789 2789 2789 2789 2789 2789 2767 2744 2744
    2744 2744 2723 2701 2701 2701 2701 2701 2680 2680 2680 2680 2680
    2680 2659 2659 2639 2639 2639 2639 2618 2618 2618 2984 2958 2958
    2933 2933 2933 2933 2933 2933 2958 2933 2933 2908 2883 2883 2883
    2883 2859 2859 2859 2835 2835 2835 2812 2812 2812 2812 2812 2789
    2789 2789 2789 2767 2767 2744 2744 2744 2744 2723 2723 2723 2723
    2701 2701 2701 2680 2680 2680 2680 2659 2659 2639 2639 2639 2639
    2618 2618 2618 2984 2958 2958 2933 2933 2933 2933 2933 2933 2958
    2933 2933 2933 2883 2883 2883 2883 2883 2859 2859 2859 2835 2835
    2835 2812 2812 2812 2812 2789 2789 2789 2789 2789 2767 2767 2744
    2744 2744 2744 2744 2723 2723 2701 2701 2701 2701 2701 2701 2680
    2680 2659 2659 2659 2639 2639 2618 2618 2618 2984 2958 2958 2933
    2933 2933 2933 2933 2933 2958 2933 2933 2908 2883 2883 2883 2883
    2859 2859 2859 2859 2859 2859 2835 2835 2812 2812 2812 2789 2789
    2789 2789 2789 2767 2767 2767 2767 2744 2744 2744 2723 2723 2701
    2701 2701 2701 2701 2701 2680 2680 2680 2680 2659 2639 2639 2618
    2618 2618 2984 2958 2958 2958 2933 2933 2933 2933 2933 2958 2933
    2908 2883 2883 2883 2883 2859 2859 2859 2859 2859 2859 2859 2835
    2835 2812 2812 2812 2812 2812 2789 2789 2789 2767 2767 2767 2767
    2744 2744 2723 2723 2723 2701 2701 2701 2701 2680 2680 2680 2680
    2680 2680 2659 2659 2639 2639 2618 2618 2984 2958 2958 2958 2933
    2933 2933 2933 2933 2958 2933 2908 2883 2883 2883 2883 2859 2859
    2859 2859 2859 2859 2859 2835 2835 2812 2812 2812 2812 2812 2789
    2789 2767 2767 2767 2767 2767 2744 2744 2723 2723 2723 2701 2701
    2701 2701 2680 2680 2680 2680 2680 2680 2680 2680 2659 2639 2639
    2639 2984 2958 2958 2958 2933 2933 2933 2933 2933 2958 2933 2908
    2883 2883 2883 2859 2859 2859 2883 2859 2835 2835 2835 2835 2835
    2812 2812 2812 2812 2812 2789 2789 2767 2767 2767 2767 2744 2744
    2744 2723 2723 2723 2723 2723 2723 2701 2701 2680 2680 2680 2680
    2680 2680 2680 2659 2639 2618 2618 2984 2958 2958 2958 2933 2933
    2933 2933 2933 2933 2908 2883 2883 2883 2883 2859 2859 2859 2859
    2859 2835 2835 2835 2835 2812 2812 2812 2789 2789 2789 2789 2789
    2767 2767 2767 2767 2744 2744 2723 2723 2723 2723 2723 2723 2701
    2701 2701 2701 2680 2680 2680 2680 2680 2680 2659 2659 2618 2618
    2984 2908 2908 2958 2958 2933 2908 2908 2933 2933 2883 2883 2883
    2883 2883 2859 2859 2859 2859 2835 2835 2835 2835 2835 2812 2812
    2812 2789 2789 2767 2767 2767 2767 2767 2767 2767 2744 2744 2723
    2723 2723 2723 2723 2723 2701 2701 2701 2701 2680 2680 2680 2680
    2680 2659 2659 2659 2618 2618 2883 2883 2883 2933 2958 2933 2908
    2908 2933 2933 2883 2883 2883 2883 2883 2859 2859 2859 2835 2835
    2835 2835 2835 2835 2835 2812 2812 2789 2789 2767 2767 2767 2744
    2744 2767 2767 2744 2701 2701 2701 2701 2723 2723 2723 2701 2701
    2701 2701 2680 2680 2680 2680 2680 2639 2639 2659 2680 2680 2883
    2859 2859 2859 2859 2933 2908 2908 2933 2933 2908 2908 2933 2883
    2883 2835 2835 2835 2812 2812 2835 2835 2835 2835 2835 2812 2812
    2789 2789 2767 2767 2767 2723 2723 2767 2767 2767 2701 2701 2701
    2701 2723 2744 2744 2723 2723 2701 2680 2680 2680 2680 2680 2701
    2639 2639 0 2680 2680 0 2859 2859 2859 2859 0 0 0 0 0 0 0 0 0 0 2835
    2835 2835 2789 2789 2835 2835 2859 0 0 0 0 2789 2789 2767 2767 2767
    2723 2723 2723 2723 2723 2723 2723 2723 2723 2723 2723 2723 0 2723
    2701 2680 2680 2680 2680 2680 2701 2659 2659 0 0 0 0 0 0 0 0 0 0 0 0
    0 0 0 0 0 0 2883 2883 0 2789 2789 0 0 0 0 0 0 0 0 0 0 0 0 2723 2723
    0 0 2723 2723 2723 2723 2744 2723 2723 2723 0 0 0 2701 2680 2680 0 0
    0 0 0 0 0 0 0 0 0 0 0 0 0 0 0 0 0 0 0 0 0 0 0 0 0 0 0 0 0 0 0 0 0 0
    0 0 0 0 2723 2723 0 0 0 2767 2767 2767 2767 2767 0 0 0 0 0 0 0 0 0 0
    0 0 0 0 0 0</data></Depth14840>
</opencv_storage>
