<?xml version="1.0"?>
<opencv_storage>
<Depth15349 type_id="opencv-matrix">
  <rows>49</rows>
  <cols>20</cols>
  <dt>w</dt>
  <data>
    1126 1130 1134 1138 1138 1138 1981 1981 1981 1981 4139 4089 4089
    4089 4190 4089 4089 4139 4139 4139 1130 1130 1134 2028 2028 1993
    1981 1981 1981 1993 2016 2028 2016 2016 2016 4139 4139 4139 4190
    4190 1981 1981 1981 1993 1993 1993 1981 1981 1981 1993 2005 2005
    2016 2016 2016 2016 4089 4089 4190 4190 1981 1970 1970 1993 1993
    1993 1981 1981 1981 1993 1993 2005 2005 2005 2005 2005 4089 4089
    4139 4190 1970 1970 1970 1981 1981 1981 1981 1981 1981 1993 1993
    1993 1993 2005 2005 2005 4089 4089 4139 4190 1970 1970 1970 1981
    1981 1981 1981 1993 1993 1993 1993 1993 1993 1993 1993 1993 4089
    4089 4190 4190 1970 1981 1981 1981 1981 1981 1981 1993 1993 1993
    1993 1993 1993 1993 1993 1993 1993 4241 4190 4139 1970 1981 1981
    1981 1981 1981 1981 1993 1993 1993 1993 1993 1993 1993 2005 2005
    2005 4190 4139 4139 1970 1970 1981 1981 1981 1981 1993 1993 1993
    1993 1993 1993 1993 2005 2005 2005 2005 4139 4139 4139 1970 1970
    1970 1981 1981 1981 1993 1993 1993 1993 1993 1993 2005 2005 2005
    2005 2005 4089 4089 4139 1970 1970 1970 1981 1981 1993 1993 1993
    1993 1993 1993 2005 2005 2005 2005 2028 2028 4089 4089 4089 1959
    1959 1970 1970 1981 1993 1993 1993 1993 1993 1993 2005 2005 2005
    2005 2005 2028 4089 4089 4089 1959 1959 1959 1970 1981 1993 1981
    1981 1993 1993 1993 1993 1993 2005 2005 2005 2028 4089 4089 4089
    1959 1959 1959 1970 1981 1981 1981 1981 1981 1993 1993 1993 1993
    2005 2005 2005 2028 4089 4089 4089 1959 1959 1959 1981 1981 1981
    1981 1981 1981 1993 1993 1993 1993 2005 2005 2005 2028 4139 4089
    4089 1970 1970 1970 1981 1981 1981 1981 1981 1993 1993 1993 1993
    1993 2005 2005 2016 2028 2028 4041 4041 1947 1970 1970 1981 1981
    1981 1981 1993 1993 1993 1993 1993 1993 2005 2005 2016 2028 2028
    4041 4041 1947 1970 1970 1981 1981 1981 1993 1993 1993 1993 1993
    1993 1993 2005 2005 2016 2028 2028 4041 4041 1959 1970 1970 1981
    1981 1981 1993 1993 1993 1993 1993 1993 1993 2005 2005 2005 2016
    2016 4089 4089 1970 1970 1970 1981 1981 1981 1993 1993 1993 1993
    1993 1993 1993 2005 2005 2005 2005 2016 4089 4089 1970 1970 1970
    1981 1981 1981 1993 1993 1993 1993 1993 1993 1993 2005 2005 2005
    2005 2016 2016 4089 1981 1981 1981 1981 1981 1981 1993 1993 1993
    1993 1993 1993 2005 2005 2005 2005 2005 2016 2016 4089 1981 1981
    1981 1981 1981 1981 1993 1993 1993 1993 1993 1993 2005 2005 2005
    2016 2016 2016 2016 4089 1981 1981 1981 1981 1981 1981 1993 1993
    1993 1993 1993 1993 2005 2005 2005 2016 2016 2028 2028 2028 3816
    1981 1981 1981 1981 1981 1981 1993 1993 1993 1993 1993 2005 2005
    2005 2016 2016 2028 2028 2028 3816 1981 1981 1981 1981 1981 1981
    1993 1993 1993 1993 1993 2005 2005 2016 2016 2016 2028 2028 2028
    3816 1981 1981 1981 1981 1981 1981 1993 1993 1993 1993 1993 2005
    2005 2005 2016 2016 2016 2028 2028 3859 1970 1970 1981 1981 1981
    1993 1993 1993 1993 1993 1993 1993 2005 2005 2016 2016 2005 2005
    2005 3816 1970 1970 1981 1981 1981 1993 1993 1993 1993 1993 1993
    1993 2005 2005 2016 2016 2005 2005 2005 3732 1981 1981 1993 1993
    1993 1993 1993 1993 1993 1993 1993 1993 2005 2016 2016 2016 2005
    2005 2005 3732 2005 1993 1993 1993 1993 1993 1993 1993 1993 1993
    2016 2016 2016 2016 2016 2016 2005 2005 2005 3859 3859 1993 1981
    1981 1981 1981 1981 1993 1993 2005 2016 2016 2016 2016 2016 2016
    2016 2005 2005 3816 3816 1993 1981 1981 1981 1981 1981 1993 1993
    2005 2005 2005 2005 2005 2016 2016 2016 2016 2016 3816 3816 1993
    1981 1981 1981 1981 1993 1993 1993 2005 2005 2005 2005 2005 2016
    1993 1993 2016 2016 3859 3859 1993 1981 1981 1981 1981 1993 1993
    1993 1993 1993 2005 2005 2005 2005 1993 1993 2016 2016 3859 3859
    2005 1993 1981 1981 1981 1993 1993 1993 1993 1993 2005 2005 2005
    2005 1993 1993 2016 2016 3903 3903 1981 1981 1981 1981 1981 1993
    1993 1993 1993 1993 2005 2005 2005 2016 1993 1993 2005 2005 3903
    3903 1981 1981 1981 1981 1981 1993 1993 1993 1993 1993 2005 2016
    2016 2016 2005 2005 2005 2016 3903 3903 1981 1981 1981 1981 1993
    1993 1993 1993 1993 1993 2005 2016 2016 2016 2005 1993 1993 2005
    3859 3903 1981 1981 1981 1981 1993 1993 1993 1993 1993 1993 1993
    2005 2005 2005 2005 1993 1993 2005 3859 3859 1981 1981 1981 1981
    1993 1993 1993 1993 1993 1993 1993 2005 2005 2005 2016 1993 1993
    2005 3816 1981 1981 1993 1993 1993 1993 1993 1993 1993 1993 1993
    2005 2005 2005 2005 2016 2016 2005 2005 3816 1981 1981 1981 1981
    1981 1993 1993 2005 1993 1993 1993 1993 2005 1993 1993 2016 2016
    2016 2116 3859 1981 1981 1981 1981 1981 1993 1993 2005 2005 2005
    1993 1993 2005 1993 1993 2016 2016 2028 2116 3859 3859 1981 1981
    1981 1981 1993 1993 2005 2005 2005 2005 2005 2005 2005 2005 2028
    2028 2090 2103 3816 3816 2005 1981 1981 1981 1981 1981 1993 1993
    1993 2005 2005 2005 2005 2005 2028 2028 2090 2090 3816 3816 3859
    2016 1993 1981 1981 1981 1993 1993 1993 1993 1993 2005 2016 2016
    2028 2028 2040 2065 3816 3816 3859 2016 1993 1981 1981 1981 1981
    1993 1993 1993 1993 2005 2016 2016 2028 2028 2040 2065 3859 3859
    3859 3859 1993 1981 1981 1981 1981 1993 1993 1993 2005 2005 2028
    2028 2040 2040 4139 4139</data></Depth15349>
</opencv_storage>
