<?xml version="1.0"?>
<opencv_storage>
<Depth4598 type_id="opencv-matrix">
  <rows>27</rows>
  <cols>27</cols>
  <dt>w</dt>
  <data>
    5832 5832 5832 5832 5832 5832 2908 2908 5832 5832 2883 2883 2883
    2908 5640 5640 5640 5548 5548 5548 5548 5548 5548 5460 5460 5460
    5374 5933 5832 5832 5832 5832 2908 2908 2908 2883 2835 2835 2835
    2835 2859 2883 5548 5548 5548 5548 5548 5548 5548 5548 5460 5460
    5374 5374 5832 5832 5832 5832 5832 2883 2883 2859 2859 2812 2812
    2812 2835 2835 2835 2835 2835 5548 5548 5548 5548 5548 5548 5460
    5460 5374 5291 5832 5832 5832 5832 5832 2883 2835 2835 2835 2789
    2789 2789 2789 2789 2789 2789 2767 2767 2767 2767 2789 2789 5460
    5374 5374 5374 5291 5933 5832 5832 5832 5734 2835 2835 2835 2812
    2789 2789 2789 2767 2767 2744 2744 2744 2723 2723 2744 2744 2767
    2789 2789 2812 2812 2744 5933 5832 5832 5832 5734 2835 2835 2835
    2812 2789 2767 2767 2744 2744 2744 2744 2723 2723 2723 2723 2723
    2723 2723 2723 2789 2789 2744 5933 5832 5832 2883 2859 2859 2859
    2835 2789 2767 2744 2744 2744 2744 2744 2723 2723 2723 2723 2701
    2701 2701 2701 2723 2723 2723 2723 5832 5832 5832 2883 2859 2859
    2859 2812 2789 2767 2744 2744 2744 2723 2723 2723 2701 2701 2701
    2701 2701 2701 2701 2723 2723 2723 2723 5832 5832 5832 2908 2883
    2859 2835 2812 2789 2767 2744 2744 2744 2723 2723 2701 2701 2680
    2680 2701 2701 2701 2701 2701 2723 2723 2723 5832 5734 5734 2883
    2859 2835 2812 2812 2767 2767 2744 2744 2723 2723 2701 2680 2680
    2680 2680 2701 2701 2701 2701 2701 2701 2723 2723 5832 5734 5734
    2883 2835 2812 2812 2789 2767 2744 2723 2723 2723 2723 2701 2680
    2680 2659 2659 2680 2680 2680 2680 2701 2701 2701 2723 5734 5734
    5734 2835 2812 2812 2812 2767 2744 2744 2723 2723 2723 2723 2701
    2680 2659 2659 2659 2659 2680 2680 2680 2680 2701 2701 2701 5734
    5734 2835 2812 2812 2812 2789 2744 2744 2723 2723 2723 2723 2701
    2680 2680 2659 2659 2659 2659 2680 2680 2680 2680 2680 2701 2701
    5734 5734 2835 2812 2812 2812 2789 2744 2723 2723 2723 2723 2723
    2701 2680 2680 2680 2659 2659 2659 2680 2680 2680 2680 2680 2680
    2701 5734 5734 2812 2812 2812 2789 2789 2744 2723 2723 2723 2723
    2723 2701 2701 2680 2680 2659 2659 2659 2680 2680 2680 2680 2659
    2659 2659 5734 5734 2812 2812 2812 2789 2767 2744 2723 2723 2723
    2723 2723 2701 2701 2680 2659 2659 2659 2680 2680 2680 2680 2659
    2659 2659 2659 5734 2859 2812 2812 2789 2789 2767 2744 2723 2723
    2701 2701 2723 2701 2680 2659 2659 2659 2659 2659 2680 2680 2659
    2639 2639 2659 5291 5734 2812 2812 2812 2789 2767 2744 2723 2723
    2701 2701 2701 2701 2680 2680 2659 2659 2639 2639 2659 2680 2659
    2659 2618 2618 2618 5291 5734 2812 2789 2789 2789 2767 2723 2723
    2723 2701 2701 2701 2680 2680 2659 2659 2659 2639 2639 2659 2659
    2659 2659 2618 2618 2618 5291 5734 2812 2789 2789 2789 2767 2723
    2723 2701 2701 2680 2680 2680 2680 2659 2659 2659 2659 2659 2659
    2659 2659 2659 2639 2639 2639 5210 5734 2812 2812 2789 2767 2744
    2723 2701 2701 2701 2680 2680 2680 2659 2659 2659 2659 2659 2659
    2659 2659 2659 2659 2639 2639 5210 5210 2767 2767 2767 2767 2767
    2744 2723 2701 2701 2680 2680 2680 2659 2659 2659 2659 2659 2659
    2659 2659 2659 2659 2680 2680 2701 5210 5210 2767 2767 2767 2744
    2744 2723 2701 2701 2701 2680 2680 2680 2659 2659 2659 2659 2659
    2659 2659 2659 2659 2659 2701 2701 2701 5132 5132 2789 2767 2767
    2744 2723 2723 2701 2701 2680 2659 2639 2639 2659 2659 2639 2639
    2639 2639 2659 2659 2659 2659 2680 2701 2701 5132 5132 2789 2767
    2767 2744 2723 2723 2701 2680 2659 2659 2639 2639 2659 2659 2639
    2639 2639 2639 2639 2659 2659 2659 2680 2680 5132 5132 5132 2789
    2767 2767 2744 2723 2701 2701 2680 2659 2639 2639 2639 2659 2659
    2639 2639 2639 2639 2639 2639 2659 2659 2680 5210 5132 5132 5132
    2789 2789 2767 2723 2723 2701 2680 2680 2659 2639 2639 2639 2659
    2659 2659 2639 2639 2639 2639 2639 2659 2659 2659 5210 5210 5132
    5132</data></Depth4598>
</opencv_storage>
