<?xml version="1.0"?>
<opencv_storage>
<Depth12456 type_id="opencv-matrix">
  <rows>6</rows>
  <cols>13</cols>
  <dt>w</dt>
  <data>
    6889 6889 6889 6889 6889 6889 6753 6753 6753 6889 6889 6889 6753
    6889 6889 6889 6889 6889 6889 6753 6753 6889 6889 6889 6753 6753
    6889 6753 6753 6753 6753 6889 6753 6753 6889 6889 6753 6753 6753
    6889 6753 6753 6753 6753 6753 6889 6889 6753 6753 6753 6753 6753
    6889 6753 6622 6622 6753 6753 6889 6889 6753 6753 6753 6753 6753
    6889 6753 6622 6622 6753 6889 6889 6889 6753 6753 6753 6753 6753</data></Depth12456>
</opencv_storage>
