<?xml version="1.0"?>
<opencv_storage>
<Depth16192 type_id="opencv-matrix">
  <rows>43</rows>
  <cols>30</cols>
  <dt>w</dt>
  <data>
    4522 4522 4463 4463 4463 4463 4463 4463 4463 4463 4522 4463 4463
    4405 4405 2415 2415 2415 2415 2415 2415 2432 2415 2415 2415 2415
    2415 2415 4463 4405 2415 2415 2415 2381 2381 2432 2432 2432 2415
    2415 2398 2398 2398 2398 2398 2398 2398 2398 2398 2415 2415 2415
    2398 2398 2398 2398 2398 2415 4463 4405 2415 2398 2381 2381 2381
    2398 2398 2398 2415 2415 2398 2398 2398 2398 2398 2398 2398 2398
    2398 2398 2381 2381 2381 2381 2398 2398 2398 2415 2415 4405 2415
    2398 2381 2381 2381 2398 2398 2398 2398 2398 2398 2398 2398 2398
    2398 2398 2398 2398 2398 2398 2381 2381 2381 2381 2398 2398 2398
    2398 2398 4405 2398 2398 2398 2398 2398 2398 2398 2398 2398 2398
    2398 2398 2398 2398 2398 2398 2398 2398 2398 2398 2381 2381 2381
    2381 2398 2398 2398 2365 2365 2365 2398 2398 2398 2398 2398 2398
    2398 2398 2398 2398 2398 2398 2398 2398 2398 2398 2398 2398 2398
    2398 2398 2381 2381 2381 2398 2398 2381 2349 2349 2349 2398 2398
    2398 2398 2398 2398 2398 2398 2398 2398 2398 2398 2398 2398 2398
    2398 2398 2398 2398 2381 2381 2381 2381 2381 2398 2381 2381 2349
    2349 2349 2398 2398 2398 2398 2398 2398 2398 2398 2398 2398 2398
    2398 2398 2398 2398 2398 2398 2398 2398 2381 2381 2381 2381 2381
    2398 2381 2365 2365 2365 2365 2398 2398 2398 2398 2398 2398 2398
    2398 2398 2398 2398 2398 2398 2398 2398 2398 2381 2381 2381 2381
    2381 2381 2381 2381 2398 2381 2365 2365 2365 2365 2398 2398 2398
    2398 2398 2398 2398 2398 2398 2398 2398 2398 2398 2398 2398 2398
    2381 2381 2381 2381 2381 2381 2381 2381 2381 2381 2381 2381 2381
    2381 2415 2415 2415 2398 2398 2398 2398 2398 2398 2398 2398 2398
    2398 2398 2381 2381 2381 2381 2381 2381 2381 2381 2381 2381 2381
    2381 2381 2381 2381 2381 2415 2415 2415 2398 2398 2398 2398 2398
    2398 2398 2398 2398 2398 2398 2381 2381 2398 2381 2381 2381 2381
    2398 2381 2381 2381 2398 2381 2381 2381 2381 2415 2415 2415 2398
    2398 2398 2398 2398 2398 2398 2398 2398 2398 2398 2381 2381 2398
    2398 2398 2381 2381 2398 2398 2398 2398 2398 2398 2381 2381 2381
    2415 2415 2415 2398 2398 2398 2398 2398 2398 2398 2398 2398 2398
    2398 2398 2398 2398 2398 2398 2398 2398 2398 2398 2398 2398 2398
    2398 2381 2381 2381 2415 2415 2415 2398 2398 2398 2398 2398 2398
    2398 2398 2398 2398 2398 2398 2398 2398 2398 2398 2398 2398 2398
    2398 2398 2398 2398 2398 2381 2381 2381 2415 2415 2415 2398 2398
    2398 2398 2398 2398 2398 2398 2398 2398 2398 2398 2381 2381 2381
    2398 2398 2398 2398 2398 2398 2398 2398 2398 2398 2398 2398 2415
    2415 2415 2398 2398 2398 2398 2398 2398 2398 2398 2398 2398 2398
    2398 2381 2381 2381 2398 2398 2398 2398 2398 2398 2398 2398 2398
    2398 2398 2398 2415 2415 2415 2398 2398 2398 2398 2398 2398 2398
    2398 2398 2398 2398 2398 2381 2381 2381 2398 2398 2398 2398 2398
    2398 2398 2398 2398 2398 2398 2398 2398 2398 2398 2398 2398 2398
    2398 2398 2398 2398 2398 2398 2398 2398 2398 2381 2381 2381 2381
    2398 2398 2398 2398 2398 2398 2398 2398 2398 2398 2398 2398 2398
    2398 2398 2398 2398 2398 2398 2398 2398 2398 2398 2398 2398 2398
    2381 2381 2381 2381 2398 2398 2398 2398 2398 2398 2398 2398 2398
    2415 2415 4522 2398 2398 2398 2398 2398 2398 2398 2398 2398 2398
    2398 2398 2398 2398 2398 2398 2398 2398 2398 2398 2398 2398 2415
    2415 2398 2398 2398 2398 2398 4522 2415 2415 2415 2398 2398 2398
    2398 2398 2398 2398 2398 2398 2398 2398 2398 2398 2398 2398 2398
    2398 2398 2398 2415 2415 2398 2398 2398 2398 2398 4522 2415 2415
    2415 2415 2415 2415 2398 2398 2398 2398 2398 2398 2398 2398 2398
    2398 2398 2398 2398 2398 2398 2398 2398 2398 2398 2398 2398 2398
    2398 4522 2415 2415 2415 2415 2415 2398 2398 2398 2398 2398 2398
    2398 2398 2398 2398 2398 2398 2398 2398 2398 2398 2398 2398 2398
    2398 2398 2381 2381 4522 4522 2398 2398 2415 2415 2398 2398 2398
    2398 2398 2398 2398 2398 2398 2398 2398 2398 2398 2398 2398 2398
    2381 2381 2398 2398 2398 2398 2381 2381 2415 4522 2398 2398 2415
    2398 2398 2398 2398 2398 2398 2398 2398 2398 2398 2398 2398 2398
    2398 2398 2398 2398 2381 2381 2398 2398 2398 2398 2398 2398 2415
    4463 2415 2415 2415 2398 2398 2398 2398 2398 2398 2398 2398 2398
    2398 2398 2398 2398 2398 2398 2398 2398 2398 2398 2398 2398 2415
    2415 2415 2415 2415 4463 2415 2415 2415 2415 2398 2398 2398 2398
    2398 2398 2398 2398 2398 2398 2398 2398 2398 2398 2398 2398 2398
    2398 2398 2398 2415 2415 2415 2415 2415 4463 2415 2415 2415 2415
    2398 2398 2398 2398 2398 2398 2398 2398 2398 2398 2398 2398 2398
    2398 2398 2398 2398 2398 2415 2415 2415 2415 2398 2398 2398 4463
    2415 2415 2415 2415 2398 2398 2398 2398 2398 2398 2398 2398 2398
    2398 2398 2398 2398 2398 2398 2398 2398 2398 2415 2398 2398 2398
    2398 2398 2398 4463 2398 2398 2415 2415 2398 2398 2398 2398 2398
    2398 2398 2398 2398 2398 2398 2381 2381 2398 2398 2398 2398 2398
    2398 2398 2398 2398 2398 2398 2398 2398 2398 2398 2415 2398 2398
    2398 2398 2398 2398 2398 2398 2398 2398 2398 2398 2381 2381 2398
    2398 2398 2398 2398 2398 2398 2415 2398 2398 2398 2398 2398 2398
    2415 2415 2398 2398 2398 2398 2398 2398 2398 2398 2398 2398 2398
    2398 2381 2381 2398 2398 2398 2398 2398 2398 2398 2415 2398 2398
    2398 2398 2398 2398 2415 2415 2415 2398 2398 2398 2398 2398 2398
    2398 2398 2398 2398 2398 2398 2398 2398 2398 2398 2398 2398 2398
    2398 2415 2415 2415 2415 2415 4463 2415 2415 2415 2415 2398 2398
    2398 2398 2398 2398 2398 2398 2398 2398 2398 2398 2398 2398 2398
    2398 2398 2398 2415 2415 2415 2415 2415 2415 2415 4405 2415 2415
    2415 2415 2398 2398 2398 2398 2398 2398 2398 2398 2398 2398 2398
    2398 2398 2398 2398 2398 2398 2398 2415 2415 2415 2415 2415 2415
    2415 2415 2415 2415 2415 2415 2415 2398 2398 2398 2398 2398 2398
    2398 2398 2398 2398 2398 2398 2398 2398 2398 2398 2398 2415 2415
    2415 2415 2415 2415 2415 2415 2415 2415 2415 2415 2415 2398 2398
    2398 2398 2398 2398 2398 2398 2398 2398 2398 2398 2398 2398 2398
    2398 2398 2415 2415 2415 2415 2415 2415 2415 2415 2415 2415 2415
    2415 2398 2398 2398 2398 2398 2398 2398 2398 2398 2398 2398 2398
    2398 2398 2398 2398 2398 2398 2415 2415 2415 2415 2415 2415 2415
    2415 2415 2415 2415 2398 2398 2398 2398 2398 2398 2398 2398 2398
    2398 2398 2398 2398 2398 2398 2398 2398 2381 2381 2415 2415 2398
    2398 2398 2398 2415 2432 2415 2415 2398 2398 2398 2398 2398 2398
    2398 2398 2398 2398 2398 2398 2398 2381 2381 2398 2398 2398 2365
    2365 2398 2398 2398 2398 2398 2398 4405 4522 4522 2415 2398 2398
    2398 2398 2398 2398 2398 2398 2398 2398 2398 2398 2381 2381 2381
    4405 4405 4463 2365 2365 2398 2398 2398 4463 4463 4463 4405 4522
    4522 4522 4522 4522 4522 4522 4522 4522 4463 2415 2415 2398 2398
    2398 2381 2381 4405 4405 4405 4405 4405 4405 4405 4405 4463 4463
    4463 4463 4405</data></Depth16192>
</opencv_storage>
