<?xml version="1.0"?>
<opencv_storage>
<Depth17471 type_id="opencv-matrix">
  <rows>72</rows>
  <cols>81</cols>
  <dt>w</dt>
  <data>
    3149 3149 3149 3149 3149 3149 3120 3120 3092 3092 3092 3092 815 815
    813 813 813 815 813 813 811 811 811 3010 3010 3010 3010 3037 3037
    3010 2984 2984 3010 2984 2958 2958 2958 2958 2958 2958 2958 2958
    2958 2933 2933 2933 2933 2933 2933 2933 2933 2908 2908 2908 2908
    2883 2883 2883 2883 2883 2883 2883 2883 2859 2859 2859 2859 2859
    2859 2859 2859 2859 2859 2859 2835 2835 2835 2835 2835 2835 2835
    3149 3149 0 0 0 3149 3149 3120 3092 3092 3092 3092 817 815 813 813
    813 813 813 813 811 811 811 809 809 809 807 807 807 2933 2933 2933
    2984 2984 2958 2958 2958 2984 2984 2958 2958 2958 2958 2933 2933
    2933 2933 2908 2908 2908 2933 2933 2908 2908 2908 2883 2883 2883
    2883 2883 2883 2883 2883 2859 2859 2859 2859 2859 2859 2859 2835
    2835 2835 2835 2812 2812 2789 2789 2812 2835 2835 3149 0 0 0 0 0 0
    3120 3120 3120 3092 817 815 813 813 813 813 813 813 813 811 811 811
    809 807 807 807 807 807 807 2933 2933 2984 2984 2958 2958 2933 2933
    2933 2958 2958 2958 2933 2933 2933 2933 2933 2908 2908 2908 2933
    2933 2908 2908 2908 2908 2908 2908 2883 2883 2883 2883 2883 2859
    2859 2859 2859 2859 2859 2859 2835 2835 2835 2835 2812 2812 2789
    2789 2789 2812 2812 0 0 0 0 0 0 0 0 823 817 817 815 815 813 813 813
    813 811 811 811 809 809 809 807 807 807 807 807 807 805 805 805 805
    805 3010 3010 807 807 2933 2958 2958 2958 2933 2933 2835 2835 2908
    2908 2908 2908 2933 2933 2908 2908 2908 2908 2908 2908 2883 2883
    2883 2883 2883 2883 2883 2859 2859 2859 2859 2859 2859 2835 2835
    2835 2812 2812 2789 2789 2789 2812 2812 0 0 0 0 0 0 0 823 823 819
    817 815 815 811 811 813 813 811 811 809 807 807 807 807 807 807 807
    807 807 805 803 803 802 802 803 805 805 802 800 800 800 2958 2933
    2933 2835 2835 2908 2908 2908 2908 2908 2933 2908 2908 2908 2908
    2908 2908 2883 2883 2883 2883 2883 2883 2883 2883 2859 2859 2859
    2859 2859 2835 2835 2835 2812 2812 2789 2789 2812 2812 2812 0 0 0 0
    0 0 829 825 823 819 817 815 813 811 811 811 811 811 809 807 807 807
    807 805 805 805 807 807 805 805 803 803 802 802 803 803 803 802 800
    800 800 798 798 798 798 798 2908 2908 2908 2908 2908 2933 2933 2933
    2933 2908 2908 2908 2883 2883 2883 2883 2883 2883 2883 2859 2859
    2859 2859 2859 2859 2859 2859 2859 2859 2835 2812 2812 2835 2812
    2812 0 0 0 0 0 0 829 825 823 819 817 815 811 809 809 811 811 811 809
    807 807 805 805 805 805 805 805 805 805 803 802 802 802 802 803 803
    803 803 802 800 800 798 798 798 798 798 796 796 796 796 796 2933
    2933 2933 2933 2908 2908 2883 2883 2883 2883 2883 2883 2883 2859
    2859 2859 2859 2859 2859 2859 2859 2859 2859 2859 2859 2835 2835
    2835 2835 2812 0 0 0 0 0 0 829 825 823 821 817 811 807 807 807 809
    809 811 809 807 807 805 805 805 803 803 805 803 803 802 800 800 800
    800 800 800 802 802 802 800 800 798 798 798 798 798 796 796 794 794
    794 794 794 796 796 792 2883 2883 2883 2883 2883 2883 2883 2859 2859
    2859 2859 2859 2859 2859 2859 2859 2859 2859 2859 2859 2859 2859
    2835 2835 2835 0 0 0 0 0 0 0 825 823 821 811 807 807 807 807 807 807
    809 807 807 805 805 805 805 803 803 803 803 802 802 800 800 800 800
    800 800 800 800 800 800 800 798 796 796 796 796 796 796 794 794 794
    794 794 794 792 792 790 790 790 2908 2908 2883 2883 2859 2859 2859
    2859 2859 2859 2859 2859 2859 2859 2859 2859 2859 2835 2835 2835
    2835 2835 0 0 0 0 0 0 0 825 823 815 807 807 807 807 807 807 807 807
    807 805 805 805 803 803 802 802 802 802 802 800 800 798 798 798 798
    798 798 798 798 798 798 796 796 796 796 796 796 796 794 794 794 794
    794 794 792 792 790 790 790 790 792 792 790 2883 2883 2859 2859 2883
    2883 2883 2859 2859 2859 2835 2835 2835 2835 2835 2835 2835 2812 0 0
    0 0 0 0 0 0 807 807 807 807 807 807 807 805 805 805 805 805 805 805
    803 803 802 802 800 800 800 800 800 798 798 798 798 798 796 796 796
    796 796 796 796 796 794 794 794 794 794 794 794 794 792 792 792 792
    790 790 790 792 792 792 790 789 787 787 2859 2883 2883 2883 2883
    2883 2859 2835 2835 2812 2812 2812 2835 2812 2812 0 0 0 0 0 0 0 0
    807 807 807 805 805 805 805 805 805 805 803 803 803 803 803 802 800
    800 800 800 800 800 800 798 798 798 798 798 796 796 796 796 796 794
    794 794 794 794 794 794 794 794 792 792 792 792 792 790 790 790 790
    790 790 789 789 789 787 787 787 787 787 785 785 785 2859 2835 2835
    2789 2789 2812 2812 2812 2812 0 0 0 0 0 0 0 807 807 805 805 805 805
    805 805 803 803 803 803 802 802 803 802 802 800 800 798 798 798 798
    798 798 798 798 798 796 796 794 794 794 794 792 792 792 794 794 794
    792 792 792 792 792 792 790 790 790 789 789 789 790 790 789 789 789
    787 787 787 787 787 785 785 785 783 783 780 780 2789 2789 2812 2812
    2812 0 0 0 0 0 0 0 807 807 805 805 805 805 805 805 803 802 802 802
    802 802 802 800 800 800 800 798 798 798 798 798 798 798 798 796 796
    794 794 794 794 794 792 792 792 794 794 792 792 792 792 792 792 790
    790 790 790 789 789 789 789 789 789 787 787 787 787 787 785 785 785
    785 785 783 783 780 780 780 780 780 780 0 0 0 0 0 0 0 0 805 805 805
    805 805 805 805 803 802 802 802 800 800 800 800 800 800 800 800 798
    798 796 796 796 796 796 796 794 794 794 794 792 792 792 792 790 790
    794 792 792 792 792 790 790 790 789 787 787 787 789 789 789 787 787
    787 787 787 787 785 785 785 785 783 783 781 781 781 781 780 780 780
    780 783 0 0 0 0 0 0 0 807 805 805 805 805 805 805 803 803 802 802
    800 800 800 800 800 800 800 800 798 798 796 796 794 794 794 794 792
    792 792 790 790 792 792 792 790 790 790 792 792 792 790 790 790 790
    789 789 787 787 787 787 787 787 787 785 785 785 785 785 785 785 785
    785 783 781 781 780 780 781 781 781 781 781 781 0 0 0 0 0 0 0 805
    805 805 805 803 803 803 802 802 802 800 800 800 798 798 798 798 798
    798 798 796 794 794 794 792 792 792 792 792 792 790 790 790 790 790
    790 790 790 790 790 790 790 790 789 789 789 789 787 787 787 787 787
    785 785 785 785 785 785 785 783 783 783 783 781 781 781 780 780 781
    781 781 781 781 781 0 0 0 0 0 0 0 805 803 803 803 803 802 800 800
    800 800 800 800 798 798 798 798 798 796 796 794 794 792 792 792 792
    792 792 790 790 790 790 790 790 789 789 789 789 789 787 787 787 787
    787 787 787 787 787 787 787 787 785 785 785 785 785 785 785 785 783
    783 783 783 781 781 781 780 780 780 780 780 780 780 780 780 0 0 0 0
    0 0 0 805 803 803 803 802 800 800 800 800 800 798 798 798 798 798
    798 796 796 794 794 794 792 792 792 792 792 790 790 790 790 790 790
    790 789 789 787 787 787 787 787 787 787 787 787 787 787 787 787 787
    787 785 785 783 783 783 783 783 783 783 783 781 781 781 781 780 780
    780 780 780 780 780 778 778 780 0 0 0 0 0 0 0 803 803 802 802 802
    800 800 800 800 798 798 798 798 798 796 796 794 794 792 792 792 792
    792 790 790 790 790 790 790 790 789 789 789 789 787 787 787 787 787
    787 787 787 787 787 787 785 785 785 785 785 783 783 783 783 783 781
    781 781 781 780 780 780 780 780 780 780 780 780 780 778 778 778 778
    778 0 0 0 0 0 0 0 803 802 802 800 800 800 800 800 798 798 798 798
    798 798 796 796 792 792 792 792 792 792 792 790 790 790 790 790 789
    789 789 789 789 787 785 785 785 787 787 787 785 785 785 785 785 785
    785 785 783 783 783 783 783 781 781 780 780 780 780 780 780 780 780
    780 780 778 778 778 778 778 778 776 776 778 0 0 0 0 0 0 0 802 800
    800 800 800 800 798 798 798 798 798 796 796 796 794 794 792 792 792
    792 792 792 792 790 790 790 790 790 789 789 789 787 785 785 785 785
    785 787 787 785 785 785 785 785 785 785 783 783 781 781 781 781 783
    781 781 780 780 778 778 778 778 778 778 778 778 778 778 778 778 778
    776 776 776 778 0 0 0 0 0 0 802 800 800 800 800 800 798 798 798 798
    796 796 794 794 794 792 792 792 792 790 790 790 790 790 790 790 790
