<?xml version="1.0"?>
<opencv_storage>
<Depth11966 type_id="opencv-matrix">
  <rows>8</rows>
  <cols>12</cols>
  <dt>w</dt>
  <data>
    6146 6259 6259 6038 5832 5734 5734 5734 5734 5734 5832 5832 6146
    6146 5832 5734 5640 5640 5640 5640 5640 5640 5734 5734 5933 5734
    5640 5548 5548 5640 5548 5548 5548 5548 5640 5640 5832 5734 5640
    5548 5548 5548 5460 5460 5374 5374 5640 5640 5734 5734 5640 5548
    5548 5548 5460 5460 5374 5374 0 0 5734 5734 5640 5640 5640 5640 5640
    5460 5460 0 0 0 5734 5734 5640 5548 5548 5640 5734 0 0 0 0 0 5832
    5832 5734 5548 5548 0 0 0 3816 0 0 4089</data></Depth11966>
</opencv_storage>
