<?xml version="1.0"?>
<opencv_storage>
<Depth3366 type_id="opencv-matrix">
  <rows>6</rows>
  <cols>8</cols>
  <dt>w</dt>
  <data>
    8212 8212 8212 8212 8413 8413 8849 4295 8413 8413 8413 8413 8413
    8413 8413 4295 8626 8413 8413 8413 8413 8413 8413 8849 8849 8849
    8626 8626 8413 8413 8413 8413 8849 8626 8626 8626 8626 8626 8413
    8413 8626 8413 8413 8413 8626 8626 8626 8626</data></Depth3366>
</opencv_storage>
