<?xml version="1.0"?>
<opencv_storage>
<Depth19959 type_id="opencv-matrix">
  <rows>197</rows>
  <cols>82</cols>
  <dt>w</dt>
  <data>
    2618 2639 2639 2639 2680 2680 2680 2680 2701 2701 2723 2744 502 502
    502 502 503 503 504 504 504 506 506 510 510 510 510 511 2933 512 512
    512 514 514 514 2984 2984 3010 520 520 520 3064 3092 3092 525 525
    525 526 528 529 529 529 0 0 0 0 0 0 0 0 0 0 3238 3238 3269 3269 3300
    3333 3333 3333 3333 3333 3333 3333 3433 3433 3468 3468 3468 3468
    3468 3503 2618 2639 2639 494 494 494 494 495 495 2701 2723 501 501
    501 501 501 502 503 504 504 505 506 506 507 507 509 509 510 511 512
    512 512 514 514 514 516 516 518 519 520 521 521 521 525 525 525 525
    526 528 529 529 529 0 0 0 0 0 0 0 0 0 0 0 3269 3269 3300 3300 3300
    3333 3333 3333 3333 3333 3365 3433 3433 3433 3433 3468 3468 3468
    3468 2618 493 493 493 493 493 494 494 495 495 496 498 500 501 501
    501 502 503 504 504 505 506 506 507 507 508 509 510 511 512 513 513
    514 514 514 516 516 518 518 520 521 521 524 525 525 525 525 526 528
    529 529 529 0 0 0 0 0 0 0 0 0 0 0 3300 3269 3269 3300 3300 3333 3333
    3333 3333 3333 3365 3433 3433 3433 3433 3468 3468 3468 3468 491 491
    491 492 493 493 494 494 495 495 496 497 499 500 501 501 502 504 504
    504 505 506 507 507 507 508 509 510 511 512 513 513 514 514 515 517
    517 518 518 520 521 522 523 525 525 525 525 527 528 529 529 529 0 0
    0 0 0 0 0 0 0 0 0 3300 3269 3269 3269 3300 3333 3333 3333 3333 3333
    3365 3433 3433 3433 3433 3468 3468 3468 3503 490 490 491 492 493 493
    494 494 495 495 496 497 499 500 501 501 502 504 504 504 505 506 507
    507 507 508 509 510 511 512 513 513 514 515 516 517 517 518 519 521
    521 522 522 523 525 525 526 527 529 529 529 529 0 0 0 0 0 0 0 0 0 0
    0 3300 3269 3269 3269 3300 3300 3333 3333 3333 3333 3333 3399 3399
    3399 3433 3468 3468 3503 3503 490 490 491 492 492 493 494 495 496
    496 497 498 499 500 501 502 502 504 504 504 506 507 507 507 508 509
    510 511 511 512 513 513 514 515 516 517 518 518 519 521 521 522 522
    523 525 525 526 526 528 529 529 529 0 0 0 0 0 0 0 0 0 0 0 3269 3269
    3269 3269 3300 3300 3333 3333 3333 3333 3333 3399 3399 3399 3433
    3468 3468 3503 3503 491 491 491 492 492 493 494 496 496 496 497 498
    499 500 501 502 502 503 504 504 506 507 507 508 509 509 510 511 511
    513 513 513 514 516 516 517 518 519 519 521 522 522 523 524 525 525
    526 526 528 529 529 529 0 0 0 0 0 0 0 0 0 0 0 3238 3238 3238 3269
    3300 3300 3300 3300 3333 3333 3333 3399 3433 3433 3433 3468 3468
    3503 3503 489 490 491 492 492 494 494 496 497 497 497 498 499 500
    501 502 503 503 504 504 506 507 507 509 509 510 510 511 512 513 513
    513 515 516 516 517 518 519 520 521 523 523 524 525 525 525 526 527
    529 529 529 529 531 0 0 0 0 0 0 0 0 0 0 3208 3208 3238 3269 3300
    3300 3300 3300 3333 3333 3365 3399 3433 3433 3468 3468 3468 3503
    3503 489 490 491 493 493 494 495 496 497 497 498 499 500 502 502 502
    503 504 504 505 506 507 507 508 509 510 511 511 512 513 514 514 516
    516 516 517 518 520 521 521 523 524 524 525 525 526 527 529 529 530
    531 531 531 532 0 0 0 0 0 0 0 0 0 3208 3208 3238 3300 3300 3300 3300
    3300 3333 3333 3365 3433 3433 3433 3468 3468 3468 3503 3503 0 491
    491 493 493 494 495 496 496 497 498 499 500 502 502 503 504 504 504
    505 506 507 507 508 509 510 511 511 512 513 514 514 516 517 517 517
    519 520 521 521 522 523 525 525 526 527 528 529 530 531 532 532 532
    532 0 0 0 0 0 0 0 0 0 0 0 3333 3300 3300 3300 3300 3300 3333 3333
    3365 3399 3433 3468 3468 3468 3468 3503 3503 0 0 493 493 493 494 495
    496 496 497 499 499 501 502 502 503 504 504 504 506 507 507 507 508
    510 510 511 511 513 513 514 514 517 517 517 517 518 519 521 521 522
    523 525 525 526 527 528 529 531 531 532 532 532 532 0 0 0 0 0 0 0 0
    0 0 0 3333 3300 3300 3300 3300 3300 3333 3333 3365 3399 3433 3468
    3468 3468 3468 3468 3468 0 0 0 494 494 494 495 496 497 497 498 499
    501 502 502 503 504 504 504 504 507 507 507 508 509 510 511 511 513
    513 514 514 517 517 517 517 518 519 521 522 522 523 525 525 526 527
    529 529 530 531 532 532 532 532 0 0 0 0 0 0 0 0 0 0 0 3333 3300 3300
    3300 3300 3300 3333 3333 3365 3433 3433 3433 3468 3468 3468 3468
    3468 0 0 0 494 494 494 495 496 497 497 498 499 501 502 502 503 503
    504 504 504 507 507 508 509 509 510 511 513 513 513 514 514 517 517
    518 518 518 519 521 522 523 524 525 525 526 528 529 529 530 531 532
    532 532 532 0 0 0 0 0 0 0 0 0 0 0 3333 3300 3300 3300 3300 3333 3333
    3365 3365 3433 3433 3433 3468 3468 3503 3503 3503 0 0 0 494 494 494
    496 496 497 498 499 499 501 502 502 503 503 503 504 504 507 507 508
    509 510 510 512 513 513 513 515 515 517 517 518 518 518 519 521 522
    523 524 525 525 526 528 529 529 530 532 533 533 533 533 0 0 0 0 0 0
    0 0 0 0 0 3333 3300 3300 3300 3300 3333 3333 3365 3365 3433 3433
    3433 3468 3468 3503 3503 3503 0 0 0 495 495 496 496 496 498 499 499
    499 501 502 502 503 503 503 504 505 507 507 509 510 510 511 512 513
    513 514 515 515 516 517 518 518 519 521 522 522 523 524 525 525 526
    528 529 529 531 532 533 533 534 534 0 0 0 0 0 0 0 0 0 0 0 3333 3300
    3300 3300 3300 3333 3333 3365 3399 3433 3433 3468 3468 3468 3503
    3503 3503 0 0 0 496 496 496 496 497 498 499 499 499 501 502 502 503
    503 504 504 506 507 507 509 510 511 511 512 513 513 514 515 515 516
    517 518 518 519 521 522 522 523 524 525 525 526 528 529 530 531 532
    533 534 534 534 0 0 0 0 0 0 0 0 0 0 0 3300 3300 3300 3333 3333 3333
    3333 3365 3399 3433 3433 3433 3468 3468 3503 3503 3503 0 494 494 494
    494 496 496 497 498 499 500 500 502 503 504 504 504 505 505 507 507
    508 509 510 511 511 512 513 513 514 515 515 516 517 518 519 521 521
    522 522 524 525 525 525 527 529 529 531 531 532 533 534 534 534 0 0
    0 0 0 0 0 0 0 0 0 3300 3300 3300 3300 3333 3333 3333 3365 3399 3468
    3433 3433 3468 3468 3503 3503 3503 0 494 494 494 494 496 496 497 498
    499 500 500 502 503 504 504 504 505 505 507 507 508 509 510 511 511
    512 513 513 514 515 515 516 517 518 519 521 522 523 523 523 525 525
    525 527 529 529 530 532 532 533 534 534 534 535 0 0 0 0 0 0 0 0 0 0
    3300 3300 3300 3300 3333 3333 3365 3365 3399 3468 3468 3468 3468
    3468 3503 3503 3503 0 0 496 495 495 496 497 498 499 499 500 501 502
    503 503 504 504 504 505 507 507 509 510 511 511 512 512 513 513 514
    515 515 516 517 518 519 520 522 523 523 523 525 525 525 527 529 529
    530 531 532 533 534 534 534 535 0 0 0 0 0 0 0 0 0 0 0 3300 3300 3333
    3333 3333 3333 3333 3365 3433 3468 3468 3468 3468 3503 3503 3503 0 0
    496 495 495 496 497 498 499 499 500 501 502 503 503 504 504 504 505
    507 509 509 510 511 511 512 512 513 514 514 515 516 517 517 518 520
    520 522 523 523 524 525 525 525 527 529 529 529 531 532 533 534 534
    535 535 0 0 0 0 0 0 0 0 0 0 0 3300 3300 3333 3333 3333 3333 3333
    3365 3433 3468 3468 3468 3468 3503 3503 3503 0 0 0 496 496 496 497
    498 499 500 501 502 502 503 503 504 504 506 507 507 509 509 510 511
    511 512 512 513 514 514 516 516 517 518 519 521 521 522 523 524 525
    525 525 525 527 529 529 529 532 533 534 534 535 535 536 0 0 0 0 0 0
    0 0 0 0 3269 3269 3300 3333 3333 3333 3365 3365 3399 3433 3468 3468
    3468 3468 3468 3503 3503 0 0 0 496 496 496 497 499 499 500 501 502
    503 503 503 504 505 507 507 507 509 510 510 511 511 512 513 514 514
    515 516 517 517 518 520 520 521 522 523 525 525 525 526 526 527 529
    529 530 531 533 534 535 535 536 536 537 0 0 0 0 0 0 0 0 0 3269 3269
    3333 3333 3333 3333 3365 3365 3399 3433 3468 3468 3468 3468 3468
    3503 3503 0 0 0 496 496 496 497 499 499 500 501 502 503 503 504 505
    506 507 507 507 509 510 510 511 513 513 514 514 514 515 515 517 518
    519 520 520 521 522 523 525 525 525 526 526 528 529 529 530 531 533
    534 535 535 536 536 537 0 0 0 0 0 0 0 0 0 0 0 3333 3333 3333 3333
