<?xml version="1.0"?>
<opencv_storage>
<Depth8558 type_id="opencv-matrix">
  <rows>41</rows>
  <cols>29</cols>
  <dt>w</dt>
  <data>
    4774 4708 4708 2618 2618 2598 2579 2579 2598 2618 2618 2618 2598
    2598 2598 2579 2579 2541 2522 2522 4645 4582 4582 4645 4582 4582
    4582 4582 4582 4774 4708 4708 2618 2598 2598 2579 2579 2579 2598
    2598 2598 2598 2598 2598 2579 2560 2541 2522 2522 2541 2579 2579
    2598 2598 2598 2598 2598 4582 4708 4708 2598 2598 2598 2598 2579
    2579 2579 2579 2579 2579 2579 2579 2579 2560 2560 2541 2522 2522
    2541 2560 2560 2560 2579 2579 2579 2598 2579 4645 4645 2598 2598
    2598 2598 2579 2579 2579 2579 2579 2579 2579 2579 2579 2560 2541
    2541 2541 2541 2541 2541 2541 2541 2541 2541 2560 2560 2579 4645
    4645 2618 2618 2618 2598 2579 2579 2579 2579 2579 2579 2560 2560
    2560 2541 2541 2541 2541 2541 2541 2541 2541 2541 2541 2541 2541
    2560 2579 4582 4582 2618 2618 2618 2598 2598 2598 2579 2579 2579
    2579 2560 2560 2560 2541 2541 2541 2541 2541 2541 2541 2541 2541
    2541 2541 2541 2560 2598 4582 4582 2598 2598 2618 2598 2598 2598
    2598 2579 2579 2560 2541 2541 2560 2541 2541 2541 2541 2541 2541
    2541 2541 2522 2522 2541 2541 2579 2598 4645 4645 2598 2598 2618
    2598 2598 2598 2579 2579 2579 2560 2541 2541 2560 2560 2560 2560
    2541 2541 2541 2541 2541 2522 2522 2541 2541 2579 2598 4708 2598
    2598 2598 2598 2598 2598 2598 2579 2579 2579 2579 2579 2560 2560
    2560 2560 2560 2560 2541 2541 2541 2541 2522 2522 2541 2541 2579
    2618 4774 2598 2598 2598 2598 2598 2598 2598 2579 2579 2579 2579
    2579 2579 2579 2560 2560 2560 2560 2541 2541 2541 2541 2541 2541
    2541 2560 2579 2618 4774 2598 2598 2598 2598 2598 2598 2598 2579
    2579 2579 2579 2598 2579 2579 2560 2560 2560 2560 2560 2541 2541
    2541 2541 2541 2541 2560 2579 2618 4774 2598 2598 2598 2598 2598
    2598 2598 2598 2598 2579 2579 2598 2579 2579 2560 2560 2560 2560
    2541 2541 2541 2541 2541 2560 2560 2579 2598 2618 4774 2560 2560
    2598 2598 2598 2598 2598 2598 2598 2579 2579 2598 2579 2579 2560
    2560 2579 2560 2541 2541 2541 2541 2541 2560 2560 2579 2598 2618
    2598 2560 2560 2598 2598 2598 2598 2598 2598 2598 2598 2598 2598
    2579 2579 2579 2579 2579 2560 2541 2541 2541 2522 2522 2541 2560
    2579 2598 2618 2598 2598 2598 2598 2598 2598 2598 2598 2598 2598
    2598 2598 2598 2579 2579 2579 2560 2560 2560 2541 2541 2541 2522
    2522 2541 2541 2560 2579 2598 2598 2598 2598 2598 2598 2598 2598
    2579 2579 2598 2598 2598 2598 2579 2579 2579 2560 2560 2560 2560
    2541 2522 2522 2522 2522 2541 2560 2579 2598 2598 2598 2598 2598
    2598 2598 2598 2579 2579 2598 2598 2598 2579 2579 2579 2579 2579
    2560 2560 2560 2541 2522 2522 2522 2522 2541 2560 2579 2598 2618
    2598 2598 2598 2598 2579 2579 2579 2579 2579 2598 2579 2579 2579
    2579 2579 2579 2560 2560 2541 2541 2541 2522 2522 2522 2541 2560
    2579 2618 2618 2598 2598 2598 2598 2579 2579 2579 2579 2579 2579
    2579 2579 2579 2579 2579 2579 2560 2541 2541 2541 2522 2522 2522
    2541 2541 2560 2579 4645 2618 2598 2598 2598 2598 2598 2579 2579
    2579 2579 2560 2560 2560 2579 2579 2579 2579 2560 2541 2541 2541
    2522 2522 2541 2541 2560 2579 2579 4645 2618 2618 2598 2598 2598
    2598 2579 2560 2560 2579 2560 2560 2560 2560 2579 2579 2579 2560
    2541 2541 2541 2522 2522 2541 2541 2579 2579 2579 2618 2618 2618
    2598 2598 2598 2598 2598 2560 2560 2579 2560 2560 2560 2560 2579
    2579 2560 2541 2541 2541 2541 2522 2522 2541 2560 2579 2579 2579
    2598 2598 2598 2618 2598 2598 2598 2598 2579 2579 2579 2560 2560
    2560 2560 2560 2560 2560 2541 2541 2541 2541 2522 2522 2541 2560
    2579 2579 2579 2598 2598 2598 2618 2598 2598 2598 2598 2598 2579
    2579 2579 2560 2560 2560 2560 2560 2541 2541 2541 2541 2541 2541
    2541 2560 2579 2579 2598 2598 2598 2598 2598 2598 2598 2598 2598
    2598 2598 2598 2579 2579 2579 2560 2560 2560 2560 2541 2541 2541
    2541 2541 2541 2541 2560 2560 2579 2598 2598 2598 2598 2598 2598
    2598 2598 2598 2579 2579 2598 2598 2598 2579 2560 2560 2560 2560
    2541 2541 2541 2541 2541 2541 2541 2541 2560 2579 2598 2598 4645
    2618 2618 2598 2598 2598 2598 2579 2579 2598 2598 2598 2579 2579
    2579 2560 2560 2541 2541 2541 2541 2541 2541 2541 2541 2560 2579
    2598 2598 4708 2618 2618 2618 2598 2598 2598 2598 2598 2598 2598
    2598 2579 2579 2579 2560 2560 2541 2541 2541 2541 2541 2541 2541
    2541 2560 2579 2598 2598 4708 2618 2618 2618 2598 2598 2598 2598
    2598 2598 2598 2598 2579 2579 2579 2560 2560 2560 2541 2541 2541
    2541 2541 2541 2541 2560 2579 2598 2598 4708 2618 2618 2618 2598
    2598 2598 2598 2598 2598 2598 2598 2579 2579 2579 2560 2560 2560
    2541 2541 2541 2541 2541 2541 2541 2579 2598 2598 2598 4708 2618
    2618 2618 2618 2618 2598 2598 2598 2579 2579 2598 2579 2579 2560
    2560 2560 2560 2560 2541 2541 2541 2541 2541 2560 2579 2598 2598
    2598 4645 2618 2618 2618 2618 2618 2598 2598 2598 2579 2579 2598
    2598 2579 2560 2560 2541 2541 2541 2541 2541 2541 2541 2560 2560
    2579 2598 2598 2598 4645 2618 2618 2618 2618 2618 2598 2598 2598
    2598 2598 2579 2579 2560 2541 2541 2541 2541 2541 2541 2541 2541
    2541 2560 2560 2579 2598 2598 2598 4708 2618 2618 2618 2618 2618
    2598 2598 2598 2598 2579 2579 2579 2560 2541 2541 2541 2541 2541
    2541 2541 2541 2541 2560 2560 2579 2598 2598 2598 4241 2598 2598
    2618 2618 2618 2598 2598 2598 2598 2579 2579 2579 2560 2560 2541
    2541 2541 2541 2541 2541 2541 2541 2541 2560 2579 2598 2598 2598
    2618 2598 2598 2618 2618 2618 2598 2598 2598 2598 2598 2579 2579
    2579 2560 2541 2541 2541 2541 2541 2541 2541 2541 2541 2560 2579
    2598 2598 2618 2618 2618 2618 2618 2598 2598 2579 2579 2598 2598
    2598 2598 2579 2579 2560 2541 2541 2541 2541 2541 2541 2541 2541
    2560 2560 2598 2618 2618 2618 4522 4774 4774 2618 2598 2598 2579
    2579 2598 2598 2598 2598 2598 2598 2560 2541 2541 2541 2541 2541
    2541 2541 2541 2541 2541 2598 2639 4645 4582 4582 4774 4774 4774
    2618 2598 2598 2598 2598 2598 2598 2598 2598 2598 2560 2541 2541
    2541 2541 2541 2541 2541 2541 2522 2522 2659 2659 4582 4582 4582
    4774 4774 4774 4774 4842 4842 4842 4774 2598 2598 2598 2598 2598
    2560 2541 2541 2522 2522 2541 2541 2541 2541 2522 2522 4582 4582
    4582 4582 4582 4774 4708 4708 4708 4842 4842 4842 4708 2598 2598
    2598 2598 2598 2541 2541 2541 2522 2522 2541 2541 2541 2522 2522
    4582 4582 4582 4582 4582 4645</data></Depth8558>
</opencv_storage>
