<?xml version="1.0"?>
<opencv_storage>
<Depth12380 type_id="opencv-matrix">
  <rows>28</rows>
  <cols>7</cols>
  <dt>w</dt>
  <data>
    4645 4645 4645 4708 4645 4463 4463 4645 4645 4708 4708 4645 4522
    4522 4645 4645 4708 4645 4645 4582 4582 4708 4708 4708 4645 4645
    4582 4582 4708 4708 4708 4645 4645 4645 4645 4708 4708 4708 4645
    4645 4645 4645 4708 4708 4708 4708 4645 4645 4645 4774 4708 4708
    4708 4645 4645 4645 4774 4708 4708 4708 4708 4645 4645 4774 4708
    4708 4708 4708 4645 4645 4708 4708 4708 4708 4708 4645 4645 4708
    4708 4708 4708 4645 4645 4645 4708 4708 4708 4708 4645 4645 4645
    4708 4708 4708 4708 4645 4645 4645 4708 4708 4708 4708 4708 4645
    4645 4708 4708 4708 4708 4708 4645 4645 4645 4645 4708 4708 4645
    4645 4645 4645 4645 4645 4645 4645 4645 4645 6497 6497 4645 4645
    4645 4645 4645 6622 6622 4645 4645 4645 4645 4645 6497 6622 6622
    4645 4645 4645 4645 6497 6622 6622 4708 4645 4645 4645 6622 6622
    4708 4708 4708 4708 4708 4645 4645 4708 4708 4708 4708 4708 4645
    4645 4708 4774 4774 4774 4774 4645 4708 4774 4774 4842 4774 4774
    4774 4774 4842 4842 4842 4774 4774 6497 6497 4911 4911 4911 4708
    4708</data></Depth12380>
</opencv_storage>
