<?xml version="1.0"?>
<opencv_storage>
<Depth15412 type_id="opencv-matrix">
  <rows>44</rows>
  <cols>20</cols>
  <dt>w</dt>
  <data>
    5291 5374 5374 2170 2170 2170 2170 2170 2184 2198 2212 2212 2198
    2198 2198 5734 5640 5548 5548 5640 5132 5132 2170 2170 2170 2170
    2170 2170 2184 2184 2198 2198 2198 2198 2198 5832 5832 5640 5640
    5640 2170 2156 2156 2156 2156 2170 2170 2170 2170 2170 2198 2198
    2198 2198 2212 2212 5832 5734 5640 5640 2170 2156 2156 2156 2156
    2156 2170 2170 2170 2170 2198 2198 2198 2198 2212 2212 5832 5734
    5734 5734 2170 2156 2156 2156 2156 2156 2156 2156 2156 2170 2198
    2198 2198 2198 2212 2212 5832 5734 5734 5734 2143 2143 2156 2156
    2156 2156 2156 2156 2156 2170 2184 2198 2198 2198 2198 2212 5832
    5734 5734 5734 2143 2143 2143 2143 2156 2156 2156 2156 2170 2170
    2184 2198 2184 2184 2184 2198 2198 5734 5734 5734 2143 2143 2143
    2143 2156 2156 2156 2156 2170 2170 2198 2198 2184 2184 2184 2184
    2184 5734 5734 5734 2143 2143 2143 2143 2143 2156 2170 2170 2170
    2170 2198 2184 2184 2184 2184 2184 2184 5734 5734 5734 2143 2143
    2143 2143 2143 2156 2156 2170 2170 2170 2184 2184 2184 2184 2198
    2198 2198 5734 5734 5734 2143 2143 2143 2143 2156 2156 2156 2156
    2170 2170 2184 2184 2184 2184 2184 2198 2198 5734 5734 5734 2129
    2129 2143 2143 2156 2156 2156 2156 2170 2170 2184 2184 2184 2184
    2184 2184 2184 5734 5734 5832 2129 2129 2143 2143 2156 2156 2156
    2156 2170 2170 2184 2184 2198 2198 2198 2184 2184 5734 5734 5734
    2129 2129 2143 2143 2156 2156 2156 2170 2170 2170 2198 2198 2198
    2198 2198 2198 2198 5734 5734 5734 2129 2129 2143 2143 2156 2156
    2156 2170 2170 2184 2198 2198 2198 2198 2198 2198 2198 5832 5832
    5734 2116 2116 2129 2129 2143 2143 2170 2170 2184 2184 2198 2198
    2198 2198 2198 2198 2212 5832 5734 5734 2116 2116 2129 2129 2143
    2143 2170 2184 2184 2184 2198 2198 2198 2198 2198 2198 2212 5832
    5734 5734 4983 2143 2129 2129 2129 2143 2156 2170 2170 2184 2198
    2198 2198 2198 2198 2198 2198 2198 5734 5734 4983 2143 2143 2129
    2129 2143 2156 2170 2170 2184 2198 2198 2198 2198 2198 2198 2198
    2198 5734 5734 4911 2143 2143 2143 2143 2143 2156 2170 2170 2184
    2198 2184 2184 2184 2198 2198 2198 2198 5734 5734 4911 2156 2143
    2143 2143 2143 2156 2170 2170 2184 2184 2184 2184 2184 2198 2198
    2198 2198 5734 5734 4911 4911 2156 2156 2156 2143 2143 2170 2170
    2170 2184 2184 2184 2198 2198 2198 2198 2198 5832 5832 5056 2156
    2156 2156 2143 2143 2143 2170 2170 2170 2184 2184 2198 2198 2198
    2198 2198 2198 2198 5734 5210 5210 2143 2143 2143 2143 2143 2143
    2156 2170 2184 2184 2198 2198 2198 2198 2198 2198 5734 5734 5210
    5210 2143 2143 2143 2143 2143 2143 2156 2170 2184 2184 2198 2198
    2198 2198 2198 2212 5734 5734 5210 5210 2156 2156 2143 2143 2156
    2170 2170 2170 2184 2198 2198 2198 2198 2198 2198 2212 2212 5734
    5210 5291 2156 2156 2156 2156 2156 2170 2170 2170 2198 2198 2198
    2198 2198 2198 2198 2212 2212 5734 5210 5291 5291 2156 2156 2156
    2143 2143 2170 2170 2198 2198 2198 2198 2198 2198 2198 2212 2212
    5832 5291 5291 5291 2143 2143 2156 2143 2143 2170 2170 2198 2198
    2198 2198 2198 2184 2184 2198 2198 5734 5210 5291 5291 2143 2143
    2156 2143 2143 2170 2170 2198 2198 2198 2198 2198 2184 2170 2170
    2170 5734 5132 5210 5210 2143 2143 2143 2143 2143 2170 2170 2198
    2198 2198 2198 2198 2184 2170 2170 2170 5734 5132 5210 5210 2143
    2143 2143 2143 2156 2170 2170 2184 2184 2184 2198 2198 2184 2184
    2184 2184 5832 5132 5132 5132 2156 2156 2156 2143 2143 2156 2156
    2184 2184 2184 2198 2198 2184 2184 2184 2184 5734 5056 5056 5056
    2198 2156 2156 2143 2143 2156 2156 2184 2184 2184 2198 2198 2198
    2184 2184 2184 5734 5056 5056 5056 2198 2156 2143 2143 2143 2156
    2156 2184 2184 2184 2198 2198 2198 2198 2184 2184 2184 5132 5132
    2212 2212 2170 2129 2129 2143 2143 2156 2184 2184 2184 2198 2198
    2198 2198 2184 2184 2184 5056 5056 5056 5056 2129 2129 2129 2143
    2143 2156 2184 2184 2184 2198 2198 2198 2198 2198 2198 2198 5056
    5056 5056 0 2143 2143 2143 2143 2143 2156 2184 2184 2198 2198 2198
    2212 2212 2212 2212 2212 5132 5132 5132 5132 2170 2170 2156 2143
    2143 2156 2184 2184 2198 2198 2198 2212 2212 2212 2212 2198 5132
    5132 5132 5132 2170 2170 2156 2143 2143 2156 2184 2184 2198 2198
    2198 2198 2212 2198 2198 2198 5132 5132 5132 5210 5210 2170 2170
    2156 2143 2143 2170 2184 2198 2198 2198 2198 2198 2198 2198 2198
    5056 5132 5132 5132 5132 2184 2170 2156 2143 2143 2170 2184 2198
    2198 2198 2198 2184 2184 2184 2198 5056 5132 5132 5132 5132 2170
    2170 2156 2143 2143 2184 2198 2198 2198 2198 2198 2184 2184 2184
    2198 5056 5132 5132 5132 5210 5210 2170 2156 2143 2143 2184 2198
    2198 2198 2198 2198 2184 2184 2184 2184</data></Depth15412>
</opencv_storage>
