<?xml version="1.0"?>
<opencv_storage>
<Depth19290 type_id="opencv-matrix">
  <rows>13</rows>
  <cols>14</cols>
  <dt>w</dt>
  <data>
    5056 5056 5132 5132 5132 5132 4139 4089 4089 4139 4139 4139 4139
    4139 5132 5132 4349 4190 4190 4190 4139 4089 4089 4139 4139 4139
    4139 4139 4405 4349 4349 4295 4190 4190 4139 4139 4139 4139 4139
    4139 4190 4190 4405 4405 4349 4295 4241 4190 4190 4139 4139 4139
    4139 4139 4190 4190 4349 4349 4349 4295 4241 4190 4190 4190 4139
    4139 4139 4139 4190 4190 4349 4349 4349 4295 4241 4190 4190 4190
    4139 4139 4139 4139 4139 4190 4349 4349 4349 4295 4295 4295 4295
    4295 4139 4139 4139 4139 4139 4190 4295 4295 4295 4295 4295 4295
    4190 4190 4139 4139 4139 4139 4139 4190 4295 4295 4295 4295 4295
    4295 4190 4190 4139 4139 4190 4089 4089 4139 4295 4241 4241 4295
    4295 4295 4241 4241 4190 4190 4190 4089 4089 4139 5734 4241 4241
    4241 4241 4241 4241 4241 4190 4139 4139 4139 5933 5933 5734 5734
    5832 4190 4190 4241 4190 4190 4190 4139 4139 4139 5933 5933 5734
    5734 5734 4190 4190 4190 4190 4190 4190 4190 4190 5933 5933 5933</data></Depth19290>
</opencv_storage>
