<?xml version="1.0"?>
<opencv_storage>
<Depth14744 type_id="opencv-matrix">
  <rows>87</rows>
  <cols>110</cols>
  <dt>w</dt>
  <data>
    4241 4241 4241 4241 4241 4190 4190 4241 4241 4190 4190 4190 4241
    4241 4241 4190 4190 4241 1219 1210 1210 1210 1210 1214 1214 1214
    1210 1210 1210 4241 4241 4190 4139 4139 4139 4190 4190 4139 4139
    4139 4089 4089 4139 4139 4089 4089 4089 4089 4089 4089 4089 4041
    4041 4089 4041 4041 4089 4089 4089 4089 4089 4089 4041 4041 4041
    4041 4041 4041 4041 4041 3994 3948 3948 3948 3948 3948 3948 3903
    3903 3903 3903 3903 3903 3903 3903 3903 3903 3903 3903 3903 3120
    3120 3064 3037 3037 3037 3010 3010 3037 3037 3037 3037 3010 3010
    3092 0 0 0 0 0 4241 4241 4241 4190 4190 4190 4190 4241 4241 4241
    4241 4241 4241 4241 4190 4190 4190 1214 1210 1210 1210 1210 1214
    1210 1210 1210 1210 1206 1206 1206 1210 1210 4139 4089 4089 4089
    4089 4139 4089 4089 4089 4089 4089 4089 4089 4089 4089 4089 4089
    4089 4041 4041 4041 4041 4041 4041 4089 4089 4089 4089 4089 4041
    4041 4041 4041 4041 4041 4041 4041 4041 3994 3948 3948 3948 3948
    3948 3948 3903 3903 3903 3903 3903 3903 3903 3903 3903 3859 3859
    3859 3149 3120 3120 3064 3037 3037 3037 3010 3010 3010 3010 3010
    3037 3010 3010 0 0 0 0 0 0 4241 4241 4190 4190 4190 4190 4190 4190
    4190 4190 4241 4241 4241 4241 4241 1210 1210 1206 1206 1206 1206
    1210 1206 1206 1206 1206 1206 1206 1206 1206 1206 1210 1210 4089
    4089 4041 4041 4089 4089 4089 4089 4089 4089 4089 4089 4089 4089
    4089 4089 4041 4041 4041 4041 4041 4041 4041 4089 4089 4089 4089
    4089 4041 4041 4041 4041 4041 4041 4041 4041 3994 3948 3948 3948
    3948 3948 3948 3948 3948 3903 3903 3903 3903 3903 3903 3903 3903
    3859 3859 3774 3149 3120 3092 3037 3010 3010 3010 3010 2984 2984
    3010 3010 3010 3010 3010 0 0 0 0 0 0 4190 4190 4190 4190 4190 4190
    4190 4190 4190 4190 4241 4241 4241 4241 1206 1206 1206 1202 1202
    1202 1202 1206 1202 1202 1202 1202 1202 1202 1202 1202 1202 1206
    1206 1202 1202 1202 4041 4089 4089 4089 4089 4089 4089 4089 4089
    4089 4089 4089 4089 4041 4041 4041 4041 4041 4041 4041 4089 4089
    4089 4089 4089 4041 4041 4041 4041 4041 4041 4041 3994 3948 3948
    3948 3948 3948 3948 3948 3948 3903 3903 3903 3903 3903 3903 3903
    3859 3859 3774 3774 3732 3732 3092 3092 3037 3010 3010 3010 3010
    2984 2984 3010 3010 3010 2984 2984 0 0 0 0 0 0 4190 4190 4190 4190
    4190 4190 4190 4190 4139 4139 0 0 4139 0 0 1206 1202 1202 1197 1193
    1193 1193 1193 1193 1197 1197 1197 1197 1197 1197 1197 1202 1202
    1202 1202 1202 1202 1202 1202 1202 4089 4089 4089 4089 4089 4089
    4089 4041 4041 4041 4041 4041 4041 4041 4041 4041 4089 4089 4089
    4089 4089 4041 4041 4041 4041 4041 4041 4041 3994 3948 3948 3948
    3948 3948 3948 3948 3948 3903 3903 3903 3903 3903 3903 3859 3816
    3816 3774 3774 3732 3732 3092 3064 3037 3037 3037 3010 3010 3010
    3010 3010 3010 3010 2984 2984 0 0 0 0 0 0 4190 4190 4190 4190 4190
    4190 4139 4139 4139 4139 0 0 0 0 0 1197 1189 1185 1185 1185 1185
    1189 1193 1189 1189 1189 1189 1193 1193 1193 1193 1193 1193 1197
    1197 1197 1197 1202 1202 1202 1202 1197 1197 4089 4089 4089 4089
    4041 4041 4041 4041 4041 4041 4041 4041 4041 4089 4089 4089 4089
    4041 4041 4041 4041 4041 4041 4041 4041 3994 3994 3948 3948 3948
    3948 3948 3948 3903 3903 3903 3903 3903 3903 3859 3816 3774 3774
    3774 3774 3816 3859 3037 3010 3010 3037 3037 3010 3010 2984 2984
    3010 3010 3010 2984 2984 0 0 0 0 0 0 4190 4190 4190 4190 4190 4190
    4139 4139 4139 0 0 0 0 0 0 1189 1185 1181 1181 1181 1185 1185 1185
    1185 1185 1185 1185 1189 1189 1189 1189 1189 1193 1193 1193 1193
    1193 1197 1197 1197 1197 1193 1189 1189 1189 1189 4089 4089 4089
    4041 4041 4041 4041 4041 4041 4041 4089 4089 4089 4041 4041 4041
    4041 4041 4041 4041 4041 4041 3994 3948 3948 3948 3948 3948 3948
    3903 3903 3903 3903 3903 3903 3903 3859 3816 3774 3774 3774 3774
    3064 3037 3010 3010 3010 3010 3010 3010 2984 2984 2984 3010 3010
    3010 3037 0 0 0 0 0 0 0 4190 4190 4190 4190 4190 4190 4139 4139 0 0
    0 0 0 0 1185 1181 1177 1177 1177 1177 1181 1181 1181 1181 1181 1181
    1181 1181 1181 1181 1185 1185 1189 1189 1189 1189 1189 1193 1193
    1193 1193 1189 1189 1189 1189 1189 1189 1189 1189 4089 4041 4041
    4041 4041 4041 4041 4089 4089 4089 4041 4041 4041 4041 4041 4041
    4041 4041 3994 3994 3948 3948 3948 3948 3948 3948 3903 3903 3903
    3903 3903 3903 3903 3859 3816 3774 3774 3774 3774 3064 3010 2984
    2984 2984 2984 3010 2984 2984 2984 2984 3010 2984 2984 0 0 0 0 0 0 0
    0 4241 4190 4190 4190 4190 4190 4190 4190 0 0 0 0 0 0 1181 1177 1173
    1169 1169 1177 1181 1177 1177 1177 1177 1177 1177 1177 1177 1181
    1181 1181 1185 1185 1185 1185 1185 1189 1189 1189 1189 1189 1189
    1189 1189 1189 1189 1189 1189 1189 4041 4041 4041 4041 4041 4041
    4089 4089 4089 4041 4041 4041 4041 4041 4041 3994 3994 3948 3948
    3948 3948 3948 3948 3948 3948 3903 3903 3903 3903 3903 3903 3903
    3859 3816 3774 3774 3774 3774 3816 3010 2984 2984 2984 2984 2984
    2984 2984 2984 2984 2984 2958 2958 0 0 0 0 0 0 0 0 4241 4190 4190
    4190 4190 4190 4190 4190 0 0 0 0 0 0 1173 1173 1169 1169 1169 1173
    1173 1173 1173 1173 1173 1173 1173 1173 1173 1173 1177 1177 1177
    1177 1177 1181 1181 1177 1177 1177 1177 1181 1185 1185 1185 1185
    1185 1185 1189 1189 1189 1189 4041 4041 4041 4041 4089 4089 4089
    4041 4041 4041 4041 4041 3994 3994 3948 3948 3948 3948 3948 3948
    3948 3948 3903 3903 3903 3903 3903 3903 3903 3903 3859 3816 3816
    3774 3774 3774 3064 3037 3010 2984 2984 2984 2984 2984 2984 2958
    2958 2958 2933 2933 0 0 0 0 0 0 0 0 4241 4190 4190 4190 4190 4190
    4190 4241 0 0 0 0 0 0 1173 1169 1165 1165 1165 1169 1173 1169 1169
    1169 1169 1169 1169 1169 1169 1169 1173 1173 1173 1173 1173 1173
    1173 1173 1173 1173 1173 1177 1181 1181 1181 1185 1185 1185 1185
    1185 1185 1189 1189 1193 4089 4089 4089 4089 4089 4089 4041 4041
    4041 3994 3948 3948 3948 3948 3948 3948 3948 3948 3948 3903 3903
    3903 3903 3903 3903 3903 3859 3859 3859 3859 3859 3816 3774 3774
    3064 3010 3010 3010 3010 2984 2984 2984 2984 2958 2958 2958 2933
    2933 0 0 0 0 0 0 0 0 4241 4190 4190 4190 4190 4190 4190 4241 0 0 0 0
    0 0 1161 1161 1161 1161 1161 1165 1169 1169 1169 1165 1165 1165 1165
    1165 1165 1169 1169 1169 1169 1169 1169 1169 1169 1169 1173 1173
    1173 1173 1173 1173 1177 1177 1177 1177 1177 1177 1177 1181 1185
    1193 1185 1185 4089 4089 4089 4089 4041 4041 4041 3994 3948 3948
    3948 3948 3948 3948 3948 3948 3903 3903 3903 3903 3903 3903 3903
    3903 3859 3859 3859 3859 3859 3816 3816 3816 3010 3010 3010 3010
    3010 2984 2984 2984 2984 2984 2984 2984 2984 2984 0 0 0 0 0 0 0 0
    4190 4190 4190 4190 4190 4190 4190 4241 0 0 0 0 0 1157 1157 1157
    1157 1157 1157 1157 1157 1157 1157 1157 1161 1161 1161 1161 1161
    1165 1165 1165 1165 1165 1165 1165 1165 1165 1169 1169 1169 1169
    1169 1173 1173 1173 1173 1173 1173 1173 1173 1177 1177 1181 1177
    1177 1177 1177 1177 1185 1189 4089 4089 3994 3948 3948 3948 3948
    3948 3948 3948 3948 3903 3903 3859 3859 3859 3859 3903 3903 3859
    3859 3859 3859 3859 3816 3816 3816 2984 2984 2984 2984 2984 2984
    2984 2984 2958 2958 2958 2984 2984 2984 0 0 0 0 0 0 0 0 4190 4190
    4190 4190 4190 4190 4190 4241 0 0 0 0 0 1153 1153 1149 1149 1153
    1153 1153 1153 1149 1149 1149 1153 1157 1157 1157 1157 1157 1157
    1161 1165 1165 1161 1161 1161 1161 1161 1161 1161 1161 1161 1165
    1169 1169 1169 1169 1169 1169 1169 1173 1177 1177 1177 1177 1173
    1173 1173 1173 1181 1181 1181 1181 3948 3948 3948 3948 3948 3948
    3948 3903 3903 3903 3859 3859 3859 3859 3859 3903 3859 3859 3859
    3859 3859 3774 3774 3774 2958 2958 2984 2984 2984 2984 2984 2984
    2958 2958 2958 2984 2984 2984 0 0 0 0 0 0 0 0 4190 4190 4190 4190
    4190 4190 4190 4295 0 0 0 0 0 1145 1145 1145 1145 1145 1145 1149
    1149 1145 1145 1145 1149 1149 1153 1153 1153 1153 1153 1157 1157
