<?xml version="1.0"?>
<opencv_storage>
<Depth0485 type_id="opencv-matrix">
  <rows>34</rows>
  <cols>7</cols>
  <dt>w</dt>
  <data>
    0 0 0 5640 5548 5460 5460 0 0 0 5460 5460 5460 5460 0 0 0 5460 5460
    5460 5460 0 0 0 5460 5460 5374 5374 0 0 0 5460 5460 5374 5374 0 0
    5548 5548 5548 5374 5374 0 0 5548 5548 5548 5548 5548 0 0 5548 5548
    5548 5548 5548 0 0 5548 5548 5548 5460 5460 0 5640 5548 5548 5548
    5460 5460 0 5640 5640 5548 5548 5460 5460 0 5640 5640 5548 5548 5548
    0 0 5640 5640 5548 5374 5374 0 0 5640 5548 5548 5374 5374 0 0 0 5548
    5548 5374 5374 0 0 0 5548 5548 5460 5460 0 0 5460 5460 5548 5548
    5548 0 0 5460 5460 5548 5460 5460 0 0 5548 5548 5548 5460 5460 0 0
    5548 5548 5548 5460 5460 0 5640 5548 5548 5548 5460 5460 0 5640 5548
    5548 5460 5460 0 0 5640 5640 5640 5460 5460 0 0 5548 5548 5548 5548
    0 0 0 5548 5548 5548 5548 0 0 0 5548 5548 5460 5460 0 0 0 5460 5460
    5460 5460 0 0 0 5460 5460 5374 5374 0 0 0 5460 5460 5374 5374 0 0 0
    5374 5374 5374 5460 0 0 0 5374 5374 5374 5460 0 0 0 5374 5374 5374
    5460 0 0 0 5374 5374 5374 0 0 0 0 5374 5374 5374 0 0 0 0</data></Depth0485>
</opencv_storage>
