<?xml version="1.0"?>
<opencv_storage>
<Depth6701 type_id="opencv-matrix">
  <rows>110</rows>
  <cols>74</cols>
  <dt>w</dt>
  <data>
    0 0 0 0 0 0 0 0 0 0 0 0 946 946 946 946 0 0 0 0 0 948 948 967 967
    975 975 981 0 0 0 0 0 0 0 0 0 0 0 0 0 0 0 0 0 0 0 0 0 0 0 0 0 0 0 0
    0 0 0 0 0 0 0 0 0 0 0 0 0 0 3503 3503 0 3399 0 0 0 0 0 0 0 0 0 0 0 0
    946 946 946 946 954 954 954 0 951 948 948 954 967 975 975 981 0 0 0
    0 0 0 0 0 0 0 0 0 0 0 0 0 0 0 0 0 0 0 0 0 0 0 0 0 0 0 0 0 0 3503
    3503 3503 3503 3539 0 0 0 3503 3468 3468 3399 3399 0 0 0 0 0 0 0 0 0
    0 0 0 946 946 946 948 951 951 951 951 951 951 954 954 967 970 970
    970 0 0 0 0 0 0 0 0 0 0 0 0 0 0 0 0 0 0 3503 3503 3539 3539 3576
    3539 3503 3503 0 0 0 0 3503 3503 3503 3503 3503 3503 3503 3503 0
    3503 3503 3503 3468 3468 3399 3399 0 0 0 0 0 0 0 0 0 0 0 951 948 946
    946 946 948 948 951 951 951 954 956 956 964 967 970 970 973 973 0 0
    0 0 0 0 0 0 0 0 0 0 0 0 0 3539 3503 3468 3433 3433 3539 3503 3503
    3468 3468 0 3503 3503 3503 3503 3503 3503 3503 3503 3503 3503 3503
    3503 3503 3503 3503 3468 3433 3433 0 0 0 0 0 0 0 0 0 0 959 951 948
    946 946 946 946 946 948 948 951 954 956 956 962 967 967 967 970 973
    978 0 0 0 0 0 0 0 0 0 0 0 0 0 0 3539 3503 3468 3433 3433 3468 3468
    3503 3468 3468 3468 3503 3503 3503 3503 3503 3503 3503 3503 3503
    3503 3503 3503 3503 3503 3503 3503 3468 3468 3468 0 0 0 0 0 0 0 0
    967 959 954 946 946 946 946 946 946 948 948 951 954 956 956 959 964
    967 967 970 970 970 970 973 0 0 0 0 0 0 0 0 0 0 0 0 3539 3503 3468
    3468 3468 3468 3468 3503 3468 3468 3468 3468 3503 3503 3503 3503
    3503 3503 3503 3503 3503 3503 3539 3503 3503 3503 3503 3503 3503
    3365 3365 0 0 0 0 0 0 0 967 964 954 946 943 943 943 943 946 946 946
    948 951 954 956 956 962 964 967 970 970 970 970 970 975 975 975 978
    0 0 0 0 0 0 0 0 989 3576 3576 3576 3539 3539 3539 3539 3468 3468
    3468 3468 3503 3503 3503 3503 3503 3539 3539 3539 3539 3576 3576
    3539 3539 3503 3503 3539 3539 3365 3365 0 0 0 0 0 0 0 970 967 951
    943 943 943 943 943 946 946 946 946 948 951 954 956 959 962 967 967
    967 970 970 970 973 975 975 978 978 981 984 989 989 989 989 989 989
    3614 3614 3614 3539 3539 3539 0 3539 3503 0 3503 3503 3539 3503 3503
    0 0 0 3539 3539 3576 3576 3576 3576 0 0 3539 3539 0 0 0 0 0 0 0 0
    978 973 970 940 938 938 938 938 943 943 946 946 946 946 948 951 954
    959 959 962 964 967 967 967 970 970 975 975 978 978 981 984 987 987
    989 989 989 992 992 995 995 995 1001 1001 0 0 0 0 0 0 0 0 0 0 0 0 0
    0 0 0 0 0 0 0 0 0 0 0 0 0 0 0 0 0 978 975 951 940 938 938 938 938
    940 943 943 943 946 946 946 948 951 956 959 962 962 964 967 967 970
    970 973 975 975 978 981 984 984 987 987 989 992 992 995 995 995 995
    1001 1001 1001 1004 1004 0 0 0 0 0 0 0 0 0 0 0 0 0 0 0 0 0 0 0 0 0 0
    0 0 0 0 0 978 973 951 935 935 935 935 935 938 943 943 943 943 946
    946 946 951 956 956 959 959 964 964 967 967 967 973 975 975 978 981
    984 984 987 987 989 992 992 995 995 995 995 1001 1001 1001 1004 1004
    0 0 0 0 0 0 0 0 0 0 0 0 0 0 0 0 0 0 0 0 0 0 0 0 0 0 0 978 970 956
    935 933 933 933 935 935 940 943 943 943 943 943 946 948 956 956 956
    959 964 964 964 967 967 970 973 975 978 981 984 984 984 987 989 989
    992 992 995 995 995 998 1001 1001 1001 1004 1007 1013 0 0 0 0 0 0 0
    0 0 0 0 0 0 0 0 0 0 0 0 0 0 0 0 0 0 0 964 954 935 933 933 933 933
    935 935 940 940 943 943 943 946 946 954 956 956 959 964 964 964 964
    967 967 970 973 975 978 981 981 981 984 987 989 989 992 992 995 995
    998 1001 1001 1001 1004 1007 1013 1013 1013 1013 0 0 0 0 0 0 0 0 0 0
    0 0 0 0 0 0 0 0 0 0 0 0 0 964 951 935 933 930 930 933 933 935 938
    938 940 943 943 943 946 951 954 956 956 959 962 962 964 967 967 970
    973 975 978 978 981 981 981 984 984 987 989 989 992 992 992 995 998
    998 1001 1004 1010 1010 1010 1013 1013 1013 1016 1016 0 1028 1028
    1028 0 0 0 0 0 0 0 0 0 0 0 1013 1013 1013 964 959 951 935 930 930
    930 933 933 933 935 935 940 943 943 943 946 948 951 954 956 959 959
    962 962 964 964 967 970 973 973 975 978 978 981 981 981 981 984 987
    989 992 992 995 995 998 1001 1004 1007 1010 1010 1010 1010 1013 1016
    1016 1019 1019 1025 1019 1019 0 0 0 0 0 0 0 0 0 0 1010 1010 975 964
    956 943 930 925 925 925 928 933 933 933 933 935 938 940 943 943 948
    948 951 956 956 959 959 962 962 964 967 970 970 973 973 975 978 978
    981 981 981 981 984 987 989 992 995 995 995 1001 1004 1004 1007 1007
    1010 1010 1013 1016 1016 1019 1019 1019 1019 1019 0 0 0 0 0 0 0 0 0
    0 1004 992 973 964 951 943 930 925 925 925 925 928 930 933 933 933
    935 938 940 943 946 948 948 954 956 956 959 959 962 962 962 967 970
    970 970 973 975 978 978 981 981 981 981 984 989 992 992 995 995 998
    1001 1004 1004 1004 1007 1010 1013 1016 1016 1019 1019 1019 1019
    1019 1028 1028 0 0 0 0 0 0 0 1004 1001 992 973 964 948 940 928 925
    923 923 925 925 928 930 933 933 935 935 938 940 946 946 948 951 954
    956 956 959 959 959 962 964 967 970 970 973 973 975 978 978 981 981
    981 984 987 992 992 995 995 998 1001 1001 1001 1004 1004 1007 1010
    1013 1013 1016 1016 1016 1022 1022 1025 1022 1022 0 0 0 0 0 1013
    1004 998 992 973 964 946 935 928 925 923 923 923 925 925 928 930 933
    933 933 935 935 940 943 946 946 948 951 954 956 959 959 959 964 967
    967 970 970 973 973 978 978 978 981 981 981 984 989 992 995 995 998
    998 1001 1001 1001 1004 1004 1007 1007 1013 1013 1013 1013 1019 1022
    1025 1022 1022 0 0 0 0 1025 1013 1004 998 992 984 951 943 933 928
    923 923 923 923 925 925 925 928 930 930 933 935 935 940 943 946 946
    948 948 954 954 956 956 959 962 964 967 967 970 970 973 975 978 978
    981 981 981 984 989 992 992 992 995 998 1001 1001 1001 1004 1004
    1007 1007 1010 1010 1013 1013 1019 1019 1025 1025 0 0 0 0 0 1025
    1013 1004 998 992 984 951 938 928 925 923 923 923 923 923 925 925
    925 928 928 930 933 935 938 940 943 946 946 948 951 954 954 954 959
    959 962 962 964 967 967 967 970 975 978 978 978 981 984 987 989 992
    992 992 995 998 998 1001 1004 1004 1007 1007 1007 1010 1013 1013
    1016 1019 1025 1025 0 0 0 0 0 1019 1013 1004 998 989 978 951 935 928
    925 923 920 920 920 923 923 925 925 925 928 930 933 938 938 938 943
    946 946 948 948 951 951 951 956 959 959 959 962 964 964 967 970 973
    973 975 975 978 984 987 989 989 989 992 992 995 998 1001 1004 1004
    1004 1004 1007 1010 1013 1013 1016 1019 1022 1025 0 0 0 0 0 1019
    1013 1007 995 987 970 954 933 925 923 920 918 918 920 923 923 923
    923 925 925 928 933 935 935 938 940 943 946 946 948 948 948 948 954
    956 959 959 959 962 962 964 967 970 970 975 975 975 981 984 987 987
    989 989 989 992 995 998 1001 1004 1004 1004 1004 1007 1010 1013 1016
    1016 1019 1019 0 0 0 0 0 1019 1013 1001 989 981 970 954 933 920 918
    915 915 915 918 920 923 923 923 923 925 928 930 935 935 935 938 940
    943 946 946 948 948 948 951 956 959 959 959 962 962 964 967 967 970
    970 970 973 978 981 984 984 987 987 987 989 989 992 998 1001 1001
    1004 1004 1004 1007 1010 1013 1016 1019 1019 0 0 0 0 0 0 1010 998
    989 981 970 951 940 920 918 915 915 915 915 918 920 923 923 923 923
    928 928 935 935 935 938 938 940 943 946 946 946 946 948 954 956 956
    959 959 959 962 967 967 970 970 970 973 978 981 981 981 984 984 987
    989 989 992 995 995 1001 1001 1001 1004 1007 1010 1010 1016 1016
    1016 0 0 0 0 0 1019 1010 998 987 981 962 946 935 923 918 915 913 913
    913 915 918 920 923 923 923 925 928 933 935 935 935 938 940 940 946
    946 946 946 948 951 956 956 959 959 959 962 964 967 967 967 967 970
    975 978 981 981 981 984 987 989 989 992 992 995 998 998 1001 1001
    1004 1007 1007 1010 1016 1016 0 0 0 0 0 1019 1019 995 987 978 962
    943 933 925 918 915 913 913 913 915 915 918 920 923 923 925 925 930
    933 935 935 938 938 940 943 943 946 946 948 948 954 956 956 959 959
    959 962 964 967 967 967 970 975 978 981 981 981 981 984 987 989 989
