<?xml version="1.0"?>
<opencv_storage>
<Depth7975 type_id="opencv-matrix">
  <rows>15</rows>
  <cols>22</cols>
  <dt>w</dt>
  <data>
    4190 4190 4190 4190 4089 4089 4190 4190 6259 4349 4349 6375 6375
    6375 6375 6375 6375 6375 6375 6375 6375 6375 4190 4190 4190 4190
    4190 4139 4139 4139 4139 4139 4241 4241 4241 6375 6375 6375 6259
    6259 6375 6375 6375 6375 4190 4190 4190 4190 4190 4139 4139 4089
    4089 4139 4190 4139 4139 6375 6375 6259 6259 6259 6259 6375 6375
    6375 4190 4190 4190 4190 4190 4139 4139 4089 4089 4139 4139 4089
    4089 4041 4041 6259 6146 6146 6259 6375 6375 6259 4190 4190 4190
    4190 4190 4139 4139 4139 4139 4139 4139 4089 4089 4041 4041 4041
    4041 6146 6259 6375 6375 6259 4190 4190 4190 4190 4139 4139 4139
    4139 4139 4139 4139 4089 4089 4041 4041 4041 4041 4089 4139 6375
    6375 6259 4241 4241 4190 4190 4139 4139 4139 4139 4139 4139 4089
    4089 4089 4089 4041 4041 4089 4089 4089 4089 4089 6146 6497 4241
    4241 4190 4190 4190 4139 4139 4139 4139 4089 4089 4089 4089 4041
    4041 4089 4089 4089 4089 4089 4089 6497 6497 4295 4241 4190 4190
    4139 4139 4139 4139 4089 4089 4089 4089 4089 4089 4089 4089 4041
    3994 3994 3994 6497 6497 6497 6497 4405 4241 4190 4190 4139 4139
    4089 4089 4089 4089 4089 4089 4089 4089 4041 3994 3994 3994 6497
    6497 6497 6497 6497 6497 6259 4241 4139 4139 4089 4089 4089 4089
    4089 4089 4089 4089 4041 4041 4041 4041 6497 6497 6497 6497 6497
    6497 6375 6375 6375 4139 4089 4089 4089 4089 4089 4089 4089 4089
    4089 4041 4041 4041 6497 6497 6497 6497 6375 6375 6375 6375 6375
    6375 4089 4089 4089 4089 4089 4089 4089 4089 4089 4041 4041 4041
    6497 6497 6497 6375 6375 6375 6375 6375 6375 6375 6375 6375 4089
    4089 4089 4089 4089 4041 4041 4041 4041 4041 6497 6497 6497 6375
    6375 6375 6375 6375 6375 6375 6375 6375 6375 6259 4089 4089 4041
    4041 4041 4041 4041 4041</data></Depth7975>
</opencv_storage>
