<?xml version="1.0"?>
<opencv_storage>
<Depth4136 type_id="opencv-matrix">
  <rows>43</rows>
  <cols>87</cols>
  <dt>w</dt>
  <data>
    0 0 0 1370 1370 1376 1376 1381 1387 1387 1392 1392 1410 1410 1415
    901 901 903 908 910 918 923 925 925 995 995 998 998 1004 1007 1007
    1007 1489 1489 1496 1509 1516 1523 1529 1536 1536 1543 1543 1550
    1550 1564 1572 1579 1586 1594 1594 1609 1609 1616 1616 1616 1632
    1639 1647 1639 1639 1647 1647 1663 1671 1680 1680 1680 1688 1688
    1696 1705 1705 1722 1731 1739 1739 1757 1757 1757 1757 1766 1804 0 0
    0 0 0 0 0 1370 1370 1370 1370 1381 1381 1381 1392 1392 1404 889 889
    896 901 903 908 910 918 920 915 915 995 992 992 995 995 998 1001
    1001 1007 1010 1496 1509 1516 1516 1523 1523 1529 1536 1543 1543
    1543 1557 1564 1579 1572 1572 1586 1594 1601 1601 1609 1609 1632
    1632 1632 1639 1639 1639 1639 1655 1671 1671 1671 1680 1688 1688
    1696 1696 1705 1705 1713 1722 1731 1757 1757 1757 1757 1766 0 0 0 0
    0 0 0 0 1370 1370 1370 1370 1376 1381 1381 1392 1392 889 889 889 896
    901 903 906 908 915 920 915 915 923 992 992 992 995 998 1001 1001
    1004 1010 1013 1013 1516 1516 1516 1516 1529 1523 1523 1529 1529
    1543 1550 1564 1564 1564 1564 1572 1579 1586 1594 1594 1601 1601
    1601 1609 1624 1632 1632 1130 1130 1126 1126 1680 1688 1688 1696
    1696 1696 1705 1705 1713 1722 1731 1748 1757 1757 1757 1766 0 0 0 0
    0 0 0 1365 1365 1365 1365 1370 1381 1381 1387 885 885 887 889 891
    896 903 906 906 913 915 918 918 920 923 923 992 995 995 998 998 1001
    1010 1010 1013 1013 1523 1516 1516 1523 1516 1516 1523 1523 1543
    1550 1550 1564 1564 1564 1572 1572 1586 1594 1594 1594 1594 1594
    1601 1601 1609 1126 1126 1126 1126 1126 1126 1696 1696 1696 1696
    1696 1696 1696 1705 1722 1722 1739 1739 1748 1757 1757 0 0 0 0 0 0 0
    1365 1365 1365 1365 1370 867 867 869 875 885 885 887 889 894 898 903
    906 910 913 915 915 918 923 923 923 923 995 998 998 1001 1004 1007
    1010 1010 1010 1516 1516 1516 1516 1516 1516 1516 1536 1543 1543
    1564 1572 1572 1572 1572 1579 1586 1586 1594 1594 1594 1594 1601
    1601 1123 1119 1115 1115 1115 1115 1115 1123 1123 1696 1696 1696
    1696 1696 1696 1722 1731 1739 1731 1731 1739 1757 1757 0 0 0 0 0
    1365 1365 1365 1381 867 867 867 869 871 880 885 887 889 894 896 901
    903 908 913 915 915 915 920 923 923 923 998 998 998 1001 1004 1007
    1007 1010 1013 1013 1516 1509 1509 1509 1509 1516 1536 1536 1543
    1543 1543 1557 1564 1564 1564 1572 1579 1586 1586 1586 1586 1586
    1105 1105 1105 1105 1105 1108 1112 1115 1119 1123 1123 1130 1126
    1126 1688 1696 1713 1713 1713 1722 1731 1731 1731 1739 1757 0 0 0 0
    1349 1349 1349 860 860 864 867 869 871 873 880 885 889 891 894 896
    898 903 906 910 913 913 915 920 923 923 923 923 998 1001 1004 1007
    1007 1010 1010 1010 1496 1496 1496 1503 1503 1503 1529 1536 1536
    1543 1543 1543 1543 1557 1557 1557 1564 1579 1579 1586 1586 1586
    1101 1101 1101 1101 1101 1105 1108 1115 1119 1119 1123 1123 1126
    1126 1688 1680 1680 1696 1696 1705 1713 1713 1722 1731 1731 1739 0 0
    0 1349 1349 858 858 860 862 864 867 869 871 873 882 889 891 891 894
    894 898 901 906 906 908 910 918 920 923 923 920 920 923 1001 1004
    1004 1007 1007 1063 1063 1063 1063 1063 1067 1067 1070 1073 1077
    1077 1543 1543 1543 1550 1557 1557 1564 1579 1579 1586 1123 1105
    1101 1101 1101 1101 1101 1101 1101 1105 1112 1115 1119 1119 1119
    1123 1123 1680 1680 1696 1696 1696 1705 1713 1722 1722 1722 1722 0 0
    0 1354 1349 858 856 856 858 862 867 869 869 869 878 887 889 889 891
    894 894 896 901 903 906 908 913 915 920 920 920 920 920 920 920 1004
    1007 1004 1004 1060 1060 1060 1063 1063 1063 1067 1073 1073 1077
    1077 1080 1087 1090 1094 1094 1101 1105 1108 1115 1115 1105 1101
    1101 1101 1101 1101 1101 1101 1105 1112 1115 1119 1119 1119 1123
    1130 1688 1688 1688 1688 1696 1696 1705 1705 1705 1713 1713 0 0 0 0
    854 854 856 856 858 862 867 869 869 869 875 880 885 885 887 891 894
    896 898 901 903 906 908 910 920 920 918 918 918 920 920 920 1007
    1004 1004 1057 1057 1057 1060 1063 1063 1063 1073 1073 1077 1077
    1080 1087 1090 1090 1094 1097 1101 1105 1108 1112 1105 1101 1101
    1101 1101 1101 1101 1101 1105 1112 1115 1119 1119 1119 1119 1119
    1119 1688 1688 1688 1696 1696 1696 1696 1705 1705 1713 0 0 0 856 854
    854 854 851 851 860 867 869 869 869 873 878 882 882 885 887 891 894
    896 898 901 901 906 906 908 913 915 915 915 918 918 920 920 1001
    1001 1047 1047 1057 1057 1060 1063 1063 1067 1070 1073 1077 1077
    1080 1087 1090 1094 1097 1101 1105 1105 1105 1105 1105 1105 1105
    1105 1101 1101 1101 1101 1112 1115 1115 1119 1119 1119 1119 1126
    1688 1688 1688 1688 1688 1696 1696 1696 1705 1713 0 0 858 856 854
    854 854 851 851 858 864 867 869 869 871 873 878 878 878 882 885 891
    894 894 898 898 901 903 906 906 908 913 913 915 915 920 920 925 1001
    1034 1044 1044 1054 1060 1060 1060 1060 1067 1073 1073 1077 1077
    1087 1087 1090 1094 1097 1101 1101 1101 1105 1105 1105 1105 1105
    1101 1101 1101 1101 1112 1112 1115 1115 1119 1123 1123 1126 1126
    1688 1688 1688 1688 1688 1688 1688 1696 1705 0 0 858 854 851 851 851
    849 849 854 864 867 867 869 869 869 873 873 875 882 882 887 889 891
    894 894 896 901 898 898 908 908 910 915 915 920 923 925 925 1034
    1041 1044 1050 1057 1057 1057 1057 1063 1070 1073 1073 1073 1080
    1084 1087 1090 1090 1097 1097 1101 1101 1101 1105 1105 1105 1105
    1105 1108 1108 1105 1105 1115 1115 1123 1126 1126 1126 1126 1165
    1169 1177 1177 1688 1680 1680 1696 1696 0 0 851 851 849 849 849 849
    849 851 858 862 864 867 867 867 869 871 873 878 880 882 887 889 889
    889 891 896 898 898 898 906 906 913 915 918 918 920 923 925 1041
    1041 1047 1050 1054 1054 854 854 1067 1070 1070 1067 1067 1073 1080
    1084 1087 1090 1094 1094 1097 1101 1101 1105 1105 1105 1105 1108
    1108 1105 1105 1105 1108 1123 1134 1141 1157 1161 1165 1169 1173
    1173 1173 1680 1680 1688 1696 0 0 845 845 847 847 847 849 849 851
    854 858 862 862 867 867 867 869 871 875 878 880 885 887 887 887 889
    894 896 896 896 898 906 908 913 915 915 915 923 925 928 1041 1047
    1047 1050 851 851 854 856 856 858 1067 1067 1073 1077 1080 1084 1087
    1090 1090 1094 1097 1101 1101 1101 1105 1108 1108 1108 1105 1101
    1101 1105 1108 1141 1145 1153 1157 1161 1165 1169 1173 1173 1177
    1181 774 774 845 847 845 845 845 845 845 847 849 849 851 854 858 862
    862 862 864 867 869 871 875 875 880 885 887 887 887 891 891 894 896
    898 901 908 910 910 910 910 910 918 928 1047 1047 1047 1047 851 851
    851 854 856 856 858 858 1073 1077 1077 1080 1084 1087 1090 1090 1094
    1097 1101 1101 1105 1108 1108 1108 1105 1101 1101 1101 1101 1141
    1145 1145 1153 1157 1161 1165 1169 1173 1177 774 774 774 843 845 845
    845 845 845 845 845 847 849 851 851 854 856 856 856 860 862 864 869
    873 875 880 885 885 885 885 887 891 894 894 896 896 903 908 908 908
    908 908 913 928 1038 1038 1044 1041 849 849 849 851 854 854 858 858
    862 867 867 1080 1084 1087 1090 1090 1094 1094 1101 1101 1105 1108
    1108 1112 1105 1101 1101 1101 1101 1134 1138 1141 1145 1149 1153
    1161 1165 1169 774 774 774 774 843 845 845 845 845 845 843 843 847
    849 849 851 851 851 849 849 854 856 864 864 864 871 875 875 875 875
    882 882 889 889 889 894 894 896 903 906 906 906 906 913 1022 1022
    1028 1041 1038 849 849 849 851 851 851 856 858 860 864 867 869 1087
    1087 1087 1087 1090 1090 1094 1097 1101 1105 1108 1108 1105 1105
    1101 1101 1101 1123 1134 1138 1141 1145 1149 1153 1157 1165 774 774
    774 774 843 845 845 847 847 845 843 843 847 849 849 851 849 849 847
    847 845 845 849 849 851 851 851 869 869 867 867 869 885 887 887 885
    885 885 898 901 903 903 906 908 908 1022 1028 1038 1034 849 849 849
    849 851 851 854 858 860 862 862 867 867 1084 1084 1087 1087 1090
    1090 1094 1097 1101 1105 1105 1105 1101 1101 1101 1108 1123 1130
