<?xml version="1.0"?>
<opencv_storage>
<Depth19996 type_id="opencv-matrix">
  <rows>70</rows>
  <cols>82</cols>
  <dt>w</dt>
  <data>
    0 0 0 0 0 1105 1105 1105 1101 1097 1087 1073 1070 1070 1067 1067
    1067 1067 1067 1063 1063 1057 1057 1057 1057 1057 1057 1054 1054
    1050 1047 1047 1047 1044 1044 1041 1041 1041 1041 1038 1038 1034
    1034 1028 1028 1028 1025 1025 1025 1025 1025 1022 1019 1019 1019
    1016 1016 1019 1019 1016 1013 1010 1007 1007 1007 1007 1001 1001
    1001 998 995 995 995 992 992 987 984 981 978 978 970 970 0 0 0 0 0
    1105 1105 1105 1105 1097 1070 1070 1067 1067 1067 1067 1067 1067
    1067 1063 1063 1057 1057 1057 1057 1054 1054 1054 1054 1047 1044
    1044 1044 1044 1044 1041 1041 1041 1041 1038 1038 1034 1034 1028
    1028 1028 1025 1025 1025 1022 1022 1022 1019 1016 1016 1016 1016
    1019 1016 1013 1010 1010 1007 1007 1007 1007 1001 1001 1001 1001 998
    995 992 989 989 989 984 981 978 978 970 970 0 0 0 1067 1063 1063
    1067 1105 1105 1073 1067 1067 1067 1067 1067 1067 1067 1067 1067
    1063 1063 1057 1057 1057 1057 1054 1054 1054 1050 1047 1044 1044
    1044 1041 1041 1041 1038 1038 1041 1038 1038 1034 1031 1028 1028
    1025 1025 1025 1022 1019 1019 1019 1019 1016 1016 1016 1016 1016
    1010 1010 1007 1007 1007 1007 1007 1007 1004 1004 1004 998 998 995
    992 987 987 987 987 981 981 978 975 975 0 0 0 1063 1063 1063 1063
    1108 1105 1070 1067 1063 1063 1067 1067 1067 1063 1063 1063 1060
    1060 1057 1057 1057 1054 1054 1054 1054 1050 1047 1044 1041 1041
    1041 1041 1041 1038 1038 1038 1034 1034 1034 1031 1031 1028 1025
    1022 1022 1019 1019 1019 1019 1016 1016 1016 1016 1016 1016 1007
    1007 1007 1004 1004 1004 1004 1004 1004 1004 1001 998 998 995 992
    987 987 987 984 981 981 978 975 975 0 0 0 1063 1063 1063 1063 1070
    1057 1057 1060 1063 1063 1067 1063 1063 1063 1063 1063 1060 1057
    1057 1057 1054 1054 1050 1047 1047 1050 1047 1044 1041 1041 1038
    1038 1038 1038 1034 1034 1034 1031 1031 1028 1028 1025 1025 1022
    1022 1019 1019 1019 1019 1016 1016 1016 1016 1013 1013 1007 1007
    1007 1004 1004 1004 1004 1001 1001 1001 998 998 995 992 992 989 987
    987 984 981 978 978 975 975 0 0 0 1060 1060 1063 1060 1057 1057 1057
    1057 1060 1060 1057 1057 1057 1057 1057 1057 1057 1057 1054 1054
    1054 1050 1047 1044 1044 1047 1044 1041 1041 1038 1034 1034 1034
    1034 1031 1031 1031 1028 1028 1025 1025 1022 1022 1019 1019 1019
    1016 1016 1016 1016 1016 1016 1013 1013 1010 1007 1007 1004 1004
    1004 1004 1004 1001 1001 1001 998 998 995 992 989 989 987 981 978
    978 975 975 975 973 0 0 1057 1057 1060 1060 1060 1057 1057 1057 1057
    1060 1057 1057 1057 1057 1057 1054 1054 1054 1054 1054 1050 1047
    1044 1044 1044 1044 1044 1044 1041 1041 1038 1034 1034 1031 1031
    1031 1031 1028 1025 1025 1025 1025 1019 1019 1019 1019 1016 1016
    1016 1016 1016 1016 1016 1013 1010 1007 1004 1004 1004 1004 1004
    1001 1001 1001 1001 1001 998 998 995 992 989 987 987 981 978 978 975
    975 975 973 0 0 1057 1057 1060 1060 1057 1057 1057 1057 1057 1057
    1057 1057 1057 1054 1054 1054 1054 1054 1054 1050 1050 1047 1044
    1041 1041 1041 1041 1041 1041 1038 1038 1034 1031 1031 1031 1031
    1028 1028 1025 1025 1022 1022 1019 1019 1016 1016 1016 1016 1016
    1016 1016 1016 1016 1013 1007 1007 1004 1004 1001 1001 1001 1001
    1001 998 998 998 998 995 992 989 987 987 987 984 981 978 975 973 973
    973 0 0 1057 1057 1063 1060 1057 1057 1057 1057 1057 1057 1057 1057
    1054 1054 1054 1054 1054 1054 1050 1050 1050 1047 1044 1041 1041
    1038 1038 1038 1038 1038 1034 1031 1031 1031 1031 1031 1028 1028
    1025 1022 1022 1022 1019 1019 1016 1016 1016 1016 1013 1013 1016
    1013 1013 1010 1007 1007 1004 1004 1001 998 998 1001 998 998 998 998
    998 995 992 989 987 987 984 984 981 978 975 973 970 970 0 0 1060
    1060 1063 1063 1060 1057 1057 1057 1057 1057 1057 1054 1054 1050
    1050 1050 1050 1050 1047 1047 1047 1044 1044 1041 1041 1038 1034
    1034 1034 1031 1031 1031 1031 1028 1028 1028 1028 1025 1025 1022
    1019 1019 1016 1016 1016 1016 1016 1013 1013 1013 1013 1010 1007
    1007 1007 1004 1004 1004 998 998 998 998 998 998 998 995 992 992 992
    989 987 987 984 984 981 978 975 973 970 967 0 0 1063 1063 1067 1063
    1060 1057 1057 1057 1057 1057 1057 1054 1050 1047 1047 1047 1047
    1047 1044 1044 1044 1044 1044 1041 1038 1034 1034 1031 1031 1031
    1031 1028 1028 1028 1028 1028 1028 1025 1022 1019 1019 1019 1016
    1016 1013 1013 1016 1013 1013 1013 1010 1007 1007 1004 1004 1004
    1004 1004 998 995 995 998 998 998 995 995 989 989 989 989 989 987
    981 981 978 978 975 975 970 967 0 0 0 1067 1067 1067 1060 1060 1057
    1057 1057 1057 1057 1054 1050 1047 1047 1044 1044 1044 1044 1044
    1044 1041 1041 1041 1038 1034 1031 1031 1031 1031 1028 1028 1028
    1028 1025 1025 1025 1025 1022 1019 1019 1019 1016 1016 1013 1013
    1010 1010 1007 1007 1004 1004 1004 1004 1004 1004 1001 998 995 995
    995 998 998 995 995 992 989 987 987 987 987 987 981 981 978 975 975
    973 970 967 0 0 0 1063 1063 1063 1063 1063 1063 1060 1057 1057 1057
    1054 1054 1050 1047 1044 1044 1044 1044 1044 1041 1041 1041 1038
    1034 1034 1031 1031 1028 1028 1028 1025 1022 1022 1019 1019 1019
    1019 1019 1019 1019 1016 1016 1016 1013 1010 1010 1007 1007 1004
    1004 1004 1004 1001 1001 1001 995 995 995 995 995 998 998 995 995
    989 987 987 987 987 987 984 978 978 978 975 975 973 970 970 0 0 0
    1063 1063 1063 1063 1063 1067 1063 1060 1057 1057 1054 1054 1050
    1047 1044 1044 1044 1044 1044 1041 1041 1038 1038 1034 1034 1031
    1028 1028 1028 1025 1022 1019 1019 1019 1019 1019 1019 1019 1016
    1016 1016 1016 1013 1013 1010 1010 1007 1004 1004 1004 1004 1004
    1001 998 998 995 992 992 992 992 995 995 992 992 989 987 987 984 984
    984 981 978 975 975 975 975 973 967 967 0 0 0 1063 1063 1067 1067
    1067 1067 1063 1063 1060 1057 1057 1054 1054 1050 1047 1044 1044
    1044 1044 1041 1041 1038 1038 1034 1031 1031 1028 1028 1028 1025
    1022 1019 1019 1019 1016 1016 1016 1016 1016 1013 1013 1013 1010
    1010 1010 1010 1007 1004 1004 1004 1001 1001 998 998 998 995 992 992
    992 992 995 995 989 987 987 987 984 984 984 981 981 978 975 975 975
    975 973 967 967 0 0 0 1067 1067 1070 1070 1070 1070 1070 1063 1060
    1060 1057 1057 1054 1054 1050 1047 1047 1047 1044 1044 1041 1038
    1038 1034 1031 1031 1028 1028 1028 1025 1022 1019 1019 1019 1016
    1016 1016 1016 1013 1013 1010 1007 1004 1004 1007 1007 1007 1004
    1004 1001 1001 1001 998 998 995 995 992 992 992 992 992 989 987 987
    987 984 984 984 984 981 978 975 975 973 973 973 973 970 967 0 0 1080
    1073 1073 1073 1073 1073 1073 1070 1070 1063 1063 1060 1057 1057
    1054 1054 1054 1054 1050 1047 1044 1041 1041 1041 1038 1034 1031
    1028 1028 1028 1025 1022 1019 1019 1019 1019 1016 1016 1016 1013
    1013 1010 1007 1004 1004 1004 1004 1004 1004 1001 1001 998 998 998
    998 995 995 992 992 989 989 989 987 987 984 984 984 984 984 981 978
    978 975 975 973 970 970 964 964 964 0 0 1080 1080 1080 1080 1080
    1080 1080 1077 1073 1070 1067 1063 1063 1060 1057 1057 1054 1054
    1054 1050 1047 1044 1041 1041 1038 1038 1034 1031 1031 1031 1028
    1025 1022 1019 1019 1019 1016 1016 1016 1013 1013 1010 1007 1004
    1004 1004 1004 1004 1004 1001 995 995 995 995 992 992 992 992 989
    989 989 987 987 984 984 984 984 984 981 978 975 975 975 973 970 967
    967 964 964 962 0 0 1084 1084 1080 1080 1084 1080 1080 1077 1073
    1070 1067 1067 1067 1063 1060 1057 1057 1057 1054 1054 1050 1047
    1044 1041 1041 1041 1038 1034 1031 1031 1028 1028 1025 1022 1019
    1019 1019 1016 1016 1016 1013 1010 1007 1004 1004 1004 1004 1004
    1004 998 995 995 995 992 992 992 992 989 989 987 987 987 984 984 984
    984 984 981 978 975 975 975 973 973 967 967 967 962 956 956 0 0 1097
    1090 1087 1087 1087 1084 1084 1080 1077 1073 1070 1067 1067 1067
    1063 1060 1060 1057 1057 1054 1054 1050 1047 1044 1041 1041 1038
