<?xml version="1.0"?>
<opencv_storage>
<Depth11375 type_id="opencv-matrix">
  <rows>10</rows>
  <cols>10</cols>
  <dt>w</dt>
  <data>
    6259 6259 6259 6259 6146 6038 6038 6146 6146 6259 6146 6146 6259
    6146 6146 6146 6146 6146 6146 6259 6038 6146 6146 6146 6146 6146
    6146 6146 6146 6146 6038 6146 6146 6146 6146 6146 6146 6146 6146
    6146 6038 6146 6146 6146 6146 6146 6259 6375 6375 6375 6038 6146
    6146 6146 6146 6146 6375 6375 6375 6375 6146 6146 6146 6146 6146
    6259 6375 6375 6375 6375 6497 6375 6259 6146 6146 6259 6375 6375
    6375 6375 6497 6497 6259 6259 6259 6259 6375 6375 6375 6375 0 6375
    6375 6259 6259 6259 6375 6497 6497 6622</data></Depth11375>
</opencv_storage>
