<?xml version="1.0"?>
<opencv_storage>
<Depth16837 type_id="opencv-matrix">
  <rows>36</rows>
  <cols>33</cols>
  <dt>w</dt>
  <data>
    2744 2744 2744 2744 2744 2744 1813 1804 1785 1766 1766 1766 1776
    1776 1776 1785 1757 1757 1748 1748 1757 1757 1757 1776 1776 2639
    2639 2618 2618 2598 2598 2598 2598 2744 2744 2744 2744 2744 2744
    1813 1804 1785 1776 1776 1776 1766 1766 1739 1739 1748 1748 1739
    1739 1739 1739 1748 1757 1757 1757 1757 2618 2618 2598 2598 2598
    2598 2744 2744 2744 2744 1813 1813 1813 1804 1785 1785 1776 1776
    1766 1757 1739 1739 1739 1739 1739 1739 1739 1739 1739 1757 1748
    1748 1748 1748 2618 2598 2598 2598 2598 2744 2744 2723 2723 1813
    1804 1794 1785 1776 1776 1776 1766 1766 1757 1739 1739 1739 1739
    1739 1731 1731 1739 1739 1748 1748 1748 1748 1748 1748 1757 2598
    2598 2579 2744 2744 2723 1833 1813 1785 1785 1776 1776 1776 1776
    1766 1766 1757 1739 1739 1739 1731 1731 1731 1731 1731 1739 1739
    1739 1739 1739 1739 1739 1748 1748 2598 2579 2744 2744 2723 1823
    1804 1785 1785 1776 1776 1776 1776 1766 1766 1766 1748 1739 1739
    1731 1731 1731 1731 1731 1731 1739 1739 1739 1739 1739 1739 1748
    1748 1757 2579 2744 2744 1843 1813 1804 1794 1785 1785 1776 1776
    1776 1776 1776 1766 1766 1748 1739 1731 1731 1731 1731 1731 1731
    1739 1739 1731 1731 1739 1739 1739 1748 1757 2579 2744 1853 1823
    1813 1804 1794 1785 1785 1776 1776 1776 1776 1776 1766 1766 1748
    1739 1731 1731 1731 1731 1731 1731 1739 1739 1731 1731 1739 1739
    1739 1748 1757 2579 2744 1843 1823 1813 1804 1794 1794 1785 1785
    1785 1785 1776 1776 1766 1766 1748 1739 1731 1731 1722 1722 1722
    1722 1731 1731 1731 1739 1739 1739 1739 1748 1757 1766 1853 1843
    1823 1813 1804 1785 1785 1794 1794 1794 1785 1776 1776 1766 1766
    1748 1739 1731 1731 1722 1722 1722 1722 1731 1731 1731 1739 1739
    1739 1739 1748 1757 1766 1853 1843 1823 1813 1804 1785 1785 1794
    1794 1794 1785 1776 1776 1766 1766 1748 1739 1731 1731 1722 1713
    1713 1713 1731 1731 1739 1739 1739 1739 1739 1739 1757 1766 1873
    1843 1823 1813 1804 1794 1794 1794 1785 1785 1776 1776 1766 1766
    1766 1748 1739 1731 1731 1722 1713 1713 1713 1731 1731 1739 1739
    1739 1739 1731 1731 1748 1766 1883 1853 1823 1813 1804 1794 1794
    1794 1785 1785 1776 1776 1766 1766 1757 1748 1739 1731 1731 1722
    1722 1722 1722 1731 1739 1739 1739 1739 1739 1731 1731 1748 1757
    1883 1853 1823 1813 1804 1794 1794 1794 1785 1785 1776 1766 1766
    1766 1757 1748 1739 1731 1731 1722 1722 1722 1722 1731 1731 1739
    1739 1739 1739 1739 1739 1748 1757 1883 1853 1823 1813 1804 1804
    1804 1794 1785 1776 1776 1766 1766 1757 1748 1748 1739 1739 1731
    1731 1731 1731 1731 1731 1731 1731 1731 1731 1731 1739 1739 1748
    1757 1873 1843 1813 1813 1804 1804 1804 1794 1785 1776 1776 1766
    1766 1757 1748 1748 1748 1739 1739 1731 1731 1731 1731 1731 1731
    1731 1731 1731 1731 1739 1739 1766 1766 1853 1843 1813 1813 1804
    1804 1804 1794 1785 1776 1776 1766 1766 1757 1757 1757 1757 1748
    1739 1731 1731 1731 1731 1731 1731 1731 1731 1739 1739 1739 1748
    1757 1766 1853 1843 1823 1813 1804 1804 1804 1794 1785 1776 1776
    1776 1766 1757 1757 1757 1757 1757 1748 1739 1731 1731 1731 1739
    1739 1739 1739 1739 1739 1739 1748 1757 1766 1883 1873 1823 1813
    1813 1804 1804 1794 1785 1776 1766 1766 1757 1757 1757 1757 1757
    1757 1748 1739 1739 1731 1731 1739 1739 1739 1739 1739 1739 1739
    1748 1757 1766 1883 1883 1883 1833 1813 1813 1804 1794 1785 1785
    1766 1766 1757 1757 1757 1766 1757 1757 1757 1748 1748 1739 1739
    1748 1748 1748 1748 1748 1748 1748 1748 1766 1776 1894 1894 1883
    1843 1823 1813 1804 1794 1785 1785 1776 1766 1766 1766 1766 1766
    1757 1757 1757 1748 1748 1748 1748 1748 1748 1748 1748 1748 1748
    1748 1757 1766 1776 1894 1894 1883 1863 1823 1813 1804 1794 1785
    1785 1776 1766 1766 1766 1766 1766 1757 1748 1748 1748 1748 1748
    1748 1748 1748 1748 1748 1748 1748 1757 1776 1785 2579 1894 1894
    1883 1863 1823 1813 1804 1804 1794 1785 1776 1776 1776 1776 1766
    1757 1748 1748 1748 1748 1748 1757 1757 1766 1776 1757 1757 1757
    1757 1766 1785 1785 2579 1904 1894 1883 1863 1833 1813 1804 1804
    1794 1785 1776 1776 1776 1776 1766 1757 1748 1748 1748 1748 1748
    1757 1757 1766 1776 1776 1776 1776 1785 1785 1794 2579 2579 1894
    1883 1873 1853 1843 1823 1804 1804 1794 1785 1776 1776 1776 1776
    1766 1757 1748 1748 1748 1748 1748 1757 1757 1766 1776 1776 1776
    1776 1785 1794 1833 2598 2598 1894 1883 1863 1853 1833 1813 1804
    1804 1785 1776 1776 1776 1776 1776 1766 1766 1757 1757 1757 1757
    1757 1757 1766 1766 1766 1766 1776 1785 1785 1823 2659 2618 2598
    1894 1883 1863 1843 1833 1813 1804 1794 1785 1776 1776 1776 1766
    1766 1757 1757 1757 1757 1757 1766 1766 1766 1766 1766 1766 1766
    1776 1785 1794 1843 1853 2598 2598 0 1873 1863 1843 1833 1813 1804
    1794 1785 1785 1776 1776 1766 1766 1748 1748 1757 1757 1757 1766
    1766 1766 1766 1776 1776 1776 1776 1794 1813 1843 1853 2598 2598 0
    1873 1863 1843 1833 1813 1804 1804 1785 1785 1776 1776 1766 1766
    1748 1748 1748 1748 1757 1766 1766 1766 1766 1776 1776 1776 1776
    1794 1823 1843 2598 2598 2598 0 0 1863 1843 1833 1813 1804 1804 1794
    1785 1776 1776 1766 1766 1748 1748 1748 1748 1757 1766 1766 1766
    1766 1776 1776 1776 1785 1794 1823 1843 2598 2598 2598 0 0 0 0 0
    1813 1804 1804 1794 1785 1776 1776 1776 1766 1757 1748 1748 1757
    1757 1766 1766 1766 1766 1776 1785 1785 1794 1794 1823 2618 2598
    2598 2598 0 0 0 0 0 0 0 0 0 1785 1776 1776 1776 1766 1757 1757 1757
    1757 1757 1766 1766 1766 1766 1785 1785 1794 1794 1804 2618 2618
    2598 2598 2598 0 0 0 0 0 0 0 0 0 0 1776 1776 1766 1766 1766 1757
    1757 1757 1766 1766 1766 1776 1776 1785 1794 1804 1804 1813 2618
    2618 2598 2598 2598 0 0 0 0 0 0 0 0 0 0 0 0 1766 1766 1766 1757 1757
    1766 1766 1776 1776 1776 1776 1794 1804 1804 1804 2639 2618 2618
    2598 2598 2598 0 0 0 0 0 0 0 0 0 0 0 0 0 0 0 0 1766 1766 1766 1776
    1776 1785 1785 1804 1813 1804 1804 2639 2618 2618 2598 2598 2579 0 0
    0 0 0 0 0 0 0 0 0 0 0 0 0 0 0 0 0 0 1785 1785 1804 1804 1804 2680
    2659 2639 2618 2618 2598 2598 2579</data></Depth16837>
</opencv_storage>
