<?xml version="1.0"?>
<opencv_storage>
<Depth18113 type_id="opencv-matrix">
  <rows>107</rows>
  <cols>67</cols>
  <dt>w</dt>
  <data>
    3774 3774 3774 1094 1094 1090 1090 1090 1090 1094 1105 1105 1112
    1112 1108 1108 1108 1105 1094 1094 1090 1090 1090 1077 1070 1063
    1063 3692 3653 3614 3576 3576 3576 3576 3576 3539 3539 3539 3576
    3539 3539 940 935 935 933 933 930 930 3539 3539 3539 935 3503 3503
    3503 3539 3503 3503 3503 3503 3503 3468 3468 3468 3468 3468 3468
    3732 3732 1090 1090 1090 1090 1090 1090 1090 1094 1094 1101 1101
    1105 1105 1101 1097 1094 1090 1090 1094 1090 1087 1077 1070 1063
    1063 0 0 0 0 0 0 970 989 989 989 981 962 956 951 940 935 935 933 930
    930 928 928 928 935 935 935 3503 3503 3539 3503 3503 3503 3503 3503
    3468 3468 3468 3468 3468 3468 3732 3732 1090 1090 1090 1090 1090
    1090 1090 1090 1094 1097 1101 1105 1101 1101 1097 1094 1090 1090
    1094 1090 1087 1087 1084 1084 1084 0 0 0 0 0 0 0 970 989 989 962 959
    956 951 946 933 933 928 928 928 925 925 928 933 930 930 930 3539
    3539 3503 3503 3503 3503 3503 3468 3468 3468 3468 3503 3503 1101
    1101 1097 1097 1090 1087 1087 1087 1087 1087 1022 1022 1025 1105
    1101 1101 1101 1004 1004 0 0 0 0 0 0 0 0 0 0 894 0 0 959 959 970 970
    959 959 956 956 954 918 918 920 923 923 925 925 925 928 933 930 930
    930 930 3539 3539 3539 3503 3503 3503 3468 3468 3468 3468 3468 3468
    1101 1101 1097 1094 1084 1077 1077 1077 1025 1022 1019 1019 1019
    1019 1010 1007 1007 1001 1001 1001 0 0 0 0 0 0 894 894 894 894 891 0
    959 959 959 956 954 908 908 910 910 915 918 918 920 920 925 925 928
    928 930 930 933 0 0 0 3503 0 3503 3503 3503 3503 3468 3468 3468 3468
    3468 1101 1097 1097 1090 1080 1077 1067 1063 1025 1022 1019 1016
    1013 1010 1010 1007 1007 1001 1001 1001 0 0 0 0 0 0 0 894 891 891 0
    0 0 959 956 903 903 908 908 910 910 915 915 918 918 920 923 925 928
    928 930 930 933 933 0 0 0 0 3539 3503 3503 3503 3468 3468 3468 3468
    3503 1101 1097 1094 1087 1080 1070 1063 1057 1025 1019 1016 1013
    1010 1004 1001 1001 1001 1016 1016 946 946 946 0 0 901 901 894 894
    891 891 898 901 901 903 906 903 903 908 910 910 913 915 915 918 918
    918 923 925 928 930 930 933 930 930 930 0 0 0 3539 3503 3503 3503
    3503 3503 3503 3503 3503 1101 1097 1094 1087 1080 1070 1063 1054
    1025 1019 1016 1013 1007 1001 992 981 973 962 962 946 946 0 0 0 0
    901 898 898 896 896 898 901 901 903 906 906 906 910 913 913 915 915
    915 918 918 918 923 925 928 928 930 933 930 930 0 0 0 0 3503 3503
    3503 3503 3503 3503 3503 3503 3539 1105 1101 1094 1087 1077 1070
    1063 1054 1028 1022 1016 1013 1007 1001 989 981 973 959 954 946 943
    935 918 913 908 901 898 898 896 896 898 901 901 903 906 906 908 910
    913 913 915 915 915 918 918 918 923 925 928 928 930 933 933 935 0 0
    0 0 3503 3503 3503 3503 3503 3503 3503 3503 3539 1105 1101 1097 1090
    1077 1070 1063 1057 1044 1022 1016 1013 1007 1001 989 981 973 959
    954 946 940 935 918 913 903 898 898 896 896 896 898 898 901 903 906
    906 908 910 913 913 913 915 915 918 918 920 923 925 928 930 933 935
    935 935 0 0 0 0 0 3503 3503 3503 3503 3503 3503 3503 3539 1105 1101
    1097 1090 1080 1073 1063 1057 1050 1028 1019 1016 1007 1001 992 981
    973 962 954 946 940 935 930 918 903 898 898 896 896 896 898 898 901
    903 906 908 910 910 910 910 913 915 915 918 918 920 923 928 928 928
    930 935 935 935 935 0 0 0 0 3503 3503 3503 3503 3503 3503 3503 3539
    1105 1101 1094 1090 1084 1073 1067 1060 1050 1028 1019 1016 1010
    1004 998 998 970 962 954 948 940 935 930 918 908 901 898 896 896 898
    901 901 903 906 906 908 908 910 910 910 913 915 918 918 918 920 923
    928 928 928 930 935 935 935 935 0 0 0 0 0 3503 3503 3503 3503 3503
    3503 3539 1101 1101 1094 1090 1087 1080 1067 1060 1054 1028 1019
    1016 1013 1004 998 995 970 962 956 951 940 938 933 920 903 901 898
    896 896 898 901 901 903 906 906 908 908 910 910 910 913 915 918 918
    918 920 923 925 928 928 928 933 935 935 935 0 0 0 0 0 3503 3503 3503
    3503 3503 3503 3539 1094 0 1094 1090 1087 1080 1070 1063 1054 1047
    1025 1019 1013 1004 998 995 987 962 956 954 940 938 935 925 903 901
    898 898 898 898 901 901 906 906 906 908 908 910 910 913 913 915 918
    918 918 920 923 925 928 928 928 933 935 935 935 0 0 0 0 0 3503 3503
    3503 3503 3503 3503 3539 0 1094 1094 1090 1090 1084 1070 1063 1054
    1047 1025 1022 1016 1007 1001 995 987 975 959 954 940 938 935 930
    925 901 898 898 898 898 901 903 906 906 906 906 908 910 910 913 915
    915 918 918 920 920 920 925 928 928 930 933 935 935 935 0 0 0 0 0
    3503 3503 3503 3503 3503 3503 3539 0 0 1097 1094 1090 1087 1077 1063
    1060 1050 1028 1022 1016 1007 1001 995 987 978 959 954 946 938 935
    930 923 901 901 898 898 898 901 903 903 906 906 906 908 910 913 913
    915 915 918 918 920 920 920 925 925 928 930 935 935 935 935 0 0 0 0
    0 3503 3503 3503 3503 3503 3503 3539 0 0 1101 1094 1090 1087 1077
    1063 1060 1054 1028 1025 1019 1013 1004 995 989 978 962 956 946 940
    935 930 923 915 903 901 898 898 901 901 903 906 906 906 908 910 913
    915 915 918 918 918 920 920 923 925 925 928 930 935 935 935 935 0 0
    0 0 0 3539 3539 3503 3503 3503 3503 3539 0 0 1101 1097 1090 1087
    1077 1067 1063 1057 1028 1025 1022 1013 1004 998 992 978 967 956 948
    940 935 930 923 915 910 901 898 898 901 901 903 906 908 908 908 910
    913 915 915 918 918 918 920 923 925 925 928 928 930 935 935 935 935
    0 0 0 0 0 3539 3539 3503 3503 3503 3503 3539 0 0 1101 1097 1094 1087
    1077 1067 1063 1057 1034 1028 1022 1013 1004 998 992 987 967 956 951
    946 938 930 923 918 908 903 901 901 901 901 903 906 906 908 908 910
    913 915 915 918 918 920 923 923 925 925 928 928 930 933 935 935 935
    935 0 0 0 0 3539 3539 3539 3539 3503 3503 3539 0 0 1101 1097 1094
    1087 1077 1070 1063 1057 1038 1028 1025 1016 1004 998 992 987 970
    959 951 946 940 935 925 918 908 906 901 901 901 903 903 906 906 908
    908 910 913 915 915 918 918 920 923 923 928 928 928 928 930 933 935
    935 935 935 0 0 0 0 0 3539 3539 3503 3503 3503 3539 0 0 1101 1101
    1097 1090 1080 1073 1067 1057 1038 1031 1025 1016 1010 998 992 987
    973 959 954 946 940 935 928 923 910 906 903 901 901 903 906 906 906
    908 908 910 913 915 915 918 918 918 920 923 925 928 928 930 933 935
    935 935 938 938 0 0 0 0 0 3539 3539 3503 3503 3503 3539 0 1105 1101
    1101 1097 1090 1080 1077 1070 1060 1041 1034 1025 1019 1010 1001 995
    987 975 964 954 948 943 938 930 923 913 906 903 901 901 903 906 906
    908 908 908 910 913 915 915 918 918 918 920 925 925 928 928 930 933
    935 935 935 938 938 0 0 0 0 0 3539 3539 3503 3503 3503 3539 0 1105
    1105 1105 1101 1094 1084 1077 1073 1060 1044 1034 1025 1019 1013
    1004 998 989 975 967 959 948 943 938 933 925 910 906 903 901 901 901
    903 906 908 908 908 910 913 915 915 918 918 920 923 925 925 928 928
    930 935 935 935 935 938 938 0 0 0 0 0 3539 3539 3539 3503 3503 3539
    0 0 1105 1105 1105 1097 1087 1077 1073 1054 1050 1044 1025 1019 1016
    1007 998 987 975 967 962 951 943 938 933 925 910 906 903 901 901 901
    903 906 908 908 908 910 913 915 915 918 918 920 923 925 925 928 928
    930 933 935 935 935 938 938 940 0 0 0 0 3539 3539 3539 3503 3503
    3539 0 0 1108 1105 1105 1097 1090 1077 1073 1054 1050 1047 1028 1022
    1016 1007 1001 987 975 970 964 954 943 938 933 920 915 906 903 901
    901 901 903 906 908 908 910 910 910 915 915 918 918 920 923 925 925
    928 928 930 933 933 935 938 938 938 940 0 0 0 0 0 3503 3503 3503
    3503 3539 0 0 1108 1108 1101 1097 1090 1080 1073 1057 1054 1050 1031
    1025 1019 1007 1001 989 978 970 967 954 946 940 935 920 915 908 906
    903 903 903 903 906 908 908 908 910 910 913 915 918 918 920 923 925
    925 928 928 930 933 933 935 938 938 940 940 0 0 0 0 0 3503 3503 3503
    3503 3539 3774 0 1108 1108 1101 1097 1090 1084 1073 1060 1054 1050
    1034 1028 1022 1013 1004 989 978 973 967 956 948 940 938 923 915 908
