<?xml version="1.0"?>
<opencv_storage>
<Depth10475 type_id="opencv-matrix">
  <rows>113</rows>
  <cols>72</cols>
  <dt>w</dt>
  <data>
    3399 3399 3399 3365 3365 3365 3365 3365 3365 970 970 970 970 3333
    3333 1028 1028 1028 1028 1028 3333 3333 3333 3333 3333 3333 3399
    3365 3365 3365 3365 3365 3365 3333 3333 3333 3333 3333 3333 3365
    3365 3333 3333 3333 3300 3300 3300 3300 3300 3333 3333 3333 3300
    3300 3300 3300 3300 3300 3300 3300 3300 3300 3300 3269 3269 3269
    3333 3333 3333 3300 3300 3300 3399 3399 3399 3365 3365 3365 3365
    3365 3365 970 970 970 970 967 962 962 1028 1025 1025 1022 1022 1022
    1022 1022 1022 1019 1019 1016 1013 1013 1016 3365 3365 3365 3365
    3333 3333 3300 3300 3333 3333 3333 3333 3300 3300 3300 3300 3300
    3300 3333 3333 3333 3333 3300 3300 3300 3300 3300 3300 3300 3300
    3300 3300 3300 3269 3269 3333 3300 3300 3300 3300 3300 3365 3399
    3399 3399 3365 3365 3365 3365 970 970 970 970 967 964 959 959 959
    959 1025 959 959 1019 1019 1019 1016 1016 1016 1016 1010 1010 1004
    1004 1004 1004 1007 1007 3333 3300 3300 1004 1001 1001 3300 3300
    3300 3300 3300 3300 3300 3333 3333 3333 3333 3333 3333 3333 3333
    3333 3300 3300 3300 3300 3300 3300 3300 3300 3333 3300 3300 3300
    3300 3300 3365 0 3365 0 973 970 970 967 967 964 964 964 962 962 959
    956 956 956 956 959 959 962 1019 1016 1013 1010 1010 1010 1007 1007
    1004 1001 1001 1001 1001 1007 1010 1004 1004 1001 998 992 992 3333
    3333 3333 3300 3300 3333 3399 3333 3333 3365 3333 3333 3333 3333
    3333 3300 3300 3300 3300 3300 3300 3300 3300 3333 3300 3300 3300
    3300 3300 0 0 0 0 0 973 970 967 967 964 964 962 959 959 959 956 954
    951 951 951 951 954 948 948 1013 1007 1007 1007 1007 1007 998 995
    995 998 1001 1007 1010 1004 1004 1001 998 992 992 981 981 981 981
    3399 3399 3399 3333 3333 3365 3333 3333 3333 3333 3333 3333 3300
    3300 3300 3300 3300 3300 3300 3333 3300 3300 3300 3300 3300 0 0 0 0
    970 970 970 967 962 959 959 959 959 956 956 956 954 951 951 948 948
    954 948 948 946 946 940 940 943 938 938 992 995 938 938 938 940 1004
    1004 995 995 992 984 981 978 978 978 920 3692 3692 3692 3399 3399
    3399 3365 3365 3365 3365 3365 3333 3333 3300 3300 3300 3300 3300
    3333 3333 3333 3300 3300 3300 0 0 0 0 973 970 970 967 962 959 959
    959 959 956 956 956 951 948 948 948 948 951 948 946 946 943 940 940
    940 935 935 933 933 935 935 935 935 1004 1004 923 923 925 925 925
    925 920 920 920 0 3692 3692 3614 3503 3503 3503 3399 3399 3399 3300
    3300 3300 3300 906 3333 3333 3333 3333 3365 3333 3333 3333 3333 0 0
    0 0 973 973 970 967 962 959 959 959 959 956 956 954 951 948 948 946
    946 948 946 943 940 940 940 938 938 935 933 933 933 933 930 928 923
    923 923 923 923 923 923 923 920 918 918 918 910 908 901 901 903 903
    903 3269 3269 3269 3269 3300 3300 910 906 903 903 903 896 896 896
    896 891 0 0 0 0 0 975 973 970 970 964 962 959 959 959 959 956 954
    951 948 948 946 946 948 943 940 940 940 940 938 938 933 930 930 930
    930 928 925 923 923 920 920 920 918 915 913 913 913 913 913 910 908
    901 901 903 903 903 901 3269 3269 3269 915 913 910 906 903 903 903
    901 896 896 891 891 0 0 0 0 978 975 973 970 970 964 964 962 962 959
    959 956 956 954 948 948 948 948 948 943 940 940 940 940 938 935 933
    930 930 930 928 925 923 920 920 920 920 918 915 913 913 913 910 910
    910 908 908 901 901 903 901 901 901 901 901 903 910 908 908 903 901
    901 898 896 894 891 887 887 0 0 0 0 978 975 973 970 970 967 964 962
    962 959 959 956 956 954 951 948 948 948 948 946 943 940 940 940 938
    935 933 930 930 930 928 925 923 920 920 920 920 918 915 913 913 910
    910 908 908 908 906 901 901 901 901 901 898 898 898 898 898 898 898
    898 898 898 894 891 889 887 882 880 880 0 0 0 0 975 973 973 970 967
    964 964 962 962 959 956 956 954 951 951 948 948 948 946 943 943 940
    940 938 938 935 933 930 930 928 925 925 923 920 920 920 918 915 913
    913 910 910 908 908 908 903 901 901 901 901 898 898 896 896 896 896
    896 894 894 894 891 887 887 885 885 882 880 880 0 0 0 0 975 975 973
    970 967 967 964 962 962 959 959 956 954 951 951 948 948 948 946 946
    946 940 940 938 938 935 933 933 930 928 925 925 923 920 920 920 918
    918 915 913 913 910 910 908 908 903 901 901 901 901 898 898 896 896
    894 894 894 894 891 889 887 887 887 885 885 882 880 880 0 0 0 0 978
    975 975 973 970 967 964 962 962 959 959 956 956 954 951 948 948 948
    946 946 946 943 940 938 938 935 933 933 930 928 928 925 923 923 920
    920 920 918 918 915 913 910 910 908 908 908 906 901 901 901 898 898
    896 896 894 894 894 894 891 889 887 887 885 885 882 882 880 875 0 0
    0 0 978 978 975 970 970 967 964 962 962 959 959 956 956 954 951 948
    948 948 946 946 946 943 940 940 938 935 935 933 930 928 928 928 925
    923 920 920 920 918 918 918 915 913 910 908 908 908 906 903 901 901
    898 898 898 896 894 894 894 894 891 889 887 885 885 885 882 882 878
    875 0 0 0 981 978 978 975 970 970 967 964 964 962 959 959 956 956
    954 951 948 948 948 948 948 946 943 940 940 938 938 938 935 930 928
    928 928 925 923 923 920 920 918 918 918 915 913 910 910 908 908 908
    906 903 901 898 898 898 896 894 894 894 894 891 889 887 885 885 885
    882 882 878 878 0 0 0 978 978 978 975 970 970 967 964 964 962 962
    959 956 956 954 951 948 948 948 948 948 946 943 943 940 938 938 938
    935 933 930 928 928 928 925 923 920 920 918 918 918 918 915 913 910
    908 908 908 906 903 903 901 901 898 898 896 896 894 894 891 891 887
    885 885 885 882 882 880 878 0 0 0 978 978 978 975 970 970 967 964
    964 962 962 959 956 956 954 951 948 948 951 948 948 946 943 940 940
    938 938 938 935 933 930 930 928 928 925 923 920 920 918 918 918 918
    915 913 910 910 908 908 906 903 903 901 901 898 898 898 898 894 894
    894 891 887 885 885 885 885 882 880 880 0 0 0 978 978 978 975 970
    970 967 967 964 962 962 959 959 956 956 951 951 951 951 948 948 943
    943 940 940 938 938 938 935 933 930 930 928 928 925 923 920 920 918
    918 918 918 915 913 910 910 908 908 908 906 903 901 901 898 898 898
    896 894 894 894 889 887 885 885 885 885 885 882 882 0 0 0 978 978
    978 975 973 970 967 967 964 962 962 959 956 956 956 954 951 951 951
    948 948 943 943 940 940 938 938 938 935 935 933 930 928 928 925 923
    920 920 918 918 918 918 915 913 913 910 910 908 908 906 903 901 901
    898 898 898 896 894 894 894 889 887 885 885 885 885 882 882 882 0 0
    0 978 978 978 975 973 970 967 967 964 964 962 959 956 956 956 954
    954 951 951 948 948 943 943 940 940 940 938 938 938 935 933 930 928
    928 925 925 923 920 920 918 918 915 915 913 913 910 910 908 906 906
    903 901 901 898 898 898 896 894 894 894 891 889 887 885 885 885 882
    882 882 0 0 981 978 978 978 973 973 970 967 967 967 964 962 959 959
    956 956 954 954 954 951 948 948 943 943 940 940 940 938 938 938 935
    930 930 930 928 928 925 923 920 920 918 918 915 915 913 913 910 910
    908 906 906 903 901 901 898 898 898 896 894 894 894 891 891 889 887
    885 885 882 882 882 0 0 981 981 978 978 973 973 970 967 967 967 964
    962 959 959 956 956 954 954 954 951 951 948 946 943 943 940 940 938
    938 938 935 930 930 930 928 928 925 923 923 920 920 918 915 915 913
    913 913 910 908 908 906 903 901 901 901 898 898 898 896 894 894 891
    891 889 887 885 885 882 882 882 0 0 981 981 978 978 975 973 970 970
    967 967 967 964 962 959 959 956 956 954 954 951 951 948 946 943 943
    943 943 940 938 938 935 930 930 930 930 930 928 925 923 920 920 920
    915 915 915 915 913 910 908 908 906 903 903 901 901 901 898 898 896
    894 894 891 891 889 887 885 885 882 882 885 0 0 0 978 978 978 975
    973 973 970 967 967 967 964 962 959 959 959 956 956 954 951 951 948
    946 946 946 943 943 940 940 938 938 930 930 930 930 930 928 925 923
    920 920 920 918 918 915 915 913 910 908 908 908 906 906 903 901 898
    898 898 896 894 894 891 891 889 887 885 885 885 885 885 0 0 0 978
