<?xml version="1.0"?>
<opencv_storage>
<Depth14526 type_id="opencv-matrix">
  <rows>91</rows>
  <cols>25</cols>
  <dt>w</dt>
  <data>
    1415 1439 1439 1439 1452 1452 1445 1445 1445 1445 1439 1439 1433
    1433 1433 1427 1421 1421 1421 1433 1433 4842 4842 4842 4842 1415
    1439 1439 1439 1452 1452 1445 1445 1445 1439 1439 1433 1427 1427
    1427 1427 1421 1421 1433 1427 1427 1427 4774 4774 4774 1452 1445
    1445 1445 1452 1445 1445 1439 1439 1439 1439 1433 1427 1427 1427
    1427 1427 1427 1433 1427 1427 1427 4774 4774 4774 1452 1445 1445
    1445 1445 1445 1445 1439 1439 1439 1439 1433 1427 1427 1427 1427
    1421 1421 1433 1427 1427 1427 4774 4774 4774 1452 1445 1445 1445
    1445 1445 1445 1445 1439 1439 1427 1427 1427 1427 1427 1427 1421
    1421 1427 1433 1433 4708 4708 4708 4774 1452 1445 1445 1445 1445
    1445 1445 1445 1439 1439 1427 1427 1427 1427 1427 1427 1427 1427
    1427 1433 1433 4708 4708 4708 4774 1445 1445 1445 1445 1445 1445
    1445 1445 1439 1439 1427 1427 1427 1427 1427 1427 1427 1427 1433
    1427 1427 1427 4708 4708 4774 1433 1445 1445 1445 1445 1439 1439
    1439 1439 1439 1433 1433 1433 1427 1427 1427 1427 1427 1433 1427
    1427 1427 4774 4774 4774 1433 1445 1439 1439 1439 1439 1439 1433
    1433 1433 1433 1433 1433 1433 1427 1427 1427 1427 1427 1427 1427
    1427 4774 4774 4774 1439 1445 1439 1439 1439 1439 1439 1433 1433
    1433 1427 1427 1427 1427 1427 1427 1421 1421 1427 1427 1427 1427
    4842 4842 4842 1445 1445 1439 1439 1439 1439 1439 1433 1427 1427
    1427 1427 1427 1427 1427 1421 1421 1421 1427 1427 1427 1427 4774
    4774 4774 1445 1445 1445 1445 1445 1445 1439 1439 1427 1427 1427
    1427 1427 1427 1427 1421 1421 1421 1427 1427 1427 1427 4774 4774
    4774 1445 1445 1445 1445 1445 1439 1433 1433 1433 1427 1427 1427
    1427 1427 1427 1421 1421 1421 1427 1421 1421 1427 1427 4774 4774
    1445 1452 1445 1445 1439 1439 1433 1433 1433 1427 1427 1427 1427
    1427 1427 1421 1421 1421 1427 1421 1421 1427 1427 4842 4842 1445
    1452 1445 1445 1439 1439 1433 1433 1433 1433 1433 1427 1427 1427
    1427 1421 1421 1421 1427 1427 1427 1427 4842 4842 4842 1445 1445
    1445 1445 1445 1439 1433 1433 1433 1433 1433 1427 1427 1427 1421
    1421 1421 1421 1427 1421 1421 1421 4842 4842 4842 1445 1445 1445
    1445 1445 1439 1433 1433 1433 1433 1433 1427 1427 1427 1421 1421
    1421 1421 1427 1421 1421 1421 4774 4774 4774 1445 1445 1445 1445
    1445 1439 1433 1433 1433 1433 1433 1427 1427 1427 1427 1421 1421
    1421 1427 1421 1421 1421 4774 4774 4774 1445 1445 1439 1439 1439
    1445 1439 1433 1433 1433 1433 1427 1427 1427 1427 1421 1421 1421
    1427 1421 1421 1421 4774 4774 4774 1445 1439 1439 1439 1439 1439
    1439 1433 1433 1427 1427 1427 1427 1427 1421 1421 1421 1421 1427
    1427 1427 4774 4774 4774 4774 1445 1439 1439 1439 1439 1439 1439
    1433 1433 1427 1427 1427 1427 1427 1421 1421 1421 1421 1427 1427
    1427 1427 4774 4774 4842 1445 1439 1439 1439 1439 1439 1439 1427
    1427 1427 1427 1427 1427 1427 1421 1421 1421 1421 1427 1427 1427
    1427 4842 4842 4842 1445 1439 1439 1439 1439 1433 1427 1427 1427
    1427 1427 1427 1427 1427 1427 1427 1421 1421 1427 1427 1421 1421
    1421 4842 4842 1445 1445 1445 1439 1439 1433 1427 1427 1427 1427
    1427 1427 1427 1427 1427 1427 1421 1421 1427 1427 1421 1421 1421
    4774 4774 1445 1445 1445 1439 1439 1433 1427 1427 1427 1427 1427
    1427 1427 1427 1427 1421 1421 1421 1427 1415 1415 1421 1421 4774
    4774 1445 1445 1439 1439 1433 1433 1427 1427 1427 1427 1427 1427
    1427 1427 1427 1421 1421 1421 1415 1410 1410 1410 1410 4774 4774
    1445 1439 1439 1433 1433 1433 1427 1427 1427 1427 1427 1427 1427
    1421 1421 1421 1421 1421 1415 1410 1410 1410 0 4774 4774 1445 1439
    1439 1433 1433 1433 1433 1427 1427 1427 1427 1427 1427 1421 1421
    1421 1415 1415 1415 1410 1410 1410 4708 4774 4774 1445 1445 1439
    1433 1433 1433 1433 1427 1427 1427 1427 1427 1421 1421 1421 1421
    1415 1415 1415 1415 1415 1415 4708 4708 4708 1439 1439 1439 1433
    1433 1433 1433 1427 1427 1427 1421 1421 1421 1421 1421 1421 1415
    1415 1415 1415 1415 0 4708 4708 4708 1439 1439 1439 1433 1433 1427
    1427 1427 1427 1421 1421 1421 1421 1421 1421 1421 1415 1415 1415
    1415 1415 0 1415 4774 4774 1439 1439 1439 1433 1433 1427 1427 1427
    1427 1421 1421 1421 1421 1421 1421 1421 1415 1415 1415 1415 1415
    1415 0 4842 4842 1433 1433 1433 1427 1427 1427 1427 1427 1427 1427
    1421 1421 1421 1421 1421 1421 1421 1421 1415 1415 1415 1415 0 4842
    4842 1433 1433 1433 1427 1427 1427 1427 1427 1427 1427 1421 1421
    1421 1421 1421 1421 1415 1415 1415 1415 1415 1415 0 4911 4911 1433
    1433 1433 1433 1433 1427 1427 1427 1427 1427 1421 1421 1421 1421
    1421 1421 1415 1415 1415 1415 1415 1415 1415 4842 4842 0 1433 1433
    1427 1427 1427 1427 1427 1427 1427 1421 1421 1421 1421 1421 1415
    1415 1415 1415 1415 1415 1415 1415 0 4842 0 1439 1433 1427 1427 1427
    1427 1427 1427 1427 1427 1427 1421 1421 1421 1415 1415 1415 1415
    1415 1404 1404 1404 0 4774 1445 1439 1427 1427 1427 1427 1427 1427
    1427 1427 1427 1427 1427 1421 1421 1415 1415 1415 1415 1415 1404
    1404 1421 0 4708 1445 1433 1427 1427 1427 1427 1427 1427 1427 1427
    1427 1427 1421 1421 1421 1415 1415 1415 1421 1421 1421 1421 1421 0
    4708 1445 1433 1427 1427 1433 1427 1427 1427 1427 1427 1427 1421
    1421 1421 1421 1410 1410 1415 1415 1415 1415 1421 1427 1427 1427
    1439 1439 1433 1433 1433 1427 1427 1427 1427 1427 1427 1421 1421
    1421 1415 1404 1404 1415 1415 1415 1415 1415 1415 1415 0 1439 1439
    1433 1433 1433 1427 1427 1427 1427 1421 1421 1421 1421 1421 1415
    1404 1404 1415 1415 1415 1415 1410 1410 1410 0 1445 1439 1433 1433
    1427 1427 1427 1427 1427 1421 1421 1421 1421 1421 1415 1404 1404
    1415 1415 1415 1410 1410 1410 1410 0 1445 1439 1433 1427 1427 1427
    1427 1427 1427 1421 1421 1421 1421 1421 1415 1404 1404 1415 1415
    1415 1410 1410 1410 1410 0 0 1439 1433 1427 1427 1427 1427 1427 1421
    1421 1421 1421 1421 1415 1415 1410 1410 1415 1415 1415 1410 1410
    1410 1410 0 0 1439 1433 1433 1427 1427 1427 1427 1421 1421 1421 1421
    1421 1415 1415 1410 1410 1415 1415 1415 1410 1410 1410 1410 4708 0
    1439 1433 1433 1427 1427 1427 1427 1427 1421 1421 1421 1415 1415
    1415 1410 1410 1415 1410 1410 1410 1410 1410 1410 4708 0 1433 1433
    1427 1427 1427 1427 1427 1427 1421 1421 1421 1415 1415 1415 1410
    1410 1415 1410 1410 1410 1410 1410 0 4708 0 1433 1433 1427 1427 1427
    1427 1427 1421 1421 1421 1421 1415 1415 1415 1410 1410 1415 1410
    1410 1410 1410 1410 0 4645 1433 1427 1427 1427 1427 1427 1427 1427
    1421 1421 1421 1421 1415 1415 1415 1410 1410 1415 1410 1410 1410
    1410 1410 0 4645 1427 1427 1427 1427 1427 1427 1427 1421 1421 1421
    1421 1421 1415 1415 1410 1410 1410 1415 1410 1410 1404 1404 1404 0
    4708 1427 1427 1427 1427 1427 1427 1421 1421 1421 1421 1421 1421
    1415 1415 1410 1410 1410 1410 1410 1410 1404 1404 1404 0 4708 1427
    1427 1427 1427 1421 1421 1421 1421 1421 1421 1421 1421 1421 1415
    1415 1410 1410 1410 1410 1410 1404 1404 1404 1410 4708 1427 1427
    1427 1427 1421 1421 1421 1421 1421 1421 1421 1421 1415 1415 1410
    1410 1410 1410 1410 1410 1410 1410 1410 1410 4774 1427 1427 1427
    1427 1421 1421 1421 1421 1421 1421 1421 1421 1415 1410 1410 1410
    1410 1410 1410 1410 1410 1410 1410 1410 1410 1433 1427 1427 1427
    1427 1427 1421 1421 1421 1421 1421 1421 1415 1410 1410 1410 1410
    1410 1410 1410 1410 1410 1410 1410 0 1433 1427 1427 1421 1421 1421
    1421 1421 1421 1421 1421 1421 1421 1410 1410 1404 1404 1410 1410
    1410 1410 1410 1410 1410 1410 1433 1427 1427 1421 1421 1421 1421
    1421 1421 1421 1421 1421 1421 1410 1410 1404 1404 1410 1410 1410
    1410 1410 1410 1410 1410 1433 1427 1427 1427 1427 1427 1427 1421
    1421 1421 1421 1421 1421 1415 1415 1410 1410 1410 1410 1410 1404
    1404 1410 1410 1410 1433 1427 1427 1427 1427 1427 1427 1421 1421
    1421 1421 1415 1415 1415 1410 1410 1410 1410 1410 1404 1404 1404
