<?xml version="1.0"?>
<opencv_storage>
<Depth13198 type_id="opencv-matrix">
  <rows>9</rows>
  <cols>28</cols>
  <dt>w</dt>
  <data>
    5734 5734 5734 5640 5640 5640 5640 5640 5640 5056 5056 5640 4842
    4842 4911 4911 4708 4645 4645 4645 4708 4774 4842 4842 4774 4708
    4645 4645 5548 5548 5460 5210 5132 5132 4983 4911 4842 4842 4842
    4842 4842 4842 4842 4842 4708 4645 4645 4645 4708 4774 4774 4842
    4774 4708 4645 4645 5132 5548 5132 5056 4983 4983 4911 4842 4842
    4774 4774 4774 4842 4842 4842 4842 4708 4645 4645 4645 4708 4774
    4774 4774 4708 4708 4645 4645 4983 4911 4911 4983 4911 4911 4911
    4842 4842 4774 4774 4774 4842 4842 4911 4842 4774 4708 4708 4708
    4774 4774 4774 4708 4645 4582 4582 4645 4983 4911 4911 4983 4911
    4911 4911 4842 4842 4774 4774 4774 4842 4842 4842 4774 4708 4708
    4708 4774 4774 4774 4774 4645 4582 4582 4582 4582 4911 4911 4911
    4911 4911 4911 4983 4911 4842 4842 4842 4842 4842 4842 4842 4774
    4708 4708 4708 4774 4774 4774 4774 4582 4582 4582 4582 4582 4911
    4911 4911 4911 4911 4911 4983 4911 4911 4842 4842 4842 4774 4774
    4842 4774 4645 4645 4774 4774 0 0 0 4582 4582 4582 4582 0 4911 4911
    4911 4911 4842 4842 4911 4911 4911 4911 4842 4842 4774 4774 0 4774
    4645 4645 0 0 0 0 0 0 0 0 0 0 4983 4842 4842 4911 4842 4842 4911
    4911 4911 4911 4911 4911 0 0 0 0 0 0 0 0 0 0 0 0 0 0 0 0</data></Depth13198>
</opencv_storage>
