<?xml version="1.0"?>
<opencv_storage>
<Depth1351 type_id="opencv-matrix">
  <rows>85</rows>
  <cols>40</cols>
  <dt>w</dt>
  <data>
    2835 2835 2835 1312 1312 1312 1312 2812 2812 2812 2812 2812 2767
    2767 2789 2767 2767 2767 2744 2744 2767 1119 1119 1126 1126 2723
    2723 2723 2723 2701 1134 1134 1134 1141 1145 1141 1141 1141 2701
    2701 2835 2835 1307 1307 1307 1307 1307 1307 1307 2835 2835 2835
    2767 2767 2789 1112 1112 2767 1112 1112 1119 1119 1119 1119 1119
    1119 1119 1119 1123 1123 1123 1130 1130 1134 1138 1134 1134 1134
    1134 1134 2835 1307 1307 1302 1302 1302 1307 1307 1181 1169 1169
    1165 1145 1134 1119 1112 1108 1108 1108 1108 1112 1112 1112 1115
    1115 1115 1115 1119 1119 1119 1123 1126 1126 1126 1130 1130 1134
    1134 1134 1134 1307 1307 1302 1292 1273 1273 1273 1214 1181 1181
    1169 1165 1145 1130 1115 1112 1108 1108 1108 1108 1112 1112 1112
    1112 1112 1115 1115 1119 1119 1119 1119 1123 1123 1123 1126 1130
    1134 1134 1134 1134 1307 1307 1302 1264 1255 1245 1232 1214 1202
    1181 1173 1157 1149 1130 1115 1112 1108 1108 1108 1108 1112 1112
    1112 1112 1112 1115 1119 1119 1119 1119 1119 1123 1123 1123 1126
    1130 1134 1134 1134 1134 1312 1312 1302 1264 1255 1245 1232 1214
    1202 1185 1173 1153 1149 1134 1115 1112 1108 1108 1108 1108 1112
    1112 1112 1115 1115 1115 1119 1119 1119 1119 1119 1123 1123 1123
    1126 1130 1134 1134 1134 1134 1312 1312 1302 1268 1255 1245 1236
    1214 1202 1189 1173 1153 1149 1138 1119 1112 1108 1108 1108 1112
    1115 1112 1112 1115 1115 1115 1119 1119 1119 1123 1123 1123 1123
    1126 1130 1130 1134 1134 1134 1134 1312 1312 1302 1268 1255 1241
    1232 1219 1206 1189 1177 1157 1149 1138 1123 1112 1108 1108 1108
    1112 1115 1115 1115 1115 1115 1115 1119 1119 1123 1123 1123 1126
    1126 1130 1130 1130 1134 1134 1134 1138 0 1312 1307 1268 1255 1241
    1227 1219 1210 1193 1177 1161 1149 1134 1123 1115 1108 1108 1108
    1112 1115 1115 1115 1115 1115 1115 1119 1119 1119 1123 1123 1126
    1126 1130 1130 1130 1134 1134 1134 1138 0 1312 1307 1268 1259 1241
    1227 1219 1210 1197 1181 1161 1149 1134 1123 1115 1112 1108 1108
    1112 1115 1115 1115 1115 1115 1119 1119 1119 1119 1123 1123 1126
    1130 1130 1130 1130 1134 1134 1138 1141 0 1312 1307 1268 1264 1241
    1232 1219 1210 1197 1165 1157 1149 1138 1123 1115 1112 1108 1108
    1115 1115 1115 1115 1115 1115 1119 1119 1119 1119 1123 1126 1126
    1130 1130 1130 1134 1134 1134 1138 1138 0 1312 1307 1273 1259 1241
    1232 1223 1210 1197 1165 1153 1145 1138 1123 1119 1115 1112 1112
    1115 1119 1115 1115 1115 1115 1119 1119 1119 1119 1123 1126 1130
    1130 1130 1134 1134 1134 1134 1134 1134 0 1312 1307 1273 1259 1245
    1236 1223 1210 1197 1165 1153 1145 1138 1126 1119 1119 1115 1115
    1119 1119 1115 1115 1115 1119 1119 1119 1119 1119 1123 1126 1130
    1130 1130 1134 1134 1134 1134 1134 1134 0 1312 1307 1278 1259 1250
    1236 1223 1214 1197 1165 1157 1145 1138 1126 1119 1119 1115 1115
    1119 1119 1119 1115 1115 1119 1119 1123 1123 1123 1126 1126 1130
    1130 1130 1134 1134 1134 1134 1130 1130 0 1312 1307 1278 1259 1250
    1241 1223 1210 1197 1169 1157 1145 1138 1126 1119 1119 1115 1115
    1119 1119 1119 1119 1119 1119 1119 1123 1123 1123 1126 1130 1130
    1130 1130 1134 1134 1134 1134 1130 1130 0 0 1312 1278 1268 1259 1241
    1223 1206 1193 1169 1157 1149 1138 1126 1119 1119 1119 1119 1119
    1119 1119 1119 1119 1119 1123 1123 1126 1126 1130 1130 1130 1130
    1130 1130 1130 1130 1134 1130 1130 0 1322 1312 1278 1273 1264 1241
    1223 1206 1181 1169 1157 1149 1138 1126 1119 1119 1119 1119 1119
    1119 1119 1119 1119 1119 1123 1123 1126 1126 1130 1130 1130 1134
    1134 1130 1130 1130 1134 1134 1134 0 1322 1312 1278 1268 1259 1241
    1223 1206 1181 1169 1157 1149 1138 1126 1119 1119 1119 1119 1119
    1123 1119 1119 1119 1119 1123 1123 1126 1126 1130 1130 1130 1134
    1134 1130 1130 1130 1134 1134 1134 0 1317 1312 1283 1268 1259 1241
    1232 1214 1181 1169 1161 1149 1138 1126 1123 1119 1119 1119 1119
    1119 1119 1119 1119 1119 1123 1126 1126 1126 1130 1130 1130 1130
    1134 1130 1130 1130 1134 1134 1145 0 1317 1312 1288 1273 1259 1241
    1232 1219 1185 1177 1161 1149 1138 1126 1123 1119 1115 1115 1119
    1119 1119 1119 1119 1119 1123 1126 1126 1126 1130 1130 1130 1130
    1134 1134 1134 1134 1138 1138 1145 0 0 1312 1288 1273 1259 1241 1227
    1219 1185 1181 1169 1153 1138 1130 1123 1119 1115 1115 1119 1119
    1119 1119 1119 1119 1123 1126 1126 1126 1130 1130 1130 1130 1134
    1134 1134 1138 1141 1141 1141 0 0 1312 1288 1278 1264 1236 1227 1214
    1189 1181 1177 1153 1138 1130 1119 1119 1115 1115 1119 1119 1119
    1119 1119 1119 1123 1126 1126 1130 1130 1130 1130 1134 1134 1134
    1134 1141 1141 1141 1141 0 0 1312 1288 1283 1264 1236 1227 1214 1189
    1181 1177 1153 1141 1130 1119 1119 1119 1119 1119 1119 1119 1119
    1123 1123 1126 1126 1126 1130 1130 1130 1130 1134 1134 1134 1138
    1141 1141 1141 1141 0 0 1312 1288 1283 1264 1236 1227 1219 1189 1181
    1177 1153 1141 1134 1123 1119 1119 1119 1119 1123 1119 1119 1123
    1123 1126 1126 1130 1130 1130 1130 1134 1134 1134 1134 1134 1138
    1141 1141 1141 0 0 1312 1292 1278 1264 1236 1227 1219 1206 1177 1169
    1157 1141 1134 1123 1119 1119 1119 1119 1119 1119 1119 1123 1123
    1126 1126 1130 1130 1130 1130 1134 1134 1134 1134 1134 1138 1141
    1141 1141 0 0 1312 1288 1278 1264 1245 1227 1219 1206 1177 1169 1157
    1141 1134 1126 1119 1119 1119 1119 1119 1119 1123 1123 1126 1130
    1130 1130 1130 1130 1130 1134 1134 1134 1134 1134 1138 1141 1141
    1141 0 1322 1312 1288 1278 1264 1245 1232 1219 1189 1177 1169 1157
    1141 1130 1123 1119 1119 1119 1119 1119 1119 1123 1126 1126 1130
    1130 1130 1130 1130 1134 1134 1134 1134 1134 1134 1138 1141 1145
    1145 0 1317 1312 1288 1273 1264 1255 1236 1219 1189 1177 1165 1161
    1145 1130 1123 1119 1119 1119 1123 1119 1119 1123 1126 1126 1130
    1130 1130 1130 1130 1134 1134 1134 1134 1134 1138 1141 1145 1145
    1145 0 1317 1312 1288 1273 1264 1255 1241 1223 1189 1173 1165 1161
    1153 1130 1123 1119 1119 1119 1123 1123 1123 1123 1126 1126 1126
    1130 1130 1134 1134 1134 1134 1134 1134 1134 1138 1141 1145 1145
    1145 0 1322 1312 1292 1278 1264 1255 1241 1227 1189 1173 1165 1161
    1153 1130 1123 1119 1119 1119 1123 1123 1123 1123 1126 1126 1126
    1130 1130 1134 1134 1134 1134 1134 1134 1138 1141 1145 1145 1145
    1145 0 1322 1312 1292 1278 1264 1250 1241 1227 1189 1173 1165 1161
    1149 1138 1126 1123 1123 1123 1123 1123 1123 1123 1126 1126 1126
    1130 1130 1130 1134 1134 1134 1134 1138 1138 1141 1145 1145 1145 0 0
    1322 1312 1292 1278 1264 1250 1236 1232 1189 1173 1169 1161 1145
    1134 1126 1123 1123 1123 1123 1123 1123 1123 1126 1126 1126 1130
    1130 1130 1134 1134 1134 1134 1138 1138 1141 1141 1141 1145 0 0 1328
    1317 1297 1278 1264 1250 1236 1227 1210 1173 1169 1161 1145 1134
    1126 1123 1123 1123 1123 1123 1123 1123 1126 1126 1126 1130 1130
    1134 1134 1134 1134 1138 1138 1141 1141 1141 1141 1141 0 1328 1328
    1317 1297 1278 1264 1245 1236 1227 1189 1177 1169 1161 1145 1134
    1126 1123 1123 1123 1123 1123 1126 1126 1126 1126 1130 1130 1130
    1134 1134 1134 1138 1138 1141 1141 1141 1141 1145 1145 0 1333 1333
    1317 1302 1283 1264 1245 1236 1232 1185 1173 1169 1161 1145 1134
    1126 1123 1123 1123 1123 1123 1126 1130 1130 1130 1130 1130 1130
    1134 1134 1134 1138 1138 1141 1141 1141 1141 1145 1145 1145 1333
    1333 1317 1302 1283 1268 1245 1236 1232 1185 1173 1169 1161 1149
    1134 1126 1123 1123 1123 1123 1126 1130 1130 1130 1130 1130 1130
    1134 1134 1134 1138 1141 1141 1141 1141 1141 1141 1145 1145 1145
    1333 1333 1317 1302 1278 1268 1250 1241 1232 1189 1177 1169 1161
    1149 1134 1126 1123 1123 1123 1126 1126 1126 1126 1130 1130 1130
    1134 1134 1134 1134 1138 1141 1141 1141 1141 1145 1145 1145 1145
    1145 1349 1333 1317 1302 1278 1268 1250 1241 1232 1206 1181 1169
