<?xml version="1.0"?>
<opencv_storage>
<Depth18681 type_id="opencv-matrix">
  <rows>154</rows>
  <cols>154</cols>
  <dt>w</dt>
  <data>
    2467 2467 2485 2485 2485 2485 2485 2467 2467 2467 2467 2467 2503
    2522 2522 2522 2522 2522 2522 2522 2522 2541 2541 2541 2541 2541
    2541 2541 2560 2541 2541 2541 2541 2541 2560 2560 2560 2560 2560
    2579 2598 2598 2618 2598 2598 2618 2618 2618 2618 2639 2639 0 0 0 0
    0 0 0 0 0 0 0 0 0 0 0 0 0 0 0 0 0 0 0 0 0 0 0 0 0 0 0 0 0 0 0 0 0 0
    0 0 0 0 0 0 0 0 521 521 521 521 523 524 0 0 0 0 0 0 0 0 0 0 0 0 0 0
    0 0 2933 2908 2908 2908 2908 2933 2933 2933 2908 2908 2908 2908 2908
    2908 2933 2933 2933 2933 2933 2933 2933 2933 2933 2933 2933 2933
    2958 2958 2958 2958 2984 2984 2984 2984 3010 2467 2467 2485 2485
    2485 2485 2485 2467 2467 2467 2467 2467 2503 2522 2522 2522 2522
    2522 2522 2522 2522 2541 2541 2541 2541 2541 2541 2541 2560 2541
    2541 2560 2541 2541 2560 2560 2560 2560 2560 2579 2598 2598 2598
    2598 2598 2618 2618 2618 2618 0 0 0 0 0 0 0 0 0 0 0 0 0 0 0 0 0 0 0
    0 0 0 0 0 0 0 0 0 0 0 0 0 0 0 0 480 480 0 0 0 0 0 0 0 0 0 0 0 521
    521 521 521 521 524 525 0 0 0 0 0 0 0 0 0 0 0 0 0 0 0 2933 2908 2908
    2908 2908 2933 2933 2933 2908 2908 2908 2908 2908 2908 2933 2933
    2933 2933 2933 2933 2933 2933 2933 2933 2933 2933 2933 2933 2958
    2958 2984 2984 2984 2984 3010 2485 2485 2485 2485 2485 2485 2467
    2467 2467 2467 2467 2485 2503 2522 2522 2522 2522 2522 2522 2522
    2522 2541 2541 2541 2541 2541 2541 2541 2560 2541 2541 2560 2560
    2560 2560 2560 2560 2560 2560 2579 2598 2579 2579 2579 2598 2618
    2618 2639 2639 0 0 0 0 0 0 0 0 0 0 0 0 0 0 0 0 0 0 0 0 0 0 0 0 0 0 0
    0 0 476 475 475 475 475 0 480 480 0 0 0 0 0 0 0 0 0 0 0 0 521 521
    521 521 524 525 525 0 0 0 0 0 0 0 0 0 0 0 0 0 0 2933 2933 2908 2908
    2908 2908 2933 2933 2908 2908 2908 2908 2908 2908 2933 2933 2933
    2908 2908 2933 2933 2933 2933 2958 2933 2933 2933 2933 2958 2958
    2984 3010 3010 3010 3010 2485 2485 2485 2485 2485 2485 2467 2467
    2467 2467 2467 2467 2485 2503 2522 2522 2522 2522 2522 2522 2522
    2541 2541 2541 2541 2541 2541 2541 2560 2541 2541 2560 2560 2560
    2560 2560 2560 2560 2560 2579 2598 2579 2579 2579 0 0 0 0 0 0 0 0 0
    0 0 0 0 0 0 0 0 0 0 0 0 0 0 0 0 0 0 0 0 0 480 479 479 0 476 475 475
    475 475 476 478 479 0 0 0 0 0 0 0 0 0 0 0 0 521 521 521 521 523 525
    525 0 0 0 0 0 0 0 0 0 0 0 0 0 0 2958 2933 2933 2908 2908 2908 2908
    2908 2908 2908 2908 2908 2908 2908 2933 2933 2933 2908 2908 2933
    2933 2933 2933 2958 2933 2933 2933 2933 2958 2984 2984 3010 3010
    3010 3010 2485 2485 2485 2485 2485 2485 2485 2485 2467 2467 2467
    2467 2485 2503 2522 2522 2522 2522 2522 2522 2541 2541 2541 2541
    2541 2541 2541 2541 2541 2541 2541 2560 2560 2560 2541 2541 2560
    2560 2560 2579 2598 2598 0 0 0 0 0 0 0 0 0 0 0 0 0 0 0 0 0 0 0 0 0 0
    0 0 0 0 0 0 0 0 0 0 480 479 479 479 477 475 475 475 475 476 478 479
    482 0 0 0 0 0 0 0 0 0 509 509 509 521 521 521 522 525 525 534 534 0
    0 0 0 0 0 0 0 0 0 0 0 2958 2933 2933 2908 2908 2908 2908 2908 2908
    2908 2908 2908 2908 2908 2933 2933 2933 2933 2933 2933 2933 2933
    2933 2933 2933 2933 2933 2933 2958 2984 2984 3010 3010 3010 3010
    2485 2485 2485 2485 2485 2485 2485 2485 2467 2467 2467 2467 2485
    2503 2522 2541 2522 2522 2522 2522 2541 2541 2541 2541 2541 2541
    2541 2541 2541 2541 2541 2560 2560 2560 2541 2541 2560 2560 2560
    2579 0 0 0 0 0 0 0 0 0 0 0 0 0 0 0 0 0 0 0 0 0 0 0 0 0 0 0 0 0 0 0 0
    0 0 0 0 479 479 478 475 475 475 475 475 478 479 482 0 0 0 0 0 0 0 0
    0 509 509 514 520 520 521 522 522 534 534 534 534 0 0 0 0 0 0 0 0 0
    0 0 2958 2958 2933 2933 2908 2908 2908 2908 2908 2908 2908 2908 2908
    2908 2933 2933 2933 2933 2933 2933 2933 2933 2933 2933 2933 2933
    2933 2933 2958 2984 2984 3010 3010 3010 3010 2485 2485 2485 2485
    2485 2485 2485 2485 2485 2485 2467 2467 2485 2503 2503 2522 2541
    2541 2541 2541 2541 2541 2541 2541 2541 2541 2541 2541 2541 2541
    2541 2560 2560 2560 2560 2560 2618 0 0 0 0 0 0 0 0 0 0 0 0 0 0 0 0 0
    0 0 0 0 0 0 0 0 0 0 498 497 496 496 0 0 0 0 0 0 0 0 0 479 478 476
    476 475 475 475 476 482 484 0 0 0 0 0 0 0 0 509 509 509 514 515 520
    520 523 523 534 534 534 534 535 0 0 0 0 0 0 0 0 0 0 0 2958 2933 2933
    2908 2908 2933 2933 2933 2908 2908 2908 2908 2908 2933 2933 2933
    2933 2933 2933 2933 2933 2933 2933 2933 2933 2933 2958 2984 2984
    2984 3010 3010 3010 3010 2485 2485 2485 2485 2485 2485 2485 2485
    2485 2485 2485 2485 2485 2485 2503 2503 2522 2541 2541 2541 2541
    2541 2541 2541 2541 2522 2522 2541 2541 2541 2541 2560 2560 2560
    2618 2618 0 0 0 0 0 0 0 0 0 0 0 0 0 0 0 0 0 0 0 0 0 0 0 0 0 0 499
    499 498 497 496 496 496 0 0 0 0 0 0 0 0 480 479 478 477 475 475 475
    476 483 483 0 0 0 0 0 0 506 506 509 509 510 514 515 520 520 524 525
    525 533 534 534 535 0 0 0 0 0 0 0 0 0 0 0 2933 2933 2933 2933 2933
    2933 2908 2908 2933 2933 2933 2933 2908 2908 2933 2933 2933 2933
    2933 2933 2933 2933 2933 2933 2933 2958 2958 2958 2984 2984 3010
    3037 3010 3010 2485 2485 2485 2485 2485 2485 2485 2485 2485 2485
    2485 2485 2485 2485 2485 2503 2522 2541 2541 2541 2522 2522 2522
    2522 2541 2522 2522 2541 2541 2541 0 0 0 0 0 0 0 0 0 0 0 0 0 0 0 0 0
    0 0 0 0 0 0 0 0 511 510 510 506 504 504 502 499 499 498 496 496 496
    495 494 489 489 0 0 0 0 480 480 480 478 477 476 475 475 483 483 483
    0 0 0 0 0 0 504 504 504 505 505 514 515 516 521 522 525 525 533 534
    534 535 538 0 0 0 0 0 0 0 0 0 0 2908 2908 2933 2933 2933 2908 2908
    2908 2933 2933 2933 2933 2908 2908 2933 2933 2933 2933 2933 2933
    2933 2933 2933 2933 2933 2958 2958 2958 2984 2984 3010 3010 3010
    3010 2485 2485 2485 2485 2485 2485 2485 2485 2485 2485 2485 2485
    2485 2485 2485 2485 2522 2522 2522 2522 2503 2485 2485 2503 2541
    2560 2541 2541 0 0 0 0 0 0 0 0 0 0 0 0 0 0 0 0 0 0 0 0 0 0 0 0 0 0 0
    511 510 510 506 504 504 502 500 500 498 496 496 496 495 493 489 489
    0 0 0 0 0 481 481 479 477 477 476 476 482 482 481 481 0 0 0 0 503
    503 504 504 505 505 515 516 516 520 521 525 525 533 534 534 535 538
    0 0 0 0 0 0 0 0 0 0 2908 2908 2933 2933 2933 2908 2908 2933 2933
    2933 2933 2933 2908 2908 2933 2933 2933 2933 2933 2933 2933 2933
    2933 2933 2933 2958 2958 2958 2984 2984 3010 3010 3010 3010 2485
    2485 2485 2485 2485 2503 2503 2485 2485 2467 2467 2467 2467 2467
    2485 2485 2522 2522 2522 2522 2503 2485 2485 2503 0 0 0 0 0 0 0 0 0
    0 0 0 0 0 0 0 0 0 0 0 0 0 0 0 0 0 0 0 517 516 514 514 511 511 507
    505 504 502 502 500 499 497 497 496 494 493 491 491 491 0 0 484 0 0
    479 479 479 477 477 477 482 481 480 480 480 492 492 0 502 502 503
    504 506 506 513 516 516 520 521 522 530 530 534 534 535 538 541 0 0
    0 0 0 0 0 0 0 2908 2908 2933 2933 2933 2933 2933 2933 2933 2933 2933
    2933 2908 2908 2933 2933 2933 2958 2933 2933 2958 2958 2958 2958
    2958 2958 2958 2958 2984 2984 3010 3010 3010 3037 2485 2485 2485
    2485 2485 2503 2503 2485 2467 2467 2467 2467 2467 2467 2485 2485
    2541 2541 0 0 0 0 0 0 0 0 0 0 0 0 0 0 0 0 0 0 0 0 0 0 0 0 535 534
    533 531 530 527 526 526 526 518 517 516 514 514 512 511 509 506 505
    504 504 502 499 499 497 496 494 493 491 491 490 490 490 484 484 484
    483 483 479 478 477 477 480 480 480 480 492 492 492 492 502 502 502
    502 504 506 513 516 516 520 521 522 527 527 534 534 534 538 541 544
    0 0 0 0 0 0 0 0 0 0 2933 2933 2933 2933 2933 2933 2933 2933 2933
    2933 2933 2933 2933 2958 2958 2958 2958 2958 2958 2958 2958 2958
    2958 2958 2958 2958 2984 2984 3010 3010 3037 3037 2485 2485 2485
    2485 2485 2485 2503 2485 2467 2467 2467 2467 2467 0 0 0 0 0 0 0 0 0
    0 0 0 0 0 0 0 0 0 0 0 0 551 551 0 0 0 541 540 538 535 534 533 531
    530 527 526 526 526 518 518 517 516 514 513 511 511 509 507 505 505
    502 501 500 499 499 494 493 491 491 490 489 489 484 484 484 482 482
    481 480 478 478 478 480 480 480 491 491 491 502 502 501 501 501 502
