<?xml version="1.0"?>
<opencv_storage>
<Depth0060 type_id="opencv-matrix">
  <rows>8</rows>
  <cols>12</cols>
  <dt>w</dt>
  <data>
    0 0 0 0 0 0 8019 8019 7835 7835 7835 7835 0 0 0 0 0 8019 8019 8019
    8019 8019 8019 7835 0 0 0 0 0 8019 8019 8019 8019 8019 8019 8019 0 0
    0 8019 8019 8019 8019 8019 8019 8019 8212 8212 0 0 8019 8019 8019
    8019 8019 8019 8019 8019 8212 9331 8212 8212 8019 8019 8212 8212
    8212 8212 8212 8212 9593 9593 8212 8212 8212 8212 8212 8212 8212
    8212 8413 9084 9331 9331 8212 8212 8212 8212 8413 8413 8626 8849
    9084 9331 9331 9331</data></Depth0060>
</opencv_storage>
