<?xml version="1.0"?>
<opencv_storage>
<Depth9060 type_id="opencv-matrix">
  <rows>6</rows>
  <cols>18</cols>
  <dt>w</dt>
  <data>
    0 7030 7030 7030 7030 7178 7178 6889 7492 7492 7492 7492 6889 7030
    7030 7030 7030 7030 7030 7030 7030 7030 7030 7178 7178 6889 6889
    7030 7030 7030 6889 6889 6889 7030 7030 7030 7030 7030 7030 7030
    7030 7030 7030 6889 6889 6889 7030 6889 6889 6889 6889 7030 7030
    7030 6889 7030 7030 7030 7030 7030 6889 6889 6753 6753 6753 6753
    6753 6753 6753 6889 7030 6889 6889 7030 7030 6889 6889 7030 6889
    6889 6753 6622 6622 6753 6753 6753 6753 6889 6889 6889 7030 7178
    7030 6889 6889 6889 6753 6753 6753 6622 6622 6753 6753 6753 6753
    6889 6889 6889</data></Depth9060>
</opencv_storage>
