<?xml version="1.0"?>
<opencv_storage>
<Depth16964 type_id="opencv-matrix">
  <rows>15</rows>
  <cols>13</cols>
  <dt>w</dt>
  <data>
    5056 5056 4983 4983 4983 4983 5056 5056 5056 5056 5056 4983 4911
    5056 5056 5056 4983 4983 5056 5056 5056 5056 5056 5056 4983 4983
    5056 5056 5056 5056 5056 5056 5056 5056 5056 5056 5056 4983 4983
    5056 5056 5056 5056 5056 5056 5056 5056 5056 5056 5056 4983 4983
    5056 5056 5056 5056 5056 5056 5056 5056 5056 5056 5056 5056 4983
    5056 5056 5056 5056 5056 5056 5132 5132 5132 5132 5056 5056 4983
    5056 5056 5132 5132 5132 5132 5132 5132 5132 5132 5056 5056 4983
    5056 5056 5132 5132 5132 5132 5132 5132 5132 5132 5056 5056 4983
    5132 5132 5132 5056 5056 5132 5132 5132 5132 5132 5056 5056 5056
    5132 5132 5132 5056 5056 5132 5132 5132 5132 5132 5132 5132 5056
    5056 5132 5132 5056 5056 5132 5132 5132 5132 5132 5132 5132 5056
    5056 5132 5132 5056 5056 5132 5056 5056 5132 5132 5132 5132 5132
    4911 4911 5132 5132 5132 5132 5056 5056 5132 5132 5132 5132 5056
    4774 4911 5056 5132 5132 5056 5056 5056 5132 5132 5132 5132 5056
    4708 4842 4983 5056 5132 5056 5056 5056 5056 5056 5132 5132 5056</data></Depth16964>
</opencv_storage>
