<?xml version="1.0"?>
<opencv_storage>
<Depth13427 type_id="opencv-matrix">
  <rows>28</rows>
  <cols>18</cols>
  <dt>w</dt>
  <data>
    6753 6753 6753 6622 6622 6622 6622 3859 3859 3692 3692 3692 3692
    3774 3732 3732 3732 5640 3903 3859 3859 3859 3903 3903 3903 3859
    3774 3732 3692 3692 3692 3732 3732 3732 3692 3692 3903 3859 3859
    3859 3859 3859 3859 3859 3774 3774 3692 3692 3692 3732 3732 3732
    3692 3692 3903 3859 3859 3859 3859 3859 3859 3816 3774 3732 3692
    3692 3692 3732 3732 3732 3732 3692 3903 3859 3859 3859 3859 3859
    3859 3816 3774 3732 3692 3692 3692 3732 3732 3732 3732 3774 3903
    3859 3859 3859 3859 3859 3816 3816 3774 3732 3732 3732 3732 3732
    3732 3732 3732 3774 3903 3903 3859 3859 3859 3816 3816 3816 3774
    3732 3732 3732 3732 3774 3774 3774 3774 3774 3903 3903 3859 3859
    3859 3816 3816 3816 3816 3732 3732 3732 3732 3774 3774 3774 3774
    3732 3948 3903 3903 3859 3859 3816 3816 3816 3774 3732 3732 3692
    3692 3692 3732 3774 3732 3692 3948 3903 3903 3859 3859 3816 3816
    3816 3774 3732 3732 3692 3692 3692 3732 3732 3732 3692 3994 3948
    3903 3859 3859 3816 3816 3816 3774 3732 3732 3732 3692 3692 3732
    3732 3732 3732 3948 3948 3903 3859 3859 3859 3859 3816 3816 3732
    3732 3732 3732 3732 3774 3774 3774 3774 3903 3903 3903 3859 3859
    3859 3859 3816 3816 3774 3732 3732 3732 3732 3774 3774 3774 3774
    3903 3903 3903 3859 3859 3859 3859 3816 3816 3774 3774 3774 3774
    3774 3774 3732 3732 3732 3903 3903 3903 3903 3859 3859 3816 3816
    3816 3774 3774 3774 3732 3732 3732 3732 3732 3732 3903 3903 3903
    3903 3859 3859 3816 3816 3816 3774 3774 3774 3732 3732 3732 3732
    3732 3732 6753 3903 3903 3903 3859 3859 3816 3816 3816 3774 3732
    3732 3732 3732 3732 3732 3732 3732 6753 3948 3903 3903 3859 3859
    3816 3816 3816 3774 3732 3732 3732 3732 3732 3732 3732 3774 6753
    3948 3903 3859 3859 3859 3816 3816 3816 3774 3732 3732 3692 3692
    3732 3732 3774 3774 6753 3948 3903 3859 3859 3816 3816 3816 3816
    3774 3732 3692 3692 3692 3732 3732 3774 3774 6889 3948 3903 3903
    3859 3816 3816 3816 3816 3774 3732 3692 3692 3692 3732 3774 3774
    3774 6889 3948 3903 3903 3859 3859 3816 3816 3816 3774 3732 3692
    3692 3732 3732 3774 3774 3732 6889 3948 3903 3903 3859 3859 3816
    3816 3816 3816 3774 3732 3732 3732 3774 3774 3774 3732 6889 3903
    3903 3903 3859 3859 3816 3816 3816 3816 3774 3774 3774 3774 3774
    3774 3774 3732 6753 3903 3903 3859 3859 3859 3816 3816 3816 3816
    3816 3732 3732 3732 3774 3774 3774 3774 6753 6622 3948 3859 3816
    3816 3816 3859 3816 3816 3816 3732 3732 3732 3692 3692 3774 3774
    6753 6622 6622 6889 3816 3816 3816 3859 3903 6622 6622 6622 6753
    6753 3692 3692 6889 6753 6753 6889 6889 6753 6753 3859 3859 3859
    3903 6622 3903 3859 3859 6753 6889 6889 6753 6622</data></Depth13427>
</opencv_storage>
