<?xml version="1.0"?>
<opencv_storage>
<Depth6386 type_id="opencv-matrix">
  <rows>44</rows>
  <cols>33</cols>
  <dt>w</dt>
  <data>
    4405 4405 4405 4405 4405 2398 2381 2365 2365 2349 2349 4582 4582
    4645 4582 4522 4522 4582 4645 4708 4708 2349 2349 2349 2349 2349
    4842 4911 4842 4842 4911 4911 4911 4405 4405 4405 4405 2415 2398
    2381 2365 2365 2349 2349 2349 2349 2349 2349 2365 2349 2349 2349
    2349 2349 2349 2349 2349 2349 2349 2365 2365 4842 2349 2349 4911
    4911 4405 4405 4405 2415 2415 2398 2381 2365 2365 2365 2349 2349
    2349 2349 2349 2349 2349 2349 2349 2349 2349 2365 2349 2349 2349
    2349 2349 2349 2349 2349 2333 2333 4911 4405 4405 4405 2415 2415
    2398 2381 2365 2365 2365 2365 2365 2349 2349 2349 2349 2349 2349
    2349 2349 2349 2349 2349 2349 2349 2349 2349 2349 2349 2333 2317
    2317 2317 4349 4349 4349 2415 2415 2398 2381 2365 2365 2365 2365
    2365 2349 2349 2349 2349 2349 2349 2349 2349 2349 2349 2349 2349
    2349 2349 2349 2349 2333 2333 2317 2317 2317 4349 4349 4349 2381
    2381 2381 2365 2365 2365 2365 2365 2365 2365 2349 2349 2349 2349
    2349 2349 2349 2349 2349 2349 2349 2349 2349 2349 2333 2333 2333
    2333 2317 2317 4349 4295 2381 2365 2365 2365 2365 2365 2365 2365
    2365 2365 2365 2365 2365 2365 2349 2349 2349 2349 2349 2349 2349
    2349 2349 2349 2349 2333 2333 2333 2333 2333 2333 4349 4295 2365
    2349 2349 2365 2365 2365 2365 2365 2365 2365 2365 2349 2349 2349
    2349 2349 2333 2333 2349 2349 2349 2349 2349 2349 2349 2333 2333
    2333 2333 2349 2349 4405 4349 2349 2349 2349 2365 2365 2365 2365
    2365 2365 2365 2365 2349 2349 2349 2349 2349 2333 2333 2349 2349
    2349 2349 2349 2333 2333 2333 2333 2333 2349 2349 2365 4349 4349
    2349 2349 2349 2365 2365 2365 2365 2365 2349 2349 2349 2349 2349
    2349 2349 2349 2333 2333 2349 2349 2333 2333 2349 2333 2333 2333
    2333 2333 2333 2349 2349 4349 4349 2349 2349 2349 2349 2349 2349
    2349 2349 2349 2349 2349 2349 2349 2349 2349 2349 2349 2349 2333
    2333 2333 2333 2333 2333 2333 2317 2317 2317 2317 2317 2317 4349
    4349 2365 2349 2349 2349 2349 2349 2349 2349 2333 2333 2349 2349
    2349 2349 2349 2349 2349 2349 2333 2333 2333 2333 2333 2333 2333
    2317 2301 2301 2301 2301 2301 4349 4349 2349 2349 2349 2349 2349
    2349 2349 2349 2333 2333 2333 2349 2349 2349 2349 2349 2349 2333
    2333 2333 2333 2317 2317 2317 2317 2317 2301 2301 2301 2301 2301
    4349 4349 2349 2349 2349 2349 2349 2349 2349 2349 2333 2333 2333
    2333 2333 2349 2349 2333 2333 2333 2333 2333 2333 2317 2317 2317
    2301 2301 2301 2301 2301 2301 2301 4295 4295 2349 2349 2349 2349
    2349 2349 2349 2333 2333 2333 2333 2333 2333 2349 2333 2333 2333
    2333 2317 2317 2317 2317 2317 2301 2301 2301 2301 2301 2301 2301
    2301 4295 4295 2349 2349 2349 2349 2349 2349 2349 2333 2333 2333
    2333 2333 2333 2333 2333 2317 2317 2317 2317 2317 2317 2317 2317
    2301 2301 2301 2301 2301 2317 2317 4983 4295 4295 2349 2349 2349
    2349 2349 2349 2349 2333 2333 2333 2333 2333 2333 2333 2317 2317
    2317 2317 2317 2317 2317 2317 2317 2301 2301 2301 2301 2301 2317
    2317 4983 4295 4295 2349 2349 2333 2333 2333 2333 2333 2333 2333
    2333 2317 2317 2317 2317 2317 2317 2317 2317 2317 2317 2301 2301
    2301 2301 2301 2301 2301 2301 2301 2301 4911 4295 4295 2349 2349
    2333 2333 2333 2333 2333 2333 2333 2333 2317 2317 2317 2317 2317
    2317 2317 2317 2317 2317 2301 2301 2301 2301 2301 2301 2301 2301
    2301 2301 4911 4295 4295 2349 2349 2333 2333 2317 2317 2317 2317
    2317 2317 2317 2317 2317 2317 2317 2317 2317 2301 2301 2301 2301
    2301 2301 2301 2301 2301 2301 2286 2286 2317 4842 4295 4295 2349
    2333 2333 2333 2317 2317 2317 2317 2317 2317 2317 2317 2317 2317
    2301 2301 2301 2301 2301 2301 2301 2301 2301 2301 2286 2286 2286
    2286 2286 2317 4842 4241 2349 2349 2333 2333 2333 2317 2317 2317
    2317 2317 2317 2317 2317 2317 2317 2301 2301 2301 2301 2301 2301
    2301 2301 2301 2301 2286 2286 2286 2286 2286 2317 4842 4241 2349
    2349 2317 2317 2317 2317 2317 2317 2317 2317 2317 2317 2317 2317
    2301 2301 2301 2301 2301 2301 2301 2301 2301 2301 2301 2301 2286
    2286 2286 2286 2286 4911 4190 2333 2333 2317 2317 2317 2317 2301
    2301 2301 2301 2301 2301 2301 2301 2301 2301 2301 2301 2301 2301
    2301 2286 2286 2286 2286 2286 2286 2286 2271 2226 2226 4911 4190
    4190 2317 2317 2301 2301 2301 2301 2301 2301 2301 2301 2301 2301
    2301 2301 2301 2301 2301 2301 2286 2286 2286 2286 2286 2286 2286
    2286 2286 2271 2226 2226 2226 4190 4190 2317 2317 2301 2301 2301
    2301 2301 2301 2301 2301 2301 2301 2301 2301 2301 2301 2286 2286
    2286 2286 2286 2286 2286 2286 2286 2286 2286 2286 2241 2241 4911
    4241 2317 2301 2301 2301 2301 2301 2301 2301 2301 2301 2301 2301
    2301 2301 2301 2301 2286 2286 2286 2286 2286 2286 2286 2286 2286
    2286 2286 2286 2286 2286 2286 4911 2317 2317 2301 2301 2301 2301
    2301 2301 2301 2301 2301 2301 2301 2301 2301 2301 2301 2286 2286
    2286 2286 2286 2286 2286 2286 2271 2271 2271 2286 2301 2317 2317
    4842 2317 2317 2301 2301 2301 2301 2301 2301 2301 2301 2301 2301
    2301 2301 2286 2286 2286 2286 2286 2286 2286 2286 2286 2286 2286
    2271 2271 2271 2286 2333 2349 4842 4842 2301 2301 2301 2301 2301
    2301 2301 2301 2301 2301 2301 2301 2301 2286 2286 2286 2286 2286
    2286 2286 2271 2271 2286 2271 2271 2271 2271 2271 2286 2317 2349
    4645 4645 2301 2301 2301 2301 2301 2301 2301 2301 2301 2301 2301
    2286 2286 2286 2286 2286 2286 2286 2271 2271 2256 2256 2271 2271
    2271 2271 2271 2271 2286 2301 2317 4645 4645 2301 2301 2301 2301
    2301 2301 2286 2286 2286 2286 2286 2286 2286 2286 2286 2286 2286
    2271 2271 2271 2256 2256 2271 2271 2271 2271 2271 2271 2286 2286
    2301 4708 4708 2286 2286 2301 2301 2301 2286 2286 2286 2286 2286
    2286 2286 2286 2286 2286 2286 2271 2271 2271 2271 2271 2271 2271
    2271 2271 2271 2271 2271 2271 2271 2301 4774 4774 2286 2286 2301
    2301 2286 2286 2286 2286 2286 2286 2286 2286 2286 2286 2271 2271
    2271 2271 2271 2271 2271 2271 2271 2271 2271 2271 2271 2271 2271
    2271 4708 4708 4774 2301 2301 2286 2286 2286 2286 2286 2286 2286
    2286 2286 2286 2286 2271 2256 2256 2256 2256 2271 2271 2271 2271
    2271 2256 2256 2256 2256 2256 2271 2271 4708 4708 4774 2271 2286
    2286 2286 2286 2286 2286 2286 2286 2286 2286 2286 2286 2271 2256
    2256 2256 2256 2256 2256 2256 2256 2271 2256 2256 2256 2256 2256
    2271 2271 4708 4708 4774 2271 2286 2286 2286 2286 2286 2286 2286
    2286 2286 2286 2286 2286 2271 2256 2256 2256 2256 2241 2241 2241
    2241 2256 2241 2241 2241 2241 2256 2271 2271 4708 4708 4774 2286
    2286 2286 2286 2286 2286 2286 2286 2286 2286 2286 2286 2286 2256
    2256 2256 2256 2256 2241 2241 2241 2241 2256 2241 2241 2241 2241
    2256 2271 2271 4708 4708 4774 2286 2286 2286 2286 2286 2286 2286
    2286 2271 2271 2271 2286 2271 2256 2256 2256 2256 2256 2256 2241
    2241 2241 2241 2241 2241 2241 2241 2256 2271 2271 4708 4708 4774
    2286 2271 2271 2271 2286 2286 2286 2286 2271 2271 2271 2256 2256
    2256 2256 2256 2256 2271 2256 2241 2241 2241 2241 2241 2241 2241
    2241 2241 2271 2271 4708 4708 4708 2286 2271 2271 2271 2286 2286
    2286 2271 2256 2256 2256 2256 2256 2256 2256 2256 2256 2256 2256
    2241 2241 2241 2241 2241 2241 2226 2226 2241 2271 2271 4708 4708
    4708 2286 2271 2271 2271 2286 2286 2286 2271 2256 2256 2256 2241
    2241 2256 2256 2256 2256 2256 2256 2256 2256 2241 2241 2241 2241
    2226 2226 2241 2256 2271 4708 4774 4774 4241 4190 4190 4190 4241
    2286 2286 2286 2241 2241 2256 2241 2241 2256 2271 2271 2271 2271
    2271 2241 2241 2241 2241 2241 2241 2226 2226 2226 2241 4708 4708
    4708 4708 4241 4241 4241 4295 4295 4295 4295 2286 2241 2241 2241 0
    2286 2286 2286 2286 2286 2286 2286 2241 2241 2241 2241 2241 2241
    2226 2226 2226 2241 4582 4708 4708 4708</data></Depth6386>
</opencv_storage>
