<?xml version="1.0"?>
<opencv_storage>
<Depth3961 type_id="opencv-matrix">
  <rows>4</rows>
  <cols>31</cols>
  <dt>w</dt>
  <data>
    5548 5548 5548 5548 5460 5460 5460 5548 5548 5548 5640 5640 5640
    5640 5548 5548 5548 5548 5548 5548 5548 5548 5548 5548 5640 5640
    5640 5640 5640 5640 5640 5460 5460 5548 5548 5548 5548 5548 5640
    5640 5640 5640 5640 5640 5640 5548 5548 5548 5548 5548 5548 5548
    5548 5460 5460 5640 5640 5640 5640 5640 5640 5640 5460 5460 5548
    5548 5548 5548 5548 5548 5640 5640 5640 5640 5640 5640 5640 5640
    5548 5548 5548 5548 0 0 5460 5460 5640 5640 5734 5734 5640 5640 5640
    5460 5460 5548 5548 5548 5640 5548 5548 5548 5640 5640 5734 5734
    5734 5734 5640 5548 5548 5640 0 0 0 0 0 5734 5734 5734 0 0 0 0</data></Depth3961>
</opencv_storage>
