<?xml version="1.0"?>
<opencv_storage>
<Depth9782 type_id="opencv-matrix">
  <rows>57</rows>
  <cols>57</cols>
  <dt>w</dt>
  <data>
    3208 3208 3208 3208 3238 3238 3238 3238 3238 3238 3238 3238 3238
    3238 3238 3238 3238 3269 3269 3269 3238 3238 3238 3238 3238 3238
    3238 3238 3238 3238 3238 3238 3238 3238 3238 1288 1288 1288 3208
    3208 3208 3208 3208 3208 3178 3178 3178 3178 3178 3178 3178 3178
    3178 3149 3149 3149 3149 3208 3208 3208 3238 3238 3238 3238 3238
    3238 3238 3238 3238 3238 3238 3238 3238 3238 3238 3238 3238 3238
    3238 3238 3238 3238 3238 3238 3238 3238 3238 3238 3238 3238 3238
    3238 1288 1288 1283 1283 3208 3208 1278 3208 3208 3149 3149 3178
    3178 3178 3178 3178 3178 3149 3149 3149 3149 3149 3208 3208 3238
    3208 3208 3208 3208 3238 3238 3238 3238 3269 3238 3238 3238 3238
    3238 3238 3238 3238 3238 3238 3238 3238 3238 3269 3238 3238 3238
    1250 1250 1250 1250 1255 1259 1268 1268 1283 1283 1278 1278 1278
    1278 3149 3149 3149 3149 3149 3178 3178 3178 3149 3149 3149 3149
    3149 3149 3208 3208 3238 3208 3208 3208 3208 3238 3238 3238 3269
    3269 3238 3238 3238 3238 3238 3238 1105 1105 1108 1108 3238 3238
    3238 3269 3238 1210 1210 1219 1232 1236 1250 1250 1255 1255 1268
    1278 1283 1278 1278 1278 1278 1202 3149 3149 3149 3149 3149 3149
    3149 3149 3149 3149 3149 3149 3149 3208 3208 3208 3208 3208 3208
    3208 3238 3238 3238 3269 3269 3238 3238 3208 3208 3238 1101 1101
    1101 1101 1101 3238 3238 1202 1197 1197 1202 1206 1219 1227 1227
    1245 1245 1250 1250 1255 1273 1278 1283 1278 1185 1185 1202 1202
    1202 1210 1214 1219 3149 1250 1250 3149 3149 3149 3149 3149 3208
    3208 3208 3208 3208 3208 3208 3238 3238 1153 1153 1153 1153 3238
    3208 3208 3208 1101 1101 1101 1101 1101 1101 1197 1197 1197 1197
    1202 1202 1210 1214 1219 1236 1241 1245 1245 1250 1181 1181 1181
    1181 1181 1185 1189 1193 1197 1206 1214 1219 1232 1232 1232 1232
    1232 3178 3178 3149 3208 3208 3238 3208 1153 1149 1149 1149 1149
    1153 1153 1153 1149 1145 1141 1141 1145 1101 1101 1101 1101 1101
    1101 1189 1189 1193 1193 1197 1197 1197 1206 1219 1236 1241 1245
    1245 1173 1173 1173 1177 1177 1181 1185 1185 1189 1197 1197 1206
    1210 1223 1223 1227 1227 1227 1227 1227 3149 3208 3208 3208 1149
    1149 1145 1145 1145 1149 1149 1153 1149 1149 1145 1138 1134 1130
    1101 1101 1097 1094 1094 1094 1094 1189 1169 1169 1161 1149 1149
    1145 1138 1138 1134 1134 1141 1157 1165 1165 1173 1173 1177 1177
    1181 1185 1193 1193 1202 1206 1214 1223 1227 1227 1223 1223 1223
    3149 3208 3208 1149 1149 1145 1141 1138 1138 1138 1141 1145 1145
    1145 1145 1138 1130 1115 1097 1097 1094 1094 1094 1094 1094 1094
    1094 1149 1149 1149 1149 1141 1138 1138 1134 1134 1138 1145 1153
    1157 1161 1165 1173 1177 1177 1181 1185 1193 1197 1202 1214 1219
    1223 1223 1223 1223 1223 1223 3208 3208 1149 1149 1145 1138 1134
    1130 1130 1130 1130 1138 1141 1141 1130 1112 1105 1094 1094 1090
    1090 1090 1090 1090 1090 1094 1094 1112 1112 1115 1123 1134 1134
    1134 1134 1134 1141 1149 1153 1153 1157 1169 1173 1173 1181 1185
    1197 1197 1202 1206 1214 1214 1219 1219 1223 1223 0 1149 1153 1153
    1149 1145 1138 1134 1130 1126 1123 1123 1123 1123 1108 1108 1101
    1097 1094 1090 1090 1090 1090 1090 1090 1090 1090 1094 1105 1112
    1115 1119 1123 1126 1130 1130 1130 1138 1145 1149 1153 1157 1165
    1169 1173 1181 1189 1197 1197 1202 1206 1210 1214 1219 1219 1227
    1227 0 1149 1149 1149 1153 1141 1138 1134 1126 1123 1123 1119 1119
    1115 1105 1105 1097 1094 1090 1090 1087 1084 1084 1084 1087 1087
    1090 1094 1101 1108 1112 1119 1123 1123 1126 1126 1130 1138 1145
    1149 1153 1157 1165 1169 1173 1181 1189 1193 1193 1202 1206 1210
    1214 1214 1219 1227 1227 0 1149 1149 1149 1153 1141 1138 1134 1126
    1123 1119 1119 1115 1108 1105 1097 1094 1094 1090 1087 1084 1080
    1080 1080 1084 1084 1087 1094 1101 1105 1108 1115 1119 1123 1123
    1126 1130 1138 1145 1149 1153 1157 1165 1169 1173 1181 1189 1193
    1193 1202 1206 1210 1210 1214 1219 1227 0 0 1153 1153 1153 1153 1141
    1134 1130 1126 1123 1119 1119 1115 1108 1105 1097 1094 1094 1090
    1087 1084 1080 1080 1080 1080 1084 1087 1094 1097 1105 1108 1112
    1119 1123 1123 1126 1130 1141 1149 1149 1153 1157 1161 1169 1173
    1181 1189 1193 1193 1202 1206 1210 1210 1214 1223 1232 1232 0 1153
    1153 1149 1145 1141 1134 1130 1126 1123 1119 1119 1115 1108 1105
    1097 1094 1090 1090 1087 1080 1080 1080 1080 1080 1084 1090 1094
    1097 1105 1108 1108 1119 1123 1123 1126 1134 1145 1149 1149 1153
    1157 1161 1165 1177 1185 1189 1189 1193 1202 1202 1210 1210 1214
    1219 1232 1232 0 1145 1145 1145 1145 1138 1134 1130 1126 1123 1119
    1119 1115 1108 1105 1097 1094 1090 1087 1087 1080 1080 1080 1080
    1080 1084 1090 1094 1097 1101 1105 1108 1115 1119 1123 1126 1134
    1145 1149 1149 1153 1153 1157 1165 1177 1181 1189 1189 1193 1202
    1202 1210 1210 1214 1219 1227 1227 0 1145 1145 1145 1145 1138 1134
    1130 1126 1123 1119 1119 1115 1108 1105 1097 1094 1090 1087 1087
    1080 1080 1080 1080 1080 1084 1090 1094 1094 1097 1105 1108 1112
    1119 1123 1126 1130 1145 1149 1149 1153 1153 1157 1165 1177 1181
    1185 1189 1193 1202 1202 1210 1214 1214 1219 1219 1219 1219 1141
    1141 1141 1145 1138 1134 1130 1126 1123 1119 1119 1112 1108 1101
    1097 1094 1090 1087 1080 1080 1077 1077 1080 1080 1084 1090 1094
    1094 1097 1105 1108 1112 1119 1123 1123 1126 1138 1145 1149 1149
    1153 1157 1161 1173 1181 1185 1189 1193 1202 1202 1210 1214 1214
    1214 1219 1219 1219 1138 1138 1141 1145 1138 1134 1126 1123 1123
    1119 1115 1112 1108 1101 1097 1094 1090 1087 1080 1080 1077 1077
    1077 1080 1084 1090 1090 1094 1094 1101 1108 1112 1119 1119 1123
    1126 1138 1145 1149 1149 1149 1153 1161 1173 1181 1185 1185 1189
    1197 1202 1206 1214 1214 1214 1219 1219 1219 1138 1138 1145 1145
    1141 1134 1126 1123 1123 1119 1115 1112 1108 1101 1097 1094 1087
    1084 1080 1080 1077 1077 1077 1080 1084 1090 1090 1094 1094 1101
    1105 1112 1115 1119 1123 1123 1134 1138 1149 1149 1149 1153 1169
    1173 1181 1181 1185 1189 1197 1202 1206 1210 1214 1214 1219 1219
    1219 1141 1141 1145 1145 1141 1134 1130 1123 1123 1119 1112 1108
    1108 1101 1097 1094 1087 1084 1077 1077 1077 1077 1077 1080 1084
    1090 1090 1094 1094 1101 1105 1108 1115 1119 1123 1123 1130 1138
    1149 1149 1149 1153 1165 1173 1181 1181 1185 1185 1193 1202 1210
    1210 1214 1214 1219 1223 1223 1145 1145 1145 1141 1141 1134 1126
    1123 1119 1119 1112 1108 1108 1105 1101 1094 1087 1080 1077 1077
    1077 1077 1077 1080 1084 1087 1090 1094 1094 1101 1105 1108 1115
    1119 1123 1123 1130 1145 1149 1149 1153 1153 1165 1169 1177 1181
    1185 1185 1193 1197 1210 1214 1214 1214 1219 1219 1219 1141 1141
    1141 1141 1138 1134 1126 1123 1119 1115 1112 1108 1108 1105 1101
    1094 1087 1080 1080 1080 1077 1077 1080 1080 1080 1087 1090 1094
    1094 1101 1105 1108 1115 1119 1123 1123 1130 1145 1149 1149 1153
    1153 1161 1165 1177 1181 1185 1189 1193 1197 1206 1214 1214 1214
    1219 1219 0 1141 1141 1141 1141 1138 1134 1126 1123 1119 1115 1108
    1108 1105 1101 1097 1094 1087 1084 1080 1080 1077 1077 1077 1080
    1080 1087 1090 1090 1094 1101 1105 1108 1112 1115 1119 1123 1130
    1145 1149 1149 1149 1153 1161 1165 1177 1181 1185 1189 1193 1197
    1202 1214 1214 1214 1219 1219 0 1141 1141 1141 1141 1138 1134 1126
    1123 1119 1115 1108 1108 1105 1101 1097 1090 1087 1084 1080 1080
    1077 1077 1077 1077 1080 1087 1090 1090 1094 1101 1105 1108 1112
    1115 1119 1123 1130 1141 1145 1149 1149 1153 1165 1169 1177 1181
    1185 1189 1193 1197 1202 1206 1214 1214 1219 1219 0 0 1141 1141 1141
    1138 1134 1126 1123 1119 1112 1108 1108 1105 1101 1094 1090 1087
    1084 1080 1080 1077 1077 1077 1077 1080 1084 1090 1090 1094 1101
    1105 1108 1112 1115 1119 1123 1126 1141 1145 1149 1149 1157 1165
    1169 1177 1181 1185 1189 1197 1197 1202 1206 1214 1214 1214 1214 0 0
