<?xml version="1.0"?>
<opencv_storage>
<Depth3139 type_id="opencv-matrix">
  <rows>46</rows>
  <cols>60</cols>
  <dt>w</dt>
  <data>
    4582 4582 4582 4582 4582 4582 4522 4463 4463 4463 4463 1904 1904
    1915 1915 1915 1904 1904 1904 1904 1894 1894 4405 4349 4349 4349
    4349 4349 4295 4295 4295 4295 4295 4295 4241 4241 4241 4241 4241
    4190 4190 4190 4190 4190 4190 4190 4190 4139 4139 4139 4139 4139
    4139 4139 4139 4089 4089 4089 4089 4089 1915 1926 4582 4582 4582
    4522 4463 4405 4405 4405 1904 1904 1904 1915 1915 1915 1915 1904
    1904 1904 1894 1894 1904 1894 1894 1894 4349 4349 4349 4349 4295
    4295 4295 4295 4295 4295 4295 4295 4241 4241 4241 4241 4190 4190
    4190 4190 4190 4190 4139 4139 4139 4139 4139 4139 4139 4089 4089
    4089 4089 4089 1915 1926 1926 4582 4522 4522 4463 4405 1894 1894
    1904 1904 1904 1915 1915 1915 1915 1904 1904 1904 1894 1894 1904
    1894 1894 1873 1873 4349 4349 1873 1873 4241 4241 4295 4295 4295
    4295 4295 4295 4241 4241 4241 4190 4190 4190 4190 4190 4190 4190
    4139 4139 4139 4139 4139 4139 4139 4089 4089 4139 4089 1904 1926
    1926 4582 4522 4522 4463 4405 1894 1894 1904 1904 1904 1915 1904
    1904 1904 1904 1904 1904 1904 1904 1904 1904 1894 1873 1873 1894
    1883 1873 1873 1883 1883 1894 4349 4349 4349 4295 4295 4295 4241
    4241 4241 4190 4190 4190 4190 4190 4190 4139 4139 4139 4139 4139
    4139 4139 4139 4139 4139 4139 1904 0 0 4645 4582 4582 4522 4522 1883
    1883 1904 1904 1904 1915 1904 1904 1904 1904 1904 1904 1904 1904
    1904 1894 1894 1894 1894 1894 1883 1883 1883 1883 1883 1894 1915
    1926 4349 4349 4295 4295 4295 4241 4241 4241 4241 4241 4241 4190
    4190 4190 4190 4190 4190 4139 4139 4139 4139 4139 4139 4139 1904 0 0
    0 0 0 0 1883 1883 1883 1904 1904 1904 1894 1894 1894 1894 1894 1894
    1904 1904 1904 1904 1894 1894 1883 1883 1894 1894 1894 1883 1883
    1883 1894 1894 1894 1904 1904 4295 4241 4241 4295 4241 4241 4241
    4241 4241 4190 4190 4190 4190 4190 4190 4190 4190 4190 4139 4139
    4139 4139 1915 0 0 0 0 0 0 1894 1894 1904 1904 1904 1894 1894 1894
    1894 1894 1894 1894 1894 1894 1894 1894 1883 1883 1883 1883 1894
    1894 1883 1883 1883 1883 1883 1883 1883 1894 1894 1894 1894 1894
    1894 4295 4295 4295 4295 4295 4241 4190 4190 4190 4190 4190 4190
    4190 4190 4190 4190 4139 4139 0 0 0 0 0 0 0 1894 1894 1904 1904 1904
    1894 1894 1894 1894 1894 1894 1894 1894 1894 1894 1894 1883 1883
    1883 1883 1894 1883 1883 1883 1883 1883 1883 1883 1883 1883 1883
    1883 1894 1894 1894 1894 1894 4295 4295 4295 4241 4241 4190 4190
    4190 4190 4190 4190 4190 4190 4190 4190 4190 0 0 0 0 0 0 0 1915 1915
    1904 1904 1904 1894 1894 1883 1883 1883 1883 1894 1894 1894 1894
    1894 1883 1883 1883 1883 1883 1883 1883 1883 1883 1883 1883 1883
    1883 1883 1883 1883 1883 1883 1883 1883 1883 1883 4295 4295 4241
    4190 4190 4190 4190 4190 4190 4190 4190 4190 4190 4190 4190 0 0 0 0
    0 0 1926 1904 1904 1904 1904 1904 1894 1883 1883 1883 1883 1883 1894
    1894 1894 1894 1894 1883 1883 1883 1883 1883 1883 1883 1883 1883
    1883 1883 1883 1883 1883 1883 1883 1883 1883 1873 1873 1883 1883
    1873 1873 1873 1873 4190 4190 4190 4190 4190 4190 4190 4190 4190
    4190 4190 0 0 0 0 0 0 1915 1904 1904 1894 1894 1894 1883 1883 1883
    1883 1894 1894 1883 1883 1883 1883 1894 1883 1883 1883 1883 1883
    1883 1883 1883 1883 1883 1873 1873 1883 1883 1883 1873 1873 1873
    1873 1873 1883 1883 1873 1873 1863 1863 1853 1853 1853 1873 4190
    4190 4190 4190 4190 4190 4190 0 0 0 0 0 0 1915 1894 1894 1894 1894
    1894 1883 1883 1883 1883 1883 1883 1883 1883 1883 1883 1883 1883
    1883 1883 1883 1883 1883 1883 1883 1883 1883 1873 1873 1873 1873
    1873 1873 1873 1873 1873 1873 1873 1873 1873 1873 1863 1863 1853
    1853 1853 1873 1873 1873 4190 4190 4190 4190 4190 0 0 0 0 0 0 1904
    1894 1894 1894 1894 1894 1883 1883 1883 1883 1883 1883 1883 1883
    1883 1883 1883 1883 1883 1883 1883 1883 1873 1873 1883 1883 1873
    1873 1873 1873 1873 1873 1873 1873 1873 1873 1873 1873 1873 1873
    1873 1863 1863 1863 1863 1863 1873 1873 1873 1873 1873 1883 4190
    4139 0 0 0 0 0 0 1894 1894 1894 1894 1894 1883 1883 1883 1883 1883
    1883 1883 1883 1883 1883 1883 1883 1883 1883 1883 1883 1883 1873
    1873 1883 1873 1873 1873 1873 1873 1873 1873 1873 1873 1873 1873
    1873 1873 1873 1873 1873 1873 1873 1873 1873 1873 1873 1873 1863
    1863 1873 1873 1873 4139 0 0 0 0 0 1873 1873 1883 1894 1894 1894
    1883 1883 1883 1883 1883 1883 1883 1883 1883 1883 1883 1883 1883
    1883 1883 1883 1883 1873 1873 1883 1873 1873 1873 1873 1873 1873
    1873 1873 1873 1873 1873 1873 1873 1873 1873 1873 1873 1873 1873
    1873 1873 1873 1873 1863 1863 1873 1873 1863 1863 0 0 0 0 1873 1873
    1873 1883 1883 1894 1883 1883 1883 1883 1883 1883 1883 1883 1883
    1883 1883 1883 1883 1883 1883 1873 1873 1873 1873 1873 1873 1873
    1873 1873 1863 1863 1863 1873 1873 1873 1873 1873 1873 1873 1873
    1873 1873 1873 1873 1873 1873 1873 1873 1873 1863 1863 1863 1863
    1863 1863 0 0 0 1883 1873 1873 1883 1883 1883 1883 1883 1873 1873
    1873 1873 1883 1883 1883 1883 1883 1883 1883 1883 1883 1873 1873
    1873 1873 1873 1873 1873 1873 1873 1863 1863 1863 1863 1863 1863
    1873 1873 1873 1873 1873 1873 1873 1873 1873 1873 1863 1863 1873
    1873 1873 1863 1863 1863 1863 1873 1873 0 0 0 1883 1883 1883 1883
    1883 1883 1883 1883 1873 1873 1873 1873 1883 1883 1883 1883 1883
    1883 1883 1883 1873 1873 1873 1873 1873 1873 1873 1873 1873 1873
    1863 1863 1863 1863 1863 1863 1873 1863 1863 1873 1873 1873 1873
    1873 1873 1863 1863 1863 1863 1863 1863 1863 1863 1863 1863 1873
    1883 0 0 1904 1883 1883 1883 1883 1883 1883 1883 1883 1873 1873 1873
    1873 1883 1883 1883 1883 1883 1883 1883 1873 1873 1873 1873 1873
    1873 1873 1873 1873 1873 1863 1863 1863 1863 1863 1863 1863 1863
    1863 1863 1873 1873 1873 1873 1873 1873 1863 1863 1863 1863 1863
    1863 1853 1853 1853 1853 1873 1883 0 1915 1904 1883 1883 1883 1883
    1883 1883 1883 1883 1873 1873 1873 1873 1873 1883 1873 1873 1873
    1873 1873 1873 1873 1873 1873 1863 1863 1863 1873 1873 1873 1863
    1863 1863 1863 1863 1863 1863 1863 1863 1863 1873 1873 1873 1863
    1863 1873 1873 1873 1863 1863 1863 1853 1853 1843 1843 1853 1883
    1883 0 1915 1883 1883 1883 1883 1883 1883 1873 1873 1873 1873 1873
    1873 1873 1873 1873 1873 1873 1873 1873 1873 1873 1873 1873 1873
    1863 1863 1863 1873 1873 1873 1863 1863 1853 1853 1863 1863 1863
    1863 1863 1863 1863 1863 1863 1863 1863 1863 1873 1863 1863 1863
    1863 1853 1843 1833 1833 1833 4349 4405 4842 1894 1883 1883 1873
    1873 1883 1883 1873 1873 1873 1873 1873 1873 1873 1873 1873 1873
    1873 1873 1873 1873 1863 1863 1863 1863 1863 1863 1863 1863 1873
    1873 1863 1863 1853 1853 1863 1863 1863 1863 1863 1853 1853 1853
    1863 1863 1863 1863 1863 1863 1863 1863 1853 1853 1843 1833 1833
    1833 4349 4349 4842 1894 1883 1883 1873 1873 1883 1883 1873 1873
    1873 1873 1873 1873 1873 1873 1873 1873 1873 1873 1873 1863 1863
    1863 1863 1863 1863 1863 1863 1863 1863 1863 1863 1863 1863 1863
    1853 1853 1863 1863 1863 1853 1853 1853 1843 1843 1843 1843 1843
    1853 1853 1853 1853 1843 1843 1833 1833 1833 4349 4349 4911 1894
    1883 1883 1873 1873 1873 1873 1873 1873 1873 1873 1873 1873 1863
    1863 1873 1873 1873 1873 1873 1863 1853 1853 1853 1853 1853 1863
    1863 1863 1863 1863 1863 1853 1853 1863 1853 1853 1863 1863 1853
    1853 1853 1853 1843 1843 1843 1843 1843 1843 1843 1843 1843 1843
    1843 1843 1843 1843 4349 4349 4911 1883 1873 1873 1873 1873 1873
    1873 1873 1873 1873 1873 1873 1873 1863 1863 1863 1863 1863 1863
    1873 1863 1853 1853 1853 1853 1853 1863 1863 1863 1863 1863 1853
    1853 1853 1853 1853 1853 1853 1853 1853 1853 1853 1843 1843 1843
    1843 1843 1843 1843 1843 1843 1843 1843 1843 1843 1843 1843 4349
    4349 1883 1883 1873 1873 1873 1873 1873 1873 1873 1873 1873 1873
    1873 1873 1863 1863 1863 1863 1863 1863 1863 1863 1863 1853 1853
