<?xml version="1.0"?>
<opencv_storage>
<Depth13036 type_id="opencv-matrix">
  <rows>16</rows>
  <cols>20</cols>
  <dt>w</dt>
  <data>
    4645 4645 4645 4645 4645 4645 4645 4645 4645 4645 4645 4645 4645
    6622 6622 6497 6497 6497 6497 6497 4645 4645 4645 4645 4645 4645
    4645 4645 4645 4645 4582 4582 4645 4645 4708 4708 4522 4522 4582
    6622 4645 4645 4645 4645 4645 4645 4645 4645 4645 4645 4582 4582
    4645 4645 4645 4582 4522 4522 4582 4582 4645 4645 4645 4645 4645
    4645 4645 4645 4645 4645 4645 4645 4645 4645 4645 4582 4582 4582
    4582 4582 4645 4645 4645 4645 4645 4645 4645 4645 4645 4645 4645
    4645 4645 4645 4582 4582 4582 4582 4522 4522 4645 4645 4645 4645
    4645 4645 4645 4645 4645 4645 4645 4645 4645 4582 4582 4582 4582
    4582 4522 4522 4645 4645 4645 4645 4645 4645 4645 4645 4645 4645
    4645 4645 4645 4582 4582 4645 4582 4582 4522 4522 4708 4645 4645
    4645 4645 4645 4645 4645 4645 4582 4582 4645 4645 4582 4582 4645
    4645 4582 4522 4522 4708 4645 4645 4645 4645 4645 4645 4645 4645
    4582 4582 4645 4645 4645 4582 4582 4522 4522 4522 4522 4708 4708
    4708 4708 4645 4645 4645 4645 4645 4645 4645 4645 4645 4582 4582
    4582 4522 4522 4463 4463 4708 4708 4708 4708 4708 4645 4645 4645
    4645 4645 4645 4645 4645 4582 4582 4582 4522 4522 4463 4463 4708
    4708 4708 4708 4708 4645 4645 4645 4708 4645 4645 4645 4645 4645
    4645 4582 4582 4582 4463 4463 4708 4708 4708 4708 4708 4645 4645
    4708 4708 4708 4708 4645 4645 4645 4645 4645 4645 4645 4645 4645
    4708 4708 4708 4708 4708 4645 4645 4645 4645 4708 4708 4645 4645
    4645 4645 4645 4645 4645 4645 4645 4645 4708 4708 4708 4708 4645
    4645 4645 4645 4708 4708 4708 4645 4645 4582 4582 4645 4645 4645
    4645 4645 4645 6497 6497 6497 6497 6622 6622 6622 4708 4708 4708
    4645 4645 4582 4582 4582 4645 4645 4645</data></Depth13036>
</opencv_storage>
