<?xml version="1.0"?>
<opencv_storage>
<Depth13341 type_id="opencv-matrix">
  <rows>21</rows>
  <cols>15</cols>
  <dt>w</dt>
  <data>
    7030 4774 4708 4708 4708 4645 4582 4582 4645 4645 4645 4645 4645
    7030 6889 4842 4774 4774 4708 4708 4645 4645 4582 4522 4522 4522
    4582 4645 4645 4645 4842 4842 4774 4708 4708 4645 4645 4582 4522
    4522 4522 4582 4645 4645 4645 4774 4774 4774 4708 4708 4645 4645
    4582 4582 4582 4582 4645 4645 4645 4582 4774 4774 4774 4708 4708
    4645 4645 4645 4582 4582 4582 4645 4582 4582 4582 4708 4708 4708
    4708 4708 4645 4645 4645 4645 4645 4645 4645 4582 4582 4582 4708
    4708 4708 4708 4708 4645 4645 4645 4645 4582 4582 4582 4522 4522
    4522 4774 4774 4774 4708 4708 4645 4645 4645 4645 4582 4582 4582
    4522 4522 4522 4774 4774 4774 4708 4708 4645 4645 4645 4645 4582
    4582 4582 4582 4582 7030 4774 4774 4774 4708 4708 4645 4645 4645
    4645 4645 4645 4582 4582 4582 7030 4774 4774 4774 4708 4708 4708
    4645 4645 4645 4645 4645 4645 4582 4582 7178 4774 4774 4708 4708
    4708 4708 4645 4645 4645 4645 4645 4645 4582 4582 7178 4708 4708
    4708 4708 4708 4708 4708 4645 4645 4645 4645 4645 4582 4463 4463
    4708 4708 4708 4708 4708 4645 4645 4645 4645 4645 4645 4645 4582
    4463 4463 4774 4708 4708 4708 4645 4645 4645 4645 4645 4645 4645
    4645 4582 4582 7178 4774 4708 4708 4708 4645 4645 4645 4645 4645
    4645 4645 4645 4582 4582 7178 4774 4774 4708 4708 4645 4645 4645
    4645 4645 4645 4645 4645 4582 4582 7332 4774 4708 4708 4708 4645
    4645 4645 4645 4645 4645 4645 4645 4582 4582 7332 4774 4708 4708
    4708 4645 4645 4645 4645 4645 4645 4645 4645 4582 4582 7332 7030
    4708 4708 4708 4708 4645 4645 4645 4645 4645 4582 4582 4582 4582
    7332 7030 7030 7030 4708 4708 4708 4645 4645 4582 4582 4582 4582
    4645 7492 7492</data></Depth13341>
</opencv_storage>
