<?xml version="1.0"?>
<opencv_storage>
<Depth1065 type_id="opencv-matrix">
  <rows>74</rows>
  <cols>99</cols>
  <dt>w</dt>
  <data>
    4089 4089 4089 4089 4089 4089 4041 4041 4041 4041 4041 1028 1028
    1028 1028 1031 1034 3994 1038 1038 4295 4241 4041 4041 4041 4041
    4041 3994 3994 3994 3994 4041 3994 3994 3994 3994 3994 3994 3994
    3994 3994 3994 3994 3948 3948 3994 3948 3948 3948 3948 3903 3903
    3903 3903 3903 3903 3859 3859 3859 3859 3859 3859 3859 3859 3859
    3816 3816 3859 3859 3859 3859 3859 3859 3859 3816 3816 3859 3859
    3859 3816 3816 3816 3774 3774 3774 3774 3774 3774 3732 3732 3732
    3732 3732 3732 3732 3732 3732 3732 3732 4089 4089 4089 4139 4139
    4139 4089 4041 4041 1025 1025 1025 1025 1028 1028 1028 1034 1034
    1038 1038 1038 1038 1038 1038 1038 4041 4041 3994 3994 3994 3994
    4041 4041 4041 4041 3994 3994 3994 3994 3994 3994 3994 3994 3994
    3994 3994 3994 3948 3948 3994 3948 3948 3948 3948 3948 3948 3948
    3948 3948 3859 3859 3859 3859 3859 3859 3859 3859 3859 3859 3859
    3859 3859 3859 3859 3859 3859 3859 3859 3859 3859 3816 3816 3774
    3774 3774 3816 3816 3774 3774 3774 3732 3732 3732 3774 3774 3774
    3774 3774 3774 4139 4139 4190 0 0 0 1022 4041 4041 1022 1022 1022
    1022 1025 1025 1025 1028 1031 1034 1034 1034 1034 1034 1038 1038
    1038 1038 1038 1038 1038 1041 4041 4041 4041 4041 3994 3994 3994
    3994 3994 3994 3994 3994 3994 3994 3994 3994 3994 3994 3994 3994
    3994 3948 3948 3948 3994 3994 3994 3994 3948 3948 3948 3903 3859
    3859 3859 3859 3859 3859 3859 3859 3859 3859 3859 3859 3859 3859
    3859 3859 3859 3859 3859 3816 3816 3816 3816 3816 3816 3774 3774
    3774 3774 3774 3774 3774 3774 3774 3774 3774 4139 0 0 0 0 0 1022
    1022 1016 1016 1016 1016 1016 1019 1019 1022 1025 1025 1028 1028
    1031 1031 1031 1034 1038 1038 1038 1038 1038 1038 1041 1041 1041
    1044 3994 3994 3994 3859 3859 3903 3994 3994 3994 4041 3994 3994
    3994 3994 3994 4041 3994 3994 3994 3994 3994 4041 4041 3994 3994
    3994 3994 3994 3948 3903 3903 3903 3903 3994 3903 3903 3903 3859
    3859 3859 3859 3859 3859 3859 3859 3859 3859 3859 3816 3816 3816
    3816 3816 3816 3816 3816 3816 3774 3774 3774 3774 3774 3774 3774
    3774 0 0 0 0 0 0 1028 1022 1016 1013 1013 1013 1013 1016 1016 1016
    1019 1019 1025 1025 1028 1028 1028 1031 1031 1031 1031 1034 1034
    1038 1041 1041 1044 1044 1044 1044 1044 3859 3859 3903 3994 3994
    3994 3994 3994 3994 4041 4041 4041 4041 4041 4041 4041 3994 3994
    4041 4041 3994 3994 3994 3994 3994 3994 3948 3948 3994 3994 3994
    3948 3948 3948 3948 3948 3948 3948 3903 3903 3859 3859 3859 3859
    3859 3859 3816 3816 3816 3816 3816 3816 3816 3816 3816 3816 3816
    3816 3774 3774 3774 3774 0 0 0 0 0 0 1028 1022 1013 1007 1007 1007
    1007 1010 1013 1013 1016 1016 1019 1022 1025 1025 1025 1025 1025
    1028 1028 1031 1031 1034 1038 1038 1041 1044 1044 1044 1044 1050
    1050 1054 1054 1054 3994 3994 3994 3994 4041 4041 4041 3994 3994
    3994 4041 4041 4041 4041 4041 3994 3994 4041 4041 4041 3994 3994
    3994 3994 3994 3994 3994 3994 3994 3994 3994 3994 3948 3948 3903
    3903 3903 3903 3903 3903 3903 3859 3859 3816 3816 3816 3816 3816
    3816 3816 3816 3816 3816 3774 3774 3816 3816 0 0 0 0 0 0 1028 1022
    1013 1004 1004 1004 1007 1007 1010 1010 1013 1013 1016 1016 1019
    1022 1022 1022 1022 1025 1025 1028 1028 1031 1031 1034 1038 1038
    1041 1041 1044 1044 1044 1050 1050 1050 1050 1050 3994 3994 4089
    4089 4041 3994 3994 3994 3994 4041 4041 4041 4041 4041 4041 4041
    4041 4041 4041 4041 4041 3994 3994 4041 4041 3994 3994 3994 3994
    3994 3994 3994 3948 3948 3948 3948 3948 3994 3948 3903 3903 3903
    3859 3859 3859 3816 3816 3859 3859 3816 3816 3816 3816 3816 3816 0 0
    0 0 0 0 0 0 995 995 1001 1001 1001 1004 1004 1004 1007 1010 1010
    1013 1016 1016 1016 1019 1019 1022 1022 1025 1028 1028 1028 1028
    1031 1034 1038 1038 1038 1038 1041 1044 1044 1047 1044 1044 1044
    1050 1054 1054 1054 1054 1063 1063 3994 4041 4041 4041 4041 4041
    4041 4041 4041 4041 4041 4041 4041 4041 4041 4041 4041 4041 3994
    3994 3994 3994 3994 3994 3994 3948 3948 3948 3994 3994 3948 3948
    3903 3903 3903 3903 3903 3903 3903 3903 3903 3903 3816 3816 3816
    3816 3816 0 0 0 0 0 0 0 0 992 992 995 998 1001 1001 1001 1004 1004
    1004 1007 1010 1010 1013 1013 1016 1016 1019 1019 1022 1025 1025
    1025 1028 1028 1031 1031 1034 1034 1034 1038 1038 1041 1041 1041
    1041 1041 1044 1050 1050 1054 1054 1054 1057 1057 1063 1063 4139
    4089 4041 4041 4041 4041 4041 4041 4089 4089 4041 4041 4041 4041
    4041 4041 4041 4041 4041 4041 4041 3994 3994 3994 3994 3994 3994
    3948 3948 3903 3903 3903 3948 3948 3903 3903 3903 3903 3903 3903
    3903 3903 3903 3859 0 0 0 0 0 0 0 987 984 984 987 987 989 992 995
    995 1001 1001 1004 1004 1004 1007 1007 1010 1013 1016 1016 1019 1019
    1022 1025 1025 1025 1028 1028 1028 1031 1031 1034 1034 1038 1038
    1038 1041 1041 1041 1047 1050 1050 1054 1054 1054 1054 1057 1057
    1060 1060 1063 1063 1067 1067 1067 4041 4089 4089 4089 4089 4041
    4041 4041 4041 4041 4041 4041 4041 4041 4041 3994 3994 3994 3994
    3994 3948 3948 3948 3948 3948 3948 3948 3903 3903 3903 3903 3948
    3948 3903 3903 3903 3859 0 0 0 0 0 0 0 978 978 978 981 984 984 987
    989 989 992 992 995 998 998 1004 1004 1004 1007 1010 1013 1013 1016
    1016 1019 1019 1019 1022 1025 1025 1025 1025 1028 1031 1034 1034
    1038 1038 1038 1038 1041 1044 1044 1047 1047 1050 1050 1054 1054
    1054 1054 1054 1057 1060 1060 1063 1063 1063 4089 4089 4089 4089
    4089 4089 4089 4089 4041 4041 4089 4041 4041 4041 4041 4041 4041
    4041 3994 3948 3948 3948 3948 3948 3948 3948 3948 3948 3948 3948
    3948 3948 3903 3903 3903 0 0 0 0 0 0 975 975 975 978 978 981 981 984
    987 987 989 989 992 992 995 995 998 998 1001 1001 1007 1010 1013
    1013 1016 1016 1016 1019 1019 1022 1022 1022 1025 1028 1028 1028
    1031 1031 1031 1034 1038 1041 1041 1041 1044 1044 1047 1050 1050
    1054 1054 1054 1054 1057 1057 1063 1063 1063 1063 1063 1067 1067
    1067 4089 4089 4089 4041 4041 4089 4089 4089 4041 4041 4041 4041
    4041 3994 3948 3948 3994 3994 3994 3948 3948 3948 3948 3948 3948
    3948 3948 3903 3903 3903 0 0 0 0 0 0 970 970 975 975 978 978 978 981
    981 981 981 984 987 989 992 992 992 995 998 998 1001 1004 1004 1007
    1010 1010 1013 1016 1016 1019 1019 1019 1022 1025 1025 1025 1028
    1028 1031 1031 1034 1038 1038 1038 1038 1041 1044 1047 1047 1047
    1047 1050 1050 1054 1054 1057 1060 1060 1060 1063 1063 1063 1063
    1063 1063 1067 1067 4089 4089 4089 4089 4041 4041 4041 4041 4041
    3994 3994 3994 3994 3994 3994 3994 3994 3994 3994 3994 3948 3948
    3948 3948 3903 3903 0 0 0 0 0 0 970 970 970 973 975 975 978 978 978
    978 978 981 981 984 989 989 989 992 992 995 998 998 1001 1004 1004
    1004 1004 1004 1007 1007 1010 1013 1013 1019 1019 1022 1025 1025
    1028 1028 1028 1031 1034 1034 1034 1038 1038 1041 1041 1044 1044
    1044 1044 1047 1050 1050 1054 1054 1057 1060 1063 1063 1063 1063
    1063 1067 1067 1067 1067 1067 4041 4041 4041 4041 4041 4089 4041
    4041 4041 3994 3994 3994 3994 3994 3994 3994 3994 3994 3994 3948
    3948 3948 3903 0 0 0 0 0 962 962 964 964 967 970 973 973 975 975 975
    978 978 978 981 987 987 989 989 989 992 992 992 995 998 998 998 1001
    1001 1004 1004 1004 1007 1010 1013 1013 1016 1016 1019 1025 1025
    1025 1028 1028 1031 1031 1031 1031 1034 1038 1041 1041 1041 1041
    1041 1044 1047 1050 1050 1054 1054 1057 1057 1060 1063 1063 1067
    1067 1067 1063 1063 1067 1067 1067 1070 1070 1070 1073 4089 4041
    4041 4041 4041 4041 4041 4041 3994 3994 3994 3994 3948 3948 3948
    3948 0 0 0 0 0 962 962 962 962 964 967 967 970 970 970 973 975 975
    978 978 981 984 984 987 987 987 989 989 992 995 995 995 998 998 1001
    1001 1001 1004 1007 1007 1007 1010 1013 1016 1016 1016 1016 1019
    1019 1022 1028 1028 1028 1031 1031 1038 1038 1038 1038 1041 1041
    1044 1044 1047 1050 1050 1054 1054 1054 1054 1057 1060 1060 1063
