<?xml version="1.0"?>
<opencv_storage>
<Depth10670 type_id="opencv-matrix">
  <rows>98</rows>
  <cols>61</cols>
  <dt>w</dt>
  <data>
    3208 3208 3208 3208 3208 3208 3208 3208 3208 3178 1145 1141 1141
    1141 1141 1141 2078 2078 2078 2090 2103 2301 2301 2301 2286 2271
    2271 2271 2271 2271 2256 2256 2256 2241 2241 2241 2241 2241 2241
    2241 2241 2256 2256 2256 2256 2256 2256 2256 2256 2271 2271 2271
    2286 2286 2301 2317 2333 2333 2349 2349 2398 3208 3208 3208 3208
    3208 3208 3208 3208 3208 1145 1141 1141 1141 1141 1141 0 2090 2090
    2078 2078 2078 2301 2301 2286 2286 2271 2271 2271 2271 2271 2256
    2256 2256 2241 2241 2241 2241 2241 2241 2241 2241 2256 2256 2256
    2256 2256 2256 2256 2256 2271 2271 2286 2286 2286 2301 2317 2317
    2333 2349 2349 2398 3208 3208 3208 3208 3208 3208 3208 3208 1145
    1141 1141 1138 1138 1141 1141 0 2078 2078 2078 2078 2078 2286 2271
    2271 2271 2271 2271 2271 2271 2271 2271 2256 2256 2241 2226 2226
    2226 2241 2241 2241 2241 2256 2256 2241 2241 2241 2256 2256 2256
    2271 2271 2286 2286 2301 2301 2301 2317 2333 2349 2365 2398 3208
    3208 3238 3238 1153 1153 3208 3208 1141 1134 1130 1126 1126 1126
    1094 1097 1097 1077 1077 2286 2286 2286 2271 2271 2271 2271 2271
    2286 2286 2286 2256 2256 2256 2241 2226 2226 2226 2241 2241 2241
    2241 2241 2241 2241 2241 2241 2256 2256 2271 2271 2271 2286 2286
    2301 2301 2301 2317 2333 2333 2349 2381 3238 3238 1153 1153 1153
    1145 1141 1141 1134 1123 1115 1101 1097 1094 1094 1097 0 1077 1077 0
    0 0 1034 1034 1034 1034 1028 1019 1019 0 0 2241 2241 2241 2226 2226
    2226 2241 2241 2226 2226 2226 2241 2241 2241 2241 2256 2256 2271
    2271 2271 2271 2286 2286 2301 2301 2317 2333 2333 2333 2381 3208
    3208 0 1145 1141 1141 1134 1134 1126 1119 1105 1101 1097 1090 1090
    1084 1077 1077 1077 1054 0 1047 0 0 0 0 0 0 1019 1019 1019 1016 1016
    1016 0 2241 2241 2241 2241 2226 2226 2226 2241 2241 2241 2241 2256
    2256 2271 1028 1025 1025 1025 2286 2301 2333 2333 2333 2333 2333
    2398 3208 3208 0 1145 1145 1141 1134 1130 1126 1105 1105 1101 1094
    1087 1087 1080 1073 1067 1063 1054 1050 1047 1034 1034 1034 1028
    1028 1016 1019 1019 1019 1016 1016 1016 998 998 998 975 973 0 0 975
    2271 2271 2271 2271 2271 2271 2256 1025 1022 1022 1022 2286 2301
    2301 2301 1028 1028 2415 2415 3208 3208 0 1141 1141 1141 1138 1130
    1126 1105 1105 1097 1090 1087 1084 1077 1073 1067 1060 1050 1050
    1044 1034 1034 1028 1028 1028 1016 1016 1016 1016 1013 1013 998 998
    998 0 0 0 0 0 0 0 0 978 2271 2271 2271 2241 1022 1022 1022 1022 2286
    2301 2301 1028 1028 1028 0 2432 3238 0 0 0 1141 1141 1138 1130 1126
    1115 1105 1097 1090 1087 1084 1077 1073 1067 1060 1050 1050 1044
    1034 1031 1025 1022 1019 1019 1013 1010 1010 1013 1013 995 995 995
    981 975 973 0 0 975 978 978 978 0 2241 2241 2241 1013 1013 1019 1022
    2271 2271 1034 1028 1028 1028 1025 2415 3238 0 0 0 1141 1141 1141
    1130 1123 1115 1105 1097 1094 1087 1084 1080 1073 1067 1060 1050
    1047 1041 1034 1031 1025 1022 1016 1013 1007 1001 989 987 987 987
    981 981 981 975 973 973 975 975 978 978 978 989 995 1004 1004 1004
    1004 1013 1013 1013 1022 1022 1025 1025 1025 1025 1025 3238 0 1138 0
    1141 1141 1134 1126 1123 1115 1105 1097 1094 1087 1084 1080 1073
    1063 1060 1054 1047 1041 1034 1028 1025 1019 1013 1007 1001 992 989
    987 984 981 978 973 970 970 970 970 973 975 978 978 984 989 995 995
    998 1001 1001 1010 1010 1013 1016 1019 1022 1025 1025 1025 0 3208 0
    1138 1138 1138 1138 1134 1126 1123 1115 1105 1097 1094 1087 1087
    1080 1070 1063 1060 1054 1047 1041 1034 1028 1025 1019 1013 1007
    1001 992 989 987 981 975 975 967 967 967 967 967 973 973 975 978 984
    987 992 995 995 998 1001 1007 1007 1013 1016 1019 1022 1025 1025
    1025 1025 0 0 1138 1138 1138 1138 1134 1126 1119 1112 1105 1101 1097
    1087 1087 1080 1070 1063 1060 1050 1047 1041 1034 1028 1025 1019
    1013 1007 1001 992 989 984 981 975 975 967 967 967 967 967 973 973
    975 978 984 987 992 995 995 995 1004 1007 1007 1013 1016 1022 1022
    1025 1025 1025 1025 0 0 1141 1141 1141 1138 1134 1126 1119 1112 1101
    1097 1094 1084 1084 1077 1070 1063 1054 1050 1044 1038 1034 1028
    1025 1016 1013 1010 1004 992 989 984 981 975 973 970 970 967 967 967
    970 973 975 978 984 987 989 995 995 995 1004 1007 1010 1013 1016
    1022 1025 1025 1025 1028 1028 0 0 0 1141 1141 1134 1130 1126 1115
    1105 1101 1097 1094 1084 1084 1077 1070 1063 1054 1047 1041 1038
    1034 1028 1022 1016 1013 1010 1007 992 989 984 978 975 973 970 970
    967 967 967 970 973 978 978 984 987 989 998 998 998 1004 1004 1010
    1010 1016 1022 1025 1025 1025 1028 1028 0 0 0 0 1134 1134 1130 1126
    1115 1105 1101 1097 1090 1084 1080 1073 1070 1063 1050 1044 1041
    1038 1034 1028 1022 1016 1010 1007 1004 992 987 981 978 973 970 970
    970 967 967 970 973 975 978 981 984 989 989 995 995 995 1004 1004
    1010 1010 1016 1022 1025 1025 1025 1031 1031 0 0 0 0 1134 1134 1130
    1123 1115 1108 1101 1097 1090 1084 1080 1073 1070 1060 1050 1044
    1041 1038 1031 1028 1022 1016 1010 1007 1001 992 987 981 978 973 970
    967 967 967 967 970 973 978 981 984 987 989 992 995 995 995 1004
    1004 1010 1010 1016 1022 1025 1025 1025 1025 1025 0 0 0 0 1134 1134
    1130 1123 1115 1108 1101 1097 1087 1084 1080 1073 1070 1060 1050
    1044 1041 1038 1031 1028 1022 1016 1013 1007 1001 992 987 981 975
    973 970 967 967 967 967 970 973 975 981 984 987 989 992 995 995 998
    1004 1004 1007 1010 1016 1022 1025 1025 1028 1028 0 0 0 0 0 1138
    1138 1130 1123 1119 1108 1101 1097 1087 1084 1080 1073 1070 1060
    1050 1044 1044 1038 1031 1025 1022 1016 1013 1007 1001 992 989 984
    975 973 970 967 967 967 967 970 973 975 981 984 987 989 992 995 995
    1001 1004 1004 1007 1010 1016 1019 1025 1025 1025 1025 0 0 0 0 0
    1141 1138 1130 1123 1119 1105 1101 1097 1090 1080 1080 1073 1070
    1057 1050 1047 1044 1038 1028 1025 1022 1016 1013 1004 1001 992 989
    984 978 975 970 967 967 967 970 973 975 978 981 984 987 989 992 995
    995 1001 1004 1007 1010 1010 1013 1019 1025 1025 1025 1025 2365 0 0
    0 0 1138 1138 1130 1126 1112 1105 1101 1097 1094 1080 1080 1073 1067
    1057 1054 1047 1044 1038 1028 1025 1022 1016 1010 1004 1001 989 987
    987 981 975 967 967 967 967 970 973 975 978 984 984 987 989 992 995
    995 1001 1004 1007 1010 1010 1013 1022 1025 1025 1028 1028 2365 0 0
    0 0 1138 1138 1130 1126 1112 1105 1101 1097 1087 1084 1080 1073 1067
    1057 1054 1047 1044 1034 1028 1025 1022 1016 1010 1004 992 989 987
    984 978 973 967 967 967 967 970 975 978 981 984 984 989 989 992 995
    998 1001 1004 1010 1010 1010 1013 1022 1025 1025 1025 0 2349 0 0 0 0
    1138 1130 1130 1126 1112 1105 1101 1097 1087 1084 1077 1073 1063
    1057 1054 1047 1044 1034 1028 1025 1022 1016 1013 1007 992 989 987
    981 975 973 967 967 967 967 970 975 978 981 984 984 989 992 995 995
    998 1001 1007 1010 1010 1010 1016 1025 1025 1028 1028 0 2349 0 0 0 0
    1134 1130 1126 1126 1112 1105 1097 1094 1087 1084 1077 1073 1063
    1057 1054 1047 1044 1038 1028 1025 1019 1016 1013 1007 1001 989 987
    981 975 973 967 967 967 967 967 975 978 981 984 984 989 992 995 995
    1001 1001 1007 1010 1010 1010 1016 1022 1025 1028 1028 1025 2349 0 0
    0 0 1134 1134 1126 1126 1112 1105 1097 1094 1090 1084 1077 1073 1063
    1057 1054 1047 1044 1041 1031 1025 1019 1016 1013 1007 1001 989 987
    981 975 973 967 967 967 967 967 975 978 978 984 984 989 992 995 995
    1001 1001 1007 1010 1010 1010 1016 1022 1025 1025 1025 1025 2349 0 0
    0 0 1138 1138 1130 1123 1112 1105 1097 1094 1090 1084 1077 1073 1063
    1057 1054 1050 1044 1041 1034 1025 1019 1016 1013 1007 1001 989 987
    981 975 973 967 967 967 967 970 975 978 978 984 987 989 992 995 995
    1001 1001 1007 1010 1010 1013 1016 1022 1028 1025 1025 1025 0 0 0 0
    0 1138 1138 1130 1115 1112 1105 1097 1094 1087 1080 1080 1073 1063
    1057 1050 1047 1041 1038 1034 1025 1019 1016 1013 1007 992 989 987
