<?xml version="1.0"?>
<opencv_storage>
<Depth3528 type_id="opencv-matrix">
  <rows>79</rows>
  <cols>88</cols>
  <dt>w</dt>
  <data>
    1169 1173 1173 1177 1185 1193 1193 1197 1197 0 3120 3120 3120 3092
    3092 3092 3092 3120 3120 3120 3178 1157 1157 1161 1161 1165 1165
    3208 3208 3208 3208 3208 3208 3178 3178 3178 3178 3178 3178 3178
    3149 3149 3149 3149 3149 3149 3149 3178 3178 3149 3149 3149 3120
    3120 3120 3120 3120 3120 3120 3120 3120 3120 3120 3120 3120 3120
    3120 3120 3092 3092 3092 3092 3092 3092 3092 3092 3064 3064 3064
    3064 3064 3064 3037 3037 3010 3010 3010 3010 1169 1169 1173 1177
    1185 1193 1193 1206 1206 0 3120 3120 3120 3092 3092 3092 3120 3120
    3120 3178 1153 1153 1157 1161 1161 1165 1165 1165 3208 3208 3208
    3208 3208 3178 3178 3178 3178 3178 3178 3178 3149 3149 3149 3149
    3178 3178 3178 3178 3178 3178 3178 3149 3149 3120 3120 3120 3120
    3120 3120 3120 3120 3120 3120 3120 3120 3120 3120 3120 3120 3092
    3092 3092 3092 3092 3092 3092 3092 3092 3064 3064 3064 3064 3010
    3010 3037 3037 3037 3037 1165 1169 1173 1181 1193 1193 1206 1214
    1227 0 0 0 3092 3092 3092 3092 1145 1145 3208 3208 1153 1153 1157
    1157 1161 1161 1161 1165 1165 3208 3208 3208 3208 3208 3178 3178
    3178 3178 3178 3178 3149 3149 3149 3178 3178 3178 3178 3178 3178
    3178 3178 3178 3149 3120 3120 3120 3120 3120 3120 3120 3120 3120
    3120 3120 3120 3120 3120 3120 3120 3120 3092 3092 3092 3092 3092
    3092 3092 3092 3092 3092 3092 3064 3010 3010 3037 3037 3037 3037
    1165 1169 1177 1181 1193 1193 1210 1214 1227 0 0 0 1134 0 0 1145
    1145 1145 1145 1145 1149 1149 1153 1153 1157 1161 1161 1161 1161
    1161 1161 3208 3208 3178 3149 3149 3178 3178 3178 3178 3149 3149
    3178 3178 3208 3208 3208 3178 3178 3178 3178 3178 3149 3149 3120
    3120 3120 3149 3149 3149 3149 3149 3149 3120 3120 3120 3120 3120
    3120 3120 3120 3092 3092 3092 3092 3092 3092 3092 3092 3092 3092
    3092 3092 3064 3064 3064 3064 3064 1165 1169 1177 1197 1197 1202
    1210 1206 1206 0 0 0 0 0 0 1138 1138 1138 1145 1145 1149 1149 1149
    1149 1153 1157 1157 1161 1161 1161 1165 1165 1165 3178 3149 3149
    3178 3208 3208 3178 3178 3178 3208 3208 3208 3208 3208 3208 3178
    3178 3178 3178 3178 3178 3149 3120 3120 3149 3149 3149 3149 3149
    3149 3120 3120 3120 3120 3120 3120 3120 3120 3092 3092 3092 3092
    3120 3120 3092 3092 3092 3092 3092 3092 3064 3064 3064 3064 3064
    1165 1169 1181 1193 1197 1214 1210 1202 1202 0 0 0 0 0 1134 1134
    1134 1134 1141 1141 1145 1145 1149 1149 1149 1153 1153 1157 1161
    1161 1165 1165 1165 1169 1169 3178 3178 3208 3208 3208 3208 3208
    3208 3208 3208 3208 3208 3178 3178 3178 3178 3178 3208 3178 3149
    3149 3149 3149 3178 3149 3149 3149 3120 3120 3120 3120 3120 3120
    3120 3120 3120 3120 3120 3120 3120 3120 3120 3120 3120 3092 3092
    3092 3092 3064 3064 3064 3064 3064 1165 1177 1185 1193 1210 1214
    1210 1202 1202 0 0 0 0 0 1134 1134 1134 1134 1138 1138 1141 1141
    1145 1149 1149 1153 1153 1153 1157 1157 1161 1165 1165 1165 1165
    1165 3208 3208 3208 3208 3208 3208 3208 3208 3208 3208 3208 3178
    3178 3178 3178 3178 3208 3178 3178 3178 3178 3178 3178 3149 3149
    3149 3120 3120 3120 3120 3120 3149 3149 3120 3120 3120 3120 3120
    3120 3120 3120 3120 3120 3120 3120 3092 3092 3092 3092 3092 3064
    3064 1177 1181 1193 1193 1227 1241 1264 1264 0 0 0 0 0 0 1126 1126
    1130 1130 1134 1134 1138 1141 1145 1145 1149 1149 1149 1149 1153
    1157 1161 1161 1161 1165 1165 1165 3208 3208 3208 3238 3208 3208
    3208 3208 3208 3208 3208 3208 3208 3208 3208 3208 3208 3208 3178
    3178 3178 3178 3178 3178 3178 3178 3149 3120 3120 3120 3120 3149
    3149 3178 3120 3120 3149 3120 3120 3120 3120 3120 3120 3120 3120
    3092 3092 3092 3092 3092 3064 3064 1185 1185 1202 1214 1264 1264
    1264 1264 0 0 0 0 0 0 1123 1123 1130 1130 1134 1134 1134 1141 1145
    1145 1145 1145 1145 1145 1149 1153 1157 1161 1161 1165 1161 1161
    1161 1161 3238 3238 3208 3208 3208 3208 3208 3208 3208 3208 3208
    3208 3208 3208 3208 3208 3178 3178 3178 3178 3178 3178 3178 3178
    3149 3149 3149 3149 3149 3149 3149 3149 3178 3178 3149 3120 3120
    3120 3120 3120 3120 3120 3120 3120 3092 3092 3092 3092 3092 3092
    1197 1197 1202 1214 1259 1264 1264 1264 1264 0 1119 1119 1119 1119
    1119 1123 1126 1126 1130 1134 1134 1138 1138 1141 1141 1145 1145
    1145 1149 1149 1153 1157 1161 1161 1161 1161 1161 1161 1161 3238
    3208 3208 3208 3208 3208 3208 3208 3208 3208 3208 3208 3208 3208
    3208 3178 3178 3178 3178 3178 3178 3208 3208 3178 3178 3149 3149
    3149 3149 3149 3149 3178 3149 3149 3149 3120 3120 3120 3120 3120
    3120 3120 3120 3120 3120 3120 3092 3092 3092 1202 1202 1210 1245
    1255 1264 1264 1264 1264 0 1119 1119 1119 1119 1119 1119 1123 1126
    1130 1130 1134 1134 1134 1138 1138 1141 1141 1145 1145 1149 1149
    1153 1157 1161 1161 1161 1161 1161 1169 1169 1169 3238 3208 3208
    3208 3208 3208 3208 3208 3208 3208 3208 3208 3208 3208 3208 3178
    3178 3178 3178 3208 3208 3208 3178 3178 3178 3149 3149 3178 3178
    3178 3149 3149 3149 3149 3120 3120 3120 3120 3120 3120 3120 3120
    3120 3120 3120 3092 3092 1210 1223 1236 1245 1245 1264 1264 1264
    1264 1108 1115 1115 1115 1115 1115 1119 1119 1126 1130 1130 1130
    1134 1134 1134 1138 1138 1141 1141 1145 1145 1149 1149 1153 1157
    1161 1161 1161 1161 1165 1165 1165 1165 3238 3238 3238 3208 3208
    3208 3208 3208 3238 3208 3208 3208 3208 3208 3208 3208 3178 3178
    3208 3208 3208 3208 3178 3178 3178 3178 3178 3178 3149 3149 3149
    3149 3149 3149 3149 3149 3149 3120 3120 3120 3120 3120 3120 3120
    3092 3092 1223 1236 1241 1245 1245 1259 1259 1259 1101 1108 1108
    1108 1112 1115 1115 1115 1119 1123 1126 1130 1130 1130 1130 1134
    1134 1134 1138 1141 1145 1145 1145 1149 1149 1153 1157 1157 1161
    1161 1165 1165 1165 1165 1169 3238 3238 3208 3208 3208 3208 3238
    3238 3238 3238 3238 3208 3208 3208 3208 3208 3208 3208 3208 3208
    3178 3178 3178 3178 3178 3178 3178 3149 3149 3149 3149 3149 3149
    3149 3149 3149 3120 3120 3120 3120 3120 3120 3120 3092 3092 1241
    1245 1245 1250 1250 1259 1259 1101 1101 1101 1105 1108 1108 1108
    1112 1112 1119 1119 1123 1126 1126 1130 1130 1130 1130 1130 1134
    1138 1141 1145 1145 1149 1149 1149 1153 1153 1157 1157 1165 1165
    1165 1169 1169 1169 3238 3208 3208 3238 3238 3238 3238 3238 3238
    3238 3238 3238 3208 3208 3208 3208 3208 3208 3178 3178 3178 3178
    3208 3208 3208 3178 3178 3178 3178 3178 3178 3149 3149 3149 3149
    3149 3149 3149 3149 3120 3120 3120 3120 3120 1245 1245 1245 1245 0
    1097 1097 1097 1101 1101 1105 1105 1105 1105 1108 1112 1115 1115
    1115 1119 1119 1126 1130 1130 1130 1130 1134 1134 1138 1141 1145
    1145 1145 1149 1149 1149 1153 1153 1161 1165 1165 1169 1169 1173
    1177 1177 3238 3238 3208 3208 3208 3238 3238 3238 3238 3238 3208
    3208 3208 3208 3208 3208 3178 3178 3178 3178 3208 3208 3208 3208
    3208 3178 3178 3178 3178 3120 3120 3149 3149 3149 3149 3149 3149
    3120 3120 3120 3120 3120 0 1245 0 0 0 1108 1097 1097 1101 1101 1105
    1105 1105 1105 1105 1108 1115 1115 1115 1115 1119 1119 1119 1123
    1123 1126 1130 1130 1134 1138 1138 1141 1145 1149 1149 1149 1153
    1153 1157 1161 1161 1165 1169 1169 1173 1177 1177 3208 3208 3208
    3208 3238 3238 3238 3238 3238 3208 3208 3208 3208 3208 3208 3208
    3208 3208 3208 3208 3208 3208 3208 3208 3208 3208 3208 3208 3120
    3120 3149 3149 3149 3149 3149 3149 3149 3149 3120 3120 3120 0 0 0 0
    0 1108 1101 1101 1101 1101 1101 1101 1101 1101 1105 1108 1108 1112
    1115 1115 1115 1115 1119 1123 1123 1126 1130 1130 1130 1134 1134
    1138 1141 1145 1149 1149 1149 1153 1153 1157 1161 1161 1165 1169
    1173 1173 1177 1177 1177 3208 3208 3238 3238 3238 3238 3238 3208
    3208 3208 3208 3208 3208 3208 3208 3208 3208 3208 3208 3208 3208
    3208 3208 3208 3208 3208 3149 3149 3149 3149 3178 3149 3149 3178
    3149 3149 3120 3120 3120 0 0 0 0 0 1108 1101 1101 1101 1101 1101
