<?xml version="1.0"?>
<opencv_storage>
<Depth7066 type_id="opencv-matrix">
  <rows>68</rows>
  <cols>84</cols>
  <dt>w</dt>
  <data>
    4349 4349 4349 4349 4349 4349 0 0 0 0 1245 1245 1245 1241 1241 1236
    1232 1232 1232 1232 1236 1236 1236 1236 1241 1245 1245 1245 1250
    1259 1259 1264 1264 1268 1268 1273 1283 1283 1288 1288 1288 1292
    4089 4089 4041 4041 4089 4089 4089 3120 3120 3120 3120 3120 3064
    3064 3037 3037 3037 3037 3037 3010 2984 2958 2908 2908 2883 2859
    2835 2767 2744 2744 2744 2744 2744 2744 2744 2767 2933 2933 2933
    2933 2933 2908 4349 4349 4349 4405 4405 0 0 0 0 0 1245 1245 1245
    1245 1245 1241 1236 1232 1232 1232 1236 1232 1232 1232 1241 1241
    1245 1245 1250 1255 1255 1255 1255 1259 1264 1268 1278 1278 1283
    1288 1288 1288 1283 1283 1288 4089 4089 4089 4089 4041 3994 3149
    3120 3120 3092 3092 3037 3037 3037 3037 3037 3010 2984 2933 2908
    2883 2859 2835 2835 2744 2744 2744 2744 2744 2744 2723 2723 2744
    2933 2933 2933 2933 2933 2908 4405 4405 4405 4405 0 0 0 0 0 1250
    1250 1250 1250 1250 1250 1245 1236 1236 1232 1232 1236 1232 1232
    1232 1232 1236 1236 1236 1241 1250 1250 1250 1250 1250 1255 1264
    1268 1268 1273 1278 1278 1283 1283 1283 1288 1288 1292 4089 4089
    4041 4041 4041 4041 3120 3092 3092 3064 3064 3037 3037 3037 3010
    2984 2933 2908 2883 2859 2835 2767 2744 2744 2744 2744 2744 2723
    2723 2723 2744 2984 2984 2958 2958 2933 2933 4405 4405 4405 4405 0 0
    0 0 0 1250 1250 1255 1250 1250 1250 1245 1245 1241 1241 1236 1236
    1232 1232 1232 1232 1232 1232 1232 1232 1232 1236 1241 1245 1245
    1250 1255 1255 1259 1268 1268 1273 1273 1278 1278 1283 1288 1292
    1292 4139 4089 4089 4089 4041 4041 3120 3092 3092 3064 3037 3037
    3010 3010 2984 2933 2908 2883 2859 2835 2767 2767 2744 2744 2744
    2744 2723 2723 2723 2767 3010 2984 2984 2958 2933 2933 4405 4405
    4349 4349 0 0 0 0 0 1250 1250 1255 1255 1250 1250 1245 1245 1245
    1241 1241 1236 1236 1232 1232 1236 1232 1232 1232 1232 1232 1232
    1232 1236 1236 1241 1250 1250 1255 1259 1259 1268 1273 1273 1278
    1278 1283 1288 1288 1288 1288 4089 4089 4089 4089 4089 3092 3092
    3064 3037 3037 3010 3010 2984 2933 2908 2883 2883 2835 2767 2767
    2767 2767 2767 2744 2744 2744 2744 2767 3816 3037 2984 2984 2958
    2958 4405 4405 4349 4349 0 0 0 0 0 1255 1255 1255 1255 1255 1250
    1250 1245 1245 1245 1245 1241 1236 1236 1236 1236 1236 1232 1232
    1227 1227 1227 1232 1232 1232 1236 1241 1250 1250 1255 1255 1259
    1264 1268 1273 1273 1278 1283 1283 1288 1288 1292 1292 1297 4089
    4089 3092 3092 3064 3064 3037 3037 3010 2984 2933 2908 2908 2908
    2883 2812 2789 2789 2789 2789 2767 2744 2744 2744 3903 3903 3903
    3903 3010 2984 2958 4463 4405 4405 0 0 0 0 0 1273 1259 1259 1259
    1259 1259 1255 1250 1250 1250 1250 1250 1245 1241 1241 1236 1236
    1236 1232 1232 1227 1227 1227 1232 1232 1232 1232 1236 1245 1245
    1250 1250 1255 1259 1259 1264 1268 1273 1278 1278 1283 1283 1288
    1288 1292 1292 1292 3120 3092 3092 3064 3037 3037 3037 2984 2958
    2933 2908 2908 2883 2835 2812 2812 2789 2789 2789 2789 2767 2767
    3903 3903 3903 3903 3948 3948 2984 4463 4405 4405 0 0 0 0 0 1273
    1264 1264 1264 1264 1264 1259 1259 1255 1250 1250 1250 1245 1245
    1241 1241 1241 1241 1236 1232 1232 1232 1232 1232 1232 1232 1232
    1236 1236 1241 1245 1250 1250 1250 1255 1255 1259 1264 1268 1273
    1273 1278 1283 1283 1288 1288 1288 1292 1292 3120 3092 3064 3064
    3037 3010 2958 2933 2933 2933 2908 2883 2883 3903 3903 3903 2835
    2835 3948 3903 3903 3948 3903 3903 3903 3903 3903 4522 4522 4522 0 0
    0 0 0 1273 1273 1268 1264 1264 1264 1264 1259 1259 1255 1255 1250
    1250 1245 1245 1245 1245 1245 1241 1241 1236 1232 1232 1232 1232
    1232 1232 1236 1236 1236 1236 1241 1245 1245 1250 1250 1255 1259
    1259 1264 1268 1273 1273 1278 1283 1283 1288 1288 1288 3092 3092
    3092 3064 3037 3037 3010 2984 2933 2933 2908 2908 3948 3948 3948
    3948 3903 3903 3948 3948 3948 3948 3903 3903 3903 3903 3903 4582
    4582 0 0 0 0 0 0 1278 1273 1273 1268 1268 1268 1268 1264 1264 1259
    1255 1255 1250 1250 1250 1245 1245 1245 1241 1241 1236 1236 1232
    1232 1232 1232 1232 1232 1232 1232 1232 1232 1236 1241 1241 1245
    1250 1250 1255 1259 1264 1268 1273 1273 1278 1278 1278 1278 1283
    1283 1283 1283 1288 3037 3037 3037 2984 2933 2933 2933 3994 3994
    3994 3948 3948 3948 3948 3948 3948 3948 3948 3948 3948 3903 3903
    3903 4522 4522 0 0 0 0 0 1278 1278 1278 1278 1273 1273 1268 1268
    1268 1264 1264 1264 1259 1255 1250 1250 1250 1250 1245 1245 1241
    1241 1241 1236 1232 1232 1232 1232 1232 1232 1232 1232 1232 1236
    1236 1236 1236 1241 1245 1250 1255 1259 1264 1268 1268 1268 1268
    1273 1273 1278 1283 1283 1283 1288 1288 4041 4041 3994 3948 3948
    3994 3994 3994 3994 3994 3994 3948 3948 3948 3948 3948 3948 3948
    3948 3903 3903 3903 4522 4522 0 0 0 0 0 1278 1278 1278 1278 1278
    1273 1273 1268 1268 1268 1268 1264 1264 1259 1259 1259 1259 1255
    1245 1245 1245 1241 1241 1236 1232 1232 1232 1232 1236 1232 1232
    1232 1232 1236 1236 1232 1232 1236 1236 1241 1245 1255 1255 1259
    1259 1264 1264 1264 1268 1268 1278 1283 1288 1288 1288 1288 1288
    4041 3994 3994 3994 3994 3994 3994 3994 3994 3994 3994 3948 3948
    3948 3948 3948 3948 3948 3903 3903 4522 0 0 0 0 0 0 1283 1283 1283
    1283 1283 1278 1278 1273 1268 1268 1268 1268 1264 1264 1264 1264
    1264 1255 1250 1250 1250 1250 1245 1245 1236 1236 1236 1236 1236
    1236 1232 1232 1232 1236 1232 1232 1232 1232 1232 1232 1236 1241
    1245 1250 1250 1255 1255 1259 1264 1264 1268 1273 1278 1283 1288
    1283 1283 1283 3994 3994 3994 3994 4041 3994 3994 3994 3994 3994
    3948 3948 3948 3948 3948 3994 3948 3948 3903 4463 4463 0 0 0 0 1312
    1288 1288 1283 1283 1283 1283 1283 1278 1273 1273 1273 1268 1268
    1268 1264 1264 1264 1259 1255 1250 1250 1250 1250 1245 1245 1245
    1241 1241 1241 1236 1236 1236 1236 1236 1232 1232 1232 1232 1232
    1232 1232 1232 1232 1241 1241 1245 1250 1250 1255 1255 1259 1264
    1268 1278 1283 1283 1283 1283 1283 1283 4041 4041 4041 4041 4041
    4041 3994 3994 3994 3948 3948 3994 3994 3994 3948 3948 3948 4463
    4463 0 0 0 0 1307 1292 1288 1288 1283 1283 1283 1283 1283 1278 1278
    1278 1273 1268 1268 1264 1264 1268 1264 1259 1259 1255 1255 1255
    1250 1250 1245 1245 1245 1245 1245 1241 1236 1236 1236 1232 1232
    1232 1232 1232 1232 1232 1227 1227 1227 1227 1236 1241 1245 1250
    1250 1255 1255 1259 1268 1278 1278 1278 1278 1278 1278 1278 1278
    4041 4041 4041 4041 4041 3994 3994 3994 3994 3994 4041 3994 3994
    3994 3994 4463 0 0 0 0 0 1307 1302 1292 1292 1288 1288 1288 1283
    1283 1283 1283 1283 1278 1273 1268 1268 1268 1268 1268 1264 1264
    1259 1259 1255 1255 1250 1250 1245 1245 1245 1245 1245 1241 1236
    1236 1236 1236 1232 1232 1232 1232 1232 1227 1227 1227 1227 1232
    1236 1236 1236 1245 1245 1250 1255 1268 1273 1273 1273 1278 1278
    1278 1278 1283 1283 1283 4041 4041 4041 4041 3994 3994 3994 4041
    4041 3994 3994 3948 3948 4645 0 0 0 0 0 1312 1307 1302 1297 1297
    1292 1288 1288 1288 1288 1288 1283 1283 1278 1278 1273 1273 1273
    1268 1264 1264 1264 1259 1259 1259 1255 1255 1250 1250 1250 1250
    1250 1250 1241 1241 1236 1236 1236 1236 1236 1232 1232 1227 1227
    1227 1227 1232 1232 1236 1236 1236 1241 1245 1245 1250 1255 1255
    1259 1268 1268 1273 1273 1278 1278 1278 1278 1278 4041 4041 4041
    4041 4041 4041 4041 3994 3994 3948 3948 4645 0 0 0 0 1322 1312 1307
    1302 1302 1302 1297 1292 1288 1288 1288 1288 1288 1283 1283 1283
    1278 1278 1273 1268 1268 1264 1264 1264 1264 1264 1259 1259 1250
    1250 1250 1250 1250 1250 1250 1250 1241 1236 1236 1236 1236 1236
    1232 1232 1227 1227 1232 1232 1232 1232 1232 1232 1236 1241 1241
    1245 1245 1245 1250 1250 1255 1259 1264 1268 1273 1273 1273 1273
    1273 1273 4139 4089 4089 4089 4041 4041 4041 3994 3994 4582 0 0 0 0
    1322 1317 1307 1307 1307 1307 1302 1302 1292 1292 1288 1288 1288
