<?xml version="1.0"?>
<opencv_storage>
<Depth12018 type_id="opencv-matrix">
  <rows>13</rows>
  <cols>19</cols>
  <dt>w</dt>
  <data>
    4190 4190 4190 0 0 4463 4405 4405 4405 4405 4405 4405 4405 4405 4405
    4405 4405 4405 4405 4241 4241 4241 4463 4463 4405 4349 4349 4405
    4405 4405 4405 4405 4349 4349 4405 4349 4349 4405 4241 4295 4295
    4295 4295 4295 4349 4349 4405 4405 4405 4405 4349 4295 4295 4295
    4295 4295 0 4295 4295 4295 4295 4241 4241 4241 4295 4295 4349 4405
    4405 4349 4295 4295 4295 4295 4295 0 4295 4295 4241 4241 4190 4190
    4190 4241 4295 4349 4405 4405 4349 4295 4295 4295 4295 4349 0 4241
    4241 4190 4190 4190 4190 4190 4241 4295 4295 4349 4349 4349 4349
    4349 4295 4295 4349 4463 4241 4241 4190 4190 4190 4190 4190 4241
    4295 4295 4349 4295 4295 4349 4349 4405 4463 4463 4463 4241 4241
    4241 4241 4241 4190 4190 4241 4295 4295 4349 4295 4295 4349 4349
    4405 4463 4463 4463 4241 4241 4139 4139 4241 4295 4295 4295 4295
    4295 4295 4295 4349 4405 4405 4463 4463 4463 4463 4241 4241 4139
    4139 4190 4295 4295 4295 4295 4295 4295 4295 4295 4463 4463 4463
    4463 4463 4463 4241 4241 4139 4139 4139 4241 4349 4295 4295 4295
    4295 0 0 4463 4463 4463 4463 4463 4522 4241 4241 4139 4139 4139 4241
    4349 4349 4405 4405 4405 0 0 4522 4522 4522 4522 0 0 4241 4241 4139
    4139 4139 4241 0 0 0 0 0 0 0 0 0 0 0 0 0</data></Depth12018>
</opencv_storage>
