<?xml version="1.0"?>
<opencv_storage>
<Depth2695 type_id="opencv-matrix">
  <rows>61</rows>
  <cols>25</cols>
  <dt>w</dt>
  <data>
    5132 5132 1624 1624 1624 1624 1632 1624 1624 1624 1624 4708 4708
    5210 5132 1624 1624 1624 1616 1616 1616 4983 4983 4911 4911 5132
    1632 1624 1624 1624 1624 1624 1624 1624 1624 1624 1624 1624 1632
    1632 1624 1624 1624 1616 1616 1616 4842 4842 4842 4911 5210 1632
    1624 1624 1624 1624 1624 1624 1624 1624 1624 1624 1624 1632 1632
    1632 1632 1624 1624 1624 1632 1632 4842 4842 4911 1632 1632 1624
    1624 1624 1624 1624 1624 1624 1624 1624 1632 1632 1632 1632 1632
    1632 1632 1624 1624 1632 1632 4842 4842 4911 1632 1632 1624 1624
    1624 1624 1624 1624 1632 1632 1632 1632 1632 1632 1632 1632 1632
    1632 1624 1624 1632 1632 1632 4911 4911 1632 1632 1624 1624 1624
    1624 1624 1624 1632 1632 1632 1632 1632 1632 1624 1624 1632 1624
    1624 1624 1624 1624 1624 4911 4911 1639 1639 1632 1632 1632 1624
    1624 1624 1632 1632 1632 1632 1632 1624 1624 1624 1624 1624 1624
    1624 1624 1624 1624 4983 4983 1632 1632 1632 1632 1632 1632 1632
    1632 1624 1624 1624 1624 1624 1624 1624 1624 1624 1632 1624 1624
    1624 1624 1624 4911 4911 1632 1632 1632 1632 1632 1632 1632 1624
    1624 1624 1624 1624 1624 1624 1624 1624 1632 1632 1632 1624 1624
    1632 1632 4911 4911 1632 1632 1632 1624 1624 1624 1624 1624 1624
    1624 1624 1624 1624 1624 1624 1624 1632 1632 1632 1624 1624 1632
    1632 4911 4911 1632 1632 1632 1624 1624 1624 1624 1624 1624 1624
    1624 1624 1624 1624 1632 1632 1632 1632 1632 1624 1624 1632 1632
    4983 4983 1639 1632 1632 1632 1632 1624 1624 1624 1624 1632 1624
    1624 1624 1624 1632 1632 1632 1632 1632 1624 1624 1624 1624 5056
    5056 1639 1632 1632 1632 1632 1632 1632 1632 1632 1632 1632 1632
    1632 1632 1632 1632 1632 1632 1632 1624 1624 1624 1624 5056 5056
    1632 1632 1632 1632 1632 1632 1632 1632 1632 1632 1632 1632 1632
    1632 1632 1632 1632 1632 1632 1624 1624 1624 1624 5056 5056 1632
    1632 1632 1632 1632 1632 1632 1632 1632 1632 1632 1632 1632 1632
    1632 1632 1632 1632 1632 1632 1632 1632 1632 5056 5056 5210 1632
    1632 1632 1632 1632 1639 1639 1632 1632 1632 1639 1632 1632 1632
    1632 1632 1632 1632 1632 1632 1632 1632 5056 5056 1639 1632 1632
    1632 1632 1632 1639 1639 1632 1632 1632 1639 1632 1632 1632 1632
    1632 1632 1632 1632 1632 1632 1632 5056 5056 1639 1639 1639 1632
    1632 1632 1632 1639 1639 1632 1632 1632 1632 1632 1632 1632 1639
    1639 1632 1632 1632 1639 1639 5132 5056 1647 1647 1639 1632 1632
    1632 1632 1639 1639 1632 1632 1632 1632 1632 1632 1632 1639 1639
    1632 1632 1632 1632 5056 5056 5056 1647 1647 1639 1632 1632 1632
    1632 1639 1639 1632 1632 1632 1632 1632 1632 1632 1632 1639 1632
    1632 1632 1632 1632 5056 5056 5460 1647 1639 1632 1632 1632 1632
    1639 1639 1632 1632 1632 1632 1632 1632 1632 1632 1639 1632 1632
    1632 1632 1632 4983 4983 5374 1647 1639 1632 1632 1632 1632 1639
    1639 1639 1639 1639 1639 1639 1639 1632 1632 1639 1632 1632 1632
    1632 1632 4983 4983 5374 1647 1639 1632 1632 1632 1632 1639 1639
    1639 1639 1639 1639 1639 1639 1632 1632 1639 1639 1639 1632 1632
    1632 5056 5056 1655 1647 1639 1639 1639 1632 1632 1639 1639 1639
    1639 1639 1639 1639 1639 1639 1639 1639 1639 1639 1632 1632 1632
    5056 5056 1655 1647 1639 1639 1639 1632 1632 1639 1639 1639 1639
    1639 1639 1639 1639 1639 1639 1639 1647 1639 1632 1632 1632 5056
    5056 1663 1655 1647 1639 1639 1639 1639 1639 1639 1647 1639 1639
    1639 1639 1639 1639 1647 1647 1647 1639 1632 1632 1632 5056 5056
    1663 1655 1655 1647 1639 1639 1639 1639 1647 1647 1639 1639 1639
    1639 1639 1639 1647 1647 1647 1639 1632 1632 1632 1632 5056 1663
    1663 1655 1647 1647 1639 1639 1639 1647 1647 1639 1639 1639 1639
    1639 1639 1647 1647 1647 1639 1639 1632 1632 1632 5056 1663 1655
    1655 1647 1647 1647 1647 1647 1647 1647 1647 1647 1647 1647 1647
    1647 1647 1647 1647 1639 1639 1639 1639 1639 5132 1663 1655 1655
    1647 1647 1647 1647 1647 1647 1647 1647 1647 1647 1647 1647 1647
    1647 1647 1647 1647 1647 1647 1647 1647 1647 1663 1663 1655 1655
    1647 1647 1647 1647 1647 1647 1647 1647 1647 1647 1647 1647 1647
    1647 1647 1647 1655 1647 1647 1647 1647 1671 1663 1655 1655 1647
    1647 1647 1647 1647 1647 1647 1647 1647 1647 1647 1647 1647 1647
    1647 1647 1647 1647 1647 1647 5056 5460 1663 1655 1655 1655 1647
    1647 1647 1647 1647 1647 1647 1647 1647 1647 1647 1647 1647 1647
    1647 1647 1632 1632 1632 5056 5460 1663 1655 1655 1655 1655 1647
    1647 1647 1647 1647 1647 1647 1647 1647 1647 1647 1647 1647 1647
    1639 1632 1632 1632 5056 5460 1663 1655 1655 1655 1655 1647 1647
    1647 1647 1647 1647 1647 1647 1647 1647 1655 1655 1655 1647 1639
    1632 1632 1632 4983 5460 1663 1655 1655 1655 1655 1655 1647 1647
    1647 1647 1647 1647 1647 1647 1647 1655 1655 1655 1647 1639 1632
    1632 1632 4983 5640 1671 1655 1655 1655 1655 1655 1655 1655 1647
    1647 1647 1647 1647 1647 1647 1655 1655 1655 1647 1647 1639 1639
    1639 4983 5548 1663 1655 1655 1655 1655 1655 1655 1655 1655 1647
    1647 1647 1647 1647 1647 1655 1655 1655 1647 1647 1639 1639 1639
    4983 5548 1663 1655 1655 1655 1655 1655 1655 1655 1655 1655 1655
    1647 1647 1647 1647 1647 1655 1655 1647 1647 1639 1639 1639 4983
    5460 1655 1655 1655 1655 1647 1647 1655 1655 1655 1655 1655 1647
    1647 1647 1647 1647 1647 1647 1647 1647 1639 1639 1639 5056 5460
    1655 1655 1655 1655 1647 1647 1655 1655 1655 1655 1655 1647 1647
    1647 1647 1647 1647 1647 1647 1647 1639 1639 1639 5056 5460 1655
    1655 1655 1655 1647 1647 1655 1655 1655 1655 1655 1647 1647 1647
    1647 1647 1647 1647 1647 1647 1639 1639 1639 1639 5460 1655 1655
    1655 1655 1655 1655 1655 1655 1655 1655 1655 1647 1647 1647 1647
    1655 1655 1647 1647 1647 1639 1632 1632 1632 5548 1655 1655 1655
    1655 1655 1655 1655 1655 1655 1655 1655 1655 1655 1655 1655 1655
    1655 1655 1655 1647 1639 1632 1632 1632 5460 1663 1655 1655 1655
    1655 1655 1655 1655 1655 1655 1655 1655 1655 1655 1655 1655 1655
    1655 1655 1647 1647 1632 1632 1632 5460 1663 1663 1663 1655 1655
    1655 1655 1655 1655 1655 1655 1655 1655 1655 1655 1655 1655 1655
    1655 1655 1647 1639 1639 1639 5460 1663 1655 1655 1655 1655 1655
    1655 1655 1655 1655 1655 1655 1655 1655 1655 1655 1655 1655 1655
    1655 1647 1647 1647 1647 5460 1655 1655 1655 1655 1655 1655 1655
    1655 1655 1655 1655 1655 1655 1655 1655 1655 1655 1655 1655 1655
    1647 1647 1647 1647 5460 1647 1647 1655 1655 1655 1655 1655 1655
    1655 1655 1655 1655 1655 1655 1655 1655 1655 1655 1655 1655 1655
    1647 1647 1647 5460 1647 1647 1655 1655 1655 1655 1655 1655 1655
    1655 1655 1655 1655 1655 1655 1655 1655 1655 1655 1655 1655 1647
    1647 1647 5460 1655 1655 1655 1655 1655 1655 1655 1655 1655 1655
    1655 1655 1655 1655 1655 1655 1655 1655 1655 1655 1655 1647 1647
    1647 5548 1663 1663 1655 1655 1655 1655 1655 1655 1655 1655 1655
    1655 1655 1655 1655 1655 1655 1655 1655 1655 1655 1647 1616 1616
    5640 1663 1663 1663 1663 1663 1663 1663 1663 1655 1655 1655 1655
    1663 1663 1655 1655 1655 1655 1655 1655 1655 1647 1616 1616 5734
    1663 1663 1663 1663 1663 1663 1663 1663 1655 1655 1655 1655 1663
    1663 1655 1655 1655 1655 1655 1655 1655 1647 1632 1632 5832 1663
    1663 1663 1663 1663 1663 1663 1663 1655 1655 1655 1655 1655 1655
    1655 1655 1655 1655 1655 1655 1655 1655 1639 1639 5640 1663 1663
    1663 1663 1663 1663 1663 1663 1655 1655 1655 1655 1655 1655 1655
    1655 1663 1663 1663 1655 1655 1655 1655 1655 5640 5640 1663 1663
    1663 1663 1663 1663 1663 1663 1663 1655 1655 1655 1655 1655 1655
    1663 1663 1663 1655 1655 1655 1655 1655 5548 5548 1663 1663 1663
    1663 1663 1663 1663 1663 1663 1655 1655 1655 1655 1655 1663 1663
    1663 1663 1655 1655 1655 1655 1655 5548 5548 1655 1655 1663 1663
    1663 1663 1663 1663 1663 1655 1655 1655 1655 1663 1663 1663 1655
    1655 1655 1655 1655 1655 5210 5548 5548 1655 1655 1655 1663 1663
