<?xml version="1.0"?>
<opencv_storage>
<Depth2669 type_id="opencv-matrix">
  <rows>27</rows>
  <cols>11</cols>
  <dt>w</dt>
  <data>
    3092 3037 3037 3010 3010 3010 2984 2958 2958 2984 2984 3092 3092
    3092 3037 3010 3010 2984 2933 2933 2984 3010 3120 3092 3064 3037
    3037 3010 3010 2933 2933 2984 3010 3010 3064 3064 3037 3037 3010
    3010 2984 2984 3064 3064 2984 3037 3064 3064 3037 3037 3037 3010
    3010 3092 3092 2958 3010 3064 3092 3064 3064 3037 3010 3010 3092
    3092 2958 3010 3092 3120 3092 3092 3037 3037 3037 3092 3092 0 3149
    3120 3120 3092 3092 3037 3037 3037 3092 3092 0 3149 3149 3120 3120
    3092 3064 3064 3064 3092 4241 0 3208 3149 3120 3120 3092 3092 3064
    3064 3092 3149 0 3120 3120 3120 3120 3092 3092 3092 3092 3120 3120 0
    3064 3064 3120 3120 3120 3120 3120 3120 3120 3120 0 3064 3064 3092
    3120 3120 3120 3120 3120 3120 3149 0 3064 3064 3092 3120 3149 3120
    3120 3092 3092 3208 0 0 3092 3092 3120 3149 3149 3120 3092 3092 4645
    0 0 0 3149 3149 3178 3149 3120 3092 3092 4645 0 0 3269 3149 3149
    3178 3149 3120 3092 3092 3208 0 0 3208 3208 3208 3208 3178 3149 3149
    3149 3208 0 0 3208 3208 3208 3208 3208 3178 3178 3208 3238 0 0 3178
    3178 3208 3208 3208 3208 3208 3238 3238 0 0 3120 3120 3208 3208 3208
    3208 3238 3238 3269 0 0 3120 3120 3208 3208 3208 3208 3208 3208 3238
    0 0 3238 3208 3208 3208 3208 3208 3208 3208 3238 3149 3149 3208 3208
    3208 3238 3238 3238 3208 3208 3238 3120 3120 3178 3238 3238 3238
    3238 3238 3208 3208 3208 3120 3120 3178 3238 3269 3269 3269 3238
    3208 3208 3208 0 0 0 3269 3269 3269 3269 3238 3238 3238 3238</data></Depth2669>
</opencv_storage>
