<?xml version="1.0"?>
<opencv_storage>
<Depth14463 type_id="opencv-matrix">
  <rows>101</rows>
  <cols>82</cols>
  <dt>w</dt>
  <data>
    4522 4522 4463 4463 4463 4463 4349 4349 4295 4295 4295 4295 4295
    4295 4295 4241 4241 4241 4241 4295 4241 4190 4190 4190 4190 4190
    4190 4139 4089 4089 4089 4041 4041 3994 3994 3994 3948 3948 3948
    3948 3948 3948 3948 3948 3903 3903 3859 3859 962 962 3774 3774 964
    964 964 964 964 938 938 938 938 935 935 935 998 998 1001 1001 1001
    3539 3539 3503 3503 3503 3503 3468 3468 3468 3468 3468 3468 3468
    4522 4522 4463 1080 1077 1077 1080 1080 4349 4295 4295 4295 4295
    4295 4295 4241 4241 4190 4190 4241 4190 4190 4190 4190 4190 1013
    1013 1010 1010 1007 1007 1007 3994 3994 3994 970 970 973 3948 984
    984 984 981 978 975 970 964 964 962 962 967 964 962 959 956 948 946
    946 938 938 938 935 935 935 998 998 1001 1001 1001 1001 1001 3503
    3503 3503 3503 3503 3468 3468 3468 3468 3468 3433 4463 4463 1080
    1080 1077 1077 1077 1073 1073 1073 1073 4295 4295 4295 4295 4295
    4241 4190 4190 4241 1019 1019 1019 1016 1016 1013 1013 1010 1010
    1007 1007 1007 1007 1007 970 970 970 973 978 978 978 975 975 973 973
    970 964 964 962 962 962 959 959 956 954 946 943 943 940 940 938 935
    935 946 987 987 998 1001 1001 0 3614 3614 3614 3539 3503 3503 3503
    3503 3468 3468 3468 3433 4463 4463 1080 1080 1080 1077 1077 1073
    1073 1073 1060 0 1044 1038 1038 1038 1038 1034 1031 1019 1019 1019
    1019 1016 1016 1013 1013 1010 1010 1007 1007 1007 1007 1007 998 973
    973 975 975 975 975 975 973 973 973 967 964 964 962 959 959 956 956
    954 948 946 943 943 940 940 940 938 938 943 987 987 989 1001 1001
    1001 3614 3614 3576 3539 3503 3503 3503 3503 3503 3468 3468 3433
    1073 1073 1080 1080 1077 1077 1073 1070 1060 1060 1060 1044 1044
    1038 1038 1038 1038 1034 1031 1025 1019 1019 1016 1016 1016 1013
    1010 1007 1007 1004 1001 1001 998 998 995 975 975 975 975 975 975
    973 973 970 967 964 964 962 959 956 956 954 954 948 946 943 943 943
    940 940 938 938 938 943 978 978 987 995 995 0 3614 3614 3539 3539
    3503 3503 3503 3503 3503 3468 3468 3433 1073 1073 1070 1070 1070
    1070 1063 1060 1054 1050 1047 1044 1044 1044 1038 1038 1034 1031
    1031 1025 1019 1019 1016 1016 1013 1013 1010 1007 1007 1004 1001 998
    995 992 989 987 984 981 978 975 975 973 970 970 967 964 962 962 959
    956 956 954 954 948 946 943 943 943 943 938 938 938 940 943 964 973
    981 987 987 0 3539 3539 3539 3539 3503 3503 3503 3503 3503 3468 3468
    3433 1073 1073 1070 1070 1067 1063 1057 1057 1054 1050 1047 1044
    1044 1044 1041 1038 1034 1031 1031 1025 1022 1019 1016 1016 1013
    1010 1007 1007 1007 1004 1001 998 995 992 989 987 984 984 981 975
    975 973 970 970 967 964 962 962 959 956 956 954 954 948 946 943 943
    943 943 938 938 938 938 948 964 967 975 987 992 0 0 3539 3539 3503
    3503 3503 3503 3503 3503 3468 3468 3468 1073 1073 1070 1070 1067
    1060 1057 1057 1054 1050 1047 1044 1044 1044 1041 1041 1034 1034
    1031 1028 1028 1019 1016 1016 1013 1010 1007 1007 1007 1004 1001 998
    995 995 989 987 984 984 984 978 975 973 973 970 967 967 964 962 959
    956 956 954 951 951 946 946 943 943 943 938 935 935 938 951 964 967
    975 987 992 992 0 3503 0 3503 3503 3503 3503 3503 3503 3468 3468
    3468 1077 1073 1070 1067 1067 1060 1057 1057 1054 1050 1047 1044
    1044 1044 1041 1041 1034 1034 1031 1031 1028 1019 1019 1016 1013
    1010 1007 1007 1007 1004 1001 998 995 992 987 987 987 984 984 978
    975 975 973 973 970 967 964 962 959 956 956 954 951 951 946 946 943
    943 943 938 935 935 938 946 962 964 978 987 992 992 0 0 0 3503 3503
    3503 3503 3503 3503 3468 3468 3468 1077 1073 1070 1067 1067 1060
    1057 1057 1054 1050 1047 1047 1047 1047 1044 1041 1034 1034 1031
    1031 1028 1019 1019 1016 1013 1013 1010 1007 1007 1004 1001 998 995
    992 987 987 987 984 981 978 975 975 973 973 970 964 964 962 959 956
    956 954 954 951 948 946 943 943 943 938 935 935 938 943 946 962 981
    984 987 0 0 0 0 3503 3503 3503 3503 3503 3503 3468 3468 3433 1077
    1073 1070 1070 1067 1063 1060 1057 1054 1054 1047 1047 1047 1047
    1044 1041 1034 1034 1031 1028 1025 1022 1019 1016 1016 1013 1010
    1007 1007 1004 998 995 995 992 987 987 984 984 981 975 975 975 973
    973 967 964 964 962 959 956 956 954 954 951 948 946 943 943 940 938
    938 938 940 943 946 962 978 981 984 0 0 0 3468 3468 3468 3503 3503
    3503 3503 3468 3468 3433 1077 1070 1070 1070 1067 1067 1060 1057
    1054 1054 1047 1047 1047 1047 1044 1041 1038 1034 1031 1028 1025
    1022 1019 1016 1016 1013 1010 1007 1007 1004 998 995 995 992 987 987
    984 984 981 975 975 973 973 970 967 964 964 962 959 956 956 954 954
    951 948 946 943 940 938 938 938 938 938 943 946 959 967 978 984 0 0
    0 0 3468 3468 3503 3503 3503 3503 3468 3468 3433 1077 1070 1070 1070
    1067 1067 1060 1057 1054 1054 1047 1047 1047 1047 1044 1041 1038
    1034 1031 1028 1025 1022 1019 1016 1016 1013 1010 1007 1007 1004 998
    995 995 992 989 987 987 984 981 978 975 973 973 970 967 964 964 962
    959 956 956 954 954 951 948 946 943 940 938 938 935 935 935 940 946
    959 964 970 987 998 0 0 0 3503 3503 3503 3503 3503 3503 3468 3468
    3433 1077 1070 1070 1070 1067 1063 1060 1057 1054 1054 1047 1047
    1047 1047 1044 1041 1038 1034 1031 1028 1025 1022 1019 1016 1016
    1013 1010 1007 1004 1004 1001 998 995 992 989 987 984 984 981 975
    975 973 973 970 970 964 964 962 959 959 956 954 954 951 948 946 943
    940 940 938 935 935 935 938 948 956 964 970 978 978 978 0 3503 0
    3503 3503 3503 3503 3503 3503 3468 3468 1073 1070 1070 1070 1067
    1063 1060 1057 1054 1054 1050 1047 1047 1047 1044 1041 1038 1034
    1031 1028 1025 1022 1019 1016 1016 1013 1010 1007 1004 1004 1001 998
    995 992 987 987 984 984 981 975 975 973 970 970 970 967 964 959 959
    959 956 956 954 951 948 946 943 943 940 938 938 935 935 938 940 956
    964 975 978 978 0 0 0 0 3539 3503 3503 3503 3468 3468 3468 3468 1073
    1070 1070 1070 1067 1063 1060 1057 1057 1054 1050 1047 1047 1044
    1041 1041 1034 1034 1031 1028 1025 1022 1019 1016 1016 1016 1010
    1010 1007 1007 1001 998 995 992 987 987 984 984 981 978 975 973 970
    970 970 967 964 959 959 959 956 956 956 951 948 946 943 943 940 938
    938 935 935 935 938 956 962 975 984 984 0 0 0 0 3539 3539 3503 3503
    3468 3468 3468 3468 1070 1070 1070 1070 1067 1063 1057 1057 1057
    1054 1054 1050 1047 1044 1041 1041 1034 1034 1031 1028 1025 1022
    1019 1016 1016 1016 1010 1010 1007 1007 1001 998 998 989 987 987 984
    984 984 978 975 973 973 970 970 967 964 962 962 959 956 956 954 951
    948 946 943 943 940 940 938 935 935 935 935 954 962 975 984 984 0
    989 0 3539 3539 3539 3503 3468 3468 3468 3468 3468 1070 1070 1073
    1070 1067 1067 1057 1057 1057 1054 1054 1047 1047 1044 1041 1041
    1034 1034 1031 1028 1022 1022 1019 1016 1016 1016 1010 1010 1007
    1007 1004 998 998 989 987 987 984 984 984 981 975 975 973 970 970
    967 964 962 962 959 956 954 954 951 951 946 946 943 940 940 938 935
    935 935 935 946 967 975 984 987 989 0 0 0 3539 3539 3503 3468 3468
    3468 3468 3468 1077 1077 1073 1070 1067 1067 1060 1057 1057 1054
    1047 1044 1044 1044 1041 1038 1034 1034 1031 1028 1022 1022 1019
    1019 1016 1013 1010 1010 1007 1007 1004 998 998 992 987 987 987 984
    984 984 975 975 973 970 970 967 964 962 962 959 956 954 954 951 951
    946 946 943 940 940 938 935 935 935 935 946 964 967 984 987 989 0 0
    0 0 3503 3503 3468 3468 3468 3468 3468 0 1073 1073 1070 1067 1067
    1060 1057 1057 1054 1047 1044 1044 1044 1041 1038 1038 1034 1034
    1028 1022 1022 1019 1019 1016 1013 1010 1010 1007 1004 1004 998 998
    992 989 987 987 987 984 984 978 975 973 973 970 964 964 962 962 959
    956 954 954 951 951 946 946 943 943 940 938 933 933 935 935 946 962
    967 987 987 989 989 0 0 0 3503 3468 3468 3468 3468 3468 3468 0 1073
    1073 1070 1067 1067 1060 1057 1054 1054 1047 1044 1044 1044 1044
