<?xml version="1.0"?>
<opencv_storage>
<Depth5672 type_id="opencv-matrix">
  <rows>79</rows>
  <cols>59</cols>
  <dt>w</dt>
  <data>
    4582 4582 4645 4645 4645 4645 4645 4708 4708 4708 4774 4774 4842
    4842 1376 1376 1381 1381 1370 1370 1370 4983 4983 4983 4983 4983
    4983 5056 5056 5056 5132 5132 5132 5132 5132 5132 5132 5210 5210
    5210 5210 5291 5291 5291 5291 5291 5291 5374 5374 5374 5374 5374
    5374 5460 5460 5460 5460 5460 5548 4582 4582 4645 4645 4645 4645
    4708 4708 4708 4708 4774 4842 1370 1370 1370 1370 1381 1376 1370
    1365 1365 1370 1370 4983 1376 1376 4983 4983 4983 5056 5132 5132
    5132 5132 5132 5132 5132 5210 5210 5210 5210 5210 5291 5291 5291
    5291 5374 5374 5374 5374 5374 5374 5374 5460 5460 5460 5548 5548
    5548 4582 4582 4645 4645 4645 4645 4645 4645 4708 4708 1370 1370
    1365 1365 1365 1370 1376 1370 1370 1365 1365 1370 1376 1381 1376
    1376 1376 1376 1376 5132 5132 5132 5132 5132 5210 5132 5132 5132
    5210 5210 5210 5210 5291 5291 5291 5291 5374 5374 5374 5374 5374
    5374 5460 5460 5460 5548 5548 5548 5548 4582 4582 4645 4645 4645
    4645 4645 4645 4645 4645 1370 1370 1365 1365 1365 1365 1370 1370
    1370 1370 1370 1370 1376 1376 1376 1376 1376 1376 1376 1376 1376
    1381 1381 5210 5210 5132 5056 5056 5132 5210 5210 5291 5291 5291
    5291 5291 5374 5374 5374 5374 5374 5374 5460 5460 5460 5460 5460
    5460 5460 4645 4645 4645 4645 4582 4582 4645 0 4645 0 1359 1359 1359
    1359 1365 1365 1370 1370 1370 1370 1370 1370 1376 1376 1376 1376
    1376 1376 1376 1376 1376 1376 1376 1381 1387 1387 1387 1387 5132
    5210 5210 5291 5291 5291 5374 5374 5460 5374 5374 5374 5374 5460
    5460 5460 5460 5460 5460 5460 5460 4645 4645 4645 4582 4582 4582
    4582 4582 0 0 0 1359 1359 1359 1365 1365 1365 1365 1365 1370 1370
    1370 1370 1370 1376 1376 1376 1376 1376 1376 1376 1376 1376 1381
    1387 1387 1387 1387 1387 1381 1381 1381 1387 1387 1387 5374 5460
    5374 5374 5374 5374 5460 5460 5548 5548 5548 5460 5460 5460 4645
    4582 4582 4582 4582 4582 4582 0 0 1354 1354 0 1365 1359 1359 1365
    1365 1365 1365 1365 1365 1370 1370 1370 1370 1370 1370 1370 1370
    1370 1370 1376 1376 1376 1376 1381 1381 1387 1381 1381 1381 1381
    1387 1387 1387 1387 1392 1387 1387 1392 1392 5548 5548 5548 5548
    5548 5460 5460 5460 4582 4582 4582 4582 4582 4582 0 0 0 1354 1354
    1354 1359 1359 1359 1365 1365 1365 1365 1365 1365 1370 1370 1370
    1370 1370 1370 1370 1370 1370 1370 1376 1376 1376 1376 1376 1381
    1381 1381 1381 1381 1381 1387 1387 1387 1387 1392 1387 1387 1392
    1392 1392 1392 1398 1398 1392 1392 5374 5460 4582 4582 4582 4582
    4522 4522 0 0 0 0 1354 1354 1359 1359 1359 1365 1365 1365 1365 1365
    1365 1365 1365 1370 1370 1370 1365 1365 1370 1370 1370 1376 1376
    1376 1376 1376 1376 1381 1387 1387 1387 1387 1387 1387 1387 1387
    1392 1392 1392 1392 1392 1392 1398 1398 1398 1392 1392 1392 5460
    4582 4582 4582 4582 4522 4522 0 0 0 0 1354 1354 1359 1359 1359 1359
    1365 1365 1365 1365 1365 1365 1365 1365 1365 1365 1365 1365 1365
    1370 1370 1376 1376 1376 1376 1376 1376 1376 1387 1387 1387 1387
    1387 1387 1387 1387 1392 1387 1387 1387 1392 1392 1398 1398 1398
    1392 1392 1392 1392 4582 4582 4582 4582 4522 4522 0 0 0 0 1349 1349
    1349 1354 1354 1359 1359 1359 1359 1365 1365 1365 1365 1365 1365
    1365 1365 1365 1365 1365 1370 1370 1376 1376 1376 1376 1376 1376
    1381 1381 1387 1387 1387 1387 1387 1387 1387 1387 1387 1387 1392
    1392 1392 1392 1392 1398 1392 1392 1392 4582 4582 4582 4582 4405
    4405 0 0 0 0 1349 1349 1349 1349 1354 1354 1359 1359 1359 1359 1359
    1365 1365 1365 1365 1365 1365 1365 1365 1365 1370 1370 1370 1370
    1370 1376 1376 1376 1381 1381 1381 1381 1387 1387 1387 1387 1387
    1387 1387 1387 1392 1392 1392 1392 1392 1398 1392 1392 1392 4582
    4582 4582 4582 4405 4405 4405 0 0 0 1349 1349 1349 1349 1349 1354
    1354 1359 1359 1359 1359 1359 1365 1365 1365 1365 1365 1365 1365
    1365 1365 1365 1370 1370 1370 1370 1370 1376 1381 1381 1381 1381
    1381 1381 1387 1387 1387 1387 1387 1392 1392 1392 1392 1392 1392
    1392 1392 1387 1387 4582 4582 4582 4582 4582 0 4582 0 1338 0 1349
    1349 1349 1349 1349 1354 1354 1354 1354 1354 1359 1359 1359 1365
    1365 1365 1365 1365 1365 1365 1365 1365 1370 1370 1370 1370 1370
    1376 1376 1381 1381 1381 1381 1381 1381 1381 1381 1387 1387 1387
    1387 1392 1387 1387 1387 1392 1392 1387 1387 4582 4582 4582 4582
    4582 0 0 0 1338 1338 1338 1343 1343 1349 1349 1349 1354 1354 1354
    1354 1359 1359 1359 1365 1365 1365 1365 1365 1365 1365 1365 1370
    1370 1370 1370 1370 1370 1370 1370 1376 1381 1381 1381 1381 1381
    1381 1381 1387 1387 1387 1387 1387 1387 1387 1387 1387 1387 1392
    1392 4582 4582 4582 4582 4582 0 0 0 1338 1338 1338 1343 1343 1349
    1349 1349 1349 1349 1349 1349 1349 1354 1354 1359 1365 1365 1365
    1365 1365 1365 1365 1365 1370 1370 1370 1370 1370 1370 1370 1376
    1370 1370 1370 1370 1370 1376 1381 1381 1387 1387 1387 1387 1387
    1387 1387 1387 1387 1392 1392 4582 4582 4582 4582 4582 0 0 0 1343
    1338 1338 1343 1343 1349 1343 1343 1343 1343 1349 1349 1349 1349
    1354 1359 1359 1359 1359 1359 1365 1365 1365 1365 1365 1365 1365
    1365 1365 1365 1370 1370 1370 1370 1370 1370 1370 1376 1381 1381
    1381 1381 1381 1381 1387 1387 1387 1387 1387 1392 1392 4582 4582
    4582 4582 4582 0 0 0 1343 1338 1338 1343 1343 1343 1343 1343 1343
    1343 1343 1343 1349 1349 1354 1354 1354 1354 1354 1359 1359 1365
    1365 1365 1365 1365 1365 1365 1365 1365 1370 1370 1370 1370 1370
    1370 1370 1376 1381 1381 1381 1381 1381 1381 1381 1381 1381 1381
    1381 1387 1387 4582 4582 4582 4582 4582 0 0 0 1343 1338 1338 1338
    1343 1343 1343 1343 1343 1343 1343 1343 1349 1349 1354 1354 1354
    1354 1354 1354 1359 1359 1365 1365 1365 1365 1365 1365 1365 1365
    1370 1370 1370 1370 1370 1370 1370 1370 1376 1376 1376 1376 1376
    1376 1376 1381 1381 1381 1381 1387 1387 4582 4582 4582 4582 4774 0 0
    0 1338 1338 1338 1338 1343 1343 1343 1343 1343 1343 1343 1343 1343
    1349 1349 1349 1349 1354 1354 1354 1359 1359 1365 1359 1359 1359
    1365 1365 1365 1365 1365 1365 1370 1370 1370 1370 1370 1370 1376
    1376 1376 1376 1376 1376 1376 1376 1376 1381 1381 1381 1381 4582
    4582 4582 4582 4582 0 0 0 1338 1338 1338 1338 1343 1343 1343 1343
    1343 1343 1343 1343 1343 1349 1349 1349 1349 1349 1354 1354 1359
    1359 1359 1359 1359 1359 1365 1365 1365 1365 1365 1365 1365 1370
    1370 1370 1370 1370 1376 1370 1370 1370 1376 1376 1376 1376 1376
    1381 1381 1381 0 4522 4582 4582 4582 4582 0 0 0 1328 1328 1333 1333
    1338 1343 1343 1343 1343 1343 1343 1343 1343 1349 1349 1349 1349
    1349 1349 1354 1359 1359 1359 1359 1359 1359 1365 1365 1365 1365
    1365 1365 1365 1370 1370 1370 1370 1370 1370 1370 1370 1370 1376
    1376 1376 1376 1376 1376 1376 1376 0 4522 4582 4582 4582 4582 0 0 0
    1328 1328 1333 1333 1338 1343 1343 1343 1343 1343 1343 1343 1343
    1349 1349 1349 1349 1349 1349 1359 1359 1359 1359 1359 1359 1359
    1359 1359 1359 1359 1359 1365 1365 1365 1370 1370 1370 1370 1370
    1370 1370 1370 1370 1370 1376 1376 1376 1376 1376 1376 0 4522 4522
    4582 0 4582 0 1343 0 1328 1328 1328 1328 1333 1338 1338 1343 1343
    1343 1343 1343 1343 1349 1349 1343 1343 1349 1349 1349 1354 1354
    1354 1354 1354 1359 1359 1359 1359 1359 1359 1365 1365 1365 1365
    1365 1365 1365 1370 1370 1370 1370 1370 1370 1370 1370 1370 1376
    1376 1376 0 4522 4522 4582 0 0 1338 1343 1343 1328 1328 1328 1328
    1333 1338 1338 1343 1343 1343 1343 1343 1343 1349 1349 1343 1343
    1343 1343 1349 1349 1349 1349 1349 1354 1354 1354 1354 1354 1354
    1354 1359 1365 1365 1365 1365 1365 1365 1370 1370 1370 1370 1370
    1370 1370 1370 1370 1370 1370 1370 5460 4522 4522 4522 0 1349 1338
    1338 1333 1328 1328 1328 1328 1328 1333 1338 1338 1338 1338 1343
    1343 1343 1343 1343 1343 1343 1343 1343 1349 1349 1349 1349 1349
    1349 1354 1354 1349 1349 1349 1354 1359 1365 1365 1365 1365 1365
