<?xml version="1.0"?>
<opencv_storage>
<Depth19755 type_id="opencv-matrix">
  <rows>11</rows>
  <cols>11</cols>
  <dt>w</dt>
  <data>
    4842 4842 6146 6038 6038 5132 5056 4842 4582 4582 4522 6146 6146
    6146 6146 6146 6146 6259 5056 4582 4522 4522 6146 6146 6146 6146
    6146 6259 6259 6259 6259 4522 4522 6146 6146 6146 6146 6146 6259
    6259 6259 6259 6259 6259 6146 6146 6146 6146 6146 6146 6259 6259
    6259 6146 6146 6146 6038 6038 6146 6146 6146 6259 6259 6146 6146
    6146 6146 6038 6038 6146 6146 6146 6259 6259 6146 6146 6146 6146
    6038 6038 6146 6146 6146 6146 6146 6146 6146 6146 6146 6038 6038
    6146 6146 6146 6146 6146 6146 6146 0 6146 6146 6146 6146 6146 6146
    6146 6146 6146 0 0 6259 6146 6146 6146 6146 6146 6038 6038 6146 6146
    0</data></Depth19755>
</opencv_storage>
