<?xml version="1.0"?>
<opencv_storage>
<Depth4171 type_id="opencv-matrix">
  <rows>8</rows>
  <cols>9</cols>
  <dt>w</dt>
  <data>
    5640 5832 5832 5832 5832 5640 5640 5640 5640 5640 5640 5640 5640
    5640 5548 5548 5548 5548 5548 5548 5548 5460 5460 5460 5460 5460
    5460 5548 5548 5548 5460 5460 5460 5291 5291 5374 5548 5548 5548
    5460 5460 5460 5291 5291 5374 5548 5548 5460 5460 5460 5460 5374
    5374 5291 5548 5548 5460 5460 5460 5460 5374 5374 5291 5548 5548
    5460 5460 5460 5460 5460 5460 5460</data></Depth4171>
</opencv_storage>
