<?xml version="1.0"?>
<opencv_storage>
<Depth18312 type_id="opencv-matrix">
  <rows>114</rows>
  <cols>116</cols>
  <dt>w</dt>
  <data>
    3859 3859 3859 3859 3859 3859 3859 3859 3859 3859 3859 3859 3859
    3859 3859 3859 3859 3859 3816 3816 3859 3859 3859 3859 3859 3859
    3816 3816 3859 3859 3903 3903 3903 3903 3903 3903 3903 3903 3903
    3903 0 0 0 0 0 0 887 887 885 3903 3903 3903 875 875 875 875 875 0 0
    0 0 0 0 0 0 0 0 0 0 0 3859 3859 3859 3859 3859 3859 3859 3816 3816
    3816 3816 3816 3816 3816 3816 3774 3774 3774 3774 3774 3774 3774
    3774 3774 3774 3774 3774 3774 3774 3732 3732 3732 3732 3732 3732
    3732 3732 3732 3774 3774 3774 3774 3774 3774 3774 3774 3859 3859
    3859 3859 3859 3859 3859 3859 3859 3859 3859 3859 3859 3859 3859
    3859 3859 3859 3816 3816 3859 3859 3859 3859 3816 3816 3816 3816
    3859 3859 3903 3903 3903 3903 3903 3903 3903 3903 3903 0 0 0 0 0 0 0
    0 887 885 882 882 880 878 875 875 875 873 873 0 0 0 0 0 0 0 0 0 0 0
    0 3903 3859 3859 3859 3859 3859 3859 3816 3816 3816 3816 3816 3816
    3816 3816 3774 3774 3774 3774 3774 3774 3774 3774 3774 3774 3774
    3774 3732 3732 3774 3774 3774 3732 3732 3732 3732 3732 3732 3774
    3774 3774 3774 3774 3774 3774 3816 3859 3859 3859 3859 3859 3859
    3859 3859 3859 3859 3859 3859 3859 3859 3859 3859 3859 3859 3859
    3859 3859 3859 3859 3816 3816 3816 3816 3816 3859 3859 3903 3903
    3903 3859 3859 3903 3903 3903 0 0 0 0 0 0 0 0 885 885 882 882 880
    880 878 878 875 875 873 873 873 0 0 0 0 0 0 0 0 0 0 0 0 3903 3903
    3903 3859 3816 3816 3816 3816 3816 3816 3816 3816 3816 3816 3774
    3774 3774 3774 3774 3774 3774 3774 3774 3774 3774 3774 3732 3732
    3774 3774 3774 3732 3732 3732 3732 3732 3732 3774 3774 3774 3774
    3774 3774 3774 3816 3859 3859 3859 3859 3859 3859 3859 3859 3859
    3859 3859 3859 3859 3859 3859 3859 3859 3859 3859 3816 3816 3859
    3859 3816 3816 3816 3816 3816 3859 3859 3903 3903 3903 3859 3859 0 0
    0 0 0 0 0 0 0 882 882 882 882 882 880 880 878 878 878 878 875 873
    873 873 873 0 0 0 0 0 0 0 0 0 0 0 3903 3903 3859 3859 3816 3816 3816
    3816 3816 3816 3816 3816 3816 3816 3774 3774 3774 3774 3774 3774
    3774 3774 3774 3774 3774 3774 3732 3732 3774 3774 3774 3732 3732
    3732 3732 3732 3774 3816 3774 3774 3774 3774 3774 3816 3816 3859
    3859 3859 3859 3859 3859 3859 3859 3859 3859 3859 3859 3859 3859
    3859 3859 3859 3859 3859 3816 3816 3859 3859 3816 3816 3816 3816
    3816 3859 3859 3859 3859 0 0 0 0 0 0 0 0 0 889 887 885 882 882 882
    882 882 880 880 878 878 878 878 875 873 873 873 873 875 0 0 0 0 0 0
    0 0 0 0 3903 3859 3859 3859 3816 3816 3816 3816 3816 3816 3816 3816
    3774 3774 3774 3774 3774 3774 3774 3774 3774 3774 3774 3774 3774
    3774 3774 3774 3774 3774 3774 3774 3774 3774 3732 3732 3774 3774
    3774 3774 3774 3774 3774 3816 3816 3859 3859 3859 3859 3859 3859
    3859 3859 3859 3859 3859 3859 3859 3859 3859 3859 3859 3859 3859
    3816 3816 3859 3816 3816 3816 3859 3859 3859 3859 3859 3859 3859 0 0
    0 0 0 0 889 889 889 889 887 885 885 882 882 882 882 880 880 878 878
    878 878 875 875 873 873 873 875 0 0 0 0 0 0 0 0 0 0 0 3859 3859 3859
    3816 3816 3816 3816 3816 3816 3816 3774 3774 3774 3774 3774 3774
    3774 3774 3774 3774 3774 3774 3774 3774 3774 3774 3774 3774 3774
    3774 3774 3774 3774 3732 3732 3774 3774 3774 3774 3774 3774 3816
    3816 3816 3859 3859 3859 3859 3859 3859 3859 3859 3859 3859 3859
    3859 3859 3859 3859 3859 3859 3859 3859 3816 3816 3859 3816 3816
    3816 3859 3859 3859 3859 3859 0 0 0 0 0 898 0 891 889 889 889 889
    887 885 885 882 882 882 882 880 880 880 878 878 878 875 875 875 873
    873 873 875 0 0 0 0 0 0 0 0 0 0 0 3859 3816 3816 3816 3816 3816 3816
    3816 3816 3774 3774 3774 3774 3774 3774 3774 3774 3774 3774 3774
    3774 3774 3774 3774 3774 3774 3774 3774 3774 3774 3774 3774 3774
    3732 3732 3774 3774 3774 3774 3774 3816 3816 3816 3859 3859 3816
    3816 3859 3859 3859 3859 3859 3859 3859 3816 3816 3859 3859 3859
    3859 3859 3859 3859 3859 3859 3859 3859 3859 3859 3859 3859 3859 0 0
    0 0 0 0 0 898 891 889 889 889 889 889 889 885 885 882 882 882 882
    882 880 880 880 878 875 875 875 873 873 873 873 873 0 0 0 0 0 0 0 0
    0 0 0 3816 3816 3816 3816 3816 3816 3816 3816 3774 3774 3774 3774
    3774 3774 3774 3774 3774 3774 3774 3774 3774 3774 3774 3774 3774
    3774 3774 3774 3774 3774 3732 3732 3732 3732 3732 3732 3774 3774
    3774 3774 3774 3774 3816 3816 3816 3816 3859 3859 3859 3859 3859
    3859 3859 3816 3816 3859 3859 3859 3859 3859 3859 3859 3859 3859
    3859 3859 3859 3859 3859 3859 0 0 0 0 0 0 0 894 894 891 891 889 889
    889 889 889 887 887 885 885 885 885 885 882 880 880 880 878 875 875
    873 873 873 873 873 875 0 0 0 0 0 0 0 0 0 0 0 3816 3816 3859 3859
    3859 3816 3816 3774 3774 3774 3774 3774 3774 3774 3774 3774 3732
    3732 3774 3774 3774 3774 3774 3774 3774 3774 3774 3774 3774 3732
    3732 3732 3732 3732 3732 3774 3774 3774 3774 3774 3774 3816 3816
    3816 3816 3816 3859 3859 3859 3859 3859 3859 3859 3859 3859 3816
    3816 3859 3859 3859 3859 3859 3859 3816 3816 3859 3859 0 0 0 0 0 0
    901 901 898 894 894 891 891 889 889 889 889 889 889 887 885 885 885
    882 882 882 882 882 880 880 878 878 875 875 875 873 873 875 875 0 0
    0 0 0 0 0 0 0 0 3816 3816 3816 3859 3859 3816 3816 3774 3774 3774
    3774 3774 3774 3774 3774 3774 3732 3732 3774 3774 3774 3774 3774
    3774 3774 3774 3732 3732 3774 3774 3732 3732 3732 3774 3774 3774
    3774 3774 3774 3774 3774 3859 3859 3859 3816 3816 3859 3859 3859
    3859 3859 3859 3859 3859 3816 3816 3816 3859 3859 3859 3859 3859
    3859 3816 3816 0 0 0 0 0 0 0 903 901 901 898 894 894 891 891 891 889
    889 889 889 889 887 887 887 885 882 882 882 882 882 880 880 880 880
    878 878 878 875 875 875 875 875 0 0 0 871 871 0 0 0 0 3816 3816 3816
    3859 3859 3859 3816 3816 3816 3816 3774 3774 3774 3774 3774 3774
    3774 3774 3774 3774 3774 3774 3774 3774 3774 3774 3732 3732 3774
    3774 3732 3732 3732 3774 3774 3774 3774 3774 3774 3774 3774 3859
    3859 3859 3859 3816 3816 3859 3859 3859 3859 3859 3859 3859 3816
    3816 3816 3859 3859 3859 3859 3859 3859 3859 3859 0 0 0 0 0 0 903
    901 898 898 898 894 894 891 891 891 891 889 889 889 889 889 887 887
    885 885 885 882 882 882 880 880 880 880 878 878 878 875 875 875 875
    875 875 0 873 871 871 0 0 0 0 0 3859 3859 3859 3859 3859 3816 3816
    3816 3816 3774 3774 3774 3774 3774 3774 3774 3774 3774 3774 3774
    3774 3774 3774 3774 3774 3732 3732 3732 3732 3732 3732 3732 3774
    3774 3774 3774 3774 3774 3774 3774 3859 3859 3859 3859 3816 3816
    3859 3859 3859 3859 3859 3859 3859 3859 3859 3859 3816 3816 3816
    3816 3816 3859 0 0 0 0 0 0 0 901 901 901 898 898 898 896 894 891 891
    891 891 891 889 889 889 889 887 887 885 885 885 882 882 882 882 880
    880 880 878 878 878 875 875 875 875 875 875 875 873 873 873 0 0 0 0
    0 0 3903 3859 3859 3859 3816 3816 3816 3816 3774 3774 3774 3774 3774
    3774 3774 3774 3774 3774 3774 3774 3774 3732 3732 3774 3732 3732
    3732 3732 3732 3732 3732 3774 3774 3816 3774 3774 3774 3774 3774
    3816 3859 3859 3859 3859 3859 3859 3859 3859 3859 3859 3859 3859
    3859 3859 3859 3816 3816 3816 3816 3816 0 0 0 0 0 0 903 903 901 901
    901 898 898 898 896 894 891 891 891 891 891 891 889 889 889 887 887
    885 885 885 882 882 882 882 880 880 880 880 878 878 878 878 875 875
    875 875 875 873 873 873 0 0 0 0 0 0 0 3903 3859 3816 3816 3774 3774
    3816 3774 3774 3774 3774 3774 3774 3774 3774 3774 3774 3774 3774
    3774 3732 3732 3774 3732 3732 3732 3732 3732 3732 3732 3774 3774
    3774 3774 3774 3816 3774 3774 3816 3816 3816 3859 3859 3859 3859
    3859 3859 3859 3816 3816 3859 3859 3859 3859 3816 3816 3816 3816
    3816 0 0 0 0 0 903 903 901 901 901 901 898 898 898 896 894 891 891
    891 891 891 891 889 889 889 887 887 885 885 885 885 885 882 882 882
    880 880 880 878 878 878 878 878 875 875 875 875 875 873 873 873 0 0
    0 0 0 0 0 3774 3774 3774 3774 3774 3816 3774 3774 3774 3774 3816
