<?xml version="1.0"?>
<opencv_storage>
<Depth18899 type_id="opencv-matrix">
  <rows>7</rows>
  <cols>26</cols>
  <dt>w</dt>
  <data>
    4911 4911 4911 4911 4983 4911 4911 4911 4911 4842 4774 4774 4911
    4911 4983 4911 4842 4842 4911 4911 4842 4842 0 0 0 0 4911 4911 4911
    4911 4983 4983 4983 4911 4911 4842 4774 4774 4911 4911 4983 4911
    4842 4842 4911 4911 4842 4842 4842 4842 4774 4774 4911 4911 4983
    4983 4983 4983 4983 4983 4983 4911 4911 4911 4842 4842 4983 4983
    4911 4911 4911 4911 4911 4842 4774 4774 4774 4774 4911 4911 4983
    4983 4983 4983 4983 4983 4983 4983 4911 4911 4842 4842 4983 4983
    4983 4983 4911 4911 4911 4842 4774 4774 4774 4774 4983 4983 4983
    4983 4983 4983 4983 4983 4983 4983 4983 4983 4911 4911 4911 4911
    4911 4911 4911 4911 4911 4842 4842 4842 4774 4774 5132 5132 5056
    5056 5056 5056 5056 5056 5056 5056 4983 4983 4911 4911 4774 4774
    4708 4708 4842 4911 4911 4911 4911 4842 4842 4842 5460 5460 5374
    5374 5374 5374 5374 5734 5832 5832 5832 6497 6497 4774 4774 4774
    4708 4708 4842 4983 4911 4911 4911 4842 4842 4983</data></Depth18899>
</opencv_storage>
