<?xml version="1.0"?>
<opencv_storage>
<Depth7322 type_id="opencv-matrix">
  <rows>65</rows>
  <cols>43</cols>
  <dt>w</dt>
  <data>
    3365 3365 2984 2984 2984 2984 1776 1776 1766 1766 1766 1766 1766
    1776 1794 1794 1785 1785 3300 3269 3269 3269 3300 3333 3365 3365
    3365 1843 1843 1843 1853 3503 3503 3468 3468 3433 3433 3433 3433
    4139 4139 4139 4089 3365 3365 3365 3365 3365 1776 1776 1776 1766
    1766 1766 1757 1757 1766 1766 1766 1776 1766 1766 1757 1757 1766
    1776 1785 1785 1794 1813 1823 1833 1833 1794 1794 1785 1785 3468
    3468 3468 1785 1785 4190 4190 4139 4139 3365 3365 3365 3365 1794
    1776 1776 1766 1766 1757 1757 1757 1757 1757 1757 1757 1766 1757
    1757 1757 1757 1757 1766 1776 1776 1776 1785 1785 1785 1794 1776
    1776 1776 1776 1785 1785 1785 1785 1785 1785 1785 1785 4139 3333
    3333 3365 3365 1794 1794 1776 1766 1757 1748 1748 1748 1748 1748
    1748 1748 1748 1757 1757 1748 1748 1748 1757 1766 1766 1766 1766
    1766 1766 1766 1776 1776 1776 1776 1776 1776 1766 1766 1776 1776
    1776 1776 1776 3333 3333 3365 3365 1766 1757 1757 1757 1757 1748
    1748 1748 1748 1748 1748 1748 1748 1748 1748 1748 1748 1748 1757
    1757 1757 1757 1766 1766 1766 1766 1766 1766 1766 1766 1766 1766
    1766 1766 1766 1776 1776 1776 1776 3365 3365 3365 3365 1766 1757
    1757 1748 1748 1748 1748 1748 1748 1748 1739 1739 1739 1748 1748
    1748 1748 1748 1748 1757 1757 1757 1757 1757 1757 1757 1766 1766
    1757 1757 1766 1766 1766 1766 1766 1776 1776 1776 1766 3365 3300
    3300 3300 1794 1766 1757 1748 1739 1739 1739 1748 1748 1748 1739
    1739 1739 1748 1748 1748 1748 1748 1748 1757 1757 1757 1757 1757
    1757 1757 1766 1757 1757 1757 1757 1757 1766 1766 1766 1776 1776
    1766 1748 3365 3300 3300 3300 1785 1776 1766 1748 1739 1739 1739
    1739 1739 1739 1739 1739 1739 1748 1748 1748 1748 1748 1748 1757
    1757 1757 1757 1757 1757 1757 1757 1757 1757 1757 1757 1757 1766
    1766 1766 1776 1776 1766 1748 3365 3333 3333 3333 1776 1766 1757
    1748 1739 1739 1739 1739 1739 1739 1739 1748 1748 1748 1748 1748
    1748 1748 1757 1757 1757 1757 1748 1748 1748 1757 1757 1757 1757
    1757 1757 1757 1757 1766 1766 1776 1776 1766 1766 3365 3333 3333
    3333 1776 1766 1757 1739 1739 1739 1739 1739 1739 1739 1739 1739
    1748 1748 1748 1757 1757 1757 1757 1748 1748 1757 1748 1748 1748
    1748 1757 1757 1757 1757 1757 1757 1757 1757 1757 1776 1776 1766
    1766 3333 3333 3333 1794 1776 1748 1748 1739 1739 1739 1739 1739
    1739 1739 1739 1739 1739 1739 1739 1748 1748 1757 1748 1748 1748
    1748 1748 1748 1748 1748 1757 1757 1757 1757 1757 1757 1757 1757
    1757 1776 1776 1776 1776 3333 3333 3333 1794 1776 1748 1748 1739
    1739 1739 1739 1739 1739 1739 1739 1739 1739 1739 1739 1739 1739
    1748 1739 1739 1739 1739 1739 1748 1748 1757 1757 1757 1757 1757
    1757 1757 1757 1748 1748 1766 1766 1766 1766 3365 3365 3365 1804
    1766 1748 1748 1739 1739 1739 1739 1739 1739 1739 1739 1739 1739
    1739 1739 1739 1739 1748 1739 1739 1739 1739 1739 1748 1748 1757
    1757 1757 1757 1757 1757 1757 1757 1748 1748 1766 1757 1757 1766
    3365 3365 1794 1794 1766 1748 1739 1739 1739 1739 1739 1739 1739
    1739 1739 1739 1739 1739 1739 1739 1739 1748 1739 1739 1739 1739
    1739 1748 1748 1757 1757 1757 1757 1757 1757 1757 1757 1748 1748
    1766 1757 1757 1766 3365 3365 1794 1794 1766 1748 1739 1739 1739
    1739 1739 1739 1739 1748 1739 1739 1739 1739 1739 1739 1739 1748
    1739 1739 1739 1739 1739 1748 1748 1757 1757 1757 1757 1757 1757
    1757 1757 1748 1748 1766 1757 1757 1766 3399 3399 1776 1776 1757
    1748 1739 1739 1739 1739 1739 1739 1739 1739 1739 1739 1739 1739
    1739 1748 1748 1748 1739 1739 1739 1739 1739 1748 1748 1757 1757
    1757 1757 1757 1757 1757 1757 1757 1757 1766 1766 1766 1766 3365
    3365 3365 1776 1757 1748 1739 1739 1739 1739 1739 1739 1739 1739
    1739 1739 1739 1739 1739 1748 1748 1748 1739 1739 1739 1739 1739
    1748 1748 1757 1757 1757 1757 1757 1757 1757 1748 1748 1748 1766
    1766 1766 1776 3365 3365 3365 1785 1757 1748 1739 1739 1739 1739
    1739 1739 1739 1739 1739 1739 1739 1739 1739 1748 1748 1748 1739
    1739 1739 1739 1748 1748 1748 1748 1748 1757 1757 1757 1757 1757
    1748 1748 1748 1766 1766 1766 1776 3333 3365 1804 1785 1766 1748
    1739 1739 1739 1739 1739 1739 1739 1739 1739 1739 1739 1739 1739
    1739 1739 1748 1739 1739 1739 1739 1748 1748 1748 1748 1748 1757
    1757 1757 1757 1757 1757 1757 1757 1766 1766 1766 1776 3333 3365
    1804 1794 1776 1757 1739 1739 1739 1739 1739 1739 1739 1739 1739
    1739 1739 1739 1739 1739 1739 1748 1739 1739 1739 1739 1739 1739
    1748 1748 1757 1757 1757 1757 1757 1757 1757 1757 1757 1766 1766
    1766 1766 3365 3365 1804 1794 1785 1757 1739 1739 1739 1739 1739
    1739 1739 1739 1739 1739 1739 1739 1739 1739 1739 1748 1739 1739
    1739 1739 1739 1739 1748 1748 1748 1748 1748 1748 1757 1757 1757
    1757 1757 1766 1766 1766 1766 3365 3365 1804 1794 1785 1757 1739
    1739 1739 1739 1739 1739 1739 1739 1739 1739 1739 1739 1739 1739
    1739 1748 1748 1748 1739 1739 1739 1739 1739 1748 1748 1748 1748
    1748 1757 1757 1757 1757 1757 1766 1776 1776 1776 3365 3365 1804
    1804 1776 1739 1739 1739 1739 1739 1739 1739 1739 1739 1739 1739
    1739 1739 1739 1739 1739 1748 1748 1739 1739 1739 1739 1739 1739
    1748 1757 1748 1748 1748 1748 1757 1757 1757 1757 1776 1776 1776
    1776 3365 3365 1804 1804 1766 1739 1739 1739 1739 1739 1739 1739
    1739 1739 1739 1739 1739 1739 1739 1739 1739 1739 1739 1739 1739
    1739 1739 1739 1739 1748 1757 1757 1748 1748 1748 1757 1757 1757
    1757 1766 1766 1776 1776 4349 1804 1804 1776 1748 1739 1739 1739
    1739 1739 1739 1739 1739 1739 1739 1739 1739 1739 1739 1739 1739
    1739 1739 1739 1739 1739 1739 1748 1748 1748 1757 1757 1757 1757
    1748 1748 1757 1757 1757 1766 1766 1766 1766 0 1776 1776 1757 1748
    1739 1739 1739 1739 1739 1739 1739 1739 1739 1739 1739 1739 1739
    1739 1739 1739 1739 1739 1739 1739 1739 1739 1748 1748 1748 1748
    1748 1757 1757 1748 1748 1748 1757 1757 1766 1766 1766 1766 0 1776
    1776 1757 1748 1731 1731 1731 1739 1739 1739 1739 1739 1739 1739
    1739 1739 1739 1739 1739 1739 1739 1739 1739 1739 1739 1739 1748
    1748 1748 1748 1748 1748 1748 1748 1748 1748 1748 1748 1757 1757
    1757 1757 0 1776 1776 1748 1748 1731 1731 1731 1739 1739 1739 1739
    1739 1739 1739 1739 1739 1739 1739 1739 1739 1739 1739 1739 1739
    1739 1739 1748 1748 1748 1739 1739 1748 1748 1739 1739 1739 1739
    1739 1757 1757 1757 1757 0 0 1776 1748 1748 1731 1731 1739 1739 1739
    1739 1739 1739 1739 1739 1739 1739 1739 1739 1739 1739 1739 1739
    1739 1739 1739 1739 1748 1739 1739 1739 1739 1739 1739 1739 1739
    1739 1739 1739 1757 1757 1757 4139 0 1776 1776 1748 1739 1731 1731
    1739 1739 1739 1739 1739 1739 1739 1739 1739 1739 1739 1739 1739
    1739 1739 1739 1739 1739 1739 1739 1739 1739 1739 1748 1748 1739
    1739 1739 1739 1748 1739 1739 1748 1748 1748 4139 0 1776 1776 1748
    1739 1739 1739 1739 1739 1739 1739 1739 1739 1739 1739 1739 1739
    1739 1739 1739 1739 1739 1739 1739 1739 1739 1739 1739 1748 1748
    1748 1748 1748 1748 1748 1748 1748 1739 1739 1748 1748 1748 4139 0
    1757 1757 1748 1739 1739 1739 1739 1739 1739 1739 1739 1739 1739
    1739 1739 1739 1739 1739 1739 1739 1739 1739 1739 1739 1739 1739
    1748 1748 1748 1748 1748 1748 1748 1748 1748 1748 1739 1739 1748
    1748 1748 4139 4582 1748 1748 1748 1739 1739 1739 1739 1739 1739
    1739 1739 1739 1739 1739 1739 1739 1739 1739 1739 1739 1739 1739
    1739 1739 1739 1739 1739 1739 1748 1748 1748 1748 1748 1748 1748
    1748 1739 1739 1748 1748 1748 4139 4582 1748 1748 1739 1739 1739
    1739 1739 1739 1739 1739 1739 1739 1739 1739 1739 1739 1739 1739
    1739 1739 1739 1739 1739 1739 1739 1739 1739 1739 1739 1739 1739
    1748 1748 1748 1748 1748 1748 1748 1748 1748 1748 4139 4582 1739
    1739 1739 1739 1739 1739 1739 1739 1739 1739 1739 1739 1739 1739
