<?xml version="1.0"?>
<opencv_storage>
<Depth9757 type_id="opencv-matrix">
  <rows>10</rows>
  <cols>31</cols>
  <dt>w</dt>
  <data>
    3503 3503 3503 3539 3539 3539 3576 3539 3468 3468 3468 3468 3503
    3468 3468 3468 3433 3399 3399 3399 3399 3399 3365 3365 3333 3333
    3333 3333 3333 3333 3300 3503 3503 3503 3539 3539 3539 3539 3539
    3503 3468 3468 3503 3468 3468 3468 3468 3433 3399 3399 3399 3399
    3365 3365 3365 3333 3333 3333 3333 3333 3333 3300 3614 3576 3539
    3539 3539 3539 3539 3539 3503 3503 3503 3468 3468 3468 3468 3468
    3433 3399 3399 3399 3399 3365 3365 3365 3365 3365 3365 3365 3333
    3333 3300 3576 3576 3539 3539 3503 3503 3503 3539 3503 3503 3468
    3468 3468 3433 3433 3468 3433 3433 3433 3399 3399 3399 3399 3365
    3365 3365 3365 3365 3365 3333 3333 3576 3576 3539 3539 3503 3503
    3503 3539 3503 3503 3468 3468 3468 3433 3433 3468 3433 3433 3433
    3399 3399 3399 3399 3365 3365 3365 3365 3365 3365 3333 3333 3614
    3614 3539 3539 3539 3539 3539 3503 3503 3503 3468 3468 3468 3468
    3468 3468 3433 3433 3433 3399 3399 3365 3365 3365 3365 3365 3365
    3365 3365 3333 3333 1219 3539 3539 3539 3539 3539 3539 3503 3503
    3503 3468 3468 3468 3468 3468 3468 3433 3433 3433 3399 3365 3365
    3365 3365 3365 3365 3365 3365 3365 3333 3269 1219 1219 3539 3539
    3539 3539 3539 3503 3503 3503 3468 3468 3468 3468 3468 3468 3433
    3433 3399 3399 3365 3365 3365 3365 3365 3365 3365 3365 3365 3300
    3269 1219 0 3433 3433 3433 3539 3539 3539 3539 3539 3503 3433 3433
    3433 3468 3468 3468 3433 3399 3399 3365 3365 3365 3365 3365 3365
    3365 3365 3333 3300 3269 0 0 0 3433 3433 3539 3539 3539 0 0 0 3433
    3433 3433 3468 3503 3468 3468 3468 0 0 0 3365 3365 3365 3365 0 3365
    3333 3333 3269</data></Depth9757>
</opencv_storage>
