<?xml version="1.0"?>
<opencv_storage>
<Depth6185 type_id="opencv-matrix">
  <rows>11</rows>
  <cols>13</cols>
  <dt>w</dt>
  <data>
    4405 4349 4349 4349 4295 4295 0 0 4405 4405 4405 0 0 4405 4349 4349
    4295 4295 4295 4405 4405 4405 4405 4405 4463 4463 4295 4295 4295
    4295 4295 4463 4405 4405 4463 4349 4349 4405 4405 4295 4295 4295
    4295 4295 4405 4405 4405 4349 4349 4349 4405 4405 4405 4463 4295
    4295 4295 4349 4405 4405 4349 4349 4349 4405 4463 4405 4463 4405
    4295 4295 4349 4405 4463 4405 4405 4405 4463 4522 4405 4463 4405
    4405 4405 4405 4405 4405 4405 4405 4405 4463 4582 4405 4463 4463
    4463 4405 4405 4405 4405 4349 4349 4405 4463 4582 4405 4405 4405
    4463 4463 4463 4349 4349 4349 4349 4405 4405 0 4295 4295 4349 4349
    4405 4463 4349 4349 4349 4349 4405 4405 0 4190 4190 4295 4295 4349 0
    4349 4349 4349 4349 4405 4405 0</data></Depth6185>
</opencv_storage>
