<?xml version="1.0"?>
<opencv_storage>
<Depth10520 type_id="opencv-matrix">
  <rows>10</rows>
  <cols>26</cols>
  <dt>w</dt>
  <data>
    5291 5374 5374 4089 4089 4089 4190 4139 4139 4089 4089 4089 4190
    4190 4190 4190 4241 4241 4241 4241 4241 4295 4295 4295 4241 4241
    4190 4190 4089 4089 4089 4139 4139 4139 4139 4089 4089 4139 4139
    4190 4190 4190 4241 4190 4190 4241 4241 4241 4241 4295 4241 4241
    4089 4089 4089 4089 4089 4089 4089 4089 4139 4139 4139 4139 4139
    4139 4190 4241 4241 4190 4190 4241 4241 4241 4241 4295 4241 4241
    4089 4089 4089 4089 4089 4089 4089 4089 4139 4139 4139 4139 4139
    4139 4190 4190 4241 4241 4241 4241 4241 4241 4241 4295 4295 4295
    4089 4089 4089 4089 4089 4089 4089 4139 4139 4190 4190 4139 4139
    4139 4190 4190 4241 4241 4241 4190 4190 4241 4241 4241 4295 4295
    4139 4089 4089 4089 4089 4089 4089 4139 4139 4139 4139 4139 4139
    4139 4190 4241 4190 4190 4190 4190 4190 4241 4241 4241 4295 4295 0
    4089 4089 4089 4089 4089 4089 4089 4139 4139 4139 4139 4190 4190
    4190 4190 4190 4190 4190 4190 4190 4241 4241 4241 4241 4241 0 0 4089
    4089 4139 4089 4089 4089 4089 4139 4139 4139 4190 4190 4190 4190
    4190 4190 4190 4190 4190 4241 4241 4241 4241 4241 0 0 0 0 4139 4139
    4089 4089 4089 4139 4139 4139 4190 4295 4295 4190 4190 4190 4190
    4190 4190 4241 4190 4190 4241 4241 0 0 0 0 0 0 4089 4089 4089 4089
    4139 4139 4405 4405 4405 4190 4190 4190 4190 4190 0 0 4190 4190 0 0</data></Depth10520>
</opencv_storage>
