<?xml version="1.0"?>
<opencv_storage>
<Depth14234 type_id="opencv-matrix">
  <rows>50</rows>
  <cols>44</cols>
  <dt>w</dt>
  <data>
    6146 6038 6038 6038 6038 6038 5832 5734 5734 5734 5734 5734 5640
    5640 5640 5734 5640 5548 5548 5548 5460 2116 2116 2143 2143 2143
    2143 2143 2143 5132 5132 5132 5132 5056 5056 4983 4983 4983 4911
    4842 4842 4842 4842 4774 6146 6146 6038 6038 6038 6038 5734 5734
    5734 5734 5734 5734 5640 5640 5640 5734 5640 5548 5548 5548 5548
    2116 2116 2116 2116 2116 2116 2129 2143 5210 5132 5132 5132 5056
    5056 5056 5056 4983 4911 4842 4842 4842 4842 4774 6146 6146 6038
    6038 6038 6038 5734 5734 5734 5734 5734 5734 5640 5640 5640 5734
    5734 5548 5548 2143 2143 2143 2116 2103 2103 2103 2103 2116 2143
    2143 5132 5132 5132 5132 5132 5056 5056 4983 4911 4842 4842 4842
    4842 4842 6146 6146 6038 6038 6038 6038 5832 5734 5734 5734 5734
    5734 5640 5640 2156 2156 2156 2143 2143 2143 2143 2143 2116 2103
    2103 2103 2103 2116 2143 2143 5132 5132 5132 5132 5132 5056 5056
    4983 4911 4842 4842 4842 4842 4842 6146 6146 6038 6038 6038 6038
    5832 5832 5832 5734 5734 5734 2156 2156 2143 2143 2143 2143 2143
    2143 2143 2129 2116 2103 2103 2116 2116 2116 2143 2143 2156 5132
    5132 5132 5132 5056 5056 4983 4911 4842 4842 4842 4842 4842 6146
    6146 6146 6038 6038 5933 5933 5832 5832 5832 5832 2170 2156 2156
    2143 2143 2143 2143 2143 2156 2156 2129 2129 2103 2103 2116 2116
    2129 2143 2143 2156 2156 5132 5132 5132 5056 5056 4983 4983 4983
    4911 4842 4842 4842 6146 6146 6146 6038 6038 5734 2198 2184 2184
    2184 2184 2170 2170 2156 2156 2156 2156 2156 2156 2156 2156 2143
    2143 2116 2116 2129 2129 2129 2143 2143 2129 2129 5132 5132 5056
    5056 5056 5056 5056 4983 4983 4911 4842 4842 6146 6146 6146 6038
    2226 2212 2198 2184 2184 2184 2184 2184 2184 2184 2170 2156 2156
    2170 2156 2156 2156 2143 2143 2129 2129 2129 2129 2116 2116 2143
    2129 2129 2129 5132 5056 5056 5056 5056 5056 5056 5056 4911 4911
    4842 6259 6146 6146 2256 2226 2212 2198 2198 2198 2198 2198 2184
    2184 2184 2170 2170 2170 2170 2156 2156 2156 2143 2143 2143 2129
    2116 2116 2116 2116 2129 2129 2143 2143 5132 5132 5132 5132 5056
    5056 5056 5056 4911 4911 4842 6259 6259 2241 2241 2241 2226 2212
    2198 2198 2198 2198 2184 2184 2184 2184 2184 2170 2170 2156 2156
    2143 2143 2143 2143 2129 2116 2116 2103 2103 2103 2129 2129 2143
    5132 5132 5132 5132 5056 5056 5056 5056 4911 4911 4842 6497 6497
    2241 2241 2226 2226 2212 2198 2198 2198 2184 2184 2184 2184 2184
    2184 2184 2170 2156 2156 2143 2143 2143 2143 2129 2116 2116 2103
    2103 2103 2103 2116 2129 2129 5132 5132 5132 5056 5056 5056 4983
    4911 4911 4842 6497 2241 2226 2226 2226 2226 2212 2212 2198 2198
    2184 2184 2184 2184 2184 2184 2184 2170 2156 2156 2156 2143 2143
    2143 2129 2116 2116 2103 2103 2103 2103 2103 2116 2129 5210 5132
    5132 5056 5056 5056 4983 4911 4911 4842 2256 2241 2226 2226 2226
    2226 2212 2212 2198 2198 2184 2184 2184 2198 2198 2184 2170 2170
    2156 2156 2156 2143 2143 2143 2129 2116 2116 2103 2103 2103 2103
    2103 2116 2129 2129 5210 5132 5056 5056 5056 4983 4983 4911 4911
    2256 2241 2226 2226 2226 2226 2212 2212 2198 2198 2184 2184 2184
    2198 2198 2184 2170 2170 2156 2156 2156 2156 2143 2143 2129 2129
    2116 2103 2103 2103 2103 2103 2116 2129 2129 2129 5056 5056 5056
    5056 4983 4983 4911 4911 2241 2241 2241 2226 2226 2226 2226 2212
    2198 2198 2198 2184 2184 2198 2198 2184 2170 2170 2156 2156 2156
    2156 2143 2143 2143 2129 2129 2116 2116 2116 2103 2103 2116 2129
    2129 2156 5056 5056 5056 5056 5056 4983 4911 4911 2241 2241 2241
    2226 2226 2226 2226 2212 2198 2198 2198 2184 2184 2198 2198 2198
    2170 2170 2170 2156 2156 2156 2156 2143 2143 2143 2129 2116 2116
    2116 2103 2103 2103 2116 2116 2143 2143 5056 5056 5056 4983 4983
    4983 4911 2256 2241 2241 2226 2226 2226 2226 2226 2212 2198 2198
    2198 2198 2198 2198 2198 2184 2170 2170 2156 2156 2156 2156 2156
    2143 2143 2129 2116 2116 2116 2103 2103 2103 2103 2116 2143 2143
    5056 4983 4983 4983 4983 4983 4911 2256 2241 2241 2226 2226 2212
    2212 2212 2198 2198 2198 2198 2198 2198 2198 2198 2184 2170 2170
    2156 2156 2156 2156 2156 2156 2143 2129 2129 2129 2116 2116 2103
    2103 2103 2116 2129 2129 5056 4983 4983 5056 4983 4983 4983 2256
    2241 2241 2226 2226 2212 2212 2212 2198 2198 2198 2198 2198 2198
    2198 2198 2184 2184 2170 2156 2156 2156 2156 2156 2156 2143 2129
    2129 2129 2116 2116 2103 2103 2103 2129 2129 2129 2129 5056 5056
    5056 5056 5056 4983 2256 2241 2241 2241 2226 2226 2212 2212 2198
    2198 2198 2198 2198 2198 2198 2198 2198 2184 2170 2156 2156 2156
    2156 2156 2156 2143 2129 2129 2129 2116 2116 2103 2103 2103 2116
    2129 2129 2129 5056 5056 5056 5056 5056 4983 2256 2241 2241 2241
    2241 2226 2226 2212 2212 2198 2198 2198 2198 2198 2198 2198 2198
    2184 2170 2156 2156 2156 2156 2156 2143 2143 2129 2129 2129 2116
    2116 2103 2103 2103 2103 2116 2116 2116 5132 5056 5056 5056 5056
    4983 2256 2256 2256 2256 2241 2241 2226 2226 2212 2198 2198 2198
    2198 2198 2198 2198 2198 2184 2170 2156 2156 2156 2156 2156 2143
    2143 2129 2129 2129 2129 2129 2103 2103 2103 2103 2116 2116 2143
    2143 4983 4983 5056 5056 4983 2256 2256 2256 2256 2241 2241 2226
    2226 2226 2212 2198 2198 2198 2198 2198 2198 2198 2184 2170 2170
    2170 2170 2156 2156 2156 2143 2143 2129 2129 2129 2129 2116 2103
    2103 2103 2103 2129 2129 2129 4983 4983 5056 5056 4983 6497 2271
    2256 2241 2241 2241 2241 2241 2226 2212 2212 2198 2198 2212 2198
    2198 2198 2184 2170 2170 2170 2170 2156 2156 2156 2143 2143 2143
    2143 2129 2129 2103 2103 2090 2090 2103 2116 2116 2116 4911 4911
    5056 5056 4983 6497 6497 6497 2241 2241 2241 2241 2241 2241 2226
    2226 2198 2198 2212 2198 2198 2198 2198 2184 2170 2170 2170 2156
    2156 2156 2143 2143 2143 2143 2129 2129 2103 2103 2090 2090 2103
    2103 2103 2116 4911 4911 5056 5056 5056 6497 6259 6259 6259 2241
    2241 2241 2241 2241 2226 2226 2212 2212 2212 2198 2198 2198 2198
    2184 2184 2170 2170 2156 2156 2156 2156 2156 2143 2143 2143 2129
    2103 2103 2103 2103 2103 2103 2103 2103 2129 5132 5132 5056 5056
    6497 6146 6146 6146 2241 2241 2241 2241 2241 2226 2212 2212 2212
    2212 2212 2212 2212 2198 2184 2184 2170 2170 2156 2156 2156 2156
    2156 2156 2143 2143 2129 2116 2116 2103 2103 2103 2103 2103 2103
    2129 2129 5132 5056 5056 6497 6146 6146 6497 2241 2241 2241 2241
    2241 2226 2212 2212 2212 2212 2212 2212 2212 2198 2198 2198 2184
    2170 2156 2156 2156 2156 2156 2156 2143 2129 2129 2116 2103 2103
    2103 2103 2103 2116 2116 2129 2129 5132 5056 5056 6497 6497 6497
    6375 6375 2256 2241 2241 2241 2226 2212 2212 2212 2212 2212 2212
    2212 2198 2198 2198 2184 2170 2156 2156 2156 2156 2156 2156 2143
    2129 2129 2116 2103 2103 2103 2103 2103 2103 2103 2116 2116 5056
    5056 5056 6497 6497 6497 6375 6375 6497 2256 2241 2241 2226 2226
    2212 2212 2226 2212 2212 2212 2198 2198 2198 2184 2170 2170 2156
    2156 2156 2156 2156 2143 2129 2129 2116 2103 2103 2090 2090 2090
    2090 2103 2116 2116 5056 4983 4983 6497 6497 6497 6375 6375 6375
    2256 2256 2241 2226 2226 2226 2226 2226 2212 2212 2212 2198 2198
    2198 2184 2170 2170 2156 2156 2156 2156 2156 2143 2129 2129 2116
    2116 2103 2090 2090 2090 2090 2090 2116 2116 2129 4983 4983 6497
    6497 6497 6375 6375 6146 2256 2256 2241 2241 2226 2226 2226 2226
    2212 2212 2212 2198 2198 2184 2184 2184 2170 2156 2156 2156 2156
    2156 2143 2143 2143 2143 2129 2116 2103 2090 2090 2090 2090 2103
    2103 2129 2129 5056 6497 6497 6497 6259 6146 6038 6038 2256 2241
    2241 2226 2226 2226 2226 2212 2212 2212 2198 2184 2184 2184 2184
    2170 2156 2156 2156 2156 2156 2143 2143 2143 2143 2129 2116 2103
    2103 2090 2090 2090 2103 2103 2116 2116 5132 6375 6375 6375 6259
    6146 6038 6038 2256 2241 2241 2226 2226 2226 2226 2212 2212 2198
    2198 2184 2184 2184 2184 2184 2170 2156 2156 2156 2156 2143 2143
