<?xml version="1.0"?>
<opencv_storage>
<Depth1228 type_id="opencv-matrix">
  <rows>65</rows>
  <cols>42</cols>
  <dt>w</dt>
  <data>
    3653 3653 1601 1579 1579 1579 1579 1572 1557 1550 1550 1550 1550
    1536 1529 1523 1516 1509 1509 1503 1489 1477 1477 1470 1464 1464
    1464 1464 1458 1458 1458 1464 1464 1470 3468 1523 1509 1509 1509
    1509 1509 1509 3653 3653 1601 1579 1579 1579 1572 1564 1557 1550
    1550 1543 1536 1529 1523 1523 1516 1509 1503 1496 1489 1477 1477
    1470 1464 1464 1464 1464 1458 1458 1458 1464 1464 1470 1477 1483
    1496 1496 1509 1509 1509 1509 3614 1609 1601 1586 1579 1579 1572
    1564 1557 1550 1543 1543 1536 1529 1523 1523 1516 1509 1503 1496
    1489 1483 1477 1470 1470 1470 1464 1458 1458 1458 1458 1464 1464
    1470 1470 1483 1489 1496 1503 1509 1509 1516 1609 1609 1601 1586
    1579 1579 1579 1572 1564 1550 1543 1543 1536 1529 1523 1523 1516
    1509 1503 1496 1489 1483 1477 1470 1470 1464 1464 1458 1452 1452
    1458 1464 1464 1470 1470 1483 1489 1496 1503 1509 1516 1516 1609
    1609 1609 1594 1586 1579 1579 1572 1564 1557 1550 1543 1536 1536
    1529 1523 1516 1509 1503 1496 1489 1483 1477 1470 1470 1464 1458
    1458 1452 1452 1458 1464 1464 1470 1470 1483 1489 1496 1503 1509
    1509 1516 1632 1624 1609 1601 1594 1579 1579 1572 1572 1557 1543
    1543 1536 1536 1523 1523 1516 1516 1503 1503 1489 1483 1477 1470
    1470 1464 1458 1458 1458 1458 1458 1464 1464 1470 1477 1483 1489
    1496 1503 1509 1509 1509 1632 1624 1609 1609 1594 1586 1579 1579
    1572 1557 1543 1543 1536 1536 1523 1523 1516 1516 1503 1496 1489
    1483 1483 1470 1470 1464 1458 1458 1458 1458 1464 1464 1470 1470
    1483 1483 1489 1496 1503 1509 1509 1509 1639 1624 1609 1601 1594
    1586 1579 1579 1572 1557 1550 1543 1543 1536 1529 1523 1516 1516
    1503 1496 1489 1489 1483 1470 1470 1464 1458 1458 1458 1458 1464
    1470 1470 1477 1483 1483 1489 1496 1503 1509 1509 1516 1632 1616
    1609 1601 1594 1586 1579 1579 1572 1564 1550 1543 1543 1536 1529
    1523 1516 1516 1503 1503 1489 1489 1483 1470 1470 1464 1458 1458
    1458 1458 1464 1470 1477 1477 1483 1489 1489 1496 1496 1509 1516
    1516 1632 1616 1609 1601 1594 1586 1579 1572 1572 1564 1550 1543
    1543 1536 1529 1523 1523 1516 1503 1503 1489 1489 1483 1470 1470
    1464 1458 1458 1458 1458 1464 1470 1477 1477 1483 1489 1489 1496
    1496 1509 1516 1516 1639 1616 1609 1601 1594 1586 1579 1572 1572
    1564 1550 1550 1543 1536 1529 1523 1523 1516 1503 1503 1489 1489
    1483 1470 1470 1464 1458 1458 1458 1458 1470 1477 1477 1477 1483
    1489 1489 1496 1503 1516 1516 1516 1639 1609 1609 1601 1594 1586
    1579 1579 1572 1557 1550 1550 1543 1536 1529 1523 1523 1516 1509
    1509 1496 1489 1483 1477 1470 1464 1458 1458 1458 1458 1470 1470
    1470 1477 1483 1489 1496 1496 1503 1516 1516 1523 1609 1609 1609
    1601 1594 1586 1579 1579 1572 1557 1550 1550 1543 1543 1529 1523
    1523 1516 1503 1503 1496 1489 1483 1477 1470 1464 1458 1458 1458
    1458 1470 1470 1470 1477 1483 1489 1496 1496 1503 1516 1516 1523
    1609 1609 1609 1601 1594 1594 1586 1579 1572 1557 1557 1550 1550
    1543 1529 1523 1523 1516 1503 1503 1496 1489 1483 1477 1470 1464
    1464 1464 1464 1464 1464 1470 1470 1477 1483 1489 1496 1496 1509
    1516 1523 1523 1609 1609 1609 1601 1594 1594 1586 1579 1564 1557
    1557 1550 1543 1543 1536 1529 1523 1516 1503 1503 1496 1489 1483
    1477 1470 1464 1464 1464 1464 1464 1464 1470 1477 1483 1483 1489
    1496 1496 1509 1516 1523 1523 1616 1609 1609 1601 1601 1594 1586
    1579 1564 1557 1557 1550 1543 1543 1536 1529 1523 1516 1509 1503
    1496 1489 1489 1477 1470 1464 1464 1464 1464 1464 1470 1470 1477
    1483 1489 1489 1496 1503 1509 1516 1523 1529 1616 1609 1609 1601
    1601 1594 1586 1579 1572 1564 1564 1550 1543 1543 1536 1529 1523
    1516 1509 1503 1496 1489 1489 1477 1470 1464 1464 1464 1464 1464
    1470 1470 1477 1483 1489 1489 1496 1503 1509 1516 1516 1516 1616
    1616 1609 1609 1601 1594 1586 1579 1572 1572 1564 1550 1543 1543
    1536 1529 1523 1523 1516 1509 1503 1489 1489 1477 1470 1464 1464
    1464 1464 1464 1470 1477 1477 1483 1489 1489 1496 1503 1509 1516
    1516 1516 1624 1616 1609 1609 1601 1594 1586 1579 1572 1572 1564
    1550 1543 1543 1536 1529 1523 1523 1516 1509 1496 1489 1483 1477
    1470 1464 1464 1464 1464 1464 1470 1477 1477 1483 1489 1489 1496
    1503 1509 1516 1516 1516 1624 1609 1609 1601 1601 1594 1586 1579
    1579 1572 1564 1550 1550 1543 1536 1529 1523 1523 1516 1509 1496
    1489 1483 1477 1470 1464 1464 1464 1464 1464 1470 1477 1477 1483
    1489 1489 1496 1503 1509 1516 1523 1523 1616 1609 1609 1601 1601
    1594 1586 1579 1572 1572 1564 1550 1550 1543 1543 1536 1529 1523
    1516 1509 1496 1489 1483 1477 1470 1464 1464 1464 1464 1464 1470
    1477 1477 1489 1489 1489 1496 1503 1509 1516 1523 1523 1616 1609
    1609 1601 1601 1594 1586 1579 1572 1572 1557 1550 1550 1543 1543
    1536 1529 1523 1516 1509 1503 1489 1483 1477 1477 1464 1464 1464
    1464 1464 1470 1477 1477 1489 1489 1496 1503 1503 1509 1516 1516
    1516 1616 1609 1609 1601 1601 1594 1586 1586 1572 1564 1557 1550
    1550 1543 1543 1536 1529 1523 1516 1509 1503 1489 1483 1477 1470
    1464 1464 1464 1464 1464 1470 1477 1483 1489 1489 1496 1503 1509
    1516 1516 1516 1516 1624 1616 1609 1601 1601 1601 1586 1586 1572
    1564 1550 1550 1550 1550 1543 1536 1529 1523 1516 1509 1503 1489
    1483 1477 1470 1470 1464 1464 1464 1464 1470 1477 1483 1489 1489
    1496 1496 1509 1516 1516 1516 1516 1624 1616 1616 1601 1601 1594
    1586 1586 1572 1564 1550 1550 1550 1543 1543 1536 1529 1523 1516
    1509 1503 1496 1483 1477 1477 1470 1464 1464 1464 1464 1470 1477
    1483 1489 1489 1496 1496 1503 1509 1516 1516 1516 1632 1624 1616
    1601 1601 1594 1586 1579 1572 1557 1550 1550 1550 1543 1543 1536
    1529 1523 1516 1509 1503 1496 1483 1477 1477 1470 1470 1464 1464
    1464 1470 1477 1483 1489 1489 1496 1496 1503 1509 1516 1523 1523
    1639 1624 1609 1609 1601 1601 1594 1579 1572 1557 1550 1550 1550
    1543 1543 1536 1529 1523 1516 1516 1496 1496 1489 1483 1477 1470
    1470 1464 1464 1464 1470 1477 1483 1489 1489 1496 1496 1503 1516
    1523 1523 1523 1632 1624 1609 1609 1601 1601 1594 1579 1572 1564
    1550 1550 1550 1543 1543 1536 1529 1523 1516 1516 1496 1496 1489
    1483 1477 1470 1470 1464 1464 1464 1470 1477 1483 1489 1489 1496
    1496 1503 1516 1523 1529 1529 1632 1624 1609 1609 1601 1601 1594
    1579 1572 1564 1557 1550 1550 1543 1543 1536 1529 1523 1516 1516
    1496 1496 1489 1489 1483 1470 1470 1464 1464 1464 1470 1477 1483
    1489 1496 1496 1503 1509 1516 1523 1529 1529 1632 1624 1616 1609
    1609 1601 1594 1579 1572 1572 1564 1550 1550 1543 1543 1536 1529
    1523 1516 1516 1496 1496 1489 1489 1483 1470 1470 1464 1464 1470
    1470 1477 1483 1489 1496 1496 1503 1509 1516 1523 1529 1536 1632
    1624 1616 1609 1609 1601 1594 1579 1572 1572 1564 1550 1550 1543
    1543 1536 1536 1523 1516 1509 1496 1496 1489 1489 1483 1477 1470
    1470 1470 1470 1477 1483 1489 1489 1496 1496 1503 1509 1516 1523
    1523 1536 1632 1632 1616 1609 1609 1601 1586 1579 1572 1572 1572
    1557 1550 1543 1543 1536 1536 1523 1523 1509 1496 1496 1489 1489
    1483 1477 1470 1470 1470 1470 1477 1483 1483 1489 1496 1496 1503
    1503 1516 1523 1523 1529 1632 1632 1624 1616 1609 1601 1586 1579
    1579 1572 1572 1564 1550 1543 1543 1543 1536 1529 1523 1509 1503
    1496 1489 1489 1483 1477 1470 1470 1470 1470 1470 1477 1483 1489
    1496 1496 1503 1503 1516 1523 1523 1529 1609 1609 1616 1609 1609
    1601 1586 1579 1579 1572 1572 1564 1550 1543 1543 1543 1536 1529
    1523 1509 1503 1496 1496 1489 1483 1477 1470 1470 1470 1470 1470
    1477 1483 1489 1496 1503 1503 1509 1516 1523 1529 1529 1609 1609
    1616 1609 1609 1601 1586 1579 1572 1572 1564 1557 1550 1543 1543
    1543 1536 1529 1523 1509 1509 1496 1496 1489 1483 1477 1470 1470
    1470 1470 1470 1477 1483 1496 1496 1503 1509 1516 1523 1523 1529
    1529 1616 1616 1616 1609 1609 1601 1586 1579 1572 1572 1564 1557
