<?xml version="1.0"?>
<opencv_storage>
<Depth18018 type_id="opencv-matrix">
  <rows>16</rows>
  <cols>78</cols>
  <dt>w</dt>
  <data>
    1776 1757 1739 1739 2767 2767 2789 2789 2789 2812 2789 2789 2789
    2789 2789 2789 2789 2789 2789 2789 2789 2789 2789 2789 2767 2767
    2767 2744 2744 2744 2723 2723 2723 2767 2767 2065 2065 2065 2065
    2065 2078 2078 2723 2723 2053 2053 2053 2053 2065 2065 2053 2040
    2040 2040 2040 2040 2053 2053 2090 2090 2090 2090 2090 2103 2103
    2103 2103 2090 2078 2078 2078 2090 2090 2090 2090 2065 2065 2065
    1776 1757 1748 1748 2767 2767 2789 2789 2789 2789 2789 2789 2789
    2789 2789 2789 2767 2767 2767 2078 2078 2078 2078 2767 2767 2767
    2767 2028 2028 2040 2078 2065 2065 2053 2053 2053 2053 2053 2053
    2065 2065 2065 2065 2053 2053 2053 2053 2053 2053 2053 2053 2040
    2040 2040 2040 2040 2053 2065 2078 2090 2090 2090 2090 2090 2090
    2090 2090 2090 2078 2078 2078 2078 2090 2090 2090 2053 2053 2065
    1776 1757 1757 1757 2767 2767 2789 2812 2789 2789 2789 2078 2078
    2078 2078 2078 2078 2078 2078 2065 2065 2078 2065 2065 2065 2053
    2040 2028 2028 2040 2065 2053 2053 2053 2053 2053 2053 2053 2053
    2065 2065 2065 2065 2053 2053 2040 2040 2040 2040 2028 2028 2040
    2040 2040 2040 2040 2040 2053 2065 2078 2078 2090 2090 2090 2090
    2090 2090 2078 2078 2078 2065 2065 2078 2078 2078 2053 2053 2065
    1766 1757 1757 1757 2767 2767 2103 2103 2103 2090 2090 2078 2078
    2078 2078 2078 2078 2065 2065 2065 2065 2065 2053 2053 2065 2053
    2040 2040 2040 2040 2040 2053 2053 2053 2053 2053 2053 2053 2053
    2053 2040 2040 2040 2040 2040 2040 2040 2040 2028 2028 2028 2040
    2040 2040 2040 2040 2040 2053 2053 2065 2065 2065 2078 2078 2090
    2078 2078 2078 2078 2078 2065 2065 2078 2078 2065 2053 2053 2053
    1766 1748 1713 1713 2812 2103 2103 2090 2090 2090 2078 2078 2065
    2065 2065 2065 2053 2053 2053 2040 2040 2040 2040 2040 2040 2028
    2028 2028 2028 2040 2040 2040 2040 2040 2040 2040 2040 2040 2040
    2040 2040 2028 2028 2028 2028 2028 2028 2028 2028 2016 2016 2028
    2028 2028 2028 2028 2040 2053 2053 2053 2053 2065 2065 2065 2065
    2065 2065 2078 2078 2078 2065 2065 2065 2065 2065 2053 2053 2053
    1766 1748 1713 1713 2090 2090 2090 2090 2078 2078 2078 2065 2065
    2065 2053 2053 2040 2040 2040 2040 2040 2028 2028 2028 2028 2028
    2028 2028 2028 2040 2040 2040 2040 2040 2040 2028 2028 2040 2028
    2028 2028 2016 2016 2028 2028 2028 2028 2028 2028 2016 2016 2028
    2028 2028 2028 2028 2040 2053 2053 2053 2053 2053 2053 2053 2053
    2053 2053 2065 2065 2065 2065 2065 2065 2065 2065 2040 2040 2053
    1766 1748 1748 2090 2090 2078 2078 2078 2078 2065 2065 2065 2053
    2053 2040 2040 2040 2040 2028 2028 2028 2028 2028 2028 2028 2028
    2028 2028 2028 2028 2028 2040 2040 2028 2028 2016 2016 2028 2028
    2028 2016 2016 2016 2028 2028 2028 2028 2028 2028 2016 2016 2028
    2016 2016 2016 2016 2040 2040 2053 2053 2065 2053 2053 2053 2053
    2053 2053 2053 2053 2065 2065 2065 2078 2065 2065 2040 2040 2053
    1766 1766 1766 2078 2078 2078 2078 2078 2065 2053 2053 2053 2053
    2040 2040 2040 2028 2028 2028 2028 2028 2016 2016 2028 2028 2028
    2016 2016 2016 2028 2028 2028 2028 2016 2016 2005 2005 2016 2016
    2016 2016 2016 2016 2016 2028 2016 2016 2016 2016 2016 2016 2016
    2016 2016 2016 2016 2028 2040 2040 2053 2053 2053 2053 2053 2053
    2053 2053 2053 2053 2053 2053 2053 2065 2065 2053 2053 2053 2053
    1776 1776 2078 2065 2065 2065 2065 2065 2053 2040 2040 2040 2040
    2040 2040 2028 2028 2028 2016 2016 2016 2016 2016 2016 2016 2028
    2016 2016 2016 2016 2016 2028 2028 2016 2016 2005 2005 2005 2005
    2005 2005 2005 2016 2016 2016 2016 2016 2016 2016 2016 2016 2016
    2016 2016 2016 2016 2028 2028 2028 2040 2053 2053 2053 2053 2053
    2053 2053 2053 2053 2053 2053 2053 2053 2053 2053 2040 2040 2053
    1766 2065 2065 2053 2053 2053 2053 2040 2040 2040 2040 2040 2040
    2040 2028 2028 2028 2016 2005 2005 2016 2016 2016 2016 2016 2016
    2016 2005 2005 2016 2016 2016 2016 2005 2005 2005 2005 2005 2005
    2005 2005 2005 2005 2005 2005 2005 2005 2005 2005 2005 2016 2016
    2016 2016 2016 2016 2028 2028 2028 2028 2040 2053 2053 2053 2053
    2053 2053 2053 2053 2053 2053 2053 2040 2040 2040 2040 2040 2053
    1766 2053 2053 2053 2040 2040 2040 2040 2040 2028 2028 2028 2028
    2028 2028 2028 2016 2005 2005 1993 1993 2005 2016 2016 2016 2016
    2005 2005 2005 2016 2016 2016 2016 2005 2005 2005 2005 2005 2005
    2005 2005 2005 2005 2005 2005 2005 2005 2005 2005 2005 2005 2005
    2005 2016 2016 2028 2028 2028 2028 2028 2040 2053 2053 2053 2053
    2053 2053 2053 2053 2053 2053 2053 2040 2040 2040 2040 2040 2040
    2053 2040 2040 2040 2040 2040 2040 2040 2028 2028 2028 2028 2028
    2016 2016 2016 2016 2005 2005 1993 1993 2005 2005 2016 2016 2016
    2005 2005 2005 2005 2005 2005 2005 2005 2005 2005 2005 2005 2005
    2005 2005 2005 2005 2005 2005 2005 2005 2005 2005 2005 2005 2005
    2005 2005 2005 2028 2028 2028 2028 2028 2028 2053 2053 2053 2053
    2053 2053 2053 2053 2053 2065 2065 2053 2053 2040 2040 2040 2028
    2040 2040 2040 2040 2040 2040 2040 2028 2028 2028 2028 2028 2028
    2016 2005 2005 2005 2005 2005 2005 2005 2005 2005 2005 2005 2016
    2005 2005 2005 2005 2005 2005 2005 2005 2005 2005 2005 2005 2005
    2005 2005 2005 2005 2005 2005 2005 2005 2005 2005 2005 2005 2005
    2005 2005 2005 2005 2028 2028 2028 2028 2028 2040 2053 2053 2053
    2053 2053 2053 2053 2053 2053 2065 2053 2053 2040 2040 2040 2028
    2028 2028 2028 2040 2040 2028 2028 2028 2028 2028 2028 2028 2016
    2016 2005 1993 1993 2005 2005 2005 2005 2005 2005 2005 2005 2005
    1993 1993 2005 2005 2005 2005 2005 2005 2005 2005 2005 2005 2005
    2005 2005 2005 2005 2005 2005 2005 2005 2005 2005 2005 2005 2005
    2005 2005 2005 2005 2016 2028 2028 2028 2028 2040 2053 2053 2065
    2065 2053 2053 2053 2053 2053 2065 2065 2053 2040 2040 2028 2028
    2028 2028 2028 2028 2028 2028 2028 2028 2028 2028 2016 2016 2016
    2005 2005 1993 1993 2005 2005 2005 2005 1993 1993 1993 1993 1993
    1993 1993 1993 2005 2005 2005 2005 2005 2005 2005 2005 2005 2005
    2005 2005 2005 2005 2005 2005 2005 2005 2005 2005 2005 2005 2005
    2005 2005 2005 2016 2016 2028 2028 2028 2040 2040 2053 2065 2078
    2065 2065 2053 2053 2065 2065 2078 2065 2053 2040 2028 2028 2016
    2028 2028 2028 2028 2028 2028 2028 2028 2028 2028 2016 2016 2016
    2005 2005 2005 2005 2005 2005 2005 2005 1993 1993 1993 1993 1993
    1993 1993 1993 2005 2005 2005 2005 2005 2005 2005 2005 2005 2005
    2005 2005 2005 2005 2005 2005 2005 2005 2005 2005 2016 2016 2016
    2016 2005 2005 2016 2028 2040 2040 2040 2040 2053 2053 2065 2078
    2078 2065 2065 2065 2065 2078 2078 2065 2053 2040 2028 2028 2016</data></Depth18018>
</opencv_storage>
