<?xml version="1.0"?>
<opencv_storage>
<Depth16895 type_id="opencv-matrix">
  <rows>84</rows>
  <cols>47</cols>
  <dt>w</dt>
  <data>
    3208 3208 3208 3208 3208 3208 3208 3238 3238 3238 3238 3238 3238
    3238 3238 3238 3238 3269 3269 3269 3300 1523 1523 1523 1523 1523
    1523 3333 3333 3333 3333 3333 3333 3333 3365 1496 1496 3399 3399
    3399 3399 3399 3399 3399 3399 3399 3399 3208 3208 3208 3208 3208
    3208 3208 3238 3238 3238 3238 3238 3238 3238 3238 3238 3238 3238
    3269 3269 1529 1523 1516 1516 1516 1509 1503 1503 3333 1496 1489
    1483 1483 1483 1496 1496 1496 1496 3433 3433 3399 3399 3399 3399
    3399 3399 3399 3208 3208 3208 3208 3208 3208 3208 3238 3238 3238
    3238 3238 3238 3238 3238 3238 3238 3208 3208 3269 1516 1516 1516
    1516 1509 1503 1496 1483 1483 1483 1477 1477 1477 1477 1489 1489
    1496 1496 1496 3433 3399 3399 3399 3399 3399 3399 3399 3208 3208
    3208 3208 3208 3208 3208 3208 3238 3238 3238 3238 3238 3238 3269
    3238 3238 3208 3208 3269 1509 1509 1509 1503 1503 1503 1483 1470
    1458 1445 1439 1439 1445 1470 1483 1489 1496 1496 1496 3399 3399
    3399 3399 3399 3399 3399 3399 3208 3208 3208 3208 3208 3208 3208
    3208 3238 3208 3208 3208 3208 3208 3269 3238 3238 3238 3300 3300
    1509 1509 1509 1370 1370 1370 1392 1392 1415 1421 1421 1427 1433
    1452 1477 1483 1489 1496 1496 3399 3399 3399 3399 3399 3399 3399
    3399 3208 3208 3208 3208 3208 3208 3208 3208 3208 3208 1392 1392
    1392 1398 1398 1312 1312 1312 1312 1312 1312 1322 1365 1365 1365
    1370 1370 1376 1398 1404 1415 1421 1421 1452 1470 1483 1489 1496
    1496 3399 3399 3399 3399 3399 3399 3399 3399 3208 3208 3178 3178
    3208 3208 3208 3208 1365 1365 1370 1376 1376 1398 1322 1312 1312
    1312 1312 1312 1312 1322 1328 1354 1365 1365 1365 1370 1387 1404
    1410 1415 1421 1452 1464 1470 1489 1489 1489 3433 3433 3433 3399
    3399 3399 3399 3433 3208 3208 3178 3178 1343 1343 1343 1349 1359
    1359 1359 1365 1376 1307 1307 1307 1307 1307 1307 1307 1312 1317
    1322 1343 1354 1359 1359 1365 1376 1404 1410 1415 1433 1452 1464
    1464 1483 1489 1496 1496 3433 3399 3399 3399 3399 3433 3433 3208
    1349 1343 1338 1333 1333 1333 1338 1338 1343 1343 1343 1322 1307
    1307 1307 1302 1302 1302 1302 1302 1307 1317 1338 1343 1354 1359
    1365 1376 1404 1410 1415 1427 1445 1458 1464 1477 1489 1496 1496
    3365 3365 3399 3399 3399 3433 3433 1338 1338 1338 1333 1333 1333
    1333 1333 1333 1328 1328 1328 1317 1307 1307 1307 1302 1302 1302
    1302 1302 1307 1317 1333 1343 1349 1354 1365 1381 1398 1404 1415
    1427 1439 1458 1464 1470 1489 1496 1496 3365 3365 3399 3399 3399
    3433 3433 1338 1338 1338 1328 1328 1328 1328 1328 1322 1322 1322
    1317 1312 1307 1307 1302 1302 1302 1297 1297 1302 1307 1317 1333
    1343 1349 1354 1365 1381 1392 1398 1410 1421 1439 1458 1464 1470
    1483 1496 1496 3399 3399 3399 3399 3399 3433 3433 1338 1338 1338
    1328 1328 1328 1328 1322 1322 1322 1317 1312 1312 1307 1307 1302
    1302 1302 1297 1297 1302 1307 1317 1328 1338 1349 1354 1365 1376
    1387 1398 1410 1421 1433 1452 1464 1470 1483 1496 1496 1496 3399
    3399 3399 3399 3433 3433 1338 1338 1333 1328 1328 1328 1328 1322
    1322 1322 1317 1312 1312 1307 1307 1307 1302 1302 1297 1297 1302
    1302 1322 1328 1338 1349 1354 1365 1370 1387 1398 1404 1415 1433
    1452 1458 1470 1483 1489 1496 1496 3433 3433 3433 3433 3433 3433
    1338 1338 1333 1328 1328 1328 1328 1322 1322 1322 1317 1312 1312
    1307 1307 1307 1302 1302 1302 1302 1302 1302 1322 1328 1333 1349
    1354 1365 1370 1387 1392 1398 1415 1427 1452 1458 1470 1477 1483
    1489 1489 3468 3468 3433 3433 3399 3399 1343 1338 1333 1333 1333
    1328 1328 1328 1322 1322 1317 1312 1312 1312 1307 1307 1302 1302
    1302 1302 1302 1302 1322 1328 1333 1349 1354 1365 1370 1387 1392
    1398 1415 1427 1452 1458 1464 1477 1483 1489 1489 1489 3503 3433
    3399 3399 3399 1343 1338 1333 1333 1328 1328 1328 1328 1322 1322
    1317 1317 1312 1307 1307 1307 1302 1302 1297 1297 1297 1302 1317
    1322 1333 1338 1349 1359 1370 1387 1392 1404 1415 1427 1445 1458
    1464 1477 1483 1489 1489 1489 3433 3433 3399 3399 3399 1349 1343
    1338 1333 1328 1328 1328 1322 1322 1322 1322 1317 1312 1307 1307
    1307 1302 1302 1297 1297 1297 1302 1317 1322 1328 1333 1343 1359
    1370 1381 1392 1404 1415 1427 1445 1452 1464 1477 1483 1489 1489
    1489 3433 3433 3399 3399 3399 1343 1343 1338 1333 1328 1328 1322
    1322 1322 1322 1317 1317 1312 1307 1307 1302 1302 1302 1297 1297
    1297 1302 1317 1322 1328 1333 1343 1354 1370 1376 1392 1398 1415
    1427 1439 1452 1458 1477 1483 1483 1483 1483 3433 3433 3399 3399
    3433 1343 1343 1338 1328 1328 1328 1322 1322 1322 1322 1317 1312
    1312 1307 1307 1302 1302 1302 1292 1292 1297 1302 1312 1322 1328
    1328 1343 1354 1370 1376 1387 1398 1415 1421 1439 1452 1458 1477
    1483 1483 1483 1483 3433 3433 3433 3433 3433 1338 1338 1338 1328
    1328 1328 1322 1322 1322 1317 1317 1312 1307 1307 1307 1302 1302
    1297 1292 1292 1297 1302 1307 1322 1328 1328 1343 1354 1370 1376
    1387 1398 1410 1421 1439 1452 1452 1470 1483 1483 1483 1483 3433
    3399 3399 3433 3399 1338 1338 1338 1333 1328 1328 1322 1322 1322
    1317 1312 1312 1307 1307 1307 1302 1297 1292 1292 1292 1292 1297
    1302 1312 1328 1333 1343 1349 1365 1376 1392 1392 1404 1415 1439
    1445 1452 1470 1477 1483 1483 1483 3399 3399 3399 3399 3399 1338
    1338 1338 1338 1333 1328 1328 1322 1322 1317 1312 1312 1307 1307
    1307 1302 1297 1292 1292 1292 1292 1297 1302 1312 1322 1333 1343
    1349 1365 1376 1387 1392 1404 1415 1433 1445 1452 1464 1477 1483
    1489 1489 3399 3399 3399 3399 3399 1338 1338 1338 1338 1333 1333
    1328 1322 1322 1317 1317 1312 1312 1307 1307 1302 1302 1292 1292
    1292 1297 1297 1302 1307 1317 1328 1343 1349 1359 1376 1387 1392
    1398 1415 1433 1445 1452 1464 1477 1483 1489 1489 3399 3399 3399
    3399 3399 1343 1343 1343 1338 1333 1333 1328 1322 1322 1317 1317
    1312 1312 1307 1307 1302 1302 1302 1292 1292 1297 1297 1302 1307
    1317 1328 1343 1349 1354 1365 1381 1392 1398 1404 1427 1445 1452
    1458 1470 1483 1489 1489 3399 3399 3399 3399 3399 1354 1354 1343
    1338 1333 1333 1328 1328 1322 1322 1317 1317 1312 1312 1307 1307
    1302 1302 1297 1292 1292 1297 1302 1307 1317 1328 1338 1349 1349
    1359 1376 1387 1392 1398 1427 1439 1452 1458 1470 1477 1489 1489
    3399 3399 3399 3399 3399 1354 1354 1343 1338 1333 1328 1328 1322
    1322 1322 1317 1317 1312 1312 1307 1307 1307 1302 1297 1292 1292
    1297 1302 1307 1312 1322 1338 1343 1349 1359 1376 1387 1392 1392
    1427 1439 1445 1458 1470 1477 1477 1477 3365 3365 3365 3399 3399
    1349 1349 1343 1338 1333 1328 1328 1322 1322 1322 1317 1317 1317
    1312 1307 1307 1302 1302 1297 1292 1292 1297 1302 1307 1312 1322
    1338 1343 1349 1354 1370 1381 1387 1392 1421 1433 1445 1458 1470
    1470 1477 1477 3365 3365 3365 3399 3399 1349 1349 1343 1343 1333
    1328 1328 1322 1322 1322 1317 1317 1312 1312 1312 1307 1302 1302
    1297 1292 1292 1297 1302 1307 1312 1322 1333 1343 1349 1354 1370
    1376 1387 1392 1421 1427 1445 1458 1470 1470 1477 1477 1477 3399
    3399 3399 3399 1354 1343 1338 1338 1333 1328 1328 1328 1322 1322
    1317 1317 1312 1312 1307 1307 1302 1297 1297 1297 1292 1292 1297
    1302 1312 1322 1328 1338 1349 1354 1370 1376 1387 1392 1415 1427
    1445 1458 1464 1470 1477 1477 1477 3433 3433 3399 3399 1354 1343
    1333 1333 1333 1328 1328 1328 1322 1322 1317 1312 1307 1307 1307
    1307 1302 1297 1297 1297 1292 1292 1292 1297 1312 1322 1328 1338
    1349 1354 1370 1376 1387 1392 1410 1427 1445 1458 1464 1470 1477
    1477 1477 3433 3433 3433 3433 3149 1349 1333 1328 1328 1328 1328
    1328 1322 1322 1317 1312 1307 1307 1307 1302 1302 1297 1297 1297
    1292 1292 1292 1297 1307 1317 1322 1338 1349 1354 1365 1376 1387
    1392 1410 1427 1445 1452 1464 1470 1477 1477 1477 3433 3433 3433
    3399 3120 3120 1322 1322 1322 1328 1328 1328 1328 1322 1317 1312
    1307 1307 1307 1302 1302 1297 1297 1292 1288 1288 1292 1292 1307
