<?xml version="1.0"?>
<opencv_storage>
<Depth10487 type_id="opencv-matrix">
  <rows>120</rows>
  <cols>80</cols>
  <dt>w</dt>
  <data>
    3399 3399 3433 3399 3399 3399 3468 3468 3433 3433 3399 3399 3399
    3399 3399 1001 995 992 992 3433 3433 987 981 981 3365 3365 3365 3333
    3333 3365 3365 3365 3365 3365 3365 3365 3399 3399 3399 3365 3365
    3433 3433 3433 3433 3399 3399 3399 3399 3399 3399 3433 3399 3399
    3399 3399 3399 3399 3399 3399 3399 3399 3399 3399 3399 3399 3399
    3399 3399 3399 3399 3399 3365 3365 3365 3365 3365 3365 3365 3399
    3433 3468 3433 3399 3399 3399 3399 0 1001 1001 1001 1001 998 992 992
    992 992 992 992 987 987 987 981 981 0 962 962 0 964 964 959 959 959
    3399 3399 3399 3399 3399 3399 3399 3399 3433 3433 3433 3399 3399
    3399 3399 3399 3399 3433 3433 3433 3399 3399 3399 3399 3399 3399
    3399 3399 3399 3399 3399 3399 3399 3399 3399 3399 3399 3399 3399
    3365 3365 3365 3365 3365 3399 3399 3399 3433 3468 3468 3433 3433
    3433 0 0 0 1001 1001 998 995 992 989 989 987 984 984 984 984 981 981
    981 0 0 0 0 0 0 0 959 959 0 959 959 0 956 3433 3433 0 3433 3433 3433
    3399 3399 3399 3399 3399 3399 3433 3433 3433 3433 3433 3433 3399
    3399 3399 3365 3365 3399 3399 3399 3399 3399 3399 3399 3399 3399
    3365 3365 3365 3365 3365 3399 3399 3399 3399 3399 3433 3468 3468 0 0
    0 0 0 0 998 998 992 992 989 989 984 981 981 981 981 978 978 978 978
    962 962 962 0 964 0 967 959 959 959 959 959 956 0 0 0 3433 3433 3433
    3433 3399 3399 3399 3399 3399 3433 3433 3433 3433 3433 3433 3433
    3399 3399 3399 3365 3365 3399 3399 3399 3399 3399 3399 3399 3399
    3399 3365 3365 3365 3365 3365 3399 3399 3399 3399 3399 3399 3468 0 0
    0 0 0 0 0 998 998 992 992 989 987 984 981 981 978 978 973 973 970
    967 962 962 962 964 964 951 967 967 959 956 956 956 956 940 940 0 0
    3539 3539 3468 3399 3399 3399 3399 3399 0 3433 3433 3433 3433 3433
    3399 3399 3399 3399 3399 3399 3399 3399 3399 3399 3399 3399 3399
    3399 3399 3399 3399 3399 3399 3399 3399 3399 3399 3399 3399 3399
    3433 0 0 0 0 0 0 0 0 998 992 992 989 987 984 981 981 978 975 973 970
    967 967 962 959 959 956 951 951 951 951 951 948 946 946 940 940 940
    938 938 3539 3539 3539 3539 3539 3539 918 0 0 918 920 3433 3433 3433
    3365 3365 3365 3365 3365 3399 3399 3399 3399 3399 3399 3399 3399
    3399 3399 3399 3399 3399 3399 3399 3399 3399 3365 3365 3365 3399
    3433 0 0 0 0 0 0 0 998 998 992 992 989 987 984 981 978 978 975 973
    970 967 962 959 959 956 954 951 948 948 946 943 943 943 943 940 938
    938 938 0 0 0 918 918 0 0 0 918 918 0 920 920 3365 3365 3365 3300
    3300 3365 3365 3399 3399 3433 3433 3433 3399 3399 3399 3399 3399
    3399 948 940 940 943 943 3365 3365 3365 3365 3399 3433 0 0 0 0 0 0 0
    998 998 992 992 989 987 984 981 978 978 975 973 970 967 962 959 959
    956 951 948 946 946 943 940 938 938 940 938 935 935 935 938 920 918
    918 918 920 918 918 918 918 918 920 920 918 3300 3300 3300 3300 3300
    3300 898 894 894 3433 3433 3433 3433 3433 3399 3399 3399 948 940 940
    943 943 3365 3365 3365 3399 3399 3433 0 0 0 0 0 0 1007 1001 1001 992
    992 989 989 987 981 978 978 975 973 970 967 962 959 959 956 951 948
    946 946 943 940 938 938 938 935 933 933 930 923 920 918 918 920 920
    918 918 918 918 918 918 918 918 901 908 908 908 894 898 898 894 894
    896 896 894 3433 3433 3399 3399 946 946 940 940 943 943 946 946 943
    0 3399 3433 0 0 0 0 0 0 1007 1004 1001 995 992 992 989 987 981 978
    978 975 973 970 970 962 959 959 956 954 951 946 946 943 940 938 938
    938 935 930 930 928 923 920 920 920 920 918 915 915 915 915 913 906
    903 901 901 908 908 908 894 898 898 894 894 896 896 894 894 896 901
    3399 946 940 938 938 940 943 943 943 943 938 3399 3433 0 0 0 0 0
    1013 1007 1004 1001 995 992 992 989 987 981 978 978 975 973 970 970
    964 959 959 956 954 951 946 946 943 940 938 938 938 935 930 930 928
    923 923 920 920 918 915 913 913 913 910 908 906 903 901 901 906 898
    894 894 891 891 889 889 891 894 894 894 896 901 913 913 930 933 935
    940 943 943 940 938 938 3433 3468 0 0 0 0 1016 1013 1010 1004 998
    995 992 989 989 987 984 981 978 975 973 970 970 964 959 959 956 954
    951 948 946 943 940 940 940 940 935 933 930 928 925 923 920 920 918
    915 913 910 910 908 906 903 903 901 901 901 896 894 891 891 891 889
    889 889 889 891 891 898 908 910 910 920 930 935 938 940 943 940 938
    938 3468 3539 0 0 0 0 1013 1013 1007 1004 998 995 992 989 989 987
    984 981 981 978 975 973 970 964 962 959 956 954 951 948 946 943 940
    940 940 940 938 933 930 928 928 925 923 920 918 918 913 910 910 908
    903 903 901 898 898 896 891 891 891 889 889 887 885 882 882 882 875
    875 910 910 910 910 915 915 923 928 938 943 940 940 3468 0 0 0 0 0
    1013 1013 1007 1004 1001 998 995 992 989 987 984 981 981 978 978 973
    970 964 962 959 956 954 954 951 946 946 943 940 940 940 938 935 930
    928 928 925 925 920 920 918 913 910 910 908 903 903 901 898 898 896
    891 891 889 889 889 882 882 880 878 875 873 873 873 908 891 891 915
    915 920 923 930 940 943 943 3468 0 0 0 0 0 0 1013 1010 1004 1001 998
    995 992 989 987 984 981 981 978 978 973 970 964 962 959 956 956 954
    951 948 946 943 943 943 940 938 933 930 928 928 925 923 920 920 918
    913 913 910 908 906 903 901 898 898 896 891 891 889 889 887 882 880
    878 875 873 873 873 873 873 891 891 891 910 920 923 930 940 943 946
    3468 0 0 0 0 0 0 1013 1010 1007 1001 998 992 992 989 987 984 981 981
    978 978 973 970 967 964 962 959 956 954 951 948 946 943 943 943 938
    935 933 930 928 928 925 923 920 920 918 915 913 910 908 906 903 901
    898 898 896 894 891 889 889 887 882 880 878 875 873 873 871 871 871
    891 891 891 910 920 923 933 943 946 954 3468 0 0 0 0 0 1019 1013
    1010 1010 1001 998 992 992 989 987 984 981 981 978 978 973 970 967
    967 964 962 959 956 954 948 946 946 946 946 938 935 933 930 930 928
    925 925 923 920 918 918 915 910 908 908 903 901 898 898 896 894 891
    891 889 887 882 880 880 878 873 873 871 871 871 875 891 891 915 920
    923 933 946 0 946 3503 0 0 0 0 0 1019 1016 1013 1007 1001 998 995
    992 989 989 984 984 981 978 978 973 970 967 967 964 962 956 956 954
    948 946 946 946 946 940 935 933 933 930 928 925 925 923 923 920 918
    915 910 908 908 903 901 898 898 896 894 891 891 889 885 882 880 880
    878 875 873 871 871 873 875 891 898 913 923 923 938 943 0 0 3503 0 0
    0 0 0 1019 1016 1013 1007 1001 1001 995 992 989 989 987 984 981 978
    978 975 970 967 967 964 962 956 956 954 951 948 946 946 946 940 938
    935 935 930 928 928 925 925 923 920 918 915 910 908 906 906 901 901
    898 896 896 891 891 889 885 882 880 880 878 875 873 873 873 873 901
    898 898 908 923 928 935 940 0 0 3503 0 0 0 0 0 0 1016 1013 1007 1001
    1001 995 992 992 989 987 984 981 981 978 975 970 970 967 964 962 959
    956 956 954 948 946 946 946 940 938 938 935 930 928 928 928 925 923
    920 918 913 910 908 906 906 901 901 898 898 896 894 891 889 887 882
    880 880 878 875 873 873 873 875 901 901 901 908 923 930 935 938 0 0
    3503 0 0 0 0 0 0 0 1013 1007 1004 1001 998 992 992 989 987 984 981
    981 978 975 970 970 967 964 962 959 956 956 954 951 948 946 943 940
    938 938 935 930 928 928 928 925 923 920 918 913 910 910 908 906 903
    901 901 898 896 894 891 889 887 882 882 880 878 875 875 875 875 880
    896 901 901 910 925 933 935 938 0 0 0 0 0 0 0 0 0 1013 1013 1007
    1004 1001 998 992 992 992 984 984 981 981 978 973 970 970 967 964
    962 959 956 956 954 951 948 948 943 940 940 938 935 930 930 928 928
    925 923 920 918 913 910 910 908 906 903 901 901 898 896 896 891 889
    887 882 882 880 880 878 875 875 878 882 894 898 901 915 925 933 938
    938 0 0 0 0 0 0 0 0 1016 1013 1013 1007 1004 1001 998 995 992 992
    984 984 981 981 978 973 970 967 967 964 962 959 959 956 954 951 948
    946 946 943 940 938 935 930 930 928 928 925 923 920 918 913 910 910
    908 906 903 901 901 898 896 894 891 889 887 885 882 882 880 880 880
