<?xml version="1.0"?>
<opencv_storage>
<Depth17280 type_id="opencv-matrix">
  <rows>143</rows>
  <cols>96</cols>
  <dt>w</dt>
  <data>
    3692 3692 3692 3653 3614 3614 3614 555 554 551 549 549 549 546 546
    539 536 536 536 536 529 529 529 529 529 529 0 0 0 0 0 0 0 0 0 0 0
    3092 0 3092 2984 2984 0 0 0 0 0 0 0 0 0 0 0 0 0 0 0 0 0 0 0 0 0 0 0
    0 0 0 0 0 0 0 0 0 0 0 0 0 0 0 0 0 0 0 0 0 0 0 0 0 0 0 0 0 0 0 0 0 0
    0 0 557 557 555 554 551 549 546 546 546 546 539 539 536 536 534 533
    529 529 529 529 529 525 0 0 0 0 0 0 0 0 0 0 0 0 0 2984 2984 0 0 0 0
    0 0 0 0 0 0 0 0 0 0 0 0 0 0 0 0 0 0 0 0 0 0 0 0 0 0 0 0 0 0 576 576
    577 578 0 0 0 0 0 0 0 0 0 0 0 0 0 0 0 0 0 0 0 0 0 557 557 556 555
    551 549 546 546 544 540 540 539 537 536 534 533 530 529 529 527 525
    525 0 0 0 0 0 0 0 0 0 0 0 0 0 0 0 0 0 0 0 0 0 0 0 0 0 0 0 0 0 0 0 0
    0 0 0 0 0 0 0 0 0 0 0 0 0 0 0 0 0 576 575 575 578 0 0 0 0 0 0 0 0 0
    0 0 0 0 0 0 0 0 0 0 0 0 557 557 556 555 552 550 547 545 544 540 540
    539 538 537 534 534 530 529 529 526 525 525 523 523 0 0 0 0 0 0 0 0
    0 0 0 0 0 0 0 0 0 0 0 0 0 0 0 0 0 0 0 0 0 0 0 0 0 0 0 0 0 0 0 0 0 0
    0 0 0 0 572 572 575 575 576 0 0 0 0 0 0 0 0 0 638 637 636 636 0 0 0
    0 0 0 0 0 0 557 556 554 552 550 547 545 544 543 540 540 538 537 534
    534 532 529 528 526 525 525 523 521 521 517 516 515 514 513 511 509
    507 506 506 505 505 0 0 0 0 0 0 0 0 0 491 491 0 0 0 0 0 0 0 0 0 0 0
    0 0 0 0 0 0 0 0 0 0 0 572 572 575 575 576 0 0 0 0 0 0 0 0 637 637
    637 636 636 637 0 0 0 0 0 0 0 0 557 556 554 553 553 553 545 544 543
    541 540 539 537 536 534 532 530 528 526 525 525 523 521 520 517 516
    515 514 513 511 509 507 506 505 504 503 503 0 0 0 0 0 0 0 491 491
    491 0 0 0 0 0 0 0 0 0 0 0 0 0 0 0 0 0 0 0 0 0 0 573 573 576 576 576
    0 0 0 0 0 0 622 622 637 637 637 637 637 637 0 0 0 0 0 0 0 0 558 557
    555 553 553 553 547 544 543 541 540 540 537 536 534 533 530 529 527
    526 525 524 521 520 517 516 515 514 513 511 510 508 506 505 504 503
    503 503 499 499 0 495 495 494 491 490 490 0 0 0 0 0 0 0 0 0 0 0 0 0
    0 0 0 0 0 0 0 0 0 573 573 573 573 587 0 0 0 0 620 620 621 621 637
    637 637 637 637 638 0 0 0 0 0 0 0 561 558 557 555 554 553 553 547
    546 543 542 541 540 540 537 536 534 531 529 527 526 525 524 522 520
    517 516 516 514 514 512 510 509 506 505 505 503 503 503 499 499 499
    494 494 494 491 490 490 0 0 0 0 0 0 0 0 0 0 0 0 0 0 0 0 0 0 0 0 0 0
    574 574 574 587 587 0 0 0 620 620 620 621 621 621 636 638 638 638
    638 0 0 0 0 0 0 0 561 559 557 556 554 554 551 549 546 544 542 541
    540 539 538 535 534 533 529 529 528 526 525 523 520 517 516 516 515
    514 513 511 509 506 506 504 504 503 503 503 497 494 494 494 494 491
    491 0 0 0 0 0 0 0 0 0 0 0 0 0 0 0 545 545 545 0 0 0 0 0 576 576 576
    587 587 588 590 590 619 619 620 620 621 621 632 635 638 638 640 646
    0 0 0 0 0 0 561 560 558 557 555 554 551 549 546 545 543 541 540 539
    538 535 534 533 530 529 528 527 525 524 520 519 517 517 516 514 513
    511 509 506 506 504 504 503 503 503 497 497 494 494 494 492 492 0 0
    0 0 0 0 0 0 0 0 0 0 0 0 541 541 544 545 0 0 0 0 0 577 577 583 587
    587 588 589 589 616 616 619 620 621 624 631 635 642 642 643 646 648
    0 0 0 0 0 561 560 558 557 556 555 552 550 547 546 543 542 540 540
    538 535 534 533 530 529 528 527 525 521 520 519 517 517 517 515 514
    512 511 509 507 505 504 503 503 500 497 497 496 495 494 492 492 0 0
    0 0 0 0 0 0 0 0 0 0 0 0 541 541 544 545 0 0 0 0 0 578 578 583 588
    588 589 589 610 611 612 615 619 620 628 629 631 642 643 644 646 648
    0 0 0 0 0 561 561 559 558 557 556 553 551 549 547 544 542 540 540
    538 535 534 533 531 529 528 527 525 521 520 519 517 517 517 516 514
    512 511 509 507 505 504 504 503 500 498 497 496 495 494 492 492 492
    501 501 502 0 0 0 0 0 0 0 537 537 539 540 540 543 545 0 570 0 573
    573 573 585 588 588 588 589 589 610 611 612 613 615 616 628 629 631
    640 646 646 647 648 0 0 0 0 0 561 561 559 558 557 554 553 551 549
    547 546 543 542 540 539 536 534 533 530 529 529 528 526 521 521 520
    518 518 517 516 514 513 511 510 507 505 504 504 503 503 498 498 497
    496 494 492 492 502 501 501 502 0 0 0 0 0 0 0 535 535 539 540 540
    543 543 569 570 570 570 572 573 582 588 588 588 588 610 610 612 612
    613 615 616 629 629 634 640 646 647 647 649 0 0 0 0 0 0 559 559 558
    557 554 553 551 549 547 546 544 543 541 540 536 535 533 530 529 529
    528 526 521 521 520 518 518 517 516 514 513 511 510 507 505 504 504
    504 504 498 498 497 496 494 494 494 502 502 502 502 0 0 0 0 0 0 0
    533 533 539 540 541 541 548 569 569 569 570 572 576 579 583 586 588
    588 610 610 611 581 581 615 623 625 630 640 640 646 647 648 649 0 0
    0 0 0 0 559 559 559 557 554 552 551 550 548 546 544 543 542 538 536
    535 533 532 530 529 529 527 524 521 521 519 518 517 517 515 513 511
    511 507 505 504 504 504 504 499 499 497 496 494 494 494 499 499 502
    502 0 0 519 519 520 0 0 533 533 541 541 545 548 548 568 568 568 569
    573 575 578 583 586 587 588 611 611 611 581 581 612 623 625 632 641
    641 648 648 648 649 0 0 0 0 0 0 0 560 560 558 554 552 551 550 548
    546 544 543 542 538 536 535 534 532 530 529 529 528 527 522 521 520
    519 518 517 515 513 512 511 509 506 506 504 504 504 500 499 498 497
    494 494 496 499 499 502 502 0 518 518 518 519 524 524 541 541 541
    541 545 548 548 567 568 568 569 573 575 578 582 585 587 589 611 611
    610 610 610 612 625 627 632 642 644 648 648 648 649 0 0 0 0 0 0 563
    560 560 558 554 552 551 550 548 546 545 544 542 537 536 535 534 533
    531 530 529 528 527 523 521 521 519 518 517 516 514 512 511 510 508
    507 504 504 502 500 499 498 498 495 495 496 502 502 502 502 502 513
    513 518 519 523 523 540 540 540 540 544 548 549 567 568 568 569 575
    575 579 582 585 590 590 611 611 610 610 610 624 625 627 638 642 647
    648 648 648 649 0 0 0 0 0 0 563 561 561 558 556 553 551 550 548 546
    545 544 543 537 536 535 534 533 532 530 529 528 527 523 521 521 519
    518 517 517 514 514 512 511 508 507 507 507 502 501 499 499 498 496
    496 496 496 496 512 512 512 512 512 518 520 523 537 537 540 540 540
    544 551 552 566 567 567 567 578 578 581 584 591 591 594 613 613 610
    610 615 624 634 634 636 642 646 647 648 649 0 0 0 0 0 0 0 563 562
    561 559 557 554 552 550 549 546 546 545 543 538 537 535 534 534 533
    531 529 526 526 524 522 521 520 519 518 517 514 514 512 511 508 507
    507 507 500 500 499 499 497 496 496 496 496 0 514 512 512 512 512
    520 521 524 534 535 538 539 540 545 551 552 565 567 567 567 580 581
    582 584 591 591 594 612 612 612 614 616 624 629 634 636 642 646 647
    648 649 0 0 0 0 0 0 565 563 562 561 560 556 554 553 551 549 547 546
    545 543 539 537 536 535 534 533 531 529 526 526 524 522 521 520 519
    518 517 515 514 513 511 508 506 505 504 502 500 500 499 497 496 496
    496 496 509 514 514 514 513 513 521 522 524 534 534 538 539 541 553
    553 554 556 567 567 580 580 582 582 585 590 591 594 612 612 612 614
    627 627 629 631 635 642 646 648 648 649 0 0 0 0 0 0 565 563 562 561
    560 556 554 554 551 549 547 546 545 542 540 538 536 535 534 533 531
    529 528 527 524 523 521 521 521 519 517 516 514 514 512 508 506 505
    504 502 502 500 500 497 496 496 496 506 509 509 509 514 516 517 521
    522 524 534 534 538 545 545 554 554 554 556 568 568 580 580 582 583
    590 590 592 594 612 612 613 615 627 627 629 631 635 644 647 650 650
    652 0 0 0 0 0 0 565 565 563 561 560 557 554 554 551 550 548 546 546
    542 541 539 537 536 534 534 531 529 529 527 524 523 521 521 520 519
    517 517 515 514 511 508 506 506 504 503 502 501 500 499 497 497 497
    506 506 506 509 514 515 517 521 521 525 534 534 548 545 545 554 554
    555 556 568 568 581 581 584 586 587 590 593 596 613 613 614 616 624
    627 630 634 644 644 648 652 652 653 0 0 0 0 0 0 565 565 564 562 561
    557 555 554 552 550 548 547 546 543 540 540 537 536 534 533 531 530
