<?xml version="1.0"?>
<opencv_storage>
<Depth2779 type_id="opencv-matrix">
  <rows>38</rows>
  <cols>23</cols>
  <dt>w</dt>
  <data>
    5132 5056 5056 5056 5056 5056 4983 4983 4983 4983 2680 2659 2659
    2659 2579 2541 2541 0 0 2701 2701 2701 4842 5132 5056 5056 5056 5056
    4983 4983 4983 5056 5056 2659 2618 2598 2579 2579 2541 2541 2579
    2579 2579 2598 2659 4842 5210 5132 5056 5056 5056 4983 4983 4983
    2767 2639 2639 2598 2579 2579 2560 2560 2560 2579 2579 2579 2579
    2579 4774 5210 5132 5056 5056 5056 5056 2812 2812 2767 2659 2618
    2598 2579 2579 2560 2560 2560 2560 2560 2560 2560 2560 4774 5210
    5132 5132 5056 5056 5056 2812 2789 2767 2659 2618 2598 2579 2579
    2579 2560 2560 2560 2560 2560 2560 2560 2579 5132 5132 5132 5056
    5056 5056 2767 2744 2744 2659 2618 2598 2579 2579 2579 2560 2560
    2560 2560 2579 2560 2560 2579 5132 5132 5132 5132 5056 5056 2767
    2744 2723 2659 2618 2579 2579 2579 2579 2560 2560 2560 2560 2560
    2560 2560 2579 5132 5132 5132 5132 5132 5132 2744 2744 2680 2639
    2598 2579 2579 2560 2560 2579 2579 2560 2560 2560 2560 2579 2560
    5056 5056 5132 5132 5132 5132 2744 2744 2659 2639 2598 2579 2579
    2560 2560 2579 2579 2560 2560 2560 2560 2579 2560 5056 5056 5056
    5132 5132 2767 2744 2744 2659 2618 2598 2579 2560 2560 2560 2579
    2579 2560 2560 2560 2560 2579 2560 5056 5056 5056 5056 5132 2767
    2744 2723 2639 2598 2579 2560 2560 2560 2560 2560 2560 2560 2560
    2560 2560 2560 2560 5056 5056 5056 5056 2812 2767 2744 2680 2639
    2579 2579 2560 2560 2560 2560 2560 2560 2560 2560 2560 2560 2560
    2560 5056 5056 5056 2812 2767 2744 2680 2659 2639 2579 2560 2560
    2560 2560 2560 2560 2560 2560 2560 2560 2560 2560 2560 5056 5056
    5056 2812 2767 2744 2680 2659 2639 2579 2560 2560 2560 2560 2560
    2560 2560 2560 2560 2560 2560 2560 2560 5056 5056 2812 2789 2767
    2744 2659 2639 2618 2598 2560 2560 2560 2560 2560 2560 2560 2560
    2560 2560 2560 2560 2560 5056 5056 2812 2789 2767 2659 2639 2639
    2618 2598 2560 2560 2560 2560 2560 2560 2560 2560 2560 2560 2560
    2560 2560 5056 5056 2812 2767 2767 2659 2618 2618 2598 2579 2560
    2560 2560 2560 2560 2560 2560 2560 2560 2560 2560 2560 2579 4983
    4983 4983 2767 2767 2639 2598 2598 2579 2579 2560 2560 2560 2560
    2560 2560 2560 2560 2560 2560 2560 2560 4708 4983 4983 4983 2744
    2744 2639 2598 2598 2579 2560 2560 2560 2560 2560 2560 2560 2560
    2560 2560 2560 2579 2579 4708 5056 5056 2767 2744 2723 2659 2618
    2598 2579 2560 2560 2560 2560 2560 2560 2560 2560 2560 2560 2560
    2579 4708 4708 4983 4983 2767 2723 2680 2659 2618 2579 2579 2560
    2560 2560 2560 2560 2560 2560 2560 2560 2560 2560 2579 4774 4774
    4911 4983 2767 2723 2659 2639 2598 2579 2579 2579 2560 2560 2560
    2560 2560 2560 2560 2560 2560 2560 2560 4774 4774 4911 2789 2767
    2680 2659 2639 2598 2579 2560 2560 2560 2560 2560 2560 2560 2560
    2560 2560 2560 2560 2560 4774 4708 4911 2789 2744 2680 2659 2618
    2598 2579 2560 2560 2560 2560 2560 2560 2560 2560 2560 2560 2579
    2579 4911 4774 4708 4911 2789 2744 2680 2659 2618 2579 2579 2560
    2560 2560 2560 2560 2560 2560 2579 2560 2560 2579 2579 4708 4708
    4708 4911 2744 2744 2659 2639 2598 2579 2579 2560 2560 2560 2560
    2560 2579 2579 2560 2560 2560 2579 2579 4708 4708 4708 2723 2723
    2680 2639 2618 2598 2579 2579 2560 2560 2560 2560 2560 2579 2579
    2560 2560 2560 2579 2598 4708 4708 4708 2744 2723 2680 2639 2618
    2598 2579 2579 2560 2560 2560 2560 2560 2560 2560 2560 2560 2560
    2579 4708 4708 4708 4708 2744 2723 2659 2639 2618 2579 2579 2579
    2560 2560 2560 2560 2560 2560 2560 2560 2560 2560 2579 4708 4708
    4708 4708 2744 2744 2659 2618 2598 2579 2579 2560 2560 2560 2560
    2579 2560 2560 2560 2560 2560 2560 4708 4708 4708 4708 4708 2744
    2680 2639 2598 2579 2579 2579 2560 2560 2560 2560 2579 2579 2579
    2560 2560 2560 2560 4708 4708 4708 4708 4708 2723 2659 2639 2598
    2579 2579 2579 2560 2560 2560 2579 2579 2579 2579 2579 2560 2560
    4582 4582 4645 4708 4708 4708 2659 2659 2639 2598 2579 2579 2579
    2579 2560 2560 2579 2579 2579 2579 2579 2560 2560 4582 4582 4645
    4708 4708 4708 2659 2639 2639 2598 2598 2579 2579 2579 2560 2560
    2579 2579 2579 2579 2579 2560 2560 4842 4708 4708 4708 4708 4708
    2659 2639 2639 2598 2598 2579 2579 2579 2560 2560 2579 2579 2579
    2579 2579 2560 2560 4842 4774 4774 4708 4708 4708 4911 2639 2639
    2618 2598 2579 2579 2579 2560 2560 2579 2579 2579 2579 2560 2541
    2541 4842 4774 4774 4708 4708 4708 4911 4911 4911 4983 2598 2579
    2579 2560 2560 2560 2560 2579 2579 2579 2560 2541 2541 4774 4774
    4774 4774 4708 4708 4983 4911 4911 4911 4911 2579 2579 2560 2560
    2560 2560 2579 2579 2579 2579 2579 4842 4774 4774 4774 4774 4774
    4708</data></Depth2779>
</opencv_storage>
