<?xml version="1.0"?>
<opencv_storage>
<Depth7571 type_id="opencv-matrix">
  <rows>35</rows>
  <cols>27</cols>
  <dt>w</dt>
  <data>
    4522 4463 2522 2522 2541 2541 2365 2415 2415 2398 2398 2415 2398
    2398 4190 4190 4190 4139 4139 4139 4089 4089 4041 4041 4041 4041
    3994 2432 2432 2450 2432 2432 2432 2365 2365 2365 2398 2398 2398
    2398 2398 2415 4190 4190 4139 4139 4089 4089 4041 4041 4041 4041
    3994 3994 2432 2432 2432 2415 2415 2398 2381 2365 2365 2381 2381
    2398 2398 2398 2415 2432 4190 4190 4139 4089 4089 4041 4041 4041
    4041 3994 3994 2415 2415 2415 2415 2415 2398 2381 2365 2365 2381
    2381 2398 2381 2381 2398 2432 4190 4139 4139 4139 4139 4089 4089
    4041 4041 3994 3994 2415 2415 2415 2415 2415 2415 2398 2381 2381
    2398 2381 2381 2381 2381 2398 2415 2450 4139 4139 4139 4139 4089
    4089 4089 4041 3994 2933 2432 2415 2415 2415 2415 2415 2398 2398
    2398 2398 2381 2381 2365 2365 2381 2398 2415 4139 4089 4089 4089
    4089 4089 4089 4041 3994 2933 2432 2398 2398 2398 2415 2415 2415
    2398 2398 2398 2381 2381 2365 2365 2365 2365 2415 4089 4089 4089
    4089 4089 4089 4089 4041 4041 2908 2432 2398 2398 2398 2398 2415
    2415 2398 2398 2365 2365 2365 2365 2349 2349 2349 2398 2398 4089
    4089 4089 4089 4089 4089 4089 4089 2908 2432 2415 2398 2398 2398
    2415 2398 2398 2365 2365 2365 2365 2349 2349 2349 2349 2365 2365
    4041 4041 4089 4089 4089 4089 4089 4089 2933 2432 2415 2398 2398
    2398 2398 2381 2381 2365 2365 2365 2349 2349 2349 2349 2349 2349
    2349 4041 4041 4089 4139 4089 4089 4089 4089 4089 2432 2432 2415
    2398 2398 2381 2381 2381 2365 2365 2349 2349 2349 2349 2349 2349
    2349 2349 4089 4089 4139 4139 4139 4089 4041 4041 3948 2450 2432
    2415 2398 2398 2381 2381 2365 2365 2365 2349 2349 2349 2349 2349
    2349 2349 2349 2349 4089 4139 4139 4139 4089 4041 4041 3948 4522
    2432 2415 2398 2398 2381 2381 2365 2365 2365 2349 2349 2349 2349
    2349 2349 2349 2333 2333 4139 4139 4190 4139 4089 4041 4041 3994
    4522 2467 2398 2398 2398 2381 2365 2365 2365 2365 2349 2349 2349
    2349 2349 2349 2349 2333 2333 2349 4139 4139 4089 4089 4041 4041
    4041 4522 4522 2398 2398 2398 2381 2365 2365 2365 2365 2349 2349
    2349 2349 2349 2349 2349 2349 2349 2349 4190 4139 4089 4089 4041
    4041 4041 4522 4463 2398 2381 2381 2381 2365 2365 2365 2365 2349
    2349 2349 2349 2349 2349 2333 2333 2333 2349 2415 4190 4089 4089
    4089 4041 3994 4522 4463 4463 2381 2381 2381 2365 2365 2365 2365
    2365 2349 2349 2349 2349 2349 2333 2333 2333 2349 2365 2415 4089
    4089 4041 4041 3994 4522 4463 4463 2381 2381 2365 2365 2365 2365
    2365 2349 2349 2349 2349 2349 2349 2333 2317 2317 2317 2349 2398
    2415 4041 4041 4041 3994 4522 4463 4463 2381 2381 2365 2365 2365
    2365 2365 2349 2349 2349 2349 2349 2349 2333 2301 2301 2301 2317
    2349 2415 4041 4041 4041 3994 4522 4522 4463 4463 2381 2365 2365
    2365 2365 2365 2349 2349 2349 2349 2349 2349 2333 2301 2301 2301
    2301 2317 3994 3994 3994 4041 3994 4522 4522 4463 4463 2398 2381
    2365 2365 2365 2365 2349 2349 2349 2349 2349 2349 2333 2301 2301
    2301 2301 2317 2381 3994 3994 4041 4041 4522 4522 4463 4463 2381
    2381 2365 2365 2365 2365 2365 2349 2349 2349 2349 2349 2317 2301
    2301 2301 2317 2317 2365 3948 3948 4041 4041 4522 4463 4463 4463
    2381 2381 2365 2365 2365 2365 2365 2349 2349 2349 2349 2349 2301
    2301 2301 2301 2301 2317 2349 2381 3948 4041 3994 4463 4463 4463
    4463 4405 2398 2365 2365 2365 2365 2365 2349 2349 2333 2317 2317
    2301 2301 2301 2301 2301 2317 2317 2365 3994 3994 3994 4463 4463
    4463 4463 4405 4405 2349 2349 2349 2349 2349 2349 2333 2333 2317
    2317 2301 2301 2301 2301 2301 2301 2317 2333 3994 3994 4041 4463
    4463 4463 4463 4405 4405 2349 2349 2349 2349 2349 2349 2333 2333
    2333 2317 2301 2301 2301 2301 2301 2301 2317 2317 4041 4041 4041
    4463 4463 4463 4463 4463 4405 2365 2365 2349 2349 2333 2333 2333
    2333 2333 2317 2317 2301 2301 2301 2301 2301 2301 2317 4041 4041
    4041 4463 4463 4463 4463 4463 4463 4405 2398 2365 2349 2333 2333
    2333 2333 2333 2317 2317 2301 2301 2301 2301 2301 2301 2317 2333
    4089 4089 4522 4522 4463 4463 4463 4463 4405 2398 2365 2349 2333
    2333 2333 2349 2349 2317 2317 2301 2301 2301 2301 2301 2301 2317
    2333 2349 2365 4522 4522 4522 4463 4463 4463 4405 2415 2349 2349
    2349 2349 2349 2349 2349 2317 2317 2317 2301 2301 2301 2301 2301
    2301 2317 2349 2365 4522 4522 4522 4463 4463 4463 4463 4405 2349
    2333 2333 2349 2349 2349 2349 2317 2317 2317 2301 2301 2301 2301
    2301 2301 2317 2333 2365 4522 4463 4463 4463 4463 4463 4463 4405
    4349 2333 2333 2349 2349 2349 2349 2333 2317 2301 2301 2301 2301
    2301 2301 2301 2301 2317 2349 4522 4463 4463 4463 4522 4463 4463
    4405 4405 2349 2349 2349 2333 2333 2333 2317 2317 2301 2301 2301
    2301 2301 2301 2301 2301 2317 2317 4522 4522 4463 4463 4522 4463
    4463 4405 4405 2349 2349 2349 2333 2333 2317 2317 2317 2301 2301
    2301 2301 2301 2301 2301 2301 2301 2301 4522 4522 4463 4463 4522
    4522 4463 4405 4405 4405 2349 2349 2349 2333 2317 2317 2317 2317
    2317 2317 2301 2301 2301 2301 2301 2301 2301</data></Depth7571>
</opencv_storage>
