<?xml version="1.0"?>
<opencv_storage>
<Depth12597 type_id="opencv-matrix">
  <rows>33</rows>
  <cols>5</cols>
  <dt>w</dt>
  <data>
    5832 5832 5832 5832 5832 5832 5832 5734 5734 5734 5832 5734 5734
    5734 5933 5933 5734 5734 5734 5832 5832 5832 5734 5734 5734 5832
    5832 5734 5734 5734 5734 5734 5640 5548 5548 5734 5640 5640 5548
    5548 5734 5640 5640 5548 5548 5734 5734 5640 5640 0 5734 5640 5640
    5640 0 5734 5640 5640 5640 0 5734 5734 5640 5640 0 5734 5734 5734
    5640 5640 5832 5832 5734 5640 5640 5832 5734 5734 5734 0 5734 5734
    5734 5832 0 5734 5734 5734 5832 5933 5734 5640 5640 5734 5933 5640
    5640 5640 5734 5640 5640 5640 5734 5640 5548 5640 5640 5734 5640
    5548 5734 5734 5734 5640 5640 5734 5734 5734 5640 5640 5832 5734
    5734 5734 5734 5640 5640 5734 5734 5640 5640 5640 5734 5734 5640
    5640 5640 5640 5832 5832 5640 5640 5640 5933 5933 5734 5734 5734 0 0
    5734 5734 5734 5734 0 5640 5640 5640 5734 0 5640 5640 5640 5734 0</data></Depth12597>
</opencv_storage>
