<?xml version="1.0"?>
<opencv_storage>
<Depth17696 type_id="opencv-matrix">
  <rows>81</rows>
  <cols>40</cols>
  <dt>w</dt>
  <data>
    1343 1338 1338 1343 1343 1365 1365 1365 1365 1354 1349 1349 1338
    1322 1322 1322 1322 1268 1268 1268 0 3503 3503 3503 3503 3503 3503
    3503 3503 3503 3503 3503 3503 3503 3503 3503 3503 3503 3503 3539
    1338 1333 1333 1343 1343 1359 1359 1359 1365 1349 1349 1343 1338
    1322 1292 1288 1278 1268 1268 1268 1165 1165 1165 3503 3503 3503
    3503 3503 3503 3503 3503 3503 3503 3503 3503 3539 3503 3503 3503
    3539 1328 1312 1297 1297 1288 1288 1359 1302 1302 1349 1349 1343
    1338 1268 1268 1278 1268 1161 1161 1161 1165 1165 1165 3503 3503
    3503 3503 3503 3503 3503 3503 3503 3503 3503 3503 3539 3539 3539
    3539 3539 1328 1297 1288 1288 1273 1268 1268 1268 1268 1268 1255
    1255 1245 1245 1259 1227 1227 1161 1161 1161 1161 1165 1165 1177
    1177 3503 3503 3503 3503 3503 3503 3503 3503 3503 3503 3503 3539
    3539 3539 3539 1283 1283 1278 1268 1264 1264 1264 1264 1264 1250
    1250 1250 1245 1245 1219 1219 1210 1165 1165 1161 1161 1165 1165
    1173 1181 1181 3503 3503 3503 3539 3503 3503 3503 3503 3503 3503
    3539 3539 3539 3539 1268 1268 1268 1255 1255 1255 1259 1259 1264
    1250 1241 1241 1214 1214 1214 1214 1197 1177 1169 1161 1161 1165
    1165 1165 1161 1161 1161 1161 3539 3539 3539 3503 3503 3503 3503
    3539 3539 3539 3503 3503 1264 1264 1259 1255 1255 1255 1259 1259
    1193 1193 1185 1185 1189 1206 1206 1206 1189 1177 1169 1161 1161
    1161 1161 1161 1161 1161 1161 1161 1165 3539 3539 3503 3503 3503
    3503 3539 3539 3539 3503 3503 1264 1264 1259 1259 1181 1177 1177
    1181 1181 1189 1185 1181 1165 1153 1153 1173 1161 1161 1161 1161
    1161 1161 1161 1161 1161 1161 1161 1165 1165 3576 3576 3503 3503
    3503 3503 3539 3539 3539 3503 3503 0 0 1193 1193 1173 1165 1161 1161
    1169 1177 1177 1153 1153 1153 1153 1153 1153 1153 1157 1157 1157
    1161 1161 1161 1161 1161 1161 1165 1165 3653 3653 3539 3503 3503
    3503 3503 3539 3539 3503 3503 0 0 0 1193 1165 1161 1161 1161 1165
    1145 1145 1149 1149 1149 1149 1149 1149 1149 1149 1149 1153 1157
    1157 1161 1161 1157 1157 1157 1161 3614 3614 3539 3503 3503 3503
    3503 3539 3539 3539 3503 0 0 1149 1141 1141 1141 1141 1138 1138 1141
    1141 1145 1149 1149 1149 1149 1149 1149 1149 1149 1153 1157 1157
    1161 1161 1157 1157 1161 1161 0 3614 3539 3503 3503 3503 3539 3539
    3539 3539 3539 0 1138 1138 1138 1138 1138 1138 1138 1138 1138 1138
    1145 1145 1145 1145 1145 1149 1149 1149 1149 1153 1157 1157 1161
    1161 1161 1161 1161 1161 1165 3539 3539 3539 3503 3503 3503 3503
    3539 3539 3539 0 1130 1130 1130 1130 1130 1130 1138 1138 1138 1138
    1141 1145 1145 1145 1145 1149 1149 1149 1149 1153 1153 1157 1157
    1161 1161 1161 1165 1165 1165 3614 3614 3539 3503 3503 3503 3503
    3539 3539 3539 0 1130 1130 1130 1130 1130 1130 1138 1141 1141 1138
    1138 1145 1145 1145 1145 1149 1149 1149 1149 1153 1153 1157 1157
    1161 1161 1165 1165 1165 0 1165 3576 3576 3539 3539 3539 3539 3539
    3539 3539 0 1130 1130 1130 1130 1130 1130 1141 1141 1141 1138 1138
    1141 1145 1145 1145 1145 1149 1149 1149 1153 1153 1157 1157 1161
    1161 1161 1161 1161 1161 0 3539 3539 3503 3503 3539 3539 3539 3539
    3539 0 1130 1126 1126 1126 1130 1130 1141 1141 1141 1141 1141 1141
    1145 1145 1145 1145 1149 1149 1149 1153 1153 1153 1153 1157 1157
    1161 1161 1161 1161 0 3503 3503 3503 3503 3503 3539 3539 3539 3539 0
    0 1126 1126 1126 1130 1130 1138 1138 1138 1141 1141 1141 1145 1145
    1149 1149 1149 1149 1149 1153 1153 1153 1153 1157 1157 1161 1161
    1161 1161 0 3503 3503 3503 3503 3503 3503 3503 3539 3539 0 0 1126
    1126 1126 1130 1130 1138 1138 1138 1141 1141 1141 1145 1149 1149
    1149 1149 1149 1149 1153 1153 1153 1153 1157 1161 1161 1161 1161
    1161 0 3503 3503 3503 3503 3503 3503 3503 3539 3539 0 0 1126 1126
    1130 1130 1130 1138 1138 1138 1141 1141 1141 1145 1145 1149 1149
    1149 1149 1153 1153 1153 1157 1157 1157 1161 1161 1165 1165 1165 0
    3539 3539 3539 3503 3503 3503 3503 3539 3539 0 0 1126 1126 1130 1130
    1130 1138 1138 1138 1141 1141 1145 1145 1145 1145 1149 1149 1149
    1149 1153 1153 1157 1157 1157 1161 1161 1161 1165 1165 0 0 3539 3539
    3539 3503 3503 3539 3539 3539 0 0 1126 1126 1130 1130 1134 1138 1138
    1138 1141 1141 1145 1145 1145 1145 1149 1149 1149 1149 1153 1153
    1157 1157 1157 1161 1161 1161 1165 1165 1165 0 3539 3539 3539 3539
    3539 3539 3539 3539 0 0 1126 1126 1130 1130 1134 1138 1138 1138 1138
    1141 1145 1145 1145 1145 1145 1149 1149 1149 1153 1153 1157 1157
    1157 1161 1161 1161 1165 1165 1165 0 3539 3539 3503 3503 3539 3539
    3539 3539 0 0 1126 1126 1130 1130 1138 1138 1138 1138 1138 1141 1145
    1145 1145 1145 1145 1149 1149 1149 1153 1153 1157 1161 1161 1161
    1161 1161 1165 1165 0 0 0 3468 3468 3503 3539 3539 3539 3539 0 0
    1134 1134 1130 1130 1138 1138 1138 1138 1138 1141 1145 1145 1145
    1145 1145 1149 1149 1149 1153 1157 1157 1157 1161 1161 1161 1165
    1165 1165 0 0 0 3468 3468 3503 3539 3539 3539 3539 0 0 1130 1130
    1130 1130 1134 1138 1141 1141 1141 1141 1145 1145 1145 1145 1145
    1149 1149 1153 1153 1157 1157 1157 1161 1161 1161 1161 1161 1161
    1161 0 3503 3503 3503 3503 3539 3539 3539 3539 0 0 1130 1130 1130
    1130 1134 1138 1141 1141 1141 1141 1145 1145 1145 1145 1149 1149
    1149 1149 1153 1153 1153 1157 1157 1157 1161 1161 1161 1161 1161 0
    3539 3539 3539 3539 3539 3539 3539 3539 0 0 0 1130 1130 1130 1134
    1134 1141 1141 1141 1141 1141 1145 1145 1145 1149 1149 1149 1149
    1153 1153 1153 1153 1157 1157 1161 1157 1157 1157 1161 0 3539 3539
    3539 3539 3539 3539 3539 3576 0 0 0 1130 1130 1134 1134 1134 1138
    1141 1141 1141 1141 1145 1145 1145 1149 1149 1149 1149 1149 1153
    1153 1153 1157 1157 1161 1157 1157 1161 1161 0 3576 3576 3539 3539
    3539 3539 3539 3576 0 0 0 0 1134 1134 1134 1134 1138 1138 1138 1141
    1145 1145 1145 1145 1149 1149 1149 1149 1149 1149 1149 1153 1157
    1157 1161 1161 1161 1161 1173 1173 1173 3539 3539 3539 3539 3539
    3539 3539 0 0 0 0 1134 1134 1134 1134 1138 1138 1138 1141 1145 1145
    1145 1145 1149 1153 1149 1149 1149 1149 1149 1153 1157 1161 1161
    1161 1161 1165 1173 1173 0 3539 3539 3539 3539 3539 3539 3539 0 0 0
    0 1134 1134 1138 1138 1138 1141 1141 1145 1145 1145 1145 1145 1149
    1153 1153 1153 1149 1149 1153 1157 1157 1161 1161 1161 1165 1165
    1173 1173 0 3539 3539 3539 3539 3539 3539 3539 0 0 0 0 1134 1134
    1138 1134 1134 1141 1141 1145 1145 1145 1149 1149 1149 1149 1149
    1153 1153 1153 1157 1157 1157 1161 1161 1165 1165 1165 1173 1173 0
    3576 3576 3539 3539 3503 3503 3539 0 0 0 0 0 1134 1134 1134 1134
    1134 1141 1141 1145 1145 1145 1145 1145 1149 1149 1149 1157 1157
    1157 1157 1161 1161 1161 1165 1165 1165 1173 1173 0 3539 3539 3539
    3503 3503 3503 3503 0 0 0 0 0 1134 1134 1134 1134 1134 1141 1141
    1145 1145 1145 1145 1145 1149 1149 1149 1157 1157 1157 1161 1161
    1161 1161 1165 1165 1165 1169 1169 1169 3539 3539 3539 3503 3503
    3503 3503 0 0 0 0 0 1138 1138 1134 1134 1141 1141 1141 1145 1145
    1145 1145 1145 1149 1149 1149 1149 1149 1153 1161 1161 1161 1161
    1161 1165 1165 1165 1169 1169 3539 3539 3503 3503 3503 3503 3503 0 0
    0 0 0 1145 1145 1145 1145 1141 1141 1141 1141 1141 1145 1149 1149
    1149 1149 1149 1149 1149 1153 1157 1161 1161 1161 1161 1165 1165
    1165 1165 1165 3576 3576 3503 3503 3503 3503 3503 0 0 0 0 0 1145
    1145 1141 1141 1145 1141 1141 1141 1141 1149 1149 1149 1149 1149
    1149 1149 1149 1153 1153 1161 1161 1161 1161 1165 1165 1165 1165
    1165 1165 3539 3539 3503 3468 3468 3503 0 0 0 0 0 1145 1141 1141
    1141 1145 1145 1145 1145 1145 1145 1149 1149 1149 1149 1149 1149
    1149 1153 1153 1161 1161 1161 1161 1165 1165 1165 1165 1165 1165
    1165 3468 3468 3468 3468 3503 0 0 0 0 0 1141 1138 1138 1138 1145
    1145 1145 1145 1145 1145 1149 1149 1149 1153 1153 1153 1153 1153
