<?xml version="1.0"?>
<opencv_storage>
<Depth19469 type_id="opencv-matrix">
  <rows>123</rows>
  <cols>93</cols>
  <dt>w</dt>
  <data>
    6753 6753 6889 7030 6889 6753 6753 6753 6889 6889 6889 6889 6889
    7030 7030 7030 7030 7030 7030 7030 7030 7030 7030 7030 7030 6889
    6889 6889 6889 6889 7030 7030 7030 7030 7030 7030 6889 6889 7030
    7178 7178 7178 7178 7178 7178 7178 7178 7178 7178 7178 7178 7178
    7178 7178 7178 7178 7178 7178 987 984 984 984 984 984 984 981 981
    981 981 984 987 987 987 987 7178 0 7178 7178 7178 7332 7332 7332
    7332 7332 7332 7332 7332 7492 7492 7492 7492 7332 7332 6753 6753
    6889 6889 6889 6889 6889 6753 6753 6889 6889 7030 7030 7030 7030
    7030 7030 6753 6753 6753 6889 6889 7030 7030 7030 6889 6889 6889
    6889 6889 6889 6889 7030 7030 7030 7030 6889 6889 7030 7178 7178
    7178 7178 7178 7178 7178 7178 7178 7178 7178 7178 7178 7178 7178
    7178 7332 7332 7332 987 984 984 984 984 984 984 981 981 981 981 984
    987 987 987 0 0 7178 7178 7178 7178 7332 7332 7332 7332 7332 7332
    7332 7332 7492 7492 7492 7492 7492 7332 6753 6753 6889 6889 6889
    6889 6889 6753 6753 6889 6889 7030 7030 7030 7030 6889 6889 6753
    6753 6753 6889 6889 7030 7030 6889 6889 6889 6889 6889 7030 6889
    6889 7030 7030 7030 7030 7030 7030 7178 7178 7178 7178 7178 7178
    7178 7178 7178 7178 7030 7030 7030 7030 7178 7178 7178 7332 7178 987
    987 987 984 984 984 984 984 984 984 984 984 987 987 987 987 0 0 0
    7178 7178 7178 7332 7332 7332 7332 7332 7332 7332 7332 7332 7492
    7492 7492 7492 7492 6889 6889 6889 6889 6889 6889 6889 6889 6889
    6889 6889 7030 7030 7030 7030 6889 6889 6889 6889 6889 6889 6889
    6889 6889 6889 6889 6889 6889 6889 7030 7030 7030 7030 7030 7030
    7030 7030 7030 7178 7178 7178 7178 7178 7030 7030 7030 7030 7178
    7030 7030 7030 7030 7178 7178 7178 7178 7178 987 918 918 918 984 981
    981 978 978 984 984 984 987 987 987 987 0 0 0 7492 0 7492 7492 7492
    7492 7332 7332 7332 7332 7332 7332 7492 7492 7492 7492 7492 6889
    6889 6889 6889 6753 6622 6622 6753 6753 6889 6889 6889 6889 7030
    7030 6889 6889 6889 6889 6889 6889 6889 6889 6889 6889 6889 6889
    6889 6889 7030 7030 7030 7030 7030 7030 7030 7030 7030 7178 7178
    7178 7178 7030 7030 7030 7030 7030 7178 7178 7178 910 910 910 920
    920 920 920 920 918 918 918 920 920 923 978 978 984 984 987 987 987
    987 989 0 0 0 0 0 7332 7332 7332 7492 7332 7332 7332 7332 7332 7492
    7492 7492 7492 7492 7492 6889 6889 6889 6889 6753 6622 6622 6753
    6753 6889 6889 6889 6889 7030 7030 6889 6889 6889 6889 6889 6889
    6889 6889 6889 6889 6889 6753 6753 6889 7030 7030 7030 7030 7030
    7030 7030 7030 7030 7030 7178 7178 7178 7030 7030 7030 7030 923 923
    915 0 0 910 910 920 920 915 915 915 915 918 918 920 920 920 975 975
    978 981 987 987 987 987 989 0 0 0 0 0 7178 7178 7332 7332 7492 7492
    7492 7332 7332 7332 7332 7332 7492 7332 7332 6753 6753 6753 6753
    6889 6889 6889 6753 6753 6889 6889 6889 7030 7030 7030 7030 6889
    6889 6889 7030 6889 6889 6889 6889 6889 6889 6753 6753 6889 7030
    7030 7030 7030 7030 7030 7030 7030 7030 7030 7178 7178 933 930 928
    928 923 923 923 915 913 913 910 910 910 913 915 913 913 915 915 918
    920 918 915 915 973 973 975 981 981 984 987 992 0 0 0 0 0 7178 7178
    7332 7332 7332 7492 7492 7332 7332 7332 7332 7332 7492 7332 7332
    6622 6622 6622 6622 6889 6889 6889 6889 6889 7030 6889 6889 6889
    6889 7030 7030 7030 7030 7030 7030 6889 6889 6889 6889 6889 6889
    6889 6889 6889 7030 7030 7030 7030 7030 7178 7178 7030 7030 7030 943
    938 933 930 925 923 923 920 915 915 913 913 910 910 910 910 910 910
    910 910 910 910 913 913 913 915 973 970 970 973 973 975 984 987 998
    0 0 0 0 7332 7178 7178 7178 7332 7332 7332 7492 7492 7492 7492 7492
    7492 7332 7332 6622 6497 6497 6622 6889 6889 6889 6889 6889 6889
    6889 6889 6889 6889 6889 6889 6889 7030 7030 6889 6753 6753 6889
    7030 7030 6889 6753 6753 6889 7030 7030 7030 933 933 933 933 928 935
    935 935 935 930 928 923 923 920 920 915 915 913 913 910 910 910 910
    910 910 910 910 910 910 910 910 913 962 962 967 970 970 973 973 981
    984 992 0 0 0 0 0 7178 7178 7178 7332 7332 7332 7492 7492 7492 7492
    7492 7492 7332 7332 6622 6497 6497 6622 6889 6889 6889 6889 6889
    6889 6889 6889 6889 6889 6889 6889 6889 6889 7030 6889 6753 6753
    6889 7030 7030 6889 6753 6753 6889 6889 933 933 933 933 933 933 928
    928 930 930 933 928 925 923 923 920 918 915 915 913 913 910 910 910
    910 910 910 910 910 910 910 910 910 943 956 959 964 964 970 973 973
    981 984 989 0 0 0 0 0 7332 7332 7332 7332 7332 7492 7492 7492 7492
    7492 7492 7492 7492 7332 6622 6622 6889 6889 6889 6889 6889 6753
    6753 6753 6753 975 970 970 970 6889 6889 6889 7030 6889 6889 6889
    7030 7030 7030 7030 7030 930 930 930 933 933 933 933 933 930 928 928
    928 928 928 925 923 923 923 920 918 915 915 913 913 913 910 910 910
    910 910 910 910 910 910 913 940 943 951 954 956 959 967 973 975 981
    984 987 0 0 0 0 0 7332 7332 7332 7332 7332 7492 7492 7332 7332 7492
    7492 7492 7492 7492 6753 6753 6889 6889 6889 975 975 975 975 975 975
    975 970 970 970 973 6889 6889 7030 7030 938 935 933 933 935 935 935
    935 930 930 933 933 933 930 930 928 928 928 928 928 925 923 923 923
    923 920 918 915 915 915 913 913 913 910 910 910 910 910 910 910 913
    915 938 943 948 954 954 956 964 973 975 981 984 987 0 0 0 0 0 0 7332
    7332 7332 7492 7492 7492 7332 7332 7492 7492 7492 7492 7492 6622
    6622 6889 975 975 973 973 973 973 973 973 975 973 973 973 973 940
    940 940 938 938 935 933 933 935 935 935 935 933 933 933 933 933 930
    930 928 928 928 928 928 925 923 923 923 923 920 920 918 918 915 915
    913 913 913 910 910 910 910 910 913 913 915 935 940 946 951 954 956
    964 973 975 978 981 987 0 0 0 0 0 0 7332 7332 7332 7492 7492 7492
    7332 7332 7492 7492 7492 7492 7492 6622 6622 7030 973 973 973 973
    973 973 973 973 973 973 973 951 946 940 940 940 940 938 935 933 933
    935 935 938 938 938 935 935 933 933 933 930 930 928 928 928 928 925
    923 923 923 923 920 920 920 918 915 915 915 913 913 913 913 910 910
    910 913 913 930 935 940 946 951 954 956 964 970 975 978 981 987 992
    0 0 0 0 0 7332 7332 7332 7492 7492 7492 7492 7492 7492 7492 7492
    7492 7492 6889 7030 978 973 973 973 973 973 970 967 967 964 964 962
    951 946 943 940 940 940 940 940 938 938 940 940 938 938 935 933 933
    933 933 933 930 930 930 930 928 928 925 923 923 923 923 920 920 920
    918 918 915 915 915 913 913 913 913 913 913 913 913 930 935 935 943
    951 956 956 964 970 975 975 981 989 992 998 0 0 0 0 0 7332 7332 7492
    7492 7492 7492 7492 7492 7492 7492 7332 7332 962 973 973 970 970 970
    967 967 967 962 962 959 959 956 951 948 948 946 946 943 943 943 943
    943 940 940 938 938 935 933 933 933 933 933 930 930 930 930 928 928
    925 925 923 923 923 923 920 920 920 918 915 915 915 915 915 913 913
    913 913 913 915 930 933 935 943 951 956 956 964 970 975 975 981 992
    998 998 0 0 0 0 0 7332 7332 7332 7492 7492 7492 7492 7492 7492 7492
    7332 7332 962 962 962 962 964 964 967 964 962 959 959 959 956 954
    951 948 948 948 946 946 946 943 943 943 940 940 940 938 938 933 933
    933 933 933 930 930 930 930 930 928 928 925 925 923 923 923 920 920
    920 918 918 915 915 915 915 915 913 913 913 913 915 925 933 935 943
    951 956 956 964 970 975 975 981 992 998 998 0 0 0 0 0 7332 7332 7332
    7492 7492 7492 7492 7492 7492 7492 7332 7332 964 962 962 962 964 964
    964 964 962 959 959 959 956 954 951 951 951 948 948 948 946 943 943
    940 940 940 940 940 938 938 935 935 935 935 933 930 930 930 930 930
    928 925 925 925 923 923 920 920 920 918 918 915 915 915 915 915 915
    913 913 913 915 923 930 935 940 943 954 956 964 970 975 975 981 989
    995 995 0 0 0 0 0 7332 7332 7332 7492 7492 7492 7492 7492 7492 7492
    7332 7332 964 964 964 964 964 964 964 964 962 959 959 959 956 954
    951 951 951 951 948 948 948 946 943 940 940 940 940 940 940 938 938
