<?xml version="1.0"?>
<opencv_storage>
<Depth12292 type_id="opencv-matrix">
  <rows>31</rows>
  <cols>21</cols>
  <dt>w</dt>
  <data>
    6889 6889 7030 3365 3333 3333 3333 3333 6889 6889 3333 3333 3365
    3365 3365 3365 3365 3333 3333 6889 6889 3399 3365 3365 3365 3333
    3333 3333 3333 3333 3333 3333 3333 3365 3365 3365 3365 3365 3333
    3333 3333 6889 3399 3365 3365 3365 3365 3365 3333 3333 3333 3333
    3333 3365 3365 3365 3365 3365 3365 3333 3333 3333 3333 3365 3365
    3365 3365 3365 3365 3365 3365 3365 3365 3365 3365 3333 3333 3333
    3365 3365 3365 3333 3333 3333 3365 3365 3365 3365 3365 3365 3365
    3365 3365 3365 3365 3365 3333 3333 3333 3333 3333 3333 3333 3333
    3333 3365 3365 3365 3365 3365 3365 3365 3365 3365 3333 3333 3333
    3333 3333 3333 3333 3333 3333 3333 3333 3333 3365 3365 3365 3365
    3365 3365 3365 3365 3333 3333 3333 3333 3333 3333 3333 3333 3333
    3333 3333 3333 3365 3399 3365 3365 3365 3365 3365 3365 3365 3333
    3333 3333 3333 3333 3333 3333 3333 3333 3333 3333 3333 3333 3399
    3365 3365 3365 3365 3365 3365 3365 3333 3333 3333 3333 3333 3333
    3333 3333 3333 3333 3333 3333 3333 3399 3365 3333 3333 3333 3333
    3333 3365 3333 3333 3333 3333 3333 3333 3333 3333 3333 3333 3333
    3333 3333 3365 3365 3333 3333 3333 3333 3333 3333 3333 3333 3333
    3333 3333 3333 3333 3333 3333 3333 3333 3333 3300 3399 3365 3333
    3333 3333 3300 3300 3333 3333 3333 3333 3333 3333 3333 3333 3333
    3333 3333 3333 3333 3300 3399 3365 3333 3333 3333 3300 3300 3300
    3333 3333 3333 3333 3333 3333 3333 3333 3333 3333 3333 3300 3300
    3365 3365 3333 3333 3333 3300 3300 3300 3333 3333 3333 3300 3300
    3300 3333 3333 3333 3333 3333 3300 3300 3365 3365 3333 3333 3333
    3333 3300 3300 3333 3333 3300 3300 3300 3300 3333 3333 3333 3333
    3333 3300 3300 3365 3365 3365 3365 3365 3333 3333 3333 3333 3333
    3300 3300 3300 3300 3300 3333 3333 3333 3333 3333 3300 3365 3365
    3365 3365 3365 3333 3333 3333 3333 3333 3333 3300 3300 3300 3300
    3333 3333 3333 3333 3333 3269 3365 3365 3333 3333 3333 3333 3300
    3300 3300 3333 3333 3333 3300 3300 3300 3300 3333 3333 3333 3300
    3269 3399 3365 3333 3333 3333 3333 3300 3300 3300 3333 3333 3333
    3333 3333 3300 3300 3333 3333 3333 3300 3300 3399 3333 3333 3333
    3333 3333 3300 3300 3300 3333 3333 3333 3333 3333 3333 3333 3333
    3333 3333 3300 3300 3365 3333 3333 3300 3300 3333 3333 3300 3300
    3333 3333 3333 3333 3333 3333 3333 3333 3333 3300 3300 3300 3365
    3333 3333 3300 3300 3333 3300 3300 3300 3300 3333 3333 3333 3333
    3333 3333 3333 3300 3300 3269 3269 3365 3365 3365 3333 3333 3333
    3300 3300 3300 3300 3333 3333 3333 3300 3300 3300 3300 3300 3300
    3269 3269 3365 3365 3365 3333 3333 3333 3333 3333 3300 3300 3333
    3333 3333 3300 3300 3300 3300 3300 3300 3269 3269 3365 3365 3365
    3333 3333 3333 3333 3333 3333 3333 3333 3300 3300 3333 3300 3300
    3269 3269 3300 3269 3269 3399 3333 3333 3333 3333 3333 3333 3333
    3333 3300 3300 3300 3300 3300 3300 3300 3269 3269 3300 3269 3269
    3399 3333 3333 3300 3300 3300 3300 3300 3333 3300 3300 3300 3300
    3300 3300 3300 3300 3300 3300 3300 3300 3365 3333 3333 3300 3300
    3300 3300 3300 3300 3300 3300 3300 3300 3300 3269 3269 3269 3300
    3300 3300 3300 3365 3365 3300 3300 3300 3300 3300 3300 3300 3269
    3269 3269 3300 3300 3269 3269 3269 3300 3300 3300 3333 3399 3365
    3300 3300 3300 3300 3300 3269 3269 3269 3269 3269 3300 3300 3300
    3269 3269 3333 3333 3365 3365 7030 3365 3333 3300 3300 3300 3300
    3269 3269 3269 3269 3300 3333 3300 3300 3269 3269 3365 3365 3399
    6753</data></Depth12292>
</opencv_storage>
