<?xml version="1.0"?>
<opencv_storage>
<Depth9256 type_id="opencv-matrix">
  <rows>84</rows>
  <cols>56</cols>
  <dt>w</dt>
  <data>
    4139 4139 4089 4089 4089 4089 4139 4139 1354 1343 1338 1338 1333
    1333 1333 4190 4190 4190 4190 4190 4190 4190 4139 4139 4139 4139
    4089 4089 4089 4139 4139 4139 4139 4139 4089 4089 4089 4089 4089
    4089 4089 4041 4041 4041 4041 4041 4041 4041 4041 4041 4041 4041
    4041 4041 4041 4041 4139 4139 4089 4089 4089 4089 4139 1349 1343
    1338 1338 1338 1328 1328 1322 1322 1322 4241 4241 4241 4190 4190
    4139 4139 4139 4139 4139 4089 4089 4139 4139 4139 4139 4139 4139
    4089 4089 4089 4089 4089 4089 4089 4041 4041 4041 4041 4041 4041
    4041 4041 4041 4041 4041 4041 4041 4041 4139 4139 4089 4089 4139
    1349 1349 1343 1338 1333 1333 1333 1328 1322 1322 1322 1328 1333
    1333 4295 4190 4190 4190 4190 4190 4139 4139 4089 4089 4139 4089
    4089 4089 4089 4139 4139 4089 4089 4089 4089 4089 4089 4089 4041
    4041 4041 4041 4041 4041 4041 4041 4041 4041 4041 4041 4041 4190
    4190 4190 4190 1343 1343 1343 1338 1333 1333 1333 1333 1322 1317
    1317 1322 1322 1328 1328 1328 1322 1322 1322 1312 1312 1312 1312
    1322 1322 1322 1328 4089 4089 1370 1354 1354 4089 4089 4089 4089
    4089 4139 4089 4089 4041 4041 4041 4041 4041 4041 4041 4041 4041
    4041 4041 4041 4190 4190 4190 1328 1338 1338 1338 1333 1333 1333
    1333 1328 1322 1317 1317 1322 1322 1322 1322 1328 1317 1317 1312
    1312 1312 1312 1312 1312 1312 1312 1312 1312 1312 1370 1328 1328
    1328 1328 1328 4139 4139 4139 4089 4089 4041 4041 4041 4041 4041
    4041 4041 4041 4089 4089 4089 0 4089 4089 4089 1328 1328 1328 1333
    1333 1333 1333 1333 1328 1322 1322 1322 1322 1322 1317 1317 1317
    1312 1312 1312 1312 1312 1312 1312 1312 1312 1307 1307 1312 1312
    1312 1312 1312 1307 1302 1302 1302 1307 1307 4190 4190 4139 4139
    4041 4041 3994 3994 4041 4041 0 4041 0 0 4089 4089 4089 1328 1328
    1328 1333 1333 1333 1328 1328 1322 1322 1322 1322 1317 1317 1312
    1312 1312 1312 1312 1312 1312 1307 1307 1307 1307 1307 1302 1302
    1307 1307 1307 1302 1302 1302 1302 1297 1297 1297 1292 1292 1292
    1292 1292 1292 1292 1288 1288 1288 1288 1278 1278 1278 0 4139 4139
    4139 1333 1333 1333 1333 1333 1333 1328 1328 1322 1322 1322 1322
    1317 1317 1312 1312 1312 1312 1312 1312 1312 1307 1307 1307 1307
    1307 1302 1297 1297 1297 1297 1297 1292 1292 1292 1292 1292 1292
    1292 1292 1292 1292 1292 1292 1288 1288 1288 1273 1273 1278 1278
    1278 1278 4139 4139 0 1333 1333 1333 1333 1333 1333 1328 1328 1328
    1322 1322 1322 1317 1317 1317 1312 1312 1312 1312 1312 1312 1312
    1312 1307 1307 1297 1297 1297 1297 1292 1292 1292 1292 1292 1292
    1292 1292 1292 1288 1288 1288 1288 1288 1288 1288 1288 1288 1273
    1273 1278 1278 1278 0 4190 4190 0 1333 1333 1333 1333 1333 1333 1328
    1328 1328 1322 1322 1322 1322 1317 1317 1312 1312 1312 1312 1312
    1312 1307 1307 1307 1307 1297 1297 1297 1297 1292 1292 1292 1292
    1292 1292 1292 1292 1292 1288 1288 1288 1288 1288 1288 1283 1283
    1283 1283 1283 1278 1278 1278 0 4190 4190 0 1333 1333 1333 1333 1333
    1333 1328 1328 1328 1322 1322 1322 1317 1317 1317 1312 1312 1312
    1312 1312 1307 1307 1307 1307 1307 1302 1297 1297 1297 1297 1292
    1292 1292 1292 1292 1292 1292 1292 1288 1288 1288 1288 1288 1288
    1283 1283 1283 1283 1283 1283 1283 1283 1283 4190 4190 1322 1328
    1328 1328 1333 1333 1328 1328 1328 1328 1322 1322 1322 1317 1317
    1317 1312 1312 1312 1312 1307 1307 1307 1307 1307 1307 1302 1297
    1297 1297 1297 1297 1292 1292 1292 1292 1292 1292 1288 1288 1288
    1288 1288 1288 1288 1283 1283 1283 1283 1283 1283 1283 1283 1283
    4241 4241 1322 1322 1322 1328 1333 1333 1328 1328 1328 1328 1322
    1322 1317 1317 1317 1317 1312 1312 1312 1312 1307 1307 1307 1307
    1307 1307 1302 1297 1297 1297 1297 1297 1297 1292 1292 1292 1292
    1292 1288 1288 1288 1288 1288 1288 1283 1283 1283 1283 1283 1283
    1283 1278 1278 1278 4405 4405 1322 1322 1322 1322 1333 1333 1328
    1328 1328 1328 1322 1322 1317 1317 1317 1317 1312 1312 1312 1312
    1307 1307 1307 1307 1307 1307 1302 1302 1297 1297 1297 1297 1292
    1292 1292 1292 1292 1292 1288 1288 1288 1288 1288 1288 1283 1283
    1283 1278 1278 1278 1278 1278 1278 1278 4522 4522 1322 1322 1322
    1322 1333 1333 1328 1328 1328 1322 1322 1317 1317 1317 1312 1312
    1312 1312 1312 1312 1312 1307 1307 1307 1307 1307 1302 1302 1297
    1297 1297 1297 1292 1292 1292 1292 1292 1292 1288 1288 1288 1283
    1283 1283 1283 1283 1283 1278 1278 1278 1278 1273 1268 1268 4139
    4139 1322 1322 1322 1322 1333 1328 1328 1328 1328 1322 1322 1317
    1312 1312 1312 1312 1312 1312 1312 1312 1312 1307 1307 1307 1307
    1307 1307 1307 1297 1297 1297 1297 1297 1292 1292 1292 1292 1288
    1288 1288 1288 1283 1283 1283 1283 1283 1283 1278 1278 1278 1278
    1273 1268 1268 4139 4190 1322 1322 1322 1322 1333 1328 1328 1328
    1328 1322 1322 1317 1312 1312 1312 1312 1312 1312 1312 1312 1312
    1307 1307 1307 1307 1307 1307 1307 1302 1297 1297 1297 1297 1292
    1292 1292 1292 1288 1288 1288 1288 1283 1283 1283 1283 1283 1283
    1278 1278 1278 1278 1278 1278 1278 4190 4190 1328 1328 1322 1322
    1333 1333 1333 1328 1328 1322 1322 1317 1317 1312 1312 1312 1312
    1312 1312 1312 1312 1307 1307 1307 1307 1307 1307 1302 1302 1297
    1297 1297 1297 1292 1292 1292 1292 1288 1288 1288 1288 1283 1283
    1278 1278 1278 1278 1278 1278 1278 1278 1278 1278 1278 4190 4190
    1328 1328 1328 1328 1333 1328 1328 1328 1328 1322 1322 1322 1317
    1317 1312 1312 1312 1312 1312 1312 1312 1312 1312 1307 1307 1307
    1307 1302 1302 1297 1297 1297 1297 1292 1292 1292 1292 1288 1288
    1288 1288 1288 1283 1278 1278 1278 1278 1278 1278 1278 1278 1278
    1278 1278 4190 4190 1333 1333 1328 1328 1333 1328 1328 1328 1328
    1322 1322 1322 1322 1317 1317 1312 1312 1312 1312 1312 1312 1307
    1307 1307 1307 1307 1307 1302 1302 1297 1292 1292 1297 1297 1292
    1292 1292 1288 1288 1288 1288 1288 1283 1283 1278 1278 1278 1278
    1278 1278 1278 1278 1278 1278 4190 4190 1333 1333 1328 1328 1333
    1328 1328 1328 1328 1322 1322 1322 1322 1322 1317 1312 1312 1312
    1307 1307 1307 1307 1307 1307 1307 1307 1307 1302 1302 1297 1292
    1292 1292 1292 1292 1292 1292 1288 1288 1288 1288 1288 1283 1283
    1283 1283 1283 1283 1278 1278 1278 1278 1278 0 4190 4190 1333 1333
    1328 1328 1333 1328 1328 1328 1328 1322 1322 1322 1322 1322 1317
    1312 1312 1312 1307 1307 1307 1307 1307 1307 1302 1302 1302 1302
    1302 1297 1292 1292 1292 1292 1292 1292 1292 1288 1288 1288 1288
    1288 1288 1288 1288 1283 1283 1278 1278 1278 1278 1278 1278 0 4190
    4190 1328 1328 1328 1328 1328 1328 1328 1328 1322 1322 1322 1322
    1322 1317 1317 1312 1312 1312 1307 1307 1307 1307 1307 1307 1302
    1302 1302 1302 1297 1297 1297 1297 1292 1292 1292 1292 1292 1292
    1288 1288 1288 1288 1288 1288 1283 1283 1283 1278 1278 1278 1278
    1278 1278 0 4139 4139 1328 1328 1328 1328 1328 1328 1328 1322 1322
    1322 1322 1317 1317 1317 1317 1312 1312 1312 1307 1307 1307 1307
    1307 1307 1302 1302 1302 1297 1297 1297 1297 1297 1292 1292 1292
    1292 1292 1288 1288 1288 1288 1288 1288 1288 1283 1283 1278 1278
    1278 1278 1278 1278 1283 0 4139 4139 1328 1328 1328 1328 1328 1328
    1322 1322 1317 1317 1317 1317 1317 1317 1317 1312 1312 1312 1307
    1307 1307 1307 1307 1307 1302 1302 1302 1297 1297 1297 1297 1297
    1297 1292 1292 1292 1292 1288 1288 1288 1288 1283 1283 1283 1283
    1283 1278 1278 1278 1278 1278 1278 1283 0 4190 4190 1322 1322 1328
    1328 1328 1328 1322 1322 1317 1317 1317 1317 1312 1312 1312 1312
    1312 1312 1307 1307 1307 1307 1307 1307 1307 1302 1302 1297 1297
    1292 1292 1292 1292 1292 1292 1292 1288 1288 1288 1288 1283 1283
    1283 1283 1283 1283 1278 1278 1278 1278 1278 1278 1283 1283 4139
    1322 1322 1322 1328 1328 1328 1328 1322 1322 1322 1322 1317 1317
    1312 1312 1312 1312 1312 1312 1307 1307 1307 1307 1307 1307 1307
