<?xml version="1.0"?>
<opencv_storage>
<Depth6980 type_id="opencv-matrix">
  <rows>12</rows>
  <cols>5</cols>
  <dt>w</dt>
  <data>
    2116 0 0 0 0 0 0 0 0 0 0 0 0 0 0 0 0 0 0 0 0 0 0 0 0 0 0 0 0 0 0 0 0
    0 0 5210 0 0 0 0 5056 5056 5056 5056 5056 4983 4983 5056 5056 5056
    4983 4983 5056 5056 5056 4983 4983 5056 5056 5056</data></Depth6980>
</opencv_storage>
