<?xml version="1.0"?>
<opencv_storage>
<Depth13188 type_id="opencv-matrix">
  <rows>8</rows>
  <cols>20</cols>
  <dt>w</dt>
  <data>
    4774 5210 5132 5132 5374 5460 5460 5548 5056 4983 4842 4774 4708
    4708 4645 4645 4708 4774 4708 4708 4774 4774 4842 4774 4774 4774
    4842 4842 4842 4842 4774 4708 4708 4708 4645 4645 4708 4708 4708
    4708 4774 4774 4774 4774 4774 4774 4774 4774 4774 4774 4774 4708
    4645 4645 4708 4708 4708 4708 4708 4645 4774 4774 4774 4774 4774
    4774 4774 4708 4645 4645 4645 4645 4645 4645 4708 4708 4708 4708
    4645 4582 4774 4774 4774 4774 4774 4774 4774 4582 4582 4582 4645
    4645 4645 4645 4708 4708 4708 4708 4645 4582 4774 4774 4774 4774
    4708 4708 4708 4582 4582 4582 4645 4645 4708 4708 4708 4708 4645
    4645 4582 4522 4708 4842 4774 4774 4708 4708 4645 4582 4582 4582
    4645 4708 4774 4774 4774 4774 4645 4582 4522 4522 4708 4911 4842
    4708 4645 4582 4582 4582 4582 4645 4645 4645 4842 4842 4842 4774
    4774 4582 4522 4522</data></Depth13188>
</opencv_storage>
