<?xml version="1.0"?>
<opencv_storage>
<Depth18789 type_id="opencv-matrix">
  <rows>20</rows>
  <cols>15</cols>
  <dt>w</dt>
  <data>
    2723 2723 2701 2701 2744 2744 2744 2789 2812 2812 2812 2812 2835
    2812 2812 2723 2723 2701 2680 2659 2659 2680 2680 2723 2767 2789
    2812 2812 2812 2789 2701 2701 2680 2659 2659 2639 2639 2659 2659
    2659 2639 2639 2639 2767 2744 2701 2701 2659 2659 2659 2639 2639
    2639 2639 2639 2639 2618 2618 2639 2659 0 0 2659 2659 2639 2639 2618
    2560 2560 2579 2598 2598 2618 2618 2618 0 0 0 2639 2639 2639 2503
    2450 2450 2522 2579 2579 2598 2598 2579 2701 0 0 2639 2639 2659 2503
    2450 2450 2503 2560 2579 2579 2579 2579 0 0 0 2639 2639 2659 2639
    2450 2450 2503 2560 2579 2560 2560 2560 0 0 2701 2659 2659 2659 2639
    2618 2579 2579 2579 2579 2560 2560 2560 2744 0 2701 2680 2659 2659
    2659 2639 2639 2618 2579 2579 2560 2560 2560 0 2744 2701 2701 2680
    2659 2659 2639 2639 2618 2579 2579 2579 2560 2560 2723 2723 2701
    2701 2680 2659 2639 2639 2639 2639 2618 2598 2579 2579 2579 2701
    2701 2701 2701 2680 2659 2618 2618 2639 2639 2618 2598 2598 2579
    2579 2701 2701 2701 2701 2680 2659 2618 2618 2639 2639 2639 2618
    2598 2579 2579 2723 2723 2723 2701 2680 2659 2639 2639 2639 2618
    2618 2598 2579 2579 2579 2723 2723 2723 2701 2680 2659 2618 2618
    2618 2598 2598 2598 2579 2579 2579 2701 2723 2744 2723 2680 2659
    2618 2618 2618 2598 2598 2579 2579 2579 2579 2659 2723 2744 2723
    2701 2659 2639 2639 2618 2598 2598 2579 2579 2579 2579 2659 4349
    4349 4241 4190 4190 2639 2639 2618 2598 2598 2579 2579 2579 2579
    4349 4349 4241 4241 4190 4190 4190 4190 4190 2598 2598 2598 2598
    2579 2579</data></Depth18789>
</opencv_storage>
