<?xml version="1.0"?>
<opencv_storage>
<Depth13558 type_id="opencv-matrix">
  <rows>42</rows>
  <cols>32</cols>
  <dt>w</dt>
  <data>
    6889 6889 6889 2349 2349 2333 2317 2317 2333 2333 2333 2333 2317
    2317 2317 2333 2333 2333 2349 2349 2349 2349 2365 2365 2381 2381
    2398 2381 2381 2381 6622 6622 6889 2381 2365 2349 2349 2333 2317
    2317 2333 2333 2333 2333 2333 2333 2333 2333 2349 2349 2349 2349
    2349 2349 2349 2365 2365 2365 2398 2381 2381 2381 2381 6497 2450
    2381 2349 2349 2333 2333 2317 2317 2333 2333 2333 2333 2333 2333
    2349 2349 2349 2349 2349 2349 2349 2349 2349 2365 2365 2365 2381
    2365 2365 2381 2381 6497 2450 2398 2349 2333 2333 2333 2333 2333
    2333 2317 2317 2333 2333 2333 2349 2349 2349 2349 2349 2365 2349
    2349 2349 2349 2365 2365 2381 2365 2365 2365 2365 6622 2381 2381
    2349 2333 2333 2333 2333 2333 2333 2317 2317 2333 2333 2333 2333
    2333 2349 2349 2349 2349 2349 2349 2349 2349 2365 2365 2381 2365
    2365 2365 2365 6622 2349 2349 2349 2349 2333 2333 2333 2333 2333
    2333 2333 2333 2333 2333 2333 2333 2349 2349 2349 2349 2349 2349
    2349 2349 2349 2349 2365 2365 2365 2365 2365 6622 2349 2349 2349
    2349 2333 2333 2333 2333 2333 2333 2333 2333 2333 2333 2333 2349
    2349 2349 2349 2349 2349 2349 2349 2349 2349 2349 2365 2365 2349
    2349 2365 6753 2365 2365 2349 2349 2333 2333 2333 2333 2333 2333
    2333 2333 2333 2333 2333 2349 2349 2349 2349 2349 2349 2349 2349
    2349 2349 2365 2365 2365 2349 2349 2365 6753 2365 2365 2349 2349
    2333 2333 2333 2333 2333 2333 2333 2333 2333 2333 2333 2349 2349
    2349 2349 2349 2365 2365 2365 2349 2349 2365 2365 2365 2365 2365
    2365 2365 2398 2381 2365 2349 2333 2333 2333 2333 2333 2333 2333
    2333 2333 2333 2333 2349 2349 2349 2349 2349 2349 2365 2365 2365
    2365 2365 2365 2381 2365 2365 2381 2381 2398 2381 2365 2349 2333
    2333 2333 2333 2333 2333 2333 2333 2333 2333 2333 2349 2333 2333
    2333 2333 2349 2349 2365 2365 2365 2365 2365 2381 2365 2365 2381
    2381 2398 2381 2365 2349 2333 2333 2333 2333 2333 2333 2333 2333
    2333 2333 2333 2349 2333 2333 2333 2333 2349 2349 2349 2349 2349
    2349 2365 2381 2381 2381 2398 2398 6889 2398 2365 2349 2333 2333
    2333 2333 2333 2333 2333 2333 2333 2333 2333 2349 2349 2349 2333
    2333 2349 2349 2349 2349 2349 2349 2365 2365 2365 2381 2398 2398
    6753 2398 2365 2349 2333 2333 2333 2333 2333 2333 2333 2333 2333
    2349 2349 2349 2349 2349 2333 2333 2349 2349 2349 2349 2349 2365
    2365 2365 2365 2381 2398 2398 6375 2398 2381 2349 2333 2333 2333
    2333 2333 2333 2333 2333 2333 2333 2333 2349 2349 2349 2333 2333
    2349 2349 2349 2349 2349 2365 2381 2365 2365 2365 2381 2381 6259
    2398 2381 2349 2333 2333 2317 2317 2333 2333 2333 2333 2333 2333
    2333 2333 2349 2349 2349 2349 2349 2349 2349 2349 2349 2365 2365
    2365 2365 2365 2381 2381 2415 2398 2381 2349 2333 2333 2317 2317
    2333 2333 2333 2333 2333 2333 2333 2333 2349 2349 2349 2349 2349
    2349 2349 2349 2349 2349 2365 2365 2365 2381 2381 2381 2415 2398
    2398 2365 2349 2333 2333 2333 2333 2333 2333 2333 2333 2333 2333
    2333 2349 2349 2349 2349 2349 2349 2349 2349 2349 2349 2365 2365
    2365 2365 2365 2365 2415 2398 2365 2349 2333 2333 2333 2333 2333
    2333 2333 2333 2333 2333 2333 2333 2349 2349 2349 2349 2349 2349
    2349 2349 2349 2349 2365 2365 2365 2365 2365 2365 2415 2398 2365
    2349 2333 2333 2333 2333 2333 2317 2317 2333 2333 2333 2333 2333
    2349 2349 2349 2349 2349 2349 2349 2349 2349 2349 2365 2365 2365
    2365 2381 2381 6753 2365 2365 2349 2333 2333 2333 2333 2317 2317
    2317 2333 2333 2333 2333 2349 2349 2349 2349 2349 2349 2349 2349
    2349 2349 2349 2365 2365 2365 2365 2381 2398 6753 2365 2365 2349
    2349 2333 2333 2333 2317 2317 2317 2333 2333 2333 2333 2349 2349
    2349 2349 2349 2349 2349 2349 2349 2349 2349 2365 2365 2365 2365
    2381 2398 6753 2381 2381 2365 2349 2333 2333 2317 2317 2317 2317
    2333 2333 2333 2333 2333 2333 2349 2349 2349 2349 2349 2349 2349
    2349 2349 2365 2365 2365 2365 2381 2398 6889 2381 2381 2365 2349
    2333 2317 2317 2317 2317 2317 2333 2333 2333 2333 2333 2333 2333
    2349 2349 2349 2349 2349 2349 2349 2349 2365 2365 2365 2365 2381
    2381 6753 2381 2381 2365 2349 2333 2317 2317 2317 2317 2317 2333
    2333 2333 2333 2333 2333 2333 2333 2333 2333 2349 2349 2349 2349
    2349 2365 2365 2365 2365 2381 2381 6753 2381 2381 2365 2349 2333
    2333 2317 2317 2317 2317 2333 2333 2333 2333 2333 2333 2333 2333
    2333 2333 2349 2349 2349 2349 2349 2365 2365 2365 2365 2365 2365
    6889 2398 2398 2365 2349 2333 2333 2333 2317 2317 2317 2317 2333
    2333 2333 2333 2333 2333 2333 2333 2333 2349 2349 2349 2349 2349
    2365 2365 2365 2365 2365 2365 6889 2398 2398 2381 2349 2333 2333
    2333 2333 2317 2317 2317 2317 2333 2333 2333 2333 2333 2333 2333
    2333 2349 2349 2349 2349 2349 2365 2365 2365 2365 2365 2365 7030
    2398 2398 2381 2349 2333 2317 2317 2317 2317 2317 2317 2317 2333
    2333 2333 2333 2333 2333 2349 2349 2349 2349 2349 2349 2349 2365
    2365 2365 2365 2365 2365 6753 6753 2398 2365 2349 2333 2317 2317
    2317 2317 2317 2317 2317 2333 2333 2333 2333 2333 2333 2333 2333
    2333 2349 2349 2349 2349 2365 2365 2365 2365 2365 2365 6753 6753
    2381 2365 2349 2333 2317 2317 2317 2317 2317 2317 2317 2333 2333
    2333 2333 2333 2333 2333 2333 2333 2333 2349 2349 2349 2365 2365
    2365 2365 2365 2365 6889 6889 2381 2365 2349 2333 2317 2317 2317
    2317 2317 2317 2317 2333 2333 2333 2333 2333 2333 2333 2333 2333
    2333 2349 2349 2349 2365 2365 2365 2365 2365 2365 6889 6889 2381
    2349 2349 2333 2317 2317 2317 2317 2317 2317 2317 2317 2333 2333
    2333 2333 2333 2333 2333 2333 2333 2333 2349 2349 2365 2365 2365
    2365 2365 2365 7030 7030 2349 2349 2349 2333 2301 2301 2301 2317
    2317 2317 2317 2317 2333 2333 2333 2333 2333 2333 2333 2333 2333
    2333 2349 2349 2365 2365 2365 2365 2365 2365 6889 6889 2365 2365
    2349 2333 2301 2301 2301 2317 2317 2317 2317 2317 2333 2333 2333
    2333 2333 2333 2333 2333 2333 2333 2349 2349 2365 2365 2365 2365
    2365 2365 6889 6889 6889 2349 2349 2333 2301 2301 2301 2317 2317
    2317 2317 2333 2333 2333 2333 2333 2333 2333 2333 2333 2333 2349
    2349 2365 2365 2365 2365 2365 2365 2365 6889 6889 6889 2349 2349
    2333 2301 2301 2301 2317 2317 2317 2333 2333 2333 2333 2333 2333
    2333 2333 2333 2333 2333 2349 2349 2365 2365 2365 2365 2365 2365
    2365 6889 6889 6889 2349 2349 2317 2301 2301 2301 2317 2317 2317
    2317 2317 2333 2333 2333 2333 2333 2333 2333 2333 2333 2349 2349
    2365 2365 2365 2365 2365 2365 2349 6889 6889 6889 2333 2333 2301
    2301 2301 2301 2317 2317 2317 2317 2317 2333 2333 2333 2333 2333
    2333 2333 2333 2349 2349 2349 2365 2365 2365 2365 2365 2365 2349
    7030 7030 7030 2301 2301 2301 2301 2301 2301 2317 2317 2317 2317
    2317 2333 2333 2333 2333 2317 2317 2333 2333 2349 2333 2333 2349
    2365 2365 2365 2381 2365 2365 6889 6889 6889 6889 2301 2301 2301
    2301 2301 2301 2317 2317 2317 2317 2333 2333 2333 2333 2317 2317
    2317 2349 2349 2333 2333 2349 2365 6889 6889 6889 6889 6753 6889
    6889 6889 6889 6889 6889 2301 2301 2301 2301 2317 2349 2381 2381
    2365 2349 2349 2333 2317 2317 6622 6622 6622 6259 6259 6622 6753
    6889 6889 6889 6889 6889</data></Depth13558>
</opencv_storage>
