<?xml version="1.0"?>
<opencv_storage>
<Depth9403 type_id="opencv-matrix">
  <rows>108</rows>
  <cols>45</cols>
  <dt>w</dt>
  <data>
    4463 4463 4463 4405 4405 4405 4405 4405 4405 4405 4349 4349 1105
    1105 1105 1101 1080 1080 1080 1105 0 0 0 0 1067 1067 1063 1063 1063
    0 1063 0 0 1161 1161 1161 1161 4241 4041 4041 4241 4241 4190 4190
    4089 4463 4463 4463 4463 4463 4463 1101 1097 1094 1094 1094 1094
    1094 1094 1101 1101 1080 1080 1080 1105 1105 1097 1097 1101 1067
    1067 1067 1063 1063 1063 1063 0 0 1153 1153 1153 1153 4041 4041 4041
    4041 3948 3948 4089 4089 0 0 4463 0 0 1101 1101 1097 1094 1094 1090
    1090 1087 1084 1080 1080 1080 1080 1080 1105 1105 1097 1097 1101
    1101 1067 1067 1067 1063 1063 1063 0 1141 0 1153 1153 1153 1169 1169
    1173 1177 3948 3948 3903 3903 0 0 0 0 0 1101 1101 1097 1094 1090
    1087 1087 1084 1080 1080 1077 1077 1077 1077 1073 1073 1073 1070
    1070 1070 1067 1067 1067 1067 1067 1057 1060 0 1141 1138 1138 1138
    1169 1169 1173 1177 1189 1227 1227 3903 0 0 0 0 0 1101 1097 1094
    1094 1090 1087 1087 1080 1080 1080 1077 1077 1077 1077 1073 1070
    1070 1067 1067 1063 1063 1060 1060 1054 1054 1057 1060 1060 1141
    1123 1123 1130 1165 1165 1173 1177 1189 1227 1227 1227 0 0 0 0 0
    1097 1097 1094 1090 1090 1090 1090 1080 1080 1080 1077 1077 1073
    1073 1070 1070 1067 1067 1063 1063 1060 1060 1054 1054 1054 1054
    1054 1057 1087 1105 1105 1126 1134 1165 1173 1177 1189 1227 1227
    1236 0 0 0 0 1105 1097 1097 1094 1090 1090 1090 1090 1087 1084 1080
    1077 1077 1073 1073 1070 1070 1067 1067 1063 1063 1060 1057 1054
    1054 1054 1054 1054 1054 1087 1097 1101 1126 1134 1169 1177 1177
    1214 1223 1227 1232 0 0 0 0 1105 1101 1097 1094 1090 1090 1090 1090
    1087 1084 1080 1080 1077 1073 1070 1070 1070 1067 1067 1063 1060
    1060 1057 1054 1054 1054 1054 1054 1054 1094 1097 1101 1138 1138
    1169 1177 1181 1214 1223 1227 1232 0 0 0 0 1101 1101 1097 1094 1090
    1090 1090 1090 1087 1084 1080 1080 1077 1073 1070 1070 1070 1067
    1067 1063 1060 1060 1060 1054 1054 1054 1054 1054 1054 1090 1097
    1101 1141 1141 1169 1181 1185 1197 1223 1232 1236 0 0 0 0 1101 1101
    1097 1094 1090 1090 1090 1090 1090 1087 1080 1080 1077 1073 1073
    1070 1070 1067 1067 1063 1063 1063 1060 1057 1054 1054 1054 1054
    1054 1087 1097 1101 1112 1145 1161 1181 1189 1197 1223 1232 1241 0 0
    0 0 1101 1101 1097 1097 1094 1094 1090 1090 1090 1087 1080 1080 1077
    1077 1073 1073 1070 1067 1067 1063 1063 1063 1060 1057 1054 1054
    1054 1054 1067 1084 1097 1108 1112 1145 1157 1165 1189 1206 1223
    1227 1236 0 0 0 0 1101 1101 1097 1097 1097 1094 1094 1090 1087 1087
    1080 1080 1077 1077 1073 1073 1070 1070 1067 1063 1063 1063 1060
    1057 1057 1054 1054 1057 1067 1084 1108 1112 1115 1149 1157 1161
    1202 1214 1223 1227 1236 0 0 0 0 1101 1101 1097 1097 1094 1094 1090
    1090 1087 1087 1080 1080 1077 1077 1077 1073 1070 1067 1067 1063
    1063 1063 1060 1057 1057 1057 1057 1057 1067 1097 1108 1119 1119
    1149 1153 1161 1206 1214 1223 1227 1236 0 0 0 0 1101 1101 1097 1097
    1094 1094 1090 1090 1090 1087 1080 1080 1080 1077 1077 1073 1070
    1067 1063 1063 1063 1060 1060 1057 1057 1057 1057 1060 1067 1097
    1108 1115 1123 1149 1153 1197 1206 1214 1227 1227 1236 0 0 0 0 1097
    1097 1101 1097 1094 1090 1090 1090 1087 1087 1084 1080 1080 1077
    1077 1070 1070 1067 1063 1063 1063 1060 1060 1060 1057 1057 1060
    1060 1067 1101 1108 1115 1123 1145 1153 1197 1206 1210 1227 1232
    1232 0 0 0 0 1097 1097 1101 1097 1094 1090 1090 1090 1087 1087 1084
    1080 1080 1077 1077 1070 1067 1067 1063 1063 1063 1063 1063 1060
    1057 1057 1060 1063 1070 1101 1108 1112 1123 1145 1153 1202 1206
    1210 1232 1236 1236 0 0 0 0 1101 1101 1101 1097 1094 1090 1090 1090
    1087 1087 1084 1080 1080 1077 1077 1073 1067 1067 1063 1063 1063
    1063 1063 1060 1060 1060 1060 1063 1080 1101 1108 1112 1126 1157
    1157 1197 1206 1210 1232 1236 1236 0 0 0 0 1105 1105 1101 1097 1094
    1090 1090 1090 1087 1087 1084 1080 1080 1077 1077 1073 1067 1067
    1063 1063 1063 1063 1063 1060 1060 1060 1060 1063 1087 1097 1105
    1115 1126 1161 1161 1177 1206 1210 1236 1241 1241 0 0 0 0 1105 1105
    1101 1097 1097 1094 1090 1090 1087 1087 1084 1080 1080 1077 1077
    1073 1070 1067 1067 1067 1063 1063 1063 1060 1060 1060 1060 1070
    1087 1097 1105 1126 1149 1161 1165 1173 1210 1219 1236 1245 0 0 0 0
    0 1105 1101 1101 1097 1097 1094 1090 1090 1090 1087 1084 1084 1080
    1077 1077 1073 1070 1070 1067 1067 1063 1063 1060 1060 1060 1063
    1067 1070 1090 1101 1108 1119 1153 1161 1169 1173 1219 1227 1241
    1245 0 0 0 0 0 1105 1101 1101 1097 1097 1094 1094 1090 1090 1087
    1084 1084 1080 1077 1077 1073 1070 1070 1067 1067 1063 1063 1060
    1060 1060 1063 1067 1073 1090 1101 1112 1119 1149 1161 1169 1177
    1219 1232 1241 1245 0 0 0 0 0 1105 1101 1101 1097 1097 1094 1094
    1090 1090 1087 1084 1084 1080 1077 1077 1073 1070 1070 1067 1067
    1063 1063 1063 1060 1060 1063 1067 1080 1087 1101 1119 1123 1149
    1161 1169 1177 1219 1227 1241 1245 1245 0 0 0 0 1108 1101 1101 1097
    1097 1097 1094 1090 1090 1087 1084 1084 1080 1077 1077 1077 1073
    1070 1067 1067 1063 1063 1063 1063 1063 1063 1073 1084 1084 1097
    1123 1123 1153 1165 1173 1202 1219 1223 1236 1241 1241 0 0 0 0 1105
    1101 1101 1101 1097 1097 1094 1094 1090 1090 1090 1084 1080 1080
    1077 1077 1073 1070 1067 1067 1063 1063 1063 1063 1063 1063 1070
    1080 1080 1097 1123 1126 1157 1165 1173 1202 1214 1219 1236 1241
    1241 0 0 0 0 1105 1105 1105 1105 1097 1097 1094 1094 1090 1090 1090
    1084 1080 1080 1077 1077 1073 1073 1067 1067 1067 1063 1063 1063
    1063 1067 1070 1080 1080 1105 1123 1134 1153 1161 1185 1202 1214
    1219 1236 1241 1241 0 0 0 1108 1108 1105 1105 1105 1097 1097 1094
    1094 1094 1090 1090 1084 1080 1080 1077 1077 1073 1073 1070 1067
    1067 1063 1063 1063 1063 1067 1070 1080 1084 1112 1123 1130 1153
    1161 1197 1210 1223 1232 1241 1241 1241 0 0 0 1105 1105 1105 1105
    1105 1101 1097 1094 1094 1094 1090 1087 1080 1080 1080 1077 1077
    1073 1073 1070 1070 1067 1063 1063 1063 1063 1063 1070 1080 1090
    1112 1115 1123 1153 1157 1202 1214 1227 1236 1245 1245 1245 0 0 0
    1105 1105 1105 1105 1105 1101 1097 1094 1094 1094 1090 1087 1080
    1080 1080 1077 1077 1073 1073 1070 1067 1067 1063 1063 1063 1063
    1063 1070 1087 1097 1112 1115 1123 1153 1157 1206 1219 1227 1236
    1245 1245 0 0 0 0 1108 1108 1105 1105 1105 1101 1097 1094 1094 1094
    1090 1087 1080 1080 1080 1080 1077 1073 1073 1070 1067 1067 1063
    1063 1063 1063 1063 1067 1087 1097 1112 1123 1123 1161 1161 1214
    1214 1227 1236 1245 1245 0 0 0 0 1108 1108 1105 1105 1101 1101 1097
    1094 1094 1094 1090 1090 1084 1084 1080 1080 1077 1077 1073 1070
    1067 1067 1063 1063 1063 1063 1063 1067 1087 1097 1112 1123 1126
    1165 1169 1197 1214 1227 1236 1245 1245 0 0 0 1112 1108 1108 1105
    1105 1101 1097 1097 1094 1094 1094 1090 1090 1087 1084 1080 1080
    1077 1077 1073 1073 1070 1067 1067 1063 1063 1063 1063 1067 1087
    1097 1123 1126 1126 1165 1173 1193 1214 1227 1236 1245 1245 0 0 0
    1112 1108 1108 1108 1105 1101 1097 1097 1094 1094 1094 1090 1090
    1087 1084 1084 1080 1077 1077 1077 1073 1073 1067 1067 1063 1063
    1063 1067 1070 1087 1101 1123 1126 1126 1169 1173 1193 1214 1227
    1241 1250 1250 0 0 0 0 1108 1108 1108 1105 1105 1101 1097 1094 1094
    1094 1090 1090 1087 1084 1084 1080 1077 1077 1077 1073 1070 1067
    1067 1063 1063 1063 1067 1070 1090 1105 1115 1126 1141 1169 1177
    1193 1214 1227 1245 1245 1245 0 0 0 0 1112 1108 1108 1105 1105 1101
    1097 1094 1094 1094 1090 1090 1087 1084 1084 1080 1080 1077 1077
    1073 1070 1067 1067 1063 1063 1063 1067 1080 1090 1108 1115 1126
    1153 1173 1181 1193 1219 1227 1241 1241 1241 4241 0 0 1123 1112 1108
    1108 1108 1105 1105 1101 1097 1094 1094 1094 1090 1087 1084 1084
    1080 1080 1077 1077 1073 1073 1067 1067 1063 1063 1067 1070 1084
