<?xml version="1.0"?>
<opencv_storage>
<Depth0263 type_id="opencv-matrix">
  <rows>24</rows>
  <cols>7</cols>
  <dt>w</dt>
  <data>
    0 0 5933 5734 5640 5640 5832 0 0 5933 5832 5640 5640 5832 0 0 6038
    5933 5832 5832 5832 0 0 0 5933 5832 5832 5832 0 0 0 5933 5933 5933
    5933 0 0 0 5933 5933 5933 5933 0 0 5933 5832 5832 5933 5933 0 6038
    5933 5832 5832 5832 5832 0 6038 5933 5832 5832 5832 5832 0 0 5933
    5832 5832 5832 5832 0 5832 5832 5832 5933 5832 5832 0 5832 5734 5734
    5933 5832 5832 0 5734 5734 5734 5832 5933 0 0 5734 5734 5734 5832
    5933 0 0 5832 5734 5734 5832 5933 0 0 6146 5933 5933 5933 5933 0 0
    5933 5933 5933 5933 6146 0 6038 5933 5933 5933 5933 0 0 6038 5933
    5933 5933 5933 0 0 6038 5933 5933 5933 5933 0 0 5933 5933 5933 5933
    5933 0 0 5933 5933 5933 5933 5933 0 0 5933 5933 5933 5933 0 0 0 5832
    5832 5832 6038 0 0 0</data></Depth0263>
</opencv_storage>
