<?xml version="1.0"?>
<opencv_storage>
<Depth12737 type_id="opencv-matrix">
  <rows>8</rows>
  <cols>40</cols>
  <dt>w</dt>
  <data>
    6622 6497 6497 6622 6622 6622 6753 6753 6753 6753 6622 6497 6497
    6622 6497 6375 6375 6753 6622 6497 6375 5933 5734 5734 5640 5548
    5460 5460 5460 5460 5460 5460 5460 5460 5460 5460 5460 5460 5460
    5460 6375 6375 6375 6375 6375 6622 6622 6753 6622 6622 6622 6497
    6497 6497 5548 5460 5460 5548 5548 5460 5460 5548 5548 5548 5548
    5548 5460 5460 5460 5460 5460 5460 5460 5460 5460 5460 5460 5460
    5460 5460 6375 5640 5640 5548 5548 5548 5548 5460 5460 5548 5548
    5548 5548 5548 5548 5460 5460 5460 5460 5460 5460 5460 5548 5548
    5548 5548 5460 5460 5460 5460 5460 5460 5374 5374 5460 5460 5460
    5548 5460 5460 5460 5548 5548 5460 5460 5460 5460 5460 5460 5548
    5548 5548 5548 5548 5548 5460 5460 5460 5460 5460 5460 5460 5460
    5548 5548 5548 5460 5460 5460 5460 5460 5374 5291 5291 5374 5374
    5374 5460 5460 5460 5460 5460 5460 5460 5460 5460 5460 5460 5460
    5460 5460 5460 5548 5548 5548 5460 5460 5460 5460 5460 5460 5460
    5460 5460 5460 5460 5460 5460 5460 5460 5460 5374 5291 5291 5291
    5374 5374 5460 5460 5460 5460 5460 5460 5460 5460 5460 5460 5460
    5374 5374 5374 5460 5460 5460 5460 5460 5460 5460 5460 5460 5460
    5460 5291 5210 5210 5291 5460 5548 5548 5548 5460 5374 5374 5291
    5291 5460 5548 5548 5548 5548 5460 5374 5374 5374 5460 5460 5460
    5460 5374 5291 5291 5291 5374 5460 5460 5460 5460 5460 5460 5460
    5374 5374 5291 5210 5132 5132 5460 5548 5548 5548 5460 5460 5460
    5460 5460 5460 5548 5548 5548 5548 0 5374 5374 5374 5460 5548 5460
    5460 5374 5291 5291 5291 5374 5460 5460 5460 5460 5460 5460 5460
    5374 5374 5291 5210 5132 5132 5132 5132 6889 5548 5548 5548 5548
    5548 6622 6375 6375 6375 0 0</data></Depth12737>
</opencv_storage>
