<?xml version="1.0"?>
<opencv_storage>
<Depth6154 type_id="opencv-matrix">
  <rows>128</rows>
  <cols>83</cols>
  <dt>w</dt>
  <data>
    4041 4089 4041 4041 4041 3994 3994 4041 4041 4041 4041 3994 3994
    3994 882 882 885 885 885 882 880 880 880 880 880 3994 3948 3948 3948
    3948 3948 3903 3903 3859 3859 3903 3859 3859 3859 3859 3859 3859
    3859 3859 3859 3859 3859 3859 3859 3859 3816 3816 3816 3816 3816
    3816 3816 3816 3816 3816 3816 3816 3774 3732 3732 3774 3774 3774
    3774 3732 3732 3692 3692 3692 3692 3692 3774 3774 3732 3732 3732
    3732 3732 4041 4041 4041 4041 4041 3994 3994 4041 4041 4041 3994
    3994 882 882 882 882 882 880 880 880 880 880 880 880 880 880 880 880
    880 880 3948 3903 3903 3903 3903 3859 3859 3859 3903 3903 3859 3859
    3859 3859 3859 3859 3859 3859 3859 3816 3816 3816 3816 3816 3816
    3816 3816 3816 3816 3816 3816 3816 3774 3732 3732 3774 3774 3774
    3774 3732 3732 3692 3692 3692 3692 3692 3774 3774 3774 3732 3732
    3732 3732 4041 4041 4041 4041 0 0 0 0 0 0 3994 885 880 880 880 880
    880 880 880 880 880 880 880 880 880 878 878 878 880 880 880 880 880
    880 878 878 878 3859 3903 3903 3903 3903 3903 3859 3859 3859 3859
    3859 3859 3816 3816 3816 3816 3816 3816 3816 3816 3816 3816 3816
    3816 3816 3816 3774 3774 3774 3774 3774 3774 3732 3732 3692 3692
    3692 3692 3732 3774 3732 3732 3732 3732 3732 3732 4041 4041 4041 0 0
    0 0 0 0 0 0 882 880 880 880 878 878 878 878 880 880 880 880 880 880
    878 878 878 880 880 880 880 878 878 878 878 878 878 878 878 878 875
    875 3816 3816 3816 3816 3816 3816 3816 3816 3816 3816 3816 3816 3816
    3816 3816 3816 3816 3816 3816 3816 3816 3774 3774 3774 3774 3774
    3774 3732 3692 3692 3692 3732 3732 3774 3732 3732 3732 3732 3732
    3732 4041 4041 4041 0 0 0 0 0 0 0 0 882 880 880 878 878 878 878 878
    880 880 880 878 878 878 878 878 880 880 880 878 878 878 878 878 878
    878 878 878 878 878 875 875 875 875 875 875 3816 3816 3816 3816 3816
    3816 3816 3816 3816 3816 3816 3816 3816 3816 3816 3816 3816 3774
    3774 3774 3774 3732 3732 3732 3692 3692 3692 3732 3732 3774 3732
    3732 3732 3732 3692 3692 3994 3994 0 0 0 0 0 0 0 0 0 882 880 880 878
    878 878 878 878 880 880 878 878 878 878 878 878 878 878 878 878 878
    878 878 878 878 878 878 878 878 878 875 873 873 875 875 875 875 873
    873 871 871 873 873 3816 3816 3816 3816 3816 3816 3816 3816 3816
    3816 3774 3774 3774 3774 3732 3732 3732 3692 3692 3692 3732 3732
    3774 3732 3732 3732 3732 3692 3692 3994 3994 0 0 0 0 0 0 0 0 0 880
    878 878 878 878 878 878 878 878 878 878 878 878 878 878 878 878 878
    878 878 878 875 875 878 878 878 878 878 875 875 873 873 873 873 873
    873 873 873 873 871 871 873 873 875 875 875 875 875 875 878 3816
    3816 3774 3774 3774 3732 3732 3774 3732 3732 3692 3692 3692 3732
    3732 3774 3732 3732 3732 3732 3692 3692 3994 3994 3994 0 0 0 0 0 0 0
    0 880 878 878 878 878 878 878 878 878 878 878 878 878 875 875 875
    873 873 878 878 875 875 875 875 875 875 875 875 875 873 873 873 873
    873 873 873 873 871 871 873 873 873 873 873 873 873 875 875 875 875
    875 875 875 878 878 3732 3732 3774 3732 3732 3692 3692 3732 3732
    3732 3774 3774 3732 3732 3732 3692 3692 3994 3994 3994 0 0 0 0 0 0 0
    0 878 878 875 875 875 878 878 878 878 878 878 878 878 875 875 873
    873 873 875 875 875 873 873 875 875 875 873 873 873 873 871 871 873
    873 873 873 873 871 871 873 873 873 873 873 871 871 873 873 873 873
    873 873 875 875 873 873 873 873 875 873 873 875 3732 3732 3774 3774
    3774 3732 3732 3732 3692 3692 3994 3994 0 0 0 0 0 0 0 0 0 878 878
    875 875 875 878 878 878 878 878 875 875 875 873 873 873 873 873 873
    875 875 873 873 873 873 873 873 873 873 871 871 871 871 871 873 873
    873 871 871 873 873 871 871 871 871 871 871 871 871 871 873 873 875
    875 873 873 873 873 875 873 873 875 875 873 873 873 873 875 3732
    3732 3692 3692 3994 3994 0 0 0 0 0 0 0 0 0 878 875 875 875 875 878
    875 875 875 875 875 875 873 873 873 873 873 873 873 873 873 873 873
    871 871 871 871 871 871 871 871 871 871 871 871 871 871 871 871 871
    871 871 871 871 871 871 871 871 871 871 871 873 873 873 873 873 875
    875 875 875 875 875 873 873 873 873 873 875 873 873 873 875 3994
    3994 0 0 0 0 0 0 0 0 878 878 875 875 875 875 878 875 875 875 875 873
    873 873 873 873 873 873 873 873 873 873 873 873 871 871 871 871 871
    871 871 871 871 871 871 871 871 871 871 871 871 871 871 869 869 869
    869 871 871 871 871 871 871 871 871 871 871 871 873 873 875 875 875
    873 873 873 873 873 873 873 873 873 875 3994 3994 0 0 0 0 0 0 0 0
    875 875 875 875 875 875 875 873 873 873 873 873 871 871 871 871 871
    871 871 871 871 873 873 873 871 871 871 871 871 871 871 871 871 871
    871 871 871 871 871 871 869 869 869 869 869 869 869 871 871 871 871
    871 871 871 869 869 871 871 871 873 873 873 873 873 873 873 873 873
    873 873 873 873 873 3994 3994 0 0 0 0 0 0 0 0 873 873 873 873 873
    873 873 871 871 873 873 873 871 871 871 871 871 871 871 871 871 871
    871 871 871 871 871 871 871 871 871 871 871 871 869 869 871 869 869
    871 869 869 869 869 869 871 871 871 871 871 871 871 871 871 869 869
    869 869 869 871 873 873 873 871 871 871 873 871 871 871 873 873 873
    3994 4041 0 0 0 0 0 0 0 0 873 873 873 873 873 873 873 871 871 871
    871 871 871 871 871 871 871 871 871 871 871 871 871 871 871 871 871
    871 871 871 869 869 869 869 869 869 869 869 869 869 869 869 869 869
    869 869 869 869 869 869 871 871 871 871 871 869 869 869 869 871 871
    871 871 871 871 871 871 871 871 871 871 871 873 3994 0 0 0 0 0 0 0 0
    873 871 871 871 871 871 871 871 871 871 871 871 871 871 871 871 869
    869 871 871 871 871 871 871 871 871 871 871 869 869 869 869 869 869
    869 869 869 869 869 869 869 869 869 869 869 869 869 869 869 869 869
    869 869 871 871 869 869 869 869 869 871 871 871 871 871 871 871 871
    871 871 871 871 871 871 4041 0 0 0 0 0 0 0 875 873 871 871 871 871
    871 871 871 871 871 871 871 871 871 871 869 869 869 869 869 869 869
    869 869 871 869 869 869 869 869 869 869 869 869 869 869 869 869 867
    867 869 869 869 869 869 869 869 869 869 869 869 869 869 869 869 869
    869 869 869 869 871 871 871 871 871 871 871 871 871 871 871 871 871
    867 4041 0 0 0 0 0 0 0 875 871 871 871 871 871 871 871 871 871 871
    871 871 869 869 869 869 869 869 869 869 869 869 869 869 869 869 869
    869 867 867 867 869 869 869 869 869 869 869 867 867 869 869 869 869
    869 869 869 869 869 869 869 869 869 869 869 869 869 869 869 869 871
    871 871 871 871 871 871 871 869 869 869 871 869 867 4041 0 0 0 0 0 0
    0 871 871 871 869 869 871 871 871 871 871 871 869 869 869 869 869
    869 869 869 869 869 869 869 869 869 869 869 869 869 867 867 867 867
    867 867 867 867 867 867 867 867 867 869 869 869 869 869 869 869 869
    869 869 869 869 869 867 867 867 867 867 867 871 871 871 871 869 869
    869 869 869 869 869 871 869 867 4041 0 0 0 0 0 0 0 871 869 869 869
    869 869 869 869 869 869 869 869 869 869 869 869 869 869 869 869 869
    869 869 869 869 869 869 867 867 867 867 867 867 867 867 867 867 867
    867 867 867 867 867 867 867 867 867 867 869 869 869 869 869 869 869
    867 867 867 864 864 867 871 871 871 871 869 869 869 867 867 869 871
    871 869 867 0 0 0 0 0 0 0 0 0 867 867 867 867 869 869 869 869 869
    869 869 869 869 869 867 867 867 867 869 869 869 869 867 867 867 867
    867 864 864 864 864 864 867 867 867 864 864 867 867 867 867 867 864
    864 864 864 867 867 867 864 864 864 867 867 867 864 864 864 864 864
    869 871 871 871 869 869 869 867 867 867 867 869 867 867 0 0 0 0 0 0
    0 0 0 867 867 867 867 867 867 867 867 867 867 867 867 867 867 867
    864 864 864 867 867 867 869 867 867 867 864 864 864 864 864 864 864
    864 864 864 864 864 864 864 867 867 867 864 862 862 864 864 867 864
    864 862 862 864 864 864 864 862 862 862 862 869 869 869 871 869 869
    869 867 867 867 867 867 864 864 0 0 0 0 0 0 0 0 0 867 867 867 867
