<?xml version="1.0"?>
<opencv_storage>
<Depth7838 type_id="opencv-matrix">
  <rows>47</rows>
  <cols>24</cols>
  <dt>w</dt>
  <data>
    6497 6497 6497 6497 6497 6497 2789 2767 2767 2767 2767 2767 2744
    2744 6375 2908 2908 2883 2883 6375 6375 6375 6375 6375 6497 6497
    6497 6497 6497 2789 2789 2789 2767 2767 2767 2744 2744 2723 2723
    2767 2908 2859 2859 2835 2835 6375 6259 6259 6497 6497 6497 6497
    6497 2789 2767 2767 2767 2767 2744 2744 2744 2723 2723 2744 2744
    2835 2835 2835 2835 2835 2835 6259 6497 6497 6497 6497 2835 2789
    2767 2767 2744 2744 2744 2723 2723 2701 2701 2723 2723 2767 2812
    2812 2835 2835 2835 2835 6622 6497 6375 6375 2812 2767 2767 2744
    2744 2744 2744 2723 2723 2701 2701 2723 2723 2744 2767 2789 2812
    2812 2812 2812 6622 6497 6375 6375 2767 2767 2744 2744 2744 2744
    2723 2723 2723 2701 2701 2723 2723 2723 2744 2789 2812 2812 2812
    2812 6497 6497 6375 6375 2767 2767 2744 2744 2744 2723 2723 2723
    2701 2701 2701 2701 2723 2723 2744 2767 2812 2812 2812 2812 6497
    6497 6375 2812 2767 2767 2744 2744 2744 2723 2723 2723 2701 2701
    2701 2701 2723 2723 2744 2767 2812 2812 2835 2835 6497 6497 2789
    2789 2789 2767 2744 2744 2744 2723 2723 2723 2723 2723 2723 2723
    2723 2744 2744 2744 2812 2812 2835 2835 6497 6497 2789 2789 2789
    2767 2767 2744 2723 2723 2723 2723 2723 2723 2723 2723 2723 2744
    2744 2744 2789 2812 2835 2835 6497 6497 2789 2789 2789 2767 2767
    2744 2723 2723 2701 2701 2723 2723 2723 2723 2723 2744 2744 2767
    2789 2812 2812 2812 6497 6497 6497 2789 2789 2767 2744 2744 2723
    2723 2701 2701 2680 2680 2701 2723 2723 2723 2744 2767 2812 2812
    2812 2812 6622 6375 6375 2789 2767 2767 2744 2723 2723 2723 2701
    2701 2680 2680 2701 2723 2723 2723 2744 2789 2812 2812 2812 2812
    6622 6375 6375 2789 2767 2767 2744 2723 2723 2723 2701 2701 2680
    2680 2701 2723 2723 2723 2744 2812 2812 2812 2812 2812 6497 6375
    6375 2789 2767 2767 2744 2723 2723 2723 2701 2701 2680 2680 2701
    2723 2723 2723 2744 2812 2812 2812 2812 6038 6497 6497 2789 2789
    2767 2744 2744 2723 2723 2723 2701 2701 2680 2680 2723 2723 2723
    2744 2744 2812 2812 2812 2812 6038 6375 2812 2789 2789 2767 2744
    2744 2723 2723 2723 2723 2701 2680 2680 2701 2723 2723 2744 2744
    2789 2812 2812 2812 6146 6375 2812 2789 2767 2767 2744 2744 2723
    2723 2701 2701 2680 2680 2680 2701 2723 2723 2723 2744 2767 2812
    2812 2812 6146 6497 2835 2789 2767 2767 2744 2723 2723 2701 2701
    2701 2680 2680 2680 2701 2701 2723 2723 2744 2767 2812 2812 2812
    6146 6497 2789 2767 2744 2744 2744 2723 2723 2701 2701 2701 2680
    2680 2680 2701 2701 2723 2744 2767 2789 2744 2744 2812 2812 6497
    2789 2767 2744 2744 2744 2723 2723 2701 2701 2701 2680 2680 2701
    2723 2723 2723 2744 2767 2789 2744 2744 2744 6038 6622 2789 2767
    2744 2744 2723 2723 2723 2723 2701 2701 2701 2701 2723 2723 2723
    2723 2723 2767 2789 2744 2744 2744 6259 6622 2744 2744 2744 2723
    2723 2723 2723 2723 2701 2701 2701 2701 2701 2701 2723 2723 2723
    2744 2789 2812 2835 2835 6146 6622 2744 2744 2744 2723 2723 2723
    2723 2701 2701 2701 2701 2701 2701 2701 2723 2723 2744 2744 2812
    2812 2835 6146 6038 2767 2767 2744 2744 2723 2723 2701 2680 2680
    2659 2659 2680 2701 2701 2701 2723 2723 2744 2767 2767 2767 2767
    6038 6038 2767 2767 2744 2744 2723 2723 2701 2680 2680 2659 2659
    2680 2701 2701 2701 2723 2723 2744 2767 2767 2767 6146 6038 6038
    2767 2767 2744 2744 2723 2723 2701 2701 2680 2680 2680 2680 2680
    2701 2701 2723 2723 2767 2767 2767 2767 6146 6038 6038 2789 2767
    2744 2723 2723 2701 2701 2680 2680 2680 2680 2680 2680 2701 2701
    2723 2723 2744 2767 2767 2767 6146 6146 6038 2744 2744 2744 2723
    2723 2701 2701 2680 2680 2680 2680 2680 2723 2701 2701 2723 2744
    2744 2767 2767 2767 6146 6146 6038 2723 2744 2744 2723 2723 2701
    2701 2701 2680 2680 2680 2680 2701 2701 2701 2744 2744 2767 2767
    2767 2767 6146 6038 6038 2723 2744 2744 2723 2723 2701 2680 2680
    2680 2680 2680 2680 2701 2701 2701 2723 2767 2767 2767 2767 6146
    6146 6038 6038 2744 2744 2723 2723 2701 2701 2680 2680 2680 2680
    2701 2701 2701 2701 2723 2723 2789 2789 2789 2789 6146 6146 6038
    6038 2744 2744 2723 2701 2701 2701 2680 2659 2659 2659 2659 2701
    2701 2701 2723 2744 2789 2789 2789 2789 2789 6038 6038 6038 2744
    2744 2723 2701 2701 2701 2680 2659 2659 2659 2659 2701 2701 2723
    2723 2744 2744 2744 2744 2744 6038 6038 6038 6038 2744 2723 2723
    2701 2680 2680 2659 2659 2659 2659 2680 2701 2701 2701 2723 2744
    2744 2744 2744 2744 6038 6038 6038 6038 2744 2723 2723 2701 2680
    2680 2659 2659 2680 2680 2680 2701 2701 2701 2701 2744 2744 2744
    2744 2744 6038 6038 6038 6038 5374 2723 2723 2701 2701 2701 2659
    2659 2659 2659 2680 2701 2701 2701 2701 2744 2744 2744 2744 2744
    6038 6038 6038 5933 5374 5374 2723 2723 2701 2701 2659 2659 2659
    2659 2680 2701 2701 2701 2701 2744 2767 2744 2744 6038 6038 6038
    5933 5933 5374 5374 2723 2723 2701 2701 2659 2659 2659 2680 2680
    2701 2701 2701 2701 2723 2723 2767 5933 5933 5933 5933 5933 5933
    2767 2744 2723 2723 2744 2744 2701 2680 2680 2701 2701 2701 2723
    2744 2744 2723 2723 5210 5291 5291 5291 5291 5933 5933 2767 2744
    2744 2744 2744 2744 2744 2723 2723 2723 2723 2723 5210 5210 5210
    5210 5210 5210 5210 5210 5210 5132 5132 5056 2767 2744 2744 2744
    2744 2744 2744 2744 2744 2723 2723 2723 2723 5210 5210 5210 5210
    5210 5132 5132 5132 5132 5056 5056 2767 2744 2744 2744 2744 2744
    2744 2723 2723 2701 2701 2701 2723 2723 5210 5210 5132 5132 5132
    5132 5132 5056 5056 5056 2767 2744 2744 2744 2744 2723 2723 2723
    2701 2701 2701 2701 2723 2723 2723 2723 5132 5056 5056 5056 5132
    5056 5056 5056 2767 2744 2744 2744 2744 2723 2723 2701 2701 2701
    2701 2701 2701 2723 2723 2723 2723 4983 4983 4983 5132 5132 5056
    4983 2744 2744 2744 2744 2744 2723 2723 2701 2701 2680 2680 2701
    2701 2701 2723 2723 0 4983 4983 4983 5132 5132 5056 4983 2744 2744
    2744 2744 2744 2723 2723 2723 2701 2680 2680 2701 2701 2701 2723
    2723 0 0 5056 5056 5132 5132 5056 4983</data></Depth7838>
</opencv_storage>
