<?xml version="1.0"?>
<opencv_storage>
<Depth18037 type_id="opencv-matrix">
  <rows>55</rows>
  <cols>114</cols>
  <dt>w</dt>
  <data>
    4041 4041 1283 1278 1278 1283 1278 1278 1273 1273 1268 1268 1268
    1268 1278 1273 1273 1273 1273 1273 1273 1273 1273 1273 1273 1268
    1268 1268 1268 1268 1273 1273 1273 1273 1273 1273 1273 3903 3903
    3903 3903 1259 1259 1259 3903 3903 3903 3903 3903 3859 3859 3859
    3859 3859 3859 3859 3859 3816 3816 3816 3859 1259 1255 1255 3732
    3732 3732 3732 3692 3692 3774 3774 3653 3576 3576 3576 3539 3539
    3503 3503 3503 3503 3503 3503 3468 3468 2598 2598 2598 2579 2541
    2522 2522 2503 2503 2503 2503 2503 2503 2503 2485 2450 2432 2398
    2365 2349 2317 2317 2286 2286 2241 2212 2198 2170 1278 1278 1278
    1278 1278 1278 1273 1273 1268 1268 1268 1268 1268 1268 1273 1273
    1273 1273 1273 1273 1273 1273 1273 1273 1268 1268 1268 1264 1264
    1268 1268 1268 1268 1268 1273 1273 1268 1264 1264 1264 1259 1259
    1259 1259 1264 1264 1259 1255 1255 1255 1255 1259 3859 1259 1255
    1250 1250 3816 3816 3816 1255 1255 1255 1255 1259 1259 1264 1264
    1255 1250 1250 1250 1245 1245 1245 1245 1245 1245 1245 1245 3503
    3503 3503 3503 3468 3468 2579 2579 2598 2560 2541 2522 2522 2503
    2485 2485 2485 2485 2503 2503 2485 2450 2432 2398 2365 2365 2365
    2286 2286 2286 2226 2212 2198 2170 1264 1273 1273 1273 1268 1268
    1259 1259 1264 1264 1264 1264 1259 1259 1264 1264 1268 1268 1268
    1268 1268 1268 1268 1264 1264 1264 1264 1259 1259 1259 1259 1259
    1264 1264 1259 1259 1259 1259 1259 1259 1259 1259 1259 1259 1259
    1259 1255 1255 1255 1250 1250 1250 1250 1250 1250 1245 1245 1245
    1245 1245 1250 1250 1250 1250 1245 1245 1250 1245 1245 1245 1245
    1245 1245 1245 1245 1245 1245 1241 1241 1241 3503 3539 3539 3539
    3503 3468 2579 2579 2579 2560 2541 2522 2503 2485 2467 2467 2467
    2485 2485 2485 2467 2450 2450 2450 2450 2450 2271 0 2271 2256 2212
    2198 2184 2170 1264 1264 1259 1259 1264 1259 1259 1259 1259 1259
    1259 1255 1255 1255 1255 1259 1259 1259 1259 1259 1259 1259 1259
    1259 1259 1259 1255 1255 1255 1255 1255 1255 1255 1255 1255 1255
    1255 1255 1255 1255 1255 1255 1255 1250 1250 1250 1250 1250 1250
    1250 1250 1245 1245 1245 1241 1241 1241 1241 1241 1245 1245 1245
    1245 1245 1245 1241 1241 1241 1241 1245 1245 1241 1241 1241 1241
    1241 1241 1241 1236 1236 1236 1236 3614 3614 3539 3503 2579 2579
    2579 2560 2541 2503 2485 2485 2467 2467 2467 2467 2467 2467 2450
    2450 2450 2450 0 0 0 2271 2271 2256 2212 2198 2184 2170 1264 1264
    1255 1241 1241 1241 1241 1241 1241 1255 1255 1255 1245 1245 1250
    1255 1255 1255 1255 1255 1255 1250 1250 1255 1255 1255 1255 1250
    1250 1250 1250 1250 1255 1255 1255 1250 1250 1250 1245 1245 1250
    1245 1245 1245 1245 1245 1245 1245 1241 1241 1241 1241 1241 1241
    1241 1236 1236 1236 1236 1241 1241 1241 1241 1241 1241 1241 1241
    1241 1236 1232 1232 1232 1232 1236 1236 1236 1236 1236 1232 1232
    1232 1227 3614 3614 3576 3539 3468 2618 2579 2560 2541 2503 2450
    2450 2450 2450 2467 2467 2467 2450 2450 2450 2450 2450 2398 2398
    2398 2398 0 2212 2212 2198 2184 2170 0 1241 1236 1236 1236 1236 1236
    1236 1236 1232 1232 1236 1232 1232 1241 1245 1245 1245 1250 1245
    1245 1245 1245 1245 1245 1245 1245 1241 1241 1245 1245 1241 1241
    1241 1241 1241 1241 1241 1241 1241 1241 1241 1236 1236 1236 1236
    1236 1236 1236 1236 1236 1236 1236 1236 1236 1236 1232 1232 1232
    1236 1236 1236 1232 1232 1232 1232 1227 1227 1227 1227 1227 1227
    1227 1227 1232 1232 1232 1232 1223 1223 1227 1227 3614 3614 3576
    3539 3468 2618 2579 2541 2522 2467 2432 2432 2432 2450 2467 2467
    2450 2450 2450 2450 2450 2432 2398 2398 2398 0 0 2184 2184 2184 2184
    2170 0 1236 1236 1232 1232 1232 1232 1232 1227 1227 1227 1227 1227
    1227 1232 1232 1236 1236 1236 1236 1236 1236 1236 1236 1236 1236
    1236 1236 1236 1236 1236 1236 1236 1236 1236 1236 1236 1236 1236
    1236 1232 1232 1227 1227 1227 1227 1227 1227 1227 1227 1232 1232
    1232 1232 1223 1223 1223 1223 1223 1227 1227 1227 1227 1227 1227
    1227 1223 1223 1223 1223 1223 1223 1223 1223 1219 1219 1223 1223
    1219 1214 1214 1214 1214 3576 3576 3539 3468 2618 2579 2541 2503
    2467 2432 2415 2415 2415 2450 2450 2450 2432 1193 1193 1189 1189
    2381 2381 2381 0 0 0 2184 2184 2184 2170 0 1232 1232 1227 1223 1223
    1227 1223 1223 1223 1223 1223 1219 1219 1223 1227 1227 1232 1232
    1232 1227 1223 1223 1223 1223 1227 1223 1223 1223 1232 1227 1227
    1227 1227 1227 1227 1227 1227 1223 1223 1223 1223 1223 1223 1223
    1219 1219 1219 1219 1223 1223 1223 1223 1223 1219 1219 1219 1219
    1219 1223 1223 1223 1219 1219 1219 1219 1219 1219 1219 1214 1214
    1219 1214 1214 1210 1210 1210 1210 1210 1210 1210 1210 0 3576 3576
    3576 3433 2618 2579 2541 2503 2467 2432 2415 2415 2415 1189 1189
    1185 1185 1185 1181 1181 1181 1181 1185 1185 1185 0 2198 2198 2170
    2170 2170 0 1232 1227 1219 1219 1214 1214 1214 1219 1219 1219 1214
    1214 1214 1219 1219 1223 1223 1223 1219 1219 1219 1219 1219 1219
    1219 1219 1219 1219 1219 1219 1219 1223 1219 1219 1223 1223 1223
    1223 1219 1219 1219 1219 1219 1214 1214 1214 1214 1214 1214 1214
    1214 1214 1214 1214 1210 1210 1210 1210 1219 1214 1210 1210 1210
    1210 1214 1210 1210 1214 1210 1210 1210 1210 1210 1206 1206 1206
    1206 1206 1206 1197 1197 1197 0 2701 2701 2701 2598 2560 2541 2522
    2485 2432 2415 2415 1197 1189 1189 1181 1181 1181 1181 1181 1181
    1181 1181 1181 1181 0 0 2170 2170 2170 2170 0 1223 1219 1214 1214
    1214 1210 1210 1214 1214 1214 1210 1210 1210 1214 1214 1214 1206
    1206 1206 1206 1206 1210 1210 1210 1206 1206 1206 1206 1206 1206
    1206 1206 1206 1206 1206 1214 1214 1214 1210 1210 1214 1210 1210
    1210 1210 1210 1206 1206 1206 1206 1206 1206 1206 1206 1206 1206
    1202 1202 1206 1206 1202 1202 1206 1206 1210 1206 1206 1206 1206
    1202 1202 1202 1202 1206 1206 1202 1202 1202 1193 1193 1193 1193 0
    2701 2701 2701 2598 2560 2541 2522 2503 2450 2450 1206 1197 1189
    1185 1177 1173 1173 1173 1173 1177 1177 1177 1177 1177 1177 1161
    2184 2184 2184 2170 0 1219 1214 1210 1206 1206 1206 1206 1206 1206
    1206 1202 1202 1202 1206 1206 1206 1202 1202 1202 1202 1202 1202
    1202 1206 1206 1206 1202 1202 1202 1202 1202 1202 1197 1197 1197
    1202 1202 1202 1202 1206 1206 1206 1206 1206 1202 1202 1202 1202
    1202 1202 1202 1202 1202 1202 1197 1197 1197 1197 1202 1197 1197
    1197 1197 1197 1202 1206 1206 1202 1202 1197 1193 1193 1193 1193
    1189 1189 1189 1185 1185 1189 1189 1189 0 3208 3208 3208 3365 2579
    2560 2522 2503 2467 2467 1206 1197 1189 1181 1173 1169 1169 1169
    1169 1173 1173 1165 1161 1161 1161 1161 1149 1149 2170 2156 0 1219
    1210 1202 1202 1202 1202 1202 1202 1197 1197 1197 1197 1197 1202
    1202 1202 1202 1197 1197 1197 1193 1193 1193 1193 1193 1193 1193
    1197 1197 1189 1189 1189 1189 1189 1189 1189 1189 1189 1189 1189
    1189 1189 1189 1189 1197 1193 1189 1189 1189 1189 1193 1193 1193
    1193 1193 1189 1189 1193 1193 1193 1193 1193 1193 1193 1197 1197
    1197 1193 1189 1189 1189 1189 1189 1189 1189 1189 1185 1185 1185
    1181 1181 1181 1177 3208 3208 3208 3365 2598 2560 2522 2503 2503
    2503 1197 1197 1189 1181 1169 1165 1165 1165 1165 1165 1165 1165
    1161 1157 1149 1149 1149 1145 2170 2170 0 0 1202 1197 1197 1197 1197
    1197 1193 1189 1189 1185 1185 1185 1189 1189 1197 1197 1189 1189
    1189 1189 1189 1189 1189 1189 1185 1185 1185 1185 1185 1185 1185
    1185 1185 1185 1185 1185 1185 1185 1185 1185 1185 1185 1185 1185
    1185 1185 1185 1185 1189 1189 1185 1185 1185 1185 1185 1185 1185
    1189 1189 1189 1189 1189 1189 1181 1181 1185 1189 1185 1181 1181
    1181 1181 1181 1181 1181 1181 1181 1181 1177 1177 1177 1177 3238
    3238 3238 3399 3399 3433 2541 2541 2541 1197 1197 1197 1189 1181
    1169 1161 1161 1157 1157 1157 1157 1161 1153 1149 1149 1145 1145
    1145 2170 2170 0 0 1189 1189 1189 1185 1185 1185 1185 1185 1185 1185
