<?xml version="1.0"?>
<opencv_storage>
<Depth2684 type_id="opencv-matrix">
  <rows>65</rows>
  <cols>76</cols>
  <dt>w</dt>
  <data>
    0 0 0 0 0 0 5132 5132 5056 5056 4983 4983 4983 1255 1255 1255 1250
    1250 4983 4983 4911 4774 4774 4774 4774 4774 4774 4708 4708 4645
    4645 4645 4645 4645 4645 4645 4645 4582 4582 4582 4582 4582 4522
    4522 4522 4522 4522 4463 4463 4463 4463 4405 4405 4405 4405 4405
    4405 4405 4405 4349 4295 4295 4349 4295 4241 4241 4241 4241 4241
    4190 4190 4241 4241 4241 4190 4190 0 0 0 0 0 0 0 5291 5210 5056 5056
    1250 1250 1255 1255 1250 1250 1245 1245 1245 4911 4911 4911 4911
    4842 4774 4774 4708 4708 4708 4708 4708 4708 4708 4708 4645 4645
    4645 4645 4582 4582 4582 4522 4522 4522 4522 4522 4522 4463 4463
    4463 4405 4405 4405 4405 4405 4405 4405 4405 4349 4295 4295 4349
    4295 4295 4241 4241 4241 4241 4241 4241 4241 4241 4241 4190 4190 0 0
    0 0 0 0 5640 5374 5291 5210 5056 1250 1250 1250 1250 1250 1250 1245
    1245 1245 1245 4911 4911 4911 4911 4842 4774 4708 4708 4708 4708
    4708 4708 4708 4708 4645 4645 4645 4645 4645 4582 4582 4582 4582
    4582 4522 4522 4522 4463 4463 4463 4405 4405 4405 4405 4405 4405
    4405 4405 4349 4349 4349 4349 4349 4295 4295 4241 4241 4241 4241
    4241 4241 4241 4241 4190 4190 0 0 0 0 0 0 5640 5548 5374 5374 5374
    1250 1250 1250 1250 1250 1250 1245 1245 1245 1250 1250 4911 4911
    4911 4774 4774 4708 4708 4708 4708 4774 4708 4708 4708 4708 4708
    4708 4708 4645 4645 4582 4582 4582 4582 4582 4522 4522 4463 4463
    4463 4405 4405 4405 4405 4405 4405 4405 4405 4405 4349 4349 4349
    4349 4295 4295 4295 4295 4241 4241 4241 4241 4241 4241 4190 4190 0 0
    0 0 0 0 0 5640 5640 5640 1250 1250 1250 1250 1250 1250 1250 1245
    1245 1245 1250 1241 1241 1241 4774 4774 4708 4708 4708 4708 4708
    4774 4708 4708 4708 4708 4708 4708 4708 4645 4645 4582 4582 4582
    4582 4582 4582 4522 4463 4463 4463 4463 4463 4463 4405 4405 4463
    4405 4405 4405 4405 4405 4349 4349 4295 4295 4295 4295 4241 4241
    4241 4241 4241 4241 4190 4190 0 0 0 0 0 0 0 0 1250 1250 1245 1245
    1245 1250 1250 1250 1250 1250 1250 1250 1250 1241 1241 1241 1241
    4708 4708 4708 4708 4774 4774 4774 4708 4708 4708 4708 4708 4708
    4708 4645 4645 4645 4582 4582 4582 4582 4582 4522 4463 4463 4463
    4463 4463 4463 4463 4463 4463 4463 4405 4405 4405 4405 4405 4349
    4349 4349 4295 4295 4241 4241 4241 4241 4241 4241 4190 4190 0 0 0 0
    0 0 0 0 1250 1250 1245 1245 1245 1250 1250 1250 1250 1250 1250 1250
    1250 1245 1241 1241 1245 1245 4708 4708 4708 4774 4774 4842 4774
    4708 4708 4708 4708 4708 4708 4645 4645 4645 4645 4582 4582 4582
    4582 4582 4522 4463 4463 4463 4463 4463 4463 4463 4463 4463 4463
    4405 4405 4405 4405 4349 4349 4349 4349 4349 4295 4295 4295 4241
    4241 4241 4241 4241 0 0 0 0 0 0 0 1250 1245 1245 1245 1245 1245 1250
    1250 1250 1250 1250 1250 1245 1245 1245 1245 1245 1245 1245 1245
    4774 4774 4774 4774 4842 4774 4774 4708 4708 4708 4708 4708 4708
    4645 4645 4645 4645 4645 4645 4645 4582 4582 4463 4463 4463 4463
    4463 4463 4463 4463 4463 4463 4463 4463 4405 4405 4405 4349 4349
    4349 4349 4349 4295 4295 4241 4241 4241 4241 4241 0 0 0 0 0 1245
    1245 1245 1241 1241 1241 1241 1241 1245 1245 1245 1245 1245 1250
    1245 1245 1245 1245 1241 1241 1245 1245 1245 4842 4842 4842 4842
    4774 4774 4708 4708 4708 4708 4708 4708 4645 4645 4645 4645 4645
    4645 4645 4582 4582 4582 4522 4522 4522 4522 4463 4463 4463 4463
    4463 4463 4463 4463 4405 4405 4349 4349 4349 4349 4349 4295 4295
    4241 4241 4241 4241 4241 0 0 0 0 1245 1245 1245 1245 1241 1241 1241
    1241 1241 1245 1245 1241 1241 1245 1245 1245 1241 1241 1241 1241
    1241 1241 1241 1241 1245 1245 4842 4842 4708 4708 4708 4708 4774
    4774 4708 4708 4708 4645 4645 4645 4645 4645 4645 4582 4582 4582
    4582 4582 4582 4522 4522 4463 4463 4463 4463 4463 4463 4463 4463
    4405 4405 4405 4349 4349 4349 4295 4295 4241 4241 4241 4241 4241 0 0
    0 0 1245 1245 1241 1241 1241 1241 1241 1241 1241 1245 1245 1241 1241
    1245 1245 1245 1241 1241 1241 1241 1241 1241 1241 1241 1241 1241
    1241 4708 4708 4582 4582 4645 4708 4708 4708 4708 4708 4645 4645
    4645 4645 4645 4645 4645 4582 4582 4582 4582 4582 4522 4522 4522
    4463 4463 4463 4463 4463 4463 4463 4405 4405 4405 4405 4349 4349
    4295 4295 4241 4241 4241 4241 4241 0 0 1245 1241 1241 1241 1241 1241
    1241 1241 1241 1241 1241 1241 1241 1241 1241 1245 1241 1241 1241
    1241 1241 1241 1236 1236 1241 1241 1241 1241 1241 1241 4582 4582
    4582 4645 4645 4708 4708 4708 4708 4645 4645 4645 4645 4645 4645
    4645 4645 4645 4645 4582 4582 4522 4522 4522 4522 4463 4463 4463
    4463 4463 4463 4463 4405 4405 4405 4405 4405 4349 4295 4295 4295
    4295 4295 4295 0 0 1245 1241 1241 1241 1241 1241 1241 1241 1241 1241
    1241 1241 1241 1241 1241 1241 1236 1236 1241 1236 1236 1236 1236
    1236 1236 1236 1236 1236 1236 1241 1245 1245 1245 4645 4645 4708
    4708 4708 4708 4708 4708 4708 4645 4645 4645 4645 4645 4645 4645
    4645 4582 4522 4522 4522 4522 4463 4463 4463 4463 4463 4463 4463
    4463 4405 4405 4405 4405 4349 4349 4349 4349 4349 4295 4295 0 1245
    1241 1241 1236 1236 1241 1241 1241 1241 1241 1241 1236 1236 1241
    1241 1241 1241 1236 1236 1241 1236 1236 1236 1236 1236 1236 1236
    1236 1236 1236 1241 1241 1241 1241 1241 4708 4708 4645 4645 4645
    4645 4708 4708 4645 4645 4645 4645 4645 4645 4645 4645 4582 4582
    4582 4582 4522 4522 4463 4463 4463 4463 4463 4463 4463 4405 4405
    4405 4405 4349 4349 4349 4349 4349 4295 4295 0 1241 1236 1236 1236
    1236 1236 1236 1241 1241 1236 1236 1236 1236 1236 1236 1236 1236
    1236 1236 1236 1236 1236 1236 1236 1236 1236 1236 1236 1236 1236
    1241 1241 1241 1241 1241 1232 4645 4645 4645 4645 4645 4708 4708
    4645 4645 4645 4645 4645 4645 4645 4645 4582 4582 4582 4582 4522
    4522 4463 4463 4463 4463 4463 4463 4463 4463 4405 4405 4405 4405
    4349 4349 4349 4349 4349 4349 1241 1241 1236 1232 1232 1232 1236
    1236 1236 1241 1236 1236 1236 1236 1236 1236 1236 1236 1236 1236
    1236 1236 1236 1236 1236 1236 1236 1236 1236 1236 1236 1241 1241
    1241 1241 1232 1232 1232 4645 4645 4645 4708 4708 4708 4708 4645
    4645 4645 4645 4645 4645 4645 4645 4645 4582 4582 4582 4582 4522
    4463 4463 4463 4463 4463 4463 4463 4463 4405 4405 4405 4405 4405
    4405 4405 4349 4349 1241 1241 1236 1232 1232 1232 1236 1236 1236
    1236 1236 1236 1236 1236 1236 1236 1236 1236 1236 1236 1236 1236
    1236 1236 1236 1236 1236 1236 1236 1236 1236 1236 1236 1236 1236
    1232 1232 1232 1232 1236 4842 4842 4708 4708 4708 4708 4708 4645
    4645 4645 4645 4645 4582 4582 4582 4582 4582 4582 4582 4522 4463
    4463 4463 4463 4463 4463 4463 4463 4405 4405 4405 4405 4405 4405
    4349 4349 1245 1245 1236 1232 1232 1232 1236 1236 1236 1236 1236
    1236 1236 1236 1236 1236 1236 1236 1236 1236 1236 1236 1236 1236
    1236 1236 1236 1236 1236 1236 1236 1236 1236 1236 1236 1236 1232
    1232 1236 1236 1236 4774 4774 4708 4708 4708 4708 4645 4645 4645
    4645 4645 4582 4582 4582 4582 4582 4582 4582 4522 4463 4463 4463
    4463 4463 4463 4463 4463 4463 4405 4405 4405 4405 4405 4349 4349
    1250 1250 1241 1236 1236 1236 1232 1232 1236 1236 1236 1236 1236
    1236 1236 1236 1236 1236 1236 1236 1236 1236 1236 1236 1236 1236
    1236 1236 1236 1236 1236 1236 1236 1236 1236 1236 1236 1236 1236
    1236 1236 1236 4774 4708 4708 4708 4645 4645 4645 4645 4645 4645
    4582 4582 4582 4582 4582 4582 4582 4582 4522 4463 4463 4463 4463
    4463 4463 4463 4463 4405 4405 4405 4405 4405 4405 4349 1255 1250
    1241 1236 1236 1236 1232 1232 1232 1232 1232 1232 1232 1236 1236
    1236 1236 1232 1232 1236 1236 1236 1232 1232 1236 1236 1236 1236
    1236 1236 1236 1236 1236 1236 1236 1236 1236 1236 1236 1236 1236
    1236 1236 1236 4708 4708 4645 4645 4645 4645 4645 4645 4645 4645
    4645 4582 4582 4582 4582 4522 4522 4463 4463 4522 4463 4463 4463
    4463 4463 4463 4405 4405 4405 4405 4405 4405 0 1245 1245 1236 1236
