<?xml version="1.0"?>
<opencv_storage>
<Depth0195 type_id="opencv-matrix">
  <rows>14</rows>
  <cols>10</cols>
  <dt>w</dt>
  <data>
    0 0 4041 4041 4041 4041 4041 4089 4089 4139 0 4089 4041 4041 4041
    4089 4089 4089 4089 4190 3994 3994 4089 4089 4190 4139 4089 4041
    4041 4139 3994 3994 4089 4089 4190 4139 4089 4041 4041 4089 4041
    4041 4089 4089 4190 4089 4041 3994 3994 4041 4089 4089 4139 4139
    4089 4089 4041 3994 3994 3994 4190 4190 4190 4139 4089 4041 3994
    3994 3994 3994 4190 4190 4190 4139 4139 4041 3994 3994 3994 3994
    4190 4190 4139 4041 4041 3994 3994 3994 4139 4089 4041 4041 4139
    4041 4041 3994 3994 4041 4139 4089 4041 4041 4139 4139 4139 4041
    4041 4041 4139 4089 4089 4089 4139 4139 4139 4139 4139 4139 4139
    4139 4139 4139 4139 4190 4190 4139 4139 4089 4041 4041 0 0 0 4139
    4041 4041 4041 4041 4041 4041</data></Depth0195>
</opencv_storage>
