<?xml version="1.0"?>
<opencv_storage>
<Depth0745 type_id="opencv-matrix">
  <rows>38</rows>
  <cols>74</cols>
  <dt>w</dt>
  <data>
    4645 4645 4708 1536 1536 1529 1523 1516 1516 3503 1529 1529 1529
    1529 1529 1529 3539 3503 3503 3468 3468 4645 4582 4582 3503 3468
    3365 3365 3365 3433 3468 4645 4645 4645 4645 3333 3333 3333 3300
    3300 4645 4645 4645 4645 4645 4582 4582 4582 4582 4582 4582 4582
    4582 4645 4645 4645 4645 4645 4645 4582 4582 4582 4582 4582 4582
    4582 4582 4582 4522 4463 4405 4405 4463 4522 4645 4645 4708 1516
    1516 1523 1523 1516 1516 1516 1516 1523 1523 1523 1516 1516 1516
    1516 1516 1516 4645 4645 4582 4582 4582 4582 1509 1503 1503 4645
    4645 4645 4645 4645 4645 4645 4645 4645 4645 4645 4645 4645 4645
    4645 4645 4582 4582 4582 4582 4582 4582 4582 4582 4645 4645 4645
    4645 4645 4645 4645 4645 4645 4582 4582 4582 4582 4582 4582 4522
    4463 4463 4463 4522 4522 4645 4645 0 1496 1496 1496 1496 1496 1496
    1496 1496 1509 1509 1509 1509 1509 1509 1509 1509 1509 1509 1509
    1509 1509 1509 1509 1503 1503 1503 1503 1509 4645 4645 4708 4708
    4708 4645 4645 4645 4645 4645 4645 4645 4645 4645 4582 4582 4582
    4582 4582 4582 4645 4645 4645 4645 4645 4645 4645 4645 4645 4645
    4645 4582 4582 4582 4582 4582 4582 4522 4463 4463 4522 4522 4582
    4774 0 0 1489 1483 1477 1477 1477 1483 1483 1483 1489 1496 1503 1503
    1503 1503 1503 1496 1496 1496 1503 1503 1503 1509 1503 1503 1503
    1503 1503 1503 1503 1509 1509 1516 1523 1523 1509 1509 1509 1509
    1509 1509 1509 1516 1516 1516 1516 1516 1516 1516 1516 1523 4645
    4645 4645 4645 4645 4645 4645 4645 4645 4582 4582 4582 4582 4582
    4582 4522 4522 4522 4582 4582 4582 0 0 0 1489 1452 1452 1452 1458
    1458 1464 1464 1464 1470 1470 1477 1483 1483 1477 1477 1477 1477
    1483 1489 1489 1489 1496 1496 1496 1489 1489 1489 1489 1496 1496
    1496 1503 1496 1496 1496 1496 1496 1503 1503 1503 1509 1509 1509
    1509 1509 1516 1516 1516 1516 1516 1516 1509 1503 1503 4645 4645
    4645 4645 4582 4582 4582 4582 4582 4582 4522 4522 4582 4582 4582
    4645 0 0 1439 1439 1439 1439 1445 1445 1452 1452 1445 1445 1439 1439
    1439 1439 1439 1458 1458 1458 1464 1464 1464 1464 1470 1477 1477
    1477 1470 1470 1470 1477 1477 1470 1470 1477 1483 1489 1489 1489
    1489 1489 1496 1496 1503 1489 1489 1496 1496 1496 1509 1509 1509
    1503 1503 1496 1496 1496 1496 1496 1509 4645 4582 4582 4522 4522
    4582 4582 4582 4522 4522 4582 4582 4582 0 0 0 1439 1427 1427 1433
    1433 1433 1427 1427 1433 1433 1433 1433 1433 1439 1439 1439 1445
    1445 1445 1445 1445 1445 1439 1439 1445 1445 1452 1458 1452 1452
    1452 1458 1458 1452 1452 1477 1477 1483 1483 1483 1470 1470 1470
    1470 1477 1477 1477 1483 1483 1489 1489 1496 1496 1496 1489 1489
    1489 1489 1489 1489 4645 4522 4522 4522 4582 4582 4522 4522 4522
    4522 4582 0 0 0 1415 1415 1415 1415 1415 1421 1415 1415 1415 1415
    1421 1415 1415 1427 1427 1427 1433 1433 1433 1427 1427 1427 1427
    1427 1433 1433 1439 1439 1433 1433 1433 1439 1439 1439 1439 1439
    1445 1445 1458 1464 1452 1445 1445 1452 1452 1464 1458 1458 1464
    1470 1477 1477 1483 1483 1483 1483 1483 1483 1477 1470 1470 1470
    1483 1489 1489 4582 4582 4522 4522 4522 4582 0 1381 1381 1387 1387
    1392 1398 1392 1392 1398 1392 1392 1398 1398 1392 1392 1392 1392
    1404 1410 1415 1415 1415 1415 1415 1415 1415 1415 1415 1421 1421
    1421 1421 1421 1421 1427 1433 1427 1427 1427 1427 1427 1427 1433
    1433 1433 1439 1439 1445 1445 1445 1445 1445 1439 1439 1445 1452
    1464 1464 1464 1464 1464 1464 1464 1464 1470 1489 1489 1489 4582
    4582 4582 4582 4522 0 1381 1365 1365 1387 1387 1387 1381 1370 1370
    1376 1381 1387 1387 1381 1381 1381 1381 1381 1381 1387 1398 1392
    1392 1392 1392 1398 1392 1392 1398 1404 1404 1404 1404 1404 1410
    1415 1415 1415 1415 1415 1410 1410 1415 1415 1415 1421 1421 1427
    1433 1433 1433 1433 1433 1433 1433 1433 1433 1439 1439 1439 1445
    1452 1452 1458 1464 1464 1464 0 4645 4645 4582 4582 4522 0 1343 1343
    1343 1343 1349 1354 1354 1354 1354 1359 1359 1365 1370 1376 1376
    1370 1370 1365 1365 1365 1370 1370 1376 1376 1376 1376 1376 1381
    1381 1387 1387 1387 1387 1387 1392 1392 1392 1392 1392 1398 1392
    1392 1398 1398 1404 1410 1410 1410 1415 1415 1415 1415 1421 1421
    1421 1421 1421 1421 1427 1427 1427 1427 1433 1439 1464 1464 0 0 0
    4708 4645 4645 4645 0 1333 1333 1338 1333 1328 1328 1333 1338 1338
    1343 1349 1349 1349 1359 1359 1359 1359 1359 1359 1359 1359 1359
    1365 1365 1365 1365 1365 1370 1370 1370 1370 1370 1370 1376 1376
    1376 1376 1376 1376 1376 1376 1376 1381 1387 1392 1398 1392 1392
    1392 1392 1398 1398 1404 1404 1404 1410 1410 1410 1410 1415 1415
    1415 1415 1439 1439 1398 1398 0 0 0 4645 4645 0 1338 1333 1333 1333
    1333 1328 1328 1328 1333 1338 1338 1333 1333 1333 1333 1333 1333
    1343 1343 1343 1349 1343 1343 1354 1359 1354 1354 1359 1359 1359
    1354 1354 1354 1354 1354 1354 1359 1354 1354 1359 1359 1365 1365
    1370 1370 1376 1376 1370 1370 1370 1370 1376 1381 1387 1387 1387
    1392 1392 1392 1398 1398 1404 1398 1398 1392 1392 1398 1398 0 0 0 0
    0 0 1338 1333 1333 1328 1328 1328 1328 1328 1333 1333 1333 1333 1333
    1328 1328 1328 1328 1328 1328 1328 1328 1328 1328 1328 1328 1333
    1338 1343 1338 1338 1338 1338 1338 1343 1338 1338 1343 1349 1349
    1349 1349 1359 1354 1354 1359 1354 1354 1354 1359 1359 1359 1365
    1370 1370 1370 1370 1370 1370 1376 1376 1381 1381 1381 1381 1387
    1387 1392 1392 0 0 0 0 0 0 1338 1333 1333 1328 1328 1328 1328 1328
    1328 1328 1328 1328 1328 1328 1328 1328 1328 1328 1328 1328 1328
    1322 1322 1322 1322 1322 1322 1322 1328 1328 1328 1328 1328 1328
    1328 1328 1328 1333 1333 1338 1338 1338 1338 1338 1338 1338 1343
    1343 1343 1343 1349 1354 1359 1365 1365 1365 1354 1354 1354 1359
    1359 1365 1365 1365 1365 1376 1392 1392 1392 0 0 0 0 0 1338 1333
    1333 1328 1328 1328 1328 1328 1328 1328 1328 1328 1328 1328 1328
    1328 1328 1328 1328 1328 1322 1322 1322 1322 1322 1322 1322 1322
    1328 1328 1322 1322 1322 1322 1322 1322 1322 1328 1328 1328 1328
    1328 1328 1328 1328 1333 1333 1328 1328 1328 1328 1333 1333 1333
    1343 1343 1338 1338 1338 1338 1343 1349 1349 1354 1354 1354 1376
    1376 1328 1328 1328 0 0 0 1338 1333 1333 1328 1328 1333 1333 1333
    1333 1333 1328 1328 1333 1333 1333 1333 1328 1328 1328 1328 1322
    1322 1322 1322 1322 1322 1322 1322 1328 1328 1322 1322 1322 1322
    1322 1322 1322 1322 1322 1322 1322 1322 1322 1328 1328 1328 1328
    1328 1322 1322 1322 1322 1328 1328 1328 1328 1328 1328 1328 1328
    1328 1328 1333 1333 1333 1333 1328 1328 1328 1328 1322 1322 0 0 1349
    1343 1338 1333 1333 1333 1333 1333 1333 1333 1333 1333 1333 1333
    1333 1333 1328 1328 1328 1328 1328 1328 1328 1328 1328 1328 1328
    1328 1328 1328 1328 1322 1322 1322 1322 1322 1322 1322 1322 1322
    1322 1322 1322 1322 1322 1322 1322 1322 1322 1322 1322 1322 1322
    1322 1322 1322 1322 1322 1322 1322 1322 1322 1322 1328 1328 1328
    1328 1328 1328 1328 1322 1322 1322 0 1349 1343 1343 1338 1338 1333
    1333 1333 1333 1333 1333 1338 1338 1338 1333 1333 1328 1328 1328
    1328 1328 1328 1328 1328 1328 1328 1328 1328 1328 1328 1328 1328
    1322 1322 1322 1322 1322 1322 1322 1322 1322 1322 1322 1322 1322
    1322 1322 1322 1322 1322 1322 1322 1322 1322 1322 1317 1317 1317
    1322 1322 1322 1322 1322 1322 1322 1322 1322 1322 1322 1322 1322
    1322 1322 0 1349 1343 1343 1343 1343 1338 1338 1338 1338 1338 1338
    1338 1338 1338 1333 1333 1333 1333 1328 1328 1328 1328 1328 1328
    1328 1328 1328 1328 1328 1328 1328 1328 1328 1328 1328 1328 1328
    1328 1322 1322 1322 1322 1322 1322 1322 1322 1322 1322 1322 1322
    1322 1322 1322 1322 1322 1317 1317 1317 1322 1317 1317 1317 1317
    1317 1322 1322 1322 1322 1322 1322 1322 1317 1317 1317 1343 1343
    1343 1343 1343 1343 1338 1338 1338 1338 1338 1338 1338 1338 1333
    1333 1333 1333 1333 1333 1328 1328 1328 1328 1328 1328 1328 1328
