<?xml version="1.0"?>
<opencv_storage>
<Depth5150 type_id="opencv-matrix">
  <rows>60</rows>
  <cols>51</cols>
  <dt>w</dt>
  <data>
    4405 4405 4405 4405 4349 4349 4349 4349 4405 4405 4405 4405 4405
    4405 4405 4405 4405 4405 4405 4405 1731 1731 1731 1731 1731 1722
    1722 1722 1731 1731 1731 1739 1739 4405 4405 4405 4463 4522 4522
    4522 4522 4522 4522 4463 4463 4463 4522 4522 4522 4463 4463 4405
    4405 4405 4349 4349 4349 4349 4349 4405 4405 4405 4405 4405 4405
    4405 4405 4405 4405 1705 1705 1705 1713 1731 1731 1722 1713 1696
    1696 1731 1731 1731 1731 1731 1731 4405 4405 4463 4522 4522 4522
    4522 4522 4522 4463 4463 4463 4522 4522 4522 4522 4522 4349 4349
    4349 4349 4349 4349 4349 4349 4405 4405 4405 4405 4405 4405 4405
    4405 4405 4405 1696 1696 1696 1705 1713 1713 1705 1705 1696 1696
    1713 1731 1731 1731 1731 1731 4463 4463 4463 4522 4522 4522 4522
    4522 4463 4463 4463 4463 4463 4522 4522 4522 4522 4349 4349 4349
    4349 4349 4349 4349 4349 4405 4405 4405 4349 4349 4405 4405 4405
    4463 1705 1696 1688 1688 1688 1696 1696 1696 1696 1705 1705 1713
    1722 1731 1731 1731 1731 4405 4405 4405 4522 4463 4463 4463 4463
    4463 4463 4463 4463 4463 4463 4463 4522 4522 4349 4349 4349 4405
    4349 4349 4349 4349 4405 4405 4405 4349 4349 4349 4349 4349 1722
    1705 1696 1688 1680 1680 1688 1688 1696 1696 1696 1705 1713 1722
    1731 1731 1731 1731 1731 4405 4405 4463 4463 4463 4463 4463 4463
    4463 4463 4463 4463 4463 4463 4522 4522 4349 4349 4349 4349 4349
    4349 1843 1823 1823 1739 1731 1731 1731 1731 1731 1722 1722 1705
    1696 1688 1680 1680 1688 1688 1696 1696 1696 1705 1713 1722 1722
    1722 1722 1722 1731 1731 4463 4463 4463 4463 4463 4463 4463 4463
    4463 4463 4463 4463 4463 4522 4522 4295 4349 4349 4349 4349 4349
    1813 1804 1776 1739 1731 1731 1731 1731 1731 1722 1722 1705 1696
    1688 1680 1680 1680 1688 1688 1696 1696 1705 1713 1722 1722 1722
    1713 1713 1722 1722 4522 4522 4463 4463 4463 4463 4463 4463 4463
    4463 4463 4463 4463 4522 4522 4295 4349 4349 4349 4405 1813 1804
    1804 1776 1766 1748 1739 1739 1731 1731 1722 1722 1705 1696 1688
    1680 1680 1680 1688 1688 1696 1696 1705 1705 1713 1722 1713 1713
    1713 1713 1713 1713 4522 4463 4463 4463 4463 4463 4463 4463 4463
    4463 4463 4463 4522 4522 1853 1853 1853 1843 1833 1813 1804 1794
    1785 1776 1766 1748 1739 1739 1731 1722 1722 1713 1705 1696 1680
    1680 1680 1688 1688 1696 1696 1705 1705 1705 1713 1713 1713 1713
    1713 1713 1713 4522 4522 4522 4463 4463 4463 4463 4463 4463 4463
    4463 4463 4522 4522 1873 1853 1853 1843 1833 1813 1804 1794 1785
    1776 1766 1757 1748 1739 1731 1722 1722 1713 1705 1696 1680 1671
    1671 1680 1688 1696 1696 1696 1705 1705 1705 1705 1705 1705 1713
    1713 1713 4522 4522 4522 4463 4463 4463 4463 4463 4463 4463 4463
    4463 4463 4463 1863 1853 1853 1853 1843 1823 1813 1804 1794 1776
    1776 1757 1748 1739 1739 1731 1722 1713 1705 1696 1680 1671 1671
    1680 1688 1688 1696 1696 1696 1696 1705 1705 1705 1705 1713 1713
    1713 4522 4522 4463 4463 4463 4463 4463 4463 4463 4463 4463 4463
    4463 4463 1853 1853 1853 1853 1833 1823 1813 1804 1804 1785 1776
    1757 1757 1748 1739 1731 1722 1713 1705 1696 1688 1680 1671 1671
    1671 1680 1696 1696 1696 1696 1705 1705 1705 1705 1713 1713 1713
    4463 4463 4463 4463 4463 4463 4463 4463 4463 4463 4463 4463 4463
    4463 1853 1853 1853 1843 1833 1823 1813 1813 1804 1785 1776 1766
    1757 1748 1739 1731 1731 1722 1705 1705 1688 1680 1671 1671 1671
    1680 1680 1688 1688 1688 1696 1705 1705 1705 1713 1722 1722 4463
    4463 4463 4463 4463 4463 4463 4463 4463 4463 4463 4463 4463 4463
    1853 1853 1853 1843 1833 1823 1813 1813 1804 1794 1776 1766 1757
    1748 1739 1731 1731 1722 1713 1705 1696 1688 1671 1671 1671 1680
    1680 1688 1688 1688 1696 1696 1705 1705 1713 1722 1722 1722 4463
    4405 4405 4463 4463 4463 4463 4463 4463 4463 4463 4463 4463 1843
    1843 1853 1843 1843 1833 1823 1813 1804 1794 1776 1766 1766 1748
    1739 1731 1731 1722 1713 1705 1696 1688 1680 1671 1671 1680 1680
    1680 1688 1688 1696 1696 1696 1696 1713 1713 1713 1722 1722 4405
    4405 4405 4463 4463 4463 4463 4463 4463 4463 4463 4463 1843 1843
    1853 1843 1843 1833 1823 1813 1804 1804 1776 1776 1766 1757 1739
    1731 1731 1731 1713 1705 1696 1696 1688 1671 1671 1671 1671 1680
    1688 1688 1688 1696 1696 1696 1713 1713 1713 1705 1705 4463 4405
    4405 4463 4405 4405 4405 4405 4463 4463 4463 4463 1853 1853 1853
    1853 1843 1843 1833 1813 1813 1804 1776 1776 1766 1757 1739 1731
    1731 1731 1713 1705 1705 1696 1688 1671 1671 1671 1671 1680 1688
    1688 1688 1696 1696 1696 1705 1705 1713 1705 1705 1705 4405 4405
    4463 4405 4405 4405 4405 4463 4463 4463 4463 4241 1863 1853 1853
    1853 1843 1833 1813 1813 1804 1776 1776 1766 1766 1748 1739 1731
    1731 1722 1713 1705 1696 1688 1671 1671 1671 1671 1671 1680 1680
    1688 1688 1688 1696 1705 1705 1705 1713 1713 1713 4463 4463 4463
    4405 4405 4405 4463 4463 4463 4463 4463 4241 1883 1863 1853 1853
    1843 1833 1813 1813 1804 1776 1776 1766 1766 1757 1739 1731 1731
    1731 1722 1705 1696 1688 1671 1671 1671 1671 1671 1680 1680 1680
    1688 1688 1696 1705 1705 1705 1705 1713 1713 4463 4463 4463 4463
    4463 4463 4463 4405 4405 4405 4405 4241 1894 1883 1863 1853 1843
    1833 1813 1813 1794 1776 1776 1776 1766 1757 1748 1739 1731 1731
    1722 1713 1696 1671 1671 1671 1671 1671 1671 1671 1671 1680 1680
    1688 1696 1705 1705 1705 1705 1705 1705 4463 4463 4405 4405 4405
    4405 4405 4405 4405 4405 4405 4241 1883 1883 1863 1853 1843 1833
    1823 1813 1794 1785 1776 1776 1766 1766 1757 1739 1739 1731 1722
    1713 1696 1671 1671 1671 1671 1671 1671 1671 1671 1671 1680 1688
    1696 1705 1705 1705 1705 1705 1705 4463 4463 4405 4405 4405 4405
    4405 4349 4349 4349 4405 4241 1894 1894 1873 1863 1843 1843 1833
    1823 1794 1794 1776 1776 1776 1766 1757 1739 1739 1731 1722 1713
    1705 1680 1671 1671 1671 1671 1671 1663 1663 1671 1680 1688 1696
    1705 1705 1705 1705 1705 1713 4522 4463 4405 4405 4349 4349 4349
    4349 4349 4349 4349 4241 4241 1863 1863 1863 1853 1843 1833 1823
    1804 1794 1785 1776 1766 1757 1757 1748 1739 1731 1722 1713 1705
    1688 1680 1671 1671 1663 1663 1663 1663 1671 1680 1680 1688 1705
    1705 1705 1705 1705 1713 1713 4522 4463 4405 4349 4349 4349 4349
    4349 4405 4349 4241 4241 1863 1863 1863 1853 1843 1843 1833 1804
    1794 1785 1776 1766 1757 1757 1748 1739 1731 1722 1713 1705 1696
    1688 1671 1671 1663 1663 1663 1663 1671 1671 1680 1688 1696 1696
    1705 1705 1705 1713 1713 1713 4463 4463 4349 4349 4349 4349 4405
    4405 4405 4241 4295 4295 1863 1853 1853 1843 1843 1833 1813 1804
    1794 1776 1766 1766 1757 1748 1739 1731 1722 1713 1705 1696 1688
    1680 1671 1663 1663 1663 1663 1671 1671 1680 1680 1688 1696 1696
    1705 1705 1705 1713 1713 4582 4463 4405 4349 4349 4349 4405 4405
    4405 4241 4241 4241 1813 1813 1823 1833 1843 1823 1813 1804 1794
    1785 1776 1766 1757 1757 1748 1739 1731 1722 1705 1696 1696 1680
    1663 1663 1663 1663 1663 1663 1671 1671 1671 1680 1688 1696 1696
    1705 1705 1705 1705 4582 4463 4463 4349 4349 4405 4405 4405 4405
    4241 4241 4241 1813 1813 1823 1833 1843 1823 1813 1804 1794 1785
    1776 1766 1766 1757 1748 1739 1731 1722 1705 1696 1696 1680 1663
    1663 1663 1663 1663 1663 1671 1671 1671 1680 1688 1696 1696 1705
    1705 1705 1705 4463 4463 4463 4405 4405 4405 4405 4349 4349 4190
    4190 4190 4190 1833 1833 1833 1843 1823 1813 1804 1804 1785 1776
    1776 1766 1757 1748 1739 1731 1722 1705 1696 1696 1680 1671 1663
    1663 1663 1663 1663 1663 1671 1671 1680 1680 1688 1688 1696 1696
    1696 1713 1713 4463 4463 4405 4405 4405 4405 4349 4349 4190 4190
    4190 4190 1833 1833 1833 1843 1833 1813 1813 1804 1794 1776 1776
    1766 1757 1748 1739 1731 1722 1705 1705 1696 1680 1671 1663 1663
    1663 1663 1663 1663 1671 1671 1680 1680 1680 1688 1688 1696 1696
    1705 1705 4463 4463 4405 4405 4349 4349 4349 4349 4190 4190 4190
