<?xml version="1.0"?>
<opencv_storage>
<Depth11894 type_id="opencv-matrix">
  <rows>9</rows>
  <cols>24</cols>
  <dt>w</dt>
  <data>
    5548 5548 5460 5460 5460 5548 5548 5548 5460 5460 5548 5460 4842
    4774 4774 4842 4842 4842 4774 4708 4708 4708 4774 4774 5548 5548
    5460 5460 5460 5548 5548 4842 4842 4842 4842 4842 4842 4774 4774
    4774 4774 4708 4708 4708 4708 4708 4708 4708 4842 4842 4774 4774
    4774 4774 4774 4774 4842 4842 4842 4842 4774 4774 4708 4708 4708
    4708 4708 4708 4645 4645 4645 4645 4842 4842 4774 4774 4774 4774
    4774 4774 4774 4774 4774 4774 4774 4708 4708 4708 4708 4708 4708
    4708 4645 4645 4645 4645 4842 4842 4774 4774 4774 4842 4842 4842
    4774 4774 4774 4774 4708 4645 4645 4645 4645 4645 4645 4645 4645
    4645 4645 4645 4842 4842 4774 4774 4774 4842 4842 4842 4774 4774
    4774 4645 4645 4645 4645 4645 4645 4582 4582 4582 4582 4645 4582
    4582 4842 4842 4774 4774 4774 4842 4842 4774 4774 4774 4708 4645
    4582 4582 4645 4645 4645 4582 4582 4582 4582 4582 4582 4582 4708
    4708 4774 4842 4842 4842 4842 4774 4774 4774 4708 4708 4582 4582
    4645 4645 4582 4582 4405 4405 4405 5460 5460 5548 4708 4708 4708
    4774 4774 0 4842 4842 4842 4842 4842 4842 4842 4842 4645 4645 4582
    4582 4405 4405 4405 5460 5460 5548</data></Depth11894>
</opencv_storage>
