<?xml version="1.0"?>
<opencv_storage>
<Depth8679 type_id="opencv-matrix">
  <rows>76</rows>
  <cols>32</cols>
  <dt>w</dt>
  <data>
    0 0 0 0 0 0 0 0 0 0 0 0 0 0 0 0 0 0 0 0 0 1264 1255 1250 1245 1241
    1241 1241 1232 1236 1236 5460 0 0 0 0 0 0 0 0 1214 1214 0 0 0 0 0 0
    1259 1250 1250 1250 1250 1250 1255 1245 1245 1232 1232 1232 1232
    1236 1236 1232 0 0 0 0 0 0 0 1219 1214 1210 1210 1210 1214 1214 1214
    1214 1245 1241 1241 1241 1236 1236 1236 1232 1232 1232 1227 1227
    1227 1232 1232 1232 0 0 0 0 0 0 0 1219 1214 1210 1210 1210 1210 1214
    1214 1214 1219 1223 1227 1227 1227 1227 1227 1227 1227 1227 1227
    1227 1227 1227 1227 1227 0 0 0 0 0 0 0 1214 1210 1210 1202 1202 1206
    1206 1210 1214 1214 1214 1214 1214 1214 1223 1223 1223 1223 1223
    1223 1223 1227 1227 1227 1227 0 0 0 0 0 0 0 1214 1210 1210 1202 1202
    1206 1206 1210 1214 1214 1214 1214 1214 1214 1219 1223 1223 1223
    1223 1223 1223 1227 1227 1227 1227 0 0 0 0 0 0 0 0 1210 1206 1206
    1206 1206 1206 1210 1214 1214 1214 1214 1214 1214 1219 1223 1223
    1223 1223 1227 1227 1227 1232 1232 1232 0 0 0 0 0 0 0 0 1206 1206
    1202 1202 1206 1206 1210 1210 1214 1214 1214 1214 1214 1219 1223
    1223 1223 1223 1227 1227 1227 1232 1232 1232 0 0 0 0 0 0 0 1210 1206
    1206 1202 1202 1206 1206 1210 1210 1214 1214 1214 1214 1214 1219
    1223 1223 1223 1227 1227 1227 1227 1232 1232 1236 0 0 0 0 0 0 0 1210
    1210 1206 1202 1202 1206 1206 1210 1210 1210 1210 1214 1214 1214
    1219 1223 1223 1223 1227 1227 1227 1227 1232 1232 1236 0 0 0 0 0 0
    1236 1214 1210 1206 1202 1202 1206 1206 1210 1210 1210 1210 1210
    1214 1214 1214 1219 1223 1223 1227 1227 1227 1227 1232 1232 1236 0 0
    0 0 0 0 1236 1214 1210 1206 1206 1206 1206 1210 1210 1210 1210 1210
    1210 1214 1214 1214 1214 1223 1223 1227 1223 1223 1227 1232 1232
    1232 0 0 0 0 0 0 1241 1223 1210 1206 1206 1206 1210 1210 1210 1210
    1210 1210 1214 1214 1214 1214 1214 1223 1223 1227 1223 1223 1227
    1227 1232 1232 0 0 0 0 0 0 1241 1227 1210 1202 1202 1206 1210 1210
    1210 1210 1210 1214 1214 1214 1214 1214 1219 1223 1223 1227 1223
    1223 1227 1227 1232 1232 0 0 0 0 0 0 1241 1223 1210 1202 1202 1202
    1206 1210 1210 1210 1210 1210 1214 1214 1214 1214 1219 1223 1227
    1227 1227 1227 1227 1227 1227 1227 0 0 0 0 0 0 1245 1219 1202 1202
    1202 1202 1206 1210 1210 1210 1210 1210 1214 1214 1214 1214 1219
    1223 1227 1227 1227 1227 1227 1227 1227 0 0 0 0 0 0 0 1232 1219 1202
    1197 1197 1202 1206 1206 1206 1210 1210 1210 1214 1214 1219 1219
    1223 1223 1223 1223 1227 1227 1227 1227 1227 0 0 0 0 0 0 1250 1232
    1223 1197 1197 1197 1202 1202 1206 1206 1210 1210 1210 1214 1214
    1219 1223 1219 1219 1223 1223 1223 1223 1227 1227 1227 1227 0 0 0 0
    0 1250 1236 1227 1197 1197 1197 1202 1202 1210 1210 1210 1210 1214
    1214 1214 1214 1219 1219 1219 1223 1223 1223 1223 1227 1227 1227
    1227 0 0 0 0 0 0 1236 1227 1197 1197 1197 1202 1206 1210 1210 1210
    1210 1214 1214 1214 1214 1219 1219 1219 1223 1223 1223 1227 1227
    1227 1227 1232 0 0 0 0 0 1268 1236 1227 1197 1197 1197 1202 1202
    1206 1210 1210 1210 1210 1214 1214 1214 1214 1214 1223 1223 1223
    1223 1227 1227 1227 1232 1232 0 0 0 1307 1307 1268 1236 1210 1197
    1197 1197 1202 1202 1206 1210 1210 1210 1210 1214 1214 1214 1214
    1214 1214 1223 1227 1227 1227 1227 1227 1227 1232 0 0 0 1307 1307
    1307 1232 1210 1197 1197 1197 1197 1202 1206 1210 1210 1210 1210
    1214 1214 1214 1214 1214 1214 1223 1227 1227 1227 1227 1227 1227
    1227 1292 1292 1292 1302 1307 1307 1232 1210 1197 1197 1197 1197
    1202 1206 1210 1210 1210 1210 1214 1214 1214 1214 1214 1219 1219
    1227 1227 1227 1227 1227 1227 1227 1292 1292 1292 1302 1302 1302
    1227 1210 1197 1197 1197 1197 1202 1210 1210 1210 1210 1210 1214
    1214 1214 1214 1214 1219 1219 1227 1227 1227 1227 1227 1227 1227
    1297 1297 1297 1302 1288 1288 1227 1210 1202 1197 1197 1197 1202
    1206 1206 1210 1210 1210 1210 1214 1214 1214 1219 1219 1223 1227
    1227 1227 1227 1227 1227 1227 0 1297 1297 1302 1288 1255 1214 1210
    1202 1197 1197 1197 1202 1206 1206 1210 1210 1210 1210 1214 1214
    1214 1219 1223 1223 1223 1223 1227 1227 1227 1227 1227 0 0 1317 1307
    1288 1255 1214 1210 1206 1197 1197 1197 1197 1206 1206 1210 1210
    1210 1210 1214 1214 1214 1219 1223 1223 1223 1223 1223 1227 1227
    1227 1227 0 0 1322 1312 1292 1245 1214 1210 1206 1197 1197 1197 1197
    1202 1206 1206 1210 1210 1210 1214 1214 1214 1219 1223 1223 1223
    1223 1223 1227 1227 1227 1227 0 0 1328 1317 1302 1236 1219 1210 1206
    1206 1206 1206 1202 1202 1202 1202 1210 1210 1210 1214 1214 1214
    1214 1219 1219 1219 1219 1223 1227 1227 1227 1227 0 0 1328 1317 1302
    1236 1223 1210 1206 1202 1202 1202 1202 1202 1202 1202 1210 1210
    1214 1214 1214 1214 1214 1219 1219 1219 1219 1223 1227 1227 1227
    1227 0 0 0 0 0 1232 1227 1210 1202 1202 1202 1202 1202 1202 1206
    1206 1206 1210 1210 1214 1214 1214 1214 1219 1219 1219 1223 1227
    1227 1227 1227 1227 0 0 0 0 0 1232 1227 1206 1197 1197 1197 1202
    1202 1202 1206 1206 1206 1210 1210 1214 1214 1214 1214 1214 1219
    1223 1227 1227 1227 1227 1227 0 0 0 0 0 0 1264 1223 1206 1197 1197
    1197 1202 1206 1206 1206 1210 1210 1210 1210 1214 1214 1214 1214
    1214 1219 1227 1227 1227 1227 1227 1227 0 0 0 0 0 0 1264 1214 1210
    1202 1197 1197 1202 1202 1206 1206 1210 1210 1210 1210 1214 1214
    1214 1214 1219 1223 1227 1227 1227 1227 1227 1227 0 0 0 0 0 0 1273
    1214 1210 1197 1197 1197 1202 1202 1206 1206 1210 1210 1210 1210
    1210 1210 1214 1219 1219 1223 1223 1227 1227 1232 1232 1232 1232 0 0
    0 0 1288 1264 1214 1210 1197 1197 1197 1202 1202 1206 1206 1206 1210
    1214 1210 1210 1210 1214 1219 1219 1223 1223 1227 1227 1232 1232
    1232 1232 0 0 0 1288 1288 1264 1214 1206 1197 1197 1202 1202 1206
    1202 1202 1206 1210 1214 1210 1210 1210 1214 1219 1219 1223 1223
    1227 1227 1227 1227 1232 1232 0 0 1307 1288 1283 1273 1214 1206 1197
    1197 1202 1202 1206 1202 1202 1206 1210 1210 1210 1210 1210 1214
    1219 1219 1219 1219 1223 1227 1227 1227 1227 1227 0 0 1307 1292 1283
    1268 1214 1206 1202 1197 1197 1202 1206 1206 1206 1206 1210 1210
    1210 1210 1210 1214 1214 1219 1219 1219 1223 1227 1227 1227 1227
    1227 0 0 0 1297 1288 1268 1214 1206 1202 1197 1197 1202 1206 1206
    1206 1206 1210 1210 1210 1210 1214 1214 1214 1219 1219 1219 1223
    1223 1227 1227 1227 1227 0 0 0 1297 1288 1273 1214 1210 1206 1197
    1197 1202 1206 1206 1206 1206 1206 1210 1210 1214 1214 1214 1214
    1219 1219 1219 1219 1223 1227 1227 1223 1223 0 0 0 0 1278 1278 1219
    1210 1202 1197 1197 1202 1202 1206 1206 1206 1206 1210 1210 1214
    1214 1214 1214 1219 1219 1219 1219 1223 1227 1227 1223 1223 0 0 0 0
    1268 1232 1232 1206 1202 1197 1197 1202 1202 1206 1206 1206 1206
    1210 1210 1210 1214 1214 1214 1219 1219 1223 1223 1223 1227 1227
    1227 1227 1376 1359 1343 1343 1268 1264 1214 1206 1197 1197 1197
    1202 1202 1206 1206 1206 1206 1210 1210 1210 1214 1214 1214 1219
    1219 1223 1223 1223 1227 1227 1227 1227 1370 1359 1343 1343 1268
    1264 1210 1206 1197 1197 1197 1197 1202 1202 1206 1206 1206 1210
    1210 1210 1214 1214 1214 1223 1223 1223 1223 1227 1227 1227 1227
    1227 1370 1370 1338 1322 1268 1268 1210 1206 1202 1197 1197 1197
    1202 1202 1202 1206 1206 1210 1210 1210 1210 1214 1214 1219 1227
    1227 1227 1227 1227 1227 1227 1227 1370 1370 1333 1322 1273 1268
    1214 1206 1202 1202 1197 1197 1202 1202 1202 1206 1206 1210 1210
    1210 1210 1210 1214 1214 1227 1227 1227 1227 1227 1227 1227 1227
    1376 1376 1333 1333 1273 1268 1214 1206 1202 1202 1197 1197 1197
    1202 1202 1210 1210 1210 1210 1210 1210 1210 1214 1214 1219 1219
    1219 1223 1223 1223 1227 1227 1381 1365 1365 1415 1278 1268 1214
    1202 1197 1197 1197 1197 1197 1202 1202 1206 1206 1210 1210 1210
    1210 1210 1214 1214 1219 1219 1219 1223 1223 1223 1227 1227 1381
    1365 1365 1415 1278 1268 1214 1202 1197 1197 1197 1197 1202 1202
