<?xml version="1.0"?>
<opencv_storage>
<Depth7377 type_id="opencv-matrix">
  <rows>50</rows>
  <cols>65</cols>
  <dt>w</dt>
  <data>
    4349 4349 4349 4349 4349 1458 1452 1439 1433 1433 1433 1433 1433
    1433 4349 4295 4295 4295 4295 4295 4241 4241 4241 4190 4190 4241
    4190 4190 4190 4190 4241 4241 4241 4241 4190 4190 4190 4190 4190
    4190 4190 4190 4190 4190 4190 4190 4190 4190 4190 4190 4190 4190
    4190 4190 4190 4190 4190 4139 4139 4139 4139 4139 4139 4139 4139
    4349 4349 4349 1458 1458 1452 1452 1439 1433 1433 1433 1433 1427
    1427 1427 1421 1421 4295 4295 4241 4139 4139 4139 4139 4139 4139
    4139 4139 4190 4190 4190 4190 4190 4190 4190 4190 4190 4190 4190
    4190 4190 4190 4190 4190 4190 4190 4190 4190 4190 4190 4190 4190
    4190 4190 4190 4190 4190 4139 4139 4139 4139 4139 4139 4139 4139
    4349 4349 4349 1458 1458 1452 1452 1445 1433 1433 1433 1433 1427
    1427 1427 1421 1421 1421 1421 1421 4139 4139 4139 4139 4139 4139
    4139 4139 4190 4190 4190 4190 4190 4190 4190 4190 4190 4190 4190
    4190 4139 4139 4139 4139 4190 4190 4190 4190 4190 4190 4190 4190
    4190 4190 4190 4139 4139 4139 4139 4190 4190 4190 4139 4139 4139
    4349 4349 4349 1458 1452 1445 1445 1445 1439 1433 1433 1427 1427
    1427 1427 1421 1421 1415 1415 1415 1410 1410 4139 4139 4139 4139
    4139 4139 4139 4190 4190 4190 4190 4190 4190 4190 4190 4190 4190
    4190 4139 4139 4139 4139 4139 4139 4139 4190 4190 4190 4190 4190
    4190 4190 4190 4139 4139 4139 4139 4139 4190 4190 4139 4139 4139
    4295 4295 4295 4295 1439 1439 1439 1439 1433 1433 1427 1427 1427
    1421 1421 1421 1415 1415 1410 1410 1404 1404 1404 1404 1410 1410
    4139 4139 4139 4190 4190 4190 4190 4190 4190 4190 4190 4190 4190
    4190 4139 4139 4139 4139 4139 4139 4139 4190 4190 4190 4190 4190
    4190 4190 4190 4139 4139 4139 4139 4139 4139 4190 4139 4139 4139
    4241 4241 4241 1439 1433 1433 1433 1433 1433 1427 1427 1427 1421
    1415 1415 1415 1410 1410 1410 1410 1404 1404 1404 1404 1404 1398
    1398 1398 1392 1392 1404 4190 4190 4190 4190 4139 4139 4139 4139
    4139 4139 4139 4139 4139 4139 4139 4139 4139 4139 4190 4190 4190
    4190 4139 4139 4139 4139 4139 4089 4089 4139 4139 4139 4139 4139
    4241 4241 1439 1439 1433 1433 1427 1427 1427 1427 1427 1421 1421
    1410 1410 1410 1410 1410 1404 1404 1404 1404 1404 1404 1404 1398
    1398 1398 1392 1392 1404 1404 1404 4190 4190 4139 4139 4139 4139
    4139 4139 4139 4139 4139 4139 4139 4139 4139 4139 4139 4139 4139
    4139 4139 4139 4139 4139 4139 4089 4089 4139 4139 4139 4139 4089
    4190 4190 1439 1433 1433 1433 1427 1427 1427 1427 1421 1415 1410
    1410 1410 1410 1410 1404 1404 1404 1404 1404 1404 1398 1398 1392
    1392 1398 1398 1398 1398 1398 1398 1398 4190 4139 4139 4139 4139
    4139 4139 4139 4139 4139 4139 4089 4089 4089 4089 4139 4139 4139
    4139 4139 4139 4139 4139 4139 4089 4089 4139 4139 4139 4139 4089
    4190 4190 1433 1433 1427 1427 1427 1427 1421 1421 1415 1410 1410
    1410 1410 1404 1404 1404 1404 1398 1398 1398 1398 1398 1392 1392
    1392 1392 1392 1392 1392 1392 1387 1387 1392 1392 4139 4139 4139
    4139 4139 4139 4139 4139 4089 4089 4089 4089 4089 4089 4139 4139
    4139 4139 4089 4089 4089 4089 4089 4089 4089 4139 4139 4089 4041
    4295 4295 1433 1433 1427 1427 1421 1421 1421 1415 1410 1410 1410
    1404 1404 1404 1398 1398 1398 1398 1398 1398 1398 1398 1392 1392
    1392 1392 1392 1392 1392 1387 1387 1387 1387 1387 1381 1376 1376
    1370 1370 4139 4139 4139 4089 4089 4089 4089 4089 4089 4139 4139
    4139 4139 4089 4089 4089 4089 4089 4089 4089 4139 4139 4089 4041
    4241 1439 1433 1433 1427 1421 1415 1415 1415 1410 1410 1410 1404
    1404 1404 1404 1398 1398 1398 1392 1392 1392 1387 1387 1387 1387
    1387 1392 1392 1387 1387 1387 1387 1387 1387 1387 1381 1376 1376
    1370 1370 1376 1376 4089 4089 4089 4089 4089 4089 4089 4139 4139
    4139 4139 4139 4139 4089 4089 4089 4089 4089 4089 4139 4089 4089
    4241 1433 1433 1427 1421 1415 1410 1410 1410 1410 1410 1404 1404
    1404 1404 1398 1398 1398 1392 1387 1387 1387 1387 1387 1387 1387
    1387 1387 1387 1387 1387 1387 1387 1387 1387 1381 1381 1376 1370
    1370 1370 1370 1370 1376 4089 4089 4041 4041 4089 4089 4139 4139
    4139 4139 4139 4139 4089 4041 4041 4089 4089 4089 4089 4089 4041
    4241 1433 1427 1421 1415 1410 1410 1410 1410 1410 1404 1404 1404
    1398 1398 1398 1398 1392 1392 1387 1387 1387 1387 1387 1387 1387
    1387 1387 1387 1387 1381 1381 1381 1387 1381 1381 1376 1376 1370
    1370 1370 1370 1370 1370 1370 1370 1370 1370 4089 4089 4139 4139
    4139 4089 4089 4089 4089 4041 4041 4089 4089 4089 4089 4089 3994
    1433 1427 1421 1415 1415 1410 1410 1410 1404 1404 1404 1404 1404
    1398 1398 1398 1392 1392 1392 1387 1387 1387 1387 1387 1387 1381
    1381 1387 1387 1387 1381 1381 1381 1381 1376 1376 1370 1370 1370
    1370 1370 1370 1370 1370 1370 1370 1370 1370 1370 1370 4139 4139
    4139 4089 4089 4089 4089 4089 4089 4041 4041 4089 4089 4089 3994
    1427 1421 1415 1415 1410 1410 1410 1404 1404 1404 1404 1404 1398
    1398 1392 1392 1392 1392 1392 1387 1387 1387 1387 1387 1387 1381
    1381 1387 1381 1381 1381 1381 1376 1376 1370 1370 1370 1370 1370
    1370 1370 1370 1370 1370 1370 1365 1365 1365 1365 1365 1359 1359
    1359 1359 4089 4089 4089 4041 4041 3994 3994 3994 4089 4041 3994
    1427 1421 1415 1415 1410 1410 1410 1404 1404 1404 1404 1398 1398
    1392 1392 1392 1387 1387 1387 1387 1387 1387 1381 1381 1381 1381
    1381 1381 1381 1381 1381 1376 1376 1370 1370 1370 1370 1370 1370
    1370 1365 1365 1365 1365 1365 1365 1365 1365 1365 1365 1359 1359
    1359 1354 1354 1359 1359 4041 4041 3994 3994 3994 3994 3994 3994
    1427 1421 1415 1410 1410 1404 1404 1404 1404 1404 1398 1392 1392
    1392 1392 1392 1387 1387 1387 1387 1387 1381 1381 1381 1381 1381
    1381 1376 1376 1376 1376 1376 1370 1370 1370 1370 1370 1370 1370
    1365 1365 1365 1359 1359 1359 1359 1359 1359 1359 1359 1354 1354
    1354 1354 1354 1354 1349 1349 1349 4041 3994 3994 3994 3994 3994
    1427 1421 1415 1410 1410 1404 1404 1404 1404 1404 1398 1387 1387
    1392 1392 1392 1387 1387 1381 1381 1381 1381 1381 1376 1376 1376
    1376 1376 1376 1370 1370 1370 1370 1370 1365 1365 1365 1365 1365
    1365 1365 1359 1359 1359 1359 1354 1354 1354 1354 1354 1354 1354
    1354 1354 1354 1349 1349 1349 1349 1349 4089 4089 4041 3994 3994
    4241 1421 1415 1410 1410 1404 1404 1404 1404 1404 1398 1387 1387
    1387 1387 1387 1387 1387 1381 1381 1381 1381 1376 1376 1376 1376
    1376 1376 1370 1370 1370 1370 1370 1365 1365 1365 1365 1365 1365
    1365 1359 1359 1359 1359 1354 1354 1354 1354 1349 1349 1349 1349
    1349 1349 1349 1349 1349 1349 1343 1338 1338 1338 4041 1322 1322
    1601 1594 1594 1410 1410 1410 1410 1410 1404 1404 1398 1387 1387
    1387 1387 1387 1387 1387 1381 1381 1381 1381 1376 1370 1370 1370
    1370 1370 1370 1370 1370 1370 1365 1365 1365 1365 1365 1365 1365
    1359 1359 1359 1354 1354 1354 1354 1349 1349 1349 1349 1349 1349
    1349 1343 1343 1343 1343 1343 1338 1338 1333 1333 1338 1322 1322
    1601 1594 1594 1594 1433 1433 1421 1415 1410 1410 1404 1387 1387
    1387 1387 1387 1381 1381 1381 1381 1381 1376 1376 1370 1370 1370
    1370 1370 1370 1370 1370 1370 1365 1365 1365 1365 1365 1365 1365
    1359 1359 1359 1354 1354 1354 1354 1349 1349 1349 1349 1349 1349
    1343 1343 1343 1343 1343 1343 1338 1338 1333 1333 1338 1333 1328
    1601 1594 1594 1594 1452 1452 1445 1439 1427 1415 1410 1398 1387
    1387 1387 1387 1381 1381 1381 1381 1376 1376 1370 1370 1365 1365
    1365 1370 1370 1370 1370 1365 1365 1365 1365 1365 1365 1365 1365
    1359 1359 1354 1354 1349 1349 1349 1349 1349 1349 1349 1343 1343
    1343 1343 1343 1343 1343 1338 1333 1333 1333 1328 1328 1333 1328
    1601 1594 1594 1594 1594 1464 1464 1458 1439 1427 1427 1410 1392
    1387 1387 1387 1381 1381 1376 1376 1370 1370 1365 1365 1365 1365
    1365 1370 1370 1370 1370 1365 1365 1359 1359 1359 1359 1359 1359
    1359 1359 1354 1354 1349 1349 1349 1349 1343 1343 1343 1343 1343
