<?xml version="1.0"?>
<opencv_storage>
<Depth17377 type_id="opencv-matrix">
  <rows>113</rows>
  <cols>33</cols>
  <dt>w</dt>
  <data>
    0 0 0 0 0 1219 1219 1214 1214 1214 1214 0 1025 0 0 0 0 0 0 0 0 0
    1022 1022 1022 1025 1028 1025 1025 1025 1025 1025 1025 0 0 0 0 0 0 0
    0 1013 0 1022 1025 0 0 0 0 0 0 0 0 0 0 1022 1022 1022 1025 1028 1025
    1025 1025 1025 1025 1025 0 0 0 0 0 0 0 1013 1013 1013 1022 1025 1025
    0 0 0 0 0 0 0 0 1016 1025 1025 1025 1028 1031 1025 1025 1022 1022
    1025 1025 0 0 0 0 0 0 1010 1010 1010 1013 1019 1007 1007 1007 1007
    1010 1010 0 0 0 0 0 1016 1016 1022 1022 1025 1022 1022 1022 1022
    1022 1022 0 0 0 0 0 1010 1007 1007 1007 1010 1013 1007 1007 1007
    1007 1007 1007 1010 1013 1013 1013 1013 1013 1013 1016 1016 1016
    1016 1016 1019 1022 1019 1019 0 0 0 0 1007 1007 1004 1004 1004 1007
    1010 1010 1010 1007 1007 1007 1007 1010 1013 1013 1013 1013 1013
    1013 1016 1016 1016 1016 1016 1019 1022 1019 1013 0 0 0 0 1007 1007
    1004 1004 1004 1007 1010 1010 1010 1007 1007 1007 1007 1010 1013
    1013 1013 1013 1013 1013 1013 1013 1016 1016 1016 1019 1019 1019
    1013 0 0 0 0 1010 1010 1007 1007 1007 1007 1010 1010 1010 1007 1007
    1007 1007 1010 1013 1013 1013 1013 1013 1013 1013 1013 1016 1016
    1016 1019 1019 1022 1019 0 0 0 0 1010 1010 1007 1007 1007 1007 1010
    1010 1010 1010 1010 1010 1010 1010 1013 1013 1013 1016 1013 1013
    1013 1013 1016 1016 1019 1019 1019 1022 1022 0 0 0 0 1010 1010 1010
    1010 1010 1010 1010 1010 1010 1010 1010 1010 1010 1010 1013 1013
    1016 1016 1016 1016 1016 1016 1019 1019 1019 1019 1022 1022 1022 0 0
    0 0 0 1010 1010 1010 1010 1010 1010 1010 1010 1010 1010 1010 1010
    1013 1013 1013 1016 1016 1016 1016 1016 1019 1019 1019 1019 1019
    1022 1022 1022 0 0 0 0 1013 1010 1007 1007 1007 1010 1010 1010 1010
    1010 1010 1010 1013 1013 1013 1016 1016 1016 1016 1016 1016 1019
    1019 1019 1019 1019 1022 1022 1022 0 0 0 0 1013 1010 1007 1007 1007
    1010 1010 1010 1010 1010 1010 1013 1013 1013 1013 1016 1016 1016
    1016 1016 1016 1019 1019 1022 1022 1022 1022 1022 1022 0 0 0 0 1013
    1010 1010 1010 1010 1010 1010 1010 1010 1010 1010 1013 1013 1013
    1013 1016 1016 1016 1016 1016 1016 1019 1019 1022 1022 1022 1022
    1022 1022 0 0 0 0 1013 1010 1010 1010 1010 1010 1010 1010 1010 1013
    1013 1013 1013 1013 1016 1016 1016 1019 1016 1016 1016 1019 1019
    1022 1022 1022 1022 1022 1022 0 0 0 1019 1013 1013 1010 1010 1010
    1010 1010 1010 1010 1013 1013 1013 1013 1016 1016 1019 1019 1019
    1019 1019 1019 1019 1019 1022 1022 1022 1022 1022 1022 0 0 0 1019
    1013 1013 1010 1010 1010 1010 1010 1010 1010 1013 1013 1013 1016
    1016 1016 1019 1019 1022 1019 1019 1019 1019 1019 1022 1022 1022
    1022 1022 1022 0 0 0 0 1013 1013 1010 1010 1010 1010 1013 1013 1013
    1013 1013 1013 1016 1016 1019 1019 1022 1022 1019 1019 1019 1019
    1019 1022 1022 1022 1025 1022 1022 0 0 0 0 1013 1010 1010 1010 1010
    1010 1013 1013 1013 1013 1013 1013 1016 1019 1019 1019 1019 1019
    1019 1019 1019 1019 1022 1022 1022 1025 1025 1022 1022 0 0 0 0 1013
    1010 1010 1010 1010 1010 1013 1013 1013 1013 1016 1016 1016 1019
    1019 1019 1019 1019 1019 1019 1019 1019 1022 1022 1022 1025 1025
    1025 1022 0 0 0 0 1016 1010 1010 1010 1010 1013 1013 1013 1013 1013
    1016 1019 1019 1019 1019 1019 1019 1022 1022 1022 1022 1022 1022
    1022 1022 1025 1025 1022 1022 0 0 0 0 1013 1010 1010 1010 1010 1010
    1013 1013 1013 1013 1016 1019 1019 1019 1019 1019 1019 1022 1022
    1022 1022 1022 1022 1022 1022 1025 1025 1022 1022 0 0 0 0 1013 1013
    1010 1010 1010 1010 1013 1013 1013 1013 1016 1019 1019 1019 1019
    1019 1022 1022 1022 1022 1022 1022 1022 1022 1022 1025 1025 1022
    1022 0 0 0 0 1010 1010 1013 1013 1010 1010 1013 1013 1013 1013 1016
    1019 1019 1019 1019 1022 1022 1022 1022 1022 1022 1022 1022 1022
    1022 1025 1025 1022 1022 0 0 0 1001 1001 1010 1013 1013 1013 1013
    1013 1013 1016 1016 1019 1019 1019 1019 1019 1022 1022 1022 1022
    1022 1022 1022 1022 1022 1022 1025 1025 1025 1025 0 0 0 1001 1001
    1010 1013 1013 1013 1013 1013 1013 1016 1016 1019 1019 1019 1019
    1019 1022 1022 1022 1022 1022 1022 1025 1025 1025 1025 1025 1025
    1025 1025 0 0 0 1007 1007 1013 1013 1013 1013 1013 1013 1016 1016
    1019 1019 1019 1019 1019 1019 1022 1022 1022 1022 1022 1022 1025
    1025 1025 1025 1025 1025 1025 1025 0 0 0 0 1013 1013 1013 1013 1016
    1016 1016 1019 1019 1019 1019 1019 1019 1019 1019 1022 1022 1022
    1022 1022 1025 1025 1025 1025 1025 1028 1028 1028 1028 0 0 0 0 1013
    1013 1010 1010 1013 1013 1016 1019 1019 1019 1019 1019 1019 1019
    1019 1022 1022 1022 1022 1025 1025 1025 1025 1025 1025 1028 1028
    1028 1028 0 0 0 0 1013 1013 1010 1010 1010 1013 1016 1016 1016 1019
    1016 1016 1019 1019 1019 1022 1022 1022 1022 1025 1025 1025 1025
    1025 1025 1028 1028 1028 1028 0 0 0 0 1013 1013 1010 1010 1010 1013
    1016 1016 1016 1019 1016 1016 1019 1022 1022 1022 1022 1022 1022
    1022 1025 1025 1025 1025 1025 1028 1028 1028 1028 0 0 0 0 1016 1013
    1013 1013 1013 1013 1016 1019 1019 1016 1016 1019 1019 1022 1022
    1022 1022 1022 1022 1022 1025 1025 1025 1025 1025 1028 1028 1028
    1028 0 0 0 0 1013 1013 1013 1013 1013 1013 1016 1019 1016 1016 1016
    1019 1019 1022 1022 1022 1022 1022 1022 1022 1025 1025 1025 1025
    1025 1028 1028 1025 1025 0 0 0 0 1013 1013 1013 1013 1013 1013 1016
    1016 1016 1016 1016 1019 1019 1022 1022 1022 1022 1025 1025 1025
    1025 1025 1025 1025 1028 1031 1028 1025 1025 0 0 0 0 1013 1013 1013
    1013 1013 1013 1016 1016 1016 1019 1019 1019 1022 1022 1022 1022
    1022 1025 1025 1025 1025 1025 1025 1028 1028 1031 1028 1025 1025 0 0
    0 0 1013 1013 1013 1013 1013 1013 1016 1016 1016 1019 1019 1022 1022
    1022 1022 1025 1025 1025 1025 1025 1025 1025 1025 1028 1031 1031
    1031 1031 1031 0 0 0 1025 1022 1019 1013 1013 1013 1013 1016 1016
    1016 1022 1022 1022 1022 1022 1022 1025 1025 1025 1025 1025 1025
    1025 1028 1028 1031 1031 1031 1031 1031 0 0 0 1025 1022 1019 1013
    1013 1013 1013 1016 1016 1016 1022 1022 1022 1022 1022 1022 1022
    1025 1025 1025 1025 1025 1025 1028 1028 1031 1031 1031 1031 1031 0 0
    0 1025 1022 1019 1016 1013 1013 1016 1019 1019 1022 1022 1022 1022
    1022 1022 1022 1022 1025 1025 1025 1025 1025 1025 1028 1028 1031
    1031 1031 1031 1031 0 0 0 1031 1019 1019 1016 1016 1016 1016 1019
    1022 1022 1022 1022 1022 1022 1022 1025 1025 1025 1025 1025 1025
    1028 1028 1028 1028 1031 1031 1031 1031 1031 0 0 0 0 1019 1019 1016
    1016 1016 1019 1019 1022 1022 1022 1022 1022 1025 1025 1025 1025
    1025 1025 1025 1028 1028 1028 1028 1028 1031 1031 1034 1031 1031 0 0
    0 0 1019 1016 1016 1019 1019 1019 1019 1022 1022 1022 1022 1022 1022
    1025 1025 1025 1025 1025 1025 1028 1028 1031 1031 1031 1031 1031
    1034 1034 1034 0 0 0 0 1019 1016 1016 1016 1016 1016 1019 1019 1019
    1022 1022 1022 1022 1022 1025 1025 1025 1025 1028 1028 1028 1031
    1031 1031 1031 1031 1034 1031 1031 0 0 0 0 0 1016 1016 1016 1016
    1016 1019 1019 1019 1022 1022 1022 1022 1022 1025 1025 1025 1025
    1028 1028 1028 1031 1031 1031 1031 1031 1034 1031 1031 0 0 0 0 0
    1016 1016 1016 1019 1019 1022 1022 1022 1022 1022 1022 1022 1025
    1025 1028 1028 1028 1028 1028 1028 1031 1031 1031 1031 1031 1034
    1034 1034 0 0 0 0 1022 1019 1019 1019 1019 1019 1019 1019 1022 1022
    1022 1025 1025 1025 1025 1025 1028 1028 1028 1028 1028 1031 1034
    1034 1034 1034 1034 1034 1034 0 0 0 1028 1022 1022 1019 1019 1019
    1019 1019 1019 1022 1022 1022 1025 1025 1025 1025 1025 1028 1028
    1028 1028 1028 1031 1034 1034 1034 1034 1034 1034 1034 0 0 0 1028
    1025 1022 1019 1019 1019 1019 1022 1022 1022 1022 1022 1025 1025
    1025 1025 1025 1028 1028 1028 1028 1028 1031 1031 1034 1034 1034
    1034 1034 1034 0 0 0 1028 1025 1019 1019 1019 1019 1019 1022 1022
    1022 1022 1025 1025 1025 1025 1025 1025 1028 1028 1028 1028 1031
    1031 1031 1034 1034 1034 1034 1034 1034 0 0 0 1031 1022 1019 1019
