<?xml version="1.0"?>
<opencv_storage>
<Depth18399 type_id="opencv-matrix">
  <rows>9</rows>
  <cols>33</cols>
  <dt>w</dt>
  <data>
    2859 2883 2908 2908 2933 2933 2958 2958 2984 2933 2908 2908 2883
    2883 2933 2958 2984 2984 4522 4582 4645 4645 4582 4582 4645 4645
    4645 4708 4708 4708 4708 4708 4708 2883 2908 2933 2933 2933 2933
    2958 2958 2984 3010 4522 2958 2958 4582 4582 4522 4522 4522 4522
    4522 4582 4582 4645 4645 4645 4645 4645 4582 4582 4582 4645 4645
    4708 2908 2958 4645 4645 4582 2958 2958 2958 4522 4522 4522 4522
    4522 4522 4522 4522 4522 4522 4522 4522 4522 4582 4582 4582 4582
    4522 4522 4522 4522 4522 4582 4645 4708 4522 4522 4522 4522 4522
    4522 4522 4522 4522 4463 4463 4463 4463 4463 4463 4463 4463 4463
    4522 4522 4522 4522 4522 4522 4522 4463 4463 4522 4522 4522 4582
    3653 3614 4405 4405 4405 4463 4463 4463 4463 4463 4463 4463 4463
    4463 4463 4463 4463 4463 4463 4463 4463 4463 4522 4522 4522 4522
    4522 4463 4463 4463 4522 4522 3614 3576 3576 4349 4295 4295 4295
    4349 4349 4349 4405 4463 4463 4463 4463 4463 4463 4463 4463 4463
    4405 4405 4463 4463 4522 4522 4522 4522 4463 4463 3539 3539 3539
    3539 3576 3576 4295 4295 4295 4295 4295 4295 4349 4405 4405 4405
    4463 4463 4463 4463 4463 4463 4463 4405 4405 4405 3539 3503 3468
    3468 3468 3539 3539 3539 3539 3539 3539 3539 3576 4295 4295 4295
    4295 4295 4295 4349 4405 4405 4405 4405 4463 4463 4463 4463 4405
    4405 4405 3576 3576 3539 3503 3468 3468 3468 3468 3503 3539 3539
    3539 3539 3539 3576 4241 4295 4295 4295 4295 4295 4349 4405 4405
    3399 3399 3399 3433 3399 3399 3399 3433 3433 3468 3503 3468 3433
    3399 3399 3433 3468 3503 3576 3539 3539 3539 3539 3539</data></Depth18399>
</opencv_storage>
