<?xml version="1.0"?>
<opencv_storage>
<Depth19611 type_id="opencv-matrix">
  <rows>93</rows>
  <cols>27</cols>
  <dt>w</dt>
  <data>
    0 0 0 0 0 0 0 0 0 0 0 0 0 0 0 1343 1343 1312 1317 1317 1317 1312
    1312 1312 3614 3614 3614 0 0 0 0 0 0 1328 1328 1328 0 0 0 1338 1338
    1338 1343 1343 1312 1312 1312 1312 1297 1297 1297 1297 3576 3576 0
    1322 1322 1317 1317 1322 1322 1328 1322 1322 1317 1317 1317 1317
    1317 1312 1312 1312 1312 1312 1307 1297 1297 1297 1297 1297 3576 0 0
    1322 1317 1317 1322 1322 1322 1317 1317 1312 1312 1312 1312 1312
    1312 1307 1307 1307 1307 1307 1302 1297 1292 1292 1297 1297 0 0 1322
    1317 1317 1317 1312 1312 1312 1312 1312 1312 1312 1312 1312 1307
    1307 1307 1307 1307 1302 1302 1297 1292 1292 1297 1297 0 0 1322 1317
    1317 1317 1312 1312 1312 1312 1312 1312 1312 1307 1307 1307 1307
    1307 1307 1307 1302 1302 1292 1292 1292 1297 1297 0 0 1328 1322 1322
    1317 1312 1312 1312 1312 1312 1312 1312 1307 1307 1307 1307 1307
    1302 1302 1302 1292 1292 1292 1292 1292 1292 0 0 1328 1322 1322 1317
    1312 1312 1312 1312 1312 1312 1312 1307 1307 1307 1307 1307 1302
    1302 1302 1292 1288 1288 1292 1292 0 0 0 1328 1328 1322 1317 1312
    1312 1312 1312 1312 1312 1312 1312 1312 1307 1307 1307 1302 1302
    1302 1292 1288 1288 1292 1292 1297 0 0 1328 1328 1322 1317 1317 1317
    1312 1312 1312 1312 1312 1312 1312 1312 1307 1307 1302 1302 1302
    1292 1288 1288 1292 1297 1297 0 0 1328 1328 1328 1322 1322 1312 1312
    1312 1312 1312 1312 1312 1312 1312 1307 1307 1307 1307 1302 1297
    1292 1292 1297 1297 1297 0 0 1328 1328 1328 1322 1322 1312 1312 1312
    1312 1312 1312 1312 1312 1312 1307 1307 1307 1302 1302 1302 1302
    1297 1297 1297 1297 0 0 1328 1328 1328 1328 1322 1312 1312 1312 1312
    1312 1312 1312 1307 1307 1307 1307 1307 1302 1302 1302 1302 1292
    1283 1283 1283 0 0 1328 1328 1328 1328 1322 1317 1312 1312 1312 1312
    1312 1312 1307 1307 1307 1307 1307 1302 1302 1302 1292 1288 1283
    1283 1283 0 0 1328 1328 1328 1328 1322 1322 1317 1312 1312 1312 1312
    1312 1307 1307 1307 1307 1307 1302 1297 1297 1292 1288 1283 1283
    1283 0 0 1328 1328 1328 1322 1322 1322 1322 1317 1317 1312 1312 1312
    1307 1307 1307 1307 1307 1302 1297 1292 1292 1288 1283 1283 1283 0 0
    1328 1328 1328 1322 1322 1322 1317 1317 1317 1312 1312 1312 1307
    1307 1307 1307 1307 1302 1297 1292 1292 1288 1288 1288 1297 0 0 1328
    1328 1328 1322 1322 1322 1317 1317 1317 1317 1312 1312 1307 1307
    1307 1307 1307 1307 1297 1297 1297 1292 1292 1297 1297 0 0 1328 1328
    1328 1322 1322 1322 1317 1317 1317 1312 1312 1312 1307 1307 1307
    1307 1307 1307 1297 1297 1297 1297 1297 1297 1297 0 0 1322 1322 1322
    1322 1322 1322 1317 1317 1317 1312 1312 1312 1307 1307 1307 1307
    1307 1307 1302 1302 1297 1297 1297 1297 1297 0 0 1322 1322 1322 1317
    1317 1322 1317 1317 1312 1312 1312 1312 1307 1307 1307 1307 1307
    1302 1302 1302 1302 1297 1297 1297 1297 0 0 0 1322 1322 1317 1317
    1322 1317 1312 1312 1312 1312 1312 1307 1307 1307 1307 1307 1302
    1302 1302 1302 1292 1292 1292 0 0 0 0 1322 1322 1322 1322 1322 1317
    1312 1312 1312 1312 1312 1307 1307 1307 1307 1307 1302 1302 1302
    1302 1292 1292 1292 0 0 0 0 1322 1322 1322 1322 1322 1317 1312 1312
    1312 1312 1312 1307 1307 1307 1307 1307 1307 1302 1302 1302 1297
    1297 1297 0 0 0 0 1328 1322 1322 1322 1322 1317 1312 1312 1312 1312
    1312 1307 1307 1307 1307 1307 1307 1302 1302 1302 1297 1297 1297 0 0
    0 0 1328 1328 1328 1328 1322 1317 1312 1312 1312 1312 1312 1312 1307
    1307 1307 1307 1302 1302 1302 1297 1297 1297 1297 1297 0 0 0 1328
    1328 1328 1328 1322 1322 1322 1317 1312 1312 1312 1312 1307 1307
    1307 1302 1302 1302 1302 1297 1297 1297 1297 1297 0 0 0 1322 1322
    1328 1322 1322 1322 1322 1317 1312 1312 1312 1312 1307 1307 1307
    1302 1302 1302 1302 1302 1297 1297 1297 1297 0 0 0 1322 1322 1328
    1322 1322 1317 1317 1317 1312 1312 1312 1312 1312 1307 1307 1302
    1302 1302 1302 1302 1297 1297 1297 1297 0 0 0 1322 1322 1322 1322
    1317 1317 1317 1317 1317 1312 1312 1312 1312 1307 1307 1307 1302
    1302 1302 1302 1297 1297 1297 1297 0 0 1333 1328 1328 1322 1322 1317
    1317 1317 1317 1317 1312 1312 1312 1312 1307 1307 1307 1302 1302
    1302 1302 1297 1292 1292 1292 0 0 1333 1322 1322 1322 1322 1322 1317
    1317 1317 1317 1312 1312 1312 1312 1312 1307 1307 1307 1302 1302
    1302 1302 1292 1292 1292 0 0 1322 1322 1322 1322 1322 1322 1317 1317
    1317 1317 1317 1312 1312 1312 1312 1307 1307 1307 1302 1302 1302
    1302 1292 1292 0 0 0 0 1322 1322 1328 1328 1322 1322 1317 1317 1317
    1312 1312 1312 1312 1312 1307 1307 1307 1302 1302 1302 1302 1302
    1302 1302 0 0 1333 1322 1322 1322 1328 1322 1322 1317 1317 1317 1312
    1312 1312 1312 1312 1307 1307 1307 1307 1302 1302 1297 1297 1297
    1302 0 0 1333 1322 1322 1322 1322 1322 1317 1317 1317 1317 1312 1312
    1312 1312 1312 1307 1307 1307 1307 1302 1302 1297 1297 1302 0 0 0
    1328 1322 1322 1322 1322 1322 1317 1317 1317 1317 1312 1312 1312
    1312 1312 1307 1307 1307 1307 1302 1302 1302 1302 1302 1302 0 0 1328
    1328 1328 1328 1322 1317 1317 1317 1317 1317 1312 1312 1312 1312
    1312 1307 1307 1307 1307 1302 1302 1302 1302 1302 1302 0 0 1328 1328
    1328 1328 1322 1317 1317 1317 1317 1317 1312 1312 1312 1312 1312
    1312 1307 1307 1302 1302 1302 1302 1297 1297 1297 0 1328 1328 1328
    1328 1328 1322 1322 1322 1317 1317 1317 1312 1312 1312 1312 1312
    1307 1307 1307 1302 1302 1302 1302 1297 1297 1297 0 1333 1333 1333
    1328 1328 1322 1322 1322 1322 1317 1317 1312 1312 1312 1312 1312
    1307 1307 1307 1302 1302 1302 1302 1297 1297 0 0 1328 1328 1328 1328
    1328 1322 1322 1322 1322 1317 1317 1312 1312 1312 1312 1312 1307
    1307 1307 1307 1302 1302 1302 1297 1297 0 1328 1328 1328 1328 1328
    1328 1322 1322 1322 1317 1317 1317 1317 1312 1312 1312 1312 1307
    1307 1307 1307 1302 1302 1302 1292 1292 0 1328 1328 1328 1328 1328
    1328 1322 1322 1322 1317 1317 1317 1317 1312 1312 1312 1312 1307
    1307 1307 1307 1302 1302 1302 1292 1292 0 0 1328 1328 1328 1328 1322
    1322 1322 1322 1317 1317 1317 1317 1312 1312 1312 1312 1307 1307
    1307 1302 1302 1302 1302 1297 1297 0 0 1333 1328 1328 1328 1322 1322
    1322 1322 1317 1317 1317 1317 1317 1312 1312 1312 1307 1307 1307
    1302 1302 1302 1302 1302 1307 1307 0 1328 1328 1328 1328 1322 1322
    1322 1322 1317 1317 1317 1317 1317 1312 1312 1312 1307 1307 1307
    1307 1302 1302 1302 1302 1307 1307 0 1328 1328 1328 1328 1322 1322
    1322 1322 1322 1322 1322 1317 1312 1312 1312 1312 1307 1307 1307
    1302 1302 1302 1297 1297 1302 1302 0 1328 1328 1328 1322 1322 1322
    1322 1322 1322 1317 1317 1312 1312 1312 1312 1312 1312 1307 1307
    1302 1302 1302 1297 1297 1297 1297 0 1328 1328 1328 1322 1322 1322
    1322 1322 1322 1317 1317 1312 1312 1312 1312 1312 1312 1307 1307
    1302 1302 1302 1297 1297 1292 1292 0 1328 1328 1328 1328 1322 1322
    1322 1322 1322 1317 1317 1312 1312 1312 1312 1312 1312 1307 1307
    1302 1302 1302 1297 1292 1292 1292 0 1328 1328 1328 1328 1322 1322
    1322 1322 1322 1322 1317 1312 1312 1312 1312 1312 1312 1307 1307
    1302 1302 1302 1297 1292 1292 1292 0 1328 1328 1328 1328 1328 1328
    1328 1322 1322 1322 1317 1317 1312 1312 1312 1312 1307 1307 1307
    1307 1307 1302 1297 1297 1297 1297 0 1328 1328 1328 1328 1328 1328
    1328 1322 1322 1322 1317 1317 1312 1312 1312 1312 1307 1307 1307
    1307 1307 1302 1302 1297 1297 1297 0 1328 1328 1328 1328 1328 1328
    1328 1322 1322 1322 1317 1317 1312 1312 1312 1312 1307 1307 1307
    1307 1307 1307 1302 1302 1302 1302 0 1338 1333 1333 1328 1328 1328
    1328 1328 1322 1322 1322 1317 1312 1312 1312 1312 1307 1307 1307
    1307 1307 1307 1302 1302 1302 0 0 1338 1333 1333 1328 1328 1328 1328
    1328 1322 1322 1322 1317 1312 1312 1312 1312 1307 1307 1307 1307
    1307 1307 1302 1302 1302 0 0 1338 1338 1333 1333 1328 1328 1328 1328
    1322 1322 1317 1317 1317 1312 1312 1312 1307 1307 1307 1307 1307
