<?xml version="1.0"?>
<opencv_storage>
<Depth19428 type_id="opencv-matrix">
  <rows>25</rows>
  <cols>78</cols>
  <dt>w</dt>
  <data>
    3539 3576 3576 3576 3576 3576 3653 3653 3653 3614 3614 3653 3653
    3653 3692 3692 3653 3653 1433 1427 1427 1427 3653 1421 1421 1427
    1427 1427 1433 1433 1433 1433 1433 1439 1445 1445 1445 1445 3732
    3732 3774 3774 3774 3774 3732 1410 1410 1410 1410 1415 1415 1415
    1410 1410 3732 3732 3732 3692 3692 3732 3692 3692 3692 3692 3653
    3653 3692 3653 3653 3653 3653 3653 3653 3653 3653 3614 3010 2984
    3503 3503 3576 3576 3576 3576 3576 3576 3614 3614 3576 3539 3539
    3614 3653 1427 1427 1427 1427 1427 1421 1415 1415 1415 1421 1427
    1427 1427 1427 1427 1427 1427 1427 1439 1433 1433 1433 1433 1421
    1421 1392 1392 3692 1404 1398 1398 1404 1404 1404 1410 1410 1404
    1398 1387 1387 1387 1387 3732 3732 3732 3653 3653 3614 3614 3653
    3653 3653 3614 3614 3614 3614 3614 3614 3614 3614 3576 3010 2958
    3503 3503 3503 3503 3503 3539 3576 3576 3614 1410 1410 1404 1398
    1398 1410 1415 1421 1421 1421 1421 1421 1404 1404 1410 1415 1421
    1421 1421 1421 1421 1421 1421 1421 1427 1427 1421 1415 1410 1398
    1398 1392 1392 1392 1392 1392 1392 1398 1398 1404 1398 1398 1404
    1398 1387 1387 1387 1398 1398 3614 3614 3614 3614 3614 3614 3614
    3614 3614 3576 3576 3576 3576 3576 3576 3576 3576 3539 3539 2958
    3468 3468 3468 3468 3468 3539 3539 1359 1359 1410 1410 1404 1387
    1381 1370 1370 1370 1370 1370 1376 1376 1381 1387 1392 1404 1415
    1415 1404 1404 1404 1404 1410 1415 1421 1415 1404 1404 1398 1381
    1381 1381 1381 1381 1381 1387 1387 1392 1392 1392 1387 1387 1392
    1392 1392 1381 1381 1387 1392 1392 1398 1398 3614 3614 3614 3614
    3614 3576 3539 3539 3539 3539 3576 3576 3539 3503 3503 3468 3468
    3433 3433 3468 3468 3468 1349 1343 1343 1343 1343 1343 1354 1376
    1365 1365 1359 1359 1359 1359 1365 1365 1365 1370 1370 1381 1376
    1376 1376 1370 1370 1404 1404 1415 1410 1404 1381 1376 1370 1370
    1370 1370 1370 1370 1370 1381 1381 1381 1381 1381 1376 1376 1387
    1387 1387 1370 1370 1370 1381 1387 1392 1387 1387 1387 3653 3614
    3614 3576 3539 3539 3539 3539 3539 3539 3503 3503 3468 3433 3433
    3433 3433 3468 1333 1328 1328 1333 1333 1338 1338 1338 1338 1343
    1343 1343 1349 1354 1354 1354 1354 1354 1359 1359 1359 1359 1359
    1359 1359 1354 1354 1338 1338 1359 1359 1365 1370 1365 1365 1365
    1365 1365 1365 1365 1365 1365 1365 1365 1365 1365 1365 1370 1370
    1370 1365 1365 1365 1365 1370 1376 1381 1381 1381 1381 1392 1392
    3614 3576 3539 3539 3539 3503 3468 3468 3468 3468 3468 3433 3433
    3433 3433 1322 1317 1317 1322 1322 1322 1328 1333 1338 1338 1333
    1333 1338 1338 1338 1343 1343 1343 1343 1343 1343 1343 1343 1343
    1343 1338 1338 1343 1338 1338 1343 1349 1349 1359 1365 1365 1359
    1359 1354 1354 1359 1359 1359 1365 1365 1359 1359 1359 1359 1359
    1359 1359 1359 1359 1359 1359 1370 1370 1370 1370 1370 1376 1387
    1404 1404 1410 3539 3539 3468 3433 3433 3433 3433 3433 3433 3433
    3433 3433 1317 1312 1312 1317 1317 1317 1322 1328 1333 1333 1328
    1328 1333 1333 1333 1333 1338 1333 1333 1338 1333 1333 1338 1338
    1333 1333 1333 1338 1338 1338 1338 1338 1338 1343 1343 1343 1343
    1343 1343 1343 1343 1343 1349 1349 1349 1349 1359 1359 1359 1359
    1359 1359 1359 1359 1359 1359 1359 1359 1365 1365 1365 1370 1381
    1387 1398 1404 1404 1404 3468 3433 3433 3433 3433 3433 3433 3433
    3399 3399 1312 1307 1307 1312 1312 1312 1317 1322 1322 1322 1322
    1322 1322 1322 1322 1328 1328 1328 1328 1328 1322 1322 1322 1322
    1322 1322 1322 1328 1328 1328 1333 1333 1333 1328 1322 1322 1322
    1328 1333 1333 1338 1333 1333 1343 1343 1343 1338 1338 1343 1338
    1338 1343 1343 1343 1354 1354 1354 1354 1354 1354 1354 1359 1381
    1387 1392 1398 1404 1404 3433 3433 3399 3399 3399 3399 3365 3365
    3365 3365 1307 1302 1297 1297 1297 1297 1307 1312 1317 1317 1317
    1317 1317 1317 1317 1317 1317 1317 1317 1317 1312 1312 1307 1307
    1312 1312 1312 1312 1312 1317 1317 1322 1322 1322 1322 1322 1317
    1317 1322 1322 1322 1322 1322 1322 1328 1338 1338 1322 1322 1322
    1322 1322 1322 1322 1317 1317 1328 1333 1343 1343 1343 1354 1365
    1381 1381 1392 1398 1398 3433 3433 3399 3399 3365 3365 3333 3333
    3333 3365 1292 1292 1288 1288 1288 1292 1297 1297 1302 1307 1307
    1312 1312 1317 1317 1312 1312 1307 1307 1302 1297 1297 1297 1297
    1302 1302 1307 1302 1302 1307 1307 1312 1322 1322 1317 1312 1307
    1307 1307 1312 1312 1312 1312 1312 1317 1328 1333 1317 1317 1317
    1317 1317 1317 1312 1312 1312 1317 1317 1328 1322 1322 1328 1343
    1370 1376 1387 1392 1404 1404 3433 3433 3399 3333 3300 3269 3269
    3333 3333 1288 1288 1288 1283 1283 1288 1292 1292 1292 1297 1297
    1302 1307 1307 1307 1307 1307 1302 1297 1288 1283 1283 1288 1292
    1297 1297 1302 1297 1297 1297 1302 1292 1292 1288 1288 1297 1302
    1302 1302 1302 1307 1302 1302 1297 1297 1307 1312 1312 1307 1302
    1302 1302 1307 1307 1302 1302 1302 1307 1317 1317 1317 1322 1338
    1365 1365 1381 1387 1398 1410 1410 3468 3399 3300 3269 3238 3238
    3333 1283 1283 1283 1283 1278 1278 1278 1278 1278 1278 1288 1288
    1288 1292 1292 1292 1292 1292 1292 1283 1278 1278 1278 1283 1283
    1288 1288 1292 1292 1292 1292 1288 1283 1283 1278 1278 1278 1283
    1288 1292 1297 1302 1288 1288 1283 1283 1288 1292 1292 1297 1292
    1292 1297 1297 1297 1297 1297 1297 1297 1297 1302 1317 1317 1322
    1322 1365 1376 1387 1398 1410 1410 1427 3399 3269 3238 3208 3208
    1264 1264 1264 1278 1278 1273 1273 1268 1268 1268 1268 1273 1283
    1283 1283 1283 1283 1288 1283 1278 1278 1278 1278 1278 1278 1278
    1273 1273 1278 1278 1278 1283 1283 1278 1278 1273 1273 1273 1278
    1278 1283 1288 1283 1278 1278 1273 1273 1283 1283 1283 1283 1283
    1283 1278 1278 1283 1283 1283 1283 1283 1283 1288 1307 1307 1317
    1322 1354 1376 1376 1404 1410 1410 1427 1427 3269 3208 3178 3178
    1259 1259 1259 1259 1259 1264 1259 1259 1259 1259 1259 1259 1273
    1283 1283 1278 1273 1264 1264 1264 1264 1268 1268 1268 1264 1264
    1259 1259 1259 1264 1264 1264 1264 1268 1268 1268 1268 1268 1264
    1264 1264 1268 1268 1268 1268 1268 1268 1273 1273 1273 1273 1273
    1273 1268 1268 1264 1264 1268 1273 1278 1278 1278 1278 1288 1302
    1292 1292 1376 1376 1404 1421 1421 1427 1439 3269 3208 3149 3149
    1255 1255 1255 1255 1250 1250 1255 1255 1255 1255 1250 1250 1241
    1241 1241 1241 1241 1245 1245 1255 1255 1245 1245 1245 1255 1255
    1255 1255 1255 1255 1255 1259 1259 1259 1255 1255 1259 1259 1255
    1255 1255 1259 1259 1259 1259 1259 1264 1264 1264 1264 1264 1264
    1264 1259 1259 1259 1259 1259 1259 1264 1268 1273 1273 1278 1283
    1288 1288 1288 1312 1421 1421 1427 1427 1433 1433 1433 3149 3092
    1250 1245 1245 1245 1245 1241 1241 1245 1245 1245 1241 1236 1232
    1223 1223 1227 1227 1227 1227 1241 1245 1241 1241 1241 1241 1241
    1241 1241 1241 1245 1245 1250 1250 1250 1245 1245 1250 1250 1250
    1250 1250 1250 1250 1250 1250 1250 1255 1255 1255 1255 1255 1255
    1255 1255 1255 1259 1259 1255 1255 1255 1255 1264 1264 1268 1268
    1273 1283 1283 1312 1322 1421 1427 1427 1433 1433 1433 1433 3092
    1250 1245 1236 1236 1236 1232 1232 1232 1232 1232 1232 1227 1223
    1219 1219 1219 1223 1223 1223 1232 1241 1241 1236 1232 1232 1223
    1223 1232 1232 1236 1241 1241 1245 1241 1241 1241 1241 1236 1236
    1236 1241 1241 1241 1241 1245 1245 1245 1245 1245 1245 1245 1245
    1245 1245 1245 1250 1245 1245 1245 1245 1241 1241 1245 1259 1259
    1264 1273 1273 1317 1322 1427 1427 1427 1433 1433 1427 1427 1427
    1223 1223 1223 1223 1223 1223 1223 1223 1223 1223 1223 1219 1219
    1219 1214 1214 1210 1206 1206 1210 1232 1236 1232 1223 1223 1214
    1214 1223 1223 1232 1227 1227 1236 1232 1232 1232 1232 1227 1227
    1227 1232 1232 1227 1227 1232 1227 1227 1232 1232 1232 1241 1241
    1241 1236 1232 1232 1236 1236 1241 1236 1236 1236 1241 1250 1255
    1259 1259 1259 1264 1307 1307 1427 1427 1427 1427 1427 1427 1427
