<?xml version="1.0"?>
<opencv_storage>
<Depth10489 type_id="opencv-matrix">
  <rows>119</rows>
  <cols>80</cols>
  <dt>w</dt>
  <data>
    3468 3433 3433 3433 3399 3399 3399 3399 3399 3399 3399 3399 3399
    1013 1007 1004 1004 1004 1001 1001 1001 1001 3399 3399 3399 3365
    3365 3365 3365 3365 3365 3399 3365 3365 3365 3365 3399 3399 3399
    3399 3433 3433 3433 3399 3399 3399 3399 3399 3399 3433 3399 3399
    3399 3399 3399 3399 3399 3399 3399 3399 3399 3399 3399 3399 3399
    3399 3365 3365 3365 3365 3365 3365 3365 3365 3399 3399 3399 3399
    3399 3399 3468 3468 3433 3399 3365 3365 3399 3399 3399 3399 3399
    3399 1013 1010 1007 1004 1004 1001 1001 1001 1001 1001 1001 3399
    3399 3365 3365 3333 3333 3365 3365 3399 3365 3365 3365 3365 3399
    3399 3399 3399 3433 3433 3433 3399 3399 3399 3399 3399 3399 3399
    3399 3399 3399 3399 3399 3399 3399 3399 3399 3399 3399 3399 3399
    3399 3399 3399 3365 3365 3365 3365 3365 3365 3365 3365 3399 3365
    3365 3365 3399 3399 3433 3433 3433 3399 3365 3365 3365 3399 3399
    3399 1001 1001 1001 1007 1004 1004 1001 998 998 992 992 992 981 981
    981 3333 3333 3333 3333 3365 3365 3365 3365 3365 3365 3365 3399 3399
    3399 3399 3433 3433 3433 3433 3399 3399 3399 3399 3399 3399 3399
    3399 3433 3433 3433 3399 3399 3399 3399 3399 3399 3399 3399 3399
    3399 3399 3399 3399 3399 3365 3365 3365 3365 3365 3399 3365 3365
    3365 3365 3399 3433 3433 3433 3468 3468 3468 0 1004 1004 1004 1001
    1001 1001 1001 1001 998 998 992 992 992 989 987 981 981 981 978 978
    978 959 956 3539 3539 3539 3399 3399 3399 3399 3399 3399 3399 3433
    3433 3433 3433 3433 3433 3433 3433 3399 3399 3399 3433 3433 3433
    3433 3399 3399 3399 3399 3399 3399 3399 3399 3399 3399 3399 3399
    3399 3399 3365 3365 3365 3365 3365 3365 3365 3365 3365 3365 3399
    3399 3399 3468 3468 3468 1010 0 1010 1004 1004 1004 1001 1001 998
    995 992 992 989 989 987 984 981 978 978 978 978 978 0 0 0 0 3539
    3539 3539 3399 3399 3399 3433 3433 3433 3433 3433 3468 3468 3433
    3433 3433 3433 3433 3433 3433 3433 3433 3433 3433 3399 3399 3399
    3399 3399 3399 3433 3399 3399 3399 3399 3399 3399 3399 3399 3399
    3399 3365 3365 3365 3365 3365 3333 3333 3399 3399 3399 0 0 0 0 0
    1010 1007 1007 1001 1001 998 995 992 989 989 987 984 981 981 978 975
    975 975 975 975 959 959 956 956 3539 3539 3539 3539 3539 3433 3433
    3433 3468 3468 3468 3539 3539 3468 3468 3433 3433 3433 3433 3433
    3433 3468 3468 3433 3399 3399 3399 3399 3399 3433 3433 3433 3399
    3399 3399 3399 3399 3399 3399 3399 3399 3399 3399 3399 3399 3365
    3333 3333 3399 3399 3399 0 0 0 0 0 1010 1010 1010 1001 1001 998 992
    992 989 989 987 984 981 978 978 975 975 973 967 962 959 959 956 956
    962 962 962 964 964 3433 3433 3433 3468 3468 0 3539 3539 3539 3503
    3503 3468 3468 3468 0 0 3468 3468 3433 3399 3399 3433 3433 3433 3433
    3433 3433 3399 3399 3399 3399 3399 3399 3399 3399 3399 3399 3399
    3365 3365 3365 3333 3333 3433 3399 3399 0 0 0 0 0 1010 1010 1010
    1004 1001 998 992 992 989 987 984 981 978 978 975 970 970 967 964
    962 959 956 956 956 956 956 959 964 964 3433 3433 3433 3433 3433 946
    946 943 3539 3539 3539 3539 3539 3539 0 3539 0 3433 0 3433 3399 3399
    3399 3399 3399 3399 3399 3433 3433 3433 3433 3399 3399 3399 3399
    3399 3399 3399 3365 3365 3333 3300 3300 3399 3399 3399 0 0 0 0 0
    1013 1013 1013 1004 1001 998 995 992 989 987 984 981 978 978 975 970
    967 964 962 959 956 954 951 951 951 951 954 954 951 948 948 951 951
    938 946 946 943 943 951 3576 3539 3539 3539 0 0 0 0 3399 3399 3399
    3399 3399 3333 3300 3300 3300 3300 3433 3433 3433 3433 3433 3399
    3399 938 938 940 3399 3365 3333 3300 3300 3399 3503 0 0 0 0 0 0 1013
    1013 1010 1004 1001 998 995 992 989 989 984 981 978 978 975 967 967
    964 962 959 956 954 951 948 948 946 946 943 943 943 940 940 938 938
    938 938 940 940 951 951 951 951 951 0 0 0 0 0 913 913 3269 3238 3238
    3238 3238 3300 3300 3433 3433 3433 3468 3433 3433 940 938 938 940
    940 3365 3365 3365 3365 3433 3503 0 0 0 0 0 0 1013 1013 1007 1004
    1001 998 998 995 992 989 987 981 981 978 975 967 967 964 962 959 956
    954 951 948 948 946 946 943 940 938 935 935 933 930 930 930 930 923
    923 951 951 951 913 913 918 913 0 913 913 913 3269 3269 3238 3238
    3149 3149 3149 891 891 3468 3468 3433 3433 940 940 940 940 940 940
    940 954 0 3468 3503 0 0 0 0 0 0 1013 1013 1007 1004 1001 1001 998
    992 989 989 987 984 981 978 973 967 964 964 962 959 956 956 951 948
    948 946 946 943 940 938 935 933 930 928 928 925 923 920 920 915 913
    913 913 913 918 913 913 913 913 913 913 913 908 903 898 891 891 891
    891 891 894 940 940 940 940 940 940 940 940 954 954 0 3468 3503 0 0
    0 0 0 0 1013 1013 1007 1004 1001 1001 998 992 989 987 987 984 981
    978 973 967 964 964 962 959 956 956 954 948 948 946 946 943 940 938
    935 933 930 928 928 923 920 920 918 915 913 910 910 910 910 906 903
    903 903 903 910 906 903 898 896 891 891 891 891 891 894 928 938 938
    938 938 940 940 954 954 954 959 959 3503 0 0 0 0 0 0 1016 1013 1007
    1004 1001 1001 998 992 989 987 987 984 981 978 975 967 967 964 962
    959 959 956 954 948 948 946 946 940 940 938 935 933 930 928 928 923
    920 920 918 915 910 910 908 908 906 901 901 898 898 898 898 896 896
    891 891 891 889 889 889 891 894 928 928 928 930 930 940 940 954 954
    956 959 959 0 0 0 0 0 0 0 1016 1016 1007 1004 1001 1001 998 992 989
    987 987 984 981 978 973 970 967 967 964 962 959 956 954 948 948 946
    946 940 940 938 935 933 930 928 928 923 920 920 918 918 910 910 908
    906 903 901 901 898 894 894 891 891 891 889 885 885 887 885 885 889
    889 928 928 928 925 925 928 938 943 946 948 954 959 0 0 0 0 0 0 1016
    1016 1016 1010 1004 1004 1001 998 992 989 989 987 984 981 978 973
    970 970 967 967 962 959 959 954 948 948 946 946 940 938 938 935 933
    930 928 928 925 923 920 918 918 910 910 908 906 903 901 901 898 894
    891 891 889 889 885 882 882 880 880 880 880 885 887 928 923 920 920
    925 933 940 943 943 954 954 0 0 0 0 0 0 1016 1016 1016 1010 1004
    1004 1001 998 995 989 989 987 984 981 978 973 973 970 967 967 964
    959 959 954 948 948 946 946 940 938 938 935 933 930 928 928 925 923
    920 920 918 913 908 908 906 903 901 901 898 894 891 891 889 887 885
    882 880 878 875 873 873 878 887 891 894 906 915 923 928 940 943 943
    0 943 0 0 0 0 0 0 1019 1019 1016 1010 1007 1004 1001 998 995 992 989
    989 987 984 981 975 973 970 967 967 964 962 959 954 951 948 948 948
    940 938 938 935 933 930 930 928 925 923 920 920 918 913 908 908 906
    903 903 901 898 894 891 891 889 887 885 882 880 878 875 873 873 878
    887 891 894 898 915 923 928 940 943 943 943 0 0 0 0 0 0 0 1019 1019
    1013 1010 1007 1004 1001 998 998 992 992 989 987 984 981 975 973 970
    967 967 964 962 959 956 954 948 948 948 943 940 938 935 933 930 930
    928 925 925 923 920 918 915 910 908 906 906 903 901 898 896 894 891
    889 887 885 882 880 878 875 875 875 878 885 889 894 898 915 928 933
    940 946 0 0 0 0 0 0 0 0 0 1016 1016 1013 1010 1007 1004 1001 998 998
    992 992 989 987 984 981 975 973 970 967 967 964 959 959 956 954 951
    948 946 943 940 938 938 933 930 930 928 928 925 923 920 918 915 910
    908 908 906 903 901 898 898 896 891 889 887 885 882 882 880 878 878
    878 880 882 889 898 906 918 930 933 940 946 0 0 0 0 0 0 0 0 0 1016
    1016 1013 1010 1007 1004 1001 1001 998 992 992 989 987 984 978 978
    973 973 970 967 964 959 959 956 954 951 948 946 943 940 938 938 935
    930 930 930 928 928 923 920 915 913 910 910 908 906 903 901 901 898
    898 894 891 887 885 882 882 880 880 880 880 880 882 891 901 908 918
    928 935 943 946 0 0 0 3539 0 0 0 0 0 1016 1016 1013 1010 1007 1004
    1004 1001 998 992 992 989 987 984 978 975 973 973 970 967 964 962
    959 956 954 951 948 948 946 943 940 938 935 933 930 930 928 928 923
    920 915 913 910 910 908 906 903 901 901 898 898 894 891 889 885 882
