<?xml version="1.0"?>
<opencv_storage>
<Depth3802 type_id="opencv-matrix">
  <rows>65</rows>
  <cols>54</cols>
  <dt>w</dt>
  <data>
    4522 4582 4645 4645 4645 4645 4645 4774 4774 4842 4983 4983 4983
    5056 1647 1647 1647 1655 1655 1663 1663 1663 0 0 0 0 0 0 0 0 0 0
    4774 4708 4708 4645 4645 4645 4645 5056 4983 4911 4911 4842 4842
    4911 4911 4911 4911 4911 4911 4911 4911 4911 4522 4582 4582 4645
    4708 4708 4708 4774 4774 4774 4983 4983 4983 4911 1647 1647 1647
    1655 1680 1680 1680 1688 0 0 0 0 0 0 0 0 0 0 4774 4708 4708 4708
    4708 4708 5132 5132 5056 4983 4842 4842 4842 4911 4911 4911 4911
    4911 4911 4911 4911 4911 4582 4582 4582 4645 4645 4708 4708 4708
    4774 4774 4911 4983 4983 4911 4911 1655 1655 1655 1680 1680 1688 0 0
    0 0 0 1632 1632 1632 1632 1632 0 4842 1624 1616 1616 1624 1616 1616
    1616 1624 4983 4842 4842 4842 4911 4911 4911 4911 4911 4911 4911
    4911 4911 4582 4582 4582 4645 4645 4708 4708 4708 4774 4774 4842
    4842 5132 5056 4983 4983 1671 1671 1680 1680 1639 1624 1624 1624
    1624 1624 1624 1624 1624 1624 1624 1624 1616 1609 1609 1609 1616
    1616 1616 1616 1624 1624 1624 5056 5056 5056 4983 4983 4911 4911
    4911 4911 4911 4911 4582 4582 4582 4645 4645 4645 4645 4708 4774
    4774 4774 4774 1624 5056 5056 1624 1624 1624 1632 1632 1632 1624
    1624 1624 1624 1616 1616 1616 1609 1609 1624 1624 1616 1609 1609
    1609 1616 1616 1624 1624 1624 1624 1632 0 4983 4983 4983 4983 4911
    4911 4911 4911 4911 4911 4582 4582 4582 4645 4645 4645 4645 4645
    4708 4774 1609 1609 1624 1624 1616 1616 1624 1624 1624 1624 1624
    1624 1624 1624 1624 1616 1616 1616 1609 1609 1624 1624 1624 1616
    1616 1616 1616 1616 1624 1624 1624 1632 1632 1680 4983 4983 4983
    4983 4911 4911 4911 4911 4911 4911 4522 4522 4582 4645 4645 4645
    4645 4645 4708 1616 1609 1609 1624 1624 1616 1616 1616 1616 1624
    1616 1616 1616 1616 1624 1624 1624 1616 1616 1616 1616 1624 1624
    1624 1616 1616 1616 1624 1624 1624 1624 1624 1632 1663 1680 1680
    4983 4983 4983 4911 4911 4911 4911 4911 4911 4522 4522 4522 4645
    4645 1639 1632 1624 1609 1609 1616 1616 1616 1616 1624 1624 1616
    1616 1624 1616 1616 1616 1616 1616 1624 1624 1616 1616 1616 1616
    1624 1624 1624 1616 1616 1624 1624 1624 1624 1624 1624 1632 1647
    1671 1680 1680 4983 4983 4911 4911 4911 4911 4911 4911 4463 4522
    4522 1632 1632 1624 1624 1616 1609 1609 1616 1616 1616 1616 1616
    1616 1616 1616 1624 1624 1624 1624 1616 1616 1624 1624 1624 1624
    1624 1624 1624 1624 1624 1624 1624 1624 1624 1624 1624 1624 1624
    1632 1647 1671 1680 1680 4911 4911 4911 4911 4911 4911 4911 4911
    4463 1624 1624 1624 1624 1624 1624 1616 1616 1616 1616 1616 1616
    1616 1616 1616 1616 1616 1624 1624 1624 1624 1624 1624 1616 1616
    1624 1624 1624 1624 1624 1624 1624 1624 1624 1624 1624 1624 1624
    1624 1624 1632 1647 1663 1680 1680 4842 4842 4842 4911 4911 4911
    4911 4911 1624 1624 1624 1624 1616 1609 1609 1616 1616 1616 1616
    1616 1616 1616 1616 1616 1616 1624 1624 1624 1624 1624 1624 1624
    1616 1616 1624 1624 1624 1624 1624 1624 1624 1624 1624 1624 1624
    1624 1624 1624 1624 1632 1639 1655 1680 1680 4842 4842 4842 4911
    4911 4911 4911 4911 1624 1624 1624 1624 1616 1609 1609 1616 1616
    1616 1624 1624 1624 1616 1609 1609 1609 1616 1624 1624 1624 1624
    1624 1624 1624 1624 1624 1624 1624 1624 1624 1624 1624 1624 1624
    1624 1624 1624 1624 1624 1624 1632 1639 1655 1680 1696 1696 4911
    4911 4911 4911 4911 4911 4911 1632 1632 1624 1624 1616 1616 1616
    1616 1616 1624 1624 1624 1624 1616 1609 1609 1609 1616 1624 1624
    1624 1624 1624 1624 1624 1624 1616 1616 1624 1624 1624 1624 1624
    1624 1624 1624 1624 1624 1624 1624 1624 1624 1639 1647 1680 1688
    1688 4911 4911 4911 4911 4911 4911 4911 1639 1632 1624 1624 1616
    1616 1616 1616 1616 1624 1624 1624 1624 1616 1616 1616 1616 1616
    1624 1624 1624 1624 1624 1624 1624 1624 1616 1616 1624 1624 1624
    1624 1624 1624 1624 1624 1624 1624 1624 1624 1624 1624 1632 1647
    1671 1680 1688 1688 4983 4911 4911 4911 4911 4911 1639 1632 1632
    1624 1624 1624 1616 1616 1616 1624 1624 1624 1616 1616 1616 1616
    1616 1616 1624 1624 1624 1624 1624 1624 1624 1624 1624 1624 1624
    1624 1624 1624 1624 1624 1624 1624 1624 1624 1624 1624 1624 1624
    1632 1639 1663 1680 1688 1688 4911 4911 4911 4911 4911 4911 4522
    1632 1624 1624 1624 1624 1624 1616 1616 1616 1616 1624 1616 1616
    1616 1616 1616 1616 1624 1624 1624 1624 1624 1624 1624 1624 1624
    1624 1624 1624 1624 1624 1624 1624 1624 1624 1624 1624 1624 1624
    1624 1624 1632 1632 1655 1680 1688 1688 4983 4983 4911 4911 4911
    4911 4522 4522 1624 1624 1624 1632 1624 1616 1616 1616 1616 1624
    1616 1616 1624 1624 1624 1624 1624 1624 1624 1624 1624 1624 1632
    1632 1624 1624 1624 1624 1624 1624 1624 1624 1624 1624 1624 1624
    1624 1624 1632 1632 1632 1632 1647 1680 1688 1688 4911 4911 4911
    4911 4911 4911 4349 4349 1624 1624 1609 1609 1624 1616 1616 1616
    1616 1624 1616 1616 1624 1624 1624 1624 1624 1624 1632 1624 1624
    1624 1624 1632 1624 1624 1624 1624 1624 1624 1624 1624 1624 1624
    1624 1624 1624 1624 1632 1632 1632 1632 1647 1680 1688 1688 4911
    4911 4911 4911 4911 4911 4349 0 1609 1609 1609 1609 1616 1624 1624
    1624 1624 1624 1624 1616 1616 1624 1624 1624 1624 1632 1632 1624
    1624 1624 1624 1624 1624 1624 1624 1624 1624 1624 1624 1624 1632
    1632 1632 1632 1624 1624 1632 1632 1632 1632 1639 1680 1688 1688
    4983 4983 4983 4911 4911 4911 4405 4405 0 1616 1616 1616 1616 1624
    1624 1624 1624 1624 1624 1616 1616 1616 1624 1624 1624 1624 1624
    1624 1624 1624 1624 1624 1624 1624 1624 1624 1624 1624 1624 1624
    1624 1632 1632 1632 1624 1624 1632 1632 1632 1639 1639 1680 1688
    1696 1696 4983 4983 4911 4911 4911 4405 4405 0 1616 1616 1616 1616
    1624 1624 1624 1624 1624 1624 1624 1616 1616 1624 1624 1624 1624
    1624 1624 1624 1624 1624 1624 1624 1624 1632 1624 1624 1624 1624
    1624 1624 1632 1632 1632 1624 1624 1632 1632 1632 1639 1647 1671
    1680 1688 1688 4983 4983 4911 4911 4911 4349 4349 0 1624 1624 1624
    1624 1624 1624 1624 1624 1624 1624 1624 1624 1624 1624 1624 1624
    1624 1624 1624 1624 1624 1624 1624 1624 1624 1632 1624 1624 1624
    1624 1624 1624 1632 1632 1632 1632 1632 1632 1632 1632 1639 1647
    1655 1680 1688 1688 5056 5056 4983 4911 4911 4349 4463 0 1632 1632
    1624 1624 1624 1624 1624 1624 1624 1624 1624 1624 1624 1624 1624
    1624 1624 1624 1624 1624 1624 1624 1624 1624 1624 1632 1624 1624
    1624 1624 1624 1624 1632 1632 1632 1632 1632 1632 1632 1632 1632
    1639 1655 1680 1688 1705 1705 5056 5056 4983 4983 4405 4463 4463
    1639 1639 1632 1624 1624 1624 1624 1624 1624 1624 1624 1624 1624
    1624 1624 1624 1624 1624 1624 1624 1624 1624 1624 1624 1624 1632
    1632 1624 1624 1624 1624 1624 1632 1632 1632 1632 1632 1632 1632
    1632 1632 1639 1639 1663 1688 1705 1705 5056 5056 4983 4983 4405
    4463 4463 4463 1632 1632 1632 1632 1624 1624 1624 1624 1624 1624
    1624 1624 1624 1624 1624 1624 1624 1624 1624 1624 1624 1624 1624
    1624 1632 1632 1624 1624 1624 1624 1624 1632 1632 1632 1632 1632
    1632 1632 1632 1632 1632 1639 1655 1688 1696 1696 1696 5056 4911
    4911 4405 4463 4463 0 1632 1632 1632 1632 1624 1624 1624 1624 1624
    1624 1624 1624 1624 1624 1624 1624 1624 1624 1624 1624 1624 1624
    1624 1632 1632 1632 1632 1624 1624 1624 1624 1632 1632 1632 1632
    1632 1632 1632 1632 1632 1632 1639 1655 1680 1688 1688 1688 5056
    4911 4911 4405 4463 4463 4463 1632 1632 1632 1632 1632 1624 1624
    1624 1624 1624 1624 1624 1624 1624 1624 1624 1624 1624 1624 1624
    1624 1624 1624 1632 1632 1632 1632 1624 1624 1624 1624 1632 1632
    1632 1632 1632 1632 1632 1632 1632 1632 1632 1647 1671 1688 1680
    1680 1680 4911 4911 4405 4463 4463 4463 1624 1624 1624 1624 1624
    1624 1624 1624 1624 1624 1624 1624 1624 1624 1624 1624 1632 1632
    1624 1624 1624 1624 1632 1632 1632 1624 1624 1632 1632 1632 1632
