<?xml version="1.0"?>
<opencv_storage>
<Depth14635 type_id="opencv-matrix">
  <rows>134</rows>
  <cols>73</cols>
  <dt>w</dt>
  <data>
    4983 4983 4983 4983 4911 4911 4842 4774 4774 4774 4708 4708 4708
    4708 4645 4645 4645 4645 4645 4582 4582 4522 4522 4522 4463 4463
    4463 4463 4463 4405 4405 4405 4405 4349 4349 4349 4349 4349 4349
    4349 4295 4295 4241 4190 4190 4190 4190 4139 4139 4139 4041 4041
    4089 4089 4089 4089 4089 4041 975 975 973 970 964 964 967 3948 3948
    3948 3816 3816 3816 3816 3816 4983 4983 4983 4983 4983 1073 1073
    1070 1070 4774 4774 4774 4774 4708 4708 4645 4645 4645 4645 4582
    4582 4522 4522 4522 4522 4463 4463 4463 4405 4405 4405 4405 4405
    4349 4349 4349 4349 4349 4349 4349 4295 4295 4241 4190 4190 4190
    4190 4139 4139 4139 4089 4089 4089 4089 4089 4089 4089 978 975 975
    973 970 964 964 964 964 964 0 0 3816 3816 3816 3816 4983 4983 4983
    4983 4911 1073 1070 1067 1067 1077 1077 1077 4708 4708 4708 4645
    4645 4645 4645 4645 4582 4522 4522 4463 4463 4463 4463 4463 4405
    4405 4405 4405 4405 4349 4349 4295 967 967 4295 4295 4295 4241 4241
    3948 946 943 943 4139 4139 4139 4089 4089 915 910 910 910 981 975
    975 973 970 967 964 962 962 962 964 967 967 0 0 3816 3816 4983 4983
    4983 4983 1067 1067 1070 1067 1067 1077 1077 1041 1031 1031 1019
    1019 1019 4645 4645 4645 4645 4522 4463 4463 4463 992 989 987 987
    984 978 978 973 973 973 967 962 956 954 954 951 951 946 943 943 940
    938 938 4089 4139 920 920 915 910 910 908 908 975 975 973 967 967
    964 959 959 964 964 967 967 970 3816 3816 3816 4911 4911 4911 4983
    1063 1063 1063 1057 1054 1054 1054 1041 1031 1031 1028 1019 1019
    1016 1013 1007 1004 1004 1001 995 992 992 989 987 984 981 978 978
    973 973 967 964 959 956 954 951 951 948 946 943 938 933 930 928 928
    923 920 918 915 910 910 908 908 908 915 918 920 923 940 940 946 962
    964 964 970 0 0 0 3732 4911 4911 1067 1063 1060 1057 1057 1054 1047
    1044 1041 1034 1031 1031 1028 1022 1019 1016 1013 1007 1004 1001 998
    995 992 992 989 987 984 981 978 978 975 973 962 962 959 954 954 951
    951 948 943 940 938 933 930 928 923 923 920 915 913 910 910 908 908
    908 915 918 920 923 938 940 946 951 962 964 967 0 0 0 0 1070 1070
    1067 1060 1060 1057 1054 1050 1044 1044 1038 1034 1031 1028 1028
    1022 1019 1016 1013 1007 1007 1001 998 995 992 992 989 987 987 981
    978 975 975 973 962 962 959 954 954 951 951 946 943 940 938 933 930
    928 923 923 920 915 913 910 910 910 910 910 913 920 923 925 933 938
    946 951 962 964 967 967 0 0 3774 1073 1070 1067 1060 1060 1057 1054
    1050 1044 1041 1038 1034 1031 1028 1028 1022 1019 1019 1013 1010
    1007 1001 998 995 992 992 992 987 987 981 978 975 973 973 964 962
    959 954 954 951 951 946 943 940 938 933 930 928 923 923 920 915 913
    913 910 910 910 910 913 920 923 928 933 938 946 951 956 962 967 967
    0 0 0 1073 1070 1067 1063 1060 1057 1054 1050 1044 1041 1038 1034
    1031 1028 1025 1022 1019 1019 1016 1013 1007 1001 998 995 992 992
    992 989 987 981 978 975 973 973 964 962 959 956 954 951 951 946 943
    940 938 933 930 928 923 923 920 915 913 913 910 910 910 910 913 920
    928 930 933 938 946 951 954 959 967 967 0 0 0 1073 1070 1067 1063
    1060 1057 1054 1047 1044 1041 1038 1034 1031 1028 1025 1022 1019
    1019 1016 1013 1004 1001 998 995 992 992 992 989 987 981 978 975 973
    973 964 962 959 956 954 951 948 946 943 940 938 933 930 928 923 923
    920 915 913 913 910 910 910 910 913 923 928 930 933 938 948 951 954
    959 967 967 0 0 0 1073 1070 1067 1063 1063 1057 1054 1047 1044 1041
    1041 1034 1031 1028 1025 1022 1019 1016 1016 1013 1004 1001 998 995
    992 992 992 989 987 984 978 975 973 967 964 962 959 956 954 951 948
    946 943 940 938 935 933 928 923 923 920 918 915 913 910 910 910 910
    913 923 928 930 933 938 948 951 954 959 967 967 0 0 0 1073 1070 1067
    1063 1063 1060 1057 1047 1044 1044 1041 1038 1031 1028 1025 1022
    1019 1016 1016 1010 1007 1001 998 995 992 992 992 989 987 984 981
    975 973 967 964 962 959 956 954 951 951 946 943 940 940 935 933 928
    923 923 920 918 915 913 910 910 910 910 913 923 928 930 935 935 948
    951 954 964 967 967 0 0 0 1073 1073 1070 1067 1060 1057 1057 1050
    1044 1044 1041 1034 1031 1028 1025 1022 1019 1016 1016 1010 1007
    1004 998 995 995 995 992 989 987 984 981 975 975 967 964 962 959 956
    954 951 951 948 943 940 940 935 933 928 923 923 920 918 915 913 913
    910 910 910 913 920 925 928 935 935 948 951 956 964 967 967 0 0 0
    1073 1073 1070 1063 1057 1057 1057 1050 1044 1041 1041 1034 1031
    1028 1028 1022 1019 1016 1016 1010 1007 1004 998 995 995 995 992 987
    987 984 981 975 975 970 964 964 962 956 954 951 951 948 943 943 940
    938 930 928 925 923 920 918 915 913 913 910 910 910 913 920 925 928
    935 935 948 951 956 964 967 967 0 0 0 1073 1073 1070 1063 1057 1057
    1054 1050 1044 1041 1038 1034 1031 1028 1028 1022 1019 1016 1016
    1010 1007 1004 1001 995 995 995 992 987 987 984 981 975 975 970 967
    964 962 959 954 951 951 948 943 943 940 938 930 928 925 923 920 918
    918 913 913 910 910 910 913 923 925 928 935 935 951 954 956 964 964
    967 0 0 0 1073 1073 1070 1063 1060 1057 1054 1050 1044 1041 1038
    1034 1031 1031 1028 1022 1019 1016 1016 1007 1007 1004 1001 995 995
    995 992 989 987 984 981 978 975 970 967 964 962 959 954 951 951 948
    943 943 940 938 930 928 925 923 920 920 918 913 913 910 910 910 915
    920 925 928 938 938 951 954 956 964 964 964 0 0 0 1073 1073 1070
    1063 1060 1057 1054 1050 1044 1041 1041 1034 1031 1031 1028 1025
    1019 1016 1016 1007 1007 1004 1001 998 995 995 992 989 987 984 981
    978 973 973 967 964 962 959 954 954 951 948 943 943 940 938 930 930
    928 925 923 920 918 915 913 910 910 913 915 920 925 930 938 938 948
    954 956 964 964 964 0 0 0 1077 1073 1070 1063 1060 1057 1054 1050
    1047 1044 1041 1034 1034 1031 1028 1028 1025 1019 1016 1007 1007
    1004 1001 998 995 995 992 989 987 984 978 978 973 973 967 964 962
    959 956 954 951 946 943 943 940 938 930 930 930 925 923 920 920 915
    913 913 913 913 915 920 925 933 938 938 946 954 959 964 964 964 0 0
    0 1084 1077 1070 1067 1063 1057 1054 1050 1047 1044 1041 1038 1034
    1031 1028 1028 1025 1022 1019 1007 1007 1004 1001 998 995 995 995
    992 987 984 978 975 973 973 970 964 964 959 956 954 951 946 943 943
    940 938 933 930 930 925 923 920 918 915 913 913 913 913 915 920 923
    933 938 938 946 954 959 964 964 967 0 0 0 1084 1080 1077 1070 1063
    1060 1054 1054 1047 1044 1041 1038 1034 1031 1028 1028 1025 1022
    1019 1010 1007 1004 1001 998 995 995 995 992 987 984 978 975 973 973
    970 967 964 962 959 954 951 948 943 943 940 935 933 930 930 925 923
    920 918 915 913 910 910 910 915 920 923 933 935 938 946 951 959 964
    964 970 0 0 0 1080 1080 1077 1070 1063 1057 1054 1050 1047 1044 1041
    1038 1034 1031 1028 1028 1025 1022 1016 1010 1007 1004 1004 1001 995
    995 995 992 987 987 981 978 973 973 970 967 964 962 959 954 951 948
    946 943 940 935 933 930 930 925 923 920 915 913 913 910 910 910 915
    920 923 935 935 938 946 951 959 964 964 975 0 0 0 1080 1080 1077
    1070 1063 1057 1054 1050 1047 1044 1041 1041 1038 1034 1028 1028
    1025 1022 1016 1013 1007 1007 1004 1001 998 998 995 992 989 987 981
    978 975 975 970 967 964 964 959 954 951 948 946 943 940 935 933 930
    930 928 923 920 915 913 913 910 910 910 915 920 925 935 935 938 946
    951 959 964 964 975 0 0 0 1080 1080 1073 1070 1067 1057 1054 1054
    1047 1044 1044 1041 1038 1034 1031 1028 1025 1022 1019 1013 1010
    1007 1004 1004 998 998 995 992 989 987 984 978 975 975 970 967 964
    962 959 954 951 951 948 943 940 935 933 933 930 925 923 920 918 913
    913 910 910 910 913 918 925 935 935 938 946 951 959 964 964 967 0 0
    0 1084 1077 1073 1070 1067 1057 1054 1054 1047 1044 1044 1041 1038
    1034 1031 1028 1025 1022 1019 1016 1013 1007 1004 1004 998 998 995
