<?xml version="1.0"?>
<opencv_storage>
<Depth2240 type_id="opencv-matrix">
  <rows>15</rows>
  <cols>9</cols>
  <dt>w</dt>
  <data>
    5056 4983 4911 4842 4842 4774 4774 4842 4842 4983 4911 4842 4842
    4842 4774 4774 4842 4842 4983 4911 4842 4842 4842 4842 4842 4842
    4842 4983 4911 4911 4911 4842 4842 4911 4842 4842 4983 4911 4911
    4911 4911 4911 4911 4842 4774 4911 4911 4911 4911 4911 4911 4911
    4842 4645 4911 4911 4911 4911 4911 4911 4911 4774 4582 4911 4911
    4911 4911 4911 4983 4911 4774 4582 4911 4911 4911 4983 4983 4983
    4842 4708 4645 4911 4911 4911 4983 4983 4983 4842 4708 4645 4911
    4911 4911 4983 4983 4983 4842 4708 4645 4911 4911 4911 4983 4983
    4911 4842 4645 4645 4911 4911 4911 4983 4983 4911 4774 4645 4582
    4983 4983 4983 4983 4983 4911 4708 4582 4522 4983 4983 4983 4983
    4983 4842 4645 4582 4522</data></Depth2240>
</opencv_storage>
