<?xml version="1.0"?>
<opencv_storage>
<Depth14130 type_id="opencv-matrix">
  <rows>34</rows>
  <cols>12</cols>
  <dt>w</dt>
  <data>
    5933 5933 5933 6038 5832 4983 4911 4842 4842 4842 1915 1904 5933
    5933 5933 5933 5734 4983 4911 4911 4911 4842 4842 4842 5832 5832
    5832 5734 5734 4983 4911 4911 4842 4774 4774 4708 5832 5832 5832
    5734 5734 4911 4911 4842 4842 4774 4774 4708 5933 5832 5832 5832
    5832 4911 4842 4842 4842 4774 4774 4708 5933 5933 5832 5832 4842
    4842 4842 4842 4842 4774 4774 4774 5933 5933 5933 5933 4774 4774
    4774 4774 4842 4774 4774 4774 5933 5933 5933 5933 4774 4774 4774
    4774 4842 4842 4842 4842 5832 5640 5640 5734 4774 4774 4774 4774
    4774 4774 4774 4842 5734 5640 5640 5734 4842 4774 4774 4774 4774
    4774 4774 0 5734 5640 5640 5734 4774 4774 4774 4774 4708 4708 4708 0
    5734 5640 5640 4774 4774 4774 4774 4708 4708 4708 4708 0 5734 5640
    5640 4774 4774 4774 4774 4708 4645 4645 4708 0 5640 5548 5548 4774
    4774 4708 4708 4645 4582 4582 4842 0 5640 5548 4774 4774 4708 4708
    4708 4645 4582 4582 0 0 5734 5640 4774 4774 4708 4708 4708 4645 4582
    4582 0 0 5734 5734 4774 4774 4708 4708 4708 4645 4645 0 0 0 5640
    5640 4774 4774 4708 4708 4708 4645 4645 4645 0 0 5640 5640 4774 4774
    4708 4708 4708 4645 4645 4645 0 0 5640 4774 4708 4708 4708 4708 4582
    4582 4582 0 0 0 5548 4774 4708 4708 4708 4708 4582 4582 4582 4582 0
    0 5548 4774 4708 4708 4708 4645 4582 4582 4582 4582 0 0 5548 4774
    4708 4708 4708 4645 4582 4582 4645 0 0 0 5548 4774 4708 4708 4645
    4645 4645 4645 4708 4842 0 0 5548 4708 4645 4645 4645 4645 4645 4645
    4708 4842 0 0 4708 4645 4645 4645 4645 4645 4645 4645 4708 0 0 0
    4708 4645 4645 4582 4582 4582 4582 4582 0 0 0 0 4708 4645 4582 4582
    4582 4582 4582 4582 0 0 0 0 4708 4645 4582 4582 4582 4582 4582 4582
    0 0 0 0 4708 4645 4645 4645 4645 4582 4582 0 0 0 0 0 4708 4645 4645
    4645 4645 4645 4645 0 0 0 0 0 4708 4708 4645 4582 4582 4582 4582
    4645 0 0 0 0 4708 4708 4645 4582 4582 4582 4582 4645 0 0 0 0 4645
    4645 4645 4645 4645 4645 4645 0 0 0 0 0</data></Depth14130>
</opencv_storage>
