<?xml version="1.0"?>
<opencv_storage>
<Depth10909 type_id="opencv-matrix">
  <rows>25</rows>
  <cols>58</cols>
  <dt>w</dt>
  <data>
    0 0 0 3539 3503 3503 3503 3539 3539 3539 3539 3539 3333 3333 3399
    3503 3503 3539 3539 3503 3468 3468 3433 3433 3433 3433 3433 3433
    3433 3433 3433 3333 3300 3300 3269 3269 3269 3269 3269 3269 3238
    3238 3238 3238 2560 2560 2560 2579 2579 2598 2598 2598 2618 2618
    2598 2598 2598 2598 0 0 3539 3539 3539 3539 3539 3539 3539 3399 3399
    3208 3208 3208 3208 3468 3468 3503 3503 3468 3433 3433 3399 3399
    3399 3399 3433 3399 3399 2579 2579 2579 2598 2598 2598 2579 2579
    2579 2560 2560 2560 2560 2579 2598 2560 2560 2560 2579 2579 2579
    2579 2598 2579 2579 2560 2522 2522 2579 0 0 3539 3503 3503 3503 3503
    3539 3539 3178 3178 3178 3178 3178 3208 3208 3300 3433 3433 3433
    3433 3433 3399 3399 2560 2560 2560 2560 2560 2560 2560 2560 2579
    2579 2579 2560 2560 2560 2560 2560 2560 2560 2579 2579 2579 2579
    2579 2579 2579 2579 2579 2579 2560 2560 2560 2522 2522 2541 0 0 3539
    3468 3468 3433 3208 3149 3149 3178 3178 3178 3178 3178 3178 3178
    3300 3399 3433 3433 3399 3399 2579 2579 2560 2560 2560 2560 2560
    2560 2560 2560 2579 2579 2579 2560 2560 2560 2560 2560 2541 2541
    2560 2560 2579 2560 2560 2522 2522 2522 2579 2579 2560 2560 2522
    2522 2522 2522 0 0 0 3178 3178 3178 3178 3149 3149 3149 3178 3178
    3178 3178 3178 3178 3399 3399 3399 2598 2598 2598 2579 2579 2579
    2560 2560 2560 2560 2541 2541 2541 2541 2541 2541 2541 2541 2541
    2541 2541 2522 2522 2560 2560 2541 2522 2522 2522 2522 2522 2522
    2522 2503 2503 2503 2522 2522 2522 0 0 3208 3178 3178 3178 3178 3149
    3149 3149 3178 3178 3178 2579 2579 2560 2560 2560 2579 2579 2579
    2579 2579 2560 2541 2541 2560 2541 2541 2541 2541 2522 2522 2522
    2522 2522 2522 2522 2522 2522 2503 2467 2467 2503 2522 2522 2522
    2522 2522 2522 2522 2522 2503 2503 2503 2541 2541 2541 0 0 3178 3178
    3178 3178 3178 3149 3149 3149 3149 3178 2579 2579 2541 2541 2560
    2560 2579 2560 2541 2541 2541 2522 2503 2503 2485 2485 2503 2522
    2522 2503 2503 2503 2522 2522 2503 2503 2522 2522 2503 2467 2467
    2503 2522 2522 2522 2522 2522 2541 2522 2522 2541 2560 2560 2541
    2541 2541 0 0 3149 3149 3178 3178 2560 2560 2579 2560 2560 2541 2541
    2541 2541 2522 2522 2522 2541 2541 2541 2541 2522 2522 2485 2485
    2467 2467 2467 2503 2485 2485 2503 2503 2522 2522 2503 2503 2522
    2522 2522 2503 2503 2503 2522 2522 2522 2522 2522 2541 2541 2541
    2541 2560 2560 2560 2560 2560 0 0 2560 2541 2522 2522 2541 2560 2560
    2541 2522 2522 2522 2503 2503 2485 2467 2467 2467 2485 2503 2503
    2503 2503 2485 2485 2467 2467 2467 2485 2467 2467 2485 2485 2485
    2522 2522 2522 2522 2522 2522 2522 2503 2503 2522 2522 2522 2522
    2541 2541 2541 2541 2541 2541 2560 2560 2560 2560 0 0 2560 2541 2522
    2522 2541 2560 2560 2541 2522 2503 2503 2485 2485 2467 2450 2450
    2450 2467 2485 2485 2485 2485 2485 2485 2467 2467 2467 2485 2467
    2467 2485 2485 2485 2522 2522 2522 2522 2522 2522 2522 2522 2522
    2522 2522 2522 2522 2541 2541 2541 2541 2541 2541 2541 2560 2560
    2560 0 0 2522 2522 2522 2503 2503 2503 2503 2503 2503 2485 2467 2467
    2450 2450 2450 2450 2450 2467 2485 2485 2485 2485 2485 2485 2503
    2503 2503 2503 2485 2485 2503 2503 2503 2503 2503 2522 2522 2522
    2522 2522 2522 2522 2522 2522 2522 2522 2541 2541 2541 2541 2541
    2522 2522 2541 2541 2541 0 2450 2450 2450 2485 2467 2467 2467 2467
    2467 2467 2450 2432 2432 2432 2432 2450 2450 2467 2485 2485 2485
    2485 2485 2503 2503 2503 2503 2503 2503 2503 2503 2522 2503 2503
    2503 2503 2522 2522 2522 2522 2522 2522 2522 2522 2541 2541 2541
    2541 2541 2541 2541 2541 2522 2522 2522 2522 2541 0 2450 2450 2450
    2450 2450 2450 2467 2467 2467 2467 2450 2432 2432 2432 2432 2467
    2467 2485 2485 2503 2503 2485 2485 2503 2503 2503 2503 2503 2503
    2503 2503 2522 2522 2522 2522 2522 2522 2522 2522 2522 2522 2522
    2541 2541 2541 2541 2541 2541 2541 2560 2541 2541 2522 2522 2522
    2522 2541 0 2450 2450 2450 2450 2450 2450 2467 2467 2467 2467 2450
    2450 2450 2450 2450 2467 2467 2503 2503 2503 2503 2503 2503 2503
    2503 2503 2503 2503 2503 2503 2503 2522 2522 2522 2522 2522 2522
    2522 2522 2522 2522 2522 2541 2541 2541 2541 2560 2541 2522 2522
    2522 2522 2522 2522 2522 2522 2522 0 0 2467 2467 2467 2467 2467 2485
    2485 2467 2467 2467 2467 2467 2467 2485 2485 2485 2503 2503 2503
    2503 2503 2503 2503 2503 2503 2503 2503 2503 2503 2503 2522 2522
    2522 2522 2522 2522 2522 2522 2522 2522 2522 2541 2541 2560 2560
    2560 2522 2522 2522 2522 2522 2522 2522 2522 2522 2522 0 2485 2485
    2467 2467 2485 2485 2485 2503 2503 2503 2503 2503 2503 2503 2503
    2503 2503 2503 2503 2503 2503 2503 2503 2503 2503 2503 2503 2522
    2522 2522 2522 2522 2522 2522 2522 2541 2541 2522 2522 2503 2503
    2522 2522 2522 2522 2485 2485 2522 2522 2522 2522 0 0 0 0 2522 2522
    2467 2485 2485 2485 2485 2485 2485 2485 2503 2503 2503 2503 2503
    2503 2503 2522 2503 2503 2503 2503 2503 2503 2503 2503 2503 2503
    2503 2503 2522 2522 2522 2522 2522 2522 2522 2541 2541 2541 2522
    2503 2503 2503 2522 2522 2522 2503 2485 2485 0 0 0 0 0 0 0 0 0 0
    2467 2485 2485 2485 2485 2485 2503 2503 2503 2503 2503 2503 2503
    2503 2503 2503 2503 2503 2503 2503 2503 2503 2503 2503 2503 2503
    2503 2503 2522 2522 2522 2522 2522 2522 2522 2541 2541 2541 2522
    2503 2485 2485 2522 2541 2541 2503 2485 2485 0 0 0 0 0 0 0 0 0 0
    2467 2485 2485 2485 2503 2503 2503 2503 2503 2503 2503 2503 2503
    2503 2503 2503 2503 2503 2503 2503 2503 2503 2503 2503 2503 2503
    2503 2503 2522 2522 2522 2503 2503 2522 2541 2522 2522 2560 2522
    2503 2485 2485 0 0 0 2503 2485 2485 0 0 0 0 0 0 0 0 0 0 2467 2485
    2485 2485 2503 2503 2503 2503 2503 2503 2503 2503 2503 2503 2503
    2503 2503 2503 2503 2503 2503 2503 2503 2503 2503 2503 2503 2503 0 0
    0 2503 2503 2522 2541 2522 2522 0 0 0 0 0 0 0 0 0 0 0 0 0 0 0 0 0 0
    0 0 0 2503 2485 2485 2485 2503 2503 2503 2503 2503 2522 2503 2503
    2503 2503 2485 2485 2503 2503 2522 2503 2503 2503 0 2522 2522 0 0 0
    0 0 0 0 0 0 0 0 0 0 0 0 0 0 0 0 0 0 0 0 0 0 0 0 0 0 0 0 0 0 2503
    2503 2503 2503 2485 2485 2485 2485 2503 2522 2522 2522 2503 2503
    2485 2485 2485 2503 2503 2503 2503 2522 0 0 0 0 0 0 0 0 0 0 0 0 0 0
    0 0 0 0 0 0 0 0 0 0 0 0 0 0 0 0 0 0 0 0 0 0 0 2503 2503 2485 2485
    2485 2485 2485 2503 2522 2522 2522 2522 2503 0 2485 2450 2450 2450
    2503 2503 0 0 0 0 0 0 0 0 0 0 0 0 0 0 0 0 0 0 0 0 0 0 0 0 0 0 0 0 0
    0 0 0 0 0 0 0 0 0 2503 2503 2485 2485 2485 2485 2485 2503 2503 2503
    2503 2503 0 0 0 2450 2450 2450 0 0 0 0 0 0 0 0 0 0 0 0 0 0 0 0 0 0 0
    0 0 0 0 0 0 0 0 0 0 0 0 0 0 0 0 0 0 0 0 0 2503 2503 2485 2485 0 0 0
    0 2503 2503 2503 2503 0 0 0 0 0 0 0 0 0 0 0 0 0 0 0 0 0 0 0 0 0 0 0
    0 0 0 0 0 0 0 0 0 0 0 0 0 0 0 0 0 0 0 0 0 0</data></Depth10909>
</opencv_storage>
