<?xml version="1.0"?>
<opencv_storage>
<Depth12468 type_id="opencv-matrix">
  <rows>29</rows>
  <cols>11</cols>
  <dt>w</dt>
  <data>
    7030 7030 3399 3365 3365 3333 3333 3365 3333 3333 3333 3468 3399
    3365 3365 3333 3333 3333 3333 3333 3333 3333 3468 3399 3365 3365
    3333 3333 3333 3333 3333 3333 3333 3433 3399 3365 3365 3333 3333
    3333 3333 3333 3333 3333 3399 3399 3365 3365 3333 3333 3333 3333
    3333 3333 3333 3399 3399 3365 3365 3333 3333 3333 3333 3333 3333
    3333 3399 3399 3365 3333 3333 3333 3333 3333 3333 3333 3333 3399
    3399 3365 3333 3333 3333 3333 3333 3333 3333 3333 3399 3399 3365
    3333 3300 3300 3333 3333 3333 3300 3300 3399 3399 3365 3333 3300
    3300 3300 3333 3333 3300 3300 3399 3365 3365 3333 3300 3300 3300
    3333 3333 3333 3333 3399 3365 3365 3333 3333 3300 3300 3333 3333
    3333 3333 3399 3365 3365 3333 3333 3333 3333 3333 3333 3333 3300
    3399 3365 3365 3365 3333 3333 3333 3333 3333 3333 3269 3503 3399
    3365 3365 3365 3365 3365 3333 3333 3300 3269 3539 3468 3399 3365
    3365 3333 3333 3333 3333 3300 3269 3503 3468 3399 3365 3333 3333
    3333 3333 3333 3333 3269 3468 3468 3399 3365 3333 3333 3333 3333
    3333 3333 3300 3468 3468 3399 3365 3365 3333 3333 3333 3333 3333
    3300 3503 3433 3399 3365 3365 3333 3333 3300 3300 3333 3300 6375
    3433 3399 3365 3333 3333 3333 3300 3300 3300 3300 6375 3399 3399
    3365 3333 3333 3333 3333 3300 3300 3300 7030 3399 3365 3333 3333
    3333 3333 3333 3300 3300 3300 7030 3399 3365 3333 3333 3333 3333
    3333 3333 3333 3333 3539 3399 3365 3333 3333 3333 3333 3333 3333
    3333 3333 3539 3503 3365 3333 3333 3333 3333 3333 3333 3333 3333
    6889 3365 3365 3333 3333 3333 3333 3333 3333 3333 3333 7030 7030
    3399 3365 3333 3333 3333 3333 3333 3365 3365 7030 7030 3399 3365
    3333 3333 3333 3333 3333 3365 3365</data></Depth12468>
</opencv_storage>
