<?xml version="1.0"?>
<opencv_storage>
<Depth17475 type_id="opencv-matrix">
  <rows>154</rows>
  <cols>63</cols>
  <dt>w</dt>
  <data>
    3120 3120 3120 3092 3092 3092 3064 3064 962 962 3064 3064 3064 3064
    3064 3037 3037 3037 3010 3010 3010 3010 3010 2984 2984 2984 2984
    2984 2984 2984 2984 2958 2958 2958 2958 2958 2958 2958 2958 2958
    2958 2958 2958 2958 2933 2908 2883 2883 2908 2883 864 864 862 860
    858 856 856 856 854 851 847 841 841 3120 3120 3120 3092 3092 970 967
    964 962 962 959 959 959 956 3064 3064 3037 3037 2984 2984 2984 2984
    2984 3010 2984 2984 2984 2984 2984 2984 2958 2958 2933 2933 2933
    2933 2958 2958 2958 2958 2958 2958 2958 2958 2933 2908 2883 2883
    2908 864 862 862 860 858 858 854 851 849 849 845 843 841 841 3149
    3120 3120 3092 3092 970 967 964 962 962 959 951 951 956 956 3037
    3037 3037 2984 928 928 923 920 920 2984 3010 908 908 913 915 2958
    2958 2933 2933 2933 2933 2958 885 885 887 875 873 873 873 873 873
    871 867 864 864 860 860 858 858 856 851 849 847 847 843 843 841 841
    3149 3149 3149 3120 973 970 967 964 962 962 954 948 948 943 933 930
    930 930 928 925 925 923 920 920 915 913 908 908 910 906 906 901 894
    894 894 891 889 885 885 882 875 873 873 873 871 871 869 867 864 864
    860 858 858 856 856 849 847 845 845 843 841 839 839 3149 3149 3120
    3120 973 964 964 962 956 951 948 946 943 940 933 930 930 930 928 925
    923 920 918 918 915 913 910 910 908 903 901 901 894 894 891 891 887
    885 885 882 875 875 875 873 871 871 867 864 864 864 862 858 856 856
    856 849 847 845 845 843 841 839 839 973 973 970 962 962 962 959 954
    951 951 948 946 943 940 933 930 930 930 928 925 920 918 918 918 915
    913 910 908 903 901 898 898 894 891 891 889 887 885 885 882 875 875
    875 873 871 871 867 864 864 864 862 858 856 856 851 849 849 847 845
    843 841 839 839 970 970 970 962 962 959 956 951 948 948 946 946 943
    940 935 930 930 928 925 925 920 918 918 918 913 913 910 908 903 901
    898 898 894 891 891 889 887 885 885 882 878 878 875 873 871 871 867
    867 864 864 862 858 858 856 851 849 849 847 847 843 843 839 839 970
    970 970 967 962 956 954 951 948 948 946 943 940 938 935 930 930 928
    925 925 920 918 918 918 913 913 910 908 903 901 898 898 896 891 891
    889 887 885 885 882 878 878 875 873 873 871 869 867 867 864 862 858
    858 856 851 849 849 847 847 845 843 841 841 970 970 970 964 962 956
    954 951 948 946 943 943 940 938 935 930 930 928 925 923 920 920 918
    918 915 913 910 908 903 901 898 898 896 891 891 889 887 885 885 882
    882 878 875 873 873 871 869 867 867 864 862 860 858 856 851 851 849
    849 847 845 843 841 841 970 970 970 964 962 959 956 951 948 946 943
    943 940 938 938 930 930 928 925 923 920 920 918 918 915 913 910 908
    903 901 901 898 896 894 891 891 889 887 885 885 882 878 875 873 873
    871 871 869 867 864 862 860 858 856 856 854 851 849 847 847 845 843
    843 970 970 970 964 962 959 956 954 951 948 946 946 943 940 938 933
    930 928 925 923 920 920 918 918 915 913 913 910 903 903 901 898 898
    894 894 891 889 887 885 882 882 878 878 875 873 873 871 869 867 867
    864 860 858 858 856 856 851 849 847 847 845 843 843 970 970 970 964
    962 959 959 956 951 948 948 946 943 940 938 933 930 928 925 923 920
    920 918 918 918 913 913 910 903 903 901 901 898 896 894 894 891 889
    887 882 882 878 878 875 873 873 871 869 867 867 864 860 858 856 856
    856 851 849 847 847 845 843 843 970 970 970 964 962 962 959 956 954
    951 948 946 943 940 938 933 930 930 928 923 920 920 918 918 918 915
    913 913 910 903 903 901 898 896 894 894 891 889 887 882 882 878 878
    875 875 873 873 869 867 867 864 862 858 856 856 856 849 849 847 847
    845 843 843 970 970 970 964 962 962 959 956 954 951 951 946 943 940
    938 938 933 930 928 925 923 920 918 918 918 915 913 913 910 908 903
    901 901 898 894 894 891 891 889 885 882 878 875 875 875 873 871 869
    867 867 864 864 860 858 856 856 849 849 847 847 845 843 843 970 970
    970 967 962 962 959 956 954 951 951 948 943 940 940 938 933 930 928
    925 923 923 920 920 920 915 913 910 910 908 903 901 898 898 894 894
    891 891 889 889 885 882 875 875 875 873 871 869 867 867 864 864 862
    858 858 856 851 849 849 847 847 843 843 970 973 970 964 962 962 959
    956 954 951 951 948 946 943 940 938 933 930 928 928 925 925 920 920
    920 918 913 910 910 908 906 901 898 898 894 894 891 891 891 889 885
    882 875 875 875 873 873 871 867 867 864 864 862 858 858 856 851 849
    849 847 847 843 843 975 973 970 964 962 962 959 956 954 951 951 948
    946 943 940 938 933 933 930 928 925 925 923 923 920 918 913 910 910
    908 906 903 901 898 894 894 894 891 891 889 885 882 878 875 875 875
    873 871 867 867 864 864 862 860 858 856 851 849 849 849 847 845 845
    975 973 970 967 964 962 959 956 956 954 951 951 948 946 943 938 935
    933 930 928 928 925 923 923 920 918 913 910 910 908 906 903 901 898
    896 896 894 894 891 889 885 882 878 878 875 875 873 873 869 867 867
    864 862 860 858 858 856 851 849 849 847 845 845 975 973 970 970 964
    962 959 959 956 954 951 948 946 946 943 938 935 933 930 930 928 925
    923 923 920 918 913 910 910 908 906 903 901 901 898 896 894 894 891
    889 887 885 878 878 875 875 873 873 869 867 867 864 864 862 858 858
    856 851 851 849 847 845 845 0 973 973 970 967 962 959 959 956 954
    951 948 946 943 943 938 935 933 930 930 928 925 925 923 920 918 913
    913 913 908 906 903 903 901 898 896 896 894 894 891 889 885 878 878
    875 875 873 873 871 869 867 864 864 862 860 858 856 851 851 849 847
    847 847 0 973 973 970 967 962 962 959 956 954 951 951 948 943 943
    938 935 933 930 930 928 925 925 923 920 918 915 913 910 910 906 903
    903 901 898 896 894 894 891 891 889 885 880 878 875 875 875 873 873
    869 867 864 864 864 860 858 856 854 851 849 847 847 847 0 975 973
    970 967 964 962 962 959 954 951 951 948 946 943 938 935 935 933 930
    928 925 925 923 923 920 915 915 910 910 908 906 903 901 901 896 894
    894 891 891 889 885 880 880 878 878 875 873 873 869 867 864 864 862
    860 858 856 854 851 849 849 847 847 978 975 973 970 970 967 964 962
    959 959 956 951 948 946 943 940 938 935 933 930 930 928 925 923 923
    920 918 915 913 910 908 906 906 903 901 896 894 894 891 891 891 887
    882 880 878 878 875 875 873 871 869 864 864 862 860 858 856 854 851
    849 849 847 847 978 975 973 970 970 967 964 962 962 959 956 951 948
    948 943 940 940 938 935 930 930 928 925 925 923 920 920 918 913 910
    910 908 906 903 901 898 896 894 894 891 891 889 882 880 878 878 878
    875 873 871 869 867 864 862 860 858 856 854 851 851 849 847 847 978
    975 975 973 970 967 964 962 962 959 954 951 948 948 943 940 940 938
    935 933 930 928 928 928 923 920 920 918 915 910 910 908 906 903 901
    898 896 894 894 891 891 889 882 880 878 878 875 875 875 873 871 867
    864 862 860 858 856 854 854 854 849 849 849 978 978 975 973 970 967
    964 962 962 959 954 951 951 948 943 940 940 938 935 933 930 928 928
    928 923 923 920 918 915 910 910 908 906 903 901 898 896 894 894 891
    891 885 882 880 878 878 875 875 873 873 871 867 864 864 862 860 856
    856 854 851 849 849 849 981 978 975 973 970 970 967 964 962 959 956
    951 951 948 946 940 940 938 935 933 930 928 928 928 925 923 920 918
    915 910 910 908 906 903 901 898 898 896 894 891 891 885 882 882 880
    880 878 875 873 871 871 869 867 864 862 860 856 856 854 851 849 849
    849 981 981 978 973 970 970 967 964 962 959 959 954 951 948 946 940
    940 938 938 935 930 930 928 928 925 923 920 918 913 910 910 908 906
    903 901 901 898 896 894 894 891 887 885 882 882 880 878 875 873 871
    869 869 867 864 862 860 858 856 856 851 849 849 849 984 981 978 975
    973 970 967 964 962 959 959 956 954 948 946 943 940 938 938 935 933
    930 928 928 925 923 923 918 913 910 910 908 906 906 903 901 898 896
    894 894 891 887 885 882 882 880 878 875 873 871 869 869 867 864 864
