<?xml version="1.0"?>
<opencv_storage>
<Depth14082 type_id="opencv-matrix">
  <rows>57</rows>
  <cols>44</cols>
  <dt>w</dt>
  <data>
    5210 5210 5210 5210 5291 5291 5291 5291 5291 5291 5291 5291 5291
    5291 5291 5291 5291 5291 5291 5291 5291 5291 5291 5291 5374 5291
    5291 5291 1947 1947 1947 1947 1947 1947 5460 5460 5460 5460 5460
    5460 5460 5460 5460 5460 5210 5210 5210 5210 5291 5291 5291 5291
    5291 5291 5291 5291 5291 5291 5291 5291 5291 5291 1936 1936 1936
    1936 1947 1936 1936 1936 1936 1947 1947 1947 1947 1947 1947 1936
    1936 5460 5374 5374 5460 5460 5460 5460 5460 5460 5132 5132 5210
    5210 5291 5291 5291 5291 5291 5291 5291 5291 5291 5291 5291 5374
    1959 1947 1936 1936 1936 1936 1936 1936 1936 1936 1936 1936 1947
    1947 1947 1936 1936 1936 1936 1936 5291 5291 5374 5460 5460 5460
    5460 5460 5132 5132 5210 5210 5291 5291 5291 5291 5291 5291 5291
    5291 5291 1947 1947 1947 1947 1947 1936 1936 1936 1936 1936 1947
    1947 1947 1936 1936 1936 1936 1936 1936 1936 1936 1936 1936 5291
    5291 5374 5460 5460 5460 5460 5460 5210 5210 5210 1936 1936 1936
    1936 5374 5291 1959 1959 1959 1947 1947 1947 1947 1947 1947 1947
    1947 1947 1947 1947 1947 1947 1947 1947 1947 1936 1936 1936 1936
    1936 1936 1936 1936 5374 5374 5374 5460 5460 5460 5460 5460 5132
    5132 5210 1936 1936 1936 1947 1947 1947 1959 1959 1959 1947 1947
    1947 1947 1947 1947 1947 1947 1947 1947 1947 1947 1947 1947 1947
    1947 1947 1947 1936 1936 1936 1936 1936 1947 5374 5374 5374 5460
    5460 5460 5460 5460 5132 1947 1936 1936 1936 1936 1947 1947 1947
    1947 1947 1959 1947 1947 1947 1947 1959 1947 1947 1947 1947 1947
    1947 1947 1947 1947 1947 1947 1947 1936 1936 1936 1947 1936 1936
    1947 1947 5374 5374 5460 5460 5460 5460 5460 1981 1947 1936 1936
    1947 1947 1947 1947 1947 1947 1947 1959 1947 1947 1947 1947 1947
    1947 1947 1947 1947 1947 1947 1947 1947 1947 1947 1947 1947 1936
    1936 1936 1947 1947 1947 1947 1947 5374 5374 5460 5460 5460 5460
    5460 1981 1959 1947 1947 1947 1947 1959 1947 1947 1947 1947 1947
    1947 1947 1947 1947 1947 1947 1947 1947 1947 1947 1947 1947 1947
    1947 1947 1947 1947 1936 1936 1947 1947 1947 1947 1947 1947 5374
    5374 5460 5460 5460 5460 5460 1970 1959 1947 1947 1947 1947 1947
    1947 1947 1947 1947 1947 1947 1947 1947 1947 1947 1947 1947 1947
    1947 1947 1947 1947 1947 1947 1947 1947 1947 1936 1936 1947 1947
    1947 1947 1947 1947 5374 5374 5460 5460 5460 5548 5548 1970 1959
    1947 1947 1947 1947 1947 1947 1947 1947 1947 1947 1947 1947 1947
    1947 1947 1947 1947 1947 1947 1947 1947 1947 1947 1936 1936 1936
    1936 1947 1947 1947 1947 1947 1947 1947 1947 5374 5374 5460 5460
    5460 5548 5548 1970 1970 1959 1947 1947 1947 1947 1947 1947 1947
    1947 1947 1947 1947 1947 1947 1947 1947 1947 1947 1947 1947 1947
    1947 1947 1936 1936 1936 1936 1947 1947 1947 1947 1936 1936 1947
    1947 5374 5374 5374 5374 5460 5460 5548 1981 1981 1959 1959 1959
    1947 1947 1959 1947 1947 1947 1947 1947 1947 1947 1947 1947 1947
    1947 1947 1947 1947 1947 1947 1947 1936 1936 1936 1936 1947 1947
    1947 1947 1936 1926 1926 1926 5460 5374 5374 5374 5460 5460 5548
    2016 1981 1970 1959 1959 1947 1947 1947 1947 1947 1947 1947 1947
    1947 1947 1947 1947 1947 1947 1947 1947 1947 1947 1947 1947 1936
    1936 1936 1936 1936 1947 1947 1947 1936 1926 1926 1926 5374 5374
    5374 5374 5460 5460 5548 2005 1981 1970 1959 1959 1947 1947 1947
    1959 1947 1947 1947 1947 1947 1947 1947 1947 1947 1947 1947 1947
    1947 1947 1947 1947 1947 1947 1936 1936 1936 1947 1947 1947 1936
    1936 1936 1936 5291 5291 5291 5374 5460 5460 5460 2005 1981 1970
    1959 1959 1959 1959 1959 1959 1947 1947 1947 1947 1947 1947 1947
    1947 1947 1947 1947 1947 1947 1947 1947 1947 1947 1947 1936 1936
    1936 1947 1947 1947 1947 1936 1926 1926 1926 5291 5291 5374 5460
    5460 5460 2028 2005 1970 1959 1959 1959 1959 1959 1959 1947 1947
    1947 1947 1947 1947 1936 1936 1947 1947 1947 1947 1947 1947 1947
    1947 1947 1947 1947 1936 1936 1947 1947 1947 1947 1936 1926 1926
    1926 5460 5460 5460 5460 5460 5460 2016 2016 1981 1970 1959 1959
    1959 1947 1947 1947 1947 1947 1947 1947 1947 1936 1936 1947 1947
    1947 1947 1947 1947 1947 1947 1947 1947 1947 1947 1947 1947 1947
    1947 1947 1936 1926 1926 1926 5640 5640 5460 5460 5460 5460 5132
    2005 1981 1970 1959 1959 1959 1947 1947 1947 1947 1947 1947 1947
    1936 1936 1936 1947 1947 1947 1947 1947 1947 1947 1947 1947 1947
    1947 1947 1947 1947 1936 1936 1936 1936 1936 1936 1936 5640 5640
    5460 5460 5460 5460 5132 2005 1993 1970 1959 1959 1959 1947 1947
    1947 1947 1947 1947 1947 1936 1936 1947 1947 1947 1947 1947 1947
    1947 1947 1947 1947 1947 1947 1947 1947 1947 1936 1936 1936 1936
    1936 1936 1936 5640 5640 5548 5460 5460 5460 5132 2005 1993 1981
    1959 1959 1947 1947 1947 1947 1947 1947 1947 1947 1947 1947 1947
    1947 1947 1947 1947 1947 1947 1947 1947 1947 1947 1947 1947 1947
    1936 1936 1936 1936 1936 1936 1926 1926 1926 5640 5548 5548 5460
    5460 5132 2028 1993 1981 1970 1959 1947 1947 1947 1947 1947 1947
    1947 1947 1947 1947 1947 1947 1947 1947 1947 1947 1947 1947 1947
    1947 1947 1947 1947 1947 1936 1936 1936 1936 1936 1936 1926 1926
    1926 5460 5460 5460 5460 5460 5132 1993 1993 1981 1959 1947 1947
    1947 1947 1947 1947 1947 1947 1947 1947 1947 1947 1947 1947 1947
    1936 1936 1936 1947 1947 1947 1947 1947 1947 1947 1947 1936 1936
    1936 1936 1936 1936 1936 1936 1936 5460 5460 5460 5460 5132 5132
    1993 1981 1959 1947 1947 1947 1947 1947 1947 1947 1947 1947 1947
    1947 1947 1947 1947 1947 1936 1936 1936 1947 1947 1947 1947 1947
    1947 1947 1947 1936 1936 1936 1936 1936 1936 1936 1936 1936 5460
    5460 5460 5460 5132 5132 1993 1981 1959 1947 1947 1947 1947 1947
    1947 1947 1947 1947 1947 1947 1947 1947 1947 1947 1947 1936 1936
    1947 1947 1947 1947 1947 1947 1947 1947 1936 1936 1936 1936 1936
    1926 1926 1936 1936 5460 5460 5460 5460 5210 5210 2016 1981 1959
    1947 1947 1947 1947 1947 1947 1947 1947 1947 1947 1947 1947 1947
    1947 1947 1947 1936 1936 1947 1947 1947 1947 1947 1936 1936 1947
    1936 1936 1936 1936 1936 1926 1926 1936 1936 5460 5460 5374 5374
    5210 5210 2016 1993 1970 1959 1947 1947 1947 1947 1947 1947 1947
    1947 1947 1947 1947 1947 1947 1947 1947 1947 1947 1947 1947 1947
    1947 1936 1936 1936 1936 1936 1936 1936 1936 1936 1936 1936 1936
    1936 5460 5460 5210 5210 5210 5210 1993 1993 1970 1959 1947 1947
    1947 1947 1947 1947 1947 1947 1947 1947 1936 1936 1947 1947 1947
    1947 1947 1947 1947 1947 1947 1936 1936 1936 1936 1936 1936 1936
    1936 1936 1936 1936 1926 1926 1926 5460 5056 5056 5132 5132 5132
    1993 1981 1970 1947 1947 1947 1947 1947 1947 1947 1947 1947 1947
    1936 1936 1936 1947 1947 1947 1947 1947 1947 1947 1947 1936 1936
    1936 1936 1936 1936 1936 1936 1936 1936 1936 1926 1926 1926 4983
    4983 4983 5132 5132 5132 2005 1981 1981 1947 1947 1947 1947 1947
    1947 1936 1936 1947 1947 1936 1936 1936 1947 1947 1947 1936 1936
    1947 1947 1947 1947 1947 1936 1936 1936 1936 1936 1936 1936 1936
    1936 1926 1926 1926 4911 4911 4911 5132 5132 5132 2016 1993 1981
    1959 1947 1947 1947 1947 1947 1936 1936 1947 1947 1947 1947 1947
    1947 1947 1947 1936 1936 1936 1936 1936 1947 1947 1936 1936 1936
    1936 1926 1926 1926 1926 1926 1926 1926 1926 4911 4911 4911 5056
    4983 4983 2016 1993 1981 1959 1959 1947 1947 1947 1947 1936 1936
    1936 1936 1947 1947 1947 1947 1947 1936 1936 1936 1936 1936 1936
    1947 1947 1936 1936 1936 1936 1926 1926 1926 1926 1926 1926 1926
    1926 4911 4911 4911 5056 4983 4983 2016 2005 1993 1970 1959 1947
    1947 1947 1947 1936 1936 1936 1936 1936 1936 1936 1947 1947 1936
    1936 1936 1936 1936 1936 1936 1936 1936 1936 1936 1936 1926 1926
    1926 1926 1926 1936 1936 1947 1947 4911 4911 5056 5056 5056 2005
    2005 1993 1970 1959 1947 1947 1947 1947 1947 1936 1936 1936 1936
    1936 1936 1936 1936 1936 1947 1947 1936 1936 1936 1936 1936 1936
