<?xml version="1.0"?>
<opencv_storage>
<Depth13342 type_id="opencv-matrix">
  <rows>20</rows>
  <cols>13</cols>
  <dt>w</dt>
  <data>
    7178 4774 4708 4708 4708 4708 4708 4708 4708 4645 4645 4645 4645
    4983 4774 4774 4708 4708 4708 4708 4708 4645 4645 4645 4645 4708
    4983 4774 4774 4774 4708 4708 4708 4708 4645 4645 4645 4645 4708
    4911 4774 4774 4774 4708 4708 4708 4708 4645 4645 4645 4645 4708
    4911 4842 4842 4774 4708 4708 4708 4708 4645 4645 4645 4645 4645
    4911 4842 4842 4774 4708 4708 4708 4645 4645 4645 4645 4645 4645
    4842 4842 4842 4774 4708 4708 4708 4645 4645 4645 4645 4645 4645
    4842 4842 4774 4774 4708 4708 4708 4645 4645 4708 4645 4645 4645
    4842 4842 4774 4774 4774 4708 4708 4708 4645 4645 4645 4645 4645
    4842 4842 4774 4774 4774 4708 4708 4708 4645 4645 4645 4645 4645
    4842 4842 4774 4708 4708 4708 4708 4645 4645 4645 4645 4645 4645
    4842 4842 4774 4708 4708 4708 4645 4645 4645 4645 4645 4645 4708
    4842 4842 4774 4708 4708 4708 4645 4645 4645 4645 4645 4645 4708
    4911 4842 4774 4708 4708 4708 4708 4708 4708 4645 4645 4645 4645
    4911 4842 4774 4708 4708 4708 4708 4708 4645 4645 4645 4645 4645
    4842 4774 4774 4708 4708 4708 4645 4645 4645 4645 4582 4582 7178
    4842 4774 4774 4708 4708 4708 4645 4645 4645 4645 4582 4582 7178
    4842 4774 4774 4708 4645 4645 4645 4645 4645 4645 4645 4645 4645
    4842 4774 4774 4708 4522 4522 4582 4582 4582 4645 4645 4645 4645
    4842 4842 7030 4708 4522 4522 4582 4582 4582 4645 4708 4708 4708</data></Depth13342>
</opencv_storage>
