<?xml version="1.0"?>
<opencv_storage>
<Depth5126 type_id="opencv-matrix">
  <rows>65</rows>
  <cols>57</cols>
  <dt>w</dt>
  <data>
    3178 4089 4041 4041 4041 4041 4041 4041 4041 4041 4041 4041 4041
    4041 4041 4041 4041 4041 4041 4041 4041 4041 4041 4041 3994 3948
    3948 3994 3994 3994 4041 1688 1688 1688 1688 1688 1688 4041 4041
    4041 4041 4041 4041 4041 4041 4041 4041 4041 3994 3994 3994 3994
    4041 4041 4041 3994 3994 3149 3149 4041 4041 4041 4041 4041 4041
    4041 4041 4041 4041 4041 4041 4041 4041 4041 4041 4041 4041 4041
    4041 4041 4041 3994 3948 3948 3948 1680 1680 1688 1671 1671 1680
    1680 1680 1680 1680 4041 4041 4041 4041 4041 4041 4041 4041 4041
    4041 4041 4041 4041 4041 4041 4041 4041 3994 3994 3149 3149 3149
    4041 4041 4041 4041 4041 4041 4041 4041 4041 4041 4041 4041 4041
    4041 4041 4041 4041 4041 4041 4041 4041 1671 1671 1696 1688 1680
    1680 1680 1671 1671 1680 1680 1680 1663 1663 1663 4041 4041 4041
    4041 4041 4041 4041 4041 4041 4041 4041 4041 4041 4041 4041 4041
    4041 3994 3149 3149 3149 3149 4089 4041 4041 4041 4041 4041 4041
    4041 4041 4041 4041 4041 3994 3994 3994 3994 4041 3994 1671 1671
    1671 1671 1688 1680 1680 1680 1671 1671 1671 1671 1671 1671 1663
    1663 1663 4041 4041 4041 4041 4041 4089 4041 4041 4041 4041 4041
    4041 4041 4041 4041 4041 3994 3994 3149 3149 3149 3120 3120 4041
    4041 4041 4041 4041 4041 4041 4041 4041 4041 4041 3994 3994 3994
    3994 1680 1680 1671 1671 1680 1680 1680 1680 1671 1671 1671 1671
    1671 1671 1671 1671 1671 1671 1671 1671 4089 4041 4041 4089 4089
    4041 4041 4041 4041 4041 4041 4041 4041 4041 3994 3994 3994 3149
    3149 3149 3120 3120 3149 4041 4041 4041 4041 4041 4041 4041 1705
    1705 4041 3994 1696 1688 1680 1680 1680 1680 1680 1680 1680 1680
    1671 1671 1671 1671 1671 1671 1671 1671 1671 1680 1671 1671 1671
    4041 4041 4041 4041 4041 4041 4041 4041 4041 4041 4041 4041 4041
    3994 3994 3948 3948 3149 3149 3149 3149 3149 3149 4041 4041 4041
    4041 4041 4041 1705 1696 1696 1696 1696 1688 1688 1680 1680 1680
    1680 1680 1680 1680 1671 1671 1671 1671 1671 1671 1680 1680 1671
    1671 1680 1671 1671 1671 4041 4041 4041 4041 4041 4041 4041 4041
    4041 4041 4041 4041 4041 3994 3994 3948 3948 3149 3149 3149 3149
    3149 3149 4041 3994 3994 3994 1705 1696 1688 1688 1696 1696 1688
    1688 1688 1680 1680 1680 1680 1680 1680 1680 1671 1671 1671 1671
    1671 1671 1680 1680 1680 1680 1680 1671 1671 1671 1671 4041 4041
    4041 4041 4041 4041 4041 4041 4041 4041 4041 4041 3994 3994 3994
    3994 3149 3149 3149 3149 3149 3178 4041 3994 3994 1696 1696 1696
    1688 1688 1696 1696 1688 1688 1680 1680 1680 1680 1680 1671 1671
    1671 1671 1671 1671 1671 1671 1671 1680 1680 1680 1680 1680 1671
    1671 1671 1671 3994 3994 4041 4041 4041 4041 3994 3994 4041 4041
    4041 4041 3994 3994 3994 3994 3149 3149 3149 3149 3149 3149 1705
    1696 1696 1696 1696 1688 1688 1688 1688 1688 1688 1688 1680 1680
    1680 1680 1671 1671 1671 1671 1671 1671 1671 1671 1671 1671 1680
    1680 1680 1680 1680 1671 1671 1663 1663 3994 3994 4041 4041 4041
    4041 3994 3994 4041 4041 4041 4041 4041 3994 3994 3994 3149 3149
    3149 3149 3149 1696 1696 1696 1696 1696 1696 1688 1688 1688 1688
    1688 1688 1688 1680 1680 1680 1671 1671 1671 1671 1671 1671 1671
    1671 1671 1671 1671 1680 1680 1680 1680 1680 1680 1671 1663 1663
    1671 4089 4041 4041 4041 3994 3994 3994 3994 4041 4041 4041 4041
    4041 4041 4041 1705 1705 1705 1705 1696 1696 1696 1696 1696 1696
    1696 1688 1680 1680 1688 1688 1680 1680 1680 1680 1680 1671 1671
    1671 1671 1671 1671 1671 1671 1671 1671 1671 1680 1680 1680 1680
    1680 1680 1671 1663 1663 1663 1663 4041 4041 4041 3994 3994 3994
    3994 4041 4041 4041 4041 4041 4041 4041 1705 1705 1696 1696 1696
    1696 1696 1696 1696 1696 1696 1688 1680 1680 1688 1688 1680 1680
    1680 1688 1688 1680 1680 1671 1671 1671 1671 1671 1671 1671 1671
    1671 1680 1680 1680 1680 1671 1671 1671 1671 1671 1663 1663 1663
    4041 4041 4041 3994 3994 3994 4041 4041 4041 4041 4041 4041 4041
    1705 1705 1696 1696 1696 1696 1696 1696 1696 1696 1696 1688 1680
    1680 1688 1688 1688 1688 1688 1688 1688 1680 1680 1671 1671 1671
    1671 1671 1671 1671 1671 1671 1680 1680 1671 1671 1671 1671 1671
    1671 1671 1663 1663 1663 4041 4041 4041 4041 4041 4041 4041 4041
    4041 4041 4041 4041 4041 1705 1705 1705 1696 1696 1696 1696 1696
    1696 1696 1696 1696 1688 1688 1688 1688 1688 1688 1688 1688 1688
    1688 1680 1671 1671 1671 1671 1671 1680 1671 1671 1671 1680 1671
    1671 1671 1671 1671 1671 1671 1671 1671 1663 1663 4041 4041 4041
    4041 4041 4041 4041 4041 4041 4041 4041 4041 4041 1705 1705 1705
    1696 1696 1696 1696 1696 1696 1696 1696 1696 1688 1688 1688 1688
    1688 1688 1688 1688 1688 1680 1680 1680 1671 1671 1671 1671 1671
    1671 1671 1671 1680 1671 1671 1671 1671 1671 1671 1671 1671 1671
    1663 1663 3994 3994 4041 4041 4041 4041 4041 4041 4041 4041 4041
    4041 4041 1705 1705 1705 1696 1696 1696 1696 1696 1696 1696 1696
    1696 1688 1688 1688 1688 1688 1688 1688 1688 1688 1680 1680 1680
    1680 1680 1680 1671 1671 1671 1671 1671 1680 1671 1671 1671 1671
    1671 1671 1671 1671 1671 1671 1671 3994 3994 3994 4041 4041 4041
    3994 3994 3994 3994 3994 3994 3994 3037 1705 1696 1696 1696 1696
    1696 1696 1696 1696 1696 1696 1688 1688 1680 1680 1680 1688 1688
    1680 1680 1680 1680 1680 1680 1680 1680 1671 1671 1671 1671 1671
    1680 1680 1680 1671 1671 1671 1671 1671 1671 1671 1671 1663 1663
    3994 3994 4041 3994 3994 3994 3994 3994 3994 3994 3994 3994 3037
    1705 1696 1696 1696 1696 1696 1696 1696 1696 1696 1696 1688 1688
    1680 1680 1680 1688 1688 1680 1680 1680 1680 1680 1680 1671 1671
    1671 1671 1671 1671 1671 1680 1680 1680 1680 1671 1671 1671 1671
    1671 1671 1671 1663 1663 1663 4041 4041 3994 3994 3994 3994 3994
    3994 3994 3994 3994 3037 1705 1705 1696 1696 1696 1696 1696 1696
    1696 1696 1696 1696 1688 1688 1680 1680 1688 1688 1688 1680 1680
    1680 1680 1680 1671 1671 1671 1671 1671 1671 1671 1680 1680 1680
    1680 1671 1671 1671 1671 1671 1671 1671 1663 1663 1671 4041 4041
    4041 4041 3994 3994 4041 3994 3994 3994 3994 3037 3037 1705 1696
    1696 1696 1696 1696 1696 1696 1696 1696 1696 1688 1688 1688 1688
    1688 1688 1688 1680 1680 1680 1671 1671 1680 1671 1671 1671 1671
    1671 1671 1680 1680 1680 1680 1671 1671 1671 1671 1671 1671 1671
    1671 1663 1663 1663 4041 4041 4041 4041 4041 4041 3994 3994 3994
    3994 3037 3037 3037 1696 1696 1696 1696 1696 1696 1696 1696 1696
    1696 1696 1688 1688 1671 1671 1688 1688 1680 1680 1680 1671 1671
    1680 1671 1671 1671 1671 1671 1671 1680 1671 1671 1671 1671 1671
    1671 1671 1671 1671 1671 1671 1663 1663 1663 4041 4041 4041 4041
    4041 4041 3994 3994 3994 3994 3037 3037 3037 3037 1696 1696 1696
    1696 1696 1696 1688 1688 1688 1680 1680 1680 1671 1671 1688 1688
    1688 1688 1680 1671 1671 1680 1680 1671 1671 1671 1671 1671 1680
    1671 1671 1671 1671 1671 1671 1671 1671 1671 1671 1671 1671 1663
    1663 4089 4041 4041 4041 4041 3994 3994 3994 3994 3994 3037 3037
    3037 3037 1696 1696 1696 1696 1696 1696 1688 1680 1680 1680 1680
    1680 1680 1680 1680 1680 1680 1688 1688 1680 1680 1680 1680 1671
    1671 1671 1671 1671 1680 1671 1671 1671 1671 1671 1671 1671 1671
    1671 1671 1671 1671 1663 1663 1663 3994 3994 4041 3994 3994 3994
    3994 3994 3994 3037 3037 3037 3037 1696 1696 1696 1696 1696 1696
    1688 1680 1680 1680 1680 1680 1671 1671 1671 1671 1680 1680 1680
    1680 1680 1680 1671 1671 1671 1671 1671 1671 1680 1671 1671 1671
    1671 1671 1671 1671 1671 1671 1671 1671 1671 1663 1663 1663 3994
    3994 3994 3994 3994 3994 3994 3994 3994 3010 3010 3037 3037 1705
    1705 1696 1696 1696 1696 1688 1680 1680 1680 1680 1680 1671 1671
    1671 1671 1680 1680 1680 1680 1680 1671 1671 1671 1671 1671 1671
    1671 1680 1671 1671 1671 1671 1671 1671 1671 1671 1671 1671 1671
    1671 1663 1663 1663 3994 3994 3994 3994 3994 3994 3994 3994 3994
