<?xml version="1.0"?>
<opencv_storage>
<Depth12180 type_id="opencv-matrix">
  <rows>7</rows>
  <cols>8</cols>
  <dt>w</dt>
  <data>
    6497 6622 6622 6622 6622 6497 6497 6375 6497 6497 6622 6622 6497
    6497 6497 6497 6497 6497 6497 6497 6497 6375 6375 6497 6497 6497
    6497 6497 6497 6375 6375 6497 6497 6622 6622 6753 6497 6497 6497
    6497 6622 6622 6622 6753 6753 0 0 0 6622 6622 6622 6622 6753 0 0 0</data></Depth12180>
</opencv_storage>
