<?xml version="1.0"?>
<opencv_storage>
<Depth16546 type_id="opencv-matrix">
  <rows>42</rows>
  <cols>36</cols>
  <dt>w</dt>
  <data>
    3903 3994 4041 4041 4041 3994 3994 3948 3948 3994 3948 3948 3948
    3948 3903 3903 3948 3948 3948 2618 2618 2598 2598 2579 2579 2598
    2618 2618 3948 3948 4708 4708 4645 4645 4645 4645 3903 3994 4041
    4041 4041 3994 3994 3948 3948 3994 3994 3994 3994 2659 2659 2659
    2659 2639 2618 2618 2598 2579 2579 2560 2560 2579 2598 3859 3859
    3903 4708 4708 4645 4645 4645 4645 3859 3948 4041 4041 4041 3994
    3903 3903 2659 2659 2659 2659 2639 2639 2639 2639 2639 2618 2618
    2598 2598 2579 2560 2560 2560 2579 2579 2579 3859 3903 4708 4645
    4645 4645 4645 4645 3859 3948 4041 2723 2723 2744 2744 2701 2659
    2659 2659 2659 2639 2639 2639 2618 2618 2598 2598 2579 2579 2560
    2541 2541 2541 2560 2579 2579 3903 3903 4708 4645 4645 4645 4645
    4645 3816 2680 2680 2680 2701 2701 2701 2680 2659 2659 2639 2639
    2618 2618 2618 2618 2598 2598 2579 2579 2579 2560 2541 2541 2541
    2541 2560 2579 3903 3903 3903 4708 4645 4645 4582 4582 3816 2680
    2680 2680 2680 2680 2680 2659 2659 2639 2618 2618 2618 2598 2598
    2598 2598 2598 2579 2579 2560 2560 2541 2541 2541 2541 2560 2560
    3903 3903 3903 4708 4645 4645 4582 4582 2680 2680 2680 2680 2680
    2680 2659 2659 2659 2639 2618 2598 2598 2598 2598 2598 2579 2579
    2579 2579 2560 2560 2541 2541 2522 2522 2541 2560 3903 3903 3903
    4708 4645 4645 4582 4582 2680 2680 2680 2659 2659 2659 2659 2659
    2659 2639 2618 2598 2598 2598 2579 2579 2579 2579 2579 2579 2560
    2560 2541 2522 2522 2522 2522 2541 3903 3903 3903 3903 4645 4645
    4645 4645 2680 2680 2659 2659 2659 2659 2639 2639 2639 2639 2618
    2598 2598 2598 2579 2579 2579 2579 2579 2579 2560 2560 2541 2522
    2522 2522 2522 2541 3903 3903 3903 3903 4645 4645 4645 4645 2680
    2680 2659 2659 2659 2659 2639 2639 2639 2639 2618 2598 2598 2598
    2598 2579 2579 2579 2579 2579 2560 2560 2541 2522 2522 2522 2522
    2522 3948 3903 3903 3948 4645 4645 4645 4582 2680 2680 2659 2659
    2659 2659 2639 2639 2639 2618 2618 2618 2598 2598 2598 2579 2579
    2579 2579 2560 2560 2541 2541 2522 2522 2522 2522 2522 3948 3948
    3903 3903 4582 4645 4645 4582 2680 2680 2680 2659 2659 2659 2639
    2618 2618 2618 2618 2598 2598 2598 2598 2579 2579 2579 2579 2560
    2560 2541 2541 2522 2522 2522 2522 2522 3948 3903 3903 3816 3816
    4645 4645 4582 2859 2680 2659 2659 2659 2659 2618 2618 2598 2598
    2598 2598 2598 2598 2598 2579 2579 2579 2560 2560 2541 2541 2541
    2522 2522 2522 2522 2522 2560 3903 3859 3816 3816 4645 4645 4582
    2835 2680 2659 2659 2659 2639 2618 2598 2598 2598 2598 2598 2598
    2598 2579 2579 2579 2579 2560 2560 2541 2541 2541 2522 2522 2522
    2522 2522 2560 2579 2618 2618 4582 4582 4582 4582 2835 2680 2659
    2659 2659 2639 2618 2598 2598 2598 2598 2579 2579 2579 2579 2579
    2579 2560 2560 2560 2541 2541 2541 2522 2522 2522 2522 2522 2541
    2579 2618 2618 4582 4582 4582 4582 3948 3948 2659 2639 2639 2639
    2618 2598 2598 2598 2598 2579 2579 2579 2579 2579 2579 2560 2560
    2541 2541 2541 2522 2522 2503 2503 2522 2541 2541 2579 2618 2639
    4522 4582 4582 4582 3994 3948 2639 2618 2618 2618 2618 2618 2598
    2598 2598 2579 2579 2579 2579 2579 2560 2541 2541 2541 2541 2541
    2522 2522 2503 2503 2522 2522 2522 2541 2598 4522 4522 4582 4582
    4582 3994 4041 2639 2618 2618 2618 2598 2598 2598 2598 2598 2579
    2579 2579 2579 2579 2560 2541 2541 2541 2541 2541 2522 2522 2503
    2503 2503 2503 2522 2541 2541 4522 4522 4582 4582 4582 3994 4041
    4041 2618 2618 2618 2598 2598 2598 2598 2598 2579 2579 2560 2560
    2560 2560 2541 2541 2541 2541 2541 2522 2522 2503 2503 2503 2503
    2522 2522 2522 4582 4582 4522 4522 4582 3994 4041 4041 2618 2618
    2618 2618 2598 2598 2598 2579 2579 2579 2560 2560 2560 2560 2541
    2541 2541 2541 2522 2522 2522 2503 2503 2503 2503 2503 2522 2522
    2541 4522 4522 4522 4522 3994 4041 4041 2618 2618 2618 2618 2598
    2598 2598 2579 2579 2579 2560 2560 2560 2560 2560 2541 2541 2541
    2522 2522 2522 2503 2503 2503 2503 2503 2522 2522 2541 4522 4522
    4522 4522 3994 3994 3948 2659 2659 2618 2618 2598 2598 2598 2579
    2579 2579 2560 2560 2560 2560 2560 2560 2560 2541 2522 2522 2522
    2503 2503 2503 2503 2503 2503 2522 2541 4522 4522 4522 4522 3994
    3994 3948 2701 2680 2618 2618 2598 2598 2598 2579 2579 2579 2560
    2560 2560 2560 2560 2560 2560 2541 2522 2522 2522 2503 2503 2503
    2503 2503 2503 2522 2541 4463 4463 4463 4522 3994 3994 3948 3948
    2680 2618 2618 2598 2598 2598 2579 2579 2579 2560 2560 2560 2560
    2560 2560 2541 2541 2522 2522 2522 2503 2503 2503 2503 2485 2485
    2503 2522 2541 4463 4463 4522 3948 3994 3948 3948 2659 2618 2618
    2598 2598 2598 2579 2579 2579 2560 2560 2560 2560 2560 2541 2541
    2522 2522 2522 2522 2522 2503 2503 2503 2485 2485 2503 2503 2541
    4522 4522 4522 3948 3948 3948 3948 2618 2618 2618 2598 2598 2598
    2579 2579 2579 2579 2560 2560 2560 2560 2541 2541 2522 2522 2541
    2522 2522 2503 2503 2485 2485 2485 2503 2503 4522 4463 4463 4522
    3948 3948 3948 3948 2618 2618 2618 2598 2598 2598 2579 2579 2579
    2579 2560 2560 2541 2541 2541 2541 2522 2522 2522 2522 2522 2503
    2503 2485 2485 2485 2485 2503 2541 4463 4463 4522 3948 3994 3994
    3994 2618 2618 2618 2598 2598 2598 2579 2579 2579 2579 2560 2560
    2541 2541 2541 2541 2522 2522 2522 2522 2522 2503 2503 2485 2485
    2485 2485 2503 2522 4463 4463 4463 3948 3948 3948 3948 2618 2618
    2618 2618 2598 2579 2579 2579 2579 2579 2560 2560 2560 2541 2541
    2541 2522 2522 2522 2522 2522 2503 2503 2503 2503 2503 2503 2503
    2522 2522 4463 4463 3948 3948 3948 3948 2618 2618 2618 2618 2598
    2579 2579 2579 2579 2579 2560 2560 2560 2541 2541 2522 2522 2522
    2522 2522 2522 2522 2503 2503 2485 2485 2485 2503 2503 2503 4522
    4522 3994 3994 3948 3948 2639 2639 2618 2618 2598 2598 2579 2579
    2579 2579 2579 2560 2560 2560 2541 2522 2522 2522 2522 2522 2503
    2503 2503 2503 2485 2485 2485 2503 2503 2503 2503 4522 3994 3994
    3948 3948 2639 2618 2618 2598 2598 2598 2579 2579 2579 2579 2579
    2579 2560 2560 2541 2522 2522 2522 2522 2522 2503 2503 2503 2503
    2485 2485 2485 2485 2485 2503 2503 4522 4041 3994 3948 3903 2639
    2618 2598 2598 2598 2598 2579 2579 2579 2579 2579 2579 2560 2560
    2541 2522 2522 2522 2503 2503 2503 2503 2485 2485 2467 2467 2467
    2467 2485 2503 2503 4522 4041 3948 3948 3903 3903 2618 2598 2598
    2598 2579 2579 2579 2560 2560 2560 2560 2560 2560 2541 2522 2522
    2522 2503 2503 2503 2503 2485 2485 2467 2467 2467 2467 2467 2485
    2503 2503 4041 3903 3903 3903 3903 3903 2598 2598 2598 2579 2579
    2579 2560 2560 2560 2560 2560 2541 2541 2522 2522 2522 2503 2503
    2503 2503 2503 2485 2467 2467 2467 2467 2467 2485 2503 2503 4041
    3903 3903 3859 3859 3903 2598 2598 2598 2579 2579 2579 2560 2560
    2560 2560 2541 2541 2541 2522 2522 2522 2522 2503 2503 2503 2503
    2485 2467 2467 2467 2467 2467 2485 2503 2503 4582 3903 3903 3859
    3859 3903 2598 2598 2598 2598 2579 2579 2560 2560 2560 2560 2541
    2541 2541 2522 2522 2522 2522 2503 2503 2503 2503 2485 2467 2467
    2467 2467 2467 2485 2503 2503 4463 4463 3903 3859 3859 3903 3948
    2598 2598 2598 2579 2579 2579 2560 2560 2560 2541 2541 2541 2522
    2522 2522 2522 2522 2522 2503 2503 2503 2503 2485 2485 2467 2467
    2485 2503 2503 4463 4463 3903 3903 3903 3903 3903 2598 2598 2598
    2579 2579 2579 2560 2560 2560 2560 2541 2541 2522 2522 2522 2522
    2503 2503 2503 2503 2503 2503 2485 2485 2467 2467 2467 2485 2503
    4582 4582 3903 3903 3903 3903 3903 2639 2598 2598 2579 2579 2579
    2560 2560 2560 2560 2560 2541 2541 2522 2503 2503 2503 2503 2503
    2503 2503 2503 2485 2485 2467 2467 2467 2467 2485 4089 3948 3903
    3903 3903 3903 3903 3903 2618 2598 2598 2579 2579 2560 2560 2560
    2560 2560 2541 2541 2522 2503 2503 2503 2503 2503 2503 2503 2503
    2503 2485 2467 2467 2467 2467 2485 4089 3948 3903 3903 3903 3903
