<?xml version="1.0"?>
<opencv_storage>
<Depth11057 type_id="opencv-matrix">
  <rows>85</rows>
  <cols>58</cols>
  <dt>w</dt>
  <data>
    3539 3539 3539 1161 0 1161 1157 1157 1157 1149 1141 1134 1134 1126
    1126 1173 1173 1173 1169 1169 1169 1169 1177 1189 3149 1153 1153
    1149 1149 1149 3149 3120 3092 3064 3064 3064 3064 3037 3037 3010
    3010 3010 2984 2984 2958 2958 2958 2958 2933 2933 2908 2908 2883
    2883 2883 2859 2859 2835 0 3539 0 0 0 1157 1157 1157 1149 1141 1134
    1126 1123 1119 1115 1112 1108 1108 1126 1126 1138 1138 1134 1134
    1141 1141 1141 1141 1134 1130 1130 1130 3064 3064 3064 3064 3064
    3037 3037 3010 3010 3010 2984 2984 2984 2958 2958 2958 2933 2933
    2908 2908 2883 2883 2883 2859 2859 2835 0 0 0 0 0 1157 1157 1149
    1141 1134 1115 1112 1112 1108 1105 1105 1097 1097 1097 1126 1126
    1126 1134 1130 1115 1115 1112 1108 1108 1123 1123 1123 1123 1123
    3092 3092 3092 3064 3037 3037 3010 3010 2984 2984 2984 2958 2958
    2958 2958 2933 2933 2908 2908 2883 2883 2859 2859 2859 0 0 0 0 0
    1169 1157 1149 1138 1123 1112 1108 1105 1101 1097 1097 1090 1087
    1087 1084 1084 1084 1084 1105 1105 1101 1101 1097 1097 1101 1101
    1105 1105 1105 1105 1105 3120 3064 2984 2984 3010 3010 2984 2984
    2984 2958 2958 2958 2958 2933 2933 2908 2883 2883 2859 2859 2859
    2859 0 0 0 1169 0 1165 1157 1149 1138 1119 1112 1108 1101 1097 1090
    1087 1084 1084 1084 1080 1077 1077 1080 1080 1097 1094 1094 1094
    1094 1094 1094 1094 1097 1087 1084 1084 1077 1073 1073 2984 3010
    3010 3010 3010 2984 2984 2958 2958 2958 2933 2908 2883 2883 2883
    2859 2859 2859 2859 0 0 0 1169 1169 1165 1157 1149 1134 1119 1112
    1105 1094 1090 1084 1077 1077 1073 1073 1070 1063 1060 1060 1067
    1087 1087 1087 1087 1087 1087 1087 1080 1077 1077 1077 1077 1067
    1060 1057 1057 3037 3010 3010 3010 2984 2984 2958 2958 2958 2933
    2908 2883 2883 2859 2859 2859 2859 2859 0 0 0 1173 1169 1165 1157
    1149 1134 1119 1112 1105 1094 1084 1077 1070 1063 1063 1063 1057
    1054 1054 1047 1047 1044 1044 1044 1044 1047 1044 1044 1057 1057
    1057 1060 1060 1060 1057 1054 1047 1047 1041 1041 3010 2984 2984
    2958 2958 2958 2933 2908 2883 2883 2859 2859 2859 2859 2859 0 0 0
    1173 1169 1165 1157 1149 1134 1119 1112 1105 1094 1080 1070 1067
    1057 1050 1047 1047 1044 1044 1041 1034 1031 1025 1025 1028 1028
    1031 1034 1041 1047 1047 1047 1047 1050 1050 1047 1041 1041 1034
    1031 1031 1031 1019 2958 2958 2958 2933 2908 2883 2883 2883 2859
    2859 2859 2859 0 0 0 1169 1169 1165 1157 1149 1134 1119 1112 1105
    1094 1080 1070 1063 1057 1047 1041 1041 1041 1038 1031 1031 1025
    1022 1022 1022 1025 1025 1031 1031 1034 1038 1038 1038 1038 1038
    1034 1031 1022 1022 1028 1019 1019 1019 1019 1019 2958 2933 2908
    2883 2883 2883 2859 2859 2859 2859 0 0 0 1169 1169 1165 1157 1149
    1126 1115 1112 1105 1094 1084 1070 1063 1054 1041 1038 1034 1028
    1022 1022 1022 1019 1019 1016 1013 1013 1025 1022 1022 1019 1019
    1031 1031 1031 1028 1025 1022 1016 1016 1016 1013 1013 1016 1016 970
    967 962 962 964 2883 2883 2883 2859 2859 2859 0 0 0 1169 1169 1165
    1157 1153 1126 1115 1112 1105 1097 1084 1070 1063 1054 1041 1034
    1028 1022 1019 1016 1016 1010 1010 1007 1004 992 992 1022 1022 1010
    1004 1004 1016 1016 1019 1016 1013 1013 1010 1010 1010 1007 1004 978
    970 967 962 962 964 964 964 964 2859 2859 2859 0 0 0 1169 1169 1165
    1161 1149 1126 1115 1108 1101 1094 1084 1070 1067 1054 1041 1034
    1025 1019 1016 1013 1010 1007 1004 992 992 987 987 981 975 975 975
    989 989 1010 1016 1010 1007 1007 1004 1004 1004 1001 989 978 975 967
    962 962 964 964 964 973 973 2859 2859 0 0 0 1173 1169 1165 1157 1149
    1126 1115 1108 1101 1090 1084 1077 1070 1054 1044 1034 1025 1019
    1010 1007 1004 1001 992 987 987 984 984 978 973 970 970 973 973 975
    973 973 975 975 978 989 989 981 978 978 975 967 962 962 962 962 975
    973 973 973 2859 0 0 0 1169 1165 1165 1157 1145 1126 1119 1108 1101
    1090 1080 1073 1067 1054 1044 1034 1025 1019 1010 1007 1001 995 981
    981 981 978 975 970 967 967 967 964 964 970 970 970 973 973 975 978
    978 978 975 975 973 970 964 964 962 962 973 973 973 973 962 0 0 0
    1169 1165 1165 1157 1145 1126 1119 1112 1101 1087 1080 1073 1067
    1054 1047 1034 1025 1019 1010 1007 998 989 981 975 973 967 962 959
    959 959 962 959 959 959 962 970 970 967 964 954 954 959 964 964 964
    964 967 967 967 973 970 967 964 962 962 0 0 0 1169 1165 1161 1153
    1138 1126 1119 1112 1101 1087 1080 1073 1067 1054 1044 1034 1025
    1019 1013 1007 995 984 978 973 964 959 956 948 948 948 951 956 954
    954 954 954 956 954 954 954 954 954 956 956 956 959 959 959 962 962
    962 964 962 959 959 3614 0 1169 1169 1165 1161 1153 1138 1126 1119
    1112 1101 1087 1080 1073 1067 1054 1044 1034 1028 1019 1016 1007 995
    984 978 970 964 959 956 948 946 946 948 948 951 948 948 948 951 951
    951 951 951 951 954 954 954 954 959 959 962 962 962 962 962 959 959
    3614 0 1177 1177 1169 1165 1153 1138 1126 1119 1108 1101 1090 1084
    1073 1067 1054 1044 1034 1028 1019 1016 1007 995 984 978 970 964 959
    954 948 946 946 946 946 948 948 948 948 948 948 948 951 951 951 954
    954 951 951 956 959 959 962 962 962 962 959 959 3576 0 1177 1177
    1169 1165 1157 1138 1126 1119 1108 1101 1094 1080 1073 1060 1050
    1041 1031 1028 1019 1016 1007 995 981 978 970 962 959 954 948 946
    946 946 946 948 948 948 948 948 948 948 951 951 951 954 954 951 951
    954 959 959 962 962 962 962 959 959 0 1185 1177 1177 1173 1165 1157
    1138 1126 1119 1108 1101 1090 1080 1073 1060 1050 1041 1031 1028
    1019 1016 1001 992 981 978 970 962 959 954 954 948 946 946 946 946
    948 948 948 948 951 951 951 951 951 954 954 954 954 954 959 959 962
    962 962 962 962 0 0 1185 1185 1177 1173 1165 1157 1138 1130 1119
    1108 1101 1090 1080 1073 1057 1050 1044 1031 1028 1019 1013 1001 989
    981 975 970 964 959 954 951 948 946 946 946 946 946 948 948 948 951
    951 951 951 954 954 954 954 954 954 959 959 959 959 962 962 962 962
    0 1185 1185 1177 1169 1165 1157 1138 1130 1119 1112 1101 1090 1084
    1073 1057 1050 1041 1034 1028 1019 1013 1004 989 981 975 970 964 959
    954 951 948 946 946 946 946 946 948 948 954 954 954 954 954 954 954
    954 954 954 954 959 959 959 959 962 962 962 962 0 0 1189 1177 1169
    1161 1153 1138 1130 1119 1112 1101 1094 1084 1073 1057 1047 1041
    1034 1028 1022 1013 1004 989 984 975 970 964 959 951 951 948 946 946
    946 946 948 951 954 954 954 954 954 954 954 954 954 954 954 954 959
    959 959 959 962 962 962 964 0 0 1189 1177 1169 1161 1145 1141 1130
    1123 1112 1101 1094 1084 1077 1057 1047 1041 1034 1028 1019 1013
    1004 989 984 975 970 964 959 951 951 948 948 948 948 948 948 951 954
    954 954 954 954 954 954 954 954 956 959 959 959 959 959 962 962 962
    962 964 0 0 1185 1177 1169 1161 1145 1138 1134 1123 1112 1105 1094
    1084 1077 1057 1047 1041 1034 1025 1019 1013 1004 989 984 975 967
    962 959 951 951 948 948 948 951 951 951 951 954 954 954 954 954 954
    954 954 954 956 959 959 959 959 959 962 962 962 964 964 0 1181 1181
    1177 1169 1161 1145 1138 1130 1119 1112 1105 1094 1084 1077 1057
    1047 1041 1034 1025 1019 1016 1004 989 984 973 967 962 956 951 951
    954 954 954 951 951 951 951 951 951 954 954 954 954 954 954 956 959
    959 962 962 962 962 962 962 964 964 964 0 1177 1177 1173 1169 1161
    1145 1138 1130 1115 1112 1105 1087 1080 1077 1060 1050 1044 1034
    1025 1022 1016 1004 992 984 973 970 964 956 954 954 951 951 954 954
    954 951 951 951 951 956 959 956 956 956 959 962 962 962 962 962 962
    962 962 962 964 964 964 0 1173 1173 1173 1169 1161 1145 1138 1126
    1115 1108 1097 1087 1080 1073 1057 1054 1044 1034 1028 1019 1013
    1004 992 984 975 970 967 956 954 954 951 951 954 954 954 951 951 954
    954 956 959 959 959 959 959 962 962 962 964 964 964 962 962 962 964
    964 964 1193 1173 1173 1173 1169 1161 1145 1138 1126 1115 1108 1097
