<?xml version="1.0"?>
<opencv_storage>
<Depth13570 type_id="opencv-matrix">
  <rows>13</rows>
  <cols>11</cols>
  <dt>w</dt>
  <data>
    2701 2723 2723 2723 4983 4983 4983 4983 4983 4983 4983 2723 2723
    2723 4842 4842 4911 4983 4983 4983 4911 4911 2723 2744 2744 4774
    4774 4842 4911 4911 4911 4774 4774 2723 4708 4708 4708 4708 4774
    4842 4842 4842 4774 4774 2723 4708 4645 4645 4645 4645 4708 4708
    4774 4774 4774 4582 4582 4582 4582 4582 4645 4645 4708 4708 4708
    4708 4463 4582 4582 4582 4582 4645 4645 4645 4708 4708 4708 4463
    4522 4522 4522 4522 4582 4582 4645 4645 4645 4645 4405 4463 4463
    4463 4522 4582 4582 4645 4645 4645 3859 4405 4463 4463 4463 4463
    4522 4582 4582 4582 4582 3816 4463 4463 4463 4463 4463 4522 4582
    4582 4582 3859 3816 4405 4405 4405 4405 4463 4463 4522 4522 4522
    3859 3816 4349 4349 4349 4349 4405 4463 4463 4463 3774 3774 3816</data></Depth13570>
</opencv_storage>
