<?xml version="1.0"?>
<opencv_storage>
<Depth0578 type_id="opencv-matrix">
  <rows>25</rows>
  <cols>20</cols>
  <dt>w</dt>
  <data>
    0 6622 6375 6375 3859 3859 3859 3859 3859 3816 3816 6753 6753 6753
    6753 6753 6753 6753 6753 6753 0 6375 6375 3903 3859 3859 3859 3816
    3816 3774 3774 6753 6622 6622 6622 6753 6753 6753 6753 6753 0 3948
    3948 3859 3859 3859 3859 3816 3816 3774 3774 3816 6622 6622 6622
    6753 6753 6753 6889 6889 3903 3903 3859 3859 3859 3859 3859 3859
    3859 3816 3816 3816 6622 6753 6753 6753 6889 6889 6889 6889 3994
    3903 3859 3859 3859 3859 3859 3859 3859 3859 3859 3816 3816 6753
    6753 6753 6889 6889 6889 6889 3994 3994 3903 3903 3859 3859 3859
    3859 3859 3903 3859 3816 3816 6753 6753 6753 6753 6753 6753 6889
    3994 3994 3948 3903 3903 3859 3859 3859 3859 3903 3903 3859 3859
    6622 6622 6753 6753 6753 6753 6889 4041 4041 3948 3903 3903 3903
    3903 3903 3903 3903 3903 3903 3903 3948 6622 6622 6753 6753 6753
    6889 4041 4041 3948 3903 3903 3903 3903 3903 3903 3903 3903 3903
    3948 3948 6622 6622 6622 6753 6753 6753 4041 4041 3948 3903 3903
    3903 3903 3948 3948 3948 3903 3903 3948 3903 3903 6622 6622 6753
    6753 6753 4041 4041 3948 3948 3948 3948 3948 3948 3903 3903 3903
    3903 3903 3903 3903 3903 6753 6753 6753 6753 4089 4041 3994 3948
    3948 3948 3948 3948 3903 3903 3903 3903 3903 3948 3903 3903 6753
    6753 6753 6753 4089 4041 4041 3994 3994 3948 3948 3948 3948 3903
    3903 3903 3903 3948 3948 3948 4041 6753 6753 6753 4089 4089 4041
    4041 3994 3994 3948 3948 3948 3903 3903 3903 3948 3948 3948 3948
    4041 4089 6889 6889 6375 6375 4041 4041 3994 3994 3948 3948 3948
    3948 3948 3948 3948 3948 3948 3994 3994 3994 4041 6889 6375 6375
    6375 6375 4041 4041 3994 3994 3948 3948 3948 3948 3948 3948 3948
    3948 3994 3994 3994 7030 6375 6375 6375 6375 6375 4041 4041 3994
    3994 3948 3948 3948 3948 3948 3948 3948 3948 3948 3948 3994 6375
    6375 6375 6375 6375 4139 4089 4089 3994 3948 3948 3948 3948 3948
    3948 3948 3948 3948 3948 3948 6375 6375 6375 6375 6497 6497 4089
    4089 3994 3948 3948 3948 3948 3948 3948 3948 3948 3948 3948 3948
    6375 6375 6375 6497 6497 6375 6375 4089 4041 3994 3948 3903 3903
    3903 3903 3948 3948 3948 3948 3948 6375 6375 6375 6497 6497 6375
    6375 6375 4041 3994 3948 3903 3903 3903 3903 3948 3948 3948 3948
    3948 6375 6375 6375 6497 6497 6375 6375 6622 4089 4041 3994 3948
    3948 3948 3948 3948 3948 3948 3948 3948 6375 6375 6375 6497 6497
    6497 6497 6497 4139 4089 3994 3994 3948 3948 3948 3948 3948 3948
    3948 6889 6375 6375 6497 6497 6497 6497 6497 6497 6497 4089 3994
    3994 3948 3948 3948 3948 3948 3948 3948 6889 6375 6375 6497 6497
    6497 6622 6622 6622 6622 4089 3994 3994 3948 3948 3948 3994 3994
    3994 6622 6622</data></Depth0578>
</opencv_storage>
