<?xml version="1.0"?>
<opencv_storage>
<Depth19809 type_id="opencv-matrix">
  <rows>45</rows>
  <cols>45</cols>
  <dt>w</dt>
  <data>
    7835 7835 7835 7835 7835 7835 7835 7835 8019 7835 7835 7835 7835
    7835 7835 8019 8019 8019 8019 8019 8019 8019 8019 8212 0 0 0 0 0 0
    1632 1624 1624 1624 1624 1624 0 0 0 0 8212 8212 8413 8413 8413 7835
    7835 7835 1804 1794 1794 7835 7835 8019 7835 7835 7835 7835 7835
    7835 8019 8019 8019 8019 8019 8019 8019 8019 8019 8019 1671 1671
    1632 1632 1632 1632 1624 1624 1624 1616 1616 1624 0 0 0 8019 8019
    8212 8212 8626 7835 7835 7835 1804 1794 1794 1785 1766 1766 1766
    7835 7835 7835 7835 7835 8019 8212 8212 8019 8019 8019 8019 1632
    1624 1624 1616 1616 1624 1632 1632 1632 1632 1624 1624 1616 1616
    1616 0 0 0 7835 7835 8212 8212 8626 7835 7835 1813 1794 1794 1794
    1776 1739 1739 1739 7835 1731 1731 7835 7835 8019 8212 8019 8019
    8019 8019 1624 1624 1616 1616 1609 1609 1609 1624 1624 1632 1632
    1624 1624 1616 1616 1616 1616 1616 7835 7835 7835 8212 8413 8626
    7835 1823 1813 1794 1794 1794 1776 1739 1731 1722 1722 1713 1696
    1696 7835 1655 1655 8019 8019 8019 8019 1609 1609 1609 1609 1609
    1609 1609 1624 1624 1632 1624 1624 1624 1616 1616 1616 1609 1609
    1609 8019 8019 8212 8413 8849 7660 1823 1813 1794 1794 1785 1766
    1731 1722 1713 1713 1705 1696 1688 1671 1655 1647 1647 1632 1624
    1616 1601 1601 1601 1601 1601 1601 1601 1609 1616 1624 1624 1624
    1624 1616 1616 1609 1609 1609 1609 8626 8626 8413 8413 8626 7492
    1833 1813 1794 1794 1785 1766 1731 1722 1713 1705 1696 1688 1680
    1663 1655 1647 1647 1632 1624 1616 1594 1594 1594 1594 1594 1594
    1601 1609 1609 1609 1624 1624 1624 1616 1616 1609 1609 1609 1609
    8626 8626 8626 8413 8413 7492 1813 1813 1794 1794 1776 1757 1731
    1722 1713 1705 1696 1688 1680 1663 1655 1655 1647 1632 1624 1616
    1594 1594 1586 1586 1586 1594 1594 1601 1601 1601 1616 1624 1624
    1616 1616 1609 1609 1609 1609 1609 8849 8849 8413 8413 7835 1813
    1804 1794 1794 1776 1739 1731 1722 1722 1705 1696 1688 1680 1671
    1655 1655 1632 1624 1624 1609 1594 1586 1586 1586 1586 1586 1586
    1601 1601 1601 1601 1609 1616 1616 1609 1609 1601 1601 1601 1601
    8413 8413 8413 8413 1785 1785 1794 1794 1785 1766 1739 1731 1722
    1713 1705 1696 1688 1680 1671 1655 1655 1632 1624 1624 1601 1594
    1586 1586 1586 1586 1586 1586 1594 1594 1594 1601 1601 1601 1601
    1601 1609 1601 1601 1601 1601 8413 8413 8413 8413 1785 1785 1794
    1794 1776 1757 1739 1731 1722 1713 1705 1696 1688 1680 1671 1655
    1655 1639 1624 1624 1601 1594 1586 1586 1586 1586 1586 1586 1594
    1594 1594 1594 1601 1601 1601 1601 1601 1601 1609 1609 1609 8413
    8413 8413 8413 1794 1794 1794 1785 1766 1757 1739 1739 1722 1713
    1705 1696 1688 1680 1663 1655 1647 1639 1624 1616 1601 1594 1586
    1586 1579 1579 1586 1586 1594 1594 1594 1594 1601 1601 1601 1601
    1601 1601 1601 1609 1609 1609 8212 8212 8413 1794 1794 1794 1785
    1766 1757 1748 1731 1722 1713 1705 1688 1688 1680 1663 1655 1647
    1639 1624 1616 1601 1594 1586 1586 1579 1579 1579 1579 1594 1594
    1594 1594 1594 1594 1594 1601 1601 1601 1601 1601 1609 1609 8212
    8212 8413 1804 1794 1785 1776 1766 1757 1748 1731 1722 1713 1705
    1688 1688 1680 1663 1655 1647 1647 1632 1616 1601 1594 1586 1586
    1579 1579 1579 1579 1594 1594 1594 1594 1594 1594 1594 1601 1601
    1601 1601 1601 1601 1601 8413 8413 8413 1804 1794 1785 1776 1766
    1757 1739 1731 1722 1713 1705 1688 1680 1680 1663 1655 1647 1647
    1632 1616 1601 1594 1586 1586 1579 1579 1579 1579 1594 1594 1594
    1594 1594 1601 1601 1601 1601 1601 1601 1601 1601 1601 8626 8626
    8413 1804 1794 1785 1785 1766 1748 1739 1731 1722 1713 1705 1688
    1680 1680 1663 1655 1647 1647 1632 1616 1601 1594 1586 1586 1579
    1579 1579 1579 1594 1594 1594 1594 1594 1594 1594 1601 1601 1601
    1601 1601 1601 1601 8626 8626 8413 1804 1794 1785 1785 1776 1748
    1739 1731 1722 1713 1705 1688 1680 1680 1663 1655 1647 1647 1632
    1616 1609 1594 1594 1586 1579 1579 1579 1579 1594 1594 1594 1594
    1594 1594 1594 1594 1594 1594 1601 1601 1601 1601 8626 8626 8413
    1794 1794 1785 1785 1776 1748 1739 1731 1722 1713 1696 1688 1680
    1680 1663 1655 1647 1647 1632 1616 1609 1601 1594 1586 1579 1579
    1579 1579 1594 1594 1594 1594 1594 1594 1594 1594 1594 1594 1594
    1594 1601 1601 1601 8413 8413 1794 1794 1785 1785 1766 1748 1739
    1731 1722 1713 1696 1688 1680 1680 1663 1655 1647 1647 1632 1616
    1609 1601 1594 1579 1579 1572 1572 1572 1586 1594 1594 1594 1594
    1594 1594 1594 1594 1594 1594 1594 1601 1601 1601 8413 8413 7178
    1785 1785 1776 1766 1748 1739 1731 1722 1713 1696 1688 1680 1680
    1663 1655 1647 1647 1632 1616 1616 1601 1594 1579 1579 1572 1572
    1572 1586 1594 1594 1594 1594 1594 1594 1594 1594 1594 1594 1594
    1601 1601 1601 8626 8626 7178 1785 1785 1776 1766 1748 1739 1731
    1722 1713 1696 1688 1680 1680 1663 1655 1647 1647 1639 1616 1616
    1601 1586 1579 1579 1572 1572 1572 1579 1586 1586 1594 1594 1594
    1594 1594 1594 1594 1594 1594 1594 1594 1594 1594 8413 7332 7332
    1757 1757 1757 1748 1739 1731 1722 1713 1696 1688 1680 1680 1663
    1655 1647 1647 1639 1616 1609 1601 1586 1579 1579 1572 1572 1572
    1579 1586 1586 1586 1586 1586 1586 1594 1594 1594 1594 1594 1594
    1594 1594 0 8413 7332 7332 1757 1757 1757 1748 1739 1722 1722 1713
    1705 1688 1680 1671 1663 1655 1647 1647 1639 1616 1609 1594 1586
    1579 1579 1572 1572 1572 1579 1586 1579 1579 1586 1586 1586 1594
    1594 1594 1594 1586 1586 1594 1594 0 8413 7660 7660 1757 1757 1757
    1748 1739 1722 1722 1713 1705 1688 1680 1671 1663 1655 1647 1647
    1639 1624 1609 1594 1586 1579 1579 1572 1572 1579 1579 1579 1579
    1579 1579 1586 1586 1586 1594 1594 1594 1586 1586 1594 1594 0 8413
    7178 7178 1757 1757 1757 1748 1739 1731 1722 1713 1705 1688 1680
    1680 1671 1655 1655 1647 1632 1616 1609 1594 1594 1586 1579 1572
    1572 1572 1572 1579 1579 1579 1579 1586 1586 1586 1594 1594 1594
    1594 1594 1594 1594 0 8626 2859 2859 2859 1757 1757 1748 1748 1731
    1722 1722 1705 1696 1688 1680 1663 1655 1655 1647 1624 1616 1609
    1594 1594 1586 1579 1572 1564 1564 1572 1572 1579 1579 1579 1586
    1586 1586 1594 1594 1594 1586 1586 1586 1586 0 8849 2859 2835 2835
    2835 1766 1748 1748 1731 1722 1722 1705 1696 1688 1680 1663 1655
    1647 1639 1624 1616 1609 1601 1594 1586 1579 1572 1564 1564 1572
    1572 1579 1579 1586 1586 1586 1586 1586 1586 1586 1586 1586 1586
    1586 1586 0 2835 2835 2812 2812 1766 1748 1739 1731 1722 1722 1713
    1696 1688 1680 1663 1655 1647 1639 1624 1616 1609 1601 1594 1586
    1572 1572 1564 1564 1572 1572 1579 1579 1586 1586 1586 1586 1586
    1586 1586 1586 1586 1586 1586 1586 8849 2812 2812 2812 1776 1776
    1766 1739 1731 1722 1722 1713 1705 1688 1680 1663 1655 1647 1639
    1624 1616 1609 1609 1594 1586 1572 1572 1564 1564 1572 1572 1572
    1579 1586 1586 1586 1586 1586 1586 1586 1586 1586 1579 1579 1579
    1579 2767 2767 2767 1776 1776 1766 1739 1731 1722 1722 1713 1705
    1688 1680 1663 1655 1647 1632 1624 1624 1616 1609 1594 1586 1572
    1564 1564 1564 1572 1572 1572 1572 1572 1572 1572 1579 1586 1586
    1586 1586 1586 1579 1579 1579 1579 2744 2723 2701 1776 1776 1766
    1748 1739 1731 1722 1713 1696 1680 1680 1671 1655 1647 1632 1624
    1624 1616 1601 1594 1586 1572 1564 1564 1564 1572 1572 1572 1572
    1572 1572 1572 1572 1572 1579 1586 1586 1586 1586 1579 1579 1579
    2701 2701 2680 1776 1776 1766 1748 1739 1731 1722 1713 1696 1680
    1680 1663 1655 1647 1632 1624 1624 1616 1601 1594 1586 1579 1564
    1564 1564 1572 1572 1572 1572 1572 1572 1572 1572 1572 1579 1586
    1586 1579 1579 1586 1586 1594 2680 2680 2659 1776 1776 1766 1748
    1739 1731 1713 1713 1696 1680 1671 1663 1655 1647 1632 1624 1624
    1616 1609 1594 1586 1579 1564 1564 1564 1572 1572 1572 1572 1572
    1572 1572 1572 1572 1579 1579 1579 1579 1579 1579 1586 1594 2659
