<?xml version="1.0"?>
<opencv_storage>
<Depth10047 type_id="opencv-matrix">
  <rows>21</rows>
  <cols>32</cols>
  <dt>w</dt>
  <data>
    1189 1193 1193 0 0 0 2241 2241 2241 2241 2241 2226 2226 2226 2241
    2256 2256 2241 2241 2241 1189 1189 1189 1189 1189 1193 1193 1193
    1202 0 0 0 1197 1197 0 0 0 2241 0 2241 2241 2212 2212 2226 2226 2226
    2241 2256 2256 2241 2241 2241 2256 2170 2170 2170 2198 2198 0 0 0 0
    0 0 1202 1206 1206 0 2241 2241 2241 2226 2226 2212 2212 2226 2226
    2226 2241 2256 2256 2241 2241 2241 2256 2241 2212 2198 2198 2198 0 0
    0 0 0 0 1206 1206 1206 2256 2256 2241 2241 2226 2226 2212 2212 2226
    2241 2241 2256 2256 2256 2241 2241 2241 2241 2241 2226 2212 2212
    2212 2212 0 0 0 0 0 1210 1210 2256 2256 2256 2256 2256 2241 2226
    2212 2212 2226 2241 2256 2256 2256 2256 2241 2241 2241 2241 2241
    2226 2212 2212 2212 2212 0 0 0 0 0 1223 2256 2256 2256 2256 2256
    2256 2256 2241 2226 2226 2241 2256 2256 2256 2256 2256 2256 2241
    2241 2241 2241 2241 2226 2226 2226 2226 0 0 0 0 0 2271 2256 2256
    2256 2271 2271 2271 2271 2256 2256 2256 2256 2256 2256 2256 2241
    2241 2241 2241 2256 2241 2241 2241 2226 2226 2226 2226 0 0 0 0 0
    2271 2256 2256 2271 2271 2271 2271 2271 2271 2256 2256 2256 2256
    2256 2256 2241 2241 2241 2241 2241 2241 2241 2241 2226 2226 2226
    2226 2226 0 2212 2212 0 2271 2271 2271 2271 2271 2271 2271 2271 2271
    2256 2256 2256 2256 2256 2256 2241 2241 2241 2241 2241 2241 2241
    2241 2241 2226 2226 2212 2212 2212 2212 2212 0 1236 2271 2271 2271
    2271 2271 2271 2271 2271 2256 2256 2256 2256 2256 2256 2241 2241
    2241 2241 2241 2241 2241 2241 2212 2212 2226 2212 2212 2212 2212
    2226 2226 1236 2271 2271 2271 2271 2271 2271 2271 2256 2256 2256
    2256 2256 2256 2256 2256 2241 2241 2241 2241 2226 2226 2241 2212
    2212 2212 2212 2212 2212 2212 2226 2226 1245 2271 2271 2271 2271
    2271 2271 2256 2256 2256 2256 2256 2256 2256 2256 2241 2241 2241
    2241 2241 2226 2226 2226 2212 2212 2212 2212 2212 2212 2212 2226
    2226 0 2271 2271 2271 2271 2271 2256 2256 2256 2256 2256 2256 2256
    2256 2256 2241 2241 2226 2226 2226 2226 2226 2226 2212 2212 2212
    2212 2212 2212 2212 2212 2212 0 2256 2256 2256 2256 2256 2256 2256
    2241 2226 2226 2256 2256 2256 2256 2241 2241 2226 2226 2226 2226
    2212 2212 2212 2212 2198 2198 2198 2198 2198 2212 2212 2256 2241
    2241 2241 2241 2256 2241 2241 2241 2226 2226 2241 2256 2256 2256
    2241 2241 2226 2226 2226 2212 2212 2212 2212 2212 2198 2198 2198
    2198 2198 2212 2212 2256 2256 2241 2241 2241 2241 2241 2241 2241
    2226 2226 2241 2256 2256 2256 2241 2241 2226 2226 2226 2212 2212
    2212 2212 2212 2212 2212 2198 2198 2198 2212 2212 2241 2241 2241
    2241 2241 2241 2241 2241 2241 2241 2256 2256 2256 2256 2256 2256
    2256 2241 2241 2241 2241 2241 2226 2226 2226 2226 2226 2226 2212
    2212 2226 2226 2241 2241 2241 2256 2256 2256 2256 2256 2256 2256
    2256 2271 2271 2271 2271 2271 2271 2271 2271 2271 2271 2271 2256
    2256 2256 2256 2241 2241 2241 2256 2256 2256 1288 2256 2256 2286
    2271 2271 2286 2286 2286 2286 2286 2301 2301 2301 2286 2286 2286
    2301 2301 2301 2301 2301 2301 2286 2286 2271 2271 2271 2271 2271
    2286 2286 1288 2333 2333 2333 2333 2333 2333 2317 2317 2317 2317
    2317 2317 2317 2317 2317 2317 2317 2301 2301 2301 2301 2301 2301
    2301 2286 2286 2286 2286 2301 2301 2301 2349 2349 2349 2349 2349
    2365 2349 2349 2333 2317 2317 2333 2333 2333 2333 2333 2333 2333
    2317 2317 2317 2317 2958 2984 2984 2984 2984 2984 2984 2333 2317
    2317</data></Depth10047>
</opencv_storage>
