<?xml version="1.0"?>
<opencv_storage>
<Depth13383 type_id="opencv-matrix">
  <rows>6</rows>
  <cols>42</cols>
  <dt>w</dt>
  <data>
    5548 5548 5548 5548 5548 5548 5374 5374 5640 5734 5640 5640 0 0 0 0
    5734 5640 5640 5640 5640 5640 5548 5460 5374 5374 0 0 0 0 0 0 5460
    5460 5548 5640 0 0 0 0 0 0 5548 5548 5548 5548 5548 5460 5374 5374
    5640 5640 5548 5548 5548 5640 5640 5640 5640 5640 5640 5640 5640
    5640 5548 5460 5374 5374 5548 5548 5548 5374 5374 5374 5374 5460
    5460 5460 5548 5548 0 0 0 0 5548 5460 5460 5548 5548 5374 5374 5460
    5548 5548 5548 5548 5548 5640 5640 5640 5640 5640 5640 5640 5640
    5640 5640 5548 5548 5548 5548 5548 5460 5374 5374 5374 5374 5460
    5460 5460 5460 5460 5548 5548 5640 0 5548 5460 5460 5460 5460 5291
    5291 5460 5548 5548 5548 5548 5640 5640 5640 5640 5640 5640 5640
    5640 5640 5640 5640 5640 5640 5640 5548 5460 5460 5374 5374 5460
    5460 5460 5460 5460 5460 5460 5548 5548 5640 5640 5548 5548 5548
    5460 5460 5291 5291 5460 5548 5548 5640 5640 5640 5640 5640 5640
    5640 5734 5640 5640 5640 5640 5640 5640 5640 5640 5548 5460 5374
    5374 5374 5460 5460 5460 5460 5548 5548 5548 5640 5640 5640 5640 0 0
    5548 5460 5460 5460 0 0 5640 5640 5640 5734 5640 5640 5640 0 0 0 0 0
    0 5640 5640 5640 5640 5640 5640 5640 5374 5374 5374 5548 5548 5548
    5548 5548 5548 5548 5640 5640 5640 5640</data></Depth13383>
</opencv_storage>
