<?xml version="1.0"?>
<opencv_storage>
<Depth8366 type_id="opencv-matrix">
  <rows>22</rows>
  <cols>16</cols>
  <dt>w</dt>
  <data>
    4708 4645 4645 4582 4582 4582 4582 4522 4522 4522 4522 4522 4522
    4582 4582 6753 4708 4645 4645 4582 4582 4582 4582 4522 4522 4522
    4522 4522 4522 4463 4405 4405 4708 4645 4645 4645 4645 4582 4582
    4522 4522 4522 4522 4522 4522 4463 4405 4405 4645 4645 4645 4645
    4645 4582 4582 4582 4522 4522 4522 4522 4522 4463 4463 4463 4582
    4645 4645 4645 4582 4582 4582 4522 4522 4522 4522 4522 4522 4522
    4522 6889 4582 4645 4645 4582 4582 4582 4582 4522 4522 4522 4522
    4522 4522 4522 4522 4582 4645 4645 4582 4582 4582 4522 4522 4522
    4522 4522 4522 4522 4522 4522 4522 4582 4645 4645 4582 4582 4582
    4522 4522 4522 4522 4522 4522 4522 4522 4522 4522 4582 4645 4645
    4582 4582 4582 4582 4582 4522 4522 4522 4522 4522 4522 4522 4522
    4582 4708 4645 4645 4582 4582 4582 4582 4522 4522 4522 4522 4522
    4522 4522 4463 4463 4708 4645 4645 4645 4582 4582 4582 4522 4522
    4522 4522 4522 4522 4522 4463 4463 4708 4645 4645 4645 4582 4582
    4582 4522 4522 4522 4522 4522 4522 4522 4463 4463 4708 4645 4645
    4645 4582 4582 4582 4582 4522 4522 4522 4522 4522 4463 4405 4405
    4645 4645 4645 4645 4582 4582 4582 4582 4522 4522 4522 4522 4522
    4463 4405 4405 4645 4645 4645 4645 4645 4582 4582 4582 4582 4582
    4582 4522 4522 4463 4463 4405 4645 4645 4645 4645 4645 4645 4582
    4582 4582 4582 4582 4582 4522 4463 4463 4463 4645 4645 4645 4645
    4645 4645 4582 4582 4582 4582 4582 4582 4522 4463 4463 4463 4708
    4708 4645 4645 4645 4645 4645 4582 4582 4582 4582 4582 4522 4522
    4522 4522 4708 4708 4645 4645 4645 4645 4645 4582 4582 4582 4582
    4582 4522 4522 4522 4522 4842 4708 4708 4645 4645 4645 4645 4582
    4582 4582 4582 4582 4582 4582 4582 4582 4842 4708 4708 4645 4645
    4645 4645 4582 4582 4522 4522 4582 4582 4582 4582 4582 4842 4774
    4774 7030 4645 4645 4645 4582 4582 4522 4522 4582 4582 4645 6753
    6753</data></Depth8366>
</opencv_storage>
