<?xml version="1.0"?>
<opencv_storage>
<Depth17630 type_id="opencv-matrix">
  <rows>86</rows>
  <cols>115</cols>
  <dt>w</dt>
  <data>
    2883 2883 2883 2883 2883 2883 2883 2883 2883 2883 2883 2883 2883
    2883 2883 2908 2908 2908 2908 2908 2908 984 981 975 975 978 2908
    2908 975 2958 2958 2958 2958 2958 2958 2958 2933 2933 2933 2933 2933
    2933 2908 2883 2859 2859 2859 2859 2859 2859 2859 2883 2933 2984
    2984 2958 2933 2933 2933 2908 2908 2883 2859 2859 2659 2659 2659
    2789 2767 2744 2639 2598 2598 2598 2618 2618 2659 2659 2639 2639
    2618 2598 2579 2560 2560 2541 2040 2028 2016 2005 1993 1981 1959
    1947 1947 1947 1936 1936 1947 1947 1947 1936 1936 1947 1947 1936
    1926 1915 1904 1894 1873 1863 1863 1853 1853 2883 2883 2883 2883
    2883 2883 2883 2883 2883 2883 2883 2883 2883 2883 2883 0 981 978 975
    975 973 973 975 975 975 973 973 973 975 975 975 2958 2958 2958 2958
    2958 2933 2933 2933 2933 2933 2933 2908 2883 2859 2859 2859 2859
    2859 2859 2859 2883 2958 2984 2984 2958 2933 2933 2933 2933 2908
    2883 2859 2701 2659 2659 2659 2789 2767 2744 2639 2598 2598 2598
    2639 2639 2659 2659 2639 2618 2598 2598 2579 2560 2541 2053 2040
    2016 2005 2005 1981 1970 1959 1947 1947 1936 1936 1936 1947 1947
    1947 1947 1947 1947 1947 1947 1915 1915 1894 1883 1863 1863 1853
    1843 1833 2883 2883 2883 2883 2883 2883 2883 2883 2883 2883 2883
    2883 2883 2883 0 0 981 978 975 975 970 970 975 973 970 967 959 959
    959 970 970 981 978 973 973 2958 2933 2933 2933 2933 2933 2933 2908
    2883 2859 2859 2859 2859 2859 2859 2883 2933 3010 3010 2984 2958
    2933 2933 2933 2933 2908 2883 2835 2680 2659 2659 2659 2789 2767
    2680 2618 2618 2598 2598 2598 2639 2659 2639 2618 2618 2598 2598
    2579 2560 2065 2053 2040 2016 2005 1981 1981 1959 1959 1947 1947
    1936 1936 1947 1947 1947 1947 1947 1947 1947 1947 1947 1915 1915
    1894 1883 1863 1863 1853 1843 1833 2883 2883 2883 2883 2908 2883
    2883 2883 2883 2883 2908 0 2908 0 0 0 981 978 978 975 970 970 973
    973 970 967 959 959 959 954 954 956 962 964 964 973 973 975 2933
    2933 2933 2933 2908 2883 2859 2859 2859 2859 2859 2908 2933 2984
    3010 3010 2984 2958 2933 2933 2933 2933 2908 2883 2835 2639 2639
    2680 2812 2812 2767 2659 2618 2618 2598 2598 2598 2639 2639 2639
    2618 2618 2598 2598 2579 2560 2053 2040 2040 2040 2005 1981 1970
    1959 1959 1947 1947 1947 1947 1947 1947 1947 1947 1947 1959 1959
    1959 1947 1926 1915 1894 1883 1863 1863 1853 1843 1833 2883 2883
    2883 2883 2908 2883 2883 2883 2883 2883 2908 0 0 0 0 0 981 981 978
    975 973 973 973 973 973 970 970 970 946 946 946 943 943 943 959 962
    967 975 978 975 975 2933 2933 2883 2883 2859 2859 2859 2883 2933
    2984 2984 3010 3010 2984 2958 2958 2958 2933 2933 2908 2883 2835
    2639 2639 2680 2812 2812 2744 2659 2639 2618 2598 2598 2618 2639
    2639 2639 2618 2618 2598 2598 2579 2560 2040 2040 2028 2016 2016
    1981 1959 1947 1947 1947 1947 1947 1959 1959 1947 1947 1947 1947
    1959 1959 1959 1947 1926 1904 1894 1883 1873 1863 1853 1843 1843
    2883 2883 2883 2883 2908 2883 2883 2883 2908 2908 2908 0 0 0 0 0 987
    987 981 978 973 973 973 970 967 967 967 925 920 920 943 940 940 940
    946 954 962 967 973 973 973 973 975 978 984 984 984 2859 2883 2958
    3010 3010 3010 3010 2984 2958 2958 2958 2933 2933 2908 2883 2744
    2639 2639 2680 2812 2812 2723 2639 2618 2598 2598 2598 2618 2639
    2639 2639 2618 2618 2598 2598 2579 2040 2040 2040 2028 2016 2005
    1981 1959 1947 1947 1947 1947 1947 1959 1959 1947 1947 1947 1947
    1959 1959 1947 1936 1915 1894 1883 1873 1873 1863 1853 1843 1833
    2883 2883 2883 2908 2908 2908 2908 2908 2908 2908 2908 0 0 0 0 0
    1001 989 984 981 975 975 973 970 959 948 925 923 918 915 910 910 935
    938 940 940 962 962 962 962 964 967 970 975 981 984 981 981 981 3010
    1004 1004 3010 2984 2958 2958 2958 2958 2958 2933 2908 2883 2744
    2639 2639 2723 2812 2812 2723 2639 2618 2598 2598 2598 2618 2639
    2639 2639 2618 2618 2598 2598 2579 2040 2040 2040 2028 2016 2005
    1981 1959 1947 1947 1947 1947 1947 1959 1959 1947 1947 1947 1947
    1947 1947 1947 1926 1904 1894 1873 1873 1873 1863 1853 1843 1833
    2908 2908 2908 2908 2908 2908 2908 2908 2908 2908 2908 0 0 0 0 0 998
    992 987 981 975 975 970 964 954 946 920 915 913 910 910 910 913 913
    913 923 933 933 959 959 962 964 964 970 973 978 975 973 973 975 978
    998 1001 1007 1013 2958 2933 2933 2958 2933 2883 2883 2883 2659 2659
    2723 2835 2812 2659 2639 2618 2618 2618 2618 2639 2659 2659 2639
    2618 2618 2598 2579 2078 2040 2040 2040 2028 2016 1981 1970 1959
    1947 1947 1947 1947 1959 1959 1959 1959 1947 1947 1947 1947 1947
    1947 1915 1904 1894 1873 1873 1873 1863 1853 1853 1813 2908 2908
    2908 2908 2908 2908 2908 2908 2933 2933 2958 0 0 0 0 0 998 992 987
    981 975 973 967 962 951 943 918 910 910 910 910 910 910 910 910 913
    915 918 918 918 918 918 956 959 964 964 967 967 970 973 975 981 984
    987 987 987 2933 2933 2958 2933 2883 2883 2883 2723 2723 2723 2835
    2812 2659 2639 2618 2618 2618 2618 2639 2659 2659 2639 2598 2598
    2598 2560 2053 2053 2040 2040 2028 2016 1981 1970 1959 1947 1947
    1947 1947 1959 1959 1959 1959 1959 1959 1959 1959 1947 1947 1915
    1904 1894 1883 1873 1873 1863 1853 1853 1813 2908 2908 2908 2908
    2908 2908 2908 2908 2933 2933 2958 0 0 0 0 0 998 992 987 981 973 973
    964 959 948 930 918 910 910 910 908 908 910 910 910 910 913 913 915
    915 918 918 930 938 938 959 959 967 967 970 973 975 978 981 981 981
    984 984 984 1004 1004 1004 2883 2723 2723 2812 2835 2812 2659 2639
    2618 2618 2618 2618 2639 2659 2659 2618 2598 2598 2579 2560 2053
    2053 2053 2040 2028 2016 1981 1970 1959 1959 1959 1959 1959 1959
    1959 1959 1959 1959 1959 1959 1959 1959 1947 1915 1904 1894 1883
    1873 1873 1863 1853 1833 1813 2908 2908 2908 2908 2908 2933 2933
    2933 2933 2933 0 0 0 0 0 1001 998 992 984 978 970 970 962 954 943
    923 918 913 910 910 908 908 908 910 910 910 910 910 913 915 915 918
    923 928 928 959 930 930 948 970 970 970 973 975 975 975 978 981 989
    995 995 998 998 998 1013 1013 1007 1007 2659 2639 2618 2618 2618
    2618 2639 2659 2639 2618 2579 2579 2579 2103 2065 2053 2053 2040
    2028 1981 1970 1959 1959 1959 1959 1959 1970 1959 1959 1959 1959
    1959 1959 1959 1970 1959 1947 1915 1915 1904 1883 1873 1873 1863
    1843 1833 1823 2908 2908 2908 2908 2908 2933 2908 2908 2908 2933 0 0
    0 0 0 1001 998 989 984 978 970 967 959 948 940 923 918 913 910 910
    908 908 908 910 910 910 910 910 913 913 915 918 920 920 920 920 923
    930 933 930 930 962 967 959 959 970 970 978 984 992 992 995 995 995
    995 1004 1004 1007 1016 2835 2835 2618 2618 2618 2639 2659 2639 2618
    2579 2579 2103 2078 2065 2053 2053 2040 2028 1981 1970 1959 1947
    1947 1959 1970 1970 1970 1970 1959 1959 1959 1970 1970 1970 1947
    1915 1915 1904 1904 1883 1873 1873 1863 1843 1833 1823 2908 2933
    2933 2933 2933 2933 2908 2908 2908 0 0 0 0 0 0 1001 992 984 978 973
    970 962 954 943 930 923 920 915 910 910 910 910 910 910 910 910 910
    910 913 913 915 918 918 918 918 920 920 923 925 925 928 930 933 948
    948 948 948 978 981 984 984 987 987 989 995 1004 1004 1007 1016 1028
    2883 2835 2618 2618 2659 2659 2639 2618 2598 2598 2090 2065 2065
    2040 2040 2016 2005 1981 1970 1959 1947 1947 1959 1970 1970 1970
    1970 1970 1970 1970 1970 1970 1970 1926 1915 1915 1894 1894 1883
    1873 1863 1853 1843 1833 1833 2908 2933 2933 2933 2933 2933 2933
    2933 0 0 0 0 0 0 1007 1001 989 984 978 973 967 962 948 940 930 925
    920 915 910 910 910 910 910 910 910 910 910 910 913 915 918 918 918
    918 918 920 920 923 923 923 925 925 928 928 930 930 930 930 930 984
    984 962 962 989 992 987 984 981 981 1016 1016 1010 1010 1016 1019
    1019 1019 2639 2598 2598 2090 2065 2053 2040 2028 2016 2005 1981
    1959 1959 1959 1959 1959 1970 1970 1981 1981 1981 1970 1970 1970
    1970 1959 1926 1915 1915 1894 1883 1873 1873 1863 1843 1843 1833
