<?xml version="1.0"?>
<opencv_storage>
<Depth8729 type_id="opencv-matrix">
  <rows>86</rows>
  <cols>48</cols>
  <dt>w</dt>
  <data>
    3120 3120 3120 1543 3064 3064 3064 1503 1489 1483 1483 1477 1470
    1470 1470 1452 1445 1445 1445 1445 3208 3208 3208 3208 3149 3149
    3149 3064 3064 3064 3120 3120 3120 3120 3208 3208 3208 3208 3208
    1421 1415 1415 1415 4139 4089 4041 4041 3994 4708 1543 1543 1543
    1536 1523 1496 1496 1489 1483 1483 1470 1470 1464 1458 1452 1445
    1445 1445 1445 1445 3208 3208 3208 1398 1398 1398 1398 1398 1398
    1398 1376 1376 1387 1392 1392 3208 3208 1421 1415 1415 1415 1415
    1415 1415 1421 3994 3994 0 0 1543 1543 1536 1516 1496 1489 1483 1483
    1477 1470 1464 1458 1458 1452 1439 1439 1433 1433 1433 1421 1421
    1410 1398 1398 1398 1398 1398 1398 1398 1376 1376 1387 1392 1392
    1392 1392 1398 1404 1410 1410 1410 1410 1421 1421 1421 3994 0 1529
    1543 1543 1529 1503 1496 1489 1483 1483 1477 1470 1464 1458 1458
    1445 1439 1433 1427 1421 1421 1415 1415 1410 1398 1398 1398 1398
    1392 1387 1381 1376 1376 1376 1381 1387 1381 1381 1381 1387 1392
    1398 1410 1410 1415 1415 1415 1415 1529 1529 1529 1529 1523 1503
    1496 1489 1483 1483 1477 1464 1464 1458 1458 1445 1439 1433 1427
    1421 1421 1415 1415 1404 1398 1398 1392 1392 1387 1376 1376 1370
    1370 1370 1376 1376 1376 1376 1376 1381 1387 1392 1410 1410 1415
    1415 1415 1415 0 1529 1529 1523 1516 1503 1489 1489 1483 1483 1477
    1464 1464 1458 1452 1445 1439 1433 1427 1421 1421 1415 1415 1404
    1398 1398 1392 1392 1387 1376 1376 1370 1365 1365 1370 1370 1376
    1376 1376 1381 1387 1392 1398 1404 1410 1415 1415 1415 0 1529 1523
    1523 1516 1503 1489 1489 1489 1483 1477 1470 1464 1458 1445 1445
    1439 1433 1427 1421 1421 1415 1415 1404 1398 1398 1392 1392 1387
    1376 1370 1370 1365 1365 1370 1370 1376 1376 1376 1381 1387 1392
    1398 1404 1410 1421 1421 1421 0 1529 1523 1523 1516 1503 1489 1489
    1489 1483 1477 1470 1464 1458 1445 1445 1439 1433 1427 1421 1421
    1415 1415 1410 1404 1398 1392 1387 1381 1376 1370 1365 1365 1365
    1365 1370 1376 1381 1381 1387 1387 1392 1398 1398 1404 1415 1421
    1421 0 1529 1529 1529 1509 1503 1489 1489 1489 1483 1477 1470 1464
    1458 1452 1445 1439 1433 1427 1421 1421 1415 1415 1404 1398 1398
    1392 1387 1381 1376 1365 1365 1359 1359 1359 1370 1370 1376 1381
    1387 1392 1392 1398 1398 1404 1415 1421 1421 0 1529 1529 1529 1509
    1503 1496 1489 1489 1483 1477 1470 1464 1458 1452 1445 1439 1433
    1433 1421 1421 1415 1415 1404 1398 1398 1392 1387 1381 1376 1365
    1359 1359 1359 1359 1365 1370 1376 1381 1387 1392 1392 1398 1398
    1404 1415 1421 1421 0 1529 1529 1529 1509 1503 1496 1489 1489 1483
    1470 1470 1464 1464 1452 1445 1439 1433 1433 1421 1421 1415 1415
    1410 1398 1398 1392 1387 1381 1376 1365 1359 1359 1359 1359 1365
    1370 1376 1381 1387 1392 1392 1398 1398 1404 1410 1415 1421 0 0 0
    1523 1509 1503 1496 1489 1489 1483 1470 1464 1464 1458 1452 1445
    1439 1433 1427 1421 1421 1415 1415 1410 1398 1398 1392 1387 1381
    1370 1365 1359 1359 1359 1359 1365 1370 1376 1381 1387 1392 1392
    1398 1398 1404 1410 1415 1421 0 0 0 1523 1509 1509 1496 1489 1483
    1483 1470 1464 1464 1458 1452 1445 1439 1433 1427 1421 1421 1415
    1415 1410 1398 1398 1392 1387 1381 1370 1365 1359 1359 1359 1359
    1370 1370 1376 1381 1387 1392 1392 1398 1398 1404 1415 1415 1415 0 0
    0 1516 1509 1509 1496 1489 1483 1483 1470 1464 1464 1458 1452 1445
    1439 1433 1427 1421 1421 1415 1415 1410 1398 1398 1392 1387 1381
    1370 1365 1359 1359 1359 1359 1370 1370 1376 1381 1381 1392 1392
    1398 1398 1404 1415 1415 1421 0 0 0 1516 1516 1509 1496 1489 1483
    1483 1470 1464 1464 1458 1452 1445 1439 1433 1427 1421 1421 1415
    1415 1404 1398 1398 1392 1387 1381 1370 1365 1359 1359 1359 1359
    1365 1370 1376 1381 1381 1387 1392 1398 1398 1404 1415 1415 1421 0 0
    0 1516 1516 1509 1496 1489 1483 1483 1477 1464 1464 1458 1452 1445
    1433 1433 1427 1421 1421 1415 1410 1404 1398 1392 1392 1387 1381
    1370 1365 1359 1359 1359 1359 1365 1370 1376 1376 1381 1387 1392
    1398 1404 1410 1410 1410 1415 0 1529 1523 1523 1516 1509 1496 1489
    1483 1483 1477 1470 1464 1458 1452 1445 1433 1433 1427 1421 1421
    1415 1410 1404 1398 1392 1392 1387 1376 1370 1365 1359 1359 1359
    1359 1365 1370 1376 1376 1381 1387 1392 1398 1404 1410 1410 1410
    1415 0 1529 1529 1523 1516 1509 1496 1489 1483 1483 1477 1470 1464
    1458 1452 1445 1433 1427 1421 1421 1421 1415 1410 1404 1398 1392
    1392 1387 1376 1370 1365 1359 1354 1354 1359 1365 1376 1376 1376
    1381 1387 1392 1398 1404 1410 1410 1410 1410 0 1529 1529 1523 1516
    1509 1496 1489 1489 1483 1477 1470 1464 1458 1452 1439 1433 1427
    1421 1421 1421 1415 1410 1404 1398 1398 1392 1387 1376 1365 1365
    1359 1354 1354 1359 1365 1370 1376 1376 1381 1387 1392 1398 1404
    1410 1410 1410 1410 0 1536 1529 1516 1509 1509 1503 1489 1489 1483
    1477 1464 1464 1458 1452 1439 1433 1427 1427 1421 1421 1421 1410
    1404 1398 1398 1392 1387 1376 1365 1365 1359 1354 1354 1359 1365
    1370 1376 1376 1381 1387 1392 1398 1404 1410 1410 1410 1410 1536
    1536 1516 1516 1509 1509 1503 1489 1489 1483 1470 1464 1464 1458
    1452 1439 1433 1427 1427 1421 1421 1415 1410 1404 1398 1398 1392
    1387 1376 1370 1359 1354 1354 1354 1359 1365 1370 1376 1376 1381
    1392 1398 1398 1404 1410 1410 1410 1410 1516 1516 1516 1516 1509
    1509 1503 1489 1489 1477 1470 1464 1464 1458 1452 1439 1433 1427
    1427 1421 1421 1415 1410 1404 1398 1398 1392 1387 1376 1370 1359
    1354 1354 1354 1359 1365 1370 1376 1376 1381 1392 1398 1398 1404
    1410 1415 1415 1415 0 1516 1516 1516 1509 1509 1503 1489 1489 1477
    1470 1464 1464 1458 1452 1439 1433 1433 1433 1427 1421 1415 1410
    1404 1398 1392 1392 1387 1376 1370 1365 1354 1354 1354 1359 1365
    1370 1376 1376 1387 1392 1398 1398 1404 1410 1415 1415 1415 1529
    1516 1516 1516 1509 1509 1503 1496 1489 1483 1470 1464 1464 1458
    1452 1439 1433 1433 1433 1427 1421 1415 1410 1404 1398 1392 1392
    1381 1376 1370 1365 1354 1354 1354 1359 1365 1370 1376 1381 1387
    1392 1398 1398 1404 1410 1415 1415 1415 1529 1529 1516 1516 1509
    1509 1503 1496 1489 1483 1470 1464 1464 1458 1445 1439 1433 1433
    1427 1427 1421 1415 1410 1404 1398 1392 1392 1381 1376 1370 1365
    1359 1359 1359 1359 1365 1370 1376 1376 1387 1392 1392 1398 1404
    1410 1415 1415 1415 0 1529 1523 1516 1509 1509 1503 1496 1489 1483
    1470 1464 1458 1458 1445 1439 1433 1427 1427 1415 1415 1415 1410
    1404 1398 1392 1392 1376 1376 1370 1365 1359 1359 1359 1359 1365
    1370 1376 1376 1381 1392 1392 1398 1404 1410 1415 1415 1415 0 1529
    1523 1516 1509 1509 1496 1489 1489 1483 1470 1464 1458 1458 1445
    1439 1433 1427 1427 1415 1415 1410 1410 1404 1398 1392 1387 1376
    1376 1370 1365 1359 1359 1359 1359 1365 1370 1376 1376 1381 1387
    1392 1398 1404 1410 1410 1410 1410 0 1536 1523 1516 1509 1509 1496
    1489 1489 1483 1470 1464 1464 1458 1445 1439 1433 1427 1427 1415
    1415 1410 1410 1404 1398 1392 1387 1376 1376 1370 1365 1359 1359
    1359 1359 1365 1370 1376 1376 1381 1387 1392 1398 1404 1410 1410
    1410 0 1529 1529 1523 1516 1509 1503 1503 1489 1489 1477 1477 1464
    1464 1458 1445 1439 1433 1427 1421 1415 1415 1410 1410 1398 1398
    1392 1387 1376 1376 1370 1365 1359 1354 1354 1359 1365 1365 1370
    1376 1387 1392 1392 1398 1404 1410 1410 1410 1421 1523 1523 1516
    1516 1509 1503 1496 1489 1483 1477 1470 1464 1464 1452 1445 1439
    1433 1427 1421 1415 1415 1415 1404 1398 1398 1392 1387 1376 1376
    1370 1365 1359 1354 1354 1359 1365 1365 1370 1376 1387 1392 1392
    1398 1404 1415 1415 1421 1421 1523 1523 1516 1509 1509 1503 1496
    1489 1483 1477 1470 1464 1464 1452 1445 1439 1433 1433 1421 1415
    1415 1410 1404 1398 1398 1392 1387 1376 1376 1370 1365 1359 1359
    1359 1359 1365 1365 1370 1381 1387 1392 1398 1398 1404 1415 1415
    1421 1421 1516 1516 1516 1509 1509 1503 1496 1489 1483 1477 1470
