<?xml version="1.0"?>
<opencv_storage>
<Depth15958 type_id="opencv-matrix">
  <rows>165</rows>
  <cols>67</cols>
  <dt>w</dt>
  <data>
    7492 0 0 0 0 0 0 7030 7030 7030 7030 7030 0 0 0 0 0 0 0 0 0 0 0 0 0
    0 0 734 730 723 723 722 722 722 722 723 725 725 728 728 730 730 730
    730 0 0 734 734 0 0 0 752 752 750 750 750 749 749 749 750 750 750 0
    0 0 0 0 7492 7492 7332 7332 7030 7030 7030 7030 7030 7030 7030 7030
    0 0 0 0 0 0 0 0 0 0 0 0 0 0 0 733 730 723 723 722 722 723 725 725
    727 727 728 728 727 727 728 728 730 731 734 734 734 0 0 0 752 750
    750 747 747 749 749 750 750 0 0 0 0 0 0 7332 7332 7332 7332 7030
    7030 7030 7030 7030 7030 7030 7030 0 0 0 0 0 0 0 0 0 0 0 0 0 0 736
    733 728 727 725 723 723 725 727 727 728 728 728 728 727 727 728 728
    730 730 731 733 733 733 733 733 752 750 750 746 746 747 747 749 747
    747 0 0 746 744 744 7332 7332 7332 7332 7332 7178 7178 7178 7178
    7030 7030 7030 0 0 0 0 0 0 0 0 0 0 0 0 742 736 736 733 728 727 725
    723 723 725 727 727 728 728 728 728 728 728 730 730 730 730 731 733
    733 733 733 736 744 744 744 744 744 744 744 744 744 744 744 746 744
    744 744 7332 7332 7332 7178 7178 7332 7178 7178 7178 7030 7030 7030
    0 0 0 0 0 0 0 0 0 0 0 0 742 736 736 733 727 725 725 723 723 723 725
    725 727 728 728 728 728 730 730 730 731 731 731 731 733 733 734 736
    739 741 742 742 742 742 742 742 742 742 742 744 744 744 744 7332
    7332 7332 7178 7178 7178 7178 7178 7178 7178 0 0 0 0 0 0 0 0 0 0 0 0
    0 0 742 736 734 731 727 725 725 723 723 723 723 725 727 728 728 728
    728 730 730 730 731 731 731 731 731 733 733 736 738 738 738 739 741
    741 741 742 742 742 742 742 742 742 744 7332 7492 7332 7332 7178
    7178 7178 7332 7332 0 0 0 0 0 0 0 0 0 0 0 0 0 0 0 736 736 731 730
    725 725 723 723 723 723 723 725 727 727 728 728 730 730 730 730 730
    731 731 731 731 733 733 736 738 738 738 739 741 741 741 742 742 742
    742 742 742 742 744 7332 7492 7332 7332 7332 7178 7178 7332 0 0 0 0
    0 0 0 0 0 0 803 803 802 802 802 0 757 730 730 728 725 725 723 723
    723 723 723 725 727 727 727 728 730 730 728 728 728 730 731 731 733
    734 734 736 736 736 736 738 739 742 742 742 742 742 742 742 742 742
    742 7332 7332 7332 7332 7332 7332 0 0 0 0 0 0 0 0 0 0 0 0 803 803
    802 800 800 800 757 757 730 725 723 723 723 723 723 723 725 725 727
    727 727 728 728 728 728 728 728 730 730 731 733 734 734 736 736 736
    736 738 739 742 742 742 742 742 742 742 742 742 742 7332 7332 7332
    7332 7178 7178 0 0 0 0 0 0 0 0 0 0 0 0 805 803 802 798 759 757 755
    755 730 723 723 723 723 723 723 723 725 725 727 727 727 727 728 728
    728 728 728 730 730 730 731 734 734 734 734 734 736 738 739 741 742
    742 742 742 742 742 742 742 742 7178 7178 7332 7332 7178 7178 0 0 0
    0 0 0 869 869 0 0 0 0 805 789 789 789 759 757 755 754 752 723 723
    723 723 723 723 725 725 725 725 725 727 727 728 728 728 728 730 730
    730 730 730 734 734 734 734 734 736 738 738 739 741 741 742 742 742
    742 742 742 742 7030 7030 7030 7030 7332 0 0 0 0 0 0 871 869 869 867
    856 856 856 789 789 783 780 759 757 755 752 749 723 723 723 723 723
    723 725 725 725 723 723 725 725 725 728 728 728 730 730 730 730 730
    733 733 734 734 736 736 738 738 739 741 741 742 742 742 742 742 741
    741 7030 7030 7030 7030 0 0 0 0 0 0 0 871 869 869 867 856 854 854
    854 789 783 780 766 761 755 750 746 723 723 723 723 723 725 725 725
    725 723 723 725 725 725 727 728 728 730 730 730 730 730 731 733 734
    734 736 738 738 738 738 739 741 741 742 742 741 741 741 741 7030
    7030 7178 0 0 0 0 0 0 0 0 871 871 869 867 858 854 825 790 789 785
    781 776 761 754 749 746 723 723 723 723 723 723 725 725 725 725 725
    725 725 727 727 727 728 728 730 730 730 730 731 733 734 736 736 738
    738 738 738 738 739 741 741 741 741 741 741 741 7030 0 0 0 0 0 0 0
    920 920 920 871 864 864 862 860 827 825 790 789 785 781 778 757 754
    749 744 723 723 723 722 722 723 723 725 725 725 725 725 725 725 725
    727 728 728 730 730 730 730 731 733 734 736 736 736 736 736 738 738
    738 739 741 741 741 741 741 741 0 0 0 0 0 0 0 928 920 920 918 918
    862 860 858 845 827 827 790 789 789 785 778 757 754 750 744 723 723
    723 722 722 722 723 723 723 723 725 725 725 725 725 727 728 728 730
    730 730 730 733 734 734 734 736 736 736 736 736 736 738 738 741 741
    741 741 741 741 0 0 0 0 0 0 938 928 923 923 918 918 862 856 851 841
    831 829 827 789 789 785 771 757 754 750 747 723 723 722 722 722 722
    722 723 723 723 723 725 725 727 727 727 728 728 728 728 728 730 733
    734 734 734 736 736 736 736 736 736 738 738 741 741 741 741 741 744
    0 0 0 0 0 943 938 933 933 928 928 928 856 856 839 837 831 829 827
    789 789 785 771 757 750 747 746 723 722 722 720 720 722 722 723 723
    723 723 723 725 727 727 728 728 728 728 728 728 733 733 734 734 734
    736 736 736 736 736 736 738 738 739 741 741 741 741 0 0 0 0 0 0 940
    938 935 933 933 891 891 889 845 839 837 833 829 827 790 789 783 771
    755 749 747 746 723 722 720 720 720 720 722 722 723 723 723 723 725
    727 727 727 728 728 728 728 728 731 731 734 734 734 736 736 736 736
    736 736 738 738 739 741 741 741 733 733 0 0 0 0 0 938 938 935 933
    933 891 889 889 845 841 839 829 829 827 790 789 783 773 750 749 746
    744 722 722 720 720 720 720 722 722 723 723 723 723 723 725 725 727
    727 728 728 728 728 730 731 733 734 734 736 736 736 736 736 736 738
    738 738 741 739 739 733 733 0 0 0 0 0 938 935 930 925 918 889 887
    887 845 843 843 829 827 827 787 785 781 774 750 749 746 744 722 722
    720 720 720 720 722 722 722 723 723 723 723 723 725 725 727 727 728
    728 730 730 731 731 733 733 734 734 736 736 736 736 736 738 738 739
    739 739 738 738 0 0 0 0 0 930 928 928 918 913 889 885 885 845 843
    843 829 825 787 785 785 776 773 752 749 746 744 723 722 720 720 720
    720 722 722 722 723 723 723 723 723 725 725 727 727 728 728 730 730
    731 731 731 733 734 734 736 736 736 736 736 738 738 739 739 739 738
    738 0 0 0 0 0 928 925 920 913 913 891 885 885 847 843 843 829 825
    787 785 783 774 757 754 749 746 744 722 722 720 720 720 720 720 722
    722 722 722 722 723 723 723 725 727 728 728 728 728 730 731 731 731
    733 734 736 736 736 736 736 736 738 738 739 739 739 738 738 0 0 0 0
    0 928 925 920 913 903 891 887 887 845 843 841 835 827 787 783 783
    771 757 755 752 747 744 720 720 720 720 720 720 720 722 722 722 722
    722 723 723 723 725 727 727 727 727 728 731 731 731 731 733 733 734
    734 734 736 736 736 736 738 739 739 738 738 738 0 0 0 0 0 930 930
    925 915 903 894 887 887 843 843 841 835 827 787 783 783 771 757 755
    754 749 744 720 720 720 720 720 720 720 722 722 722 722 722 722 723
    723 723 725 727 727 727 728 731 731 733 733 733 733 733 734 734 734
    736 736 736 738 739 739 738 738 738 0 0 0 0 0 930 930 925 915 903
    894 882 880 843 843 843 829 827 787 787 785 769 757 754 754 750 720
    719 719 719 719 720 719 719 720 720 720 722 722 722 723 723 723 725
    725 727 727 728 730 731 731 731 731 733 733 734 734 734 736 736 738
    739 741 739 738 738 738 0 0 0 0 0 928 925 920 915 910 906 878 875
    843 843 841 829 827 787 785 780 766 757 754 750 744 720 719 719 719
    719 720 719 719 720 720 720 722 722 722 723 723 723 725 725 727 727
    728 730 731 731 731 731 731 731 733 733 733 734 734 738 739 741 741
    738 738 0 0 0 0 0 0 928 925 920 915 910 880 878 875 843 841 839 835
    827 787 785 778 766 759 754 747 742 722 717 717 717 717 719 720 720
    720 720 720 722 722 722 722 723 723 725 725 727 727 728 730 730 731
    731 731 731 731 733 733 733 734 734 736 739 741 739 738 738 0 0 0 0
    0 0 928 925 920 915 910 880 878 878 878 837 837 829 827 785 785 778
    766 762 757 746 742 722 717 717 717 717 717 720 720 720 720 720 720
    722 722 722 723 723 723 723 725 727 728 730 730 730 731 731 731 731
    733 733 733 734 734 736 738 739 739 736 736 0 0 0 0 0 0 928 925 920
