<?xml version="1.0"?>
<opencv_storage>
<Depth9486 type_id="opencv-matrix">
  <rows>76</rows>
  <cols>32</cols>
  <dt>w</dt>
  <data>
    0 0 0 0 0 0 0 0 0 0 0 1268 1268 1268 1264 1264 1264 1255 1255 1245
    1245 1241 1236 1236 1250 1250 1250 1245 1245 1245 4041 4041 0 0 0 0
    0 0 0 0 1236 1236 1236 1236 1236 1236 1255 1250 1250 1255 1255 1245
    1245 1241 1236 1236 1241 1245 1241 1241 1232 1232 1232 4041 0 0 0 0
    0 0 0 0 1232 1232 1236 1232 1232 1232 1236 1236 1236 1236 1236 1236
    1236 1236 1236 1236 1236 1241 1241 1236 1232 1232 1232 1232 0 0 0 0
    0 0 0 1223 1223 1227 1227 1227 1227 1227 1227 1232 1232 1232 1232
    1232 1232 1232 1236 1232 1232 1236 1236 1236 1232 1232 1232 1232 0 0
    0 0 0 0 0 1223 1223 1227 1227 1227 1227 1227 1227 1232 1232 1232
    1232 1232 1232 1232 1232 1232 1232 1232 1236 1236 1232 1232 1232
    1232 0 0 0 0 0 0 0 1232 1227 1227 1227 1227 1227 1227 1227 1232 1232
    1232 1232 1232 1232 1232 1232 1232 1232 1232 1236 1236 1232 1232
    1232 1232 0 0 0 0 0 0 0 1236 1232 1227 1227 1227 1227 1227 1227 1232
    1232 1232 1232 1232 1232 1232 1232 1232 1232 1232 1236 1236 1232
    1232 1236 1236 0 0 0 0 0 0 0 1236 1232 1227 1227 1227 1227 1227 1227
    1232 1232 1232 1232 1232 1232 1232 1232 1232 1232 1232 1236 1236
    1232 1232 1236 1236 0 0 0 0 0 0 1278 1236 1232 1227 1227 1227 1227
    1227 1227 1232 1232 1232 1232 1232 1232 1232 1232 1232 1232 1232
    1232 1236 1232 1232 1236 1236 0 0 0 0 0 0 1278 1236 1227 1227 1227
    1232 1232 1232 1232 1232 1232 1232 1232 1232 1232 1232 1232 1232
    1232 1232 1232 1232 1232 1232 1232 1232 0 0 0 0 0 0 1283 1236 1227
    1227 1227 1232 1232 1232 1232 1232 1232 1232 1232 1232 1232 1232
    1232 1232 1232 1232 1232 1232 1232 1232 1232 1232 0 0 0 0 0 0 1283
    1236 1227 1227 1227 1232 1232 1232 1232 1232 1232 1232 1232 1232
    1232 1232 1232 1232 1232 1232 1232 1232 1232 1232 1232 1232 0 0 0 0
    0 0 1236 1236 1232 1227 1227 1227 1227 1232 1232 1232 1232 1232 1232
    1232 1232 1232 1232 1232 1232 1232 1232 1232 1232 1232 1232 1232 0 0
    0 0 0 0 1236 1236 1232 1227 1227 1227 1227 1227 1227 1227 1227 1232
    1232 1232 1232 1232 1232 1232 1232 1232 1232 1232 1232 1232 1232
    1232 0 0 0 0 0 0 1241 1236 1232 1227 1227 1227 1227 1227 1227 1227
    1227 1232 1232 1232 1232 1232 1232 1232 1232 1232 1232 1232 1232
    1236 1232 1232 0 0 0 0 0 0 1241 1236 1232 1227 1227 1227 1227 1227
    1227 1227 1227 1232 1232 1232 1232 1232 1232 1232 1236 1232 1232
    1232 1232 1236 1236 1236 0 0 0 0 0 0 1241 1236 1232 1227 1227 1227
    1227 1227 1227 1227 1227 1232 1232 1232 1232 1232 1232 1232 1236
    1232 1232 1232 1232 1236 1236 1236 0 0 0 0 0 0 1255 1236 1232 1232
    1227 1227 1227 1227 1227 1232 1232 1232 1232 1232 1232 1232 1232
    1232 1232 1232 1232 1232 1232 1232 1232 1232 0 0 0 0 0 0 1255 1236
    1232 1232 1227 1227 1227 1227 1227 1227 1232 1232 1232 1232 1232
    1232 1232 1232 1232 1232 1232 1232 1232 1232 1232 1232 0 0 0 0 0 0
    1255 1236 1232 1227 1227 1227 1227 1227 1227 1227 1232 1232 1232
    1232 1232 1232 1232 1232 1232 1232 1232 1232 1232 1232 1232 0 0 0 0
    0 0 1264 1255 1236 1232 1227 1227 1227 1227 1227 1227 1227 1232 1232
    1232 1232 1232 1232 1232 1232 1232 1232 1232 1232 1232 1232 1232 0 0
    0 0 0 0 1264 1241 1236 1232 1232 1227 1227 1227 1227 1227 1227 1227
    1232 1232 1232 1232 1232 1232 1232 1232 1232 1232 1232 1232 1232
    1232 0 0 0 0 0 1250 1250 1241 1236 1232 1232 1227 1227 1227 1223
    1223 1223 1227 1227 1227 1227 1227 1232 1232 1232 1232 1232 1232
    1236 1232 1232 1232 0 1392 1381 1376 1359 1250 1250 1241 1236 1232
    1227 1227 1227 1227 1223 1223 1223 1227 1227 1227 1227 1227 1232
    1232 1232 1232 1232 1232 1236 1232 1232 1236 0 1392 1381 1376 1349
    1333 1259 1241 1236 1232 1227 1227 1227 1227 1223 1223 1227 1227
    1232 1227 1227 1227 1232 1232 1232 1232 1232 1232 1236 1236 1232
    1232 0 1392 1381 1376 1349 1333 1333 1241 1232 1232 1227 1227 1227
    1227 1227 1227 1227 1227 1232 1227 1227 1227 1232 1232 1232 1232
    1232 1232 1236 1236 1232 1232 0 1398 1392 1392 1392 1392 1241 1241
    1232 1232 1227 1223 1223 1227 1227 1227 1227 1232 1232 1232 1227
    1227 1232 1232 1232 1232 1232 1232 1236 1236 1236 1236 0 1398 1398
    1398 1398 0 1236 1236 1232 1227 1223 1223 1223 1227 1227 1232 1232
    1232 1227 1227 1227 1227 1232 1232 1232 1232 1232 1232 1232 1236
    1236 1236 0 1404 1398 1398 1398 0 1236 1236 1227 1223 1223 1223 1223
    1227 1227 1232 1232 1232 1227 1227 1227 1227 1232 1232 1232 1232
    1232 1232 1232 1232 1236 1236 0 1404 1404 1404 1439 1439 1236 1236
    1227 1223 1223 1223 1223 1227 1227 1232 1232 1232 1227 1227 1227
    1227 1232 1232 1232 1232 1232 1232 1232 1232 1232 1232 1232 1445
    1421 1421 1439 1439 0 1236 1232 1227 1223 1223 1223 1227 1227 1232
    1232 1232 1227 1227 1227 1232 1232 1232 1232 1232 1232 1232 1236
    1232 1232 1232 1232 1445 1404 1404 1439 1439 1236 1236 1232 1227
    1227 1227 1227 1227 1227 1227 1232 1232 1232 1227 1227 1232 1232
    1227 1227 1232 1232 1232 1232 1232 1227 1227 1227 1445 1392 1392
    1392 1392 1236 1236 1232 1232 1227 1227 1227 1227 1227 1227 1227
    1227 1227 1227 1227 1232 1232 1227 1227 1232 1232 1232 1232 1232
    1227 1227 1227 1398 1392 1392 1392 0 1236 1236 1232 1232 1227 1227
    1227 1227 1227 1227 1227 1227 1227 1227 1227 1227 1232 1232 1232
    1232 1232 1232 1232 1232 1232 1232 1232 1398 1398 1398 1398 1359
    1236 1236 1232 1227 1227 1227 1227 1227 1227 1227 1227 1227 1227
    1227 1227 1227 1232 1232 1232 1232 1232 1232 1232 1232 1232 1232
    1232 1398 1392 1392 1359 1359 1241 1241 1232 1227 1227 1227 1227
    1227 1227 1223 1223 1227 1227 1227 1227 1227 1232 1232 1232 1232
    1232 1232 1232 1232 1232 1232 1232 1398 1392 1365 1354 1354 1241
    1241 1232 1227 1227 1227 1227 1227 1227 1223 1223 1227 1227 1227
    1232 1232 1232 1232 1232 1232 1232 1232 1232 1232 1232 1232 1232
    1398 1387 1365 1354 1354 1259 1241 1232 1227 1227 1227 1227 1227
    1227 1223 1223 1227 1227 1227 1232 1232 1232 1232 1232 1232 1232
    1232 1232 1232 1232 1232 1232 1398 1381 1370 1354 1354 1259 1241
    1232 1227 1227 1227 1227 1232 1227 1227 1227 1227 1227 1227 1232
    1232 1232 1232 1232 1232 1232 1232 1232 1232 1232 1236 1236 1398
    1381 1376 1359 1349 1264 1232 1232 1227 1227 1227 1227 1232 1232
    1227 1227 1227 1227 1227 1232 1232 1232 1232 1232 1232 1232 1232
    1232 1232 1232 1232 1232 1404 1392 1376 1359 1349 1264 1232 1232
    1227 1227 1227 1232 1232 1232 1227 1227 1227 1227 1227 1227 1227
    1227 1227 1232 1232 1232 1232 1232 1232 1232 1232 1232 1404 1392
    1376 1359 1359 1273 1236 1232 1227 1227 1227 1227 1227 1227 1227
    1227 1227 1227 1227 1227 1227 1227 1227 1232 1232 1232 1232 1232
    1232 1232 1232 1232 1410 1392 1370 1354 1338 1283 1236 1232 1227
    1227 1227 1227 1227 1227 1227 1227 1227 1227 1223 1223 1227 1227
    1227 1232 1232 1232 1232 1232 1232 1232 1232 1232 1410 1392 1365
    1354 1283 1268 1236 1232 1227 1227 1227 1227 1227 1227 1227 1232
    1232 1227 1223 1223 1227 1227 1227 1232 1232 1232 1232 1232 1232
    1232 1232 1232 1415 1392 1365 1354 1283 1259 1236 1232 1227 1227
    1227 1223 1223 1223 1227 1232 1232 1227 1227 1227 1227 1227 1227
    1232 1232 1232 1232 1232 1232 1232 1236 1236 1433 1421 1370 1359
    1283 1259 1236 1232 1227 1223 1223 1223 1223 1223 1227 1227 1232
    1232 1232 1232 1227 1227 1227 1227 1227 1227 1232 1232 1232 1232
    1236 1236 1439 1439 1439 1359 1312 1255 1236 1232 1227 1223 1223
    1227 1227 1227 1227 1227 1227 1232 1232 1232 1227 1227 1227 1227
    1227 1227 1232 1232 1232 1232 1236 1236 1439 1439 1439 1312 1312
    1255 1236 1232 1227 1223 1223 1227 1227 1223 1223 1227 1227 1232
    1232 1232 1232 1232 1232 1227 1227 1227 1227 1232 1232 1232 1232
    1232 0 0 0 1338 1317 1268 1236 1232 1227 1223 1223 1223 1223 1223
    1223 1223 1227 1227 1227 1227 1232 1232 1232 1227 1227 1227 1227
    1232 1232 1227 1227 1227 0 0 0 1338 1317 1259 1241 1232 1227 1227
