<?xml version="1.0"?>
<opencv_storage>
<Depth10296 type_id="opencv-matrix">
  <rows>51</rows>
  <cols>15</cols>
  <dt>w</dt>
  <data>
    3433 3365 3365 3365 3399 2579 2579 2560 2541 2503 2381 2381 2398
    2381 2381 3399 3365 3333 3333 3365 2579 2579 2560 2522 2450 2381
    2381 2398 2381 2381 3399 3365 3333 3333 3333 2598 2579 2560 2522
    2450 2415 2415 2398 2381 2381 3399 3365 3333 3333 3333 2579 2560
    2541 2503 2467 2432 2432 2398 2398 2381 3399 3365 3333 3333 2598
    2579 2560 2541 2485 2467 2467 2450 2415 2398 2381 3399 3365 3365
    3365 2598 2579 2560 2522 2485 2467 2467 2467 2415 2398 2398 3399
    3399 3365 3365 2598 2579 2560 2503 2485 2467 2467 2467 2432 2415
    2398 3399 3399 3365 2618 2618 2598 2560 2485 2467 2467 2450 2450
    2432 2415 2398 3399 3399 3365 2598 2598 2579 2541 2485 2467 2450
    2450 2450 2450 2415 2398 3365 3365 2598 2598 2598 2579 2541 2485
    2467 2450 2450 2450 2450 2415 2415 3365 3333 2598 2598 2579 2560
    2522 2485 2467 2467 2467 2467 2450 2432 2415 3333 3300 2618 2598
    2579 2560 2522 2485 2467 2467 2467 2467 2467 2450 2432 3333 2541
    2541 2598 2579 2541 2503 2485 2485 2467 2467 2467 2467 2450 2432
    3333 2541 2541 2579 2560 2541 2485 2467 2467 2467 2467 2467 2467
    2432 2415 3333 2541 2541 2560 2560 2541 2485 2467 2467 2467 2467
    2467 2467 2432 2415 3333 3300 2560 2560 2560 2541 2485 2467 2467
    2467 2467 2467 2467 2432 2415 3333 3333 2560 2560 2541 2541 2503
    2485 2467 2467 2467 2450 2450 2432 2415 3333 2579 2560 2560 2541
    2541 2503 2485 2485 2485 2467 2450 2450 2432 2415 3333 2560 2560
    2560 2560 2541 2485 2485 2485 2485 2485 2467 2450 2432 2415 3333
    2560 2560 2560 2560 2522 2485 2467 2467 2467 2467 2467 2450 2450
    2432 3333 2560 2560 2560 2541 2503 2485 2467 2467 2467 2467 2467
    2450 2450 2450 2560 2560 2579 2560 2541 2503 2485 2467 2467 2467
    2485 2467 2467 2467 2450 2560 2560 2560 2541 2522 2503 2503 2485
    2485 2485 2485 2485 2467 2450 2450 2579 2560 2560 2541 2522 2503
    2503 2503 2503 2503 2485 2485 2467 2432 2432 2579 2560 2541 2541
    2522 2522 2522 2522 2503 2503 2485 2485 2467 2415 2415 2579 2560
    2541 2522 2503 2503 2503 2503 2503 2503 2485 2485 2467 2415 2415
    2560 2560 2541 2522 2503 2503 2503 2503 2503 2503 2485 2485 2450
    2415 2415 2560 2560 2541 2522 2485 2485 2485 2485 2485 2503 2485
    2485 2432 2415 2415 2560 2560 2541 2522 2485 2485 2467 2467 2485
    2485 2485 2485 2432 2415 2415 2541 2560 2541 2503 2485 2485 2467
    2467 2485 2485 2485 2467 2450 2432 2432 2541 2560 2522 2503 2485
    2485 2485 2467 2467 2467 2467 2467 2450 2415 2415 2541 2541 2522
    2503 2485 2485 2467 2467 2467 2467 2467 2467 2450 2415 2415 2560
    2541 2522 2503 2485 2485 2467 2467 2467 2467 2467 2467 2450 2415
    2415 2560 2522 2522 2503 2503 2503 2485 2485 2467 2467 2467 2467
    2450 2415 2415 2541 2503 2503 2485 2467 2467 2467 2467 2467 2467
    2467 2467 2450 2415 2415 2522 2485 2485 2467 2467 2467 2467 2467
    2467 2467 2467 2450 2432 2398 2398 2522 2485 2485 2467 2467 2467
    2467 2467 2467 2467 2450 2432 2415 2381 2381 1333 2485 2467 2467
    2467 2467 2467 2467 2467 2467 2432 2432 2415 2381 2381 1328 2485
    2467 2467 2467 2467 2467 2467 2467 2467 2432 2432 2415 2415 2415
    1328 1328 2467 2467 2485 2467 2467 2467 2467 2467 2432 2432 2432
    2415 2415 1328 1328 2467 2467 2485 2467 2467 2467 2467 2467 2432
    2432 2432 2415 2415 1322 2467 2467 2467 2485 2467 2467 2467 2467
    2467 2450 2432 2415 2381 2381 1333 2467 2467 2467 2485 2485 2467
    2467 2467 2467 2450 2432 2398 2381 2381 1338 2467 2467 2467 2485
    2485 2467 2467 2467 2450 2450 2432 2381 2381 0 1343 2467 2467 2467
    2485 2485 2467 2467 2467 2450 2450 2415 2381 2381 0 1343 2467 2467
    2467 2467 2467 2467 2467 2467 2467 2450 2415 2415 0 0 1343 2467 2467
    2467 2467 2467 2467 2467 2467 2450 2450 2415 2415 0 0 1343 1343 2467
    2450 2450 2467 2467 2467 2467 2450 2450 2415 2415 0 0 1343 1343 2450
    2450 2450 2467 2467 2467 2450 2432 2415 2398 2398 0 0 1349 1349 2450
    2450 2450 2450 2467 2467 2450 2432 2415 2398 2398 0 0 1343 1343 1343
    2450 2450 2450 2467 2450 2450 2450 2398 2398 0 0 0</data></Depth10296>
</opencv_storage>
