<?xml version="1.0"?>
<opencv_storage>
<Depth4127 type_id="opencv-matrix">
  <rows>8</rows>
  <cols>21</cols>
  <dt>w</dt>
  <data>
    5933 5933 5832 5832 5734 5734 5734 5640 5640 5734 5734 5734 5734
    5640 5548 5548 5548 6259 6375 6497 6622 5640 5734 5734 5734 5734
    5734 5640 5640 5640 5640 5640 5640 5640 5548 5548 5460 5460 5460
    5460 6622 6622 5640 5734 5734 5734 5734 5734 5640 5640 5640 5548
    5548 5640 5548 5548 5548 5374 5374 5374 5374 5210 5132 5734 5734
    5734 5734 5734 5734 5640 5640 5640 5548 5548 5640 5548 5548 5460
    5374 5291 5210 5210 5210 5132 5734 5640 5640 5640 5640 5734 5734
    5734 5734 5640 5640 5640 5548 5548 5460 5460 5291 5210 5210 5132
    5132 5734 5640 5548 5548 5640 5734 5734 5734 5734 5734 5640 5640
    5548 5548 5460 5460 5291 5210 5210 5132 5132 5734 5640 5548 5548
    5640 5640 5832 5832 5832 5832 5832 5548 5548 5548 5460 5460 5460
    5210 5210 5132 5132 0 5640 5548 5548 5548 5548 6889 6889 7178 7178
    7178 5548 5548 5548 5460 5460 5460 5132 5132 5132 5056</data></Depth4127>
</opencv_storage>
