<?xml version="1.0"?>
<opencv_storage>
<Depth8689 type_id="opencv-matrix">
  <rows>71</rows>
  <cols>35</cols>
  <dt>w</dt>
  <data>
    0 0 0 0 0 0 0 0 0 0 1292 1288 1278 1259 1259 0 0 1255 1288 1288 1328
    1328 1317 1312 1312 1312 5460 5460 5374 5374 5374 5374 5132 5132
    5132 0 0 0 0 0 0 0 0 0 0 1292 1288 1259 1259 1259 1255 1255 0 0 1288
    1288 1297 1288 1278 1278 1278 1259 1255 1255 1255 1255 1255 0 5132
    5132 0 0 0 1398 1398 0 0 0 1219 1219 1223 1223 1232 1232 1245 1232
    1232 1245 1245 1236 1227 1227 1278 1250 1250 1250 1250 1255 1255
    1255 1255 1255 1255 1255 5210 0 0 1392 1387 1381 1381 0 0 1219 1219
    1219 1219 1219 1219 1223 1227 1227 1227 1227 1227 1227 1227 1232
    1232 1232 1245 1250 1250 1250 1250 1255 1255 1255 1255 5210 0 0 1392
    1381 1381 1381 1302 1302 1227 1223 1219 1214 1214 1214 1219 1223
    1223 1223 1223 1223 1227 1227 1227 1232 1232 1241 1245 1250 1250
    1250 1250 1250 1255 1259 0 0 0 1398 1370 1370 1328 1302 1302 1227
    1223 1219 1214 1214 1214 1214 1219 1223 1223 1223 1223 1227 1227
    1227 1232 1232 1236 1241 1245 1250 1250 1250 1250 1255 1259 1259 0 0
    0 1370 1370 1328 1317 1312 1227 1223 1219 1214 1214 1214 1214 1219
    1223 1223 1223 1223 1227 1227 1232 1232 1236 1236 1241 1245 1245
    1250 1250 1250 1255 1259 1259 0 0 1387 1376 1376 1328 1317 1312 1227
    1223 1219 1214 1214 1214 1214 1219 1223 1223 1223 1223 1227 1227
    1232 1232 1236 1236 1236 1245 1245 1250 1250 1255 1255 1259 1259 0
    1398 1387 1376 1365 1328 1322 1250 1232 1227 1219 1214 1214 1214
    1214 1219 1219 1219 1223 1227 1227 1227 1232 1241 1236 1236 1236
    1245 1245 1250 1250 1255 1255 1259 1259 0 1398 1387 1381 1359 1328
    1317 1245 1232 1227 1219 1214 1214 1214 1214 1214 1214 1219 1223
    1227 1227 1227 1227 1232 1236 1241 1241 1245 1245 1245 1250 1250
    1255 1259 0 0 1398 1387 1376 1359 1328 1259 1245 1232 1227 1219 1219
    1214 1214 1214 1214 1214 1219 1219 1223 1227 1227 1227 1232 1236
    1241 1241 1245 1245 1245 1250 1250 1250 1259 0 0 1398 1381 1370 1354
    1333 1259 1245 1232 1227 1223 1214 1214 1214 1214 1219 1219 1219
    1219 1223 1227 1227 1227 1232 1236 1236 1241 1245 1245 1245 1250
    1250 1250 1259 0 0 1398 1381 1359 1354 1333 1264 1245 1232 1227 1223
    1210 1210 1214 1214 1214 1219 1219 1219 1223 1227 1227 1227 1232
    1232 1236 1241 1245 1245 1245 1245 1250 1250 1255 0 1404 1404 1381
    1359 1354 1338 1268 1250 1241 1227 1214 1210 1210 1210 1214 1214
    1219 1219 1223 1223 1227 1227 1232 1232 1232 1236 1241 1245 1245
    1245 1245 1250 1250 1250 0 0 1404 1365 1359 1354 1338 1268 1250 1241
    1227 1214 1210 1210 1210 1210 1214 1219 1219 1223 1223 1227 1227
    1227 1232 1232 1236 1241 1245 1245 1250 1250 1250 1250 1250 0 0 1387
    1365 1359 1354 1338 1268 1259 1241 1227 1219 1210 1210 1210 1210
    1214 1219 1219 1223 1223 1227 1227 1227 1232 1232 1236 1236 1245
    1245 1250 1250 1250 1250 1250 0 0 1387 1370 1359 1354 1343 1283 1259
    1236 1227 1219 1210 1210 1210 1210 1214 1219 1219 1223 1223 1223
    1227 1227 1227 1232 1236 1236 1245 1245 1250 1250 1250 1250 1250 0 0
    1370 1370 1365 1354 1343 1268 1259 1236 1223 1219 1210 1210 1210
    1210 1214 1219 1219 1223 1223 1223 1227 1227 1227 1236 1236 1236
    1245 1245 1250 1250 1250 1250 1250 0 0 1381 1376 1365 1359 1359 1268
    1259 1227 1223 1214 1210 1210 1210 1214 1219 1219 1219 1219 1223
    1223 1227 1227 1232 1232 1236 1236 1245 1245 1245 1250 1250 1255
    1255 0 0 1381 1376 1365 1359 1359 1268 1259 1227 1223 1214 1214 1214
    1214 1214 1214 1214 1214 1219 1223 1227 1227 1227 1232 1232 1232
    1236 1245 1245 1245 1250 1250 1250 1250 0 1387 1376 1376 1359 1338
    1328 1317 1259 1232 1223 1214 1210 1210 1214 1214 1214 1214 1214
    1223 1223 1227 1227 1227 1232 1232 1232 1236 1245 1245 1245 1250
    1250 1250 1250 0 1387 1387 1381 1359 1338 1328 1264 1255 1232 1223
    1214 1210 1210 1214 1214 1214 1214 1223 1223 1223 1227 1227 1227
    1232 1232 1232 1236 1245 1245 1245 1250 1245 1245 1245 1250 0 1387
    1381 1359 1349 1328 1264 1250 1232 1223 1214 1210 1210 1214 1214
    1214 1214 1223 1223 1223 1227 1227 1227 1232 1232 1232 1236 1245
    1245 1245 1250 1245 1245 1250 1250 0 1387 1376 1359 1349 1328 1264
    1245 1236 1219 1214 1210 1210 1214 1214 1219 1223 1223 1223 1227
    1227 1227 1227 1227 1232 1232 1236 1241 1241 1245 1245 1250 1245
    1245 1245 0 0 1376 1359 1343 1322 1317 1245 1232 1214 1210 1210 1210
    1210 1214 1219 1219 1223 1223 1223 1223 1227 1227 1227 1232 1232
    1232 1241 1241 1245 1245 1250 1245 1245 1245 0 0 0 1359 1343 1312
    1312 1245 1232 1214 1210 1210 1210 1210 1214 1214 1219 1223 1223
    1223 1223 1227 1227 1227 1232 1232 1232 1241 1245 1245 1250 1250
    1250 1255 1255 0 0 1376 1359 1343 1312 1292 1245 1232 1219 1210 1210
    1210 1210 1214 1214 1223 1223 1223 1223 1227 1227 1227 1227 1232
    1236 1236 1245 1245 1245 1250 1250 1250 1255 1255 0 0 1376 1365 1343
    1312 1292 1292 1227 1219 1210 1210 1210 1210 1210 1219 1219 1223
    1223 1223 1227 1227 1227 1227 1232 1236 1241 1245 1245 1245 1250
    1250 1250 1250 1250 0 0 1381 1376 1354 1307 1297 1297 1227 1219 1210
    1210 1210 1210 1210 1219 1219 1223 1223 1223 1227 1227 1227 1227
    1236 1236 1241 1241 1241 1245 1245 1250 1245 1245 1245 0 0 1381 1376
    1349 1302 1292 1292 1223 1223 1214 1210 1210 1210 1210 1214 1219
    1223 1223 1227 1227 1227 1227 1232 1232 1236 1236 1241 1241 1245
    1245 1245 1245 1245 1245 0 0 1387 1376 1328 1302 1292 1227 1223 1223
    1214 1210 1210 1210 1210 1214 1219 1223 1223 1227 1227 1227 1227
    1227 1232 1232 1236 1245 1245 1245 1245 1245 1245 1245 1245 0 0 1381
    1381 1322 1322 1322 1227 1227 1223 1210 1210 1210 1210 1210 1219
    1219 1223 1223 1227 1227 1227 1227 1227 1232 1232 1236 1245 1245
    1245 1245 1245 1245 1245 0 0 1404 1381 1381 1322 1322 1365 1232 1227
    1223 1210 1210 1210 1210 1214 1219 1219 1223 1223 1227 1227 1227
    1227 1227 1232 1232 1241 1245 1245 1245 1245 1245 1245 1250 1250 0
    1398 1381 1365 1359 1359 1365 1236 1227 1223 1210 1210 1210 1210
    1219 1219 1223 1223 1223 1223 1223 1223 1227 1227 1232 1232 1241
    1241 1241 1241 1245 1250 1250 1250 1250 1398 1392 1381 1365 1359
    1359 1264 1245 1227 1219 1210 1210 1210 1210 1219 1219 1223 1223
    1223 1223 1223 1223 1227 1227 1232 1236 1241 1241 1241 1241 1250
    1250 1250 1250 0 1398 1387 1376 1349 1343 1343 1255 1245 1227 1219
    1214 1210 1210 1210 1214 1219 1223 1223 1223 1223 1223 1223 1227
    1227 1236 1241 1241 1241 1241 1245 1250 1250 1250 1250 1250 0 1387
    1376 1349 1338 1338 1255 1245 1227 1219 1210 1210 1210 1210 1214
    1219 1219 1223 1223 1223 1223 1223 1227 1232 1236 1236 1241 1241
    1241 1245 1250 1250 1250 1245 1245 0 1392 1381 1338 1328 1317 1259
    1250 1232 1223 1210 1210 1210 1210 1214 1219 1219 1219 1223 1223
    1223 1227 1227 1227 1232 1232 1232 1241 1241 1245 1250 1250 1250
    1245 1245 0 1404 1387 1338 1322 1317 1268 1245 1232 1223 1210 1210
    1210 1210 1219 1219 1219 1219 1223 1223 1227 1227 1227 1227 1232
    1232 1232 1241 1245 1250 1250 1250 1250 1250 1250 0 1404 1387 1343
    1322 1322 1273 1245 1227 1219 1214 1210 1210 1214 1219 1219 1219
    1219 1223 1223 1227 1227 1227 1227 1227 1232 1236 1241 1245 1245
    1250 1250 1236 1236 1245 0 1404 1387 1354 1338 1338 1278 1245 1227
    1219 1210 1210 1210 1214 1219 1219 1219 1219 1223 1223 1227 1227
    1227 1227 1227 1236 1236 1245 1245 1245 1245 1241 1236 1236 1245 0
    1387 1376 1354 1354 1354 1278 1250 1232 1219 1210 1210 1210 1214
    1214 1219 1223 1223 1223 1223 1223 1227 1227 1227 1227 1232 1241
    1245 1241 1241 1245 1241 1241 1245 0 0 1387 1376 1354 1354 1354 1250
    1250 1236 1214 1210 1210 1210 1214 1214 1219 1219 1223 1223 1223
    1223 1227 1227 1227 1227 1232 1236 1236 1241 1241 1245 1250 1245
    1245 0 0 1387 1376 1349 1349 1349 1245 1245 1236 1214 1210 1210 1210
    1210 1214 1219 1219 1223 1223 1227 1227 1227 1227 1227 1227 1232
