<?xml version="1.0"?>
<opencv_storage>
<Depth19674 type_id="opencv-matrix">
  <rows>49</rows>
  <cols>33</cols>
  <dt>w</dt>
  <data>
    4842 2198 2184 2184 2170 2156 2116 2116 2103 2103 2103 2103 2116
    2116 2129 2156 2156 2170 2170 2184 2184 2184 2184 2184 2184 2184
    2198 2198 2198 2198 2198 2198 4405 2226 2198 2184 2184 2156 2143
    2116 2116 2116 2116 2116 2116 2116 2116 2129 2143 2143 2143 2143
    2156 2170 2170 2184 2184 2184 2184 2198 2198 2198 2198 2198 2198
    4463 2198 2184 2184 2170 2143 2129 2116 2116 2116 2116 2116 2116
    2116 2116 2116 2143 2143 2143 2143 2143 2156 2170 2170 2170 2170
    2170 2184 2184 2184 2198 2198 2198 2198 2184 2184 2170 2170 2143
    2129 2116 2116 2116 2116 2116 2116 2116 2116 2116 2143 2143 2143
    2143 2143 2156 2156 2170 2170 2170 2170 2184 2184 2184 2198 2198
    2198 2198 2184 2184 2170 2170 2143 2116 2116 2103 2103 2103 2103
    2116 2116 2116 2116 2129 2143 2143 2143 2143 2156 2156 2170 2170
    2170 2170 2184 2184 2184 2184 2184 2184 2184 2184 2184 2170 2170
    2156 2116 2116 2103 2103 2103 2103 2116 2116 2116 2116 2129 2143
    2143 2143 2143 2156 2156 2170 2170 2170 2170 2184 2184 2184 2184
    2184 2184 2184 2184 2184 2170 2170 2156 2116 2116 2103 2103 2103
    2103 2116 2116 2116 2116 2129 2129 2143 2143 2156 2156 2156 2156
    2170 2170 2170 2184 2184 2184 2184 2184 2184 2184 2198 2184 2170
    2156 2143 2116 2116 2103 2103 2103 2103 2116 2116 2116 2116 2129
    2129 2129 2143 2143 2143 2143 2156 2156 2170 2170 2170 2170 2184
    2184 2184 2184 2184 2198 2184 2170 2156 2129 2116 2116 2116 2103
    2103 2103 2116 2116 2116 2116 2129 2129 2129 2143 2143 2143 2143
    2156 2156 2170 2170 2170 2170 2170 2184 2184 2184 2184 2212 2184
    2170 2156 2129 2116 2116 2116 2116 2116 2116 2116 2116 2116 2116
    2129 2129 2129 2143 2143 2143 2143 2143 2156 2170 2170 2170 2170
    2170 2184 2184 2198 2198 2184 2184 2170 2156 2143 2116 2103 2103
    2116 2116 2116 2116 2116 2116 2116 2129 2129 2129 2143 2143 2143
    2143 2143 2156 2156 2170 2170 2170 2184 2184 2184 2198 2198 2170
    2170 2170 2156 2143 2116 2103 2103 2103 2103 2103 2103 2103 2116
    2116 2129 2129 2143 2143 2143 2143 2143 2143 2143 2156 2170 2170
    2184 2184 2184 2184 2198 2198 2156 2170 2170 2156 2129 2116 2103
    2103 2103 2103 2103 2103 2103 2116 2116 2129 2129 2129 2143 2143
    2143 2143 2143 2143 2170 2184 2184 2184 2184 2184 2184 2184 2184
    2156 2170 2170 2156 2116 2116 2103 2103 2103 2103 2103 2103 2103
    2103 2116 2129 2129 2129 2129 2143 2143 2143 2143 2143 2170 2170
    2184 2184 2184 2184 2184 2184 2184 2156 2170 2170 2156 2116 2116
    2103 2103 2103 2103 2103 2103 2103 2103 2116 2129 2129 2129 2129
    2143 2143 2143 2143 2156 2170 2170 2184 2184 2184 2184 2184 2184
    2184 2170 2170 2170 2156 2116 2116 2103 2103 2103 2103 2103 2103
    2103 2103 2116 2129 2129 2129 2129 2143 2143 2143 2156 2156 2156
    2156 2170 2170 2184 2184 2184 2184 2184 2184 2184 2170 2156 2116
    2116 2103 2103 2103 2103 2103 2103 2103 2103 2116 2129 2129 2129
    2143 2143 2143 2143 2156 2156 2156 2156 2170 2170 2170 2170 2170
    2170 2170 2184 2184 2170 2156 2116 2103 2103 2103 2103 2103 2103
    2116 2103 2103 2116 2129 2129 2129 2129 2143 2143 2143 2143 2143
    2156 2156 2156 2170 2170 2170 2170 2170 2170 2184 2184 2170 2156
    2116 2103 2103 2103 2103 2103 2103 2116 2103 2103 2116 2129 2129
    2129 2129 2143 2143 2143 2143 2143 2156 2156 2156 2170 2170 2170
    2170 2170 2170 2198 2170 2156 2129 2116 2116 2103 2090 2090 2103
    2103 2103 2103 2103 2116 2116 2116 2129 2129 2143 2143 2143 2143
    2156 2156 2156 2156 2170 2170 2170 2170 2170 2170 2184 2170 2156
    2129 2116 2116 2103 2090 2090 2090 2090 2103 2103 2103 2103 2116
    2116 2129 2129 2129 2143 2143 2143 2156 2143 2143 2156 2156 2170
    2170 2170 2170 2170 2184 2170 2156 2129 2116 2116 2103 2090 2090
    2090 2090 2103 2103 2103 2103 2116 2116 2129 2129 2129 2143 2143
    2143 2143 2143 2143 2143 2156 2170 2170 2170 2129 2129 2184 2184
    2156 2129 2116 2116 2103 2090 2090 2103 2103 2103 2090 2090 2103
    2116 2129 2129 2129 2143 2143 2143 2143 2143 2143 2143 2143 2156
    2156 2156 2156 2129 2129 2198 2170 2156 2129 2116 2103 2090 2090
    2090 2090 2103 2103 2090 2090 2103 2116 2129 2129 2129 2143 2143
    2143 2143 2143 2143 2143 2143 2156 2156 2156 2156 2129 2129 4708
    2170 2156 2129 2116 2090 2078 2078 2090 2090 2103 2090 2090 2090
    2090 2116 2129 2129 2129 2143 2143 2143 2143 2143 2143 2143 2143
    2156 2156 2156 2156 2129 2129 2170 2156 2143 2129 2116 2090 2078
    2078 2090 2090 2090 2090 2090 2090 2090 2116 2129 2129 2129 2129
    2129 2129 2143 2143 2156 2143 2143 2156 2156 2156 2143 2129 2129
    2170 2156 2129 2129 2116 2103 2090 2090 2090 2090 2090 2090 2090
    2103 2103 2129 2129 2129 2129 2129 2129 2129 2143 2143 2143 2143
    2143 2156 2156 2156 2143 2129 2129 2170 2170 2129 2129 2116 2103
    2090 2090 2090 2090 2090 2090 2090 2103 2103 2116 2116 2129 2129
    2129 2129 2129 2143 2143 2143 2143 2143 2143 2156 2156 2170 2143
    2143 2184 2170 2143 2129 2116 2103 2103 2090 2090 2090 2090 2090
    2090 2103 2103 2116 2116 2129 2129 2129 2129 2129 2143 2143 2143
    2143 2143 2143 2156 2156 2156 2143 2143 2184 2170 2129 2129 2116
    2103 2090 2090 2090 2090 2090 2090 2090 2090 2103 2103 2103 2129
    2129 2129 2129 2129 2143 2129 2129 2143 2143 2156 2156 2156 2156
    2156 2156 2184 2170 2129 2129 2116 2103 2090 2090 2090 2090 2090
    2090 2090 2090 2103 2103 2103 2116 2129 2129 2129 2129 2143 2129
    2129 2143 2143 2156 2156 2156 2156 2170 2170 2170 2143 2129 2129
    2116 2103 2090 2090 2078 2078 2090 2090 2090 2090 2103 2103 2103
    2116 2129 2129 2129 2129 2143 2143 2143 2143 2143 2156 2156 2156
    2156 2156 2156 2170 2143 2129 2129 2116 2103 2090 2090 2078 2078
    2078 2090 2090 2103 2103 2116 2116 2116 2116 2129 2129 2129 2129
    2143 2143 2143 2143 2156 2156 2156 2143 2143 2143 2143 2143 2129
    2129 2116 2103 2090 2090 2078 2078 2078 2078 2090 2090 2090 2116
    2116 2116 2116 2129 2129 2129 2129 2143 2143 2143 2143 2143 2156
    2156 2143 2143 2143 2143 2143 2129 2129 2116 2103 2090 2078 2078
    2078 2078 2078 2078 2078 2078 2103 2103 2116 2129 2129 2129 2129
    2129 2129 2143 2143 2143 2143 2143 2143 2143 2143 2143 2143 2143
    2129 2129 2116 2090 2090 2078 2078 2078 2078 2078 2078 2078 2078
    2103 2103 2129 2129 2129 2129 2129 2129 2129 2143 2143 2143 2143
    2143 2143 2143 2143 2143 2143 2143 2129 2129 2116 2090 2090 2078
    2078 2078 2078 2078 2078 2078 2078 2103 2103 2129 2129 2129 2129
    2129 2129 2129 2129 2143 2143 2143 2143 2143 2143 2143 2143 2156
    2143 2129 2129 2103 2090 2090 2078 2078 2078 2078 2078 2078 2078
    2078 2090 2103 2116 2116 2129 2129 2129 2129 2129 2129 2143 2143
    2143 2143 2143 2143 2143 4190 2156 2143 2129 2129 2103 2090 2078
    2078 2078 2078 2078 2078 2078 2078 2078 2090 2103 2116 2116 2129
    2129 2129 2129 2129 2129 2143 2143 2143 2143 2143 2143 2143 2156
    2156 2143 2129 2116 2103 2090 2078 2078 2078 2078 2078 2078 2078
    2078 2090 2103 2103 2103 2116 2129 2129 2129 2129 2129 2143 2143
    2143 2143 2143 2143 2143 2143 2156 2156 2143 2129 2116 2103 2090
    2078 2078 2078 2065 2065 2078 2078 2078 2090 2103 2103 2103 2116
    2129 2129 2129 2129 2129 2143 2143 2143 2143 2143 2143 2143 2143
    2143 2143 2129 2129 2116 2103 2090 2078 2078 2078 2065 2065 2078
    2078 2078 2090 2090 2103 2103 2116 2116 2116 2129 2129 2129 2129
    2129 2143 2143 2143 2143 2143 2143 2143 2143 2129 2129 2116 2103
    2090 2078 2078 2078 2065 2065 2065 2078 2078 2078 2090 2103 2103
    2116 2116 2116 2129 2129 2129 2129 2129 2129 2143 2143 2143 2143
    2143 2143 2129 2129 2116 2116 2103 2090 2078 2078 2078 2065 2065
    2065 2078 2078 2078 2103 2103 2103 2103 2116 2116 2129 2129 2129
    2129 2129 2129 2143 2143 2143 2129 2129 2129 2129 2116 2116 2116
    2103 2090 2078 2065 2065 2065 2065 2065 2065 2065 2078 2103 2103
    2103 2103 2116 2116 2129 2129 2116 2116 2129 2129 2143 2143 2129
