<?xml version="1.0"?>
<opencv_storage>
<Depth10182 type_id="opencv-matrix">
  <rows>135</rows>
  <cols>39</cols>
  <dt>w</dt>
  <data>
    1381 1376 1376 1376 1376 1370 1370 1376 1370 1370 1063 1060 1060
    1060 1057 1054 1050 1050 1044 1041 1041 1038 1034 1034 1034 1034
    1034 1025 1025 1025 1025 0 0 0 0 0 0 0 0 1387 1387 1387 1387 1387
    1381 1381 1381 1387 1387 1060 1060 1060 1057 1057 1054 1050 1050
    1044 1041 1041 1038 1038 1038 1034 1034 1034 1025 1025 1025 1025 0 0
    0 0 0 0 0 0 1387 1387 1387 1387 1387 1381 1381 1381 1381 1060 1060
    1060 1060 1057 1057 1054 1050 1050 1044 1041 1041 1038 1038 1038
    1034 1034 1034 1028 1028 1025 1025 0 0 0 0 0 0 0 0 1392 1387 1387
    1387 1387 1381 1376 1376 1376 1060 1060 1060 1060 1057 1057 1057
    1050 1047 1044 1038 1038 1038 1034 1034 1034 1034 1031 1028 1028
    1031 1031 1034 0 0 0 0 0 0 0 1392 1387 1387 1387 1387 1376 1376 1376
    1376 1060 1060 1060 1060 1063 1060 1057 1050 1047 1044 1038 1038
    1038 1034 1034 1034 1028 1028 1028 1028 1034 1034 1034 0 0 0 0 0 0 0
    1387 1381 1381 1387 1387 1376 1376 1376 1376 1060 1060 1060 1060
    1063 1060 1057 1050 1047 1041 1038 1038 1038 1034 1034 1031 1028
    1028 1028 1028 1034 1038 1038 0 0 0 0 0 0 0 1387 1381 1381 1392 1387
    1381 1381 1381 1381 1067 1063 1063 1063 1060 1060 1057 1050 1047
    1041 1038 1038 1038 1038 1038 1031 1031 1031 1031 1031 1034 1038 0 0
    0 0 0 0 0 0 1392 1387 1387 1392 1392 1387 1387 1387 1387 1063 1063
    1063 1060 1060 1057 1054 1050 1044 1041 1038 1038 1038 1038 1038
    1034 1034 1034 1034 1034 1034 0 0 0 0 0 0 0 0 0 1392 1387 1387 1392
    1392 1392 1392 1392 1392 1063 1063 1063 1060 1060 1054 1050 1047
    1044 1041 1038 1038 1038 1038 1038 1038 1034 1034 1034 1034 1034
    1034 0 0 0 0 0 0 0 0 1404 1387 1387 1392 1392 1392 1392 1392 1392
    1063 1060 1060 1063 1057 1054 1050 1047 1044 1044 1041 1038 1038
    1038 1038 1038 1034 1034 1034 1034 1034 1034 0 0 0 0 0 0 0 0 1404
    1387 1387 1392 1392 1398 1398 1398 1063 1063 1060 1060 1063 1057
    1050 1050 1047 1047 1044 1041 1041 1038 1034 1028 1028 1031 1025
    1025 1031 1034 1034 0 0 0 0 0 0 0 0 0 0 0 0 0 0 1047 0 1067 1067
    1067 1060 1060 1054 1050 1050 1047 1044 1044 1041 1038 1038 1028
    1025 1022 1022 1022 1022 1031 1025 1025 0 0 0 0 0 0 0 0 0 0 0 0 0
    1044 1047 1041 1041 1038 1050 1050 1041 1041 1038 1034 1034 1034
    1041 1038 1038 1031 1028 1025 1022 1022 1022 1022 1019 1019 1019
    1016 1016 0 0 0 1001 1001 1001 0 0 0 0 1044 1044 1047 1041 1041 1038
    1034 1034 1038 1038 1034 1034 1028 1028 1028 1028 1028 1028 1025
    1022 1022 1022 1013 1013 1016 1013 1013 1013 1013 1013 1010 1007
    1001 1001 1001 0 0 0 1047 1044 1044 1047 1041 1041 1038 1034 1034
    1038 1038 1034 1034 1028 1028 1028 1028 1028 1025 1022 1022 1022
    1019 1013 1013 1013 1013 1013 1013 1013 1010 1010 1004 1004 1001
    1001 0 0 1047 1047 1047 1047 1044 1041 1041 1038 1038 1038 1038 1038
    1034 1034 1031 1031 1028 1028 1028 1025 1022 1022 1022 1019 1013
    1013 1013 1013 1013 1013 1010 1010 1010 1004 1004 1001 1001 0 0 1047
    1047 1047 1047 1044 1041 1041 1041 1038 1038 1038 1038 1034 1034
    1031 1028 1028 1028 1028 1025 1025 1022 1022 1019 1016 1016 1016
    1013 1013 1013 1010 1010 1007 1004 1004 1004 1001 0 1050 1047 1047
    1047 1047 1044 1041 1041 1041 1038 1038 1038 1034 1034 1034 1031
    1028 1028 1028 1025 1025 1025 1025 1022 1022 1019 1019 1016 1013
    1013 1013 1010 1010 1007 1004 1004 1004 1001 0 1050 1047 1047 1047
    1044 1044 1044 1041 1041 1038 1038 1038 1034 1034 1034 1034 1031
    1028 1025 1025 1025 1025 1025 1022 1022 1019 1019 1016 1013 1013
    1013 1010 1010 1007 1007 1007 1004 1004 0 1050 1047 1047 1047 1044
    1044 1044 1041 1041 1041 1038 1034 1034 1034 1034 1034 1031 1028
    1025 1025 1025 1025 1025 1022 1022 1019 1019 1016 1016 1013 1013
    1010 1010 1007 1007 1004 1004 1001 0 1047 1047 1047 1047 1047 1044
    1044 1041 1041 1041 1038 1034 1034 1034 1034 1031 1031 1028 1025
    1025 1025 1025 1025 1022 1022 1019 1019 1016 1013 1013 1013 1010
    1010 1007 1007 1004 1004 1001 0 1047 1047 1044 1044 1044 1044 1044
    1041 1041 1041 1038 1034 1034 1034 1031 1031 1031 1028 1028 1025
    1025 1025 1025 1022 1022 1019 1019 1016 1013 1013 1013 1010 1010
    1010 1007 1007 1004 1004 1050 1050 1047 1044 1044 1044 1044 1044
    1044 1044 1041 1038 1034 1034 1034 1031 1031 1031 1031 1028 1028
    1028 1025 1025 1022 1022 1022 1019 1016 1013 1013 1013 1013 1013
    1013 1010 1007 1007 1004 1050 1050 1047 1047 1047 1044 1044 1044
    1044 1044 1041 1038 1038 1038 1034 1034 1034 1031 1031 1031 1031
    1031 1028 1025 1025 1025 1025 1025 1022 1016 1016 1016 1019 1019
    1016 1013 1013 1016 1016 0 0 1047 1047 1050 1047 1047 1047 1047 1047
    1047 1044 1038 1038 1038 1034 1034 1034 1034 1041 1041 1038 1034
    1031 1031 1028 1028 1031 1028 1028 1022 1022 1025 1028 1031 1028
    1028 1034 1031 0 0 0 1057 1054 1050 1050 1063 1060 1060 1060 1057
    1054 1050 1050 1047 1047 1054 1054 1050 1050 1047 1044 1041 1038
    1038 1038 1041 1041 1038 1038 1034 1034 1034 1038 1038 1038 1038
    1038 0 0 0 1073 1067 1063 1063 1063 1063 1067 1063 1063 1060 1060
    1060 1060 1063 1063 1060 1060 1057 1057 1057 1057 1054 1050 1047
    1047 1044 1044 1044 1041 1041 1041 1041 1044 1044 1044 1044 0 0 0
    1073 1073 1073 1073 1073 1070 1070 1070 1067 1060 1060 1063 1063
    1067 1067 1063 1063 1063 1063 1063 1063 1060 1057 1050 1047 1047
    1047 1047 1047 1050 1050 1050 1050 1047 1047 1054 0 0 0 1077 1077
    1087 1087 1084 1077 1077 1067 1063 1063 1063 1067 1070 1073 1077
    1073 1073 1073 1073 1073 1067 1067 1060 1057 1050 1047 1047 1047
    1047 1050 1057 1060 1060 1057 1057 1063 0 0 1115 1101 1097 1097 1097
    1097 1097 1097 1067 1060 1057 1057 1060 1077 1090 1090 1090 1090
    1087 1087 1087 1084 1077 1063 1054 1047 1041 1041 1041 1041 1063
    1067 1073 1073 1063 1063 1067 0 1130 1115 1112 1105 1105 1105 1101
    1101 1101 1063 1060 1057 1057 1060 1105 1101 1101 1101 1097 1097
    1094 1094 1094 1094 1090 1054 1041 1038 1038 1038 1038 1084 1084
    1080 1080 1080 0 0 0 1130 1130 1119 1119 1112 1047 1047 1047 1050
    1063 1060 1060 1060 1060 1108 1105 1105 1101 1101 1101 1105 1105
    1101 1101 1101 1101 1041 1038 1038 1038 1038 1094 1094 1090 1090
    1090 0 0 0 0 0 0 0 1141 1047 1047 1047 1050 1060 1063 1060 1060 1060
    1060 1115 1112 1112 1115 1115 1115 1115 1112 1108 1108 1108 1041
    1038 1038 1038 1038 1097 1097 1101 1119 1119 967 0 0 0 0 0 0 0 1047
    1047 1047 1050 1057 1063 1063 1063 1060 1060 1060 1119 1119 1130 989
    989 1123 1119 1119 1115 1115 1041 1041 1041 1038 1038 1038 1112 1112
    1119 1119 967 967 0 0 0 0 0 0 1047 1047 1047 1050 1057 1063 1063
    1060 1060 1060 1060 978 975 987 987 987 1126 1119 1119 1115 1115
    1041 1041 1041 1041 956 956 956 956 956 943 943 951 0 0 0 0 0 984
    984 984 984 981 981 978 975 975 978 1060 1060 978 975 975 975 975
    973 967 967 964 959 959 959 959 1044 956 956 956 954 951 943 943 951
    0 0 0 0 0 984 984 984 984 981 981 978 975 975 978 978 978 978 975
    975 975 975 973 967 967 964 959 959 959 959 962 962 962 956 954 951
    951 951 954 0 0 0 0 987 987 987 987 987 984 981 978 978 978 978 978
    978 975 975 975 973 973 973 970 967 964 964 962 962 962 962 962 962
    959 956 956 956 956 954 0 0 0 0 987 987 989 987 987 987 981 978 978
    978 978 975 975 975 975 975 973 973 970 970 967 964 964 962 962 962
    959 959 962 962 962 959 959 956 954 0 0 0 0 0 987 987 987 987 987
    984 981 978 978 978 975 975 975 975 975 973 970 970 967 967 964 964
    962 962 959 959 959 959 959 959 956 956 956 951 0 0 0 0 0 987 987
    987 987 987 984 981 978 978 978 975 975 975 975 975 970 970 970 967
    967 967 967 964 962 959 959 959 959 959 959 956 956 956 951 2908 0 0
    0 0 987 987 987 987 987 984 984 981 978 975 975 975 975 975 975 970
    970 970 967 967 967 967 964 962 959 959 959 959 959 959 956 956 956
    951 2883 0 0 0 989 987 987 987 987 987 987 984 981 978 975 975 975
