<?xml version="1.0"?>
<opencv_storage>
<Depth9849 type_id="opencv-matrix">
  <rows>59</rows>
  <cols>118</cols>
  <dt>w</dt>
  <data>
    5374 5460 5460 5460 5460 1153 1145 1141 1141 1145 1145 1141 1141
    1141 1138 1138 1134 1130 1130 1130 1130 1126 1126 1130 1130 1138
    1130 1126 1126 1126 1126 1126 1126 1126 1126 1126 1130 1130 1130
    1123 1123 1123 1123 1126 1123 1123 1112 1112 1112 1112 1119 1115
    1115 1112 1112 1115 1115 1115 1119 1119 1115 1115 1112 1112 1115
    1115 1112 1112 1112 1112 1112 1112 1112 1112 1112 1112 1112 1108
    1108 1108 1108 1108 1112 1112 1108 1108 1108 1097 1097 1097 1097 0 0
    0 0 0 0 0 0 0 0 0 0 0 0 0 0 0 0 0 0 2349 2333 2333 2317 2241 2241
    2212 5374 5460 5460 1153 1153 1149 1141 1138 1134 1134 1134 1134
    1134 1134 1134 1130 1130 1126 1126 1126 1126 1126 1126 1126 1126
    1126 1126 1126 1126 1126 1123 1123 1123 1123 1123 1115 1115 1115
    1119 1115 1115 1115 1115 1115 1119 1112 1112 1108 1108 1108 1108
    1108 1108 1108 1108 1108 1108 1112 1112 1112 1112 1108 1108 1108
    1108 1112 1112 1112 1112 1112 1112 1112 1112 1112 1108 1108 1108
    1108 1105 1105 1105 1105 1105 1105 1101 1101 1097 1097 1097 1094
    1094 1094 0 0 0 0 0 0 0 0 0 0 0 0 0 0 0 0 0 0 2349 2349 2333 2333
    2317 2241 2241 2226 5374 5374 0 1149 1149 1145 1138 1134 1126 1123
    1123 1123 1123 1126 1126 1123 1123 1123 1123 1119 1119 1119 1119
    1119 1119 1115 1115 1115 1115 1115 1115 1115 1115 1115 1119 1112
    1108 1108 1112 1112 1105 1105 1108 1108 1108 1108 1108 1108 1108
    1108 1108 1105 1105 1101 1101 1105 1105 1105 1105 1101 1101 1101
    1101 1101 1101 1101 1101 1101 1101 1108 1108 1108 1105 1105 1105
    1101 1101 1101 1101 1097 1097 1097 1097 1097 1097 1097 1097 1097
    1097 1094 1094 1087 1087 0 0 0 0 0 0 0 0 0 0 0 0 0 0 0 0 0 2349 2349
    2333 2333 1044 1044 1047 1047 5374 0 0 1149 1149 1141 1123 1112 1112
    1112 1112 1115 1115 1115 1115 1115 1115 1115 1115 1115 1115 1115
    1115 1112 1112 1105 1105 1105 1108 1108 1108 1108 1108 1108 1101
    1101 1101 1101 1101 1105 1097 1097 1101 1101 1097 1097 1097 1094
    1094 1094 1094 1094 1094 1094 1094 1097 1097 1097 1094 1094 1094
    1097 1094 1094 1090 1090 1094 1094 1087 1087 1087 1087 1087 1087
    1094 1094 1090 1090 1090 1090 1090 1090 1090 1094 1087 1087 1087
    1087 1090 1087 1084 1080 1077 1077 0 0 0 0 0 0 0 0 0 0 0 0 0 0 0 0 0
    2349 2333 1038 1038 1038 1044 1047 0 0 0 1149 1149 1141 1105 1105
    1105 1105 1105 1101 1101 1105 1105 1105 1101 1101 1101 1101 1108
    1105 1101 1101 1101 1097 1097 1097 1097 1097 1097 1094 1094 1094
    1090 1090 1094 1097 1097 1094 1090 1090 1090 1090 1094 1094 1090
    1087 1084 1084 1084 1084 1087 1087 1087 1090 1087 1087 1087 1087
    1087 1087 1080 1077 1077 1084 1084 1084 1080 1080 1080 1077 1077
    1077 1077 1077 1073 1073 1080 1084 1084 1084 1084 1084 1080 1080
    1077 1077 1077 1077 1077 1073 1073 1073 0 0 0 0 0 0 0 0 0 0 0 0 0 0
    0 0 0 0 1038 1038 1038 1038 1041 1041 0 0 0 1153 1094 1094 1097 1097
    1097 1097 1097 1094 1094 1097 1097 1097 1094 1094 1094 1094 1094
    1094 1094 1094 1094 1090 1090 1090 1090 1090 1087 1087 1087 1087
    1084 1084 1090 1087 1087 1084 1084 1084 1080 1080 1080 1080 1084
    1080 1080 1080 1080 1080 1084 1080 1080 1080 1077 1077 1077 1077
    1077 1077 1073 1073 1073 1070 1070 1073 1073 1073 1073 1070 1067
    1067 1067 1067 1070 1070 1070 1070 1067 1067 1073 1070 1070 1067
    1063 1063 1067 1070 1070 1070 1067 1067 0 0 0 0 0 0 0 0 0 0 0 0 0 0
    0 0 0 1044 1044 1038 1038 1038 1038 1038 0 0 0 1153 1090 1090 1090
    1090 1090 1090 1090 1087 1087 1090 1087 1087 1087 1087 1087 1087
    1087 1087 1084 1084 1084 1084 1084 1084 1084 1084 1080 1080 1080
    1080 1080 1080 1080 1077 1077 1077 1077 1077 1073 1073 1073 1077
    1077 1077 1077 1077 1073 1073 1073 1070 1070 1070 1070 1070 1067
    1067 1067 1067 1070 1067 1063 1063 1060 1060 1063 1067 1067 1060
    1057 1057 1057 1057 1057 1060 1057 1057 1054 1054 1054 1057 1054
    1054 1060 1060 1060 1063 1063 1060 1060 1067 0 0 0 0 0 0 0 0 0 0 0 0
    0 0 0 0 0 1044 1044 1041 1038 1034 1034 1028 0 0 0 0 1077 1073 1070
    1070 1080 1080 1080 1077 1077 1080 1080 1080 1080 1084 1084 1084
    1084 1077 1077 1077 1073 1073 1077 1073 1073 1073 1070 1070 1070
    1070 1070 1070 1070 1070 1070 1070 1070 1067 1067 1067 1070 1070
    1070 1067 1067 1067 1067 1063 1060 1060 1060 1063 1063 1060 1060
    1060 1063 1063 1063 1063 1057 1057 1057 1057 1057 1057 1057 1054
    1054 1054 1050 1050 1050 1050 1047 1047 1047 1047 1047 1047 1047
    1047 1044 1044 1044 1044 1054 1054 1054 1054 0 0 0 0 0 0 0 0 0 0 0 0
    0 0 0 0 0 1041 1041 1041 1034 1028 1022 1019 0 0 0 0 1067 1063 1060
    1060 1060 1063 1063 1060 1060 1060 1070 1073 1073 1073 1077 1077
    1063 1063 1063 1063 1063 1067 1067 1067 1067 1067 1060 1060 1057
    1057 1057 1060 1063 1063 1060 1060 1057 1057 1060 1060 1060 1057
    1057 1057 1057 1057 1057 1054 1054 1054 1054 1054 1054 1057 1057
    1057 1057 1060 1060 1057 1054 1054 1054 1054 1050 1050 1050 1047
    1047 1047 1047 1044 1044 1044 1041 1041 1041 1041 1041 1044 1041
    1041 1034 1034 1034 1038 1038 1038 1038 1038 1044 0 0 0 0 0 0 0 0 0
    0 0 0 0 0 0 0 1038 1034 1034 1028 1022 1016 1013 0 0 0 0 1060 1054
    1054 1054 1054 1054 1057 1054 1054 1054 1054 1054 1050 1050 1057
    1057 1057 1057 1054 1054 1057 1057 1057 1057 1057 1054 1054 1054
    1050 1050 1050 1050 1054 1050 1050 1050 1050 1054 1047 1047 1047
    1047 1047 1047 1050 1047 1047 1047 1044 1044 1044 1041 1041 1041
    1044 1044 1034 1034 1034 1034 1034 1034 1041 1041 1041 1038 1038
    1038 1038 1038 1038 1038 1038 1038 1034 1034 1034 1034 1034 1031
    1031 1025 1025 1025 1025 1028 1034 1031 1031 1025 1022 1022 1025
    1025 0 0 0 0 0 0 0 0 0 0 0 0 0 1034 1034 1031 1025 1019 1013 1007 0
    0 0 1044 1044 1050 1050 1047 1047 1047 1047 1044 1044 1047 1047 1047
    1041 1041 1044 1044 1044 1041 1041 1047 1047 1047 1047 1047 1047
    1044 1044 1044 1044 1044 1044 1041 1041 1041 1041 1041 1041 1041
    1041 1041 1041 1041 1041 1038 1038 1038 1041 1041 1038 1038 1038
    1038 1034 1034 1031 1031 1031 1031 1031 1031 1031 1031 1025 1025
    1028 1028 1028 1028 1028 1028 1025 1025 1025 1025 1025 1025 1025
    1025 1025 1022 1022 1019 1016 1016 1016 1016 1016 1022 1022 1022
    1019 1019 1022 1019 1019 0 0 0 0 0 0 0 0 0 0 0 1047 1034 1034 1028
    1022 1016 1010 1004 0 0 0 1044 1044 1041 1038 1034 1034 1038 1038
    1038 1038 1038 1034 1034 1031 1031 1034 1034 1034 1031 1031 1031
    1031 1031 1031 1031 1038 1038 1034 1034 1034 1034 1034 1034 1034
    1034 1031 1031 1031 1031 1031 1034 1038 1034 1031 1028 1028 1031
    1028 1028 1025 1025 1028 1031 1028 1028 1025 1025 1025 1025 1028
    1028 1025 1022 1022 1022 1022 1025 1025 1025 1025 1022 1016 1016
    1013 1013 1013 1016 1016 1016 1016 1016 1016 1013 1010 1010 1010
    1007 1007 1007 1007 1010 1016 1016 1016 1010 1001 1001 0 0 0 0 0 0 0
    0 0 0 1047 1038 1034 1028 1022 1016 1007 1001 0 0 0 0 1034 1031 1031
    1025 1025 1025 1028 1028 1028 1025 1025 1025 1025 1028 1028 1028
    1028 1025 1025 1028 1028 1028 1025 1022 1022 1022 1022 1025 1028
    1028 1028 1028 1028 1028 1028 1028 1025 1025 1022 1022 1025 1025
    1025 1022 1022 1022 1022 1019 1016 1016 1019 1019 1022 1022 1022
    1019 1019 1019 1022 1019 1019 1016 1016 1016 1016 1019 1019 1016
    1016 1013 1010 1010 1010 1010 1010 1010 1010 1010 1010 1010 1010
    1007 1004 1004 1004 1004 1001 1001 1001 1004 1007 1010 1007 1001 998
    998 0 0 0 0 0 0 1031 1031 1031 1031 1034 1041 1038 1031 1025 1013
    1007 1001 0 0 0 1022 1022 1022 1022 1019 1019 1019 1019 1019 1019
    1019 1019 1019 1019 1019 1019 1019 1019 1019 1019 1019 1022 1019
    1019 1016 1016 1016 1016 1016 1010 1010 1010 1010 1022 1022 1022
    1022 1022 1019 1019 1019 1016 1016 1013 1013 1013 1016 1016 1013
    1010 1010 1013 1013 1013 1013 1013 1013 1013 1013 1010 1010 1010
    1010 1010 1010 1010 1010 1010 1010 1007 1004 1004 1004 1004 1004
