<?xml version="1.0"?>
<opencv_storage>
<Depth3187 type_id="opencv-matrix">
  <rows>6</rows>
  <cols>6</cols>
  <dt>w</dt>
  <data>
    5056 5056 5056 5056 5056 5056 5056 5056 5056 5056 5056 5056 5056
    5056 5056 5056 5056 5056 0 5056 5056 5132 5056 5056 5132 5132 5132
    5132 5056 5056 0 5132 5132 5132 5056 5056</data></Depth3187>
</opencv_storage>
