<?xml version="1.0"?>
<opencv_storage>
<Depth15502 type_id="opencv-matrix">
  <rows>38</rows>
  <cols>29</cols>
  <dt>w</dt>
  <data>
    2503 2541 2541 2560 2560 2579 2579 2579 2958 2958 2933 2933 2933
    2933 0 0 0 0 0 0 0 0 0 0 7332 7332 7030 7030 7332 2503 2522 2541
    2541 2541 2579 2579 2579 2908 2908 2933 2933 2933 2933 0 0 0 0 0
    2933 2933 2933 2933 2933 7178 7178 7030 7030 7332 2503 2522 2541
    2541 2541 2560 2560 2908 2883 2883 2908 2908 2933 2933 2908 2908
    2933 2933 2933 2908 2908 2908 2908 2908 6889 6889 7178 7178 7332
    2503 2503 2503 2522 2541 2560 2560 2859 2835 2835 2859 2859 2835
    2835 2908 2908 2908 2908 2908 2908 2908 2883 2883 2883 6889 6889
    7178 7178 7332 2503 2503 2503 2522 2522 2883 2883 2859 2835 2835
    2835 2835 2835 2835 2908 2908 2908 2908 2908 2908 2908 2883 2835
    2835 2835 7492 7492 7492 7492 2485 2485 2503 2812 2812 2835 2835
    2835 2859 2859 2835 2835 2859 2859 2883 2883 2883 2908 2908 2908
    2883 2883 2835 2835 2835 7492 7492 7492 7492 2485 2485 2812 2812
    2812 2835 2835 2835 2859 2859 2835 2835 2859 2859 2883 2883 2883
    2883 2883 2908 2883 2883 2835 2835 2835 7492 7492 7492 7492 2467
    2485 2812 2812 2812 2835 2835 2835 2859 2835 2835 2835 2859 2859
    2883 2859 2859 2859 2859 2883 2908 2908 2859 2859 2859 7492 7492
    7492 7492 2467 2883 2835 2812 2812 2835 2835 2835 2835 2835 2835
    2835 2859 2859 2859 2859 2859 2859 2859 2883 2883 2908 2908 2908
    2908 2908 7492 7332 7332 2908 2883 2835 2812 2812 2835 2835 2835
    2835 2835 2835 2835 2835 2859 2859 2859 2859 2859 2859 2883 2883
    2908 2908 2908 2908 2908 7332 7332 7332 2908 2883 2835 2812 2812
    2835 2835 2835 2835 2835 2835 2835 2835 2859 2859 2883 2859 2859
    2859 2859 2883 2908 2908 2908 2908 2908 7332 7332 7332 2908 2883
    2835 2812 2812 2812 2812 2835 2835 2835 2835 2835 2859 2859 2859
    2883 2859 2859 2859 2859 2883 2908 2908 2908 2908 2908 2908 7492
    7492 2908 2883 2835 2812 2812 2812 2812 2835 2835 2835 2835 2835
    2859 2859 2859 2883 2883 2883 2859 2859 2883 2908 2908 2908 2908
    2908 2908 7492 7492 2883 2883 2835 2812 2812 2812 2812 2835 2835
    2835 2835 2835 2859 2859 2859 2883 2883 2883 2883 2883 2883 2908
    2908 2908 2908 2908 2908 7492 7492 2883 2883 2859 2812 2812 2812
    2812 2835 2835 2835 2835 2835 2835 2859 2859 2859 2883 2883 2883
    2883 2883 2908 2908 2908 2908 2908 2908 7492 7492 2883 2883 2859
    2835 2835 2812 2812 2835 2835 2835 2835 2835 2835 2859 2859 2859
    2883 2883 2883 2883 2883 2908 2908 2908 2908 2908 2908 2908 7332
    6497 2883 2883 2835 2835 2835 2835 2835 2835 2835 2835 2835 2835
    2859 2859 2859 2859 2883 2883 2883 2908 2908 2908 2908 2908 2908
    2908 2908 7332 6497 2883 2883 2859 2835 2835 2835 2835 2835 2835
    2835 2835 2835 2835 2859 2859 2859 2883 2883 2883 2883 2908 2908
    2908 2908 2908 2908 2908 7178 2883 2883 2883 2859 2859 2835 2835
    2812 2812 2812 2835 2835 2835 2835 2859 2859 2883 2859 2859 2859
    2883 2883 2908 2908 2908 2883 2883 2883 7178 2883 2883 2883 2859
    2835 2835 2835 2812 2812 2812 2835 2835 2835 2835 2835 2859 2859
    2859 2859 2859 2883 2883 2908 2908 2908 2883 2835 2835 7332 6622
    2883 2883 2859 2835 2835 2835 2835 2835 2812 2812 2835 2835 2835
    2835 2859 2859 2859 2859 2859 2883 2883 2908 2908 2908 2883 2835
    2835 2835 6622 2908 2883 2883 2859 2835 2835 2835 2835 2812 2812
    2835 2835 2835 2835 2835 2859 2883 2883 2883 2883 2883 2908 2908
    2908 2883 2859 2859 2859 6497 2908 2908 2883 2883 2835 2835 2812
    2812 2812 2812 2835 2835 2835 2835 2835 2859 2883 2883 2883 2883
    2883 2908 2908 2908 2883 2859 2859 2859 6375 2908 2908 2883 2883
    2835 2835 2812 2812 2812 2812 2835 2835 2835 2835 2835 2859 2883
    2883 2883 2883 2883 2908 2908 2908 2908 2883 2883 2883 6375 2908
    2908 2883 2883 2835 2835 2835 2812 2812 2812 2835 2835 2835 2835
    2835 2859 2883 2859 2859 2859 2859 2883 2908 2908 2908 2883 2883
    2883 6259 2908 2883 2883 2883 2859 2835 2835 2812 2812 2812 2835
    2835 2835 2835 2835 2859 2883 2859 2859 2859 2859 2883 2908 2908
    2908 2883 2859 2859 6038 6038 2883 2883 2883 2859 2835 2835 2812
    2812 2835 2835 2835 2835 2835 2835 2859 2859 2859 2859 2859 2859
    2883 2908 2908 2908 2883 2859 2859 5933 5933 2883 2883 2883 2859
    2835 2835 2835 2835 2835 2835 2835 2835 2835 2835 2835 2859 2859
    2859 2859 2859 2859 2883 2883 2883 2883 2859 2859 5933 5933 2883
    2883 2883 2859 2859 2835 2835 2835 2835 2835 2835 2835 2835 2835
    2835 2859 2859 2859 2859 2859 2859 2883 2883 2883 2883 2859 2835
    5832 5933 5933 2883 2883 2883 2859 2835 2835 2835 2812 2812 2835
    2835 2835 2835 2835 2835 2859 2859 2859 2859 2859 2883 2883 2883
    2883 2859 2835 5832 5832 5832 2883 2883 2883 2859 2835 2835 2835
    2812 2812 2835 2835 2835 2835 2835 2835 2859 2859 2859 2859 2859
    2883 2883 2883 2883 2883 2859 5832 5832 5832 2908 2908 2908 2859
    2835 2835 2812 2812 2812 2835 2835 2835 2835 2835 2835 2859 2859
    2859 2859 2883 2883 2883 2883 2883 2883 2908 5832 5832 5832 2908
    2908 2908 2883 2835 2835 2812 2812 2812 2835 2835 2835 2835 2835
    2859 2859 2859 2859 2859 2883 2859 2859 2859 2883 2883 2908 5832
    5734 5734 5734 2933 2908 2883 2859 2835 2835 2812 2812 2835 2835
    2835 2835 2835 2859 2859 2859 2859 2859 2883 2859 2859 2859 2883
    2883 2908 5832 5734 5734 5734 2958 2933 2908 2859 2835 2835 2812
    2812 2835 2835 2835 2835 2835 2859 2835 2835 2835 2835 2835 2883
    2883 2883 2883 2908 2908 5832 5832 5832 5933 2958 2933 2908 2883
    2835 2835 2812 2812 2812 2812 2812 2835 2835 2859 2835 2835 2835
    2835 2835 2883 2883 2883 2908 2908 0 5832 5832 5832 5832 2958 2933
    2908 2908 2835 2835 2812 2812 2812 2812 2812 2835 2835 2859 2859
    2835 2835 2835 2835 0 0 0 0 0 0 5832 5832 5832 5832 5832 2933 2933
    2908 2859 2835 2812 2812 2812 2812 2812 2835 2908 2908 2908 2835
    2835 0 0 0 0 0 0 0 0</data></Depth15502>
</opencv_storage>
