<?xml version="1.0"?>
<opencv_storage>
<Depth9901 type_id="opencv-matrix">
  <rows>77</rows>
  <cols>70</cols>
  <dt>w</dt>
  <data>
    4089 4041 4041 3994 3994 3994 3994 3994 3994 3994 3948 3948 3994
    3948 3948 3948 3903 3903 3903 1639 1639 1624 1624 1616 1616 1616
    1616 1624 1624 3948 3903 3903 3903 3859 3859 3816 3816 3859 3816
    3816 3816 3816 3774 3774 3774 3774 3774 3774 3774 3774 3774 3774
    3774 3774 3774 3774 3774 3732 3732 3732 3732 3692 3692 3692 3732
    3732 3692 3692 3692 3653 4041 4041 4041 4041 4041 4041 4041 3994
    3994 3994 3948 3948 3994 3948 3948 3948 3948 3948 3903 1639 1632
    1616 1616 1616 1616 1616 1616 1616 1616 1616 3903 3903 3903 3859
    3859 3816 3816 3816 3816 3816 3816 3816 3774 3774 3774 3774 3774
    3774 3774 3774 3774 3774 3774 3774 3774 3774 3774 3732 3732 3732
    3692 3692 3692 3692 3692 3692 3692 3692 3692 3653 4041 4041 4041
    4041 4041 4041 4041 3994 3994 3994 3948 3948 3948 3948 3948 3948
    3903 3903 1639 1624 1616 1609 1609 1609 1609 1609 1609 1609 1609
    1609 1609 1609 3903 3859 3816 3816 3816 3816 3816 3816 3816 3816
    3774 3774 3774 3774 3774 3774 3774 3774 3774 3774 3774 3774 3774
    3774 3774 3732 3732 3692 3692 3692 3692 3692 3692 3692 3692 3692
    3653 3653 4041 4041 4041 4089 4041 3994 3994 3994 3994 3994 3948
    3948 3948 3948 3948 3948 3903 3903 1632 1616 1609 1594 1594 1594
    1594 1594 1594 1594 1594 1594 1601 1601 1601 3859 3816 3774 3774
    3816 3816 3816 3816 3816 3816 3816 3816 3816 3774 3774 3774 3774
    3774 3774 3774 3774 3774 3774 3732 3732 3732 3692 3692 3692 3692
    3692 3692 3653 3653 3653 3653 3653 4041 4041 4089 4041 4041 3994
    3994 3994 3948 3948 3948 3948 3948 3948 3903 3903 3948 3948 1616
    1601 1594 1594 1594 1594 1594 1594 1594 1594 1594 1594 1594 1601
    1601 1601 1594 1594 3774 3816 3816 3816 3816 3816 3816 3816 3816
    3816 3774 3774 3774 3774 3774 3774 3774 3774 3774 3774 3732 3732
    3692 3692 3653 3653 3653 3653 3653 3653 3653 3653 3653 3653 4041
    4041 4041 3994 3994 3994 3994 3994 3948 3948 3948 3948 3948 3948
    3903 3903 3903 1586 1586 1586 1586 1586 1586 1586 1586 1586 1586
    1594 1594 1594 1594 1594 1594 1594 1594 1594 1594 3816 3816 3816
    3816 3816 3816 3816 3816 3816 3774 3774 3774 3774 3774 3774 3774
    3774 3732 3732 3732 3692 3692 3692 3653 3653 3653 3653 3653 3653
    3653 3653 3653 3653 4041 4041 4041 3994 3994 3994 3948 3948 3948
    3948 3948 3948 3948 3948 3948 3948 3948 1572 1572 1572 1572 1572
    1572 1579 1586 1586 1586 1586 1594 1594 1594 1594 1594 1594 1594
    1594 1594 1594 3859 3816 3816 3816 3816 3816 3816 3774 3774 3774
    3774 3774 3774 3774 3732 3732 3732 3732 3692 3692 3692 3692 3653
    3653 3653 3653 3653 3653 3653 3653 3653 3653 4041 4041 4041 3994
    3994 3994 3948 3948 3948 3948 3948 3948 3948 4190 4190 1564 1564
    1564 1564 1564 1564 1564 1564 1564 1579 1579 1586 1586 1586 1586
    1594 1586 1586 1586 1594 1594 1594 1586 1586 3816 3816 3816 3816
    3816 3774 3774 3774 3774 3774 3774 3774 3774 3732 3692 3692 3732
    3692 3692 3692 3692 3653 3653 3653 3653 3653 3653 3653 3653 3653
    3653 4041 4041 4041 3994 3994 3994 3948 3948 3948 3948 3948 3948
    3948 4190 4190 1550 1550 1550 1557 1564 1564 1564 1564 1564 1572
    1572 1579 1579 1579 1586 1586 1586 1586 1586 1594 1594 1594 1586
    1586 1586 3816 3816 3774 3774 3774 3774 3774 3774 3774 3774 3774
    3774 3732 3692 3692 3732 3732 3692 3692 3692 3653 3653 3653 3653
    3653 3653 3653 3692 3653 3653 4041 4041 4041 3994 3994 3948 3948
    3948 3903 3903 3903 3948 3948 1536 1536 1536 1536 1543 1557 1557
    1557 1557 1557 1557 1564 1564 1572 1572 1572 1572 1586 1586 1586
    1586 1594 1594 1594 1594 1586 1586 1586 3816 3774 3774 3774 3774
    3774 3774 3774 3774 3774 3774 3732 3732 3732 3732 3732 3732 3692
    3692 3653 3653 3653 3653 3653 3653 3653 3653 3653 3653 4041 3994
    3994 3994 3994 3948 3948 3948 3903 3859 3859 3948 3948 1536 1536
    1536 1536 1543 1543 1550 1550 1557 1557 1557 1557 1564 1564 1564
    1572 1572 1579 1579 1579 1579 1586 1594 1594 1594 1586 1586 1586
    3816 3774 3774 3774 3774 3774 3774 3774 3732 3732 3732 3732 3732
    3732 3692 3692 3732 3692 3692 3653 3653 3653 3653 3653 3653 3653
    3653 3653 3653 3994 3994 3994 3948 3948 3994 3948 3948 3903 3859
    3859 3859 1523 1536 1536 1536 1536 1536 1543 1550 1550 1550 1550
    1550 1557 1557 1557 1564 1564 1564 1564 1564 1572 1572 1586 1586
    1586 1594 1586 1586 1586 3816 3774 3774 3774 3774 3774 3774 3774
    3732 3732 3732 3732 3732 3732 3692 3692 3692 3692 3692 3692 3653
    3653 3653 3653 3653 3653 3653 3653 3653 3994 3994 3994 3948 3948
    3994 3948 3948 3903 3903 3903 1523 1523 1523 1529 1529 1536 1536
    1536 1543 1543 1543 1550 1550 1550 1557 1557 1557 1564 1564 1564
    1564 1564 1564 1572 1579 1579 1579 1579 1586 1586 1586 1586 3774
    3774 3774 3774 3774 3774 3732 3732 3774 3732 3732 3732 3692 3692
    3692 3692 3692 3692 3653 3653 3653 3653 3653 3653 3653 3653 3653
    3948 3948 3948 3948 3994 3994 3994 3994 3994 3994 1523 1523 1523
    1523 1529 1529 1529 1529 1529 1536 1536 1536 1543 1543 1543 1543
    1550 1557 1557 1557 1557 1557 1557 1564 1572 1572 1572 1572 1572
    1579 1579 1579 1579 1579 3816 3774 3774 3774 3774 3732 3732 3774
    3732 3732 3692 3692 3692 3692 3692 3692 3692 3653 3653 3653 3653
    3653 3653 3653 3653 3653 3948 3948 3948 3948 3994 3994 3994 3994
    4041 4041 1523 1523 1523 1523 1523 1523 1523 1529 1529 1529 1536
    1536 1536 1536 1536 1536 1543 1543 1543 1550 1550 1550 1557 1557
    1564 1564 1564 1564 1572 1572 1572 1572 1572 1572 1572 1572 3774
    3774 3732 3732 3732 3732 3732 3732 3692 3692 3692 3692 3692 3692
    3692 3653 3653 3653 3653 3614 3614 3653 3653 3653 3948 3948 3994
    3994 3994 3994 3994 3994 1503 1496 1496 1509 1516 1516 1523 1523
    1523 1523 1523 1529 1529 1529 1529 1536 1536 1536 1536 1536 1536
    1536 1543 1543 1550 1550 1564 1564 1564 1564 1572 1572 1572 1572
    1572 1572 1572 1572 1579 3774 3732 3732 3732 3732 3732 3732 3692
    3692 3692 3692 3692 3692 3692 3653 3653 3653 3653 3614 3614 3653
    3653 3653 3948 3948 3994 3994 3994 4041 4041 1503 1503 1496 1496
    1496 1503 1503 1509 1509 1516 1523 1523 1523 1523 1523 1529 1529
    1529 1529 1529 1529 1529 1536 1536 1536 1543 1543 1557 1557 1557
    1557 1564 1564 1572 1572 1572 1572 1572 1572 1572 1572 1572 3732
    3732 3732 3732 3692 3692 3692 3692 3692 3692 3692 3692 3692 3653
    3653 3653 3653 3653 3653 3653 3653 3994 3948 3948 3994 3994 3994
    1509 1489 1489 1489 1489 1496 1496 1496 1503 1509 1509 1509 1509
    1509 1509 1516 1523 1523 1523 1523 1529 1529 1529 1529 1529 1529
    1536 1536 1557 1557 1557 1557 1557 1557 1564 1564 1564 1564 1572
    1572 1572 1572 1572 1572 3732 3732 3732 3692 3692 3692 3692 3692
    3692 3692 3692 3653 3653 3653 3653 3653 3653 3653 3653 3653 3948
    3948 3948 3948 3948 1509 1509 1509 1489 1489 1489 1489 1496 1496
    1496 1503 1503 1503 1503 1503 1503 1509 1509 1509 1509 1516 1523
    1523 1523 1529 1529 1529 1536 1536 1550 1550 1550 1557 1557 1557
    1557 1564 1564 1564 1572 1572 1572 1564 1564 1564 1564 3774 3732
    3692 3692 3692 3692 3692 3692 3692 3692 3653 3653 3653 3653 3653
    3653 3653 3653 3653 3948 3948 3948 3948 0 1516 1509 1509 1489 1489
    1489 1489 1489 1489 1489 1489 1496 1503 1503 1503 1503 1503 1503
    1503 1503 1503 1509 1509 1516 1516 1523 1529 1529 1529 1536 1536
    1543 1550 1550 1550 1550 1557 1557 1557 1564 1564 1564 1564 1564
    1564 1564 1564 3732 3692 3692 3692 3692 3692 3692 3692 3692 3653
    3653 3653 3653 3653 3653 3653 3653 3653 3948 4089 4089 1536 1536
    1516 1516 1509 1489 1489 1489 1489 1489 1483 1483 1483 1489 1496
    1503 1496 1496 1496 1496 1503 1503 1503 1503 1509 1509 1509 1516
    1523 1523 1529 1529 1529 1536 1543 1543 1543 1550 1550 1550 1550
    1557 1557 1564 1564 1564 1557 1557 1564 1564 1564 3692 3692 3692
    3692 3692 3692 3653 3653 3653 3653 3653 3653 3653 3653 3653 3653
