<?xml version="1.0"?>
<opencv_storage>
<Depth12618 type_id="opencv-matrix">
  <rows>17</rows>
  <cols>9</cols>
  <dt>w</dt>
  <data>
    6146 6146 0 4405 4405 4405 4405 4405 4405 6146 6146 4463 4463 4463
    4405 4405 4405 4405 6259 6259 4463 4463 4463 4463 4405 4405 4463
    6375 6375 4463 4463 4463 4463 4463 4463 4522 6497 6497 4522 4522
    4522 4522 4522 4522 4582 6497 4645 4645 4582 4522 4522 4522 4522
    4582 6497 4645 4645 4645 4582 4582 4582 4582 4645 6497 4582 4582
    4645 4645 4582 4582 4645 0 4582 4582 4582 4708 4645 4645 4645 4645 0
    4582 4582 4645 4708 4645 4645 4645 4645 0 6622 4774 4708 4708 4708
    4708 4708 4708 0 4842 4774 4708 4708 4774 4708 4708 4708 0 4842 4842
    4842 4774 4774 4708 4708 4708 0 4911 4911 4911 4842 4842 4842 4842 0
    0 4911 4911 4911 4911 4911 4842 4842 0 0 4911 4911 4911 4911 4911
    4842 4842 0 0 4983 4983 4983 4983 4983 4842 4842 0 0</data></Depth12618>
</opencv_storage>
