<?xml version="1.0"?>
<opencv_storage>
<Depth3711 type_id="opencv-matrix">
  <rows>68</rows>
  <cols>69</cols>
  <dt>w</dt>
  <data>
    1536 1536 1536 1536 1543 1550 1557 1557 1557 1564 1564 1616 0 0 0
    1579 1579 1579 0 4842 4842 4842 4842 4842 4842 4842 1616 1624 1624
    1616 1601 1601 1609 1609 1609 1609 1609 4774 4774 4774 4774 4708
    4708 4708 4708 4774 4774 4708 4645 4645 4645 4645 4645 4708 4708
    4708 4708 4708 4842 4842 4842 4911 4911 4911 4911 4911 4911 4911
    4911 1536 1536 1536 1536 1543 1550 1557 1557 1564 1586 1601 1616
    1616 0 1579 1579 1579 1579 1594 1594 4842 4842 4842 4842 4842 4842
    1616 1616 1616 1616 1616 1616 1616 1609 1609 1609 1609 1616 4911
    4911 4911 4842 4842 4774 4774 4774 4774 4708 4645 4645 4645 4645
    4645 4708 4708 4708 4774 4842 4842 4842 4911 4911 4842 4842 4911
    4911 4911 4911 4911 1536 1536 1536 1536 1543 1550 1557 1572 1572
    1594 1601 0 0 0 0 1579 1579 1579 1594 1601 1601 1601 1594 1594 1594
    1594 1594 1594 1601 1601 1601 1609 1609 1609 1609 1609 1616 1616
    5132 5132 5132 5056 4911 4842 4842 4774 4708 4708 4708 4708 4708
    4708 4708 4708 4708 4708 4774 4842 4842 4842 4911 5056 4842 4842
    4911 4911 4911 4911 4911 1536 1536 1536 1543 1543 1550 1632 1609
    1609 1601 1601 0 0 0 1647 1639 1601 1601 1601 1601 1601 0 1601 1594
    1594 1594 1594 1594 1601 1601 1601 1601 1601 1609 1609 1609 1616
    1616 5132 5132 5132 5132 5132 5056 4983 4774 4708 4708 4708 4708
    4708 4708 4708 4708 4708 4708 4774 4842 4983 4983 5056 4983 4983
    4911 4911 4911 4911 4911 4911 1536 1536 1536 1550 1557 1557 1632
    1624 1624 1624 0 0 0 0 1647 1639 1624 1609 1609 1609 1601 1594 1601
    1601 1594 1594 1601 1601 1601 1601 1601 1601 1601 1609 1609 1609
    1609 1609 1609 5132 5132 5210 5210 5210 5132 4842 4774 4774 4774
    4774 4774 4774 4774 4708 4708 4774 4911 4983 5132 5132 5132 4983
    4983 4983 4983 4911 4911 4911 4911 1536 1536 1543 1564 1564 0 1632
    1632 1632 1632 0 0 0 0 1647 1647 1632 1624 1624 1616 1601 1594 1594
    1594 1594 1594 1601 1601 1601 1601 1601 1601 1601 1609 1609 1609
    1609 1601 1601 1601 5291 5210 5210 5210 5132 5132 5132 4983 4983
    4842 4842 4842 4842 4842 4911 5056 5132 5210 5132 5132 5132 5056
    5056 5056 5056 4911 4911 4911 4983 1543 1543 1543 0 0 0 0 1632 1632
    0 0 0 0 0 1647 1647 1647 1639 1609 1601 1594 1586 1586 1594 1594
    1594 1594 1601 1601 1601 1601 1609 1609 1609 1609 1609 1609 1601
    1601 1609 1609 5291 5291 5210 5210 5210 5210 5210 5210 4983 4911
    4911 4911 4983 5056 5132 5132 5132 5132 5132 5132 5056 5056 5056
    5056 4911 4911 4983 4983 1564 1557 1557 0 0 0 0 0 0 0 0 0 0 0 1564 0
    1594 1594 1594 1586 1586 1586 1586 1594 1594 1594 1594 1601 1601
    1601 1601 1609 1609 1609 1609 1609 1609 1609 1609 1609 1616 1616
    5291 5210 5210 5210 5210 5210 5210 5132 5056 5056 5056 5056 5132
    5132 5132 5132 5132 5056 5056 5056 5056 5056 5056 5056 5056 5056
    5056 1594 1624 1639 0 0 0 0 0 0 0 0 0 0 0 0 0 1594 1594 1586 1586
    1586 1579 1579 1586 1594 1594 1601 1601 1601 1601 1601 1609 1609
    1616 1609 1609 1609 1609 1609 1616 1616 1624 1624 5210 5210 5210
    5210 5210 5210 5210 5132 5132 5132 5132 5132 5132 5132 5132 5132
    5056 5056 5056 5056 5056 5056 5056 5056 5056 4983 1616 1624 1639 0 0
    0 0 0 0 0 0 0 0 0 0 1572 1579 1579 1579 1579 1579 1579 1579 1586
    1594 1594 1594 1594 1594 1601 1601 1609 1609 1616 1609 1609 1609
    1609 1609 1616 1616 1624 1624 5210 5210 5210 5210 5210 5210 5210
    5210 5132 5132 5132 5132 5132 5132 5132 5132 5056 5056 5056 5056
    5056 5056 4983 4983 4983 4983 1632 1632 1639 0 0 0 0 0 0 0 0 0 0
    1564 1564 1572 1572 1572 1579 1579 1579 1579 1579 1586 1594 1594
    1594 1594 1594 1594 1601 1609 1609 1616 1609 1609 1609 1609 1609
    1616 1624 1632 1632 1624 5210 5210 5210 5210 5210 5210 5210 5132
    5132 5132 5132 5132 5132 5132 5132 5056 5056 5056 5056 5056 5056
    4983 4983 4983 4983 4295 4295 4295 0 0 0 0 0 1601 1594 1594 0 1564
    1564 1564 1564 1564 1564 1572 1572 1572 1579 1579 1586 1594 1594
    1594 1594 1594 1594 1601 1601 1601 1609 1616 1616 1609 1609 1609
    1609 1616 1616 1624 1624 1624 5210 5210 5210 5210 5210 5210 5210
    5210 5210 5210 5132 5132 5132 5132 5132 5056 5056 5056 5056 5056
    4983 4983 4983 4983 4241 4241 4295 0 0 0 0 0 1601 1594 1579 1572
    1564 1564 1564 1564 1564 1564 1572 1572 1572 1579 1579 1586 1586
    1586 1594 1594 1594 1594 1601 1601 1601 1609 1609 1609 1609 1609
    1609 1609 1616 1616 1624 1624 1624 5210 5210 5210 5210 5210 5210
    5132 5132 5210 5210 5132 5132 5132 5132 5132 5132 5132 5056 5056
    5056 5056 5056 5056 5132 4241 4241 4295 0 0 0 0 0 1572 1572 1572
    1564 1564 1564 1564 1564 1564 1564 1572 1572 1579 1579 1579 1586
    1586 1586 1594 1594 1594 1594 1601 1601 1601 1601 1609 1609 1609
    1609 1609 1609 1609 1616 1624 1624 1624 1624 5210 5210 5210 5210
    5210 5132 5132 5210 5210 5210 5210 5210 5210 5210 5132 5132 5056
    5056 5056 5056 5132 5132 5132 4241 4295 4295 0 0 0 1564 1564 1557
    1557 1564 1564 1564 1564 1564 1564 1564 1564 1572 1572 1579 1579
    1579 1586 1594 1594 1594 1594 1594 1594 1601 1601 1601 1601 1601
    1609 1609 1609 1609 1609 1609 1616 1624 1624 1624 1624 1624 5210
    5210 5210 5210 5210 5210 5210 5210 5210 5210 5210 5210 5132 5132
    5132 5132 5132 5056 5056 5132 5132 5132 4241 4241 4295 0 0 0 1557
    1550 1550 1550 1557 1557 1557 1557 1557 1564 1564 1572 1572 1572
    1572 1579 1579 1586 1594 1594 1594 1594 1594 1594 1601 1601 1601
    1601 1601 1601 1609 1609 1609 1609 1616 1616 1616 1616 1624 1624
    1624 1609 5210 5210 5210 5210 5210 5210 5210 5210 5210 5210 5210
    5132 5132 5132 5132 5132 5132 5132 5132 5132 5132 4241 4241 4241 0
    1550 1550 1550 1550 1550 1550 1557 1557 1557 1557 1557 1564 1564
    1572 1572 1572 1572 1572 1579 1586 1586 1586 1586 1594 1594 1594
    1594 1594 1601 1601 1601 1601 1609 1609 1609 1616 1616 1624 1616
    1616 1616 1609 1609 1609 5210 5210 5210 5210 5210 5210 5291 5210
    5210 5210 5210 5210 5132 5132 5132 5132 5132 5132 5132 5132 5132
    1536 0 0 0 0 1550 1543 1543 1550 1550 1550 1557 1557 1557 1557 1564
    1564 1564 1564 1572 1572 1572 1572 1586 1586 1586 1586 1594 1594
    1594 1594 1594 1601 1601 1601 1601 1601 1609 1609 1616 1616 1624
    1616 1616 1616 1609 1609 1632 1632 1632 5291 5291 5210 5210 5210
    5210 5210 5210 5210 5210 5132 5132 5132 5132 5132 5132 5132 5132
    5132 0 0 1543 1543 1543 1543 1543 1543 1543 1543 1550 1557 1557 1557
    1564 1564 1564 1564 1564 1572 1572 1572 1572 1586 1586 1586 1586
    1594 1594 1594 1594 1594 1601 1601 1601 1601 1601 1609 1609 1609
    1616 1616 1616 1616 1624 1624 1624 1632 1624 1624 1624 5291 5210
    5210 5210 5210 5210 5210 5210 5210 5132 5132 5132 5132 5132 5132
    5132 5132 5132 1536 1536 1536 1543 1543 1543 1543 1543 1543 1543
    1550 1557 1557 1557 1564 1564 1564 1564 1564 1572 1572 1572 1572
    1586 1586 1586 1586 1594 1594 1594 1594 1594 1601 1594 1594 1601
    1601 1601 1601 1609 1616 1616 1616 1616 1624 1624 1624 1632 1624
    1624 1624 5132 5132 5132 5210 5210 5210 5210 5210 5210 5132 5132
    5132 5132 5132 5132 5132 5132 5132 1543 1536 1536 1536 1536 1543
    1543 1543 1543 1543 1550 1557 1557 1557 1564 1564 1564 1564 1564
    1572 1572 1572 1572 1586 1586 1586 1586 1586 1586 1594 1594 1594
    1594 1594 1594 1601 1601 1601 1601 1609 1609 1609 1616 1624 1624
    1624 1624 1624 1624 1624 1624 1624 5132 5132 5210 5210 5210 5210
    5210 5210 5132 5132 5132 5132 5132 5132 5132 5132 5132 1536 1536
    1536 1536 1536 1543 1543 1543 1543 1550 1543 1543 1550 1557 1564
    1564 1564 1564 1572 1572 1572 1572 1572 1572 1579 1579 1586 1586
    1586 1594 1594 1594 1594 1594 1594 1601 1601 1601 1601 1601 1609
    1609 1616 1624 1624 1624 1624 1624 1624 1624 1624 1624 1624 1624
    5210 5210 5291 5210 5210 5210 5210 5132 5132 5132 5132 5132 5132
    5132 5132 1536 1536 1536 1536 1536 1543 1543 1543 1543 1550 1543
    1543 1550 1557 1557 1564 1564 1564 1564 1572 1572 1572 1572 1572
