<?xml version="1.0"?>
<opencv_storage>
<Depth3447 type_id="opencv-matrix">
  <rows>15</rows>
  <cols>17</cols>
  <dt>w</dt>
  <data>
    0 0 0 0 0 0 0 0 0 0 0 4842 4842 4911 4911 4911 4911 0 0 0 0 0 0 0 0
    0 0 4842 4842 4842 4911 4911 4911 4911 0 0 0 0 0 0 0 0 4774 4774
    4774 4774 4842 4911 4911 4842 4842 0 0 0 0 0 0 0 4774 4708 4708 4774
    4774 4842 4911 4911 4842 4842 0 0 0 0 0 4645 4645 4708 4708 4708
    4774 4774 4911 4911 4842 4774 4774 0 0 0 0 4774 4645 4645 4708 4708
    4708 4774 4774 4911 4911 4842 4708 4708 0 0 0 4842 4774 4708 4708
    4708 4708 4774 4774 4842 4842 4842 4842 4708 4708 4349 4295 4295
    4842 4774 4774 4708 4708 4708 4842 4842 4842 4842 4842 4842 4842
    5734 4349 4295 4295 4774 4774 4774 4708 4708 4708 4774 4774 4842
    4842 4842 4842 5832 5734 4405 4405 4405 4774 4774 4774 4708 4708
    4708 4708 4708 4842 4842 4842 5832 5832 5734 4463 4463 4463 4774
    4774 4774 4645 4645 4645 4645 4645 4645 4645 5734 5832 5832 5734
    4645 4645 4645 4645 4645 4708 4645 4645 4645 4645 4645 4645 4645
    5734 5734 5734 5832 4582 4645 4645 4582 4582 4582 4645 4645 4645
    4645 4645 4708 5734 5734 5734 5734 5832 4582 4645 4645 4582 4582
    4582 4645 4645 4645 4645 4645 5734 5734 5734 5734 5734 5734 0 4645
    4645 4708 4645 4645 4645 4582 4582 4645 5734 5734 5734 5734 5734
    5734 5734</data></Depth3447>
</opencv_storage>
