<?xml version="1.0"?>
<opencv_storage>
<Depth1135 type_id="opencv-matrix">
  <rows>89</rows>
  <cols>118</cols>
  <dt>w</dt>
  <data>
    2618 2618 2618 2618 2618 2598 2598 2598 2579 2560 2560 2560 2560
    2560 2598 2598 2598 2598 913 913 913 913 915 915 918 918 920 920
    2598 2598 2598 2579 2579 2579 2579 2560 2560 2579 2579 2579 2579
    2579 2560 2560 2560 2560 2560 2579 2579 2579 2579 2560 2560 2560
    2560 2560 2560 2560 2560 2560 2560 2598 2579 2579 2579 2579 2579
    2579 2579 2579 2579 2579 2579 2579 2579 2579 2579 2579 2579 2560
    2560 2560 2560 2560 2560 2560 2560 2560 2560 2560 2560 2560 2560
    2560 2560 2541 2522 2522 2522 2541 2560 2560 2560 2541 2541 2541
    2541 2541 2541 2541 2541 2541 2522 2522 2522 2522 2503 2503 2618
    2639 2618 2618 2618 2618 2618 2618 2579 2560 2560 2560 2560 2560
    2598 913 908 908 910 910 913 913 913 915 915 915 915 915 918 918 920
    918 918 920 920 2560 2579 2598 2598 2598 2598 2598 2579 2579 2560
    2560 2579 2598 2598 2598 2579 2579 2560 2560 2560 2560 2560 2560
    2560 2579 2579 2598 2598 2579 2579 2579 2579 2579 2579 2579 2579
    2579 2579 2579 2579 2579 2579 2579 2579 2579 2579 2579 2579 2579
    2560 2560 2560 2560 2560 2560 2560 2560 2560 2560 2560 2560 2541
    2541 2560 2560 2560 2560 2560 2541 2541 2541 2541 2560 2560 2560
    2560 2541 2541 2541 2522 2522 2522 2522 2639 2639 2639 2639 2639
    2639 2618 2618 2579 2579 2579 2579 2598 2598 2598 910 908 908 906
    906 908 908 910 913 913 915 915 915 915 915 915 915 918 918 918 918
    2579 2598 2598 2598 2598 2598 2598 2598 2598 2598 2598 2618 2618
    2618 2598 2598 2579 2579 2579 2579 2579 2579 2579 2579 2579 2598
    2598 2598 2598 2598 2598 2579 2579 2579 2579 2579 2579 2579 2579
    2579 2598 2579 2579 2579 2579 2579 2579 2579 2579 2579 2560 2560
    2560 2560 2560 2560 2560 2560 2560 2560 2541 2541 2560 2560 2560
    2560 2560 2560 2560 2560 2560 2560 2560 2560 2560 2560 2560 2541
    2541 2541 2541 2541 2639 2639 2639 2639 2639 2639 2618 2618 2618 0 0
    0 0 0 908 908 906 906 906 906 906 906 906 910 910 913 913 913 913
    913 915 915 915 918 918 918 918 918 920 920 2618 2618 2598 2598 2598
    2598 2598 2618 2618 2618 2618 2618 2598 2598 2598 2598 2598 2598
    2598 2598 2598 2618 2618 2618 2618 2598 2598 2598 2598 2598 2598
    2598 2598 2598 2579 2579 2598 2598 2579 2579 2579 2579 2579 2579
    2579 2579 2579 2579 2579 2579 2579 2560 2560 2560 2560 2560 2560
    2560 2560 2560 2560 2560 2560 2560 2560 2560 2560 2560 2560 2560
    2560 2560 2560 2560 2541 2541 2560 2560 2639 2639 2639 2639 2639
    2639 2618 2618 2618 0 0 0 0 0 903 903 903 903 903 903 903 906 906
    906 908 908 910 910 908 908 910 910 913 915 915 915 915 915 918 920
    920 923 923 923 925 925 928 2618 2618 2618 2618 2618 2618 2598 2598
    2598 2598 2598 2598 2598 2598 2618 2618 2618 2618 2598 2598 2598
    2598 2598 2598 2598 2598 2598 2598 2598 2598 2598 2598 2579 2579
    2579 2579 2579 2598 2579 2579 2579 2579 2579 2598 2579 2579 2560
    2560 2560 2560 2579 2560 2560 2560 2560 2560 2560 2560 2560 2560
    2560 2560 2560 2560 2560 2560 2560 2560 2560 2560 2560 2659 2659
    2659 2659 2639 2639 2618 2618 2618 0 0 0 0 0 903 901 901 901 901 901
    903 903 903 903 906 906 908 908 906 906 908 908 910 913 913 913 913
    913 915 918 920 920 920 920 920 923 923 923 923 925 925 930 930 2618
    2618 2618 2618 2598 2598 2598 2598 2618 2639 2639 2639 2618 2618
    2618 2618 2618 2618 2598 2598 2598 2598 2598 2618 2598 2598 2598
    2579 2579 2579 2579 2598 2579 2579 2579 2579 2598 2618 2598 2598
    2579 2579 2579 2579 2579 2560 2560 2560 2579 2579 2579 2579 2579
    2579 2579 2579 2560 2560 2560 2560 2560 2560 2560 2560 2560 2680
    2680 2680 2659 2639 2639 2618 2618 0 0 0 0 0 898 898 898 896 896 898
    898 898 901 901 901 901 903 903 906 906 906 906 906 906 908 910 910
    910 910 913 913 918 918 918 918 918 918 920 920 920 923 923 923 923
    923 2618 2618 2618 2598 2598 2618 2618 2639 2639 2639 2639 2618 2618
    2618 2618 2639 2618 2618 2598 2598 2618 2618 2639 2618 2618 2598
    2598 2598 2598 2598 2598 2618 2618 2618 2618 2618 2618 2618 2598
    2598 2579 2579 2579 2579 2579 2579 2579 2579 2579 2579 2579 2579
    2579 2579 2579 2560 2560 2560 2560 2560 2560 2560 2560 2560 2680
    2701 2701 2701 2680 2659 2639 2639 0 0 0 0 0 896 896 894 894 894 896
    896 896 896 896 898 898 901 901 903 903 903 903 906 906 906 906 906
    908 908 910 913 915 915 915 915 915 915 915 915 918 920 920 920 920
    920 923 925 928 928 928 928 933 933 2639 2639 2639 2639 2639 2639
    2639 2639 2639 2618 2618 2618 2618 2639 2639 2639 2618 2618 2618
    2618 2618 2618 2618 2618 2618 2639 2639 2639 2639 2639 2618 2618
    2598 2598 2598 2598 2598 2598 2618 2598 2598 2579 2579 2579 2579
    2579 2579 2579 2579 2579 2579 2579 2579 2560 2560 2560 2701 2701
    2701 2701 2680 2659 2659 0 0 0 0 0 0 891 889 889 889 889 891 894 896
    894 894 896 896 896 896 901 901 901 903 903 903 903 906 906 906 908
    908 910 910 913 913 913 913 915 915 913 913 915 915 915 915 915 918
    923 925 925 928 928 928 930 930 928 928 935 935 935 935 935 2639
    2639 2639 2639 2639 2639 2639 2639 2639 2639 2639 2639 2639 2618
    2618 2618 2639 2639 2639 2639 2639 2639 2618 2618 2618 2618 2598
    2598 2598 2598 2618 2618 2598 2598 2579 2579 2579 2579 2579 2579
    2579 2579 2579 2579 2579 2560 2560 2560 2701 2701 2701 2701 2701
    2701 0 0 0 0 0 0 0 887 887 887 887 887 889 891 891 894 894 894 894
    896 896 896 896 896 898 901 901 901 903 903 903 903 906 906 908 908
    910 910 913 913 910 910 910 913 913 913 913 915 915 920 923 923 925
    925 925 928 928 928 928 928 928 933 933 928 928 928 928 930 930 2659
    2659 2639 2639 2639 2639 2639 2639 2618 2618 2639 2639 2639 2639
    2639 2639 2639 2639 2639 2639 2639 2618 2618 2618 2618 2618 2618
    2598 2598 2579 2579 2579 2579 2579 2579 2579 2579 2579 2579 2579
    2579 2579 2579 2701 2701 2701 2701 2701 2723 0 0 0 0 0 0 887 887 887
    885 885 887 887 887 889 889 889 891 891 891 894 894 894 894 896 896
    898 898 901 901 901 901 903 903 906 906 906 908 908 910 908 908 908
    910 910 913 913 913 915 918 918 920 923 923 923 925 925 925 925 925
    925 928 928 928 928 928 928 930 930 933 933 933 2639 2639 2639 2639
    2639 2639 2639 2639 2639 2639 2639 2639 2639 2639 2639 2639 2639
    2639 2639 2618 2618 2618 2618 2618 2618 2618 2598 2598 2579 2579
    2598 2598 2598 2598 2598 2598 2598 2598 2598 2579 2723 2723 2723
    2701 2701 0 0 0 0 0 0 0 885 885 885 885 885 885 885 885 885 887 887
    887 889 889 891 891 894 894 894 894 896 896 898 898 898 898 898 901
    901 903 903 903 903 903 906 906 906 908 908 908 910 913 913 915 918
    918 918 918 918 918 918 918 923 923 923 925 928 928 928 928 930 930
    930 930 928 928 930 933 940 940 940 2659 2639 2639 2639 2639 2639
    2639 2639 2639 2639 2639 2639 2639 2639 2639 2639 2639 2618 2618
    2639 2618 2618 2618 2618 2618 2618 2598 2598 2598 2598 2598 2598
    2598 2618 2598 2723 2723 2723 2723 2723 0 0 0 0 0 0 885 882 882 878
    878 878 880 880 882 882 882 885 885 887 887 887 889 891 891 891 891
    894 894 896 896 896 896 896 896 896 898 898 898 898 901 903 903 906
    906 906 906 906 908 910 913 915 915 915 915 915 915 918 918 918 918
    918 920 920 925 925 925 928 928 928 928 928 928 928 930 930 933 933
    933 935 2639 2639 2639 2639 2639 2639 2639 2639 2639 2639 2639 2639
    2639 2639 2639 2639 2639 2639 2639 2639 2639 2639 2639 2639 2618
    2618 2618 2618 2598 2598 2598 2618 2598 2723 2723 2701 2701 2723 0 0
    0 0 0 0 885 878 873 873 873 875 875 878 878 880 880 880 882 885 885
    885 885 887 887 887 887 889 891 894 894 894 894 894 894 894 896 896
    896 896 896 898 901 903 903 903 903 903 906 906 910 910 910 910 913
    915 915 915 915 915 918 918 918 920 920 920 920 925 928 925 925 925
    925 928 928 928 930 930 930 930 933 935 938 938 935 935 938 938 938
    2639 2639 2639 2639 2639 2639 2639 2639 2639 2639 2639 2639 2639
