<?xml version="1.0"?>
<opencv_storage>
<Depth16937 type_id="opencv-matrix">
  <rows>100</rows>
  <cols>42</cols>
  <dt>w</dt>
  <data>
    2028 2040 2053 2065 1165 1165 1169 1169 1169 1173 1173 3037 3037
    3037 3010 3010 3010 3010 3010 3010 3010 3010 3010 3010 3010 2984
    2958 2958 2984 2984 2958 2958 2958 2958 2958 2958 2958 2958 2933
    2933 2933 2933 2028 2028 1165 1165 1165 1165 1169 1165 1165 1169
    1169 0 0 3037 3010 3010 3010 3010 3010 3010 3010 3010 3010 3010 3010
    2984 2984 2984 2984 2984 2984 2958 2958 2958 2958 2958 2958 2958
    2933 2933 2933 2933 2016 1173 1165 1165 1165 1165 1165 1165 1165
    1169 0 0 0 0 3010 3010 3010 3010 3010 3010 3010 3010 3010 0 3010
    2984 2984 2984 3010 3010 3010 981 981 978 978 2933 2958 2958 2933
    2933 2933 2933 1177 1173 1165 1165 1165 1165 1165 1165 1165 1169 0 0
    0 0 3010 3010 3010 3010 0 0 0 0 0 0 0 0 3037 3037 3037 3037 978 978
    978 978 978 981 981 981 2933 2933 2933 2933 1177 1177 1169 1169 1169
    0 0 0 0 0 0 0 0 0 0 0 0 0 0 0 0 0 0 0 0 0 0 0 984 984 978 978 978
    978 978 981 981 0 2933 2933 2933 2933 1177 1173 1169 1169 1169 1169
    0 0 0 0 0 0 0 0 0 0 0 0 0 0 0 0 0 0 0 0 0 0 984 984 981 981 978 978
    978 978 978 973 0 2933 2933 2933 1165 1165 1161 1161 0 0 0 0 0 0 0 0
    0 0 0 0 0 0 0 0 0 0 0 0 0 967 967 967 981 981 981 981 978 978 975
    973 973 973 970 2933 2933 2933 1161 1161 1157 1153 1153 1153 0 0 0 0
    0 0 975 975 0 0 0 0 0 0 0 0 973 970 970 967 967 967 0 975 975 975
    975 975 970 970 970 970 970 970 0 2933 1161 1157 1149 1145 1145 1149
    0 0 0 0 962 962 962 962 964 0 0 959 959 959 959 962 964 967 967 967
    967 967 970 970 970 970 970 970 970 970 970 970 970 0 0 2933 1157
    1153 1141 1141 1141 1149 0 0 0 973 962 962 962 962 962 959 959 959
    959 959 959 962 964 964 964 964 967 967 967 967 967 967 970 970 970
    970 970 970 970 970 0 0 1153 1149 1141 1141 1141 0 0 0 0 973 962 962
    962 962 962 959 959 959 959 959 962 964 964 964 964 964 967 967 967
    967 967 967 967 970 970 970 970 970 970 970 970 0 1145 1145 1138
    1138 0 0 0 0 0 0 962 962 959 959 959 959 959 959 962 962 964 964 964
    964 964 964 967 967 967 967 967 967 967 967 970 970 970 970 970 970
    970 0 1145 1145 1138 1138 0 0 0 0 0 0 964 962 959 959 959 959 959
    959 962 962 964 964 964 964 967 967 967 967 967 967 967 967 967 967
    970 970 970 970 970 970 0 0 1165 1153 1149 1149 0 0 0 0 0 0 0 962
    959 959 959 959 959 962 962 962 962 962 962 964 964 964 967 967 967
    967 967 967 967 967 967 970 970 970 970 970 0 0 1165 1153 1141 1138
    1138 0 0 0 0 0 967 962 962 962 962 959 959 962 962 962 962 962 962
    962 964 964 967 967 967 967 967 967 967 967 967 970 970 970 970 970
    0 0 1161 1153 1141 1138 1138 0 0 0 0 0 967 962 962 959 959 959 959
    962 962 962 964 964 962 962 964 967 967 967 967 967 967 967 967 967
    967 970 970 970 970 970 0 0 1157 1153 1141 1141 1141 0 0 0 0 0 967
    962 962 959 959 962 964 962 962 964 964 964 964 964 964 964 967 967
    967 967 967 967 967 970 970 970 970 970 970 970 970 0 1157 1149 1141
    1141 0 0 0 0 0 981 967 962 962 959 959 962 964 964 964 964 964 967
    967 964 964 964 967 967 967 967 967 970 970 970 970 970 970 970 970
    970 970 0 1863 1149 1141 1141 0 0 0 0 0 981 967 962 962 959 959 962
    962 964 964 964 964 967 967 967 967 967 967 967 967 967 967 970 970
    970 970 970 970 970 970 970 970 0 1853 1153 1145 1145 0 0 0 0 0 984
    973 962 962 959 959 962 962 964 964 964 964 967 967 967 967 967 967
    967 967 967 967 970 970 970 970 970 970 970 970 970 970 0 1853 1153
    1145 1145 0 0 0 995 995 987 973 967 962 959 959 962 962 964 964 964
    964 967 967 964 964 967 967 967 967 967 970 970 970 970 970 970 970
    970 970 970 970 0 1853 1153 1145 1145 0 0 0 995 992 989 978 967 962
    962 962 962 962 964 964 964 964 967 967 964 964 967 967 967 967 967
    970 970 970 970 970 970 970 970 970 970 970 0 1161 1149 1145 1145 0
    0 0 995 992 989 981 970 962 962 962 964 964 964 964 964 964 964 967
    967 967 967 967 967 970 970 970 970 970 967 967 970 970 970 970 970
    970 0 1161 1149 1145 1145 0 0 0 995 995 989 981 970 964 964 964 964
    964 964 964 964 964 964 967 967 967 967 967 967 970 970 970 970 970
    967 967 970 970 970 970 970 970 0 1161 1149 1149 1149 0 0 0 995 995
    989 978 964 962 962 964 964 964 964 964 964 964 967 967 967 967 967
    967 970 970 970 970 970 970 970 970 970 970 970 970 970 970 0 1165
    1157 1157 1157 1165 0 0 1001 1001 995 978 964 962 962 964 964 964
    964 964 964 964 967 967 967 967 967 967 970 970 967 967 970 970 970
    970 970 970 970 973 973 975 0 1165 1161 1161 1165 1165 0 1022 1004
    1004 998 987 964 962 962 964 964 964 964 964 964 967 967 967 967 967
    967 967 967 967 967 967 970 970 970 970 973 973 973 970 970 970 0
    1165 1165 1165 1165 1165 0 1022 1022 1007 1001 1001 962 962 962 964
    964 964 964 962 962 964 967 967 967 967 967 967 967 967 967 967 970
    970 970 970 973 973 973 970 970 970 0 1157 1157 1153 1153 1153 1134
    1022 1022 1010 1001 970 962 962 962 962 962 964 964 962 962 964 967
    967 967 967 967 970 970 970 970 970 970 970 970 970 970 973 973 970
    970 970 0 1153 1153 1149 1134 1134 1134 1025 1025 1013 1004 970 964
    962 962 962 962 962 964 964 964 964 967 967 967 967 967 970 970 970
    970 970 970 970 970 970 970 973 973 970 970 970 970 1153 1153 1149
    1134 1134 1134 1016 1016 1013 970 970 964 962 962 962 962 962 964
    964 964 964 967 967 967 967 970 970 970 970 970 970 970 970 970 970
    970 970 973 973 973 973 973 1157 1153 1149 1138 1138 1138 1016 1016
    1013 1007 970 967 964 962 962 962 964 964 964 964 967 967 967 967
    967 970 970 970 970 970 970 970 970 970 970 970 970 973 973 973 973
    973 1157 1153 1145 1138 1134 1134 1134 1013 1010 1004 973 967 964
    964 962 962 964 964 964 967 967 967 967 967 967 970 970 970 970 970
    970 970 970 970 970 970 970 973 973 973 973 973 1157 1153 1141 1134
    1123 1123 1123 1013 1010 998 973 967 964 964 964 964 964 967 967 967
    967 967 967 967 967 970 970 970 970 970 970 970 970 970 970 970 970
    973 973 973 970 970 1165 1161 1141 1134 1123 1123 1123 1013 1010 995
    973 967 967 967 967 967 967 967 967 967 967 967 967 967 967 967 970
    970 970 970 970 970 970 970 970 970 973 973 973 973 970 970 1169
    1161 1145 1130 1123 1123 1123 1010 1010 995 970 967 967 967 967 967
    967 967 967 967 967 967 967 967 967 967 970 970 970 970 970 970 970
    970 970 973 973 973 973 973 975 975 1169 1161 1145 1130 1123 1123
    1123 1013 1013 1013 970 967 967 964 964 967 967 967 967 967 967 967
    967 967 967 967 970 970 970 970 970 970 970 970 973 973 973 973 975
    975 975 975 1169 1161 1149 1134 1126 1126 1126 1126 973 970 970 967
    964 964 964 964 964 967 967 967 967 967 967 967 967 967 970 970 970
    970 970 970 970 973 973 975 975 975 975 975 970 970 1165 1157 1153
    1153 1153 1145 1084 0 973 973 970 967 964 964 964 964 964 967 967
    967 967 967 967 967 967 970 970 970 970 970 970 970 973 973 973 973
    973 975 975 973 970 970 1165 1157 1153 1145 1145 1145 1084 1084 973
    973 970 967 967 964 964 964 964 967 967 967 967 967 967 967 967 970
    970 970 970 970 970 970 973 973 973 973 973 975 975 973 973 973 1165
    1157 1153 1145 1145 1087 1084 1084 1084 967 967 967 967 964 964 964
    964 967 967 967 967 967 967 967 967 970 970 970 970 970 970 970 970
    970 973 973 973 975 975 973 967 967 1165 1153 1149 1145 1145 1080
    1080 1080 1084 967 967 967 967 964 964 964 967 967 967 967 967 967
    967 967 967 967 970 970 970 970 970 970 970 970 973 973 973 975 975
    973 967 967 1165 1153 1149 1145 1145 1077 1077 1077 1077 967 967 967
    967 964 964 964 967 967 967 967 967 967 967 967 967 967 970 970 970
    970 970 970 970 973 973 973 975 975 975 973 967 967 1165 1157 1153
    1145 1080 1077 1077 1077 1077 992 970 967 967 967 967 967 967 967
    967 967 967 967 967 967 967 967 970 970 970 970 970 970 970 973 973
    975 975 975 975 973 970 970 1165 1157 1153 1145 1080 1077 1077 1077
