<?xml version="1.0"?>
<opencv_storage>
<Depth9233 type_id="opencv-matrix">
  <rows>12</rows>
  <cols>43</cols>
  <dt>w</dt>
  <data>
    3178 3178 3178 3269 3269 3238 3238 3238 3208 3208 3208 3238 3238
    3238 3208 3208 4089 4089 4089 4089 4089 4089 4089 4139 4089 3300
    3300 3300 4241 3994 3994 4190 4241 4241 4295 4139 4139 4139 4139
    4139 4041 3948 3903 3178 3178 3178 3178 3178 3208 3208 3208 3178
    3178 3178 3208 3208 3208 3208 3208 3208 3208 3208 0 3208 3269 3269
    3269 3269 3269 3300 3300 3994 3994 3333 3333 3333 3333 3300 3300 0
    3333 0 3859 3859 3859 3859 3178 3178 3178 3178 3178 3178 3178 3178
    3178 3178 3178 3178 3178 3149 3149 3178 3208 3208 3208 3208 0 0 3269
    3269 3269 3269 3300 3300 3269 3300 3300 3300 3300 0 3300 3300 3300
    3333 3333 3859 3859 3859 3859 3178 3178 3178 3208 3178 3178 3178
    3178 3178 3178 3178 3178 3178 3149 3149 3178 3208 3208 3208 3208
    3300 3300 3269 3269 3269 3269 3300 3300 3269 3269 3269 3269 3269
    3300 3300 3300 3300 3333 3333 3333 3859 3859 3859 3178 3178 3178
    3208 3208 3178 3178 3178 3178 3178 3178 3178 3178 3149 3149 3178
    3208 3178 3178 3178 3300 3300 3300 3208 3208 3300 3300 3300 3269
    3269 3269 3269 3269 3300 3300 3300 3300 3333 3333 3333 3333 3208 0
    1427 3178 3178 3208 3208 3178 3178 3178 3178 3178 3178 3178 3178
    3178 3178 3208 3208 3178 3178 3208 3238 3269 3300 3208 3208 3208
    3238 3238 3238 3208 3208 3269 3269 3300 3269 3269 3269 3269 3333
    3333 0 3208 0 1427 3208 3208 3208 3208 3208 3208 3208 3208 3208 3208
    3208 3208 3208 3208 3238 3208 3208 3208 3208 3238 3269 3269 3208
    3208 3238 3238 3238 3238 3208 3208 3269 3269 3333 3238 3238 3269
    3269 3269 3208 3208 3208 3092 3208 3208 3208 3208 3208 3208 3208
    3208 3208 3208 3208 3208 3208 3238 3238 3238 3208 3208 3208 3208
    3238 3238 3238 3208 3208 3238 3238 3238 3238 3238 3238 3269 3269
    3300 3238 3238 3208 3208 3208 3238 3208 3208 3092 3208 3208 3208
    3208 3208 3238 3238 3208 3208 3208 3208 3208 3208 3208 3208 3238
    3208 3208 3238 3208 3208 3208 3238 3238 3238 3238 3238 3238 3238
    3238 3238 3269 3269 3300 3238 3208 3208 3208 3208 3208 3149 3120
    3092 3208 3208 3208 3208 3208 3238 3238 3238 3238 3208 3208 3178
    3178 3208 3208 3238 3238 3238 3269 3208 3208 3208 3238 3238 3238
    3238 3238 3238 3238 3238 3238 3269 3269 3300 3238 3208 3208 3208
    3208 3178 3149 3120 3092 3399 3269 3238 3238 3238 3238 3208 3208
    3238 3208 3208 3178 3178 3208 3208 3208 3238 3208 3208 3208 3208
    3238 3238 3238 3269 3238 3238 3238 3269 3269 3269 3269 3300 3300
    3269 3238 3208 3208 3178 3149 3120 3092 3092 3399 3300 3269 3208
    3208 3208 3208 3208 3238 3238 3208 3208 3208 3208 3208 3208 3238
    3208 3208 3208 3208 3238 3238 3238 3238 3238 3238 3238 3269 3269
    3300 3300 3300 3300 3269 3269 3208 3208 3178 3149 3120 3092 3064</data></Depth9233>
</opencv_storage>
