<?xml version="1.0"?>
<opencv_storage>
<Depth14601 type_id="opencv-matrix">
  <rows>42</rows>
  <cols>33</cols>
  <dt>w</dt>
  <data>
    5291 5291 5291 5291 5374 5374 5374 5460 5460 5460 5548 5548 5548
    5548 5548 5640 5640 5640 5640 2598 2598 2639 2618 2618 2639 2639
    5640 5640 5640 5734 5734 5832 5832 5291 5291 5291 5291 5291 5374
    5374 5460 5460 5460 2560 2560 2560 5640 2579 2579 2579 2579 2579
    2598 2598 2618 2618 2618 2598 2598 2598 5734 5734 5734 5734 5734
    5734 5291 5291 5291 5291 5291 5291 5291 5460 2560 2560 2560 2560
    2560 2579 2579 2579 2579 2579 2579 2598 2618 2618 2618 2618 2598
    2598 2598 5734 5640 5640 5734 5734 5734 5210 5291 5291 2579 2560
    2560 2560 2560 2560 2560 2560 2560 2560 2579 2579 2579 2579 2579
    2598 2598 2618 2618 2618 2618 2618 2598 2598 5734 5640 5640 5734
    5734 5734 5210 2598 2579 2560 2541 2541 2560 2560 2560 2560 2560
    2560 2560 2579 2579 2579 2579 2579 2598 2598 2618 2618 2618 2618
    2618 2618 2618 5734 5734 5734 5734 5734 5734 2598 2598 2560 2560
    2541 2541 2560 2560 2560 2560 2560 2560 2579 2579 2579 2598 2598
    2598 2598 2618 2618 2618 2598 2598 2598 2618 2618 5734 5734 5640
    5640 5734 5734 2598 2579 2560 2560 2541 2541 2560 2560 2579 2579
    2579 2579 2579 2579 2579 2579 2579 2598 2598 2598 2598 2598 2598
    2598 2598 2598 2598 5734 5734 5640 5640 5734 5734 2598 2579 2560
    2560 2541 2541 2560 2560 2579 2579 2579 2579 2579 2579 2579 2579
    2579 2598 2598 2598 2598 2598 2598 2598 2598 2598 2598 2618 5734
    5734 5734 5734 5734 2598 2579 2560 2560 2541 2541 2560 2560 2579
    2579 2579 2579 2579 2579 2579 2579 2579 2598 2598 2598 2598 2598
    2598 2598 2598 2598 2598 2598 5734 5734 5734 5734 5734 2618 2579
    2560 2560 2560 2560 2560 2560 2560 2560 2579 2579 2579 2579 2579
    2579 2579 2598 2598 2598 2598 2598 2598 2598 2598 2598 2598 2598
    5734 5734 5734 5734 5734 2618 2579 2560 2560 2560 2560 2560 2560
    2560 2560 2560 2579 2579 2579 2579 2579 2579 2579 2598 2598 2598
    2598 2598 2598 2598 2618 2598 2598 5734 5734 5734 5734 5734 2639
    2618 2579 2560 2560 2560 2560 2560 2560 2560 2560 2579 2579 2579
    2579 2579 2579 2579 2579 2579 2598 2598 2598 2598 2598 2618 2598
    2579 2579 5734 5734 5734 5734 2639 2598 2598 2579 2560 2560 2560
    2560 2560 2560 2560 2579 2579 2579 2579 2579 2579 2579 2579 2579
    2598 2598 2598 2598 2598 2618 2598 2579 2579 5734 5734 5734 5734
    2639 2598 2598 2579 2560 2560 2560 2560 2560 2560 2560 2579 2560
    2560 2560 2579 2579 2579 2579 2579 2598 2598 2598 2598 2598 2598
    2598 2598 2598 5734 5734 5734 5734 5132 2598 2598 2598 2579 2579
    2579 2560 2560 2560 2560 2560 2560 2560 2560 2579 2579 2579 2579
    2598 2598 2598 2598 2598 2598 2598 2579 2579 2579 5734 5734 5734
    5734 5132 2618 2598 2598 2579 2579 2560 2560 2560 2560 2560 2560
    2560 2560 2560 2579 2579 2579 2579 2598 2598 2598 2598 2598 2598
    2598 2579 2579 2579 5832 5832 5832 5734 5132 2618 2618 2598 2560
    2560 2560 2560 2560 2560 2560 2560 2560 2560 2560 2579 2579 2579
    2579 2579 2598 2598 2598 2598 2598 2598 2598 2579 2579 5832 5734
    5734 5734 5132 2618 2618 2598 2560 2560 2560 2560 2560 2560 2560
    2560 2560 2560 2579 2579 2579 2579 2579 2579 2579 2598 2598 2598
    2598 2598 2598 2579 2579 2579 5734 5734 5734 5132 2639 2618 2598
    2560 2560 2579 2560 2560 2560 2560 2560 2560 2560 2579 2579 2579
    2579 2579 2579 2579 2598 2598 2598 2598 2598 2598 2598 2579 2579
    2579 5734 5734 5132 4983 2598 2598 2579 2579 2579 2560 2560 2560
    2560 2560 2560 2560 2579 2579 2579 2579 2579 2579 2579 2579 2579
    2598 2598 2598 2598 2618 2598 2598 2598 5640 5640 5056 4983 2598
    2598 2579 2579 2579 2579 2560 2560 2560 2560 2560 2560 2560 2560
    2579 2579 2579 2579 2579 2579 2579 2598 2598 2598 2618 2618 2598
    2598 2598 5640 5640 5056 4911 2618 2618 2598 2579 2579 2560 2560
    2560 2560 2560 2560 2560 2560 2560 2560 2579 2579 2579 2579 2579
    2579 2598 2598 2598 2598 2598 2618 2618 2618 5548 5548 5056 2639
    2639 2618 2598 2598 2579 2560 2560 2560 2560 2560 2560 2560 2560
    2560 2560 2579 2579 2579 2579 2579 2579 2598 2598 2598 2598 2598
    2618 2618 2618 5548 5548 5056 2639 2639 2618 2598 2598 2579 2560
    2560 2560 2560 2560 2560 2560 2560 2560 2560 2560 2579 2579 2579
    2579 2579 2598 2598 2598 2598 2618 2618 2639 2639 5640 5640 5132
    4911 2659 2639 2598 2598 2579 2560 2560 2560 2560 2560 2560 2560
    2560 2560 2560 2560 2579 2579 2579 2579 2598 2598 2598 2598 2598
    2618 2618 2618 2618 5640 5640 5132 4911 2639 2618 2618 2598 2579
    2560 2560 2560 2560 2560 2560 2560 2560 2560 2560 2560 2579 2579
    2579 2579 2598 2598 2598 2598 2598 2618 2618 2598 2579 2579 5734
    5132 5056 2639 2618 2618 2598 2579 2560 2560 2560 2560 2560 2560
    2560 2560 2560 2560 2560 2579 2579 2579 2579 2598 2598 2598 2598
    2598 2598 2598 2579 2579 2579 2579 5132 5056 5056 2639 2618 2618
    2579 2560 2560 2560 2560 2560 2560 2560 2560 2560 2560 2560 2579
    2579 2579 2579 2579 2598 2598 2598 2598 2598 2598 2579 2560 2560
    2560 5132 5056 5056 5056 2618 2618 2579 2560 2560 2560 2560 2560
    2560 2560 2560 2560 2560 2579 2579 2579 2579 2579 2579 2598 2579
    2579 2598 2598 2598 2579 2560 2560 2560 5132 5132 5210 5210 2639
    2639 2579 2560 2560 2560 2560 2560 2560 2560 2560 2560 2560 2579
    2579 2579 2579 2579 2579 2579 2579 2579 2598 2598 2598 2579 2579
    2579 2579 5132 5132 5210 5210 2618 2618 2579 2560 2560 2560 2560
    2560 2560 2560 2560 2579 2579 2579 2579 2579 2579 2579 2579 2579
    2579 2579 2598 2598 2598 2598 2598 2598 2598 5210 5210 5210 5210
    2618 2618 2579 2560 2560 2560 2560 2560 2560 2560 2560 2560 2579
    2579 2579 2579 2579 2579 2579 2579 2579 2579 2598 2598 2598 2598
    2598 2598 2598 5210 5210 5132 5132 2618 2618 2579 2579 2560 2560
    2560 2560 2560 2560 2560 2560 2560 2579 2579 2560 2560 2579 2579
    2579 2579 2579 2598 2598 2598 2598 2598 2579 2579 5210 5210 5132
    5132 2618 2618 2598 2579 2560 2560 2560 2560 2560 2560 2560 2560
    2560 2560 2560 2560 2560 2579 2579 2579 2579 2579 2579 2579 2598
    2598 2598 2579 2579 5132 5132 5132 5132 5132 2618 2598 2579 2560
    2560 2560 2560 2560 2560 2560 2560 2560 2560 2560 2560 2560 2579
    2579 2579 2579 2579 2579 2579 2579 2579 2598 2579 2579 5132 5132
    5132 5132 5132 2618 2598 2579 2560 2560 2560 2560 2560 2560 2560
    2560 2560 2560 2560 2560 2560 2579 2579 2579 2579 2579 2579 2579
    2579 2579 2598 2618 2618 5132 5132 5132 5132 5132 2639 2598 2579
    2560 2560 2541 2541 2560 2560 2560 2560 2560 2560 2560 2560 2560
    2579 2579 2579 2579 2579 2579 5832 5734 5734 5640 5640 5640 5132
    5210 5210 5132 5132 2618 2598 2579 2560 2560 2541 2541 2560 2560
    2560 2560 2560 2560 2560 2560 2560 2560 2560 2579 2579 2579 5640
    5640 5640 5640 5640 5640 5640 5132 5132 5210 5132 2618 2618 2598
    2579 2560 2560 2541 2541 2560 2560 2560 2560 2560 2560 2560 2560
    2560 2560 2560 2560 2579 5734 5640 5640 5640 5640 5640 5640 5640
    5132 5132 5132 5132 2618 2618 2598 2579 2560 2541 2541 2560 2541
    2541 2560 2560 2560 2560 2560 2560 2560 2560 2560 2560 5832 5640
    5640 5640 5640 5640 5640 5640 5640 5132 5132 5132 5132 2659 2618
    2618 5291 2560 2541 2541 2541 2541 2541 2560 2560 2560 2579 2579
    2560 2560 2560 5832 5832 5734 5640 5640 5640 5640 5640 5640 5640
    5640 5132 5132 5132 5132 5210 5210 5210 5291 5291 2541 2541 2541
    2541 2560 2560 2579 2579 2598 2598 2598 2598 5832 5832 5832 5734
    5640 5640 5640 5548 5548 5640 5640 5640</data></Depth14601>
</opencv_storage>
