<?xml version="1.0"?>
<opencv_storage>
<Depth0005 type_id="opencv-matrix">
  <rows>124</rows>
  <cols>47</cols>
  <dt>w</dt>
  <data>
    3238 3238 3269 3333 3333 3300 3300 3300 3300 3300 3333 3333 3433
    3433 3433 3433 3433 3433 3433 3468 3468 3468 3468 3503 3539 3539
    3576 3576 3576 3614 3614 3614 3614 3653 3732 3774 3816 3948 3994
    2835 2835 2789 2744 2744 1054 1047 1044 3238 3238 3269 3300 3300
    3300 3300 3300 3300 3300 3333 3333 3399 3399 3365 3365 3399 3433
    3433 3433 3433 3433 3468 3468 3503 3539 3576 3576 3576 3576 3614
    3614 3614 3653 3732 3774 3774 3816 3859 3994 4089 1063 1063 1054
    1050 1047 1041 3178 3178 3238 3300 3300 3300 3300 3300 3300 3300
    3300 3300 3399 3333 3333 3365 3399 3433 3433 3399 3399 3399 3433
    3468 3503 3539 3539 3539 3576 3576 3614 3576 3576 3692 3732 3732
    3774 3816 3859 3948 3948 1060 1054 1050 1047 1044 1038 3178 3178
    3208 3238 3269 3269 3300 3300 3300 3300 3300 3300 3333 3333 3333
    3365 3365 3433 3399 3399 3399 3399 3433 3433 3503 3503 3503 3503
    3539 3539 3576 3576 3576 3692 3732 3732 3774 3774 1073 1073 3903
    1050 1047 1044 1041 1038 1034 3149 3178 3178 3238 3269 3269 3333
    3300 3300 3300 3300 3300 3333 3300 3300 3333 3333 3399 3399 3399
    3399 3399 3399 3433 3468 3468 3468 3468 3503 3539 3576 3614 3614
    3732 3732 3732 1077 1073 1070 1067 1057 1050 1044 1041 1038 1025
    1025 3149 3178 3178 3238 3208 3208 3238 3238 3300 3300 3300 3300
    3300 3300 3300 3300 3300 3365 3365 3365 3365 3365 3365 3399 3433
    3433 3433 3468 3503 3539 3576 3614 3614 3692 3732 1077 1073 1073
    1070 1067 1057 1047 1044 1038 1028 1025 1025 3178 3178 3178 3208
    3208 3208 3238 3238 3269 3269 3269 3269 3300 3300 3300 3300 3300
    3300 3300 3300 3300 3333 3333 3399 3433 3433 3433 3433 3503 3503
    3576 3732 3692 3692 1073 1073 1073 1067 1063 1060 1050 1044 1041
    1038 1025 1022 1022 3149 3149 3149 3178 3178 3178 3208 3208 3208
    3178 3178 3208 3269 3269 3269 3269 3269 3269 3269 3300 3300 3300
    3300 3300 3333 3399 3399 3399 3433 3433 3576 3653 3732 1077 1073
    1070 1070 1063 1060 1057 1047 1041 1038 1028 1022 1019 1019 3120
    3149 3149 3149 3149 3149 3178 3149 3149 3149 3149 3149 3238 3238
    3269 3269 3269 3269 3269 3269 3269 3300 3300 3300 3333 3399 3399
    3399 3433 3433 3576 3614 3732 1073 1073 1070 1063 1060 1057 1050
    1041 1038 1034 1025 1022 1016 1016 3092 3092 3092 3092 3092 3120
    3149 3120 3120 3149 3149 3149 3178 3178 3238 3269 3269 3269 3238
    3238 3238 3300 3300 3300 3365 3399 3399 3399 3433 3433 3614 3614
    3692 1073 1073 1070 1063 1057 1054 1047 1038 1038 1034 1025 1022
    1016 1016 3064 3064 3064 3092 3092 3092 3120 3092 3092 3120 3120
    3149 3149 3178 3178 3208 3208 3208 3238 3238 3238 3269 3300 3365
    3365 3399 3399 3399 3433 3433 3653 3653 3692 1073 1070 1067 1060
    1057 1050 1044 1038 1034 1028 1022 1019 1013 1013 3037 3037 3037
    3064 3064 3064 3092 3092 3092 3092 3092 3149 3149 3149 3178 3178
    3208 3208 3208 3208 3208 3269 3300 3365 3365 3399 3399 3399 3433
    3433 3653 3653 3692 1073 1070 1067 1060 1057 1050 1044 1038 1034
    1025 1022 1019 1010 1010 3037 3037 3037 3037 3037 3064 3092 3092
    3092 3064 3064 3092 3092 3120 3149 3149 3178 3178 3208 3208 3208
    3365 3365 3365 3399 3399 3399 3399 3433 1105 1105 1084 1084 1073
    1067 1063 1057 1054 1047 1044 1038 1031 1022 1019 1013 1007 1007
    3037 3037 3037 3010 3010 3010 3010 3092 3064 3064 3064 3092 3092
    3120 3149 3149 3178 3178 3208 3208 3238 3365 3365 3365 3399 3399
    3433 3433 1101 1094 1087 1084 1073 1070 1063 1060 1057 1054 1047
    1044 1034 1028 1019 1013 1010 1004 1004 3037 3037 3037 3010 3010
    3010 3010 3010 3037 3037 3037 3037 3064 3092 3092 3149 3178 3208
    3208 3208 3300 3365 3365 3365 3399 3399 3433 1097 1097 1090 1084
    1080 1073 1070 1060 1060 1050 1050 1044 1038 1031 1028 1016 1010
    1007 1001 1001 3037 3037 3037 3010 3010 3010 3010 3010 3037 3037
    3037 3037 3037 3064 3064 3064 3149 3208 3238 3238 3333 3365 3365
    3399 3399 3433 1097 1094 1094 1087 1084 1077 1070 1067 1060 1054
    1047 1047 1044 1038 1028 1019 1016 1010 1004 998 998 3037 2984 2984
    2958 2958 3010 3010 3010 3010 3037 3037 3010 3010 2984 2984 3037
    3120 3238 3300 3300 3300 3365 3365 3399 3433 1097 1097 1094 1090
    1084 1080 1077 1067 1060 1057 1054 1047 1044 1041 1034 1028 1019
    1010 1004 1001 995 995 2933 2933 2958 2958 2958 2984 3010 3010 3010
    3037 3037 3010 3010 2984 2984 3037 3120 3238 3269 3269 1123 1123
    1115 1108 1101 1097 1094 1084 1077 1077 1073 1073 1067 1060 1054
    1050 1044 1041 1034 1031 1025 1016 1007 1001 998 995 995 2908 2908
    2908 2908 2908 2984 3010 3010 3037 3037 3037 3010 3010 2984 2984
    3037 3120 3178 3238 3269 1123 1119 1115 1108 1101 1094 1087 1080
    1077 1073 1070 1067 1060 1057 1050 1047 1044 1038 1031 1025 1022
    1010 1004 998 998 992 992 2908 2908 2908 2908 2908 2958 2984 2984
    3010 3037 3037 3037 3037 3037 3037 3092 3120 3178 1130 1126 1123
    1119 1112 1105 1097 1094 1084 1080 1077 1073 1070 1063 1057 1054
    1044 1041 1034 1031 1025 1025 1019 1007 1001 998 995 989 989 2908
    2859 2859 2859 2933 2933 2958 2958 2958 3010 3064 3064 3064 3064
    3064 3149 3178 3208 1130 1126 1123 1119 1108 1105 1097 1094 1084
    1080 1077 1070 1063 1060 1057 1050 1041 1038 1031 1031 1019 1016
    1010 1004 998 992 989 984 984 2883 2859 2859 2859 2933 2933 2933
    2933 2933 2958 3064 3064 3064 3064 3064 3149 3208 1138 1130 1123
    1119 1112 1105 1101 1097 1090 1084 1077 1073 1070 1060 1057 1050
    1044 1041 1034 1031 1028 1019 1013 1004 1001 995 989 984 975 975
    2859 2859 2859 2859 2883 2908 2908 2908 2933 2958 3064 3064 3064
    3064 3064 3149 3208 1130 1126 1123 1112 1108 1097 1097 1094 1084
    1080 1073 1073 1063 1060 1057 1047 1041 1038 1034 1031 1025 1016
    1010 1004 998 995 987 981 975 975 2835 2835 2835 2859 2859 2908 2883
    2883 2908 2933 3064 3037 3037 3064 3064 3149 3208 1126 1123 1119
    1112 1101 1097 1094 1087 1080 1073 1070 1070 1060 1057 1054 1047
    1041 1038 1034 1031 1025 1013 1010 1001 995 992 984 981 967 967 2835
    2835 2812 2812 2835 2835 2883 2883 2908 2933 2958 3037 3037 1157
    1157 3120 3120 1126 1119 1112 1108 1097 1094 1090 1084 1077 1073
    1070 1063 1060 1057 1054 1044 1034 1034 1031 1028 1022 1007 1004 998
    992 984 981 975 967 967 2835 2812 2812 2812 2835 2835 2859 2908 2908
    2933 2958 1161 1149 1149 1145 1141 1130 1123 1115 1108 1105 1097
    1090 1087 1084 1077 1070 1067 1060 1057 1054 1047 1041 1031 1031
    1031 1019 1010 1007 1004 998 989 981 975 975 967 967 2835 2812 2789
    2789 2812 2835 2859 2908 2933 2958 2984 1157 1149 1145 1141 1138
    1130 1119 1112 1108 1101 1097 1090 1084 1080 1073 1063 1063 1057
    1054 1047 1044 1034 1028 1022 1019 1010 1004 1004 998 992 987 978
    973 970 964 964 2835 2789 2789 2789 2789 2859 2908 2933 2958 2958
    2984 1153 1149 1145 1138 1134 1126 1119 1108 1105 1101 1094 1087
    1084 1077 1060 1060 1060 1057 1050 1044 1038 1031 1025 1019 1013
    1004 1001 1001 998 989 984 975 967 964 962 962 2744 2789 2789 2789
    2789 2883 2933 2984 2984 2984 1157 1153 1141 1138 1138 1134 1123
    1115 1105 1101 1097 1094 1087 1084 1077 1060 1054 1054 1054 1044
    1038 1034 1028 1025 1013 1010 1001 998 998 992 984 978 975 964 962
    956 956 2723 2767 2767 2835 2835 2883 2883 2984 3010 1161 1153 1153
    1141 1138 1134 1119 1115 1112 1105 1101 1094 1090 1087 1080 1077
    1057 1050 1050 1047 1041 1034 1031 1025 1022 1010 1007 998 998 992
    987 981 975 967 962 954 954 954 2723 2767 2767 2835 2835 2883 2883
    2984 3010 1157 1153 1149 1141 1138 1134 1119 1115 1108 1097 1097
    1094 1084 1084 1080 1063 1057 1050 1050 1047 1041 1034 1031 1025
    1019 1007 1004 998 995 989 984 975 973 967 962 951 948 948 2701 2744
    2767 2812 2835 2883 2883 1165 1157 1153 1145 1141 1138 1138 1130
    1119 1112 1105 1097 1097 1084 1080 1077 1070 1063 1054 1047 1047
    1044 1041 1031 1025 1019 1016 1007 1001 998 989 984 978 973 970 967
