<?xml version="1.0"?>
<opencv_storage>
<Depth19790 type_id="opencv-matrix">
  <rows>18</rows>
  <cols>7</cols>
  <dt>w</dt>
  <data>
    5460 5460 5460 5460 5460 0 0 5548 5548 5460 5460 5460 0 0 5548 5548
    5460 5460 5460 0 0 5548 5460 5460 5460 5548 5640 0 5460 5460 5460
    5460 5548 5640 0 5460 5460 5460 5460 5460 5548 0 5460 5460 5460 5460
    5460 5548 0 5548 5548 5460 5460 5460 0 0 5640 5548 5548 5460 5460 0
    0 0 5734 5548 5460 5460 0 0 0 5640 5548 5460 5460 5460 0 5734 5640
    5640 5548 5460 5374 5374 5734 5640 5640 5548 5460 5374 5374 0 5640
    5640 5548 5548 5460 5460 0 5734 5734 5640 5640 5548 5548 0 0 5734
    5640 5640 5548 5548 0 5548 5548 5548 5640 5640 5640 0 5548 5460 5460
    5548 5640 5640</data></Depth19790>
</opencv_storage>
