<?xml version="1.0"?>
<opencv_storage>
<Depth4552 type_id="opencv-matrix">
  <rows>12</rows>
  <cols>18</cols>
  <dt>w</dt>
  <data>
    4405 4405 3539 3539 3539 3576 3614 3614 3614 3614 3614 3653 3692
    4405 4405 4463 4463 4463 4405 3614 3539 3539 3576 3576 3576 3576
    3576 3576 3614 3614 3653 3653 4463 4463 4463 4463 4405 3614 3539
    3539 3576 3576 3576 3576 3576 3576 3614 3614 3653 3653 3653 4463
    4405 4405 4405 3614 3576 3576 3614 3614 3614 3614 3614 3614 3614
    3614 3653 3653 3653 3692 4405 4405 4405 3576 3576 3576 3614 3614
    3614 3614 3614 3614 3614 3614 3653 3653 3653 3692 3732 4405 4405
    3576 3576 3576 3614 3614 3614 3614 3614 3614 3614 3614 3653 3653
    3653 3692 3732 3816 3614 3614 3614 3614 3614 3576 3576 3614 3614
    3614 3614 3614 3653 3653 3653 3653 3692 3692 3614 3614 3614 3576
    3576 3576 3576 3576 3576 3614 3614 3614 3653 3653 3653 3653 3614
    3614 3614 3576 3576 3576 3576 3576 3576 3539 3539 3539 3576 3576
    3653 3614 3614 3614 3614 3614 3614 3576 3576 3576 3576 3576 3576
    3539 3539 3539 3576 3576 3576 3576 3614 3614 3614 3576 3614 3576
    3576 3576 3576 3576 3576 3576 3576 3576 3576 3576 3576 3576 3576
    3576 3576 3576 3614 3576 3576 3576 3576 3576 3576 3576 3576 3576
    3576 3576 3539 3539 3576 3576 3576 3576</data></Depth4552>
</opencv_storage>
