<?xml version="1.0"?>
<opencv_storage>
<Depth6536 type_id="opencv-matrix">
  <rows>111</rows>
  <cols>51</cols>
  <dt>w</dt>
  <data>
    0 0 0 0 0 0 0 0 0 0 0 0 0 0 0 0 0 0 0 0 0 0 0 0 0 0 0 0 0 0 0 0 0
    3300 3300 3300 3300 3238 3208 3208 3178 3178 3208 970 967 964 964
    964 951 951 948 0 0 0 0 0 0 0 0 0 0 0 0 0 0 0 0 0 0 0 0 0 0 0 0 0 0
    0 0 0 0 3178 3178 3333 3269 3269 3269 3300 3300 3300 973 973 973 973
    970 967 964 962 959 951 951 948 0 0 0 0 0 0 0 0 0 0 0 0 0 0 0 0 0 0
    0 0 0 0 0 0 0 0 0 0 0 3300 3178 3178 3300 3269 3269 3269 3269 3269
    975 973 973 973 970 967 967 964 962 959 951 951 951 0 0 0 0 0 0 0 0
    0 0 0 0 0 0 0 0 0 0 0 0 0 0 0 0 0 0 0 0 3300 3300 3300 3300 3300
    3300 3300 3300 984 981 975 975 973 973 967 967 967 964 962 959 954
    954 948 0 0 0 0 0 0 0 0 0 0 0 0 0 0 0 0 0 0 0 0 0 0 0 0 0 0 0 0 3300
    3300 3300 3300 3300 3300 987 987 984 981 981 973 973 970 964 964 964
    962 959 956 954 951 946 0 0 0 0 0 0 0 0 0 0 0 0 0 0 0 0 0 0 0 0 0 0
    0 0 0 0 0 0 998 995 995 989 989 987 987 987 984 981 978 973 970 967
    962 962 962 959 956 954 951 946 943 0 0 0 0 0 0 0 0 0 0 0 0 0 0 0 0
    0 0 0 0 0 0 0 0 0 0 0 0 998 995 995 987 987 987 987 987 984 981 978
    973 970 964 962 962 959 956 954 954 948 943 940 0 0 0 0 0 0 0 0 0 0
    0 0 0 0 0 0 0 0 0 0 0 0 0 0 1038 1038 1010 1001 998 995 992 987 987
    984 984 984 981 981 978 973 973 964 962 962 959 956 954 951 948 943
    940 0 0 0 0 0 0 0 0 0 0 0 0 0 0 0 0 0 0 0 0 0 0 0 0 1034 1031 1007
    1001 998 995 992 987 987 984 984 984 978 975 975 973 973 964 962 962
    959 956 954 951 948 943 940 0 0 0 0 0 0 0 0 0 0 0 0 0 0 0 0 0 0 0 0
    0 0 0 0 1016 1007 1004 1001 998 995 995 992 987 984 981 981 978 975
    973 973 970 964 964 962 959 954 951 951 948 943 940 0 0 0 0 0 0 0 0
    0 0 0 0 0 0 0 0 0 0 0 0 0 0 1010 1010 1010 1007 1004 1001 998 995
    995 992 987 984 981 978 975 973 973 970 967 964 964 962 959 954 951
    948 943 943 940 0 0 0 0 0 0 0 0 0 0 0 0 0 0 0 0 0 0 1022 1019 1019
    1010 1007 1007 1007 1007 1004 1001 998 995 995 992 989 984 981 978
    975 973 973 970 967 964 962 959 956 954 951 946 943 938 938 0 0 0 0
    0 0 0 0 0 0 0 0 0 0 0 0 0 1025 1022 1019 1019 1010 1007 1007 1007
    1007 1001 998 998 995 992 987 987 984 981 978 975 973 970 970 964
    964 959 956 954 951 951 946 943 938 938 0 0 0 0 0 0 0 0 0 1044 1041
    1038 1034 1031 1031 1034 1031 1025 1022 1019 1019 1010 1010 1007
    1007 1007 1001 998 995 995 989 987 984 984 981 975 975 970 970 967
    964 962 959 954 954 951 951 946 943 935 935 0 0 0 0 0 0 0 0 1050
    1044 1041 1038 1034 1031 1031 1031 1028 1025 1022 1019 1016 1010
    1010 1007 1007 1004 998 995 995 992 989 987 984 981 975 973 973 970
    970 967 964 962 956 954 954 951 948 943 940 935 935 0 0 0 0 0 0 0
    1047 1047 1044 1041 1041 1034 1031 1031 1028 1025 1022 1019 1016
    1016 1013 1010 1007 1001 998 998 995 992 992 987 987 984 981 973 970
    970 970 967 964 962 962 956 954 951 951 948 943 940 935 935 0 0 0 0
    0 0 1047 1047 1044 1044 1041 1041 1034 1028 1028 1028 1025 1022 1019
    1016 1013 1010 1010 1004 1001 998 995 995 989 989 987 984 984 981
    973 970 970 967 964 964 962 959 954 951 951 948 946 943 938 935 935
    0 1067 1063 1063 1063 1063 1047 1047 1044 1044 1041 1038 1031 1028
    1028 1028 1022 1022 1019 1016 1010 1007 1007 1001 1001 998 995 992
    989 987 987 984 981 978 973 967 964 964 964 964 962 956 954 951 948
    946 943 940 935 933 933 1070 1067 1063 1063 1060 1057 1044 1044 1044
    1041 1038 1031 1031 1028 1028 1028 1022 1022 1019 1010 1007 1004
    1004 1001 1001 998 995 992 989 987 987 984 978 975 973 967 964 964
    962 962 959 954 951 948 946 943 943 940 935 933 933 1070 1067 1067
    1060 1057 1050 1044 1044 1041 1038 1034 1031 1028 1028 1028 1028
    1022 1022 1016 1010 1007 1001 1001 998 998 998 995 992 987 984 984
    978 975 975 973 967 964 964 962 959 956 954 951 948 946 943 940 933
    930 930 933 1070 1067 1060 1057 1057 1050 1047 1044 1041 1038 1031
    1028 1028 1025 1025 1022 1019 1019 1013 1010 1007 1001 998 998 998
    995 995 989 987 984 981 975 975 973 973 967 964 962 962 959 956 954
    951 946 943 943 940 933 930 930 930 1070 1063 1060 1057 1054 1050
    1047 1041 1041 1034 1031 1028 1028 1025 1025 1022 1019 1019 1013
    1010 1007 1001 998 998 995 992 992 987 987 984 981 975 975 973 973
    967 964 962 959 956 954 951 948 946 943 943 940 933 930 930 930 1067
    1060 1057 1054 1054 1047 1044 1041 1041 1034 1031 1028 1028 1025
    1022 1022 1019 1019 1013 1010 1007 1001 998 998 995 992 992 987 987
    984 981 975 975 973 967 964 962 959 956 954 954 951 948 946 943 943
    940 933 930 928 928 1063 1057 1054 1054 1050 1044 1041 1041 1041
    1034 1031 1028 1025 1022 1022 1019 1019 1016 1010 1007 1007 1001 998
    998 995 992 989 987 984 984 981 975 973 970 964 964 962 959 956 954
    954 951 948 946 943 940 938 933 930 928 928 1063 1057 1054 1054 1050
    1044 1041 1041 1034 1031 1031 1028 1025 1022 1022 1019 1019 1016
    1010 1007 1004 1001 998 995 992 989 987 987 984 984 978 975 973 970
    964 964 962 959 959 954 954 951 946 946 943 940 935 933 930 928 928
    1063 1060 1057 1054 1047 1044 1041 1038 1034 1031 1031 1028 1022
    1019 1019 1019 1016 1013 1010 1007 1004 998 998 995 992 989 987 984
    984 981 978 975 973 967 962 962 962 959 959 954 954 951 946 946 943
    940 933 933 928 925 925 1060 1060 1057 1054 1044 1044 1041 1038 1031
    1031 1028 1025 1022 1019 1019 1019 1013 1010 1007 1004 1001 998 995
    992 992 989 987 984 981 981 975 975 970 967 962 962 962 959 956 954
    951 948 946 943 943 933 933 930 928 925 925 1060 1060 1057 1054 1044
    1044 1041 1034 1031 1031 1028 1025 1019 1016 1016 1016 1013 1010
    1007 1004 998 995 992 989 989 987 984 984 981 981 975 975 967 964
    962 962 959 954 954 951 951 948 946 943 943 933 933 930 928 925 925
    1057 1057 1054 1050 1044 1041 1038 1034 1031 1031 1028 1022 1019
    1016 1016 1016 1013 1007 1004 1001 995 992 992 987 987 987 984 981
    981 978 975 973 967 964 962 962 959 954 954 951 948 948 946 943 940
    933 930 928 925 925 925 1054 1054 1050 1044 1041 1038 1034 1031 1031
    1028 1025 1022 1019 1016 1016 1016 1010 1004 1001 998 995 992 992
    987 987 984 984 981 978 975 973 970 967 964 962 962 959 954 951 951
    948 948 946 943 940 933 930 928 925 923 923 1054 1054 1050 1044 1041
    1034 1031 1028 1028 1025 1025 1019 1019 1016 1016 1013 1010 1004
    1001 998 995 992 989 987 984 984 981 978 975 973 973 967 964 962 962
    959 956 954 951 951 948 946 943 940 938 933 930 928 925 923 923 1054
    1050 1050 1041 1041 1034 1031 1028 1028 1025 1019 1019 1016 1013
    1013 1010 1010 1001 998 998 995 989 987 987 984 984 981 978 975 973
    970 964 964 962 962 959 956 954 951 948 946 943 940 938 933 930 928
    928 923 923 923 1054 1050 1047 1041 1041 1034 1031 1028 1028 1022
    1019 1016 1013 1010 1010 1010 1004 998 998 995 992 989 987 984 984
    984 978 975 975 973 970 964 962 962 959 956 954 951 948 946 943 943
    940 933 933 930 928 925 923 923 923 1054 1047 1044 1041 1038 1031
    1028 1028 1025 1019 1016 1016 1013 1010 1010 1010 1004 998 998 995
    992 989 987 984 984 978 975 973 973 973 964 962 962 959 956 954 951
    951 946 946 943 943 940 933 933 930 925 923 920 920 920 1054 1044
    1041 1038 1034 1031 1028 1025 1022 1019 1016 1016 1013 1007 1007
    1007 1001 998 995 995 989 987 987 984 981 978 975 973 970 967 962
    962 959 959 956 954 951 948 943 943 943 940 933 933 930 930 925 923
    920 920 920 1054 1041 1041 1038 1034 1031 1028 1022 1019 1019 1016
    1013 1010 1007 1007 1007 1001 998 995 989 987 987 984 984 978 975
    973 973 970 967 962 959 959 956 954 951 948 946 943 943 940 940 933
    930 930 925 925 923 920 920 920 1047 1041 1041 1034 1031 1031 1025
    1022 1019 1016 1016 1013 1010 1007 1007 1004 998 995 992 989 987 984
    984 981 978 975 973 973 967 962 962 959 956 954 954 951 948 946 943
    940 940 933 930 930 928 925 925 923 920 920 920 1047 1041 1041 1034
