<?xml version="1.0"?>
<opencv_storage>
<Depth0146 type_id="opencv-matrix">
  <rows>24</rows>
  <cols>26</cols>
  <dt>w</dt>
  <data>
    0 0 0 1722 1722 1688 1680 1680 1688 1688 1688 1688 1688 1688 1705
    1713 1731 2212 2212 2198 2184 2156 2116 2103 2090 2053 0 0 1731 1722
    1722 1688 1680 1680 1688 1688 1688 2286 1688 1688 2256 2241 2226
    2226 2212 2212 2198 2156 2116 2116 2103 2103 0 1731 1731 1731 1722
    1705 1696 1688 1688 2349 2317 2286 2271 2271 2256 2241 2241 2226
    2212 2212 2198 2156 2116 2116 2103 2090 1748 1731 1731 1731 1731
    1722 1713 1713 2349 2333 2317 2286 2271 2271 2256 2256 2256 2226
    2226 2226 2212 2156 2129 2129 2103 2090 1748 1739 1739 1739 1731
    1722 1722 2381 2349 2333 2317 2286 2256 2256 2256 2256 2256 2241
    2212 2212 2212 2156 2129 2129 2103 2103 1748 1739 1739 1739 1739
    2381 2381 2381 2365 2349 2301 2286 2256 2256 2256 2256 2256 2241
    2212 2212 2212 2156 2129 2129 2116 2116 1748 1748 1748 1748 1757
    2381 2381 2381 2349 2333 2301 2286 2271 2256 2256 2256 2241 2241
    2212 2212 2212 2184 2156 2156 2143 2116 1748 1748 1748 1757 2398
    2381 2365 2349 2349 2333 2301 2286 2271 2271 2256 2241 2241 2241
    2226 2212 2212 2212 2198 2198 2156 2156 1748 2415 2415 2415 2398
    2381 2365 2349 2349 2317 2301 2286 2286 2271 2256 2241 2241 2241
    2241 2241 2241 2241 2226 2212 2170 2170 2415 2398 2398 2398 2381
    2381 2365 2349 2349 2317 2301 2301 2301 2271 2256 2241 2241 2241
    2241 2241 2241 2256 2241 2226 2212 2212 2415 2398 2398 2398 2381
    2365 2349 2333 2333 2317 2317 2301 2301 2286 2271 2256 2256 2256
    2256 2271 2271 2271 2241 2226 2226 2226 2415 2415 2415 2398 2398
    2365 2349 2333 2333 2317 2317 2301 2301 2286 2271 2271 2271 2271
    2271 2271 2286 2271 2271 2226 2226 2226 2432 2432 2415 2415 2398
    2365 2365 2349 2333 2317 2317 2317 2301 2286 2286 2286 2271 2271
    2286 2286 2286 2271 2271 2226 2226 2835 2432 2432 2415 2398 2398
    2365 2365 2349 2333 2333 2333 2317 2317 2301 2301 2317 2301 2301
    2301 2301 2212 2212 2271 2271 2883 2883 2432 2415 2398 2381 2381
    2365 2365 2365 2349 2333 2333 2333 2333 2333 2333 2333 2333 2317
    2317 2170 2170 2184 2271 2908 2908 2908 1415 2415 2398 2381 2381
    2349 2349 2349 2365 2365 2365 2349 2349 2349 2349 2333 2333 2333
    2349 2170 2170 2184 2908 2908 2908 2908 1415 1415 2398 2365 2365
    2349 2349 2349 2365 2415 2398 2381 2365 2365 2365 2349 2349 2349
    2349 3037 2958 2933 2933 2958 2933 2933 1410 1410 1410 2365 2349
    2349 2349 2349 2381 2398 2398 2398 2381 2381 2381 3092 3064 3064
    3064 3064 3037 3010 3010 2984 2958 2958 1410 1410 1410 2349 2349
    2349 2349 2365 2398 2398 2398 2398 2398 2398 3092 3092 3092 3092
    3092 3064 3037 3037 3037 3037 2984 2984 1404 1404 1404 2398 2398
    2398 2450 2415 2415 2415 2415 2415 3092 3092 3092 3120 3092 3092
    3092 3092 3092 3092 3092 3092 3037 3037 1404 1404 1404 2450 2450
    2450 2485 2467 2432 2415 2415 2432 3064 3064 3092 3120 3120 3120
    3120 3092 3092 3092 3092 3092 3092 3064 1404 1404 1404 2485 2485
    2485 2485 2485 2467 2467 3092 3064 3064 3064 3092 3120 3120 3120
    3120 3092 3092 3092 3092 3120 3120 3092 1410 1410 1421 1421 2485
    2485 2485 2485 2485 2485 3120 3120 3092 3092 3120 3120 3149 3149
    3149 3149 3120 3120 3120 3120 3120 3120 1415 1421 1421 3178 2467
    2467 2485 2485 2485 3120 3120 3120 3120 3120 3120 3120 3178 3178
    3208 3178 3178 3178 3178 3178 3178 3149</data></Depth0146>
</opencv_storage>
