<?xml version="1.0"?>
<opencv_storage>
<Depth0050 type_id="opencv-matrix">
  <rows>30</rows>
  <cols>8</cols>
  <dt>w</dt>
  <data>
    5132 5132 5132 5056 4983 4911 4911 4911 5132 5056 5056 4983 4911
    4911 4911 4911 5132 5056 5056 4983 4911 4911 4911 4911 5132 5056
    4983 4983 4911 4911 4911 4911 5132 5056 4983 4911 4911 4911 4911
    4911 5056 4983 4983 4911 4911 4911 4911 4911 5056 4983 4983 4911
    4911 4842 4842 4842 5056 4983 4983 4911 4911 4842 4774 4774 5056
    4983 4983 4911 4911 4842 4774 4774 5056 4983 4983 4983 4911 4842
    4708 4708 5132 5056 4983 4983 4911 4774 4708 4708 5056 5056 4983
    4983 4983 4774 4774 4774 5056 5056 4983 4983 4911 4842 4774 4774
    5056 4983 4983 4983 4842 4842 4774 4774 4983 4983 4983 4911 4842
    4774 4708 4708 4983 4983 4983 4911 4774 4708 4708 4708 4983 4983
    4983 4911 4774 4708 4708 4708 4983 4983 4983 4911 4774 4708 4708
    4708 4983 4983 4983 4911 4774 4708 4708 4708 4983 4983 4983 4911
    4774 4708 4645 4645 4983 4983 4983 4911 4774 4708 4645 4645 4983
    4983 4983 4911 4774 4708 4645 4645 4983 4911 4842 4774 4708 4708
    4645 4645 4983 4911 4774 4708 4708 4645 4582 4582 4983 4911 4774
    4708 4708 4645 4522 4522 4983 4911 4842 4708 4645 4645 4522 4522
    4983 4911 4842 4708 4645 4645 4522 4522 4983 4911 4842 4708 4645
    4645 4645 4645 4911 4911 4842 4708 4645 4645 4645 4645 4911 4911
    4842 4708 4708 4582 4522 4522</data></Depth0050>
</opencv_storage>
