<?xml version="1.0"?>
<opencv_storage>
<Depth8598 type_id="opencv-matrix">
  <rows>55</rows>
  <cols>39</cols>
  <dt>w</dt>
  <data>
    4582 4582 4582 4582 4645 4645 4645 4645 4645 4645 4645 4645 4645
    2016 2016 2016 2005 2005 2005 2005 2016 2016 4842 4842 4842 4842
    4842 4842 4842 4842 4911 4911 4911 4911 4911 4911 5056 5056 5056
    4582 4582 4582 4582 4645 4645 4645 4645 4645 4645 4645 1873 1873
    1873 2005 2005 2005 2005 2005 2005 2016 2053 2053 4842 4842 4842
    4842 4842 4842 4842 4911 4911 4911 4911 4911 4911 4983 4983 4983
    4582 4582 4582 4582 4645 4645 4645 4708 4708 4708 1873 1873 1873
    1873 1883 2005 2005 2005 2016 2016 2016 2053 2053 4774 4774 4842
    4842 4842 4842 4911 4911 4911 4911 4911 4911 4911 4983 4983 4983
    4582 4582 4582 4582 4645 4708 4774 4774 1873 1873 1873 1873 1873
    1873 1883 1894 1947 1981 2005 2016 2028 2040 2053 4774 4774 4842
    4842 4842 4842 4911 4911 4911 4842 4842 4911 4911 4983 4983 4983
    4522 4522 4522 4582 4645 4645 1883 1883 1873 1873 1873 1873 1873
    1873 1883 1894 1936 1970 1993 2005 2016 2028 2040 2040 4842 4842
    4842 4842 4842 4842 4911 4842 4842 4842 4842 4911 4911 4911 4911
    4522 4522 4522 4522 1904 1894 1894 1883 1873 1873 1873 1873 1873
    1873 1883 1894 1926 1947 1970 1993 2016 2016 2040 2053 4842 4842
    4842 4842 4842 4842 4842 4842 4842 4842 4842 4911 4911 4911 4911
    4522 1883 1883 1883 1883 1894 1883 1883 1873 1873 1873 1873 1873
    1873 1883 1894 1915 1947 1959 1970 2005 2016 2028 2053 2053 4842
    4774 4774 4842 4842 4842 4842 4842 4842 4911 4911 4911 4911 4911
    1904 1883 1883 1883 1883 1883 1883 1873 1873 1873 1873 1873 1873
    1873 1873 1873 1883 1894 1947 1959 1981 2005 2028 2053 2053 2053
    4774 4774 4774 4842 4842 4842 4842 4842 4911 4911 4911 4911 4911
    1883 1883 1883 1883 1883 1873 1873 1873 1873 1873 1873 1873 1873
    1873 1873 1873 1873 1883 1904 1936 1959 1981 2005 2028 2053 2053
    4774 4774 4774 4842 4842 4842 4842 4911 4911 4911 4911 4911 4911
    1883 1883 1883 1883 1873 1873 1873 1873 1873 1873 1873 1873 1873
    1873 1873 1873 1873 1873 1883 1915 1947 1970 1981 2016 2040 2040
    4774 4774 4774 4842 4842 4842 4842 4911 4911 4911 4911 4911 4911
    1883 1883 1883 1883 1873 1873 1873 1863 1863 1873 1873 1873 1873
    1873 1873 1873 1873 1873 1883 1915 1936 1959 1981 2005 2028 2040
    2053 4774 4774 4774 4842 4842 4842 4911 4911 4911 4911 4911 4911
    1883 1883 1883 1883 1883 1873 1873 1863 1863 1873 1873 1873 1873
    1873 1873 1873 1873 1873 1883 1904 1926 1936 1970 1993 2016 2040
    2053 2053 4774 4774 4842 4842 4842 4842 4842 4911 4911 4911 4911
    1883 1883 1883 1883 1883 1873 1873 1873 1873 1873 1873 1873 1873
    1873 1873 1863 1863 1873 1883 1894 1915 1926 1959 1981 2016 2028
    2053 2065 4842 4842 4842 4842 4842 4842 4842 4842 4911 4911 4911
    1883 1883 1883 1873 1873 1873 1873 1873 1873 1873 1873 1873 1873
    1873 1873 1863 1863 1873 1883 1894 1915 1926 1947 1970 2005 2028
    2040 2053 2053 4911 4842 4842 4842 4842 4842 4842 4911 4842 4842
    1883 1883 1883 1873 1873 1873 1873 1873 1873 1873 1873 1873 1873
    1873 1873 1863 1863 1863 1873 1883 1904 1915 1936 1959 1993 2016
    2040 2040 2040 4911 4842 4774 4774 4842 4842 4842 4842 4842 4842
    1894 1894 1873 1873 1873 1873 1873 1873 1873 1873 1873 1863 1863
    1873 1863 1863 1863 1863 1873 1883 1894 1915 1926 1936 1970 2005
    2028 2028 2028 4842 4842 4774 4774 4842 4842 4842 4842 4842 4842
    4405 1894 1873 1873 1873 1873 1873 1873 1873 1873 1863 1863 1863
    1863 1863 1863 1863 1863 1863 1873 1883 1894 1904 1926 1959 1993
    2016 2028 2040 4842 4842 4842 4842 4842 4842 4842 4842 4842 4842
    4349 4349 1873 1873 1873 1873 1863 1863 1863 1863 1863 1863 1863
    1863 1853 1853 1853 1853 1863 1863 1873 1883 1904 1915 1936 1993
    2005 2016 2028 2053 4842 4774 4774 4774 4774 4842 4842 4842 4842
    4349 4522 1873 1873 1873 1873 1863 1863 1863 1863 1863 1863 1853
    1853 1853 1843 1843 1853 1843 1843 1863 1873 1894 1915 1926 1993
    1993 2016 2028 2053 4842 4774 4774 4774 4774 4842 4842 4842 4842
    4405 4463 4463 1873 1873 1873 1863 1863 1863 1863 1863 1863 1853
    1853 1853 1843 1843 1853 1843 1843 1863 1863 1883 1904 1915 1970
    1993 1993 2016 2040 2040 4774 4774 4774 4774 4842 4842 4842 4842
    4405 4463 4463 4349 1873 1873 1873 1873 1873 1863 1863 1863 1853
    1853 1853 1843 1843 1843 1843 1843 1863 1863 1883 1894 1915 1959
    1981 1993 2005 2040 2065 4842 4842 4774 4774 4842 4842 4842 4842
    4405 4349 4349 4349 1873 1873 1873 1873 1873 1863 1863 1863 1863
    1863 1863 1853 1843 1843 1843 1843 1853 1863 1873 1883 1904 1936
    1970 2005 2005 2040 2053 2053 4842 4842 4842 4842 4842 4842 4842
    4405 4295 4295 4295 1863 1863 1863 1873 1873 1873 1863 1863 1863
    1863 1863 1853 1853 1853 1843 1843 1853 1873 1873 1883 1904 1926
    1947 1981 2005 2016 2040 2053 2053 4842 4842 4842 4842 4842 4842
    4405 4295 4295 4405 4405 1863 1863 1873 1873 1873 1873 1863 1863
    1863 1863 1863 1863 1853 1853 1853 1853 1863 1873 1873 1915 1915
    1926 1959 1993 2005 2016 2040 2040 4842 4842 4842 4842 4842 4842
    4405 4349 4349 4405 1853 1853 1863 1873 1873 1873 1873 1863 1863
    1863 1863 1863 1863 1863 1853 1853 1853 1863 1863 1873 1904 1915
    1915 1936 1970 1993 2016 2016 2028 4842 4774 4774 4774 4842 4842
    4349 4405 4405 4405 1853 1853 1863 1873 1873 1873 1873 1863 1863
    1863 1863 1863 1863 1863 1853 1853 1853 1863 1863 1873 1894 1904
    1915 1936 1970 1993 2005 2016 2028 2028 4774 4774 4774 4842 4842
    4349 4349 4405 4405 4522 4522 1883 1883 1873 1873 1873 1863 1863
    1863 1863 1863 1853 1853 1843 1843 1843 1843 1863 1863 1883 1894
    1915 1926 1959 1981 2005 2016 2028 2028 4774 4774 4842 4842 4842
    4349 4349 4349 4349 4295 4295 4295 1883 1873 1873 1873 1863 1863
    1863 1853 1853 1853 1843 1843 1843 1843 1843 1853 1853 1863 1873
    1894 1915 1936 1959 1993 2016 2028 2040 4842 4842 4842 4842 4842
    4349 4349 4349 4349 4295 4295 4295 1894 1873 1873 1873 1863 1863
    1863 1853 1853 1843 1843 1843 1843 1843 1843 1843 1853 1863 1873
    1883 1894 1915 1936 1970 2005 2016 2028 2028 4842 4842 4842 4774
    4349 4349 4349 4349 4295 4295 4295 1873 1873 1873 1863 1863 1863
    1863 1853 1853 1843 1843 1843 1843 1843 1843 1843 1843 1853 1863
    1883 1883 1904 1926 1959 1993 2005 2028 2028 4842 4774 4774 4774
    4349 4349 4349 4349 4349 4349 4349 1873 1863 1863 1863 1863 1863
    1863 1853 1853 1843 1843 1843 1843 1843 1843 1843 1843 1843 1863
    1873 1883 1894 1926 1959 1981 1981 2016 2028 4842 4774 4774 4774
    4349 4349 4349 4349 4349 4349 4349 1863 1863 1853 1853 1853 1843
    1843 1853 1853 1843 1843 1843 1843 1843 1843 1843 1843 1843 1853
    1863 1873 1883 1883 1959 1970 1970 2005 2028 2040 4842 4842 4842
    4349 4349 4349 4349 4405 4405 4463 4463 1863 1853 1853 1853 1843
    1843 1843 1853 1853 1843 1843 1843 1843 1843 1843 1843 1843 1843
    1853 1873 1873 1883 1926 1959 1959 1993 2028 2040 2053 4842 4842
    4349 4349 4349 4349 4405 4405 4405 4405 1863 1853 1853 1853 1843
    1843 1843 1853 1853 1843 1843 1843 1843 1843 1843 1843 1843 1843
    1843 1863 1873 1883 1915 1936 1947 1970 2028 2040 2053 2053 4774
    4349 4349 4349 4349 4349 4405 4405 4405 4405 1863 1853 1853 1843
    1843 1843 1853 1853 1853 1853 1843 1843 1843 1843 1843 1843 1843
    1843 1853 1863 1873 1894 1926 1936 1959 2005 2040 2040 2053 4774
    4295 4295 4295 4349 4349 4349 4349 4349 1883 1873 1863 1863 1843
    1843 1843 1853 1853 1853 1853 1843 1843 1843 1843 1843 1843 1843
    1843 1853 1853 1873 1883 1915 1936 1959 1981 2028 2040 2040 2040
    4295 4295 4295 4295 4295 4349 4349 4349 1883 1883 1873 1863 1863
    1863 1853 1853 1843 1843 1843 1843 1843 1843 1843 1843 1843 1843
    1843 1853 1853 1873 1883 1894 1926 1959 1970 1993 2016 2016 2016
    4295 4295 4241 4241 4295 4295 4349 4349 4295 1894 1873 1853 1853
    1853 1843 1843 1843 1843 1843 1843 1843 1843 1843 1843 1843 1843
    1843 1843 1853 1863 1873 1883 1904 1947 1970 1981 2005 2016 2016
