<?xml version="1.0"?>
<opencv_storage>
<Depth17398 type_id="opencv-matrix">
  <rows>114</rows>
  <cols>67</cols>
  <dt>w</dt>
  <data>
    3614 3614 3614 3614 3576 3576 3539 3539 3539 3503 3503 3503 3503
    3503 3503 3433 3399 3399 3433 3433 3433 3433 3433 3399 3399 3399
    3399 3365 3365 3365 3333 3333 3333 3300 3300 3269 3269 3238 3238
    3238 3208 3208 3208 3208 1241 1219 1214 1214 1210 1210 1210 1210
    3149 3149 3149 3149 3120 3120 3120 3120 3120 3120 3092 3092 3064
    3064 3037 3614 3614 3614 3614 3614 3576 3576 3539 3503 3503 3503
    3503 3503 3503 3503 3433 3399 3399 3433 3433 3433 3433 3399 3399
    3399 3399 3399 3365 3365 3365 3333 3333 3333 3300 3300 3269 3269
    3238 3238 3208 3149 3149 3208 3208 1232 1223 1214 1210 1210 1210
    1210 0 1149 3149 3149 3149 3120 3120 3120 3120 3120 3120 3092 3092
    3064 3064 3037 3653 3614 3614 3614 3614 3576 3576 3539 3503 3503
    3503 3503 3539 3539 3468 3433 3399 3399 3399 3399 3433 3433 3399
    3399 3399 3399 3399 3365 3365 3365 3365 3333 3300 3300 3269 1232
    1227 1227 1227 1232 3149 1223 1223 1223 1223 1219 1214 1210 1210
    1210 1153 1153 1149 1149 1149 0 3120 3120 3120 3120 3120 3120 3092
    3092 3092 3064 3064 3653 3614 3614 3614 3614 3576 3539 3539 3503
    3503 3503 3503 3539 3539 3468 3433 3399 3399 3399 3399 3433 3433
    3399 3399 3399 3399 3399 3365 3365 3333 3333 3333 3300 1236 1232
    1227 1223 1223 1227 1227 1223 1223 1223 1223 1219 1219 1214 1153
    1153 1153 1153 1153 1149 1149 1149 0 3120 3120 3120 3120 3120 3120
    3092 3092 3092 3064 3064 3653 3653 3614 3614 3614 3576 3539 3539
    3503 3503 3503 3503 3539 3539 3503 3433 3433 3433 3433 3433 3433
    3399 3399 3399 3399 3399 3399 3365 3365 3333 1214 1214 1214 1214
    1214 1214 1214 1219 1219 1223 1219 1219 1219 1219 1219 1157 1153
    1149 1149 1149 1149 1149 1145 1145 1145 1145 3120 3120 3120 3120
    3120 3120 3092 3092 3092 3064 3064 3653 3614 3614 3614 3614 3614
    3576 3576 3503 3503 3503 3503 3576 3539 3503 3468 3433 3433 3433
    1232 1227 1227 1227 3365 1236 1236 1227 1223 1219 1214 1214 1214
    1214 1214 1210 1210 1214 1219 1219 1161 1157 1153 1153 1153 1153
    1153 1153 1149 1149 1145 1145 1145 1141 1141 1141 1141 0 3149 3149
    3149 3120 3120 3092 3092 3092 3092 3092 3653 3614 3614 3614 3614
    3614 3614 3576 3503 3503 3503 3503 3576 3539 3503 3468 3433 3433
    3468 1223 1223 1219 1214 1214 1236 1232 1227 1169 1161 1157 1157
    1161 1157 1153 1149 1149 1149 1153 1157 1153 1153 1149 1149 1149
    1149 1149 1149 1145 1141 1141 1141 1141 1138 1138 1138 1138 0 3149
    3149 3120 3120 3120 3092 3092 3092 3092 3092 3614 3614 3614 3614
    3614 3614 3614 3576 3576 3576 3576 3576 3614 3576 3576 3576 3576
    3576 1223 1223 1223 1214 1165 1157 1157 1165 1165 1165 1153 1153
    1153 1153 1153 1149 1149 1149 1145 1145 1149 1149 1145 1145 1149
    1149 1149 1149 1145 1141 1141 1141 1141 1141 1138 1138 1138 1138 0
    3120 3120 3120 3120 3120 3120 3092 3092 3092 3092 3614 3614 3614
    3653 1165 1165 3614 3614 3614 3614 3614 3614 3692 3692 3692 3692
    1153 1153 1149 1223 1223 1177 1165 1157 1157 1161 1153 1153 1153
    1153 1149 1149 1149 1149 1149 1145 1145 1145 1145 1141 1141 1145
    1141 1141 1145 1145 1141 1141 1141 1138 1138 1138 1138 1138 1138
    1138 0 0 3120 3120 3120 3120 3120 3120 3120 3120 3120 3653 3614 3614
    1165 1161 1157 1157 1157 1157 1165 1161 1157 0 1157 1157 1157 1153
    1153 1149 1149 1153 1153 1153 1153 1153 1153 1153 1153 1149 1149
    1149 1149 1149 1149 1149 1145 1145 1145 1145 1141 1141 1145 1141
    1141 1145 1145 1141 1141 1141 1138 1138 1138 1138 1138 1138 1138 0
    3120 3120 3120 3120 3120 3120 3120 3120 3120 3120 3614 1165 1161
    1161 1157 1157 1157 1157 1153 1165 1161 1157 1157 1157 1157 1157
    1153 1153 1149 1149 1149 1153 1153 1153 1153 1149 1149 1149 1149
    1149 1149 1149 1149 1149 1149 1149 1145 1145 1145 1145 1145 1145
    1145 1145 1145 1145 1145 1141 1141 1141 1141 1141 1138 1138 1138 0 0
    0 3120 3120 3120 3120 3120 3120 3120 3120 3120 1153 1165 1165 1161
    1153 1149 1149 1153 1153 1165 1161 1157 1157 1157 1157 1157 1153
    1153 1153 1149 1149 1149 1149 1149 1149 1149 1149 1149 1149 1149
    1149 1149 1149 1149 1149 1149 1149 1149 1145 1145 1149 1149 1145
    1145 1145 1145 1145 1145 1145 1145 1141 1141 1138 1138 1141 1141 0
    3120 3120 3120 3120 3120 3120 3120 3120 3120 3092 1153 1153 1157
    1157 1153 1149 1149 1153 1157 1157 1157 1157 1153 1153 1153 1153
    1153 1149 1149 1149 1149 1149 1149 1149 1149 1149 1149 1149 1149
    1149 1149 1149 1149 1149 1149 1149 1149 1149 1149 1149 1149 1149
    1145 1145 1149 1145 1145 1145 1145 1141 1141 1141 1145 1145 1145
    1145 1145 3120 3120 3120 3120 3120 3120 3120 3120 3120 3092 1153
    1153 1153 1153 1149 1149 1149 1153 1153 1157 1153 1153 1153 1153
    1153 1153 1153 1149 1149 1149 1149 1149 1149 1149 1149 1149 1149
    1149 1149 1149 1149 1149 1149 1149 1149 1149 1149 1149 1149 1149
    1149 1149 1149 1145 1145 1145 1145 1145 1145 1141 1141 1141 1145
    1145 1145 1145 1145 0 3120 3120 3120 3120 3120 3120 3120 3120 3120
    1157 1153 1153 1153 1149 1149 1149 1153 1153 1153 1153 1153 1153
    1153 1153 1153 1153 1149 1149 1149 1149 1149 1149 1149 1149 1149
    1149 1149 1149 1149 1149 1149 1149 1149 1149 1149 1149 1149 1149
    1149 1149 1149 1149 1145 1145 1145 1145 1145 1145 1141 1141 1141
    1145 1145 1145 1145 1145 0 3149 3120 3120 3120 3120 3120 3120 3120
    3120 1153 1153 1153 1153 1149 1149 1149 1153 1153 1153 1157 1153
    1153 1153 1153 1153 1153 1149 1149 1149 1149 1149 1153 1153 1149
    1149 1149 1149 1149 1149 1149 1149 1149 1149 1149 1149 1149 1149
    1149 1149 1149 1149 1149 1149 1145 1145 1145 1149 1145 1145 1145
    1145 1145 1145 1145 1145 1145 0 3149 3149 3120 3120 3120 3120 3120
    3120 3120 1153 1153 1149 1149 1149 1149 1153 1153 1153 1153 1157
    1153 1153 1153 1153 1153 1153 1149 1149 1149 1149 1149 1153 1153
    1149 1149 1149 1149 1149 1149 1149 1149 1149 1149 1149 1149 1149
    1149 1149 1149 1149 1149 1149 1149 1149 1149 1149 1149 1149 1149
    1149 1149 1149 1149 1145 1145 1149 0 3149 3149 3149 3120 3120 3120
    3120 3120 3120 1157 1153 1149 1149 1149 1149 1153 1157 1153 1153
    1157 1153 1153 1153 1153 1153 1153 1153 1153 1153 1149 1149 1153
    1153 1153 1149 1149 1149 1149 1149 1149 1149 1149 1149 1149 1149
    1153 1153 1149 1149 1149 1149 1149 1149 1149 1149 1149 1149 1149
    1149 1149 1149 1149 1149 1145 1145 1149 1149 3149 3149 3149 3149
    3149 3120 3120 3120 3120 1161 1153 1153 1149 1149 1149 1153 1157
    1157 1157 1157 1153 1153 1153 1153 1153 1153 1153 1153 1153 1149
    1149 1153 1153 1153 1153 1153 1149 1149 1149 1149 1149 1149 1149
    1149 1153 1153 1153 1149 1149 1149 1149 1149 1149 1149 1149 1149
    1149 1149 1149 1149 1149 1149 1149 1145 1145 1149 0 3149 3149 3149
    3149 3149 3120 3120 3120 3120 1169 1165 1161 1149 1149 1149 1153
    1157 1161 1161 1157 1157 1157 1157 1157 1157 1153 1153 1153 1153
    1153 1153 1153 1153 1153 1153 1153 1153 1153 1149 1149 1153 1149
    1149 1153 1153 1153 1153 1149 1149 1149 1149 1149 1149 1149 1149
    1149 1149 1149 1149 1149 1149 1149 1149 1149 1149 1149 1149 1149
    3178 3178 3149 3149 3149 3149 3120 3120 0 1161 1157 1157 1157 1157
    1157 1161 1161 1161 1161 1157 1157 1157 1157 1157 1153 1153 1153
    1153 1153 1153 1153 1153 1153 1153 1153 1153 1153 1149 1149 1153
    1153 1153 1153 1149 1149 1153 1149 1149 1149 1149 1149 1149 1149
    1149 1149 1149 1149 1149 1149 1149 1149 1149 1149 1149 1149 1149 0
    3178 3178 3149 3149 3149 3149 3149 3120 0 1161 1157 1157 1157 1157
    1161 1161 1161 1161 1157 1157 1157 1157 1157 1157 1153 1153 1153
    1153 1153 1153 1153 1153 1153 1153 1153 1153 1153 1153 1153 1153
    1153 1153 1153 1149 1149 1153 1153 1153 1149 1149 1153 1149 1149
    1149 1149 1149 1149 1149 1149 1149 1149 1149 1149 1149 1149 1149 0
    3178 3178 3149 3149 3149 3149 3120 3120 0 1157 1157 1161 1157 1157
    1161 1161 1161 1161 1157 1157 1157 1157 1157 1157 1157 1157 1157
