<?xml version="1.0"?>
<opencv_storage>
<Depth1271 type_id="opencv-matrix">
  <rows>58</rows>
  <cols>38</cols>
  <dt>w</dt>
  <data>
    3503 1776 1766 1757 1757 1748 1713 1705 1696 1696 1688 1680 1663
    1655 1655 1655 1655 1655 1632 1624 1624 1594 1586 1586 1586 1586
    1586 1594 1594 1594 1586 1586 1594 1601 1601 1601 1609 1616 1785
    1776 1766 1757 1757 1739 1713 1705 1696 1696 1688 1680 1663 1655
    1655 1655 1655 1647 1632 1616 1616 1601 1594 1594 1586 1579 1579
    1594 1594 1594 1586 1586 1594 1594 1594 1601 1601 1609 1776 1776
    1766 1757 1748 1739 1722 1713 1705 1696 1688 1680 1671 1663 1663
    1663 1655 1639 1624 1616 1609 1601 1594 1594 1586 1579 1579 1586
    1586 1594 1594 1594 1594 1594 1594 1601 1601 1609 1776 1776 1766
    1757 1748 1731 1722 1713 1705 1696 1688 1688 1680 1671 1663 1663
    1655 1639 1624 1616 1609 1601 1594 1586 1579 1579 1579 1586 1586
    1594 1594 1594 1601 1601 1601 1609 1609 1616 1785 1776 1766 1757
    1748 1731 1731 1722 1705 1696 1688 1688 1680 1671 1663 1663 1647
    1639 1624 1616 1609 1601 1594 1586 1579 1579 1579 1586 1586 1594
    1594 1594 1601 1601 1609 1616 1616 1616 1785 1776 1766 1757 1757
    1731 1731 1722 1713 1696 1696 1688 1680 1671 1663 1663 1647 1639
    1624 1624 1609 1601 1601 1594 1586 1586 1586 1586 1594 1594 1594
    1601 1601 1609 1616 1616 1624 1624 1785 1776 1766 1757 1757 1739
    1731 1722 1705 1696 1688 1688 1680 1671 1663 1663 1655 1639 1624
    1624 1616 1601 1601 1594 1586 1586 1594 1594 1594 1594 1601 1601
    1601 1609 1616 1624 1624 1624 1785 1776 1766 1757 1757 1739 1722
    1713 1705 1696 1688 1688 1680 1671 1663 1663 1655 1639 1624 1624
    1616 1609 1601 1594 1586 1586 1594 1594 1594 1594 1594 1601 1601
    1609 1616 1616 1616 1616 1785 1776 1766 1766 1757 1739 1722 1713
    1705 1696 1696 1688 1680 1680 1663 1655 1655 1632 1624 1624 1616
    1609 1601 1594 1586 1586 1586 1586 1594 1594 1594 1601 1601 1609
    1616 1616 1616 1616 1776 1776 1766 1766 1748 1739 1731 1713 1713
    1696 1696 1688 1680 1671 1663 1655 1647 1632 1624 1616 1616 1609
    1601 1594 1586 1586 1586 1586 1594 1594 1594 1601 1601 1609 1616
    1624 1624 1624 1776 1776 1766 1766 1748 1739 1731 1722 1713 1696
    1696 1688 1680 1671 1663 1655 1647 1632 1624 1616 1616 1609 1601
    1594 1586 1579 1579 1586 1594 1594 1594 1601 1609 1609 1616 1624
    1624 1624 1776 1776 1766 1766 1739 1731 1722 1713 1713 1696 1696
    1688 1680 1680 1663 1655 1647 1632 1624 1624 1616 1609 1601 1594
    1586 1579 1579 1586 1594 1594 1594 1601 1601 1609 1616 1616 1624
    1624 1785 1776 1766 1757 1739 1731 1722 1713 1705 1696 1696 1688
    1688 1680 1663 1655 1647 1632 1632 1624 1616 1601 1594 1594 1586
    1586 1586 1586 1594 1594 1601 1601 1601 1609 1616 1616 1624 1632
    1794 1785 1766 1757 1739 1731 1722 1713 1705 1696 1696 1688 1688
    1680 1663 1655 1647 1632 1632 1624 1616 1601 1594 1586 1579 1579
    1586 1586 1594 1601 1601 1601 1601 1609 1616 1616 1624 1632 1794
    1785 1766 1757 1739 1731 1722 1713 1705 1696 1696 1688 1688 1671
    1663 1647 1639 1632 1632 1624 1616 1601 1594 1586 1579 1579 1586
    1586 1594 1601 1601 1601 1601 1609 1616 1624 1624 1632 1794 1785
    1766 1757 1739 1731 1722 1713 1705 1696 1696 1688 1688 1671 1663
    1647 1639 1632 1632 1624 1616 1601 1594 1586 1579 1579 1586 1594
    1594 1601 1601 1601 1601 1609 1616 1624 1632 1632 1794 1785 1766
    1757 1739 1731 1722 1713 1705 1696 1696 1688 1680 1671 1663 1647
    1639 1632 1632 1624 1616 1601 1594 1586 1579 1579 1586 1594 1594
    1601 1601 1601 1601 1609 1616 1616 1624 1624 1794 1785 1766 1757
    1739 1731 1722 1713 1705 1696 1696 1688 1680 1671 1663 1655 1647
    1639 1632 1624 1616 1601 1594 1594 1586 1586 1594 1594 1594 1601
    1601 1601 1609 1609 1616 1616 1624 1624 1794 1785 1766 1757 1739
    1731 1731 1713 1705 1696 1696 1688 1680 1671 1663 1663 1655 1639
    1632 1624 1609 1601 1601 1594 1586 1586 1586 1594 1594 1601 1601
    1601 1609 1609 1616 1616 1624 1624 1794 1785 1766 1757 1739 1731
    1731 1722 1705 1696 1696 1688 1680 1671 1663 1655 1647 1639 1632
    1624 1609 1601 1594 1594 1586 1586 1586 1594 1594 1601 1601 1601
    1609 1609 1616 1616 1624 1624 1794 1785 1766 1766 1739 1731 1731
    1722 1713 1705 1696 1688 1680 1671 1663 1655 1647 1639 1632 1624
    1609 1601 1594 1594 1586 1586 1586 1594 1594 1601 1601 1601 1609
    1609 1616 1624 1624 1624 1794 1785 1766 1766 1739 1731 1731 1722
    1713 1705 1696 1688 1680 1671 1663 1655 1647 1639 1632 1624 1616
    1601 1601 1594 1586 1586 1586 1594 1594 1601 1601 1601 1609 1609
    1609 1616 1624 1624 1785 1776 1776 1766 1748 1739 1731 1722 1722
    1713 1696 1688 1680 1671 1663 1663 1647 1639 1632 1624 1616 1609
    1601 1594 1594 1594 1594 1594 1594 1601 1601 1601 1609 1609 1609
    1616 1616 1624 1785 1776 1776 1766 1748 1739 1731 1722 1722 1713
    1705 1688 1680 1671 1663 1663 1647 1639 1632 1624 1616 1609 1601
    1594 1594 1594 1594 1594 1594 1601 1601 1601 1609 1609 1609 1616
    1616 1624 1785 1776 1776 1766 1766 1748 1731 1722 1722 1713 1705
    1688 1680 1671 1663 1663 1647 1639 1632 1624 1616 1609 1601 1594
    1594 1594 1594 1594 1594 1601 1601 1609 1609 1609 1609 1616 1616
    1624 1794 1776 1776 1766 1766 1748 1731 1722 1722 1713 1705 1696
    1688 1680 1671 1663 1655 1639 1632 1624 1616 1609 1601 1594 1594
    1594 1594 1594 1601 1601 1601 1609 1609 1609 1609 1616 1616 1624
    1794 1785 1766 1766 1766 1748 1731 1722 1722 1713 1705 1696 1688
    1680 1671 1663 1655 1639 1632 1624 1624 1616 1601 1601 1594 1594
    1594 1594 1601 1601 1601 1601 1609 1609 1616 1624 1624 1624 1794
    1785 1766 1766 1766 1748 1731 1722 1722 1705 1705 1696 1688 1680
    1671 1663 1655 1639 1632 1624 1624 1616 1609 1601 1594 1594 1601
    1601 1601 1601 1601 1601 1609 1616 1624 1624 1624 1624 1804 1785
    1776 1766 1766 1748 1731 1722 1722 1705 1705 1696 1688 1680 1671
    1663 1647 1639 1632 1624 1624 1616 1609 1601 1594 1594 1601 1601
    1601 1601 1601 1601 1609 1616 1624 1624 1624 1632 1804 1794 1776
    1766 1757 1748 1731 1731 1722 1713 1705 1696 1688 1680 1671 1663
    1647 1639 1632 1624 1624 1616 1609 1601 1594 1594 1601 1601 1601
    1601 1601 1601 1609 1616 1624 1624 1624 1632 1794 1785 1776 1766
    1757 1748 1731 1731 1722 1713 1705 1696 1688 1688 1671 1663 1647
    1647 1632 1624 1624 1616 1609 1601 1594 1594 1601 1601 1601 1601
    1601 1601 1609 1616 1624 1624 1624 1632 1794 1785 1776 1766 1766
    1748 1731 1731 1722 1713 1705 1696 1688 1688 1671 1663 1655 1647
    1632 1624 1624 1616 1601 1594 1594 1594 1594 1601 1601 1601 1601
    1601 1609 1616 1624 1624 1632 1632 1794 1785 1776 1766 1766 1739
    1731 1731 1722 1713 1705 1696 1688 1688 1671 1663 1655 1647 1632
    1624 1624 1616 1601 1594 1594 1594 1594 1601 1601 1601 1601 1609
    1609 1624 1632 1632 1632 1639 1794 1785 1776 1766 1766 1739 1731
    1731 1722 1713 1705 1696 1688 1680 1671 1663 1655 1647 1632 1624
    1624 1616 1601 1594 1594 1594 1601 1601 1609 1609 1609 1616 1616
    1624 1632 1632 1639 1639 1794 1794 1785 1766 1766 1739 1731 1731
    1722 1713 1705 1696 1688 1680 1671 1663 1655 1639 1632 1624 1624
    1609 1601 1594 1594 1594 1601 1609 1616 1616 1616 1616 1616 1624
    1632 1632 1632 1632 1794 1794 1785 1776 1757 1748 1739 1731 1722
    1713 1705 1696 1688 1680 1671 1663 1655 1639 1632 1632 1624 1609
    1601 1594 1594 1594 1601 1609 1616 1616 1616 1624 1624 1624 1632
    1632 1632 1632 1804 1794 1794 1785 1757 1757 1748 1731 1722 1713
    1705 1696 1688 1680 1671 1663 1655 1639 1632 1632 1624 1616 1601
    1601 1601 1601 1601 1609 1616 1624 1624 1624 1624 1632 1632 1632
    1624 1624 1804 1804 1794 1785 1757 1757 1739 1731 1722 1713 1705
    1696 1688 1688 1680 1663 1663 1647 1632 1632 1624 1616 1609 1601
    1601 1601 1601 1601 1609 1609 1616 1616 1624 1624 1624 1624 1624
    1624 1804 1804 1794 1785 1757 1757 1739 1731 1722 1722 1705 1696
    1696 1688 1680 1671 1663 1647 1639 1632 1624 1624 1624 1609 1601
    1601 1601 1601 1601 1609 1616 1616 1624 1624 1624 1624 1624 1632
