<?xml version="1.0"?>
<opencv_storage>
<Depth8429 type_id="opencv-matrix">
  <rows>24</rows>
  <cols>8</cols>
  <dt>w</dt>
  <data>
    6889 4522 4522 4522 4522 4522 6889 6753 4582 4522 4463 4463 4463
    4463 4522 6753 4463 4463 4463 4463 4463 4463 4463 4463 4463 4463
    4463 4405 4405 4463 4463 4463 4522 4463 4463 4405 4405 4463 4463
    4463 4522 4522 4463 4463 4463 4463 4463 4463 4522 4522 4463 4463
    4463 4463 4463 4463 4522 4522 4463 4463 4463 4463 4463 4463 4463
    4463 4463 4463 4463 4463 4463 4463 4463 4463 4463 4463 4463 4463
    4463 4463 4522 4463 4463 4463 4463 4463 4405 4405 4463 4463 4463
    4463 4463 4463 4405 4405 4405 4463 4463 4463 4463 4463 4405 4405
    4405 4463 4463 4463 4463 4463 4463 4463 4405 4463 4463 4463 4463
    4522 4522 4522 4522 4463 4463 4463 4463 4463 4463 4522 4522 4463
    4463 4463 4463 4463 4463 4522 4522 4522 4463 4463 4463 4405 4405
    4463 4582 4522 4463 4463 4463 4405 4405 4463 4582 4522 4463 4463
    4463 4463 4405 4405 4582 4463 4463 4463 4463 4463 4405 4405 4522
    4463 4463 4463 4463 4463 4463 4463 4522 4463 4463 4463 4463 4463
    4463 4522 4522 4463 4463 4463 4463 4463 4463 4522</data></Depth8429>
</opencv_storage>
