<?xml version="1.0"?>
<opencv_storage>
<Depth15840 type_id="opencv-matrix">
  <rows>8</rows>
  <cols>23</cols>
  <dt>w</dt>
  <data>
    5056 4983 4983 4911 4911 4842 4708 4708 4774 4842 4842 4842 4842
    4842 4842 4842 4842 4774 4774 4774 4774 4774 4645 4911 4911 4911
    4911 4842 4842 4774 4774 4774 4774 4774 4774 4774 4774 4774 4774
    4774 4774 4774 4774 4774 4774 4645 4911 4911 4842 4842 4842 4842
    4842 4774 4774 4774 4774 4774 4774 4774 4774 4774 4774 4774 4774
    4774 4774 4708 4708 4911 4911 4842 4842 4842 4842 4842 4842 4774
    4774 4774 4774 4774 4774 4774 4774 4774 4774 4774 4708 4708 4708
    4708 4911 4842 4842 4842 4842 4842 4842 4842 4774 4774 4774 4774
    4774 4774 4774 4774 4774 4774 4774 4708 4708 4708 4645 4911 4842
    4774 4774 4842 4842 4842 4842 4774 4774 4774 4774 4774 4774 4774
    4774 4774 4708 4708 4774 4645 4645 4582 4911 4774 4774 4774 4774
    4774 4842 4774 4774 4774 4774 4774 4774 4774 4774 4774 4774 4708
    4708 0 4645 4645 4582 4911 4774 4708 4708 4708 4774 4842 4774 4774
    4842 4774 4774 4774 4774 4774 4774 0 0 0 0 0 0 0</data></Depth15840>
</opencv_storage>
