<?xml version="1.0"?>
<opencv_storage>
<Depth16715 type_id="opencv-matrix">
  <rows>43</rows>
  <cols>32</cols>
  <dt>w</dt>
  <data>
    4190 4139 2365 2349 2317 2271 2256 2256 2286 2286 2301 2301 4190
    4190 2349 2349 2349 2349 2349 2349 2349 2365 2365 2349 2317 2317
    2333 2333 2349 4190 4190 4190 2398 2349 2349 2333 2317 2271 2256
    2256 2286 2286 2301 2301 2301 2301 2301 2301 2317 2317 2333 2333
    2349 2349 2349 2333 2317 2317 2333 2333 2333 2333 4190 4190 2349
    2333 2333 2317 2301 2271 2271 2286 2286 2286 2286 2301 2301 2301
    2301 2301 2301 2301 2317 2317 2317 2317 2317 2317 2317 2317 2333
    2333 2333 2333 4190 4190 2349 2333 2333 2301 2301 2271 2271 2286
    2286 2286 2286 2286 2286 2286 2301 2301 2301 2301 2301 2301 2317
    2317 2317 2317 2317 2317 2333 2333 2333 2333 2333 4190 2349 2333
    2333 2301 2286 2271 2271 2286 2286 2286 2286 2286 2286 2286 2301
    2301 2301 2301 2301 2301 2317 2317 2317 2317 2317 2317 2333 2333
    2333 2333 2333 4190 2349 2333 2333 2301 2286 2271 2271 2286 2286
    2286 2286 2286 2286 2286 2301 2301 2301 2301 2301 2301 2317 2317
    2317 2317 2317 2317 2333 2333 2333 2333 2333 4190 2333 2333 2333
    2301 2286 2286 2286 2286 2286 2286 2286 2286 2286 2286 2301 2301
    2301 2301 2301 2301 2317 2317 2317 2317 2317 2333 2333 2317 2317
    2333 2333 4190 2333 2333 2333 2301 2286 2271 2271 2286 2286 2286
    2286 2286 2286 2286 2286 2301 2301 2301 2301 2301 2317 2317 2333
    2317 2317 2333 2333 2317 2317 2333 2333 4190 2333 2333 2333 2301
    2286 2271 2271 2286 2286 2286 2286 2286 2286 2286 2286 2286 2301
    2301 2301 2317 2317 2317 2333 2333 2333 2333 2333 2333 2333 2349
    2349 4190 2349 2333 2333 2317 2301 2286 2286 2286 2286 2286 2286
    2286 2286 2286 2286 2286 2301 2301 2301 2301 2301 2317 2317 2333
    2333 2333 2333 2333 2333 2349 4190 4190 2349 2333 2333 2317 2301
    2286 2286 2286 2286 2286 2286 2286 2286 2286 2286 2286 2301 2301
    2301 2301 2301 2317 2317 2333 2333 2333 2349 2349 2349 2349 4190
    4190 2349 2349 2349 2317 2301 2286 2286 2286 2286 2286 2286 2301
    2301 2301 2286 2286 2301 2301 2301 2317 2317 2317 2317 2333 2333
    2333 2349 2349 2349 2349 4190 4190 2349 2349 2349 2317 2301 2286
    2286 2286 2286 2286 2286 2286 2286 2301 2301 2301 2301 2301 2301
    2301 2317 2317 2317 2317 2333 2333 2349 2349 2349 2349 2349 4190
    2349 2349 2349 2317 2301 2286 2286 2286 2301 2286 2286 2286 2286
    2301 2301 2301 2301 2301 2301 2301 2317 2317 2317 2317 2333 2333
    2349 2349 2349 2349 2349 4190 2333 2349 2349 2333 2301 2286 2286
    2286 2301 2286 2286 2286 2301 2301 2301 2301 2301 2301 2301 2301
    2317 2317 2333 2333 2333 2349 2349 2349 2349 2349 2349 2349 2333
    2333 2333 2333 2317 2301 2301 2301 2301 2286 2286 2286 2286 2301
    2301 2301 2301 2301 2301 2301 2301 2317 2317 2333 2333 2349 2349
    2349 2349 2349 2349 2349 2333 2333 2333 2333 2301 2301 2301 2301
    2286 2286 2301 2286 2286 2301 2301 2301 2301 2301 2301 2301 2301
    2317 2317 2333 2333 2333 2349 2349 2349 2349 2349 2349 2398 2349
    2349 2333 2301 2301 2301 2286 2286 2286 2286 2301 2301 2301 2301
    2301 2301 2301 2301 2301 2301 2301 2317 2317 2333 2333 2349 2349
    2349 2349 2349 2349 2381 2349 2349 2349 2317 2301 2301 2286 2286
    2286 2286 2301 2301 2301 2301 2301 2301 2301 2301 2301 2301 2301
    2317 2317 2333 2333 2349 2349 2349 2349 2349 4190 2381 2365 2365
    2349 2317 2301 2301 2301 2301 2301 2301 2301 2301 2301 2301 2301
    2301 2301 2301 2301 2317 2317 2317 2333 2333 2349 2349 2349 2349
    2349 2349 2365 2381 2365 2365 2349 2317 2301 2301 2301 2301 2301
    2301 2301 2301 2301 2301 2301 2301 2301 2317 2317 2317 2317 2317
    2333 2333 2333 2349 2349 2349 2349 2349 2365 2365 2365 2365 2349
    2333 2301 2301 2301 2301 2301 2301 2301 2301 2301 2301 2301 2301
    2301 2317 2317 2317 2317 2333 2333 2333 2333 2349 2349 2349 2349
    2365 2365 2365 2365 2365 2349 2333 2301 2301 2301 2301 2301 2301
    2301 2301 2301 2301 2301 2317 2317 2317 2333 2317 2317 2333 2333
    2349 2349 2349 2349 2349 2349 2349 2365 2349 2349 2365 2349 2333
    2317 2301 2301 2301 2301 2301 2301 2301 2317 2317 2317 2317 2317
    2317 2333 2317 2317 2333 2349 2349 2349 2349 2349 2349 2349 2349
    2365 2333 2349 2365 2349 2333 2317 2301 2301 2301 2301 2301 2301
    2301 2317 2317 2317 2317 2317 2333 2333 2333 2333 2349 2349 2349
    2349 2349 2349 2349 2349 2349 2365 2333 2349 2365 2349 2333 2317
    2301 2301 2301 2301 2301 2301 2301 2317 2317 2317 2317 2317 2333
    2333 2333 2333 2349 2349 2349 2349 2349 2365 2365 2365 2365 2365
    2317 2349 2365 2349 2349 2333 2317 2301 2301 2301 2301 2301 2301
    2301 2301 2317 2317 2317 2333 2333 2333 2333 2349 2349 2349 2349
    2349 2365 2365 2365 2349 2349 2317 2365 2381 2349 2349 2333 2317
    2301 2301 2301 2301 2301 2301 2301 2301 2317 2317 2317 2333 2333
    2333 2333 2349 2349 2349 2349 2365 2365 2365 2365 2349 2349 4190
    2381 2381 2365 2349 2333 2317 2301 2301 2301 2301 2301 2301 2301
    2301 2317 2317 2333 2333 2333 2333 2333 2349 2349 2349 2349 2365
    2365 2365 2365 2365 2365 4190 2398 2381 2365 2349 2349 2333 2301
    2301 2301 2301 2301 2301 2301 2317 2317 2317 2333 2333 2333 2333
    2333 2349 2349 2365 2365 2365 2365 2365 2365 2365 2365 4190 2381
    2365 2365 2349 2333 2333 2317 2301 2301 2301 2301 2301 2301 2317
    2317 2317 2333 2333 2333 2333 2349 2349 2349 2365 2365 2365 2365
    2365 2365 2365 2365 4190 2365 2365 2365 2349 2333 2333 2317 2317
    2317 2301 2301 2317 2317 2317 2317 2317 2317 2333 2333 2333 2349
    2349 2349 2349 2365 2365 2365 2365 2365 2365 2365 4190 2365 2365
    2365 2349 2333 2317 2317 2317 2317 2317 2317 2317 2317 2317 2317
    2317 2317 2333 2333 2333 2349 2349 2349 2349 2349 2365 2365 2365
    2365 2365 2365 4190 2365 2365 2365 2349 2333 2317 2317 2317 2317
    2317 2317 2317 2317 2317 2317 2333 2333 2333 2333 2349 2349 2349
    2349 2349 2349 2365 2365 2365 2365 2365 2365 4295 2398 2398 2365
    2349 2333 2317 2317 2317 2317 2317 2317 2317 2317 2317 2317 2333
    2333 2333 2349 2349 2349 2349 2349 2349 2365 2365 2365 2365 2365
    2365 2365 4295 2415 2381 2365 2349 2349 2333 2317 2317 2317 2317
    2317 2317 2317 2317 2333 2333 2333 2333 2333 2349 2349 2349 2349
    2349 2365 2365 2365 2365 2365 2365 2365 4241 2415 2381 2365 2365
    2349 2333 2317 2317 2317 2317 2317 2317 2317 2317 2333 2333 2333
    2333 2333 2349 2349 2349 2349 2349 2365 2365 2365 2365 2365 2365
    2381 4241 2398 2381 2365 2365 2349 2333 2317 2317 2317 2317 2317
    2317 2317 2333 2333 2333 2333 2333 2349 2349 2349 2349 2349 2349
    2365 2365 2365 2365 2365 2365 2381 2579 2398 2381 2365 2365 2349
    2349 2317 2317 2317 2317 2317 2317 2317 2333 2333 2333 2333 2333
    2349 2349 2349 2349 2365 2365 2365 2365 2365 2365 2381 2381 2381
    2579 2579 2381 2365 2365 2349 2349 2333 2317 2317 2317 2317 2317
    2333 2333 2333 2333 2333 2333 2349 2349 2365 2365 2365 2365 2365
    2365 2381 2398 2398 2398 2398 2618 2618 2618 2365 2365 2365 2349
    2333 2333 2317 2317 2317 2317 2333 2349 2349 2349 2333 2333 2349
    2365 2365 2365 2365 2365 4349 4295 4295 4295 4295 4295 4295 2618
    2618 2618 2639 2639 2365 2349 2333 2333 2317 2317 2317 2333 2333
    2349 2349 2349 2333 2333 2349 2365 2381 2365 2365 4295 4295 4295
    4295 4295 4295 4295 4295 2618 2618 2618 2639 2639 2639 2639 2333
    2333 2317 2317 2317 2333 2333 2349 2349 2349 2349 2349 2365 2365
    4349 4349 4295 4295 4295 4295 4295 4295 4241 4241 4241</data></Depth16715>
</opencv_storage>
