<?xml version="1.0"?>
<opencv_storage>
<Depth13787 type_id="opencv-matrix">
  <rows>66</rows>
  <cols>60</cols>
  <dt>w</dt>
  <data>
    3149 3149 3149 3149 3149 3149 3149 3178 3178 3178 3178 3208 3208
    3238 3238 3238 3208 3208 3238 3238 3238 3208 3208 4463 4463 4463
    4522 4522 4522 4582 4582 1586 1586 1594 1594 1594 1594 1594 1594
    4522 4522 4582 4582 4582 4582 4582 4582 4582 4582 4582 4522 4522
    4522 4522 4522 4522 4522 4522 4522 4522 3178 3178 3178 3149 3149
    3149 3149 3178 3178 3178 3178 3178 3208 3238 3238 3208 3208 3208
    3208 3238 3208 3208 3208 3208 4405 4405 4522 4522 1550 1543 1543
    1550 1550 1586 1586 1594 1594 1594 1594 1594 4522 4522 4522 4582
    4582 4582 4582 4522 4522 4582 4522 4522 4522 4522 4522 4522 4522
    4522 4522 4582 3149 3178 3178 3149 3149 3149 3149 3149 3149 3149
    3149 3178 3178 3208 3238 3208 3208 3208 3208 3238 3208 3208 3208
    3208 4405 1564 1557 1550 1550 1543 1543 1543 1543 1557 1579 1579
    1586 1586 1586 1586 4522 4522 4522 4582 4582 4522 4522 4522 4522
    4522 4522 4522 4522 4522 4522 4522 4522 4522 4522 4522 3149 3149
    3149 3149 3149 3149 3149 3149 3149 3149 3149 3178 3178 3208 3238
    3208 3208 3208 3238 3208 3178 3178 3178 1579 1572 1564 1557 1550
    1543 1543 1543 1536 1536 1543 1564 1572 1572 1572 1579 1594 1594
    4522 4522 4522 4522 4522 4522 4522 4522 4522 4522 4522 4522 4522
    4522 4522 4522 4522 4522 4522 3149 3149 3149 3149 3149 3149 3149
    3149 3149 3149 3178 3178 3178 3208 3238 3238 3238 3238 3238 1579
    1579 1579 1579 1579 1572 1564 1557 1550 1543 1543 1536 1536 1536
    1543 1564 1572 1572 1572 1579 1586 1586 4522 4522 4522 4522 4522
    4522 4522 4522 4522 4522 4522 4522 4522 4522 4522 4522 4522 4522
    4522 3149 3149 3149 3178 3178 3149 3149 3149 3149 3149 3178 3178
    3178 3208 3238 3269 3269 3238 1586 1579 1579 1579 1579 1579 1572
    1564 1557 1550 1543 1543 1536 1536 1536 1543 1564 1572 1572 1572
    1586 1586 1586 1586 4522 4522 4522 4522 4522 4522 4522 4522 4522
    4522 4522 4522 4522 4522 4522 4522 4522 4522 3149 3149 3149 3178
    3178 3149 3149 3149 3149 3149 3149 3178 3178 3178 1616 1609 1609
    1601 1586 1586 1586 1579 1579 1579 1572 1564 1557 1557 1550 1543
    1536 1536 1536 1543 1557 1564 1572 1572 1586 1586 1586 1586 4522
    4522 4522 4522 4522 4522 4582 4522 4522 4522 4522 4522 4522 4522
    4522 4522 4522 4522 3149 3149 3178 3178 3178 3149 3149 3149 3149
    3149 3149 3149 3178 1616 1616 1609 1609 1601 1586 1586 1586 1579
    1579 1586 1572 1564 1564 1557 1550 1543 1536 1529 1529 1543 1550
    1557 1564 1564 1579 1586 1586 1586 1586 4522 4522 4582 4582 4582
    4582 4522 4522 4522 4522 4522 4522 4522 4522 4522 4522 4522 3149
    3149 3149 3149 3178 3149 3149 3149 3149 3149 1624 1616 1616 1616
    1616 1609 1609 1609 1594 1586 1586 1579 1579 1586 1579 1572 1564
    1557 1557 1550 1543 1529 1529 1536 1550 1557 1564 1564 1579 1586
    1586 1586 1586 4582 4582 4582 4582 4582 4582 4582 4522 4522 4522
    4522 4522 4522 4522 4522 4522 4522 3149 3149 3149 3149 3178 3149
    3149 3149 1647 1639 1624 1616 1616 1616 1616 1616 1609 1609 1601
    1586 1586 1586 1586 1586 1579 1572 1564 1564 1557 1557 1550 1529
    1529 1536 1543 1550 1557 1564 1572 1579 1586 1586 1594 1594 4582
    4582 4582 4582 4582 4582 4522 4522 4522 4522 4522 4522 4522 4522
    4522 4522 3149 3149 3149 3149 3178 3149 3149 1655 1647 1639 1624
    1624 1616 1616 1616 1616 1609 1609 1601 1594 1586 1586 1586 1586
    1579 1572 1564 1564 1564 1557 1550 1536 1536 1536 1543 1543 1557
    1564 1564 1579 1586 1586 1586 1586 4582 4582 4582 4582 4582 4582
    4522 4522 4522 4463 4463 4522 4522 4522 4522 4522 3149 3149 3149
    3149 3178 1671 1655 1647 1647 1639 1632 1624 1616 1616 1624 1616
    1609 1609 1601 1594 1594 1586 1586 1586 1579 1572 1564 1564 1564
    1557 1550 1536 1536 1536 1543 1543 1550 1557 1564 1579 1586 1586
    1586 1586 4582 4582 4582 4522 4522 4522 4522 4522 4522 4463 4463
    4522 4522 4522 4522 4522 3149 1705 1705 1688 1671 1671 1655 1647
    1647 1647 1639 1632 1632 1624 1624 1616 1609 1609 1601 1594 1594
    1586 1586 1586 1579 1572 1564 1564 1564 1557 1550 1543 1536 1536
    1536 1543 1550 1557 1564 1564 1579 1579 1586 1586 1586 4582 4522
    4522 4522 4522 4522 4522 4522 4522 4522 4522 4522 4522 4522 4522
    1705 1705 1696 1680 1671 1671 1663 1655 1647 1647 1639 1639 1632
    1632 1624 1616 1616 1609 1601 1594 1594 1586 1586 1586 1579 1572
    1572 1564 1564 1557 1550 1543 1536 1536 1536 1543 1543 1557 1557
    1564 1572 1579 1586 1586 1586 4522 4522 4522 4582 4522 4522 4522
    4522 4522 4522 4522 4522 4522 4522 4522 1696 1696 1688 1680 1671
    1671 1663 1655 1655 1647 1639 1639 1639 1632 1624 1616 1616 1609
    1601 1594 1594 1586 1586 1586 1579 1579 1572 1564 1564 1557 1557
    1543 1543 1536 1536 1536 1536 1543 1557 1564 1564 1572 1579 1579
    1586 1586 4582 4582 4522 4522 4522 4522 4522 4522 4522 4522 4522
    4522 4522 4522 1696 1696 1688 1680 1671 1671 1663 1655 1655 1647
    1639 1639 1639 1632 1624 1616 1616 1609 1601 1594 1594 1586 1586
    1586 1586 1579 1572 1564 1564 1564 1557 1550 1543 1536 1536 1536
    1536 1543 1557 1564 1564 1564 1572 1572 1579 1579 4582 4582 4522
    4522 4522 4522 4522 4522 4522 4522 4522 4522 4522 4522 1696 1688
    1688 1680 1671 1671 1663 1655 1647 1647 1647 1639 1639 1632 1632
    1616 1616 1609 1609 1594 1594 1586 1586 1594 1586 1586 1579 1572
    1564 1564 1557 1550 1543 1536 1536 1536 1536 1543 1550 1557 1564
    1564 1572 1572 1579 1579 4582 4582 4522 4522 4522 4522 4522 4522
    4522 4522 4522 4522 4522 4463 1688 1688 1688 1680 1671 1671 1663
    1655 1647 1647 1647 1639 1639 1632 1632 1624 1616 1609 1609 1601
    1594 1586 1586 1594 1586 1586 1579 1572 1564 1564 1557 1550 1543
    1536 1536 1536 1536 1536 1543 1550 1557 1564 1572 1572 1579 1579
    1579 4522 4522 4522 4522 4522 4522 4522 4522 4522 4522 4522 4522
    4463 1688 1688 1688 1680 1671 1671 1663 1655 1647 1647 1647 1639
    1639 1639 1632 1624 1616 1609 1609 1601 1594 1586 1586 1594 1586
    1586 1579 1572 1572 1564 1557 1550 1543 1536 1536 1536 1536 1536
    1543 1550 1557 1557 1572 1572 1579 1579 1579 4582 4582 4582 4582
    4522 4522 4522 4522 4463 4463 4522 4522 4522 1722 1705 1696 1680
    1680 1671 1671 1663 1647 1647 1647 1639 1639 1639 1632 1624 1616
    1616 1609 1601 1594 1586 1586 1594 1586 1586 1579 1572 1572 1564
    1557 1557 1550 1543 1536 1536 1536 1536 1536 1543 1550 1557 1564
    1572 1579 1579 1579 4645 4645 4582 4582 4522 4522 4522 4522 4463
    4463 4463 4522 4522 1722 1713 1705 1680 1680 1671 1671 1663 1647
    1647 1647 1639 1639 1639 1632 1624 1616 1616 1609 1601 1601 1594
    1594 1594 1586 1586 1579 1572 1572 1564 1557 1557 1550 1543 1536
    1536 1536 1536 1536 1536 1543 1557 1564 1572 1579 1579 1579 1579
    4774 4582 4582 4582 4522 4522 4463 4463 4463 4463 4522 4522 3178
    1705 1705 1680 1680 1680 1671 1671 1663 1655 1647 1647 1639 1639
    1632 1624 1616 1616 1609 1601 1601 1601 1601 1594 1594 1586 1579
    1572 1572 1564 1557 1557 1550 1543 1536 1536 1536 1529 1529 1536
    1543 1550 1564 1564 1579 1579 1579 1586 1586 4645 4582 4522 4522
    4522 4463 4463 4463 4522 4522 4522 0 1688 1688 1680 1680 1680 1671
    1671 1663 1663 1655 1647 1647 1639 1639 1624 1616 1616 1616 1609
    1609 1601 1601 1601 1594 1586 1586 1579 1572 1564 1564 1557 1550
    1543 1536 1536 1536 1529 1529 1536 1543 1550 1557 1564 1572 1572
    1579 1579 1579 4582 4582 4522 4522 4522 4463 4463 4463 4522 4522
    4522 3178 1688 1688 1680 1680 1680 1671 1671 1663 1663 1663 1655
    1647 1639 1639 1624 1616 1616 1616 1609 1609 1609 1609 1601 1594
    1586 1586 1579 1579 1564 1564 1557 1550 1543 1536 1536 1536 1529
    1529 1536 1536 1543 1557 1557 1564 1572 1579 1579 1586 1586 4582
    4522 4522 4522 4522 4463 4463 4522 4522 4463 3178 1688 1688 1688
    1680 1680 1671 1671 1671 1671 1663 1655 1647 1639 1639 1624 1624
    1616 1616 1616 1609 1609 1601 1601 1594 1594 1586 1586 1586 1572
