<?xml version="1.0"?>
<opencv_storage>
<Depth0999 type_id="opencv-matrix">
  <rows>39</rows>
  <cols>61</cols>
  <dt>w</dt>
  <data>
    3816 3816 3774 1804 1804 1804 1813 1813 1804 1804 1804 1813 1813
    1813 1813 1813 1804 1804 1804 1804 1813 1813 1813 1804 1804 1813
    3653 3692 3774 3816 3774 3774 3774 3732 3732 3732 3774 3774 3774
    3732 3732 3774 3774 3774 3732 3732 3732 3774 3774 3816 3816 3774
    3774 3774 3816 3816 3816 3859 3816 3816 3816 3859 3859 3816 1804
    1804 1804 1813 1813 1813 1804 1804 1804 1804 1804 1804 1804 1804
    1804 1804 1804 1813 1813 1813 1804 1804 1813 1813 1813 1813 1804
    1804 1804 1804 1804 1804 1804 1813 1804 1804 1804 1804 1804 3774
    1804 1804 1804 1804 1813 1823 1823 3816 3774 3774 3774 3774 3816
    3816 3816 3816 3816 3816 3816 3816 1813 1813 1804 1804 1813 1813
    1813 1804 1804 1804 1804 1804 1804 1804 1804 1804 1804 1804 1804
    1804 1804 1804 1804 1804 1804 1804 1804 1804 1804 1804 1804 1804
    1804 1804 1804 1804 1804 1804 1804 1804 1804 1804 1804 1804 1804
    1813 1813 1813 1804 1804 1804 1794 1794 1794 3816 3816 3816 3816
    3816 3816 3816 1813 1813 1804 1804 1813 1813 1813 1804 1804 1804
    1804 1804 1804 1804 1804 1804 1804 1804 1804 1804 1804 1804 1804
    1804 1804 1804 1804 1804 1804 1804 1804 1804 1804 1804 1804 1804
    1804 1804 1804 1804 1804 1804 1794 1794 1804 1804 1804 1804 1794
    1794 1794 1794 1794 1794 1794 1794 3816 3816 3816 3816 3816 1813
    1813 1804 1804 1813 1813 1813 1804 1804 1804 1804 1804 1804 1804
    1804 1804 1804 1804 1804 1804 1804 1804 1804 1804 1804 1804 1794
    1794 1794 1794 1794 1804 1804 1804 1804 1804 1804 1804 1804 1804
    1804 1804 1794 1794 1794 1804 1804 1804 1794 1794 1794 1794 1804
    1794 1794 1785 1785 1785 3859 3816 3816 1813 1813 1804 1804 1813
    1813 1813 1804 1804 1804 1804 1804 1804 1804 1804 1804 1804 1804
    1804 1804 1804 1804 1794 1794 1804 1794 1794 1794 1794 1794 1794
    1794 1794 1804 1804 1804 1804 1804 1804 1804 1804 1804 1794 1794
    1794 1794 1794 1794 1794 1794 1794 1794 1794 1794 1794 1785 1785
    1785 4241 3816 3816 1785 1785 1785 1794 1804 1813 1804 1804 1804
    1804 1804 1804 1804 1804 1804 1804 1804 1804 1794 1794 1794 1804
    1794 1794 1804 1794 1794 1794 1794 1794 1794 1794 1794 1794 1794
    1804 1804 1804 1804 1804 1804 1804 1794 1794 1794 1794 1794 1794
    1794 1794 1794 1794 1794 1794 1794 1785 1785 1785 4241 3816 3816
    1785 1785 1785 1794 1804 1813 1804 1804 1804 1804 1804 1804 1804
    1804 1804 1804 1804 1804 1794 1794 1794 1804 1804 1804 1804 1804
    1804 1804 1794 1794 1794 1794 1794 1794 1794 1794 1794 1794 1794
    1804 1804 1794 1794 1794 1794 1794 1794 1794 1804 1804 1804 1794
    1794 1794 1785 1785 1785 4405 4349 3816 3816 1804 1794 1794 1794
    1804 1813 1804 1804 1804 1804 1804 1804 1804 1804 1804 1804 1804
    1804 1794 1794 1794 1794 1804 1794 1794 1794 1804 1804 1804 1804
    1794 1794 1794 1785 1785 1785 1785 1785 1785 1785 1785 1785 1794
    1794 1794 1794 1794 1794 1804 1804 1794 1794 1785 1785 1776 1776
    1776 4405 4349 3816 3816 1804 1804 1794 1794 1804 1804 1804 1804
    1804 1804 1804 1804 1804 1804 1804 1794 1794 1794 1794 1794 1794
    1794 1794 1794 1794 1794 1794 1794 1804 1804 1794 1785 1785 1785
    1785 1785 1785 1785 1785 1785 1785 1785 1785 1794 1794 1794 1794
    1794 1785 1785 1785 1794 1785 1785 1776 1776 1776 4405 4295 4241
    4295 1804 1804 1794 1794 1804 1804 1813 1804 1804 1804 1804 1804
    1804 1804 1804 1794 1794 1794 1794 1794 1794 1794 1785 1785 1785
    1785 1794 1794 1794 1794 1794 1785 1785 1785 1785 1785 1785 1785
    1785 1785 1785 1785 1785 1794 1794 1785 1785 1785 1785 1785 1785
    1785 1785 1776 1776 1776 1776 4349 4295 4295 4295 1813 1813 1804
    1804 1804 1804 1804 1804 1804 1804 1804 1804 1804 1804 1804 1794
    1794 1794 1785 1785 1794 1794 1785 1785 1785 1785 1794 1794 1794
    1794 1794 1785 1785 1785 1785 1785 1785 1785 1785 1785 1785 1785
    1785 1785 1785 1785 1785 1785 1785 1785 1776 1776 1785 1776 1776
    1776 1776 4241 4241 4295 4295 1804 1804 1794 1794 1804 1804 1804
    1804 1804 1804 1804 1804 1794 1794 1794 1785 1785 1794 1785 1785
    1794 1794 1785 1785 1785 1785 1794 1794 1794 1794 1794 1785 1785
    1785 1785 1785 1785 1785 1785 1785 1785 1785 1785 1785 1785 1785
    1785 1785 1785 1785 1776 1776 1785 1776 1776 1776 1776 4190 4190
    4295 4295 1794 1794 1794 1794 1804 1804 1804 1804 1804 1794 1794
    1794 1794 1794 1785 1785 1785 1785 1785 1794 1794 1794 1785 1785
    1785 1785 1794 1785 1785 1785 1785 1785 1785 1794 1794 1794 1785
    1785 1794 1794 1785 1785 1785 1785 1785 1785 1785 1785 1785 1785
    1785 1785 1785 1776 1776 1776 1776 4190 4190 4295 4295 1794 1794
    1794 1794 1804 1804 1804 1804 1804 1794 1794 1794 1794 1794 1785
    1785 1785 1785 1785 1785 1785 1785 1785 1785 1785 1785 1785 1785
    1785 1785 1785 1785 1785 1785 1785 1785 1794 1785 1785 1785 1785
    1785 1785 1785 1785 1785 1785 1785 1785 1785 1785 1785 1776 1776
    1776 1785 0 4190 4190 4241 1794 1794 1794 1794 1794 1794 1804 1804
    1804 1804 1794 1794 1794 1794 1794 1785 1785 1785 1785 1785 1785
    1785 1785 1785 1785 1785 1785 1785 1785 1785 1785 1785 1785 1785
    1785 1785 1785 1785 1785 1785 1785 1785 1785 1785 1785 1785 1776
    1776 1785 1785 1785 1776 1776 1776 1776 1776 1776 0 0 0 4241 1794
    1794 1794 1794 1794 1794 1794 1794 1794 1794 1794 1794 1794 1785
    1785 1785 1785 1785 1785 1785 1776 1776 1785 1785 1785 1785 1785
    1785 1785 1785 1785 1776 1776 1776 1785 1785 1785 1785 1785 1776
    1776 1776 1776 1776 1776 1776 1776 1776 1785 1776 1776 1776 1776
    1776 1776 1776 1776 0 0 0 4295 4295 1804 1794 1794 1794 1794 1794
    1794 1794 1794 1785 1785 1794 1785 1785 1785 1785 1785 1785 1776
    1776 1776 1776 1776 1785 1785 1785 1785 1785 1785 1776 1776 1776
    1776 1776 1776 1776 1776 1776 1776 1776 1776 1776 1776 1776 1776
    1776 1776 1776 1776 1776 1776 1776 1776 1776 1776 0 0 0 0 4295 4295
    1776 1776 1785 1785 1794 1794 1785 1785 1785 1785 1785 1785 1785
    1785 1776 1776 1785 1785 1776 1776 1776 1776 1776 1785 1785 1785
    1785 1785 1776 1776 1776 1776 1776 1776 1776 1776 1776 1776 1776
    1776 1776 1776 1776 1776 1776 1766 1766 1776 1776 1776 1776 1776
    1776 1776 1776 0 0 0 0 4139 1776 1776 1776 1776 1785 1785 1785 1785
    1785 1785 1785 1785 1785 1785 1776 1776 1776 1785 1785 1776 1776
    1776 1776 1776 1776 1776 1776 1776 1776 1776 1776 1776 1776 1776
    1776 1785 1776 1776 1776 1766 1766 1776 1776 1776 1776 1776 1766
    1766 1776 1776 1776 1766 1766 1776 1776 1776 0 0 0 0 4139 1776 1776
    1766 1766 1776 1785 1785 1785 1785 1785 1785 1785 1785 1776 1776
    1776 1776 1776 1776 1785 1776 1776 1776 1776 1776 1776 1776 1776
    1776 1776 1776 1776 1776 1776 1776 1776 1776 1776 1776 1766 1766
    1776 1776 1776 1776 1776 1776 1776 1776 1776 1776 1766 1766 1776
    1776 1776 0 0 0 0 1794 1776 1776 1766 1766 1776 1785 1785 1785 1785
    1785 1785 1785 1785 1776 1776 1776 1776 1776 1776 1776 1776 1776
    1776 1776 1776 1776 1776 1776 1776 1776 1776 1776 1776 1776 1776
    1776 1776 1776 1776 1766 1766 1776 1776 1776 1766 1766 1776 1776
    1776 1776 1776 1766 1766 1776 1776 0 0 0 0 0 1794 1794 1776 1766
    1766 1776 1785 1785 1785 1785 1785 1785 1785 1776 1776 1776 1776
    1776 1776 1776 1776 1776 1776 1766 1766 1776 1776 1776 1766 1766
    1766 1766 1776 1776 1776 1776 1776 1776 1776 1776 1776 1776 1776
    1776 1776 1766 1766 1776 1776 1776 1776 1776 1776 1776 1776 1776
    1776 0 0 0 0 1776 1776 1776 1766 1766 1785 1785 1785 1776 1776 1785
    1776 1776 1776 1776 1776 1776 1776 1776 1776 1776 1766 1766 1766
    1766 1776 1776 1766 1766 1766 1766 1766 1766 1766 1766 1776 1776
    1776 1776 1776 1776 1776 1776 1776 1776 1766 1766 1766 1776 1776
    1776 1776 1776 1776 1776 1776 1776 0 0 0 0 1766 1766 1766 1766 1766
    1785 1785 1776 1776 1776 1776 1776 1776 1776 1776 1776 1776 1776
    1776 1776 1766 1766 1766 1766 1766 1776 1776 1766 1766 1766 1766
