<?xml version="1.0"?>
<opencv_storage>
<Depth6996 type_id="opencv-matrix">
  <rows>63</rows>
  <cols>18</cols>
  <dt>w</dt>
  <data>
    4405 4522 4463 4463 4463 3037 3037 3037 3037 3037 3037 3092 3092
    3064 3010 3010 3010 3010 4405 4463 4463 4463 4463 3037 3037 3037
    3037 3037 3037 3092 3092 3064 3037 3037 3037 3037 4405 4463 4463
    4522 0 3037 3037 3037 3037 3064 3064 3092 3064 3064 3037 3010 3010
    3010 4349 4463 4463 4463 4463 3037 3037 3037 3064 3064 3064 3064
    3064 3064 3037 3010 3010 3010 4349 4463 4405 4405 4405 4405 3010
    3037 3037 3037 3037 3064 3064 3092 3064 3064 3064 3064 4349 4405
    4405 4405 4405 2984 3010 3010 3010 3037 3037 3037 3037 3064 3064
    3064 3064 0 4295 4405 4405 4405 4405 2984 2984 2984 3010 3010 3010
    3037 3037 3064 3037 3037 3037 2984 4295 4405 4463 4463 4463 2984
    2984 2984 2984 2984 2984 3010 2984 2984 2958 2958 2958 2984 4295
    4405 4405 4463 4463 2984 2984 2984 2984 2984 2984 2984 2984 2984
    2958 2958 2958 2958 4349 4405 4405 4463 4463 2958 2958 2958 2958
    2958 2958 2984 2984 2984 2958 2933 2933 2958 4349 4349 4405 4405
    2933 2958 2958 2958 2958 2958 2958 2984 2984 2958 2958 2933 2933
    2933 4349 4349 4405 4405 2933 2933 2933 2933 2958 2958 2958 2958
    2958 2958 2958 2933 2933 2933 4295 4349 4405 4405 2933 2933 2933
    2933 2933 2933 2958 2958 2958 2958 2958 2958 2958 2958 4295 4349
    4349 4349 2933 2933 2933 2933 2933 2933 2933 2958 2958 2984 2984
    2958 2958 2958 4295 4349 4349 4349 2908 2908 2908 2908 2933 2933
    2933 2958 2958 2984 2984 2958 2958 2984 4241 4295 4349 4349 2908
    2908 2908 2908 2933 2933 2933 2958 2958 2958 2958 2958 2958 0 4241
    4241 4241 4241 2933 2933 2908 2908 2908 2908 2908 2933 2958 2958
    2958 2984 2984 0 4241 4241 4241 4241 2933 2933 2908 2908 2908 2908
    2908 2933 2933 2933 2933 2984 2984 0 4241 4241 2883 2883 2883 2859
    2859 2859 2859 2859 2859 2933 2933 2933 2933 2958 2958 2958 4241
    2859 2859 2883 2883 2859 2859 2859 2859 2859 2859 2883 2883 2883
    2958 2958 2958 2958 4241 2859 2859 2859 2859 2859 2859 2859 2859
    2859 2859 2883 2883 2883 2908 2883 2883 2933 4190 4089 2859 2835
    2835 2835 2835 2859 2859 2859 2859 2883 2883 2883 2859 2835 2835
    2933 4089 4089 2859 2835 2835 2835 2835 2835 2835 2835 2835 2859
    2859 2812 2812 2789 2789 0 4089 4089 2859 2835 2835 2812 2812 2812
    2812 2812 2835 2859 2859 2812 2812 2789 2789 0 4139 4139 2883 2835
    2835 2789 2789 2789 2812 2812 2835 2835 2812 2789 2767 2767 2767 0
    4089 4139 2835 2835 2835 2789 2789 2789 2789 2789 2812 2835 2812
    2789 2767 2767 2767 0 4089 4089 2812 2812 2835 2789 2789 2789 2789
    2789 2812 2812 2812 2789 2789 2789 2789 0 4041 4041 2812 2812 2835
    2812 2789 2789 2789 2789 2789 2789 2789 2767 2767 2789 2789 2812
    4041 4041 2767 2767 2789 2789 2789 2767 2767 2767 2767 2789 2744
    2723 2723 2789 2789 2812 4041 4041 2767 2767 2767 2767 2767 2767
    2767 2767 2767 2789 2744 2701 2701 2701 0 0 3994 2812 2767 2767 2767
    2767 2767 2767 2767 2744 2744 2767 2723 2701 2701 2723 0 0 3994 2789
    2744 2744 2744 2744 2744 2767 2744 2744 2744 2744 2723 2701 2701
    2723 0 0 2859 2789 2744 2744 2744 2744 2744 2744 2744 2744 2744 2744
    2723 2701 2701 2723 0 0 2859 2789 2767 2744 2744 2744 2744 2744 2744
    2744 2744 2767 2744 2744 2767 0 0 0 2859 2744 2744 2744 2744 2744
    2744 2744 2744 2744 2744 2767 2744 2744 2767 0 0 0 3859 2723 2723
    2744 2723 2723 2744 2744 2744 2744 2744 2767 2744 2744 0 0 0 0 3859
    2659 2659 2701 2723 2723 2744 2680 2680 2723 2723 2744 2767 2767
    2767 2767 0 0 3859 2659 2659 2701 2701 2701 2701 2680 2680 2680 2701
    2723 2701 2701 2744 2767 2859 0 3859 3859 2680 2680 2680 2680 2680
    2680 2680 2680 2680 2701 2701 2701 2723 2723 2859 0 3859 3859 2659
    2659 2680 2680 2680 2680 2659 2659 2680 2701 2680 2680 2701 2723 0 0
    3859 3859 2659 2659 2659 2680 2680 2680 2659 2659 2680 2680 2680
    2680 2701 0 0 0 2701 2659 2659 2659 2659 2659 2659 2659 2659 2659
    2659 2659 2701 2701 2701 0 0 0 2701 2659 2659 2659 2659 2659 2639
    2639 2639 2639 2639 2639 2639 2701 2744 0 0 0 3816 2659 2659 2659
    2639 2639 2639 2639 2639 2639 2618 2618 2639 2723 2723 0 0 0 2598
    2598 2618 2618 2639 2639 2639 2639 2618 2618 2618 2618 2618 2723
    2723 0 0 0 2598 2598 2598 2598 2639 2618 2618 2618 2618 2618 2618
    2618 0 0 0 0 0 0 2598 2598 2598 2598 2618 2598 2598 2598 2598 2598
    2618 0 0 0 0 0 0 0 2598 2598 2598 2598 2618 2598 2598 2598 2598 2598
    2598 0 0 0 0 0 0 0 2598 2598 2598 2598 2618 2598 2598 2598 2579 2579
    2598 0 0 0 0 0 0 0 2598 2598 2598 2598 2598 2598 2579 2579 2579 2579
    0 0 0 0 0 0 0 0 2598 2598 2598 2598 2598 2579 2579 2579 2560 2560
    2579 0 0 0 0 0 0 0 2579 2579 2579 2579 2579 2579 2579 2560 2560 2560
    2560 2560 0 0 0 0 0 0 2579 2579 2579 2579 2579 2560 2560 2560 2560
    2560 2541 2485 2485 0 0 0 0 0 2579 2579 2579 2579 2560 2560 2541
    2541 2541 2541 2541 2485 2485 2598 0 0 0 0 2579 2579 2560 2560 2541
    2541 2541 2522 2522 2541 2541 2522 2522 2598 0 0 0 0 2522 2579 2541
    2541 2541 2522 2522 2522 2522 2541 2541 2522 2522 0 0 0 0 0 2503
    2522 2522 2522 2522 2522 2522 2503 2503 2522 2485 2485 2522 0 0 0 0
    0 2503 2503 2503 2503 2522 2522 2503 2503 2503 2503 2485 2485 0 0 0
    0 0 0 2503 2503 2503 2503 2503 2503 2503 2485 2485 2485 2522 0 0 0 0
    0 0 0 2503 2503 2503 2503 2503 2503 2503 2485 2485 2485 2522 0 0 0 0
    0 0 0 2503 2503 2503 2503 2503 2503 2503 2503 2485 2485 2522 0 0 0 0
    0 0 0 2503 2485 2485 2503 2503 2503 2503 2503 2503 2503 2522 2560
    2639 2680 0 0 0 0 2503 2485 2485 2503 2503 2503 2485 2485 2503 2503
    2522 2560 2579 2659 0 0 0 0</data></Depth6996>
</opencv_storage>
