<?xml version="1.0"?>
<opencv_storage>
<Depth4033 type_id="opencv-matrix">
  <rows>137</rows>
  <cols>138</cols>
  <dt>w</dt>
  <data>
    7332 7332 7332 7332 7332 7332 7178 7178 7178 7178 7178 7178 7178
    7178 7178 7178 7030 7030 7030 6889 6889 6889 6889 6889 6889 6889
    6889 6889 6889 6889 6889 6889 7030 7030 7030 6889 6889 6889 6889
    6889 6889 6889 6889 6889 6889 6889 6889 6889 6889 6753 6753 6753
    6753 6753 6753 6753 6753 6753 6753 6753 6753 6753 6753 6753 6622
    6497 6497 6497 6497 6497 6497 6497 6497 6497 659 658 655 655 657 657
    6889 6753 6753 6753 6622 6622 0 0 0 6497 6375 6375 6375 6375 6375
    6375 6375 6375 6375 6375 6375 6375 6259 6259 6259 6259 6259 6259
    6146 6146 6259 6259 6259 6146 6146 6038 6038 6038 6038 6038 6038
    6038 6038 6038 6038 6038 5933 5933 5933 5933 5832 5832 5832 5832
    5832 5832 5734 5640 7332 7178 7178 7332 7332 7332 7332 7178 7178
    7178 7178 7178 7178 7332 7178 7178 7178 7178 7030 6889 6889 6889
    6889 6889 7030 7030 6889 6889 6889 6889 6889 6889 7030 7030 7030
    6889 6889 6889 6889 6889 6889 6889 6889 6889 6889 6889 6889 6889
    6889 6753 6753 6753 6889 6889 6889 6889 6889 6889 0 0 6889 6753 6753
    6753 6622 6622 6497 6497 6497 6497 6497 6497 6497 6497 650 650 650
    652 657 657 7030 7030 7030 7030 0 0 0 0 0 6497 6259 6259 6375 6375
    6375 6375 6375 6375 6375 6259 6259 6375 6375 6259 6259 6259 6259
    6259 6146 6146 6259 6146 6146 6146 6146 6038 6038 6038 6038 6038
    6038 6038 6038 6038 5933 5933 5933 5933 5832 5832 5832 5832 5832
    5832 5832 5832 5832 5734 7332 7178 7178 7332 7332 7332 7332 7178
    7178 7178 7178 7178 7178 7030 7030 7178 7178 7178 7030 6889 6889
    6889 6889 6889 7030 7030 7030 7030 6889 6889 6889 6889 7030 7030
    7030 7030 7030 6889 6889 6889 6889 6889 6889 6889 6889 6889 6889
    6753 6753 6753 6753 0 0 6889 6889 6889 6889 7030 0 0 6889 6753 6753
    6753 6622 6622 6622 6622 6622 6622 6622 6497 6497 649 649 649 649
    649 662 666 666 666 0 0 0 0 0 0 0 6497 6259 6259 6375 6375 6375 6375
    6375 6259 6259 6259 6259 6259 6259 6259 6259 6259 6259 6259 6146
    6146 6259 6146 6146 6146 6038 6038 6038 6038 6038 6038 6038 6038
    6038 6038 5933 5933 5933 5933 5832 5832 5832 5734 5734 5734 5832
    5832 5832 5832 7332 7332 7332 7332 7332 7332 7332 7178 7178 7178
    7178 7178 7178 7030 7030 7178 7178 7178 7030 7030 6889 6889 6889
    7030 7030 7030 7030 6889 6889 6889 6889 6889 7030 7030 7030 7030
    7030 6889 6889 6889 6889 6889 6889 6889 6889 6889 6889 6753 6753 0 0
    0 0 0 0 0 0 0 0 0 0 6889 6889 6753 6753 6753 6622 6622 6622 6622
    6622 6622 6622 649 648 648 648 648 648 666 666 666 0 0 0 0 0 0 0 0
    6375 6375 6375 6375 6375 6375 6375 6259 6259 6259 6259 6259 6259
    6375 6259 6259 6259 6259 6259 6259 6259 6146 6146 6146 6038 6038
    6038 6038 6038 6038 6038 5933 5933 6038 5933 5933 5933 5933 5933
    5933 5832 5734 5734 5734 5832 5832 5832 5933 7332 7332 7332 7332
    7332 7332 7332 7332 7178 7178 7178 7178 7178 7030 7030 7178 7178
    7178 7178 7030 7030 6889 6889 7030 7030 7030 7030 6889 6889 6889
    6889 6889 7030 7030 7030 7030 7030 6889 6889 6889 6889 6889 6889
    6753 6753 6753 6889 6889 0 0 0 0 0 0 0 0 0 0 0 0 0 0 6889 6753 6753
    6753 6753 6753 6622 6622 6622 6622 6622 647 647 646 646 646 646 667
    666 666 0 0 0 0 0 0 0 0 6375 6375 6375 6375 6375 6375 6375 6259 6259
    6259 6259 6259 6259 6375 6375 6375 6259 6259 6259 6146 6146 6146
    6146 6146 6038 6038 6038 6038 6038 6038 6038 5933 5933 5933 5933
    5933 5832 5832 5832 5832 5933 5832 5832 5832 5832 5832 5832 5933
    7332 7332 7332 7332 7332 7332 7332 7178 7178 7178 7178 7178 7178
    7178 7178 7178 7178 7178 7178 7030 7030 7030 7030 7030 7030 7030
    7030 6889 6889 6889 6889 6889 7030 7030 7030 7030 7030 7030 7030
    7030 6889 6889 6889 6753 6753 6753 0 0 0 0 0 0 0 0 0 0 0 0 0 0 0 0 0
    6753 6753 6889 6753 6753 6753 6753 6753 600 0 647 647 642 642 642
    646 647 664 664 0 0 0 0 0 0 0 0 0 6375 6375 6375 6375 6375 6375 6375
    6375 6259 6259 6375 6375 6375 6375 6375 6375 6259 6259 6146 6146
    6146 6146 6146 6038 6038 6038 6038 6038 6038 6038 5933 5933 5933
    5933 5933 5832 5832 5832 5832 5933 5933 5832 5832 5832 5832 5832
    5832 7332 7332 7332 7332 7332 7332 7332 7178 7178 7178 7178 7178
    7178 7178 7178 7178 7178 7178 7178 7178 7030 7030 7030 7030 7030
    7030 7030 6889 6889 6889 6889 6889 7030 7030 7030 7030 7030 7030
    7030 6889 6889 6889 6889 6889 6889 0 0 0 0 0 0 0 0 0 0 0 0 0 0 0 0 0
    0 6889 6889 6889 6753 6753 600 600 600 600 0 641 641 641 641 642 643
    647 647 664 0 0 0 0 0 0 0 0 0 6497 6497 6375 6375 6375 6375 6375
    6375 6375 6375 6375 6375 6375 6375 6375 6375 6259 6259 6259 6259
    6259 6146 6146 6038 6038 6038 6038 6038 6038 6038 5933 5933 5933
    5933 5933 5832 5832 5933 5933 5933 5933 5832 5832 4983 4842 4774
    4774 7332 7332 7332 7332 7332 7332 7332 7332 7332 7332 7332 7332
    7332 7332 7178 7178 7178 7178 7030 7030 7030 7030 7030 7030 7030
    7030 7030 6889 6889 6889 6889 6889 7030 7030 7030 7030 7030 7030
    7030 6889 6889 6889 6889 0 0 0 0 0 0 0 0 0 0 0 0 0 0 0 0 0 0 0 0 0
    6889 6889 6753 6753 599 598 598 598 0 0 640 640 640 641 643 644 647
    0 0 0 0 0 0 0 0 0 0 6497 6497 6375 6375 6375 6375 6375 6375 6375
    6375 6375 6375 6375 6375 6375 6375 6259 6259 6259 6259 6259 6146
    6146 6038 6038 6038 6038 6038 6038 6038 5933 5933 5933 6038 5933
    5933 5933 5933 5933 5933 5933 4983 4983 4911 4842 4774 4774 7332
    7332 7492 7492 7332 7332 7332 7332 7332 7332 7178 7178 7178 7178
    7178 7178 7178 7030 7030 7030 7030 7030 7030 7030 7030 7030 7030
    6889 6889 6889 6889 6889 7030 7030 7030 7030 7030 7030 7030 6889
    6889 6889 6889 0 0 0 0 0 0 0 0 0 0 0 0 0 0 0 0 0 0 0 0 578 578 580
    580 599 599 597 597 0 0 0 638 638 638 640 642 643 646 648 659 0 0 0
    0 0 0 0 0 0 6497 6497 6375 6375 6375 6375 6375 6375 6375 6375 6375
    6375 6375 6375 6375 6259 6259 6259 6259 6146 6146 6038 6038 6038
    6038 6038 6038 6038 6038 5933 5933 5933 6038 6038 5933 5933 5933
    4983 4911 4911 4911 4911 4911 4911 4842 4842 7332 7332 7332 7332
    7332 7332 7332 7332 7332 7178 7178 7178 7178 7178 7178 7178 7178
    7030 7030 7030 6889 6889 7030 6889 6889 6889 6889 7030 7030 7030
    7030 7030 7030 7030 7030 7030 7030 7030 7030 7030 6889 6889 0 0 0 0
    0 0 0 0 0 0 0 0 0 0 0 0 0 0 0 0 0 577 577 580 581 581 596 595 595
    595 0 0 638 638 638 638 641 643 646 648 657 659 0 0 0 0 0 0 0 0 6622
    6497 6375 6375 6375 6375 6375 6375 6375 6375 6375 6375 6375 6375
    6375 6259 6259 6259 6259 6146 6038 6038 6038 6038 6038 6038 6038
    6038 6038 5933 5933 5933 5933 5933 4911 4911 4983 4983 4911 4911
    4911 4911 4911 4911 4842 4842 7332 7332 7332 7332 7332 7332 7332
    7332 7332 7178 7178 7178 7178 7178 7178 7178 7030 7030 7030 7030
    6889 6889 7030 6889 6889 6889 6889 7030 7030 7030 7030 6889 7030
    7030 7030 7030 7030 7030 7030 0 0 0 0 0 0 0 0 0 0 0 0 0 0 0 0 0 0 0
    0 0 0 0 0 575 575 578 580 580 596 589 589 0 618 618 618 638 638 638
    641 643 647 650 654 657 659 0 0 0 0 0 0 0 0 6497 6375 6375 6375 6375
    6375 6375 6259 6259 6259 6259 6259 6375 6375 6259 6259 6146 6146
    6038 6038 6038 6038 6038 6038 6038 6038 6038 5933 5933 5933 5933
    5933 4983 4911 4911 4983 4911 4911 4911 4911 4911 4911 4911 4911
    4911 7332 7332 7332 7332 7332 7332 7332 7332 7178 7178 7178 7178
    7178 7178 7178 7178 7030 7030 7030 7030 7030 7030 7030 6889 6889
    6889 6889 6889 6889 6889 6889 6889 0 0 7030 7030 7030 0 0 0 0 0 0 0
    0 0 0 0 0 0 0 0 0 0 0 0 0 0 0 0 0 0 0 575 575 578 580 584 585 588
    588 588 618 618 618 620 624 624 641 644 648 650 653 654 658 0 0 0 0
    0 0 0 0 0 6375 6375 6375 6375 6375 6375 6259 6259 6259 6259 6259
    6375 6259 6259 6146 6146 6146 6038 6038 6038 6038 6038 6038 6038
    6038 6038 5056 4983 4983 4983 4983 4983 4983 4983 4983 4911 4911
    4842 4842 4911 4911 4911 4911 4911 7332 7332 7332 7332 7332 7332
    7332 7332 7178 7178 7178 7178 7178 7178 7178 7178 7178 7030 7030
