<?xml version="1.0"?>
<opencv_storage>
<Depth13908 type_id="opencv-matrix">
  <rows>12</rows>
  <cols>6</cols>
  <dt>w</dt>
  <data>
    6375 6375 6259 6259 6259 0 6497 6375 6375 6259 6259 0 6375 6375 6375
    6259 6259 0 6375 6375 6375 6259 6259 0 6497 6497 6497 6497 6497 6375
    6497 6497 6497 6497 6497 6375 6497 6497 6497 6497 6497 6375 6497
    6497 6497 6497 6375 6375 6497 6497 6497 6497 6375 6375 6375 6375
    6497 6497 6497 6497 6375 6375 6497 6497 6497 6497 0 6497 6375 6375
    6497 6497</data></Depth13908>
</opencv_storage>
