<?xml version="1.0"?>
<opencv_storage>
<Depth6402 type_id="opencv-matrix">
  <rows>44</rows>
  <cols>35</cols>
  <dt>w</dt>
  <data>
    4463 4463 4405 4405 4405 4405 2241 2226 2226 2241 2241 2226 2226
    2256 2256 2241 2226 2226 2241 2241 2256 2271 2271 2271 2256 2256
    2241 2241 2226 2226 2226 2226 2226 4911 4911 4463 4463 4405 4405
    4405 2286 2241 2226 2226 2241 2241 2241 2256 2241 2241 2241 2226
    2226 2241 2241 2241 2241 2241 2241 2241 2256 2241 2241 2226 2226
    2226 2226 2226 2226 2226 4463 4463 4405 4405 4405 2286 2256 2241
    2241 2241 2241 2241 2241 2241 2241 2226 2226 2226 2241 2241 2241
    2241 2241 2241 2241 2241 2241 2241 2241 2241 2241 2241 2226 2226
    2226 4463 4463 4405 4405 4405 2271 2256 2241 2241 2241 2241 2241
    2241 2226 2226 2226 2226 2226 2241 2241 2241 2226 2226 2226 2226
    2226 2241 2241 2241 2241 2241 2226 2226 2198 2198 4463 4463 4405
    4405 4405 2241 2241 2226 2226 2241 2241 2241 2226 2226 2226 2226
    2226 2226 2226 2226 2226 2226 2226 2226 2226 2226 2226 2226 2226
    2226 2226 2226 2212 2198 2198 4463 4405 4405 4405 4405 2241 2241
    2226 2226 2241 2241 2226 2226 2226 2226 2226 2226 2226 2226 2226
    2226 2226 2226 2226 2226 2226 2226 2226 2226 2226 2226 2226 2212
    2198 2198 4405 4405 4405 4405 4405 2241 2241 2226 2226 2226 2241
    2226 2226 2226 2226 2226 2226 2226 2226 2226 2226 2226 2226 2226
    2226 2226 2226 2226 2226 2226 2226 2226 2212 2212 2212 4405 4405
    4405 4405 2226 2226 2226 2226 2226 2226 2226 2226 2226 2226 2226
    2226 2226 2226 2226 2226 2226 2226 2226 2226 2226 2226 2226 2226
    2226 2226 2226 2212 2212 2212 2212 4405 4405 4405 4405 2226 2226
    2226 2226 2226 2226 2226 2226 2226 2226 2226 2226 2226 2226 2226
    2226 2226 2226 2226 2226 2226 2226 2226 2226 2226 2226 2226 2212
    2212 2212 2212 4405 4405 4405 4405 2226 2226 2226 2226 2226 2226
    2226 2226 2226 2226 2226 2226 2226 2226 2226 2226 2212 2212 2226
    2226 2226 2226 2226 2226 2226 2226 2226 2198 2198 2212 4911 4405
    4405 4405 4405 2226 2226 2226 2226 2226 2226 2226 2226 2226 2226
    2226 2226 2226 2226 2212 2212 2212 2212 2212 2212 2226 2226 2226
    2226 2226 2212 2212 2198 2198 2198 4911 4405 4405 4405 4405 2226
    2226 2226 2226 2226 2226 2226 2226 2226 2226 2226 2226 2226 2226
    2212 2212 2212 2212 2212 2212 2226 2212 2212 2212 2212 2212 2212
    2212 2212 2212 4911 4405 4405 4405 4405 2226 2226 2226 2226 2226
    2226 2226 2226 2212 2212 2212 2226 2226 2226 2212 2212 2212 2212
    2212 2212 2226 2212 2212 2212 2212 2212 2212 2212 2212 2212 4911
    4405 4405 4405 4405 2226 2226 2226 2226 2226 2226 2212 2212 2212
    2212 2212 2226 2226 2226 2212 2212 2212 2212 2212 2212 2212 2212
    2212 2212 2212 2212 2212 2212 2212 2226 4911 4405 4405 4405 4405
    2226 2226 2226 2226 2226 2226 2212 2212 2212 2212 2212 2212 2212
    2212 2212 2212 2212 2212 2212 2212 2212 2212 2212 2212 2212 2212
    2212 2212 2226 2226 2226 4405 4405 4405 2226 2226 2226 2212 2212
    2212 2212 2212 2212 2212 2212 2212 2212 2212 2212 2212 2212 2212
    2212 2212 2212 2212 2212 2212 2212 2212 2212 2212 2212 2226 2226
    2226 4349 4349 2241 2226 2226 2226 2212 2212 2212 2212 2212 2212
    2212 2212 2212 2212 2212 2212 2212 2212 2212 2212 2212 2212 2212
    2212 2212 2212 2212 2212 2198 2198 2198 2226 4911 4349 4349 2241
    2226 2226 2212 2212 2212 2212 2212 2212 2212 2212 2212 2212 2212
    2212 2212 2212 2212 2212 2212 2212 2212 2212 2212 2212 2212 2212
    2198 2198 2184 2184 2184 4911 4295 4295 2241 2226 2226 2212 2212
    2212 2212 2212 2212 2212 2212 2212 2212 2212 2212 2212 2212 2212
    2212 2212 2212 2212 2212 2212 2212 2212 2198 2198 2184 2184 2184
    2184 4911 4295 4295 2241 2226 2226 2212 2212 2212 2212 2212 2212
    2212 2212 2212 2212 2212 2212 2198 2198 2198 2212 2212 2212 2212
    2212 2212 2212 2212 2198 2198 2184 2184 2184 2212 4983 4349 4349
    2226 2226 2212 2212 2212 2212 2212 2212 2212 2212 2198 2198 2198
    2212 2212 2198 2198 2198 2212 2212 2212 2198 2198 2198 2198 2198
    2198 2198 2184 2184 2184 2198 2198 4349 2212 2212 2226 2212 2212
    2212 2212 2212 2212 2212 2212 2198 2198 2198 2198 2198 2198 2198
    2198 2198 2198 2198 2198 2198 2198 2198 2198 2198 2198 2184 2184
    2184 2198 4911 4349 2212 2212 2226 2212 2212 2212 2212 2212 2212
    2212 2212 2198 2198 2198 2198 2198 2198 2198 2198 2198 2198 2198
    2198 2198 2198 2198 2198 2184 2184 2184 2184 2198 2198 4911 4349
    2212 2212 2212 2212 2198 2198 2212 2212 2212 2212 2212 2198 2198
    2198 2198 2198 2198 2198 2198 2198 2184 2184 2184 2184 2184 2184
    2184 2184 2184 2184 2198 2198 2198 4911 4349 2212 2212 2212 2212
    2198 2198 2198 2198 2198 2212 2198 2198 2198 2198 2198 2198 2198
    2184 2184 2184 2184 2184 2184 2184 2184 2184 2184 2184 2184 2184
    2198 2212 4911 4911 2170 2170 2184 2198 2198 2198 2198 2198 2198
    2198 2198 2198 2198 2198 2198 2198 2198 2198 2184 2184 2184 2170
    2170 2184 2184 2198 2198 2184 2184 2184 2184 2184 2184 4911 4911
    2170 2170 2184 2198 2198 2198 2198 2198 2198 2198 2198 2184 2184
    2184 2184 2198 2198 2198 2184 2184 2184 2170 2170 2184 2184 2184
    2184 2184 2184 2184 2184 2184 2184 4983 4983 2184 2184 2184 2198
    2198 2198 2198 2198 2198 2198 2198 2184 2184 2184 2184 2184 2184
    2184 2198 2198 2184 2184 2184 2170 2170 2184 2184 2184 2184 2184
    2170 2170 2170 4983 4983 2184 2184 2184 2198 2198 2198 2198 2198
    2198 2198 2184 2184 2184 2184 2184 2184 2184 2184 2184 2184 2184
    2184 2184 2170 2170 2170 2170 2170 2184 2170 2170 2170 2170 4983
    4911 2184 2184 2184 2198 2198 2198 2198 2184 2184 2198 2184 2184
    2184 2184 2184 2184 2184 2184 2184 2184 2184 2184 2184 2170 2170
    2170 2170 2170 2170 2170 2170 2170 4983 4911 4911 4349 2198 2184
    2184 2198 2198 2198 2184 2184 2184 2184 2184 2184 2184 2184 2184
    2184 2184 2184 2184 2184 2184 2184 2170 2170 2170 2170 2170 2170
    2170 2170 2170 4911 4911 4911 4349 2198 2184 2184 2198 2198 2198
    2184 2184 2184 2184 2184 2184 2184 2184 2184 2184 2170 2170 2170
    2170 2170 2170 2170 2170 2170 2170 2170 2170 2170 2170 2170 4911
    4911 4842 4349 2184 2184 2184 2184 2198 2198 2184 2184 2184 2170
    2170 2184 2184 2184 2170 2170 2170 2170 2170 2170 2170 2170 2170
    2170 2170 2170 2170 2170 2170 2170 2170 4911 4911 4842 2170 2170
    2170 2170 2184 2184 2184 2184 2184 2184 2170 2170 2184 2184 2184
    2170 2170 2170 2170 2170 2184 2170 2170 2156 2156 2170 2170 2170
    2156 2156 2170 2170 4911 4911 4911 2170 2170 2170 2170 2170 2170
    2170 2170 2170 2170 2170 2170 2170 2170 2170 2170 2170 2170 2170
    2170 2170 2170 2170 2156 2156 2170 2156 2156 2156 2156 2156 2156
    4842 4842 4842 2184 2170 2170 2170 2170 2170 2170 2170 2170 2170
    2170 2170 2170 2170 2170 2170 2170 2170 2170 2170 2170 2170 2170
    2170 2156 2156 2156 2156 2156 2156 2156 2156 4842 4842 4842 2184
    2184 2170 2170 2170 2170 2170 2170 2170 2170 2170 2170 2170 2156
    2156 2156 2156 2170 2170 2170 2170 2170 2170 2156 2156 2156 2156
    2156 2156 2156 2156 2156 4911 4911 4911 2184 2184 2184 2170 2170
    2170 2170 2170 2170 2170 2170 2170 2170 2156 2156 2156 2156 2170
    2170 2170 2170 2170 2170 2156 2156 2156 2156 2156 2156 2156 2156
    2156 4911 4911 4911 2184 2170 2170 2170 2170 2170 2170 2170 2170
    2170 2170 2170 2156 2156 2156 2156 2156 2170 2170 2170 2156 2156
    2156 2156 2156 2156 2156 2156 2156 2156 2170 2170 4911 4911 4911
    2184 2170 2170 2170 2170 2170 2170 2170 2170 2170 2170 2170 2156
    2156 2156 2156 2156 2170 2170 2170 2156 2156 2156 2156 2156 2156
    2156 2156 2156 2156 2156 2156 4911 4911 4911 4405 4405 2184 2170
    2170 2156 2156 2170 2170 2170 2170 2170 2156 2156 2156 2156 2156
    2170 2170 2156 2156 2156 2156 2156 2156 2156 2143 2143 2143 2156
    2156 2156 4842 4842 4842 4405 4405 2184 2170 2170 2156 2156 2170
    2170 2156 2156 2156 2156 2156 2143 2143 2156 2156 2170 2156 2156
    2156 2156 2156 2143 2143 2143 2143 2129 2129 2156 4708 4708 4842
    4842 4405 4405 4405 4405 4349 2156 2156 2156 2170 2156 2156 2156
