<?xml version="1.0"?>
<opencv_storage>
<Depth4884 type_id="opencv-matrix">
  <rows>78</rows>
  <cols>89</cols>
  <dt>w</dt>
  <data>
    2984 2984 2984 2984 2984 2984 2984 2984 2984 2984 2984 2984 2984
    2984 3010 2984 2958 2958 2984 2933 2933 1359 1354 1354 1354 1354
    1354 1354 1354 1354 2859 2883 2908 2908 2933 2908 2908 2883 2883
    2883 2883 2883 2883 2883 2883 2883 2883 2908 2883 2883 2859 2859
    2859 2859 2883 2883 2908 2908 2883 2883 2883 2883 2883 3692 3653
    3653 3653 3653 3614 3614 3576 3576 3576 3539 3539 3503 3503 3539
    3503 3468 3468 3468 3468 3433 3433 3433 3433 3399 3399 2984 2958
    2958 2958 2958 2958 2958 2958 2984 2984 2984 2984 2984 2984 3010
    3010 2958 2958 2958 3010 3010 1354 1354 1354 1349 1349 1354 1354
    1354 1354 1354 2908 2908 2908 2933 2908 2908 2883 2883 2883 2883
    2883 2883 2883 2883 2883 2883 2908 2883 2883 2859 2859 2859 2859
    2883 2883 2883 2883 2883 2859 2859 2883 2883 2883 3692 3692 3653
    3653 3614 3614 3576 3576 3576 3576 3539 3539 3539 3539 3503 3468
    3468 3468 3468 3468 3433 3433 3433 3399 3399 3010 2958 2958 2958
    2958 2958 2958 2958 2958 2984 2984 2984 2984 2984 3010 3010 3010
    3010 3010 1354 1354 1354 1354 1354 1349 1349 1354 1354 1349 1349
    1349 2908 2908 2908 2933 2933 2908 2908 2883 2883 2908 2883 2883
    2883 2883 2883 2883 2883 2883 2859 2859 2859 2883 2883 2883 2883
    2859 2859 2859 2859 2859 2883 2883 2883 2883 2883 2883 3614 3614
    3614 3576 3576 3576 3576 3576 3539 3539 3539 3503 3468 3468 3468
    3468 3468 3433 3433 3433 3433 3433 2984 2958 2958 2933 2933 2933
    2958 2958 2958 2958 2984 2984 2984 2984 3037 3037 3037 3037 1354
    1354 1354 1354 1354 1349 1349 1349 1349 1349 1349 1349 1349 1338
    2933 2933 2933 2933 2908 2908 2883 2883 2908 2883 2883 2883 2883
    2883 2883 2883 2859 2859 2859 2859 2883 2883 2883 2859 2859 2859
    2859 2859 2859 2883 2883 2859 2859 2859 2859 2859 3614 3614 3614
    3614 3576 3576 3576 3539 3539 3539 3503 3468 3468 3468 3468 3468
    3433 3433 3433 3433 3433 2984 2958 2933 2933 2908 2908 2933 2933
    2933 2958 2958 2984 3010 3010 3037 3037 3064 3064 1354 1354 1354
    1354 1354 1349 1349 1349 1349 1349 1338 1338 1338 1338 1338 1333
    1328 1328 2933 2933 2883 2883 2883 2883 2883 2883 2883 2883 2859
    2859 2859 2859 2859 2859 2859 2859 2859 2859 2859 2859 2859 2859
    2859 2859 2859 2859 2859 2859 2859 2859 2859 2883 3614 3614 3614
    3576 3576 3576 3576 3539 3503 3468 3468 3468 3468 3468 3433 3433
    3433 3433 3433 2984 2958 2933 2933 2908 2908 2933 2933 2933 2933
    2958 2958 2958 3037 3092 3092 1359 1354 1354 1354 1354 1354 1354
    1349 1349 1349 1343 1338 1338 1338 1338 1338 1338 1333 1328 1328
    1333 1333 2883 2859 2859 2859 2883 2883 2883 2859 2859 2859 2859
    2859 2859 2859 2859 2859 2859 2859 2859 2859 2859 2859 2859 2859
    2859 2859 2859 2859 2859 2859 2859 2859 2883 3614 3614 3614 3576
    3576 3576 3539 3503 3503 3503 3468 3468 3468 3468 3433 3433 3433
    3433 2984 2933 2933 2908 2908 2908 2908 2908 2933 2933 2933 2958
    2958 2958 2958 1359 1359 1354 1354 1354 1354 1354 1354 1349 1349
    1343 1343 1338 1338 1338 1338 1338 1333 1333 1333 1333 1333 1333
    1333 2859 2859 2859 2859 2883 2883 2859 2859 2859 2859 2835 2835
    2835 2835 2835 2835 2835 2859 2859 2859 2859 2859 2859 2859 2859
    2859 2859 2859 2859 2859 2859 2859 2859 2859 3614 3576 3576 3576
    3539 3539 3503 3503 3468 3468 3468 3468 3468 3468 3433 3433 2984
    2933 2933 2908 2908 2908 2908 2908 2908 2908 2908 2908 2933 2958
    2958 1376 1359 1354 1354 1354 1349 1349 1349 1349 1349 1343 1343
    1338 1338 1338 1338 1338 1333 1333 1333 1333 1333 1333 1333 1333
    2859 2859 2859 2883 2883 2859 2859 2859 2835 2835 2835 2835 2835
    2835 2835 2835 2835 2859 2835 2835 2835 2859 2859 2859 2859 2859
    2859 2835 2835 2835 2859 2835 2835 2835 2835 3576 3576 3539 3539
    3539 3503 3503 3468 3468 3468 3468 3468 3433 3433 2984 2958 2933
    2933 2908 2908 2908 2883 2883 2859 2859 2883 2883 2883 1376 1376
    1359 1354 1349 1349 1349 1349 1349 1349 1349 1343 1343 1338 1338
    1338 1338 1338 1333 1333 1333 1333 1333 1333 1333 1328 1328 1328
    2883 2883 2883 2859 2859 2859 2835 2835 2835 2835 2835 2835 2835
    2835 2835 2835 2835 2835 2835 2859 2859 2859 2859 2859 2859 2835
    2835 2835 2835 2835 2835 2835 2835 2835 3576 3576 3576 3539 3539
    3539 3503 3503 3503 3468 3468 3468 3433 2984 2958 2933 2933 2908
    2908 2883 2883 2859 2859 2835 2835 2835 2835 1365 1365 1359 1354
    1349 1349 1349 1349 1349 1349 1349 1343 1343 1343 1338 1338 1338
    1333 1333 1333 1333 1333 1333 1333 1333 1328 1328 1328 1328 2883
    2883 2859 2859 2835 2835 2835 2835 2835 2835 2835 2835 2835 2835
    2835 2835 2835 2835 2859 2859 2859 2859 2859 2859 2835 2835 2835
    2812 2812 2812 2812 2835 2835 2812 2812 3576 3576 3576 3539 3539
    3503 3503 3468 3468 3468 3433 2984 2958 2933 2933 2908 2908 2859
    2859 2835 2812 2789 2789 2835 2835 1359 1354 1354 1349 1349 1349
    1349 1343 1343 1343 1343 1343 1343 1343 1338 1333 1333 1333 1333
    1333 1333 1333 1333 1328 1328 1328 1328 1322 1322 1317 1317 2859
    2859 2835 2835 2835 2835 2835 2835 2835 2835 2835 2835 2835 2835
    2835 2835 2859 2859 2883 2883 2859 2859 2835 2835 2835 2812 2812
    2812 2812 2812 2812 2812 2812 2812 2812 3576 3539 3539 3503 3503
    3503 3468 3468 3468 3010 2984 2958 2933 2908 2908 2859 2835 2835
    2812 2767 2767 2767 1359 1359 1354 1354 1349 1349 1349 1349 1343
    1343 1343 1343 1343 1343 1343 1338 1333 1333 1333 1333 1333 1333
    1333 1328 1328 1328 1322 1322 1322 1322 1317 1317 1317 1317 2835
    2789 2789 2835 2835 2835 2835 2835 2835 2835 2835 2835 2835 2835
    2859 2883 2883 2883 2859 2859 2859 2835 2835 2812 2812 2812 2812
    2812 2812 2812 2812 2812 2812 3576 3539 3539 3503 3503 3503 3468
    3468 3468 4582 3010 2958 2958 2908 2883 2859 2835 2835 2812 2767
    2767 2767 1354 1354 1354 1343 1343 1349 1349 1349 1343 1343 1343
    1338 1338 1343 1343 1338 1338 1338 1338 1333 1333 1333 1333 1328
    1322 1322 1322 1317 1317 1317 1317 1317 1317 1312 1312 2789 2789
    2835 2835 2835 2835 2835 2835 2835 2835 2835 2835 2835 2883 2883
    2883 2883 2859 2859 2859 2835 2835 2812 2812 2812 2812 2812 2812
    2812 2812 2812 2812 2812 3539 3539 3503 3503 3503 3503 3503 3503
    4645 4582 2958 2958 2908 2883 2859 2835 2835 2812 2812 2812 1349
    1349 1349 1349 1343 1343 1349 1343 1343 1343 1343 1343 1338 1338
    1338 1338 1338 1338 1333 1333 1333 1333 1333 1328 1322 1322 1322
    1322 1317 1317 1317 1317 1317 1317 1312 1312 1312 1312 2859 2835
    2835 2835 2835 2835 2835 2835 2835 2835 2835 2859 2883 2883 2883
    2859 2859 2859 2835 2835 2835 2835 2835 2812 2812 2812 2812 2812
    2812 2812 2789 2789 2789 3503 3503 3503 3503 3503 3503 4645 4645
    4645 2958 2933 2883 2859 2835 2835 2835 1354 1349 1349 1349 1349
    1349 1343 1343 1349 1343 1343 1343 1343 1343 1338 1338 1338 1338
    1338 1333 1333 1333 1333 1333 1328 1328 1322 1322 1322 1322 1317
    1317 1317 1317 1317 1317 1312 1312 1312 1312 1312 2859 2812 2812
    2835 2835 2835 2835 2835 2835 2835 2859 2883 2859 2859 2859 2859
    2859 2835 2835 2835 2835 2835 2812 2812 2812 2812 2812 2812 2789
    2789 2789 2789 3576 3539 3539 3503 3503 3503 4645 4645 4645 4645
    2933 2908 2908 2908 1349 1354 1354 1349 1349 1349 1349 1349 1349
    1349 1343 1343 1343 1343 1343 1343 1338 1338 1338 1338 1333 1333
    1333 1333 1333 1328 1328 1328 1322 1322 1322 1322 1317 1317 1317
    1317 1312 1312 1312 1312 1312 1312 1312 1312 2812 2812 2835 2835
    2835 2835 2835 2859 2859 2883 2883 2859 2859 2859 2835 2835 2835
    2835 2835 2835 2812 2812 2812 2812 2812 2812 2812 2789 2789 2789
    2789 2789 3576 3576 3539 3503 3503 4645 4645 4645 4645 4645 4645
    4645 4645 1349 1349 1349 1349 1349 1349 1349 1349 1349 1343 1343
    1343 1338 1338 1338 1338 1338 1338 1333 1333 1333 1333 1333 1333
    1333 1328 1328 1328 1322 1322 1322 1317 1317 1317 1312 1312 1312
    1312 1312 1312 1312 1312 1312 1307 1307 1307 2835 2835 2812 2812
