<?xml version="1.0"?>
<opencv_storage>
<Depth7724 type_id="opencv-matrix">
  <rows>49</rows>
  <cols>44</cols>
  <dt>w</dt>
  <data>
    4089 4089 4089 4089 4041 4041 4041 4041 4041 4041 4041 4041 3994
    3994 3994 3948 3948 3948 3948 3948 3948 3903 1776 1776 3903 3903
    1776 1776 1776 1785 1794 1794 1804 1785 1785 1785 3816 3816 3816
    3816 3859 3816 3816 3816 4139 4089 4089 4089 4041 4041 4041 4041
    4041 3994 3994 3994 3994 3994 3994 3948 3948 3948 3948 3948 1766
    1766 1776 1776 1776 1766 1757 1757 1757 1766 1766 1766 1766 1748
    1739 1739 1739 1739 3816 3816 3859 3816 3816 3816 4139 4139 4139
    4089 4089 4089 4041 4041 4041 3994 3994 3948 3948 3994 3994 1748
    1748 1739 1739 1739 1748 1748 1766 1766 1766 1748 1748 1748 1748
    1748 1748 1739 1731 1731 1731 1731 1731 1731 1722 1722 3859 3816
    3816 3816 1757 1757 1739 1731 1731 4089 4041 4041 4041 1731 1731
    1731 1731 1731 1731 1731 1739 1739 1739 1739 1731 1731 1731 1713
    1713 1722 1722 1722 1722 1722 1722 1722 1722 1722 1731 1731 1731
    1731 1722 1722 1722 3859 3859 3816 1757 1748 1731 1713 1713 1713
    1705 1705 1705 1705 1713 1722 1722 1713 1713 1722 1722 1722 1713
    1713 1705 1705 1705 1705 1705 1705 1705 1705 1713 1713 1713 1713
    1713 1722 1722 1722 1722 1722 1722 1722 1722 3816 3816 3816 1731
    1731 1705 1696 1688 1671 1671 1671 1680 1680 1671 1671 1671 1680
    1680 1688 1688 1705 1705 1705 1705 1705 1705 1696 1696 1705 1705
    1705 1705 1705 1705 1713 1713 1713 1722 1722 1722 1722 1722 1722
    1722 3816 3816 3816 1722 1722 1688 1680 1663 1663 1663 1663 1663
    1663 1663 1663 1663 1671 1671 1680 1688 1688 1688 1688 1696 1696
    1696 1696 1696 1705 1705 1705 1705 1705 1705 1713 1713 1713 1722
    1722 1722 1722 1722 1722 1722 3816 3816 3816 1722 1722 1688 1671
    1663 1655 1655 1655 1663 1663 1663 1663 1663 1663 1663 1671 1680
    1680 1688 1688 1696 1696 1696 1696 1696 1696 1705 1705 1705 1705
    1705 1705 1705 1705 1713 1722 1722 1713 1713 1731 1731 3816 3816
    3816 1722 1722 1688 1671 1663 1655 1655 1655 1663 1663 1663 1663
    1663 1663 1663 1671 1680 1680 1688 1688 1696 1696 1696 1696 1696
    1696 1705 1705 1705 1705 1705 1705 1705 1705 1713 1713 1722 1713
    1713 1731 1731 3816 3816 3816 1731 1731 1688 1671 1663 1663 1663
    1663 1663 1663 1663 1663 1663 1671 1671 1680 1680 1688 1688 1696
    1696 1696 1696 1696 1696 1696 1705 1705 1705 1705 1705 1705 1705
    1705 1713 1713 1713 1722 1722 1722 1722 3859 3859 3816 0 1731 1688
    1671 1663 1663 1663 1663 1663 1663 1663 1663 1663 1671 1671 1671
    1680 1680 1688 1696 1696 1696 1696 1696 1696 1696 1705 1705 1705
    1705 1705 1705 1705 1705 1713 1713 1713 1722 1722 1722 1731 1731
    3859 3816 0 1713 1696 1671 1663 1663 1663 1663 1663 1663 1663 1663
    1671 1671 1671 1671 1680 1680 1688 1688 1696 1696 1696 1696 1696
    1696 1696 1705 1705 1705 1705 1705 1705 1705 1705 1713 1713 1713
    1722 1731 1731 1731 3859 3816 1713 1713 1696 1671 1663 1655 1655
    1663 1663 1663 1663 1663 1663 1671 1671 1671 1680 1680 1688 1688
    1696 1696 1696 1696 1696 1696 1696 1705 1705 1705 1705 1713 1705
    1705 1705 1705 1713 1713 1722 1731 1731 1731 3816 3816 1696 1696
    1696 1671 1663 1655 1655 1663 1663 1663 1663 1663 1663 1663 1671
    1671 1671 1671 1688 1688 1696 1696 1696 1696 1696 1696 1696 1696
    1705 1705 1705 1713 1713 1705 1705 1705 1713 1713 1713 1722 1722
    1722 3816 3816 1696 1696 1696 1671 1663 1663 1655 1655 1663 1663
    1663 1663 1663 1663 1671 1671 1671 1671 1688 1688 1696 1696 1696
    1696 1696 1696 1696 1696 1705 1705 1705 1705 1705 1705 1705 1713
    1705 1705 1713 1722 1722 1722 3816 3816 1705 1705 1705 1680 1663
    1663 1655 1655 1655 1663 1663 1663 1663 1663 1671 1671 1680 1680
    1688 1688 1696 1696 1696 1696 1696 1696 1696 1696 1705 1705 1705
    1705 1705 1705 1713 1713 1705 1705 1705 1705 1705 1705 3859 3859
    1731 1713 1705 1688 1663 1663 1655 1655 1655 1663 1663 1663 1663
    1663 1671 1671 1680 1680 1688 1688 1696 1696 1696 1696 1696 1696
    1696 1696 1705 1705 1705 1705 1705 1705 1713 1713 1705 1705 1705
    1705 1705 1705 3816 3816 1731 1705 1696 1688 1671 1663 1655 1655
    1663 1663 1663 1663 1663 1663 1671 1671 1680 1680 1680 1680 1696
    1696 1696 1696 1696 1696 1696 1696 1705 1705 1705 1705 1705 1705
    1705 1713 1705 1705 1713 1705 1705 1705 3816 3816 1722 1705 1696
    1688 1671 1663 1655 1655 1663 1663 1663 1663 1663 1663 1671 1671
    1680 1680 1680 1680 1688 1696 1696 1696 1696 1696 1696 1705 1705
    1705 1705 1705 1705 1705 1705 1713 1713 1713 1713 1705 1705 1705
    3816 3816 1722 1705 1696 1688 1671 1663 1655 1655 1663 1655 1655
    1663 1663 1663 1663 1671 1680 1680 1680 1680 1680 1688 1688 1696
    1696 1696 1696 1705 1705 1705 1705 1705 1705 1705 1705 1713 1713
    1713 1722 1713 1713 1713 3816 3816 1731 1705 1696 1688 1671 1663
    1655 1655 1655 1655 1655 1663 1663 1663 1663 1671 1680 1680 1680
    1680 1680 1688 1688 1696 1696 1696 1696 1705 1705 1705 1705 1705
    1705 1705 1705 1713 1713 1713 1713 1722 1722 1722 3859 3859 1731
    1705 1705 1688 1671 1663 1655 1655 1655 1655 1655 1663 1663 1663
    1663 1663 1671 1671 1671 1680 1680 1688 1688 1696 1696 1696 1696
    1696 1705 1705 1705 1705 1705 1705 1705 1705 1705 1713 1713 1722
    1722 1722 3859 3859 1731 1713 1705 1688 1671 1655 1655 1655 1655
    1655 1663 1663 1663 1663 1663 1663 1671 1671 1671 1680 1680 1688
    1688 1696 1696 1696 1696 1696 1705 1705 1705 1705 1705 1705 1705
    1705 1705 1705 1713 1713 1722 1722 3859 3859 1731 1722 1705 1688
    1671 1655 1655 1655 1655 1655 1655 1663 1663 1663 1663 1663 1671
    1671 1671 1680 1680 1688 1688 1696 1696 1696 1696 1696 1696 1705
    1705 1705 1705 1705 1705 1705 1705 1705 1713 1713 1713 1713 3859
    3859 1731 1722 1713 1688 1671 1655 1655 1655 1655 1655 1655 1655
    1655 1663 1663 1663 1671 1671 1671 1680 1680 1688 1688 1696 1696
    1696 1696 1696 1696 1696 1705 1705 1705 1705 1705 1705 1705 1705
    1713 1713 1713 1713 3859 3859 1722 1722 1713 1688 1663 1655 1655
    1655 1655 1655 1655 1655 1655 1655 1663 1663 1671 1671 1671 1671
    1680 1680 1688 1688 1696 1696 1696 1696 1696 1696 1696 1705 1696
    1696 1705 1705 1705 1705 1713 1705 1705 1705 1705 3859 1722 1722
    1713 1688 1663 1663 1663 1663 1655 1655 1655 1655 1655 1655 1663
    1663 1671 1671 1671 1671 1671 1680 1680 1688 1688 1696 1696 1696
    1696 1696 1696 1705 1696 1696 1705 1705 1705 1705 1713 1705 1705
    1705 1705 3774 1731 1731 1731 1696 1671 1663 1663 1663 1655 1655
    1655 1655 1655 1655 1663 1663 1671 1671 1671 1671 1671 1671 1680
    1680 1680 1688 1688 1688 1696 1696 1696 1696 1696 1696 1705 1705
    1705 1705 1713 1705 1705 1713 1713 3774 1731 1731 1722 1696 1671
    1663 1655 1655 1655 1655 1655 1655 1655 1655 1663 1663 1671 1671
    1671 1671 1671 1671 1671 1671 1680 1688 1688 1688 1688 1696 1696
    1696 1696 1696 1705 1705 1705 1705 1705 1713 1713 1713 1713 3859
    1731 1731 1722 1705 1680 1663 1655 1655 1655 1655 1655 1655 1655
    1655 1655 1663 1671 1671 1671 1671 1671 1671 1671 1671 1680 1680
    1688 1688 1688 1696 1696 1696 1696 1696 1705 1705 1705 1705 1705
    1705 1705 1713 1713 3816 1739 1739 1731 1713 1688 1663 1655 1655
    1655 1655 1655 1655 1655 1655 1655 1655 1663 1671 1671 1671 1671
    1671 1671 1671 1680 1680 1680 1688 1696 1696 1696 1696 1696 1705
    1705 1705 1705 1705 1705 1705 1696 1696 1696 3774 1748 1748 1722
    1705 1680 1663 1655 1655 1655 1655 1655 1655 1655 1655 1655 1655
    1663 1671 1671 1671 1671 1671 1671 1671 1671 1680 1680 1688 1696
    1696 1696 1696 1696 1696 1696 1705 1705 1705 1705 1705 1696 1696
    1696 3774 4041 1722 1722 1705 1680 1663 1655 1655 1655 1655 1655
    1655 1655 1655 1655 1655 1663 1671 1671 1671 1671 1671 1671 1671
    1671 1680 1680 1680 1688 1688 1696 1696 1696 1696 1696 1696 1705
    1705 1705 1705 1696 1696 1696 1696 4041 1713 1713 1705 1680 1663
    1655 1655 1647 1647 1655 1655 1655 1655 1655 1655 1663 1663 1671
