<?xml version="1.0"?>
<opencv_storage>
<Depth16342 type_id="opencv-matrix">
  <rows>16</rows>
  <cols>9</cols>
  <dt>w</dt>
  <data>
    4708 4842 5291 5374 5374 5374 4842 4774 4708 4708 5291 5374 5374
    5374 5374 4842 4774 4708 5291 5374 5374 5374 5374 5374 5291 4842
    4708 5291 5291 5291 5291 5374 5291 5291 4911 4774 5291 5291 5291
    5291 5291 5291 5291 5210 4774 5291 5291 5291 5291 5291 5291 5291
    5210 4842 5291 5291 5291 5291 5291 5291 5291 5210 4983 5374 5374
    5291 5291 5291 5291 5291 5210 5132 5374 5374 5291 5291 5291 5291
    5291 5291 5210 5291 5374 5374 5374 5291 5291 5291 5291 5291 5291
    5374 5374 5374 5291 5291 5291 5291 5291 5291 5374 5460 5374 5374
    5291 5291 5374 5291 4522 5374 5291 5291 5374 5374 5374 5374 5291
    4463 5374 5210 5210 5291 5374 5374 5374 5291 4463 4522 5210 5210
    5291 5374 5374 5374 5291 4522 4522 4522 5374 5374 5374 5374 5374
    5291</data></Depth16342>
</opencv_storage>
