<?xml version="1.0"?>
<opencv_storage>
<Depth17748 type_id="opencv-matrix">
  <rows>7</rows>
  <cols>25</cols>
  <dt>w</dt>
  <data>
    5933 5933 6375 6375 6375 4645 4645 4645 4708 4842 4842 4842 4842
    4842 4911 4911 4842 4842 4774 4774 4842 4842 4842 4842 4774 4842
    4774 4774 4774 4842 4645 4645 4708 4774 4842 4842 4842 4842 4842
    4842 4911 4842 4842 4842 4842 4842 4842 4842 4842 4774 4842 4774
    4774 4774 4842 4842 4842 4842 4842 4842 4842 4842 4842 4842 4842
    4842 4842 4842 4842 4842 4842 4842 4842 4842 4842 4842 4774 4774
    4842 4842 4842 4842 4842 4842 4842 4842 4774 4774 4842 4842 4842
    4911 4911 4842 4842 4842 4842 4842 4842 4842 4911 4774 4774 4842
    4842 4842 4774 4774 4842 4842 4774 4774 4774 4842 4842 4842 4842
    4842 4842 4842 4842 4842 4842 4842 4842 0 0 4842 4842 4842 4774 4708
    4708 4774 4774 4774 4774 4774 4842 4911 4842 4842 4842 4842 4842
    4842 4842 4842 4911 4911 0 0 4911 4842 4842 4774 4708 4708 4774 4774
    0 0 4911 4911 4911 4842 4842 0 0 0 4774 4774 4842 4842 4190</data></Depth17748>
</opencv_storage>
