<?xml version="1.0"?>
<opencv_storage>
<Depth3835 type_id="opencv-matrix">
  <rows>64</rows>
  <cols>60</cols>
  <dt>w</dt>
  <data>
    1722 1722 1722 1713 1713 1713 1705 1705 1705 1722 0 0 0 0 0 0 0 0
    1813 1813 1804 1794 1794 5291 5291 1688 1688 1696 1688 1688 1696
    1713 1748 1748 1748 1748 1748 5460 5460 5374 5374 5374 5374 5374
    5374 5291 5291 5291 5210 5210 5210 5210 5210 5132 5132 5291 5210
    5210 5210 5210 1722 1722 1722 1713 1713 1713 1705 1705 1705 0 0 0 0
    0 0 0 0 0 1794 1794 1794 1776 1776 1705 1696 1688 1688 1696 1688
    1688 1688 1705 1722 1739 1748 1748 1766 1766 5460 5374 5374 5374
    5374 5374 5374 5291 5291 5291 5210 5210 5210 5210 5210 5132 5132
    5291 5291 5210 5210 5210 1731 1722 1722 1722 1722 1722 4911 1757
    1757 0 0 0 0 0 0 0 1748 1748 1731 1731 1794 1739 1722 1705 1696 1696
    1696 1696 1688 1688 1688 1696 1713 1731 1739 1748 1766 1766 5374
    5374 5374 5374 5374 5374 5374 5291 5291 5291 5291 5291 5291 5210
    5132 5132 5132 5210 5291 5210 5210 5210 1731 1731 1731 1731 4842
    4842 4911 1757 1757 1757 0 0 0 0 0 0 1739 1731 1722 1713 1705 1705
    1705 1705 1705 1696 1696 1688 1688 1688 1688 1696 1705 1722 1731
    1739 1757 1757 1757 5374 5374 5374 5374 5374 5374 5291 5291 5291
    5291 5291 5291 5210 5132 5132 5132 5210 5210 5291 5210 5210 4645
    4645 4645 4645 4842 4842 4911 1757 1748 1748 0 0 0 0 0 0 1731 1731
    1722 1705 1705 1705 1696 1696 1696 1696 1696 1688 1688 1688 1696
    1696 1705 1713 1722 1739 1757 1757 1757 5291 5291 5291 5374 5374
    5374 5291 5291 5291 5291 5291 5291 5210 5210 5132 5132 5210 5210
    5210 5210 5132 4708 4645 4645 4645 4774 4842 4911 1757 1748 1748 0 0
    0 0 0 0 1731 1722 1705 1705 1696 1696 1696 1696 1696 1696 1696 1688
    1688 1688 1688 1688 1696 1696 1713 1739 1748 1757 1757 1757 5291
    5291 5374 5374 5374 5291 5291 5291 5291 5374 5291 5291 5210 5210
    5210 5210 5210 5210 5132 5132 4708 4645 4645 4708 4774 4842 4842
    1757 1748 1748 0 0 1731 0 0 1731 1722 1722 1696 1696 1696 1696 1696
    1696 1696 1696 1696 1696 1696 1688 1688 1688 1696 1696 1696 1722
    1731 1748 1748 1748 1748 5374 5374 5374 5374 5291 5291 5291 5291
    5374 5291 5291 5210 5210 5210 5210 5210 5132 5132 5132 4708 4708
    4708 4708 4774 4842 4842 4911 1748 1748 1748 1731 1731 1731 0 1722
    1722 1713 1696 1696 1705 1705 1705 1696 1696 1696 1696 1696 1688
    1688 1696 1688 1688 1696 1696 1705 1722 1739 1748 1748 1748 1748
    5460 5460 5374 5374 5374 5374 5374 5374 5291 5291 5291 5291 5210
    5210 5210 5132 5132 5132 4708 4708 4708 4774 4774 4774 4842 4911
    1748 1739 1731 1731 1722 1722 1722 1722 1713 1713 1705 1705 1705
    1705 1705 1705 1696 1696 1696 1696 1688 1688 1696 1688 1688 1696
    1696 1696 1705 1731 1748 1748 1748 1748 5460 5460 5374 5374 5374
    5374 5374 5374 5374 5374 5291 5291 5210 5210 5210 5132 5132 5132
    4645 4708 4708 4774 4774 4774 4842 4842 1739 1731 1731 1722 1713
    1713 1713 1713 1713 1713 1713 1713 1713 1713 1713 1696 1696 1696
    1696 1696 1688 1688 1696 1696 1688 1688 1688 1696 1705 1722 1731
    1739 1748 1757 1757 5548 5460 5374 5374 5374 5374 5374 5374 5374
    5291 5291 5291 5210 5210 5210 5132 5132 4645 4708 4708 4708 4842
    4842 4842 1731 1731 1731 1722 1722 1713 1713 1713 1713 1713 1713
    1713 1713 1713 1713 1713 1696 1696 1696 1696 1696 1696 1696 1688
    1688 1688 1688 1688 1696 1696 1713 1722 1739 1748 1757 1757 5460
    5460 5374 5374 5374 5374 5374 5374 5374 5291 5291 5291 5210 5210
    5210 5210 5210 4645 4645 4645 4645 4774 4842 1731 1722 1722 1722
    1722 1722 1722 1713 1713 1713 1722 1713 1713 1713 1713 1713 1713
    1696 1696 1696 1696 1696 1696 1688 1688 1688 1688 1688 1688 1688
    1696 1705 1722 1731 1739 1757 1757 1757 5460 5374 5374 5374 5374
    5374 5374 5374 5291 5291 5291 5291 5291 5210 5210 5210 4582 4645
    4645 4645 4774 4774 1731 1722 1722 1722 1722 1722 1722 1713 1713
    1713 1722 1713 1713 1713 1713 1713 1705 1696 1696 1696 1696 1696
    1696 1688 1688 1688 1688 1688 1688 1688 1688 1696 1713 1731 1731
    1739 1757 1757 5548 5460 5374 5374 5374 5374 5374 5374 5291 5291
    5291 5291 5291 5210 5210 5210 4582 4645 4645 4645 4774 1731 1731
    1731 1731 1722 1722 1722 1722 1713 1713 1722 1722 1722 1722 1713
    1713 1713 1705 1696 1696 1696 1696 1696 1696 1688 1688 1688 1688
    1688 1688 1688 1688 1688 1705 1722 1731 1739 1757 1757 1757 5460
    5460 5460 5374 5374 5374 5374 5291 5291 5210 5210 5210 5210 5210
    5210 4582 4645 4645 4645 1739 1731 1731 1731 1731 1722 1722 1722
    1722 1722 1722 1722 1722 1722 1722 1713 1713 1713 1713 1705 1705
    1705 1705 1696 1696 1696 1688 1688 1688 1688 1688 1680 1680 1680
    1696 1705 1713 1731 1757 1757 1757 5548 5460 5460 5374 5374 5374
    5374 5291 5291 5210 5210 5210 5210 5210 5210 4582 4842 1748 1748
    1739 1731 1731 1731 1731 1731 1731 1731 1722 1722 1722 1722 1722
    1722 1722 1713 1713 1713 1713 1713 1705 1705 1696 1696 1696 1696
    1696 1696 1688 1688 1688 1680 1680 1680 1688 1696 1713 1722 1757
    1757 1757 1757 5460 5460 5374 5374 5374 5374 5291 5291 5210 5210
    5210 5210 5210 5210 4582 1748 1739 1739 1731 1731 1731 1731 1731
    1722 1722 1731 1722 1722 1722 1722 1722 1722 1722 1722 1713 1713
    1713 1713 1705 1705 1696 1696 1696 1696 1696 1696 1688 1688 1688
    1680 1680 1680 1688 1688 1705 1722 1748 1757 1757 1757 1757 5460
    5374 5374 5374 5374 5291 5291 5210 5210 5210 5210 5210 5210 1748
    1739 1739 1731 1731 1731 1731 1731 1731 1722 1722 1731 1731 1731
    1731 1722 1722 1722 1722 1722 1722 1713 1705 1705 1705 1705 1696
    1696 1696 1696 1696 1696 1688 1688 1688 1680 1680 1680 1680 1680
    1696 1722 1731 1748 1757 1757 1757 5460 5460 5460 5374 5374 5291
    5291 5291 5210 5210 5210 5210 5210 1739 1739 1739 1731 1731 1731
    1731 1731 1731 1722 1722 1722 1731 1731 1731 1722 1722 1722 1722
    1722 1722 1713 1705 1705 1705 1705 1696 1696 1696 1696 1696 1696
    1696 1688 1688 1680 1680 1680 1671 1671 1688 1713 1722 1739 1748
    1757 1757 5460 5460 5460 5374 5374 5374 5291 5291 5210 5210 5210
    5210 5210 1731 1731 1731 1731 1731 1731 1731 1731 1731 1722 1722
    1722 1731 1731 1722 1722 1722 1722 1722 1722 1722 1713 1705 1705
    1705 1705 1705 1705 1696 1696 1696 1696 1696 1688 1688 1688 1688
    1680 1671 1671 1688 1705 1713 1731 1739 1739 1739 5460 5460 5374
    5374 5374 5374 5291 5291 5210 5210 5210 5210 5210 1731 1731 1731
    1731 1731 1731 1731 1731 1731 1722 1722 1731 1731 1731 1722 1722
    1722 1722 1722 1722 1722 1713 1705 1705 1705 1705 1705 1696 1696
    1696 1696 1696 1696 1696 1696 1688 1688 1688 1688 1688 1688 1696
    1705 1722 1731 1739 1757 1757 5460 5374 5374 5374 5374 5291 5291
    5210 5210 5210 5210 5291 1731 1731 1731 1731 1731 1731 1731 1731
    1731 1722 1722 1722 1722 1722 1722 1722 1722 1722 1722 1722 1722
    1713 1713 1713 1705 1705 1705 1696 1696 1696 1696 1696 1696 1696
    1696 1696 1696 1688 1688 1688 1688 1688 1696 1705 1722 1731 1748
    1766 1766 5374 5374 5374 5374 5374 5291 5291 5291 5210 5210 5291
    4405 1739 1722 1722 1731 1731 1731 1731 1731 1731 1722 1722 1722
    1722 1713 1713 1722 1722 1722 1722 1722 1713 1713 1713 1705 1705
    1705 1705 1705 1696 1696 1696 1696 1696 1696 1696 1696 1688 1688
    1688 1688 1688 1696 1705 1713 1722 1731 1748 1757 1757 5374 5374
    5374 5374 5291 5291 5291 5210 5210 5210 4522 4522 1722 1722 1731
    1731 1731 1731 1722 1722 1722 1722 1722 1722 1713 1713 1722 1713
    1713 1713 1713 1713 1713 1713 1705 1705 1705 1696 1696 1696 1696
    1696 1696 1696 1696 1688 1688 1688 1688 1688 1688 1688 1688 1696
    1696 1713 1731 1739 1748 1757 1757 5374 5374 5374 5291 5291 5291
    5291 5210 5210 4522 4522 4522 1748 1748 1731 1731 1731 1722 1722
    1722 1722 1731 1731 1713 1713 1713 1713 1713 1713 1713 1713 1713
    1713 1705 1696 1696 1696 1696 1696 1696 1696 1696 1696 1696 1688
    1688 1688 1688 1688 1688 1688 1688 1688 1696 1705 1722 1722 1739
    1757 1757 5460 5374 5374 5291 5291 5291 5291 5210 5210 4463 4405
