<?xml version="1.0"?>
<opencv_storage>
<Depth0250 type_id="opencv-matrix">
  <rows>17</rows>
  <cols>6</cols>
  <dt>w</dt>
  <data>
    0 6146 6146 6146 6038 6038 0 6038 6038 6038 6038 6038 0 6038 6038
    6038 6038 6038 0 6038 6038 6038 6038 6038 6146 6038 6038 6038 6146
    6146 6146 6146 6038 6038 6146 6146 6259 6146 6146 6038 6038 6038
    6259 6146 6038 6038 6038 6038 6259 6146 6038 6038 5933 5933 6259
    6146 6038 6038 5933 5933 0 6146 6038 6038 6038 6038 0 6259 6146 6146
    6259 6375 6146 6146 6146 6146 6259 6753 6146 6146 6146 6146 6259
    6753 6146 6259 6146 6146 6375 7030 6146 6146 6146 6146 6375 7030
    6146 6146 6259 6259 6375 7030</data></Depth0250>
</opencv_storage>
