<?xml version="1.0"?>
<opencv_storage>
<Depth1882 type_id="opencv-matrix">
  <rows>29</rows>
  <cols>13</cols>
  <dt>w</dt>
  <data>
    3539 3468 3468 3468 3468 1981 1981 3468 3468 3468 3433 3433 1883
    3539 3503 3503 3503 3503 3503 3468 3433 3433 3433 3433 3433 0 3539
    3503 3468 3468 3503 3468 3468 3433 3433 3433 3433 3433 0 3539 3503
    3468 3468 3468 3468 3468 3433 3399 3399 3399 3399 0 3468 3468 3468
    3468 3468 3468 3433 3433 3399 3399 3399 0 0 3399 3399 3468 3433 3433
    3433 3433 3433 3399 3399 3399 0 0 3399 3399 3433 3433 3433 3433 3433
    3433 3399 3399 3399 0 0 3433 3433 3433 3433 3399 3399 3365 3365 3399
    3399 3399 3399 0 3433 3433 3433 3433 3399 3399 3365 3365 3365 3365
    3365 3333 3333 3433 3399 3399 3399 3365 3365 3365 3365 3365 3365
    3333 3333 3333 3365 3365 3365 3365 3365 3365 3365 3365 3333 3333
    3300 3300 3333 3365 3365 3365 3365 3365 3365 3333 3333 3333 3300
    3238 3238 0 3399 3399 3399 3365 3365 3333 3333 3333 3300 3300 3238
    3238 3149 3399 3399 3365 3365 3365 3333 3333 3333 3300 3300 3238
    3238 3149 3399 3399 3365 3365 3365 3333 3300 3300 3300 3300 3238
    3238 3149 3399 3399 3365 3365 3333 3300 3300 3300 3300 3300 3300
    3238 3149 3365 3365 3365 3333 3300 3269 3269 3269 3269 3300 3300
    3269 3269 3365 3365 3365 3333 3238 3238 3269 3269 3269 3269 3269
    3238 3238 4582 3333 3333 3333 3208 3208 3269 3300 3300 3269 3238
    3208 3208 4582 3333 3333 3300 3208 3208 3300 3300 3300 3269 3238
    3208 3208 4582 3333 3300 3300 3238 3238 3238 3300 3269 3238 3238
    3208 3208 4582 3333 3300 3269 3269 3238 3238 3269 3238 3238 3208
    3208 3178 4582 3333 3269 3269 3269 3238 3238 3238 3208 3208 3208
    3208 3178 4582 4582 3269 3269 3269 3238 3238 3208 3208 3208 3208
    3208 3178 4582 4582 4582 3269 3269 3238 3238 3208 3208 3208 3208
    3208 3178 4582 4582 4582 3238 3238 3238 3208 3208 3208 3208 3208
    3208 3178 4582 4582 4582 3238 3208 3208 3208 3208 3208 3208 3208
    3208 3178 4582 4582 0 0 3208 3178 3178 3178 3178 3178 3178 3208 3208
    0 0 0 0 3208 3178 3178 3178 3178 3178 3178 3178 3178</data></Depth1882>
</opencv_storage>
