<?xml version="1.0"?>
<opencv_storage>
<Depth10818 type_id="opencv-matrix">
  <rows>113</rows>
  <cols>73</cols>
  <dt>w</dt>
  <data>
    0 5291 5132 860 860 860 860 869 5548 5548 5548 5734 5734 5734 0 0 0
    0 0 0 0 0 6146 6146 6259 6259 6259 6259 6259 6259 6375 6375 5291
    5210 5210 5374 0 0 4983 4911 4911 4774 4522 4522 4463 4405 4405 4349
    4295 4295 4190 4190 4190 4190 4190 4190 4190 4190 0 0 0 0 4241 4241
    4241 4241 4190 4190 4139 4139 4041 4041 4041 0 0 5132 860 860 858
    858 862 862 862 817 802 0 0 0 0 0 0 0 0 0 0 0 0 0 0 0 0 0 0 0 0 5548
    5374 5374 5460 0 0 0 4983 4911 4774 4774 4582 4463 4405 4405 4349
    4349 4295 4241 4190 4190 4190 4190 4190 4190 0 0 0 0 0 4241 4241
    4295 4295 4241 4241 4190 4139 4139 0 0 0 0 0 860 858 856 841 841 841
    821 817 802 800 0 0 0 0 0 0 0 0 0 0 0 0 0 0 0 0 0 0 0 0 0 0 0 0 0 0
    4983 4911 4842 4842 0 0 0 0 0 0 0 0 0 0 4241 4241 4241 4241 0 0 0 0
    0 4295 4295 4295 4241 4241 4190 4190 4241 4241 0 0 0 0 0 860 856 851
    841 841 841 821 817 802 800 800 802 0 0 0 0 0 0 0 0 0 0 0 0 0 0 0 0
    0 0 0 0 0 0 0 0 0 4911 4842 4842 0 0 0 0 0 0 0 0 0 0 0 0 0 0 0 0 0 0
    0 4295 4295 4190 4190 4190 4190 4190 0 0 0 0 0 0 862 860 856 847 841
    837 827 821 817 802 800 800 802 0 769 767 767 757 757 0 0 0 0 0 0 0
    0 0 0 0 0 0 0 0 0 0 0 0 0 0 0 0 0 0 0 0 0 0 0 0 0 0 0 0 0 0 0 0 0 0
    0 4139 4089 4089 4089 4190 4190 0 0 0 0 0 0 862 860 858 847 841 837
    827 821 817 803 800 798 798 798 769 766 766 757 754 747 747 0 0 0 0
    0 0 0 0 0 0 0 0 0 0 0 0 0 0 0 0 0 0 0 0 0 0 0 0 0 0 0 0 0 0 0 0 0 0
    0 0 4139 4089 4089 4089 4089 0 0 0 0 0 0 0 864 860 858 847 841 837
    827 823 819 803 800 796 796 776 771 766 762 757 754 747 742 741 741
    0 0 717 714 714 0 0 0 0 0 0 0 0 0 0 0 0 0 0 0 0 0 0 0 0 0 0 0 0 0 0
    0 0 0 0 0 0 0 0 711 711 717 720 720 720 720 0 0 0 0 864 862 858 847
    841 837 829 823 819 805 798 794 785 776 773 771 762 757 754 750 742
    739 736 727 722 717 714 714 0 0 0 0 0 0 0 0 0 0 0 0 670 670 0 0 0 0
    0 0 0 0 0 0 0 0 0 0 0 0 0 0 0 0 0 711 717 717 717 719 717 717 0 0 0
    864 862 860 847 841 835 829 825 819 807 798 794 785 780 774 773 762
    757 755 750 742 739 736 727 722 717 714 713 710 710 0 688 686 686 0
    0 0 0 0 670 670 670 670 0 0 0 0 0 0 0 0 0 0 0 0 0 704 704 704 706
    707 711 711 711 713 716 717 719 717 717 722 0 0 867 864 854 845 841
    835 829 825 819 807 798 794 787 781 776 774 762 759 755 750 746 739
    736 727 722 719 716 711 708 704 698 687 684 683 678 675 675 672 671
    670 670 670 670 0 683 682 682 0 687 687 688 693 694 696 698 700 701
    703 704 704 706 707 711 711 713 714 716 717 720 720 722 0 0 867 864
    854 845 841 833 829 825 819 813 802 794 787 781 778 774 762 759 757
    749 746 741 738 727 722 719 714 710 708 704 698 687 684 683 678 675
    672 672 671 671 671 671 671 678 678 682 682 684 686 687 688 693 694
    696 698 700 700 703 704 704 706 707 710 711 713 714 716 717 720 720
    722 0 0 862 862 851 847 841 833 827 823 817 813 803 796 787 781 780
    774 764 759 757 747 744 741 738 727 723 719 714 710 707 703 700 687
    684 683 679 675 672 672 671 671 671 672 675 678 678 680 682 684 686
    688 690 693 694 696 698 700 700 703 704 706 706 707 710 711 713 714
    716 717 720 722 722 0 0 862 862 851 847 841 833 827 823 817 807 803
    798 787 781 780 774 764 762 762 747 744 741 738 727 722 719 714 710
    707 703 698 687 684 682 679 676 672 672 671 671 671 674 676 679 679
    680 682 686 687 688 690 693 694 697 698 700 700 703 704 706 707 708
    710 711 713 714 717 717 720 722 722 0 867 867 858 851 847 843 837
    827 821 815 807 803 798 787 783 780 774 766 762 754 747 744 741 738
    727 722 720 714 710 707 703 694 687 686 682 679 676 672 672 671 671
    672 675 678 679 680 680 682 686 687 688 690 693 696 697 698 700 700
    703 704 706 707 708 710 711 713 716 717 719 722 722 723 0 867 867
    858 851 847 843 837 827 821 815 809 803 800 789 783 780 774 766 761
    754 749 746 741 738 728 723 720 716 710 707 703 694 688 684 680 679
    676 674 672 672 672 672 675 676 679 682 682 683 686 687 688 690 693
    696 697 698 700 701 704 704 706 707 708 710 711 714 716 717 719 722
    722 723 0 867 867 858 854 847 843 837 829 823 815 807 803 800 789
    783 781 776 766 761 755 752 746 741 738 728 723 720 716 711 707 703
    694 688 684 680 679 676 674 674 672 672 672 675 676 679 680 682 683
    686 687 688 690 693 696 698 698 700 701 704 704 706 707 708 711 713
    714 717 719 720 722 722 723 0 867 867 858 854 847 843 839 829 823
    817 807 805 802 789 783 781 778 766 762 759 752 747 741 738 734 725
    719 716 711 707 704 698 691 684 680 679 676 674 674 672 672 674 675
    676 679 680 682 684 686 688 691 691 693 694 697 700 701 703 704 706
    706 707 708 711 714 716 717 719 720 722 723 723 0 867 867 858 854
    849 843 839 829 823 819 807 805 800 789 785 783 778 766 762 759 754
    747 741 738 728 725 719 714 711 707 704 698 691 684 680 679 675 674
    674 674 674 675 676 678 680 682 682 684 686 690 691 693 694 694 696
    700 703 704 704 706 707 708 710 711 714 716 717 719 720 723 725 727
    0 867 867 858 854 849 843 839 831 825 819 807 803 800 789 783 783
    776 766 762 759 752 747 741 738 728 725 720 714 711 707 704 698 691
    687 682 679 675 674 674 674 674 675 676 679 680 682 682 686 687 690
    691 693 694 694 696 700 703 706 706 706 707 708 710 711 714 716 717
    719 722 723 727 730 0 867 864 860 856 847 843 837 833 825 819 809
    803 800 792 783 781 776 766 762 757 752 747 742 739 728 725 720 714
    711 707 704 701 691 688 682 678 675 674 674 674 674 675 676 680 680
    682 683 687 687 690 691 693 694 696 697 700 703 704 706 706 708 708
    710 711 714 716 717 717 722 723 727 730 0 0 864 860 856 847 839 835
    831 827 815 809 805 800 794 785 780 776 773 762 757 752 747 744 739
    728 725 720 714 711 707 704 701 693 688 682 678 675 674 674 674 674
    675 676 680 682 683 687 687 688 690 691 693 694 696 698 700 701 703
    704 707 708 710 710 711 714 716 717 717 722 723 725 730 0 0 864 862
    856 847 839 835 831 827 815 809 803 800 794 785 780 776 767 762 759
    754 749 744 739 734 725 722 716 713 707 703 700 693 688 682 678 675
    675 674 674 674 675 678 682 682 683 686 687 688 691 693 694 696 698
    698 700 701 703 704 706 708 710 711 713 714 716 717 717 722 723 723
    725 0 0 867 862 856 847 841 835 831 827 815 809 803 798 792 785 781
    778 767 762 759 754 747 742 739 734 725 722 717 711 707 703 700 691
    687 682 679 675 675 675 675 675 676 678 682 683 683 686 687 688 691
    693 694 697 698 698 700 701 704 704 706 710 710 711 713 714 716 717
    717 722 723 723 725 0 0 869 862 856 847 841 837 831 827 815 811 803
    798 790 783 781 780 766 761 759 754 747 742 739 734 725 722 717 711
    707 703 700 691 687 683 679 675 675 675 674 674 676 678 682 682 683
    684 686 690 691 693 694 697 698 698 700 701 704 706 707 710 711 713
    714 716 716 717 720 723 723 723 727 0 869 867 860 856 847 841 837
    831 827 817 811 805 796 790 783 781 780 766 761 759 754 749 744 739
    734 725 720 716 711 708 706 703 690 687 684 679 676 675 675 674 674
    676 678 682 682 683 684 686 690 691 693 694 697 698 700 701 703 704
    706 707 710 711 713 714 716 716 719 720 723 725 725 727 0 869 867
    860 856 847 843 837 833 823 819 813 807 796 790 783 781 780 766 762
    759 754 749 744 739 734 723 720 716 711 708 706 703 690 687 686 680
    676 674 674 675 675 676 679 682 683 684 684 687 691 691 693 694 698
    698 700 701 703 704 706 708 710 711 713 714 717 717 719 720 723 725
    725 727 0 869 867 860 854 847 843 837 833 823 819 813 807 798 790
    785 783 773 766 762 759 754 749 742 739 736 723 720 716 711 708 707
    701 690 687 684 680 676 674 674 675 675 676 679 683 683 684 686 687
    691 691 693 694 698 698 701 703 704 706 707 710 710 711 713 716 717
    717 719 722 723 725 725 725 0 867 867 860 854 847 841 837 833 821
    819 813 807 798 792 789 781 773 767 762 761 757 750 741 739 733 723
