<?xml version="1.0"?>
<opencv_storage>
<Depth6999 type_id="opencv-matrix">
  <rows>34</rows>
  <cols>44</cols>
  <dt>w</dt>
  <data>
    5056 5056 4983 4983 2503 2485 2467 2467 2467 2450 2450 2450 2467
    2467 2450 2450 4911 4911 4842 4842 4842 4842 4842 4842 4774 4774
    4774 4774 4708 4708 4708 4708 4708 4708 4708 4708 4774 4774 4774
    4708 4708 4708 4708 4708 5056 5056 4983 4983 2485 2485 2467 2467
    2467 2450 2450 2450 2467 2450 2432 2432 2432 2432 4842 4842 4842
    4842 4842 4911 4842 4774 4774 4774 4774 4708 4708 4708 4708 4708
    4708 4708 4774 4774 4774 4708 4708 4708 4708 4708 5056 5056 4983
    4983 2485 2467 2467 2467 2450 2450 2450 2450 2450 2432 2432 2432
    2432 2432 2432 2432 2432 2415 2415 2415 4842 4842 4774 4774 4774
    4774 4708 4708 4708 4708 4708 4708 4774 4774 4774 4708 4708 4708
    4708 4708 5056 4983 4983 2503 2485 2467 2467 2467 2450 2450 2450
    2450 2450 2432 2432 2432 2432 2432 2432 2432 2415 2415 2415 2415
    2432 2415 2415 2381 2381 4708 4708 4708 4708 4708 4708 4708 4774
    4708 4708 4708 4708 4774 4708 4708 5056 4983 4983 2485 2485 2467
    2467 2467 2450 2450 2450 2450 2450 2450 2432 2432 2432 2432 2432
    2432 2415 2415 2415 2415 2415 2415 2398 2381 2381 2381 4708 4190
    4190 4774 4708 4708 4774 4708 4708 4708 4708 4708 4774 4774 5056
    5056 5056 2485 2485 2485 2467 2467 2450 2450 2450 2450 2450 2450
    2432 2432 2432 2415 2415 2432 2432 2432 2432 2432 2415 2415 2398
    2398 2381 2381 2398 2398 2398 2398 2398 2398 4774 4774 4708 4708
    4708 4708 4774 4774 5210 5210 2485 2485 2485 2485 2467 2467 2450
    2450 2450 2450 2450 2450 2432 2432 2432 2415 2415 2432 2432 2432
    2432 2415 2415 2415 2398 2398 2381 2381 2398 2398 2398 2398 2398
    2381 2381 2398 2398 2415 2432 2381 2381 4774 5132 5132 5132 2485
    2485 2485 2485 2467 2450 2450 2450 2450 2450 2432 2432 2432 2432
    2432 2432 2432 2432 2432 2415 2415 2415 2415 2398 2398 2398 2398
    2398 2398 2398 2398 2398 2381 2381 2381 2381 2398 2398 2381 2381
    2381 5056 5056 5056 2485 2485 2485 2485 2467 2467 2450 2450 2450
    2450 2432 2432 2432 2432 2432 2432 2432 2432 2415 2415 2415 2415
    2415 2398 2398 2398 2398 2415 2415 2398 2398 2398 2398 2398 2381
    2381 2398 2398 2381 2381 2381 5056 5056 5056 2485 2485 2485 2485
    2467 2467 2450 2450 2450 2450 2450 2450 2432 2432 2432 2432 2432
    2432 2415 2415 2415 2415 2415 2415 2398 2398 2398 2415 2415 2398
    2398 2398 2398 2398 2398 2398 2398 2398 2381 2381 2381 5056 5056
    2485 2485 2485 2485 2467 2467 2467 2450 2450 2450 2450 2450 2450
    2450 2432 2432 2432 2432 2432 2415 2415 2415 2415 2415 2415 2398
    2398 2398 2398 2398 2398 2398 2398 2398 2398 2398 2398 2398 2398
    2398 2381 2381 5210 5210 2485 2485 2485 2485 2467 2467 2467 2450
    2450 2450 2467 2450 2450 2432 2432 2432 2432 2432 2432 2432 2415
    2415 2415 2415 2415 2398 2398 2398 2398 2398 2398 2398 2398 2398
    2415 2398 2398 2398 2398 2398 2398 2398 5210 2485 2485 2485 2485
    2485 2467 2467 2450 2450 2450 2450 2450 2450 2450 2432 2432 2432
    2432 2432 2432 2432 2415 2415 2415 2415 2415 2415 2398 2398 2398
    2398 2398 2398 2398 2415 2415 2398 2398 2398 2398 2398 2398 2398
    5210 2485 2485 2485 2485 2485 2485 2467 2450 2450 2450 2450 2450
    2432 2432 2432 2432 2432 2432 2432 2432 2432 2415 2415 2415 2415
    2415 2415 2398 2398 2398 2398 2381 2381 2415 2415 2415 2398 2398
    2381 2381 2398 2432 4842 2503 2485 2485 2485 2485 2485 2485 2467
    2450 2450 2450 2450 2450 2432 2432 2432 2432 2432 2432 2432 2415
    2415 2415 2415 2415 2415 2415 2415 2398 2398 2398 2381 2381 2381
    2415 2415 2415 2398 2398 2381 2381 2398 2432 4842 2503 2485 2467
    2467 2467 2485 2485 2467 2467 2450 2450 2450 2450 2450 2432 2432
    2432 2432 2432 2432 2415 2415 2415 2415 2415 2415 2415 2415 2398
    2398 2398 2381 2381 2381 2415 2415 2415 2398 2398 2398 2398 2415
    2432 4842 2503 2485 2467 2467 2467 2485 2485 2485 2467 2467 2450
    2450 2450 2450 2432 2432 2432 2432 2432 2415 2415 2415 2415 2415
    2415 2415 2415 2415 2398 2398 2398 2398 2398 2398 2415 2415 2415
    2415 2398 2398 2415 2432 2432 2432 2503 2503 2485 2485 2485 2485
    2485 2485 2485 2467 2450 2450 2450 2450 2432 2432 2432 2432 2432
    2415 2415 2415 2415 2415 2415 2415 2415 2415 2398 2398 2398 2415
    2415 2415 2415 2415 2415 2415 2398 2398 2415 2432 2432 2432 2503
    2485 2485 2485 2485 2485 2485 2467 2467 2467 2467 2450 2450 2450
    2432 2432 2432 2432 2432 2432 2432 2415 2415 2415 2415 2415 2415
    2415 2398 2398 2415 2415 2398 2398 2398 2398 2415 2398 2398 2398
    2398 2415 2432 2450 2503 2485 2485 2485 2485 2485 2485 2467 2467
    2467 2450 2450 2450 2450 2432 2432 2432 2432 2432 2432 2432 2432
    2432 2432 2432 2415 2415 2415 2398 2398 2415 2398 2398 2398 2398
    2398 2398 2398 2398 2398 2398 2415 2450 5056 2503 2485 2485 2485
    2485 2467 2467 2467 2467 2467 2450 2450 2450 2450 2450 2432 2432
    2432 2432 2432 2432 2432 2432 2432 2432 2415 2415 2415 2415 2415
    2398 2398 2398 2398 2398 2398 2398 2398 2398 2398 2398 2398 4983
    4983 2485 2485 2485 2485 2485 2467 2467 2467 2467 2467 2450 2450
    2450 2450 2450 2450 2432 2432 2432 2432 2432 2432 2432 2432 2415
    2415 2415 2415 2415 2415 2398 2398 2398 2398 2398 2398 2398 2398
    2398 2398 2398 2398 4983 4983 2485 2485 2485 2485 2485 2467 2467
    2467 2467 2467 2450 2432 2432 2450 2450 2450 2432 2432 2432 2432
    2432 2432 2432 2415 2415 2415 2415 2415 2415 2415 2398 2398 2398
    2398 2398 2398 2398 2398 2415 2415 2415 2415 4983 4983 2485 2485
    2485 2485 2485 2485 2485 2467 2467 2467 2450 2432 2432 2450 2450
    2450 2450 2450 2432 2432 2432 2432 2432 2415 2415 2415 2415 2415
    2415 2415 2415 2398 2398 2398 2415 2415 2398 2398 2415 2432 2432
    2432 5056 4983 2503 2485 2485 2485 2485 2485 2485 2467 2467 2467
    2450 2450 2450 2450 2450 2450 2450 2450 2432 2432 2432 2432 2432
    2415 2415 2415 2415 2415 2415 2415 2415 2415 2415 2415 2415 2415
    2415 2415 2415 2415 2415 2415 2415 4983 5460 5460 5460 2485 2485
    2485 2485 2467 2467 2467 2467 2450 2450 2450 2450 2450 2450 2450
    2432 2432 2432 2432 2432 2415 2415 2415 2415 2415 2415 2415 2415
    2415 2415 2415 2415 2415 2415 2415 2415 2415 2415 2415 2415 4983
    5460 5460 5374 5374 5374 2485 2485 2467 2467 2467 2467 2450 2450
    2450 2450 2450 2432 2432 2432 2432 2432 2432 2432 2415 2415 2415
    2415 2415 2415 2415 2415 2415 2415 2415 2415 2415 2415 2415 2415
    2415 2432 2432 4983 5056 5460 5460 5374 5374 5374 5291 5291 2467
    2467 2485 5291 5291 2432 2432 2450 2432 2432 2432 2432 2432 2432
    2432 2432 2415 2415 2415 2415 2415 2415 2415 2415 2415 2398 2398
    2415 2415 2415 2432 2432 2432 5056 4983 4983 5056 5460 5460 5374
    5374 5374 5374 5291 5291 5291 5291 5291 5291 2432 2432 2450 2432
    2432 2432 2432 2432 2432 2432 2432 2415 2415 2415 2415 2415 2415
    2415 2415 2415 2398 2398 2415 2415 2415 2432 2432 2432 5056 5056
    5056 5056 5460 5548 5460 5460 5374 5374 5374 5291 5291 5291 5291
    5291 5291 5291 5291 2432 2432 2432 2432 2432 2432 2432 2432 2432
    2432 2432 2432 2415 2415 2415 2415 2415 2415 2415 2415 2415 2432
    2432 2432 2432 5210 5132 5056 5056 5460 5460 5460 5374 5374 5291
    5291 5291 5291 5291 5291 5291 5291 5291 5291 5291 5291 5291 5291
    5291 2432 2432 2432 2432 2432 2432 2432 2415 2415 2415 2415 2415
    2415 2415 2415 2415 2432 2432 2432 2432 5210 5132 5056 5056 5460
    5460 5460 5374 5291 5291 5291 5374 5374 5291 5291 5291 5291 5291
    5291 5291 5291 5291 5291 5291 5291 5291 5291 2450 2450 2432 2432
    2432 2415 2415 2415 2398 2398 2398 2415 2415 2432 2432 2432 5291
    5210 5210 5132 5132 5460 5374 5374 5374 5291 5291 5291 5291 5291
    5291 5291 5291 5291 5291 5291 5291 5291 5291 5291 5291 5291 5291
    5291 5291 5291 5291 5132 5132 2432 2415 2415 2398 2398 2398 2415
    2415 2432 2432 2432 5132 5132 5210 5132 5132 5374 5374 5374 5291
    5291 5291 5291 5291 5291 5291 5291 5291 5291 5291 5291 5291 5291
    5291 5291 5291 5291 5291 5291 5291 5291 5291 5210 5210 5210 5210
