<?xml version="1.0"?>
<opencv_storage>
<Depth9484 type_id="opencv-matrix">
  <rows>78</rows>
  <cols>38</cols>
  <dt>w</dt>
  <data>
    4041 4041 4041 1464 1464 1439 1433 1433 1439 1433 1433 1445 1445
    4041 4041 4041 4041 4041 4041 4041 4041 4089 4089 4041 4041 4041
    4041 4041 4041 4041 4041 4041 4041 4041 4041 4041 4041 4041 4041
    4041 1470 1458 1445 1433 1421 1398 1398 1387 1376 1370 1370 1370
    4041 4041 3994 3994 3994 3994 4041 4089 4089 4041 4041 4041 4041
    4041 4041 4041 4041 4041 4041 4041 4041 4041 4041 4041 4041 4041
    1470 1458 1427 1421 1410 1392 1392 1387 1376 1365 1365 1365 4041
    4041 3994 3994 3994 3994 3994 3994 4041 4041 4041 3994 3994 4041
    4041 4041 4041 4041 4041 4041 4041 4041 4041 3994 4041 4041 1427
    1427 1427 1404 1398 1392 1387 1376 1376 1365 1365 1365 1365 1236
    1236 1236 1236 1241 1268 1268 1268 1349 1349 1349 1349 4041 4089
    4089 4089 4041 4041 4041 4041 4041 4041 3994 0 0 0 1404 1404 1404
    1392 1381 1376 1376 1376 1376 1376 1236 1236 1236 0 1236 1236 1241
    1268 1268 1268 1273 1278 1278 1278 1292 1292 1292 1259 1255 1241
    1241 1241 1236 4041 4041 4089 0 0 0 0 1392 1392 1381 1376 1376 1376
    1302 1302 1236 1236 1236 1236 1236 1236 1241 1241 1259 1259 1255
    1250 1250 1268 1268 1268 1259 1259 1255 1241 1236 1236 1236 1241
    3994 0 0 1445 1445 1439 1398 1398 1381 1376 1307 1302 1302 1302 1236
    1236 1232 1232 1232 1236 1236 1236 1236 1236 1241 1241 1241 1250
    1250 1250 1250 1250 1255 1250 1236 1236 1241 1241 3994 0 0 0 1445
    1439 1439 1439 1381 1338 1307 1302 1302 1302 1241 1236 1232 1232
    1232 1232 1232 1236 1236 1236 1236 1236 1236 1241 1241 1241 1241
    1241 1250 1245 1241 1241 1241 1250 1250 0 0 0 1445 1433 1421 1398
    1376 1338 1312 1302 1292 1292 1241 1236 1232 1232 1232 1232 1232
    1232 1232 1232 1232 1236 1236 1236 1241 1241 1241 1241 1241 1241
    1241 1241 1245 1245 1245 0 0 0 1433 1433 1421 1398 1359 1338 1312
    1297 1292 1292 1241 1236 1232 1232 1232 1232 1232 1232 1232 1232
    1232 1236 1236 1236 1241 1241 1241 1241 1241 1241 1241 1241 1245
    1245 1245 0 0 0 1439 1421 1421 1404 1359 1338 1312 1297 1288 1264
    1236 1236 1232 1232 1232 1232 1232 1232 1236 1236 1236 1236 1236
    1236 1241 1241 1241 1236 1236 1241 1245 1245 1245 1245 1245 0 0 0
    1439 1421 1421 1392 1354 1333 1317 1297 1288 1264 1236 1236 1232
    1232 1232 1232 1232 1236 1236 1236 1236 1236 1236 1236 1241 1241
    1241 1236 1236 1241 1245 1245 1241 1241 1241 0 0 0 1439 1421 1415
    1392 1354 1333 1317 1297 1288 1268 1236 1236 1232 1232 1232 1232
    1232 1236 1236 1236 1236 1236 1236 1236 1241 1241 1241 1236 1236
    1241 1245 1245 1241 1236 1236 0 0 1439 1439 1421 1410 1392 1354 1338
    1322 1307 1283 1268 1241 1236 1232 1232 1232 1232 1232 1232 1232
    1232 1236 1236 1236 1236 1236 1236 1236 1241 1241 1241 1241 1241
    1241 1236 1236 0 0 1439 1439 1415 1404 1392 1359 1338 1328 1307 1278
    1268 1241 1236 1232 1232 1232 1232 1232 1232 1232 1232 1236 1236
    1236 1236 1236 1236 1236 1241 1241 1241 1241 1241 1241 1241 1241 0 0
    1415 0 1415 1404 1376 1359 1343 1328 1302 1273 1264 1241 1236 1232
    1232 1232 1232 1232 1232 1232 1232 1236 1236 1236 1236 1236 1236
    1236 1241 1241 1241 1241 1241 1241 1241 1241 0 0 1439 0 1415 1404
    1376 1354 1338 1328 1297 1273 1264 1241 1232 1232 1232 1232 1232
    1232 1232 1232 1232 1236 1236 1236 1236 1236 1236 1236 1241 1241
    1241 1241 1245 1245 1245 1245 0 0 1439 1433 1415 1404 1376 1354 1333
    1322 1297 1273 1268 1241 1232 1227 1227 1227 1227 1227 1232 1232
    1232 1236 1236 1236 1236 1236 1236 1241 1241 1241 1241 1241 1245
    1245 1250 1250 0 1439 1439 1433 1415 1404 1376 1349 1333 1317 1297
    1278 1264 1236 1232 1227 1227 1227 1227 1227 1232 1232 1232 1236
    1236 1236 1236 1236 1236 1241 1241 1241 1241 1245 1245 1245 1250 0 0
    1445 1445 1439 1421 1404 1376 1349 1328 1307 1292 1273 1259 1236
    1232 1227 1227 1227 1227 1232 1232 1232 1232 1236 1236 1236 1236
    1236 1236 1241 1241 1241 1241 1241 1241 1241 1241 0 0 0 1445 1439
    1427 1392 1370 1343 1328 1307 1292 1268 1259 1241 1232 1232 1232
    1232 1232 1232 1232 1232 1232 1236 1236 1236 1236 1236 1236 1241
    1241 1241 1241 1241 1241 1241 1241 0 3994 1439 1439 1439 1433 1392
    1370 1338 1328 1312 1297 1268 1259 1236 1232 1232 1232 1232 1232
    1232 1232 1232 1232 1236 1236 1236 1236 1236 1236 1236 1241 1241
    1241 1241 1241 1241 1245 0 3994 1439 1439 1433 1427 1387 1370 1338
    1328 1307 1292 1268 1259 1236 1232 1232 1232 1232 1232 1232 1232
    1232 1232 1232 1232 1232 1232 1236 1236 1236 1236 1241 1241 1241
    1241 1241 1245 1245 3994 1439 1439 1433 1427 1381 1370 1343 1328
    1307 1292 1278 1259 1236 1232 1232 1232 1232 1232 1232 1232 1232
    1232 1232 1232 1232 1232 1236 1236 1236 1236 1236 1241 1241 1245
    1245 1245 1245 3994 1439 1439 1427 1421 1381 1370 1343 1328 1307
    1288 1273 1255 1236 1232 1232 1232 1232 1227 1227 1227 1232 1232
    1232 1232 1232 1232 1232 1236 1236 1236 1236 1241 1241 1245 1245
    1245 1245 3994 1439 1439 1421 1415 1387 1365 1349 1328 1307 1283
    1268 1255 1236 1232 1232 1232 1227 1227 1227 1227 1232 1232 1232
    1232 1232 1232 1232 1236 1236 1241 1241 1241 1241 1245 1245 1250
    1250 3994 3994 1421 1421 1398 1387 1365 1349 1328 1307 1283 1268
    1241 1236 1232 1232 1232 1227 1227 1227 1232 1232 1232 1232 1232
    1232 1232 1232 1236 1236 1241 1241 1241 1241 1245 1245 1250 1250
    3994 0 1421 1398 1398 1387 1370 1349 1328 1312 1288 1268 1241 1236
    1232 1232 1232 1232 1227 1227 1232 1232 1232 1232 1232 1232 1232
    1232 1236 1236 1241 1241 1241 1241 1241 1245 1245 1245 3994 0 1421
    1421 1398 1387 1365 1349 1328 1307 1278 1268 1241 1232 1227 1227
    1227 1227 1232 1232 1232 1232 1232 1236 1232 1232 1232 1236 1236
    1236 1241 1241 1241 1241 1241 1241 1245 1245 3994 0 1421 1421 1398
    1387 1365 1349 1328 1307 1278 1273 1241 1232 1227 1223 1223 1227
    1232 1232 1232 1232 1232 1232 1232 1232 1232 1236 1236 1236 1236
    1241 1241 1241 1241 1241 1241 0 0 1439 1433 1433 1398 1381 1370 1354
    1317 1302 1283 1268 1241 1232 1223 1223 1223 1227 1232 1232 1232
    1232 1232 1232 1232 1232 1232 1236 1236 1236 1236 1236 1241 1241
    1241 1241 1241 0 0 1439 1439 1433 1398 1381 1370 1333 1312 1302 1288
    1268 1236 1232 1223 1223 1223 1227 1232 1232 1232 1232 1232 1232
    1232 1232 1232 1236 1236 1236 1236 1236 1241 1241 1241 1241 1241
    1245 0 1439 1439 1433 1398 1381 1370 1333 1312 1302 1288 1268 1236
    1232 1223 1223 1223 1227 1232 1232 1232 1232 1232 1232 1232 1236
    1236 1236 1236 1236 1236 1236 1241 1241 1241 1241 1245 1245 3948
    1445 1445 1433 1404 1376 1365 1333 1312 1302 1288 1250 1236 1232
    1227 1223 1223 1227 1232 1232 1232 1232 1232 1232 1232 1232 1236
    1236 1236 1236 1236 1236 1241 1241 1241 1241 1241 1241 0 0 1433 1433
    1404 1370 1359 1343 1317 1297 1288 1250 1236 1232 1227 1227 1227
    1232 1232 1232 1232 1232 1232 1232 1232 1232 1236 1236 1236 1236
    1236 1241 1241 1241 1241 1241 1241 1241 3948 0 1427 1427 1410 1370
    1354 1338 1328 1297 1283 1250 1241 1232 1232 1232 1232 1232 1232
    1232 1232 1232 1232 1232 1232 1232 1236 1236 1236 1236 1236 1241
    1241 1245 1241 1241 1241 1241 3994 0 1415 1415 1398 1365 1338 1333
    1322 1302 1283 1250 1241 1232 1232 1227 1227 1232 1232 1232 1232
    1232 1232 1232 1232 1232 1236 1236 1236 1236 1236 1241 1241 1245
    1241 1241 1241 0 0 0 1439 1415 1398 1365 1338 1328 1317 1302 1288
    1250 1236 1232 1232 1227 1227 1227 1232 1232 1232 1232 1232 1232
    1232 1232 1236 1236 1236 1236 1236 1236 1241 1245 1241 1241 1241 0 0
    1427 1427 1415 1398 1376 1338 1328 1317 1302 1268 1250 1236 1227
    1227 1227 1227 1227 1232 1232 1232 1232 1232 1232 1232 1232 1236
    1236 1236 1236 1236 1236 1241 1241 1241 1245 1245 0 0 1415 1415 1410
    1398 1376 1338 1328 1312 1302 1264 1241 1236 1227 1227 1227 1227
    1227 1227 1227 1232 1232 1232 1232 1232 1232 1236 1236 1236 1236
