<?xml version="1.0"?>
<opencv_storage>
<Depth15396 type_id="opencv-matrix">
  <rows>10</rows>
  <cols>9</cols>
  <dt>w</dt>
  <data>
    5832 5832 5832 5734 5734 5734 5734 5734 5832 5734 5734 5734 5734
    5734 5734 5734 5734 5832 5734 5734 5734 5734 5734 5734 5734 5734
    5933 5734 5734 5734 5734 5734 5832 5832 5832 6038 5734 5734 5734
    5832 5832 5734 5734 5734 0 5832 5832 5832 5832 5832 5734 5734 5734 0
    5734 5640 5640 5734 5734 5734 5734 5734 0 5734 5640 5640 5640 5640
    5734 5734 5734 0 5734 5640 5640 5640 5640 5640 5640 0 0 0 0 0 5640
    5640 5640 5640 0 0</data></Depth15396>
</opencv_storage>
