<?xml version="1.0"?>
<opencv_storage>
<Depth7968 type_id="opencv-matrix">
  <rows>22</rows>
  <cols>23</cols>
  <dt>w</dt>
  <data>
    6375 6375 6375 6375 4463 4463 4295 4295 4349 4405 4463 6497 6497
    6497 6497 6497 6497 6497 6497 6497 6375 6375 6497 6375 6375 6375
    6375 4463 4463 4349 4349 4405 4463 4463 4463 6497 6497 6497 6497
    6497 6497 6497 6375 6375 6375 6375 6259 6259 6375 6375 4463 4295
    4295 4295 4405 4405 4463 4405 4405 4405 6497 6497 6497 6497 6497
    6375 6375 6375 6375 6259 6259 6259 4241 4241 4241 4241 4241 4349
    4405 4405 4405 4349 4349 6497 6497 6497 6497 6497 6497 6375 6375
    6497 6375 6375 4241 4190 4190 4190 4241 4241 4295 4349 4349 4349
    4295 4295 4295 4295 6497 6497 6497 6497 6497 6497 6497 4241 4241
    4241 4190 4190 4190 4190 4241 4295 4295 4295 4295 4295 4295 4295
    4295 6497 6497 6497 6497 6497 6497 6497 4241 4241 4241 4190 4190
    4190 4190 4241 4241 4295 4295 4295 4295 4295 4295 4295 4349 6375
    6375 6497 6497 6497 6497 4241 4241 4190 4190 4190 4190 4190 4241
    4241 4241 4241 4241 4295 4295 4295 4295 4295 4295 6375 6375 6497
    6497 6497 4190 4190 4190 4190 4190 4190 4190 4190 4190 4190 4190
    4241 4241 4241 4295 4295 4295 4295 4295 4295 4295 6375 6375 4190
    4190 4190 4190 4190 4190 4190 4190 4190 4190 4190 4190 4241 4241
    4241 4241 4241 4241 4295 4295 4295 4295 6375 4190 4190 4190 4190
    4190 4190 4190 4190 4190 4190 4190 4190 4190 4190 4190 4241 4241
    4241 4295 4295 4295 4295 4295 6497 4190 4139 4139 4190 4190 4190
    4190 4190 4190 4190 4190 4139 4139 4190 4190 4190 4241 4241 4241
    4241 4241 4295 6497 6375 4139 4139 4190 4190 4190 4241 4241 4241
    4190 4190 4139 4139 4190 4190 4190 4241 4241 4241 4241 4241 4241
    6497 6375 6375 4190 4190 4190 4190 4241 4241 4241 4190 4190 4139
    4139 4139 4139 4190 4190 4190 4190 4190 4190 4190 6375 6375 6375
    6375 6375 4190 4190 4241 4241 4241 4190 4190 4139 4139 4139 4139
    4190 4139 4139 4139 4190 4190 4190 6375 6375 6375 6375 6375 6375
    6375 6375 4241 4241 4190 4190 4190 4190 4190 4190 4190 4139 4139
    4139 4139 4139 4139 6497 6375 6375 6375 6375 6375 6375 6375 6146
    6146 4241 4241 4241 4241 4241 4241 4190 4190 4139 4139 4139 4139
    4139 6375 6375 6375 6375 6375 6375 6375 6375 6375 6375 6259 4241
    4241 4241 4241 4241 4190 4190 4139 4139 4139 4139 4139 6375 6375
    6375 6375 6375 6375 6375 6375 6375 6375 6375 4190 4190 4190 4190
    4241 4241 4241 4139 4139 4139 4139 4241 6375 6375 6375 6375 6375
    6375 6375 6375 6375 6375 6375 4190 4139 4139 4139 4190 4241 4241
    4190 4190 4241 4241 4241 6375 6375 6375 6375 6375 6375 6375 6375
    6497 6497 6375 6375 4139 4139 4139 4190 4241 4241 4139 4139 4241
    4241 0 6375 6375 6375 6375 6375 6375 6375 6375 6497 6497 6497 6497
    6375 6375 6375 4241 4190 4190 4139 4139 4241 4241 0</data></Depth7968>
</opencv_storage>
