<?xml version="1.0"?>
<opencv_storage>
<Depth19975 type_id="opencv-matrix">
  <rows>107</rows>
  <cols>116</cols>
  <dt>w</dt>
  <data>
    2859 2859 2859 2859 2908 2933 2933 2958 2958 2958 2958 2933 2933
    2933 2933 3037 3037 3064 3064 3064 3064 3092 3120 3149 3149 3149
    3178 3178 3178 3178 3178 3208 3238 3269 3269 3300 3300 3333 3333
    3333 3333 3365 3399 3399 3399 3433 3468 3468 3468 3503 3503 3503
    3539 3576 3576 3614 3614 567 566 566 566 566 566 566 570 570 3774
    3816 3859 3859 3859 571 571 571 571 571 4089 4089 4041 4041 4041
    4089 4139 4139 4190 4190 4190 4190 4295 4349 4349 4405 4405 4405
    4405 4405 4463 4463 4522 4522 4582 4582 4645 4645 4708 4708 4708
    4708 4774 4842 4842 4911 4911 4911 4911 4983 2859 2859 2859 2859
    2908 2933 2933 2958 2958 2958 2958 2933 2933 2933 2958 2984 3010
    3037 3064 3064 3064 3092 3092 3120 3149 3149 3149 3149 3178 3178
    3178 3178 3208 3238 3269 3300 3300 3300 3300 3333 3333 3365 3399
    3399 3468 3468 3468 3468 3468 3503 3503 3503 3539 3576 3576 3614
    3614 566 566 566 566 566 566 566 569 569 568 568 3774 3774 567 571
    571 571 571 571 4089 4089 3994 3994 4041 4089 4139 4139 4190 4190
    4190 4190 4295 4349 4349 4405 4405 4405 4405 4405 4463 4463 4522
    4522 4582 4582 4645 4645 4708 4708 4708 4774 4774 4842 4842 4911
    4911 4911 4911 4983 2835 2859 2859 2859 2883 2933 2933 2933 2958
    2958 2958 2908 2908 2933 2958 2984 2984 3037 3064 3064 3092 3092
    3092 3120 3120 3149 3149 3149 3178 3178 3178 3178 3208 3238 3269
    3300 3300 3300 3300 3300 3333 3365 3365 3365 3503 3503 3503 3468
    3468 3503 3503 3539 3576 3576 3614 3614 3614 566 566 566 566 566 566
    566 566 566 566 566 566 566 567 569 570 571 571 571 571 4089 3994
    3948 3948 4041 4139 4139 0 4190 4139 4139 4241 4295 4349 4405 4405
    4405 4405 4405 4463 4463 4463 4522 4522 4582 4582 4645 4645 4708
    4708 4708 4774 4774 4842 4842 4911 4911 4911 4911 2835 2859 2859
    2859 2883 2908 2908 2933 2933 2958 2933 2908 2908 2933 2958 2958
    2984 3037 3064 3064 3064 3064 3092 3120 3120 3120 3149 3149 3149
    3178 3178 3178 3208 3238 3238 3300 3300 3300 3300 3300 3300 3300
    3300 3333 0 3503 3503 3503 3503 3539 3539 3539 3576 3576 3614 3653
    3614 566 566 566 566 566 566 566 566 565 565 565 565 565 566 567 569
    571 571 571 573 0 3948 3948 3948 4041 0 0 0 0 4139 4139 4241 4295
    4349 4349 4405 4405 4405 4405 4405 4405 4463 4463 4522 4582 4582
    4645 4645 4708 4708 4708 4774 4774 4842 4842 4911 4911 4911 4911
    2835 2859 2859 2859 2883 2908 2908 2933 2933 2958 2933 2908 2908
    2908 2933 2933 2984 3037 3064 3064 3064 3064 3092 3120 3120 3120
    3149 3149 3149 3178 3178 3178 3238 3238 3238 3269 3269 3269 3300
    3300 3300 3300 3333 3333 0 3576 3576 3539 3539 3539 3539 3539 3614
    3614 3653 3653 3614 3614 567 567 567 566 566 563 563 562 562 563 564
    565 565 567 569 570 571 572 573 0 0 0 0 0 0 0 0 0 0 4349 4349 4349
    4349 4349 4405 4405 4405 4405 4405 4405 4463 4463 4522 4582 4582
    4645 4645 4645 4645 4708 4708 4774 4774 4842 4842 4911 4911 4911
    2835 2859 2859 2859 2883 2933 2933 2933 2933 2958 2958 2933 2908
    2908 2908 2908 2958 3037 3064 3064 3064 3064 3092 3120 3120 3149
    3149 3178 3178 3178 3178 3178 3208 3238 3269 3269 3269 3269 3300
    3300 3300 3300 3300 0 0 0 0 0 540 540 540 540 3692 3692 3692 3653
    546 546 546 546 546 566 557 557 557 558 560 561 563 563 565 566 567
    569 571 572 574 575 0 0 0 0 0 0 0 0 0 4349 4349 4349 4349 4349 4349
    4405 4405 4405 4405 4405 4463 4463 4522 4522 4582 4645 4645 4645
    4645 4708 4708 4708 4774 4842 4842 4911 4911 4911 2835 2835 2859
    2859 2883 2908 2933 2933 2933 2958 2958 2958 2933 2933 2908 2908
    2958 3010 3037 3064 3064 3064 3092 3092 3120 3149 3149 3178 3178
    3178 3178 3178 3208 3208 3238 3269 3269 3269 3300 3300 3300 3300
    3300 0 0 0 0 0 0 540 540 540 542 542 546 546 546 546 546 546 546 552
    554 555 556 557 560 561 563 563 564 565 566 568 570 571 572 574 0 0
    0 0 0 0 0 0 0 0 4295 4295 4295 4295 4349 4405 4405 4405 4405 4405
    4463 4463 4522 4522 4582 4582 4645 4645 4645 4708 4708 4708 4774
    4842 4842 4842 4911 4911 2835 2835 2835 2859 2859 2883 2883 2908
    2933 2933 2958 2958 2958 2933 2933 2933 2933 2958 3010 3037 3064
    3064 3092 3092 3149 3149 3149 3178 3178 3178 3178 3178 3208 3208
    3238 3269 3269 3269 3300 3300 3333 3333 3333 0 0 0 0 0 0 540 540 540
    542 542 543 545 546 546 547 548 549 552 554 554 556 557 559 560 562
    563 564 565 566 568 570 571 572 574 575 0 0 0 0 0 0 0 0 0 4295 4295
    4295 4295 4349 4405 4405 4405 4405 4405 4405 4463 4463 4522 4582
    4582 4645 4645 4645 4708 4708 4708 4774 4774 4842 4842 4842 4842
    2812 2835 2835 2859 2859 2883 2883 2908 2933 2933 2958 2958 2958
    2958 2958 2933 2933 2933 2958 2984 3037 3064 3092 3092 3120 3149
    3149 3149 3149 3178 3178 3178 3208 3208 3208 3269 3269 3269 3300
    3300 3300 3300 531 532 532 532 532 0 537 537 537 540 541 542 542 544
    546 546 547 549 550 552 553 554 555 557 559 560 562 563 563 565 565
    567 570 570 572 574 575 0 0 0 0 0 0 0 0 0 0 4295 4295 4295 4349 4349
    4405 4405 4405 4405 4405 4463 4463 4522 4582 4582 4645 4645 4645
    4708 4708 4774 4774 4774 4842 4842 4842 4842 2812 2835 2859 2859
    2859 2883 2883 2908 2933 2933 2958 2958 2984 2958 2958 2908 2908
    2908 2933 2933 2984 3064 3092 3092 3120 3149 3149 3149 3149 3149
    3178 3178 3208 3208 3208 3269 3269 3300 3300 3300 3300 0 531 531 531
    531 532 534 535 535 537 539 540 541 541 542 545 546 547 548 549 551
    553 554 555 557 558 559 560 562 563 564 565 567 569 570 571 574 575
    576 0 0 0 0 0 0 0 0 0 4295 4295 4295 4349 4349 4405 4405 4405 4405
    4405 4463 4463 4522 4582 4582 4582 4645 4645 4645 4708 4774 4774
    4774 4842 4842 4842 4842 2835 2835 2835 2859 2859 2883 2908 2933
    2933 2933 2933 2984 2984 2958 2958 2908 2908 2908 2933 2933 2958
    3037 3092 3120 3120 3120 3120 3092 3092 3120 3149 3149 3208 3208
    3208 3208 3208 519 521 0 525 525 529 529 529 531 532 533 534 534 536
    538 539 540 541 542 544 546 546 548 549 551 552 553 554 557 558 559
    560 562 563 564 565 567 568 569 571 574 575 576 0 0 0 0 0 0 0 0 0 0
    4295 4295 4295 4349 4349 4405 4405 4405 4405 4463 4463 4522 4522
    4582 4582 4645 4645 4645 4708 4774 4774 4774 4842 4842 4842 4842
    2812 2835 2835 2835 2859 2883 2908 2933 2933 2933 2933 2958 2984
    2958 2933 2908 2908 2908 2933 2933 2958 3037 3149 3120 3120 3120
    3120 3092 3092 3120 3149 3149 3149 3149 515 519 519 519 521 525 525
    525 525 525 529 531 532 532 533 534 535 537 538 540 541 542 544 545
    546 548 549 550 552 553 554 556 557 559 559 561 563 564 565 566 568
    569 570 573 574 575 575 0 0 0 0 0 0 0 0 0 4295 4295 4295 4349 4349
    4349 4405 4405 4405 4463 4463 4522 4522 4522 4582 4645 4645 4645
    4708 4708 4774 4774 4774 4842 4842 4842 2812 2835 2835 2835 2859
    2883 2908 2933 2933 2933 2958 2958 2958 2958 2933 2908 2908 2908
    2933 2933 3037 3037 0 3120 3120 0 0 0 514 513 513 513 514 514 515
    519 519 519 521 521 525 525 525 525 526 531 531 531 532 533 535 537
    538 539 540 541 543 545 546 547 549 549 551 553 554 555 556 558 559
    560 562 564 565 566 567 568 569 571 574 575 575 0 0 0 0 0 0 0 0 0 0
    4295 4295 4349 4349 4349 4405 4405 4405 4463 4463 4522 4522 4522
    4582 4582 4645 4645 4645 4708 4708 4774 4774 4774 4842 4842 2835
    2835 2835 2835 2859 2883 2908 2908 2933 2933 2958 2958 2958 2958
    2958 2933 2933 2933 2933 2933 0 0 0 0 0 0 512 514 514 513 513 513
    514 514 515 516 518 518 519 521 524 524 525 525 526 529 530 531 532
    533 535 537 538 539 540 541 542 543 546 547 549 549 550 552 553 554
    556 558 559 560 562 563 565 566 567 568 569 571 573 575 576 576 0 0
    0 0 0 0 0 0 0 4295 4295 4349 4349 4349 4405 4405 4405 4405 4463 4522
    4522 4522 4582 4582 4582 4645 4645 4645 4645 4708 4774 4774 4842
    4842 2835 2835 2835 2835 2859 2883 2908 2908 2908 2933 2958 2958
    2958 2958 2958 2958 2958 0 0 0 0 0 0 0 0 0 0 512 512 513 513 513 513
