<?xml version="1.0"?>
<opencv_storage>
<Depth12830 type_id="opencv-matrix">
  <rows>5</rows>
  <cols>10</cols>
  <dt>w</dt>
  <data>
    0 0 7332 7332 7492 7492 7332 7332 7332 7332 0 7332 7332 7332 7332
    7492 7492 7492 7492 7492 0 0 7332 7332 7332 7492 7492 7492 7492 7492
    7332 7332 7492 7492 7492 7332 7332 7332 7332 7332 7332 7332 7492
    7492 7332 7332 7332 7332 7332 7332</data></Depth12830>
</opencv_storage>
