<?xml version="1.0"?>
<opencv_storage>
<Depth13932 type_id="opencv-matrix">
  <rows>15</rows>
  <cols>9</cols>
  <dt>w</dt>
  <data>
    4241 4241 4349 4349 4349 4139 4139 4139 2381 4241 4241 4295 4295
    4190 4139 4089 4089 4089 4089 4041 4041 4041 4089 4089 4089 4041
    4041 4041 4041 3994 3994 4041 4041 4041 3994 3994 4041 3994 3994
    3994 3994 3994 3994 3994 3994 4041 3994 3994 3948 3948 3948 3948
    3948 3948 3994 3994 3948 3948 3948 3948 3948 3948 3948 3903 3903
    3859 3859 3903 3903 3903 3903 3903 3859 3859 3859 3859 3859 3859
    3859 3859 3859 3816 3816 3816 3816 3859 3816 3816 3774 3692 3816
    3816 3774 3774 3816 3816 3816 3774 3692 3774 3732 3732 3732 3774
    3774 3774 3774 3774 3692 3692 3692 3692 3732 3774 3774 3816 0 3692
    3692 3692 3692 3732 3859 0 3859 0 3732 3692 3692 3692 3732 0 0 0 0</data></Depth13932>
</opencv_storage>
