<?xml version="1.0"?>
<opencv_storage>
<Depth19316 type_id="opencv-matrix">
  <rows>8</rows>
  <cols>8</cols>
  <dt>w</dt>
  <data>
    6622 6622 6622 6497 6497 6622 0 0 6622 6622 6622 6622 6622 6622 6753
    0 6622 6622 6622 6753 6622 6622 6622 6753 6622 6622 6753 6753 6753
    6622 6622 6753 6753 6753 6753 6753 6753 6622 6622 6753 6753 6753
    6753 6753 6753 6622 6622 6622 6622 6622 6622 6622 6753 6622 6622
    6622 6622 6622 6622 6622 6622 6497 6497 6622</data></Depth19316>
</opencv_storage>
