<?xml version="1.0"?>
<opencv_storage>
<Depth9036 type_id="opencv-matrix">
  <rows>8</rows>
  <cols>21</cols>
  <dt>w</dt>
  <data>
    0 4089 4089 4139 4190 4190 4190 4190 4190 4190 4241 4241 4241 4241
    4241 4241 4241 0 0 0 0 4190 4089 4089 4139 4190 4190 4190 4190 4190
    4190 4241 4241 4241 4241 4241 4190 4190 0 0 4295 4295 4139 4139 4139
    4190 4190 4190 4190 4190 4190 4190 4241 4241 4241 4295 4295 4190
    4190 4241 4241 4241 4241 4139 4139 4139 4190 4190 4139 4139 4190
    4190 4190 4190 4190 4190 4241 4241 4241 4190 4190 4190 4190 4089
    4139 4190 4190 4190 4190 4139 4139 4190 4190 4190 4190 4190 4190
    4241 4241 4190 4190 4190 4190 4139 4089 4139 4190 4190 4241 4190
    4190 4190 4139 4139 4190 4190 4190 4190 4190 4190 4190 4190 4190
    4139 4139 4089 4190 4190 4190 4241 4241 4190 4139 4139 4139 4190
    4190 4241 4241 4190 4190 4190 4190 4190 4139 4139 4139 0 0 4349 4349
    4349 4295 4139 4139 4139 4190 4241 4241 4241 4241 4295 4190 4190
    4190 4190 4190 5056</data></Depth9036>
</opencv_storage>
