<?xml version="1.0"?>
<opencv_storage>
<Depth4434 type_id="opencv-matrix">
  <rows>22</rows>
  <cols>7</cols>
  <dt>w</dt>
  <data>
    5132 5132 4089 4089 3859 3859 3903 5132 5132 3994 3994 3859 3859
    3859 5132 3903 3903 3903 3859 3859 3859 5132 3816 3816 3816 3859
    3859 3859 5132 3774 3774 3774 3653 3653 0 3732 3732 3732 3653 3614
    3614 0 3692 3692 3653 3653 3614 3614 3614 3653 3653 3653 3614 3614
    3614 3614 3653 3653 3614 3576 3576 3576 3576 3468 3468 3468 3503
    3503 3503 3503 3468 3433 3433 3433 3399 3365 3333 3433 3399 3399
    3365 3365 3365 3333 3433 3399 3399 3365 3365 3365 3333 3365 3365
    3365 3333 3300 3300 3300 3333 3333 3333 3269 3269 3208 3208 3300
    3269 3269 3238 3208 3178 3178 3269 3238 3238 3208 3178 3149 3149
    3208 3208 3208 3178 3149 3120 3120 3149 3149 3149 3149 3120 3120
    3120 3120 3092 3092 3092 3092 3092 3120 3120 3092 3092 3092 3064
    3010 3010 3064 3064 3037 3010 3010 3010 3010</data></Depth4434>
</opencv_storage>
