<?xml version="1.0"?>
<opencv_storage>
<Depth7798 type_id="opencv-matrix">
  <rows>15</rows>
  <cols>32</cols>
  <dt>w</dt>
  <data>
    5210 5210 5291 5291 5291 5291 5291 5291 5374 5374 5374 5374 5374
    5374 5374 5374 5460 5460 5460 5460 5548 5548 4463 4463 4463 4405
    4405 4463 4463 4463 4582 4774 5132 5132 5291 5291 5291 5374 5374
    5374 5374 5374 5374 5374 5374 5374 4522 4463 4349 4349 4349 4349
    5548 5640 4463 4463 4463 4405 4405 4463 4463 4463 4405 4405 5132
    5132 5291 5291 5374 5374 5374 5374 5374 5374 5374 5374 4405 4463
    4463 4405 4349 4349 4349 4349 4349 4405 4405 4463 4463 4463 4463
    4463 4463 4463 4405 4405 5056 5056 5210 5291 5374 5291 5291 5291
    5374 5374 5374 5374 4405 4405 4405 4349 4349 4349 4349 4349 4349
    4405 4405 4463 4405 4405 4463 4463 4463 4463 4349 4241 5056 5056
    5210 5291 5374 5291 5291 4349 4295 4295 4295 4295 4295 4349 4349
    4349 4349 4349 4349 4349 4349 4349 4349 4405 4405 4405 4405 4405
    4405 4463 4349 4241 5056 5132 5132 4295 4295 4295 4349 4295 4295
    4295 4295 4295 4295 4295 4349 4349 4349 4349 4349 4349 4349 4349
    4349 4405 4405 4405 4405 4405 4405 4463 4463 4349 4241 4241 4241
    4241 4295 4295 4349 4295 4295 4295 4295 4241 4241 4295 4295 4349
    4349 4349 4349 4349 4349 4349 4349 4405 4349 4295 4295 4349 4349
    4349 4405 4463 4190 4190 4241 4241 4295 4295 4295 4295 4295 4295
    4295 4241 4241 4295 4295 4349 4349 4349 4349 4349 4349 4405 4405
    4405 4349 4295 4295 4295 4295 4349 4405 0 4190 4190 4241 4295 4295
    4295 4295 4295 4295 4295 4295 4295 4295 4295 4349 4405 4405 4349
    4349 4349 4349 4405 4405 4405 4295 4241 4190 4190 4295 0 0 0 4190
    4190 4241 4295 4295 4295 4295 4295 4295 4295 4295 4295 4295 4349
    4349 4405 4405 4405 4349 4349 4405 4405 4463 4295 4241 4190 4190
    4190 0 0 0 0 4190 4190 4295 4295 4295 4295 4295 4295 4295 4295 4295
    4295 4295 4295 4349 4405 4405 4405 4295 4295 4405 4405 0 4190 4190
    4190 4190 0 0 0 0 0 4190 4190 4295 4295 4241 4241 4241 4241 4295
    4295 4295 4241 4241 4295 4295 4349 4463 4463 4295 4295 0 0 0 4190
    4190 0 0 0 0 0 0 0 4190 4190 4241 4295 4241 4241 4241 4241 4241 4241
    4241 4139 4139 4295 4295 4349 4463 0 0 0 0 0 0 0 0 0 0 0 0 0 0 0 0
    4241 4241 4241 4190 4190 4241 4241 4241 4241 4241 4089 4089 4295 0 0
    0 0 0 0 0 0 0 0 0 0 0 0 0 0 0 0 0 4241 4241 4241 4190 4190 4241 4241
    4241 0 0 4089 4089 0 0 0 0 0 0 0 0 0 0 0 0 0 0 0 0 0 0 0</data></Depth7798>
</opencv_storage>
