<?xml version="1.0"?>
<opencv_storage>
<Depth1970 type_id="opencv-matrix">
  <rows>58</rows>
  <cols>41</cols>
  <dt>w</dt>
  <data>
    4139 4139 4089 4089 4089 4089 4089 4089 4089 4089 4089 4041 4041
    4041 1671 1663 1663 1647 1647 1647 1639 1639 1639 1632 1632 1632
    1639 1639 1639 1624 1616 1616 3994 3994 3948 3948 3994 4041 3994
    3994 3994 4139 4139 4041 4041 4089 4089 4089 4089 4089 4089 4041
    4041 3994 1663 1663 1655 1655 1647 1647 1647 1647 1639 1639 1632
    1632 1632 1632 1639 1639 1624 1616 1609 1601 1601 3948 3948 3994
    4041 4041 3994 3994 4139 4139 4041 4041 4089 4089 4089 4089 4089
    4089 4041 4041 3994 1663 1655 1655 1655 1655 1655 1655 1655 1647
    1639 1632 1632 1632 1632 1632 1632 1624 1616 1609 1601 1601 1601
    3994 3994 4041 3994 3994 3994 4139 4139 4089 4089 4089 4089 4089
    4089 4089 4089 4089 4041 3994 1655 1655 1655 1655 1655 1655 1647
    1647 1639 1632 1632 1632 1632 1632 1624 1624 1624 1616 1616 1609
    1609 1609 3994 3994 3994 3994 3994 3994 4139 4139 4089 4089 4089
    4089 4089 4089 4089 4089 4089 4089 4089 1655 1655 1655 1655 1655
    1647 1647 1639 1639 1632 1632 1632 1632 1624 1624 1624 1624 1616
    1616 1609 1609 1609 1609 4041 3994 3994 3994 3994 4190 4139 4089
    4089 4089 4089 4089 4089 4089 4089 4041 4041 4041 1663 1663 1663
    1663 1655 1647 1639 1632 1632 1632 1632 1632 1624 1624 1624 1624
    1624 1616 1616 1616 1616 1616 1680 1680 1680 3994 3994 3994 4190
    4139 4089 4089 4089 4089 4089 4089 4089 4089 4041 4041 1663 1663
    1663 1663 1663 1655 1647 1639 1632 1632 1632 1632 1632 1624 1624
    1624 1624 1624 1616 1616 1624 1624 1624 1663 1680 1680 1680 1794
    1794 4139 4139 4089 4089 4089 4089 4089 4089 4089 4089 4089 4089
    1663 1663 1663 1663 1663 1647 1647 1639 1639 1632 1632 1632 1632
    1632 1624 1624 1624 1624 1624 1624 1624 1624 1632 1663 1680 1688
    1748 1776 1785 4139 4139 4089 4089 4089 4089 4089 4089 4089 4089
    4089 4089 1655 1655 1663 1655 1655 1647 1639 1639 1632 1632 1632
    1632 1632 1632 1624 1624 1624 1624 1624 1624 1632 1639 1655 1671
    1688 1705 1748 1776 1785 4139 4139 4089 4089 4089 4089 4089 4089
    4089 4041 4041 4139 1655 1655 1663 1655 1655 1647 1639 1639 1632
    1632 1632 1632 1632 1632 1624 1624 1624 1624 1624 1624 1632 1639
    1655 1671 1696 1713 1766 1776 1794 4190 4190 4139 4089 4089 4139
    4139 4139 4041 4041 4041 4041 1663 1663 1663 1655 1647 1647 1639
    1639 1632 1632 1632 1632 1632 1624 1624 1624 1624 1624 1624 1632
    1632 1647 1671 1688 1705 1739 1766 1785 1794 4190 4190 4139 4089
    4089 4139 4139 4089 4041 4041 4041 1663 1663 1663 1655 1655 1647
    1647 1639 1632 1632 1632 1632 1632 1632 1624 1624 1624 1624 1624
    1632 1632 1639 1655 1680 1705 1722 1748 1766 1785 1794 4190 4190
    4139 4139 4139 4139 4139 4089 4041 4041 4041 1663 1663 1655 1655
    1655 1647 1647 1639 1632 1632 1632 1632 1632 1632 1632 1624 1624
    1624 1624 1632 1639 1639 1663 1688 1713 1731 1766 1785 1794 1804
    4190 4190 4139 4139 4139 4139 4139 4139 4089 4089 4089 1663 1663
    1655 1655 1655 1647 1647 1639 1639 1632 1632 1632 1632 1632 1624
    1624 1624 1624 1624 1632 1639 1655 1671 1705 1722 1739 1776 1785
    1785 1785 4190 4190 4139 4139 4139 4139 4139 4139 4190 4190 1671
    1671 1663 1663 1655 1655 1655 1647 1639 1639 1632 1632 1632 1632
    1624 1624 1624 1624 1624 1624 1632 1647 1663 1688 1713 1731 1748
    1776 1785 1785 1785 4190 4190 4139 4139 4139 4139 4139 4139 4190
    4190 1663 1663 1663 1663 1655 1655 1655 1647 1647 1639 1639 1632
    1632 1632 1624 1624 1624 1624 1624 1624 1632 1655 1680 1696 1713
    1731 1757 1776 1785 1794 4139 4139 4139 4139 4139 4139 4139 4139
    4139 4139 4139 1663 1663 1663 1663 1663 1655 1655 1647 1639 1632
    1632 1632 1632 1632 1624 1624 1624 1624 1624 1624 1632 1680 1688
    1696 1722 1748 1757 1776 1785 1785 4089 4139 4139 4139 4139 4139
    4139 4089 4089 4089 4139 1663 1663 1663 1663 1663 1655 1655 1647
    1639 1632 1632 1632 1632 1632 1624 1624 1624 1624 1624 1632 1647
    1680 1688 1696 1722 1748 1766 1776 1794 1794 4089 4139 4139 4139
    4139 4139 4139 4089 4089 1663 1663 1663 1663 1663 1663 1663 1655
    1647 1647 1639 1639 1632 1632 1632 1632 1632 1624 1624 1624 1632
    1639 1655 1680 1696 1713 1722 1748 1776 1794 1804 4041 4041 4190
    4190 4139 4139 4139 4139 4089 4089 1663 1663 1663 1663 1663 1663
    1655 1655 1647 1639 1639 1639 1632 1632 1632 1632 1632 1632 1624
    1624 1632 1639 1663 1680 1696 1713 1731 1757 1785 1794 1794 4041
    4041 4190 4190 4139 4139 4139 4139 4089 4089 1680 1671 1663 1663
    1663 1663 1655 1655 1647 1639 1639 1639 1632 1632 1632 1632 1632
    1632 1624 1624 1639 1655 1663 1680 1705 1722 1739 1776 1794 1794
    1794 4041 4041 4190 4190 4139 4139 4139 4139 4139 4139 1671 1671
    1663 1663 1663 1655 1655 1655 1647 1647 1639 1632 1632 1632 1632
    1632 1624 1624 1624 1632 1639 1663 1671 1688 1713 1731 1757 1785
    1794 1804 4139 4089 4089 4190 4190 4139 4139 4139 4139 4139 4139
    1671 1663 1663 1663 1655 1655 1655 1655 1647 1647 1639 1632 1632
    1632 1632 1632 1624 1624 1624 1632 1647 1671 1680 1688 1722 1757
    1776 1794 1794 1794 4139 4089 4089 4190 4190 4139 4139 4139 4139
    4139 1663 1663 1663 1663 1663 1655 1655 1655 1655 1655 1655 1639
    1639 1639 1632 1632 1632 1624 1624 1632 1632 1655 1671 1680 1696
    1748 1766 1785 1794 1804 3994 3994 4089 4089 4190 4190 4139 4139
    4139 4139 4139 1663 1663 1663 1663 1663 1663 1655 1655 1655 1655
    1655 1647 1647 1639 1632 1632 1632 1624 1624 1632 1639 1663 1688
    1705 1722 1766 1776 1794 1794 1804 3994 3994 4089 4089 4190 4190
    4139 4139 4190 4190 4190 1663 1663 1663 1663 1663 1663 1655 1647
    1647 1647 1655 1647 1639 1639 1632 1632 1632 1624 1624 1632 1639
    1671 1688 1713 1731 1766 1785 1794 1794 1794 4089 4089 4089 4089
    4190 4190 4139 4139 4139 4139 1671 1663 1663 1663 1663 1663 1663
    1655 1647 1647 1647 1647 1647 1639 1632 1632 1632 1632 1632 1632
    1639 1655 1671 1696 1722 1731 1766 1794 1794 1794 1794 4089 4089
    4089 4089 4190 4190 4139 4139 4139 4139 1671 1671 1671 1663 1663
    1663 1663 1655 1647 1647 1647 1647 1647 1639 1632 1632 1632 1632
    1632 1632 1647 1663 1688 1713 1731 1739 1785 1804 1804 1804 4139
    4139 4089 4089 4089 4190 4190 4139 4139 4190 4190 1671 1671 1671
    1671 1663 1663 1663 1655 1655 1647 1647 1647 1647 1639 1632 1632
    1632 1632 1632 1639 1655 1671 1696 1722 1739 1757 1794 1804 1813
    1813 4139 4139 4089 4089 4089 4190 4190 4139 4139 4139 1671 1671
    1671 1671 1671 1663 1663 1663 1655 1655 1647 1647 1647 1647 1639
    1632 1632 1632 1632 1639 1647 1663 1688 1705 1731 1748 1766 1794
    1813 1833 1833 4089 4089 4089 4089 4089 4190 4190 4139 4139 4139
    1680 1680 1680 1671 1671 1663 1663 1663 1655 1655 1647 1647 1647
    1647 1639 1632 1632 1632 1632 1639 1655 1663 1688 1713 1731 1757
    1776 1804 1804 1843 4089 4089 4089 4089 4089 4089 4190 4139 4139
    4139 1680 1680 1680 1680 1671 1671 1663 1663 1663 1655 1655 1647
    1647 1647 1639 1639 1639 1632 1632 1639 1639 1655 1671 1696 1722
    1748 1766 1794 1804 1804 4041 4041 4089 4089 4139 4139 4089 4139
    4139 4139 4139 1680 1680 1680 1680 1671 1663 1663 1663 1663 1655
    1655 1647 1647 1639 1639 1639 1639 1639 1639 1639 1655 1663 1671
    1696 1722 1757 1776 1794 1804 1804 4041 4041 4089 4089 4139 4139
    4139 4089 4089 4089 1688 1688 1688 1688 1680 1671 1663 1663 1663
    1663 1655 1655 1647 1647 1639 1639 1639 1639 1639 1639 1647 1655
    1671 1680 1713 1739 1757 1794 1804 1804 4041 4041 4041 4139 4139
    4139 4139 4139 4089 4089 4089 1688 1688 1688 1688 1680 1671 1663
    1663 1663 1655 1655 1655 1647 1647 1639 1639 1639 1639 1639 1639
    1655 1663 1671 1688 1722 1739 1766 1794 1804 1804 4041 4041 4089
    4139 4139 4139 4139 4139 4190 4190 1680 1688 1688 1688 1688 1680
    1671 1663 1663 1663 1655 1655 1655 1655 1647 1647 1639 1639 1639
    1639 1647 1655 1663 1680 1705 1731 1748 1785 1804 1813 1813 4139
    4139 4139 4139 4139 4139 4139 4139 4190 4190 1680 1680 1680 1688
