<?xml version="1.0"?>
<opencv_storage>
<Depth2389 type_id="opencv-matrix">
  <rows>21</rows>
  <cols>9</cols>
  <dt>w</dt>
  <data>
    4983 4983 4983 4983 4911 4911 0 0 0 4983 4983 4983 4983 4911 4911 0
    0 0 4983 4983 4983 4983 4911 4911 0 0 0 4983 4983 4983 4983 4911
    4911 0 0 0 4983 4983 4983 4983 4911 4911 0 0 0 4983 4983 4983 4983
    4911 4911 5056 0 0 4983 4911 4911 4911 4911 4911 4911 0 0 4983 4911
    4911 4911 4911 4842 4842 0 0 4911 4911 4911 4911 4911 4842 4842 0 0
    4842 4842 4911 4911 4911 4911 4911 4911 0 4774 4774 4911 4911 4911
    4911 4911 4911 4911 4774 4774 4911 4911 4911 4911 4911 4911 4911
    4774 4774 4911 4842 4842 4911 4911 4911 4911 4774 4774 4842 4842
    4842 4842 4842 4842 4911 4842 4842 4842 4774 4774 4842 4842 4842
    4911 5933 4911 4842 4774 4774 4842 4842 4842 0 5933 4911 4842 4842
    4842 4842 4774 4774 0 5933 4911 4842 4842 4842 4774 4774 4774 4774
    5933 4911 4911 4842 4842 4774 4774 4774 4774 5832 4911 4911 4842
    4774 4774 4708 4708 4774 5832 4983 4842 4774 4774 4774 4708 4708
    4708</data></Depth2389>
</opencv_storage>
