<?xml version="1.0"?>
<opencv_storage>
<Depth3325 type_id="opencv-matrix">
  <rows>31</rows>
  <cols>31</cols>
  <dt>w</dt>
  <data>
    0 0 0 0 0 0 0 0 1873 1863 1863 1853 1833 1823 1823 1823 1823 1823
    1833 1833 1833 1853 1853 1853 1853 1863 1873 1873 1873 1873 0 0 0 0
    0 0 0 0 1873 1873 1863 1863 1853 1833 1823 1823 1823 1823 1823 1833
    1833 1833 1853 1863 1863 1863 1863 1863 1873 1873 1873 0 0 0 0 0 0 0
    1904 1873 1873 1863 1863 1853 1833 1823 1823 1823 1823 1833 1833
    1833 1843 1853 1863 1863 1863 1863 1863 1873 1873 1873 0 0 0 0 0 0
    1904 1894 1873 1873 1863 1863 1853 1843 1833 1823 1823 1823 1833
    1833 1843 1843 1863 1863 1863 1863 1863 1863 1873 1873 1883 0 0 0 0
    0 0 1894 1894 1883 1863 1863 1863 1853 1833 1833 1823 1823 1823 1833
    1833 1843 1843 1863 1863 1863 1863 1863 1863 1873 1873 1883 0 0 0 0
    0 0 1894 1883 1873 1863 1863 1853 1853 1833 1833 1833 1833 1833 1833
    1833 1843 1843 1863 1863 1863 1863 1863 1873 1873 1883 1883 0 0 0 0
    0 0 1894 1883 1873 1863 1863 1853 1853 1843 1833 1833 1833 1833 1833
    1843 1843 1843 1853 1863 1863 1863 1863 1873 1873 1883 1883 0 0 0 0
    0 1904 1894 1883 1873 1863 1863 1853 1853 1843 1833 1833 1823 1823
    1833 1843 1843 1853 1853 1863 1863 1863 1863 1873 1873 1883 1894 0 0
    0 0 0 1904 1894 1883 1873 1863 1863 1853 1843 1843 1833 1823 1823
    1823 1833 1843 1853 1853 1853 1853 1863 1863 1863 1873 1873 1883
    1883 0 0 1904 1904 1904 1904 1894 1883 1873 1863 1863 1853 1843 1833
    1833 1823 1823 1823 1833 1833 1843 1843 1843 1853 1863 1863 1863
    1863 1883 1883 1883 0 0 1883 1883 1883 1883 1883 1883 1883 1863 1863
    1843 1833 1833 1823 1823 1823 1823 1823 1823 1833 1833 1843 1853
    1863 1863 1863 1863 1873 1894 0 0 1873 1873 1873 1873 1873 1873 1863
    1863 1863 1853 1823 1813 1813 1813 1804 1804 1804 1794 1794 1785
    1731 1731 1853 1705 1688 1688 1680 1680 1680 0 0 1863 1873 1873 1853
    1853 1843 1833 1833 1833 1823 1813 1804 1804 1794 1785 1776 1766
    1757 1748 1731 1722 1722 1713 1705 1688 1688 1680 1680 1680 1680
    1680 1863 1873 1863 1853 1843 1833 1833 1823 1823 1813 1804 1794
    1785 1785 1766 1757 1748 1748 1748 1731 1722 1722 1713 1705 1696
    1688 1688 1680 1680 1680 1671 1873 1873 1863 1853 1843 1833 1833
    1823 1823 1813 1804 1794 1785 1776 1766 1757 1748 1748 1748 1731
    1722 1722 1722 1713 1705 1705 1688 1688 1680 1680 1671 1873 1873
    1863 1853 1843 1833 1833 1823 1813 1813 1804 1794 1785 1776 1766
    1766 1748 1748 1748 1739 1722 1722 1722 1713 1713 1705 1696 1696
    1688 1680 1680 1873 1873 1863 1853 1843 1833 1833 1823 1813 1804
    1794 1794 1785 1785 1776 1776 1766 1748 1748 1739 1731 1731 1722
    1713 1713 1705 1705 1696 1688 1680 1680 1863 1863 1863 1853 1843
    1833 1833 1823 1813 1804 1794 1794 1794 1785 1785 1776 1766 1748
    1748 1739 1731 1722 1713 1713 1713 1705 1696 1696 1688 1680 1680
    1863 1863 1863 1853 1843 1833 1833 1823 1813 1804 1804 1794 1794
    1785 1785 1776 1766 1748 1748 1748 1739 1722 1713 1713 1713 1705
    1696 1696 1688 1680 1680 1873 1873 1873 1853 1843 1843 1833 1823
    1823 1813 1804 1794 1794 1794 1785 1776 1776 1748 1748 1748 1722
    1722 1713 1713 1713 1705 1696 1688 1688 1688 1688 1873 1873 1863
    1863 1853 1843 1833 1823 1823 1813 1804 1794 1794 1794 1785 1776
    1766 1748 1748 1748 1722 1722 1713 1713 1713 1696 1688 1688 1688
    1688 1688 1873 1873 1863 1853 1843 1843 1833 1823 1823 1813 1813
    1804 1804 1794 1785 1766 1766 1748 1748 1739 1731 1722 1713 1713
    1713 1696 1688 1688 1688 1688 1680 1873 1873 1863 1853 1843 1843
    1833 1833 1823 1823 1813 1804 1794 1785 1785 1766 1766 1748 1748
    1739 1731 1722 1713 1713 1705 1696 1688 1688 1688 1680 1680 1873
    1863 1863 1853 1843 1843 1833 1833 1823 1823 1813 1804 1794 1785
    1785 1776 1766 1748 1748 1748 1731 1722 1713 1713 1705 1696 1688
    1688 1680 1680 1680 1873 1863 1863 1853 1843 1843 1833 1833 1823
    1823 1813 1794 1794 1785 1785 1766 1757 1757 1748 1748 1731 1731
    1713 1713 1705 1696 1696 1688 1680 1680 1680 1883 1873 1863 1863
    1853 1853 1843 1833 1823 1823 1804 1794 1785 1785 1785 1766 1757
    1757 1748 1748 1739 1731 1713 1713 1705 1696 1696 1688 1680 1680
    1680 1883 1873 1863 1863 1853 1853 1843 1833 1823 1813 1804 1794
    1785 1785 1785 1776 1766 1766 1748 1748 1739 1731 1713 1713 1705
    1696 1696 1688 1688 1688 1688 1894 1883 1873 1863 1853 1843 1833
    1833 1823 1813 1804 1794 1785 1785 1785 1776 1766 1766 1748 1748
    1739 1722 1722 1713 1713 1705 1696 1688 1688 1688 1688 0 0 1873 1873
    1863 1843 1833 1833 1823 1823 1823 1794 1785 1785 1785 1776 1766
    1766 1757 1748 1731 1722 1722 1713 1713 1713 1705 1688 1688 1688
    1696 0 0 0 0 0 0 1833 1833 1833 1833 1823 1794 1794 1794 1785 1785
    1776 1766 1757 1748 1731 1731 1722 1722 1713 1713 1713 1688 1688
    1688 1696 0 0 0 0 0 0 0 0 0 0 0 0 0 0 0 0 0 1766 1757 1748 1731 1731
    1722 1713 1713 1713 1713 1705 1705 1705 1713</data></Depth3325>
</opencv_storage>
