<?xml version="1.0"?>
<opencv_storage>
<Depth10302 type_id="opencv-matrix">
  <rows>72</rows>
  <cols>98</cols>
  <dt>w</dt>
  <data>
    3653 3614 3614 3614 3614 3614 3614 3576 3576 3614 3576 3576 3539
    3539 1105 1101 1097 1097 1097 1097 1097 1097 1101 1101 1097 1097
    1097 1097 3503 3503 3503 3539 3539 3539 3539 3539 3539 3539 3539
    3539 3539 3539 3539 3539 3503 3503 3503 3468 3468 3468 3468 3468
    3468 3468 3468 3433 3433 3399 3365 3365 3399 3399 3433 3468 3433
    3433 3433 3433 3468 3468 3468 3468 3433 3399 3365 3333 3333 3333
    2579 2560 2560 2560 2541 2485 2485 2485 2485 2485 2485 2485 2485
    2485 2485 2485 2467 2450 2432 2432 3614 3614 3614 3614 3614 3614
    3576 3576 3576 3614 3576 3576 3539 1115 1105 1101 1097 1097 1097
    1097 1097 1097 1097 1101 1097 1097 1097 1097 1097 1097 1101 1101
    3539 3539 3539 3539 3539 3539 3539 3539 3503 3503 3539 3539 3503
    3503 3503 3468 3468 3468 3468 3468 3468 3468 3468 3433 3433 3365
    3365 3365 3399 3399 3433 3468 3433 3433 3433 3433 3433 3468 3468
    3468 3399 3365 3333 3333 3333 3333 2579 2560 2560 2560 2541 2485
    2485 2485 2485 2485 2485 2485 2485 2485 2485 2467 2450 2450 2450 0
    3614 3614 3614 3614 3614 3576 3539 3539 3576 3614 3576 3576 1123
    1115 1108 1101 1097 1097 1094 1094 1097 1097 1097 1097 1097 1097
    1097 1097 1097 1097 1101 1097 1097 1097 1097 3539 3539 3539 3503
    3503 3503 3503 3503 3539 3539 3503 3503 3468 3468 3468 3468 3468
    3468 3468 3468 3433 3399 3365 3365 3365 3399 3399 3433 3468 3433
    3433 3433 3433 3433 3433 3433 3433 3365 3365 3333 3333 3333 3300
    2579 2579 2560 2560 2541 2485 2485 2485 2485 2485 2485 2485 2485
    2485 2485 2467 2450 2450 2450 0 3614 3614 3614 3576 3576 3576 3433
    3433 3433 1181 1177 1119 1119 1115 1108 1101 1097 1094 1094 1094
    1094 1097 1097 1097 1097 1097 1097 1097 1101 1101 1097 1097 1097
    1097 1097 1101 1101 1097 1097 1097 1097 1101 3503 3539 3539 3503
    3503 3503 3468 3468 3468 3468 3468 3468 3433 3433 3399 3365 3365
    3365 3399 3399 3433 3468 3468 3468 3433 3433 3433 3433 3433 3399
    3365 3333 3333 3333 3333 3300 2560 2560 2560 2541 2522 2485 2485
    2485 2485 2485 2485 2485 2485 2485 2485 1415 1415 1421 1421 1427
    3614 3614 3614 3576 3576 3576 3433 3433 1185 1181 1177 1173 1112
    1112 1108 1101 1097 1094 1094 1094 1094 1097 1097 1097 1097 1097
    1097 1097 1101 1101 1097 1097 1097 1097 1097 1101 1097 1097 1097
    1097 1097 1097 1097 1094 1094 1097 1097 3503 3468 3468 3468 3433
    3433 3468 3433 3433 3399 3365 3365 3365 3399 3399 3433 3468 3468
    3468 3433 3433 3433 3433 3399 3399 3365 3333 3333 3333 3333 3333
    2560 2560 2560 2541 2503 2503 2503 2503 2485 2485 2485 2485 2485
    2485 2485 1415 1415 1415 1421 1421 3614 3614 3614 3614 3614 3614
    1185 1185 1185 1181 1177 1173 1112 1112 1108 1101 1097 1094 1094
    1094 1097 1097 1097 1097 1097 1097 1097 1097 1101 1097 1097 1097
    1097 1097 1097 1097 1097 1097 1097 1097 1097 1097 1097 1094 1094
    1097 1097 1097 1097 1094 1094 1090 1090 1090 3433 3433 3399 3365
    3365 3365 3399 3433 3433 3468 3468 3468 3468 3433 3433 3433 3365
    3365 3365 3333 3333 3333 3333 3333 2560 2560 2541 2522 2503 2503
    2503 2503 2503 2485 2485 2485 1464 1458 1439 1433 1415 1415 1427
    1421 3653 3653 3614 3614 3614 3653 0 1185 1185 1181 1177 1177 1112
    1112 1108 1101 1097 1097 1097 1097 1097 1097 1097 1097 1097 1097
    1097 1097 1101 1097 1097 1097 1097 1097 1097 1097 1097 1097 1097
    1097 1097 1097 1097 1097 1097 1097 1097 1097 1094 1094 1094 1090
    1090 1087 1087 1087 1087 3399 3399 3399 3433 3468 3468 3468 3433
    3433 3433 3433 3433 3433 3365 3365 3365 3333 3333 3333 3333 3333
    2560 2560 2541 2522 2485 2485 2503 2503 2503 1483 1477 1470 1464
    1458 1439 1433 1427 1427 1427 1421 3653 3653 3653 3653 3653 3653
    3653 1185 1185 1185 1181 1112 1112 1112 1108 1105 1101 1101 1101
    1101 1097 1097 1097 1097 1097 1097 1097 1097 1097 1097 1097 1097
    1097 1097 1097 1097 1097 1097 1097 1097 1097 1097 1097 1097 1097
    1097 1097 1097 1094 1094 1094 1094 1090 1087 1087 1087 1094 1094
    1090 1090 1094 3468 3468 3468 3433 3433 3433 3433 3433 3433 3365
    3365 3365 3333 3333 3333 3333 3333 2560 2560 2541 2522 2485 2485
    2485 1496 1489 1483 1477 1464 1458 1458 1452 1445 1433 1433 1427
    1421 3653 3653 3653 3653 3653 3653 3653 0 1185 1185 1185 1112 1112
    1112 1108 1105 1101 1101 1101 1101 1097 1097 1097 1097 1097 1097
    1097 1097 1097 1097 1097 1101 1101 1097 1097 1097 1097 1097 1097
    1097 1097 1097 1097 1097 1097 1097 1097 1097 1097 1097 1097 1097
    1094 1090 1090 1094 1094 1094 1090 1090 1090 1090 1094 1097 1090
    1087 1087 1087 3468 3468 3399 3399 3333 3333 3333 3333 3333 3300
    2579 2560 2541 2522 1503 1503 1496 1489 1483 1483 1477 1464 1458
    1458 1452 1445 1433 1433 1427 1421 3614 3614 3614 3653 3653 3653 0 0
    0 1189 1189 1115 1115 1112 1108 1105 1101 1101 1101 1097 1097 1097
    1097 1094 1094 1097 1097 1097 1101 1101 1101 1101 1101 1101 1097
    1097 1097 1097 1097 1097 1097 1097 1097 1097 1094 1094 1094 1094
    1097 1097 1097 1097 1097 1094 1094 1094 1094 1094 1090 1090 1090
    1090 1090 1087 1087 1087 1087 1087 1094 1094 1094 3333 3333 3333
    3333 3333 3300 3300 2579 2579 2579 1509 1503 1503 1496 1489 1483
    1483 1477 1464 1458 1458 1452 1452 1445 1445 1445 0 3614 3614 3614
    3614 3653 3692 3692 0 0 1193 1189 1115 1115 1112 1108 1101 1101 1101
    1097 1097 1097 1097 1097 1094 1094 1097 1097 1097 1101 1101 1101
    1101 1101 1101 1097 1097 1097 1097 1097 1097 1097 1097 1097 1097
    1094 1094 1094 1094 1097 1097 1097 1097 1097 1094 1094 1094 1094
    1094 1090 1090 1090 1090 1087 1087 1087 1087 1087 1094 1094 1094
    1094 1094 1094 1090 1090 1090 1090 3300 3300 3300 1509 1509 1503
    1503 1496 1489 1483 1483 1477 1464 1458 1458 1458 1458 2398 2415 0 0
    3614 3614 3614 3614 3614 3692 0 0 0 1193 1189 1112 1112 1108 1105
    1101 1101 1101 1097 1097 1097 1097 1097 1097 1097 1097 1097 1097
    1101 1101 1101 1101 1101 1101 1101 1101 1101 1097 1097 1097 1097
    1097 1097 1097 1094 1094 1094 1094 1097 1097 1097 1097 1097 1097
    1094 1094 1094 1094 1090 1090 1090 1090 1087 1087 1087 1087 1087
    1094 1094 1094 1094 1094 1094 1090 1090 1090 1090 1087 1087 1087
    1509 1509 1503 1503 1496 1489 1489 1489 1483 1470 1464 1464 2415
    2398 2398 2415 2415 0 3614 3614 3614 3614 3614 3614 0 0 0 1189 1189
    1112 1112 1108 1105 1101 1101 1101 1097 1097 1097 1097 1097 1097
    1097 1097 1097 1097 1101 1101 1101 1101 1097 1097 1101 1101 1101
    1097 1097 1097 1097 1097 1097 1097 1097 1097 1094 1094 1097 1097
    1097 1097 1097 1097 1094 1094 1094 1094 1094 1090 1090 1090 1087
    1087 1087 1087 1087 1094 1094 1094 1094 1094 1094 1090 1090 1090
    1090 1087 1087 1087 1087 1509 1509 1503 1496 1496 2467 2467 2467
    2450 2450 2415 2415 2398 2398 2398 2398 2398 3614 3614 3614 3614 0
    3614 0 1193 0 1189 1189 1112 1112 1108 1105 1101 1101 1101 1097 1097
    1097 1097 1097 1097 1097 1097 1097 1101 1105 1101 1101 1101 1097
    1097 1101 1101 1101 1101 1097 1097 1097 1097 1097 1097 1097 1097
    1097 1097 1097 1097 1097 1097 1094 1094 1094 1094 1094 1094 1094
    1090 1090 1090 1087 1087 1087 1087 1087 1094 1094 1094 1094 1090
    1090 1090 1090 1090 1090 1090 1090 1087 1087 1087 1094 1094 1094
    1090 1090 1087 1087 1087 1087 2415 2415 2415 2398 2398 2398 2398
    3614 3614 3576 3576 0 0 0 1193 1193 1189 1189 1112 1112 1108 1105
    1101 1101 1101 1101 1097 1097 1097 1097 1097 1097 1097 1097 1101
    1105 1101 1101 1101 1101 1101 1101 1101 1101 1101 1101 1097 1097
    1097 1097 1097 1097 1097 1097 1097 1097 1097 1094 1094 1094 1094
    1097 1097 1097 1094 1094 1094 1090 1090 1090 1087 1087 1087 1087
    1094 1094 1094 1090 1090 1090 1090 1090 1090 1090 1090 1090 1087
    1087 1087 1094 1094 1094 1090 1090 1087 1087 1087 1087 1090 1090
    1090 2398 2398 2415 2415 3614 3614 3576 3576 0 0 0 0 1193 1189 1189
    1112 1112 1108 1105 1101 1101 1101 1101 1097 1097 1097 1097 1097
