<?xml version="1.0"?>
<opencv_storage>
<Depth6371 type_id="opencv-matrix">
  <rows>70</rows>
  <cols>43</cols>
  <dt>w</dt>
  <data>
    3468 3468 3468 3468 3468 3468 1427 1415 1410 1404 1404 1398 1398
    1392 1392 1387 1381 1376 1376 1376 1376 1387 1387 1392 3399 3399
    3365 3365 3365 3365 3333 3333 3365 3365 3365 3365 3333 3333 3333
    3333 3333 3333 3333 3468 3468 1439 1439 1433 1427 1421 1415 1410
    1410 1404 1398 1392 1392 1387 1387 1381 1376 1376 1376 1376 1387
    1387 1392 1404 3399 3399 3365 3365 3333 3333 3333 3333 3365 3365
    3365 3365 3333 3333 3333 3333 3333 3333 3503 1439 1439 1433 1427
    1421 1415 1415 1410 1404 1398 1398 1392 1392 1387 1381 1376 1376
    1376 1376 1376 1387 1392 1398 1404 1410 3399 1439 1439 1445 1458
    3333 3333 3365 3365 3365 3365 3365 3365 3333 3333 3333 3333 1439
    1439 1439 1433 1427 1421 1415 1415 1404 1404 1398 1398 1392 1392
    1387 1381 1376 1370 1370 1376 1376 1387 1392 1398 1404 1410 1427
    1439 1439 1445 1458 1470 1470 3365 3365 3365 3365 3365 3365 3333
    3333 3300 3300 1439 1439 1439 1439 1433 1421 1415 1410 1404 1398
    1398 1392 1392 1392 1387 1381 1376 1370 1370 1376 1376 1387 1392
    1398 1404 1410 1427 1439 1445 1445 1458 1464 1470 1470 3365 3365
    3399 3365 3365 3333 3333 3300 3300 1439 1439 1439 1439 1427 1421
    1421 1410 1398 1398 1392 1392 1392 1387 1381 1376 1370 1370 1370
    1376 1376 1387 1392 1398 1404 1410 1427 1433 1439 1445 1452 1464
    1470 1470 1489 1496 1503 3399 3365 3333 3333 3300 3269 1439 1439
    1439 1439 1427 1421 1421 1410 1398 1398 1392 1392 1392 1381 1376
    1376 1370 1370 1370 1376 1376 1387 1392 1398 1404 1410 1433 1433
    1439 1445 1445 1464 1470 1470 1489 1496 1503 1516 1523 1550 1550
    3300 3269 1439 1439 1439 1439 1427 1421 1415 1410 1398 1398 1392
    1392 1387 1381 1376 1370 1370 1370 1370 1376 1376 1387 1392 1398
    1404 1410 1427 1427 1439 1445 1445 1458 1470 1470 1483 1503 1509
    1516 1523 1543 1557 1557 3269 1439 1439 1439 1439 1427 1421 1415
    1404 1398 1398 1392 1392 1387 1381 1376 1370 1370 1370 1370 1370
    1376 1381 1392 1398 1404 1410 1421 1421 1433 1439 1445 1458 1470
    1470 1483 1496 1509 1516 1523 1543 1543 1543 3269 1452 1452 1439
    1433 1427 1421 1415 1404 1398 1398 1392 1392 1381 1381 1376 1370
    1370 1370 1370 1370 1376 1376 1387 1392 1404 1410 1421 1421 1433
    1439 1445 1458 1464 1470 1483 1496 1509 1516 1523 1529 1543 1543
    3269 3468 1433 1433 1433 1421 1421 1410 1404 1398 1398 1392 1387
    1381 1381 1376 1370 1370 1370 1370 1370 1370 1376 1381 1392 1398
    1410 1421 1421 1427 1439 1452 1458 1464 1477 1489 1496 1509 1516
    1523 1529 1543 1543 3269 0 1427 1427 1427 1421 1421 1410 1404 1398
    1398 1392 1387 1381 1381 1376 1370 1365 1365 1365 1365 1370 1376
    1381 1392 1398 1410 1421 1421 1427 1433 1445 1458 1464 1477 1489
    1503 1509 1516 1516 1523 1523 1523 3269 1439 1427 1427 1421 1421
    1415 1410 1404 1398 1398 1392 1387 1381 1381 1376 1376 1365 1365
    1365 1365 1370 1376 1381 1392 1398 1415 1421 1421 1427 1433 1445
    1458 1470 1489 1496 1496 1509 1516 1516 1523 1523 1523 3269 1439
    1439 1427 1421 1421 1415 1410 1404 1398 1392 1392 1387 1381 1381
    1376 1370 1365 1365 1359 1359 1365 1376 1387 1392 1398 1415 1421
    1421 1427 1433 1452 1458 1470 1483 1489 1496 1509 1509 1516 1516
    1529 1529 3269 1439 1439 1427 1421 1421 1415 1404 1398 1398 1392
    1392 1387 1381 1376 1376 1370 1365 1365 1359 1359 1365 1376 1387
    1392 1392 1410 1421 1421 1427 1433 1452 1458 1470 1477 1489 1496
    1503 1509 1516 1516 1523 1523 3269 1439 1439 1427 1421 1421 1415
    1404 1398 1398 1392 1387 1381 1381 1376 1370 1370 1365 1365 1365
    1370 1370 1376 1387 1392 1392 1410 1421 1421 1427 1433 1452 1458
    1470 1477 1489 1496 1503 1509 1516 1516 1523 1523 1523 3433 1433
    1427 1427 1421 1415 1410 1398 1398 1392 1387 1381 1376 1376 1370
    1370 1370 1365 1365 1370 1370 1376 1381 1387 1398 1410 1421 1421
    1427 1439 1452 1458 1464 1477 1483 1489 1496 1503 1516 1516 1523
    1523 1523 3433 1427 1427 1427 1421 1415 1410 1398 1398 1392 1387
    1387 1376 1376 1370 1370 1365 1359 1359 1359 1365 1370 1376 1387
    1398 1410 1415 1421 1421 1439 1445 1458 1464 1470 1483 1489 1489
    1503 1516 1516 1523 1523 3300 1415 1415 1415 1421 1421 1410 1410
    1404 1398 1392 1387 1387 1381 1376 1370 1370 1365 1359 1359 1359
    1365 1370 1376 1381 1398 1404 1404 1421 1421 1439 1445 1452 1464
    1470 1483 1489 1489 1496 1516 1516 1523 1523 3300 1415 1415 1415
    1421 1421 1404 1404 1398 1398 1392 1387 1387 1381 1376 1370 1370
    1365 1359 1359 1359 1365 1370 1376 1381 1392 1404 1404 1421 1421
    1439 1445 1445 1458 1464 1477 1489 1489 1496 1509 1516 1523 1523
    3333 1421 1421 1421 1421 1415 1404 1404 1398 1398 1392 1387 1381
    1376 1376 1376 1370 1365 1359 1359 1359 1365 1370 1376 1381 1392
    1398 1404 1421 1421 1439 1439 1445 1458 1464 1477 1483 1489 1503
    1509 1516 1523 1523 3269 1421 1421 1421 1421 1410 1404 1398 1398
    1398 1392 1387 1381 1376 1376 1376 1370 1365 1354 1354 1359 1359
    1370 1376 1376 1392 1398 1404 1421 1427 1433 1439 1445 1458 1464
    1477 1483 1489 1496 1503 1516 1523 1523 3269 3399 1421 1421 1421
    1410 1404 1398 1398 1398 1392 1381 1381 1376 1376 1370 1370 1365
    1354 1354 1354 1359 1370 1376 1376 1392 1398 1404 1415 1421 1433
    1439 1445 1458 1464 1470 1483 1483 1496 1503 1516 1523 1523 1523 0
    1421 1421 1415 1404 1398 1398 1398 1392 1392 1381 1376 1376 1370
    1370 1365 1359 1354 1354 1354 1359 1365 1376 1387 1392 1398 1404
    1415 1421 1433 1439 1445 1458 1464 1470 1483 1483 1496 1503 1516
    1523 1523 1523 0 1421 1421 1415 1404 1398 1398 1392 1392 1392 1381
    1376 1376 1370 1370 1365 1359 1354 1354 1359 1359 1365 1376 1387
    1392 1398 1404 1415 1427 1433 1439 1445 1458 1464 1470 1483 1483
    1489 1503 1516 1523 1523 1523 0 1421 1421 1415 1404 1398 1398 1392
    1392 1387 1381 1376 1376 1370 1370 1365 1354 1354 1354 1359 1359
    1370 1376 1387 1392 1398 1404 1415 1427 1433 1439 1445 1458 1464
    1470 1483 1483 1489 1503 1516 1523 1523 1523 1421 1421 1421 1415
    1404 1398 1398 1392 1392 1387 1376 1376 1376 1370 1370 1365 1354
    1354 1354 1359 1359 1365 1370 1381 1392 1398 1404 1415 1427 1433
    1439 1445 1458 1470 1470 1483 1483 1489 1496 1516 1516 1516 1516
    1421 1421 1415 1415 1404 1398 1398 1392 1392 1387 1376 1370 1370
    1370 1365 1365 1354 1354 1354 1354 1359 1365 1370 1381 1392 1398
    1404 1415 1427 1433 1439 1439 1445 1470 1477 1483 1489 1489 1496
    1509 1516 1516 1516 1421 1421 1415 1410 1404 1398 1398 1392 1392
    1381 1376 1370 1370 1370 1365 1359 1354 1349 1349 1349 1359 1359
    1365 1376 1392 1398 1404 1404 1421 1433 1439 1439 1445 1470 1483
    1483 1483 1489 1496 1509 1509 1509 1509 1421 1421 1415 1410 1404
    1398 1398 1392 1392 1381 1381 1376 1370 1370 1359 1359 1349 1349
    1349 1349 1359 1359 1365 1376 1387 1392 1398 1404 1421 1433 1439
    1439 1439 1464 1470 1483 1483 1489 1496 1503 1503 1503 1503 1421
    1421 1415 1410 1398 1398 1398 1392 1392 1381 1381 1376 1370 1370
    1359 1354 1349 1349 1349 1354 1359 1359 1370 1376 1387 1392 1398
    1404 1421 1427 1439 1439 1439 1458 1470 1477 1483 1489 1496 1503
    1503 1503 1503 1415 1415 1415 1410 1398 1398 1392 1392 1387 1381
    1381 1376 1370 1370 1359 1354 1349 1349 1349 1354 1359 1359 1376
    1376 1387 1392 1398 1404 1421 1427 1439 1439 1439 1452 1464 1470
    1477 1489 1496 1503 1509 1516 1516 0 1410 1410 1404 1398 1392 1392
    1387 1387 1381 1376 1376 1370 1370 1359 1354 1349 1349 1349 1354
    1354 1359 1376 1376 1387 1392 1398 1404 1415 1427 1439 1439 1439
    1445 1464 1470 1477 1489 1496 1503 1516 1516 1516 1421 1410 1410
    1404 1398 1392 1392 1387 1381 1381 1376 1376 1370 1370 1359 1354
    1349 1349 1349 1349 1354 1365 1376 1376 1387 1392 1398 1398 1415
    1427 1439 1439 1439 1445 1458 1470 1477 1489 1496 1509 1516 1516
    1516 1421 1421 1410 1404 1398 1392 1392 1387 1381 1381 1376 1370
