<?xml version="1.0"?>
<opencv_storage>
<Depth13156 type_id="opencv-matrix">
  <rows>7</rows>
  <cols>6</cols>
  <dt>w</dt>
  <data>
    7178 0 0 0 0 0 7332 0 0 0 0 0 0 0 0 0 0 0 0 0 0 0 0 0 5132 5132 5132
    0 0 0 4983 5056 5132 5210 0 0 4911 5056 5132 5210 0 0</data></Depth13156>
</opencv_storage>
