<?xml version="1.0"?>
<opencv_storage>
<Depth10127 type_id="opencv-matrix">
  <rows>166</rows>
  <cols>44</cols>
  <dt>w</dt>
  <data>
    0 0 0 0 0 0 948 940 940 935 935 935 935 935 933 933 935 935 935 938
    940 940 940 940 940 940 0 0 0 0 1189 1189 1193 1181 1181 1181 1181
    1177 1177 1177 1177 1177 1177 1177 0 0 0 0 0 0 948 943 940 935 935
    935 935 935 933 933 935 935 935 935 938 940 940 940 940 940 0 0 0
    1202 1189 1189 1197 1193 1189 1185 1185 1181 1181 1189 1185 1185
    1181 1181 0 0 0 0 0 0 951 943 940 938 935 935 935 933 933 933 933
    933 933 933 938 940 943 943 943 943 0 0 0 1202 1202 1202 1197 1197
    1193 1189 1189 1189 1189 1193 1193 1193 1189 1189 0 0 0 0 0 0 0 943
    940 938 935 935 935 933 933 933 933 933 933 933 935 940 940 943 943
    943 951 0 0 1206 1202 1202 1202 1202 1197 1197 1197 1197 1197 1197
    1197 1197 1202 1206 0 0 0 0 0 0 0 940 940 938 935 935 933 933 933
    933 933 933 933 935 935 938 940 940 943 948 951 0 0 1202 1202 1202
    1210 1210 1210 1206 1206 1206 1206 1206 1206 1206 1210 1210 0 0 0 0
    0 0 0 940 938 938 935 933 933 933 933 933 930 930 933 933 935 935
    938 938 940 951 954 0 0 1202 1202 1202 1210 1214 1214 1219 1219 1219
    1214 1214 1219 1223 1219 1219 0 0 0 0 0 0 0 940 938 935 935 933 933
    933 933 933 930 930 933 933 933 935 938 938 940 946 946 0 0 0 0 0
    1232 1232 1232 1227 1223 1223 1223 1223 1227 1227 1227 1227 0 0 0 0
    0 0 946 940 940 935 935 933 933 933 933 933 933 933 930 930 933 935
    935 938 938 943 0 0 0 0 0 0 1236 1236 1236 1236 1236 1236 1236 1236
    1232 1232 1236 1236 0 0 0 0 0 951 946 943 940 938 935 933 933 933
    933 933 933 933 930 930 933 933 935 938 938 940 943 0 0 0 0 0 1245
    1236 1236 1241 1241 1245 1245 1245 1250 1255 1255 1259 0 0 0 0 0 946
    946 943 940 938 935 933 933 930 930 933 933 933 930 930 930 933 938
    938 940 940 943 948 948 0 0 0 0 0 1250 1250 1250 1245 1245 1250 1255
    1259 1259 1259 0 0 0 0 0 946 946 943 940 938 935 933 933 930 930 930
    933 933 930 930 930 933 935 935 940 940 943 948 948 0 0 0 0 0 0 1283
    1283 1268 1259 1259 1268 1268 1283 1278 0 0 0 0 0 948 943 943 938
    935 933 933 930 930 930 930 933 930 930 930 930 933 935 935 940 940
    943 946 946 0 0 0 1288 0 0 1288 1288 1288 1288 1297 1283 1283 1283
    1278 0 0 0 0 0 0 943 940 938 933 933 933 930 930 930 930 930 930 930
    930 930 933 933 935 938 940 943 946 946 946 0 0 1288 1288 1288 1288
    1288 1288 1288 1297 1302 1283 1283 1278 0 0 0 0 0 0 943 940 938 933
    933 930 930 930 930 930 930 930 930 930 930 933 933 935 938 940 940
    946 946 0 0 0 1292 1288 1288 1288 1288 1288 1288 1297 1297 1288 1288
    1283 1259 0 0 0 0 948 943 940 935 933 933 930 928 928 930 930 930
    928 928 930 930 933 933 935 938 940 940 946 946 946 1292 1292 1292
    1292 1292 1292 1292 1292 1292 1297 1297 1292 1288 1288 1259 1268
    1273 1273 951 948 943 940 935 933 933 930 928 928 930 930 930 928
    928 928 928 930 933 935 938 938 940 946 951 954 954 1292 1292 1292
    1292 1292 1292 1297 1297 1302 1297 1297 1292 1292 1264 1268 1273
    1283 951 948 943 940 935 933 930 930 930 930 930 930 930 928 928 928
    928 928 933 933 935 938 940 946 954 954 954 1297 1297 1297 1297 1302
    1302 1302 1302 1302 1302 1302 1307 1307 1268 1273 1278 1283 951 946
    940 938 935 933 930 930 930 930 930 930 928 925 925 928 928 928 930
    933 935 938 940 943 948 951 954 1302 1302 1307 1307 1307 1307 1307
    1307 1307 1307 1307 1307 1312 1283 1283 1283 1283 1283 940 940 938
    935 933 930 930 930 930 928 928 925 925 925 928 928 928 930 933 933
    935 940 943 948 951 954 954 1317 1317 1317 1317 1312 1312 1307 1307
    1307 1936 1915 1322 1288 1288 1288 1288 940 940 940 938 935 933 933
    930 930 930 928 925 923 923 925 925 928 930 930 933 933 935 940 943
    946 951 956 956 1317 1317 1317 1317 1317 1317 1317 1936 1936 1936
    1926 1926 1292 1292 1292 1292 943 943 940 940 935 933 933 930 930
    928 928 925 923 923 923 923 925 930 930 933 933 935 940 943 946 951
    954 954 1322 1322 1317 1317 1317 1317 0 0 1959 1959 1936 1936 1302
    1302 1302 0 943 943 943 938 933 933 933 930 928 928 925 925 923 923
    920 920 920 923 925 930 930 935 938 943 946 948 954 954 954 915 0 0
    0 0 2016 2016 1959 1959 1947 1947 0 0 0 0 943 943 943 938 933 933
    930 930 928 925 923 923 920 920 920 918 915 915 915 920 925 930 938
    940 943 943 948 948 915 915 0 0 0 0 2016 2016 2005 1970 1970 1970 0
    0 0 0 943 943 940 938 933 930 930 928 925 923 920 918 918 918 915
    915 913 913 915 915 918 920 938 940 943 943 915 915 915 915 0 0 0 0
    0 2016 2005 1993 1981 1981 0 0 0 0 0 903 903 938 933 928 928 923 920
    915 913 910 910 913 913 910 910 910 913 913 913 910 908 906 906 908
    910 910 913 913 913 913 0 0 0 0 0 0 2005 2005 0 0 0 903 901 901 903
    903 903 906 920 915 908 906 906 906 906 908 908 910 908 908 910 910
    910 910 908 906 906 908 910 910 913 913 913 913 913 0 0 0 0 0 0 0
    901 901 901 901 901 901 903 903 903 903 903 903 903 903 906 906 906
    906 906 906 906 906 906 906 908 910 910 908 908 908 910 910 913 913
    913 910 910 0 0 0 0 0 0 0 898 898 901 901 901 901 901 901 901 903
    903 903 903 903 903 903 903 903 903 906 903 903 903 903 906 908 908
    910 910 910 910 910 913 913 913 910 910 0 0 0 0 0 0 0 898 898 898
    901 901 901 901 901 901 901 903 903 903 903 903 903 903 903 903 903
    903 903 903 903 903 906 906 908 908 908 910 910 910 913 913 910 910
    0 0 0 0 0 0 0 898 898 898 898 898 898 898 901 901 901 901 901 903
    903 903 903 903 903 903 903 903 903 903 903 903 903 906 908 908 908
    910 910 910 913 913 910 910 0 0 0 0 0 0 0 898 898 898 898 898 898
    898 898 898 898 901 901 901 901 901 903 903 903 906 906 906 903 903
    903 903 903 903 906 906 906 910 910 910 910 910 910 910 910 0 0 0 0
    0 0 896 896 898 898 898 898 898 898 898 898 898 901 901 901 901 903
    903 903 903 903 903 903 903 903 903 903 903 903 906 906 908 910 910
    910 910 910 910 910 0 0 0 0 0 0 896 896 896 896 896 896 898 898 898
    898 898 901 901 901 901 901 903 903 903 903 903 903 903 903 903 903
    903 903 906 906 908 910 910 908 908 910 910 910 0 0 0 0 0 0 894 896
    896 896 896 896 896 896 898 898 898 901 901 901 901 901 901 901 901
    901 901 903 903 903 903 903 903 903 903 906 906 908 908 908 908 910
    910 910 0 0 0 0 0 0 891 894 894 894 896 896 896 896 896 898 898 898
    898 901 901 901 901 901 901 901 901 903 903 903 903 903 903 903 903
    906 906 906 908 908 908 910 910 910 0 0 0 0 0 0 891 894 894 894 894
    894 896 896 896 898 898 898 898 901 901 901 901 901 901 901 901 903
    903 903 903 903 903 903 903 906 906 906 908 908 910 913 910 910 0 0
    0 0 0 0 894 894 896 894 894 894 896 896 896 898 898 898 898 901 901
    901 901 901 901 901 903 903 903 903 903 903 903 903 906 906 910 910
    910 910 913 918 915 915 0 0 0 0 0 0 896 896 898 896 896 896 896 896
    898 898 901 901 901 901 901 901 903 903 903 903 906 906 906 906 906
    906 906 906 906 908 915 915 915 915 918 923 923 923 925 0 0 0 0 0 0
    906 906 906 908 903 903 903 901 901 903 903 903 903 903 906 906 906
    908 908 910 910 913 913 913 913 915 915 918 920 923 923 920 920 923
    925 925 925 925 0 0 0 0 0 0 910 910 910 910 908 908 908 908 918 920
    920 920 913 913 908 908 910 918 920 920 920 923 923 923 923 925 925
    925 925 928 928 928 951 935 935 935 935 0 0 0 0 0 0 0 913 913 918
    918 918 923 923 923 923 923 923 923 923 930 930 930 930 930 930 930
    933 930 930 930 933 930 930 930 930 933 938 940 951 946 946 946 964
    0 0 0 0 0 2398 0 913 913 928 928 930 930 928 925 925 925 925 928 930
    933 933 933 935 935 940 940 943 943 940 940 940 938 935 933 933 935
    940 948 954 954 954 967 964 964 0 0 0 2398 2398 956 946 935 935 938
    938 938 935 933 923 923 925 925 935 943 943 956 951 946 946 946 948
    951 954 954 956 964 964 933 928 928 959 959 959 959 962 967 964 964
    0 2432 2432 2398 2398 956 951 943 943 940 940 940 943 940 923 923
