<?xml version="1.0"?>
<opencv_storage>
<Depth1238 type_id="opencv-matrix">
  <rows>62</rows>
  <cols>41</cols>
  <dt>w</dt>
  <data>
    3614 3614 1639 1639 1632 1624 1609 1601 1601 1594 1586 1579 1572
    1564 1550 1550 1557 1550 1536 1523 1523 1509 1509 1509 1503 1496
    1483 1483 1483 1489 1489 1489 1489 1489 1516 1516 1543 1543 1543
    1543 3433 3614 1655 1639 1639 1632 1624 1616 1609 1601 1594 1586
    1579 1572 1564 1550 1550 1557 1550 1529 1523 1523 1509 1509 1503
    1496 1489 1483 1483 1483 1483 1489 1489 1489 1496 1509 1516 1529
    1536 1536 1536 1536 1655 1655 1647 1639 1632 1624 1616 1616 1601
    1594 1586 1579 1579 1579 1572 1557 1550 1543 1529 1523 1523 1509
    1509 1503 1496 1489 1483 1483 1483 1483 1483 1489 1489 1496 1509
    1516 1523 1529 1536 1536 1536 1663 1663 1647 1639 1632 1624 1624
    1616 1609 1601 1586 1586 1579 1579 1572 1557 1550 1543 1536 1529
    1529 1516 1509 1503 1496 1489 1483 1483 1483 1483 1483 1489 1496
    1496 1509 1509 1516 1529 1536 1536 1536 1663 1663 1647 1639 1632
    1624 1624 1616 1609 1601 1586 1586 1579 1579 1572 1557 1550 1543
    1536 1529 1529 1516 1509 1503 1496 1489 1483 1483 1483 1483 1483
    1489 1496 1503 1509 1509 1516 1529 1536 1536 1536 1655 1655 1647
    1639 1632 1632 1624 1616 1609 1601 1586 1586 1579 1572 1572 1557
    1557 1543 1543 1536 1523 1516 1509 1503 1489 1489 1483 1483 1483
    1483 1483 1489 1503 1503 1509 1509 1523 1529 1536 1536 1536 1663
    1655 1647 1639 1632 1632 1624 1609 1609 1601 1594 1586 1579 1572
    1572 1564 1557 1543 1543 1536 1523 1516 1509 1503 1489 1489 1483
    1483 1483 1483 1489 1489 1496 1503 1509 1509 1523 1529 1536 1536
    1536 1663 1655 1647 1639 1632 1632 1616 1609 1609 1601 1594 1586
    1579 1572 1572 1564 1557 1543 1543 1536 1529 1516 1509 1503 1496
    1489 1483 1483 1483 1483 1489 1496 1496 1503 1509 1509 1523 1529
    1536 1536 1536 1663 1663 1655 1647 1632 1624 1616 1609 1609 1601
    1594 1586 1579 1572 1572 1564 1557 1550 1543 1536 1536 1516 1509
    1503 1496 1489 1483 1483 1483 1483 1489 1496 1496 1503 1509 1509
    1523 1529 1536 1536 1536 1663 1663 1655 1655 1632 1624 1616 1609
    1609 1601 1594 1586 1579 1572 1572 1564 1550 1550 1543 1536 1536
    1516 1509 1503 1496 1489 1483 1483 1483 1483 1489 1496 1496 1503
    1509 1509 1523 1529 1536 1536 1536 1671 1663 1663 1655 1639 1624
    1616 1609 1609 1601 1594 1586 1579 1572 1572 1564 1550 1550 1543
    1536 1529 1516 1509 1503 1496 1489 1483 1483 1483 1483 1489 1496
    1496 1503 1509 1516 1523 1523 1536 1536 1536 1663 1663 1663 1647
    1639 1632 1616 1609 1609 1601 1594 1586 1579 1572 1572 1564 1550
    1550 1543 1529 1523 1509 1509 1503 1496 1489 1483 1483 1483 1483
    1489 1496 1503 1509 1509 1516 1523 1523 1536 1536 1536 1663 1663
    1663 1647 1639 1632 1616 1609 1609 1601 1601 1586 1579 1572 1572
    1557 1550 1543 1536 1529 1523 1509 1509 1503 1496 1489 1483 1483
    1483 1483 1489 1496 1503 1509 1509 1516 1523 1529 1536 1536 1536
    1663 1663 1663 1647 1639 1632 1624 1616 1609 1601 1601 1586 1579
    1572 1572 1557 1550 1543 1536 1529 1523 1509 1509 1503 1496 1489
    1483 1483 1483 1483 1496 1496 1503 1509 1509 1523 1523 1529 1536
    1536 1536 1663 1663 1663 1639 1639 1632 1624 1609 1609 1601 1594
    1586 1579 1572 1572 1564 1550 1543 1543 1529 1523 1509 1509 1509
    1496 1489 1483 1483 1483 1483 1496 1496 1503 1509 1509 1523 1529
    1536 1536 1536 1536 1671 1671 1663 1639 1639 1632 1624 1609 1609
    1601 1594 1586 1579 1579 1572 1557 1550 1543 1543 1529 1523 1509
    1509 1503 1496 1489 1483 1483 1483 1489 1496 1496 1503 1509 1516
    1529 1529 1536 1536 1543 1543 1688 1671 1647 1639 1639 1632 1616
    1609 1609 1601 1601 1586 1579 1579 1572 1557 1550 1543 1543 1529
    1523 1516 1509 1503 1496 1489 1489 1489 1489 1489 1496 1496 1503
    1509 1516 1529 1529 1536 1536 1543 1543 1688 1671 1647 1639 1639
    1632 1616 1609 1609 1601 1601 1586 1586 1579 1579 1557 1550 1543
    1543 1536 1523 1516 1509 1503 1496 1496 1489 1489 1489 1489 1489
    1496 1503 1509 1516 1523 1529 1536 1536 1543 1543 1671 1671 1663
    1647 1639 1632 1624 1616 1609 1609 1601 1594 1586 1579 1579 1557
    1550 1543 1543 1536 1523 1516 1509 1503 1496 1496 1489 1489 1489
    1489 1489 1496 1503 1509 1516 1523 1529 1536 1536 1536 1536 1671
    1671 1663 1647 1639 1632 1624 1616 1609 1609 1601 1594 1579 1579
    1579 1557 1550 1543 1543 1536 1529 1516 1509 1503 1496 1496 1489
    1489 1489 1489 1496 1496 1503 1509 1516 1523 1529 1536 1536 1536
    1536 1671 1671 1663 1647 1639 1632 1632 1624 1609 1601 1601 1594
    1579 1579 1579 1557 1550 1543 1543 1536 1529 1516 1509 1503 1496
    1489 1489 1489 1489 1489 1496 1496 1509 1509 1516 1523 1529 1536
    1536 1536 1536 1671 1671 1663 1647 1639 1632 1624 1616 1609 1601
    1601 1586 1579 1579 1572 1557 1550 1543 1543 1536 1529 1516 1509
    1503 1496 1489 1489 1489 1489 1496 1496 1503 1509 1509 1516 1523
    1529 1536 1536 1536 1536 1680 1663 1663 1647 1639 1632 1624 1616
    1609 1601 1601 1586 1579 1579 1572 1557 1550 1550 1543 1543 1536
    1516 1516 1509 1496 1489 1489 1489 1489 1496 1496 1503 1509 1509
    1516 1523 1523 1536 1536 1536 1536 1680 1663 1663 1647 1639 1632
    1632 1624 1616 1609 1601 1594 1586 1579 1572 1557 1550 1550 1543
    1543 1536 1516 1509 1509 1503 1496 1489 1489 1489 1496 1496 1503
    1509 1516 1516 1523 1523 1536 1543 1543 1543 1680 1671 1663 1647
    1639 1632 1632 1624 1616 1609 1601 1594 1594 1579 1564 1557 1550
    1550 1543 1543 1536 1516 1509 1509 1503 1496 1489 1489 1489 1496
    1496 1503 1509 1516 1516 1523 1523 1536 1543 1543 1543 1671 1671
    1663 1647 1639 1639 1632 1624 1616 1609 1601 1601 1594 1579 1564
    1557 1550 1550 1543 1543 1536 1516 1516 1503 1496 1489 1489 1489
    1489 1496 1496 1503 1509 1516 1516 1523 1523 1536 1536 1543 1543
    1671 1671 1663 1647 1639 1639 1632 1624 1616 1609 1601 1601 1586
    1579 1564 1564 1550 1550 1543 1543 1536 1516 1516 1503 1496 1489
    1489 1489 1489 1496 1496 1503 1509 1516 1516 1523 1529 1536 1536
    1536 1536 1680 1671 1663 1647 1639 1639 1632 1616 1609 1601 1601
    1601 1586 1579 1564 1564 1550 1550 1543 1543 1536 1523 1516 1503
    1496 1489 1489 1489 1489 1496 1496 1503 1509 1516 1516 1529 1536
    1536 1536 1536 1536 1671 1671 1663 1647 1639 1632 1624 1616 1609
    1601 1601 1601 1586 1579 1572 1564 1550 1550 1543 1543 1536 1523
    1516 1509 1496 1489 1489 1489 1489 1496 1496 1503 1516 1516 1523
    1529 1536 1536 1536 1536 1536 1671 1671 1663 1647 1639 1632 1624
    1616 1609 1609 1601 1601 1586 1579 1572 1564 1557 1550 1550 1543
    1536 1523 1516 1509 1503 1489 1489 1489 1496 1496 1503 1503 1516
    1516 1523 1529 1536 1536 1536 1536 1536 1671 1671 1663 1647 1639
    1632 1632 1616 1616 1609 1601 1601 1586 1579 1572 1564 1557 1557
    1550 1543 1536 1523 1516 1509 1503 1489 1489 1496 1496 1496 1503
    1503 1516 1516 1529 1536 1536 1536 1543 1543 1543 1671 1671 1663
    1647 1639 1639 1632 1616 1609 1609 1601 1594 1594 1586 1579 1572
    1557 1557 1550 1543 1536 1523 1516 1509 1503 1489 1489 1489 1496
    1496 1503 1503 1516 1523 1529 1536 1536 1536 1543 1543 1543 1671
    1671 1663 1647 1639 1639 1632 1624 1609 1601 1601 1594 1594 1586
    1579 1564 1557 1550 1550 1543 1536 1523 1516 1509 1503 1489 1489
    1489 1489 1496 1496 1503 1516 1523 1529 1536 1536 1536 1543 1543
    1543 1680 1671 1671 1647 1639 1639 1632 1624 1609 1601 1601 1594
    1586 1586 1572 1564 1550 1550 1543 1543 1536 1523 1516 1509 1503
    1489 1489 1489 1489 1496 1496 1509 1516 1523 1529 1536 1536 1536
    1543 1543 1543 1680 1680 1671 1647 1639 1639 1632 1624 1609 1601
    1601 1594 1586 1586 1572 1557 1550 1550 1543 1543 1536 1523 1516
    1509 1503 1489 1489 1489 1496 1496 1496 1509 1516 1523 1529 1536
    1536 1543 1543 1550 1550 1680 1680 1671 1663 1647 1639 1632 1632
    1616 1609 1601 1601 1594 1586 1572 1557 1550 1550 1543 1543 1536
    1523 1516 1509 1503 1489 1489 1489 1496 1496 1503 1509 1516 1523
    1529 1536 1536 1543 1543 1550 1550 1680 1671 1671 1655 1639 1639
