<?xml version="1.0"?>
<opencv_storage>
<Depth10225 type_id="opencv-matrix">
  <rows>43</rows>
  <cols>66</cols>
  <dt>w</dt>
  <data>
    3948 3948 3948 3948 3948 3948 3948 3948 3948 3948 3948 3948 3948
    3948 3948 3948 3948 3948 3948 0 0 0 0 1647 1647 1647 1647 1655 1655
    1655 1655 1655 1655 1655 1655 1655 1655 1655 1655 1655 1655 1655
    1655 1655 1655 1655 1655 1655 1655 1655 1663 1663 1663 1663 1663
    1663 1663 1663 1663 1663 0 0 0 0 0 0 3948 3948 3948 3948 3994 3994
    3994 3948 3948 3948 3948 3948 3948 3948 3948 3948 3948 3948 3948
    3948 0 0 1647 1647 1647 1647 1655 1655 1655 1655 1655 1655 1655 1655
    1655 1655 1655 1655 1655 1655 1655 1663 1663 1655 1655 1655 1655
    1655 1655 1663 1663 1663 1663 1663 1663 1663 1663 1663 1663 1655
    1655 0 0 0 0 0 3948 3948 3948 3994 3994 3994 3994 3948 3948 3948
    3948 3948 3948 1647 1647 1647 1647 1647 1647 1647 1647 1647 1647
    1647 1647 1647 1655 1655 1655 1655 1655 1655 1655 1655 1663 1663
    1663 1655 1655 1655 1655 1663 1663 1663 1655 1655 1663 1663 1663
    1663 1671 1671 1671 1663 1663 1663 1663 1663 1663 1609 1609 0 0 0 0
    0 3994 3994 3994 3948 3948 3994 3994 3948 3948 3948 1647 1647 1647
    1647 1647 1647 1647 1647 1647 1647 1647 1647 1647 1647 1647 1647
    1655 1655 1655 1655 1655 1655 1655 1655 1663 1663 1663 1663 1663
    1663 1663 1663 1663 1663 1663 1663 1663 1663 1663 1671 1671 1671
    1671 1663 1663 1663 1663 1663 1663 1609 1609 0 0 0 0 0 3994 3994
    3994 3948 3948 3948 3994 3994 1647 1647 1647 1647 1647 1647 1647
    1647 1647 1647 1647 1647 1647 1647 1647 1647 1647 1647 1655 1655
    1655 1655 1655 1655 1655 1655 1663 1663 1663 1663 1663 1663 1663
    1663 1663 1663 1663 1663 1663 1671 1671 1671 1671 1671 1671 1671
    1671 1671 1671 1663 1663 1663 1663 0 0 0 0 0 3994 3994 3948 3903
    3903 3948 3948 1647 1647 1647 1647 1647 1647 1647 1647 1647 1647
    1647 1647 1655 1655 1655 1647 1647 1647 1647 1655 1655 1655 1663
    1663 1663 1655 1655 1663 1663 1663 1663 1663 1663 1663 1663 1663
    1663 1663 1663 1671 1671 1680 1680 1680 1671 1671 1671 1671 1671
    1671 1671 1663 1663 1663 0 0 0 0 0 3994 3948 3948 3903 3903 3903
    1647 1647 1647 1647 1647 1647 1647 1647 1647 1647 1647 1647 1647
    1655 1655 1655 1655 1655 1655 1655 1655 1655 1655 1663 1663 1663
    1663 1663 1663 1663 1663 1663 1663 1663 1663 1663 1663 1663 1663
    1663 1671 1671 1680 1680 1680 1671 1671 1671 1680 1680 1680 1680
    1671 1671 1696 1722 1739 1739 0 0 3994 3948 3948 3948 3948 1647 1647
    1647 1647 1647 1647 1647 1647 1655 1647 1647 1647 1655 1655 1655
    1655 1655 1655 1655 1655 1655 1655 1663 1663 1663 1663 1663 1663
    1663 1663 1671 1671 1671 1663 1663 1663 1663 1671 1663 1663 1671
    1671 1680 1680 1680 1680 1680 1680 1680 1680 1680 1680 1680 1680
    1680 1696 1713 1739 1722 1722 0 3994 3948 3948 3948 1647 1647 1647
    1647 1647 1647 1647 1655 1655 1655 1655 1647 1647 1655 1655 1655
    1655 1655 1655 1655 1655 1655 1655 1663 1663 1671 1671 1671 1671
    1671 1671 1671 1671 1671 1671 1671 1663 1663 1671 1663 1663 1671
    1671 1680 1680 1680 1680 1680 1680 1680 1688 1688 1688 1688 1688
    1688 1696 1713 1731 1722 1722 0 1655 1655 1655 1647 1647 1647 1647
    1655 1655 1655 1655 1655 1655 1655 1655 1655 1655 1655 1655 1655
    1655 1655 1655 1663 1663 1663 1663 1663 1663 1671 1671 1671 1671
    1671 1671 1671 1671 1671 1671 1671 1680 1680 1680 1671 1671 1680
    1680 1680 1680 1680 1680 1688 1688 1688 1688 1688 1688 1688 1688
    1688 1688 1705 1731 1739 1739 4041 1655 1647 1647 1647 1647 1647
    1647 1655 1655 1655 1655 1655 1655 1655 1655 1655 1655 1655 1655
    1655 1663 1663 1663 1663 1663 1663 1663 1671 1671 1671 1671 1671
    1671 1671 1680 1680 1680 1680 1680 1680 1680 1680 1680 1680 1680
    1688 1688 1680 1680 1688 1688 1688 1688 1688 1688 1688 1688 1688
    1688 1688 1688 1705 1731 1739 1739 4041 1655 1647 1647 1647 1647
    1647 1647 1655 1655 1655 1655 1655 1655 1655 1655 1655 1655 1655
    1655 1655 1663 1663 1671 1671 1671 1671 1671 1671 1671 1671 1671
    1671 1671 1680 1680 1680 1680 1680 1680 1680 1680 1680 1680 1680
    1688 1688 1688 1688 1688 1688 1688 1688 1688 1688 1688 1688 1688
    1688 1688 1688 1688 1705 1739 1739 4041 4041 1663 1655 1655 1647
    1647 1655 1655 1655 1655 1655 1655 1655 1655 1655 1655 1655 1655
    1663 1663 1663 1663 1671 1671 1671 1671 1671 1671 1671 1671 1671
    1680 1680 1680 1680 1680 1680 1680 1680 1680 1688 1688 1688 1680
    1680 1688 1688 1688 1688 1688 1688 1688 1688 1688 1688 1696 1696
    1696 1696 1696 1696 1696 1705 1705 4041 4041 4041 1655 1655 1655
    1655 1655 1655 1655 1655 1655 1655 1655 1655 1655 1655 1663 1663
    1663 1663 1663 1671 1671 1671 1671 1671 1671 1671 1671 1671 1671
    1671 1680 1680 1680 1680 1688 1688 1688 1688 1688 1688 1688 1688
    1688 1688 1688 1688 1688 1688 1688 1688 1688 1688 1688 1688 1696
    1696 1696 1696 1696 1696 1696 1705 1705 1705 4139 4041 4089 1655
    1655 1655 1655 1655 1663 1663 1663 1663 1663 1663 1663 1663 1663
    1663 1663 1663 1663 1671 1671 1671 1680 1671 1671 1671 1671 1680
    1680 1680 1688 1688 1688 1688 1688 1688 1688 1688 1688 1688 1688
    1696 1688 1688 1688 1688 1696 1696 1696 1696 1696 1696 1696 1696
    1696 1696 1696 1688 1688 1696 1696 1705 1705 1705 1705 4089 4089
    1663 1663 1663 1663 1663 1663 1663 1663 1663 1663 1663 1663 1663
    1663 1663 1671 1671 1671 1671 1671 1671 1680 1680 1680 1671 1671
    1680 1680 1680 1688 1688 1688 1688 1688 1688 1688 1688 1688 1688
    1688 1696 1696 1688 1688 1696 1696 1696 1696 1696 1696 1696 1696
    1705 1696 1696 1696 1688 1688 1696 1696 1705 1705 1705 1705 1705
    4089 1663 1663 1663 1663 1663 1663 1663 1663 1663 1663 1663 1671
    1671 1663 1663 1671 1671 1671 1671 1671 1680 1680 1680 1680 1680
    1680 1680 1680 1688 1688 1688 1688 1688 1688 1688 1688 1688 1688
    1688 1688 1688 1696 1696 1696 1696 1696 1696 1696 1696 1696 1696
    1705 1705 1705 1696 1696 1696 1696 1696 1705 1713 1713 1705 1705
    1705 4089 4089 1663 1663 1663 1663 1663 1663 1663 1663 1663 1663
    1671 1671 1671 1671 1671 1671 1680 1680 1680 1680 1680 1680 1680
    1680 1688 1688 1688 1688 1688 1688 1688 1688 1688 1688 1688 1688
    1688 1688 1688 1688 1696 1696 1696 1696 1696 1696 1696 1696 1696
    1696 1705 1705 1713 1705 1705 1696 1696 1696 1705 1722 1713 1713
    1713 1713 3948 3948 1671 1655 1655 1663 1663 1671 1671 1671 1671
    1671 1671 1671 1671 1671 1680 1680 1680 1680 1680 1680 1680 1680
    1680 1680 1688 1688 1688 1688 1688 1688 1688 1696 1696 1696 1696
    1696 1696 1688 1688 1696 1696 1696 1705 1696 1696 1696 1696 1696
    1696 1696 1705 1705 1713 1705 1705 1705 1705 1705 1722 1722 1722
    1722 1722 1722 3948 3948 3948 1655 1655 1663 1663 1671 1671 1671
    1671 1671 1671 1671 1671 1671 1680 1680 1680 1680 1680 1680 1680
    1680 1680 1680 1688 1688 1688 1688 1688 1696 1696 1696 1696 1696
    1696 1696 1696 1696 1696 1696 1696 1705 1705 1705 1696 1696 1696
    1696 1696 1705 1705 1705 1713 1713 1713 1713 1713 1713 1722 1722
    1722 1731 1731 1731 3948 3948 3948 1663 1663 1663 1663 1671 1671
    1680 1671 1671 1671 1671 1680 1680 1680 1680 1680 1680 1680 1680
    1680 1680 1680 1680 1688 1688 1688 1688 1688 1696 1696 1696 1696
    1696 1696 1696 1696 1696 1696 1696 1696 1705 1705 1705 1705 1696
    1696 1696 1696 1705 1705 1705 1713 1713 1713 1713 1713 1713 1722
    1722 1731 1731 1731 1731 3948 3903 3903 3903 3903 1680 1680 1671
    1671 1680 1680 1680 1680 1680 1680 1680 1680 1680 1680 1680 1680
    1680 1680 1680 1688 1688 1696 1696 1688 1688 1688 1696 1696 1696
    1696 1696 1696 1696 1696 1696 1696 1696 1705 1713 1713 1705 1705
    1705 1705 1705 1705 1705 1705 1713 1713 1713 1722 1722 1713 1713
    1722 1722 1731 1731 1731 1731 3948 3903 3903 3903 0 1680 1680 1671
    1671 1680 1680 1680 1680 1688 1688 1680 1680 1680 1680 1680 1680
    1680 1688 1688 1688 1688 1696 1696 1696 1696 1696 1696 1696 1696
    1696 1696 1696 1696 1696 1705 1705 1705 1705 1713 1713 1713 1713
