<?xml version="1.0"?>
<opencv_storage>
<Depth13226 type_id="opencv-matrix">
  <rows>6</rows>
  <cols>20</cols>
  <dt>w</dt>
  <data>
    5734 5734 5734 5734 5734 5734 5734 5640 5640 5640 5548 5548 5548
    5548 5548 5548 5548 5548 5548 4295 5933 5832 5832 5734 5734 5734
    5640 5640 5640 5548 5548 5548 5548 5548 5548 5548 5548 5548 5548
    5640 5933 5734 5734 5734 5734 5640 5640 5548 5548 5548 5548 5548
    5548 5548 5548 5548 5548 5548 5548 5548 5548 5548 5548 5640 5640
    5640 5640 5548 5548 5548 5548 5640 5640 5548 5548 5548 5548 5548
    5548 5548 0 5548 5548 5640 5640 5640 5640 5548 5548 5548 5640 5548
    5548 5548 5460 5460 5460 5548 5548 5548 5291 5291 5640 5640 5640
    5640 5548 5374 5374 5640 5640 5548 5291 5291 5291 5460 5460 5460
    5460 5640</data></Depth13226>
</opencv_storage>
