<?xml version="1.0"?>
<opencv_storage>
<Depth13328 type_id="opencv-matrix">
  <rows>9</rows>
  <cols>26</cols>
  <dt>w</dt>
  <data>
    5056 5132 5210 5291 5210 5210 5291 5460 5460 5460 5374 5374 5460
    5460 5460 5460 5460 5460 6497 6622 6622 6497 6259 6259 6622 6622
    5056 5210 5210 5291 5210 5210 5291 5374 5374 5460 5374 5374 5374
    5374 5374 5374 5374 5374 5374 5374 5374 5374 5460 5460 5460 6622
    5056 5210 5291 5291 5291 5291 5374 5374 5374 5374 5374 5374 5374
    5374 5374 5374 5374 5374 5374 5374 5374 5374 5374 5374 5374 5374
    5132 5291 5291 5291 5291 5291 5291 5291 5291 5374 5291 5291 5374
    5374 5374 5374 5374 5374 5374 5374 5374 5374 5374 5374 5374 5374
    5210 5291 5210 5210 5291 5210 5210 5291 5291 5374 5291 5291 5374
    5374 5374 5374 5374 5374 5460 5374 5374 5374 5460 5460 5460 5548
    5291 5132 5132 5132 5210 5210 5210 5291 5291 5291 5374 5374 5374
    5374 5291 5291 5291 5374 5460 5374 5374 5374 5374 5460 5548 0 5132
    5132 5132 5132 5132 5210 5210 5291 5291 5291 5291 5291 5291 5291
    5291 5291 5291 5374 5374 5291 5291 5291 5374 0 0 0 6259 6259 5132
    5132 5132 5374 5374 5374 5056 5056 5291 5291 5210 5210 5210 5374
    5374 5291 5291 5291 5291 5291 0 0 0 0 6259 6259 6259 6259 6259 6375
    6375 5056 5056 5056 5056 5291 5210 5210 5210 5374 5374 5291 5291
    5291 5291 0 0 0 0 0</data></Depth13328>
</opencv_storage>
