<?xml version="1.0"?>
<opencv_storage>
<Depth6995 type_id="opencv-matrix">
  <rows>46</rows>
  <cols>16</cols>
  <dt>w</dt>
  <data>
    4349 4405 4405 4405 3010 3010 3037 3064 3037 3037 3037 3037 3037
    3037 3037 3037 4349 4405 4405 4405 3010 3010 3010 3037 3010 3010
    3010 3010 3037 3037 3037 3037 4349 4405 4405 4405 2984 2984 2984
    2984 2984 2984 2984 3010 3037 3010 2984 2984 4405 4405 3037 3010
    2984 2984 2984 2984 2984 2984 2984 3010 3037 3010 2984 2984 4405
    4405 3037 3010 2984 2984 2984 2984 2984 2984 2984 3010 3010 2984
    2958 2958 4349 4405 3037 3010 2958 2958 2958 2958 2958 2958 2958
    2984 2984 2958 2958 2958 4349 4349 3037 3010 2958 2958 2958 2958
    2958 2958 2958 2958 2984 2958 2933 2933 4295 4349 3010 2984 2958
    2958 2933 2933 2933 2933 2933 2958 2958 2933 2933 2933 4295 4349
    3010 2958 2958 2933 2933 2933 2933 2933 2933 2933 2908 2908 2933 0
    4241 4241 3037 2958 2958 2933 2933 2933 2933 2933 2933 2908 2883
    2883 2883 0 4190 4190 3037 2958 2958 2933 2933 2933 2933 2933 2933
    2908 2883 2883 2883 0 4190 4190 4190 2933 2933 2933 2933 2933 2933
    2908 2908 2908 2883 2883 2883 0 4190 4190 4190 2933 2933 2908 2908
    2908 2908 2908 2908 2908 2883 2883 0 0 4190 4190 2933 2908 2908 2908
    2883 2883 2883 2908 2908 2908 2883 2883 0 0 4241 4241 2908 2908 2908
    2908 2883 2883 2883 2883 2883 2883 2908 2812 2812 0 4190 2859 2859
    2883 2883 2859 2859 2859 2859 2859 2859 2859 2859 2789 2789 0 4190
    2859 2859 2859 2859 2859 2859 2859 2859 2859 2859 2859 2835 2789
    2789 0 4139 2835 2835 2835 2859 2835 2835 2859 2859 2859 2859 2859
    2835 2835 0 0 4139 2835 2835 2835 2835 2812 2812 2859 2859 2859 2835
    2835 2812 2812 2812 0 4139 2859 2835 2835 2835 2812 2812 2835 2835
    2835 2835 2835 2812 2812 2812 0 2883 2883 2835 2835 2835 2835 2812
    2812 2812 2789 2789 2835 2835 2835 2835 0 2883 2883 2859 2835 2835
    2835 2812 2812 2789 2789 2789 2812 2812 2812 2859 0 2933 2883 2835
    2812 2789 2789 2767 2767 2789 2789 2789 2789 2812 2812 2859 0 4041
    2767 2767 2767 2767 2789 2767 2767 2767 2767 2767 2767 2812 2812
    2835 0 4041 2789 2767 2767 2767 2767 2767 2767 2767 2767 2744 2744
    2767 2767 2835 0 3994 2789 2789 2767 2767 2767 2767 2767 2744 2744
    2744 2744 2744 2744 0 0 3994 2789 2789 2767 2767 2767 2767 2744 2744
    2744 2723 2723 2723 2744 2767 0 2812 2812 2789 2767 2767 2767 2767
    2744 2744 2744 2723 2723 2723 2767 2767 0 3903 2767 2767 2744 2744
    2744 2744 2744 2744 2723 2723 2723 2744 0 0 0 2680 2744 2744 2744
    2744 2744 2744 2744 2723 2701 2701 2723 0 0 0 0 2680 2680 2680 2723
    2723 2723 2723 2723 2701 2701 2701 2723 0 0 0 0 2680 2680 2680 2680
    2701 2701 2701 2701 2701 2701 2701 2723 0 0 0 0 2680 2680 2680 2680
    2680 2680 2680 2680 2680 2701 2701 2723 0 0 0 0 2680 2680 2680 2680
    2680 2680 2680 2680 2680 2680 2701 2723 0 0 0 0 2723 2723 2701 2701
    2680 2680 2680 2680 2680 2680 2701 2701 0 0 0 0 2680 2680 2680 2680
    2680 2680 2659 2659 2659 2659 2659 2701 0 0 0 0 2680 2680 2680 2680
    2680 2659 2659 2659 2639 2639 2639 0 0 0 0 0 2639 2639 2659 2659
    2659 2659 2659 2639 2639 2639 2639 0 0 0 0 0 2598 2598 2639 2659
    2659 2659 2639 2639 2639 2639 2639 2659 2639 2639 0 0 2598 2598 2598
    2618 2618 2639 2639 2618 2618 2639 2639 2659 2639 2639 0 0 2598 2598
    2598 2618 2618 2618 2618 2598 2598 2598 2659 2659 2639 2639 0 0 2618
    2618 2618 2618 2618 2598 2598 2598 2598 2598 2639 2639 2618 2618 0 0
    2598 2598 2598 2598 2598 2598 2598 2598 2579 2579 2579 2639 2618
    2618 0 0 2598 2598 2598 2598 2598 2598 2598 2579 2579 2579 0 0 2639
    2639 0 0 2579 2579 2579 2579 2579 2579 2579 2579 2579 2579 0 0 0 0 0
    0 2579 2579 2579 2579 2579 2579 2579 2541 2541 2598 0 0 0 0 0 0</data></Depth6995>
</opencv_storage>
