<?xml version="1.0"?>
<opencv_storage>
<Depth2724 type_id="opencv-matrix">
  <rows>42</rows>
  <cols>54</cols>
  <dt>w</dt>
  <data>
    4645 4645 4645 4645 4645 4645 4645 4582 2116 2103 2103 2103 2090
    2090 2090 2090 2090 2090 2090 2103 4645 4582 4522 4463 4463 4463
    4463 4463 4463 4463 4463 4463 4463 4463 4463 4463 4463 4405 4405
    4405 4405 4405 4405 4405 4405 4349 4349 4349 4349 4349 4349 4349
    4295 4295 4645 4645 4645 4645 4645 4645 4645 4582 2116 2103 2103
    2103 2103 2103 2090 2090 2090 2090 2090 2103 2103 4582 4463 4463
    4463 4463 4463 4463 4463 4463 4463 4522 4463 4463 4463 4463 4463
    4405 4405 4405 4405 4405 4405 4405 4405 4405 4349 4349 4349 4349
    4349 4349 4295 4295 2090 4645 4645 4645 4645 4645 4645 4645 2116
    2103 2103 2103 2103 2103 2103 2103 2103 2090 2090 2103 2090 2090
    2090 4463 4522 4463 4463 4463 4463 4463 4522 4582 4522 4463 4463
    4463 4463 4463 4463 4463 4405 4405 4405 4405 4405 4405 4405 4405
    4349 4349 4349 4349 4349 4295 2090 4645 4645 4645 4645 4645 4645
    4645 2116 2103 2103 2103 2103 2103 2103 2103 2103 2103 2103 2103
    2090 2090 2090 2078 2078 2053 2053 2078 4463 4522 4522 4522 4522
    4522 4522 4463 4463 4463 4463 4463 4463 4463 4463 4405 4405 4405
    4405 4405 4349 4349 4405 4349 4349 4349 2065 2065 4708 4645 4645
    4774 4774 2116 2116 2103 2103 2103 2103 2103 2103 2103 2103 2103
    2103 2090 2090 2090 2090 2078 2078 2053 2053 2065 2065 2065 4522
    4522 4522 4522 4522 4522 4463 4463 4463 4463 4463 4463 4463 4463
    4463 4463 4405 4405 4405 4405 4405 4405 4405 4405 2065 2065 4708
    4645 4645 4911 4911 2103 2103 2103 2103 2103 2103 2103 2103 2103
    2103 2103 2103 2090 2090 2090 2090 2090 2090 2090 2078 2065 2065
    2078 2078 4645 4522 4522 4522 4522 4522 4463 4463 4463 4463 4463
    4463 4463 4463 4463 4463 4405 4405 4405 4405 4405 4405 4405 2090
    4774 4774 4774 4774 2116 2116 2103 2103 2103 2103 2103 2103 2103
    2103 2103 2103 2116 2103 2103 2103 2103 2103 2090 2090 2078 2078
    2078 2078 2078 2078 2090 2090 2090 2078 2078 2078 4463 4405 4405
    4405 4463 4463 4463 4463 4463 4463 4405 4405 4405 4405 4405 4405
    4405 2103 2116 2116 2116 2129 2129 2116 2103 2103 2116 2116 2103
    2103 2103 2103 2103 2103 2116 2116 2103 2103 2103 2103 2090 2090
    2078 2078 2078 2090 2090 2090 2090 2090 2103 2078 2078 2078 2078
    4405 4405 4405 4463 4463 4463 4463 4463 4463 4405 4405 4405 4405
    4405 4405 4405 0 0 2116 2116 2129 2129 2116 2116 2116 2116 2116 2116
    2116 2103 2103 2103 2116 2116 2116 2116 2116 2103 2103 2090 2090
    2090 2090 2090 2090 2090 2090 2103 2103 2103 2090 2090 2090 2078
    2078 4405 4405 4463 4463 4463 4463 4463 4463 4405 4405 4405 4405
    4405 4405 4405 0 2103 2129 0 2129 2129 2129 2116 2116 2116 2116 2116
    2116 2103 2103 2116 2116 2116 2116 2116 2116 2103 2090 2090 2090
    2090 2090 2103 2103 2103 2103 2103 2090 2090 2090 2090 2090 2078
    2078 2065 2065 2078 2078 4463 4463 4463 4463 4405 4405 4405 4405
    4405 4405 4405 0 0 0 0 0 2143 2129 2129 2116 2116 2116 2116 2116
    2103 2103 2116 2116 2116 2116 2116 2116 2103 2090 2090 2090 2090
    2090 2103 2103 2103 2103 2103 2090 2090 2090 2090 2090 2078 2078
    2065 2065 2078 2078 2078 2078 4463 4405 4405 4405 4405 4405 4405
    4405 4405 0 0 0 0 0 2143 2129 2129 2116 2116 2116 2116 2116 2103
    2103 2116 2116 2116 2116 2116 2116 2103 2090 2090 2090 2090 2103
    2103 2103 2103 2103 2103 2090 2090 2090 2090 2078 2078 2078 2078
    2078 2078 2078 2078 2078 2078 2078 2090 4405 4463 4463 4405 4405
    4405 2143 2143 0 0 2116 2116 2129 2116 2116 2129 2129 2116 2116 2116
    2116 2116 2116 2116 2116 2116 2116 2103 2103 2103 2103 2103 2103
    2103 2116 2103 2103 2103 2090 2090 2090 2078 2078 2078 2078 2078
    2078 2090 2078 2078 2078 2078 2078 2090 2116 2103 2103 4463 4405
    4405 2143 0 0 0 2116 2116 2129 2116 2116 2129 2116 2116 2116 2116
    2116 2116 2116 2116 2116 2116 2116 2116 2103 2103 2103 2103 2103
    2103 2116 2103 2103 2103 2090 2090 2090 2078 2078 2078 2078 2090
    2090 2090 2090 2090 2078 2078 2090 2090 2090 2078 2078 2078 2078
    2078 2143 0 0 2129 2129 2129 2129 2129 2129 2116 2116 2116 2116 2116
    2116 2116 2116 2116 2116 2116 2116 2116 2116 2116 2116 2103 2103
    2103 2116 2116 2103 2103 2103 2090 2090 2090 2090 2090 2090 2103
    2103 2090 2090 2090 2090 2078 2078 2078 2078 2078 2078 2078 2078
    2090 2156 2156 2143 2129 2129 2129 2129 2129 2129 2116 2116 2116
    2116 2116 2116 2116 2116 2116 2116 2116 2116 2116 2116 2116 2116
    2116 2116 2116 2116 2116 2103 2103 2103 2103 2103 2103 2103 2103
    2103 2103 2103 2090 2090 2103 2090 2078 2078 2078 2078 2078 2078
    2078 2078 2078 2156 2129 2143 2143 2129 2129 2129 2129 2129 2129
    2129 2116 2116 2116 2116 2116 2116 2116 2116 2116 2116 2116 2116
    2116 2116 2116 2116 2116 2116 2116 2116 2116 2116 2116 2116 2116
    2103 2103 2103 2090 2090 2090 2090 2090 2078 2078 2078 2078 2078
    2078 2078 2078 2078 2078 4842 2129 2129 2129 2129 2129 2129 2129
    2129 2129 2129 2129 2129 2129 2129 2116 2116 2116 2116 2116 2116
    2116 2116 2116 2116 2116 2116 2116 2116 2116 2103 2103 2116 2116
    2116 2116 2116 2116 2103 2090 2090 2090 2090 2090 2078 2078 2078
    2078 2078 2078 2078 2078 2078 2078 4842 4842 2129 2129 2143 2143
    2143 2129 2129 2129 2129 2129 2129 2129 2129 2129 2129 2116 2116
    2116 2116 2116 2116 2116 2116 2116 2116 2116 2116 2116 2103 2103
    2116 2116 2116 2116 2116 2116 2103 2090 2090 2090 2090 2090 2090
    2090 2078 2078 2078 2078 2078 2065 2065 2065 4842 2116 2116 2143
    2143 2143 2143 2129 2129 2129 2129 2129 2129 2129 2129 2129 2129
    2129 2129 2116 2116 2116 2116 2116 2116 2116 2116 2116 2116 2116
    2116 2116 2116 2116 2103 2103 2103 2116 2116 2090 2090 2090 2090
    2090 2090 2090 2090 2078 2078 2078 2078 2065 2065 4582 4911 2116
    2116 2143 2143 2156 2143 2143 2129 2129 2129 2129 2129 2129 2129
    2129 2129 2129 2129 2129 2116 2116 2116 2116 2116 2116 2116 2116
    2116 2116 2116 2116 2116 2116 2103 2103 2103 2103 2103 2103 2090
    2090 2090 2090 2103 2103 2103 2090 2090 2090 2078 2078 2078 4582
    4911 2116 2116 2143 2143 2143 2143 2143 2143 2129 2129 2129 2129
    2129 2129 2129 2129 2116 2116 2116 2116 2116 2129 2129 2116 2116
    2116 2116 2116 2129 2116 2116 2116 2116 2103 2103 2103 2103 2103
    2103 2103 2103 2103 2103 2103 2103 2103 2090 2090 2090 2078 2078
    4645 4582 2143 2116 2116 2143 2143 2143 2156 2143 2143 2143 2129
    2129 2129 2129 2129 2129 2129 2116 2116 2116 2116 2129 2129 2129
    2116 2116 2116 2116 2129 2116 2116 2116 2116 2116 2103 2103 2103
    2103 2103 2103 2103 2103 2103 2103 2103 2103 2103 2090 2090 2090
    2103 4708 4645 4582 2143 2129 2129 2156 2156 2156 2156 2143 2143
    2143 2129 2129 2129 2129 2129 2129 2129 2129 2129 2129 2129 2129
    2129 2129 2116 2116 2116 2116 2116 2116 2116 2116 2116 2116 2116
    2103 2103 2103 2103 2103 2103 2103 2103 2103 2103 2103 2103 2090
    2090 2090 2090 4645 4645 4582 2143 2129 2129 2156 2156 2156 2156
    2143 2143 2143 2129 2129 2129 2129 2129 2129 2129 2129 2129 2129
    2129 2129 2129 2129 2116 2116 2116 2116 2116 2116 2116 2116 2116
    2116 2116 2116 2116 2103 2103 2103 2103 2103 2103 2103 2116 2103
    2103 2103 2103 2103 4582 4582 4645 4582 2156 2143 2143 2156 2156
    2156 2143 2143 2143 2143 2129 2129 2129 2129 2129 2129 2129 2129
    2129 2129 2129 2129 2129 2129 2129 2116 2116 2116 2116 2116 2129
    2129 2116 2116 2116 2116 2116 2116 2103 2103 2103 2116 2116 2116
    2116 2103 2103 2103 2103 2103 4582 4582 4645 4645 2156 2156 2156
    2156 2156 2156 2143 2143 2143 2143 2143 2143 2143 2143 2129 2129
    2129 2129 2129 2129 2129 2129 2129 2129 2129 2116 2116 2116 2116
    2116 2129 2129 2129 2129 2129 2116 2116 2116 2116 2116 2116 2116
    2103 2103 2103 2103 2103 2103 2103 2103 4582 4582 4645 4645 4983
    4842 2170 2156 2156 2170 2170 2156 2156 2143 2143 2143 2143 2143
    2129 2129 2129 2129 2129 2129 2129 2129 2129 2129 2129 2129 2129
