<?xml version="1.0"?>
<opencv_storage>
<Depth7327 type_id="opencv-matrix">
  <rows>70</rows>
  <cols>42</cols>
  <dt>w</dt>
  <data>
    3037 3037 3010 3010 1748 1739 1731 1731 1722 1722 1731 3365 3365
    3333 3333 3333 3333 3333 3300 3269 3269 3269 3300 3333 3300 1785
    1785 1804 1785 1785 1813 1833 1833 1813 1804 1785 1785 3433 3399
    3399 3399 3399 3037 3037 3010 3010 1748 1739 1731 1731 1722 1722
    1731 1748 1757 1766 1766 1776 1766 1748 1748 1739 1739 1757 1757
    1766 1766 1776 1776 1785 1785 1785 1794 1833 1833 1813 1794 1785
    1785 1776 1776 1776 3399 3399 3037 3010 3010 1766 1748 1739 1739
    1731 1731 1731 1739 1748 1748 1757 1757 1757 1748 1748 1739 1739
    1739 1757 1757 1757 1766 1766 1757 1757 1757 1757 1776 1823 1833
    1813 1794 1776 1776 1776 1776 1776 1776 3399 3037 3010 1804 1748
    1739 1739 1731 1731 1731 1731 1731 1739 1739 1748 1748 1748 1739
    1739 1739 1739 1739 1748 1748 1748 1757 1757 1757 1748 1748 1757
    1776 1794 1823 1794 1785 1776 1776 1776 1776 1766 1766 1766 3037
    3010 1785 1748 1739 1739 1731 1731 1731 1731 1731 1731 1739 1739
    1739 1739 1739 1739 1739 1739 1739 1748 1748 1748 1748 1748 1748
    1748 1748 1757 1766 1785 1794 1785 1776 1776 1776 1766 1766 1766
    1766 1766 3037 3010 1785 1748 1748 1739 1731 1731 1722 1722 1722
    1731 1731 1739 1739 1739 1739 1731 1731 1739 1739 1739 1739 1739
    1739 1739 1739 1748 1748 1757 1757 1776 1785 1785 1776 1776 1766
    1766 1766 1766 1766 1766 3037 1794 1776 1766 1739 1731 1722 1722
    1722 1722 1722 1722 1731 1731 1731 1731 1731 1731 1731 1731 1739
    1739 1739 1739 1739 1739 1739 1748 1748 1757 1757 1766 1766 1766
    1766 1766 1766 1766 1766 1757 1757 1757 1813 1794 1776 1748 1739
    1722 1713 1713 1713 1713 1713 1722 1722 1731 1731 1731 1731 1731
    1731 1731 1731 1731 1739 1739 1739 1739 1739 1739 1748 1757 1757
    1757 1757 1757 1766 1766 1757 1757 1766 1757 1757 3433 1813 1794
    1776 1748 1731 1722 1713 1713 1713 1713 1713 1722 1722 1731 1731
    1731 1731 1731 1731 1731 1731 1731 1731 1731 1739 1739 1739 1739
    1748 1748 1757 1757 1757 1757 1766 1766 1757 1757 1766 1766 1766
    3433 1813 1794 1776 1748 1731 1722 1713 1713 1713 1713 1722 1722
    1722 1722 1731 1731 1731 1731 1731 1731 1731 1731 1731 1731 1739
    1739 1739 1748 1748 1748 1757 1757 1757 1757 1766 1766 1757 1757
    1766 1766 1766 1766 1785 1785 1776 1748 1731 1722 1713 1713 1713
    1713 1722 1722 1722 1722 1722 1731 1731 1731 1731 1739 1731 1731
    1731 1731 1739 1739 1739 1739 1739 1739 1748 1757 1757 1757 1766
    1766 1757 1757 1766 1766 1766 1766 1785 1785 1776 1748 1731 1722
    1713 1713 1713 1713 1722 1722 1722 1722 1722 1731 1731 1731 1731
    1731 1731 1731 1731 1731 1739 1739 1739 1739 1739 1739 1748 1757
    1757 1757 1757 1766 1766 1766 1766 1766 1766 1766 1785 1785 1776
    1748 1731 1722 1713 1713 1713 1722 1722 1722 1722 1722 1722 1731
    1731 1731 1731 1731 1731 1731 1731 1731 1731 1731 1739 1739 1739
    1739 1748 1757 1757 1757 1757 1757 1766 1766 1757 1757 1757 1757
    1785 1785 1776 1748 1731 1722 1713 1713 1713 1722 1722 1722 1722
    1722 1731 1731 1731 1731 1731 1731 1731 1731 1731 1731 1731 1731
    1739 1739 1739 1739 1748 1757 1757 1757 1757 1757 1757 1757 1757
    1757 1757 1757 1794 1794 1776 1739 1731 1713 1713 1713 1713 1713
    1722 1722 1722 1722 1722 1722 1722 1731 1731 1731 1731 1731 1731
    1731 1731 1731 1731 1739 1739 1739 1748 1757 1757 1757 1748 1748
    1748 1757 1757 1757 1757 1757 1794 1794 1785 1739 1731 1713 1713
    1713 1713 1713 1713 1722 1722 1722 1722 1722 1722 1722 1722 1731
    1731 1731 1731 1731 1731 1731 1731 1731 1739 1739 1748 1757 1757
    1757 1748 1748 1748 1757 1757 1757 1757 1757 1813 1794 1776 1739
    1731 1713 1713 1713 1705 1705 1713 1713 1713 1713 1713 1713 1722
    1722 1722 1722 1731 1731 1731 1731 1731 1731 1731 1731 1739 1739
    1748 1748 1748 1748 1748 1748 1748 1757 1757 1757 1757 1757 1804
    1785 1776 1739 1731 1713 1705 1705 1705 1705 1713 1713 1713 1713
    1713 1713 1722 1722 1722 1722 1731 1731 1731 1731 1731 1731 1731
    1731 1739 1739 1748 1748 1748 1748 1748 1748 1757 1757 1757 1757
    1766 1766 1794 1785 1766 1748 1722 1713 1705 1705 1705 1705 1713
    1713 1713 1713 1713 1713 1713 1713 1713 1722 1731 1731 1731 1731
    1731 1731 1731 1731 1731 1739 1748 1748 1748 1748 1748 1748 1748
    1748 1757 1748 1748 1748 1794 1776 1766 1748 1722 1713 1705 1705
    1705 1705 1713 1713 1713 1713 1713 1713 1713 1713 1713 1722 1731
    1731 1731 1731 1731 1731 1731 1731 1731 1739 1748 1748 1748 1748
    1748 1748 1748 1748 1748 1748 1748 1748 1776 1776 1766 1748 1731
    1713 1705 1705 1713 1713 1713 1713 1713 1713 1713 1722 1713 1713
    1713 1722 1731 1731 1731 1731 1731 1731 1731 1731 1731 1739 1748
    1748 1748 1748 1748 1748 1748 1748 1748 1748 1748 4089 1776 1776
    1766 1739 1722 1713 1705 1705 1705 1713 1713 1713 1713 1713 1713
    1713 1713 1713 1722 1722 1731 1731 1731 1731 1731 1731 1731 1731
    1731 1739 1748 1748 1748 1748 1748 1748 1748 1748 1748 1748 1757
    1757 1794 1776 1757 1739 1722 1713 1705 1705 1705 1713 1713 1713
    1713 1713 1713 1713 1713 1722 1722 1722 1731 1731 1731 1731 1731
    1731 1731 1731 1739 1739 1748 1748 1748 1748 1748 1748 1748 1748
    1748 1748 1757 1757 1804 1776 1757 1739 1722 1705 1705 1705 1705
    1705 1713 1713 1713 1713 1713 1713 1713 1722 1722 1722 1731 1731
    1731 1731 1731 1731 1731 1731 1739 1739 1748 1748 1748 1748 1748
    1748 1748 1748 1748 1757 1766 1766 1776 1776 1757 1739 1722 1705
    1705 1705 1705 1705 1705 1705 1705 1705 1713 1713 1713 1722 1722
    1722 1731 1731 1731 1731 1731 1731 1731 1731 1739 1739 1748 1748
    1748 1748 1748 1748 1748 1748 1748 1757 1757 1757 1776 1776 1757
    1739 1722 1713 1705 1705 1705 1705 1705 1705 1705 1705 1713 1713
    1713 1722 1722 1722 1731 1731 1731 1731 1731 1731 1731 1739 1739
    1739 1748 1748 1748 1748 1748 1748 1748 1748 1748 1748 1748 1748
    1776 1776 1757 1739 1722 1713 1705 1705 1705 1705 1705 1705 1705
    1705 1705 1713 1713 1713 1713 1722 1731 1731 1731 1731 1731 1731
    1731 1739 1739 1739 1748 1748 1748 1748 1748 1748 1748 1748 1748
    1748 1748 1748 1776 1776 1766 1748 1722 1713 1705 1705 1705 1705
    1705 1705 1705 1705 1705 1713 1713 1713 1713 1722 1731 1731 1731
    1731 1731 1731 1731 1739 1739 1739 1748 1748 1748 1748 1748 1748
    1748 1748 1748 1748 1748 1748 1794 1776 1766 1748 1722 1713 1705
    1705 1705 1705 1705 1705 1705 1705 1705 1705 1713 1713 1713 1722
    1731 1731 1731 1731 1731 1731 1731 1739 1739 1739 1748 1748 1748
    1748 1748 1748 1748 1748 1748 1748 1748 1748 1794 1776 1757 1739
    1722 1713 1705 1705 1705 1705 1705 1705 1705 1705 1705 1705 1713
    1713 1713 1722 1731 1731 1731 1731 1731 1731 1731 1739 1739 1739
    1748 1748 1748 1748 1748 1748 1748 1748 1748 1748 1748 4089 1794
    1776 1757 1739 1722 1713 1705 1705 1705 1705 1705 1705 1705 1705
    1713 1713 1713 1713 1722 1722 1722 1731 1731 1731 1731 1731 1731
    1739 1739 1739 1748 1748 1748 1748 1748 1748 1748 1748 1748 1748
    1748 4041 1794 1766 1748 1731 1722 1705 1705 1705 1705 1705 1705
    1705 1705 1705 1705 1705 1713 1713 1713 1713 1722 1722 1731 1731
    1731 1731 1731 1731 1739 1739 1748 1739 1739 1748 1748 1748 1748
    1748 1748 1748 1748 1748 1804 1766 1748 1731 1722 1705 1705 1705
    1705 1705 1705 1705 1705 1705 1705 1705 1713 1713 1713 1713 1722
    1722 1731 1731 1731 1731 1731 1731 1731 1731 1739 1739 1739 1748
    1748 1748 1748 1748 1748 1748 1748 1748 1785 1766 1748 1731 1722
    1705 1705 1705 1705 1705 1705 1705 1705 1705 1705 1705 1705 1713
    1713 1713 1722 1722 1731 1731 1731 1722 1722 1722 1731 1731 1739
    1739 1739 1748 1748 1748 1748 1748 1748 1739 1739 1739 1776 1766
    1757 1739 1722 1705 1705 1705 1705 1705 1705 1705 1705 1705 1705
    1705 1705 1705 1713 1713 1722 1731 1731 1731 1731 1722 1722 1722
    1731 1731 1739 1739 1739 1748 1748 1748 1748 1748 1748 1739 1739
    1739 1776 1766 1757 1739 1722 1705 1705 1705 1705 1705 1705 1705
