<?xml version="1.0"?>
<opencv_storage>
<Depth3223 type_id="opencv-matrix">
  <rows>31</rows>
  <cols>44</cols>
  <dt>w</dt>
  <data>
    4842 4842 4842 2618 2598 2579 2579 2560 2560 2560 2560 2560 2560
    2560 2560 2560 2560 4983 4911 2579 2579 4911 4911 4911 4983 4983
    4983 4983 4983 4983 4983 4983 4983 4983 4983 5056 5056 5056 4983
    4983 4983 4983 4983 5056 4842 4842 4842 2618 2579 2579 2579 2579
    2560 2560 2560 2560 2560 2560 2560 2560 2560 2560 2560 2560 2560
    2560 4911 4983 5056 4983 4983 4983 4983 4983 4983 4983 4983 4983
    5056 4983 4983 4983 4983 4983 4983 4983 4983 4983 4842 4842 4842
    2579 2579 2579 2579 2560 2560 2560 2560 2560 2560 2560 2560 2560
    2560 2560 2560 2560 2560 2560 2560 2560 2560 2579 2579 2579 4983
    4983 4983 4983 4983 4983 4983 4983 4983 4983 4983 4983 4983 4983
    4983 4983 4842 4842 2579 2579 2579 2579 2579 2560 2560 2560 2560
    2560 2560 2560 2560 2560 2560 2560 2560 2560 2560 2560 2560 2560
    2560 2579 2579 2560 2560 2560 2579 2579 2579 4983 4983 4983 4983
    4983 4983 4983 4983 4983 4983 4983 2541 4911 2579 2579 2579 2579
    2579 2579 2579 2579 2579 2560 2560 2560 2560 2560 2560 2560 2560
    2560 2560 2560 2579 2579 2579 2579 2579 2560 2560 2560 2579 2579
    2579 2579 2579 2579 2579 2579 4911 4911 4911 4911 4983 4983 2541
    4911 2579 2579 2579 2560 2560 2560 2560 2579 2579 2560 2560 2560
    2560 2560 2560 2560 2560 2560 2560 2560 2579 2579 2579 2579 2579
    2579 2579 2579 2579 2579 2579 2579 2579 2579 2579 2579 2579 2598
    2598 2598 4911 4983 2541 2579 2579 2579 2579 2560 2560 2560 2560
    2560 2560 2560 2560 2560 2560 2560 2560 2560 2560 2560 2560 2560
    2579 2579 2579 2579 2579 2579 2579 2579 2579 2579 2579 2579 2579
    2579 2579 2579 2579 2579 2579 2579 2579 2598 2579 2579 2579 2579
    2579 2560 2560 2560 2560 2560 2560 2579 2579 2579 2579 2560 2560
    2560 2560 2560 2560 2560 2579 2579 2579 2579 2579 2579 2579 2579
    2579 2579 2579 2579 2579 2579 2579 2579 2579 2579 2579 2579 2579
    2579 4774 4774 2560 2560 2579 2579 2579 2560 2560 2560 2560 2579
    2579 2579 2579 2579 2560 2560 2560 2560 2560 2579 2579 2579 2579
    2579 2579 2560 2560 2579 2579 2579 2579 2579 2579 2579 2579 2579
    2579 2579 2579 2579 2579 2579 4774 4774 2560 2560 2579 2579 2579
    2560 2560 2560 2560 2579 2579 2579 2579 2560 2560 2560 2560 2560
    2560 2579 2598 2598 2579 2579 2579 2560 2560 2579 2579 2579 2579
    2579 2579 2579 2579 2579 2579 2579 2579 2579 2579 2579 4774 2541
    2541 2579 2579 2579 2579 2560 2560 2560 2560 2579 2579 2579 2579
    2560 2560 2560 2560 2560 2579 2579 2598 2579 2579 2579 2579 2579
    2579 2579 2579 2579 2579 2579 2579 2579 2579 2579 2579 2579 2579
    2579 2579 2579 4842 2541 2541 2579 2579 2579 2579 2579 2579 2579
    2579 2579 2560 2560 2579 2560 2560 2560 2560 2560 2579 2579 2598
    2579 2579 2579 2579 2579 2579 2579 2579 2579 2579 2579 2598 2598
    2579 2579 2579 2579 2579 2579 2560 2560 4842 2579 2579 2579 2579
    2579 2579 2579 2579 2579 2579 2579 2560 2560 2579 2560 2560 2579
    2560 2560 2579 2579 2579 2579 2579 2579 2579 2579 2579 2579 2579
    2579 2579 2579 2598 2598 2579 2579 2579 2579 2560 2560 2560 2560
    2541 2579 2579 2579 2579 2579 2579 2579 2579 2579 2579 2579 2560
    2560 2579 2579 2579 2579 2579 2579 2579 2579 2579 2579 2579 2579
    2579 2579 2579 2579 2579 2579 2579 2579 2579 2598 2579 2579 2579
    2579 2560 2560 2560 2560 4645 2579 2579 2579 2579 2579 2579 2579
    2579 2579 2579 2560 2560 2560 2579 2579 2579 2579 2579 2579 2579
    2579 2579 2579 2579 2579 2579 2579 2579 2579 2579 2579 2579 2579
    2579 2579 2579 2579 2579 2579 2560 2560 2560 4911 2560 2560 2560
    2560 2560 2579 2579 2579 2598 2579 2579 2560 2560 2560 2579 2579
    2579 2579 2579 2579 2560 2560 2579 2579 2579 2579 2579 2579 2579
    2579 2579 2579 2579 2579 2579 2579 2579 2579 2579 2579 2560 2560
    2560 4911 2560 2560 2560 2560 2560 2579 2579 2598 2579 2579 2579
    2579 2579 2579 2579 2579 2579 2579 2579 2579 2560 2560 2579 2579
    2579 2579 2579 2579 2579 2579 2579 2579 2579 2579 2579 2579 2579
    2579 2579 2579 2560 2560 2560 4911 2598 2579 2579 2579 2579 2579
    2579 2598 2579 2579 2579 2579 2579 2579 2560 2560 2579 2579 2579
    2579 2579 2579 2579 2579 2579 2579 2579 2579 2579 2579 2579 2579
    2579 2579 2579 2579 2579 2579 2579 2579 2579 2579 4842 4842 2618
    2598 2579 2579 2579 2579 2579 2598 2579 2579 2579 2579 2579 2579
    2560 2560 2579 2579 2579 2579 2579 2579 2579 2579 2579 2579 2598
    2598 2598 2598 2598 2579 2579 2579 2579 2579 2579 2579 2579 2579
    2579 2579 4842 4842 2618 2598 2598 2579 2579 2579 2579 2579 2598
    2579 2579 2579 2579 2579 2579 2579 2598 2579 2579 2579 2579 2579
    2579 2579 2579 2579 2598 2598 2598 2598 2598 2598 2579 2579 2579
    2579 2579 2579 2579 2579 2579 2579 4774 4842 2598 2598 2598 2579
    2579 2579 2579 2579 2598 2579 2579 2579 2579 2579 2579 2579 2579
    2579 2579 2579 2579 2579 2598 2598 2579 2579 2598 2598 2598 2598
    2598 2598 2598 2598 2579 2579 2579 2579 2579 2579 2579 4774 4774
    4842 2579 2579 2598 2598 2598 2598 2598 2598 2598 2579 2579 2579
    2579 2579 2598 2598 2579 2579 2579 2579 2579 2579 2598 2598 2598
    2598 2598 2598 2598 2598 2598 2598 2598 2598 2579 2579 2579 2579
    2579 2579 2598 4842 4842 4842 2579 2579 2579 2579 2598 2598 2598
    2598 2598 2579 2579 2579 2579 2598 2598 2598 2579 2579 2579 2579
    2579 2598 2598 2598 2598 2598 2598 2598 2598 2598 2598 2598 2598
    2598 2579 2579 2579 2579 2560 2560 4774 4774 4774 4708 4645 4645
    2579 2579 2598 2618 2618 2618 2598 2598 2579 2579 2598 2598 2598
    2579 2579 2579 2579 2579 2598 2598 2598 2598 2598 2598 2598 2598
    2598 2598 2579 2579 2598 2598 2598 2579 2579 2579 2560 2560 4708
    4708 4708 4708 4645 4645 4645 4645 4645 4645 2618 2618 2598 2598
    2598 2598 2598 2598 2598 2579 2579 2579 2579 2579 2598 2598 2598
    2598 2598 2598 2598 2579 2579 2598 2579 2579 2598 2598 2598 2579
    2579 2579 2560 2560 4708 4708 4708 4708 4645 4645 4645 4645 4645
    4645 4645 4645 2618 2618 2618 2598 2598 2598 2598 2598 2579 2579
    2560 2560 2579 2579 2598 2598 2598 2598 2598 2579 2579 2579 2579
    2598 2598 2598 2598 2579 2579 2579 2560 2560 4774 4774 4708 4708
    4645 4645 4645 4645 4645 4645 4645 4645 4645 4645 4645 2598 2598
    2598 4522 4405 2579 2579 2560 2560 2579 2579 2598 2598 2598 2598
    2598 2579 2579 2579 2579 2598 2598 2598 2598 2598 2579 2579 2579
    4774 4774 4774 4708 4708 4645 4645 4582 4582 4645 4645 4645 4645
    4645 4645 4645 4645 4645 4582 4522 4522 4522 2579 2560 2560 2560
    2560 2579 2598 2598 2598 2598 2598 2579 2579 2579 2598 2579 2579
    2579 2598 2598 2579 2579 4645 4708 4774 4708 4708 4645 4582 4582
    4582 4582 4645 4645 4645 4645 4645 4645 4582 4582 4582 4582 4582
    4582 4582 4582 2560 2560 2560 2579 2579 2598 2598 2598 2598 2598
    2598 2598 2579 2579 2579 2579 2598 2598 2598 4645 4645 4645 4708
    4708 4708 4582 4582 4582 4582 4582 4645 4645 4645 4645 4645 4645
    4582 4582 4582 4582 4582 4645 4645 4645 4645 4582 4582 2579 2579
    2598 2579 2579 2579 2598 2598 2598 2579 2579 2579 2598 2598 2618
    2618 4645 4645 4645 4645 4708 4708 4582 4582 4582 4582 4582 4582
    4582 4645 4645 4645 4582 4582 4582 4582 4582 4582 4645 4645 4645
    4645 4645 4582 4582 4645 4645 2579 2579 2579 2598 2598 2598 2560
    2560 2560 2598 2618 2639 4645 4645 4645 4645 4645 4645 4645</data></Depth3223>
</opencv_storage>
