<?xml version="1.0"?>
<opencv_storage>
<Depth17913 type_id="opencv-matrix">
  <rows>132</rows>
  <cols>42</cols>
  <dt>w</dt>
  <data>
    0 0 0 0 0 0 0 0 0 0 0 0 0 0 0 0 0 0 0 0 0 0 0 878 875 875 873 873
    871 871 871 871 871 4405 0 4405 4349 4349 4349 4349 4349 4405 0 0 0
    0 0 0 0 0 0 0 0 0 0 0 0 0 0 0 0 0 0 0 0 875 875 875 873 871 871 871
    871 0 0 0 0 0 4405 4349 4349 4349 4349 4349 0 0 0 0 0 0 0 0 0 0 0 0
    0 0 0 0 0 0 0 0 0 0 875 875 875 875 873 871 871 871 871 860 867 867
    0 0 0 4349 4349 4349 4349 4349 0 0 0 0 0 0 0 0 0 0 869 869 0 0 0 0 0
    0 0 0 0 0 878 878 878 875 873 873 871 871 860 860 867 0 0 0 0 0 4405
    4405 4405 4405 860 860 860 860 0 0 0 0 0 869 869 869 0 0 0 0 0 0 0 0
    0 0 875 875 875 873 871 869 867 867 860 860 867 869 0 0 0 0 0 4463
    4405 4405 860 860 860 860 862 862 864 869 869 869 867 864 860 860
    862 862 864 0 0 0 875 871 871 871 871 871 869 864 864 864 864 864
    864 864 0 0 0 0 0 4405 4405 4405 862 862 862 862 862 862 864 867 867
    867 867 864 860 860 862 862 864 864 867 867 867 867 867 869 869 867
    867 864 864 864 864 864 862 862 0 0 0 0 0 4405 4405 4405 864 864 862
    862 864 864 864 864 867 867 867 867 864 864 862 862 864 864 867 867
    867 867 867 867 867 867 867 867 867 867 867 864 862 862 0 0 0 0 0 0
    4349 4349 867 867 867 867 867 867 864 864 867 867 867 867 867 867
    864 864 864 864 867 867 867 867 867 867 867 867 867 867 867 867 867
    867 862 862 0 0 0 0 0 0 4349 4349 867 867 867 867 867 867 867 867
    867 867 867 867 867 867 867 864 864 864 867 867 867 867 867 867 867
    867 867 869 869 869 869 867 864 864 0 0 0 0 0 0 4405 4349 867 867
    867 869 869 869 867 867 867 867 867 867 867 867 867 867 867 867 867
    867 867 867 867 867 867 867 867 869 869 869 869 869 869 869 0 0 0 0
    0 0 4405 4349 867 869 869 869 869 869 869 869 869 869 869 869 869
    867 867 867 867 867 867 867 867 869 867 867 867 869 869 869 869 869
    869 869 869 869 871 0 0 0 0 0 4463 4463 867 869 869 869 869 869 869
    869 869 869 869 869 869 867 867 867 867 869 869 869 869 869 869 869
    869 869 869 869 869 869 869 871 871 871 871 0 0 0 0 0 0 4463 867 869
    869 869 869 869 869 869 869 869 869 869 869 869 869 869 869 869 869
    869 869 869 869 869 869 869 869 869 869 869 871 871 871 871 871 0 0
    0 0 0 0 4463 869 869 869 869 869 869 869 869 869 869 869 869 869 869
    869 869 869 869 869 869 869 869 869 869 869 869 869 871 869 869 871
    871 871 871 871 0 0 0 0 0 0 4405 869 869 869 869 869 869 869 869 871
    871 871 869 869 869 869 871 869 869 869 869 869 869 871 871 871 871
    871 871 869 869 871 871 871 871 871 0 0 0 0 0 0 4405 871 871 871 871
    869 869 871 871 871 871 871 869 869 869 869 871 869 869 869 869 871
    871 871 871 871 871 871 871 871 871 871 871 871 871 871 0 0 0 0 0 0
    4463 871 871 871 871 871 871 871 871 871 871 871 871 871 871 871 871
    869 869 869 871 871 871 871 871 871 871 871 871 871 871 871 873 871
    869 869 0 0 0 0 0 0 4463 0 871 871 871 871 871 871 871 871 871 871
    871 871 871 871 871 869 869 869 871 871 871 871 871 871 871 871 871
    871 871 873 873 871 869 869 0 0 0 0 0 0 4463 0 871 871 871 871 871
    871 871 871 871 871 871 871 871 871 871 871 871 871 871 871 871 871
    871 871 871 871 871 871 871 873 873 871 871 871 0 0 0 0 0 0 4522 0
    873 873 871 871 871 871 871 871 871 871 871 871 871 871 871 871 871
    871 871 871 871 871 871 871 871 871 873 871 871 873 873 873 873 873
    0 0 0 0 0 0 4522 0 873 873 873 871 871 871 871 873 873 873 871 871
    871 871 871 871 873 873 873 871 871 871 871 871 871 871 873 873 873
    873 873 875 875 875 875 0 0 0 0 0 4522 0 0 875 875 873 873 873 873
    873 873 873 873 873 873 873 873 873 873 873 873 873 871 871 871 871
    873 873 873 873 873 873 873 875 875 875 875 0 0 0 0 0 0 0 0 875 875
    878 878 875 875 875 875 875 875 875 873 873 873 873 875 875 875 875
    873 873 873 873 873 873 873 873 873 875 875 875 875 875 875 0 0 0 0
    0 4463 0 878 875 875 878 878 875 875 875 875 875 875 875 875 875 875
    878 878 875 875 875 875 875 875 875 875 875 875 875 875 875 875 875
    875 875 0 0 0 0 0 0 4463 0 878 878 875 875 878 875 875 878 878 878
    878 878 878 878 878 878 878 878 875 875 875 875 875 875 878 878 878
    878 875 875 878 875 875 875 0 0 0 0 0 0 4463 0 878 878 875 875 878
    878 878 878 878 878 878 878 878 878 878 878 878 878 878 878 875 875
    875 875 878 878 878 880 878 878 878 878 875 875 0 0 0 0 0 0 4463 0
    878 878 878 878 878 878 878 878 878 878 878 878 878 878 878 878 878
    878 878 878 878 878 878 878 878 880 880 878 878 878 878 878 878 878
    0 0 0 0 0 0 4463 0 878 878 878 878 878 878 878 878 878 878 878 878
    878 878 878 878 878 878 878 878 878 878 878 878 878 880 880 878 878
    878 880 880 880 880 0 0 0 0 0 0 4463 0 878 878 880 880 878 878 878
    878 878 878 878 878 878 878 878 878 878 878 878 878 878 878 878 878
    878 880 880 880 880 880 880 880 880 880 0 0 0 0 0 0 4463 0 880 880
    880 880 880 880 880 880 880 880 880 880 880 880 878 878 878 878 878
    878 880 878 878 880 880 880 880 880 880 880 880 880 880 882 0 0 0 0
    0 0 4463 0 880 880 880 880 880 880 880 880 880 880 880 880 880 880
    880 880 880 880 880 880 880 880 880 880 880 880 880 880 880 880 880
    882 882 882 0 0 0 0 0 0 4463 0 880 880 880 880 880 880 880 880 880
    880 880 880 880 880 880 880 880 880 880 880 880 880 880 880 880 880
    882 882 882 882 882 882 882 882 0 0 0 0 0 0 4405 0 880 880 880 880
    880 882 882 882 882 882 882 880 880 880 880 880 880 880 880 880 880
    880 880 880 880 880 882 882 885 882 882 885 885 885 0 0 0 0 0 0 4405
    0 878 878 880 880 882 882 885 882 882 882 882 885 882 882 880 880
    880 880 880 880 880 880 882 882 882 882 882 882 885 885 885 885 885
    882 882 0 0 0 0 0 4463 0 878 878 880 880 882 882 885 885 885 885 885
    885 885 882 880 880 880 880 880 880 880 880 885 882 882 885 882 882
    885 885 885 885 885 882 882 0 0 0 0 0 0 0 0 880 880 880 882 882 885
    885 885 885 885 885 885 882 882 880 880 880 880 882 882 882 885 885
    885 885 885 885 885 885 885 887 885 885 885 0 0 0 0 0 0 0 0 880 880
    880 882 882 885 885 885 885 885 885 882 882 882 882 885 882 882 882
    882 882 885 885 885 885 885 885 885 887 887 887 887 885 885 0 0 0 0
    0 0 0 0 0 885 885 882 882 885 885 885 885 885 885 882 882 885 885
    885 885 882 882 882 882 885 885 885 885 885 885 885 887 887 887 887
    887 887 0 0 0 0 0 0 0 0 889 887 887 887 885 885 887 887 887 885 885
    885 885 885 885 885 885 885 885 885 885 885 885 885 887 887 887 887
    887 887 887 887 887 887 0 0 0 0 0 0 0 889 889 887 887 887 885 885
    885 887 887 887 885 885 887 887 887 887 887 887 887 885 885 885 885
    885 887 887 887 887 887 887 887 887 887 887 0 0 0 0 0 0 0 889 889
    887 887 887 887 885 885 887 887 887 887 887 887 887 887 887 887 887
    887 887 887 887 887 887 887 887 887 887 887 887 887 887 887 887 0 0
    0 0 0 0 0 889 889 889 887 887 887 887 887 887 887 887 887 887 887
    887 887 887 887 887 887 887 887 887 887 889 887 887 887 887 887 887
    887 889 887 887 887 0 0 0 0 0 0 889 889 889 887 887 887 887 887 887
    887 887 887 887 887 887 887 887 887 887 887 887 887 887 887 889 889
    889 887 887 889 889 889 889 889 887 887 0 0 0 0 0 0 0 891 889 889
    887 887 887 887 887 887 887 887 887 887 887 887 887 889 889 889 889
    889 889 889 889 889 889 889 889 889 889 889 889 889 889 889 0 0 0 0
    0 0 0 896 889 889 889 889 887 887 889 889 889 889 887 887 889 889
    889 889 889 889 889 889 889 889 889 889 889 889 889 889 889 889 889
    889 891 891 0 0 0 0 0 0 0 0 889 889 889 889 889 889 889 889 889 889
    889 889 889 889 889 889 889 889 889 889 889 889 889 889 889 889 889
    889 889 889 889 889 891 0 0 0 0 0 0 0 0 0 891 889 889 889 889 889
    889 889 889 889 889 889 889 889 889 889 889 889 889 889 889 889 889
    889 889 889 889 889 889 889 891 891 891 0 0 0 0 0 3333 0 0 0 891 891
    889 889 889 889 889 889 889 889 889 891 889 889 889 889 891 891 891
