<?xml version="1.0"?>
<opencv_storage>
<Depth10974 type_id="opencv-matrix">
  <rows>116</rows>
  <cols>58</cols>
  <dt>w</dt>
  <data>
    3816 3774 3774 3774 1022 1022 1025 1025 1028 1031 3816 3816 1044
    1044 1044 1047 1044 1044 1044 1044 1050 1050 2560 2560 2560 2522
    2522 2503 2503 2522 2522 2522 2522 2522 2503 2503 2503 2522 2522
    2522 2522 2522 2522 2522 2522 2541 2541 2560 2560 2560 2579 2560
    2560 2560 2680 2680 2659 2659 3816 3774 3774 1028 1025 1025 1025
    1025 1028 1031 1031 1038 1038 1041 1041 1044 1041 1038 1038 1038
    1038 1050 1050 1050 2560 2522 2522 2503 2503 2522 2522 2522 2522
    2522 2503 2503 2522 2522 2522 2541 2541 2541 2541 2522 2522 2541
    2541 2560 2560 2560 2579 2579 2579 2579 2680 2680 2659 2659 3774
    3732 1044 1028 1028 1025 1025 1025 1028 1031 1031 1034 1038 1038
    1038 1038 1038 1031 1031 1031 1028 1025 1019 1019 1019 1004 1004
    1004 998 2541 2541 2541 2560 2503 2503 2503 2522 2522 2522 2541 2541
    2541 2541 2522 2522 2541 2541 2560 2560 2579 2579 2579 2579 2579
    2680 2680 2659 2659 1038 1038 1038 1038 1028 1028 1028 1025 1025
    1031 1031 1034 1034 1034 1034 1028 1028 1025 1025 1025 1007 1007
    1007 1007 1007 1004 1004 1004 998 992 984 984 2579 2503 2503 2522
    2522 2522 2522 2541 2541 2541 2541 2541 2541 2541 2560 2560 2579
    2579 2579 2618 2618 2618 2659 2659 2659 2659 1038 1038 1038 1038
    1034 1025 1025 1025 1025 1028 1028 1028 1025 1022 1022 1019 1019
    1016 1016 1025 998 998 1007 1007 1007 1004 1004 995 989 987 981 981
    981 948 2503 2503 2503 2503 2522 2522 2541 2541 2541 2541 2541 2560
    2560 869 869 2579 2598 2618 2639 2639 2659 2659 2659 2659 1041 1034
    1028 1022 1022 1025 1025 1025 1025 987 978 978 973 962 962 1013 1013
    1010 1010 1010 998 998 998 998 1010 1010 1007 973 970 970 975 967
    964 948 946 946 2503 2503 2503 2522 2541 2541 2541 2541 2560 2560
    869 867 867 867 2598 2618 2618 0 2659 2659 2659 2659 1041 1034 1019
    1004 1001 998 998 981 981 981 978 973 970 962 962 962 1013 1010 1010
    0 0 0 951 948 946 943 948 948 948 954 975 940 940 943 943 943 943
    923 920 920 923 2541 2541 2541 2560 867 867 864 864 867 2598 2618
    2618 0 2659 2659 2659 2659 1038 1034 1010 1004 1001 995 995 973 970
    970 970 970 967 962 962 962 962 962 0 951 0 951 951 948 946 943 940
    938 938 940 938 938 938 943 933 928 925 923 918 918 910 898 896 896
    896 864 864 862 862 862 862 2618 2618 0 2659 2659 2659 2659 1034
    1034 1010 1004 998 992 992 973 967 964 964 967 967 962 962 962 962 0
    0 0 0 951 951 948 946 938 933 933 938 935 933 923 923 923 918 915
    915 918 915 903 898 896 896 889 873 864 864 862 862 862 862 862 862
    0 2659 2659 2659 2659 1034 1034 1010 1004 998 992 984 973 967 962
    946 938 930 930 930 908 903 903 0 0 0 0 871 938 938 938 933 933 938
    935 933 923 882 880 880 880 896 896 894 894 894 891 891 885 873 867
    864 862 862 860 860 860 860 0 2659 2659 2659 2659 1038 1034 1010
    1004 1001 992 984 973 967 962 946 938 930 923 915 908 903 903 903 0
    0 0 0 0 0 0 831 831 880 880 880 880 880 878 875 875 880 880 880 880
    880 878 878 880 878 869 864 862 862 860 860 860 860 862 862 2659
    2659 2659 1034 1034 1016 1007 1001 992 987 973 964 959 943 938 930
    923 915 908 903 891 885 885 871 871 871 867 0 0 0 0 0 0 875 875 875
    878 875 873 873 875 873 873 873 873 875 878 878 871 860 860 860 860
    860 860 862 862 862 862 862 2659 1034 1025 1019 1013 1001 992 989
    973 964 951 943 938 933 923 915 908 903 891 878 873 869 867 867 0
    845 0 831 831 831 831 835 835 835 835 835 873 843 843 843 845 845
    845 845 847 849 851 854 854 856 860 860 860 862 862 862 862 862 862
    1038 1025 1016 1013 1004 995 989 989 964 951 943 938 933 925 918 910
    901 885 878 873 869 864 858 849 845 831 831 831 831 831 831 833 835
    835 835 837 837 841 843 845 845 845 845 847 849 851 854 854 854 860
    860 860 862 862 862 860 854 854 1038 1025 1016 1013 1007 995 989 981
    970 951 943 938 933 923 918 910 901 885 880 871 869 862 856 845 843
    831 829 829 829 831 831 833 835 835 837 837 837 841 843 843 845 845
    845 847 849 851 854 854 854 860 862 862 862 864 862 860 854 854 1047
    1022 1016 1013 1007 998 989 981 973 956 948 940 935 923 918 910 901
    889 882 871 869 862 856 843 839 831 829 829 829 831 831 835 835 835
    837 837 839 841 841 843 845 845 845 849 849 851 851 854 854 860 862
    862 864 864 864 864 856 856 1041 1022 1016 1013 1007 998 989 984 975
    959 951 940 935 925 918 910 901 889 882 871 869 862 856 843 837 833
    829 829 829 831 831 835 835 835 837 837 839 841 841 843 845 845 847
    851 851 851 851 854 854 860 862 862 864 864 864 864 864 0 1041 1025
    1016 1013 1007 998 992 984 975 959 951 940 935 928 920 910 901 889
    885 873 869 864 864 864 837 833 831 829 829 831 833 835 835 835 837
    839 839 841 843 843 845 847 849 851 854 854 854 854 854 860 862 862
    864 864 867 867 867 0 1038 1038 1019 1013 1007 1001 992 984 973 959
    954 940 935 928 920 910 901 889 885 873 869 864 860 860 843 835 833
    831 831 833 833 835 835 837 837 841 841 843 843 843 845 847 849 851
    854 854 854 854 856 862 862 864 864 867 869 869 0 0 1038 1038 1019
    1016 1007 1001 992 987 973 959 954 940 938 928 920 913 896 891 885
    873 869 864 860 851 843 837 835 833 833 833 835 835 835 837 837 841
    841 843 843 843 847 849 851 851 854 854 854 854 856 862 864 864 867
    869 869 869 0 0 1044 1038 1022 1016 1007 1004 992 984 975 959 954
    940 935 928 920 913 896 891 887 878 869 864 860 851 839 837 835 833
    833 835 835 835 837 837 837 841 841 843 843 845 847 849 851 851 854
    854 854 856 862 862 864 867 867 869 869 869 0 0 1044 1038 1022 1016
    1007 1004 992 984 962 959 954 943 935 930 920 913 898 894 887 880
    869 864 860 854 839 837 835 833 833 835 835 835 837 837 839 841 843
    843 843 845 847 849 851 851 854 854 856 858 862 862 864 867 867 867
    867 867 0 0 1047 1041 1025 1016 1010 1004 992 989 962 959 954 946
    938 930 920 913 901 894 887 880 871 864 860 854 839 837 835 835 835
    835 835 837 837 839 839 841 843 843 845 845 847 849 851 854 854 854
    856 858 862 862 864 864 867 867 867 867 0 0 1047 1041 1025 1019 1010
    1004 995 989 975 959 954 946 935 930 920 915 901 894 887 878 871 867
    862 856 839 837 835 835 835 835 835 837 839 839 839 841 843 843 845
    845 847 849 851 854 854 854 858 860 864 864 864 864 867 869 869 869
    0 0 1047 1044 1028 1019 1013 1004 995 989 978 959 954 946 935 930
    920 915 903 894 887 878 871 867 862 856 839 837 835 835 835 835 835
    837 839 841 841 843 843 845 845 845 847 849 851 854 854 856 858 860
    864 864 864 867 867 869 869 869 0 0 1047 1044 1028 1022 1013 1007
    998 989 978 962 956 948 935 930 925 915 910 894 889 880 875 871 862
    849 841 839 837 835 835 835 835 837 839 841 841 843 845 845 845 847
    847 849 851 854 854 856 858 860 862 864 864 867 869 871 871 871 0 0
    1047 1044 1028 1022 1013 1007 998 989 978 962 956 948 938 933 925
    915 910 896 887 880 878 873 862 849 845 839 837 835 835 835 837 837
    839 841 843 845 845 845 847 847 849 851 851 854 854 856 858 860 862
    864 864 869 871 871 871 873 0 0 1050 1044 1028 1025 1016 1007 998
    989 978 970 956 951 940 933 925 920 910 898 887 882 878 873 864 849
    845 841 837 837 837 837 839 841 843 843 843 845 845 845 847 849 849
    851 851 854 854 858 858 860 862 864 864 869 871 871 871 873 0 0 0
    1047 1028 1025 1016 1007 998 992 981 970 959 954 943 935 928 918 915
    898 889 882 880 875 864 851 845 841 837 837 837 837 839 841 843 843
    843 845 845 847 849 849 851 854 854 854 856 858 860 860 864 864 864
    869 871 871 873 873 0 0 0 1047 1028 1025 1016 1007 998 992 981 970
    959 954 946 938 928 918 915 901 894 885 880 873 864 851 845 841 837
    837 837 837 839 843 843 843 845 845 845 847 847 851 851 854 856 858
    858 858 860 862 864 864 867 869 871 871 873 873 0 0 1050 1047 1044
    1025 1016 1007 998 992 989 970 959 954 946 938 928 918 915 903 894
