<?xml version="1.0"?>
<opencv_storage>
<Depth3503 type_id="opencv-matrix">
  <rows>24</rows>
  <cols>24</cols>
  <dt>w</dt>
  <data>
    1165 1981 0 2053 2053 2053 2065 2103 2116 2116 2116 2129 2129 2129
    2116 2116 2116 2103 2103 2103 2116 2156 2184 2198 1981 1981 1981
    2005 2016 2053 2053 2129 2129 2129 2129 2129 2129 2129 2129 2116
    2116 2103 2103 2103 2116 2156 2184 2198 1981 1981 1981 2005 2016
    2028 2028 2143 2143 2143 2143 2129 2129 2143 2129 2116 2116 2103
    2103 2116 2129 2170 2184 2198 1981 1981 1993 2005 2028 2028 2028
    2143 2143 2143 2143 2143 2143 2143 2143 2116 2116 2103 2103 2116
    2143 2170 2198 2198 1926 2005 2005 2016 2028 2028 2129 2129 2156
    2143 2143 2143 2143 2143 2143 2116 2116 2116 2116 2129 2143 2170
    2198 2212 1926 1947 2005 2016 2028 2028 2129 2129 2156 2156 2156
    2143 2143 2143 2143 2129 2116 2116 2116 2129 2143 2170 2212 2212
    1947 1947 2005 2028 2040 2053 2129 2129 2156 2156 2156 2156 2156
    2156 2143 2129 2116 2116 2129 2143 2156 2170 2212 2226 2005 2005
    2016 2040 2053 2053 2170 2170 2170 2156 2156 2156 2156 2156 2143
    2129 2116 2116 2129 2156 2156 2184 2212 2226 2016 2016 2016 2040
    2053 2065 2156 2156 2156 2156 2156 2156 2156 2156 2143 2143 2143
    2129 2129 2156 2170 2198 2226 2226 2016 2016 2016 2053 2053 2065
    2103 2156 2156 2156 2156 2156 2156 2156 2156 2143 2143 2143 2143
    2170 2170 2198 2241 2256 1185 2065 2065 2065 2065 2090 2103 2156
    2170 2156 2156 2156 2156 2156 2156 2143 2143 2143 2143 2170 2184
    2212 2241 2256 0 2078 2065 2065 2065 2090 2129 2156 2170 2170 2170
    2156 2156 2156 2156 2156 2143 2143 2156 2170 2184 2212 2241 2271
    2053 2078 2078 2078 2078 2116 2143 2156 2170 2170 2170 2156 2156
    2156 2156 2156 2143 2143 2170 2170 2198 2226 3120 3120 2053 2053
    2053 2065 2116 2116 2156 2170 2170 2170 2170 2170 2170 2156 2156
    2156 2143 2143 2170 2170 2212 2226 3120 3120 2053 2053 2053 2053
    2116 2129 2170 2170 2184 2184 2170 2170 2170 2170 2170 2170 2156
    2156 2170 2198 2226 2241 3120 3120 2005 2005 2005 2053 2116 2129
    2170 2170 2184 2184 2170 2170 2170 2170 2170 2170 2156 2156 2170
    2184 2226 2256 2286 2286 1993 1993 1993 1993 2184 2184 2184 2184
    2184 2184 2184 2184 2184 2184 2184 2170 2170 2170 2170 2184 2241
    2256 2286 3149 2005 1993 1993 2016 2028 2184 2184 2184 2184 2184
    2184 2198 2184 2184 2184 2170 2170 2170 2170 2198 2241 2256 3149
    3149 2005 2005 2016 2016 2028 2028 2184 2184 2184 2184 2184 2184
    2184 2184 2184 2170 2170 2170 2170 2198 2241 2256 3149 3149 2016
    2016 2016 2028 2040 2040 2198 2198 2198 2184 2184 2184 2184 2184
    2184 2170 2170 2184 2198 2241 2256 2256 3178 3178 1197 1197 1202
    2028 2040 2040 2198 2198 2184 2184 2184 2184 2184 2184 2184 2170
    2170 2198 2226 2241 2256 3208 3208 3208 1197 1197 1202 2040 2040
    2198 2198 2198 2184 2184 2184 2184 2184 2184 2170 2170 2170 2198
    2241 2256 2271 3208 3208 3238 1202 1202 1202 1202 2184 2198 2198
    2198 2198 2198 2184 2184 2184 2170 2156 2156 2156 2198 2256 2256
    2256 3238 3238 3238 1189 1202 1202 1202 2184 2184 858 858 856 856
    856 854 854 858 2156 2156 2156 2212 2256 2256 2256 3269 3269 3300</data></Depth3503>
</opencv_storage>
