<?xml version="1.0"?>
<opencv_storage>
<Depth6909 type_id="opencv-matrix">
  <rows>121</rows>
  <cols>60</cols>
  <dt>w</dt>
  <data>
    4522 4522 4522 4522 4522 4582 4582 4582 4582 4582 4645 4708 4708
    4708 4708 4708 1038 1034 1034 1031 1031 1028 1028 1031 1031 4842
    4842 4911 4911 4911 4983 4983 5056 5056 5056 5056 5056 5132 5132
    5056 5056 5056 5056 4983 4983 4983 4983 4983 4911 4911 4842 4842
    4842 4774 4774 4774 4708 4708 4645 4645 4522 4522 4522 4522 4522
    4582 4582 4582 4582 4582 4708 4708 4708 4708 4708 1031 1031 1031
    1031 1031 1028 1028 1028 1028 1031 1034 1044 1044 4911 4911 4983
    4983 5056 5056 5056 5056 5056 5132 5056 5056 5056 5056 5056 4983
    4983 4983 4983 4983 4911 4911 4842 4842 4842 4774 4774 4774 4708
    4708 4645 4645 4463 4522 4522 1080 1077 1077 4582 4582 1054 1054
    1054 1050 1050 1041 1038 1031 1031 1028 1028 1028 1025 1025 1025
    1025 1031 1034 1041 1044 1050 4983 4983 4983 5056 4983 4983 5056
    5056 5132 5056 5056 5056 5056 4983 4983 4983 4983 4983 4983 4911
    4911 4842 4842 4842 4774 4774 4774 4708 4708 4645 4645 4463 1087
    1084 1080 1077 1077 1070 1067 1054 1054 1054 1050 1044 1038 1034
    1028 1028 1028 1025 1025 1022 1022 1022 1025 1028 1031 1034 1041
    1047 1050 1060 1063 1067 1067 1070 1073 1080 1084 1090 1094 5056
    4983 4983 4983 4983 4983 4983 4911 4911 4911 4911 4842 4774 4774
    4774 4774 4708 4708 4645 4645 1090 1087 1084 1080 1077 1073 1067
    1063 1063 1060 1054 1047 1044 1038 1034 1028 1028 1028 1025 1019
    1019 1019 1019 1022 1028 1031 1034 1038 1044 1050 1057 1060 1063
    1067 1070 1073 1080 1084 1090 1094 1101 1101 1108 1112 1112 1115
    4983 4911 4911 4911 4911 4842 4774 4774 4774 4774 4708 4708 4708
    4708 1090 1087 1084 1080 1077 1073 1067 1063 1063 1060 1057 1047
    1044 1041 1034 1031 1028 1025 1022 1019 1016 1016 1016 1019 1028
    1031 1034 1038 1044 1050 1057 1060 1063 1067 1067 1070 1077 1084
    1090 1094 1097 1101 1108 1112 1112 1115 1126 4911 4911 4911 4911
    4842 4842 4774 4774 4708 4708 4708 4708 4708 1090 1087 1084 1080
    1077 1073 1067 1063 1060 1060 1050 1050 1044 1041 1038 1031 1028
    1025 1022 1019 1016 1016 1016 1019 1028 1031 1034 1038 1044 1050
    1057 1057 1063 1067 1067 1070 1077 1084 1090 1094 1097 1105 1108
    1112 1112 1119 1126 1134 1138 1138 1145 1153 1157 1157 4774 4708
    4708 4708 4708 4708 1087 1087 1084 1077 1073 1070 1067 1063 1060
    1057 1050 1047 1044 1041 1038 1034 1028 1025 1022 1019 1016 1016
    1016 1019 1028 1031 1034 1041 1044 1050 1054 1057 1060 1067 1070
    1073 1077 1084 1090 1094 1097 1105 1108 1112 1112 1119 1126 1134
    1138 1138 1145 1153 1157 1157 1157 4708 4708 4708 4708 4708 1087
    1087 1084 1077 1073 1070 1067 1063 1060 1057 1050 1047 1041 1041
    1038 1034 1028 1025 1022 1019 1016 1016 1016 1016 1028 1031 1034
    1041 1044 1050 1054 1057 1060 1063 1070 1073 1080 1084 1090 1094
    1097 1101 1105 1112 1115 1123 1126 1138 1138 1141 1145 1153 1157
    1157 1161 1161 1161 4708 4708 4708 1087 1087 1084 1077 1073 1070
    1067 1063 1060 1057 1050 1047 1041 1041 1038 1031 1028 1025 1022
    1019 1016 1016 1016 1016 1028 1031 1034 1041 1044 1050 1054 1057
    1060 1063 1070 1077 1080 1087 1090 1094 1097 1101 1105 1112 1115
    1123 1126 1134 1141 1141 1145 1149 1157 1157 1161 1161 0 4645 4645
    4645 1087 1087 1084 1077 1073 1070 1067 1063 1060 1057 1050 1044
    1041 1038 1038 1031 1025 1025 1019 1016 1016 1016 1016 1019 1025
    1031 1034 1038 1041 1050 1054 1057 1060 1063 1070 1077 1080 1084
    1087 1094 1097 1101 1105 1112 1115 1123 1126 1134 1138 1141 1145
    1149 1157 1161 1169 1169 0 0 4645 4645 1087 1087 1084 1077 1073 1070
    1067 1063 1060 1057 1050 1044 1041 1038 1038 1031 1025 1025 1019
    1016 1016 1016 1016 1019 1025 1031 1034 1038 1041 1047 1054 1057
    1060 1063 1070 1080 1080 1084 1087 1094 1097 1101 1105 1112 1119
    1123 1126 1130 1138 1141 1145 1153 1157 1161 1169 1169 0 4708 4645
    4645 1084 1084 1084 1080 1073 1070 1067 1063 1060 1054 1050 1044
    1041 1038 1034 1031 1028 1025 1019 1016 1016 1016 1016 1019 1028
    1031 1031 1038 1041 1047 1050 1057 1060 1063 1067 1077 1080 1084
    1084 1090 1097 1101 1105 1112 1119 1123 1126 1130 1134 1138 1145
    1149 1153 1161 1169 0 0 0 4708 4645 1084 1084 1080 1077 1073 1070
    1067 1063 1060 1054 1050 1044 1041 1038 1031 1028 1028 1025 1019
    1016 1016 1016 1016 1016 1028 1031 1031 1034 1038 1044 1050 1054
    1060 1060 1067 1077 1080 1084 1084 1087 1094 1097 1101 1108 1119
    1123 1126 1130 1134 1138 1141 1145 1153 1161 1161 0 0 0 4708 4708
    1084 1080 1080 1077 1073 1070 1067 1063 1060 1054 1050 1044 1041
    1038 1031 1028 1028 1025 1022 1016 1013 1013 1016 1016 1028 1031
    1031 1034 1038 1044 1050 1054 1060 1060 1067 1073 1080 1084 1084
    1087 1094 1097 1101 1108 1119 1123 1126 1130 1134 1138 1141 1145
    1153 1157 1157 1157 0 4774 4774 4708 1080 1080 1080 1077 1073 1070
    1063 1063 1060 1054 1050 1047 1041 1038 1031 1028 1025 1022 1022
    1013 1013 1013 1016 1016 1028 1028 1031 1031 1038 1044 1050 1054
    1060 1063 1067 1073 1080 1084 1084 1087 1094 1097 1097 1105 1119
    1123 1123 1126 1134 1138 1141 1145 1153 1157 1157 1157 0 4708 4708
    4708 1080 1080 1080 1077 1073 1070 1063 1063 1060 1050 1050 1044
    1038 1038 1031 1028 1025 1022 1022 1013 1013 1013 1016 1016 1025
    1028 1031 1031 1041 1044 1050 1054 1060 1060 1067 1073 1080 1084
    1084 1087 1094 1094 1097 1105 1112 1123 1123 1126 1130 1138 1138
    1145 1149 1153 1153 1153 0 4708 4708 4708 1087 1084 1080 1077 1073
    1070 1067 1060 1054 1050 1047 1041 1038 1038 1031 1028 1028 1022
    1019 1016 1013 1013 1013 1016 1025 1025 1031 1031 1041 1044 1047
    1054 1057 1060 1063 1070 1077 1084 1084 1087 1094 1094 1097 1105
    1112 1119 1123 1126 1130 1134 1138 1145 1149 1149 1153 1153 0 4708
    4708 4708 1084 1084 1080 1077 1073 1070 1067 1060 1054 1050 1047
    1041 1038 1038 1034 1028 1028 1022 1019 1016 1013 1013 1013 1019
    1022 1025 1031 1031 1041 1044 1047 1054 1057 1057 1060 1067 1077
    1080 1084 1087 1090 1094 1097 1105 1112 1119 1119 1123 1126 1134
    1138 1145 1149 1149 1153 1157 1157 4708 4708 4708 1084 1084 1080
    1077 1073 1070 1067 1060 1054 1050 1047 1041 1038 1038 1034 1028
    1025 1025 1019 1016 1013 1013 1013 1016 1022 1025 1031 1031 1041
    1044 1044 1050 1057 1057 1060 1067 1070 1080 1084 1087 1090 1094
    1097 1105 1112 1115 1115 1123 1126 1130 1138 1141 1145 1149 1153
    1157 0 1157 4645 4645 1084 1084 1080 1077 1073 1070 1067 1063 1054
    1050 1047 1041 1041 1038 1034 1028 1025 1025 1019 1016 1013 1013
    1013 1016 1019 1028 1031 1031 1041 1044 1044 1050 1057 1057 1060
    1063 1070 1080 1084 1087 1090 1094 1097 1101 1112 1115 1115 1123
    1126 1130 1138 1141 1145 1149 1153 1157 1157 0 4645 4645 1080 1080
    1080 1077 1073 1070 1067 1063 1054 1050 1047 1044 1041 1038 1034
    1028 1025 1025 1019 1016 1013 1013 1013 1016 1019 1028 1031 1038
    1041 1044 1044 1050 1057 1057 1060 1063 1070 1080 1080 1084 1090
    1094 1097 1097 1108 1112 1119 1123 1126 1130 1138 1141 1145 1149
    1157 1157 1157 0 4645 4645 1080 1080 1080 1077 1073 1067 1067 1063
    1054 1050 1047 1044 1041 1038 1031 1028 1025 1022 1019 1016 1013
    1013 1013 1019 1022 1025 1028 1034 1038 1041 1047 1050 1057 1057
    1060 1067 1070 1077 1080 1084 1087 1094 1094 1097 1105 1112 1119
    1119 1126 1130 1138 1141 1145 1153 1157 1157 1157 0 4645 4645 1084
    1084 1080 1073 1073 1067 1063 1057 1054 1050 1050 1044 1041 1038
    1031 1028 1025 1022 1019 1016 1013 1013 1013 1016 1022 1025 1028
    1031 1038 1041 1044 1050 1054 1057 1057 1063 1070 1077 1080 1084
    1087 1090 1094 1097 1105 1112 1119 1119 1123 1130 1138 1141 1145
    1153 1153 1157 0 0 0 4582 1084 1084 1080 1073 1070 1067 1063 1057
    1054 1050 1050 1044 1041 1038 1031 1028 1025 1022 1019 1013 1010
    1010 1013 1016 1019 1022 1028 1031 1038 1041 1044 1050 1054 1057
    1057 1063 1067 1077 1080 1084 1087 1090 1094 1097 1108 1115 1115
