<?xml version="1.0"?>
<opencv_storage>
<Depth4490 type_id="opencv-matrix">
  <rows>36</rows>
  <cols>29</cols>
  <dt>w</dt>
  <data>
    5291 5210 5210 5291 5374 5374 5460 5460 5460 5374 5374 5548 3064
    3064 3010 3010 3010 2984 2984 2958 2958 5548 5548 5548 5640 5640
    5640 5548 5548 5291 5210 5210 5291 3010 3010 3010 2984 2984 3010
    3037 3064 3064 3064 3037 3037 3010 3010 2984 2958 2958 2958 5548
    5548 5548 5640 5640 5548 5548 5210 3037 3037 3037 3010 3010 3010
    2984 2984 3010 3037 3037 3037 3037 3037 3010 3010 3010 3010 2958
    2958 2958 2984 5548 5548 5640 5548 5548 5548 3064 3037 3037 3037
    3010 3010 3010 3010 3010 3010 3037 3037 3037 3037 3037 3010 3010
    3010 3010 3010 2984 2984 2984 5548 5548 5640 5548 5548 5548 3064
    3037 3037 3010 3010 3010 3010 3010 3010 3010 3037 3037 3037 3010
    3010 3037 3010 3010 3010 2984 2984 2984 2984 5548 5548 5640 5548
    5548 5548 3037 3037 3037 3010 3010 3010 3010 3010 3010 3010 3037
    3037 3037 3010 3010 3037 3010 3010 3010 2984 2984 2984 2958 2958
    5548 5640 5640 5548 5548 3037 3037 3037 3010 3010 3010 3010 3010
    3010 3010 3037 3037 3037 3037 3037 3037 3010 3010 3010 2984 2984
    2984 2958 2958 2958 5640 5640 5548 5548 3037 3037 3037 3037 3010
    3010 3010 3037 3010 3010 3037 3037 3037 3037 3037 3037 3010 3010
    3010 2984 2984 2984 2984 2958 2958 5640 5548 5548 5548 3037 3037
    3037 3037 3010 3010 3010 3010 3010 3010 3037 3037 3037 3037 3010
    3010 2984 2984 3010 2984 2984 2984 2984 2958 2958 5640 5548 5548
    5548 3037 3037 3037 3037 3037 3010 3010 3010 3010 3010 3037 3037
    3037 3037 3010 3010 2984 2984 3010 2984 2984 2984 2984 2984 2984
    5548 5548 5548 5548 3037 3037 3037 3037 3010 3010 3010 3010 3010
    3010 3037 3037 3037 3037 3010 3010 3010 3010 2984 2984 2984 2984
    2984 2984 2984 3010 5460 5460 5548 3037 3037 3037 3037 3010 3010
    3010 3010 3010 3010 3037 3037 3037 3037 3010 3010 3010 3010 2984
    2984 2984 2984 2984 2984 2984 3010 5374 5374 5548 3037 3037 3037
    3037 3037 3010 3010 3010 3010 3010 3037 3037 3037 3037 3010 3010
    3010 3010 3010 2984 2984 2984 2984 2984 2984 3010 5374 5374 5548
    5210 3037 3037 3037 3037 3037 3037 3037 3010 3010 3037 3037 3037
    3037 3010 3010 3010 2984 2984 2984 2984 2984 2984 2958 2958 2984
    5374 5374 5548 5210 3037 3037 3037 3037 3037 3037 3037 3037 3037
    3037 3037 3037 3037 3010 3010 3010 2984 2984 2984 2984 2984 2984
    2958 2958 2958 5374 5374 5460 5291 3037 3037 3037 3037 3037 3037
    3010 3010 3010 3037 3037 3010 3010 3010 2984 2984 2984 2984 2984
    2984 2984 2984 2958 2958 2958 2958 5374 5460 5210 3037 3037 3037
    3037 3010 3010 3010 3010 3010 3037 3037 3010 3010 2984 2984 2984
    2984 2984 2984 2984 2958 2958 2958 2958 2933 2933 5460 5460 5210
    3037 3037 3037 3010 3010 3010 3010 3010 3010 3037 3037 3010 3010
    2984 2984 2984 2984 2984 2984 2984 2958 2958 2958 2958 2933 2933
    2958 5460 5210 5210 3010 3010 3010 3010 3010 3010 3010 3010 3037
    3037 3010 3010 3010 2984 2984 3010 2984 2984 2984 2958 2958 2958
    2958 2958 2958 2958 2958 5210 5210 3010 3010 3010 3010 3010 3010
    3010 3010 3037 3037 3010 3010 3010 2984 2984 2984 2984 2984 2984
    2958 2958 2958 2958 2958 2958 2958 2984 5210 5210 3010 3010 3010
    3010 3010 3010 3010 3010 3037 3037 3037 3010 3010 2984 2984 2984
    2984 2984 2984 2958 2958 2958 2958 2958 2958 2984 2984 5210 5210
    3010 2984 2984 3010 3010 3010 3010 3010 3037 3037 3037 3010 3010
    2984 2984 2984 2984 2984 2984 2984 2958 2958 2958 2958 2958 2984
    2984 5210 5210 5132 2984 2984 3010 3010 3010 3010 3010 3010 3010
    3010 2984 2984 2984 2984 2984 2984 2984 2984 2984 2958 2958 2958
    2958 2958 2958 2984 5210 5210 5210 3010 3010 3010 3010 3010 3010
    3010 3010 3010 3010 2984 2984 2984 2984 2958 2958 2958 2958 2958
    2958 2958 2958 2958 2958 2933 2933 5210 5210 5210 3010 3010 3010
    3010 3010 3010 3010 3010 3010 2984 2984 2984 2984 2984 2958 2958
    2958 2958 2958 2958 2958 2958 2958 2933 2933 2933 5210 5210 5210
    5210 5132 3010 3010 3010 3010 3010 3010 3010 2984 2984 2984 2984
    2984 2984 2984 2958 2958 2958 2958 2958 2958 2958 2933 2933 2933
    5210 5210 5210 5210 5210 3037 3037 3010 3010 3010 3010 3010 2984
    2984 2984 2984 2984 2984 2984 2958 2958 2958 2958 2958 2958 2958
    2958 2933 2933 5210 5210 5210 5210 5210 3064 3037 3010 3010 3010
    3010 3010 2984 2984 2984 2984 2984 2984 2984 2958 2958 2958 2958
    2958 2958 2958 2958 2958 2933 5210 5210 5210 5210 5210 4983 3037
    3010 3010 3010 3010 3010 2984 2984 2984 2984 2984 2984 2984 2958
    2958 2958 2958 2958 2958 2958 2958 2933 2933 5210 5210 5210 5210
    5210 4983 3037 3010 3010 3010 3010 3010 3010 2984 2984 2984 2984
    2984 2958 2958 2958 2958 2958 2958 2958 2958 2933 2933 2933 5210
    5210 5210 5210 5210 5132 3037 3010 3010 3010 3010 3010 3010 3010
    3010 3010 2984 2984 2958 2958 2958 2958 2958 2958 2958 2958 2933
    2933 2933 5210 5210 5210 5210 5210 5132 5132 3010 2984 2984 2984
    2984 2984 3010 3010 3010 2984 2984 2958 2958 2958 2958 2958 2958
    2958 5374 5291 5291 5291 5132 5210 5132 5132 5210 5132 5132 2984
    2984 2984 2984 2984 2984 2984 2984 2984 2984 2984 2984 2984 2984
    2984 2958 2958 5374 5374 5374 5291 5291 5132 5132 5132 5132 5210
    5210 5132 2958 2958 2984 2984 2984 2984 2984 2984 2984 2984 2984
    2984 2984 2984 2984 2984 2984 5374 5374 5374 5374 5291 5132 5132
    5132 5132 5210 5210 5210 2958 2958 2984 2984 2958 2933 2933 2958
    2984 2984 2984 2984 5291 5291 3010 3010 5374 5374 5374 5374 5374
    5374 5132 5132 5132 5132 5210 5210 5210 2958 2958 3010 3010 2958
    2933 2933 2958 2984 2984 2984 5374 5374 5374 5374 3037 3037 3064
    5374 5374 5374 5374</data></Depth4490>
</opencv_storage>
