<?xml version="1.0"?>
<opencv_storage>
<Depth5809 type_id="opencv-matrix">
  <rows>61</rows>
  <cols>33</cols>
  <dt>w</dt>
  <data>
    5132 5132 5132 5210 5210 5210 5210 5210 5210 5291 5374 5374 1757
    1757 1757 1748 1748 1748 1748 5460 5460 5460 5460 5460 5460 5548
    5548 5548 5640 5640 5640 5640 5640 5132 5132 5132 5210 5210 5210
    5210 5210 1766 1766 1766 1766 1757 1757 1757 1748 1739 1739 1739
    1757 1757 5460 5291 5291 5460 5460 5548 5640 5640 5548 5548 5640
    5640 5132 5132 5132 1785 1785 1785 1785 1776 1766 1766 1757 1757
    1757 1757 1748 1739 1739 1739 1739 1757 1766 1766 5291 5291 5374
    5460 5460 5640 5640 5548 5548 5640 5640 5132 5132 1776 1776 1785
    1785 1776 1766 1766 1757 1757 1757 1757 1748 1739 1739 1739 1739
    1748 1766 1766 1785 1785 5374 5374 5374 5460 5548 5548 5640 5640
    5640 5640 4911 1776 1776 1776 1785 1776 1776 1766 1766 1757 1757
    1748 1748 1739 1731 1731 1739 1739 1748 1766 1776 1785 1804 1804
    5374 5374 5460 5548 5548 5548 5640 5640 5640 4911 1776 1776 1776
    1785 1776 1776 1766 1757 1757 1757 1748 1748 1739 1731 1731 1731
    1739 1748 1766 1776 1794 1804 1804 5460 5460 5460 5548 5548 5548
    5640 5640 5640 4911 1785 1785 1785 1776 1776 1766 1766 1757 1757
    1757 1748 1739 1731 1731 1731 1731 1731 1748 1766 1766 1794 1804
    1804 1823 5460 5460 5640 5640 5640 5640 5640 5640 4911 1776 1776
    1776 1776 1766 1766 1766 1757 1757 1757 1748 1731 1731 1731 1731
    1731 1731 1748 1757 1766 1776 1794 1804 1823 1843 1853 5640 5640
    5548 5548 5640 5640 0 1766 1766 1766 1776 1766 1766 1757 1748 1748
    1739 1739 1731 1731 1731 1731 1731 1731 1739 1757 1766 1776 1794
    1804 1823 1843 1853 1853 5640 5548 5548 5640 5548 1766 1757 1757
    1757 1766 1766 1766 1748 1748 1739 1739 1731 1731 1731 1731 1722
    1722 1731 1739 1757 1766 1785 1794 1804 1823 1843 1853 1863 5640
    5640 5640 5548 5548 1766 1766 1757 1757 1766 1766 1757 1748 1739
    1731 1731 1731 1731 1731 1731 1722 1722 1731 1739 1757 1766 1766
    1794 1804 1823 1843 1843 1863 1873 1904 1915 5548 5548 1766 1766
    1766 1766 1766 1766 1757 1748 1739 1731 1731 1731 1731 1731 1731
    1722 1722 1731 1731 1748 1766 1766 1794 1804 1823 1843 1843 1863
    1873 1904 1915 1915 5548 5132 1766 1766 1766 1757 1757 1757 1748
    1739 1731 1731 1731 1731 1731 1722 1722 1722 1722 1731 1748 1757
    1766 1785 1794 1823 1843 1853 1863 1873 1904 1926 1936 1936 0 1739
    1739 1739 1757 1757 1748 1748 1739 1731 1731 1731 1731 1731 1722
    1722 1722 1722 1731 1748 1757 1766 1776 1794 1813 1833 1853 1863
    1873 1894 1904 1926 1936 0 1739 1739 1739 1757 1757 1748 1739 1739
    1731 1731 1731 1731 1731 1722 1722 1722 1722 1722 1739 1757 1766
    1776 1794 1813 1833 1853 1863 1873 1894 1904 1915 1926 0 1757 1757
    1757 1739 1739 1739 1739 1739 1731 1731 1731 1731 1722 1722 1713
    1713 1722 1722 1739 1757 1766 1776 1785 1813 1833 1853 1863 1873
    1894 1904 1915 1926 0 0 1757 1757 1739 1739 1739 1731 1731 1731 1731
    1731 1722 1722 1722 1713 1713 1722 1722 1748 1748 1757 1766 1785
    1813 1833 1843 1863 1883 1894 1904 1904 1904 0 1757 1757 1757 1748
    1739 1731 1731 1731 1731 1731 1722 1722 1713 1713 1713 1713 1713
    1722 1739 1748 1757 1766 1785 1813 1833 1843 1863 1873 1883 1894
    1904 1904 0 1757 1757 1757 1748 1739 1731 1731 1731 1722 1722 1722
    1722 1713 1713 1705 1705 1713 1722 1739 1739 1757 1766 1785 1804
    1823 1843 1863 1873 1883 1894 1904 1904 0 1757 1757 1748 1739 1731
    1731 1731 1722 1722 1722 1713 1713 1705 1705 1705 1705 1705 1713
    1731 1739 1757 1757 1785 1804 1813 1823 1863 1863 1873 1883 1894
    1894 1757 1757 1757 1739 1739 1731 1731 1731 1722 1722 1722 1713
    1705 1705 1696 1696 1696 1705 1713 1722 1731 1757 1757 1785 1804
    1813 1823 1863 1863 1873 1883 1894 1894 1757 1757 1757 1739 1731
    1731 1731 1722 1722 1722 1713 1713 1705 1696 1696 1696 1696 1705
    1713 1722 1731 1748 1757 1776 1804 1804 1823 1863 1863 1883 1883
    1894 1894 1748 1748 1748 1739 1731 1731 1722 1722 1722 1713 1713
    1705 1696 1696 1696 1696 1696 1696 1713 1722 1731 1748 1757 1776
    1804 1804 1813 1853 1863 1883 1883 1894 1894 1748 1748 1748 1731
    1731 1722 1722 1722 1713 1713 1705 1705 1696 1696 1696 1696 1696
    1696 1713 1722 1731 1739 1757 1776 1804 1804 1813 1853 1883 1883
    1883 1894 1894 1739 1739 1739 1731 1731 1722 1722 1713 1713 1705
    1705 1705 1696 1696 1696 1696 1696 1696 1705 1722 1731 1731 1757
    1766 1794 1804 1813 1853 1873 1873 1883 1894 1894 1731 1731 1731
    1731 1722 1722 1713 1713 1713 1705 1705 1696 1696 1696 1688 1688
    1688 1696 1705 1713 1722 1731 1766 1766 1794 1804 1823 1853 1863
    1863 1873 1894 1894 1731 1731 1722 1722 1722 1713 1713 1713 1713
    1705 1705 1696 1696 1688 1688 1688 1688 1696 1696 1713 1722 1731
    1757 1757 1785 1804 1833 1853 1853 1863 1873 1894 1894 4911 1722
    1722 1722 1722 1713 1713 1705 1705 1696 1696 1688 1688 1688 1688
    1688 1688 1688 1696 1713 1731 1739 1757 1757 1785 1804 1843 1853
    1853 1873 1873 1894 1894 1739 1722 1722 1722 1722 1713 1705 1705
    1696 1696 1696 1688 1688 1688 1680 1680 1680 1688 1688 1705 1731
    1748 1757 1757 1785 1804 1833 1843 1853 1863 1873 1894 1894 1739
    1739 1722 1722 1713 1705 1705 1696 1696 1696 1688 1688 1688 1688
    1680 1680 1680 1680 1688 1705 1722 1748 1757 1757 1776 1794 1833
    1843 1853 1863 1873 1894 1894 1722 1722 1722 1722 1713 1705 1696
    1696 1696 1696 1688 1688 1688 1680 1671 1671 1671 1680 1688 1696
    1705 1739 1757 1757 1776 1794 1823 1843 1853 1853 1863 1894 1894
    1722 1722 1722 1713 1713 1705 1696 1696 1696 1688 1688 1688 1680
    1680 1671 1671 1671 1680 1688 1696 1705 1731 1757 1757 1776 1794
    1813 1843 1843 1853 1863 1894 1894 1722 1722 1722 1713 1705 1696
    1696 1696 1696 1688 1688 1680 1680 1671 1671 1671 1671 1680 1680
    1696 1713 1731 1748 1757 1776 1794 1813 1833 1843 1853 1853 1853
    5548 1713 1713 1713 1705 1705 1696 1696 1696 1688 1688 1688 1671
    1671 1671 1663 1663 1663 1671 1680 1688 1713 1722 1739 1776 1776
    1794 1813 1823 1833 1853 1853 1863 1863 1713 1713 1713 1705 1705
    1696 1696 1688 1688 1688 1680 1671 1671 1663 1663 1663 1663 1671
    1680 1688 1713 1722 1739 1776 1776 1804 1804 1823 1833 1853 1853
    1863 1863 1722 1722 1713 1705 1696 1696 1688 1688 1688 1680 1680
    1671 1663 1663 1663 1663 1663 1663 1671 1688 1713 1722 1731 1766
    1776 1794 1804 1823 1833 1853 1853 1863 1863 1713 1713 1705 1696
    1696 1696 1688 1688 1688 1680 1680 1671 1663 1663 1663 1655 1655
    1663 1671 1688 1705 1722 1731 1766 1776 1785 1804 1813 1833 1853
    1853 1863 1863 1705 1705 1696 1696 1696 1688 1688 1688 1680 1680
    1680 1671 1663 1663 1663 1655 1655 1663 1671 1688 1705 1722 1731
    1757 1766 1785 1804 1813 1833 1843 1853 1853 1853 1696 1696 1696
    1696 1696 1688 1688 1680 1680 1671 1671 1663 1663 1663 1655 1655
    1655 1663 1671 1688 1705 1713 1731 1757 1766 1776 1804 1813 1833
    1843 1853 1853 1853 1696 1696 1696 1696 1696 1688 1688 1680 1680
    1671 1671 1663 1663 1663 1655 1655 1655 1663 1671 1688 1705 1713
    1731 1748 1766 1776 1804 1813 1823 1833 1843 1863 1863 1688 1688
    1696 1696 1688 1688 1680 1680 1671 1671 1663 1663 1663 1663 1655
    1655 1655 1655 1663 1688 1696 1713 1722 1748 1748 1776 1804 1813
    1823 1823 1833 1863 1863 1688 1688 1696 1688 1688 1680 1680 1671
    1663 1663 1663 1663 1663 1655 1655 1655 1655 1655 1663 1688 1696
    1713 1722 1739 1748 1766 1804 1813 1823 1823 1833 1863 1863 1688
    1688 1688 1688 1688 1680 1671 1663 1663 1663 1663 1663 1663 1655
    1655 1655 1655 1655 1663 1680 1696 1705 1722 1739 1748 1766 1804
    1813 1823 1823 1823 1823 5548 1688 1688 1688 1688 1688 1671 1671
    1663 1663 1663 1655 1655 1655 1655 1655 1655 1655 1655 1663 1680
    1696 1705 1722 1739 1748 1766 1794 1804 1823 1823 1823 1843 1843
    1688 1688 1688 1688 1680 1671 1671 1663 1663 1663 1655 1655 1647
    1647 1647 1647 1655 1655 1671 1680 1688 1696 1713 1739 1748 1766
