<?xml version="1.0"?>
<opencv_storage>
<Depth5815 type_id="opencv-matrix">
  <rows>60</rows>
  <cols>25</cols>
  <dt>w</dt>
  <data>
    5132 5210 5132 5132 5132 5132 5210 1776 1776 1766 1766 1785 1785
    1766 1766 1766 1757 1757 1757 1757 5460 5460 5460 5548 5548 5210
    5291 5291 1794 1785 1785 1776 1776 1776 1766 1766 1766 1766 1766
    1766 1766 1757 1757 1757 1757 1757 5460 5460 5460 5460 5132 1785
    1785 1785 1785 1785 1776 1776 1776 1776 1776 1766 1766 1766 1766
    1766 1766 1757 1757 1757 1757 5460 5460 5460 5460 5132 1785 1785
    1785 1785 1785 1785 1785 1776 1776 1766 1766 1757 1757 1757 1766
    1766 1757 1757 1757 1757 1757 5460 5460 5460 4911 4911 1785 1785
    1776 1776 1776 1776 1776 1766 1766 1766 1757 1757 1757 1757 1757
    1757 1757 1757 1757 1757 5374 5374 5374 4911 4911 1776 1776 1776
    1766 1766 1766 1776 1766 1766 1766 1757 1757 1757 1757 1757 1757
    1766 1757 1757 1757 5374 5374 5374 4911 4911 1776 1776 1776 1766
    1766 1766 1766 1766 1757 1757 1757 1757 1757 1757 1757 1757 1757
    1766 1766 1766 5548 5548 5548 5056 5056 1766 1766 1766 1766 1766
    1766 1757 1757 1757 1757 1757 1757 1757 1757 1757 1757 1757 1766
    1766 1785 1785 5734 5640 5056 5056 1757 1757 1757 1766 1766 1757
    1757 1757 1757 1757 1757 1757 1757 1748 1748 1748 1757 1766 1776
    1785 1785 5640 5640 4911 1776 1776 1757 1757 1757 1757 1757 1757
    1757 1757 1757 1757 1757 1748 1748 1748 1748 1748 1766 1776 1776
    1776 5640 5640 5132 1776 1776 1766 1766 1757 1757 1757 1757 1757
    1757 1757 1757 1757 1748 1739 1739 1739 1748 1766 1776 1776 1843
    1843 5640 0 1766 1766 1766 1766 1757 1757 1757 1757 1757 1757 1757
    1757 1748 1739 1739 1731 1731 1739 1766 1785 1823 1843 1843 5640
    4983 0 1766 1766 1766 1757 1757 1757 1757 1757 1757 1757 1757 1748
    1739 1739 1731 1731 1739 1757 1766 1833 1853 1853 5548 4983 1766
    1757 1757 1757 1757 1757 1757 1757 1757 1757 1757 1757 1748 1739
    1731 1731 1731 1731 1748 1766 1833 1853 1853 5460 4983 1766 1766
    1757 1757 1757 1757 1757 1757 1757 1757 1757 1748 1748 1739 1731
    1731 1731 1731 1739 1757 1853 1853 5460 5460 1766 1766 1766 1748
    1748 1748 1748 1757 1757 1748 1748 1748 1739 1739 1731 1731 1731
    1731 1731 1739 1757 1757 5460 5460 5460 1757 1757 1748 1748 1748
    1748 1748 1748 1748 1748 1748 1739 1731 1731 1731 1731 1731 1731
    1731 1731 1731 5460 5460 5460 5548 1748 1748 1748 1748 1748 1748
    1748 1748 1748 1739 1739 1739 1731 1731 1731 1731 1731 1731 1731
    1731 1731 5548 5548 5548 5548 1748 1748 1739 1739 1748 1748 1748
    1739 1739 1739 1739 1731 1731 1731 1731 1731 1731 1731 1731 1731
    1731 1731 5640 5640 5548 1739 1739 1739 1739 1739 1739 1739 1739
    1739 1731 1731 1731 1731 1731 1731 1731 1731 1722 1722 1731 1731
    1731 1731 5548 5548 1739 1739 1739 1739 1739 1739 1739 1731 1731
    1731 1731 1731 1731 1731 1731 1731 1722 1722 1722 1731 1731 1731
    5374 5291 5291 1739 1739 1739 1739 1739 1739 1739 1731 1731 1731
    1731 1731 1731 1731 1722 1722 1722 1722 1722 1731 1739 1739 5374
    5374 5210 1739 1739 1739 1739 1731 1731 1731 1731 1731 1731 1722
    1722 1722 1722 1722 1722 1722 1722 1722 1731 1757 1776 1926 1926
    5210 1739 1739 1739 1739 1731 1731 1731 1731 1731 1731 1722 1722
    1722 1722 1722 1722 1722 1722 1722 1731 1757 1776 1883 1894 1894
    1731 1731 1731 1731 1731 1731 1731 1731 1731 1731 1722 1722 1722
    1722 1722 1722 1722 1713 1713 1722 1757 1823 1873 1883 1883 1731
    1731 1731 1731 1722 1722 1731 1731 1731 1731 1722 1722 1722 1722
    1722 1722 1713 1713 1713 1722 1766 1823 1863 1873 1883 1722 1722
    1722 1722 1722 1722 1722 1722 1722 1722 1722 1722 1722 1722 1722
    1722 1713 1705 1705 1722 1833 1823 1823 1873 1873 4774 1722 1722
    1722 1722 1722 1722 1722 1722 1713 1713 1713 1713 1713 1713 1713
    1705 1705 1705 1739 1804 1804 1813 1873 1873 1731 1731 1722 1722
    1722 1722 1722 1713 1713 1705 1705 1705 1705 1705 1705 1696 1696
    1696 1705 1739 1785 1785 1813 1813 5460 1722 1722 1722 1722 1722
    1713 1713 1713 1713 1705 1705 1705 1705 1696 1696 1696 1696 1696
    1705 1739 1785 1785 1813 1883 1915 1722 1722 1722 1722 1713 1713
    1713 1713 1713 1713 1705 1705 1696 1696 1696 1696 1696 1696 1696
    1722 1785 1785 1873 1883 1904 1722 1722 1722 1722 1713 1713 1713
    1705 1705 1705 1705 1705 1696 1696 1696 1696 1696 1696 1696 1722
    1794 1794 1873 1873 1894 1722 1722 1722 1722 1713 1713 1705 1705
    1705 1705 1696 1696 1696 1696 1696 1696 1696 1696 1696 1713 1863
    1863 1873 1873 1894 1722 1722 1722 1713 1705 1705 1705 1696 1696
    1696 1696 1696 1696 1696 1696 1696 1688 1688 1696 1705 1863 1863
    1873 1873 1894 1722 1722 1713 1705 1705 1696 1696 1696 1696 1688
    1688 1696 1696 1696 1696 1688 1688 1688 1696 1705 1843 1843 1873
    1873 1894 1713 1713 1713 1705 1696 1696 1696 1696 1696 1688 1688
    1688 1688 1688 1688 1688 1688 1688 1688 1696 1833 1833 1873 1873
    1894 1713 1713 1705 1705 1696 1696 1696 1696 1688 1688 1688 1688
    1688 1688 1688 1688 1688 1688 1688 1696 1833 1833 1873 1873 1883
    4842 1705 1705 1705 1696 1696 1696 1696 1688 1688 1688 1688 1688
    1688 1688 1688 1680 1680 1688 1696 1833 1833 1873 1873 1883 0 1705
    1705 1696 1696 1696 1688 1688 1688 1688 1688 1688 1688 1688 1688
    1680 1680 1680 1688 1696 1833 1833 1873 1873 1883 1688 1696 1696
    1696 1696 1696 1688 1688 1688 1688 1688 1688 1680 1680 1680 1680
    1680 1680 1688 1696 1696 1894 1873 1873 1883 1688 1688 1688 1696
    1696 1688 1688 1688 1688 1688 1680 1680 1680 1680 1680 1680 1680
    1680 1688 1696 1696 1813 1813 1813 5374 1688 1688 1688 1688 1688
    1688 1688 1688 1688 1688 1680 1680 1680 1680 1680 1680 1680 1680
    1688 1688 1813 1813 1813 1813 5374 1688 1688 1688 1688 1688 1688
    1688 1688 1680 1680 1680 1680 1680 1680 1680 1680 1680 1680 1688
    1705 1722 1804 1813 1813 5374 1688 1688 1688 1688 1688 1680 1680
    1680 1680 1680 1671 1671 1671 1680 1671 1671 1671 1671 1688 1696
    1722 1776 1804 1804 5548 1688 1688 1688 1688 1680 1671 1671 1671
    1671 1671 1671 1671 1671 1671 1671 1663 1663 1671 1688 1696 1705
    1776 1804 1833 1833 1688 1688 1688 1680 1680 1671 1671 1671 1671
    1671 1671 1663 1663 1663 1663 1663 1663 1671 1680 1688 1705 1794
    1813 1833 1833 1688 1680 1680 1680 1680 1671 1671 1671 1671 1671
    1663 1663 1663 1663 1663 1663 1663 1671 1680 1688 1705 1813 1813
    1833 0 1680 1680 1680 1680 1680 1671 1663 1663 1663 1663 1663 1663
    1663 1663 1663 1663 1663 1671 1680 1688 1705 0 1705 1705 0 1680 1680
    1680 1680 1671 1663 1663 1663 1663 1663 1663 1663 1663 1663 1663
    1663 1663 1663 1680 1688 1705 0 0 0 0 1688 1688 1688 1680 1671 1663
    1663 1663 1663 1655 1655 1655 1655 1655 1655 1655 1655 1655 1671
    1688 1713 0 0 0 0 1680 1680 1680 1671 1663 1663 1663 1655 1655 1655
    1655 1655 1655 1655 1655 1655 1655 1655 1663 1671 0 0 0 0 0 1663
    1663 1663 1671 1663 1663 1663 1655 1655 1655 1655 1655 1655 1655
    1655 1655 1655 1655 1663 1671 0 0 0 0 0 1663 1663 1663 1663 1663
    1663 1663 1663 1663 1663 1663 1663 1663 1655 1655 1655 1655 1655
    1663 1671 1757 0 0 0 0 0 1663 1663 1663 1671 1671 1663 1663 1663
    1663 1663 1663 1663 1663 1663 1663 1663 1663 1663 1722 1739 0 0 0 0
    0 1663 1663 1663 1671 1671 1680 1680 1680 1680 1680 1671 1671 1680
    1680 1671 1671 1671 1671 1722 1739 0 0 0 0 0 4774 0 0 1688 1688 1696
    1696 1705 1713 1705 1705 1705 1705 1722 1731 1731 1731 1731 1731
    1731 0 0 0 5210 4774 0 0 0 0 0 1713 1713 1722 1731 1731 1731 1739
    1748 1739 1739 1739 1739 1813 0 0 0 0 0 5210 4774 4842 0 0 0 0 0
    1739 1739 1739 1739 1766 1766 1785 1766 1766 1766 1794 1813 0 0 0 0
    0 5291 4774 4774 4774 0 0 0 0 0 1776 1776 1776 1785 1794 1804 1794
    1794 1794 1794 1813 0 5548 5460 5460 0 5291 4774 4774 4774 0 0 0 0 0
    1785 1785 1804 1804 1823 1823 1823 1804 1804 1804 0 0 5548 5460 5460
    5460 5291</data></Depth5815>
</opencv_storage>
