<?xml version="1.0"?>
<opencv_storage>
<Depth11179 type_id="opencv-matrix">
  <rows>93</rows>
  <cols>61</cols>
  <dt>w</dt>
  <data>
    3365 3365 3333 3333 1094 1090 1090 3399 3399 1087 3365 3365 3365
    3365 3333 3333 3333 3333 3333 3333 3300 3300 3333 3300 3300 3300
    3300 3300 1105 1105 3269 3269 3269 3269 1105 1094 1090 1090 1094
    1094 1097 1105 1105 1112 1105 1101 1101 1105 1108 1112 1112 1112
    1112 1112 1108 1108 3238 3238 3238 3238 3208 3365 3365 3333 1094
    1094 1087 1087 1087 1087 1087 1087 3365 3365 1087 1087 1090 1090
    1094 1090 1090 1090 1094 1094 1090 1084 1080 1080 1080 1090 1094
    1090 1090 1094 1094 1094 1090 1090 1090 1094 1094 1097 1101 1105
    1105 1105 1101 1101 1105 1108 1108 1108 1108 1108 1108 1108 1108
    1112 1112 3238 3238 3208 3365 1080 1080 1080 1087 1084 1084 1084
    1084 1087 1087 1084 1080 1080 1084 1087 1090 1090 1090 1090 1090
    1087 1087 1087 1084 1080 1080 1080 1090 1094 1090 1090 1090 1090
    1094 1090 1090 1094 1094 1094 1097 1097 1105 1105 1101 1101 1105
    1105 1105 1108 1108 1108 1108 1108 1108 1112 1112 1115 1115 3208
    3208 1080 1080 1080 1080 1080 1080 1080 1080 1080 1084 1084 1084
    1080 1080 1084 1084 1087 1090 1087 1087 1087 1087 1087 1087 1087
    1084 1084 1087 1087 1090 1090 1090 1090 1090 1090 1090 1090 1090
    1094 1094 1094 1097 1097 1101 1101 1101 1101 1101 1105 1105 1108
    1108 1108 1108 1112 1112 1112 1112 1112 1112 3178 1080 1080 1080
    1080 1080 1077 1077 1080 1080 1080 1080 1080 1080 1080 1080 1080
    1084 1084 1084 1087 1087 1087 1084 1084 1087 1087 1087 1087 1087
    1090 1090 1090 1090 1090 1090 1090 1090 1090 1094 1094 1094 1097
    1097 1097 1097 1101 1101 1101 1105 1105 1105 1108 1108 1108 1112
    1108 1108 1108 1108 0 3178 1080 1080 1080 1077 1077 1077 1077 1080
    1080 1080 1080 1080 1080 1080 1080 1080 1084 1084 1084 1087 1087
    1084 1084 1084 1087 1087 1087 1087 1087 1090 1090 1090 1090 1090
    1090 1090 1090 1094 1094 1094 1097 1097 1097 1097 1097 1105 1101
    1101 1105 1105 1105 1108 1108 1108 1108 1108 1108 1108 1108 0 3178
    1080 1080 1080 1077 1077 1077 1080 1077 1077 1080 1080 1080 1080
    1080 1080 1084 1084 1084 1084 1084 1084 1084 1084 1084 1087 1087
    1087 1090 1090 1090 1090 1090 1090 1090 1090 1090 1090 1094 1094
    1094 1097 1097 1097 1097 1097 1101 1105 1105 1105 1105 1105 1105
    1105 1108 1108 1108 1108 1108 1108 0 3178 1084 1080 1077 1077 1077
    1077 1080 1077 1077 1080 1080 1080 1080 1080 1080 1084 1084 1084
    1084 1084 1084 1084 1084 1087 1087 1087 1090 1090 1090 1090 1090
    1090 1090 1090 1090 1090 1090 1094 1094 1094 1097 1097 1097 1097
    1097 1101 1105 1105 1105 1105 1105 1105 1105 1108 1108 1108 1108
    1108 1108 0 3178 0 1080 1077 1077 1077 1077 1077 1077 1077 1080 1080
    1080 1080 1080 1080 1080 1080 1080 1084 1084 1084 1084 1084 1087
    1087 1087 1087 1090 1090 1090 1090 1090 1090 1090 1090 1090 1090
    1094 1097 1097 1097 1097 1097 1097 1097 1097 1105 1105 1105 1105
    1105 1105 1105 1108 1108 1112 1112 1112 1112 0 0 1094 1084 1077 1077
    1077 1077 1077 1077 1080 1080 1080 1080 1080 1080 1080 1080 1080
    1080 1084 1084 1080 1080 1084 1087 1087 1087 1087 1087 1087 1090
    1090 1090 1090 1090 1090 1090 1094 1097 1094 1094 1094 1094 1097
    1097 1097 1097 1105 1108 1108 1108 1105 1105 1108 1108 1108 1112
    1112 1112 1112 1112 0 1094 1084 1077 1077 1077 1077 1077 1077 1080
    1080 1080 1080 1080 1080 1080 1080 1080 1080 1084 1084 1080 1080
    1084 1087 1087 1087 1087 1087 1087 1090 1090 1090 1090 1090 1090
    1094 1094 1094 1094 1094 1094 1094 1094 1094 1094 1097 1101 1105
    1105 1108 1108 1108 1108 1108 1108 1112 1112 1112 1112 1112 3208
    1084 1084 1080 1077 1077 1077 1077 1077 1080 1080 1080 1080 1080
    1080 1080 1080 1080 1080 1084 1084 1080 1080 1084 1087 1087 1087
    1087 1087 1087 1090 1090 1090 1090 1090 1090 1094 1094 1094 1094
    1094 1094 1094 1094 1094 1094 1097 1101 1105 1105 1105 1105 1108
    1108 1108 1112 1112 1112 1112 1112 1112 3178 1080 1080 1080 1077
    1077 1077 1077 1077 1080 1080 1080 1080 1080 1084 1080 1080 1080
    1084 1084 1084 1080 1080 1084 1087 1087 1087 1087 1087 1087 1090
    1090 1090 1090 1090 1090 1094 1094 1094 1094 1094 1094 1094 1094
    1094 1094 1097 1105 1105 1105 1105 1105 1108 1108 1108 1108 1108
    1105 1105 1105 1105 3178 1077 1077 1077 1077 1077 1080 1077 1077
    1080 1080 1080 1080 1080 1080 1080 1080 1084 1080 1080 1084 1080
    1080 1084 1087 1087 1087 1087 1087 1087 1090 1090 1090 1090 1090
    1094 1094 1094 1094 1094 1094 1094 1094 1097 1094 1094 1101 1105
    1105 1105 1105 1105 1108 1108 1108 1108 1108 1105 1105 1105 1108
    3208 1073 1073 1077 1077 1077 1080 1077 1077 1077 1077 1080 1080
    1080 1080 1080 1080 1084 1080 1080 1080 1080 1080 1084 1087 1090
    1090 1090 1090 1090 1090 1090 1090 1090 1090 1094 1094 1094 1094
    1094 1094 1094 1094 1097 1097 1097 1101 1105 1105 1105 1105 1105
    1108 1108 1108 1108 1108 1105 1105 1108 1108 0 1073 1073 1080 1077
    1077 1080 1077 1077 1077 1077 1080 1080 1080 1080 1080 1080 1084
    1084 1080 1080 1080 1080 1084 1087 1090 1090 1090 1090 1090 1090
    1090 1090 1090 1094 1094 1094 1094 1094 1094 1094 1094 1097 1097
    1097 1101 1101 1108 1108 1108 1108 1108 1108 1108 1108 1108 1108
    1108 1108 1108 1108 0 1073 1073 1080 1077 1077 1080 1077 1077 1077
    1077 1080 1080 1080 1080 1080 1080 1084 1084 1084 1084 1080 1080
    1084 1084 1090 1090 1090 1090 1090 1090 1090 1090 1090 1090 1090
    1090 1094 1094 1094 1094 1097 1097 1094 1094 1097 1101 1105 1105
    1105 1105 1105 1105 1108 1108 1108 1108 1108 1108 1108 1108 0 1087
    1084 1077 1077 1077 1080 1080 1077 1077 1077 1080 1080 1080 1080
    1080 1080 1084 1084 1084 1084 1080 1080 1084 1084 1087 1087 1090
    1090 1090 1090 1090 1090 1090 1090 1090 1090 1094 1094 1094 1094
    1097 1094 1094 1094 1097 1097 1105 1101 1101 1105 1105 1105 1108
    1108 1108 1108 1108 1108 1108 0 0 1087 1080 1077 1077 1077 1077 1080
    1080 1080 1080 1080 1080 1080 1080 1080 1080 1084 1084 1084 1084
    1084 1084 1087 1087 1087 1087 1087 1087 1090 1090 1090 1090 1090
    1090 1090 1090 1094 1094 1094 1094 1097 1094 1094 1094 1097 1097
    1101 1101 1101 1105 1105 1105 1108 1108 1108 1108 1108 1108 1108 0 0
    1090 1080 1077 1077 1077 1077 1080 1080 1080 1080 1080 1080 1080
    1080 1080 1080 1080 1084 1084 1084 1084 1084 1087 1087 1087 1087
    1087 1087 1090 1090 1094 1094 1090 1090 1090 1090 1094 1094 1094
    1094 1097 1097 1097 1097 1097 1097 1101 1101 1101 1105 1105 1105
    1108 1108 1108 1108 1108 1108 1108 0 0 1094 1084 1077 1077 1077 1077
    1077 1077 1077 1080 1080 1080 1080 1080 1080 1080 1080 1080 1080
    1084 1084 1087 1087 1090 1090 1090 1090 1090 1090 1090 1090 1090
    1090 1090 1090 1090 1094 1094 1094 1094 1097 1097 1097 1097 1097
    1097 1101 1101 1101 1105 1105 1105 1108 1108 1108 1108 1108 1108
    1108 0 0 1090 1084 1077 1077 1077 1077 1077 1077 1077 1080 1080 1080
    1080 1080 1080 1080 1080 1080 1080 1084 1084 1087 1087 1090 1090
    1090 1090 1090 1090 1090 1090 1090 1090 1090 1090 1090 1094 1094
    1094 1097 1097 1097 1097 1097 1097 1097 1105 1105 1105 1105 1105
    1105 1105 1105 1108 1108 1108 1108 1108 0 0 1090 1080 1077 1077 1077
    1077 1077 1077 1080 1080 1080 1080 1080 1080 1080 1080 1080 1080
    1080 1084 1084 1084 1087 1087 1087 1087 1087 1090 1090 1090 1090
    1090 1090 1090 1090 1090 1090 1094 1097 1097 1097 1094 1094 1097
    1097 1101 1105 1105 1105 1105 1105 1105 1105 1105 1105 1108 1108
    1108 1108 0 0 0 1080 1077 1077 1077 1077 1077 1077 1080 1080 1080
    1080 1080 1080 1080 1080 1080 1080 1084 1084 1084 1084 1087 1087
    1087 1087 1087 1087 1090 1090 1090 1090 1090 1090 1090 1090 1090
    1094 1097 1094 1094 1094 1094 1097 1097 1101 1105 1105 1105 1105
    1105 1105 1105 1105 1105 1108 1108 1108 1108 0 0 0 1080 1077 1077
    1077 1077 1077 1077 1080 1080 1080 1080 1080 1080 1080 1084 1084
    1084 1084 1084 1084 1084 1087 1087 1087 1087 1087 1087 1090 1090
