<?xml version="1.0"?>
<opencv_storage>
<Depth12089 type_id="opencv-matrix">
  <rows>125</rows>
  <cols>93</cols>
  <dt>w</dt>
  <data>
    6753 6753 6622 6622 6622 6622 6622 6622 6622 6622 6497 6497 6497
    6497 6497 6622 6753 6753 6622 6622 6622 6753 6753 6753 6753 6753
    6753 6622 6622 6622 6622 6622 6622 6622 6622 6497 6497 6497 6497
    6497 0 0 0 0 0 6497 6497 6497 6497 6497 6497 6497 6497 6497 6497
    6497 6497 6497 6375 6375 6497 6497 6497 6497 6375 6375 6375 6375
    6375 6622 6622 554 554 554 0 0 0 0 0 0 6259 6146 6146 6146 6146 6146
    6146 6146 6146 6146 6146 6038 6038 6753 6753 6753 6622 6622 6753
    6622 6622 6753 6622 6497 6497 6497 6497 6497 6622 6622 6622 6622
    6622 6622 6753 6753 6753 6753 6622 6622 6622 6622 6622 6622 6622
    6622 6622 6622 6497 6497 6497 6497 6497 0 0 0 0 6497 6497 6497 6497
    6497 6375 6375 6497 6497 6497 6497 6497 6497 6497 6497 6497 6497
    6497 6497 6375 6375 6375 6497 6497 552 550 550 553 553 553 554 0 0 0
    0 0 0 0 0 0 6146 6146 6259 6259 6146 6146 6146 6038 6038 6753 6753
    6753 6622 6622 6753 6622 6622 6622 6622 6622 6622 6497 6497 6622
    6622 6622 6622 6622 6622 6622 6753 6753 6753 6753 6622 6622 6622
    6622 6622 6622 6622 6622 6622 6622 6622 6497 6497 0 0 0 0 0 0 0 6497
    6497 6497 6497 539 539 539 539 542 542 542 6497 6497 6375 6375 6497
    6259 6259 6375 6375 6375 6497 549 549 550 550 552 552 552 553 0 0 0
    0 0 0 0 0 0 0 0 0 6259 6146 6146 6038 6038 6038 6753 6753 6753 6753
    6753 6753 6622 6622 6622 6622 6375 6375 6622 6753 6753 6622 6622
    6497 6497 6497 6622 6889 6889 6753 6622 6622 6622 6622 6622 6622
    6622 6497 6497 6622 6622 6622 531 532 0 0 0 0 0 0 534 534 536 540
    540 539 539 539 539 542 542 542 541 541 543 546 546 546 6259 546 546
    546 546 547 549 550 550 552 552 552 552 552 0 0 0 0 0 0 0 0 0 0 0
    6259 6146 6146 6038 6038 6146 6753 6753 6753 6753 6753 6753 6753
    6753 6622 6622 6375 6375 6753 6753 6753 6622 6622 6497 6497 6497 0 0
    0 0 6622 6622 6753 6753 6753 6622 6622 6497 6497 6497 531 531 531
    532 532 0 534 534 534 534 534 534 535 537 539 539 539 539 539 542
    541 541 541 541 543 544 545 545 546 546 546 546 546 547 548 549 549
    550 551 552 552 552 0 0 0 0 0 0 0 0 0 0 0 0 6146 6146 6146 6146 6146
    6753 6753 6753 6753 6753 6753 6753 6753 6753 0 0 0 0 0 6753 6497
    6497 6622 0 0 0 0 0 0 0 0 0 0 0 527 527 527 527 530 530 531 531 531
    532 534 534 534 534 534 534 534 534 537 538 538 539 539 539 542 541
    541 541 541 542 543 545 545 546 546 546 546 546 547 547 549 549 549
    551 552 552 552 552 0 0 0 0 0 0 0 0 0 0 0 6146 6146 6146 6146 6146
    6753 6753 6753 6889 6889 0 0 0 0 0 0 0 0 0 0 6497 6497 0 0 0 0 0 0 0
    0 0 0 0 530 527 527 527 527 530 530 531 531 531 533 533 534 534 534
    534 534 534 534 535 538 538 539 539 539 542 541 541 541 541 542 543
    544 544 544 545 546 546 546 547 547 549 549 549 549 549 553 552 552
    0 0 0 0 0 0 0 0 0 0 0 0 6146 6146 6146 6146 6889 6889 6889 0 0 0 0 0
    0 0 0 0 0 0 0 0 0 0 0 0 0 0 0 0 0 0 0 0 0 530 527 527 528 529 529
    530 530 530 530 531 533 534 534 534 534 534 534 534 537 538 538 538
    539 541 541 541 541 541 541 542 543 544 544 545 546 546 547 548 549
    549 549 549 549 549 552 551 551 0 0 0 0 0 0 0 0 0 0 0 0 6146 6146
    6146 6038 6889 6889 6889 0 0 0 0 0 0 0 0 0 0 0 0 0 0 0 0 0 0 0 0 0 0
    0 0 0 530 530 529 529 529 529 529 530 530 530 530 531 533 533 534
    534 534 534 534 534 535 538 538 538 539 540 540 540 540 541 541 542
    542 544 544 545 546 546 547 547 548 549 549 550 552 552 552 551 551
    552 0 0 0 0 0 0 0 0 0 0 0 6146 6146 6146 6038 0 0 0 0 0 0 0 0 0 0 0
    0 0 0 0 0 0 0 0 0 0 0 0 0 0 0 0 534 534 531 529 529 529 529 529 530
    530 530 531 532 533 533 534 534 534 534 534 534 535 538 538 538 539
    540 540 540 540 541 541 542 542 543 543 545 546 546 546 546 548 549
    550 550 552 552 551 549 549 552 0 0 0 0 0 0 0 0 0 0 0 6146 6146 6146
    6038 0 0 0 0 0 0 0 0 0 0 0 0 0 0 0 0 0 0 0 0 0 0 0 0 0 0 0 534 532
    531 529 529 529 529 529 529 530 530 530 531 531 532 533 533 534 534
    534 537 538 538 538 538 539 540 540 540 540 540 542 543 543 543 543
    545 545 545 546 546 547 548 550 550 552 552 551 549 549 551 0 0 0 0
    0 0 0 0 0 0 0 6146 6038 6038 6038 0 0 0 0 0 0 0 0 0 0 0 0 0 0 0 0 0
    0 0 0 0 0 0 0 0 0 0 534 532 531 529 529 529 529 529 529 529 530 530
    530 531 532 533 531 531 535 538 538 538 538 538 538 539 540 540 540
    540 540 542 543 543 544 544 544 544 545 546 546 546 548 549 549 550
    551 551 550 550 551 0 0 0 0 0 0 0 0 0 0 0 6146 6038 6038 6038 0 0 0
    0 0 0 0 0 0 0 0 0 0 0 0 0 0 0 0 0 0 0 0 0 0 0 0 0 532 531 529 529
    529 529 529 529 529 529 530 530 531 532 533 531 531 534 535 537 537
    538 539 539 540 540 540 540 540 540 542 542 543 544 544 544 544 546
    546 546 546 548 548 548 549 550 551 550 550 551 0 0 0 0 0 0 0 0 0 0
    0 6146 6038 6038 6038 0 0 0 0 0 0 0 0 0 0 0 0 0 0 0 0 0 0 0 0 0 0 0
    0 0 0 0 0 532 531 529 529 529 528 528 529 529 529 529 530 530 532
    533 531 531 534 535 537 537 538 539 540 540 540 540 540 540 541 541
    542 542 543 544 544 544 546 546 546 547 547 548 548 549 550 551 550
    548 548 0 0 0 0 0 0 0 0 0 0 0 6146 6146 6146 6146 0 0 0 0 0 0 0 0 0
    0 0 0 0 0 0 0 0 0 0 0 0 0 0 0 0 0 0 0 535 531 530 529 529 528 528
    528 529 529 529 530 530 532 533 534 534 534 534 535 536 537 539 540
    540 540 540 540 540 541 541 542 542 543 544 544 545 546 546 546 547
    547 548 548 549 550 551 550 548 548 0 0 0 0 0 0 0 0 0 0 0 6146 6146
    6146 6146 0 0 0 0 0 0 0 0 0 0 0 0 0 0 0 0 0 0 0 0 0 0 0 0 0 0 0 0
    534 533 530 528 528 528 528 528 528 529 530 530 531 532 533 534 534
    534 534 534 536 537 539 540 540 540 540 540 540 541 541 542 542 543
    544 544 545 545 546 546 547 547 548 548 549 550 551 550 549 549 0 0
    0 0 0 0 0 0 0 0 0 6146 6146 6146 6146 0 0 0 0 0 0 0 0 0 0 0 0 0 0 0
    0 0 0 0 0 0 0 0 0 0 0 0 0 534 533 530 528 528 528 527 527 528 529
    530 530 532 532 533 533 533 534 534 534 536 537 539 540 540 540 540
    540 540 539 539 542 542 543 544 544 545 545 546 546 547 547 547 547
    550 551 551 551 549 549 0 0 0 0 0 0 0 0 0 0 0 6038 6038 6038 6038 0
    0 0 0 0 0 0 0 0 0 0 0 0 0 0 0 0 0 0 0 0 0 0 0 0 0 0 0 534 534 532
    528 527 527 527 527 528 529 530 530 532 532 533 533 533 534 534 534
    535 536 537 539 539 540 540 540 540 539 539 542 542 543 544 544 545
    546 546 546 546 546 546 547 552 551 551 551 551 551 552 0 0 0 0 0 0
    0 0 0 0 6038 6038 6038 6038 0 0 0 0 0 0 0 0 0 0 0 0 0 0 0 0 0 0 0 0
    0 0 0 0 0 0 0 0 534 534 532 527 526 526 527 528 529 529 530 530 532
    533 533 533 533 534 534 534 535 536 537 538 539 539 540 540 540 540
    540 541 542 543 544 544 545 545 546 546 546 546 546 546 551 551 551
    551 551 551 552 0 0 0 0 0 0 0 0 0 0 6259 6146 6038 6038 0 0 0 0 0 0
    0 0 0 643 642 642 0 0 0 0 0 0 0 0 0 0 0 0 0 0 0 0 534 534 532 527
    526 526 527 528 528 529 529 530 533 533 534 533 533 533 534 534 535
    536 536 538 538 539 540 540 540 540 540 541 542 542 543 544 544 545
    546 546 546 546 546 546 546 546 548 550 552 552 0 0 0 0 0 0 0 0 0 0
    0 6146 6146 6038 6038 0 0 0 688 686 686 686 0 0 643 642 631 631 0 0
    0 0 0 0 0 0 0 0 0 0 0 0 0 534 534 531 530 529 527 527 528 528 528
    529 529 532 532 532 533 533 533 534 534 535 536 536 538 538 539 540
    540 540 540 540 541 541 541 542 544 544 545 545 546 546 546 545 545
    545 546 546 549 551 552 0 0 0 0 0 0 0 0 0 0 6146 6146 6146 6038 6038
    0 0 0 687 686 686 686 686 652 650 634 631 629 629 0 0 0 0 0 0 0 0 0
    0 0 0 0 535 535 534 531 530 528 527 527 528 528 528 529 529 531 531
    531 533 533 533 534 534 535 536 537 538 538 539 540 540 540 540 540
    540 540 541 542 543 544 545 545 546 546 546 545 545 545 546 546 549
    550 550 0 0 0 0 0 0 0 0 0 0 6146 6146 6146 6146 6146 0 0 0 687 684
    684 684 684 652 650 632 631 629 629 0 0 0 0 0 0 0 0 0 0 0 0 0 535
    535 534 531 529 528 527 527 528 528 529 529 529 531 531 531 533 533
    534 534 534 535 536 537 538 538 538 539 540 540 540 540 540 540 541
