<?xml version="1.0"?>
<opencv_storage>
<Depth2884 type_id="opencv-matrix">
  <rows>16</rows>
  <cols>23</cols>
  <dt>w</dt>
  <data>
    3614 3614 3614 0 0 0 0 0 0 0 0 0 0 0 0 0 0 0 0 0 0 0 0 3576 3614
    3614 3653 3614 3614 0 0 0 0 0 0 0 0 0 0 0 0 0 0 0 0 0 3576 3614 3614
    3653 3614 3614 3576 3503 3503 0 0 0 0 0 0 0 0 0 0 0 0 0 0 3576 3614
    3614 3653 3653 3614 3576 3503 3503 3576 0 0 0 0 0 0 0 0 0 0 0 0 0
    3576 3614 3614 3653 3653 3653 3653 3653 3576 3576 3816 0 0 0 0 0 0 0
    0 0 0 0 0 3614 3614 3614 3653 3653 3653 3653 3653 3692 3774 3774
    3774 3774 0 0 0 0 0 0 0 0 0 0 3614 3653 3653 3653 3692 3692 3692
    3692 3692 3732 3774 3774 3774 3774 3774 3774 0 0 0 0 0 0 0 3653 3692
    3692 3692 3732 3732 3732 3732 3732 3732 3774 3774 3774 3774 3774
    3774 3859 3859 3903 3948 3994 0 0 3653 3692 3692 3774 3774 3732 3732
    3732 3732 3732 3732 3774 3774 3816 3816 3816 3859 3859 3903 3948
    3948 3994 0 3614 3614 3653 3816 3816 3774 3732 3732 3732 3732 3732
    3774 3774 3816 3816 3816 3859 3859 3903 3903 3948 3948 3948 3614
    3614 3653 3653 3816 3774 3774 3774 3774 3774 3774 3774 3816 3816
    3816 3859 3859 3903 3903 3903 3948 3948 3948 4645 4645 4708 4708
    4708 3859 3859 3774 3774 3774 3774 3774 3816 3816 3816 3859 3859
    3903 3948 3948 3948 3948 3948 4645 4645 4708 4708 4522 4522 4522
    3774 3774 3732 3732 3732 3816 3859 3859 3903 3903 3903 3948 3948
    3948 3948 3948 4645 4645 4708 4645 4522 4522 4645 4774 4911 3732
    3732 3732 3903 3903 3903 3903 3903 3948 3948 3948 3948 3948 3994
    4645 4645 4708 4645 4582 4582 4645 4774 4911 4911 4911 4983 3948
    3903 3903 3903 3903 3948 3948 3948 3948 3994 3994 4645 4645 4708
    4645 4645 4645 4774 4774 4842 4911 4911 4983 4983 3948 3948 3948
    3948 3948 3948 3948 3948 3994 0</data></Depth2884>
</opencv_storage>
