<?xml version="1.0"?>
<opencv_storage>
<Depth0388 type_id="opencv-matrix">
  <rows>7</rows>
  <cols>31</cols>
  <dt>w</dt>
  <data>
    0 0 0 0 0 0 0 0 0 0 6259 6259 6259 6259 6259 6259 0 0 6497 6375 6375
    6375 6259 6259 6375 6375 6375 6375 6259 6259 6259 6038 6038 6038 0 0
    0 0 0 6259 6259 6259 6259 6259 6259 6259 6146 6146 6259 6259 6375
    6259 6259 6259 6259 6259 6259 6259 6259 6259 6259 6259 6038 6038
    6038 6375 6375 6259 6259 6259 6259 6259 6259 6259 6259 6259 6259
    6146 6146 6146 6146 6146 6259 6259 6259 6259 6259 6259 6146 6146
    6259 6259 6259 6146 6038 6038 6259 6259 6259 6259 6259 6259 6259
    6259 6259 6259 6259 6259 6146 6146 6146 6146 6146 6259 6259 6259
    6259 6259 6259 6038 6038 6259 6259 6259 6146 6146 6146 6259 6259
    6259 6259 6259 6259 6146 6146 6146 6146 6146 6146 6146 6146 6146
    6146 6259 6259 6259 6259 6259 6259 6259 6038 6038 6259 6259 6259
    6146 6146 6146 6259 6259 6259 6259 6146 6038 6038 6038 6146 6146
    6146 6038 6038 6038 6146 6146 6259 6259 6259 6259 6259 6259 6259
    6259 6259 6259 6497 6497 6259 6259 6259 6259 6259 6259 6259 6038
    6038 6038 6038 6259 6146 6146 6038 6038 6038 6146 6146 7332 7492
    7492 7332 6889 6889 6889 7492 7492 7332 7332 7332</data></Depth0388>
</opencv_storage>
