<?xml version="1.0"?>
<opencv_storage>
<Depth1283 type_id="opencv-matrix">
  <rows>29</rows>
  <cols>8</cols>
  <dt>w</dt>
  <data>
    4041 4041 4041 4041 3092 3092 3064 3064 4041 3994 3994 3994 4041
    4041 3120 3120 4041 3994 3994 3994 4041 4041 4089 3120 4041 4041
    4041 4041 4041 4041 4089 3120 4089 4041 4041 4041 4041 4041 4089
    3149 4089 4041 4041 4041 4041 4041 4089 3149 4089 4041 4041 4041
    4041 4089 4089 3149 4089 4041 4041 4041 4041 4089 4089 3149 4089
    4041 4041 4041 4041 4041 4089 3149 4089 4041 4041 4041 4041 4041
    4041 3149 4089 4089 4041 4041 4041 4041 4041 3149 4139 4089 4089
    4041 4041 4041 4041 3208 4139 4089 4089 4041 4041 4041 4041 3208
    4139 4089 4089 4041 4041 4041 4041 3208 4139 4139 4139 4139 4041
    4041 4041 3208 4139 4139 4139 4139 4041 3994 3948 3178 4139 4139
    4139 4139 4041 3994 3948 3178 4139 4139 4139 4139 4041 3994 3994
    3238 4139 4139 4139 4139 4089 4041 4041 4041 4139 4139 4190 4139
    4089 4089 4089 4041 4190 4190 4190 4139 4139 4089 4089 4041 4190
    4190 4190 4190 4190 4139 4089 4089 4190 4190 4190 4190 4190 4139
    4139 4089 4190 4190 4190 4190 4190 4139 4139 3149 4190 4190 4139
    4139 4139 4139 4139 3149 4190 4139 4139 4139 4139 4139 3269 3238
    4190 4139 4139 4139 4139 4139 3269 3238 4190 4139 4139 4139 4139
    4190 3269 3238 4190 4139 4139 4139 4139 4190 4190 3269</data></Depth1283>
</opencv_storage>
