<?xml version="1.0"?>
<opencv_storage>
<Depth0818 type_id="opencv-matrix">
  <rows>32</rows>
  <cols>49</cols>
  <dt>w</dt>
  <data>
    4405 4405 4463 2184 2184 2198 2198 2212 2212 2212 2198 2198 2184
    2184 2184 2184 2184 2184 2184 2170 2170 4405 4349 4349 4405 4405
    4405 4405 4405 4405 4405 4405 4405 4405 4405 4405 4349 4349 4349
    4295 4295 4349 4349 4349 4349 4349 4349 4349 4349 4405 4405 4405
    2198 2198 2198 2198 2198 2198 2198 2198 2198 2184 2184 2184 2184
    2184 2184 2184 2170 2170 2184 4349 2184 2184 4405 4405 4405 2184
    2184 2184 4405 4405 4405 4405 4405 4349 4349 4349 4349 4349 4349
    4349 4349 4349 4349 4349 4349 4349 4463 4463 2198 2198 2198 2198
    2198 2184 2184 2184 2184 2184 2198 2184 2184 2184 2184 2184 2184
    2184 2184 2184 2184 2184 2184 2184 2184 2184 2184 2184 2184 2198
    2198 2198 2198 2184 2184 2170 2170 2170 2170 4349 4349 4349 4405
    4349 4349 4349 4349 4463 4522 2212 2212 2198 2198 2198 2184 2184
    2184 2184 2184 2184 2184 2184 2184 2184 2184 2184 2184 2184 2184
    2184 2184 2184 2184 2184 2184 2184 2184 2184 2198 2198 2198 2184
    2184 2184 2170 2170 2170 2170 2184 2184 2184 2198 4349 4349 4349
    4405 4522 4522 2226 2212 2198 2198 2198 2184 2184 2184 2184 2184
    2184 2184 2184 2184 2184 2184 2184 2184 2184 2184 2184 2184 2184
    2184 2184 2184 2184 2184 2184 2198 2198 2184 2184 2184 2184 2184
    2184 2170 2170 2170 2170 2184 2184 2184 2184 4405 4405 4522 4522
    2226 2212 2212 2198 2198 2184 2184 2184 2184 2184 2184 2184 2184
    2184 2184 2184 2184 2184 2184 2184 2184 2184 2184 2184 2184 2184
    2184 2184 2184 2198 2198 2184 2184 2184 2184 2184 2184 2170 2170
    2170 2170 2170 2184 2170 2170 2170 4405 4463 4463 2226 2212 2212
    2198 2198 2198 2184 2184 2184 2184 2184 2184 2184 2184 2184 2184
    2184 2184 2184 2184 2184 2184 2184 2184 2184 2184 2184 2184 2184
    2184 2184 2184 2184 2184 2184 2184 2184 2170 2170 2170 2170 2170
    2170 2170 2170 2170 4463 4463 4463 2226 2226 2212 2198 2198 2198
    2184 2184 2184 2184 2184 2184 2184 2184 2184 2184 2184 2184 2184
    2184 2184 2184 2184 2184 2184 2184 2184 2184 2184 2184 2184 2184
    2184 2170 2170 2184 2184 2184 2184 2170 2170 2170 2170 2170 2170
    2170 4463 4463 4463 2198 2212 2212 2198 2198 2198 2184 2184 2184
    2184 2184 2184 2184 2184 2184 2184 2184 2184 2184 2184 2184 2184
    2184 2184 2184 2184 2184 2184 2184 2184 2184 2170 2170 2170 2170
    2184 2184 2184 2184 2170 2170 2170 2170 2170 2170 2170 2170 4241
    4241 2198 2184 2184 2198 2198 2184 2184 2184 2184 2184 2184 2184
    2184 2184 2184 2184 2184 2184 2184 2184 2184 2184 2184 2184 2170
    2170 2170 2184 2184 2184 2184 2170 2170 2170 2170 2184 2184 2184
    2184 2170 2170 2170 2170 2170 2170 2170 2170 4241 2184 2184 2184
    2184 2198 2184 2184 2184 2184 2184 2184 2184 2184 2184 2184 2184
    2184 2184 2184 2184 2184 2184 2184 2184 2170 2170 2170 2170 2170
    2184 2184 2184 2170 2170 2170 2170 2170 2184 2184 2184 2170 2170
    2170 2170 2170 2156 2156 2156 4405 2184 2184 2184 2184 2184 2184
    2184 2184 2184 2184 2184 2184 2184 2184 2184 2184 2184 2184 2184
    2184 2184 2184 2184 2184 2170 2170 2170 2170 2170 2184 2184 2184
    2170 2170 2170 2170 2170 2184 2184 2184 2170 2170 2170 2170 2170
    2156 2156 2156 4405 2184 2184 2184 2184 2184 2184 2184 2184 2184
    2184 2184 2184 2184 2184 2184 2184 2184 2184 2184 2184 2184 2184
    2184 2184 2184 2170 2170 2170 2170 2184 2170 2170 2170 2170 2170
    2170 2170 2170 2184 2184 2170 2170 2170 2170 2170 2170 2170 2170
    2184 2184 2184 2184 2184 2184 2184 2184 2184 2184 2184 2184 2184
    2184 2184 2184 2184 2184 2184 2184 2184 2184 2184 2184 2184 2184
    2170 2170 2184 2184 2184 2170 2170 2170 2170 2170 2170 2170 2170
    2170 2170 2184 2170 2170 2170 2170 2170 2170 2170 2184 2184 2184
    2184 2184 2184 2184 2184 2184 2184 2184 2184 2184 2184 2184 2184
    2184 2184 2184 2184 2184 2184 2184 2184 2184 2184 2184 2184 2184
    2184 2184 2170 2170 2170 2170 2184 2170 2170 2170 2170 2170 2170
    2170 2170 2170 2170 2170 2170 2170 2184 2184 2184 2184 2184 2184
    2184 2184 2184 2184 2184 2184 2184 2184 2184 2184 2184 2184 2184
    2184 2184 2184 2184 2184 2184 2184 2184 2184 2184 2184 2170 2170
    2170 2170 2170 2184 2184 2170 2170 2170 2170 2170 2170 2170 2170
    2170 2170 2184 0 2184 2184 2184 2184 2184 2184 2184 2184 2184 2184
    2184 2184 2170 2170 2184 2184 2184 2184 2184 2184 2184 2184 2184
    2184 2184 2184 2184 2184 2184 2184 2170 2170 2170 2170 2170 2184
    2184 2170 2170 2170 2170 2170 2170 2170 2170 2170 2170 2184 0 2198
    2184 2184 2184 2184 2184 2184 2184 2184 2184 2184 2184 2170 2170
    2184 2184 2184 2184 2184 2184 2184 2184 2184 2184 2184 2184 2184
    2184 2184 2184 2170 2170 2170 2170 2170 2170 2170 2170 2170 2170
    2170 2170 2170 2170 2170 2170 2170 2184 0 2198 2198 2184 2184 2184
    2184 2184 2184 2184 2184 2184 2184 2184 2184 2170 2170 2184 2184
    2184 2184 2184 2184 2184 2184 2170 2170 2184 2184 2170 2170 2170
    2170 2170 2170 2170 2170 2170 2170 2170 2170 2170 2170 2170 2170
    2170 2170 2170 0 0 2198 2198 2198 2184 2184 2184 2184 2184 2184 2184
    2184 2184 2184 2184 2170 2170 2184 2184 2184 2184 2184 2170 2170
    2170 2170 2170 2170 2170 2170 2170 2170 2170 2170 2170 2170 2170
    2170 2170 2170 2170 2170 2170 2170 2184 2184 2184 2184 0 0 2184 2198
    2198 2184 2184 2184 2184 2184 2184 2184 2184 2184 2184 2184 2184
    2184 2170 2170 2170 2170 2170 2170 2170 2170 2170 2170 2170 2170
    2170 2170 2170 2170 2170 2170 2170 2170 2170 2170 2170 2170 2170
    2170 2170 2170 2170 2170 2170 2184 0 2184 2198 2198 2184 2184 2184
    2184 2184 2170 2170 2170 2184 2184 2184 2184 2184 2170 2170 2170
    2170 2170 2170 2170 2170 2170 2170 2170 2170 2170 2170 2170 2170
    2170 2170 2170 2170 2170 2170 2170 2170 2170 2170 2170 2170 2170
    2170 2170 2184 2184 2198 2198 2198 2184 2184 2184 2184 2184 2170
    2170 2170 2184 2184 2184 2184 2184 2184 2184 2170 2170 2170 2170
    2170 2170 2170 2170 2170 2170 2170 2170 2170 2170 2170 2170 2170
    2170 2170 2170 2170 2170 2170 2170 2170 2170 2156 2156 2156 2170
    2170 2184 2184 2184 2184 2184 2184 2184 2170 2170 2170 2184 2184
    2184 2184 2184 2184 2170 2170 2184 2184 2170 2170 2170 2170 2184
    2184 2170 2170 2170 2170 2170 2170 2170 2170 2170 2170 2170 2170
    2170 2170 2170 2170 2170 2156 2156 2156 2156 2170 2170 2184 2184
    2184 2184 2184 2184 2184 2170 2170 2170 2184 2184 2184 2184 2170
    2170 2170 2170 2184 2184 2184 2170 2170 2170 2184 2184 2170 2170
    2170 2170 2170 2170 2170 2170 2170 2170 2170 2170 2170 2170 2156
    2156 2156 2156 2156 2156 2156 2170 2184 2184 2184 2184 2184 2184
    2184 2184 2170 2170 2170 2184 2184 2184 2184 2170 2170 2170 2170
    2170 2184 2184 2184 2170 2170 2170 2170 2170 2170 2170 2170 2170
    2170 2170 2170 2170 2170 2170 2170 2170 2170 2156 2156 2156 2156
    2156 2156 2156 2170 2184 2184 2184 2184 2184 2184 2184 2184 2184
    2170 2170 2184 2184 2184 2184 2170 2170 2170 2170 2170 2170 2170
    2170 2170 2170 2170 2170 2170 2170 2170 2170 2170 2170 2170 2170
    2170 2170 2170 2170 2170 2170 2156 2156 2156 2156 2156 2156 2156
    2156 4522 2184 2184 2170 2170 2184 2184 2184 2184 2170 2170 2184
    2184 2184 2184 2170 2170 2170 2170 2170 2170 2170 2170 2170 2170
    2170 2170 2170 2170 2170 2170 2170 2170 2170 2170 2170 2170 2170
    2170 2170 2170 2170 2156 2156 2156 2156 2156 2170 2170 4522 4645
    4708 2170 2170 2184 2184 2184 2184 2170 2170 2184 2184 2184 2184
    2170 2170 2170 2170 2170 2170 2170 2170 2184 2170 2170 2170 2170
    2170 2170 2170 2170 2170 2170 2170 2170 2170 2170 2170 2170 2170
    2156 2156 2156 2156 2156 2156 2170 4645 4645 4645 4708 4774 4774
    4708 4708 4708 2184 2184 2184 2184 2184 2184 2184 2184 2170 2170
    2170 2170 2170 2170 2170 2184 2184 2170 2170 2170 2170 2184 2170
    2170 2170 2170 2170 2170 2170 2170 2170 2170 2170 2156 2156 2156
    2156 2156 2170 2170 4645 4645 4708 4774 4708 4708 4708 4708 4708
