<?xml version="1.0"?>
<opencv_storage>
<Depth10161 type_id="opencv-matrix">
  <rows>149</rows>
  <cols>86</cols>
  <dt>w</dt>
  <data>
    0 0 0 0 0 0 0 0 0 0 0 0 0 0 0 0 0 827 827 827 825 823 821 819 817
    813 811 809 809 807 803 802 800 798 798 796 792 792 790 790 790 789
    787 787 787 789 787 785 785 0 790 790 785 785 785 783 783 785 789
    790 794 798 802 805 817 821 821 829 835 841 845 849 849 851 0 0 0 0
    0 0 0 0 0 0 0 0 0 0 0 0 0 0 0 0 0 0 0 0 0 0 0 0 0 827 827 827 825
    823 821 819 817 815 811 809 809 807 803 803 802 802 800 798 796 794
    794 792 792 792 792 790 790 790 789 789 789 796 790 790 790 790 790
    790 792 792 792 794 796 800 803 809 817 819 821 829 833 843 845 849
    849 851 0 0 0 0 0 0 0 0 0 0 0 0 0 0 0 0 0 0 0 0 0 0 0 0 0 0 0 0 0
    829 829 827 825 823 821 819 817 815 811 809 809 809 807 805 805 803
    803 803 803 803 800 800 800 798 798 800 798 798 794 794 796 796 796
    796 800 800 802 802 802 798 798 798 800 802 803 811 817 819 821 829
    833 841 847 849 851 854 0 0 0 0 0 0 0 0 0 0 0 0 0 0 0 0 0 0 0 0 0 0
    0 0 0 0 0 0 0 0 829 829 825 823 821 819 817 815 813 811 811 811 811
    807 807 807 807 807 807 807 805 805 805 805 805 805 805 805 805 798
    798 798 800 803 807 805 805 807 805 803 803 803 803 805 809 811 815
    819 821 829 833 841 847 847 849 854 0 0 0 0 0 0 0 0 0 0 0 0 0 0 0 0
    0 0 0 0 0 0 0 0 0 0 0 0 0 0 829 829 825 825 823 819 819 817 817 817
    817 815 815 813 813 813 813 813 813 811 811 813 813 813 815 811 811
    811 811 798 798 800 800 809 809 811 811 811 811 811 809 807 807 809
    811 813 815 819 821 829 833 841 847 847 849 854 0 0 0 0 0 0 0 0 0 0
    0 0 0 0 0 0 0 0 0 1970 1970 1970 0 0 0 0 0 0 0 0 829 829 827 825 825
    821 819 819 819 819 819 819 815 815 817 817 817 817 817 817 817 817
    817 817 817 815 813 811 811 798 798 798 819 819 815 815 813 813 815
    817 817 815 815 815 815 817 819 821 823 829 833 841 847 849 849 851
    0 0 0 0 0 0 0 0 0 0 0 1070 2016 2016 2016 2028 2016 2016 2016 1970
    1970 1970 1993 1993 0 0 0 0 0 0 829 829 827 827 825 825 823 823 823
    823 823 825 823 823 825 823 823 823 823 821 821 821 821 821 823 821
    815 815 815 815 835 0 835 825 821 821 819 819 819 821 821 821 821
    821 823 823 823 823 825 829 835 839 847 849 849 839 839 0 0 0 0 0 0
    0 0 0 0 1070 2016 2016 2016 2028 2016 2016 2016 2005 1993 1993 1993
    1993 0 0 0 0 0 0 0 0 831 831 831 831 831 827 827 827 827 833 833 829
    827 827 827 829 833 831 831 833 833 835 833 833 843 0 843 0 0 0 835
    833 833 833 827 825 825 823 823 823 829 829 829 827 827 827 829 833
    835 839 847 849 849 839 839 0 0 0 0 0 0 0 0 0 0 1070 2016 2016 2016
    2028 2016 2016 2028 2028 2016 2016 2005 2005 0 0 0 0 0 0 0 0 837 835
    835 835 835 831 831 831 839 839 839 837 835 835 833 833 837 837 837
    837 839 839 837 837 843 0 0 0 0 0 839 837 835 835 835 835 833 833
    833 833 833 833 831 831 831 831 833 835 837 841 845 849 847 839 839
    0 0 0 0 0 0 0 0 0 1077 1070 2040 2040 2040 2040 2028 2028 2040 2040
    2040 2040 2065 2065 0 0 0 0 0 0 0 0 841 841 841 843 854 854 854 847
    845 845 845 845 845 845 845 845 847 845 845 841 841 841 839 839 847
    0 0 0 0 0 851 847 841 841 841 841 841 839 837 837 837 837 837 835
    835 833 833 837 839 843 845 849 847 839 839 0 0 0 0 0 0 0 0 0 1077
    1073 2053 2053 2053 2040 2040 2040 2053 2040 2040 2053 2065 2065
    2090 0 0 0 0 0 0 0 0 849 849 849 854 854 854 851 851 849 847 847 847
    847 851 851 851 854 851 849 849 849 849 849 854 0 0 0 0 0 851 851
    849 849 847 847 847 847 849 845 845 845 845 843 841 839 839 839 841
    843 847 847 847 0 0 0 0 0 0 0 0 0 0 1084 1080 1077 2065 2078 2065
    2053 2053 2053 2053 2065 2065 2065 2078 2078 2090 2090 0 0 0 0 0 0 0
    0 851 851 856 856 860 858 856 851 847 847 0 0 856 856 856 856 856
    856 856 858 856 856 860 0 0 0 0 0 856 854 854 854 854 854 851 851
    851 851 854 856 856 854 854 854 854 854 854 851 851 847 847 0 0 0 0
    0 0 0 0 0 0 1084 1080 1077 2090 2090 2090 2078 2065 2065 2065 2078
    2078 2078 2090 2090 2090 2090 0 0 0 0 0 0 0 0 0 0 0 0 862 862 864 0
    0 0 0 0 875 862 862 860 860 862 862 860 860 880 880 0 0 0 0 869 860
    858 856 856 856 858 858 856 854 854 854 856 860 860 858 858 858 860
    860 856 854 854 0 0 0 0 0 0 0 0 0 1094 1090 1084 1080 1077 2156 2156
    2116 2103 2090 2090 2090 2090 2078 2078 2090 2090 2103 0 0 0 0 0 0 0
    0 0 0 0 0 0 0 0 0 0 0 0 0 0 875 875 875 873 871 871 871 873 875 880
    880 0 0 0 0 869 867 867 869 864 864 864 862 858 854 854 854 864 864
    867 862 862 862 862 862 862 862 0 0 0 0 0 0 0 0 0 0 1094 1090 1090
    1084 1077 2170 2156 2143 2116 2103 2103 2116 2116 2116 2116 2116
    2103 2103 0 0 0 0 0 0 0 0 0 0 0 0 0 0 0 0 0 0 0 0 0 889 887 882 878
    878 878 878 878 878 880 880 0 0 0 0 0 882 873 873 875 875 871 864
    860 854 854 854 869 869 869 867 736 734 734 731 731 731 731 0 0 0 0
    0 0 0 0 1108 1101 1097 1094 1084 1084 2170 2170 2156 2156 2143 2129
    2129 2143 2143 2143 2129 2129 0 0 0 0 0 0 0 0 0 0 0 0 0 0 0 0 0 0 0
    0 0 0 0 891 887 887 887 887 887 885 880 880 0 0 0 0 0 0 882 882 885
    885 880 875 869 862 854 854 854 878 875 739 736 736 734 734 730 730
    731 731 0 0 0 0 0 0 0 0 1108 1105 1101 1094 1090 1041 2184 2170 2156
    2156 2156 2143 2143 2156 2170 2156 2156 2156 0 0 0 0 0 0 0 0 0 0 0 0
    0 0 0 0 0 0 0 0 0 0 0 903 896 896 896 896 894 894 894 0 0 0 0 0 0 0
    889 889 887 887 885 885 887 887 854 854 741 741 741 738 736 734 734
    733 730 730 731 731 733 0 0 0 0 0 0 0 1112 1108 1105 1097 1041 1041
    2198 2198 2184 2170 2170 2170 2170 2170 2170 2170 2170 2170 0 0 0 0
    0 0 0 0 0 0 0 0 0 0 0 0 0 0 0 0 0 0 0 908 908 906 906 906 903 898
    898 0 0 0 0 0 0 0 896 894 894 754 754 754 754 754 749 747 741 741
    741 738 736 734 733 733 731 731 731 731 733 738 0 0 0 0 0 0 1112
    1112 1105 1097 1041 1041 2212 2212 2212 2198 2184 2184 2184 2184 0 0
    0 0 0 0 0 0 0 0 0 0 0 0 0 0 0 0 0 0 0 0 0 0 0 0 0 915 913 910 910
    913 908 906 906 0 0 0 0 0 0 769 766 762 755 754 754 754 752 750 749
    747 744 742 741 738 736 734 731 731 731 731 733 733 738 738 741 0 0
    0 0 1119 1115 1112 1105 1097 1041 1041 2226 2226 2226 2226 2226 2212
    2212 0 0 0 0 0 0 0 0 0 0 0 0 0 0 0 0 0 0 0 0 0 0 0 0 0 0 0 0 918 915
    915 915 915 918 918 920 0 0 0 776 0 769 766 764 759 755 755 754 754
    752 750 749 747 746 744 741 739 736 734 731 731 731 731 733 733 736
    739 741 0 0 0 0 1119 1115 1112 1108 1108 1044 1044 2256 2226 2226
    2226 2241 2241 0 0 0 0 0 0 0 0 0 0 0 0 0 0 0 0 0 0 0 0 0 0 0 0 0 0 0
    0 0 0 928 928 918 918 920 923 925 925 776 776 776 773 769 766 762
    759 757 755 754 754 752 750 749 749 746 744 742 741 736 734 731 731
    731 731 731 733 736 739 741 741 762 0 1119 1119 1115 1112 1108 1057
    1054 1054 2286 0 0 0 0 0 0 0 0 0 0 0 0 0 0 0 0 0 0 0 0 0 0 0 0 0 0 0
    0 0 0 0 0 0 0 790 790 790 790 792 792 925 776 776 776 774 771 771
    769 766 762 761 757 757 755 754 752 749 749 747 746 742 742 741 736
    734 733 731 731 731 731 733 739 744 744 746 762 764 764 1119 1115
    1067 1063 1057 1057 1057 2286 0 0 0 0 0 0 0 0 0 0 0 0 0 0 0 0 0 0 0
    0 0 0 0 0 0 0 0 0 0 0 0 0 0 792 790 790 789 789 789 785 780 776 776
    776 774 771 769 767 766 764 761 757 755 754 754 752 749 747 747 744
    742 742 741 738 736 731 730 730 730 730 731 741 744 744 746 762 764
    766 766 1067 1067 1063 1060 1060 1063 0 0 0 0 0 0 0 0 0 0 0 0 0 0 0
    0 0 0 0 0 0 0 0 0 0 0 0 0 0 0 0 0 0 794 792 790 790 789 789 789 785
    780 778 776 776 774 771 769 767 766 764 761 757 755 754 754 750 749
    747 746 744 742 741 738 738 733 731 730 730 730 730 731 738 744 744
    746 762 764 766 769 771 1070 1070 1070 1070 1073 0 0 0 0 0 0 0 0 0 0
    0 0 0 0 0 0 0 0 0 0 0 0 0 0 0 0 0 0 0 0 0 0 0 794 794 792 792 790
    789 789 785 781 780 776 776 773 771 769 767 766 764 761 757 755 754
    752 750 749 746 746 742 742 741 736 736 733 731 730 730 728 728 730
    736 744 744 749 762 764 766 769 771 771 1070 1070 1070 1077 0 0 0 0
