<?xml version="1.0"?>
<opencv_storage>
<Depth9870 type_id="opencv-matrix">
  <rows>26</rows>
  <cols>13</cols>
  <dt>w</dt>
  <data>
    1338 1333 1333 3178 3208 3208 3208 3208 3208 3208 3238 0 0 3178 3178
    3178 3178 3208 3208 3208 3208 3208 3208 3208 0 0 3178 3149 3149 3178
    3208 3208 3208 3208 3208 3208 3208 3238 0 3178 3149 3149 3149 3178
    3178 3208 3208 3208 3208 3238 3238 0 3178 3149 3149 3149 3178 3178
    3178 3178 3208 3208 3208 3238 0 3178 3149 3149 3149 3178 3178 3178
    3178 3208 3208 3208 0 0 3178 3149 3149 3149 3149 3178 3178 3208 3208
    3208 3208 0 0 3178 3178 3149 3149 3149 3178 3178 3208 3178 3178 3178
    0 0 3178 3178 3149 3149 3149 3178 3178 3178 3178 3149 3120 3120 0
    3208 3178 3149 3149 3178 3178 3178 3178 3149 3149 3120 3120 3149
    3092 3120 3149 3149 3178 3149 3149 3149 3149 3149 3149 3149 3149
    3092 3092 3149 3149 3178 3149 3149 3149 3149 3149 3149 3120 3120
    3010 3010 3092 3120 3149 3149 3149 3149 3149 3149 3149 3120 3092
    3010 3010 3064 3120 3149 3149 3120 3120 3149 3149 3149 3120 3092
    3010 3010 3064 3120 3149 3149 3120 3120 3120 3149 3149 3149 3120
    3064 3064 3092 3120 3149 3149 3120 3120 3120 3149 3149 3178 3178
    3092 3092 3120 3120 3149 3149 3120 3120 3120 3120 3120 3149 3149
    3092 3092 3120 3120 3149 3149 3120 3120 3120 3120 3120 3092 3092
    3149 3149 3149 3120 3120 3120 3120 3120 3120 3120 3120 3092 3092
    3208 3149 3149 3120 3120 3120 3120 3120 3120 3120 3120 3120 3120
    3238 3178 3120 3120 3120 3120 3120 3120 3092 3092 3120 3120 3092
    3238 3178 3092 3092 3120 3120 3120 3092 3092 3092 3092 3120 3092
    4089 3120 3092 3092 3092 3092 3092 3092 3092 3092 3092 3120 3120
    4041 3092 3092 3092 3092 3092 3092 3092 3092 3092 3092 3120 3092
    4041 3092 3092 3092 3092 3092 3092 3092 3092 3092 3092 3120 3064
    3149 3149 3120 3120 3092 3092 3092 3092 3092 3092 3120 3120 3064</data></Depth9870>
</opencv_storage>
