<?xml version="1.0"?>
<opencv_storage>
<Depth11519 type_id="opencv-matrix">
  <rows>19</rows>
  <cols>8</cols>
  <dt>w</dt>
  <data>
    7178 7178 7178 7030 7030 7030 0 0 7178 7178 7178 7030 7030 6889 6889
    0 7178 7178 7178 7178 7030 6889 6889 0 7178 7178 7178 7030 7030 7030
    7030 0 7178 7178 7178 7030 7030 7030 7030 7030 7178 7178 7030 7030
    7030 7030 7030 7030 4842 7030 7030 7030 7030 7030 7030 7178 4774
    4774 7030 7030 7030 7030 7030 7178 4708 4708 7178 7030 7030 7030
    7178 7030 4708 4708 7178 7030 7030 7030 7178 7030 4708 4774 7178
    7178 7178 7178 7178 7030 4708 4774 7030 7178 7178 7178 7178 7178
    4708 4774 7030 7178 7178 7178 7178 7178 4708 4842 7332 7178 7178
    7178 7178 7178 4708 4842 7332 7178 7178 7178 7178 7030 4774 7332
    7332 7178 7178 7178 7178 7030 4774 7332 7332 7332 7178 7178 7178
    7030 7492 7332 7332 7332 7178 7178 7178 7030 4708 7332 7332 7332
    7178 7178 7178 7030</data></Depth11519>
</opencv_storage>
