<?xml version="1.0"?>
<opencv_storage>
<Depth18022 type_id="opencv-matrix">
  <rows>58</rows>
  <cols>106</cols>
  <dt>w</dt>
  <data>
    3468 3468 3503 1232 1232 1232 1232 1236 1241 1236 1236 1232 1232
    1232 1232 1227 1227 1223 1223 1223 1227 1227 1232 1232 1227 1223
    1223 1223 1223 1223 1219 1219 1219 1219 1219 1219 1219 1223 1223
    1223 1223 1223 3399 3399 3399 1223 1219 1219 1219 1219 1219 1219
    3365 3365 3365 3365 3365 1214 1214 1219 1219 3333 3399 3365 3333
    1206 1202 1202 1202 3333 3238 3208 3208 3208 3208 3208 3208 3238
    3238 3269 1210 1210 1210 3333 3333 3365 3333 3269 3238 3178 3120
    3092 3064 3064 3064 3010 3010 3010 3010 2256 2226 2226 2212 2184
    2156 2143 3433 3433 1232 1232 1232 1223 1223 1223 1227 1227 1227
    1223 1223 1227 1227 1223 1223 1219 1219 1219 1219 1223 1219 1219
    1219 1219 1219 1214 1214 1219 1219 1219 1214 1214 1210 1210 1210
    1206 1206 1210 1210 1210 1210 1219 1219 1219 1214 1214 1214 1214
    1210 1206 1206 1206 1202 1202 1206 1210 1210 1210 1202 1202 1202
    1202 1202 1202 1202 1197 1197 1197 1197 1193 1193 1193 1193 1193
    1193 1189 1189 3269 1197 1197 1202 1202 3333 3333 3269 3269 3269
    3178 3149 3092 3092 3092 3092 3010 3010 2984 2984 2271 2241 2226
    2212 2184 2156 2143 3433 1241 1241 1223 1223 1219 1219 1219 1223
    1219 1219 1219 1219 1214 1214 1214 1214 1214 1214 1214 1214 1214
    1210 1210 1210 1210 1210 1210 1210 1210 1210 1206 1206 1206 1206
    1206 1206 1202 1202 1202 1202 1202 1202 1202 1202 1197 1197 1197
    1210 1210 1206 1202 1202 1202 1197 1197 1202 1202 1202 1197 1193
    1193 1193 1193 1193 1197 1193 1193 1193 1193 1193 1193 1193 1193
    1193 1193 1185 1185 1181 1181 1189 1193 1193 1197 1202 1202 3269
    3269 3208 3208 3178 3092 3092 3092 3092 2984 2984 2984 2984 2271
    2241 2226 2212 2184 2156 2143 3399 1241 1241 1236 1219 1210 1210
    1210 1214 1210 1210 1210 1206 1206 1206 1206 1206 1206 1202 1202
    1202 1202 1202 1202 1202 1202 1202 1202 1202 1202 1202 1202 1197
    1197 1193 1193 1193 1197 1193 1193 1193 1193 1193 1193 1189 1189
    1189 1189 1189 1189 1185 1185 1185 1193 1189 1189 1193 1193 1193
    1189 1189 1189 1189 1189 1189 1185 1185 1185 1185 1189 1189 1189
    1189 1189 1189 1185 1181 1177 1177 1177 1177 1185 1165 1165 1202
    1202 3269 3269 3208 3208 3208 3120 3120 3120 3178 2958 2958 2958
    2984 2271 2256 2226 2212 2198 2156 2143 0 1241 1241 1236 1219 1202
    1202 1206 1206 1206 1206 1202 1202 1197 1197 1197 1197 1197 1197
    1197 1197 1197 1197 1193 1193 1193 1193 1189 1189 1189 1189 1189
    1193 1189 1189 1189 1189 1189 1189 1185 1185 1185 1185 1185 1185
    1181 1181 1181 1181 1181 1177 1177 1177 1177 1173 1173 1177 1177
    1189 1185 1185 1181 1181 1181 1177 1177 1177 1177 1177 1181 1181
    1181 1185 1185 1181 1177 1177 1173 1173 1173 1173 1169 1161 1157
    1157 1157 3269 3269 3208 3208 3208 3178 3178 3178 3178 2958 2958
    2958 2984 2984 2271 2226 2212 2198 2156 2143 0 1245 1245 1232 1232
    1193 1193 1193 1197 1202 1202 1197 1197 1189 1189 1189 1193 1193
    1193 1189 1185 1185 1185 1185 1189 1189 1185 1185 1185 1185 1185
    1185 1185 1185 1185 1185 1185 1181 1181 1181 1177 1177 1177 1177
    1177 1177 1177 1173 1173 1169 1169 1169 1169 1169 1169 1169 1173
    1165 1165 1173 1169 1169 1165 1165 1173 1173 1173 1173 1173 1173
    1173 1173 1169 1165 1165 1169 1169 1169 1169 1165 1161 1161 1161
    1157 1157 1157 1157 3208 3208 3208 3208 3178 3178 3178 3208 3208
    2984 2984 2984 2984 2984 2212 2212 2198 2156 2129 0 1219 1219 1219
    1206 1189 1181 1181 1189 1189 1185 1185 1185 1185 1185 1185 1185
    1185 1185 1181 1181 1181 1181 1185 1185 1181 1181 1181 1181 1181
    1177 1177 1177 1177 1173 1173 1173 1173 1173 1173 1173 1173 1169
    1169 1169 1169 1169 1165 1165 1161 1161 1161 1161 1161 1161 1161
    1161 1161 1161 1165 1165 1161 1157 1157 1161 1161 1161 1161 1165
    1165 1165 1165 1161 1157 1157 1157 1157 1157 1157 1157 1153 1149
    1149 1153 1153 1153 1141 3208 3208 3208 3208 3208 3208 3208 3208
    3208 3208 2984 2984 2984 2958 2212 2198 2198 2143 2129 0 1197 1219
    1219 1202 1189 1169 1169 1173 1173 1173 1173 1177 1177 1177 1173
    1173 1173 1173 1173 1173 1173 1173 1173 1173 1173 1173 1169 1169
    1169 1169 1169 1169 1165 1165 1165 1165 1165 1165 1165 1165 1165
    1169 1169 1165 1165 1165 1161 1157 1157 1153 1153 1153 1153 1153
    1153 1153 1153 1149 1149 1157 1157 1153 1153 1149 1149 1149 1145
    1145 1149 1149 1149 1149 1149 1157 1153 1153 1153 1145 1145 1149
    1145 1145 1145 1141 1141 1141 1141 3208 3208 3208 3178 3178 3208
    3208 3208 3208 2958 2958 2958 2958 2198 2198 2198 2143 2129 0 1197
    1197 1197 1185 1165 1161 1161 1165 1169 1173 1173 1169 1165 1165
    1165 1165 1165 1169 1169 1169 1165 1161 1161 1161 1165 1161 1161
    1157 1157 1161 1161 1161 1161 1161 1157 1157 1157 1157 1157 1157
    1157 1149 1149 1157 1157 1153 1153 1153 1149 1145 1145 1145 1145
    1145 1145 1149 1145 1145 1149 1149 1145 1145 1145 1145 1145 1145
    1141 1141 1141 1141 1141 1141 1138 1138 1138 1134 1134 1141 1141
    1141 1138 1138 1141 1141 1138 1138 1138 1130 3208 3208 3178 3178
    3149 3149 3149 2933 2933 2933 2958 2859 2198 2198 2170 2156 2143 0
    1197 1197 1185 1173 1165 1161 1161 1165 1165 1169 1169 1165 1165
    1161 1161 1161 1165 1165 1161 1161 1161 1157 1157 1157 1157 1157
    1157 1157 1157 1157 1157 1157 1153 1153 1153 1153 1153 1153 1149
    1145 1145 1145 1145 1145 1149 1149 1141 1141 1141 1141 1141 1141
    1141 1141 1141 1141 1141 1141 1141 1141 1138 1138 1138 1138 1141
    1141 1138 1138 1138 1134 1134 1130 1130 1130 1126 1126 1130 1126
    1126 1126 1126 1126 1138 1134 1134 1130 1130 1130 1112 3178 3178
    3149 3120 3120 3120 2933 2933 2933 2958 2859 2198 2198 2170 2156
    2143 0 1181 1181 1181 1173 1165 1161 1161 1165 1161 1161 1165 1161
    1161 1161 1161 1161 1161 1161 1161 1157 1157 1157 1157 1157 1157
    1157 1157 1157 1157 1157 1153 1153 1153 1153 1153 1153 1153 1149
    1145 1145 1145 1145 1145 1145 1141 1141 1141 1138 1138 1138 1138
    1138 1138 1138 1138 1141 1138 1138 1138 1134 1134 1134 1134 1130
    1130 1130 1130 1130 1130 1126 1126 1126 1126 1126 1126 1126 1123
    1123 1123 1123 1123 1123 1123 1123 1119 1115 1115 1112 1112 0 3149
    3149 3120 3120 3120 1210 2958 2958 2958 2933 2212 2198 2184 2156
    2143 0 0 1177 1177 1173 1169 1165 1165 1165 1161 1161 1165 1161 1161
    1161 1161 1161 1161 1161 1161 1157 1157 1157 1157 1157 1157 1157
    1157 1153 1153 1157 1153 1153 1153 1153 1153 1153 1149 1149 1145
    1145 1145 1145 1145 1145 1141 1141 1141 1138 1138 1138 1138 1138
    1138 1138 1138 1138 1134 1134 1138 1134 1134 1134 1134 1130 1130
    1130 1130 1126 1126 1126 1126 1126 1126 1126 1123 1123 1123 1123
    1123 1119 1119 1123 1119 1119 1115 1115 1112 1112 1112 0 0 1112 1214
    0 1214 0 1210 1210 1210 1210 2212 1202 1193 1193 1197 3399 0 1177
    1177 1173 1169 1165 1165 1169 1165 1165 1165 1165 1165 1161 1161
    1161 1165 1161 1161 1161 1157 1157 1157 1157 1157 1157 1157 1153
    1153 1157 1153 1153 1153 1153 1153 1153 1149 1149 1149 1145 1145
    1145 1145 1145 1145 1141 1141 1138 1138 1138 1138 1138 1138 1138
    1138 1138 1134 1134 1138 1134 1134 1134 1134 1130 1130 1130 1130
    1126 1126 1126 1126 1126 1126 1126 1123 1123 1123 1123 1123 1119
    1119 1119 1119 1119 1115 1115 1112 1112 1112 1112 0 0 0 0 0 1214
    1210 1210 1206 1189 1189 1202 1193 1193 1197 3399 0 1181 1181 1173
    1173 1169 1169 1169 1169 1169 1169 1169 1169 1165 1165 1165 1165
    1165 1161 1161 1161 1161 1161 1157 1157 1157 1157 1157 1157 1157
    1157 1157 1153 1153 1153 1153 1153 1149 1149 1153 1149 1149 1149
    1149 1145 1141 1141 1141 1141 1141 1138 1138 1138 1138 1138 1138
    1138 1138 1138 1134 1134 1134 1134 1130 1130 1130 1130 1126 1126
    1126 1126 1126 1126 1126 1126 1126 1123 1123 1123 1119 1119 1119
    1119 1119 1115 1115 1115 1115 1115 0 0 0 1214 0 0 1214 1206 1197
    1197 1189 1189 1197 1193 1193 1197 0 0 0 1181 1177 1173 1169 1169
