<?xml version="1.0"?>
<opencv_storage>
<Depth19921 type_id="opencv-matrix">
  <rows>89</rows>
  <cols>74</cols>
  <dt>w</dt>
  <data>
    3948 3948 3994 3994 4041 4041 4041 4041 4041 4041 954 954 956 954
    954 951 948 948 946 946 946 946 951 4295 4295 4295 4295 4295 4295
    4295 4349 4349 4349 4349 4349 4349 4349 4349 4349 4349 4405 4463
    4463 4463 4463 4463 4463 4463 4522 4522 4522 4522 4582 4582 4582
    4582 4582 4582 4645 4645 4645 4645 4708 4708 4774 4774 4774 4774
    4774 4774 4842 4842 4842 4842 3948 3948 3994 3994 3994 4041 4041
    4041 4041 956 954 954 954 954 954 951 951 948 946 946 946 951 951
    951 4295 4295 4295 4295 4295 4295 4349 4349 4349 4349 4349 4349 4349
    4349 4405 4405 4405 4405 4463 4463 4463 4463 4463 4463 4522 4522
    4522 4522 4522 4582 4582 4582 4582 4582 4645 4645 4645 4645 4708
    4708 4774 4774 4774 4774 4774 4774 4842 4842 4842 4842 3948 3948
    3994 3994 3994 4041 4041 964 962 956 956 954 954 954 954 951 951 948
    946 946 946 951 951 0 0 4349 4349 4349 4349 4349 4349 4349 4349 4349
    4349 4349 4349 4349 4405 4405 4349 4349 4405 4405 4405 4463 4463
    4463 4522 4522 4522 4522 4522 4582 4582 4582 4582 4582 4645 4645
    4645 4645 4708 4708 4842 4842 4774 4774 4774 4842 4842 4842 4842
    4911 3903 3948 3948 3994 3994 3994 959 959 962 956 956 954 954 954
    954 951 951 948 946 946 946 951 951 0 0 4522 4405 4405 4349 4349
    4349 4522 4522 4349 4349 4349 4349 4405 4405 4405 4349 4349 4405
    4405 4405 4463 4463 4463 4522 4522 4522 4522 4522 4582 4582 4582
    4582 4582 4645 4708 4708 4708 4774 4774 4774 787 785 783 781 781 781
    781 781 781 3903 3903 3903 970 970 959 956 956 959 959 956 954 954
    951 951 951 951 948 946 946 946 946 946 0 0 4522 4522 4463 4405 4405
    4405 4405 4405 4405 835 815 815 815 815 813 811 811 811 811 4522
    4522 4522 4522 4522 4522 4522 4522 4582 4582 4645 4582 4582 4582
    4708 4708 4774 4774 4774 4774 4774 787 785 783 781 781 781 781 778
    776 3859 3859 970 970 967 959 956 956 956 956 956 954 954 951 951
    951 903 903 898 896 896 0 887 885 875 4522 4522 4405 4405 4405 4405
    4405 0 0 0 0 815 815 815 813 813 811 811 811 811 4522 4522 4522 4522
    4522 0 762 0 0 0 4582 4582 4582 4708 4774 4842 4842 4842 4774 789
    787 785 783 783 781 781 781 778 774 3859 3859 970 970 962 959 956
    956 956 956 956 954 948 940 940 906 903 901 896 894 891 889 887 885
    875 875 875 4405 4405 4405 4405 858 0 835 835 835 815 815 815 813
    813 811 811 811 0 0 787 787 762 762 762 762 762 0 762 0 750 0 0 0
    747 789 789 789 789 787 785 783 783 781 781 781 778 774 3903 3903
    3903 970 962 959 956 956 954 954 954 951 946 938 906 903 903 901 896
    894 891 889 885 882 875 869 860 860 856 856 858 858 829 835 835 835
    823 817 817 815 813 809 809 809 792 789 787 787 787 762 762 762 762
    762 0 0 0 0 0 0 0 0 0 790 790 787 785 783 783 781 781 780 778 774
    3903 3903 3903 962 962 962 956 954 951 951 951 943 940 933 906 903
    903 901 896 891 891 887 882 878 873 858 856 856 856 856 858 829 829
    827 827 825 821 817 815 815 813 809 794 792 792 789 787 787 787 762
    762 762 762 762 0 0 0 0 0 0 747 747 757 792 792 787 785 783 781 781
    780 780 778 774 3903 3903 3948 3948 967 959 954 951 948 946 946 943
    938 933 923 906 903 901 896 891 889 880 875 871 864 856 851 845 839
    835 833 827 827 825 823 821 821 817 815 815 813 794 794 792 792 787
    787 787 787 764 764 766 773 0 0 0 0 750 750 747 747 747 757 757 757
    759 778 778 774 774 778 776 774 774 3903 3903 3948 3948 967 959 951
    948 946 943 940 938 935 930 928 910 903 903 901 894 889 878 873 869
    860 856 849 845 839 835 831 827 825 823 821 817 817 813 809 796 796
    794 794 792 792 785 785 785 766 764 764 766 773 773 754 754 752 752
    750 747 747 752 754 755 757 759 761 766 767 769 773 774 773 773 3903
    3903 3948 3948 967 959 951 948 946 943 940 938 935 930 925 920 915
    913 908 901 891 878 873 869 860 856 849 845 839 835 831 827 825 823
    819 817 813 809 800 794 774 771 767 767 766 766 764 762 761 761 759
    759 755 755 754 752 752 752 750 750 750 752 754 755 757 761 761 764
    766 766 767 771 771 773 3903 3903 3948 3948 964 959 951 948 946 943
    940 938 935 928 923 920 915 910 908 903 896 889 873 869 862 856 849
    845 839 835 831 825 823 821 815 811 805 803 798 794 773 771 767 766
    766 764 762 761 757 757 757 755 754 754 752 752 752 752 752 752 752
    752 754 755 759 761 761 762 764 764 766 769 771 773 3903 3903 3903
    964 964 959 954 951 946 943 940 938 935 928 923 920 915 910 906 901
    896 889 871 869 864 862 858 851 845 839 831 819 817 813 811 807 803
    802 798 794 773 769 766 766 764 762 761 759 757 757 755 754 754 752
    752 752 752 752 752 752 752 754 754 755 759 761 761 761 762 762 766
    766 767 771 3903 3903 3903 964 964 959 956 951 946 943 943 938 935
    928 923 918 913 910 903 901 896 875 871 869 864 862 860 856 849 847
    845 817 815 813 811 807 803 802 800 796 773 769 766 766 764 762 761
    759 755 755 755 754 754 750 750 750 750 750 752 752 754 754 755 757
    759 759 759 761 762 762 766 766 766 767 3859 3859 3859 962 962 959
    954 951 946 940 940 938 935 928 923 918 913 908 903 898 889 875 871
    867 862 860 858 856 851 847 843 817 815 813 811 809 807 803 802 800
    790 776 767 767 766 764 761 759 755 755 754 754 752 750 750 750 750
    750 754 754 754 755 757 757 759 759 759 762 764 764 764 766 766 766
    3859 3859 3859 959 959 959 954 951 943 940 940 938 933 925 920 915
    910 908 903 896 889 875 871 867 862 860 858 856 851 847 841 819 817
    813 811 809 807 805 802 796 792 783 773 773 771 767 762 759 755 755
    754 754 752 750 750 750 750 752 754 754 755 757 759 759 759 759 759
    762 764 764 764 766 766 766 3903 3903 3859 959 959 956 954 948 943
    940 940 938 933 925 920 915 910 908 903 896 889 878 871 867 862 860
    858 856 854 847 841 819 817 815 811 809 807 802 798 796 792 785 781
    778 774 773 771 762 757 755 754 754 752 750 750 752 752 755 757 757
    757 757 759 759 759 759 761 762 764 764 764 764 766 766 3859 3859
    3859 959 959 956 951 948 943 940 940 938 930 923 920 915 910 906 903
    898 889 875 871 867 862 860 858 856 851 847 827 819 817 815 813 809
    805 802 798 794 792 785 781 778 774 773 771 767 762 757 754 754 754
    752 752 752 754 757 759 759 759 759 759 759 759 759 761 761 762 764
    764 764 766 766 3859 3859 3859 967 962 956 951 948 943 940 940 938
    930 923 920 915 910 906 903 898 889 875 871 867 862 860 858 854 851
    845 827 821 817 815 813 809 803 800 798 794 790 783 780 778 774 773
    769 766 761 759 757 754 754 754 754 754 757 759 759 759 759 759 759
    759 759 759 761 761 762 764 764 764 766 766 3903 3903 3903 967 962
    956 951 948 943 940 940 938 930 923 920 918 910 906 903 901 894 875
    869 867 862 860 856 854 849 845 827 823 817 815 815 809 803 800 798
    794 785 783 780 778 774 771 767 766 761 759 757 755 755 755 755 757
    757 759 759 759 759 757 757 759 759 759 761 761 762 764 764 766 766
    766 3903 3903 3903 967 959 956 951 948 943 938 938 938 930 925 920
    918 910 906 903 901 894 875 869 864 860 858 856 851 849 845 827 823
    819 815 811 807 803 802 800 794 785 783 780 778 774 769 767 766 761
    761 757 755 755 755 757 757 757 759 759 757 757 757 757 759 759 759
    761 762 762 764 764 766 766 766 3903 3903 3903 967 959 956 951 948
    943 938 938 935 928 925 923 918 910 906 903 898 894 878 869 864 860
    858 856 851 849 845 825 823 819 815 811 807 803 802 800 794 785 783
    780 776 774 769 767 766 762 761 759 755 755 755 757 757 757 757 759
    757 757 757 757 759 759 759 761 762 762 764 766 766 766 766 3859
    3859 3903 970 959 956 951 948 943 938 938 930 928 923 920 918 910
    906 901 898 891 878 869 864 860 858 856 851 849 845 825 821 819 815
    809 807 803 802 800 794 785 783 780 776 773 771 767 766 762 761 759
    757 757 757 757 757 757 757 759 759 757 757 757 759 759 759 761 761
    764 766 766 766 766 766 3859 3859 970 964 959 956 951 948 943 938
