<?xml version="1.0"?>
<opencv_storage>
<Depth3023 type_id="opencv-matrix">
  <rows>24</rows>
  <cols>47</cols>
  <dt>w</dt>
  <data>
    2381 2333 2333 2333 2286 2241 2241 2241 2241 2241 2241 2241 2241
    2226 2226 4190 4190 4190 4190 4241 4241 4241 4241 4190 4190 4190
    4190 4190 4190 4139 4139 4139 4139 4139 4139 4139 4139 4139 4139
    4139 4139 4089 4089 4089 4089 4089 4089 2365 2333 2333 2333 2241
    2241 2241 2241 2241 2241 2241 2241 2241 2226 2226 2241 2241 2241
    4190 4190 4190 4241 4241 4241 4241 4190 4190 4190 4190 4190 4190
    4190 4190 4190 4139 4139 4139 4139 4139 4139 4139 4089 4089 4139
    4139 4139 4089 2365 2349 2333 2256 2241 2241 2241 2241 2241 2241
    2241 2241 2241 2241 2241 2241 2241 2226 2226 2241 4190 4190 4190
    4241 4241 4241 4241 4190 4190 4190 4190 4190 4190 4190 4190 4190
    4139 4139 4139 4190 4190 4089 4089 4139 4139 4139 4139 4405 4405
    2333 2256 2256 2241 2241 2256 2241 2241 2241 2241 2241 2241 2241
    2241 2241 2226 2226 2241 2241 2241 2256 4241 4241 4241 4241 4241
    4241 4190 4190 4190 4190 4190 4190 4190 4190 4190 4190 4190 4190
    4139 4139 4139 4139 4139 4139 4405 4349 4349 2241 2241 2241 2256
    2256 2241 2241 2241 2241 2241 2241 2241 2241 2241 2241 2241 2241
    2241 2241 2226 2226 2226 4241 4241 4241 4241 4241 4241 4190 4190
    4190 4190 4190 4190 4190 4190 4190 4190 4139 4139 4139 4139 4139
    4139 4405 4349 4349 2226 2226 2241 2256 2256 2256 2241 2241 2241
    2241 2241 2241 2241 2241 2241 2241 2241 2241 2241 2226 2226 2226
    2226 2226 2226 2226 4241 4241 4241 4190 4190 4190 4190 4190 4190
    4190 4190 4190 4190 4190 4139 4139 4139 4139 4405 4349 4349 2226
    2226 2241 2256 2256 2256 2241 2241 2241 2241 2241 2256 2256 2241
    2241 2241 2241 2241 2241 2241 2241 2226 2226 2226 2226 2226 2241
    2241 2256 4241 4241 4241 4190 4190 4190 4190 4190 4190 4190 4190
    4190 4190 4139 4139 4405 4349 4349 2241 2241 2256 2256 2256 2256
    2256 2241 2241 2241 2241 2256 2256 2241 2241 2241 2241 2241 2241
    2241 2241 2241 2241 2241 2241 2241 2241 2241 2226 2226 2226 2226
    4241 4241 4190 4190 4190 4190 4190 4190 4190 4190 4190 4139 4405
    4405 4405 2241 2241 2256 2256 2256 2256 2256 2241 2241 2241 2241
    2256 2256 2241 2241 2241 2241 2241 2241 2241 2241 2241 2241 2241
    2241 2241 2241 2241 2226 2226 2226 2226 2241 2241 4241 4241 4241
    4241 4190 4190 4190 4190 4190 4190 2349 2271 2271 2256 2256 2256
    2256 2256 2256 2256 2256 2256 2241 2241 2256 2256 2241 2241 2241
    2241 2241 2241 2241 2241 2241 2241 2241 2241 2241 2241 2241 2241
    2241 2241 2241 2241 2241 2241 2241 2226 2226 2241 2241 4139 4139
    4139 4139 2349 2286 2271 2256 2256 2256 2256 2256 2256 2256 2256
    2256 2241 2241 2256 2256 2256 2256 2241 2241 2241 2241 2241 2241
    2241 2241 2241 2241 2241 2241 2241 2241 2241 2241 2241 2241 2241
    2241 2241 2226 2226 2241 2241 2241 2241 2241 2241 2349 2286 2271
    2271 2271 2256 2256 2256 2256 2256 2256 2256 2256 2256 2256 2256
    2256 2256 2256 2256 2241 2241 2241 2241 2241 2241 2241 2241 2241
    2241 2241 2241 2241 2256 2241 2241 2241 2241 2241 2241 2241 2241
    2241 2241 2226 2226 2226 4405 2286 2286 2271 2271 2271 2271 2256
    2256 2256 2256 2256 2256 2256 2256 2256 2256 2256 2256 2256 2241
    2241 2241 2241 2256 2256 2256 2256 2256 2256 2256 2241 2241 2241
    2241 2241 2241 2241 2241 2241 2241 2241 2241 2241 2226 2226 2226
    4405 4463 2301 2286 2286 2286 2271 2271 2256 2256 2256 2256 2256
    2256 2256 2256 2256 2256 2256 2256 2241 2241 2241 2256 2256 2256
    2256 2256 2256 2256 2241 2241 2241 2241 2241 2241 2241 2241 2241
    2241 2241 2241 2241 2241 2226 2226 2226 4405 4463 4463 4582 4582
    4645 4645 2271 2256 2256 2271 2271 2256 2256 2256 2271 2256 2256
    2241 2241 2241 2241 2256 2256 2256 2256 2256 2256 2256 2241 2241
    2241 2241 2241 2241 2241 2241 2241 2241 2241 2241 2241 2241 2241
    2226 2212 2212 4463 4522 4582 4582 4582 4582 4582 4582 2301 2301
    2286 2286 2286 2271 2271 2271 2256 2256 2241 2241 2241 2256 2256
    2256 2271 2271 2256 2256 2256 2241 2241 2241 2241 2241 2241 2241
    2241 2241 2241 2241 2241 2241 2241 2241 2226 2198 2198 4463 4582
    4582 4582 4582 4582 4522 4522 4463 4463 4463 4522 2381 2381 2349
    2286 2271 2256 2256 2256 2256 2256 2256 2256 2271 2271 2256 2256
    2256 2241 2241 2241 2241 2241 2241 2241 2241 2241 2241 2241 2241
    2241 2241 2241 2226 2198 2198 4522 4582 4582 4582 4582 4582 4522
    4522 4463 4463 4522 4522 4463 2415 2398 2349 2301 2301 2301 2301
    2271 2271 2271 2271 2271 2271 2256 2256 2256 2241 2241 2241 2241
    2241 2241 2241 2241 2241 2256 2241 2241 2241 2241 2241 2226 2212
    2212 4522 4582 4645 4582 4582 4582 4522 4522 4522 4522 4522 4522
    4463 2432 2415 2398 2398 2349 2349 2333 2301 2286 2286 2286 2286
    2286 2271 2256 2256 2241 2241 2241 2241 2241 2241 2241 2256 2256
    2256 2241 2241 2241 2241 2241 2226 2226 4349 4522 4582 4645 4645
    4582 4582 4522 4522 4522 4522 4582 4582 4522 4522 4522 4463 4463
    4463 2365 2365 2365 2381 2415 2398 2317 2317 2301 2286 2271 2256
    2256 2241 2241 2241 2241 2241 2256 2256 2256 2256 2256 2241 2241
    2241 2226 2226 4295 4522 4582 4645 4645 4582 4582 4582 4582 4582
    4582 4582 4582 4582 4522 4522 4463 4463 4463 4463 4463 2415 2415
    2415 2415 2415 2415 2365 2349 2333 2256 2256 2256 2256 2256 2271
    2271 2256 2256 2256 2256 2256 2256 2241 2241 2226 2226 4241 4582
    4645 4645 4645 4645 4582 4582 4582 4582 4582 4582 4582 4582 4522
    4522 4463 4463 4463 4463 4463 2432 2432 2432 2450 2432 2432 2398
    2398 2381 2349 2349 2333 2286 2286 2271 2271 2256 2256 2256 2256
    2256 2256 2241 2241 2241 2241 4241 4582 4645 4645 4645 4645 4645
    4582 4582 4582 4582 4582 4582 4582 4522 4522 4463 4463 4463 4463
    4463 4522 4522 4522 4522 4463 4463 4405 2415 2381 2381 2381 2365
    2349 2317 2301 2286 2271 2271 2271 2256 2256 2256 2241 2241 2241
    4241 4241 4582 4645 4645 4645 4645 4645 4582 4582 4582 4582 4645
    4645 4582 4522 4522 4522 4522 4522 4522 4522 4522 4522 4522 4522
    4463 4463 4463 4463 4463 4405 4405 4463 4582 2349 2317 2301 2301
    2333 2333 2301 2271 2271 2271 4405 4405 4405 4349</data></Depth3023>
</opencv_storage>
