<?xml version="1.0"?>
<opencv_storage>
<Depth9067 type_id="opencv-matrix">
  <rows>5</rows>
  <cols>13</cols>
  <dt>w</dt>
  <data>
    7660 7660 7492 7492 7332 7332 7492 7492 7492 7492 7492 7492 7492
    7492 7492 7492 7492 7332 7332 7492 7332 7332 7332 7332 7492 7492
    7332 7332 7332 7332 7332 7332 7492 7332 7332 7332 7332 7492 7492
    7178 7332 7332 7332 7332 7332 7332 7178 7178 7030 6889 6889 7030
    7178 7178 7178 7332 7332 7332 7332 7178 7178 7030 6889 6889 6889</data></Depth9067>
</opencv_storage>
