<?xml version="1.0"?>
<opencv_storage>
<Depth1416 type_id="opencv-matrix">
  <rows>25</rows>
  <cols>6</cols>
  <dt>w</dt>
  <data>
    3948 3948 3994 3994 3994 2579 3948 3903 3903 3903 3948 2639 3903
    3903 3859 3859 3859 2639 3903 3859 3859 3859 3859 2639 3903 3859
    3859 3859 3903 2618 3859 3859 3859 3859 3859 2618 3859 3903 3903
    3903 3859 2639 3903 3903 3859 3859 3859 2659 3859 3859 3859 3859
    3859 2618 3859 3859 3903 3859 3859 2598 3948 3903 3859 3859 3859
    2598 3948 3903 3859 3859 3859 2579 3948 3903 3903 3859 3859 2579
    3903 3948 3903 3859 3859 3859 3903 3903 3903 3903 3859 3859 3903
    3903 3903 3903 3859 3859 3903 3903 3903 3903 3903 3903 3903 3948
    3948 3903 3903 3903 3903 3948 3948 3903 3903 3948 3903 3948 3948
    3859 3859 3859 3903 3948 3948 3859 3816 3816 3903 3948 3948 3816
    3816 3816 3903 3948 3948 3816 3816 3816 3948 3994 3903 3816 3816
    3816 3994 3903 3859 3859 3816 3816</data></Depth1416>
</opencv_storage>
