<?xml version="1.0"?>
<opencv_storage>
<Depth0872 type_id="opencv-matrix">
  <rows>29</rows>
  <cols>42</cols>
  <dt>w</dt>
  <data>
    4708 4645 4645 2541 2541 2541 2541 2541 2541 2541 2560 2560 2560
    2560 2560 2560 2560 2541 2541 2541 4582 2541 2541 4645 4645 4645
    4645 4582 4582 4582 4582 4582 4582 4582 4582 4582 4582 4582 4582
    4582 4522 4522 4708 4708 2541 2541 2541 2541 2541 2522 2522 2522
    2541 2541 2541 2541 2541 2541 2560 2541 2541 2541 2541 2541 2541
    2541 2541 2541 2560 2541 2541 2541 4582 4582 4645 4645 4645 4645
    4522 4522 4582 4582 4522 4522 4708 2541 2522 2503 2503 2522 2522
    2503 2503 2522 2522 2522 2522 2522 2522 2522 2522 2522 2522 2522
    2522 2522 2522 2522 2522 2541 2560 2541 2541 2541 2522 2522 2522
    2522 2522 2522 2522 2560 4582 4582 4582 4582 4708 2522 2503 2485
    2485 2485 2485 2485 2485 2485 2485 2503 2503 2503 2503 2503 2503
    2503 2503 2503 2503 2503 2503 2503 2503 2522 2503 2503 2522 2522
    2522 2522 2522 2522 2522 2522 2522 2503 2503 4582 4582 4582 2522
    2522 2503 2485 2485 2485 2485 2485 2485 2485 2485 2485 2485 2485
    2503 2503 2503 2503 2503 2503 2503 2503 2503 2503 2503 2503 2503
    2503 2503 2503 2503 2522 2522 2522 2522 2503 2503 2503 2503 2503
    4645 4645 2503 2503 2503 2503 2485 2485 2485 2485 2485 2485 2485
    2485 2485 2485 2503 2485 2485 2485 2485 2485 2485 2485 2485 2485
    2485 2485 2485 2485 2485 2485 2503 2503 2503 2503 2503 2503 2503
    2503 2503 2503 4645 4645 2503 2503 2503 2503 2503 2503 2485 2485
    2485 2485 2485 2485 2485 2485 2503 2485 2485 2485 2485 2485 2485
    2485 2485 2485 2485 2485 2485 2485 2485 2485 2485 2485 2485 2485
    2485 2485 2485 2485 2485 2485 2485 4645 2522 2503 2503 2503 2503
    2503 2503 2503 2485 2485 2485 2485 2485 2485 2503 2485 2485 2485
    2485 2485 2485 2485 2485 2485 2485 2485 2485 2485 2485 2485 2467
    2467 2467 2485 2485 2485 2485 2485 2485 2485 2485 4645 2522 2522
    2522 2541 2541 2541 2503 2503 2503 2503 2485 2485 2485 2485 2503
    2485 2485 2503 2485 2485 2485 2485 2485 2485 2485 2485 2485 2485
    2485 2485 2467 2467 2467 2467 2467 2467 2485 2485 2485 2467 2450
    2450 4774 2560 2541 2541 2541 2522 2503 2503 2503 2503 2503 2503
    2503 2503 2503 2485 2485 2503 2503 2503 2485 2485 2485 2485 2485
    2503 2485 2485 2485 2485 2485 2485 2467 2467 2467 2467 2485 2485
    2485 2467 2432 2432 4774 2579 2560 2541 2541 2522 2503 2503 2503
    2503 2503 2503 2503 2503 2503 2503 2503 2503 2503 2503 2503 2503
    2503 2503 2503 2503 2485 2485 2485 2485 2485 2485 2485 2485 2485
    2485 2485 2485 2485 2467 2432 2432 4774 2579 2560 2560 2560 2541
    2522 2522 2522 2522 2522 2522 2503 2503 2503 2503 2503 2503 2503
    2503 2503 2503 2503 2503 2503 2503 2485 2485 2485 2485 2485 2485
    2485 2485 2485 2485 2485 2485 2485 2485 2485 2485 4774 2579 2560
    2560 2560 2541 2522 2522 2522 2522 2522 2522 2522 2503 2503 2503
    2503 2522 2522 2522 2503 2503 2503 2503 2503 2503 2503 2503 2503
    2503 2503 2503 2503 2503 2503 2503 2485 2485 2503 2503 2503 2503
    2618 2579 2560 2560 2560 2560 2541 2541 2541 2541 2541 2522 2522
    2522 2522 2522 2522 2522 2522 2522 2503 2503 2503 2522 2522 2503
    2503 2503 2503 2503 2503 2503 2503 2503 2503 2503 2503 2503 2503
    2503 2503 2503 2579 2560 2560 2560 2560 2560 2560 2541 2541 2541
    2541 2541 2541 2541 2541 2541 2541 2541 2541 2522 2522 2522 2522
    2522 2522 2522 2503 2503 2503 2503 2503 2503 2503 2503 2503 2503
    2503 2503 2503 2503 2503 2503 2579 2560 2560 2560 2560 2560 2560
    2560 2541 2541 2541 2541 2541 2541 2541 2541 2541 2541 2541 2541
    2541 2541 2541 2541 2541 2522 2522 2522 2522 2503 2503 2503 2503
    2503 2503 2503 2503 2503 2503 2503 2522 2522 2579 2579 2579 2560
    2560 2579 2560 2560 2541 2541 2541 2541 2541 2560 2541 2541 2541
    2541 2541 2541 2541 2541 2541 2541 2541 2522 2522 2522 2522 2522
    2522 2522 2503 2503 2503 2503 2503 2503 2503 2503 2522 2522 2579
    2579 2579 2579 2579 2579 2560 2560 2541 2541 2541 2541 2541 2560
    2560 2560 2560 2560 2560 2560 2560 2541 2541 2541 2541 2541 2541
    2541 2541 2541 2541 2522 2522 2522 2522 2522 2522 2503 2503 2522
    2522 2522 2579 2579 2579 2579 2579 2579 2560 2560 2560 2560 2560
    2560 2560 2560 2560 2560 2560 2560 2560 2560 2560 2560 2541 2541
    2541 2541 2541 2541 2541 2541 2541 2541 2522 2522 2522 2522 2522
    2503 2503 2522 2522 4645 2579 2579 2579 2579 2579 2579 2560 2560
    2560 2560 2560 2560 2579 2579 2579 2560 2560 2560 2560 2560 2560
    2560 2560 2541 2541 2541 2541 2541 2541 2560 2541 2541 2541 2541
    2541 2541 2541 2522 2522 2541 2541 4645 2579 2579 2579 2579 2579
    2579 2579 2579 2560 2560 2560 2560 2560 2560 2579 2579 2560 2560
    2560 2560 2579 2560 2560 2560 2560 2560 2560 2560 2560 2560 2560
    2541 2541 2541 2541 2541 2541 2522 2522 2541 2541 4645 2579 2579
    2579 2598 2579 2579 2579 2579 2560 2560 2560 2560 2560 2560 2579
    2579 2579 2560 2560 2579 2579 2560 2560 2560 2560 2560 2560 2560
    2560 2560 2560 2560 2560 2541 2541 2541 2541 2541 2541 2560 4708
    2579 2579 2579 2579 2598 2598 2598 2579 2579 2579 2579 2579 2560
    2560 2579 2579 2579 2579 2579 2579 2579 2560 2560 2560 2560 2560
    2560 2560 2579 2579 2579 2560 2560 2560 2560 2560 2560 2560 2541
    2541 2560 2522 2522 4983 4983 2618 2618 2598 2598 2598 2598 2598
    2598 2579 2579 2579 2579 2579 2579 2579 2579 2579 2579 2560 2560
    2560 2560 2560 2560 2560 2579 2579 2579 2560 2560 2560 2560 2560
    2560 2560 2560 2560 2560 2522 2522 4911 4842 2618 2618 2618 2618
    2618 2618 2618 2598 2598 2598 2598 2579 2579 2579 2579 2579 2579
    2579 2579 2579 2579 2579 2579 2560 2560 2579 2579 2579 2579 2560
    2560 2560 2560 2560 2560 2560 2560 4842 4842 4842 4911 4842 4842
    4842 2639 2639 2639 2618 2618 2598 2598 2579 2579 2579 2598 2598
    2579 2579 2579 2579 2579 2579 2579 2579 2579 2579 2579 2579 2579
    2579 2579 2560 2560 2560 2560 2560 2579 2579 4774 4774 4774 4774
    4911 4911 4911 4911 4911 4911 4911 2639 2618 2598 2598 2579 2579
    2579 2598 2598 2598 2598 2598 2598 2598 2598 2579 2579 2560 2560
    2579 2579 2579 2579 2579 2579 2579 2560 2560 2560 2579 2579 4774
    4774 4774 4774 4911 4911 4911 4911 4911 4911 4911 4911 4911 4911
    4983 4983 4983 4983 2618 2618 2618 2598 2598 2598 2598 2598 2579
    2579 2560 2560 2579 2579 2579 2579 2579 2579 2579 2579 2579 2579
    2579 2579 4774 4774 4774 4842 4983 4983 4983 4911 4911 4983 4983
    4983 4983 4983 4983 4983 4983 4983 4983 4983 4983 4983 4911 4911
    4911 4911 4911 4911 2579 2579 2579 2579 2598 2598 2598 2579 2579
    2579 2579 2579 2579 2579 4842 4842 4842 4842</data></Depth0872>
</opencv_storage>
