<?xml version="1.0"?>
<opencv_storage>
<Depth13831 type_id="opencv-matrix">
  <rows>67</rows>
  <cols>49</cols>
  <dt>w</dt>
  <data>
    4405 4349 4349 4349 4349 4349 4295 4295 4295 4295 4295 4295 4241
    4241 4241 4241 4241 4241 4190 4190 4190 4190 4241 4241 4241 4241
    4241 4241 4241 4190 4190 4190 4241 4190 4139 4139 4089 1564 1557
    1557 1557 1557 1557 4089 4089 4089 4089 4041 4041 4405 4349 4349
    4295 4295 4295 4295 4295 4295 4295 4295 4295 4241 4241 4241 4241
    4241 4241 4190 4190 4190 4190 4241 4241 4241 4241 4241 4241 1529
    1529 1529 1529 1516 1516 1516 4139 4139 1557 1557 1557 1557 1550
    1550 1550 4089 4089 4089 4089 4041 4405 4349 4349 4295 4295 4295
    4295 4295 4349 4295 4241 4241 4241 4241 4241 4241 4241 4241 4190
    4190 4190 4190 4190 4241 4241 1529 1523 1523 1516 1516 1523 1516
    1509 1503 1503 1503 4139 1550 1543 1543 1550 1550 1550 1550 4139
    4139 4089 4089 4089 4405 4405 4349 1632 1624 1624 1624 1624 1624
    4295 4241 4241 1572 1572 4241 4241 4241 4241 4190 1543 1536 1529
    1529 1536 1529 1529 1523 1523 1516 1509 1509 1503 1503 1496 1496
    1496 1496 1496 1509 1529 1536 1550 1543 1543 1543 4139 4089 4089
    4089 4405 1655 1647 1632 1624 1616 1616 1609 1609 1601 1586 1579
    1572 1572 1564 1564 1557 1550 1550 1543 1536 1529 1529 1536 1529
    1523 1523 1516 1516 1509 1503 1503 1496 1496 1489 1489 1489 1496
    1503 1509 1523 1543 1543 1543 1543 4139 4139 4089 4089 1639 1639
    1632 1632 1616 1616 1609 1601 1601 1594 1586 1579 1572 1572 1564
    1564 1557 1550 1550 1543 1536 1536 1536 1536 1529 1523 1516 1516
    1509 1509 1503 1503 1496 1496 1489 1489 1489 1496 1503 1509 1523
    1536 1543 1550 1550 4089 4089 4089 4041 1639 1639 1632 1616 1609
    1601 1601 1601 1601 1594 1586 1579 1572 1572 1564 1557 1557 1543
    1543 1543 1543 1536 1536 1529 1523 1523 1516 1516 1509 1509 1503
    1503 1496 1496 1496 1496 1496 1496 1503 1509 1523 1529 1543 1550
    1550 4089 4089 4089 4041 1639 1639 1632 1616 1609 1601 1601 1601
    1601 1594 1586 1579 1572 1572 1572 1557 1557 1543 1543 1543 1543
    1536 1536 1529 1523 1523 1523 1523 1516 1509 1503 1503 1496 1496
    1496 1496 1496 1496 1503 1509 1523 1529 1536 1543 1550 1550 4089
    4089 4041 1639 1632 1632 1616 1609 1609 1601 1601 1594 1586 1586
    1579 1579 1572 1572 1564 1550 1550 1543 1543 1543 1536 1536 1536
    1523 1523 1523 1523 1516 1509 1503 1503 1503 1496 1496 1496 1496
    1496 1496 1509 1516 1529 1536 1536 1550 1550 4089 4089 4041 1639
    1632 1624 1616 1609 1601 1601 1594 1586 1586 1579 1579 1579 1572
    1572 1557 1550 1550 1543 1543 1543 1536 1536 1536 1529 1523 1523
    1523 1516 1509 1503 1503 1496 1496 1496 1489 1489 1496 1496 1509
    1516 1523 1529 1536 1550 1550 4089 4089 4041 1639 1632 1624 1616
    1609 1601 1601 1594 1586 1586 1579 1579 1579 1572 1572 1557 1550
    1550 1543 1543 1543 1536 1536 1536 1529 1523 1523 1523 1516 1509
    1503 1503 1496 1496 1489 1489 1489 1496 1496 1509 1523 1523 1529
    1536 1557 1557 4041 4041 4041 1639 1632 1616 1609 1609 1609 1601
    1601 1586 1586 1579 1579 1572 1572 1564 1557 1550 1550 1550 1543
    1543 1536 1536 1536 1529 1523 1523 1523 1516 1509 1503 1503 1503
    1496 1489 1489 1489 1496 1496 1516 1523 1523 1529 1550 1557 1557
    4041 4041 4041 1632 1632 1616 1609 1609 1609 1601 1601 1586 1586
    1579 1579 1572 1572 1564 1557 1550 1550 1550 1543 1543 1536 1536
    1529 1529 1523 1523 1523 1516 1509 1503 1503 1496 1496 1496 1489
    1489 1496 1503 1509 1523 1523 1529 1557 1557 1557 4089 4089 4089
    1609 1609 1609 1609 1609 1609 1601 1601 1594 1586 1579 1579 1572
    1572 1564 1557 1550 1550 1550 1543 1543 1529 1529 1529 1529 1523
    1523 1523 1516 1509 1503 1503 1496 1496 1496 1489 1489 1496 1503
    1509 1516 1523 1529 1550 1550 1550 4089 4089 4089 1609 1609 1609
    1616 1609 1609 1609 1601 1594 1594 1579 1579 1572 1572 1564 1564
    1557 1550 1550 1543 1543 1529 1529 1529 1529 1523 1523 1523 1516
    1509 1503 1503 1496 1496 1496 1489 1489 1489 1496 1503 1516 1523
    1529 1543 1543 1543 4089 4089 4089 1616 1616 1616 1616 1609 1609
    1609 1601 1594 1594 1579 1572 1572 1572 1564 1564 1557 1550 1550
    1543 1543 1536 1536 1529 1529 1529 1523 1523 1516 1516 1503 1503
    1503 1496 1496 1489 1489 1489 1496 1503 1516 1523 1529 1536 1536
    1536 4089 4089 4089 0 1616 1616 1616 1609 1609 1609 1601 1594 1586
    1579 1572 1572 1572 1564 1564 1557 1557 1550 1543 1543 1536 1536
    1529 1529 1529 1523 1523 1516 1516 1509 1503 1503 1496 1496 1489
    1489 1489 1496 1503 1523 1523 1529 1536 1536 1536 4089 4089 4089 0
    1632 1624 1616 1609 1609 1601 1601 1594 1586 1579 1572 1572 1572
    1564 1564 1564 1550 1550 1543 1543 1543 1543 1529 1529 1529 1523
    1523 1523 1516 1509 1503 1503 1496 1496 1489 1489 1496 1496 1503
    1516 1523 1529 1529 1529 1529 4089 4089 4089 1632 1632 1624 1616
    1609 1609 1601 1601 1594 1586 1579 1572 1572 1572 1564 1564 1557
    1550 1550 1543 1543 1543 1543 1536 1529 1529 1523 1523 1516 1509
    1503 1503 1503 1496 1496 1489 1489 1496 1496 1503 1516 1523 1529
    1529 1529 1529 4041 4041 4041 0 1632 1624 1616 1609 1609 1601 1601
    1594 1586 1579 1579 1572 1572 1564 1564 1557 1550 1550 1543 1543
    1543 1543 1536 1529 1529 1523 1523 1516 1509 1503 1503 1503 1496
    1496 1489 1489 1496 1496 1503 1509 1516 1529 1543 1550 1550 4041
    4041 4041 1639 1639 1639 1624 1609 1609 1601 1601 1594 1586 1579
    1579 1572 1572 1564 1557 1557 1550 1550 1550 1543 1543 1543 1536
    1529 1529 1523 1523 1516 1516 1509 1503 1503 1496 1496 1489 1489
    1496 1496 1496 1509 1509 1529 1543 1550 1550 4041 4041 4041 1639
    1639 1639 1624 1609 1609 1601 1601 1594 1586 1579 1579 1572 1572
    1564 1557 1557 1550 1550 1550 1543 1543 1543 1536 1529 1529 1523
    1523 1516 1516 1509 1503 1503 1496 1496 1489 1489 1496 1496 1496
    1503 1509 1529 1543 1550 1557 1557 4041 4041 0 1639 1639 1624 1616
    1609 1601 1601 1594 1586 1579 1579 1572 1572 1564 1564 1557 1550
    1550 1543 1543 1543 1543 1536 1529 1529 1523 1523 1516 1516 1516
    1509 1503 1496 1496 1489 1489 1496 1496 1496 1503 1523 1529 1543
    1543 1550 1550 4089 4089 0 1632 1616 1616 1609 1609 1609 1601 1594
    1586 1586 1579 1579 1572 1572 1557 1557 1550 1550 1543 1543 1536
    1536 1536 1529 1529 1529 1523 1523 1516 1516 1509 1503 1503 1489
    1489 1489 1489 1489 1496 1496 1523 1529 1536 1543 1550 1550 4089
    4089 0 1632 1632 1616 1609 1609 1609 1601 1594 1586 1586 1579 1579
    1572 1564 1557 1557 1550 1550 1543 1543 1536 1536 1529 1529 1529
    1523 1523 1523 1516 1516 1509 1503 1503 1489 1483 1477 1477 1483
    1496 1496 1523 1529 1536 1536 1550 1550 4089 4089 0 1632 1632 1616
    1609 1609 1601 1601 1586 1586 1579 1579 1579 1572 1564 1557 1550
    1550 1550 1543 1543 1536 1536 1529 1529 1529 1523 1523 1516 1516
    1509 1509 1503 1503 1489 1483 1477 1477 1483 1496 1496 1523 1529
    1536 1536 1550 1550 4089 4089 1632 1632 1632 1616 1609 1609 1601
    1601 1586 1586 1579 1579 1579 1572 1572 1564 1550 1550 1550 1550
    1543 1536 1536 1536 1529 1529 1523 1523 1516 1516 1509 1509 1503
    1503 1489 1483 1483 1483 1483 1496 1496 1523 1529 1529 1543 1550
    1550 4089 4089 1624 1624 1624 1624 1616 1609 1609 1601 1594 1586
    1579 1579 1579 1572 1572 1564 1557 1557 1550 1550 1543 1543 1543
    1536 1529 1529 1523 1523 1516 1516 1516 1509 1509 1503 1489 1489
    1483 1483 1489 1496 1496 1516 1523 1529 1543 1550 1550 4089 4089
    1624 1624 1624 1624 1616 1609 1609 1601 1594 1586 1579 1579 1579
    1572 1572 1564 1557 1557 1550 1550 1550 1543 1543 1536 1536 1529
    1523 1523 1523 1523 1516 1509 1503 1503 1489 1489 1489 1489 1496
    1496 1503 1509 1523 1529 1543 1550 1550 4089 4089 1632 1632 1632
    1624 1616 1609 1609 1601 1594 1586 1579 1579 1579 1572 1564 1564
    1564 1557 1550 1550 1550 1543 1543 1543 1536 1529 1529 1523 1523
    1523 1516 1509 1503 1503 1496 1496 1489 1489 1496 1496 1503 1509
    1523 1529 1536 1543 1543 4089 4089 0 1639 1639 1624 1616 1609 1609
