<?xml version="1.0"?>
<opencv_storage>
<Depth19319 type_id="opencv-matrix">
  <rows>73</rows>
  <cols>24</cols>
  <dt>w</dt>
  <data>
    2835 2835 2835 2859 0 0 1823 1823 1843 1843 1833 1833 1823 1823 1813
    1813 1823 1823 1804 1794 1794 1794 3503 3503 2835 2859 3653 1813
    1813 1823 1823 1823 1823 1833 1833 1833 1823 1823 1813 1813 1823
    1823 1804 1794 1794 1794 1794 1794 3692 3692 1823 1813 1813 1823
    1823 1823 1823 1823 1823 1823 1823 1823 1823 1823 1823 1823 1804
    1804 1794 1794 1794 1794 3692 3692 1823 1823 1823 1823 1823 1813
    1813 1823 1823 1823 1823 1823 1823 1813 1813 1823 1813 1804 1794
    1794 1794 1794 3732 3732 1823 1823 1823 1823 1823 1813 1813 1823
    1823 1823 1823 1823 1813 1813 1813 1813 1813 1813 1804 1794 1794
    1794 3816 1823 1823 1823 1823 1823 1823 1813 1813 1823 1823 1823
    1823 1823 1813 1813 1813 1813 1813 1804 1794 1785 1785 1794 3859
    1853 1843 1833 1823 1823 1823 1813 1813 1823 1823 1823 1823 1823
    1813 1813 1813 1813 1813 1804 1794 1785 1785 3576 3859 1853 1843
    1833 1833 1823 1823 1813 1813 1823 1823 1823 1823 1823 1823 1823
    1823 1823 1823 1813 1804 1804 3614 3576 1894 1863 1853 1843 1833
    1823 1823 1823 1823 1833 1833 1833 1833 1833 1833 1833 1833 1823
    1823 1813 1813 1813 3614 3614 1894 1863 1853 1843 1833 1833 1833
    1823 1823 1833 1843 1843 1843 1843 1833 1833 1833 1833 1823 1823
    1823 1823 3653 3614 3859 1863 1863 1853 1853 1843 1833 1833 1833
    1843 1853 1863 1873 1863 1853 1853 1833 1833 1833 1833 1833 3692
    3692 3692 3859 1883 1873 1863 1863 1863 1853 1853 1853 1863 1863
    1883 1894 1883 1863 1863 1843 1843 1833 1833 1833 3774 3774 3774
    3816 3816 1894 1894 1894 1883 1863 1863 1863 1873 1883 1904 1904
    1894 1883 1863 1843 1843 1833 1833 1833 3816 3816 3816 3816 3816
    3816 1904 1883 1883 1863 1863 1873 1873 1915 1915 1904 1904 1883
    1833 1833 1804 1804 1757 1757 1757 3816 3859 3859 3816 3816 3816
    1883 1883 1823 1823 1883 1785 1785 1776 1776 1776 1785 1794 1804
    1776 1757 1757 1757 1757 1757 3859 3859 3859 3816 3774 1785 1785
    1785 1785 1785 1776 1776 1766 1766 1776 1776 1776 1766 1757 1757
    1757 1757 1757 1757 1757 3903 3859 3816 1785 1785 1785 1776 1776
    1776 1776 1776 1766 1766 1776 1776 1766 1766 1757 1757 1757 1748
    1748 1748 1757 3994 3948 3859 1785 1785 1785 1776 1776 1776 1776
    1776 1776 1766 1766 1766 1766 1766 1757 1757 1757 1748 1748 1748
    1757 4041 3948 1813 1785 1785 1785 1776 1776 1776 1776 1766 1766
    1766 1766 1757 1757 1766 1757 1757 1757 1748 1748 1748 1748 4089
    4041 1813 1785 1785 1785 1776 1776 1776 1776 1766 1766 1766 1757
    1757 1757 1766 1757 1757 1748 1748 1748 1748 1748 4089 1813 1794
    1785 1785 1785 1776 1776 1776 1776 1766 1766 1766 1757 1757 1757
    1757 1757 1757 1748 1748 1739 1739 1739 4089 1794 1785 1785 1785
    1776 1776 1776 1776 1776 1766 1766 1766 1766 1757 1757 1757 1757
    1757 1748 1748 1739 1739 1739 4089 1785 1785 1785 1785 1776 1776
    1776 1776 1785 1776 1776 1776 1766 1757 1757 1757 1757 1757 1748
    1748 1739 1739 1739 4089 1785 1785 1785 1785 1776 1776 1776 1776
    1785 1776 1776 1776 1766 1766 1757 1757 1757 1757 1748 1748 1748
    1748 1748 4041 4089 1785 1785 1785 1776 1776 1776 1776 1785 1785
    1785 1785 1766 1766 1757 1757 1757 1757 1748 1748 1748 1748 1748
    4041 4089 1785 1785 1785 1776 1776 1776 1776 1785 1785 1785 1785
    1776 1766 1766 1757 1757 1757 1757 1757 1757 1757 1757 4041 4041
    1794 1785 1785 1776 1776 1776 1776 1785 1785 1785 1785 1785 1776
    1766 1757 1757 1757 1757 1757 1757 1757 1757 4041 4041 1794 1785
    1785 1776 1776 1776 1776 1785 1776 1776 1785 1785 1776 1776 1766
    1757 1757 1757 1757 1757 1757 1757 4089 4041 1794 1785 1785 1776
    1776 1776 1776 1785 1776 1776 1785 1785 1776 1766 1766 1757 1757
    1757 1757 1757 1757 1757 4089 1794 1794 1785 1785 1785 1776 1776
    1776 1785 1776 1776 1776 1776 1776 1766 1766 1757 1757 1757 1757
    1757 1757 1757 4089 1794 1794 1785 1785 1785 1776 1776 1776 1785
    1785 1776 1776 1766 1766 1757 1757 1757 1757 1757 1757 1748 1748
    1748 4089 1794 1794 1794 1785 1785 1776 1776 1776 1785 1785 1776
    1776 1766 1757 1757 1757 1757 1757 1757 1757 1748 1748 3903 4089
    4089 1794 1794 1785 1785 1785 1776 1776 1785 1785 1785 1776 1766
    1757 1757 1757 1757 1757 1757 1757 1757 1757 3903 4041 4041 1804
    1794 1785 1785 1785 1776 1776 1785 1785 1776 1776 1766 1766 1757
    1757 1757 1757 1757 1757 1748 1748 3903 4041 4041 1813 1794 1785
    1785 1785 1776 1776 1785 1785 1776 1776 1766 1766 1757 1757 1757
    1757 1757 1757 1748 1748 3903 4089 4041 1794 1794 1785 1785 1785
    1776 1776 1785 1785 1776 1776 1776 1766 1766 1766 1766 1757 1757
    1757 1757 1757 3903 4089 1813 1785 1785 1785 1785 1785 1776 1776
    1785 1785 1776 1776 1776 1766 1766 1766 1766 1766 1757 1757 1757
    1757 3903 4089 1785 1785 1785 1785 1785 1785 1785 1785 1785 1785
    1785 1785 1776 1776 1766 1766 1766 1766 1757 1757 1757 1757 3903
    4041 1785 1785 1785 1785 1785 1785 1785 1785 1785 1785 1785 1785
    1785 1776 1776 1766 1766 1766 1757 1757 1757 1757 3903 4041 1785
    1785 1785 1785 1785 1785 1785 1785 1785 1785 1785 1785 1785 1776
    1776 1766 1766 1766 1757 1757 1757 1757 3903 4089 1785 1785 1785
    1785 1785 1785 1785 1785 1785 1785 1785 1785 1785 1785 1785 1776
    1776 1766 1757 1757 1766 1766 3859 4089 1794 1794 1794 1785 1785
    1785 1776 1776 1785 1785 1785 1785 1785 1776 1776 1776 1776 1776
    1766 1766 1766 1766 3859 1794 1794 1794 1794 1785 1785 1785 1776
    1776 1785 1785 1785 1785 1785 1776 1776 1776 1776 1766 1766 1766
    1766 1766 3859 1794 1794 1785 1785 1785 1785 1785 1776 1776 1785
    1785 1785 1785 1785 1776 1776 1776 1776 1766 1766 1766 1766 1766
    3859 4089 1794 1785 1785 1785 1785 1785 1776 1776 1785 1785 1785
    1785 1785 1785 1785 1776 1776 1766 1766 1766 1766 1766 3903 1823
    1785 1785 1785 1785 1785 1785 1785 1785 1785 1785 1785 1785 1785
    1785 1785 1776 1776 1766 1766 1766 1766 1766 3903 1823 1785 1785
    1785 1785 1785 1785 1785 1785 1785 1785 1785 1785 1785 1785 1785
    1776 1776 1766 1766 1766 1766 1766 3903 4089 1785 1785 1785 1785
    1785 1785 1785 1785 1785 1785 1785 1785 1785 1785 1785 1776 1776
    1776 1766 1766 1776 1776 3903 1785 1785 1785 1785 1785 1785 1785
    1785 1785 1785 1785 1785 1785 1785 1785 1785 1776 1776 1776 1776
    1776 1785 1785 3903 1785 1785 1785 1785 1785 1785 1785 1785 1785
    1785 1785 1785 1785 1785 1785 1785 1785 1785 1776 1776 1776 1785
    1785 3903 1785 1785 1785 1785 1785 1785 1785 1785 1785 1785 1785
    1785 1785 1785 1785 1785 1785 1785 1776 1766 1766 1776 1776 3903
    1785 1785 1794 1785 1785 1785 1785 1785 1785 1785 1785 1785 1785
    1785 1785 1785 1776 1776 1776 1766 1766 1766 1766 3948 4139 1785
    1785 1785 1785 1785 1785 1785 1785 1794 1785 1785 1785 1785 1785
    1785 1776 1776 1776 1766 1757 1757 1757 3948 1813 1785 1785 1785
    1785 1785 1785 1785 1785 1794 1794 1785 1785 1785 1785 1785 1776
    1776 1776 1766 1757 1757 1757 3948 1813 1794 1794 1785 1785 1785
    1785 1785 1785 1794 1794 1785 1785 1785 1785 1785 1776 1776 1766
    1766 1757 1757 1757 3948 1813 1794 1794 1794 1794 1785 1785 1785
    1785 1794 1794 1794 1785 1785 1785 1785 1776 1776 1766 1766 1757
    1757 1757 3903 1813 1804 1804 1794 1794 1794 1794 1785 1785 1794
    1794 1794 1785 1785 1785 1785 1785 1776 1766 1766 1757 1757 1757
    3903 1813 1813 1804 1804 1804 1794 1794 1785 1785 1794 1794 1794
    1794 1794 1794 1794 1785 1776 1766 1766 1757 1757 1757 3903 1813
    1813 1804 1804 1804 1804 1785 1785 1794 1794 1794 1794 1794 1794
    1794 1794 1785 1785 1776 1776 1757 1757 1757 3903 1813 1813 1804
    1804 1804 1804 1785 1785 1794 1794 1794 1794 1794 1785 1785 1785
    1785 1785 1785 1776 1766 1766 1766 3948 1813 1813 1804 1804 1804
    1794 1785 1785 1794 1794 1794 1794 1794 1785 1785 1785 1785 1785
    1785 1776 1766 1766 3994 3948 1813 1813 1804 1804 1794 1794 1794
