<?xml version="1.0"?>
<opencv_storage>
<Depth12458 type_id="opencv-matrix">
  <rows>30</rows>
  <cols>20</cols>
  <dt>w</dt>
  <data>
    6889 7030 7030 7030 3539 3539 6889 3539 3539 3503 3503 3539 3539
    3539 3503 3503 3503 3539 6753 6753 3503 3503 3539 3539 3539 3539
    3539 3539 3503 3503 3503 3503 3503 3503 3503 3503 3503 3503 3503
    6889 3503 3503 3503 3503 3503 3503 3503 3503 3503 3503 3503 3503
    3503 3503 3503 3503 3503 3503 3503 6753 3503 3503 3503 3503 3503
    3503 3503 3503 3503 3503 3503 3503 3503 3503 3503 3503 3503 3503
    3503 3539 3503 3503 3503 3503 3503 3503 3503 3503 3503 3503 3503
    3468 3468 3503 3503 3503 3503 3503 3503 3503 3503 3503 3503 3503
    3503 3503 3503 3503 3503 3503 3503 3468 3468 3468 3503 3503 3503
    3503 3503 3503 3503 3503 3503 3503 3503 3503 3503 3503 3503 3503
    3503 3503 3468 3468 3503 3503 3503 3503 3468 3468 3539 3503 3503
    3503 3503 3503 3503 3503 3503 3503 3503 3503 3503 3503 3503 3503
    3468 3468 3468 3468 3503 3503 3503 3503 3503 3503 3503 3503 3503
    3503 3503 3503 3503 3503 3503 3503 3468 3468 3468 6753 3503 3503
    3503 3503 3503 3503 3503 3503 3503 3503 3503 3503 3503 3503 3503
    3503 3468 3468 3468 6622 3503 3503 3503 3503 3503 3503 3503 3503
    3503 3503 3503 3503 3503 3503 3503 3503 3468 3468 3468 6622 3503
    3503 3503 3503 3503 3503 3503 3503 3503 3503 3503 3503 3503 3503
    3503 3468 3468 3468 3468 3503 3503 3503 3503 3503 3503 3503 3503
    3503 3503 3503 3503 3503 3503 3503 3503 3468 3468 3503 3503 3503
    3503 3503 3503 3503 3503 3503 3503 3503 3503 3503 3503 3468 3468
    3503 3503 3503 3503 3503 3503 3503 3503 3503 3503 3503 3503 3503
    3503 3503 3503 3503 3468 3468 3468 3503 3503 3468 3468 3503 3503
    3503 3503 3503 3503 3503 3503 3503 3503 3503 3503 3468 3468 3468
    3503 3503 3503 3468 3468 3503 3503 3503 3503 3503 3503 3503 3503
    3503 3503 3503 3503 3468 3468 3468 3503 3503 3503 3468 3468 3468
    3503 3503 3503 3503 3503 3503 3503 3503 3503 3503 3503 3468 3468
    3468 3503 3503 3503 3468 3468 3468 3503 3503 3503 3503 3503 3503
    3503 3503 3503 3503 3503 3468 3468 3468 3503 3503 3503 3468 3468
    3468 3468 3503 3503 3503 3503 3503 3503 3503 3503 3503 3503 3468
    3468 3468 3503 3503 3503 3468 3468 3468 3468 3468 3539 3503 3503
    3503 3503 3503 3468 3468 3503 3468 3468 3503 3503 3503 3468 3468
    3468 3468 3468 3433 3539 3503 3503 3503 3503 3468 3468 3468 3503
    3468 3468 3503 3468 3468 3468 3468 3468 3468 3468 3433 3539 3503
    3503 3503 3503 3468 3468 3468 3503 3503 3503 3503 3468 3468 3468
    3468 3468 3468 3468 3399 3503 3503 3503 3503 3503 3468 3468 3503
    3503 3503 3503 3503 3503 3468 3468 3468 3468 3468 3433 3399 3503
    3503 3503 3503 3503 3503 3503 3503 3503 3503 3468 3468 3468 3468
    3468 3468 3468 3468 3433 3399 3539 3503 3503 3503 3503 3503 3503
    3503 3503 3503 3468 3468 3468 3468 3468 3503 3503 3468 3433 3433
    3539 3503 3503 3503 3503 3503 3503 3503 3503 3503 3468 3468 3468
    3503 3503 3468 3468 3433 3433 3399 6889 3503 3503 3468 3468 3503
    3503 3468 3468 3503 3468 3468 3468 3468 3468 3468 3433 3433 3433
    3399 6889 3539 3468 3468 3468 3468 3468 3468 3468 3468 3503 3468
    3468 3468 3468 3468 3399 3399 3433 3399 6889 3539 3468 3468 3468
    3468 3468 3468 3468 3468 3503 3503 3468 3468 3468 3365 3365 3399
    3433 6889</data></Depth12458>
</opencv_storage>
