<?xml version="1.0"?>
<opencv_storage>
<Depth13019 type_id="opencv-matrix">
  <rows>15</rows>
  <cols>20</cols>
  <dt>w</dt>
  <data>
    6753 6622 4983 4911 4911 4842 4774 4774 4645 4645 6497 6497 4645
    4645 4708 4708 4774 6497 6497 6497 6753 6753 4983 4911 4842 4842
    4774 4774 4645 4645 4708 4708 4645 4645 4708 4708 4774 4774 6497
    6497 6753 4911 4911 4842 4842 4842 4774 4774 4774 4708 4708 4708
    4708 4708 4708 4708 4708 4645 4645 4582 6753 4911 4911 4842 4842
    4842 4774 4774 4774 4708 4708 4708 4708 4708 4708 4708 4708 4645
    4645 4582 4842 4911 4842 4842 4842 4774 4774 4842 4774 4708 4708
    4708 4708 4708 4708 4708 4708 4645 4645 4582 4708 4842 4842 4842
    4842 4774 4774 4774 4774 4708 4708 4708 4708 4708 4708 4708 4708
    4708 4708 4708 4708 4842 4842 4842 4842 4774 4774 4774 4774 4708
    4708 4708 4708 4708 4708 4708 4708 4708 4708 4708 4708 4774 4774
    4774 4774 4842 4842 4842 4774 4708 4708 4708 4774 4774 4774 4774
    4708 4708 4708 4708 4708 4774 4774 4774 4774 4842 4842 4842 4774
    4774 4774 4774 4774 4774 4774 4774 4708 4708 4708 4708 4708 4774
    4842 4774 4774 4842 4842 4842 4842 4774 4774 4774 4774 4774 4774
    4774 4708 4708 4774 4708 4842 4842 4842 4842 4842 4842 4842 4842
    4911 4842 4842 4774 4774 4774 4708 4708 4708 4708 4774 4774 4983
    4842 4842 4842 4842 4842 4842 4911 4911 4842 4842 4774 4774 4774
    4708 4708 4708 4708 4774 4774 4983 4911 4911 4842 4842 4842 4842
    4911 4911 4842 4842 4842 4842 4842 4774 4774 4708 4708 4774 4774
    6889 4911 4911 4911 4842 4842 4842 4911 4911 4842 4774 4774 4842
    4842 4774 4774 4708 4708 4774 4774 6889 6753 6753 6889 4842 4842
    4911 4911 4911 4842 4774 4774 4774 4774 4842 4774 4708 4708 4774
    6622</data></Depth13019>
</opencv_storage>
