<?xml version="1.0"?>
<opencv_storage>
<Depth17882 type_id="opencv-matrix">
  <rows>62</rows>
  <cols>34</cols>
  <dt>w</dt>
  <data>
    2184 2184 2170 2156 2143 2143 2143 2143 2143 2143 2129 2129 2116
    2116 2116 2116 2116 2116 2129 2116 2103 2090 2090 2090 2090 2090
    2090 2090 2090 2116 2116 2116 5056 5056 2170 2170 2156 2156 2143
    2143 2143 2143 2143 2143 2129 2129 2116 2116 2116 2116 2116 2116
    2116 2116 2103 2090 2090 2090 2090 2090 2090 2090 2090 2103 2116
    2116 2116 5056 2170 2170 2156 2156 2143 2143 2143 2143 2143 2143
    2129 2129 2129 2116 2116 2103 2103 2103 2103 2103 2103 2103 2090
    2090 2090 2078 2078 2078 2090 2090 2116 2116 2129 4983 2170 2170
    2156 2156 2143 2143 2143 2143 2143 2129 2129 2129 2129 2116 2116
    2103 2103 2103 2103 2103 2103 2103 2103 2090 2090 2078 2078 2078
    2078 2090 2116 2116 2129 4983 2170 2170 2156 2156 2143 2143 2143
    2143 2143 2129 2129 2129 2129 2116 2116 2103 2103 2103 2103 2103
    2103 2103 2103 2090 2090 2078 2078 2078 2078 2090 2116 2129 2129
    2129 2170 2170 2156 2156 2156 2156 2143 2143 2143 2129 2129 2129
    2129 2116 2116 2103 2103 2103 2103 2103 2090 2090 2090 2090 2078
    2078 2078 2078 2078 2090 2103 2129 2129 2129 2170 2170 2156 2156
    2156 2156 2143 2143 2143 2129 2129 2129 2116 2116 2116 2103 2103
    2103 2116 2103 2090 2078 2078 2078 2078 2078 2078 2078 2078 2090
    2103 2129 2129 2129 2170 2170 2156 2156 2156 2156 2143 2143 2143
    2129 2129 2116 2116 2116 2116 2116 2103 2103 2116 2116 2090 2078
    2078 2078 2078 2078 2078 2078 2090 2103 2116 2129 2129 2129 2170
    2170 2170 2170 2156 2156 2143 2143 2143 2129 2129 2116 2116 2116
    2116 2116 2103 2103 2116 2116 2103 2078 2078 2078 2078 2078 2078
    2078 2090 2103 2116 2116 2116 2116 2170 2170 2170 2170 2156 2156
    2143 2143 2143 2129 2129 2129 2116 2116 2116 2103 2103 2103 2116
    2116 2103 2078 2078 2078 2078 2078 2078 2078 2090 2103 2116 2116
    2116 2116 2170 2170 2170 2170 2156 2156 2143 2143 2143 2143 2129
    2129 2129 2116 2116 2103 2103 2103 2116 2116 2103 2103 2090 2090
    2078 2078 2078 2090 2090 2103 2116 2129 2129 2129 2170 2170 2170
    2170 2156 2156 2143 2143 2143 2129 2129 2129 2129 2116 2116 2116
    2116 2116 2116 2116 2116 2116 2103 2103 2090 2090 2090 2090 2090
    2103 2116 2129 2129 2129 2170 2170 2170 2156 2156 2156 2156 2143
    2143 2129 2129 2129 2129 2116 2116 2116 2116 2116 2116 2116 2116
    2116 2103 2103 2090 2090 2078 2078 2090 2090 2103 2129 2143 2143
    2170 2170 2170 2156 2156 2156 2156 2156 2143 2129 2116 2116 2129
    2116 2116 2116 2116 2116 2129 2116 2103 2103 2103 2103 2103 2090
    2078 2078 2090 2090 2103 2129 2143 2143 2170 2170 2170 2156 2156
    2156 2156 2156 2143 2129 2116 2116 2129 2129 2116 2116 2116 2116
    2129 2116 2103 2103 2103 2103 2103 2090 2090 2090 2090 2090 2103
    2129 2143 2143 2170 2170 2170 2156 2156 2156 2156 2156 2156 2143
    2129 2129 2129 2116 2116 2116 2116 2116 2129 2116 2116 2103 2103
    2103 2103 2090 2090 2090 2090 2090 2116 2129 2143 2156 2170 2170
    2170 2170 2170 2170 2156 2156 2156 2143 2143 2143 2143 2116 2116
    2116 2116 2116 2129 2116 2116 2116 2103 2103 2103 2090 2078 2078
    2078 2103 2116 2129 2143 2156 2184 2170 2170 2170 2170 2170 2170
    2156 2156 2156 2156 2156 2143 2143 2116 2116 2116 2116 2116 2116
    2116 2116 2116 2103 2103 2090 2078 2078 2078 2103 2116 2129 2143
    2170 2184 2184 2184 2170 2170 2170 2170 2170 2156 2156 2156 2156
    2143 2143 2116 2116 2116 2116 2116 2116 2116 2116 2116 2103 2103
    2090 2078 2078 2090 2116 2129 2129 2143 2170 2170 2184 2184 2184
    2170 2170 2170 2170 2156 2156 2156 2156 2143 2143 2129 2129 2116
    2116 2116 2116 2116 2116 2116 2116 2103 2090 2090 2090 2090 2116
    2129 2143 2143 2156 2156 2170 2184 2184 2170 2170 2170 2170 2170
    2156 2156 2156 2143 2143 2129 2129 2129 2129 2129 2129 2116 2116
    2116 2116 2103 2103 2103 2103 2103 2116 2116 2143 2156 2156 2156
    2170 2184 2184 2170 2170 2170 2170 2156 2156 2156 2143 2143 2143
    2143 2143 2129 2129 2129 2129 2116 2116 2116 2116 2103 2103 2103
    2103 2103 2116 2116 2143 2143 2156 2170 2184 2184 2184 2170 2170
    2170 2170 2156 2156 2156 2143 2143 2143 2143 2143 2129 2129 2129
    2129 2129 2116 2116 2116 2116 2103 2103 2103 2103 2116 2116 2143
    2143 2156 2184 2184 2184 2170 2170 2170 2170 2170 2156 2156 2156
    2156 2143 2143 2143 2143 2129 2129 2129 2129 2129 2116 2116 2116
    2116 2103 2103 2103 2103 2116 2129 2143 2143 2156 2198 2184 2184
    2170 2170 2170 2170 2170 2170 2156 2156 2143 2143 2143 2143 2143
    2129 2129 2129 2129 2129 2129 2116 2116 2116 2103 2103 2103 2103
    2116 2129 2143 2143 2143 2198 2184 2184 2170 2170 2170 2170 2170
    2170 2156 2156 2143 2143 2143 2143 2129 2129 2129 2129 2129 2129
    2129 2116 2116 2116 2116 2103 2103 2103 2116 2129 2143 2156 2170
    2212 2184 2184 2170 2170 2170 2170 2170 2170 2170 2156 2156 2156
    2143 2143 2129 2129 2129 2129 2129 2129 2129 2116 2116 2116 2103
    2103 2116 2116 2116 2129 2143 2156 2156 2212 2198 2184 2170 2170
    2170 2170 2170 2170 2170 2156 2156 2156 2143 2143 2129 2129 2129
    2129 2129 2129 2129 2116 2116 2116 2103 2103 2116 2116 2116 2129
    2143 2156 2156 2212 2198 2198 2184 2170 2170 2170 2170 2170 2170
    2156 2156 2156 2156 2143 2129 2129 2129 2129 2129 2129 2129 2116
    2116 2116 2116 2116 2116 2116 2116 2129 2143 2156 2156 2212 2198
    2198 2198 2170 2170 2170 2170 2170 2170 2170 2156 2156 2156 2156
    2129 2129 2129 2129 2129 2129 2129 2116 2116 2116 2116 2116 2116
    2116 2129 2129 2143 2156 2156 2212 2198 2198 2198 2170 2170 2170
    2170 2170 2170 2170 2156 2156 2156 2156 2129 2129 2129 2129 2129
    2129 2129 2116 2116 2116 2116 2116 2116 2116 2129 2129 2143 2170
    2170 2212 2198 2198 2184 2170 2170 2170 2170 2170 2170 2170 2156
    2156 2156 2156 2129 2129 2129 2129 2129 2129 2129 2129 2129 2116
    2116 2116 2116 2116 2129 2129 2143 2170 2170 2212 2212 2198 2184
    2170 2170 2170 2170 2170 2170 2170 2170 2156 2156 2143 2143 2129
    2129 2129 2129 2129 2129 2129 2129 2116 2116 2116 2116 2116 2129
    2129 2143 2156 2170 2212 2212 2198 2184 2184 2170 2170 2170 2170
    2170 2170 2156 2156 2156 2143 2143 2129 2129 2143 2129 2129 2129
    2129 2129 2116 2116 2116 2116 2116 2129 2129 2143 2156 2156 2212
    2212 2198 2198 2184 2184 2170 2170 2170 2170 2170 2156 2156 2156
    2156 2143 2143 2143 2143 2129 2129 2129 2129 2129 2116 2116 2116
    2116 2116 2129 2129 2143 2156 2156 2212 2212 2198 2198 2184 2184
    2170 2170 2170 2170 2170 2156 2156 2156 2156 2143 2143 2143 2143
    2143 2129 2129 2129 2129 2116 2116 2116 2116 2116 2129 2129 2129
    2156 2170 2212 2212 2198 2198 2184 2184 2184 2170 2170 2170 2170
    2156 2156 2156 2143 2129 2129 2143 2143 2143 2129 2129 2129 2129
    2116 2116 2116 2116 2116 2129 2129 2129 2156 2170 2212 2212 2198
    2184 2184 2184 2184 2170 2170 2170 2170 2156 2156 2156 2143 2129
    2129 2143 2143 2143 2129 2129 2129 2129 2129 2116 2116 2116 2116
    2129 2129 2129 2156 2170 2212 2212 2198 2184 2184 2184 2184 2184
    2170 2170 2170 2170 2156 2156 2143 2143 2143 2143 2143 2143 2129
    2129 2129 2129 2129 2116 2116 2116 2116 2129 2129 2129 2170 2170
    2212 2212 2198 2198 2184 2184 2184 2184 2170 2170 2170 2170 2170
    2156 2156 2143 2143 2143 2156 2143 2143 2129 2129 2129 2129 2116
    2116 2116 2116 2129 2129 2143 2170 2170 2212 2212 2198 2198 2184
    2184 2184 2184 2170 2170 2170 2170 2170 2156 2156 2143 2143 2143
    2156 2143 2143 2143 2129 2129 2129 2116 2116 2116 2116 2129 2129
    2143 2170 2184 2212 2212 2198 2198 2198 2198 2184 2170 2170 2170
    2170 2170 2170 2156 2156 2156 2156 2156 2156 2143 2143 2143 2143
    2143 2129 2116 2116 2116 2116 2129 2129 2143 2170 2184 2226 2212
    2212 2198 2198 2184 2184 2170 2170 2170 2170 2170 2170 2156 2156
    2156 2156 2156 2170 2156 2143 2143 2143 2143 2129 2116 2116 2116
    2116 2129 2129 2143 2170 4463 4522 2212 2212 2198 2198 2184 2170
    2170 2170 2170 2170 2170 2170 2156 2156 2156 2156 2156 2170 2143
