<?xml version="1.0"?>
<opencv_storage>
<Depth16576 type_id="opencv-matrix">
  <rows>140</rows>
  <cols>111</cols>
  <dt>w</dt>
  <data>
    2618 2618 2618 2618 2618 2618 2618 2618 2618 2618 2598 2598 2598
    2598 2598 2598 2598 2598 2598 2598 2598 2598 2598 2598 2598 2598
    2598 2598 2579 2579 2579 2579 2579 2579 2579 2579 2560 2560 2579
    2579 2579 2579 2579 2560 2560 2560 2560 2560 2541 2541 2541 2541
    2541 2541 798 798 796 794 792 792 792 792 2560 2560 2560 2560 2560
    2560 2541 2541 2560 2560 2560 2541 725 725 728 730 746 746 746 747
    747 747 747 0 0 755 2485 0 2485 2467 2467 2467 2467 2503 2522 2522
    2503 2503 2503 2503 2503 2503 2503 2485 2485 2485 2503 2503 2485
    2618 2618 2618 2618 2618 2618 2618 2618 2618 2618 2618 2598 2598
    2598 2598 2618 2618 2598 2598 2598 2598 2598 2598 2598 2598 2598
    2598 2598 2598 2598 2579 2579 2598 2579 2579 2579 2560 2560 2579
    2579 2579 2579 2579 2560 2560 2560 2560 2560 2560 2541 2541 2541
    2541 798 798 796 796 794 792 792 792 792 796 796 0 0 706 706 2579
    2579 2579 2579 2579 722 722 723 728 730 731 739 742 746 747 747 747
    747 0 0 0 0 0 2467 2450 2450 2467 2503 2503 2522 2503 2503 2503 2503
    2503 2503 2503 2503 2503 2503 2503 2503 2485 2639 2618 2618 2618
    2618 2618 2618 2618 2618 2618 2618 2618 2598 2598 2598 2618 2618
    2618 2618 2618 2598 2598 2598 2598 2598 2598 2598 2598 2598 2598
    2579 2579 2579 2579 2579 2579 2579 2579 2579 2579 2579 2579 2579
    2560 2560 2560 2541 2541 2560 2560 2560 2541 800 798 798 796 796 794
    792 792 794 796 796 796 0 0 0 706 706 707 707 707 707 720 720 723
    728 730 730 734 741 744 746 749 750 755 0 0 0 0 0 2467 2450 2450
    2467 2485 2503 2503 2503 2503 2503 2503 2503 2503 2503 2503 2503
    2503 2503 2503 2485 2639 2639 2618 2618 2618 2618 2618 2618 2618
    2618 2618 2618 2618 2618 2598 2598 2618 2618 2618 2618 2598 2598
    2598 2598 2598 2598 2598 2598 2598 2598 2598 2598 2579 2579 2579
    2579 2579 2579 2579 2579 2579 2579 2579 2560 2560 2560 2541 2541
    2541 2541 2541 2541 798 798 798 796 796 794 794 794 796 796 796 796
    694 694 694 706 706 706 706 707 717 717 720 723 727 728 730 734 739
    742 744 749 752 754 0 0 0 0 0 0 2485 2485 2485 2485 2503 2503 2503
    2503 2503 2503 2503 2503 2503 2503 2503 2503 2503 2503 2485 2639
    2639 2618 2618 2618 2618 2618 2618 2618 2618 2618 2618 2618 2618
    2598 2598 2598 2618 2618 2618 2598 2598 2598 2598 2598 2598 2598
    2579 2579 2579 2598 2598 2598 2579 2579 2579 2579 2579 2579 2579
    2579 2579 2579 2579 2579 2560 2541 2541 2541 2541 2541 2541 798 798
    796 796 794 794 794 794 796 796 796 796 694 694 694 696 698 704 704
    707 713 714 719 722 727 728 731 734 736 742 744 749 752 754 0 0 0 0
    0 0 2485 2485 2485 2485 2485 2503 2503 2503 2503 2503 2503 2503 2503
    2503 2503 2503 2503 2503 2485 2639 2639 2639 2639 2639 2639 2618
    2618 2618 2618 2618 2618 2618 2618 2618 2598 2598 2618 2618 2618
    2618 2598 2598 2598 2598 2598 2579 2579 2579 2579 2598 2598 2598
    2579 2579 2579 2579 2579 2579 2579 2579 2560 2560 2579 2579 2560
    2560 2560 2560 0 0 0 0 798 794 794 794 794 796 798 796 796 796 684
    693 693 693 696 698 703 704 707 711 713 719 722 727 728 731 733 736
    739 742 747 752 755 0 0 0 0 0 0 2485 2485 2485 2485 2485 2503 2522
    2503 2503 2503 2503 2503 2503 2503 2503 2503 2503 2503 2485 2639
    2639 2639 2639 2639 2639 2639 2639 2639 2639 2639 2639 2618 2618
    2618 2618 2618 2618 2618 2618 2618 2618 2598 2598 2598 2598 2579
    2579 2579 2579 2598 2598 2598 2598 2598 2579 2579 2579 2579 2560
    2560 2560 2560 2560 2560 2579 2579 0 0 0 0 0 794 794 794 794 794 667
    667 667 670 672 684 684 684 686 690 694 697 700 703 706 710 711 719
    722 727 730 731 733 736 738 741 746 752 755 0 0 0 0 0 0 2485 2485
    2485 2485 2503 2522 2522 2503 2503 2503 2522 2522 2503 2503 2503
    2503 2503 2503 2503 2639 2639 2618 2618 2618 2618 2618 2618 2639
    2639 2618 2618 2618 2618 2618 2618 2618 2618 2618 2618 2618 2618
    2598 2598 2598 2598 2598 2579 2579 2598 2598 2598 2598 2598 2598
    2579 2579 2579 2579 2560 2560 2579 2579 2560 2560 0 0 0 0 0 0 0 0
    655 655 664 667 667 667 667 670 672 676 680 683 684 688 693 696 697
    703 706 710 711 717 723 728 731 733 734 736 738 739 744 754 755 0 0
    0 0 0 0 2503 2485 2485 2485 2503 2503 2522 2503 2503 2503 2522 2522
    2522 2503 2503 2503 2503 2503 2503 2639 2639 2618 2618 2618 2618
    2618 2618 2639 2618 2618 2618 2618 2618 2618 2618 2618 2618 2618
    2618 2618 2618 2598 2598 2618 2618 2618 2598 2598 2598 2598 2579
    2579 2579 2598 2598 2579 2560 2560 2560 2560 0 0 0 0 0 0 0 0 0 0 0 0
    0 655 664 664 664 666 667 670 672 676 679 682 684 688 693 694 697
    703 706 710 713 717 717 722 730 731 734 736 738 739 742 752 754 0 0
    0 0 0 0 2485 2485 2503 2503 2503 2503 2522 2503 2503 2503 2522 2522
    2522 2503 2503 2503 2503 2503 2503 2639 2639 2639 2618 2618 2618
    2618 2618 2618 2618 2618 2618 2618 2618 2618 2618 2618 2618 2618
    2618 2618 2618 2618 2618 2618 2618 2618 2618 2598 2598 2579 2579
    2579 2579 2598 2598 2579 2560 2560 2579 0 0 0 0 0 0 0 0 0 0 0 0 0 0
    655 655 657 662 664 667 670 672 676 679 682 684 688 693 694 697 703
    708 710 713 716 717 719 727 730 733 736 738 739 742 747 750 0 0 0 0
    0 0 2485 2485 2485 2485 2503 2503 2503 2522 2522 2522 2522 2522 2503
    2503 2503 2503 2503 2503 2503 2639 2639 2639 2639 2639 2618 2618
    2618 2618 2618 2618 2618 2618 2618 2618 2618 2618 2618 2618 2618
    2618 2618 2618 2618 2618 2618 2618 2618 2598 2598 2579 2579 0 0 0 0
    0 0 0 0 0 0 0 0 0 0 0 0 0 0 646 646 647 648 649 654 657 661 663 666
    668 671 675 678 679 684 688 691 693 694 704 708 710 713 716 717 719
    725 728 731 734 738 739 742 746 749 749 0 0 0 0 0 2485 2485 2485
    2485 2485 2503 2503 2522 2522 2522 2522 2522 2503 2503 2503 2503
    2503 2503 2503 2639 2639 2639 2639 2639 2639 2618 2618 2618 2618
    2618 2618 2618 2618 2618 2618 2618 2618 2618 2618 2598 2598 2618
    2618 2598 2579 2579 2579 2598 2598 2598 0 2598 0 0 0 0 0 0 0 0 0 0 0
    0 0 637 637 638 646 646 646 647 648 649 653 658 661 663 666 668 671
    675 678 679 683 688 691 691 693 700 710 710 711 713 716 719 723 727
    730 734 738 741 744 746 747 749 0 0 0 0 0 0 2467 2467 2485 2485 2503
    2503 2522 2522 2522 2522 2522 2522 2503 2503 2503 2503 2503 2503
    2639 2639 2639 2639 2639 2639 2639 2618 2618 2618 2618 2618 2618
    2618 2618 2618 2618 2618 2618 2598 2579 2579 2579 2618 2598 2579
    2579 2579 2598 2618 0 0 609 611 0 0 0 0 0 0 0 0 0 0 0 631 631 636
    637 640 643 644 647 648 650 653 657 659 662 664 668 671 674 676 678
    683 687 688 688 693 700 710 710 710 713 716 719 722 727 730 734 738
    741 744 746 747 747 0 0 0 0 0 0 2450 2450 2485 2485 2503 2522 2541
    2522 2522 2541 2522 2522 2503 2503 2503 2503 2503 2503 2639 2639
    2639 2639 2639 2639 2639 2618 2618 2618 2618 2618 2618 2618 2618
    2618 2618 2618 2618 2598 2579 2560 2560 0 0 0 0 0 0 0 0 609 609 611
    611 611 0 0 0 0 0 0 625 625 625 628 629 635 637 640 642 643 646 647
    650 653 655 658 662 663 667 671 672 675 678 683 686 687 688 691 698
    708 708 710 711 716 720 722 725 730 733 738 741 744 746 746 747 747
    0 0 0 0 0 2450 2450 2485 2485 2503 2503 2541 2541 2541 2541 2541
    2522 2503 2503 2503 2503 2503 2503 2639 2639 2639 2639 2639 2639
    2639 2639 2618 2618 2639 2639 0 2639 2618 2618 2618 2618 2618 2618
    2598 2560 2560 0 0 0 0 0 0 0 0 609 609 611 609 609 0 0 0 0 620 619
    619 622 624 628 628 631 637 640 641 642 644 647 650 653 655 657 661
    663 667 670 672 675 679 683 684 687 687 691 698 706 707 708 711 714
    719 722 725 728 733 738 739 744 746 746 747 747 0 0 0 0 0 0 2485
    2485 2485 2503 2503 2541 2541 2541 2541 2522 2522 2503 2503 2503
    2503 2503 2503 2639 2639 2639 2639 2639 2639 2639 2639 2618 2618 0 0
    0 0 2639 2639 2639 2618 2618 2618 0 0 0 0 0 0 0 0 0 0 610 610 610
    612 609 609 609 609 0 613 613 618 619 621 623 627 628 630 634 640
