<?xml version="1.0"?>
<opencv_storage>
<Depth15633 type_id="opencv-matrix">
  <rows>10</rows>
  <cols>14</cols>
  <dt>w</dt>
  <data>
    4645 0 4774 4708 4708 4774 4774 4774 5056 5056 0 0 2659 2659 4645
    4645 4708 4708 4708 4708 4774 4774 4842 4983 4983 4983 5056 5056
    4645 4645 4645 4645 4708 4708 4774 4774 4774 4842 4911 4983 5056
    5056 4582 4645 4645 4645 4708 4708 4774 4774 4774 4774 4842 4842
    4911 5056 4582 4645 4645 4645 4708 4708 4774 4774 4774 4774 4842
    4842 4911 4911 4582 4708 4708 4708 4708 4708 4708 4708 4774 4774
    4842 4842 4911 4911 0 4708 4708 4708 4708 4708 4708 4708 4708 4774
    4842 4842 4911 4983 0 4708 4708 4708 4708 4708 4708 4708 4708 4774
    4842 4842 4911 4983 0 0 4708 4708 4708 4708 4708 4774 4774 4774 4842
    4911 4911 4911 0 0 0 0 0 4708 4708 4708 4708 4708 4842 4911 4911
    2503</data></Depth15633>
</opencv_storage>
