<?xml version="1.0"?>
<opencv_storage>
<Depth4389 type_id="opencv-matrix">
  <rows>41</rows>
  <cols>34</cols>
  <dt>w</dt>
  <data>
    5832 5933 5832 5832 5832 5734 5734 5832 5734 5734 5832 5832 5832
    5933 5933 5933 2467 2450 2432 2415 2415 2415 2415 2432 2432 2432
    2432 5640 5640 5640 5734 5734 5734 5640 5832 5933 5832 5832 5734
    5734 5734 2579 2522 2503 2503 2485 2485 2450 2450 2450 2467 2450
    2415 2398 2398 2398 2415 2432 2432 2432 2432 2432 5734 5734 5734
    5734 5734 5640 5832 5933 5832 2560 2560 2560 2560 2541 2522 2503
    2503 2485 2485 2450 2450 2450 2432 2432 2415 2398 2398 2398 2415
    2432 2432 2432 2432 2432 5734 5734 5734 5734 5734 5640 5832 5832
    2560 2560 2560 2541 2541 2522 2503 2503 2503 2485 2485 2467 2450
    2450 2432 2432 2415 2398 2398 2398 2415 2415 2432 2432 2432 2432
    2432 5734 5734 5734 5734 5640 5832 2560 2560 2541 2541 2522 2522
    2522 2503 2503 2503 2503 2485 2467 2450 2450 2432 2432 2432 2415
    2398 2398 2415 2415 2432 2432 2432 2432 2432 5734 5734 5734 5734
    5640 5933 2560 2560 2541 2541 2522 2503 2503 2503 2503 2503 2503
    2485 2467 2450 2450 2432 2432 2432 2415 2415 2415 2415 2415 2415
    2432 2432 2432 2432 5734 5734 5734 5734 5734 2541 2541 2541 2541
    2541 2522 2503 2503 2503 2503 2503 2485 2467 2450 2450 2450 2432
    2432 2432 2432 2432 2398 2398 2415 2415 2432 2432 2432 2450 5734
    5734 5734 5734 5734 2560 2541 2541 2522 2522 2522 2503 2503 2503
    2503 2503 2485 2467 2450 2450 2450 2432 2432 2432 2432 2415 2398
    2398 2398 2415 2432 2432 2432 2450 5832 5734 5734 5734 5734 2560
    2560 2541 2522 2522 2522 2503 2503 2503 2503 2503 2485 2467 2450
    2450 2450 2432 2432 2432 2432 2415 2398 2398 2398 2415 2415 2432
    2432 2450 2450 5734 5734 5734 5734 2560 2560 2541 2541 2541 2522
    2522 2522 2503 2503 2503 2485 2467 2450 2450 2450 2432 2432 2432
    2432 2415 2398 2398 2398 2415 2415 2432 2432 2450 2450 5734 5734
    5734 5734 2560 2560 2541 2541 2541 2522 2522 2522 2503 2503 2503
    2485 2485 2450 2450 2450 2450 2432 2432 2415 2415 2415 2415 2415
    2415 2415 2432 2432 2450 2450 5734 5734 5734 5734 2560 2560 2560
    2541 2541 2541 2522 2522 2522 2503 2503 2503 2503 2467 2467 2450
    2450 2432 2432 2415 2415 2415 2415 2415 2415 2415 2432 2432 2450
    2450 5734 5734 5734 5734 2560 2560 2560 2560 2560 2541 2522 2522
    2522 2522 2503 2503 2503 2485 2467 2450 2450 2432 2432 2415 2415
    2415 2415 2415 2415 2415 2432 2432 2450 2450 5734 5734 5734 5734
    2560 2560 2560 2560 2560 2541 2522 2522 2522 2522 2503 2503 2503
    2503 2485 2450 2450 2432 2432 2415 2415 2415 2415 2398 2398 2415
    2432 2432 2432 2432 5734 5734 5734 5734 2560 2560 2560 2560 2560
    2541 2541 2522 2522 2522 2503 2503 2503 2503 2485 2450 2450 2450
    2432 2432 2432 2415 2398 2398 2398 2398 2415 2432 2432 2432 2432
    5734 5734 5734 2560 2560 2560 2560 2560 2560 2541 2522 2522 2522
    2522 2503 2503 2503 2485 2467 2450 2450 2432 2432 2432 2415 2398
    2398 2398 2398 2415 2432 2432 2432 2432 5734 5640 5640 2560 2560
    2560 2560 2560 2560 2541 2541 2522 2522 2522 2503 2503 2503 2503
    2467 2450 2450 2450 2450 2432 2415 2398 2398 2398 2398 2415 2432
    2432 2432 2450 2485 5640 5640 2541 2541 2579 2579 2579 2579 2560
    2560 2541 2541 2522 2503 2503 2503 2503 2467 2467 2467 2450 2450
    2432 2432 2415 2398 2398 2398 2415 2432 2432 2432 2450 2485 5640
    5640 2541 2541 2579 2579 2579 2579 2579 2560 2541 2541 2522 2503
    2503 2503 2503 2503 2485 2467 2450 2450 2432 2432 2415 2398 2398
    2398 2415 2432 2432 2432 2450 2467 5640 5640 6038 2579 2579 2579
    2579 2579 2579 2579 2560 2560 2522 2522 2503 2503 2503 2503 2485
    2467 2450 2450 2432 2432 2415 2415 2398 2398 2415 2432 2432 2432
    2432 2467 5640 5640 6038 6038 2579 2579 2579 2579 2579 2560 2560
    2560 2522 2522 2503 2503 2503 2503 2485 2467 2450 2450 2432 2432
    2415 2415 2398 2398 2415 2432 2432 2432 2432 2450 5640 5640 5933
    5933 2579 2579 2579 2579 2579 2560 2560 2560 2522 2522 2503 2503
    2503 2503 2485 2467 2450 2450 2432 2432 2432 2415 2398 2398 2415
    2432 2432 2432 2432 2450 2450 5734 5933 5933 2579 2579 2579 2579
    2560 2560 2560 2541 2541 2522 2503 2503 2503 2503 2485 2485 2450
    2450 2432 2432 2432 2415 2415 2415 2415 2415 2415 2432 2432 2450
    2467 5734 5933 2560 2560 2579 2579 2579 2560 2560 2541 2541 2541
    2522 2503 2503 2503 2503 2503 2485 2450 2450 2450 2432 2432 2415
    2415 2415 2415 2415 2415 2432 2432 2450 2467 2467 5933 2560 2560
    2579 2579 2579 2579 2560 2541 2541 2541 2522 2522 2503 2503 2503
    2503 2485 2450 2450 2450 2432 2432 2432 2415 2415 2415 2415 2432
    2432 2432 2450 2467 2467 5933 5933 2579 2579 2598 2579 2579 2560
    2541 2541 2541 2541 2522 2522 2503 2503 2485 2467 2467 2450 2450
    2450 2432 2432 2432 2415 2415 2415 2432 2432 2432 2450 2467 2467
    5933 5933 5933 2579 2579 2579 2579 2560 2541 2541 2541 2541 2522
    2522 2503 2503 2485 2467 2467 2450 2450 2450 2432 2432 2432 2415
    2415 2432 2432 2432 2432 2450 2450 2450 5933 5933 5933 2579 2579
    2579 2579 2560 2560 2560 2560 2541 2522 2522 2522 2503 2485 2485
    2467 2467 2450 2450 2432 2432 2432 2415 2415 2415 2415 2432 2432
    2450 2450 2450 5933 5832 5640 2579 2579 2598 2598 2579 2560 2560
    2560 2541 2522 2522 2522 2503 2485 2485 2467 2467 2450 2450 2432
    2432 2432 2415 2415 2415 2415 2415 2432 2432 2432 2432 5933 5832
    5640 5640 2618 2598 2598 2598 2579 2560 2541 2541 2522 2522 2522
    2503 2485 2485 2467 2467 2450 2450 2432 2432 2432 2415 2415 2398
    2398 2415 2415 2432 2432 2432 5933 5933 5734 5734 2639 2598 2598
    2598 2579 2560 2541 2541 2522 2522 2522 2503 2503 2503 2485 2467
    2450 2450 2450 2432 2432 2415 2415 2398 2398 2398 2415 2432 2432
    2432 5933 5933 5832 5832 5933 2598 2598 2598 2579 2560 2541 2541
    2541 2541 2522 2522 2503 2503 2485 2467 2450 2450 2450 2450 2432
    2415 2415 2398 2398 2398 2415 2432 2432 2432 5933 5933 5933 5933
    6038 2598 2598 2598 2579 2560 2541 2541 2541 2541 2522 2503 2503
    2503 2485 2485 2467 2467 2450 2450 2432 2432 2415 2398 2398 2398
    2415 2432 2432 2432 5933 5933 5933 5933 2680 2618 2618 2598 2579
    2560 2541 2541 2541 2541 2522 2503 2503 2503 2485 2485 2485 2450
    2450 2450 2450 2432 2432 2415 2415 2415 2432 2432 2432 2432 5933
    5933 5933 5933 2659 2618 2618 2598 2579 2579 2560 2541 2541 2541
    2522 2503 2503 2503 2485 2485 2485 2450 2450 2450 2450 2432 2432
    2415 2415 2432 2432 2432 2432 2432 5933 5933 5933 5933 2659 2639
    2598 2598 2598 2579 2560 2560 2560 2522 2522 2503 2503 2503 2485
    2485 2450 2450 2450 2450 2450 2432 2432 2432 2432 2432 2432 2432
    2432 2432 5933 5933 5933 5933 2659 2618 2598 2598 2598 2579 2579
    2560 2560 2522 2522 2503 2503 2485 2485 2485 2450 2450 2450 2450
    2450 2450 2432 2432 2432 2432 2432 2432 2432 2432 5933 5933 5933
    5933 5832 2598 2598 2598 2598 2579 2579 2560 2560 2541 2522 2503
    2503 2485 2485 2485 2467 2450 2450 2450 2450 2432 2432 2432 2432
    2432 2432 2432 5640 5548 5933 5933 5933 5933 5832 2598 2598 2598
    2598 2579 2579 2560 2560 2541 2522 2522 2503 2485 2485 2485 2485
    2467 2450 2450 2450 2432 2432 2432 2432 2432 2432 5734 5640 5640
    5933 5933 5933 5933 5832 5832 2598 2598 2598 2579 2579 2579 2579
    2541 2541 2522 2522 2485 2485 2485 2485 2485 2450 2450 2450 2450
    2432 2432 2432 2432 5734 5734 5734 5734 5933 5933 5933 5933 5832
    5832 5832 2579 2579 2598 2579 2579 2579 2579 2560 2522 2522 2503
    2503 2503 2503 2503 2522 2522 5734 5734 5734 5734 5734 5734 5734
    5734 5734 5734</data></Depth4389>
</opencv_storage>
