<?xml version="1.0"?>
<opencv_storage>
<Depth10183 type_id="opencv-matrix">
  <rows>132</rows>
  <cols>35</cols>
  <dt>w</dt>
  <data>
    1398 1392 1392 1392 1398 1398 1398 1392 1392 1392 0 0 0 0 0 0 1063
    1054 1050 1047 1044 1044 1041 1041 1038 1034 1031 1028 1028 1025
    1025 1022 1022 1022 1022 1404 1398 1398 1398 1398 1398 1398 1392
    1392 1392 0 0 0 0 0 0 0 1050 1050 1050 1047 1047 1041 1041 1034 1034
    1034 1031 1031 1028 1025 1025 1025 1025 1025 1415 1404 1404 1398
    1398 1398 1398 1392 1392 1392 0 0 0 0 0 0 0 1050 1047 1047 1047 1047
    1041 1041 1034 1034 1034 1031 1031 1028 1028 1028 1028 1028 1031 0 0
    1410 1404 1404 1398 1398 1392 1392 1392 0 0 0 1077 0 0 1060 1050
    1047 1047 1047 1047 1041 1041 1038 1038 1034 1031 1031 1031 1031
    1031 1031 1031 0 0 0 1415 1410 1404 1398 1398 1392 1392 1392 0 1077
    1077 1077 1067 1063 1060 1054 1047 1047 1047 1047 1044 1041 1038
    1038 1034 1028 1028 1025 1025 1025 1028 1028 0 0 0 1415 1410 1404
    1398 1398 1392 1392 1398 0 1077 1077 1077 1067 1063 1060 1054 1050
    1050 1050 1047 1044 1041 1038 1038 1034 1025 1025 1025 1025 1025
    1025 1028 0 0 0 1410 1410 1410 1398 1398 1392 1392 1398 0 0 1084
    1080 1073 1067 1063 1060 1054 1050 1050 1044 1038 1038 1038 1038
    1034 1025 1025 1025 1025 1025 1025 1028 0 0 0 1410 1410 1410 1404
    1398 1392 1392 0 0 0 0 1080 1073 1067 1063 1054 1054 1050 1050 1041
    1034 1034 1034 1034 1034 1028 1025 1025 1025 1025 1025 1028 0 0 0 0
    1410 1410 1410 1410 1410 0 1410 0 0 1080 1080 1077 1070 1067 1054
    1054 1050 1050 1041 1034 1031 1031 1028 1028 1028 1028 1025 1025
    1025 1025 1028 0 0 0 0 0 1410 1410 0 0 0 0 0 0 0 1038 1047 1047 1050
    1050 1047 1047 1047 1041 1034 1031 1031 1028 1028 1028 1025 1025
    1022 1022 1022 1022 1025 0 0 0 0 0 0 0 0 0 0 0 0 0 0 0 1047 1047
    1044 1044 1044 1044 1047 1038 1034 1034 1028 1028 1022 1022 1022
    1022 1019 1019 1019 1019 0 0 0 0 0 0 0 0 0 0 0 0 0 0 1038 1047 1047
    1041 1038 1038 1038 1038 1038 1038 1034 1028 1028 1022 1022 1022
    1022 1019 1019 1016 1016 0 0 0 0 0 0 0 1050 1050 1050 1047 1044 1041
    1038 1038 1044 1044 1038 1038 1034 1034 1034 1034 1031 1031 1028
    1025 1025 1022 1019 1019 1016 1016 1013 1013 0 0 0 0 0 0 1054 1050
    1050 1050 1047 1044 1038 1038 1038 1041 1038 1034 1034 1034 1034
    1031 1028 1028 1025 1025 1025 1025 1022 1019 1019 1016 1016 1013
    1013 0 0 0 0 0 0 1054 1054 1050 1050 1047 1047 1038 1038 1041 1041
    1038 1034 1034 1034 1031 1031 1028 1028 1025 1025 1025 1025 1025
    1022 1019 1016 1016 1013 1013 0 0 0 0 0 1063 1054 1054 1050 1050
    1050 1047 1047 1047 1044 1041 1038 1034 1034 1034 1031 1031 1031
    1031 1028 1028 1025 1025 1025 1022 1019 1019 1019 1013 1013 0 0 0 0
    0 1060 1057 1054 1050 1050 1050 1047 1047 1047 1044 1041 1038 1038
    1034 1034 1034 1031 1031 1031 1031 1031 1028 1025 1025 1022 1019
    1019 1016 1013 1013 0 0 0 0 0 1057 1050 1050 1050 1050 1050 1047
    1047 1047 1044 1041 1038 1038 1034 1034 1034 1031 1031 1028 1028
    1031 1028 1025 1025 1022 1019 1019 1016 1013 1013 0 0 0 0 0 1057
    1050 1050 1050 1050 1050 1050 1047 1047 1044 1038 1034 1034 1034
    1034 1034 1031 1031 1028 1028 1025 1025 1022 1022 1022 1016 1016
    1013 1013 1013 0 0 0 0 0 0 0 1050 1050 1050 1047 1047 1047 1047 1044
    1038 1034 1034 1038 1034 1034 1034 1034 1031 1025 1025 1025 1022
    1022 1022 1016 1016 1013 1013 1013 0 0 0 0 0 0 1057 1054 1050 1050
    1047 1047 1047 1047 1038 1038 1038 1038 1038 1038 1034 1034 1034
    1031 1025 1025 1025 1022 1022 1022 1016 1016 1013 1013 1013 0 0 0 0
    0 0 1057 1057 1050 1050 1050 1047 1047 1047 1038 1038 1038 1038 1038
    1038 1034 1034 1034 1034 1028 1025 1025 1025 1025 1022 1019 1019
    1016 1016 1016 0 0 0 0 0 0 1060 1057 1054 1050 1050 1050 1050 1050
    1044 1044 1044 1047 1044 1041 1038 1038 1038 1038 1038 1038 1034
    1031 1028 1028 1028 1031 1031 1025 1025 0 0 0 0 1094 1087 1077 1067
    1060 1054 1054 1050 1050 1060 1057 1050 1050 1047 1047 1044 1041
    1041 1041 1044 1047 1044 1041 1038 1034 1034 1034 1038 1041 1034
    1034 0 0 0 0 1094 1087 1077 1073 1070 1063 1063 1060 1060 1067 1070
    1060 1057 1057 1054 1054 1054 1057 1057 1057 1050 1047 1044 1044
    1041 1041 1044 1044 1044 1041 1041 0 0 0 0 0 1087 1087 1080 1077
    1073 1073 1073 1077 1073 1073 1073 1070 1070 1070 1063 1063 1063
    1067 1063 1060 1060 1057 1054 1054 1050 1047 1047 1047 1047 1047 0 0
    0 0 0 1097 1097 1097 1090 1080 1080 1084 1084 1077 1073 1073 1077
    1077 1080 1077 1077 1073 1073 1077 1077 1073 1073 1070 1063 1060
    1050 1047 1047 1047 1050 0 0 0 0 0 0 1105 1101 1101 1097 1094 1090
    1087 1087 1087 1087 1087 1087 1087 1084 1084 1087 1084 1084 1087
    1084 1084 1080 1077 1070 1047 1044 1044 1050 1054 0 0 0 0 0 1126
    1115 1112 1108 1105 1105 1105 1105 1105 1105 1094 1094 1094 1090
    1090 1094 1097 1094 1094 1090 1090 1090 1087 1087 1087 1047 1044
    1044 1050 1090 0 0 0 0 0 1126 1126 1123 1119 1115 1112 1108 1108
    1108 0 1115 1115 1112 1112 1105 1105 1105 1101 1101 1101 1101 1101
    1101 1105 1105 1047 1047 1073 1073 1090 0 0 0 0 0 1130 1130 1134
    1134 1126 1119 1119 1119 1119 0 1130 1130 1126 1126 1123 1119 1115
    1115 1115 1115 1108 1105 1105 1105 1105 1112 1080 1073 1073 1094 0 0
    0 0 0 0 1138 1134 1134 1130 1119 1119 1119 1010 1010 1134 1134 1134
    1130 1126 1123 1119 1108 1108 1123 1119 1115 1115 1112 1112 1112
    1077 1077 1077 0 0 0 0 0 0 0 1153 1149 1149 1149 995 995 998 1010
    1010 1010 1138 1138 1134 1134 1134 1134 1108 1108 1126 1126 1119
    1119 1119 1119 1077 1077 1077 1077 0 0 0 0 0 0 0 0 0 0 998 995 992
    992 992 1010 1010 989 989 989 987 987 984 984 984 975 973 973 970
    970 970 970 964 956 956 956 0 0 0 0 0 0 0 0 0 998 995 989 989 989
    989 989 989 989 989 987 987 981 978 978 975 973 973 970 970 970 970
    964 962 956 956 0 0 0 0 0 0 0 0 998 998 995 989 989 989 989 989 989
    987 987 984 984 981 978 978 975 975 973 970 970 970 970 964 962 959
    959 0 0 0 0 0 0 0 0 998 998 998 992 989 989 989 989 989 987 987 984
    984 978 978 978 975 975 973 973 973 970 970 970 967 964 964 2883 0 0
    0 0 0 0 0 998 998 998 992 989 989 989 989 987 987 987 984 981 978
    978 975 975 975 973 973 973 970 970 970 967 964 964 2883 2908 0 0 0
    0 0 0 998 998 995 992 989 989 987 987 987 987 987 981 981 978 975
    975 975 975 975 973 973 973 970 970 967 964 964 2883 2908 0 0 0 0 0
    0 998 998 995 989 989 987 987 987 987 984 984 981 981 978 975 975
    975 973 973 973 973 973 967 967 967 964 964 2883 2908 0 0 0 0 0 0
    998 998 995 989 989 987 987 987 987 984 984 981 981 978 975 975 975
    973 973 973 970 970 967 967 967 964 964 2883 2908 0 0 0 0 0 1001 998
    998 992 989 989 987 987 987 987 984 984 984 981 981 975 975 975 975
    973 973 970 970 967 967 967 964 964 2883 0 0 0 0 0 0 998 998 998 992
    989 989 987 987 987 987 987 987 984 981 978 978 978 975 975 975 973
    973 970 967 967 967 964 964 2883 0 0 0 0 0 0 998 998 995 992 992 989
    989 989 987 987 984 984 984 981 978 978 978 978 978 975 975 973 970
    967 967 967 964 964 2883 0 0 0 0 0 0 998 995 995 992 992 992 989 989
    987 987 984 984 984 981 978 978 978 978 978 975 975 973 970 967 967
    967 967 967 0 0 0 0 0 0 0 992 992 992 992 992 992 989 989 987 987
    984 984 981 978 978 978 978 978 975 975 973 973 970 967 967 967 967
    967 0 0 0 0 0 0 998 992 992 992 992 992 992 989 989 987 984 984 981
    981 978 978 978 978 975 975 973 973 973 970 967 967 967 967 967 0 0
    0 0 0 0 998 998 995 995 992 992 989 989 989 987 984 984 981 981 981
    981 978 978 975 975 973 973 973 970 967 967 967 967 967 0 0 0 0 0 0
    998 998 998 995 992 992 989 989 989 987 987 984 981 981 981 981 978
    978 975 975 973 973 973 970 967 967 967 967 967 0 0 0 0 0 1010 1001
    998 998 995 992 992 992 989 989 987 984 984 981 981 981 978 978 975
    975 975 973 973 973 970 967 967 967 967 967 0 0 0 0 0 1007 1004 998
    998 992 992 992 992 989 989 987 984 984 981 981 978 978 978 975 975
