<?xml version="1.0"?>
<opencv_storage>
<Depth3111 type_id="opencv-matrix">
  <rows>45</rows>
  <cols>44</cols>
  <dt>w</dt>
  <data>
    2398 2415 2415 2415 2365 2365 0 0 0 0 0 0 5640 5640 5548 2432 2432
    2415 2415 2415 2415 2415 2415 5460 5460 5460 5460 5460 5374 5374
    5374 5374 5374 5374 5374 5291 5291 5210 5210 5210 5210 5132 5132
    5132 2398 2415 2415 2432 0 0 0 0 0 0 0 0 0 2415 2415 2415 2415 2415
    2415 2415 2415 2415 2415 2415 5460 5460 5460 5460 5460 5374 5374
    5460 5374 5374 5374 5291 5291 5291 5210 5210 5210 5132 5132 5132
    2398 2415 2415 0 0 0 0 0 0 0 2432 0 2432 2415 2415 2415 2415 2415
    2415 2415 2415 2415 2415 2398 2398 5460 5460 5460 5460 5460 5460
    5460 5460 5374 5374 5291 5291 5291 5291 5210 5210 5132 5132 5132
    2415 0 2415 0 0 0 0 0 0 0 0 2432 2432 2415 2415 2415 2415 2398 2398
    2415 2415 2415 2415 2398 2398 2415 5460 5460 5460 5460 5460 5460
    5460 5374 5374 5374 5374 5374 5291 5291 5210 5132 5132 5132 2398
    2398 0 0 0 0 0 0 0 0 2432 2415 2415 2415 2415 2415 2415 2398 2398
    2398 2415 2415 2415 2415 2415 2415 2415 5548 5460 5460 5460 5460
    5460 5460 5374 5291 5291 5291 5291 5291 5210 5210 5210 5132 2398
    2398 0 0 0 0 0 0 0 2415 2415 2415 2415 2415 2415 2415 2415 2398 2398
    2398 2398 2398 2398 2398 2415 2398 2398 5548 5548 5460 5460 5460
    5460 5460 5374 5291 5291 5291 5291 5291 5210 5210 5210 5210 2432
    2432 2485 2450 2450 2432 2432 0 2398 2398 2398 2398 2415 2415 2415
    2415 2415 2398 2398 2398 2398 2398 2398 2398 2415 2398 2381 2381
    5548 5460 5460 5460 5460 5460 5374 5374 5374 5374 5291 5291 5210
    5210 5210 5210 5460 5460 2485 2485 2450 2432 2432 2415 2381 2381
    2398 2398 2415 2415 2415 2415 2415 2398 2398 2398 2398 2398 2398
    2398 2398 2398 2381 2381 2381 5548 5460 5460 5460 5460 5374 5374
    5374 5374 5374 5374 5291 5291 5210 5210 5460 5548 2485 2485 2450
    2432 2415 2398 2381 2381 2398 2398 2415 2415 2415 2415 2415 2398
    2398 2398 2398 2398 2398 2398 2398 2398 2398 2381 2381 2398 5548
    5460 5460 5460 5374 5374 5374 5374 5374 5291 5291 5291 5291 5291
    5460 5460 5460 2467 2432 2415 2398 2365 2365 2381 2381 2381 2398
    2398 2398 2398 2415 2398 2398 2398 2398 2398 2398 2398 2398 2398
    2398 2398 2398 2398 2398 5460 5460 5460 5460 5460 5374 5374 5374
    5291 5291 5291 5291 5210 5460 5460 5460 2398 2381 2381 2381 2365
    2365 2381 2381 2381 2398 2398 2398 2398 2398 2398 2398 2398 2398
    2398 2398 2398 2398 2415 2415 2398 2398 2398 2398 2398 5460 5460
    5460 5460 5460 5460 5291 5291 5291 5291 5291 5210 5374 5460 2365
    2365 2365 2365 2365 2381 2381 2381 2381 2398 2398 2398 2398 2398
    2398 2381 2381 2381 2381 2381 2398 2398 2398 2398 2398 2398 2398
    2398 2398 2398 2398 5460 5460 5460 5460 5460 5291 5291 5291 5291
    5291 5291 2415 2381 2365 2365 2365 2365 2365 2381 2381 2381 2381
    2398 2398 2398 2398 2398 2398 2381 2381 2381 2381 2381 2398 2398
    2398 2398 2398 2398 2398 2398 2398 2398 2415 5460 5460 5460 5460
    5460 5374 5291 5291 5291 5291 5291 2415 2381 2365 2365 2365 2365
    2365 2381 2381 2381 2381 2398 2398 2398 2398 2398 2398 2381 2381
    2381 2381 2381 2398 2398 2398 2398 2398 2398 2398 2398 2398 2398
    2415 2415 5460 5374 5374 5460 5460 5374 5374 5291 5291 5291 2415
    2398 2365 2365 2365 2365 2365 2381 2381 2381 2381 2381 2381 2365
    2365 2381 2398 2381 2381 2381 2381 2381 2381 2381 2398 2398 2398
    2398 2398 2398 2398 2398 2415 2415 2415 5210 5210 5210 5460 5460
    5374 5374 5374 5291 2415 2398 2381 2381 2365 2365 2381 2381 2381
    2381 2381 2381 2381 2365 2365 2381 2398 2398 2398 2381 2381 2381
    2381 2381 2398 2398 2398 2398 2398 2398 2398 2398 2398 2398 2398
    5210 5056 5056 5374 5460 5374 5374 5374 5374 2415 2398 2381 2381
    2365 2365 2381 2381 2381 2381 2381 2381 2365 2365 2365 2381 2381
    2398 2381 2381 2381 2365 2365 2381 2381 2398 2398 2398 2398 2398
    2398 2398 2398 2398 2381 2381 5056 5056 5374 5460 5460 5374 5374
    5291 2415 2398 2381 2381 2365 2365 2381 2381 2365 2365 2365 2365
    2365 2365 2365 2381 2381 2365 2365 2365 2365 2365 2365 2381 2381
    2381 2398 2398 2398 2398 2398 2398 2398 2398 2381 2381 2398 5374
    5374 5460 5460 5374 5374 5291 2415 2415 2398 2398 2381 2381 2381
    2381 2365 2365 2365 2365 2365 2365 2381 2381 2381 2365 2365 2365
    2365 2365 2365 2365 2381 2381 2381 2381 2398 2398 2398 2398 2398
    2398 2398 2398 2381 2381 2415 5374 5374 5460 5374 5374 2415 2415
    2415 2415 2398 2381 2381 2365 2365 2365 2365 2365 2381 2381 2381
    2365 2365 2349 2349 2365 2365 2381 2365 2365 2381 2381 2381 2381
    2381 2398 2398 2398 2398 2398 2398 2398 2381 2381 2398 2398 5374
    5374 5374 5374 5291 2485 2432 2415 2415 2381 2381 2365 2365 2365
    2365 2365 2365 2365 2365 2365 2365 2349 2349 2365 2365 2381 2365
    2365 2365 2365 2365 2365 2381 2398 2398 2398 2398 2398 2398 2398
    2398 2398 2398 2398 2415 5374 5374 5374 5374 5460 2450 2432 2415
    2381 2381 2365 2365 2365 2365 2365 2365 2365 2365 2365 2365 2349
    2349 2365 2365 2365 2365 2365 2365 2365 2365 2365 2381 2381 2398
    2398 2398 2398 2398 2398 2398 2398 2398 2398 2398 5374 5374 5374
    5374 5374 5374 2432 2432 2398 2381 2365 2365 2365 2365 2365 2365
    2365 2365 2365 2365 2349 2349 2349 2349 2349 2349 2349 2365 2365
    2365 2365 2381 2381 2398 2398 2398 2398 2398 2398 2398 2398 2398
    2398 2398 2415 5374 5291 5374 5291 5291 5291 2432 2398 2398 2365
    2365 2365 2365 2365 2365 2365 2365 2365 2365 2349 2349 2349 2349
    2349 2349 2349 2365 2365 2365 2381 2381 2381 2381 2398 2398 2398
    2398 2398 2398 2398 2398 2398 2398 2398 2415 5291 5374 5291 5210
    5210 5210 2415 2415 2381 2365 2365 2365 2365 2365 2365 2365 2365
    2365 2349 2349 2349 2349 2349 2349 2349 2365 2365 2381 2381 2381
    2381 2381 2398 2398 2398 2398 2398 2398 2398 2398 2398 2398 2398
    2398 2398 5291 5291 5210 5210 5210 2415 2415 2415 2398 2381 2365
    2365 2349 2349 2349 2365 2365 2349 2349 2349 2349 2349 2349 2349
    2365 2381 2365 2365 2365 2365 2365 2381 2398 2398 2381 2381 2381
    2398 2398 2398 2398 2398 2398 2398 5291 5291 5210 5210 5291 2450
    2432 2432 2415 2398 2381 2365 2349 2349 2349 2365 2365 2349 2349
    2349 2349 2349 2349 2349 2381 2365 2365 2365 2365 2365 2365 2381
    2398 2398 2381 2381 2381 2398 2398 2398 2398 2398 2398 2398 5291
    5291 5291 5291 5291 5291 2450 2450 2432 2415 2415 2381 2365 2365
    2365 2365 2365 2349 2349 2349 2349 2349 2349 2365 2365 2365 2365
    2349 2349 2365 2365 2365 2381 2381 2381 2381 2381 2381 2381 2398
    2398 2398 2398 2398 5210 5291 5291 5291 5291 5291 2467 2467 2450
    2432 2415 2398 2381 2365 2365 2365 2365 2349 2349 2349 2349 2349
    2349 2365 2365 2365 2349 2349 2349 2349 2365 2365 2365 2365 2381
    2381 2381 2381 2381 2381 2398 2398 2398 2398 5210 5210 5291 5291
    5291 5291 5291 2467 2450 2432 2432 2415 2398 2365 2365 2365 2365
    2349 2349 2349 2349 2349 2349 2349 2349 2349 2349 2349 2349 2349
    2365 2365 2365 2365 2381 2381 2381 2381 2381 2381 2398 2398 2398
    2398 5210 5210 5291 5291 5291 5291 5291 5291 2450 2450 2432 2432
    2415 2398 2381 2381 2365 2349 2349 2349 2349 2349 2349 2349 2349
    2349 2349 2349 2349 2349 2349 2349 2365 2365 2365 2381 2365 2365
    2381 2381 2398 2398 2398 2398 5210 5291 5291 5291 5291 5291 5291
    5291 5291 2467 2450 2432 2415 2415 2398 2381 2365 2349 2349 2349
    2349 2349 2349 2349 2349 2349 2349 2349 2349 2349 2349 2349 2365
    2365 2365 2365 2365 2365 2381 2381 2398 2398 2415 5460 5210 5291
    5291 5291 5291 5291 5291 5291 5291 5210 5210 5210 2432 2415 2398
    2381 2365 2349 2333 2333 2333 2349 2349 2349 2349 2349 2349 2349
    2349 2349 2349 2349 2365 2365 2365 2365 2365 2365 2381 2381 2398
    2398 5548 5460 5210 5291 5291 5291 5291 5291 5291 5291 5291 5210
    5210 5210 2415 2415 2415 2398 2381 2349 2333 2333 2333 2349 2349
    2349 2349 2349 2349 2349 2349 2349 2349 2349 2365 2365 2349 2349
    2349 2349 2381 2381 2398 5640 5548 5548 5210 5291 5291 5291 5291
