<?xml version="1.0"?>
<opencv_storage>
<Depth3975 type_id="opencv-matrix">
  <rows>5</rows>
  <cols>47</cols>
  <dt>w</dt>
  <data>
    4708 4708 4708 4708 4708 4708 4708 4708 0 4708 4645 4645 0 0 4463
    4463 4463 4463 4582 4582 4582 4582 4645 4645 4582 4522 4405 4405
    4522 4582 4582 4522 4522 4582 4582 4708 4708 4708 4708 4645 4645
    4645 4645 4708 4774 4774 0 4708 4708 4708 4708 4708 4708 4708 4645
    4645 4645 4645 4645 4645 4645 4463 4463 4463 4463 4582 4582 4582
    4582 4645 4582 4522 4522 4463 4463 4522 4582 4582 4582 4582 4645
    4645 4708 4708 4708 4645 4645 4645 4645 4645 4708 4708 4645 4645
    4708 4645 4645 4708 4708 4708 4645 4645 4645 4645 4645 4645 4645
    4645 4645 4582 4582 4582 4645 4645 4645 4645 4645 4582 4522 4522
    4463 4463 4522 4582 4582 4582 4645 4645 4645 4708 4708 4645 4645
    4582 4582 4582 4645 4708 4645 4645 4645 4708 4645 4645 4645 4645
    4708 4645 4645 4645 4645 4645 4582 4582 4645 4645 4774 4708 4645
    4645 4645 4645 4645 4645 4582 4582 4582 4582 4582 4582 4582 4645
    4645 4645 4645 4645 4645 4645 4645 4645 4582 4582 4582 4645 4708
    4645 4582 4582 0 4645 4645 4645 4645 4708 4708 4645 4645 4645 4645
    4582 4582 4645 4708 4774 4708 4645 4645 4645 4645 4645 4774 4645
    4522 4522 4582 4582 4582 4582 4645 4645 4708 4645 4645 4645 4645 0
    4645 4645 0 0 0 0 0 4582 4582</data></Depth3975>
</opencv_storage>
