<?xml version="1.0"?>
<opencv_storage>
<Depth18455 type_id="opencv-matrix">
  <rows>5</rows>
  <cols>20</cols>
  <dt>w</dt>
  <data>
    5734 5734 5734 5734 6889 6889 7030 7030 6889 6889 6889 6889 6889
    6889 6889 6753 6753 6753 6753 6753 5734 7030 7030 7030 7030 7030
    7030 7030 6889 6889 6889 6889 6889 6889 6753 6753 6753 6753 6753
    6889 7178 7030 7030 7030 7030 7030 7030 7030 6889 6889 6889 6889
    6889 6889 6753 6622 6622 6497 6497 6889 7178 7030 7030 7030 7030
    7030 7030 7030 6889 6889 6889 6753 6753 6889 6753 6622 6622 6497
    6497 0 7178 7030 6889 6889 7030 7030 7030 7030 6889 6889 6889 6753
    6753 0 0 0 0 0 0 0</data></Depth18455>
</opencv_storage>
