<?xml version="1.0"?>
<opencv_storage>
<Depth3485 type_id="opencv-matrix">
  <rows>104</rows>
  <cols>120</cols>
  <dt>w</dt>
  <data>
    829 831 831 835 839 841 847 851 856 864 871 875 918 918 923 923 920
    920 920 920 0 0 0 3948 3948 3948 3859 3859 3859 3859 0 3859 0 3903
    3903 3859 3816 3816 3816 967 967 967 967 967 975 3859 3859 3903 3903
    3903 3903 3903 3903 3948 3948 3994 3994 3948 3948 3948 3948 3948
    3994 3994 3994 3994 3994 3994 3994 3994 3994 3994 3994 3994 3994
    3994 3994 4041 3994 3994 3994 3994 3994 4041 4041 4041 4041 4041
    4041 4041 4041 4041 4041 4041 4041 4041 4089 4089 4089 4089 4089
    4089 4089 4089 4089 4139 4139 4139 4139 4190 4190 4190 4139 4139
    4139 4190 4190 4190 4190 4190 829 829 831 833 835 839 843 849 856
    867 873 875 918 918 920 920 920 920 920 0 3774 3816 3816 3948 3948
    3948 3903 3903 3903 0 0 0 3903 0 3903 3816 3816 954 954 962 962 962
    964 964 970 970 970 970 3903 3903 3903 3859 3859 3903 3948 3994 3994
    3948 3948 3948 3948 3948 3994 3994 3994 3994 3994 3994 3994 3994
    3994 3994 3994 3994 3994 3994 3994 3994 3994 3994 3994 3994 3994
    3994 4041 4041 4041 4041 4041 4041 4041 4041 4041 4041 4041 4041
    4041 4089 4089 4089 4089 4089 4089 4089 4089 4089 4139 4139 4139
    4139 4139 4139 4139 4139 4139 4190 4190 4190 4190 4190 829 829 831
    833 835 837 843 849 873 873 875 878 918 918 918 920 920 918 918 3774
    3774 3816 3816 3816 3816 0 0 0 0 0 0 0 0 3816 3816 3816 3816 940 940
    951 956 956 959 962 970 970 970 970 967 3859 3859 3859 3859 3859
    3948 3994 3948 3948 3948 3948 3948 3948 3948 3948 3994 3948 3948
    3994 3994 3994 3994 3994 3994 3994 3994 3994 3994 3994 3994 3994
    3994 3994 3994 3994 3994 4041 4041 4041 3994 3994 4041 4041 4041
    4041 4041 4041 4041 4041 4089 4089 4089 4089 4089 4089 4089 4089
    4089 4089 4089 4089 4089 4089 4139 4139 4139 4139 4139 4190 4190
    4190 831 831 831 831 833 837 0 0 0 875 875 925 920 918 918 0 0 918
    915 915 918 925 3774 3816 3816 0 0 0 0 0 0 0 923 923 923 935 935 935
    935 946 951 954 954 956 959 964 967 967 967 967 3859 3859 3859 3859
    3948 3994 3948 3948 3948 3948 3903 3903 3948 3948 3948 3948 3948
    3994 3994 3994 3994 3994 3994 3994 3994 3994 3994 3994 3994 3994
    3994 3994 3994 3994 3994 3994 3994 3994 3994 3994 4041 4041 4041
    4041 4041 4041 4041 4041 4041 4089 4089 4089 4089 4089 4089 4089
    4089 4089 4089 4089 4089 4089 4139 4139 4139 4139 4139 4139 4139
    4139 833 831 831 831 833 0 0 0 0 0 0 0 0 0 0 0 0 918 915 915 918 923
    3774 3774 3816 0 0 0 0 0 0 0 0 923 923 925 930 933 935 940 943 946
    948 951 954 962 962 962 967 967 970 970 970 3994 3994 3994 3994 3948
    3948 3903 3903 3903 3948 3948 3948 3948 3948 3948 3948 3948 3948
    3948 3994 3994 3994 3994 3994 3994 3994 3994 3994 3994 3994 3994
    3994 3994 3994 3994 3994 3994 4041 4041 4041 4041 4041 4041 4041
    4041 4041 4041 4089 4041 4041 4041 4041 4041 4041 4041 4089 4089
    4089 4089 4089 4089 4089 4089 4139 4139 4139 4139 833 831 831 831
    833 0 0 0 0 0 0 0 0 0 0 0 0 3816 3816 918 918 923 3774 3774 0 0 0 0
    0 0 0 0 906 906 920 923 925 928 933 935 938 940 943 946 951 956 956
    956 956 962 970 970 970 973 4041 4041 3994 3994 3903 3903 3903 3903
    3903 3903 3948 3903 3903 3948 3948 3948 3948 3948 3994 3994 3994
    3994 3994 3994 3994 3994 3994 3994 3994 3994 3994 3994 3994 3994
    3994 3994 3994 3994 3994 3994 4041 4041 4041 4041 4041 4041 4041
    4041 4041 4041 4041 4041 4041 4041 4041 4041 4041 4041 4089 4089
    4089 4089 4139 4139 4190 4190 833 833 833 833 0 0 0 0 0 0 0 0 0 0 0
    0 0 3816 3774 3774 3774 3774 3774 3774 0 0 0 0 0 0 903 903 903 906
    910 913 918 920 923 930 933 935 938 940 946 948 951 954 956 962 964
    967 967 973 973 973 3994 3994 3903 3859 3859 3859 3903 3903 3903
    3903 3903 3903 3903 3948 3948 3948 3994 3994 3994 3994 3994 3994
    3994 3994 3994 3994 3994 3994 3994 3994 3994 3994 3994 3994 3994
    3994 3994 3994 4041 4041 4041 4041 4041 4041 4041 4041 4041 4041
    4041 4041 4041 4041 4041 4041 4041 4041 4089 4089 4089 4089 4089
    4139 4190 4190 833 833 835 0 0 0 0 0 0 0 0 0 0 0 0 0 0 0 3774 3774
    3774 3774 0 0 0 0 0 0 0 901 901 898 898 903 903 906 910 915 915 920
    923 925 930 933 935 946 948 951 954 959 959 959 962 970 973 973 973
    3859 3859 3859 3859 3859 3903 3903 3903 3903 3903 3903 3903 3903
    3948 3948 3994 3948 3948 3948 3948 3948 3948 3948 3948 3994 3994
    3994 3994 3994 3994 3994 3994 3994 3994 3994 3994 3994 3994 4041
    4041 4041 4041 4041 4041 4041 4041 4041 4041 4041 4041 4041 4041
    4041 4041 4041 4041 4089 4089 4089 4089 4089 4139 4139 835 835 835 0
    0 0 0 0 0 0 0 0 0 0 0 0 0 0 0 0 0 0 0 0 0 0 0 0 0 891 891 896 896
    898 901 903 906 908 910 915 915 920 923 928 930 933 935 938 943 948
    948 951 956 959 973 973 964 964 3859 3859 3859 3903 3903 3903 3903
    3903 3903 3903 3903 3903 3903 3948 3948 3903 3903 3903 3903 3903
    3948 3948 3948 3948 3994 3994 3994 3994 3994 3994 3994 3994 3994
    3994 3994 3994 3994 3994 3994 3994 3994 4041 4041 4041 4041 4041
    4041 4041 4041 4041 4041 4041 4041 4041 4041 4041 4089 4089 4089
    4089 4089 4089 835 835 0 0 0 0 0 0 0 0 0 0 0 0 0 0 0 0 0 0 0 0 0 0 0
    0 0 0 878 878 887 887 891 894 898 901 903 903 906 910 913 915 920
    923 925 930 930 935 935 943 946 948 951 954 956 962 964 964 964 964
    3903 3903 3903 3948 3903 3903 3903 3903 3903 3903 3903 3903 3903
    3903 3903 3903 3903 3903 3948 3948 3948 3948 3948 3994 3994 3994
    3994 3994 3994 3994 3994 3994 3994 3994 3994 3994 3994 3994 3994
    3994 4041 4041 4041 4041 4041 4041 4041 4041 4041 4041 4041 4041
    4041 4041 4089 4089 4089 4041 4041 4089 837 837 0 0 0 0 0 0 0 0 0 0
    0 0 0 0 0 0 0 0 0 0 0 0 0 0 0 873 873 878 882 885 887 887 889 896
    898 901 903 906 910 913 915 920 923 925 928 933 933 938 943 946 948
    948 951 956 959 959 964 964 967 967 3948 3948 3903 3903 3903 3903
    3903 3903 3903 3903 3903 3859 3859 3903 3903 3903 3903 3903 3948
    3948 3948 3948 3948 3994 3994 3994 3994 3994 3994 3994 3994 3994
    3994 3994 3994 3994 3994 3994 3994 4041 4041 4041 4041 4041 4041
    4041 4041 4041 4041 4041 4041 4041 4041 4041 4041 4041 4041 4041 841
    841 0 0 0 0 0 0 0 0 0 0 0 0 0 0 0 0 0 0 0 0 0 0 0 869 867 867 871
    875 878 880 882 885 885 889 894 896 898 901 906 910 910 913 920 923
    923 925 928 935 938 943 946 946 951 954 954 956 959 962 967 967 967
    3948 3948 3948 3903 3859 3859 3859 3859 3859 3859 3859 3859 3903
    3903 3903 3903 3903 3948 3948 3948 3948 3948 3948 3948 3994 3994
    3948 3948 3948 3994 3994 3994 3994 3994 3994 3994 3994 3994 3994
    3994 3994 3994 4041 3994 3994 3994 3994 3994 3994 4041 4041 4041
    4041 4041 4041 4041 4041 843 843 0 0 0 0 0 0 0 0 0 0 0 0 0 0 0 0 0 0
    0 0 0 0 0 869 864 864 867 871 875 875 878 878 882 885 889 889 894
    894 896 903 906 906 910 913 918 920 923 928 935 935 938 940 946 948
    951 954 954 959 962 962 964 967 967 3816 3816 3774 3774 3859 3859
    3859 3859 3859 3859 3859 3859 3859 3903 3903 3903 3903 3903 3903
    3948 3948 3948 3994 3994 3948 3948 3948 3994 3994 3994 3994 3994
    3994 3994 3994 3994 3994 3994 3994 3994 3994 3994 3994 3994 3994
    3994 3994 4041 4041 4041 4041 4041 4041 4041 4041 845 0 0 0 0 0 0 0
    0 0 0 0 0 0 0 0 0 0 0 0 0 0 0 0 0 858 858 858 860 864 869 871 873
    875 880 885 887 887 889 889 891 894 901 903 906 908 913 913 915 920
    930 933 935 935 938 940 946 948 951 956 959 959 964 967 967 3816
    3816 3774 3774 3859 3859 3859 3859 3859 3859 3859 3859 3859 3903
    3903 3903 3903 3903 3903 3903 3903 3948 3994 3994 3994 3994 3994
    3994 3994 3994 3994 3994 3994 3994 3994 3994 3994 3994 3994 3994
    3994 3994 3994 3994 3994 3994 3994 4041 4041 4041 4041 4041 4041
    4041 4041 849 0 0 0 0 0 0 0 0 0 0 0 0 0 0 0 0 0 0 0 0 0 0 843 843
    847 856 858 858 860 864 869 871 873 873 880 885 885 885 887 889 894
    896 898 903 906 908 910 913 920 925 928 930 933 935 938 938 943 946
    948 954 956 959 962 962 962 964 964 3859 3859 3859 3859 3859 3859
