<?xml version="1.0"?>
<opencv_storage>
<Depth17407 type_id="opencv-matrix">
  <rows>91</rows>
  <cols>61</cols>
  <dt>w</dt>
  <data>
    3238 3238 3238 3238 3238 3238 3238 3238 3238 3269 3269 3269 3269
    3269 3269 3269 3300 3300 3333 3333 3333 3333 3333 3333 3365 3365
    3365 3365 3399 3399 3365 3365 3399 3399 3399 3433 3433 3468 3468
    1343 1343 1343 1338 1338 1343 1343 1343 1349 1343 1338 1338 3503
    3503 3503 3503 3539 3539 3539 3539 3539 3539 3238 3238 3238 3238
    3238 3238 3238 3238 3269 3269 3269 3269 3269 3269 3269 3269 3300
    3300 3333 3333 3333 3333 3333 3333 3365 3365 3365 3365 3399 3399
    3365 3365 3365 1312 1312 1328 1317 1317 1333 1333 1333 1333 1338
    1333 1333 1338 1338 1343 1343 1338 1338 1343 1343 3539 3539 3539
    3539 3539 3539 3539 3539 3238 3238 3238 3238 3238 3238 3238 3238
    3238 3269 3269 1273 1273 3269 3269 3300 3300 3333 3365 3365 1255
    3503 3503 3365 3365 3365 3365 3399 3399 3399 3399 1292 1312 1312
    1312 1328 1317 1317 1317 1317 1328 1328 1328 1328 1328 1328 1333
    1338 1338 1338 1338 1343 1343 1343 3539 3539 3539 3539 3539 3539
    3539 3238 3238 3238 3238 3238 3238 3238 3238 3238 3269 3269 1268
    1268 3269 3269 3333 3333 1255 1255 1255 1255 3503 3503 3503 3399
    3399 3399 1297 1292 1292 1292 1292 1292 1297 1302 1307 1307 1307
    1312 1312 1317 1322 1322 1328 1328 1328 1328 1333 1338 1338 1338
    1338 1338 1338 3539 3539 3539 3539 3539 3539 3539 3238 3238 3238
    3238 1338 1333 1328 1328 1328 3269 1273 1268 1264 1264 1264 1259
    1259 1255 1255 1255 1255 1255 1292 1288 1288 1288 1292 1292 1288
    1288 1288 1288 1292 1297 1297 1302 1307 1307 1307 1312 1312 1317
    1317 1322 1322 1322 1328 1333 1338 1338 1338 1338 1338 1338 3539
    3539 3539 3539 3539 3539 3539 3238 3238 3238 3238 1338 1333 1328
    1328 1328 1328 1273 1268 1264 1264 1259 1259 1259 1259 1259 1255
    1255 1273 1278 1283 1283 1283 1288 1288 1288 1288 1288 1288 1292
    1297 1297 1302 1302 1307 1307 1312 1312 1317 1317 1322 1322 1322
    1328 1333 1333 1338 1338 1338 1338 1338 3539 3539 3539 3539 3539
    3539 3539 3238 3238 1333 1328 1328 1328 1322 1322 1328 1328 1268
    1264 1255 1255 1255 1255 1259 1264 1264 1264 1268 1273 1278 1283
    1283 1283 1283 1283 1288 1288 1288 1288 1292 1297 1297 1302 1302
    1307 1307 1312 1317 1317 1322 1322 1322 1328 1328 1333 1333 1338
    1338 1338 1338 0 3539 3539 3539 3539 3539 3539 3539 3269 1333 1333
    1328 1317 1302 1302 1297 1297 1297 1264 1259 1255 1255 1255 1255
    1259 1264 1264 1268 1268 1273 1273 1278 1278 1283 1283 1283 1288
    1288 1288 1292 1297 1297 1297 1302 1302 1307 1312 1312 1312 1312
    1317 1322 1328 1328 1328 1333 1333 1338 1338 1338 1338 0 3539 3539
    3539 3503 3503 3539 3539 1338 1333 1333 1328 1312 1297 1292 1288
    1288 1264 1255 1255 1255 1255 1259 1259 1259 1264 1264 1268 1268
    1273 1273 1273 1278 1278 1283 1283 1288 1288 1292 1292 1292 1297
    1302 1302 1302 1307 1312 1312 1312 1312 1317 1322 1328 1328 1333
    1333 1333 1338 1338 1338 1338 1343 3468 3468 3468 3503 3503 3539
    3539 1338 1333 1333 1322 1312 1297 1288 1283 1273 1264 1250 1250
    1250 1255 1255 1255 1259 1264 1264 1268 1268 1268 1273 1273 1273
    1273 1278 1283 1288 1292 1292 1292 1292 1297 1302 1302 1302 1307
    1312 1312 1312 1312 1317 1322 1328 1328 1328 1333 1338 1338 1338
    1338 1343 1343 3468 3468 3468 3503 3503 3539 3539 1349 1338 1333
    1322 1312 1297 1288 1283 1273 1264 1250 1250 1250 1255 1255 1255
    1259 1264 1264 1264 1268 1268 1268 1273 1273 1273 1278 1283 1288
    1288 1288 1292 1292 1297 1297 1297 1302 1307 1312 1312 1312 1312
    1317 1322 1322 1328 1328 1333 1333 1338 1338 1338 1343 1343 3503
    3503 3503 3539 3539 3539 3539 1349 1343 1338 1322 1312 1302 1292
    1288 1278 1268 1255 1255 1255 1255 1255 1259 1264 1264 1264 1264
    1268 1268 1268 1273 1273 1273 1278 1278 1288 1288 1288 1292 1292
    1292 1297 1297 1302 1307 1312 1312 1312 1312 1317 1322 1322 1328
    1328 1333 1333 1338 1338 1338 1338 1338 3503 3503 3503 3539 3539
    3539 3539 1349 1343 1338 1322 1312 1302 1297 1288 1278 1259 1255
    1255 1255 1255 1255 1259 1264 1264 1264 1264 1268 1268 1268 1273
    1273 1273 1278 1278 1288 1288 1288 1292 1292 1292 1297 1297 1302
    1302 1307 1312 1312 1312 1317 1322 1328 1328 1328 1338 1338 1338
    1338 1338 1338 1343 3539 3539 3539 3539 3539 3539 3539 1349 1343
    1338 1322 1312 1302 1297 1288 1278 1259 1255 1255 1255 1255 1255
    1259 1264 1264 1264 1264 1268 1268 1268 1273 1273 1278 1278 1278
    1283 1288 1288 1292 1292 1292 1292 1292 1302 1302 1307 1312 1312
    1312 1317 1322 1328 1328 1328 1333 1333 1338 1338 1343 1343 1343
    3576 3576 3539 3539 3539 3539 3539 1354 1343 1338 1322 1312 1302
    1297 1292 1283 1264 1255 1255 1255 1255 1255 1259 1264 1264 1264
    1264 1268 1268 1268 1273 1273 1278 1278 1278 1283 1288 1288 1292
    1292 1297 1292 1292 1302 1302 1307 1312 1312 1312 1317 1322 1328
    1328 1328 1333 1333 1338 1338 1338 1343 1343 1343 3539 3539 3539
    3539 3539 3503 1354 1343 1338 1328 1317 1307 1297 1292 1283 1264
    1259 1255 1255 1255 1255 1259 1259 1259 1264 1264 1268 1268 1268
    1273 1273 1278 1283 1283 1283 1288 1292 1292 1297 1297 1297 1302
    1302 1302 1307 1312 1312 1312 1317 1322 1328 1328 1328 1333 1333
    1338 1338 1338 1343 1343 1349 3503 3503 3503 3539 3539 3503 1354
    1349 1338 1333 1317 1312 1302 1292 1283 1268 1259 1255 1255 1255
    1255 1259 1259 1259 1264 1264 1268 1268 1268 1273 1273 1278 1278
    1283 1283 1288 1292 1292 1297 1297 1297 1297 1302 1302 1307 1312
    1312 1312 1317 1322 1322 1328 1328 1333 1333 1338 1338 1343 1343
    1349 0 3503 3503 3503 3539 3539 3539 1354 1343 1338 1333 1317 1312
    1307 1292 1273 1268 1259 1255 1255 1255 1255 1255 1259 1264 1264
    1264 1268 1268 1268 1273 1273 1278 1278 1283 1283 1288 1292 1292
    1297 1297 1297 1297 1302 1302 1307 1312 1312 1312 1317 1317 1322
    1328 1328 1333 1333 1338 1338 1343 1343 1349 1349 3539 3539 3539
    3539 3539 3539 1343 1343 1338 1333 1317 1312 1307 1292 1273 1268
    1259 1255 1255 1255 1255 1255 1259 1259 1264 1264 1268 1268 1268
    1273 1273 1278 1278 1278 1288 1288 1292 1292 1292 1297 1297 1297
    1302 1302 1307 1307 1312 1312 1317 1317 1322 1322 1328 1333 1333
    1333 1338 1343 1343 1349 1349 3539 3539 3539 3539 3539 3539 1343
    1343 1338 1333 1317 1312 1307 1292 1273 1268 1259 1255 1255 1255
    1255 1255 1259 1259 1264 1264 1268 1268 1268 1273 1273 1278 1278
    1278 1288 1288 1292 1292 1292 1292 1297 1297 1302 1307 1307 1307
    1312 1312 1312 1317 1317 1322 1328 1333 1333 1333 1338 1338 1338
    1343 1343 3539 3539 3539 3539 3503 3503 1343 1343 1333 1328 1322
    1312 1307 1292 1273 1268 1259 1255 1255 1255 1255 1255 1259 1259
    1264 1268 1268 1268 1268 1273 1273 1278 1278 1278 1283 1288 1292
    1292 1292 1292 1297 1297 1302 1302 1307 1312 1312 1312 1312 1317
    1317 1322 1322 1333 1333 1333 1338 1338 1338 1338 1338 1338 3539
    3539 3539 3503 3503 3149 1333 1333 1328 1322 1317 1307 1297 1278
    1268 1259 1255 1255 1255 1255 1255 1259 1264 1264 1268 1268 1268
    1268 1273 1273 1273 1278 1278 1283 1288 1288 1292 1292 1292 1297
    1297 1297 1297 1307 1312 1312 1312 1312 1317 1317 1322 1322 1333
    1333 1333 1338 1338 1338 1338 1338 0 3468 3468 3468 3503 3503 3149
    1338 1338 1328 1328 1317 1307 1297 1278 1268 1259 1255 1255 1255
    1255 1255 1259 1264 1264 1264 1268 1268 1268 1273 1273 1273 1273
    1278 1283 1288 1288 1292 1292 1292 1297 1297 1297 1297 1307 1312
    1312 1312 1312 1312 1317 1322 1322 1333 1333 1333 1338 1338 1343
    1343 1343 1338 3433 3433 3433 3503 3503 3149 1338 1338 1328 1328
    1317 1312 1292 1283 1273 1259 1255 1255 1255 1255 1255 1259 1264
    1264 1264 1264 1268 1268 1273 1273 1273 1273 1278 1278 1283 1288
    1292 1292 1292 1297 1297 1297 1297 1307 1312 1312 1312 1312 1312
    1317 1322 1322 1333 1333 1333 1338 1338 1338 1338 1338 1338 3433
    3433 3433 3503 3503 3149 3149 1349 1333 1328 1317 1312 1292 1283
