<?xml version="1.0"?>
<opencv_storage>
<Depth16170 type_id="opencv-matrix">
  <rows>70</rows>
  <cols>52</cols>
  <dt>w</dt>
  <data>
    5210 5210 5210 5210 5132 5132 5132 5132 5132 5132 5132 5132 5132
    5056 5056 5056 5056 5056 5056 5056 4983 4983 4983 4983 4983 5056
    5056 5056 4983 4983 1312 1312 1302 1297 1297 1297 1268 1259 1259
    4582 4582 4582 4708 4774 4774 4708 4708 4708 4708 4708 4708 4645
    5210 5210 5210 5210 5132 5056 5056 5132 5132 5132 5132 5132 5056
    5056 5056 5056 5056 1250 1250 4774 4774 4983 4983 4983 4983 5056
    5056 5056 4983 4774 1312 1297 1292 1283 1283 1273 1268 1259 1259
    1264 1264 1273 1268 1268 1268 1268 1268 4708 4708 4708 4645 4645
    5210 5210 5210 5210 1185 1185 5056 5132 1185 1185 1185 1189 1193
    1202 1210 1227 1227 1232 1232 4708 4774 4774 1126 1126 1126 5056
    5056 5056 4983 4774 4774 1202 1202 1283 1283 1259 1255 1255 1259
    1259 1259 1264 1259 1259 1264 1264 1264 1264 1264 4645 4645 4645
    5210 5210 5210 1185 1185 1185 1185 1185 1181 1181 1181 1185 1193
    1193 1197 1193 1193 1219 1219 1255 1255 1126 1126 1126 1126 0 1173
    1173 4774 4774 4774 1197 1189 1189 1189 1259 1250 1241 1241 1241
    1250 1245 1241 1241 1245 1255 1255 1255 1255 1259 1259 4774 5291
    5291 1185 1185 1185 1181 1169 1169 1169 1169 1169 1173 1173 1173
    1173 1181 1181 1181 1138 1134 1134 1126 1126 1126 1126 1141 1173
    1173 1173 4774 1189 1189 1189 1189 1185 1185 1245 1236 1232 1232
    1232 1232 1236 1236 1236 1241 1245 1245 1255 1255 1259 1264 0 0 1185
    1185 1185 1181 1169 1169 1165 1165 1165 1165 1165 1161 1161 1161
    1149 1138 1134 1130 1126 1126 1126 1126 1138 1141 1141 1169 1165
    1165 1173 1173 1181 1185 1177 1177 1173 1173 1173 1206 1206 1210
    1223 1227 1227 1236 1236 1241 1245 1255 1255 1259 0 0 1189 1185 1185
    1177 1173 1169 1165 1161 1157 1157 1157 1157 1153 1153 1141 1138
    1134 1126 1123 1123 1126 1130 1134 1138 1138 1138 1145 1149 1153
    1165 1169 1177 1177 1177 1173 1173 1173 1202 1206 1210 1214 1219
    1223 1227 1232 1241 1245 1250 1255 1255 0 0 1189 1185 1185 1177 1173
    1165 1165 1161 1153 1153 1153 1153 1149 1141 1138 1138 1130 1126
    1123 1123 1123 1123 1126 1130 1134 1134 1138 1141 1149 1153 1157
    1165 1169 1169 1177 1177 1177 1197 1202 1206 1210 1214 1223 1227
    1232 1241 1241 1250 1250 1255 0 0 1189 1185 1185 1181 1173 1165 1165
    1161 1153 1153 1153 1153 1145 1141 1138 1134 1130 1126 1123 1119
    1112 1112 1119 1126 1134 1134 1138 1141 1149 1153 1157 1161 1169
    1169 1173 1177 1181 1189 1202 1206 1210 1214 1219 1227 1232 1241
    1241 1245 1245 1245 0 0 1185 1185 1185 1177 1173 1165 1165 1161 1153
    1153 1153 1149 1145 1141 1138 1134 1130 1126 1119 1112 1112 1112
    1112 1123 1126 1134 1134 1138 1145 1153 1157 1161 1169 1169 1173
    1181 1185 1189 1202 1206 1210 1214 1219 1223 1232 1236 1241 1241
    1245 1245 0 0 1185 1185 1185 1177 1169 1165 1165 1161 1153 1153 1153
    1149 1141 1141 1138 1130 1126 1123 1119 1112 1112 1112 1112 1123
    1126 1134 1134 1138 1145 1153 1157 1157 1165 1169 1177 1181 1185
    1189 1202 1206 1210 1214 1223 1223 1232 1236 1241 1241 1245 1245 0 0
    1189 1185 1185 1177 1169 1165 1165 1157 1153 1153 1153 1149 1141
    1141 1138 1130 1126 1123 1119 1115 1112 1112 1115 1126 1126 1130
    1134 1138 1145 1153 1157 1157 1165 1173 1177 1181 1189 1189 1202
    1202 1214 1219 1223 1223 1232 1236 1241 1245 1245 1245 0 0 1193 1185
    1181 1177 1169 1165 1165 1157 1153 1153 1153 1149 1141 1141 1138
    1130 1126 1123 1119 1115 1115 1115 1119 1126 1126 1130 1134 1138
    1149 1153 1157 1157 1169 1173 1181 1185 1189 1189 1197 1202 1219
    1219 1223 1223 1232 1241 1241 1245 1245 1245 0 0 1189 1185 1181 1177
    1165 1165 1161 1157 1153 1153 1153 1145 1141 1138 1134 1130 1126
    1123 1119 1115 1115 1115 1119 1123 1126 1134 1138 1141 1149 1153
    1157 1161 1169 1173 1181 1185 1189 1189 1197 1210 1219 1219 1223
    1223 1232 1241 1241 1245 1245 1245 0 0 1189 1181 1177 1177 1165 1165
    1161 1157 1153 1153 1153 1145 1141 1138 1134 1130 1126 1123 1119
    1119 1115 1115 1123 1123 1130 1134 1138 1141 1149 1153 1157 1161
    1169 1173 1181 1185 1189 1189 1193 1206 1219 1219 1219 1227 1236
    1241 1241 1245 1245 1245 0 0 1181 1181 1177 1177 1165 1165 1157 1157
    1153 1153 1153 1145 1141 1138 1134 1130 1126 1123 1123 1115 1115
    1115 1123 1126 1130 1134 1138 1141 1149 1153 1157 1161 1169 1173
    1177 1185 1189 1189 1193 1206 1214 1219 1219 1227 1236 1241 1241
    1245 1250 1259 0 0 1181 1181 1177 1177 1165 1161 1157 1157 1153 1153
    1153 1145 1145 1138 1138 1130 1126 1123 1115 1115 1115 1115 1123
    1126 1130 1134 1138 1145 1149 1153 1157 1161 1169 1173 1177 1185
    1189 1189 1197 1202 1214 1214 1219 1232 1236 1241 1241 1245 1250
    1259 0 0 1185 1181 1181 1169 1165 1161 1161 1157 1153 1153 1153 1145
    1145 1141 1134 1130 1126 1123 1115 1115 1115 1115 1119 1126 1130
    1130 1138 1145 1153 1153 1157 1161 1169 1173 1177 1185 1189 1189
    1197 1202 1214 1214 1223 1232 1236 1236 1241 1241 1250 1250 0 0 1185
    1181 1181 1169 1165 1165 1161 1157 1153 1153 1153 1145 1141 1138
    1134 1130 1126 1123 1115 1115 1115 1115 1119 1126 1126 1130 1138
    1145 1153 1153 1157 1161 1169 1177 1181 1185 1189 1193 1197 1206
    1214 1214 1223 1232 1236 1236 1241 1241 1241 1241 0 1189 1185 1181
    1177 1169 1165 1161 1161 1153 1153 1153 1149 1145 1141 1138 1134
    1130 1126 1123 1115 1115 1119 1119 1123 1123 1126 1130 1138 1145
    1153 1153 1157 1161 1173 1181 1181 1185 1189 1193 1197 1206 1214
    1219 1223 1232 1236 1241 1241 1241 1241 0 1193 1189 1185 1181 1177
    1169 1165 1161 1157 1153 1149 1149 1149 1145 1141 1138 1134 1130
    1126 1123 1115 1115 1119 1119 1123 1123 1126 1130 1138 1141 1149
    1157 1157 1161 1169 1181 1185 1185 1189 1193 1197 1206 1214 1219
    1223 1232 1236 1241 1241 1241 1241 1250 1193 1189 1185 1181 1177
    1169 1165 1165 1157 1153 1149 1149 1149 1145 1141 1138 1134 1130
    1123 1123 1115 1115 1119 1119 1123 1126 1130 1130 1138 1141 1149
    1153 1157 1161 1169 1177 1185 1185 1189 1193 1197 1206 1214 1219
    1223 1232 1236 1241 1241 1241 1250 0 1197 1189 1185 1181 1181 1169
    1165 1165 1157 1153 1153 1153 1149 1141 1141 1138 1134 1130 1123
    1119 1115 1115 1115 1119 1123 1126 1130 1130 1138 1141 1149 1153
    1157 1161 1169 1177 1185 1185 1189 1189 1197 1206 1214 1219 1223
    1232 1236 1241 1245 1245 1245 1245 0 1189 1189 1185 1177 1169 1165
    1165 1161 1157 1153 1153 1149 1141 1141 1138 1134 1130 1123 1119
    1115 1115 1115 1115 1123 1123 1126 1130 1138 1145 1153 1157 1157
    1165 1169 1173 1185 1185 1189 1189 1197 1206 1214 1219 1223 1232
    1236 1241 1245 1245 1245 1245 0 1193 1185 1185 1177 1169 1165 1165
    1161 1157 1153 1153 1149 1145 1141 1141 1138 1126 1123 1119 1115
    1115 1115 1115 1123 1123 1126 1130 1138 1145 1149 1157 1157 1165
    1169 1173 1185 1185 1189 1189 1197 1206 1214 1219 1223 1232 1236
    1241 1245 1245 1245 0 0 1185 1185 1181 1173 1169 1169 1165 1161 1157
    1153 1153 1149 1145 1141 1141 1138 1126 1123 1119 1119 1115 1115
    1119 1123 1123 1126 1130 1138 1145 1149 1153 1157 1161 1169 1177
    1185 1185 1189 1189 1197 1206 1214 1219 1223 1232 1236 1241 1241
    1241 1245 0 0 1185 1185 1181 1173 1169 1169 1161 1161 1157 1153 1153
    1145 1141 1141 1138 1134 1126 1123 1119 1119 1115 1115 1119 1123
    1123 1126 1130 1138 1145 1149 1153 1157 1161 1169 1177 1185 1189
    1189 1189 1197 1206 1214 1219 1223 1232 1236 1241 1241 1241 1241 0 0
    1193 1185 1181 1173 1169 1165 1161 1157 1153 1149 1149 1145 1141
    1141 1138 1134 1126 1123 1119 1115 1115 1115 1119 1123 1126 1126
    1130 1138 1149 1153 1153 1157 1161 1169 1173 1181 1185 1189 1193
    1202 1206 1214 1219 1223 1232 1236 1241 1245 1245 1245 0 0 1189 1185
    1181 1173 1169 1165 1161 1157 1153 1149 1149 1145 1141 1141 1138
    1134 1126 1123 1119 1115 1115 1115 1115 1123 1126 1130 1134 1138
    1149 1153 1153 1157 1161 1169 1173 1181 1185 1189 1193 1202 1206
