<?xml version="1.0"?>
<opencv_storage>
<Depth5385 type_id="opencv-matrix">
  <rows>70</rows>
  <cols>48</cols>
  <dt>w</dt>
  <data>
    4774 4842 4842 4842 4842 4842 4842 4842 4842 4911 4911 5132 5056
    5056 5132 1421 1421 1415 1415 1415 1415 1427 1439 1464 1464 5460
    5460 5374 5374 5460 5460 5460 5460 5460 5374 5374 5291 5291 5291
    5374 5374 5374 5291 5291 5291 5210 5210 5132 4774 4774 4774 4842
    4842 4842 4842 1427 1427 1427 1427 1427 1427 1421 1421 1421 1415
    1415 1415 1415 1415 1427 1439 1464 1464 1464 5374 5374 5374 5460
    5548 5460 5460 5460 5374 5374 5291 5291 5291 5291 5291 5291 5291
    5374 5291 5210 5210 5210 4708 4708 4774 4842 4842 4842 1427 1427
    1427 1421 1421 1421 1415 1415 1415 1415 1415 1415 1415 1415 1415
    1427 1439 1452 1464 1464 5460 5460 5460 5460 5460 5460 5460 5460
    5374 5374 5374 5374 5291 5291 5291 5291 5291 5291 5291 5210 5210
    5210 4645 4645 1427 1427 1427 1427 1421 1421 1421 1421 1421 1421
    1415 1415 1415 1410 1410 1415 1415 1415 1415 1427 1439 1452 1464
    1489 1509 1523 1523 5460 5460 5374 5374 5374 5374 5374 5460 5460
    5460 5291 5291 5291 5291 5291 5210 5210 5210 5210 4645 1421 1421
    1421 1421 1421 1421 1421 1415 1415 1410 1410 1415 1415 1410 1410
    1410 1410 1410 1415 1421 1427 1439 1439 1470 1477 1503 1523 1529
    1536 1536 5374 5374 5374 5374 5460 5460 5460 5460 5374 5291 5291
    5291 5210 5210 5210 5210 5210 1427 1421 1421 1421 1421 1421 1415
    1415 1415 1410 1410 1410 1415 1415 1410 1410 1410 1410 1410 1410
    1415 1427 1439 1439 1464 1477 1483 1509 1523 1529 1543 1543 5374
    5374 5374 5374 5374 5460 5374 5374 5291 5291 5291 5210 5210 5210
    5132 5132 1427 1427 1421 1421 1421 1415 1415 1415 1415 1410 1410
    1410 1415 1415 1410 1410 1410 1410 1410 1410 1415 1421 1433 1439
    1452 1470 1483 1489 1523 1529 1536 1550 1550 1557 5374 5374 5374
    5374 5374 5291 5291 5210 5210 5210 5210 5210 5132 5132 1427 1421
    1421 1410 1410 1415 1415 1415 1415 1410 1410 1410 1415 1410 1410
    1410 1410 1410 1410 1410 1415 1421 1427 1439 1452 1464 1483 1489
    1509 1523 1536 1543 1557 1557 1601 5210 5210 5210 5374 5291 5291
    5210 5210 5210 5210 5210 5132 5132 1421 1421 1421 1410 1410 1415
    1415 1415 1415 1410 1410 1410 1410 1410 1410 1410 1410 1410 1410
    1410 1415 1415 1421 1433 1445 1464 1477 1489 1509 1516 1529 1543
    1557 1572 1601 1609 5210 5210 5374 5374 5460 5291 5291 5210 5210
    5210 5132 5132 1427 1427 1421 1415 1415 1415 1415 1415 1415 1410
    1410 1410 1410 1410 1410 1410 1410 1410 1410 1410 1410 1415 1421
    1433 1439 1458 1470 1483 1503 1516 1529 1536 1557 1572 1594 1601
    1616 5374 5374 5460 5460 5291 5291 5291 5210 5210 5132 5132 0 1433
    1427 1415 1415 1415 1415 1415 1415 1410 1410 1410 1410 1410 1410
    1410 1410 1410 1404 1404 1410 1410 1415 1427 1439 1458 1464 1477
    1503 1509 1516 1529 1557 1572 1586 1594 1609 1624 1624 5548 5291
    5291 5291 5291 5291 5210 5210 5210 0 0 1427 1415 1415 1415 1415 1410
    1410 1404 1404 1410 1410 1410 1410 1410 1404 1404 1404 1404 1404
    1410 1415 1421 1433 1458 1464 1470 1503 1509 1516 1523 1550 1572
    1586 1594 1601 1616 1616 5291 5291 5291 5291 5291 5291 5291 5210
    5210 0 0 1427 1427 1415 1415 1415 1410 1410 1404 1404 1410 1410 1410
    1410 1404 1404 1398 1398 1398 1398 1410 1415 1415 1427 1452 1464
    1470 1489 1509 1516 1516 1543 1572 1586 1594 1601 1616 1616 5291
    5291 5291 5291 5291 5291 5291 5210 5210 0 1427 1427 1427 1415 1410
    1410 1410 1404 1404 1404 1410 1410 1410 1410 1404 1404 1398 1398
    1398 1398 1404 1410 1415 1427 1445 1458 1464 1489 1503 1516 1516
    1529 1572 1594 1594 1601 1609 1609 5291 5291 5291 5291 5291 5210
    5210 5210 5210 4842 1433 1433 1421 1415 1410 1410 1410 1404 1404
    1404 1410 1410 1410 1410 1410 1404 1398 1398 1392 1392 1404 1410
    1410 1421 1439 1458 1464 1483 1503 1509 1516 1529 1564 1579 1594
    1601 1609 1616 1616 5291 5291 5291 5291 5210 5210 5210 5210 4582 0
    1433 1421 1421 1415 1410 1410 1404 1404 1404 1404 1410 1410 1410
    1410 1404 1398 1398 1392 1392 1398 1410 1410 1415 1433 1452 1464
    1477 1503 1509 1516 1523 1550 1572 1586 1594 1601 1609 1609 5291
    5291 5291 5291 5210 5210 5210 5210 4582 1421 1421 1421 1415 1410
    1410 1404 1404 1404 1404 1404 1410 1410 1410 1404 1404 1404 1398
    1392 1392 1398 1404 1404 1415 1433 1452 1464 1477 1496 1509 1516
    1523 1536 1557 1579 1594 1601 1601 1609 1609 5291 5291 5210 5210
    5210 5210 5210 4582 0 1415 1415 1415 1410 1410 1404 1404 1404 1404
    1404 1410 1410 1410 1404 1404 1404 1398 1398 1398 1398 1398 1404
    1410 1433 1445 1458 1470 1489 1503 1516 1523 1529 1543 1579 1594
    1601 1601 1609 1609 5291 5291 5210 5210 5210 5210 5210 0 0 0 1415
    1410 1410 1404 1404 1404 1404 1404 1404 1410 1404 1404 1404 1404
    1404 1398 1398 1398 1392 1392 1398 1404 1433 1439 1458 1464 1483
    1496 1509 1516 1523 1543 1579 1594 1601 1601 1609 1609 5374 5374
    5291 5210 5210 5210 5132 4645 0 1410 1410 1410 1410 1404 1404 1404
    1404 1404 1404 1410 1404 1404 1404 1404 1398 1398 1398 1398 1392
    1392 1398 1398 1427 1439 1452 1464 1483 1489 1509 1516 1523 1543
    1579 1586 1601 1601 1601 5374 5374 5291 5291 5210 5210 5132 5132 0 0
    0 0 1404 1404 1404 1404 1404 1404 1404 1404 1410 1404 1404 1404 1404
    1398 1398 1398 1392 1392 1392 1392 1398 1410 1433 1445 1458 1464
    1489 1509 1509 1516 1543 1572 1586 1594 1594 1601 1601 5374 5291
    5291 5291 5210 5132 5132 0 0 0 1404 1404 1404 1404 1404 1404 1404
    1404 1404 1404 1404 1404 1404 1404 1398 1398 1392 1392 1392 1392
    1392 1398 1410 1433 1439 1458 1464 1483 1503 1509 1516 1543 1572
    1579 1586 1594 1601 1601 5374 5374 5374 5291 5291 5210 5132 0 0 0
    1392 0 1404 1404 1410 1410 1404 1404 1404 1404 1404 1404 1404 1404
    1398 1398 1392 1392 1392 1392 1392 1398 1410 1427 1433 1445 1458
    1483 1503 1509 1516 1523 1572 1572 1586 1594 1601 1601 5374 5374
    5374 5291 5210 5210 5210 0 0 0 0 1392 1392 1404 1410 1404 1404 1404
    1404 1404 1398 1398 1398 1398 1398 1398 1392 1392 1392 1392 1392
    1392 1410 1427 1427 1439 1458 1483 1496 1503 1509 1523 1572 1572
    1586 1594 1601 1601 1601 5374 5374 5291 5210 5210 5210 0 0 0 0 1392
    1392 1404 1404 1404 1404 1398 1398 1398 1398 1398 1398 1398 1398
    1398 1392 1392 1392 1392 1392 1392 1410 1427 1427 1439 1458 1483
    1496 1496 1509 1516 1564 1572 1579 1594 1601 1601 1601 5374 5374
    5291 5291 5210 5210 0 0 0 0 1404 1404 1404 1404 1404 1398 1398 1398
    1398 1398 1392 1392 1398 1398 1398 1392 1392 1392 1392 1392 1392
    1404 1427 1427 1439 1452 1470 1489 1496 1509 1516 1543 1564 1572
    1579 1601 1601 1601 5374 5374 5291 5291 5210 5210 0 0 0 1404 1404
    1404 1404 1398 1398 1398 1398 1398 1392 1392 1392 1392 1392 1392
    1392 1392 1392 1392 1387 1387 1387 1404 1427 1427 1433 1452 1464
    1483 1509 1509 1516 1543 1557 1572 1572 1601 1601 1601 1601 5291
    5291 5210 5210 5210 4522 4582 0 1410 1410 1398 1398 1398 1398 1398
    1398 1398 1392 1392 1392 1392 1392 1392 1392 1387 1387 1387 1387
    1387 1387 1404 1427 1427 1433 1439 1458 1470 1509 1509 1529 1536
    1550 1564 1572 1601 1601 1601 0 5210 5210 5210 5210 5210 4582 4582 0
    1398 1398 1398 1398 1398 1392 1392 1392 1398 1398 1398 1392 1392
    1392 1392 1392 1387 1387 1387 1387 1387 1387 1398 1421 1421 1427
    1439 1458 1464 1503 1503 1523 1536 1543 1557 1579 1594 1601 1601 0
    5210 5210 5210 5291 5210 4582 4582 4582 0 0 1398 1392 1392 1392 1392
    1392 1398 1398 1398 1392 1392 1392 1392 1387 1387 1387 1387 1381
    1381 1387 1398 1415 1421 1427 1445 1452 1464 1503 1503 1516 1523
    1543 1557 1579 1594 1601 1601 1601 5291 5291 5291 5291 5210 4582
    4582 0 1404 1398 1398 1392 1392 1392 1392 1392 1398 1398 1398 1392
    1392 1392 1387 1387 1387 1387 1387 1381 1381 1387 1392 1410 1421
    1421 1439 1452 1458 1489 1503 1516 1516 1543 1557 1572 1586 1601
    1601 1601 5210 5210 5210 5291 5210 4582 4582 0 1404 1404 1398 1392
    1392 1387 1387 1392 1398 1398 1398 1392 1392 1387 1387 1387 1387
