<?xml version="1.0"?>
<opencv_storage>
<Depth17468 type_id="opencv-matrix">
  <rows>78</rows>
  <cols>86</cols>
  <dt>w</dt>
  <data>
    3149 3149 3178 3178 3178 3178 3149 3149 3149 3149 3149 860 860 858
    856 856 854 854 856 856 858 856 856 854 851 851 3037 851 851 851 851
    851 3010 2984 2984 2958 2958 2984 2958 2958 2958 2958 2958 2958 2933
    2933 2958 2958 2933 2933 2933 2933 2933 2933 2908 2908 2933 2933
    2933 2933 2933 2933 2933 2908 2908 2883 2883 2883 2883 2883 2883
    2883 2883 2883 2883 2883 2883 2883 2883 2883 2883 2859 2859 2859
    2859 2859 3149 3149 3178 3178 3178 3178 3149 3149 3149 3149 860 858
    858 856 856 856 854 854 854 854 854 854 854 851 849 847 847 847 847
    847 849 847 847 2984 847 847 847 847 845 845 845 845 2958 2958 2933
    2933 2958 2933 2933 2933 2908 2908 2908 2908 2908 2908 2933 2908
    2908 2908 2933 2933 2908 2883 2883 2883 2883 2883 2883 2883 2883
    2859 2859 2883 2883 2883 2859 2859 2859 2859 2859 2859 2859 2859
    2859 2859 3149 3149 3178 3178 3178 0 864 864 862 856 856 856 856 854
    854 854 849 849 851 849 849 849 849 849 849 847 847 847 845 845 847
    845 845 845 845 845 845 845 843 843 841 841 841 841 841 841 839 839
    837 837 839 2908 2908 2908 2908 2908 2933 2908 2908 2908 2933 2933
    2908 2883 2883 2883 2883 2883 2883 2883 2883 2859 2859 2883 2883
    2883 2859 2859 2859 2859 2859 2859 2859 2835 2835 2835 3120 3120
    3178 3178 3178 862 864 864 862 862 854 851 851 849 849 849 849 847
    847 847 847 847 847 847 847 845 845 845 845 845 845 845 845 843 843
    841 841 841 841 841 839 839 839 839 839 839 839 837 835 835 837 837
    837 835 833 833 833 2908 2908 2908 839 839 839 2883 2883 2883 2883
    2883 2883 2883 2859 2859 2859 2883 2883 2883 2859 2835 2835 2835
    2835 2835 2835 2835 2835 2812 3120 3120 3178 0 0 0 862 862 862 858
    849 847 847 847 847 847 845 845 845 845 845 845 845 845 845 845 843
    843 841 841 841 841 841 839 839 839 839 839 839 839 837 837 837 839
    837 837 837 835 835 835 837 835 835 833 833 833 833 833 833 833 833
    833 831 831 831 831 2883 2883 2883 2883 2859 2859 2859 2859 2859
    2883 2859 2835 2812 2812 2812 2812 2812 2812 2812 2812 0 0 0 0 0 0
    862 862 860 858 847 843 843 845 845 845 845 843 843 841 841 841 839
    839 841 843 841 841 839 839 839 839 839 837 837 835 835 835 835 835
    835 833 833 835 835 835 835 833 833 833 833 833 833 833 833 833 831
    831 831 831 831 831 831 831 831 829 829 827 827 827 827 827 2859
    2859 825 825 2859 2835 2812 2812 2812 2812 2812 2812 2812 2789 0 0 0
    0 0 0 864 864 860 856 847 843 843 841 841 841 841 841 841 841 841
    839 839 837 837 839 839 839 839 837 837 835 835 835 833 833 833 833
    833 833 831 829 829 831 831 831 831 831 831 831 831 831 829 829 831
    831 829 829 827 827 829 829 829 829 829 827 827 825 825 825 825 825
    825 825 823 823 823 823 823 823 825 823 823 819 819 2789 0 0 0 0 0 0
    867 864 862 856 843 841 839 839 839 839 839 837 837 837 837 837 837
    837 835 835 837 837 835 833 833 831 831 831 831 831 831 831 831 829
    829 829 829 829 829 829 829 829 829 829 827 827 827 827 827 827 827
    827 825 825 827 827 825 825 825 825 825 825 825 825 825 823 823 823
    823 823 823 823 823 823 821 819 819 817 817 817 0 0 0 0 0 0 0 864
    862 860 839 837 835 835 835 835 835 835 833 833 833 831 831 831 831
    831 831 831 833 831 831 831 829 829 829 829 829 829 829 829 827 827
    827 827 827 827 825 825 825 825 827 825 825 825 825 825 825 825 825
    823 823 821 821 823 823 823 823 823 821 821 821 821 821 819 819 821
    821 821 819 819 817 817 817 817 817 817 0 0 0 0 0 0 0 0 0 833 833
    833 833 833 833 833 833 833 831 831 829 829 829 829 829 829 829 829
    829 829 827 827 825 825 827 827 827 827 827 827 827 825 825 823 823
    823 823 823 823 823 825 825 825 823 823 823 823 823 823 821 821 819
    819 821 821 821 819 819 819 819 819 819 817 815 815 815 815 817 817
    815 815 815 815 815 813 813 3120 0 0 0 0 0 0 0 0 833 831 831 831 831
    831 831 831 831 829 829 829 829 827 827 827 825 825 825 825 827 827
    825 823 823 823 821 821 821 821 823 823 821 821 821 821 821 821 821
    821 821 823 823 823 821 821 821 821 821 819 817 817 817 817 819 819
    817 817 817 817 817 817 815 815 813 813 813 813 813 813 813 813 813
    813 813 811 811 3120 3120 0 0 0 0 0 0 829 829 829 829 829 829 829
    829 829 829 829 827 827 827 825 823 823 823 823 823 823 823 823 823
    821 821 819 819 819 819 817 817 817 815 815 815 815 819 819 819 819
    819 819 819 819 819 819 817 817 815 813 813 813 815 815 817 817 815
    815 815 815 813 813 813 813 813 813 813 811 811 811 811 811 811 811
    811 811 809 3092 3092 0 0 0 0 0 0 829 829 829 829 829 829 827 825
    825 825 825 825 825 823 823 823 821 821 821 821 821 821 821 819 819
    817 817 817 817 815 815 815 815 815 815 815 813 813 815 815 813 813
    815 815 815 815 815 815 815 815 813 813 813 813 813 813 813 813 813
    811 811 811 809 809 811 809 809 809 809 809 809 809 809 809 807 807
    807 807 3092 3092 0 0 0 0 0 0 829 827 825 825 825 825 823 821 821
    821 821 821 821 821 821 821 819 819 817 817 817 817 817 815 815 815
    815 815 815 815 813 813 813 813 813 811 811 811 811 813 809 809 811
    809 809 811 811 811 811 811 811 811 811 811 811 811 809 809 811 809
    809 807 807 809 807 807 809 809 809 809 809 807 805 805 803 803 803
    803 3120 3120 0 0 0 0 0 0 827 823 823 823 823 823 821 821 819 819
    819 817 817 817 817 817 817 815 815 813 813 815 815 815 815 813 813
    813 813 813 813 811 811 811 809 809 809 809 809 809 807 807 809 809
    809 809 809 809 809 809 807 807 807 809 807 807 807 807 807 807 807
    807 807 807 807 805 805 805 805 807 807 805 803 803 802 802 802 802
    3120 0 0 0 0 0 0 0 825 823 821 821 821 821 821 819 819 817 817 815
    815 815 815 815 815 813 813 813 813 813 813 813 813 811 811 811 811
    809 809 809 807 807 807 807 807 807 807 807 807 807 807 807 807 807
    807 807 807 807 805 805 805 803 803 802 802 803 803 805 805 805 803
    803 803 803 803 803 802 802 802 802 802 800 800 800 800 800 0 0 0 0
    0 0 0 0 825 819 819 817 817 817 817 817 815 815 815 813 813 813 813
    813 813 813 811 809 809 811 811 811 809 809 807 807 807 807 807 807
    807 805 805 805 805 805 805 805 805 805 807 803 803 803 803 803 803
    803 803 802 802 802 802 802 802 802 802 800 800 800 800 800 802 802
    802 802 802 800 800 800 800 800 800 800 800 800 0 0 0 0 0 0 0 0 0
    815 815 813 813 813 813 813 813 813 813 811 811 811 811 811 811 809
    809 807 807 807 807 807 807 807 807 807 807 807 805 805 805 805 803
    803 802 802 802 802 802 802 803 802 802 802 802 802 802 802 800 800
    800 800 800 800 800 800 800 798 798 798 798 798 798 798 798 798 798
    800 800 800 798 798 798 798 798 798 0 0 0 0 0 0 0 0 0 813 811 811
    811 811 811 811 809 809 811 809 809 809 807 807 807 807 807 805 805
    805 805 805 805 805 805 805 805 805 805 805 803 803 802 802 802 800
    800 800 800 802 802 802 800 800 800 800 800 800 798 798 798 798 798
    798 798 798 796 796 794 794 794 794 794 794 794 794 794 794 794 794
    792 792 792 796 794 794 0 0 0 0 0 0 0 0 809 809 809 809 809 807 807
    807 807 807 807 807 807 805 805 805 807 807 805 805 803 802 802 803
    803 803 802 802 802 802 802 802 802 800 800 800 800 798 798 798 798
    800 800 800 798 798 798 798 798 798 798 798 796 796 796 796 796 796
    794 794 792 792 794 794 794 794 794 792 792 792 792 790 790 789 789
    789 790 790 0 0 0 0 0 0 0 807 807 807 807 807 805 805 805 805 805
    805 805 803 803 803 803 803 803 803 803 802 802 800 800 800 800 800
    800 798 798 798 798 798 798 800 798 798 798 796 796 796 796 796 796
    794 792 792 794 794 794 794 794 794 794 792 792 792 792 792 792 792
    790 790 790 790 790 790 790 790 790 790 790 789 787 787 787 787 787
    787 0 0 0 0 0 0 0 803 803 805 805 805 805 803 803 805 803 803 803
    802 802 802 802 802 802 800 800 800 800 800 800 800 798 798 798 796
    796 796 796 796 796 796 796 796 792 792 792 792 792 794 792 792 790
