<?xml version="1.0"?>
<opencv_storage>
<Depth0856 type_id="opencv-matrix">
  <rows>27</rows>
  <cols>38</cols>
  <dt>w</dt>
  <data>
    4405 4405 2723 2723 2723 2723 2723 2723 2723 2744 2744 2723 2723
    2680 2659 2659 4405 4405 4349 4349 4405 4405 4405 4405 4405 4405
    4405 4405 4405 4405 4405 4405 4405 4405 4405 4405 4349 4349 4405
    2701 2701 2723 2723 2723 2723 2723 2723 2723 2723 2723 2701 2680
    2659 2659 2680 2701 2701 2723 4405 4405 4405 4405 4405 4405 4405
    4405 4405 4463 4405 4405 4405 4405 4405 4405 4349 4349 2723 2701
    2701 2723 2723 2723 2723 2723 2723 2701 2701 2701 2701 2680 2680
    2680 2680 2701 2701 2723 2723 2723 2723 2723 2723 4463 4463 4463
    4463 4463 4405 4405 4405 4405 4405 4349 4349 4349 2723 2701 2701
    2723 2723 2723 2723 2723 2723 2701 2701 2701 2701 2701 2701 2701
    2701 2701 2701 2701 2680 2680 2680 2701 2701 2701 2701 2723 2723
    2701 2701 2680 2680 2680 2659 2659 2680 4349 2701 2701 2723 2723
    2723 2723 2723 2723 2723 2723 2723 2723 2723 2701 2701 2701 2701
    2701 2701 2680 2680 2680 2680 2680 2680 2701 2701 2723 2701 2701
    2680 2680 2680 2680 2659 2659 2659 2659 2701 2701 2723 2723 2723
    2723 2723 2723 2723 2723 2723 2723 2723 2701 2701 2701 2701 2701
    2701 2680 2680 2680 2680 2680 2680 2701 2701 2723 2701 2701 2680
    2680 2680 2680 2680 2659 2659 2659 4463 2744 2723 2723 2723 2723
    2723 2723 2723 2723 2723 2723 2701 2701 2701 2701 2701 2701 2701
    2701 2701 2701 2701 2701 2701 2701 2723 2723 2723 2701 2680 2680
    2680 2680 2680 2659 2659 2680 4463 2744 2723 2723 2723 2723 2723
    2723 2723 2723 2723 2723 2701 2701 2723 2701 2701 2701 2701 2723
    2723 2723 2701 2701 2701 2723 2723 2723 2723 2701 2701 2701 2680
    2680 2659 2659 2659 2680 4522 2723 2723 2723 2723 2723 2723 2723
    2723 2723 2723 2723 2723 2723 2723 2723 2723 2723 2723 2723 2723
    2723 2723 2723 2723 2723 2723 2723 2723 2723 2701 2701 2680 2680
    2659 2659 2659 2659 4582 2723 2723 2723 2723 2723 2723 2723 2723
    2723 2723 2723 2723 2723 2723 2723 2723 2723 2723 2723 2723 2723
    2723 2723 2723 2723 2723 2723 2701 2701 2701 2701 2701 2680 2659
    2659 2659 2659 2744 2744 2744 2723 2723 2723 2723 2723 2723 2723
    2723 2723 2723 2723 2723 2723 2723 2723 2723 2723 2723 2723 2723
    2723 2723 2723 2723 2723 2701 2701 2701 2701 2701 2701 2680 2659
    2659 2659 2723 2723 2723 2744 2744 2744 2744 2744 2723 2723 2723
    2723 2723 2723 2723 2723 2723 2723 2723 2723 2723 2723 2723 2723
    2723 2723 2723 2723 2723 2701 2680 2680 2701 2701 2680 2680 2680
    2680 2723 2723 2723 2744 2744 2744 2744 2744 2744 2723 2723 2723
    2723 2723 2723 2723 2723 2723 2723 2723 2723 2723 2723 2723 2723
    2723 2723 2723 2723 2701 2680 2680 2701 2701 2701 2680 2680 2680
    2723 2723 2723 2744 2744 2744 2744 2744 2744 2744 2723 2723 2723
    2723 2723 2723 2723 2723 2723 2723 2723 2723 2723 2723 2723 2723
    2723 2723 2723 2701 2701 2701 2701 2701 2701 2701 2701 2701 2723
    2723 2723 2744 2744 2744 2744 2744 2744 2744 2723 2723 2744 2723
    2723 2723 2723 2723 2723 2723 2723 2723 2723 2723 2723 2723 2723
    2723 2723 2723 2701 2701 2701 2701 2701 2723 2723 4405 2723 2723
    2744 2744 2744 2744 2744 2744 2744 2744 2744 2744 2723 2723 2744
    2744 2744 2723 2723 2723 2723 2723 2723 2723 2723 2723 2723 2723
    2723 2723 2723 2723 2723 2723 2723 2723 2723 4463 2744 2744 2744
    2744 2744 2744 2744 2744 2744 2744 2744 2744 2723 2723 2723 2744
    2744 2723 2723 2723 2723 2723 2723 2723 2744 2723 2723 2723 2723
    2723 2723 2723 2723 2723 2723 2723 2744 4463 2744 2744 2744 2744
    2744 2744 2744 2744 2744 2744 2744 2744 2723 2723 2723 2723 2744
    2744 2744 2744 2744 2744 2744 2723 2723 2723 2723 2723 2723 2723
    2723 2723 2723 2723 2723 2723 2723 4522 2744 2744 2744 2744 2744
    2744 2744 2744 2744 2744 2744 2744 2744 2723 2723 2723 2744 2744
    2744 2744 2744 2744 2744 2723 2723 2723 2723 2723 2723 2723 2723
    2723 2744 2723 2723 2723 2723 4522 2744 2744 2744 2744 2744 2744
    2744 2744 2744 2744 2744 2744 2744 2744 2744 2744 2744 2744 2744
    2744 2744 2744 2744 2723 2723 2723 2723 2723 2723 2723 2723 2723
    2744 2723 2723 2723 4645 4522 2744 2744 2744 2744 2744 2744 2744
    2744 2744 2744 2744 2744 2744 2744 2744 2744 2744 2744 2744 2744
    2723 2723 2744 2744 2744 2744 2744 2723 2723 2723 2723 2723 2744
    2723 2723 4582 4582 4522 4645 2767 2767 2767 2744 2744 2744 2744
    2744 2744 2744 2744 2744 2744 2744 2744 2744 2744 2744 2744 2723
    2723 2744 2744 2744 2744 2744 2723 2723 2723 2723 2744 2744 2723
    2723 4582 4522 4522 4645 2767 2767 2744 2744 2744 2744 2744 2744
    2767 2744 2744 2744 2744 2744 2744 2744 2744 2744 2744 2744 2744
    2744 2744 2744 2744 2723 2723 2723 2744 2744 2744 2744 2723 2723
    4582 4522 4522 4645 4645 4645 2744 2744 2767 2767 2789 2767 2767
    2744 2744 2767 2767 2767 2744 2744 2744 2744 2744 2744 2744 2744
    2744 2744 2744 2723 2723 2723 2744 2744 2744 2744 2744 2744 4582
    4522 4522 4708 4708 4708 4645 4645 4645 4645 4645 4645 4645 4645
    4645 4645 4645 2812 2812 2767 2744 2744 2744 2744 2744 2744 2744
    2744 2744 2744 2744 2744 2744 2723 2723 2723 2723 2723 2744 4522
    4522 4708 4708 4708 4645 4645 4645 4645 4645 4645 4645 4645 4645
    4645 4645 4645 4645 4645 2744 2744 2744 2744 2744 2744 2744 2767
    2744 2744 2744 2744 2744 2723 2723 2723 2723 2723 2744 4522 4582
    4708 4708 4708 4708 4708 4708 4708 4645 4645 4645 4645 4645 4645
    4645 4645 4645 4645 4645 4645 4582 4582 4582 4582 4645 4645 4645
    4645 4645 2767 2767 2744 2744 2723 2723 2723 4522 4522 4582</data></Depth0856>
</opencv_storage>
