<?xml version="1.0"?>
<opencv_storage>
<Depth7568 type_id="opencv-matrix">
  <rows>23</rows>
  <cols>20</cols>
  <dt>w</dt>
  <data>
    4911 4842 4842 4842 4842 4842 4842 4842 3732 3653 3653 3653 3653 0 0
    0 0 0 0 0 4911 4911 4842 4842 4842 4842 4842 4842 3732 3732 3653
    3653 3614 3614 3653 0 0 0 0 0 4911 4911 4842 4842 4842 4842 4842
    4842 3732 3653 3653 3653 3614 3614 3653 3653 3732 0 0 0 4911 4911
    4911 4842 4842 4911 4911 3816 3732 3653 3653 3653 3576 3576 3653
    3653 3732 3774 0 0 4911 4911 4911 4983 4911 4911 3816 3774 3774 3774
    3692 3653 3576 3576 3653 3653 3692 3732 0 0 4911 4911 4911 4911 4911
    4911 3816 3774 3774 3774 3732 3653 3614 3614 3653 3653 3692 3692
    3692 0 4911 4911 4911 3774 3774 3816 3859 3816 3816 3816 3816 3816
    3653 3653 3653 3653 3653 3653 3539 3539 4911 4911 3774 3774 3774
    3816 3816 3816 3859 3859 3816 3816 3816 3774 3653 3653 3653 3653
    3539 3539 4911 4983 3774 3774 3774 3816 3816 3816 3859 3903 3859
    3859 3816 3774 3732 3692 3692 3614 3576 3576 4911 3859 3816 3816
    3816 3859 3859 3903 3859 3859 3816 3816 3816 3774 3774 3692 3692
    3614 3576 3576 4983 3859 3816 3816 3859 3859 3859 3903 3859 3859
    3816 3816 3816 3774 3774 3732 3732 3653 3653 3653 3948 3903 3859
    3859 3859 3859 3903 3903 3859 3859 3816 3816 3816 3774 3774 3732
    3732 3653 3653 3653 3948 3903 3903 3903 3859 3859 3903 3859 3859
    3859 3816 3816 3816 3774 3732 3732 3732 3732 0 0 3948 3903 3903 3903
    3859 3859 3903 3859 3859 3903 3816 3816 3816 3774 3692 3653 3653
    3774 0 0 3903 3903 3903 3903 3859 3859 3903 3859 3859 3903 3903 3903
    3816 3774 3692 3653 3653 0 0 0 3816 3859 3859 3859 3816 3816 3859
    3859 3859 3903 3903 3903 3816 3774 3692 3692 0 0 0 0 3816 3816 3816
    3859 3816 3816 3859 3859 3903 3903 3903 3903 3816 3774 3692 3692 0 0
    0 0 3816 3816 3816 3859 3859 3859 3903 3903 3903 3903 3903 3903 3903
    3903 0 0 0 0 0 0 3816 3859 3859 3859 3859 3859 3903 3903 3903 3903
    3903 3903 3903 3903 0 0 0 0 0 0 3903 3859 3859 3859 3859 3859 3903
    3903 3903 3903 3903 3903 3903 3948 0 0 0 0 0 0 1433 1433 1433 3903
    3903 3859 3859 3859 3859 3859 3903 3903 3903 3948 0 0 0 0 0 0 1433
    1433 1433 1433 1433 3859 3859 3859 3859 3859 3903 3903 3903 3948 0 0
    0 0 0 0 1427 1427 1427 1427 1427 1427 3859 3859 3859 3859 3859 3859
    3859 0 0 0 0 0 0 0</data></Depth7568>
</opencv_storage>
