<?xml version="1.0"?>
<opencv_storage>
<Depth4120 type_id="opencv-matrix">
  <rows>10</rows>
  <cols>20</cols>
  <dt>w</dt>
  <data>
    6375 6497 6497 6497 6375 6375 6375 5460 5374 5374 5374 5374 5374
    5374 5291 5210 5132 5056 5056 5132 6375 6497 6375 6259 6146 6146
    5548 5460 5374 5374 5374 5374 5374 5374 5291 5210 5132 5132 5132
    5132 6497 6497 5832 5640 5640 5548 5460 5460 5374 5374 5374 5374
    5374 5460 5291 5210 5210 5132 5132 5056 5548 5548 5548 5548 5548
    5548 5460 5460 5374 5374 5460 5374 5374 5460 5374 5374 5210 5132
    5056 5056 5460 5460 5548 5548 5548 5460 5460 5460 5460 5460 5460
    5374 5374 5374 5210 5210 5210 5132 5056 5056 5460 5460 5548 5548
    5548 5460 5460 5460 5460 5460 5460 5374 5374 5374 5210 5210 0 0 5210
    4842 5548 5548 5548 5460 5460 5374 5374 5460 5460 5374 5374 5460
    5460 0 0 0 6375 0 0 0 5548 5548 5460 5460 5460 5291 5291 5460 5460
    5374 5374 5374 0 0 0 0 0 0 0 0 5460 5460 5460 5460 5374 5291 5291
    5460 0 0 0 0 0 0 0 0 6375 0 6375 6375 5460 5460 5460 5460 5374 5291
    5291 0 0 0 0 0 0 0 6375 6375 6375 6375 6375 6375</data></Depth4120>
</opencv_storage>
