<?xml version="1.0"?>
<opencv_storage>
<Depth6773 type_id="opencv-matrix">
  <rows>93</rows>
  <cols>51</cols>
  <dt>w</dt>
  <data>
    3994 3994 3994 3994 3994 3994 3994 3994 3994 3994 3994 3994 3994
    4041 3994 3948 1161 1157 1157 1149 1145 1141 1141 1141 1141 1141
    3903 3903 3859 3859 3859 3859 3859 3859 3859 3859 3816 3816 3816
    3816 3816 3816 3816 3816 3816 3774 3774 3774 3774 3774 3732 3994
    3994 3994 3994 3994 3994 3994 3994 3994 3994 3994 3994 1169 1169
    1169 1165 1157 1157 1153 1145 1145 1141 1141 1141 1141 1145 3859
    3859 3859 3859 3859 3859 3859 3859 3859 3859 3816 3816 3816 3816
    3816 3816 3774 3774 3732 3732 3774 3774 3774 3774 3732 3994 3994
    3994 3994 3994 1185 1181 1181 4041 4041 4041 1173 1169 1165 1165
    1161 1157 1153 1149 1145 1141 1141 1141 1145 1145 1145 1165 3903
    3903 3859 3859 3859 3859 3859 3859 3859 3816 3816 3816 3774 3774
    3774 3774 3774 3732 3732 3774 3774 3732 3732 3732 3994 3948 3948
    3948 1189 1185 1181 1181 1189 1185 1177 1173 1169 1165 1161 1157
    1157 1153 1145 1141 1141 1141 1141 1145 1145 1165 1165 1169 3859
    3859 3859 3859 3859 3816 3816 3859 3816 3816 3774 3774 3774 3774
    3774 3774 3774 3774 3774 3774 3732 3732 3732 3948 3948 3948 3948
    1189 1185 1185 1185 1185 1181 1177 1173 1169 1165 1161 1157 1153
    1153 1145 1141 1141 1141 1141 1141 1145 1165 1169 1169 3859 3859
    3859 3816 3816 3816 3816 3816 3732 3732 3732 3774 3774 3774 3774
    3774 3774 3774 3774 3774 3732 3732 3732 3948 3948 3948 1193 1185
    1181 1181 1181 1181 1177 1173 1173 1169 1165 1157 1157 1153 1149
    1145 1141 1141 1141 1141 1141 1145 1165 1169 1173 1181 1181 3816
    3816 3774 3774 3816 3774 3732 3732 3732 3732 3732 3732 3732 3732
    3732 3774 3774 3732 3732 3732 3732 1193 1193 1193 1189 1185 1181
    1181 1181 1177 1173 1169 1169 1165 1161 1157 1157 1153 1149 1145
    1141 1141 1138 1138 1141 1141 1153 1165 1173 1177 1177 1185 3774
    3774 3774 3774 3774 3732 3732 3732 3732 3732 3732 3732 3732 3732
    3732 3732 3732 3732 3732 3732 1193 1193 1189 1185 1185 1181 1177
    1177 1173 1173 1169 1169 1165 1161 1157 1153 1153 1145 1141 1141
    1138 1138 1138 1138 1141 1149 1161 1173 1173 1185 1185 1189 3774
    3774 3774 3732 3732 3732 3732 3732 3732 3732 3732 3732 3732 3732
    3732 3732 3732 3732 3692 1197 1189 1185 1185 1181 1181 1177 1177
    1173 1169 1169 1165 1161 1157 1153 1153 1153 1145 1141 1138 1138
    1138 1138 1138 1141 1149 1157 1169 1173 1177 1189 1189 1210 1214
    3732 3732 3732 3732 3732 3732 3732 3732 3732 3732 3732 3732 3732
    3732 3732 3692 3692 1197 1189 1185 1181 1181 1173 1169 1169 1173
    1169 1169 1165 1161 1157 1153 1153 1149 1145 1141 1138 1134 1130
    1130 1130 1138 1145 1157 1165 1173 1177 1185 1210 1210 1214 1214
    3732 3732 3732 3732 3732 3732 3732 3732 3732 3732 3732 3732 3732
    3732 3692 3692 1185 1189 1185 1181 1181 1173 1169 1169 1169 1169
    1165 1161 1157 1153 1153 1153 1149 1145 1141 1138 1134 1126 1126
    1126 1130 1138 1153 1165 1173 1177 1185 1193 1210 1214 1214 1214
    3774 3774 3732 3732 3732 3732 3732 3732 3732 3732 3732 3732 3692
    3692 3692 1185 1189 1185 1181 1177 1173 1169 1169 1169 1165 1165
    1157 1157 1153 1149 1145 1145 1141 1138 1138 1130 1126 1126 1126
    1126 1134 1149 1157 1169 1177 1185 1189 1210 1223 1223 1241 3732
    3732 3732 3732 3732 3732 3732 3732 3732 3732 3732 3732 3692 3692
    3692 1189 1185 1185 1181 1177 1173 1169 1169 1169 1165 1161 1157
    1153 1149 1145 1145 1141 1141 1138 1134 1130 1126 1123 1123 1126
    1130 1149 1157 1165 1173 1181 1189 1202 1241 1241 1241 0 3774 3774
    3732 3732 3732 3732 3732 3732 3732 3732 3732 3692 3692 3692 1185
    1181 1181 1177 1173 1173 1169 1169 1165 1161 1157 1157 1153 1149
    1141 1141 1141 1138 1138 1134 1130 1126 1123 1123 1123 1126 1149
    1153 1161 1169 1177 1189 1197 1197 1223 1223 1245 1245 3732 3732
    3732 3732 3732 3732 3732 3692 3692 3692 3692 3692 3692 1185 1181
    1177 1177 1173 1169 1165 1165 1161 1161 1157 1157 1149 1145 1141
    1141 1141 1138 1134 1134 1130 1126 1123 1123 1123 1126 1141 1149
    1157 1165 1177 1189 1197 1197 1214 1223 1245 1245 1264 3732 3732
    3732 3732 3732 3692 3692 3692 3692 3692 3692 3692 1181 1181 1177
    1173 1169 1169 1165 1165 1161 1157 1157 1157 1149 1145 1141 1141
    1138 1138 1134 1130 1126 1123 1123 1123 1123 1126 1134 1149 1157
    1161 1177 1189 1197 1202 1214 1223 1241 1259 1264 1278 1278 3732
    3732 3692 3692 3692 3692 3692 3692 3692 3692 1181 1177 1173 1173
    1169 1169 1165 1165 1161 1157 1153 1153 1149 1145 1141 1138 1138
    1134 1134 1130 1126 1123 1119 1119 1123 1123 1134 1153 1153 1157
    1169 1185 1197 1206 1214 1223 1241 1255 1264 1278 1288 1288 3692
    3692 3692 3692 3692 3692 3692 3692 3692 1177 1173 1169 1169 1165
    1165 1165 1165 1161 1157 1153 1153 1145 1141 1141 1138 1138 1134
    1130 1126 1126 1119 1119 1119 1119 1123 1130 1149 1149 1157 1169
    1185 1193 1206 1210 1223 1245 1245 1264 1278 1283 1283 1278 3692
    3692 3692 3692 3692 3692 3692 3653 1177 1173 1169 1169 1165 1165
    1161 1161 1157 1157 1153 1153 1145 1141 1138 1138 1134 1134 1130
    1126 1123 1119 1119 1115 1115 1119 1123 1145 1149 1157 1161 1193
    1193 1206 1210 1219 1245 1245 1259 1273 1278 1278 1278 3692 3692
    3692 3692 3692 3692 3692 3653 1177 1173 1169 1169 1165 1161 1157
    1157 1157 1157 1153 1145 1141 1141 1138 1138 1134 1130 1126 1126
    1123 1119 1119 1115 1115 1115 1123 1141 1149 1149 1157 1193 1193
    1202 1206 1214 1236 1245 1255 1268 1273 1273 1273 1273 3692 3692
    3692 3692 3692 3692 3692 1177 1169 1169 1165 1165 1157 1153 1153
    1153 1153 1153 1145 1141 1138 1138 1134 1130 1126 1123 1123 1119
    1115 1115 1115 1115 1115 1130 1138 1149 1149 1157 1185 1193 1202
    1206 1210 1236 1255 1255 1264 1273 1273 1273 0 3692 3692 3692 3692
    3692 3692 3653 1177 1169 1165 1165 1161 1157 1153 1153 1153 1153
    1145 1141 1141 1138 1134 1130 1126 1126 1123 1119 1115 1115 1112
    1112 1112 1112 1130 1138 1141 1149 1153 1181 1193 1193 1202 1210
    1227 1250 1250 1259 1273 1273 1273 3692 3692 3692 3692 3692 3692
    3692 3653 0 1169 1165 1161 1161 1157 1153 1153 1153 1153 1145 1141
    1138 1138 1134 1130 1126 1123 1123 1115 1112 1112 1112 1108 1108
    1108 1126 1134 1141 1149 1149 1173 1185 1193 1197 1210 1227 1241
    1250 1255 1273 1273 1273 3692 3692 3692 3692 3692 3692 3692 3653 0
    1169 1161 1161 1157 1157 1153 1153 1153 1145 1145 1141 1138 1138
    1130 1126 1126 1123 1119 1115 1112 1112 1108 1108 1108 1108 1123
    1134 1138 1149 1149 1169 1177 1197 1197 1214 1223 1241 1245 1255
    1273 1278 1278 3692 3692 3692 3692 3653 3653 3653 3653 0 1169 1161
    1157 1157 1153 1153 1153 1145 1145 1141 1141 1138 1134 1130 1126
    1123 1123 1119 1115 1112 1112 1108 1108 1108 1108 1119 1126 1134
    1145 1157 1165 1173 1189 1197 1210 1223 1245 1245 1255 1268 1273
    1273 1278 3692 3692 3692 3653 3614 3614 3614 0 0 1157 1157 1153 1153
    1149 1149 1145 1141 1141 1141 1138 1134 1130 1126 1123 1123 1119
    1112 1112 1108 1108 1105 1105 1108 1112 1123 1126 1145 1157 1161
    1169 1189 1193 1202 1206 1245 1245 1255 1268 1268 1278 1278 3732
    3732 3692 3653 3614 3614 3614 0 1153 1153 1153 1153 1153 1149 1145
    1141 1141 1141 1138 1138 1134 1130 1126 1123 1119 1115 1112 1112
    1108 1105 1105 1105 1108 1112 1119 1123 1145 1153 1153 1161 1181
    1193 1202 1206 1255 1255 1255 1264 1268 1273 1273 1273 3692 3692
    3653 3653 3653 3614 0 1153 1153 1153 1153 1149 1149 1145 1141 1138
    1138 1138 1130 1130 1130 1126 1123 1119 1115 1112 1112 1105 1105
    1101 1101 1105 1112 1119 1123 1138 1149 1153 1161 1181 1193 1202
    1206 1214 1241 1255 1259 1264 1273 1273 1268 3692 3692 3692 3653
    3653 3614 0 1149 1149 1153 1153 1145 1145 1141 1141 1138 1134 1134
    1126 1126 1123 1123 1115 1115 1112 1112 1108 1105 1101 1101 1101
    1101 1108 1115 1123 1138 1149 1153 1157 1181 1193 1202 1206 1214
    1241 1250 1255 1264 1268 1268 0 3732 3732 3653 3653 3653 3614 0 1149
