<?xml version="1.0"?>
<opencv_storage>
<Depth7740 type_id="opencv-matrix">
  <rows>51</rows>
  <cols>33</cols>
  <dt>w</dt>
  <data>
    4241 4241 2522 2522 2560 2541 2541 2522 2522 2503 2467 2467 4241
    4241 2381 2381 4983 4983 4983 4911 4911 4911 4911 4842 4842 4774
    4708 4708 4708 4708 4708 4645 4645 4295 2503 2503 2503 2503 2485
    2485 2503 2485 2450 2432 2415 2398 2398 2381 2381 2381 4983 4983
    4911 4911 4911 4911 4911 4842 4774 4774 4708 4708 4708 4708 4645
    4645 2503 2503 2485 2485 2467 2450 2450 2432 2432 2415 2398 2381
    2381 2381 2381 2381 2381 4983 4983 4911 4911 4911 4842 4842 4842
    4774 4774 4774 4708 4708 4708 4645 4645 2579 2503 2485 2467 2450
    2432 2415 2398 2398 2381 2381 2381 2381 2381 2381 2381 2381 2381
    4911 4911 4842 4842 4842 4842 4842 4774 4774 4774 4708 4708 4708
    4645 4645 2579 2503 2485 2467 2450 2432 2398 2381 2381 2381 2381
    2381 2381 2381 2381 2381 2381 2365 2365 4911 4842 4842 4842 4842
    4842 4774 4774 4774 4708 4708 4708 4645 4645 2579 2503 2485 2467
    2450 2432 2398 2381 2381 2381 2381 2381 2381 2381 2381 2381 2365
    2365 2365 2365 4842 4842 4842 4774 4774 4774 4774 4774 4708 4708
    4708 4645 4645 2598 2522 2503 2467 2450 2432 2398 2398 2398 2381
    2381 2381 2381 2381 2381 2381 2365 2365 2365 2365 4911 4911 4911
    4774 4774 4774 4774 4708 4708 4708 4708 4645 4645 2598 2541 2503
    2485 2450 2432 2398 2381 2381 2381 2381 2381 2381 2381 2365 2365
    2365 2365 2365 2365 4911 4911 4911 4842 4774 4708 4708 4708 4708
    4708 4774 4708 4708 2579 2541 2503 2485 2450 2432 2398 2381 2381
    2381 2381 2381 2365 2365 2365 2365 2365 2365 2365 2365 4983 4983
    4911 4842 4774 4708 4708 4708 4708 4708 4774 4774 4774 2579 2560
    2522 2503 2467 2432 2398 2381 2381 2381 2365 2365 2365 2365 2365
    2365 2365 2365 2365 2365 2365 4983 4911 4842 4774 4774 4708 4708
    4708 4708 4774 4774 4774 2579 2560 2522 2503 2467 2432 2398 2381
    2381 2381 2365 2365 2365 2365 2365 2365 2365 2365 2365 2365 2365
    4983 4911 4911 4774 4774 4708 4708 4708 4708 4774 4774 4774 2579
    2560 2541 2503 2485 2432 2415 2381 2381 2381 2365 2365 2365 2365
    2365 2365 2365 2365 2365 2365 2365 2365 4983 4911 4842 4774 4774
    4774 4708 4708 4774 4774 4708 2579 2560 2541 2522 2503 2450 2432
    2398 2381 2381 2365 2365 2365 2365 2365 2365 2365 2365 2365 2365
    2349 2349 4983 4911 4774 4774 4774 4774 4708 4708 4774 4708 4708
    2579 2560 2541 2522 2503 2467 2432 2398 2381 2381 2365 2365 2365
    2365 2365 2365 2365 2365 2365 2365 2349 2349 2349 4911 4774 4774
    4774 4774 4708 4708 4774 4708 4708 2598 2579 2560 2541 2522 2485
    2450 2415 2398 2381 2365 2365 2365 2365 2365 2365 2365 2365 2365
    2365 2365 2381 2381 4842 4842 4774 4774 4774 4708 4708 4774 4708
    4708 2598 2560 2560 2541 2522 2467 2450 2415 2398 2381 2365 2365
    2365 2365 2349 2349 2349 2365 2365 2365 2365 2381 2381 4842 4842
    4774 4774 4774 4708 4708 4774 4708 4708 4190 2560 2560 2541 2522
    2467 2450 2432 2398 2381 2365 2365 2365 2365 2349 2349 2349 2365
    2365 2365 2365 2381 2415 4983 4842 4774 4774 4774 4708 4708 4774
    4708 4708 4190 4190 2560 2560 2522 2485 2450 2432 2415 2381 2365
    2365 2365 2365 2365 2365 2365 2365 2365 2365 2365 2365 2381 2381
    4911 4842 4774 4774 4708 4708 4774 4708 4708 4190 4295 2579 2560
    2541 2503 2467 2450 2415 2398 2381 2381 2365 2365 2365 2365 2365
    2365 2365 2365 2365 2365 2365 2365 4842 4774 4774 4774 4708 4708
    4774 4774 4708 4241 4241 2579 2560 2541 2503 2467 2450 2415 2398
    2381 2381 2365 2365 2365 2365 2349 2349 2349 2365 2365 2365 2365
    2365 4774 4774 4774 4774 4708 4708 4774 4774 4708 4190 4190 4241
    2579 2560 2522 2485 2450 2432 2398 2381 2365 2365 2365 2365 2365
    2349 2349 2349 2349 2349 2349 2349 2349 4774 4774 4774 4708 4708
    4708 4774 4774 4708 4190 4190 4241 2579 2560 2522 2503 2450 2432
    2398 2381 2365 2349 2349 2365 2365 2365 2365 2333 2333 2333 2333
    2349 2349 4774 4774 4774 4708 4708 4708 4774 4774 4774 4241 4241
    4241 2579 2560 2541 2503 2467 2432 2415 2381 2349 2333 2333 2333
    2365 2365 2365 2333 2333 2333 2333 2333 2333 4774 4774 4774 4708
    4708 4708 4774 4774 4774 4241 4295 4295 2598 2560 2541 2503 2485
    2432 2415 2398 2349 2333 2333 2333 2365 2349 2349 2333 2333 2333
    2317 2317 2317 2317 4774 4774 4708 4708 4708 4774 4774 4774 4241
    4295 4295 4405 2560 2541 2522 2485 2450 2432 2398 2349 2333 2333
    2349 2365 2349 2349 2333 2333 2317 2317 2317 2317 2317 2317 4774
    4708 4708 4708 4774 4774 4774 4241 4241 4295 4349 2560 2541 2522
    2503 2450 2432 2398 2365 2349 2349 2349 2349 2349 2349 2333 2333
    2317 2317 2317 2317 2317 2317 4774 4774 4774 4774 4774 4774 4708
    4241 4241 4241 4295 2560 2541 2522 2503 2467 2432 2398 2365 2349
    2333 2317 2317 2317 2317 2333 2317 2317 2317 2317 2317 2317 2317
    4774 4774 4774 4774 4774 4708 4708 4241 4241 4241 4295 4295 2541
    2522 2503 2467 2432 2415 2365 2349 2317 2317 2317 2317 2317 2317
    2317 2317 2317 2317 2317 2317 2317 2317 4774 4708 4708 4774 4708
    4708 4241 4241 4241 4241 4241 2522 2522 2503 2467 2450 2415 2365
    2349 2317 2317 2317 2317 2317 2317 2317 2317 2317 2317 2317 2317
    2301 2301 4774 4708 4708 4774 4708 4708 4241 4241 4241 4241 4241
    2522 2522 2503 2467 2450 2398 2365 2349 2333 2317 2317 2317 2317
    2317 2317 2317 2317 2301 2301 2301 2301 2301 4774 4708 4708 4774
    4708 4708 4295 4295 4295 4295 4295 4295 2522 2503 2485 2467 2398
    2381 2349 2333 2333 2317 2317 2317 2317 2317 2317 2317 2301 2301
    2301 2301 2301 4708 4708 4708 4774 4708 4708 4295 4295 4295 4295
    4241 4241 2522 2503 2485 2467 2432 2381 2365 2365 2349 2333 2333
    2317 2317 2317 2317 2301 2301 2301 2301 2301 2301 4708 4708 4708
    4774 4708 4708 0 4295 4295 4295 4241 4241 4241 2503 2485 2467 2432
    2381 2365 2365 2333 2333 2317 2317 2301 2301 2301 2301 2301 2301
    2301 2301 2301 2317 4708 4708 4774 4708 4645 4405 4241 4241 4241
    4241 4349 4349 2522 2503 2467 2432 2398 2365 2365 2333 2317 2301
    2301 2301 2301 2301 2317 2317 2317 2301 2301 2317 2317 4708 4708
    4774 4708 4645 4405 4405 4241 4241 4241 4241 2522 2522 2503 2485
    2432 2398 2365 2349 2333 2317 2301 2301 2301 2301 2301 2301 2301
    2301 2301 2301 2301 2301 2301 4774 4774 4708 4645 4295 4405 4405
    4405 4405 2522 0 2522 2503 2450 2432 2398 2381 2349 2333 2317 2317
    2317 2317 2317 2301 2301 2301 2301 2301 2301 2301 2301 2301 5056
    4842 4774 4645 4295 4405 4405 4405 0 0 0 2522 2503 2450 2432 2398
    2381 2365 2333 2317 2317 2317 2317 2317 2317 2301 2301 2301 2301
    2317 2301 2286 2286 2333 4842 4842 4708 4295 4295 4295 4295 0 0 0 0
    2503 2450 2432 2398 2381 2365 2349 2317 2317 2317 2317 2301 2301
    2301 2301 2301 2301 2301 2301 2286 2286 2333 4774 4774 4774 4295
    4241 4241 4295 0 0 0 0 0 2450 2432 2398 2381 2381 2365 2333 2317
    2317 2317 2301 2301 2301 2301 2301 2301 2301 2301 2301 2301 2333
    4774 4774 4774 4295 4241 4241 4241 0 0 0 0 0 2450 2432 2398 2381
    2381 2365 2333 2317 2317 2301 2301 2301 2301 2301 2301 2317 2301
    2301 2301 2301 2301 4774 4774 4774 4295 4295 4241 4241 0 0 0 0 0 0
    2450 2398 2398 2381 2349 2317 2317 2317 2301 2301 2301 2301 2301
    2301 2317 2317 2317 2301 2301 4774 4774 4774 4774 4295 4295 4241
    4241 0 0 0 0 0 0 2450 2432 2415 2381 2349 2317 2301 2301 2301 2301
    2301 2301 2301 2301 2317 2317 2317 2317 2317 4708 4774 4774 4774
    4241 4241 4241 4241 0 0 0 0 0 0 0 0 0 2381 2349 2317 2301 2301 2301
    2301 2301 2301 2301 2317 2317 2317 2317 2317 4708 4708 4774 4774
    4774 4241 4241 4295 4295 4349 0 0 0 0 0 0 0 0 0 0 2333 2333 2301
    2301 2301 2301 2301 2333 2333 2333 2317 2317 4774 4774 4774 4774
    4774 4774 4241 4241 4295 4295 4295 0 0 0 0 0 0 0 0 0 0 2398 2381
    2365 2365 2365 2365 2365 2365 2365 2349 2349 2365 2365 4774 4774
    4774 4774 4774 4241 4241 4295 4295 4295 0 0 0 0 0 0 0 0 0 0 2398
    2381 2365 2365 2365 2398 2415 2432 2415 2398 2365 2365 2365 2381
