<?xml version="1.0"?>
<opencv_storage>
<Depth12489 type_id="opencv-matrix">
  <rows>9</rows>
  <cols>36</cols>
  <dt>w</dt>
  <data>
    7178 7178 7030 7030 7030 7030 7030 7178 7178 5933 5933 6889 6889
    7030 7030 7030 7030 7030 7178 6889 6375 6259 6259 6753 6889 5832
    5832 5734 5734 5832 5832 5933 5933 5832 5832 5832 7178 7178 7178
    7178 7178 7178 7178 6038 5933 5933 5933 5933 5933 5933 5933 5933
    5933 5933 5933 5933 6375 5933 5933 5832 5832 5734 5734 5734 5734
    5832 5832 5933 5933 5734 5734 5734 6038 5832 5832 5832 5933 5933
    5933 5933 5933 5933 5933 5933 5933 5933 5933 5933 5933 5933 5832
    5832 5832 5832 5832 5832 5734 5734 5734 5734 5832 5832 5832 5933
    5933 5734 5734 5734 6259 6259 5832 5832 5933 5933 5933 5933 5933
    5933 5933 5933 5832 5832 5832 5832 5933 5933 5832 5832 5832 5832
    5832 5832 5734 5734 5734 5832 5832 5832 5832 5933 5933 5933 5832
    5832 6259 6259 5933 5933 6038 5933 5933 5933 5933 5933 5933 5832
    5832 5832 5832 5832 5832 5832 5734 5734 5734 5832 5832 5832 5734
    5734 5734 5832 5832 5933 5933 5933 5933 5933 5832 5832 6259 6259
    5933 5933 5832 5832 5832 5832 5832 5832 5832 5832 5832 5832 5832
    5832 5734 5640 5640 5734 5734 5832 6038 5832 5832 5832 5832 5832
    5933 6038 6038 5933 5933 5933 5832 5832 6259 6259 6038 6038 5832
    5832 5832 5832 5832 5832 5832 5832 5832 5832 5832 5832 5734 5640
    5640 5832 5832 0 0 0 5832 5832 5832 5933 0 0 0 0 0 0 0 0 6038 6038
    5933 5933 6038 6038 5832 5832 5832 5832 5832 5832 5832 7332 7332
    7332 7332 7178 7178 0 0 0 0 0 0 0 0 0 0 0 0 0 0 0 0 0 5933 5933 5933
    5933 6038 6038 5832 5832 5832 5832 5832 5832 0 7332 7332 7332 7332
    7178 7178 7178 0 0 0 0 0 0 0 0 0 0 0 0 0 0 0 0</data></Depth12489>
</opencv_storage>
