<?xml version="1.0"?>
<opencv_storage>
<Depth6310 type_id="opencv-matrix">
  <rows>135</rows>
  <cols>87</cols>
  <dt>w</dt>
  <data>
    5374 5374 5460 5460 0 0 0 0 0 0 0 0 0 0 5132 862 860 860 860 860 860
    860 862 864 862 862 860 860 860 860 860 4842 4842 4842 4842 4774
    4774 4708 4645 4645 4645 4645 4645 4645 4645 4645 4645 4645 4645
    4582 4522 4522 4463 4463 4463 4463 4463 4405 4405 4463 4463 4463
    4405 4405 4349 4349 4349 4349 4349 4295 4295 4295 4295 4295 4241
    4241 4241 4190 4190 4139 4139 4139 4139 4139 4089 4089 4041 5374
    5374 0 0 0 0 0 0 0 0 0 0 0 864 862 862 860 860 860 860 860 860 860
    862 860 860 860 860 860 860 860 860 860 860 860 860 4774 4774 4645
    4645 4645 4645 854 854 854 4582 4645 4645 4645 4582 4522 4463 4463
    4463 4463 4463 4463 4405 4405 4463 4463 4405 4349 4349 4349 4349
    4349 4349 4349 4349 4295 4295 4295 4295 4241 4241 4241 4190 4190
    4190 4139 4139 4139 4139 4089 4089 4041 5374 5291 5291 0 0 0 0 0 0 0
    0 0 0 864 862 862 860 858 858 858 858 858 860 860 860 860 860 860
    860 860 860 858 858 858 858 858 858 858 858 858 856 856 854 854 854
    856 856 4645 4645 856 856 4463 4463 4463 4463 4522 4463 4405 4405
    4463 4405 4405 4349 4349 4349 4349 4405 4349 4349 4349 4295 4295
    4295 4295 4241 4241 4241 4190 4190 4190 4139 4139 4139 4139 4089
    4089 4089 5374 5291 5291 0 0 0 0 0 0 0 0 0 0 862 860 860 860 858 858
    858 858 858 858 858 858 858 858 858 858 858 858 858 858 858 858 858
    858 858 858 858 856 856 854 854 854 856 856 856 856 856 856 856 856
    856 856 854 854 851 851 4463 851 851 851 851 851 851 4405 4405 4405
    4349 4349 4295 4295 4295 4241 4190 4190 4190 4190 4190 4190 4190
    4190 4139 4139 4139 4139 5291 5210 5210 0 0 0 0 0 0 0 0 0 0 862 860
    860 860 858 858 858 858 858 858 858 858 858 858 858 858 858 858 858
    858 858 858 858 856 856 856 856 856 854 854 851 851 854 854 854 854
    854 854 854 856 854 854 854 854 851 851 851 851 851 851 851 851 851
    851 851 851 845 845 845 847 4295 4241 4190 4190 4190 4190 4190 845
    845 4190 4139 4139 4139 4139 5291 5210 5210 0 0 0 0 0 0 0 0 0 0 860
    860 858 858 858 858 858 856 856 856 856 856 858 858 858 858 858 858
    856 856 856 856 858 856 856 856 856 854 854 851 851 851 851 851 851
    851 851 851 851 854 854 854 854 854 854 851 851 851 851 854 854 854
    851 851 851 849 845 845 845 847 851 851 851 851 849 849 845 845 845
    845 849 851 851 4241 5291 5291 0 0 0 0 0 0 0 0 0 0 0 860 860 858 858
    858 858 858 856 856 856 856 856 856 856 856 856 856 856 856 854 854
    856 854 854 854 854 854 851 851 851 851 851 851 851 851 851 851 851
    851 854 854 851 851 854 851 851 851 851 851 851 851 854 854 854 851
    849 849 849 849 851 851 851 851 851 849 849 845 845 845 845 849 849
    849 849 5460 5460 0 0 0 0 0 0 0 0 0 0 0 858 858 858 858 858 858 858
    856 856 856 856 856 856 856 856 856 856 856 856 854 854 854 851 851
    851 851 851 851 851 851 851 851 851 851 851 851 851 851 851 851 851
    851 851 854 851 851 851 851 851 851 851 851 851 851 851 849 849 851
    851 851 851 851 851 851 849 849 847 847 847 849 849 849 849 849 5460
    5548 0 0 0 0 0 0 0 0 0 0 0 858 858 858 858 858 858 858 858 856 856
    856 856 856 854 854 854 854 854 854 854 851 851 851 851 851 851 851
    851 851 851 851 851 851 851 851 849 849 849 851 851 851 851 851 851
    851 851 851 851 851 851 851 851 851 849 849 847 847 847 847 847 847
    847 847 849 849 849 849 849 849 849 849 847 847 847 5548 5548 0 0 0
    0 0 0 0 0 0 0 858 858 856 856 856 856 856 856 856 856 856 854 854
    854 854 854 854 851 851 851 851 851 851 851 851 851 851 851 851 851
    851 851 851 851 851 851 849 849 849 851 851 851 851 851 851 851 851
    851 851 851 851 851 849 849 849 849 847 847 847 847 847 847 845 845
    845 847 847 847 847 847 849 849 847 847 847 5460 5460 5460 0 0 0 0 0
    0 0 0 0 858 856 856 856 856 856 856 854 854 854 854 854 854 854 854
    854 854 851 851 851 851 849 849 851 851 851 851 851 849 849 849 849
    849 849 849 849 849 849 849 851 851 849 849 849 849 849 851 851 851
    851 851 849 849 849 849 847 847 847 847 847 847 847 845 845 845 845
    845 845 845 847 847 847 847 845 845 5374 5374 5291 5291 0 0 0 0 0 0
    0 0 858 856 854 854 856 854 851 851 851 851 851 851 854 854 851 851
    851 851 851 851 851 849 849 849 849 849 849 849 849 849 849 849 849
    849 849 849 849 849 849 851 851 849 849 847 847 847 849 849 849 849
    849 849 847 847 847 847 847 847 847 847 847 845 845 845 845 845 845
    845 845 845 845 845 845 845 845 5291 5291 5291 5291 5460 0 0 0 0 0 0
    0 0 854 851 851 851 851 851 851 851 851 851 851 851 851 851 851 851
    851 851 851 849 849 849 849 849 849 849 849 849 849 849 849 849 849
    847 847 849 849 849 849 849 849 849 847 847 847 849 849 849 847 847
    847 847 847 847 847 847 847 847 845 845 845 845 845 845 845 845 845
    845 845 845 845 845 845 845 5291 5291 5291 5291 5460 0 0 0 0 0 0 0
    851 851 851 851 851 851 851 851 851 851 851 851 851 851 851 851 851
    851 851 849 849 849 849 849 849 849 849 849 849 849 849 847 847 847
    847 847 847 847 847 849 849 849 849 847 847 847 847 847 847 847 847
    847 847 845 845 845 845 845 845 845 845 843 843 845 845 845 845 845
    843 843 845 845 845 845 847 5374 0 0 0 0 0 0 0 0 0 0 851 851 851 851
    851 851 851 851 851 849 849 849 849 849 849 849 849 849 849 851 849
    849 849 849 849 849 849 849 847 847 847 847 847 847 847 847 847 847
    847 847 849 847 847 847 845 845 847 847 847 847 845 845 845 845 845
    845 845 845 845 843 843 843 843 843 843 843 843 843 843 843 843 843
    843 843 845 847 5374 0 0 0 0 0 0 0 0 0 0 851 851 851 851 851 849 849
    849 849 849 849 849 849 849 849 849 849 849 849 849 849 849 849 849
    849 849 847 847 845 845 845 847 845 845 845 845 845 845 845 845 847
    845 845 845 845 845 845 845 845 845 845 845 845 845 845 845 845 845
    843 843 843 843 843 843 843 843 843 843 843 843 843 841 841 841 841
    0 5374 0 0 0 0 0 0 0 0 0 0 851 851 849 849 849 849 849 849 849 849
    849 847 847 849 849 849 849 849 849 849 849 849 849 849 847 847 847
    847 845 845 845 845 845 845 843 843 845 845 843 843 845 845 845 845
    843 843 845 845 845 845 845 845 845 845 843 843 843 843 843 843 843
    843 843 843 843 841 841 843 843 843 841 841 841 839 839 839 5460 0 0
    0 0 0 0 0 0 0 0 851 851 849 849 849 849 849 849 847 847 847 847 847
    847 847 847 847 847 847 847 847 847 847 847 845 845 845 845 843 843
    845 845 843 843 843 843 843 843 843 843 845 845 845 845 843 843 843
    845 845 845 845 845 843 843 843 843 843 843 843 843 843 843 843 841
    841 841 841 841 841 841 839 839 839 837 837 837 0 0 0 0 0 0 0 0 0 0
    0 849 849 849 849 849 849 847 847 847 845 845 847 847 847 847 847
    847 847 845 845 845 845 845 845 845 845 843 843 843 843 843 843 843
    843 843 843 843 843 843 843 845 845 843 843 843 843 843 843 843 843
    843 843 843 843 843 843 843 843 843 841 841 841 841 841 841 841 841
    839 839 837 837 837 837 837 837 837 0 0 0 0 0 0 0 0 0 0 0 849 849
    847 847 847 847 847 847 845 845 845 845 845 847 847 847 845 845 845
    845 845 843 843 843 843 843 843 843 843 843 843 843 843 843 843 843
    841 841 841 841 843 843 843 843 843 843 843 843 843 843 843 843 843
    841 841 843 841 841 841 841 841 841 839 839 839 839 839 837 837 837
    837 837 837 837 837 837 0 0 0 0 0 0 0 0 0 0 849 847 847 845 845 845
    845 847 845 845 843 843 843 845 845 845 847 845 845 843 843 843 843
    843 843 843 843 843 843 843 843 843 843 841 841 843 843 841 841 841
    841 843 843 843 843 843 843 843 843 843 843 843 841 841 841 841 841
    841 841 841 839 839 839 839 839 839 839 839 837 837 837 837 837 837
    837 835 835 0 0 0 0 0 0 0 0 0 0 849 847 845 843 843 843 843 845 845
    843 843 843 843 845 845 845 843 843 843 843 843 843 843 843 843 841
    841 841 841 843 843 841 841 841 841 841 841 841 841 841 841 841 841
    843 843 843 843 843 843 843 841 841 841 839 839 841 841 839 839 839
