<?xml version="1.0"?>
<opencv_storage>
<Depth1620 type_id="opencv-matrix">
  <rows>85</rows>
  <cols>59</cols>
  <dt>w</dt>
  <data>
    3539 3539 3539 3539 3503 3503 3503 3503 3468 3433 3433 3433 3399
    3399 3399 3399 3365 3365 3365 3365 3365 3333 3333 3333 3269 3269
    3269 1119 1119 1119 1119 1112 1112 1108 1108 1105 1101 1101 1097
    1090 1090 1087 1080 1080 1084 1087 1090 1105 1112 3092 3092 3092
    3064 3064 3064 3010 2984 2984 3010 3539 3539 3539 3539 3539 3503
    3503 3503 3468 3433 3433 3433 3433 3433 3399 3399 3365 3365 3365
    3365 3365 3365 3333 1141 1138 1134 1130 1126 1119 1119 1119 1112
    1112 1108 1108 1105 1101 1101 1094 1094 1090 1090 1084 1084 1084
    1087 1090 1105 1108 1115 1123 1134 1138 1141 1149 1149 1149 3037
    3010 3503 3503 3503 3503 3503 3503 3503 3503 3468 3468 3433 3433
    3433 3433 3399 1169 1165 1161 1153 1149 1149 1145 1141 1141 1138
    1134 1130 1126 1119 1119 1119 1115 1112 1108 1108 1105 1101 1101
    1094 1094 1090 1090 1084 1084 1084 1087 1094 1105 1108 1115 1123
    1130 1134 1141 1149 1149 1149 3010 3010 3503 3503 3503 3503 3503
    3503 3503 3503 3468 3468 1181 1181 1177 1173 1169 1165 1161 1157
    1153 1149 1149 1145 1141 1141 1138 1134 1130 1126 1123 1119 1119
    1115 1112 1108 1108 1105 1101 1101 1094 1094 1090 1090 1084 1084
    1084 1090 1097 1105 1108 1115 1123 1130 1134 1141 1149 1149 1149
    1149 3010 3503 3503 3503 3503 3503 3503 3503 3503 1185 1181 1181
    1181 1177 1173 1169 1161 1157 1153 1149 1149 1149 1145 1141 1141
    1138 1134 1130 1123 1123 1123 1119 1119 1112 1108 1108 1105 1101
    1097 1094 1094 1090 1087 1084 1084 1084 1090 1097 1105 1105 1112
    1123 1130 1134 1141 1149 1153 1153 0 2984 1202 1202 3503 3503 1202
    1202 1197 1189 1185 1181 1181 1181 1177 1173 1169 1161 1157 1153
    1149 1149 1149 1145 1141 1141 1138 1134 1130 1123 1123 1123 1119
    1119 1112 1112 1108 1105 1101 1097 1094 1094 1090 1087 1080 1080
    1084 1090 1097 1101 1105 1112 1123 1130 1134 1138 1149 1153 1153 0
    2984 1210 1202 1202 1197 1197 1193 1193 1189 1185 1185 1181 1177
    1173 1173 1161 1157 1153 1153 1149 1149 1145 1145 1141 1141 1138
    1134 1130 1123 1123 1123 1119 1115 1112 1112 1108 1105 1105 1101
    1097 1094 1090 1087 1080 1080 1084 1087 1097 1101 1105 1112 1123
    1130 1134 1134 1149 1153 1153 0 3010 1210 1210 1202 1197 1197 1193
    1189 1189 1189 1185 1181 1177 1173 1169 1161 1157 1153 1153 1149
    1149 1145 1145 1141 1141 1138 1134 1130 1126 1123 1123 1119 1115
    1112 1108 1108 1105 1105 1101 1097 1090 1090 1087 1080 1080 1084
    1087 1097 1101 1105 1112 1123 1130 1134 1134 1141 1157 1157 0 2984
    1210 1206 1202 1202 1193 1193 1189 1189 1189 1185 1181 1181 1173
    1169 1161 1157 1157 1153 1153 1149 1149 1145 1145 1141 1134 1134
    1130 1126 1123 1123 1119 1115 1112 1108 1108 1105 1105 1101 1097
    1090 1090 1087 1084 1080 1080 1087 1097 1101 1105 1112 1119 1130
    1134 1134 1141 1153 1153 1149 2984 1210 1206 1202 1202 1193 1193
    1189 1189 1189 1181 1181 1181 1173 1169 1165 1161 1157 1153 1153
    1149 1149 1149 1145 1141 1134 1134 1134 1126 1123 1123 1119 1115
    1112 1108 1108 1105 1105 1097 1094 1090 1090 1087 1084 1080 1080
    1084 1097 1101 1105 1112 1119 1126 1134 1134 1141 1149 1149 1149
    3010 1210 1210 1202 1202 1197 1193 1189 1185 1185 1181 1177 1177
    1173 1169 1165 1161 1157 1153 1153 1149 1149 1149 1145 1141 1134
    1134 1130 1126 1123 1123 1119 1115 1112 1108 1108 1105 1101 1097
    1094 1090 1090 1087 1084 1080 1080 1080 1097 1101 1105 1112 1119
    1126 1134 1134 1141 1145 1145 1145 1145 1214 1210 1206 1202 1197
    1193 1189 1185 1185 1181 1177 1173 1173 1169 1165 1165 1157 1153
    1153 1149 1149 1145 1141 1141 1138 1134 1130 1126 1123 1119 1119
    1115 1108 1108 1108 1105 1101 1097 1094 1090 1090 1087 1084 1080
    1080 1080 1097 1101 1105 1108 1119 1123 1134 1138 1145 1145 1145
    1145 0 1214 1210 1202 1197 1197 1193 1189 1185 1185 1181 1177 1173
    1173 1169 1165 1165 1157 1153 1153 1149 1149 1145 1141 1138 1138
    1134 1130 1123 1123 1119 1119 1112 1108 1108 1105 1105 1101 1097
    1094 1090 1090 1087 1084 1084 1084 1087 1097 1101 1105 1108 1119
    1123 1134 1138 1145 1145 1145 1145 0 1210 1206 1202 1197 1197 1193
    1189 1185 1185 1181 1177 1177 1173 1165 1165 1161 1157 1153 1153
    1149 1149 1145 1141 1138 1134 1134 1126 1123 1123 1119 1115 1112
    1108 1108 1105 1105 1101 1097 1094 1094 1090 1087 1084 1084 1084
    1087 1097 1101 1105 1108 1115 1123 1130 1138 1145 1145 1145 1145 0
    1210 1206 1202 1197 1197 1193 1189 1185 1185 1181 1181 1177 1173
    1165 1165 1161 1157 1153 1153 1149 1149 1145 1141 1138 1134 1134
    1123 1123 1123 1119 1115 1112 1108 1108 1105 1101 1097 1097 1094
    1090 1087 1087 1084 1084 1084 1087 1094 1101 1105 1108 1115 1123
    1130 1134 1141 1145 1149 0 0 1206 1206 1202 1197 1197 1193 1189 1185
    1185 1181 1181 1177 1173 1165 1165 1157 1153 1153 1153 1149 1149
    1145 1141 1138 1134 1126 1123 1123 1123 1119 1115 1112 1108 1108
    1105 1101 1097 1094 1094 1090 1087 1087 1080 1080 1080 1080 1084
    1101 1105 1108 1115 1123 1126 1134 1141 1149 1149 1149 0 1206 1206
    1202 1197 1197 1193 1189 1185 1185 1181 1181 1177 1173 1165 1165
    1157 1153 1153 1153 1149 1149 1145 1141 1138 1134 1126 1123 1123
    1123 1119 1119 1115 1112 1108 1105 1101 1097 1094 1090 1090 1087
    1084 1077 1077 1077 1080 1084 1097 1105 1112 1115 1123 1126 1134
    1141 1149 1153 1153 0 1206 1206 1202 1202 1197 1193 1189 1185 1185
    1181 1181 1181 1169 1165 1165 1161 1153 1153 1153 1149 1149 1145
    1141 1138 1134 1126 1126 1123 1123 1119 1119 1115 1112 1108 1105
    1101 1097 1094 1090 1090 1087 1084 1077 1077 1077 1080 1087 1097
    1101 1108 1115 1123 1126 1134 1138 1145 1153 1153 0 1206 1206 1202
    1202 1197 1193 1189 1185 1185 1181 1181 1177 1169 1165 1165 1161
    1157 1153 1153 1149 1149 1145 1141 1138 1134 1130 1126 1123 1123
    1119 1119 1119 1112 1108 1105 1105 1097 1094 1090 1090 1087 1084
    1077 1077 1077 1080 1090 1097 1101 1105 1115 1123 1130 1134 1134
    1141 1145 0 3037 1210 1206 1202 1202 1197 1193 1189 1185 1185 1181
    1181 1177 1169 1165 1165 1161 1157 1153 1153 1149 1149 1145 1141
    1138 1134 1130 1126 1123 1123 1119 1119 1119 1112 1108 1105 1101
    1097 1094 1094 1090 1087 1084 1077 1077 1077 1084 1090 1097 1101
    1105 1112 1123 1130 1134 1134 1141 1145 0 3037 1214 1206 1202 1202
    1197 1193 1189 1185 1185 1181 1181 1173 1169 1165 1165 1161 1157
    1153 1153 1149 1149 1145 1141 1138 1134 1130 1126 1123 1123 1119
    1119 1115 1112 1108 1105 1101 1097 1094 1094 1090 1087 1084 1077
    1077 1077 1084 1090 1097 1101 1105 1108 1123 1130 1134 1134 1138
    1138 1145 3037 1214 1206 1202 1202 1197 1193 1189 1185 1185 1181
    1181 1173 1169 1165 1165 1157 1153 1153 1153 1149 1149 1145 1141
    1138 1134 1126 1123 1123 1119 1119 1115 1112 1108 1108 1105 1101
    1101 1094 1090 1090 1090 1084 1077 1077 1077 1080 1090 1097 1101
    1105 1108 1119 1130 1134 1134 1138 1145 1145 3092 1214 1210 1202
    1202 1197 1193 1189 1185 1185 1181 1177 1173 1169 1165 1165 1157
    1153 1153 1153 1149 1149 1145 1141 1138 1130 1126 1123 1123 1119
    1119 1115 1112 1108 1108 1105 1101 1097 1094 1090 1090 1087 1084
    1077 1077 1077 1080 1090 1097 1101 1105 1108 1119 1130 1134 1134
    1138 1145 1145 1145 1214 1210 1202 1202 1197 1189 1185 1185 1185
    1181 1177 1169 1169 1165 1165 1161 1153 1153 1153 1149 1145 1145
    1141 1138 1130 1126 1123 1123 1123 1119 1115 1112 1108 1108 1105
    1101 1097 1094 1090 1090 1087 1084 1077 1077 1077 1080 1087 1097
    1101 1105 1108 1119 1126 1130 1134 1138 1145 1145 1149 1214 1206
    1202 1197 1197 1189 1185 1185 1185 1181 1181 1169 1169 1165 1165
    1161 1157 1153 1153 1149 1145 1141 1138 1138 1130 1126 1126 1123
    1123 1119 1115 1112 1108 1108 1105 1105 1094 1094 1090 1090 1087
    1080 1077 1077 1077 1080 1087 1094 1101 1105 1108 1119 1126 1130
    1134 1138 1145 1149 0 1206 1202 1197 1197 1197 1193 1189 1185 1185
