<?xml version="1.0"?>
<opencv_storage>
<Depth11265 type_id="opencv-matrix">
  <rows>96</rows>
  <cols>38</cols>
  <dt>w</dt>
  <data>
    0 0 0 0 0 0 0 1084 1084 1087 1084 1084 0 0 0 0 0 0 0 0 1044 1044
    1041 1038 1038 1038 1038 1044 0 0 0 0 0 0 0 0 0 0 0 0 0 1063 1063
    1063 1077 1077 1080 1080 1084 1084 1084 1094 0 0 0 0 0 0 1044 1044
    1041 1041 1038 1038 1044 0 0 0 0 0 0 0 0 0 0 0 0 0 1063 1063 1063
    1063 1063 1070 1073 1077 1077 1077 1080 1087 1087 0 0 0 0 0 1044
    1041 1041 1038 1038 1038 1038 0 0 0 0 0 0 0 0 0 0 0 0 1063 1063 1063
    1060 1060 1060 1063 1063 1063 1060 1054 1047 1047 1047 1044 1041
    1038 1034 1031 1031 1038 1034 1034 1034 1034 1034 1038 1041 0 0 0 0
    0 0 0 0 0 0 1063 1063 1060 1057 1054 1054 1054 1050 1050 1050 1050
    1047 1047 1044 1044 1041 1038 1034 1031 1031 1034 1034 1031 1031
    1031 1031 1034 1041 1047 0 0 0 0 0 0 0 0 0 1063 1060 1060 1057 1054
    1054 1054 1050 1050 1050 1050 1047 1047 1044 1041 1041 1041 1038
    1034 1034 1031 1031 1028 1028 1028 1028 1031 1038 1044 0 0 0 0 0 0 0
    0 0 1063 1060 1057 1057 1054 1054 1054 1054 1050 1050 1050 1047 1047
    1044 1041 1041 1041 1038 1034 1034 1031 1031 1028 1028 1028 1028
    1031 1034 1034 0 0 0 0 0 0 0 0 0 1063 1063 1057 1057 1054 1054 1054
    1054 1050 1050 1050 1047 1047 1044 1041 1041 1041 1038 1038 1034
    1031 1031 1028 1028 1028 1028 1031 1031 1034 1080 1084 0 0 0 0 0 0 0
    1063 1063 1060 1060 1057 1057 1054 1054 1050 1050 1050 1047 1047
    1047 1044 1041 1041 1038 1038 1034 1031 1031 1028 1028 1031 1031
    1031 1031 1034 1073 1084 0 0 0 0 0 0 1063 1063 1063 1063 1060 1057
    1057 1054 1054 1050 1050 1050 1047 1047 1047 1044 1044 1041 1038
    1038 1034 1031 1031 1028 1028 1031 1031 1031 1031 1034 1070 0 0 0 0
    0 0 0 1063 1063 1063 1063 1060 1057 1057 1054 1054 1050 1050 1050
    1047 1047 1047 1044 1044 1041 1038 1038 1034 1031 1031 1028 1028
    1031 1031 1031 1034 1057 1067 0 0 0 0 0 0 0 1063 1063 1063 1063 1060
    1060 1057 1054 1054 1050 1050 1050 1050 1050 1047 1044 1044 1041
    1038 1038 1038 1031 1031 1031 1031 1031 1031 1031 1044 1060 1067 0 0
    0 0 0 0 0 0 1067 1063 1063 1063 1060 1057 1054 1054 1050 1050 1050
    1050 1050 1050 1044 1044 1041 1041 1041 1038 1038 1034 1034 1034
    1034 1031 1031 1044 1067 1070 0 0 0 0 0 0 0 0 1067 1063 1063 1063
    1063 1060 1057 1054 1054 1050 1050 1050 1050 1050 1047 1047 1041
    1041 1041 1038 1034 1034 1031 1031 1034 1034 1034 1067 1067 1070 0 0
    0 0 0 0 0 0 1067 1067 1063 1063 1063 1060 1057 1054 1054 1054 1054
    1050 1050 1050 1047 1047 1044 1041 1038 1038 1034 1031 1031 1031
    1034 1034 1034 1077 1073 1073 0 0 0 0 0 0 0 0 1070 1067 1063 1063
    1063 1057 1057 1054 1054 1054 1054 1050 1050 1050 1047 1044 1041
    1041 1038 1038 1034 1031 1031 1031 1034 1034 1034 1063 1073 1073
    1077 0 0 0 0 0 0 0 1070 1067 1067 1063 1063 1057 1057 1054 1054 1054
    1054 1050 1050 1050 1047 1044 1041 1041 1038 1038 1034 1034 1031
    1031 1034 1034 1034 1063 1073 1073 1077 0 0 0 0 0 0 0 1070 1067 1067
    1063 1063 1060 1057 1057 1057 1054 1054 1050 1050 1050 1047 1044
    1041 1041 1041 1038 1034 1034 1031 1031 1038 1038 1038 1063 1073
    1073 1080 0 0 0 0 0 0 0 1070 1067 1067 1063 1063 1060 1060 1057 1057
    1054 1054 1050 1050 1047 1047 1044 1041 1041 1041 1038 1038 1034
    1034 1034 1038 1038 1038 1041 1080 1084 1084 0 0 0 0 0 0 0 1073 1070
    1067 1067 1063 1063 1060 1060 1057 1054 1054 1050 1050 1047 1047
    1044 1041 1041 1041 1041 1038 1038 1034 1034 1038 1038 1041 1041
    1084 1084 1084 0 0 0 0 0 0 1070 1070 1070 1067 1067 1063 1063 1063
    1060 1057 1054 1054 1050 1050 1050 1047 1044 1041 1041 1041 1041
    1038 1034 1034 1034 1038 1038 1041 1070 1077 1084 1090 0 0 0 0 0 0
    1067 1067 1070 1067 1067 1067 1063 1063 1060 1057 1057 1054 1050
    1050 1050 1047 1044 1044 1041 1041 1041 1038 1034 1034 1034 1038
    1038 1041 1067 1073 1084 1090 0 0 0 0 0 0 1067 1067 1070 1067 1067
    1067 1063 1063 1060 1060 1057 1054 1054 1050 1050 1050 1047 1044
    1041 1041 1041 1038 1038 1038 1038 1038 1038 1041 1057 1073 1084 0 0
    0 0 0 0 0 0 1070 1070 1067 1067 1067 1063 1063 1060 1060 1057 1054
    1054 1050 1050 1050 1047 1044 1041 1041 1041 1038 1038 1038 1038
    1038 1038 1041 1054 1073 1084 0 0 0 0 0 0 0 0 1070 1070 1070 1067
    1067 1063 1063 1060 1060 1057 1054 1054 1054 1050 1050 1047 1047
    1044 1041 1041 1038 1038 1038 1038 1041 1041 1044 1054 1073 1080 0 0
    0 0 0 0 0 0 0 1070 1070 1067 1067 1063 1063 1060 1060 1057 1054 1054
    1054 1050 1050 1050 1047 1044 1044 1041 1041 1038 1038 1038 1041
    1041 1047 1054 1077 1080 0 0 0 0 0 0 0 0 1073 1070 1070 1070 1067
    1063 1063 1060 1060 1057 1054 1054 1054 1050 1050 1047 1047 1047
    1044 1044 1041 1041 1038 1038 1041 1041 1044 1054 0 0 0 0 0 0 0 0 0
    1077 1073 1070 1067 1067 1067 1063 1063 1060 1060 1057 1057 1054
    1054 1050 1050 1047 1047 1047 1044 1044 1041 1041 1038 1038 1041
    1041 1044 1054 0 0 0 0 0 0 0 0 0 1077 1067 1067 1067 1067 1067 1063
    1063 1060 1060 1057 1057 1057 1054 1050 1050 1050 1047 1047 1044
    1044 1041 1041 1041 1041 1041 1044 1044 1054 0 0 0 0 0 0 0 0 0 0
    1067 1067 1070 1070 1067 1063 1063 1063 1063 1060 1060 1057 1054
    1050 1050 1050 1050 1047 1044 1041 1041 1041 1041 1041 1041 1044
    1047 1057 0 0 0 0 0 0 0 0 0 0 1070 1070 1070 1070 1067 1067 1063
    1063 1063 1060 1060 1057 1054 1054 1050 1050 1050 1047 1044 1041
    1041 1041 1041 1041 1041 1044 1047 1063 0 0 0 0 0 0 0 0 0 0 1070
    1070 1070 1070 1067 1067 1063 1063 1063 1063 1060 1060 1057 1054
    1050 1050 1050 1047 1044 1044 1041 1041 1041 1041 1044 1044 1047
    1063 0 0 0 0 0 0 0 0 0 1077 1073 1073 1070 1067 1067 1067 1063 1063
    1063 1063 1063 1060 1057 1054 1050 1050 1047 1047 1044 1041 1041
    1041 1041 1041 1044 1044 1047 1063 0 0 0 0 0 0 0 0 0 1077 1073 1073
    1070 1067 1067 1067 1063 1063 1060 1060 1060 1060 1054 1054 1050
    1050 1047 1047 1047 1041 1041 1041 1041 1041 1044 1044 1047 1050
    1080 1090 0 0 0 0 0 0 0 1077 1073 1073 1070 1067 1067 1067 1063 1063
    1060 1060 1060 1060 1054 1054 1054 1050 1050 1047 1044 1044 1041
    1041 1041 1041 1044 1044 1047 1050 1080 1090 0 0 0 0 0 0 0 1077 1077
    1073 1070 1067 1067 1067 1063 1063 1063 1060 1060 1060 1057 1054
    1054 1050 1050 1047 1044 1044 1041 1041 1041 1041 1044 1044 1047
    1060 1080 1087 1087 0 0 0 0 0 0 1077 1077 1073 1073 1070 1067 1067
    1063 1063 1063 1060 1060 1060 1057 1054 1054 1054 1050 1050 1047
    1044 1041 1041 1041 1041 1044 1044 1047 1060 1084 1077 1070 1070
    1219 1219 1219 1227 1241 1080 1077 1073 1073 1070 1067 1067 1067
    1063 1063 1063 1060 1060 1057 1054 1054 1054 1050 1050 1050 1047
    1044 1041 1041 1041 1044 1044 1047 1080 1084 1077 1070 1070 1214
    1214 1214 1227 1241 1080 1077 1077 1073 1070 1067 1067 1067 1063
    1063 1063 1060 1060 1057 1057 1054 1054 1050 1050 1050 1047 1044
    1041 1041 1041 1044 1044 1047 1084 1084 1080 1080 1214 1214 1210
    1210 1219 1219 1080 1077 1077 1073 1070 1067 1067 1067 1063 1063
    1063 1060 1060 1057 1057 1054 1054 1050 1050 1050 1047 1044 1041
    1041 1041 1044 1044 1050 1084 1084 1084 1084 1210 1210 1206 1206
    1214 0 1077 1077 1077 1077 1073 1070 1067 1067 1067 1063 1063 1063
    1057 1057 1057 1054 1054 1050 1050 1050 1047 1047 1044 1041 1041
    1044 1044 1050 1084 1080 1080 1080 1206 1206 1206 1206 1214 1214
    1077 1077 1077 1077 1070 1070 1070 1067 1067 1063 1063 1063 1057
    1057 1054 1054 1054 1050 1050 1050 1047 1047 1044 1041 1041 1044
    1044 1050 1080 1080 1080 1080 1206 1206 1206 1206 1206 1232 1080
    1077 1077 1073 1070 1070 1070 1067 1067 1063 1063 1063 1057 1057
    1054 1054 1054 1050 1050 1050 1047 1047 1044 1044 1044 1044 1044
    1050 1077 1077 1077 1105 1214 1214 1214 1214 1232 1232 1080 1080
    1077 1073 1073 1073 1070 1067 1067 1063 1063 1063 1057 1057 1054
    1054 1054 1054 1054 1050 1047 1047 1047 1044 1044 1047 1047 1050
    1057 1077 1105 1105 1219 1219 1219 1223 1232 1232 1080 1080 1077
