<?xml version="1.0"?>
<opencv_storage>
<Depth1278 type_id="opencv-matrix">
  <rows>58</rows>
  <cols>36</cols>
  <dt>w</dt>
  <data>
    3614 3576 3539 3539 3539 3539 3576 3576 3539 3503 3503 3503 3468
    3468 3468 3468 3433 1663 1663 1663 1655 1655 1639 1639 1639 1647
    1647 1647 1647 1647 1655 3433 1663 1663 1671 3333 1833 1833 1823
    1804 1794 1785 1776 1766 1757 1739 1731 1722 1713 1713 3468 3468
    3433 1663 1663 1655 1647 1639 1639 1639 1639 1639 1647 1647 1647
    1647 1655 1663 1663 1663 1671 1680 1833 1833 1823 1804 1785 1776
    1766 1766 1757 1739 1731 1722 1713 1713 1705 1696 1688 1663 1663
    1655 1647 1639 1632 1632 1632 1632 1639 1639 1655 1655 1655 1663
    1663 1680 1680 1680 1833 1823 1823 1804 1785 1776 1766 1766 1748
    1739 1731 1722 1713 1713 1705 1688 1688 1671 1663 1655 1647 1639
    1632 1632 1632 1632 1639 1639 1655 1655 1663 1663 1663 1671 1680
    1680 1823 1823 1813 1804 1785 1776 1766 1757 1748 1739 1731 1722
    1713 1713 1696 1688 1688 1671 1663 1655 1647 1639 1639 1632 1632
    1632 1639 1639 1655 1663 1663 1663 1663 1671 1671 1671 1813 1813
    1813 1804 1794 1776 1757 1757 1748 1731 1731 1722 1713 1713 1696
    1688 1680 1671 1663 1655 1647 1639 1639 1639 1639 1639 1639 1647
    1655 1655 1663 1663 1663 1671 1671 1671 1833 1813 1813 1804 1794
    1776 1757 1757 1748 1731 1731 1722 1722 1713 1696 1696 1680 1671
    1663 1655 1647 1639 1639 1639 1639 1639 1647 1647 1647 1655 1655
    1663 1663 1671 1671 1671 1833 1813 1813 1804 1794 1776 1766 1757
    1748 1739 1731 1722 1722 1705 1696 1696 1680 1671 1663 1655 1655
    1639 1639 1639 1639 1639 1647 1647 1647 1655 1655 1663 1663 1671
    1671 1671 1833 1813 1813 1794 1794 1785 1766 1757 1748 1739 1731
    1731 1722 1705 1696 1696 1680 1671 1663 1655 1655 1647 1639 1639
    1639 1639 1639 1647 1647 1655 1655 1663 1663 1671 1680 1680 1833
    1823 1813 1794 1794 1776 1766 1757 1757 1739 1739 1731 1722 1713
    1705 1696 1688 1671 1663 1655 1655 1647 1639 1632 1632 1632 1639
    1647 1647 1655 1655 1663 1663 1671 1680 1688 1833 1823 1813 1794
    1794 1776 1766 1757 1757 1739 1739 1731 1722 1713 1705 1696 1680
    1671 1663 1655 1655 1647 1632 1632 1632 1632 1639 1647 1647 1655
    1663 1663 1663 1671 1680 1688 1823 1823 1823 1804 1794 1776 1766
    1757 1757 1739 1739 1731 1722 1713 1705 1688 1680 1671 1663 1655
    1655 1639 1632 1632 1632 1632 1639 1647 1655 1655 1655 1663 1663
    1671 1671 1688 1823 1823 1813 1804 1794 1776 1766 1757 1757 1739
    1739 1731 1722 1713 1705 1688 1680 1671 1663 1655 1655 1639 1632
    1632 1632 1632 1639 1647 1655 1655 1655 1663 1663 1663 1671 1671
    1833 1823 1813 1804 1794 1785 1766 1757 1757 1748 1739 1731 1722
    1713 1705 1688 1680 1671 1663 1655 1655 1639 1632 1632 1639 1639
    1647 1647 1655 1655 1655 1663 1663 1663 1671 1671 1833 1823 1804
    1804 1794 1785 1766 1766 1757 1748 1739 1731 1722 1713 1705 1688
    1680 1671 1663 1655 1655 1647 1647 1647 1647 1647 1647 1655 1655
    1655 1655 1663 1663 1663 1671 1671 1833 1823 1804 1804 1794 1785
    1776 1766 1757 1757 1739 1731 1722 1713 1705 1688 1680 1671 1663
    1655 1655 1647 1639 1639 1647 1647 1655 1655 1655 1655 1663 1663
    1663 1671 1680 1680 1843 1833 1813 1804 1794 1785 1776 1766 1757
    1748 1739 1731 1722 1713 1696 1688 1680 1671 1663 1655 1655 1639
    1639 1639 1647 1647 1655 1655 1655 1655 1663 1663 1671 1680 1680
    1680 1853 1833 1813 1804 1794 1794 1785 1776 1766 1748 1739 1731
    1722 1713 1696 1688 1680 1671 1663 1655 1655 1639 1639 1639 1639
    1647 1655 1655 1655 1663 1663 1663 1671 1680 1680 1680 1863 1833
    1813 1804 1794 1794 1785 1776 1766 1748 1739 1731 1722 1713 1688
    1688 1688 1680 1671 1663 1655 1639 1639 1639 1639 1647 1655 1655
    1655 1663 1663 1663 1671 1680 1680 1680 1863 1833 1813 1804 1804
    1794 1794 1776 1766 1748 1739 1731 1722 1713 1688 1688 1688 1680
    1671 1663 1655 1647 1639 1639 1639 1647 1647 1655 1655 1663 1663
    1663 1663 1680 1680 1680 1863 1833 1813 1804 1794 1794 1794 1776
    1766 1757 1739 1731 1722 1713 1696 1688 1688 1680 1671 1663 1655
    1647 1639 1639 1639 1647 1647 1655 1655 1663 1663 1663 1663 1680
    1680 1688 1863 1823 1813 1804 1794 1794 1785 1776 1766 1757 1739
    1731 1731 1722 1696 1688 1688 1680 1671 1663 1655 1647 1639 1639
    1639 1647 1647 1655 1655 1663 1663 1663 1671 1680 1680 1688 1843
    1823 1813 1804 1804 1794 1785 1776 1766 1757 1748 1739 1731 1705
    1696 1688 1688 1680 1663 1663 1655 1655 1639 1639 1647 1647 1647
    1655 1655 1663 1663 1663 1671 1680 1680 1688 1843 1823 1813 1804
    1804 1794 1785 1776 1766 1757 1748 1739 1731 1705 1696 1696 1688
    1680 1663 1663 1655 1647 1639 1639 1647 1647 1655 1655 1655 1663
    1663 1663 1671 1680 1680 1688 1833 1833 1813 1804 1804 1794 1794
    1785 1766 1757 1748 1739 1731 1705 1696 1696 1688 1680 1671 1663
    1655 1647 1647 1647 1647 1647 1655 1655 1655 1663 1663 1663 1680
    1688 1688 1688 1833 1833 1823 1813 1804 1794 1794 1785 1766 1757
    1748 1731 1731 1705 1696 1696 1688 1680 1671 1663 1655 1647 1647
    1647 1647 1655 1655 1655 1663 1663 1663 1663 1680 1688 1688 1688
    1833 1833 1823 1813 1804 1794 1785 1776 1766 1757 1748 1731 1722
    1705 1696 1696 1688 1680 1680 1663 1655 1647 1647 1647 1647 1655
    1655 1655 1663 1663 1663 1671 1680 1688 1688 1688 1833 1833 1823
    1813 1804 1794 1785 1776 1766 1757 1748 1731 1722 1713 1696 1696
    1688 1680 1671 1663 1655 1647 1647 1647 1647 1655 1655 1655 1663
    1663 1663 1671 1680 1688 1688 1688 1843 1833 1823 1804 1804 1794
    1785 1776 1766 1757 1748 1739 1722 1713 1705 1696 1688 1680 1671
    1663 1655 1647 1639 1639 1647 1647 1655 1655 1663 1663 1663 1671
    1680 1688 1688 1688 1843 1833 1823 1804 1794 1794 1776 1766 1766
    1757 1757 1748 1722 1713 1705 1696 1696 1688 1671 1663 1655 1647
    1639 1639 1647 1647 1655 1655 1663 1663 1663 1671 1680 1688 1688
    1688 1843 1833 1823 1804 1794 1794 1776 1766 1766 1757 1757 1748
    1722 1713 1705 1696 1696 1688 1671 1663 1655 1647 1639 1639 1647
    1647 1655 1655 1663 1663 1663 1680 1680 1688 1680 1680 1843 1833
    1823 1804 1794 1794 1785 1776 1766 1757 1748 1739 1722 1713 1705
    1696 1688 1680 1671 1663 1655 1647 1639 1639 1647 1647 1655 1663
    1663 1663 1663 1680 1680 1688 1680 1680 1843 1833 1823 1804 1804
    1794 1785 1776 1766 1757 1748 1739 1722 1713 1705 1696 1688 1680
    1671 1663 1655 1647 1639 1639 1647 1647 1655 1663 1663 1663 1671
    1680 1688 1680 1680 1688 1843 1833 1823 1813 1804 1794 1785 1776
    1766 1757 1739 1731 1722 1713 1705 1696 1696 1688 1671 1663 1655
    1647 1647 1647 1655 1655 1663 1663 1663 1663 1671 1680 1688 1680
    1680 1688 1843 1833 1833 1813 1804 1794 1785 1776 1766 1757 1739
    1731 1722 1713 1705 1696 1696 1688 1680 1663 1655 1647 1647 1647
    1655 1655 1663 1663 1663 1671 1671 1680 1680 1680 1680 1680 1843
    1843 1833 1823 1804 1794 1785 1776 1766 1757 1739 1731 1722 1722
    1705 1696 1696 1688 1680 1663 1663 1655 1655 1655 1655 1655 1663
    1663 1663 1671 1680 1680 1680 1688 1688 1688 1843 1833 1833 1823
    1804 1794 1785 1776 1766 1757 1748 1731 1731 1722 1705 1696 1688
    1688 1680 1663 1663 1655 1655 1655 1655 1655 1663 1663 1663 1671
    1680 1680 1680 1688 1688 1688 1843 1833 1833 1823 1804 1794 1785
    1776 1766 1757 1757 1731 1731 1722 1705 1696 1688 1688 1680 1663
    1663 1655 1647 1647 1655 1655 1663 1663 1663 1671 1680 1680 1688
    1688 1688 1688 1843 1843 1833 1823 1804 1794 1785 1776 1766 1757
    1757 1739 1731 1722 1705 1696 1688 1688 1680 1663 1663 1655 1647
    1647 1655 1663 1663 1663 1663 1680 1688 1688 1688 1696 1696 1696
    1833 1833 1833 1823 1804 1794 1794 1785 1776 1766 1748 1731 1722
    1722 1705 1696 1688 1680 1671 1663 1663 1655 1655 1655 1655 1663
    1663 1663 1671 1680 1688 1688 1688 1696 1696 1696 1833 1833 1833
    1823 1804 1804 1794 1785 1776 1766 1739 1731 1722 1722 1713 1696
    1688 1680 1671 1663 1663 1655 1655 1655 1655 1663 1663 1671 1671
    1680 1688 1688 1688 1696 1696 1705 1843 1843 1833 1823 1804 1804
