<?xml version="1.0"?>
<opencv_storage>
<Depth10884 type_id="opencv-matrix">
  <rows>145</rows>
  <cols>95</cols>
  <dt>w</dt>
  <data>
    3816 3816 3816 3816 3859 3859 3859 3859 3859 3859 3903 3903 3903
    3859 3859 3859 3859 3994 3994 3994 3994 3994 3994 3994 3994 3994
    3994 4041 4041 4041 4041 4041 4041 4041 4041 4041 0 0 0 0 0 0 0 0 0
    0 0 0 0 0 0 0 0 0 0 0 0 0 0 0 0 0 0 0 0 0 0 0 0 0 0 0 0 0 0 0 0 0 0
    0 0 0 0 0 0 0 0 642 642 642 642 0 0 0 0 3816 3816 3859 3859 3859
    3859 3859 3903 3903 3903 3903 3903 3859 3859 3859 3859 3859 3994
    3994 3994 3994 3994 3994 3994 3994 3994 4041 3994 3994 3994 4041
    4041 4041 4041 0 0 0 0 0 0 0 0 0 0 0 0 0 0 0 0 0 0 0 0 0 0 0 0 0 0 0
    0 0 0 0 0 0 0 0 0 0 0 0 0 0 0 0 0 0 0 0 0 0 0 0 0 631 631 634 635
    638 0 0 0 0 3816 3816 3859 3859 3859 3859 3859 3859 3859 3859 3859
    3859 3859 3816 3816 3859 3859 3994 3994 3994 3994 3994 3994 3994
    3994 3994 4041 3994 3994 3994 4041 0 0 0 0 0 0 0 0 0 0 0 0 0 0 0 0 0
    0 0 0 0 0 0 0 0 0 0 0 0 0 0 0 0 0 0 0 0 0 0 0 0 0 0 0 0 0 0 0 0 0 0
    0 0 627 627 628 631 634 634 638 0 0 0 0 3859 3859 3859 3859 3859
    3859 3859 3859 3859 3859 3859 3859 3859 3816 3816 3859 3859 3948
    3994 3994 3994 4041 4041 4041 3994 3994 4041 3994 3994 3994 0 0 0 0
    0 0 0 0 0 0 0 0 0 0 0 0 0 0 0 0 0 0 0 0 0 0 0 0 0 0 0 0 0 0 0 0 0 0
    0 0 0 0 0 0 0 0 0 0 0 0 0 0 0 0 627 627 627 631 634 634 638 0 0 0 0
    3816 3816 3859 3859 3859 3859 3859 3859 3903 3903 3903 3859 3859
    3816 3816 3859 3948 3948 3994 3994 3994 4041 4041 0 0 0 0 0 0 0 0 0
    0 0 0 0 0 0 0 0 0 0 0 0 0 0 0 0 0 0 0 0 0 0 0 0 0 0 0 0 0 0 0 0 0 0
    0 0 0 0 0 0 0 0 0 0 0 0 0 0 0 0 0 621 621 627 627 630 634 636 638 0
    0 0 0 3816 3816 3859 3859 3859 3859 3859 3859 3859 3903 3903 3903
    3859 3859 3859 3859 3948 3948 3994 3994 3994 4041 0 0 0 0 0 0 0 0 0
    0 0 0 0 0 0 0 0 0 0 0 0 0 0 0 0 0 0 0 0 0 0 0 0 0 0 0 0 0 0 0 0 0 0
    0 0 0 0 0 0 0 0 0 0 0 0 0 0 0 0 0 0 619 619 627 627 630 634 638 640
    0 0 0 0 3816 3816 3859 3859 3859 3859 3859 3859 3859 3859 3859 3903
    3903 3859 3859 3859 0 0 0 0 0 0 0 0 0 0 0 0 0 0 0 0 0 0 0 0 0 0 0 0
    0 0 0 0 0 0 0 0 0 0 0 0 0 0 0 0 0 0 0 0 0 0 0 0 0 0 0 0 0 0 0 0 0 0
    0 0 0 0 0 0 0 613 613 615 615 631 631 632 636 638 0 0 0 0 0 3816
    3816 3859 3859 3859 3859 3859 3859 3859 3859 3859 3859 0 0 0 0 0 0 0
    0 0 0 0 0 0 0 0 0 0 0 0 0 0 0 0 0 0 0 0 0 0 0 0 0 0 0 0 0 0 0 0 0 0
    0 0 0 0 0 0 0 0 0 0 0 0 0 0 0 0 0 0 0 0 0 0 0 0 0 0 0 0 611 611 614
    615 631 631 634 636 638 643 0 0 0 0 3816 3859 3859 3859 3859 3859
    3859 3859 3859 3859 3859 3859 0 0 0 0 0 0 0 0 0 0 0 0 0 0 0 0 0 0 0
    0 0 0 0 0 0 0 0 0 0 0 0 0 0 0 0 0 0 0 0 0 0 0 0 0 0 0 0 0 0 0 0 0 0
    0 0 0 0 0 0 0 0 0 0 0 0 0 0 0 0 611 611 614 615 632 632 635 636 638
    643 652 0 0 0 3859 3859 3859 3859 3859 3859 3859 3859 3859 0 0 0 0 0
    0 0 0 0 0 0 0 0 0 0 0 0 0 0 0 0 0 0 0 0 0 0 0 0 0 0 0 0 0 0 0 0 0 0
    0 0 0 0 0 0 0 0 0 0 0 0 0 0 0 0 0 0 0 0 0 0 0 0 0 0 0 0 0 0 0 0 0
    609 609 612 612 634 634 634 636 638 647 652 0 0 0 3859 3859 3859
    3859 3859 0 0 0 0 0 0 0 0 0 0 0 0 0 0 0 0 0 0 0 0 0 0 0 0 0 0 0 0 0
    0 0 0 0 0 0 0 0 0 0 0 0 0 0 0 0 0 0 0 0 0 0 0 0 0 0 0 0 0 0 0 0 0 0
    0 0 0 0 0 0 0 0 0 0 0 0 0 609 609 611 623 623 634 634 636 638 647
    650 0 0 0 3859 3859 3859 0 0 0 0 0 0 0 0 0 0 0 0 0 0 0 0 0 0 0 0 0 0
    0 0 0 0 0 0 0 0 0 0 0 0 0 0 0 0 0 0 0 0 0 0 0 0 0 0 0 0 0 0 0 0 0 0
    0 0 0 0 0 0 0 0 0 0 0 0 0 0 0 0 0 0 0 0 0 608 608 610 611 619 621
    634 634 637 640 647 650 653 0 0 0 0 0 0 0 0 0 0 0 0 0 0 0 0 0 0 0 0
    0 0 0 0 0 0 0 0 0 0 0 0 0 0 0 0 0 0 0 0 0 0 0 0 0 0 0 0 0 0 0 0 0 0
    0 0 0 0 0 0 0 0 0 0 0 0 0 0 0 0 0 0 0 0 0 0 0 0 0 0 0 0 608 608 610
    612 614 620 632 634 637 640 650 650 653 0 0 0 0 0 0 0 0 0 0 0 0 0 0
    558 557 557 557 557 556 556 554 554 554 0 0 0 0 0 0 0 0 0 0 0 0 0 0
    0 0 0 0 0 0 0 0 0 0 0 0 0 0 0 0 0 0 0 0 0 0 0 0 0 0 0 0 0 0 0 0 0 0
    0 0 0 0 0 0 0 0 0 0 609 609 610 612 614 620 632 634 638 641 647 650
    0 0 0 0 0 0 0 0 0 544 543 543 0 0 0 558 557 557 557 556 554 554 554
    552 552 0 0 0 0 0 540 540 540 0 0 0 0 0 0 0 0 0 0 0 0 0 0 0 0 0 0 0
    0 0 0 0 0 0 0 0 0 0 0 0 0 0 0 0 0 0 0 0 0 0 0 0 0 0 0 0 0 0 606 606
    608 609 611 614 623 629 637 642 642 647 650 653 0 0 0 0 0 0 0 0 544
    543 543 0 0 558 558 557 556 556 555 554 554 553 549 547 546 546 0
    543 541 540 540 540 0 0 0 0 0 0 0 0 0 0 0 0 0 0 0 0 0 0 0 0 0 0 0 0
    0 0 0 0 0 0 0 0 0 0 0 0 0 0 0 0 0 0 0 0 0 0 0 0 0 606 606 608 609
    611 614 625 629 636 642 643 648 648 653 0 0 0 0 0 550 549 546 544
    543 541 541 541 558 558 556 555 555 554 554 554 549 547 546 545 544
    543 543 541 540 540 540 540 0 0 0 0 0 0 0 0 0 0 0 0 0 0 0 0 0 0 0 0
    0 0 0 0 0 0 0 0 0 0 0 0 0 0 0 0 0 0 0 0 0 578 578 578 584 586 587
    587 602 603 609 610 611 628 628 629 636 642 643 648 648 0 0 0 0 0
    553 550 548 546 544 541 540 539 537 536 534 534 554 528 525 525 525
    549 546 523 523 540 540 541 540 540 540 539 539 0 0 0 0 0 0 0 0 0 0
    0 0 0 0 0 0 0 0 0 0 0 0 0 0 0 0 0 0 0 0 0 0 0 0 0 0 0 0 0 0 0 578
    578 578 584 586 587 587 602 603 609 610 611 622 627 629 641 642 644
    649 650 0 0 0 555 554 553 551 548 546 544 541 540 539 537 535 533
    532 530 528 525 525 525 524 521 521 520 519 518 512 512 511 511 539
    539 0 0 500 500 0 0 0 0 0 0 0 0 0 0 0 0 0 0 0 0 0 0 0 0 0 0 0 0 0 0
    0 0 0 0 0 0 0 0 565 565 565 578 578 578 582 582 601 601 602 608 609
    611 613 622 625 629 632 641 646 650 652 0 0 0 555 554 553 551 548
    546 544 542 540 539 537 535 533 532 530 529 527 525 524 523 521 521
    520 519 517 512 511 511 511 510 510 510 500 500 500 500 499 499 0 0
    0 490 489 489 489 0 0 0 0 0 0 0 0 0 0 0 0 0 0 0 0 0 0 0 0 0 0 0 0
    561 561 561 578 578 578 582 582 601 601 602 604 609 612 616 623 625
    628 632 641 647 650 652 0 0 0 555 554 554 552 548 546 544 542 540
    539 537 535 533 531 530 529 528 526 524 523 521 521 520 518 517 512
    511 511 510 509 509 509 500 500 500 500 499 499 0 0 0 490 489 489
    489 0 0 0 0 0 0 0 0 0 0 0 0 0 0 0 0 0 0 0 0 0 0 557 557 559 560 576
    576 578 578 582 582 603 603 603 604 607 613 616 623 625 628 635 641
    647 650 652 0 0 0 555 554 553 552 549 546 543 542 540 539 538 536
    534 531 530 529 528 527 525 523 521 521 520 518 517 512 511 511 510
    509 509 509 509 502 501 500 499 499 496 494 493 490 489 489 489 487
    487 0 0 0 0 0 0 0 0 0 0 0 0 0 534 534 0 0 0 0 0 557 557 559 559 559
    576 578 579 584 586 589 603 603 604 607 614 615 624 627 629 635 641
    647 652 652 0 0 0 0 554 553 552 550 546 543 542 540 539 539 537 536
    534 532 529 529 527 525 524 522 521 521 519 517 514 514 511 511 510
    509 508 508 502 501 500 499 499 496 494 493 491 489 489 489 487 487
    0 0 0 0 0 0 0 0 0 0 0 0 531 531 534 536 0 0 0 0 557 557 559 559 559
    576 579 581 585 586 589 604 604 604 608 614 615 624 625 629 637 642
    647 652 653 654 0 0 0 554 554 554 552 550 550 543 542 541 540 539
    537 535 533 530 529 527 526 525 523 521 520 519 517 514 514 512 511
    510 509 508 508 502 502 500 499 499 497 494 494 493 490 490 490 489
    489 0 0 0 0 0 0 0 0 0 0 0 0 531 531 534 536 0 0 0 0 559 559 560 560
    563 576 579 582 585 586 588 588 609 609 611 613 615 624 625 628 640
    642 650 653 654 654 0 0 0 557 555 554 552 550 547 544 544 543 541
    540 538 537 533 531 530 527 526 526 525 522 520 519 517 516 514 513
    512 511 510 508 505 503 502 500 500 499 499 494 494 493 491 490 490
    489 489 0 0 0 0 0 0 0 0 0 0 0 0 536 536 536 537 537 546 546 551 562
    562 562 562 563 577 581 584 585 586 587 587 610 610 612 613 615 624
    627 628 641 642 644 655 657 658 0 0 0 557 556 554 553 551 547 546
    545 544 542 540 538 537 534 533 530 529 527 526 526 525 525 520 518
    517 516 514 513 512 510 508 505 504 504 501 500 499 499 496 495 494
    492 490 490 490 490 0 0 0 0 0 0 0 0 0 0 0 529 529 536 536 538 540
    546 546 551 551 563 563 563 564 577 581 583 585 586 582 582 610 610
    612 613 616 624 627 629 641 642 644 655 657 658 0 0 0 558 556 555
