<?xml version="1.0"?>
<opencv_storage>
<Depth10115 type_id="opencv-matrix">
  <rows>96</rows>
  <cols>68</cols>
  <dt>w</dt>
  <data>
    3037 3064 3064 3238 3238 3238 3238 3238 3238 3238 3238 3399 3399
    3399 0 3399 3399 3365 3365 3365 3365 3365 3365 3365 3365 3365 3399 0
    0 3399 3399 3399 3399 3399 3365 1112 1112 1112 1108 1108 1108 0 3399
    3365 3365 3365 3365 3399 3365 3333 3333 3333 3333 3333 3333 3333
    3333 3333 3333 3333 3333 3300 3269 3269 3238 3238 3208 3208 3064
    3064 3208 3238 3178 3178 3238 3238 3238 3365 3365 3399 3399 3399
    3399 3399 3399 3399 3399 3399 3399 1094 1087 1087 3399 3399 3399 0 0
    3333 3333 3333 3333 3365 3399 1112 1112 1112 1108 1108 1108 0 3399
    3399 3365 3365 3365 3399 3365 3365 3365 3365 3365 3365 3365 1123
    1123 3365 3365 3333 3269 3269 3269 3269 3238 3238 3238 3238 3064
    3149 3300 3269 3149 3149 3238 3238 3399 3365 3365 3365 3365 3365
    3399 3399 3399 3399 3399 3433 1105 1094 1087 1087 3365 3365 3365
    1084 1084 0 3333 3333 3333 3365 3399 1112 1112 1112 1108 1108 1108
    1097 3399 3399 3399 3399 3399 3399 3399 3365 3365 3365 3365 1115
    1115 1123 1123 1126 1130 3333 3269 3269 3269 3269 3269 3269 3300
    3399 3300 3300 3300 3300 3149 3149 3333 3365 3399 3365 3365 3365
    3365 3365 3399 3399 3399 3399 3399 3433 1084 1084 1084 1084 1084
    1080 1080 1084 1084 1084 3365 3365 3365 3365 1090 1090 1101 1101
    1105 1097 1097 1097 1101 3399 3399 1105 1105 3399 3399 3365 3365
    3333 1115 1115 1115 1119 1119 1119 1123 1123 1119 3433 3433 3399
    3399 3399 3399 3365 3365 3365 1054 1054 3333 3333 3333 3365 3399
    3399 3365 3365 3365 3365 3399 3399 3399 3399 3399 1080 1080 1080
    1084 1080 1080 1080 1080 1084 1084 1084 1084 1090 1090 1090 1090
    1090 1094 1094 1101 1097 1097 1101 1101 1105 1105 1105 1105 1108
    1108 1108 1108 1112 1112 1115 1115 1115 1119 1119 1119 1119 1119
    3433 3433 3433 3399 3365 3365 3333 1054 1054 1054 1050 1050 1057
    1060 1063 1063 1063 1063 1063 3365 3365 1070 1070 1070 1073 1073
    1073 1077 1080 1080 1080 1080 1080 1080 1084 1080 1080 1084 1084
    1087 1090 1090 1090 1094 1094 1097 1097 1097 1097 1101 1105 1105
    1105 1108 1108 1108 1108 1108 1112 1112 1115 1115 1115 1119 1119
    1119 1119 1119 1119 3365 3365 3365 3333 3333 3333 1050 1054 1054
    1050 1050 1057 1057 1060 1063 1063 1063 1063 1067 1067 1067 1070
    1070 1070 1073 1073 1077 1077 1077 1077 1080 1080 1080 1084 1080
    1080 1084 1084 1087 1090 1090 1094 1094 1094 1094 1097 1097 1097
    1101 1105 1105 1105 1108 1108 1108 1108 1112 1115 1115 1115 1115
    1115 1119 1119 1119 1119 1119 0 3365 3365 3365 3333 3333 3333 1047
    1050 1054 1054 1054 1057 1057 1060 1063 1063 1067 1067 1067 1067
    1067 1070 1070 1070 1073 1073 1073 1077 1077 1077 1080 1080 1080
    1080 1084 1084 1087 1087 1090 1090 1090 1094 1094 1094 1094 1094
    1097 1097 1101 1101 1105 1105 1108 1108 1108 1108 1112 1115 1115
    1115 1115 1119 1119 1119 1123 1123 1123 0 3333 3333 3333 3333 3333
    3333 1047 1050 1054 1054 1054 1057 1057 1060 1060 1063 1067 1067
    1067 1070 1070 1070 1070 1070 1073 1073 1073 1077 1077 1077 1080
    1080 1080 1080 1084 1084 1087 1087 1090 1090 1090 1094 1094 1094
    1094 1094 1097 1097 1101 1101 1105 1108 1108 1108 1108 1112 1112
    1115 1115 1115 1115 1119 1119 1119 1123 1123 1123 0 3333 3333 3333
    3333 3333 3333 1050 1054 1054 1054 1054 1057 1057 1060 1060 1060
    1060 1063 1067 1067 1070 1070 1070 1070 1073 1073 1073 1073 1073
    1077 1077 1080 1080 1080 1084 1084 1087 1087 1090 1090 1090 1090
    1090 1094 1094 1094 1097 1097 1101 1101 1101 1105 1108 1108 1108
    1108 1112 1112 1115 1115 1115 1115 1119 1119 1119 1123 1123 0 3333
    3333 3333 3333 3333 3333 1054 1054 1054 1054 1054 1057 1060 1060
    1060 1060 1060 1063 1063 1067 1067 1067 1070 1070 1070 1070 1073
    1073 1073 1077 1077 1080 1080 1080 1084 1084 1084 1087 1087 1087
    1087 1090 1090 1090 1094 1094 1097 1097 1101 1101 1101 1105 1105
    1108 1108 1108 1112 1112 1115 1115 1115 1115 1119 1119 1119 1119
    1119 0 3333 3333 3333 3333 3333 3333 1050 1054 1054 1054 1054 1057
    1060 1060 1060 1060 1060 1063 1063 1067 1067 1067 1070 1070 1070
    1070 1070 1073 1073 1077 1077 1080 1080 1080 1084 1084 1084 1084
    1087 1087 1087 1090 1090 1090 1094 1097 1097 1097 1101 1101 1101
    1105 1105 1108 1108 1108 1112 1112 1112 1115 1115 1115 1119 1119
    1119 1119 1119 1115 3333 3333 3333 3333 3333 3333 1050 1050 1050
    1050 1054 1057 1060 1060 1060 1060 1060 1063 1063 1067 1067 1067
    1067 1067 1070 1070 1070 1073 1073 1077 1077 1080 1080 1080 1080
    1084 1084 1084 1084 1087 1087 1087 1090 1090 1094 1097 1097 1097
    1101 1101 1101 1105 1105 1105 1105 1108 1112 1112 1112 1115 1115
    1115 1119 1119 1119 1115 1115 1115 3333 3333 3333 3333 3333 3333
    1050 1050 1050 1050 1054 1057 1060 1060 1060 1060 1060 1063 1063
    1067 1067 1067 1067 1067 1070 1070 1070 1073 1073 1077 1077 1080
    1080 1080 1080 1084 1084 1084 1084 1084 1087 1087 1090 1090 1094
    1094 1097 1097 1101 1101 1101 1101 1105 1105 1105 1108 1112 1112
    1112 1112 1115 1115 1115 1119 1119 1115 1115 1115 1115 3365 3365
    3333 3333 3333 1050 1050 1050 1050 1054 1057 1057 1057 1060 1060
    1063 1063 1067 1067 1067 1067 1067 1067 1070 1070 1070 1073 1073
    1077 1077 1077 1080 1080 1084 1084 1084 1084 1084 1084 1087 1087
    1090 1090 1094 1094 1094 1094 1101 1101 1101 1101 1105 1108 1108
    1108 1112 1112 1112 1112 1115 1115 1115 1115 1115 1115 1115 1115 0
    3365 3365 3333 3333 3333 1047 1047 1050 1054 1054 1057 1057 1057
    1060 1060 1063 1063 1063 1067 1067 1067 1067 1067 1070 1070 1070
    1070 1070 1073 1077 1077 1080 1080 1084 1084 1084 1084 1084 1087
    1087 1090 1090 1090 1090 1094 1094 1094 1101 1101 1101 1101 1105
    1108 1108 1108 1108 1112 1112 1112 1112 1115 1112 1112 1115 1115
    1115 1115 0 3365 3365 3365 3365 3365 1047 1047 1050 1054 1054 1057
    1057 1057 1060 1060 1063 1063 1063 1067 1067 1067 1067 1067 1070
    1070 1070 1070 1070 1073 1073 1080 1080 1080 1080 1084 1084 1084
    1084 1084 1087 1087 1087 1090 1090 1090 1094 1094 1101 1101 1101
    1101 1105 1105 1108 1108 1108 1108 1112 1112 1112 1112 1112 1112
    1115 1115 1115 1115 0 3365 3365 3365 3365 3399 1050 1050 1050 1054
    1054 1057 1057 1057 1060 1060 1060 1060 1063 1067 1067 1067 1067
    1067 1070 1070 1070 1070 1070 1073 1073 1077 1080 1080 1080 1080
    1084 1084 1084 1084 1087 1087 1087 1090 1090 1090 1094 1094 1097
    1097 1101 1101 1101 1105 1108 1108 1108 1108 1112 1112 1112 1112
    1112 1112 1115 1115 1115 1115 0 3365 3365 3365 3399 3399 1054 1050
    1050 1050 1054 1057 1057 1057 1057 1060 1060 1060 1063 1067 1067
    1067 1067 1067 1067 1070 1070 1070 1070 1070 1073 1077 1080 1080
    1080 1080 1080 1084 1084 1084 1087 1087 1087 1090 1090 1094 1094
    1094 1097 1097 1101 1101 1101 1101 1105 1108 1108 1112 1112 1112
    1112 1112 1112 1112 1115 1115 1115 1115 0 3399 3399 3399 3399 3399
    1050 1050 1050 1050 1054 1057 1057 1057 1057 1060 1060 1060 1063
    1063 1067 1067 1067 1067 1067 1070 1070 1070 1070 1070 1073 1077
    1080 1080 1080 1080 1080 1084 1084 1084 1084 1084 1084 1087 1087
    1090 1094 1094 1097 1097 1097 1101 1101 1101 1105 1105 1108 1112
    1112 1112 1112 1112 1112 1115 1115 1115 1115 1115 1123 3399 3399
    3399 3399 3399 1050 1050 1050 1050 1050 1057 1057 1057 1057 1060
    1060 1060 1063 1063 1063 1067 1067 1067 1067 1070 1070 1070 1070
    1070 1073 1077 1080 1080 1080 1080 1080 1084 1084 1084 1084 1084
    1084 1087 1087 1090 1094 1094 1097 1097 1097 1101 1101 1101 1105
    1105 1105 1108 1108 1112 1112 1112 1112 1115 1115 1115 1115 1123
    1123 3399 3399 3399 3399 3399 1050 1050 1050 1050 1050 1057 1057
    1057 1057 1060 1060 1063 1063 1063 1063 1067 1067 1067 1067 1070
    1070 1070 1070 1070 1073 1077 1080 1080 1080 1080 1080 1084 1084
    1084 1084 1087 1087 1087 1087 1090 1094 1094 1097 1097 1101 1101
    1101 1101 1105 1105 1105 1108 1108 1112 1112 1112 1112 1115 1115
