<?xml version="1.0"?>
<opencv_storage>
<Depth10044 type_id="opencv-matrix">
  <rows>22</rows>
  <cols>38</cols>
  <dt>w</dt>
  <data>
    1119 1119 1119 2212 2212 2184 1112 1112 1112 1112 1112 1112 1112
    1105 1105 1105 1108 1108 1108 1108 1108 1115 1115 1119 1119 1123
    1123 1123 1123 1126 1126 0 0 0 0 2184 2184 2184 1119 1119 2241 2241
    2212 2198 2198 1115 1112 1112 2241 2241 2212 2212 2198 1108 1108
    1108 1108 1108 1108 1115 1115 1119 1123 1123 1126 1123 1123 1126
    1126 0 2212 0 2198 2184 2184 2184 1126 2256 2241 2241 2241 2241 2241
    2241 2256 2241 2241 2226 2212 2212 2198 2198 2226 2241 2226 2198
    1115 1115 1115 1126 1126 1130 1126 1126 1130 1134 2241 2212 2212
    2198 2198 2198 2198 2184 1130 2256 2256 2256 2256 2256 2256 2256
    2256 2241 2241 2226 2212 2212 2198 2198 2226 2226 2226 2212 2198
    2198 2212 2212 2226 2226 2226 2226 2241 2241 2226 2212 2212 2198
    2198 2198 2198 0 2256 2256 2256 2256 2256 2256 2256 2256 2256 2256
    2256 2241 2241 2226 2212 2212 2241 2226 2226 2212 2212 2212 2212
    2212 2241 2241 2241 2241 2241 2241 2226 2226 2212 2212 2212 2212
    2212 0 2256 2256 2256 2271 2256 2256 2256 2256 2256 2256 2256 2241
    2241 2241 2226 2226 2241 2226 2226 2226 2226 2226 2226 2226 2241
    2241 2256 2241 2241 2241 2226 2226 2226 2212 2212 2212 2212 0 2256
    2256 2256 2256 2256 2256 2256 2256 2256 2256 2256 2256 2256 2241
    2241 2241 2241 2226 2226 2226 2226 2241 2226 2226 2241 2241 2241
    2241 2241 2226 2226 2226 2226 2212 2212 2212 2212 2212 2256 2256
    2271 2256 2256 2256 2256 2256 2256 2256 2256 2256 2256 2256 2241
    2241 2241 2226 2226 2241 2241 2241 2241 2241 2241 2241 2241 2241
    2226 2226 2226 2226 2226 2226 2212 2212 2212 2212 2256 2256 2256
    2256 2256 2256 2256 2256 2256 2256 2256 2256 2256 2256 2241 2241
    2241 2241 2241 2241 2241 2226 2226 2226 2241 2241 2241 2226 2226
    2226 2226 2226 2226 2226 2212 2212 2212 2212 2256 2256 2256 2256
    2256 2256 2256 2256 2256 2256 2241 2241 2256 2241 2241 2241 2241
    2241 2241 2241 2241 2226 2226 2226 2241 2241 2241 2226 2226 2226
    2226 2226 2226 2226 2212 2212 2212 2212 2241 2256 2256 2256 2256
    2256 2256 2256 2256 2256 2241 2241 2256 2241 2241 2241 2241 2241
    2241 2241 2226 2226 2226 2226 2241 2241 2241 2226 2226 2226 2226
    2226 2226 2226 2212 2212 2212 2212 2241 2256 2271 2271 2256 2256
    2256 2256 2256 2256 2241 2241 2241 2241 2241 2241 2241 2241 2241
    2241 2226 2226 2226 2226 2241 2241 2241 2212 2212 2212 2226 2226
    2226 2212 2212 2212 2212 2198 2256 2256 2271 2271 2271 2256 2256
    2256 2256 2256 2256 2256 2241 2241 2241 2241 2241 2241 2241 2241
    2226 2212 2212 2226 2241 2241 2226 2212 2212 2212 2212 2212 2226
    2212 2212 2212 2212 2198 2256 2256 2271 2271 2271 2256 2256 2256
    2241 2241 2241 2241 2256 2241 2241 2241 2241 2241 2226 2226 2212
    2212 2212 2212 2226 2226 2212 2212 2212 2212 2212 2212 2212 2212
    2212 2212 2212 2212 1189 2256 2256 2256 2256 2256 2256 2241 2241
    2241 2241 2241 2241 2241 2241 2241 2226 2226 2212 2212 2212 2212
    2212 2212 2212 2212 2212 2212 2212 2212 2212 2212 2212 2212 2198
    2198 2198 2198 1189 2256 2241 2241 2241 2241 2241 2241 2241 2241
    2226 2226 2226 2241 2241 2241 2226 2226 2212 2212 2198 2198 2212
    2212 2212 2212 2212 2212 2212 2212 2212 2212 2212 2212 2198 2198
    2198 2198 1197 2241 2241 2241 2241 2241 2241 2241 2241 2241 2226
    2226 2226 2241 2241 2241 2241 2226 2212 2212 2198 2198 2212 2212
    2226 2212 2212 2212 2212 2212 2212 2212 2212 2212 2212 2212 2198
    2198 1202 2256 2256 2256 2256 2256 2256 2241 2241 2241 2226 2226
    2241 2241 2241 2241 2241 2241 2226 2226 2212 2212 2212 2212 2241
    2226 2212 2212 2226 2226 2226 2241 2226 2226 2212 2212 2212 0 1206
    2301 2286 2286 2286 2286 2301 2301 2286 2286 2286 2256 2256 2256
    2256 2256 2256 2256 2256 2256 2241 2241 2241 2241 2256 2271 2271
    2256 2256 2256 2256 2256 2256 2256 2241 2241 2241 0 2301 2301 2301
    2301 2317 2317 2301 2301 2301 2301 2301 2301 2301 2301 2301 2301
    2286 2286 2286 2286 2286 2271 2256 2256 2271 2286 2286 2271 2271
    2286 2271 2271 2271 2271 2271 2271 2271 0 2301 2301 2301 2301 2317
    2317 2301 2301 2317 2317 2317 2317 2317 2301 2301 2301 2301 2286
    2286 2301 2301 2286 2286 2286 2286 2301 2286 2286 2286 2301 2301
    2286 2286 2271 2271 2271 2271 0 1223 2301 2301 2984 2958 2317 2301
    2301 2317 2317 2317 2317 2317 2301 2301 2301 2301 2286 2286 2301
    2317 2317 3092 3092 3120 3178 2301 2301 2301 2301 2317 2317 2301
    2286 2286 3064 0 0</data></Depth10044>
</opencv_storage>
