<?xml version="1.0"?>
<opencv_storage>
<Depth14141 type_id="opencv-matrix">
  <rows>58</rows>
  <cols>74</cols>
  <dt>w</dt>
  <data>
    4774 4774 4774 4774 4708 4708 4708 4708 4708 4645 4645 4582 4582
    4522 4522 1529 1523 1516 1509 1509 1509 1509 4522 4463 4463 4463
    4405 4405 4405 4349 4349 4295 4295 4295 4295 4295 4241 4241 4190
    4190 4241 4241 4241 4241 4190 4190 4139 4139 4139 4139 4139 4139
    4089 4089 4089 4089 4089 4089 4089 4041 4041 3994 3994 3994 3994
    3994 3994 3948 3948 3948 3948 3948 3948 3948 4774 4774 4774 4774
    4774 4708 4708 4708 4708 4645 4645 4582 4582 4582 1523 1523 1523
    1523 1516 1509 1509 1503 1503 1509 4463 4463 4405 4405 4405 4405
    4405 4349 4349 4295 4295 4295 4295 4241 4190 4190 4241 4241 4241
    4241 4190 4190 4139 4139 4139 4139 4139 4139 4139 4089 4089 4089
    4089 4089 4089 4041 4041 4041 4041 4041 4041 4041 4041 3994 3948
    3948 3948 3948 3948 3948 4842 4774 4774 4774 4774 4774 4708 4708
    4708 4708 4708 1503 1503 1503 1516 1516 1516 1523 1516 1516 1509
    1503 1503 1509 1503 1503 4405 4405 4405 4405 4405 4405 4349 4295
    4295 4295 4295 4295 4241 4241 4295 4295 4295 4241 4241 4190 4139
    4139 4139 4139 4139 4139 4139 4139 4089 4089 4089 4089 4089 4041
    4041 4041 4041 4041 4041 4041 4041 3994 3994 3994 3994 3994 3994
    3948 4842 4774 4774 4774 4774 4774 4708 4708 4708 4708 0 1503 1503
    1503 1503 1503 1503 1509 1509 1509 1509 1503 1503 1503 1503 1503
    1496 1496 4405 4405 4463 4463 4349 4349 4349 4349 4349 4295 4295
    4295 4295 4295 4295 4295 4241 4190 4139 4139 4190 4139 4139 4139
    4139 4139 4089 4089 4089 4089 4089 4089 4089 4089 4089 4089 4041
    4041 4041 3994 3994 3994 3994 3994 3994 3994 4842 4842 4842 4774
    4774 4774 4774 4708 4708 4708 1503 1503 1503 1503 1503 1503 1503
    1509 1503 1503 1503 1503 1503 1503 1503 1503 1496 1496 1496 1496
    1496 1496 4349 4349 4349 4349 4295 4295 4295 4295 4349 4349 4295
    4295 4241 4241 4241 4190 4190 4139 4139 4139 4139 4139 4089 4089
    4089 4089 4089 4089 4089 4089 4089 4089 4041 4041 3994 3994 3994
    3994 3994 3994 3994 3994 4911 4842 4842 4842 4774 4774 4774 4774
    4774 4774 1503 1503 1503 1503 1503 1503 1503 1503 1503 1503 1503
    1503 1503 1496 1496 1496 1496 1496 1496 1496 1496 1496 1496 4349
    4349 4349 4295 4295 4295 4295 4349 4295 4295 4295 4241 4241 4241
    4190 4190 4190 4190 4139 4139 4139 4089 4089 4089 4089 4089 4089
    4089 4089 4089 4089 4041 4041 3994 3994 3994 3994 3994 3994 3994
    3994 4911 4911 4911 4911 4842 4774 4774 4774 4774 0 1503 1503 1503
    1503 1503 1503 1503 1503 1503 1503 1503 1503 1496 1496 1496 1496
    1496 1496 1496 1496 1496 1496 1489 1489 1496 4349 4295 4241 4241
    4241 4349 4295 4295 4295 4295 4295 4295 4295 4241 4190 4190 4190
    4139 4139 4089 4089 4139 4139 4139 4139 4139 4089 4089 4089 4041
    4041 3994 3994 3994 3994 3994 3994 3994 3994 4983 4983 4983 4911
    4842 4774 4774 4774 4842 4842 1496 1496 1503 1496 1496 1503 1503
    1503 1503 1503 1503 1496 1496 1496 1496 1496 1496 1496 1496 1496
    1496 1496 1489 1489 1496 1496 1496 1503 4241 4241 4349 4349 4295
    4295 4295 4295 4295 4241 4241 4190 4190 4139 4139 4139 4089 4089
    4139 4139 4139 4139 4139 4089 4089 4089 4041 4041 3994 3994 3994
    3994 3994 3994 3994 3994 4983 4983 4983 4911 4842 4774 4774 4774
    4774 1496 1496 1496 1496 1496 1496 1503 1503 1496 1496 1496 1496
    1496 1496 1496 1496 1496 1496 1496 1496 1496 1489 1489 1489 1489
    1489 1489 1489 1503 1503 1503 1503 4349 4295 4295 4295 4295 4295
    4241 4241 4190 4190 4139 4139 4139 4139 4139 4139 4139 4139 4139
    4089 4089 4089 4089 4089 4041 3994 3994 3994 3994 4041 4041 3994
    3994 4983 4983 4983 4774 4774 4774 4774 4774 4774 1496 1496 1496
    1496 1496 1496 1496 1496 1496 1496 1496 1496 1496 1496 1496 1496
    1496 1496 1496 1496 1496 1489 1489 1489 1489 1489 1489 1489 1496
    1496 1496 1496 1496 4295 4295 4295 4295 4295 4241 4241 4241 4190
    4190 4139 4139 4139 4139 4139 4139 4139 4139 4089 4089 4089 4089
    4089 4089 3994 3994 3994 3994 4041 3994 3994 3994 4983 4983 4983
    4774 4774 4774 4774 4774 1496 1496 1496 1496 1496 1496 1496 1496
    1496 1496 1496 1496 1496 1496 1496 1496 1496 1496 1496 1496 1496
    1489 1489 1489 1483 1483 1489 1489 1489 1496 1489 1489 1496 1496
    1496 1496 4295 4295 4295 4295 4241 4241 4241 4190 4190 4190 4139
    4139 4139 4139 4139 4139 4139 4089 4089 4089 4089 4089 4041 3994
    3994 3994 3994 3994 3994 4041 4983 4983 4983 4983 4983 1509 1509 0
    1496 1496 1496 1496 1496 1496 1496 1496 1496 1496 1496 1496 1489
    1489 1489 1489 1489 1489 1489 1489 1489 1489 1483 1483 1483 1483
    1483 1483 1483 1489 1489 1489 1489 1489 1496 1496 1496 4295 4295
    4295 4295 4295 4190 4190 4190 4190 4139 4139 4139 4139 4139 4139
    4139 4089 4089 4089 4089 4089 4089 3994 3994 3994 3994 4041 4041
    4041 4983 4983 4983 4983 0 1523 1509 1509 1496 1496 1496 1496 1496
    1496 1496 1496 1496 1496 1496 1496 1489 1489 1489 1489 1489 1489
    1489 1489 1489 1489 1483 1483 1483 1483 1483 1483 1483 1483 1483
    1489 1489 1489 1483 1483 1489 1483 1483 1483 4349 4295 4139 4139
    4190 4190 4190 4241 4190 4139 4139 4139 4139 4139 4139 4089 4089
    4089 4089 4089 4089 4089 4089 4089 4041 4041 5056 4911 4911 4911 0
    1523 1523 1509 1503 1503 1496 1496 1496 1496 1489 1489 1496 1496
    1496 1489 1489 1489 1489 1483 1483 1483 1483 1483 1483 1483 1483
    1477 1477 1477 1477 1477 1483 1483 1483 1483 1483 1483 1483 1483
    1483 1483 1477 1477 1477 1477 1477 4139 4190 4241 4241 4241 4241
    4190 4139 4139 4139 4139 4139 4089 4089 4089 4089 4089 4089 4089
    4089 4089 4041 4041 5056 4911 4911 4911 0 1523 1523 1516 1503 1503
    1503 1496 1496 1496 1489 1489 1489 1489 1489 1489 1489 1483 1483
    1483 1483 1483 1483 1483 1483 1477 1477 1477 1477 1477 1477 1477
    1483 1483 1483 1483 1483 1477 1477 1477 1477 1477 1477 1477 1477
    1477 1477 1477 1477 4241 4241 4295 4241 4190 4190 4190 4139 4139
    4139 4089 4089 4089 4089 4089 4089 4089 4089 4089 4089 4089 5056
    4911 4911 0 0 1523 1523 1523 1516 1509 1503 1503 1496 1496 1489 1489
    1489 1489 1489 1489 1489 1483 1483 1489 1483 1483 1477 1477 1477
    1477 1477 1470 1470 1470 1477 1477 1477 1477 1477 1483 1477 1477
    1477 1477 1477 1477 1477 1477 1477 1477 1477 1477 1470 1470 1470
    4295 4295 4295 4241 4190 4190 4139 4139 4139 4139 4139 4089 4089
    4089 4089 4089 4089 4089 4089 5056 4983 4983 0 0 1550 1543 1529 1529
    1536 1529 1523 1503 1496 1496 1489 1489 1489 1489 1483 1477 1477
    1483 1483 1483 1483 1477 1477 1477 1477 1477 1470 1470 1470 1470
    1470 1477 1477 1477 1477 1477 1477 1477 1477 1477 1470 1470 1470
    1477 1477 1470 1470 1470 1464 1464 1464 4295 4295 4241 4190 4190
    4139 4139 4139 4139 4139 4089 4089 4089 4089 4089 4089 4089 4089
    5056 4983 4983 0 1550 1550 1550 1543 1536 1536 1529 1529 1523 1516
    1503 1503 1496 1496 1489 1483 1477 1477 1477 1483 1483 1483 1477
    1477 1477 1477 1470 1470 1470 1470 1470 1470 1470 1477 1477 1477
    1477 1477 1477 1477 1477 1470 1470 1470 1470 1470 1470 1470 1464
    1464 1464 1458 1458 1458 4295 4190 4190 4190 4190 4190 4139 4139
    4139 4089 4089 4089 4089 4089 4089 4089 5056 5056 5056 0 1550 1550
    1550 1543 1536 1536 1529 1529 1523 1523 1509 1503 1503 1496 1489
    1489 1483 1477 1477 1483 1483 1483 1477 1477 1477 1477 1470 1470
    1470 1470 1470 1470 1470 1477 1477 1477 1477 1477 1477 1477 1477
    1470 1470 1470 1470 1470 1470 1470 1464 1458 1458 1458 1458 1458
    4190 4190 4190 4190 4190 4190 4139 4139 4139 4089 4089 4089 4089
    4089 4089 4089 5132 5132 5132 0 1564 1564 1564 1550 1543 1536 1536
    1529 1529 1523 1523 1516 1509 1503 1503 1496 1483 1477 1477 1477
    1477 1477 1477 1477 1477 1470 1470 1470 1470 1470 1470 1470 1470
    1477 1477 1477 1477 1477 1477 1477 1477 1470 1470 1464 1464 1464
    1464 1464 1458 1458 1458 1464 1464 1458 1458 1452 1452 1452 4241
    4190 4139 4139 4139 4139 4139 4139 4089 4089 4089 4089 5291 5291
