<?xml version="1.0"?>
<opencv_storage>
<Depth5188 type_id="opencv-matrix">
  <rows>64</rows>
  <cols>41</cols>
  <dt>w</dt>
  <data>
    4405 1671 1671 1671 1663 1663 1663 1655 1655 1655 1655 1624 1624
    1609 1609 1609 1609 1609 1688 1671 1671 1680 1671 1671 1671 1663
    1663 1671 1688 1696 1705 1705 1705 1731 1731 1739 1748 1748 4645
    4582 4582 1671 1671 1671 1663 1663 1663 1655 1647 1647 1647 1639
    1616 1609 1609 1609 1609 1609 1616 1688 1647 1647 1647 1647 1655
    1655 1655 1663 1671 1688 1688 1696 1696 1705 1713 1722 1731 1739
    1748 1748 4708 4645 1671 1671 1671 1663 1663 1655 1647 1647 1647
    1639 1632 1616 1609 1609 1609 1609 1609 1616 1632 1632 1632 1639
    1639 1647 1655 1655 1671 1671 1688 1688 1696 1696 1705 1713 1713
    1722 1731 1731 1731 1731 4645 1680 1671 1671 1663 1655 1647 1639
    1639 1632 1632 1624 1609 1609 1601 1601 1609 1609 1616 1624 1632
    1632 1632 1639 1647 1655 1655 1671 1671 1680 1688 1696 1696 1705
    1705 1705 1722 1722 1731 1731 1731 4582 1671 1671 1671 1663 1655
    1647 1639 1639 1632 1632 1624 1609 1609 1601 1601 1601 1609 1616
    1624 1624 1632 1632 1639 1647 1655 1663 1671 1671 1680 1688 1696
    1705 1705 1705 1705 1722 1722 1731 1731 1731 1731 1663 1663 1663
    1663 1655 1647 1639 1632 1632 1632 1624 1609 1609 1601 1601 1601
    1609 1616 1616 1624 1632 1632 1639 1639 1655 1663 1663 1671 1671
    1680 1696 1705 1705 1705 1705 1722 1731 1731 1731 1731 1731 1663
    1663 1663 1663 1655 1647 1639 1632 1632 1624 1616 1609 1601 1601
    1601 1609 1609 1616 1616 1624 1632 1632 1639 1639 1655 1663 1663
    1671 1671 1680 1688 1696 1705 1705 1705 1713 1731 1731 1722 1722
    1722 1663 1663 1663 1663 1655 1647 1639 1632 1624 1624 1616 1609
    1601 1601 1609 1609 1609 1616 1616 1624 1632 1632 1639 1639 1655
    1663 1663 1671 1671 1671 1680 1696 1705 1705 1705 1713 1731 1731
    1722 1722 1722 1663 1663 1663 1663 1655 1647 1639 1632 1624 1616
    1609 1609 1601 1601 1601 1601 1609 1616 1616 1624 1632 1632 1639
    1639 1655 1655 1663 1663 1671 1671 1680 1696 1696 1705 1705 1705
    1722 1731 1731 1731 4522 1663 1663 1663 1663 1655 1639 1639 1632
    1624 1616 1609 1609 1601 1601 1601 1601 1609 1609 1609 1624 1624
    1632 1639 1639 1655 1655 1663 1663 1663 1671 1680 1696 1696 1705
    1705 1705 1722 1731 1731 1731 4463 1663 1663 1663 1663 1655 1639
    1639 1632 1624 1616 1609 1601 1601 1594 1594 1601 1601 1609 1609
    1616 1624 1632 1632 1639 1647 1655 1663 1663 1663 1671 1680 1688
    1696 1705 1705 1705 1722 1722 1731 1731 1731 1663 1663 1663 1663
    1655 1639 1639 1632 1624 1616 1609 1601 1601 1594 1594 1601 1601
    1609 1609 1616 1624 1632 1632 1639 1647 1655 1663 1663 1663 1671
    1680 1688 1696 1705 1705 1713 1722 1722 1731 1731 1731 1663 1663
    1663 1663 1655 1639 1639 1632 1624 1616 1609 1601 1601 1594 1594
    1601 1601 1609 1609 1609 1616 1632 1632 1639 1647 1655 1663 1663
    1663 1671 1680 1688 1696 1696 1705 1713 1722 1722 1722 1722 4405
    1671 1671 1663 1655 1655 1639 1639 1632 1624 1616 1609 1601 1601
    1594 1594 1601 1601 1609 1609 1609 1616 1632 1632 1639 1639 1655
    1655 1663 1663 1671 1680 1688 1696 1696 1705 1713 1713 1722 1722
    1722 4463 1671 1671 1663 1655 1647 1639 1632 1632 1624 1616 1616
    1601 1601 1601 1601 1601 1601 1609 1609 1609 1616 1624 1632 1639
    1639 1647 1655 1663 1663 1671 1680 1688 1696 1696 1705 1713 1713
    1722 1722 1722 4463 1671 1671 1663 1655 1647 1639 1632 1632 1624
    1616 1616 1609 1601 1601 1601 1601 1601 1601 1609 1609 1616 1624
    1632 1639 1639 1639 1655 1663 1663 1671 1680 1688 1696 1696 1705
    1713 1713 1713 1722 1722 4522 1663 1663 1663 1655 1647 1639 1632
    1632 1632 1616 1616 1601 1601 1601 1601 1601 1601 1601 1609 1609
    1616 1624 1632 1639 1639 1639 1647 1663 1663 1671 1680 1688 1696
    1705 1705 1705 1713 1713 1722 1722 4522 1663 1663 1663 1655 1647
    1639 1632 1632 1624 1616 1609 1601 1601 1601 1601 1601 1601 1601
    1609 1609 1616 1624 1632 1639 1639 1639 1647 1663 1663 1671 1671
    1688 1696 1705 1705 1705 1713 1713 1713 1713 4522 1663 1663 1663
    1655 1647 1639 1632 1632 1624 1616 1609 1601 1594 1594 1594 1594
    1601 1601 1609 1609 1616 1624 1632 1639 1639 1639 1655 1663 1663
    1671 1671 1688 1696 1696 1705 1705 1713 1713 1713 1713 4522 1663
    1663 1663 1655 1647 1639 1632 1632 1624 1609 1601 1601 1594 1594
    1594 1594 1601 1601 1609 1609 1616 1624 1632 1639 1639 1639 1655
    1663 1663 1671 1671 1688 1696 1696 1705 1705 1713 1713 1713 1731
    1731 1671 1671 1663 1655 1647 1639 1632 1632 1616 1609 1601 1601
    1594 1594 1594 1601 1601 1601 1609 1609 1616 1624 1632 1639 1639
    1647 1655 1663 1663 1671 1680 1688 1696 1696 1705 1705 1713 1713
    1713 1722 1722 1663 1663 1663 1655 1647 1639 1632 1624 1616 1609
    1601 1601 1594 1594 1594 1594 1601 1601 1609 1609 1616 1624 1632
    1639 1639 1647 1663 1663 1663 1671 1680 1688 1696 1696 1705 1705
    1713 1713 1713 1722 1722 1663 1663 1655 1647 1647 1639 1632 1624
    1616 1609 1601 1601 1594 1594 1594 1594 1594 1601 1609 1609 1616
    1624 1632 1639 1639 1647 1655 1663 1663 1671 1680 1688 1696 1696
    1705 1705 1713 1713 1713 1722 1722 1663 1663 1655 1647 1639 1639
    1632 1624 1616 1609 1601 1594 1594 1594 1594 1594 1594 1601 1609
    1609 1616 1624 1632 1632 1639 1647 1655 1663 1663 1671 1671 1680
    1696 1696 1705 1713 1713 1713 1713 1722 1722 1663 1663 1655 1647
    1639 1639 1632 1624 1616 1601 1601 1594 1594 1594 1594 1594 1601
    1601 1609 1609 1616 1624 1632 1632 1639 1639 1647 1655 1663 1671
    1671 1680 1688 1696 1705 1713 1713 1713 1722 1722 1722 1663 1663
    1655 1647 1639 1639 1632 1632 1616 1601 1601 1594 1586 1586 1586
    1594 1601 1601 1609 1609 1609 1624 1624 1632 1632 1639 1639 1655
    1663 1663 1671 1671 1680 1696 1696 1705 1705 1713 1722 1722 1722
    1663 1663 1655 1647 1639 1639 1632 1632 1624 1609 1601 1594 1586
    1586 1586 1594 1594 1601 1609 1609 1609 1616 1624 1632 1632 1639
    1639 1647 1655 1663 1671 1671 1680 1696 1696 1705 1705 1713 1722
    1722 1722 1663 1663 1655 1647 1639 1639 1632 1632 1624 1609 1601
    1594 1586 1586 1586 1586 1594 1601 1601 1609 1609 1616 1624 1632
    1632 1639 1639 1647 1655 1663 1663 1671 1680 1696 1696 1705 1705
    1713 1722 1731 1731 1663 1663 1655 1647 1639 1639 1632 1632 1609
    1609 1601 1594 1586 1586 1586 1586 1586 1601 1601 1609 1609 1616
    1624 1632 1632 1639 1647 1647 1655 1663 1663 1671 1680 1688 1696
    1705 1713 1722 1722 1731 1731 1671 1663 1655 1647 1639 1639 1632
    1632 1609 1609 1601 1594 1586 1579 1579 1579 1586 1601 1601 1609
    1609 1616 1624 1632 1632 1639 1647 1655 1655 1663 1663 1671 1680
    1688 1696 1705 1713 1713 1713 1722 1739 1663 1663 1655 1647 1639
    1639 1632 1632 1609 1609 1601 1594 1586 1579 1579 1579 1586 1594
    1601 1609 1609 1616 1624 1624 1632 1639 1647 1655 1655 1663 1663
    1671 1680 1696 1696 1705 1705 1713 1713 1713 1722 1663 1663 1655
    1647 1639 1639 1632 1624 1609 1609 1601 1601 1594 1586 1579 1579
    1586 1594 1601 1609 1609 1609 1624 1624 1632 1639 1639 1655 1655
    1663 1663 1671 1680 1696 1696 1705 1705 1713 1713 1705 1705 1663
    1663 1655 1647 1639 1639 1632 1624 1609 1601 1601 1601 1594 1586
    1579 1579 1586 1594 1601 1601 1609 1609 1616 1624 1632 1639 1639
    1655 1655 1663 1671 1671 1688 1696 1696 1705 1705 1713 1713 1705
    1705 1663 1663 1655 1647 1639 1639 1632 1616 1609 1601 1601 1601
    1594 1586 1586 1586 1586 1594 1601 1601 1601 1609 1616 1624 1632
    1639 1639 1655 1655 1663 1671 1671 1680 1688 1696 1705 1705 1705
    1705 1705 1705 1663 1663 1655 1647 1639 1632 1624 1609 1609 1601
    1601 1594 1594 1586 1586 1586 1586 1594 1601 1601 1601 1609 1616
    1624 1632 1639 1639 1655 1655 1655 1663 1671 1680 1688 1696 1705
    1705 1705 1705 1705 1705 1663 1663 1655 1647 1639 1632 1624 1609
    1609 1609 1601 1594 1586 1586 1586 1586 1586 1594 1601 1601 1601
    1609 1616 1624 1632 1639 1639 1655 1655 1655 1663 1663 1680 1688
    1696 1705 1705 1705 1696 1696 1696 1663 1655 1647 1639 1632 1632
