<?xml version="1.0"?>
<opencv_storage>
<Depth5116 type_id="opencv-matrix">
  <rows>60</rows>
  <cols>51</cols>
  <dt>w</dt>
  <data>
    3092 3092 3092 3092 3092 3064 3064 3064 3064 3064 3064 3064 3064
    3064 3064 3064 3064 3064 3092 3092 3092 3092 1833 1833 1833 1823
    1823 1823 1823 1823 1823 1823 3178 3178 3178 3178 4089 4041 4041
    4041 4041 4041 4041 4041 4041 4041 4041 3994 3994 3994 3994 3092
    3092 3092 3092 3064 3064 3064 3064 3064 3064 3064 3064 3064 3064
    3037 3037 3064 3037 3037 1813 1813 1813 1823 1823 1823 1813 1813
    1813 1813 1823 1823 1823 1823 3208 3208 3178 3178 3178 4041 4041
    4041 4041 4041 3994 3994 4041 4041 4041 3994 3994 3994 3092 3092
    3092 3092 3064 3064 3064 3037 3037 3064 3064 3064 3064 3037 3037
    3037 3037 3010 1813 1813 1813 1813 1813 1813 1813 1813 1813 1813
    1813 1823 1823 1823 1823 3238 3208 3178 3178 3149 3149 4041 4041
    4041 4041 3994 3994 3994 3994 4041 4041 4041 4041 3092 3120 3120
    3092 3064 3064 3064 3037 3037 3064 3064 3037 3037 3037 3037 1823
    1813 1813 1813 1813 1813 1813 1813 1813 1813 1813 1813 1823 1823
    1823 1823 1823 1823 1823 3208 3178 3178 3149 3149 3178 4089 4041
    4041 3994 3994 3994 3994 4041 4041 4041 4041 3092 3120 3120 3092
    3092 3064 3064 3064 3064 3064 3064 3037 3037 1804 1804 1813 1813
    1813 1813 1813 1813 1813 1813 1813 1813 1813 1813 1813 1813 1823
    1823 1823 1823 1823 3238 3178 3149 3149 3149 3149 4089 4041 4041
    4041 4041 4041 4041 4041 4041 4041 4041 3120 3120 3120 3092 3092
    3092 3064 3064 3064 3064 3064 3037 1813 1804 1804 1813 1813 1813
    1813 1813 1813 1813 1813 1813 1813 1813 1813 1813 1813 1823 1823
    1823 1823 1823 1823 3178 3149 3149 3149 3149 3149 4041 4041 4041
    4041 4041 4041 4041 4041 3994 3994 3120 3120 3120 3092 3092 3092
    3064 3064 3064 1813 1813 1813 1813 1813 1813 1823 1813 1813 1813
    1813 1813 1813 1813 1813 1813 1813 1813 1813 1813 1813 1813 1813
    1813 1813 1823 1823 3149 3149 3149 3149 3149 3149 4041 4089 4089
    4041 4041 4041 4041 3994 3994 3120 3120 3120 3092 3092 3092 3092
    3092 1823 1813 1813 1813 1813 1813 1813 1813 1813 1813 1813 1813
    1813 1813 1813 1813 1813 1813 1813 1813 1813 1813 1813 1813 1813
    1813 1813 1823 3149 3149 3149 3149 3149 3149 3178 4089 4041 4041
    4041 4041 4041 4041 4041 3120 3120 1853 1843 1833 1833 1823 1823
    1823 1823 1813 1813 1813 1813 1813 1813 1813 1813 1813 1813 1813
    1813 1813 1813 1813 1813 1813 1813 1813 1813 1813 1813 1813 1813
    1813 1823 1823 3149 3149 3149 3149 3149 3149 4089 4041 4041 4041
    4041 3994 3994 4041 3120 3120 1843 1823 1823 1823 1823 1823 1813
    1813 1813 1813 1813 1813 1813 1813 1813 1813 1813 1813 1813 1813
    1813 1813 1813 1813 1813 1813 1813 1823 1813 1813 1823 1823 1823
    1823 1823 3149 3149 3149 3149 3149 3149 4089 4041 4041 4041 4041
    3994 3994 3994 1823 1823 1823 1823 1823 1823 1823 1823 1813 1813
    1813 1813 1813 1813 1813 1813 1813 1813 1813 1813 1813 1813 1813
    1813 1813 1813 1813 1813 1813 1823 1823 1813 1813 1813 1813 1813
    1813 3149 3149 3149 3149 3149 3149 4089 4041 4041 4041 4041 4041
    3994 3994 1833 1823 1823 1823 1813 1813 1813 1813 1813 1813 1813
    1813 1813 1813 1813 1813 1813 1813 1813 1813 1813 1813 1813 1813
    1813 1813 1813 1813 1813 1823 1823 1813 1813 1813 1813 1813 1813
    3178 3149 3149 3149 3120 3064 3064 4041 4041 4041 4041 4041 3994
    3994 1823 1813 1813 1813 1813 1813 1813 1813 1813 1813 1813 1813
    1813 1813 1813 1813 1813 1813 1813 1804 1804 1813 1813 1813 1813
    1813 1813 1813 1813 1813 1813 1813 1813 1813 1813 1813 1823 3178
    3149 3149 3149 3120 3064 3064 4041 4041 4041 4041 4041 3994 3994
    1823 1813 1813 1813 1813 1813 1813 1813 1813 1813 1813 1813 1813
    1813 1813 1813 1813 1813 1813 1804 1804 1813 1813 1813 1813 1813
    1813 1813 1813 1813 1813 1813 1813 1813 1813 1813 1813 1813 3149
    3149 3149 3120 3120 3120 3120 4041 4041 4041 4041 3994 3994 1823
    1813 1813 1813 1813 1813 1813 1813 1813 1813 1804 1804 1813 1813
    1813 1813 1813 1813 1813 1813 1813 1813 1813 1813 1813 1813 1813
    1813 1813 1813 1813 1813 1813 1813 1813 1813 1813 1813 1813 3149
    3149 3149 3120 3120 3120 4041 4041 4041 4041 3994 3994 1823 1823
    1823 1813 1813 1813 1813 1813 1813 1813 1804 1804 1813 1813 1813
    1813 1813 1813 1813 1813 1813 1813 1813 1813 1813 1813 1813 1813
    1813 1813 1813 1813 1813 1813 1813 1813 1813 1813 1813 3149 3149
    3120 3120 3092 3092 3092 4041 4041 4041 3994 3994 1823 1823 1823
    1823 1813 1813 1813 1813 1813 1813 1804 1804 1804 1813 1813 1813
    1813 1813 1813 1813 1813 1813 1813 1813 1813 1813 1804 1804 1813
    1813 1813 1813 1813 1813 1813 1813 1813 1813 1813 1813 3120 3120
    3120 3092 3064 3064 4041 4041 4041 3994 3994 1823 1823 1823 1823
    1813 1813 1813 1813 1813 1804 1804 1804 1804 1804 1813 1813 1804
    1804 1804 1804 1804 1813 1804 1804 1804 1813 1804 1804 1813 1813
    1813 1813 1813 1813 1813 1813 1804 1804 1804 1813 3120 3092 3092
    3064 3064 3064 3064 4041 4041 3994 3994 1823 1823 1813 1813 1813
    1813 1813 1813 1813 1804 1804 1804 1804 1804 1813 1813 1804 1804
    1804 1804 1804 1804 1804 1804 1804 1804 1804 1804 1804 1813 1813
    1813 1813 1813 1804 1804 1804 1804 1804 1804 1804 3092 3092 3064
    3064 3064 3064 4041 4041 3994 3994 0 1813 1813 1813 1813 1813 1813
    1813 1813 1813 1804 1804 1804 1813 1804 1804 1804 1804 1804 1804
    1804 1804 1804 1804 1804 1804 1804 1804 1804 1813 1813 1813 1813
    1813 1804 1804 1813 1804 1804 1804 1804 1804 3064 3064 3064 3064
    3092 3092 3994 3994 3994 4241 1813 1813 1813 1813 1813 1813 1813
    1813 1813 1813 1813 1813 1813 1804 1804 1804 1804 1804 1813 1813
    1804 1804 1804 1804 1804 1804 1804 1804 1813 1813 1813 1813 1813
    1804 1804 1813 1804 1804 1804 1804 1813 3064 3064 3064 3064 3092
    3092 3994 3994 3994 4241 1813 1813 1804 1804 1804 1804 1813 1813
    1813 1813 1813 1813 1813 1804 1804 1804 1804 1804 1813 1813 1804
    1804 1804 1804 1804 1804 1804 1813 1813 1813 1813 1813 1813 1813
    1813 1813 1813 1813 1813 1813 1813 3064 3064 3064 3064 3092 3092
    4041 4041 3994 4190 4190 1804 1804 1804 1804 1804 1804 1813 1813
    1813 1813 1813 1813 1804 1804 1804 1804 1804 1813 1813 1813 1804
    1804 1804 1804 1804 1804 1813 1813 1813 1813 1813 1813 1813 1813
    1813 1813 1813 1813 1804 1804 1804 3064 3064 3064 3092 3092 4041
    4041 3994 4190 4241 4241 1804 1804 1804 1804 1804 1813 1813 1813
    1813 1813 1813 1804 1804 1804 1804 1804 1813 1813 1813 1804 1804
    1804 1804 1804 1804 1813 1813 1813 1813 1813 1813 1813 1813 1813
    1813 1813 1813 1804 1804 1804 1804 3064 3064 3092 4089 4089 4041
    3994 4241 4241 4241 1804 1804 1804 1804 1804 1813 1813 1813 1813
    1813 1813 1804 1804 1804 1804 1804 1804 1804 1804 1804 1804 1804
    1804 1804 1804 1813 1813 1813 1813 1813 1813 1813 1813 1813 1813
    1813 1813 1804 1804 1804 1804 3064 3064 3092 4089 4041 4041 3994
    4241 4241 4241 1804 1804 1804 1804 1804 1804 1813 1813 1813 1813
    1813 1804 1804 1804 1804 1804 1804 1804 1804 1804 1804 1804 1804
    1804 1804 1813 1813 1813 1813 1813 1813 1813 1813 1804 1804 1804
    1804 1804 1804 1794 1794 4295 4190 4089 4089 4041 4041 3994 4241
    4241 4241 4241 1813 1813 1813 1804 1804 1813 1804 1804 1813 1813
    1804 1804 1804 1804 1804 1804 1804 1804 1804 1804 1804 1804 1804
    1804 1804 1804 1813 1813 1813 1813 1804 1804 1804 1804 1794 1794
    1804 1794 1794 1794 1794 4139 4089 4041 4041 4041 3994 4190 4190
    4190 0 1804 1804 1804 1804 1804 1804 1804 1804 1813 1813 1813 1804
    1804 1804 1804 1804 1804 1804 1804 1804 1804 1804 1794 1794 1794
    1794 1804 1813 1813 1804 1804 1804 1804 1794 1794 1794 1804 1794
    1794 1794 1794 4041 4041 4041 4041 4041 4041 4190 4190 4190 4190
    1804 1804 1804 1804 1804 1804 1804 1804 1813 1813 1813 1804 1804
    1804 1804 1804 1804 1804 1804 1804 1804 1804 1794 1794 1794 1794
    1804 1813 1813 1804 1804 1804 1804 1794 1794 1794 1794 1794 1794
