<?xml version="1.0"?>
<opencv_storage>
<Depth15664 type_id="opencv-matrix">
  <rows>7</rows>
  <cols>9</cols>
  <dt>w</dt>
  <data>
    0 7835 7835 7835 7835 7835 7660 7660 7660 7835 7835 7660 7660 7660
    7660 7660 7660 7660 7660 7835 7660 7660 7660 7660 7660 7660 7660
    7660 7660 7835 7835 7660 7660 7660 7660 7660 7492 7492 7492 7660
    7660 7492 7492 7492 7492 7492 7492 7492 7660 7660 7492 7492 7492
    7492 7492 7492 7492 7492 7492 7492 7492 7492 4349</data></Depth15664>
</opencv_storage>
