<?xml version="1.0"?>
<opencv_storage>
<Depth15913 type_id="opencv-matrix">
  <rows>7</rows>
  <cols>27</cols>
  <dt>w</dt>
  <data>
    6146 6038 6038 6038 6038 6038 6038 6038 6038 6038 5933 5933 6038
    5933 5933 6038 6038 6038 6038 6038 5933 5933 5832 5832 5832 5832 0
    6146 6038 6038 6038 6038 6038 6038 5933 5933 5933 5933 5933 6038
    5933 5933 5933 5933 5933 5933 5933 5832 5832 5832 5832 5832 5832
    5933 6146 6146 6146 6038 6038 6038 6038 5933 5933 5933 5933 5933
    5933 5933 5933 5933 5933 5933 5933 5933 5832 5832 5832 5832 5832
    5832 5933 6038 6038 6038 6038 6038 6038 6038 6038 5933 5933 5933
    5933 5933 5933 5933 5933 5933 5933 5933 5832 5832 5832 5832 5832
    5832 5832 5933 6038 5933 5933 5933 5933 5933 5832 5832 5933 5933
    5933 5933 5933 5933 5933 5933 5933 5933 5933 5832 5832 5832 5832
    5832 5832 5832 5832 5933 5933 5933 5933 5933 5933 5832 5832 5933
    5933 5933 5933 5933 5933 5933 5933 5933 5933 5933 5832 5832 5832
    5832 5832 5832 5832 5832 5548 7030 7030 7030 7030 7030 7178 5933
    5933 5933 5933 5933 6038 5933 5933 5933 5933 5933 5933 5832 5832
    5832 5933 5832 5832 5832 5832</data></Depth15913>
</opencv_storage>
