<?xml version="1.0"?>
<opencv_storage>
<Depth10416 type_id="opencv-matrix">
  <rows>13</rows>
  <cols>84</cols>
  <dt>w</dt>
  <data>
    1873 1873 1883 1883 1883 1873 1873 1883 1883 1883 1883 1883 1883
    1894 1894 1894 1894 1904 1904 1915 1926 1926 1926 1926 1936 1936
    1936 1936 1936 1947 1947 1959 1970 1970 1970 1981 1981 2005 2005
    2005 2016 2016 2028 2040 2040 2040 2053 2053 2053 2053 2078 2078
    2090 2090 2090 2090 2103 2103 2116 2129 2129 2143 2143 2156 2156
    2170 2170 2170 2170 2184 2184 2184 2198 2198 2198 2198 2198 2212
    2226 2241 1696 1688 1688 1696 1873 1873 1883 1883 1883 1873 1873
    1883 1883 1883 1883 1883 1883 1894 1894 1894 1894 1894 1904 1904
    1915 1915 1926 1926 1936 1936 1936 1936 1936 1947 1947 1959 1959
    1959 1970 1970 1970 1981 2005 2016 2016 2016 2028 2040 2040 2040
    2040 2040 2040 2053 2065 2078 2090 2090 2090 2090 2103 2103 2116
    2129 2129 2143 2143 2156 2170 2170 2156 2156 2170 2184 2184 2184
    2198 2198 2198 2198 2198 2212 2241 2241 1696 1696 1705 1705 1894
    1894 1904 1894 1894 1883 1883 1894 1894 1894 1894 1894 1894 1894
    1894 1894 1894 1894 1904 1904 1915 1915 1915 1915 1926 1926 1936
    1936 1936 1947 1947 1947 1959 1959 1959 1959 1970 1970 1981 1993
    2016 2016 2040 2040 2040 2040 2040 2040 2040 2040 2065 2078 2090
    2090 2090 2090 2103 2103 2116 2116 2129 2143 2143 2143 2143 2143
    2143 2143 2170 2184 2184 2184 2198 2198 2198 2198 2198 2212 2241
    2241 1705 1705 1705 1705 1915 1915 1915 1915 1904 1904 1894 1894
    1894 1894 1904 1904 1904 1904 1904 1904 1904 1904 1904 1904 1926
    1915 1915 1915 1926 1926 1926 1936 1936 1947 1947 1947 1959 1959
    1959 1959 1970 1970 1981 1993 2016 2016 2040 2028 2028 2040 2040
    2040 2028 2028 2053 2065 2078 2090 2090 2090 2103 2103 2116 2116
    2116 2129 2129 2129 2129 2143 2143 2143 2170 2170 2184 2184 2184
    2184 2198 2198 2198 2226 2241 2241 1705 1705 1713 1713 1915 1926
    1936 1936 1915 1904 1904 1926 1926 1926 1926 1926 1926 1926 1926
    1936 1936 1926 1926 1926 1936 1936 1936 1936 1936 1926 1926 1936
    1936 1947 1947 1947 1959 1959 1970 1970 1970 1970 1970 1970 2016
    2028 2040 2028 2028 2040 2040 2040 2028 2028 2053 2065 2078 2090
    2090 2090 2103 2103 2103 2103 2116 2129 2129 2129 2129 2129 2143
    2143 2170 2170 2184 2170 2170 2184 2184 2184 2184 2212 2226 2241
    2256 1713 1713 1713 1926 1936 1936 1936 1926 1926 1926 1926 1926
    1926 1936 1936 1936 1947 1947 1959 1959 1959 1959 1959 1959 1959
    1947 1947 1947 1959 1970 1981 1981 1959 1959 1981 1970 1970 1970
    1970 1970 1970 1970 1970 2028 2028 2040 2040 2040 2040 2040 2053
    2053 2053 2053 2065 2078 2090 2090 2090 2090 2103 2103 2103 2116
    2129 2129 2129 2129 2129 2143 2143 2170 2170 2170 2170 2170 2170
    2184 2184 2184 2212 2212 2212 2241 1713 1705 1705 1926 1947 1947
    1947 1947 1936 1936 1936 1936 1936 1947 1947 1959 1959 1970 1970
    1970 1970 1970 1970 1970 1970 1970 1970 1970 1993 1993 2005 2005
    2005 2005 2016 2016 1981 1981 1981 1981 1970 1970 1970 2028 2040
    2040 2040 2040 2053 2065 2078 2078 2078 2078 2090 2090 2090 2090
    2090 2090 2103 2103 2103 2116 2129 2129 2143 2143 2143 2143 2143
    2170 2170 2170 2170 2170 2170 2184 2184 2184 2198 2212 2212 2241
    2256 1705 1705 1959 1936 1936 1959 1947 1947 1936 1936 1936 1959
    1959 1959 1970 1970 1970 1970 1970 1981 1970 1970 1970 1981 1981
    1993 1993 1993 1993 2005 2005 2005 2005 2016 2028 2028 2028 2028
    2040 1981 1981 1993 2040 2053 2053 2053 2065 2078 2078 2090 2090
    2090 2090 2090 2103 2103 2103 2116 2116 2129 2116 2116 2129 2129
    2143 2156 2156 2156 2156 2184 2184 2184 2170 2170 2170 2184 2184
    2184 2184 2198 2241 2241 2241 2256 1705 1705 1970 1936 1936 1959
    1959 1959 1947 1947 1947 1970 1970 1970 1970 1970 1970 1981 1981
    1981 1981 1981 1981 1993 1993 1993 1993 2005 2005 2016 2016 2016
    2028 2028 2028 2028 2040 2053 2053 2065 2065 2078 2090 2078 2078
    2078 2090 2090 2090 2103 2103 2116 2129 2129 2129 2129 2129 2129
    2143 2143 2156 2156 2156 2156 2170 2184 2184 2184 2184 2198 2198
    2212 2198 2198 2198 2198 2212 2212 2226 2241 2256 2256 2256 2256
    1713 1713 2398 2398 2398 1970 1970 2541 2503 2503 2541 2541 2349
    2349 2349 2333 1981 1981 1981 1981 1993 1981 1981 1993 1993 1993
    1993 2005 2005 2016 2016 2016 2028 2028 2028 2040 2065 2078 2078
    2078 2078 2078 2090 2103 2116 2116 2116 2116 2103 2103 2103 2116
    2129 2129 2143 2143 2143 2156 2156 2156 2170 2170 2170 2184 2184
    2198 2198 2198 2198 2212 2212 2226 2226 2226 2226 2226 2226 2241
    2256 2256 2271 2271 2271 2301 2301 1722 2398 2398 2432 2485 2560
    2579 2541 2541 2365 2365 2349 2349 2349 2333 2333 2317 2317 2333
    2333 2333 2333 2333 2349 2349 2349 2349 2659 2016 2016 2579 2541
    2541 2639 2639 2659 2090 2090 2078 2078 2078 2090 2116 2116 2116
    2129 2129 2129 2129 2143 2143 2143 2143 2143 2156 2170 2170 2184
    2184 2184 2184 2184 2198 2198 2212 2212 2212 2226 2226 2226 2226
    2241 2241 2241 2256 2256 2256 2271 2271 2286 2286 2286 2301 2301
    2317 2450 2450 2560 2560 2579 2579 2560 2560 2365 2365 2349 2349
    2349 2333 2333 2317 2317 2317 2317 2317 2333 2349 2349 2365 2349
    2349 2659 2659 2639 2618 2618 2618 2639 2659 2680 2680 2680 2701
    2659 2659 2116 2116 2767 2767 2129 2129 2129 2143 2143 2156 2170
    2170 2156 2156 2170 2184 2184 2184 2198 2198 2198 2198 2198 2212
    2226 2226 2241 2226 2226 2241 2241 2256 2256 2271 2271 2286 2286
    2286 2301 2301 2317 2317 2317 2333 2541 2541 2579 2598 2579 2579
    2579 2365 2349 2349 2349 2333 2333 2333 2333 2317 2317 2317 2317
    2317 2333 2349 2365 2365 2381 2541 2659 2659 2659 2659 2659 2680
    2680 2701 2701 2701 2701 2723 2723 2723 2723 2744 2767 2767 2789
    2789 2767 2767 2767 2184 2184 2812 2812 2835 2835 2859 2859 2198
    2198 2198 2198 2198 2198 2212 2226 2226 2241 2241 2241 2241 2256
    2256 2256 2271 2271 2286 2286 2286 2317 2317 2317 2317 2317 2333</data></Depth10416>
</opencv_storage>
