<?xml version="1.0"?>
<opencv_storage>
<Depth17503 type_id="opencv-matrix">
  <rows>16</rows>
  <cols>8</cols>
  <dt>w</dt>
  <data>
    5933 5933 5933 6038 6038 0 0 0 5734 5734 5734 5734 5734 5734 0 0
    5734 5734 5734 5734 5734 5734 5734 5832 5832 5832 5832 5832 5832
    5734 5734 5734 5734 5734 5734 5734 5734 5734 5734 5734 5734 5734
    5734 5734 5734 5734 5734 5832 5832 5832 5734 5734 5734 5832 5832
    5933 5832 5832 5734 5734 5734 5734 5832 5933 5933 5832 5734 5734
    5734 5734 5832 5933 5832 5832 5832 5832 5734 5734 5832 5933 5832
    5832 5832 5832 5734 5734 5832 5933 5734 5832 5832 5832 5832 5832
    5933 5933 5734 5832 5832 5933 5933 0 0 0 5734 5734 5832 5832 0 0 0 0
    5734 5734 5734 5734 0 0 0 0 5734 5734 5734 5734 5734 0 0 0</data></Depth17503>
</opencv_storage>
