<?xml version="1.0"?>
<opencv_storage>
<Depth16599 type_id="opencv-matrix">
  <rows>23</rows>
  <cols>49</cols>
  <dt>w</dt>
  <data>
    3010 3010 3010 2984 2984 2984 3468 3468 3468 3468 3539 3653 3732
    3774 3774 3774 3774 3774 3774 3774 3774 3732 3732 3732 3732 3732
    3732 3732 3774 3774 3774 3774 3774 3774 3774 3774 3774 3774 3816
    3816 3816 3816 3774 3732 3732 3732 3692 3692 3692 3010 3010 3010
    2984 2984 2958 2958 2958 3503 2908 2908 2908 2958 2958 2933 2933
    3732 3732 3774 3774 3774 3732 3732 3732 3732 3732 3692 3692 3732
    3732 3732 3732 3732 3774 3774 3816 3816 3816 3816 3816 3816 3816
    3774 3774 3774 3732 3692 3692 3692 3010 2958 2958 2958 2958 2958
    2933 2933 2908 2908 2908 2908 2958 2958 2933 2933 2958 2958 2958
    3774 3774 3774 3732 3732 3692 3653 3653 3653 3732 3732 3732 3732
    3732 3732 3774 3774 3774 3774 3774 3774 3774 3816 3816 3774 3774
    3732 3692 3692 3692 2933 2933 2958 2958 2958 2933 2933 2933 2908
    2908 2908 2908 2933 2933 2933 2933 2933 2933 2933 2933 2933 2933
    2958 2958 2984 3653 3653 2958 2958 2984 3732 3732 3692 3692 3732
    3732 3732 3732 3732 3732 3732 3732 3774 3774 3774 3732 3732 3732
    3732 2933 2933 2958 2933 2933 2933 2908 2908 2908 2908 2883 2883
    2908 2908 2908 2908 2933 2933 2933 2933 2933 2933 2933 2933 2958
    2933 2933 2958 2958 2958 2958 2958 2984 3692 3732 3732 3732 3692
    3692 3692 3692 3692 3732 3732 3774 3732 3732 3732 3732 2958 2958
    2933 2933 2933 2933 2908 2908 2908 2908 2883 2883 2908 2908 2883
    2883 2908 2908 2908 2933 2933 2933 2908 2908 2908 2908 2908 2933
    2933 2933 2933 2958 2958 2859 2859 3692 3692 3653 3653 3653 3653
    3692 3692 3732 3732 3732 3692 3692 3653 2958 2933 2933 2933 2933
    2933 2908 2908 2908 2908 2883 2883 2883 2883 2883 2883 2883 2883
    2908 2908 2908 2908 2883 2883 2883 2883 2908 2883 2883 2883 2883
    2908 2958 2859 2859 2883 2789 2789 2789 2812 2812 3614 3653 3653
    3653 3692 3653 3614 3614 2958 2933 2933 2933 2933 2933 2933 2933
    2908 2908 2883 2883 2883 2883 2859 2859 2883 2883 2908 2908 2883
    2883 2883 2883 2883 2883 2908 2883 2859 2859 2859 2883 2908 2883
    2883 2859 2789 2789 2789 2812 2812 3614 3614 3653 3653 3692 3614
    3614 3614 2984 2958 2958 2958 2933 2933 2933 2933 2933 2933 2908
    2908 2908 2908 2859 2859 2883 2883 2908 2883 2883 2883 2883 2883
    2883 2883 2883 2859 2859 2859 2859 2883 2883 2908 2883 2859 2859
    2859 2859 2835 2835 2859 2835 2835 2835 2859 2859 2859 2859 2984
    2958 2958 2958 2933 2933 2933 2933 2933 2933 2933 2933 2933 2908
    2883 2883 2883 2883 2908 2883 2883 2883 2908 2883 2883 2883 2883
    2859 2859 2859 2859 2883 2883 2908 2883 2883 2883 2883 2883 2883
    2859 2859 2835 2835 2835 2859 2859 2835 2835 0 2958 2958 2958 2958
    2958 2958 2933 2933 2933 2933 2933 2933 2933 2908 2908 2908 2908
    2908 2908 2883 2883 2883 2883 2883 2883 2883 2859 2859 2859 2859
    2883 2883 2883 2883 2859 2859 2859 2883 2859 2859 2835 2835 2859
    2859 2859 2859 2835 2835 0 2958 2958 2958 2933 2933 2933 2933 2958
    2933 2933 2933 2933 2933 2908 2908 2908 2908 2908 2908 2908 2883
    2883 2883 2883 2883 2883 2859 2859 2883 2883 2883 2883 2883 2859
    2859 2859 2859 2859 2859 2859 2835 2835 2859 2859 2859 2835 2812
    2789 0 0 0 2958 2933 2933 2933 2933 2958 2933 2933 2933 2933 2933
    2933 2933 2933 2908 2908 2908 2908 2908 2908 2908 2908 2908 2883
    2883 2883 2883 2883 2883 2883 2883 2859 2859 2859 2859 2859 2859
    2859 2835 2835 2835 2859 2859 2835 2812 2789 0 0 0 2859 2859 2859
    2859 2859 2883 2933 2908 2908 2859 2859 2933 2933 2933 2908 2908
    2908 2908 2908 2908 2908 2908 2908 2883 2883 2883 2883 2883 2883
    2883 2883 2883 2883 2859 2859 2859 2859 2859 2835 2835 2835 2859
    2859 2835 2789 2789 0 0 0 2835 2835 2859 2859 2859 2859 2883 2908
    2908 2859 2859 2933 2933 2933 2883 2883 2908 2908 2933 2933 2933
    2933 2908 2908 2883 2883 2883 2883 2883 2883 2883 2883 2883 2883
    2883 2883 2859 2859 2859 2835 2835 2859 2859 2835 2789 2789 0 0 0
    2835 2835 2835 2859 2859 2859 2883 2908 2933 2933 0 0 0 0 2883 2883
    2908 2908 2933 2933 2933 2933 2933 2908 2883 2883 2883 2883 2883
    2883 2883 2883 2883 2883 2883 2883 2859 2859 2859 2859 2859 2859
    2859 2835 2789 2789 0 0 0 0 2835 2835 0 0 0 0 0 0 0 0 0 0 0 0 0 0 0
    0 2933 2933 2933 2933 2908 2883 2883 2883 2883 2883 2883 2883 2883
    2883 2883 2883 2883 2883 2859 2859 2859 2859 2859 2859 2835 2789
    2789 0 0 0 0 0 0 0 0 0 0 0 0 0 0 0 0 0 0 0 0 0 0 0 2933 2933 2958
    2908 2883 2883 2883 2883 2883 2883 2883 2883 2859 2859 2859 2883
    2883 2883 2859 2859 2859 2859 2859 2835 2789 2789 0 0 0 0 0 0 0 0 0
    0 0 0 0 0 0 0 0 0 0 0 0 0 0 0 2883 2883 2908 2883 2859 2859 2859
    2859 2859 2883 2883 2859 2859 2859 2883 2859 2859 2859 2859 2859
    2835 2835 2835 2789 2789 0 0 0 0 0 0 0 0 0 0 0 0 0 0 0 0 0 0 0 0 0 0
    0 0 2883 2883 2933 2859 2859 2859 2859 2859 2859 2859 2859 2859 2859
    2859 2883 2859 2859 2859 2859 2859 2835 2835 2835 2789 2789 0 0 0 0
    0 0 0 0 0 0 0 0 0 0 0 0 0 0 0 0 0 0 0 0 0 0 0 2859 2859 2859 2859
    2859 0 2859 2859 2859 2859 2859 2859 2883 2883 0 2859 2859 2859 2859
    2859 2835 2835 0 0 0 0 0 0 0 0 0 0 0 0 0 0 0 0 0 0 0 0 0 0 0 0 0 0 0
    0 0 0 0 0 0 0 0 0 0 2859 2859 0 0 0 2859 2859 2859 2859 2859 2859
    2859 0 0 0 0 0 0 0 0 0 0 0 0 0 0 0 0 0 0 0 0 0 0 0 0 0 0 0 0 0 0 0 0
    0 0 0 0 0 0 0 0 0 0 0 2859 2859 2883 2859 2859 0</data></Depth16599>
</opencv_storage>
