<?xml version="1.0"?>
<opencv_storage>
<Depth8105 type_id="opencv-matrix">
  <rows>25</rows>
  <cols>33</cols>
  <dt>w</dt>
  <data>
    6146 6146 6146 6038 6038 6038 6038 6038 5933 5933 5933 5933 5832
    5832 5832 5832 5832 5734 3503 3503 3468 3468 3433 3433 3399 3399
    5832 5832 5640 5548 5460 5460 5548 6146 6146 6038 6038 6038 6038
    5933 5933 5933 5933 5933 5832 5832 5832 5832 3539 3503 3503 3468
    3468 3468 3468 3433 3433 3399 3399 3433 5734 5640 5548 5460 5460 0
    6146 6146 6038 5933 5933 6038 5933 5933 6038 5933 5933 5832 3333
    3333 3365 3399 3468 3468 3468 3468 3468 3433 3433 3433 3433 3433
    3433 3433 5548 5548 0 0 0 6146 6146 6038 5933 5933 6038 5933 5933
    3503 3503 3468 3433 3333 3333 3365 3399 3468 3468 3468 3433 3433
    3433 3433 3433 3399 3399 3399 3399 5548 5548 0 0 0 6146 6146 6038
    5933 5933 5832 3503 3468 3468 3468 3433 3433 3433 3433 3433 3433
    3468 3433 3433 3433 3433 3433 3433 3399 3399 3365 3365 3399 3399
    3399 3399 0 0 6146 6146 6038 5933 5933 3503 3503 3468 3468 3468 3433
    3433 3468 3433 3433 3468 3433 3433 3433 3433 3433 3433 3433 3399
    3365 3365 3365 3399 0 0 0 0 0 6146 6146 6146 3503 3503 3503 3503
    3468 3468 3468 3468 3468 3468 3468 3468 3468 3433 3433 3433 3433
    3433 3433 3433 3433 3365 3365 3365 3399 3399 0 0 0 0 3614 3576 3539
    3503 3503 3503 3468 3468 3468 3468 3468 3468 3468 3468 3468 3468
    3433 3433 3433 3433 3433 3433 3433 3433 3399 3365 3365 3365 3399
    3365 3365 0 0 3614 3576 3539 3503 3503 3503 3468 3468 3468 3468 3468
    3468 3468 3468 3468 3468 3433 3433 3433 3433 3433 3433 3433 3433
    3399 3365 3365 3365 3365 3365 3333 3300 3300 3576 3576 3576 3539
    3503 3503 3503 3503 3468 3468 3468 3433 3433 3433 3433 3433 3433
    3433 3433 3433 3433 3433 3433 3433 3399 3365 3365 3365 3365 3365
    3333 3300 3300 3539 3539 3539 3503 3503 3503 3468 3468 3468 3468
    3433 3433 3433 3433 3433 3433 3433 3433 3433 3433 3433 3433 3433
    3433 3399 3365 3365 3365 3365 3365 3333 3333 3333 3539 3539 3539
    3503 3503 3503 3468 3468 3468 3468 3433 3433 3433 3433 3433 3399
    3399 3399 3399 3399 3433 3399 3399 3399 3365 3365 3365 3365 3365
    3365 3333 3333 3333 3539 3503 3503 3503 3503 3503 3468 3468 3468
    3433 3433 3433 3433 3433 3433 3399 3399 3399 3399 3399 3433 3399
    3399 3399 3365 3365 3365 3365 3365 3365 3333 3333 3333 3539 3503
    3503 3503 3503 3503 3468 3468 3433 3433 3433 3433 3433 3433 3433
    3399 3399 3399 3399 3399 3399 3399 3365 3365 3365 3365 3365 3365
    3365 3365 3365 3333 3333 3576 3503 3503 3468 3468 3468 3468 3468
    3433 3433 3433 3433 3433 3433 3433 3433 3399 3399 3399 3399 3399
    3365 3365 3365 3365 3365 3365 3365 3365 3365 3333 3333 3300 3576
    3503 3503 3468 3468 3468 3468 3468 3433 3433 3433 3433 3433 3433
    3433 3433 3433 3399 3399 3399 3399 3365 3365 3365 3365 3365 3365
    3365 3365 3333 3300 3300 3300 5933 5933 3468 3468 3468 3468 3468
    3468 3433 3433 3433 3433 3433 3433 3399 3399 3433 3399 3399 3365
    3365 3365 3365 3333 3333 3365 3365 3365 3333 3269 3178 3178 5374
    5832 5933 3433 3433 3468 3468 3468 3468 3468 3433 3433 3433 3433
    3399 3399 3399 3399 3365 3365 3365 3365 3333 3333 3333 3333 3333
    3365 3365 3333 3269 3178 3178 5460 5832 5832 3433 3433 3468 3468
    3468 3468 3433 3433 3433 3433 3399 3399 3399 3399 3399 3365 3365
    3365 3365 3333 3333 3333 3333 3333 3365 3365 5548 5460 5460 5460
    5460 5832 5832 3468 3468 3468 3468 3468 3468 3433 3433 3433 3399
    3399 3399 3399 3365 3365 3365 3365 3365 3365 3333 3333 3333 3333
    3365 5640 5548 5548 5548 5548 5548 5548 5832 5832 3468 3468 3468
    3433 3433 3468 3433 3433 3433 3399 3399 3399 3399 3365 3365 3333
    3333 3399 3365 3333 3333 3333 5640 5640 5548 5548 5548 5548 5548
    5548 5548 5832 5832 5832 3468 3468 3433 3433 3433 3433 3433 3399
    3399 3399 3399 3399 3365 3333 3333 3333 3399 3365 3365 5640 5640
    5640 5640 5548 5548 5548 5548 5548 5548 5548 5832 5832 5832 5832
    5832 3433 3433 3433 3433 3399 3365 3365 3333 3333 3333 3365 3333
    3333 3365 5548 5548 5548 5640 5640 5640 5548 5548 5548 5548 5548
    5548 5548 5548 5832 5832 5832 5832 5832 3433 3399 3399 3399 3399
    3333 3300 3300 3333 3333 3399 3333 3333 5548 5548 5548 5548 5640
    5640 5640 5548 5548 5548 5548 5548 5548 5548 5460 5832 5832 5734
    5734 5832 5832 3399 3399 3365 3365 3333 3300 3300 5460 5548 5548
    5548 5548 5548 5548 5548 5548 5548 5548 5548 5548 5548 5548 5548
    5548 5548 5548 5460</data></Depth8105>
</opencv_storage>
