<?xml version="1.0"?>
<opencv_storage>
<Depth19566 type_id="opencv-matrix">
  <rows>21</rows>
  <cols>12</cols>
  <dt>w</dt>
  <data>
    1404 1404 5933 5933 4405 4295 4295 4241 4241 4241 4295 4349 1404
    5933 5933 5933 4405 4349 4349 4295 4295 4295 4295 4349 5933 5933
    5933 4405 4405 4349 4349 4349 4349 4349 4349 4349 5933 4405 4405
    4405 4405 4405 4405 4405 4405 4405 4405 4405 6038 4405 4405 4405
    4405 4405 4405 4405 4463 4405 4405 4463 6146 4405 4405 4405 4463
    4463 4463 4463 4463 4463 4463 4463 6622 4463 4463 4463 4463 4463
    4463 4522 4582 4463 4463 4463 6753 4582 4463 4463 4463 4522 4522
    4522 4582 4463 4463 0 4645 4582 4522 4522 4522 4522 4522 4582 4582
    4582 4582 0 4645 4645 4582 4522 4522 4582 4582 4582 4582 4582 4582
    4911 4708 4645 4582 4582 4582 4582 4582 4582 4582 4582 4911 4911
    4645 4582 4582 4582 4582 4582 4582 4582 4582 0 0 0 4645 4582 4582
    4582 4582 4582 4645 4708 0 0 0 0 4708 4645 4645 4645 4645 4645 4708
    4911 4911 0 0 0 4708 4645 4645 4708 4708 4708 4774 4842 4842 0 0 0
    4708 4645 4645 4708 4708 4708 4774 4842 4842 0 0 0 4842 4842 4774
    4774 4774 4774 4842 4911 4911 0 0 0 4842 4842 4842 4842 4842 4842
    4842 4911 0 0 0 0 4911 4911 4911 4911 4911 4911 4911 4911 0 0 0 0
    4911 4911 4911 4911 4911 4911 4911 0 0 0 0 0 4911 4911 4911 4983
    4983 4983 0 0 0 0 0 0</data></Depth19566>
</opencv_storage>
