<?xml version="1.0"?>
<opencv_storage>
<Depth8573 type_id="opencv-matrix">
  <rows>43</rows>
  <cols>24</cols>
  <dt>w</dt>
  <data>
    5291 5291 5291 5210 5210 5210 5210 5210 5210 5132 5132 5132 5132
    3010 2984 2984 2984 2984 3010 4983 4983 4911 4911 4911 5291 5291
    5291 5210 5210 5210 5210 5210 5210 5210 5132 5132 2984 2958 2958
    2958 2958 2958 2984 3010 3037 3037 4911 4911 5291 5291 5291 5210
    5210 5210 5132 5132 5132 5132 5132 5210 2958 2958 2933 2933 2933
    2933 2958 2958 2984 3010 4911 4911 5291 5291 5291 5210 5210 5210
    5132 5132 5132 5056 5056 3037 2958 2933 2933 2933 2933 2933 2933
    2933 2933 2933 2933 2883 5291 5291 5291 5210 5210 5210 5056 5056
    5056 4983 4983 3037 2958 2933 2908 2908 2908 2908 2908 2908 2908
    2883 2883 2883 5291 5291 5291 5210 5210 5210 5056 5056 4983 4983
    3092 2984 2958 2933 2908 2908 2908 2908 2908 2883 2883 2883 2883
    2883 5291 5291 5291 5210 5210 5210 5056 5056 4983 3120 3092 2958
    2933 2908 2908 2883 2883 2883 2908 2883 2883 2883 2883 2883 5291
    5291 5291 5291 5291 5210 5056 5056 4983 3120 3064 2958 2933 2908
    2883 2883 2883 2883 2908 2908 2883 2883 2883 2883 5291 5291 5291
    5210 5210 5210 5132 5056 4983 4983 3037 2933 2908 2908 2883 2883
    2908 2908 2883 2883 2883 2883 2883 2908 5291 5291 5210 5210 5210
    5210 5132 5132 5132 5132 2958 2908 2908 2908 2883 2883 2908 2908
    2883 2883 2883 2859 2859 2908 5291 5291 5210 5210 5210 5210 5210
    5132 5132 5132 2958 2908 2908 2908 2908 2908 2908 2908 2883 2883
    2883 2859 2859 4911 5210 5291 5291 5291 5210 5210 5210 5132 5132
    5132 2958 2908 2883 2883 2908 2908 2908 2908 2908 2908 2883 2883
    2883 4911 5210 5291 5291 5210 5210 5210 5132 5056 5056 3010 2933
    2908 2883 2883 2908 2908 2908 2908 2908 2908 2908 2908 4911 4911
    5291 5210 5210 5210 5210 5210 5132 3149 3037 2933 2933 2908 2883
    2883 2908 2908 2908 2908 2908 2908 2908 2908 4911 4911 5291 5210
    5210 5210 5210 5210 3149 3120 3037 2933 2933 2908 2908 2908 2908
    2908 2908 2908 2908 2908 2908 2933 4842 4842 5291 5210 5210 5210
    5210 5210 3120 3120 3092 2933 2933 2933 2933 2933 2933 2933 2908
    2908 2908 2908 2908 2933 4842 4842 5291 5291 5291 5210 5210 3092
    3092 3120 2958 2933 2908 2908 2933 2933 2933 2933 2908 2908 2908
    2908 2908 4911 4911 4842 5291 5291 5291 5210 5210 3092 3092 3092
    2933 2933 2908 2908 2933 2933 2933 2933 2908 2908 2908 2908 4842
    4842 4911 4842 5291 5291 5210 5210 5210 5056 3092 3064 2933 2933
    2908 2908 2933 2933 2933 2933 2908 2908 2908 2908 4842 4842 4911
    4842 5291 5291 5210 5210 5132 3120 3092 3064 2933 2933 2933 2933
    2933 2908 2908 2908 2908 2908 2908 2908 4911 4911 4911 4842 5291
    5291 5210 5210 3120 3120 3092 2958 2933 2933 2933 2933 2933 2908
    2908 2908 2908 2908 2933 2933 4842 4911 4911 4842 5291 5291 5210
    5210 3120 3092 3064 2958 2933 2933 2933 2933 2933 2933 2933 2933
    2933 2933 2933 4842 4842 4911 4911 4911 5291 5291 5210 5210 3092
    3092 3037 2958 2933 2933 2958 2933 2933 2933 2933 2933 2933 2933
    2958 4911 4911 4911 4911 4911 5291 5210 3149 3120 3092 3064 2958
    2933 2933 2933 2958 2933 2933 2933 2933 2933 2933 2933 4911 4911
    4911 4911 4911 4911 5291 5210 3120 3092 3064 3037 2958 2933 2933
    2933 2958 2958 2958 2933 2933 2933 2933 2933 4983 4983 4983 4983
    4983 4911 5291 5291 3120 3037 3037 3010 2958 2933 2933 2933 2958
    2958 2958 2933 2933 2933 2933 2933 4983 4983 4983 4983 4983 4911
    5291 5291 5291 3037 3037 3010 2958 2958 2933 2933 2958 2933 2933
    2933 2933 2933 2933 2933 4983 4983 4983 4983 4983 4911 5291 5291
    3064 3010 3010 2984 2984 2958 2958 2958 2958 2933 2933 2933 2933
    2933 2933 4983 4983 4983 4983 4983 4983 4911 5291 5291 3064 3010
    2984 2984 2984 2984 2984 2958 2958 2958 2958 2933 2933 2933 4983
    4983 4983 4983 4983 4911 4911 4983 5291 5291 3120 3010 2984 2984
    2984 2984 2984 2958 2958 2958 2958 2933 2933 2933 4983 4983 4983
    4983 4983 4911 4911 4983 5291 5210 3120 3010 3010 2984 2984 2984
    2984 2958 2958 2958 2958 2933 2933 2933 4983 4983 4983 4983 4983
    4983 4983 4983 5291 5210 3120 3037 3037 3010 3010 2984 2984 2958
    2958 2958 2958 2958 2958 5056 5056 5056 4983 4983 4983 4983 4983
    4911 3149 3149 3120 3092 3037 3010 3010 3010 3010 2984 2984 2984
    2958 2958 2958 4983 5056 5056 4983 4983 4983 4983 4983 4911 3149
    3149 3120 3092 3064 3037 3010 3010 3010 2984 2984 2984 2958 2958
    4983 4983 4983 4983 4983 4983 4983 4983 4983 4911 3149 3149 3120
    3092 3092 3064 3037 3037 3010 3010 2984 2984 2984 5210 5056 4983
    4983 4983 4983 4983 4983 4983 4983 4983 3120 3120 3092 3092 3092
    3092 3092 3064 3037 3010 2984 2984 5210 5210 5132 5056 5056 5056
    4983 4983 4983 4983 4983 4983 3120 3092 3092 3064 3064 3092 3092
    3064 3037 3010 3010 5210 5210 5210 5132 5056 5056 5056 4983 4983
    4983 4983 4983 4911 3092 3064 3064 3064 3064 3092 3092 3064 3037
    3037 3037 5210 5210 5210 5132 5132 5056 5056 4983 4983 4983 4983
    4911 4911 3064 3064 3064 3064 3064 3092 3092 3064 3037 3037 3037
    5210 5210 5210 5132 5132 5056 5056 4983 4983 4983 4983 4911 4911
    3064 3064 3064 3064 3064 3092 3092 3064 3064 3037 3037 5132 5132
    5132 5132 5132 5056 5056 4983 4983 4983 4983 4911 4911 3064 3064
    3064 3064 3092 3092 3092 3064 3064 3037 3037 5132 5132 5132 5056
    5056 4983 4983 4983 4983 4983 4983 4911 4911 3064 3064 3064 3064
    3064 3064 3064 3064 3064 3037 3037 4983 4983 5056 4983 4983 4983
    4983 4983 4983 4983 4983 4983 4911 0 3092 3064 3064 3064 3064 3064
    3064 3064 3037 3037 4983 4983 5056 4983 4983 4983 4983 4983 4983
    4983 4983 4983 4911</data></Depth8573>
</opencv_storage>
