<?xml version="1.0"?>
<opencv_storage>
<Depth16414 type_id="opencv-matrix">
  <rows>99</rows>
  <cols>60</cols>
  <dt>w</dt>
  <data>
    2170 2170 2170 2156 2156 2156 2156 2156 2156 2432 2415 2415 2432
    2415 1094 1090 1090 1090 1090 1090 1090 2467 2467 2467 2467 2485
    2485 2485 2503 2522 2541 2560 2579 2701 2767 2767 2767 2767 2767
    2767 2767 2744 2744 4139 4139 4089 4089 4089 4139 4139 4190 4190
    4190 4190 4190 4190 4241 4241 4241 4241 2170 2170 2170 2156 2156
    2143 2129 2129 2143 2450 2432 2432 2432 1094 1090 1090 1087 1087
    1087 1087 1094 1094 2485 2485 2485 2485 2485 1115 1115 1115 2541
    2560 2579 2767 2767 2767 2767 2767 2767 2767 2744 2744 2744 4139
    4139 4089 4089 4089 4139 4139 4190 4190 4190 4190 4241 4241 4241
    4241 4241 4241 2156 2170 2170 2156 2156 2143 2129 2129 2143 2467
    2450 2450 1094 1094 1090 1090 1087 1087 1087 1087 1094 1101 1101
    1101 1101 1105 1105 1108 1108 1115 1123 2560 2560 2767 2767 2767
    2767 2767 2767 2767 2744 2744 2744 2767 4139 4139 4089 4089 4139
    4139 4190 4190 4190 4190 4190 4190 4241 4241 4241 4241 2156 2170
    2156 2156 2143 2116 2116 2116 2116 2467 1090 1090 1090 1090 1090
    1087 1087 1087 1087 1087 1094 1097 1097 1097 1101 1101 1094 1094
    1097 1097 1097 1097 1097 1097 2789 2767 2767 2767 2767 2767 2767
    2744 2744 2767 4139 4139 4139 4139 4139 4139 4190 4190 4190 4190
    4190 4190 4190 4241 4241 4241 2450 2170 2156 2156 2143 2116 2116
    2116 2116 1090 1090 1090 1090 1090 1087 1087 1084 1084 1087 1087
    1094 1094 1094 1094 1094 1094 1090 1090 1090 1090 1090 1094 1090
    1090 1090 1080 1080 2767 2767 2767 2744 2744 2744 2767 4139 4139
    4139 4139 4139 4139 4190 4190 4190 4190 4190 4190 4190 4241 4241
    4241 2450 2450 2432 2432 2432 2116 2116 2116 1097 1097 1090 1090
    1090 1087 1084 1084 1084 1084 1084 1094 1090 1090 1090 1090 1090
    1090 1087 1087 1087 1090 1090 1090 1090 1080 1080 1077 1077 1077
    1038 2744 2744 2744 2744 2767 4139 4139 4139 4139 4139 4190 4190
    4190 4190 4190 4190 4190 4190 4241 4241 4241 2450 2450 2432 2415
    2415 2415 2415 2415 1094 1094 1090 1090 1087 1080 1077 1077 1084
    1084 1044 1044 1038 1028 1025 1019 1013 1010 1010 1087 1087 1090
    1090 1090 1090 1067 1067 1070 1067 1057 1038 1031 1031 1031 4190
    4190 4139 4139 4139 4139 4139 4190 4190 4190 4190 4190 4190 4241
    4241 4241 4241 4241 2432 2432 2415 2415 2398 2398 2398 0 1094 1094
    1090 1090 1084 1077 1060 1050 1034 1034 1028 1028 1038 1022 1013
    1010 1007 1004 1004 1013 1013 967 962 962 1067 1067 1067 1067 1031
    1031 1031 1025 1022 1016 1016 1016 995 4190 4190 4190 4190 4190 4139
    4139 935 935 4190 4190 4190 4241 4241 4241 2432 2432 2415 2415 2398
    2398 2398 0 1097 1097 1097 1090 1084 1073 1057 1044 1031 1022 1019
    1013 1010 1010 1007 1001 1001 989 978 973 967 967 962 962 962 1010
    1010 1013 1013 1016 1019 1019 1016 1010 1004 995 995 998 1001 4190
    4190 4190 4139 933 933 933 933 935 4190 4241 4241 4241 2432 2432
    2415 2415 2398 2398 2398 0 1101 1101 1097 1090 1080 1063 1054 1044
    1031 1022 1016 1010 1007 998 995 995 987 984 975 970 964 962 959 956
    956 1010 1010 1010 1010 978 978 981 984 989 987 987 989 989 1001
    1001 964 935 935 933 933 933 933 935 4241 4295 4295 4295 2450 2432
    2432 2415 2398 2398 2398 0 1097 1097 1094 1090 1080 1063 1050 1044
    1028 1019 1013 1010 1001 995 995 964 964 978 970 967 964 962 956 956
    956 956 1010 1010 975 975 975 981 981 978 975 975 978 973 970 967
    964 964 933 930 930 930 930 933 4241 4349 4349 4349 2450 2432 2432
    2415 2415 2415 2415 0 1094 1094 1090 1084 1077 1063 1047 1041 1028
    1019 1013 1007 989 970 964 962 962 962 962 967 959 959 956 956 956
    956 975 975 975 975 975 975 975 970 970 967 967 967 967 964 962 959
    930 930 930 928 928 928 928 930 930 0 2450 2432 2432 2415 2415 2415
    2415 1097 1094 1094 1090 1084 1077 1057 1047 1041 1028 1019 1013
    1007 987 970 964 962 959 956 956 956 959 959 959 959 896 896 896 896
    898 898 898 901 906 959 959 959 959 959 959 956 954 948 930 928 928
    928 928 928 928 930 930 930 2432 2432 2432 2415 2415 2415 2415 1097
    1097 1094 1090 1084 1077 1057 1047 1041 1028 1019 1010 1007 987 970
    964 956 956 954 954 954 954 908 903 898 896 896 896 896 898 898 898
    898 901 906 906 956 954 954 956 954 948 943 930 928 928 925 925 925
    928 928 930 930 2432 2432 2432 2415 2415 2415 2415 1097 1097 1094
    1090 1084 1063 1054 1047 1038 1028 1016 1010 1004 987 987 964 956
    954 951 943 930 910 906 901 898 896 896 896 896 896 898 898 898 898
    901 903 906 906 906 954 948 946 930 928 925 925 923 923 923 925 928
    928 930 2432 2415 2415 2415 2415 2415 2415 1101 1097 1094 1090 1077
    1063 1054 1047 1038 1028 1016 1010 992 987 987 962 956 954 951 940
    910 908 906 901 898 896 896 896 896 896 898 898 898 898 901 903 906
    906 906 908 913 915 915 918 920 923 923 923 923 925 925 928 928 2432
    2415 2415 2415 2415 2415 2415 1101 1101 1097 1087 1077 1063 1054
    1047 1038 1025 1013 1007 992 987 987 959 956 954 946 940 910 908 903
    898 896 896 896 896 896 896 898 898 898 898 901 906 906 906 908 908
    913 915 915 918 918 923 923 923 923 925 925 928 928 2432 2432 2432
    2450 2450 2450 2450 1105 1097 1094 1087 1077 1060 1050 1044 1034
    1025 1013 1007 1001 987 964 959 956 954 946 935 920 908 903 898 896
    896 896 896 896 896 898 898 898 901 903 906 908 908 908 910 913 915
    915 918 918 920 923 923 925 925 925 928 930 2432 2432 2432 2450 2450
    2450 2450 1101 1094 1090 1087 1077 1060 1050 1044 1031 1022 1013
    1007 992 987 962 956 954 951 943 935 920 913 906 901 898 896 896 896
    896 896 898 898 898 901 903 906 908 908 908 910 913 915 915 918 918
    920 923 925 925 925 928 928 928 2450 2432 2432 2415 2415 2415 1101
    1101 1094 1090 1087 1077 1057 1047 1041 1031 1022 1013 1004 992 984
    962 956 954 948 940 935 920 915 908 901 896 896 896 896 896 898 898
    898 901 903 906 906 908 908 910 910 913 915 918 918 918 923 923 925
    925 925 928 928 928 2432 2432 2415 2415 2415 2415 1101 1101 1094
    1090 1087 1077 1057 1047 1041 1031 1019 1010 1004 989 984 967 956
    954 946 940 925 920 915 908 898 896 896 896 896 896 898 898 901 903
    906 906 906 908 908 910 913 915 915 918 918 920 923 923 925 925 928
    928 928 928 2432 2432 2415 2415 2415 2415 1105 1105 1097 1090 1084
    1077 1057 1047 1041 1031 1019 1010 1004 989 984 967 962 951 946 940
    925 915 915 901 898 896 896 896 896 896 898 898 901 903 903 906 906
    908 908 910 913 915 915 918 918 920 923 923 925 925 928 928 928 928
    2432 2432 2415 2415 2415 0 1105 1105 1097 1090 1084 1077 1057 1047
    1041 1031 1019 1010 1004 989 987 964 959 951 946 940 923 915 913 901
    898 896 896 896 896 898 898 898 901 903 903 906 906 908 910 910 913
    915 915 918 918 920 923 923 925 928 928 928 930 930 2432 2415 2415
    2415 2415 2398 1105 1105 1097 1090 1084 1063 1060 1047 1038 1028
    1019 1010 1004 987 987 962 956 951 946 940 920 913 910 901 898 896
    896 896 898 898 898 901 903 903 903 906 906 908 910 910 915 915 915
    918 918 920 920 923 925 928 928 930 930 930 2432 2415 2415 2398 2398
    2398 1105 1105 1097 1087 1080 1063 1060 1047 1038 1025 1019 1010
    1004 987 970 962 956 951 943 940 920 913 910 903 898 896 896 896 898
    898 898 901 903 903 906 906 908 908 910 910 915 918 918 918 918 920
    920 923 925 928 928 930 930 930 2432 2415 2415 2398 2398 2398 0 1097
    1097 1087 1080 1063 1060 1047 1038 1025 1019 1010 989 987 970 962
    956 951 943 930 920 913 910 903 898 896 896 896 898 898 898 901 903
    906 906 908 908 908 910 910 915 918 918 918 918 920 923 923 925 928
    928 928 928 928 2432 2415 2415 2398 2398 2398 0 1094 1094 1087 1080
    1063 1050 1047 1038 1028 1013 1010 989 984 967 962 956 951 943 930
    920 913 910 903 898 896 896 896 898 898 901 901 903 906 906 908 908
    908 910 913 915 918 918 918 920 923 925 925 925 928 928 928 928 928
    2432 2415 2415 2415 2415 2415 0 1097 1094 1087 1080 1063 1050 1047
