<?xml version="1.0"?>
<opencv_storage>
<Depth13616 type_id="opencv-matrix">
  <rows>17</rows>
  <cols>12</cols>
  <dt>w</dt>
  <data>
    5933 5933 3859 3859 3859 3859 3859 3859 3903 3903 3948 3903 5832
    3859 3859 3859 3859 3816 3816 3816 3859 3859 3903 3859 5291 3859
    3859 3816 3816 3816 3816 3816 3816 3816 3859 3859 5291 5291 3859
    3816 3816 3774 3774 3774 3774 3774 3816 3859 5210 5210 5210 3816
    3816 3774 3692 3692 3692 3692 3816 3816 5210 5210 5210 3653 3653
    3816 3653 3653 3653 3653 3692 3692 5210 3614 3614 3614 3614 3614
    3614 3614 3653 3614 3614 3692 5210 3614 3576 3539 3539 3539 3576
    3576 3576 3576 3576 3576 5132 3576 3539 3539 3468 3468 3503 3539
    3576 3539 3539 3539 5132 3539 3539 3503 3468 3468 3503 3503 3539
    3539 3539 3539 5132 3503 3503 3468 3468 3468 3503 3503 3503 3503
    3503 3503 5132 3433 3433 3468 3468 3468 3468 3503 3468 3468 3468
    3468 3399 3399 3399 3433 3433 3365 3433 3433 3433 3433 3468 3468
    3365 3365 3399 3433 3433 3365 3365 3365 3399 3399 3468 3433 3365
    3365 3399 3399 3399 3333 3333 3333 3365 3399 3433 3433 3333 3333
    3365 3399 3399 3333 3300 3300 3300 3333 3399 3468 3333 3333 3365
    3365 0 3269 3269 3300 3300 3300 3365 0</data></Depth13616>
</opencv_storage>
