<?xml version="1.0"?>
<opencv_storage>
<Depth19575 type_id="opencv-matrix">
  <rows>43</rows>
  <cols>42</cols>
  <dt>w</dt>
  <data>
    3774 3774 3774 3774 3774 3774 3732 3732 3692 3692 1410 1398 1398
    1404 1398 1398 1398 1398 3859 3816 3816 3816 3816 3859 3859 3859
    3859 3816 3816 3816 3816 3859 3859 3859 3859 3859 3859 3859 3859
    3859 3859 3859 3774 3774 3774 3774 3774 3774 3732 3732 3692 1398
    1398 1398 1398 1398 1392 1392 1392 1392 1398 1398 1398 3816 3816
    3816 3859 3816 3816 3816 3816 3816 3816 3859 3859 3859 3859 3859
    3859 3859 3859 3859 3859 3859 3774 3774 3774 3774 3774 3774 3774
    3774 1398 1398 1398 1381 1381 1392 1392 1392 1381 1381 1387 1387
    1387 1392 1398 1398 1398 3816 3816 3816 3816 3816 3816 3859 3859
    3859 3859 3859 3859 3859 3859 3903 3859 3859 3774 3732 3732 3732
    3732 3732 3732 0 1376 1365 1365 1365 1365 1365 1387 1387 1381 1381
    1381 1381 1387 1387 1392 1392 1387 1387 1387 1387 3859 3859 3859
    3859 3859 3859 3859 3859 3859 3859 3859 3903 3859 3859 3774 3732
    3692 3692 3692 3692 0 1381 1376 1376 1359 1354 1349 1343 1343 1349
    1354 1354 1376 1376 1376 1376 1376 1376 1381 1370 1365 1359 1359
    1359 3903 3859 3859 3859 3859 3859 3859 3859 3903 3903 3903 3859
    3732 3732 3692 3692 3692 3692 1398 1381 1381 1376 1359 1349 1349
    1333 1328 1307 1307 1312 1312 1312 1317 1317 1328 1333 1333 1338
    1349 1349 1349 1349 1349 3859 3816 3816 3816 3859 3859 3859 3903
    3903 3903 3859 3732 3732 3692 3692 3692 3692 1398 1398 1381 1376
    1359 1343 1333 1322 1322 1302 1292 1292 1297 1302 1302 1312 1328
    1322 1322 1322 1333 1333 1338 1333 1333 1333 3816 3816 3816 3859
    3859 3859 3903 3903 3903 3859 3774 3732 3692 3692 3692 0 1398 1398
    1381 1376 1365 1343 1317 1292 1283 1278 1273 1273 1288 1278 1241
    1241 1241 1317 1317 1322 1328 1328 1322 1317 1317 1317 3816 3816
    3816 3859 3859 3859 3903 3903 3903 3859 3774 3774 3816 3816 3816 0
    1415 1398 1387 1370 1359 1343 1317 1288 1273 1264 1259 1255 1255
    1255 1241 1236 1236 1317 1317 1259 1259 1259 1288 1288 1317 1317
    1245 3859 3859 1264 1264 3859 3903 3903 3903 3903 3692 3692 3692
    3692 0 1415 1415 1398 1376 1359 1349 1333 1317 1288 1259 1255 1250
    1236 1232 1232 1241 1197 1197 1197 1259 1259 1255 1232 1232 1236
    1236 1236 1245 1259 1259 1264 1264 1202 1202 3903 3948 3903 3692
    3692 3692 3692 0 1415 1415 1398 1376 1354 1343 1328 1292 1273 1259
    1250 1236 1223 1219 1202 1197 1193 1193 1197 1197 1206 1214 1232
    1232 1236 1236 1236 1245 1255 1250 1250 1197 1197 1193 1193 1193
    3948 3692 3692 3692 3692 0 1410 1410 1398 1370 1354 1338 1322 1283
    1273 1259 1241 1232 1219 1214 1197 1193 1189 1189 1193 1193 1197
    1202 1206 1223 1227 1232 1236 1236 1236 1223 1206 1197 1197 1185
    1185 1185 1185 3692 3692 3692 0 1410 1398 1398 1381 1370 1354 1333
    1312 1283 1273 1250 1236 1232 1219 1210 1189 1189 1189 1189 1193
    1193 1193 1197 1197 1206 1219 1223 1232 1227 1227 1214 1206 1202
    1197 1185 1185 1185 0 3732 3732 3732 0 0 1410 1398 1381 1370 1354
    1328 1312 1283 1273 1250 1236 1227 1214 1206 1189 1189 1189 1189
    1189 1189 1189 1189 1193 1197 1197 1197 1202 1202 1206 1206 1202
    1197 1189 1185 1185 1185 1185 3774 3774 3774 0 1410 1410 1392 1376
    1365 1349 1328 1307 1283 1273 1250 1232 1223 1214 1206 1189 1189
    1189 1189 1189 1189 1189 1185 1185 1189 1185 1185 1185 1185 1185
    1193 1197 1193 1189 1185 1185 1185 1185 3774 3774 3774 1410 1410
    1404 1392 1376 1365 1349 1322 1292 1283 1268 1255 1232 1219 1210
    1202 1189 1185 1185 1189 1189 1189 1189 1185 1185 1185 1185 1185
    1185 1185 1185 1185 1185 1189 1189 1185 1185 1185 1185 3774 3774 0
    1410 1410 1398 1392 1376 1359 1343 1322 1292 1283 1268 1255 1227
    1219 1206 1202 1189 1185 1185 1189 1189 1189 1189 1185 1185 1185
    1185 1185 1185 1185 1185 1185 1185 1185 1185 1185 1185 1181 1181
    3816 3732 0 1404 1404 1398 1392 1370 1354 1343 1312 1292 1278 1264
    1250 1223 1214 1206 1189 1189 1185 1185 1189 1189 1189 1185 1185
    1185 1185 1185 1185 1185 1185 1185 1185 1185 1185 1185 1185 1185
    1181 1181 3732 3732 1404 1404 1404 1398 1392 1370 1354 1338 1312
    1288 1268 1259 1250 1214 1210 1202 1189 1185 1185 1185 1189 1185
    1185 1185 1185 1185 1185 1185 1185 1185 1185 1185 1185 1185 1185
    1185 1185 1185 1185 1185 3732 0 1404 1404 1398 1392 1381 1365 1349
    1333 1312 1288 1264 1255 1241 1214 1210 1189 1185 1185 1185 1185
    1185 1185 1185 1185 1185 1185 1185 1185 1185 1185 1185 1181 1181
    1181 1181 1181 1185 1185 1185 1189 3732 0 1404 1404 1398 1392 1381
    1359 1343 1333 1312 1283 1259 1250 1232 1214 1206 1189 1185 1185
    1185 1185 1185 1185 1185 1185 1185 1185 1181 1181 1181 1185 1185
    1181 1181 1181 1181 1181 1181 1181 1185 1197 3692 0 0 1398 1392 1381
    1376 1359 1343 1328 1312 1278 1255 1241 1227 1210 1202 1185 1185
    1185 1185 1185 1185 1185 1185 1185 1185 1185 1181 1181 1181 1185
    1185 1185 1185 1181 1181 1181 1181 1181 1181 1181 3692 0 1398 1398
    1387 1381 1376 1359 1343 1317 1292 1259 1250 1241 1227 1210 1189
    1185 1185 1185 1185 1185 1185 1185 1185 1185 1185 1185 1185 1185
    1185 1185 1185 1185 1185 1185 1181 1181 1181 1181 1181 1181 3692
    3692 1381 1381 1381 1381 1376 1365 1338 1312 1288 1259 1250 1236
    1223 1210 1189 1185 1185 1185 1185 1185 1185 1185 1185 1185 1185
    1185 1181 1181 1181 1185 1185 1185 1185 1185 1185 1185 1181 1181
    1181 1181 3692 0 0 1381 1381 1376 1370 1359 1333 1292 1283 1259 1250
    1236 1219 1206 1185 1185 1185 1185 1185 1185 1185 1185 1185 1185
    1185 1185 1181 1181 1181 1181 1181 1185 1185 1185 1185 1185 1181
    1181 1181 1181 3692 0 0 1381 1381 1370 1365 1349 1322 1292 1283 1264
    1245 1236 1219 1197 1185 1185 1185 1181 1181 1185 1185 1181 1181
    1181 1181 1185 1181 1181 1181 1181 1181 1185 1181 1181 1185 1185
    1185 1181 1177 1177 3732 1398 1398 1376 1376 1365 1354 1343 1317
    1288 1283 1268 1241 1227 1210 1197 1185 1185 1185 1181 1181 1185
    1185 1181 1181 1181 1181 1181 1181 1181 1181 1181 1181 1181 1181
    1181 1181 1181 1181 1181 1177 1177 3732 1398 1398 1387 1376 1365
    1354 1333 1312 1288 1278 1264 1241 1227 1210 1189 1185 1181 1181
    1181 1181 1185 1181 1181 1181 1181 1181 1181 1181 1181 1181 1181
    1181 1181 1181 1181 1181 1181 1181 1181 1181 1181 3653 1398 1398
    1376 1376 1359 1354 1333 1312 1288 1278 1250 1236 1223 1206 1185
    1181 1181 1181 1185 1185 1185 1181 1181 1181 1181 1181 1181 1181
    1181 1181 1181 1181 1181 1181 1181 1181 1181 1181 1181 1181 1181
    3653 1392 1392 1376 1376 1359 1349 1322 1288 1273 1264 1250 1236
    1219 1189 1185 1181 1181 1181 1181 1181 1181 1181 1181 1181 1181
    1181 1181 1181 1181 1181 1181 1181 1181 1181 1181 1181 1181 1181
    1181 1181 1181 0 1392 1392 1381 1370 1359 1343 1317 1283 1273 1255
    1236 1223 1214 1185 1181 1181 1181 1181 1181 1181 1181 1181 1181
    1181 1181 1181 1181 1181 1181 1181 1181 1181 1181 1181 1181 1181
    1181 1181 1181 0 1181 1392 1392 1387 1381 1370 1354 1333 1312 1283
    1268 1255 1232 1219 1210 1185 1181 1181 1181 1181 1181 1181 1181
    1181 1181 1181 1181 1181 1181 1181 1181 1181 1181 1181 1181 1181
    1181 1181 1181 1181 1181 0 0 1392 1392 1387 1376 1359 1349 1333 1312
    1288 1268 1250 1227 1219 1206 1185 1181 1181 1181 1181 1181 1181
    1181 1181 1181 1181 1181 1181 1181 1181 1181 1181 1181 1181 1181
    1177 1177 1177 1177 1181 1181 0 0 1398 1398 1376 1370 1354 1343 1328
    1292 1288 1268 1241 1227 1219 1206 1185 1185 1181 1181 1181 1181
    1181 1181 1181 1181 1181 1181 1181 1181 1181 1181 1181 1181 1181
    1181 1177 1177 1177 1177 1177 1177 1177 0 1392 1392 1376 1365 1354
    1338 1328 1288 1283 1259 1236 1227 1219 1202 1185 1181 1181 1181
    1181 1181 1181 1181 1181 1177 1177 1177 1177 1181 1181 1181 1181
    1181 1181 1177 1177 1177 1177 1177 1177 1177 1177 0 1392 1392 1376
    1365 1354 1338 1328 1288 1278 1255 1236 1227 1214 1189 1185 1181
    1181 1181 1181 1181 1181 1181 1181 1177 1177 1177 1177 1177 1181
