<?xml version="1.0"?>
<opencv_storage>
<Depth1930 type_id="opencv-matrix">
  <rows>53</rows>
  <cols>34</cols>
  <dt>w</dt>
  <data>
    4349 4405 1883 1883 1883 1873 1853 1853 1843 1843 1843 4463 4463
    4463 4463 1853 1853 1853 1853 4463 4463 4463 4405 4405 4708 1915
    1915 4522 4522 4522 4645 4582 4522 4522 4349 1894 1883 1883 1883
    1873 1853 1853 1843 1833 1823 1823 1833 1833 1843 1853 1853 1853
    1853 1853 1853 1883 1883 1894 1904 1904 1915 1915 1926 1926 1947
    1959 4522 4522 4405 1894 1883 1883 1883 1853 1853 1843 1843 1833
    1823 1823 1823 1823 1833 1843 1853 1853 1853 1853 1853 1883 1883
    1894 1894 1894 1904 1915 1926 1926 1947 1959 1959 1959 1883 1883
    1883 1883 1873 1853 1853 1843 1843 1833 1823 1813 1813 1813 1823
    1843 1843 1853 1853 1853 1863 1883 1883 1894 1894 1894 1904 1915
    1926 1936 1936 1947 1947 1947 1883 1883 1883 1883 1873 1853 1853
    1843 1843 1833 1823 1813 1813 1813 1823 1843 1843 1843 1853 1853
    1873 1883 1883 1894 1894 1894 1915 1926 1926 1936 1936 1947 1947
    1947 1883 1883 1883 1883 1873 1853 1853 1843 1843 1833 1823 1823
    1823 1823 1833 1833 1843 1843 1853 1853 1873 1883 1883 1894 1894
    1894 1904 1926 1926 1936 1936 1947 1947 1947 1883 1883 1883 1883
    1873 1853 1853 1853 1843 1843 1833 1823 1813 1813 1823 1833 1843
    1843 1853 1863 1873 1883 1883 1894 1894 1894 1904 1926 1926 1936
    1947 1947 1959 1959 1894 1894 1894 1883 1873 1863 1853 1853 1843
    1843 1833 1823 1813 1813 1823 1833 1843 1843 1853 1863 1863 1873
    1883 1894 1894 1894 1915 1926 1926 1936 1936 1959 1959 2005 1894
    1894 1894 1883 1883 1873 1853 1853 1843 1833 1823 1823 1813 1813
    1823 1833 1843 1853 1853 1863 1863 1873 1883 1894 1894 1894 1915
    1926 1926 1936 1936 1959 1959 1970 1894 1894 1894 1883 1883 1873
    1853 1843 1843 1833 1823 1823 1813 1813 1823 1833 1843 1853 1853
    1863 1863 1873 1883 1894 1894 1894 1915 1926 1936 1936 1936 1959
    1959 1970 1894 1894 1894 1883 1883 1873 1853 1843 1843 1833 1823
    1823 1813 1813 1823 1843 1843 1853 1853 1853 1863 1873 1883 1894
    1894 1894 1915 1926 1936 1936 1947 1959 1959 1970 1894 1894 1894
    1883 1873 1863 1853 1843 1843 1833 1823 1823 1823 1823 1833 1833
    1843 1853 1853 1853 1853 1863 1883 1883 1894 1894 1915 1926 1936
    1936 1936 1947 1959 1970 1894 1894 1894 1883 1873 1853 1853 1843
    1843 1833 1823 1823 1823 1823 1833 1833 1843 1843 1853 1853 1853
    1863 1873 1883 1894 1894 1915 1926 1936 1936 1936 1947 1959 1970
    1894 1894 1894 1883 1853 1853 1853 1843 1843 1833 1823 1823 1823
    1823 1833 1833 1843 1843 1853 1853 1853 1863 1873 1883 1894 1894
    1904 1926 1936 1936 1947 1947 1947 1947 1894 1894 1883 1873 1853
    1853 1853 1853 1843 1833 1823 1813 1813 1813 1833 1843 1843 1843
    1853 1853 1853 1863 1883 1883 1894 1894 1904 1926 1936 1936 1947
    1947 1947 1947 1883 1883 1883 1873 1853 1853 1853 1853 1843 1843
    1823 1813 1813 1813 1833 1843 1843 1853 1853 1853 1863 1863 1883
    1894 1894 1894 1915 1926 1936 1936 1947 1947 1947 1947 1883 1883
    1883 1883 1853 1853 1853 1853 1843 1843 1833 1823 1813 1813 1833
    1843 1843 1853 1853 1853 1863 1883 1894 1894 1894 1894 1926 1936
    1936 1947 1959 1970 1970 1970 1894 1894 1883 1883 1873 1853 1853
    1843 1843 1843 1833 1823 1813 1813 1823 1833 1843 1843 1843 1853
    1863 1873 1883 1894 1894 1904 1926 1936 1936 1947 1947 1959 1970
    1970 1883 1883 1883 1883 1873 1853 1853 1843 1843 1843 1833 1823
    1823 1823 1823 1833 1843 1843 1843 1853 1863 1873 1883 1883 1894
    1894 1904 1936 1936 1936 1947 1959 1970 1970 1883 1883 1883 1883
    1873 1853 1853 1843 1843 1843 1833 1823 1823 1823 1823 1833 1843
    1843 1843 1853 1863 1873 1883 1883 1894 1894 1904 1936 1936 1936
    1947 1959 1959 1959 1883 1883 1883 1883 1873 1853 1853 1843 1843
    1843 1833 1823 1823 1823 1823 1833 1843 1843 1853 1853 1863 1873
    1883 1883 1894 1894 1904 1936 1936 1936 1947 1947 1959 1959 1883
    1883 1883 1883 1883 1873 1853 1853 1843 1843 1833 1823 1813 1813
    1823 1833 1843 1843 1853 1863 1863 1873 1883 1894 1894 1894 1926
    1936 1936 1936 1947 1947 1936 1936 1883 1883 1883 1883 1873 1873
    1853 1853 1843 1843 1833 1823 1813 1813 1823 1833 1843 1843 1853
    1863 1873 1883 1883 1894 1894 1894 1926 1936 1936 1936 1947 1959
    1936 1936 1883 1883 1883 1883 1873 1853 1853 1843 1843 1833 1823
    1813 1804 1804 1813 1833 1843 1843 1853 1863 1873 1883 1883 1894
    1894 1904 1926 1926 1926 1936 1936 1959 1947 1947 1894 1894 1894
    1883 1873 1853 1853 1843 1833 1823 1813 1813 1804 1804 1813 1823
    1843 1843 1853 1863 1863 1883 1883 1883 1894 1904 1926 1926 1926
    1936 1936 1947 1947 1947 1894 1894 1894 1883 1873 1853 1853 1843
    1833 1823 1813 1813 1813 1813 1813 1823 1833 1843 1843 1853 1863
    1873 1883 1883 1894 1904 1926 1936 1936 1936 1936 1936 1936 1936
    1904 1904 1894 1883 1873 1853 1853 1843 1833 1823 1823 1813 1813
    1813 1813 1823 1833 1843 1843 1853 1863 1873 1883 1883 1894 1904
    1926 1936 1936 1936 1936 1936 1936 1936 1915 1915 1894 1883 1873
    1853 1853 1843 1833 1823 1823 1813 1813 1813 1823 1833 1833 1843
    1843 1853 1863 1873 1883 1883 1894 1915 1926 1936 1936 1936 1936
    1936 1936 1936 1894 1883 1883 1883 1873 1863 1853 1843 1843 1833
    1823 1813 1813 1813 1823 1833 1843 1843 1843 1853 1863 1873 1883
    1883 1894 1904 1926 1926 1936 1936 1936 1936 1936 1936 1894 1894
    1873 1873 1873 1853 1853 1843 1843 1833 1823 1823 1823 1823 1823
    1833 1843 1843 1843 1853 1863 1873 1883 1883 1894 1904 1915 1926
    1926 1936 1936 1936 1947 1947 1936 1894 1873 1873 1873 1853 1853
    1843 1843 1833 1823 1813 1813 1813 1813 1833 1843 1843 1843 1853
    1863 1873 1873 1883 1894 1904 1915 1926 1926 1936 1947 1947 1959
    1970 1894 1894 1883 1873 1873 1863 1853 1853 1843 1833 1823 1813
    1813 1813 1813 1833 1843 1843 1843 1853 1863 1863 1873 1883 1883
    1894 1915 1926 1926 1936 1947 1947 1959 1970 1894 1894 1883 1873
    1873 1863 1853 1853 1843 1833 1823 1813 1813 1813 1823 1833 1843
    1843 1843 1853 1863 1863 1873 1883 1883 1894 1915 1926 1926 1936
    1947 1959 1947 1947 1894 1894 1883 1873 1853 1853 1853 1853 1843
    1833 1823 1813 1813 1813 1823 1833 1843 1843 1843 1853 1863 1863
    1873 1883 1894 1915 1926 1926 1926 1936 1936 1936 1936 1936 1894
    1894 1883 1873 1853 1853 1853 1843 1843 1833 1813 1813 1813 1813
    1823 1833 1843 1843 1843 1853 1863 1863 1873 1883 1894 1915 1926
    1926 1926 1936 1936 1936 1926 1926 1894 1894 1883 1873 1853 1853
    1853 1843 1833 1833 1813 1813 1813 1813 1813 1813 1833 1843 1843
    1853 1853 1863 1873 1883 1894 1915 1926 1926 1926 1936 1936 1936
    1926 1926 1883 1883 1883 1873 1853 1853 1853 1843 1833 1833 1823
    1813 1813 1813 1813 1813 1833 1843 1853 1853 1853 1863 1873 1883
    1894 1904 1926 1926 1926 1936 1936 1936 1936 1936 1883 1883 1883
    1873 1863 1853 1853 1843 1843 1833 1833 1823 1813 1813 1823 1823
    1833 1843 1853 1863 1863 1863 1863 1883 1894 1904 1915 1926 1926
    1936 1947 1936 1936 1936 1883 1883 1883 1873 1863 1853 1853 1843
    1843 1833 1823 1813 1813 1813 1823 1823 1833 1843 1853 1853 1863
    1863 1863 1883 1894 1904 1915 1926 1926 1936 1936 1947 1936 1936
    1894 1894 1883 1873 1863 1853 1853 1843 1843 1833 1823 1813 1813
    1813 1813 1823 1833 1843 1853 1853 1863 1863 1863 1883 1894 1904
    1915 1926 1926 1936 1936 1936 1936 1936 1894 1894 1883 1873 1863
    1863 1853 1853 1843 1833 1813 1813 1813 1813 1813 1823 1843 1843
    1853 1853 1863 1863 1863 1883 1894 1915 1915 1926 1926 1936 1936
    1936 1936 1936 1904 1894 1883 1873 1863 1863 1853 1843 1843 1833
    1813 1813 1813 1813 1813 1833 1843 1843 1853 1863 1863 1863 1873
    1883 1894 1904 1915 1926 1936 1936 1936 1936 1936 1936 1904 1873
    1873 1873 1863 1863 1853 1843 1843 1833 1813 1813 1813 1813 1823
    1833 1843 1843 1853 1863 1863 1873 1883 1883 1894 1904 1915 1926
    1926 1926 1936 1936 1936 1936 1873 1873 1873 1873 1863 1863 1853
    1843 1843 1833 1823 1813 1813 1813 1823 1833 1843 1843 1853 1863
