<?xml version="1.0"?>
<opencv_storage>
<Depth12701 type_id="opencv-matrix">
  <rows>8</rows>
  <cols>25</cols>
  <dt>w</dt>
  <data>
    6753 6753 6753 6753 6622 6622 6622 6889 6889 6889 5734 5734 5640
    5640 5548 5548 5548 5548 5548 5640 5640 5548 3859 3859 3816 6753
    6753 6753 5640 5640 5548 5548 5640 5640 5640 5640 5640 5640 5548
    5548 5548 5460 5460 5460 5548 5548 5548 5548 3859 3816 5640 5640
    5640 5640 5640 5548 5548 5548 5548 5640 5640 5640 5640 5548 5548
    5548 5460 5460 5460 5548 5548 5548 5548 5734 3816 5640 5640 5640
    5640 5640 5640 5640 5548 5548 5640 5640 5640 5548 5548 5548 5548
    5548 5460 5460 5548 5548 5548 5548 5640 5640 5548 5640 5640 5640
    5640 5640 5640 5640 5640 5640 5640 5548 5548 5548 5548 5548 5548
    5548 5548 5460 5460 5548 5460 5460 5640 5374 5640 5640 5640 5640
    5734 5640 5640 5548 5548 5640 5548 5548 5548 5548 5548 5548 5460
    5460 5460 5460 5460 5460 5460 5460 5374 5460 5640 5734 5734 5734
    5640 5640 5548 5548 5640 5548 5548 5548 5548 5640 5640 5460 5460
    5460 5460 5460 5460 5460 5460 5374 5460 5640 5734 5734 5734 5640
    5640 5640 5640 5640 5548 5548 5548 5640 5832 5832 5460 5460 0 0 0 0
    0 0</data></Depth12701>
</opencv_storage>
