<?xml version="1.0"?>
<opencv_storage>
<Depth19714 type_id="opencv-matrix">
  <rows>7</rows>
  <cols>18</cols>
  <dt>w</dt>
  <data>
    3178 3238 4842 4842 4842 4911 4983 3010 3010 4842 4774 4774 4774
    4774 4774 4774 4774 4774 4774 4842 4842 4911 4911 4911 4983 4911
    4911 4774 4774 4774 4774 4774 4774 4774 4774 4774 4774 4842 4842
    4911 4842 4842 4911 4842 4842 4708 4708 4708 4708 4774 4774 4774
    4774 4774 4774 4774 4774 4842 4774 4774 4842 4842 4774 4708 4645
    4645 4645 4708 4774 4774 4774 4774 4708 4708 4708 4774 4774 4774
    4774 4708 4708 4645 4582 4582 4582 4708 4708 4774 4774 4774 4708
    4708 4708 4708 4708 4708 4708 4645 4645 4582 4522 4522 4522 4645
    4645 4708 4774 4842 4645 4645 4645 4708 4708 4708 4645 4582 4582
    4582 4522 4522 4522 4645 4645 4708 4774 0</data></Depth19714>
</opencv_storage>
