<?xml version="1.0"?>
<opencv_storage>
<Depth13449 type_id="opencv-matrix">
  <rows>28</rows>
  <cols>16</cols>
  <dt>w</dt>
  <data>
    6375 6622 6753 6753 6753 3539 3539 3503 3503 3539 3539 3503 3399
    3399 6753 6753 6622 6753 6753 3539 3539 3539 3539 3503 3503 3539
    3539 3503 3399 3399 6889 6889 3692 3692 3653 3653 3539 3539 3539
    3503 3503 3503 3503 3503 3503 3503 3503 6889 3692 3692 3653 3614
    3539 3539 3539 3503 3503 3503 3503 3503 3503 3503 3503 6889 3692
    3692 3653 3614 3576 3539 3539 3503 3503 3503 3503 3503 3503 3503
    3503 6889 3732 3692 3653 3614 3576 3539 3539 3503 3503 3539 3503
    3503 3503 3503 3503 6753 3732 3732 3692 3614 3576 3539 3539 3539
    3539 3539 3503 3503 3503 3503 3503 6753 3732 3732 3692 3614 3576
    3539 3539 3539 3539 3539 3539 3503 3503 3503 3503 6753 3732 3692
    3692 3576 3576 3539 3539 3539 3539 3539 3539 3539 3503 3503 3503
    6622 3732 3692 3653 3576 3576 3539 3539 3539 3539 3503 3503 3539
    3503 3503 3503 6622 3732 3692 3653 3576 3576 3539 3539 3539 3503
    3503 3503 3503 3503 3503 3503 6753 3732 3732 3653 3614 3576 3539
    3539 3539 3503 3503 3503 3503 3503 3503 3503 6622 3774 3732 3653
    3653 3614 3576 3539 3539 3503 3503 3539 3539 3539 3503 3503 6622
    3732 3732 3653 3614 3614 3576 3539 3539 3539 3539 3539 3539 3539
    3503 3503 3503 3732 3732 3653 3614 3614 3576 3539 3539 3539 3539
    3539 3503 3503 3503 3503 3503 3732 3732 3653 3653 3614 3576 3539
    3539 3539 3539 3539 3503 3503 3503 3503 3503 3732 3692 3653 3653
    3614 3576 3539 3539 3539 3539 3539 3539 3539 3539 3539 3539 3732
    3692 3653 3653 3614 3576 3539 3539 3539 3539 3539 3539 3539 3539
    3539 3539 3732 3692 3653 3653 3614 3576 3539 3539 3539 3539 3539
    3539 3539 3539 3503 3503 3732 3692 3653 3653 3614 3576 3539 3539
    3539 3539 3539 3539 3539 3539 3503 3468 3732 3692 3692 3653 3614
    3576 3539 3539 3539 3539 3539 3539 3539 3539 3503 3468 3732 3732
    3692 3653 3614 3576 3539 3539 3539 3539 3539 3539 3539 3539 3503
    3468 3732 3732 3692 3653 3614 3539 3539 3539 3539 3539 3539 3539
    3539 3539 3503 3468 3774 3732 3692 3653 3614 3539 3539 3539 3539
    3539 3503 3503 3503 3539 3539 3503 3774 3732 3692 3653 3614 3576
    3539 3539 3539 3539 3503 3503 3503 3539 3539 3503 6753 3732 3692
    3653 3614 3576 3539 3539 3539 3539 3539 3539 3539 3539 3539 3539
    6889 3653 3653 3653 3614 3576 3539 3539 3539 3503 3503 3503 3539
    3539 3503 3503 6889 3653 3653 3653 3614 3614 3576 3539 3539 3503
    3503 3503 3539 3539 3503 3503</data></Depth13449>
</opencv_storage>
