<?xml version="1.0"?>
<opencv_storage>
<Depth0426 type_id="opencv-matrix">
  <rows>21</rows>
  <cols>17</cols>
  <dt>w</dt>
  <data>
    4708 4708 4708 4708 4708 4708 0 0 0 0 0 0 0 0 0 0 0 4842 4842 4774
    4708 4708 0 0 0 4463 4463 0 0 0 0 0 0 0 4842 4842 4774 4708 4708
    4708 4708 4911 4463 4405 4405 0 0 0 0 0 0 4842 4842 4774 4708 4708
    4708 4708 4708 4405 4405 4405 0 0 0 0 0 0 4842 4842 4774 4708 4708
    4708 4708 4708 4405 4405 0 0 0 0 0 0 0 4911 4842 4774 4708 4708 4708
    4708 4708 4708 4708 0 0 0 0 0 0 0 4983 4842 4774 4708 4708 4708 4708
    4708 4645 4645 4708 0 0 0 0 0 0 5640 4842 4708 4708 4708 4708 4708
    4708 4645 4645 4708 0 0 0 0 0 0 5640 5640 4708 4708 4708 4708 4708
    4708 4708 4708 4708 4708 4708 4708 0 0 0 5640 5640 4708 4708 4708
    4708 4708 4708 4645 4645 4645 4645 4708 4708 0 0 0 5640 5734 5734
    4708 4708 4708 4708 4708 4645 4645 4645 4645 4645 4645 0 0 0 5640
    5640 5640 4708 4708 4708 4708 4645 4645 4645 4708 4708 4645 4645
    4645 0 0 5640 5640 5640 5640 4708 4708 4645 4645 4645 4645 4708 4708
    4645 4645 4645 0 0 5640 5640 5640 5640 5640 5640 4645 4645 4645 4645
    4708 4708 4645 4645 4645 0 0 5640 5640 5640 5640 5640 5640 5640 4708
    4708 4708 4645 4645 4645 4645 4582 4582 4582 5640 5640 5640 5640
    5640 5548 5548 4708 4645 4645 4582 4582 4582 4582 4582 4582 4582
    5640 5548 5548 5548 5640 5548 5548 5548 4645 4645 4582 4582 4582
    4522 4522 4522 4582 5640 5548 5548 5548 5548 5640 5640 5640 5734
    5734 4463 4463 4522 4522 4522 4522 4582 5548 5548 5548 5548 5548
    5548 5640 5640 5640 5832 4463 4463 4522 4522 4582 4582 4582 5548
    5548 5548 5548 5548 5548 5548 5640 5640 5640 4463 4463 4522 4522
    4582 4522 4522 5640 5548 5548 5548 5548 5548 5548 5548 5548 5548
    5548 4582 4582 4582 4582 4522 4522</data></Depth0426>
</opencv_storage>
