<?xml version="1.0"?>
<opencv_storage>
<Depth15325 type_id="opencv-matrix">
  <rows>59</rows>
  <cols>45</cols>
  <dt>w</dt>
  <data>
    3774 3774 3774 3816 3816 3859 3859 3816 3816 3816 3816 3859 3859
    3859 3859 3859 0 0 0 0 0 1776 1776 1776 1776 1776 3903 3859 3859
    3903 3903 3994 3994 3994 3994 3994 4041 4041 4041 4041 3994 3994
    4041 4041 4041 3774 3774 3774 3816 3816 3859 3859 3816 1705 1705
    3816 3816 3859 3859 3859 3859 0 0 0 0 0 1785 1748 1748 1748 1748
    1748 1748 1757 3994 3994 3948 1739 1739 3948 4041 4041 4041 4041
    4041 3994 3994 3994 3994 4041 3816 3816 3816 3816 3816 3859 3903
    1705 1705 1705 1713 1776 1766 1766 1776 1776 1776 0 1757 0 0 1766
    1748 1748 1739 1739 1739 1748 1757 1748 1748 1748 1739 1739 1748
    1766 1766 4089 4089 4041 3994 3994 3994 3994 4041 3816 3816 3774
    3774 3774 3859 3859 1705 1705 1705 1713 1748 1766 1766 1766 1766
    1757 1757 1757 1757 1757 1748 1748 1748 1739 1739 1739 1748 1748
    1748 1748 1748 1739 1739 1748 1748 1757 1757 4089 4041 3994 3994
    4041 4041 4041 3816 3816 1748 1748 1766 1757 1757 1713 1713 1722
    1739 1748 1776 1766 1766 1757 1757 1757 1757 1757 1757 1748 1748
    1748 1748 1748 1748 1748 1748 1748 1748 1748 1739 1739 1739 1748
    1748 1748 1794 4089 4041 4041 4041 4041 4089 1776 1757 1748 1748
    1748 1757 1757 1748 1748 1748 1757 1766 1766 1766 1766 1757 1757
    1757 1757 1766 1757 1748 1748 1748 1748 1748 1748 1748 1748 1748
    1748 1748 1739 1739 1739 1748 1748 1748 1794 1813 4041 4041 4041
    4041 4089 1766 1757 1748 1748 1748 1757 1757 1757 1757 1766 1766
    1766 1766 1766 1766 1757 1757 1757 1757 1757 1757 1757 1748 1748
    1748 1748 1748 1748 1757 1748 1748 1748 1748 1739 1739 1748 1748
    1757 1794 1813 1813 4041 4041 4041 4089 1757 1757 1757 1757 1757
    1757 1766 1766 1766 1766 1776 1776 1776 1766 1766 1757 1757 1757
    1757 1757 1757 1757 1757 1757 1748 1748 1748 1748 1748 1748 1748
    1748 1748 1748 1748 1748 1748 1757 1794 1813 1833 4041 4041 4041
    4089 1748 1757 1757 1757 1757 1757 1766 1766 1766 1766 1776 1776
    1776 1766 1757 1757 1757 1757 1757 1766 1757 1757 1757 1757 1748
    1748 1748 1748 1748 1748 1748 1748 1748 1748 1748 1748 1757 1766
    1794 1813 1833 4041 4041 4041 4089 1748 1757 1757 1766 1766 1766
    1766 1766 1766 1766 1766 1766 1776 1766 1757 1757 1766 1757 1757
    1757 1757 1757 1757 1748 1748 1748 1748 1748 1748 1748 1748 1748
    1748 1748 1748 1748 1757 1766 1794 1813 1813 4041 4041 4041 4089
    1748 1757 1757 1766 1766 1766 1766 1757 1757 1766 1766 1766 1766
    1766 1757 1757 1766 1757 1757 1757 1757 1757 1757 1748 1748 1748
    1748 1748 1748 1748 1748 1748 1748 1748 1748 1748 1766 1766 1794
    1804 1833 4041 4041 4041 4041 1776 1766 1766 1766 1766 1766 1766
    1757 1757 1766 1766 1766 1757 1757 1757 1757 1766 1757 1757 1757
    1757 1757 1757 1757 1757 1757 1748 1748 1748 1748 1748 1748 1748
    1748 1748 1748 1757 1766 1785 1804 1823 1823 4041 4041 4041 1776
    1776 1776 1776 1766 1766 1766 1757 1757 1766 1766 1757 1757 1757
    1757 1757 1766 1766 1766 1757 1757 1757 1757 1766 1757 1757 1757
    1757 1757 1757 1748 1748 1748 1748 1748 1748 1757 1766 1785 1794
    1823 1823 4041 4041 4041 1776 1776 1776 1776 1766 1766 1766 1766
    1766 1766 1766 1757 1757 1757 1766 1766 1766 1766 1766 1757 1757
    1757 1757 1766 1766 1766 1757 1757 1757 1757 1757 1757 1748 1748
    1748 1748 1757 1766 1776 1794 1823 1823 4089 4089 4089 1776 1776
    1776 1776 1776 1766 1766 1776 1766 1766 1766 1757 1757 1757 1766
    1776 1776 1776 1766 1766 1766 1757 1757 1766 1766 1766 1757 1757
    1757 1757 1757 1757 1748 1748 1748 1748 1757 1766 1776 1794 1823
    1823 4089 4089 4089 1776 1776 1776 1776 1766 1766 1776 1776 1776
    1766 1766 1757 1757 1766 1766 1776 1776 1776 1766 1766 1766 1757
    1757 1766 1766 1766 1757 1757 1757 1757 1757 1757 1748 1748 1748
    1748 1757 1766 1776 1804 1823 1843 1843 4139 4041 3774 1776 1776
    1776 1766 1766 1776 1776 1766 1766 1766 1766 1766 1776 1776 1776
    1776 1776 1766 1766 1766 1766 1766 1766 1766 1766 1757 1757 1757
    1757 1766 1757 1748 1748 1748 1748 1757 1757 1776 1804 1833 1843
    1843 4041 4041 3774 1776 1776 1776 1766 1766 1776 1776 1766 1766
    1766 1766 1766 1776 1776 1776 1776 1766 1766 1766 1766 1766 1766
    1766 1766 1766 1757 1757 1757 1757 1766 1757 1748 1748 1748 1748
    1757 1757 1776 1804 1833 1843 1843 4041 4041 3859 1776 1776 1776
    1766 1766 1776 1766 1766 1766 1766 1766 1766 1766 1766 1766 1776
    1766 1766 1766 1766 1766 1766 1766 1766 1766 1757 1757 1757 1757
    1757 1757 1757 1757 1757 1757 1757 1757 1776 1804 1833 1843 1843
    4041 4041 3859 1785 1776 1776 1776 1776 1776 1766 1766 1766 1766
    1766 1757 1757 1766 1766 1776 1776 1776 1766 1766 1766 1766 1766
    1766 1766 1757 1757 1757 1757 1757 1757 1766 1757 1748 1748 1748
    1757 1776 1804 1833 1843 1843 4089 4089 3774 1785 1785 1776 1776
    1776 1776 1766 1766 1766 1766 1766 1757 1757 1766 1766 1776 1776
    1776 1766 1766 1766 1766 1766 1766 1766 1757 1757 1757 1757 1766
    1766 1766 1757 1748 1748 1748 1757 1776 1823 1833 1843 1843 4089
    4089 3774 1785 1785 1776 1776 1776 1766 1766 1766 1766 1766 1776
    1766 1766 1766 1766 1776 1776 1776 1766 1766 1766 1766 1766 1766
    1766 1757 1748 1748 1757 1766 1766 1766 1748 1748 1757 1757 1757
    1766 1804 1833 1843 1843 4089 4089 3774 1785 1785 1776 1776 1766
    1766 1766 1766 1776 1776 1776 1776 1776 1776 1776 1776 1776 1776
    1766 1766 1766 1766 1766 1766 1766 1757 1748 1748 1757 1766 1766
    1757 1748 1748 1748 1757 1757 1766 1804 1823 1853 1863 1863 4089
    3774 1785 1785 1776 1776 1766 1766 1766 1766 1776 1776 1776 1776
    1776 1776 1776 1776 1776 1776 1776 1776 1776 1776 1766 1766 1766
    1766 1766 1757 1757 1757 1766 1757 1748 1748 1748 1757 1757 1766
    1804 1823 1863 1863 4089 4089 3859 1785 1776 1776 1776 1776 1776
    1776 1776 1776 1776 1766 1766 1766 1776 1776 1776 1776 1776 1776
    1776 1776 1776 1776 1776 1776 1776 1766 1766 1757 1757 1757 1766
    1757 1757 1757 1757 1766 1776 1804 1823 1853 1873 4089 4089 3859
    1785 1776 1776 1776 1776 1776 1776 1776 1776 1776 1766 1766 1766
    1766 1766 1766 1776 1776 1776 1776 1776 1776 1776 1776 1776 1776
    1776 1766 1766 1757 1757 1766 1766 1766 1757 1757 1766 1776 1813
    1823 1833 1833 4089 4089 3816 1785 1776 1776 1776 1776 1776 1776
    1776 1776 1766 1766 1766 1766 1766 1766 1766 1776 1776 1776 1776
    1776 1776 1776 1776 1776 1776 1776 1766 1766 1766 1766 1766 1766
    1766 1766 1766 1766 1785 1813 1823 1823 1823 4089 4089 3816 1785
    1776 1776 1776 1776 1776 1776 1776 1776 1766 1766 1766 1766 1766
    1766 1766 1766 1766 1776 1776 1776 1776 1766 1766 1766 1766 1776
    1766 1766 1766 1766 1766 1766 1766 1766 1766 1766 1785 1804 1823
    1823 1823 1823 4089 3816 3816 1785 1785 1785 1776 1776 1776 1776
    1776 1776 1766 1766 1776 1766 1766 1766 1766 1766 1776 1776 1776
    1776 1766 1766 1766 1766 1776 1776 1776 1766 1766 1766 1757 1757
    1757 1766 1766 1785 1804 1823 1823 1823 1823 4089 3816 3816 1785
    1785 1785 1776 1776 1776 1776 1776 1776 1776 1776 1776 1766 1766
    1766 1766 1766 1776 1776 1776 1776 1776 1766 1766 1766 1776 1766
    1766 1766 1757 1757 1757 1757 1757 1766 1766 1785 1804 1823 1833
    1833 1833 4089 3816 3816 1785 1785 1785 1776 1776 1776 1776 1776
    1776 1776 1776 1776 1766 1766 1766 1766 1766 1776 1776 1776 1776
    1776 1776 1776 1776 1776 1766 1766 1766 1757 1757 1757 1757 1766
    1766 1766 1776 1804 1823 1833 1833 1833 4139 3774 1785 1785 1776
    1776 1776 1776 1776 1776 1776 1776 1776 1776 1776 1766 1766 1766
    1766 1766 1776 1776 1776 1776 1776 1776 1776 1776 1776 1776 1776
    1766 1757 1757 1757 1757 1766 1766 1766 1776 1794 1823 1833 1833
    1833 4139 3816 3816 1776 1776 1776 1776 1776 1776 1776 1776 1776
    1776 1776 1776 1776 1776 1776 1776 1776 1776 1776 1776 1776 1776
    1776 1776 1776 1776 1776 1776 1766 1766 1766 1766 1766 1766 1766
