<?xml version="1.0"?>
<opencv_storage>
<Depth17954 type_id="opencv-matrix">
  <rows>37</rows>
  <cols>25</cols>
  <dt>w</dt>
  <data>
    2883 2883 2835 2835 2835 2835 5374 5374 5374 5374 2789 2789 2789
    2789 5374 5374 5374 2723 2723 2723 2767 2767 2789 2789 5548 2859
    2859 2835 2812 2812 2812 2812 2812 2789 2789 2767 2767 2767 2767
    2744 2744 2723 2701 2701 2723 2744 2744 2767 2767 5460 2835 2835
    2812 2812 2812 2812 2812 2812 2789 2767 2767 2767 2767 2767 2744
    2723 2723 2701 2701 2701 2744 2744 2767 2767 5460 2812 2835 2812
    2812 2812 2812 2812 2812 2789 2767 2767 2767 2744 2744 2723 2723
    2701 2701 2701 2701 2744 2744 2744 2767 2767 2812 2835 2812 2812
    2812 2812 2789 2789 2789 2767 2767 2744 2744 2744 2723 2723 2701
    2701 2701 2701 2723 2744 2744 2744 2744 2835 2835 2835 2835 2812
    2812 2789 2789 2789 2767 2767 2744 2744 2744 2723 2723 2701 2701
    2701 2701 2723 2744 2744 2744 2744 2859 2859 2859 2835 2812 2812
    2789 2789 2789 2789 2767 2767 2767 2744 2723 2723 2701 2701 2701
    2701 2744 2744 2744 2744 2744 2859 2859 2859 2835 2812 2812 2789
    2789 2789 2789 2789 2767 2767 2744 2744 2723 2701 2701 2701 2701
    2744 2744 2744 2767 2767 2859 2859 2859 2835 2812 2812 2789 2789
    2789 2789 2789 2767 2767 2744 2723 2723 2701 2701 2701 2701 2744
    2767 2767 2767 2789 2859 2859 2859 2835 2812 2812 2789 2789 2789
    2789 2789 2789 2767 2744 2723 2701 2701 2701 2701 2723 2744 2767
    2767 2767 2789 2883 2859 2835 2835 2812 2812 2812 2789 2789 2789
    2789 2789 2767 2767 2744 2701 2701 2701 2701 2723 2744 2767 2767
    2767 2789 2883 2859 2835 2835 2812 2812 2812 2789 2789 2789 2789
    2789 2789 2767 2744 2723 2701 2701 2723 2723 2744 2744 2767 2767
    2789 2883 2859 2835 2835 2812 2812 2812 2812 2812 2789 2789 2789
    2789 2767 2744 2723 2701 2701 2723 2723 2744 2744 2744 2767 2789
    2883 2859 2835 2835 2812 2812 2812 2812 2812 2789 2789 2789 2789
    2789 2767 2723 2701 2701 2723 2723 2744 2744 2744 2767 2789 2883
    2859 2859 2859 2835 2835 2812 2812 2812 2789 2789 2789 2789 2789
    2744 2723 2723 2723 2723 2723 2744 2744 2767 2789 2789 2883 2883
    2859 2859 2835 2835 2812 2812 2812 2789 2789 2789 2789 2767 2744
    2723 2723 2723 2701 2701 2744 2744 2767 2789 2789 2908 2883 2883
    2883 2859 2835 2835 2812 2812 2812 2789 2789 2789 2767 2744 2723
    2723 2723 2701 2701 2744 2744 2767 2789 2789 2908 2908 2883 2883
    2859 2835 2835 2812 2812 2812 2789 2789 2789 2767 2744 2723 2723
    2723 2723 2723 2744 2767 2767 2789 2812 2908 2908 2883 2883 2859
    2835 2835 2812 2812 2812 2789 2789 2789 2767 2767 2744 2723 2723
    2723 2723 2744 2767 2789 2789 2767 2908 2908 2883 2859 2859 2835
    2812 2812 2812 2812 2812 2789 2789 2789 2767 2744 2723 2723 2723
    2723 2744 2767 2789 2789 2767 2908 2908 2883 2859 2859 2835 2812
    2812 2812 2812 2812 2789 2789 2789 2767 2744 2744 2723 2723 2723
    2744 2767 2789 2789 2767 2908 2883 2883 2859 2859 2835 2812 2812
    2812 2812 2812 2789 2789 2789 2767 2744 2723 2723 2723 2723 2744
    2767 2767 2767 2767 2883 2883 2883 2859 2859 2835 2812 2812 2812
    2812 2812 2789 2789 2789 2767 2744 2723 2723 2723 2723 2744 2767
    2767 2767 2767 2883 2883 2883 2859 2859 2835 2812 2812 2812 2812
    2812 2789 2789 2789 2767 2744 2744 2723 2723 2723 2744 2744 2767
    2767 2767 2883 2883 2883 2859 2859 2835 2812 2812 2812 2812 2812
    2789 2789 2789 2767 2744 2744 2723 2723 2723 2744 2744 2767 2767
    2789 2883 2883 2883 2883 2859 2835 2835 2812 2812 2812 2812 2789
    2789 2789 2767 2744 2723 2723 2723 2723 2744 2744 2767 2767 2789
    5548 2883 2883 2883 2859 2835 2812 2812 2812 2812 2812 2812 2789
    2789 2767 2744 2723 2723 2723 2723 2744 2744 2767 2789 2789 5548
    2908 2908 2883 2859 2835 2812 2812 2812 2812 2812 2812 2789 2789
    2767 2744 2723 2723 2723 2723 2744 2744 2767 2789 2789 5548 2933
    2908 2883 2859 2859 2835 2812 2812 2812 2812 2812 2789 2789 2767
    2744 2723 2723 2723 2723 2744 2744 2767 2789 2789 5460 2883 2883
    2883 2859 2859 2835 2812 2812 2812 2812 2812 2789 2789 2767 2744
    2723 2723 2723 2723 2744 2744 2767 2789 2789 5460 2883 2883 2883
    2859 2859 2812 2812 2812 2812 2812 2812 2789 2789 2767 2767 2744
    2723 2723 2723 2744 2744 2767 2767 2789 5460 2883 2883 2883 2859
    2859 2812 2812 2812 2812 2812 2812 2789 2789 2767 2767 2744 2723
    2723 2723 2744 2744 2767 2767 2789 5460 5460 2883 2883 2859 2859
    2835 2835 2812 2812 2812 2812 2789 2789 2789 2767 2744 2723 2723
    2744 2744 2744 2767 2767 2789 5460 5460 2883 2883 2859 2859 2835
    2835 2812 2812 2812 2789 2789 2789 2789 2767 2744 2744 2744 2744
    2744 2744 2744 2744 2767 5548 5548 2883 2883 2859 2859 2859 2835
    2835 2812 2812 2789 2789 2789 2789 2767 2744 2744 2744 2744 2744
    2744 2744 2744 2744 5548 5548 5548 2883 2859 2835 2835 2859 2835
    2812 2812 2789 2789 2789 2789 2767 2767 2744 2744 2744 2744 2723
    2723 2744 2744 5548 5548 5548 2883 2859 2835 2835 2859 2835 2812
    2812 2789 2789 2812 2789 2789 2789 2744 2744 2744 2744 2723 2723
    5640 5640</data></Depth17954>
</opencv_storage>
