<?xml version="1.0"?>
<opencv_storage>
<Depth10458 type_id="opencv-matrix">
  <rows>113</rows>
  <cols>68</cols>
  <dt>w</dt>
  <data>
    3365 3365 3365 3365 3365 3365 3365 3365 3365 3365 3365 3365 3365
    3365 3365 3333 3333 3333 3365 3365 3365 3365 3365 3399 3399 3399
    3399 3365 3365 3365 3365 3365 3399 3399 3399 3399 3399 3399 3399
    3399 3399 3399 3399 0 995 3399 3399 3399 3269 1007 1001 998 998 998
    1004 1007 1007 1001 998 998 998 2212 2212 2212 2212 3365 3365 3365
    3365 3365 3365 3365 3365 3365 3365 3365 3365 3365 3365 3365 3333
    3333 3333 3365 3365 3365 3365 3365 3365 3365 3365 3433 3433 3399
    3399 3365 3365 3365 3365 3365 3399 3399 3399 1007 1007 987 984 984
    984 984 0 0 0 995 995 1010 1010 1004 998 995 992 992 998 1004 1004
    998 992 989 989 989 992 3399 3399 3365 3365 3365 3365 3365 3365 3365
    3365 3365 3365 3365 3365 3365 3365 1001 1001 3333 3333 3365 3365
    3365 3365 3365 3399 3399 3399 3433 3433 3433 3433 3433 1007 1007 998
    995 1004 1004 1004 1007 1007 987 984 984 984 984 984 984 987 995 995
    995 998 1001 995 992 992 989 989 995 995 992 989 987 987 989 992 0
    992 0 3365 3365 3365 3365 995 992 989 989 3399 3399 989 989 998 995
    995 995 3365 3365 3365 3365 3365 987 987 984 984 981 987 987 987 987
    1007 1007 998 995 992 992 992 992 992 987 984 984 984 984 984 984
    987 987 989 989 992 992 989 987 987 984 984 984 984 987 987 987 987
    987 989 0 0 989 3399 0 3399 3365 995 992 989 989 984 984 989 989 989
    992 987 987 987 987 987 984 987 987 987 984 984 981 987 987 987 987
    995 995 992 992 989 987 987 987 987 987 984 984 984 981 981 981 984
    984 987 987 987 987 987 984 984 984 984 984 984 987 987 987 987 987
    987 0 0 0 0 0 984 984 984 984 984 984 981 981 984 984 987 987 984
    984 984 984 984 984 987 987 987 984 984 981 981 984 984 984 984 984
    984 987 984 984 984 984 984 984 984 984 984 981 981 981 984 984 984
    984 984 984 984 984 984 984 984 984 984 987 987 987 987 987 987 0 0
    0 0 0 981 981 981 978 978 978 978 981 981 981 981 981 981 981 981
    984 984 984 987 987 987 984 984 981 981 981 981 981 981 981 981 984
    984 984 984 984 984 981 981 981 984 981 981 984 984 984 984 984 984
    984 984 984 984 984 984 984 984 987 987 987 987 987 987 0 984 0 0 0
    981 981 981 978 978 978 978 978 978 981 981 981 981 978 978 981 981
    981 984 984 984 981 981 981 981 981 981 981 981 981 981 984 984 984
    984 984 984 981 981 981 984 981 981 984 984 984 984 984 984 984 984
    984 984 984 984 984 984 987 987 987 987 987 984 984 0 0 0 0 981 981
    981 978 978 978 978 978 978 981 981 981 981 978 978 981 981 981 984
    984 984 981 981 981 981 981 981 981 981 981 981 984 984 984 984 981
    981 984 984 984 984 984 984 984 984 984 984 984 984 984 984 984 984
    984 984 984 984 987 987 987 987 987 984 984 0 0 0 0 981 981 981 978
    978 978 978 978 978 981 981 981 981 981 981 981 981 981 984 981 981
    981 981 981 981 981 981 981 981 981 981 984 984 984 984 981 981 981
    981 981 984 984 984 984 984 984 984 984 984 984 984 984 984 984 984
    984 984 987 987 987 987 987 987 0 0 0 0 0 981 981 981 981 978 978
    978 981 981 981 981 981 981 981 981 981 981 981 981 981 981 981 981
    981 981 981 981 981 984 984 984 984 984 984 984 981 981 981 981 981
    984 984 984 984 984 984 984 984 984 984 984 984 984 984 984 984 984
    987 987 987 987 987 987 0 0 0 0 0 981 981 981 981 981 981 981 981
    981 981 981 981 981 981 981 981 981 981 981 981 981 984 984 984 984
    984 984 984 984 984 984 984 984 984 984 984 981 981 981 984 984 984
    984 984 987 984 984 984 984 984 984 984 984 984 984 984 984 987 987
    987 989 989 989 0 0 0 0 0 981 981 981 981 981 981 981 981 981 981
    981 981 981 981 981 981 981 981 984 981 981 984 984 984 984 984 984
    984 984 984 984 984 984 984 984 984 984 981 981 984 984 984 984 984
    987 984 984 984 984 984 984 984 984 984 984 984 984 987 987 987 989
    989 992 992 0 0 0 0 981 981 981 981 981 981 981 981 981 981 981 981
    981 981 981 981 981 981 984 984 984 984 984 984 984 984 984 984 984
    984 984 984 984 984 984 984 984 984 984 984 984 984 984 984 987 987
    984 984 984 984 984 984 984 984 984 987 987 989 987 987 992 992 992
    992 0 0 0 0 981 981 981 981 981 981 981 981 981 981 981 981 981 981
    981 981 981 981 984 984 984 984 984 984 987 987 987 984 984 984 984
    984 984 987 987 984 984 984 984 984 987 987 987 987 987 987 984 984
    984 984 984 987 987 987 987 987 987 989 987 987 992 992 992 995 0 0
    0 0 984 984 981 981 981 981 981 981 981 981 981 981 981 981 984 981
    981 981 984 984 984 984 984 984 987 987 987 987 984 984 984 984 987
    987 987 987 984 984 984 984 987 987 989 989 989 989 987 987 987 987
    987 987 987 987 987 987 987 989 989 992 992 989 989 0 0 0 0 0 987
    984 981 981 981 981 981 981 981 981 981 984 984 984 984 981 981 984
    984 984 984 984 984 987 987 987 987 987 987 987 984 984 987 987 989
    987 987 984 984 987 987 989 989 989 989 989 989 987 987 987 987 987
    987 989 989 989 989 992 992 992 992 989 989 0 0 0 0 3468 987 984 981
    981 981 981 981 981 981 984 984 984 984 984 984 981 981 984 984 984
    987 987 987 987 987 987 987 987 987 987 987 987 987 987 989 989 987
    987 987 987 987 989 989 989 989 989 989 989 989 987 987 987 989 989
    989 989 989 995 992 992 992 992 0 0 0 0 0 3433 987 984 984 981 981
    981 981 981 981 984 984 984 984 984 984 984 984 984 987 987 987 987
    987 987 987 987 987 987 987 987 987 987 987 987 987 989 989 987 987
    987 987 989 992 989 989 989 989 989 989 989 989 989 989 989 989 989
    992 992 992 992 992 992 992 0 0 0 0 3433 987 984 984 981 981 981 981
    984 984 984 984 981 981 984 984 984 984 984 987 987 987 987 987 987
    987 987 987 987 987 989 989 987 987 987 987 989 989 987 987 987 987
    989 992 992 992 992 992 992 992 989 989 989 989 989 992 992 992 992
    992 992 992 992 992 0 0 0 0 0 981 981 984 981 981 984 984 984 984
    984 984 981 981 984 984 984 984 984 989 989 989 987 987 987 989 987
    987 987 989 989 989 987 987 987 989 989 989 987 987 989 989 989 992
    992 992 992 992 989 989 989 989 989 989 989 992 992 992 992 992 992
    992 992 992 998 0 0 0 0 981 981 984 981 981 981 984 984 987 984 984
    981 981 984 984 984 987 987 989 989 989 987 987 987 989 989 989 989
    989 989 989 989 989 989 989 989 989 989 989 989 989 989 992 992 992
    992 989 989 989 989 989 989 989 989 992 992 992 992 992 992 992 992
    992 998 0 0 0 0 981 981 984 981 981 981 984 984 987 987 984 984 984
    984 984 984 987 987 989 989 989 987 987 989 989 992 989 989 989 989
    989 989 989 989 992 989 989 989 989 989 992 992 992 992 992 992 989
    989 989 989 989 989 989 989 992 992 992 992 992 992 992 995 995 995
    0 0 0 0 984 987 987 984 981 981 987 987 987 987 987 984 984 984 984
    987 987 987 992 989 989 987 987 989 989 992 989 989 989 989 989 989
    992 992 992 992 992 992 992 992 992 992 992 992 992 992 992 992 992
    989 989 992 989 989 992 992 992 992 992 992 992 995 995 995 0 0 0 0
    989 989 989 987 987 987 987 987 987 987 987 987 987 987 987 987 989
    989 992 989 989 987 987 989 989 992 992 992 989 989 989 992 992 992
    992 992 992 992 992 992 992 992 992 992 992 992 992 992 992 992 992
    992 992 992 992 992 992 995 995 992 992 995 995 995 0 0 0 0 992 989
    989 987 987 987 987 987 987 987 989 989 989 987 987 987 987 987 989
    989 989 987 987 989 989 992 992 992 992 989 989 992 992 992 992 992
    992 992 992 992 992 992 992 992 992 992 992 992 992 992 992 992 992
    992 992 992 992 995 995 995 995 995 995 995 0 0 0 0 0 989 989 987
    987 987 987 987 987 987 987 989 987 987 987 987 987 987 989 989 989
    989 989 989 989 989 989 989 989 989 989 992 992 992 992 992 992 992
    992 992 992 992 992 992 992 992 992 992 992 992 992 992 992 992 992
    992 992 995 995 995 995 995 995 995 0 0 0 0 0 989 989 987 987 987
    987 987 987 987 987 989 987 987 987 987 987 989 992 992 989 989 989
