<?xml version="1.0"?>
<opencv_storage>
<Depth14755 type_id="opencv-matrix">
  <rows>112</rows>
  <cols>81</cols>
  <dt>w</dt>
  <data>
    4041 4041 4041 4041 4041 4041 3994 3994 3994 973 967 964 964 964 964
    964 964 964 3903 3903 3903 3903 3903 3903 3903 3903 3903 3859 3859
    3859 3859 3859 3859 3859 3859 3859 3859 3859 3859 3859 3816 3816
    3859 3816 3816 3859 3859 3859 3816 3816 3816 3816 3774 3774 3774
    3774 3774 3774 3774 3732 3732 3732 3732 3732 3732 3732 3692 3653
    3653 3614 3614 3614 3653 3653 3653 3653 3614 3614 3576 3576 3576
    4041 4041 4041 4041 4041 4041 3994 973 967 967 967 964 964 964 964
    964 964 992 992 3903 3903 3903 3948 3948 3903 3903 3859 3859 3859
    3859 3903 3903 3903 3859 3859 3859 3859 3859 3859 3859 3859 3859
    3859 3859 3859 3859 3859 3859 3859 3816 3816 3816 3816 3774 3774
    3774 3774 3774 3774 3732 3732 3732 3732 3732 3732 3732 3732 3653
    3653 3614 3614 3614 3653 896 896 894 894 3614 3576 3576 3576 4041
    4041 4089 4089 4041 4041 3994 967 964 964 962 962 964 964 964 964
    964 992 992 995 995 995 989 987 981 981 984 3859 3859 3859 3903 3903
    3903 3859 3859 3859 3859 3859 3859 3859 3859 3859 3859 3903 3903
    3903 3903 3903 3859 3816 3816 3816 3774 3774 3774 3774 3774 3774
    3774 3732 3732 3732 3732 3732 3732 3732 3732 3653 3653 3614 3614
    3614 896 894 894 891 891 894 3576 3576 3576 4089 4089 4463 4139 967
    964 964 962 962 962 959 954 954 954 954 964 964 992 992 995 995 989
    984 984 978 978 984 987 987 987 987 3903 3903 3859 3859 3859 3859
    3859 3859 3859 3774 3774 3816 3903 3903 3903 3903 3903 3903 3816
    3816 3774 3732 3732 864 864 867 3774 3732 3732 3732 3732 3732 3732
    3692 3692 3732 3653 906 903 898 898 894 891 891 891 891 894 3576
    3576 903 3994 970 970 970 967 964 964 962 962 959 956 951 951 948
    943 938 938 938 992 930 928 928 984 920 920 920 915 915 987 908 906
    906 906 901 896 896 894 894 894 894 894 894 3816 3903 3903 878 878
    882 880 873 871 871 869 867 862 862 860 860 3732 3732 860 860 920
    920 913 910 910 908 903 903 898 898 891 891 889 889 891 894 903 903
    903 3903 970 970 970 964 964 962 962 959 956 951 951 948 948 943 938
    938 938 935 930 928 928 925 920 920 920 915 915 910 908 906 906 903
    901 901 896 894 894 891 891 889 889 885 882 878 875 875 875 875 869
    869 867 867 864 860 858 856 854 854 856 856 856 847 847 849 903 901
    901 901 901 901 898 891 891 887 887 894 896 898 896 894 0 970 970
    970 964 964 962 962 959 956 951 948 948 946 943 940 938 938 935 930
    930 928 925 923 920 918 918 915 910 908 906 903 903 901 901 898 894
    894 891 891 889 885 885 882 878 875 875 875 873 867 867 867 864 862
    860 858 856 854 851 851 851 849 843 841 841 839 835 833 831 831 829
    829 831 833 835 839 894 896 896 894 894 0 973 973 970 967 964 962
    962 959 956 951 948 948 946 943 940 938 938 935 930 930 928 923 920
    920 918 915 913 910 908 906 903 901 901 898 898 896 894 891 889 887
    885 882 880 878 875 875 873 869 867 864 864 862 860 858 856 856 854
    851 849 849 847 841 841 837 835 833 831 831 831 829 829 831 831 833
    837 896 894 894 894 894 0 973 973 970 967 967 962 962 959 954 951
    948 948 946 943 940 938 938 935 933 930 928 923 920 920 918 915 913
    910 908 908 903 901 901 898 898 896 894 891 889 887 885 882 880 878
    875 873 873 869 867 864 864 862 860 858 856 856 854 849 849 847 845
    841 839 837 835 833 831 831 831 831 831 831 831 831 835 835 894 894
    894 0 975 973 973 970 967 967 962 962 956 954 951 948 948 946 943
    940 938 938 935 933 930 925 923 920 920 918 915 913 910 908 908 903
    901 901 898 898 898 894 891 889 887 885 882 882 878 875 873 873 869
    867 864 864 862 860 858 856 856 854 849 849 847 845 841 839 837 835
    833 833 831 831 831 831 831 831 831 835 878 878 880 894 0 975 975
    973 970 967 967 962 962 956 954 951 951 948 946 943 940 938 938 935
    933 930 925 923 920 920 918 915 913 910 910 908 906 901 901 898 898
    898 894 891 889 887 885 882 880 878 875 875 873 867 867 867 867 864
    860 858 856 854 851 849 849 847 845 841 839 837 835 833 833 831 831
    831 831 831 831 833 839 875 875 878 0 0 975 975 973 970 970 967 964
    962 956 954 951 951 948 946 943 940 938 938 935 933 930 928 925 923
    920 918 915 913 910 910 908 906 901 901 898 898 898 894 891 889 887
    885 882 880 878 875 873 871 867 867 867 864 862 860 858 856 854 849
    849 849 847 843 841 839 837 835 833 833 831 831 829 829 831 831 837
    839 875 875 878 880 0 973 973 973 970 967 967 964 962 956 956 951
    951 948 946 943 940 938 938 935 933 930 928 925 923 920 918 918 913
    910 910 908 908 901 901 898 898 896 894 891 889 887 885 885 882 878
    875 873 871 867 867 867 864 862 860 858 856 851 849 849 849 847 843
    841 839 839 835 833 833 831 831 829 829 831 833 835 839 860 878 880
    880 0 987 973 973 970 967 967 964 962 959 954 951 951 948 946 943
    940 940 938 935 933 930 928 928 923 920 918 918 913 910 910 908 908
    903 901 901 898 896 894 891 889 887 885 885 882 878 875 873 871 867
    867 864 864 862 858 856 856 851 849 849 847 847 843 841 841 839 835
    833 833 831 831 827 827 829 831 835 845 858 878 880 885 0 987 987
    973 973 970 967 964 959 959 954 951 951 948 946 943 940 940 938 935
    933 930 928 928 925 920 920 918 915 910 910 908 908 906 903 901 898
    894 894 891 889 887 885 885 882 878 875 873 871 867 867 864 864 862
    858 856 856 854 849 849 847 847 843 841 841 839 837 833 833 831 831
    827 827 829 831 858 858 858 880 885 885 0 973 0 973 973 970 967 964
    959 959 954 951 951 948 948 943 940 940 938 938 933 930 928 928 925
    920 920 918 915 913 910 908 908 906 903 901 898 894 894 891 891 889
    885 882 882 878 875 873 871 869 867 864 864 862 858 858 856 854 851
    849 849 847 843 841 841 839 837 835 833 831 831 829 829 831 831 856
    856 862 880 885 885 885 0 0 973 973 970 967 964 959 956 954 951 951
    948 948 943 943 940 938 938 933 930 928 925 923 920 920 918 915 913
    910 908 908 906 901 898 896 894 891 891 889 887 885 882 882 878 875
    873 871 869 867 867 864 862 860 858 856 854 851 849 849 847 843 841
    839 839 839 835 833 831 831 829 829 831 831 854 854 862 878 885 885
    885 0 0 973 973 970 967 964 959 956 954 951 951 948 946 943 943 940
    938 938 933 928 928 925 923 920 918 918 915 913 910 908 908 906 901
    898 896 894 891 891 889 887 885 882 882 878 875 875 871 869 867 867
    864 862 860 858 856 854 851 849 849 845 843 841 839 839 839 837 833
    833 831 831 831 831 835 854 854 867 875 885 885 885 0 0 973 973 970
    967 964 959 956 954 951 951 948 946 943 940 940 938 938 933 928 928
    923 923 920 918 918 915 910 908 908 906 906 901 901 896 894 891 891
    889 887 885 882 882 880 878 873 873 869 867 867 864 862 860 858 856
    854 851 849 849 845 843 841 839 839 839 835 833 833 831 831 831 831
    835 849 854 864 875 885 885 885 0 0 973 973 970 967 964 959 959 956
    954 951 948 946 943 940 940 938 938 933 928 928 923 923 920 918 918
    915 910 908 908 906 906 901 901 898 894 894 891 889 887 885 882 882
    880 878 873 873 871 867 867 864 862 860 858 856 856 851 849 849 845
    843 841 841 839 839 835 833 833 831 831 831 833 841 849 854 864 873
    885 885 887 0 0 973 970 970 967 964 959 959 956 954 951 948 946 943
    940 940 938 938 930 928 928 923 923 920 918 915 915 910 910 908 906
    903 901 901 898 894 894 891 891 889 887 885 882 880 878 873 873 871
    867 867 864 862 860 858 856 856 851 849 847 843 841 841 839 839 837
    835 833 833 831 831 831 831 833 851 858 867 871 885 885 0 0 0 970
    970 970 970 967 962 959 956 951 951 948 946 943 940 940 938 938 930
    928 928 925 923 920 918 915 915 910 910 908 906 903 901 901 898 894
    894 891 891 889 887 885 882 878 875 873 871 869 867 864 864 862 860
    858 856 854 851 849 847 843 841 841 839 839 837 835 833 833 831 831
    831 831 833 856 862 867 871 880 885 0 0 0 970 970 970 970 967 962
    959 956 951 951 948 948 946 940 940 938 938 933 928 928 928 925 923
