<?xml version="1.0"?>
<opencv_storage>
<Depth5049 type_id="opencv-matrix">
  <rows>9</rows>
  <cols>14</cols>
  <dt>w</dt>
  <data>
    6146 6146 6146 6146 0 6259 6259 6259 6259 6259 6259 6259 6259 6375
    6146 6146 6146 6146 6259 6259 6259 6259 6259 6146 6146 6146 6146
    6259 6146 6146 6146 6146 6259 6259 6259 6259 6259 6146 6146 6146
    6146 6259 6146 6259 6259 6259 6259 6259 6259 6259 6146 6146 6146
    6146 6146 6259 6146 6146 6146 6146 6259 6259 6259 6259 6146 6146
    6146 6146 6146 6259 6146 6146 6146 6146 6259 6259 6259 6259 6146
    6146 6146 6146 6146 6259 6146 6146 6146 6146 6146 6259 6259 6259
    6146 6146 6146 6259 6259 6259 6146 6146 6146 6146 6146 6146 6146
    6259 6146 6146 6146 6259 6259 6259 6146 6146 6146 6146 6146 6146
    6146 6259 5832 5832 6146 6146 5832 5832</data></Depth5049>
</opencv_storage>
