<?xml version="1.0"?>
<opencv_storage>
<Depth12390 type_id="opencv-matrix">
  <rows>10</rows>
  <cols>7</cols>
  <dt>w</dt>
  <data>
    5548 5548 5548 5640 5734 5734 5640 5460 5460 5548 5640 5734 5640
    5548 5460 5460 5548 5640 5734 5640 5548 5548 5460 5460 5640 5640
    5640 5734 5548 5460 5460 5640 5640 5640 5734 5548 5460 5460 5460
    5374 5374 5460 5734 5460 5460 5460 5374 5374 5460 5734 5460 5460
    5460 5460 5548 5640 5734 5640 5460 5460 5548 5734 0 5734 5640 5640
    5548 5548 5640 0</data></Depth12390>
</opencv_storage>
