<?xml version="1.0"?>
<opencv_storage>
<Depth2822 type_id="opencv-matrix">
  <rows>45</rows>
  <cols>14</cols>
  <dt>w</dt>
  <data>
    2883 2859 2859 2859 2859 2859 2835 2835 2859 2859 2859 2859 2859
    2883 2883 2883 2883 2883 2859 2859 2859 2859 2859 2859 2859 2859
    2859 2883 2883 2883 2883 2883 2883 2883 2883 2883 2859 2859 2859
    2883 2883 2883 2908 2883 2883 2883 2883 2883 2883 2883 2883 2859
    2859 2883 2883 2883 2908 2908 2908 2883 2883 2908 2908 2883 2883
    2883 2883 2883 2908 2908 2908 2908 2908 2908 2908 2908 2908 2908
    2908 2883 2883 2883 2908 2908 2933 2933 2933 2908 2908 2908 2908
    2908 2908 2883 2883 2908 2908 2908 2908 2933 2933 2933 2933 2933
    2933 2908 2908 2883 2883 2908 2908 2908 2883 2933 2933 2933 2933
    2933 2933 2933 2908 2908 2908 2908 2908 2958 2883 2933 2958 2958
    2958 2933 2933 2933 2933 2908 2908 2933 2958 2958 2984 2984 2984
    2984 2984 2958 2933 2933 2933 2933 2933 2933 2958 2933 3010 2984
    2984 2984 2984 2958 2958 2958 2933 2933 2933 2958 2958 2933 3010
    3010 3010 3010 2984 2984 2958 2958 2958 2958 2958 2958 2958 2958
    3010 3010 3010 3010 3010 2984 2958 2958 2958 2958 2958 2958 2958
    2958 2984 3010 3010 3010 3010 2984 2984 2984 2984 2984 2984 2984
    2984 2984 2984 3010 3010 3010 3010 3010 2984 2958 2958 2984 2984
    3010 3010 3010 3037 3010 3010 3010 3010 3010 2984 2958 2958 2984
    3010 3010 3010 3037 3037 3010 3010 3010 3037 3010 3010 3010 2984
    2984 3010 3037 3037 3037 0 3010 3010 3010 3037 3037 3010 3010 3010
    3010 3010 3037 3037 3037 0 3037 3037 3037 3037 3037 3037 3037 3010
    3010 3037 3037 3064 3064 0 3064 3037 3037 3037 3037 3037 3037 3037
    3037 3037 3037 3064 3092 0 3064 3064 3037 3037 3037 3037 3037 3037
    3037 3037 3064 3064 3092 3064 3064 3064 3064 3037 3037 3037 3037
    3037 3037 3037 3037 3064 3092 3064 3064 3092 3092 3064 3064 3064
    3037 3037 3037 3037 3037 3064 3092 0 3092 3092 3120 3120 3120 3092
    3064 3064 3037 3037 3064 3064 3092 0 3120 3120 3120 3120 3120 3120
    3092 3092 3092 3092 3092 3092 3092 0 3149 3149 3120 3120 3120 3120
    3120 3120 3120 3120 3120 3120 3120 0 3178 3149 3120 3120 3120 3120
    3120 3120 3092 3092 3120 3120 3120 0 3178 3149 3120 3120 3120 3120
    3120 3120 3092 3092 3120 3149 3178 0 0 3149 3120 3120 3120 3120 3120
    3120 3120 3120 3120 3149 3178 0 0 3149 3149 3120 3120 3120 3120 3120
    3120 3120 3120 3149 3178 0 0 3178 3149 3120 3120 3120 3120 3120 3120
    3120 3120 3149 3208 0 0 3208 3178 3149 3149 3149 3149 3149 3149 3149
    3149 3149 3238 0 0 3238 3178 3178 3149 3149 3149 3149 3149 3149 3149
    3208 3238 0 3269 3238 3208 3178 3178 3149 3149 3149 3149 3149 3149
    3208 3238 0 3238 3238 3238 3208 3178 3178 3178 3149 3149 3178 3178
    3208 3269 0 3208 3208 3238 3238 3208 3208 3208 3178 3178 3208 3208
    3208 3269 0 3208 3208 3238 3238 3208 3208 3208 3208 3208 3208 3208
    3208 3269 0 3208 3208 3238 3238 3238 3238 3208 3208 3208 3208 3208
    3208 3269 2450 3238 3238 3238 3238 3238 3238 3208 3208 3208 3208
    3208 3208 3238 2450 2450 2450 2450 3238 3238 3238 3208 3208 3208
    3208 3238 3238 3238 2450 2450 2450 2450 2450 3238 3238 3238 3208
    3208 3238 3238 3238 3238 2450 2450 2450 2450 2450 3238 3238 3238
    3238 3238 3238 3238 3238 3269 2450 2450 2450 2450 2467 2485 2485
    3238 3238 3238 3269 3300 3300 3269 2450 2450 2467 2467 2485 2485
    2485 2485 3269 3238 3238 3269 3333 2659</data></Depth2822>
</opencv_storage>
