<?xml version="1.0"?>
<opencv_storage>
<Depth1594 type_id="opencv-matrix">
  <rows>94</rows>
  <cols>64</cols>
  <dt>w</dt>
  <data>
    3653 3614 3614 3614 3614 3653 3614 3576 3576 3539 3539 3539 3539
    3539 3503 3503 3503 3503 3503 3468 3468 3433 3433 3399 3399 3399
    3399 3399 3399 3365 3365 3365 3365 3365 3333 3300 1054 1054 3269
    3238 3208 3208 3300 1028 1025 1025 1022 1022 1019 1016 1016 1019
    1022 1028 1031 1031 3092 3092 3064 3037 3037 3010 3010 3010 3653
    3614 3614 3614 3614 3653 3614 3614 3576 3576 3539 3503 3503 3503
    3503 3503 3503 3503 3468 3468 3433 3399 3399 3399 3399 3399 3399
    3399 3399 3365 3365 3365 3365 3365 3365 1054 1050 1050 1050 1041
    1041 1041 1038 1028 1025 1025 1022 1022 1016 1016 1016 1016 1019
    1025 1028 1031 1031 1067 1067 1067 3037 3037 3037 3037 3653 3614
    3614 3614 3614 3614 3614 3614 3576 3576 3539 3503 3503 3503 3503
    3503 3503 3503 3468 3468 3433 3399 3399 3399 1070 1070 1070 3365
    3365 3365 1054 1054 1057 1054 1054 1050 1050 1044 1041 1041 1038
    1038 1034 1028 1028 1028 1022 1022 1016 1016 1016 1016 1019 1025
    1028 1031 1070 1067 1067 1067 0 3064 3064 3037 3653 3614 3614 3614
    3614 3614 1119 1119 3614 3576 3539 3539 3539 1094 1094 1080 1080
    1077 1077 3468 3468 1077 1070 1070 1067 1067 1063 1060 1060 1060
    1054 1054 1054 1050 1050 1050 1047 1044 1041 1041 1038 1038 1034
    1028 1028 1025 1025 1022 1016 1016 1016 1016 1019 1022 1028 1031
    1060 1063 1063 1063 1090 1090 3037 3037 3653 3653 3653 3653 3653
    1119 1119 1115 1112 1112 1112 1094 1094 1090 1087 1080 1080 1077
    1077 1077 1077 1073 1070 1070 1067 1067 1063 1060 1060 1057 1054
    1054 1054 1047 1047 1044 1044 1044 1041 1038 1038 1034 1034 1028
    1028 1025 1025 1022 1016 1016 1016 1016 1019 1022 1025 1034 1057
    1060 1063 1077 1090 1090 1090 1090 3653 3653 3653 1112 1112 1112
    1112 1108 1105 1097 1094 1094 1094 1090 1087 1080 1080 1077 1077
    1077 1077 1073 1073 1070 1067 1063 1063 1060 1057 1057 1054 1054
    1050 1047 1047 1044 1044 1044 1041 1038 1034 1034 1034 1028 1028
    1025 1025 1022 1016 1016 1016 1016 1019 1022 1025 1038 1057 1060
    1063 1073 1087 1090 1090 1090 1112 1112 1112 1112 1112 1112 1108
    1105 1101 1097 1094 1094 1094 1090 1087 1084 1080 1080 1077 1077
    1077 1077 1073 1070 1067 1063 1063 1060 1057 1054 1054 1054 1050
    1050 1047 1047 1044 1041 1038 1038 1034 1034 1031 1028 1028 1025
    1025 1025 1019 1016 1016 1016 1016 1019 1025 1038 1054 1060 1063
    1073 1080 1090 1090 1090 1112 1112 1112 1108 1108 1108 1105 1105
    1101 1097 1094 1094 1090 1087 1087 1087 1084 1080 1080 1080 1077
    1077 1073 1070 1067 1063 1063 1060 1057 1054 1054 1054 1050 1050
    1050 1047 1044 1041 1038 1038 1034 1034 1031 1028 1028 1025 1025
    1025 1019 1016 1016 1016 1016 1019 1028 1044 1054 1060 1067 1073
    1080 1094 1097 1097 0 1112 1112 1108 1108 1108 1105 1105 1101 1097
    1094 1094 1090 1087 1087 1087 1084 1080 1080 1080 1077 1077 1073
    1070 1067 1063 1063 1063 1060 1054 1054 1054 1050 1050 1050 1047
    1044 1041 1038 1038 1038 1038 1031 1028 1028 1025 1025 1025 1019
    1016 1013 1013 1016 1019 1028 1041 1047 1057 1067 1070 1077 1094
    1094 3010 0 1115 1112 1108 1108 1108 1105 1105 1101 1097 1094 1094
    1090 1090 1090 1087 1084 1080 1080 1080 1080 1077 1073 1070 1067
    1063 1063 1063 1060 1054 1054 1054 1050 1050 1047 1044 1044 1041
    1038 1038 1038 1038 1031 1028 1028 1025 1025 1025 1019 1016 1013
    1013 1016 1025 1034 1038 1047 1057 1067 1070 1077 1077 1084 3010 0
    1115 1115 1108 1108 1108 1105 1105 1101 1097 1097 1094 1090 1090
    1090 1087 1084 1084 1080 1080 1080 1077 1073 1070 1067 1063 1063
    1063 1060 1057 1054 1054 1050 1050 1047 1044 1044 1041 1038 1038
    1038 1038 1031 1028 1028 1025 1025 1025 1019 1016 1016 1016 1016
    1028 1034 1038 1047 1054 1067 1070 1073 1084 1084 3010 1119 1115
    1112 1108 1108 1108 1105 1105 1097 1097 1094 1094 1090 1090 1087
    1084 1084 1080 1080 1080 1080 1077 1073 1070 1067 1063 1063 1063
    1060 1057 1054 1054 1050 1050 1047 1044 1044 1041 1041 1038 1038
    1034 1031 1028 1028 1025 1025 1025 1016 1013 1013 1013 1016 1025
    1034 1038 1044 1054 1067 1070 1073 1080 1080 1080 1115 1115 1112
    1108 1108 1105 1105 1105 1097 1097 1094 1094 1090 1090 1087 1084
    1084 1080 1080 1080 1077 1073 1073 1070 1067 1063 1060 1060 1060
    1057 1057 1054 1054 1050 1047 1044 1044 1041 1041 1038 1038 1034
    1031 1028 1028 1025 1025 1025 1016 1013 1013 1013 1016 1025 1031
    1038 1044 1050 1070 1073 1077 1080 1080 1097 1115 1115 1108 1108
    1108 1105 1105 1101 1101 1097 1094 1090 1090 1090 1087 1084 1084
    1080 1080 1077 1077 1073 1070 1067 1067 1063 1060 1060 1057 1057
    1057 1054 1054 1050 1047 1044 1044 1041 1041 1041 1038 1034 1031
    1028 1028 1028 1025 1022 1016 1013 1013 1013 1013 1022 1031 1038
    1044 1050 1070 1073 1077 1084 1097 0 1119 1115 1108 1108 1108 1105
    1105 1101 1101 1097 1094 1090 1090 1090 1087 1084 1084 1080 1077
    1077 1073 1073 1070 1067 1067 1063 1060 1060 1057 1057 1054 1054
    1054 1050 1050 1047 1044 1041 1041 1041 1038 1034 1031 1028 1028
    1028 1025 1022 1016 1013 1013 1013 1013 1022 1031 1038 1044 1050
    1070 1073 1077 1084 1097 1097 1115 1115 1112 1108 1108 1105 1105
    1105 1101 1097 1097 1090 1090 1090 1087 1084 1080 1080 1077 1077
    1073 1073 1070 1070 1067 1063 1060 1060 1060 1057 1054 1054 1054
    1050 1050 1047 1044 1041 1041 1038 1038 1034 1031 1031 1028 1025
    1025 1022 1016 1013 1013 1013 1016 1022 1031 1038 1044 1050 1067
    1077 1077 1084 1097 1097 1112 1112 1112 1108 1108 1105 1105 1105
    1101 1101 1097 1090 1090 1090 1087 1084 1080 1080 1077 1077 1077
    1073 1070 1070 1067 1063 1060 1060 1060 1057 1054 1054 1054 1050
    1050 1047 1044 1041 1041 1038 1038 1034 1031 1028 1028 1025 1025
    1022 1016 1016 1013 1013 1016 1016 1034 1038 1044 1050 1063 1077
    1077 1084 1094 1094 1112 1112 1108 1108 1108 1105 1105 1105 1101
    1097 1094 1090 1090 1087 1087 1084 1080 1080 1080 1077 1077 1073
    1073 1070 1067 1063 1063 1060 1060 1057 1054 1054 1054 1050 1050
    1047 1047 1041 1041 1038 1034 1034 1031 1028 1028 1025 1025 1022
    1016 1016 1013 1013 1013 1016 1034 1041 1044 1050 1063 1073 1077
    1080 1094 1094 0 1112 1108 1108 1108 1105 1105 1105 1101 1097 1094
    1090 1090 1087 1087 1084 1080 1080 1080 1077 1077 1077 1073 1070
    1067 1067 1063 1060 1057 1054 1054 1054 1054 1050 1050 1047 1044
    1041 1038 1038 1034 1034 1031 1028 1028 1025 1025 1025 1019 1016
    1013 1013 1013 1016 1031 1038 1041 1050 1060 1073 1077 1080 1080 0
    1112 1112 1108 1108 1108 1105 1105 1105 1101 1097 1094 1090 1090
    1087 1087 1084 1080 1080 1080 1077 1077 1077 1073 1070 1067 1063
    1063 1060 1057 1054 1054 1054 1054 1050 1050 1047 1044 1041 1038
    1038 1034 1034 1028 1028 1025 1025 1025 1022 1019 1016 1013 1013
    1013 1016 1031 1038 1041 1050 1060 1073 1077 1080 1087 0 1112 1112
    1108 1108 1108 1105 1105 1101 1097 1097 1094 1090 1090 1087 1087
    1087 1080 1080 1080 1077 1077 1077 1073 1070 1067 1063 1063 1060
    1057 1054 1054 1054 1050 1050 1050 1047 1044 1041 1038 1038 1034
    1031 1028 1028 1025 1025 1025 1022 1019 1016 1013 1013 1013 1016
    1031 1034 1038 1054 1060 1070 1077 1084 1084 0 1115 1112 1112 1108
    1108 1105 1101 1101 1097 1097 1094 1090 1090 1087 1087 1087 1080
    1080 1080 1077 1077 1077 1073 1070 1067 1063 1063 1060 1057 1054
    1054 1054 1050 1050 1047 1044 1041 1041 1038 1038 1034 1031 1028
    1028 1025 1025 1025 1022 1016 1013 1013 1013 1013 1016 1034 1034
    1038 1054 1060 1067 1077 1084 1084 0 1115 1115 1112 1108 1105 1105
    1101 1101 1097 1097 1094 1090 1090 1087 1087 1087 1080 1080 1077
    1073 1073 1073 1073 1070 1067 1063 1063 1060 1057 1054 1054 1054
    1054 1050 1047 1044 1041 1041 1038 1038 1034 1031 1028 1028 1025
    1025 1025 1022 1016 1013 1013 1013 1013 1016 1034 1034 1038 1054
    1060 1067 1077 1084 1084 0 1115 1112 1112 1108 1105 1105 1101 1101
