<?xml version="1.0"?>
<opencv_storage>
<Depth18488 type_id="opencv-matrix">
  <rows>101</rows>
  <cols>41</cols>
  <dt>w</dt>
  <data>
    2349 2349 2333 2333 2317 2317 2333 2333 2333 2365 2381 2381 2381
    2381 2415 2398 2398 2398 1415 1415 1410 1410 1594 1594 1586 1579
    1572 1572 1572 1572 1579 1594 3208 3208 3208 3208 3208 3208 3208
    3178 3178 2333 2333 2333 2333 2333 2333 2333 2333 2333 2365 2381
    2381 2381 2381 2398 2398 1415 1415 1415 1415 1410 1410 1410 1594
    1579 1557 1557 1557 1564 1564 1579 1594 1594 3208 3208 3208 3208
    3208 3208 3178 3178 2317 2317 2333 2333 2333 2333 2333 2333 2349
    2365 2381 1503 1503 2381 2398 2398 1415 1415 1410 1410 1410 1410
    1410 1477 1477 1477 1477 1550 1564 1564 1564 1579 1579 3238 3238
    3208 3208 3208 3208 3178 3178 2317 2317 2333 2333 2333 2333 2333
    2333 2349 1477 1477 1489 1496 1496 1496 1496 1415 1415 1410 1410
    1410 1410 1410 1477 1477 1477 1477 1483 1483 1536 1564 1579 1579
    3238 3208 3208 3208 3208 3208 3208 3178 2317 2317 2333 2349 2349
    1445 1445 1458 1464 1470 1477 1483 1489 1489 1477 1433 1427 1421
    1410 1410 1410 1410 1410 1421 1477 1477 1477 1477 1483 1523 1557
    1572 1572 3238 3208 3208 3178 3178 3208 3208 3208 2301 2317 2333
    2333 1445 1445 1445 1452 1458 1470 1470 1477 1477 1470 1439 1427
    1427 1421 1415 1410 1410 1410 1410 1421 1421 1464 1477 1477 1483
    1523 1550 1557 1564 1564 3208 3178 3178 3178 3178 3208 3208 2301
    2301 2317 1445 1445 1439 1439 1445 1452 1458 1458 1458 1458 1427
    1427 1421 1421 1415 1415 1410 1404 1404 1410 1410 1421 1452 1470
    1477 1489 1523 1550 1557 1564 1564 3178 3178 3178 3178 3178 3208
    3208 2301 1458 1452 1445 1445 1439 1439 1445 1445 1452 1445 1439
    1427 1427 1427 1421 1415 1410 1410 1410 1404 1404 1410 1410 1421
    1452 1458 1483 1509 1516 1543 1557 1572 1579 3178 3178 3178 3178
    3178 3208 3178 1452 1452 1452 1445 1445 1439 1439 1445 1445 1445
    1439 1433 1427 1427 1427 1421 1415 1410 1410 1410 1404 1404 1410
    1410 1421 1445 1458 1483 1503 1516 1536 1557 1572 1579 1579 3178
    3178 3178 3178 3178 3178 1452 1452 1452 1445 1445 1439 1439 1445
    1445 1439 1433 1433 1427 1427 1427 1421 1415 1410 1410 1410 1404
    1404 1410 1415 1433 1445 1464 1477 1503 1509 1529 1557 1572 1579
    1579 3178 3178 3178 3178 3178 3178 1452 1445 1445 1452 1445 1439
    1439 1445 1445 1439 1433 1433 1427 1427 1427 1421 1421 1415 1410
    1410 1410 1410 1410 1415 1427 1445 1458 1477 1496 1509 1529 1564
    1564 1579 1579 3178 3178 3178 3178 3178 3178 1452 1445 1445 1445
    1445 1445 1445 1445 1445 1439 1433 1433 1433 1427 1427 1421 1421
    1415 1415 1410 1410 1410 1415 1421 1427 1445 1458 1483 1496 1509
    1529 1564 1564 1572 1579 1579 3208 3178 3178 3178 3178 1445 1445
    1452 1445 1445 1445 1445 1445 1445 1439 1439 1439 1433 1433 1427
    1421 1421 1421 1415 1410 1410 1410 1415 1421 1427 1439 1452 1489
    1503 1509 1529 1564 1564 1572 1579 1579 3208 3178 3178 3178 3178
    1445 1445 1452 1445 1445 1445 1445 1445 1445 1439 1439 1439 1433
    1433 1427 1421 1421 1415 1415 1415 1415 1415 1415 1421 1427 1433
    1445 1489 1503 1509 1529 1557 1557 1564 1564 1564 3208 3178 3178
    3178 3178 2241 1452 1445 1445 1445 1445 1445 1445 1445 1439 1439
    1439 1433 1433 1427 1421 1421 1415 1415 1415 1415 1415 1415 1421
    1427 1433 1445 1458 1503 1509 1529 1543 1557 1564 1564 1564 3208
    3178 3178 3178 3178 2241 1452 1445 1445 1445 1445 1445 1445 1445
    1439 1439 1433 1433 1433 1427 1427 1421 1415 1415 1415 1410 1410
    1415 1421 1427 1439 1452 1458 1496 1516 1529 1536 1557 1564 1564
    1564 3178 3178 3178 3178 3178 1445 1445 1445 1445 1445 1445 1445
    1445 1445 1439 1439 1433 1433 1433 1427 1421 1421 1415 1415 1415
    1410 1410 1410 1415 1421 1439 1452 1464 1489 1509 1523 1536 1557
    1564 1564 1564 3178 3178 3178 3178 3178 1445 1445 1445 1452 1452
    1445 1445 1445 1445 1445 1439 1439 1433 1433 1427 1421 1421 1415
    1415 1415 1410 1410 1410 1415 1421 1433 1452 1470 1483 1496 1503
    1536 1557 1564 1564 1564 3178 3178 3178 3178 3178 2241 1452 1452
    1452 1452 1445 1445 1452 1445 1445 1445 1439 1439 1433 1427 1427
    1427 1421 1415 1415 1410 1410 1410 1415 1421 1433 1445 1458 1477
    1489 1503 1543 1564 1564 1564 3178 3178 3178 3178 3178 3178 2241
    1458 1458 1458 1452 1445 1445 1452 1445 1445 1445 1445 1439 1433
    1427 1427 1421 1421 1415 1415 1410 1410 1410 1415 1427 1433 1445
    1452 1464 1483 1503 1550 1557 1564 1572 3178 3178 3178 3178 3178
    3178 2241 1464 1464 1458 1452 1445 1445 1452 1445 1445 1445 1445
    1439 1433 1427 1427 1421 1421 1421 1415 1410 1410 1410 1415 1421
    1433 1445 1452 1464 1477 1496 1529 1557 1572 1572 1572 3208 3208
    3178 3178 3178 2226 1464 1464 1452 1445 1445 1445 1452 1445 1445
    1445 1445 1439 1433 1427 1427 1427 1421 1421 1415 1410 1410 1415
    1415 1421 1433 1445 1452 1464 1477 1496 1523 1536 1564 1564 1564
    3238 3208 3208 3178 3178 2226 2212 1464 1452 1445 1445 1445 1452
    1445 1445 1445 1445 1439 1439 1427 1427 1427 1421 1421 1415 1410
    1410 1410 1415 1421 1433 1445 1452 1464 1483 1509 1516 1529 1564
    1564 1564 1564 3238 3208 3208 3178 2212 2198 2184 1452 1452 1445
    1445 1452 1445 1445 1445 1445 1439 1439 1433 1427 1427 1421 1415
    1415 1410 1410 1410 1415 1421 1427 1445 1452 1470 1483 1503 1516
    1529 1557 1557 1564 1564 3238 3208 3208 3208 2212 2198 2184 1452
    1452 1452 1452 1452 1445 1445 1445 1445 1439 1439 1433 1427 1427
    1421 1415 1410 1410 1410 1410 1415 1421 1427 1439 1452 1458 1489
    1503 1516 1529 1557 1557 1564 1564 3238 3238 3238 3208 2432 2432
    2432 1452 1452 1452 1452 1452 1445 1445 1445 1439 1439 1433 1433
    1427 1427 1421 1415 1410 1410 1410 1410 1410 1421 1427 1439 1445
    1452 1489 1509 1516 1536 1557 1557 1564 1564 3238 3238 3238 3208
    2432 2415 1470 1452 1452 1452 1452 1452 1445 1445 1445 1439 1439
    1433 1433 1427 1427 1421 1421 1415 1415 1410 1410 1410 1421 1427
    1439 1445 1452 1470 1509 1516 1536 1550 1564 1564 1564 3238 3238
    3238 3208 2432 2415 1464 1458 1458 1452 1452 1452 1445 1445 1445
    1439 1439 1433 1433 1427 1427 1421 1421 1415 1415 1415 1415 1415
    1421 1427 1439 1445 1452 1464 1509 1523 1536 1550 1564 1572 1572
    3238 3238 3208 3208 2415 2415 1464 1458 1458 1452 1452 1452 1452
    1445 1445 1445 1439 1433 1433 1427 1427 1427 1421 1421 1415 1415
    1415 1415 1415 1421 1439 1445 1452 1458 1503 1509 1523 1550 1564
    1572 1579 3238 3208 3208 3178 2415 2415 1464 1458 1458 1458 1458
    1458 1452 1452 1445 1445 1445 1433 1433 1427 1427 1427 1421 1421
    1415 1415 1415 1415 1415 1421 1427 1439 1452 1458 1503 1509 1523
    1550 1564 1572 1579 3208 3208 3208 3178 2415 2415 2398 1458 1458
    1458 1458 1458 1452 1452 1445 1445 1439 1433 1433 1427 1427 1427
    1421 1421 1415 1415 1415 1415 1415 1421 1427 1433 1445 1452 1503
    1509 1523 1550 1564 1564 1564 3208 3178 3178 3178 2415 2415 2415
    1458 1458 1458 1458 1458 1452 1452 1452 1445 1439 1433 1433 1427
    1427 1427 1421 1421 1421 1415 1415 1415 1415 1421 1427 1433 1439
    1452 1489 1509 1523 1550 1557 1564 1564 3208 3178 3178 3178 2432
    2432 2415 1458 1458 1458 1458 1458 1452 1452 1452 1445 1439 1439
    1433 1427 1427 1427 1421 1421 1421 1415 1415 1415 1415 1421 1427
    1433 1439 1452 1464 1489 1516 1550 1557 1564 1564 3238 3238 3178
    3178 2432 2432 2415 1464 1464 1458 1458 1458 1452 1452 1452 1445
    1439 1439 1433 1427 1427 1427 1427 1421 1421 1415 1415 1415 1415
    1415 1421 1433 1445 1452 1464 1483 1516 1557 1564 1564 1564 3269
    3238 3178 3178 2432 2432 2415 1464 1458 1458 1458 1458 1452 1452
    1452 1445 1439 1439 1433 1433 1427 1427 1427 1421 1421 1415 1415
    1415 1415 1415 1421 1433 1445 1458 1470 1477 1496 1557 1564 1564
    1579 3269 3208 3178 3178 2432 2432 2415 2415 1458 1458 1458 1464
    1458 1452 1452 1445 1445 1439 1433 1433 1427 1427 1427 1421 1421
    1415 1415 1415 1415 1415 1421 1433 1452 1452 1470 1477 1496 1557
