<?xml version="1.0"?>
<opencv_storage>
<Depth6706 type_id="opencv-matrix">
  <rows>116</rows>
  <cols>78</cols>
  <dt>w</dt>
  <data>
    3238 3238 3238 3269 3365 3365 0 0 0 0 0 0 0 0 0 0 0 0 898 896 894
    891 891 891 894 894 898 0 0 0 0 0 0 0 0 0 0 0 0 0 0 0 0 0 0 0 0 0 0
    0 0 0 0 0 0 0 0 0 0 0 0 0 0 0 0 0 0 0 0 0 0 0 0 0 0 0 0 0 3238 3238
    3269 3269 3269 3269 0 0 0 0 0 0 0 0 0 0 908 903 898 894 891 889 889
    889 894 894 898 898 898 898 0 0 0 0 0 0 0 0 0 0 0 0 0 0 0 0 0 0 0 0
    0 0 0 0 0 0 0 0 0 0 0 0 0 0 0 0 0 0 0 0 0 0 0 0 0 0 0 0 0 3333 3333
    3300 3269 3238 3238 3238 0 0 0 0 0 0 0 0 908 903 901 894 889 887 887
    889 889 891 896 896 896 898 0 913 913 913 913 0 0 0 0 0 0 0 0 0 0 0
    0 0 0 0 0 0 0 0 0 0 0 0 0 0 0 0 0 0 0 0 0 0 0 0 0 0 0 0 0 0 0 0 0
    3365 3333 3300 3269 3238 3238 3238 0 0 0 0 0 0 0 0 908 903 901 891
    889 887 887 887 889 889 891 896 896 898 906 906 913 913 913 0 0 0 0
    0 0 0 0 0 0 0 0 0 0 0 0 0 0 0 0 0 0 0 0 0 0 0 0 0 0 0 0 0 0 0 0 0 0
    0 0 0 0 0 0 3365 3333 3333 3300 3300 0 0 0 0 0 0 0 0 923 915 908 903
    898 891 887 887 887 887 887 887 889 894 896 898 903 906 910 913 915
    920 0 0 0 0 0 0 0 0 0 0 0 0 0 0 0 0 0 0 0 0 0 0 0 0 0 0 0 0 0 0 0 0
    0 0 0 0 0 0 0 0 0 0 0 3365 3333 3333 3333 3333 0 0 0 0 0 0 0 925 923
    915 910 903 894 889 887 887 887 887 887 887 889 891 894 898 901 908
    908 910 915 918 920 925 928 0 0 0 0 0 0 0 0 0 0 0 0 0 0 0 0 0 0 0 0
    0 0 0 0 0 0 0 0 0 0 0 0 0 0 0 0 0 0 0 0 0 3333 3333 3333 3333 0 0 0
    0 0 0 0 925 923 915 908 903 894 887 885 882 882 882 885 887 889 891
    894 896 901 906 906 910 915 918 920 923 925 925 0 0 0 0 0 0 0 0 0 0
    0 0 0 0 0 0 0 0 0 0 0 0 0 0 0 0 0 0 0 0 0 0 0 0 0 0 0 0 0 0 0 0 0 0
    0 0 0 0 0 0 933 928 923 913 906 901 894 887 882 882 880 880 882 885
    889 891 891 896 898 906 906 908 913 915 920 923 925 925 930 930 0 0
    0 0 0 0 0 0 0 0 0 0 0 0 0 0 0 0 0 0 0 0 0 0 0 0 0 0 0 0 0 0 0 0 0 0
    0 0 0 0 0 0 0 0 0 0 0 938 933 928 918 910 903 898 894 885 880 878
    878 878 880 885 887 889 889 896 898 906 906 906 908 913 915 923 925
    928 928 930 933 933 0 0 0 0 0 0 0 0 0 0 0 0 0 0 0 0 0 0 0 0 0 0 0 0
    0 0 0 0 0 0 0 0 0 0 0 0 0 0 0 0 0 0 0 0 943 938 933 930 913 906 903
    898 889 882 878 878 878 878 880 882 885 887 889 894 896 903 906 906
    908 910 913 915 918 923 925 928 930 933 935 938 0 0 0 0 0 0 0 0 0 0
    0 0 0 0 0 0 0 0 0 0 0 0 0 0 0 0 0 0 0 0 0 0 0 0 0 0 0 0 0 0 951 951
    943 935 930 928 910 906 901 896 887 880 878 875 875 875 880 880 885
    885 887 891 894 898 903 906 908 910 913 915 918 918 923 925 928 933
    935 935 938 943 946 0 0 0 0 0 0 0 0 0 0 0 0 0 0 0 0 0 0 0 0 0 0 0 0
    0 0 0 0 0 0 0 0 0 0 0 0 0 951 951 943 935 928 925 910 906 901 894
    885 880 878 875 875 875 880 880 882 885 887 889 894 898 901 906 908
    910 913 915 918 918 920 925 928 933 933 935 938 943 946 946 948 946
    946 0 0 0 0 0 3653 3653 0 0 0 0 0 0 0 0 0 0 0 0 0 0 0 0 3468 3468 0
    0 0 0 0 0 0 954 954 951 943 933 928 923 908 903 896 891 885 878 875
    875 873 873 878 880 882 885 887 889 891 896 901 903 906 908 913 915
    918 918 920 923 925 930 933 935 938 938 943 946 948 946 946 956 0 0
    0 0 3653 3576 3539 3539 3539 3539 3468 3468 3503 3503 3468 3468 0 0
    0 3503 3503 3503 3468 3468 0 0 0 0 0 0 0 954 954 954 938 933 925 918
    908 903 894 891 882 878 875 873 873 873 878 882 882 882 887 887 891
    896 898 903 906 908 910 915 915 918 918 920 925 928 933 933 935 938
    940 946 951 954 954 956 959 964 964 964 3653 3576 3539 3539 3539
    3539 3468 3468 3503 3503 3468 3468 3503 3503 3503 3503 3503 3503
    3503 3468 0 0 0 0 0 0 962 954 954 951 938 933 923 910 906 901 894
    887 880 875 873 871 871 873 878 880 880 882 885 887 891 896 898 901
    903 906 910 913 915 915 918 918 923 928 930 933 935 938 938 943 946
    954 954 956 959 962 962 964 964 964 3653 3653 3614 3539 3468 3468
    3503 3468 3468 3503 3503 3503 3503 3503 3503 3503 3503 3503 0 0 0 0
    0 0 962 956 956 940 935 930 920 910 906 898 894 887 880 875 871 869
    869 873 875 878 880 880 882 885 887 894 896 898 901 906 908 910 915
    915 915 918 920 925 930 933 935 935 938 940 943 948 951 956 959 962
    962 962 964 981 981 981 981 975 3503 3503 3503 3468 3468 3468 3503
    3503 3503 3503 3503 3539 3503 3503 0 0 0 0 0 0 962 959 954 938 935
    930 918 910 903 896 894 885 880 873 869 867 867 871 875 878 878 880
    882 885 885 891 896 898 901 903 906 908 910 915 915 915 918 923 928
    930 933 935 935 938 940 946 948 951 959 962 962 962 967 970 975 978
    975 975 975 981 3468 3468 3468 3468 3468 3468 3468 0 0 3539 3503
    3503 0 0 0 0 0 964 962 959 948 938 933 925 915 908 903 896 891 885
    878 871 867 867 867 869 871 875 878 880 880 882 885 889 894 896 898
    901 903 906 910 913 915 915 918 920 928 930 930 933 935 938 938 943
    946 948 956 959 959 962 967 970 973 975 975 975 981 981 987 989 989
    989 992 0 0 0 0 0 0 0 0 0 0 0 0 962 959 956 943 938 933 925 915 906
    901 894 889 882 878 869 864 862 862 867 867 873 875 878 878 880 882
    887 891 896 898 901 903 906 908 913 913 915 915 918 923 928 930 933
    935 935 938 943 946 948 956 956 959 959 964 967 970 973 975 978 981
    984 987 989 989 992 0 0 0 0 0 0 0 0 0 0 0 0 0 959 956 951 943 935
    930 925 915 903 901 891 887 882 873 867 864 860 860 864 864 871 875
    878 878 880 882 887 891 894 896 898 901 906 906 908 910 913 915 918
    923 925 928 933 935 935 938 938 943 948 954 956 956 959 964 967 970
    970 973 975 978 981 984 987 992 992 995 1001 1004 0 0 0 0 0 0 0 0 0
    0 956 951 946 940 935 930 923 908 903 896 891 887 882 871 864 860
    860 860 864 864 869 873 875 878 878 880 885 889 891 896 896 901 903
    906 908 908 913 913 918 920 925 925 930 933 935 935 938 940 946 951
    954 956 959 959 964 967 970 973 975 978 981 981 987 992 995 995 1001
    1004 1004 1010 0 0 0 0 0 0 0 0 951 948 943 938 933 925 923 906 901
    894 889 885 880 871 864 860 860 860 864 864 869 871 873 875 878 878
    882 887 891 894 896 898 901 906 906 908 910 910 918 918 923 925 928
    933 935 935 938 940 946 948 954 956 956 959 962 964 967 970 973 975
    978 981 984 992 995 995 998 998 1001 1001 1001 0 0 0 0 0 0 0 951 946
    940 935 930 923 918 906 896 891 887 885 875 869 864 858 858 860 864
    864 867 869 871 875 878 878 880 887 889 894 896 898 898 901 906 906
    908 910 918 918 923 925 925 933 935 935 935 938 943 946 951 954 956
    956 959 964 967 970 970 975 978 978 981 989 992 992 995 995 998 998
    998 0 0 0 0 0 0 0 948 946 940 935 930 920 915 903 896 889 885 878
    869 862 860 856 856 860 864 864 867 867 869 873 875 878 880 885 887
    889 894 896 898 901 906 906 908 908 915 918 918 923 925 930 933 935
    935 938 940 943 948 954 956 956 959 959 964 967 970 973 975 978 978
    984 992 992 992 995 998 998 998 0 0 0 0 0 0 0 946 943 938 935 928
    918 910 901 891 887 882 871 867 862 858 856 856 856 860 864 864 864
    867 871 875 875 880 882 887 889 891 894 896 898 903 903 906 908 913
    918 918 920 923 928 930 933 935 935 940 943 948 951 954 954 956 959
    964 967 970 973 975 975 978 981 987 989 989 992 995 998 1001 0 0 0 0
    0 0 0 946 943 938 933 925 918 908 898 889 885 882 871 867 862 856
    854 854 854 858 862 864 864 867 869 871 873 878 882 885 887 889 891
    896 896 898 901 903 906 910 915 918 918 920 925 928 930 935 935 938
    940 946 951 954 954 956 959 962 967 967 970 973 975 978 981 984 987
    989 992 992 995 0 0 0 0 0 0 0 0 946 940 938 930 923 915 906 896 887
    885 880 873 867 860 854 851 851 851 854 860 862 864 867 867 869 871
    875 880 882 885 885 887 889 894 898 901 901 906 908 913 915 918 920
    925 928 930 933 935 938 938 940 951 954 954 956 959 962 964 967 970
    970 975 975 978 981 987 987 989 992 995 0 0 0 0 0 0 0 0 943 940 935
    928 920 915 901 894 887 882 878 873 867 858 851 851 851 851 854 860
    860 862 864 867 869 869 875 878 880 885 885 887 889 891 896 898 898
    901 906 910 913 915 920 923 925 930 933 935 935 935 938 946 948 951
