<?xml version="1.0"?>
<opencv_storage>
<Depth11957 type_id="opencv-matrix">
  <rows>184</rows>
  <cols>49</cols>
  <dt>w</dt>
  <data>
    6753 6622 6622 6622 6622 6753 627 627 627 628 628 630 630 631 634
    634 635 635 635 636 636 637 638 638 638 638 640 640 6889 7030 644
    644 6889 6889 6753 6622 6622 6753 6753 6753 6889 6753 6753 6753 6753
    6889 0 0 0 0 6622 6622 6622 6622 628 627 627 627 628 628 630 631 631
    632 634 634 635 635 636 636 636 638 638 638 638 640 640 641 641 643
    644 644 646 646 647 647 650 6753 6753 654 654 6753 6753 6753 6753
    652 653 653 0 0 0 0 0 628 628 628 628 628 630 630 631 631 632 632
    634 635 635 636 636 636 638 638 638 640 640 641 641 641 643 643 644
    646 646 647 647 649 649 650 650 650 650 650 652 652 652 653 0 0 0 0
    0 0 629 628 628 628 628 630 630 631 631 632 632 634 635 635 636 636
    637 638 638 638 640 640 641 641 642 643 643 644 646 646 647 647 649
    649 650 650 650 650 650 650 652 652 652 0 0 0 0 0 634 630 629 628
    628 628 630 631 631 631 632 632 634 635 635 636 636 637 638 638 640
    640 640 641 642 642 643 643 644 646 646 647 647 648 649 649 649 649
    650 650 650 652 652 652 653 0 0 0 0 634 632 629 628 628 628 631 631
    632 632 634 634 635 635 635 636 636 637 638 640 640 641 641 641 642
    642 643 644 644 646 646 647 647 648 649 649 649 649 650 650 652 653
    653 653 653 0 0 0 0 0 634 629 628 628 631 631 631 634 634 635 635
    635 635 635 636 636 637 638 640 640 641 641 641 642 642 643 644 644
    646 646 647 647 648 649 649 650 650 650 650 652 653 653 653 653 0 0
    0 0 0 631 630 630 630 630 631 632 634 635 635 635 635 635 636 636
    637 637 638 640 640 640 641 642 643 643 643 644 644 646 646 647 648
    648 649 650 650 650 650 652 653 654 654 654 654 0 0 0 0 629 629 630
    630 630 630 631 632 634 635 635 635 635 636 636 637 637 637 638 640
    640 640 641 641 642 643 644 646 646 646 646 647 648 649 650 650 650
    650 650 652 653 654 654 654 654 0 0 0 0 629 629 630 630 630 631 631
    632 634 635 635 635 636 636 636 637 638 638 638 640 640 641 641 641
    642 643 644 646 646 647 647 648 648 649 650 650 650 650 652 653 654
    654 654 654 654 0 0 0 0 629 629 629 0 631 631 631 632 635 635 636
    636 636 636 637 638 638 640 640 640 641 641 641 642 643 644 644 646
    646 647 647 648 648 649 650 650 652 652 653 654 654 655 655 654 654
    0 0 0 0 0 0 0 0 631 631 632 634 635 635 636 636 636 636 637 638 638
    640 640 641 641 641 641 642 643 644 644 646 646 647 647 649 649 649
    650 650 652 652 653 654 655 655 655 654 654 0 0 0 0 0 0 0 0 634 634
    634 635 635 636 636 636 636 637 638 640 640 640 641 641 642 642 642
    642 643 644 644 646 646 647 647 649 649 649 650 650 652 653 654 654
    655 655 655 654 654 0 0 0 0 0 0 0 0 634 634 634 635 635 636 636 636
    636 638 638 638 640 640 641 641 642 642 643 643 644 644 646 646 646
    647 647 649 649 649 650 650 653 654 654 654 655 655 655 655 655 0 0
    0 0 0 0 0 0 634 634 635 635 635 636 636 636 637 638 638 638 640 640
    641 641 642 642 643 643 644 644 646 646 647 648 648 649 649 649 650
    650 653 654 654 654 655 655 655 655 655 0 0 0 0 0 0 0 0 635 635 635
    635 636 636 636 637 637 638 638 638 640 640 641 641 642 642 643 644
    644 646 646 647 648 649 649 649 650 650 652 653 653 654 654 654 655
    657 657 649 649 0 0 0 0 0 0 0 0 636 635 635 636 636 636 636 637 637
    638 638 638 640 640 641 642 642 643 644 644 644 646 646 647 648 649
    649 650 650 650 652 653 653 654 654 655 655 657 657 649 649 0 0 0 0
    0 0 0 0 636 636 636 636 636 636 636 637 637 638 640 640 640 641 641
    642 643 643 644 644 644 646 646 647 648 649 649 650 650 650 653 653
    654 654 654 655 655 657 657 657 655 0 0 0 0 0 0 0 0 635 635 635 636
    636 636 636 637 638 638 640 640 641 641 641 641 643 643 644 644 646
    646 646 647 647 648 649 650 650 652 653 653 654 654 654 655 657 658
    658 658 658 0 0 0 0 0 0 0 0 635 635 635 636 636 637 637 637 638 638
    640 640 641 641 641 641 643 644 644 644 646 646 646 647 647 648 649
    650 652 653 653 653 654 654 655 657 657 658 658 658 658 0 0 0 0 0 0
    0 0 635 635 636 636 637 637 637 637 638 638 640 640 641 642 642 643
    643 644 644 646 646 647 647 647 648 649 649 650 652 653 653 653 654
    654 655 657 658 658 658 658 659 0 0 0 0 0 0 0 0 0 636 636 637 637
    637 638 638 640 640 640 641 641 642 642 643 644 644 646 646 647 647
    647 648 649 649 650 650 652 653 654 654 654 655 655 657 658 658 658
    658 658 0 0 0 0 0 0 0 0 0 637 637 637 638 638 638 640 640 640 641
    641 642 643 643 644 644 646 646 646 647 647 647 648 649 649 650 652
    652 652 653 654 654 655 657 658 659 659 658 658 658 0 0 0 0 0 0 0 0
    0 637 637 637 638 638 640 640 640 640 641 642 642 643 643 644 646
    646 646 646 647 648 648 649 649 650 650 652 652 652 653 654 654 655
    657 658 659 659 658 658 658 0 0 0 0 0 0 0 0 0 637 637 637 638 640
    640 640 641 641 642 642 643 643 643 644 646 646 646 646 647 648 648
    649 649 650 650 652 652 652 653 654 655 655 657 659 659 659 658 658
    658 0 0 0 0 0 0 0 0 0 637 637 638 640 640 640 640 641 641 642 642
    642 642 642 644 646 646 647 647 648 648 649 649 650 650 652 652 652
    653 653 654 655 657 658 659 661 659 659 658 658 0 0 0 0 0 0 0 0 0
    637 637 638 640 640 640 640 641 641 642 642 642 642 642 644 646 646
    648 648 649 649 649 650 650 650 653 653 653 654 655 655 655 657 658
    659 659 659 659 657 657 0 0 0 0 0 0 0 0 0 638 638 638 638 638 640
    640 641 641 642 642 642 643 643 644 646 646 648 649 649 649 649 650
    650 650 653 654 654 654 655 655 655 657 658 659 659 659 659 657 657
    0 0 0 0 0 0 0 0 0 638 638 638 638 638 640 640 641 641 642 642 642
    643 644 646 646 647 648 649 649 649 650 650 652 652 653 654 654 655
    655 655 657 658 659 659 659 661 659 658 658 0 0 0 0 0 0 0 0 0 638
    638 638 638 640 640 640 641 641 642 642 642 643 644 644 644 647 648
    649 649 650 650 650 652 652 652 653 653 654 655 657 658 658 659 659
    659 661 661 658 658 0 0 0 0 0 0 0 0 0 638 638 638 638 640 640 640
    641 641 642 643 643 644 644 644 644 647 648 649 649 650 650 650 652
    652 652 653 653 654 655 657 658 659 659 659 661 661 661 659 659 0 0
    0 0 0 0 0 0 0 638 638 638 638 640 640 641 641 641 642 643 643 644
    644 646 647 648 649 649 649 650 650 652 652 653 653 653 654 654 655
    657 658 659 659 661 661 661 661 661 0 0 0 0 0 0 0 0 0 0 638 638 638
    640 640 641 641 642 642 643 644 644 644 644 646 647 648 649 649 649
    650 650 652 652 653 653 654 654 655 657 657 657 659 659 661 661 661
    662 662 0 0 0 0 0 0 0 0 0 0 638 638 640 640 641 641 642 642 643 643
    643 644 646 646 647 648 648 649 649 650 650 650 652 653 653 653 654
    655 655 657 657 657 658 659 661 662 662 662 662 0 0 0 0 0 0 0 0 0 0
    638 638 640 641 641 642 643 643 643 643 643 644 646 646 648 648 649
    649 650 650 650 650 653 653 654 654 655 655 655 657 657 657 658 659
    661 662 662 662 662 0 0 0 0 0 0 0 0 0 0 640 640 640 641 641 642 642
    642 643 643 644 644 646 648 649 649 649 649 650 650 650 652 653 653
    654 654 654 655 655 657 657 658 659 659 661 663 663 663 663 0 0 0 0
    0 0 0 0 0 0 0 641 641 642 642 643 642 642 643 643 644 644 646 648
    648 649 649 649 650 650 650 652 653 653 654 654 654 655 655 657 657
    658 659 661 662 663 663 662 662 0 0 0 0 0 0 0 0 0 0 0 641 641 642
    642 643 643 643 644 644 644 646 647 647 648 648 649 650 650 650 650
    652 653 654 654 654 654 655 655 657 657 658 659 661 662 662 662 662
    662 0 0 0 0 0 0 0 0 0 0 0 641 641 642 642 643 643 644 644 644 646
    646 647 647 648 648 649 650 650 650 650 652 653 654 654 654 654 655
    658 658 659 659 659 661 662 662 662 662 0 0 0 0 0 0 0 0 0 0 0 0 641
    641 642 642 643 643 644 644 644 646 646 647 648 648 648 650 650 650
    650 652 652 654 654 655 655 655 655 658 658 659 659 659 662 662 663
    663 663 664 0 0 0 0 0 0 0 0 0 0 641 641 641 642 642 643 643 644 646
    646 646 646 647 648 649 649 650 650 650 650 652 653 654 654 655 655
