<?xml version="1.0"?>
<opencv_storage>
<Depth12155 type_id="opencv-matrix">
  <rows>7</rows>
  <cols>23</cols>
  <dt>w</dt>
  <data>
    4983 4983 4911 4911 4911 4983 4983 5056 4983 4774 4774 4774 4774
    4774 4911 4911 4911 4842 4842 4842 5734 5734 5734 4911 4911 4911
    4911 4911 4983 4983 4983 4842 4708 4708 4708 4774 4774 4842 4842
    4911 4842 4842 4842 4911 4911 4774 4911 4911 4911 4842 4842 4842
    4911 4911 4842 4708 4708 4708 4774 4842 4842 4842 4842 4842 4842
    4842 4842 4842 4774 4983 4911 4911 4842 4842 4842 4842 4842 4842
    4774 4708 4708 4842 4842 4842 4842 4842 4842 4842 4842 4774 4708
    4645 4983 4842 4842 4842 4842 4842 4842 4842 4842 4842 4774 4774
    4842 4842 4842 4842 4842 4842 4842 4842 4774 4708 4645 4983 4774
    4774 4774 4842 4774 4774 4842 4842 4842 4774 4774 4842 4842 4842
    4842 4842 4842 4842 4842 4774 4774 4645 4983 4774 4708 4708 4842
    4774 4774 0 4842 4774 4774 4842 4842 4842 4842 4842 4842 4842 4842
    4842 4774 4774 4645</data></Depth12155>
</opencv_storage>
