<?xml version="1.0"?>
<opencv_storage>
<Depth19901 type_id="opencv-matrix">
  <rows>40</rows>
  <cols>9</cols>
  <dt>w</dt>
  <data>
    5734 5734 5734 5640 5548 5548 0 0 0 5734 5734 5734 5640 5640 5640 0
    0 0 5734 5734 5734 5734 5734 5734 0 0 0 5640 5640 5640 5640 5640
    5640 0 0 0 5640 5640 5640 5640 5640 5640 0 0 0 5548 5548 5640 5548
    5548 0 0 0 0 5548 5548 5640 5548 5548 5640 0 0 0 5640 5640 5640 5640
    5640 5640 5734 0 0 5640 5640 5640 5640 5640 5640 5640 0 0 5734 5734
    5640 5640 5640 5640 5640 0 0 5832 5734 5640 5548 5548 5548 5640 0 0
    5933 5734 5640 5548 5548 5548 5640 0 0 5832 5640 5640 5548 5548 5548
    5640 5832 0 5832 5640 5640 5640 5548 5548 5734 5832 0 5832 5640 5640
    5640 5548 5548 5734 5832 0 5832 5640 5640 5640 5548 5548 5734 0 0
    5832 5640 5640 5640 5640 5640 5734 0 0 6259 5734 5640 5640 5640 5548
    5460 5460 0 5832 5734 5640 5548 5548 5548 5460 5460 0 5832 5640 5640
    5460 5460 5460 5374 5374 0 6146 5548 5548 5460 5460 5460 5374 5374
    5374 5640 5548 5548 5548 5460 5460 5374 5374 5374 5640 5548 5460
    5460 5460 5460 5460 5374 5374 6375 6375 5460 5460 5460 5460 5460
    5460 5460 6259 6259 5460 5460 5460 5460 5460 5548 5640 6259 5933
    5548 5460 5460 5460 5460 5460 5640 6038 5734 5548 5460 5460 5460
    5460 5460 5460 6038 5734 5548 5460 5460 5460 5460 5460 5460 6146
    5832 5640 5460 5460 5460 5460 5460 5460 6146 5832 5640 5460 5460
    5460 5460 5460 5640 6146 5832 5734 5460 5460 5460 5548 5548 5640
    6259 5933 5734 5460 5460 5460 5548 5548 5548 6259 6146 5734 5548
    5548 5548 5548 5548 5548 6375 6146 5832 5548 5548 5548 5460 5460
    5460 6497 6497 5832 5548 5548 5548 5460 5460 5460 6375 6259 5734
    5548 5548 5548 5548 5548 5640 6375 6259 5734 5548 5548 5548 5548
    5548 5640 6375 6146 5832 5548 5548 5548 5548 5548 5640 6375 6146
    5832 5548 5460 5460 5548 5548 5548 6375 6259 5933 5548 5460 5460
    5548 5548 5548</data></Depth19901>
</opencv_storage>
