<?xml version="1.0"?>
<opencv_storage>
<Depth10123 type_id="opencv-matrix">
  <rows>154</rows>
  <cols>62</cols>
  <dt>w</dt>
  <data>
    1153 0 0 0 0 0 0 0 0 0 0 933 933 933 933 930 930 928 928 928 928 928
    928 928 928 933 933 938 938 940 943 946 951 0 0 0 0 0 0 0 0 0 0 0 0
    0 0 0 0 1214 1214 1219 1223 1227 1236 1236 1241 0 0 0 1264 1264 1161
    0 0 0 0 0 0 0 0 940 940 933 930 930 933 930 930 928 928 928 925 925
    928 928 928 930 933 933 933 940 943 946 948 0 0 0 0 0 0 0 0 0 0 0 0
    0 0 0 0 1214 1214 1214 1223 1227 1236 1236 1241 1241 0 1264 1264
    1259 1273 0 0 0 0 0 0 0 940 940 940 933 930 930 933 930 930 930 928
    925 925 925 928 928 928 930 933 933 933 938 940 943 946 0 0 0 0 0 0
    0 0 0 0 0 0 0 0 0 0 0 1214 1214 1223 1236 1245 1245 1241 1241 1259
    1259 1264 1259 1264 0 0 0 0 0 0 0 940 940 940 933 930 930 930 930
    928 928 925 925 925 925 925 925 928 928 930 930 930 938 938 943 946
    0 0 0 0 0 0 0 0 0 0 0 0 0 0 0 0 0 1250 1250 1250 1250 1255 1250 1250
    1255 1259 1259 1264 1259 1259 1259 0 0 0 0 0 0 0 940 940 938 933 933
    930 928 928 925 925 925 925 925 925 925 928 928 930 930 930 935 938
    940 946 0 0 0 0 0 0 0 1268 1264 1264 1273 0 0 0 1278 1278 1278 1264
    1250 1259 1259 1259 1259 1259 1264 1264 1264 1264 1259 1255 1259 0 0
    0 0 0 0 0 940 940 938 933 933 930 928 925 925 925 925 925 925 925
    928 928 928 930 930 930 933 935 940 946 951 954 954 0 0 0 0 1268
    1264 1264 1273 1278 1283 1288 1278 1278 1278 1264 1250 1250 1250
    1259 1264 1264 1264 1268 1268 1264 1259 1255 1255 1255 1255 0 0 0 0
    0 0 943 938 933 933 928 928 925 925 925 925 925 925 925 925 925 928
    930 930 933 933 935 940 943 951 954 954 956 0 1288 1288 1278 1273
    1273 1278 1278 1283 1288 1283 1278 1278 1264 1250 1250 1250 1259
    1264 1264 1264 1268 1268 1264 1259 1255 1250 1250 1250 1255 1250
    1250 0 0 0 935 935 933 930 928 928 925 925 925 925 925 925 925 925
    925 928 930 930 933 935 935 940 943 948 951 954 956 1292 1288 1288
    1283 1278 1278 1283 1283 1283 1288 1292 1288 1288 1278 1278 1302
    1264 1255 1250 1250 1255 1264 1268 1268 1264 1255 1250 1250 1250
    1255 1250 1250 0 0 0 948 935 933 930 928 928 925 925 923 923 923 925
    925 925 925 925 928 930 933 935 935 940 943 948 951 951 1297 1292
    1288 1288 1288 1283 1283 1288 1288 1288 1292 1297 1297 1302 1302
    1302 1307 1312 1255 1250 1250 1255 1264 1268 1264 1264 1255 1255
    1259 1259 1255 1255 1255 1255 0 0 948 938 933 928 928 925 925 925
    923 923 923 923 925 925 925 925 928 930 933 933 935 940 943 948 951
    951 1302 1297 1297 1297 1297 1297 1297 1297 1297 1297 1302 1302 1307
    1307 1307 1312 1312 1312 1302 1255 1255 1264 1268 1268 1264 1264
    1259 1259 1259 1259 1259 1255 1255 0 0 0 948 935 933 928 928 925 925
    923 923 923 923 923 923 925 925 925 928 928 930 933 935 940 943 943
    946 946 1302 1302 1302 1302 1307 1307 1312 1312 1312 1312 1317 1312
    1312 1312 1312 1317 1317 1317 1302 1264 1264 1273 1273 1268 1268
    1268 1264 1268 1268 1264 1264 1259 1259 0 0 0 940 935 933 928 928
    925 923 923 923 923 923 923 923 923 923 928 928 928 930 930 935 940
    943 943 943 943 1307 1302 1302 1307 1312 1312 1312 1312 1317 1317
    1322 1322 1322 1322 1322 1322 1322 1322 1288 1283 1278 1278 1273
    1273 1268 1268 1273 1273 1278 1278 1268 1268 0 0 0 0 940 935 933 928
    925 925 923 923 923 923 923 923 923 923 923 925 928 928 930 930 935
    940 940 940 940 943 943 1307 1307 1312 1312 1312 1317 1317 1317 1322
    1328 1328 1328 1328 0 0 0 0 1288 1283 1283 1283 1278 1278 1278 1278
    1283 1283 1283 1283 1283 0 0 0 0 0 933 933 933 928 925 925 925 923
    923 923 923 923 920 920 923 925 925 928 928 928 935 938 938 940 938
    938 0 0 0 1312 1312 0 1322 1322 1322 1322 1328 0 0 0 0 0 0 0 1288
    1283 1283 1283 1283 1283 1283 1264 1283 1292 1292 1292 0 0 0 0 0 0 0
    933 933 928 925 925 925 923 923 923 923 923 920 920 923 923 923 925
    925 928 933 935 935 938 938 938 0 0 0 0 0 0 0 0 0 0 0 0 0 0 0 0 0 0
    0 1283 1283 1283 1283 1283 1288 1264 0 1292 1292 0 0 0 0 0 0 0 0 938
    930 928 925 925 925 925 923 920 920 920 920 920 920 915 915 918 920
    928 930 933 935 935 940 940 940 0 0 0 0 0 0 0 0 0 0 0 0 0 0 0 0 0 0
    1288 1288 1288 1283 1283 2005 2005 0 0 0 0 0 0 0 0 0 885 885 885 885
    928 928 928 925 894 894 913 913 918 918 920 915 913 913 913 915 915
    928 930 930 935 940 940 0 0 0 0 0 0 0 0 0 0 0 0 0 0 0 0 0 0 0 0 2053
    2053 2016 2016 2005 2005 0 0 0 0 0 0 0 0 885 885 885 885 885 885 887
    889 891 894 894 896 896 901 906 906 906 908 908 910 913 913 918 923
    923 923 918 920 0 0 0 0 0 0 0 0 0 0 0 0 0 0 0 0 0 0 2053 2053 2053
    2053 2065 2040 2016 2016 0 0 0 0 0 0 0 0 885 885 885 885 885 885 885
    887 889 891 894 894 896 896 901 901 903 906 908 910 910 910 913 915
    915 918 918 920 920 920 920 0 0 0 930 930 0 0 0 0 0 0 0 0 0 2040
    2040 2053 2053 2053 2040 2040 2028 2028 0 0 0 0 0 0 0 0 0 887 885
    882 882 882 885 885 885 889 891 891 894 896 898 901 903 906 906 908
    908 908 910 915 915 918 918 920 920 920 920 925 930 933 930 930 933
    0 0 0 0 0 0 2016 2016 2040 2040 2053 2053 2053 2040 2040 2040 2040 0
    0 0 0 0 0 0 0 896 887 885 882 882 882 882 882 885 887 891 891 894
    896 898 901 901 903 906 908 908 908 910 913 915 915 918 920 923 923
    923 925 930 930 933 933 933 935 0 0 0 0 0 2016 2016 2040 2053 2053
    2053 2053 2053 2053 2053 2053 0 0 0 0 0 0 0 910 896 889 885 882 882
    882 882 882 885 887 889 891 894 894 896 898 901 901 906 906 908 908
    910 913 913 915 918 920 923 923 923 925 928 930 930 933 935 933 933
    0 0 0 0 2040 2040 2053 2053 2065 2065 2065 2065 2078 2078 2078 0 0 0
    0 0 0 0 910 898 889 885 882 882 882 882 882 885 885 889 891 894 894
    896 898 898 901 903 906 908 910 910 913 913 913 915 918 920 920 923
    923 925 928 930 933 935 933 933 0 0 0 0 2078 2065 2065 2065 2078
    2078 2078 2090 2116 2116 2078 0 0 0 0 0 0 0 910 901 889 885 882 882
    882 882 882 885 885 889 891 894 894 896 898 898 901 903 908 908 910
    913 913 913 913 915 915 918 920 920 923 923 925 928 930 933 933 933
    0 0 0 0 2078 2078 2078 2078 2090 2103 2103 2129 2143 2156 2129 0 0 0
    0 0 0 0 910 898 889 885 882 882 882 882 885 885 887 889 891 891 894
    894 896 898 898 901 903 906 906 913 913 913 913 915 915 918 920 920
    920 923 923 928 930 933 933 933 935 0 0 0 2090 2090 2090 2090 2103
    2116 2156 2170 2170 2156 2156 0 0 0 0 0 0 0 0 898 887 885 882 882
    882 882 885 885 887 889 891 891 894 894 896 898 898 901 903 903 906
    910 910 913 913 913 915 918 920 920 920 923 923 925 930 933 933 933
    935 935 943 2256 0 2256 2241 2212 2198 2198 2198 2170 2170 2156 2156
    0 0 0 0 0 0 0 903 898 887 885 882 882 882 885 885 887 887 891 891
    891 894 894 896 898 901 901 903 903 906 910 910 913 913 913 915 915
    918 920 920 923 923 925 930 933 935 935 938 943 943 0 2256 2256 2241
    2212 2212 2212 2198 2170 2170 2170 2170 0 0 0 0 0 0 938 903 898 894
    889 885 885 885 885 885 889 891 891 891 891 894 894 896 898 901 901
    903 903 906 910 910 913 913 913 913 915 918 920 920 923 923 925 928
    933 935 935 940 943 943 2256 0 2241 2226 2226 2226 2226 2212 2170
    2170 2170 2198 0 0 0 0 0 938 938 938 898 896 891 889 889 887 887 887
    889 891 894 894 894 896 896 901 901 903 903 903 906 906 910 910 913
    913 913 913 915 920 920 923 923 923 925 928 933 935 935 943 943 2256
    0 2256 2241 2226 2226 2226 2226 2226 2226 2226 2212 2212 0 0 0 940
    938 930 930 923 901 898 896 894 894 891 891 891 894 896 896 896 898
    901 903 906 906 903 903 906 906 908 913 913 913 913 913 913 918 920
    923 923 923 923 925 928 933 933 935 0 2286 2256 2256 2256 2241 2241
    2241 2241 2241 2226 2226 2226 2212 2212 0 940 940 938 935 930 930
    923 915 903 901 901 901 901 898 898 901 901 901 901 903 908 910 910
    913 913 913 913 913 915 920 918 915 915 915 915 920 923 923 923 923
    925 925 930 933 933 933 933 2286 2286 2256 2256 2241 2241 2241 2241
    2241 2241 2226 2226 2212 2212 943 938 938 938 935 933 933 923 918
