<?xml version="1.0"?>
<opencv_storage>
<Depth0476 type_id="opencv-matrix">
  <rows>55</rows>
  <cols>6</cols>
  <dt>w</dt>
  <data>
    4582 4582 3238 3238 3238 3238 4582 3269 3238 3238 3269 3238 4645
    3269 3269 3269 3269 3269 4582 3269 3269 3300 3269 3269 4582 3269
    3269 3300 3269 3269 4645 3238 3238 3300 3269 3269 4645 3238 3238
    3269 3269 3269 4645 4645 3269 3269 3269 3269 4645 3333 3300 3300
    3269 3269 4645 3333 3333 3333 3300 3269 4645 3333 3333 3333 3333
    3300 4645 3333 3333 3333 3333 3300 3333 3333 3333 3333 3365 3333
    3333 3333 3333 3333 3365 3333 3365 3365 3365 3365 3365 3333 3365
    3365 3365 3365 3365 3365 3399 3365 3365 3365 3365 3365 3399 3399
    3399 3399 3365 3365 3399 3399 3399 3399 3365 3365 3399 3399 3399
    3365 3365 3365 3399 3399 3399 3365 3365 3365 3399 3399 3399 3399
    3365 3365 3399 3399 3399 3399 3399 3399 3399 3399 3399 3399 3399
    3399 3399 3399 3399 3399 3399 3399 3433 3433 3433 3399 3399 3399
    3399 3399 3433 3399 3399 3399 3399 3399 3433 3399 3399 3399 3433
    3433 3433 3433 3399 3399 3399 3399 3399 3399 3399 3399 3365 3365
    3399 3399 3399 3399 3365 3365 3433 3433 3433 3399 3365 3399 3468
    3433 3433 3399 3468 3468 3468 3433 3399 3399 3468 3468 3468 3433
    3399 3399 3503 3503 3468 3433 3399 3399 3433 3468 3468 3433 3433
    3433 3433 3468 3468 3433 3433 3433 3468 3468 3503 3468 3433 3433
    3433 3433 3468 3468 3433 3433 3433 3433 3468 3468 3433 3433 3468
    3468 3503 3468 3433 3433 3468 3468 3503 3503 3433 3433 3503 3503
    3503 3468 3433 3433 3468 3468 3503 3468 3433 3433 3468 3468 3503
    3468 3468 3433 3503 3503 3503 3468 3433 3433 4645 3503 3468 3468
    3433 3433 4645 4582 3468 3468 3433 3433 4582 4582 3503 3468 3468
    3433 4582 4522 3503 3503 3468 3433 4582 4522 3468 3468 3468 3433
    4582 4463 3468 3468 3433 3433 4582 4463 4463 3468 3433 3433 4522
    4463 4463 3468 3433 3433</data></Depth0476>
</opencv_storage>
