<?xml version="1.0"?>
<opencv_storage>
<Depth19291 type_id="opencv-matrix">
  <rows>45</rows>
  <cols>35</cols>
  <dt>w</dt>
  <data>
    4645 4645 4645 4645 4645 4645 4645 4708 4708 4774 4774 2432 2432
    4774 4842 2432 2415 2415 2398 2398 2415 2415 2432 2415 2398 2398
    4983 4983 4911 4911 4983 4983 4983 4983 4983 4645 4645 4645 4645
    4645 4645 4645 4645 4645 2450 2450 2432 2432 2415 2415 2415 2415
    2415 2415 2415 2415 2415 2415 2398 2381 2381 2381 2381 2381 2415
    2415 4983 4983 5056 5056 4645 4645 4645 4708 4708 4645 4645 4645
    2450 2450 2450 2432 2432 2415 2415 2415 2415 2415 2415 2398 2398
    2398 2398 2398 2381 2381 2381 2381 2381 2398 2398 2398 5056 5056
    5056 4645 4708 2467 2467 2503 2503 2503 2485 2450 2450 2450 2432
    2432 2415 2415 2415 2398 2398 2398 2398 2398 2398 2398 2398 2398
    2381 2381 2381 2381 2398 2398 2432 2450 2450 5056 4708 4708 2467
    2467 2485 2485 2485 2485 2467 2467 2450 2450 2432 2415 2415 2415
    2398 2398 2398 2398 2398 2398 2398 2398 2398 2381 2381 2398 2398
    2415 2415 2432 2450 2450 2450 4708 4708 2467 2467 2467 2467 2485
    2467 2467 2467 2450 2450 2432 2415 2415 2415 2398 2398 2381 2381
    2381 2381 2398 2398 2398 2381 2381 2398 2398 2415 2415 2432 2432
    2432 2432 4708 4708 2467 2467 2467 2467 2467 2467 2467 2450 2450
    2432 2432 2432 2415 2415 2398 2398 2381 2381 2381 2381 2398 2398
    2381 2381 2381 2398 2415 2415 2432 2432 2432 2432 2432 4774 4774
    2467 2467 2467 2467 2467 2467 2467 2450 2450 2432 2432 2432 2415
    2415 2398 2398 2398 2398 2398 2398 2398 2398 2381 2381 2381 2415
    2415 2415 2415 2432 2415 2415 2415 4774 4774 2485 2467 2467 2467
    2467 2467 2467 2450 2450 2450 2432 2415 2415 2415 2415 2415 2398
    2398 2398 2398 2398 2398 2398 2398 2398 2415 2415 2415 2415 2415
    2415 2415 2415 4774 4774 2467 2467 2485 2467 2467 2467 2467 2450
    2450 2450 2432 2415 2415 2415 2415 2398 2398 2398 2398 2398 2398
    2398 2398 2398 2415 2415 2415 2415 2415 2415 2415 2415 2415 4774
    2503 2467 2467 2485 2467 2467 2467 2467 2467 2467 2450 2432 2432
    2415 2415 2415 2398 2398 2398 2381 2381 2398 2398 2398 2398 2415
    2415 2415 2415 2415 2415 2432 2415 2415 4774 2503 2485 2485 2485
    2467 2467 2467 2467 2467 2467 2450 2450 2432 2415 2415 2415 2398
    2398 2398 2381 2381 2398 2398 2398 2398 2415 2415 2415 2415 2415
    2415 2432 2415 2415 4774 2522 2485 2485 2485 2467 2467 2467 2467
    2467 2467 2467 2450 2432 2415 2415 2415 2415 2398 2398 2398 2398
    2398 2398 2398 2398 2415 2415 2415 2415 2415 2415 2432 2432 2432
    4774 2522 2503 2485 2485 2485 2467 2467 2467 2467 2467 2467 2450
    2432 2415 2415 2415 2415 2415 2398 2398 2398 2398 2398 2398 2398
    2415 2415 2415 2415 2415 2415 2432 2432 2450 4774 2522 2503 2485
    2467 2467 2467 2467 2467 2467 2467 2467 2450 2432 2415 2415 2415
    2415 2415 2398 2398 2398 2415 2415 2415 2415 2415 2415 2415 2415
    2432 2432 2432 2432 2432 4774 2522 2503 2485 2467 2467 2467 2467
    2467 2467 2467 2467 2450 2432 2415 2415 2415 2415 2415 2415 2398
    2398 2415 2398 2398 2415 2415 2415 2415 2432 2432 2432 2432 2432
    2432 4774 2522 2503 2485 2485 2485 2467 2467 2467 2467 2467 2467
    2450 2432 2432 2415 2415 2415 2415 2398 2398 2398 2415 2398 2398
    2415 2415 2415 2432 2432 2432 2432 2432 2432 2432 4774 2503 2503
    2485 2485 2485 2485 2467 2467 2467 2467 2467 2467 2450 2432 2432
    2415 2415 2415 2398 2398 2398 2415 2415 2415 2415 2415 2415 2432
    2432 2432 2432 2432 2432 2432 4842 2503 2503 2485 2485 2485 2485
    2485 2467 2467 2467 2467 2450 2450 2432 2432 2415 2415 2415 2398
    2398 2398 2415 2415 2415 2415 2415 2415 2432 2432 2432 2432 2432
    2432 2432 4842 2485 2485 2485 2485 2485 2485 2485 2485 2467 2467
    2467 2450 2450 2432 2415 2415 2398 2398 2398 2398 2398 2415 2415
    2415 2415 2415 2432 2432 2432 2432 2450 2450 2450 4983 4774 2485
    2485 2485 2485 2485 2503 2485 2485 2467 2467 2467 2450 2450 2432
    2415 2415 2398 2398 2398 2398 2398 2415 2415 2415 2432 2432 2432
    2432 2432 2432 2450 2450 2450 4983 4774 2485 2485 2485 2485 2485
    2485 2485 2485 2467 2467 2467 2450 2450 2432 2415 2415 2415 2398
    2398 2398 2398 2415 2415 2415 2432 2432 2432 2432 2432 2432 2450
    2450 2450 4983 4774 2503 2485 2485 2485 2485 2485 2485 2485 2467
    2467 2467 2450 2450 2432 2415 2415 2398 2398 2398 2398 2398 2415
    2415 2415 2432 2432 2432 2432 2432 2432 2450 2450 2450 4983 4842
    2503 2485 2485 2485 2485 2485 2485 2485 2467 2467 2467 2467 2450
    2432 2415 2398 2398 2398 2398 2398 2398 2415 2415 2415 2432 2432
    2432 2432 2432 2432 2432 2450 2450 5056 4842 2541 2522 2503 2503
    2485 2485 2485 2467 2467 2467 2467 2467 2450 2432 2415 2398 2398
    2398 2398 2398 2398 2415 2415 2415 2432 2432 2432 2432 2432 2432
    2432 2432 2432 5056 2541 2541 2522 2503 2503 2485 2485 2485 2467
    2467 2467 2450 2450 2450 2432 2415 2398 2398 2398 2398 2398 2398
    2415 2415 2432 2432 2432 2432 2432 2432 2432 2432 2432 2432 5056
    2541 2522 2503 2503 2503 2503 2503 2485 2467 2467 2467 2450 2450
    2432 2432 2415 2415 2398 2398 2398 2398 2398 2415 2415 2432 2432
    2432 2432 2432 2432 2432 2432 2432 2432 5056 2522 2522 2485 2485
    2485 2485 2485 2485 2485 2467 2467 2450 2450 2432 2432 2415 2415
    2415 2415 2415 2415 2415 2415 2415 2432 2432 2432 2432 2432 2450
    2432 2432 2450 4983 4983 2522 2503 2485 2485 2485 2485 2485 2485
    2485 2467 2467 2450 2450 2432 2432 2415 2415 2415 2415 2415 2415
    2415 2415 2415 2432 2432 2432 2432 2450 2450 2432 2432 2432 4983
    4983 2522 2503 2485 2485 2485 2485 2485 2485 2485 2485 2467 2467
    2450 2432 2432 2415 2415 2415 2415 2415 2415 2415 2415 2415 2432
    2432 2432 2432 2450 2450 2432 2432 2432 5056 5056 2522 2503 2485
    2485 2485 2485 2485 2485 2485 2485 2467 2467 2450 2432 2432 2415
    2415 2415 2415 2415 2415 2415 2415 2432 2432 2432 2432 2432 2450
    2450 2432 2432 2432 5056 5056 2522 2503 2503 2503 2503 2485 2485
    2485 2485 2485 2467 2467 2467 2450 2432 2432 2415 2415 2415 2415
    2415 2415 2432 2432 2432 2432 2432 2432 2450 2450 2450 2450 5056
    5056 4983 2522 2503 2503 2503 2503 2503 2503 2485 2485 2485 2467
    2467 2467 2450 2432 2415 2415 2415 2415 2415 2415 2415 2432 2432
    2432 2432 2432 2432 2450 2450 2450 2467 5056 5056 4983 2522 2522
    2503 2503 2503 2503 2503 2485 2485 2485 2467 2467 2467 2450 2432
    2415 2415 2415 2415 2415 2415 2415 2432 2432 2432 2432 2450 2450
    2450 2450 2450 2467 5132 5056 4983 2522 2522 2503 2503 2503 2503
    2503 2485 2485 2485 2467 2467 2467 2467 2450 2432 2415 2415 2415
    2415 2415 2432 2432 2432 2432 2432 2450 2450 2450 2432 2432 2432
    5132 5132 4983 2522 2522 2503 2503 2503 2503 2503 2485 2485 2485
    2485 2467 2467 2467 2450 2432 2415 2415 2415 2415 2415 2432 2432
    2432 2432 2432 2450 2450 2450 2432 2432 2432 5132 5132 4983 2522
    2522 2503 2503 2503 2503 2503 2503 2485 2485 2467 2467 2467 2450
    2450 2450 2432 2415 2415 2415 2415 2432 2432 2432 2450 2450 2450
    2450 2450 2432 2432 2432 5210 5056 4983 2522 2522 2503 2503 2503
    2503 2503 2503 2485 2485 2467 2467 2467 2450 2450 2450 2450 2432
    2415 2415 2415 2432 2432 2450 2450 2450 2450 2450 2450 2467 2467
    2467 4983 4983 4983 2522 2522 2522 2503 2503 2503 2503 2485 2485
    2485 2467 2467 2467 2450 2450 2450 2450 2432 2415 2415 2415 2432
    2450 2450 2450 2450 2450 2450 2450 2467 2467 2467 4983 4983 4983
    2522 2522 2522 2522 2503 2503 2503 2485 2485 2485 2485 2467 2467
    2450 2450 2432 2432 2432 2415 2415 2415 2432 2450 2450 2450 2450
    2450 2450 2450 2467 2485 2485 4983 4983 4983 2522 2541 2541 2522
    2522 2522 2503 2485 2485 2485 2485 2485 2467 2450 2450 2432 2432
    2432 2415 2415 2415 2432 2432 2450 2432 2432 2432 2450 2450 2467
    2485 5056 5056 4983 4983 2541 2541 2541 2541 2541 2541 2522 2485
    2485 2485 2485 2485 2485 2467 2467 2450 2432 2415 2415 2415 2415
    2432 2432 2432 2432 2432 2432 2450 2450 5210 5210 5056 5056 4983
    4983 4842 4842 2541 2541 2560 2541 2541 2503 2485 2485 2485 2485
