<?xml version="1.0"?>
<opencv_storage>
<Depth15490 type_id="opencv-matrix">
  <rows>13</rows>
  <cols>37</cols>
  <dt>w</dt>
  <data>
    2639 2090 2078 2078 2078 2078 2078 2090 2103 2116 2129 2129 2129
    2129 2116 2116 2116 2116 2129 2129 2129 2212 2212 2212 2212 2212
    2212 2212 2212 2212 2212 2198 2198 2256 2198 2198 2198 2090 2090
    2090 2090 2103 2116 2143 2116 2116 2129 2129 2129 2129 2129 2129
    2129 2156 2156 2156 2184 2256 2226 2226 2226 2241 2241 2241 2241
    2226 2226 2226 2226 2241 2271 2241 2226 2212 2143 2103 2103 2116
    2129 2143 2143 2143 2143 2156 2156 2156 2271 2271 2226 2212 2198
    2198 2212 2256 2256 2256 2256 2256 2256 2241 2241 2241 2241 2226
    2226 2226 2241 2256 2241 2226 2212 2143 2129 2129 2129 2156 2156
    2156 2156 2156 2156 2156 2286 2271 2271 2241 2226 2226 2226 2226
    2241 2241 2241 2241 2256 2256 2241 2241 2241 2226 2226 2226 2226
    2256 2256 2256 2241 2241 2143 2143 2143 2143 2156 2156 2156 2156
    2156 2241 2286 2286 2271 2271 2271 2271 2301 2301 2226 2226 2226
    2241 2241 2256 2241 2241 2241 2241 2226 2226 2226 2226 2256 2271
    2271 2271 2286 2143 2143 2143 2143 2156 2156 2156 2156 2156 2241
    2241 2256 2271 2286 2286 2301 2301 2301 2226 2226 2226 2241 2241
    2241 2226 2226 2226 2226 2226 2226 2241 2241 2256 2271 2271 2271 0
    2143 2143 2156 2156 2156 2156 2156 2156 2241 2241 2241 2256 2271
    2286 2286 2301 2286 2286 2286 2241 2241 2241 2241 2241 2226 2226
    2226 2226 2226 2226 2226 2226 2226 2241 2271 2286 0 2170 2156 2156
    2156 2156 2156 2156 2286 2271 2256 2256 2271 2271 2286 2301 2301
    2286 2286 2271 2256 2241 2241 2241 2241 2226 2226 2226 2226 2226
    2226 2226 2226 2226 2241 2271 0 0 2170 2156 2156 2156 2170 2170 2184
    2286 2271 2256 2256 2271 2271 2286 2301 2301 2301 2286 2271 2241
    2241 2241 2241 2241 2226 2226 2241 2241 2226 2226 2198 2198 2226
    2226 2226 4582 0 2184 2170 2170 2184 2184 3269 2286 2286 2271 2256
    2256 2271 2271 2301 2301 2301 2301 2286 2271 2241 2241 2241 2241
    2241 2241 2241 2241 2256 2241 2226 2198 2198 2198 4582 4582 0 0 3208
    3178 3149 3149 3178 3269 3269 2301 2301 2301 2301 4295 4295 4349
    2333 2333 2317 2286 2271 2241 2241 2241 2241 2241 2241 2256 2256
    2256 2256 2226 2226 4645 4582 4582 4582 4582 4645 3208 3178 3149
    3149 3178 3178 3269 4463 4405 4295 4295 4295 4295 4349 4349 2317
    2317 2286 2256 2241 2226 2226 2241 2256 2256 2256 2256 2271 2256
    2256 4582 4645 4582 4582 4582 4582 4645 3178 3178 3149 3149 3178
    3269 3269 4463 4405 4405 4295 4295 4295 4349 4349 4349 4349 2286
    2256 2241 2226 2226 2226 2286 2286 2271 2271 4708 4645 4582 4582
    4645 4582 4582 4645 4645 4645</data></Depth15490>
</opencv_storage>
