<?xml version="1.0"?>
<opencv_storage>
<Depth6738 type_id="opencv-matrix">
  <rows>93</rows>
  <cols>70</cols>
  <dt>w</dt>
  <data>
    4190 4190 4190 4190 4190 4190 4190 4190 4190 4190 4190 4139 4139
    4190 4139 4139 4089 4041 4041 4041 4041 4089 4041 4041 4041 4041
    4041 4041 1077 1077 1077 1077 1077 3994 3994 4041 4041 4041 3994
    3994 3994 3994 1084 1084 1080 1080 1077 1073 1073 1070 1070 1067
    1063 1063 1063 1067 1067 1070 1070 0 0 0 0 0 0 0 0 0 3859 3859 4190
    4190 4190 1101 1097 1097 1097 4241 4190 4190 1090 1090 1090 1090
    1090 1087 1087 1087 1084 1084 1084 1084 1084 1080 1080 1080 1080
    1080 1077 1077 1077 1077 1077 1080 1080 1080 1080 1080 1080 1080
    1080 1080 1080 1080 1077 1077 1073 1073 1070 1070 1070 1067 1067
    1067 1070 1070 1070 1070 1070 1070 0 0 0 0 0 3774 3774 3774 3816
    3816 1097 1094 1094 1094 1094 1094 1090 1090 1087 1087 1090 1090
    1090 1087 1087 1084 1084 1084 1084 1084 1084 1084 1080 1080 1080
    1080 1080 1077 1077 1077 1077 1077 1077 1080 1080 1080 1077 1077
    1077 1077 1077 1080 1080 1077 1077 1073 1073 1073 1070 1070 1070
    1067 1067 1070 1070 1070 1070 1070 1070 1070 1077 0 0 0 0 3774 3774
    3774 3816 3732 1094 1090 1090 1090 1090 1090 1087 1087 1087 1087
    1087 1087 1087 1087 1087 1084 1084 1084 1084 1084 1084 1080 1080
    1080 1080 1080 1077 1077 1077 1077 1077 1077 1080 1080 1080 1080
    1077 1077 1073 1073 1073 1077 1077 1073 1073 1070 1070 1070 1070
    1070 1070 1070 1070 1070 1070 1070 1070 1070 1070 1073 1073 0 0 0 0
    3816 3816 3816 3816 3732 1094 1090 1090 1087 1087 1084 1084 1084
    1084 1084 1087 1087 1087 1087 1087 1084 1084 1080 1080 1080 1080
    1080 1080 1080 1080 1077 1077 1077 1077 1077 1077 1077 1080 1080
    1077 1077 1073 1073 1073 1073 1073 1073 1073 1073 1070 1070 1070
    1070 1070 1070 1070 1067 1067 1067 1067 1067 1070 1067 1067 1070
    1073 0 0 0 3859 3816 3816 3859 3859 3732 1094 1090 1090 1084 1080
    1080 1080 1080 1080 1080 1084 1084 1084 1084 1084 1080 1080 1080
    1077 1077 1077 1077 1080 1077 1077 1077 1077 1077 1077 1077 1077
    1077 1077 1077 1077 1077 1073 1073 1073 1073 1073 1070 1070 1070
    1070 1070 1070 1070 1067 1067 1067 1067 1067 1067 1067 1067 1067
    1067 1067 1067 0 0 0 0 3859 3859 3859 3859 3859 3816 1090 1087 1087
    1080 1080 1080 1080 1080 1080 1080 1080 1080 1080 1080 1080 1080
    1080 1077 1077 1077 1077 1077 1077 1077 1077 1077 1077 1073 1073
    1073 1073 1073 1073 1073 1073 1073 1073 1073 1073 1070 1070 1070
    1070 1070 1070 1067 1067 1067 1067 1067 1067 1067 1067 1067 1063
    1063 1063 1063 1063 1063 0 0 0 0 3903 3859 3859 3859 3816 3816 1087
    1084 1084 1080 1080 1080 1080 1080 1080 1080 1080 1080 1080 1077
    1077 1077 1077 1077 1077 1073 1073 1073 1073 1073 1073 1073 1073
    1070 1070 1070 1070 1073 1073 1070 1070 1070 1070 1073 1073 1070
    1070 1070 1070 1070 1070 1067 1067 1067 1067 1067 1067 1067 1067
    1067 1063 1063 1063 1063 1063 1063 1063 0 0 0 3859 3859 3859 3859
    3816 3774 1087 1084 1080 1080 1080 1080 1080 1080 1080 1080 1080
    1080 1077 1077 1077 1077 1077 1077 1077 1073 1070 1070 1070 1070
    1070 1070 1070 1070 1070 1070 1070 1070 1070 1070 1070 1070 1070
    1073 1070 1070 1067 1067 1067 1067 1067 1067 1063 1063 1063 1067
    1067 1067 1063 1063 1063 1063 1063 1063 1063 1063 1063 0 0 0 3859
    3859 3859 3859 3816 3774 1084 1084 1080 1080 1080 1080 1080 1080
    1080 1080 1080 1077 1077 1077 1077 1077 1077 1073 1073 1070 1067
    1067 1067 1067 1067 1067 1067 1067 1067 1067 1067 1067 1070 1067
    1067 1067 1067 1070 1070 1070 1067 1067 1067 1067 1067 1063 1063
    1063 1063 1063 1063 1063 1060 1060 1060 1060 1063 1060 1060 1063 0 0
    0 0 3859 3859 3859 3859 3816 3774 1084 1084 1080 1080 1080 1077 1077
    1077 1077 1077 1077 1077 1073 1073 1073 1073 1073 1070 1070 1067
    1067 1067 1067 1067 1067 1067 1067 1067 1067 1067 1067 1067 1070
    1067 1067 1067 1067 1067 1067 1067 1067 1067 1067 1063 1063 1060
    1060 1060 1060 1063 1063 1060 1060 1060 1057 1057 1060 1057 1057
    1057 0 0 0 0 3859 3859 3816 3816 3816 3774 1077 1077 1080 1077 1077
    1077 1077 1077 1077 1077 1073 1073 1073 1073 1073 1070 1070 1067
    1067 1067 1067 1067 1067 1067 1063 1063 1063 1063 1063 1063 1063
    1063 1067 1067 1063 1063 1063 1067 1067 1067 1067 1063 1063 1063
    1060 1060 1060 1060 1060 1060 1060 1057 1057 1057 1057 1057 1057
    1057 1057 1054 1054 0 0 0 3903 3859 3816 3816 3816 3774 1073 1073
    1077 1073 1073 1073 1073 1073 1073 1073 1070 1070 1070 1070 1070
    1067 1067 1067 1067 1063 1063 1063 1063 1063 1063 1063 1063 1063
    1063 1063 1063 1063 1063 1063 1063 1063 1063 1063 1063 1063 1063
    1063 1060 1060 1057 1057 1057 1057 1057 1057 1057 1057 1057 1057
    1057 1057 1054 1054 1054 1054 1054 0 0 0 0 3816 3774 3774 3774 3774
    1073 1073 1073 1070 1070 1070 1070 1070 1070 1067 1067 1067 1067
    1067 1067 1067 1067 1067 1067 1063 1063 1063 1063 1063 1063 1063
    1063 1063 1063 1063 1060 1060 1063 1063 1063 1063 1063 1063 1063
    1060 1060 1060 1057 1057 1057 1057 1057 1057 1057 1057 1057 1057
    1057 1054 1054 1054 1054 1054 1054 1050 1050 0 0 0 3816 3816 3774
    3774 3774 3774 1070 1070 1070 1070 1070 1070 1070 1067 1067 1067
    1063 1063 1063 1063 1063 1063 1063 1063 1063 1063 1063 1060 1060
    1060 1060 1060 1060 1060 1060 1060 1057 1057 1060 1060 1060 1060
    1060 1060 1060 1060 1057 1057 1057 1057 1057 1057 1057 1057 1057
    1057 1054 1054 1054 1054 1054 1054 1054 1054 1054 1050 1050 0 0 0
    3774 0 3774 3774 3774 3732 1070 1070 1067 1067 1070 1070 1070 1067
    1067 1063 1063 1063 1063 1063 1063 1063 1063 1063 1060 1057 1057
    1057 1057 1057 1057 1057 1057 1057 1057 1057 1054 1054 1057 1057
    1057 1057 1057 1060 1057 1057 1057 1057 1054 1054 1057 1054 1054
    1054 1054 1054 1054 1054 1054 1054 1054 1054 1054 1054 1050 1050
    1050 0 0 0 0 0 3774 3774 3774 3732 1070 1067 1067 1067 1067 1067
    1063 1063 1063 1060 1060 1060 1060 1063 1063 1063 1060 1060 1060
    1057 1054 1054 1054 1054 1057 1057 1054 1054 1054 1054 1054 1054
    1057 1057 1057 1057 1057 1057 1057 1057 1057 1054 1054 1054 1054
    1054 1054 1054 1054 1054 1054 1054 1054 1054 1050 1050 1050 1047
    1047 1050 1050 0 0 0 3576 0 3774 3774 3774 3732 1070 1067 1067 1067
    1063 1063 1063 1063 1063 1060 1060 1060 1060 1060 1060 1060 1060
    1057 1057 1054 1054 1054 1054 1054 1054 1054 1054 1054 1054 1054
    1050 1050 1054 1054 1054 1054 1054 1054 1054 1054 1054 1054 1054
    1054 1050 1050 1054 1054 1054 1054 1054 1050 1050 1050 1050 1050
    1050 1047 1047 1047 1047 0 0 0 3576 3576 3692 3692 3774 3774 1070
    1067 1067 1063 1063 1063 1060 1060 1057 1057 1057 1057 1057 1057
    1057 1057 1057 1054 1054 1054 1054 1054 1054 1054 1054 1054 1054
    1054 1054 1050 1050 1050 1054 1050 1050 1050 1050 1050 1050 1050
    1050 1050 1050 1050 1047 1047 1050 1050 1050 1050 1050 1047 1047
    1047 1044 1044 1044 1044 1044 1044 1047 0 0 0 3576 3576 3653 3692
    3732 3732 1070 1067 1063 1063 1063 1060 1057 1054 1054 1054 1054
    1057 1054 1054 1054 1050 1050 1054 1054 1054 1054 1054 1054 1054
    1054 1054 1050 1050 1050 1050 1050 1050 1050 1050 1050 1050 1050
    1047 1047 1047 1047 1047 1047 1047 1044 1044 1047 1047 1050 1047
    1047 1047 1047 1047 1044 1044 1044 1044 1044 1044 1044 0 0 0 3576
    3576 3653 3692 3692 3732 1070 1063 1060 1060 1060 1057 1054 1054
    1054 1054 1054 1054 1054 1054 1054 1050 1050 1050 1050 1050 1050
    1050 1050 1050 1050 1050 1047 1047 1047 1047 1047 1047 1047 1047
    1044 1044 1044 1047 1047 1047 1044 1044 1044 1047 1044 1044 1044
    1044 1044 1044 1044 1044 1044 1044 1044 1044 1044 1044 1041 1041
    1041 0 0 0 3653 3653 3653 3692 3692 3692 0 1063 1060 1057 1057 1057
    1054 1054 1054 1050 1050 1054 1054 1054 1050 1050 1050 1050 1050
    1050 1050 1050 1050 1047 1047 1047 1047 1047 1047 1047 1047 1047
    1047 1044 1044 1044 1044 1047 1047 1044 1044 1044 1044 1044 1044
    1044 1044 1044 1044 1044 1044 1044 1041 1041 1041 1038 1038 1041
