<?xml version="1.0"?>
<opencv_storage>
<Depth17261 type_id="opencv-matrix">
  <rows>148</rows>
  <cols>85</cols>
  <dt>w</dt>
  <data>
    3120 3120 3120 720 719 719 720 722 722 722 0 0 0 719 719 720 722 723
    725 722 722 0 0 719 719 717 713 713 2883 2835 2812 2812 0 0 2958
    2883 2883 2883 0 0 0 0 0 0 0 0 0 0 0 0 0 0 0 0 0 0 0 0 532 532 2701
    2701 2701 2659 2659 2680 2701 2680 2659 2639 2639 2639 2639 2659
    2659 2659 551 551 551 0 0 0 0 0 0 0 0 0 720 719 719 720 722 722 722
    0 0 0 0 0 0 727 725 725 722 722 0 0 713 713 713 713 713 714 2812
    2812 2812 0 0 0 0 0 0 0 0 0 0 0 0 0 0 0 0 0 0 0 0 0 0 0 0 0 0 0 0
    532 538 538 537 537 544 544 545 2639 2639 2639 2639 540 549 549 551
    551 551 551 0 0 0 0 0 0 0 0 720 720 720 720 720 722 720 720 720 0 0
    0 0 0 0 0 0 0 0 0 0 713 713 713 713 713 714 2812 2812 0 0 0 0 0 0 0
    0 0 0 0 0 0 0 0 0 0 0 0 0 0 0 0 0 0 0 533 532 532 532 538 538 537
    537 544 544 545 542 542 540 540 540 549 549 549 549 550 549 549 554
    554 554 555 0 0 0 728 728 727 723 723 722 720 720 720 0 0 0 0 0 0 0
    0 0 0 0 0 0 713 713 0 0 0 0 0 0 0 0 0 0 0 0 0 0 0 522 522 523 523
    523 523 523 524 524 0 0 0 0 0 0 534 533 532 532 534 536 538 537 537
    538 543 544 542 542 540 540 546 546 549 549 548 548 549 549 554 554
    554 554 0 0 0 728 728 728 728 727 723 723 723 0 0 0 0 0 0 0 0 0 0 0
    0 0 0 0 0 0 0 0 0 0 0 0 0 0 0 0 0 0 0 521 521 521 522 522 522 523
    523 524 525 529 528 528 0 533 533 534 534 533 533 534 536 538 538
    538 538 542 544 543 542 541 541 546 546 548 549 548 548 549 550 554
    554 554 554 0 0 728 728 728 728 728 728 728 728 706 678 678 678 0 0
    0 0 0 0 0 0 0 0 0 0 0 0 0 0 0 0 0 0 0 0 0 0 0 0 0 521 521 521 522
    522 526 524 524 525 525 529 528 528 528 533 533 534 534 534 534 534
    536 537 538 538 539 539 544 544 543 543 544 546 547 548 549 549 549
    550 553 554 554 554 554 556 0 728 728 728 728 728 728 706 706 706
    707 678 678 682 682 0 0 0 0 0 0 0 0 0 0 586 584 584 0 0 0 0 0 0 0 0
    0 0 0 0 521 521 521 523 523 526 526 528 528 529 529 529 529 534 533
    533 534 534 534 535 536 536 537 538 538 539 539 541 541 544 545 545
    547 547 548 548 549 549 551 554 554 554 555 555 555 0 728 728 728
    728 708 707 706 706 704 678 678 680 680 680 0 0 0 0 0 0 0 0 0 0 585
    584 584 584 584 0 0 0 0 0 0 0 0 0 524 523 523 523 524 524 526 526
    527 528 529 529 529 529 533 534 533 533 533 534 536 537 537 538 539
    539 540 540 541 541 543 545 545 546 546 547 548 549 552 552 553 553
    554 554 555 555 0 728 728 727 727 708 707 706 704 704 676 676 680
    680 680 680 0 0 0 0 0 0 0 0 0 584 584 584 584 584 584 0 0 0 0 0 0 0
    0 524 524 523 523 524 524 526 526 527 528 529 529 529 529 532 533
    533 533 533 534 536 537 537 539 540 540 540 540 541 542 542 545 546
    546 546 547 548 551 552 552 553 553 554 554 555 0 0 0 728 722 714
    710 707 706 704 698 676 676 679 679 679 679 0 0 0 0 0 0 0 0 0 584
    583 583 584 584 584 0 0 0 0 0 0 0 0 524 524 524 524 524 524 526 526
    527 528 529 529 529 529 531 533 532 532 534 534 536 537 539 540 540
    540 541 541 541 542 542 546 547 547 547 547 547 552 552 552 553 553
    554 554 555 0 0 0 727 722 714 713 708 707 703 687 679 679 679 678
    676 642 641 640 637 637 0 0 0 0 586 584 583 583 584 584 584 0 0 0 0
    0 534 534 534 525 524 524 524 525 525 526 526 527 528 529 529 529
    530 531 533 532 532 534 535 536 537 540 540 540 540 541 541 542 542
    542 546 547 548 548 548 548 552 552 553 553 554 554 554 556 0 0 728
    727 722 716 713 708 707 703 687 680 680 678 676 644 642 641 640 637
    634 620 619 619 619 586 584 584 584 584 584 584 561 561 0 0 0 530
    529 527 526 525 525 525 525 525 526 526 527 528 528 529 530 531 532
    533 533 533 534 535 536 537 538 540 540 540 541 543 544 545 545 546
    547 548 548 550 550 553 553 553 553 554 554 554 556 0 0 728 727 723
    716 713 710 708 703 682 680 679 675 674 644 643 642 641 638 634 620
    619 619 620 586 584 584 584 584 571 570 561 561 0 0 0 529 528 526
    525 525 525 525 525 525 526 527 528 528 528 529 530 532 533 533 534
    534 535 536 537 537 538 540 540 540 543 544 545 545 545 546 547 548
    549 550 551 551 554 554 554 554 555 555 557 559 0 730 728 725 717
    714 711 708 706 682 680 679 675 674 644 644 643 641 638 624 621 621
    621 593 590 587 585 584 572 570 569 562 561 561 0 0 529 528 526 525
    525 525 525 525 525 526 527 528 528 529 529 532 533 533 534 534 535
    536 537 537 537 539 540 541 543 544 544 545 545 545 546 547 548 549
    551 551 552 554 554 554 555 556 556 558 559 0 730 727 725 717 714
    711 708 708 693 693 679 676 675 646 646 644 642 642 624 621 621 621
    593 591 590 588 588 572 570 561 560 560 560 0 0 529 528 526 526 525
    525 525 525 526 527 528 529 529 529 529 532 533 533 534 535 536 537
    537 537 539 540 541 542 544 544 544 546 546 546 546 547 548 550 550
    550 552 554 554 555 556 556 557 558 559 0 730 727 725 720 716 713
    711 708 693 691 679 676 675 646 646 644 642 642 624 621 621 622 593
    592 592 592 592 574 570 561 560 560 560 0 0 529 528 526 525 525 525
    525 525 526 527 528 530 530 530 530 532 533 533 534 535 536 537 537
    538 539 540 541 542 544 544 545 546 548 548 548 548 549 550 550 550
    552 554 554 555 556 557 558 558 559 0 0 728 723 720 717 716 713 708
    694 691 678 675 674 647 647 647 648 648 622 622 622 622 596 594 594
    595 576 575 573 562 561 561 561 0 0 0 0 526 525 525 525 525 525 526
    527 530 530 531 531 532 533 533 533 534 536 537 537 537 539 539 540
    541 543 545 545 545 546 548 548 548 548 549 550 552 552 554 554 554
    555 556 557 558 559 559 0 730 728 723 720 717 716 714 714 691 690
    678 674 672 648 648 649 649 649 623 623 622 622 597 595 595 579 576
    575 574 574 574 0 0 568 0 0 0 525 525 525 525 525 525 528 528 529
    530 531 531 533 533 533 533 534 536 537 538 538 539 540 540 541 541
    545 546 546 546 547 547 548 548 549 551 552 553 554 554 554 555 555
    556 559 561 562 0 730 727 723 720 717 716 714 693 690 687 678 674
    672 672 650 648 648 648 648 623 622 622 598 596 595 579 577 576 573
    568 568 0 0 0 0 0 0 525 525 525 525 527 527 528 528 529 530 530 532
    533 534 534 534 534 536 537 538 538 539 540 540 541 541 545 546 546
    546 547 547 548 548 549 552 553 554 554 555 555 555 555 556 559 561
    562 0 728 725 723 720 719 716 714 693 688 686 678 675 672 672 649
    647 646 646 646 623 622 622 600 597 597 580 577 576 573 568 568 0 0
    0 0 0 0 525 525 525 525 527 528 529 529 529 529 529 532 533 534 534
    534 534 537 537 538 538 540 540 542 543 545 545 546 546 546 547 548
    548 548 549 552 554 554 554 554 555 556 556 558 560 562 562 0 728
    725 723 722 719 716 713 703 688 686 678 676 674 648 647 646 646 643
    641 623 623 623 600 597 597 581 579 577 571 571 0 0 0 0 0 0 0 525
    525 526 526 527 529 529 529 529 529 529 533 533 533 534 534 535 537
    537 538 539 540 541 543 544 545 545 546 546 546 547 548 548 549 550
    553 554 554 554 554 555 557 557 559 560 562 562 0 738 727 723 722
    719 716 713 703 693 691 686 678 678 648 647 646 643 641 635 623 623
    599 599 597 597 584 581 577 571 571 569 569 0 0 0 0 0 526 526 526
    526 527 529 529 529 529 529 529 533 533 533 534 534 535 537 537 538
    539 540 542 543 545 545 546 546 546 546 547 548 549 551 552 553 554
    554 554 554 555 558 559 561 561 562 562 0 738 733 723 720 717 716
    713 704 694 690 687 679 679 647 647 647 643 637 629 623 623 599 598
    596 594 584 583 574 571 571 565 565 0 543 543 0 0 526 526 527 527
    528 529 529 529 530 530 533 533 534 534 534 534 535 537 538 538 539
    541 542 543 545 545 546 546 546 547 548 550 550 552 553 553 554 554
    554 555 556 559 560 560 561 562 0 0 738 733 723 720 717 716 713 710
    710 690 687 679 679 647 647 647 643 637 628 627 627 627 598 596 594
    589 589 574 571 569 565 565 0 543 543 543 543 527 527 528 528 529
    529 529 530 530 531 533 534 534 534 534 534 534 538 538 539 540 541
    542 543 544 545 546 546 547 548 548 550 550 551 552 553 554 554 554
