<?xml version="1.0"?>
<opencv_storage>
<Depth16433 type_id="opencv-matrix">
  <rows>54</rows>
  <cols>27</cols>
  <dt>w</dt>
  <data>
    2908 2908 2908 2908 2908 2908 2883 2883 2908 2883 2883 2883 2859
    2835 2835 2680 2680 2680 2680 2680 2680 2680 2226 2198 2198 2198
    2184 2908 2908 2883 2859 2859 2883 2859 2859 2883 2859 2859 2883
    2859 2835 2835 2226 2226 2680 2680 2680 2659 2198 2198 2198 2184
    2184 2170 2883 2859 2859 2835 2835 2859 2859 2859 2859 2859 2859
    2184 2184 2184 2184 2198 2198 2198 2198 2198 2198 2184 2184 2184
    2184 2170 2143 2835 2812 2812 2835 2835 2835 2835 2812 2812 2184
    2184 2184 2184 2170 2170 2170 2170 2170 2184 2184 2184 2184 2184
    2170 2156 2143 2129 2812 2812 2812 2812 2812 2835 2789 2184 2184
    2184 2184 2170 2170 2156 2156 2170 2156 2156 2143 2143 2143 2156
    2156 2156 2143 2116 2103 2789 2143 2143 2143 2143 2143 2170 2170
    2170 2170 2156 2156 2156 2156 2156 2143 2143 2143 2129 2129 2129
    2129 2129 2129 2129 2103 2090 2143 2143 2143 2143 2143 2143 2156
    2156 2156 2143 2143 2143 2143 2129 2129 2116 2116 2116 2129 2129
    2116 2116 2103 2103 2103 2090 2090 2116 2129 2129 2129 2156 2143
    2143 2143 2129 2129 2129 2129 2116 2116 2090 2090 2090 2090 2103
    2116 2103 2103 2090 2090 2103 2090 2090 2116 2129 2129 2129 2143
    2129 2129 2116 2103 2103 2103 2116 2103 2103 2090 2090 2090 2090
    2103 2103 2103 2103 2090 2090 2090 2103 2103 2116 2116 2116 2116
    2129 2129 2129 2090 2090 2090 2090 2090 2090 2090 2078 2078 2090
    2090 2090 2103 2103 2103 2090 2090 2090 2103 2116 2116 2116 2103
    2090 2090 2090 2090 2078 2078 2078 2078 2078 2090 2090 2078 2078
    2090 2090 2090 2103 2103 2103 2103 2103 2103 2103 2116 2103 2090
    2078 2078 2078 2078 2078 2065 2065 2078 2078 2078 2090 2090 2090
    2090 2090 2090 2090 2103 2103 2103 2116 2116 2116 2103 2103 2065
    2065 2065 2065 2065 2053 2053 2065 2065 2078 2078 2078 2090 2090
    2090 2090 2090 2090 2103 2103 2103 2116 2116 2116 2116 2103 2103
    2053 2053 2065 2065 2065 2053 2053 2078 2078 2078 2078 2078 2090
    2090 2090 2090 2090 2090 2103 2103 2103 2103 2103 2103 2116 2103
    2103 2040 2040 2053 2065 2065 2065 2078 2078 2078 2078 2078 2078
    2090 2090 2103 2103 2103 2103 2103 2103 2103 2103 2103 2103 2116
    2103 2103 2040 2040 2053 2065 2065 2078 2078 2078 2090 2090 2090
    2090 2090 2090 2103 2103 2116 2116 2116 2116 2116 2116 2116 2116
    2116 2103 2103 2040 2040 2053 2065 2078 2078 2078 2078 2090 2090
    2090 2090 2090 2090 2090 2103 2116 2116 2116 2116 2116 2103 2103
    2116 2116 2116 2116 2053 2053 2065 2065 2078 2078 2078 2078 2078
    2090 2090 2090 2090 2090 2090 2103 2116 2129 2116 2116 2103 2103
    2103 2103 2103 2103 2103 2040 2053 2065 2065 2078 2078 2078 2078
    2078 2090 2090 2090 2090 2090 2090 2103 2103 2116 2116 2103 2103
    2090 2078 2078 2090 2090 2090 2040 2053 2065 2065 2078 2078 2078
    2078 2078 2090 2090 2090 2090 2090 2090 2103 2103 2103 2116 2103
    2090 2090 2078 2078 2078 2078 2078 2053 2053 2065 2065 2078 2078
    2078 2078 2090 2090 2090 2090 2090 2090 2090 2090 2103 2103 2103
    2090 2090 2078 2065 2065 2065 2078 2078 2053 2053 2065 2065 2078
    2078 2078 2078 2090 2090 2090 2090 2090 2090 2090 2090 2090 2090
    2090 2090 2090 2065 2053 2040 2040 2053 2065 2053 2053 2065 2065
    2078 2078 2078 2090 2090 2090 2078 2078 2078 2078 2078 2090 2090
    2090 2090 2090 2078 2065 2053 2040 2040 2040 2040 2065 2065 2065
    2065 2078 2078 2078 2078 2078 2078 2065 2065 2078 2065 2065 2065
    2040 2040 2040 2078 2065 2053 2040 2028 2028 2016 2016 2065 2065
    2065 2065 2078 2065 2065 2065 2053 2053 2053 2053 2078 2065 2065
    2040 2016 2016 2028 2028 2040 2040 2028 2016 2005 1993 1993 0 2078
    2065 2065 2078 2065 2053 2040 2040 2040 2040 2040 2040 2040 2040
    2028 2016 2016 2016 2016 2016 2028 2028 2016 1981 1981 1981 0 2078
    2065 2065 2065 2040 2028 2016 2016 2028 2028 2016 2016 2040 2016
    2016 2005 2005 2005 1993 1993 2005 2016 2028 1981 1981 1981 0 0 2040
    2040 2053 2040 2028 2016 2016 2016 2005 2005 2005 1993 1993 2016
    1993 1981 1981 1993 1993 2005 2016 1993 1981 1981 1981 0 0 2016 2016
    2028 2040 2028 2016 1993 1993 1993 1993 1993 1981 1981 2016 1993
    1981 1981 1981 1936 1936 1993 1993 1981 1936 1936 0 0 2016 2016 2016
    2016 2005 2005 1993 1993 1981 1981 1981 1981 1981 1981 1981 1981
    1981 1936 1936 1936 1936 1936 1936 1936 1936 0 0 2028 1993 1993 1993
    1993 1993 1993 1993 1981 1981 1970 1970 1970 1970 1926 1936 1936
    1926 1915 1915 1936 1936 1915 1915 1915 0 0 2028 1981 1981 1981 1981
    1981 1993 1981 1981 1959 1959 1970 1970 1904 1926 1926 1926 1926
    1904 1904 1915 1904 1904 1894 1894 0 0 1970 1970 1970 1970 1959 1959
    1993 1981 1936 1936 1947 1947 1947 1904 1904 1904 1904 1915 1904
    1904 1904 1904 1904 1883 1883 0 0 1970 1970 1970 1947 1936 1936 1936
    1936 1936 1936 1936 1947 1947 1894 1894 1894 1904 1904 1915 1915
    1894 1894 1883 1873 1873 0 0 0 1970 1970 1947 1936 1936 1936 1936
    1936 1936 1936 1936 1894 1894 1894 1894 1894 1894 1894 1894 1894
    1894 1883 1873 1873 0 0 0 1959 1947 1947 1947 1947 1936 1936 1936
    1936 1904 1894 1894 1894 1883 1883 1883 1883 1883 1894 1894 1883
    1873 1873 1873 0 0 0 1959 1947 1947 1947 1915 1904 1904 1936 1936
    1883 1883 1883 1883 1883 1883 1883 1883 1883 0 1883 1883 1873 1863
    1863 0 0 0 0 0 1904 1904 1904 1894 1894 1873 1863 1863 1863 1873
    1883 1883 1883 1883 1883 0 0 1833 0 0 1863 1863 0 0 0 0 1904 1894
    1894 1894 1883 1883 1863 1863 1863 1863 1873 1883 1883 1883 1873
    1873 1873 1833 0 0 0 0 0 0 0 0 0 1904 1883 1883 1873 1873 1873 1863
    1863 1863 1863 1873 1873 1873 1883 1863 1833 1833 1833 0 0 0 0 0 0 0
    0 0 1863 1863 1863 1863 1863 1853 1853 1853 1863 1863 1863 1863 1863
    1883 1843 1833 1833 1833 0 0 0 0 0 0 0 0 0 1863 1853 1853 1853 1843
    1833 1833 1853 1863 1863 1863 1863 1863 1863 1833 1833 1833 1833 0 0
    0 1766 1766 0 0 0 0 0 1843 1833 1833 1843 1833 1833 1853 1853 1863
    1863 1863 1863 1833 1833 1823 1794 1785 1785 1766 1757 1757 1757 0 0
    0 0 0 1843 1833 1833 1843 1843 1843 1833 1833 1833 1813 1813 1813
    1823 1823 1823 1794 1776 1776 1757 1748 1748 1757 0 0 0 0 1833 1833
    1823 1823 1823 1843 1843 1823 1813 1813 1813 1785 1785 1785 1823
    1823 1794 1776 1776 1757 1748 1748 1757 0 0 0 1813 1813 1823 1823
    1823 1823 1833 1833 1813 1785 1785 1776 1776 1776 1785 1804 1804
    1804 1785 1757 1757 1748 1748 1757 0 0 0 1813 1813 1813 1813 1813
    1794 1794 1794 1785 1776 1776 1776 1776 1776 1776 1785 1794 1794
    1757 1739 1739 1739 1739 0 0 0 0 0 1785 1785 1813 1813 1776 1776
    1785 1785 1776 1776 1776 1776 1776 1776 1776 1776 1776 1739 1739
    1731 1722 1722 0 0 0 0 0 1776 1776 1776 1776 1776 1776 1776 1776
    1776 1776 1776 1766 1766 1766 1766 1766 1776 1739 1731 1731 1722
    1722 0 0 0 0 0 1776 1776 1766 1766 1785 1776 1776 1757 1757 1766
    1766 1766 1748 1748 1748 1766 1766 1739 1731 1731 1722 1722 0 0 0 0
    0 1776 1776 1748 1748 1748 1713 1713 1713 1757 1748 1748 1748 1739
    1731 1731 1722 1722 1722 1748 1713 1705 1705 1705 0 0 0 0 0 1757
    1748 1739 1731 1713 1713 1713 1722 1722 1731 1731 1722 1713 1713
    1713 1713 1722 1713 1713 1705 1705 1705 0 0 0 0 0 1748 1739 1739
    1713 1713 1713 1713 1713 1713 1713 1713 1713 1713 1713 1713 1713
    1722 1713 1705 1696 1680 1680 0 0 0 0 0 1739 1739 1739 1713 1713
    1713 1713 1705 1705 1705 1705 1713 1713 1713 1713 1713 1713 1705
    1696 1688 1680 1680</data></Depth16433>
</opencv_storage>
