<?xml version="1.0"?>
<opencv_storage>
<Depth6500 type_id="opencv-matrix">
  <rows>84</rows>
  <cols>68</cols>
  <dt>w</dt>
  <data>
    3468 3468 3468 3468 3468 3468 3503 3468 3468 3468 3468 3468 3468
    3468 3503 3503 3503 1223 1223 1223 3539 3539 3539 3539 3576 3576
    3576 3576 3576 3576 3614 3614 3576 3576 3576 1189 1189 1189 1181
    1181 3614 3653 3653 1181 1181 1181 1177 1173 1169 1161 1161 1161
    1165 1165 1165 1161 1153 1149 1149 1149 1149 1149 1149 3774 3774
    3774 3816 3816 3468 3468 3468 3468 3468 3468 3503 3468 3468 3468
    3468 3468 3468 1227 1227 1223 1219 1219 1210 1210 1206 1202 1202
    1202 1202 1202 1202 1202 1197 1197 1193 1193 1193 1193 1193 1189
    1189 1189 1181 1181 1181 1181 1181 1177 1177 1177 1177 1173 1169
    1161 1161 1161 1161 1161 1161 1161 1157 1153 1153 1149 1149 1149
    1161 1161 1165 3816 3816 3774 3468 3468 3468 3468 3468 3468 3468
    3468 3468 3468 3468 3468 1223 1223 1223 1219 1214 1210 1206 1206
    1206 1202 1202 1202 1202 1202 1202 1197 1197 1197 1193 1193 1193
    1193 1189 1189 1189 1185 1181 1181 1181 1177 1177 1177 1177 1173
    1173 1173 1169 1165 1165 1161 1161 1161 1161 1157 1157 1153 1149
    1149 1149 1153 1161 1165 1165 1165 3774 3774 3468 3468 3468 3468
    3468 3468 3468 0 3468 3468 0 0 1223 1223 1223 1219 1214 1210 1206
    1206 1206 1206 1206 1206 1206 1202 1202 1197 1197 1197 1193 1193
    1193 1189 1185 1185 1185 1185 1181 1181 1177 1177 1177 1173 1173
    1173 1173 1173 1169 1165 1165 1161 1161 1161 1157 1153 1153 1149
    1149 1149 1149 1153 1161 1165 1165 0 3774 3774 3433 3433 3433 3433
    3433 3468 0 0 0 0 0 0 1219 1219 1219 1214 1214 1206 1206 1206 1206
    1206 1206 1206 1197 1197 1197 1197 1197 1197 1193 1193 1189 1185
    1181 1181 1181 1181 1181 1177 1177 1177 1177 1173 1173 1169 1169
    1169 1169 1165 1165 1161 1161 1157 1157 1153 1149 1149 1149 1149
    1149 1153 1161 1165 1165 1206 3774 3774 3433 3433 3433 3433 3433
    3433 0 0 0 0 0 0 1219 1219 1214 1210 1210 1206 1206 1206 1206 1202
    1202 1202 1197 1197 1197 1197 1197 1193 1193 1189 1185 1181 1181
    1181 1181 1181 1181 1177 1177 1177 1177 1173 1173 1169 1165 1165
    1165 1165 1161 1161 1161 1157 1157 1149 1149 1149 1149 1149 1153
    1157 1165 1169 1197 1206 1206 1206 3433 3433 3433 3433 3433 3433 0 0
    0 0 0 0 1219 1219 1214 1210 1210 1210 1206 1206 1206 1197 1197 1197
    1193 1193 1197 1197 1193 1193 1193 1189 1185 1181 1181 1181 1181
    1181 1181 1181 1177 1177 1177 1173 1173 1169 1165 1161 1161 1161
    1161 1161 1161 1157 1157 1149 1149 1149 1149 1149 1153 1157 1169
    1177 1193 1202 1206 1206 3433 3399 3399 3433 3433 3433 0 0 0 0 0
    1223 1223 1219 1214 1210 1210 1206 1202 1202 1202 1197 1197 1193
    1193 1193 1193 1193 1193 1193 1193 1189 1185 1181 1181 1181 1181
    1181 1177 1177 1177 1177 1177 1173 1173 1169 1165 1161 1161 1161
    1157 1157 1153 1153 1153 1149 1149 1149 1149 1149 1153 1161 1173
    1181 1193 1202 1210 1214 3433 3399 3399 3433 3433 3433 0 0 0 0 0
    1219 1219 1219 1214 1210 1210 1206 1202 1202 1202 1197 1197 1193
    1193 1193 1193 1193 1193 1193 1193 1189 1185 1181 1181 1181 1181
    1181 1177 1177 1177 1177 1177 1173 1169 1165 1165 1161 1161 1157
    1157 1153 1153 1149 1149 1149 1149 1145 1145 1145 1149 1161 1173
    1181 1193 1197 1210 1214 3433 3399 3399 3433 3433 3433 0 0 0 0 0
    1219 1219 1219 1214 1210 1210 1206 1202 1202 1202 1197 1197 1193
    1193 1193 1193 1193 1193 1193 1193 1189 1185 1181 1181 1181 1177
    1177 1177 1177 1173 1173 1169 1169 1165 1165 1165 1161 1161 1157
    1157 1153 1149 1149 1149 1149 1145 1145 1145 1145 1149 1161 1173
    1177 1189 1193 1210 1219 3433 3433 3433 3433 3433 0 0 0 0 0 0 1223
    1219 1214 1210 1210 1210 1206 1202 1202 1197 1197 1197 1193 1193
    1193 1197 1193 1193 1189 1189 1189 1185 1181 1181 1181 1177 1177
    1173 1173 1169 1169 1165 1165 1165 1165 1165 1161 1157 1157 1153
    1149 1149 1149 1145 1145 1145 1141 1141 1145 1149 1157 1169 1177
    1189 1193 1214 1219 3433 3433 3433 3433 3399 3399 0 0 0 0 1232 1223
    1219 1214 1210 1210 1206 1206 1202 1202 1197 1197 1193 1193 1193
    1193 1193 1193 1189 1185 1185 1185 1181 1181 1181 1177 1177 1173
    1169 1169 1165 1165 1165 1165 1165 1165 1161 1161 1157 1157 1153
    1149 1149 1145 1145 1145 1145 1141 1141 1145 1149 1157 1165 1177
    1197 1202 1210 1219 3433 3433 3468 3433 3399 3399 0 0 0 0 1232 1223
    1214 1210 1210 1206 1206 1202 1197 1197 1197 1193 1193 1189 1189
    1189 1193 1193 1189 1185 1181 1181 1181 1181 1181 1177 1177 1173
    1169 1169 1165 1165 1165 1165 1165 1165 1161 1161 1157 1153 1149
    1149 1149 1145 1145 1145 1145 1141 1141 1145 1149 1157 1165 1181
    1197 1202 1210 1219 3433 3433 3433 3433 3433 3433 0 0 0 0 1219 1214
    1210 1210 1210 1206 1202 1202 1197 1197 1197 1193 1189 1189 1189
    1189 1193 1189 1185 1185 1181 1181 1181 1181 1181 1177 1177 1173
    1173 1169 1169 1165 1165 1165 1161 1161 1161 1157 1157 1153 1149
    1149 1149 1145 1145 1141 1141 1141 1141 1141 1145 1157 1165 1189
    1197 1202 1210 1219 3399 3433 3433 3399 3399 0 0 0 0 0 1214 1214
    1210 1210 1206 1206 1197 1197 1197 1197 1193 1193 1189 1189 1189
    1189 1189 1189 1185 1181 1181 1181 1177 1177 1177 1177 1173 1173
    1173 1173 1169 1169 1165 1165 1161 1161 1161 1157 1153 1149 1149
    1149 1145 1145 1145 1141 1141 1141 1141 1141 1145 1157 1169 1189
    1197 1202 1206 1214 3399 3399 3399 3399 3399 0 0 0 0 0 1210 1210
    1210 1206 1206 1202 1197 1193 1193 1193 1193 1189 1189 1189 1189
    1189 1189 1189 1185 1181 1181 1181 1177 1177 1177 1177 1173 1173
    1169 1169 1169 1169 1165 1161 1161 1161 1157 1153 1153 1149 1149
    1149 1145 1145 1145 1141 1138 1138 1138 1141 1145 1161 1169 1189
    1197 1197 1206 1214 3399 3399 3399 3399 3399 0 0 0 0 0 1210 1210
    1206 1206 1206 1197 1193 1193 1193 1193 1193 1189 1189 1189 1189
    1189 1189 1185 1181 1181 1181 1177 1177 1177 1177 1173 1173 1169
    1169 1169 1169 1165 1165 1161 1161 1157 1153 1149 1149 1149 1145
    1145 1145 1141 1141 1138 1138 1138 1138 1141 1149 1161 1169 1189
    1197 1197 1210 1210 3399 3433 3399 3399 3399 0 0 0 0 0 1206 1206
    1206 1206 1206 1193 1193 1193 1193 1193 1189 1189 1189 1189 1189
    1189 1185 1185 1181 1181 1177 1177 1177 1177 1173 1169 1169 1165
    1165 1165 1165 1165 1165 1161 1161 1153 1149 1149 1149 1145 1145
    1145 1145 1141 1141 1138 1138 1138 1138 1141 1149 1161 1169 1181
    1197 1202 1210 1210 3399 3433 3433 3399 3399 0 0 0 0 0 1206 1206
    1206 1202 1202 1193 1193 1193 1189 1189 1189 1189 1185 1185 1185
    1185 1185 1185 1181 1181 1177 1177 1177 1173 1173 1169 1165 1165
    1165 1165 1165 1165 1161 1161 1157 1153 1149 1149 1149 1145 1145
    1145 1141 1141 1138 1134 1134 1134 1138 1145 1149 1157 1169 1181
    1197 1202 1214 1214 3399 3433 3433 3399 3399 0 0 0 0 1206 1206 1206
    1202 1202 1202 1193 1193 1193 1189 1189 1189 1189 1185 1185 1181
    1181 1181 1181 1181 1181 1177 1177 1177 1173 1173 1169 1165 1165
    1165 1165 1165 1165 1161 1161 1157 1149 1149 1149 1145 1145 1141
    1141 1141 1141 1138 1134 1134 1134 1138 1145 1149 1157 1169 1185
    1197 1206 1214 1214 3399 3433 3433 3433 0 0 0 0 0 1206 1206 1206
    1202 1202 1197 1193 1193 1193 1193 1189 1189 1185 1185 1185 1181
    1181 1181 1181 1177 1177 1177 1177 1177 1173 1169 1165 1165 1165
    1165 1165 1165 1161 1161 1161 1157 1149 1149 1149 1145 1145 1141
    1141 1141 1141 1141 1134 1134 1134 1138 1141 1149 1157 1169 1185
    1197 1206 1210 1214 3433 3433 3399 3399 0 0 0 0 0 1206 1206 1202
    1202 1202 1197 1193 1193 1189 1189 1189 1185 1185 1185 1185 1181
    1181 1181 1181 1177 1177 1177 1173 1173 1173 1169 1165 1165 1165
    1165 1161 1161 1161 1161 1157 1153 1149 1149 1149 1145 1145 1141
    1141 1141 1141 1138 1134 1134 1134 1138 1141 1149 1157 1165 1189
    1197 1202 1210 1219 3433 3365 3365 3399 0 0 0 0 0 1206 1202 1202
    1202 1197 1193 1193 1189 1189 1189 1189 1185 1185 1185 1185 1185
    1181 1181 1177 1177 1177 1177 1173 1169 1169 1165 1165 1161 1161
