<?xml version="1.0"?>
<opencv_storage>
<Depth12196 type_id="opencv-matrix">
  <rows>8</rows>
  <cols>19</cols>
  <dt>w</dt>
  <data>
    6259 6038 6038 6038 6038 6038 6146 6146 6146 6375 6497 6497 6497
    6497 6622 6753 6753 6753 6889 5933 5933 6038 5933 5933 6038 6038
    6038 6038 6038 6038 6038 6146 6146 6038 6038 6038 6038 6038 5933
    5933 6038 5933 5933 5933 6038 6038 6038 6038 6038 6038 6038 6038
    6038 5933 5933 5933 5933 5933 6038 6038 6038 5933 5933 6038 5933
    5933 5933 6038 6038 6038 6038 6038 5933 5933 5933 5933 6038 6038
    6038 6038 6038 6038 6038 5933 5933 5933 6038 6038 6038 6038 6038
    6038 5933 5933 5933 5734 6146 6146 6038 6038 6038 6038 6038 5933
    5933 5933 5933 6038 5933 5933 5933 5933 5933 5933 5548 6375 6375
    6259 6146 6146 6038 6038 5933 5933 5933 5933 5933 5933 5933 5933
    5933 5933 5933 7332 7332 7332 7030 6375 6146 6146 6038 6038 6038
    6038 6038 5933 5933 5933 5933 5933 5933 0</data></Depth12196>
</opencv_storage>
