<?xml version="1.0"?>
<opencv_storage>
<Depth11159 type_id="opencv-matrix">
  <rows>122</rows>
  <cols>49</cols>
  <dt>w</dt>
  <data>
    3692 3692 3653 3653 3614 3576 3576 3576 3576 3576 3539 3539 3539 0 0
    0 0 0 0 992 989 989 992 1022 1022 1022 1031 1034 0 1028 1031 1034 0
    0 0 0 0 1044 1044 0 998 998 0 992 992 3300 3300 3300 3269 3692 3653
    3653 3653 3614 3614 3614 3614 3576 3576 3539 3539 3539 0 0 0 0 992
    992 992 989 989 992 992 1013 1016 1019 1025 1028 1028 1031 1034 1034
    0 1038 1044 1044 1044 1044 0 998 998 992 992 992 995 995 3269 3269
    3692 3653 3653 3653 3653 3614 3614 3614 3576 3576 3539 3539 3539 0 0
    0 0 992 992 992 989 989 992 992 998 1004 1010 1016 1022 1025 1028
    1031 1031 1031 1038 1038 1038 1038 1038 1001 998 998 992 992 995 995
    995 995 3269 3653 3653 3653 3653 3653 3653 3653 3614 3614 3576 3539
    3539 3576 0 0 0 0 0 992 992 992 992 992 992 992 995 998 998 1001 995
    995 992 992 1031 1038 1038 1038 1038 1041 1001 998 998 995 995 995
    995 995 995 995 3653 3653 3653 3653 3653 3653 3653 3614 3614 3576
    3576 3576 3576 0 0 0 0 0 992 992 992 992 992 989 989 989 989 992 995
    995 995 992 992 992 992 992 995 995 995 995 992 992 992 992 992 989
    989 995 995 3653 3653 3653 3653 3614 3614 3653 3614 3614 3614 3576
    3576 3576 3576 0 0 0 1001 992 992 992 992 992 989 989 989 989 992
    992 992 992 992 989 989 989 989 992 992 992 992 992 989 989 989 989
    989 989 989 989 3692 3653 3653 3614 3614 3614 3653 3614 3614 3614
    3576 3576 3576 3576 0 0 0 1001 995 992 992 992 992 992 989 989 989
    992 992 992 992 992 989 989 989 989 989 989 989 989 989 987 987 987
    987 987 987 987 987 3692 3653 3653 3614 3614 3614 3614 3614 3614
    3614 3614 3614 3614 3614 0 0 0 1001 998 995 992 992 992 992 992 992
    992 992 992 992 992 992 989 989 989 989 989 989 989 989 989 987 987
    987 987 987 987 987 987 3692 3653 3653 3653 3614 3614 3614 3614 3614
    3614 3614 3614 3614 0 0 0 0 998 998 995 995 992 992 992 992 992 992
    992 992 992 992 992 992 992 992 989 989 989 989 989 989 987 987 987
    987 987 987 987 984 3692 3653 3653 3653 3653 3653 3614 3614 3614
    3614 3614 3614 3614 3614 0 0 0 998 998 995 995 995 992 992 992 992
    992 995 995 992 992 992 992 992 992 992 992 992 992 992 992 989 989
    989 987 987 989 987 984 3692 3653 3653 3653 3614 3614 3653 3653 3614
    3614 3614 3614 3614 3614 0 0 0 992 992 995 995 995 992 992 992 992
    992 995 995 995 995 992 992 992 992 992 992 992 992 992 992 992 992
    992 989 989 989 989 987 3692 3692 3653 3614 3614 3614 3614 3653 3614
    3614 3614 3614 3653 0 0 0 0 992 992 995 995 995 992 992 992 992 992
    995 995 995 995 995 992 992 995 992 992 992 992 992 992 992 992 992
    989 989 989 989 989 3692 3692 3653 3614 3614 3614 3614 3653 3614
    3614 3614 3614 0 0 0 0 0 992 992 995 995 995 995 995 992 992 992 995
    995 995 995 995 995 995 995 995 992 992 992 992 992 992 992 992 992
    992 989 989 989 3692 3692 3653 3653 3614 3614 3653 3653 3614 3576
    3576 3614 0 0 0 0 0 995 995 998 998 998 995 995 995 992 992 995 995
    995 995 995 995 995 995 995 995 995 992 992 992 992 992 992 992 992
    989 989 989 3692 3692 3653 3653 3653 3653 3653 3653 3614 3576 3576
    3614 0 0 0 0 0 998 998 998 998 998 998 995 995 995 995 998 998 998
    995 995 995 995 995 995 995 995 995 992 992 992 992 992 992 992 992
    992 992 3692 3692 3692 3653 3653 3653 3653 3653 3614 3614 3614 3614
    0 0 0 0 1001 998 998 1001 1001 1001 998 998 998 998 998 998 998 998
    995 995 995 995 995 995 995 995 995 992 992 992 992 992 992 992 992
    992 992 3692 3692 3692 3653 3653 3653 3653 3653 3653 3614 3614 0 0 0
    0 0 1001 1001 1001 1001 1001 1001 998 998 998 998 998 1001 998 998
    995 995 995 995 995 995 995 995 995 995 992 992 992 992 995 992 992
    992 992 3692 3692 3692 3653 3653 3653 3653 3653 3653 3653 3653 0 0 0
    0 0 1004 1001 1001 1001 1001 1001 998 998 998 998 998 1001 1001 998
    998 998 995 995 995 995 995 995 995 995 995 995 995 995 995 995 995
    995 995 3732 3692 3692 3692 3653 3653 3653 3653 3653 3653 3653 0 0 0
    0 0 1004 1004 1004 1001 1001 1001 998 998 998 998 1001 1001 1001 998
    998 998 998 998 995 995 995 995 995 995 995 995 995 995 995 995 995
    995 995 3732 3692 3692 3692 3653 3653 3653 3653 3653 3692 3692 0 0 0
    0 0 1010 1007 1004 1004 1004 1004 1001 1001 1001 1001 1001 1001 1001
    1001 1001 1001 998 998 995 995 995 995 995 995 995 995 995 995 995
    995 995 995 995 3732 3692 3692 3692 3692 3692 3692 3653 3653 3653
    3692 0 0 0 0 1013 1010 1010 1004 1004 1004 1004 1004 1004 1001 1001
    1001 1004 1004 1004 1004 1001 1001 998 995 995 998 998 998 998 995
    995 995 995 995 995 995 995 998 3732 3692 3692 3692 3692 3692 3692
    3653 3653 3653 0 0 0 0 0 1013 1010 1010 1007 1004 1004 1004 1004
    1004 1001 1001 1001 1004 1004 1004 1004 1001 1001 1001 1001 1001
    1001 998 998 998 998 998 995 995 995 995 995 995 998 3732 3692 3692
    3692 3692 3692 3692 3653 3614 3614 0 0 0 0 0 0 1010 1010 1007 1004
    1004 1004 1004 1004 1004 1004 1004 1004 1004 1004 1004 1004 1001
    1001 1001 1001 1001 1001 1001 1001 1001 1001 998 995 995 995 995 998
    1001 3732 3732 3732 3732 3732 3732 3692 3653 3614 3614 0 0 0 0 0
    1013 1010 1010 1007 1007 1007 1004 1004 1004 1004 1004 1004 1007
    1007 1007 1004 1004 1004 1004 1004 1004 1004 1001 1001 1004 1004
    1004 998 998 998 998 998 1001 1001 3732 3732 3732 3732 3732 3732
    3692 3653 3614 3614 0 0 0 0 0 1013 1010 1010 1010 1007 1007 1007
    1007 1007 1007 1004 1004 1007 1007 1007 1004 1004 1004 1004 1004
    1004 1004 1004 1004 1004 1004 1004 1001 998 998 1001 1001 1001 0
    3732 3732 3732 3732 3732 3692 3692 3653 3614 3614 0 0 0 0 0 1013
    1013 1010 1010 1010 1007 1007 1007 1007 1007 1007 1007 1007 1007
    1007 1004 1004 1004 1004 1004 1004 1004 1004 1004 1004 1004 1004
    1004 1001 1001 1001 1001 1004 1004 3732 3732 3732 3732 3732 3692
    3692 3653 3653 3692 0 0 0 0 1013 1013 1013 1010 1010 1010 1010 1010
    1007 1007 1007 1007 1007 1007 1007 1007 1007 1007 1004 1004 1004
    1004 1004 1004 1004 1004 1004 1004 1004 1004 1004 1004 1004 1004
    1004 3732 3732 3732 3732 3732 3692 3692 3692 3692 3692 0 0 0 0 1013
    1013 1013 1013 1013 1010 1010 1010 1010 1010 1007 1007 1007 1007
    1007 1007 1007 1007 1004 1004 1004 1007 1007 1004 1004 1004 1004
    1004 1004 1004 1004 1004 1004 1004 0 3732 3732 3732 3692 3692 3692
    3692 3692 3692 3692 0 0 0 0 1016 1013 1013 1013 1013 1010 1010 1010
    1010 1010 1007 1004 1004 1007 1007 1007 1007 1007 1007 1007 1007
    1007 1007 1004 1004 1004 1004 1004 1004 1004 1004 1004 1004 0 0 3732
    3732 3692 3692 3692 3692 3692 3692 3692 3692 0 0 0 0 1016 1016 1013
    1013 1013 1010 1010 1013 1010 1010 1007 1004 1004 1010 1007 1007
    1007 1007 1007 1007 1007 1007 1007 1004 1004 1004 1004 1004 1004
    1004 1004 1004 1004 0 0 3732 3732 3692 3692 3692 3692 3692 3653 3653
    3653 0 0 0 0 0 1016 1013 1013 1013 1013 1013 1013 1010 1010 1007
    1007 1007 1010 1010 1007 1007 1007 1007 1007 1007 1007 1007 1007
    1007 1004 1004 1004 1004 1004 1004 1004 1004 0 0 3732 3732 3692 3692
    3692 3692 3692 3653 3653 3653 0 0 0 0 1016 1013 1013 1013 1013 1013
    1013 1013 1010 1010 1007 1007 1007 1013 1010 1010 1007 1007 1010
    1007 1007 1007 1007 1007 1007 1007 1004 1004 1004 1004 1004 1004
    1004 0 0 3732 3732 3692 3692 3692 3692 3692 3653 3653 0 0 0 0 0 1016
    1013 1013 1013 1013 1013 1013 1013 1010 1010 1010 1010 1010 1013
    1013 1010 1010 1010 1010 1010 1010 1010 1010 1007 1007 1007 1007
    1007 1004 1004 1004 1004 1007 0 0 3692 3692 3692 3692 3692 3692 3692
    3692 0 0 0 0 0 0 1016 1016 1013 1013 1013 1013 1013 1013 1013 1013
    1013 1013 1013 1013 1013 1013 1010 1010 1010 1013 1013 1013 1010
    1007 1007 1007 1007 1007 1007 1007 1004 1004 1007 0 0 3692 3692 3692
    3692 3692 3692 3692 3692 0 0 0 0 0 0 1016 1016 1016 1013 1013 1013
    1013 1013 1013 1013 1013 1013 1013 1016 1016 1013 1013 1013 1013
