<?xml version="1.0"?>
<opencv_storage>
<Depth14173 type_id="opencv-matrix">
  <rows>83</rows>
  <cols>68</cols>
  <dt>w</dt>
  <data>
    6038 6038 6038 5832 5832 5832 5832 5832 5832 5734 5734 5734 5640
    5640 5640 5640 5640 5548 5548 5460 5460 5460 5374 5374 5374 5291
    5291 5291 5291 5210 5132 5132 5132 5056 5056 4983 4911 4911 4911
    4911 1259 1259 1255 1250 1245 1245 1245 4842 4708 4708 4708 4645
    4645 4582 4582 4582 4522 4522 4522 4463 4463 4405 4405 4405 4405
    4349 4349 4295 6038 6038 6038 5933 5933 5832 5832 5832 5832 5734
    5734 5734 5640 5640 5640 5640 5640 5548 5548 5548 5460 5460 5374
    5374 5291 5291 5291 5291 5291 5210 5132 5132 5132 1268 4983 4983
    4911 4911 4911 1264 1259 1259 1255 1250 1245 1245 1245 1255 1255
    4774 4774 4645 4645 4645 4582 4522 4522 4522 4522 4522 4522 4463
    4405 4405 4405 4405 4349 4349 6038 6038 6038 6038 5933 5933 5832
    5832 5832 5832 5734 5734 5640 5640 5640 5640 5640 5640 5548 5548
    5460 5460 5374 5374 5291 5291 5291 5291 5291 5291 5291 5291 1268
    1268 1268 1268 1268 1268 1268 1264 1264 1259 1259 1250 1245 1245
    1245 1255 1255 1255 4645 4645 4645 4645 4582 4522 4522 4522 4522
    4522 4522 4463 4463 4463 4405 4405 4349 4349 6146 6146 6038 6038
    5933 5933 5832 5832 5832 5832 5734 5734 5640 5640 5734 5640 5640
    5640 5548 5460 5460 5460 5374 5374 5291 5291 5291 5291 1264 1264
    1268 1268 1268 1264 1259 1259 1259 1259 1264 1264 1259 1259 1259
    1259 1255 1255 1255 1259 1259 1259 4645 4645 4645 4645 4582 4582
    4582 4522 4522 4522 4522 4522 4522 4463 4405 4405 4349 4349 6146
    6146 6038 6038 5933 5933 5933 5832 5832 5832 5734 5734 5734 5734
    5734 5640 5640 5548 5548 5460 5460 5460 5374 5374 5374 1268 1268
    1268 1264 1264 1264 1264 1268 1264 1259 1259 1259 1259 1264 1259
    1259 1259 1259 1259 1259 1259 1259 1259 1259 1259 4708 4708 4645
    4645 4582 4582 4582 4582 4582 4522 4522 4522 4522 4463 4405 4405
    4349 4349 6146 6146 6038 6038 5933 5933 5933 5933 5832 5832 5832
    5734 5734 5734 5734 5640 5640 5548 5548 5460 5460 5460 1278 1273
    1273 1268 1268 1268 1264 1264 1264 1264 1264 1264 1259 1259 1259
    1259 1259 1259 1259 1259 1259 1259 1259 1259 1255 1255 1255 1255
    1255 4582 4582 4582 4582 4582 4582 4582 4582 4522 4522 4522 4522
    4463 4463 4405 4349 4349 6146 6146 6038 6038 5933 5933 5933 5933
    5832 5832 5832 5734 5734 5734 5734 5734 5640 5640 5640 5640 5640
    1278 1278 1278 1273 1268 1268 1268 1264 1264 1264 1264 1264 1264
    1259 1259 1259 1259 1259 1259 1259 1259 1259 1259 1259 1259 1255
    1255 1255 1255 1255 4582 4582 4582 4582 4582 4582 4582 4582 4522
    4522 4522 4522 4463 4463 4405 4349 4349 6146 6146 6038 6038 6038
    5933 5933 5933 5933 5832 5734 5734 5734 5734 5734 5734 5734 1278
    1278 1283 1283 1278 1278 1278 1273 1273 1273 1273 1268 1264 1264
    1264 1268 1264 1259 1259 1259 1259 1259 1259 1259 1259 1259 1259
    1259 1259 1259 1255 1255 1255 1255 4645 4645 4582 4582 4645 4645
    4582 4582 4522 4522 4522 4463 4463 4405 4405 4349 4349 6146 6038
    6038 6038 6038 5933 5933 5933 5933 5734 5734 5734 5734 5734 1292
    1288 1283 1278 1278 1283 1278 1278 1278 1278 1273 1273 1273 1273
    1268 1264 1264 1264 1264 1268 1264 1259 1259 1259 1264 1259 1259
    1259 1259 1259 1259 1259 1259 1255 1255 1255 1255 1259 4645 4645
    4645 4708 4645 4645 4582 4522 4522 4522 4463 4463 4405 4349 4349
    4349 6038 6038 6038 6038 5933 5933 5933 5933 5933 5734 5734 1292
    1292 1292 1288 1283 1283 1283 1283 1283 1278 1278 1278 1278 1278
    1278 1273 1273 1273 1264 1264 1264 1264 1268 1264 1259 1259 1259
    1264 1259 1259 1259 1259 1259 1259 1259 1259 1255 1255 1259 1259 0
    4708 4708 4708 4708 4645 4582 4582 4582 4522 4522 4463 4463 4405
    4349 4349 4349 6038 6038 6038 6038 5933 5933 6038 1297 1292 1292
    1292 1292 1292 1292 1288 1283 1283 1283 1283 1283 1278 1278 1278
    1278 1273 1273 1273 1273 1273 1268 1264 1264 1264 1264 1264 1259
    1259 1259 1264 1259 1259 1259 1259 1259 1259 1259 1259 1255 1255
    1259 1259 0 1259 4708 4708 4645 4645 4582 4582 4582 4582 4522 4463
    4463 4405 4405 4405 4405 6038 6038 6038 6038 1297 1297 1297 1297
    1292 1292 1292 1292 1292 1292 1288 1283 1283 1283 1283 1283 1283
    1278 1278 1278 1273 1273 1273 1273 1273 1268 1264 1264 1264 1264
    1264 1259 1259 1259 1264 1264 1259 1259 1259 1259 1259 1259 1259
    1259 1259 1259 1259 1259 0 4708 4708 4645 4645 4582 4582 4582 4582
    4522 4522 4463 4405 4405 4405 4405 1307 1302 1297 1297 1297 1297
    1292 1292 1292 1292 1292 1292 1292 1292 1288 1283 1283 1283 1283
    1283 1283 1278 1278 1278 1273 1273 1273 1273 1273 1268 1264 1264
    1264 1264 1264 1259 1259 1259 1264 1264 1259 1259 1259 1259 1259
    1259 1259 1259 1259 1255 1255 1255 0 4708 4708 4645 4582 4582 4582
    4582 4582 4522 4522 4522 4463 4463 4405 4405 1302 1297 1297 1297
    1297 1297 1292 1292 1292 1292 1292 1292 1292 1292 1292 1288 1288
    1288 1288 1283 1283 1278 1278 1273 1273 1273 1273 1273 1273 1273
    1268 1264 1264 1264 1264 1259 1259 1259 1264 1264 1264 1259 1259
    1259 1259 1259 1259 1259 1259 1255 1255 1255 0 4645 4645 4645 4582
    4582 4582 4582 4582 4522 4522 4522 4463 4463 4405 4405 1297 1297
    1297 1297 1297 1297 1292 1292 1292 1292 1292 1292 1292 1292 1288
    1288 1288 1288 1288 1283 1283 1278 1278 1273 1273 1273 1273 1273
    1273 1273 1273 1264 1264 1264 1264 1259 1259 1259 1264 1264 1264
    1264 1259 1259 1259 1259 1259 1259 1259 1255 1255 0 0 0 4645 4645
    4582 4582 4582 4582 4582 4522 4522 4522 4463 4463 4463 4405 1297
    1297 1297 1297 1297 1297 1292 1292 1292 1292 1292 1292 1292 1292
    1288 1288 1288 1288 1283 1283 1278 1278 1278 1273 1273 1273 1273
    1273 1273 1273 1273 1268 1264 1264 1264 1264 1259 1259 1264 1264
    1264 1264 1259 1259 1259 1259 1259 1259 1259 1250 1250 0 0 0 4582
    4582 4582 4582 4582 4582 4582 4522 4522 4522 4522 4522 4463 4463
    1297 1297 1297 1297 1297 1297 1297 1292 1292 1292 1292 1292 1292
    1292 1288 1288 1288 1288 1283 1283 1278 1278 1278 1273 1273 1273
    1273 1273 1273 1273 1273 1268 1268 1268 1268 1264 1259 1259 1264
    1264 1264 1264 1264 1259 1259 1259 1259 1259 1259 1250 1250 0 1245 0
    4582 4582 4582 4582 4582 4582 4582 4582 4522 4522 4522 4463 4463
    4463 1302 1302 1297 1297 1297 1297 1297 1297 1297 1292 1292 1292
    1292 1292 1292 1288 1288 1288 1283 1283 1278 1278 1278 1278 1273
    1273 1273 1273 1273 1273 1273 1268 1268 1268 1268 1264 1264 1264
    1264 1264 1264 1264 1264 1259 1259 1259 1259 1259 1259 1250 1245
    1245 0 0 0 4582 4582 4582 4582 4582 4582 4522 4522 4522 4522 4463
    4463 4463 1302 1302 1297 1297 1297 1297 1297 1297 1297 1292 1292
    1292 1292 1292 1292 1288 1288 1288 1283 1283 1278 1278 1278 1278
    1278 1273 1273 1273 1273 1273 1273 1268 1268 1268 1268 1268 1264
    1264 1264 1264 1264 1264 1264 1259 1259 1259 1259 1259 1259 1255
    1245 1245 0 0 0 0 4582 4582 4582 4582 4582 4522 4522 4522 4522 4522
    4522 4463 0 1302 1297 1297 1297 1297 1297 1297 1297 1297 1297 1292
    1292 1292 1292 1292 1288 1288 1283 1283 1283 1278 1278 1278 1278
    1278 1273 1273 1273 1273 1273 1273 1268 1268 1268 1268 1268 1264
    1264 1264 1264 1264 1264 1259 1259 1259 1259 1259 1259 1255 1250
    1250 0 0 0 0 4582 4582 4582 4582 4582 4522 4522 4522 4463 4463 4463
    4463 0 0 1297 1297 1297 1297 1297 1297 1292 1292 1292 1292 1292 1292
    1292 1292 1288 1288 1283 1283 1283 1283 1283 1283 1278 1278 1273
    1273 1273 1273 1273 1273 1268 1268 1268 1268 1268 1268 1264 1264
    1264 1264 1264 1259 1259 1259 1259 1259 1259 1259 1255 1255 0 1255 0
    4582 4582 4582 4582 4582 4582 4522 4522 4522 4463 4463 4463 4463 0 0
    1292 1292 1297 1297 1297 1297 1292 1292 1292 1292 1292 1292 1292
    1292 1292 1288 1288 1288 1288 1283 1283 1283 1278 1278 1278 1273
    1273 1273 1273 1273 1273 1268 1268 1268 1268 1268 1268 1264 1264
    1264 1264 1259 1259 1259 1259 1259 1259 1259 1259 1255 1255 1255 0
    4522 0 4522 4522 4582 4582 4522 4522 4522 4522 4463 4463 4522 0 0
