<?xml version="1.0"?>
<opencv_storage>
<Depth9495 type_id="opencv-matrix">
  <rows>74</rows>
  <cols>48</cols>
  <dt>w</dt>
  <data>
    4139 4139 1223 1223 1223 1223 1223 1223 1223 1227 1232 1236 1241
    1241 1193 1193 1197 1185 1185 1185 1181 1181 1185 1185 1193 1197
    1273 1273 1236 1236 1241 1250 1264 1264 1273 1288 1288 1302 1297
    1297 1312 1317 1328 1333 1333 1349 1349 1349 4139 4139 1223 1223
    1223 1223 1219 1219 1219 1219 1219 1202 1193 1193 1193 1193 1197
    1185 1185 1181 1181 1181 1185 1193 1193 1197 1202 1206 1214 1223
    1232 1241 1250 1255 1264 1264 1268 1278 1288 1297 1297 1307 1317
    1328 1338 1343 1343 1343 1219 1219 1219 1223 1219 1219 1214 1214
    1210 1210 1206 1202 1193 1193 1193 1185 1181 1181 1181 1181 1181
    1181 1181 1181 1189 1197 1197 1206 1210 1219 1223 1232 1236 1245
    1255 1259 1264 1273 1278 1297 1297 1307 1312 1328 1338 1343 1343
    1343 1219 1219 1219 1223 1219 1214 1214 1210 1210 1202 1202 1197
    1197 1189 1189 1185 1181 1181 1181 1177 1177 1177 1177 1177 1181
    1193 1193 1202 1210 1214 1223 1227 1236 1236 1250 1259 1264 1273
    1278 1297 1297 1302 1312 1328 1338 1343 1343 1343 1227 1227 1227
    1223 1219 1214 1214 1210 1210 1202 1202 1197 1193 1189 1185 1181
    1181 1177 1177 1173 1173 1173 1173 1177 1177 1185 1193 1202 1210
    1214 1219 1227 1236 1236 1250 1259 1264 1273 1288 1297 1297 1302
    1312 1328 1333 1338 1343 1343 1227 1227 1227 1223 1219 1214 1214
    1214 1210 1202 1202 1197 1189 1185 1185 1181 1181 1177 1177 1173
    1169 1169 1173 1173 1177 1185 1193 1202 1210 1214 1219 1227 1236
    1245 1250 1259 1264 1268 1288 1292 1297 1302 1312 1328 1333 1338
    1343 0 1236 1232 1227 1223 1219 1219 1219 1214 1210 1202 1202 1197
    1189 1185 1185 1185 1181 1177 1173 1173 1169 1169 1173 1173 1177
    1185 1193 1202 1206 1214 1219 1227 1236 1245 1250 1259 1264 1268
    1283 1292 1297 1297 1312 1328 1333 1338 1349 0 1236 1236 1227 1227
    1223 1219 1219 1214 1210 1202 1202 1197 1189 1185 1185 1181 1181
    1177 1173 1173 1169 1169 1173 1173 1181 1189 1197 1202 1206 1214
    1219 1227 1241 1245 1255 1255 1264 1264 1283 1292 1297 1297 1312
    1328 1333 1338 1343 0 1236 1236 1227 1227 1223 1219 1219 1214 1210
    1206 1202 1197 1189 1185 1185 1181 1181 1177 1173 1169 1169 1169
    1169 1173 1181 1189 1197 1197 1206 1214 1219 1227 1236 1245 1250
    1255 1264 1264 1288 1297 1297 1302 1322 1328 1333 1338 1343 1343 0
    1236 1232 1227 1223 1219 1219 1214 1210 1206 1202 1197 1197 1189
    1185 1181 1181 1177 1173 1169 1169 1169 1169 1173 1181 1189 1193
    1197 1202 1210 1219 1227 1236 1245 1250 1255 1264 1268 1288 1297
    1297 1302 1322 1328 1333 1343 1349 1349 0 1232 1232 1227 1223 1219
    1219 1214 1210 1206 1202 1197 1197 1189 1185 1181 1177 1177 1173
    1169 1169 1169 1169 1169 1177 1185 1193 1197 1202 1210 1219 1227
    1232 1245 1250 1255 1264 1283 1288 1297 1297 1307 1322 1328 1333
    1343 1349 1349 1227 1227 1227 1227 1223 1219 1219 1214 1210 1206
    1202 1202 1197 1189 1185 1181 1177 1177 1173 1169 1165 1165 1169
    1169 1173 1185 1193 1197 1202 1210 1219 1227 1232 1245 1250 1255
    1264 1283 1288 1297 1297 1302 1322 1328 1333 1343 1349 1349 0 1227
    1227 1227 1223 1219 1219 1214 1210 1206 1202 1202 1197 1189 1185
    1181 1181 1177 1173 1169 1165 1165 1169 1169 1173 1185 1193 1197
    1202 1210 1219 1227 1245 1245 1250 1255 1264 1283 1288 1297 1297
    1302 1322 1328 1333 1343 1349 1349 0 0 1227 1227 1219 1219 1214 1214
    1210 1206 1202 1202 1197 1189 1185 1181 1181 1177 1173 1169 1165
    1165 1169 1169 1173 1185 1193 1202 1206 1210 1219 1227 1245 1245
    1250 1255 1264 1283 1288 1297 1297 1302 1317 1328 1333 1338 1338
    1338 1206 0 1227 1227 1219 1219 1214 1214 1206 1206 1202 1197 1193
    1189 1185 1181 1181 1177 1173 1169 1165 1165 1169 1173 1177 1189
    1193 1202 1206 1210 1219 1223 1245 1245 1250 1255 1264 1283 1288
    1297 1297 1312 1317 1328 1333 1338 1338 0 1206 1206 1219 1219 1219
    1214 1214 1214 1206 1206 1202 1197 1193 1189 1185 1181 1181 1177
    1177 1169 1169 1169 1169 1173 1181 1189 1193 1202 1206 1214 1219
    1223 1245 1245 1250 1259 1264 1278 1288 1297 1297 1312 1317 1328
    1333 1338 1338 1338 1206 1206 1219 1219 1219 1214 1214 1214 1206
    1206 1202 1197 1193 1185 1185 1181 1181 1181 1169 1169 1169 1169
    1169 1177 1181 1189 1193 1202 1206 1214 1219 1223 1245 1245 1250
    1259 1268 1278 1288 1297 1297 1312 1317 1328 1333 1338 1338 1338 0 0
    1219 1219 1219 1219 1214 1214 1210 1206 1202 1197 1189 1185 1185
    1181 1181 1177 1169 1169 1169 1169 1169 1173 1181 1189 1193 1202
    1206 1214 1219 1223 1245 1245 1255 1255 1268 1273 1288 1297 1297
    1307 1317 1328 1333 1338 1338 1338 0 0 1219 1219 1219 1214 1214 1214
    1210 1206 1202 1197 1189 1185 1185 1181 1181 1177 1173 1169 1169
    1169 1169 1173 1181 1189 1193 1197 1202 1210 1219 1232 1241 1245
    1250 1255 1268 1273 1288 1297 1297 1307 1317 1328 1333 1333 1333
    1333 0 0 1219 1219 1219 1214 1214 1214 1210 1206 1202 1197 1189 1185
    1185 1181 1181 1177 1173 1169 1169 1169 1169 1173 1177 1185 1193
    1197 1202 1210 1219 1232 1236 1245 1245 1255 1268 1273 1288 1292
    1297 1307 1317 1328 1333 1333 1333 0 0 0 1223 1219 1219 1214 1214
    1214 1210 1206 1202 1193 1189 1185 1185 1181 1177 1173 1173 1169
    1169 1169 1169 1173 1177 1185 1193 1197 1202 1210 1214 1227 1236
    1245 1245 1255 1273 1283 1288 1292 1302 1307 1317 1328 1333 1333
    1333 0 0 0 1223 1219 1219 1214 1214 1214 1210 1202 1202 1189 1189
    1185 1185 1181 1177 1173 1173 1169 1169 1169 1169 1173 1177 1185
    1193 1197 1202 1210 1214 1227 1236 1245 1245 1264 1273 1283 1292
    1297 1302 1307 1317 1328 1328 1333 1333 1333 0 1236 1227 1223 1219
    1214 1214 1214 1210 1202 1202 1189 1185 1185 1185 1181 1177 1173
    1169 1169 1169 1169 1169 1169 1177 1185 1193 1197 1202 1210 1214
    1227 1236 1250 1250 1264 1268 1278 1288 1297 1302 1307 1317 1322
    1328 1333 1333 1333 0 1236 1227 1223 1219 1214 1214 1214 1210 1202
    1197 1189 1185 1185 1185 1181 1177 1173 1169 1169 1169 1169 1169
    1169 1177 1185 1193 1197 1202 1210 1214 1227 1236 1250 1250 1264
    1268 1278 1288 1297 1302 1307 1317 1322 1328 1333 1333 1333 0 1236
    1227 1223 1219 1214 1214 1210 1206 1202 1197 1189 1185 1185 1185
    1181 1177 1173 1169 1169 1169 1169 1169 1173 1177 1185 1193 1197
    1206 1210 1219 1227 1241 1250 1250 1264 1268 1278 1288 1292 1297
    1307 1317 1322 1328 1333 1333 1333 0 1236 1227 1223 1219 1214 1214
    1210 1206 1202 1197 1189 1185 1185 1185 1181 1177 1173 1169 1169
    1169 1169 1169 1173 1177 1185 1193 1197 1202 1210 1219 1227 1241
    1250 1250 1264 1268 1273 1288 1292 1297 1307 1317 1322 1328 1333
    1333 1333 0 1232 1227 1223 1219 1214 1210 1210 1206 1202 1197 1193
    1185 1185 1181 1181 1177 1173 1169 1169 1169 1169 1169 1173 1177
    1193 1193 1197 1202 1210 1223 1232 1236 1250 1250 1264 1264 1273
    1288 1292 1302 1307 1317 1322 1328 1333 1333 1333 0 1227 1227 1223
    1219 1214 1210 1210 1206 1202 1197 1193 1185 1185 1181 1181 1177
    1173 1169 1169 1169 1169 1169 1173 1181 1193 1193 1197 1206 1210
    1223 1232 1236 1245 1250 1264 1264 1273 1288 1297 1302 1307 1312
    1322 1328 1333 1333 0 0 1227 1227 1223 1219 1214 1210 1206 1206 1202
    1197 1193 1189 1185 1185 1181 1177 1173 1169 1169 1169 1169 1169
    1173 1181 1189 1193 1197 1206 1210 1223 1232 1236 1245 1255 1264
    1268 1273 1288 1297 1302 1307 1312 1322 1328 1333 1333 0 0 1227 1219
    1219 1219 1214 1210 1206 1202 1202 1197 1193 1189 1185 1185 1181
    1181 1177 1173 1169 1169 1169 1169 1173 1181 1189 1197 1197 1206
    1214 1223 1232 1236 1250 1259 1264 1268 1273 1288 1297 1307 1307
    1317 1328 1328 1333 1333 1333 0 1227 1219 1219 1219 1214 1206 1206
    1202 1202 1197 1193 1189 1185 1185 1181 1181 1177 1173 1169 1169
    1169 1169 1173 1181 1189 1197 1197 1206 1219 1223 1232 1236 1250
    1259 1264 1268 1273 1288 1297 1307 1307 1317 1328 1333 1333 1333
    1333 1227 1227 1223 1219 1219 1214 1206 1206 1202 1202 1197 1189
