<?xml version="1.0"?>
<opencv_storage>
<Depth2045 type_id="opencv-matrix">
  <rows>54</rows>
  <cols>43</cols>
  <dt>w</dt>
  <data>
    3269 4463 4463 4463 4463 4463 4463 4463 4522 4522 4522 4522 4522
    4522 4522 4522 4522 4522 2170 2170 2170 4582 4582 4582 2090 2090
    2103 2116 2103 2103 4405 4405 4522 4522 4582 4582 4582 4582 4582
    4582 4582 4582 4582 3269 3269 4463 4463 4405 4405 4463 4463 4522
    4522 4522 4522 4522 4522 4522 4522 4522 4522 2170 2170 2156 2116
    2078 2078 2078 2078 2090 2103 2090 2090 2090 4582 4522 4522 4522
    4582 4582 4582 4582 4582 4582 4582 4582 3269 3238 3238 4463 4405
    4405 4463 4463 4463 4522 4522 4522 4522 4522 4522 4522 4522 4522
    2170 2170 2116 2090 2078 2078 2078 2078 2078 2090 2090 2090 2090
    4582 4522 4522 4522 4582 4582 4582 4582 4582 4582 4582 4582 3269
    3238 3238 4463 4463 4463 4463 4463 4463 4522 4582 4522 4522 2016
    2016 2016 2016 2028 2028 2065 2078 2065 2065 2065 2065 2078 2078
    2090 2090 2090 2090 4582 4522 4522 4522 4582 4582 4582 4582 4582
    4582 4582 4582 3238 3238 3238 4463 4463 4463 4463 4463 4463 4582
    4582 2005 2005 2016 2016 2016 2016 2028 2028 2053 2065 2065 2065
    2065 2065 2078 2078 2090 2090 2090 2090 4582 4582 4522 4522 4582
    4582 4582 4582 4582 4582 4582 4582 3238 3238 3238 4463 4463 4463
    1981 1981 1981 1993 1993 1993 2005 2016 2016 2016 2016 2028 2028
    2040 2053 2053 2065 2065 2078 2078 2078 2090 2078 2078 2078 4582
    4582 4522 4522 4582 4582 4582 4582 4582 4582 4582 4582 3238 3238
    3238 3238 4463 4463 1970 1970 1981 1981 1993 1993 2005 2016 2016
    2016 2016 2028 2028 2040 2040 2053 2065 2065 2065 2078 2078 2078
    2078 2078 2078 2078 4582 4522 4522 4582 4582 4522 4522 4582 4582
    4582 4582 3238 3238 3208 3208 4463 4463 1970 1970 1981 1981 1993
    1993 1993 2005 2005 2005 2016 2028 2028 2040 2040 2040 2053 2053
    2053 2078 2078 2078 2078 2078 2078 2078 2078 4522 4522 4582 4582
    4522 4522 4582 4582 4582 4582 3238 3238 3208 3208 1981 1970 1970
    1981 1981 1981 1993 1993 1993 1993 2005 2005 2016 2016 2028 2028
    2040 2040 2053 2040 2040 2065 2078 2078 2078 2078 2078 2078 2078
    4582 4582 4582 4582 4522 4522 4582 4582 4582 4582 3238 2016 2005
    2005 1981 1970 1970 1981 1981 1981 1981 1993 1993 1993 2005 2005
    2005 2016 2016 2028 2040 2040 2040 2040 2040 2065 2065 2078 2090
    2090 2078 2078 2078 2078 4582 4582 4582 4522 4522 4582 4582 4582
    4582 2016 2016 2005 2005 1993 1981 1970 1970 1981 1981 1981 1981
    1993 1993 1993 2005 2005 2016 2016 2028 2028 2040 2040 2040 2040
    2065 2065 2078 2078 2078 2090 2090 2090 2116 4582 4582 4582 4582
    4582 4582 4582 4582 4582 2016 2016 2016 2016 1993 1981 1970 1970
    1970 1981 1981 1981 1981 1993 1993 2005 2005 2016 2016 2028 2028
    2040 2040 2040 2053 2065 2078 2078 2078 2078 2090 2090 2103 2103
    2103 4582 4582 4582 4582 4582 4582 4582 4582 2028 2028 2016 2016
    2005 1981 1970 1970 1970 1981 1981 1981 1981 1993 2005 2016 2016
    2016 2016 2028 2028 2040 2040 2053 2053 2065 2078 2078 2078 2078
    2090 2090 2090 2103 2103 4522 4522 4522 4582 4582 4582 4582 4582
    2040 2028 2028 2016 2016 1981 1981 1981 1981 1970 1970 1970 1981
    1993 2005 2005 2016 2016 2016 2028 2028 2053 2053 2053 2053 2065
    2078 2078 2078 2078 2078 2090 2090 2090 2090 4522 4522 4522 4582
    4582 4582 4582 4582 2053 2040 2028 2016 2016 2005 1993 1981 1981
    1970 1970 1970 1981 1993 1993 2005 2016 2016 2028 2028 2028 2040
    2040 2040 2053 2065 2065 2078 2078 2078 2078 2090 2090 2090 2090
    4522 4522 4522 4582 4582 4582 4582 4582 2040 2040 2028 2028 2016
    2016 2005 1981 1981 1970 1970 1981 1981 1981 1981 1993 2005 2005
    2016 2028 2028 2028 2040 2040 2053 2053 2065 2078 2078 2078 2078
    2078 2078 2090 2090 4522 4522 4522 4582 4582 4582 4582 4582 2028
    2028 2028 2028 2016 2016 2005 1981 1981 1970 1970 1981 1981 1981
    1981 1981 1993 2005 2016 2016 2028 2028 2040 2040 2040 2053 2053
    2065 2065 2065 2078 2078 2078 2090 2090 2090 4522 4522 4522 4582
    4582 4582 4582 2028 2028 2028 2028 2028 2016 2016 1981 1981 1970
    1970 1970 1981 1981 1981 1981 1981 2005 2016 2016 2016 2028 2028
    2040 2040 2040 2053 2065 2065 2065 2078 2078 2090 2090 2090 2090
    2103 4522 4522 4582 4582 4582 4582 2028 2028 2040 2040 2028 2016
    2016 1981 1981 1970 1970 1970 1981 1981 1981 1981 1981 1993 2005
    2016 2016 2016 2028 2040 2040 2040 2053 2065 2065 2065 2065 2065
    2078 2090 2090 2103 2103 2103 4582 4582 4582 4582 4582 2016 2016
    2028 2040 2028 2016 2016 1981 1981 1981 1970 1970 1981 1981 1981
    1981 1981 1993 2005 2016 2016 2016 2028 2040 2040 2053 2053 2065
    2065 2065 2065 2065 2078 2090 2090 2103 2103 2103 4582 4582 4582
    4582 4582 2016 2016 2028 2040 2028 2028 2016 1993 1981 1981 1970
    1970 1970 1981 1981 1981 1993 2005 2005 2016 2016 2016 2028 2028
    2040 2053 2053 2065 2065 2065 2065 2065 2078 2078 2090 2103 2103
    2103 4582 4582 4582 4582 4582 2028 2028 2028 2028 2028 2028 2016
    2005 1993 1981 1981 1970 1970 1981 1981 1981 1993 2005 2005 2016
    2016 2016 2028 2028 2028 2053 2053 2065 2065 2065 2065 2065 2065
    2078 2078 2103 2103 2103 2103 4582 4582 4582 4582 2028 2028 2028
    2028 2028 2028 2016 2005 1993 1993 1981 1981 1981 1981 1981 1981
    1993 2005 2005 2005 2016 2016 2016 2028 2028 2040 2053 2065 2053
    2053 2065 2065 2065 2065 2078 2090 2103 2103 2103 4645 4582 4582
    4582 3208 3238 2028 2028 2040 2028 2028 2016 2005 1993 1981 1981
    1981 1981 1981 1981 1981 1993 1993 1993 2005 2005 2016 2028 2028
    2040 2053 2065 2053 2053 2065 2065 2065 2065 2078 2090 2103 2103
    2103 4645 4582 4582 4582 3208 3238 3238 2040 2040 2028 2028 2016
    2005 2005 1981 1981 1981 1981 1981 1981 1981 1993 1993 1993 2005
    2005 2016 2028 2028 2028 2053 2053 2053 2053 2065 2065 2065 2065
    2078 2090 2103 2103 2103 4708 4645 4582 4582 3208 3208 3208 3238
    2028 2028 2028 2016 2016 2005 1993 1981 1981 1981 1981 1981 1981
    1993 1993 1993 2005 2016 2016 2016 2028 2028 2040 2053 2040 2040
    2053 2065 2065 2065 2078 2090 2103 2103 2103 2103 4645 4582 4582
    3208 3208 3208 3208 2028 2028 2028 2028 2016 2005 1993 1981 1981
    1981 1981 1981 1981 1981 1981 1993 2005 2016 2016 2016 2028 2028
    2040 2040 2040 2040 2053 2065 2065 2065 2078 2090 2103 2103 2103
    2103 2103 4582 4582 3208 3208 3208 3208 3208 2040 2028 2028 2016
    2016 2005 1993 1981 1981 1981 1981 1981 1981 1981 1993 2005 2005
    2016 2016 2016 2028 2040 2040 2040 2040 2053 2065 2065 2065 2078
    2090 2090 2103 2103 2103 2116 4645 4582 3178 3178 3208 3208 3238
    3238 2040 2028 2016 2016 2005 1993 1981 1981 1970 1970 1981 1981
    1981 1993 1993 1993 2016 2016 2016 2028 2040 2040 2040 2040 2040
    2053 2065 2065 2078 2078 2090 2103 2103 2103 2116 2116 4582 3178
    3178 3208 3238 3238 3238 2040 2028 2028 2016 2016 2005 1993 1981
    1970 1970 1970 1981 1981 1993 1993 1993 2005 2016 2016 2028 2028
    2040 2040 2040 2040 2053 2065 2065 2065 2078 2090 2090 2103 2103
    2103 2103 4582 3178 3178 3208 3238 3238 3238 2053 2040 2028 2028
    2016 2005 1993 1981 1970 1970 1970 1981 1981 1993 1993 1993 2005
    2016 2016 2028 2028 2040 2040 2040 2053 2053 2053 2065 2065 2078
    2090 2090 2103 2103 2103 2103 4582 3178 3178 3208 3208 3208 3208
    2053 2053 2040 2028 2028 2016 2005 1993 1981 1981 1981 1981 1993
    1993 1993 1993 2005 2016 2016 2028 2028 2040 2028 2028 2040 2053
    2053 2065 2065 2065 2078 2090 2103 2103 2103 2103 4582 3178 3178
    3208 3208 3208 3178 2065 2065 2053 2040 2028 2016 2016 2005 2005
    1993 1993 1993 1993 1993 1993 1993 2005 2016 2016 2028 2028 2040
    2028 2028 2028 2040 2053 2053 2065 2065 2078 2078 2090 2090 2103
    2103 4645 3178 3178 3208 3208 3208 3178 3178 2065 2065 2053 2028
    2028 2016 2016 2005 2005 1993 1993 1993 1993 1993 1993 2005 2016
    2016 2028 2028 2040 2028 2028 2028 2040 2053 2053 2065 2065 2065
    2065 2090 2090 2103 2103 4645 3178 3178 3208 3208 3208 3208 3208
    2065 2065 2053 2040 2028 2016 2016 2016 2005 1993 1981 1981 1993
