<?xml version="1.0"?>
<opencv_storage>
<Depth15522 type_id="opencv-matrix">
  <rows>8</rows>
  <cols>16</cols>
  <dt>w</dt>
  <data>
    2503 2485 2485 3092 3092 5374 3010 3010 3010 3037 5460 5374 5374
    5374 5374 5374 2503 2485 2485 5548 5460 5374 5374 5374 5374 5374
    5374 5374 5374 5374 5374 5374 2503 2522 2984 5548 5548 5460 5460
    5460 5374 5374 5374 5291 5291 5374 5374 5374 2522 5460 5460 5460
    5460 5460 5460 5460 5374 5374 5374 5291 5291 5291 5291 5291 5374
    5460 5460 5460 5460 5460 5374 5374 5374 5374 5374 5374 5374 5291
    5291 5291 5548 5548 5460 5374 5374 5374 5374 5374 5374 5374 5374
    5374 5374 5374 5374 0 5640 5548 5460 5374 5374 5374 5374 5374 5374
    5374 5374 5374 5374 0 0 0 5640 5548 5460 5374 5291 5291 5374 5374 0
    0 0 0 0 0 0 0</data></Depth15522>
</opencv_storage>
