<?xml version="1.0"?>
<opencv_storage>
<Depth10944 type_id="opencv-matrix">
  <rows>111</rows>
  <cols>63</cols>
  <dt>w</dt>
  <data>
    3468 3468 3468 3468 3503 3503 3503 3503 3503 3503 3503 3468 3468
    3503 3503 3503 3539 3539 3539 3539 3576 3576 3539 3503 3503 3539
    3539 3539 3539 3539 0 0 0 0 0 3614 3614 3692 3692 3692 3692 3692
    3692 3692 3692 989 989 989 987 984 984 981 981 981 3732 3732 3732
    978 978 3692 3692 3692 3692 3468 3468 3468 3468 3503 3503 3503 3503
    3503 3503 3503 3503 3503 3503 3503 3539 3539 3539 3539 3539 3576
    3576 3539 3503 3503 3539 3539 0 940 940 0 0 0 0 0 0 3732 3732 3732
    3732 3692 3692 3692 948 943 989 989 987 984 981 981 978 978 978 973
    973 973 973 973 973 3732 3732 3732 3503 3503 3503 3503 3503 3503
    3503 3503 3503 3503 3503 3503 3503 3503 3503 3503 3539 3539 3539
    3539 3576 3576 3576 933 933 933 938 940 940 0 0 0 0 0 0 0 0 3774
    3732 3732 3816 954 948 948 943 943 989 973 970 962 948 946 946 948
    951 970 970 973 973 973 973 964 967 3503 3503 3503 3503 3503 3503
    3503 3503 3503 3503 3503 3503 3468 3468 3503 3503 3539 3539 3539
    3539 913 913 910 933 933 933 938 940 940 940 940 0 0 0 0 0 0 0 3859
    3859 3859 954 948 946 940 940 940 973 970 948 948 943 943 946 948
    954 962 962 962 973 964 964 967 3503 3503 3503 3468 3468 3503 3539
    3503 3503 3503 3503 3503 3468 3468 3468 891 894 894 918 918 913 913
    910 910 925 930 935 938 938 938 938 940 0 0 0 0 0 0 0 887 951 951
    951 946 940 940 935 930 930 933 938 940 940 943 943 943 946 951 951
    956 962 964 967 3503 3503 3503 3468 3468 3503 3503 3503 887 887 887
    885 885 887 889 891 894 894 894 901 908 910 910 910 925 930 933 935
    933 933 928 928 0 0 0 0 0 0 0 887 887 951 951 948 910 910 928 928
    928 930 935 938 938 938 938 938 940 948 951 956 962 967 970 3503
    3503 3503 3503 3503 869 869 869 0 880 880 880 885 885 885 885 889
    889 889 887 887 887 906 829 829 829 829 935 928 923 923 925 0 0 0 0
    0 0 0 887 887 887 885 885 894 908 910 928 928 930 935 938 938 938
    935 935 940 948 951 956 962 967 970 3539 0 871 871 871 869 869 869
    862 880 880 880 880 880 880 878 878 880 880 880 867 867 906 827 827
    827 821 821 819 819 823 925 845 845 854 854 858 858 0 875 875 882
    882 882 894 906 894 894 896 898 908 908 915 923 935 935 940 948 951
    956 964 967 973 0 0 871 871 871 867 864 862 862 856 854 854 854 878
    880 878 878 880 869 867 867 864 864 827 827 827 821 821 819 819 823
    837 837 839 854 854 856 860 869 871 873 875 873 873 875 878 891 891
    896 898 906 906 913 923 935 935 943 948 951 956 964 970 975 0 0 873
    873 871 864 862 862 858 856 854 851 849 847 845 845 845 829 829 827
    827 827 864 821 821 821 819 817 815 815 823 837 829 829 847 845 845
    847 854 854 858 862 873 873 875 878 880 891 896 898 906 906 913 925
    935 935 943 948 954 956 964 975 978 0 0 875 873 871 864 862 860 858
    856 854 851 849 847 843 841 841 835 829 827 827 823 821 821 819 819
    815 813 813 813 815 823 825 827 829 841 841 845 849 854 854 858 869
    871 875 878 880 891 896 898 906 908 913 928 935 935 943 948 954 956
    964 978 981 0 0 875 873 873 864 862 860 858 856 854 851 849 847 843
    841 839 833 829 829 827 823 821 819 819 815 813 811 811 811 813 819
    823 825 829 831 839 845 849 854 854 858 869 871 875 878 885 894 898
    901 906 910 915 928 933 935 943 948 954 959 962 973 984 0 871 871
    873 869 864 862 860 860 856 854 851 849 847 845 841 839 833 829 829
    827 823 821 819 817 813 813 811 811 811 813 817 823 825 831 831 837
    845 849 854 854 858 869 873 878 880 887 896 898 901 908 913 918 928
    933 938 943 948 954 959 962 970 0 0 871 871 873 869 864 862 860 860
    856 854 851 849 847 845 843 839 835 831 829 829 825 821 821 817 813
    813 811 811 811 813 815 823 825 831 831 837 845 851 854 856 862 869
    873 878 882 889 898 903 903 906 915 920 928 933 938 943 948 956 962
    964 970 0 0 873 873 873 869 867 862 860 860 856 854 851 849 845 845
    843 839 835 831 829 829 825 821 821 817 813 813 811 811 811 813 815
    823 829 835 835 837 845 854 854 856 864 869 873 878 887 891 896 906
    906 906 915 928 930 935 938 943 948 959 964 967 970 0 0 875 875 875
    871 867 864 860 860 858 854 851 849 845 843 843 839 835 831 829 829
    825 821 821 817 813 813 811 811 811 815 815 823 837 837 837 841 849
    856 856 856 862 869 873 887 887 891 896 903 906 908 915 928 933 935
    940 943 948 959 964 973 973 0 0 875 875 875 871 869 864 862 860 858
    854 854 851 845 843 843 841 835 833 831 829 825 821 821 819 813 813
    811 811 811 815 815 815 837 837 837 843 851 856 856 858 862 869 873
    887 887 891 896 903 908 910 918 930 933 935 940 946 951 959 964 973
    973 0 0 878 878 878 871 869 864 862 860 858 856 854 851 847 843 843
    837 837 835 831 829 827 823 821 819 815 813 811 811 811 815 817 825
    835 835 837 843 851 856 856 858 864 871 875 880 889 891 896 903 906
    910 920 930 933 935 940 946 954 959 964 973 973 0 0 880 878 875 871
    869 867 862 860 858 856 854 851 847 845 843 837 837 835 831 829 827
    823 821 819 817 813 811 811 811 815 821 825 831 831 837 843 851 856
    856 858 864 871 878 880 889 891 898 906 906 910 920 930 935 935 940
    948 956 962 967 973 973 0 0 875 875 875 871 869 867 864 860 858 856
    854 851 847 845 843 839 837 835 831 829 827 825 823 821 817 815 813
    811 811 815 821 825 831 831 837 845 851 856 856 862 867 871 878 882
    889 891 901 906 906 910 920 930 935 935 943 948 956 962 964 973 973
    0 0 875 875 875 871 869 867 864 860 858 856 854 851 851 845 843 839
    837 835 831 829 829 825 823 821 817 815 813 813 813 815 821 825 833
    833 837 845 851 854 856 862 867 871 878 880 889 894 903 908 908 910
    920 930 935 938 946 951 956 962 964 973 975 0 0 878 878 878 873 869
    869 864 862 860 856 854 854 851 847 845 839 837 835 833 831 829 827
    825 821 819 817 813 813 813 815 821 827 831 833 839 847 854 854 856
    864 869 873 878 880 891 894 903 906 910 910 920 930 935 940 948 951
    956 962 964 973 975 981 0 880 880 878 875 871 869 864 862 860 858
    856 854 851 847 843 839 837 835 833 831 829 827 823 821 819 817 815
    813 813 815 823 831 831 833 839 847 854 854 856 867 869 873 878 889
    894 898 903 906 910 913 920 930 935 940 948 951 956 962 964 975 981
    981 0 880 880 878 875 871 869 867 862 860 860 856 854 851 849 843
    841 837 835 835 831 829 827 823 821 819 817 815 815 815 817 827 833
    833 835 841 849 854 854 858 869 869 875 880 889 896 901 903 908 910
    913 920 935 935 940 948 951 959 964 970 978 981 981 0 882 882 878
    875 873 869 867 862 860 860 858 854 851 849 845 843 839 837 835 831
    829 827 823 821 819 817 815 815 815 823 829 833 833 835 841 849 854
    854 858 869 871 875 880 891 896 901 903 906 910 913 920 935 935 940
    946 954 962 964 973 975 978 978 0 885 885 878 875 873 871 867 862
    860 860 858 854 851 849 845 843 841 837 835 833 829 827 825 821 819
    819 815 815 815 823 829 831 833 835 843 849 854 854 862 869 873 878
    885 891 894 898 903 906 910 913 935 935 935 940 946 956 962 964 970
    975 973 973 0 885 885 882 878 873 871 867 864 862 860 858 854 851
    849 845 843 841 837 835 833 831 829 825 821 821 819 817 815 815 823
    829 831 835 837 843 847 851 854 864 869 873 878 880 891 894 898 903
    906 910 915 930 935 938 940 946 956 962 967 970 975 973 973 0 887
    885 882 878 873 871 867 864 862 862 860 856 854 851 845 843 841 837
    837 835 833 829 827 823 821 819 817 817 817 823 831 831 835 843 845
    847 851 856 867 869 873 878 880 891 894 898 906 906 913 918 930 938
    940 946 948 956 962 967 973 975 978 0 0 887 887 885 878 875 871 867
    864 862 860 860 856 854 851 845 843 841 839 837 835 835 831 827 825
    821 821 819 819 821 825 831 831 835 843 845 849 856 856 867 869 871
    878 887 891 894 901 906 910 913 920 928 938 940 946 951 954 962 970
    973 978 981 0 0 887 887 885 878 875 871 869 864 862 860 860 856 854
    851 845 843 841 839 837 837 835 831 829 825 823 821 819 819 821 825
