<?xml version="1.0"?>
<opencv_storage>
<Depth1959 type_id="opencv-matrix">
  <rows>57</rows>
  <cols>33</cols>
  <dt>w</dt>
  <data>
    4089 4089 4089 1680 1671 1671 1671 1671 1663 1663 1663 1647 1647
    1647 1639 1639 1639 1639 1639 1639 1639 1647 1680 1680 1680 4190
    4190 4241 4241 4241 4241 4190 4190 4089 4089 4089 1680 1671 1671
    1671 1671 1671 1663 1663 1663 1663 1663 1647 1639 1639 1639 1639
    1639 1639 1647 1663 1663 1663 1671 1671 4241 1804 1804 1804 4241
    4241 4139 4139 1680 1680 1671 1671 1671 1671 1671 1663 1663 1663
    1663 1663 1647 1639 1639 1639 1639 1639 1639 1655 1663 1663 1663
    1671 1731 1739 1766 1785 1804 1813 1813 4139 4139 1688 1688 1680
    1671 1671 1671 1671 1671 1663 1663 1663 1663 1647 1639 1639 1639
    1639 1639 1647 1655 1671 1663 1663 1722 1731 1739 1766 1785 1804
    1813 1813 4139 4190 1680 1680 1671 1671 1671 1671 1671 1663 1663
    1663 1663 1663 1647 1639 1639 1639 1639 1639 1647 1655 1671 1671
    1696 1722 1731 1739 1766 1785 1804 1813 1823 4190 4190 1680 1680
    1671 1671 1671 1671 1671 1663 1663 1663 1663 1663 1647 1639 1639
    1639 1639 1639 1655 1663 1671 1680 1705 1713 1731 1739 1766 1794
    1804 1804 1823 4190 4190 4190 1671 1671 1671 1671 1671 1671 1663
    1663 1663 1663 1663 1647 1639 1639 1639 1639 1639 1655 1663 1680
    1688 1705 1713 1731 1739 1766 1785 1794 1804 1804 4190 4190 0 1688
    1688 1680 1671 1671 1671 1663 1663 1663 1663 1663 1647 1639 1639
    1639 1639 1647 1663 1671 1680 1688 1705 1713 1731 1739 1766 1785
    1794 1804 1804 4139 4139 0 1688 1688 1688 1671 1671 1671 1663 1663
    1663 1663 1663 1647 1647 1639 1639 1639 1639 1647 1671 1688 1696
    1705 1713 1731 1739 1766 1785 1794 1804 1804 4139 4139 1713 1696
    1696 1688 1680 1671 1671 1671 1663 1663 1663 1663 1647 1647 1639
    1639 1639 1639 1647 1671 1688 1696 1705 1713 1731 1748 1766 1785
    1794 1804 1804 4041 4041 1713 1696 1696 1688 1680 1671 1671 1671
    1663 1663 1663 1663 1647 1647 1647 1639 1639 1647 1655 1680 1688
    1696 1705 1713 1739 1748 1776 1785 1794 1804 1804 4041 4041 1713
    1696 1696 1688 1680 1671 1671 1671 1663 1663 1663 1663 1647 1647
    1647 1647 1647 1647 1655 1671 1688 1696 1713 1713 1739 1748 1776
    1794 1804 1794 1794 4190 4190 1696 1696 1688 1680 1671 1671 1671
    1671 1663 1663 1663 1663 1647 1647 1647 1647 1647 1655 1663 1671
    1688 1696 1705 1713 1739 1748 1776 1794 1804 1794 1794 4139 0 1688
    1688 1688 1680 1671 1671 1671 1671 1663 1663 1663 1663 1655 1655
    1647 1647 1647 1655 1663 1671 1688 1696 1705 1713 1731 1739 1776
    1804 1804 1804 1804 4089 0 1688 1688 1680 1680 1671 1671 1671 1671
    1663 1663 1663 1663 1655 1655 1647 1647 1647 1655 1663 1671 1688
    1696 1705 1713 1731 1739 1776 1813 1813 1823 1823 4089 0 1688 1688
    1680 1671 1671 1671 1671 1671 1663 1663 1663 1663 1655 1655 1647
    1647 1647 1655 1655 1671 1688 1696 1705 1713 1739 1757 1785 1813
    1823 1823 1823 4139 0 1688 1688 1680 1671 1671 1671 1671 1671 1671
    1663 1663 1663 1663 1655 1655 1647 1647 1655 1655 1671 1696 1705
    1713 1722 1739 1757 1785 1813 1823 1823 1823 4139 0 1688 1688 1680
    1680 1671 1671 1671 1671 1671 1663 1663 1655 1655 1655 1647 1647
    1647 1647 1655 1680 1696 1705 1713 1731 1748 1766 1794 1813 1823
    1823 1823 4190 1680 1688 1688 1688 1680 1680 1671 1671 1671 1671
    1663 1663 1655 1655 1655 1647 1647 1647 1647 1655 1680 1696 1705
    1713 1739 1757 1766 1794 1813 1813 1823 1823 4190 1680 1680 1680
    1680 1688 1688 1680 1680 1671 1671 1663 1663 1663 1655 1655 1647
    1647 1647 1655 1655 1680 1696 1705 1722 1739 1757 1766 1785 1804
    1804 1823 1833 4190 1680 1680 1680 1680 1688 1688 1680 1680 1671
    1671 1663 1663 1663 1655 1647 1647 1647 1647 1655 1663 1688 1696
    1705 1731 1739 1757 1776 1785 1804 1804 1823 1843 4139 1688 1688
    1680 1680 1688 1680 1680 1671 1671 1671 1663 1663 1663 1655 1647
    1647 1647 1647 1655 1671 1688 1696 1705 1731 1748 1757 1776 1794
    1804 1813 1833 1843 0 1696 1696 1680 1680 1688 1680 1680 1671 1671
    1671 1663 1663 1663 1655 1647 1647 1647 1647 1663 1671 1688 1696
    1705 1731 1739 1757 1776 1794 1804 1813 1833 1843 4190 1696 1696
    1688 1688 1688 1680 1680 1671 1671 1671 1663 1663 1663 1655 1647
    1647 1655 1655 1663 1671 1688 1696 1705 1731 1739 1757 1776 1804
    1813 1813 1823 1843 4190 1696 1696 1688 1688 1688 1680 1680 1671
    1671 1671 1671 1663 1663 1655 1655 1655 1655 1655 1663 1671 1688
    1696 1713 1731 1739 1757 1776 1804 1813 1813 1813 1823 4139 1696
    1696 1696 1696 1688 1680 1680 1671 1671 1671 1671 1663 1663 1663
    1655 1655 1655 1663 1663 1671 1688 1696 1713 1731 1748 1766 1785
    1804 1813 1804 1804 1813 4139 4139 1696 1696 1688 1688 1688 1680
    1680 1671 1671 1671 1663 1663 1663 1663 1655 1655 1663 1671 1671
    1688 1696 1713 1731 1757 1776 1794 1804 1804 1804 1804 1804 4139
    1705 1696 1696 1688 1688 1680 1680 1671 1671 1671 1663 1663 1663
    1663 1655 1655 1655 1663 1663 1671 1688 1696 1705 1731 1757 1776
    1794 1813 1804 1804 1804 1804 4089 1705 1705 1705 1696 1688 1680
    1680 1671 1671 1671 1663 1663 1663 1663 1655 1655 1655 1663 1663
    1671 1688 1696 1705 1731 1757 1776 1794 1813 1813 1813 1813 1813
    4089 1705 1705 1705 1696 1696 1680 1680 1671 1671 1671 1663 1663
    1663 1663 1655 1655 1655 1663 1663 1671 1688 1696 1713 1731 1748
    1766 1785 1813 1813 1813 1813 1813 4089 1705 1705 1696 1696 1696
    1688 1680 1671 1671 1671 1663 1663 1663 1663 1655 1655 1655 1663
    1663 1671 1688 1705 1713 1739 1748 1766 1785 1804 1813 1813 1823
    1823 1696 1696 1696 1696 1696 1688 1688 1680 1680 1671 1671 1663
    1663 1663 1663 1663 1663 1663 1663 1671 1680 1696 1705 1722 1739
    1748 1766 1785 1804 1823 1823 1833 1833 1696 1696 1696 1696 1688
    1688 1688 1688 1680 1671 1671 1671 1663 1663 1663 1655 1655 1655
    1663 1671 1688 1696 1713 1731 1739 1748 1776 1785 1804 1823 1823
    1833 1833 1696 1696 1696 1696 1688 1688 1688 1688 1680 1671 1671
    1671 1663 1663 1655 1647 1647 1655 1663 1671 1688 1696 1705 1731
    1739 1757 1776 1785 1813 1833 1833 1833 1833 1705 1705 1696 1696
    1696 1696 1696 1688 1680 1671 1671 1671 1663 1663 1655 1647 1647
    1655 1663 1680 1688 1696 1705 1722 1757 1766 1776 1785 1813 1833
    1833 1833 1833 1731 1713 1713 1696 1696 1696 1696 1688 1688 1680
    1680 1671 1671 1663 1655 1655 1655 1655 1663 1680 1688 1696 1705
    1722 1757 1766 1776 1804 1813 1833 1833 1833 1833 1731 1722 1713
    1705 1696 1696 1696 1688 1688 1680 1680 1671 1671 1663 1663 1655
    1655 1663 1671 1688 1696 1705 1705 1731 1757 1766 1776 1804 1813
    1833 1833 1833 1833 1731 1722 1713 1705 1696 1696 1696 1688 1680
    1680 1680 1671 1671 1663 1663 1663 1663 1663 1671 1688 1696 1705
    1713 1731 1748 1776 1785 1804 1823 1833 1833 1833 1833 1731 1722
    1713 1705 1696 1696 1696 1688 1680 1671 1671 1671 1671 1663 1663
    1663 1663 1663 1671 1688 1696 1705 1713 1739 1748 1776 1794 1813
    1823 1833 1833 1833 1833 1731 1731 1713 1705 1696 1696 1688 1688
    1680 1671 1671 1671 1671 1671 1663 1663 1663 1663 1671 1696 1696
    1705 1722 1739 1748 1766 1794 1813 1823 1843 1833 1833 1833 1731
    1731 1713 1705 1696 1696 1688 1688 1680 1671 1671 1671 1671 1671
    1663 1663 1663 1663 1671 1688 1696 1705 1722 1748 1757 1766 1794
    1813 1823 1843 1843 1843 1843 1713 1713 1713 1705 1696 1696 1688
    1688 1680 1671 1671 1671 1671 1671 1671 1663 1663 1663 1671 1688
    1696 1705 1722 1748 1757 1776 1794 1813 1833 1843 1843 1843 1843
    1713 1713 1705 1705 1696 1696 1696 1688 1688 1671 1671 1671 1671
    1671 1671 1663 1663 1663 1671 1688 1696 1705 1722 1739 1757 1776
    1794 1823 1833 1843 1843 1843 4349 1688 1688 1688 1696 1696 1696
    1696 1688 1688 1680 1671 1671 1671 1671 1671 1663 1663 1671 1671
    1688 1705 1713 1722 1739 1757 1776 1794 1823 1843 1843 1843 1843
    4349 1688 1688 1688 1696 1696 1696 1696 1688 1688 1680 1680 1680
    1671 1671 1671 1663 1663 1671 1671 1688 1705 1713 1722 1739 1757
