<?xml version="1.0"?>
<opencv_storage>
<Depth11038 type_id="opencv-matrix">
  <rows>89</rows>
  <cols>53</cols>
  <dt>w</dt>
  <data>
    3399 3399 3399 3399 3399 3399 3399 3399 3365 3365 3365 3365 3365
    3333 3300 3300 3300 3300 3333 3300 3300 3300 3269 3269 3269 3269
    3238 3208 3208 3208 3208 1223 1223 1219 1219 1219 3178 3178 3149
    3149 3149 3149 3092 3092 3092 3064 3064 3064 3064 3037 3037 3037
    3037 3433 3399 3399 3399 3399 3399 3365 3365 3365 3365 3365 3365
    3365 3333 3300 3300 3269 3269 3300 3300 3300 3269 3269 3269 3269
    3269 3238 3208 3208 3208 3208 1219 1219 1219 1219 1219 1223 1223
    3149 3149 3149 3120 3092 3092 3064 3064 3064 3064 3064 3037 3037
    3037 3037 3433 3399 3399 3399 3399 3399 3365 3365 3365 3365 3365
    3365 3365 3333 3300 3300 3269 3269 3300 3300 3269 3269 3269 3269
    3269 3269 3269 3238 3238 3208 1206 1206 1214 1214 1214 1214 1214
    1214 1202 3149 3149 3120 3092 3064 3064 3064 3037 3037 3037 3037
    3037 3037 3037 3433 3399 3399 3399 3399 3399 3399 3365 3365 3365
    3365 3365 3333 3333 3300 3300 3269 3269 3300 3300 3269 3269 3269
    3269 1141 1141 1149 1153 1169 1173 1173 1189 1197 1197 1210 1210
    1210 1206 1202 1202 1202 3120 3092 3064 3037 3037 3037 3037 3037
    3037 3037 3037 3037 3468 3433 3433 3399 3399 3399 3399 3365 3365
    3365 3333 3333 3333 3333 3333 3333 1094 3300 3300 3300 3300 1123
    1123 1130 1130 1138 1145 1145 1161 1153 1153 1165 1165 1169 1161
    1161 1210 1206 1202 1202 1202 3010 3010 1157 1157 1193 1197 1197
    1193 1189 1189 1189 3037 3468 3433 3433 3399 3399 3399 3399 3365
    3365 3365 3300 3300 3333 3333 3333 3333 1094 1094 1094 1094 3300
    1123 1123 1123 1130 1138 1145 1145 1145 1145 1145 1153 1165 1141
    1141 1138 1134 1134 1134 1115 1157 1157 1157 1157 1157 1165 1189
    1197 1193 1189 1185 1185 1185 3468 3433 3433 3433 3399 3399 3399
    3399 3365 3365 3300 3300 3333 3333 1067 1067 1094 1094 1090 1090
    1105 1105 1112 1101 1101 1097 1097 1138 1134 1134 1138 1141 1145
    1141 1138 1123 1123 1130 1130 1115 1115 1115 1134 1138 1157 1157
    1189 1197 1193 1185 1181 1181 1181 3468 3433 3433 3433 3433 3399
    3399 1054 1054 1054 1054 1054 1054 1067 1067 1067 1070 1073 1073
    1073 1070 1070 1070 1097 1094 1094 1097 1126 1022 1019 1019 1141
    1145 1141 1138 1097 1097 1097 1105 1108 1112 1112 1112 1138 1157
    1138 1138 1138 1193 1173 1173 1173 1173 3468 3433 3433 3468 3468
    1054 1054 1054 1054 1054 1054 1054 1054 1060 1067 1067 1067 1067
    1067 1067 1067 1067 1054 1054 1087 1087 1028 1025 1022 1019 1019
    1022 1022 1022 1097 1097 1090 1090 1087 1087 1101 1094 1094 1105
    1105 1126 1130 1134 1141 1165 1173 1173 1173 3468 3468 3468 3468
    1057 1057 1054 1054 1054 1054 1054 1050 1050 1057 1057 1060 1063
    1063 1060 1057 1054 1054 1041 1041 1041 1041 1028 1025 1025 1022
    1022 1022 1022 0 1080 1080 1080 1080 1080 1080 1080 1087 1090 1097
    1105 1115 1126 1134 1141 1165 1173 1173 1173 3468 3468 3468 0 1057
    1057 1057 1057 1054 1054 1050 1050 1050 1050 1047 1047 1050 1047
    1047 1050 1047 1044 1034 1034 1034 1031 1028 1025 1025 1025 1022
    1022 1022 1038 1080 1080 1080 1070 1070 1073 1073 1073 1090 1097
    1108 1112 1126 1134 1153 1165 1173 1173 1181 3503 3503 0 0 1057 1057
    1057 1057 1054 1050 1050 1047 1047 1047 1044 1044 1044 1041 1041
    1044 1041 1038 1031 1031 1031 1025 1022 1019 1019 1016 1016 1016
    1016 1038 1038 1038 1041 1070 1070 1070 1073 1073 1090 1101 1108
    1112 1126 1149 1157 1165 1165 1169 1181 3503 3503 0 0 0 1057 1057
    1057 1054 1050 1050 1047 1047 1044 1044 1041 1041 1038 1034 1034
    1028 1028 1028 1025 1022 1019 1019 1016 1013 1010 1007 1007 1010
    1010 1019 1025 1031 1038 1057 1063 1073 1077 1090 1101 1108 1112
    1130 1153 1157 1165 1165 1169 1169 3539 3539 0 0 0 1057 1057 1057
    1054 1050 1050 1047 1047 1044 1044 1041 1038 1034 1034 1028 1028
    1025 1025 1022 1019 1016 1016 1013 1013 1007 1007 1007 1010 1010
    1016 1019 1031 1034 1057 1063 1073 1080 1090 1105 1108 1112 1138
    1153 1157 1165 1165 1165 1165 0 0 0 0 0 1054 1054 1057 1054 1050
    1050 1047 1047 1044 1044 1041 1038 1034 1034 1028 1028 1025 1022
    1022 1019 1016 1016 1013 1010 1007 1007 1007 1007 1010 1013 1019
    1031 1034 1054 1067 1077 1084 1097 1108 1112 1115 1138 1149 1157
    1165 1165 1165 1165 0 0 0 0 0 1054 1054 1054 1054 1050 1050 1047
    1047 1044 1044 1041 1041 1038 1034 1028 1028 1025 1022 1022 1019
    1016 1016 1013 1010 1007 1007 1007 1007 1010 1013 1019 1031 1034
    1054 1067 1077 1087 1097 1108 1112 1123 1138 1149 1157 1165 1169
    1169 1173 0 0 0 0 1063 1060 1060 1054 1054 1050 1050 1047 1047 1044
    1044 1041 1041 1038 1034 1031 1028 1028 1025 1022 1019 1016 1016
    1013 1010 1007 1007 1007 1007 1010 1016 1025 1031 1034 1057 1067
    1073 1090 1097 1108 1112 1123 1141 1153 1157 1165 1169 1173 1173 0 0
    0 0 1063 1063 1060 1057 1054 1050 1050 1050 1050 1047 1044 1041 1041
    1038 1034 1031 1031 1028 1022 1019 1019 1019 1016 1013 1010 1007
    1007 1007 1007 1013 1016 1025 1038 1054 1057 1067 1073 1087 1094
    1108 1119 1126 1141 1149 1157 1165 1169 1173 1173 0 0 0 0 0 1063
    1060 1057 1054 1054 1050 1050 1050 1047 1044 1041 1041 1038 1034
    1031 1028 1028 1022 1019 1019 1019 1016 1013 1010 1007 1007 1007
    1007 1013 1019 1031 1041 1054 1057 1063 1073 1087 1094 1108 1119
    1126 1141 1149 1157 1165 1173 1181 1181 0 0 0 0 0 1063 1063 1060
    1057 1054 1050 1050 1050 1047 1044 1041 1041 1038 1038 1031 1028
    1025 1022 1019 1019 1016 1016 1013 1010 1007 1007 1007 1010 1016
    1022 1031 1041 1054 1057 1063 1070 1087 1097 1108 1119 1126 1145
    1153 1157 1165 1173 1177 1177 0 0 0 0 0 0 1063 1060 1057 1054 1050
    1050 1050 1047 1044 1041 1041 1038 1038 1031 1028 1025 1022 1019
    1019 1016 1016 1013 1010 1007 1007 1007 1010 1016 1025 1031 1038
    1054 1057 1063 1070 1087 1097 1112 1119 1126 1138 1153 1161 1169
    1173 1177 1177 0 0 0 0 0 0 1063 1060 1054 1054 1050 1050 1050 1047
    1044 1041 1041 1038 1034 1031 1028 1028 1022 1019 1019 1016 1016
    1010 1010 1007 1007 1007 1007 1019 1028 1031 1038 1050 1057 1063
    1073 1094 1097 1108 1115 1130 1138 1157 1165 1169 1173 1173 1173 0 0
    0 0 0 0 1063 1060 1054 1054 1050 1050 1050 1047 1044 1044 1041 1038
    1034 1031 1028 1028 1022 1019 1019 1016 1016 1010 1010 1007 1007
    1007 1007 1019 1025 1031 1041 1050 1060 1067 1073 1094 1105 1108
    1115 1130 1145 1157 1165 1173 1177 1177 0 0 0 0 0 0 0 1063 1060 1057
    1054 1050 1050 1050 1047 1044 1044 1041 1038 1034 1031 1028 1028
    1022 1019 1019 1016 1016 1013 1010 1007 1007 1007 1013 1019 1022
    1031 1041 1054 1060 1070 1077 1094 1105 1108 1112 1134 1145 1161
    1165 1173 1173 1173 0 0 0 0 0 0 1073 1063 1060 1057 1054 1050 1050
    1050 1047 1044 1044 1041 1038 1034 1031 1028 1028 1025 1022 1016
    1016 1016 1013 1013 1010 1010 1010 1013 1019 1022 1031 1047 1054
    1057 1070 1084 1094 1101 1108 1112 1134 1149 1161 1165 1173 1173
    1173 0 0 0 0 0 0 1067 1063 1060 1057 1054 1050 1050 1050 1047 1047
    1044 1044 1041 1041 1031 1028 1028 1025 1022 1016 1016 1016 1016
    1013 1010 1010 1010 1013 1019 1031 1031 1044 1054 1057 1070 1087
    1094 1101 1108 1112 1134 1149 1157 1165 1173 1177 1177 0 0 0 0 0 0
    1067 1063 1060 1057 1054 1050 1050 1050 1047 1047 1044 1044 1041
    1038 1031 1031 1028 1025 1022 1019 1016 1016 1016 1013 1010 1010
    1010 1013 1019 1038 1038 1044 1054 1057 1070 1090 1094 1101 1119
    1130 1138 1149 1157 1165 1173 1177 1177 0 0 0 0 0 0 1067 1063 1060
    1060 1054 1054 1050 1050 1050 1047 1044 1044 1041 1038 1031 1031
    1028 1025 1022 1019 1016 1016 1016 1010 1010 1010 1013 1016 1019
    1034 1041 1050 1054 1057 1067 1090 1097 1101 1119 1130 1141 1149
    1161 1165 1173 1177 1177 3037 0 0 0 1063 1063 1063 1063 1060 1060
    1054 1054 1050 1050 1050 1047 1044 1044 1041 1038 1031 1031 1028
    1025 1022 1019 1016 1016 1016 1010 1010 1010 1010 1016 1022 1034
    1041 1050 1054 1057 1067 1094 1097 1105 1119 1126 1141 1145 1157
