<?xml version="1.0"?>
<opencv_storage>
<Depth11288 type_id="opencv-matrix">
  <rows>8</rows>
  <cols>27</cols>
  <dt>w</dt>
  <data>
    0 0 3539 3539 3539 3539 3539 3576 3539 3539 3614 3576 3539 3539 3576
    3576 3576 3614 4463 4463 4463 4463 4463 4463 4463 4463 4463 0 3539
    3539 3539 3539 3539 3539 3576 3539 3539 3576 3576 3576 3576 3576
    3576 3576 3576 3576 3653 3653 3692 3653 3653 3692 3692 4463 3468
    3468 3539 3539 3576 3539 3539 3576 3576 3576 3576 3576 3614 3614
    3614 3614 3614 3576 3576 3614 3614 3653 3653 3653 3692 3692 3732
    3468 3468 3539 3539 3576 3503 3503 3576 3576 3576 3576 3576 3614
    3614 3614 3614 3614 3614 3614 3614 3614 3653 3653 3653 3692 3692
    3692 3468 3539 3576 3576 3576 3503 3503 3576 3576 3576 3614 3614
    3614 3614 3614 3653 3653 3653 3653 3653 3653 3653 3653 3653 3692
    3692 3692 3468 3539 3576 3576 3503 3503 3503 3539 3576 3576 3614
    3614 3653 3614 3614 3653 3653 3653 3653 3614 3614 3614 3653 3653
    3692 3732 3732 0 3614 3576 3503 3468 3468 3468 3539 3576 3576 3614
    3614 3653 3614 3614 3653 3653 3653 3653 3614 3614 3614 3653 3653
    3653 3732 3732 3653 3576 3576 3468 3433 3433 3433 3539 3614 3614
    3614 3614 3653 3614 3614 3653 3653 3614 3614 3653 0 0 3653 3653 3653
    4522 4522</data></Depth11288>
</opencv_storage>
