<?xml version="1.0"?>
<opencv_storage>
<Depth9619 type_id="opencv-matrix">
  <rows>26</rows>
  <cols>16</cols>
  <dt>w</dt>
  <data>
    1206 1202 1202 1202 1202 1206 1210 1210 2812 2789 2789 2767 2767 0 0
    0 1210 1206 1202 1202 1202 1202 2789 2789 2789 2789 2789 2744 2744 0
    0 0 1219 1210 1210 1210 1210 2789 2789 2789 2789 2789 2789 2723 2723
    0 0 0 1227 1223 1223 1223 2812 2812 2789 2789 2789 2789 2789 2723
    2723 2723 0 0 1241 1245 1245 2812 2812 2812 2789 2789 2789 2789 2789
    2701 2701 2723 0 0 2812 2744 2744 2723 2723 2812 2812 2789 2789 2789
    2789 2701 2701 2701 0 0 2789 2744 2744 2723 2723 2789 2789 2789 2789
    2789 2789 2701 2701 2701 2723 0 2789 2767 2767 2767 2767 2789 2789
    2789 2789 2789 2789 2744 2744 2723 2723 0 2789 2767 2767 2789 2789
    2789 2789 2789 2789 2789 2767 2723 2723 2701 2701 0 2789 2789 2789
    2789 2789 2789 2767 2767 2789 2789 2767 2723 2723 2701 2701 0 2789
    2789 2789 2789 2767 2767 2767 2767 2767 2767 2744 2723 2723 2701
    2701 0 2789 2789 2789 2744 2744 2744 2744 2744 2767 2767 2723 2701
    2701 2680 2659 2659 2744 2744 2767 2723 2723 2723 2723 2744 2744
    2744 2723 2701 2701 2680 2639 2639 2744 2744 2767 2723 2723 2723
    2723 2744 2744 2723 2723 2701 2680 2680 2639 2639 2744 2744 2767
    2723 2723 2744 2744 2744 2744 2723 2723 2701 2680 2680 2680 0 3653
    2744 2744 2723 2723 2744 2744 2744 2744 2723 2723 2723 2701 2680
    2680 0 3653 2744 2723 2723 2723 2723 2744 2744 2744 2723 2723 2723
    2701 2680 2680 0 3399 2744 2723 2723 2723 2723 2723 2744 2723 2723
    2723 2723 2701 2680 2680 0 2767 2744 2744 2744 2723 2723 2723 2723
    2723 2723 2723 2723 2701 2680 2680 2639 2767 2767 2767 2767 2723
    2723 2723 2723 2723 2723 2723 2723 2701 2680 2680 2639 2789 2789
    2789 2767 2744 2723 2723 2723 2723 2723 2723 2701 2701 2680 2680
    2701 2789 2789 2789 2767 2744 2723 2723 2744 2723 2723 2723 2701
    2680 2680 2680 2680 2789 2789 2789 2767 2744 2744 2723 2723 2723
    2701 2701 2701 2680 2680 2680 2659 2812 2812 2812 2767 2767 2723
    2701 2701 2701 2701 2701 2701 2680 2680 2680 2659 3614 2789 2789
    2767 2767 2723 2701 2701 2701 2701 2701 2701 2680 2680 2659 2659
    3576 2767 2767 2789 2789 2723 2701 2701 2701 2701 2701 2701 2680
    2659 2659 2659</data></Depth9619>
</opencv_storage>
