<?xml version="1.0"?>
<opencv_storage>
<Depth0622 type_id="opencv-matrix">
  <rows>8</rows>
  <cols>33</cols>
  <dt>w</dt>
  <data>
    0 0 0 0 0 0 0 0 0 4708 4645 4645 4645 4645 4645 0 4522 4522 4405
    4405 4405 4405 4405 4405 4405 4405 4295 4241 4190 4190 4089 3994
    3994 0 0 0 4983 4983 0 4911 4911 4774 4708 4645 4645 4645 4582 4582
    4522 4463 4463 4405 4405 4405 4405 4405 4405 4349 4349 4295 4241
    4190 4190 4139 4139 4089 4911 4911 4911 4911 4983 4983 4911 4842
    4774 4708 4708 4708 4645 4582 4582 4522 4463 4463 4405 4405 4405
    4405 4349 4349 4349 4295 4295 4241 4190 4190 4139 4139 4089 4911
    4911 4911 4911 4983 4983 4911 4842 4774 4708 4708 4708 4645 4645
    4582 4522 4522 4463 4463 4463 4405 4349 4349 4295 4295 4190 4190
    4241 4190 4190 4139 4139 4089 4911 4911 4911 4911 4983 4911 4911
    4842 4774 4708 4708 4708 4708 4645 4645 4522 4522 4463 4463 4405
    4349 4295 4295 4295 4295 4190 4190 4241 4190 4190 4139 4139 4139
    4911 4911 4911 4911 4983 4911 4911 4842 4708 4708 4708 4645 4645
    4645 4582 4522 4463 4463 4405 4349 4295 4295 4295 4295 4295 4295
    4295 4295 4295 4241 4241 4190 4190 5056 4983 4983 4983 4983 4911
    4911 4842 4708 4708 4708 4645 4645 4582 4522 4463 4463 4463 4405
    4295 4295 4295 4295 4295 4295 5374 5374 5291 5291 5291 5291 0 0 5056
    4983 4983 4983 4983 4911 4911 4911 4842 4708 4708 4645 4645 4582
    4463 4463 4463 4463 4405 4295 4295 4295 4295 4295 5374 5374 5374
    5291 5291 5291 5291 0 0</data></Depth0622>
</opencv_storage>
