<?xml version="1.0"?>
<opencv_storage>
<Depth17859 type_id="opencv-matrix">
  <rows>17</rows>
  <cols>49</cols>
  <dt>w</dt>
  <data>
    2560 2560 2541 2522 2522 2541 2503 2503 2503 2503 2485 2485 2485
    2485 2485 2485 2485 2485 2485 2485 2485 2485 2485 2485 2485 2485
    2485 2485 2485 2485 2485 2485 2485 2467 2467 2485 2485 2485 2485
    2485 2485 2503 2503 2503 2503 2503 2503 2485 2485 2560 2560 2541
    2522 2522 2522 2503 2485 2485 2503 2485 2485 2485 2485 2485 2485
    2485 2467 2467 2450 2450 2485 2485 2485 2485 2485 2485 2485 2485
    2485 2485 2485 2485 2467 2467 2485 2485 2485 2485 2485 2485 2503
    2503 2503 2503 2503 2503 2485 2485 2560 2560 2541 2522 2485 2485
    2485 2485 2485 2485 2485 2485 2485 2485 2485 2485 2485 2467 2467
    2450 2450 2485 2485 2467 2467 2485 2485 2503 2503 2503 2485 2485
    2485 2485 2485 2485 2485 2485 2485 2485 2503 2503 2503 2503 2503
    2503 2503 2485 2485 2522 2522 2503 2485 2485 2485 2485 2485 2485
    2485 2485 2485 2485 2485 2485 2485 2485 2467 2467 2467 2467 2485
    2485 2467 2467 2485 2485 2503 2503 2503 2485 2485 2485 2485 2503
    2503 2503 2503 2485 2485 2503 2503 2503 2503 2503 2503 2485 2467
    2467 2522 2522 2503 2485 2485 2485 2485 2485 2485 2503 2485 2485
    2485 2485 2485 2485 2485 2467 2467 2467 2467 2467 2467 2467 2467
    2485 2485 2503 2503 2503 2503 2503 2503 2503 2503 2503 2503 2503
    2503 2503 2503 2503 2503 2503 2503 2503 2485 2467 2467 2541 2541
    2503 2485 2485 2485 2485 2485 2485 2503 2485 2485 2485 2485 2485
    2485 2485 2485 2467 2467 2467 2467 2467 2467 2467 2485 2503 2503
    2503 2503 2503 2503 2503 2503 2503 2503 2503 2503 2503 2503 2485
    2485 2503 2503 2503 2503 2485 2485 2485 2541 2541 2503 2503 2485
    2485 2485 2485 2485 2503 2485 2485 2485 2485 2485 2485 2485 2485
    2485 2485 2485 2485 2485 2485 2485 2503 2503 2503 2503 2503 2503
    2503 2503 2503 2503 2503 2503 2503 2503 2503 2485 2485 2503 2503
    2503 2503 2485 2485 2485 2541 2522 2503 2503 2485 2485 2485 2485
    2485 2485 2485 2485 2485 2485 2485 2485 2485 2485 2485 2485 2485
    2485 2485 2485 2485 2503 2503 2503 2503 2503 2503 2503 2485 2485
    2503 2503 2503 2503 2503 2503 2503 2503 2503 2503 2503 2503 2503
    2503 2503 2541 2522 2503 2503 2503 2503 2503 2485 2485 2485 2485
    2485 2485 2485 2485 2485 2485 2485 2485 2485 2485 2485 2485 2485
    2485 2503 2503 2503 2503 2503 2485 2485 2485 2485 2503 2503 2503
    2503 2503 2503 2503 2503 2503 2503 2503 2485 2485 2503 2503 2522
    2503 2503 2503 2503 2503 2503 2485 2485 2485 2485 2485 2485 2485
    2485 2485 2485 2485 2485 2485 2485 2503 2485 2485 2485 2485 2485
    2503 2503 2503 2485 2485 2503 2503 2503 2503 2503 2503 2503 2503
    2503 2503 2503 2503 2503 2485 2450 2450 1609 2522 2503 2503 2503
    2503 2503 2503 2485 2485 2485 2485 2485 2485 2467 2467 2485 2485
    2485 2485 2485 2485 2503 2485 2485 2485 2485 2485 2503 2485 2485
    2485 2485 2503 2503 2503 2503 2503 2503 2503 2503 2503 2503 2503
    2503 2503 2503 2450 1616 1609 2522 2522 2522 2503 2503 2503 2503
    2503 2485 2485 2485 2485 2485 2467 2467 2485 2485 2485 2485 2485
    2485 2503 2485 2485 2503 2485 2485 2503 2485 2485 2503 2503 2503
    2503 2503 2503 2503 2503 2503 2503 2503 2522 2522 2522 2503 2503
    2503 1616 1609 2503 2503 2503 2503 2503 2503 2503 2503 2503 2485
    2485 2485 2485 2485 2485 2485 2485 2485 2485 2485 2485 2503 2485
    2485 2503 2503 2503 2503 2503 2503 2503 2503 2503 2503 2503 2503
    2503 2503 2503 2503 2503 2522 2522 2503 2503 2503 1609 1609 1601
    2503 2503 2503 2503 2503 2503 2485 2485 2485 2485 2485 2485 2485
    2485 2485 1543 1543 1550 1550 1557 2485 1550 1550 1550 1550 1550
    1557 2503 2503 2503 2503 2522 2503 2503 2503 2503 2503 1624 1624
    2503 2522 2522 2522 2503 2503 2503 1609 1609 1601 2503 2503 2503
    2503 2503 2503 2485 2485 2485 2485 2485 2485 2503 1523 1523 1523
    1523 1536 1536 1550 1550 1550 1550 1550 1550 1550 1557 1579 1579
    1579 1579 2522 2522 2522 2522 1624 1609 1609 1609 1616 1616 1616
    1624 1616 1616 1616 1609 1609 1609 2503 2503 2503 2503 2503 2503
    2485 2485 2467 2467 1550 1543 1543 1523 1523 1523 1523 1536 1536
    1550 1550 1550 1557 1557 1557 1564 1564 1572 1579 1579 1579 1579
    2541 1601 1601 1601 1601 1601 1609 1609 1616 1616 1624 1616 1616
    1616 1609 1609 1601 2503 2503 2503 2503 2503 2503 2485 2485 2467
    2467 1543 1543 1536 1536 1536 1529 1529 1529 1529 1550 1550 1550
    1550 1550 1557 1564 1564 1572 1579 1579 1579 1579 1594 1601 1601
    1601 1601 1601 1609 1609 1616 1616 1616 1616 1616 1616 1616 1609
    1601</data></Depth17859>
</opencv_storage>
