<?xml version="1.0"?>
<opencv_storage>
<Depth3013 type_id="opencv-matrix">
  <rows>45</rows>
  <cols>20</cols>
  <dt>w</dt>
  <data>
    2286 2256 2256 2271 2271 2271 2271 2271 2271 2271 2271 2271 2271
    2271 2271 4463 4463 4463 4405 4405 2286 2256 2256 2256 2271 2271
    2271 2271 2271 2271 2271 2271 2256 2256 2256 4463 4463 4463 4405
    4405 2286 2271 2256 2256 2271 2271 2286 2271 2271 2271 2271 2271
    2256 2256 2256 2256 4463 4405 4405 4405 2271 2271 2271 2271 2286
    2286 2286 2271 2271 2271 2271 2271 2256 2256 2256 2256 2256 4405
    4405 4405 2271 2271 2271 2271 2286 2286 2286 2271 2271 2271 2271
    2271 2271 2256 2256 2256 2256 4405 4405 4405 2271 2271 2271 2271
    2286 2286 2286 2271 2271 2271 2271 2271 2271 2256 2256 2256 2256
    4463 4405 4405 2271 2271 2271 2271 2286 2286 2286 2271 2271 2271
    2271 2271 2271 2256 2256 2256 2256 4463 4463 4405 2271 2271 2271
    2271 2286 2286 2286 2286 2286 2271 2271 2271 2271 2271 2256 2256
    2256 4405 4405 4405 2271 2271 2271 2271 2286 2286 2286 2286 2271
    2271 2271 2271 2271 2271 2256 2256 2256 4405 4405 4405 2271 2271
    2271 2271 2286 2286 2286 2286 2271 2271 2271 2271 2271 2271 2271
    2256 2241 2241 4405 4405 2271 2271 2271 2271 2286 2286 2286 2271
    2271 2271 2271 2271 2271 2271 2271 2256 2241 2241 4405 4405 2271
    2271 2271 2271 2286 2286 2286 2271 2271 2271 2271 2271 2271 2271
    2271 2256 2241 2241 4405 4405 2271 2271 2256 2256 2271 2286 2286
    2286 2286 2271 2271 2271 2256 2256 2271 2256 2256 2256 4405 4463
    2271 2271 2256 2256 2271 2286 2271 2271 2271 2271 2271 2271 2256
    2256 2271 2271 2271 4405 4405 4463 2271 2271 2271 2271 2271 2271
    2271 2271 2271 2271 2271 2271 2256 2256 2271 2271 2271 4405 4405
    4463 2271 2271 2271 2271 2271 2271 2271 2271 2271 2271 2271 2271
    2256 2256 2271 2271 2256 2256 4463 4463 2271 2271 2271 2271 2271
    2271 2271 2271 2271 2271 2271 2271 2256 2256 2271 2256 2256 2256
    4463 4463 2271 2271 2271 2271 2271 2271 2271 2271 2271 2271 2271
    2271 2271 2256 2256 2241 2241 2286 2286 4405 2271 2271 2271 2271
    2271 2271 2256 2256 2256 2256 2256 2271 2271 2256 2256 2241 2241
    2286 2286 4405 2271 2271 2271 2271 2271 2271 2256 2256 2256 2256
    2256 2271 2271 2256 2256 2256 2256 2271 4405 4405 2271 2271 2271
    2271 2271 2271 2256 2256 2256 2256 2256 2271 2256 2256 2256 2256
    2256 2271 2271 4463 2271 2271 2256 2256 2271 2271 2271 2271 2271
    2271 2271 2271 2256 2256 2256 2256 2256 2271 2271 4405 2271 2271
    2256 2256 2271 2271 2271 2271 2271 2271 2271 2256 2256 2256 2256
    2256 2256 2271 2271 4405 4582 2271 2256 2256 2271 2271 2271 2271
    2256 2256 2271 2256 2256 2256 2256 2241 2241 2241 4405 4405 4582
    2271 2256 2256 2271 2271 2256 2256 2256 2256 2271 2271 2271 2256
    2256 2241 2241 2241 2241 4405 4582 2271 2271 2271 2271 2271 2256
    2256 2256 2256 2256 2256 2256 2256 2241 2241 2241 2241 2241 4463
    2271 2271 2271 2271 2271 2271 2256 2256 2256 2256 2256 2256 2256
    2241 2241 2241 2241 2241 2241 2241 2271 2271 2271 2271 2271 2271
    2271 2256 2256 2256 2256 2256 2256 2241 2241 2241 2241 2241 2256
    2256 4582 2271 2271 2271 2271 2271 2271 2271 2256 2256 2256 2256
    2256 2241 2241 2241 2241 2241 2256 2256 4582 2271 2256 2256 2256
    2256 2256 2256 2256 2256 2256 2256 2256 2241 2241 2241 2241 2241
    2256 4405 4645 2256 2256 2256 2256 2256 2256 2256 2256 2256 2256
    2256 2256 2256 2241 2241 2241 2241 2241 4405 4645 2241 2241 2256
    2256 2256 2256 2256 2256 2256 2256 2256 2256 2241 2241 2241 2241
    2241 2241 4405 4645 2241 2241 2241 2256 2256 2256 2256 2256 2256
    2256 2256 2256 2241 2241 2241 2241 2241 2241 4405 2226 2226 2241
    2241 2256 2256 2256 2256 2256 2256 2256 2256 2256 2241 2241 2241
    2241 2241 2241 2241 2226 2226 2241 2241 2256 2256 2256 2256 2256
    2256 2256 2256 2256 2241 2241 2256 2256 2256 2241 2241 2226 2226
    2241 2241 2256 2256 2256 2241 2241 2256 2256 2256 2256 2256 2256
    2256 2241 2241 2241 2241 2241 2241 2241 2241 2256 2256 2256 2241
    2241 2256 2256 2256 2256 2241 2241 2256 2241 2241 2241 2241 2271
    2256 2241 2241 2256 2256 2256 2256 2241 2241 2256 2241 2241 2241
    2241 2241 2241 2241 2226 2226 2271 2256 2241 2241 2256 2256 2256
    2256 2241 2241 2241 2241 2241 2241 2241 2241 2241 2241 2226 2226
    4582 2271 2241 2241 2256 2256 2256 2256 2241 2241 2241 2241 2241
    2241 2241 2241 2241 2226 2226 2226 4582 2271 2256 2256 2256 2256
    2241 2241 2241 2241 2241 2241 2241 2241 2241 2241 2241 2226 2226
    2226 4582 4582 2256 2256 2256 2256 2241 2241 2241 2241 2241 2241
    2241 2241 2241 2241 2241 2226 2226 2226 4582 4522 4522 2271 2241
    2241 2241 2241 2241 2241 2241 2241 2241 2241 2241 2241 2241 2226
    2226 2226 4582 4522 4522 4522 2241 2241 2241 2241 2241 2241 2241
    2241 2241 2241 2241 2241 2241 2241 2241 2241 4582 4522 4522 4522
    4522 2241 2241 2241 2241 2241 2241 2241 2241 4463 2241 2241 2241
    2241 2241 4405</data></Depth3013>
</opencv_storage>
