<?xml version="1.0"?>
<opencv_storage>
<Depth4564 type_id="opencv-matrix">
  <rows>58</rows>
  <cols>45</cols>
  <dt>w</dt>
  <data>
    5548 5548 5640 5640 5640 5640 5640 5640 5640 5640 5640 5640 5734
    5734 5734 5734 5734 5734 5734 5734 5832 5734 5734 5832 5832 5933
    5933 1904 1904 1915 1926 1926 1926 1936 1936 5933 5933 6146 6038
    6038 5933 5734 5734 5734 5640 5548 5548 5548 5640 5640 5640 5640
    5640 5640 5734 5734 5734 5734 5734 5734 5734 5734 5734 5832 5832
    5832 5734 5734 5832 5832 5832 1904 1904 1904 1915 1926 1926 1926
    1936 1936 1936 1936 6146 6146 5933 5832 5734 5734 5734 5640 5548
    5548 5548 5548 5640 5640 5640 5640 5640 5640 5734 5734 5734 5640
    5640 5640 5734 1926 1883 1883 1894 1894 1894 1894 1894 1894 1904
    1904 1904 1904 1915 1926 1926 1936 1936 1936 1936 6038 6038 5933
    5734 5734 5734 5734 5734 5548 5548 5548 5548 5548 5548 5640 5640
    5640 5640 5832 5832 5832 5640 5640 5640 5734 1883 1873 1873 1883
    1883 1883 1894 1894 1894 1894 1894 1894 1904 1904 1915 1915 1926
    1936 1936 1936 6038 6038 5933 5734 5734 5734 5734 5734 5548 5548
    5548 5548 5548 1883 1883 1883 5640 5734 1843 1843 1853 1853 1853
    1853 1873 1873 1873 1873 1883 1883 1883 1883 1883 1883 1894 1894
    1894 1904 1904 1915 1915 1926 1926 1936 1936 6038 6038 5933 5832
    5832 5734 5734 5734 5548 5548 5460 5460 5460 1883 1873 1853 1843
    1843 1843 1843 1853 1853 1853 1853 1853 1853 1863 1873 1873 1873
    1883 1883 1883 1883 1883 1894 1904 1904 1904 1915 1915 1926 1926
    1936 1936 6038 6038 5933 5832 5832 5734 5734 5734 1894 5548 1894
    1894 1894 1883 1843 1843 1833 1833 1833 1833 1843 1843 1843 1843
    1853 1853 1863 1863 1873 1873 1883 1883 1883 1883 1883 1894 1894
    1894 1904 1915 1915 1926 1926 1936 1936 6038 6038 5832 5832 5832
    5734 5734 5734 1883 1883 1883 1883 1883 1863 1833 1833 1833 1823
    1823 1833 1833 1843 1843 1843 1853 1863 1863 1863 1863 1863 1873
    1883 1883 1883 1883 1883 1894 1894 1904 1915 1915 1926 1936 1936
    1936 1936 5734 5734 5734 5734 5734 5734 5734 1883 1883 1883 1873
    1873 1853 1833 1823 1823 1823 1823 1833 1833 1843 1843 1843 1853
    1853 1853 1863 1863 1863 1873 1883 1883 1883 1883 1883 1894 1894
    1904 1915 1915 1936 1936 1936 1936 1936 5640 5640 5640 5734 5734
    5734 5734 1883 1883 1873 1873 1863 1853 1833 1823 1813 1813 1823
    1823 1833 1843 1843 1843 1853 1853 1853 1853 1853 1853 1863 1873
    1883 1883 1883 1883 1894 1894 1894 1904 1915 1936 1936 1936 1936
    1936 5640 5640 5640 5734 5734 5734 5734 1883 1883 1873 1873 1863
    1853 1843 1823 1813 1813 1823 1823 1833 1843 1843 1843 1853 1853
    1853 1853 1853 1853 1863 1873 1873 1883 1883 1883 1894 1894 1894
    1904 1904 1926 1936 1936 1936 1936 5640 5640 5640 5832 5734 5734
    5734 1894 1883 1883 1873 1863 1853 1843 1823 1813 1813 1823 1823
    1823 1833 1843 1843 1843 1853 1853 1853 1853 1863 1863 1873 1873
    1873 1873 1883 1883 1883 1894 1894 1904 1915 1926 1936 1936 1936
    5734 5734 5734 5832 5832 5734 5734 1894 1894 1883 1873 1863 1853
    1843 1833 1813 1813 1813 1823 1823 1833 1843 1843 1843 1843 1853
    1853 1853 1863 1863 1873 1873 1873 1873 1873 1873 1883 1894 1894
    1904 1915 1915 1926 1936 1936 1936 5734 5734 5832 5832 5734 5734
    1894 1894 1894 1883 1873 1853 1843 1833 1823 1813 1813 1823 1823
    1833 1843 1843 1843 1843 1843 1853 1853 1853 1863 1873 1873 1873
    1873 1873 1873 1894 1894 1894 1904 1915 1915 1926 1926 1936 1936
    5832 5832 5832 5832 5734 5734 1904 1904 1894 1883 1883 1853 1843
    1833 1823 1823 1823 1823 1823 1833 1843 1843 1843 1843 1843 1853
    1853 1853 1863 1863 1873 1873 1873 1873 1883 1894 1894 1894 1904
    1915 1915 1926 1926 1936 1936 1936 5832 5832 5832 5734 5734 1926
    1926 1904 1894 1883 1853 1843 1833 1823 1813 1813 1823 1823 1833
    1843 1843 1843 1843 1853 1843 1843 1853 1863 1863 1873 1873 1873
    1883 1883 1883 1883 1894 1894 1915 1915 1915 1915 1936 1936 1936
    5832 5832 5832 5832 5734 5291 1904 1904 1894 1883 1873 1853 1833
    1823 1813 1813 1823 1823 1833 1843 1843 1843 1843 1853 1843 1843
    1853 1873 1873 1873 1873 1873 1883 1883 1883 1883 1894 1894 1904
    1904 1904 1904 1915 1915 1915 5734 5734 5832 5832 5734 5291 1894
    1894 1894 1883 1883 1853 1843 1823 1813 1813 1813 1823 1833 1833
    1833 1843 1843 1843 1843 1843 1843 1863 1873 1873 1873 1873 1873
    1873 1883 1894 1894 1894 1904 1904 1904 1904 1915 1915 1915 5734
    5734 5832 5832 5734 5460 1894 1894 1894 1894 1883 1853 1843 1823
    1813 1813 1813 1823 1823 1823 1823 1833 1843 1843 1843 1843 1843
    1853 1873 1873 1873 1873 1873 1873 1883 1894 1894 1894 1904 1904
    1904 1904 1926 1936 1936 5933 5933 5832 5832 5832 5460 1894 1894
    1894 1894 1883 1853 1843 1823 1823 1813 1813 1823 1823 1823 1823
    1833 1843 1843 1843 1843 1843 1853 1853 1863 1863 1863 1873 1883
    1883 1894 1894 1894 1904 1904 1904 1915 1915 1915 1915 5832 5832
    5832 5832 5832 5460 1904 1904 1904 1894 1883 1853 1843 1833 1823
    1823 1823 1823 1823 1823 1823 1833 1843 1843 1843 1843 1843 1853
    1853 1863 1863 1863 1873 1883 1883 1883 1894 1894 1904 1904 1904
    1915 1915 1915 1936 1936 5734 5734 5734 5832 5460 1904 1904 1904
    1894 1883 1853 1843 1833 1833 1823 1813 1813 1813 1813 1823 1823
    1843 1843 1843 1843 1843 1853 1853 1863 1863 1863 1873 1883 1883
    1883 1894 1894 1904 1904 1904 1915 1915 1926 1936 1936 5640 5640
    5734 5832 5460 1915 1915 1904 1894 1883 1853 1853 1843 1833 1823
    1813 1813 1813 1813 1823 1823 1823 1833 1833 1843 1843 1853 1853
    1863 1863 1863 1873 1883 1883 1883 1894 1894 1904 1904 1904 1915
    1915 1926 1936 1936 5640 5640 5734 5832 5460 1915 1915 1894 1894
    1883 1853 1853 1843 1833 1823 1813 1813 1813 1813 1823 1823 1823
    1833 1833 1843 1843 1853 1853 1863 1863 1863 1873 1883 1883 1883
    1883 1894 1904 1915 1915 1915 1915 1926 1936 1936 5640 5640 5734
    5734 5374 5374 1894 1894 1894 1894 1873 1853 1843 1833 1823 1813
    1813 1813 1813 1823 1833 1833 1833 1843 1843 1843 1853 1853 1853
    1863 1863 1873 1873 1873 1883 1883 1894 1904 1904 1915 1915 1915
    1926 1936 1936 5640 5640 5734 5734 5374 5374 1894 1894 1894 1894
    1853 1853 1843 1833 1823 1813 1813 1813 1813 1823 1833 1833 1833
    1843 1843 1843 1843 1853 1853 1863 1863 1873 1873 1873 1883 1883
    1883 1904 1904 1915 1915 1915 1926 1926 1926 5734 5734 5734 5734
    5374 5374 5374 1894 1894 1894 1853 1853 1843 1833 1823 1813 1813
    1813 1813 1823 1833 1833 1843 1843 1843 1843 1843 1853 1853 1853
    1863 1873 1873 1873 1883 1883 1883 1894 1904 1904 1915 1915 1926
    1926 1926 5832 5832 5832 5734 5374 5374 5374 1894 1894 1883 1853
    1853 1843 1833 1823 1813 1813 1813 1813 1823 1823 1833 1833 1833
    1833 1843 1843 1853 1853 1853 1863 1873 1873 1873 1883 1883 1883
    1894 1894 1904 1904 1904 1904 1904 1915 5832 5832 5832 5832 5374
    5374 5374 5374 1873 1873 1873 1853 1853 1843 1833 1813 1813 1813
    1813 1823 1823 1823 1823 1833 1833 1843 1843 1843 1843 1853 1863
    1863 1873 1883 1883 1883 1883 1894 1894 1904 1904 1904 1904 1904
    1904 1904 5832 5734 5734 5460 5460 5460 0 1873 1873 1873 1853 1853
    1843 1833 1823 1813 1813 1813 1813 1813 1823 1823 1833 1833 1833
    1843 1843 1843 1853 1863 1863 1863 1873 1873 1883 1883 1894 1894
    1904 1904 1904 1904 1904 1904 1904 5640 5640 5640 5460 5460 5460 0
    1883 1883 1883 1863 1853 1853 1833 1823 1823 1813 1813 1813 1813
    1823 1823 1833 1833 1833 1843 1843 1843 1853 1853 1863 1863 1863
    1873 1883 1883 1894 1904 1894 1894 1904 1904 1904 1904 1904 5640
    5640 5640 5548 5548 5548 0 1894 1894 1883 1863 1853 1853 1843 1833
    1813 1813 1813 1813 1813 1823 1823 1833 1833 1833 1843 1843 1843
    1853 1853 1853 1863 1863 1873 1883 1883 1894 1894 1894 1894 1904
    1904 1904 1915 1915 1915 5640 5640 5548 5548 5548 0 1894 1894 1883
    1863 1863 1853 1843 1843 1813 1813 1813 1813 1813 1823 1823 1833
    1843 1843 1843 1843 1843 1843 1853 1853 1853 1863 1873 1883 1883
