<?xml version="1.0"?>
<opencv_storage>
<Depth10137 type_id="opencv-matrix">
  <rows>165</rows>
  <cols>99</cols>
  <dt>w</dt>
  <data>
    1915 1863 1863 1863 1863 0 0 0 0 0 0 0 0 0 0 0 0 0 0 0 0 0 1873 1863
    1843 1833 1833 1833 0 0 0 0 0 0 0 0 0 0 0 0 717 716 716 716 716 716
    716 716 717 717 720 722 722 723 723 727 727 727 728 728 730 730 731
    733 733 734 734 734 736 736 736 736 736 738 741 742 742 742 742 746
    747 749 749 749 749 749 749 0 0 0 0 0 0 0 0 0 0 0 0 1915 1883 1883
    1894 1894 0 0 0 0 0 0 0 0 0 0 0 0 0 0 0 0 1883 1873 1863 1853 1843
    1843 1843 0 0 0 0 0 0 0 0 0 0 0 716 716 716 716 716 716 716 717 717
    717 717 720 722 722 723 723 727 727 727 728 728 730 730 730 731 733
    734 734 734 736 736 736 738 738 738 741 742 742 746 746 747 747 747
    749 749 749 749 749 0 0 0 0 0 0 0 0 0 0 0 0 1915 1915 1915 1915 1936
    1936 0 0 0 0 0 0 0 0 0 0 0 0 0 0 1883 1883 1873 1873 1873 1863 1863
    1863 0 0 0 0 0 0 0 0 0 0 0 716 716 717 719 719 717 717 717 717 717
    719 720 722 722 723 725 727 727 727 727 727 728 730 730 731 731 733
    734 734 736 736 736 738 738 739 741 742 742 746 746 747 747 747 747
    749 749 749 749 0 0 0 0 0 0 0 0 0 0 0 0 1926 1915 1915 1926 1936
    1936 0 0 0 0 0 0 0 0 0 0 0 0 0 0 1883 1883 1883 1873 1873 1873 1863
    1863 0 0 0 0 0 0 0 0 0 0 0 0 731 731 727 722 722 722 719 719 719 720
    720 722 722 723 725 727 727 727 727 727 728 728 730 730 731 733 734
    734 736 736 736 738 739 741 741 742 742 746 746 747 747 747 747 749
    749 749 749 0 0 0 0 0 0 0 0 0 0 0 0 1936 1936 1936 1936 1936 1936
    1936 0 0 0 0 0 0 0 0 0 1904 1904 1904 1894 1894 1894 1883 1883 1883
    1873 1873 1873 0 0 0 0 0 0 0 0 0 0 0 0 749 733 730 728 728 727 725
    725 728 728 731 723 723 723 725 727 727 727 727 728 728 728 730 730
    731 733 734 734 736 736 738 738 739 741 742 742 742 744 744 746 746
    747 747 749 749 738 738 0 0 0 0 0 0 0 0 0 0 0 0 1936 1936 1936 1936
    1936 1936 1936 0 0 0 0 0 0 0 0 0 1904 1904 1904 1894 1894 1904 1894
    1894 1883 1873 1873 0 0 0 0 0 0 0 0 0 0 0 778 778 747 734 733 733
    731 731 736 728 728 728 731 731 723 723 725 727 727 728 728 728 728
    730 730 730 731 733 734 736 736 736 738 738 739 742 742 742 742 742
    742 746 746 747 747 747 747 738 738 0 0 0 0 0 0 0 0 0 0 0 0 1959
    1959 1947 1947 1947 1959 0 0 0 0 0 0 0 0 0 0 0 1947 1936 1936 1936
    1936 1926 1926 1926 1915 1915 0 0 0 0 0 0 0 0 0 774 773 773 773 747
    746 736 736 738 736 736 731 731 733 741 741 725 725 725 728 728 728
    730 730 730 730 730 731 733 734 734 736 736 738 738 739 741 741 741
    741 742 742 742 744 746 747 747 747 747 749 0 0 0 0 0 0 0 0 0 0 0 0
    0 1970 1970 1970 1970 1993 0 0 0 0 0 0 0 0 0 0 0 0 1947 1947 1936
    1936 1936 1947 1947 1959 0 0 0 0 0 0 0 0 0 0 0 774 773 773 759 752
    750 749 747 746 746 746 739 739 742 744 744 744 0 747 731 730 730
    731 731 731 731 731 734 734 734 736 736 736 738 738 739 741 741 741
    741 742 742 742 744 746 746 747 749 749 749 0 0 0 0 0 0 0 0 0 0 0 0
    0 1981 1981 1981 1981 1993 2016 0 0 0 0 0 0 0 0 0 0 0 1959 1959 1947
    1947 1959 1959 1959 1981 0 0 0 0 0 0 0 0 0 0 0 774 773 767 759 754
    754 752 750 749 747 747 747 746 746 746 746 0 0 747 747 747 746 742
    741 738 734 734 742 739 738 738 738 738 738 738 739 741 741 741 741
    742 742 742 744 746 746 747 747 747 747 0 0 0 0 0 0 0 0 0 0 0 0 0
    1993 1993 1993 2005 2005 2016 0 0 0 0 0 0 0 0 0 0 0 1970 1970 1970
    1970 1970 1970 1970 0 0 0 0 0 0 0 0 0 0 0 0 774 773 767 762 757 755
    754 754 752 752 754 754 0 0 754 0 0 0 754 754 752 750 750 750 752
    752 749 746 744 741 741 741 739 739 739 739 741 741 741 742 742 742
    744 744 746 746 747 747 747 747 0 0 0 0 0 0 0 0 0 0 0 0 0 2005 2005
    2005 2040 0 0 0 0 0 0 0 0 0 0 0 0 0 2016 1993 1993 1993 1993 0 0 0 0
    0 0 0 0 0 0 0 0 0 0 774 773 767 766 761 761 762 761 759 757 757 757
    0 0 0 0 0 0 757 755 754 754 754 754 754 752 749 747 747 746 746 747
    747 744 741 741 741 741 742 742 742 744 744 746 746 746 747 747 749
    0 0 0 0 0 0 0 0 0 0 0 0 0 0 0 0 0 0 0 0 0 0 0 0 0 0 0 0 0 0 0 2016
    2016 2016 2016 0 0 0 0 0 0 0 0 0 0 0 0 0 796 789 781 776 774 774 776
    771 771 771 767 766 761 761 0 0 0 0 0 0 762 761 761 757 757 755 755
    755 754 754 754 754 755 754 754 747 746 742 742 742 744 744 746 744
    744 746 746 746 747 747 750 0 0 0 0 0 0 0 0 0 0 0 0 0 0 0 0 0 0 0 0
    0 0 0 0 0 0 0 0 0 0 0 0 2028 2016 2016 0 0 0 0 0 0 0 0 0 0 0 0 803
    796 789 787 783 783 783 783 783 781 781 778 778 787 787 0 0 0 0 0 0
    769 766 766 764 764 764 762 762 764 764 764 762 761 757 757 757 757
    761 761 754 750 749 749 747 747 747 747 747 749 749 0 0 0 0 0 0 0 0
    0 0 0 0 0 0 0 0 0 0 0 0 0 0 0 0 0 0 0 0 0 0 0 0 0 0 0 0 0 0 0 0 0 0
    0 0 0 0 0 825 803 800 798 792 792 790 789 789 787 787 787 785 785
    787 787 0 0 0 0 0 789 774 774 773 773 773 773 773 771 771 771 771
    769 766 766 762 762 766 761 761 761 761 755 755 754 754 750 750 750
    752 752 0 0 0 0 0 0 0 0 0 0 0 0 0 0 0 0 0 0 0 0 0 0 0 0 0 0 0 0 0 0
    0 0 0 0 0 0 0 0 0 0 0 0 0 0 0 0 0 825 807 803 802 800 800 800 800
    796 794 794 794 790 789 789 789 0 0 0 0 796 789 789 789 785 780 780
    778 776 774 774 774 774 773 771 771 767 767 766 764 764 764 764 766
    774 774 767 762 757 757 761 0 0 0 0 0 0 0 0 0 0 0 0 0 0 0 0 0 0 0 0
    0 0 0 0 0 0 0 0 0 0 0 0 0 0 0 0 0 0 0 0 0 0 0 0 0 0 0 0 823 819 813
    807 805 803 803 803 803 805 803 802 800 796 796 0 0 0 0 0 796 796
    796 792 790 789 787 785 785 778 778 776 776 776 776 776 774 769 769
    764 764 766 769 771 774 774 767 766 762 762 764 0 0 0 0 0 0 0 0 0 0
    0 0 0 0 0 0 0 0 0 0 0 0 0 0 0 0 0 0 0 0 0 0 0 0 0 0 0 0 0 0 0 0 0 0
    0 0 0 0 823 819 817 811 807 807 807 807 809 809 809 805 803 803 0 0
    0 0 0 0 800 800 802 796 796 798 792 790 790 790 790 789 789 787 783
    776 771 769 769 764 764 776 776 776 778 780 774 771 767 767 0 0 0 0
    0 0 0 0 0 0 0 0 0 0 0 0 0 0 0 0 0 0 0 0 0 0 0 0 0 0 0 0 0 0 0 0 0 0
    0 0 0 0 0 0 0 0 0 0 0 821 821 819 817 817 821 813 813 813 813 811
    809 807 807 807 0 0 0 0 0 0 809 805 805 809 805 805 805 802 802 798
    792 792 792 792 776 767 767 767 776 787 787 787 787 787 785 776 773
    773 0 0 0 0 0 0 0 0 0 0 0 0 0 0 0 0 0 0 0 0 0 0 0 0 0 0 0 0 0 0 0 0
    0 0 0 0 0 0 0 0 0 0 0 0 0 0 0 0 0 0 821 821 821 821 821 821 823 823
    823 821 819 811 809 807 807 0 0 0 0 0 0 813 809 809 811 813 811 811
    807 805 802 798 798 800 802 767 767 767 762 762 762 800 800 796 794
    790 778 778 0 0 0 0 0 0 0 0 0 0 0 0 0 0 0 0 0 0 0 0 0 0 0 0 0 0 0 0
    0 0 0 0 0 0 0 0 0 0 0 0 0 0 0 0 0 0 0 0 0 0 0 0 0 823 823 823 827
    827 827 825 823 819 813 809 809 809 0 0 0 0 0 0 819 819 817 817 817
    815 815 815 811 809 809 827 807 807 767 767 767 762 762 764 805 803
    800 796 796 0 0 0 0 0 0 0 0 0 0 0 0 0 0 0 0 0 0 0 0 0 0 0 0 0 0 0 0
    0 0 0 0 0 0 0 0 0 0 0 0 697 697 703 703 0 0 0 0 0 0 0 0 0 0 0 0 825
    825 827 827 829 827 827 0 0 811 809 809 0 0 0 0 0 0 0 827 825 825
    823 821 819 819 821 821 825 827 827 827 767 766 766 762 762 764 805
    803 803 803 0 0 0 0 0 0 0 0 0 0 0 0 0 0 0 0 0 0 0 0 0 0 0 0 0 0 0 0
    0 0 0 0 0 0 0 0 0 0 0 0 0 697 697 703 703 704 704 704 0 0 0 0 0 0 0
    0 0 0 0 0 0 0 0 0 0 0 0 0 0 0 0 0 0 0 0 845 835 833 831 829 827 823
    823 825 825 827 827 827 827 767 766 766 762 762 762 805 805 805 0 0
    0 0 0 0 0 0 0 0 0 0 0 0 0 0 0 0 0 0 0 0 0 0 0 0 0 0 0 0 0 0 0 0 0 0
    0 0 0 0 703 701 700 700 701 703 703 704 704 707 708 710 0 0 0 0 0 0
    0 0 0 0 0 0 0 0 0 0 0 0 0 0 0 0 0 0 845 841 841 841 841 835 831 831
    827 827 827 827 827 827 766 766 764 762 762 0 0 0 0 0 0 0 0 0 0 0 0
    0 0 0 0 0 0 0 0 0 0 0 0 0 0 0 0 0 0 0 0 0 0 0 0 0 0 0 0 0 0 0 0 703
    701 701 701 701 703 703 704 704 706 707 707 708 708 710 711 711 0 0
    0 0 0 0 0 0 0 0 0 0 0 0 0 0 0 0 854 849 845 845 843 843 841 839 835
    829 829 829 827 827 827 766 766 764 762 762 0 0 0 0 0 0 0 0 0 0 0 0
    0 0 0 0 0 0 0 0 0 0 0 0 0 0 0 0 0 0 0 0 0 0 0 0 0 0 0 0 0 0 0 703
