<?xml version="1.0"?>
<opencv_storage>
<Depth8925 type_id="opencv-matrix">
  <rows>8</rows>
  <cols>32</cols>
  <dt>w</dt>
  <data>
    6497 6497 6259 4522 4522 6375 6375 6497 6497 6497 6497 4708 4708
    4708 4708 4708 4708 4774 4774 4774 4911 4842 4842 4983 4983 4983
    4983 4911 4911 4911 5056 5056 4708 4708 4708 4522 4522 4774 4708
    4708 4708 4708 4708 4708 4708 4708 4774 4708 4708 4774 4774 4774
    4842 4842 4842 4911 4911 4911 4911 4911 4911 4911 4983 4983 4645
    4645 4645 4708 4774 4774 4708 4708 4708 4708 4708 4708 4708 4708
    4774 4774 4774 4774 4774 4774 4774 4774 4774 4774 4911 4911 4911
    4911 4983 4983 4983 4983 4582 4582 4645 4708 4708 4708 4708 4774
    4774 4774 4774 4708 4708 4708 4774 4774 4774 4774 4774 4774 4774
    4774 4774 4774 4911 4842 4842 4911 4983 4983 4911 4911 4582 4582
    4708 4708 4708 4708 4708 4774 4774 4774 4774 4774 4774 4774 4774
    4774 4708 4708 4708 4774 4708 4708 4708 4708 4708 4842 4842 4983
    4983 4983 4911 4911 4708 4708 4708 4708 4708 4708 4708 4774 4774
    4774 4708 4708 4774 4842 4842 4774 4708 4708 4708 4774 4708 4708
    4708 4708 0 5056 5056 0 4983 4983 0 0 4708 4708 4708 4708 4708 4774
    4774 4774 4774 4708 4708 4708 4774 4911 4911 4774 4708 4708 0 0 0
    4774 4708 4708 0 0 0 0 0 0 0 0 4708 4774 4842 4842 4842 4842 4774
    4774 4774 4708 4708 0 4911 4911 4983 0 0 0 0 0 0 0 0 0 0 0 0 0 0 0 0
    0</data></Depth8925>
</opencv_storage>
