<?xml version="1.0"?>
<opencv_storage>
<Depth8240 type_id="opencv-matrix">
  <rows>21</rows>
  <cols>14</cols>
  <dt>w</dt>
  <data>
    4842 4708 4708 4911 4911 4911 4911 4911 4911 4911 4842 4842 4842
    4842 4842 4842 4842 4911 4911 4911 4911 4842 4842 4842 4842 4842
    4842 7492 4911 4911 4911 4911 4911 4911 4911 4842 4842 4842 4842
    4842 4842 7178 4911 4911 4911 4911 4911 4911 4842 4842 4842 4842
    4842 4842 4842 4842 4911 4911 4911 4911 4911 4911 4842 4842 4842
    4842 4842 4842 4842 4842 4983 4911 4911 4911 4911 4911 4911 4911
    4911 4911 4911 4842 4842 4842 4983 4983 4911 4911 4911 4911 4911
    4911 4911 4911 4911 4911 4842 4522 4983 4983 4911 4911 4911 4911
    4911 4911 4911 4911 4911 4911 4842 4522 4983 4983 4911 4911 4911
    4911 4911 4911 4842 4842 4911 4911 4842 4645 4983 4983 4911 4911
    4911 4842 4842 4842 4842 4842 4911 4911 4911 4911 6497 4983 4983
    4911 4911 4842 4842 4842 4842 4842 4911 4911 4911 4911 4983 4983
    4983 4911 4911 4911 4911 4911 4911 4911 4911 4911 4842 4842 4983
    4983 4983 4911 4911 4911 4911 4911 4911 4911 4911 4911 4842 4842
    4911 4911 4911 4911 4911 4911 4911 4911 4911 4911 4911 4911 4911
    4911 4842 4911 4911 4911 4911 4911 4911 4911 4911 4911 4911 4911
    4911 4842 4842 4911 4911 4911 4983 4911 4911 4911 4911 4911 4911
    4911 4842 4842 4911 4911 4911 4911 4983 4911 4911 4983 4911 4911
    4911 4842 4842 4842 4911 4911 4911 4911 4911 4911 4911 4983 4911
    4911 4911 4842 4842 4842 4842 4911 4911 4911 4911 4911 4911 4983
    4983 4983 4911 4842 4842 7030 4842 4911 4983 4983 4911 4911 4911
    4911 4983 4911 4911 4842 4842 7030 6889 6889 6889 4983 4983 4911
    4911 4911 4911 4911 4842 4842 4842 7178</data></Depth8240>
</opencv_storage>
