<?xml version="1.0"?>
<opencv_storage>
<Depth11507 type_id="opencv-matrix">
  <rows>8</rows>
  <cols>16</cols>
  <dt>w</dt>
  <data>
    7332 7332 7178 7178 7178 7178 7332 7332 7492 7332 7178 7178 7178
    7178 7332 7332 7332 7332 7332 7332 7332 7332 7332 7492 7492 7492
    7332 7332 7332 7332 7332 7332 7332 7332 7332 7332 7332 7332 7332
    7332 7332 7332 7492 7332 7332 7332 7178 7178 7332 7178 7178 7178
    7178 7178 7178 7178 7178 7178 7178 7178 7178 7178 7178 7178 7332
    7178 7178 7178 7178 7178 7178 7178 7178 7178 7030 7030 7030 7030
    7030 6889 7178 7332 7178 7178 7178 7178 7178 7178 7178 7178 7030
    7030 7030 6889 6889 6889 7178 7178 7178 7178 7178 7178 7178 7178
    7178 7030 7030 6889 6889 6753 6753 6753 7332 7178 7178 7178 7178
    7178 7178 7178 7178 7030 7030 6889 6889 6753 6753 6753</data></Depth11507>
</opencv_storage>
