<?xml version="1.0"?>
<opencv_storage>
<Depth3166 type_id="opencv-matrix">
  <rows>7</rows>
  <cols>15</cols>
  <dt>w</dt>
  <data>
    0 0 0 4241 4241 4405 4405 0 4645 4645 4708 4708 4582 4522 4522 4349
    4405 4405 4349 4349 4405 4405 4405 4708 4708 4708 4708 4582 4522
    4522 4349 4405 4405 4405 4405 4463 4463 4463 4708 4708 4708 4645
    4522 4522 4522 4349 4405 4463 4522 4522 4582 4582 4582 4708 4708
    4645 4645 4522 4522 4522 4582 4582 4582 4582 4582 4582 4582 4582
    4645 4708 4645 4645 4582 4582 4708 4349 4349 4463 4522 4522 4582
    4582 4582 4645 4708 4708 4645 4645 4645 0 4349 4349 4463 4522 4522
    4645 4645 4708 4708 4708 4708 4708 4708 4708 0</data></Depth3166>
</opencv_storage>
