<?xml version="1.0"?>
<opencv_storage>
<Depth10443 type_id="opencv-matrix">
  <rows>97</rows>
  <cols>84</cols>
  <dt>w</dt>
  <data>
    3433 3433 3433 3468 3468 3433 3433 3433 3433 3433 3433 3468 3468
    3468 3503 3503 3503 3503 3503 3503 3503 3503 3503 3503 3503 3539
    3539 3539 3539 3576 3576 3576 3576 3576 3539 3539 2560 2541 2541
    2541 2503 1185 1185 1169 1165 1161 1153 1149 1149 1145 1141 1141
    1141 1141 1141 1141 2618 2618 2618 2618 2618 2618 2598 2598 2618
    2618 2618 2618 2618 2618 2618 2618 2639 2639 2639 2639 2639 2639
    2659 2680 2680 2680 2701 3614 3433 3433 3433 3433 3433 3433 3433
    3433 3433 3433 3433 3468 3468 3468 3503 3503 3503 3503 3503 3503
    3503 3503 3503 3503 3503 3539 3539 3539 3539 3539 3576 3576 3576
    3576 1202 1202 1202 1202 1202 1189 1185 1185 1177 1165 1161 1153
    1145 1141 1141 1141 1138 1138 1141 1141 1141 1141 1141 2618 2618
    2618 2618 2618 2598 2598 2618 2639 2639 2618 2618 2618 2618 2618
    2639 2639 2639 2639 2639 2639 2659 2659 2659 2680 2680 2680 3433
    3433 3433 3433 3433 3433 3433 3433 3433 3433 3433 3468 3468 3468
    3468 3503 3503 3503 3503 3503 3503 3503 3503 3503 3503 3539 3539
    3539 3539 3539 3576 3576 3576 3576 1202 1197 1197 1197 1197 1189
    1185 1165 1153 1149 1145 1141 1138 1134 1134 1134 1134 1134 1138
    1138 1141 1141 1141 2598 2598 2598 2598 2598 2598 2598 2639 2639
    2639 2639 2639 2639 2639 2639 2639 2639 2639 2639 2639 2639 2659
    2659 2659 2659 2680 2680 3433 3433 3433 3433 3433 3433 3433 3433
    3468 3468 3468 3468 3468 3468 3468 3468 3503 3503 3503 3503 3503
    3503 3503 3503 3503 3539 3539 3539 3539 3539 3576 3576 3576 3576
    1202 1189 1189 1185 1185 1185 1185 1141 1138 1138 1130 1130 1126
    1126 1126 1126 1126 1126 1130 1138 1141 1141 1141 2598 2598 2598
    2598 2598 2598 2598 2639 2639 2639 2639 2639 2639 2639 2639 2639
    2639 2639 2639 2639 2659 2659 2659 2659 2659 2680 2680 3433 3433
    3433 3433 3433 3433 3468 3468 3468 3468 3468 3468 3468 3468 3468
    3468 3468 3503 3503 3503 3503 3503 3503 3503 3503 3539 3539 3539
    3539 3539 3539 3576 3576 1202 1197 1189 1185 1181 1173 1173 1145
    1134 1130 1126 1123 1123 1123 1123 1123 1123 1126 1126 1126 1134
    1141 1141 1141 2598 2598 2598 2598 2598 2598 2598 2639 2639 2639
    2639 2639 2639 2639 2639 2639 2639 2639 2639 2639 2659 2659 2659
    2659 2659 2680 2680 3433 3433 3433 3433 3433 3433 3433 3433 3468
    3468 3468 3468 3468 3468 3468 3468 3468 3503 3503 3503 3468 3468
    3503 3503 3503 3539 3539 3539 3539 3539 1189 1189 1189 1189 1185
    1181 1177 1177 1173 1112 1112 1112 1115 1119 1119 1115 1115 1119
    1123 1123 1126 1126 1126 1134 1138 1138 1138 1138 2598 2598 2598
    2598 2598 2598 2639 2639 2639 2639 2659 2659 2659 2659 2659 2659
    2659 2659 2659 2659 2659 2639 2639 2639 2659 2659 3433 3433 3433
    3433 3433 3433 3433 3433 3468 3468 3468 3468 3468 3468 3468 3468
    3468 3503 3503 3503 3468 3468 3468 3503 3503 3539 3539 3539 3539
    1189 1189 1189 1189 1189 1185 1181 1177 1119 1115 1112 1108 1101
    1101 1105 1108 1112 1112 1115 1119 1123 1123 1123 1126 1134 1134
    1138 1138 1138 2598 2598 2598 2598 2598 2598 2639 2639 2659 2659
    2680 2680 2680 2680 2659 2659 2680 2659 2659 2659 2659 2639 2639
    2639 2659 2659 3433 3433 3433 3433 3433 3433 3433 3433 3433 3468
    3468 3468 3468 3468 3468 3503 3503 3503 3503 3503 3468 3433 3433
    3468 3503 3539 3576 1185 1177 1177 1177 1185 1189 1185 1185 1097
    1097 1112 1112 1105 1101 1097 1097 1101 1105 1108 1112 1115 1119
    1123 1123 1123 1126 1134 1134 1138 1138 1138 2598 2598 2598 2598
    2598 2598 2618 2639 2680 2680 2680 2680 2680 2680 2680 2680 2680
    2680 2659 2659 2639 2639 2639 2639 2659 2659 3433 3468 3468 3468
    3433 3433 3433 3433 3433 3468 3468 3468 3468 3468 3468 3468 3468
    3468 3468 3468 3468 3399 3399 3468 3468 1149 1177 1177 1173 1169
    1169 1181 1189 1185 1084 1084 1084 1094 1094 1090 1090 1094 1094
    1101 1105 1108 1112 1112 1115 1123 1123 1123 1126 1130 1134 1138
    1138 1138 2598 2598 2598 2598 2598 2598 2618 2618 2659 2680 2701
    2701 2680 2680 2680 2680 2680 2680 2659 2659 2639 2639 2639 2639
    2659 2659 3399 3433 3433 3468 3468 3468 3468 3433 3433 3433 3433
    3433 3433 3433 3468 3433 3399 3399 3399 3399 3468 3399 3399 3399
    1153 1149 1149 1153 1169 1169 1169 1080 1080 1084 1084 1084 1084
    1084 1084 1084 1084 1087 1094 1097 1105 1108 1112 1112 1115 1119
    1123 1123 1123 1126 1134 1138 1138 1138 1138 2618 2598 2598 2598
    2598 2618 2618 2659 2680 2701 2701 2701 2701 2680 2680 2680 2680
    2659 2659 2659 2659 2659 2659 2659 2659 3399 3433 3433 3468 3468
    3468 3433 3433 3433 3433 3433 3433 3433 3433 3433 3399 3365 3300
    3300 3399 1138 1138 1130 1130 1134 1141 1138 1138 1169 1087 1084
    1080 1080 1080 1073 1073 1080 1080 1084 1084 1084 1087 1094 1097
    1101 1108 1108 1112 1112 1119 1123 1123 1123 1126 1130 1134 1138
    1134 1134 1134 2618 2598 2598 2598 2618 2639 2639 2659 2701 2701
    2701 2680 2680 2680 2680 2680 2659 2659 2659 2659 2659 2659 2659
    2680 3399 3433 3433 3433 3433 3468 3433 3433 3433 3433 3433 3433
    3433 3399 3399 3399 3365 3300 3300 3300 1138 1130 1126 1126 1126
    1141 1138 1138 1138 1073 1073 1067 1067 1070 1070 1070 1070 1073
    1080 1080 1084 1084 1090 1094 1101 1105 1108 1108 1112 1115 1119
    1123 1123 1126 1126 1134 1134 1134 1134 1134 2598 2598 2598 2598
    2618 2618 2618 2639 2680 2701 2701 2680 2680 2680 2680 2680 2680
    2659 2659 2659 2659 2659 2659 2680 3399 3433 3433 3433 3433 3468
    3468 3433 3433 3433 3433 3433 3399 3399 3399 3399 3399 1105 1105
    1141 1141 1119 1119 1123 1126 1126 1057 1063 1063 1060 1060 1060
    1063 1067 1067 1067 1070 1070 1077 1080 1080 1084 1087 1090 1097
    1101 1105 1108 1108 1112 1119 1123 1123 1126 1126 1130 1130 1134
    1134 1134 2598 2598 2598 2598 2618 2618 2618 2639 2680 2701 2701
    2701 2701 2680 2680 2680 2680 2659 2659 2659 2659 2659 2680 2680
    3433 3433 3433 3433 3433 3468 3468 3433 3433 3433 3433 3433 3399
    3399 3399 3399 1105 1105 1105 1105 1108 1108 1112 1112 1112 1057
    1057 1057 1057 1057 1057 1057 1057 1060 1067 1067 1070 1070 1077
    1080 1080 1084 1087 1090 1094 1097 1105 1105 1108 1112 1115 1123
    1123 1123 1126 1130 1130 1134 1134 1134 1134 2579 2579 2579 2618
    2618 2618 2639 2680 2701 2701 2701 2701 2701 2680 2680 2680 2659
    2659 2659 2659 2680 2680 2680 3433 3433 3433 3433 3433 3433 3468
    3468 3433 3433 3433 3433 3433 3433 1028 1019 1105 1105 1101 1101
    1105 1108 1108 1112 1047 1047 1044 1044 1044 1044 1054 1057 1057
    1060 1063 1067 1070 1070 1073 1077 1080 1084 1084 1087 1094 1097
    1101 1105 1105 1108 1112 1115 1123 1123 1126 1126 1130 1134 1138
    1138 1141 2579 2579 2579 2618 2618 2618 2618 2680 2723 2701 2701
    2701 2701 2680 2680 2680 2680 2680 2680 2680 2680 2680 2680 3433
    3433 3433 3433 3433 3433 3468 3468 3468 3468 3468 1101 1101 1028
    1028 1019 1019 1101 1101 1097 1034 1034 1034 1034 1038 1038 1044
    1044 1044 1044 1050 1057 1057 1057 1063 1067 1070 1070 1073 1077
    1080 1084 1084 1087 1094 1097 1097 1101 1105 1108 1108 1112 1119
    1119 1123 1126 1126 1126 1138 1141 1141 2598 2598 2598 2618 2618
    2618 2618 2680 2744 2723 2723 2701 2701 2680 2680 2680 2680 2680
    2680 2680 2680 2680 2680 3433 3468 3468 3433 3433 3433 3468 3468
    1108 1108 1105 1101 1101 1101 1028 1019 1019 1022 1022 1025 1031
    1031 1031 1031 1031 1034 1038 1041 1041 1044 1044 1054 1054 1057
    1060 1067 1070 1070 1070 1073 1080 1080 1084 1084 1090 1097 1097
    1101 1105 1105 1108 1112 1115 1119 1123 1123 1126 1126 1134 1134
    1141 1141 1141 2618 2618 2598 2598 2639 2701 2723 2744 2723 2723
    2723 2701 2701 2680 2680 2680 2680 2680 2680 2680 2680 3399 3468
    3468 3433 3433 3433 3433 1094 1094 1094 1097 1094 1094 1101 1028
    1022 1022 1022 1022 1025 1028 1028 1028 1028 1031 1031 1034 1038
    1041 1044 1044 1054 1054 1057 1060 1063 1067 1067 1070 1073 1077
    1080 1080 1084 1090 1094 1097 1101 1105 1105 1108 1108 1112 1115
