<?xml version="1.0"?>
<opencv_storage>
<Depth12523 type_id="opencv-matrix">
  <rows>52</rows>
  <cols>41</cols>
  <dt>w</dt>
  <data>
    6753 6753 6622 6622 6753 6889 6622 2170 2170 2170 2156 2156 2156
    7030 6497 6497 6497 6622 6497 6497 6622 6497 6497 6497 6497 6497
    6497 6497 6497 6497 6497 6497 6497 6497 6622 6497 6497 6497 6497
    6497 6497 6753 6753 6622 6622 6622 2170 2170 2156 2156 2156 2156
    2156 2170 2170 6375 6375 6497 6622 6497 6497 6497 6497 6497 6497
    6497 6497 6497 6497 6497 6497 6497 6497 6497 6497 6622 6622 6622
    6497 6497 6497 6497 6889 6889 2170 2170 2170 2170 2170 2156 2156
    2156 2156 2156 2170 2170 6375 6375 6497 6622 6622 6622 6497 6497
    6497 6497 6497 6497 6497 6497 6497 6497 6497 6497 6497 6497 6497
    6622 6497 6497 6497 6497 6497 2184 2184 2184 2170 2170 2170 2156
    2143 2143 2143 2156 2156 2156 2156 6497 6497 6497 6622 6622 6497
    6497 6497 6497 6497 6497 6497 6497 6497 6497 6497 6375 6375 6497
    6497 6497 6497 6497 6497 6375 6375 6497 2170 2170 2170 2156 2156
    2170 2156 2143 2143 2143 2156 2156 2156 2143 2143 6497 6497 6622
    6622 6497 6497 6497 6497 6497 6497 6497 6497 6497 6497 6497 6375
    6375 6497 6497 6497 6497 6497 6375 6375 6375 6375 2170 2156 2156
    2156 2156 2156 2156 2143 2143 2143 2156 2156 2156 2143 2143 2143
    6753 6622 6622 6497 6497 6497 6497 6497 6497 6497 6497 6497 6497
    6497 6375 6375 6497 6497 6497 6497 6497 6375 6375 6375 6375 2170
    2156 2156 2156 2156 2156 2143 2143 2143 2143 2143 2143 2143 2156
    2143 2143 6753 6622 6622 6497 6497 6497 6622 6622 6497 6497 6497
    6497 6497 6497 6375 6375 6497 6497 6497 6497 6497 6375 6375 6375
    6497 2170 2156 2156 2143 2143 2143 2143 2143 2143 2143 2143 2143
    2143 2143 2143 2143 2156 6622 6622 6497 6497 6497 6622 6622 6497
    6497 6497 6497 6497 6497 6375 6375 6497 6497 6497 6497 6497 6497
    6497 6497 6375 2170 2143 2143 2143 2143 2143 2129 2129 2143 2143
    2143 2143 2143 2143 2129 2116 2116 2116 6497 6497 6497 6497 6497
    6497 6497 6497 6497 6497 6375 6375 6375 6375 6497 6497 6497 6497
    6497 6497 6497 6497 6375 2170 2143 2129 2129 2129 2129 2129 2129
    2129 2143 2143 2143 2143 2143 2129 2116 2116 2116 6497 6497 6497
    6497 6497 6497 6497 6497 6497 6497 6375 6375 6375 6375 6497 6497
    6497 6497 6497 6497 6497 6497 6375 2170 2143 2129 2129 2129 2129
    2129 2129 2129 2143 2143 2143 2143 2143 2129 2129 2129 2129 6622
    6622 6497 6497 6497 6497 6497 6497 6497 6497 6375 6375 6375 6375
    6497 6497 6497 6497 6497 6497 6497 6497 6375 2170 2170 2143 2129
    2129 2129 2129 2129 2129 2143 2143 2143 2143 2143 2129 2129 2129
    2116 2116 6622 6497 6497 6497 6497 6497 6497 6497 6497 6375 6375
    6375 6375 6497 6497 6497 6497 6497 6497 6497 6497 6375 2301 2286
    2156 2143 2129 2129 2129 2129 2129 2129 2129 2129 2129 2129 2129
    2129 2129 2116 2116 2116 6497 6497 6497 6497 6497 6497 6497 6497
    6497 6375 6375 6497 6497 6497 6497 6497 6497 6497 6497 6497 6497
    2301 2286 2184 2143 2129 2129 2129 2129 2129 2129 2129 2129 2129
    2129 2129 2129 2129 2129 2129 2129 6497 6375 6375 6497 6497 6497
    6497 6497 6497 6497 6497 6622 6497 6497 6497 6497 6497 6497 6497
    6497 6497 2286 2286 2286 2143 2129 2129 2129 2129 2129 2129 2129
    2129 2129 2129 2129 2129 2129 2129 2129 2129 2129 6375 6375 6497
    6497 6497 6497 6497 6497 6497 6497 6622 6622 6622 6497 6497 6497
    6497 6497 6497 6497 2301 2301 2286 2286 2129 2129 2129 2129 2129
    2129 2129 2129 2129 2129 2129 2129 2129 2116 2116 2129 2129 6375
    6375 6497 6497 6497 6497 6375 6375 6497 6497 6622 6622 6622 6622
    6497 6497 6497 6497 6497 6497 6622 2286 2286 2286 2129 2129 2129
    2129 2129 2129 2129 2129 2129 2129 2129 2129 2129 2116 2116 2129
    2116 2116 6497 6497 6497 6497 6497 6375 6375 6497 6497 6622 6622
    6622 6622 6497 6497 6497 6497 6497 6497 6497 2286 2286 2116 2116
    2129 2129 2129 2116 2116 2116 2116 2129 2129 2129 2129 2129 2116
    2116 2129 2116 2116 2116 6753 6497 6497 6497 6375 6375 6375 6375
    6622 6497 6497 6497 6497 6497 6497 6497 6497 6497 6497 2271 2271
    2116 2116 2129 2129 2129 2116 2116 2116 2116 2129 2129 2129 2129
    2116 2116 2116 2129 2116 2116 2116 2116 6375 6375 6375 6375 6375
    6375 6375 6622 6497 6497 6497 6497 6497 6497 6497 6497 6497 6753
    2271 2271 2286 2143 2129 2129 2129 2116 2116 2116 2116 2116 2116
    2116 2129 2116 2116 2116 2116 2116 2116 2116 2116 2116 6375 6375
    6497 6497 6497 6497 6622 6497 6497 6497 6497 6497 6497 6497 6497
    6497 6753 6889 7030 2271 2184 2129 2129 2129 2116 2116 2116 2116
    2116 2116 2116 2129 2116 2116 2116 2116 2116 2116 2116 2116 2116
    6497 6497 6497 6497 6497 6497 6622 6497 6497 6497 6497 6497 6497
    6497 6497 6497 6753 6753 6889 2271 2226 2143 2129 2129 2116 2116
    2116 2116 2116 2116 2116 2116 2116 2116 2116 2116 2116 2116 2116
    2116 2116 2116 6497 6497 6497 6497 6497 6622 6622 6497 6497 6497
    6497 6497 6497 6497 6497 6753 6753 6753 6889 2286 2286 2129 2129
    2116 2116 2116 2116 2116 2116 2116 2116 2116 2116 2116 2116 2116
    2116 2116 2116 2116 2116 2116 6622 6497 6497 6497 6497 6622 6497
    6497 6497 6497 6375 6375 6375 6375 6753 6753 6753 6753 6753 6753
    2129 2129 2116 2116 2116 2116 2116 2116 2116 2116 2116 2116 2116
    2116 2116 2116 2116 2116 2103 2103 2103 6622 6497 6497 6497 6497
    6497 6497 6497 6497 6497 6375 6259 6259 6259 6753 6753 6753 6753
    6753 6753 2129 2129 2116 2116 2116 2116 2116 2116 2116 2116 2103
    2103 2103 2103 2116 2116 2116 2116 2103 2103 2103 6622 6497 6497
    6497 6497 6497 6497 6497 6497 6497 6375 6259 6259 6259 6753 6753
    6753 6753 6753 6753 6497 2129 2129 2116 2116 2116 2116 2116 2116
    2116 2103 2103 2103 2103 2116 2116 2116 2116 2116 2116 2116 6889
    6497 6497 6497 6497 6497 6497 6497 6497 6497 6375 6259 6259 6259
    6622 6622 6622 6622 6497 6497 6497 2271 2129 2129 2129 2116 2116
    2116 2116 2116 2103 2103 2103 2103 2116 2116 2116 2116 2116 2116
    2116 2116 6497 6375 6375 6497 6497 6497 6497 6497 6497 6375 6259
    6259 6259 6622 6622 6622 6622 6497 6375 6375 2271 2271 2129 2129
    2116 2116 2116 2116 2116 2103 2103 2103 2116 2116 2116 2116 2116
    2116 2116 2116 2116 2116 6375 6375 6497 6497 6497 6497 6497 6375
    6259 6259 6259 6259 6622 6622 6622 6622 6497 6375 6375 2271 2271
    2156 2129 2116 2116 2103 2103 2103 2103 2116 2103 2103 2116 2116
    2116 2103 2103 2103 2103 2103 2103 6259 6259 6497 6497 6497 6497
    6375 6375 6259 6259 6259 6259 6622 6622 6622 6622 6622 6375 6375
    2286 2286 2256 2143 2129 2116 2103 2103 2103 2103 2103 2103 2103
    2103 2103 2116 2103 2103 2103 2103 2103 2103 6259 6259 6497 6497
    6497 6497 6375 6375 6375 6259 6259 5374 6622 6622 6622 6622 6622
    6622 6622 6622 2286 2241 2226 2143 2116 2103 2103 2103 2103 2103
    2090 2090 2103 2103 2116 2103 2103 2103 2103 2103 2103 6259 6259
    6497 6497 6497 6497 6375 6375 6375 6375 5374 5374 6753 6753 6753
    6753 6622 6622 6622 6622 2241 2241 2241 2143 2129 2103 2103 2103
    2103 2090 2090 2090 2103 2103 2116 2103 2103 2103 2090 2090 2090
    2103 6497 6497 6497 6375 6375 6259 6146 6146 5374 5291 5291 6753
    6753 6753 6753 6622 6622 6622 6497 6497 2241 2241 2226 2129 2116
    2103 2103 2103 2090 2090 2090 2103 2103 2103 2103 2090 2090 2090
    2090 2090 2090 2090 6497 6375 6259 6146 6038 5374 5374 5291 5291
    5291 6753 6753 6753 6753 6753 6622 6622 6497 6497 2241 2241 2226
    2212 2129 2103 2103 2103 2090 2090 2090 2090 2103 2103 2090 2090
    2090 2078 2078 2078 2090 2090 2103 6375 6259 5640 5460 5374 5374
    5291 5291 5291 6753 6889 6753 6622 6622 6622 6622 6497 6497 6497
    2241 2226 2226 2129 2103 2103 2090 2090 2090 2090 2090 2090 2090
    2090 2090 2078 2078 2078 2078 2090 2090 2090 2090 2090 5460 5374
    5374 5291 5291 5210 5210 6753 6753 6622 6622 6622 6622 6622 6497
    6375 6375 6375 2226 2226 2129 2090 2090 2090 2090 2090 2078 2078
    2078 2078 2078 2078 2078 2078 2078 2078 2090 2090 2090 2090 2090
    5374 5374 5374 5291 5291 5210 5210 6622 6622 6622 6622 6622 6622
