<?xml version="1.0"?>
<opencv_storage>
<Depth5096 type_id="opencv-matrix">
  <rows>58</rows>
  <cols>49</cols>
  <dt>w</dt>
  <data>
    4241 4190 4190 4190 4190 4190 4190 4190 4190 4190 4190 4190 4190
    4190 4190 4190 4190 4139 4139 4089 4089 4139 4139 4139 4139 4190
    4190 1894 1894 1894 1894 1904 1904 1904 1904 4190 4190 4139 4139
    4041 4041 4041 3994 3994 4041 4041 4041 4041 3037 4190 4190 4190
    4190 4190 4190 4190 4190 4190 4190 4190 4190 4190 4190 4139 4139
    4139 4139 4089 4089 4041 4041 4089 4139 4139 4139 1894 1894 1894
    1894 1894 1904 1904 1904 1904 1904 4139 4139 4139 4089 4041 4041
    3994 3994 4041 4041 4041 4041 3037 4190 4190 4190 4190 4190 4190
    4190 4190 4190 4190 4190 4190 4190 4190 1804 1804 4139 4139 1823
    1823 1843 1843 1853 1853 1873 1873 1883 1883 1883 1894 1894 1894
    1904 1904 1904 1904 4139 4139 4139 4089 4041 4041 3994 3994 3994
    4041 4041 4041 3037 4190 4190 4190 4190 4190 4190 4190 4190 4241
    4190 4190 1813 1813 1813 1804 1804 1823 1833 1823 1823 1843 1843
    1853 1853 1873 1873 1873 1883 1883 1894 1894 1894 1904 1915 1915
    1915 4139 4139 4139 4089 4089 4041 3994 3994 3994 4041 4041 4041
    4041 4190 4190 4190 4190 4190 4190 4190 4190 4241 4190 1794 1794
    1804 1813 1813 1813 1823 1833 1843 1843 1843 1843 1853 1853 1863
    1863 1873 1883 1883 1894 1894 1894 1904 1915 1915 1915 1915 4139
    4139 4139 4089 4089 4041 4041 4041 4041 4041 4041 4041 4190 4190
    4190 4190 4190 4139 4139 4190 1794 1794 1794 1794 1804 1813 1813
    1813 1823 1823 1833 1843 1843 1843 1853 1853 1853 1863 1863 1873
    1883 1883 1894 1894 1894 1904 1915 1926 1926 4139 4089 4089 4089
    4089 4041 4041 4041 4041 4041 4089 4041 4190 4190 4139 4139 4139
    1804 1804 1804 1794 1794 1794 1794 1804 1804 1813 1813 1823 1823
    1823 1833 1843 1843 1843 1853 1853 1853 1863 1863 1883 1883 1894
    1894 1894 1904 1915 1926 1926 4139 4041 4041 4089 4089 4041 4041
    4041 3994 3994 4041 4041 4190 4190 1843 1843 1833 1804 1804 1804
    1794 1794 1794 1794 1804 1804 1813 1813 1813 1813 1813 1823 1833
    1843 1843 1853 1853 1853 1863 1863 1883 1883 1894 1894 1894 1904
    1904 1915 1926 1926 4041 4041 4089 4089 4089 4041 3994 3994 3994
    4041 4041 1863 1853 1843 1843 1833 1813 1813 1804 1794 1794 1794
    1794 1804 1804 1804 1813 1813 1813 1813 1823 1823 1843 1843 1853
    1853 1853 1853 1863 1873 1883 1883 1894 1894 1904 1904 1915 1915
    1915 4041 4041 4089 4089 4089 4041 3994 3994 3994 4041 4041 1853
    1853 1843 1843 1833 1823 1813 1804 1794 1794 1794 1794 1794 1804
    1804 1804 1813 1813 1813 1813 1823 1843 1843 1853 1843 1843 1853
    1863 1873 1883 1883 1894 1894 1894 1894 1904 1915 1915 4089 4089
    4089 4089 4041 4041 4041 3994 3994 4041 4041 1853 1843 1843 1833
    1823 1813 1813 1804 1794 1794 1794 1794 1794 1804 1804 1804 1804
    1813 1813 1813 1823 1843 1843 1853 1843 1843 1853 1863 1863 1883
    1883 1883 1894 1894 1894 1904 1915 1915 1915 4089 4089 4089 4041
    4041 4041 3994 3994 4041 4041 1853 1843 1843 1833 1823 1813 1813
    1804 1804 1794 1794 1794 1794 1794 1804 1804 1804 1813 1813 1813
    1823 1833 1843 1843 1843 1843 1853 1853 1863 1883 1883 1883 1894
    1894 1894 1894 1904 1915 1915 4139 4089 4089 4089 4041 4041 4041
    4041 4041 4041 1853 1853 1843 1833 1823 1813 1813 1804 1804 1794
    1794 1794 1794 1794 1804 1804 1804 1813 1813 1813 1823 1833 1843
    1843 1843 1843 1853 1853 1863 1883 1883 1883 1883 1894 1894 1894
    1894 1904 1904 4139 4089 4089 4089 4089 4041 4041 4041 4041 4041
    1853 1853 1843 1833 1823 1813 1813 1804 1804 1794 1785 1785 1785
    1794 1804 1804 1804 1813 1813 1813 1813 1823 1843 1843 1843 1843
    1853 1853 1863 1873 1883 1883 1883 1883 1883 1894 1894 1894 1904
    4190 4139 4139 4089 4041 4041 4041 4041 4041 4041 1863 1863 1853
    1833 1833 1823 1813 1804 1804 1794 1785 1785 1785 1794 1794 1804
    1804 1804 1813 1813 1813 1813 1833 1843 1843 1843 1843 1853 1863
    1873 1873 1873 1883 1883 1883 1894 1894 1894 1904 1904 4139 4139
    4089 4041 4041 4041 4041 4041 4041 1873 1863 1853 1833 1833 1823
    1813 1813 1804 1794 1785 1785 1785 1794 1794 1804 1804 1804 1813
    1813 1813 1813 1833 1843 1843 1843 1843 1853 1863 1863 1873 1873
    1883 1883 1883 1894 1894 1894 1904 1904 4139 4139 4089 4089 4041
    4041 3994 3994 4041 1873 1853 1843 1843 1843 1833 1823 1813 1804
    1794 1785 1785 1785 1785 1785 1794 1804 1804 1804 1813 1813 1813
    1823 1833 1833 1843 1843 1853 1853 1863 1873 1873 1883 1883 1883
    1894 1894 1894 1904 1904 4190 4139 4089 4089 4041 4041 3994 3994
    4041 4139 1853 1843 1843 1843 1833 1823 1813 1804 1794 1785 1785
    1785 1785 1785 1794 1794 1804 1804 1813 1813 1813 1823 1833 1833
    1843 1843 1853 1853 1853 1863 1873 1883 1883 1883 1894 1894 1894
    1894 1904 1904 4139 4089 4089 4041 4041 3994 3994 4041 4139 1843
    1843 1843 1843 1843 1823 1813 1804 1794 1794 1785 1785 1785 1785
    1794 1794 1804 1804 1804 1813 1813 1823 1833 1833 1843 1843 1843
    1853 1853 1863 1863 1873 1883 1883 1883 1894 1894 1894 1904 1904
    4139 4089 4089 4041 4041 3994 3994 4041 4190 1843 1843 1843 1843
    1843 1823 1813 1804 1794 1794 1785 1785 1785 1785 1785 1794 1804
    1804 1804 1813 1813 1813 1823 1833 1843 1843 1843 1843 1853 1853
    1863 1873 1873 1883 1883 1894 1894 1894 1894 1904 4190 4089 4089
    4041 4041 4041 4041 4041 4190 4190 1843 1843 1843 1843 1823 1813
    1804 1804 1794 1785 1785 1776 1776 1776 1785 1794 1804 1804 1804
    1813 1813 1813 1813 1823 1843 1843 1843 1853 1853 1863 1863 1873
    1883 1883 1883 1894 1894 1894 1894 1894 4089 4089 4089 4041 4041
    4041 4041 4139 4139 1853 1843 1843 1843 1823 1813 1813 1804 1804
    1785 1785 1776 1776 1776 1776 1794 1794 1804 1804 1813 1813 1813
    1813 1823 1833 1843 1843 1843 1853 1853 1863 1863 1873 1883 1883
    1894 1894 1894 1894 1904 4089 4089 4089 4041 4041 4041 4041 4139
    4139 1853 1853 1853 1843 1833 1823 1813 1804 1804 1794 1785 1776
    1776 1776 1776 1785 1794 1794 1804 1813 1813 1813 1813 1823 1833
    1843 1843 1843 1843 1853 1863 1863 1873 1883 1883 1883 1894 1894
    1894 1904 1904 4089 4089 4041 4041 4041 3994 4139 4089 4089 1853
    1853 1843 1833 1823 1813 1804 1804 1794 1785 1776 1776 1776 1776
    1785 1785 1794 1804 1804 1813 1813 1813 1823 1833 1843 1843 1843
    1843 1853 1863 1873 1873 1873 1883 1883 1894 1894 1894 1883 1883
    4041 4041 4041 4041 3994 3994 4139 4089 4089 1853 1853 1843 1833
    1823 1813 1804 1804 1794 1785 1776 1776 1776 1776 1785 1785 1794
    1804 1804 1804 1813 1813 1823 1833 1833 1843 1843 1843 1843 1853
    1863 1863 1873 1873 1883 1883 1883 1883 1883 1883 4041 4041 4041
    4041 3994 3994 4139 4139 4139 1853 1853 1853 1843 1823 1813 1804
    1804 1794 1776 1776 1776 1776 1776 1785 1785 1794 1794 1804 1804
    1813 1813 1813 1823 1833 1843 1843 1843 1843 1853 1853 1863 1873
    1873 1873 1883 1883 1883 1883 1883 4139 4089 4089 4041 4041 3994
    4139 4139 4089 4089 1863 1853 1843 1823 1813 1804 1804 1785 1776
    1776 1766 1766 1776 1776 1785 1794 1794 1804 1804 1813 1813 1813
    1823 1833 1833 1843 1843 1843 1853 1853 1853 1863 1863 1863 1873
    1873 1883 1883 1883 4089 4041 4041 4041 4041 4041 4139 4139 4089
    4089 4089 1853 1843 1833 1823 1804 1804 1785 1776 1776 1766 1766
    1776 1776 1785 1794 1794 1804 1804 1813 1813 1813 1813 1823 1833
    1843 1843 1843 1843 1853 1853 1863 1863 1863 1873 1873 1883 1894
    1894 4089 4041 4041 4041 4041 4041 4139 4139 4139 4139 4139 1843
    1843 1833 1823 1813 1804 1794 1776 1776 1766 1766 1776 1776 1785
    1785 1794 1804 1804 1804 1813 1813 1813 1813 1823 1833 1843 1843
    1843 1843 1853 1863 1863 1863 1863 1873 1883 1883 1894 1894 4041
    4041 4041 4041 4041 4190 4190 4139 4139 4139 1843 1843 1843 1833
    1823 1804 1804 1785 1776 1776 1776 1776 1776 1776 1785 1794 1794
    1804 1804 1813 1813 1813 1813 1823 1833 1833 1843 1843 1843 1853
    1863 1863 1863 1863 1873 1883 1883 1894 1894 4041 4041 4041 4041
    4041 4190 4190 4139 4139 4139 1843 1843 1843 1833 1823 1813 1804
