<?xml version="1.0"?>
<opencv_storage>
<Depth0815 type_id="opencv-matrix">
  <rows>35</rows>
  <cols>51</cols>
  <dt>w</dt>
  <data>
    4295 4295 2090 2090 2103 2103 2103 2090 2090 2090 2090 2090 2090
    2078 2078 2065 2065 2065 2078 2078 2078 4405 4405 4405 4405 4405
    4405 4405 4463 4405 4405 4405 4405 4405 4405 4349 4349 4349 4405
    4405 4405 4405 4349 4349 4405 4349 4349 4405 4405 4405 4349 4295
    4295 2090 2090 2090 2090 2090 2090 2078 2078 2090 2090 2090 2078
    2078 2065 2065 2065 2078 2078 2078 2078 2065 2065 2065 2053 2053
    2053 4463 4463 4405 4405 4405 4405 4405 4405 4405 4405 4405 4405
    4405 4405 4349 4349 4349 4349 4349 4405 4405 4405 4349 4349 4349
    2090 2090 2090 2090 2090 2090 2078 2078 2078 2078 2078 2078 2078
    2078 2078 2078 2078 2078 2078 2078 2065 2065 2065 2053 2053 2053
    2065 2065 2078 2078 2078 2078 2078 2078 2078 2065 2065 4405 4405
    4405 4349 4349 4349 4349 4349 4405 4405 4405 4349 4463 4463 2090
    2090 2090 2090 2078 2078 2078 2078 2078 2078 2078 2078 2078 2078
    2078 2078 2078 2078 2078 2078 2078 2078 2065 2065 2065 2065 2065
    2065 2078 2078 2078 2078 2078 2078 2078 2065 2065 2065 2065 2065
    2065 2065 2065 2065 2065 2065 4405 4405 4405 4405 4405 2078 2078
    2090 2078 2078 2078 2078 2078 2078 2078 2078 2078 2078 2078 2078
    2078 2078 2078 2078 2078 2078 2065 2065 2078 2078 2078 2078 2078
    2078 2078 2078 2078 2078 2065 2065 2065 2065 2065 2065 2065 2065
    2065 2065 2065 2065 2053 2053 4405 4405 4405 4405 2078 2078 2090
    2078 2078 2078 2078 2078 2078 2078 2078 2078 2078 2078 2078 2065
    2065 2078 2078 2065 2065 2065 2065 2078 2078 2078 2078 2078 2078
    2078 2078 2078 2078 2065 2065 2065 2065 2065 2065 2065 2065 2065
    2065 2065 2065 2053 2053 2053 4405 4463 4463 2078 2078 2090 2090
    2078 2078 2078 2078 2078 2078 2065 2065 2078 2078 2078 2065 2065
    2065 2065 2065 2065 2065 2065 2078 2078 2078 2078 2078 2078 2078
    2078 2065 2065 2065 2065 2065 2065 2065 2065 2065 2065 2065 2065
    2065 2065 2065 2053 2053 2053 4463 2090 2078 2078 2078 2078 2078
    2078 2078 2078 2078 2078 2065 2065 2078 2078 2078 2065 2065 2065
    2065 2065 2065 2078 2078 2078 2078 2078 2078 2078 2065 2065 2065
    2065 2065 2065 2065 2065 2065 2065 2065 2065 2065 2065 2065 2065
    2065 2065 2053 2053 2053 4463 2078 2078 2078 2078 2078 2078 2078
    2078 2078 2078 2065 2065 2065 2065 2078 2078 2078 2078 2065 2065
    2078 2078 2078 2078 2078 2078 2078 2065 2065 2065 2065 2065 2065
    2065 2065 2065 2065 2065 2065 2065 2065 2065 2065 2065 2065 2065
    2065 2053 2053 4405 4522 2078 2078 2078 2078 2078 2078 2078 2078
    2078 2078 2065 2065 2065 2065 2065 2078 2078 2078 2078 2078 2078
    2078 2078 2078 2065 2065 2065 2065 2065 2065 2065 2065 2065 2065
    2065 2065 2065 2065 2065 2065 2065 2065 2065 2065 2065 2065 2065
    2065 2065 4405 4582 2090 2078 2078 2078 2078 2078 2078 2078 2078
    2078 2078 2065 2065 2065 2065 2078 2078 2078 2078 2078 2078 2065
    2065 2065 2065 2065 2065 2065 2065 2065 2065 2065 2065 2065 2065
    2065 2065 2065 2065 2065 2065 2065 2065 2065 2065 2065 2065 2065
    2065 4463 2116 2090 2090 2078 2078 2078 2078 2078 2065 2065 2065
    2078 2065 2065 2065 2065 2078 2078 2078 2078 2065 2065 2065 2065
    2065 2065 2065 2065 2065 2065 2065 2065 2065 2065 2065 2065 2065
    2065 2065 2065 2065 2065 2065 2065 2065 2065 2065 2065 2065 2065
    4463 2116 2090 2078 2078 2078 2078 2078 2065 2065 2065 2065 2078
    2065 2065 2065 2065 2065 2078 2078 2078 2065 2065 2065 2065 2065
    2065 2065 2065 2065 2065 2065 2065 2065 2065 2065 2065 2065 2065
    2065 2065 2065 2065 2065 2065 2053 2053 2053 2053 2065 2065 4405
    2116 2090 2078 2078 2078 2078 2078 2065 2065 2078 2065 2065 2078
    2065 2065 2065 2065 2078 2078 2078 2065 2065 2065 2065 2065 2065
    2065 2065 2065 2065 2065 2065 2053 2053 2065 2065 2065 2065 2065
    2065 2065 2065 2065 2065 2053 2053 2053 2053 2065 2065 4405 2078
    2078 2078 2078 2078 2065 2065 2065 2065 2065 2065 2065 2065 2065
    2065 2065 2065 2065 2065 2065 2065 2065 2065 2065 2065 2065 2065
    2065 2065 2065 2065 2065 2053 2053 2065 2065 2065 2065 2065 2065
    2065 2065 2065 2053 2053 2053 2053 2053 2053 2053 2053 2078 2078
    2078 2078 2078 2065 2065 2065 2065 2065 2065 2065 2065 2065 2065
    2065 2065 2065 2065 2065 2065 2065 2065 2065 2065 2065 2065 2065
    2065 2065 2065 2065 2065 2065 2065 2065 2065 2065 2065 2065 2065
    2065 2065 2053 2053 2053 2053 2053 2053 2053 2078 2078 2078 2078
    2078 2078 2065 2065 2065 2065 2065 2065 2065 2065 2065 2065 2065
    2065 2065 2065 2065 2065 2065 2065 2065 2065 2065 2065 2065 2065
    2065 2065 2065 2065 2065 2065 2065 2065 2065 2065 2065 2065 2065
    2065 2053 2053 2053 2053 2065 2065 2065 2078 2065 2065 2065 2065
    2065 2065 2065 2065 2065 2065 2065 2065 2065 2065 2065 2065 2065
    2065 2065 2065 2065 2065 2065 2065 2065 2065 2065 2065 2065 2065
    2065 2065 2065 2065 2065 2065 2065 2065 2065 2065 2065 2065 2053
    2053 2053 2053 2053 2065 2065 2065 0 2065 2065 2065 2065 2065 2065
    2065 2065 2065 2065 2065 2065 2065 2065 2065 2065 2065 2065 2065
    2065 2065 2065 2065 2065 2065 2065 2065 2065 2065 2065 2065 2065
    2065 2065 2065 2065 2065 2065 2065 2065 2065 2065 2053 2053 2053
    2053 2053 2065 2065 0 2065 2065 2065 2065 2065 2065 2065 2065 2065
    2065 2065 2065 2065 2065 2065 2065 2065 2065 2065 2065 2065 2065
    2065 2065 2065 2065 2065 2065 2053 2053 2053 2053 2053 2053 2065
    2065 2065 2065 2065 2065 2065 2053 2053 2053 2053 2053 2053 2053
    2053 2065 0 0 2065 2065 2065 2065 2065 2065 2065 2065 2065 2065 2065
    2065 2065 2065 2065 2065 2065 2065 2065 2065 2065 2065 2065 2065
    2065 2053 2053 2053 2053 2053 2053 2053 2053 2065 2065 2065 2065
    2065 2065 2065 2053 2053 2053 2053 2053 2053 2053 2053 2053 0 0 2065
    2065 2065 2078 2065 2065 2065 2065 2065 2065 2065 2065 2065 2065
    2065 2065 2053 2053 2065 2065 2065 2065 2053 2053 2053 2053 2053
    2053 2040 2040 2053 2053 2053 2053 2053 2053 2053 2065 2065 2065
    2053 2053 2053 2053 2053 2053 2053 2053 2053 0 0 2078 2078 2078 2065
    2065 2065 2065 2065 2065 2065 2065 2065 2065 2065 2065 2065 2053
    2053 2065 2065 2065 2065 2053 2053 2053 2053 2053 2053 2040 2040
    2053 2053 2053 2053 2053 2053 2053 2053 2065 2065 2065 2065 2053
    2053 2053 2053 2053 2053 2053 0 0 2078 2078 2078 2065 2065 2065 2065
    2065 2065 2065 2065 2065 2065 2065 2065 2065 2065 2065 2065 2065
    2065 2065 2065 2065 2065 2053 2053 2053 2053 2053 2053 2053 2053
    2053 2053 2053 2053 2053 2053 2053 2053 2053 2040 2040 2040 2040
    2053 2053 2065 0 2078 2078 2078 2078 2078 2078 2065 2065 2065 2065
    2065 2065 2065 2065 2065 2065 2065 2065 2065 2065 2065 2065 2065
    2065 2065 2065 2065 2053 2053 2053 2053 2053 2053 2040 2040 2040
    2053 2053 2053 2053 2053 2053 2053 2040 2040 2040 2040 2053 2053
    2065 0 0 2078 2078 2078 2078 2065 2065 2065 2065 2065 2065 2065 2065
    2065 2065 2065 2065 2065 2065 2065 2065 2065 2065 2065 2065 2065
    2065 2053 2053 2053 2053 2053 2053 2040 2040 2040 2053 2053 2053
    2053 2053 2053 2053 2040 2040 2040 2040 2053 2053 2053 0 0 2078 2065
    2065 2078 2065 2065 2065 2065 2065 2065 2065 2065 2053 2053 2053
    2065 2065 2065 2065 2053 2053 2065 2065 2065 2053 2053 2053 2053
    2053 2053 2053 2053 2053 2053 2053 2053 2053 2053 2053 2053 2053
    2040 2040 2040 2040 2040 2040 2053 2053 0 4463 2065 2065 2065 2065
    2065 2065 2065 2065 2065 2065 2053 2053 2053 2053 2053 2053 2053
    2065 2065 2053 2053 2065 2065 2053 2053 2040 2040 2040 2053 2053
    2053 2053 2053 2065 2065 2053 2053 2053 2053 2053 2053 2040 2040
    2040 2040 2040 2040 2040 4522 4463 4463 2065 2065 2078 2065 2065
    2065 2065 2065 2065 2065 2053 2053 2053 2053 2053 2053 2053 2053
    2053 2053 2053 2053 2065 2053 2053 2040 2040 2040 2053 2053 2040
    2040 2053 2053 2053 2053 2053 2053 2053 2053 2053 2053 2040 2040
    2040 2040 2040 2040 4522 4463 4463 2078 2078 2078 2078 2078 2065
