<?xml version="1.0"?>
<opencv_storage>
<Depth11339 type_id="opencv-matrix">
  <rows>94</rows>
  <cols>32</cols>
  <dt>w</dt>
  <data>
    0 0 0 1283 1283 1283 1349 1349 1349 1343 1343 1343 1328 1328 1328
    1328 1264 1264 1259 1259 1259 0 0 0 0 0 0 0 0 0 5548 5374 1283 1283
    1283 1283 1283 1283 1349 1349 1343 1328 1328 1328 1328 1328 1328
    1328 1264 1264 1259 1255 1255 1283 0 0 0 0 0 0 0 0 5460 5460 1264
    1273 1273 1273 1273 1273 1283 1292 1317 1317 1322 1322 1322 1322
    1322 1268 1259 1259 1259 1255 1255 1264 0 0 0 0 0 0 0 0 5460 5460 0
    1264 1264 1264 1264 1264 1264 1278 1278 1268 1268 1278 1273 1268
    1264 1264 1259 1255 1255 1255 1255 1255 1255 0 0 0 0 0 0 0 5548 5460
    1264 1264 1264 1259 1259 1259 1264 1264 1264 1259 1259 1264 1264
    1264 1259 1259 1255 1255 1250 1250 1250 1250 1250 0 0 0 0 0 0 0 5548
    5460 1259 1259 1259 1259 1259 1259 1255 1255 1259 1259 1259 1264
    1255 1255 1255 1255 1255 1255 1250 1250 1250 1250 1250 1250 0 0 0 0
    0 0 5548 5460 1259 1259 1255 1255 1255 1255 1255 1255 1259 1259 1259
    1259 1255 1250 1250 1250 1250 1250 1250 1250 1250 1250 1250 1250 0 0
    0 0 0 0 5548 5460 1259 1259 1255 1255 1255 1255 1255 1255 1259 1259
    1259 1259 1255 1250 1250 1250 1250 1250 1250 1250 1250 1250 1250
    1250 0 0 0 0 0 0 5548 5460 1255 1259 1255 1255 1259 1259 1259 1259
    1259 1259 1259 1259 1255 1255 1255 1250 1250 1250 1250 1250 1255
    1250 1250 1250 0 0 0 0 0 0 5548 5460 1255 1255 1255 1255 1255 1255
    1255 1255 1259 1259 1259 1259 1259 1259 1255 1255 1250 1250 1250
    1250 1255 1255 1255 1259 0 0 0 0 0 0 5548 5460 1255 1255 1255 1255
    1255 1255 1255 1255 1259 1259 1259 1259 1259 1259 1255 1250 1250
    1250 1250 1250 1255 1255 1255 1259 0 0 0 0 0 0 5460 5460 1255 1255
    1255 1255 1255 1255 1255 1255 1259 1259 1259 1259 1259 1255 1255
    1250 1250 1250 1250 1250 1255 1255 1259 1264 0 0 0 0 0 0 5460 5460
    1259 1255 1255 1255 1250 1250 1255 1255 1259 1259 1259 1259 1259
    1255 1255 1255 1255 1250 1250 1255 1255 1255 1255 1255 0 0 0 0 0 0
    5548 5548 1259 1255 1255 1255 1250 1250 1250 1250 1259 1259 1259
    1255 1255 1255 1255 1255 1255 1250 1250 1255 1255 1255 1255 1250
    1250 0 0 0 0 0 5548 5548 1259 1255 1255 1255 1250 1250 1250 1250
    1259 1259 1259 1255 1255 1255 1255 1255 1255 1255 1255 1255 1255
    1255 1255 1250 1250 0 0 0 0 0 5548 5548 1259 1255 1255 1255 1255
    1255 1255 1255 1259 1259 1259 1259 1255 1255 1259 1259 1255 1255
    1255 1255 1255 1255 1255 1259 1268 0 0 0 0 0 5548 5548 1259 1259
    1259 1255 1255 1255 1255 1255 1259 1259 1259 1259 1255 1255 1259
    1259 1255 1255 1255 1255 1255 1255 1259 1264 1264 0 0 0 0 0 0 5548
    1259 1259 1259 1259 1259 1259 1255 1255 1259 1259 1259 1259 1255
    1255 1255 1255 1255 1255 1255 1255 1255 1259 1259 1264 1264 0 0 0 0
    0 0 5548 1259 1259 1259 1259 1259 1259 1255 1255 1259 1259 1259 1259
    1259 1259 1255 1255 1255 1255 1255 1255 1255 1255 1255 1259 1259 0 0
    0 0 0 0 5640 1259 1259 1259 1259 1259 1259 1259 1259 1259 1259 1259
    1259 1259 1259 1259 1259 1255 1255 1255 1255 1255 1255 1255 1259
    1259 0 0 0 0 0 0 0 1264 1259 1259 1259 1259 1259 1259 1259 1259 1264
    1259 1259 1259 1259 1259 1259 1259 1255 1255 1255 1255 1255 1255
    1255 1255 0 0 0 0 0 0 0 1264 1259 1259 1259 1259 1259 1259 1259 1264
    1264 1259 1259 1259 1264 1259 1259 1259 1259 1255 1255 1255 1255
    1255 1255 1255 0 0 0 0 0 0 0 1264 1264 1259 1259 1259 1259 1259 1259
    1264 1264 1264 1259 1259 1259 1259 1259 1259 1259 1255 1255 1255
    1255 1255 1259 1259 0 0 0 0 0 0 0 1264 1264 1259 1259 1259 1259 1259
    1259 1264 1264 1264 1259 1259 1259 1259 1259 1259 1259 1259 1259
    1259 1259 1259 1264 1264 0 0 0 0 0 0 0 1264 1259 1259 1259 1259 1259
    1259 1259 1264 1264 1264 1259 1259 1259 1259 1259 1259 1259 1259
    1259 1259 1259 1259 1264 1264 0 0 0 0 0 0 0 1264 1259 1259 1259 1259
    1259 1259 1259 1264 1264 1264 1259 1259 1259 1259 1259 1259 1259
    1259 1259 1259 1259 1264 1264 1268 0 0 0 0 0 0 0 1259 1259 1259 1259
    1259 1259 1259 1259 1264 1264 1259 1259 1259 1259 1259 1259 1259
    1259 1259 1259 1264 1264 1264 1264 1268 0 0 0 0 0 0 0 1259 1259 1259
    1259 1259 1259 1259 1259 1259 1259 1259 1259 1259 1259 1259 1259
    1259 1259 1259 1259 1259 1264 1264 1264 1264 0 0 0 0 0 0 5548 1259
    1259 1259 1259 1259 1259 1259 1259 1259 1259 1259 1259 1259 1255
    1255 1259 1259 1259 1259 1259 1259 1259 1259 1264 1264 0 0 0 0 0 0
    5548 1259 1259 1259 1259 1259 1259 1259 1259 1259 1259 1259 1259
    1259 1255 1255 1259 1259 1259 1259 1259 1259 1259 1259 1259 1264 0 0
    0 0 0 0 5832 0 1259 1259 1259 1259 1259 1259 1259 1264 1264 1259
    1259 1264 1264 1264 1264 1264 1264 1259 1259 1259 1255 1255 1259
    1259 0 0 0 0 0 0 5832 0 1259 1259 1259 1259 1259 1259 1259 1264 1264
    1259 1259 1264 1264 1264 1264 1264 1264 1259 1259 1259 1255 1255
    1259 1259 1259 0 0 0 0 0 5832 0 1264 1259 1259 1259 1259 1259 1259
    1264 1264 1264 1264 1264 1264 1264 1264 1264 1264 1259 1259 1259
    1255 1255 1259 1259 1259 0 0 0 0 0 0 0 1264 1259 1259 1259 1259 1259
    1259 1264 1264 1264 1264 1264 1264 1264 1264 1264 1264 1259 1259
    1259 1255 1255 1259 1264 1268 0 0 0 0 0 0 0 1259 1259 1259 1259 1259
    1259 1259 1264 1264 1264 1264 1264 1264 1264 1264 1264 1264 1259
    1259 1259 1259 1259 1264 1264 1264 0 0 0 0 5056 5056 0 1259 1259
    1259 1259 1259 1259 1259 1264 1264 1264 1264 1264 1264 1264 1264
    1264 1259 1259 1259 1259 1259 1259 1264 1264 1264 0 0 0 0 5056 5056
    0 1259 1259 1259 1259 1259 1259 1259 1264 1264 1264 1264 1264 1264
    1264 1264 1264 1259 1259 1259 1259 1259 1259 1264 1264 1264 0 0 0 0
    4911 4911 0 1259 1259 1259 1259 1259 1259 1259 1264 1264 1264 1264
    1264 1264 1264 1264 1264 1259 1259 1264 1264 1264 1264 1264 1264
    1264 0 0 0 0 4911 4911 0 1259 1259 1259 1264 1264 1264 1264 1264
    1264 1259 1259 1264 1264 1264 1264 1264 1264 1264 1264 1264 1264
    1264 1264 1264 1264 0 0 0 0 0 0 0 1264 1264 1264 1264 1264 1264 1264
    1264 1264 1259 1259 1264 1264 1264 1264 1264 1264 1264 1264 1264
    1264 1264 1264 1264 1268 0 0 0 0 0 0 0 1264 1264 1264 1264 1264 1264
    1264 1264 1264 1264 1264 1264 1264 1264 1264 1264 1264 1264 1264
    1264 1264 1264 1264 1264 0 0 0 0 0 0 0 0 1268 1264 1264 1264 1264
    1264 1264 1264 1264 1264 1264 1264 1264 1264 1264 1264 1264 1264
    1264 1264 1264 1264 1264 1264 0 0 0 0 0 0 0 0 1268 1264 1264 1264
    1264 1264 1264 1264 1264 1264 1264 1264 1264 1264 1264 1264 1264
    1264 1264 1264 1264 1264 1264 1264 0 0 0 0 0 0 0 0 1268 1264 1264
    1264 1264 1264 1264 1264 1264 1264 1264 1264 1264 1264 1264 1264
    1264 1264 1264 1264 1264 1264 1264 1264 0 0 0 0 0 0 0 0 0 1259 1259
    1264 1264 1264 1264 1264 1264 1264 1264 1264 1264 1264 1264 1264
    1264 1264 1264 1264 1259 1259 1264 1264 0 0 0 0 0 0 0 0 0 1259 1259
    1264 1264 1264 1264 1264 1264 1264 1264 1264 1264 1264 1264 1264
    1264 1264 1259 1259 1259 1259 1264 1264 1264 0 0 0 0 0 0 0 1259 1259
    1259 1264 1264 1264 1264 1264 1264 1264 1264 1264 1264 1264 1264
    1264 1264 1264 1259 1259 1259 1259 1264 1264 1264 0 0 0 0 0 0 0 1259
    1259 1259 1264 1259 1259 1264 1264 1264 1264 1264 1264 1264 1264
    1264 1264 1264 1264 1259 1259 1259 1259 1259 1264 0 0 0 0 0 0 0 0
    1259 1259 1264 1264 1259 1259 1264 1264 1264 1264 1268 1268 1264
    1264 1264 1264 1264 1264 1259 1259 1259 1259 1259 1264 1268 0 0 0 0
    0 0 0 0 1264 1264 1264 1264 1264 1268 1264 1264 1264 1264 1268 1268
    1264 1264 1264 1264 1264 1264 1264 1259 1259 1259 1264 1268 0 0 0 0
    0 0 0 0 1264 1264 1264 1264 1264 1268 1264 1264 1264 1264 1268 1268
    1264 1264 1264 1264 1264 1264 1264 1264 1264 1264 1264 1268 0 0 0
    3333 3333 3333 0 0 1268 1264 1264 1264 1264 1268 1264 1264 1264 1264
    1268 1268 1268 1264 1264 1264 1264 1264 1264 1264 1264 1264 1264
    1264 0 0 0 3333 3333 3333 0 0 1268 1264 1264 1264 1264 1268 1264
    1264 1264 1264 1268 1264 1264 1264 1264 1264 1264 1264 1264 1264
