<?xml version="1.0"?>
<opencv_storage>
<Depth15867 type_id="opencv-matrix">
  <rows>152</rows>
  <cols>73</cols>
  <dt>w</dt>
  <data>
    7030 7030 7030 7030 6889 6889 6889 6889 6889 6889 6889 6889 6889
    6889 7030 7030 7030 7030 6889 6889 7030 7030 7030 7030 6889 6889
    6889 6889 6889 6889 6889 6889 6889 6889 6889 6889 6889 6889 6889
    6889 6889 6753 6753 6753 6753 6889 6889 6889 6889 6889 6889 6889
    6889 6889 6889 713 711 707 707 708 708 708 6753 6753 6753 6753 6753
    0 0 0 0 6622 6622 6889 6889 7030 7030 6889 6889 6889 6889 6889 6889
    6889 6889 6889 6889 7030 7030 7030 7030 7030 7030 7030 7030 7030
    7030 6889 6889 6889 6889 6889 6889 6889 6889 6889 6889 6889 6889
    6889 6889 6889 6889 6889 6889 7030 7030 6889 6889 6889 6889 6889
    6889 6889 6889 6889 6889 6753 713 711 707 707 707 707 708 6753 6753
    6753 0 0 0 0 0 0 0 6622 6889 6889 7030 7030 7030 6889 6889 7030 6889
    6889 6889 6889 6889 6889 7030 7030 7030 7030 7030 7030 6889 6889
    6889 6889 6889 6889 6889 6889 6889 6889 6889 6889 6889 6889 6889
    6889 6889 6889 6889 6889 6889 6889 7178 7178 7030 6889 6889 6889
    6889 6889 6889 6889 6889 6753 6753 713 711 707 707 706 706 706 706
    706 706 707 707 0 0 0 0 0 6622 6889 6889 7030 7030 7030 7030 6889
    6889 6889 6889 6889 6889 6889 6889 7030 7030 7030 7030 7030 7030
    6889 6889 6889 6889 6889 6889 6889 6889 6889 6889 6889 6889 6889
    6889 6889 6889 7030 7030 7030 6889 6889 6889 678 7178 7178 7030 687
    684 684 690 690 690 691 693 6753 713 711 711 704 704 704 704 704 706
    706 707 707 0 0 0 0 0 0 6889 6889 7030 6889 6889 6889 6889 6889 6889
    6889 6889 6889 6889 6889 7030 7030 746 746 7030 7030 7030 7030 6889
    6889 6889 6889 7030 6889 6889 6889 6889 6889 6889 6889 6889 6889
    7030 675 675 676 678 678 678 678 679 682 682 683 684 687 688 688 690
    690 693 694 697 697 700 701 703 703 704 704 704 704 704 706 706 0 0
    0 0 6889 6889 6889 6889 6889 6889 6889 6889 6889 6889 6889 7030 7030
    7030 746 746 746 746 744 742 742 742 6889 722 711 710 710 7030 7030
    7030 686 676 675 672 671 671 672 674 675 676 676 676 678 678 679 682
    682 683 684 686 687 688 688 690 693 693 697 697 700 700 701 703 704
    704 704 704 704 706 706 0 0 0 0 6889 6889 6889 6889 6889 6889 6889
    6889 6889 6889 6889 6889 790 789 789 789 746 746 742 741 738 731 727
    722 711 710 710 710 686 686 683 676 675 672 671 671 672 674 675 676
    676 676 678 678 679 682 682 683 684 686 687 688 688 690 693 693 696
    696 698 700 701 703 704 704 706 706 706 707 707 0 0 0 0 6889 6889
    6889 869 869 869 835 6889 6889 6889 6889 792 790 789 789 789 767 742
    742 741 738 731 727 723 720 710 710 710 686 686 683 678 675 672 672
    672 672 674 675 676 676 676 678 678 679 682 682 683 684 687 688 688
    688 691 691 693 694 696 697 700 701 703 704 704 706 706 706 707 707
    0 0 0 0 875 869 869 869 869 869 835 829 821 805 792 792 790 785 778
    771 767 762 744 742 739 731 728 725 720 710 706 706 706 684 683 678
    676 674 672 672 674 674 675 675 676 678 678 679 680 682 683 683 686
    687 688 688 688 691 691 693 694 696 697 700 701 703 704 704 706 706
    706 707 707 0 0 0 0 875 873 869 851 847 839 835 829 821 805 802 792
    789 785 778 771 767 757 747 742 739 731 728 723 720 710 706 706 706
    684 683 678 675 674 674 674 674 674 675 675 676 678 679 680 682 683
    683 684 684 687 687 688 690 691 693 693 694 694 697 700 701 704 704
    704 706 706 706 708 708 0 0 0 0 875 873 869 851 847 837 833 829 821
    805 802 794 789 783 778 773 767 757 750 744 739 731 728 723 720 710
    704 704 704 684 683 678 675 674 674 674 674 674 675 676 676 678 680
    682 682 683 683 684 684 687 687 688 690 691 693 694 694 694 696 700
    700 703 704 704 706 706 706 708 708 0 0 0 0 875 873 871 851 847 837
    833 829 823 817 803 798 789 783 778 774 769 759 750 742 739 736 730
    723 720 711 704 701 697 693 683 678 675 672 672 672 672 674 675 676
    678 678 680 682 682 682 684 683 683 687 687 688 690 691 693 694 694
    696 696 698 700 703 704 704 706 707 708 710 710 0 0 0 0 875 873 871
    864 849 839 833 827 821 817 803 798 789 783 778 774 769 759 752 742
    739 736 733 725 722 710 704 701 697 693 683 678 675 672 672 672 672
    674 675 676 678 678 680 680 682 682 683 683 683 687 687 688 690 693
    693 694 694 694 697 698 700 703 704 704 706 706 707 710 710 0 0 0 0
    871 873 869 851 849 847 829 827 821 817 805 798 798 783 780 776 771
    767 767 742 739 736 730 725 722 710 706 701 698 694 686 679 676 674
    672 672 674 675 675 676 678 678 680 680 682 682 683 683 686 687 688
    688 690 693 693 694 694 694 697 698 700 703 703 704 706 706 707 708
    708 0 0 0 0 871 873 869 851 849 847 829 827 823 817 805 798 790 783
    780 776 773 767 767 742 739 736 730 727 722 710 706 701 698 694 686
    679 676 674 672 672 672 674 675 675 676 679 680 680 682 682 683 683
    684 686 687 688 691 693 693 694 696 696 697 698 700 701 703 704 706
    706 706 706 707 0 0 0 0 873 873 867 851 851 849 829 827 823 819 805
    798 790 785 781 776 771 766 766 744 741 734 730 727 719 711 706 701
    698 694 690 679 676 674 672 672 672 674 675 675 676 679 680 680 682
    683 684 684 684 686 687 688 693 693 693 694 696 697 698 700 700 701
    701 701 704 704 706 706 707 711 0 0 0 873 873 864 858 849 845 831
    827 823 819 805 798 790 787 781 776 771 764 764 744 741 734 730 727
    719 713 706 703 698 694 690 679 678 675 674 672 672 674 675 676 678
    679 680 680 683 683 684 684 684 686 687 690 691 693 693 694 696 697
    698 700 700 701 701 701 704 704 706 706 707 711 0 0 0 875 873 864
    858 849 845 839 829 823 819 805 798 792 787 781 776 771 762 750 744
    742 738 733 727 719 714 707 703 700 696 690 679 678 675 674 672 672
    674 675 676 678 679 680 682 683 683 684 684 686 687 687 690 691 693
    694 694 696 698 698 700 701 701 701 703 704 706 707 707 708 711 0 0
    0 875 873 869 862 849 845 839 829 825 819 805 798 792 785 781 776
    771 762 750 746 742 738 733 728 720 714 708 704 700 696 691 684 679
    675 674 674 674 674 676 676 678 679 680 682 682 683 684 686 686 687
    688 691 693 693 694 694 696 698 700 700 701 703 703 704 706 706 708
    708 708 711 0 0 0 875 871 869 862 849 845 839 831 825 819 807 800
    792 785 781 778 773 762 754 746 742 739 734 728 720 714 708 704 701
    696 691 684 679 676 675 675 675 675 676 678 679 679 680 682 682 683
    684 686 687 687 688 691 693 693 694 694 697 698 698 700 700 703 703
    704 706 707 708 708 708 0 0 0 0 878 871 869 864 849 845 839 833 827
    821 815 798 792 787 781 778 773 762 754 747 742 739 734 730 720 714
    708 706 701 696 691 684 678 676 675 675 675 675 676 678 679 679 680
    682 682 683 684 686 687 687 688 691 693 694 694 696 697 698 698 700
    700 703 703 704 706 707 708 708 708 0 0 0 0 878 871 869 864 849 847
    841 833 827 821 817 798 792 789 783 778 773 762 754 747 742 739 734
    727 720 713 707 704 700 696 691 680 678 676 675 675 675 675 676 678
    679 680 680 682 682 683 684 684 687 687 688 691 693 694 694 696 697
    698 698 700 700 701 703 704 707 708 710 708 708 0 0 0 0 878 871 869
    862 851 847 841 833 827 821 817 798 794 789 783 778 773 764 764 747
    742 739 734 727 722 713 707 704 700 696 691 679 678 676 675 675 675
    675 676 678 679 680 680 682 682 683 684 684 686 687 688 691 693 694
    694 696 697 698 698 700 700 701 703 704 707 708 710 710 710 713 0 0
    0 878 871 869 858 851 847 841 833 827 823 819 798 794 790 785 778
    773 764 764 747 742 739 736 727 722 714 708 704 701 696 691 679 678
    676 675 675 675 675 676 678 679 680 680 682 682 683 684 684 686 687
    688 693 693 694 694 696 697 698 698 700 700 701 703 704 707 708 710
    710 711 713 0 0 0 878 875 871 858 851 847 839 833 827 823 819 800
    796 790 783 776 773 764 761 747 742 741 738 727 722 714 708 704 701
    697 691 683 678 676 675 675 675 675 678 679 680 680 680 682 683 683
    684 686 687 688 690 693 693 694 694 696 697 698 700 700 701 703 703
