<?xml version="1.0"?>
<opencv_storage>
<Depth17536 type_id="opencv-matrix">
  <rows>71</rows>
  <cols>80</cols>
  <dt>w</dt>
  <data>
    3614 3614 3614 3614 3614 3614 3614 3614 3614 3614 3614 3614 3614
    3614 3614 3614 3614 3614 946 946 946 951 3614 3614 3614 3614 3614
    3576 3576 3576 3539 3539 3614 3614 3653 3653 3653 3614 3614 3614
    3614 3614 3614 3614 3614 3614 3614 3614 3614 3576 3576 3576 3576
    3539 3539 3539 3576 3576 3576 3576 3576 3576 851 851 854 854 851 851
    854 854 854 856 856 0 3503 3503 3503 3503 3503 3503 3614 3614 3614
    3614 3614 901 898 898 896 896 3614 3614 3614 3614 938 938 940 943
    946 943 943 946 946 946 943 943 3614 946 946 943 940 940 3614 3614
    3614 3653 3653 3614 3614 3614 3614 3614 3614 3614 3614 3614 3614
    3614 896 896 896 3539 3539 3539 3539 3539 3576 3576 3576 878 878 878
    851 851 854 851 851 851 854 854 854 856 856 856 856 3503 3503 3503
    3503 3503 3614 3614 3614 3614 903 901 898 898 896 896 3576 3614 930
    930 933 935 938 940 940 940 940 940 940 940 940 940 940 943 943 940
    940 935 935 923 918 918 923 923 918 915 913 913 3614 901 896 896 896
    896 896 896 896 891 887 885 885 885 3576 880 878 878 878 873 854 854
    854 851 851 851 854 854 854 854 854 856 856 0 0 0 3503 3503 3614
    3614 3614 3614 903 901 901 901 901 901 901 903 925 925 928 930 935
    935 933 930 928 925 923 923 935 933 928 925 925 925 925 915 915 923
    915 915 923 920 915 880 880 885 896 898 896 894 894 896 896 894 894
    889 885 885 885 882 882 878 873 873 873 869 864 860 858 854 851 851
    854 854 854 854 854 856 858 0 0 0 0 0 3614 3614 3614 3576 903 901
    898 898 898 898 901 903 918 920 923 923 923 925 928 925 923 923 920
    920 920 920 920 918 918 908 908 913 913 913 915 915 915 920 915 880
    880 885 894 894 894 869 867 867 867 869 891 878 875 875 878 875 871
    871 867 867 867 864 862 858 858 858 856 854 851 851 851 851 854 858
    858 0 0 0 0 0 3614 3614 3614 3576 3576 901 898 898 898 898 901 903
    913 920 923 920 920 918 918 920 920 920 918 915 903 903 920 918 918
    903 903 913 913 913 913 913 835 880 880 880 880 880 894 894 894 867
    867 864 860 858 858 858 860 862 862 862 860 856 856 858 854 854 854
    854 854 858 856 851 849 849 851 851 854 858 860 862 0 0 0 0 3614
    3614 3614 3614 908 903 901 898 898 898 898 898 913 920 923 920 915
    913 913 913 915 915 915 869 869 867 867 858 858 858 856 856 856 856
    0 0 0 835 833 833 833 833 825 867 867 867 867 864 860 858 858 858
    858 858 862 860 794 794 794 794 849 849 849 849 849 860 833 833 837
    847 849 851 851 856 860 862 0 0 0 0 896 896 894 894 896 908 885 882
    882 885 880 875 873 871 869 867 864 864 913 913 915 913 913 869 864
    860 856 856 856 827 827 827 827 821 817 817 817 835 835 833 833 831
    825 825 867 867 867 867 867 867 856 856 856 858 862 789 789 792 794
    794 796 800 813 815 819 825 829 831 835 841 849 849 851 856 860 860
    0 0 0 0 898 896 894 894 889 885 882 880 878 878 875 873 869 869 867
    864 858 856 856 854 849 849 849 845 845 847 845 845 833 827 827 827
    821 821 817 817 817 817 819 833 833 831 825 825 827 827 867 867 867
    867 856 856 856 783 783 785 789 790 794 794 796 800 813 815 819 821
    827 831 835 839 845 849 851 856 860 860 0 0 0 0 896 894 894 891 887
    885 882 880 878 875 875 873 869 867 867 864 858 856 856 851 849 847
    845 841 841 843 841 839 833 827 827 825 821 821 817 817 817 817 815
    811 811 831 803 800 796 794 794 789 789 789 789 789 785 783 783 785
    787 789 794 794 796 802 811 815 817 821 827 831 835 839 843 849 851
    858 858 858 0 0 0 0 896 894 891 891 887 885 880 880 878 875 873 871
    867 867 864 862 858 856 854 851 849 847 845 841 841 843 841 837 835
    829 827 825 823 821 819 817 815 815 813 811 807 805 803 800 796 794
    794 789 789 789 789 785 785 783 783 785 787 789 792 794 796 802 811
    815 817 821 831 833 837 839 843 845 851 858 858 858 0 0 0 0 896 894
    891 891 887 885 880 880 878 875 873 871 867 867 864 862 858 856 854
    851 849 847 845 841 841 843 841 837 833 829 827 825 823 821 819 817
    815 815 813 811 807 805 803 802 798 796 794 792 789 789 789 785 785
    783 783 785 785 789 792 794 796 805 813 815 817 821 827 833 835 839
    843 845 851 856 860 860 0 0 0 0 896 896 891 891 887 885 882 880 878
    875 873 871 867 867 864 862 860 858 856 854 849 847 845 843 843 843
    841 839 833 829 827 825 825 821 819 819 817 815 811 811 807 805 803
    802 800 796 794 792 789 789 789 785 783 783 783 783 785 789 792 796
    802 807 811 815 817 821 825 831 835 839 843 845 851 854 856 860 0 0
    0 0 896 896 894 891 887 885 882 880 878 875 873 871 867 867 864 860
    858 858 856 851 849 847 845 843 843 843 841 839 833 831 827 827 825
    823 819 819 817 813 811 811 807 805 803 802 800 796 794 792 790 789
    789 785 783 781 781 783 785 789 790 798 805 807 811 813 817 821 825
    829 835 839 841 845 849 854 856 858 0 0 0 0 896 896 894 891 887 885
    882 880 878 875 873 869 867 864 864 860 858 856 854 851 849 847 845
    843 843 841 839 837 833 831 827 827 825 823 819 819 817 813 811 811
    807 805 803 802 798 798 796 794 790 789 789 785 783 781 781 783 783
    789 790 798 803 807 809 811 815 821 825 829 835 839 841 843 847 854
    856 858 0 0 0 0 896 896 894 891 887 885 882 882 878 875 873 869 867
    864 864 862 858 856 854 849 849 847 843 843 843 841 839 837 833 831
    829 827 827 823 821 819 817 815 811 811 805 805 802 800 798 796 796
    794 792 790 789 785 783 781 781 783 783 787 792 800 802 805 809 811
    815 821 825 829 833 837 841 843 847 851 856 858 0 0 0 0 896 896 894
    891 887 885 882 880 878 875 873 871 867 864 862 860 858 856 854 849
    849 847 843 843 843 841 839 835 835 833 831 827 825 823 819 819 817
    815 813 811 805 805 802 800 798 796 796 794 792 789 789 785 783 781
    781 781 783 785 792 798 802 803 807 809 813 821 825 829 833 835 841
    843 845 849 856 858 0 0 0 0 898 896 894 891 887 885 885 880 878 875
    873 871 869 867 862 860 858 856 854 851 849 847 843 843 843 841 839
    835 835 833 831 827 825 823 819 819 817 815 813 811 807 805 802 800
    798 796 796 794 792 789 789 785 783 781 781 781 781 783 792 798 800
    802 805 809 813 819 825 829 833 835 841 843 845 849 854 858 0 0 0 0
    901 896 894 891 889 887 885 882 878 875 873 873 871 867 862 860 858
    858 856 851 849 847 845 843 843 841 839 835 833 833 831 827 825 823
    819 819 819 817 813 811 807 805 803 802 798 798 796 794 792 789 789
    789 785 781 781 781 781 783 792 796 800 802 805 807 815 819 825 831
    833 835 837 841 845 849 854 856 0 0 0 0 901 896 894 891 889 887 885
    882 880 878 873 873 871 867 864 862 860 858 856 851 849 847 845 843
    843 841 839 835 833 831 829 827 825 823 819 819 819 817 813 811 809
    805 803 802 800 798 796 794 792 789 789 789 783 781 781 781 781 783
    789 796 800 802 805 807 813 819 823 829 833 835 837 841 847 849 854
    856 860 0 0 0 901 896 894 891 889 885 885 882 880 878 875 873 871
    867 864 860 858 858 856 851 849 847 847 845 845 843 839 835 833 831
    829 827 825 823 821 819 819 817 813 811 809 805 803 803 802 800 796
    794 792 789 789 787 783 781 781 781 781 783 789 796 800 802 807 809
    813 819 821 829 833 835 837 841 845 851 854 856 860 0 0 0 901 896
    894 891 889 885 885 882 880 878 875 873 871 867 864 860 858 858 856
    851 849 847 847 845 845 843 839 835 835 833 831 827 825 823 821 819
    819 817 813 809 809 805 803 802 802 800 798 794 792 790 789 787 783
    781 781 781 781 785 787 794 800 802 807 809 813 819 821 827 831 835
    837 841 845 851 856 856 858 0 0 0 901 898 896 891 889 885 885 882
    880 878 875 873 871 867 864 860 858 858 856 854 849 847 847 843 843
    843 839 837 835 833 831 829 827 825 821 819 819 817 815 809 809 805
    803 802 800 800 796 794 792 792 790 789 783 783 783 783 783 785 787
    794 802 803 805 809 811 815 819 827 831 835 839 841 845 849 856 856
    858 0 0 0 901 898 896 891 889 887 885 882 880 878 875 873 871 867
