<?xml version="1.0"?>
<opencv_storage>
<Depth4596 type_id="opencv-matrix">
  <rows>12</rows>
  <cols>31</cols>
  <dt>w</dt>
  <data>
    4089 4089 4139 4139 4190 4190 5832 5734 5640 5548 5460 5460 5548
    5548 5640 5832 5832 5832 5734 5734 5832 5832 5832 5832 5832 5832
    5832 5832 5832 5933 5933 4139 4139 4139 4139 4190 4241 4241 5832
    5640 5460 5460 5460 5548 5640 5734 5832 5832 5832 5734 5734 5832
    5832 5832 5832 5832 5832 5832 5832 5832 5832 5832 4190 4190 4190
    4190 4241 4241 4190 4190 4190 5460 4190 4190 4190 4190 4190 5933
    4295 4295 5832 5832 5832 5832 5832 5832 5832 5832 5832 5832 5832
    5832 5832 4190 4190 4241 4241 4241 4241 4190 4190 4349 4349 4190
    4190 4190 4190 4190 4295 4295 4295 4295 4295 4295 4295 4349 4349
    4349 4349 5832 5832 5832 5933 5933 4241 4241 4241 4241 4241 4241
    4241 4295 4349 4349 4295 4295 4241 4241 4295 4295 4349 4349 4295
    4295 4295 4295 4349 4349 4349 4349 5832 5832 5832 5933 5933 4241
    4241 4241 4241 4295 4295 4295 4349 4349 4349 4349 4295 4295 4295
    4349 4349 4349 4349 4349 4349 4405 4405 4405 4405 4405 4405 4349
    4349 4295 4190 4190 4190 4190 4241 4241 4295 4295 4349 4349 4349
    4349 4349 4295 4295 4295 4349 4349 4349 4349 4405 4405 4405 4405
    4405 4405 4405 4405 4349 4349 4295 4190 4190 4190 4190 4241 4241
    4295 4295 4349 4349 4349 4349 4349 4349 4349 4349 4349 4349 4349
    4349 4405 4405 4405 4405 4405 4405 4405 4405 4349 4349 4349 4241
    4241 3468 3503 4241 4241 4295 4295 4295 4295 4295 4295 4349 4349
    4349 4349 4349 4349 4349 4405 4405 4405 4405 4405 4405 4405 4405
    4405 4349 4349 4405 4241 4241 3468 3503 3503 3503 3503 4349 4295
    4295 4295 4295 4349 4349 4405 4349 4349 4349 4405 4405 4405 4405
    4405 4405 4405 4405 4405 4405 4349 4349 4405 4241 4241 3468 3468
    3503 3503 3503 0 0 0 0 0 0 4405 4349 4349 4349 4349 4349 4349 4349
    4349 4349 4349 4405 4405 4405 4405 4349 4349 4405 4349 4349 3468
    3468 3503 3503 4405 0 0 0 0 0 0 0 4349 4349 4349 4349 4349 4349 4349
    4349 4349 4349 4405 4405 4405 4405 4349 4349 4405 4405 4405</data></Depth4596>
</opencv_storage>
