<?xml version="1.0"?>
<opencv_storage>
<Depth4846 type_id="opencv-matrix">
  <rows>42</rows>
  <cols>37</cols>
  <dt>w</dt>
  <data>
    4911 4911 4911 4911 4842 4842 4842 4842 4911 4911 4911 4911 4774
    4774 4842 4842 2639 2639 2659 2659 2659 2680 4708 4708 4708 4708
    4708 4708 4708 4708 4708 4708 4645 4645 4645 4645 4645 4911 4911
    4911 4911 4842 4842 4842 4842 4911 4911 4911 4911 4774 4774 4774
    2639 2639 2639 2659 2659 2659 2659 2680 4708 4708 4708 4708 4708
    4708 4708 4708 4708 4708 4645 4645 4645 4645 4911 4911 4911 4911
    4842 4842 4842 4842 4911 4842 4842 4911 4911 2639 2639 2639 2639
    2639 2659 2659 2659 2659 2659 4774 4708 4708 4708 4708 4708 4708
    4708 4708 4708 4645 4645 4645 4645 4911 4911 4911 4911 4842 4842
    4842 4842 4911 2598 2598 2598 2639 2639 2639 2639 2639 2639 2659
    2659 2659 2659 2659 2659 2680 4708 4708 4708 4708 4708 4708 4708
    4708 4708 4708 4645 4645 4911 4911 4911 4911 4842 4842 4842 4842
    2598 2598 2598 2598 2598 2618 2618 2618 2618 2639 2659 2659 2659
    2659 2659 2659 2659 4774 4774 4708 4708 4708 4708 4708 4708 4708
    4645 4645 4645 4911 4911 4911 4911 4842 4842 4842 2579 2579 2579
    2579 2579 2598 2618 2618 2618 2618 2639 2639 2639 2659 2659 2659
    2659 2659 2680 4774 4774 4708 4708 4708 4708 4708 4708 4645 4645
    4645 4911 4911 4842 4842 4911 4911 4911 2579 2579 2579 2579 2579
    2598 2618 2618 2618 2618 2618 2639 2639 2639 2639 2639 2659 2659
    2680 4774 4774 4708 4708 4708 4708 4708 4708 4708 4645 4645 2618
    2598 2598 4842 4842 2560 2560 2560 2579 2579 2579 2579 2579 2598
    2618 2618 2618 2618 2618 2639 2639 2639 2639 2639 2639 2659 2680
    4708 4708 4708 4708 4708 4708 4708 4708 4708 4708 2598 2598 2560
    2560 2560 2541 2541 2560 2560 2560 2579 2579 2579 2598 2598 2618
    2618 2618 2618 2639 2639 2639 2639 2639 2639 2659 2659 4645 4645
    4708 4708 4708 4708 4708 4708 4708 4708 2598 2598 2560 2560 2560
    2541 2541 2579 2560 2560 2560 2560 2579 2598 2598 2618 2618 2618
    2618 2639 2639 2639 2639 2639 2659 2659 2659 2680 4645 4708 4708
    4708 4708 4708 4708 4708 4708 2579 2579 2560 2560 2560 2541 2541
    2560 2560 2560 2560 2560 2579 2598 2598 2618 2618 2618 2618 2639
    2639 2639 2639 2639 2659 2659 2659 2659 2680 4708 4708 4708 4708
    4708 4708 4708 4708 2579 2579 2560 2560 2560 2541 2541 2560 2560
    2560 2560 2560 2579 2579 2598 2598 2618 2618 2618 2639 2639 2639
    2639 2639 2639 2659 2659 2659 2659 2680 4708 4708 4708 4708 4708
    4708 4708 2579 2579 2560 2560 2560 2560 2560 2560 2541 2541 2541
    2560 2579 2579 2579 2598 2598 2618 2618 2618 2618 2618 2639 2639
    2639 2659 2659 2659 2659 2659 4774 4774 4708 4708 4708 4708 4708
    2598 2579 2579 2560 2560 2560 2560 2560 2541 2541 2541 2560 2560
    2579 2579 2579 2598 2598 2598 2598 2618 2618 2639 2639 2639 2639
    2639 2639 2639 2639 4774 4774 4708 4708 4708 4708 4708 2598 2579
    2579 2579 2560 2560 2560 2560 2541 2541 2541 2560 2560 2560 2579
    2579 2579 2579 2598 2598 2598 2598 2618 2639 2639 2639 2639 2639
    2639 2639 2639 4774 4774 4708 4708 4708 4708 4911 2579 2579 2579
    2560 2560 2560 2560 2541 2541 2560 2560 2560 2560 2560 2579 2579
    2579 2579 2579 2598 2598 2598 2639 2639 2639 2639 2639 2659 2639
    2639 4774 4708 4708 4708 4708 4708 4911 5056 2618 2579 2579 2560
    2560 2579 2560 2560 2560 2560 2560 2560 2560 2579 2579 2579 2579
    2579 2598 2598 2598 2618 2618 2639 2639 2639 2659 2639 2639 2639
    4708 4708 4708 4708 4708 4911 5056 2618 2598 2598 2598 2598 2579
    2579 2579 2560 2560 2560 2560 2560 2560 2560 2560 2579 2579 2598
    2598 2598 2598 2598 2639 2639 2639 2639 2659 2659 2659 4708 4708
    4708 4708 4708 4911 4983 2639 2618 2618 2598 2598 2598 2579 2579
    2560 2560 2560 2560 2560 2560 2560 2560 2579 2579 2579 2579 2579
    2579 2598 2618 2639 2639 2639 2659 2639 2639 2639 4708 4708 4708
    4708 4983 4911 2639 2618 2618 2598 2598 2579 2579 2560 2560 2541
    2541 2560 2560 2560 2560 2560 2579 2579 2579 2579 2579 2579 2598
    2618 2618 2639 2639 2659 2639 2639 2639 4708 4708 4708 4708 4911
    4842 4842 2618 2618 2618 2598 2579 2579 2560 2560 2541 2541 2560
    2560 2560 2560 2560 2579 2579 2579 2579 2579 2579 2598 2618 2618
    2639 2639 2659 2639 2639 2639 2659 4708 4708 4708 4911 4842 4842
    4774 2618 2618 2618 2598 2579 2560 2560 2560 2560 2560 2560 2560
    2560 2560 2560 2579 2579 2579 2598 2598 2598 2618 2618 2639 2639
    2639 2639 2639 2639 2659 4708 4708 4708 4911 4911 4842 4842 4842
    2639 2639 2598 2579 2560 2560 2560 2560 2560 2560 2560 2560 2560
    2560 2579 2579 2579 2598 2598 2598 2618 2618 2639 2639 2639 2639
    2639 2639 2659 2659 4708 4708 4983 4911 4911 4842 4842 2618 2618
    2618 2579 2579 2560 2560 2560 2560 2560 2560 2560 2560 2560 2579
    2579 2579 2579 2598 2598 2598 2598 2618 2639 2639 2639 2639 2639
    2659 2659 2680 4708 4983 4911 4911 4842 4842 2618 2598 2598 2579
    2579 2560 2560 2560 2560 2560 2560 2560 2560 2560 2560 2579 2579
    2579 2598 2598 2598 2598 2618 2639 2639 2639 2639 2639 2659 2659
    2659 4708 4983 4983 4911 4911 4911 4842 2598 2598 2579 2579 2579
    2560 2541 2541 2541 2541 2560 2560 2560 2560 2560 2579 2579 2579
    2579 2598 2598 2618 2639 2639 2639 2639 2639 2659 2659 2659 2680
    4983 4983 4983 4911 4911 4842 4842 2618 2579 2579 2579 2560 2541
    2541 2541 2541 2560 2560 2560 2560 2560 2560 2579 2579 2579 2598
    2598 2618 2618 2639 2639 2639 2639 2639 2659 2659 2680 4983 4983
    4983 4911 4911 4911 4911 4842 2598 2579 2579 2579 2560 2541 2541
    2560 2560 2560 2560 2560 2560 2560 2579 2579 2579 2579 2598 2598
    2598 2618 2639 2639 2639 2639 2639 2639 2659 4983 4983 4983 4911
    4911 4911 4911 4842 2618 2598 2598 2579 2579 2560 2560 2560 2560
    2560 2560 2560 2560 2560 2560 2560 2560 2579 2579 2598 2598 2618
    2618 2639 2639 2639 2639 2639 2659 4983 4983 4983 4983 4911 4911
    4911 2639 2618 2618 2598 2579 2579 2579 2560 2560 2541 2541 2541
    2541 2541 2560 2560 2560 2560 2560 2560 2598 2598 2618 2618 2618
    2639 2639 2639 2639 2639 5056 4983 4983 4983 4911 4911 4911 2639
    2618 2618 2618 2598 2579 2579 2560 2560 2541 2522 2522 2522 2541
    2541 2541 2541 2560 2560 2560 2579 2579 2598 2598 2598 2598 2618
    2618 2618 2618 5056 4983 4983 4983 4911 4911 4911 4708 2618 2618
    2618 2598 2579 2579 2560 2560 2541 2522 2522 2522 2522 2541 2541
    2541 2560 2560 2560 2579 2579 2598 2598 2598 2598 2618 2618 2618
    2618 4983 4983 4983 4983 4911 4911 4842 4842 4911 4911 2618 2598
    2579 2579 2579 2560 2541 2503 2503 2503 2522 2541 2541 2560 2560
    2560 2560 2560 2560 2579 2598 2598 2598 2618 2618 4708 4708 4983
    4983 4983 4983 4911 4911 4842 4842 4911 4911 4983 2598 2598 2579
    2579 2560 2541 2503 2503 2503 2522 2522 2541 2560 2560 2560 2560
    2560 2560 2579 2579 2598 2598 2618 4774 4708 4708 4983 4983 4983
    4911 4911 4911 4842 4842 4911 4911 4983 2598 2598 2598 2579 2560
    2560 2522 2503 2503 2522 2522 2541 2560 2560 2560 2560 2560 2560
    2579 2579 2598 2618 4774 4774 4708 4708 4983 4983 4983 4911 4911
    4911 4842 4842 4911 4911 4983 2598 2598 2598 2579 2560 2560 2541
    2522 2522 2522 2541 2541 2541 2560 2560 2560 2560 2560 2579 0 0 0
    4708 4708 4774 4774 4983 4983 4983 4983 4911 4911 4842 4842 4983
    4983 4983 5056 2598 2579 2579 2579 2560 2541 2541 2541 2541 2541
    2541 2541 2541 2560 2560 2560 2560 2560 2560 0 4708 4708 4708 4774
    4774 4983 5056 4983 4911 4911 4911 4911 4911 4983 4983 4983 4983
    4983 2579 2579 2579 2560 2560 2541 2541 2541 2541 2541 2541 2541
    2560 2560 2560 2579 2579 0 0 4774 4774 4774 4774 4708 4983 4983 4983
    4911 4911 4911 4911 4911 4983 4983 4983 4983 4983 2579 2579 2579
    2579 2560 2560 2541 2541 2541 2541 2522 2522 2560 2560 2579 2579
    2579 0 0 0 2598 4645 4645 4645 4983 4983 4983 4911 4911 4911 4911
    4911 4983 4983 4983 4983 4983 2598 2579 2579 2579 2560 2560 2560
    2541 2541 2541 2522 2522 2560 2560 2560 0 2659 2639 2639 2639 2598
