<?xml version="1.0"?>
<opencv_storage>
<Depth7225 type_id="opencv-matrix">
  <rows>95</rows>
  <cols>73</cols>
  <dt>w</dt>
  <data>
    4911 4911 4911 4911 4911 4911 4983 4983 5056 5056 5056 5056 5056
    5210 5210 5210 5210 5210 5210 5210 5210 5291 5291 5291 5291 5291
    5291 5291 5291 5210 5210 5210 5210 5210 5132 5132 5056 5056 5056
    5056 5056 4983 1219 1219 1223 1223 1223 1223 1227 1236 1236 4842
    4842 4842 4842 4842 4842 4774 4774 4774 4774 4774 4708 4708 4708
    4708 4645 4645 4645 4582 4582 4582 4522 4911 4911 4911 4911 4911
    4911 4911 4983 4983 5056 5056 5056 5056 5132 5210 5210 5210 5210
    5210 5210 5210 5291 5291 5291 5291 5291 5291 5291 5210 5210 5210
    5210 5210 5210 5132 5132 5056 5056 5056 4983 4911 4911 1214 1214
    1223 1223 1223 1223 1223 1223 1223 1223 1223 4842 4842 4842 4842
    4774 4774 4774 4774 4774 4708 4708 4708 4645 4645 4645 4582 4582
    4582 4582 4522 4842 4911 4911 4911 4911 4911 4911 4983 4983 5056
    5056 5056 5056 5132 5210 5210 5210 5210 5210 5210 5210 5291 5291
    5291 5291 5291 5291 5291 5210 5210 5210 5210 5210 5210 5210 5132
    5132 5132 4983 4983 4911 1206 1206 1214 1214 1214 1214 1219 1219
    1219 1219 1223 1223 1223 4842 4842 4774 4774 4774 4774 4774 4708
    4708 4708 4708 4645 4645 4645 4582 4582 4582 4582 4522 4842 4911
    4911 4911 4911 4911 4911 4983 4983 4983 4983 4983 5056 5132 5210
    5210 5210 5210 5210 5210 5210 5291 5291 5291 5291 5291 5291 5291
    5210 5210 5210 5210 5291 5291 5210 5210 5210 1161 1161 1197 1197
    1197 1206 1214 1206 1202 1202 1206 1210 1219 1219 1223 1223 0 4842
    4842 4774 4774 4774 4774 4774 4708 4708 4708 4708 4645 4645 4645
    4582 4582 4582 4582 4522 4842 4842 4842 4911 4911 4911 4911 4983
    4983 4983 4983 4983 5056 5132 5210 5210 5210 5210 5210 5210 5210
    5210 5210 5291 5291 5291 5291 5210 5210 5210 5210 1181 1181 1181
    1177 1177 1173 1161 1161 1193 1193 1197 1197 1206 1197 1197 1197
    1206 1210 1214 1219 1223 1223 0 4842 4842 4774 4774 4774 4774 4774
    4708 4708 4708 4708 4645 4645 4645 4582 4582 4582 4582 4582 4842
    4842 4842 4842 4911 4911 4911 4911 4983 4983 4983 5056 5056 5210
    5132 5132 5210 5210 5210 5210 5210 5210 5210 5210 5291 5291 5291
    5210 5210 5210 1185 1181 1181 1177 1173 1173 1165 1157 1157 1157
    1157 1161 1165 1185 1189 1193 1193 1202 1206 1214 1219 1223 1223
    1232 4842 4842 4774 4774 4774 4774 4774 4774 4708 4708 4708 4708
    4645 4645 4645 4582 4582 4582 4582 4842 4842 4842 4842 4911 4911
    4911 4911 4911 4983 5056 5056 5056 5210 5132 5132 5210 5210 1219
    1219 5210 5210 5210 5210 5291 5291 5291 1193 1193 1189 1185 1181
    1181 1177 1169 1169 1161 1157 1157 1157 1157 1161 1165 1173 1181
    1185 1189 1197 1206 1210 1214 1223 1232 1232 0 4842 4842 4842 4842
    4774 4774 4774 4774 4774 4708 4708 4708 4708 4645 4645 4645 4645
    4582 4842 4842 4842 4842 4911 4911 4911 4911 4911 4983 5056 5056
    5056 5132 5132 5132 5210 5210 1219 1219 1219 1214 1214 1214 1202
    1202 1197 1197 1189 1185 1185 1181 1177 1173 1169 1165 1161 1157
    1153 1153 1153 1153 1161 1169 1181 1185 1189 1189 1197 1202 1210
    1219 1223 1232 1232 4842 4842 4842 4842 4774 4774 4774 4774 4774
    4774 4708 4708 4708 4708 4708 4645 4645 4582 4842 4842 4842 4842
    4842 4911 4911 4911 4983 4983 5056 5056 5056 5132 5132 5132 5210
    5210 1219 1219 1219 1214 1214 1202 1202 1202 1197 1197 1189 1185
    1181 1181 1177 1169 1169 1165 1161 1157 1153 1153 1153 1153 1157
    1169 1181 1185 1185 1189 1197 1202 1206 1219 1223 1227 1227 1227
    4842 4842 4774 4774 4774 4774 4774 4774 4774 4708 4708 4708 4708
    4708 4645 4645 4522 4842 4842 4842 4842 4842 4911 4911 4911 4983
    5056 5056 5056 5056 5132 5132 5132 5132 1232 1227 1223 1219 1214
    1214 1202 1202 1197 1197 1197 1189 1185 1181 1177 1177 1169 1169
    1165 1161 1157 1153 1153 1153 1153 1153 1169 1177 1185 1185 1189
    1197 1202 1206 1214 1219 1223 1223 0 4774 4774 4774 4774 4774 4774
    4774 4708 4708 4708 4708 4708 4708 4708 4708 4582 4522 4842 4842
    4842 4842 1297 1297 4911 4911 4983 4983 1273 1268 1259 1255 1250
    1245 1236 1232 1227 1223 1223 1219 1214 1202 1202 1197 1197 1197
    1189 1185 1181 1177 1177 1169 1169 1165 1161 1157 1153 1153 1153
    1153 1153 1165 1173 1181 1185 1189 1193 1202 1206 1210 1214 1223
    1223 1223 4774 4774 4774 4774 4774 4774 4774 4708 4708 4708 4708
    4708 4708 4708 4708 4522 4522 4774 4842 1307 1302 1297 1288 1288
    4911 4911 1268 1268 1264 1259 1250 1245 1241 1236 1232 1232 1227
    1223 1219 1210 1202 1202 1197 1197 1197 1193 1185 1181 1181 1177
    1173 1169 1165 1161 1157 1153 1153 1153 1153 1157 1165 1173 1177
    1185 1189 1189 1197 1206 1210 1214 1219 1223 1223 4774 4774 4774
    4774 4774 4774 4774 4708 4708 4708 4708 4708 4708 4708 4645 4522
    4522 4774 4842 1307 1302 1302 1288 1283 1283 1273 1273 1264 1259
    1255 1250 1245 1236 1236 1232 1227 1223 1223 1219 1206 1202 1202
    1202 1197 1197 1193 1189 1185 1181 1177 1173 1169 1165 1161 1157
    1153 1153 1153 1153 1153 1157 1169 1177 1181 1185 1189 1193 1202
    1210 1210 1214 1219 1219 0 4983 4983 4842 4842 4774 4774 4708 4708
    4708 4708 4708 4708 4708 4645 4522 4522 4842 1307 1302 1302 1288
    1283 1278 1273 1273 1273 1259 1255 1250 1250 1245 1236 1236 1232
    1227 1223 1223 1219 1206 1202 1202 1202 1197 1197 1193 1189 1185
    1185 1181 1177 1173 1165 1161 1161 1157 1153 1153 1153 1153 1157
    1169 1173 1177 1185 1189 1193 1202 1206 1210 1214 1219 1219 0 4983
    4983 4842 4842 4774 4774 4708 4708 4708 4708 4708 4708 4708 4645
    4522 4522 1297 1297 1297 1292 1288 1283 1278 1273 1273 1264 1259
    1255 1250 1250 1245 1236 1236 1232 1227 1227 1223 1219 1206 1202
    1202 1202 1202 1197 1193 1189 1185 1185 1181 1177 1173 1165 1165
    1161 1157 1153 1153 1153 1153 1153 1165 1173 1177 1181 1185 1189
    1193 1206 1210 1214 1219 1219 1219 1219 4842 4842 4842 4774 4774
    4774 4774 4774 4708 4708 4708 4708 4645 4582 4582 1297 1292 1288
    1283 1283 1278 1278 1273 1273 1264 1259 1255 1255 1250 1245 1236
    1236 1232 1227 1227 1223 1219 1210 1206 1206 1202 1202 1197 1193
    1189 1185 1185 1181 1177 1173 1169 1165 1161 1157 1153 1153 1153
    1153 1153 1161 1169 1173 1181 1185 1189 1193 1202 1206 1210 1214
    1219 1219 0 4842 4842 4842 4774 4774 4774 4774 4774 4708 4708 4708
    4708 4645 4582 4582 1292 1288 1288 1283 1283 1278 1273 1273 1273
    1264 1259 1255 1255 1250 1245 1241 1236 1232 1232 1227 1223 1219
    1210 1206 1206 1202 1202 1197 1193 1189 1185 1185 1181 1177 1177
    1169 1169 1161 1157 1153 1153 1153 1153 1153 1157 1161 1169 1173
    1185 1185 1193 1202 1206 1206 1214 1219 1219 0 4842 4842 4842 4842
    4774 4774 4774 4774 4708 4708 4645 4645 4645 4582 4582 1292 1288
    1288 1283 1283 1278 1273 1273 1273 1264 1259 1255 1255 1250 1245
    1241 1241 1236 1232 1227 1223 1219 1214 1210 1206 1202 1202 1197
    1197 1189 1185 1185 1181 1177 1173 1169 1169 1165 1161 1157 1153
    1153 1149 1149 1157 1161 1169 1173 1177 1181 1189 1202 1206 1206
    1210 1219 1219 1214 4842 4842 4842 4842 4774 4774 4708 4708 4708
    4708 4645 4645 4582 4582 4582 0 1297 1297 1288 1283 1278 1273 1273
    1273 1264 1259 1255 1255 1250 1250 1241 1236 1236 1232 1227 1223
    1219 1214 1210 1210 1202 1202 1197 1197 1193 1189 1185 1181 1181
    1173 1169 1169 1165 1161 1157 1153 1153 1149 1149 1157 1157 1165
    1169 1173 1181 1189 1197 1202 1206 1206 1214 1214 1214 0 4842 4842
    4842 4774 4774 4708 4708 4708 4708 4645 4645 4582 4582 4582 0 1297
    1297 1288 1283 1278 1273 1273 1268 1268 1264 1259 1255 1250 1250
    1241 1236 1236 1232 1232 1227 1219 1214 1210 1210 1202 1202 1197
    1197 1193 1189 1185 1181 1181 1173 1169 1169 1165 1161 1157 1153
    1153 1149 1149 1157 1157 1161 1169 1173 1185 1189 1193 1197 1202
    1206 1210 1210 1210 0 4842 4842 4842 4774 4774 4708 4708 4708 4708
    4645 4645 4645 4582 4582 0 1302 1302 1288 1283 1283 1278 1273 1268
    1268 1264 1259 1255 1255 1250 1245 1241 1236 1236 1232 1232 1219
