<?xml version="1.0"?>
<opencv_storage>
<Depth13299 type_id="opencv-matrix">
  <rows>25</rows>
  <cols>19</cols>
  <dt>w</dt>
  <data>
    6889 3994 3994 3948 3948 3948 3948 3948 3948 3994 3994 3948 3948
    3948 3948 3948 3948 3994 3994 6497 3994 3994 3948 3948 3948 3948
    3948 3948 3994 3994 3948 3948 3948 3903 3903 3903 3948 3948 6497
    3994 3994 3948 3948 3948 3948 3948 3948 3994 3994 3948 3948 3903
    3903 3903 3903 3903 3948 4041 3994 3994 3948 3948 3948 3948 3948
    3948 3994 3994 3948 3948 3903 3903 3859 3859 3903 3903 4041 3994
    3994 3948 3948 3948 3948 3948 3948 3994 3948 3948 3948 3903 3903
    3859 3859 3903 3903 3994 3994 3994 3948 3948 3948 3948 3948 3948
    3994 3948 3948 3948 3903 3903 3903 3903 3903 3903 3994 3994 3994
    3994 3948 3948 3948 3948 3948 3948 3948 3948 3948 3903 3903 3903
    3903 3903 3903 3994 3994 3994 3994 3948 3948 3948 3948 3948 3948
    3948 3948 3948 3903 3903 3903 3859 3859 3903 4041 3994 3994 3948
    3948 3948 3948 3903 3903 3948 3948 3948 3948 3903 3859 3859 3859
    3859 3859 4041 3994 3994 3948 3948 3948 3948 3903 3903 3948 3948
    3948 3948 3903 3859 3859 3859 3859 3859 3994 3994 3994 3948 3948
    3948 3903 3903 3903 3948 3948 3948 3948 3903 3859 3859 3859 3903
    3903 3994 3994 3994 3948 3948 3948 3903 3903 3903 3948 3948 3948
    3948 3903 3859 3859 3903 3903 3948 3948 3948 3994 3948 3948 3948
    3903 3903 3948 3948 3948 3948 3948 3903 3903 3903 3903 3948 3948
    3948 3948 3948 3948 3948 3948 3948 3948 3948 3948 3948 3948 3903
    3903 3903 3903 3903 3948 3948 3948 3948 3948 3948 3948 3948 3948
    3948 3948 3948 3948 3903 3903 3903 3859 3859 3903 3903 3948 3948
    3948 3948 3948 3948 3948 3948 3948 3948 3948 3948 3903 3903 3859
    3859 3859 3859 3903 3903 3948 3948 3948 3948 3948 3948 3903 3903
    3903 3948 3948 3903 3903 3859 3859 3859 3859 3859 3903 3948 3948
    3948 3948 3948 3948 3903 3859 3859 3948 3948 3903 3903 3903 3859
    3859 3859 3859 3859 3948 3948 3948 3948 3948 3948 3903 3859 3859
    3948 3948 3903 3903 3903 3859 3859 3859 3859 3859 3948 3948 3948
    3948 3948 3948 3903 3903 3903 3948 3948 3903 3903 3903 3859 3859
    3859 3859 3859 3948 3948 3948 3948 3948 3948 3948 3903 3903 3948
    3948 3903 3903 3859 3859 3859 3903 3903 3903 3948 3948 3948 3948
    3948 3948 3948 3948 3948 3948 3903 3903 3903 3859 3859 3859 3903
    3903 3903 3948 3948 3948 3948 3948 3948 3948 3948 3948 3948 3903
    3903 3903 3859 3859 3859 3903 3903 3903 3948 3948 3948 3948 3994
    3994 3994 3948 3948 3948 3903 3903 3859 3859 3859 3859 3903 3903
    3903 6889 6889 6889 6889 3994 3994 3994 3994 3994 3994 3903 3903
    3859 3859 3859 3859 3859 3859 6889</data></Depth13299>
</opencv_storage>
