<?xml version="1.0"?>
<opencv_storage>
<Depth2355 type_id="opencv-matrix">
  <rows>6</rows>
  <cols>16</cols>
  <dt>w</dt>
  <data>
    1264 1264 5832 5832 5734 5548 5460 5374 5374 5460 5460 5460 5460
    5460 5374 5291 6146 5832 5832 5734 5640 5548 5460 5460 5460 5460
    5460 5460 5460 5374 5291 5291 6038 5832 5734 5640 5548 5548 5548
    5548 5460 5460 5460 5460 5374 5291 5210 5210 5832 5734 5460 5460
    5460 5460 5548 5548 5460 5460 5460 5460 5374 5291 5210 5132 5548
    5548 5460 5460 5460 5460 5460 5460 5374 5374 5460 5460 5460 5291
    5210 5132 5460 5460 5460 5374 5374 5374 5374 5460 5291 5291 5460
    5374 5374 5291 5210 5056</data></Depth2355>
</opencv_storage>
