<?xml version="1.0"?>
<opencv_storage>
<Depth5503 type_id="opencv-matrix">
  <rows>65</rows>
  <cols>42</cols>
  <dt>w</dt>
  <data>
    5374 5374 5374 5374 5374 5374 5374 5210 5210 1624 1624 1616 1616
    1594 1594 1594 1594 1579 1572 1572 1579 1579 1594 1594 1601 5210
    5210 5210 5210 5210 5210 5132 5132 5056 5056 5056 5056 4983 4983
    4983 4983 4911 5291 5291 5374 5374 5374 5374 5374 1632 1632 1624
    1624 1616 1609 1594 1594 1594 1586 1579 1572 1572 1579 1579 1586
    1594 1601 1601 5291 5210 5210 5210 5132 5132 5132 5056 5056 5056
    5056 5056 4983 4983 4983 4911 5291 5291 5374 5374 5374 1632 1632
    1632 1624 1616 1616 1609 1601 1601 1594 1586 1586 1572 1572 1572
    1572 1572 1579 1594 1601 1601 1609 1609 5210 5210 5132 5132 5132
    4983 4983 4983 4983 5056 4983 4983 4911 4911 5291 5291 5374 5374
    1632 1632 1632 1632 1624 1609 1609 1601 1601 1594 1594 1586 1579
    1572 1572 1572 1572 1572 1579 1594 1594 1601 1601 1601 1647 1647
    1647 1647 5132 4983 4983 4983 4983 5056 4983 4983 4911 4911 5291
    5291 5291 5291 1632 1632 1632 1632 1624 1609 1609 1601 1601 1594
    1586 1579 1579 1572 1572 1572 1572 1572 1579 1594 1594 1601 1601
    1616 1639 1647 1647 1647 1647 5056 5056 5056 5056 4983 4983 4983
    4911 4911 5291 5460 5460 0 1632 1632 1632 1632 1624 1616 1609 1601
    1601 1586 1586 1579 1579 1572 1564 1564 1572 1572 1579 1594 1594
    1601 1609 1616 1632 1647 1655 1655 1663 1663 5056 5056 5056 4983
    4983 4983 4911 4911 5210 5460 5460 0 1632 1632 1632 1624 1616 1609
    1609 1601 1594 1586 1579 1579 1572 1572 1564 1564 1564 1572 1579
    1594 1594 1601 1616 1624 1632 1639 1655 1655 1663 1663 1688 1696
    5056 4983 4983 4983 4983 4911 5210 5210 5210 0 1632 1632 1632 1624
    1616 1609 1601 1601 1594 1586 1579 1579 1572 1572 1564 1564 1564
    1564 1579 1594 1594 1601 1616 1624 1632 1639 1647 1655 1655 1663
    1688 1696 1696 1705 4983 4983 4983 4911 5210 5210 0 1632 1624 1624
    1624 1616 1609 1609 1601 1594 1594 1586 1579 1572 1572 1572 1564
    1564 1564 1564 1579 1594 1594 1601 1609 1624 1624 1632 1639 1655
    1655 1671 1688 1696 1696 1705 1722 1722 4983 4842 5210 5210 0 1632
    1632 1624 1624 1616 1609 1601 1601 1594 1594 1586 1579 1572 1572
    1572 1564 1564 1572 1572 1579 1586 1594 1601 1609 1616 1624 1632
    1639 1655 1655 1671 1688 1696 1696 1705 1722 1731 1731 4842 5210
    5210 5291 1632 1632 1624 1624 1616 1609 1601 1601 1594 1586 1579
    1579 1572 1572 1564 1564 1564 1572 1572 1579 1586 1594 1601 1601
    1609 1624 1632 1639 1655 1655 1671 1696 1696 1705 1705 1731 1731
    1739 1739 5210 5291 5291 1632 1632 1624 1624 1616 1609 1601 1601
    1594 1586 1579 1572 1572 1564 1564 1564 1564 1572 1572 1586 1594
    1594 1601 1601 1609 1624 1632 1639 1647 1655 1663 1696 1705 1705
    1713 1731 1739 1739 1739 5210 5210 5210 5210 1624 1624 1624 1616
    1609 1601 1601 1594 1579 1572 1572 1572 1564 1557 1557 1564 1564
    1572 1579 1586 1594 1601 1601 1609 1624 1632 1639 1647 1663 1663
    1696 1705 1705 1713 1731 1739 1739 1748 5210 5210 5210 0 1624 1624
    1616 1616 1609 1601 1601 1586 1579 1572 1572 1564 1564 1557 1557
    1557 1564 1572 1579 1586 1594 1601 1601 1609 1624 1632 1639 1647
    1671 1671 1688 1705 1705 1713 1731 1739 1739 1748 5210 5210 5210 0
    1624 1609 1609 1609 1601 1594 1594 1586 1579 1572 1572 1564 1564
    1557 1557 1557 1564 1572 1579 1586 1594 1601 1601 1609 1616 1624
    1647 1647 1655 1663 1680 1705 1705 1713 1731 1731 1731 1739 5210
    5210 5210 1624 1624 1609 1609 1601 1601 1594 1586 1586 1579 1572
    1572 1564 1564 1557 1557 1557 1564 1564 1572 1579 1594 1601 1601
    1601 1609 1624 1647 1655 1655 1663 1680 1705 1705 1713 1722 1731
    1731 1739 5210 5210 5210 1624 1624 1609 1609 1601 1594 1594 1579
    1579 1579 1572 1572 1564 1557 1557 1557 1557 1564 1564 1572 1579
    1586 1594 1601 1601 1609 1624 1647 1655 1655 1663 1680 1705 1705
    1713 1722 1731 1731 1748 5210 5210 5210 1624 1624 1609 1601 1601
    1594 1594 1572 1572 1579 1572 1572 1564 1557 1557 1557 1557 1564
    1564 1572 1572 1586 1594 1601 1601 1609 1624 1647 1655 1655 1663
    1696 1696 1705 1713 1722 1722 1722 1722 5210 5210 0 1609 1609 1601
    1601 1601 1594 1594 1572 1572 1572 1572 1564 1557 1557 1557 1550
    1550 1557 1564 1572 1572 1586 1594 1601 1601 1616 1624 1639 1639
    1655 1655 1696 1696 1705 1713 1722 1722 1722 1722 5210 5210 0 1609
    1609 1601 1601 1601 1594 1594 1579 1572 1572 1564 1564 1557 1557
    1557 1550 1550 1557 1564 1572 1572 1586 1594 1601 1601 1616 1639
    1639 1639 1655 1655 1696 1696 1696 1705 1713 1722 1731 1731 5132
    5132 0 1601 1601 1601 1601 1601 1594 1594 1579 1572 1564 1564 1557
    1550 1550 1550 1550 1550 1557 1564 1572 1572 1586 1594 1601 1601
    1616 1639 1639 1647 1655 1655 1696 1696 1696 1705 1713 1722 1731
    1731 5132 5132 0 1601 1601 1601 1601 1601 1594 1594 1572 1572 1564
    1564 1557 1550 1550 1550 1550 1550 1557 1564 1572 1572 1586 1594
    1601 1601 1609 1639 1639 1647 1655 1663 1696 1696 1696 1705 1713
    1722 1731 1731 5132 5132 0 1601 1601 1601 1601 1601 1594 1579 1572
    1572 1564 1564 1557 1550 1550 1543 1543 1550 1557 1564 1572 1572
    1586 1594 1601 1601 1609 1632 1639 1655 1655 1671 1696 1696 1696
    1705 1713 1722 1731 1731 5132 5132 1594 1601 1601 1601 1601 1594
    1594 1579 1572 1572 1564 1564 1564 1557 1550 1543 1543 1543 1550
    1564 1572 1572 1586 1594 1594 1601 1609 1632 1639 1655 1655 1671
    1688 1696 1696 1705 1705 1722 1731 1731 5132 5132 1594 1594 1594
    1601 1601 1594 1594 1579 1572 1572 1564 1564 1564 1557 1550 1543
    1543 1543 1550 1564 1572 1572 1579 1594 1594 1601 1624 1632 1639
    1647 1655 1671 1688 1688 1696 1705 1705 1713 1731 1731 5132 5132
    1594 1594 1594 1594 1594 1594 1586 1579 1572 1572 1564 1564 1557
    1550 1543 1543 1543 1543 1550 1564 1572 1572 1579 1594 1594 1601
    1624 1632 1632 1639 1655 1671 1680 1688 1696 1705 1705 1713 1713
    4842 5132 5132 1594 1594 1594 1594 1594 1586 1586 1572 1572 1572
    1564 1557 1557 1550 1543 1543 1543 1543 1550 1564 1572 1572 1579
    1586 1594 1609 1624 1624 1624 1639 1647 1680 1680 1688 1696 1705
    1705 1713 1713 4911 5132 0 1594 1594 1594 1594 1586 1586 1579 1572
    1564 1564 1557 1557 1550 1550 1543 1543 1543 1543 1543 1557 1564
    1572 1572 1586 1594 1601 1624 1624 1624 1632 1647 1680 1680 1688
    1696 1705 1705 1705 1705 1705 5132 5132 1586 1586 1586 1586 1586
    1579 1572 1564 1564 1564 1557 1550 1550 1543 1543 1536 1536 1536
    1543 1557 1564 1572 1572 1586 1594 1601 1616 1624 1624 1632 1647
    1680 1680 1688 1696 1705 1705 1705 1705 1731 5132 5132 1586 1586
    1586 1586 1586 1572 1572 1564 1564 1564 1557 1550 1550 1543 1536
    1536 1536 1536 1543 1557 1557 1572 1572 1586 1594 1601 1616 1624
    1624 1632 1647 1680 1688 1688 1696 1696 1705 1722 1731 1731 5132
    5132 0 1586 1586 1586 1586 1572 1572 1564 1564 1557 1550 1550 1543
    1543 1536 1536 1536 1536 1543 1557 1557 1572 1572 1579 1594 1609
    1616 1624 1632 1632 1647 1671 1680 1688 1696 1696 1705 1713 1731
    1731 4842 4842 0 1586 1586 1586 1579 1579 1572 1564 1564 1557 1550
    1550 1543 1536 1536 1536 1536 1536 1543 1550 1564 1572 1572 1579
    1594 1609 1616 1624 1632 1632 1639 1671 1680 1680 1688 1696 1705
    1713 1713 1713 4842 0 1586 1586 1586 1586 1579 1572 1572 1564 1564
    1557 1550 1543 1536 1536 1536 1536 1536 1536 1543 1550 1564 1572
    1572 1579 1586 1609 1616 1624 1624 1632 1639 1671 1671 1680 1688
    1696 1705 1713 1713 1713 5132 0 1586 1586 1586 1586 1579 1572 1572
    1564 1564 1557 1550 1543 1536 1536 1529 1529 1536 1536 1536 1543
    1564 1572 1572 1579 1579 1609 1624 1624 1624 1632 1639 1671 1671
    1680 1688 1696 1705 1705 1705 1705 5210 0 1586 1586 1586 1586 1572
    1572 1572 1564 1564 1557 1543 1543 1536 1536 1529 1529 1536 1536
    1536 1543 1564 1564 1572 1579 1579 1601 1609 1624 1624 1632 1647
    1671 1671 1671 1688 1696 1705 1696 1696 1696 0 1579 1586 1586 1586
    1579 1572 1572 1564 1564 1557 1550 1543 1543 1536 1529 1529 1529
