<?xml version="1.0"?>
<opencv_storage>
<Depth4133 type_id="opencv-matrix">
  <rows>22</rows>
  <cols>36</cols>
  <dt>w</dt>
  <data>
    5832 5832 5734 5734 5734 6889 6753 6753 6889 6889 6889 6889 6753
    6753 6889 6753 6753 6753 6753 6753 6753 6753 6889 6889 6889 6753
    6753 6622 6622 6622 6622 6622 6622 6497 6497 6497 5832 5832 5734
    5734 5734 5734 5734 6753 6753 6889 6889 6889 6889 6753 6753 6753
    6753 6753 6753 6753 6753 6753 6889 6889 6889 6889 6889 6753 6622
    6622 6622 6622 6622 6497 6497 6497 5933 5933 5734 5734 5734 5734
    5734 5734 5734 6889 6889 6889 6889 6753 6753 6753 6753 6753 6753
    6753 6753 6753 6889 6889 6889 6889 6889 6753 6753 6753 6753 6622
    6622 6622 6622 6622 5933 5933 5832 5734 5734 5734 5734 5734 5640
    5640 6889 6889 6889 6889 6889 6753 6753 6753 6753 6753 6753 6753
    6753 6753 6753 6889 6889 6753 6753 6753 6753 6622 6622 6622 6622
    6497 6038 5933 5832 5734 5734 5640 5640 5640 5640 5640 5640 5640
    6889 6753 6753 6753 6753 6753 6753 6753 6753 6753 6753 6753 6753
    6753 6889 6889 6753 6753 6622 6622 6622 6622 6622 6497 0 5933 5832
    5734 5734 5640 5640 5640 5640 5640 5640 5734 5832 5832 6753 6889
    6889 6889 6889 6889 6753 6753 6753 6753 6753 6753 6753 6889 6753
    6753 6622 6622 6622 6622 6622 6622 0 0 0 5832 5832 5734 5734 5734
    5640 5640 5734 5734 5734 5640 5640 5640 6889 6889 6889 6889 6889
    6753 6753 6753 6753 6622 6622 6753 6753 6622 6622 6622 6622 6622
    6622 6622 0 0 0 0 0 5734 5640 5640 5640 5640 5734 5734 5734 5640
    5640 5548 5548 6889 6889 6889 6889 6753 6753 6753 6753 6622 6497
    6497 6622 6622 6622 6622 6622 6622 6622 6622 0 0 0 0 0 5734 5640
    5640 5640 5640 5734 5734 5734 5640 5640 5548 5548 5640 5640 6889
    6889 6889 6889 6753 6753 6622 6497 6497 6622 6622 6622 6622 6622
    6622 6622 6622 0 0 0 0 0 0 0 5640 5640 5640 5734 5832 5640 5640 5548
    5548 5548 5640 5548 5548 5548 6889 6889 6753 6753 6753 6622 6622
    6622 6497 6497 6497 6622 6622 6622 6622 0 0 0 0 0 0 0 0 0 0 5832
    5832 5640 5640 5548 5548 5548 5640 5548 5548 5640 5640 5640 6622
    6622 6753 6753 6753 6622 6497 6497 6497 6622 6622 6497 6497 0 0 0 0
    0 0 0 0 0 0 0 0 5640 5548 5548 5548 5548 5640 5640 5640 5640 5640
    5640 5640 6622 6753 6753 6753 6622 6622 6622 6622 6622 6622 6497
    6497 0 0 0 0 0 0 0 0 0 0 0 0 5291 5291 5291 5291 5548 5640 5640 5640
    5640 5640 5640 5640 5640 5640 6753 6622 6622 6753 6622 6622 6622
    6622 6497 6497 0 0 0 0 0 0 0 0 0 0 0 0 5291 5291 5291 5291 5640 5640
    5640 5548 5548 5548 5640 5640 5640 5640 5548 5548 6622 6753 6753
    6622 6622 6622 6622 6497 0 0 0 0 0 0 0 0 0 0 0 0 0 0 5291 5291 0 0
    5640 5548 5548 5548 5640 5640 5640 5640 5548 5548 5548 5548 6753
    6622 6622 6622 6622 6497 0 0 0 0 0 0 0 0 0 0 0 0 0 0 0 0 0 0 0 5548
    5548 5548 5640 5640 5640 5640 5548 5548 5548 5548 5460 5460 5460
    6622 6622 6622 0 0 0 0 0 0 0 0 0 0 0 0 0 0 0 0 0 0 0 0 5548 5548
    5640 5640 5640 5640 5640 5548 5548 5548 5460 5460 5460 5548 6497
    6375 0 0 0 0 0 0 0 0 0 0 0 0 0 0 0 0 0 0 0 0 0 0 0 5734 5640 5640
    5640 5640 5640 5548 5548 5548 5548 5460 5460 6375 0 0 0 0 0 0 0 0 0
    0 0 0 0 0 0 0 0 0 0 0 0 0 0 0 0 0 5640 5640 5640 5640 5548 5548 5548
    5460 5460 5460 0 0 0 0 0 0 0 0 0 0 0 0 0 0 0 0 0 0 0 0 0 0 0 0 0 0 0
    5640 5640 5640 5640 5548 5548 5460 5460 5460 0 0 0 0 0 0 0 0 0 0 0 0
    0 0 0 0 0 0 0 0 0 0 0 0 0 0 0 0 5832 5640 5640 5640 5548 5460 5460
    5460 0 0 0 0 0 0 0 0 0 0 0 0 0 0 0 0 0 0 0 0 0 0 0 0 0 0 0 0 0 0
    5734 5640 5548 5460 5460 5460</data></Depth4133>
</opencv_storage>
