<?xml version="1.0"?>
<opencv_storage>
<Depth10494 type_id="opencv-matrix">
  <rows>18</rows>
  <cols>29</cols>
  <dt>w</dt>
  <data>
    2680 2680 2680 2701 2701 2723 2723 2767 3468 3503 3539 2723 2723
    3468 3468 3503 3468 3365 3300 3269 3238 3238 3238 3238 3238 3208
    3208 3208 3208 2659 2659 2659 2680 2680 2659 2659 2701 2701 2701
    2723 2723 2723 2723 2723 2723 2744 2744 2767 2744 2723 2723 3238
    3238 3238 3208 3208 3238 3238 2659 2659 2659 2659 2659 2659 2659
    2680 2680 2701 2701 2723 2723 2701 2701 2701 2723 2723 2744 2744
    2723 2723 2723 2723 2723 2744 2744 2744 2744 1264 2598 2598 2598
    2639 2639 2639 2680 2618 2618 2618 2618 2618 2618 2701 2701 2701
    2701 2723 2723 2723 2723 2723 2723 2723 2723 2723 2723 2744 1264
    2598 2598 2598 2639 2639 2639 2659 2618 2618 2618 2618 2618 2618
    2639 2659 2639 2639 2659 2659 2701 2723 2723 2680 2680 2659 2659
    2659 2744 1264 2639 2639 2639 2639 2639 2639 2659 2659 2639 2618
    2618 2639 2639 2639 2639 2639 2639 2639 2639 2659 2680 2723 2680
    2639 2639 2618 2618 2618 1264 2639 2639 2639 2659 2659 2680 2680
    2680 2680 2659 2659 2639 2639 2639 2639 2639 2639 2639 2639 2659
    2659 2639 2639 2639 2618 2618 2618 2618 1264 2659 2639 2639 2659
    2659 2680 2680 2680 2701 2680 2680 2659 2659 2659 2659 2659 2659
    2680 2659 2659 2659 2639 2639 2639 2618 2618 2618 2618 2639 2639
    2639 2639 2659 2659 2659 2659 2680 2701 2680 2680 2659 2659 2680
    2680 2680 2680 2701 2680 2680 2680 2659 2639 2639 2639 2618 2618
    2618 2639 2639 2659 2659 2659 2659 2659 2659 2680 2701 2680 2680
    2680 2680 2680 2680 2680 2680 2701 2701 2701 2701 2680 2680 2659
    2659 2639 2639 2639 2639 2639 2659 2659 2659 2680 2659 2659 2680
    2680 2680 2680 2680 2680 2680 2701 2701 2701 2701 2701 2701 2701
    2680 2680 2680 2659 2639 2639 2639 2659 2659 2659 2659 2659 2659
    2659 2659 2659 2659 2680 2680 2680 2680 2680 2680 2680 2680 2701
    2701 2701 2701 2680 2680 2680 2659 2659 2639 2639 2659 2659 2680
    2659 2659 2659 2659 2659 2659 2659 2680 2680 2680 2680 2680 2680
    2680 2680 2680 2701 2701 2680 2680 2680 2659 2659 2659 2639 2639 0
    2680 2680 2680 2659 2659 2639 2639 2659 2659 2680 2680 2680 2680
    2680 2680 2659 2659 2680 2680 2701 2680 2659 2659 2639 2639 2639
    2618 2618 0 0 0 0 2659 2659 2639 2639 2659 2659 2680 2680 2680 2680
    2659 2659 2639 2639 2680 2680 2701 2680 2659 2659 2639 2618 2618
    2618 2618 0 0 0 0 2659 2659 2639 2639 0 0 0 2639 2639 2701 2659 2659
    2639 2639 2701 2701 2723 2723 2659 2659 2618 2618 2618 2618 2639 0 0
    0 0 0 0 0 0 0 0 0 2639 2639 0 0 0 2659 2659 2701 2701 2680 2680 0 0
    2618 2618 2618 2618 0 0 0 0 0 0 0 0 0 0 0 0 0 0 0 0 0 0 2598 2598
    2598 2680 2680 0 0 0 0 2618 2618 0</data></Depth10494>
</opencv_storage>
