<?xml version="1.0"?>
<opencv_storage>
<Depth10012 type_id="opencv-matrix">
  <rows>133</rows>
  <cols>94</cols>
  <dt>w</dt>
  <data>
    0 0 0 0 0 0 0 0 0 0 0 0 0 0 0 0 1904 1904 1904 1936 0 0 0 0 0 0 0 0
    0 0 0 0 0 0 0 0 0 0 0 0 0 0 0 0 0 0 0 0 0 0 0 0 0 0 0 0 0 0 0 734
    731 730 728 727 727 0 717 716 716 714 711 710 710 707 706 706 707
    707 708 710 710 714 0 0 0 0 0 0 0 0 0 0 0 0 0 0 0 0 0 0 0 0 0 0 0 0
    0 0 0 1926 1915 1915 1915 1936 0 0 0 0 0 0 0 0 0 0 0 0 0 0 0 0 0 0 0
    0 0 0 0 0 0 0 0 0 0 0 0 0 0 0 0 0 0 730 728 728 731 730 728 727 722
    722 717 716 714 714 711 710 708 707 706 706 707 707 710 711 714 714
    717 0 0 0 0 0 0 0 0 0 0 0 0 0 0 0 0 0 0 0 0 0 0 0 0 0 0 1926 1926
    1926 1926 1936 1947 0 0 0 0 1926 1926 0 0 0 0 0 0 0 0 0 0 0 0 0 0 0
    0 0 0 755 755 757 0 0 0 0 0 0 0 0 0 730 728 728 728 728 727 725 722
    722 717 716 714 714 711 710 708 707 706 706 707 707 710 713 716 717
    717 0 0 0 0 0 0 0 0 0 0 0 0 0 0 0 0 0 0 0 0 0 0 0 0 0 0 1936 1936
    1936 1936 1936 1947 1947 1970 1970 0 1926 1926 1959 0 0 0 0 0 0 0 0
    0 0 0 0 0 0 0 0 764 755 755 757 0 0 0 0 0 0 0 0 731 731 728 728 728
    727 727 725 722 722 717 716 714 714 711 710 708 708 706 706 707 708
    711 714 717 719 719 0 0 0 0 0 0 0 0 0 0 0 0 0 0 0 0 0 0 0 0 0 0 0 0
    0 0 1959 1959 1947 1936 1936 1947 1947 1970 1970 1970 1947 1947 1959
    0 0 0 0 0 0 0 0 0 0 0 0 0 0 0 0 764 757 757 757 757 0 0 0 741 741 0
    733 731 731 731 731 728 727 725 725 722 720 719 716 714 713 710 708
    708 707 706 706 706 707 711 716 719 720 722 730 734 0 0 0 0 0 0 0 0
    0 0 0 0 0 0 0 0 0 0 0 0 0 0 0 0 1970 1959 1947 1936 1936 1947 1947
    1970 1970 1970 1970 1970 0 0 0 0 0 0 0 0 0 0 0 0 0 0 0 0 762 759 755
    752 752 750 750 746 742 741 741 739 733 733 734 733 731 728 727 725
    723 722 720 717 716 713 711 710 708 708 707 706 706 706 707 710 714
    719 720 722 728 734 739 0 0 0 0 0 0 0 0 0 0 0 0 0 0 0 0 0 0 0 0 0 0
    0 1970 1959 1947 1947 1947 1947 1981 1993 1970 1970 1993 1993 2005 0
    0 0 0 0 0 0 0 0 0 0 0 766 761 761 759 755 752 750 750 749 749 746
    742 742 739 738 736 734 733 731 730 728 727 725 723 720 719 717 714
    713 710 708 708 708 707 706 706 706 706 710 713 719 722 725 728 734
    739 0 0 0 0 0 0 0 0 0 0 0 0 0 0 0 0 0 0 0 0 0 0 0 0 1970 1970 1970
    1970 1993 1993 1993 1993 2005 2005 2005 2005 0 0 0 0 0 0 0 0 0 0 766
    764 764 761 759 757 754 750 750 750 749 747 746 744 741 739 738 736
    733 731 730 730 727 725 723 722 720 717 716 714 713 710 708 708 708
    706 704 704 704 706 708 711 716 723 727 728 734 741 746 749 0 0 0 0
    0 0 0 0 0 0 0 0 0 0 0 0 0 0 0 0 0 0 0 0 2040 2040 2028 2005 2005
    2005 2005 785 785 785 0 0 0 780 778 778 0 771 771 767 766 764 762
    761 759 755 754 750 750 750 747 747 744 742 739 739 736 734 733 731
    730 730 727 725 723 722 720 716 716 714 713 710 708 708 707 706 704
    704 704 706 708 711 714 725 728 728 736 742 746 749 0 0 0 0 0 0 0 0
    0 0 0 0 0 0 0 0 0 0 0 0 0 0 0 0 2040 2040 2028 2028 2016 2016 2016
    785 785 785 785 781 780 778 778 774 773 771 769 767 766 764 762 761
    757 754 752 750 749 749 747 746 744 742 739 738 736 734 733 731 731
    730 727 725 723 722 720 716 714 714 713 710 707 707 704 704 704 704
    704 707 710 711 714 727 728 730 738 741 747 750 755 0 0 0 0 0 0 0 0
    0 0 0 0 0 0 0 0 0 0 0 0 0 0 803 2040 2040 2040 2040 2040 2040 792
    785 785 785 785 781 780 778 778 774 773 771 769 767 766 764 762 761
    757 754 752 750 749 749 746 746 742 741 739 738 736 734 733 731 730
    728 727 725 723 722 719 716 714 713 711 708 707 707 704 704 703 703
    704 706 708 711 713 727 728 731 738 741 746 754 755 761 761 0 0 0 0
    0 0 0 0 0 0 0 0 0 0 0 0 0 0 803 803 803 805 805 805 805 794 794 792
    792 785 785 785 781 780 778 778 774 773 771 769 767 766 762 761 759
    757 754 752 750 749 747 746 746 742 741 739 739 736 734 733 731 730
    728 727 727 723 720 717 716 714 713 711 708 707 706 704 704 703 703
    704 706 708 713 713 722 727 731 738 741 746 755 757 761 761 0 0 0 0
    0 0 0 0 0 0 0 0 0 0 0 0 0 807 803 803 805 805 805 803 800 794 794
    792 792 789 785 783 781 778 776 776 774 773 771 769 767 764 761 759
    757 755 752 750 750 747 747 746 744 742 742 739 738 734 734 733 731
    728 727 727 725 722 720 717 714 713 711 710 708 706 706 704 703 703
    703 703 706 707 713 716 720 723 730 739 741 746 752 757 761 762 771
    0 0 0 0 0 0 0 0 0 0 0 0 0 0 0 0 807 805 805 805 803 802 802 798 794
    794 792 792 789 785 783 781 778 776 774 773 773 771 769 766 764 759
    759 757 755 752 750 750 747 747 746 744 742 739 739 736 734 733 733
    731 728 727 727 723 722 720 716 714 713 711 710 708 706 704 703 703
    703 703 703 704 707 713 719 720 723 730 738 744 746 750 755 761 762
    771 776 778 0 0 0 0 0 0 0 0 0 0 0 821 819 819 811 807 807 805 803
    802 802 798 796 794 792 792 789 785 785 781 778 776 774 773 771 769
    767 766 761 759 759 757 755 752 750 750 747 747 746 742 741 739 738
    734 733 733 731 730 728 727 725 723 722 720 716 714 713 711 710 708
    706 704 703 703 703 703 703 704 707 716 719 722 723 736 736 742 747
    750 755 761 773 774 776 778 0 0 0 0 0 0 0 0 0 0 0 817 817 817 813
    809 807 803 802 802 800 798 796 794 792 790 787 785 783 781 780 776
    774 771 771 767 766 766 761 759 757 755 754 752 750 749 747 747 746
    742 741 738 736 734 733 731 730 728 727 725 723 723 722 719 716 714
    713 710 710 707 706 704 703 703 703 703 703 704 716 716 720 723 725
    736 736 741 746 747 759 762 774 776 778 780 0 0 0 0 0 0 0 0 0 0 0
    817 815 815 813 809 807 803 802 800 800 798 794 794 792 789 785 785
    783 780 778 776 773 771 769 766 766 764 761 759 757 755 752 752 750
    749 747 746 744 742 741 738 736 734 733 731 730 728 727 725 723 722
    722 716 714 714 713 710 708 707 706 704 703 703 701 701 703 704 714
    714 719 722 727 731 736 741 744 747 762 762 774 776 780 780 0 0 0 0
    0 0 0 0 0 0 0 813 813 813 813 811 807 803 802 800 798 796 794 794
    792 789 785 783 781 780 778 776 773 771 769 766 766 764 759 759 755
    754 752 750 750 749 746 746 744 742 741 736 734 734 733 731 728 727
    727 723 722 722 720 716 714 714 713 710 708 706 704 704 703 703 701
    701 703 704 713 713 717 722 727 731 736 741 744 744 774 774 774 776
    780 781 0 0 0 0 0 0 0 0 0 0 0 811 811 813 813 811 805 803 802 798
    796 794 794 792 789 785 785 781 780 778 776 774 773 771 769 767 766
    764 759 757 755 754 752 750 749 747 746 746 744 741 738 736 734 733
    733 730 728 727 725 723 722 720 719 716 714 713 711 708 707 706 704
    703 703 701 701 701 703 704 713 713 717 720 733 733 738 742 744 747
    747 776 776 776 780 783 0 0 0 0 0 0 0 0 0 0 0 811 811 813 813 807
    802 802 802 798 796 792 792 790 789 785 783 781 780 778 776 774 771
    771 769 767 764 762 759 757 754 752 752 750 747 746 744 744 742 741
    738 736 734 733 731 730 728 727 725 723 722 720 719 714 714 713 710
    708 707 706 704 703 701 700 700 700 701 703 713 713 716 720 734 734
    739 742 744 747 750 750 776 776 780 783 0 0 0 0 0 0 0 0 0 0 0 813
    813 813 813 807 802 802 800 796 794 792 792 789 787 785 781 780 778
    778 773 771 771 769 767 766 762 761 759 757 754 752 752 749 747 746
    744 744 742 741 736 734 733 733 731 728 727 725 723 722 720 720 717
    714 713 711 710 708 707 706 704 703 701 700 700 700 701 703 711 713
    716 720 731 731 739 742 746 749 750 761 766 776 780 783 0 0 0 0 0 0
    0 0 0 0 0 813 813 813 811 805 803 802 800 796 794 792 790 789 785
    783 781 780 778 776 773 771 769 767 766 764 762 759 759 757 754 752
    750 749 746 744 744 744 741 739 736 734 733 731 730 728 727 723 723
    722 720 720 717 714 713 711 710 708 707 706 704 701 700 698 698 698
    700 708 711 716 716 723 730 731 736 742 747 749 754 761 766 771 780
    783 0 0 0 0 0 0 0 0 0 0 0 813 813 813 807 805 802 802 800 796 794
    792 790 789 785 783 780 780 778 774 773 771 769 766 766 764 761 759
    757 755 752 750 749 746 746 744 744 744 741 739 736 734 733 730 730
