<?xml version="1.0"?>
<opencv_storage>
<Depth6777 type_id="opencv-matrix">
  <rows>88</rows>
  <cols>43</cols>
  <dt>w</dt>
  <data>
    3994 3948 3948 3994 3948 3948 3994 3994 3948 3903 3903 3903 3903
    3948 3903 3903 3948 1173 1165 1161 1157 1153 1149 1149 1149 1153
    3859 3859 3859 3859 3859 3774 3774 3774 3774 3774 3774 3774 3732
    3732 3774 3774 3732 3948 3948 3948 3994 3948 3948 3948 3948 3994
    3994 1173 1173 1169 1169 1169 1169 1169 1169 1161 1157 1157 1153
    1153 1153 1153 1153 3859 3859 3859 3859 3816 3816 3774 3774 3774
    3774 3774 3774 3732 3732 3774 3774 3732 3903 3903 3903 3994 3994
    3994 1181 1181 1177 1173 1173 1173 1169 1169 1169 1165 1165 1161
    1157 1157 1153 1153 1153 1153 1153 1153 1153 3859 3859 3859 3816
    3816 3816 3816 3816 3774 3774 3774 3732 3732 3774 3732 3732 3903
    3903 1189 1189 1185 1181 1181 1181 1177 1173 1173 1173 1169 1169
    1165 1165 1161 1157 1157 1157 1153 1153 1153 1153 1153 1153 0 3859
    3859 3859 3816 3816 3816 3816 3774 3732 3732 3732 3732 3732 3732
    3732 3732 3903 1189 1189 1189 1185 1181 1181 1181 1177 1173 1173
    1173 1169 1169 1165 1165 1161 1157 1153 1153 1153 1153 1153 1153
    1153 1153 0 0 3859 3859 3816 3816 3816 3816 3774 3732 3732 3732 3732
    3732 3732 3732 3732 1193 1189 1189 1189 1185 1185 1185 1181 1177
    1173 1173 1169 1169 1169 1165 1161 1157 1153 1153 1153 1149 1149
    1149 1153 1153 1161 1161 0 3816 0 3816 3774 3774 3774 3774 3732 3732
    3732 3732 3732 3732 3732 3732 1193 1189 1189 1189 1185 1185 1185
    1181 1173 1173 1169 1169 1169 1165 1161 1157 1157 1153 1153 1153
    1149 1149 1149 1153 1153 1161 1161 1210 1210 0 0 3774 3732 3732 3732
    3732 3732 3774 3774 3732 3732 3732 3732 1185 1185 1185 1185 1185
    1185 1181 1177 1173 1169 1169 1169 1165 1161 1157 1157 1153 1153
    1153 1149 1145 1145 1145 1149 1153 1165 1165 1210 1210 1210 0 3732
    3732 3732 3732 3732 3732 3732 3732 3732 3732 3732 3732 1185 1185
    1185 1185 1181 1181 1177 1173 1173 1169 1169 1165 1165 1161 1157
    1153 1153 1153 1149 1149 1145 1141 1141 1149 1149 1161 1165 1210
    1210 1210 0 3732 3774 3774 3732 3732 3732 3732 3732 3732 3732 3732
    3732 1185 1185 1185 1185 1181 1177 1173 1173 1169 1169 1165 1161
    1157 1157 1153 1153 1153 1153 1149 1145 1141 1141 1141 1145 1149
    1153 1165 1206 1206 1206 0 3732 3732 3732 3732 3732 3732 3732 3732
    3732 3732 3732 3732 1185 1181 1181 1181 1177 1177 1173 1169 1169
    1165 1165 1161 1157 1157 1153 1153 1153 1149 1145 1145 1138 1138
    1138 1141 1145 1153 1165 1206 1206 1206 1197 3732 3732 3732 3732
    3732 3732 3732 3732 3732 3732 3732 3732 1181 1181 1181 1177 1173
    1173 1173 1169 1165 1161 1157 1157 1157 1157 1153 1149 1149 1141
    1141 1141 1138 1138 1138 1138 1141 1169 1169 1206 1197 1197 1197 0
    3692 3692 3692 3732 3732 3732 3732 3732 3732 3732 3732 1181 1177
    1177 1177 1173 1173 1173 1165 1161 1157 1157 1157 1157 1153 1153
    1149 1149 1141 1141 1138 1138 1138 1138 1138 1138 1169 1169 1193
    1193 1197 1219 1219 3692 3692 3692 3732 3732 3732 3732 3732 3732
    3732 3692 1177 1177 1177 1177 1173 1173 1173 1165 1161 1157 1157
    1153 1153 1153 1153 1149 1145 1141 1138 1138 1134 1134 1134 1134
    1138 1161 1161 1193 1193 1202 1219 1227 1227 3732 3732 3732 3732
    3732 3732 3692 3692 3732 3692 1177 1177 1177 1173 1173 1169 1169
    1165 1157 1157 1157 1153 1153 1153 1149 1145 1141 1141 1138 1134
    1134 1134 1134 1134 1138 1141 1161 1197 1197 1206 1214 1227 1227
    1227 3732 3732 3732 3692 3692 3692 3692 3692 3692 1173 1173 1173
    1173 1173 1169 1165 1161 1157 1157 1153 1153 1153 1149 1149 1145
    1141 1141 1138 1134 1130 1130 1130 1130 1134 1141 1161 1193 1193
    1206 1214 1232 1232 1328 1328 3732 3732 3692 3692 3692 3692 3692
    3692 1169 1169 1169 1169 1169 1165 1165 1161 1157 1157 1153 1153
    1153 1149 1145 1141 1138 1138 1134 1130 1126 1126 1130 1130 1130
    1138 1153 1181 1193 1202 1219 1232 1328 1328 1328 1328 1328 3692
    3692 3692 3692 3692 3692 1169 1169 1169 1169 1169 1165 1165 1157
    1157 1153 1153 1153 1153 1149 1145 1141 1138 1138 1134 1126 1126
    1126 1126 1126 1126 1130 1153 1173 1197 1197 1223 1236 1322 1317
    1317 1322 1322 3692 3692 3692 3692 3692 3692 1165 1165 1165 1169
    1165 1165 1157 1157 1153 1153 1153 1149 1149 1145 1141 1141 1138
    1138 1130 1126 1126 1126 1126 1126 1126 1130 1141 1173 1185 1197
    1227 1236 1322 1312 1312 1317 1317 3692 3692 3692 3692 3692 3692
    1165 1165 1165 1169 1165 1161 1157 1157 1153 1149 1149 1145 1141
    1141 1141 1138 1138 1138 1130 1126 1126 1123 1123 1123 1123 1126
    1141 1165 1185 1197 1227 1236 1236 1307 1302 1302 1302 3692 3692
    3653 3653 3692 3692 1165 1165 1165 1169 1165 1161 1157 1153 1149
    1149 1145 1141 1141 1141 1138 1138 1138 1134 1130 1126 1126 1123
    1123 1123 1123 1126 1141 1165 1173 1197 1232 1232 1232 1297 1297
    1297 1297 3692 3692 3653 3653 3653 3653 1165 1165 1165 1165 1161
    1157 1157 1153 1149 1149 1141 1141 1138 1138 1138 1138 1134 1130
    1126 1123 1123 1123 1123 1123 1123 1126 1145 1157 1169 1177 1223
    1227 1288 1288 1292 1297 1302 1302 3692 3653 3653 3653 3653 1165
    1165 1165 1161 1161 1157 1153 1153 1149 1149 1141 1141 1138 1138
    1138 1138 1134 1130 1126 1123 1123 1123 1119 1119 1119 1119 1145
    1157 1165 1177 1214 1223 1288 1283 1283 1297 1302 1302 3692 3692
    3653 3653 3653 1165 1161 1161 1161 1157 1157 1153 1153 1149 1149
    1141 1141 1138 1138 1134 1134 1130 1126 1123 1123 1123 1119 1115
    1115 1115 1115 1145 1153 1161 1177 1197 1219 1288 1283 1283 1297
    1312 1312 3692 3692 3653 3653 3614 1157 1157 1157 1157 1157 1153
    1153 1153 1153 1145 1141 1138 1138 1138 1134 1130 1126 1126 1123
    1123 1119 1115 1112 1112 1112 1115 1138 1153 1161 1173 1193 1210
    1288 1288 1288 1297 1312 1312 3774 3692 3692 3653 3614 1153 1153
    1157 1157 1153 1153 1149 1149 1145 1141 1141 1138 1138 1134 1130
    1130 1126 1126 1123 1119 1119 1115 1112 1112 1112 1112 1115 1153
    1161 1173 1193 1210 1288 1283 1283 1283 1288 3732 3732 3653 3653
    3653 3614 1153 1153 1153 1153 1153 1149 1145 1141 1141 1138 1138
    1134 1134 1130 1130 1126 1126 1123 1119 1115 1115 1112 1112 1112
    1112 1112 1115 1145 1153 1193 1193 1206 1210 1283 1283 1288 1288
    3732 3732 3653 3653 3653 3653 1153 1153 1153 1153 1153 1149 1145
    1141 1138 1138 1134 1134 1130 1130 1126 1126 1126 1123 1115 1115
    1112 1112 1112 1108 1108 1112 1115 1138 1149 1153 1202 1206 1210
    1283 1283 1288 1292 1292 3653 3653 3653 3653 3653 1157 1153 1153
    1153 1145 1145 1141 1141 1138 1138 1134 1130 1126 1126 1126 1126
    1123 1119 1115 1112 1112 1108 1108 1108 1108 1108 1112 1126 1145
    1149 1206 1206 1206 1283 1283 1288 1292 1292 1297 3653 3653 3653
    3653 0 1153 1153 1153 1145 1141 1141 1141 1138 1138 1134 1130 1126
    1126 1126 1123 1123 1119 1115 1112 1108 1108 1108 1105 1105 1108
    1112 1126 1138 1145 1153 1197 1202 1259 1283 1288 1292 1297 1297
    3653 3653 3653 3653 1157 1153 1153 1149 1145 1141 1141 1138 1138
    1138 1134 1130 1126 1126 1123 1123 1123 1119 1115 1112 1108 1108
    1105 1105 1105 1105 1112 1123 1138 1145 1149 1197 1202 1259 1278
    1283 1288 1297 1297 3614 3614 3614 3653 1153 1153 1153 1145 1145
    1141 1141 1138 1138 1134 1134 1126 1126 1126 1123 1123 1119 1115
    1112 1112 1108 1105 1105 1101 1101 1101 1108 1123 1138 1145 1149
    1202 1202 1210 1268 1278 1283 1283 1283 3614 3614 3614 3614 1153
    1153 1145 1145 1141 1141 1141 1138 1138 1130 1126 1126 1126 1126
    1123 1123 1119 1115 1112 1108 1108 1105 1105 1101 1101 1101 1105
    1105 1138 1145 1149 1202 1206 1210 1268 1273 1278 1278 0 3614 3614
    3614 3614 1153 1149 1145 1145 1141 1141 1138 1138 1134 1130 1126
    1126 1126 1123 1123 1123 1115 1112 1112 1108 1108 1105 1101 1101
    1097 1097 1097 1101 1138 1145 1149 1202 1210 1219 1245 1264 1273
    1273 0 3614 3614 3614 3576 1145 1145 1141 1141 1138 1138 1138 1134
    1134 1130 1126 1126 1126 1123 1123 1119 1112 1112 1108 1108 1105
