<?xml version="1.0"?>
<opencv_storage>
<Depth10727 type_id="opencv-matrix">
  <rows>104</rows>
  <cols>53</cols>
  <dt>w</dt>
  <data>
    2789 2767 2767 2744 2744 2767 2767 2767 2812 2835 2812 2812 2835
    2835 2835 2835 2835 898 0 0 896 896 896 898 898 898 894 894 894 896
    0 0 0 0 0 0 0 0 0 0 0 0 0 995 1001 1013 1054 1054 1054 1060 1067
    1067 1087 2789 2767 2767 2744 915 915 915 915 915 915 930 930 930
    930 906 0 0 0 0 896 896 896 896 903 901 901 896 896 896 896 894 0 0
    0 0 0 0 0 0 0 0 0 0 995 1001 1013 1054 1054 1054 1060 1067 1067 1087
    2789 2767 2767 915 915 915 915 915 915 913 913 918 918 908 906 903
    903 898 896 896 896 896 896 903 903 896 896 894 894 894 894 0 0 0 0
    0 0 0 0 0 964 964 995 995 1001 1013 1022 1054 1054 1060 1067 1067
    1087 0 0 920 915 915 915 915 913 913 913 913 913 910 908 906 903 903
    898 896 896 896 896 896 891 891 894 896 891 889 889 0 0 0 915 915 0
    0 0 0 962 962 964 973 989 1001 1007 1022 1047 1054 1060 1067 1067
    1090 0 0 920 915 915 915 915 913 913 913 910 908 908 906 906 903 903
    898 896 896 896 896 894 891 891 891 891 889 887 885 885 887 0 913
    913 923 933 935 938 954 962 967 973 984 1001 1007 1047 1047 1054
    1060 1073 1073 1073 0 0 923 918 915 915 915 913 913 913 910 908 908
    906 906 903 903 901 898 896 896 896 894 891 891 889 887 887 885 885
    885 887 889 896 903 918 930 933 938 954 962 967 975 984 998 1007
    1047 1047 1054 1060 1073 1073 1073 0 0 923 918 915 915 915 913 913
    910 910 908 908 906 903 903 903 901 898 896 896 896 894 891 889 889
    887 887 885 885 885 887 889 896 903 918 930 933 938 954 962 967 975
    989 995 1004 1047 1047 1054 1060 1073 1073 1073 0 0 923 918 918 915
    915 915 913 910 910 908 908 906 903 903 903 903 901 898 896 896 894
    891 889 889 887 887 885 885 885 887 887 894 925 925 933 938 943 954
    959 970 984 989 995 1004 1050 1050 1054 1063 1067 1077 1077 0 0 0
    918 918 915 915 915 913 910 910 910 908 906 906 903 903 903 901 898
    896 896 896 894 894 891 889 887 885 885 885 887 887 894 923 925 930
    938 943 946 956 975 987 992 998 1010 1038 1050 1060 1067 1067 1077
    1077 0 0 0 918 918 918 915 915 915 913 913 910 908 906 906 903 903
    903 901 898 898 896 896 894 894 894 889 887 887 887 887 887 889 898
    920 923 928 935 943 946 954 975 987 992 1001 1013 1038 1044 1060
    1067 1067 1077 1077 0 0 0 918 918 918 915 915 915 913 913 910 908
    906 906 906 903 903 901 898 898 896 894 894 894 894 889 887 887 887
    887 887 891 898 918 923 925 933 943 946 954 975 987 992 1001 1013
    1038 1044 1054 1070 1070 1080 1080 0 923 920 920 920 918 915 915 915
    913 913 910 908 908 906 906 903 903 901 898 898 896 894 894 894 891
    889 887 887 887 887 889 891 901 915 920 925 933 946 954 964 975 987
    998 1007 1016 1041 1044 1054 1067 1067 1080 1080 0 920 920 920 923
    920 918 915 915 913 913 910 908 908 906 906 903 903 903 898 898 896
    894 894 894 891 889 887 887 887 887 889 891 903 913 918 925 933 948
    959 964 970 987 998 1007 1019 1041 1047 1054 1067 1067 1077 1080 0
    920 920 920 920 920 918 915 913 913 913 910 910 908 906 906 903 903
    903 898 898 896 894 894 891 891 889 887 887 887 887 889 894 903 910
    918 928 935 954 959 962 967 995 998 1004 1019 1044 1047 1057 1067
    1073 1077 1077 0 920 920 920 920 920 918 915 913 913 913 910 910 908
    906 906 903 903 901 898 898 896 896 894 891 889 889 887 887 887 887
    889 894 903 910 918 930 935 951 956 962 967 995 998 1004 1025 1041
    1047 1060 1067 1073 1080 1080 0 0 923 923 920 920 918 915 913 913
    913 913 910 906 906 903 903 903 901 898 896 896 896 894 891 889 889
    887 887 887 887 889 894 903 910 923 933 938 951 956 962 967 992 998
    1004 1028 1041 1047 1060 1067 1077 1084 0 0 0 923 923 920 920 918
    915 913 913 913 913 910 906 906 903 903 903 901 898 896 896 896 894
    894 891 889 887 887 887 887 889 898 906 910 923 933 940 951 956 959
    967 992 998 1007 1028 1041 1050 1057 1067 1080 1087 1087 0 933 925
    925 923 920 918 915 913 913 913 910 910 906 906 903 903 903 901 898
    896 896 896 894 894 891 889 887 887 887 887 889 898 908 913 920 930
    940 951 956 959 978 987 998 1004 1028 1044 1050 1057 1070 1084 1084
    0 0 933 923 923 923 923 920 915 913 913 913 910 910 906 906 906 903
    903 901 901 898 896 894 894 894 894 891 889 887 887 887 889 901 910
    915 920 930 940 951 956 967 981 987 998 1001 1031 1047 1050 1057
    1070 1080 0 0 0 0 923 923 923 923 923 915 913 913 913 910 908 908
    906 906 903 903 901 901 898 896 894 894 894 894 891 889 889 887 887
    889 901 910 913 918 928 940 951 954 973 984 989 998 1001 1034 1047
    1050 1057 1070 1080 1080 0 0 0 925 923 923 923 920 915 915 913 910
    910 908 908 906 906 906 903 903 901 898 896 896 894 894 894 894 889
    889 889 889 894 901 908 913 918 928 943 954 954 973 984 989 995 1001
    1028 1047 1050 1060 1073 1080 1084 0 0 0 0 923 923 920 918 915 915
    913 910 908 908 908 906 906 906 903 903 901 898 896 894 894 894 894
    894 891 889 889 889 894 901 908 913 918 930 943 954 954 964 984 989
    995 1010 1028 1044 1044 1067 1073 1080 1084 0 0 0 0 923 923 920 918
    915 915 915 913 908 908 908 906 906 906 903 903 898 896 896 894 894
    894 894 891 889 889 889 889 894 898 908 913 918 930 946 951 954 964
    987 989 998 1010 1028 1044 1044 1073 1073 1080 1087 0 0 0 923 923
    923 920 918 915 915 913 910 908 908 908 908 906 906 903 903 898 896
    896 896 896 894 894 891 889 887 887 889 891 898 908 913 920 933 946
    951 954 967 987 989 995 1010 1034 1044 1044 1077 1077 1084 1090 1090
    0 0 923 923 923 923 915 915 915 913 910 908 908 908 908 908 906 903
    903 901 898 896 896 896 894 894 891 889 887 887 889 891 894 910 915
    920 933 948 954 954 967 987 989 995 1010 1034 1044 1050 1077 1077
    1080 1090 1090 0 0 925 925 925 923 915 915 915 913 910 910 908 908
    908 908 906 906 903 898 898 898 896 896 894 891 891 889 887 887 889
    891 894 910 913 920 933 946 954 956 967 989 989 995 1016 1041 1047
    1050 1067 1077 1080 1090 1090 0 0 925 925 925 923 918 915 915 913
    913 910 908 908 908 908 906 906 901 898 898 898 896 894 894 891 891
    891 889 889 889 894 901 910 913 920 933 943 954 959 970 989 989 998
    1013 1041 1047 1050 1063 1077 1084 1087 1087 0 0 925 925 925 923 918
    915 915 913 913 910 910 908 908 906 906 903 901 901 898 898 896 894
    894 891 891 891 891 891 891 894 910 913 913 923 935 943 954 956 970
    995 995 1001 1010 1041 1047 1050 1063 1080 1084 1087 1087 0 925 925
    925 923 920 918 915 915 915 913 910 910 906 906 906 906 903 901 901
    898 898 896 894 894 891 891 891 891 891 891 896 906 913 915 920 938
    946 954 956 981 995 998 1001 1010 1041 1050 1050 1070 1080 1084 1084
    1084 0 925 925 925 923 920 918 915 915 915 913 913 910 906 906 906
    906 906 903 903 901 898 896 894 894 894 891 891 891 891 894 896 906
    913 915 920 938 946 954 959 981 992 998 1001 1010 1038 1050 1057
    1070 1080 1087 1087 0 0 925 925 925 923 920 918 918 915 915 913 913
    913 910 910 906 906 906 903 903 901 898 896 894 894 894 891 891 891
    891 891 896 906 908 913 925 943 948 954 959 981 992 998 1004 1010
    1038 1050 1063 1070 1080 1087 1087 0 0 925 925 925 923 920 918 918
    915 915 913 913 913 910 910 906 906 906 903 903 901 898 896 896 894
    894 891 891 891 891 891 896 906 908 913 928 940 948 954 964 984 989
    998 1004 1016 1038 1050 1063 1070 1080 1084 1084 0 0 925 925 925 923
    920 918 918 915 915 913 913 910 910 910 908 906 903 903 901 898 898
    896 896 894 894 891 891 891 891 891 896 910 910 915 933 940 948 951
    964 984 989 998 1007 1013 1038 1050 1060 1070 1080 1084 1084 0 0 925
    925 923 923 920 918 918 915 913 913 913 910 910 908 908 906 903 903
    901 898 898 898 896 894 894 894 894 891 891 891 896 910 910 915 933
    943 948 951 984 984 992 1001 1010 1013 1038 1050 1057 1070 1080 1087
    1087 0 0 928 925 923 923 920 920 918 915 913 913 913 910 910 908 908
