<?xml version="1.0"?>
<opencv_storage>
<Depth18366 type_id="opencv-matrix">
  <rows>7</rows>
  <cols>9</cols>
  <dt>w</dt>
  <data>
    6497 6497 6622 6622 6622 6497 6497 0 0 6622 6622 6622 6622 6622 6497
    6497 6497 0 6753 6753 6753 6753 6753 6497 6497 6497 6753 6622 6622
    6622 6622 6497 6497 6497 6622 6622 6375 6375 6497 6622 6497 6497
    6497 6622 6497 6375 6375 6497 6497 6497 6622 6622 6622 6497 6038
    6146 6259 6259 6375 6497 6622 6622 6497</data></Depth18366>
</opencv_storage>
