<?xml version="1.0"?>
<opencv_storage>
<Depth9559 type_id="opencv-matrix">
  <rows>87</rows>
  <cols>49</cols>
  <dt>w</dt>
  <data>
    4190 4190 4139 4139 4139 4139 4139 4139 0 0 0 0 0 0 0 0 4139 4089
    4089 4041 4041 4041 1273 1273 1268 1268 1268 1268 4139 1206 1202
    1202 1197 1197 1197 4139 4139 4089 4089 4089 4139 4139 4139 4139
    4190 4190 4190 4190 4190 4190 4190 4139 4139 4139 4139 4139 4139 0 0
    0 0 0 0 0 0 0 0 0 1173 1273 1273 1273 1273 1268 1259 1255 1236 1219
    1206 1202 1197 1193 1189 1189 1189 1189 1189 4089 4089 4139 4139
    4139 4139 4190 4241 4241 4190 4190 1381 1381 1387 1376 1376 1376
    1307 1307 1292 0 0 0 0 0 0 0 0 0 0 0 0 0 1268 1268 1259 1255 1250
    1232 1219 1206 1202 1193 1189 1189 1185 1185 1185 1185 1185 4139
    4139 4139 4139 4139 4139 4190 4190 4190 4190 1381 1381 1387 1376
    1376 1376 1307 1307 1292 1283 1283 0 0 0 0 0 0 0 0 1173 1177 1177
    1268 1268 1259 1181 1181 1181 1181 1185 1193 1193 1189 1189 1185
    1185 1185 1185 1185 1185 1185 4190 4190 4139 4139 4190 4190 4190
    4139 1392 1392 1387 1370 1370 1328 1322 1307 1292 1283 1283 0 0 0 0
    0 1189 1177 1173 1173 1177 1177 1177 1177 1177 1177 1177 1181 1181
    1185 1189 1193 1189 1189 1189 1189 1189 1189 1189 1189 0 4190 4190
    4190 4190 4190 4190 4190 4139 1398 1392 1381 1343 1338 1328 1322
    1307 1292 1292 1227 1223 1214 1206 1189 1181 1181 1173 1173 1173
    1173 1173 1173 1173 1177 1177 1177 1181 1181 1185 1185 1185 1185
    1185 1189 1189 1189 1189 1189 1189 1193 4190 4190 4190 4190 4190
    4190 4190 4139 1398 1392 1381 1343 1338 1328 1297 1292 1273 1259
    1227 1223 1214 1202 1181 1177 1173 1173 1169 1169 1173 1173 1173
    1173 1173 1177 1177 1181 1181 1181 1181 1185 1185 1185 1185 1189
    1193 1193 1193 1193 1193 4190 4190 4190 4190 4190 4190 4190 4139
    1392 1392 1381 1343 1338 1322 1297 1292 1273 1259 1232 1223 1214
    1202 1181 1177 1173 1173 1169 1169 1173 1173 1173 1173 1173 1177
    1181 1181 1181 1181 1181 1185 1189 1185 1185 1189 1193 1193 1193
    1193 1193 1193 4190 4190 4190 4190 4190 4190 4139 1392 1392 1381
    1349 1338 1322 1302 1292 1283 1268 1236 1227 1219 1202 1185 1177
    1173 1173 1169 1169 1173 1173 1173 1177 1177 1177 1181 1181 1181
    1181 1185 1185 1185 1185 1185 1185 1189 1189 1193 1193 1193 0 4190
    4190 4190 4190 4190 4190 4190 1392 1392 1387 1349 1338 1322 1307
    1292 1283 1268 1236 1227 1219 1210 1189 1181 1173 1173 1169 1169
    1173 1173 1173 1177 1177 1177 1177 1181 1181 1181 1181 1181 1185
    1185 1185 1185 1189 1189 1193 1193 1193 0 4190 4190 4190 4190 4190
    4190 4190 1392 1392 1381 1349 1338 1322 1307 1297 1283 1268 1259
    1232 1219 1210 1197 1181 1173 1173 1169 1169 1169 1169 1173 1177
    1177 1177 1177 1181 1181 1181 1181 1181 1185 1185 1185 1185 1189
    1189 1193 1193 1193 0 4190 4190 4190 4190 4190 4190 4190 1381 1381
    1376 1354 1338 1322 1312 1297 1278 1268 1259 1236 1219 1210 1197
    1185 1173 1173 1169 1169 1169 1169 1173 1173 1173 1173 1177 1177
    1181 1181 1185 1185 1185 1185 1185 1185 1185 1189 1193 1193 1193
    1193 4139 4139 4139 4190 4190 4190 4190 1381 1381 1376 1354 1343
    1328 1312 1302 1278 1268 1259 1241 1219 1210 1197 1185 1177 1173
    1169 1169 1169 1169 1173 1173 1173 1173 1177 1177 1181 1181 1185
    1185 1185 1185 1185 1185 1185 1193 1193 1193 1193 1193 0 4139 4139
    4139 4139 4139 4139 1376 1376 1376 1370 1343 1328 1312 1302 1288
    1268 1259 1241 1227 1214 1197 1189 1181 1173 1169 1169 1169 1169
    1173 1173 1173 1177 1177 1177 1181 1181 1185 1185 1185 1185 1185
    1185 1185 1193 1193 1193 1193 1193 0 4139 4139 4139 4139 4139 4139 0
    0 1376 1376 1349 1333 1317 1307 1288 1273 1259 1241 1227 1219 1197
    1189 1181 1173 1169 1169 1169 1169 1173 1173 1173 1177 1177 1177
    1181 1181 1185 1185 1185 1185 1185 1189 1189 1193 1193 1193 1197
    1197 0 4139 4139 4139 4139 4139 4139 0 1381 1381 1376 1349 1333 1317
    1307 1297 1283 1268 1241 1232 1219 1202 1193 1185 1173 1169 1169
    1169 1169 1173 1173 1177 1177 1181 1181 1181 1181 1181 1185 1185
    1185 1185 1189 1189 1193 1193 1193 1197 1197 0 4139 4139 4139 4190
    4139 4139 0 0 1381 1376 1354 1333 1322 1312 1297 1283 1273 1255 1232
    1219 1206 1197 1185 1173 1169 1169 1169 1169 1173 1173 1177 1177
    1177 1181 1181 1181 1181 1185 1185 1185 1189 1189 1189 1189 1189
    1189 1189 1197 1197 1197 4190 4190 4190 4139 4139 0 1376 1376 1376
    1359 1338 1328 1312 1297 1288 1273 1255 1232 1214 1206 1197 1189
    1177 1169 1169 1169 1169 1173 1173 1177 1177 1177 1181 1181 1181
    1181 1181 1181 1185 1185 1185 1185 1189 1189 1189 1189 1193 1193 0
    4139 4139 4139 4190 4190 0 1376 1376 1376 1359 1343 1328 1312 1297
    1288 1273 1255 1232 1214 1206 1197 1189 1177 1169 1169 1169 1169
    1173 1173 1173 1173 1173 1177 1181 1181 1181 1181 1181 1185 1185
    1185 1185 1185 1189 1193 1193 1193 1193 0 4089 4089 4089 4190 4139 0
    1376 1376 1376 1354 1343 1328 1312 1297 1288 1273 1264 1232 1214
    1206 1197 1193 1177 1169 1169 1169 1169 1173 1173 1173 1173 1173
    1177 1181 1181 1181 1181 1181 1185 1185 1185 1185 1185 1189 1193
    1193 1193 1193 0 4089 4089 4089 4190 4139 4089 1365 1365 1365 1354
    1343 1333 1312 1297 1288 1273 1264 1236 1219 1206 1197 1189 1181
    1173 1169 1169 1169 1173 1173 1173 1173 1173 1177 1181 1181 1181
    1181 1181 1185 1185 1185 1185 1185 1189 1193 1193 1197 1197 1202 0
    4089 4089 4190 4139 4089 0 1365 1365 1354 1343 1333 1312 1297 1288
    1278 1255 1236 1223 1206 1197 1189 1181 1173 1169 1169 1169 1173
    1173 1173 1173 1173 1177 1181 1181 1181 1181 1185 1181 1181 1185
    1185 1185 1189 1193 1193 1197 1202 1202 0 4190 4190 4190 4190 4089 0
    1370 1370 1359 1349 1338 1328 1297 1288 1273 1255 1241 1227 1210
    1202 1189 1181 1173 1169 1169 1169 1173 1173 1173 1173 1177 1177
    1181 1181 1181 1181 1181 1181 1181 1185 1185 1185 1189 1189 1193
    1197 1202 1202 0 4139 4139 4241 4190 3994 0 1392 1376 1359 1349 1338
    1328 1302 1288 1273 1255 1245 1232 1214 1202 1189 1181 1177 1169
    1169 1169 1173 1173 1173 1173 1177 1177 1181 1181 1181 1181 1181
    1181 1185 1185 1185 1185 1189 1189 1193 1193 1193 1193 4139 4139
    4139 4241 4190 3994 0 1392 1381 1365 1354 1338 1328 1317 1288 1273
    1255 1245 1236 1219 1206 1189 1181 1177 1169 1169 1169 1169 1169
    1169 1173 1177 1177 1181 1181 1181 1181 1185 1185 1185 1185 1185
    1189 1189 1189 1185 1185 1185 0 4190 4190 4190 4241 4190 4089 1392
    1392 1381 1370 1354 1338 1328 1312 1292 1278 1255 1245 1236 1223
    1210 1193 1185 1177 1169 1169 1169 1169 1169 1169 1173 1173 1177
    1177 1181 1181 1181 1185 1185 1185 1185 1185 1189 1189 1189 1181
    1181 1181 0 4295 4241 4241 4190 4190 0 1392 1392 1381 1370 1354 1338
    1328 1312 1302 1283 1255 1245 1236 1223 1210 1193 1185 1177 1169
    1169 1169 1169 1169 1169 1169 1173 1177 1177 1181 1181 1181 1185
    1185 1185 1185 1189 1189 1189 1189 1181 1181 1181 1202 4295 4295
    4241 4190 4190 0 1392 1392 1376 1370 1359 1343 1328 1312 1302 1273
    1259 1245 1236 1227 1210 1193 1185 1177 1169 1169 1169 1169 1169
    1169 1169 1173 1177 1177 1181 1181 1181 1181 1185 1185 1185 1185
    1189 1189 1193 1193 1197 1202 1202 0 4295 4241 4190 4190 4089 1392
    1392 1376 1370 1359 1343 1328 1312 1307 1273 1259 1245 1236 1227
    1214 1197 1185 1173 1169 1169 1169 1169 1169 1173 1173 1173 1177
    1177 1181 1181 1181 1181 1181 1185 1185 1185 1189 1189 1193 1193
    1197 1197 1197 1197 4241 4241 4190 4190 4089 1392 1392 1376 1370
    1359 1349 1333 1312 1307 1273 1264 1245 1236 1227 1219 1202 1185
    1173 1169 1169 1169 1169 1173 1173 1173 1173 1177 1177 1181 1181
    1181 1181 1181 1185 1185 1185 1185 1189 1193 1193 1197 1197 0 0 4241
    4241 4190 4190 4041 0 1376 1376 1370 1359 1349 1333 1317 1307 1278
    1264 1250 1241 1227 1219 1206 1189 1173 1169 1169 1169 1169 1173
    1173 1177 1177 1177 1177 1181 1181 1181 1181 1181 1185 1185 1185
    1185 1193 1193 1193 1193 1197 1197 0 4241 4241 4190 4190 4041 0 1381
