<?xml version="1.0"?>
<opencv_storage>
<Depth13005 type_id="opencv-matrix">
  <rows>28</rows>
  <cols>5</cols>
  <dt>w</dt>
  <data>
    5548 5734 5734 5832 5832 5548 5640 5832 5933 5832 5548 5640 5832
    5933 5832 5548 5832 5933 5933 5832 6146 6146 5933 5933 5832 6259
    6146 5933 5933 5832 6259 6146 5933 5933 5933 6038 5933 5933 5832
    5832 6038 5832 5832 5832 5832 6146 5832 5832 5832 5832 0 5832 5832
    5832 5832 0 5832 5832 5832 0 6146 6038 6038 6038 6038 5933 5832 5832
    5832 5832 5933 5832 5832 5832 5832 5933 5933 5832 5832 5832 5933
    5933 5933 5933 0 6038 6038 5933 5933 0 6038 6038 6038 6038 0 6038
    6146 6038 6038 0 6146 6146 6038 6038 0 6146 6146 6146 6146 0 6038
    6038 6146 6146 0 6038 6038 6146 6146 6146 5933 5933 6146 6146 6146
    5933 5933 6038 6038 0 5933 5933 5933 5933 0 5933 5933 5734 5734 0</data></Depth13005>
</opencv_storage>
