<?xml version="1.0"?>
<opencv_storage>
<Depth8725 type_id="opencv-matrix">
  <rows>86</rows>
  <cols>49</cols>
  <dt>w</dt>
  <data>
    3208 3178 1516 1516 1509 1509 1503 1503 1503 1496 1489 1483 1483
    1483 1470 1464 1464 1464 1464 3064 3064 1489 1470 1470 1458 1445
    1445 3092 3092 3120 3120 3120 3178 3178 1415 1415 1427 1427 1427
    1439 1439 1445 1445 1470 1464 1464 1464 4041 4041 1516 1516 1516
    1509 1509 1503 1503 1503 1496 1496 1489 1483 1483 1477 1470 1464
    1464 1464 1464 1464 1464 1458 1458 1445 1445 1439 1439 1439 1439
    1421 1421 3120 3120 1421 1415 1415 1415 1421 1421 1427 1433 1433
    1445 1470 1464 1464 1464 1464 4089 1516 1516 1516 1509 1509 1503
    1503 1496 1489 1489 1483 1483 1477 1470 1470 1464 1464 1464 1458
    1452 1452 1452 1452 1445 1445 1439 1439 1439 1427 1421 1421 1421
    1421 1421 1415 1415 1415 1410 1410 1421 1421 1427 1439 1439 1452
    1458 1464 1464 4089 1516 1516 1516 1516 1509 1509 1503 1496 1489
    1483 1483 1477 1470 1464 1464 1464 1464 1458 1458 1452 1452 1445
    1445 1439 1439 1439 1439 1433 1427 1421 1421 1421 1421 1421 1415
    1415 1410 1404 1404 1410 1415 1421 1421 1421 1445 1452 1464 1464
    4041 1516 1516 1516 1516 1509 1509 1503 1503 1489 1483 1477 1477
    1470 1464 1464 1464 1464 1458 1458 1452 1452 1445 1445 1439 1433
    1433 1433 1433 1427 1421 1421 1421 1421 1415 1410 1404 1404 1398
    1398 1404 1404 1410 1421 1421 1445 1452 1458 1458 4041 0 1516 1516
    1516 1509 1509 1503 1496 1489 1483 1477 1477 1470 1470 1470 1464
    1464 1458 1458 1452 1452 1445 1445 1439 1433 1433 1433 1433 1427
    1421 1421 1415 1415 1415 1410 1404 1404 1398 1398 1398 1404 1410
    1421 1427 1439 1445 1458 1458 3994 0 1523 1516 1509 1509 1503 1503
    1496 1489 1483 1477 1477 1470 1470 1470 1464 1464 1458 1458 1452
    1452 1445 1439 1439 1433 1433 1439 1433 1427 1421 1421 1415 1415
    1415 1410 1410 1404 1398 1398 1398 1398 1410 1421 1427 1439 1445
    1452 1452 3994 0 1516 1516 1509 1509 1503 1503 1496 1489 1483 1483
    1477 1470 1470 1470 1464 1464 1458 1458 1452 1445 1445 1439 1439
    1433 1433 1433 1433 1427 1427 1421 1415 1415 1415 1410 1410 1398
    1398 1398 1398 1398 1410 1421 1433 1439 1445 1452 1452 3994 0 1509 0
    1509 1509 1509 1503 1489 1489 1483 1483 1477 1470 1470 1470 1464
    1458 1458 1458 1452 1445 1445 1439 1433 1433 1433 1433 1427 1427
    1427 1421 1415 1415 1415 1410 1410 1398 1398 1398 1398 1404 1415
    1421 1439 1445 1445 1458 1458 1458 0 1516 0 1509 1509 1509 1503 1489
    1489 1483 1483 1477 1470 1470 1470 1464 1458 1458 1458 1458 1452
    1452 1439 1433 1433 1433 1433 1427 1427 1421 1421 1415 1415 1415
    1410 1410 1398 1398 1398 1398 1410 1415 1421 1439 1445 1445 1458
    1458 1458 1516 1516 1516 1509 1509 1509 1503 1489 1489 1483 1483
    1483 1477 1470 1470 1464 1458 1458 1458 1458 1452 1452 1439 1433
    1433 1433 1433 1433 1427 1421 1421 1421 1415 1415 1410 1404 1398
    1398 1398 1398 1410 1415 1421 1439 1445 1452 1458 1464 1464 1516
    1516 1516 1509 1509 1503 1503 1489 1489 1483 1483 1483 1477 1470
    1464 1464 1458 1458 1458 1458 1452 1445 1439 1433 1433 1433 1433
    1433 1427 1427 1421 1421 1415 1415 1410 1404 1398 1398 1398 1398
    1404 1415 1421 1433 1445 1452 1458 1464 1464 0 1516 1516 1509 1509
    1503 1503 1489 1489 1483 1483 1483 1477 1470 1464 1464 1458 1458
    1458 1452 1452 1445 1439 1433 1433 1433 1433 1433 1427 1421 1421
    1415 1415 1415 1410 1398 1398 1398 1398 1398 1404 1415 1421 1433
    1445 1452 1458 1464 1464 1516 1516 1516 1509 1509 1503 1503 1489
    1489 1483 1483 1483 1477 1470 1464 1464 1458 1458 1452 1452 1445
    1439 1433 1433 1433 1433 1433 1433 1427 1421 1421 1415 1415 1415
    1410 1398 1398 1398 1398 1398 1404 1415 1421 1433 1445 1458 1458
    1464 1464 1516 1516 1516 1516 1509 1509 1503 1489 1489 1483 1483
    1483 1477 1470 1464 1464 1458 1458 1452 1452 1445 1439 1433 1433
    1433 1433 1433 1433 1427 1421 1415 1415 1415 1415 1415 1398 1398
    1398 1398 1398 1404 1415 1421 1427 1445 1458 1458 1464 1464 1516
    1516 1516 1516 1509 1509 1503 1489 1489 1489 1483 1483 1477 1470
    1464 1464 1458 1458 1452 1452 1445 1439 1439 1433 1433 1433 1433
    1427 1421 1421 1415 1415 1415 1410 1410 1398 1398 1392 1392 1398
    1404 1415 1421 1427 1445 1452 1458 1464 1464 1529 1529 1523 1516
    1516 1503 1503 1489 1489 1483 1483 1483 1477 1470 1464 1464 1458
    1458 1458 1452 1445 1439 1439 1433 1433 1433 1433 1427 1421 1421
    1415 1415 1415 1410 1410 1398 1398 1392 1392 1398 1404 1415 1421
    1433 1445 1452 1458 1464 1464 1529 1529 1516 1516 1509 1503 1496
    1489 1489 1483 1483 1483 1477 1470 1464 1464 1464 1458 1458 1452
    1445 1439 1439 1433 1433 1433 1433 1427 1427 1421 1421 1415 1415
    1410 1404 1398 1398 1398 1398 1398 1404 1415 1421 1433 1445 1452
    1452 1458 1458 1529 1529 1516 1516 1509 1503 1496 1489 1489 1489
    1483 1483 1477 1470 1464 1464 1464 1458 1458 1452 1445 1439 1439
    1433 1433 1433 1433 1427 1427 1421 1421 1415 1415 1410 1404 1398
    1398 1398 1398 1398 1404 1410 1421 1433 1445 1445 1452 1458 1458
    1523 1523 1516 1509 1509 1496 1496 1489 1489 1483 1483 1477 1477
    1470 1470 1464 1464 1458 1452 1445 1445 1439 1439 1433 1433 1433
    1433 1427 1427 1421 1421 1415 1415 1410 1404 1398 1398 1398 1398
    1398 1404 1410 1421 1433 1445 1445 1452 1458 1458 1523 1523 1516
    1509 1509 1496 1496 1489 1489 1483 1483 1477 1477 1470 1470 1464
    1464 1458 1452 1445 1445 1439 1439 1433 1433 1433 1439 1427 1421
    1421 1421 1421 1415 1415 1404 1398 1398 1392 1392 1398 1404 1415
    1421 1433 1445 1445 1458 1458 1458 1516 1516 1516 1509 1509 1503
    1503 1489 1489 1483 1483 1477 1477 1470 1470 1464 1464 1458 1452
    1445 1445 1439 1433 1433 1433 1433 1433 1427 1421 1421 1421 1421
    1415 1415 1404 1398 1398 1392 1392 1398 1404 1415 1421 1433 1445
    1452 1458 1458 4041 1523 1516 1516 1509 1509 1503 1489 1489 1489
    1483 1483 1483 1477 1477 1477 1464 1464 1458 1452 1445 1445 1439
    1433 1433 1433 1433 1433 1427 1421 1421 1421 1415 1415 1415 1404
    1398 1398 1392 1392 1398 1404 1415 1427 1433 1445 1452 1458 1458
    1458 1523 1516 1516 1509 1509 1503 1489 1489 1489 1483 1483 1483
    1483 1477 1477 1464 1464 1458 1452 1452 1445 1439 1439 1439 1433
    1433 1433 1427 1421 1421 1421 1415 1415 1415 1404 1398 1398 1392
    1392 1398 1404 1415 1421 1433 1439 1445 1458 1458 1458 1516 1516
    1516 1509 1509 1503 1489 1489 1489 1483 1483 1483 1483 1483 1477
    1464 1464 1458 1458 1452 1445 1439 1439 1433 1427 1427 1433 1433
    1427 1421 1421 1415 1415 1410 1404 1398 1398 1392 1392 1398 1404
    1410 1421 1433 1439 1445 1452 1458 1458 1543 1516 1509 1509 1509
    1503 1489 1489 1489 1483 1483 1483 1477 1477 1477 1464 1464 1458
    1458 1452 1439 1439 1439 1433 1427 1427 1433 1433 1427 1421 1421
    1415 1415 1410 1404 1404 1398 1398 1398 1398 1404 1410 1421 1433
    1439 1445 1452 1458 1458 1536 1516 1509 1509 1509 1503 1496 1489
    1489 1483 1483 1477 1477 1477 1470 1464 1464 1458 1452 1452 1439
    1439 1439 1433 1427 1427 1427 1427 1427 1421 1415 1415 1415 1410
    1404 1404 1398 1398 1398 1398 1404 1410 1421 1433 1439 1445 1452
    1458 1458 1536 1516 1516 1509 1509 1503 1496 1489 1483 1483 1483
    1477 1470 1470 1470 1464 1464 1458 1452 1452 1439 1439 1439 1433
    1427 1427 1427 1427 1427 1421 1415 1415 1415 1410 1404 1404 1398
    1398 1398 1398 1404 1415 1421 1433 1439 1445 1458 1458 1458 1564
    1523 1516 1509 1509 1503 1496 1489 1483 1483 1483 1477 1470 1470
    1470 1464 1464 1458 1458 1452 1445 1439 1433 1433 1433 1433 1427
    1421 1421 1421 1415 1415 1415 1404 1404 1404 1398 1398 1398 1398
    1404 1415 1421 1433 1445 1452 1458 1464 1464 1523 1523 1516 1509
    1509 1503 1489 1489 1483 1483 1483 1477 1477 1477 1470 1464 1464
    1458 1458 1452 1445 1439 1433 1433 1433 1433 1427 1421 1421 1421
    1415 1415 1410 1404 1404 1404 1398 1398 1398 1398 1404 1415 1427
    1433 1445 1445 1458 1464 1464 1523 1523 1516 1509 1503 1503 1489
