<?xml version="1.0"?>
<opencv_storage>
<Depth13488 type_id="opencv-matrix">
  <rows>33</rows>
  <cols>21</cols>
  <dt>w</dt>
  <data>
    6146 6146 6146 3238 5832 5832 5734 5734 5734 3120 3064 3064 3092
    3092 3092 3178 3120 3120 3120 6753 6753 6146 6146 3238 3238 3238
    3238 3208 3178 3120 3120 3092 3092 3092 3120 3120 3120 3120 3120
    3149 3149 6753 6146 3238 3238 3238 3208 3208 3178 3149 3120 3120
    3120 3092 3092 3092 3120 3120 3120 3120 3149 3178 6889 3238 3238
    3238 3238 3208 3208 3178 3149 3120 3120 3120 3120 3092 3092 3120
    3120 3120 3120 3149 3178 3178 3238 3238 3238 3238 3208 3208 3178
    3149 3120 3120 3120 3120 3092 3092 3092 3092 3092 3092 3149 3149
    3149 3269 3269 3238 3238 3208 3208 3178 3149 3120 3120 3120 3120
    3092 3092 3092 3092 3092 3092 3120 3120 3120 3269 3269 3238 3208
    3208 3208 3178 3149 3120 3120 3092 3092 3092 3092 3092 3092 3092
    3092 3120 3120 3120 3300 3269 3238 3208 3208 3208 3178 3149 3120
    3120 3092 3092 3092 3092 3092 3092 3092 3092 3092 3120 7030 3300
    3269 3238 3208 3208 3208 3178 3149 3120 3120 3092 3092 3092 3092
    3092 3092 3092 3092 3092 3120 6889 3269 3269 3238 3208 3208 3208
    3178 3149 3120 3120 3120 3120 3092 3092 3092 3092 3092 3092 3092
    3120 6753 3238 3269 3238 3208 3208 3208 3178 3149 3149 3120 3120
    3120 3092 3092 3092 3092 3092 3120 3120 3120 6753 3238 3269 3238
    3238 3208 3208 3208 3178 3149 3120 3120 3120 3092 3092 3092 3092
    3092 3120 3120 3120 3149 3269 3269 3238 3238 3208 3208 3208 3178
    3149 3120 3120 3092 3092 3092 3120 3120 3120 3120 3120 3120 3149
    3269 3269 3238 3238 3208 3208 3208 3178 3149 3120 3120 3092 3092
    3092 3120 3120 3120 3120 3120 3120 3149 3333 3269 3269 3238 3208
    3208 3178 3178 3149 3120 3120 3092 3092 3120 3120 3120 3120 3120
    3120 3120 3149 3333 3269 3269 3238 3208 3208 3178 3178 3149 3149
    3120 3092 3092 3092 3092 3120 3120 3120 3120 3120 3149 3333 3269
    3269 3238 3208 3208 3178 3178 3149 3149 3120 3092 3092 3092 3092
    3092 3120 3120 3120 3120 3149 3300 3300 3300 3238 3238 3208 3178
    3178 3149 3120 3120 3120 3092 3092 3092 3092 3120 3120 3120 3120
    3149 3300 3300 3300 3238 3238 3208 3208 3178 3149 3120 3120 3120
    3092 3092 3092 3120 3120 3120 3120 3120 3149 3333 3300 3269 3238
    3238 3208 3208 3208 3149 3120 3120 3092 3092 3092 3092 3092 3120
    3120 3120 3120 3120 3238 3238 3238 3208 3208 3208 3208 3208 3149
    3120 3120 3092 3092 3092 3092 3092 3120 3092 3092 3092 3092 3238
    3238 3238 3208 3208 3208 3178 3178 3149 3149 3120 3092 3092 3092
    3092 3120 3120 3092 3092 3092 3092 6146 3269 3238 3238 3208 3208
    3178 3178 3149 3149 3120 3092 3092 3092 3092 3120 3120 3092 3092
    3092 3092 6146 3300 3269 3238 3208 3208 3178 3178 3178 3120 3120
    3092 3092 3092 3092 3120 3092 3092 3092 3064 3064 6259 3300 3300
    3238 3208 3208 3178 3178 3178 3120 3120 3092 3092 3092 3092 3092
    3092 3092 3092 3064 3064 6038 3300 3269 3238 3238 3208 3178 3178
    3178 3120 3120 3092 3092 3092 3092 3092 3092 3092 3092 3064 3064
    6753 6753 3269 3238 3238 3238 3208 3178 3178 3120 3120 3092 3092
    3092 3092 3092 3092 3092 3092 3092 3092 6622 6622 3238 3238 3238
    3238 3208 3178 3178 3120 3120 3092 3092 3092 3092 3092 3092 3092
    3092 3092 3092 6622 6622 3208 3208 3238 3238 3208 3208 3149 3149
    3120 3092 3092 3092 3092 3092 3092 3092 3092 3092 3120 6753 6753
    3208 3208 3208 3208 3149 3149 3149 3120 3120 3092 3092 3092 3092
    3092 3092 3092 3092 3092 3120 6753 6753 3208 3208 3208 3208 3149
    3149 3149 3120 3120 3092 3092 3092 3092 3092 3092 3120 3120 3120
    3149 6889 6753 6753 6753 6753 6038 6038 3120 3120 3120 3120 3120
    3092 3092 3120 6889 6889 6889 6889 6889 6753 6889 6889 6753 6753
    6497 6038 6038 6038 3120 3092 3092 3092 6889 6753 6753 6753 6753
    6753 6753 6753 6753</data></Depth13488>
</opencv_storage>
