<?xml version="1.0"?>
<opencv_storage>
<Depth16187 type_id="opencv-matrix">
  <rows>40</rows>
  <cols>15</cols>
  <dt>w</dt>
  <data>
    1663 1671 1680 1680 2958 2958 2933 2933 2933 2958 2958 2958 2958
    1947 1936 1663 1671 1680 1680 2958 2958 2933 2933 2933 2958 2958
    2958 2984 2984 1947 1663 1671 1680 1680 2933 2933 2933 2933 2933
    2958 2958 2958 2984 2984 2958 1663 1671 1680 1680 2933 2933 2933
    2933 2933 2958 2958 2958 2958 2958 2958 1671 1680 1688 1688 2933
    2933 2933 2908 2908 2933 2933 2958 2958 2933 2933 1671 1680 1680
    1680 2883 2883 2908 2908 2908 2908 2933 2933 2958 2933 2933 1671
    1680 1680 1680 2883 2883 2859 2859 2859 2883 2908 2933 2933 2933
    2933 1671 1680 1688 1688 2908 2908 2859 2859 2859 2883 2908 2933
    2933 2933 2933 1680 1680 1696 1696 2908 2908 2883 2859 2859 2883
    2908 2933 2933 2933 2933 1680 1680 1696 1696 2908 2908 2883 2883
    2883 2883 2908 2933 2933 2933 2933 1671 1680 1713 1713 2908 2908
    2908 2908 2908 2908 2933 2933 2933 2933 2933 1671 1680 1705 1705
    2883 2883 2908 2908 2933 2933 2933 2933 2933 2933 2933 1680 1688
    1705 1705 2859 2859 2908 2908 2933 2933 2933 2933 2933 2958 2933
    1680 1688 1705 1705 2859 2859 2908 2908 2933 2933 2933 2933 2958
    2958 2933 1680 1696 1713 2933 2859 2859 2908 2908 2933 2933 2933
    2933 2958 2958 2958 1688 1688 1713 2933 2859 2859 2908 2933 2933
    2933 2933 2958 2958 2958 1993 1688 1688 2883 2883 2933 2933 2933
    2933 2933 2958 2958 2958 2958 2028 1993 1696 1696 2883 2883 2908
    2933 2933 2933 2933 2958 2958 2958 2958 2016 1993 1705 1705 2908
    2908 2883 2883 2908 2933 2933 2958 2958 2958 2958 2016 1993 1705
    1705 2908 2908 2883 2883 2908 2933 2933 2958 2958 2958 2958 1993
    1993 1705 1705 2908 2908 2883 2883 2908 2908 2933 2958 2958 2958
    1993 1993 1993 1705 1705 1705 2908 2859 2859 2859 2883 2908 2933
    2958 2958 1993 1993 1993 1705 1705 1705 2859 2859 2859 2859 2883
    2908 2933 2933 2958 1993 1993 1993 1705 1705 0 2859 2883 2883 2883
    2908 2908 2933 2933 2958 2958 2005 1993 1713 1713 2859 2859 2859
    2859 2883 2908 2908 2933 2933 2933 2933 1993 1993 1713 1713 2859
    2859 2859 2859 2883 2908 2908 2933 2933 2933 2933 1993 1993 1713
    1713 1713 2859 2859 2883 2908 2908 2933 2933 2933 2933 2958 1993
    1993 1713 1713 2933 2883 2883 2883 2908 2908 2933 2933 2933 2933
    1993 1981 1981 1731 1731 2908 2908 2883 2883 2908 2908 2933 2933
    2933 2933 1993 1981 1981 1739 1739 2883 2883 2883 2883 2908 2908
    2908 2908 2908 2883 2859 2005 1981 1739 2859 2859 2859 2859 2859
    2883 2883 2883 2859 2859 2883 2859 2005 1981 1731 2835 2835 2835
    2859 2859 2859 2859 2859 2859 2835 2835 2835 2005 1981 1731 2744
    2744 2835 2835 2835 2859 2859 2859 2835 2812 2789 2789 1981 1981
    2723 2701 2701 2744 2812 2812 2835 2835 2812 2812 2789 2789 2767
    1981 1981 2639 2618 2618 2659 2744 2767 2767 2789 2789 2789 2789
    2789 2767 1981 1981 2639 2618 2618 2639 2680 2701 2701 2723 2744
    2744 2767 2789 1981 1981 1981 2639 2618 2618 2618 2639 2701 2701
    2723 2744 2744 2767 2767 1981 1981 1981 2639 2598 2598 2618 2618
    2701 2701 2723 2744 2744 2767 2767 1993 1981 1981 2618 2579 2579
    2598 2618 2680 2701 2723 2723 2723 2744 2744 1993 1993 1993 2598
    2579 2579 2598 2618 2680 2701 2723 2723 2723 2723 2723 1993 1981
    1981</data></Depth16187>
</opencv_storage>
