<?xml version="1.0"?>
<opencv_storage>
<Depth17596 type_id="opencv-matrix">
  <rows>138</rows>
  <cols>69</cols>
  <dt>w</dt>
  <data>
    4463 4463 4463 4463 4463 4463 4463 4463 4463 4463 4463 4463 4522
    4522 4522 4522 4522 4522 4522 4522 4463 4463 4463 4463 4582 4522
    4522 4522 725 725 4522 4522 4522 4522 4522 4522 4522 4522 4522 714
    714 717 4522 4522 4522 4522 4522 4522 4463 4463 4463 4463 4522 4463
    4463 730 728 728 730 730 730 730 731 731 0 0 0 0 4522 4463 4463 4463
    4463 4463 4463 4463 4463 4463 4463 4463 4522 4522 4522 817 4522 4522
    4522 4522 4522 4463 4463 4463 4463 4522 4522 4522 727 725 725 4522
    4522 4522 717 714 714 716 714 714 714 714 717 717 719 719 719 720
    720 722 720 720 723 723 725 727 727 727 727 728 730 730 730 731 731
    731 0 0 0 0 4405 4405 4463 4463 4463 4463 4463 4463 4463 4463 4522
    825 823 817 817 817 792 4522 4522 771 771 4405 4405 4405 4522 4522
    728 723 723 713 713 713 713 714 714 714 714 714 714 714 714 714 717
    719 719 719 719 720 722 720 720 723 723 725 725 725 725 725 727 728
    730 730 730 730 730 730 0 0 0 4405 4405 4463 4463 4463 4463 4463
    4463 4463 4522 4582 825 823 817 803 798 792 792 792 771 759 755 754
    750 750 731 728 722 714 713 713 713 713 714 713 713 713 713 713 713
    713 714 717 719 719 719 719 720 720 722 722 723 723 723 725 725 725
    725 727 728 730 730 730 730 730 730 0 0 0 4405 4405 4463 4463 4463
    4522 4405 4405 849 845 845 827 823 819 803 798 792 789 789 773 759
    755 754 749 749 731 728 719 714 713 713 711 711 714 713 713 713 713
    713 713 713 716 717 719 719 719 719 719 720 722 722 723 723 723 725
    725 725 725 725 727 730 730 730 730 730 730 0 0 0 4463 4463 903 903
    903 4405 4405 854 847 845 845 827 821 819 803 798 792 789 780 773
    761 757 752 749 749 731 727 719 714 713 713 711 711 714 713 713 713
    713 713 714 714 717 717 719 719 719 719 719 720 722 723 723 725 725
    725 725 725 725 725 725 728 728 730 730 730 730 0 0 0 930 901 901
    898 894 894 862 854 847 845 845 825 821 819 805 798 792 789 780 773
    762 757 752 749 749 731 725 717 716 713 711 711 713 714 713 713 713
    713 713 714 716 717 719 719 719 719 719 720 720 722 723 723 723 723
    725 727 727 725 725 725 728 728 730 728 728 730 0 0 0 930 913 901
    896 891 885 862 856 849 845 845 823 821 819 805 802 794 789 781 773
    762 757 750 747 742 742 723 717 716 713 711 711 713 713 714 714 716
    716 716 716 716 717 719 719 719 719 719 720 722 723 723 723 723 723
    725 727 725 725 723 723 725 725 725 727 727 730 0 0 0 928 913 901
    896 891 885 867 862 858 858 858 823 821 819 807 803 792 790 785 773
    764 757 750 746 742 742 723 719 717 714 713 713 713 713 714 714 716
    717 717 719 719 719 719 719 719 719 720 722 723 723 723 723 723 725
    727 727 725 725 723 723 725 725 725 727 727 727 0 0 0 928 918 906
    896 894 885 867 862 860 860 837 829 825 819 811 805 792 789 783 776
    773 769 750 746 742 739 723 720 717 716 713 713 713 713 713 714 717
    719 719 719 719 719 719 719 719 719 722 723 723 723 723 723 723 725
    727 727 727 727 727 727 728 728 728 727 727 727 0 0 0 928 920 908
    896 894 885 869 864 860 860 837 831 829 823 807 800 792 789 783 776
    773 764 752 746 742 739 727 720 717 716 714 713 713 713 713 714 717
    717 719 719 719 719 719 719 719 719 722 722 723 723 723 723 725 725
    727 727 727 727 727 728 728 728 730 728 728 730 730 0 0 925 918 908
    898 894 885 871 867 858 851 837 831 829 825 807 798 792 789 783 776
    771 762 754 746 742 741 727 720 719 716 714 713 713 714 714 716 717
    717 717 717 717 719 719 719 719 719 722 722 723 723 723 723 725 725
    725 727 727 728 728 728 727 727 728 730 730 730 730 0 0 925 918 906
    898 894 887 871 864 856 849 841 829 827 823 805 798 792 789 783 776
    771 759 754 747 742 741 727 720 717 716 714 713 713 714 714 716 716
    717 717 717 717 719 719 719 719 719 722 722 722 722 722 723 723 725
    725 727 727 727 727 728 727 727 728 730 730 730 0 0 0 923 915 906
    898 894 875 867 864 856 849 839 829 827 813 805 800 792 789 783 778
    773 759 754 747 744 741 727 720 717 716 713 713 713 714 714 716 716
    717 717 717 717 717 719 719 719 719 720 722 722 722 722 723 723 725
    725 727 727 727 727 728 727 727 728 730 730 730 0 0 0 923 913 908
    901 894 875 867 862 858 847 839 831 827 813 805 802 794 790 785 778
    774 759 754 747 744 741 725 720 717 714 713 713 713 714 714 716 716
    717 717 717 717 717 719 719 719 719 720 722 722 722 722 723 723 725
    727 727 727 727 727 728 727 727 728 730 730 0 0 0 0 920 913 908 901
    894 878 867 862 858 845 839 831 829 813 809 809 794 790 785 778 774
    761 754 747 744 741 725 720 717 714 713 713 713 714 714 716 716 717
    717 717 719 719 719 719 719 719 720 722 722 722 723 723 723 725 727
    728 728 727 727 728 727 727 730 730 730 0 0 0 0 920 915 910 903 894
    878 869 862 858 845 839 833 831 813 809 807 800 790 785 781 776 761
    755 746 744 741 728 720 717 716 714 714 714 714 714 716 716 717 717
    719 719 719 719 719 719 720 722 722 723 723 723 723 723 725 728 728
    728 727 727 728 728 728 731 731 731 0 0 0 0 920 918 910 903 894 887
    869 862 858 847 841 835 831 813 811 807 800 790 785 781 766 761 755
    746 744 741 736 720 717 716 716 714 714 716 716 716 716 717 717 717
    719 719 719 719 719 720 722 722 723 723 723 723 725 725 727 728 728
    728 728 727 727 727 730 731 731 731 0 0 0 923 918 910 903 894 889
    869 862 858 847 843 837 827 817 811 807 800 790 785 781 766 761 755
    750 744 741 736 720 717 717 716 716 716 716 716 716 716 717 717 717
    719 719 719 719 719 720 722 722 723 723 723 723 725 725 727 727 728
    728 728 727 727 727 730 731 731 731 731 0 0 925 920 910 901 896 889
    869 862 858 849 843 837 827 821 813 807 800 790 785 781 778 761 755
    750 744 741 736 720 717 717 716 714 714 716 716 716 717 717 717 719
    719 719 720 720 720 720 720 722 723 723 723 723 725 725 727 727 728
    728 728 727 727 727 730 731 730 730 730 0 0 928 918 910 901 896 889
    871 867 860 849 843 837 825 819 813 809 800 790 785 781 773 762 757
    750 746 739 736 722 719 717 716 714 714 716 716 716 717 717 717 717
    719 719 720 720 720 720 720 722 723 723 723 725 725 725 727 727 728
    728 728 727 727 730 730 731 730 730 730 0 0 925 918 910 906 898 889
    871 867 860 849 843 839 825 819 813 809 800 790 785 781 771 764 757
    750 746 739 736 725 719 717 716 714 714 716 716 716 717 717 717 717
    719 719 720 720 720 720 720 722 723 723 725 725 725 725 727 727 728
    728 728 727 727 730 730 731 731 730 730 0 0 923 918 915 908 898 889
    873 869 862 851 843 839 825 819 815 809 800 790 785 783 771 764 759
    750 746 741 736 725 720 719 717 716 716 714 714 716 717 717 719 719
    719 719 719 720 720 720 722 723 723 725 725 725 725 725 727 727 728
    728 728 728 728 730 731 731 730 730 730 0 0 923 918 915 910 901 889
    875 871 864 854 843 839 827 821 815 811 800 792 785 783 773 766 759
    750 746 741 736 725 720 719 717 716 716 714 714 716 717 717 719 719
    719 719 719 720 720 720 722 723 723 725 725 725 725 725 727 728 728
    728 728 728 728 730 731 731 730 730 730 0 0 925 920 915 908 898 889
    878 871 864 854 843 839 827 821 817 813 800 792 787 783 771 766 759
    752 746 742 736 727 720 719 717 716 716 716 716 716 717 717 719 719
    719 719 719 720 720 722 722 723 725 725 725 725 725 727 727 728 728
    728 728 728 730 730 731 731 730 730 731 0 0 930 925 918 908 896 889
    878 871 864 858 845 839 827 821 817 813 802 796 787 783 771 766 759
    754 749 744 738 727 720 719 717 717 716 716 716 716 717 719 719 719
    720 720 720 720 722 723 723 723 725 725 725 725 725 727 727 728 728
    730 730 730 730 731 731 731 730 730 731 0 0 933 928 920 906 896 889
    887 869 864 860 845 839 829 823 817 813 805 798 787 778 773 766 759
    754 750 746 739 727 722 719 717 717 717 716 716 716 717 719 719 719
    720 720 720 722 723 723 723 725 725 725 725 725 725 727 728 728 730
