<?xml version="1.0"?>
<opencv_storage>
<Depth8953 type_id="opencv-matrix">
  <rows>11</rows>
  <cols>19</cols>
  <dt>w</dt>
  <data>
    6497 6622 6622 6622 6622 0 7030 7030 7178 0 0 0 0 0 0 0 0 0 0 6622
    6622 6622 6622 6622 6889 6889 7030 7178 0 0 0 0 6622 6622 0 0 0 0
    6375 6497 6622 6622 6622 6622 6622 6622 6622 0 0 0 6622 6622 6622 0
    0 0 6753 6375 6497 6622 6622 6622 6622 6622 6622 6622 6622 6622 6622
    6622 6622 6622 6889 6889 6753 6753 6497 6622 6622 6622 6622 6622
    6622 6497 6497 6622 6622 6622 6622 6622 6753 6889 6889 6753 6753
    6622 6622 6622 6622 6622 6622 6622 6497 6497 6622 6622 6622 6622
    6622 6889 6889 6753 6753 6753 6497 6497 6497 6622 6622 6622 6622
    6622 6622 6622 6622 6753 6753 6753 7030 6889 6753 6753 6753 6375
    6497 6497 6497 6497 6622 6622 6622 6622 6622 6753 6753 6753 6889
    7030 6889 6753 6753 6753 6259 6497 6497 6375 6375 6497 6497 6622
    6622 6753 6753 6753 6753 6889 6889 6889 6753 6753 6753 6259 6497 0
    6375 6375 6497 6497 6622 6753 6889 6889 6889 6889 6889 6889 6889
    6753 6753 6753 0 0 0 0 0 0 0 0 6889 6889 6889 6889 6889 6889 6889
    6889 6753 6753 6753</data></Depth8953>
</opencv_storage>
