<?xml version="1.0"?>
<opencv_storage>
<Depth8443 type_id="opencv-matrix">
  <rows>24</rows>
  <cols>10</cols>
  <dt>w</dt>
  <data>
    4405 4405 4405 4405 4405 4405 4405 4405 4405 4405 4349 4405 4405
    4405 4405 4405 4405 4405 4405 4405 4190 4463 4463 4405 4405 4405
    4405 4405 4405 4405 4190 4463 4463 4405 4405 4405 4405 4405 4405
    4405 4463 4463 4463 4463 4405 4405 4405 4405 4405 4405 4463 4463
    4463 4463 4405 4405 4405 4405 4405 4405 4463 4463 4463 4463 4405
    4405 4405 4405 4405 4405 4405 4463 4405 4405 4463 4405 4405 4405
    4405 4405 4405 4463 4405 4405 4405 4405 4405 4405 4405 4405 4405
    4405 4405 4405 4405 4405 4405 4405 4405 4405 4405 4405 4405 4405
    4405 4405 4405 4405 4405 4405 4405 4405 4405 4405 4405 4405 4405
    4405 4405 4405 4405 4405 4405 4405 4405 4405 4405 4405 4405 4463
    4405 4405 4405 4405 4405 4405 4405 4405 4405 4463 4405 4405 4463
    4405 4405 4349 4349 4405 4405 4522 4463 4463 4463 4405 4405 4349
    4349 4405 4463 4582 4463 4463 4463 4405 4405 4349 4349 4405 4463
    4582 4463 4405 4405 4405 4349 4349 4349 4405 4405 4522 4463 4405
    4405 4405 4349 4349 4349 4349 4405 4522 4405 4405 4405 4405 4405
    4349 4349 4349 4405 4463 4405 4405 4405 4405 4405 4349 4349 4349
    4349 4349 4405 4405 4405 4405 4405 4349 4349 4349 4349 4349 4405
    4405 4405 4405 4405 4349 4349 4349 4405 6753 4405 4405 4463 4405
    4405 4349 4349 4349 6889 6753</data></Depth8443>
</opencv_storage>
