<?xml version="1.0"?>
<opencv_storage>
<Depth5095 type_id="opencv-matrix">
  <rows>59</rows>
  <cols>46</cols>
  <dt>w</dt>
  <data>
    4241 4241 4190 4190 4190 4190 4190 4190 4190 4241 4241 4190 4190
    4190 4190 4190 4190 4190 4139 4139 4139 4139 4139 4139 4139 4139
    1883 1883 1894 1904 1915 1915 1915 1915 1915 4041 4089 4139 4089
    4089 4089 4089 4089 4089 4041 4041 4241 4241 4190 4190 4190 4190
    4190 4190 4190 4241 4241 4190 4190 4190 4190 4190 4190 4190 4190
    4139 1853 1853 1853 1853 1873 1883 1883 1883 1894 1894 1904 1915
    1915 1915 1915 1915 4139 4139 4139 4139 4089 4089 4089 4089 4089
    4041 4241 4190 4190 4190 4190 4190 4190 4190 4190 4241 4241 1776
    1776 1785 1804 4190 1813 1813 1843 1843 1843 1843 1843 1853 1873
    1873 1873 1883 1883 1894 1904 1904 1915 1915 1904 1904 4139 4139
    4139 4139 4089 4089 4089 4089 4041 4041 4241 4190 4190 4190 4190
    4190 4190 4190 4190 4241 1794 1776 1776 1785 1804 1813 1813 1813
    1823 1833 1833 1843 1843 1853 1863 1873 1873 1883 1883 1894 1894
    1894 1915 1915 1904 1904 1904 4139 4089 4089 4089 4089 4089 4089
    4041 4041 4190 4190 4190 4190 4190 4190 4190 4190 1794 1794 1794
    1794 1794 1804 1804 1813 1813 1813 1823 1823 1823 1843 1843 1853
    1863 1863 1873 1883 1883 1894 1894 1894 1904 1904 1904 1915 4089
    4089 4089 4089 4139 4089 4089 4089 4041 4041 4190 4190 4190 4190
    4190 4190 1804 1804 1794 1794 1794 1794 1794 1804 1804 1813 1813
    1813 1813 1823 1823 1843 1843 1853 1853 1863 1863 1873 1883 1883
    1894 1894 1894 1904 1904 1904 4089 4089 4089 4089 4139 4089 4089
    4089 4041 4041 4190 4139 4139 4190 4190 1804 1804 1794 1794 1785
    1785 1785 1794 1804 1804 1813 1813 1813 1813 1823 1823 1843 1843
    1853 1853 1863 1863 1873 1883 1883 1894 1894 1894 1894 1883 1883
    4089 4089 4089 4089 4139 4089 4089 4089 4041 4041 4190 4139 4139
    1813 1804 1804 1804 1794 1794 1785 1785 1785 1804 1804 1804 1804
    1804 1813 1813 1823 1823 1843 1843 1853 1853 1853 1863 1863 1883
    1883 1894 1894 1894 1894 1883 1883 1904 4139 4089 4089 4089 4089
    4089 4089 4089 4041 4089 1833 1833 1813 1804 1804 1804 1804 1794
    1785 1785 1785 1794 1794 1804 1804 1804 1813 1813 1813 1823 1833
    1843 1843 1843 1853 1853 1863 1873 1883 1894 1894 1894 1894 1894
    1894 1904 1904 4089 4089 4089 4089 4089 4089 4089 4041 1843 1843
    1833 1823 1813 1804 1804 1804 1804 1785 1785 1785 1794 1794 1804
    1804 1804 1804 1813 1813 1823 1833 1843 1843 1843 1843 1853 1853
    1873 1883 1894 1894 1894 1894 1894 1904 1915 1915 4041 4041 4041
    4041 4041 4041 4089 4089 1843 1843 1833 1833 1823 1813 1804 1804
    1804 1794 1785 1785 1794 1794 1804 1804 1804 1804 1813 1813 1813
    1823 1833 1843 1843 1843 1843 1853 1873 1883 1883 1894 1894 1894
    1904 1904 1926 1926 4041 4041 4041 4041 4041 4041 4089 4089 1843
    1843 1843 1833 1833 1813 1804 1804 1804 1785 1785 1785 1785 1785
    1794 1804 1804 1804 1813 1813 1813 1823 1833 1843 1843 1843 1843
    1853 1863 1873 1883 1883 1894 1894 1904 1904 1926 1926 1926 4089
    4041 4041 4041 4041 4041 4089 1853 1853 1843 1833 1833 1813 1813
    1804 1804 1785 1785 1785 1785 1785 1794 1804 1804 1804 1813 1813
    1813 1813 1833 1843 1843 1843 1843 1853 1863 1873 1883 1883 1894
    1904 1904 1904 1915 1926 1926 4089 4089 4041 4041 4041 4041 4089
    1863 1853 1843 1833 1823 1813 1813 1804 1804 1794 1776 1776 1785
    1785 1785 1794 1804 1804 1813 1813 1813 1813 1823 1843 1843 1843
    1843 1853 1863 1873 1883 1883 1894 1894 1894 1894 1894 1904 1904
    4089 4089 4089 4089 4089 4089 4089 1863 1853 1843 1833 1823 1813
    1813 1804 1804 1794 1776 1776 1776 1785 1785 1794 1804 1804 1813
    1813 1813 1813 1823 1843 1843 1843 1843 1853 1873 1873 1883 1883
    1883 1894 1894 1894 1894 1894 1894 4139 4139 4089 4089 4089 4089
    4089 4241 1843 1843 1843 1823 1823 1813 1804 1804 1794 1776 1776
    1776 1785 1785 1794 1804 1804 1804 1813 1813 1813 1813 1843 1843
    1843 1853 1853 1873 1873 1883 1883 1883 1883 1894 1894 1894 1894
    1894 4190 4190 4139 4089 4089 4089 4089 4139 1843 1843 1843 1833
    1823 1813 1813 1804 1794 1785 1785 1785 1785 1785 1794 1794 1804
    1804 1813 1813 1813 1813 1833 1843 1843 1853 1853 1863 1863 1873
    1873 1883 1883 1883 1894 1894 1894 1894 1894 4190 4139 4089 4089
    4089 4089 4139 1833 1833 1843 1833 1833 1823 1813 1804 1794 1785
    1785 1785 1785 1785 1794 1794 1804 1804 1813 1813 1813 1813 1823
    1833 1843 1853 1853 1863 1863 1873 1873 1873 1883 1883 1894 1894
    1894 1904 1904 4241 4089 4089 4089 4089 4089 4190 1833 1833 1843
    1833 1833 1823 1813 1804 1804 1785 1785 1776 1776 1785 1785 1785
    1794 1804 1804 1813 1813 1813 1823 1833 1843 1843 1843 1853 1863
    1873 1873 1873 1883 1883 1894 1894 1894 1894 1894 4241 4089 4041
    4041 4041 4041 4139 4139 1853 1843 1833 1833 1833 1813 1804 1804
    1794 1785 1776 1776 1776 1776 1776 1785 1794 1804 1804 1813 1813
    1823 1833 1843 1843 1843 1853 1863 1863 1873 1873 1883 1883 1894
    1894 1894 1894 1894 1894 4089 4041 4041 4041 4041 4139 4139 1843
    1843 1833 1833 1833 1813 1813 1804 1794 1785 1776 1776 1776 1776
    1776 1776 1794 1794 1804 1813 1813 1823 1833 1833 1843 1843 1853
    1853 1863 1863 1873 1873 1883 1883 1894 1894 1894 1894 1894 4041
    4041 4041 4041 4041 4190 4190 1843 1843 1833 1833 1833 1813 1813
    1804 1794 1785 1776 1776 1776 1776 1776 1776 1794 1794 1804 1804
    1813 1813 1823 1823 1833 1843 1843 1843 1853 1863 1873 1873 1883
    1883 1894 1894 1894 1894 1894 4041 4041 4089 4041 4041 4139 4139
    4139 1843 1843 1843 1833 1823 1813 1804 1804 1794 1785 1776 1776
    1776 1776 1776 1794 1804 1804 1804 1813 1813 1813 1813 1823 1843
    1843 1843 1853 1863 1873 1873 1883 1883 1883 1894 1894 1894 1894
    1904 4089 4089 4041 4041 4139 4139 4139 1853 1843 1843 1833 1823
    1813 1804 1804 1794 1785 1776 1776 1776 1776 1776 1794 1794 1794
    1804 1813 1813 1813 1813 1823 1843 1843 1843 1843 1853 1863 1873
    1873 1883 1883 1883 1894 1894 1894 1904 1904 4089 4089 4089 4190
    4139 4139 1853 1843 1843 1833 1823 1813 1813 1804 1804 1785 1776
    1766 1766 1766 1776 1794 1794 1794 1804 1813 1813 1813 1813 1823
    1843 1843 1843 1843 1853 1863 1873 1873 1883 1883 1883 1894 1894
    1894 1894 1894 4041 4041 4089 4190 4139 4139 4139 1843 1843 1843
    1833 1823 1813 1804 1804 1785 1776 1766 1766 1766 1766 1776 1785
    1794 1804 1804 1813 1813 1813 1823 1843 1843 1843 1843 1843 1853
    1873 1883 1883 1883 1883 1883 1894 1894 1883 1883 4041 4041 4089
    4139 4139 4139 4139 1843 1843 1843 1833 1823 1813 1804 1804 1785
    1776 1766 1766 1766 1766 1776 1785 1794 1804 1804 1804 1813 1813
    1823 1843 1843 1843 1843 1843 1853 1863 1873 1883 1883 1883 1883
    1894 1894 1883 1883 4089 4089 4089 4139 4089 4089 4089 1843 1843
    1843 1833 1823 1813 1804 1804 1785 1776 1776 1766 1766 1776 1776
    1785 1794 1804 1804 1804 1813 1813 1823 1833 1843 1843 1843 1843
    1853 1853 1873 1873 1883 1883 1883 1883 1883 1883 1883 4139 4089
    4089 4139 4089 4089 4089 1833 1833 1843 1833 1823 1813 1804 1794
    1785 1776 1776 1766 1766 1766 1776 1785 1794 1804 1804 1804 1813
    1813 1823 1833 1843 1843 1843 1843 1843 1853 1863 1873 1883 1883
    1883 1883 1883 1883 1883 4089 4089 4089 4139 4139 4139 4139 1833
    1833 1843 1833 1823 1813 1804 1794 1785 1776 1776 1766 1766 1766
    1776 1776 1794 1804 1804 1804 1804 1813 1813 1823 1833 1833 1843
    1843 1843 1853 1863 1873 1873 1883 1883 1883 1883 1883 1894 4089
    4089 4089 4190 4190 4139 4139 1843 1843 1843 1833 1823 1813 1804
    1804 1785 1776 1776 1766 1766 1766 1776 1776 1785 1794 1804 1804
    1804 1813 1813 1823 1833 1833 1843 1843 1843 1853 1853 1873 1873
    1883 1883 1883 1883 1883 1894 4139 4089 4041 4190 4190 4190 4190
    4190 1843 1843 1833 1823 1813 1813 1804 1794 1776 1776 1766 1766
    1766 1776 1776 1785 1785 1794 1804 1804 1804 1813 1813 1823 1833
    1843 1843 1843 1843 1843 1863 1873 1873 1883 1883 1883 1883 1894
    1894 4041 4041 4190 4190 4190 4190 4190 1853 1843 1833 1823 1823
