<?xml version="1.0"?>
<opencv_storage>
<Depth15300 type_id="opencv-matrix">
  <rows>57</rows>
  <cols>37</cols>
  <dt>w</dt>
  <data>
    4582 4645 4645 4708 4708 4708 4774 4774 4774 4774 4983 4983 4983
    4911 4911 4983 4983 1936 0 4774 4774 1904 1883 1883 1883 4645 4645
    4645 4645 4645 4582 4582 4582 4582 4582 4582 4582 4582 4645 4645
    4708 4708 4708 4708 4708 4774 4774 5056 4983 4983 1936 1936 1936
    1936 1936 1863 4983 4983 1926 1904 1904 1915 4645 4645 4645 4645
    4645 4582 4582 4582 4582 4582 4582 4582 4582 4645 4645 4708 4708
    1853 1853 1853 1873 1873 1863 1863 1873 1883 1883 1873 1873 1863
    1863 1863 4983 1915 1904 1904 1915 1915 4708 4645 4645 4645 4645
    4582 4582 4582 4582 4582 4582 4522 4582 1853 1853 1853 1853 1853
    1853 1863 1863 1863 1863 1863 1863 1863 1863 1863 1853 1853 1853
    1863 1863 1883 1883 1894 1904 4708 4645 4645 4645 4645 4645 4645
    4582 4582 4582 4582 1853 1853 1853 1853 1853 1853 1853 1853 1863
    1863 1863 1863 1863 1863 1863 1863 1863 1853 1853 1853 1863 1863
    1873 1883 1883 1883 1873 1873 1873 1873 1883 1894 1883 1873 1873
    4582 4522 1853 1853 1853 1853 1853 1853 1853 1853 1853 1863 1853
    1853 1853 1853 1863 1863 1863 1863 1863 1863 1863 1863 1873 1873
    1883 1883 1873 1873 1873 1873 1873 1873 1883 1873 1873 1873 4522
    1853 1853 1863 1853 1853 1853 1853 1853 1853 1853 1853 1853 1853
    1853 1863 1863 1863 1863 1863 1863 1863 1863 1873 1873 1873 1883
    1883 1883 1883 1883 1873 1873 1883 1873 1873 1873 1883 1853 1853
    1853 1853 1853 1853 1853 1853 1853 1853 1853 1853 1853 1853 1863
    1863 1863 1863 1863 1873 1863 1863 1873 1873 1873 1883 1883 1883
    1883 1883 1883 1883 1894 1883 1883 1883 1883 1853 1853 1853 1853
    1853 1853 1853 1853 1853 1863 1863 1853 1853 1853 1863 1863 1863
    1863 1863 1873 1863 1863 1873 1873 1883 1883 1883 1894 1894 1883
    1883 1894 1894 1883 1883 1883 1863 1843 1853 1853 1853 1853 1853
    1853 1853 1853 1863 1863 1863 1863 1863 1863 1863 1863 1863 1863
    1873 1863 1863 1873 1873 1883 1883 1883 1883 1894 1894 1894 1894
    1894 1894 1894 1883 1863 1843 1853 1853 1853 1853 1863 1863 1853
    1853 1853 1853 1863 1863 1863 1863 1863 1863 1863 1863 1863 1863
    1863 1873 1873 1873 1873 1873 1883 1894 1883 1883 1894 1894 1894
    1894 1883 1883 1863 1863 1853 1853 1853 1853 1853 1853 1853 1853
    1853 1863 1863 1863 1863 1863 1863 1863 1863 1863 1863 1863 1883
    1883 1873 1873 1873 1883 1883 1883 1883 1894 1894 1894 1894 1894
    1894 1863 1863 1853 1853 1853 1853 1853 1853 1853 1863 1863 1863
    1863 1863 1863 1863 1863 1863 1863 1863 1863 1863 1883 1883 1883
    1883 1883 1883 1883 1883 1883 1883 1894 1894 1894 1894 1894 1863
    1863 1853 1853 1853 1853 1853 1853 1853 1863 1863 1863 1863 1863
    1863 1863 1863 1863 1863 1863 1863 1873 1883 1883 1883 1883 1894
    1894 1894 1894 1883 1883 1894 1883 1883 1894 1894 1863 1863 1853
    1853 1853 1853 1853 1853 1863 1863 1863 1863 1863 1863 1863 1863
    1863 1863 1863 1863 1873 1873 1883 1883 1883 1883 1883 1894 1894
    1894 1883 1883 1883 1883 1883 1894 1894 1863 1863 1853 1853 1853
    1853 1853 1853 1863 1863 1863 1863 1863 1863 1863 1863 1863 1863
    1863 1873 1873 1873 1883 1883 1873 1873 1883 1894 1894 1894 1883
    1883 1883 1904 1904 1904 1904 1873 1863 1853 1853 1853 1853 1853
    1853 1863 1863 1863 1863 1863 1863 1863 1863 1863 1863 1863 1873
    1873 1873 1883 1883 1873 1873 1883 1894 1894 1894 1883 1883 1894
    1894 1894 1904 1904 1873 1863 1853 1853 1853 1853 1853 1863 1863
    1853 1853 1863 1863 1863 1863 1863 1873 1873 1873 1863 1863 1863
    1873 1883 1883 1883 1883 1894 1894 1894 1894 1894 1894 1894 1894
    1904 1904 1863 1853 1853 1853 1853 1863 1863 1863 1863 1853 1853
    1863 1863 1863 1863 1863 1863 1863 1873 1863 1863 1863 1873 1883
    1883 1883 1894 1904 1894 1894 1894 1894 1894 1894 1894 1915 1915
    1823 1853 1853 1853 1853 1863 1863 1863 1863 1863 1863 1863 1863
    1863 1863 1863 1863 1863 1873 1873 1863 1863 1873 1883 1894 1894
    1904 1904 1904 1904 1904 1904 1904 1904 1904 1904 1904 1823 1833
    1853 1853 1863 1863 1863 1863 1863 1863 1863 1863 1863 1863 1863
    1863 1863 1863 1873 1873 1873 1873 1873 1883 1894 1904 1904 1904
    1904 1904 1894 1894 1904 1904 1904 1904 1904 1823 1833 1853 1863
    1863 1863 1863 1863 1863 1863 1863 1863 1863 1863 1863 1863 1873
    1873 1873 1873 1873 1873 1883 1883 1883 1894 1904 1904 1904 1894
    1894 1894 1904 1904 1904 1915 1915 1823 1843 1863 1863 1863 1863
    1863 1863 1863 1863 1853 1853 1863 1863 1863 1863 1863 1863 1873
    1873 1873 1873 1883 1883 1883 1894 1904 1904 1904 1894 1894 1894
    1904 1904 1904 1915 1915 1853 1853 1863 1863 1863 1863 1863 1863
    1863 1863 1853 1853 1863 1863 1863 1863 1863 1863 1873 1873 1873
    1873 1883 1894 1894 1904 1904 1904 1904 1904 1894 1894 1904 1904
    1904 1904 1904 1863 1863 1853 1853 1863 1863 1863 1863 1863 1863
    1863 1863 1863 1863 1863 1863 1863 1873 1873 1873 1873 1873 1894
    1894 1894 1894 1904 1904 1904 1904 1894 1894 1904 1904 1904 1904
    1915 1863 1863 1853 1853 1863 1863 1863 1863 1863 1863 1863 1863
    1863 1853 1853 1853 1863 1863 1863 1873 1873 1873 1894 1894 1894
    1894 1904 1904 1904 1904 1904 1904 1904 1904 1904 1904 1915 1863
    1863 1863 1863 1863 1863 1863 1863 1863 1863 1863 1863 1863 1853
    1853 1853 1863 1863 1863 1873 1873 1873 1894 1894 1894 1894 1904
    1904 1904 1904 1904 1904 1904 1904 1904 1904 1915 1853 1853 1853
    1853 1863 1863 1863 1863 1863 1863 1863 1863 1863 1863 1863 1863
    1863 1873 1873 1873 1873 1873 1894 1894 1894 1894 1904 1904 1904
    1904 1904 1904 1904 1904 1904 1904 1904 1853 1853 1853 1853 1863
    1863 1863 1863 1863 1863 1863 1863 1863 1863 1863 1863 1873 1873
    1873 1873 1873 1873 1894 1894 1894 1894 1904 1904 1904 1904 1904
    1904 1904 1904 1904 1904 1904 1843 1853 1853 1853 1863 1863 1863
    1863 1863 1873 1873 1873 1873 1873 1873 1873 1873 1873 1873 1873
    1873 1873 1894 1894 1894 1904 1904 1904 1904 1904 1904 1904 1904
    1904 1904 1904 1904 1833 1843 1853 1853 1863 1863 1863 1863 1863
    1863 1873 1873 1873 1873 1873 1873 1873 1883 1883 1883 1883 1883
    1894 1894 1904 1904 1904 1904 1904 1904 1904 1904 1904 1904 1904
    1904 1904 1833 1843 1863 1863 1863 1863 1863 1863 1863 1863 1873
    1863 1863 1873 1873 1873 1883 1883 1883 1883 1883 1883 1904 1904
    1904 1904 1904 1904 1904 1904 1904 1904 1904 1904 1904 1894 1894
    1833 1853 1853 1863 1863 1863 1863 1863 1863 1863 1873 1863 1863
    1863 1873 1873 1883 1883 1883 1883 1883 1883 1904 1904 1904 1904
    1904 1904 1904 1904 1904 1904 1915 1904 1904 1894 1894 1833 1853
    1853 1863 1863 1863 1863 1863 1863 1863 1873 1863 1863 1863 1873
    1873 1883 1883 1883 1883 1883 1883 1904 1904 1904 1904 1904 1904
    1904 1904 1904 1904 1915 1915 1915 1894 1894 1853 1853 1853 1853
    1853 1863 1863 1863 1863 1873 1863 1863 1863 1863 1873 1883 1883
    1883 1883 1883 1883 1894 1904 1904 1904 1904 1904 1915 1915 1915
    1915 1915 1915 1915 1915 1894 1894 1863 1863 1853 1853 1853 1863
    1863 1863 1863 1863 1863 1863 1863 1863 1863 1873 1883 1883 1883
    1883 1883 1894 1904 1904 1904 1915 1915 1915 1915 1915 1915 1915
    1915 1926 1926 1904 1904 1883 1863 1863 1863 1863 1863 1863 1863
    1863 1863 1863 1863 1863 1863 1863 1873 1883 1883 1883 1883 1883
    1894 1904 1904 1904 1904 1904 1904 1915 1915 1915 1915 1915 1926
    1926 1926 1936 1863 1863 1863 1863 1863 1863 1863 1863 1863 1863
    1863 1863 1863 1863 1873 1883 1883 1883 1883 1883 1883 1883 1894
    1904 1904 1904 1904 1904 1915 1915 1915 1915 1915 1915 1915 1926
    1926 1863 1863 1863 1863 1863 1863 1863 1863 1863 1863 1863 1863
    1863 1873 1873 1883 1883 1883 1883 1883 1883 1883 1894 1904 1904
    1904 1904 1904 1915 1915 1915 1915 1915 1915 1915 1915 1926 1863
    1863 1863 1863 1863 1863 1863 1873 1863 1863 1863 1863 1873 1873
    1873 1883 1883 1883 1883 1883 1883 1883 1904 1904 1904 1904 1904
