<?xml version="1.0"?>
<opencv_storage>
<Depth6126 type_id="opencv-matrix">
  <rows>19</rows>
  <cols>13</cols>
  <dt>w</dt>
  <data>
    3774 3774 3732 3732 3732 3732 3732 3732 3732 3732 3732 3732 3774
    3692 3692 3692 3732 3732 3732 3732 3732 3732 3732 3732 3732 3774
    3732 3692 3692 3732 3732 3732 3732 3732 3732 3732 3774 3774 3774
    3732 3732 3732 3732 3732 3732 3732 3732 3732 3732 3774 3816 0 3732
    3732 3732 3774 3774 3732 3732 3732 3732 3732 3732 3774 0 3774 3774
    3774 3732 3732 3732 3732 3732 3732 3732 3732 3732 0 3732 3732 3732
    3732 3732 3732 3732 3732 3732 3732 3732 3732 0 3732 3732 3732 3732
    3732 3732 3732 3732 3732 3692 3692 3653 3653 3732 3732 3692 3692
    3692 3692 3692 3692 3692 3692 3692 3653 3653 3816 3774 3692 3692
    3692 3692 3692 3692 3692 3692 3692 3692 0 3816 3774 3692 3692 3692
    3692 3692 3692 3692 3692 3692 3692 3732 3774 3732 3732 3732 3692
    3692 3692 3692 3692 3692 3692 3692 3732 3774 3732 3732 3732 3692
    3692 3692 3692 3692 3692 3692 3692 3692 3732 3732 3692 3692 3692
    3732 3692 3692 3692 3692 3653 3653 3692 3732 3692 3692 3692 3692
    3692 3692 3692 3692 3692 3653 3653 3692 3732 3692 3692 3692 3692
    3692 3692 3732 3692 3692 3692 3692 3692 3692 3692 3692 3692 3692
    3692 3692 3692 3692 3692 3692 3692 3692 3692 3692 3653 3653 3692
    3692 3692 3692 3692 3692 3692 3692 3692 3692 3692 3653 3653 3692
    3692 3692 3692 3692 3692 3692 3692 3732</data></Depth6126>
</opencv_storage>
