<?xml version="1.0"?>
<opencv_storage>
<Depth17686 type_id="opencv-matrix">
  <rows>18</rows>
  <cols>50</cols>
  <dt>w</dt>
  <data>
    1833 1833 1843 1843 3468 3468 3468 3468 3433 3433 3433 3433 3433
    3399 3365 3333 3333 3333 3300 3300 3300 4295 4349 4349 4295 4295
    3238 3238 4089 4089 4089 4089 4089 4089 4089 4089 4089 4089 4089
    4041 3994 3994 3948 3948 3948 3948 3948 3903 3903 3903 1833 1833
    3468 3468 3433 3433 3433 3433 3433 3433 3433 3433 3399 3399 3365
    3333 3333 3333 3300 3300 3300 3300 4295 3269 3208 3208 3208 3238
    3238 4089 4089 4089 4089 4089 4089 4089 4089 4089 4089 4041 3994
    3994 3948 3948 3948 3948 3948 3948 3903 3903 3503 3468 3468 3468
    3433 3433 3433 3433 3433 3433 3433 3399 3399 3365 3365 3333 3333
    3333 3300 3300 3300 3269 3269 3269 3208 3208 3208 3238 3238 3269
    3269 4139 3208 3208 4089 4089 4089 4089 4089 4041 3994 3994 3948
    3948 3948 3948 3948 3948 3903 3903 3503 3503 3503 3468 3433 3433
    3433 3433 3433 3433 3433 3399 3399 3365 3365 3333 3333 3333 3300
    3300 3300 3269 3269 3269 3238 3208 3208 3238 3269 3269 3208 3208
    3208 3208 3208 3208 3120 3120 3120 4041 3994 3994 3994 3994 3994
    3948 3948 3948 3903 3903 3468 3503 3503 3468 3433 3433 3433 3399
    3399 3399 3399 3399 3399 3399 3365 3333 3333 3333 3300 3300 3300
    3269 3269 3269 3238 3238 3238 3238 3269 3238 3208 3208 3208 3208
    3178 3149 3120 3120 3120 3178 4041 4041 3948 3948 3948 3948 3948
    3903 3903 3903 3468 3503 3503 3468 3399 3399 3399 3399 3399 3399
    3399 3399 3365 3365 3365 3333 3333 3333 3333 3300 3300 3269 3269
    3238 3238 3238 3238 3238 3238 3208 3208 3208 3208 3208 3178 3149
    3149 3120 3120 3149 3149 3149 3948 3092 3092 3859 3092 3092 3092
    3903 1904 3503 3503 3503 3399 3333 3333 3365 3399 3399 3399 3365
    3365 3365 3333 3333 3333 3333 3333 3300 3300 3269 3269 3238 3238
    3238 3238 3238 3238 3208 3208 3208 3208 3178 3178 3149 3149 3149
    3149 3149 3149 3149 3149 3092 3092 3092 3092 3092 3092 3092 1915
    1915 1915 3333 3333 3333 3333 3365 3399 3399 3365 3365 3365 3365
    3333 3333 3333 3300 3300 3333 3300 3269 3238 3238 3238 3238 3238
    3208 3208 3208 3208 3208 3208 3178 3178 3149 3149 3149 3149 3120
    3120 3149 3149 3120 3092 3064 3064 3064 3064 3064 1915 1915 2143
    2143 2156 2156 3399 3399 3399 3333 3333 3333 3333 3333 3333 3333
    3333 3300 3300 3333 3300 3269 3238 3238 3238 3238 3238 3208 3208
    3208 3178 3178 3178 3178 3178 3178 3149 3149 3149 3120 3120 3120
    3120 3120 3092 3064 3064 3064 3064 3064 1915 1915 2143 2143 2156
    2156 2116 2116 3269 3269 3269 3300 3333 3333 3333 3333 3333 3333
    3300 3300 3300 3269 3238 3238 3238 3238 3238 3208 3208 3208 3178
    3178 3178 3178 3178 3178 3178 3178 3149 3120 3120 3120 3120 3120
    3092 3064 3064 3064 3037 3037 1915 2143 2143 2143 2143 2129 2116
    2116 2116 3269 3269 3300 3300 3333 3333 3333 3333 3333 3300 3300
    3300 3269 3269 3269 3238 3238 3238 3238 3208 3208 3208 3208 3178
    3178 3178 3178 3178 3178 3149 3149 3120 3120 3120 3092 3092 3064
    3037 3037 3037 3037 2129 2129 2129 2129 2116 2103 2103 2103 2103
    3300 3300 3300 3300 3300 3333 3365 3333 3333 3300 3269 3269 3269
    3238 3238 3238 3238 3238 3238 3238 3208 3208 3208 3178 3178 3178
    3149 3149 3149 3149 3149 3120 3120 3120 3092 3092 3064 3037 3037
    3037 3037 2129 2129 2129 2129 2116 2103 2090 2090 2090 3300 3300
    3300 3300 3300 3333 3365 3333 3333 3300 3269 3269 3269 3208 3208
    3238 3238 3238 3208 3208 3208 3208 3208 3178 3178 3178 3149 3149
    3149 3149 3120 3120 3120 3092 3092 3092 3064 3064 3064 3037 3037
    2116 2116 2129 2116 2116 2090 2090 2078 2053 2053 2053 2053 2016
    2016 2016 2016 2005 1993 1981 1981 1947 3208 3208 3208 3208 3178
    3178 3178 3178 3208 3178 3178 3178 3178 3178 3178 3149 3149 3149
    3120 3120 3092 3092 3092 3064 3064 3064 3064 3037 3037 2103 2103
    2103 2103 2090 2065 2065 2053 2053 2053 2053 2016 2016 2016 2016
    2016 2005 1993 1981 1981 1947 1947 1947 3208 1981 1981 3178 3178
    3178 3208 3178 3178 3208 3178 3178 3178 3149 3149 3149 3120 3120
    3092 3092 3092 3064 3064 3064 3064 3064 3064 2090 2090 2078 2078
    2065 2053 2053 2053 2053 2053 2028 2016 2016 2016 2016 2016 2005
    1993 1981 1981 1947 1947 1947 1947 1959 1981 1993 1993 1993 3238
    3208 3208 3208 3208 3208 3178 3178 3149 3149 3120 3120 3092 3092
    3092 3064 3064 3064 3037 3037 3064 2090 2090 2078 2065 2065 2053
    2053 2053 2053 2040 2028 2005 2005 2005 2016 2005 2005 1993 1981
    1981 1947 1947 1947 1947 1959 1981 1993 1993 1993 0 0 0 0 3208 3208
    3208 3178 3178 3178 3149 3149 3064 3037 3037 3064 3064 3064 3037
    3037 3064 2090 2078 2078 2065 2065 2053 2053 2040 2040 2040 2028
    2005 2005 2005 2005 2005 2005 2005 1993 1993 1981 1970 1970 1959
    1959 1981 1993 1993 0 0 0 0 0 0 0 0 0 0 0 3178 3178 3064 3037 3037
    3064 3092 3120 3092 3064 3064</data></Depth17686>
</opencv_storage>
