<?xml version="1.0"?>
<opencv_storage>
<Depth15293 type_id="opencv-matrix">
  <rows>51</rows>
  <cols>25</cols>
  <dt>w</dt>
  <data>
    3816 3816 3816 3774 3774 1936 1936 1947 1947 1981 1970 1970 3994
    1959 1959 1993 2028 4089 4139 4241 4241 4295 4241 4241 4241 3859
    1904 1904 1904 1915 1915 1915 1926 1926 1926 1926 1915 1915 1915
    1926 3994 2065 2065 2065 4295 4241 4241 4241 4241 4241 1894 1894
    1904 1904 1915 1915 1915 1915 1915 1915 1915 1915 1915 1915 1915
    1926 1926 1959 2065 2065 4190 4190 4241 4241 4241 1894 1894 1904
    1904 1915 1915 1904 1904 1904 1904 1904 1904 1915 1915 1915 1926
    1926 1947 1947 4190 4190 4190 4241 4241 4241 1894 1894 1904 1904
    1904 1904 1904 1904 1904 1904 1904 1904 1915 1904 1904 1926 1936
    1947 1970 2005 2005 4295 4295 4295 4295 1894 1894 1904 1904 1904
    1904 1904 1904 1904 1904 1904 1904 1915 1904 1904 1926 1936 1947
    1970 2005 2028 2078 2078 4349 4241 1904 1904 1904 1904 1904 1904
    1904 1904 1904 1904 1904 1904 1915 1904 1904 1926 1936 1947 1981
    2005 2028 2065 2078 4089 4089 1915 1904 1904 1904 1904 1904 1904
    1904 1904 1904 1904 1904 1904 1904 1904 1926 1936 1947 1981 2005
    2028 2065 2090 2143 4089 1915 1915 1904 1904 1904 1904 1904 1904
    1904 1904 1904 1904 1904 1904 1904 1926 1936 1959 1981 2005 2040
    2065 2090 2143 3948 1915 1915 1915 1904 1904 1904 1904 1904 1904
    1904 1904 1904 1904 1904 1904 1926 1947 1959 1981 2005 2040 2065
    2090 2129 3948 1915 1915 1915 1904 1904 1904 1904 1904 1904 1904
    1904 1904 1904 1904 1915 1926 1936 1947 1981 2005 2040 2065 2090
    2129 2129 1915 1894 1894 1915 1915 1915 1904 1904 1904 1904 1904
    1904 1904 1904 1915 1926 1936 1947 1970 2005 2028 2065 2090 2116
    2116 1894 1894 1894 1904 1915 1915 1915 1904 1904 1904 1904 1904
    1915 1915 1915 1936 1936 1947 1970 2005 2028 2065 2090 2103 2116
    1894 1894 1904 1904 1915 1915 1915 1915 1915 1915 1915 1915 1915
    1915 1915 1936 1936 1947 1970 2005 2028 2065 2090 2103 2116 1883
    1883 1904 1904 1915 1915 1915 1915 1915 1915 1915 1926 1926 1926
    1926 1936 1936 1947 1970 2016 2028 2065 2090 2103 2103 1883 1883
    1904 1904 1915 1915 1915 1915 1926 1926 1926 1926 1926 1926 1926
    1936 1936 1947 1970 2005 2028 2065 2090 2090 2103 1883 1883 1894
    1904 1915 1915 1915 1915 1926 1926 1926 1926 1926 1926 1926 1936
    1936 1947 1970 2005 2040 2065 2090 2090 2090 1883 1883 1894 1904
    1915 1915 1915 1915 1926 1926 1926 1926 1926 1926 1926 1936 1936
    1947 1981 2016 2028 2065 2090 2090 2090 1894 1894 1904 1915 1915
    1915 1915 1915 1915 1915 1926 1926 1926 1926 1926 1926 1936 1947
    1970 2005 2028 2065 2090 2090 2103 1926 1915 1915 1915 1915 1915
    1915 1915 1915 1915 1915 1915 1926 1915 1915 1926 1936 1947 1970
    2005 2028 2053 2090 2090 2103 1915 1904 1904 1915 1915 1915 1915
    1915 1915 1915 1915 1915 1915 1915 1915 1926 1936 1947 1959 1993
    2016 2053 2090 2090 2090 1915 1904 1904 1915 1915 1915 1915 1915
    1915 1915 1915 1915 1915 1915 1915 1936 1936 1947 1959 1993 2016
    2040 2090 2103 2116 1915 1915 1915 1915 1915 1915 1915 1915 1915
    1915 1915 1915 1915 1915 1915 1936 1936 1936 1959 1993 2016 2040
    2090 2116 2116 1915 1915 1915 1904 1904 1904 1915 1915 1915 1915
    1915 1915 1915 1915 1915 1936 1936 1936 1947 1993 2016 2040 2090
    2116 2116 1926 1926 1915 1904 1904 1904 1915 1915 1915 1915 1915
    1915 1915 1915 1926 1936 1936 1936 1947 1993 2016 2040 2078 2129
    2129 1915 1915 1915 1915 1915 1915 1915 1915 1915 1915 1915 1915
    1915 1915 1926 1926 1926 1936 1947 1993 2005 2040 2078 2116 2129
    1915 1915 1926 1926 1915 1915 1915 1915 1915 1915 1915 1915 1926
    1926 1926 1926 1926 1936 1981 2005 2005 2040 2078 2116 2129 1926
    1926 1926 1926 1915 1915 1915 1915 1915 1915 1915 1915 1926 1926
    1926 1936 1936 1936 1970 2005 2005 2028 2078 2129 2129 1915 1915
    1915 1926 1926 1926 1926 1915 1915 1915 1915 1926 1926 1926 1926
    1936 1936 1947 1970 2005 2005 2028 2078 2129 2129 1915 1915 1915
    1915 1915 1915 1915 1915 1915 1915 1915 1926 1926 1926 1926 1936
    1936 1947 1970 2005 2005 2028 2078 2116 2129 3692 1926 1926 1915
    1915 1915 1915 1915 1915 1915 1915 1926 1926 1926 1926 1936 1936
    1959 1981 2016 2016 2028 2090 2103 2103 3692 1926 1926 1926 1926
    1926 1926 1926 1926 1915 1915 1926 1926 1926 1926 1936 1947 1970
    1981 1993 2016 2040 2090 2103 2103 3653 1926 1926 1926 1926 1926
    1926 1926 1926 1926 1926 1926 1926 1926 1926 1936 1947 1959 1981
    1993 2016 2040 2090 2103 2103 3653 1926 1926 1926 1926 1926 1926
    1926 1926 1926 1926 1926 1926 1926 1926 1936 1947 1959 1981 2016
    2016 2040 2090 2090 2090 3774 1926 1926 1926 1926 1926 1926 1926
    1926 1926 1926 1926 1926 1926 1926 1936 1947 1959 1981 1993 2016
    2040 2090 2090 2090 3774 1926 1926 1926 1926 1926 1926 1926 1926
    1926 1926 1926 1926 1915 1915 1936 1947 1959 1981 1993 2016 2053
    2090 2090 2090 3774 1936 1936 1926 1926 1926 1926 1926 1926 1926
    1926 1926 1926 1915 1915 1936 1947 1959 1981 2016 2016 2078 2090
    2090 2090 3774 1959 1936 1926 1926 1915 1915 1915 1915 1926 1926
    1926 1926 1926 1926 1936 1936 1959 1970 2005 2005 2053 2090 2116
    2143 3774 1959 1936 1926 1926 1915 1915 1915 1915 1926 1926 1926
    1926 1926 1926 1936 1936 1947 1959 2005 2005 2040 2103 2143 2143
    3774 1970 1936 1936 1926 1926 1926 1926 1926 1926 1926 1926 1926
    1926 1926 1947 1947 1947 1959 2005 2005 2040 2090 2116 2116 3774
    1936 1926 1926 1926 1926 1926 1926 1926 1926 1926 1926 1926 1926
    1936 1947 1947 1947 1959 2005 2040 2053 2090 2103 2103 3774 1936
    1926 1926 1915 1915 1926 1926 1926 1915 1915 1926 1926 1926 1926
    1936 1936 1947 1959 2016 2040 2053 2090 2090 2090 1926 1926 1926
    1915 1915 1915 1926 1926 1926 1915 1915 1926 1926 1926 1926 1936
    1936 1947 1959 2005 2028 2040 2090 2090 2090 1926 1926 1926 1915
    1915 1915 1926 1926 1926 1915 1915 1926 1926 1926 1926 1936 1936
    1947 1959 2005 2028 2028 2090 2103 2103 3816 1936 1926 1915 1915
    1915 1926 1926 1926 1926 1926 1926 1926 1926 1926 1936 1936 1947
    1970 1993 2016 2028 2090 2116 2116 3816 1926 1926 1915 1915 1926
    1926 1926 1926 1926 1926 1926 1926 1926 1926 1936 1936 1947 1970
    1993 2016 2028 2078 2103 2116 3774 1926 1926 1926 1926 1926 1926
    1926 1926 1926 1926 1926 1926 1926 1936 1936 1936 1947 1981 1993
    2016 2028 2065 2103 2116 3774 1936 1936 1936 1936 1936 1936 1926
    1926 1926 1926 1926 1926 1936 1947 1936 1936 1947 1981 1993 2016
    2028 2065 2116 2143 3774 1936 1936 1936 1926 1926 1926 1926 1926
    1926 1926 1926 1926 1936 1947 1947 1947 1947 1970 1993 1993 2116
    2116 2116 2143 3774 3774 1936 1936 1926 1926 1926 1926 1926 1926
    1926 1936 1936 1936 1947 1947 1947 1936 1936 1936 4241 4295 4295
    4295 4295 3774 3774 1936 1936 1926 1926 1926 1926 1926 1926 1936
    1936 1936 1936 1947 1947 1947 1936 1936 4241 4241 4295 4295 4241
    4349</data></Depth15293>
</opencv_storage>
