<?xml version="1.0"?>
<opencv_storage>
<Depth16045 type_id="opencv-matrix">
  <rows>40</rows>
  <cols>23</cols>
  <dt>w</dt>
  <data>
    6753 6622 6622 3333 3300 3300 3300 3300 3300 3300 3300 3333 3333
    3333 3333 3365 3365 3365 3365 3365 3365 3365 3365 6753 6622 3365
    3333 3300 3300 3300 3300 3300 3300 3300 3333 3333 3333 3333 3365
    3365 3365 3365 3365 3365 3365 3365 6753 6753 3365 3333 3300 3300
    3300 3300 3300 3300 3333 3333 3333 3333 3333 3365 3365 3365 3365
    3365 3365 3365 3365 6622 3365 3365 3333 3300 3300 3300 3300 3300
    3300 3333 3333 3333 3333 3333 3333 3333 3333 3365 3365 3365 3365
    3365 6622 3365 3365 3333 3300 3300 3300 3300 3300 3300 3333 3333
    3333 3333 3333 3333 3333 3333 3333 3365 3365 3365 3365 3503 3399
    3365 3333 3300 3300 3300 3300 3300 3333 3333 3333 3333 3333 3333
    3333 3333 3333 3333 3365 3365 3365 3365 3503 3433 3365 3333 3300
    3300 3300 3300 3300 3333 3333 3333 3333 3333 3333 3333 3333 3333
    3365 3365 3365 3365 3333 6753 3468 3333 3333 3300 3300 3300 3333
    3333 3333 3333 3333 3333 3333 3333 3333 3333 3333 3365 3365 3365
    3365 3333 6753 3399 3333 3333 3300 3300 3300 3333 3333 3333 3333
    3333 3333 3333 3333 3333 3333 3333 3333 3365 3365 3365 3333 6753
    3333 3333 3333 3333 3333 3333 3333 3333 3333 3333 3333 3333 3333
    3333 3333 3333 3333 3333 3365 3365 3365 3365 6753 3333 3333 3333
    3333 3333 3333 3333 3333 3333 3333 3333 3333 3365 3333 3333 3333
    3333 3365 3365 3365 3365 3365 6753 3300 3300 3333 3333 3333 3333
    3333 3333 3333 3333 3333 3333 3365 3333 3333 3333 3333 3365 3365
    3365 3365 3365 6753 3300 3300 3300 3300 3333 3333 3333 3333 3333
    3333 3333 3365 3365 3333 3333 3365 3365 3365 3365 3365 3365 3365
    6753 3333 3333 3300 3300 3333 3333 3333 3333 3333 3333 3333 3365
    3365 3333 3333 3365 3365 3365 3365 3365 3365 3365 3365 3333 3333
    3300 3300 3333 3333 3333 3333 3333 3333 3333 3333 3333 3365 3365
    3365 3365 3365 3365 3365 3365 3365 3365 3333 3333 3300 3300 3333
    3333 3333 3333 3333 3333 3333 3333 3333 3333 3365 3365 3365 3365
    3365 3365 3365 3365 3365 3333 3333 3333 3333 3333 3333 3333 3333
    3333 3333 3333 3365 3333 3333 3365 3365 3365 3365 3365 3399 3399
    3399 3333 3333 3333 3300 3300 3333 3333 3333 3333 3333 3333 3333
    3365 3333 3333 3365 3365 3365 3365 3365 3399 3433 6497 3333 3333
    3333 3300 3300 3333 3333 3333 3333 3333 3333 3333 3365 3333 3333
    3365 3365 3365 3365 3365 3399 3433 6497 3333 3333 3333 3300 3300
    3333 3333 3333 3333 3333 3333 3333 3365 3333 3333 3365 3365 3365
    3365 3365 3399 3433 3468 3333 3333 3333 3300 3300 3333 3333 3333
    3333 3333 3333 3333 3365 3333 3333 3365 3365 3365 3365 3365 3365
    3399 3433 3333 3333 3333 3333 3333 3333 3333 3333 3333 3333 3333
    3365 3333 3333 3333 3333 3365 3365 3365 3365 3365 3399 3433 3333
    3333 3333 3333 3333 3333 3333 3333 3333 3333 3333 3365 3333 3333
    3333 3333 3365 3365 3365 3399 3399 3399 3468 3333 3333 3333 3333
    3333 3333 3333 3333 3333 3365 3365 3365 3333 3333 3365 3365 3365
    3365 3365 3399 3365 3365 6497 3333 3333 3333 3333 3333 3333 3333
    3333 3333 3365 3365 3365 3333 3333 3365 3365 3365 3365 3365 3399
    3365 3365 6497 3333 3333 3333 3300 3300 3333 3333 3333 3333 3333
    3333 3333 3333 3333 3365 3365 3365 3365 3399 3399 3365 3365 6622
    3333 3333 3300 3300 3300 3333 3333 3333 3333 3333 3333 3333 3333
    3333 3365 3365 3365 3365 3399 3399 3365 3365 6622 3333 3333 3300
    3300 3300 3333 3333 3333 3333 3333 3333 3365 3365 3365 3365 3365
    3365 3365 3365 3365 3365 3365 6497 3333 3333 3300 3300 3300 3333
    3333 3333 3365 3365 3365 3365 3365 3365 3365 3365 3365 3365 3365
    3365 3365 3365 6497 3333 3333 3300 3300 3333 3333 3333 3365 3365
    3365 3365 3365 3365 3365 3365 3365 3365 3365 3399 3399 3399 3399
    6622 6753 6753 6889 3365 3365 3365 3365 3365 3365 3365 3365 3365
    3365 3365 3365 3365 3365 3365 3399 3399 3399 3399 6622 6753 6753
    6753 6753 6753 3365 3365 3365 3365 3365 3365 3399 3365 3365 3365
    3365 3365 6753 6753 6622 6622 6622 6622 6622 6753 6753 6753 6753
    6753 3333 3333 3333 3333 3333 3333 3399 3399 3399 7030 6889 6753
    6753 6753 6753 6622 6622 6497 6753 6753 6753 6753 3365 3333 3333
    3333 3333 3333 3333 3365 3365 3365 3365 6889 6753 6753 6753 6753
    6622 6622 6497 6753 6753 6753 3365 3365 3365 3333 3333 3333 3333
    3333 3365 3365 3333 3333 3333 6889 6889 6753 6753 6622 6622 6622
    6753 6753 3468 3468 3365 3365 3333 3333 3333 3333 3333 3365 3365
    3333 3300 3300 6889 6889 6889 6753 6622 6622 6753 6889 6889 6889
    3468 3399 3365 3333 3333 3333 3333 3333 3333 3333 3333 3300 3300
    6889 6889 6889 6889 6753 6622 6889 6889 6889 6889 3433 3399 3365
    3365 3365 3365 3365 3365 3333 3333 3333 3300 3300 3300 6889 6889
    6889 6889 6753 6889 6889 6889 6753 3433 3399 3365 3365 3365 3365
    3365 3365 3333 3333 3333 3300 3300 6889 6889 6889 6889 6889 7030
    6889 6889 6889 6753 6753 3399 3365 3365 3365 3365 3365 3365 3365
    3365 3365 6889 6753 6753 6753 6753 6753 6753 6753</data></Depth16045>
</opencv_storage>
