<?xml version="1.0"?>
<opencv_storage>
<Depth13668 type_id="opencv-matrix">
  <rows>10</rows>
  <cols>46</cols>
  <dt>w</dt>
  <data>
    4041 4041 4041 4089 5210 3903 3903 3994 3994 3994 3994 3948 3948
    3948 3948 3948 3948 3948 3948 3903 3859 3816 3816 3774 3774 3774
    3774 3774 3774 3774 3774 3732 3732 3692 3692 3732 3732 3732 3774
    3774 3774 3653 3653 3653 3653 3653 4089 4041 4041 3948 3948 3903
    3903 3994 3994 3994 3994 3948 3948 3948 3948 3948 3948 3948 3948
    3903 3859 3816 3816 3774 3774 3816 3774 3774 3774 3774 3774 3732
    3732 3692 3692 3692 3692 3692 3732 3774 3774 3653 3653 3614 3614
    3614 4089 4041 4041 3948 3948 3948 3948 3994 3994 3994 3994 3948
    3948 3948 3948 3948 3948 3948 3948 3903 3859 3816 3774 3774 3774
    3816 3816 3774 3774 3774 3774 3774 3732 3732 3692 3692 3692 3692
    3692 3692 3732 3653 3653 3614 3614 3614 4041 4089 4089 4041 4041
    3994 3994 3994 3994 3948 3948 3948 3948 3948 3948 3948 3948 3948
    3903 3903 3859 3816 3774 3774 3774 3774 3774 3774 3774 3774 3774
    3774 3732 3732 3732 3732 3774 3732 3692 3692 3653 3653 3653 3653
    3614 3614 3994 3994 3994 3994 3994 4041 4041 3994 3994 3948 3948
    3948 3948 3948 3903 3903 3903 3903 3903 3903 3859 3774 3774 3774
    3774 3774 3774 3774 3774 3774 3774 3774 3732 3732 3732 3732 3774
    3774 3732 3732 3653 3653 3653 3653 3653 3614 3994 3948 3948 3948
    3948 4041 4041 3994 3994 3948 3948 3903 3903 3903 3903 3903 3903
    3903 3903 3859 3816 3774 3774 3774 3774 3774 3774 3774 3774 3774
    3774 3774 3732 3732 3774 3774 3816 3816 3774 3732 3653 3653 3653
    3653 3653 3614 3948 3948 3948 3948 3948 0 4089 4041 3994 3948 3948
    3903 3903 3903 3903 3903 3903 3903 3859 3816 3774 3732 3732 3774
    3774 3774 3774 3774 3774 3774 3774 3774 3732 3732 3774 3774 3816
    3816 3774 3653 3576 3576 3614 3614 3614 3614 0 0 0 0 0 0 0 0 0 0
    3948 3948 3903 3903 3948 3994 3903 3903 3774 3774 3774 3732 3732
    3732 3732 3816 3774 3774 3774 3774 3774 3774 3774 3774 3774 3816
    3816 3816 3774 3653 3576 3576 3614 3614 3614 3614 2541 0 0 0 0 0 0 0
    0 0 0 0 0 0 2286 3732 3732 3732 3732 3732 3732 3732 3732 3732 3732
    3816 3774 3774 3774 3816 3816 2503 2503 2503 0 3816 3816 3816 3692
    3653 3614 3614 3614 3576 3576 3614 2522 2522 0 0 0 0 0 0 0 0 0 0 0 0
    0 0 0 3732 3732 3732 3732 2503 2522 2541 2541 2522 2522 2522 2522
    2522 2503 2503 2503 2503 2467 0 3774 3774 3692 3653 3614 3614 3614
    3576 3576 3614</data></Depth13668>
</opencv_storage>
