<?xml version="1.0"?>
<opencv_storage>
<Depth14414 type_id="opencv-matrix">
  <rows>45</rows>
  <cols>37</cols>
  <dt>w</dt>
  <data>
    4708 4645 4582 4582 4582 4582 4582 4522 4522 4522 4522 4522 4405
    2271 2271 2256 2256 2256 2256 2256 2241 2241 2241 2226 2226 2226
    2212 2212 2212 4089 4041 4041 4041 4041 3994 3994 3994 2333 2301
    2301 2301 2301 2317 2317 2301 2301 2286 2271 2271 2271 2256 2256
    2256 2256 2256 2256 2256 2226 2226 2226 2212 2212 2212 2212 2212
    2212 2212 4041 4041 4041 4041 3994 3994 3994 2317 2301 2301 2301
    2301 2317 2301 2301 2286 2286 2271 2271 2271 2256 2256 2256 2256
    2256 2256 2256 2226 2226 2226 2212 2212 2212 2212 2212 2212 2212
    4041 4041 4041 4041 3994 3994 3994 2301 2301 2301 2301 2301 2301
    2286 2286 2286 2271 2271 2271 2271 2256 2256 2256 2256 2256 2256
    2256 2241 2226 2226 2212 2212 2212 2212 2212 2212 2212 4041 4041
    4041 4041 3994 3994 3994 2301 2301 2301 2301 2301 2301 2286 2286
    2286 2271 2271 2256 2256 2256 2256 2241 2241 2256 2256 2241 2241
    2226 2212 2212 2212 2212 2212 2198 2198 2198 3948 3948 3994 3994
    3994 3994 3994 2301 2301 2301 2317 2301 2301 2286 2286 2271 2271
    2271 2256 2256 2256 2256 2241 2241 2256 2256 2241 2241 2226 2212
    2212 2212 2212 2212 2198 2198 2198 3948 3948 3994 3994 3994 3994
    3994 2301 2301 2301 2301 2301 2301 2286 2271 2271 2271 2271 2256
    2256 2256 2256 2256 2256 2256 2241 2241 2226 2226 2212 2212 2212
    2212 2212 2198 2198 2198 2198 4041 3994 3994 3994 3994 3994 2301
    2286 2286 2301 2301 2301 2286 2271 2271 2271 2271 2256 2256 2256
    2256 2256 2241 2241 2241 2241 2226 2212 2212 2212 2212 2212 2212
    2198 2198 2198 2198 4041 3994 3994 3994 3994 3994 2301 2286 2286
    2286 2286 2286 2286 2271 2271 2271 2271 2256 2256 2256 2256 2256
    2241 2241 2241 2241 2226 2212 2212 2212 2212 2212 2212 2212 2198
    2198 2198 4041 3994 3994 3994 3994 3994 2301 2286 2286 2286 2286
    2286 2286 2271 2271 2271 2271 2271 2256 2256 2256 2256 2241 2241
    2241 2241 2226 2226 2212 2212 2212 2212 2212 2212 2198 2198 2198
    3948 3948 3994 3994 3994 3994 2301 2286 2286 2286 2286 2286 2271
    2271 2271 2271 2271 2271 2256 2256 2256 2256 2241 2241 2241 2241
    2226 2226 2212 2212 2212 2212 2198 2198 2198 2198 2198 2198 3948
    3994 3994 3994 3994 2301 2301 2286 2286 2286 2286 2271 2271 2271
    2271 2271 2271 2256 2256 2256 2241 2241 2241 2241 2226 2226 2226
    2212 2212 2212 2212 2198 2198 2198 2198 2198 2198 2241 3994 3994
    3994 3994 2301 2301 2286 2286 2286 2286 2271 2271 2271 2271 2271
    2271 2271 2256 2241 2241 2226 2226 2226 2226 2226 2212 2212 2212
    2198 2198 2198 2198 2198 2198 2198 2212 2241 3994 3994 3994 3994
    2301 2301 2286 2286 2286 2286 2271 2271 2271 2271 2271 2271 2271
    2256 2241 2241 2226 2226 2226 2226 2226 2212 2212 2212 2198 2198
    2198 2198 2198 2198 2198 2198 2241 3994 3994 3994 3994 2301 2301
    2286 2286 2286 2286 2271 2271 2271 2271 2271 2256 2256 2256 2241
    2241 2226 2212 2212 2212 2212 2212 2212 2198 2198 2198 2198 2198
    2198 2198 2198 2198 2212 3994 3994 3994 3994 2301 2301 2301 2286
    2286 2286 2271 2271 2271 2271 2256 2256 2256 2256 2241 2241 2226
    2212 2212 2212 2212 2212 2212 2198 2198 2198 2198 2198 2198 2198
    2184 2184 2198 3994 3994 3994 4041 2301 2301 2301 2286 2286 2271
    2271 2271 2271 2256 2256 2256 2256 2256 2241 2241 2226 2212 2212
    2212 2212 2212 2212 2198 2198 2198 2198 2198 2198 2198 2184 2184
    2198 4041 4041 4041 4041 3178 2286 2286 2286 2286 2271 2271 2271
    2271 2256 2256 2256 2256 2256 2241 2241 2226 2212 2212 2212 2212
    2212 2212 2198 2198 2198 2198 2198 2198 2198 2198 2156 2156 4041
    3994 3994 4041 4842 2286 2286 2271 2271 2271 2271 2271 2256 2256
    2256 2256 2256 2241 2241 2241 2226 2226 2226 2212 2212 2212 2212
    2198 2198 2198 2198 2198 2198 2198 2198 2156 2156 2156 3994 3994
    4041 4774 2286 2286 2271 2271 2271 2271 2271 2256 2256 2256 2256
    2241 2241 2226 2226 2226 2226 2226 2212 2212 2212 2212 2198 2198
    2198 2198 2198 2198 2198 2170 2156 2156 2156 3994 3994 4041 4774
    2286 2286 2271 2271 2271 2271 2271 2256 2256 2256 2256 2241 2241
    2226 2226 2226 2226 2212 2212 2212 2212 2212 2198 2198 2198 2198
    2198 2198 2198 2170 2156 2156 2156 3994 3994 3994 4708 2286 2286
    2271 2271 2271 2271 2271 2256 2256 2256 2256 2241 2241 2241 2226
    2226 2226 2212 2212 2212 2212 2212 2198 2198 2198 2198 2198 2198
    2198 2170 2156 2156 2156 3994 3994 3994 4708 2317 2286 2271 2271
    2271 2271 2271 2256 2256 2256 2256 2256 2256 2241 2226 2226 2212
    2212 2212 2212 2212 2212 2212 2212 2198 2198 2198 2198 2198 2184
    2170 2170 2170 3994 3994 3994 4774 2317 2286 2271 2271 2271 2271
    2271 2256 2256 2256 2256 2241 2241 2226 2226 2226 2212 2212 2212
    2212 2212 2212 2212 2212 2198 2198 2198 2198 2198 2184 2170 2170
    2170 3994 3994 3994 4774 2286 2271 2271 2271 2271 2271 2256 2256
    2256 2256 2241 2241 2241 2226 2226 2212 2212 2212 2198 2198 2212
    2212 2212 2212 2198 2198 2198 2198 2198 2184 2184 2184 2184 3948
    3948 3994 4774 2286 2271 2271 2271 2256 2256 2256 2256 2256 2256
    2241 2241 2241 2226 2226 2212 2212 2212 2198 2198 2198 2212 2212
    2198 2198 2198 2198 2198 2198 2184 2170 2170 2170 3948 3948 3994
    4522 4522 2271 2271 2271 2256 2256 2256 2256 2256 2241 2226 2226
    2226 2226 2226 2226 2212 2212 2198 2198 2198 2212 2212 2198 2198
    2184 2184 2184 2184 2170 2170 2170 2184 3948 3948 3994 4522 4522
    2271 2271 2271 2256 2256 2256 2256 2256 2241 2226 2226 2212 2212
    2212 2212 2212 2212 2198 2198 2198 2198 2198 2198 2198 2184 2184
    2184 2184 2170 2170 2170 2170 2170 3994 3994 4582 4582 2271 2271
    2271 2271 2271 2256 2256 2256 2241 2226 2226 2212 2212 2212 2212
    2212 2212 2198 2198 2198 2198 2198 2198 2184 2184 2184 2184 2184
    2170 2170 2156 2156 2156 4041 4041 4582 4582 2271 2271 2256 2256
    2256 2256 2256 2256 2241 2226 2226 2212 2212 2212 2212 2212 2212
    2212 2212 2198 2198 2198 2198 2184 2184 2184 2184 2184 2184 2170
    2156 2156 2156 4041 4041 4582 4582 4645 2271 2256 2256 2256 2256
    2256 2256 2241 2226 2226 2212 2212 2212 2212 2212 2212 2212 2212
    2198 2198 2198 2198 2184 2184 2184 2184 2184 2184 2170 2170 2170
    2184 4041 3994 4582 4582 4582 2286 2256 2256 2256 2256 2256 2256
    2241 2226 2226 2226 2212 2212 2212 2212 2212 2198 2198 2198 2198
    2198 2198 2198 2184 2184 2184 2184 2184 2184 2184 2184 2184 2184
    3994 4582 4582 4582 2271 2271 2256 2256 2256 2256 2241 2241 2241
    2226 2226 2226 2226 2226 2226 2212 2198 2198 2198 2198 2198 2198
    2198 2184 2184 2184 2184 2184 2184 2170 2170 2170 2170 3994 4645
    4645 4645 2271 2271 2256 2256 2256 2256 2226 2226 2226 2226 2226
    2226 2226 2226 2226 2212 2198 2198 2198 2198 2198 2198 2198 2198
    2198 2198 2184 2184 2184 2170 2170 2170 2170 2170 4645 4582 4582
    2271 2271 2256 2256 2256 2256 2226 2226 2226 2226 2226 2226 2226
    2226 2212 2212 2198 2198 2198 2198 2198 2198 2198 2198 2198 2184
    2184 2184 2184 2170 2170 2170 2170 2170 4708 4582 4582 2286 2271
    2256 2256 2256 2256 2226 2226 2226 2226 2226 2226 2212 2212 2212
    2212 2198 2198 2198 2198 2198 2198 2198 2198 2198 2184 2184 2184
    2184 2156 2156 2156 2156 2156 4708 4645 4645 4708 2256 2256 2256
    2256 2256 2241 2241 2226 2212 2212 2212 2212 2212 2212 2212 2198
    2198 2198 2198 2198 2198 2198 2198 2184 2184 2184 2184 2184 2156
    2156 2156 2156 2156 4645 4645 4708 4708 2256 2256 2256 2256 2256
    2241 2241 2226 2212 2212 2212 2212 2212 2212 2212 2198 2198 2198
    2198 2198 2198 2198 2184 2184 2184 2184 2170 2170 2156 2156 2156
    2116 2116 4645 4645 4645 4645 2256 2256 2256 2256 2256 2241 2241
    2226 2226 2212 2212 2212 2212 2212 2212 2198 2198 2198 2198 2198
    2198 2198 2184 2184 2184 2170 2170 2156 2156 2156 2156 2116 2116
    4582 4582 4582 4582 2256 2256 2256 2256 2256 2241 2241 2226 2226
    2212 2212 2212 2212 2212 2212 2198 2198 2198 2198 2198 2198 2198
    2184 2184 2184 2170 2170 2156 2156 2156 2156 2116 2116 3903 4582
