<?xml version="1.0"?>
<opencv_storage>
<Depth19814 type_id="opencv-matrix">
  <rows>67</rows>
  <cols>52</cols>
  <dt>w</dt>
  <data>
    6146 6146 6038 6038 6038 6038 6259 6259 6753 6753 6753 6889 6889
    6889 6753 6753 6753 6753 6753 6889 6889 7030 1445 1445 1452 1439
    1439 1445 7332 7332 1445 1445 7492 7492 7332 1427 1427 1427 1427
    1427 1439 1439 7178 7178 7030 7030 7178 7178 7178 7178 7178 7178
    6146 6146 6146 6146 6146 6146 6146 6259 6259 1557 6889 6889 6889
    6889 6753 6753 6753 1458 1458 1458 1452 1445 1439 1439 1439 1439
    1439 1439 1433 1433 1427 1427 1427 1433 1433 1433 1427 1427 1427
    1433 1439 1458 1458 7030 7030 7030 7030 7178 7178 7178 7178 7030
    6146 6146 6146 6146 6146 6146 6146 6146 1557 1557 1536 1529 1516
    1503 1496 1477 1470 1458 1458 1458 1445 1439 1433 1433 1433 1433
    1433 1433 1433 1427 1427 1427 1427 1427 1427 1427 1427 1427 1433
    1433 1439 1458 1458 6889 6889 6889 6889 7030 7030 7030 7030 7030
    6146 6146 6259 6146 6146 1586 1579 1564 1557 1550 1536 1516 1509
    1496 1489 1477 1470 1464 1452 1452 1439 1433 1433 1427 1427 1421
    1421 1421 1421 1421 1421 1421 1421 1421 1427 1427 1427 1433 1433
    1433 1439 1439 1439 6889 6889 6889 6889 7030 6889 6889 7030 7030
    5832 1624 1624 1624 1624 1586 1579 1564 1557 1550 1536 1516 1503
    1496 1483 1477 1464 1458 1445 1445 1439 1433 1427 1427 1421 1421
    1421 1421 1421 1421 1421 1421 1421 1421 1421 1421 1421 1433 1433
    1433 1433 1433 0 7030 7030 6889 6889 6889 6889 6889 6889 6889 1632
    1624 1624 1624 1624 1624 1579 1564 1557 1550 1536 1516 1503 1489
    1483 1477 1464 1458 1445 1439 1433 1433 1421 1415 1415 1415 1415
    1421 1421 1421 1421 1421 1421 1421 1421 1421 1421 1433 1427 1427
    1427 1427 1415 6889 6889 6889 6889 6889 6889 6889 6889 6889 1632
    1624 1624 1616 1601 1579 1579 1564 1557 1543 1536 1516 1503 1489
    1477 1477 1464 1452 1445 1439 1433 1433 1415 1415 1415 1415 1415
    1415 1415 1421 1421 1421 1421 1415 1415 1421 1421 1427 1421 1421
    1415 1415 1415 6889 6889 6889 6889 7030 6889 6889 6889 6889 1624
    1624 1624 1616 1601 1579 1579 1572 1557 1543 1536 1516 1503 1489
    1477 1477 1464 1452 1445 1439 1439 1433 1415 1415 1415 1415 1415
    1415 1415 1415 1421 1421 1415 1415 1415 1421 1421 1427 1421 1421
    1415 1415 1415 1415 6889 6889 6889 6889 6889 6889 6889 6889 1632
    1632 1624 1609 1594 1586 1579 1564 1550 1543 1536 1516 1503 1489
    1483 1477 1470 1458 1445 1439 1433 1427 1415 1415 1415 1415 1415
    1415 1415 1415 1415 1415 1415 1415 1415 1421 1421 1421 1421 1421
    1421 1421 1421 0 6753 6753 6753 6889 6889 6889 6889 6889 0 1624 1624
    1609 1594 1586 1579 1564 1550 1543 1529 1516 1503 1496 1483 1477
    1464 1458 1445 1439 1433 1427 1410 1410 1415 1415 1415 1415 1415
    1415 1415 1415 1415 1415 1415 1421 1421 1415 1415 1415 1415 1421
    1421 0 6753 6753 6753 6889 6889 6889 6889 6889 0 1624 1624 1601 1594
    1586 1579 1564 1550 1543 1529 1516 1503 1496 1483 1477 1464 1458
    1445 1445 1433 1427 1410 1410 1410 1415 1415 1415 1415 1415 1415
    1415 1415 1415 1415 1415 1421 1415 1415 1415 1415 1421 1421 0 6753
    6753 6753 6889 6889 6889 6889 6889 0 1624 1624 1601 1594 1594 1579
    1564 1557 1543 1529 1516 1509 1503 1489 1477 1470 1458 1452 1445
    1433 1415 1410 1410 1410 1410 1410 1415 1415 1415 1415 1415 1415
    1415 1415 1415 1415 1415 1415 1415 1415 1421 0 0 0 6753 6753 6753
    6889 6889 6889 6889 0 1624 1624 1601 1594 1594 1579 1564 1557 1543
    1529 1523 1516 1503 1489 1483 1470 1458 1452 1445 1433 1415 1410
    1410 1410 1410 1410 1415 1415 1415 1415 1415 1415 1415 1415 1415
    1415 1415 1415 1415 1410 1410 1410 0 6753 6753 6753 6753 6889 6889
    6889 6889 0 0 0 1601 1594 1594 1579 1564 1557 1550 1536 1523 1516
    1503 1489 1483 1470 1458 1452 1452 1439 1415 1410 1410 1410 1410
    1410 1410 1410 1410 1410 1410 1415 1415 1415 1415 1415 1415 1415
    1415 1410 1410 1410 0 6889 6889 6889 6889 6889 6889 6889 6889 0 0 0
    1609 1601 1594 1579 1572 1564 1550 1536 1523 1516 1503 1489 1483
    1470 1458 1452 1452 1439 1415 1410 1410 1410 1410 1410 1410 1410
    1410 1410 1410 1410 1410 1410 1415 1415 1415 1415 1415 1410 1410
    1410 0 0 6889 6889 6889 6889 6889 6889 6889 0 1624 0 1616 1601 1594
    1586 1572 1564 1557 1536 1523 1516 1509 1496 1483 1470 1464 1452
    1452 1439 1427 1415 1410 1410 1410 1410 1410 1410 1410 1410 1410
    1410 1410 1410 1415 1415 1415 1415 1415 1410 1410 1410 1415 0 6889
    6889 6889 6889 6889 6889 6889 0 1624 1624 1616 1601 1594 1586 1572
    1564 1543 1529 1523 1516 1509 1496 1483 1477 1464 1452 1452 1439
    1427 1415 1410 1410 1410 1410 1410 1410 1410 1410 1410 1410 1410
    1410 1410 1410 1415 1410 1410 1410 1410 1415 1415 1427 6889 6889
    6889 6889 6889 6889 6889 6038 1616 1616 1616 1601 1594 1586 1579
    1564 1543 1529 1523 1516 1503 1496 1483 1477 1470 1452 1452 1445
    1433 1415 1410 1410 1410 1410 1410 1410 1410 1410 1410 1410 1410
    1410 1410 1410 1410 1410 1410 1410 1410 1415 1427 1427 1427 6889
    6753 6753 6889 6889 6889 6038 1616 1616 1609 1601 1594 1586 1579
    1564 1550 1536 1523 1516 1503 1496 1477 1477 1464 1452 1452 1445
    1433 1415 1410 1404 1404 1404 1404 1410 1410 1410 1410 1410 1410
    1410 1410 1410 1410 1410 1410 1410 1410 1415 1421 1427 0 6753 6753
    6753 6889 6889 6889 6038 6146 6146 1609 1601 1594 1594 1579 1564
    1550 1536 1523 1516 1503 1496 1477 1470 1458 1458 1452 1445 1439
    1415 1410 1404 1404 1404 1398 1398 1404 1410 1410 1410 1410 1410
    1410 1410 1410 1410 1410 1410 1410 1415 1421 1421 1421 7030 7030
    6889 6889 6889 6889 6038 6146 6146 1616 1601 1594 1586 1572 1564
    1550 1536 1523 1516 1503 1496 1483 1470 1458 1458 1458 1445 1439
    1415 1410 1404 1404 1404 1398 1398 1404 1410 1410 1410 1410 1410
    1410 1410 1410 1410 1410 1410 1410 1415 1415 1421 1421 6889 6889
    6889 6889 7030 7030 6038 6146 6146 1601 1601 1594 1586 1572 1564
    1550 1536 1523 1516 1509 1503 1483 1470 1458 1458 1458 1445 1439
    1415 1410 1404 1404 1398 1398 1398 1404 1404 1410 1410 1410 1410
    1410 1410 1410 1410 1410 1410 1410 1415 1415 1415 1415 6889 6889
    6889 6889 7030 6889 5832 5832 5832 1609 1609 1601 1594 1579 1564
    1550 1536 1523 1516 1503 1496 1483 1470 1464 1458 1458 1445 1439
    1415 1410 1404 1398 1398 1398 1398 1398 1404 1404 1404 1404 1410
    1410 1410 1410 1410 1410 1410 1410 1415 1415 1415 1415 1415 6889
    6889 6889 7030 6889 5640 5640 0 1616 1616 1594 1586 1579 1564 1550
    1536 1523 1516 1503 1496 1483 1477 1464 1458 1458 1445 1439 1415
    1410 1404 1398 1392 1392 1398 1398 1404 1404 1404 1404 1404 1404
    1410 1410 1410 1410 1410 1410 1410 1415 1415 1415 0 6889 6889 6889
    7030 6753 5640 5640 5933 1594 1594 1594 1586 1579 1557 1550 1543
    1529 1516 1503 1496 1483 1477 1470 1458 1458 1445 1439 1427 1415
    1410 1398 1392 1392 1392 1398 1398 1398 1398 1398 1398 1404 1404
    1404 1404 1404 1404 1404 1410 1410 1415 1415 0 6889 6889 6889 6889
    6753 5832 5933 5933 0 1601 1601 1594 1586 1557 1550 1543 1536 1523
    1509 1503 1489 1477 1464 1458 1458 1445 1439 1427 1415 1410 1398
    1392 1392 1392 1398 1398 1398 1398 1398 1398 1404 1404 1404 1404
    1404 1404 1404 1404 1410 1415 1415 0 6889 6889 6889 6889 6889 5933
    5933 5933 2812 1586 1586 1586 1586 1557 1550 1543 1536 1529 1516
    1503 1489 1477 1464 1458 1458 1445 1439 1427 1415 1410 1398 1392
    1392 1392 1392 1398 1398 1398 1398 1398 1398 1398 1404 1404 1404
    1404 1404 1404 1410 1410 1410 0 6889 6889 6889 6889 6889 2812 2812
    2812 2812 1586 1586 1586 1579 1557 1550 1543 1536 1529 1516 1503
    1489 1477 1464 1458 1458 1445 1439 1427 1415 1410 1398 1392 1392
    1392 1392 1398 1398 1398 1398 1398 1398 1398 1404 1404 1404 1404
    1404 1404 1410 1410 1410 0 6889 6889 6889 6889 7030 2789 2789 2789
    2789 2789 1586 1586 1579 1557 1557 1543 1536 1529 1516 1496 1489
    1477 1464 1458 1458 1452 1439 1427 1415 1410 1398 1398 1392 1392
    1392 1398 1398 1398 1398 1398 1398 1398 1404 1404 1404 1404 1404
