<?xml version="1.0"?>
<opencv_storage>
<Depth4125 type_id="opencv-matrix">
  <rows>7</rows>
  <cols>18</cols>
  <dt>w</dt>
  <data>
    6753 5832 5832 5548 5548 5548 5548 5548 5640 5548 5548 5548 5374
    5374 5374 5374 5210 7332 5832 5832 5734 5640 5640 5640 5640 5734
    5640 5548 5548 5460 5374 5291 5291 5210 5210 5132 5734 5734 5734
    5640 5640 5640 5640 5734 5640 5548 5460 5460 5374 5291 5291 5210
    5132 5132 5640 5640 5734 5640 5640 5640 5640 5640 5548 5460 5460
    5291 5210 5210 5210 5210 5132 5132 5640 5640 5640 5640 5548 5548
    5640 5640 5548 5460 5291 5210 5210 5210 5210 5210 5132 5132 5640
    5640 5640 5548 5460 5460 5460 5460 5460 5460 5291 5210 5210 5291
    5210 5210 5132 5132 5640 5640 5640 5548 5460 5460 5460 0 5460 6889
    6889 6753 5210 5210 5210 5210 5132 5132</data></Depth4125>
</opencv_storage>
