<?xml version="1.0"?>
<opencv_storage>
<Depth16623 type_id="opencv-matrix">
  <rows>98</rows>
  <cols>60</cols>
  <dt>w</dt>
  <data>
    3092 3092 3120 3120 3120 3120 3120 3149 3178 3178 3208 3208 3208
    3208 3208 3208 3208 3208 3208 3208 3208 3208 3208 3208 3208 0 0 0 0
    0 0 0 0 0 975 0 1025 1025 1025 1025 1025 1013 1060 1060 1041 1041
    1044 1057 1060 1067 1070 1090 1090 1070 1070 1070 1073 1073 3333
    3333 3092 3092 3120 3120 3120 3120 3120 3149 3178 3178 3208 3208
    3208 3208 3178 3178 3208 3238 3238 3238 3238 3238 3208 3208 0 0 0 0
    0 0 0 0 0 0 0 975 975 1025 1025 1007 1007 1013 1013 1060 1041 1041
    1044 1057 1060 1063 1070 1070 1063 1063 1067 1070 1073 1073 1073
    3300 3092 3092 3120 3120 3120 3149 3149 3149 3178 3178 3208 3208
    3208 3208 3178 3178 3178 894 894 894 894 894 894 0 0 0 0 0 0 0 0 0 0
    0 0 975 975 975 1001 1001 1004 1001 1001 1001 1010 1010 1010 1010
    1013 1019 1034 1041 1047 1054 1060 1070 1073 1073 0 0 3092 3092 3092
    3092 3092 3120 3120 3120 3149 3149 3208 3178 3178 3178 3178 3178 894
    894 894 894 894 894 894 894 894 0 0 0 0 0 0 0 0 0 975 970 970 975
    1001 1001 998 989 989 989 992 1001 1007 1010 1013 1019 1031 1041
    1047 1054 1060 1070 1073 1073 0 0 3092 3092 3092 3092 3092 3092 930
    930 930 933 938 938 943 948 948 935 935 894 894 894 894 894 894 894
    894 0 0 0 0 0 0 0 956 956 959 964 967 975 1001 1001 984 981 981 987
    992 1001 1007 1010 1016 1022 1031 1044 1047 1054 1060 1070 1073 1073
    0 0 3092 3092 3064 3064 3064 933 930 930 930 933 935 935 938 938 935
    935 935 935 894 894 894 894 894 894 894 894 0 0 0 0 946 946 954 954
    954 956 954 954 954 962 967 975 981 987 992 998 1007 1010 1016 1022
    1031 1038 1050 1057 1063 1070 1073 0 0 0 3064 915 915 920 923 923
    925 928 930 933 933 935 935 935 933 933 925 925 925 896 896 894 894
    894 894 894 903 0 925 925 928 930 933 943 946 948 948 948 951 956
    964 973 978 987 992 998 1004 1010 1016 1025 1031 1038 1054 1060 1063
    1070 1077 0 0 0 3064 915 915 920 920 923 925 925 928 930 933 933 933
    933 933 930 918 915 910 898 898 896 894 894 896 898 901 908 920 920
    920 923 925 933 933 938 938 946 948 956 964 970 978 984 992 998 1004
    1010 1019 1028 1031 1038 1050 1057 1060 1070 1080 0 0 0 915 915 918
    918 918 920 920 920 920 925 933 933 933 933 930 915 908 906 903 903
    901 896 894 894 891 891 894 896 906 906 910 913 923 923 930 935 935
    943 948 959 964 970 978 984 995 998 1001 1010 1022 1028 1034 1038
    1047 1054 1060 1070 1080 0 0 0 915 915 918 918 918 918 915 910 906
    906 903 901 901 898 898 896 896 898 896 896 896 889 889 887 887 887
    889 891 898 898 908 913 915 923 928 933 935 940 951 959 964 970 978
    987 992 998 1001 1010 1022 1025 1034 1038 1047 1054 1060 1070 1077 0
    0 0 918 918 918 915 915 915 913 910 906 903 903 901 898 896 896 896
    896 896 894 894 889 887 885 885 885 885 887 889 894 898 906 908 913
    920 928 933 935 940 951 956 964 973 978 984 989 992 1004 1010 1019
    1025 1034 1041 1047 1050 1060 1070 1077 0 0 0 918 918 918 915 915
    913 910 908 906 903 903 898 898 896 896 896 894 894 891 889 887 885
    882 882 882 885 885 889 894 898 903 908 913 920 928 933 935 943 948
    954 964 970 975 984 989 992 1001 1013 1016 1025 1034 1038 1047 1050
    1060 1070 1077 0 0 0 918 918 918 915 915 913 910 906 906 903 903 898
    898 896 896 896 894 894 889 887 887 885 882 882 882 882 885 889 894
    898 903 908 913 920 928 935 940 943 946 951 964 970 975 984 989 992
    1001 1013 1016 1022 1031 1038 1047 1050 1060 1070 1077 0 0 0 918 918
    918 915 915 913 908 906 906 903 903 901 898 896 896 894 894 889 887
    887 887 885 882 882 882 882 885 887 894 898 903 910 915 923 928 933
    943 943 946 951 964 973 978 984 989 992 998 1013 1016 1022 1031 1041
    1047 1050 1060 1070 1077 0 0 0 920 920 918 915 913 910 908 906 906
    903 903 901 898 896 894 894 894 889 887 887 887 887 885 882 882 882
    885 887 891 898 903 910 915 923 928 933 940 943 946 951 967 973 978
    987 989 992 998 1010 1016 1022 1031 1041 1047 1050 1063 1070 1077 0
    0 0 920 920 920 915 913 910 908 906 906 906 903 903 901 896 894 894
    891 889 887 887 887 887 885 882 882 882 885 887 891 898 903 910 915
    923 928 933 938 940 948 954 964 970 975 987 992 995 1001 1010 1016
    1022 1034 1041 1047 1050 1060 1070 1077 0 0 0 920 920 920 915 913
    913 910 908 906 906 903 903 901 896 896 894 891 889 887 887 887 887
    885 885 885 882 882 885 891 898 903 910 915 920 928 933 938 940 951
    959 964 970 975 987 989 995 1001 1010 1019 1022 1034 1044 1047 1050
    1060 1073 1077 0 0 0 923 923 923 918 913 913 910 908 908 906 906 903
    901 896 896 894 891 889 887 887 887 887 885 885 885 882 882 885 891
    898 903 908 915 920 925 930 938 940 946 962 967 970 975 984 989 992
    1001 1010 1025 1025 1034 1044 1047 1050 1063 1073 1077 1077 0 0 920
    920 920 918 915 913 910 910 908 906 906 903 901 898 896 894 894 889
    887 887 887 887 885 885 885 882 882 885 891 901 903 908 918 923 925
    930 935 946 946 962 967 970 975 984 989 992 1001 1013 1022 1025 1028
    1041 1047 1050 1063 1073 1077 1077 0 0 920 920 920 918 915 913 913
    910 908 908 906 903 903 901 898 896 894 891 889 887 887 887 885 885
    885 882 882 885 891 901 903 908 918 923 925 930 935 943 946 962 967
    970 978 984 989 992 1001 1013 1022 1025 1028 1038 1047 1054 1063
    1073 1077 1077 0 0 920 920 920 918 915 913 913 910 910 908 906 903
    903 901 898 896 894 894 891 889 887 887 885 885 885 882 882 885 891
    901 903 908 915 920 925 930 938 943 946 956 970 970 978 987 989 998
    1004 1013 1022 1028 1031 1038 1047 1054 1063 1073 1077 1077 1084 0
    920 920 920 918 915 915 913 913 910 908 906 903 903 901 901 898 894
    894 891 891 887 887 885 885 885 885 885 885 889 901 906 908 913 920
    925 933 938 943 946 956 970 973 978 987 992 998 1004 1013 1022 1028
    1031 1038 1047 1054 1063 1073 1080 1084 1084 0 920 920 923 920 915
    915 915 913 910 908 906 906 903 901 901 898 896 894 891 891 887 887
    885 885 885 885 885 885 889 898 903 908 913 918 923 933 940 943 948
    954 967 973 978 987 995 998 1004 1013 1022 1028 1034 1041 1047 1054
    1063 1073 1077 1084 1084 0 920 920 923 920 918 915 915 913 910 908
    906 906 903 903 901 898 896 894 894 891 889 887 885 885 885 885 885
    885 891 896 903 908 913 918 923 930 940 946 948 954 964 973 978 981
    992 998 1001 1007 1022 1028 1034 1041 1047 1054 1063 1070 1077 1080
    1080 1087 920 920 923 918 915 915 915 913 910 910 906 906 903 903
    901 898 896 894 894 891 889 887 885 885 885 885 885 887 889 896 903
    908 913 918 923 930 940 946 948 954 964 973 978 981 989 998 1001
    1004 1013 1028 1038 1044 1047 1054 1063 1070 1077 1080 1087 1087 920
    920 923 918 915 915 915 913 910 910 908 906 906 903 903 898 896 896
    894 894 889 887 887 885 885 885 885 887 889 896 903 910 915 918 925
    933 938 943 948 956 964 973 978 984 989 998 1001 1004 1013 1028 1034
    1044 1050 1054 1063 1070 1077 1080 1087 1087 920 920 923 920 918 915
    915 913 913 910 908 906 906 903 901 898 896 896 894 894 889 887 887
    885 885 885 885 887 891 898 903 908 915 918 925 930 938 943 948 956
    964 973 978 984 989 995 1004 1007 1019 1025 1034 1044 1050 1057 1063
    1070 1080 1084 1084 1090 920 920 923 923 918 915 915 913 913 910 908
    906 906 903 901 898 896 896 894 894 889 887 887 885 885 885 885 887
    891 898 903 908 913 918 923 930 940 946 948 954 964 973 981 987 992
    995 1004 1007 1019 1025 1034 1041 1050 1057 1063 1070 1084 1087 1090
    1090 923 923 923 923 918 918 915 913 913 910 910 906 906 903 903 898
    896 896 894 894 891 889 887 887 885 885 885 887 891 898 903 908 913
    918 923 933 940 943 948 954 962 970 984 987 992 998 1004 1010 1022
    1028 1034 1041 1047 1057 1063 1070 1080 1087 1090 1090 923 923 923
    923 918 915 915 915 913 910 908 906 906 903 903 898 896 896 894 894
    891 889 887 887 885 885 885 887 891 896 903 908 913 918 923 933 940
