<?xml version="1.0"?>
<opencv_storage>
<Depth8482 type_id="opencv-matrix">
  <rows>6</rows>
  <cols>19</cols>
  <dt>w</dt>
  <data>
    6038 5832 5832 5832 5832 5832 5832 5832 5734 5734 5832 0 0 0 0 0 0 0
    0 6038 5933 5933 5933 5933 5933 5832 5832 5734 5734 5832 5832 5832
    5832 0 0 0 0 0 6038 6038 5933 5933 5933 5933 5832 5832 5832 5832
    5832 5832 5832 5832 5933 5933 5933 5933 0 6038 6038 5933 5933 6038
    5933 5933 5933 5933 5933 5933 5933 5933 5933 5933 5933 5933 5933
    5933 6038 6038 6038 6038 6038 5933 5933 5933 5933 5933 6038 5933
    5933 5933 5933 5933 5933 5933 5933 6146 6146 6146 6146 6146 5933
    5933 5933 6038 6038 6038 5933 5933 5933 5933 5933 5933 5933 5933</data></Depth8482>
</opencv_storage>
