<?xml version="1.0"?>
<opencv_storage>
<Depth18975 type_id="opencv-matrix">
  <rows>37</rows>
  <cols>21</cols>
  <dt>w</dt>
  <data>
    5640 5734 5734 5734 5734 5832 6753 6753 6889 6889 6753 6753 6753
    6753 6753 6889 6889 6889 6889 6889 7030 5640 5734 5734 5734 5734
    5734 6038 6622 6753 6889 6753 6753 6889 6889 6889 6889 6889 6889
    6889 6889 7030 5640 5734 5734 5734 5734 5734 5933 6497 6753 6889
    6889 6889 6889 6889 6889 7030 7030 6889 6889 6889 7030 5640 5734
    5734 5734 5734 5734 5832 5933 6753 6889 6889 6889 6889 6889 7030
    7030 7030 6889 6889 6889 6889 5640 5734 5734 5734 5734 5734 5734
    5832 6753 6889 6753 6753 6889 6889 6889 6889 6889 6889 6889 6889
    6889 5640 5734 5734 5734 5734 5734 5734 5734 5832 6753 6753 6753
    6753 6753 6753 6753 6889 6889 6889 6889 6889 5734 5734 5734 5832
    5734 5734 5734 5734 5832 6753 6889 6889 6753 6753 6753 6753 6889
    6889 6889 6889 7030 5832 5734 5734 5832 5734 5734 5734 5734 5832
    6622 6889 7030 6889 6753 6753 6889 6889 6889 6889 6889 6889 6753
    5832 5832 5734 5734 5832 5734 5734 5832 5832 6753 6889 6889 6889
    6889 6889 6889 6889 6889 6889 6889 6622 5832 5832 5734 5734 5832
    5734 5734 5734 5734 6497 6889 6753 6753 6889 6889 6889 6889 6889
    6889 6889 6622 6622 5734 5734 5734 5734 5734 5734 5734 5734 5734
    6889 6753 6753 6889 6889 6889 7030 7030 6889 6889 6889 6889 5734
    5734 5734 5734 5734 5734 5734 5734 5734 5734 6889 6889 6889 6889
    6889 7030 7030 6889 6889 6753 6753 6889 5734 5734 5734 5734 5734
    5734 5734 5734 5734 6889 6889 6889 6889 6889 7030 7030 7030 6889
    6753 6753 6753 5734 5734 5832 5832 5734 5734 5734 5734 5734 6753
    6753 6889 6889 6889 6889 6889 6889 6889 6889 6753 6622 6622 5832
    5832 5734 5734 5734 5734 5734 5734 5832 6753 6753 6889 6889 6889
    6753 6753 6889 6889 6753 6622 6622 6622 5734 5734 5734 5734 5734
    5734 5734 5734 6497 6753 6889 6889 6753 6753 6753 6889 6753 6753
    6753 6753 6753 5734 5734 5734 5734 5734 5734 5734 5734 5933 6622
    6753 6753 6753 6753 6753 6889 6753 6753 6889 7030 7030 5734 5734
    5734 5734 5734 5734 5734 5734 5832 6375 6753 6753 6753 6753 6753
    6889 6753 6753 6889 7030 7030 5734 5734 5734 5734 5734 5734 5734
    5734 5734 5832 6753 6753 6753 6753 6753 6889 6753 6753 6889 7030
    7030 7030 5734 5734 5734 5734 5734 5734 5734 5734 5734 5933 6753
    6753 6753 6753 6889 6889 6889 6889 6889 6889 0 5734 5734 5734 5734
    5734 5734 5734 5734 5734 5933 6622 6753 6753 6753 6889 1034 0 0 1031
    0 0 0 5832 5832 5734 5734 5734 5734 5734 5734 5933 5933 6622 6753
    6889 6889 1034 1034 1034 0 0 0 0 0 5832 5734 5734 5734 5734 5734
    5734 5832 5933 6497 6753 6889 6889 1034 1034 1034 1031 1031 0 0 0
    5832 5734 5734 5832 5734 5734 5734 5832 6497 6497 6753 6889 6889
    1038 1034 1034 1031 1031 0 0 0 0 0 5832 5734 5734 5734 5734 5832
    6375 6375 6622 6889 6889 1034 1034 1028 1028 1031 0 0 0 0 0 5832
    5734 5734 5734 5734 5832 5832 6375 6497 6889 6889 1025 1031 1028
    1028 1031 0 0 0 0 0 5832 5734 5734 5734 5734 5734 5734 5832 6497
    6889 6889 1013 1019 1028 1031 1034 0 0 0 0 0 5734 5734 5734 5734
    5734 5734 5734 5832 6622 6753 6889 1013 1016 1016 1019 0 0 0 0 0 0
    5734 5734 5734 5734 5734 5734 5734 5832 5933 6753 6753 1013 1016
    1016 1019 0 0 0 0 0 0 5832 5832 5734 5734 5734 5734 5734 5832 5832
    6259 6753 1013 1016 1016 1016 0 0 0 0 0 0 6259 6259 5832 5832 5832
    5832 5832 5832 5832 5832 5832 1016 1016 1016 1016 0 0 0 0 7178 7030
    6753 6497 5832 5832 5832 5832 5832 5832 5832 5832 5832 1022 1022
    1025 1025 0 0 0 7332 7178 6889 6753 6497 6038 6038 5933 5933 5933
    5933 5933 5832 5832 1031 1031 0 0 0 0 0 7178 7030 6889 6753 6497
    6038 5832 5832 5933 6038 5933 5933 5832 5832 1038 1044 0 0 0 6889
    6753 6753 7030 6889 6753 6622 6622 5832 5832 6038 5933 5933 5933
    5832 5734 6622 0 0 6622 6622 6753 6753 6753 6889 6889 6753 6753 6753
    6146 6038 6038 5933 5933 5933 5734 5640 0 0 0 6622 6622 6753 6753
    6753 6889 6889 6889 6753 6753 6753 6038 6038 6038 5933 5933 5734
    5640</data></Depth18975>
</opencv_storage>
