<?xml version="1.0"?>
<opencv_storage>
<Depth4282 type_id="opencv-matrix">
  <rows>10</rows>
  <cols>8</cols>
  <dt>w</dt>
  <data>
    6622 6622 6497 6375 6375 6375 6375 6375 6497 6497 6497 6375 6375
    6375 6375 6375 6375 6259 6259 6259 6259 6259 6259 6259 6259 6259
    6259 6259 6259 6259 6259 6146 6259 6259 6259 6146 6146 6146 6146
    6146 6259 6259 6038 6038 6038 6038 6146 6146 6259 6259 6038 6038
    6038 6038 6038 6146 6259 6259 6259 6259 6038 6038 6038 6038 6259
    6146 6146 6146 6146 6038 6038 6038 6146 6146 6146 6038 6038 6038
    6038 6038</data></Depth4282>
</opencv_storage>
