<?xml version="1.0"?>
<opencv_storage>
<Depth13440 type_id="opencv-matrix">
  <rows>26</rows>
  <cols>18</cols>
  <dt>w</dt>
  <data>
    3653 3653 3653 3653 3614 3614 3653 3653 3653 3653 3653 3653 3692
    3692 3692 3692 3732 6622 3692 3653 3653 3614 3576 3576 3653 3653
    3653 3653 3653 3653 3692 3692 3692 3692 3692 3692 3692 3653 3653
    3614 3576 3576 3614 3653 3653 3653 3653 3653 3692 3692 3732 3732
    3692 3692 3692 3653 3653 3614 3576 3576 3614 3653 3653 3653 3653
    3653 3692 3692 3692 3692 3692 3692 3692 3653 3653 3614 3614 3614
    3614 3653 3653 3653 3692 3692 3692 3692 3692 3692 3692 3692 3692
    3653 3653 3614 3614 3614 3653 3653 3653 3692 3692 3692 3692 3692
    3732 3692 3692 3692 3732 3653 3653 3614 3614 3614 3653 3653 3653
    3692 3692 3692 3692 3692 3692 3692 3692 6497 3732 3653 3653 3653
    3653 3653 3653 3653 3653 3692 3692 3692 3692 3692 3692 3692 3692
    3692 3732 3653 3653 3653 3653 3653 3653 3653 3653 3653 3653 3653
    3653 3692 3692 3692 3692 3692 3732 3692 3653 3653 3653 3653 3653
    3653 3653 3653 3653 3653 3653 3692 3692 3732 3732 3774 3692 3653
    3653 3653 3653 3653 3653 3653 3614 3614 3653 3653 3653 3692 3692
    3732 3732 3732 3692 3653 3653 3653 3653 3653 3653 3653 3614 3614
    3653 3653 3653 3692 3692 3692 3692 3692 3653 3653 3653 3653 3653
    3653 3653 3653 3653 3653 3653 3653 3692 3692 3692 3692 3692 3692
    3653 3653 3653 3653 3653 3653 3653 3653 3653 3653 3653 3692 3692
    3692 3692 3692 3692 3692 3653 3653 3653 3653 3653 3653 3653 3653
    3653 3653 3653 3692 3692 3692 3732 3692 3692 3732 3653 3653 3653
    3653 3653 3653 3653 3653 3653 3653 3653 3692 3692 3692 3732 3732
    3732 3732 3653 3653 3653 3653 3653 3653 3614 3614 3653 3653 3653
    3692 3692 3692 3732 3732 3732 3732 3692 3653 3653 3653 3614 3614
    3614 3614 3653 3653 3653 3692 3692 3692 3732 3732 3732 3774 3692
    3692 3653 3614 3614 3614 3614 3614 3653 3653 3653 3692 3692 3692
    3732 3732 3732 3774 3692 3692 3692 3614 3614 3614 3614 3614 3653
    3653 3653 3692 3692 3692 3732 3732 3774 3774 3692 3692 3692 3653
    3614 3614 3614 3614 3653 3653 3653 3692 3692 3692 3732 3732 3732
    3732 3692 3692 3653 3653 3614 3614 3614 3614 3653 3653 3653 3692
    3692 3692 3692 3732 3732 3692 3816 3732 3653 3653 3614 3614 3614
    3614 3653 3653 3653 3692 3692 3692 3692 3732 3732 3692 6622 3653
    3653 3653 3614 3614 3614 3614 3653 3653 3653 3692 3692 3692 3692
    3692 3692 3692 6753 3653 3653 3653 3614 3614 3653 3653 3653 3653
    3653 3653 3653 3653 3653 3692 3692 3692 6753 6753 6753 3653 3653
    3653 3653 3653 3653 3692 3692 3653 3653 3653 3653 6889 6889 6889</data></Depth13440>
</opencv_storage>
