<?xml version="1.0"?>
<opencv_storage>
<Depth2931 type_id="opencv-matrix">
  <rows>44</rows>
  <cols>31</cols>
  <dt>w</dt>
  <data>
    4983 4983 4842 4842 4842 4842 4842 4842 2541 2541 2503 2503 2485
    2467 2467 4645 4645 2467 2467 2432 2432 2432 4708 2467 2467 2485
    4645 4645 4582 4582 4582 4983 4983 4842 4842 4842 4842 2560 2560
    2522 2522 2503 2485 2485 2467 2467 2467 2467 2467 2467 2432 2432
    2432 2467 2467 2467 2485 2485 4645 4645 4582 4582 4911 4983 4842
    4842 4911 2579 2541 2541 2522 2522 2503 2485 2485 2485 2467 2467
    2467 2467 2467 2450 2432 2432 2467 2467 2467 2485 2485 2485 4645
    4582 4582 4911 4983 4911 2579 2560 2560 2541 2541 2541 2522 2503
    2485 2485 2485 2485 2485 2467 2467 2467 2450 2432 2432 2467 2467
    2467 2485 2485 2485 4645 4582 4582 4983 4983 2579 2560 2560 2560
    2541 2541 2541 2541 2522 2503 2503 2503 2485 2485 2467 2467 2467
    2450 2450 2450 2467 2467 2485 2485 2485 2522 4645 4582 4582 4983
    2598 2579 2560 2560 2560 2541 2541 2541 2541 2522 2503 2503 2503
    2485 2485 2467 2467 2467 2450 2450 2450 2450 2467 2485 2485 2503
    2522 4645 4645 4582 4983 2579 2579 2560 2560 2560 2560 2541 2541
    2541 2541 2522 2522 2503 2485 2485 2485 2467 2467 2450 2450 2450
    2450 2467 2485 2485 2485 2522 4582 4582 4582 2639 2579 2579 2560
    2560 2560 2560 2541 2541 2541 2541 2522 2503 2503 2485 2485 2485
    2485 2467 2450 2450 2450 2450 2467 2485 2485 2485 2485 4582 4582
    4582 2639 2598 2598 2579 2560 2560 2560 2541 2541 2541 2541 2522
    2503 2503 2485 2485 2485 2467 2467 2450 2450 2450 2467 2467 2467
    2485 2485 2485 2485 4645 4645 2639 2598 2579 2579 2560 2560 2560
    2541 2541 2522 2522 2522 2522 2503 2503 2485 2485 2467 2467 2467
    2450 2450 2450 2467 2467 2485 2485 2485 2485 4645 4645 2618 2579
    2560 2560 2560 2560 2560 2560 2541 2522 2522 2522 2503 2503 2503
    2485 2485 2467 2467 2450 2450 2450 2450 2467 2485 2485 2485 2485
    2485 4645 4645 2618 2579 2560 2560 2560 2560 2560 2560 2541 2541
    2541 2522 2503 2503 2485 2485 2485 2467 2467 2450 2450 2450 2450
    2467 2467 2467 2485 2503 2503 4645 4645 2639 2579 2579 2560 2560
    2560 2560 2541 2541 2541 2541 2522 2503 2503 2485 2485 2485 2467
    2467 2467 2467 2467 2467 2467 2467 2467 2485 2503 2522 4708 4645
    4983 2579 2579 2560 2560 2560 2541 2541 2541 2522 2522 2541 2522
    2503 2485 2485 2485 2485 2467 2467 2467 2467 2467 2467 2467 2485
    2485 2503 2522 4708 4645 4983 4983 2579 2579 2560 2560 2541 2541
    2541 2522 2522 2541 2522 2503 2485 2485 2485 2485 2485 2467 2467
    2467 2467 2467 2467 2485 2485 2503 2522 4645 4645 4983 4983 2579
    2579 2560 2560 2541 2541 2541 2541 2541 2541 2522 2522 2503 2485
    2485 2485 2485 2467 2467 2467 2467 2467 2467 2485 2485 2503 2522
    4645 4645 4983 4983 2579 2579 2560 2560 2541 2541 2541 2541 2541
    2541 2522 2522 2503 2485 2485 2485 2485 2485 2485 2467 2467 2467
    2485 2485 2485 2503 2503 4645 4645 5056 2579 2579 2579 2560 2560
    2560 2560 2560 2541 2541 2541 2541 2522 2522 2503 2503 2485 2485
    2485 2467 2467 2467 2467 2485 2485 2485 2503 2503 2503 4582 5056
    2579 2579 2579 2560 2560 2560 2560 2560 2560 2541 2541 2541 2522
    2522 2503 2503 2485 2485 2467 2467 2467 2467 2467 2485 2485 2485
    2503 2503 2503 4582 4983 2598 2598 2598 2579 2579 2579 2560 2560
    2560 2541 2541 2541 2541 2522 2522 2485 2485 2485 2467 2467 2467
    2467 2467 2467 2485 2503 2503 2503 2522 4582 4983 5132 2618 2598
    2579 2579 2598 2598 2579 2560 2541 2541 2541 2541 2522 2522 2485
    2485 2485 2485 2485 2467 2467 2467 2467 2485 2503 2503 2503 2522
    4582 4983 5056 2618 2598 2579 2579 2598 2598 2579 2560 2541 2541
    2541 2541 2541 2522 2503 2485 2485 2485 2485 2467 2467 2467 2467
    2485 2503 2503 2503 2522 4582 4983 5056 2618 2598 2598 2598 2598
    2579 2560 2560 2541 2541 2541 2541 2541 2522 2485 2485 2503 2503
    2485 2467 2467 2467 2467 2485 2485 2503 2522 2522 4645 5056 5056
    2618 2618 2598 2598 2579 2579 2560 2560 2541 2541 2541 2541 2522
    2522 2485 2485 2503 2503 2485 2467 2467 2467 2467 2485 2485 2503
    2522 2522 4645 4983 4983 2618 2618 2598 2598 2579 2560 2560 2560
    2541 2541 2541 2541 2522 2522 2503 2503 2503 2503 2485 2485 2467
    2467 2467 2485 2485 2503 2522 2522 4582 4983 4983 2639 2618 2618
    2598 2579 2560 2560 2560 2541 2541 2541 2541 2541 2522 2503 2503
    2503 2503 2485 2485 2467 2467 2485 2485 2485 2503 2503 2503 4582
    4983 4983 2639 2618 2618 2598 2579 2560 2560 2560 2560 2541 2541
    2541 2541 2541 2522 2503 2503 2522 2503 2485 2467 2467 2485 2485
    2485 2503 2503 2503 4582 4983 2639 2639 2639 2618 2618 2598 2560
    2560 2560 2560 2541 2541 2541 2541 2541 2541 2522 2503 2503 2503
    2485 2467 2467 2485 2485 2485 2503 2522 2522 2522 4983 2639 2639
    2618 2618 2618 2598 2579 2560 2560 2560 2541 2541 2560 2541 2541
    2541 2522 2503 2503 2503 2485 2485 2485 2485 2485 2485 2503 2522
    2522 2522 4983 2639 2639 2618 2618 2618 2618 2579 2560 2560 2560
    2560 2560 2560 2541 2541 2541 2522 2522 2522 2503 2485 2485 2485
    2485 2485 2485 2485 2522 2522 2541 5132 4983 2618 2618 2618 2618
    2618 2598 2579 2560 2560 2560 2560 2560 2560 2560 2541 2541 2522
    2522 2503 2485 2485 2485 2485 2485 2485 2485 2522 2522 2541 5132
    5056 2618 2618 2618 2618 2618 2598 2579 2579 2579 2579 2560 2560
    2541 2541 2541 2541 2522 2522 2503 2485 2485 2485 2485 2485 2485
    2485 2522 2522 2541 5132 5056 2639 2618 2618 2618 2618 2598 2579
    2579 2579 2579 2560 2560 2541 2541 2541 2541 2522 2522 2503 2485
    2485 2485 2485 2485 2485 2485 2522 2522 2541 5132 5056 2639 2618
    2618 2618 2618 2598 2579 2579 2579 2579 2579 2560 2560 2541 2541
    2541 2541 2503 2503 2485 2485 2467 2467 2485 2485 2503 2522 2522
    2541 5132 5056 4911 2639 2639 2618 2618 2598 2598 2579 2579 2579
    2579 2560 2560 2541 2541 2541 2541 2503 2503 2485 2485 2467 2467
    2485 2485 2503 2522 2522 2541 5132 5132 5056 2639 2639 2618 2618
    2598 2598 2598 2579 2579 2579 2579 2560 2560 2541 2541 2541 2522
    2503 2503 2485 2485 2485 2485 2485 2503 2522 2541 2541 5210 5132
    5056 2639 2618 2618 2618 2598 2598 2579 2579 2579 2579 2579 2560
    2560 2541 2541 2541 2541 2522 2503 2485 2485 2485 2485 2503 2503
    2522 2541 2541 5210 5132 5056 5056 2618 2618 2618 2598 2598 2579
    2579 2579 2579 2579 2560 2560 2560 2541 2541 2541 2522 2522 2503
    2485 2485 2485 2503 2503 2541 2541 2541 5132 5132 5056 5056 2618
    2618 2618 2618 2598 2579 2579 2560 2560 2560 2560 2560 2560 2541
    2541 2541 2522 2522 2503 2503 2503 2503 2503 2522 2541 2541 2560
    5132 5132 5056 2659 2639 2639 2618 2618 2598 2579 2579 2560 2560
    2560 2560 2560 2560 2541 2541 2522 2522 2503 2503 2503 2503 2503
    2522 2541 2541 2560 2560 5210 5210 5056 2639 2639 2639 2618 2618
    2598 2598 2579 2579 2579 2579 2579 2579 2560 2541 2541 2522 2522
    2503 2503 2503 2503 2503 2503 2541 2541 2560 2560 5210 5210 5056
    2639 2639 2639 2639 2618 2598 2579 2579 2598 2598 2579 2579 2579
    2579 2579 4842 4842 4774 4774 4842 4842 2522 2503 2503 2503 2560
    2560 4774 5210 5210 5056 5056 2618 2618 2639 2618 2598 2579 2579
    2618 2639 2618 2598 2598 2598 4842 4842 4842 4774 4774 4842 4842
    2503 2485 2485 2485 4774 4774 4774 5210 5210 5056 5056 2618 2618
    2639 2618 2618 2618 2659 2659 2680 2659 2659 4842 4842 4842 4842
    4842 4842 4842 4842 4842 2503 2485 2467 2467 4708 4708 4774</data></Depth2931>
</opencv_storage>
