<?xml version="1.0"?>
<opencv_storage>
<Depth14868 type_id="opencv-matrix">
  <rows>16</rows>
  <cols>53</cols>
  <dt>w</dt>
  <data>
    3816 3816 3903 3903 3859 3859 3816 3816 2933 2933 3816 3774 3774
    3774 3732 3732 3732 3774 3774 3692 3614 3614 3653 3692 3692 2789
    2789 2835 2812 2812 3576 3539 3539 3503 3503 3576 3576 2723 2723
    3576 3576 2723 2701 2680 2680 3433 3433 2659 2639 2639 2639 2659
    2659 3816 3816 3903 3903 3903 3859 2883 2859 2859 2883 2883 3816
    3816 2859 2859 2859 2859 2812 2812 2835 2789 2767 2767 2767 2767
    2767 2767 2789 2789 2812 2744 2744 2723 2701 2701 2701 2701 2701
    2680 2680 2701 2701 2701 2680 2659 2659 2659 2659 2639 2639 2618
    2618 2618 0 0 3948 3948 3903 2883 2883 2859 2859 2859 2883 2859 2859
    2835 2812 2812 2812 2789 2789 2767 2767 2767 2767 2767 2767 2767
    2767 2767 2767 2767 2744 2723 2680 2680 2701 2701 2701 2680 2659
    2659 2680 2680 2659 2639 2618 2618 2659 2639 2639 2639 2618 2598
    2598 0 0 2908 2859 2859 2859 2859 2859 2859 2859 2859 2859 2835 2812
    2789 2789 2767 2767 2767 2744 2744 2744 2723 2723 2744 2744 2744
    2767 2767 2744 2723 2701 2680 2680 2701 2680 2680 2680 2659 2659
    2659 2659 2659 2639 2618 2618 2659 2618 2618 2618 2618 2598 2598 0
    2908 2908 2908 2859 2859 2859 2859 2859 2859 2859 2859 2835 2812
    2789 2789 2767 2767 2767 2744 2744 2744 2723 2723 2744 2744 2744
    2744 2744 2744 2723 2701 2680 2680 2701 2680 2680 2680 2659 2659
    2659 2659 2639 2639 2639 2639 2618 2618 2618 2618 2618 2598 2598 0
    2908 2908 2908 2883 2859 2859 2859 2859 2859 2859 2835 2835 2812
    2789 2789 2767 2767 2767 2767 2767 2744 2744 2744 2744 2744 2744
    2744 2744 2744 2723 2701 2680 2680 2701 2701 2680 2680 2680 2680
    2659 2659 2639 2639 2639 2639 2618 2618 2618 2618 2618 2618 2618 0
    2908 2883 2883 2883 2883 2883 2859 2859 2859 2859 2835 2835 2835
    2812 2789 2767 2767 2767 2767 2767 2767 2767 2767 2767 2767 2767
    2767 2744 2744 2744 2701 2701 2701 2701 2701 2701 2680 2680 2680
    2659 2659 2659 2659 2659 2659 2659 2618 2618 2618 2618 2618 2618 0
    2908 2883 2883 2908 2908 2883 2859 2859 2859 2859 2859 2835 2835
    2835 2812 2789 2767 2767 2789 2789 2789 2789 2767 2767 2767 2767
    2744 2723 2723 2723 2723 2723 2723 2723 2723 2701 2701 2701 2701
    2680 2680 2659 2659 2659 2659 2618 2618 2618 2618 2618 2639 2618
    2908 2908 2908 2908 2883 2883 2883 2859 2859 2859 2859 2859 2835
    2835 2835 2812 2812 2789 2789 2789 2789 2789 2789 2767 2767 2767
    2767 2744 2723 2723 2723 2723 2723 2723 2723 2723 2701 2701 2701
    2701 2680 2680 2659 2659 2659 2639 2618 2618 2618 2618 2639 2639
    2639 2908 2908 2908 2908 2883 2883 2883 2859 2859 2859 2859 2835
    2835 2835 2835 2812 2812 2789 2789 2789 2789 2789 2789 2767 2767
    2767 2767 2767 2744 2723 2723 2723 2723 2723 2723 2723 2701 2701
    2680 2680 2659 2659 2659 2659 2659 2639 2639 2618 2618 2639 2639
    2639 2639 2908 2908 2908 2908 2908 2883 2883 2859 2859 2859 2859
    2835 2835 2835 2835 2812 2812 2789 2789 2789 2789 2767 2767 2767
    2767 2767 2767 2744 2744 2723 2723 2723 2723 2723 2701 2680 2680
    2680 2680 2680 2659 2659 2659 2659 2659 2639 2639 2618 2618 2639
    2639 2639 2618 2908 2908 2933 2933 2883 2883 2883 2883 2859 2859
    2859 2859 2835 2835 2835 2812 2812 2812 2812 2812 2789 2767 2767
    2767 2767 2767 2744 2744 2744 2723 2723 2723 2723 2723 2680 2680
    2680 2680 2680 2659 2659 2659 2659 2659 2659 2639 2639 2639 2639
    2659 2618 2598 2598 935 0 2933 2908 2883 2883 2883 2859 2859 2859
    2859 2859 2859 2835 2835 2812 2812 2812 2812 2812 2789 2723 2723
    2744 2744 2744 2744 2744 2744 2744 2744 2744 2723 2680 2680 2680
    2680 2659 2639 2639 2639 2639 2659 2659 2659 2639 2639 2639 2639
    2680 2560 2560 2579 0 0 2933 2908 2883 2883 2883 2859 2859 2859 2859
    2859 2859 2835 2835 2835 2835 2859 2859 2859 2789 2723 2723 2744
    2744 2701 2701 2723 2723 2723 2744 2744 2680 2680 2680 2680 2680
    2659 2639 2639 2598 2598 2598 2659 2659 2659 2639 2639 0 0 2560 2560
    2560 0 0 0 0 2908 2859 2859 2859 2859 2859 2883 2859 2859 2859 2859
    2859 2859 2859 2883 0 0 0 0 2723 2723 2701 2701 2723 2723 2723 2723
    2723 2680 2680 2680 2680 2618 2618 2618 2618 2598 2598 2598 2579
    2579 2598 2598 0 0 0 0 2560 2560 0 0 0 0 0 2859 2859 2859 2859 2859
    2883 2859 2835 2835 2812 2812 2859 2859 2883 0 0 0 0 2723 2723 2767
    0 0 2789 2767 2723 2723 2680 2680 0 2701 2618 2618 2618 2618 2618
    2618 2598 2579 2579 2598 2598 0 0 0 0 0 0</data></Depth14868>
</opencv_storage>
