<?xml version="1.0"?>
<opencv_storage>
<Depth15055 type_id="opencv-matrix">
  <rows>52</rows>
  <cols>38</cols>
  <dt>w</dt>
  <data>
    4349 4349 4349 4295 4295 4295 4241 4241 4241 4241 0 1904 1904 1904 0
    1936 1936 1926 1926 1936 1970 1970 1981 4139 4190 4241 4190 4190
    4089 4089 4089 4089 4139 4139 4139 4089 4089 4089 4349 4349 4349
    4295 4241 4241 1873 1873 1883 1894 1904 1904 1904 1904 1926 1936
    1936 1926 1926 1936 1959 1959 1970 1970 1959 1959 4190 4089 4089
    4089 4089 4089 4139 4190 4139 4089 4089 4089 4405 4349 4349 4295
    1894 1883 1873 1873 1883 1883 1894 1894 1894 1904 1915 1926 1926
    1936 1936 1936 1947 1959 1959 1959 1959 1959 1959 1970 1970 1970
    1970 1981 4190 4190 4139 4089 4089 4089 1936 1936 1926 1926 1894
    1883 1873 1873 1883 1883 1894 1894 1894 1894 1904 1915 1915 1936
    1936 1936 1947 1947 1959 1959 1959 1959 1959 1970 1970 1970 1970
    1981 1993 4190 4139 4089 4089 4089 1936 1936 1926 1926 1915 1883
    1883 1883 1883 1883 1883 1894 1894 1894 1894 1904 1915 1936 1936
    1936 1947 1947 1947 1947 1959 1959 1959 1970 1981 1981 1981 1981
    1993 1993 4139 4139 4089 4089 1947 1936 1926 1926 1904 1894 1883
    1883 1883 1883 1883 1894 1894 1894 1894 1904 1915 1926 1936 1936
    1947 1947 1947 1947 1959 1959 1970 1970 1981 1981 1981 1981 1981
    1981 4139 4139 4089 4089 1947 1936 1926 1915 1904 1894 1894 1883
    1883 1883 1883 1894 1894 1894 1894 1904 1915 1926 1936 1936 1947
    1936 1936 1947 1947 1959 1970 1970 1981 1981 1981 1981 1981 1981
    4139 4139 4089 4089 1959 1936 1936 1915 1904 1904 1894 1883 1883
    1883 1883 1894 1894 1894 1894 1904 1915 1915 1926 1936 1947 1936
    1936 1947 1947 1959 1970 1970 1970 1970 1981 1981 1981 1993 4139
    4139 4089 4089 1959 1947 1936 1915 1915 1904 1894 1883 1883 1883
    1894 1894 1894 1894 1904 1904 1915 1915 1926 1936 1936 1936 1936
    1947 1947 1959 1959 1959 1959 1970 1970 1981 1981 1981 1993 4139
    4089 4089 1959 1947 1936 1926 1915 1904 1894 1883 1883 1883 1883
    1894 1894 1894 1894 1904 1915 1915 1926 1936 1936 1936 1936 1936
    1947 1959 1959 1959 1959 1970 1970 1981 1981 1981 1993 1993 4089
    4089 1970 1947 1936 1926 1915 1904 1894 1883 1883 1883 1883 1883
    1894 1894 1894 1904 1904 1915 1926 1936 1936 1936 1936 1936 1947
    1959 1959 1959 1959 1970 1981 1981 1981 1993 1993 1993 4089 4089
    1959 1947 1936 1926 1915 1904 1894 1883 1883 1883 1883 1883 1894
    1894 1894 1904 1904 1915 1915 1926 1936 1936 1936 1936 1947 1959
    1959 1959 1970 1981 1981 1981 1993 1993 1993 1993 4089 4089 1959
    1947 1936 1926 1915 1904 1894 1883 1883 1873 1873 1883 1883 1894
    1894 1894 1904 1915 1915 1926 1936 1936 1936 1947 1947 1959 1959
    1970 1970 1981 1981 1981 1981 1981 1981 4041 4041 4089 1970 1947
    1936 1926 1915 1904 1894 1883 1883 1873 1873 1883 1883 1894 1894
    1894 1904 1915 1926 1926 1936 1936 1936 1947 1947 1959 1959 1970
    1970 1981 1981 1981 1981 1981 1981 4041 4041 4041 1959 1936 1936
    1926 1915 1904 1894 1883 1883 1883 1883 1883 1883 1894 1894 1894
    1904 1915 1926 1926 1936 1936 1936 1947 1947 1959 1959 1970 1970
    1981 1981 1981 1981 1981 1981 4041 4041 4041 1959 1936 1936 1926
    1915 1904 1894 1883 1883 1883 1883 1883 1894 1894 1894 1894 1894
    1915 1926 1926 1936 1936 1936 1936 1936 1947 1947 1970 1970 1970
    1981 1981 1981 1981 1981 4089 4089 4089 1947 1947 1936 1936 1926
    1904 1894 1883 1883 1883 1883 1883 1894 1894 1894 1894 1894 1904
    1915 1926 1936 1936 1936 1936 1936 1947 1947 1970 1970 1970 1981
    1981 1981 1981 1981 4139 4089 4089 1947 1947 1936 1936 1926 1915
    1904 1894 1883 1883 1883 1883 1894 1894 1894 1894 1894 1904 1915
    1926 1936 1936 1936 1936 1936 1947 1947 1959 1959 1970 1970 1981
    1981 1993 1993 1993 4089 4089 1936 1947 1936 1936 1926 1915 1904
    1894 1883 1883 1883 1883 1883 1894 1894 1894 1894 1915 1915 1926
    1936 1936 1936 1936 1947 1947 1947 1959 1959 1970 1970 1970 1981
    1981 1993 1993 4089 4089 1936 1947 1947 1936 1926 1915 1904 1894
    1883 1883 1883 1883 1883 1883 1894 1894 1894 1915 1915 1936 1936
    1936 1936 1936 1947 1947 1947 1947 1959 1959 1970 1970 1981 1981
    1993 1993 4089 4089 1947 1947 1947 1936 1926 1915 1904 1894 1883
    1883 1883 1883 1883 1883 1894 1894 1894 1904 1904 1926 1936 1936
    1936 1936 1947 1947 1947 1947 1947 1959 1970 1970 1981 1981 1993
    1993 4041 4041 4139 1959 1947 1936 1926 1915 1904 1894 1883 1883
    1883 1883 1883 1883 1894 1894 1894 1904 1904 1915 1926 1936 1936
    1936 1947 1947 1947 1947 1947 1959 1970 1970 1981 1981 1993 1993
    1993 4041 4139 1959 1947 1936 1926 1915 1904 1894 1894 1883 1883
    1883 1883 1883 1883 1894 1894 1904 1904 1915 1926 1936 1936 1936
    1947 1947 1947 1947 1947 1959 1970 1981 1981 1981 1981 1981 1993
    4089 4190 1959 1947 1936 1926 1915 1904 1894 1894 1883 1883 1883
    1883 1883 1883 1894 1904 1904 1904 1904 1915 1926 1936 1936 1947
    1947 1947 1947 1947 1959 1970 1981 1981 1981 1981 1981 1981 4089
    4241 1959 1947 1936 1926 1915 1904 1894 1894 1883 1883 1883 1883
    1883 1883 1894 1904 1904 1904 1904 1915 1926 1936 1936 1936 1936
    1947 1947 1959 1970 1970 1981 1981 1981 1981 1981 1981 4139 4241
    1970 1947 1936 1926 1926 1904 1894 1894 1883 1883 1883 1883 1883
    1883 1894 1904 1904 1904 1915 1915 1926 1936 1936 1936 1936 1936
    1947 1959 1970 1970 1981 1981 1981 1981 1981 1993 4139 4295 1959
    1947 1936 1926 1926 1904 1894 1894 1883 1883 1883 1883 1883 1883
    1894 1904 1904 1915 1915 1915 1926 1936 1936 1936 1936 1936 1947
    1959 1959 1970 1981 1981 1981 1981 1981 1993 1993 4241 1947 1947
    1936 1936 1926 1904 1894 1894 1883 1883 1883 1883 1883 1883 1894
    1904 1904 1904 1904 1915 1926 1936 1936 1936 1936 1936 1947 1947
    1959 1970 1970 1981 1981 1981 1981 1993 1993 4241 1926 1926 1936
    1936 1926 1915 1904 1894 1883 1883 1873 1873 1883 1883 1894 1904
    1904 1904 1904 1915 1926 1926 1936 1936 1936 1936 1947 1947 1959
    1970 1970 1981 1981 1981 1981 1981 4089 4295 1926 1926 1936 1936
    1926 1926 1915 1894 1883 1883 1873 1873 1883 1883 1894 1904 1904
    1904 1904 1904 1926 1926 1936 1936 1936 1936 1947 1947 1959 1970
    1981 1981 1981 1981 1981 1981 4089 4295 1936 1936 1936 1936 1926
    1926 1915 1894 1894 1883 1873 1873 1873 1883 1883 1904 1904 1904
    1904 1904 1915 1926 1936 1936 1936 1947 1947 1947 1959 1970 1970
    1981 1981 1981 1981 1981 4139 4295 1947 1947 1936 1936 1936 1926
    1915 1894 1894 1883 1873 1873 1873 1883 1883 1904 1904 1904 1904
    1904 1915 1926 1936 1936 1936 1947 1947 1947 1959 1970 1970 1981
    1981 1981 1981 1981 1981 4295 1959 1947 1947 1936 1936 1926 1915
    1894 1894 1883 1883 1883 1883 1883 1883 1904 1904 1904 1904 1904
    1915 1926 1936 1936 1936 1947 1947 1947 1959 1959 1970 1981 1981
    1981 1981 1981 1981 4295 1970 1970 1947 1947 1936 1926 1915 1894
    1894 1883 1883 1883 1883 1883 1883 1904 1904 1904 1904 1904 1915
    1926 1926 1936 1936 1936 1947 1947 1959 1959 1959 1981 1981 1981
    1970 1970 1970 4241 1970 1970 1959 1947 1936 1926 1915 1904 1894
    1883 1883 1883 1883 1883 1883 1904 1904 1904 1904 1904 1915 1915
    1926 1936 1936 1936 1936 1947 1959 1959 1959 1981 1981 1981 1970
    1970 1970 4241 4241 1970 1959 1947 1936 1926 1915 1904 1894 1883
    1883 1883 1883 1883 1883 1904 1904 1904 1904 1904 1915 1915 1926
    1936 1936 1936 1936 1947 1947 1959 1970 1981 1981 1981 1981 1981
    1981 4241 4295 1970 1959 1947 1936 1926 1926 1915 1894 1883 1883
    1883 1883 1883 1883 1904 1894 1894 1904 1904 1915 1926 1926 1936
    1936 1936 1936 1947 1947 1959 1970 1981 1981 1981 1981 1981 1993
    4241 4241 1970 1959 1947 1936 1926 1926 1915 1894 1883 1883 1873
    1873 1883 1883 1894 1894 1894 1904 1904 1915 1926 1926 1926 1936
    1936 1947 1947 1947 1959 1959 1970 1970 1981 1981 1981 1993 4241
    4241 4241 1959 1936 1936 1926 1926 1904 1894 1883 1863 1863 1873
    1883 1883 1894 1904 1904 1904 1915 1915 1926 1926 1926 1936 1936
