<?xml version="1.0"?>
<opencv_storage>
<Depth11055 type_id="opencv-matrix">
  <rows>88</rows>
  <cols>53</cols>
  <dt>w</dt>
  <data>
    3433 3433 3433 3399 3399 3399 3365 1173 1161 1157 1157 1157 1165
    1165 3269 3269 3269 3269 3269 3238 3208 3178 3149 3120 3120 3064
    3064 3120 3120 3120 3092 3064 3064 3064 3064 3064 3037 3037 3037
    3010 2984 2984 2984 2958 2958 2958 2933 2933 2908 2883 2883 2883
    2883 3433 3433 3433 3399 1169 1169 1169 1169 1161 1157 1157 1157
    1157 1157 1161 1161 1169 1185 1181 1177 1177 1177 1177 1169 1165
    1165 3064 3120 3120 3120 3064 3064 3037 3037 3064 3037 3037 3037
    3037 3010 2984 2984 2984 2958 2958 2958 2933 2933 2908 2908 2908
    2883 2883 3468 1169 1165 1165 1165 1169 1165 1165 1153 1141 1141
    1153 1153 1157 1157 1157 1157 1157 1165 1161 1161 1157 1157 1157
    1157 1149 1141 1141 1141 3120 3064 3064 3037 3037 3064 3037 3037
    3037 3037 3037 3010 2984 2984 2958 2958 2958 2933 2933 2908 2908
    2908 2883 2883 1169 1169 1169 1165 1165 1161 1153 1145 1134 1126
    1123 1115 1115 1112 1112 1153 1153 1153 1153 1157 1153 1149 1141
    1141 1141 1138 1134 1130 1130 1130 1115 3037 3037 3037 3064 3037
    3037 3037 3037 3037 3010 2984 2984 2958 2958 2958 2933 2933 2908
    2908 2908 2883 2883 0 1169 1169 1165 1165 1161 1153 1145 1126 1123
    1115 1112 1112 1108 1101 1101 1108 1108 1119 1119 1123 1123 1130
    1126 1126 1130 1126 1123 1123 1115 1115 1115 3064 3064 3064 3037
    3037 3037 3037 3037 3010 2984 2984 2958 2958 2958 2933 2933 2933
    2933 2908 2883 2883 0 1173 1173 1169 1161 1157 1149 1141 1112 1112
    1108 1105 1101 1097 1094 1094 1094 1090 1090 1094 1094 1108 1101
    1087 1087 1094 1115 1112 1112 1112 1101 1101 1101 3064 3064 3064
    3037 3037 3037 3037 3010 2984 2984 2958 2958 2958 2958 2933 2933
    2933 2908 2883 2883 0 1181 1181 1169 1161 1157 1149 1123 1112 1105
    1101 1097 1094 1090 1087 1084 1084 1077 1073 1070 1070 1070 1084
    1084 1084 1084 1084 1090 1090 1090 1094 1094 1090 1087 1087 3064
    3037 3037 3037 3037 3010 2984 2984 2984 2958 2958 2958 2933 2933
    2908 2883 2883 2883 0 1185 1181 1177 1169 1169 1138 1123 1108 1101
    1094 1090 1084 1080 1080 1077 1077 1070 1067 1063 1063 1067 1084
    1080 1080 1073 1073 1077 1080 1080 1080 1073 1073 1073 1070 1070
    1070 1070 3037 3037 3010 3010 2984 2984 2958 2958 2958 2933 2933
    2908 2883 2883 2883 0 1185 1185 1181 1169 1149 1138 1123 1108 1097
    1090 1084 1080 1077 1070 1067 1063 1057 1054 1054 1044 1044 1057
    1057 1080 1067 1067 1063 1063 1060 1060 1063 1063 1063 1060 1057
    1050 1050 1050 3010 3010 3010 2984 2984 2958 2958 2958 2933 2933
    2908 2883 2859 2859 0 1181 1181 1173 1165 1149 1138 1123 1112 1097
    1087 1080 1073 1070 1063 1047 1047 1047 1044 1041 1038 1034 1034
    1041 1041 1067 1067 1063 1063 1050 1047 1044 1044 1047 1047 1047
    1041 1034 1034 1031 1031 3010 2984 973 973 2958 2958 2933 2933 2908
    2883 2859 2859 0 1181 1181 1173 1165 1153 1141 1123 1115 1101 1087
    1080 1070 1063 1054 1041 1038 1038 1034 1034 1028 1025 1019 1019
    1041 1041 1019 1019 1019 1022 1028 1031 1031 1034 1034 1038 1031
    1028 1025 1025 1025 1025 973 973 973 973 973 2933 2933 2908 2883
    2859 2859 0 1177 1177 1173 1165 1153 1141 1123 1112 1105 1087 1080
    1070 1060 1050 1038 1034 1028 1025 1025 1019 1016 1010 1007 1004
    1004 1004 1019 1019 1022 1022 1025 1025 1028 1028 1025 1022 1022
    1019 1016 1013 1013 973 973 973 973 970 970 970 2908 2908 2859 2859
    0 1189 1177 1173 1169 1157 1130 1115 1112 1105 1087 1080 1067 1057
    1050 1031 1025 1019 1019 1013 1010 1007 1004 1001 998 998 998 1019
    1019 1016 1013 987 987 987 1019 1013 1013 1013 1010 1010 1007 995
    978 975 973 973 970 970 970 970 2883 2883 2883 0 1189 1177 1173 1169
    1161 1130 1115 1112 1097 1090 1080 1067 1057 1050 1031 1025 1019
    1013 1007 1007 1004 998 992 987 981 975 975 975 978 981 984 987 987
    987 1001 1001 1004 1004 998 995 981 975 975 973 973 973 973 973 0 0
    2883 2883 0 1189 1181 1177 1173 1161 1134 1115 1108 1097 1087 1080
    1067 1057 1050 1031 1019 1016 1007 1004 1001 998 992 989 984 978 973
    973 973 975 975 978 984 984 981 981 987 984 984 987 984 978 975 975
    973 973 970 970 970 967 967 2883 2883 0 0 1181 1177 1173 1157 1130
    1115 1108 1097 1084 1077 1067 1057 1044 1034 1019 1016 1007 1004 995
    992 989 984 975 970 967 967 973 973 973 973 973 973 975 973 973 973
    973 973 975 973 973 973 973 970 967 967 967 967 967 967 0 0 0 1181
    1177 1173 1153 1130 1119 1112 1101 1084 1077 1067 1060 1044 1031
    1025 1013 1004 1001 995 989 981 973 956 956 962 962 967 967 967 967
    964 964 967 970 970 970 967 967 970 967 967 970 967 967 967 964 964
    964 964 967 967 0 0 1181 1177 1169 1153 1130 1119 1112 1101 1084
    1077 1067 1060 1044 1031 1019 1013 1004 995 992 975 970 959 956 956
    956 959 962 962 962 962 962 962 962 962 964 964 964 964 964 964 964
    964 964 964 964 964 964 964 964 967 967 0 0 1177 1173 1165 1145 1130
    1123 1112 1097 1087 1077 1070 1060 1047 1034 1019 1013 1007 995 992
    975 962 959 956 954 954 956 956 956 959 959 959 959 959 959 959 962
    962 962 964 964 964 962 962 964 964 964 964 964 964 962 962 0 0 1173
    1173 1165 1145 1130 1123 1108 1097 1087 1080 1070 1060 1044 1031
    1022 1016 1007 998 992 975 962 959 956 954 954 956 956 956 956 956
    959 959 959 959 959 962 962 962 962 962 962 962 962 962 964 964 964
    964 964 962 962 0 0 1173 1173 1165 1145 1134 1123 1108 1097 1090
    1077 1067 1060 1041 1031 1022 1016 1007 998 992 978 962 959 956 954
    954 956 956 956 956 956 959 959 959 959 959 962 962 962 962 962 962
    962 962 962 964 964 964 964 964 964 964 0 0 1173 1173 1165 1145 1130
    1123 1108 1097 1090 1077 1067 1050 1041 1031 1022 1016 1007 998 989
    978 964 959 956 954 954 954 959 956 956 956 959 959 959 959 959 962
    962 962 962 962 962 962 962 962 962 964 964 964 964 964 964 0 0 1173
    1173 1165 1141 1130 1123 1108 1101 1094 1080 1070 1050 1041 1031
    1022 1016 1007 998 987 978 964 959 956 954 954 954 959 959 959 959
    959 962 959 959 959 962 962 962 962 962 962 962 962 962 962 964 964
    964 967 967 967 0 0 1173 1173 1165 1141 1134 1123 1108 1097 1090
    1080 1070 1047 1041 1031 1025 1016 1007 995 987 973 964 959 956 954
    954 956 959 962 959 959 959 962 962 962 962 962 962 962 962 962 962
    962 962 962 962 964 964 964 964 0 0 0 1177 1177 1173 1165 1141 1134
    1123 1108 1097 1090 1084 1070 1047 1041 1031 1028 1019 1007 995 987
    973 964 959 956 956 956 956 962 962 959 959 959 959 962 962 962 962
    962 962 962 962 962 962 962 964 964 964 964 964 964 964 964 0 0 1177
    1173 1165 1145 1134 1123 1112 1097 1094 1084 1070 1047 1041 1031
    1028 1019 1007 998 989 973 962 959 956 956 959 959 962 962 962 959
    959 959 962 962 962 964 964 964 962 962 962 962 962 964 964 967 967
    967 964 964 0 0 0 1177 1173 1165 1145 1134 1126 1112 1097 1094 1084
    1073 1044 1041 1031 1028 1016 1004 995 989 970 962 959 956 956 959
    959 962 962 962 959 959 959 962 962 964 964 964 964 962 962 962 964
    964 964 964 964 967 967 964 964 0 0 0 1173 1169 1165 1145 1138 1126
    1115 1105 1094 1080 1060 1044 1041 1031 1028 1016 1004 995 989 970
    962 959 956 956 956 956 962 962 962 962 962 962 962 962 964 964 964
    964 964 964 964 964 964 964 964 964 967 967 967 967 0 0 1189 1173
    1169 1165 1145 1134 1123 1115 1105 1094 1080 1060 1044 1041 1034
    1025 1016 1004 998 992 970 962 959 956 956 956 956 964 964 964 964
    962 962 962 962 964 964 967 967 964 964 964 964 964 964 964 967 967
    967 964 964 0 0 1189 1177 1173 1165 1145 1134 1123 1115 1105 1087
    1080 1063 1047 1041 1034 1025 1013 1004 995 989 973 962 959 959 959
    959 962 964 964 964 962 962 964 962 962 964 964 967 967 967 967 967
    967 970 970 970 970 970 967 964 964 0 0 1189 1185 1173 1165 1145
    1134 1123 1112 1097 1087 1080 1060 1047 1044 1034 1028 1013 1004 995
    981 973 962 962 959 959 959 962 964 964 964 962 962 964 964 964 964
