<?xml version="1.0"?>
<opencv_storage>
<Depth12809 type_id="opencv-matrix">
  <rows>10</rows>
  <cols>15</cols>
  <dt>w</dt>
  <data>
    5734 5640 5640 5548 5460 5374 5374 5291 5291 7660 7660 7660 7660
    7492 7492 5734 5640 5548 5548 5460 5374 5374 5291 5210 5210 5210
    5210 5210 5210 5291 5640 5640 5548 5548 5460 5374 5374 5291 5210
    5210 5210 5210 5210 5210 5291 5548 5548 5640 5548 5460 5374 5374
    5291 5291 5210 5210 5210 5210 5210 5291 5548 5548 5548 5548 5548
    5460 5374 5291 5291 5291 5210 5210 5210 5210 5132 6038 5548 5548
    5548 5548 5460 5291 5291 5291 5291 5210 5210 5210 5132 5056 0 5548
    5548 5548 5640 5640 5210 5210 5210 5210 5210 5210 5132 5056 4983 0
    5548 5548 5548 5548 5132 5132 5132 5210 5210 5210 5210 5132 5056
    4983 0 0 7332 5056 5056 5056 5056 5132 5132 5132 5132 5132 5132 5056
    4983 0 0 7332 7332 5056 5056 5056 5056 5132 5132 5132 5056 5056 5056
    5056</data></Depth12809>
</opencv_storage>
