<?xml version="1.0"?>
<opencv_storage>
<Depth0966 type_id="opencv-matrix">
  <rows>38</rows>
  <cols>55</cols>
  <dt>w</dt>
  <data>
    3653 3653 3692 3692 1873 1873 1873 1873 1873 1873 1873 1863 1863
    1853 1853 1863 1873 1873 1873 3576 3576 3653 3653 3653 3653 3614
    3614 3614 3653 3653 3653 3653 3653 3653 3653 3692 3692 3692 3732
    3732 3732 3732 3774 3816 3774 3774 3774 3774 3774 3774 4405 4405
    4349 4349 4349 3653 3653 3653 1873 1873 1873 1873 1873 1873 1873
    1873 1863 1863 1853 1853 1863 1873 1873 1863 1863 1863 1863 1853
    1853 1853 1853 1853 1853 1843 1843 1853 1863 1873 3692 3692 3692
    3692 3692 3732 3732 3732 3732 3732 3816 3816 3774 3774 3774 3774
    3732 3732 3816 3816 4349 4349 3653 3653 1873 1873 1873 1873 1873
    1873 1873 1873 1873 1863 1863 1863 1863 1863 1863 1863 1863 1863
    1863 1863 1853 1853 1853 1853 1853 1853 1843 1843 1853 1853 1853
    1853 1853 1853 1853 3732 1853 1843 1843 1843 1843 1853 1853 1853
    1843 1843 1843 1843 3732 3774 3774 3774 4295 3692 3692 1873 1873
    1873 1863 1863 1863 1863 1863 1863 1863 1863 1863 1863 1863 1863
    1863 1863 1863 1863 1863 1853 1853 1853 1853 1853 1853 1843 1843
    1853 1853 1853 1853 1853 1853 1853 1853 1853 1843 1843 1843 1843
    1853 1853 1853 1843 1843 1843 1843 1843 1843 1853 3774 4295 3692
    3692 1894 1883 1873 1863 1863 1863 1863 1863 1863 1863 1863 1863
    1863 1863 1863 1863 1863 1863 1863 1863 1853 1853 1853 1853 1853
    1853 1853 1853 1853 1853 1853 1853 1853 1853 1853 1853 1853 1853
    1853 1853 1853 1853 1853 1853 1843 1843 1843 1843 1843 1843 1853
    1843 1843 3732 3732 1883 1883 1873 1863 1863 1863 1863 1863 1863
    1863 1863 1853 1853 1863 1863 1853 1853 1853 1853 1853 1853 1853
    1853 1853 1853 1853 1853 1853 1853 1853 1853 1853 1853 1853 1853
    1853 1853 1853 1853 1853 1853 1853 1853 1853 1853 1853 1853 1853
    1843 1843 1843 1843 1843 3732 3732 1883 1883 1873 1863 1863 1863
    1863 1863 1863 1863 1863 1853 1853 1863 1863 1853 1853 1853 1853
    1853 1853 1853 1853 1853 1853 1853 1853 1853 1853 1853 1853 1853
    1843 1843 1843 1853 1853 1853 1853 1853 1853 1853 1853 1853 1853
    1853 1853 1853 1843 1843 1833 1833 1833 3732 3732 1873 1873 1873
    1863 1863 1863 1863 1863 1863 1863 1863 1863 1863 1863 1853 1853
    1853 1853 1853 1853 1853 1853 1853 1853 1853 1853 1853 1853 1853
    1853 1853 1853 1843 1843 1843 1843 1853 1853 1853 1853 1853 1853
    1853 1853 1853 1853 1853 1853 1843 1843 1833 1833 1833 3732 3732
    1863 1863 1873 1873 1863 1863 1863 1863 1863 1863 1863 1863 1863
    1863 1853 1853 1853 1853 1853 1853 1853 1853 1853 1853 1853 1853
    1853 1853 1853 1853 1853 1853 1843 1843 1843 1843 1853 1853 1853
    1853 1853 1853 1853 1853 1853 1843 1843 1843 1843 1843 1843 1833
    1833 3816 3816 1863 1863 1873 1873 1863 1863 1863 1853 1853 1863
    1863 1863 1863 1863 1853 1853 1853 1853 1853 1853 1853 1853 1853
    1853 1853 1853 1853 1853 1853 1853 1853 1853 1853 1853 1853 1853
    1853 1843 1843 1853 1853 1853 1853 1853 1843 1843 1843 1843 1843
    1843 1843 1843 1843 3816 3816 1863 1863 1873 1873 1863 1863 1863
    1853 1853 1853 1853 1853 1853 1853 1853 1853 1853 1853 1853 1853
    1853 1853 1853 1853 1853 1853 1853 1853 1853 1853 1853 1853 1853
    1853 1853 1843 1843 1843 1843 1853 1853 1853 1843 1843 1843 1843
    1843 1843 1843 1843 1843 1843 1843 3816 1926 1863 1863 1863 1863
    1863 1863 1863 1853 1853 1853 1853 1853 1853 1853 1853 1853 1853
    1853 1853 1853 1853 1853 1853 1853 1853 1853 1853 1843 1843 1843
    1843 1853 1853 1853 1843 1843 1843 1843 1843 1853 1853 1843 1843
    1843 1843 1843 1843 1843 1843 1843 1843 1843 1843 3859 1915 1873
    1863 1863 1863 1863 1863 1853 1853 1853 1853 1853 1853 1853 1853
    1853 1853 1853 1853 1853 1853 1853 1853 1853 1853 1853 1853 1853
    1843 1843 1843 1843 1853 1853 1853 1843 1843 1843 1843 1843 1853
    1853 1843 1843 1843 1843 1843 1843 1843 1843 1833 1833 1843 1843
    3859 1894 1873 1863 1863 1863 1853 1853 1853 1853 1853 1853 1853
    1853 1853 1853 1853 1853 1853 1853 1853 1853 1853 1853 1853 1843
    1843 1843 1853 1843 1843 1843 1843 1853 1853 1853 1853 1843 1843
    1843 1843 1843 1853 1853 1843 1843 1843 1843 1843 1843 1843 1833
    1833 1843 0 1894 1894 1873 1863 1863 1863 1853 1853 1853 1853 1853
    1853 1853 1853 1853 1853 1853 1853 1853 1853 1853 1853 1853 1853
    1853 1843 1843 1843 1853 1843 1843 1843 1843 1853 1853 1853 1853
    1843 1843 1843 1843 1843 1853 1853 1853 1843 1843 1843 1843 1843
    1843 1843 1843 1843 0 1883 1883 1873 1873 1863 1863 1853 1853 1853
    1853 1853 1853 1853 1853 1853 1853 1853 1853 1853 1853 1853 1853
    1853 1853 1853 1853 1843 1843 1853 1853 1853 1853 1853 1853 1853
    1853 1853 1853 1853 1853 1843 1843 1853 1843 1843 1843 1843 1843
    1843 1843 1833 1833 1833 1833 0 1883 1883 1873 1863 1863 1863 1853
    1853 1853 1853 1853 1853 1853 1853 1853 1853 1853 1853 1853 1853
    1853 1853 1853 1853 1853 1853 1853 1853 1843 1843 1843 1843 1843
    1853 1853 1853 1853 1853 1853 1853 1843 1843 1853 1843 1843 1853
    1843 1843 1843 1843 1833 1833 1833 1833 0 1883 1883 1863 1863 1863
    1863 1853 1853 1853 1853 1853 1853 1853 1853 1853 1853 1853 1853
    1853 1853 1853 1853 1853 1853 1853 1853 1853 1853 1843 1843 1843
    1843 1843 1843 1853 1853 1853 1853 1853 1853 1853 1853 1843 1843
    1843 1843 1843 1853 1843 1843 1843 1843 1843 1843 0 1873 1873 1863
    1863 1853 1853 1853 1853 1853 1853 1853 1853 1853 1853 1853 1853
    1853 1853 1853 1853 1853 1853 1853 1853 1853 1853 1853 1853 1843
    1843 1843 1843 1843 1843 1853 1853 1853 1853 1853 1853 1853 1853
    1843 1843 1843 1843 1843 1853 1843 1843 1843 1843 1843 1843 0 1863
    1863 1853 1853 1853 1853 1853 1853 1853 1853 1853 1853 1853 1853
    1853 1853 1853 1853 1853 1853 1853 1853 1853 1853 1853 1853 1853
    1853 1843 1843 1843 1843 1843 1843 1853 1853 1853 1853 1853 1853
    1853 1853 1843 1843 1843 1843 1843 1843 1843 1843 1843 1843 1843
    1833 1833 1863 1863 1853 1853 1853 1853 1853 1853 1853 1853 1853
    1853 1853 1853 1853 1853 1853 1853 1853 1853 1853 1853 1853 1853
    1853 1853 1853 1853 1843 1843 1843 1843 1843 1843 1853 1843 1843
    1843 1843 1843 1853 1853 1843 1843 1843 1843 1843 1843 1843 1843
    1843 1843 1843 1833 1833 1863 1863 1853 1853 1853 1863 1853 1853
    1853 1853 1853 1853 1853 1853 1853 1853 1853 1853 1853 1853 1853
    1853 1853 1853 1853 1853 1853 1843 1843 1843 1843 1843 1843 1843
    1843 1843 1843 1843 1843 1843 1843 1843 1843 1843 1843 1843 1843
    1843 1843 1843 1843 1843 1843 1843 1843 1863 1863 1863 1863 1863
    1863 1863 1853 1853 1853 1853 1853 1853 1853 1853 1853 1853 1853
    1853 1853 1853 1853 1853 1853 1853 1853 1853 1843 1843 1843 1843
    1843 1843 1843 1843 1843 1843 1843 1843 1843 1843 1843 1843 1843
    1843 1843 1843 1843 1843 1843 1843 1843 1843 1843 1843 1853 1863
    1863 1863 1863 1863 1853 1853 1853 1853 1853 1853 1853 1853 1853
    1853 1853 1853 1853 1853 1853 1853 1853 1853 1843 1843 1843 1843
    1843 1843 1843 1843 1843 1843 1843 1843 1843 1843 1843 1843 1843
    1843 1843 1843 1843 1843 1843 1843 1843 1843 1843 1843 1843 1843
    1843 1853 1863 1863 1863 1853 1853 1853 1853 1853 1853 1853 1853
    1853 1853 1853 1853 1853 1853 1853 1853 1843 1843 1843 1843 1843
    1843 1843 1843 1843 1843 1843 1843 1843 1843 1843 1843 1843 1843
    1843 1843 1843 1843 1843 1843 1843 1843 1843 1843 1843 1843 1843
    1843 1843 1843 1843 1873 1863 1853 1853 1853 1853 1853 1853 1853
    1853 1853 1853 1853 1853 1853 1853 1853 1853 1853 1853 1843 1843
    1843 1843 1843 1843 1843 1843 1843 1843 1843 1843 1843 1843 1843
    1843 1843 1843 1843 1843 1843 1843 1843 1843 1843 1843 1843 1843
    1843 1843 1843 1843 1833 1833 1843 1863 1853 1853 1853 1853 1853
    1853 1853 1853 1853 1853 1853 1853 1853 1853 1853 1853 1853 1853
    1853 1843 1843 1843 1843 1843 1843 1843 1843 1843 1843 1843 1843
    1843 1843 1843 1843 1843 1843 1843 1843 1843 1843 1843 1843 1843
