<?xml version="1.0"?>
<opencv_storage>
<Depth10290 type_id="opencv-matrix">
  <rows>58</rows>
  <cols>85</cols>
  <dt>w</dt>
  <data>
    2812 2812 2789 2789 2767 2767 2767 3576 3539 3539 3539 1241 1236
    1236 1236 1241 1245 1241 1241 1241 1241 3503 3503 3503 3539 3539
    3539 3576 3539 3503 3468 3468 3468 3468 3468 3503 3503 3503 3468
    3468 3468 3468 3468 3468 3468 3433 3433 3468 3468 3468 3433 3433
    3399 3365 3333 3333 3333 3333 3333 3333 3365 3399 3468 3433 3433
    3433 3399 3399 3433 3468 3468 3433 3092 3064 3064 3208 3238 3208
    3037 2522 2503 2467 2432 2415 2415 2789 2789 2767 2767 2767 2767
    2767 2767 1241 1241 1241 1236 1232 1232 1232 1232 1236 1241 1236
    1236 1236 1236 1232 1232 1227 1223 1223 1227 1227 1227 1227 1227
    3468 3468 3468 3503 3468 3468 3468 3468 3468 3468 3468 3468 3468
    3433 3433 3433 3433 3468 3468 3433 3399 3365 3333 3333 3333 3300
    3300 3333 3365 3399 3468 3433 3433 3433 3399 3399 3433 3433 3433
    3433 3092 3092 3149 3208 3238 3238 3238 2522 2522 2450 2432 2415
    2415 2767 2767 2767 2767 2767 2767 2767 1241 1241 1241 1236 1232
    1227 1227 1223 1223 1227 1223 1223 1227 1227 1227 1232 1227 1227
    1223 1223 1227 1227 1227 1227 1227 1227 1227 3503 3503 3468 3468
    3468 3468 3468 3468 3468 3468 3468 3433 3433 3433 3433 3468 3468
    3433 3399 3365 3333 3333 3333 3300 3300 3333 3365 3399 3468 3433
    3433 3433 3399 3399 3433 3433 3433 3010 3010 3037 3178 3208 3238
    3238 3238 2522 2485 2432 2432 2415 2415 2767 2767 2744 2744 2744
    2744 1241 1241 1241 1241 1236 1232 1223 1223 1223 1223 1223 1223
    1223 1227 1227 1227 1227 1223 1223 1223 1223 1227 1227 1227 1227
    1227 1227 1227 1227 1223 1223 1223 1223 1223 1227 3468 3468 3468
    3468 3433 3433 3433 3433 3433 3433 3433 3365 3365 3333 3333 3333
    3333 3333 3333 3365 3399 3433 3468 3433 3433 3433 3433 3433 3433
    3433 2984 2984 3010 3178 3208 3238 3238 3238 3238 2467 2415 2415
    2415 2415 2767 2767 2744 2744 2744 2744 1241 1241 1241 1241 1232
    1223 1219 1219 1219 1219 1219 1219 1223 1223 1223 1223 1223 1223
    1223 1223 1223 1223 1223 1223 1219 1219 1219 1223 1223 1223 1223
    1223 1223 1223 1223 1223 1223 1223 1223 1223 1223 1227 3433 3433
    3433 3399 3333 3333 3333 3333 3333 3333 3333 3333 3365 3399 3433
    3433 3433 3433 3433 3433 3433 3433 3399 2984 2984 2984 3208 3208
    3238 3269 3269 2485 2467 2415 2415 2415 2415 2744 2744 2744 2744
    2744 0 1245 1245 1241 1241 1232 1219 1214 1214 1214 1219 1214 1214
    1214 1219 1223 1223 1223 1219 1219 1219 1219 1214 1214 1214 1214
    1214 1214 1214 1214 1214 1214 1219 1219 1223 1223 1223 1223 1219
    1219 1219 1219 1214 1214 1210 1210 3399 3333 3333 3365 3333 3333
    3333 3333 1223 1219 1219 3433 3433 3433 3433 3433 3433 3433 3433
    3399 2984 2984 2984 3238 3238 3238 3269 3269 2485 2467 2415 2415
    2415 2415 2744 2744 2744 2744 2744 0 0 1241 1241 1241 1232 1219 1210
    1210 1210 1210 1210 1210 1214 1214 1219 1219 1214 1214 1214 1210
    1210 1210 1210 1210 1210 1210 1210 1210 1210 1210 1210 1210 1214
    1214 1214 1210 1210 1210 1214 1214 1214 1210 1210 1210 1210 1210
    1214 1214 1214 1214 1214 1214 1219 1219 1214 1214 1214 1214 1214
    3433 1214 1214 1214 1214 3399 2984 2984 2984 3269 3238 3238 3238
    2485 2485 2467 2415 2415 2415 2415 2744 2744 2744 2744 2744 0 0 0
    1241 1241 1236 1214 1210 1206 1206 1206 1206 1206 1210 1210 1210
    1210 1210 1210 1210 1210 1210 1210 1210 1206 1206 1206 1210 1210
    1206 1206 1206 1210 1210 1210 1206 1206 1206 1206 1206 1206 1206
    1206 1206 1206 1210 1210 1210 1210 1210 1210 1210 1210 1214 1214
    1214 1214 1214 1214 1214 1214 1210 1210 1214 1214 1214 1214 1210
    1210 1210 1210 1210 1210 2503 2503 2450 2415 2415 2415 2415 2744
    2744 2744 2744 0 0 0 0 0 0 0 1210 1206 1206 1206 1206 1202 1202 1206
    1206 1206 1206 1206 1206 1206 1206 1206 1206 1206 1206 1206 1206
    1206 1206 1202 1202 1206 1206 1206 1202 1197 1197 1197 1197 1202
    1202 1202 1206 1206 1206 1206 1206 1206 1206 1206 1210 1210 1210
    1214 1210 1210 1210 1210 1210 1210 1214 1210 1210 1214 1214 1214
    1210 1210 1210 1210 1210 1197 1197 1214 1214 2450 2415 2398 2398
    2398 2744 2744 2744 2744 0 0 0 0 0 0 0 1210 1202 1202 1202 1202 1197
    1197 1197 1197 1197 1202 1206 1206 1206 1202 1202 1202 1202 1202
    1197 1197 1197 1197 1202 1202 1202 1202 1197 1197 1193 1193 1193
    1193 1197 1197 1202 1202 1202 1202 1202 1202 1202 1197 1197 1197
    1197 1202 1206 1206 1206 1206 1206 1210 1210 1210 1210 1210 1210
    1210 1210 1210 1210 1214 1214 1210 1197 1197 1214 1214 1210 1210
    1214 2398 1227 2723 2723 2723 2723 0 0 0 0 0 0 0 1206 1202 1197 1197
    1197 1193 1193 1193 1193 1193 1197 1197 1197 1197 1197 1197 1197
    1197 1197 1193 1193 1193 1193 1193 1197 1197 1193 1193 1193 1193
    1193 1193 1193 1193 1193 1197 1197 1197 1193 1193 1193 1193 1193
    1193 1193 1193 1197 1202 1197 1197 1197 1197 1202 1202 1206 1206
    1206 1206 1206 1206 1206 1206 1206 1206 1210 1210 1210 1210 1210
    1210 1210 1210 1214 1214 2723 2723 2723 2723 0 0 0 0 0 0 1197 1197
    1189 1189 1189 1189 1189 1189 1193 1193 1193 1193 1193 1193 1193
    1193 1193 1193 1193 1193 1193 1193 1189 1189 1193 1193 1193 1193
    1193 1193 1193 1193 1193 1189 1189 1193 1193 1193 1193 1193 1193
    1193 1193 1193 1193 1193 1193 1193 1197 1193 1193 1193 1193 1193
    1197 1197 1197 1197 1197 1197 1197 1197 1202 1202 1206 1206 1206
    1202 1202 1202 1202 1202 1202 1202 1202 2723 2723 2723 2723 0 0 0 0
    0 0 1189 1189 1185 1185 1185 1189 1185 1185 1189 1189 1189 1189 1189
    1193 1193 1193 1193 1193 1193 1189 1189 1189 1189 1189 1189 1189
    1189 1189 1189 1189 1189 1189 1189 1189 1189 1189 1189 1189 1189
    1189 1189 1189 1189 1189 1189 1189 1189 1189 1193 1189 1189 1189
    1193 1193 1193 1193 1193 1193 1193 1193 1197 1193 1193 1197 1197
    1197 1202 1197 1197 1197 1197 1197 1197 1197 1197 2723 2723 2723
    2723 0 0 0 0 0 1206 1189 1185 1185 1181 1181 1185 1181 1181 1185
    1185 1185 1185 1185 1189 1189 1189 1189 1189 1189 1189 1189 1189
    1189 1189 1189 1189 1189 1189 1189 1189 1189 1189 1189 1185 1185
    1185 1185 1185 1185 1185 1185 1185 1185 1189 1189 1189 1189 1189
    1189 1189 1185 1185 1189 1189 1193 1189 1189 1189 1193 1193 1193
    1189 1189 1189 1193 1193 1193 1193 1193 1189 1189 1193 1193 1193
    1193 2723 2723 2723 2744 0 0 0 0 1202 1202 1189 1185 1185 1181 1181
    1181 1181 1181 1181 1181 1185 1181 1181 1185 1185 1185 1181 1181
    1181 1185 1185 1185 1185 1185 1185 1185 1185 1181 1181 1185 1185
    1185 1185 1181 1181 1181 1177 1177 1181 1181 1181 1181 1181 1185
    1185 1185 1185 1185 1185 1181 1181 1181 1181 1185 1189 1185 1185
    1185 1189 1189 1185 1185 1185 1185 1185 1189 1189 1189 1189 1189
    1189 1185 1185 1185 1185 2723 2701 2701 0 0 0 0 0 1202 1202 1202
    1185 1185 1181 1181 1181 1181 1181 1181 1181 1185 1181 1181 1185
    1181 1181 1177 1177 1177 1177 1177 1177 1181 1181 1181 1177 1177
    1177 1177 1181 1181 1181 1177 1173 1173 1177 1173 1173 1177 1177
    1177 1177 1177 1177 1177 1177 1177 1177 1181 1181 1181 1181 1181
    1181 1181 1181 1181 1181 1181 1181 1181 1181 1181 1181 1181 1185
    1185 1185 1181 1181 1181 1181 1185 1181 1181 2723 2680 2680 0 0 0 0
    0 1206 1206 1202 1189 1185 1185 1185 1181 1181 1181 1181 1181 1185
    1185 1185 1185 1181 1181 1177 1177 1177 1177 1177 1177 1177 1177
    1177 1177 1173 1173 1173 1173 1177 1173 1173 1173 1173 1173 1173
    1173 1173 1173 1177 1177 1177 1173 1173 1173 1173 1177 1177 1177
    1177 1177 1177 1177 1177 1177 1177 1181 1181 1181 1177 1177 1181
    1181 1181 1181 1181 1181 1181 1181 1181 1181 1181 1177 1177 2723
    2680 2680 0 0 0 0 0 1206 1206 1202 1197 1189 1185 1185 1185 1185
    1185 1185 1185 1185 1185 1185 1185 1181 1181 1177 1177 1177 1177
    1177 1177 1177 1177 1173 1173 1173 1173 1173 1173 1173 1173 1173
    1169 1169 1169 1169 1169 1169 1169 1173 1173 1173 1173 1173 1173
    1173 1173 1177 1173 1173 1177 1177 1177 1177 1173 1173 1177 1177
