<?xml version="1.0"?>
<opencv_storage>
<Depth1663 type_id="opencv-matrix">
  <rows>79</rows>
  <cols>55</cols>
  <dt>w</dt>
  <data>
    3399 3399 3399 3399 3399 3399 3365 3365 3333 3333 3300 3300 3300
    3300 3269 3269 3269 3238 3238 3238 3238 3238 3238 3238 3238 3208
    3208 3238 3208 1214 1214 1214 1214 1214 1202 1202 1202 1189 1185
    1185 1185 1189 1197 1197 1202 1202 1250 1250 1250 1250 1250 2958
    2958 2958 2958 3399 3399 3399 3365 3365 3399 3399 3365 3333 3333
    3300 3300 3269 3269 3238 3238 3269 3238 3238 3238 3238 3238 3238
    3238 3178 3178 1223 1219 1219 1214 1214 1214 1210 1206 1202 1202
    1197 1189 1185 1185 1185 1189 1197 1202 1202 1206 1245 1245 1241
    1241 1245 1245 2958 2958 2958 3399 3399 3399 3365 3365 3365 3365
    3365 3365 3333 3300 3300 3269 3269 3238 3238 3269 3238 3238 3238
    1255 1250 1245 1236 1236 1232 1223 1219 1219 1219 1214 1214 1210
    1206 1202 1197 1197 1189 1185 1185 1185 1189 1193 1202 1206 1206
    1245 1241 1241 1241 1245 1245 1245 2958 2958 3399 3399 3269 1312
    1312 3365 1322 1322 3365 1288 1288 1283 1273 1268 1268 1268 1268
    1268 1259 1255 1255 1250 1245 1236 1232 1232 1227 1223 1223 1219
    1214 1214 1210 1202 1197 1197 1189 1185 1185 1185 1185 1185 1193
    1202 1206 1206 1223 1232 1236 1236 1245 1245 1259 1259 2984 3468
    1317 1317 1312 1312 1307 1307 1292 1292 1288 1288 1283 1273 1268
    1268 1268 1264 1264 1259 1255 1255 1250 1241 1236 1232 1232 1227
    1223 1223 1219 1214 1210 1206 1202 1197 1197 1189 1185 1185 1185
    1185 1185 1197 1202 1210 1210 1223 1232 1232 1236 1245 1250 1259
    1259 1259 1322 1317 1317 1312 1312 1302 1297 1292 1292 1288 1288
    1283 1273 1273 1273 1268 1264 1264 1259 1255 1250 1250 1236 1236
    1232 1232 1227 1223 1223 1219 1214 1210 1206 1202 1197 1197 1189
    1189 1189 1189 1189 1189 1197 1206 1210 1210 1223 1227 1232 1236
    1245 1250 1250 1250 1250 1322 1317 1317 1312 1312 1302 1297 1292
    1292 1288 1288 1283 1278 1273 1273 1268 1264 1264 1259 1255 1250
    1250 1236 1236 1232 1232 1227 1223 1219 1219 1214 1210 1206 1202
    1197 1197 1189 1185 1185 1189 1189 1193 1197 1206 1210 1214 1223
    1227 1232 1236 1241 1250 1250 1250 1250 1317 1317 1317 1312 1312
    1307 1307 1292 1292 1288 1288 1283 1278 1278 1273 1268 1268 1264
    1259 1255 1250 1250 1241 1236 1236 1232 1227 1223 1219 1219 1214
    1210 1206 1202 1197 1197 1185 1185 1185 1185 1189 1193 1202 1206
    1210 1214 1219 1227 1232 1236 1241 1250 1255 1255 2984 1317 1317
    1317 1312 1312 1307 1307 1292 1292 1288 1288 1288 1283 1278 1273
    1268 1268 1259 1255 1255 1250 1250 1241 1236 1232 1232 1232 1223
    1219 1219 1214 1210 1206 1202 1197 1197 1185 1185 1185 1185 1185
    1193 1202 1206 1210 1210 1214 1223 1232 1236 1245 1250 1255 1255
    2984 1317 1317 1317 1312 1312 1307 1307 1302 1292 1288 1288 1288
    1283 1278 1273 1268 1268 1259 1255 1255 1250 1250 1241 1236 1232
    1232 1227 1223 1219 1219 1214 1214 1206 1202 1202 1197 1185 1185
    1185 1185 1185 1193 1202 1206 1210 1210 1214 1223 1232 1236 1241
    1250 1255 1255 2984 1312 1312 1317 1312 1312 1307 1307 1292 1292
    1288 1288 1288 1283 1278 1273 1268 1268 1264 1255 1250 1250 1241
    1236 1236 1232 1232 1227 1223 1219 1219 1214 1214 1206 1202 1202
    1197 1185 1185 1185 1185 1185 1189 1197 1202 1210 1210 1214 1223
    1227 1232 1241 1250 1250 1250 2984 1312 1312 1317 1312 1312 1307
    1302 1292 1292 1288 1288 1288 1278 1273 1273 1268 1268 1259 1255
    1250 1250 1241 1236 1236 1232 1232 1227 1223 1219 1214 1214 1210
    1206 1202 1202 1197 1189 1185 1185 1185 1185 1185 1197 1202 1210
    1210 1219 1223 1227 1232 1236 1245 1250 1250 2958 1317 1317 1317
    1312 1312 1307 1302 1292 1288 1288 1288 1283 1278 1273 1273 1268
    1264 1259 1255 1250 1250 1241 1236 1236 1232 1227 1227 1223 1219
    1214 1214 1210 1206 1202 1202 1197 1189 1185 1185 1185 1185 1185
    1197 1202 1210 1210 1214 1223 1227 1232 1236 1245 1250 1250 2933
    1312 1312 1312 1312 1307 1307 1302 1292 1288 1288 1288 1283 1273
    1273 1268 1268 1264 1259 1255 1255 1250 1241 1236 1236 1232 1227
    1227 1223 1219 1214 1210 1210 1206 1202 1202 1197 1189 1185 1185
    1185 1185 1185 1197 1202 1210 1210 1214 1223 1227 1232 1236 1241
    1245 1245 2933 1333 1312 1312 1312 1307 1307 1302 1292 1288 1288
    1288 1278 1273 1268 1268 1268 1264 1259 1255 1255 1250 1250 1241
    1236 1232 1232 1227 1223 1219 1214 1210 1206 1202 1202 1202 1193
    1189 1185 1185 1185 1185 1185 1197 1206 1210 1210 1214 1219 1223
    1232 1236 1241 1245 1245 2908 1333 1322 1317 1312 1307 1307 1302
    1292 1288 1288 1283 1278 1273 1268 1268 1268 1264 1259 1255 1255
    1250 1241 1236 1236 1232 1232 1227 1219 1219 1214 1210 1206 1202
    1202 1197 1193 1189 1185 1185 1185 1185 1189 1197 1202 1210 1210
    1214 1219 1223 1232 1236 1241 1245 1245 2908 1322 1322 1317 1312
    1307 1307 1302 1292 1292 1288 1283 1278 1273 1268 1268 1268 1264
    1259 1255 1255 1250 1241 1236 1236 1232 1232 1227 1219 1219 1214
    1214 1210 1202 1202 1197 1193 1189 1185 1185 1185 1185 1189 1193
    1202 1206 1210 1214 1214 1227 1232 1241 1245 1245 1245 2908 1312 0
    1317 1312 1307 1307 1302 1292 1292 1288 1288 1278 1273 1273 1268
    1264 1264 1259 1255 1255 1250 1241 1236 1236 1232 1232 1227 1219
    1219 1214 1214 1210 1202 1202 1197 1193 1189 1185 1185 1185 1185
    1189 1193 1202 1206 1210 1214 1214 1223 1232 1241 1245 1245 1245
    2908 1312 1312 1312 1312 1307 1307 1302 1297 1292 1288 1288 1278
    1273 1273 1273 1264 1259 1255 1255 1250 1250 1241 1236 1236 1232
    1232 1223 1219 1219 1214 1214 1210 1206 1202 1197 1197 1189 1189
    1185 1185 1185 1189 1193 1202 1206 1210 1214 1214 1223 1232 1236
    1245 1245 1245 2908 1312 1312 1312 1312 1307 1307 1302 1297 1292
    1288 1288 1283 1278 1278 1273 1264 1259 1255 1255 1250 1250 1241
    1236 1236 1232 1227 1223 1219 1219 1219 1214 1210 1206 1202 1202
    1197 1189 1185 1185 1185 1185 1189 1193 1197 1202 1206 1210 1214
    1227 1232 1232 1245 1245 1245 2933 1312 1312 1312 1312 1307 1307
    1302 1292 1292 1288 1288 1283 1278 1278 1273 1264 1259 1255 1255
    1250 1250 1245 1236 1236 1232 1227 1223 1219 1219 1219 1214 1210
    1206 1202 1197 1193 1189 1185 1185 1185 1185 1189 1193 1197 1202
    1206 1210 1214 1223 1227 1232 1241 1245 1245 2933 1312 1312 1312
    1312 1307 1307 1302 1292 1292 1288 1288 1283 1273 1273 1268 1268
    1264 1259 1255 1250 1250 1245 1236 1232 1232 1227 1223 1219 1219
    1219 1214 1210 1206 1202 1197 1193 1185 1181 1181 1181 1181 1185
    1189 1197 1206 1206 1210 1214 1223 1227 1232 1241 1245 1250 1250
    1312 1307 1307 1307 1307 1302 1292 1292 1288 1288 1288 1278 1273
    1273 1268 1268 1264 1259 1255 1250 1241 1236 1236 1232 1232 1227
    1223 1219 1219 1214 1214 1210 1206 1202 1197 1193 1185 1181 1181
    1181 1181 1185 1189 1197 1206 1206 1210 1214 1219 1227 1232 1236
    1241 1250 1250 1312 1302 1302 1307 1302 1302 1292 1292 1288 1288
    1283 1278 1273 1268 1268 1268 1264 1259 1255 1250 1241 1236 1236
    1236 1232 1227 1223 1219 1214 1214 1214 1210 1206 1202 1197 1193
    1185 1181 1181 1181 1181 1185 1189 1197 1206 1206 1210 1214 1219
    1227 1232 1236 1241 1250 1255 1302 1302 1302 1307 1297 1292 1292
    1292 1288 1288 1283 1278 1273 1268 1268 1268 1264 1259 1255 1250
    1241 1236 1236 1236 1232 1227 1223 1219 1214 1214 1214 1206 1202
    1197 1193 1189 1185 1185 1185 1181 1181 1185 1189 1197 1206 1206
    1210 1214 1219 1227 1232 1241 1245 1255 1255 1302 1302 1302 1307
    1297 1292 1292 1292 1288 1288 1283 1273 1273 1268 1268 1268 1264
    1259 1255 1250 1241 1236 1236 1236 1232 1227 1223 1219 1214 1214
    1214 1206 1202 1197 1193 1189 1185 1185 1181 1181 1181 1185 1189
    1197 1206 1206 1210 1214 1223 1227 1232 1236 1245 1245 2984 1312
    1312 1312 1307 1302 1292 1292 1292 1288 1288 1283 1273 1273 1268
    1268 1268 1259 1259 1255 1250 1241 1236 1236 1236 1232 1227 1223
    1219 1214 1214 1210 1206 1202 1197 1197 1189 1185 1185 1181 1181
