<?xml version="1.0"?>
<opencv_storage>
<Depth11542 type_id="opencv-matrix">
  <rows>14</rows>
  <cols>37</cols>
  <dt>w</dt>
  <data>
    0 5210 5210 5210 5132 5132 5291 5291 5291 5291 5291 5291 5374 5291
    5291 5291 5291 5291 5291 5291 5291 5374 5460 5548 5548 5548 0 0 0 0
    0 4295 4241 4190 4139 4139 4139 0 5210 5210 5210 5132 5132 5210 5210
    5210 5291 5291 5291 5374 5291 5291 5291 5291 5291 5291 5210 5210
    5374 5460 5640 5640 4241 4241 4241 4295 4295 4295 4295 4295 4190
    4139 4139 4139 0 5132 5132 5132 5291 5210 5210 5210 5210 5291 5291
    5291 5374 5374 5374 5291 5210 5210 5210 5210 5210 5374 5734 4089
    4089 4190 4241 4241 4241 4295 4295 4295 4241 4241 4241 4241 4190 0
    5056 5056 5132 5291 5291 5291 5210 5210 5291 5291 5548 5548 5548
    4041 3948 3948 3948 3903 3903 4089 4139 4139 4089 4089 4190 4241
    4241 4241 4241 4241 4241 4241 4241 4241 4241 4190 0 5056 5056 5132
    5374 5374 5291 5291 5291 3903 3903 3903 3903 3903 3994 3948 3948
    3948 3903 3903 4089 4139 4139 4190 4241 4241 4241 4241 4241 4241
    4241 4241 4241 4241 4241 4241 4241 0 0 3816 3816 3859 4041 3994 3994
    3903 3903 3903 3859 3859 3903 3994 3994 3994 3994 3994 3994 4089
    4139 4139 4190 4190 4190 4190 4241 4241 4241 4241 4241 4241 4241
    4295 4295 4295 3816 3816 3816 3816 3859 4041 4041 3994 3903 3903
    3903 3859 3859 3948 3994 3994 3994 3994 3994 4041 4089 4089 4089
    4139 4190 4190 4190 4241 4241 4241 4241 4241 4241 4241 4241 4295
    4295 3774 3816 3816 3859 3859 3859 3859 3859 3903 3903 3903 3903
    3903 3948 3994 3994 3994 3994 4041 4041 4089 4089 4089 4139 4139
    4190 4190 4241 4241 4241 4295 4241 4241 4241 4241 4295 4295 3774
    3816 3859 3859 3859 3859 3859 3859 3903 3903 3859 3859 3948 3994
    4041 4041 4041 4041 4041 4041 4089 4089 4089 4089 4139 4139 4190
    4241 4241 4241 4241 4241 4241 4241 4241 4295 0 3816 3859 3859 3859
    3859 3859 3859 3859 3859 3903 3859 3859 3994 3994 3994 4041 4041
    4041 4041 4041 4089 4089 4089 4089 4089 4139 4190 4241 4241 4241
    4241 4241 0 0 0 0 0 3816 3859 3859 3859 3859 3859 3859 3859 3859
    3859 3859 3859 3994 3994 3994 3994 3994 4041 4041 4041 4089 4089
    4089 4089 4089 0 0 4241 4241 4241 0 0 0 0 0 0 0 3859 3859 3859 3859
    3859 3859 3859 3859 3859 3859 3859 3859 3994 3994 3994 3994 3994
    4041 0 0 0 0 0 0 0 0 0 0 0 0 0 0 0 0 0 0 0 3816 3859 3816 3816 3816
    3816 3859 3859 3859 3859 3859 3859 0 0 0 0 0 0 0 0 0 0 0 0 0 0 0 0 0
    0 0 0 0 0 0 0 0 3816 3859 3774 3774 3816 3774 3774 3859 3994 3948
    3948 0 0 0 0 0 0 0 0 0 0 0 0 0 0 0 0 0 0 0 0 0 0 0 0 0 0</data></Depth11542>
</opencv_storage>
