<?xml version="1.0"?>
<opencv_storage>
<Depth19556 type_id="opencv-matrix">
  <rows>8</rows>
  <cols>38</cols>
  <dt>w</dt>
  <data>
    7492 7492 7492 7492 7492 7492 7660 7660 7660 7660 7660 7492 7492
    7492 7835 7835 8019 6375 6375 6375 6375 6375 6375 6375 6375 6497
    6497 6497 6497 6497 6375 6375 6375 6375 6497 6375 6259 6259 7492
    7492 7492 7492 7660 7660 7835 7835 7835 7835 7030 6753 6622 6497
    6375 6375 6375 6375 6375 6375 6375 6375 6375 6375 6375 6497 6497
    6497 6497 6497 6375 6375 6375 6375 6375 6375 6259 6146 7492 7660
    6753 6753 6753 6259 6259 6259 6259 6375 6375 6375 6375 6375 6375
    6375 6375 6375 6375 6375 6375 6375 6375 6375 6375 6375 6497 6497
    6497 6375 6375 6375 6375 6375 6375 6375 6259 6146 6497 6497 6375
    6375 6375 6259 6259 6259 6259 6259 6259 6375 6375 6375 6375 6375
    6375 6375 6375 6375 6375 6375 6375 6375 6375 6375 6497 6497 6497
    6375 6375 6375 6375 6375 6375 6375 6259 6259 6497 6375 6375 6375
    6375 6259 6259 6259 6259 6259 6259 6259 6375 6375 6375 6375 6375
    6375 6375 6375 6375 6375 6375 6375 6375 6375 6497 6497 6497 6497
    6375 6375 6375 6375 6375 6375 6259 6259 6375 6375 6375 6375 6375
    6259 6259 6375 6259 6259 6259 6259 6259 6259 6375 6375 6375 6375
    6375 6375 6375 6375 6375 6375 6375 6497 6622 6497 6497 6497 6497 0 0
    0 0 0 0 0 6259 6259 6259 6375 6375 6375 6375 6375 6259 6259 6259
    6259 6259 6259 6259 6375 6375 6375 6375 6375 6375 6375 6375 0 0 0
    6889 6889 0 0 0 0 0 0 0 0 0 0 6259 6259 6259 6375 6375 6375 6375
    6375 6375 6259 6259 6259 6259 6259 6259 0 0 0 0 0 0 0 0 0 0 0 0 0 0
    0 0 0 0 0 0 0 0 0</data></Depth19556>
</opencv_storage>
