<?xml version="1.0"?>
<opencv_storage>
<Depth14843 type_id="opencv-matrix">
  <rows>134</rows>
  <cols>51</cols>
  <dt>w</dt>
  <data>
    4349 4349 4349 4349 4349 4295 4295 4241 4241 4241 4241 4241 4241
    4241 4241 4241 4241 930 928 928 928 928 4139 4139 920 920 920 4041
    4041 4041 4041 4041 4041 3994 3994 3994 3948 3948 3948 3903 3903
    3903 3859 3859 3859 3859 3859 3859 3859 3816 3774 4349 4349 4349
    4349 4349 4295 4295 4241 4241 4190 4190 4190 4241 4241 4241 4241 935
    930 928 925 923 920 918 918 920 920 920 4089 4089 4041 4041 4041
    4041 3994 3994 3994 3948 3948 3948 3903 3903 3903 3903 3859 3859
    3859 3859 3859 3859 3816 3774 4349 4349 4349 4349 4349 4295 4295
    4241 4241 4190 4190 4190 4190 4190 4241 4241 928 928 925 920 918 918
    918 918 918 918 918 0 0 923 4041 4041 4041 4041 4041 3994 3948 3948
    3948 3948 3903 3903 3903 3859 3859 3859 3859 3859 3859 3816 3774
    4349 4349 4349 4349 4349 4349 938 938 4241 4190 4190 4190 925 925
    923 923 923 923 923 920 918 918 915 915 918 915 915 915 0 0 0 0 0
    4041 3994 3994 3994 3994 3948 3948 3948 3903 3903 3903 3859 3859
    3903 3859 3859 3816 3774 4349 4349 4349 4349 935 935 933 930 928 923
    923 923 920 920 920 920 920 920 920 920 918 918 915 915 918 915 915
    923 0 0 0 0 0 4041 3994 3994 3994 3994 3948 3948 3948 3948 3903 3903
    3903 3903 3903 3859 3859 3859 3816 933 933 933 930 928 928 925 925
    925 923 923 923 920 920 920 920 920 920 920 918 918 918 918 918 918
    915 915 918 0 0 0 0 0 4041 3994 3994 3994 3994 3948 3948 3948 3948
    3903 3903 3903 3903 3903 3859 3859 3859 3859 933 928 925 925 925 925
    923 923 923 923 920 920 920 920 920 920 920 920 920 918 918 918 918
    918 918 915 915 918 0 0 0 0 0 4041 3994 3994 3994 3994 3994 3994
    3994 3948 3903 3903 3903 3903 3903 3859 3859 3859 3859 928 923 923
    923 923 923 923 923 923 923 920 920 920 920 920 920 920 920 920 918
    918 918 918 918 918 915 915 918 0 0 0 0 0 3994 3994 3994 3994 3994
    3994 3994 3948 3903 3903 3903 3903 3859 3859 3859 3859 3859 3859 928
    923 923 923 923 923 920 920 923 923 920 920 920 920 920 920 920 918
    918 918 918 918 918 918 918 918 918 918 0 0 0 0 0 3994 3994 3994
    3994 3948 3948 3948 3948 3903 3903 3903 3859 3859 3859 3859 3859
    3859 3859 928 923 923 923 923 923 920 920 923 920 920 920 920 920
    920 920 920 918 918 918 918 918 918 918 918 918 918 918 0 0 0 0 0
    3994 3994 3948 3948 3948 3948 3948 3903 3903 3903 3903 3859 3859
    3859 3859 3859 3859 3859 928 925 925 923 923 923 920 920 920 920 920
    918 918 920 920 920 920 920 918 918 918 918 918 918 918 918 918 918
    0 0 0 0 0 3994 3948 3948 3948 3948 3948 3948 3903 3903 3903 3903
    3859 3859 3859 3859 3859 3859 3859 925 925 923 923 923 923 920 920
    920 920 920 918 918 920 920 920 920 920 920 918 918 918 918 918 918
    918 918 918 0 0 0 0 0 3994 3948 3948 3948 3903 3903 3948 3948 3903
    3903 3903 3903 3859 3859 3859 3859 3859 3859 925 925 923 923 923 923
    920 920 920 920 920 920 920 920 920 920 920 920 920 920 920 918 918
    918 918 918 918 918 918 0 0 0 0 4041 3994 3994 3948 3903 3903 3948
    3948 3903 3903 3903 3903 3859 3859 3859 3859 3859 3859 0 925 925 925
    923 923 920 920 920 920 920 920 920 920 920 920 920 920 920 920 920
    918 918 918 918 918 918 918 918 0 0 0 0 0 4041 3994 3994 3948 3948
    3948 4041 3948 3948 3903 3903 3859 3859 3859 3859 3859 3859 0 925
    925 925 923 923 920 920 923 920 920 920 920 920 920 920 920 920 920
    920 918 918 918 918 918 918 918 918 918 918 0 0 0 0 4089 4041 3994
    3948 3948 3948 3994 3948 3948 3903 3903 3859 3859 3859 3859 3859
    3859 0 925 925 925 923 923 920 920 923 920 920 923 920 920 918 918
    920 920 920 918 918 918 918 918 920 920 920 915 915 915 0 0 0 0 0
    3994 3994 3994 3948 3948 3994 3948 3948 3903 3903 3859 3859 3859
    3859 3859 3859 0 925 925 923 923 923 923 923 923 923 923 923 920 920
    918 918 920 920 920 918 918 918 918 918 918 918 918 915 913 913 0 0
    0 0 0 3994 3994 3994 3994 3994 3948 3948 3948 3903 3903 3859 3859
    3859 3859 3859 3859 0 925 925 923 923 923 923 923 923 923 923 923
    920 920 920 920 920 920 920 918 918 918 918 918 918 918 918 915 913
    913 0 0 0 0 0 3994 3994 3994 3994 3948 3948 3948 3948 3903 3903 3859
    3859 3859 3903 3903 3859 0 925 925 923 923 923 923 923 923 923 923
    923 920 920 920 920 920 920 920 918 918 918 918 918 918 918 918 915
    915 915 0 0 0 0 0 3994 3994 3994 3994 3948 3948 3903 3903 3903 3903
    3859 3859 3903 3903 3903 3859 0 0 925 925 923 923 923 923 923 923
    923 923 920 920 920 920 920 920 920 918 918 918 918 918 918 918 918
    918 918 918 0 0 0 0 0 4041 4041 3994 3994 3948 3948 3903 3903 3903
    3903 3903 3903 3903 3903 3903 3859 0 925 925 925 923 923 923 923 925
    925 923 923 923 923 923 920 920 920 920 918 918 918 918 918 918 918
    918 918 918 918 0 0 0 0 0 4089 4041 4041 4041 3994 3948 3903 3903
    3903 3903 3903 3903 3903 3903 3903 3859 0 925 925 925 923 923 923
    923 925 925 925 925 923 923 923 920 920 920 918 918 918 918 918 918
    918 918 918 918 918 918 918 0 0 0 0 4089 4041 4041 4041 3994 3948
    3903 3903 3903 3903 3903 3903 3903 3903 3903 3859 0 925 925 925 923
    923 923 923 925 928 925 925 923 923 923 920 920 920 918 918 918 920
    920 920 918 918 918 918 918 918 918 0 0 0 0 0 4041 4041 4041 3994
    3948 3948 3903 3903 3903 3903 3903 3903 3903 3903 3859 0 925 923 923
    923 923 923 923 925 925 928 925 923 923 923 920 920 920 918 918 920
    920 920 920 918 918 918 918 918 918 915 915 0 0 0 0 4089 4041 4041
    3994 3994 3948 3948 3903 3903 3903 3903 3903 3903 3903 3859 0 0 923
    923 923 923 923 923 925 925 925 925 923 923 923 920 920 920 920 920
    920 920 920 920 918 918 918 918 918 918 915 915 918 0 0 0 0 4041
    4041 4041 3994 3994 3948 3948 3948 3903 3903 3903 3903 3903 3903 0 0
    925 925 925 925 923 923 925 925 925 925 925 923 923 923 920 920 920
    920 918 918 918 918 918 918 918 918 918 918 918 918 918 0 0 0 0 0
    3994 3994 4041 3994 3948 3948 3948 3903 3903 3903 3903 3903 3903 0 0
    925 925 925 925 925 925 928 925 925 925 925 923 923 923 920 920 920
    920 918 918 918 918 918 918 918 918 918 918 918 918 920 0 0 0 0 0
    3994 3994 4041 3994 3948 3948 3948 3903 3903 3903 3903 3903 3903 0 0
    925 925 925 925 925 925 928 925 925 925 925 923 923 923 920 920 920
    920 918 918 918 920 920 920 920 918 918 918 918 918 0 0 0 0 0 0 3994
    3994 4041 3994 3948 3948 3948 3903 3903 3903 3903 3903 3903 0 0 923
    923 923 925 925 925 928 925 925 925 925 923 923 923 923 920 920 920
    918 918 918 920 920 920 920 918 918 918 918 918 0 0 0 0 0 0 4041
    4041 4041 3948 3948 3948 3948 3903 3903 3903 3903 3903 3903 0 0 920
    920 923 925 925 925 928 925 925 925 925 923 923 923 923 920 920 920
    920 920 920 920 920 920 920 920 920 918 918 918 0 0 0 0 0 0 3994
    3994 3994 3948 3948 3948 3948 3948 3948 3903 3903 3903 3903 0 925
    920 920 923 925 925 925 925 925 925 925 925 925 923 923 923 920 920
    920 918 918 918 918 918 918 920 920 920 918 918 918 0 0 0 0 0 0 3994
    3994 3994 3948 3948 3994 3948 3948 3948 3948 3903 3903 3903 0 925
    923 923 925 925 925 925 925 925 925 925 925 925 923 923 923 920 920
    920 918 918 918 918 918 918 920 920 920 918 918 918 0 0 0 0 0 0 4041
    4041 3994 3948 3948 3948 3948 3948 3948 3948 3903 3903 3903 933 928
    925 925 925 925 925 925 928 925 925 925 925 925 923 923 923 920 920
    920 920 920 920 920 920 920 920 920 918 918 918 918 918 0 0 0 0 0 0
    3994 3994 3994 3948 3948 3948 3948 3948 3948 3903 3903 3903 933 928
    925 925 925 925 925 925 928 925 925 925 925 925 925 923 923 923 920
    920 920 920 920 920 920 920 918 918 918 918 918 918 918 0 0 0 0 0 0
    3994 3994 3994 3948 3948 3948 3948 3948 3948 3948 3903 3903 0 925
    925 925 925 925 925 925 928 928 925 925 925 925 925 925 923 923 923
    923 923 920 920 920 920 918 918 918 918 918 918 915 915 0 0 0 0 0 0
    3994 3994 3994 3994 3948 3948 3948 3948 3948 3948 3903 3903 0 925
