<?xml version="1.0"?>
<opencv_storage>
<Depth13306 type_id="opencv-matrix">
  <rows>25</rows>
  <cols>17</cols>
  <dt>w</dt>
  <data>
    6889 4089 3994 3994 3994 3948 3948 3948 3994 3994 3903 3859 3859
    3859 3903 3859 3859 6889 4041 3994 3994 3994 3948 3948 3948 3994
    3948 3903 3859 3859 3859 3859 3859 3859 4139 4041 3994 3994 3994
    3994 3948 3948 3994 3948 3903 3859 3859 3859 3859 3903 3903 4139
    4041 4041 3994 3994 3994 3948 3948 3994 3948 3948 3948 3903 3859
    3859 3903 3903 4139 4041 4041 3994 3994 3994 3948 3948 3994 3948
    3948 3948 3903 3903 3903 3903 3903 4190 4089 4041 3994 3994 3948
    3948 3948 3994 3948 3948 3903 3903 3903 3903 3903 3903 4190 4089
    4041 3994 3994 3948 3948 3948 3994 3948 3948 3903 3903 3903 3903
    3903 3903 4139 4089 4041 3994 3994 3994 3994 3994 3994 3948 3948
    3903 3903 3903 3903 3903 3903 4139 4089 4041 3994 3994 3994 3994
    3994 3994 3948 3903 3903 3903 3903 3903 3903 3903 4089 4041 4041
    3994 3994 3994 3994 3994 3994 3948 3903 3903 3903 3903 3948 3948
    3948 4089 4041 3994 3994 3994 3994 3994 3994 3994 3948 3903 3903
    3903 3903 3948 3948 3948 4041 4041 3994 3994 3994 3994 3994 3994
    3994 3948 3903 3903 3903 3903 3903 3903 3948 4041 4041 3994 3994
    3994 3994 3994 3994 3994 3948 3948 3903 3903 3903 3903 3903 3994
    4041 4041 3994 3994 3994 3994 3994 3994 3994 3948 3948 3903 3903
    3903 3903 3903 3994 4041 4041 3994 3994 3994 3948 3948 3948 3994
    3948 3948 3903 3903 3903 3903 3903 3948 4041 4041 3994 3994 3994
    3948 3948 3948 3948 3948 3948 3903 3903 3903 3903 3903 3948 4089
    4041 4041 3994 3994 3948 3948 3948 3948 3948 3948 3903 3903 3903
    3903 3903 3948 4089 4041 4041 3994 3994 3948 3948 3948 3948 3948
    3948 3948 3948 3948 3948 3948 3948 4041 4041 3994 3994 3994 3948
    3948 3948 3948 3948 3948 3948 3948 3948 3948 3948 3994 4041 4041
    3994 3994 3994 3948 3948 3948 3948 3948 3948 3948 3948 3948 3948
    3948 3994 4041 4041 3994 3994 3948 3948 3948 3948 3994 3948 3948
    3948 3948 3903 3903 3903 3994 3994 3994 3994 3994 3948 3948 3948
    3948 3948 3948 3903 3903 3903 3903 3903 3903 7030 3948 3948 3948
    3948 3948 3903 3903 3948 3948 3948 3903 3903 3903 3903 3903 3903
    7030 3948 3948 3948 3948 3948 3903 3903 3903 3948 3948 3903 3903
    3948 3903 3903 3903 6889 6889 6889 3948 3948 3948 3948 6622 6622
    6622 3948 3903 3903 3948 3948 6889 6889 6889</data></Depth13306>
</opencv_storage>
