<?xml version="1.0"?>
<opencv_storage>
<Depth15778 type_id="opencv-matrix">
  <rows>7</rows>
  <cols>29</cols>
  <dt>w</dt>
  <data>
    5832 5832 5832 5832 5832 5734 5640 5640 5734 5832 5832 5832 4983
    4983 4708 4708 4774 4774 4842 4842 4842 4774 4774 4842 4842 4842
    4842 4774 4774 5832 5832 5832 5832 5056 5056 4983 4842 4842 4983
    4911 4911 4911 4842 4708 4708 4774 4774 4842 4842 4842 4774 4774
    4842 4842 4842 4774 4774 4708 4983 4983 5056 5056 5056 4983 4983
    4842 4842 4911 4911 4911 4842 4842 4708 4708 4774 4842 4842 4842
    4842 4842 4842 4842 4774 4774 4774 4774 4708 4911 4911 4911 4983
    4983 4983 4983 4911 4911 4911 4842 4842 4842 4842 4774 4774 4774
    4842 4842 4842 4842 4842 4842 4842 4774 4774 4774 4774 4774 4911
    4911 4911 4983 4983 4983 4911 4911 4911 4911 4842 4842 4842 4842
    4774 4774 4774 4842 4842 4842 4842 4842 4842 4842 4842 4842 4774
    4774 4774 4983 4911 4911 4911 4842 4842 4911 4911 4983 4911 4842
    4842 4842 4842 4774 4774 4774 4774 4774 4774 4774 4842 4842 4842
    4842 4774 4774 4774 4842 4983 4911 4911 4911 4842 4842 4911 4983
    4983 4911 4911 4911 4842 4842 4842 4842 4774 4645 4645 4645 4645
    4842 4842 4911 4842 4774 4774 4911 4911</data></Depth15778>
</opencv_storage>
