<?xml version="1.0"?>
<opencv_storage>
<Depth16178 type_id="opencv-matrix">
  <rows>11</rows>
  <cols>24</cols>
  <dt>w</dt>
  <data>
    3503 3503 3503 3399 3399 3433 3468 3433 3433 3433 4295 4295 4241
    4241 4241 4241 4295 4295 4295 4241 4241 4241 4241 4190 3503 3503
    3503 3399 3399 3433 3433 3433 3433 3433 3399 3399 3433 3399 3365
    3365 3333 3300 3300 3333 3365 4241 4241 4190 3539 3503 3503 3468
    3433 3433 3433 3433 3433 3433 3399 3399 3399 3399 3365 3365 3333
    3300 3300 3333 3365 3399 4241 4241 3539 3503 3503 3503 3468 3468
    3468 3433 3433 3433 3433 3433 3399 3399 3365 3365 3399 3365 3333
    3333 3333 3333 3333 3333 3539 3503 3503 3503 3468 3433 3433 3433
    3433 3468 3468 3468 3433 3399 3365 3365 3433 3433 3333 3333 3333
    3333 3333 3333 3539 3539 3503 3503 3468 3433 3433 3433 3433 3433
    3433 3433 3433 3399 3333 3333 3399 3433 3365 3365 3333 3333 3365
    3365 3576 3539 3503 3503 3468 3433 3433 3433 3433 3433 3433 3433
    3433 3399 3333 3333 3399 3433 3399 3399 3365 3365 3399 3433 0 3576
    3503 3503 3468 3433 3433 3433 3433 3433 3399 3399 3433 3433 3399
    3399 3433 3433 3433 3399 3399 3433 3433 3433 0 0 0 3539 3468 3468
    3468 3468 3433 3365 3365 3399 3433 3433 3433 3433 3468 3433 3433
    3433 3433 3468 3433 3433 0 0 0 0 0 0 3503 3468 3433 3365 3365 3399
    3433 3433 3433 3433 3503 3503 0 0 0 0 3365 3333 0 0 0 0 0 0 0 0 0 0
    0 0 0 3503 3468 3468 0 0 0 0 0 0 3333 3178</data></Depth16178>
</opencv_storage>
