<?xml version="1.0"?>
<opencv_storage>
<Depth3969 type_id="opencv-matrix">
  <rows>62</rows>
  <cols>3</cols>
  <dt>w</dt>
  <data>
    4774 4774 4708 4911 4842 4774 4983 4842 4774 4983 4842 4774 4983
    4911 4774 4983 4911 4774 4983 4911 4774 4983 4911 4774 4983 4911
    4774 4983 4911 4774 4983 4911 4774 4983 4911 4842 4983 4983 4842
    4983 4911 4842 4983 4911 4842 4983 4842 4842 4983 4842 4842 4983
    4911 4911 4983 4911 4911 4983 4983 4842 4983 4911 4842 4983 4911
    4842 4983 4983 4842 4983 4983 4842 4983 4983 4911 4983 4983 4911
    4983 4983 4911 4983 4983 4911 5056 4983 4983 5056 4983 4911 5056
    4983 4911 4983 4911 4911 4911 4911 4842 4911 4842 4842 4911 4842
    4842 4983 4911 4911 4983 4983 4911 5056 4983 4911 4983 4983 4911
    4983 4983 4911 4983 4983 4911 4983 4983 4911 5056 4983 4911 5056
    4983 4911 5056 4983 4911 5056 4983 4911 4983 4983 4911 4983 4983
    4911 5056 4983 4911 4983 4983 4911 4983 4983 4911 4983 4983 4911
    4983 4983 4983 4983 4983 4983 4983 4983 4983 4983 4983 4983 5056
    4983 4983 5056 4983 4911 5056 4983 4911 5056 4983 4911 5056 4983
    4911 5056 4983 4983</data></Depth3969>
</opencv_storage>
