<?xml version="1.0"?>
<opencv_storage>
<Depth4883 type_id="opencv-matrix">
  <rows>80</rows>
  <cols>89</cols>
  <dt>w</dt>
  <data>
    3010 3010 3010 3010 3010 3010 3010 3010 3010 3010 3010 3037 3010
    3010 3010 3010 3010 2984 2984 2984 2984 2984 2984 3010 3010 1354
    1349 1338 1333 1333 1343 2958 2958 2958 2933 2933 2933 2933 2933
    2933 2933 2933 2933 2908 2908 2908 2908 2908 2908 2908 2908 2908
    2883 2883 2883 2908 2883 2883 2883 2859 2859 3692 3653 3653 3653
    3653 3614 3614 3614 3614 3614 2883 2883 2933 2933 3539 3539 3503
    3468 3468 3468 3468 3433 3433 3433 3433 3399 3365 3365 3010 3010
    3010 3010 3010 3010 2984 2984 3010 3010 3010 3010 3010 3010 3010
    3010 3010 3010 2984 2958 2958 2984 3010 3010 1354 1349 1349 1343
    1338 1338 1343 1349 1349 2908 2908 2908 2933 2933 2933 2908 2908
    2908 2883 2859 2859 2859 2883 2908 2908 2908 2883 2883 2883 2859
    2859 2883 2883 2883 2883 2859 2859 2883 3653 3653 3653 3653 3614
    3614 3614 3614 3614 3614 2958 2958 2958 3539 3539 3503 3503 3503
    3468 3468 3468 3433 3433 3433 3433 3365 3365 3010 3010 2984 2984
    2984 3010 2984 2984 3010 3010 3010 3010 2984 2984 2984 3010 3010
    3010 2984 2958 2958 3010 3010 1354 1354 1349 1349 1343 1343 1343
    1338 1333 1333 1333 2908 2908 2933 2908 2908 2908 2883 2883 2883
    2859 2859 2859 2859 2883 2883 2883 2883 2883 2859 2859 2859 2859
    2883 2883 2883 2883 2883 2859 2859 2859 2859 3653 3653 3653 3614
    3614 3614 3614 3576 3576 3576 3539 3539 3503 3503 3503 3503 3468
    3468 3433 3433 3433 3433 3399 3399 3010 3010 2984 2984 2984 2984
    2958 2958 2984 2984 3010 2984 2984 2984 2984 3010 3010 3010 2984
    2984 2984 2984 1359 1359 1354 1354 1349 1343 1343 1343 1338 1333
    1333 1338 1333 1333 2933 2908 2908 2908 2883 2883 2883 2883 2883
    2859 2859 2883 2883 2883 2883 2859 2859 2859 2859 2859 2859 2883
    2883 2883 2883 2859 2859 2859 2859 2883 3653 3653 3653 3614 3614
    3614 3576 3576 3576 3576 3576 3539 3539 3539 3503 3468 3468 3433
    3433 3433 3433 3433 3399 3010 3010 2984 2984 2984 2958 2958 2958
    2984 2984 2984 2984 2984 3010 3010 3010 3037 3010 3010 3010 1354
    1359 1359 1354 1354 1349 1343 1343 1343 1343 1338 1338 1338 1338
    1333 1333 1333 1333 2908 2908 2883 2883 2908 2883 2883 2859 2859
    2859 2883 2883 2859 2859 2859 2859 2859 2859 2859 2883 2883 2859
    2859 2859 2859 2859 2859 2883 2883 2883 2883 3614 3614 3614 3576
    3576 3576 3576 3576 3576 3576 3539 3503 3468 3468 3433 3433 3433
    3433 3433 3399 3037 3010 2984 2984 2958 2958 2933 2933 2984 2984
    2984 2984 2984 3010 3010 3010 3037 3037 3037 1354 1354 1354 1354
    1354 1349 1349 1343 1343 1343 1338 1338 1333 1333 1338 1333 1333
    1333 1333 1333 2908 2883 2883 2908 2908 2908 2859 2859 2859 2883
    2883 2859 2859 2859 2859 2859 2859 2859 2859 2859 2859 2859 2859
    2859 2859 2859 2859 2883 2883 2859 2859 3614 3614 3614 3614 3576
    3576 3576 3576 3576 3539 3503 3468 3468 3468 3468 3468 3468 3433
    3433 3037 3010 2984 2984 2958 2933 2933 2933 2958 2958 2958 2958
    2984 3010 3010 3037 3037 3037 3037 1354 1354 1354 1354 1354 1349
    1349 1343 1343 1343 1338 1333 1333 1333 1333 1333 1333 1333 1333
    1333 1333 1333 2933 2908 2908 2908 2859 2859 2883 2883 2859 2859
    2859 2859 2859 2859 2859 2859 2859 2859 2859 2859 2859 2859 2859
    2859 2859 2859 2883 2859 2859 2859 2859 3614 3614 3614 3576 3576
    3576 3576 3539 3503 3468 3468 3468 3468 3468 3468 3433 3433 3010
    3010 2984 2984 2933 2933 2933 2933 2958 2958 2958 2958 2958 2984
    3010 3010 3010 3037 3037 1359 1354 1354 1354 1349 1349 1349 1343
    1343 1338 1338 1333 1333 1333 1333 1333 1333 1333 1333 1333 1333
    1333 1333 2908 2908 2908 2883 2883 2859 2859 2859 2859 2859 2859
    2859 2859 2859 2859 2859 2859 2859 2859 2859 2859 2859 2859 2859
    2859 2859 2859 2859 2859 2859 3614 3614 3614 3614 3614 3576 3576
    3539 3539 3503 3503 3468 3468 3468 3468 3433 3433 3010 3010 2984
    2984 2933 2933 2933 2933 2933 2933 2933 2933 2958 2984 3010 3010
    3010 3010 1359 1359 1354 1354 1349 1349 1349 1349 1343 1343 1338
    1338 1333 1333 1333 1333 1333 1333 1333 1333 1328 1328 1328 1328
    1328 1328 2908 2859 2859 2859 2859 2859 2859 2835 2835 2859 2859
    2859 2859 2859 2859 2859 2859 2859 2859 2859 2859 2859 2859 2859
    2859 2835 2835 2859 2859 2859 3614 3614 3614 3576 3576 3539 3539
    3539 3539 3503 3468 3468 3468 3433 3433 4645 3010 2984 2984 2933
    2933 2908 2908 2933 2933 2933 2933 2933 2958 2958 3037 3037 1359
    1359 1359 1354 1349 1349 1349 1349 1343 1343 1343 1338 1338 1333
    1333 1333 1333 1333 1333 1333 1333 1328 1328 1328 1322 1322 1322
    1322 2859 2859 2859 2859 2859 2835 2835 2835 2859 2859 2859 2859
    2859 2859 2859 2859 2859 2859 2883 2883 2859 2859 2859 2835 2835
    2835 2859 2859 2835 2835 2767 2767 3576 3576 3539 3539 3539 3539
    3503 3468 3468 3468 3433 3433 4582 3010 2984 2984 2933 2933 2908
    2908 2908 2908 2908 2908 2908 2933 2958 2958 1359 1359 1359 1354
    1354 1349 1343 1343 1343 1343 1343 1343 1338 1338 1333 1333 1333
    1333 1333 1333 1328 1328 1328 1328 1328 1322 1322 1317 1317 1317
    1317 2859 2859 2835 2835 2835 2835 2859 2859 2859 2859 2859 2859
    2859 2835 2835 2835 2883 2859 2859 2859 2835 2835 2835 2835 2859
    2859 2835 2835 2767 2767 3614 3576 3576 3576 3539 3539 3539 3503
    3468 3468 3468 3433 4582 3010 3010 2984 2933 2933 2908 2908 2908
    2883 2883 2883 2883 2908 2958 2958 1349 1349 1349 1349 1349 1349
    1343 1343 1343 1343 1343 1343 1343 1338 1338 1333 1333 1333 1333
    1333 1328 1328 1328 1322 1322 1322 1322 1317 1317 1317 1317 1317
    2859 2835 2835 2835 2835 2859 2859 2859 2859 2859 2859 2859 2835
    2835 2835 2859 2859 2859 2859 2835 2835 2835 2835 2859 2835 2812
    2812 2789 2789 2789 2789 2789 3576 3576 3576 3539 3539 3503 3468
    3468 3468 4645 4645 3010 2984 2958 2933 2908 2908 2883 2859 2859
    2859 2859 2883 2883 1349 1343 1343 1343 1343 1343 1343 1343 1338
    1338 1338 1338 1338 1343 1338 1338 1333 1333 1333 1333 1333 1328
    1328 1328 1322 1322 1322 1322 1322 1317 1317 1312 1312 1312 2835
    2835 2835 2835 2859 2835 2835 2835 2859 2859 2859 2835 2835 2835
    2859 2859 2859 2859 2859 2835 2835 2859 2859 2835 2812 2789 2789
    2789 2789 2789 2789 2789 3576 3576 3576 3539 3503 3468 3468 3468
    4645 4708 4708 2984 2984 2958 2908 2908 2883 2859 2859 2835 2835
    2883 2883 1349 1349 1343 1343 1343 1343 1343 1343 1338 1338 1338
    1338 1338 1343 1338 1338 1338 1333 1333 1333 1333 1328 1328 1328
    1322 1322 1322 1322 1317 1317 1317 1312 1312 1317 1317 2835 2835
    2859 2859 2835 2835 2835 2859 2859 2835 2835 2835 2835 2859 2859
    2859 2859 2859 2859 2859 2859 2835 2835 2789 2789 2789 2789 2789
    2789 2789 2789 2835 3576 3539 3539 3503 3503 3503 3468 4708 4708
    4708 3010 2958 2933 2933 2908 2883 2859 2835 2835 2835 2835 1349
    1349 1349 1343 1343 1343 1343 1338 1338 1338 1338 1338 1338 1338
    1338 1338 1338 1333 1333 1333 1333 1333 1328 1328 1322 1322 1322
    1317 1317 1317 1317 1317 1312 1312 1312 1312 1312 2859 2859 2859
    2835 2835 2835 2859 2859 2835 2835 2835 2835 2859 2859 2859 2859
    2859 2859 2859 2835 2835 2812 2789 2789 2789 2789 2789 2789 2789
    2812 2812 2812 3539 3539 3503 3503 3503 3468 4708 4645 4645 4645
    2958 2933 2933 2933 2883 2859 2835 2835 2835 2835 1349 1343 1343
    1343 1343 1343 1343 1338 1338 1338 1338 1338 1338 1338 1338 1338
    1333 1333 1333 1333 1333 1333 1328 1328 1322 1317 1317 1317 1317
    1317 1317 1317 1312 1312 1312 1312 1312 1312 1312 2859 2835 2835
    2859 2835 2835 2835 2835 2835 2835 2859 2859 2883 2883 2859 2859
    2835 2835 2835 2812 2789 2789 2812 2812 2812 2812 2812 2812 2789
    2767 2767 3539 3503 3503 3503 3468 4708 4645 4645 4645 4645 4582
    2933 2908 2883 2835 2835 2835 2835 1349 1349 1343 1343 1343 1343
    1343 1338 1338 1338 1338 1338 1338 1338 1338 1333 1333 1333 1333
    1333 1333 1333 1328 1328 1322 1322 1317 1317 1317 1317 1312 1312
    1312 1312 1312 1312 1312 1312 1312 1312 1302 1302 2835 2859 2835
