<?xml version="1.0"?>
<opencv_storage>
<Depth6618 type_id="opencv-matrix">
  <rows>71</rows>
  <cols>53</cols>
  <dt>w</dt>
  <data>
    3816 3816 3816 3816 3859 3859 3859 3859 3859 3816 1398 1392 1392
    1387 1387 1387 1392 3816 3816 3816 3859 3859 3859 3816 3816 3816
    3816 3816 3859 3816 3816 3816 3816 3816 3816 3774 3774 3816 3816
    3816 3859 3859 3859 3816 3816 3816 3816 3816 3816 3816 3816 3816
    3774 3816 3816 3816 3859 3859 3859 3859 3859 3859 1398 1392 1392
    1392 1387 1387 1387 1392 1404 1404 1404 1398 1398 1398 1398 1398
    1398 1392 1392 3859 3859 3859 3859 3816 3816 3816 3774 3774 3816
    3816 3816 3859 3859 3859 3816 3816 3816 3816 3816 3816 3774 3774
    3816 3774 3816 3816 3859 3859 3859 3948 3948 1410 1398 1392 1392
    1392 1392 1387 1387 1387 1392 1398 1398 1398 1398 1398 1398 1398
    1398 1398 1392 1392 1392 1392 3859 3859 3859 3816 3774 3774 3816
    3816 3859 3859 3859 3816 3816 3859 3859 3859 3816 3816 3816 3774
    3774 3816 3774 3816 3859 3859 3859 3859 3859 1433 1410 1398 1392
    1392 1387 1387 1387 1387 1387 1392 1398 1398 1398 1398 1398 1404
    1404 1404 1404 1398 1398 1392 1392 1404 1404 1404 1404 1404 1410
    1415 3816 3859 3903 3903 3816 3816 3859 3859 3859 3859 3816 3774
    3774 3774 3816 3774 3816 3859 3859 3859 1439 1439 1433 1421 1398
    1392 1387 1387 1387 1387 1387 1387 1392 1392 1392 1398 1398 1398
    1398 1404 1404 1404 1398 1398 1404 1404 1404 1404 1404 1404 1404
    1410 1410 1410 1415 1415 1415 1415 1415 1421 1421 1421 1421 1421
    1421 3774 3774 3816 3816 3816 3816 3816 0 1439 1439 1433 1421 1398
    1392 1387 1381 1381 1387 1387 1392 1392 1392 1392 1392 1392 1392
    1392 1398 1398 1404 1398 1398 1398 1404 1404 1404 1404 1404 1404
    1410 1410 1410 1415 1415 1415 1415 1415 1421 1421 1421 1421 1421
    1421 1421 1421 1427 3816 3816 3816 0 1452 1439 1439 1433 1421 1404
    1392 1381 1381 1381 1387 1387 1387 1392 1387 1387 1392 1392 1392
    1392 1398 1398 1398 1398 1398 1398 1398 1404 1398 1398 1404 1404
    1410 1410 1410 1415 1415 1415 1421 1421 1421 1421 1421 1421 1421
    1421 1421 1421 1421 1421 3816 3816 1464 1452 1452 1439 1433 1421
    1410 1392 1381 1381 1381 1387 1387 1387 1392 1387 1387 1387 1392
    1392 1392 1398 1398 1398 1398 1398 1398 1398 1398 1398 1398 1404
    1404 1410 1410 1410 1415 1415 1421 1421 1421 1421 1421 1421 1421
    1421 1421 1421 1421 1421 1421 0 1470 1464 1464 1452 1439 1433 1421
    1410 1387 1376 1376 1376 1381 1387 1387 1392 1387 1387 1387 1387
    1387 1392 1392 1398 1398 1398 1398 1398 1398 1398 1398 1404 1404
    1404 1410 1410 1410 1415 1415 1415 1421 1415 1415 1415 1421 1421
    1421 1421 1421 1421 1421 1427 3774 1470 1470 1464 1452 1439 1433
    1415 1404 1387 1376 1376 1376 1376 1381 1381 1387 1387 1387 1387
    1387 1387 1392 1392 1398 1398 1398 1398 1398 1398 1398 1398 1404
    1404 1404 1410 1410 1410 1415 1415 1415 1421 1415 1415 1415 1421
    1421 1421 1421 1421 1421 1421 1427 3774 1470 1470 1464 1445 1439
    1427 1415 1398 1381 1376 1376 1376 1376 1376 1376 1381 1387 1387
    1387 1387 1392 1392 1392 1392 1392 1398 1398 1398 1398 1398 1404
    1404 1404 1404 1404 1410 1410 1410 1415 1415 1421 1415 1415 1415
    1415 1421 1421 1421 1421 1421 1427 1427 3774 3774 1458 1458 1445
    1433 1427 1415 1398 1376 1376 1370 1370 1376 1376 1376 1381 1381
    1381 1387 1387 1392 1392 1387 1387 1392 1398 1398 1398 1398 1398
    1404 1404 1404 1404 1404 1410 1410 1410 1415 1415 1415 1415 1415
    1415 1415 1421 1415 1415 1410 1410 1421 1421 3774 3816 1445 1445
    1439 1433 1427 1415 1392 1376 1376 1370 1370 1370 1370 1376 1381
    1381 1381 1387 1387 1392 1392 1387 1387 1392 1398 1398 1398 1398
    1398 1398 1404 1404 1404 1404 1410 1410 1410 1415 1415 1415 1415
    1415 1415 1415 1421 1415 1415 1410 1410 1421 1421 3816 3816 1445
    1445 1439 1433 1421 1410 1392 1376 1376 1370 1370 1370 1370 1376
    1381 1381 1381 1381 1381 1387 1387 1381 1381 1387 1392 1398 1398
    1398 1398 1398 1398 1404 1404 1404 1404 1410 1410 1410 1410 1415
    1410 1410 1410 1415 1415 1415 1415 1404 1404 1421 1421 3816 3816
    1464 1452 1439 1433 1421 1410 1387 1376 1376 1376 1376 1370 1370
    1376 1381 1381 1381 1381 1381 1381 1381 1381 1381 1387 1392 1398
    1398 1398 1398 1398 1398 1398 1404 1404 1404 1404 1410 1410 1410
    1410 1410 1410 1410 1410 1415 1410 1410 1404 1404 1410 0 3732 1458
    1458 1452 1445 1439 1421 1398 1376 1370 1370 1370 1370 1376 1376
    1376 1381 1381 1381 1381 1381 1381 1381 1381 1381 1381 1387 1392
    1398 1392 1392 1398 1398 1398 1398 1404 1404 1404 1404 1404 1404
    1410 1404 1404 1410 1410 1410 1410 1410 1410 1404 1404 1404 3732
    1458 1458 1452 1445 1439 1421 1398 1376 1370 1370 1370 1370 1370
    1376 1376 1381 1381 1381 1381 1381 1381 1381 1381 1381 1381 1381
    1387 1398 1392 1392 1398 1398 1398 1398 1398 1404 1404 1404 1404
    1404 1404 1404 1404 1410 1410 1410 1410 1410 1410 1404 1404 1404
    3692 3692 1458 1458 1445 1439 1415 1398 1376 1370 1370 1370 1370
    1370 1370 1370 1381 1381 1381 1381 1381 1381 1387 1381 1381 1381
    1381 1387 1398 1398 1398 1398 1398 1398 1398 1398 1404 1404 1404
    1404 1404 1404 1404 1404 1410 1410 1410 1410 1410 1410 1410 1410
    1410 3692 0 1445 1445 1445 1439 1415 1398 1376 1365 1365 1365 1365
    1370 1370 1370 1376 1376 1376 1381 1381 1381 1381 1381 1381 1381
    1381 1387 1392 1398 1398 1398 1398 1398 1398 1398 1398 1398 1398
    1404 1404 1404 1404 1404 1404 1410 1410 1410 1410 1404 1404 1415
    1415 3653 0 1452 1445 1445 1433 1415 1398 1376 1365 1365 1365 1365
    1365 1370 1370 1376 1376 1376 1381 1381 1381 1381 1381 1381 1381
    1381 1387 1392 1392 1398 1398 1398 1398 1398 1398 1398 1398 1398
    1398 1398 1398 1404 1404 1404 1410 1410 1410 1410 1404 1404 1404 0
    3653 1464 1452 1452 1445 1427 1410 1392 1370 1365 1365 1359 1359
    1365 1370 1370 1376 1376 1376 1376 1381 1381 1381 1381 1381 1381
    1381 1387 1392 1392 1398 1398 1398 1398 1398 1398 1398 1398 1398
    1398 1398 1398 1404 1404 1404 1410 1410 1410 1404 1404 1404 1404 0
    3692 1464 1464 1452 1439 1421 1410 1381 1370 1365 1365 1359 1359
    1365 1365 1370 1376 1376 1376 1376 1381 1381 1381 1381 1381 1381
    1381 1387 1392 1392 1392 1392 1398 1398 1398 1398 1398 1398 1398
    1398 1398 1398 1404 1404 1404 1404 1404 1404 1404 1404 1404 1404
    1404 3692 1464 1464 1445 1433 1421 1410 1381 1370 1365 1365 1359
    1359 1365 1365 1365 1376 1376 1376 1376 1376 1381 1381 1381 1381
    1381 1387 1387 1387 1387 1392 1392 1392 1398 1398 1398 1398 1398
    1398 1398 1398 1398 1404 1404 1404 1404 1404 1404 1404 1404 1404
    1404 1404 3692 1458 1458 1439 1433 1421 1410 1381 1370 1365 1365
    1365 1365 1365 1365 1365 1370 1370 1376 1376 1376 1381 1381 1381
    1381 1381 1381 1387 1387 1387 1392 1392 1392 1392 1398 1398 1398
    1398 1398 1398 1398 1398 1404 1404 1404 1404 1404 1404 1404 1404
    1404 1404 1404 3692 1452 1452 1439 1433 1421 1410 1376 1370 1365
    1365 1365 1365 1365 1365 1365 1370 1370 1370 1376 1376 1376 1376
    1381 1381 1381 1381 1387 1387 1387 1387 1387 1392 1392 1392 1398
    1398 1398 1398 1398 1398 1398 1398 1404 1404 1404 1404 1404 1404
    1404 1404 1404 1404 3732 1452 1452 1439 1427 1415 1404 1376 1365
    1365 1365 1365 1365 1365 1365 1365 1370 1370 1370 1370 1376 1376
    1376 1376 1376 1376 1381 1381 1381 1381 1387 1387 1392 1392 1392
    1392 1392 1398 1398 1398 1398 1398 1398 1398 1398 1398 1398 1398
    1404 1404 1404 1404 1404 3732 1445 1445 1433 1427 1415 1404 1376
    1365 1365 1359 1359 1359 1359 1359 1359 1365 1365 1365 1370 1376
    1376 1376 1376 1376 1376 1381 1381 1381 1381 1381 1381 1387 1387
    1387 1392 1392 1398 1392 1392 1398 1398 1398 1398 1398 1398 1398
    1398 1398 1404 1404 1404 1404 3732 1445 1445 1433 1427 1415 1381
    1370 1365 1365 1359 1359 1359 1359 1359 1359 1365 1365 1365 1370
    1376 1376 1376 1376 1376 1376 1376 1381 1381 1381 1381 1381 1387
    1387 1387 1392 1392 1398 1392 1392 1392 1398 1398 1398 1398 1398
