<?xml version="1.0"?>
<opencv_storage>
<Depth18817 type_id="opencv-matrix">
  <rows>5</rows>
  <cols>31</cols>
  <dt>w</dt>
  <data>
    6259 6259 6375 6497 6497 6497 6497 6497 6497 6497 6497 6375 6375
    6375 6375 6375 6375 6375 0 0 6375 6259 6259 0 0 0 6038 6038 6375
    6259 6259 6375 6375 6375 6497 6497 6497 6497 6497 6497 6497 6497
    6375 6375 6375 6375 6375 6375 6375 6375 6259 6259 6259 6146 6146
    6146 6146 6038 6038 6146 6146 6146 6497 6497 6497 6497 6497 6497
    6497 6497 6497 6497 6375 6375 6375 6375 6375 6375 6375 6375 6375
    6259 6259 6259 6146 6146 6146 6146 6146 6146 6038 6038 6038 6497
    6497 6497 6497 6497 6622 6497 6497 6497 6497 6375 6259 6259 6259
    6259 6375 6259 6259 6375 6375 6375 6375 6259 6259 6259 6146 6146
    6146 6038 6038 6038 7835 7835 7835 7492 7492 7492 6622 6622 6622
    7835 6259 6259 6259 6259 6259 6375 6259 6259 6375 6375 6375 6375
    6375 6375 6259 6146 6146 6146 6146 6038 6038</data></Depth18817>
</opencv_storage>
