<?xml version="1.0"?>
<opencv_storage>
<Depth12412 type_id="opencv-matrix">
  <rows>23</rows>
  <cols>16</cols>
  <dt>w</dt>
  <data>
    6497 4405 4405 4463 4463 4463 4405 4405 4349 4349 4349 4295 4241
    4241 6622 6622 4463 4405 4405 4405 4405 4405 4405 4349 4349 4295
    4295 4295 4241 4241 4295 6622 4463 4405 4405 4405 4405 4405 4405
    4349 4349 4295 4295 4295 4295 4241 4241 6622 4463 4463 4463 4463
    4405 4405 4405 4349 4295 4295 4295 4295 4295 4241 4241 4295 4463
    4463 4463 4463 4405 4405 4405 4349 4295 4295 4295 4295 4295 4241
    4241 4295 4463 4463 4463 4463 4405 4405 4349 4349 4295 4295 4295
    4295 4295 4295 4295 4295 4522 4522 4463 4463 4405 4405 4349 4349
    4295 4295 4295 4295 4295 4295 4295 6622 4582 4522 4463 4463 4405
    4405 4349 4349 4295 4295 4295 4295 4295 4295 4295 6497 4522 4522
    4463 4463 4405 4405 4349 4349 4295 4295 4295 4295 4295 4349 4349
    4405 4522 4522 4463 4463 4405 4405 4349 4295 4295 4295 4295 4295
    4295 4349 4349 4405 4522 4522 4463 4463 4463 4405 4349 4295 4295
    4295 4295 4295 4295 4349 4349 4349 4522 4522 4463 4463 4463 4405
    4349 4295 4295 4295 4295 4295 4295 4295 4295 4295 4522 4522 4522
    4463 4463 4405 4405 4349 4349 4349 4295 4295 4295 4295 4295 4295
    6497 4522 4522 4463 4463 4405 4405 4349 4349 4349 4295 4295 4295
    4295 4295 4349 4582 4522 4522 4463 4463 4405 4349 4349 4295 4295
    4295 4241 4241 4295 4295 4349 4582 4522 4463 4463 4463 4405 4349
    4349 4295 4295 4295 4241 4241 4295 4295 4349 6497 4522 4463 4463
    4463 4405 4405 4405 4349 4295 4241 4241 4241 4241 4295 4295 6497
    6497 4522 4463 4405 4405 4405 4405 4349 4295 4241 4241 4241 4241
    4241 4295 6497 6497 4522 4463 4405 4405 4349 4349 4349 4295 4241
    4241 4241 4241 4241 4295 6497 6497 4522 4463 4405 4405 4349 4349
    4295 4295 4295 4295 4241 4241 4241 4295 6753 6753 4463 4463 4349
    4349 4295 4295 4295 4295 4295 4295 4241 4241 4241 4295 6753 6753
    6753 4463 4349 4349 4295 4295 4295 4295 4349 4349 4295 4241 4241
    4295 6753 6753 6497 6497 6889 4405 4405 4349 4349 4349 4405 4349
    4349 4349 4349 6622</data></Depth12412>
</opencv_storage>
