<?xml version="1.0"?>
<opencv_storage>
<Depth12163 type_id="opencv-matrix">
  <rows>7</rows>
  <cols>28</cols>
  <dt>w</dt>
  <data>
    4911 4911 4983 4983 4983 4983 4983 5056 4911 4911 4911 4842 4842
    4842 4911 4842 4842 4911 4911 4983 4911 4911 4911 4911 4911 4911
    4911 4842 4983 4983 4983 4983 4983 4983 4911 4911 4911 4911 4842
    4842 4842 4842 4842 4842 4842 4842 4842 4842 4842 4842 4842 4842
    4842 4911 4911 4842 4983 4983 4983 4983 4983 4983 4911 4911 4911
    4911 4842 4842 4842 4842 4774 4774 4708 4708 4774 4774 4774 4842
    4774 4774 4842 4842 4842 4842 4983 4983 4983 4983 4983 4983 4911
    4911 4911 4911 4842 4842 4774 4774 4774 4708 4708 4708 4774 4774
    4774 4842 4774 4774 4774 4842 4842 4842 4983 4983 4983 4983 4983
    4983 4911 4911 4911 4911 4911 4842 4774 4774 4774 4645 4645 4708
    4774 4842 4842 4842 4645 4645 4708 4708 4774 4774 4983 4983 4983
    4983 4983 4983 4911 4842 4842 4911 4911 4842 4774 4774 4774 4645
    4645 4708 4842 4842 4842 4842 4645 4645 4708 4708 4708 4774 5056
    4983 4983 4983 4983 4983 4911 4842 4842 4911 4911 4842 4774 4774
    4774 5460 4842 4842 4842 4842 4842 4842 4774 4774 4774 4708 4708
    4842</data></Depth12163>
</opencv_storage>
