<?xml version="1.0"?>
<opencv_storage>
<Depth8389 type_id="opencv-matrix">
  <rows>23</rows>
  <cols>12</cols>
  <dt>w</dt>
  <data>
    6753 4645 4582 4522 4522 4463 4463 4463 4463 6889 6889 6889 6753
    4582 4582 4522 4522 4463 4463 4463 4405 4405 4405 4405 4522 4522
    4522 4522 4522 4463 4463 4463 4405 4405 4405 4405 4522 4522 4522
    4463 4463 4463 4463 4463 4405 4405 4405 4405 4522 4463 4463 4463
    4463 4463 4405 4405 4463 4463 4405 4405 6622 4463 4463 4463 4463
    4463 4405 4405 4463 4463 4405 4405 4522 4463 4463 4463 4463 4463
    4463 4463 4463 4463 4405 4405 4522 4463 4463 4463 4463 4405 4405
    4405 4405 4405 4405 4405 4522 4522 4522 4463 4463 4405 4405 4405
    4405 4405 4405 4405 4582 4582 4522 4463 4463 4405 4405 4405 4405
    4463 4405 4405 4582 4522 4522 4463 4463 4405 4405 4405 4405 4463
    4405 4349 4582 4522 4522 4463 4463 4405 4405 4405 4463 4463 4405
    4349 4582 4582 4522 4522 4522 4463 4405 4405 4463 4463 4405 4405
    4522 4522 4522 4463 4463 4405 4405 4405 4463 4463 4463 4405 4522
    4522 4522 4463 4405 4405 4405 4405 4463 4463 4522 4522 4582 4522
    4463 4405 4405 4405 4405 4405 4463 4463 4463 4522 4463 4522 4405
    4405 4405 4405 4405 4463 4463 4463 4463 6889 4463 4522 4405 4405
    4405 4405 4463 4463 4463 4405 4405 6753 4463 4463 4463 4405 4405
    4463 4463 4463 4463 4405 4405 6753 4463 4405 4405 4405 4405 4463
    4463 4463 4463 4405 4349 4349 6753 4405 4405 4405 4405 4463 4463
    4463 4463 4405 4349 4349 6753 6753 4405 4405 4405 4463 4463 4463
    4463 4463 4405 4405 6753 6753 4405 4405 4405 4463 4463 4463 4463
    4463 4522 6889</data></Depth8389>
</opencv_storage>
