<?xml version="1.0"?>
<opencv_storage>
<Depth1542 type_id="opencv-matrix">
  <rows>94</rows>
  <cols>66</cols>
  <dt>w</dt>
  <data>
    3816 3816 3816 3816 3816 3774 3732 3692 3692 3692 3692 3692 3692
    3653 3653 3653 3653 3614 3576 3576 3539 3539 3539 3539 1028 1028
    1016 1016 1016 1016 1013 1013 1010 1010 1010 3468 1016 1010 1010
    1010 1010 1007 1004 1004 1004 1004 1004 1004 1004 1004 1001 998 998
    998 998 998 1001 1001 1004 1001 1001 1004 1004 1004 3092 3092 3774
    3816 3816 1022 1022 1022 1019 1016 1016 1016 1016 1016 1016 1016
    1016 1013 1010 1010 1013 1013 1016 1016 1016 1019 1019 1016 1013
    1013 1013 1013 1013 1013 1010 1010 1010 1013 1010 1010 1007 1007
    1010 1007 1004 1004 1004 1004 1004 1004 1004 1001 1001 998 998 998
    998 998 1001 1001 1001 1001 1001 1004 1004 0 0 3092 1016 1019 1019
    1019 1019 1019 1016 1016 1016 1016 1016 1016 1016 1016 1016 1013
    1010 1010 1013 1013 1016 1013 1013 1016 1013 1013 1013 1013 1013
    1013 1013 1013 1013 1013 1013 1013 1010 1010 1007 1007 1010 1007
    1004 1004 1004 1004 1004 1004 1004 1001 1001 998 998 998 998 998
    1001 1001 1001 1001 1001 1004 1004 0 0 3092 1016 1019 1016 1016 1016
    1016 1016 1016 1016 1016 1016 1016 1016 1016 1016 1016 1013 1013
    1013 1016 1016 1013 1013 1013 1013 1013 1013 1013 1013 1013 1013
    1013 1013 1013 1013 1013 1010 1010 1010 1010 1010 1007 1007 1004
    1004 1004 1004 1004 1004 1001 1001 998 998 998 998 998 1001 1001
    1001 1001 1001 1001 1001 0 0 3092 1016 1016 1016 1016 1016 1016 1016
    1016 1016 1016 1016 1016 1016 1016 1016 1016 1016 1016 1016 1016
    1016 1013 1013 1013 1013 1013 1013 1013 1013 1013 1013 1013 1013
    1013 1013 1013 1013 1010 1010 1010 1010 1007 1007 1004 1004 1004
    1004 1004 1004 1004 1001 1001 1001 1001 1001 1001 1001 1001 1001 998
    998 998 0 0 0 0 1016 1016 1016 1016 1016 1016 1016 1016 1016 1016
    1016 1016 1016 1016 1016 1016 1013 1013 1016 1016 1016 1016 1013
    1013 1013 1013 1013 1013 1013 1013 1013 1013 1013 1013 1013 1013
    1013 1010 1010 1010 1010 1004 1004 1004 1004 1004 1004 1004 1004
    1004 1001 1001 1001 1001 1001 1001 1001 1001 1001 998 998 998 0 0 0
    0 1019 1019 1016 1016 1016 1016 1016 1016 1016 1016 1016 1016 1016
    1016 1016 1016 1013 1013 1016 1016 1016 1016 1016 1013 1013 1013
    1013 1013 1013 1013 1013 1013 1013 1013 1010 1010 1010 1010 1010
    1010 1010 1004 1004 1004 1004 1004 1004 1004 1004 1004 1001 1001
    1001 1001 1001 1001 1001 1001 1001 998 998 998 0 0 0 0 1022 1022
    1019 1019 1016 1016 1016 1016 1016 1016 1016 1016 1016 1016 1016
    1016 1016 1016 1013 1013 1013 1016 1016 1013 1013 1013 1013 1013
    1013 1013 1013 1013 1013 1010 1010 1010 1010 1010 1010 1010 1007
    1004 1004 1001 1001 1001 1001 1001 1004 1001 1001 1001 1001 1001
    1001 1001 1001 1001 1001 1001 998 995 995 0 0 0 1022 1022 1019 1019
    1019 1016 1016 1016 1016 1016 1016 1016 1016 1016 1016 1016 1016
    1016 1013 1013 1013 1013 1013 1013 1013 1013 1013 1013 1013 1013
    1013 1013 1010 1010 1010 1010 1010 1010 1007 1007 1007 1004 1004
    1001 1001 1001 1001 1001 1001 1001 1001 1001 1001 998 998 1001 1001
    1001 1001 1001 998 995 995 0 0 0 1022 1022 1019 1019 1019 1016 1016
    1016 1016 1016 1016 1016 1016 1016 1016 1016 1016 1016 1016 1013
    1013 1013 1013 1013 1013 1013 1013 1013 1013 1013 1013 1013 1010
    1010 1010 1010 1010 1010 1007 1007 1007 1004 1004 1004 1001 1001
    1001 1001 1001 1001 1001 1001 1001 998 998 998 998 1001 1001 1001
    998 995 995 0 0 0 1019 1019 1019 1019 1019 1019 1019 1016 1016 1016
    1016 1016 1016 1016 1016 1016 1016 1016 1016 1013 1013 1013 1013
    1013 1013 1013 1013 1013 1013 1013 1013 1013 1013 1010 1010 1013
    1010 1010 1007 1007 1007 1004 1004 1004 1001 1001 1001 1001 1001
    1001 1001 1001 1001 1001 998 998 998 998 1001 1001 998 995 995 0 0 0
    1019 1019 1019 1019 1019 1019 1019 1016 1016 1016 1016 1016 1016
    1016 1016 1016 1016 1016 1016 1016 1013 1013 1013 1013 1013 1013
    1013 1013 1013 1013 1013 1013 1013 1010 1010 1010 1010 1010 1010
    1007 1007 1004 1004 1004 1001 1001 1001 1001 1001 1001 1001 1001
    1001 998 998 998 998 998 1001 998 998 992 992 0 0 0 1016 1019 1019
    1019 1019 1019 1019 1019 1016 1016 1016 1016 1016 1016 1016 1016
    1016 1016 1016 1016 1013 1013 1013 1013 1013 1013 1013 1013 1013
    1013 1013 1013 1013 1010 1010 1010 1010 1010 1010 1007 1007 1004
    1004 1007 1004 1001 1001 1001 1001 1001 1001 1001 1001 998 998 998
    998 998 998 998 998 992 992 0 0 0 1016 1019 1019 1019 1019 1019 1019
    1019 1019 1019 1016 1016 1016 1016 1016 1016 1016 1016 1016 1013
    1013 1013 1013 1013 1013 1013 1013 1013 1013 1013 1013 1013 1013
    1010 1010 1010 1007 1007 1010 1010 1010 1007 1007 1004 1004 1001
    1001 1001 1001 1001 1001 1001 1001 998 998 998 998 998 998 998 998
    992 992 0 0 0 1019 1019 1019 1019 1019 1019 1019 1019 1016 1016 1016
    1016 1016 1016 1016 1016 1016 1013 1013 1013 1013 1013 1013 1013
    1013 1013 1013 1013 1013 1013 1013 1013 1013 1010 1010 1007 1007
    1007 1010 1010 1007 1004 1004 1004 1004 1001 1001 1001 1001 1001
    1001 1001 1001 998 998 998 998 998 998 998 998 998 998 0 0 0 1019
    1019 1019 1019 1019 1019 1016 1016 1016 1016 1016 1016 1016 1016
    1016 1016 1013 1013 1013 1013 1013 1013 1013 1013 1013 1013 1013
    1013 1013 1013 1013 1013 1013 1010 1010 1007 1007 1010 1010 1010
    1007 1004 1004 1004 1004 1001 1001 1001 1001 1001 1001 1001 1001 998
    998 998 998 998 998 998 998 998 1001 0 0 0 1022 1019 1019 1019 1019
    1019 1016 1016 1016 1016 1016 1016 1016 1016 1016 1016 1013 1013
    1013 1013 1013 1013 1013 1013 1013 1013 1013 1013 1013 1013 1013
    1013 1010 1010 1010 1010 1010 1010 1010 1010 1007 1004 1004 1004
    1004 1001 1001 1001 1001 1001 1001 1001 1001 1001 998 998 998 1001
    998 998 1001 1001 1001 0 0 0 1022 1019 1019 1019 1019 1019 1016 1016
    1016 1016 1016 1016 1019 1016 1016 1016 1016 1013 1013 1013 1013
    1013 1013 1013 1013 1013 1013 1013 1013 1013 1013 1013 1010 1010
    1010 1010 1010 1010 1010 1007 1007 1004 1004 1004 1004 1001 1001
    1001 1001 1001 1001 1001 1001 1001 1001 998 998 1001 998 998 1001
    1001 1001 0 0 0 1022 1019 1019 1022 1022 1019 1016 1016 1016 1016
    1016 1016 1016 1016 1016 1016 1016 1016 1013 1013 1013 1013 1013
    1013 1013 1013 1013 1013 1013 1013 1013 1013 1010 1007 1007 1010
    1010 1010 1010 1007 1007 1004 1004 1004 1004 1004 1004 1001 1001
    1001 1001 1001 1001 1001 998 998 1001 1001 998 998 998 1001 1004 0 0
    0 1022 1022 1022 1022 1022 1019 1019 1016 1016 1016 1016 1016 1016
    1016 1016 1016 1016 1016 1016 1013 1013 1013 1013 1013 1013 1013
    1013 1013 1013 1013 1013 1013 1010 1007 1007 1010 1010 1010 1010
    1007 1007 1007 1007 1007 1007 1004 1004 1001 1001 1001 1001 1001
    1001 1001 998 998 998 998 998 998 998 998 1001 0 0 0 1022 1022 1022
    1019 1019 1019 1019 1016 1016 1016 1016 1016 1016 1016 1016 1016
    1016 1016 1016 1013 1013 1013 1013 1013 1013 1013 1013 1013 1013
    1013 1013 1013 1010 1010 1010 1010 1010 1010 1010 1010 1007 1004
    1004 1004 1004 1004 1004 1001 1001 1001 1001 1001 1001 1001 998 998
    998 998 998 998 998 998 998 0 0 0 1019 1019 1019 1016 1016 1019 1016
    1016 1016 1016 1016 1016 1016 1016 1016 1016 1016 1016 1016 1013
    1013 1013 1013 1013 1013 1013 1013 1013 1013 1013 1013 1013 1010
    1010 1010 1007 1007 1010 1010 1010 1007 1004 1004 1004 1004 1001
    1001 1001 1001 1001 1001 1001 1001 998 998 998 998 998 998 998 998
    998 998 0 0 0 1016 1016 1016 1016 1016 1016 1016 1016 1016 1016 1016
    1016 1016 1016 1016 1016 1016 1016 1016 1016 1013 1013 1013 1013
    1013 1013 1013 1013 1013 1013 1013 1010 1010 1010 1010 1007 1007
    1007 1007 1010 1007 1004 1004 1004 1001 1001 1001 1001 1001 1001
    1001 1001 1001 998 998 998 998 998 998 998 998 998 998 0 0 0 1016
    1016 1016 1016 1016 1016 1016 1016 1016 1016 1016 1016 1016 1016
    1016 1016 1016 1016 1016 1016 1013 1013 1013 1013 1013 1013 1013
