<?xml version="1.0"?>
<opencv_storage>
<Depth16160 type_id="opencv-matrix">
  <rows>89</rows>
  <cols>47</cols>
  <dt>w</dt>
  <data>
    5640 5548 5548 5548 5548 5640 5548 5548 5548 5548 5548 5548 5548
    5640 5640 5460 5374 5374 5460 5460 5548 5640 5640 5640 0 0 0 1165
    1245 0 1245 1245 1250 1250 1302 1302 1302 1302 1307 5210 5210 5210
    5132 5132 5374 5374 5374 5548 5548 5548 5548 5548 5548 5460 5460
    5548 5548 5548 5548 5548 5640 5640 1134 1134 1134 1134 5460 5460
    1153 1153 1153 1153 0 0 0 0 1245 1245 1245 1250 1250 1259 1264 1292
    1292 1302 1307 5210 5210 5132 5132 5374 5374 5374 5548 5548 5548
    5374 5374 5548 5460 5460 5548 5548 5548 5640 1193 1193 1193 1134
    1134 1134 1130 1130 1130 1153 1153 1153 1153 1145 1145 1165 1177
    1245 1245 1232 1232 1236 1245 1255 1268 1273 1288 1307 1307 1307
    5374 5374 5374 5374 5374 5548 5548 5548 1181 1181 1181 1181 1181
    1189 1189 1193 1193 1193 1189 1189 1134 1134 1134 1126 1123 1123
    1123 1145 1145 1149 1145 1145 1165 1177 1185 1206 1210 1223 1232
    1236 1245 1268 1273 1288 1297 1297 0 5460 5460 5374 5374 5374 5548
    1169 1169 1165 1165 1165 1157 1153 1153 1157 1193 1193 1193 1189
    1189 1130 1130 1126 1123 1119 1119 1119 1123 1126 1138 1141 1145
    1161 1173 1181 1185 1202 1214 1223 1232 1245 1268 1278 1288 1297
    1297 0 5460 5460 5374 5374 5374 1173 1169 1165 1161 1161 1157 1149
    1145 1145 1145 1141 1141 1149 1138 1134 1130 1126 1126 1123 1119
    1119 1119 1119 1123 1123 1134 1141 1161 1173 1173 1185 1202 1210
    1223 1232 1245 1268 1278 1292 1292 1292 0 5374 5374 5374 5374 5374
    1169 1165 1161 1157 1153 1153 1149 1145 1145 1141 1141 1141 1138
    1134 1130 1130 1126 1126 1123 1119 1119 1119 1119 1119 1123 1126
    1138 1165 1173 1173 1177 1206 1210 1227 1236 1250 1259 1273 1292
    1292 1292 0 5291 5291 5291 5291 5374 1165 1161 1161 1157 1153 1149
    1149 1145 1141 1138 1138 1138 1138 1130 1130 1130 1126 1123 1123
    1119 1119 1119 1119 1119 1119 1126 1138 1165 1169 1173 1177 1206
    1214 1219 1236 1250 1259 1268 1288 1292 1292 1297 5210 5210 5210
    5291 5374 1165 1161 1157 1153 1153 1149 1149 1145 1141 1138 1138
    1138 1134 1130 1130 1130 1123 1123 1119 1119 1119 1115 1115 1119
    1119 1126 1138 1138 1169 1173 1177 1202 1206 1219 1227 1245 1259
    1268 1288 1292 1297 1297 5210 5210 5210 5291 5374 1165 1161 1157
    1153 1153 1149 1149 1149 1145 1138 1138 1138 1134 1130 1130 1126
    1123 1123 1119 1119 1115 1115 1115 1119 1123 1130 1138 1138 1165
    1173 1181 1193 1206 1219 1227 1241 1259 1268 1283 1292 1292 1292
    1292 5374 5374 5374 5374 1165 1161 1157 1153 1153 1153 1149 1149
    1145 1141 1141 1138 1134 1134 1130 1126 1123 1123 1119 1119 1115
    1115 1115 1119 1123 1134 1138 1141 1161 1173 1181 1193 1206 1219
    1223 1241 1259 1268 1283 1288 1292 1292 0 5374 5374 5374 5374 1165
    1161 1157 1153 1153 1153 1149 1149 1145 1141 1141 1138 1134 1134
    1130 1126 1123 1123 1119 1119 1115 1115 1115 1119 1123 1134 1138
    1141 1157 1169 1177 1185 1202 1219 1223 1236 1259 1268 1283 1288
    1292 1292 0 5374 5374 5374 5374 1165 1161 1157 1153 1153 1153 1153
    1149 1145 1145 1141 1138 1134 1134 1130 1126 1123 1123 1119 1119
    1119 1115 1115 1119 1123 1130 1138 1145 1157 1169 1177 1185 1202
    1214 1219 1236 1255 1264 1278 1288 1292 1292 0 5374 5374 5374 5374
    1161 1161 1157 1153 1153 1153 1153 1149 1145 1145 1141 1138 1134
    1134 1130 1130 1123 1123 1119 1119 1119 1115 1115 1119 1123 1126
    1138 1149 1161 1169 1177 1185 1202 1214 1219 1236 1255 1264 1273
    1288 1292 1292 0 5374 5374 5374 5374 1153 1161 1157 1157 1153 1153
    1153 1149 1145 1145 1141 1138 1134 1134 1130 1130 1126 1123 1119
    1119 1119 1115 1115 1115 1119 1126 1138 1145 1157 1169 1177 1185
    1197 1210 1219 1241 1259 1264 1273 1288 1292 1292 0 0 5374 5374 5374
    1153 1165 1161 1157 1153 1153 1153 1149 1145 1145 1141 1138 1134
    1134 1134 1130 1126 1123 1123 1119 1119 1119 1115 1115 1119 1126
    1138 1141 1157 1169 1177 1185 1197 1206 1227 1241 1259 1264 1278
    1288 1292 1292 1302 0 5374 5374 5374 1157 1165 1161 1157 1153 1153
    1153 1149 1145 1145 1141 1138 1134 1134 1134 1130 1126 1123 1123
    1119 1119 1119 1119 1119 1119 1126 1138 1141 1157 1165 1173 1185
    1193 1206 1223 1236 1255 1264 1278 1283 1292 1302 1302 0 5374 5374
    5374 1169 1165 1165 1157 1153 1153 1153 1149 1149 1145 1145 1138
    1134 1134 1134 1130 1126 1123 1123 1123 1119 1119 1119 1119 1119
    1126 1138 1138 1153 1165 1173 1181 1189 1210 1223 1236 1250 1259
    1273 1283 1292 1302 1302 5374 5374 5374 5374 1169 1165 1165 1161
    1157 1153 1153 1149 1149 1145 1145 1138 1134 1134 1134 1130 1126
    1123 1123 1123 1119 1119 1119 1119 1119 1123 1134 1138 1153 1161
    1173 1181 1189 1202 1223 1236 1250 1255 1268 1278 1288 1288 1288
    5374 5374 5374 5374 1165 1165 1161 1161 1157 1153 1153 1149 1149
    1145 1141 1134 1134 1134 1134 1134 1130 1126 1123 1123 1119 1119
    1119 1119 1119 1123 1130 1138 1149 1161 1173 1181 1185 1202 1223
    1227 1245 1255 1268 1278 1288 1288 0 5374 5374 5374 5374 1165 1165
    1161 1161 1161 1157 1153 1149 1149 1145 1141 1134 1134 1134 1134
    1134 1130 1126 1123 1123 1119 1115 1115 1115 1119 1123 1123 1138
    1149 1161 1169 1181 1185 1206 1219 1223 1245 1255 1273 1278 1292
    1292 1297 5374 5374 5374 5374 1169 1165 1161 1161 1157 1153 1153
    1149 1149 1145 1145 1138 1138 1134 1134 1130 1130 1126 1126 1123
    1119 1115 1115 1115 1115 1123 1123 1138 1149 1157 1165 1173 1189
    1202 1214 1223 1241 1255 1273 1283 1292 1297 1297 5374 5374 5374
    5374 1165 1165 1161 1161 1157 1153 1153 1149 1149 1145 1141 1141
    1138 1134 1130 1130 1126 1123 1123 1123 1119 1115 1112 1112 1115
    1123 1126 1134 1145 1157 1165 1173 1185 1197 1214 1219 1236 1250
    1273 1283 1292 1297 1297 0 5374 5374 5374 1165 1165 1161 1161 1157
    1153 1153 1149 1145 1145 1141 1141 1138 1134 1130 1130 1126 1123
    1123 1119 1119 1115 1112 1112 1115 1123 1126 1134 1145 1153 1165
    1169 1181 1197 1214 1219 1232 1245 1264 1278 1288 1292 1297 0 5374
    5374 5374 1165 1165 1165 1161 1157 1153 1153 1149 1145 1145 1141
    1141 1138 1134 1134 1130 1130 1126 1123 1119 1119 1115 1112 1112
    1115 1123 1134 1138 1145 1153 1165 1169 1181 1197 1214 1219 1232
    1245 1259 1273 1288 1292 1297 1297 5460 5460 5291 1165 1165 1161
    1161 1157 1153 1153 1149 1149 1145 1141 1141 1138 1138 1134 1134
    1130 1126 1123 1119 1119 1115 1112 1112 1119 1123 1130 1134 1141
    1153 1165 1169 1185 1197 1202 1214 1232 1250 1259 1273 1288 1297
    1302 1302 1302 5291 5291 1165 1165 1161 1157 1157 1153 1153 1153
    1149 1149 1141 1141 1138 1138 1134 1134 1130 1130 1123 1119 1119
    1115 1115 1115 1119 1119 1123 1134 1141 1149 1161 1177 1189 1197
    1202 1214 1227 1250 1259 1273 1288 1297 1297 1297 0 5291 5291 1165
    1165 1161 1157 1157 1153 1153 1153 1149 1149 1145 1141 1138 1138
    1134 1134 1134 1130 1123 1123 1119 1115 1115 1119 1115 1115 1123
    1130 1141 1149 1161 1177 1189 1197 1202 1210 1223 1250 1259 1273
    1283 1297 1297 1297 5291 5291 5291 1169 1165 1165 1157 1157 1153
    1153 1153 1149 1149 1145 1141 1138 1138 1138 1134 1130 1126 1123
    1123 1119 1119 1115 1115 1115 1115 1119 1126 1141 1149 1161 1169
    1185 1197 1202 1210 1223 1250 1259 1268 1278 1288 1297 1297 5291
    5291 5291 1169 1169 1165 1161 1161 1157 1153 1153 1149 1149 1145
    1141 1138 1138 1138 1134 1130 1126 1123 1123 1119 1119 1115 1115
    1115 1115 1119 1126 1141 1149 1161 1169 1181 1197 1206 1210 1223
    1250 1259 1268 1278 1288 1288 1288 5291 5291 5291 0 1169 1169 1165
    1161 1161 1157 1153 1153 1145 1145 1141 1138 1138 1138 1134 1134
    1130 1123 1123 1123 1119 1119 1115 1115 1115 1119 1126 1141 1149
    1157 1165 1177 1197 1206 1210 1223 1245 1259 1268 1278 1288 1288
    1292 5291 5291 5291 0 1169 1169 1165 1161 1161 1157 1153 1149 1145
    1141 1141 1138 1138 1138 1138 1134 1130 1123 1123 1123 1119 1119
    1115 1115 1115 1119 1126 1138 1149 1157 1165 1177 1197 1206 1210
