<?xml version="1.0"?>
<opencv_storage>
<Depth7823 type_id="opencv-matrix">
  <rows>7</rows>
  <cols>8</cols>
  <dt>w</dt>
  <data>
    7332 7332 7492 7332 7178 7030 7030 7030 7178 7178 7178 7332 7178
    7178 7178 7332 7178 7178 7178 7178 7178 7178 7332 7332 7178 7178
    7030 7030 7178 7178 7332 7332 7030 7030 7030 7030 7030 7030 7178
    7332 7030 7030 7030 7030 7030 7030 7030 7030 6753 6889 7030 7030
    6889 6889 6889 6889</data></Depth7823>
</opencv_storage>
