<?xml version="1.0"?>
<opencv_storage>
<Depth19338 type_id="opencv-matrix">
  <rows>5</rows>
  <cols>10</cols>
  <dt>w</dt>
  <data>
    0 0 0 0 0 0 0 0 0 0 5056 5291 0 0 0 0 0 0 0 0 5056 5291 5291 0 0 0 0
    0 0 0 4983 4983 4983 4983 0 0 0 0 0 0 4774 4911 4911 4911 4911 0 0 0
    0 0</data></Depth19338>
</opencv_storage>
