<?xml version="1.0"?>
<opencv_storage>
<Depth7016 type_id="opencv-matrix">
  <rows>33</rows>
  <cols>43</cols>
  <dt>w</dt>
  <data>
    5056 5056 5056 5056 2541 2522 2503 2503 2485 2485 2485 2485 2503
    2503 2503 2485 2485 4911 4842 4842 4774 4774 4774 4774 4774 4774
    4774 4774 4708 4708 4708 4708 4708 4708 4708 4708 4708 4708 4708
    4708 4708 4708 4645 5056 4983 4983 4983 2503 2503 2503 2503 2485
    2485 2485 2485 2503 2503 2503 2485 2485 2485 4842 4842 4774 4774
    4774 4774 4842 4774 4774 4774 4708 4708 4708 4708 4708 4708 4708
    4774 4708 4708 4708 4708 4708 4708 4645 5056 4983 4911 2485 2485
    2503 2503 2503 2485 2485 2485 2485 2485 2485 2485 2485 2485 2485
    2485 2485 2432 2432 4983 4911 4911 4842 4842 4774 4708 4708 4708
    4708 4708 4708 4708 4774 4774 4774 4774 4774 4708 4708 4708 5056
    5056 4911 2485 2485 2485 2485 2485 2485 2485 2485 2485 2485 2485
    2485 2467 2467 2450 2450 2450 2432 2432 2450 2450 2467 2450 2432
    2415 2415 4708 4708 4708 4708 4708 4708 4774 4774 4774 4774 4774
    4708 4708 4708 5056 5056 5056 5056 2485 2485 2485 2485 2485 2485
    2485 2485 2485 2485 2467 2467 2450 2450 2450 2450 2450 2450 2450
    2450 2432 2432 2432 2415 2415 2415 2432 2450 4708 4708 4708 4774
    4774 4774 4774 4774 4774 4774 4708 5056 5056 5056 5056 2485 2485
    2485 2485 2485 2485 2485 2485 2485 2467 2467 2450 2450 2450 2450
    2450 2450 2450 2450 2450 2432 2432 2432 2432 2415 2415 2432 2432
    2432 2432 2432 4774 4774 4774 4774 4774 4774 4774 4708 5132 5056
    4911 2485 2485 2485 2485 2485 2467 2467 2467 2485 2467 2467 2467
    2450 2450 2450 2450 2450 2450 2432 2432 2432 2432 2432 2432 2432
    2415 2415 2432 2432 2432 2432 2432 2432 2432 2432 2432 2432 2450
    4774 4774 5132 5056 2467 2467 2485 2485 2485 2485 2467 2467 2467
    2485 2467 2467 2450 2450 2450 2450 2450 2450 2450 2432 2432 2432
    2432 2432 2432 2432 2415 2415 2432 2432 2432 2432 2432 2432 2432
    2415 2415 2415 2415 2415 2432 5210 2467 2467 2467 2485 2485 2485
    2485 2485 2467 2467 2467 2467 2467 2450 2450 2450 2450 2450 2450
    2450 2432 2432 2432 2432 2432 2432 2432 2415 2415 2432 2432 2432
    2432 2432 2432 2432 2415 2398 2398 2415 2415 2432 5210 2467 2467
    2467 2467 2485 2485 2485 2485 2450 2450 2467 2467 2467 2467 2450
    2450 2450 2450 2450 2432 2432 2432 2432 2432 2432 2432 2432 2432
    2432 2432 2415 2415 2415 2432 2432 2432 2415 2398 2398 2415 2415
    2432 5210 5056 2467 2467 2467 2485 2485 2485 2485 2450 2450 2467
    2467 2467 2467 2467 2467 2450 2450 2450 2432 2432 2432 2432 2432
    2432 2432 2415 2415 2415 2415 2415 2415 2415 2432 2432 2432 2415
    2415 2415 2415 2415 2432 5210 5132 2503 2485 2485 2485 2485 2467
    2467 2467 2450 2450 2450 2467 2467 2467 2467 2450 2432 2432 2432
    2432 2432 2432 2432 2432 2432 2415 2415 2415 2415 2415 2415 2415
    2432 2432 2432 2432 2415 2415 2415 2415 2432 5210 2485 2485 2485
    2485 2485 2485 2467 2467 2467 2450 2450 2450 2450 2450 2450 2450
    2432 2432 2432 2432 2432 2432 2432 2432 2432 2415 2415 2415 2415
    2415 2415 2415 2415 2432 2432 2432 2415 2415 2415 2415 2415 2432
    5210 2485 2485 2485 2485 2485 2467 2467 2467 2467 2450 2450 2450
    2432 2432 2432 2432 2432 2432 2415 2415 2415 2432 2432 2415 2415
    2415 2415 2415 2415 2415 2415 2415 2415 2432 2432 2432 2415 2415
    2415 2415 2415 2432 5210 2485 2485 2485 2485 2485 2467 2467 2467
    2467 2450 2450 2450 2432 2432 2432 2432 2432 2432 2415 2415 2415
    2415 2415 2415 2415 2415 2415 2415 2415 2415 2415 2415 2415 2432
    2432 2415 2415 2398 2398 2398 2415 2432 5210 2503 2485 2485 2467
    2467 2467 2467 2467 2467 2467 2450 2450 2450 2432 2432 2432 2432
    2432 2415 2415 2415 2415 2415 2415 2415 2415 2398 2398 2415 2415
    2415 2415 2415 2432 2432 2415 2415 2398 2398 2398 2415 2432 2522
    2503 2485 2485 2467 2467 2467 2467 2450 2450 2450 2450 2450 2450
    2432 2432 2432 2432 2432 2415 2415 2415 2415 2415 2415 2415 2415
    2398 2381 2381 2398 2398 2415 2415 2415 2415 2415 2415 2398 2398
    2398 2415 2432 2503 2485 2485 2485 2467 2467 2467 2467 2450 2450
    2450 2450 2450 2450 2432 2432 2432 2432 2432 2432 2415 2415 2415
    2415 2415 2398 2398 2398 2381 2381 2398 2398 2415 2415 2398 2398
    2415 2398 2398 2398 2398 2398 2432 2503 2485 2485 2467 2467 2467
    2467 2467 2450 2450 2450 2450 2450 2432 2432 2432 2432 2432 2432
    2432 2432 2415 2415 2415 2415 2398 2398 2398 2398 2398 2398 2398
    2398 2415 2398 2398 2415 2398 2398 2398 2398 2398 2432 2450 2467
    2467 2467 2450 2450 2450 2450 2450 2450 2432 2432 2432 2432 2432
    2432 2432 2432 2432 2415 2415 2415 2415 2415 2415 2415 2415 2415
    2398 2398 2398 2398 2398 2415 2415 2398 2398 2381 2381 2381 2381
    2381 0 2450 2467 2467 2450 2450 2450 2450 2450 2450 2450 2432 2432
    2432 2432 2432 2432 2432 2432 2432 2415 2415 2432 2415 2415 2415
    2415 2415 2415 2398 2398 2398 2398 2398 2415 2415 2381 2381 2381
    2381 2381 2365 2365 0 2450 2450 2450 2450 2450 2432 2432 2450 2432
    2432 2432 2432 2432 2432 2432 2432 2415 2415 2415 2415 2415 2415
    2415 2415 2415 2398 2398 2415 2415 2398 2381 2381 2381 2415 2415
    2381 2381 2398 2381 2381 2365 2365 0 2450 2450 2450 2432 2432 2432
    2432 2450 2432 2432 2432 2432 2432 2415 2415 2432 2415 2415 2415
    2415 2415 2415 2415 2415 2415 2398 2398 2398 2398 2398 2381 2381
    2381 2415 2398 2381 2381 2398 2381 2381 2365 2365 0 2485 2467 2450
    2432 2432 2432 2432 2450 2432 2432 2432 2432 2415 2415 2415 2432
    2415 2415 2415 2415 2415 2398 2398 2415 2415 2398 2398 2398 2398
    2398 2381 2381 2381 2398 2398 2381 2381 2398 2381 2381 2381 2365
    2365 2503 2485 2467 2450 2450 2450 2450 2450 2432 2432 2432 2432
    2415 2415 2415 2432 2415 2415 2415 2415 2415 2398 2398 2398 2398
    2398 2398 2381 2381 2398 2381 2381 2381 2398 2398 2398 2398 2398
    2381 2381 2398 2365 2365 2503 2503 2485 2485 2485 2467 2467 2467
    2450 2450 2432 2432 2432 2432 2432 2432 2415 2415 2415 2415 2415
    2398 2398 2398 2398 2398 2381 2381 2381 2398 2381 2381 2381 2398
    2398 2398 2381 2381 2381 2381 2398 2398 0 2503 2503 2503 2503 2503
    2485 2467 2467 2467 2467 2450 2432 2432 2432 2432 2432 2415 2415
    2415 2415 2415 2415 2398 2398 2398 2398 2381 2381 2381 2398 2381
    2381 2398 2398 2398 2398 2381 2381 2398 2398 2398 4983 0 5374 5374
    5374 5374 2560 2541 2503 2485 2485 2467 2467 2450 2432 2432 2432
    2432 2432 2415 2415 2415 2415 2415 2398 2398 2381 2381 2381 2381
    2381 2381 2381 2381 2398 2398 2381 2381 2381 2381 2398 2398 2398
    4983 4983 5374 5374 5374 5374 5374 5374 5291 2522 2503 2485 2485
    2467 2450 2432 2432 2432 2432 2432 2415 2415 2415 2415 2398 2398
    2381 2381 2381 2381 2381 2381 2381 2381 2398 2398 2381 2381 2381
    2381 2381 2381 5132 4983 4983 5460 5460 5460 5460 5374 5374 5291
    5291 5291 5210 2560 2541 2522 2432 2432 2432 2432 2432 2432 2432
    2432 2415 2415 2415 2415 2415 2398 2398 2381 2381 2381 2381 2381
    2398 2381 2381 2381 2381 2381 2381 5132 5056 5056 5460 5460 5460
    5460 5374 5291 5291 5291 5291 5210 5210 5291 5291 5291 5291 5291
    2467 2467 2432 2432 2432 2415 2415 2415 2432 2432 2432 2415 2398
    2381 2381 2381 2381 2398 2381 2381 2381 2381 2381 2381 5132 5056
    5056 5460 5460 5460 5460 5374 5291 5291 5291 5291 5291 5291 5291
    5291 5291 5291 5291 5291 5291 5291 2450 2432 2432 2432 2432 2432
    2432 2432 2415 2415 2398 2398 2381 2381 2381 2381 2381 2381 2381
    2381 5210 5210 5132 5056 5548 5460 5460 5460 5374 5374 5374 5291
    5291 5291 5291 5291 5291 5291 5291 5291 5291 5291 5291 5291 5210
    2432 2432 2467 2467 2467 2450 2432 2432 2415 2398 2381 2381 2381
    2381 2381 2381 2381 5291 5210 5210 5132 5132</data></Depth7016>
</opencv_storage>
