<?xml version="1.0"?>
<opencv_storage>
<Depth12488 type_id="opencv-matrix">
  <rows>9</rows>
  <cols>35</cols>
  <dt>w</dt>
  <data>
    7178 7178 7030 7030 7030 7030 7030 7030 6889 6889 6889 6889 6889
    6889 7030 7178 7178 7178 7178 7030 7030 6889 6889 7178 7178 7178
    5832 5832 5832 5832 5933 5933 5832 5734 5734 7178 7178 7030 7030
    7178 7178 7178 7030 7030 7030 6889 5832 5832 5933 5832 5832 5832
    5832 5832 7030 7030 6038 6038 5734 5734 5832 5832 5832 5832 5832
    5933 5933 5832 5734 5734 7178 7178 7178 7178 6038 6038 5933 5933
    5832 5832 5933 5832 5832 5832 5832 5832 5832 5832 5832 5832 5832
    5832 5832 5734 5734 5832 5832 5832 5832 5832 5933 5933 5832 5734
    5734 5832 5832 5832 5933 5933 5933 5933 5933 5832 5832 5933 5832
    5832 5832 5832 5832 5832 5832 5832 5832 5832 5832 5832 5832 5832
    5832 5832 5832 5832 5832 5933 5933 5832 5832 5832 5933 5832 5832
    5933 5933 5933 5933 5933 5933 5933 5832 5832 5832 5832 5832 5832
    5832 5734 5734 5832 5832 5832 5832 5832 5832 5832 5832 5832 5832
    5832 5832 5933 5832 5832 5832 5832 5832 5832 5933 5933 5933 5933
    5933 5933 5933 5832 5832 5832 5832 5832 5933 5832 5734 5734 5734
    5734 5832 5832 5933 5832 5832 5832 5832 5832 5832 5832 5933 5933
    5933 5933 5832 5832 5933 5933 5933 5933 5933 5933 5933 5933 5832
    5832 5933 5933 5933 5933 5832 5640 5640 5734 5734 5832 5832 5933
    5832 5832 5832 5832 5832 5832 5933 6146 0 0 0 5933 5832 5832 5933
    5933 5933 5933 5933 5933 5933 0 5933 5933 5933 6038 6038 5832 5640
    5640 5734 0 0 0 0 0 0 0 0 0 5933 5933 6259 0 0 0 6038 5832 5832 5933
    5933 5933 5933 5933 0 0 0 0 0 0 0 0 0 0 0 0 0 0 0 0 0 0 0 0 0 0 6497
    6497 0 0 0</data></Depth12488>
</opencv_storage>
