<?xml version="1.0"?>
<opencv_storage>
<Depth5137 type_id="opencv-matrix">
  <rows>66</rows>
  <cols>58</cols>
  <dt>w</dt>
  <data>
    4139 4139 4139 4139 4139 4139 4139 4190 4190 4190 4190 4190 4190
    4190 4190 4190 4190 4190 4190 4190 4190 4190 4190 4190 4190 4139
    4139 4139 4190 1639 1639 1639 1639 1639 1639 1647 1680 1680 4190
    4190 4190 4190 4190 4190 4190 4190 4190 4241 4241 4241 4241 4241
    4241 4241 4241 4241 4241 4241 4139 4139 4139 4139 4139 4139 4139
    4190 4139 4139 4139 4139 4139 4190 4190 4190 4190 4190 4190 4190
    4190 4190 4190 4190 4190 4139 1655 1655 1655 1639 1639 1639 1639
    1639 1639 1639 1655 1655 1655 4190 4190 4190 4190 4190 4190 4190
    4190 4241 4241 4241 4241 4241 4241 4241 4241 4241 4241 4241 4139
    4139 4139 4139 4139 4139 4139 4139 4139 4139 4139 4139 4139 4139
    4139 4190 4190 4190 4190 4190 4190 4190 4241 4241 4241 1663 1655
    1655 1655 1647 1639 1639 1639 1639 1639 1639 1655 1655 1663 1663
    4190 4190 4190 4190 4190 4190 4190 4241 4241 4241 4241 4241 4241
    4241 4241 4241 4241 4241 4139 4139 4139 4139 4139 4139 4139 4139
    4139 4139 4139 4139 4139 4139 4139 4190 4190 4190 4190 4190 4190
    4190 4295 1663 1663 1663 1655 1655 1655 1647 1639 1639 1632 1632
    1632 1632 1655 1655 1663 1680 4190 4190 4190 4190 4190 4190 4190
    4241 4241 4241 4241 4241 4241 4241 4241 4241 4241 4241 4139 4139
    4139 4190 4139 4139 4139 4139 4139 4139 4139 4139 4139 4139 4139
    4139 4139 4190 4190 4190 4190 1663 1663 1663 1663 1663 1655 1655
    1647 1647 1639 1639 1632 1632 1632 1632 1647 1655 1663 1671 1671
    4190 4190 4190 4190 4190 4190 4241 4241 4241 4241 4241 4241 4241
    4241 4241 4241 4241 4139 4139 4139 4139 4139 4139 4139 4139 4139
    4139 4139 4139 4139 4089 4089 1671 1671 1671 1663 1663 1663 1663
    1663 1663 1663 1663 1647 1647 1647 1647 1647 1639 1639 1632 1632
    1632 1639 1655 1655 1671 1671 4190 4190 4190 4190 4190 4190 4241
    4241 4241 4241 4241 4241 4241 4241 4241 4241 4241 4139 4139 4139
    4139 4139 4139 4139 4139 4139 4190 4139 4139 1688 1688 1680 1671
    1671 1671 1663 1663 1663 1663 1663 1655 1655 1655 1647 1647 1647
    1639 1639 1639 1639 1632 1632 1632 1632 1647 1655 1663 1663 4190
    4190 4190 4190 4190 4190 4241 4241 4241 4241 4241 4241 4241 4241
    4241 4241 4241 4139 4139 4089 4089 4089 4089 4139 4139 4139 4190
    1696 1688 1688 1680 1680 1671 1671 1671 1671 1671 1663 1663 1663
    1655 1655 1655 1655 1647 1647 1639 1639 1639 1639 1632 1632 1632
    1632 1639 1663 1663 1663 4241 4190 4190 4190 4190 4190 4241 4241
    4241 4241 4241 4241 4241 4241 4241 4241 4241 4139 4089 4089 4089
    4089 4089 4139 4190 4190 1705 1696 1688 1688 1680 1680 1671 1671
    1671 1671 1671 1663 1663 1663 1655 1655 1655 1655 1647 1647 1639
    1639 1639 1639 1632 1632 1632 1632 1639 1655 1655 1655 4241 4190
    4190 4190 4190 4190 4241 4241 4241 4241 4241 4241 4241 4241 4241
    4241 4241 4139 4041 4041 4089 4089 1705 1705 1705 1696 1696 1688
    1680 1680 1680 1680 1671 1671 1671 1671 1671 1663 1663 1663 1655
    1655 1655 1655 1647 1647 1639 1639 1639 1639 1632 1632 1632 1632
    1632 1639 1655 1663 1663 4190 4190 4190 4190 4190 4241 4241 4241
    4241 4241 4241 4241 4241 4241 4241 4241 4041 3948 3948 3948 1705
    1696 1696 1705 1696 1696 1688 1680 1680 1680 1680 1671 1671 1671
    1671 1671 1663 1663 1663 1655 1655 1655 1655 1647 1647 1639 1639
    1639 1639 1632 1632 1632 1632 1632 1639 1647 1663 1671 1671 4190
    4190 4190 4190 4241 4241 4241 4241 4241 4241 4241 4241 4241 4241
    4241 4041 3948 3948 1705 1696 1696 1696 1705 1696 1696 1688 1688
    1680 1680 1680 1671 1671 1671 1671 1671 1663 1663 1663 1663 1655
    1655 1655 1647 1647 1647 1639 1639 1639 1632 1632 1632 1632 1632
    1639 1647 1663 1671 1680 1680 4241 4190 4190 4241 4241 4241 4241
    4241 4241 4241 4241 4241 4241 4190 3994 1705 1705 1705 1696 1696
    1696 1696 1696 1696 1688 1688 1688 1680 1680 1671 1671 1671 1671
    1671 1663 1663 1663 1663 1655 1655 1655 1655 1647 1647 1639 1639
    1639 1632 1632 1632 1632 1632 1632 1639 1655 1663 1671 1696 1696
    4190 4190 4241 4241 4241 4241 4241 4241 4241 4241 4241 4241 4190
    1739 1705 1705 1705 1705 1696 1696 1696 1696 1696 1688 1688 1688
    1680 1680 1671 1671 1671 1671 1663 1663 1663 1663 1663 1663 1655
    1655 1655 1655 1647 1647 1639 1639 1639 1632 1632 1632 1632 1632
    1639 1647 1655 1671 1696 1696 4241 4241 4241 4241 4241 4241 4241
    4241 4241 4241 4241 4241 4241 1739 1722 1705 1705 1705 1705 1696
    1696 1696 1696 1696 1688 1688 1680 1680 1671 1671 1671 1671 1663
    1663 1663 1663 1663 1663 1663 1655 1655 1647 1647 1639 1639 1639
    1639 1632 1632 1632 1632 1632 1632 1639 1647 1663 1663 1688 4241
    4241 4241 4241 4241 4241 4241 4241 4241 4241 4241 4241 4241 1739
    1722 1705 1705 1705 1705 1696 1696 1696 1696 1696 1688 1688 1680
    1680 1671 1671 1671 1671 1663 1663 1663 1655 1655 1663 1663 1655
    1647 1647 1647 1639 1639 1639 1639 1632 1632 1632 1632 1632 1632
    1632 1639 1655 1688 1688 4241 4241 4241 4241 4241 4241 4241 4241
    4241 4241 4241 4241 4241 1739 1713 1705 1705 1705 1705 1696 1696
    1696 1696 1696 1688 1688 1680 1680 1680 1671 1671 1671 1663 1663
    1663 1655 1655 1663 1663 1655 1647 1647 1647 1639 1639 1639 1639
    1639 1632 1632 1632 1632 1632 1632 1632 1639 1688 1688 4241 4241
    4241 4241 4241 4190 4190 4190 4241 4241 4241 4241 4241 1739 1713
    1713 1705 1705 1705 1696 1696 1696 1696 1696 1688 1688 1688 1680
    1680 1671 1671 1671 1663 1663 1663 1655 1655 1663 1663 1655 1655
    1647 1647 1639 1639 1639 1639 1632 1632 1632 1632 1632 1632 1632
    1632 1632 1647 1680 1680 4241 4241 4190 4190 4190 4190 4190 4190
    4190 4241 4190 4190 4089 1705 1705 1713 1705 1705 1705 1696 1696
    1696 1696 1688 1688 1688 1688 1680 1671 1671 1671 1663 1663 1663
    1663 1663 1663 1663 1663 1655 1647 1647 1639 1639 1639 1639 1632
    1632 1632 1632 1632 1632 1632 1632 1632 1639 1671 1671 4190 4190
    4190 4190 4190 4190 4190 4190 4190 4190 4190 4190 4089 1705 1705
    1713 1713 1705 1705 1696 1696 1696 1696 1688 1688 1688 1688 1680
    1671 1671 1671 1671 1663 1663 1663 1663 1663 1663 1663 1663 1655
    1655 1647 1639 1639 1639 1632 1632 1632 1632 1632 1632 1632 1632
    1632 1639 1655 1671 1671 4190 4190 4190 4190 4190 4190 4190 4190
    4190 4190 4190 4139 1705 1705 1705 1705 1705 1705 1696 1696 1696
    1696 1688 1688 1680 1680 1671 1671 1671 1671 1663 1663 1663 1663
    1663 1663 1663 1663 1655 1655 1655 1647 1639 1639 1632 1632 1632
    1632 1632 1632 1632 1632 1632 1632 1639 1655 1671 1680 1680 4190
    4190 4190 4190 4190 4190 4190 4190 4190 4190 4190 4190 1705 1705
    1705 1705 1705 1696 1696 1696 1688 1688 1688 1680 1680 1671 1671
    1671 1671 1663 1663 1663 1663 1663 1663 1663 1663 1655 1655 1655
    1647 1639 1639 1632 1632 1632 1632 1632 1624 1624 1632 1632 1632
    1632 1655 1663 1680 1680 1680 4190 4190 4190 4190 4190 4190 4190
    4190 4190 4139 4139 1705 1705 1705 1705 1705 1696 1696 1696 1688
    1688 1688 1688 1680 1680 1671 1671 1671 1671 1671 1663 1663 1663
    1663 1663 1655 1655 1655 1655 1647 1639 1639 1639 1639 1632 1632
    1632 1624 1624 1624 1624 1624 1632 1647 1655 1671 1680 1680 4190
    4190 4190 4190 4190 4190 4190 4190 4190 4089 4089 1705 1705 1705
    1705 1705 1696 1696 1696 1688 1688 1688 1688 1680 1680 1671 1671
    1671 1671 1671 1663 1663 1663 1663 1663 1655 1655 1655 1647 1639
    1639 1639 1639 1639 1632 1632 1632 1624 1624 1624 1624 1624 1624
    1632 1639 1671 1680 1680 4241 4241 4190 4190 4190 4190 4190 4190
    4190 4089 4041 4041 4041 1705 1705 1696 1696 1696 1696 1696 1688
    1688 1688 1688 1680 1680 1671 1671 1671 1671 1663 1663 1663 1663
    1663 1647 1647 1647 1647 1639 1639 1639 1639 1639 1632 1632 1632
    1624 1624 1624 1616 1616 1616 1624 1632 1647 1680 1696 1696 4190
    4190 4190 4190 4190 4190 4190 4190 4089 4041 4041 4041 1705 1696
    1696 1696 1696 1696 1696 1688 1688 1680 1680 1680 1680 1671 1671
    1671 1671 1663 1663 1663 1663 1655 1647 1647 1647 1647 1639 1639
