<?xml version="1.0"?>
<opencv_storage>
<Depth6142 type_id="opencv-matrix">
  <rows>111</rows>
  <cols>82</cols>
  <dt>w</dt>
  <data>
    4139 4139 4139 4139 4190 4190 4190 4139 4139 4139 4139 4139 4190
    4190 4190 4139 4139 4139 4139 4139 4241 4241 4190 4190 4190 4139 913
    910 908 908 910 910 910 910 913 915 915 915 918 3994 3994 3994 4041
    4041 4041 4041 3994 3994 3994 3994 3994 3994 3994 3994 3994 3994
    3994 3994 3994 3994 3994 3994 3948 3948 3948 3903 3903 3903 3948
    3948 3948 3903 3903 3948 3948 3903 3903 3859 3859 3859 3859 3859
    4139 4139 4139 4190 4190 4139 4139 4139 4139 4139 4139 4139 4190
    4190 4190 4139 4139 4139 4139 0 946 4241 4241 4241 928 923 913 908
    908 908 908 910 910 910 913 915 915 918 918 923 925 4041 4041 4041
    4041 4041 3994 3994 3994 3994 3994 3994 3994 3994 3994 3994 3994
    3994 3994 3994 3994 3994 3948 3948 3948 3948 3948 3948 3948 3948
    3903 3903 3903 3903 3948 3948 3903 3903 3903 3859 3859 3859 4139
    4139 4139 4139 4139 4139 4139 4139 4139 4139 4139 4139 4190 4190
    4190 0 0 964 964 954 946 946 940 933 928 920 910 908 908 908 908 910
    913 913 913 915 915 918 920 923 925 925 4041 4041 4041 4041 3994
    3994 3994 3994 3994 3994 3994 3994 3994 3994 3994 3994 3994 3994
    3994 3994 3948 3948 3948 3948 3948 3948 3948 3948 3903 3859 3859
    3859 3903 3903 3903 3903 3903 3903 3859 3859 4190 4190 4190 4139
    4139 4139 4139 4139 4139 4139 4139 4190 4190 4190 0 0 967 964 964
    954 948 946 940 933 925 918 908 908 906 906 908 908 908 913 915 915
    918 918 920 923 925 928 928 933 938 938 4041 3994 3994 3994 3994
    3994 3994 3994 3994 3994 3994 3994 3994 3994 3994 3948 3948 3948
    3948 3948 3948 3948 3948 3948 3903 3859 3859 3859 3859 3903 3903
    3903 3903 3903 3859 3859 4190 4190 4139 4139 4139 4139 4139 4089
    4089 4089 4190 0 4190 0 0 984 0 967 959 954 948 946 940 935 925 918
    908 906 906 906 906 908 908 910 913 915 915 918 923 925 925 928 928
    933 935 938 938 938 938 3994 3994 3994 3994 3994 3994 3994 3994 3994
    3994 3994 3994 3948 3948 3948 3948 3948 3948 3948 3948 3948 3903
    3859 3859 3859 3859 3903 3903 3859 3859 3859 3859 3859 4190 4190
    4139 4139 4139 4139 4089 4089 4041 4041 4041 4041 992 992 984 984
    981 964 959 954 948 946 940 935 925 910 908 906 906 906 906 908 908
    910 913 915 915 918 923 923 925 928 928 933 935 935 938 938 938 938
    938 3994 3994 3994 3994 3994 3994 3994 3994 3994 3994 3948 3948 3948
    3903 3903 3903 3903 3948 3948 3903 3859 3859 3859 3859 3859 3903
    3859 3859 3859 3859 3859 4190 4190 4139 4139 4139 4139 4089 4041
    3994 3994 0 0 0 992 992 984 981 962 956 954 946 940 935 930 923 910
    908 906 906 906 906 906 908 910 913 913 915 918 920 923 925 925 928
    930 935 935 938 938 938 938 938 948 4041 4041 3994 3994 3994 3994
    3994 3994 3994 3948 3948 3948 3903 3903 3903 3903 3948 3948 3859
    3859 3859 3859 3859 3859 3859 3859 3859 3859 3859 3859 4190 4190
    4139 4139 4041 4041 4139 4041 3994 3994 0 0 0 989 989 987 981 959
    956 951 943 938 935 928 920 908 906 903 903 903 903 906 908 910 913
    913 915 918 920 923 925 925 928 930 935 935 935 938 938 938 943 948
    948 951 951 956 956 3994 3994 3994 3994 3994 3994 3903 3903 3903
    3948 3948 3948 3948 3859 3859 3859 3859 3859 3859 3859 3859 3859
    3859 3859 3816 4190 4139 4139 4139 3994 3994 0 0 0 0 0 0 995 989 989
    987 981 959 956 948 940 938 933 925 918 906 903 901 901 901 903 903
    908 908 913 913 915 918 918 920 923 925 928 928 933 935 935 938 938
    940 943 948 948 948 951 956 956 959 959 959 962 3994 3994 3903 3859
    3859 3903 3948 3948 3903 3859 3859 3859 3859 3859 3859 3859 3859
    3859 3859 3859 3816 4139 4139 4139 4089 3994 3994 0 0 0 0 0 0 995
    989 989 987 975 959 956 948 940 935 933 923 918 906 903 901 901 901
    903 903 908 908 910 913 915 915 918 920 923 925 925 928 933 933 935
    935 938 940 943 946 948 948 951 956 956 959 959 962 962 962 967 3859
    3859 3859 3903 3903 3948 3903 3903 3903 3859 3859 3859 3859 3859
    3859 3859 3859 3859 3816 4139 4139 4139 4089 3994 3994 0 0 0 0 0 0 0
    989 987 984 964 959 954 948 940 935 933 923 910 906 901 898 898 901
    903 906 908 908 910 913 913 915 918 920 923 925 925 928 930 933 935
    935 938 940 943 946 948 948 951 954 956 959 959 962 962 964 967 967
    970 3903 3903 3903 3948 3948 3903 3903 3859 3859 3859 3859 3859 3859
    3859 3859 3859 3816 4139 4139 4139 4041 4041 3948 3948 0 0 0 0 0 0
    987 987 981 962 959 954 946 938 933 928 923 910 903 901 898 898 901
    903 906 908 908 908 910 913 915 918 920 920 925 925 928 930 933 935
    935 938 940 940 946 946 948 951 954 956 959 959 962 964 964 967 967
    970 970 973 973 3994 3994 3948 3859 3859 3859 3859 3859 3859 3859
    3859 3859 3859 3816 4190 4139 4139 4041 4041 3948 3948 0 0 0 0 0 0
    987 981 975 962 956 954 946 938 930 928 923 908 903 898 898 898 898
    903 906 908 908 908 910 913 915 915 918 920 925 925 928 930 933 935
    935 938 938 940 946 946 948 951 951 954 956 959 959 959 964 967 967
    970 970 973 975 975 975 3859 3859 3859 3859 3859 3859 3859 3859 3859
    3859 3859 3859 4190 4190 4139 4089 4041 4041 0 0 0 0 0 0 0 981 981
    975 962 956 954 946 935 928 925 923 906 901 898 898 898 898 903 906
    906 906 908 908 910 913 915 918 920 923 925 928 930 933 935 935 938
    938 940 943 946 948 951 951 954 956 956 959 959 962 964 967 970 970
    975 975 975 978 978 989 3859 3859 3859 3859 3859 3859 3859 3859 3859
    3859 4190 4139 4139 4089 4089 0 0 0 0 0 0 0 0 978 978 975 959 956
    951 943 933 928 923 920 906 901 896 896 898 898 901 906 906 906 906
    908 910 913 915 915 918 923 925 928 928 933 935 935 938 938 943 943
    946 948 951 954 954 956 956 959 959 962 964 967 970 973 975 978 978
    978 987 989 995 995 3859 3859 3859 3859 3859 3859 3903 3859 4139
    4139 4139 4089 4089 0 0 0 0 0 0 0 0 978 978 964 959 954 948 940 933
    928 920 918 906 901 896 896 898 898 901 906 906 906 906 908 910 913
    915 915 918 923 925 925 928 930 933 933 938 938 943 943 946 948 948
    951 954 956 956 959 959 959 964 967 973 975 978 978 978 981 987 989
    992 992 992 995 992 992 1001 1001 3903 3859 4139 4139 4139 4089 4089
    0 0 0 0 0 0 0 978 978 978 962 959 951 946 938 933 928 920 913 903
    898 896 896 898 898 901 903 906 906 906 908 908 913 915 915 918 920
    925 925 928 930 933 933 935 938 940 943 946 946 948 951 954 956 956
    959 959 959 962 967 970 975 978 978 978 984 987 989 992 992 992 995
    992 992 1001 1001 1001 1001 4139 4089 4089 4089 0 0 0 0 0 0 0 0 978
    978 978 962 956 948 943 935 933 928 920 910 901 898 896 896 896 898
    898 901 903 906 906 908 908 913 913 915 918 920 925 925 928 930 933
    933 935 938 940 943 946 946 948 951 954 956 956 959 959 959 962 967
    970 975 978 978 981 984 989 989 992 992 992 992 998 1001 1004 1001
    1001 1001 4139 4089 4089 4089 0 0 0 0 0 0 0 0 978 978 975 962 954
    948 940 935 933 925 918 906 901 896 896 896 896 896 898 898 903 906
    906 908 908 910 913 915 918 918 925 925 928 928 933 933 935 938 938
    943 946 946 948 948 951 954 956 956 959 959 962 967 970 975 975 978
    978 984 989 989 989 992 992 992 998 1001 1004 1001 998 998 4139 4089
    4041 4041 0 0 0 0 0 0 0 0 978 978 975 956 951 948 940 935 930 923
    918 906 898 896 894 894 896 896 898 898 901 903 906 906 908 910 910
    913 915 918 925 925 928 928 930 933 933 935 938 940 943 946 946 948
    951 954 956 956 959 959 962 967 970 973 975 978 978 981 989 989 989
    992 992 992 998 1001 1004 1001 998 998 4139 4089 4041 4041 0 0 0 0 0
    0 0 0 978 975 975 956 951 946 943 935 928 923 915 901 898 896 894
    894 894 896 898 898 901 903 906 906 908 910 910 913 915 918 923 925
    928 928 930 933 933 935 938 940 943 943 946 948 948 951 954 956 959
    959 962 967 970 970 973 975 978 981 984 989 989 989 992 992 995 1001
    1004 1001 1001 1001 4139 4089 4089 0 0 0 0 0 0 0 0 981 978 973 962
    956 948 946 938 933 925 920 913 901 896 896 894 894 894 896 896 898
