<?xml version="1.0"?>
<opencv_storage>
<Depth10608 type_id="opencv-matrix">
  <rows>117</rows>
  <cols>45</cols>
  <dt>w</dt>
  <data>
    2503 2503 2503 2503 2503 2485 2467 1241 1241 1236 1236 1236 1236
    1232 1232 1227 1227 1232 1236 2503 2522 2522 1031 1028 1025 1022
    1022 1019 1019 1022 3178 3178 3539 3539 3539 3539 3539 3539 3539
    3503 3503 3539 3539 3539 3503 2503 2503 2503 2485 2485 2485 2467
    1241 1241 1241 1236 1236 1236 1232 1227 1227 1227 1232 1232 1031
    1031 1031 1031 1028 1025 1022 1022 1019 1019 1013 1013 1013 1013
    3539 3539 3539 3539 3539 3539 3503 3503 3539 3539 3503 3503 2503
    2503 2503 2467 2467 2485 1241 1241 1241 1241 1236 1236 1236 1236
    1223 1223 1022 1022 1031 1031 1031 1031 1028 1025 1022 1019 1019
    1016 1016 1013 1013 0 0 3503 3503 3503 3503 3576 3539 3539 3539 3503
    3503 3503 3503 2522 2503 2503 2467 2467 2485 1236 1236 1236 1041
    1041 1038 1034 1031 1028 1028 1022 1022 1028 1031 1031 1028 1025
    1022 1019 1019 1019 1016 1016 1010 1010 0 0 0 3503 3503 3503 3539
    3539 3539 3539 3503 3503 3503 3503 2522 2522 2522 1047 1044 1044
    1041 1041 1041 1041 1038 1034 1034 1031 1028 1028 1028 1028 1028
    1028 1028 1028 1022 1022 1019 1019 1019 1016 1016 1010 1010 0 0 0
    3539 0 3539 3503 3503 3503 3503 3503 3503 3503 3503 2522 1050 1050
    1047 1044 1044 1041 1041 1041 1041 1038 1034 1034 1031 1031 1028
    1028 1028 1028 1028 1028 1025 1022 1022 1019 1019 1019 1016 1016
    1013 1013 0 0 0 0 0 3539 3503 3503 3503 3503 3503 3503 3503 3503
    1047 1047 1047 1044 1044 1044 1041 1041 1041 1038 1038 1034 1034
    1031 1031 1031 1028 1028 1028 1028 1028 1025 1022 1022 1019 1019
    1019 1016 1016 1016 1016 0 0 0 0 0 3539 3539 3503 3503 3539 3539
    3539 3539 3539 1047 1047 1044 1044 1044 1044 1041 1041 1041 1038
    1038 1034 1034 1034 1031 1031 1031 1028 1028 1028 1028 1025 1022
    1022 1022 1022 1019 1016 1016 1016 1016 0 0 0 0 0 3576 3539 3539
    3539 3539 3539 3539 3539 3539 1047 1047 1044 1044 1044 1044 1041
    1041 1041 1038 1038 1038 1038 1034 1034 1031 1031 1028 1028 1028
    1028 1025 1025 1025 1022 1022 1019 1016 1016 1016 1016 0 0 0 0 0
    3576 3576 3539 3539 3539 3539 3539 3539 3539 1047 1047 1044 1044
    1044 1044 1041 1041 1041 1041 1041 1038 1038 1038 1034 1031 1031
    1028 1028 1028 1028 1025 1025 1022 1022 1022 1019 1016 1016 1013
    1013 0 0 0 0 0 3576 3576 3576 3576 3539 3539 3539 3539 3539 1047
    1047 1044 1044 1044 1044 1044 1041 1041 1041 1041 1038 1038 1038
    1034 1031 1031 1028 1028 1028 1028 1025 1025 1022 1022 1019 1019
    1016 1016 1013 1013 0 0 0 0 0 3539 3539 3576 3576 3539 3539 3539
    3539 3539 1047 1047 1044 1044 1044 1044 1044 1041 1041 1041 1038
    1038 1038 1038 1034 1031 1031 1028 1028 1028 1028 1025 1025 1025
    1022 1019 1019 1016 1016 1013 1013 1013 0 0 0 0 3539 3539 3576 3576
    3539 3539 3539 3539 3539 1047 1047 1047 1047 1044 1044 1044 1041
    1041 1041 1038 1038 1038 1038 1034 1031 1028 1028 1028 1028 1025
    1025 1025 1025 1022 1019 1019 1019 1016 1016 1013 1013 0 0 0 0 0
    3576 3576 3576 3576 3539 3539 3539 3539 1047 1044 1044 1044 1044
    1044 1044 1041 1041 1041 1041 1041 1038 1038 1031 1031 1028 1028
    1028 1028 1025 1025 1025 1025 1022 1022 1019 1019 1019 1016 1013
    1013 0 0 0 0 0 3576 3576 3576 3576 3539 3539 3539 3539 1047 1044
    1044 1044 1044 1044 1044 1041 1041 1041 1041 1038 1038 1034 1031
    1031 1031 1028 1028 1028 1028 1025 1025 1022 1022 1022 1022 1019
    1019 1019 1016 1016 0 0 0 0 0 3576 3576 3576 3576 3539 3539 3503
    3503 1047 1047 1044 1044 1044 1044 1044 1044 1041 1041 1041 1034
    1034 1031 1031 1031 1028 1028 1028 1028 1028 1025 1022 1022 1022
    1022 1025 1022 1019 1019 1019 1019 0 0 0 0 3576 3576 3576 3576 3539
    3539 3539 3503 3503 1054 1047 1047 1047 1044 1044 1044 1044 1041
    1041 1041 1034 1034 1031 1031 1031 1028 1028 1028 1028 1028 1025
    1022 1022 1022 1022 1025 1022 1022 1019 1019 1019 0 0 0 0 3576 3576
    3576 3576 3539 3539 3539 3503 3503 1054 1054 1050 1047 1047 1044
    1044 1044 1041 1041 1038 1038 1038 1034 1031 1031 1031 1028 1028
    1028 1028 1028 1025 1025 1025 1025 1025 1025 1022 1019 1019 1019 0 0
    0 0 3576 3576 3576 3576 3539 3539 3539 3503 3503 1057 1054 1054 1050
    1047 1044 1044 1044 1041 1041 1038 1038 1038 1034 1031 1031 1031
    1031 1031 1028 1028 1028 1025 1025 1025 1025 1022 1022 1022 1019
    1019 1016 1016 0 0 0 3576 3576 3576 3576 3539 3539 3539 3539 3539
    1057 1054 1054 1050 1047 1044 1044 1044 1044 1041 1041 1041 1038
    1034 1031 1031 1031 1031 1031 1028 1028 1028 1028 1028 1025 1022
    1022 1022 1022 1019 1019 1016 1016 0 0 0 0 3576 3576 3539 3539 3539
    3539 3539 3539 1057 1054 1054 1050 1047 1047 1044 1044 1044 1041
    1041 1041 1038 1034 1034 1034 1031 1031 1031 1028 1028 1028 1028
    1028 1025 1022 1019 1019 1022 1019 1019 1016 1016 0 0 0 0 3576 3576
    3539 3539 3539 3539 3539 3539 1057 1054 1054 1050 1047 1047 1044
    1044 1044 1041 1041 1041 1038 1038 1034 1034 1031 1031 1031 1028
    1028 1028 1028 1025 1022 1022 1019 1019 1022 1019 1019 1019 1019 0 0
    0 0 3539 3539 3539 3539 3539 3539 3539 3539 1057 1054 1050 1050 1047
    1047 1047 1044 1044 1041 1041 1041 1041 1038 1034 1034 1034 1031
    1031 1028 1028 1028 1028 1025 1022 1019 1019 1019 1022 1019 1019
    1019 1019 0 0 0 3539 3539 3539 3539 3539 3539 3539 3539 3539 1050
    1050 1050 1047 1047 1047 1047 1047 1044 1044 1041 1041 1038 1038
    1034 1034 1034 1031 1031 1031 1028 1028 1028 1025 1022 1019 1019
    1019 1022 1019 1019 1016 1016 0 0 0 0 3539 3539 3576 3539 3539 3539
    3539 3539 2522 1050 1047 1047 1044 1044 1047 1047 1047 1044 1041
    1041 1038 1038 1034 1034 1034 1034 1031 1031 1028 1028 1028 1025
    1022 1019 1019 1019 1022 1019 1019 1016 1016 1016 0 0 0 3576 3576
    3576 3576 3539 3539 3539 3539 2522 1054 1047 1047 1044 1044 1047
    1047 1044 1044 1041 1041 1038 1038 1034 1034 1034 1034 1031 1031
    1028 1028 1028 1025 1025 1019 1019 1019 1022 1019 1019 1016 1016 0 0
    0 0 3576 3576 3576 3576 3576 3539 3539 3539 2522 1054 1047 1047 1047
    1047 1047 1047 1044 1044 1041 1041 1038 1038 1034 1034 1034 1034
    1031 1031 1031 1028 1028 1025 1025 1022 1019 1019 1022 1022 1019
    1016 1016 1016 0 0 0 3576 3576 3576 3576 3539 3539 3539 3539 2503
    1054 1050 1047 1047 1047 1047 1044 1044 1044 1041 1041 1041 1038
    1038 1034 1034 1034 1031 1031 1028 1028 1028 1028 1028 1022 1022
    1022 1022 1022 1019 1019 1019 1019 0 0 0 3576 3576 3576 3539 3539
    3539 3539 3539 2503 1054 1054 1054 1050 1047 1047 1044 1044 1044
    1041 1041 1041 1041 1038 1034 1034 1034 1031 1031 1028 1028 1028
    1028 1025 1022 1019 1019 1022 1022 1019 1019 1016 1016 0 0 0 3576
    3576 3576 3539 3539 3539 3539 3539 2503 1057 1054 1054 1050 1047
    1047 1044 1044 1044 1041 1041 1041 1041 1038 1034 1034 1034 1031
    1031 1028 1028 1028 1028 1025 1022 1019 1019 1022 1022 1019 1019
    1016 1016 0 0 0 0 3576 3576 3539 3539 3539 3539 3539 2503 1057 1054
    1054 1050 1047 1047 1044 1044 1044 1044 1041 1041 1041 1041 1038
    1034 1034 1031 1031 1028 1028 1028 1028 1025 1022 1019 1019 1022
    1022 1019 1019 1016 1016 0 0 0 3576 3576 3576 3539 3539 3539 3539
    3539 2503 1057 1054 1050 1050 1047 1047 1044 1044 1044 1044 1041
    1041 1041 1041 1041 1034 1031 1031 1031 1028 1028 1028 1025 1022
    1022 1019 1019 1022 1022 1019 1019 1019 1019 0 0 0 3576 3576 3576
    3539 3539 3539 3539 3539 2503 1057 1054 1050 1050 1047 1047 1044
    1044 1044 1044 1041 1041 1041 1041 1041 1034 1031 1031 1031 1031
    1028 1028 1025 1022 1022 1019 1019 1019 1019 1019 1019 1019 1019 0 0
    0 3576 3539 3539 3539 3539 3539 3539 3539 2503 1057 1054 1054 1050
    1050 1047 1044 1044 1044 1041 1041 1041 1041 1041 1041 1038 1031
    1031 1031 1031 1028 1028 1025 1025 1022 1022 1019 1019 1019 1019
    1019 1022 0 0 0 0 3576 3539 3539 3539 3539 3539 3539 3539 2503 1054
    1054 1054 1050 1050 1047 1047 1044 1044 1041 1041 1041 1041 1041
