<?xml version="1.0"?>
<opencv_storage>
<Depth17392 type_id="opencv-matrix">
  <rows>107</rows>
  <cols>60</cols>
  <dt>w</dt>
  <data>
    3994 3994 3948 1157 1157 1161 1161 1161 1169 3859 1181 1181 3816
    1181 1181 1181 1181 1181 1181 3732 3732 3732 3692 3692 3653 3653
    3653 3653 3614 3614 3614 3614 3614 3576 3539 3539 3539 3539 3539
    3503 3503 3503 3468 3433 1028 1025 1025 3365 3365 3399 3399 3365
    3365 3365 3365 3365 3333 3300 3300 3269 3994 3948 1161 1157 1157
    1161 1161 1161 1165 1177 1177 1177 1177 1177 1177 1177 1177 1177
    1177 1181 1181 1134 3774 3774 3653 3653 3653 3653 3614 3614 3614
    1115 1115 3576 3539 3539 3539 3539 3539 3503 3503 3503 3468 1028
    1028 1025 1025 1028 3365 3365 3365 3365 3365 3365 3365 3365 3333
    3333 3300 3300 1161 1161 1161 1161 1161 1161 1161 1161 1165 1169
    1177 1177 1177 1173 1173 1173 1173 1173 1177 1134 1134 1134 0 3732
    3732 3732 3732 3653 3653 1105 1101 1101 1105 1094 1094 1090 1090
    1077 1073 1070 1067 1067 1038 1028 1028 1028 1028 1025 1025 1025
    1025 1025 3365 3365 3365 3365 3365 3333 3300 3300 1161 1161 1161
    1165 1161 1161 1157 1157 1165 1169 1177 1173 1169 1169 1165 1165
    1165 1161 1161 1134 1134 1134 0 0 0 0 0 1101 1101 1097 1094 1090
    1090 1094 1094 1090 1080 1077 1073 1060 1060 1054 1038 1028 1028
    1028 1028 1025 1025 1025 1025 1025 1028 3399 3399 3365 3365 3365
    3333 3300 1161 1161 1165 1161 1153 1134 1123 1119 1115 1115 1177
    1173 1169 1169 1165 1165 1165 1161 1134 1134 1134 1134 1134 0 0 0
    1101 1101 1097 1097 1090 1090 1090 1094 1094 1090 1080 1060 1057
    1054 1054 1047 1044 1038 1028 1028 1028 1025 1025 1025 1025 1028
    1028 1031 3365 3365 3365 3365 3333 3300 1165 1165 1161 1153 1138
    1130 1123 1119 1115 1097 1097 1090 1087 1087 1087 1077 1077 1134
    1134 1134 1134 1134 0 0 0 0 0 1101 1097 1097 1090 1063 1060 1057
    1054 1054 1054 1054 1050 1050 1050 1047 1044 1041 1019 1019 1025
    1025 1025 1025 1025 1028 1031 1031 0 3399 3399 3365 3333 3300 1165
    1161 1157 1145 1138 1130 1123 1123 1105 1097 1094 1090 1084 1080
    1077 1077 1077 1077 1044 1047 1047 1047 0 0 0 0 0 984 978 978 978
    1060 1060 1057 1054 1050 1047 998 998 1001 1004 1004 1007 1007 1013
    1016 1019 1022 1025 1025 1028 1031 1031 1031 0 3365 0 3365 3333 3300
    1165 1161 1157 1145 1138 1130 1126 1123 1105 1101 1094 1087 1084
    1077 1073 1067 1050 1047 1044 1044 1044 1044 0 0 1013 0 0 0 984 978
    978 981 987 989 989 992 992 995 998 1001 1001 1004 1007 1007 1010
    1013 1016 1019 1025 1025 1028 1031 1031 1041 1041 0 3365 3365 3333
    3300 1165 1165 1157 1149 1141 1134 1130 1123 1108 1101 1094 1087
    1080 1077 1073 1067 1050 1047 1041 1038 1038 1022 1016 1013 1013
    1013 989 987 984 981 981 981 987 989 989 992 992 995 998 1001 1001
    1004 1007 1007 1010 1013 1016 1019 1025 1028 1028 1031 1038 1041 0 0
    0 3365 3365 3333 1173 1165 1161 1153 1145 1138 1130 1119 1108 1105
    1097 1090 1080 1077 1073 1060 1050 1047 1041 1038 1034 1022 1016
    1013 1007 1001 989 987 984 981 981 981 987 989 989 992 992 995 998
    1001 1001 1004 1007 1007 1010 1013 1016 1019 1025 1028 1028 1028
    1038 1038 1038 0 3365 3365 3365 3333 1169 1165 1161 1153 1145 1138
    1130 1119 1112 1105 1101 1090 1087 1077 1073 1060 1054 1047 1041
    1038 1034 1025 1022 1013 1007 1001 992 987 987 984 981 981 987 987
    989 992 992 995 998 1001 1001 1004 1007 1010 1010 1013 1016 1019
    1025 1028 1028 1028 1038 1038 0 0 0 3399 3365 3333 1169 1165 1161
    1153 1145 1138 1130 1119 1115 1108 1101 1090 1087 1080 1077 1063
    1057 1050 1041 1038 1034 1028 1022 1013 1007 1001 992 987 984 981
    981 981 981 987 987 992 995 998 1001 1001 1001 1004 1007 1010 1013
    1013 1016 1022 1025 1028 1028 1034 1034 1034 0 0 0 3365 3365 3333
    1169 1165 1161 1153 1145 1141 1134 1119 1115 1108 1101 1090 1087
    1080 1077 1063 1057 1050 1044 1038 1034 1031 1025 1016 1010 1007
    1001 987 984 981 981 981 981 987 987 989 992 998 1001 1001 1004 1004
    1004 1010 1013 1013 1016 1022 1025 1028 1028 1031 1034 1034 0 0 0
    3365 3365 3333 1169 1169 1165 1157 1145 1141 1134 1119 1115 1112
    1101 1094 1087 1080 1077 1063 1060 1050 1044 1038 1034 1031 1025
    1019 1013 1010 1004 989 987 981 981 981 984 987 989 989 992 995 998
    1001 1004 1004 1004 1010 1013 1013 1016 1022 1025 1028 1031 1031
    1034 0 0 0 0 3333 3333 3333 1177 1169 1165 1157 1145 1141 1134 1119
    1115 1112 1105 1094 1087 1080 1077 1073 1063 1054 1044 1038 1034
    1031 1025 1019 1013 1010 1004 995 987 981 981 981 987 987 989 989
    992 995 998 1001 1004 1004 1007 1010 1013 1016 1016 1022 1025 1028
    1031 1031 1034 0 0 0 0 3333 3333 3333 0 1169 1165 1161 1149 1141
    1130 1123 1119 1112 1105 1097 1090 1080 1077 1073 1063 1057 1047
    1041 1038 1034 1028 1022 1013 1010 1004 998 989 984 984 984 987 989
    989 992 992 995 998 1001 1001 1007 1007 1010 1013 1016 1019 1022
    1025 1028 1031 1034 1034 1034 0 0 0 3333 3333 3333 0 1169 1165 1161
    1153 1141 1130 1123 1115 1112 1105 1097 1090 1084 1077 1073 1063
    1057 1047 1041 1038 1034 1028 1022 1016 1010 1007 998 989 984 984
    984 987 989 989 992 992 995 998 1001 1001 1007 1007 1013 1013 1016
    1019 1022 1025 1028 1031 1034 1034 0 0 0 0 3333 3333 3333 1181 1169
    1165 1161 1153 1141 1130 1126 1115 1112 1105 1097 1090 1084 1077
    1073 1063 1057 1050 1041 1038 1034 1031 1022 1016 1010 1007 998 989
    984 984 984 987 989 989 992 992 995 998 1001 1001 1007 1007 1013
    1013 1016 1019 1022 1025 1028 1031 1034 1034 0 0 0 0 3399 3365 3333
    1177 1173 1169 1161 1153 1145 1130 1126 1119 1112 1105 1097 1090
    1087 1080 1073 1063 1057 1050 1044 1038 1034 1028 1022 1016 1010
    1007 998 987 987 984 984 987 989 989 992 992 995 998 1001 1001 1007
    1010 1013 1013 1016 1022 1025 1025 1028 1031 1034 1034 0 0 0 0 3433
    3365 3365 1177 1173 1169 1161 1153 1149 1130 1126 1119 1115 1108
    1097 1090 1087 1080 1077 1063 1057 1050 1044 1038 1034 1028 1022
    1016 1013 1010 998 987 987 984 984 987 989 989 992 995 998 1001 1001
    1004 1007 1013 1013 1013 1016 1022 1025 1025 1028 1031 1034 1038
    1038 0 0 0 3503 3399 3365 1173 1173 1169 1165 1153 1141 1134 1126
    1123 1115 1112 1097 1090 1087 1084 1077 1063 1057 1050 1044 1041
    1038 1028 1022 1016 1013 1010 998 989 987 987 987 987 989 989 992
    995 998 1001 1001 1004 1010 1013 1013 1016 1016 1025 1025 1025 1028
    1034 1038 1038 1038 0 0 0 0 3365 3365 1173 1173 1173 1161 1157 1141
    1134 1130 1123 1115 1112 1101 1094 1090 1087 1080 1063 1057 1054
    1047 1041 1038 1028 1022 1016 1013 1010 1001 989 987 987 987 987 989
    992 992 995 998 1001 1001 1004 1007 1013 1013 1016 1019 1025 1025
    1028 1028 1031 1034 1038 1038 0 0 0 0 3365 3365 1173 1173 1173 1161
    1157 1145 1134 1130 1126 1119 1112 1101 1094 1090 1087 1080 1063
    1060 1054 1047 1041 1038 1031 1022 1019 1016 1010 1004 992 989 987
    987 987 989 992 992 995 998 1001 1004 1004 1007 1010 1013 1016 1022
    1025 1025 1028 1028 1031 1034 1038 1038 0 0 0 0 3333 3333 1173 1173
    1173 1165 1157 1145 1138 1130 1123 1119 1112 1105 1097 1090 1087
    1077 1077 1060 1054 1047 1044 1038 1031 1022 1016 1013 1010 1004 998
    989 987 987 987 989 992 992 995 998 1001 1004 1004 1007 1010 1013
    1016 1022 1025 1025 1028 1028 1031 1034 1038 1041 0 0 0 3333 3333
    3333 0 1173 1173 1165 1161 1145 1138 1130 1123 1119 1112 1105 1101
    1090 1087 1077 1077 1067 1057 1050 1044 1038 1031 1025 1016 1013
    1010 1004 1001 989 987 987 989 989 992 992 995 998 1001 1004 1004
    1007 1010 1013 1016 1022 1025 1025 1028 1028 1031 1034 1038 1041 0 0
    0 0 3333 3333 0 1177 1173 1169 1161 1145 1141 1130 1126 1119 1115
    1108 1097 1090 1087 1080 1077 1067 1057 1050 1047 1041 1034 1025
    1016 1013 1010 1004 1001 989 987 987 989 989 992 995 998 998 1001
    1004 1004 1007 1010 1013 1016 1022 1025 1025 1028 1028 1034 1038
    1041 1041 0 0 0 0 3333 3333 0 1181 1173 1165 1161 1153 1145 1134
    1130 1123 1119 1108 1097 1090 1087 1084 1077 1063 1057 1050 1047
