<?xml version="1.0"?>
<opencv_storage>
<Depth8380 type_id="opencv-matrix">
  <rows>12</rows>
  <cols>7</cols>
  <dt>w</dt>
  <data>
    5832 6497 6753 6889 6889 6753 6753 6038 6622 6753 6889 7030 6889
    6753 6497 6753 6889 6889 7030 7030 7030 6753 6753 6889 6889 7030
    7178 0 6753 6753 6889 6889 7030 0 0 6753 6753 6753 6753 6889 0 0
    6753 6753 6753 6753 6889 0 0 6753 6889 6889 6889 6889 6889 0 6889
    6889 6889 6889 6889 6889 0 6889 6889 6889 6889 6889 6889 0 6889 6889
    6889 6753 6753 6889 0 6889 6889 6889 6753 6753 6753 0</data></Depth8380>
</opencv_storage>
