<?xml version="1.0"?>
<opencv_storage>
<Depth3557 type_id="opencv-matrix">
  <rows>106</rows>
  <cols>146</cols>
  <dt>w</dt>
  <data>
    0 0 0 0 1223 1223 1227 1227 1232 0 0 0 2365 2365 2349 2349 2349 2365
    2415 2432 2450 2467 896 896 898 898 898 898 898 898 898 906 2789
    2789 2789 2812 2812 2812 2812 2789 2789 2789 2812 2789 2789 2789
    2789 2812 2789 2767 2723 2723 2723 2723 2723 2723 2701 2701 2723
    2723 2723 2744 2744 2812 2812 2812 2835 2835 2835 2835 2859 2859
    2859 2883 2883 2883 2908 2908 2908 2908 2908 2908 2908 2908 2908
    2908 2908 2908 2908 2908 2933 2933 2933 2933 2933 2958 2933 2933
    2933 2933 2933 2958 2984 2984 2984 2984 2984 2984 3010 3010 3010
    3010 3010 3010 3010 3010 3010 3010 3010 3010 3010 3037 3037 3037
    3037 3037 3037 3037 3037 3037 3037 3064 3092 3092 3092 3092 3092
    3120 3092 3092 3092 3092 3092 3092 3092 3092 0 0 0 0 1223 1223 1232
    1232 0 0 0 0 2365 2365 2349 2349 2349 2349 2485 2485 2485 891 891
    891 894 896 896 896 898 898 898 906 906 908 2812 2812 2812 2812 2767
    2767 2789 2789 2812 2789 2789 2789 2789 2812 2789 2744 2723 2701
    2701 2701 2701 2701 2701 2723 2723 2723 2723 2744 2744 2812 2812
    2835 2835 2835 2835 2835 2835 2859 2859 2859 2883 2883 2883 2908
    2908 2908 2908 2908 2908 2908 2883 2883 2883 2908 2908 2908 2933
    2933 2933 2933 2933 2933 2933 2933 2908 2908 2933 2958 2984 2984
    2984 2984 2984 2984 2984 3010 3010 3010 3010 3010 3010 3010 3010
    3010 3010 3010 3010 3010 3010 3010 3037 3037 3037 3037 3037 3037
    3037 3064 3092 3092 3064 3064 3064 3092 3092 3092 3092 3092 3092
    3092 3092 3092 0 0 0 0 0 0 0 0 0 0 0 0 0 2365 2365 2365 2365 2503
    2503 2503 2503 889 889 889 891 894 894 896 896 898 898 898 903 908
    908 2812 2812 2812 2744 2744 2789 2812 2812 2789 2767 2767 2789 2789
    2767 2723 2723 2701 2680 2680 2701 2701 2701 2723 2723 2723 2723
    2744 2744 2812 2835 2835 2835 2835 2835 2835 2835 2859 2859 2859
    2859 2859 2883 2908 2908 2908 2883 2883 2883 2883 2883 2883 2883
    2908 2908 2933 2933 2933 2933 2933 2933 2933 2933 2933 2908 2908
    2933 2933 2958 2984 2984 2984 2984 2984 2984 3010 3010 2984 2984
    2984 3010 3010 3010 3010 3010 3010 3010 3010 3010 3010 3010 3010
    3037 3037 3037 3037 3037 3064 3064 3064 3064 3064 3064 3064 3064
    3064 3064 3092 3092 3092 3092 3092 0 0 0 0 0 0 0 0 0 0 0 0 0 2365
    2365 2365 0 2522 2522 880 880 885 889 889 889 891 891 894 894 896
    898 898 898 898 901 901 901 2744 2744 2744 2812 2812 2812 2789 2767
    2767 2789 2744 2744 2701 2701 2680 2680 2680 2680 2701 2701 2723
    2723 2723 2723 2744 2767 2812 2812 2835 2835 2835 2835 2835 2835
    2835 2835 2835 2835 2835 2859 2883 2883 2908 2883 2883 2883 2883
    2883 2883 2883 2908 2908 2933 2933 2933 2933 2933 2933 2933 2933
    2933 2933 2933 2908 2908 2933 2933 2958 2958 2984 2984 2984 2984
    2984 2984 2984 2984 2984 2984 2984 2984 3010 3010 3010 3010 3010
    3010 3010 3010 3037 3037 3037 3037 3037 3064 3064 3064 3037 3037
    3037 3064 3064 3064 3064 3092 3092 3092 3092 3092 0 0 0 0 0 0 0 0 0
    0 0 0 0 0 878 878 878 878 878 878 880 882 887 887 887 887 889 889
    891 894 896 896 898 898 901 901 0 908 0 2789 2789 2789 2767 2767
    2767 2767 2744 2723 2680 2680 2680 2680 2659 2659 2680 2680 2701
    2701 2723 2723 2767 2789 2789 2812 2812 2812 2812 2812 2835 2835
    2835 2835 2835 2835 2835 2835 2859 2883 2883 2908 2883 2883 2883
    2883 2883 2883 2908 2908 2908 2933 2908 2908 2908 2933 2933 2933
    2933 2933 2933 2933 2908 2908 2933 2933 2933 2958 2958 2958 2984
    2984 2984 2984 2984 2984 2984 2984 2984 2984 2984 3010 3010 3010
    3010 3010 3010 3010 3037 3037 3037 3037 3037 3064 3037 3037 3037
    3037 3037 3037 3064 3064 3064 3092 3092 3064 3064 3092 0 0 0 0 0 0 0
    0 896 894 894 898 0 0 0 878 878 878 878 878 880 880 882 887 887 887
    887 887 889 891 894 896 896 898 901 908 0 0 0 2789 2789 2744 2744
    2744 2744 2744 2680 2680 2680 2680 2659 2659 854 854 856 2680 2680
    2680 2723 2812 2812 2789 2789 2789 2812 2812 2812 2812 2835 2835
    2835 2835 2835 2835 2835 2835 2859 2883 2883 2883 2883 2883 2883
    2883 2883 2908 2908 2908 2908 2908 2908 2908 2908 2933 2933 2933
    2933 2933 2933 2933 2933 2933 2933 2933 2933 2958 2933 2933 2933
    2984 2984 2984 2984 2984 2984 2984 2984 2984 2984 2984 3010 3010
    3010 3010 3010 3010 3037 3037 3010 3010 3037 3037 3037 3037 3037
    3037 3037 3037 3037 3037 3064 3064 3064 3064 3064 3064 0 0 0 0 0 0 0
    0 896 894 885 885 0 0 873 0 878 878 878 878 878 880 880 882 882 882
    885 885 887 889 891 896 896 898 901 908 0 0 0 0 0 2723 2723 2744
    2744 2744 2659 2659 2659 2659 854 854 854 854 856 2680 2680 2680
    2680 2812 2812 2789 2789 2789 2789 2812 2812 2812 2812 2812 2812
    2835 2835 2835 2835 2835 2859 2859 2859 2859 2859 2859 2883 2883
    2883 2908 2908 2908 2908 2908 2908 2908 2908 2933 2933 2933 2933
    2933 2933 2933 2908 2908 2933 2933 2933 2933 2933 2933 2933 2958
    2958 2958 2984 2984 2984 2984 2984 2984 2984 2984 3010 3010 3010
    3010 3010 3010 3010 3010 3010 3010 3037 3037 3037 3037 3037 3037
    3037 3037 3037 3037 3064 3064 3037 3037 3037 3037 0 0 0 0 0 0 0 0
    878 878 873 873 873 873 873 873 873 873 873 875 878 878 878 880 880
    880 882 885 887 889 889 894 896 898 901 908 0 0 0 0 0 2701 2701 2744
    2744 2680 2659 2659 2659 851 851 851 854 854 854 856 856 856 856
    2812 2812 2789 2789 2789 2789 2812 2812 2812 2812 2812 2812 2835
    2835 2835 2835 2835 2859 2859 2859 2859 2859 2859 2859 2883 2908
    2908 2908 2908 2908 2908 2908 2908 2933 2933 2933 2933 2933 2933
    2908 2908 2908 2908 2908 2933 2933 2933 2933 2933 2933 2958 2958
    2958 2958 2958 2958 2958 2958 2958 2984 2984 2984 2984 2984 3010
    3010 3010 3010 3010 3010 3010 3037 3037 3037 3037 3037 3037 3037
    3037 3037 3037 3037 3064 3037 3037 3037 3037 0 0 0 0 0 0 0 871 871
    873 869 869 869 869 869 869 869 871 871 871 873 873 875 878 878 880
    880 882 885 887 889 891 896 901 908 908 0 0 0 0 0 2701 2701 2744
    2744 2680 2659 2659 845 845 849 849 851 851 854 854 854 856 858 858
    858 856 2789 2789 2789 2812 2812 2812 2812 2812 2812 2835 2835 2835
    2835 2835 2859 2859 2835 2835 2835 2835 2859 2883 2883 2883 2883
    2883 2883 2908 2908 2908 2908 2908 2908 2908 2908 2908 2908 2908
    2908 2908 2908 2908 2933 2933 2933 2933 2933 2933 2958 2958 2958
    2958 2958 2958 2958 2958 2958 2958 2958 2958 2984 2984 3010 3010
    3010 3010 3010 3010 3010 3037 3037 3037 3037 3037 3037 3010 3010
    3010 3037 3037 3037 3037 3037 3037 0 0 0 0 0 0 0 871 869 869 867 867
    867 867 867 869 869 869 869 869 871 871 871 873 878 880 880 880 882
    885 889 891 898 901 913 915 0 0 0 0 0 2701 2701 2744 2744 2680 2659
    2659 845 845 845 847 851 851 851 851 854 854 854 856 856 856 856
    2812 2812 2812 2767 2767 2789 2812 2812 2812 2835 2835 2835 2835
    2835 2835 2835 2835 2835 2835 2859 2859 2883 2883 2859 2859 2883
    2883 2883 2908 2908 2908 2908 2908 2908 2908 2908 2908 2908 2908
    2908 2908 2933 2933 2933 2933 2933 2933 2958 2958 2958 2958 2933
    2933 2933 2958 2958 2958 2958 2958 2984 2984 2984 2984 2984 2984
    3010 3010 3010 3010 3010 3037 3010 3010 3010 3010 3010 3010 3037
    3037 3037 3037 3037 3037 0 0 0 0 0 0 0 880 864 864 862 862 860 860
    862 862 864 869 869 869 871 871 871 873 873 878 878 878 880 880 889
    891 898 913 913 0 0 0 0 0 0 0 0 831 2659 2659 2659 843 843 843 843
    845 847 849 849 849 851 854 854 854 856 856 856 856 2767 2767 2767
    2767 2789 2812 2812 2812 2812 2812 2835 2835 2835 2835 2835 2835
    2835 2835 2835 2859 2859 2859 2859 2859 2883 2883 2883 2883 2883
    2908 2908 2908 2908 2908 2908 2908 2908 2908 2908 2933 2933 2933
    2933 2933 2933 2933 2933 2958 2958 2958 2933 2933 2933 2958 2958
    2958 2958 2958 2958 2958 2984 2984 2984 2984 2984 3010 3010 3010
    3010 3010 3010 3010 3010 3010 3010 3010 3037 3037 3037 3037 3037
    3037 0 0 0 0 0 0 0 0 856 856 858 858 858 858 860 862 862 867 867 869
