<?xml version="1.0"?>
<opencv_storage>
<Depth19608 type_id="opencv-matrix">
  <rows>100</rows>
  <cols>28</cols>
  <dt>w</dt>
  <data>
    3614 3692 3692 0 0 0 1312 0 1317 0 0 0 0 1343 1343 1365 1365 1354
    1349 1349 1349 1349 1278 1278 3614 3614 3614 3614 0 0 0 0 0 1312
    1312 1312 1317 1317 0 1333 1317 1343 1343 1343 1343 1349 1343 1343
    1343 1283 1278 1278 1278 3614 3614 3614 0 0 0 0 1312 1312 1312 1312
    1317 1317 1317 1333 1317 1317 1317 1312 1312 1338 1312 1307 1292
    1283 1278 1278 1278 1288 3653 3653 0 0 0 1317 1312 1312 1312 1312
    1312 1312 1312 1312 1307 1307 1307 1312 1312 1307 1302 1302 1292
    1283 1278 1278 1283 1288 1288 3614 0 0 0 1317 1312 1312 1312 1312
    1312 1312 1307 1307 1307 1307 1307 1302 1302 1302 1297 1297 1292
    1288 1288 1283 1283 1288 1288 1288 0 0 0 1317 1312 1312 1312 1312
    1312 1312 1307 1307 1307 1307 1307 1302 1302 1302 1297 1292 1292
    1292 1292 1288 1288 1288 1288 0 0 0 0 1322 1312 1312 1312 1312 1312
    1307 1307 1307 1307 1307 1307 1302 1302 1302 1297 1292 1292 1292
    1292 1292 1288 1288 1288 0 0 0 0 1328 1312 1312 1312 1312 1312 1307
    1307 1307 1307 1307 1307 1302 1302 1302 1297 1292 1292 1292 1292
    1292 1288 1288 1288 0 0 0 0 1328 1317 1317 1312 1312 1312 1307 1307
    1307 1307 1307 1302 1302 1302 1302 1297 1297 1292 1292 1292 1292
    1288 1288 0 0 0 0 0 1328 1322 1317 1312 1312 1312 1307 1307 1307
    1307 1307 1302 1302 1302 1302 1297 1297 1292 1292 1292 1292 1292
    1292 0 0 0 0 1328 1328 1322 1317 1312 1312 1312 1307 1307 1307 1307
    1302 1302 1302 1302 1302 1297 1297 1292 1292 1288 1288 1288 1288
    1288 0 0 0 1328 1328 1322 1317 1312 1312 1312 1312 1307 1307 1307
    1302 1302 1302 1302 1302 1297 1292 1292 1288 1288 1288 1288 1288
    1288 0 0 0 1328 1317 1317 1312 1312 1312 1312 1307 1307 1307 1307
    1302 1302 1302 1302 1302 1297 1292 1292 1288 1288 1288 1288 1288
    1288 0 0 1328 1328 1317 1317 1312 1312 1312 1312 1307 1307 1307 1307
    1307 1307 1302 1302 1307 1297 1292 1292 1288 1288 1288 1283 1283
    1283 1297 0 1317 1317 1317 1312 1312 1312 1312 1312 1307 1307 1307
    1307 1307 1302 1302 1302 1307 1297 1292 1292 1288 1288 1288 1283
    1283 1297 1297 0 1312 0 1317 1312 1312 1312 1312 1312 1312 1312 1312
    1307 1307 1302 1302 1302 1302 1302 1292 1292 1292 1292 1292 1283
    1283 1297 1297 1297 1312 1312 1312 1312 1312 1312 1312 1317 1312
    1312 1312 1307 1307 1307 1307 1302 1302 1302 1292 1292 1292 1292
    1292 1288 1288 1292 1292 1297 1297 1297 1307 1312 1312 1312 1312
    1317 1312 1312 1312 1307 1307 1307 1307 1302 1302 1302 1292 1292
    1292 1292 1292 1288 1288 1292 1292 0 1297 1297 1307 1312 1312 1317
    1317 1317 1312 1312 1312 1307 1307 1307 1307 1307 1302 1302 1292
    1292 1292 1292 1292 1288 1288 1297 1297 0 1307 1307 1307 1312 1312
    1317 1317 1317 1312 1312 1307 1307 1307 1307 1307 1307 1302 1302
    1302 1297 1297 1297 1292 1288 1288 1288 1288 0 1322 1322 1322 1317
    1317 1317 1317 1312 1312 1312 1307 1307 1307 1307 1307 1307 1307
    1307 1302 1302 1297 1297 1292 1292 1292 1292 0 0 1322 1322 1322 1322
    1317 1317 1317 1312 1312 1312 1312 1307 1307 1307 1307 1307 1307
    1307 1307 1297 1297 1297 1292 1292 1292 1292 0 0 1322 1322 1322 1322
    1317 1317 1312 1312 1312 1312 1307 1307 1307 1307 1307 1302 1302
    1307 1307 1297 1297 1297 1292 1292 1292 1292 3614 0 1322 1322 1322
    1317 1317 1317 1312 1312 1312 1312 1307 1307 1307 1307 1307 1302
    1297 1297 1297 1297 1297 1292 1292 1292 1292 0 3614 1322 1322 1322
    1317 1317 1317 1317 1317 1317 1312 1312 1307 1307 1307 1307 1307
    1302 1297 1297 1297 1302 1302 1292 1292 1292 1297 1297 3614 1322
    1322 1322 1317 1317 1317 1317 1317 1317 1312 1312 1312 1312 1307
    1307 1307 1307 1302 1297 1292 1292 1302 1302 1302 1302 1302 1297
    3614 0 1322 1322 1322 1317 1317 1317 1312 1312 1312 1312 1312 1312
    1307 1307 1307 1307 1302 1297 1292 1292 1297 1302 1297 1297 1297
    1297 3653 0 1333 1328 1322 1317 1317 1317 1312 1312 1312 1312 1312
    1312 1307 1307 1302 1302 1302 1297 1292 1292 1297 1297 1297 1297
    1297 1297 1288 0 1333 1328 1322 1317 1317 1312 1312 1312 1312 1312
    1312 1312 1307 1307 1302 1302 1302 1302 1297 1297 1297 1297 1297
    1297 1288 1288 1288 0 1338 1328 1322 1317 1317 1312 1312 1312 1312
    1312 1312 1312 1307 1307 1307 1307 1302 1302 1297 1297 1297 1297
    1297 1297 1288 1288 1288 1338 1338 1322 1322 1322 1317 1312 1312
    1312 1312 1312 1312 1312 1307 1307 1307 1307 1307 1307 1302 1297
    1297 1297 1292 1292 1297 1297 1297 1322 1322 1322 1322 1322 1317
    1317 1317 1317 1312 1312 1307 1307 1307 1307 1307 1307 1307 1307
    1302 1297 1297 1297 1292 1292 1297 1297 3539 0 1328 1328 1322 1322
    1322 1317 1317 1317 1312 1312 1307 1307 1307 1307 1312 1312 1307
    1307 1302 1297 1297 1297 1292 1292 1297 1297 3539 0 0 1328 1322 1322
    1322 1317 1317 1317 1312 1312 1312 1312 1307 1307 1307 1312 1312
    1307 1302 1297 1297 1297 1292 1292 1292 1292 3539 3816 0 1322 1322
    1328 1328 1322 1317 1317 1312 1312 1312 1312 1307 1307 1307 1307
    1307 1307 1302 1292 1292 1297 1292 1292 1288 1288 1288 3816 0 1322
    1322 1322 1322 1322 1322 1317 1317 1317 1312 1312 1307 1307 1307
    1307 1307 1307 1302 1292 1292 1297 1297 1297 1288 1288 1288 0 0 1322
    1322 1322 1322 1322 1322 1317 1317 1317 1312 1312 1312 1307 1307
    1307 1307 1307 1302 1292 1292 1297 1297 1297 1292 1292 1292 3816
    1322 1322 1322 1328 1328 1322 1322 1317 1317 1317 1312 1312 1312
    1307 1307 1307 1307 1307 1302 1292 1292 1297 1297 1297 1297 1297
    1297 1328 1328 1328 1328 1328 1322 1322 1322 1322 1317 1317 1312
    1312 1312 1312 1312 1307 1307 1307 1302 1302 1302 1302 1297 1297
    1297 1307 1307 1338 1328 1328 1322 1322 1322 1322 1322 1322 1317
    1317 1312 1312 1312 1312 1312 1307 1307 1307 1307 1302 1297 1297
    1297 1297 1297 1297 0 0 1338 1328 1322 1322 1322 1322 1322 1317 1317
    1317 1312 1312 1312 1312 1312 1312 1307 1307 1302 1302 1297 1297
    1297 1297 1297 1297 0 1338 1338 1328 1322 1322 1322 1322 1322 1317
    1317 1317 1312 1312 1312 1312 1312 1312 1307 1307 1302 1302 1297
    1297 1297 1297 1297 1297 1297 1328 1328 1328 1322 1322 1322 1322
    1322 1322 1317 1317 1312 1312 1312 1312 1312 1312 1307 1307 1302
    1302 1302 1297 1297 1297 1297 1297 1297 0 1328 1328 1328 1328 1328
    1322 1322 1322 1317 1317 1312 1312 1312 1312 1312 1312 1307 1307
    1302 1302 1302 1297 1297 1297 1297 1297 1297 0 1328 1328 1328 1328
    1328 1322 1322 1322 1322 1317 1317 1317 1312 1312 1312 1312 1307
    1307 1307 1302 1302 1297 1297 1297 1297 1297 1297 0 1328 1328 1328
    1328 1322 1322 1322 1317 1317 1317 1317 1312 1312 1312 1312 1307
    1307 1307 1302 1302 1302 1302 1302 1302 1297 1297 1297 0 1328 1328
    1328 1328 1322 1322 1322 1317 1317 1317 1312 1312 1312 1312 1307
    1307 1307 1307 1302 1302 1302 1302 1302 1302 1297 1297 1297 1328
    1328 1328 1328 1328 1328 1322 1322 1322 1317 1312 1312 1312 1312
    1312 1307 1307 1307 1307 1307 1302 1302 1302 1302 1302 1297 1297
    1297 1333 1333 1328 1328 1328 1328 1322 1322 1322 1317 1312 1312
    1312 1312 1312 1307 1307 1307 1307 1307 1302 1302 1302 1302 1302
    1307 1307 1292 1333 1333 1328 1328 1328 1328 1328 1328 1322 1317
    1317 1312 1312 1312 1312 1307 1307 1307 1307 1307 1302 1302 1302
    1302 1302 1292 1292 1292 1328 1328 1328 1328 1328 1328 1328 1328
    1322 1317 1317 1312 1312 1312 1312 1312 1307 1307 1307 1307 1302
    1302 1302 1297 1297 1292 1292 1292 0 1333 1333 1328 1328 1328 1328
    1328 1322 1322 1317 1317 1312 1312 1312 1312 1307 1307 1307 1307
    1307 1302 1302 1297 1292 1292 1292 1292 0 1333 1333 1328 1328 1328
    1328 1328 1328 1322 1317 1317 1312 1312 1312 1312 1307 1307 1307
    1307 1307 1302 1302 1297 1292 1292 1292 1292 0 1333 1333 1333 1333
    1328 1328 1328 1322 1322 1322 1317 1317 1312 1312 1312 1312 1307
    1307 1307 1307 1302 1302 1302 1297 1297 1297 1297 0 1338 1338 1333
    1333 1328 1328 1328 1322 1322 1317 1317 1317 1312 1312 1307 1307
