<?xml version="1.0"?>
<opencv_storage>
<Depth5005 type_id="opencv-matrix">
  <rows>60</rows>
  <cols>49</cols>
  <dt>w</dt>
  <data>
    4349 4349 4295 4295 4295 4295 4295 4295 4295 4241 4241 4241 4295
    4295 4241 4241 4241 4190 4190 4190 4139 4139 4139 4041 3994 3994
    4041 4041 1794 1794 1794 1804 1804 1804 1804 1804 1804 3948 3903
    3903 3859 3859 3859 3859 3859 3859 3859 3859 3859 4349 4349 4295
    4295 4295 4295 4295 4295 4295 4295 4295 4295 4295 4241 4241 4241
    4241 4190 1785 1785 1804 1785 1785 4041 3994 3994 3994 1785 1785
    1785 1785 1794 1804 1813 1804 1794 1794 1794 3948 3903 3903 3859
    3859 3859 3859 3859 3859 3859 3859 4349 4349 4295 4295 4295 4295
    4295 4295 4295 4295 4295 4295 4241 4241 4241 4295 4241 1785 1776
    1776 1785 1785 1785 1785 1785 1785 1785 1785 1785 1785 1785 1785
    1794 1804 1804 1794 1794 1794 3903 3903 3903 3903 3859 3859 3859
    3859 3859 3859 3859 4349 4349 4295 4295 4295 4349 4295 4295 4295
    4295 4295 4295 4241 4241 4241 4241 1785 1776 1776 1776 1776 1776
    1776 1776 1776 1776 1776 1785 1785 1785 1785 1785 1794 1804 1804
    1804 1804 1804 4089 3903 3903 3903 3903 3859 3859 3859 3859 3859
    3859 4349 4295 4295 4295 4295 4349 4349 4295 4295 4295 1748 1748
    1731 1731 1748 1766 1766 1766 1766 1766 1776 1776 1776 1776 1776
    1776 1776 1785 1785 1785 1785 1785 1785 1794 1794 1794 1804 1804
    3903 3903 3903 3903 3903 3859 3859 3859 3859 3859 3859 4349 4295
    4295 4295 1785 1776 1776 4349 4349 1748 1748 1748 1731 1731 1748
    1766 1766 1766 1766 1766 1776 1776 1776 1776 1776 1776 1776 1785
    1785 1785 1785 1785 1785 1794 1794 1794 1804 1804 3903 3903 3903
    3903 3903 3859 3859 3859 3859 3859 3859 4463 4405 4405 1794 1785
    1766 1757 1748 1748 1748 1748 1748 1757 1757 1757 1766 1766 1766
    1766 1766 1776 1776 1776 1776 1776 1776 1785 1785 1785 1785 1785
    1785 1794 1794 1794 1804 1804 1804 1804 3903 3903 3903 3903 3903
    3903 3859 3859 3859 3859 1813 1804 1804 1794 1785 1766 1757 1748
    1748 1748 1748 1748 1757 1757 1757 1766 1766 1766 1766 1766 1776
    1776 1776 1776 1776 1776 1785 1785 1785 1785 1785 1785 1794 1804
    1804 1804 1804 1794 1794 1794 3903 3903 3903 3903 3903 3859 3859
    3859 3859 1813 1813 1794 1785 1785 1766 1757 1748 1748 1748 1748
    1748 1757 1757 1757 1766 1766 1776 1776 1776 1776 1776 1776 1776
    1776 1776 1785 1785 1785 1785 1785 1785 1794 1794 1804 1804 1804
    1785 1785 1785 3859 3859 3859 3859 3859 3903 3903 3859 3859 1823
    1813 1794 1785 1785 1776 1757 1748 1748 1748 1748 1748 1757 1757
    1757 1757 1766 1766 1766 1766 1766 1776 1776 1776 1776 1776 1776
    1785 1785 1785 1785 1785 1785 1794 1794 1804 1804 1785 1785 3859
    3859 3859 3859 3859 3859 3903 3903 3859 3859 1823 1813 1804 1794
    1785 1776 1757 1748 1748 1748 1748 1757 1757 1757 1757 1757 1766
    1766 1766 1766 1766 1776 1776 1776 1776 1776 1776 1776 1776 1785
    1785 1785 1785 1794 1794 1794 1785 1785 1785 3859 3859 3903 3903
    3903 3903 3903 3859 3859 3816 1833 1823 1813 1794 1785 1776 1766
    1748 1748 1748 1748 1757 1748 1748 1748 1748 1748 1757 1757 1766
    1766 1766 1776 1776 1776 1776 1776 1776 1776 1776 1776 1776 1785
    1785 1785 1785 1785 1785 1794 3903 3903 3903 3903 3903 3903 3903
    3859 3859 3816 1823 1823 1813 1794 1785 1776 1766 1748 1748 1748
    1748 1757 1748 1748 1748 1748 1748 1748 1748 1757 1766 1766 1776
    1776 1776 1776 1776 1776 1776 1776 1776 1776 1785 1785 1785 1785
    1785 1794 1794 1794 3903 3903 3903 3903 3903 3859 3859 3859 3816
    1823 1823 1813 1794 1785 1776 1766 1748 1748 1748 1748 1748 1748
    1748 1748 1748 1748 1748 1748 1748 1766 1766 1776 1776 1776 1776
    1776 1785 1785 1776 1776 1785 1785 1785 1785 1785 1785 1785 1794
    1794 3948 3948 3903 3903 3903 3859 3859 3816 3816 1813 1813 1804
    1794 1785 1776 1766 1757 1748 1748 1748 1748 1748 1748 1748 1748
    1748 1748 1748 1748 1757 1757 1766 1766 1766 1776 1776 1776 1776
    1776 1776 1776 1785 1785 1785 1785 1785 1785 1785 1785 3994 3948
    3903 3903 3903 3859 3859 3816 3816 1813 1813 1804 1794 1785 1785
    1776 1766 1748 1748 1748 1748 1748 1748 1748 1748 1748 1748 1748
    1748 1748 1757 1766 1766 1766 1776 1776 1776 1776 1776 1776 1776
    1785 1785 1785 1785 1785 1785 1785 1785 1785 3948 3948 3903 3903
    3859 3859 3816 3816 1823 1813 1804 1804 1785 1785 1776 1766 1748
    1739 1739 1739 1739 1748 1748 1748 1748 1748 1748 1748 1748 1748
    1757 1766 1766 1766 1766 1766 1776 1776 1776 1776 1776 1785 1785
    1785 1785 1785 1785 1785 1785 3948 3948 3903 3859 3859 3859 3816
    3816 1843 1823 1813 1804 1794 1785 1776 1766 1748 1739 1739 1739
    1739 1748 1748 1748 1748 1748 1748 1748 1748 1748 1757 1766 1776
    1766 1766 1766 1766 1776 1776 1776 1776 1776 1785 1785 1785 1785
    1785 1785 1785 1785 3903 3903 3859 3859 3859 3859 3816 1843 1833
    1823 1813 1794 1785 1776 1766 1748 1748 1748 1739 1739 1748 1748
    1748 1748 1748 1748 1748 1748 1748 1748 1757 1766 1766 1766 1766
    1766 1776 1776 1776 1776 1776 1785 1785 1785 1785 1785 1785 1785
    1785 3903 3903 3859 3859 3859 3859 3816 4405 1833 1823 1813 1804
    1785 1776 1766 1748 1739 1739 1748 1748 1748 1748 1748 1748 1748
    1748 1748 1748 1748 1748 1757 1766 1766 1766 1766 1766 1766 1776
    1776 1776 1776 1785 1785 1785 1785 1785 1785 1785 1785 3948 3903
    3859 3859 3859 3859 3816 4349 1833 1823 1813 1813 1794 1785 1776
    1748 1739 1739 1748 1748 1748 1739 1739 1748 1748 1748 1748 1748
    1748 1757 1757 1757 1757 1766 1766 1766 1766 1766 1776 1785 1785
    1785 1785 1785 1785 1785 1785 1785 1785 1785 3903 3859 3859 3859
    3859 3859 4349 1833 1823 1823 1813 1794 1785 1776 1766 1748 1739
    1739 1748 1739 1739 1739 1748 1748 1748 1748 1748 1748 1757 1757
    1757 1757 1766 1757 1757 1757 1766 1776 1776 1785 1785 1785 1785
    1785 1776 1776 1776 1776 1776 3903 3859 3859 3859 3859 3859 4190
    1833 1823 1823 1813 1794 1785 1776 1766 1748 1739 1739 1739 1739
    1739 1739 1739 1739 1748 1748 1748 1748 1748 1748 1748 1748 1757
    1757 1757 1757 1766 1776 1776 1776 1785 1776 1776 1776 1776 1776
    1776 1776 1776 3859 3859 3859 3859 3859 3859 4190 4190 1823 1823
    1813 1794 1785 1776 1766 1748 1739 1739 1739 1739 1739 1739 1739
    1739 1748 1748 1748 1748 1748 1748 1748 1748 1757 1757 1757 1766
    1766 1776 1776 1776 1776 1776 1776 1776 1776 1776 1776 1776 1776
    3816 3816 3859 3859 3859 3816 4190 4190 1833 1823 1813 1794 1785
    1776 1766 1748 1739 1739 1739 1739 1739 1739 1739 1739 1748 1748
    1748 1748 1748 1748 1748 1757 1757 1757 1757 1766 1766 1776 1776
    1776 1776 1776 1776 1776 1776 1776 1776 1776 1776 3816 3816 3859
    3859 3859 3816 4463 1843 1843 1833 1823 1804 1785 1776 1766 1748
    1739 1739 1739 1739 1739 1739 1739 1739 1748 1748 1748 1748 1748
    1748 1748 1757 1757 1757 1757 1766 1766 1766 1766 1766 1766 1776
    1776 1776 1776 1776 1785 1776 1776 1776 3859 3859 3859 3859 3816
    4405 4405 1833 1833 1823 1813 1794 1776 1776 1748 1739 1739 1739
    1739 1739 1739 1739 1739 1748 1748 1748 1748 1748 1748 1748 1757
    1757 1757 1757 1757 1766 1766 1766 1766 1766 1766 1776 1776 1776
    1776 1776 1776 1776 1776 3903 3859 3859 3859 3816 4405 4405 4405
    1823 1813 1804 1794 1785 1776 1748 1739 1739 1731 1731 1739 1739
    1739 1739 1739 1739 1748 1748 1748 1748 1748 1748 1748 1757 1757
    1757 1757 1766 1766 1766 1766 1766 1776 1776 1776 1776 1776 1776
    1776 1776 1776 3903 3859 3859 3816 4405 4349 4349 1823 1804 1794
    1794 1785 1776 1748 1739 1731 1722 1722 1731 1739 1739 1739 1739
    1739 1739 1748 1748 1748 1748 1748 1748 1757 1757 1757 1757 1757
    1766 1766 1766 1766 1766 1776 1776 1776 1776 1776 1776 1776 1776
    3903 3859 3859 3816 4405 4295 4295 1823 1804 1794 1794 1785 1776
    1748 1739 1731 1722 1722 1731 1731 1731 1739 1739 1739 1739 1739
    1748 1748 1748 1748 1748 1748 1748 1757 1757 1757 1757 1766 1766
    1766 1766 1766 1776 1776 1776 1776 1776 1776 1776 1776 3903 3859
    3859 4405 4295 4295 1823 1813 1804 1804 1794 1785 1748 1739 1731
