<?xml version="1.0"?>
<opencv_storage>
<Depth7717 type_id="opencv-matrix">
  <rows>51</rows>
  <cols>42</cols>
  <dt>w</dt>
  <data>
    4089 4089 4041 4041 4041 4041 4089 4041 4041 3994 3994 3994 3994
    3994 3994 3994 3948 3948 3948 3994 3948 3948 3948 3948 1739 1739
    3948 1766 1766 1757 1757 1757 1748 1748 1748 1705 3816 3816 3816
    3816 3816 3816 4089 4089 4041 4041 4041 4041 4089 4041 1722 1722
    1722 3994 3994 3994 3994 3994 3948 3948 1757 1739 1731 1731 1731
    1713 1713 1713 1713 1713 1731 1739 1739 1722 1722 1705 1705 1705
    1688 3816 3816 3816 3816 3816 4139 4139 4041 4041 4041 1731 1731
    1731 1722 1722 1722 1731 1731 1748 4041 3994 3994 1705 1705 1731
    1722 1722 1705 1705 1705 1705 1705 1705 1705 1705 1713 1705 1705
    1705 1696 1696 1688 1688 3816 3816 3816 3816 4139 4139 1680 1722
    1722 1722 1722 1722 1713 1713 1722 1713 1713 1705 1696 1696 1696
    1696 1696 1696 1696 1696 1696 1696 1696 1696 1696 1696 1696 1696
    1696 1696 1696 1696 1696 1696 1688 1688 1696 3816 3816 3816 1671
    1671 1680 1680 1680 1688 1696 1705 1705 1705 1705 1696 1696 1688
    1688 1688 1696 1696 1688 1688 1688 1688 1688 1688 1696 1696 1696
    1696 1696 1696 1696 1696 1696 1696 1696 1696 1696 1696 1696 1696
    3816 3816 1671 1671 1671 1671 1671 1671 1671 1671 1671 1671 1680
    1688 1688 1688 1688 1688 1688 1688 1688 1688 1688 1688 1688 1688
    1688 1688 1688 1688 1696 1696 1696 1696 1696 1696 1696 1696 1696
    1696 1696 1696 3859 3859 1663 1663 1663 1663 1663 1671 1663 1663
    1663 1663 1671 1680 1680 1680 1680 1680 1688 1688 1688 1688 1688
    1688 1688 1688 1688 1688 1688 1688 1696 1688 1688 1688 1688 1696
    1696 1696 1696 1696 1696 1696 3859 3859 1663 1663 1663 1663 1663
    1671 1663 1663 1663 1663 1671 1671 1671 1671 1671 1671 1671 1680
    1680 1680 1688 1688 1688 1688 1688 1688 1696 1696 1688 1688 1688
    1688 1688 1696 1696 1696 1696 1696 1696 1696 3859 3816 1663 1663
    1663 1663 1663 1671 1663 1663 1663 1663 1663 1671 1671 1671 1671
    1671 1671 1680 1680 1680 1688 1680 1680 1680 1688 1688 1696 1696
    1688 1688 1688 1688 1696 1696 1696 1696 1696 1696 1696 1696 3859
    3816 1671 1663 1663 1663 1663 1671 1663 1663 1663 1663 1663 1663
    1671 1663 1663 1671 1671 1671 1680 1688 1680 1680 1680 1680 1680
    1680 1688 1696 1696 1696 1696 1696 1696 1696 1696 1696 1696 1696
    1696 1696 3859 3816 1671 1663 1663 1663 1663 1671 1663 1663 1663
    1663 1663 1663 1671 1663 1663 1671 1671 1671 1680 1680 1680 1680
    1680 1680 1680 1680 1688 1688 1696 1696 1696 1696 1696 1696 1696
    1696 1696 1696 1696 1696 3816 3816 1688 1671 1663 1663 1663 1663
    1663 1663 1663 1663 1663 1663 1671 1671 1671 1671 1680 1680 1680
    1680 1680 1680 1680 1680 1680 1680 1688 1688 1696 1696 1696 1688
    1688 1688 1688 1688 1688 1696 1696 1696 3816 3816 1688 1671 1663
    1663 1663 1663 1663 1663 1663 1663 1663 1663 1671 1671 1671 1671
    1680 1680 1680 1680 1680 1688 1688 1688 1688 1688 1688 1688 1696
    1696 1696 1688 1688 1688 1688 1688 1688 1696 1696 1705 1705 3816
    1671 1671 1663 1663 1663 1663 1663 1663 1663 1663 1663 1663 1671
    1680 1680 1680 1680 1680 1680 1680 1680 1688 1688 1688 1688 1688
    1688 1696 1696 1696 1696 1696 1696 1696 1688 1688 1688 1696 1696
    1705 1705 3816 1671 1671 1663 1663 1663 1663 1663 1663 1663 1663
    1663 1663 1671 1680 1680 1680 1680 1680 1680 1680 1680 1688 1688
    1688 1696 1696 1696 1688 1688 1696 1696 1696 1696 1696 1688 1688
    1688 1696 1696 1696 3859 3859 1663 1663 1663 1663 1663 1663 1663
    1663 1663 1663 1663 1663 1671 1671 1671 1671 1680 1680 1680 1680
    1680 1688 1688 1688 1688 1688 1688 1688 1688 1696 1696 1696 1696
    1696 1688 1688 1688 1688 1696 1696 3859 3859 1663 1663 1663 1663
    1663 1663 1663 1663 1663 1663 1663 1671 1671 1671 1671 1671 1680
    1680 1671 1671 1680 1688 1688 1688 1688 1688 1688 1688 1688 1696
    1696 1696 1696 1696 1688 1688 1688 1688 1688 1688 3859 3859 1663
    1663 1663 1663 1663 1663 1663 1663 1663 1663 1663 1671 1671 1671
    1671 1671 1680 1680 1671 1671 1680 1680 1688 1688 1688 1688 1688
    1688 1688 1688 1696 1696 1696 1696 1688 1688 1688 1688 1688 1688
    3859 3859 1663 1663 1663 1663 1663 1663 1663 1663 1663 1663 1663
    1671 1671 1671 1671 1671 1671 1671 1671 1671 1680 1680 1688 1680
    1680 1688 1688 1688 1688 1688 1688 1688 1688 1696 1688 1688 1688
    1688 1688 1696 1696 3859 1663 1663 1663 1663 1663 1663 1663 1663
    1663 1663 1663 1663 1671 1671 1671 1671 1671 1671 1671 1671 1680
    1680 1688 1680 1680 1688 1688 1688 1688 1688 1688 1688 1688 1688
    1696 1688 1688 1688 1688 1688 1688 3859 1663 1663 1663 1663 1663
    1663 1663 1663 1663 1663 1663 1663 1671 1671 1663 1663 1671 1671
    1671 1680 1680 1680 1680 1680 1688 1688 1688 1696 1688 1688 1688
    1680 1680 1688 1688 1688 1688 1688 1688 1688 1688 3816 1663 1663
    1663 1663 1663 1663 1663 1663 1663 1663 1663 1663 1663 1671 1663
    1663 1671 1671 1671 1680 1680 1680 1680 1680 1688 1688 1688 1696
    1688 1688 1688 1680 1680 1688 1688 1688 1688 1688 1696 1696 1696
    3816 1663 1663 1663 1663 1663 1663 1663 1663 1663 1663 1663 1663
    1663 1671 1663 1663 1671 1671 1680 1680 1680 1680 1680 1680 1680
    1688 1688 1688 1688 1688 1688 1688 1688 1688 1688 1688 1688 1688
    1688 1688 1688 3816 1663 1663 1663 1663 1663 1663 1663 1663 1663
    1663 1663 1663 1663 1671 1663 1663 1671 1671 1671 1671 1671 1671
    1680 1680 1680 1688 1688 1688 1688 1688 1688 1688 1688 1688 1688
    1688 1688 1688 1688 1688 1688 3859 1663 1663 1663 1663 1663 1663
    1663 1663 1663 1663 1663 1663 1671 1671 1663 1663 1671 1671 1671
    1671 1671 1671 1671 1671 1680 1680 1688 1688 1688 1688 1688 1688
    1688 1688 1688 1688 1688 1688 1696 1696 1705 1705 1663 1663 1663
    1663 1663 1663 1663 1663 1663 1663 1663 1663 1663 1663 1663 1663
    1671 1671 1671 1671 1671 1671 1671 1671 1680 1680 1680 1680 1688
    1688 1688 1688 1688 1688 1680 1680 1688 1688 1696 1696 1696 1696
    1663 1663 1663 1663 1663 1663 1663 1663 1663 1663 1663 1663 1663
    1663 1663 1663 1671 1671 1671 1671 1671 1671 1680 1680 1680 1680
    1680 1680 1680 1680 1688 1688 1688 1688 1680 1680 1688 1688 1696
    1696 1696 1696 1663 1663 1663 1663 1663 1663 1663 1663 1663 1663
    1663 1663 1663 1663 1663 1663 1671 1671 1671 1671 1671 1671 1671
    1671 1680 1680 1680 1680 1680 1680 1680 1688 1680 1680 1680 1680
    1688 1688 1688 1688 1688 1688 1671 1671 1663 1663 1663 1663 1663
    1663 1663 1663 1663 1663 1663 1663 1663 1663 1671 1671 1671 1671
    1671 1671 1671 1671 1680 1680 1680 1671 1671 1680 1680 1680 1680
    1680 1680 1680 1680 1680 1688 1680 1680 1680 1688 1688 1671 1663
    1663 1663 1663 1663 1663 1663 1663 1663 1663 1663 1663 1663 1671
    1671 1671 1671 1671 1671 1671 1671 1671 1680 1671 1671 1671 1680
    1680 1680 1680 1680 1680 1680 1680 1680 1680 1680 1680 1680 1688
    1688 1671 1663 1663 1663 1663 1663 1663 1655 1655 1663 1663 1663
    1663 1663 1671 1671 1671 1671 1671 1671 1671 1671 1671 1680 1671
    1671 1671 1671 1671 1680 1680 1680 1680 1680 1680 1680 1680 1680
    1680 1680 1671 1671 1663 1663 1663 1663 1663 1663 1663 1655 1655
    1663 1663 1663 1663 1663 1671 1671 1671 1671 1671 1671 1671 1671
    1671 1671 1671 1680 1671 1671 1671 1680 1680 1680 1680 1680 1680
    1680 1680 1680 1688 1688 1663 1663 1663 1663 1663 1655 1655 1663
    1663 1663 1663 1663 1663 1663 1655 1655 1663 1663 1671 1671 1671
    1663 1663 1663 1663 1671 1671 1680 1671 1671 1671 1680 1680 1680
    1680 1680 1680 1680 1680 1680 1688 1688 3994 1655 1655 1663 1655
    1655 1655 1655 1663 1663 1663 1663 1663 1663 1655 1655 1663 1663
    1671 1671 1671 1663 1663 1663 1663 1671 1671 1671 1671 1671 1671
    1671 1671 1671 1671 1671 1671 1671 1671 1680 1680 1680 3994 1655
    1655 1663 1655 1655 1655 1655 1663 1663 1663 1663 1663 1663 1655
    1655 1663 1663 1671 1671 1671 1663 1663 1663 1663 1671 1671 1671
    1671 1671 1671 1671 1671 1671 1671 1671 1671 1671 1671 1671 1671
    1671 4041 1663 1663 1663 1663 1655 1655 1663 1663 1663 1663 1663
