<?xml version="1.0"?>
<opencv_storage>
<Depth0795 type_id="opencv-matrix">
  <rows>44</rows>
  <cols>61</cols>
  <dt>w</dt>
  <data>
    4463 4463 4463 4463 4463 4463 1731 1731 1731 1731 1731 1731 1739
    1739 4349 4349 4349 4349 1739 1739 4349 4349 4349 4349 4405 4405
    4405 4405 4405 4405 4349 4349 4405 4405 4349 4349 4405 4405 4405
    4349 4295 4295 4295 4349 4349 4349 4349 4349 4349 4349 4349 4349
    4349 4349 4295 4295 4295 4295 4295 4295 4241 4463 4463 4463 4463
    1722 1722 1722 1731 1731 1731 1731 1731 1731 1739 1731 1722 1713
    1713 1722 1731 1731 1731 1722 1722 1722 4405 4405 4405 4405 4405
    4349 4349 4405 4349 4349 4349 4349 4405 4405 4349 4295 4295 4295
    4349 4349 4349 4295 4295 4349 4349 4349 4349 4349 4349 4295 4295
    4295 4295 4295 4295 4295 4463 4463 4522 4522 1722 1722 1722 1722
    1722 1722 1722 1722 1722 1722 1722 1713 1713 1713 1713 1713 1722
    1722 1722 1722 1713 1713 1713 1713 1713 1731 1739 1739 1705 1705
    1705 1705 1705 1705 1705 1713 1722 1705 1705 4349 4349 4349 4295
    4295 4295 4295 4349 4349 4349 4349 4349 4295 4295 4295 4295 4295
    4295 4463 4463 4463 4463 1722 1722 1722 1722 1722 1722 1713 1713
    1713 1713 1713 1713 1713 1713 1713 1713 1722 1722 1722 1713 1713
    1713 1713 1713 1713 1713 1722 1722 1705 1705 1705 1705 1705 1705
    1705 1713 1713 1705 1705 1696 1696 4349 4295 4295 4295 4295 4295
    4349 4349 4349 4349 4241 4241 4349 4349 4295 4295 4463 4463 4463
    4463 1722 1722 1722 1722 1722 1722 1713 1713 1713 1705 1705 1713
    1713 1713 1705 1705 1713 1713 1713 1713 1713 1713 1705 1705 1705
    1705 1713 1713 1713 1713 1713 1713 1713 1713 1713 1713 1713 1705
    1705 1696 1696 1705 1705 1705 1705 1705 1705 4349 4349 4295 4295
    4241 4241 4349 4349 4295 4241 4463 4463 4463 4463 1722 1722 1722
    1722 1722 1722 1713 1713 1713 1705 1705 1713 1713 1713 1705 1705
    1713 1705 1705 1705 1705 1705 1705 1705 1705 1705 1705 1713 1705
    1705 1705 1705 1705 1713 1713 1713 1713 1705 1705 1705 1705 1705
    1705 1705 1705 1705 1705 1705 1705 1705 1705 1705 1705 1705 1705
    1705 4241 4463 4463 4463 0 1722 1722 1722 1722 1722 1713 1713 1705
    1705 1705 1705 1705 1713 1705 1705 1705 1705 1705 1705 1705 1705
    1705 1705 1705 1705 1705 1705 1705 1705 1705 1705 1705 1705 1713
    1713 1713 1705 1705 1705 1705 1705 1705 1705 1705 1705 1705 1705
    1705 1705 1705 1705 1705 1705 1705 1705 1705 1705 4463 4463 4463
    1713 1713 1713 1713 1722 1722 1713 1713 1705 1705 1705 1705 1705
    1705 1705 1705 1705 1705 1705 1705 1705 1705 1705 1705 1705 1705
    1705 1705 1705 1705 1705 1705 1705 1705 1705 1705 1705 1705 1705
    1705 1705 1705 1705 1705 1705 1705 1705 1705 1705 1705 1705 1705
    1705 1705 1705 1705 1705 1705 4405 4405 0 1713 1713 1713 1713 1713
    1713 1713 1713 1705 1705 1705 1705 1705 1705 1705 1705 1705 1705
    1705 1705 1705 1705 1705 1705 1705 1705 1705 1705 1705 1705 1705
    1705 1705 1705 1705 1705 1705 1705 1705 1705 1705 1705 1705 1705
    1705 1705 1705 1705 1705 1705 1705 1705 1696 1696 1696 1696 1696
    1705 4405 4405 0 1713 1713 1705 1705 1705 1705 1705 1705 1705 1705
    1705 1705 1705 1705 1705 1705 1705 1705 1705 1705 1705 1705 1705
    1705 1705 1705 1705 1705 1696 1696 1705 1705 1705 1705 1696 1696
    1696 1696 1705 1705 1696 1696 1696 1696 1696 1696 1705 1705 1705
    1705 1705 1705 1696 1696 1696 1696 1696 1696 4463 4463 0 1705 1705
    1705 1705 1705 1705 1705 1705 1705 1705 1705 1705 1705 1705 1705
    1705 1705 1705 1705 1705 1705 1705 1705 1705 1705 1705 1705 1696
    1696 1696 1696 1696 1705 1696 1696 1696 1696 1696 1705 1696 1696
    1696 1696 1696 1696 1696 1696 1696 1696 1696 1696 1705 1696 1696
    1696 1696 1696 1696 4463 4463 0 1705 1705 1705 1705 1705 1696 1696
    1705 1705 1705 1696 1696 1705 1705 1705 1705 1705 1705 1705 1696
    1696 1696 1696 1696 1705 1705 1705 1696 1696 1696 1696 1696 1696
    1696 1696 1696 1696 1696 1696 1696 1696 1696 1696 1696 1696 1696
    1696 1696 1696 1696 1696 1696 1696 1696 1688 1688 1688 1696 4582
    4582 0 1696 1696 1696 1705 1705 1696 1696 1696 1696 1696 1696 1696
    1696 1705 1705 1705 1705 1705 1705 1696 1696 1696 1696 1696 1696
    1696 1696 1696 1696 1696 1696 1696 1696 1696 1696 1696 1696 1696
    1696 1696 1696 1696 1696 1696 1696 1696 1696 1696 1696 1696 1696
    1696 1688 1688 1688 1688 1688 1688 4522 4522 1705 1696 1696 1696
    1705 1705 1696 1696 1696 1696 1696 1696 1696 1696 1696 1705 1696
    1696 1696 1705 1696 1696 1696 1696 1696 1696 1696 1696 1696 1696
    1696 1696 1696 1696 1696 1696 1696 1696 1696 1696 1696 1696 1696
    1696 1696 1696 1696 1696 1696 1696 1696 1696 1696 1688 1688 1688
    1688 1688 1688 4582 0 1705 1705 1696 1696 1696 1696 1696 1696 1696
    1696 1696 1696 1696 1696 1696 1696 1696 1696 1696 1696 1696 1696
    1696 1696 1696 1696 1696 1696 1696 1696 1696 1696 1696 1696 1696
    1696 1696 1696 1696 1696 1696 1696 1696 1696 1696 1696 1688 1688
    1688 1688 1688 1688 1688 1688 1680 1680 1680 1680 1680 4645 0 1696
    1696 1696 1696 1696 1696 1696 1696 1696 1696 1696 1696 1696 1696
    1696 1696 1696 1696 1696 1696 1696 1696 1688 1688 1696 1696 1696
    1696 1696 1696 1696 1696 1696 1696 1696 1696 1688 1688 1696 1696
    1696 1688 1688 1688 1688 1688 1688 1688 1688 1688 1688 1688 1688
    1688 1680 1680 1680 1680 1680 4645 0 1696 1696 1696 1696 1696 1696
    1696 1696 1696 1696 1696 1696 1696 1696 1696 1696 1696 1696 1696
    1696 1696 1688 1688 1688 1696 1696 1696 1696 1688 1688 1688 1696
    1696 1696 1688 1688 1688 1688 1696 1696 1696 1688 1688 1688 1688
    1688 1688 1688 1688 1688 1688 1688 1688 1688 1680 1680 1680 1680
    1680 4645 1696 1696 1696 1696 1696 1696 1696 1696 1696 1696 1688
    1688 1688 1688 1696 1688 1688 1688 1696 1696 1696 1696 1688 1688
    1688 1688 1688 1688 1688 1688 1680 1680 1688 1688 1696 1688 1688
    1688 1688 1696 1688 1688 1688 1688 1688 1696 1688 1688 1688 1680
    1680 1680 1680 1680 1680 1688 1688 1688 1680 1680 4708 1696 1696
    1696 1696 1696 1696 1696 1696 1696 1696 1688 1688 1688 1688 1688
    1688 1688 1688 1688 1696 1696 1696 1688 1688 1688 1688 1688 1688
    1680 1680 1680 1680 1688 1688 1688 1680 1680 1688 1688 1688 1688
    1688 1688 1688 1688 1688 1688 1688 1688 1680 1680 1680 1680 1680
    1680 1680 1688 1688 1680 1680 4645 1688 1688 1688 1688 1688 1688
    1688 1688 1688 1688 1688 1688 1688 1688 1688 1688 1688 1688 1688
    1688 1688 1688 1688 1688 1688 1688 1688 1688 1680 1680 1680 1680
    1688 1688 1688 1680 1680 1688 1688 1688 1688 1688 1688 1688 1688
    1688 1688 1688 1688 1680 1680 1680 1680 1680 1671 1671 1688 1688
    1680 1671 4645 1680 1680 1680 1688 1688 1688 1688 1688 1688 1688
    1688 1680 1680 1680 1680 1688 1688 1688 1688 1688 1688 1688 1688
    1688 1688 1688 1680 1680 1671 1671 1680 1680 1680 1680 1680 1680
    1680 1680 1680 1688 1688 1688 1688 1688 1688 1688 1688 1688 1688
    1680 1680 1680 1680 1680 1671 1671 1680 1688 1680 1671 4708 1671
    1671 1671 1688 1688 1688 1688 1688 1688 1680 1680 1680 1680 1680
    1680 1688 1680 1680 1680 1680 1680 1680 1680 1688 1688 1680 1680
    1680 1671 1671 1671 1680 1680 1680 1680 1680 1680 1680 1680 1680
    1680 1688 1688 1688 1680 1680 1680 1680 1680 1680 1680 1680 1680
    1671 1671 1671 1680 1680 1680 1680 4708 1671 1671 1671 1688 1688
    1688 1688 1688 1688 1680 1671 1671 1671 1671 1671 1680 1671 1671
    1671 1671 1680 1680 1680 1680 1680 1680 1680 1680 1671 1671 1671
    1671 1671 1671 1671 1671 1671 1671 1671 1680 1680 1688 1688 1688
    1680 1680 1680 1671 1671 1671 1671 1680 1671 1671 1671 1671 1671
    1671 1671 1680 4708 1671 1671 1671 1688 1688 1688 1688 1688 1688
    1680 1671 1671 1671 1671 1671 1671 1671 1671 1671 1671 1680 1680
    1680 1680 1680 1680 1671 1671 1671 1671 1671 1671 1671 1671 1671
    1671 1671 1671 1671 1671 1671 1680 1680 1680 1680 1671 1671 1671
    1671 1671 1671 1671 1671 1671 1671 1671 1671 1671 1671 1680 1680
    1680 1680 1680 1688 1688 1688 1688 1688 1680 1680 1680 1671 1671
