<?xml version="1.0"?>
<opencv_storage>
<Depth2278 type_id="opencv-matrix">
  <rows>17</rows>
  <cols>18</cols>
  <dt>w</dt>
  <data>
    6753 6753 6753 6753 6753 6753 6753 6146 6038 6038 6038 6038 6038
    6038 5933 5933 6038 0 6753 6753 6753 6753 6753 6753 6753 6622 6375
    6146 6146 6038 6038 6038 5933 5933 6038 6038 6889 6889 6889 6889
    6889 6889 6889 6889 6622 6375 6259 6146 6038 6038 6038 6038 6038
    6038 7178 7030 7030 6889 6889 6889 6889 6889 6889 6622 6375 6259
    6146 6038 6038 6038 6038 6038 7332 7332 7178 6889 6889 6889 6889
    6889 6889 6889 6753 6497 6259 6146 6146 6038 6038 6038 7332 7332
    7332 6889 6889 6889 6889 6889 6889 6889 6889 6753 6497 6259 6146
    6146 6038 6038 7492 7492 7492 7178 7030 7030 6889 6889 6889 6889
    6889 6889 6753 6622 6375 6259 6259 6259 7492 7492 7492 7492 7492
    7030 7030 6889 6889 6889 6889 6889 6889 6753 6622 6497 6375 6259
    7492 7492 7660 7660 7835 7492 7030 6889 6889 6889 6889 6889 6889
    6889 6753 6622 6375 6375 7492 7492 7660 7835 7660 7660 7492 7178
    7030 7030 6889 6889 7030 7030 6889 6889 6622 6497 7660 7660 7660
    7660 7660 7660 7660 7492 7178 7030 7030 7030 7030 7030 7030 6889
    6622 6497 7660 7660 7660 7660 7660 7660 7660 7492 7332 7030 7030
    7030 7030 7030 7030 7030 6889 6753 7660 7660 7660 7835 7660 7660
    7660 7660 7492 7492 7030 7030 7030 7030 7030 7178 7178 7030 7660
    7660 7660 7835 7660 7660 7660 7660 7492 7492 7178 7030 7030 7030
    7030 7178 7178 7030 7835 7835 7835 8019 7835 7835 7835 7835 7835
    7835 7492 7332 7178 7178 7178 7178 7178 7030 7835 7835 7835 8019
    8019 8019 8019 8019 8019 7835 7660 7492 7332 7332 7332 7178 7178
    7030 7835 7835 8019 8212 8019 8019 8019 8019 8019 7835 7835 7660
    7660 7660 7492 7178 7178 7030</data></Depth2278>
</opencv_storage>
