<?xml version="1.0"?>
<opencv_storage>
<Depth3833 type_id="opencv-matrix">
  <rows>63</rows>
  <cols>60</cols>
  <dt>w</dt>
  <data>
    1722 1722 1705 1705 1705 1705 1713 1713 1713 0 0 0 0 0 0 0 0 0 0 0 0
    0 0 1705 1705 1696 1696 1696 1696 1696 1696 1713 1757 1757 1766 5374
    5374 5291 5291 5374 5374 5374 5374 5374 5374 5374 5291 5291 5210
    5210 5210 5210 5210 5210 5210 5210 5210 5210 5210 5210 1722 1722
    1713 1713 1713 1722 1722 1731 1731 0 0 0 0 0 0 0 0 0 0 0 0 0 1696
    1696 1696 1696 1696 1696 1688 1688 1696 1705 1722 1748 1757 1757
    1757 5291 5291 5374 5374 5374 5374 5374 5374 5374 5291 5291 5210
    5210 5210 5210 5210 5210 5210 5210 5210 5210 5210 5210 1722 1722
    1722 1722 1722 1731 1748 1748 1757 0 0 0 0 0 0 0 0 0 0 0 0 1696 1696
    1696 1696 1696 1696 1688 1688 1688 1688 1696 1722 1731 1739 1748
    1757 1757 5374 5374 5374 5374 5374 5374 5374 5374 5291 5291 5291
    5210 5210 5210 5210 5210 5210 5132 5132 5132 5210 5210 1731 1731
    1722 1722 1731 1739 1748 1748 1785 0 0 0 0 0 0 0 0 0 1696 1696 1696
    1696 1696 1696 1696 1696 1696 1688 1688 1688 1688 1696 1713 1731
    1731 1748 1757 1757 1757 5460 5374 5374 5374 5374 5291 5291 5291
    5291 5291 5291 5210 5210 5210 5210 5210 5132 5132 5132 5210 5210
    1731 1731 1722 1722 1731 1757 1748 1748 0 0 0 0 0 0 0 0 0 1713 1696
    1696 1696 1696 1696 1696 1696 1696 1696 1696 1688 1688 1688 1688
    1696 1713 1731 1739 1757 1757 1766 1766 5374 5374 5374 5374 5291
    5291 5291 5291 5291 5291 5210 5210 5210 5210 5210 5210 5210 5132
    5132 5210 4645 4645 4645 4774 4774 4842 4842 4842 4842 0 0 0 0 0 0 0
    1722 1713 1696 1696 1696 1696 1696 1696 1696 1696 1696 1696 1688
    1688 1688 1688 1688 1696 1722 1731 1739 1757 1766 1766 5374 5374
    5374 5374 5374 5374 5291 5291 5291 5291 5291 5291 5291 5291 5210
    5210 5210 5132 5132 5210 4645 4645 4645 4645 4708 4774 4842 4842
    4842 1731 1731 0 0 0 0 1713 1713 1713 1713 1705 1696 1696 1696 1696
    1705 1705 1696 1688 1688 1688 1688 1688 1688 1696 1705 1722 1731
    1748 1757 1757 1757 5374 5374 5374 5374 5374 5374 5374 5291 5291
    5291 5291 5291 5291 5291 5210 5210 5210 5210 5210 4645 4645 4645
    4645 4708 4708 4842 4842 4842 1731 1731 0 0 1722 1713 1705 1696 1696
    1705 1705 1696 1696 1696 1696 1696 1705 1696 1688 1688 1688 1688
    1688 1688 1688 1696 1705 1722 1739 1757 1757 1757 5374 5374 5374
    5374 5374 5374 5374 5291 5291 5291 5291 5291 5291 5210 5210 5210
    5210 5210 5210 4645 4645 4645 4645 4708 4708 4842 4842 4842 1731
    1731 1731 1722 1713 1705 1705 1696 1696 1705 1705 1705 1705 1705
    1696 1696 1705 1696 1688 1688 1688 1688 1688 1688 1688 1696 1705
    1713 1731 1748 1748 1748 1748 5374 5374 5374 5374 5374 5374 5374
    5374 5291 5291 5291 5291 5210 5210 5210 5291 5291 5291 4645 4645
    4645 4645 4708 4708 4774 4708 4708 1731 1731 1722 1722 1713 1705
    1705 1696 1696 1705 1705 1705 1705 1705 1696 1696 1696 1696 1688
    1688 1688 1688 1688 1688 1688 1688 1696 1713 1722 1739 1739 1739
    1739 5374 5374 5374 5374 5374 5460 5374 5374 5374 5291 5291 5291
    5210 5210 5210 5291 5210 5210 4645 4645 4645 4645 4708 4774 4708
    4708 1731 1731 1731 1722 1722 1722 1713 1705 1705 1705 1705 1713
    1713 1713 1713 1696 1696 1696 1696 1688 1688 1696 1696 1688 1688
    1688 1688 1696 1713 1722 1731 1739 1739 1757 1757 5374 5374 5460
    5460 5460 5374 5374 5374 5291 5291 5291 5210 5210 5210 5210 5210
    5210 4645 4645 4645 4645 4708 4774 4708 4708 1722 1722 1722 1722
    1722 1722 1713 1713 1713 1713 1713 1713 1722 1722 1713 1713 1696
    1696 1696 1696 1696 1696 1696 1688 1688 1688 1688 1696 1705 1713
    1722 1731 1739 1748 1757 1757 5460 5460 5460 5374 5374 5374 5374
    5374 5291 5291 5210 5210 5210 5210 5210 5210 4582 4645 4645 4645
    4708 4774 4774 1731 1722 1722 1722 1722 1722 1722 1713 1713 1713
    1713 1713 1713 1722 1722 1713 1713 1705 1696 1696 1696 1696 1696
    1696 1688 1688 1688 1688 1688 1696 1705 1713 1722 1739 1748 1766
    1766 5460 5460 5460 5374 5374 5291 5291 5374 5374 5374 5291 5210
    5210 5210 5210 5210 4582 4582 4582 4582 4708 1731 1722 1722 1722
    1722 1722 1722 1722 1722 1722 1722 1722 1713 1713 1713 1722 1722
    1722 1713 1713 1696 1696 1696 1696 1696 1688 1688 1688 1688 1688
    1688 1688 1696 1705 1722 1731 1748 1757 1766 1766 5548 5374 5374
    5374 5291 5291 5291 5291 5291 5291 5210 5210 5210 5210 5210 4582
    4582 1722 1722 1722 1731 1722 1722 1722 1722 1722 1722 1722 1722
    1722 1722 1722 1722 1713 1713 1722 1722 1722 1713 1705 1696 1696
    1696 1696 1688 1688 1688 1688 1688 1688 1688 1688 1688 1696 1713
    1722 1731 1748 1766 1776 1776 5374 5374 5374 5291 5291 5291 5291
    5291 5291 5210 5210 5210 5210 5210 1731 1722 1722 1722 1722 1722
    1722 1722 1722 1722 1722 1722 1722 1722 1722 1722 1722 1722 1713
    1713 1713 1722 1722 1713 1705 1696 1696 1696 1696 1688 1688 1688
    1688 1688 1688 1688 1688 1688 1696 1705 1713 1722 1739 1757 1766
    1766 5374 5374 5374 5291 5291 5291 5291 5291 5291 5210 5210 5210
    5210 5210 1731 1722 1722 1722 1722 1722 1722 1722 1722 1722 1722
    1722 1722 1722 1722 1722 1722 1722 1713 1713 1705 1705 1713 1705
    1705 1696 1696 1696 1696 1688 1688 1688 1688 1688 1688 1688 1680
    1680 1688 1696 1705 1713 1731 1748 1757 1766 5460 5374 5374 5291
    5291 5291 5291 5291 5291 5210 5210 5210 5210 5210 1739 1731 1731
    1722 1722 1722 1722 1722 1722 1722 1722 1722 1713 1713 1713 1722
    1722 1722 1722 1713 1705 1705 1696 1696 1696 1696 1696 1696 1696
    1696 1688 1688 1688 1688 1688 1688 1680 1680 1680 1680 1696 1696
    1722 1731 1757 1757 1757 5460 5374 5374 5291 5291 5291 5291 5291
    5291 5291 5210 5210 5210 1739 1731 1731 1731 1722 1722 1722 1722
    1722 1722 1722 1722 1713 1705 1705 1705 1722 1722 1722 1713 1713
    1705 1696 1696 1696 1696 1696 1696 1696 1696 1688 1688 1688 1688
    1680 1680 1680 1680 1680 1680 1696 1696 1722 1731 1748 1757 1757
    5460 5374 5374 5291 5291 5291 5291 5291 5291 5210 5210 5210 5210
    1731 1731 1731 1731 1722 1722 1722 1722 1722 1722 1713 1713 1713
    1705 1705 1705 1713 1722 1713 1713 1713 1705 1696 1696 1696 1705
    1696 1696 1696 1696 1688 1688 1688 1680 1680 1680 1680 1680 1680
    1688 1688 1696 1713 1731 1748 1748 1757 1757 5460 5374 5374 5374
    5374 5374 5291 5291 5210 5210 5210 5210 1731 1731 1731 1731 1722
    1722 1722 1722 1722 1722 1713 1713 1713 1705 1705 1705 1713 1722
    1713 1713 1713 1705 1705 1696 1696 1696 1705 1696 1696 1696 1696
    1688 1688 1680 1680 1680 1680 1680 1680 1688 1688 1688 1696 1722
    1739 1739 1748 1748 5460 5374 5374 5374 5374 5374 5291 5291 5291
    5210 5210 5210 1739 1731 1722 1722 1722 1722 1722 1722 1722 1722
    1722 1713 1713 1705 1705 1705 1722 1722 1713 1713 1713 1705 1705
    1696 1696 1696 1705 1696 1696 1696 1696 1688 1688 1688 1688 1688
    1688 1688 1688 1688 1688 1688 1688 1713 1722 1731 1739 1748 1748
    5460 5460 5374 5374 5374 5374 5291 5291 5210 5210 5210 4405 1731
    1722 1722 1722 1722 1722 1722 1722 1722 1722 1713 1713 1713 1705
    1705 1713 1713 1705 1705 1705 1705 1705 1696 1696 1696 1705 1696
    1696 1696 1696 1688 1688 1688 1688 1688 1688 1688 1688 1680 1680
    1680 1688 1696 1713 1731 1731 1731 1731 5460 5374 5374 5374 5374
    5374 5374 5291 5210 5210 5210 4405 1722 1722 1722 1722 1722 1722
    1722 1722 1722 1722 1713 1713 1713 1722 1722 1713 1696 1696 1705
    1705 1705 1705 1696 1696 1696 1696 1696 1696 1688 1688 1688 1688
    1688 1688 1688 1688 1688 1688 1680 1680 1680 1680 1696 1705 1722
    1722 1731 1731 1731 5374 5374 5374 5374 5374 5374 5291 5291 5210
    5210 4405 4405 1739 1739 1722 1722 1722 1722 1722 1722 1722 1713
    1713 1713 1722 1722 1705 1696 1696 1696 1705 1713 1705 1696 1696
    1696 1696 1688 1688 1688 1688 1688 1688 1688 1688 1688 1688 1680
    1680 1680 1680 1680 1680 1688 1696 1705 1713 1722 1731 1731 5374
    5374 5374 5291 5291 5291 5291 5291 5210 5210 4405 4349 1731 1731
    1731 1731 1731 1731 1731 1722 1722 1722 1713 1713 1713 1722 1705
