<?xml version="1.0"?>
<opencv_storage>
<Depth18604 type_id="opencv-matrix">
  <rows>87</rows>
  <cols>101</cols>
  <dt>w</dt>
  <data>
    3433 3433 3468 3468 3468 3468 3468 3468 3468 3468 3503 3503 3503
    3503 3503 3539 3539 3539 3539 3576 3576 3576 3576 3614 3614 3614
    3614 3653 3653 3653 3653 3653 3692 3692 3692 3653 3653 3653 3692
    3692 3692 3732 3732 3732 3732 3732 3732 3732 3732 3774 3774 3774
    3774 3816 3816 3774 3774 3774 3732 3692 3692 3692 3692 3859 3859
    3859 3774 3774 1050 1050 1050 1050 1054 1054 1057 1060 1060 1060 0
    3774 3774 3774 3774 3774 3732 3732 3732 3732 3732 3732 3732 3732
    3692 3692 3692 3692 3653 3653 3614 3576 3576 3468 3468 3468 3468
    3468 3468 3503 3503 3468 3468 3503 3503 3503 3539 3539 3576 3614
    3614 3614 3614 3614 3614 3614 3614 3614 3614 3614 3653 3653 3692
    3692 3732 3732 3692 3692 3692 3692 3692 3692 3692 3732 3732 3732
    3732 3732 3732 3774 3774 3774 3774 3774 3816 3816 3774 3774 3774
    3774 0 0 3774 1054 1054 0 1054 1054 1054 1054 1054 1050 1050 1050
    1050 1054 1054 1054 1057 1057 1057 0 3859 3774 3774 3774 3774 3732
    3732 3732 3732 3732 3732 3732 3692 3692 3692 3692 3692 3653 3653
    3614 3576 3576 3468 3468 3503 3503 3503 3503 3503 3503 3503 3503
    3503 3539 3539 3576 3576 3576 3614 3614 3614 3614 3614 3614 3614
    3614 3653 3653 3653 3653 3653 3692 3692 3732 3732 3732 3732 3732
    3732 3732 3732 3732 3732 3732 3774 3774 3774 3774 3774 3774 3774
    3774 3774 3774 3816 3774 3774 0 0 0 0 0 0 1054 1054 1054 1054 1054
    1054 1050 1050 1050 1050 1050 1050 1050 1050 1054 1057 1057 0 3859
    3859 3774 3774 3732 3732 3732 3732 3732 3732 3732 3692 3692 3692
    3692 3692 3692 3653 3653 3614 3614 3576 3503 3503 3503 3503 3503
    3503 3503 3503 3503 3503 3503 3503 3539 3539 3576 3576 3653 3614
    3614 3614 3614 3614 3614 3614 3653 3653 3653 3692 3692 3732 3732
    3732 3732 3732 3732 3774 3732 3732 3732 3774 3774 3774 3774 3774
    3774 3774 3816 3774 3774 3774 3774 3774 3816 3816 0 0 0 0 0 0 1054
    1054 1054 1054 1054 1050 1050 1050 1050 1050 1050 1050 1050 1050
    1047 1047 1047 0 0 0 3859 3774 3732 3732 3732 3732 3732 3732 3732
    3732 3692 3692 3692 3692 3692 3653 3653 3653 3614 3614 3576 3503
    3503 3503 3503 3503 3503 3539 3539 3503 3503 3503 3503 3539 3539
    3614 3614 3653 3653 3653 3614 3614 3614 3614 3653 3653 3653 3653
    3692 3692 3732 3732 3732 3732 3732 3774 3774 3774 3774 3774 3774
    3774 3774 3774 3774 3774 3774 3816 3816 3816 3816 3816 0 0 0 0 0 0 0
    0 0 0 1054 1054 1054 1054 1050 1050 1050 1050 1050 1050 1050 1050
    1050 1047 1047 1047 0 0 3859 3859 3774 3732 3732 3732 3732 3732 3732
    3732 3732 3692 3692 3692 3653 3653 3653 3614 3614 3614 3614 3614
    3503 3503 3503 3503 3503 3503 3539 3539 3576 3576 3539 3539 3576
    3576 3614 3614 3653 3653 3653 3653 3653 3653 3653 3653 3653 3653
    3653 3692 3732 3774 3774 3732 3732 3732 3774 3816 3774 3774 3774
    3774 3816 3774 3774 3774 3774 3774 3816 3816 3816 0 0 0 0 0 0 0 0
    1070 1067 1063 1060 1054 1054 1054 1054 1054 1054 1050 1050 1050
    1050 1054 1054 1050 1047 1047 0 0 0 3859 3859 3774 3732 3732 3732
    3732 3732 3732 3732 3732 3692 3692 3692 3653 3653 3653 3614 3614
    3614 3576 3576 3539 3539 3539 3539 3539 3539 3576 3614 3614 3614
    3576 3576 3576 3614 3614 3653 3692 3692 3653 3653 3653 3653 3653
    3653 3692 3692 3692 3692 3774 3774 3774 3732 3732 3774 3774 3816
    3816 3774 3774 3816 3816 3816 3816 3816 3816 3816 3816 3859 0 0 0 0
    0 0 0 0 1070 1067 1067 1063 1060 1057 1054 1054 1054 1054 1054 1054
    1054 1050 1050 1054 1054 1050 1050 1050 1050 1054 0 3859 3859 3774
    3732 3732 3732 3732 3732 3732 3732 3692 3692 3692 3692 3692 3653
    3653 3614 3614 3576 3576 3576 3539 3539 3576 3576 3576 3576 3614
    3614 3614 3614 3614 3614 3614 3614 3614 3653 3653 3653 3692 3692
    3692 3692 3692 3692 3692 3732 3732 3732 3774 3774 3774 3774 3774
    3774 3816 3816 3816 3816 3816 3816 3816 3816 3816 3816 3816 3816 0 0
    0 0 0 0 0 0 0 0 1067 1067 1063 1063 1060 1057 1057 1054 1054 1054
    1054 1054 1054 1054 1054 1054 1054 1054 1054 1054 1054 1054 1057 0 0
    3816 3774 3732 3732 3732 3732 3732 3732 3692 3692 3692 3692 3692
    3653 3614 3576 3576 3576 3576 3576 3576 3576 3614 3614 3614 3614
    3614 3614 3653 3653 3653 3653 3653 3614 3614 3653 3653 3653 3692
    3732 3732 3732 3732 3732 3732 3732 3732 3774 3816 3774 3774 3774
    3774 3774 3816 3816 3816 3816 3816 3816 3816 3816 3816 3859 3859 0 0
    0 0 0 0 0 0 0 0 1067 1063 1063 1063 1063 1063 1060 1057 1057 1057
    1057 1057 1057 1057 1054 1054 1057 1057 1057 1057 1054 1054 1057
    1057 1057 0 3816 3732 3732 3732 3732 3732 3732 3692 3692 3692 3692
    3692 3692 3653 3614 3576 3576 3576 3576 3576 3614 3614 3614 3614
    3614 3653 3653 3653 3653 3653 3653 3653 3653 3653 3653 3692 2053
    2053 3732 3732 3774 3732 3732 3732 3732 3732 3774 3774 3816 3816
    3816 3774 3774 3816 3816 3816 3816 3816 3816 3816 3816 3816 3816
    3859 0 0 0 0 0 0 0 0 1067 1063 1063 1063 1063 1063 1063 1063 1063
    1060 1057 1057 1057 1057 1057 1057 1057 1054 1054 1057 1057 1057
    1057 1057 1057 1057 1054 1054 0 3732 3732 3732 3732 3732 3732 3732
    3692 3692 3692 3692 3692 3692 3653 3614 3614 3614 3576 3576 3576
    3614 3614 3614 3653 3653 3653 3653 3653 3653 3653 3692 3692 3653
    3653 3692 3732 2053 2053 3774 3816 3816 3774 3774 3774 3774 3774
    3774 3774 3816 3816 3816 3816 3816 3816 3816 3816 3816 3816 3816
    3816 3816 3816 3816 0 0 0 0 0 0 0 1070 1067 1067 1063 1063 1063 1063
    1063 1063 1063 1063 1060 1060 1060 1060 1060 1060 1060 1057 1057
    1057 1057 1057 1057 1057 1060 1057 1057 1054 1054 1054 1054 3732
    3732 3732 3732 3732 3732 3692 3692 3692 3692 3653 3614 3614 3614
    3614 3614 3576 3576 3576 3653 3653 3653 3653 3653 3653 3653 3653
    3692 3692 3692 3692 3692 3692 3692 3732 2065 2065 2103 3816 3774
    3774 3774 3774 3774 3774 3774 3774 3816 3816 3816 3816 3816 3816
    3816 3816 3816 3816 3816 3816 3816 0 0 0 0 0 0 0 0 1073 1070 1067
    1067 1063 1063 1063 1063 1063 1063 1063 1063 1063 1063 1063 1063
    1060 1060 1060 1060 1060 1060 1060 1060 1060 1060 1060 1060 1057
    1057 1057 1057 1060 0 3732 3732 3732 3692 3692 3692 3692 3692 3692
    3653 3614 3614 3614 3614 3614 3614 3614 3576 3653 3653 3692 3692
    3653 3653 3692 3692 3692 3732 3732 3732 3732 3732 3732 3732 2090
    2090 2103 2116 3774 3774 3774 3774 3774 3774 3774 3774 3816 3816
    3816 3816 3859 3816 3816 3859 3859 3859 3859 3859 0 0 0 0 0 0 0 0
    1077 1073 1070 1067 1067 1063 1063 1063 1067 1067 1067 1063 1063
    1063 1063 1063 1063 1060 1060 1060 1060 1060 1063 1063 1063 1063
    1060 1060 1060 1057 1057 1060 1060 1060 0 3732 3732 3732 3692 3692
    3692 3692 3692 3692 3614 3614 3614 3614 3614 3614 3614 3576 3576
    3692 3692 3692 3692 3692 3692 3692 3692 3692 3732 3732 3732 3732
    3732 3732 2116 2103 2103 2116 2116 2116 3774 3774 3774 3774 3816
    3816 3816 3859 3859 3859 3859 3859 2170 2170 2170 3859 3859 3859 0 0
    0 0 0 0 0 0 1077 1073 1070 1070 1067 1067 1067 1067 1067 1067 1067
    1067 1063 1063 1063 1063 1063 1063 1063 1060 1060 1060 1060 1063
    1063 1063 1063 1060 1060 1060 1057 1057 1060 1060 1060 1063 3732 0
    3732 3732 3692 3692 3692 3692 3692 3614 3614 3614 3614 3614 3614
    3614 3576 3576 3692 3692 3692 3692 2212 2212 2226 2226 2226 2212
    2198 2198 2198 2184 2184 2116 2116 2116 2116 2116 2116 3774 3774
    3774 3774 3816 3816 3859 3859 3859 3859 3859 2129 2129 2170 2170
    2170 0 0 0 0 0 0 1090 1090 1080 1077 1077 1073 1070 1070 1070 1070
    1070 1067 1067 1067 1067 1067 1063 1063 1067 1067 1067 1063 1063
    1063 1063 1063 1063 1063 1067 1063 1063 1063 1060 1060 1060 1060
    1063 1063 1063 1063 0 3774 3774 3732 3692 3692 3692 3653 3653 3653
    3614 3614 3614 3614 3614 3614 3576 3576 3732 3692 2226 2212 2212
    2212 2212 2212 2212 2212 2198 2184 2184 2184 2184 2156 2129 2116
    2116 2116 2116 2143 2156 2156 2156 2156 3816 2156 2156 2156 2156
