<?xml version="1.0"?>
<opencv_storage>
<Depth0048 type_id="opencv-matrix">
  <rows>6</rows>
  <cols>24</cols>
  <dt>w</dt>
  <data>
    8626 8626 8626 8626 8413 8413 8413 8413 8212 8212 8212 8212 8212
    8212 8212 8212 8212 8212 8212 8212 8212 8212 8212 8212 8626 8626
    8413 8413 8413 8413 8413 8413 8413 8212 8212 8212 8212 8212 8212
    8212 8212 8212 8212 8212 8212 8212 8212 8212 8626 8626 8413 8413
    8413 8413 8413 8413 8413 8413 8413 8212 8212 8212 8212 8212 8212
    8212 8212 8212 8212 8212 8212 8212 8626 8413 8413 8413 8413 8413
    8413 8413 8413 8413 8413 8212 8212 8212 8212 8212 8212 8212 8212
    8212 8019 8019 8019 8212 8626 8413 8413 8413 8413 8413 8413 8413
    8413 8413 8413 8413 8212 8212 8212 8212 8212 8212 8212 8212 8019
    8019 8019 8212 8849 8626 8626 8626 8626 8413 8413 8413 8413 8413
    8413 8212 8212 8019 8019 8019 8212 8212 8212 8212 8019 8019 8019
    8019</data></Depth0048>
</opencv_storage>
