<?xml version="1.0"?>
<opencv_storage>
<Depth3039 type_id="opencv-matrix">
  <rows>43</rows>
  <cols>29</cols>
  <dt>w</dt>
  <data>
    5056 4983 4983 4983 4983 4983 4983 4911 4911 4842 4842 4842 4842
    4911 2503 2503 2503 4842 4708 4708 4774 4645 4645 4645 4582 4582
    4582 4582 4582 5056 4983 4983 4983 4983 4983 4911 4911 4911 4842
    4842 4842 4842 2503 2503 2503 2485 2485 4708 4708 4774 4708 4645
    4645 4582 4582 4582 4582 4582 5056 5056 4983 4983 4983 4983 4911
    4911 2560 2560 2560 2560 2503 2503 2485 2485 2450 2450 2450 2450
    2450 4842 4708 4645 4582 4582 4582 4582 4582 5056 2598 2598 2579
    2579 2579 2541 2541 2541 2541 2541 2503 2485 2485 2485 2485 2450
    2432 2432 2432 2432 2432 2432 2467 2467 2467 4645 4582 4582 2579
    2579 2598 2579 2560 2560 2541 2522 2522 2522 2503 2485 2485 2467
    2467 2467 2432 2415 2415 2415 2415 2415 2432 2450 2467 2467 2467
    4645 4582 2579 2579 2579 2560 2560 2541 2541 2522 2503 2503 2503
    2485 2485 2467 2467 2450 2415 2415 2415 2415 2415 2415 2432 2432
    2467 2467 2467 2467 4582 2579 2579 2579 2560 2560 2541 2541 2522
    2503 2503 2503 2485 2485 2467 2467 2450 2415 2415 2415 2415 2415
    2415 2432 2432 2432 2450 2450 2450 4582 2579 2579 2560 2560 2560
    2560 2541 2522 2503 2503 2503 2503 2485 2467 2467 2450 2415 2415
    2415 2415 2415 2415 2432 2432 2432 2450 2450 2450 4582 2598 2579
    2560 2560 2560 2541 2541 2522 2503 2503 2503 2485 2485 2485 2467
    2450 2415 2415 2415 2415 2415 2415 2432 2432 2432 2450 2450 2467
    4582 2598 2579 2560 2560 2541 2541 2541 2522 2503 2503 2503 2485
    2485 2467 2467 2450 2415 2415 2415 2415 2415 2415 2415 2432 2432
    2450 2450 2467 4582 2598 2579 2560 2541 2541 2541 2522 2522 2503
    2503 2503 2485 2485 2467 2450 2432 2415 2415 2415 2415 2415 2415
    2415 2432 2432 2432 2432 2450 4582 2598 2579 2560 2541 2541 2522
    2522 2503 2503 2503 2503 2485 2485 2467 2450 2432 2415 2415 2415
    2398 2398 2398 2415 2415 2432 2432 2432 2450 4582 2579 2560 2560
    2541 2541 2522 2503 2503 2503 2503 2503 2485 2485 2467 2450 2432
    2415 2415 2398 2398 2398 2398 2398 2415 2415 2415 2415 2432 4522
    2579 2560 2560 2560 2541 2522 2503 2503 2503 2503 2503 2485 2485
    2467 2432 2432 2398 2398 2398 2398 2398 2398 2398 2415 2415 2415
    2415 2432 4463 2579 2560 2560 2560 2541 2522 2503 2503 2503 2503
    2485 2485 2485 2467 2432 2432 2398 2398 2398 2398 2398 2398 2398
    2415 2415 2415 2415 2432 4463 2579 2560 2560 2560 2541 2522 2503
    2503 2503 2485 2485 2485 2485 2467 2432 2432 2398 2398 2398 2398
    2398 2398 2398 2415 2415 2415 2415 2415 4463 2579 2560 2560 2541
    2541 2522 2522 2503 2503 2485 2485 2485 2485 2450 2432 2432 2415
    2398 2398 2398 2398 2398 2398 2415 2415 2415 2415 2415 4463 2560
    2560 2560 2541 2541 2522 2503 2503 2503 2485 2485 2485 2485 2450
    2432 2432 2415 2398 2398 2398 2398 2398 2398 2415 2415 2415 2415
    2415 4463 2560 2560 2560 2541 2522 2522 2503 2503 2503 2485 2485
    2485 2485 2450 2432 2432 2415 2398 2398 2398 2398 2398 2398 2398
    2415 2415 2415 2415 4463 2560 2560 2560 2541 2522 2522 2503 2503
    2503 2485 2485 2485 2467 2450 2432 2432 2415 2398 2398 2398 2398
    2398 2398 2398 2415 2415 2415 2415 4405 2560 2560 2560 2541 2522
    2522 2503 2503 2485 2485 2485 2485 2467 2450 2432 2432 2415 2398
    2398 2398 2398 2398 2398 2398 2415 2415 2415 2415 4405 2560 2560
    2541 2541 2522 2522 2503 2485 2485 2485 2485 2467 2467 2450 2432
    2432 2415 2398 2398 2398 2398 2398 2398 2398 2415 2415 2415 2415
    4405 2560 2560 2541 2541 2522 2503 2503 2485 2485 2485 2485 2467
    2450 2432 2432 2432 2398 2398 2398 2398 2398 2398 2398 2398 2415
    2415 2415 2415 4405 2579 2560 2541 2522 2522 2503 2503 2485 2485
    2485 2485 2467 2432 2432 2432 2432 2398 2398 2398 2398 2398 2398
    2398 2398 2398 2415 2415 2415 2415 2560 2560 2541 2522 2522 2503
    2503 2485 2485 2485 2485 2467 2432 2432 2432 2432 2398 2398 2381
    2381 2381 2398 2398 2398 2398 2415 2415 2398 2398 2560 2560 2541
    2522 2503 2503 2503 2485 2485 2485 2485 2467 2432 2432 2432 2432
    2398 2398 2381 2381 2381 2381 2381 2398 2398 2415 2415 2398 2398
    2560 2541 2541 2522 2503 2503 2503 2485 2485 2485 2467 2450 2432
    2432 2432 2415 2398 2398 2381 2381 2365 2365 2365 2381 2398 2415
    2398 2398 2398 2560 2541 2522 2522 2503 2503 2503 2485 2485 2485
    2467 2450 2432 2432 2415 2415 2398 2398 2381 2365 2365 2365 2365
    2381 2398 2415 2398 2398 2398 2522 2522 2522 2503 2503 2503 2503
    2485 2485 2485 2467 2450 2432 2432 2415 2415 2398 2398 2381 2365
    2365 2365 2365 2381 2398 2415 2415 2398 2398 2522 2522 2522 2503
    2503 2503 2485 2485 2485 2467 2450 2432 2432 2432 2415 2415 2398
    2381 2381 2365 2365 2365 2365 2381 2398 2398 2415 2398 2398 2522
    2522 2522 2503 2503 2485 2485 2485 2467 2467 2450 2432 2432 2432
    2415 2415 2398 2381 2381 2365 2365 2365 2365 2381 2398 2398 2415
    2398 2398 2541 2522 2522 2503 2503 2485 2485 2485 2467 2467 2450
    2432 2432 2432 2415 2415 2398 2381 2381 2365 2365 2365 2365 2381
    2398 2398 2398 2398 2398 2541 2522 2522 2503 2503 2485 2485 2467
    2467 2450 2450 2432 2432 2432 2415 2415 2398 2381 2365 2365 2365
    2365 2365 2381 2398 2398 2398 2398 2398 2522 2522 2503 2503 2485
    2485 2485 2467 2467 2450 2432 2432 2432 2432 2415 2415 2398 2398
    2365 2365 2365 2365 2365 2381 2381 2398 2398 2398 2415 2503 2503
    2503 2503 2485 2485 2485 2467 2467 2450 2432 2432 2432 2415 2415
    2415 2398 2381 2365 2365 2365 2365 2365 2381 2381 2398 2398 2398
    2398 2503 2503 2503 2503 2485 2485 2485 2467 2467 2450 2432 2432
    2415 2415 2415 2415 2398 2381 2365 2365 2365 2365 2365 2381 2381
    2381 2398 2381 2381 2503 2503 2503 2503 2485 2485 2467 2467 2467
    2450 2432 2432 2415 2415 2398 2398 2381 2381 2365 2365 2365 2365
    2365 2365 2381 2381 2398 2381 2381 2503 2503 2503 2503 2485 2485
    2467 2467 2450 2450 2432 2432 2415 2415 2398 2398 2381 2381 2365
    2365 2365 2365 2365 2365 2381 2381 2398 2381 2381 2503 2503 2503
    2503 2485 2485 2467 2467 2450 2450 2432 2432 2415 2415 2398 2398
    2381 2381 2365 2365 2365 2365 2365 2365 2381 2398 2398 2398 2398
    2522 2522 2503 2503 2485 2467 2467 2467 2450 2432 2432 2432 2415
    2415 2398 2398 2381 2365 2365 2365 2365 2365 2365 2365 2381 2398
    2398 2398 2398 2522 2503 2503 2485 2485 2467 2467 2467 2450 2432
    2432 2415 2415 2415 2398 2398 2381 2365 2365 2349 2349 2365 2365
    2365 2381 2381 2398 2398 2398 4842 2503 2467 2467 2467 2485 2485
    2485 2467 2432 2432 2415 2415 2415 2398 2398 2381 2365 2365 2349
    2349 2349 2365 2365 2381 2381 2398 2398 2398 4842 4842 2467 2467
    2467 2485 2485 2503 2467 2432 2432 2432 2415 2415 2398 2398 2398
    2398 2365 2349 2349 2349 2365 2349 2349 2349 2398 2398 4405</data></Depth3039>
</opencv_storage>
