<?xml version="1.0"?>
<opencv_storage>
<Depth6352 type_id="opencv-matrix">
  <rows>82</rows>
  <cols>54</cols>
  <dt>w</dt>
  <data>
    0 0 1288 1288 1288 1288 1288 1288 1288 1288 1288 1288 1288 1288 1292
    1292 1292 1297 1292 1292 3503 1302 1302 1297 1297 1297 1297 1297
    1297 1297 1297 1297 1302 1302 1302 1297 1297 1302 1302 1302 1307
    3365 3365 3365 3365 3365 3365 3365 3365 3365 3365 3333 3333 3333 0 0
    1288 1288 1288 1288 1288 1288 1288 1288 1288 1288 1288 1288 1292
    1292 1292 1292 1292 1292 1292 1292 1292 1292 1292 1292 1297 1292
    1292 1292 1292 1297 1297 1302 1297 1297 1297 1297 1302 1302 1307
    1307 1307 1307 1307 1307 1312 1312 1307 1307 3365 3333 3333 3333 0 0
    1292 1288 1288 1288 1288 1288 1288 1288 1288 1288 1288 1288 1288
    1288 1288 1288 1292 1292 1292 1292 1292 1292 1292 1292 1292 1292
    1292 1292 1292 1297 1297 1297 1297 1297 1297 1297 1302 1302 1302
    1307 1307 1307 1307 1307 1307 1307 1297 1297 1297 3333 3333 3333 0 0
    1292 1288 1288 1288 1288 1288 1288 1288 1288 1288 1288 1288 1288
    1288 1288 1288 1292 1292 1292 1292 1292 1292 1292 1292 1292 1292
    1292 1292 1292 1292 1297 1297 1297 1297 1297 1297 1297 1302 1302
    1302 1302 1307 1302 1302 1307 1307 1297 1297 1297 1297 3333 3333 0 0
    1292 1288 1283 1283 1283 1283 1283 1283 1283 1288 1288 1288 1288
    1288 1288 1288 1288 1288 1292 1292 1292 1292 1292 1292 1292 1292
    1292 1292 1292 1292 1292 1297 1297 1297 1297 1297 1297 1297 1297
    1302 1302 1302 1302 1302 1302 1302 1302 1302 1302 0 3269 3269 0 0
    1292 1288 1283 1283 1283 1283 1283 1283 1283 1288 1288 1288 1288
    1288 1288 1288 1288 1288 1288 1292 1292 1292 1292 1292 1292 1292
    1292 1292 1292 1292 1292 1292 1292 1297 1297 1297 1297 1297 1297
    1297 1297 1302 1302 1302 1302 1302 1307 1307 1307 1312 3238 3238 0 0
    1292 1288 1283 1283 1283 1283 1283 1283 1283 1283 1288 1288 1288
    1288 1288 1288 1288 1288 1288 1288 1292 1292 1292 1292 1292 1292
    1292 1292 1292 1292 1292 1292 1292 1297 1297 1297 1297 1297 1297
    1297 1297 1302 1302 1302 1302 1302 1302 1307 1312 1312 3238 3238 0 0
    1288 1283 1278 1278 1283 1283 1283 1283 1283 1283 1288 1288 1288
    1288 1288 1288 1288 1288 1288 1288 1288 1288 1288 1292 1292 1292
    1292 1292 1292 1292 1292 1292 1292 1292 1292 1297 1297 1297 1297
    1297 1297 1302 1302 1302 1302 1302 1302 1302 1302 1302 1302 3300 0 0
    1288 1283 1278 1278 1283 1283 1283 1283 1283 1283 1288 1288 1288
    1288 1288 1288 1288 1288 1288 1288 1288 1288 1288 1288 1288 1292
    1288 1288 1288 1292 1292 1292 1292 1292 1292 1292 1292 1292 1292
    1297 1297 1302 1297 1297 1302 1302 1302 1302 1302 1302 0 3300 0 0
    1288 1283 1273 1273 1278 1278 1278 1283 1283 1283 1283 1288 1288
    1288 1288 1288 1288 1288 1288 1288 1288 1288 1288 1288 1288 1288
    1288 1288 1288 1292 1292 1292 1292 1292 1292 1292 1292 1292 1292
    1292 1297 1297 1297 1297 1297 1302 1302 1297 1297 1297 0 3333 0 1292
    1288 1283 1273 1273 1278 1278 1278 1278 1278 1283 1283 1283 1288
    1283 1283 1283 1283 1283 1283 1283 1288 1288 1288 1288 1288 1288
    1288 1288 1288 1292 1292 1292 1292 1292 1292 1292 1292 1292 1292
    1292 1292 1292 1297 1297 1297 1302 1302 1297 1297 1297 0 3300 1312
    1292 1288 1283 1278 1278 1273 1273 1273 1273 1278 1278 1283 1283
    1283 1283 1283 1278 1278 1278 1283 1283 1288 1288 1288 1288 1288
    1288 1288 1288 1288 1292 1292 1292 1292 1292 1292 1292 1292 1292
    1292 1292 1292 1292 1292 1297 1297 1297 1297 1297 1302 0 0 0 1312
    1297 1288 1283 1278 1278 1273 1273 1273 1273 1273 1273 1278 1283
    1283 1278 1278 1278 1278 1278 1283 1283 1288 1288 1288 1288 1288
    1288 1288 1288 1288 1288 1292 1292 1292 1292 1292 1292 1292 1292
    1292 1292 1292 1292 1292 1297 1297 1297 1297 1297 1297 0 0 0 1307
    1297 1288 1278 1273 1273 1273 1273 1273 1273 1273 1273 1278 1278
    1278 1278 1278 1278 1278 1278 1278 1283 1283 1283 1283 1283 1288
    1288 1288 1288 1288 1288 1288 1292 1292 1292 1292 1292 1292 1292
    1292 1292 1292 1292 1292 1297 1297 1297 1297 1297 1297 1297 0 3333
    1307 1297 1288 1278 1273 1273 1273 1273 1273 1273 1273 1273 1273
    1278 1273 1273 1278 1278 1278 1278 1278 1283 1283 1283 1283 1283
    1288 1283 1283 1288 1288 1288 1288 1292 1292 1292 1292 1292 1292
    1292 1292 1292 1292 1292 1292 1297 1297 1297 1297 1297 1297 1297 0
    3333 1312 1302 1288 1278 1273 1273 1273 1273 1273 1273 1273 1273
    1273 1273 1273 1273 1278 1278 1278 1278 1278 1278 1278 1278 1283
    1283 1283 1283 1283 1283 1283 1288 1288 1288 1292 1292 1292 1292
    1292 1288 1288 1292 1292 1292 1297 1297 1297 1297 1297 1297 1302
    1302 0 0 0 1302 1288 1278 1273 1273 1273 1273 1273 1273 1273 1273
    1273 1273 1273 1273 1273 1273 1278 1278 1278 1278 1278 1278 1278
    1283 1283 1278 1278 1283 1283 1283 1288 1288 1288 1288 1288 1292
    1288 1288 1288 1288 1292 1292 1292 1292 1292 1297 1297 1297 1302
    1302 1292 0 1317 1307 1292 1283 1278 1273 1273 1273 1273 1273 1273
    1273 1273 1273 1273 1273 1273 1273 1278 1278 1278 1278 1278 1278
    1278 1283 1283 1278 1278 1283 1283 1283 1288 1288 1288 1288 1288
    1288 1288 1288 1288 1288 1288 1292 1292 1292 1292 1297 1297 1292
    1292 1292 1292 0 1317 1307 1288 1283 1278 1273 1273 1273 1273 1273
    1273 1273 1273 1273 1273 1273 1273 1273 1278 1278 1278 1278 1278
    1278 1278 1278 1278 1283 1283 1283 1283 1283 1288 1288 1288 1288
    1288 1288 1288 1288 1288 1288 1288 1292 1292 1288 1288 1292 1292
    1292 1292 1292 1292 0 1317 1307 1278 1278 1278 1273 1273 1273 1273
    1273 1273 1273 1273 1273 1273 1273 1273 1278 1278 1278 1273 1273
    1273 1273 1273 1273 1278 1278 1278 1283 1283 1283 1288 1288 1288
    1288 1288 1288 1288 1288 1288 1288 1292 1292 1288 1288 1288 1288
    1288 1288 1292 1292 1292 0 0 0 1278 1273 1273 1273 1273 1273 1273
    1273 1273 1273 1273 1273 1273 1273 1273 1273 1273 1278 1273 1273
    1273 1273 1273 1273 1278 1278 1278 1278 1278 1278 1283 1288 1288
    1288 1288 1288 1288 1288 1288 1288 1292 1288 1288 1288 1288 1288
    1288 1288 1292 1292 0 3300 0 0 1273 1273 1273 1273 1273 1273 1273
    1273 1273 1273 1273 1273 1273 1273 1273 1273 1273 1273 1273 1273
    1273 1273 1278 1278 1278 1278 1278 1278 1278 1278 1283 1288 1288
    1288 1283 1283 1283 1288 1288 1288 1288 1288 1288 1288 1288 1288
    1288 1288 1288 1288 0 3300 0 0 1273 1273 1268 1268 1268 1273 1273
    1273 1273 1273 1273 1268 1268 1273 1273 1273 1273 1273 1273 1273
    1273 1273 1278 1278 1278 1278 1278 1278 1278 1278 1283 1283 1288
    1288 1283 1283 1283 1288 1288 1288 1288 1288 1288 1288 1288 1288
    1288 1288 1288 1288 0 3300 0 1283 1278 1273 1268 1268 1268 1268 1268
    1268 1268 1268 1268 1268 1268 1268 1273 1273 1273 1273 1273 1273
    1273 1273 1273 1278 1278 1278 1278 1278 1278 1278 1283 1283 1283
    1283 1283 1283 1283 1288 1288 1288 1288 1288 1288 1288 1288 1288
    1288 1288 1292 1292 3333 3300 0 1283 1278 1273 1268 1268 1268 1268
    1268 1268 1268 1268 1268 1268 1268 1268 1273 1273 1273 1273 1273
    1273 1273 1273 1273 1273 1273 1278 1278 1278 1278 1278 1283 1283
    1283 1283 1283 1283 1283 1288 1288 1288 1288 1288 1288 1288 1288
    1288 1288 1288 1292 1292 3333 3333 0 1283 1278 1273 1268 1268 1268
    1268 1268 1268 1268 1268 1268 1268 1268 1268 1273 1273 1273 1273
    1273 1273 1273 1273 1273 1273 1273 1278 1278 1278 1278 1278 1283
    1283 1283 1278 1278 1278 1283 1288 1283 1283 1288 1288 1288 1288
    1288 1288 1288 1288 1288 1288 3333 3333 0 1283 1268 1268 1268 1268
    1268 1268 1268 1268 1268 1268 1268 1268 1268 1268 1268 1268 1268
    1273 1273 1273 1273 1273 1273 1273 1273 1273 1278 1278 1278 1278
    1278 1278 1278 1278 1278 1278 1283 1283 1283 1283 1283 1288 1288
    1288 1288 1288 1288 1288 1288 1288 3269 3269 0 0 1268 1268 1268 1268
    1268 1268 1264 1264 1268 1268 1268 1268 1268 1268 1268 1268 1268
    1268 1273 1273 1268 1268 1273 1273 1273 1273 1278 1278 1278 1278
    1278 1278 1278 1273 1273 1278 1278 1283 1283 1283 1283 1288 1288
