<?xml version="1.0"?>
<opencv_storage>
<Depth0160 type_id="opencv-matrix">
  <rows>27</rows>
  <cols>4</cols>
  <dt>w</dt>
  <data>
    0 0 6038 6038 0 0 6146 6146 0 6146 6146 6146 0 6038 6038 6146 0 6038
    6038 6146 0 6038 6038 6038 0 6038 6038 6038 0 6038 6038 6146 0 6146
    6146 6259 0 6259 6146 6146 6259 6259 6146 6146 6259 6259 6259 6259
    6375 6259 6259 6259 6375 6259 6259 6259 6375 6375 6375 6375 6375
    6375 6375 6497 6375 6375 6375 6497 6375 6375 6375 6497 6375 6375
    6375 6497 6375 6375 6375 6497 6375 6375 6497 6497 6497 6497 6497
    6497 6497 6497 6497 6497 6497 6497 6497 6622 6497 6497 6497 6497
    6497 6497 6497 6497 6497 6497 6497 6497</data></Depth0160>
</opencv_storage>
