<?xml version="1.0"?>
<opencv_storage>
<Depth14264 type_id="opencv-matrix">
  <rows>8</rows>
  <cols>47</cols>
  <dt>w</dt>
  <data>
    4582 4405 4405 4582 4522 4522 4522 4522 4463 4463 4463 4349 4295
    4295 4241 4190 4190 4190 4190 4190 4190 4190 4190 4190 4190 4190
    3994 3994 3948 3948 3994 3994 3994 3948 3903 3859 3859 3859 3816
    3692 3692 3816 3774 3774 3692 3692 3692 4582 4405 4405 4582 4522
    4522 4522 4522 4463 4405 4405 4349 4349 4295 4241 4190 4190 4190
    4190 4190 4190 4190 4139 4139 4139 4190 4139 3994 3948 3948 3948
    3948 3948 3948 3903 3859 3816 3816 3816 3692 3692 3816 3774 3774
    3692 3692 3692 4582 4582 4582 4582 4582 4582 4522 4522 4463 4405
    4349 4349 4349 4295 4295 4295 4241 4190 4190 4190 4139 4139 4139
    4139 4139 4139 4139 4041 3948 3948 3948 3948 3948 3948 3903 3859
    3816 3816 3816 3816 3816 3816 3816 3774 3732 3732 3692 4582 4582
    4582 4582 4582 4582 4522 4522 4463 4405 4349 4295 4295 4295 4295
    4295 4241 4241 4241 4190 4139 4139 4139 4089 4089 4139 4089 4041
    3994 3948 3948 3948 3948 3948 3948 3903 3859 3859 3816 3816 3816
    3816 3816 3774 3732 3732 3732 2143 4582 4582 4645 4582 4582 4522
    4522 4463 4405 4405 4295 4295 4349 4295 4295 4295 4295 4241 4190
    4139 4139 4139 4089 4089 4139 4089 4041 3994 3948 3948 3948 3948
    3948 3948 3903 3859 3859 3816 3816 3816 3816 3816 3774 3732 3732
    3692 2143 4708 4708 4708 4522 4522 4522 4522 4463 4463 4405 4295
    4295 4295 4349 4349 4349 4295 4241 4190 4139 4139 4139 4089 4089
    4089 4089 4089 3994 3948 3948 3948 3948 3948 3948 3903 3903 3903
    3859 3859 3816 3774 3774 3774 3732 3732 3692 0 4708 4708 0 4522 4522
    4522 4522 4522 4463 4405 4295 4295 4295 4295 4295 4295 4295 4295
    4295 0 0 0 4089 4089 4089 4089 4089 3994 3994 3994 3994 3948 3948
    3859 3859 3859 3903 3903 3859 3816 3774 3774 3774 3732 3732 3692 0 0
    0 0 0 0 0 0 0 0 0 4295 4295 4295 4295 4295 4295 4295 0 0 0 0 0 0 0 0
    4139 4139 4139 4139 4139 4139 4139 4139 3859 3859 3859 3903 3903
    3859 3816 3732 3732 3732 3732 3732 3732</data></Depth14264>
</opencv_storage>
