<?xml version="1.0"?>
<opencv_storage>
<Depth15713 type_id="opencv-matrix">
  <rows>59</rows>
  <cols>91</cols>
  <dt>w</dt>
  <data>
    0 2883 2883 2883 2883 2908 2908 2908 2908 2883 2883 2908 2908 2933
    2933 2908 2908 2933 2933 2933 2958 2984 2984 1333 1333 1338 1338
    1338 1343 1343 1343 1343 1349 1349 1349 1349 1349 1349 3064 1365
    1365 1365 1365 3092 3092 3092 3120 3120 3120 3120 3120 3120 3149
    3149 3120 3120 3120 3149 3149 3149 3149 3178 3178 3178 3178 3178
    3208 3208 3208 3208 3238 3238 3238 3238 3238 3269 3269 3300 3300
    3300 3300 3300 3300 3333 3333 3333 3333 3333 3333 3333 3365 0 2883
    2883 2883 2883 2883 2908 2908 2908 2883 2883 2883 2883 2933 2933
    2908 2908 2933 2933 2933 2958 2984 2984 1333 1333 1338 1338 1338
    1338 1338 1343 1343 1349 1349 1349 1349 1349 1349 1359 1359 1365
    1365 1365 1365 1365 3120 3120 3120 3120 3120 3120 3120 3149 3149
    3120 3120 3120 3149 3149 3149 3149 3178 3178 3178 3178 3178 3208
    3208 3208 3208 3238 3238 3238 3238 3238 3238 3269 3300 3300 3300
    3300 3333 3333 3333 3333 3333 3333 3333 3333 3333 3333 0 2883 2883
    2859 2859 2859 2883 2883 2908 2883 2859 2859 2859 2908 2933 2933
    2933 2933 2933 2958 2958 2984 2984 1333 1333 1333 1333 1333 1333
    1333 1338 1338 1343 1343 1343 1343 1349 1354 1359 1359 1359 1359
    1365 1359 1359 1359 3120 3120 3120 3120 3120 3120 3149 3149 3120
    3120 3120 3149 3149 3178 3178 3178 3178 3178 3178 3178 3208 3208
    3208 3208 3238 3238 3208 3208 3238 3238 3269 3300 3300 3300 3300
    3300 3300 3333 3333 3333 3333 3333 3333 3333 3333 0 2883 2859 2859
    2859 2859 2859 2883 2908 2883 2859 2859 2859 2908 2908 1322 1322
    1322 1317 1317 2958 2984 2984 1333 1328 1328 1328 1328 1333 1333
    1333 1338 1338 1338 1338 1343 1343 1349 1354 1354 1359 1359 1359
    1359 1359 1359 1365 1365 1370 1376 1376 3149 3149 3120 3092 3092
    3120 3120 3149 3178 3178 3178 3178 3178 3178 3208 3208 3208 3208
    3208 3238 3238 3208 3208 3238 3238 3269 3269 3269 3300 3300 3300
    3300 3300 3300 3300 3333 3333 3333 3333 3333 0 2859 2859 2859 2859
    2859 2859 2859 2883 2908 2908 2908 2908 1328 1328 1322 1317 1317
    1312 1307 1307 1307 1312 1328 1328 1328 1328 1328 1328 1333 1333
    1333 1338 1338 1338 1343 1343 1349 1349 1354 1354 1354 1359 1359
    1359 1359 1359 1365 1370 1370 1376 1376 1376 1381 3092 3092 3120
    3120 3149 3178 3178 3178 3178 3178 3178 3208 3238 3238 3238 3238
    3238 3238 3238 3269 3269 3269 3269 3269 3269 3300 3300 3300 3300
    3300 3300 3300 3300 3333 3333 3333 3333 0 2859 2859 2859 2859 2859
    2859 2859 1288 1288 2859 2908 2908 1328 1322 1317 1312 1307 1307
    1307 1307 1307 1312 1322 1322 1322 1322 1328 1328 1333 1333 1333
    1333 1333 1338 1338 1343 1343 1343 1343 1349 1354 1354 1359 1359
    1359 1359 1359 1359 1370 1370 1370 1370 1381 1381 1381 1381 1381
    1381 1387 3178 3178 3178 3178 1415 1415 3238 3238 3238 3208 3208
    3208 3238 3269 3269 3269 3269 3269 3269 3269 3269 3269 3269 3300
    3300 3300 3300 3333 3333 3333 3333 0 2859 2835 2835 2835 2835 1278
    1278 1283 1283 1283 1288 1292 1307 1307 1302 1302 1302 1302 1302
    1307 1307 1312 1322 1322 1317 1317 1322 1322 1328 1328 1333 1333
    1333 1338 1338 1338 1338 1343 1343 1349 1354 1354 1354 1354 1359
    1359 1359 1359 1359 1365 1370 1370 1376 1381 1381 1381 1381 1381
    1381 1381 1381 3178 3178 1415 1415 3238 3269 3238 3208 3208 3208
    3238 3269 3269 3269 3300 3269 3269 3269 3269 3269 3269 3300 3300
    3300 3300 3333 3333 3333 3333 0 2835 2835 2835 1278 1273 1273 1278
    1278 1283 1283 1288 1292 1307 1302 1297 1292 1292 1297 1297 1302
    1312 1317 1317 1317 1317 1317 1317 1317 1322 1328 1328 1333 1333
    1338 1338 1333 1333 1338 1343 1343 1349 1349 1349 1354 1354 1354
    1359 1359 1359 1359 1365 1365 1370 1376 1376 1376 1376 1381 1381
    1381 1381 1381 1410 1410 1410 3238 3269 3269 3208 3208 3208 3238
    3238 3300 3300 3300 3300 3300 1427 1427 3300 3300 3300 3333 3300
    3300 3300 3300 3300 3300 0 2835 2835 2835 1278 1273 1273 1278 1278
    1278 1283 1283 1288 1302 1292 1288 1288 1288 1297 1297 1302 1312
    1312 1317 1317 1312 1312 1312 1312 1317 1322 1322 1328 1333 1333
    1333 1333 1333 1338 1343 1343 1349 1349 1349 1354 1354 1354 1359
    1359 1359 1359 1365 1365 1365 1370 1376 1376 1376 1381 1381 1381
    1381 1381 1392 1404 1404 1398 1398 1398 1404 1410 1410 1410 1415
    1415 3300 3300 3300 1427 1427 1427 3300 3300 3333 3300 3300 3300
    3300 3300 3300 3300 0 2835 2835 2835 1283 1278 1278 1278 1278 1278
    1278 1283 1283 1283 1278 1278 1283 1288 1297 1302 1302 1307 1307
    1307 1312 1312 1312 1307 1307 1307 1317 1317 1322 1322 1328 1328
    1333 1333 1338 1338 1343 1349 1343 1343 1349 1349 1354 1354 1359
    1359 1359 1359 1359 1365 1365 1370 1370 1370 1376 1381 1381 1381
    1381 1392 1392 1392 1398 1398 1398 1404 1404 1410 1410 1415 1415
    1415 1415 3300 1427 1427 1427 3300 3300 3300 3300 3300 3269 3269
    3300 3300 3333 0 2835 2835 1283 1278 1278 1273 1273 1278 1278 1278
    1273 1273 1273 1273 1273 1278 1283 1297 1302 1302 1307 1307 1302
    1302 1302 1307 1307 1307 1307 1312 1312 1317 1322 1322 1322 1322
    1322 1328 1333 1338 1343 1343 1343 1343 1343 1349 1349 1354 1359
    1359 1359 1359 1365 1365 1365 1370 1370 1376 1376 1376 1376 1376
    1387 1392 1392 1392 1392 1398 1404 1404 1404 1410 1410 1415 1415
    1421 1421 1427 1427 1427 1433 1433 3300 3300 3269 3269 3269 3300
    3300 1477 0 2835 1283 1283 1273 1273 1273 1273 1273 1273 1268 1268
    1268 1268 1268 1273 1278 1283 1297 1297 1297 1297 1297 1297 1297
    1297 1302 1302 1307 1307 1312 1312 1317 1317 1317 1317 1317 1322
    1322 1333 1333 1333 1333 1333 1333 1338 1343 1343 1349 1354 1359
    1359 1359 1359 1365 1365 1365 1365 1365 1365 1376 1376 1376 1387
    1387 1387 1387 1392 1398 1404 1404 1404 1404 1410 1410 1415 1415
    1421 1421 1421 1427 1427 1427 1433 1433 1439 3269 3269 3300 1477
    1470 1255 1255 1259 1259 1259 1268 1268 1268 1273 1268 1268 1264
    1264 1268 1268 1273 1278 1288 1297 1292 1292 1292 1292 1292 1297
    1297 1297 1297 1297 1307 1312 1312 1312 1312 1317 1317 1317 1322
    1322 1328 1328 1328 1328 1328 1328 1333 1333 1338 1338 1343 1349
    1354 1354 1359 1359 1359 1365 1365 1365 1365 1370 1370 1370 1381
    1381 1387 1387 1392 1398 1404 1404 1404 1404 1404 1410 1415 1415
    1421 1415 1415 1415 1421 1421 1427 1433 1439 1439 1464 1464 1464
    1464 1255 1250 1250 1255 1255 1259 1264 1264 1268 1264 1264 1264
    1264 1264 1264 1264 1273 1283 1292 1292 1288 1288 1288 1288 1292
    1292 1297 1297 1297 1297 1302 1307 1312 1312 1312 1317 1317 1317
    1322 1322 1322 1328 1328 1328 1328 1328 1333 1333 1338 1338 1338
    1349 1354 1354 1359 1359 1359 1359 1359 1359 1365 1365 1365 1376
    1376 1381 1381 1392 1398 1398 1404 1404 1404 1404 1410 1410 1410
    1410 1415 1415 1415 1415 1415 1421 1427 1427 1427 1464 1464 1464
    1464 1245 1245 1245 1255 1255 1259 1259 1259 1259 1259 1259 1264
    1259 1259 1259 1264 1268 1278 1283 1278 1278 1278 1278 1278 1283
    1283 1288 1288 1292 1297 1297 1302 1307 1312 1312 1312 1317 1317
    1317 1317 1317 1317 1322 1322 1328 1328 1333 1333 1333 1333 1333
    1338 1343 1354 1354 1354 1354 1354 1354 1354 1354 1359 1359 1370
    1370 1376 1376 1387 1398 1398 1398 1398 1398 1404 1404 1404 1410
    1410 1410 1410 1410 1410 1410 1415 1421 1427 1427 1452 1452 1458
    1464 1245 1245 1245 1255 1255 1259 1255 1255 1255 1259 1259 1264
    1255 1250 1250 1259 1264 1268 1273 1273 1273 1273 1273 1273 1278
    1278 1283 1283 1288 1292 1292 1297 1297 1307 1307 1312 1312 1312
    1312 1312 1317 1317 1317 1322 1322 1322 1328 1333 1333 1333 1333
    1338 1343 1349 1349 1349 1349 1349 1354 1354 1354 1359 1359 1365
    1365 1365 1365 1376 1392 1392 1398 1392 1392 1398 1398 1398 1404
    1404 1410 1410 1410 1410 1410 1410 1421 1421 1427 1433 1452 1458
    1464 1250 1250 1250 1255 1255 1259 1250 1250 1245 1245 1250 1241
    1241 1236 1236 1245 1259 1264 1264 1264 1264 1264 1273 1273 1273
