<?xml version="1.0"?>
<opencv_storage>
<Depth6989 type_id="opencv-matrix">
  <rows>35</rows>
  <cols>43</cols>
  <dt>w</dt>
  <data>
    5132 5132 5132 5132 2415 2415 2415 2415 2415 2415 2415 2415 2415
    2415 2415 2415 2415 4983 4983 4911 4911 4911 4911 4911 4911 4911
    4911 4842 4842 4842 4842 4842 4774 4774 4774 4774 4774 4774 4774
    4708 4708 4708 4708 5132 5132 5132 2381 2381 2381 2381 2398 2398
    2398 2398 2398 2398 2415 2398 2398 2398 2398 2415 2415 2415 4911
    4911 4911 4911 4911 4911 4842 4842 4842 4842 4842 4774 4774 4774
    4774 4774 4774 4774 4774 4708 4708 4708 5132 5132 2365 2365 2381
    2381 2381 2381 2381 2381 2381 2381 2381 2398 2398 2398 2398 2398
    2398 2398 2398 2398 2415 4911 4911 4911 4911 4911 4911 4842 4842
    4842 4842 4774 4774 4774 4774 4774 4774 4774 4774 4708 4708 5132
    5132 2365 2365 2381 2365 2365 2365 2365 2365 2365 2365 2365 2365
    2365 2365 2381 2381 2381 2381 2381 2381 2381 2398 2381 2381 2398
    2398 4911 4911 4911 4911 4842 4842 4842 4842 4842 4842 4774 4774
    4774 4774 4774 5132 5132 2365 2365 2381 2365 2365 2365 2365 2365
    2365 2349 2349 2365 2365 2365 2365 2365 2365 2365 2365 2381 2381
    2381 2365 2365 2365 2365 2365 2365 4983 4911 4842 4842 4842 4842
    4842 4842 4842 4842 4774 4774 4774 5132 5132 2365 2365 2381 2365
    2365 2365 2365 2365 2349 2349 2349 2349 2349 2365 2349 2349 2349
    2349 2349 2365 2365 2365 2365 2365 2365 2365 2365 2365 2349 2349
    2349 4842 4842 4842 4842 4842 4842 4842 4774 4774 4842 5210 5210
    2381 2381 2381 2365 2365 2365 2365 2365 2349 2349 2349 2349 2349
    2349 2349 2349 2349 2349 2349 2349 2349 2349 2349 2349 2349 2349
    2349 2349 2349 2349 2349 2349 2349 2349 2349 2349 4774 4774 4842
    4842 4842 5210 5210 2398 2398 2381 2365 2365 2365 2365 2365 2349
    2349 2349 2349 2349 2349 2349 2349 2349 2349 2349 2333 2333 2333
    2333 2333 2349 2349 2349 2349 2349 2349 2349 2349 2349 2349 2349
    2349 2365 4708 4645 4645 4842 5210 2415 2398 2398 2381 2381 2365
    2365 2365 2365 2365 2349 2349 2349 2349 2349 2349 2349 2349 2349
    2333 2333 2317 2317 2317 2333 2333 2349 2349 2349 2333 2333 2349
    2349 2349 2349 2349 2349 2349 2349 2349 4645 4911 5291 2415 2398
    2398 2398 2381 2381 2381 2381 2381 2365 2365 2349 2349 2349 2349
    2349 2349 2349 2349 2333 2333 2317 2317 2317 2317 2317 2317 2333
    2333 2333 2333 2333 2333 2333 2333 2333 2333 2333 2349 2349 2349
    2349 2415 2398 2398 2398 2398 2398 2381 2381 2381 2381 2365 2365
    2365 2365 2365 2365 2365 2349 2349 2349 2333 2333 2317 2317 2317
    2317 2317 2317 2317 2317 2317 2301 2301 2301 2317 2317 2317 2317
    2317 2333 2333 2333 2333 2415 2398 2398 2398 2415 2415 2398 2398
    2381 2381 2381 2365 2365 2365 2365 2365 2365 2349 2349 2349 2349
    2333 2333 2333 2317 2317 2317 2317 2317 2317 2317 2301 2301 2286
    2286 2286 2286 2301 2301 2317 2317 2317 2317 2415 2415 2415 2415
    2415 2415 2398 2398 2381 2381 2381 2365 2365 2365 2365 2365 2365
    2349 2349 2349 2349 2349 2349 2333 2333 2333 2317 2317 2317 2317
    2301 2301 2301 2286 2286 2286 2286 2286 2301 2301 2286 2286 2317
    2415 2415 2415 2415 2415 2415 2415 2398 2398 2398 2381 2381 2381
    2365 2365 2365 2365 2365 2349 2349 2349 2349 2349 2349 2333 2333
    2333 2317 2317 2317 2301 2301 2301 2301 2286 2286 2286 2286 2286
    2286 2286 2286 2286 2415 2415 2415 2432 2415 2415 2415 2415 2398
    2398 2381 2381 2381 2381 2381 2365 2365 2365 2365 2349 2349 2349
    2349 2349 2349 2349 2333 2333 2317 2317 2301 2301 2301 2301 2286
    2286 2286 2286 2286 2286 2286 2286 2286 2432 2432 2432 2432 2432
    2415 2415 2415 2415 2398 2398 2381 2381 2381 2381 2381 2365 2365
    2365 2349 2349 2349 2349 2349 2349 2349 2333 2333 2317 2317 2301
    2301 2301 2301 2301 2286 2286 2286 2286 2286 2286 2301 2301 2432
    2432 2432 2432 2432 2415 2415 2415 2415 2415 2398 2398 2398 2381
    2381 2381 2381 2365 2365 2349 2349 2349 2349 2349 2349 2349 2333
    2333 2333 2317 2317 2317 2301 2301 2301 2301 2286 2286 2286 2286
    2286 2301 2349 2450 2432 2432 2432 2432 2432 2432 2415 2415 2415
    2415 2398 2398 2381 2381 2381 2381 2365 2365 2365 2365 2349 2349
    2349 2349 2349 2349 2349 2349 2333 2333 2317 2317 2301 2301 2301
    2286 2286 2286 2286 2286 2317 2349 2432 2432 2450 2432 2432 2432
    2432 2432 2415 2415 2415 2398 2398 2398 2398 2398 2381 2381 2365
    2365 2365 2349 2349 2349 2349 2349 2349 2349 2349 2349 2349 2333
    2333 2317 2317 2301 2301 2286 2286 2286 2286 2301 2301 2432 2432
    2450 2450 2432 2432 2432 2432 2432 2415 2415 2415 2398 2398 2398
    2398 2381 2381 2365 2365 2365 2365 2365 2349 2349 2349 2349 2349
    2349 2349 2349 2349 2333 2317 2317 2301 2301 2301 2286 2286 2286
    2301 2317 2432 2432 2450 2450 2432 2432 2432 2432 2432 2415 2415
    2415 2415 2398 2398 2398 2398 2381 2381 2365 2365 2365 2365 2365
    2349 2349 2349 2349 2349 2349 2349 2349 2333 2317 2317 2301 2301
    2301 2301 2301 2286 2286 2286 2432 2432 2450 2450 2432 2432 2432
    2432 2432 2432 2415 2415 2415 2415 2415 2398 2398 2381 2381 2381
    2365 2365 2365 2365 2365 2365 2349 2349 2349 2349 2349 2349 2349
    2333 2317 2317 2317 2301 2301 2301 2286 2286 2286 2450 2450 2450
    2450 2450 2432 2432 2432 2432 2432 2432 2432 2432 2415 2415 2398
    2398 2398 2398 2381 2365 2365 2365 2365 2365 2365 2349 2349 2349
    2349 2349 2349 2349 2333 2333 2317 2317 2317 2317 2317 2333 2317
    2317 2467 2467 2467 2450 2450 2450 2432 2432 2432 2432 2432 2432
    2432 2432 2415 2415 2415 2398 2398 2398 2381 2381 2381 2381 2365
    2365 2365 2365 2365 2365 2349 2349 2349 2349 2333 2333 2333 2333
    2317 2317 2333 2349 2349 2467 2467 2467 2467 2450 2450 2450 2432
    2432 2432 2432 2432 2432 2432 2415 2415 2415 2415 2415 2398 2381
    2381 2381 2381 2365 2365 2365 2365 2365 2365 2365 2349 2349 2349
    2349 2349 2349 2349 2333 2333 2333 2333 2333 2467 2467 2467 2467
    2467 2467 2467 2467 2450 2432 2432 2432 2432 2432 2432 2415 2415
    2415 2415 2398 2398 2398 2398 2381 2381 2381 2365 2365 2365 2365
    2365 2365 2349 2349 2349 2349 2349 2349 2349 2349 2349 0 0 5374 5374
    5374 5374 2485 2485 2485 2467 2467 2450 2432 2432 2432 2432 2432
    2432 2415 2415 2415 2398 2398 2398 2398 2398 2381 2381 2381 2381
    2381 2365 2365 2365 2365 2349 2349 2349 2349 2349 2349 2365 2365 0 0
    5374 5374 5374 5374 5374 2485 2485 2485 2485 2467 2432 2432 2432
    2432 2432 2432 2415 2415 2415 2415 2415 2398 2398 2398 2381 2381
    2381 2381 2381 2365 2365 2365 2365 2349 2349 2349 2349 2349 2365
    2365 2365 2365 2365 5291 5374 5374 5374 5374 5374 5374 5374 2485
    2485 2432 2432 2415 2415 2432 2432 2415 2415 2415 2415 2415 2415
    2398 2398 2398 2398 2381 2381 2381 2365 2365 2365 2365 2349 2349
    2349 2349 2349 2365 2365 2365 2365 2365 5291 5291 5291 5291 5291
    5374 5374 5374 5291 5291 5291 5291 2415 2415 2432 2432 2432 2415
    2415 2415 2415 2415 2398 2398 2398 2398 2398 2398 2381 2381 2365
    2365 2365 2349 2349 2349 2333 2333 2365 5210 5210 2349 2349 5210
    5210 5291 5210 5210 5291 5291 5291 5291 5291 5291 5291 5291 5291
    2432 2432 2432 2432 2432 2432 2432 2415 2415 2398 2398 2398 2398
    2398 2398 2381 2365 2365 2365 2365 2349 2349 2333 2333 5210 5210
    5210 2349 2349 5210 5210 5210 5210 5210 5291 5291 5291 5291 5291
    5291 5291 5291 5291 5291 5291 5291 5291 2432 2432 2432 2415 2415
    2415 2415 2415 2415 2398 2398 2398 2381 2381 2365 2365 2365 2349
    2349 2349 5210 5210 5210 5132 5132 5210 5210 5210 5210 5210 5291
    5291 5291 5291 5291 5291 5291 5291 5291 5291 5291 5291 5291 5291
    5291 5291 2432 2415 2415 2415 2415 2415 2415 2398 2398 2381 2381
    2381 2365 2365 2349 2349 2349 5132 5132 5132 5132 5132 5210 5210
    5210 5210 5210 5291 5291 5291 5291 5291 5291 5291 5291 5291 5291
    5291 5291 5291 5291 5291 5291 5291 2415 2415 2415 2415 2432 2415
    2398 2398 2398 2398 2381 2381 2365 2365 2365 2365 5056 5056 5132
    5132 5132 5210 5210 5210 5210 5210 5291 5291 5210 5210 5291 5291
