<?xml version="1.0"?>
<opencv_storage>
<Depth12758 type_id="opencv-matrix">
  <rows>10</rows>
  <cols>10</cols>
  <dt>w</dt>
  <data>
    3178 4708 4708 4708 4645 4645 4645 4774 4842 4842 4708 4708 4645
    4645 4645 4582 4582 4645 4645 4911 4708 4708 4645 4645 4582 4522
    4522 4522 4522 4911 4708 4708 4645 4645 4582 4522 4522 4463 4463
    4522 4708 4774 4708 4645 4582 4522 4522 4463 4463 4522 4708 4774
    4774 4708 4645 4582 4522 4463 4463 4463 4708 4708 4708 4708 4645
    4582 4463 4463 4463 4463 4645 4582 4522 4522 4522 4645 4463 4463 0 0
    4645 4582 4522 4522 4522 4708 4708 0 0 0 4645 4582 4522 4522 4522 0
    0 0 0 0</data></Depth12758>
</opencv_storage>
