<?xml version="1.0"?>
<opencv_storage>
<Depth16496 type_id="opencv-matrix">
  <rows>35</rows>
  <cols>17</cols>
  <dt>w</dt>
  <data>
    4089 4089 4139 4190 4190 4139 3238 3208 3178 3178 3178 1153 1153
    1153 1145 1141 1141 4089 4089 4139 4190 4190 3238 3238 3208 3178
    3178 3178 3178 1153 1153 1145 1145 3149 4139 4139 4190 4190 4190
    3238 3208 3178 3178 3178 3178 3178 3178 1153 1153 3149 3149 4089
    4190 4190 4190 4139 3178 3178 3178 3178 3178 3178 3178 3178 3149
    3149 3149 3149 4089 4190 4190 4190 4139 3178 3178 3178 3178 3178
    3178 3178 3178 3178 3178 3149 3149 4139 4190 4190 4190 4139 3178
    3178 3178 3178 3178 3178 3178 3178 3178 3178 3149 3149 4139 4190
    4190 4190 4190 3178 3178 3208 3208 3208 3178 3178 3178 3178 3178
    3178 3178 4139 4190 4190 4190 4190 3208 3208 3208 3208 3208 3178
    3178 3178 3178 3178 3149 3149 4139 4190 4190 4190 3269 3269 3238
    3238 3208 3208 3178 3178 3178 3178 3178 3149 3149 4190 4190 4190
    3300 3269 3269 3238 3238 3208 3208 3178 3178 3178 3149 3149 3120
    3120 4190 4190 4190 3300 3269 3269 3238 3208 3208 3208 3178 3178
    3178 3149 3149 3120 3120 4190 4190 4190 3300 3269 3269 3238 3208
    3208 3208 3178 3178 3178 3178 3178 3120 3064 4241 4241 4241 3300
    3269 3269 3238 3238 3208 3208 3208 3208 3208 3178 3120 3120 3064
    4241 4241 4241 3300 3300 3269 3238 3238 3208 3208 3208 3178 3178
    3149 3120 3120 3120 4241 4241 3269 3269 3269 3269 3269 3238 3208
    3208 3208 3178 3178 3149 3149 3149 0 4241 4241 3269 3269 3269 3269
    3269 3238 3208 3208 3208 3178 3149 3149 3149 0 0 4241 4190 3238 3238
    3238 3238 3269 3238 3238 3208 3208 3178 3149 3149 0 0 0 4241 3269
    3238 3238 3238 3238 3269 3238 3238 3208 3208 3178 3178 3178 0 0 0
    4295 3269 3269 3269 3269 3269 3269 3238 3238 3208 3208 3208 3208
    3208 0 0 0 4241 3238 3238 3269 3269 3269 3269 3238 3238 3208 3208
    3208 3238 3238 0 0 0 4241 3238 3238 3269 3269 3269 3269 3238 3238
    3208 3208 3238 3238 0 0 0 0 4241 3269 3269 3269 3269 3269 3269 3238
    3238 3238 3238 3238 3238 0 0 0 0 4241 3269 3269 3269 3269 3269 3269
    3269 3238 3238 3238 3238 3238 0 0 0 0 4295 3300 3300 3300 3269 3269
    3269 3269 3238 3208 3208 3238 3238 0 0 0 0 4295 3300 3269 3269 3269
    3269 3269 3269 3238 3178 3178 3208 0 0 0 0 0 4295 3300 3269 3269
    3269 3269 3269 3269 3238 3178 3178 3208 0 0 0 0 0 3300 3300 3269
    3269 3269 3269 3269 3269 3238 3178 3178 3064 3064 0 0 0 0 3300 3300
    3300 3269 3269 3269 3269 3269 3238 3178 3178 3064 3064 0 0 0 0 3300
    3300 3300 3269 3269 3269 3269 3269 3238 3238 0 0 0 0 0 0 0 3300 3300
    3269 3269 3269 3269 3269 3269 3238 3238 0 0 0 0 0 0 0 3269 3300 3269
    3269 3300 3269 3269 3269 3269 3269 0 0 0 0 0 0 0 3269 3300 3300 3300
    3300 3269 3269 3269 3238 3238 0 0 0 0 0 0 0 3269 3300 3300 3300 3269
    3269 3269 3269 3238 3238 3238 0 0 0 0 0 0 3269 3300 3300 3269 3269
    3238 3238 3238 3208 3208 3238 0 0 0 0 0 0 3269 3300 3300 3269 3269
    3238 3208 3208 1421 1410 1404 1404 1404 1404 1404 1404 0</data></Depth16496>
</opencv_storage>
