<?xml version="1.0"?>
<opencv_storage>
<Depth2599 type_id="opencv-matrix">
  <rows>36</rows>
  <cols>17</cols>
  <dt>w</dt>
  <data>
    2701 2701 2701 2701 2723 2723 2723 2723 2701 2701 2723 2701 2701
    3653 3653 3653 3614 2701 2701 2723 2723 2723 2723 2723 2701 2701
    2701 2701 2701 2701 3653 3653 3653 3614 2723 2723 2723 2723 2723
    2723 2723 2701 2701 2701 2701 2701 2723 3653 3653 3653 3614 2723
    2723 2723 2723 2723 2723 2723 2723 2723 2723 2723 2723 2723 2723
    3653 3653 3653 2723 2723 2723 2723 2723 2723 2723 2723 2723 2723
    2723 2723 2723 2723 3653 3653 3653 2723 2723 2744 2723 2723 2723
    2723 2723 2723 2723 2723 2723 2744 2744 2767 3653 3692 0 2744 2723
    2723 2723 2723 2723 2723 2723 2723 2723 2723 2744 2767 2767 3692
    3692 0 2744 2723 2723 2723 2723 2723 2723 2723 2723 2723 2723 2744
    2767 2789 3653 3653 0 2723 2723 2723 2723 2723 2723 2744 2744 2723
    2723 2723 2744 2767 2789 3653 3653 0 2701 2701 2723 2723 2723 2744
    2744 2744 2723 2723 2723 2723 2744 2767 3653 3653 0 2701 2701 2723
    2723 2723 2744 2744 2744 2723 2723 2723 2723 2744 2767 2789 3692 0 0
    2744 2723 2723 2723 2744 2744 2744 2744 2744 2744 2744 2744 2767
    2789 3692 0 0 2767 2744 2723 2723 2744 2744 2744 2744 2744 2744 2744
    2767 2767 2789 3732 0 0 2789 2767 2744 2744 2744 2744 2744 2744 2744
    2767 2767 2767 2767 2767 3732 0 0 2789 2767 2744 2744 2744 2744 2744
    2744 2744 2767 2767 2767 2767 2767 3732 0 0 0 2789 2767 2767 2767
    2767 2767 2767 2767 2767 2767 2789 2767 2767 2789 0 0 2812 2789 2767
    2767 2789 2767 2767 2767 2767 2767 2767 2767 2767 2767 2789 0 0 2812
    2789 2767 2767 2789 2767 2767 2767 2767 2767 2767 2767 2767 2767
    2789 0 0 0 2744 2744 2767 2789 2767 2767 2767 2767 2767 2767 2767
    2767 2767 2767 1489 0 0 2744 2744 2789 2789 2789 2767 2767 2767 2767
    2767 2767 2767 2767 2767 1489 1489 2767 2767 2767 2789 2789 2789
    2767 2767 2767 2767 2789 2767 2767 2767 2767 1496 1496 2789 2789
    2789 2789 2789 2789 2789 2789 2789 2789 2789 2767 2767 2789 2789
    1489 1489 1489 2789 2789 2789 2789 2789 2789 2789 2789 2767 2767
    2767 2767 2789 2789 1489 1489 1489 2789 2789 2789 2789 2789 2789
    2789 2789 2767 2767 2767 2767 2789 2789 1489 1489 1489 2789 2789
    2789 2789 2789 2789 2789 2789 2767 2767 2767 2789 2789 2812 1489
    1489 1489 2789 2789 2789 2789 2789 2789 2789 2789 2789 2789 2789
    2789 2789 2812 1489 1489 0 2789 2789 2789 2789 2789 2789 2789 2789
    2789 2789 2789 2789 2789 2812 1496 1496 0 0 2812 2812 2789 2789 2789
    2789 2789 2789 2789 2789 2789 2789 2812 1496 0 0 0 2812 2812 2789
    2789 2789 2789 2789 2789 2789 2789 2789 2789 2789 0 0 0 0 0 2835
    2812 2789 2789 2789 2812 2789 2789 2789 2789 2767 2767 0 0 0 0 0 0
    2812 2789 2789 2789 2812 2789 2789 2789 2767 2767 2767 0 0 0 0 0 0
    2789 2789 2789 2789 2789 2789 2789 2789 2767 2767 2767 0 0 0 0 0 0
    2789 2789 2789 2789 2789 2789 2789 2789 2744 2744 2744 0 0 0 0 0
    2744 2744 2767 2789 2789 2789 2789 2789 2767 2744 2744 2744 0 0 0 0
    0 2744 2744 2767 2789 2789 2789 2789 2789 2767 2767 2767 1193 0 0 0
    0 0 2744 2744 2789 2789 2789 2789 2789 2789 2789 2789 1197 1189</data></Depth2599>
</opencv_storage>
