<?xml version="1.0"?>
<opencv_storage>
<Depth0356 type_id="opencv-matrix">
  <rows>21</rows>
  <cols>35</cols>
  <dt>w</dt>
  <data>
    7332 2659 2659 2659 2639 2639 2639 2618 2618 2639 2639 2618 2618
    2618 2598 2560 2560 2560 2560 2579 2560 2560 2560 2560 2560 2541
    2541 2541 2541 2541 2560 2560 2560 2541 2541 7332 2639 2639 2659
    2639 2639 2639 2639 2639 2639 2618 2618 2618 2598 2598 2598 2598
    2598 2598 2579 2579 2560 2560 2560 2560 2560 2541 2541 2541 2541
    2541 2541 2541 2541 2541 2659 2639 2639 2639 2639 2639 2639 2639
    2639 2639 2618 2618 2618 2598 2598 2598 2598 2598 2598 2579 2579
    2560 2560 2560 2560 2560 2541 2541 2541 2541 2541 2541 2541 2541
    2541 2659 2659 2639 2639 2639 2639 2639 2639 2618 2618 2618 2618
    2618 2598 2598 2598 2598 2598 2598 2579 2579 2560 2560 2560 2560
    2560 2541 2541 2541 2541 2541 2541 2541 2522 2522 2659 2659 2639
    2639 2639 2639 2639 2639 2618 2618 2618 2618 2618 2618 2598 2598
    2598 2598 2598 2579 2560 2560 2560 2560 2560 2560 2541 2541 2541
    2541 2541 2541 2541 2522 2522 2701 2701 2659 2639 2639 2639 2639
    2639 2618 2618 2618 2618 2598 2598 2598 2598 2598 2598 2598 2560
    2560 2560 2560 2560 2560 2560 2541 2541 2541 2541 2541 2541 2541
    2522 2522 2723 2701 2659 2639 2639 2639 2639 2639 2618 2618 2618
    2618 2598 2598 2598 2598 2598 2598 2579 2560 2560 2560 2560 2560
    2560 2541 2541 2541 2541 2541 2541 2541 2541 2522 2522 2723 2701
    2680 2639 2639 2639 2639 2639 2639 2639 2639 2618 2618 2618 2598
    2598 2598 2598 2579 2560 2560 2560 2541 2541 2560 2541 2541 2541
    2541 2541 2541 2541 2541 2522 2522 2744 2659 2639 2639 2639 2639
    2639 2639 2639 2639 2639 2618 2618 2598 2598 2618 2598 2598 2579
    2579 2560 2560 2541 2541 2541 2541 2541 2541 2541 2541 2541 2541
    2541 2541 2522 7332 2639 2639 2639 2639 2639 2639 2639 2639 2639
    2618 2618 2618 2598 2598 2598 2598 2598 2579 2560 2560 2560 2560
    2560 2541 2541 2541 2541 2541 2541 2541 2541 2541 2541 2522 2835
    2639 2639 2639 2639 2659 2639 2639 2639 2639 2618 2618 2618 2618
    2598 2598 2598 2598 2579 2560 2560 2560 2560 2560 2541 2541 2541
    2541 2541 2541 2541 2541 2522 2522 2522 2812 2744 2639 2639 2659
    2659 2639 2639 2639 2639 2618 2618 2618 2618 2598 2598 2598 2579
    2579 2579 2579 2560 2560 2560 2541 2541 2541 2560 2560 2560 2541
    2541 2522 2522 2522 2812 2744 2659 2639 2639 2639 2639 2639 2639
    2639 2618 2618 2618 2618 2598 2598 2598 2579 2579 2579 2579 2579
    2560 2560 2541 2541 2541 2541 2541 2541 2541 2541 2522 2522 2522
    2835 2789 2659 2639 2639 2639 2639 2639 2639 2639 2639 2618 2618
    2618 2598 2598 2598 2579 2579 2579 2579 2579 2560 2560 2560 2541
    2541 2541 2541 2541 2541 2541 2522 2522 2522 2859 2812 2680 2639
    2639 2639 2639 2639 2639 2639 2618 2618 2618 2618 2618 2598 2598
    2598 2579 2579 2579 2560 2560 2560 2560 2541 2541 2522 2522 2522
    2522 2522 2522 2522 2522 1161 1161 2835 2639 2639 2639 2639 2639
    2639 2618 2618 2618 2618 2618 2618 2598 2598 2579 2579 2579 2579
    2560 2560 2560 2560 2541 2541 2522 2522 2522 2522 2522 2522 2522
    2541 1157 1157 1157 1157 1157 1153 1153 2639 2639 2618 2618 2618
    2618 2598 2598 2598 2598 2579 2560 2560 2560 2560 2560 2560 2560
    2541 2541 2522 2522 2522 2522 2522 2522 2522 2541 1153 1153 1153
    1153 1153 1153 1153 1153 1149 1149 1145 1145 2618 1149 1149 2598
    2579 2579 2541 2541 2560 2560 2560 2560 2560 2560 2560 2541 2541
    2541 2522 2522 2541 2541 2541 1153 1153 1153 1153 1153 1153 1153
    1149 1149 1149 1145 1145 1145 1145 1149 1149 1149 1149 1149 1153
    1153 1149 1145 1145 2579 2579 2560 2560 2560 2541 2541 2541 2541
    2522 2522 1149 1149 1149 1149 1149 1149 1149 1149 1145 1145 1145
    1145 1145 1145 1149 1145 1145 1149 1149 1149 1149 1149 1145 1145
    1149 1149 2560 2560 2560 2541 2541 2541 2541 2522 2522 1149 1149
    1149 1149 1149 1149 1149 1145 1145 1145 1145 1145 1145 1145 1145
    1145 1145 1145 1145 1145 1145 1145 1145 1149 1145 1145 1145 1141
    1141 2560 2541 2541 2541 2522 2522</data></Depth0356>
</opencv_storage>
