<?xml version="1.0"?>
<opencv_storage>
<Depth13067 type_id="opencv-matrix">
  <rows>12</rows>
  <cols>23</cols>
  <dt>w</dt>
  <data>
    6889 4582 4582 4522 4463 4405 4405 4405 4405 4405 4463 4463 4405
    4405 4349 4349 4295 4295 4405 6375 6497 6497 6497 4582 4522 4522
    4522 4463 4463 4463 4463 4463 4463 4463 4463 4405 4405 4349 4349
    4295 4295 4405 4405 4405 4463 4463 4522 4522 4463 4463 4463 4463
    4463 4463 4405 4405 4405 4405 4405 4405 4405 4405 4405 4405 4405
    4405 4405 4405 4405 4522 4522 4463 4463 4463 4463 4463 4463 4405
    4405 4405 4405 4405 4405 4405 4405 4405 4405 4405 4405 4405 4405
    4405 4522 4522 4463 4463 4463 4463 4463 4463 4405 4405 4405 4405
    4405 4405 4463 4463 4405 4405 4405 4349 4349 4405 4405 4522 4522
    4463 4463 4463 4463 4463 4463 4405 4405 4405 4405 4405 4405 4463
    4463 4463 4405 4405 4349 4349 4295 4295 4582 4582 4522 4522 4522
    4463 4463 4463 4463 4463 4463 4405 4405 4463 4463 4463 4463 4405
    4405 4349 4295 4295 4295 6622 4582 4582 4582 4582 4522 4522 4522
    4463 4463 4522 4463 4463 4405 4405 4463 4463 4463 4405 4349 4295
    4295 4295 4645 4582 4582 4582 4582 4582 4582 4582 4582 4522 4522
    4463 4463 4405 4405 4463 4463 4463 4463 4349 4349 4349 4349 4645
    4645 4645 4645 4645 4645 4582 4582 4582 4582 4582 4522 4463 4463
    4463 4463 4463 4463 4463 4405 4349 4349 4349 4645 4645 4645 4645
    4645 4645 4582 4582 4582 4582 4582 4582 4522 4522 4522 4522 4522
    4463 4463 4405 4405 4405 6497 4708 4708 6622 4708 4708 4645 4645
    6889 4582 4582 4582 4582 4582 4522 4522 4522 4582 4582 4522 4463
    4405 4405 6497</data></Depth13067>
</opencv_storage>
