<?xml version="1.0"?>
<opencv_storage>
<Depth7857 type_id="opencv-matrix">
  <rows>40</rows>
  <cols>28</cols>
  <dt>w</dt>
  <data>
    5933 5933 5933 5933 5933 2958 2958 2958 2958 2958 2958 2958 2933
    2933 2933 2933 2933 2933 2933 2933 2908 2908 2933 2933 5548 5548
    5548 5548 3037 3037 3037 2908 2908 2908 2908 2933 2933 2933 2933
    2933 2933 2933 2933 2933 2933 2933 2933 2908 2908 2908 2933 2933
    5548 5548 5548 5548 3037 3010 2984 2958 2908 2908 2908 2933 2933
    2933 2933 2933 2933 2933 2933 2933 2933 2933 2933 2908 2908 2908
    2908 2908 5548 5548 5548 5548 3037 3010 2984 2958 2933 2933 2933
    2933 2933 2933 2933 2933 2933 2933 2933 2933 2933 2933 2933 2908
    2908 2908 2908 2908 2908 5548 5548 5548 3037 3010 2984 2958 2933
    2933 2933 2933 2933 2933 2933 2933 2933 2933 2933 2933 2933 2933
    2933 2908 2908 2908 2908 2908 2908 5548 5548 5548 3037 3010 2984
    2958 2933 2933 2933 2933 2933 2933 2933 2908 2908 2908 2908 2908
    2933 2933 2933 2908 2908 2908 2908 2908 2908 5640 5548 5548 3037
    3010 2984 2958 2933 2933 2933 2933 2933 2933 2933 2908 2908 2908
    2908 2908 2908 2908 2908 2908 2908 2908 2908 2908 2908 5640 5548
    5548 3010 2984 2958 2933 2933 2933 2933 2933 2933 2933 2908 2908
    2908 2908 2908 2908 2908 2908 2908 2908 2908 2908 2908 2908 2908
    2908 5548 5548 2984 2984 2958 2933 2933 2933 2933 2933 2933 2933
    2908 2908 2908 2908 2908 2908 2908 2908 2908 2908 2908 2908 2908
    2908 2908 2908 5640 5548 2984 2984 2958 2958 2933 2933 2933 2933
    2933 2933 2908 2908 2908 2908 2908 2908 2908 2908 2908 2933 2933
    2933 2908 2908 2908 2908 5640 5548 3010 2984 2984 2958 2933 2933
    2908 2908 2908 2908 2908 2908 2908 2908 2908 2908 2908 2908 2908
    2933 2933 2933 2908 2883 2883 2883 5548 5548 3010 3010 3010 2933
    2933 2933 2908 2908 2908 2908 2908 2908 2908 2908 2908 2908 2908
    2908 2908 2933 2933 2933 2908 2883 2883 2883 5548 5548 3037 3037
    3010 2933 2933 2933 2908 2908 2908 2908 2908 2908 2908 2908 2908
    2908 2908 2908 2908 2908 2908 2908 2908 2883 2883 2883 5460 5460
    5832 3010 2984 2933 2908 2908 2908 2908 2908 2908 2908 2908 2908
    2908 2908 2908 2908 2908 2908 2908 2908 2908 2908 2908 2908 2933
    5460 5460 5933 2933 2933 2933 2908 2908 2908 2908 2908 2908 2883
    2883 2883 2908 2908 2908 2908 2908 2908 2908 2908 2908 2908 2908
    2908 2933 2933 5460 5933 2933 2933 2908 2908 2908 2908 2908 2908
    2908 2883 2883 2883 2908 2908 2908 2908 2908 2908 2908 2908 2908
    2908 2908 2908 2908 2908 5548 5933 2958 2933 2908 2908 2908 2908
    2908 2883 2883 2859 2859 2859 2883 2883 2883 2908 2908 2908 2908
    2883 2883 2908 2908 2908 2908 2908 5548 5933 2984 2933 2908 2908
    2908 2908 2883 2883 2859 2859 2859 2859 2883 2883 2883 2908 2908
    2908 2908 2883 2883 2908 2908 2908 2883 2883 5640 5832 2984 2933
    2933 2908 2908 2908 2883 2859 2859 2859 2859 2883 2883 2883 2883
    2908 2908 2908 2908 2908 2908 2908 2908 2908 2883 2883 5548 5832
    3010 2933 2933 2908 2908 2908 2883 2859 2859 2859 2883 2883 2908
    2908 2908 2883 2883 2883 2908 2908 2908 2908 2908 2908 2883 2883
    2908 5832 5832 2933 2933 2908 2908 2908 2883 2883 2859 2859 2883
    2908 2908 2908 2883 2883 2883 2883 2908 2908 2908 2908 2908 2908
    2883 2883 2883 5832 5832 2933 2933 2933 2908 2908 2883 2883 2883
    2883 2883 2883 2883 2908 2883 2883 2883 2883 2883 2908 2908 2908
    2908 2908 2883 2883 2883 5832 5832 2933 2933 2933 2933 2908 2908
    2883 2883 2883 2883 2883 2883 2883 2883 2883 2883 2883 2883 2908
    2908 2908 2908 2908 2883 2883 2908 5933 5933 2933 2933 2933 2908
    2908 2908 2883 2883 2859 2859 2859 2859 2883 2883 2883 2883 2883
    2883 2908 2908 2908 2908 2908 2908 2908 2908 5933 2933 2933 2933
    2933 2908 2908 2908 2883 2883 2859 2859 2859 2859 2859 2859 2859
    2859 2883 2883 2908 2908 2908 2908 2908 2908 2908 2908 5933 2933
    2933 2933 2933 2908 2908 2908 2908 2883 2859 2859 2859 2835 2835
    2835 2859 2859 2883 2883 2883 2883 2908 2908 2908 2908 2908 2908
    5832 5734 2958 2958 2933 2933 2908 2908 2908 2883 2859 2859 2835
    2835 2835 2835 2835 2859 2883 2883 2883 2883 2908 2908 2908 2908
    2908 2908 5832 5734 5734 2958 2933 2933 2908 2908 2883 2859 2859
    2859 2835 2835 2835 2835 2835 2859 2883 2883 2883 2883 2883 2883
    2883 2883 2883 2908 5832 5832 5832 2958 2933 2933 2908 2908 2835
    2835 2835 2835 2835 2859 2835 2835 2835 2859 2859 2883 2883 2883
    2883 2859 2859 2859 2859 2883 5832 5734 5734 5832 2933 2933 2908
    2883 2835 2835 2835 2835 2835 2859 2859 2859 2859 2859 2859 2859
    2883 2883 2883 2859 2859 2859 2859 2883 5832 5734 5734 5832 2933
    2908 2908 2883 2859 2859 2835 2835 2835 2835 2835 2859 2859 2859
    2859 2859 2883 2883 2883 2835 2835 2883 2883 2908 5832 5734 5640
    5640 2933 2908 2908 2883 2859 2859 2835 2835 2835 2835 2835 2859
    2859 2859 2859 2883 2883 2883 2883 2835 2835 2883 2883 2933 5734
    5734 5640 5640 5640 2883 2883 2883 2859 2859 2835 2835 2835 2835
    2859 2859 2859 2859 2859 2883 2883 2859 2859 2859 2859 5548 5460
    5374 5734 5734 5640 5640 5640 2883 2883 2883 2883 2883 2859 2835
    2835 2835 2859 2859 2859 2859 2859 2883 2883 2859 2859 5640 5640
    5548 5548 5460 5734 5734 5734 5734 5734 5832 2933 2908 2883 2883
    2859 2859 2883 2859 2859 2883 2859 2859 2908 2933 2933 5734 5640
    5640 5640 5548 5548 5548 5734 5734 5734 5734 5832 5832 5640 5548
    2883 2883 2883 2883 2883 2883 2883 2883 2883 2883 2933 2958 5640
    5640 5548 5548 5548 5548 5548 5548 5832 5734 5734 5734 5832 5832
    5640 5640 5640 5640 5640 5640 2908 2908 2908 2908 2908 2933 2933
    5640 5640 5548 5548 5548 5548 5640 5640 5548 5832 5832 5832 5832
    5832 5832 5734 5640 5640 5640 5640 5640 2908 2908 2908 2908 2908
    2933 2933 2958 5640 5548 5548 5548 5548 5640 5640 5640 5933 5832
    5832 5832 5832 5832 5832 5734 5734 5734 2908 2908 2908 2908 2908
    2908 2908 2933 2958 2958 2984 2984 5548 5640 5640 5640 5640 5640
    5933 5933 5933 5832 5832 5832 5832 5832 5933 5933 2908 2908 2908
    2908 2908 2933 2933 2933 2958 2958 2958 2984 5640 5548 5548 5640
    5734 5832</data></Depth7857>
</opencv_storage>
