<?xml version="1.0"?>
<opencv_storage>
<Depth2932 type_id="opencv-matrix">
  <rows>39</rows>
  <cols>29</cols>
  <dt>w</dt>
  <data>
    5210 5210 5210 5210 5210 5056 4983 4983 2659 2639 2639 2639 2639
    4911 4911 4842 2618 2618 2618 2618 2639 2639 4774 4774 4842 4842
    4842 4842 4842 5132 5132 5132 2744 2701 2701 2680 2659 2659 2639
    2639 2639 2659 2659 2659 2639 2618 2618 2618 2618 2639 2618 2618
    4842 2579 2579 4774 4774 4774 5132 5056 5056 2723 2701 2680 2680
    2659 2659 2659 2659 2659 2639 2639 2639 2618 2618 2618 2618 2618
    2598 2598 2598 2579 2579 2560 2560 2598 4774 5132 5056 5056 2723
    2701 2680 2680 2659 2659 2659 2639 2639 2639 2639 2618 2618 2618
    2618 2618 2618 2598 2598 2598 2579 2579 2560 2560 2598 2618 5056
    4983 4983 2723 2701 2680 2680 2659 2659 2659 2639 2639 2639 2639
    2618 2618 2618 2618 2618 2618 2618 2618 2598 2579 2579 2579 2579
    2598 2618 5056 4983 4983 2723 2701 2680 2680 2659 2659 2659 2639
    2639 2639 2639 2618 2618 2618 2618 2618 2598 2598 2598 2579 2579
    2579 2579 2579 2618 2639 5132 5132 5132 2723 2680 2680 2659 2659
    2659 2659 2639 2639 2639 2639 2618 2618 2618 2618 2618 2598 2598
    2579 2579 2579 2579 2598 2598 2618 2618 5132 5132 5132 2723 2680
    2659 2659 2659 2659 2659 2639 2639 2639 2618 2618 2618 2618 2618
    2598 2598 2579 2560 2560 2560 2579 2579 2598 2598 2598 5210 5132
    5132 2723 2680 2659 2659 2659 2659 2659 2639 2639 2639 2618 2618
    2618 2618 2618 2598 2598 2579 2560 2560 2560 2560 2579 2598 2598
    2598 5210 5210 5210 2680 2680 2659 2659 2639 2639 2639 2639 2639
    2639 2639 2618 2618 2618 2618 2618 2598 2579 2560 2560 2560 2560
    2579 2598 2618 2618 5132 5132 2744 2680 2680 2659 2659 2639 2639
    2639 2639 2639 2639 2639 2618 2618 2618 2618 2598 2598 2579 2560
    2560 2560 2560 2579 2598 2618 2618 5132 2744 2744 2680 2680 2659
    2659 2659 2639 2639 2639 2639 2639 2639 2618 2618 2598 2598 2598
    2598 2579 2560 2560 2560 2560 2579 2598 2598 2618 5056 2723 2723
    2680 2680 2659 2659 2639 2639 2639 2639 2639 2639 2639 2618 2618
    2598 2598 2579 2579 2579 2560 2560 2560 2560 2579 2598 2598 2618
    5056 2723 2723 2680 2680 2659 2659 2639 2639 2639 2639 2639 2639
    2639 2618 2618 2598 2598 2579 2579 2560 2560 2560 2560 2560 2579
    2598 2598 2618 5210 2723 2723 2701 2680 2680 2659 2659 2639 2639
    2639 2639 2639 2639 2618 2618 2598 2598 2579 2579 2560 2560 2560
    2560 2579 2579 2598 2618 2618 5291 2701 2701 2701 2680 2680 2659
    2659 2659 2639 2639 2639 2639 2639 2618 2618 2598 2598 2598 2579
    2579 2560 2560 2560 2579 2579 2598 2618 2618 5291 2701 2701 2701
    2680 2680 2659 2659 2639 2639 2639 2639 2639 2639 2618 2618 2618
    2598 2598 2579 2579 2560 2560 2560 2579 2579 2598 2618 2639 5210
    5210 2723 2680 2680 2659 2659 2639 2639 2639 2639 2639 2639 2618
    2618 2618 2618 2618 2618 2598 2579 2560 2560 2560 2560 2579 2598
    2618 2639 5056 2723 2723 2680 2680 2659 2659 2639 2639 2639 2639
    2639 2639 2618 2618 2618 2618 2618 2598 2598 2579 2560 2560 2560
    2560 2579 2598 2618 2639 2723 2723 2723 2701 2680 2659 2639 2639
    2639 2639 2639 2639 2639 2618 2618 2618 2618 2618 2598 2579 2579
    2560 2560 2560 2560 2579 2598 2618 2639 2701 2701 2701 2701 2680
    2659 2639 2639 2639 2639 2639 2639 2639 2618 2618 2618 2618 2598
    2598 2579 2579 2560 2560 2560 2579 2598 2598 2618 2639 2701 2701
    2701 2680 2680 2659 2659 2639 2639 2639 2639 2639 2639 2618 2618
    2618 2618 2598 2579 2579 2560 2560 2560 2560 2579 2579 2598 2598
    4842 4983 2701 2701 2680 2680 2659 2659 2659 2639 2639 2639 2639
    2618 2618 2618 2618 2618 2598 2579 2579 2560 2560 2560 2560 2579
    2579 2598 2598 4842 5132 2723 2701 2680 2659 2639 2639 2639 2639
    2639 2639 2618 2618 2618 2618 2618 2618 2598 2598 2579 2579 2560
    2560 2560 2579 2579 2598 2598 2598 5132 2723 2701 2680 2659 2639
    2639 2639 2639 2639 2639 2618 2618 2618 2618 2618 2618 2618 2598
    2579 2579 2579 2579 2579 2579 2598 2598 2598 2598 5210 2723 2701
    2680 2659 2639 2639 2639 2639 2639 2639 2618 2618 2618 2618 2598
    2598 2618 2598 2598 2579 2579 2579 2579 2579 2598 2598 2598 2598
    5210 2723 2723 2680 2659 2639 2639 2639 2639 2639 2639 2618 2618
    2618 2618 2598 2598 2618 2598 2598 2579 2579 2579 2579 2579 2598
    2598 2598 2598 5210 2723 2723 2680 2659 2639 2639 2639 2639 2639
    2639 2618 2618 2618 2618 2598 2598 2598 2598 2598 2579 2579 2560
    2560 2579 2598 2598 2598 2598 5210 2723 2723 2701 2680 2639 2639
    2639 2639 2639 2639 2618 2618 2618 2618 2598 2598 2598 2598 2598
    2579 2579 2560 2560 2579 2598 2598 2598 4842 4983 2723 2723 2701
    2680 2659 2639 2639 2639 2639 2639 2639 2618 2618 2618 2598 2598
    2598 2598 2598 2579 2579 2560 2560 2579 2618 2598 2598 4842 2723
    2723 2723 2701 2680 2659 2659 2639 2639 2639 2639 2639 2639 2618
    2618 2598 2598 2598 2598 2598 2579 2579 2579 2579 2579 2618 2618
    4842 4774 2723 2701 2701 2680 2680 2659 2659 2639 2639 2639 2639
    2639 2639 2618 2618 2598 2598 2598 2598 2598 2598 2579 2579 2579
    2598 2618 2618 2618 4774 2723 2701 2701 2680 2680 2639 2639 2639
    2639 2639 2639 2639 2639 2618 2618 2598 2598 2598 2598 2598 2579
    2579 2579 2579 2579 2598 2598 2598 4774 2744 2723 2701 2680 2680
    2639 2639 2639 2639 2639 2639 2639 2618 2618 2618 2618 2618 2598
    2598 2598 2579 2579 2579 2579 2579 2598 2598 2598 4774 2680 2723
    2701 2680 2680 2639 2639 2639 2639 2639 2639 2639 2618 2618 2618
    2618 2598 2598 2598 2598 2579 2579 2579 2579 2598 2618 2618 4842
    4774 2680 2701 2701 2680 2680 2659 2659 2639 2639 2639 2639 2618
    2618 2618 2618 2618 2598 2598 2598 2598 2579 2579 2579 2579 2598
    2618 2618 4842 4842 2701 2701 2701 2680 2680 2659 2659 2639 2639
    2639 2639 2618 2618 2618 2618 2618 2598 2598 2598 2598 2598 2579
    2579 2579 2598 2618 2618 4842 4774 5132 5132 5056 5056 4983 4983
    2680 2659 2639 2639 2639 2639 2618 2618 2618 2618 2598 2598 2618
    2598 2598 2598 2579 2579 2598 2598 2598 4842 4774 5132 5132 5132
    5132 5132 5056 4983 4911 4911 4911 4983 4983 2618 2618 2639 2618
    2618 4911 2618 2618 2618 2618 2598 2598 2598 2598 2598 4774 4774</data></Depth2932>
</opencv_storage>
