<?xml version="1.0"?>
<opencv_storage>
<Depth16784 type_id="opencv-matrix">
  <rows>39</rows>
  <cols>44</cols>
  <dt>w</dt>
  <data>
    2908 2908 2908 2908 2933 2933 2984 2984 2984 2984 2984 2984 2984
    2984 2984 3010 3010 3010 3010 3010 1757 1748 1748 1748 1748 1748
    1748 1748 1748 1739 1739 1739 1739 1748 1748 1757 3120 3120 3120
    3120 3120 3149 3149 3149 2883 2883 2908 2908 2933 2933 2984 2984
    2984 2984 2984 2984 2984 2984 2984 3010 3010 1757 1757 1757 1757
    1748 1748 1748 1748 1748 1748 1748 1748 1739 1739 1739 1739 1739
    1739 1731 1731 3120 3120 3120 3120 3120 3120 3120 2883 2883 2883
    2908 2908 2933 2984 2984 2984 2984 2984 2984 3010 3010 3010 1731
    1731 1739 1757 1757 1748 1748 1739 1739 1739 1748 1748 1748 1739
    1739 1739 1739 1739 1739 1731 1731 1731 1731 3120 3120 3120 3120
    3120 3120 2883 2883 2883 2883 2908 2933 2958 2984 2984 1731 1731
    1731 1722 1722 1722 1722 1731 1731 1739 1739 1739 1739 1739 1739
    1739 1739 1739 1739 1731 1731 1739 1739 1739 1739 1731 1731 1731
    1731 1731 3120 3120 3120 3120 3120 2883 2883 2883 2883 2883 2908
    2958 1739 1731 1731 1722 1722 1722 1722 1722 1722 1722 1731 1731
    1731 1731 1731 1731 1731 1731 1731 1731 1731 1731 1731 1731 1739
    1731 1731 1731 1731 1731 1731 1731 1739 1739 3120 3120 3120 2883
    2883 2883 2883 2883 2908 1731 1731 1731 1731 1722 1722 1713 1713
    1713 1713 1713 1713 1713 1722 1722 1722 1722 1722 1722 1722 1722
    1722 1731 1731 1731 1731 1731 1731 1731 1731 1739 1739 1739 1739
    1731 1731 3120 3120 2859 2859 2859 2883 2883 1731 1731 1731 1731
    1722 1722 1713 1713 1713 1705 1705 1705 1705 1705 1705 1705 1705
    1705 1713 1705 1705 1705 1713 1713 1722 1731 1731 1731 1731 1731
    1731 1748 1757 1748 1739 1731 1731 1731 3120 2859 2859 2859 2859
    2883 1731 1731 1731 1722 1722 1713 1713 1713 1713 1705 1696 1696
    1696 1696 1696 1696 1696 1696 1696 1696 1705 1705 1705 1705 1722
    1722 1722 1722 1722 1722 1731 1748 1757 1757 1748 1739 1731 1731
    3120 2859 2859 2859 2859 2883 1731 1731 1731 1722 1722 1713 1696
    1696 1705 1705 1696 1696 1696 1696 1696 1696 1688 1688 1696 1696
    1696 1696 1696 1705 1713 1722 1722 1722 1722 1722 1731 1739 1748
    1757 1757 1731 1731 1722 1722 2859 2859 2859 2859 2859 1731 1731
    1722 1722 1713 1696 1696 1696 1696 1696 1696 1696 1696 1696 1688
    1688 1688 1688 1688 1688 1688 1688 1696 1696 1705 1713 1713 1722
    1722 1722 1731 1739 1748 1757 1757 1731 1731 1722 1722 2835 2835
    2859 2859 1731 1731 1731 1722 1722 1713 1696 1696 1696 1696 1696
    1696 1696 1696 1688 1688 1688 1688 1688 1688 1688 1688 1688 1688
    1696 1705 1713 1713 1713 1713 1722 1731 1739 1748 1748 1757 1731
    1722 1722 1722 2835 2835 2859 2859 1731 1731 1731 1722 1713 1705
    1696 1696 1696 1696 1688 1688 1688 1688 1688 1688 1688 1688 1688
    1688 1688 1688 1688 1688 1688 1696 1696 1713 1713 1713 1722 1722
    1731 1739 1748 1757 1748 1722 1722 1722 2835 2835 2835 2859 1731
    1731 1722 1722 1713 1705 1696 1696 1696 1696 1688 1688 1688 1688
    1688 1688 1688 1688 1688 1688 1688 1688 1688 1688 1688 1696 1696
    1713 1713 1713 1713 1722 1731 1731 1739 1748 1757 1731 1731 1731
    2812 2835 2835 2835 1731 1731 1722 1722 1713 1705 1696 1696 1696
    1696 1688 1688 1688 1688 1688 1688 1688 1688 1688 1688 1688 1688
    1680 1671 1671 1671 1688 1713 1713 1713 1713 1722 1722 1731 1739
    1739 1748 1757 1766 3037 2812 2835 2835 2835 1731 1722 1722 1713
    1705 1696 1696 1696 1688 1688 1688 1688 1688 1688 1688 1688 1688
    1688 1680 1680 1688 1688 1671 1671 1671 1671 1680 1696 1705 1713
    1713 1713 1722 1731 1731 1731 1748 1757 1766 3037 2789 2812 2812
    2859 1731 1722 1722 1713 1705 1696 1696 1696 1688 1688 1688 1688
    1688 1688 1680 1680 1680 1680 1680 1680 1671 1671 1671 1671 1671
    1671 1680 1696 1705 1705 1713 1713 1722 1722 1731 1731 1739 1748
    1757 1757 2789 2789 2812 2835 1731 1722 1722 1722 1705 1696 1696
    1696 1688 1688 1688 1688 1688 1688 1680 1680 1680 1680 1680 1680
    1671 1671 1671 1671 1671 1671 1680 1688 1696 1705 1705 1713 1722
    1722 1731 1731 1739 1748 1757 1757 2789 2789 2789 2812 1731 1722
    1722 1722 1705 1696 1696 1696 1688 1688 1688 1688 1688 1680 1680
    1680 1680 1680 1680 1680 1680 1680 1680 1671 1671 1671 1680 1688
    1696 1705 1705 1713 1722 1722 1722 1731 1739 1748 1757 1757 2789
    2789 2789 2789 2789 1731 1722 1722 1705 1696 1696 1688 1688 1688
    1688 1688 1688 1680 1680 1680 1680 1680 1680 1680 1680 1680 1680
    1680 1680 1680 1680 1688 1688 1705 1713 1713 1722 1722 1722 1722
    1739 1748 1748 1757 2789 2767 2767 2767 2767 1731 1731 1722 1705
    1696 1688 1688 1688 1688 1688 1688 1688 1688 1688 1688 1680 1680
    1680 1680 1688 1688 1688 1688 1680 1680 1680 1680 1688 1696 1705
    1705 1713 1713 1722 1722 1739 1748 1748 1757 2767 2767 2767 2767
    2767 1731 1722 1722 1705 1696 1688 1688 1688 1688 1688 1688 1688
    1688 1688 1688 1688 1688 1688 1688 1688 1688 1688 1688 1680 1680
    1680 1680 1688 1696 1705 1705 1705 1705 1713 1722 1739 1748 1757
    1757 2767 2767 2767 2767 2767 1731 1722 1722 1705 1696 1688 1688
    1688 1688 1688 1688 1688 1688 1696 1696 1688 1688 1688 1688 1688
    1696 1696 1696 1680 1680 1688 1688 1688 1696 1705 1696 1696 1696
    1696 1722 1739 1748 1757 1757 2767 2767 2767 2767 2767 1731 1722
    1722 1705 1696 1696 1688 1688 1688 1688 1688 1688 1696 1696 1696
    1696 1696 1696 1696 1696 1696 1696 1696 1688 1688 1688 1688 1688
    1696 1696 1696 1696 1696 1696 1722 1739 1748 1757 1757 2767 2767
    2767 2767 2767 1722 1722 1713 1713 1705 1696 1688 1688 1688 1688
    1688 1696 1696 1696 1696 1696 1696 1696 1696 1696 1696 1696 1696
    1696 1688 1688 1688 1688 1696 1696 1696 1705 1705 1713 1722 1739
    1748 1757 1757 2744 2767 2767 2767 2744 1722 1722 1713 1713 1713
    1705 1696 1696 1696 1696 1696 1696 1696 1696 1696 1696 1696 1696
    1696 1696 1696 1696 1696 1696 1696 1696 1696 1696 1696 1696 1705
    1705 1713 1713 1722 1739 1739 1739 1739 2744 2744 2767 2744 2723
    2723 1731 1731 1731 1731 1722 1705 1705 1705 1705 1705 1696 1696
    1696 1696 1696 1696 1696 1696 1696 1696 1696 1696 1696 1696 1696
    1696 1696 1696 1696 1705 1713 1713 1722 1731 1731 1739 1731 1731
    2723 2744 2744 2744 2723 1915 1894 1731 1731 1731 1722 1722 1722
    1722 1713 1713 1705 1696 1696 1696 1696 1696 1696 1696 1696 1696
    1696 1696 1696 1696 1696 1696 1688 1688 1696 1705 1713 1722 1722
    1731 1731 1731 1731 1731 2723 2723 2744 2723 2701 1915 1883 1776
    1739 1731 1731 1722 1722 1722 1713 1713 1696 1696 1705 1696 1696
    1696 1696 1696 1696 1696 1696 1696 1696 1696 1696 1696 1688 1688
    1696 1705 1713 1722 1722 1731 1731 1731 1731 1731 2701 2723 2744
    2723 2701 1915 1813 1776 1757 1739 1731 1722 1722 1713 1713 1713
    1696 1696 1705 1705 1696 1696 1696 1696 1696 1696 1696 1696 1696
    1696 1696 1696 1696 1696 1696 1705 1713 1722 1722 1731 1731 1731
    1731 1731 2701 2723 2723 2723 2723 1813 1804 1794 1766 1748 1731
    1722 1722 1713 1713 1713 1705 1705 1705 1705 1705 1696 1696 1696
    1696 1696 1696 1696 1696 1696 1696 1696 1696 1696 1705 1705 1713
    1713 1713 1722 1731 1731 1731 1739 2701 2701 2723 2723 2723 1813
    1794 1776 1766 1757 1731 1722 1722 1722 1722 1713 1713 1705 1705
    1705 1705 1705 1696 1696 1696 1696 1696 1696 1696 1696 1696 1696
    1696 1705 1705 1705 1705 1705 1713 1722 1731 1731 1731 1739 2701
    2701 2723 2723 2723 1794 1785 1766 1766 1757 1731 1722 1722 1713
    1713 1713 1713 1713 1705 1705 1705 1705 1696 1696 1696 1696 1696
    1696 1696 1696 1696 1696 1696 1696 1705 1705 1705 1705 1713 1722
    1731 1731 1731 1731 2701 2701 2701 2723 1804 1794 1766 1757 1748
    1739 1731 1731 1731 1713 1713 1713 1713 1713 1705 1705 1705 1705
    1705 1705 1705 1696 1696 1696 1696 1696 1696 1696 1696 1696 1696
    1696 1705 1705 1713 1722 1731 1731 1731 1731 2701 1823 1804 1794
    1776 1776 1757 1757 1748 1739 1731 1731 1731 1722 1722 1713 1713
    1713 1705 1705 1705 1705 1705 1705 1705 1705 1705 1696 1696 1696
