<?xml version="1.0"?>
<opencv_storage>
<Depth8102 type_id="opencv-matrix">
  <rows>27</rows>
  <cols>33</cols>
  <dt>w</dt>
  <data>
    5832 5832 5734 5734 5734 5734 5832 5832 5832 5832 5832 5734 5640
    5640 5640 5640 5640 3503 3503 3503 3468 3468 3468 3468 5548 5460
    5460 5548 5548 0 0 0 0 5832 5832 5734 5734 5734 5734 5832 5832 5832
    5832 5832 5734 5640 3539 3539 3503 3503 3503 3503 3503 3468 3468
    3468 3468 3433 3433 5460 5548 5640 0 0 0 0 5832 5832 5734 5734 5734
    5734 5832 5832 5832 5832 5832 5734 3576 3539 3503 3503 3503 3503
    3503 3503 3468 3468 3468 3468 3433 3433 5460 5548 0 5548 0 0 0 5832
    5832 5734 5734 5734 5734 5832 5832 5832 5832 5734 5734 3576 3539
    3503 3503 3503 3503 3503 3503 3468 3468 3468 3433 3433 3433 0 0 0 0
    0 0 0 5832 5832 5734 5734 5734 5734 5832 5832 5832 5734 5734 3732
    3576 3539 3503 3503 3503 3503 3468 3468 3468 3468 3468 3433 3399
    3365 3365 3365 0 0 0 0 0 5832 5734 5734 5640 5640 5640 5734 5734
    5734 5734 3576 3576 3576 3539 3503 3503 3503 3503 3468 3468 3468
    3468 3468 3433 3365 3365 3365 0 0 0 5210 0 0 5832 5734 5734 5640
    3653 3614 3576 3539 3539 3539 3539 3539 3503 3503 3503 3503 3468
    3468 3468 3433 3433 3433 3433 3399 3365 3365 3365 3399 0 3399 5210
    5210 5210 5832 5734 5734 5640 3614 3576 3539 3539 3539 3539 3539
    3503 3468 3468 3468 3468 3468 3468 3468 3433 3433 3399 3399 3399
    3365 3365 3365 3365 3399 3399 0 5210 5210 5832 5734 5734 5640 3539
    3539 3539 3539 3539 3539 3539 3503 3468 3468 3468 3468 3468 3468
    3468 3433 3433 3399 3399 3365 3365 3365 3365 3365 3365 3365 5210
    5210 5210 5832 5734 5734 3503 3503 3503 3539 3539 3539 3539 3539
    3503 3503 3468 3468 3468 3468 3468 3468 3433 3433 3433 3399 3365
    3365 3365 3365 3365 3365 3333 3333 3399 5210 3653 3614 3576 3503
    3503 3503 3539 3539 3503 3503 3503 3503 3503 3468 3468 3468 3468
    3433 3433 3433 3433 3433 3399 3365 3365 3365 3365 3365 3365 3333
    3333 3365 3468 3576 3576 3576 3503 3503 3539 3503 3503 3503 3503
    3503 3503 3468 3468 3468 3433 3433 3433 3433 3433 3399 3399 3365
    3365 3365 3365 3333 3333 3333 3333 3333 3333 3333 3576 3576 3539
    3503 3503 3503 3503 3503 3503 3503 3468 3468 3468 3468 3468 3433
    3433 3433 3433 3399 3399 3399 3365 3365 3365 3365 3333 3333 3333
    3333 3333 3333 3333 3539 3539 3503 3503 3503 3503 3503 3503 3468
    3468 3468 3468 3468 3468 3433 3433 3399 3399 3399 3399 3399 3399
    3399 3365 3365 3365 3333 3333 3333 3333 3333 3333 3333 3539 3503
    3503 3503 3503 3503 3503 3503 3468 3468 3468 3468 3468 3468 3433
    3433 3399 3399 3399 3365 3365 3399 3399 3365 3365 3365 3365 3333
    3333 3333 3365 3365 3365 3576 3503 3503 3503 3503 3503 3503 3503
    3468 3468 3468 3503 3468 3468 3433 3433 3433 3399 3399 3365 3365
    3365 3399 3365 3365 3365 3365 3365 3365 3365 3365 3365 5460 5734
    3503 3503 3503 3503 3503 3468 3468 3468 3468 3503 3468 3468 3468
    3433 3433 3399 3399 3365 3365 3365 3365 3365 3365 3365 3399 3399
    3399 3399 3365 3365 3365 5460 5734 3503 3503 3503 3503 3503 3468
    3468 3468 3468 3503 3468 3468 3468 3433 3433 3399 3399 3365 3333
    3333 3333 3365 3365 3365 3399 3399 3433 3399 3399 3399 5374 5374
    5734 3576 3539 3503 3503 3503 3468 3468 3468 3468 3468 3468 3468
    3433 3433 3433 3399 3399 3365 3333 3333 3333 3365 3365 3365 3365
    3365 3365 3399 3399 5291 5291 5291 5734 3692 3539 3503 3503 3503
    3468 3468 3468 3468 3468 3468 3433 3433 3433 3433 3399 3399 3365
    3365 3365 3365 3365 3365 3365 3365 3365 3365 5374 5291 5291 5291
    5291 5734 3692 3539 3503 3503 3503 3503 3468 3468 3468 3468 3468
    3433 3399 3399 3399 3399 3399 3365 3365 3365 3365 3365 3365 3365
    3365 3365 5374 5374 5291 5291 5291 5291 5734 5640 3539 3503 3503
    3503 3468 3468 3468 3468 3468 3468 3433 3399 3399 3399 3365 3365
    3399 3399 3399 3399 3399 5460 5460 5460 5460 5460 5374 5291 5291
    5291 5291 5640 5548 5548 5460 3503 3503 3468 3468 3468 3468 3433
    3433 3399 3399 3399 3399 3365 3365 3433 3433 3433 3433 3433 5460
    5460 5460 5460 5460 5374 5291 5291 5210 5210 5640 5548 5548 5460
    5460 3503 3503 3503 3468 3468 3433 3433 3399 3399 3399 3399 3365
    3365 3433 3468 3468 3468 5374 5460 5460 5460 5460 5374 5374 5291
    5291 5210 5210 5640 5640 5640 5548 5548 3503 3503 3468 3433 3433
    3433 3433 3399 3399 3399 3399 3399 3433 3433 3468 3468 5374 5374
    5460 5460 5460 5460 5374 5374 5291 5291 5291 5210 5640 5640 5640
    5548 5548 5548 3503 3468 3433 3433 3433 3433 3433 3433 3433 3433
    3433 3468 3503 5374 5374 5460 5460 5460 5460 5460 5460 5374 5374
    5374 5291 5291 5291 5640 5640 5640 5548 5548 5548 5548 5548 3433
    3433 3433 3433 3433 3468 3468 3468 3468 5460 5460 5460 5460 5460
    5460 5460 5460 5460 5374 5374 5374 5374 5374 5291 5291</data></Depth8102>
</opencv_storage>
