<?xml version="1.0"?>
<opencv_storage>
<Depth17060 type_id="opencv-matrix">
  <rows>121</rows>
  <cols>38</cols>
  <dt>w</dt>
  <data>
    3859 3859 3816 3816 3859 3859 3859 3816 3816 3816 3816 3816 3732
    3732 3732 3732 1149 1149 1145 1145 1149 1149 1161 1157 1157 1161
    3468 3433 3433 1165 1165 1165 1173 3333 3333 3433 3433 1193 3859
    3859 3816 3816 3859 3859 1232 1232 3816 3816 3816 3732 3692 3692
    3692 1157 1149 1145 1141 1141 1145 1145 1149 1153 1153 1153 1165
    1169 1173 1165 1165 1165 3433 3433 3433 1185 1193 1193 3859 3859
    3859 3859 3859 1210 1210 1214 1214 1219 1219 3732 3692 3692 3692
    1157 1149 1145 1141 1141 1141 1141 1145 1149 1149 1149 1165 1169
    1165 1165 1165 1161 1161 1161 1185 1185 1185 1189 3859 1206 1206
    1202 1202 1206 1206 1210 1210 1214 1214 1214 1214 1214 1153 1149
    1145 1141 1138 1138 1138 1138 1141 1145 1145 1145 1149 1153 1161
    1161 1161 1157 1157 1157 1157 1157 1169 1185 1206 1206 1206 1202
    1202 1202 1202 1202 1206 1206 1210 1210 1210 1210 1149 1145 1145
    1141 1138 1134 1134 1138 1138 1141 1141 1141 1145 1145 1153 1157
    1161 1157 1157 1157 1157 1157 1169 1181 1206 1206 1206 1197 1197
    1193 1193 1193 1197 1197 1193 1177 1165 1157 1145 1145 1141 1138
    1134 1130 1130 1134 1134 1138 1138 1138 1141 1145 1153 1157 1157
    1157 1157 1161 1161 1161 1173 1181 1210 1206 1202 1197 1193 1193
    1189 1189 1185 1177 1177 1173 1165 1157 1145 1145 1141 1138 1130
    1130 1130 1130 1130 1138 1138 1138 1141 1149 1153 1157 1157 1157
    1157 1161 1161 1165 1173 1181 1210 1206 1202 1197 1193 1193 1189
    1185 1177 1173 1173 1169 1165 1157 1145 1141 1141 1134 1130 1130
    1126 1126 1130 1138 1141 1141 1141 1145 1149 1157 1157 1157 1161
    1161 1165 1169 1177 1181 1210 1210 1206 1197 1193 1193 1185 1185
    1177 1173 1173 1169 1165 1157 1145 1141 1138 1134 1130 1126 1126
    1126 1130 1138 1141 1141 1145 1145 1149 1157 1157 1161 1161 1165
    1169 1169 1177 1181 1210 1210 1206 1197 1197 1193 1185 1185 1177
    1173 1173 1169 1165 1157 1145 1145 1138 1134 1130 1126 1126 1130
    1134 1138 1141 1141 1145 1145 1145 1157 1161 1161 1161 1161 1165
    1173 1177 1177 1210 1210 1206 1202 1197 1193 1189 1185 1181 1177
    1173 1165 1161 1157 1149 1145 1141 1134 1130 1130 1130 1130 1134
    1138 1141 1141 1145 1145 1145 1153 1161 1161 1161 1161 1165 1169
    1177 1177 1210 1210 1210 1206 1202 1193 1189 1185 1181 1177 1173
    1165 1161 1157 1149 1145 1141 1134 1130 1130 1130 1134 1138 1138
    1141 1141 1145 1145 1145 1153 1161 1161 1161 1161 1165 1169 1173
    1177 1210 1210 1210 1206 1202 1193 1189 1181 1177 1173 1169 1165
    1161 1157 1149 1145 1141 1134 1130 1130 1130 1130 1134 1138 1141
    1141 1145 1145 1149 1157 1157 1161 1161 1161 1165 1169 1173 1173
    1214 1214 1210 1206 1202 1193 1189 1181 1177 1173 1169 1165 1161
    1157 1153 1145 1141 1134 1130 1130 1130 1130 1134 1138 1141 1141
    1145 1149 1149 1157 1157 1161 1161 1161 1165 1169 1173 1173 1219
    1214 1210 1206 1197 1193 1189 1181 1177 1173 1169 1165 1161 1157
    1153 1145 1141 1138 1130 1130 1130 1130 1134 1138 1141 1141 1145
    1149 1149 1157 1157 1161 1161 1161 1165 1169 1177 1177 1219 1214
    1210 1206 1197 1193 1189 1185 1181 1177 1169 1165 1165 1157 1153
    1145 1141 1138 1130 1130 1130 1130 1130 1138 1141 1141 1145 1145
    1149 1157 1157 1157 1161 1161 1165 1169 1173 1177 1219 1214 1206
    1206 1197 1193 1193 1185 1181 1177 1173 1169 1165 1157 1153 1145
    1141 1138 1134 1130 1130 1130 1130 1138 1138 1141 1141 1145 1145
    1153 1157 1157 1161 1161 1161 1173 1173 1177 1210 1210 1206 1206
    1197 1193 1193 1189 1185 1177 1173 1169 1165 1157 1153 1145 1141
    1138 1134 1134 1130 1130 1130 1134 1138 1141 1141 1145 1145 1153
    1157 1161 1161 1161 1161 1173 1173 1177 1210 1210 1210 1206 1197
    1193 1193 1189 1185 1177 1173 1169 1169 1161 1153 1145 1141 1141
    1138 1134 1134 1130 1130 1134 1138 1141 1141 1145 1145 1157 1157
    1161 1161 1161 1165 1169 1173 1177 1210 1210 1210 1206 1197 1197
    1193 1189 1189 1177 1173 1169 1169 1161 1153 1145 1145 1141 1138
    1134 1134 1134 1134 1138 1141 1141 1141 1145 1149 1153 1157 1157
    1161 1161 1169 1169 1173 1173 1214 1210 1210 1206 1197 1197 1193
    1189 1189 1177 1173 1173 1165 1161 1157 1149 1145 1141 1138 1134
    1134 1130 1130 1138 1141 1141 1145 1145 1149 1153 1157 1157 1161
    1161 1165 1169 1169 1173 1223 1210 1210 1206 1202 1197 1197 1189
    1189 1177 1173 1173 1161 1161 1157 1149 1145 1141 1138 1134 1134
    1130 1130 1138 1141 1145 1145 1145 1153 1153 1153 1157 1161 1161
    1165 1169 1169 1173 1223 1214 1210 1210 1202 1197 1197 1193 1189
    1177 1173 1173 1161 1161 1157 1149 1141 1141 1138 1134 1134 1134
    1134 1138 1141 1141 1145 1145 1149 1149 1153 1157 1157 1161 1165
    1169 1173 1177 1219 1214 1210 1206 1206 1197 1197 1193 1189 1177
    1173 1173 1161 1161 1153 1149 1141 1141 1138 1134 1134 1134 1134
    1138 1141 1141 1145 1145 1149 1149 1153 1157 1157 1161 1169 1173
    1177 1177 1214 1214 1210 1206 1206 1202 1197 1193 1189 1181 1177
    1173 1161 1161 1153 1149 1141 1141 1138 1134 1134 1134 1134 1138
    1141 1141 1145 1145 1149 1153 1153 1157 1157 1161 1169 1173 1177
    1177 1214 1214 1210 1206 1206 1202 1197 1193 1189 1181 1177 1173
    1161 1161 1157 1149 1141 1141 1138 1138 1138 1138 1138 1138 1138
    1141 1141 1145 1149 1153 1157 1157 1161 1165 1173 1177 1177 1177
    1219 1219 1210 1206 1206 1202 1197 1193 1189 1181 1177 1173 1165
    1161 1157 1153 1141 1141 1138 1134 1134 1134 1134 1138 1138 1141
    1141 1145 1149 1153 1157 1157 1161 1165 1173 1173 1177 1177 1219
    1219 1214 1210 1206 1202 1197 1193 1189 1181 1177 1169 1165 1161
    1157 1153 1145 1141 1141 1134 1134 1134 1134 1138 1141 1145 1145
    1145 1149 1153 1157 1157 1157 1165 1173 1173 1177 1177 1232 1223
    1214 1214 1210 1206 1197 1193 1189 1181 1177 1169 1165 1161 1157
    1153 1149 1145 1141 1138 1134 1134 1134 1134 1138 1138 1141 1145
    1153 1153 1157 1157 1157 1165 1173 1173 1177 1177 1232 1223 1219
    1214 1210 1197 1193 1189 1185 1181 1177 1169 1165 1161 1157 1153
    1149 1145 1141 1138 1134 1134 1134 1134 1138 1138 1141 1153 1153
    1157 1157 1157 1157 1165 1173 1173 1173 1177 1227 1227 1223 1219
    1210 1197 1193 1189 1185 1185 1177 1169 1165 1161 1157 1153 1153
    1145 1141 1141 1138 1138 1138 1138 1138 1138 1141 1145 1153 1153
    1153 1157 1161 1165 1169 1173 1173 1177 1227 1227 1223 1219 1210
    1197 1197 1193 1189 1185 1177 1169 1165 1161 1157 1157 1149 1145
    1141 1141 1138 1138 1138 1138 1138 1141 1141 1145 1149 1149 1153
    1157 1161 1165 1169 1173 1173 1177 1227 1227 1223 1219 1210 1202
    1197 1193 1189 1189 1177 1173 1169 1161 1157 1157 1149 1145 1145
    1141 1138 1138 1138 1138 1138 1141 1141 1145 1149 1149 1153 1157
    1161 1165 1169 1173 1173 1177 1227 1227 1223 1219 1210 1202 1197
    1193 1193 1189 1177 1173 1169 1165 1161 1157 1153 1149 1145 1141
    1141 1138 1138 1138 1138 1141 1141 1145 1149 1149 1153 1161 1165
    1169 1169 1173 1173 1177 1227 1227 1223 1214 1206 1206 1197 1193
    1189 1185 1177 1177 1169 1165 1161 1157 1153 1145 1141 1138 1138
    1141 1134 1134 1141 1141 1145 1149 1149 1153 1153 1161 1165 1169
    1169 1173 1173 1177 1227 1223 1219 1214 1206 1206 1202 1193 1189
    1185 1177 1173 1169 1165 1161 1157 1153 1145 1141 1138 1138 1141
    1134 1134 1141 1141 1145 1149 1149 1153 1157 1157 1161 1165 1169
    1169 1173 1177 1227 1219 1219 1214 1206 1206 1202 1193 1189 1185
    1177 1173 1169 1165 1165 1161 1153 1145 1141 1141 1141 1138 1138
    1138 1141 1141 1145 1149 1149 1153 1157 1157 1161 1165 1169 1169
    1173 1177 1214 1214 1214 1214 1206 1206 1202 1193 1189 1185 1177
    1177 1173 1165 1165 1161 1149 1145 1141 1141 1141 1138 1138 1138
    1141 1141 1145 1149 1149 1153 1157 1157 1161 1165 1169 1173 1173
    1177 0 1214 1214 1214 1210 1206 1202 1193 1189 1185 1177 1177 1173
    1169 1165 1157 1149 1145 1145 1141 1141 1138 1138 1138 1141 1141
