<?xml version="1.0"?>
<opencv_storage>
<Depth6375 type_id="opencv-matrix">
  <rows>69</rows>
  <cols>34</cols>
  <dt>w</dt>
  <data>
    3503 3468 3468 3468 3433 3433 3433 3399 1439 1439 1433 1427 1427
    1427 1427 1427 1421 1415 1415 1421 1421 3365 3365 3365 3365 3365
    3365 3365 3365 3333 3333 3333 3333 3333 3503 1464 1458 1458 1452
    1445 1439 1439 1439 1439 1433 1427 1421 1421 1421 1421 1415 1415
    1415 1421 1421 1433 1439 3365 3365 3365 3365 3365 3365 3365 3333
    3333 3333 3333 1464 1464 1458 1458 1452 1445 1439 1439 1439 1433
    1427 1427 1421 1421 1421 1421 1415 1415 1415 1421 1421 1433 1439
    1439 3365 3333 3333 3365 3365 3365 3333 3333 3333 3333 1464 1458
    1458 1452 1452 1445 1439 1439 1439 1433 1427 1421 1421 1421 1421
    1421 1415 1415 1415 1421 1421 1433 1439 1470 1483 1489 3333 3365
    3365 3365 3333 3333 3333 3333 1464 1458 1458 1452 1445 1445 1439
    1439 1439 1433 1427 1421 1421 1421 1421 1415 1415 1410 1410 1421
    1421 1433 1439 1470 1483 1489 1509 1509 3365 3365 3333 3333 3333
    3333 1464 1464 1464 1452 1445 1445 1439 1439 1433 1433 1427 1421
    1421 1421 1415 1415 1415 1410 1410 1421 1421 1433 1439 1470 1489
    1496 1503 1503 3365 3365 3365 3365 3333 3333 1464 1464 1458 1445
    1445 1439 1439 1433 1433 1427 1427 1421 1421 1415 1415 1415 1410
    1410 1415 1421 1421 1427 1452 1464 1477 1496 1496 1523 1523 3399
    3365 3365 3333 3333 1470 1464 1452 1445 1445 1439 1439 1433 1433
    1427 1427 1421 1421 1415 1415 1410 1410 1410 1410 1415 1421 1421
    1445 1464 1477 1496 1496 1523 1543 1601 1601 3399 3365 3365 1458
    1452 1452 1445 1445 1439 1439 1433 1433 1427 1421 1421 1421 1415
    1415 1410 1410 1410 1410 1410 1421 1421 1445 1464 1477 1489 1496
    1536 1543 1579 1579 1579 3365 3365 1452 1445 1445 1445 1445 1439
    1433 1433 1427 1421 1421 1421 1421 1415 1415 1410 1404 1404 1410
    1410 1421 1421 1452 1464 1477 1489 1503 1536 1550 1572 1572 1594
    1594 3365 1452 1445 1445 1445 1445 1439 1433 1433 1427 1421 1421
    1421 1421 1415 1415 1410 1404 1404 1410 1410 1421 1421 1452 1470
    1483 1489 1503 1536 1550 1572 1572 1594 1594 3365 1452 1452 1452
    1445 1439 1439 1433 1433 1427 1427 1421 1421 1421 1415 1415 1410
    1404 1404 1410 1415 1421 1421 1452 1470 1483 1489 1503 1536 1557
    1564 1572 1579 1579 3365 1452 1452 1445 1445 1439 1433 1433 1427
    1427 1427 1421 1421 1415 1415 1415 1410 1410 1410 1410 1415 1415
    1427 1445 1470 1483 1489 1503 1529 1543 1557 1579 1579 1579 3365
    1445 1445 1445 1439 1439 1433 1433 1427 1421 1421 1421 1415 1415
    1415 1415 1410 1410 1410 1410 1415 1415 1421 1445 1464 1483 1496
    1503 1523 1543 1557 1572 1579 1579 3399 1445 1445 1439 1439 1433
    1433 1427 1427 1421 1421 1421 1415 1415 1415 1410 1410 1410 1398
    1398 1410 1415 1421 1439 1452 1483 1496 1503 1523 1543 1557 1572
    1579 1579 3333 1445 1445 1439 1439 1433 1433 1427 1427 1421 1421
    1421 1415 1415 1415 1410 1410 1404 1398 1398 1410 1415 1427 1439
    1452 1470 1496 1503 1516 1536 1557 1572 1579 1579 3300 1452 1445
    1439 1439 1439 1433 1433 1427 1421 1421 1421 1421 1415 1415 1410
    1404 1398 1398 1398 1410 1415 1427 1439 1445 1470 1489 1503 1516
    1536 1550 1564 1579 1579 3269 1452 1445 1439 1439 1433 1433 1427
    1427 1421 1421 1415 1415 1415 1415 1410 1404 1398 1398 1398 1404
    1415 1427 1433 1445 1470 1483 1489 1509 1536 1550 1564 1579 1579
    1579 1452 1445 1439 1439 1433 1433 1427 1427 1421 1421 1415 1415
    1415 1415 1410 1398 1398 1398 1398 1404 1415 1421 1427 1445 1470
    1483 1489 1509 1536 1557 1564 1579 1579 1579 1445 1439 1439 1433
    1433 1427 1427 1421 1421 1421 1415 1415 1415 1410 1404 1398 1398
    1398 1398 1398 1415 1421 1427 1439 1470 1483 1489 1509 1523 1557
    1572 1579 1579 1579 1439 1439 1439 1433 1433 1427 1427 1421 1421
    1421 1415 1415 1415 1410 1404 1398 1398 1398 1398 1398 1410 1415
    1427 1439 1464 1483 1489 1509 1523 1557 1572 1579 1579 1579 1433
    1433 1433 1433 1427 1427 1427 1421 1421 1421 1415 1415 1415 1410
    1404 1398 1398 1398 1398 1398 1410 1415 1427 1439 1464 1483 1496
    1509 1523 1550 1572 1572 1572 1572 1421 1421 1427 1433 1427 1427
    1427 1421 1421 1421 1415 1415 1415 1404 1398 1398 1392 1392 1392
    1398 1410 1421 1427 1439 1464 1483 1496 1509 1523 1550 1564 1572
    1572 1572 1421 1421 1427 1433 1427 1427 1427 1421 1421 1415 1415
    1410 1410 1404 1398 1398 1392 1392 1392 1398 1410 1415 1427 1439
    1458 1477 1496 1509 1523 1543 1564 1572 1579 1579 1439 1433 1433
    1427 1427 1427 1421 1421 1421 1415 1410 1410 1410 1404 1398 1392
    1392 1392 1392 1398 1404 1415 1427 1439 1452 1470 1503 1509 1523
    1543 1557 1564 1579 1579 1439 1433 1433 1427 1427 1427 1421 1421
    1415 1415 1410 1410 1404 1398 1398 1392 1392 1392 1392 1392 1404
    1415 1427 1439 1445 1470 1503 1509 1523 1543 1557 1557 1579 3269
    1439 1433 1433 1427 1427 1421 1421 1421 1415 1410 1410 1410 1404
    1398 1392 1392 1392 1387 1387 1392 1398 1404 1427 1439 1445 1470
    1489 1503 1523 1543 1550 1550 1550 3269 1439 1433 1433 1427 1421
    1421 1421 1421 1415 1410 1410 1410 1404 1398 1392 1392 1392 1387
    1387 1392 1398 1404 1421 1433 1445 1464 1477 1496 1523 1543 1550
    1550 1550 3269 1439 1427 1427 1421 1421 1421 1421 1415 1415 1415
    1410 1404 1398 1398 1392 1392 1392 1387 1387 1392 1398 1410 1421
    1433 1445 1464 1477 1489 1523 1543 1550 1550 1550 3269 1439 1427
    1427 1421 1421 1421 1421 1415 1415 1410 1410 1404 1398 1398 1392
    1392 1392 1387 1387 1392 1398 1410 1421 1433 1445 1464 1470 1489
    1529 1543 1557 1557 1572 1572 1427 1427 1427 1421 1421 1421 1415
    1415 1415 1410 1410 1404 1398 1392 1392 1392 1387 1387 1387 1387
    1398 1410 1421 1427 1439 1458 1470 1489 1536 1543 1557 1564 1572
    1572 1427 1427 1427 1421 1421 1415 1415 1415 1410 1410 1410 1404
    1398 1392 1392 1392 1387 1387 1387 1387 1392 1404 1415 1421 1433
    1458 1477 1489 1523 1543 1557 1564 1579 1579 1427 1427 1427 1421
    1421 1415 1415 1415 1410 1410 1410 1404 1398 1398 1392 1387 1387
    1387 1387 1387 1387 1398 1415 1421 1421 1445 1483 1489 1516 1536
    1550 1557 1579 1579 1439 1433 1427 1421 1415 1415 1415 1410 1410
    1404 1404 1404 1398 1398 1392 1387 1387 1381 1381 1381 1387 1398
    1404 1421 1421 1445 1464 1483 1516 1536 1543 1543 1543 3269 1439
    1433 1427 1421 1415 1415 1415 1410 1404 1404 1404 1398 1398 1398
    1392 1387 1387 1381 1381 1381 1387 1392 1404 1421 1427 1445 1464
    1483 1523 1536 1543 1543 1557 3269 1439 1421 1421 1421 1415 1415
    1415 1410 1404 1404 1404 1398 1398 1392 1392 1392 1387 1381 1376
    1376 1381 1392 1404 1421 1427 1445 1464 1483 1503 1536 1543 1543
    1557 1557 1421 1421 1421 1421 1415 1415 1415 1410 1404 1404 1398
    1398 1398 1392 1392 1392 1387 1381 1376 1376 1381 1392 1410 1421
    1433 1445 1464 1489 1503 1523 1536 1543 1557 1557 1415 1415 1415
    1421 1415 1415 1415 1410 1404 1404 1398 1398 1392 1392 1392 1387
    1387 1381 1381 1381 1381 1392 1410 1421 1433 1445 1464 1489 1503
    1523 1536 1543 1557 1557 1421 1415 1415 1421 1415 1415 1410 1410
    1410 1404 1398 1398 1392 1392 1387 1381 1381 1381 1376 1376 1381
    1392 1410 1421 1433 1445 1464 1470 1496 1523 1536 1543 1557 1557
    1421 1415 1415 1415 1415 1415 1410 1410 1404 1398 1398 1392 1392
    1392 1387 1381 1381 1381 1376 1376 1381 1392 1398 1415 1427 1445
    1458 1470 1483 1516 1543 1543 1543 1543 1421 1421 1421 1415 1415
    1415 1410 1410 1404 1398 1398 1392 1392 1387 1381 1381 1376 1376
    1376 1376 1387 1392 1398 1415 1427 1445 1458 1470 1483 1509 1523
    1536 1543 1543 1427 1421 1421 1415 1415 1415 1410 1410 1404 1398
    1392 1392 1392 1387 1381 1381 1376 1376 1376 1376 1387 1392 1404
    1410 1427 1445 1458 1470 1496 1509 1523 1536 1543 1543 1427 1421
    1421 1415 1415 1415 1410 1404 1404 1398 1392 1392 1392 1387 1387
    1381 1381 1376 1376 1376 1381 1387 1404 1410 1421 1439 1458 1470
    1496 1509 1523 1543 1550 1550 1421 1421 1421 1415 1410 1410 1404
    1404 1404 1398 1392 1392 1387 1387 1387 1381 1381 1376 1376 1376
