<?xml version="1.0"?>
<opencv_storage>
<Depth8752 type_id="opencv-matrix">
  <rows>42</rows>
  <cols>33</cols>
  <dt>w</dt>
  <data>
    5374 5291 5210 5210 5210 5210 5210 5132 5132 2522 2522 5056 4911
    4911 2560 2560 2560 2579 2579 2579 2579 2560 2560 2579 2579 2598
    2598 4911 4774 4774 4708 4708 4708 5374 5291 5210 5210 5210 5210
    5210 5132 2560 2522 2522 2560 2560 2541 2541 2541 2541 2579 2579
    2579 2579 2560 2560 2579 2579 2579 2579 2598 4774 4774 4708 4708
    4708 5460 5291 5210 5210 5210 5210 5210 2560 2560 2541 2541 2541
    2541 2541 2522 2522 2541 2560 2579 2579 2579 2579 2579 2579 2579
    2579 2579 2579 4774 4774 4708 4708 4708 5291 5291 5132 5132 5210
    2560 2560 2560 2541 2541 2541 2541 2541 2541 2522 2522 2541 2560
    2579 2579 2579 2579 2579 2579 2579 2560 2560 2560 4774 4774 4708
    4708 4708 2639 5291 2560 2503 2485 2485 2522 2541 2541 2541 2541
    2541 2541 2541 2541 2541 2541 2560 2579 2579 2579 2579 2579 2579
    2560 2560 2560 2560 4774 4774 4708 4708 4708 2639 2598 2560 2503
    2485 2485 2522 2541 2541 2541 2541 2541 2541 2541 2541 2541 2541
    2579 2579 2579 2579 2579 2579 2560 2560 2560 2560 2541 2541 4774
    4708 4708 4708 2639 2579 2560 2541 2522 2522 2522 2522 2522 2541
    2541 2541 2541 2541 2541 2541 2541 2560 2560 2560 2560 2579 2560
    2560 2560 2560 2560 2541 2541 4842 4774 4774 4774 2579 2579 2560
    2541 2522 2522 2522 2522 2522 2541 2541 2541 2541 2541 2541 2541
    2541 2560 2560 2560 2560 2560 2560 2560 2560 2560 2560 2541 2541
    2541 4774 4774 4774 2579 2579 2560 2541 2522 2522 2522 2522 2522
    2541 2541 2541 2541 2541 2541 2541 2541 2560 2560 2560 2560 2560
    2560 2560 2560 2579 2560 2541 2541 2541 4911 4842 4774 2579 2579
    2560 2560 2541 2522 2522 2522 2522 2541 2541 2541 2541 2541 2541
    2541 2541 2560 2560 2560 2560 2560 2579 2579 2579 2579 2560 2560
    2560 2560 4911 4842 4774 2579 2560 2560 2560 2541 2522 2522 2522
    2541 2541 2541 2541 2541 2541 2541 2541 2541 2560 2560 2560 2560
    2560 2579 2579 2579 2579 2579 2560 2560 2560 4911 4842 4842 2579
    2560 2560 2560 2541 2541 2541 2541 2541 2541 2541 2541 2541 2541
    2541 2541 2541 2560 2560 2560 2560 2579 2579 2579 2579 2579 2579
    2579 2579 2579 4842 4842 4842 2579 2560 2560 2560 2541 2541 2541
    2541 2541 2541 2541 2541 2541 2541 2541 2541 2541 2560 2560 2560
    2579 2579 2579 2579 2579 2579 2579 2579 2579 2579 4842 4842 4842
    5460 5460 2560 2541 2541 2541 2541 2541 2541 2541 2541 2541 2541
    2541 2541 2541 2541 2560 2560 2560 2579 2579 2579 2579 2579 2579
    2579 2579 2579 2579 2579 4911 4842 5460 5460 2560 2541 2541 2541
    2522 2522 2541 2541 2541 2541 2541 2541 2541 2541 2541 2560 2560
    2560 2560 2579 2579 2579 2579 2579 2579 2579 2579 2579 2579 4911
    4911 5374 5374 2579 2560 2541 2541 2522 2522 2541 2541 2541 2541
    2541 2541 2541 2541 2541 2560 2560 2560 2560 2579 2579 2579 2579
    2579 2579 2579 2579 2579 4911 4911 4911 5374 5374 2560 2560 2541
    2541 2541 2541 2541 2541 2541 2541 2541 2541 2541 2541 2541 2560
    2560 2560 2560 2560 2579 2579 2579 2579 2579 2579 2579 2579 4911
    4842 4842 5374 5374 2560 2560 2541 2541 2541 2541 2541 2541 2541
    2541 2541 2541 2541 2541 2541 2560 2560 2560 2560 2560 2579 2579
    2579 2579 2579 2579 2579 2579 4842 4842 4842 5374 5374 2579 2560
    2560 2541 2541 2541 2541 2522 2522 2522 2522 2522 2522 2541 2541
    2560 2560 2560 2560 2560 2579 2579 2579 2579 2579 2579 2579 2579
    4842 4842 4842 5460 5460 2579 2579 2560 2560 2541 2541 2541 2522
    2522 2522 2522 2522 2522 2541 2541 2560 2560 2560 2560 2560 2579
    2579 2579 2579 2579 2579 2579 2579 2579 4842 4842 5291 5291 2598
    2598 2560 2560 2541 2522 2522 2522 2522 2522 2522 2522 2541 2541
    2541 2560 2560 2560 2560 2579 2560 2560 2579 2579 2579 2579 2579
    2579 2579 4911 4842 5291 5291 2598 2598 2579 2541 2522 2522 2522
    2522 2522 2522 2522 2541 2541 2541 2541 2560 2560 2560 2560 2560
    2560 2560 2579 2579 2579 2579 2579 2579 2579 4911 4911 5374 5291
    5210 2598 2579 2541 2522 2522 2522 2522 2522 2522 2522 2541 2541
    2541 2541 2560 2560 2560 2560 2560 2560 2560 2560 2579 2579 2579
    2579 2579 2579 2579 4842 5374 5291 5210 2598 2579 2541 2522 2522
    2522 2522 2522 2522 2522 2541 2541 2541 2541 2560 2560 2560 2560
    2560 2560 2560 2560 2579 2579 2579 2579 2579 2579 2579 4842 5374
    5374 5374 2618 2598 2560 2541 2541 2522 2522 2541 2541 2541 2541
    2541 2541 2541 2560 2560 2560 2560 2560 2560 2560 2579 2579 2579
    2579 2579 2579 2579 2579 4842 5374 5374 5374 2618 2598 2560 2541
    2541 2541 2541 2541 2541 2541 2541 2541 2541 2541 2560 2560 2560
    2560 2560 2560 2579 2579 2579 2579 2579 2579 2579 2579 2560 2560
    5460 5460 5460 5460 2598 2560 2541 2541 2541 2541 2541 2541 2541
    2541 2541 2541 2541 2560 2560 2560 2579 2579 2579 2579 2579 2579
    2579 2579 2579 2579 2579 2560 2560 5460 5460 5460 5460 2579 2560
    2560 2541 2541 2541 2541 2541 2541 2541 2541 2541 2541 2560 2560
    2560 2579 2579 2579 2579 2579 2579 2579 2579 2579 2579 2579 2579
    2579 5460 5460 5460 5548 2560 2560 2560 2541 2541 2522 2522 2522
    2522 2541 2541 2541 2541 2560 2560 2560 2579 2579 2579 2579 2579
    2579 2579 2579 2579 2579 2579 2579 2579 5460 5460 5460 5548 2560
    2560 2560 2541 2541 2522 2522 2522 2522 2541 2541 2541 2541 2560
    2541 2541 2579 2579 2579 2579 2579 2579 2579 2579 2579 2579 2579
    2579 2579 5460 5460 5460 5460 5460 2579 2560 2541 2541 2522 2522
    2522 2541 2541 2541 2541 2541 2560 2541 2541 2560 2579 2579 2579
    2579 2579 2579 2579 2579 2579 2579 2579 2579 5460 5460 5460 5374
    5374 2579 2579 2560 2541 2541 2541 2541 2541 2541 2541 2541 2541
    2560 2560 2560 2560 2579 2579 2579 2579 2579 2579 2579 2579 2579
    2579 2579 2579 5460 5460 5460 5374 5374 2598 2579 2560 2541 2541
    2541 2541 2541 2541 2541 2541 2541 2560 2560 2560 2560 2579 2579
    2579 2579 2579 2579 2579 2579 2579 2579 2579 2579 5460 5460 5374
    5374 5291 2618 2579 2560 2541 2541 2541 2522 2522 2541 2541 2541
    2541 2560 2560 2560 2560 2560 2560 2579 2579 2579 2579 2579 2579
    2579 2579 2579 2598 5460 5460 5374 5374 5291 5291 2618 2579 2560
    2541 2541 2522 2522 2541 2541 2541 2541 2560 2560 2560 2560 2560
    2560 2579 2579 2579 2579 2579 2579 2579 2579 2579 2598 5460 5460
    5374 5374 5374 5374 2618 2579 2560 2541 2541 2522 2522 2541 2541
    2541 2541 2560 2560 2560 2560 2560 2560 2579 2579 2579 2579 2579
    2579 2598 2598 2598 2598 5460 5460 5460 5460 5374 5374 2618 2598
    2579 2541 2541 2541 2541 2541 2541 2541 2541 2560 2560 2560 2560
    2560 2560 2579 2579 2579 2598 2598 2598 2618 2618 2618 2618 5460
    5460 5460 5460 5460 5460 5460 2598 2579 2560 2541 2541 2541 2541
    2541 2541 2541 2560 2579 2560 2560 2560 2560 2579 2579 2579 2598
    2618 4983 4983 4911 4911 4911 5460 5460 5460 5460 5374 5374 5374
    2598 2579 2560 2560 2541 2541 2541 2541 2541 2541 2560 2579 2579
    2579 2560 2560 2579 2579 2579 2598 5056 4983 4983 4911 4911 4911
    5460 5460 5460 5460 5374 5374 5374 2579 2579 2560 2560 2541 2541
    2541 2541 2541 2541 2560 2579 2579 2579 2579 0 2579 4983 4983 4983
    4983 4983 4983 4911 4911 4842 5460 5460 5460 5460 5374 5291 5291
    5291 2560 2560 2560 2541 2541 2541 2541 2541 2560 2579 2598 2598 0 0
    0 0 0 4983 4983 4911 4911 4911 4911 4911 4842 5548 5460 5460 5460
    5374 5291 5291 5291 2560 2560 2560 2541 2541 2541 2541 2541 2579
    2579 0 0 0 0 0 0 0 4911 4911 4911 4911 4911 4911 4911 4842</data></Depth8752>
</opencv_storage>
