<?xml version="1.0"?>
<opencv_storage>
<Depth20027 type_id="opencv-matrix">
  <rows>7</rows>
  <cols>16</cols>
  <dt>w</dt>
  <data>
    5734 5734 5734 5640 5640 5640 5734 5640 5640 5132 4983 4983 4911
    4842 4842 4842 5734 5734 5734 5640 5132 5132 4842 4842 4842 4911
    4911 4911 4842 4774 4774 4774 4983 4911 4911 4911 4842 4842 4842
    4842 4842 4842 4842 4842 4842 4774 4708 4708 4983 4911 4911 4911
    4842 4842 4842 4842 4842 4842 4842 4842 4842 4774 4708 4708 4983
    4983 4983 4983 4842 4842 4842 4842 4842 4842 4842 4842 4842 4774
    4708 4708 4911 4911 4911 4842 4842 4842 4842 4842 4842 4842 4842
    4774 4774 4774 4774 4774 4842 4842 4842 4774 4774 4708 4708 4842
    4911 4911 4842 4774 4774 4774 4774 5056</data></Depth20027>
</opencv_storage>
