<?xml version="1.0"?>
<opencv_storage>
<Depth16947 type_id="opencv-matrix">
  <rows>154</rows>
  <cols>94</cols>
  <dt>w</dt>
  <data>
    2016 2005 1981 1981 1970 1970 1970 1959 1959 1959 1959 1970 1970
    2103 2103 2103 2103 2103 2090 2078 2065 2065 2065 2065 2065 2065
    2065 2065 2053 2053 2053 2053 2053 2053 1843 1843 1843 1843 1833
    1833 1833 1833 1833 1833 1833 1853 1863 1863 1873 1883 1904 1915
    1915 1915 3010 2984 2984 2984 2958 2958 2958 2933 2933 2933 2908
    2908 2908 2859 2859 2835 2835 2835 2835 2835 2812 2812 2812 2812 727
    723 722 719 719 719 719 719 2789 2789 2789 2789 2789 2767 2744 2744
    2005 1993 1981 1970 1970 1970 1959 1959 1959 1959 1959 787 787 1970
    2116 2103 2103 2103 2090 2078 2065 2065 2065 2065 2065 2065 2065
    2065 2065 2053 2053 2053 2053 1843 1843 1843 1833 1833 1823 1823
    1823 1823 1823 1823 1823 1843 1853 1863 1863 1894 1904 1904 1915
    2958 2958 2958 2958 2984 2958 2958 2933 2933 2908 2908 2908 2908
    2933 2933 2933 2859 2859 2859 2835 749 749 2789 2789 733 727 723 722
    720 719 719 719 719 2789 2789 2789 2789 2744 0 0 2744 2005 1993 1970
    1970 1959 1959 1959 1959 1947 781 781 783 783 785 2116 2103 2103 0
    2103 2090 2078 2065 2065 2053 2053 2065 2065 2065 2065 2065 2065
    2065 2053 1843 1843 1843 1833 1833 1823 1813 1813 1813 1813 1804
    1804 1833 1853 1863 1863 1894 1894 1894 1894 2933 2933 2958 2958
    2984 2984 2958 757 757 755 754 752 752 749 746 746 746 746 744 744
    742 742 741 738 731 728 725 722 720 719 719 719 719 719 717 0 0 0 0
    0 0 1993 1970 1970 1959 1947 1947 781 781 781 781 781 783 783 785
    2116 2116 2116 2116 2090 2090 2078 2065 2065 2053 2053 2065 2065
    2065 2078 2078 2065 2065 2065 1843 1843 1843 1833 1813 1813 1813
    1813 1813 1804 1804 1804 1823 1843 1863 1863 1894 1894 1894 1894
    2933 2933 2958 0 3010 3010 2958 755 752 752 752 749 749 746 742 742
    742 739 736 736 736 738 738 734 730 728 725 723 723 720 720 719 717
    717 717 722 722 0 0 0 0 1993 1970 1959 1959 1947 1936 780 780 780
    780 781 783 783 785 785 785 785 0 2065 2065 2065 2065 2065 2065 2065
    2090 2090 2090 2090 2090 2090 2090 1843 0 1843 1843 1843 1813 1813
    1813 1813 1813 1804 1804 1813 1823 1843 1873 1873 1894 0 0 0 0 0 0
    683 755 0 755 755 752 752 752 749 749 746 742 742 741 739 736 734
    734 731 730 730 728 725 725 723 723 722 720 720 717 717 719 722 722
    0 0 0 0 3433 1959 1959 1959 1947 1936 780 780 780 780 780 781 781
    785 785 785 0 0 0 0 739 739 739 741 0 0 739 739 730 728 0 0 0 0 727
    727 727 722 0 722 722 1813 1813 1813 1813 1813 1813 1813 693 0 0 0 0
    0 0 0 0 0 0 683 750 750 750 750 749 749 738 736 736 736 738 736 733
    731 730 728 727 727 725 723 723 690 690 723 704 704 719 719 722 722
    0 0 0 0 781 780 780 1947 1947 1936 780 776 776 776 776 776 780 785
    785 785 754 754 754 0 0 0 0 741 739 739 739 0 0 0 0 723 723 0 727 0
    0 0 722 722 722 722 1813 1813 1813 1813 0 0 0 0 0 0 0 0 0 0 683 683
    0 0 0 0 750 750 749 749 734 733 733 733 734 734 657 657 730 728 662
    662 725 683 683 690 690 697 701 704 720 720 722 722 0 0 0 0 781 780
    780 778 778 776 776 774 774 774 767 762 761 759 757 757 754 754 754
    752 739 739 739 741 739 739 739 739 730 728 727 723 723 727 727 720
    0 723 722 722 722 722 713 701 701 703 703 0 693 0 0 0 0 688 0 683
    683 683 683 674 672 672 672 671 667 734 734 733 733 733 734 657 655
    655 655 662 662 662 663 683 683 690 690 697 701 704 722 722 722 722
    0 0 0 0 780 780 778 778 778 774 774 774 774 774 766 762 761 759 757
    755 754 754 754 746 739 739 738 738 738 738 734 734 730 728 727 723
    723 720 720 720 716 723 723 713 713 713 713 701 701 703 703 694 693
    693 690 687 687 688 688 0 682 678 676 674 672 672 672 671 667 667
    666 666 662 661 659 657 655 655 655 657 662 662 663 674 678 684 693
    698 701 704 722 723 723 723 0 0 0 0 780 780 778 778 778 774 774 774
    774 773 766 764 761 759 757 755 754 752 752 746 742 741 738 738 738
    736 734 734 731 728 727 723 722 720 719 717 716 716 713 711 710 708
    706 701 700 700 698 694 694 693 688 687 687 687 686 684 682 678 676
    674 672 672 672 671 667 666 666 663 661 661 659 657 655 655 655 657
    661 662 674 674 678 684 701 701 704 706 713 723 725 725 0 0 0 0 780
    780 780 778 778 776 776 774 774 773 766 764 761 759 757 755 754 752
    752 746 742 741 741 739 739 736 734 734 731 730 727 723 722 720 719
    717 716 714 713 711 710 708 706 701 700 698 698 694 694 693 688 687
    687 687 686 684 682 678 676 675 674 672 671 671 667 666 666 662 661
    661 659 657 655 655 655 657 661 662 676 676 679 684 704 704 706 708
    713 719 725 725 0 0 0 0 780 780 780 780 780 778 778 774 774 773 766
    764 762 759 757 755 754 752 752 750 744 742 741 739 739 738 734 734
    733 730 727 725 722 722 719 717 716 714 713 711 710 708 706 701 700
    698 698 696 694 693 690 688 688 687 686 684 682 679 678 675 674 672
    671 671 668 667 666 662 661 661 659 657 657 657 657 658 661 662 680
    680 680 684 707 707 708 710 713 716 0 0 0 0 0 0 781 781 780 780 780
    780 778 776 774 767 767 766 764 761 759 757 754 754 752 750 746 744
    741 739 739 738 736 736 734 731 728 727 723 722 720 719 717 716 714
    711 710 708 706 703 700 700 698 697 694 693 691 690 688 687 686 684
    682 680 678 676 675 674 672 671 670 667 666 662 661 661 659 658 657
    657 657 658 661 662 680 680 683 686 707 707 710 710 713 716 719 0 0
    0 0 0 781 781 781 781 781 781 780 776 773 767 767 766 766 762 761
    759 755 754 752 752 750 746 742 741 739 738 736 736 734 733 728 727
    723 723 722 720 717 717 716 714 711 708 707 704 701 700 698 697 696
    694 693 691 690 687 686 683 682 680 679 678 676 674 672 672 671 668
    667 662 662 661 659 658 657 657 657 658 661 662 682 683 683 686 701
    704 710 711 713 716 719 0 0 0 0 0 781 781 781 781 783 783 781 776
    773 767 767 767 766 764 762 759 755 754 752 752 750 746 742 741 739
    739 736 736 736 734 728 728 725 725 723 722 719 717 716 716 714 710
    707 704 703 701 700 698 697 694 694 693 691 688 687 683 683 682 680
    678 676 675 674 672 671 670 668 662 662 662 661 658 658 658 658 658
    659 662 682 683 683 686 701 703 706 710 714 717 719 722 0 0 0 0 783
    783 783 783 783 785 781 776 773 771 769 767 767 766 762 759 757 754
    754 752 752 749 746 742 741 739 738 738 736 734 733 728 727 725 723
    722 720 719 717 716 716 711 707 706 704 703 701 700 697 696 694 693
    690 688 687 684 683 682 680 679 678 675 674 672 671 670 668 663 663
    662 662 659 659 658 657 657 659 682 682 682 682 686 700 701 703 708
    714 719 720 722 0 0 0 0 785 783 783 783 785 785 781 776 773 771 771
    769 767 766 762 761 757 755 754 754 752 749 747 744 741 739 738 738
    736 734 733 728 728 727 723 722 722 719 717 717 716 713 707 706 704
    703 701 700 698 697 694 693 690 688 687 686 683 683 682 679 678 676
    675 674 672 671 668 666 663 663 662 661 659 658 657 657 662 670 678
    680 682 684 698 701 703 707 717 720 722 723 0 0 0 0 785 783 783 783
    785 783 780 776 774 773 771 771 769 766 762 761 759 757 755 754 752
    749 747 746 744 741 739 739 738 734 733 730 728 727 725 723 722 720
    717 717 716 713 708 707 706 704 703 700 698 697 696 694 691 690 688
    686 684 683 682 679 678 676 675 674 672 671 668 666 663 663 662 661
    661 659 659 659 662 670 674 676 682 684 696 701 703 707 717 722 722
    723 0 0 0 0 785 783 783 783 785 781 780 776 774 773 773 771 769 766
    764 761 759 759 757 754 752 749 747 747 746 742 741 739 738 734 733
    731 728 727 725 723 722 720 717 717 716 714 710 708 706 704 703 701
    700 697 696 694 693 690 688 687 684 683 683 680 679 678 676 675 674
    672 671 667 666 664 663 662 661 661 659 659 664 671 674 676 682 691
    696 701 703 707 722 723 723 727 730 0 0 0 787 785 785 785 785 781
    780 776 776 774 773 773 769 767 766 762 761 759 757 755 754 749 747
    747 747 744 741 739 738 736 734 731 728 727 725 723 722 720 719 717
    716 713 710 708 706 704 704 703 701 698 697 696 693 691 688 687 686
