<?xml version="1.0"?>
<opencv_storage>
<Depth10306 type_id="opencv-matrix">
  <rows>74</rows>
  <cols>96</cols>
  <dt>w</dt>
  <data>
    3576 3539 3539 3576 3576 3576 3539 3539 3539 3539 3576 1063 1063
    1063 1067 1067 1063 1063 1060 1060 1057 1057 1060 3503 3503 3503
    3503 3503 3503 3468 3468 3468 3468 3468 3503 3503 3503 3503 3503
    3539 3539 3503 3503 3468 3468 3468 3468 3468 3468 3433 3399 3399
    3399 3365 3365 3399 3433 3468 3433 3433 3468 3468 3468 3468 3468
    3503 3468 3433 3365 3333 3333 3333 3333 2560 2560 2541 2541 2485
    2485 2485 2485 2485 2485 2485 2485 2485 2485 2485 2485 0 0 0 0 0 0 0
    3576 3539 3539 3539 3539 3539 3539 3539 3539 1060 1060 1060 1063
    1063 1063 1063 1063 1063 1060 1060 1057 1057 1060 1060 1060 1060
    1060 3539 3503 3468 3468 3468 3468 3468 3503 3503 3503 3503 3503
    3503 3503 3503 3503 3468 3468 3468 3468 3468 3468 3433 3399 3399
    3399 3399 3399 3433 3433 3468 3433 3433 3468 3468 3468 3468 3468
    3468 3468 3365 3333 3300 3300 3333 3365 2560 2560 2541 2522 2485
    2485 2485 2485 2485 2485 2485 2485 2485 2485 2485 2485 0 0 0 0 0 0 0
    3539 3539 0 0 0 1080 0 1080 1060 1060 1060 1060 1060 1063 1063 1063
    1063 1063 1063 1060 1057 1057 1057 1057 1057 1057 1060 1067 1070
    1070 1067 1063 1063 1060 1060 1060 3503 3503 3503 3503 3503 3503
    3503 3468 3468 3468 3503 3468 3468 3399 3399 3399 3399 3399 3433
    3433 3433 3468 3468 3468 3468 3468 3468 3468 3468 3468 3433 3333
    3333 3300 3300 3333 3365 2560 2560 2541 2522 2503 2485 2485 2485
    2485 2485 2485 2485 2485 2485 2467 2467 0 0 0 0 0 0 0 3503 3503 0 0
    0 0 0 1080 1080 1067 1063 1060 1060 1060 1060 1060 1063 1063 1063
    1060 1060 1057 1057 1057 1057 1057 1060 1067 1067 1067 1063 1063
    1063 1060 1060 1060 1060 1063 1067 1070 1070 3539 3503 3503 3468
    3468 3468 3468 3433 3399 3365 3365 3399 3399 3433 3433 3433 3468
    3468 3468 3468 3468 3468 3468 3468 3433 3365 3333 3300 3300 3300
    3365 3365 2541 2541 2522 2522 2485 2485 2485 2485 2485 2485 2485
    2485 2485 2485 2467 2467 0 0 0 0 0 0 0 3503 3503 0 0 0 0 0 1080 1080
    1070 1067 1060 1060 1057 1057 1060 1063 1063 1063 1060 1060 1057
    1057 1057 1057 1060 1060 1067 1067 1067 1063 1063 1063 1060 1060
    1060 1060 1063 1063 1060 1060 1057 1057 1057 3468 3468 3468 3433
    3433 3365 3365 3365 3399 3399 3433 3433 3433 3468 3468 3468 3468
    3468 3468 3468 3468 3399 3333 3333 3300 3300 3300 3365 2541 2541
    2541 2522 2503 2485 2485 2485 2485 2485 2485 2485 2485 2485 2503
    2485 2485 0 0 0 0 0 0 0 3539 3539 0 0 0 0 0 1084 1080 1073 1067 1060
    1060 1057 1057 1060 1063 1063 1063 1063 1060 1060 1057 1057 1060
    1060 1060 1060 1060 1063 1063 1063 1063 1060 1060 1060 1060 1063
    1063 1060 1060 1057 1057 1057 1057 1057 1057 1057 1057 3365 3365
    3399 3399 3433 3433 3433 3468 3468 3468 3468 3468 3468 3468 3468
    3433 3365 3333 3333 3333 3333 3333 3333 2541 2541 2541 2522 2485
    2485 2485 2485 2485 2485 2485 2485 2485 2485 2485 2485 0 0 0 0 0 0 0
    0 3576 0 0 0 0 0 0 1084 1080 1073 1067 1063 1060 1057 1057 1060 1063
    1063 1063 1060 1060 1060 1060 1060 1060 1060 1060 1060 1060 1060
    1060 1060 1060 1060 1060 1060 1060 1063 1063 1063 1060 1060 1060
    1057 1057 1057 1057 1057 1057 1060 1060 1063 3433 3433 3433 3433
    3468 3468 3468 3503 3468 3468 3468 3468 3433 3365 3333 3333 3333
    3300 3300 2541 2541 2541 2541 2522 2485 2485 2485 2485 2485 2485
    2485 2485 2485 2485 2485 2485 0 0 0 0 0 0 0 0 3576 0 0 0 0 0 0 1084
    1084 1070 1067 1063 1063 1060 1060 1060 1063 1063 1063 1060 1060
    1057 1057 1057 1060 1060 1060 1060 1060 1060 1060 1060 1060 1060
    1060 1060 1060 1060 1063 1063 1060 1060 1060 1060 1060 1060 1060
    1060 1060 1060 1063 1063 1063 1063 1060 1060 1060 1060 3503 3503
    3468 3468 3468 3468 3399 3365 3333 3300 3300 3300 3300 2541 2541
    2541 2541 2522 2503 2503 2503 2485 2485 2485 2485 2485 2485 2485
    2485 2467 2467 0 0 0 0 0 0 0 3576 0 0 0 0 0 0 1084 1077 1070 1067
    1063 1063 1063 1063 1063 1063 1063 1063 1060 1060 1057 1057 1057
    1057 1057 1060 1060 1060 1060 1060 1060 1060 1060 1060 1060 1060
    1060 1060 1060 1060 1060 1060 1060 1060 1060 1060 1060 1063 1063
    1063 1063 1060 1060 1060 1060 1060 1057 1057 1060 1063 1063 1063
    1063 1063 1063 3333 3300 3300 3300 3300 2579 2560 2541 2541 2503
    2503 2485 2485 2503 2485 2485 2485 2485 2485 2467 2467 2467 2467 0 0
    0 0 0 0 0 0 0 0 0 0 0 0 1077 1077 1067 1063 1063 1063 1063 1063 1060
    1060 1060 1063 1060 1060 1057 1057 1057 1057 1057 1060 1060 1060
    1060 1060 1060 1060 1060 1060 1060 1060 1060 1060 1060 1060 1060
    1060 1060 1060 1060 1060 1060 1060 1063 1063 1060 1060 1060 1060
    1060 1060 1057 1057 1060 1060 1060 1060 1060 1060 1060 1063 1060
    1060 1060 2579 2579 2467 2467 2467 2503 2503 2485 2485 2503 2503
    2485 2485 2485 2485 2467 2450 2415 2415 0 0 0 0 0 0 0 0 0 0 0 0 0 0
    1077 1067 1063 1060 1060 1060 1063 1063 1060 1060 1060 1060 1060
    1060 1057 1057 1057 1057 1057 1060 1063 1060 1060 1060 1060 1060
    1060 1063 1060 1060 1060 1060 1060 1060 1060 1060 1060 1060 1060
    1060 1060 1060 1060 1063 1060 1060 1060 1060 1060 1060 1060 1060
    1060 1060 1060 1060 1060 1060 1060 1063 1060 1060 1060 1060 1063
    1063 1063 2467 2503 2503 2503 2503 2503 2503 2485 2485 2485 2485
    2467 2415 2415 2415 0 0 0 0 0 0 0 0 0 0 0 0 0 0 0 1067 1063 1060
    1060 1060 1063 1063 1060 1057 1057 1060 1057 1057 1057 1057 1057
    1057 1057 1060 1063 1060 1060 1060 1060 1060 1063 1063 1060 1060
    1060 1060 1060 1060 1060 1060 1060 1060 1060 1060 1060 1060 1060
    1060 1060 1060 1060 1060 1060 1060 1060 1060 1060 1060 1060 1060
    1057 1057 1060 1060 1060 1060 1060 1060 1063 1063 1063 1063 1063
    1067 1067 2503 2522 2503 2485 1063 1063 1067 2467 2415 2415 0 0 0 0
    0 0 0 0 0 0 0 0 0 0 0 0 1067 1063 1060 1060 1060 1063 1060 1060 1057
    1057 1057 1057 1057 1057 1057 1057 1057 1057 1060 1063 1063 1060
    1060 1060 1060 1063 1063 1060 1060 1060 1060 1060 1060 1060 1060
    1060 1060 1060 1060 1060 1060 1060 1060 1060 1060 1060 1060 1060
    1060 1060 1060 1060 1057 1057 1057 1057 1057 1060 1060 1060 1060
    1060 1060 1060 1060 1063 1063 1063 1063 1063 1063 1067 1067 1063
    1063 1063 1060 1057 1050 1047 1047 0 0 0 0 0 0 0 0 0 0 0 0 0 0 0
    1067 1063 1060 1060 1060 1063 1060 1060 1057 1057 1057 1057 1057
    1057 1057 1057 1057 1057 1060 1063 1060 1060 1060 1060 1060 1063
    1063 1060 1060 1060 1060 1060 1060 1060 1060 1057 1057 1060 1060
    1060 1060 1060 1060 1060 1060 1060 1060 1060 1060 1060 1060 1060
    1057 1057 1057 1057 1057 1060 1060 1060 1060 1060 1060 1060 1060
    1060 1060 1063 1063 1063 1063 1063 1063 1063 1063 1060 1060 1057
    1050 1047 1047 1054 1057 0 0 0 0 0 0 0 0 0 0 0 0 1067 1067 1063 1060
    1060 1063 1060 1060 1060 1057 1057 1057 1057 1057 1057 1057 1057
    1057 1057 1060 1063 1060 1060 1060 1060 1060 1063 1063 1060 1060
    1060 1060 1060 1060 1060 1060 1057 1057 1060 1060 1060 1060 1060
    1060 1060 1060 1057 1057 1060 1060 1060 1060 1060 1057 1057 1057
    1057 1057 1060 1060 1060 1060 1060 1060 1060 1060 1060 1060 1060
    1060 1063 1063 1063 1063 1063 1063 1060 1060 1060 1057 1054 1054
    1054 1057 1060 1060 0 0 0 0 0 0 0 0 0 0 1067 1067 1063 1063 1063
    1063 1060 1060 1060 1057 1057 1057 1057 1057 1057 1057 1057 1057
    1057 1060 1060 1060 1060 1060 1060 1060 1063 1063 1060 1060 1060
    1060 1060 1060 1060 1060 1060 1060 1060 1060 1060 1060 1060 1060
    1060 1060 1057 1057 1060 1060 1060 1060 1060 1057 1057 1057 1057
    1057 1057 1060 1060 1060 1060 1060 1060 1060 1060 1060 1060 1060
    1063 1063 1063 1063 1063 1063 1060 1060 1060 1057 1054 1054 1057
    1060 1060 1060 0 0 0 0 0 0 0 0 0 0 1067 1067 1063 1063 1063 1063
    1060 1060 1057 1057 1057 1060 1057 1057 1057 1057 1057 1057 1057
    1057 1060 1060 1060 1060 1060 1060 1060 1060 1060 1060 1060 1060
    1057 1057 1060 1060 1060 1060 1060 1060 1060 1060 1060 1060 1060
    1060 1060 1060 1060 1060 1060 1060 1060 1060 1060 1057 1057 1057
