<?xml version="1.0"?>
<opencv_storage>
<Depth12147 type_id="opencv-matrix">
  <rows>7</rows>
  <cols>29</cols>
  <dt>w</dt>
  <data>
    5056 5056 4983 4983 4983 5056 4983 4911 4911 4983 4983 4983 4842
    4842 4842 4842 4911 4911 4911 4842 4842 4842 4842 4911 4842 4842
    4842 4774 4645 5056 5056 4983 4983 4983 4983 4911 4911 4911 4911
    4911 4911 4842 4842 4842 4842 4842 4842 4842 4842 4842 4842 4842
    4842 4842 4842 4842 4842 4774 5056 4983 4983 4983 4983 4983 4911
    4911 4911 4911 4911 4911 4911 4911 4842 4842 4842 4842 4842 4842
    4774 4774 4842 4842 4842 4842 4842 4774 4774 4983 4983 4983 4983
    4983 4911 4911 4911 4911 4911 4911 4911 4911 4842 4842 4911 4842
    4842 4842 4842 4774 4774 4842 4842 4842 4842 4842 4774 4774 4983
    4983 4983 4983 4983 4911 4911 4911 4911 4911 4911 4842 4842 4842
    4842 4842 4842 4842 4842 4842 4842 4842 4774 4774 4774 4774 4842
    4774 4774 4983 4983 4983 4911 4911 4842 4842 4911 4983 4911 4911
    4842 4842 4842 4842 4842 4842 4842 4911 4842 4842 4842 4774 4774
    4774 4774 4911 4842 4774 4983 4983 4983 4911 4911 4842 4842 4842
    4983 4983 4983 4842 4774 4708 4708 4708 4842 4911 4983 4842 4842
    4842 4842 4842 4842 5374 0 0 0</data></Depth12147>
</opencv_storage>
