<?xml version="1.0"?>
<opencv_storage>
<Depth5212 type_id="opencv-matrix">
  <rows>47</rows>
  <cols>34</cols>
  <dt>w</dt>
  <data>
    4983 5056 5056 5132 5132 2241 2226 2212 2212 2212 2198 2184 2184
    2184 2184 2170 2170 2184 2184 5548 5548 5548 5548 5460 5460 5460
    5548 5548 5548 5548 5548 5460 5460 5548 4983 5056 5056 5132 5132
    2241 2226 2212 2212 2198 2184 2184 2170 2170 2170 2184 2184 2184
    2184 2184 2184 5548 5548 5460 5460 5460 5548 5548 5548 5548 5460
    5460 5460 5460 5056 5056 5056 5056 5056 2241 2226 2226 2212 2198
    2184 2170 2170 2170 2170 2184 2184 2184 2184 2184 2184 2184 2241
    2241 5548 5548 5460 5460 5548 5548 5460 5460 5460 5460 5056 5056
    5056 5056 5056 2212 2212 2212 2212 2198 2184 2170 2170 2170 2170
    2184 2184 2184 2184 2184 2198 2212 2241 2241 2241 2241 2271 2271
    5548 5548 5460 5460 5460 5460 4983 4983 5056 5056 5056 2198 2198
    2212 2212 2184 2170 2170 2170 2170 2170 2184 2184 2184 2198 2198
    2198 2212 2241 2241 2241 2241 2271 2271 2301 2301 2301 2333 2349
    5460 4983 4983 4983 5056 5056 2198 2198 2212 2198 2184 2170 2170
    2170 2170 2170 2184 2184 2184 2198 2198 2212 2226 2241 2241 2256
    2256 2286 2286 2301 2301 2301 2333 2349 2365 4983 4983 4983 2143
    2143 2170 2212 2198 2184 2184 2184 2170 2170 2170 2170 2184 2184
    2198 2198 2198 2212 2226 2241 2241 2256 2256 2286 2286 2301 2301
    2317 2333 2349 2365 4983 4983 2129 2129 2143 2170 2198 2198 2184
    2184 2184 2170 2170 2170 2170 2184 2184 2184 2184 2198 2212 2226
    2241 2241 2241 2256 2271 2286 2301 2301 2317 2333 2349 2365 4983
    4983 2129 2129 2143 2170 2198 2198 2184 2184 2170 2170 2170 2170
    2170 2170 2184 2184 2184 2198 2212 2226 2241 2241 2241 2256 2271
    2286 2301 2301 2317 2333 2333 2349 4983 4983 2129 2129 2156 2170
    2198 2184 2184 2170 2170 2156 2156 2156 2170 2170 2170 2184 2184
    2198 2212 2226 2241 2241 2241 2256 2271 2286 2301 2317 2317 2333
    2333 2349 4983 5056 5132 2170 2170 2184 2198 2184 2184 2170 2170
    2156 2156 2156 2156 2170 2170 2184 2184 2198 2212 2212 2241 2241
    2241 2256 2271 2286 2301 2317 2317 2317 2317 2333 4983 5056 5132
    2212 2184 2184 2198 2184 2184 2170 2170 2170 2156 2156 2156 2170
    2170 2184 2184 2198 2212 2212 2241 2241 2241 2256 2271 2301 2317
    2317 2317 2317 2317 2333 4983 5056 5132 2212 2198 2198 2184 2184
    2184 2170 2170 2170 2156 2156 2156 2170 2170 2184 2184 2198 2212
    2226 2241 2241 2241 2256 2271 2286 2301 2301 2317 2317 2317 2317
    5056 5056 5056 2198 2198 2198 2184 2184 2170 2170 2170 2170 2156
    2156 2170 2170 2170 2184 2184 2212 2212 2226 2241 2241 2256 2256
    2271 2286 2301 2301 2301 2301 2317 2317 4983 4983 4983 2184 2184
    2184 2184 2184 2170 2156 2156 2170 2170 2170 2170 2170 2170 2184
    2198 2212 2212 2226 2241 2241 2256 2271 2286 2286 2301 2301 2301
    2301 2317 2317 4983 4983 4983 2184 2184 2184 2184 2184 2170 2156
    2156 2170 2170 2170 2170 2170 2170 2184 2198 2212 2212 2226 2226
    2241 2241 2256 2286 2286 2301 2301 2301 2301 2317 2317 4911 4911
    4911 2184 2184 2184 2184 2184 2170 2170 2156 2156 2156 2170 2170
    2170 2170 2170 2184 2212 2226 2226 2226 2241 2241 2256 2286 2286
    2301 2301 2301 2301 2317 2317 4911 4911 4911 2184 2184 2184 2184
    2170 2170 2156 2156 2156 2156 2156 2170 2170 2170 2170 2184 2212
    2226 2226 2226 2241 2241 2256 2271 2286 2301 2301 2301 2301 2301
    2301 4983 4983 2184 2184 2184 2184 2170 2156 2156 2156 2156 2156
    2156 2156 2170 2170 2170 2184 2198 2212 2226 2226 2226 2241 2241
    2256 2271 2286 2301 2301 2301 2301 2301 2301 4911 2184 2184 2184
    2184 2170 2170 2156 2156 2156 2156 2156 2156 2156 2156 2170 2170
    2184 2184 2198 2212 2226 2226 2241 2241 2256 2271 2286 2301 2301
    2301 2301 2301 2301 4911 2198 2184 2184 2184 2170 2170 2129 2129
    2156 2143 2143 2143 2143 2156 2170 2184 2184 2184 2184 2184 2198
    2226 2241 2241 2256 2271 2286 2301 2301 2301 2301 2301 2301 4983
    2170 2170 2170 2170 2170 2156 2129 2129 2143 2143 2143 2143 2143
    2156 2170 2170 2184 2184 2184 2184 2198 2226 2241 2241 2256 2271
    2286 2301 2301 2301 2301 2301 5291 4983 2170 2170 2170 2170 2170
    2156 2129 2129 2129 2129 2129 2129 2143 2156 2170 2170 2170 2170
    2184 2184 2212 2226 2241 2256 2271 2286 2286 2286 2301 2301 2301
    2301 5291 4911 4911 2184 2184 2184 2170 2129 2129 2116 2116 2116
    2129 2129 2143 2156 2170 2170 2170 2170 2184 2198 2212 2226 2241
    2256 2271 2286 2286 2286 2286 2301 2301 2301 5291 4911 4911 2184
    2184 2184 2170 2129 2129 2116 2116 2116 2116 2129 2143 2143 2156
    2156 2170 2170 2184 2198 2212 2226 2241 2241 2256 2286 2286 2286
    2286 2301 2301 2301 5291 4911 2170 2170 2170 2170 2170 2143 2129
    2129 2129 2116 2116 2129 2143 2143 2156 2156 2170 2170 2184 2198
    2226 2226 2241 2241 2256 2286 2286 2286 2286 2301 2301 5291 5291
    4911 2170 2170 2170 2170 2170 2143 2129 2129 2129 2116 2116 2129
    2129 2143 2156 2156 2170 2170 2184 2212 2212 2226 2241 2241 2271
    2286 2286 2286 2286 2301 2301 5291 5291 4983 2170 2170 2170 2170
    2156 2143 2129 2129 2129 2116 2116 2129 2129 2156 2156 2156 2170
    2184 2198 2198 2212 2226 2226 2256 2286 2286 2286 2286 2286 2301
    2301 5210 5210 5056 2184 2170 2170 2156 2143 2143 2129 2129 2129
    2116 2116 2129 2129 2143 2156 2170 2170 2184 2184 2198 2212 2226
    2226 2256 2271 2286 2286 2286 2286 2301 2301 5210 5210 2170 2170
    2170 2170 2156 2143 2143 2129 2129 2116 2116 2116 2129 2129 2143
    2156 2170 2170 2184 2184 2198 2212 2226 2226 2241 2271 2286 2286
    2286 2286 2286 2286 5210 5210 2170 2170 2170 2170 2156 2143 2129
    2129 2116 2116 2116 2116 2116 2129 2129 2143 2170 2170 2184 2184
    2198 2212 2226 2226 2241 2256 2271 2286 2286 2286 2286 5291 5291
    5210 2156 2156 2170 2170 2143 2129 2129 2129 2116 2116 2116 2116
    2116 2129 2129 2143 2170 2170 2184 2184 2198 2212 2226 2226 2241
    2256 2271 2286 2286 2286 2286 5291 5291 5210 2156 2156 2170 2156
    2143 2129 2129 2116 2116 2116 2116 2116 2116 2129 2129 2143 2170
    2170 2184 2198 2212 2226 2226 2226 2241 2256 2271 2286 2286 2286
    2286 5291 5291 5210 2156 2156 2170 2156 2143 2129 2129 2116 2116
    2116 2116 2116 2116 2129 2129 2156 2170 2170 2184 2184 2198 2212
    2226 2226 2241 2256 2271 2286 2286 2286 2286 5291 5291 5210 2143
    2143 2143 2143 2143 2129 2129 2116 2116 2116 2116 2116 2116 2129
    2143 2156 2170 2170 2170 2184 2198 2212 2226 2226 2241 2256 2271
    2286 2286 2286 2286 5374 5291 5210 2143 2143 2143 2129 2129 2116
    2116 2116 2116 2116 2116 2116 2116 2129 2143 2156 2170 2170 2170
    2184 2184 2198 2226 2226 2241 2256 2271 2286 2286 2286 2286 5291
    5291 5210 2143 2143 2143 2129 2129 2116 2116 2116 2116 2116 2116
    2116 2129 2129 2129 2156 2156 2170 2170 2184 2184 2198 2212 2226
    2256 2256 2271 2286 2286 2286 2286 5291 5291 5210 2143 2143 2143
    2129 2116 2116 2103 2103 2116 2116 2116 2116 2129 2129 2129 2143
    2156 2156 2170 2170 2184 2198 2212 2226 2241 2256 2256 2271 2271
    2286 2286 5291 5291 5210 2156 2143 2129 2129 2116 2116 2103 2103
    2103 2103 2116 2116 2129 2129 2143 2143 2156 2156 2170 2170 2184
    2198 2212 2226 2241 2241 2256 2256 2256 2256 2256 5291 5291 5210
    2156 2143 2129 2116 2116 2116 2103 2103 2103 2103 2116 2116 2116
    2129 2143 2143 2156 2156 2170 2184 2198 2198 2212 2226 2241 2241
    2256 2256 2256 2256 2256 5374 5291 5210 2156 2143 2129 2116 2116
    2116 2103 2103 2103 2116 2116 2116 2116 2129 2143 2143 2156 2170
    2170 2184 2198 2198 2226 2226 2241 2241 2256 2256 2256 2256 2256
    5291 5210 5210 2170 2129 2116 2116 2116 2116 2103 2103 2103 2103
    2103 2103 2116 2129 2156 2156 2156 2170 2170 2184 2198 2212 2226
    2241 2241 2241 2256 2256 2256 2286 2286 5210 5210 5132 2170 2129
    2116 2116 2116 2116 2103 2103 2103 2103 2103 2103 2116 2129 2156
    2156 2170 2170 2170 2184 2198 2212 2226 2241 2241 2241 2256 2256
    2256 2256 5210 5210 5210 5132 4842 2143 2129 2103 2103 2103 2090
    2090 2090 2090 2090 2090 2116 2129 2156 2170 2156 2156 2156 2170
