<?xml version="1.0"?>
<opencv_storage>
<Depth15454 type_id="opencv-matrix">
  <rows>11</rows>
  <cols>9</cols>
  <dt>w</dt>
  <data>
    4405 4463 4463 4405 4349 4349 4349 4405 4405 4405 4463 4463 4463
    4463 4463 4463 4463 4405 4463 4463 4463 4463 4522 4522 4522 4522
    4463 4522 4522 4522 4522 4582 4582 4582 4522 4463 4582 4582 4582
    4582 4645 4645 4645 4582 4522 4708 4708 4645 4645 4645 4645 4645
    4582 4522 4774 4774 4774 4774 4708 4708 4645 4582 4522 4774 4774
    4774 4774 4708 4708 4645 4645 4582 4911 4911 4842 4774 4708 4708
    4645 4645 3178 2933 4983 4911 4842 4774 4774 4774 4774 3178 2908
    5056 4983 4842 4774 4774 4774 3178 3178</data></Depth15454>
</opencv_storage>
