<?xml version="1.0"?>
<opencv_storage>
<Depth10922 type_id="opencv-matrix">
  <rows>96</rows>
  <cols>77</cols>
  <dt>w</dt>
  <data>
    3333 3300 3300 3300 3300 3300 3300 3300 3300 3300 3300 3333 3333
    3333 3333 3333 3333 3333 3333 3365 3333 3333 3365 3365 3365 3365
    3365 3365 3365 3365 3365 3365 3365 3365 3365 3365 3365 3365 3365
    3365 3365 3365 3333 3333 3333 3365 3399 3399 3399 3399 3399 3433
    3433 3433 3433 3433 3433 1044 1044 1041 1038 1034 1034 1034 1034
    1034 3399 3399 3399 3399 3399 3399 3399 3399 3399 3399 3399 3300
    3300 3300 3300 3300 3300 3300 3300 3300 3300 3300 3333 3333 3333
    3333 3333 3333 3333 3333 3333 3333 3333 3365 3365 3365 3365 3365
    3365 3365 3365 3365 3365 3365 3365 3333 3333 3365 3365 3365 3365
    3365 3365 3333 3333 3333 3365 3399 3399 3399 3399 3399 3399 3399
    3433 3433 3433 1044 1044 1044 1041 1038 1034 1034 1031 1031 1031
    1031 3433 3433 3433 3399 3399 3399 3433 3399 3399 3399 3300 3300
    3300 3300 3300 3333 3300 3300 3300 3300 3300 3333 3333 3333 3333
    3333 3333 3333 3333 3333 3365 3365 3365 3365 3365 3365 3365 3365
    1004 1004 1007 1007 1010 1013 1013 1013 1010 1010 1016 1016 1019
    3365 3333 3333 3333 1031 1031 1031 1031 3399 3399 3399 1038 1038
    1038 1038 1044 1044 1044 1041 1038 1034 1025 1025 1031 1031 0 0 3468
    3468 3433 3433 3433 3433 3433 3399 3399 3300 3300 3300 3300 3300
    3333 3300 3300 987 987 989 989 3333 3333 3333 3333 3333 3333 3365
    3365 920 920 918 918 1001 1001 1001 1001 1001 1001 1001 1001 1001
    1004 1007 1007 1007 1007 1007 1010 1013 1019 1016 1016 1025 1025
    1025 1028 1028 1028 1031 1038 1038 1038 1038 1038 1041 1041 1041
    1041 1034 1022 1016 1010 1010 1010 995 992 3468 3468 3433 3433 3433
    3433 3433 3433 3399 3300 3300 3300 3333 3333 3365 3333 992 987 987
    987 989 3333 3333 3333 3333 930 928 928 925 920 920 918 918 920 995
    998 992 992 998 995 995 995 998 1001 1004 1004 1001 1001 1001 1001
    1013 1013 1016 1019 1022 1025 1025 1025 1025 1028 1034 1038 1038
    1034 1034 1041 1041 1041 1041 1034 1016 1010 1007 1004 995 995 992
    992 992 3433 3433 3433 3433 3433 3433 3399 3333 3333 3333 3365 3365
    3399 1001 992 987 984 978 978 3365 3365 3365 928 930 930 928 925 923
    920 920 920 920 992 992 989 989 989 989 989 989 992 992 992 998 992
    992 992 995 995 1013 1016 1016 1016 1016 1019 1019 1019 1028 1034
    1038 1038 1034 975 975 973 973 973 973 1007 1007 975 975 981 981 984
    984 984 984 984 981 981 981 3433 3399 3333 0 3333 3333 998 0 998 992
    984 978 973 967 959 959 959 928 928 928 925 925 923 923 920 920 920
    920 923 923 925 981 987 984 984 984 935 935 938 987 987 987 987 995
    1016 1013 1013 1013 1013 962 962 962 959 954 954 1038 1038 975 975
    973 973 970 970 970 973 973 973 975 975 978 978 978 975 975 975 973
    973 973 962 3333 0 0 0 0 0 995 992 984 978 970 967 959 956 930 928
    925 925 923 923 923 923 923 923 920 920 920 920 923 928 981 928 928
    930 933 933 935 930 930 930 930 933 940 943 946 951 954 956 959 959
    956 951 951 962 970 970 975 970 967 962 962 964 970 970 970 970 970
    973 973 973 970 970 970 970 967 967 962 3300 0 0 0 0 0 995 995 989
    978 970 967 959 951 930 925 920 918 915 915 913 913 910 910 915 915
    918 918 920 923 928 925 925 928 933 933 935 930 930 930 930 933 938
    938 946 948 948 948 951 951 951 948 948 954 954 951 951 951 951 951
    956 956 959 962 964 964 964 964 967 967 970 970 967 967 967 967 962
    3300 0 0 0 0 0 995 995 992 978 970 967 959 948 930 925 918 915 913
    910 910 908 908 908 910 910 910 913 915 920 920 923 923 925 928 928
    928 930 930 930 933 933 933 933 933 935 940 940 943 946 946 946 948
    948 948 948 948 948 948 948 954 956 956 959 959 959 959 962 962 964
    967 962 962 964 964 964 962 3300 0 0 0 0 0 995 992 989 975 970 967
    959 948 935 925 915 913 913 910 908 908 908 908 908 910 910 913 915
    915 918 918 918 920 925 925 925 928 928 928 930 930 930 930 930 933
    935 938 940 940 940 946 946 946 948 948 948 948 948 948 951 954 954
    956 956 956 959 959 962 962 964 962 962 962 962 964 962 0 0 0 0 0 0
    998 992 989 975 970 967 959 948 940 928 915 913 910 908 908 908 908
    908 908 910 910 913 915 915 918 918 918 920 923 925 925 925 928 928
    930 930 930 930 930 933 935 938 938 940 940 946 946 946 946 946 946
    948 948 948 951 954 954 954 954 954 959 959 962 962 964 962 962 962
    962 967 964 0 0 0 0 0 1001 998 992 989 978 973 967 956 948 938 928
    915 913 910 908 908 908 908 910 910 910 910 913 915 918 918 918 920
    920 923 925 925 925 928 928 933 933 930 930 930 933 935 938 938 940
    940 946 946 946 946 946 946 948 948 951 954 954 954 954 954 954 959
    962 962 962 962 964 964 964 964 967 964 0 0 0 0 0 1001 998 992 989
    981 973 967 956 940 935 928 920 915 913 908 908 908 910 910 910 913
    913 915 915 918 918 920 920 920 923 925 925 925 928 928 930 933 933
    933 935 935 938 938 940 940 940 946 946 946 946 946 946 948 951 951
    954 954 954 954 954 956 959 962 962 962 962 964 964 964 967 967 964
    0 0 0 0 0 1001 998 995 989 981 973 964 956 940 935 925 920 915 908
    908 908 908 910 910 910 913 913 915 918 918 918 920 923 923 925 925
    925 925 928 928 930 930 933 935 938 938 938 940 940 940 940 946 946
    946 946 946 946 948 951 951 954 954 954 954 954 959 959 962 962 962
    962 964 964 964 970 970 970 0 0 0 0 0 1001 998 992 989 981 970 964
    956 940 935 925 920 915 908 908 908 910 910 910 910 913 915 915 918
    918 918 920 923 923 925 925 925 928 928 928 930 930 933 935 938 938
    938 940 940 940 943 946 946 946 946 946 948 951 951 951 954 954 954
    954 954 959 959 959 962 962 964 964 964 964 970 967 967 0 0 0 0 0
    1001 995 992 989 981 970 964 956 940 935 928 920 913 908 908 908 908
    910 910 913 913 915 918 918 918 920 920 923 923 925 925 928 928 928
    928 930 930 933 935 938 938 940 940 940 940 943 943 946 946 946 946
    948 951 954 954 954 956 956 956 956 959 959 959 962 964 964 964 964
    964 967 967 967 0 0 0 0 0 1001 995 992 989 981 973 964 956 940 935
    928 920 913 910 908 908 908 910 913 915 915 915 918 918 918 920 923
    923 925 925 925 928 928 928 928 930 933 935 938 938 940 940 940 940
    940 943 943 946 946 948 948 951 954 954 954 956 956 956 956 956 959
    959 962 962 964 964 964 964 964 967 964 964 0 0 0 0 0 1001 998 992
    987 981 973 964 956 940 935 928 920 915 910 910 910 910 910 913 915
    915 915 918 918 918 920 923 923 925 925 925 928 928 928 928 930 933
    935 938 938 938 938 940 940 940 943 943 946 948 948 951 951 954 954
    956 956 959 959 959 959 959 962 962 962 964 964 964 964 964 967 964
    964 0 0 0 0 0 1001 1001 992 987 978 973 964 948 940 935 928 920 915
    913 910 910 910 913 915 915 915 915 918 918 918 920 923 923 925 925
    928 928 928 928 928 930 933 935 938 938 938 938 940 940 940 946 946
    948 948 948 951 951 954 954 954 956 959 959 959 962 962 962 962 964
    964 964 964 964 964 967 967 967 0 0 0 0 0 1001 1001 992 984 978 970
    962 948 940 935 930 918 915 913 910 910 910 913 915 915 918 918 918
    918 918 920 923 925 925 925 928 928 928 928 928 930 933 935 938 938
    938 938 940 940 940 946 946 948 948 951 951 954 954 954 954 959 959
    959 959 962 962 962 964 964 964 967 967 967 967 967 970 970 0 0 0 0
    0 1001 1001 995 984 978 970 962 951 940 935 930 918 915 913 913 910
    910 915 915 918 918 918 918 920 920 923 923 925 925 925 928 928 928
    928 928 930 933 938 938 938 938 940 940 940 943 948 948 948 948 951
    951 954 954 956 956 959 959 959 959 962 962 962 964 964 964 967 967
    967 970 970 970 970 0 0 0 0 0 1001 998 992 984 978 973 964 948 940
    935 928 920 915 913 913 913 913 915 918 918 918 918 918 920 923 923
    923 925 925 925 928 928 930 930 930 933 935 938 938 938 940 940 940
    940 946 948 948 948 948 951 951 954 954 956 956 959 959 959 959 962
    962 962 962 964 964 964 967 970 970 967 967 970 0 0 0 0 0 1001 998
    992 984 978 973 964 948 938 935 928 920 915 913 913 913 913 915 918
