<?xml version="1.0"?>
<opencv_storage>
<Depth5652 type_id="opencv-matrix">
  <rows>71</rows>
  <cols>55</cols>
  <dt>w</dt>
  <data>
    4405 4405 4405 4405 4405 4463 4463 4463 4463 4463 4463 4463 4463
    4522 4582 4582 1523 1523 1516 1509 1509 1509 1509 1509 1509 1509
    1509 1509 4645 4645 4645 4645 4645 4645 4708 4708 4708 4708 4708
    4774 4774 4842 4842 4842 4774 4774 4842 4842 4842 4842 4842 4842
    4842 4842 4911 4405 4405 4405 4405 4405 4405 4405 4405 4349 4349
    4405 4405 4522 1564 1557 1543 1523 1523 1516 1503 1503 1503 1503
    1503 1509 1509 1509 1509 1523 4645 4645 4645 4645 4645 4708 4708
    4774 4708 4708 4774 4774 4842 4842 4774 4774 4774 4774 4842 4842
    4842 4842 4842 4842 4842 4911 4405 4405 4405 4405 4405 4405 4349
    4349 4349 4349 4405 4405 4405 1564 1557 1543 1529 1523 1516 1503
    1503 1496 1496 1496 1503 1503 1509 1509 1516 1516 1516 4645 4645
    4708 4708 4708 4708 4708 4774 4774 4774 4842 4774 4774 4774 4774
    4774 4774 4842 4842 4842 4842 4842 4842 4911 4349 4405 4405 4405
    4405 4405 4349 4349 4349 4349 4349 1564 1564 1564 1557 1543 1536
    1529 1516 1503 1503 1496 1496 1496 1503 1503 1509 1509 1516 1516
    1516 1523 1529 1536 1543 4708 4708 4708 4774 4774 4774 4842 4774
    4774 4708 4708 4774 4774 4842 4842 4842 4842 4842 4842 4911 4349
    4405 4405 4405 4405 4349 4295 4190 4190 4190 1557 1557 1557 1557
    1543 1536 1536 1516 1509 1496 1489 1489 1489 1489 1496 1503 1509
    1509 1509 1509 1516 1523 1529 1536 1536 1536 1536 4774 4774 4774
    4774 4774 4774 4774 4708 4708 4774 4774 4842 4842 4842 4842 4842
    4842 4911 4349 4405 4405 4405 4405 4349 4295 4190 4190 4190 1557
    1557 1557 1557 1543 1536 1529 1516 1503 1496 1489 1489 1489 1489
    1496 1503 1509 1509 1509 1509 1516 1516 1529 1536 1536 1536 1536
    1543 1557 1564 1564 1572 4774 4774 4708 4708 4774 4774 4842 4842
    4842 4842 4842 4842 4911 4349 4405 4405 4405 4405 4405 4349 4349
    4349 4349 1557 1557 1557 1550 1543 1536 1529 1516 1496 1489 1489
    1489 1489 1496 1496 1503 1503 1503 1509 1509 1509 1516 1523 1529
    1536 1536 1543 1543 1550 1557 1557 1564 1564 1564 1564 4708 4842
    4842 4842 4842 4842 4842 4842 4842 4911 4405 4405 4405 4405 4405
    4349 4349 4349 4405 4405 1557 1557 1557 1550 1536 1536 1523 1516
    1489 1489 1483 1483 1489 1489 1496 1496 1496 1503 1509 1509 1509
    1516 1516 1523 1529 1536 1536 1543 1550 1557 1557 1564 1564 1564
    1564 1579 1586 4842 4842 4842 4842 4842 4911 4911 4911 3238 4405
    4405 4405 4349 4349 4295 4295 4405 4405 1557 1557 1550 1543 1536
    1529 1523 1509 1489 1483 1483 1483 1489 1489 1496 1496 1496 1503
    1509 1509 1516 1516 1516 1523 1529 1536 1536 1543 1550 1550 1557
    1564 1564 1564 1572 1579 1586 1594 1594 1601 4842 4911 4911 4911
    4911 4405 4405 4405 4405 4349 4349 4295 4295 4295 1572 1572 1557
    1550 1543 1529 1523 1509 1503 1489 1483 1483 1483 1483 1489 1496
    1496 1496 1503 1509 1509 1516 1516 1516 1523 1523 1529 1536 1543
    1550 1550 1557 1557 1564 1564 1572 1579 1579 1586 1594 1594 1601
    1601 4911 4911 4983 4405 4405 4349 4349 4349 4295 4295 4295 1572
    1572 1564 1550 1543 1536 1523 1516 1509 1503 1483 1477 1477 1483
    1483 1489 1496 1496 1496 1503 1509 1509 1516 1516 1516 1516 1523
    1529 1536 1543 1543 1543 1550 1557 1564 1564 1572 1572 1579 1579
    1586 1594 1601 1609 1609 5056 4983 4405 4405 4349 4349 4349 4295
    4295 4295 1572 1572 1564 1543 1543 1523 1516 1509 1503 1489 1477
    1477 1477 1477 1483 1489 1496 1496 1503 1503 1509 1509 1516 1516
    1516 1516 1523 1536 1536 1536 1543 1543 1550 1557 1564 1572 1572
    1572 1572 1579 1586 1594 1601 1609 1609 1616 1616 4463 4405 4349
    4295 4295 4295 4295 4295 4295 1550 1550 1543 1536 1523 1516 1509
    1489 1483 1477 1477 1477 1477 1483 1489 1489 1489 1489 1496 1503
    1509 1509 1516 1516 1516 1523 1536 1536 1536 1543 1543 1550 1557
    1564 1572 1572 1572 1572 1579 1586 1586 1594 1609 1609 1609 1609
    4463 4405 4349 4295 4295 4295 4295 4139 0 1536 1536 1536 1536 1523
    1516 1489 1489 1483 1477 1477 1477 1483 1483 1489 1489 1489 1489
    1489 1496 1503 1509 1509 1516 1516 1529 1529 1536 1536 1543 1543
    1550 1557 1564 1572 1572 1572 1572 1579 1579 1586 1594 1609 1609
    1609 1609 4405 4405 4349 4295 4190 4139 4139 4139 1543 1536 1536
    1536 1536 1516 1509 1489 1483 1483 1477 1477 1477 1483 1483 1483
    1483 1489 1489 1489 1496 1503 1509 1509 1516 1516 1529 1529 1536
    1536 1543 1543 1550 1557 1564 1572 1572 1572 1572 1579 1579 1586
    1594 1601 1609 1601 1601 4405 4349 4349 4295 4190 4089 4089 4089
    1543 1543 1536 1536 1523 1516 1509 1489 1483 1477 1470 1470 1477
    1477 1483 1483 1483 1489 1489 1489 1496 1503 1509 1509 1509 1516
    1523 1529 1536 1536 1543 1543 1550 1550 1564 1564 1572 1572 1572
    1579 1579 1586 1594 1601 1609 1601 1601 3238 4349 4349 4295 4295
    4089 4089 4089 1536 1536 1536 1529 1516 1516 1489 1483 1477 1470
    1470 1470 1470 1470 1477 1483 1483 1483 1489 1489 1496 1503 1509
    1509 1509 1509 1516 1523 1529 1536 1543 1543 1543 1550 1557 1564
    1564 1572 1572 1572 1579 1579 1586 1594 1601 1609 1609 3238 4295
    4349 4295 4295 4241 4241 0 1536 1536 1536 1523 1516 1509 1489 1483
    1477 1470 1464 1464 1470 1470 1477 1477 1477 1483 1489 1489 1496
    1503 1509 1509 1509 1509 1516 1523 1529 1536 1536 1543 1543 1550
    1557 1564 1564 1564 1564 1572 1579 1579 1586 1594 1601 1601 1601
    4295 4295 4295 4295 4295 4295 4295 0 1536 1536 1536 1523 1516 1509
    1489 1483 1470 1464 1464 1464 1464 1470 1470 1477 1477 1483 1483
    1489 1496 1503 1509 1509 1509 1509 1516 1529 1529 1536 1536 1536
    1543 1550 1557 1564 1564 1564 1564 1572 1572 1579 1579 1594 1594
    1601 1601 4349 4349 4295 4295 4295 4295 4295 1529 1529 1529 1529
    1523 1516 1489 1483 1477 1470 1464 1464 1464 1464 1464 1470 1470
    1477 1483 1483 1489 1496 1503 1503 1503 1503 1509 1516 1529 1529
    1536 1536 1536 1543 1550 1557 1557 1564 1564 1564 1572 1572 1572
    1572 1586 1594 1601 1601 4349 4349 4295 4295 4295 4295 4295 1529
    1529 1529 1523 1516 1509 1489 1483 1477 1464 1464 1464 1464 1464
    1464 1470 1470 1477 1477 1483 1483 1489 1496 1503 1503 1503 1509
    1516 1529 1529 1529 1536 1536 1543 1550 1550 1557 1557 1564 1564
    1572 1572 1572 1572 1586 1594 1609 1609 4349 4349 4349 4349 4349
    4349 4349 1536 1536 1529 1523 1516 1509 1489 1483 1470 1464 1458
    1458 1458 1464 1470 1470 1470 1477 1477 1483 1483 1489 1496 1496
    1503 1509 1509 1516 1523 1529 1529 1536 1536 1543 1543 1550 1550
    1557 1564 1564 1572 1572 1572 1579 1594 1594 1601 1609 4295 4295
    4349 4349 4349 4349 1516 1536 1536 1523 1516 1509 1489 1483 1477
    1470 1458 1458 1458 1458 1464 1464 1464 1470 1470 1477 1483 1483
    1489 1489 1496 1496 1503 1509 1516 1516 1523 1529 1536 1536 1543
    1543 1550 1550 1557 1564 1564 1572 1572 1572 1579 1586 1594 1601
    1609 4295 4295 4295 4349 4349 4349 1516 1516 1516 1523 1516 1503
    1489 1483 1477 1464 1458 1458 1458 1458 1464 1464 1464 1470 1470
    1477 1483 1483 1489 1489 1496 1496 1503 1509 1516 1516 1523 1523
    1529 1536 1536 1543 1543 1550 1550 1564 1564 1572 1572 1572 1579
    1586 1594 1601 1609 4241 4241 4241 4241 4349 4349 1516 1516 1516
    1523 1516 1489 1489 1483 1470 1464 1452 1452 1452 1458 1458 1464
    1464 1470 1470 1477 1483 1483 1489 1489 1496 1496 1503 1509 1516
    1516 1516 1523 1529 1536 1536 1543 1543 1543 1550 1557 1564 1564
    1572 1572 1579 1586 1594 1601 1601 4241 4241 4190 4190 4241 4241
    1536 1536 1523 1516 1509 1489 1483 1483 1470 1464 1452 1452 1452
    1458 1458 1464 1464 1470 1477 1483 1483 1483 1489 1489 1496 1496
    1503 1509 1509 1516 1516 1516 1523 1529 1536 1543 1543 1543 1550
    1557 1557 1564 1564 1572 1572 1586 1594 1609 1609 4190 4190 4190
    4190 4190 0 4190 1516 1516 1516 1489 1489 1483 1483 1458 1458 1445
    1445 1452 1458 1458 1464 1464 1470 1477 1483 1483 1483 1489 1489
    1496 1496 1503 1509 1509 1516 1516 1516 1523 1529 1529 1536 1543
