<?xml version="1.0"?>
<opencv_storage>
<Depth14142 type_id="opencv-matrix">
  <rows>15</rows>
  <cols>10</cols>
  <dt>w</dt>
  <data>
    6038 6038 6038 6146 4983 4983 4983 4983 4983 4983 6038 6038 6038
    6375 4983 4842 4842 4911 4911 4983 6038 6038 6146 5056 4983 4842
    4842 4842 4774 4774 6146 6146 4983 4983 4983 4911 4842 4842 4708
    4708 6038 6038 4983 4983 4983 4842 4842 4842 4708 4708 6038 6038
    4983 4983 4983 4842 4842 4842 4708 4645 5640 4983 4983 4983 4911
    4842 4842 4842 4774 4645 5640 4983 4983 4983 4911 4911 4911 4911
    4774 4774 5933 4911 4911 4983 4911 4911 4911 4911 4911 4983 4983
    4911 4911 4911 4911 4911 4911 4911 0 0 4983 4911 4911 4911 4911 4842
    4842 4911 0 0 4983 4911 4911 4911 4911 4842 4708 4708 0 0 4911 4911
    4911 4911 4911 4842 4708 4708 0 0 4911 4911 4911 4911 4911 4911 4774
    4774 0 0 4842 4842 4911 4911 4911 4911 4983 4983 0 0</data></Depth14142>
</opencv_storage>
