<?xml version="1.0"?>
<opencv_storage>
<Depth0662 type_id="opencv-matrix">
  <rows>17</rows>
  <cols>21</cols>
  <dt>w</dt>
  <data>
    4582 4582 4522 4522 4463 4463 4463 4463 4522 4522 4522 4522 4522
    4463 4405 4405 4463 4463 4463 4405 4405 4582 4582 4522 4522 4463
    4463 4463 4463 4522 4522 4522 4463 4463 4463 4463 4463 4463 4463
    4463 4405 4405 4522 4582 4522 4522 4463 4463 4463 4463 4522 4522
    4463 4463 4463 4463 4463 4463 4463 4463 4463 4405 4405 4522 4522
    4522 4522 4463 4463 4463 4463 4522 4522 4463 4463 4463 4463 4463
    4463 4463 4463 4463 4405 4405 4463 4463 4463 4463 4463 4463 4463
    4463 4463 4463 4463 4463 4463 4463 4463 4463 4463 4405 4405 4405
    4349 4463 4463 4405 4405 4463 4463 4463 4463 4463 4405 4405 4405
    4405 4405 4405 4463 4463 4405 4405 4405 4349 4463 4463 4405 4405
    4405 4463 4463 4463 4405 4405 4405 4405 4405 4405 4405 4405 4405
    4405 4405 4405 4405 4463 4405 4405 4405 4405 4405 4405 4405 4405
    4405 4405 4405 4405 4405 4405 4405 4405 4405 4405 4349 4295 4463
    4349 4349 4349 4349 4405 4405 4405 4405 4349 4349 4349 4349 4349
    4349 4349 4349 4405 4349 4349 4295 4405 4349 4349 4349 4349 4349
    4349 4349 4349 4295 4295 4295 4349 4349 4349 4349 4349 4349 4349
    4349 4349 4349 4349 4349 4349 4349 4349 4349 4349 4349 4295 4295
    4295 4349 4349 4349 4349 4349 4349 4349 4349 4349 4349 4349 4349
    4349 4349 4349 4349 4349 4349 4295 4295 4349 4349 4349 4349 4295
    4295 4295 4349 4349 4349 4405 4349 4349 4349 4349 4349 4349 4349
    4349 4349 4349 4349 4349 4349 4349 4295 4295 4295 4349 4349 4349
    4405 4349 4349 4349 4349 4349 4405 4405 4405 4349 4349 4349 4349
    4349 4349 4349 4295 4295 4349 4349 4349 4405 4405 4405 4349 4349
    4349 4349 4349 4349 4349 4349 4349 4349 4349 4349 4295 4295 4295
    4295 4295 4349 4405 4405 4349 4349 4295 4295 4295 4349 4349 4349
    4349 4349 4349 4349 4349 4295 4295 4295 4295 4295 4349 4405 4405
    4349 4349 4295 4295 4295 4349 4349 4349 4349 4349 4349 4349 6038
    6038 6038 6038 5933 5933 6038</data></Depth0662>
</opencv_storage>
