<?xml version="1.0"?>
<opencv_storage>
<Depth3015 type_id="opencv-matrix">
  <rows>44</rows>
  <cols>28</cols>
  <dt>w</dt>
  <data>
    4645 4522 4522 4522 4582 4582 2286 2271 2271 2271 2256 2256 4463
    4463 4405 4405 4405 4405 4349 4349 4349 4295 4295 4295 4295 4295
    4295 4241 4522 2349 2349 4582 2286 2286 2271 2271 2271 2271 2256
    2256 2256 4463 4405 4405 4405 4405 4349 4349 4349 4349 4349 4295
    4295 4295 4241 4241 2349 2333 2317 2301 2286 2271 2271 2271 2271
    2271 2271 2241 2241 2241 4405 4405 4405 4405 4405 4349 4349 4349
    4349 4349 4349 4295 4241 4241 2301 2317 2301 2301 2286 2271 2271
    2271 2271 2271 2271 2241 2241 2241 4405 4405 4405 4405 4405 4405
    4405 4405 4349 4349 4349 4295 4241 4241 2301 2301 2286 2286 2286
    2286 2271 2271 2271 2271 2271 2271 2271 2271 4405 4405 4405 4405
    4405 4405 4349 4349 4349 4349 4349 4349 4295 4241 2286 2286 2286
    2286 2286 2286 2271 2271 2271 2271 2271 2271 2256 2256 2256 4405
    4405 4405 4405 4405 4349 4349 4349 4349 4349 4349 4295 4295 2286
    2286 2286 2286 2286 2286 2271 2271 2271 2286 2286 2271 2256 2241
    2241 4405 4405 4405 4405 4405 4349 4349 4349 4349 4349 4349 4295
    4295 2286 2286 2286 2286 2286 2286 2286 2271 2271 2271 2271 2271
    2256 2241 2241 4405 4405 4349 4349 4349 4349 4349 4349 4349 4349
    4349 4349 4295 2286 2286 2271 2271 2286 2286 2286 2271 2271 2271
    2271 2271 2256 2241 2241 2241 4405 4349 4349 4349 4349 4349 4349
    4349 4349 4349 4349 4295 2286 2271 2271 2271 2271 2271 2286 2271
    2271 2271 2271 2271 2271 2256 2241 2241 4405 4349 4349 4405 4405
    4405 4349 4349 4349 4349 4349 4295 2286 2271 2271 2271 2271 2271
    2271 2271 2271 2271 2271 2271 2271 2271 2271 2271 2271 4405 4405
    4405 4405 4405 4349 4349 4349 4349 4349 4349 4645 2271 2271 2271
    2256 2256 2271 2271 2271 2256 2256 2271 2271 2271 2271 2286 2286
    4405 4405 4405 4405 4405 4405 4349 4349 4349 4349 4349 4645 2271
    2271 2271 2256 2256 2271 2271 2271 2256 2256 2271 2271 2271 2256
    2256 2286 2286 4405 4405 4405 4405 4405 4349 4349 4349 4349 4349
    4645 2271 2256 2256 2256 2256 2271 2271 2271 2271 2271 2271 2271
    2271 2256 2241 2241 2241 2241 4405 4405 4405 4405 4405 4405 4405
    4349 4349 4645 2271 2256 2256 2271 2271 2271 2271 2271 2271 2271
    2271 2271 2271 2256 2241 2241 2241 2241 4405 4405 4405 4405 4405
    4405 4349 4349 4349 4645 4708 2271 2271 2271 2271 2271 2271 2286
    2271 2271 2271 2271 2271 2256 2256 2241 2241 2241 4405 4405 4405
    4405 4405 4405 4349 4349 4349 4645 4708 4708 2271 2271 2271 2271
    2271 2286 2271 2271 2271 2271 2271 2256 2241 2241 2241 2241 2286
    4463 4463 4405 4405 4405 4349 4349 4349 4645 4645 4708 4708 2286
    2271 2271 2286 2286 2271 2271 2271 2271 2256 2256 2241 2241 2286
    2286 2286 4463 4463 4405 4405 4405 4349 4349 4349 4645 4645 4645
    4645 2286 2271 2271 2286 2286 2271 2271 2271 2271 2256 2256 2256
    2256 2286 2286 2286 2286 4463 4405 4405 4405 4405 4405 4349 4645
    4645 4645 4645 4645 2271 2271 2286 2286 2271 2271 2271 2271 2256
    2256 2256 2256 2256 2256 2241 2241 2241 4405 4405 4405 4405 4405
    4349 4645 4645 4645 4645 4645 2271 2271 2271 2271 2286 2271 2271
    2271 2271 2256 2256 2256 2256 2256 2241 2241 2241 4405 4405 4405
    4405 4349 4349 4645 4645 4645 4645 4645 2271 2271 2271 2271 2286
    2271 2271 2271 2271 2271 2256 2256 2256 2256 2241 2241 2241 4405
    4349 4349 4349 4349 4349 4645 4645 4645 4645 4645 4645 2271 2271
    2286 2286 2271 2271 2271 2271 2271 2256 2256 2256 2271 2241 2241
    2241 2241 4349 4349 4349 4349 4349 4645 4645 4645 4645 4645 4645
    2286 2271 2271 2271 2271 2271 2271 2271 2271 2271 2271 2271 2271
    2241 2241 2226 2226 2226 4405 4405 4405 4405 4645 4645 4645 4645
    4645 4645 2286 2271 2271 2271 2271 2271 2271 2271 2256 2256 2256
    2271 2271 2271 2271 2226 2226 2226 4463 4405 4405 4405 4645 4645
    4645 4645 4645 4645 4645 2271 2271 2271 2271 2271 2271 2271 2256
    2256 2256 2271 2271 2271 2271 2241 2226 2226 2226 4463 4405 4405
    4645 4645 4645 4645 4645 4645 4522 4522 2271 2271 2271 2271 2271
    2271 2271 2271 2271 2271 2256 2256 2256 2241 2226 2226 2226 4463
    4405 4405 4645 4645 4645 4645 4645 4645 4522 4463 2286 2286 2286
    2286 2271 2271 2271 2271 2271 2271 2256 2256 2256 2256 2256 2256
    2256 4463 4405 4405 4708 4645 4645 4645 4645 4645 4522 4463 2286
    2286 2271 2271 2271 2271 2271 2271 2271 2271 2256 2256 2271 2256
    2256 2256 2256 2256 4405 4405 4708 4645 4645 4645 4645 4645 4645
    4582 4463 2286 2271 2256 2256 2271 2271 2271 2271 2271 2256 2256
    2271 2256 2256 2271 2256 2256 2256 4405 4708 4708 4708 4645 4645
    4708 4645 4582 4463 4463 2271 2256 2256 2271 2271 2271 2271 2271
    2271 2271 2271 2271 2271 2256 2256 2256 2271 4463 4708 4708 4708
    4708 4708 4708 4645 4645 4522 4522 4522 2256 2256 2271 2271 2271
    2271 2271 2271 2271 2271 2271 2256 2256 2256 2256 2256 2256 4708
    4708 4708 4708 4708 4708 4645 4645 4582 4582 4582 2256 2256 2271
    2271 2271 2271 2271 2271 2271 2271 2256 2256 2256 2256 2256 2256
    2256 4708 4708 4708 4708 4708 4708 4645 4645 4645 4582 4582 4645
    2271 2271 2271 2271 2271 2271 2271 2271 2256 2256 2256 2256 2256
    2256 2271 2271 4774 4708 4708 4708 4708 4708 4645 4645 4645 4645
    4645 4645 2286 2271 2271 2271 2271 2271 2271 2271 2256 2256 2256
    2256 2256 2271 2271 2271 4774 4774 4708 4708 4708 4708 4645 4645
    4645 4645 4645 4645 2286 2271 2271 2271 2271 2271 2286 2271 2271
    2256 2256 2256 2271 2271 2271 2271 4842 4774 4708 4708 4708 4708
    4708 4645 4645 4645 4645 4645 2286 2286 2271 2271 2271 2271 2286
    2286 2271 2271 2256 2256 2271 2271 2271 2271 4774 4774 4708 4708
    4708 4708 4708 4708 4708 4645 4645 4645 4645 2286 2271 2271 2271
    2271 2271 2286 2271 2271 2271 2271 2271 2271 2271 2271 4774 4774
    4708 4708 4708 4708 4708 4708 4708 4645 4645 4645 4645 2286 2286
    2271 2271 2271 2271 2286 2286 2271 2271 2271 2271 2271 2271 2286
    4774 4708 4708 4708 4708 4708 4708 4708 4708 4645 4645 4645 4645
    2286 2271 2271 2271 2271 2271 2286 2286 2271 2271 2256 2256 2271
    4463 4463 4708 4708 4708 4708 4708 4708 4708 4708 4645 4645 4645
    4645 4645 4645 2271 2271 2271 2271 2286 2286 2286 2286 2271 2256
    2256 4463 4463 4463 4708 4708 4708 4708 4708 4708 4708 4708 4645
    4645 4645 4645 4645 4645 4645 2286 2286 2286 2286 2286 2286 2286
    2286 4582 4522 4463 4463 4463 4708 4708 4708 4708 4708 4708 4708
    4708 4645 4645 4645 4645 4645 4645 4645 4522 2286 2286 2286 2286
    2286 4582 4582 4582 4522 4463 4463 4463 4774 4774 4708 4708 4708
    4708 4708 4708 4708 4708 4708 4708 4708 4645 4645 4582 2301 2286
    2286 2286 2286 4582 4582 4582 4522 4463 4463 4463</data></Depth3015>
</opencv_storage>
