<?xml version="1.0"?>
<opencv_storage>
<Depth2459 type_id="opencv-matrix">
  <rows>9</rows>
  <cols>18</cols>
  <dt>w</dt>
  <data>
    3859 3859 3948 0 4041 4041 4041 4041 4041 4041 4089 0 0 0 0 0 0 0
    3903 3903 3903 3948 4041 3994 3994 3994 3948 3948 3948 3948 3948 0 0
    3903 3859 3859 3859 3859 3903 3948 4041 3994 3994 3994 3948 3948
    3948 3948 3948 4041 3903 3903 3859 3859 3816 3859 3903 3994 3994
    3994 4041 4041 4041 3994 3994 3994 4041 3994 3903 3903 3903 3948
    3816 3859 3859 3994 3994 3994 4041 4041 4041 4041 3994 3994 4041
    3994 3903 3903 3903 3948 3859 3859 3859 3994 3994 4041 4041 4041
    4041 4041 3994 3994 4041 3948 3903 3903 3994 4041 0 3903 3903 3903
    3903 3903 3994 4089 4041 4041 4041 4041 4041 3948 3903 3903 3994
    4089 0 3903 3903 3903 3903 3903 3994 0 4139 4089 4041 4041 4041 3994
    3994 3994 3994 4139 0 0 0 0 0 0 0 0 0 0 0 0 3994 3994 3994 4041 4089
    4241</data></Depth2459>
</opencv_storage>
