<?xml version="1.0"?>
<opencv_storage>
<Depth4368 type_id="opencv-matrix">
  <rows>11</rows>
  <cols>9</cols>
  <dt>w</dt>
  <data>
    0 0 0 5640 5640 5640 5640 5734 5832 0 0 5832 5640 5640 5640 5640
    5734 5734 5933 5832 5832 5640 5640 5640 5734 5640 5640 5832 5832
    5832 5832 5734 5734 5734 5640 5460 5734 5832 5832 5832 5832 5832
    5734 5548 5460 5734 5832 5832 5832 5734 5933 5548 5548 5460 5640
    5640 5640 5734 5734 5933 5933 5933 0 5640 5640 5640 5734 6038 5933
    5734 5734 5734 5640 5640 5734 5734 5734 5933 5734 5734 5734 5640
    5640 5734 5734 5734 5734 5734 5832 5832 5460 5734 5734 5734 5734
    5640 5640 5734 2317</data></Depth4368>
</opencv_storage>
