<?xml version="1.0"?>
<opencv_storage>
<Depth4708 type_id="opencv-matrix">
  <rows>25</rows>
  <cols>43</cols>
  <dt>w</dt>
  <data>
    4645 4645 4582 4582 4708 4645 4645 4645 4645 4645 4582 4582 4582
    4522 4522 4463 4463 4463 4463 4522 4463 4463 1757 1757 1766 1766
    1757 1757 1757 1748 1748 1757 1748 1748 4295 1722 1722 1722 1713
    1713 1713 1713 1713 4645 4582 4582 4582 4708 4645 4582 4582 4582
    4645 4582 4582 1794 1794 1794 1794 1785 1785 1785 1785 1785 1776
    1757 1757 1757 1757 1757 1757 1748 1748 1748 1748 1739 1739 1731
    1722 1722 1722 1713 1713 1713 1713 1713 1823 1823 1833 1833 1823
    1823 1823 1823 1823 1813 1804 1794 1794 1794 1794 1785 1785 1785
    1776 1776 1776 1766 1757 1757 1757 1757 1757 1757 1748 1748 1748
    1739 1739 1739 1731 1731 1722 1722 1722 1713 1713 1713 1713 1823
    1823 1823 1823 1813 1813 1813 1813 1813 1813 1804 1794 1794 1785
    1785 1785 1785 1785 1776 1776 1776 1766 1757 1757 1757 1757 1757
    1757 1748 1739 1739 1739 1731 1731 1722 1722 1722 1722 1722 1713
    1713 1713 1713 1823 1823 1813 1813 1813 1813 1804 1804 1804 1794
    1794 1794 1794 1785 1785 1785 1785 1776 1766 1766 1766 1757 1757
    1757 1757 1757 1748 1748 1748 1739 1739 1731 1731 1731 1722 1722
    1722 1713 1713 1713 1713 1713 1705 1813 1823 1813 1813 1813 1813
    1804 1794 1794 1794 1794 1794 1785 1785 1776 1776 1776 1776 1766
    1766 1757 1757 1757 1757 1757 1748 1748 1748 1739 1739 1739 1731
    1731 1722 1722 1722 1722 1713 1713 1713 1713 1705 1705 1813 1823
    1813 1813 1813 1813 1804 1794 1794 1794 1794 1785 1785 1785 1776
    1776 1776 1766 1766 1766 1757 1757 1757 1748 1748 1748 1748 1748
    1739 1739 1739 1731 1722 1722 1722 1722 1722 1713 1713 1713 1705
    1705 1705 1823 1823 1813 1813 1813 1804 1804 1794 1794 1785 1785
    1785 1785 1785 1776 1776 1776 1766 1766 1757 1757 1757 1748 1748
    1748 1748 1748 1748 1739 1739 1739 1731 1722 1722 1722 1722 1713
    1713 1713 1713 1705 1705 1696 1823 1823 1813 1813 1804 1804 1794
    1794 1785 1785 1785 1785 1785 1785 1776 1776 1776 1766 1757 1757
    1757 1757 1748 1748 1748 1748 1748 1748 1739 1739 1731 1722 1722
    1713 1713 1713 1713 1713 1713 1705 1705 1696 1696 1813 1813 1813
    1813 1804 1794 1794 1794 1785 1785 1785 1785 1785 1785 1776 1776
    1776 1757 1757 1757 1757 1748 1748 1748 1748 1748 1748 1739 1731
    1731 1731 1722 1722 1713 1713 1713 1713 1713 1705 1705 1696 1696
    1696 1813 1813 1813 1804 1794 1794 1794 1785 1785 1785 1785 1785
    1785 1785 1776 1776 1766 1757 1757 1757 1748 1748 1748 1748 1748
    1748 1739 1739 1731 1731 1722 1722 1722 1713 1713 1713 1713 1713
    1705 1696 1696 1688 1688 1813 1823 1813 1804 1794 1794 1785 1785
    1785 1785 1785 1785 1785 1776 1776 1766 1757 1757 1757 1757 1748
    1748 1748 1748 1748 1739 1731 1731 1731 1722 1722 1722 1722 1713
    1713 1713 1713 1705 1688 1688 1688 1688 1688 1813 1823 1813 1804
    1794 1794 1785 1785 1785 1785 1776 1776 1776 1776 1766 1766 1757
    1748 1748 1748 1748 1748 1748 1748 1739 1731 1731 1731 1722 1722
    1722 1722 1722 1722 1722 1713 1713 1705 1688 1688 1688 1688 1688
    1813 1813 1804 1794 1794 1794 1785 1785 1785 1776 1776 1776 1776
    1776 1766 1757 1757 1748 1748 1748 1748 1748 1748 1739 1739 1731
    1731 1731 1722 1722 1722 1713 1713 1722 1722 1713 1713 1705 1688
    1688 1688 1688 1688 1823 1813 1804 1794 1794 1785 1785 1785 1776
    1776 1776 1776 1776 1776 1766 1757 1757 1748 1748 1748 1748 1748
    1748 1739 1739 1731 1731 1722 1722 1722 1713 1713 1713 1713 1713
    1713 1705 1705 1688 1688 1688 1688 1688 4522 1804 1804 1794 1785
    1785 1785 1785 1776 1766 1766 1766 1766 1766 1757 1757 1748 1748
    1748 1748 1739 1739 1739 1739 1739 1731 1731 1722 1722 1713 1713
    1713 1713 1713 1713 1713 1705 1705 1688 1688 1688 1688 1688 4463
    1804 1804 1794 1785 1785 1785 1785 1776 1766 1766 1766 1766 1766
    1757 1757 1748 1748 1748 1748 1739 1739 1739 1739 1739 1731 1731
    1722 1722 1713 1713 1713 1713 1713 1713 1713 1713 1705 1696 1688
    1688 1688 1688 4405 1804 1804 1794 1785 1785 1785 1785 1785 1776
    1776 1776 1766 1766 1757 1757 1757 1757 1748 1748 1748 1739 1739
    1739 1739 1731 1731 1731 1722 1713 1713 1713 1713 1713 1713 1713
    1713 1713 1705 1696 1696 1688 1688 4349 4349 1804 1785 1785 1785
    1785 1785 1785 1785 1785 1776 1776 1776 1766 1766 1757 1757 1757
    1757 1748 1748 1748 1739 1739 1739 1731 1731 1722 1722 1722 1722
    1722 1722 1722 1722 1722 1722 1713 1713 1705 1696 1696 4349 4349
    4349 1785 1785 1785 1794 1794 1794 1794 1794 1785 1785 1785 1776
    1776 1766 1766 1766 1766 1766 1757 1757 1748 1748 1748 1748 1748
    1739 1739 1739 1748 1748 1757 1757 1748 1739 1731 1731 1731 1731
    1731 1731 4349 4349 4349 1785 1785 1785 1794 1804 1813 1813 1813
    1813 1813 1804 1794 1794 1794 1794 1794 1785 1785 1785 1785 1776
    1776 1776 1776 1766 1766 1766 1766 1766 1776 1785 1785 1785 1785
    1766 1766 1757 1757 1757 1757 4349 4349 4463 4463 4463 1833 1833
    1833 1843 1843 1833 1833 1833 1833 1823 1823 1813 1813 1804 1794
    1794 1794 1794 1804 1813 1813 1813 1813 1804 1804 1813 1813 1804
    1804 1794 1794 1794 1794 1794 1785 1776 1776 1766 4349 4295 4295
    4295 4349 1863 1863 1863 1863 1863 1853 1853 1853 1853 1853 1853
    1843 1833 1833 1823 1823 1833 1833 1843 1843 1833 1823 1823 1823
    1823 1833 1833 1833 1833 1813 1813 1813 1823 1813 1813 1794 1794
    1794 4349 4295 4295 4295 4349 4349 1883 1883 1883 1873 1873 1873
    1873 1873 1873 1873 1873 1853 1853 1853 1853 1863 1863 1873 1873
    1863 1853 1843 1843 1843 1843 1843 1853 1853 1853 1833 1833 1833
    1833 1833 1823 1823 1823 4295 4295 4295 4295 4349 4349 4349 4349
    4349 4349 1883 1883 1883 1894 1883 1883 1883 1883 1883 1883 1873
    1873 1894 1894 1883 1873 1863 1853 1853 1863 1863 1863 1863 1863
    1863 1833 1833 1833 1833 1833 1853 1863 3948</data></Depth4708>
</opencv_storage>
