<?xml version="1.0"?>
<opencv_storage>
<Depth19088 type_id="opencv-matrix">
  <rows>16</rows>
  <cols>42</cols>
  <dt>w</dt>
  <data>
    3037 3010 3010 2984 2984 3010 2958 2958 2984 2984 3037 3010 2984
    2984 2984 2958 2958 2958 0 0 0 0 0 2883 2883 0 0 3010 3010 3010 3010
    0 0 0 0 0 0 0 0 0 0 0 3037 3010 3010 2984 2984 2984 2984 2984 2984
    3010 3037 3010 3010 3010 2984 2984 2958 2958 2958 2958 2984 0 0 2883
    2883 2908 2933 2984 3010 3010 2984 2984 0 0 0 0 2958 2958 2958 0 0 0
    3064 3064 3037 3010 3010 2984 2984 2984 2984 3010 3037 3037 3010
    3010 2984 2984 2958 2958 2958 2958 2984 2984 2958 2933 2908 2908
    2933 2984 2984 2984 2984 2984 0 0 0 2984 2958 2933 2933 2908 2908 0
    3064 3064 3037 3037 3037 3010 3010 2984 2984 3010 3037 3037 3010
    3010 3010 3010 2984 2984 2984 2984 3010 2984 2958 2933 2933 2933
    2958 2984 2984 2984 2984 2984 2984 2958 2958 2958 2908 2908 2933
    2908 2908 2908 3064 3064 3064 3064 3037 3037 3010 3010 3010 3010
    3010 3010 3010 3010 3010 3010 3010 3010 2984 2984 2984 2984 2984
    2958 2958 2958 2984 2984 2984 2984 2984 2984 2984 2958 2958 2958
    2908 2908 2933 2908 2908 2908 3064 3064 3064 3064 3037 3010 3010
    3010 3010 3010 3010 3010 3010 3010 3037 3010 3010 3010 2984 2984
    2984 2984 2984 2984 2984 2984 2984 2984 2984 2984 2984 2984 2984
    2984 2958 2958 2933 2933 2933 2908 2908 2908 3064 3064 3064 3037
    3037 3010 3010 3010 3010 3010 3010 3010 3010 3010 3010 3010 3010
    3010 3010 2984 2984 2984 2984 2984 2984 2984 2984 2984 2984 2984
    2984 2984 2984 2984 2984 2984 2958 2958 2933 2908 2908 2908 3064
    3064 3064 3037 3037 3010 3010 3010 3010 3010 3010 3010 3010 3010
    3010 3010 3010 3010 3010 2984 2984 2984 2984 2984 2984 2984 2984
    2958 2958 2958 2984 2984 2984 2984 2984 2984 2958 2958 2933 2908
    2908 2908 3064 3064 3064 3037 3037 3010 3010 3010 3010 3010 3010
    3010 3010 3010 3010 3010 3010 3010 3010 3010 2984 2984 2984 2984
    2984 2984 2984 2958 2958 2958 2958 2958 2958 2958 2958 2958 2958
    2958 2933 2933 2908 2908 3092 3064 3064 3064 3037 3037 3037 3010
    3010 3037 3037 3010 3010 3010 3010 3010 3010 3010 3010 3010 2984
    2984 2984 2984 2984 2984 2984 2984 2984 2958 2958 2958 2958 2958
    2958 2958 2958 2958 2933 2933 2908 2908 3092 3092 3064 3064 3064
    3037 3010 3010 3010 3037 3037 3037 3037 3010 3010 3010 3010 3010
    3010 3010 2984 2984 2984 2984 2984 2984 2984 2984 2984 2958 2958
    2984 2984 2984 2958 2958 2958 2933 2933 2908 2908 2908 3092 3092
    3092 3092 3064 3037 3010 3010 3010 3037 3037 3037 3037 3010 3010
    3010 3010 3010 3010 3010 2984 2984 2984 2984 2984 2984 2984 2984
    2984 2984 2984 2984 2984 2984 2958 2958 2958 2933 2933 2908 2908
    2908 3614 3614 3653 3653 3692 3064 3010 3010 3064 3064 3064 3037
    3010 3010 3010 3010 3010 3010 3010 3010 3010 3010 3010 2984 2984
    2984 2984 2984 2984 2984 2984 2984 2984 2958 2958 2958 2958 2958
    2958 2908 2908 2908 3614 3614 3653 3653 3692 3732 3774 3774 3774
    3816 3816 3037 3010 3010 3010 3010 3010 3010 3010 3010 3010 3010
    3010 3010 2984 2984 2984 2984 2984 2984 2984 2958 2958 2958 2958
    2958 2958 2958 2958 2908 2908 2908 3653 3653 3653 3653 3692 3732
    3774 3774 3774 3816 3816 3774 3774 3774 3774 3774 3816 3816 3816
    3774 3774 3732 3732 3010 3010 3010 2984 2984 3010 2984 2984 2958
    2958 2958 2958 2984 2984 2984 2958 2933 2908 2908 3732 3692 3692
    3692 3692 3732 3774 3774 3774 3816 3816 3774 3774 3774 3774 3774
    3816 3816 3816 3774 3774 3774 3732 3732 3692 3692 3732 3774 3774
    3774 3774 3010 2958 2958 2958 2958 2984 2984 2984 2933 2933 2933</data></Depth19088>
</opencv_storage>
