<?xml version="1.0"?>
<opencv_storage>
<Depth10523 type_id="opencv-matrix">
  <rows>11</rows>
  <cols>27</cols>
  <dt>w</dt>
  <data>
    5460 5460 5460 5460 4041 4041 4041 4041 4041 5460 5460 5460 5460
    5460 4463 4463 4349 4349 4349 4190 4190 4139 4139 4295 4295 4349
    4349 4041 4041 4089 4089 4041 4041 4041 4041 4041 4089 4139 4139
    4190 4241 4241 4349 4295 4295 4349 4190 4190 4190 4190 4241 4295
    4349 4349 4041 4041 4089 4089 4089 4089 4089 4089 4089 4089 4139
    4139 4139 4190 4190 4241 4241 4241 4295 4241 4190 4190 4241 4241
    4241 4241 4241 4089 4089 4089 4089 4089 4089 4089 4089 4089 4089
    4139 4139 4139 4190 4190 4241 4241 4241 4241 4190 4190 4190 4190
    4241 4190 4190 4190 4089 4089 4089 4089 4089 4089 4089 4089 4089
    4089 4139 4139 4139 4139 4190 4241 4241 4190 4190 4190 4190 4190
    4190 4241 4190 4190 4190 4089 4089 4089 4089 4089 4089 4089 4089
    4089 4089 4139 4139 4139 4139 4190 4190 4190 4190 4190 4190 4190
    4190 4241 4241 4241 4190 4190 4089 4089 4089 4089 4089 4089 4089
    4089 4089 4089 4139 4139 4139 4139 4139 4190 4190 4190 4190 4190
    4190 4241 4241 4241 4241 4190 4190 4139 4089 4089 4089 4089 4089
    4089 4089 4089 4139 4139 4139 4139 4139 4139 4190 4190 4190 4190
    4190 4241 4241 4241 4241 4241 4241 4241 4139 4089 4089 4089 4089
    4089 4089 4089 4089 4089 4139 4139 4190 4139 4139 4190 4139 4139
    4139 4190 4241 4241 4241 4241 4241 4295 0 4139 4139 4089 4089 4089
    4089 4089 4089 4089 4089 4139 4139 0 4139 4139 4190 4139 4139 4139
    4241 4241 4295 4349 4349 0 0 0 4190 4139 4089 4089 4089 4089 0 4089
    4089 0 0 0 0 0 0 0 0 0 0 0 0 0 0 0 0 0 0</data></Depth10523>
</opencv_storage>
