<?xml version="1.0"?>
<opencv_storage>
<Depth17346 type_id="opencv-matrix">
  <rows>91</rows>
  <cols>48</cols>
  <dt>w</dt>
  <data>
    3653 3653 3653 3653 3653 3653 3653 3653 3653 3653 3653 3692 3653
    3653 3653 3653 3692 3692 3692 3692 3692 3692 3692 3692 3692 3692
    3692 3692 3692 3692 3692 3692 3692 3692 3692 3692 3732 1496 1496
    1489 1489 1483 1483 1496 1496 3774 3732 3732 3653 3653 3653 3653
    3653 3653 3653 3653 3653 3653 3653 3653 3653 3653 3653 3653 3692
    3692 3692 3692 3692 3692 3692 3692 3692 3692 3692 3692 3692 1489
    1489 1496 1496 1496 1496 1496 1489 1489 1496 1496 1496 1489 1489
    1489 1496 1496 3732 3732 3614 3653 3653 3653 3653 3653 3653 3653
    3653 3653 1464 1464 1470 3614 3653 3653 3653 3653 3653 3653 1470
    1464 1464 1464 1470 1470 1477 1477 1483 1489 1489 1489 1489 1496
    1489 1489 1489 1489 1489 1489 1489 1483 1483 1489 1496 1496 3774
    3732 3539 3539 3614 3653 3653 1415 1415 1415 1421 1439 1452 1458
    1464 1470 1470 3653 3653 3653 3614 1464 1458 1458 1458 1458 1464
    1464 1470 1477 1483 1483 1477 1477 1483 1483 1483 1483 1483 1483
    1445 1445 1445 1452 1452 1496 1496 3774 3774 3774 3539 3539 3614
    3614 1410 1410 1415 1415 1421 1433 1439 1445 1445 1458 1445 1445
    1445 1445 1458 1452 1439 1439 1439 1439 1427 1421 1421 1421 1421
    1421 1427 1427 1427 1427 1427 1427 1427 1427 1427 1433 1439 1439
    1421 1421 1415 1415 3816 3816 3692 1404 1404 1404 1404 1404 1410
    1410 1410 1415 1421 1421 1421 1421 1427 1427 1427 1427 1415 1415
    1415 1415 1415 1421 1421 1415 1415 1421 1421 1421 1421 1421 1421
    1421 1421 1421 1421 1421 1421 1427 1421 1421 1415 1415 1415 1415
    1415 1415 1404 1404 1404 1404 1404 1404 1404 1404 1404 1404 1410
    1410 1410 1410 1410 1404 1404 1410 1410 1410 1410 1410 1410 1410
    1415 1415 1415 1415 1415 1415 1415 1415 1415 1415 1421 1415 1415
    1415 1415 1421 1421 1421 1415 1415 1415 1415 1415 1415 1404 1404
    1398 1398 1398 1398 1398 1398 1398 1404 1404 1404 1404 1398 1398
    1398 1398 1398 1404 1404 1404 1404 1404 1404 1410 1410 1410 1410
    1410 1410 1410 1410 1415 1415 1415 1415 1415 1415 1415 1415 1415
    1421 1421 1421 1415 1415 1415 1415 1398 1398 1398 1398 1398 1398
    1398 1398 1398 1404 1404 1404 1404 1398 1398 1398 1398 1398 1398
    1404 1404 1404 1404 1404 1410 1410 1410 1410 1410 1410 1410 1410
    1410 1415 1415 1415 1415 1415 1415 1415 1415 1421 1421 1421 1415
    1415 1415 1415 1398 1398 1398 1398 1398 1398 1398 1398 1398 1398
    1398 1404 1404 1398 1398 1398 1398 1398 1398 1404 1404 1404 1404
    1404 1410 1410 1404 1404 1410 1410 1410 1410 1410 1415 1415 1415
    1415 1415 1415 1415 1415 1421 1421 1421 1415 1415 1415 1415 1404
    1398 1398 1398 1398 1398 1398 1398 1398 1398 1398 1404 1404 1404
    1404 1398 1398 1398 1404 1404 1404 1404 1404 1404 1410 1410 1404
    1404 1410 1410 1410 1415 1415 1415 1415 1415 1415 1415 1415 1415
    1415 1421 1421 1421 1421 1415 1415 1427 1404 1404 1404 1398 1398
    1398 1398 1398 1398 1398 1398 1404 1404 1404 1398 1398 1398 1398
    1404 1410 1404 1404 1404 1404 1410 1410 1410 1410 1410 1410 1415
    1415 1415 1415 1415 1415 1415 1415 1415 1415 1415 1421 1421 1421
    1421 1421 1421 1421 1404 1404 1404 1398 1398 1398 1398 1398 1398
    1398 1398 1404 1398 1398 1398 1398 1398 1398 1404 1410 1410 1410
    1410 1410 1410 1410 1410 1410 1410 1410 1415 1415 1415 1415 1415
    1415 1421 1415 1415 1415 1415 1415 1415 1421 1421 1421 1421 1421
    1410 1404 1404 1398 1398 1398 1398 1398 1398 1404 1404 1404 1398
    1398 1398 1398 1398 1398 1404 1410 1410 1410 1410 1410 1410 1410
    1415 1415 1410 1410 1415 1415 1415 1415 1415 1415 1415 1415 1415
    1415 1415 1415 1415 1421 1421 1421 1421 1421 1410 1404 1404 1398
    1398 1398 1398 1398 1398 1404 1398 1398 1398 1398 1398 1398 1398
    1398 1404 1404 1410 1410 1410 1410 1410 1410 1415 1415 1415 1415
    1415 1415 1415 1415 1415 1415 1415 1415 1415 1415 1415 1415 1415
    1421 1421 1421 1421 1421 1410 1410 1404 1398 1398 1398 1398 1398
    1398 1404 1398 1398 1398 1398 1404 1404 1404 1404 1404 1404 1410
    1410 1410 1410 1410 1410 1410 1410 1415 1415 1415 1415 1415 1415
    1415 1415 1415 1415 1415 1415 1415 1415 1415 1421 1421 1421 1421
    1421 1421 1404 1398 1398 1392 1392 1398 1398 1404 1404 1404 1404
    1404 1404 1404 1404 1404 1404 1404 1410 1410 1410 1410 1410 1410
    1410 1410 1410 1415 1415 1415 1415 1415 1415 1415 1415 1415 1415
    1415 1415 1415 1415 1415 1421 1421 1421 1421 1421 1421 1398 1398
    1398 1392 1392 1398 1398 1398 1398 1398 1404 1404 1404 1404 1404
    1404 1404 1404 1410 1410 1410 1410 1410 1410 1410 1410 1410 1415
    1415 1415 1415 1415 1415 1415 1415 1415 1415 1415 1421 1421 1421
    1421 1421 1421 1421 1421 1421 1398 1398 1398 1398 1398 1398 1398
    1398 1398 1398 1398 1404 1404 1404 1404 1404 1404 1404 1410 1410
    1410 1404 1404 1410 1410 1415 1410 1410 1415 1415 1415 1415 1415
    1415 1415 1415 1415 1415 1415 1421 1421 1421 1421 1421 1421 1421
    1421 1421 1398 1398 1398 1398 1398 1398 1398 1398 1398 1398 1404
    1404 1404 1404 1404 1404 1404 1404 1404 1404 1410 1404 1404 1410
    1410 1410 1415 1415 1415 1415 1415 1415 1415 1415 1415 1415 1415
    1421 1421 1421 1421 1421 1421 1421 1421 1421 1421 0 1404 1404 1404
    1398 1398 1398 1398 1398 1398 1398 1404 1404 1404 1404 1404 1404
    1404 1404 1404 1404 1410 1410 1410 1410 1410 1410 1415 1415 1415
    1415 1415 1415 1415 1415 1415 1415 1415 1415 1415 1415 1421 1421
    1421 1421 1421 1421 1421 1421 1415 1415 1404 1398 1398 1398 1398
    1404 1404 1404 1404 1404 1404 1404 1404 1404 1404 1404 1404 1404
    1410 1410 1410 1410 1410 1410 1415 1415 1415 1415 1415 1415 1415
    1415 1415 1415 1415 1415 1415 1415 1421 1421 1421 1421 1421 1415
    1415 1415 0 1410 1410 1398 1398 1404 1404 1404 1404 1404 1404 1404
    1404 1404 1404 1404 1404 1404 1404 1404 1410 1410 1410 1410 1410
    1410 1410 1415 1415 1415 1415 1415 1415 1415 1415 1415 1415 1415
    1415 1421 1421 1421 1421 1421 1421 1415 1415 1415 1404 1404 1404
    1398 1398 1404 1404 1404 1404 1404 1404 1404 1404 1404 1404 1404
    1404 1404 1410 1410 1410 1410 1415 1410 1410 1410 1410 1415 1415
    1415 1415 1415 1415 1415 1415 1415 1415 1415 1415 1421 1421 1421
    1421 1421 1421 1421 1421 1421 1398 1398 1398 1398 1398 1404 1404
    1404 1404 1404 1404 1404 1404 1404 1404 1404 1404 1410 1410 1410
    1410 1410 1410 1410 1410 1410 1410 1415 1415 1415 1415 1415 1415
    1415 1415 1415 1415 1415 1415 1421 1421 1421 1421 1421 1421 1421
    1421 1421 1398 1398 1398 1398 1398 1404 1404 1404 1404 1404 1404
    1404 1404 1404 1404 1404 1404 1410 1410 1410 1410 1410 1410 1410
    1410 1410 1415 1415 1415 1415 1415 1415 1415 1421 1415 1415 1415
    1415 1421 1421 1421 1421 1421 1421 1421 1421 1421 1421 1392 1392
    1392 1398 1398 1398 1398 1404 1404 1404 1404 1404 1404 1398 1398
    1404 1404 1410 1410 1410 1410 1410 1404 1404 1410 1410 1410 1415
    1415 1415 1415 1415 1415 1415 1415 1415 1415 1415 1421 1421 1421
    1421 1421 1421 1421 1421 1421 1421 1392 1392 1392 1398 1398 1398
    1398 1398 1398 1398 1398 1398 1398 1398 1398 1404 1404 1410 1415
    1410 1410 1410 1404 1404 1410 1410 1410 1415 1415 1415 1415 1415
    1415 1415 1415 1415 1421 1421 1421 1421 1421 1421 1421 1421 1421
    1421 1421 1421 0 1398 1398 1398 1398 1398 1398 1398 1398 1398 1398
    1398 1398 1398 1398 1404 1404 1410 1415 1410 1410 1410 1410 1410
    1410 1410 1415 1415 1415 1415 1415 1415 1415 1415 1415 1415 1421
    1421 1421 1421 1421 1421 1421 1421 1421 1421 1421 1421 0 1398 1398
    1398 1398 1398 1398 1398 1398 1398 1398 1398 1398 1398 1404 1404
    1410 1415 1415 1410 1410 1410 1410 1410 1410 1410 1415 1415 1415
    1415 1415 1421 1415 1415 1415 1415 1421 1421 1421 1421 1421 1421
    1421 1421 1421 1421 1421 1421 1398 1398 1398 1398 1398 1398 1398
    1398 1398 1398 1398 1398 1404 1404 1404 1410 1410 1415 1415 1415
    1415 1415 1410 1410 1410 1410 1415 1415 1415 1415 1415 1421 1421
