<?xml version="1.0"?>
<opencv_storage>
<Depth17718 type_id="opencv-matrix">
  <rows>150</rows>
  <cols>65</cols>
  <dt>w</dt>
  <data>
    3269 3238 3238 3238 3238 3238 3238 3208 3208 3208 3208 3178 3178
    3149 860 858 858 856 856 856 3064 3092 3092 3037 3037 3037 3037 3037
    3037 3037 3037 847 845 845 845 845 849 851 856 862 2908 2933 2933 0
    0 0 0 1794 1785 1776 1776 1776 1776 1776 1776 1785 1785 1776 1776
    1766 1766 2859 2835 2835 2835 3269 3269 3269 3238 3238 3238 3238
    3208 3208 3208 3208 3208 3178 3178 858 858 856 854 854 856 3064 3064
    864 864 860 860 858 854 851 849 845 845 843 839 839 839 841 849 849
    2908 2908 2933 2933 0 0 0 0 1785 1776 1776 1776 1766 1766 1776 1776
    1785 1776 1776 1776 1776 2859 2859 2859 2835 2835 3269 3269 3269
    3238 3238 3238 3238 3208 3208 3208 3208 3178 3178 3149 858 858 856
    854 854 856 860 860 858 858 858 851 851 849 847 845 843 843 839 835
    835 837 839 849 0 0 0 0 0 0 0 0 0 1785 1757 1757 1766 1757 1757 1766
    1776 1776 1776 1776 1776 2859 2859 2859 2859 2835 2835 3269 3269
    3269 3238 3238 3269 3238 3238 3238 3208 3208 878 875 864 860 858 856
    854 854 858 860 860 856 854 851 845 845 843 843 841 841 837 835 831
    831 835 839 839 655 0 0 0 0 0 0 0 0 0 1757 1757 1766 1757 1757 1766
    1776 1776 1776 1776 1776 2859 2859 2859 2835 2835 2835 3269 3269
    3238 3208 3208 3208 3238 3238 3238 3208 878 878 875 864 862 860 858
    856 856 858 860 858 849 845 841 841 841 841 841 837 837 837 835 831
    831 657 657 655 655 655 0 0 0 0 0 0 0 0 1748 1748 1748 1748 1757
    1757 1766 1766 1766 1776 2883 2859 2859 2859 2835 2835 2835 3269
    3269 3238 3208 3208 0 0 3238 3238 3208 878 878 875 867 864 860 858
    858 856 856 858 854 843 839 839 839 837 837 837 837 837 837 658 658
    658 657 657 655 655 0 0 0 0 0 0 0 0 0 1748 1748 1748 1748 1757 1757
    1766 1766 1766 2883 2883 2883 2859 2859 2835 2835 2835 3269 3269
    3238 3208 3208 0 0 0 0 0 878 878 878 871 864 860 860 858 856 856 858
    854 837 837 837 837 837 837 837 837 658 658 658 658 657 657 657 655
    655 0 0 0 0 0 0 0 0 0 1748 1748 1748 1748 1748 1757 1766 1766 2883
    2883 2883 2883 2859 2859 2835 2835 2835 0 3269 3269 0 0 0 0 0 0 0
    878 878 878 875 875 875 0 0 0 0 837 837 837 837 837 837 837 837 659
    659 658 658 657 655 655 657 657 643 643 0 0 0 0 0 0 0 0 0 1757 1748
    1748 1748 1748 1757 2883 2883 2883 2883 2883 2883 2859 2859 2835
    2835 2835 0 0 0 0 0 0 0 0 0 0 880 880 880 880 880 880 0 0 0 0 0 655
    649 647 647 647 647 649 658 658 658 658 657 655 655 655 648 643 643
    643 643 646 646 646 647 0 0 0 0 0 0 0 0 2908 2883 2883 2908 2908
    2883 2883 2859 2859 2835 2835 2835 0 0 0 0 0 0 0 0 0 0 0 0 0 0 0 0 0
    0 0 0 655 655 649 647 647 647 647 649 649 657 657 657 657 654 653
    648 648 647 643 643 643 646 646 646 646 0 0 0 0 0 0 0 0 2908 2908
    2908 2933 2933 2908 2883 2883 2859 2835 2835 2835 0 0 0 0 0 0 0 0 0
    0 0 0 0 0 0 0 657 657 657 655 655 655 649 649 647 646 646 646 648
    648 654 654 654 652 652 648 648 647 644 644 644 647 646 646 646 0 0
    0 0 0 0 0 0 2933 2933 2933 2933 2933 2908 2883 2883 2859 2835 2835
    2835 0 0 0 0 0 0 0 0 0 0 655 655 655 655 655 0 0 657 657 655 655 655
    649 649 648 646 646 646 648 648 650 652 652 650 650 648 648 647 647
    647 647 647 646 646 646 647 0 0 0 0 0 0 0 2958 2933 2933 2933 2908
    2908 2908 2883 2859 2835 2835 2859 0 0 0 666 666 662 662 661 661 658
    655 655 655 655 657 657 658 657 657 655 655 655 653 650 648 647 647
    647 648 649 650 650 650 649 649 649 648 648 648 648 648 647 646 646
    646 644 644 0 0 0 0 0 0 0 2933 2933 2908 2908 2908 2908 2908 2859
    2859 2859 2835 0 666 666 666 663 662 662 661 661 658 658 657 655 655
    657 657 658 657 657 655 655 655 654 653 652 650 650 650 650 650 650
    650 649 649 649 649 649 648 648 648 648 648 647 646 646 644 644 0 0
    0 0 0 0 0 2933 2908 2908 2908 2883 2883 2883 2859 2859 2859 2835 0
    666 666 666 663 662 662 662 662 661 659 658 657 657 658 658 658 657
    657 655 655 655 655 654 653 652 652 652 652 650 650 650 649 649 649
    649 649 649 649 648 648 648 647 647 646 644 644 0 0 0 0 0 0 0 2933
    2908 2908 2908 2883 2883 2883 2859 2859 2859 2835 666 666 666 666
    663 663 662 662 662 661 661 659 659 659 659 659 659 658 657 657 655
    655 655 654 654 654 653 653 653 652 650 650 650 650 650 650 650 649
    649 648 648 648 647 647 646 644 644 0 0 0 0 0 0 0 0 2883 2883 2908
    2883 2883 2883 2859 2859 2859 2859 666 666 666 666 663 663 663 662
    662 662 661 661 661 661 661 659 659 658 657 657 657 655 655 655 655
    655 654 654 653 652 652 652 650 650 650 650 650 650 650 649 648 648
    648 647 646 646 646 0 0 0 0 0 0 0 0 2883 2883 2908 2908 2883 2883
    2859 2859 2859 2859 667 667 666 666 666 664 663 663 662 662 662 661
    661 661 661 661 661 659 658 658 657 657 655 655 655 655 655 654 654
    653 653 653 652 652 652 652 652 652 652 649 649 649 649 648 648 647
    647 0 0 0 0 0 0 0 2933 2908 2908 2908 2933 2908 2908 2883 2883 2859
    2859 668 668 667 667 666 666 663 663 662 662 662 662 662 661 661 661
    661 659 659 658 658 657 657 657 655 655 655 655 654 653 653 653 653
    652 652 652 652 652 652 650 649 649 649 649 648 648 0 0 0 0 0 0 0 0
    2933 2933 2908 2908 2933 2933 2908 2883 2883 2859 2859 668 668 667
    667 666 666 666 663 662 662 662 662 662 662 661 661 661 659 659 659
    659 657 657 657 657 657 657 655 655 654 654 653 653 652 652 653 653
    653 652 650 649 649 649 649 648 648 0 0 0 0 0 0 0 0 2933 2933 2933
    2933 2933 2933 2908 2908 2883 2859 2859 670 670 668 667 667 666 666
    664 663 662 662 662 662 662 661 661 661 661 661 659 659 658 657 657
    657 657 655 655 655 654 654 654 653 653 653 653 653 653 652 652 650
    650 650 649 648 648 0 0 0 0 0 0 0 0 2933 2933 2933 2933 2933 2933
    2908 2908 2883 2883 2859 670 670 668 667 667 667 666 666 663 663 663
    663 662 662 662 661 661 661 661 661 659 658 657 657 657 657 655 655
    655 654 654 654 653 653 653 653 653 653 652 652 650 650 650 650 649
    649 0 0 0 0 0 0 0 0 2958 2958 2933 2933 2933 2933 2908 2908 2883
    2883 2883 670 671 670 668 667 667 666 666 664 664 664 663 663 662
    662 662 661 661 661 661 659 659 658 657 657 657 657 657 657 655 655
    655 654 654 654 654 653 653 652 652 652 652 652 650 649 649 0 0 0 0
    0 0 0 0 2958 2958 2958 2933 2933 2933 2933 2908 2908 2883 2883 670
    671 670 668 668 667 667 666 666 666 666 664 663 663 662 662 662 662
    661 661 659 659 658 657 657 657 657 657 657 657 657 655 655 654 654
    654 654 653 652 652 652 652 652 650 649 649 0 0 0 0 0 0 0 0 2958
    2958 2958 2958 2933 2933 2933 2908 2908 2883 2859 670 671 671 670
    668 668 667 667 667 667 666 666 663 663 663 663 663 662 662 662 661
    659 658 657 657 657 657 657 657 657 657 657 655 654 654 654 654 653
    653 653 652 652 652 652 652 652 0 0 0 0 0 0 0 0 2958 2958 2958 2958
    2933 2933 2933 2908 2908 2883 2859 671 671 671 670 668 668 667 667
    667 667 666 666 664 663 663 663 663 663 662 662 661 661 659 658 658
    658 658 658 657 657 657 657 657 655 655 654 654 653 653 653 653 653
    653 652 652 652 0 0 0 0 0 0 0 0 2958 2958 2958 2958 2933 2933 2933
    2908 2908 2883 2883 0 672 672 671 671 670 668 667 667 667 667 666
    664 664 664 664 663 663 662 662 661 661 659 659 659 659 659 658 657
    657 657 657 657 655 655 654 654 654 654 654 653 653 653 652 652 652
    0 0 0 0 0 0 0 0 2984 2958 2958 2958 2933 2933 2908 2908 2908 2883
    2883 675 672 672 672 671 671 670 668 668 667 667 666 666 664 664 664
    663 663 662 662 662 661 661 659 659 661 659 658 657 657 657 657 657
    655 655 655 655 655 655 655 654 653 653 652 652 652 0 0 0 0 0 0 0 0
    2984 2958 2958 2958 2933 2933 2908 2908 2908 2908 2883 675 674 672
    672 671 671 670 668 668 667 667 667 666 666 666 664 664 664 663 662
    662 662 661 661 661 661 659 658 658 658 657 657 657 655 655 657 657
    655 655 655 654 653 653 652 652 653 0 0 0 0 0 0 0 0 2958 2958 2958
    2958 2933 2933 2933 2933 2908 2908 2883 675 674 672 672 671 671 671
