<?xml version="1.0"?>
<opencv_storage>
<Depth14092 type_id="opencv-matrix">
  <rows>32</rows>
  <cols>25</cols>
  <dt>w</dt>
  <data>
    6497 6497 6375 6375 6375 6375 6375 6375 2908 2908 2883 2835 2812
    2767 2744 2744 2744 2744 2744 2744 2744 2744 2744 2744 2744 6375
    6375 6375 6375 6375 6375 2958 2908 2908 2883 2859 2835 2789 2744
    2744 2744 2744 2744 2744 2744 2744 2744 2744 2744 2744 6375 6375
    6497 6497 6375 6375 2933 2908 2883 2883 2859 2812 2767 2744 2744
    2744 2744 2744 2744 2723 2723 2723 2744 2744 2744 6375 6375 6375
    6375 6375 6375 2933 2908 2859 2859 2835 2812 2767 2744 2744 2744
    2744 2723 2723 2723 2723 2723 2744 2744 2744 6375 6375 6375 6375
    6375 2908 2908 2908 2859 2835 2812 2789 2744 2744 2744 2744 2744
    2723 2723 2723 2723 2723 2744 2723 2723 6375 6375 6375 6375 6375
    2908 2908 2859 2835 2835 2789 2767 2744 2744 2744 2744 2723 2723
    2723 2723 2723 2723 2723 2723 2723 6375 6375 6375 6375 6375 2908
    2883 2859 2835 2789 2767 2744 2744 2744 2744 2744 2723 2723 2723
    2723 2723 2723 2723 2723 2723 6375 6375 6375 6375 6375 2908 2883
    2835 2812 2789 2744 2723 2723 2723 2723 2723 2723 2723 2723 2723
    2723 2723 2723 2723 2723 6375 6497 6497 6497 2908 2908 2859 2835
    2812 2767 2744 2723 2723 2723 2723 2723 2723 2723 2723 2723 2701
    2701 2701 2701 6622 6375 6497 6497 6497 2908 2908 2859 2835 2789
    2767 2744 2723 2723 2723 2723 2723 2723 2723 2723 2723 2701 2701
    2701 2701 6622 6375 6375 6497 2908 2883 2883 2859 2835 2789 2767
    2744 2723 2723 2723 2723 2723 2723 2723 2723 2723 2701 2680 2680
    2680 6753 6375 6375 6375 2883 2883 2859 2835 2812 2767 2744 2723
    2723 2723 2723 2723 2723 2723 2723 2723 2701 2701 2659 2659 2659
    6889 6375 6375 6375 2883 2883 2835 2812 2789 2744 2744 2723 2723
    2723 2723 2723 2723 2723 2723 2723 2701 2701 2659 2659 6497 6497
    6375 6375 6375 2908 2859 2835 2789 2767 2744 2723 2723 2723 2723
    2723 2723 2723 2701 2701 2701 2701 2701 2701 6497 6497 6497 6375
    6375 6375 2908 2835 2812 2789 2767 2744 2723 2723 2723 2723 2723
    2723 2723 2701 2701 2701 2701 2701 6497 6497 6497 6497 6375 6375
    2908 2883 2835 2812 2789 2744 2723 2723 2723 2723 2723 2723 2701
    2701 2701 2701 2701 2701 2701 6497 6497 6497 6497 6375 2883 2883
    2859 2835 2812 2767 2744 2723 2723 2723 2723 2723 2701 2701 2701
    2701 2701 2701 2701 2701 2701 6622 6622 6497 6259 2859 2859 2835
    2812 2767 2744 2744 2723 2723 2701 2701 2701 2701 2701 2701 2701
    2701 2701 2701 2701 2701 6622 6622 6497 2883 2859 2835 2835 2789
    2744 2723 2723 2701 2701 2680 2680 2680 2701 2701 2701 2701 2701
    2701 2701 2701 2701 6622 6622 6497 2883 2835 2835 2812 2767 2744
    2723 2701 2680 2680 2680 2680 2680 2680 2680 2680 2680 2680 2701
    2701 2701 6497 6497 6497 6497 2859 2835 2812 2789 2744 2723 2723
    2701 2680 2680 2659 2659 2659 2680 2680 2680 2659 2659 2680 2701
    6497 6497 6497 6497 6497 2859 2835 2812 2789 2744 2723 2701 2680
    2680 2680 2659 2659 2659 2659 2680 2680 2659 2659 2680 2680 6375
    6375 6497 6497 6497 2859 2835 2789 2767 2723 2701 2680 2680 2680
    2680 2680 2680 2659 2659 2659 2659 2659 2659 2680 2680 6375 6375
    6497 6497 6497 2835 2812 2789 2744 2723 2701 2680 2680 2680 2659
    2659 2659 2659 2659 2659 2659 2659 2659 2659 2659 6375 6375 6497
    6497 6497 2812 2812 2789 2744 2723 2680 2680 2680 2680 2659 2659
    2659 2659 2659 2659 2659 2659 2659 2659 6497 6497 6497 6497 6497
    6497 2812 2789 2767 2744 2701 2680 2680 2680 2659 2659 2659 2659
    2659 2659 2659 2659 2659 2680 2680 6497 6497 6497 6497 6497 6497
    2767 2767 2744 2723 2701 2680 2659 2659 2659 2659 2659 2659 2659
    2659 2659 2659 2659 2680 2680 6497 6497 6497 6497 6497 6497 2744
    2744 2723 2701 2680 2680 2659 2659 2659 2659 2659 2659 2659 2659
    2659 2659 2659 2680 2701 6497 6497 6497 6497 6497 6497 2723 2723
    2701 2680 2680 2680 2659 2659 2659 2659 2659 2659 2659 2659 2659
    2659 2659 2701 2701 6375 6497 6497 6497 6497 6497 2701 2701 2680
    2659 2659 2659 2659 2659 2659 2659 2659 2659 2659 2659 2659 2659
    2659 6497 6375 6375 6375 6375 6375 6497 6497 2659 2659 2659 2639
    2639 2659 2659 2659 2659 2659 2659 2659 2659 2659 2659 2659 2659
    6497 6497 6375 6375 6375 6375 6375 6497 2659 2659 2659 2639 2639
    2659 2659 2659 2659 2659 2659 2659 2659 2659 2659 2659 6497 6497
    6497 6497 6497 6497 6375 6375 6497</data></Depth14092>
</opencv_storage>
