<?xml version="1.0"?>
<opencv_storage>
<Depth19793 type_id="opencv-matrix">
  <rows>17</rows>
  <cols>7</cols>
  <dt>w</dt>
  <data>
    4842 4842 5460 5548 5548 5548 5548 4911 4983 5460 5460 5460 5460
    5460 4842 4983 5210 5460 5460 5460 5548 4842 4983 5210 5374 5460
    5291 5291 4911 5056 5291 5374 5374 5291 5291 4911 5132 5291 5374
    5374 5291 5291 4983 5210 5291 5374 5291 5291 5291 5132 5210 5291
    5291 5291 5291 5291 5132 5210 5210 5291 5291 5291 5291 5210 5210
    5210 5210 5291 5291 5210 5132 5132 5210 5210 5210 5210 5132 5132
    5132 5132 5132 5132 5132 5132 5132 5132 5132 5132 5132 5132 5132
    5210 5210 5132 5132 5056 5056 5132 5132 5132 5132 5132 5056 5056
    5132 5132 5132 5056 5056 5056 5056 5056 5056 5056 5056 5056 5056
    5056 5056</data></Depth19793>
</opencv_storage>
