<?xml version="1.0"?>
<opencv_storage>
<Depth9039 type_id="opencv-matrix">
  <rows>10</rows>
  <cols>20</cols>
  <dt>w</dt>
  <data>
    0 4139 4139 4089 4089 4139 4139 4190 4089 4089 4190 5374 5374 5056
    4983 4983 4983 4983 4983 4983 4041 4041 4089 4089 4089 4139 4139
    4190 4089 4089 4190 4139 4139 4190 5132 4983 4295 4295 4295 4295
    4041 4041 4089 4089 4089 4139 4139 4190 4089 4089 4190 4139 4139
    4190 4190 4139 4139 4190 4190 4241 3948 4041 4089 4089 4089 4139
    4190 4190 4190 4190 4190 4190 4190 4190 4190 4139 4139 4139 4190
    4241 3948 4041 4089 4089 4089 4089 4190 4190 4190 4139 4139 4190
    4241 4190 4190 4139 4139 4139 4190 4241 4041 4089 4089 4089 4089
    4089 4139 4139 4139 4139 4139 4190 4190 4241 4241 4190 4190 4190
    4241 4241 4041 4089 4089 4089 4089 4089 4089 4139 4139 4139 4139
    4190 4190 4241 4241 4241 4241 4241 4241 4241 4041 4139 4089 4089
    4041 4041 4089 4089 4089 4089 4139 4139 4139 4241 4241 4241 4241
    4241 4241 4295 3994 4089 4089 4089 4041 4041 4089 4089 4089 4089
    4089 4139 4139 4241 4241 4241 4241 4295 4295 4983 3994 4089 4089
    4089 4041 4041 4089 4089 4089 4089 4089 4708 4708 4295 4295 4295
    4911 4983 4983 4983</data></Depth9039>
</opencv_storage>
