<?xml version="1.0"?>
<opencv_storage>
<Depth10825 type_id="opencv-matrix">
  <rows>8</rows>
  <cols>7</cols>
  <dt>w</dt>
  <data>
    8626 8626 8626 8626 8626 8626 8626 8626 8413 8413 8626 8626 8626
    8626 8626 8413 8413 8626 8626 8626 8626 8626 8413 8413 8626 8626
    8849 8849 8626 8413 8413 8626 8626 8849 8849 8849 8626 8626 8626
    8626 8626 8626 8849 8626 8626 8626 8626 8626 8626 9593 8849 8626
    8626 8626 8626 8626</data></Depth10825>
</opencv_storage>
