<?xml version="1.0"?>
<opencv_storage>
<Depth7380 type_id="opencv-matrix">
  <rows>53</rows>
  <cols>67</cols>
  <dt>w</dt>
  <data>
    4349 4349 4349 4349 4349 4349 4349 4349 1470 1464 1458 1458 1458
    1452 1452 1452 1445 1445 1439 1439 4349 4349 4295 4295 4241 4190
    4190 4241 4241 4241 4190 4190 4241 4241 4295 4295 4241 4241 4190
    4190 4190 4190 4190 4190 4190 4190 4190 4241 4190 4190 4190 4190
    4190 4190 4190 4190 4190 4190 4241 4241 4241 4190 4190 4190 4190
    4190 4190 4349 4349 4349 4349 4349 4349 4349 4349 1470 1464 1464
    1458 1458 1452 1452 1445 1445 1445 1439 1433 1433 1433 1433 4295
    4241 4139 4139 4190 4190 4190 4190 4241 4241 4295 4241 4241 4241
    4241 4190 4190 4190 4190 4190 4190 4190 4190 4190 4190 4190 4190
    4190 4190 4190 4190 4190 4190 4190 4190 4190 4190 4190 4190 4190
    4190 4190 4139 4139 4349 4349 4349 4295 4295 4295 4349 4349 4349
    1464 1464 1458 1458 1452 1445 1445 1445 1439 1433 1433 1433 1427
    1427 1427 4139 4139 4139 4139 4139 4190 4190 4190 4241 4241 4190
    4190 4190 4190 4190 4190 4190 4190 4190 4190 4190 4190 4190 4190
    4190 4190 4190 4190 4190 4190 4190 4190 4190 4190 4190 4190 4190
    4190 4190 4190 4190 4139 4139 4349 4295 4295 4295 4295 4295 4349
    4349 4349 1452 1452 1452 1452 1452 1445 1439 1439 1433 1433 1433
    1433 1427 1427 1427 1427 4139 4139 4041 4041 4089 4139 4190 4241
    4190 4190 4190 4190 4190 4190 4190 4190 4190 4190 4139 4139 4139
    4139 4190 4190 4190 4190 4190 4190 4190 4190 4190 4190 4190 4190
    4190 4139 4139 4190 4190 4190 4139 4139 4349 4295 4295 4295 4295
    4295 4349 4349 1452 1452 1452 1452 1445 1445 1439 1439 1433 1433
    1433 1433 1427 1427 1427 1427 1427 1427 1427 4041 4041 4089 4139
    4139 4190 4190 4190 4190 4190 4190 4190 4190 4190 4190 4190 4139
    4139 4139 4139 4139 4139 4139 4190 4190 4190 4190 4190 4190 4190
    4190 4190 4190 4139 4139 4190 4190 4190 4139 4139 4349 4295 4295
    4295 4295 4295 4295 1452 1452 1445 1445 1445 1445 1439 1439 1439
    1433 1433 1427 1427 1427 1427 1427 1421 1421 1427 1427 1427 4089
    4089 4139 4139 4190 4190 4190 4190 4139 4139 4139 4190 4190 4190
    4139 4139 4139 4139 4139 4139 4139 4139 4190 4190 4190 4190 4190
    4190 4139 4139 4190 4190 4190 4190 4190 4139 4139 4139 4139 4295
    4295 4295 4295 4295 4295 4295 1452 1452 1445 1445 1445 1439 1439
    1433 1433 1433 1433 1427 1427 1427 1421 1415 1415 1415 1421 1421
    1427 1427 4139 4139 4139 4190 4190 4190 4190 4139 4139 4139 4139
    4139 4190 4139 4139 4139 4139 4139 4139 4139 4139 4190 4190 4190
    4190 4190 4139 4139 4139 4139 4139 4190 4190 4139 4139 4139 4139
    4139 4241 4241 4241 4190 4190 4295 1458 1452 1445 1445 1445 1439
    1439 1433 1433 1433 1433 1427 1427 1427 1427 1421 1415 1410 1410
    1415 1415 1415 1421 1415 1415 1415 4241 4190 4190 4190 4139 4139
    4139 4139 4139 4139 4139 4139 4139 4139 4139 4139 4139 4139 4139
    4190 4190 4190 4190 4139 4139 4139 4139 4139 4139 4139 4139 4139
    4139 4139 4139 4190 4139 4089 1427 1427 1433 1439 1439 1445 1439
    1439 1433 1433 1433 1433 1427 1427 1427 1427 1427 1421 1421 1415
    1410 1410 1410 1410 1410 1415 1415 1415 1415 1410 1410 4190 4190
    4139 4139 4139 4139 4139 4139 4139 4139 4139 4139 4139 4139 4139
    4139 4139 4139 4190 4139 4139 4139 4139 4139 4139 4139 4139 4139
    4139 4139 4139 4139 4139 4190 4139 4089 1427 1427 1433 1439 1439
    1433 1433 1433 1433 1433 1433 1427 1427 1427 1427 1427 1427 1421
    1415 1410 1410 1410 1410 1410 1410 1410 1415 1415 1415 1410 1410
    1415 1415 4139 4139 4139 4139 4139 4139 4139 4139 4139 4139 4139
    4139 4139 4139 4139 4139 4139 4139 4139 4139 4139 4139 4139 4139
    4139 4139 4139 4139 4139 4139 4139 4241 4190 4190 1439 1439 1439
    1433 1433 1433 1433 1433 1433 1433 1427 1427 1421 1421 1421 1421
    1415 1415 1415 1410 1410 1410 1410 1410 1410 1410 1415 1415 1415
    1410 1410 1410 1410 4139 4139 4139 4139 4139 4139 4139 4139 4139
    4139 4089 4089 4089 4089 4139 4139 4139 4139 4139 4139 4139 4139
    4139 4139 4139 4139 4139 4139 4139 4139 4089 4190 4190 4190 1445
    1439 1433 1433 1427 1427 1427 1427 1427 1427 1427 1427 1415 1415
    1410 1410 1415 1415 1410 1410 1410 1410 1410 1410 1404 1404 1410
    1410 1410 1410 1404 1404 1404 1404 1398 1398 4139 4139 4139 4139
    4139 4139 4139 4089 4089 4089 4089 4089 4089 4139 4139 4139 4139
    4139 4139 4139 4139 4139 4139 4139 4139 4139 4089 4089 4190 4190
    4190 1439 1433 1433 1427 1427 1421 1421 1427 1427 1427 1421 1415
    1415 1410 1410 1410 1410 1410 1410 1410 1410 1410 1410 1404 1404
    1404 1410 1410 1404 1404 1404 1398 1398 1398 1398 1392 1392 1392
    1392 4139 4139 4139 4089 4089 4089 4089 4089 4089 4089 4089 4139
    4139 4139 4139 4139 4139 4139 4139 4139 4139 4139 4139 4089 4089
    4241 4241 4241 1439 1433 1433 1427 1427 1421 1421 1421 1421 1421
    1415 1410 1410 1410 1410 1410 1410 1410 1404 1404 1404 1404 1404
    1404 1404 1404 1410 1404 1398 1398 1404 1398 1398 1398 1398 1392
    1392 1392 1392 1392 1392 4041 4041 4041 4041 4089 4089 4089 4089
    4089 4139 4139 4139 4139 4139 4139 4139 4139 4139 4139 4139 4089
    4089 4089 4190 4190 4190 1439 1433 1433 1427 1421 1415 1415 1415
    1415 1415 1410 1410 1410 1410 1404 1404 1404 1404 1404 1404 1404
    1404 1404 1398 1398 1398 1398 1398 1398 1398 1398 1398 1392 1392
    1392 1392 1392 1392 1392 1392 1392 1392 4041 4041 4041 4089 4089
    4089 4089 4089 4139 4139 4139 4089 4089 4139 4139 4139 4139 4139
    4139 4089 4089 4041 4190 4190 4190 1439 1433 1433 1427 1421 1415
    1415 1415 1415 1410 1410 1410 1410 1410 1404 1404 1404 1404 1404
    1404 1404 1404 1404 1398 1392 1392 1398 1392 1392 1392 1392 1392
    1392 1392 1392 1392 1392 1392 1387 1387 1392 1392 1392 1398 4041
    4089 4089 4041 4041 4089 4089 4089 4089 4089 4089 4139 4139 4139
    4139 4041 4041 4041 4089 4041 4190 4241 4241 1464 1439 1439 1433
    1427 1421 1415 1415 1410 1410 1410 1410 1410 1410 1404 1404 1404
    1398 1398 1398 1398 1398 1398 1392 1392 1392 1392 1392 1392 1392
    1392 1392 1387 1387 1392 1392 1392 1392 1387 1387 1387 1387 1387
    1387 1392 1392 4089 4041 4041 4041 4089 4089 4041 4041 4089 4089
    4089 4089 4041 4041 4041 4041 4089 3994 4190 4190 1464 1464 1452
    1445 1445 1433 1427 1421 1415 1410 1410 1410 1410 1410 1410 1404
    1404 1404 1398 1398 1398 1398 1398 1398 1392 1392 1392 1392 1392
    1387 1387 1387 1387 1387 1387 1387 1387 1387 1387 1387 1387 1387
    1387 1387 1387 1387 1387 1387 1387 4041 4041 4041 4041 4041 4041
    4089 4089 4089 4089 4041 4041 4041 4089 4089 3994 4190 4190 1477
    1477 1464 1458 1458 1445 1433 1427 1421 1410 1410 1410 1410 1410
    1404 1404 1398 1398 1398 1392 1392 1392 1392 1392 1387 1387 1387
    1392 1387 1387 1387 1387 1387 1387 1387 1387 1387 1387 1387 1381
    1381 1381 1376 1376 1376 1376 1376 1376 1370 1370 4041 4041 4041
    4041 4041 4041 4089 4139 4089 4041 4041 4041 4089 4089 3994 1624
    1616 1616 1483 1477 1477 1464 1458 1452 1439 1427 1421 1410 1404
    1404 1404 1404 1398 1398 1392 1392 1392 1392 1387 1387 1387 1387
    1387 1387 1387 1387 1387 1387 1387 1387 1387 1381 1381 1381 1381
    1381 1381 1376 1376 1370 1370 1376 1370 1370 1376 1370 1370 1370
    1370 4041 4041 4041 4041 4089 4089 4041 4041 4041 4041 4041 3994
    3994 1616 1609 1601 1601 1483 1483 1477 1470 1464 1452 1439 1427
    1415 1404 1404 1404 1404 1398 1398 1392 1387 1387 1387 1387 1387
    1387 1381 1381 1381 1387 1387 1387 1387 1387 1387 1381 1376 1376
    1376 1376 1376 1376 1370 1370 1370 1370 1370 1370 1370 1370 1370
    1370 1370 1370 1376 1376 4041 4041 4089 4089 4041 4041 4041 4041
    4041 3994 3994 1616 1609 1594 1594 1489 1483 1483 1483 1477 1464
    1452 1439 1427 1410 1410 1404 1404 1404 1392 1387 1387 1387 1387
    1387 1387 1387 1381 1381 1381 1387 1387 1387 1387 1387 1381 1376
    1376 1376 1376 1376 1376 1370 1370 1370 1370 1370 1370 1370 1370
    1370 1370 1365 1365 1370 1370 1370 1370 4139 4139 4089 4041 4041
    4041 4041 4041 3994 3994 4139 1609 1594 1586 1586 1489 1489 1489
