<?xml version="1.0"?>
<opencv_storage>
<Depth8665 type_id="opencv-matrix">
  <rows>88</rows>
  <cols>26</cols>
  <dt>w</dt>
  <data>
    5548 0 0 0 1288 1288 1264 1264 1264 1264 1264 1278 1288 1288 1288
    1288 0 0 0 0 0 0 5734 5734 5734 5640 0 0 0 0 0 1288 1288 1288 1283
    1283 1283 1288 1288 1288 0 0 0 0 0 0 0 0 5734 5734 5734 5640 0 0 0 0
    0 1288 1288 1288 1292 1288 1288 1288 1288 1288 0 0 0 0 1232 0 0 0 0
    0 0 0 0 0 0 0 1273 1273 1278 1278 1292 1292 1292 1302 1302 1219 1214
    1214 0 0 1232 1227 1227 0 0 0 0 0 0 0 0 0 1268 1264 1264 1268 1292
    1288 1288 1302 1302 1219 1214 1214 1241 1241 1232 1223 1223 0 0 0 0
    0 0 0 0 0 1268 1236 1236 1268 1268 1288 1288 1288 1214 1214 1214
    1214 1214 1223 1227 1219 1214 1214 1214 0 0 0 0 1219 1219 1214 1214
    1214 1227 1227 1223 1223 1219 1219 1214 1214 1214 1214 1214 1219
    1223 1219 1214 1214 1214 1219 1219 0 0 1219 1219 1214 1214 1214 1214
    1214 1214 1214 1219 1219 1219 1214 1214 1214 1214 1219 1219 1219
    1219 1219 1219 1210 1210 0 1232 1219 1219 1214 1214 1214 1214 1214
    1214 1214 1214 1214 1214 1214 1214 1214 1214 1219 1219 1219 1219
    1219 1219 1210 1210 1210 1227 1219 1214 1214 1214 1214 1214 1214
    1214 1214 1214 1214 1214 1214 1214 1214 1214 1219 1214 1214 1219
    1219 1219 1210 1210 0 1227 1219 1214 1214 1214 1214 1219 1214 1214
    1214 1214 1214 1214 1214 1219 1219 1219 1219 1214 1214 1214 1214
    1219 1210 1210 0 1227 1219 1214 1214 1214 1214 1219 1219 1219 1214
    1214 1214 1214 1214 1219 1219 1219 1219 1219 1219 1214 1214 1219
    1219 1219 0 1227 1214 1214 1214 1214 1219 1219 1219 1219 1214 1214
    1214 1214 1214 1219 1219 1219 1219 1219 1214 1214 1214 1219 1214
    1214 0 0 1214 1214 1214 1214 1219 1219 1219 1219 1214 1214 1214 1219
    1219 1219 1219 1219 1219 1214 1214 1214 1214 1214 1214 1214 0 0 1214
    1214 1214 1214 1219 1219 1219 1219 1219 1219 1219 1219 1219 1219
    1219 1219 1219 1214 1214 1214 1214 1214 1214 1214 0 1214 1214 1214
    1214 1214 1219 1219 1219 1219 1219 1219 1219 1219 1219 1219 1219
    1219 1219 1214 1214 1214 1219 1214 1214 1214 0 1214 1214 1214 1214
    1214 1219 1219 1219 1219 1219 1219 1219 1219 1219 1219 1214 1214
    1214 1214 1214 1214 1214 1219 1214 1214 0 0 1214 1214 1214 1214 1219
    1219 1219 1219 1219 1219 1219 1219 1219 1219 1214 1214 1214 1214
    1214 1214 1214 1219 1219 1219 0 0 1219 1214 1214 1214 1219 1219 1219
    1219 1219 1219 1219 1219 1219 1219 1219 1219 1214 1214 1214 1214
    1214 1219 1214 1214 0 0 1223 1214 1214 1219 1219 1219 1219 1214 1214
    1219 1219 1219 1219 1219 1219 1219 1214 1214 1214 1214 1214 1219
    1214 1214 0 0 1223 1219 1219 1219 1219 1219 1219 1214 1214 1219 1219
    1219 1219 1219 1219 1219 1214 1214 1214 1214 1219 1214 1214 1214 0 0
    1227 1223 1219 1219 1219 1219 1219 1219 1219 1219 1219 1219 1219
    1219 1219 1219 1219 1214 1214 1214 1219 1214 1214 1214 0 1241 1227
    1223 1219 1214 1214 1219 1219 1219 1219 1219 1214 1214 1214 1214
    1219 1219 1219 1214 1214 1219 1219 1214 1206 1206 0 1232 1223 1219
    1219 1214 1214 1214 1214 1219 1219 1219 1214 1214 1214 1214 1219
    1219 1219 1219 1214 1214 1219 1214 1206 1206 0 1232 1223 1219 1219
    1214 1214 1214 1214 1214 1214 1214 1214 1214 1214 1214 1219 1219
    1219 1219 1214 1214 1214 1214 1214 1214 0 0 1219 1219 1219 1214 1214
    1214 1214 1214 1214 1214 1214 1214 1214 1214 1219 1219 1219 1219
    1214 1214 1214 1214 1210 1210 1210 1227 1219 1214 1214 1214 1214
    1214 1214 1214 1214 1214 1214 1214 1214 1219 1219 1219 1219 1214
    1214 1214 1214 1214 1210 1210 1214 1227 1219 1214 1214 1214 1214
    1214 1219 1219 1219 1214 1214 1214 1219 1219 1219 1219 1219 1214
    1214 1214 1219 1214 1214 1214 1214 0 1219 1214 1214 1214 1214 1219
    1219 1219 1219 1214 1214 1214 1214 1214 1219 1219 1219 1214 1214
    1219 1219 1214 1214 1214 1219 0 1214 1214 1214 1214 1214 1219 1219
    1219 1219 1219 1214 1214 1214 1214 1219 1219 1219 1214 1214 1219
    1219 1219 1219 1219 1219 0 1214 1214 1214 1214 1214 1219 1219 1219
    1219 1219 1214 1214 1219 1219 1219 1219 1219 1219 1219 1219 1219
    1219 1219 1219 0 0 1214 1214 1214 1214 1214 1219 1219 1219 1219 1214
    1214 1214 1219 1219 1219 1219 1219 1219 1219 1219 1219 1219 1219
    1219 1219 0 1219 1214 1214 1214 1214 1219 1219 1214 1214 1214 1214
    1214 1219 1219 1219 1219 1214 1214 1214 1219 1219 1219 1223 1223
    1223 0 1219 1219 1219 1214 1214 1219 1214 1214 1214 1214 1214 1214
    1219 1214 1214 1214 1214 1214 1214 1219 1223 1223 1223 1223 0 1236
    1219 1214 1214 1214 1214 1214 1214 1214 1214 1214 1214 1214 1219
    1214 1214 1214 1214 1214 1214 1219 1223 1223 1223 1223 0 1227 1219
    1214 1214 1219 1219 1214 1214 1214 1214 1214 1214 1214 1214 1214
    1214 1214 1214 1214 1214 1214 1223 1223 1223 1223 0 1223 1219 1219
    1219 1219 1219 1219 1214 1214 1214 1214 1214 1214 1214 1214 1214
    1214 1214 1214 1214 1214 1223 1223 1223 1223 0 1219 1219 1219 1219
    1219 1219 1214 1214 1214 1214 1214 1214 1214 1214 1214 1214 1214
    1214 1214 1214 1214 1219 1223 1219 1219 0 1219 1214 1214 1214 1214
    1219 1214 1214 1214 1214 1214 1214 1214 1214 1219 1219 1219 1219
    1214 1214 1214 1219 1214 1214 1214 1214 1219 1214 1214 1214 1214
    1214 1214 1214 1214 1214 1214 1214 1214 1219 1219 1219 1214 1214
    1214 1214 1219 1219 1214 1214 1214 0 1214 1214 1214 1214 1214 1214
    1214 1214 1214 1214 1214 1214 1214 1219 1219 1219 1214 1214 1214
    1214 1219 1219 1214 1214 1214 1214 1210 1210 1210 1210 1214 1214
    1214 1214 1214 1214 1214 1214 1214 1214 1214 1214 1214 1214 1214
    1219 1219 1214 1214 1214 1214 1214 1210 1210 1210 1210 1214 1214
    1214 1214 1214 1214 1214 1214 1214 1214 1214 1214 1214 1214 1214
    1219 1219 1214 1214 1214 1214 1223 1210 1210 1214 1214 1214 1214
    1214 1214 1214 1214 1214 1214 1214 1214 1214 1214 1214 1214 1214
    1219 1219 1219 1219 1219 1219 1223 1214 1214 1214 1219 1219 1219
    1219 1219 1214 1214 1214 1214 1214 1214 1214 1214 1214 1214 1214
    1214 1219 1219 1219 1219 1219 1227 1214 1214 1214 1219 1219 1219
    1214 1214 1214 1214 1214 1214 1214 1214 1214 1214 1214 1214 1214
    1214 1214 1214 1219 1214 1214 1214 1214 1214 1214 1219 1219 1219
    1214 1214 1214 1214 1214 1214 1214 1214 1214 1214 1214 1214 1214
    1214 1214 1214 1219 1214 1214 1214 1214 1214 1214 1219 1219 1219
    1219 1214 1214 1214 1214 1214 1214 1214 1214 1214 1214 1214 1214
    1214 1214 1214 1214 1214 1214 1214 1219 1219 1219 1219 1219 1219
    1219 1214 1214 1214 1214 1214 1214 1214 1214 1214 1214 1214 1214
    1214 1214 1214 1214 1214 1214 1214 1219 1219 1219 1219 1214 1214
    1214 1214 1214 1214 1214 1214 1214 1214 1214 1219 1219 1214 1214
    1219 1219 1219 1214 1210 1210 1210 1219 1219 1219 1214 1214 1214
    1214 1214 1214 1214 1214 1214 1214 1214 1214 1219 1219 1219 1219
    1219 1219 1219 1214 1210 1206 1197 0 1219 1214 1214 1214 1214 1214
    1214 1214 1214 1214 1214 1214 1214 1214 1219 1219 1219 1219 1219
    1219 1219 1214 1210 1202 1197 1219 1219 1214 1214 1214 1214 1214
    1214 1214 1214 1214 1214 1214 1214 1214 1219 1219 1219 1219 1219
    1219 1223 1219 1210 1202 1197 1214 1214 1219 1214 1214 1214 1214
    1214 1214 1214 1214 1214 1214 1214 1219 1219 1219 1219 1214 1214
    1214 1219 1214 1214 1202 1202 1214 1214 1214 1214 1219 1214 1214
    1214 1214 1214 1214 1214 1214 1219 1219 1223 1219 1219 1214 1214
    1214 1219 1214 1214 1214 0 1214 1214 1214 1214 1214 1214 1214 1214
    1214 1214 1219 1219 1219 1219 1219 1219 1219 1219 1214 1214 1219
    1219 1223 1214 1214 0 1214 1214 1214 1214 1214 1219 1219 1219 1219
    1219 1219 1219 1219 1219 1219 1219 1214 1214 1214 1214 1214 1219
    1223 1214 1214 0 1214 1214 1214 1214 1214 1219 1219 1219 1219 1219
    1219 1219 1219 1219 1214 1214 1214 1214 1214 1214 1214 1219 1223
    1214 1214 0 1214 1214 1214 1214 1214 1219 1219 1219 1219 1219 1219
    1219 1214 1214 1214 1214 1214 1214 1214 1214 1219 1219 1223 1223
    1223 0 1214 1214 1214 1214 1214 1219 1219 1219 1219 1219 1219 1219
