<?xml version="1.0"?>
<opencv_storage>
<Depth10337 type_id="opencv-matrix">
  <rows>39</rows>
  <cols>98</cols>
  <dt>w</dt>
  <data>
    3816 3816 3816 3816 3774 3774 3774 3732 3732 3732 3816 3816 3816 989
    989 989 989 992 992 995 992 992 992 992 992 995 992 992 3692 3692
    3774 3774 3774 3774 3774 3774 3732 3732 3732 3732 3774 3774 3732
    3732 3692 3653 3614 3614 3614 3614 3653 3653 3692 3732 3732 3732
    3732 3732 3732 3692 3653 3614 3576 3576 3539 3503 3468 3468 2680
    2680 2680 2659 2639 2618 2618 2618 2618 2618 2618 2618 2598 2579
    2579 2503 2485 2485 2485 2485 2485 2485 2485 2333 2333 2317 2286
    2271 2256 2256 3816 3816 3816 3816 3816 3774 3774 3732 3732 3732
    3816 1001 995 989 989 989 989 992 992 992 992 992 992 992 992 995
    992 992 992 992 992 995 992 987 981 981 3732 3732 3732 3732 3732
    3732 3692 3692 3653 3653 3614 3614 3614 3614 3653 3653 3692 3732
    3732 3732 3732 3732 3692 3653 3614 3614 3576 3576 3539 3503 3468
    3468 2680 2680 2680 2639 2639 2639 2618 2618 2618 2618 2618 2598
    2598 2560 2541 2522 2522 2522 2485 2467 2450 2450 2450 2333 2333
    2317 2301 2286 2271 2256 3774 3816 3816 3816 3816 3816 3816 3816
    1007 1007 1007 1001 995 992 992 992 992 992 992 992 992 992 992 992
    992 995 992 992 992 992 992 992 992 987 981 981 987 987 987 987 992
    989 987 987 989 3653 3614 3614 3614 3614 3653 3653 3732 3732 3732
    3732 3732 3692 3653 3614 3614 3614 3576 3576 3539 3503 3468 3468
    2680 2680 2659 2639 2639 2618 2618 2598 2598 2618 2598 2598 2598
    2560 2541 2541 2541 2485 2485 2415 2415 2415 2432 2333 2317 2317
    2301 2286 2271 2256 3732 3732 3859 3859 3903 3903 1202 1007 1007
    1007 1004 1001 995 992 992 992 989 989 992 992 992 992 992 992 992
    995 992 992 992 992 992 992 992 992 987 987 987 987 987 989 989 987
    987 987 987 987 987 989 989 989 992 992 995 995 3732 3732 3732 3692
    3614 3614 3614 3614 3576 3576 3503 3468 3468 3468 2680 2680 2659
    2639 2639 2618 2618 2598 2598 2618 2598 2598 2579 2560 2541 2541
    2541 2541 2415 2415 2381 2381 2381 2381 2317 2317 2301 2286 2271
    2271 3732 3732 3732 1202 1202 1202 1202 1007 1007 1007 1004 1001 998
    995 992 992 989 989 992 992 992 992 992 992 992 992 992 989 989 989
    989 992 992 992 989 989 987 987 987 987 987 987 987 987 987 987 987
    987 989 989 989 989 989 989 987 984 984 987 987 3614 3614 987 987
    3576 3503 3468 3468 3468 2680 2680 2659 2659 2659 2639 2618 2598
    2598 2618 2598 2598 2579 2560 2541 2541 2541 0 2415 2415 2381 2381
    2381 2333 2317 2317 2301 2286 2271 2271 3732 3732 1197 1189 1189
    1181 1157 1157 1004 1004 1004 1001 998 995 992 989 989 989 992 992
    992 992 992 992 992 992 989 989 989 989 989 992 992 989 989 989 987
    987 987 987 987 987 987 987 987 987 987 987 987 989 989 989 987 987
    987 984 984 987 987 984 984 984 987 989 989 989 989 989 989 989 989
    989 989 2639 2618 2618 2618 2618 2598 2598 2579 2560 2541 2541 2541
    0 2398 2398 2398 2398 2398 2333 2333 2333 2301 2286 2256 2256 3774
    1202 1197 1197 1189 1177 1157 1153 1004 1004 1004 1001 998 995 992
    989 989 989 992 992 992 992 992 992 992 992 989 989 989 989 989 992
    992 989 989 989 987 987 987 987 987 987 987 987 987 987 987 987 987
    987 987 987 987 987 984 984 984 987 987 984 984 984 987 987 989 989
    989 987 987 987 987 989 987 987 984 984 984 987 987 987 987 987 2560
    2560 2560 981 984 2415 2415 2415 2415 2333 2333 2333 2301 2286 2256
    2256 0 1202 1202 1193 1189 1177 1169 1153 1153 1007 1007 1001 1001
    995 992 992 992 992 992 992 992 992 992 992 992 992 989 989 989 992
    992 992 992 989 989 989 987 987 987 987 987 987 987 987 987 987 987
    987 987 987 987 987 987 984 984 984 984 987 984 984 984 984 987 987
    987 987 987 987 987 987 987 989 987 987 984 984 984 987 987 987 987
    984 984 981 981 981 984 984 984 984 987 987 987 987 2286 2286 978
    978 0 1202 1202 1193 1189 1181 1173 1157 1157 1157 1044 1019 1004
    995 995 992 992 992 992 992 992 992 992 989 989 992 992 992 992 992
    992 992 992 989 989 989 987 987 987 987 987 987 987 987 987 987 987
    987 987 987 987 987 987 984 984 984 984 984 984 984 984 984 987 987
    987 987 987 987 987 987 987 987 987 987 984 984 987 987 987 987 987
    984 984 981 981 984 984 984 984 984 987 987 987 987 987 978 978 978
    0 1202 1202 1197 1193 1181 1173 1173 1094 1060 1044 1031 1028 995
    995 995 992 992 992 992 992 992 989 989 989 992 992 992 992 995 992
    992 989 989 989 989 989 989 989 989 989 989 987 987 987 987 987 987
    987 987 987 987 987 984 984 984 984 984 984 984 984 984 987 987 987
    987 987 987 987 987 987 987 987 987 987 987 987 987 987 987 987 984
    984 984 984 984 984 984 984 984 987 987 987 987 981 978 978 978 0
    1202 1202 1197 1193 1181 1169 1105 1087 1060 1044 1034 1028 992 992
    992 992 992 992 992 992 992 989 989 989 992 992 995 995 995 992 992
    989 989 989 989 989 989 989 989 989 989 987 987 989 989 987 987 987
    987 987 987 987 987 987 987 987 987 987 987 987 987 987 987 989 987
    987 987 987 987 987 987 987 987 987 987 987 987 987 987 987 987 984
    984 981 981 981 981 984 984 984 987 987 987 981 981 981 981 0 1202
    1202 1197 1189 1185 1115 1105 1087 1063 1044 1038 1034 992 992 992
    992 992 992 992 992 992 992 992 992 995 995 995 995 995 992 992 992
    992 992 989 989 989 989 989 989 989 989 989 989 987 987 987 987 987
    987 987 987 987 987 987 987 987 987 987 987 987 989 989 989 989 987
    987 987 987 987 987 987 987 987 987 987 987 987 987 987 987 984 984
    981 981 981 981 984 984 984 987 987 987 984 984 984 984 0 1202 1202
    1197 1189 1185 1115 1112 1094 1063 1044 1041 1038 992 992 992 992
    992 992 992 992 992 992 992 992 995 995 995 995 995 992 992 992 992
    992 992 989 989 989 989 989 989 989 989 989 987 987 987 987 987 989
    989 989 987 987 987 987 987 987 987 987 987 989 989 989 989 989 989
    987 987 987 987 987 987 987 987 987 987 987 987 987 987 987 984 981
    981 981 981 984 984 984 987 987 987 984 984 984 984 3732 1202 1202
    1197 1189 1185 1157 1112 1094 1063 1044 1041 995 992 992 992 992 992
    992 992 992 992 992 989 989 995 995 995 995 995 992 992 992 992 992
    992 989 989 989 989 989 992 989 989 989 989 989 987 987 987 987 987
    987 987 987 987 987 987 987 987 987 987 989 989 989 989 989 989 987
    987 987 987 987 987 987 987 987 987 987 987 987 987 987 984 984 984
    984 984 984 984 984 987 987 987 984 984 984 984 3732 1206 1202 1202
    1193 1185 1157 1157 1090 1063 1047 1041 995 995 992 992 992 992 992
    992 992 992 992 989 989 995 995 995 995 995 995 992 992 992 995 992
    989 989 989 992 992 992 989 989 989 989 989 989 987 987 987 987 987
    987 987 987 987 987 987 987 987 987 989 989 987 987 987 987 987 987
    987 987 987 987 987 987 987 987 987 987 987 987 987 984 984 984 984
    984 984 984 984 987 987 987 984 984 984 984 3732 1206 1202 1202 1193
    1185 1185 1094 1087 1060 1044 1038 995 995 992 992 992 992 992 992
    992 992 992 989 989 995 995 995 995 995 995 992 992 992 992 992 989
    989 989 989 989 992 989 989 989 989 989 989 987 987 987 987 987 987
    987 987 987 987 987 987 984 984 989 987 987 987 987 987 987 987 987
    987 987 987 987 987 987 987 987 987 987 987 984 984 987 987 987 987
    987 984 984 987 987 987 984 984 984 984 1206 1206 1206 1202 1197
    1189 1189 1094 1084 1057 1044 1038 995 995 992 992 992 992 992 992
    992 992 992 989 989 995 995 995 995 995 995 995 992 992 992 992 989
    989 989 989 989 989 989 987 987 987 987 989 987 987 987 987 987 987
    987 987 987 987 987 987 984 984 987 987 987 987 987 987 987 987 987
    987 987 987 987 987 987 987 987 987 987 987 984 984 987 987 987 987
    987 987 987 987 987 987 984 984 984 984 1202 1202 1202 1202 1202
    1197 1197 1197 1080 1054 1044 1038 995 992 992 992 992 992 992 992
    992 992 992 992 992 995 995 995 995 995 995 995 992 992 992 992 989
    989 989 989 989 989 989 987 987 987 987 989 987 987 987 987 987 987
