<?xml version="1.0"?>
<opencv_storage>
<Depth7025 type_id="opencv-matrix">
  <rows>33</rows>
  <cols>45</cols>
  <dt>w</dt>
  <data>
    4983 4983 4983 4983 2398 2398 2415 2415 2415 2398 2398 2398 2381
    2381 2381 2381 2398 2381 2365 2365 2365 4842 4842 4774 4774 4774
    4774 4708 4708 4708 4708 4708 4708 4645 4645 4645 4645 4645 4645
    4645 4708 4708 4708 4708 4708 5056 5056 4983 4983 2415 2415 2415
    2415 2415 2398 2398 2398 2381 2381 2381 2381 2381 2365 2365 2365
    2365 2365 4842 4842 4842 4842 4774 4774 4774 4708 4708 4708 4708
    4708 4708 4708 4645 4645 4708 4708 4708 4708 4708 4708 4708 5056
    5056 5056 5056 2415 2415 2415 2415 2398 2398 2381 2381 2381 2381
    2381 2381 2365 2365 2365 2365 2365 2349 2349 2349 2349 4842 4842
    4774 4774 4774 4708 4708 4708 4708 4708 4708 4708 4708 4708 4708
    4708 4708 4708 4708 4708 5056 5056 5132 5132 2415 2415 2415 2415
    2398 2398 2381 2381 2381 2365 2365 2381 2365 2365 2365 2365 2365
    2349 2349 2349 2349 2349 2349 2349 2349 2333 2333 2317 2317 4708
    4708 4708 4708 4708 4708 4708 4708 4708 4708 4708 4708 5132 5132
    5210 5210 2415 2415 2415 2415 2398 2398 2381 2381 2381 2365 2365
    2381 2381 2365 2365 2365 2365 2349 2349 2349 2349 2349 2349 2349
    2349 2333 2333 2317 2317 2317 2317 4708 4708 4708 4774 4708 4708
    4708 4708 4708 4708 5132 5132 5132 2415 2415 2415 2415 2415 2398
    2398 2381 2381 2381 2381 2381 2381 2381 2365 2365 2365 2365 2349
    2349 2349 2349 2349 2349 2349 2349 2349 2333 2333 2333 2317 2317
    2317 2317 2333 2333 4774 4708 4708 4708 4708 4708 5210 5210 5210
    2432 2432 2415 2415 2415 2398 2398 2381 2381 2381 2381 2381 2381
    2381 2381 2365 2365 2365 2365 2365 2349 2349 2349 2349 2349 2349
    2349 2333 2333 2333 2317 2317 2317 2317 2333 2333 2333 2333 2333
    4708 4708 4708 5210 5210 5210 2415 2415 2415 2415 2415 2415 2415
    2398 2381 2381 2381 2381 2381 2381 2365 2365 2365 2365 2365 2349
    2349 2349 2365 2349 2349 2349 2349 2349 2333 2333 2333 2333 2333
    2333 2349 2333 2333 2333 2333 2333 2349 2349 5210 5210 5210 2415
    2415 2415 2415 2415 2415 2415 2398 2398 2381 2381 2381 2381 2381
    2365 2365 2365 2365 2365 2349 2349 2349 2349 2349 2349 2349 2349
    2349 2333 2333 2349 2333 2333 2333 2333 2333 2333 2333 2333 2333
    2333 2333 5056 4842 4842 2415 2415 2415 2415 2415 2415 2398 2398
    2398 2381 2381 2381 2381 2381 2365 2365 2365 2365 2365 2365 2349
    2349 2349 2349 2349 2349 2349 2349 2349 2349 2349 2333 2333 2333
    2333 2333 2333 2333 2333 2333 2333 2333 5056 4774 2415 2415 2415
    2415 2415 2415 2415 2398 2398 2398 2381 2381 2381 2381 2381 2365
    2365 2365 2365 2365 2365 2349 2349 2349 2349 2349 2349 2349 2349
    2333 2333 2333 2333 2317 2317 2333 2333 2333 2333 2333 2333 2333
    2333 5132 4774 2415 2415 2415 2415 2415 2398 2398 2398 2398 2381
    2381 2381 2365 2365 2381 2381 2365 2365 2365 2365 2365 2365 2365
    2349 2349 2349 2349 2349 2349 2333 2333 2333 2317 2317 2317 2317
    2333 2349 2333 2333 2317 2317 2317 5132 2432 2432 2415 2415 2415
    2415 2398 2398 2398 2398 2381 2381 2381 2365 2365 2365 2365 2365
    2365 2365 2365 2365 2365 2365 2349 2349 2349 2349 2349 2349 2333
    2333 2333 2317 2317 2317 2317 2349 2333 2333 2317 2317 2317 2317
    5132 2432 2415 2415 2415 2415 2398 2398 2398 2398 2398 2398 2381
    2381 2381 2365 2365 2365 2365 2365 2365 2365 2365 2349 2349 2349
    2349 2349 2349 2349 2349 2333 2333 2333 2317 2317 2317 2333 2349
    2333 2333 2317 2317 2317 2317 5210 2432 2415 2415 2415 2415 2398
    2398 2398 2398 2398 2381 2381 2381 2381 2365 2365 2365 2365 2365
    2365 2365 2349 2349 2349 2349 2349 2349 2349 2349 2349 2333 2333
    2333 2317 2317 2317 2333 2349 2333 2333 2317 2317 2349 2365 5210
    2432 2415 2415 2415 2415 2398 2398 2398 2398 2398 2381 2381 2381
    2381 2365 2365 2365 2365 2365 2365 2349 2349 2349 2349 2349 2349
    2349 2349 2349 2349 2333 2333 2333 2333 2317 2317 2333 2333 2333
    2333 2333 2333 2349 2349 5210 2415 2415 2415 2415 2415 2398 2398
    2398 2398 2398 2398 2398 2381 2381 2365 2365 2365 2365 2349 2349
    2349 2349 2349 2349 2349 2349 2333 2333 2333 2333 2333 2333 2333
    2333 2317 2317 2333 2333 2333 2333 2333 2333 2349 2349 2415 2415
    2415 2415 2415 2415 2415 2398 2398 2398 2398 2398 2398 2381 2381
    2365 2365 2365 2365 2349 2349 2349 2349 2349 2349 2349 2349 2333
    2333 2333 2333 2333 2333 2333 2333 2333 2333 2333 2333 2333 2333
    2333 2333 2333 2333 2415 2415 2415 2415 2415 2398 2398 2398 2398
    2398 2398 2398 2381 2381 2365 2365 2365 2365 2365 2365 2365 2365
    2349 2349 2349 2349 2349 2349 2349 2349 2333 2333 2333 2333 2333
    2333 2349 2333 2333 2333 2333 2333 2333 2333 0 2415 2415 2415 2415
    2415 2398 2398 2398 2398 2398 2398 2381 2381 2381 2365 2365 2365
    2365 2365 2365 2365 2349 2349 2349 2349 2349 2349 2333 2333 2349
    2349 2333 2333 2333 2333 2333 2349 2333 2333 2333 2333 2333 2317
    2317 0 2415 2415 2415 2415 2415 2398 2381 2381 2381 2381 2398 2381
    2381 2365 2365 2365 2365 2365 2365 2365 2365 2349 2349 2349 2349
    2349 2349 2333 2333 2349 2349 2349 2349 2317 2317 2333 2349 2333
    2333 2333 2333 2333 2317 2317 0 2415 2415 2415 2415 2415 2398 2381
    2381 2381 2381 2398 2398 2398 2365 2365 2365 2365 2365 2365 2365
    2365 2365 2365 2365 2365 2365 2349 2349 2349 2349 2333 2333 2333
    2317 2317 2333 2333 2333 2333 2333 2333 2333 2317 2317 0 2415 2415
    2415 2415 2415 2398 2381 2381 2398 2398 2398 2381 2381 2381 2365
    2365 2365 2365 2365 2365 2365 2365 2365 2349 2349 2349 2349 2349
    2333 2333 2333 2317 2317 2317 2317 2317 2333 2333 2333 2333 2333
    2333 2333 0 0 2415 2415 2415 2415 2415 2398 2398 2398 2398 2398 2398
    2381 2381 2381 2365 2365 2365 2365 2365 2365 2365 2365 2365 2349
    2349 2349 2349 2349 2333 2333 2333 2317 2317 2317 2317 2317 2333
    2333 2333 2333 2333 2333 2333 0 0 5291 2415 2415 2415 2415 2398 2398
    2398 2398 2398 2398 2398 2381 2381 2365 2365 2365 2365 2365 2365
    2365 2365 2365 2365 2349 2349 2349 2349 2333 2333 2333 2333 2333
    2317 2317 2333 2333 2333 2333 2333 2333 2333 2333 0 0 5291 2415 2415
    2415 2415 2415 2415 2398 2398 2398 2398 2381 2381 2381 2365 2365
    2365 2365 2365 2365 2365 2365 2365 2365 2349 2349 2349 2349 2333
    2333 2333 2333 2333 2333 2333 2333 2333 2333 2333 2333 2333 2333 0 0
    0 5374 5374 5374 2415 2415 2398 2398 2398 2398 2398 2398 2381 2381
    2381 2365 2365 2365 2365 2365 2365 2365 2365 2365 2365 2349 2349
    2349 2349 2333 2333 2333 2333 2333 2333 2333 2333 2333 2333 2333
    2317 2317 2333 0 0 0 5374 5374 5374 5374 5374 2398 2398 2398 2415
    2415 2398 2381 2381 2381 2365 2365 2365 2365 2365 2365 2365 2365
    2349 2349 2349 2349 2349 2349 2349 2333 2333 2333 2333 2349 2349
    2333 2333 2333 2333 2317 2317 2317 5056 5056 5056 5374 5374 5374
    5374 5374 5291 5291 5291 5291 5291 5291 5210 2381 2381 2365 2365
    2365 2365 2365 2365 2365 2365 2349 2349 2349 2349 2349 2349 2349
    2349 2349 2333 2333 2349 2349 2349 2349 2349 2349 2333 2333 2333
    5056 5056 5056 5374 5460 5374 5374 5374 5374 5374 5374 5374 5291
    5291 5210 5210 5210 2365 2365 2365 2365 2365 2365 2365 2365 2365
    2349 2349 2349 2349 2349 2349 2349 2349 2333 2333 2349 2349 2349
    2349 2333 2333 2333 2349 2349 4983 4983 5056 5374 5460 5374 5374
    5374 5374 5374 5374 5374 5291 5291 5291 5291 5291 5291 5210 5210
    5132 5132 2365 2365 2365 2365 2349 2349 2349 2349 2349 2349 2349
    2349 2349 2333 2333 2333 2333 2349 2333 2317 2317 2317 4983 4983
    4983 5056 5374 5460 5460 5460 5460 5460 5374 5374 5374 5291 5291
    5291 5291 5291 5291 5291 5291 5291 5291 5291 5291 5291 2365 2349
    2349 2349 2349 2333 2333 2333 2349 2349 2333 2333 2333 2333 2333
    2317 2317 2317 2317 5056 5056 5056 5132 5460 5548 5548 5548 5460
    5460 5374 5374 5374 5374 5374 5374 5291 5291 5291 5291 5291 5291
    5291 5291 5291 5291 5291 5291 2349 2349 2349 2333 2333 2333 2349
    2333 2317 2317 2317 2333 2333 2317 2317 2317 2317 5056 5056 5056
    5132</data></Depth7025>
