<?xml version="1.0"?>
<opencv_storage>
<Depth9597 type_id="opencv-matrix">
  <rows>57</rows>
  <cols>78</cols>
  <dt>w</dt>
  <data>
    3994 3994 3994 1333 1322 1317 1317 1322 1328 1328 1328 1328 1328
    1328 1328 1317 1317 1312 1312 1317 1307 1307 1307 1312 1317 1312
    1307 1307 1307 1307 1302 1302 1302 1302 3774 3774 3774 3774 3774
    3774 1307 1307 1307 1307 1307 3774 1283 1283 1283 1278 1278 3692
    3692 1297 1297 1297 1297 1288 1283 1278 1278 1278 1278 1288 1288
    1288 1283 1283 1288 1283 1283 1283 1283 1288 1288 2812 2812 2812
    4041 0 1343 1333 1322 1317 1317 1317 1317 1322 1317 1317 1317 1317
    1312 1312 1307 1302 1302 1307 1302 1302 1302 1307 1307 1307 1302
    1302 1302 1302 1302 1297 1297 1297 1292 1292 1292 1292 1302 1302
    1297 1297 1302 1302 1292 1288 1283 1283 1283 1278 1278 1283 1283
    1288 1288 1288 1288 1288 1283 1278 1278 1278 1278 1278 1288 1288
    1283 1278 1278 1273 1273 1278 1278 1278 1283 1283 1288 2812 0 0 1333
    1322 1312 1307 1307 1307 1312 1312 1307 1307 1302 1302 1302 1302
    1302 1297 1297 1297 1292 1292 1292 1292 1292 1292 1297 1292 1292
    1292 1292 1288 1288 1292 1288 1283 1283 1278 1278 1273 1273 1273
    1288 1283 1283 1283 1283 1283 1283 1283 1283 1283 1283 1278 1273
    1273 1273 1278 1278 1278 1273 1273 1273 1273 1278 1278 1273 1268
    1268 1268 1268 1268 1268 1278 1278 1278 1283 1283 0 0 1333 1322 1297
    1297 1302 1302 1302 1297 1292 1292 1292 1292 1292 1283 1283 1288
    1283 1283 1283 1283 1283 1283 1283 1283 1283 1278 1273 1273 1268
    1268 1268 1268 1273 1273 1264 1259 1259 1264 1264 1264 1264 1264
    1264 1264 1278 1278 1273 1273 1273 1273 1273 1268 1264 1264 1264
    1264 1264 1268 1264 1264 1264 1264 1268 1264 1264 1264 1264 1264
    1259 1259 1264 1264 1259 1259 1259 1259 0 0 0 1278 1278 1288 1288
    1288 1278 1278 1278 1278 1278 1278 1278 1278 1273 1273 1273 1273
    1273 1273 1273 1268 1268 1264 1264 1264 1264 1264 1259 1259 1259
    1259 1259 1259 1250 1245 1245 1250 1250 1250 1255 1255 1255 1250
    1245 1245 1245 1245 1264 1264 1264 1259 1259 1255 1255 1255 1255
    1255 1250 1250 1245 1245 1255 1255 1255 1255 1255 1255 1250 1250
    1250 1250 1250 1250 1250 1250 0 0 1268 1268 1268 1273 1268 1264 1264
    1259 1259 1264 1264 1264 1264 1268 1264 1264 1264 1264 1259 1259
    1259 1259 1255 1255 1255 1255 1255 1255 1259 1255 1255 1250 1250
    1250 1245 1241 1241 1245 1241 1241 1236 1232 1232 1236 1236 1236
    1236 1232 1232 1232 1232 1250 1250 1245 1245 1250 1245 1245 1241
    1236 1236 1236 1245 1245 1245 1241 1241 1241 1232 1232 1232 1232
    1227 1223 1223 1223 0 1255 1255 1259 1264 1264 1259 1259 1259 1259
    1259 1259 1259 1255 1255 1255 1255 1250 1250 1250 1250 1245 1245
    1250 1245 1245 1245 1245 1245 1245 1250 1245 1245 1241 1241 1241
    1236 1236 1236 1236 1232 1232 1227 1227 1227 1227 1227 1227 1227
    1223 1223 1223 1227 1227 1227 1227 1223 1223 1227 1223 1223 1227
    1227 1227 1232 1232 1232 1232 1227 1227 1227 1223 1223 1219 1210
    1210 1214 1214 0 1255 1255 1255 1259 1259 1259 1255 1255 1255 1255
    1255 1255 1255 1250 1250 1245 1241 1241 1245 1245 1245 1245 1245
    1245 1245 1241 1241 1241 1241 1241 1241 1236 1236 1236 1232 1232
    1232 1232 1232 1232 1232 1227 1227 1227 1223 1223 1227 1223 1223
    1223 1223 1223 1223 1223 1223 1219 1214 1210 1210 1210 1210 1219
    1219 1223 1223 1219 1219 1214 1214 1214 1214 1214 1210 1210 1210
    1210 1206 1259 1259 1255 1255 1259 1259 1255 1255 1255 1255 1255
    1255 1250 1250 1250 1241 1241 1241 1241 1245 1245 1245 1245 1241
    1241 1241 1241 1241 1241 1241 1241 1236 1232 1232 1232 1232 1227
    1227 1232 1232 1232 1227 1227 1223 1223 1223 1223 1223 1223 1223
    1223 1223 1219 1219 1219 1219 1219 1214 1210 1210 1210 1210 1210
    1210 1214 1219 1214 1214 1214 1214 1214 1210 1210 1210 1210 1206
    1206 1206 1259 1259 1259 1259 1259 1255 1255 1255 1255 1255 1255
    1255 1250 1250 1250 1241 1241 1241 1241 1245 1245 1245 1245 1241
    1241 1241 1241 1241 1241 1236 1236 1232 1232 1232 1232 1232 1227
    1227 1232 1232 1232 1227 1227 1223 1223 1223 1223 1223 1223 1219
    1219 1223 1219 1219 1219 1219 1219 1214 1214 1210 1210 1210 1210
    1210 1214 1214 1214 1214 1214 1210 1210 1210 1206 1206 1206 1206
    1206 1202 0 1259 1259 1259 1259 1255 1255 1255 1255 1255 1255 1255
    1250 1250 1250 1250 1245 1245 1245 1245 1245 1245 1245 1241 1241
    1241 1241 1241 1241 1236 1236 1232 1232 1232 1232 1232 1232 1232
    1232 1232 1232 1227 1227 1223 1223 1223 1223 1223 1223 1219 1219
    1223 1219 1219 1219 1219 1219 1214 1214 1210 1210 1210 1210 1210
    1214 1214 1214 1214 1214 1210 1210 1210 1206 1206 1206 1202 1202
    1202 0 1264 1264 1259 1259 1259 1259 1255 1255 1255 1255 1255 1250
    1250 1250 1250 1250 1245 1245 1245 1245 1245 1245 1241 1241 1241
    1241 1241 1241 1236 1236 1232 1232 1232 1232 1232 1232 1232 1232
    1227 1227 1227 1227 1223 1223 1223 1223 1223 1223 1223 1223 1223
    1219 1219 1219 1219 1219 1219 1214 1214 1214 1210 1210 1210 1214
    1214 1214 1214 1214 1210 1210 1210 1206 1206 1206 1202 1202 1202 0
    1264 1264 1259 1259 1259 1259 1255 1255 1255 1255 1255 1250 1250
    1250 1250 1255 1250 1250 1245 1245 1245 1245 1245 1245 1245 1241
    1241 1241 1241 1236 1236 1232 1232 1232 1232 1232 1232 1232 1227
    1227 1227 1227 1223 1223 1223 1223 1223 1223 1223 1223 1223 1223
    1223 1223 1219 1219 1219 1214 1214 1214 1214 1214 1214 1214 1214
    1214 1214 1214 1214 1214 1210 1210 1210 1210 1206 1206 1206 0 0 1264
    1259 1259 1259 1259 1255 1255 1255 1255 1255 1255 1255 1255 1250
    1250 1250 1250 1245 1245 1245 1245 1245 1241 1241 1241 1241 1241
    1241 1236 1236 1236 1232 1232 1232 1227 1227 1227 1227 1227 1227
    1227 1223 1223 1223 1223 1223 1223 1223 1223 1223 1223 1223 1223
    1223 1223 1219 1214 1214 1219 1219 1214 1214 1214 1214 1214 1214
    1214 1214 1214 1214 1214 1214 1210 1206 1206 1206 0 0 1264 1259 1259
    1259 1259 1259 1255 1255 1255 1255 1255 1255 1255 1250 1250 1250
    1250 1250 1245 1245 1245 1245 1241 1241 1241 1241 1241 1241 1241
    1241 1236 1232 1232 1232 1227 1227 1227 1227 1227 1227 1227 1227
    1223 1223 1223 1223 1223 1223 1223 1223 1223 1223 1223 1223 1223
    1219 1219 1219 1219 1219 1214 1214 1219 1219 1214 1214 1214 1214
    1214 1214 1214 1214 1210 1210 1206 1206 0 1268 1264 1264 1259 1259
    1259 1259 1255 1255 1255 1255 1255 1255 1255 1250 1245 1245 1250
    1250 1245 1245 1245 1245 1245 1245 1245 1241 1241 1241 1241 1241
    1236 1236 1232 1232 1232 1232 1232 1227 1227 1227 1227 1227 1227
    1227 1227 1227 1227 1223 1223 1223 1223 1223 1223 1223 1223 1219
    1219 1219 1219 1219 1214 1214 1219 1219 1219 1214 1214 1214 1214
    1214 1214 1214 1210 1210 1210 1210 0 1268 1264 1264 1259 1259 1259
    1259 1259 1255 1255 1255 1255 1255 1255 1250 1245 1245 1250 1250
    1245 1245 1245 1245 1245 1245 1245 1241 1241 1241 1241 1241 1236
    1236 1236 1232 1232 1232 1232 1227 1227 1227 1227 1227 1227 1227
    1227 1227 1227 1223 1223 1223 1223 1223 1223 1223 1223 1219 1219
    1219 1219 1219 1214 1214 1219 1219 1219 1214 1214 1214 1214 1214
    1214 1214 1210 1210 1210 1210 0 1268 1264 1264 1259 1259 1259 1259
    1259 1259 1259 1259 1255 1255 1255 1250 1250 1250 1250 1250 1250
    1250 1250 1245 1245 1245 1245 1245 1245 1241 1241 1241 1241 1236
    1236 1236 1236 1236 1232 1232 1232 1232 1232 1232 1227 1227 1227
    1227 1227 1227 1223 1223 1223 1223 1223 1223 1223 1223 1223 1219
    1219 1219 1219 1219 1219 1219 1219 1219 1214 1214 1219 1219 1219
    1214 1214 1210 1210 1210 0 1273 1268 1264 1259 1259 1259 1259 1259
    1259 1259 1259 1259 1255 1255 1255 1255 1250 1250 1250 1250 1250
    1250 1250 1250 1245 1245 1245 1245 1241 1241 1241 1241 1241 1236
    1236 1236 1236 1232 1232 1232 1232 1232 1232 1227 1227 1227 1227
    1227 1227 1227 1223 1223 1223 1223 1223 1223 1223 1223 1219 1219
    1219 1219 1219 1219 1219 1219 1219 1219 1219 1219 1219 1219 1214
    1214 1210 1210 1210 1278 1273 1273 1264 1259 1259 1264 1264 1259
