<?xml version="1.0"?>
<opencv_storage>
<Depth17867 type_id="opencv-matrix">
  <rows>67</rows>
  <cols>50</cols>
  <dt>w</dt>
  <data>
    3994 3994 3994 4041 4041 4041 4041 1489 1470 1464 1464 1470 1470
    1477 4041 4041 1421 1421 1421 1415 1415 1427 1427 3903 3903 3903
    3903 3948 3948 3948 3859 3859 3859 3859 3816 3816 3816 3816 3774
    3732 3732 3692 3692 3692 3692 3692 3653 3653 3653 3614 3994 3994
    3994 4041 4041 4041 1483 1477 1464 1464 1464 1470 1470 1470 1470
    1470 1421 1421 1415 1415 1415 1427 1427 3903 3903 3903 3903 3948
    3903 3859 3816 3816 3859 3816 3774 3774 3774 3732 3692 3692 3732
    3732 3692 3692 3692 3692 3653 3653 3653 3653 3994 3994 3994 4041
    4041 4089 1477 1470 1464 1458 1458 1464 1458 1458 1452 1427 1421
    1415 1415 1410 1410 1415 1421 1421 1421 3994 3948 3948 1523 1523
    1523 1543 3859 3816 3732 3692 3692 3692 3692 3692 3692 3692 3692
    3692 3692 3732 3692 3653 3653 3653 3994 3994 3994 3994 3994 1477
    1470 1470 1464 1458 1458 1452 1445 1439 1427 1421 1421 1415 1415
    1410 1410 1415 1421 1421 1433 1433 1439 1439 1523 1523 1523 1458
    1458 1464 1464 1470 1470 1470 1477 1477 1477 1496 1516 1516 1516
    1516 1516 1516 3653 3653 3994 3994 3994 3994 3994 1477 1470 1464
    1464 1458 1458 1452 1439 1433 1427 1421 1421 1415 1410 1410 1410
    1410 1415 1421 1427 1433 1433 1439 1445 1452 1458 1458 1458 1464
    1464 1470 1470 1470 1477 1477 1489 1496 1503 1516 1516 1516 1516
    1516 1523 1523 3994 3994 3994 3994 1477 1477 1470 1464 1464 1458
    1452 1445 1439 1433 1427 1421 1421 1415 1410 1410 1410 1410 1415
    1421 1427 1427 1433 1439 1445 1445 1452 1458 1458 1464 1464 1470
    1470 1477 1477 1477 1489 1496 1503 1509 1516 1516 1516 1523 1523
    1523 3994 3994 3994 3994 1477 1477 1470 1464 1464 1458 1452 1445
    1439 1433 1427 1421 1421 1415 1415 1415 1415 1415 1415 1421 1427
    1427 1433 1439 1445 1445 1452 1458 1464 1464 1470 1470 1470 1477
    1483 1489 1489 1496 1503 1509 1509 1516 1516 1523 1523 1529 3994
    3994 3994 3994 1477 1477 1470 1464 1464 1458 1458 1445 1439 1439
    1427 1421 1415 1410 1410 1415 1415 1421 1421 1421 1427 1433 1439
    1439 1445 1445 1452 1464 1464 1464 1470 1470 1477 1477 1483 1489
    1496 1496 1503 1509 1509 1516 1523 1529 1529 1536 3994 3994 3994
    3994 1483 1477 1470 1464 1464 1458 1458 1452 1445 1439 1433 1421
    1415 1410 1410 1415 1415 1421 1421 1421 1427 1433 1439 1445 1445
    1445 1452 1464 1464 1470 1470 1470 1477 1483 1489 1496 1496 1496
    1503 1509 1516 1516 1523 1529 1536 1536 4041 4041 4041 1483 1483
    1483 1477 1470 1464 1458 1458 1452 1445 1439 1433 1427 1421 1415
    1415 1415 1421 1421 1421 1421 1433 1439 1439 1445 1445 1445 1458
    1464 1470 1470 1470 1477 1477 1483 1489 1496 1496 1503 1509 1509
    1516 1523 1523 1529 1529 1529 4041 4041 4041 1489 1489 1489 1483
    1470 1464 1458 1458 1452 1445 1439 1433 1421 1415 1415 1415 1415
    1421 1421 1421 1427 1439 1439 1445 1445 1445 1452 1458 1464 1470
    1470 1477 1477 1477 1483 1489 1496 1496 1503 1509 1516 1516 1523
    1523 1529 1529 1529 4041 4041 4041 1489 1489 1489 1483 1477 1464
    1458 1458 1458 1445 1439 1433 1421 1415 1415 1415 1415 1421 1421
    1421 1433 1439 1439 1445 1445 1445 1452 1458 1464 1470 1470 1477
    1477 1477 1483 1489 1496 1496 1503 1509 1516 1516 1523 1523 1529
    1523 1523 4041 4041 4041 1489 1489 1489 1483 1477 1464 1464 1464
    1458 1445 1439 1433 1421 1415 1415 1415 1421 1421 1421 1421 1433
    1439 1439 1445 1445 1445 1452 1464 1470 1470 1470 1477 1477 1483
    1483 1489 1496 1503 1503 1509 1516 1523 1523 1523 1529 1523 1523
    4041 4041 4041 1489 1489 1489 1483 1477 1464 1464 1464 1452 1445
    1439 1433 1421 1415 1415 1415 1421 1421 1427 1427 1439 1439 1445
    1445 1452 1452 1458 1464 1470 1470 1477 1477 1483 1483 1489 1489
    1503 1503 1509 1516 1516 1523 1529 1529 1529 1523 1523 3994 3994
    3994 1489 1489 1489 1489 1483 1470 1464 1464 1452 1445 1445 1433
    1421 1421 1421 1421 1421 1421 1427 1433 1439 1445 1445 1452 1458
    1458 1464 1464 1470 1477 1483 1483 1483 1489 1489 1496 1503 1509
    1509 1516 1516 1529 1529 1529 1529 1529 1529 3994 3994 3994 1496
    1496 1489 1489 1483 1470 1464 1464 1452 1445 1445 1439 1427 1421
    1421 1421 1421 1421 1433 1439 1439 1445 1452 1458 1458 1464 1464
    1470 1470 1477 1483 1489 1489 1496 1496 1503 1509 1516 1516 1516
    1523 1529 1529 1529 1529 1529 1529 4041 4041 4139 1496 1496 1489
    1489 1483 1470 1464 1464 1458 1445 1445 1439 1427 1421 1421 1421
    1421 1421 1433 1439 1439 1445 1452 1458 1464 1464 1470 1470 1477
    1483 1483 1489 1496 1496 1496 1509 1516 1516 1516 1523 1523 1529
    1536 1536 1536 1536 1536 4089 4139 4139 1496 1496 1489 1489 1483
    1470 1464 1464 1458 1445 1439 1439 1433 1427 1421 1421 1427 1427
    1433 1439 1439 1445 1445 1458 1464 1464 1470 1470 1477 1483 1483
    1489 1496 1496 1503 1509 1516 1516 1523 1523 1529 1536 1536 1536
    1536 1536 1536 4139 4139 4139 1496 1496 1496 1489 1483 1470 1464
    1464 1458 1452 1439 1439 1433 1427 1427 1427 1427 1433 1439 1439
    1445 1445 1445 1458 1464 1464 1470 1470 1483 1483 1489 1496 1496
    1496 1503 1509 1516 1516 1523 1523 1529 1536 1536 1543 1543 1550
    1550 4041 4089 4089 1503 1503 1496 1489 1483 1477 1464 1464 1458
    1452 1445 1439 1433 1427 1427 1427 1433 1433 1439 1445 1445 1445
    1452 1458 1464 1464 1470 1477 1483 1483 1483 1496 1496 1503 1503
    1516 1516 1516 1523 1529 1536 1536 1543 1543 1543 1543 3653 4041
    4089 4089 0 1503 1503 1489 1489 1477 1464 1464 1464 1452 1445 1439
    1439 1427 1427 1427 1433 1439 1439 1445 1445 1452 1452 1458 1464
    1464 1470 1477 1483 1483 1483 1496 1496 1503 1503 1516 1516 1516
    1523 1523 1536 1543 1543 1543 1543 1543 3653 4041 4041 4041 1516
    1503 1503 1489 1483 1483 1470 1470 1464 1458 1445 1439 1439 1427
    1427 1427 1433 1439 1439 1445 1445 1452 1458 1464 1464 1470 1477
    1483 1483 1489 1489 1496 1496 1509 1509 1516 1516 1523 1523 1523
    1536 1543 1543 1543 1543 1543 3653 4089 4089 0 1516 1516 1503 1489
    1483 1483 1470 1470 1464 1458 1452 1439 1433 1433 1433 1433 1433
    1439 1445 1445 1452 1458 1464 1464 1464 1464 1477 1483 1489 1489
    1489 1496 1496 1509 1509 1516 1516 1523 1523 1523 1543 1543 1543
    1543 1543 1543 3653 4139 4139 0 1516 1516 1509 1489 1489 1483 1470
    1470 1464 1458 1445 1439 1433 1433 1433 1433 1433 1439 1445 1445
    1452 1464 1464 1464 1464 1464 1477 1483 1489 1489 1496 1496 1496
    1509 1516 1516 1523 1523 1529 1529 1543 1543 1550 1543 1543 1543
    3653 4139 4139 1516 1516 1516 1509 1489 1489 1483 1470 1470 1464
    1458 1445 1439 1433 1433 1433 1439 1439 1439 1445 1445 1458 1464
    1464 1464 1464 1470 1477 1489 1489 1489 1496 1496 1496 1509 1516
    1516 1523 1523 1529 1536 1543 1543 1550 1550 1550 1550 3653 4041 0 0
    1516 1516 1509 1496 1489 1483 1470 1470 1464 1458 1452 1439 1433
    1433 1439 1439 1439 1445 1445 1452 1458 1464 1464 1470 1470 1470
    1477 1489 1489 1496 1496 1503 1503 1509 1516 1523 1523 1523 1529
    1543 1543 1543 1550 1550 1550 1550 3732 3994 3994 1516 1516 1516
    1509 1496 1489 1483 1470 1470 1464 1458 1452 1445 1439 1439 1439
    1439 1439 1445 1452 1458 1464 1464 1464 1470 1470 1470 1483 1489
    1489 1496 1496 1503 1509 1516 1516 1523 1523 1529 1529 1543 1543
    1550 1550 1557 1557 3692 3692 3994 3994 1516 1516 1516 1509 1496
    1489 1483 1477 1477 1464 1458 1452 1445 1439 1439 1439 1439 1445
    1452 1452 1458 1464 1464 1470 1470 1470 1477 1483 1489 1489 1496
    1503 1503 1509 1516 1516 1523 1523 1529 1529 1543 1543 1550 1550
    1557 1557 3692 3692 3994 3994 1516 1516 1516 1509 1496 1489 1483
    1477 1470 1464 1458 1452 1445 1439 1439 1439 1445 1445 1452 1452
    1464 1464 1464 1470 1470 1477 1477 1483 1489 1489 1496 1503 1509
    1516 1516 1523 1523 1529 1529 1536 1543 1550 1550 1550 1557 1557
    3692 3692 4041 4041 1536 1516 1516 1509 1496 1489 1483 1477 1470
    1464 1458 1452 1445 1439 1439 1439 1445 1445 1452 1458 1464 1464
