<?xml version="1.0"?>
<opencv_storage>
<Depth6886 type_id="opencv-matrix">
  <rows>103</rows>
  <cols>74</cols>
  <dt>w</dt>
  <data>
    0 0 0 0 0 0 0 0 0 0 3238 3238 3269 3269 3300 3300 3300 3300 3269
    3269 3269 3269 3333 3333 3399 3399 0 0 0 0 0 0 0 3433 3433 3468 3468
    3433 3433 3399 3399 3365 3365 3399 3399 3399 3433 3433 3433 3433 992
    992 992 992 992 992 0 989 0 0 0 998 998 995 995 0 0 0 0 0 0 0 0 0 0
    0 0 0 0 0 0 0 0 0 0 0 981 3300 3300 3300 3300 3238 3238 3269 3269
    3300 3333 3333 3399 984 984 984 984 0 0 0 0 3399 3399 3433 3433 3399
    989 989 992 992 987 987 987 989 989 987 987 989 989 992 992 992 989
    989 989 989 992 995 995 995 995 995 995 995 995 995 995 998 0 0 0 0
    0 0 0 0 0 0 0 0 0 0 0 0 981 0 981 3238 3238 3238 3238 3269 3269 3269
    3300 978 978 984 984 981 981 981 984 0 984 981 981 984 984 987 987
    987 992 989 987 987 987 987 987 987 987 989 989 992 992 992 989 989
    989 989 992 992 992 992 992 995 995 995 995 995 995 995 0 0 0 0 0 0
    0 0 0 0 0 0 0 978 978 981 981 981 981 981 984 3269 3269 3269 981 981
    981 978 978 984 981 981 981 981 981 984 984 981 981 981 984 984 987
    987 989 989 989 987 987 987 987 989 989 989 989 989 989 989 989 987
    987 989 989 989 989 989 989 992 992 992 992 992 992 995 0 0 0 0 0 0
    0 0 0 0 0 0 975 975 978 978 978 981 981 981 984 984 981 981 981 981
    981 981 984 984 981 981 981 981 981 984 984 981 981 981 984 984 984
    984 987 987 987 987 989 987 987 989 989 989 989 989 989 989 989 987
    987 989 989 987 987 987 989 989 992 989 989 989 992 992 0 0 0 0 0 0
    0 0 981 981 978 978 975 975 978 978 978 981 978 978 981 981 981 981
    981 981 981 981 984 984 984 981 981 981 981 981 981 981 981 981 981
    981 981 984 987 987 987 987 987 987 987 987 987 987 987 987 987 987
    987 989 989 987 987 987 987 987 987 987 989 989 989 989 989 992 0 0
    0 0 0 0 0 978 978 981 978 978 978 978 978 978 978 981 978 978 978
    978 978 981 981 981 981 981 981 981 981 981 981 981 981 981 981 981
    981 981 981 981 981 981 987 987 987 987 987 987 987 987 987 987 987
    987 987 987 987 987 989 987 987 987 987 987 987 987 987 987 987 987
    989 992 998 0 0 0 0 0 970 970 975 978 978 978 975 975 975 975 975
    978 978 978 975 975 975 978 981 981 978 978 981 981 981 981 978 978
    978 978 978 978 981 981 981 981 981 981 984 984 984 984 984 984 984
    984 984 984 984 984 984 984 984 987 987 987 987 987 987 987 987 987
    987 987 987 987 987 992 998 0 0 0 0 0 964 964 973 973 973 973 975
    975 975 975 975 975 978 975 973 973 975 978 978 981 978 978 981 981
    981 981 978 978 978 978 978 978 978 981 981 981 981 981 984 984 984
    984 984 984 984 984 984 984 984 984 984 984 984 984 984 987 987 987
    984 984 984 984 984 984 984 987 987 989 992 0 0 0 0 0 964 964 973
    973 973 973 973 973 973 973 973 975 978 975 973 973 973 975 975 978
    978 978 978 978 978 978 975 975 975 975 975 978 978 981 981 981 978
    978 981 981 981 981 984 984 984 984 984 984 984 984 984 984 984 984
    984 984 984 984 984 984 981 981 984 984 984 987 987 987 989 0 0 0 0
    0 0 973 973 973 973 973 973 973 973 970 970 973 973 973 973 973 973
    975 975 975 975 975 975 975 975 975 975 975 975 975 975 975 975 978
    981 981 978 978 978 978 978 978 981 981 981 981 981 981 981 981 981
    981 981 981 984 984 984 984 984 981 981 981 981 981 981 984 984 987
    987 0 0 0 0 0 0 973 970 970 973 973 970 970 970 970 970 970 970 973
    973 973 973 970 970 973 973 973 973 973 975 975 975 975 975 975 975
    975 975 975 978 978 975 975 975 975 975 975 978 978 978 981 978 978
    981 981 978 978 981 981 981 981 981 981 981 981 978 978 978 978 981
    981 984 987 987 0 0 0 0 0 0 970 970 970 970 970 970 970 970 970 970
    970 970 973 973 970 970 970 970 973 973 973 973 973 973 973 973 973
    973 973 973 973 973 975 973 973 973 973 975 975 975 975 975 975 978
    978 978 978 978 978 978 978 978 978 978 978 978 981 978 978 978 975
    975 978 978 981 981 987 987 0 0 0 0 0 0 970 970 970 970 970 970 970
    970 970 970 970 970 970 970 970 970 970 970 970 970 970 970 970 973
    970 970 970 970 973 973 973 973 973 973 973 973 973 975 973 973 975
    975 975 975 975 975 975 978 975 975 975 975 975 978 978 978 978 978
    978 978 975 975 975 978 978 981 984 987 0 0 0 0 0 0 970 970 970 970
    970 967 967 967 967 970 970 970 970 970 970 970 970 970 970 970 970
    970 970 970 970 970 970 970 970 970 970 970 973 973 973 973 973 973
    973 973 973 975 975 975 975 975 975 978 975 975 975 975 975 975 975
    975 975 975 975 975 975 975 975 975 975 978 984 987 1004 0 0 0 0 0
    964 964 967 967 967 967 967 967 967 967 967 967 967 967 967 967 970
    970 970 970 970 970 970 970 970 970 970 970 970 970 970 970 970 970
    970 970 970 973 973 973 973 973 973 973 975 975 975 975 975 975 975
    975 975 975 975 975 975 975 973 973 973 973 975 975 975 975 978 984
    1004 1010 0 0 0 967 964 964 964 964 964 964 964 967 967 967 967 967
    967 967 967 967 967 967 967 967 967 967 967 967 967 967 970 970 970
    967 967 967 967 967 967 967 970 973 973 973 973 973 973 973 973 973
    973 973 973 973 973 973 973 973 975 975 975 973 973 973 973 973 973
    975 975 975 978 981 1010 1010 1010 0 0 962 962 962 962 962 962 962
    962 964 964 964 964 964 967 967 967 967 967 967 964 964 964 964 964
    964 964 967 967 967 967 967 967 967 967 967 967 967 967 970 970 970
    970 970 970 970 973 973 973 973 973 973 973 973 973 973 973 973 973
    973 970 970 973 973 973 975 975 975 978 978 1010 1010 1010 0 959 959
    962 962 962 962 962 962 962 962 962 964 964 964 964 967 967 967 964
    964 962 962 964 964 964 964 964 967 967 964 964 964 964 964 964 964
    964 964 964 967 967 967 967 967 967 967 967 967 970 970 970 970 973
    973 973 973 973 973 973 973 970 970 970 970 970 973 973 975 978 978
    1010 1013 0 0 959 959 962 962 962 962 962 962 962 962 962 962 962
    962 962 962 962 962 964 964 962 962 962 962 962 962 962 962 962 964
    964 962 962 962 962 962 964 964 964 967 964 964 964 964 964 967 967
    967 964 964 967 967 970 967 967 967 970 970 970 970 970 967 967 967
    967 970 973 973 975 0 0 0 0 0 0 962 962 962 962 962 962 959 959 959
    959 962 962 962 962 962 962 962 962 962 962 962 962 962 962 962 962
    962 962 962 962 962 962 962 962 962 962 964 964 967 964 964 964 964
    964 967 964 964 964 964 964 967 967 964 964 964 967 964 964 964 964
    964 967 967 967 967 970 970 975 0 0 0 0 0 0 962 962 962 962 959 959
    959 959 959 959 959 959 959 959 959 959 959 959 959 962 962 962 962
    962 962 962 962 962 962 962 959 959 959 959 959 962 962 962 964 964
    964 964 964 964 964 964 964 964 964 964 964 964 964 964 964 964 964
    964 964 964 964 964 964 964 964 964 967 970 0 0 0 0 0 0 959 959 959
    959 959 959 959 959 959 959 959 959 959 959 959 959 959 959 959 959
    962 959 959 959 959 959 959 959 959 959 959 959 959 959 959 962 962
    962 964 962 962 964 964 964 964 964 964 964 964 964 964 964 964 964
    964 964 964 964 964 964 964 964 964 964 964 964 964 964 0 0 0 0 0 0
    956 956 956 956 956 956 959 956 956 959 959 959 956 956 959 956 956
    956 956 956 959 959 959 959 959 959 959 959 959 959 959 959 959 959
    959 959 962 962 962 962 962 962 962 962 962 962 962 962 962 964 964
    964 964 962 962 962 962 962 962 962 964 964 964 962 962 964 964 964
    0 0 0 0 0 0 954 954 954 954 954 956 956 956 956 956 956 956 956 956
    956 956 956 956 956 956 956 956 959 959 959 959 956 956 959 959 959
    959 959 959 959 959 959 959 959 959 959 959 959 959 962 962 962 962
    962 962 964 964 962 962 962 962 962 962 962 962 962 962 962 962 962
    964 964 964 0 0 0 0 0 0 951 951 951 951 954 954 954 954 956 956 954
    954 954 954 954 954 954 956 956 956 956 956 956 956 956 956 956 956
    956 956 956 956 956 956 956 956 956 959 959 956 956 956 959 959 962
    962 962 962 962 962 962 962 962 962 962 962 962 962 962 962 962 962
    962 962 962 962 962 964 0 0 0 0 0 0 951 951 951 951 951 951 954 954
