<?xml version="1.0"?>
<opencv_storage>
<Depth5613 type_id="opencv-matrix">
  <rows>74</rows>
  <cols>32</cols>
  <dt>w</dt>
  <data>
    4842 4911 4911 4911 4911 4911 4911 4911 4911 4911 1343 1338 1338
    1338 1338 1343 1343 1343 1343 1349 1349 5132 5132 5132 5132 5132
    1365 1365 1365 5132 5132 5291 4842 4842 4842 4911 4911 4911 4911
    4911 4911 1349 1343 1338 1338 1338 1343 1343 1343 1343 1343 1349
    1343 1343 1343 5132 5132 1365 1365 1359 1354 1354 5132 5132 4842
    4842 4842 4911 4911 4911 4983 1365 1365 1349 1343 1333 1333 1333
    1338 1338 1343 1343 1343 1343 1343 1343 1343 1343 1343 1354 1354
    1359 1349 1349 1349 1349 4842 4842 4842 4842 4842 1365 0 1365 1365
    1354 1343 1333 1328 1328 1328 1333 1338 1338 1338 1343 1343 1343
    1343 1343 1343 1349 1349 1349 1349 1349 1343 1343 4774 4774 0 4774 0
    0 0 1370 1359 1349 1338 1322 1322 1328 1328 1328 1333 1338 1338 1343
    1343 1343 1343 1343 1343 1343 1349 1349 1349 1349 1343 1343 4774
    4774 0 0 0 0 0 1359 1359 1343 1338 1322 1322 1328 1328 1328 1333
    1333 1338 1338 1343 1343 1343 1343 1343 1343 1343 1349 1349 1343
    1343 1343 4774 0 0 0 0 0 0 1359 1359 1343 1333 1328 1328 1328 1328
    1328 1328 1333 1333 1338 1338 1338 1343 1343 1343 1343 1343 1343
    1343 1343 1343 1343 4774 0 0 0 0 0 0 1365 1349 1333 1328 1322 1322
    1322 1322 1328 1328 1328 1328 1328 1333 1333 1343 1343 1343 1338
    1338 1343 1343 1343 1343 1343 0 0 0 0 0 0 1376 1365 1349 1333 1328
    1322 1322 1322 1322 1328 1328 1328 1328 1328 1328 1333 1333 1338
    1343 1338 1338 1343 1343 1343 1343 0 0 0 0 0 0 1387 1376 1370 1349
    1333 1328 1322 1322 1322 1322 1322 1328 1328 1328 1328 1328 1328
    1328 1338 1338 1343 1343 1343 1343 1343 1343 0 0 0 0 0 0 1387 1381
    1370 1343 1333 1322 1322 1322 1322 1322 1322 1322 1328 1328 1328
    1328 1328 1328 1338 1338 1338 1343 1343 1343 1343 1349 0 0 0 0 0 0
    1392 1392 1370 1343 1328 1322 1322 1322 1322 1322 1322 1322 1322
    1322 1328 1328 1328 1328 1333 1338 1338 1343 1343 1343 1343 1349
    1349 0 0 0 0 0 0 0 1349 1343 1328 1317 1317 1322 1322 1322 1322 1322
    1322 1322 1328 1328 1328 1328 1328 1333 1338 1338 1338 1343 1343
    1349 0 0 0 0 0 0 0 0 1349 1333 1322 1312 1312 1317 1317 1317 1317
    1322 1322 1322 1328 1328 1328 1328 1328 1328 1333 1333 1333 1333
    1333 1343 0 0 0 0 0 0 0 0 0 1328 1322 1312 1312 1312 1317 1317 1317
    1317 1317 1322 1322 1322 1322 1328 1328 1328 1328 1333 1333 1333
    1333 1343 0 0 0 0 0 0 0 0 1333 1328 1322 1312 1312 1312 1317 1317
    1317 1317 1317 1322 1322 1322 1322 1322 1328 1328 1328 1328 1328
    1328 1328 0 0 0 0 0 0 0 0 0 1333 1333 1307 1307 1307 1312 1312 1312
    1317 1317 1317 1322 1322 1322 1322 1322 1328 1328 1328 1328 1328
    1328 1328 0 0 0 0 0 1452 1452 1452 1370 1354 1333 1307 1307 1307
    1307 1312 1312 1312 1317 1317 1322 1322 1322 1322 1322 1322 1328
    1328 1328 1328 1322 1322 0 0 0 1489 1470 1452 1439 1439 1359 1338
    1328 1307 1307 1307 1307 1307 1307 1312 1317 1317 1317 1322 1322
    1322 1322 1322 1322 1322 1322 1322 1322 1322 1322 0 1489 1489 1470
    1452 1439 1376 1359 1322 1307 1302 1302 1302 1307 1307 1307 1312
    1317 1317 1317 1317 1317 1317 1317 1322 1322 1322 1322 1322 1322
    1322 0 0 1483 1483 1470 1452 1439 1376 1359 1317 1307 1302 1302 1302
    1302 1307 1307 1307 1312 1312 1312 1317 1317 1317 1317 1322 1322
    1322 1322 1322 1322 1322 0 0 1483 1483 1458 1439 1439 1370 1349 1312
    1302 1302 1302 1302 1302 1307 1307 1307 1307 1312 1312 1312 1317
    1317 1317 1317 1322 1322 1322 1322 1322 1322 0 0 1483 1483 1458 1439
    1439 1370 1349 1312 1302 1302 1302 1302 1302 1307 1307 1307 1307
    1307 1307 1312 1312 1317 1317 1317 1317 1317 1317 1317 1322 1322 0 0
    1489 1470 1458 1439 1439 1439 1317 1317 1302 1302 1302 1302 1302
    1302 1307 1307 1307 1307 1307 1307 1312 1312 1312 1312 1312 1317
    1317 1317 1322 0 0 0 1489 1470 1470 1439 1439 1439 1312 1312 1302
    1302 1302 1302 1302 1302 1302 1307 1307 1307 1307 1307 1307 1307
    1312 1312 1312 1317 1317 1317 1317 0 0 0 1489 1470 1470 1470 1470
    1328 1328 1312 1302 1302 1302 1302 1302 1302 1302 1302 1302 1307
    1307 1307 1307 1307 1307 1312 1312 1312 1317 1317 1317 0 0 0 1489
    1470 1470 1470 1354 1328 1328 1312 1297 1297 1297 1297 1302 1302
    1302 1302 1302 1307 1307 1307 1307 1307 1307 1312 1312 1312 1317
    1317 1317 1317 0 0 1483 1483 0 0 0 1354 1328 1302 1297 1297 1297
    1297 1297 1302 1302 1302 1302 1302 1302 1302 1307 1307 1307 1307
    1312 1312 1312 1312 1312 0 0 0 1483 1483 0 0 0 1354 1354 1292 1292
    1292 1292 1292 1297 1302 1302 1302 1302 1302 1302 1302 1307 1307
    1307 1307 1307 1307 1307 1307 1312 0 0 0 0 0 0 0 0 1349 1349 1292
    1292 1292 1292 1292 1297 1297 1302 1302 1302 1302 1302 1302 1302
    1302 1302 1307 1307 1307 1307 1307 1312 0 0 0 0 0 0 0 0 1349 1292
    1292 1288 1288 1288 1292 1292 1292 1297 1297 1297 1302 1302 1302
    1302 1302 1302 1307 1307 1307 1307 1307 1317 0 0 0 0 0 0 0 0 0 1292
    1288 1288 1288 1288 1288 1288 1292 1292 1292 1292 1297 1297 1302
    1302 1302 1302 1302 1307 1307 1307 1307 1307 0 0 0 0 0 0 0 0 1328
    1292 1288 1288 1288 1288 1288 1288 1292 1292 1292 1292 1297 1297
    1297 1302 1302 1302 1302 1302 1307 1307 1307 1307 0 0 0 0 0 0 0 0
    1328 1288 1288 1283 1283 1288 1292 1292 1288 1288 1288 1292 1292
    1292 1297 1297 1297 1302 1302 1302 1307 1307 1302 1302 1302 0 5132 0
    0 0 0 0 1292 1288 1283 1283 1283 1288 1292 1288 1288 1288 1288 1288
    1292 1292 1292 1292 1297 1297 1302 1302 1302 1302 1302 1302 1302 0
    5132 0 0 0 0 0 1288 1283 1283 1283 1283 1288 1288 1288 1288 1288
    1288 1288 1292 1292 1292 1292 1297 1297 1297 1297 1302 1302 1302
    1302 1302 0 5132 0 0 0 0 0 1288 1283 1283 1283 1283 1283 1283 1283
    1288 1288 1288 1288 1288 1292 1292 1292 1297 1297 1297 1297 1302
    1302 1302 1302 1302 0 5132 0 0 0 0 1292 1288 1283 1283 1283 1283
    1283 1283 1283 1283 1283 1283 1288 1288 1292 1292 1297 1292 1292
    1292 1297 1297 1302 1302 1302 1302 5132 5132 0 0 0 0 1292 1288 1283
    1278 1278 1278 1278 1283 1283 1283 1283 1283 1283 1288 1288 1288
    1292 1292 1292 1292 1297 1297 1302 1302 1302 1302 5132 5132 0 0 0 0
    0 1288 1283 1278 1278 1278 1278 1283 1283 1283 1283 1283 1283 1288
    1288 1288 1288 1292 1292 1292 1292 1297 1302 1302 1302 0 5132 5132 0
    0 0 0 0 1283 1278 1278 1273 1273 1273 1278 1278 1283 1283 1283 1283
    1283 1283 1288 1288 1288 1288 1288 1292 1297 1302 1302 1302 0 5132
    5132 0 0 0 1333 1288 1278 1273 1268 1268 1273 1273 1278 1278 1278
    1283 1283 1283 1283 1283 1288 1288 1288 1288 1288 1292 1297 1297
    1297 1297 0 5132 5132 0 0 0 1292 1288 1278 1268 1268 1268 1268 1268
    1273 1273 1278 1283 1283 1283 1283 1283 1288 1288 1288 1288 1288
    1288 1292 1292 1292 0 0 0 5132 0 0 0 1292 1283 1273 1268 1268 1268
    1268 1268 1273 1273 1273 1278 1278 1283 1283 1283 1283 1283 1283
    1283 1283 1288 1288 1288 1288 0 0 0 5210 0 0 0 1292 1278 1273 1268
    1268 1268 1268 1268 1268 1268 1268 1273 1278 1278 1283 1283 1283
    1283 1283 1283 1283 1288 1288 1288 1288 1288 0 5210 5210 0 0 0 1292
    1278 1273 1268 1268 1268 1268 1264 1264 1268 1268 1273 1278 1278
    1278 1283 1283 1283 1283 1283 1283 1288 1288 1283 1283 1283 0 5132
    5132 0 0 0 0 1273 1268 1268 1264 1264 1268 1264 1264 1268 1268 1273
    1273 1273 1273 1278 1283 1283 1283 1283 1283 1288 1288 1283 1283 0 0
    5056 5056 0 0 0 0 1273 1268 1268 1264 1264 1268 1268 1268 1268 1268
    1273 1273 1273 1273 1278 1283 1283 1283 1283 1288 1288 1283 1278
    1278 0 4983 5056 5056 0 0 0 1288 1273 1268 1268 1268 1264 1264 1268
    1268 1268 1268 1268 1268 1268 1273 1278 1283 1283 1283 1283 1283
    1283 1283 1278 1278 0 4983 4983 4983 0 0 1317 1288 1273 1264 1259
    1259 1264 1264 1268 1268 1268 1268 1268 1268 1268 1273 1278 1278
    1278 1278 1278 1283 1283 1283 1273 1273 1273 4983 4983 4983 0 0 1307
    1288 1268 1264 1259 1259 1264 1264 1268 1268 1268 1268 1268 1268
    1268 1273 1278 1278 1273 1273 1278 1283 1283 1283 1273 1273 1273
