<?xml version="1.0"?>
<opencv_storage>
<Depth5292 type_id="opencv-matrix">
  <rows>41</rows>
  <cols>24</cols>
  <dt>w</dt>
  <data>
    4842 4842 4842 4911 2485 2467 2467 2467 5132 5210 2415 2398 2398
    2398 2398 2398 2398 2398 2398 2398 2398 2398 2398 2398 4842 4842
    4842 4911 2485 2467 2467 2467 2467 2415 2398 2398 2398 2398 2398
    2398 2398 2398 2398 2398 2398 2398 2398 2398 4911 4842 4842 4842
    2485 2467 2467 2467 2450 2415 2398 2398 2398 2398 2398 2398 2398
    2398 2398 2398 2398 2415 2415 2415 4911 4911 2522 2522 2485 2467
    2467 2450 2432 2415 2415 2398 2398 2381 2381 2398 2398 2398 2398
    2398 2398 2415 2415 2415 4911 2560 2541 2522 2503 2485 2467 2450
    2432 2432 2415 2398 2398 2381 2381 2381 2381 2381 2398 2398 2398
    2415 2415 2415 2560 2560 2541 2541 2522 2485 2485 2450 2415 2415
    2415 2398 2398 2381 2381 2381 2381 2381 2398 2398 2398 2415 2415
    2415 2560 2560 2541 2541 2541 2503 2485 2450 2415 2415 2398 2398
    2398 2381 2381 2381 2381 2381 2398 2398 2398 2415 2415 2415 2560
    2560 2541 2541 2522 2485 2485 2467 2415 2415 2398 2398 2398 2398
    2381 2381 2398 2398 2398 2398 2398 2398 2398 2415 2560 2560 2541
    2522 2503 2485 2467 2467 2415 2415 2398 2398 2381 2381 2381 2398
    2398 2398 2398 2398 2398 2398 2398 2415 2560 2560 2541 2522 2503
    2485 2467 2467 2415 2415 2398 2398 2381 2381 2381 2398 2398 2398
    2398 2398 2398 2398 2398 2415 2579 2560 2541 2522 2503 2485 2467
    2450 2415 2415 2398 2381 2365 2365 2381 2381 2398 2398 2398 2398
    2398 2398 2415 2415 2560 2560 2541 2522 2503 2485 2467 2450 2432
    2415 2398 2381 2365 2365 2381 2381 2398 2398 2398 2398 2398 2398
    2398 2398 2560 2541 2541 2522 2503 2485 2467 2450 2432 2415 2398
    2381 2381 2381 2381 2381 2398 2398 2398 2398 2398 2398 2398 2398
    2560 2541 2522 2522 2503 2485 2467 2450 2432 2415 2398 2381 2381
    2381 2381 2381 2398 2398 2398 2398 2398 2398 2398 2398 2560 2541
    2522 2522 2503 2485 2485 2450 2432 2415 2398 2381 2381 2381 2381
    2381 2381 2398 2398 2398 2398 2398 2398 2398 2560 2541 2541 2522
    2503 2503 2467 2450 2432 2415 2398 2381 2381 2381 2381 2381 2381
    2381 2381 2398 2398 2398 2398 2398 4911 2541 2541 2522 2522 2503
    2467 2450 2415 2415 2398 2381 2381 2381 2381 2381 2381 2381 2381
    2398 2398 2398 2398 2415 2560 2560 2560 2541 2522 2503 2467 2450
    2415 2415 2398 2381 2381 2381 2381 2381 2381 2398 2398 2398 2398
    2398 2398 2415 2541 2541 2560 2541 2522 2485 2467 2432 2415 2415
    2398 2398 2381 2381 2381 2381 2381 2398 2398 2398 2398 2398 2398
    2398 2541 2541 2541 2541 2522 2485 2467 2432 2415 2415 2398 2398
    2398 2381 2381 2381 2381 2381 2381 2398 2398 2398 2398 2398 2560
    2560 2541 2541 2503 2485 2467 2432 2415 2415 2398 2398 2381 2381
    2381 2381 2381 2381 2381 2398 2398 2398 2398 2398 2560 2560 2541
    2522 2503 2467 2467 2432 2415 2415 2398 2381 2365 2365 2381 2381
    2381 2398 2398 2398 2398 2398 2381 2381 2598 2560 2541 2522 2503
    2467 2467 2432 2415 2415 2398 2381 2365 2365 2381 2381 2381 2398
    2398 2398 2398 2398 2381 2381 2579 2560 2541 2522 2503 2485 2467
    2432 2415 2415 2398 2381 2381 2381 2381 2381 2381 2398 2398 2398
    2398 2398 2381 2381 2579 2560 2541 2522 2503 2467 2467 2450 2432
    2415 2398 2381 2381 2381 2381 2381 2381 2398 2398 2398 2398 2398
    2398 2398 2560 2560 2541 2522 2503 2467 2467 2450 2432 2415 2398
    2381 2381 2381 2381 2381 2381 2381 2381 2398 2398 2398 2398 2398
    2560 2560 2541 2541 2522 2485 2467 2450 2432 2415 2398 2398 2365
    2365 2365 2381 2381 2381 2381 2398 2398 2398 2398 2398 2560 2560
    2541 2541 2522 2467 2450 2450 2432 2415 2398 2398 2365 2365 2365
    2365 2381 2381 2381 2398 2398 2398 2398 2398 2560 2560 2541 2522
    2503 2467 2450 2450 2432 2415 2398 2381 2381 2365 2365 2365 2381
    2381 2381 2398 2398 2381 2381 2398 2560 2560 2541 2522 2467 2467
    2450 2432 2415 2415 2398 2381 2381 2365 2365 2365 2381 2381 2398
    2398 2398 2381 2381 2381 2560 2560 2541 2522 2467 2467 2450 2432
    2415 2415 2398 2381 2381 2365 2365 2365 2381 2381 2398 2398 2398
    2398 2398 2398 2598 2560 2541 2522 2485 2467 2450 2432 2415 2415
    2398 2381 2365 2365 2365 2381 2398 2398 2398 2398 2398 2398 2398
    2398 2598 2579 2541 2522 2503 2485 2467 2432 2432 2415 2398 2381
    2365 2365 2365 2381 2381 2398 2398 2398 2398 2398 2398 2398 2579
    2579 2541 2522 2503 2485 2467 2450 2432 2415 2398 2381 2365 2365
    2365 2381 2381 2398 2398 2398 2398 2398 2398 2398 2579 2560 2541
    2522 2503 2485 2467 2450 2450 2415 2398 2381 2365 2365 2365 2365
    2365 2381 2381 2398 2398 2398 2398 2398 2560 2560 2560 2541 2503
    2485 2467 2450 2450 2415 2398 2381 2365 2365 2365 2365 2365 2381
    2381 2398 2398 2398 2398 2398 2560 2560 2560 2541 2503 2503 2467
    2450 2432 2415 2398 2381 2349 2349 2365 2365 2365 2381 2381 2398
    2398 2398 2398 2398 2560 2560 2560 2541 2503 2503 2467 2450 2432
    2415 2398 2365 2349 2349 2349 2349 2365 2381 2381 2398 2398 2398
    2398 2398 2560 2541 2541 2522 2503 2503 2485 2450 2432 2415 2398
    2365 2349 2349 2349 2349 2381 2381 2398 2398 2398 2398 2398 2398
    2560 2541 2541 2522 2503 2485 2485 2467 2450 2415 2398 2349 2333
    2333 2349 2349 2398 2398 2398 2398 2398 2398 2398 2398 4911 2541
    2541 2503 2503 2485 2485 2485 2415 2415 2415 2349 2333 2333 2349
    2365 2398 2398 5132 2398 2398 2398 2398 5210</data></Depth5292>
</opencv_storage>
