<?xml version="1.0"?>
<opencv_storage>
<Depth10531 type_id="opencv-matrix">
  <rows>17</rows>
  <cols>12</cols>
  <dt>w</dt>
  <data>
    4349 4349 4349 4405 0 4405 0 0 3539 3539 3503 3503 4349 4349 4349
    4349 4405 4405 4349 0 3576 3576 3539 3503 4349 4295 4295 4349 4349
    4349 4349 4349 4349 3576 3576 3503 4349 4295 4295 4295 4349 4349
    4349 4349 4349 4405 2256 3468 4349 4295 4295 4295 4349 4349 4349
    4349 4405 4405 2256 2241 4349 4349 4349 4349 4349 4349 4349 4349
    4295 4295 2256 2226 4349 4349 4349 4349 4349 4349 4349 4349 4295
    4295 4295 2226 4349 4349 4349 4349 4349 4349 4349 4349 4349 4295
    4295 2226 3399 4349 4295 4295 4349 4349 4349 4349 4349 4295 4295
    2226 3399 4349 4295 4295 4349 4349 4349 4349 4349 4349 4349 4349
    3399 3399 4295 4295 4295 4295 4349 4349 4349 4349 4349 4349 3365
    3365 4295 4295 4295 4295 4295 4349 4349 4295 4295 4349 3365 3365
    4295 4295 4295 4295 4295 4349 4349 4295 4295 4295 3365 3365 4295
    4295 4295 4295 4295 4349 4349 4295 4295 4241 3365 3399 4295 4295
    4295 4295 4295 4295 4295 4295 4295 4241 3365 3399 4295 4295 4295
    4241 4241 4295 4295 4295 4295 4241 3365 3399 4295 4241 4241 4190
    4190 4241 4295 4241 4241 4241</data></Depth10531>
</opencv_storage>
