<?xml version="1.0"?>
<opencv_storage>
<Depth18620 type_id="opencv-matrix">
  <rows>81</rows>
  <cols>101</cols>
  <dt>w</dt>
  <data>
    3092 3092 3120 3120 3120 3120 3120 3120 3120 3092 3092 3092 3092
    3092 3064 3064 3064 0 3064 3037 3037 1149 1141 1141 1165 1173 1173
    1173 1173 1173 3010 3010 3037 3037 3037 3010 3010 3010 3010 3010
    3010 3010 3010 3010 3010 3010 2984 2984 2984 2984 2984 2958 2958
    2958 2958 2984 2984 3010 2984 2984 2958 2958 2984 2984 2984 2958
    2958 2958 2958 2958 2958 2958 2958 2933 2933 2933 2933 2933 2933
    2933 2933 2933 2933 2908 2908 2908 2883 2883 2883 2883 2883 2883
    2859 2859 2859 2859 2859 2835 2835 2835 2859 3092 3092 3120 3120
    3120 3120 3120 3120 3120 3092 3092 3092 3092 0 0 0 0 0 0 1138 1138
    1138 1134 1134 1149 1149 1161 1161 1161 1165 1165 1165 1165 3037
    3037 3037 3037 3010 3010 3010 3010 3010 3010 3010 3010 3010 2984
    2984 2984 2984 2984 2958 2958 2958 2958 2984 2984 2984 2958 2958
    2984 2984 2984 2958 2958 2958 2958 2958 2958 2958 2933 2933 2958
    2933 2933 2933 2933 2933 2933 2933 2933 2933 2933 2908 2908 2908
    2883 2883 2883 2883 2883 2883 2883 2883 2859 2859 2859 2835 2835
    2835 2859 3120 3120 3120 3120 3120 3120 3120 3120 3120 3092 3092
    3120 0 0 0 0 0 0 0 1126 1126 1126 1130 1130 1134 1138 1138 1149 1153
    1157 1157 1161 1161 1161 1161 3037 3037 3010 3010 3010 3010 3010
    3010 3010 3010 3010 3010 2984 2984 2984 2984 2958 2958 2958 2958
    2984 2984 2958 2958 2958 2984 2984 2984 2958 2958 2958 2958 2958
    2958 2958 2933 2933 2958 2958 2933 2933 2933 2933 2933 2933 2933
    2933 2933 2908 2908 2908 2908 2908 2908 2883 2883 2883 2883 2883
    2859 2859 2859 2859 2859 2859 2859 3120 3120 3120 3120 3120 3120
    3120 3120 3120 3092 3092 0 0 0 0 0 0 0 0 1115 1115 1115 1119 1119
    1123 1126 1126 1134 1145 1149 1149 1153 1153 1153 1157 1161 1165
    1165 1161 1161 3010 3010 3010 3010 3010 3010 3010 3010 3010 2984
    2984 2958 2958 2958 2958 2984 2984 2958 2958 2958 2958 2958 2958
    2958 2958 2958 2958 2958 2958 2958 2958 2958 2933 2933 2933 2933
    2933 2933 2933 2933 2933 2933 2933 2908 2908 2933 2908 2908 2908
    2883 2883 2883 2883 2883 2883 2883 2859 2859 2859 2859 2859 3120
    3120 3120 3120 3120 3120 3120 3120 3120 3064 3037 3037 0 0 0 0 0 0
    1112 1108 1108 1108 1108 1108 1115 1119 1119 1126 1134 1138 1145
    1145 1145 1145 1149 1149 1161 1157 1157 1157 1161 1161 1161 3037
    3010 3010 3010 2984 2984 2984 2984 2958 2958 2984 2984 2984 2984
    2984 2958 2958 2958 2958 2958 2958 2958 2958 2958 2958 2958 2958
    2958 2958 2933 2933 2933 2933 2933 2933 2933 2933 2933 2933 2908
    2908 2908 2933 2933 2908 2908 2883 2883 2883 2883 2883 2883 2883
    2859 2859 2859 2859 2859 3120 3120 3149 3149 3120 3120 3120 3120
    3092 3064 3037 3037 0 0 0 0 0 1108 1105 1105 1105 1105 1105 1105
    1108 1108 1112 1115 1115 1126 1130 1134 1138 1141 1141 1141 1149
    1157 1157 1157 1157 1157 1157 1157 1157 3010 3010 2984 2984 2984
    2984 2984 2984 2984 2984 2984 2984 2984 2958 2958 2958 2958 2958
    2958 2958 2958 2958 2958 2958 2958 2958 2958 2958 2933 2933 2933
    2933 2933 2933 2933 2933 2933 2908 2908 2908 2908 2933 2933 2933
    2908 2908 2908 2883 2883 2883 2883 2883 2859 2859 2859 2859 3120
    3120 3120 3149 3120 3120 3120 3120 3092 3064 3037 3037 0 0 0 0 1112
    1108 1105 1101 1101 1101 1101 1101 1101 1105 1105 1108 1108 1112
    1115 1119 1126 1130 1126 1126 1134 1138 1149 1149 1153 1153 1157
    1157 1157 1157 1161 1161 2984 2984 2984 2984 2984 2984 2984 2984
    2984 2984 2984 2958 2958 2958 2958 2958 2958 2958 2958 2958 2958
    2958 2958 2958 2958 2933 2933 2933 2933 2933 2933 2933 2933 2933
    2933 2933 2908 2908 2933 2933 2933 2933 2933 2908 2908 2908 2883
    2883 2883 2859 2859 2859 2859 3120 3120 3120 3149 3120 3120 3120
    3120 3120 3092 3064 3064 0 0 0 0 1108 1108 1105 1101 1101 1101 1101
    1097 1097 1101 1101 1101 1105 1105 1108 1108 1115 1123 1123 1123
    1126 1126 1130 1138 1141 1145 1145 1149 1149 1153 1157 1157 1157
    2984 2984 2984 2984 2984 2984 2984 2984 2984 2984 2958 2958 2958
    2958 2958 2958 2958 2958 2958 2958 2958 2958 2958 2958 2933 2933
    2933 2933 2933 2933 2933 2933 2933 2933 2933 2933 2933 2933 2908
    2908 2908 2908 2908 2908 2883 2883 2883 2883 2859 2859 2859 2859
    3120 3149 3149 3149 3120 3120 3120 3120 3120 3092 3064 3064 0 0 0
    1108 1108 1108 1105 1101 1101 1101 1101 1097 1097 1097 1097 1097
    1101 1101 1101 1101 1105 1108 1112 1115 1119 1119 1119 1123 1126
    1134 1138 1145 1149 1149 1153 1153 1153 1161 1165 1165 1165 2933
    2933 2933 2933 2933 2984 2958 2958 2958 2958 2958 2958 2958 2958
    2958 2958 2958 2958 2958 2958 2958 2933 2933 2933 2933 2933 2933
    2933 2933 2933 2933 2933 2933 2908 2908 2883 2883 2908 2883 2883
    2883 2883 2883 2883 2859 2859 2859 2859 3120 3149 3149 3149 3120
    3120 3120 3120 3120 3120 3120 0 0 0 0 1108 1108 1108 1105 1105 1101
    1101 1101 1097 1097 1097 1097 1097 1097 1097 1097 1097 1097 1101
    1101 1105 1108 1112 1112 1115 1115 1119 1126 1134 1138 1145 1145
    1149 1149 1153 1153 1165 1165 1165 1165 2933 2933 2933 2984 2958
    2958 2958 2958 2958 2958 2958 2958 2958 2958 2958 2958 2958 2958
    2958 2933 2933 2933 2933 2933 2933 2933 2933 2933 2933 2933 2933
    2908 2908 2883 2883 2908 2883 2883 2883 2883 2883 2883 2859 2859
    2859 2859 3120 3149 3149 3149 3120 3120 3120 3120 3120 3120 3120 0 0
    0 0 1108 1108 1108 1105 1105 1105 1101 1101 1101 1101 1097 1097 1094
    1094 1094 1094 1094 1094 1094 1094 1097 1101 1105 1105 1108 1112
    1112 1115 1115 1123 1130 1134 1141 1141 1145 1145 1153 1161 1161
    1157 1157 1157 1157 3010 2984 2958 2958 2984 2984 2984 2984 2984
    2958 2958 2958 2958 2958 2958 2958 2958 2933 2933 2933 2933 2958
    2933 2933 2933 2933 2933 2933 2908 2908 2883 2883 2908 2883 2883
    2883 2883 2883 2883 2883 2859 2859 2859 3120 3149 3149 3149 3149
    3120 3120 3120 3120 3120 0 0 0 0 1119 1112 1112 1108 1108 1105 1105
    1105 1105 1101 1101 1097 1097 1094 1094 1094 1094 1094 1094 1094
    1094 1094 1094 1097 1097 1101 1105 1108 1108 1108 1115 1123 1123
    1126 1130 1134 1138 1141 1153 1153 1157 1157 1157 1157 1157 3037
    3037 3010 2984 2984 2984 2984 2984 2984 2984 2984 2958 2958 2958
    2958 2958 2958 2958 2958 2958 2958 2958 2933 2933 2933 2933 2933
    2933 2933 2908 2908 2933 2908 2908 2908 2883 2883 2883 2883 2883
    2859 2859 3120 3149 3149 3149 3149 3149 3149 3120 3120 0 0 0 0 0
    1115 1115 1115 1112 1108 1108 1105 1105 1105 1101 1101 1101 1097
    1097 1094 1094 1094 1094 1094 1094 1094 1094 1094 1094 1094 1094
    1094 1097 1097 1097 1101 1105 1119 1119 1123 1123 1123 1134 1141
    1149 1153 1153 1145 1145 1157 1157 1161 3037 2984 2984 2958 2958
    2958 2984 2984 2984 2958 2958 2958 2958 2958 2958 2958 2958 2958
    2958 2958 2933 2933 2933 2933 2933 2933 2933 2933 2933 2933 2933
    2933 2908 2883 2883 2883 2883 2883 2883 2883 3120 3149 3149 3149
    3149 3149 3149 3149 3149 0 0 0 0 1119 1115 1115 1115 1112 1108 1108
    1108 1105 1105 1105 1105 1105 1101 1097 1094 1094 1094 1094 1094
    1094 1094 1094 1094 1090 1090 1090 1090 1094 1094 1094 1097 1097
    1097 1105 1108 1112 1115 1123 1126 1126 1130 1134 1138 1138 1145
    1149 1145 1145 1145 2958 2958 2958 2958 2984 2984 2984 2958 2958
    2958 2958 2958 2958 2958 2958 2958 2958 2958 2933 2933 2933 2933
    2933 2933 2933 2933 2933 2933 2933 2933 2908 2908 2908 2883 2883
    2908 2883 2883 3149 3178 3149 3149 3149 3149 3149 3149 3149 0 0 0 0
    1119 1119 1119 1119 1115 1115 1112 1112 1108 1105 1105 1105 1105
    1105 1101 1097 1097 1097 1097 1097 1094 1094 1094 1094 1090 1090
    1090 1090 1090 1090 1090 1090 1094 1094 1094 1097 1105 1105 1115
    1115 1115 1115 1123 1126 1130 1138 1138 1141 1145 1149 1149 1153
    2958 2958 2984 2984 2984 2958 2958 2958 2958 2958 2958 2958 2958
    2958 2958 2958 2958 2958 2933 2933 2933 2933 2933 2933 2933 2933
    2933 2933 2908 2908 2908 2883 2883 2908 2883 2859 3149 3178 3149
