<?xml version="1.0"?>
<opencv_storage>
<Depth1412 type_id="opencv-matrix">
  <rows>89</rows>
  <cols>40</cols>
  <dt>w</dt>
  <data>
    3120 3120 3120 3120 3120 3092 3064 3064 3064 3064 3064 3037 3010
    3010 3010 3010 3037 3037 3010 1126 1126 1126 1119 1115 1115 1115
    2908 2908 2908 2908 2908 2908 2883 2883 2883 2883 2883 2883 2883
    2859 3120 3120 3120 3120 3120 3092 3064 3064 3064 3064 1130 1130
    3010 3010 3010 3010 3037 3037 1119 1119 1119 1123 1115 1112 1108
    1108 1108 2933 2933 2908 2908 2908 2883 2883 2883 2883 2883 2883
    2883 2883 3120 3120 3120 3120 3120 3092 3092 1130 1130 1130 1130
    1130 1134 3010 3010 3010 3010 3010 1119 1115 1115 1119 1108 1108
    1105 1105 1105 1105 2908 2908 2908 2908 2883 2883 2883 2883 2883
    2883 2883 2883 3120 3120 3092 3092 3120 3092 1123 1123 1126 1126
    1126 1126 1126 1126 1123 1119 1119 1119 1119 1112 1112 1105 1105
    1105 1105 1105 1105 1105 2908 2908 2908 2883 2883 2883 2883 2883
    2883 2883 2883 2883 3120 3120 3092 3092 3092 1123 1123 1123 1123
    1123 1123 1123 1123 1123 1119 1119 1115 1115 1112 1108 1108 1105
    1105 1105 1105 1105 1105 1105 1126 2908 2908 2883 2883 2883 2883
    2883 2883 2883 2883 2883 1138 1138 1138 1134 1130 1123 1123 1123
    1123 1123 1123 1123 1119 1119 1119 1119 1115 1115 1112 1108 1108
    1105 1105 1105 1105 1105 1108 1126 1126 1141 2883 2883 2883 2908
    2908 2883 2883 2883 2883 2883 1138 1138 1134 1134 1130 1126 1123
    1123 1123 1123 1119 1119 1119 1119 1119 1115 1112 1112 1108 1108
    1108 1105 1105 1105 1105 1105 1115 1126 1141 1141 1145 2908 2908
    2908 2908 2883 2883 2883 2883 2883 1138 1138 1134 1134 1130 1126
    1123 1123 1123 1123 1119 1119 1119 1119 1119 1115 1112 1112 1108
    1108 1108 1105 1105 1101 1101 1105 1130 1134 1138 1145 1145 1193
    2908 2908 2908 2883 2883 2883 2883 2859 1138 1138 1134 1134 1130
    1126 1123 1123 1123 1119 1119 1119 1119 1119 1115 1115 1112 1112
    1108 1108 1108 1105 1105 1101 1101 1105 1130 1134 1134 1145 1193
    1193 1193 0 2908 2883 2883 2883 2883 2859 1138 1134 1134 1130 1130
    1126 1123 1123 1123 1119 1119 1119 1119 1115 1115 1115 1112 1112
    1112 1108 1108 1105 1105 1101 1101 1105 1126 1134 1134 1145 1189
    1193 1193 1236 1236 2908 2908 2908 2883 2859 1138 1134 1134 1130
    1130 1126 1123 1123 1123 1119 1119 1119 1119 1115 1115 1112 1112
    1112 1112 1108 1108 1105 1105 1105 1105 1108 1126 1134 1138 1145
    1189 1189 1236 1236 1236 0 2883 2883 2883 2883 0 1134 1134 1130 1130
    1126 1126 1123 1123 1119 1119 1119 1119 1115 1115 1112 1112 1112
    1112 1112 1108 1105 1105 1105 1105 1108 1126 1134 1138 1185 1185
    1193 1193 1197 1197 0 0 1273 2835 2835 0 1134 1134 1130 1130 1126
    1123 1123 1123 1119 1119 1119 1119 1115 1115 1112 1108 1108 1112
    1112 1108 1105 1105 1105 1105 1108 1119 1134 1138 1161 1181 1189
    1193 1193 1193 1264 1273 1273 0 2859 0 1138 1134 1134 1130 1130 1123
    1123 1123 1123 1119 1119 1119 1115 1115 1112 1108 1108 1108 1108
    1108 1105 1101 1101 1105 1108 1119 1138 1145 1161 1181 1189 1193
    1193 1264 1264 1273 1273 0 2859 1134 1134 1134 1134 1134 1130 1123
    1123 1123 1123 1119 1119 1119 1119 1115 1115 1112 1112 1108 1108
    1105 1101 1101 1101 1105 1108 1119 1130 1149 1153 1173 1193 1193
    1197 1264 1264 1273 1273 2908 2908 1134 1134 1134 1134 1130 1126
    1126 1123 1123 1123 1123 1119 1119 1119 1115 1115 1112 1112 1112
    1108 1105 1101 1101 1101 1101 1108 1119 1123 1138 1153 1165 1197
    1197 1232 1259 1259 1268 1283 1283 2908 0 1138 1134 1130 1130 1126
    1126 1123 1123 1123 1119 1119 1119 1119 1115 1115 1112 1112 1112
    1108 1105 1101 1101 1101 1101 1108 1119 1123 1138 1157 1165 1197
    1197 1219 1259 1259 1268 1283 1283 2859 1141 1138 1134 1130 1126
    1126 1126 1123 1123 1123 1119 1119 1119 1119 1115 1115 1112 1112
    1112 1108 1105 1101 1101 1101 1101 1105 1115 1126 1138 1157 1165
    1202 1202 1219 1259 1259 1273 1273 1273 2812 1141 1138 1134 1134
    1126 1126 1126 1123 1123 1123 1119 1119 1119 1119 1115 1112 1112
    1108 1108 1108 1105 1101 1101 1101 1101 1101 1105 1134 1138 1157
    1165 1202 1202 1219 1259 1259 1273 1273 0 2812 1141 1138 1134 1134
    1126 1126 1123 1123 1123 1119 1119 1119 1119 1115 1115 1112 1108
    1108 1108 1108 1108 1101 1101 1101 1101 1101 1105 1141 1145 1157
    1181 1197 1202 1202 1268 1268 1278 1278 0 2812 1138 1134 1134 1134
    1126 1126 1123 1123 1123 1119 1119 1119 1119 1115 1115 1112 1108
    1108 1108 1108 1108 1101 1101 1101 1101 1101 1105 1108 1145 1157
    1177 1189 1197 1197 1264 1264 1273 1273 0 2812 1138 1134 1130 1130
    1130 1126 1123 1123 1123 1119 1119 1119 1119 1115 1115 1112 1108
    1108 1108 1108 1108 1101 1101 1101 1101 1101 1101 1108 1145 1157
    1177 1189 1197 1197 1264 1264 1273 1273 1288 2812 1138 1134 1130
    1130 1126 1126 1123 1123 1123 1119 1119 1119 1119 1115 1115 1112
    1108 1108 1108 1105 1105 1101 1101 1101 1101 1101 1101 1112 1149
    1157 1173 1189 1197 1197 1264 1264 1278 1288 1288 2812 1138 1134
    1126 1126 1126 1126 1123 1123 1123 1123 1119 1119 1119 1115 1115
    1112 1108 1108 1108 1105 1105 1101 1101 1101 1101 1101 1101 1112
    1141 1157 1173 1189 1197 1197 1255 1255 1278 1288 1288 1288 1134
    1134 1126 1126 1123 1123 1123 1123 1123 1123 1119 1119 1119 1115
    1115 1112 1108 1108 1105 1105 1105 1101 1101 1101 1101 1097 1097
    1115 1134 1153 1173 1193 1197 1214 1255 1255 1278 1288 1288 0 1134
    1134 1130 1126 1123 1123 1123 1123 1123 1123 1119 1119 1119 1115
    1115 1112 1108 1108 1105 1105 1105 1101 1101 1097 1097 1097 1097
    1115 1134 1153 1165 1193 1197 1232 1245 1245 1283 1288 1288 1307
    1134 1130 1130 1126 1123 1123 1123 1123 1123 1119 1119 1119 1119
    1115 1115 1112 1108 1108 1105 1105 1105 1101 1101 1097 1097 1101
    1101 1119 1134 1145 1165 1193 1202 1232 1245 1245 1283 1292 1307
    1307 1130 1130 1130 1130 1126 1123 1123 1123 1119 1119 1119 1119
    1119 1115 1115 1112 1108 1108 1105 1105 1105 1101 1101 1097 1097
    1101 1101 1126 1138 1145 1165 1181 1214 1232 1245 1245 1288 1292
    1307 1307 1130 1130 1130 1126 1126 1126 1123 1123 1119 1119 1119
    1115 1115 1112 1112 1112 1112 1108 1108 1105 1105 1101 1101 1101
    1101 1101 1105 1126 1141 1149 1165 1181 1219 1223 1245 1255 1283
    1288 1302 1302 1130 1130 1126 1126 1126 1126 1123 1123 1119 1119
    1119 1115 1115 1112 1112 1112 1112 1108 1108 1105 1105 1101 1101
    1101 1101 1101 1105 1119 1141 1149 1165 1185 1202 1202 1250 1264
    1283 1288 1302 1302 1134 1134 1126 1126 1126 1123 1123 1123 1119
    1119 1119 1119 1115 1115 1112 1112 1108 1108 1108 1105 1105 1101
    1097 1097 1097 1097 1105 1119 1138 1145 1165 1193 1193 1193 1245
    1268 1283 1288 1288 2835 1134 1134 1130 1126 1123 1123 1123 1123
    1119 1119 1119 1119 1115 1115 1112 1112 1108 1108 1105 1105 1105
    1097 1097 1094 1094 1097 1105 1115 1123 1141 1157 1193 1193 1193
    1245 1255 1283 1288 1288 2835 1134 1134 1130 1126 1123 1123 1123
    1123 1119 1119 1119 1119 1115 1115 1112 1108 1108 1108 1105 1105
    1105 1097 1097 1094 1094 1097 1105 1112 1123 1141 1157 1193 1197
    1197 1241 1245 1273 1288 1288 2835 1134 1134 1130 1126 1123 1123
    1123 1123 1119 1119 1119 1115 1115 1112 1112 1108 1108 1105 1105
    1105 1105 1101 1097 1097 1097 1101 1105 1112 1123 1145 1157 1185
    1197 1197 1241 1245 1268 1288 1288 2812 1134 1130 1126 1126 1123
    1123 1123 1123 1119 1119 1119 1115 1115 1112 1112 1108 1108 1105
    1105 1105 1105 1097 1097 1097 1097 1101 1105 1112 1123 1149 1157
    1173 1202 1202 1241 1255 1268 1288 1292 1292 1134 1130 1126 1126
    1123 1123 1123 1123 1119 1119 1119 1115 1115 1112 1112 1108 1108
    1105 1105 1105 1105 1097 1097 1097 1097 1101 1101 1108 1126 1145
    1153 1165 1197 1197 1202 1250 1264 1283 1292 1292 1134 1130 1126
    1126 1123 1123 1123 1123 1119 1119 1119 1115 1115 1112 1112 1108
    1108 1105 1105 1105 1101 1097 1097 1097 1097 1097 1101 1108 1134
    1145 1153 1161 1197 1197 1197 1250 1264 1283 1283 1283 1138 1130
