<?xml version="1.0"?>
<opencv_storage>
<Depth8097 type_id="opencv-matrix">
  <rows>16</rows>
  <cols>10</cols>
  <dt>w</dt>
  <data>
    4405 4463 4463 4463 4405 4405 4463 4645 0 0 4463 4522 4463 4463 4405
    4405 4463 4582 0 0 4463 4522 4463 4463 4463 4522 4522 4582 4582 0
    4463 4522 4463 4463 4522 4522 4522 4582 4582 0 4463 4522 4463 4463
    4522 4522 4582 4582 0 0 4463 4463 4522 4522 4522 4522 4522 4522 0 0
    4463 4463 4463 4522 4522 4522 4463 4463 4582 0 5460 4463 4463 4522
    4522 4522 4463 4463 4522 0 5460 5460 4522 4522 4522 4522 4463 4463
    4463 4463 5460 5460 5460 4522 4522 4522 4463 4463 4405 4405 5460
    5460 5460 4582 4522 4522 4522 4463 4405 4405 5460 5291 5291 4645
    4582 4582 4522 4463 4405 4405 5460 5291 5291 4582 4522 4522 4522
    4582 4522 4405 5460 5374 5291 4582 4522 4463 4405 4405 4463 4405
    5374 5374 5291 5291 4463 4405 4349 4349 4349 4522 5132 5132 4842
    4463 4463 4349 4295 4241 4241 0</data></Depth8097>
</opencv_storage>
