<?xml version="1.0"?>
<opencv_storage>
<Depth6204 type_id="opencv-matrix">
  <rows>12</rows>
  <cols>13</cols>
  <dt>w</dt>
  <data>
    0 0 0 0 0 0 3732 3732 3732 3732 0 0 0 3948 3948 3859 3859 3903 3903
    3774 3732 3732 3653 3653 0 0 3903 3903 3859 3859 3903 3903 3816 3732
    3732 3653 3653 0 0 3903 3859 3859 3859 3859 3859 3859 3816 3816 3816
    3816 3774 3774 3903 3816 3816 3816 3816 3859 3816 3816 3816 3816
    3816 3859 3774 3948 3816 3774 3774 3774 3859 3816 3816 3816 3816
    3816 3859 3816 3692 3692 3692 3692 3692 3732 3903 3859 3859 3816
    3816 3859 3859 0 3692 3692 3692 3692 3732 3732 3859 3859 3732 3732
    3859 3859 0 3732 3732 3732 3732 3732 3732 3816 3732 3732 3732 3859
    3859 0 3732 3732 3732 3732 3732 3816 3816 0 0 0 0 0 0 0 3732 3732
    3774 3774 3774 3774 0 0 0 0 0 0 0 3774 3774 3774 3774 3774 3774 0 0
    0 0 0</data></Depth6204>
</opencv_storage>
