<?xml version="1.0"?>
<opencv_storage>
<Depth11891 type_id="opencv-matrix">
  <rows>10</rows>
  <cols>35</cols>
  <dt>w</dt>
  <data>
    5734 5734 5734 5734 5734 5734 5734 5734 5640 5640 5640 5548 5548
    5548 5548 5548 5548 5548 5460 5460 5460 5460 4983 4983 5056 5056
    5056 5056 5056 5460 5460 4911 4911 4911 4842 5832 5832 5832 5734
    5734 5734 5734 5640 5056 5056 5640 5374 5374 5548 5548 5548 5548
    5548 5460 5460 5460 5460 4842 4842 4774 4774 4708 4708 4708 4708
    4708 4708 4774 4842 4842 5832 5832 5832 5832 5832 5734 5734 4842
    4842 4842 4842 4842 4774 4774 4774 4842 4842 4842 4842 4842 4842
    4842 4842 4774 4774 4708 4708 4708 4708 4708 4708 4708 4774 4774
    4774 5734 5734 4983 4911 4911 4983 4983 4842 4842 4842 4842 4842
    4774 4774 4774 4842 4842 4842 4842 4842 4708 4708 4774 4774 4774
    4708 4708 4708 4708 4708 4708 4774 4774 4774 4708 4911 4983 4983
    4911 4911 4983 4983 4842 4842 4842 4842 4842 4842 4774 4774 4774
    4842 4774 4774 4774 4708 4708 4774 4774 4708 4645 4645 4708 4708
    4708 4774 4774 4708 4708 4645 4911 4983 4983 4983 4983 4983 4983
    4983 4911 4842 4842 4842 4842 4774 4774 4774 4842 4774 4774 4774
    4708 4708 4774 4774 4708 4645 4645 4645 4708 4774 4842 4774 4645
    4645 4645 4983 4983 4983 4983 4983 4983 4983 4842 4842 4842 4842
    4842 4842 4842 4774 4774 4842 4774 4774 4774 4708 4708 4708 4708
    4708 4645 4645 4645 4708 4842 4842 4774 4645 4645 4582 4983 4983
    4983 4983 4983 4983 4983 4842 4842 4842 4842 4842 4842 4842 4774
    4774 4842 4774 4774 4774 4708 4708 4708 4708 4645 4645 4582 4582
    4708 4842 4842 4774 4645 4582 4582 4983 5056 4983 4911 4911 4911
    4911 4842 4842 4842 4842 4842 4842 4774 4774 4774 4774 4774 4774
    4842 4842 4842 4774 4708 4582 4582 4582 4582 4842 4842 4842 4774
    4645 4582 4582 5056 5056 5056 4911 4911 4911 4911 4911 4911 4842
    4842 4842 4774 4774 4774 4774 4774 4774 4774 4842 4842 5832 4708
    4708 4582 4582 0 0 0 0 0 0 0 0 0</data></Depth11891>
</opencv_storage>
