<?xml version="1.0"?>
<opencv_storage>
<Depth18964 type_id="opencv-matrix">
  <rows>9</rows>
  <cols>9</cols>
  <dt>w</dt>
  <data>
    6375 6497 6497 6497 6497 6622 6622 6622 6753 6497 6497 6497 6497
    6497 6622 6622 6753 6889 6497 6497 6497 6497 6497 6497 6622 6753
    6889 6497 6375 6375 6375 6497 6497 6622 6622 6753 6497 6375 6375
    6375 6497 6497 6622 6622 6753 6497 6375 6375 6375 6375 6497 6497
    6497 6753 6497 6375 6375 6375 6375 6375 6497 6497 6753 6497 6375
    6375 6375 6375 6375 6375 6497 0 6497 6375 6259 6259 6259 6259 6375 0
    0</data></Depth18964>
</opencv_storage>
