<?xml version="1.0"?>
<opencv_storage>
<Depth17486 type_id="opencv-matrix">
  <rows>126</rows>
  <cols>94</cols>
  <dt>w</dt>
  <data>
    3468 3433 3433 3399 3399 3365 3365 3365 3365 3399 3399 3399 3365
    3365 3365 3365 3365 845 843 841 841 841 841 839 837 829 829 829 3269
    3269 3269 3238 3208 3178 3178 3178 3149 3149 3178 3178 3178 3178
    3149 3149 3120 3120 3092 3092 3092 3092 3064 3064 3064 3064 3064
    3037 3037 3037 3037 3037 3037 3010 3010 3010 2984 2984 2984 2984
    2958 2958 2958 2184 2156 2143 2116 2103 2090 2090 2090 2065 2053
    2053 2040 2016 2005 2005 1993 1981 1959 1959 1959 1947 1947 1936
    3468 3433 3433 3399 3399 3399 3399 3365 3365 3399 3399 3399 3399
    3399 3399 3365 845 843 843 841 841 841 839 839 835 829 827 827 827
    827 827 0 0 0 0 0 0 0 0 0 3178 3178 3149 3149 3149 3149 3092 3092
    3092 3092 3092 3092 3064 3064 3064 3037 3037 3037 3037 3037 3037
    3037 3010 3010 2984 2984 2984 2984 2958 2958 2958 2156 2143 2129
    2116 2103 2090 2078 2078 2065 2053 2053 2040 2016 2005 2005 1993
    1981 1959 1959 1959 1947 1947 1936 3468 3433 3433 3399 3399 3399
    3399 3365 3365 0 0 3433 3433 3433 3433 845 845 843 839 837 837 837
    837 835 835 817 817 827 827 0 0 0 0 0 0 0 0 0 0 0 0 3178 3178 0 0 0
    0 3092 3092 3092 3120 3120 3092 3064 3064 3037 3037 3037 3037 3037
    3037 3037 3037 3010 3010 2984 2984 2984 2958 2958 2156 2156 2143
    2129 2116 2103 2090 2078 2078 2053 2053 2053 2028 2016 2005 2005
    1993 1981 1970 1959 1959 1947 1936 1926 3468 3433 3433 3399 3399
    3399 3399 3399 0 0 0 0 0 0 0 0 841 841 839 837 837 837 837 835 811
    811 817 817 771 771 766 0 0 0 0 0 0 0 0 0 0 0 0 0 0 0 0 0 0 0 3120
    3120 3092 3064 3064 3037 3037 3010 3010 3037 3037 3037 3037 849 849
    849 2984 2984 2984 2984 2156 2156 2143 2143 2116 2103 2090 2078 2078
    2053 2053 2053 845 845 2005 2005 1993 1981 1959 1947 1947 1947 1936
    1926 3433 3433 3399 3399 3399 3399 3399 3399 0 0 0 0 0 0 0 0 841 841
    839 837 837 837 783 811 811 805 805 805 771 771 766 766 767 0 0 0 0
    0 0 0 0 0 0 0 0 0 0 0 0 0 0 0 0 0 0 0 0 3010 3010 3010 3064 2933 833
    833 835 845 847 847 849 847 847 847 2143 851 849 849 851 851 854 856
    856 856 845 845 841 841 839 837 837 1947 1947 1947 1947 1926 3433
    3433 3399 3399 3399 3399 3399 3399 0 0 0 0 0 0 0 854 854 845 839 839
    839 785 783 783 783 805 805 805 771 771 766 766 766 0 0 0 0 0 0 0 0
    0 0 0 0 0 0 0 0 0 0 0 0 0 0 0 829 0 829 829 829 831 831 831 827 827
    835 833 833 845 843 843 845 847 847 847 849 849 851 854 856 854 847
    845 841 841 839 837 837 837 839 839 0 1936 3468 3433 3433 3399 3399
    3365 3365 3399 0 0 0 0 0 0 0 854 854 847 841 841 841 785 785 781 778
    762 762 764 764 766 764 764 764 764 766 0 0 0 0 0 0 0 0 0 0 0 0 0 0
    774 774 774 0 0 0 0 0 0 829 829 829 831 831 831 825 825 825 831 831
    833 835 839 841 843 843 845 847 847 849 851 851 851 849 845 843 841
    839 839 837 837 839 839 851 0 3468 3468 3433 3399 3399 3365 3365
    3365 0 0 0 0 0 0 0 854 854 847 841 841 841 783 783 778 774 762 762
    762 762 764 762 762 762 762 762 762 757 757 757 0 0 0 0 0 0 0 0 0 0
    773 773 773 0 0 0 0 780 0 0 780 780 780 823 823 823 823 825 825 825
    825 825 825 829 843 837 837 839 841 845 849 849 847 843 843 843 843
    841 841 841 841 843 851 851 0 3468 3468 3433 3399 3399 3365 3365
    3365 0 0 0 0 0 0 0 856 841 837 831 829 829 829 783 778 774 764 762
    761 761 761 761 761 761 762 761 761 757 757 757 762 762 762 762 762
    762 762 762 762 762 773 773 0 0 0 0 0 0 780 780 780 780 780 780 823
    823 823 825 825 825 825 825 825 829 829 833 833 839 839 839 845 843
    843 839 839 839 843 841 841 843 847 851 851 851 847 3503 3468 3433
    3433 3399 3399 3399 0 0 0 0 0 0 0 0 856 841 837 831 829 829 829 776
    776 771 764 762 761 761 761 761 761 761 762 761 761 761 761 761 762
    762 762 762 762 762 762 762 762 764 767 771 771 771 0 769 769 771
    774 778 778 780 780 780 780 780 780 771 771 825 825 825 827 827 833
    833 833 839 839 839 845 837 837 839 839 839 843 843 854 854 854 851
    847 847 0 3503 3468 3433 3433 3399 3399 3399 0 0 0 0 0 0 0 0 854 841
    837 833 827 800 800 800 776 771 764 762 761 761 761 761 761 761 762
    761 761 761 761 761 762 762 762 762 762 762 762 762 762 764 766 767
    767 766 764 764 766 767 767 774 774 771 766 766 771 773 773 771 771
    771 766 766 767 767 767 773 839 839 839 839 839 787 787 787 785 785
    785 783 856 856 856 854 847 847 0 3503 3468 3433 3433 3433 3433 3433
    0 0 0 0 0 0 0 0 854 841 837 833 827 800 800 800 800 771 764 762 762
    761 761 761 761 761 762 761 761 761 761 761 762 762 762 762 762 762
    762 762 762 762 764 764 764 764 762 762 766 766 766 766 764 764 766
    766 767 769 769 767 767 766 766 766 767 767 0 773 773 785 785 785
    785 787 787 787 785 783 783 783 789 789 789 789 794 794 790 3503
    3468 3468 3433 3433 3433 3433 0 0 0 0 0 0 0 856 854 843 837 831 825
    800 798 798 798 771 764 764 762 762 762 762 762 762 762 762 762 762
    762 762 762 762 762 762 762 762 762 762 762 762 764 764 764 764 762
    762 764 764 764 764 764 764 766 766 766 766 766 766 766 766 766 767
    767 767 769 773 773 773 773 774 771 771 771 771 773 783 783 785 787
    787 787 787 794 794 790 3503 3503 3468 3468 3433 3433 0 0 0 0 0 0 0
    862 856 849 841 837 829 823 800 798 798 798 771 764 764 762 762 764
    764 764 764 764 764 762 762 762 762 762 762 762 762 762 762 762 764
    764 764 764 764 764 764 764 764 764 764 764 764 764 764 766 766 766
    766 766 766 766 766 766 767 767 769 769 769 771 771 769 769 769 769
    771 771 771 773 773 773 773 773 773 773 773 792 790 3503 3503 3468
    3433 3433 3365 3365 0 0 0 0 0 0 862 858 847 841 837 829 823 802 798
    789 789 773 764 764 764 764 764 766 766 764 764 764 764 764 764 764
    764 764 764 764 764 764 764 764 764 764 764 764 764 764 764 764 764
    764 764 764 764 764 766 766 767 767 766 766 766 766 766 767 767 769
    767 767 767 767 767 767 767 769 769 769 771 771 773 773 773 773 773
    773 773 773 783 3503 3503 3468 3433 3433 3365 3365 0 0 0 0 0 0 864
    858 847 841 837 831 821 802 796 785 778 774 764 764 764 764 766 766
    766 764 764 764 766 766 766 766 766 766 766 766 766 766 764 764 764
    764 764 764 764 764 764 764 766 764 764 764 766 766 767 767 769 769
    767 767 767 767 769 769 769 769 767 767 767 767 767 767 767 769 769
    769 771 771 771 771 773 773 773 771 771 773 773 3503 3503 3503 3503
    3433 3433 0 0 0 0 0 0 0 867 849 845 843 831 823 819 802 796 783 778
    774 766 764 764 764 766 767 767 766 766 767 767 767 767 766 766 767
    767 767 767 766 766 766 766 766 766 766 766 766 766 766 767 766 766
    767 767 767 769 769 769 769 769 769 769 769 769 771 771 769 769 769
    769 769 769 769 769 769 769 769 771 771 771 771 773 773 773 771 771
    773 773 3503 3503 3503 3503 3468 3468 0 0 0 0 0 0 860 851 849 845
    843 831 823 815 802 794 781 776 773 766 766 766 766 766 767 769 769
    769 769 769 769 769 767 767 767 767 767 767 767 766 766 766 766 767
    767 767 767 767 767 769 769 769 771 769 769 769 769 771 769 769 769
    769 769 769 771 771 771 771 769 769 771 771 771 771 771 771 771 771
    771 771 773 773 773 773 773 773 773 773 3503 3503 3503 3503 3503
    3503 0 0 0 0 0 0 860 851 849 845 843 833 825 815 800 792 781 774 773
    769 767 767 767 767 769 769 769 769 769 769 769 769 767 767 767 767
    767 767 767 767 767 767 769 769 769 769 767 767 769 771 771 771 771
    771 771 771 771 771 771 771 771 769 769 769 771 771 771 771 771 771
    771 771 771 771 771 771 771 771 773 773 773 773 774 774 773 773 774
    774 3503 3503 3503 3503 3503 3503 0 0 0 0 0 0 0 849 849 845 843 835
    825 813 800 792 780 774 773 769 769 769 769 769 769 769 769 769 769
    769 769 769 769 767 767 767 767 767 767 767 767 767 769 769 769 769
    769 769 769 771 771 771 771 771 771 773 773 773 771 771 771 771 771
    771 771 771 771 771 771 771 771 771 771 771 771 771 773 773 773 773
    773 773 774 774 776 774 774 774 3503 3503 3503 3503 3503 0 0 0 0 0 0
