<?xml version="1.0"?>
<opencv_storage>
<Depth13935 type_id="opencv-matrix">
  <rows>67</rows>
  <cols>53</cols>
  <dt>w</dt>
  <data>
    5056 5056 5056 4983 4983 4983 4911 4911 4911 4911 4911 4983 4983
    4983 4911 4774 4774 4774 4774 4774 4708 4708 4708 4708 4708 4708
    4708 4708 4645 4645 4582 1503 1503 1509 1509 1509 1509 1503 1503
    4463 4463 4405 4349 4349 4349 4295 4295 4295 4295 4295 4241 4241
    4241 5056 5056 5056 4983 4983 4983 4911 4911 4911 4911 4911 4983
    4983 4983 4842 4774 4774 4774 4774 4774 4708 4708 4708 4708 4708
    4708 1503 1503 1496 1496 1496 1496 1503 1503 1503 1503 1503 1503
    1496 1496 1496 4463 4405 4405 4349 4349 4349 4295 4295 4295 4241
    4241 4241 5056 4983 4983 4983 4983 4983 4983 4911 4911 4911 4911
    4983 4983 4983 4842 4774 4774 4774 4774 4774 4774 4774 1483 1477
    1477 1477 1477 1483 1489 1489 1489 1489 1496 1496 1503 1503 1503
    1503 1496 1496 1496 4405 4405 4405 4349 4349 4349 4349 4295 4295
    4241 4241 4241 5056 4983 4983 4983 4983 4983 4983 4983 1564 1564
    4911 4983 4983 4983 4983 4774 1536 1529 1523 1509 1503 1489 1483
    1477 1470 1470 1470 1477 1477 1477 1483 1483 1496 1496 1503 1496
    1496 1503 1503 1503 1503 4405 4405 4405 4405 4349 4349 4349 4295
    4295 4295 4295 4295 5056 4983 4983 4983 4983 4983 4983 4983 1557
    1557 1579 1579 1579 4983 4983 4983 1529 1529 1523 1509 1503 1489
    1483 1477 1470 1470 1470 1470 1470 1477 1483 1483 1496 1496 1496
    1496 1496 1496 1503 1503 1503 4405 4405 4405 4405 4349 4349 4349
    4295 4295 4295 4295 4295 5056 4983 4983 4983 4983 4983 5056 5056
    1557 1557 1579 1579 1572 1564 1550 1543 1529 1529 1523 1509 1503
    1489 1483 1477 1470 1470 1470 1470 1470 1477 1477 1483 1496 1496
    1496 1496 1496 1496 1496 1503 1503 4405 4405 4405 4405 4405 4349
    4349 4349 4295 4295 4295 4295 5056 4983 4983 4911 4911 4983 5056
    1601 1601 1586 1586 1572 1564 1557 1550 1543 1529 1529 1523 1509
    1503 1496 1483 1477 1477 1470 1470 1470 1477 1477 1477 1483 1489
    1496 1496 1496 1496 1496 1496 1503 1503 1503 4463 4463 4405 4405
    4349 4349 4349 4295 4295 4295 4295 5056 4983 4983 4911 4911 1632
    1616 1601 1601 1594 1586 1572 1564 1557 1550 1543 1529 1529 1523
    1509 1503 1489 1483 1477 1477 1470 1470 1470 1477 1477 1477 1483
    1489 1496 1496 1496 1496 1496 1496 1496 1496 1496 4463 4463 4405
    4405 4349 4349 4349 4295 4295 4295 4295 1663 1663 1663 1639 1624
    1624 1616 1616 1601 1594 1579 1579 1564 1557 1557 1550 1536 1529
    1523 1509 1503 1489 1483 1477 1477 1470 1470 1470 1477 1477 1483
    1483 1483 1489 1489 1496 1496 1496 1496 1496 1496 1496 4522 4522
    4463 4405 4405 4349 4349 4295 4295 4295 4295 1663 1655 1655 1639
    1624 1624 1616 1616 1601 1594 1579 1579 1572 1564 1557 1550 1536
    1529 1523 1516 1503 1489 1483 1477 1470 1470 1470 1470 1477 1477
    1483 1483 1483 1489 1489 1489 1496 1496 1496 1496 1496 1503 1503
    4582 4463 4405 4349 4349 4295 4295 4295 4295 4295 1655 1655 1655
    1639 1632 1632 1616 1616 1609 1601 1586 1579 1572 1564 1557 1550
    1536 1529 1523 1516 1503 1489 1483 1477 1470 1470 1470 1470 1477
    1477 1483 1483 1483 1489 1489 1489 1496 1496 1503 1496 1496 1503
    1503 4463 4463 4405 4349 4295 4295 4295 4295 4295 4295 1655 1663
    1655 1639 1632 1632 1624 1616 1609 1601 1586 1579 1579 1564 1557
    1550 1543 1529 1523 1516 1503 1496 1489 1477 1470 1470 1470 1470
    1477 1477 1477 1483 1483 1489 1489 1489 1496 1496 1496 1496 1496
    1503 1503 4463 4463 4405 4349 4295 4295 4295 4295 4295 4295 1663
    1663 1655 1647 1639 1632 1624 1616 1609 1594 1586 1579 1579 1564
    1557 1550 1543 1536 1523 1516 1503 1503 1489 1477 1470 1470 1470
    1470 1477 1477 1477 1483 1483 1489 1489 1496 1496 1496 1496 1503
    1503 1503 1503 4463 4463 4405 4349 4295 4295 4295 4295 4295 4295
    1663 1663 1655 1647 1639 1632 1632 1624 1616 1594 1586 1586 1572
    1564 1557 1550 1543 1536 1523 1516 1503 1503 1489 1483 1477 1470
    1470 1470 1477 1477 1477 1483 1483 1489 1496 1496 1496 1496 1496
    1496 1496 1503 1503 4463 4463 4405 4349 4295 4295 4295 4295 4295
    4295 1671 1663 1655 1647 1639 1632 1632 1632 1616 1601 1586 1586
    1572 1564 1557 1550 1543 1536 1529 1516 1503 1503 1489 1483 1477
    1470 1470 1470 1477 1477 1477 1483 1483 1483 1489 1489 1496 1496
    1496 1496 1496 1503 1503 4463 4463 4405 4349 4349 4295 4295 4295
    4295 4295 1671 1663 1663 1647 1639 1639 1632 1632 1616 1601 1594
    1586 1579 1564 1557 1550 1543 1536 1529 1523 1516 1503 1496 1489
    1477 1470 1470 1470 1470 1470 1477 1477 1477 1483 1489 1489 1496
    1496 1496 1496 1496 1503 1503 4522 4522 4405 4349 4349 4349 4295
    4295 4295 4295 1680 1671 1663 1647 1639 1639 1632 1632 1616 1609
    1594 1586 1579 1572 1557 1550 1543 1536 1529 1523 1516 1509 1496
    1489 1483 1477 1470 1470 1470 1470 1477 1477 1477 1483 1483 1489
    1489 1496 1496 1496 1496 1503 1503 1503 4349 4349 4349 4349 4349
    4349 4295 4295 4295 1680 1663 1663 1655 1639 1639 1632 1632 1624
    1609 1594 1586 1579 1572 1564 1557 1550 1543 1529 1523 1516 1509
    1503 1489 1483 1477 1470 1470 1470 1470 1477 1477 1483 1483 1483
    1483 1483 1489 1496 1496 1496 1503 1503 1503 4349 4349 4349 4349
    4349 4349 4349 4349 4349 5210 1663 1663 1655 1639 1639 1632 1632
    1616 1609 1601 1594 1579 1572 1564 1557 1550 1543 1529 1523 1523
    1509 1503 1496 1483 1477 1470 1470 1470 1470 1477 1477 1483 1483
    1483 1483 1483 1489 1496 1496 1496 1503 1503 1503 4349 4349 4349
    4349 4349 4349 4295 4295 4295 5210 1663 1663 1655 1647 1639 1632
    1632 1616 1609 1601 1594 1579 1579 1572 1557 1550 1543 1529 1529
    1523 1516 1503 1496 1483 1477 1470 1470 1470 1470 1477 1477 1483
    1483 1483 1483 1489 1489 1496 1496 1496 1503 1496 1496 1496 4405
    4405 4349 4349 4349 4295 4295 4295 5210 1671 1671 1663 1647 1639
    1632 1632 1624 1616 1601 1594 1586 1579 1572 1564 1557 1550 1543
    1529 1523 1516 1503 1496 1483 1477 1477 1470 1470 1470 1477 1477
    1483 1483 1483 1483 1489 1496 1496 1496 1496 1503 1496 1496 1496
    4405 4405 4349 4349 4349 4295 4295 4295 1705 1680 1680 1663 1655
    1647 1639 1639 1624 1616 1609 1594 1586 1579 1572 1572 1557 1557
    1543 1529 1523 1516 1503 1496 1489 1483 1477 1470 1470 1470 1477
    1477 1483 1483 1483 1483 1489 1496 1496 1496 1496 1503 1503 1503
    1503 4405 4405 4349 4349 4349 4295 4295 4295 1705 1696 1688 1671
    1663 1647 1639 1639 1624 1616 1609 1594 1586 1579 1579 1572 1557
    1557 1550 1536 1529 1516 1503 1496 1489 1483 1477 1477 1477 1477
    1477 1477 1483 1483 1483 1489 1496 1496 1496 1496 1496 1503 1503
    1503 1503 4405 4405 4405 4349 4349 4349 4349 4295 5132 1696 1680
    1671 1663 1655 1639 1639 1632 1616 1609 1601 1586 1579 1579 1564
    1557 1557 1550 1536 1523 1516 1503 1496 1489 1483 1477 1477 1470
    1470 1477 1477 1483 1483 1483 1489 1496 1496 1496 1496 1503 1503
    1503 1503 1503 4405 4405 4405 4405 4405 4349 4349 4295 5132 1680
    1680 1671 1663 1655 1639 1639 1632 1616 1609 1601 1586 1586 1579
    1564 1564 1557 1550 1536 1523 1516 1509 1503 1496 1483 1477 1477
    1470 1470 1477 1477 1483 1483 1483 1489 1496 1496 1496 1496 1503
    1503 1503 1503 1503 4405 4405 4405 4463 4405 4349 4295 4295 5132
    1680 1680 1671 1663 1655 1639 1639 1632 1616 1609 1609 1594 1586
    1579 1572 1564 1557 1550 1543 1523 1523 1509 1503 1496 1489 1477
    1477 1470 1470 1477 1477 1477 1483 1483 1489 1496 1496 1496 1496
    1496 1496 1496 1503 1503 4405 4405 4405 4405 4349 4349 4295 4295
    5132 5210 1671 1671 1663 1655 1639 1639 1639 1616 1609 1609 1594
    1586 1579 1579 1572 1564 1550 1543 1529 1523 1509 1503 1496 1496
    1477 1477 1470 1470 1470 1477 1477 1477 1477 1489 1496 1496 1496
    1496 1496 1496 1496 1503 1503 4405 4405 4405 4405 4349 4349 4295
    4295 5210 5210 1671 1671 1663 1655 1655 1639 1639 1616 1616 1609
    1594 1594 1586 1579 1572 1564 1557 1543 1529 1523 1516 1509 1496
    1496 1477 1477 1470 1470 1470 1477 1477 1477 1477 1489 1496 1496
    1496 1496 1496 1496 1496 1496 1496 4405 4405 4405 4405 4349 4349
