<?xml version="1.0"?>
<opencv_storage>
<Depth9899 type_id="opencv-matrix">
  <rows>42</rows>
  <cols>38</cols>
  <dt>w</dt>
  <data>
    2958 2958 2984 2984 2958 2958 2933 2933 2958 2958 2958 2958 2958
    2984 2984 3010 2984 2984 0 2984 0 1680 1680 0 1671 1722 1722 1915
    1915 1904 1904 1915 1915 1926 0 0 0 1926 2958 2958 2984 2984 2958
    2958 2933 2933 2933 2958 2958 2958 2958 2958 3037 0 0 0 0 0 0 1680
    1680 1671 1671 1722 1722 1915 1915 1904 1904 1904 1894 1894 1904
    1915 1915 1915 2958 2958 2984 2984 2933 2933 2908 2908 2908 2933
    2958 2958 2958 2958 0 0 0 0 0 0 1705 1680 1680 1671 1671 1705 1904
    1904 1915 1904 1904 1894 1883 1883 1883 1904 1904 1904 2958 2958
    2984 2984 2933 2933 2908 2908 2908 2933 2958 2958 2958 2958 0 0 0 0
    0 0 0 1705 1696 1696 1696 1696 1904 1904 1915 1915 1904 1883 1883
    1883 1883 1894 1894 1904 2958 2958 2984 2984 2933 2933 2933 0 0 2958
    2958 2958 0 0 0 0 0 1713 1705 1688 1688 1696 1688 1688 1688 1688
    1915 1915 1915 1904 1904 1883 1883 1883 1883 1883 1883 1894 2958
    2958 2984 2984 2933 2933 2984 0 0 0 0 0 0 0 0 0 0 1713 1705 1688
    1688 1696 1688 1688 1688 1688 1904 1915 1915 1904 1904 1894 1894
    1883 1883 1883 1883 1883 2958 2958 2984 2984 0 0 0 0 0 0 0 0 0 0 0
    1696 1696 1705 1713 1713 1713 1696 1696 1696 1696 1904 1904 1904
    1904 1915 1904 1894 1894 1883 1883 1873 1873 1853 2958 0 0 0 0 0 0 0
    0 0 0 0 0 0 1713 1696 1696 1705 1722 1722 1722 1757 1894 1894 1894
    1904 1904 1904 1904 1904 1904 1904 1894 1883 1853 1843 1843 1823
    2908 0 0 0 0 0 0 0 0 0 0 0 0 1713 1713 1705 1705 1705 1722 1722 1757
    1757 1894 1894 1894 1894 1894 1894 1663 1655 1655 1655 1883 1873
    1843 1823 1823 1813 2908 0 0 0 0 0 0 0 0 0 0 0 0 1713 1713 1713 1705
    1705 1739 1757 1757 1757 1894 1894 1894 1894 1894 1894 1655 1655
    1655 1655 1655 1655 1833 1823 1823 1813 0 0 0 0 0 0 0 0 0 0 1785
    1766 1739 1731 1731 1731 1731 1748 1757 1757 1757 1883 1883 1883
    1883 1883 1894 1894 1647 1647 1655 1655 1655 1647 1647 1823 1813
    1804 0 0 0 0 0 0 0 0 0 1785 1785 1766 1739 1739 1739 1739 1748 1757
    1757 1757 1757 1766 1863 1873 1873 1873 1873 1873 1647 1647 1663
    1663 1655 1647 1639 1639 1804 1785 0 0 0 0 0 0 1794 1776 1776 1766
    1766 1766 1748 1748 1739 1739 1739 1748 1748 1757 1766 1766 1853
    1873 1873 1873 1873 1873 1863 1671 1663 1663 1655 1647 1639 1639
    1639 1655 0 0 0 0 0 1804 1785 1776 1776 1766 1766 1766 1748 1739
    1739 1731 1731 1731 1731 1739 1766 1776 1823 1863 1863 1863 1863
    1863 1863 1671 1671 1663 1655 1647 1639 1639 1639 1655 0 0 0 0 1804
    1794 1785 1785 1776 1766 1766 1757 1739 1731 1731 1731 1731 1731
    1731 1739 1757 1776 1804 1853 1863 1853 1833 1833 1843 1688 1680
    1680 1655 1647 1647 1639 1639 1655 0 0 0 1804 1804 1794 1776 1776
    1766 1757 1748 1748 1731 1722 1722 1722 1722 1722 1722 1731 1748
    1757 1766 1843 1823 1823 1813 1813 1843 1688 1688 1688 1671 1655
    1647 1639 1639 1647 0 0 1804 1794 1794 1785 1766 1766 1757 1757 1739
    1731 1731 1722 1722 1722 1722 1722 1722 1731 1739 1748 1748 1766
    1794 1794 1785 1785 1785 1696 1696 1696 1705 1647 1639 1632 1632
    1632 0 0 1804 1794 1785 1776 1757 1757 1748 1739 1731 1722 1722 1722
    1713 1713 1713 1713 1722 1731 1739 1739 1748 1766 1785 1785 1766
    1766 1766 1696 1696 1696 1705 1632 1632 1632 1632 1632 0 0 1804 1785
    1766 1766 1757 1757 1739 1731 1731 1722 1722 1722 1713 1713 1713
    1713 1713 1722 1722 1722 1632 1632 1785 1785 1766 1766 1766 1766
    1639 1639 1639 1632 1632 1632 1632 1632 0 0 0 1748 1748 1748 1748
    1748 1739 1731 1731 1731 1731 1722 1713 1713 1713 1713 1713 1722
    1713 1680 1632 1632 1671 1655 1655 1647 1647 1647 1639 1639 1632
    1632 1632 1632 1632 1639 0 0 1739 1739 1739 1739 1739 1748 1748 1748
    1748 1739 1731 1731 1722 1713 1713 1713 1713 1713 1680 1671 1671
    1671 1671 1655 1655 1647 1647 1647 1647 1639 1632 1632 1632 1632
    1632 1632 0 0 1739 1739 1739 1739 1739 1748 1748 1748 1748 1739 1739
    1731 1722 1713 1713 1713 1713 1696 1663 1663 1663 1663 1663 1655
    1647 1647 1647 1647 1647 1639 1632 1632 1632 1632 1632 1632 0 0 1739
    1739 1739 1739 1739 1748 1748 1739 1739 1739 1731 1722 1713 1705
    1705 1705 1696 1680 1655 1655 1655 1655 1655 1647 1647 1639 1632
    1632 1639 1639 1632 1632 1639 1639 1680 1680 0 0 0 1731 1731 1739
    1739 1731 1722 1722 1731 1731 1722 1713 1705 1688 1688 1688 1680
    1671 1655 1655 1655 1655 1655 1647 1639 1639 1624 1624 1639 1639
    1639 1680 1680 1688 1688 1688 0 0 1722 1722 1731 1739 1731 1722 1713
    1713 1713 1713 1713 1696 1688 1680 1671 1671 1663 1663 1647 1647
    1647 1655 1655 1647 1639 1639 1624 1624 1688 1688 1688 1688 1688
    1688 1688 1696 0 0 1722 1722 1722 1722 1713 1696 1696 1705 1705 1705
    1688 1671 1663 1663 1663 1663 1663 1639 1639 1639 1639 1655 1663
    1655 1647 1639 1632 1632 1696 1696 1696 1696 1688 1688 1688 1696 0 0
    1748 1739 1713 1713 1696 1696 1696 1688 1688 1688 1680 1663 1655
    1655 1655 1655 1639 1632 1632 1632 1632 1655 1671 1663 1655 1655
    1663 1663 1688 1696 1696 1696 1586 1586 1586 1594 0 0 1739 1739 1680
    1680 1680 1688 1688 1688 1680 1680 1663 1655 1655 1647 1639 1632
    1632 1624 1624 1624 1624 1663 1680 1663 1663 1663 1663 1663 1688
    1601 1601 1594 1586 1586 1586 1586 1696 1696 1696 1671 1671 1671
    1671 1680 1680 1671 1663 1663 1655 1655 1639 1639 1632 1632 1632
    1624 1624 1624 1624 1655 1663 1663 1655 1655 1647 1639 1601 1594
    1586 1586 1586 1586 1579 1579 1688 1688 1688 1671 1671 1671 1671
    1671 1671 1663 1663 1663 1655 1647 1639 1639 1632 1632 1632 1632
    1632 1632 1639 1647 1655 1655 1655 1655 1647 1639 1601 1594 1586
    1586 1586 1579 1564 1564 1680 1688 1688 1671 1671 1663 1663 1663
    1663 1655 1655 1655 1655 1647 1639 1639 1639 1639 1639 1639 1647
    1647 1647 1647 1647 1632 1616 1616 1655 1655 1586 1586 1579 1579
    1572 1572 1557 1557 1680 1680 1688 1680 1671 1663 1663 1663 1663
    1655 1655 1655 1655 1655 1647 1647 1655 1655 1655 1655 1655 1639
    1639 1624 1616 1609 1609 1601 1594 1586 1579 1579 1572 1572 1572
    1572 1557 1557 1671 1680 1680 1680 1671 1663 1663 1663 1663 1663
    1663 1663 1655 1655 1655 1647 1639 1639 1647 1647 1632 1624 1624
    1616 1609 1601 1594 1586 1579 1579 1579 1564 1564 1564 1564 1572
    1564 1564 1663 1680 1680 1680 1671 1671 1663 1663 1663 1663 1663
    1663 1663 1663 1639 1632 1616 1616 1609 1601 1601 1601 1601 1601
    1601 1594 1594 1586 1579 1564 1564 1557 1557 1557 1564 1572 1586
    1586 1663 1680 1680 1688 1671 1671 1663 1663 1663 1663 1663 1663
    1655 1639 1624 1616 1609 1601 1601 1601 1601 1601 1601 1594 1594
    1579 1579 1579 1579 1564 1564 1557 1557 1557 1579 1579 1632 1632
    1647 1696 1696 1688 1671 1671 1663 1655 1655 1655 1655 1655 1647
    1609 1609 1609 1609 1601 1601 1601 1594 1594 1594 1594 1586 1579
    1579 1579 1579 1579 1594 1557 1557 1564 1624 1624 1632 1632 1696
    1696 1696 1680 1671 1663 1655 1609 1601 1594 1579 1579 1579 1579
    1579 1594 1609 1601 1601 1594 1594 1594 1594 1594 1586 1579 1579
    1579 1579 1632 1632 1632 1632 1632 1624 1624 1624 1624 0 1680 1680
    1663 1647 1639 1624 1601 1594 1579 1572 1572 1572 1572 1572 1586
    1601 1601 1601 1594 1594 1594 1594 1594 1586 1579 1579 1579 1632
    1632 1632 1632 1632 1624 1624 1624 1624 1624 0 1696 1671 1655 1647
    1639 1624 1594 1594 1579 1572 1564 1564 1564 1572 1579 1594 1594
    1594 1586 1586 1586 1601 1601 1601 1601 1616 1632 1632 1632 1632
    1632 1632 1624 1624 1624 1632 0 1696 1688 1671 1655 1647 1639 1624
    1594 1594 1572 1564 1564 1564 1564 1572 1572 1572 1579 1579 1586
    1586 1586 1601 1609 1616 1624 1632 1632 1632 1632 1632 1624 1624
    1624 1624 1624 1632 0 1696 1688 1671 1655 1639 1632 1624 1601 1594
    1572 1564 1564 1564 1564 1572 1572 1572 1572 1579 1572 1572 1601
    1632 1632 1632 1632 1632 1632 1632 1632 1624 1624 1624 1616 1616
    1624 0 0 1696 1688 1671 1655 1639 1624 1609 1601 1586 1579 1572 1564
