<?xml version="1.0"?>
<opencv_storage>
<Depth16670 type_id="opencv-matrix">
  <rows>103</rows>
  <cols>62</cols>
  <dt>w</dt>
  <data>
    3010 2984 2984 2984 3010 3010 2984 2984 2984 2984 2984 2984 2984
    2984 2984 2984 2984 2984 2984 2984 2984 2984 2984 854 854 854 854
    851 851 3010 3010 3010 3010 2984 2984 2984 2984 2984 2984 2984 2984
    2984 2984 2984 2984 2958 2958 2958 2958 2958 2958 2984 2958 2958
    2958 2958 2958 2958 2958 2958 2958 2958 3010 2984 2984 3010 3010
    3010 2984 2984 878 878 878 2984 2958 2958 2958 2984 2984 2984 2984
    2984 2984 2984 2984 854 854 854 851 849 849 3010 3010 3010 3010 2984
    2984 2984 2984 2984 2984 2984 2984 2984 2984 2984 2984 2984 2958
    2958 2933 2933 2958 2984 2984 2958 2958 2958 2958 2958 2958 2958
    2933 2933 3010 3010 3010 3010 3010 3010 3010 880 878 878 878 878 878
    875 875 869 869 3010 2984 2984 2984 2984 2984 854 854 851 851 849
    845 845 3010 3010 0 2984 2984 2984 2984 2984 2984 2984 2984 2984
    2984 2984 2984 2958 2958 2933 2933 2933 2933 2958 2958 2958 2958
    2958 2958 2933 2933 2933 2933 2933 3010 2984 2984 3010 3010 3010 880
    880 880 880 878 878 878 875 875 869 864 864 3010 849 847 847 847 849
    851 849 849 847 845 841 841 841 847 847 3010 3010 2984 2984 2984
    2984 2984 2984 2984 2984 2984 2958 2958 2933 2933 2933 2933 2958
    2958 2958 2958 2958 2933 2933 2933 2933 2933 2933 2984 875 875 873
    873 871 871 871 875 878 878 878 875 875 873 869 862 858 851 847 845
    843 843 843 845 843 841 837 837 837 839 841 847 847 854 2984 2984
    2984 2984 2984 2984 2984 2984 2984 2984 2958 2958 2933 2933 2933
    2933 2958 2958 2958 2958 2958 2933 2933 2933 2933 2933 2933 2984 875
    875 873 873 871 869 869 869 869 873 867 860 860 860 860 858 851 849
    847 843 843 843 841 839 839 837 835 835 835 837 841 847 854 854 854
    869 878 906 906 906 906 906 2984 2984 2958 2958 2933 2933 2933 2933
    2958 2958 2984 2958 2958 2933 2933 2933 2933 2933 2933 875 875 875
    875 871 869 867 867 867 867 862 860 858 858 858 856 851 851 849 847
    843 843 841 839 837 837 835 835 835 835 837 841 845 854 854 864 869
    878 885 894 898 903 906 906 2984 2984 2984 2933 2933 2908 2908 2933
    2958 2958 2958 2958 2958 2933 2933 2933 2933 2933 875 875 875 873
    871 869 867 867 867 862 862 860 858 856 854 851 851 849 849 845 843
    841 841 837 835 835 835 835 835 835 835 839 843 854 860 864 869 878
    882 894 898 903 906 906 928 933 940 946 954 962 2908 2933 2958 2958
    2958 2958 2958 2958 2933 2933 2933 2933 878 875 875 873 869 869 864
    864 864 862 860 858 858 856 854 851 851 849 849 845 843 841 841 837
    835 835 835 833 833 835 835 837 843 858 860 864 869 882 882 891 898
    903 906 915 925 930 940 946 954 959 967 989 989 998 998 2984 2984
    2958 2933 2933 2933 2933 878 875 873 871 869 869 864 864 864 862 860
    858 858 856 854 851 849 849 849 845 843 841 841 837 835 835 835 833
    833 835 835 837 843 856 858 867 869 882 882 887 896 906 908 918 925
    930 943 948 954 959 967 981 987 998 1004 1013 1016 1019 2933 2933
    2933 2933 875 875 873 871 869 869 867 864 862 860 860 858 858 856
    854 851 849 849 847 845 843 843 841 837 835 835 833 833 833 833 833
    835 854 854 856 864 869 880 880 887 896 906 908 920 925 930 943 948
    954 959 967 981 987 995 1004 1010 1016 1019 1019 2958 2958 2958 875
    875 873 871 869 869 867 864 862 860 860 858 858 856 854 851 849 849
    847 845 843 841 839 837 835 835 833 833 833 833 833 835 854 854 856
    862 867 880 880 887 894 906 906 918 925 930 943 948 954 959 970 978
    984 992 1004 1010 1016 1019 1019 1025 2958 2958 878 873 871 869 869
    869 867 864 862 860 860 858 858 856 851 849 849 847 845 843 841 841
    839 837 835 833 833 833 831 831 833 835 851 854 854 860 867 878 882
    887 894 903 906 915 923 928 943 948 954 959 970 978 984 992 1004
    1010 1016 1019 1025 1025 0 2958 875 873 869 869 867 867 867 864 862
    860 858 858 856 856 851 849 849 847 845 843 841 839 837 835 835 833
    833 833 831 831 833 835 849 854 854 860 875 878 887 887 889 903 913
    913 920 928 940 946 948 956 970 978 984 992 1004 1007 1016 1022 1025
    1025 0 2958 875 873 869 869 867 867 867 864 862 860 858 858 856 851
    849 849 847 847 845 841 839 837 837 835 835 833 833 831 831 833 833
    835 849 854 854 860 875 878 885 885 889 901 913 913 920 938 938 943
    948 956 970 975 981 989 1001 1007 1016 1016 1022 1022 0 2933 873 871
    869 869 867 867 867 864 860 858 858 858 856 851 849 847 847 843 843
    841 839 837 837 835 835 833 833 831 831 833 833 835 847 851 854 858
    873 878 885 885 889 901 906 913 920 935 935 943 948 956 970 975 981
    989 1001 1007 1016 1016 1022 0 0 0 871 869 869 867 867 867 867 862
    860 858 856 856 856 851 849 847 847 843 843 841 841 837 837 835 835
    833 833 831 831 833 833 841 845 851 858 858 871 875 885 885 894 906
    906 913 920 930 935 938 948 956 970 975 981 989 998 1007 1013 1016
    1019 0 0 0 871 869 867 867 864 864 864 862 860 858 856 856 851 849
    849 847 847 845 843 841 841 837 837 835 835 833 833 831 831 831 833
    841 845 849 856 856 869 873 882 882 894 906 906 913 920 930 935 935
    946 970 970 975 978 987 998 1007 1010 1013 1019 0 0 0 869 869 867
    867 864 862 862 860 860 858 856 856 851 849 849 845 845 843 843 841
    841 837 837 835 835 833 833 831 831 831 831 841 845 849 854 856 867
    873 880 880 894 903 906 910 918 928 935 935 943 967 967 975 978 987
    998 1004 1010 1013 1013 0 0 0 869 867 867 864 862 862 862 860 858
    858 856 851 849 847 845 845 843 843 841 841 839 837 837 835 835 833
    833 829 829 831 831 841 845 849 854 860 867 873 880 880 891 896 910
    910 918 928 938 938 940 967 967 975 978 989 995 1001 1010 1016 1016
    0 0 0 867 867 867 864 862 860 860 860 858 856 854 851 849 847 845
    843 843 843 841 841 839 837 835 835 835 833 833 829 829 829 831 839
    845 849 854 860 867 873 882 882 889 896 906 906 923 933 938 938 938
    967 967 975 978 992 995 1001 1004 1016 1016 0 0 0 867 864 864 862
    860 860 860 858 858 856 854 851 849 845 845 843 843 843 841 839 837
    835 835 833 833 831 827 827 827 829 831 837 841 849 854 860 867 871
    882 882 887 894 906 906 920 933 938 938 938 964 964 975 978 989 998
    998 1004 1013 1013 0 0 0 0 864 864 862 860 860 860 858 856 856 854
    849 849 845 845 845 843 843 841 839 837 835 835 833 833 829 827 827
    827 827 829 837 841 843 854 860 867 871 878 885 887 894 910 910 918
    933 938 938 940 964 964 975 975 989 995 995 1004 1013 1013 0 0 0 867
    867 867 864 862 860 858 856 856 854 851 849 849 845 845 843 843 843
    841 839 837 835 833 833 829 827 827 825 825 827 829 839 841 843 854
    860 864 869 873 885 887 894 903 913 918 930 935 935 948 959 964 970
    973 989 995 995 1004 1013 1013 0 0 0 867 867 867 864 862 860 858 856
    856 854 851 849 847 845 845 843 843 843 841 839 837 835 833 833 829
    827 825 825 825 825 827 841 841 845 851 858 862 869 873 882 887 896
    901 910 913 923 935 935 951 959 970 970 973 989 995 995 1004 1013 0
    0 0 0 867 867 867 864 860 860 858 856 854 851 849 849 847 845 843
    843 843 841 841 839 837 835 833 833 829 827 825 825 825 825 827 839
    841 845 851 858 860 864 873 882 889 896 901 910 913 923 930 935 951
    959 964 967 975 984 992 995 1004 1013 1013 0 0 0 867 867 864 860 860
    858 858 856 854 851 849 849 847 845 843 843 843 841 839 837 835 833
    833 833 829 827 825 825 825 825 827 837 841 845 851 856 860 864 875
    885 887 891 898 910 915 923 930 935 951 962 964 967 978 984 992 1001
    1001 1010 1013 0 0 0 867 864 864 860 860 858 858 856 854 851 849 849
    847 845 843 843 841 839 839 837 835 833 833 833 829 827 825 825 825
    825 827 831 839 845 849 854 858 862 875 882 887 889 898 908 913 923
    930 933 954 964 964 967 978 984 992 1001 1001 1010 1013 0 0 0 867
    862 860 860 858 858 858 856 854 851 849 849 847 845 843 843 841 839
    837 837 835 833 833 829 827 827 827 825 825 825 827 831 837 843 847
