<?xml version="1.0"?>
<opencv_storage>
<Depth17785 type_id="opencv-matrix">
  <rows>14</rows>
  <cols>12</cols>
  <dt>w</dt>
  <data>
    6259 6259 4983 4983 4983 4983 4983 4911 4911 4842 4842 6259 6259
    4983 4911 4911 4911 4911 4983 4983 4983 4842 4842 4983 6375 4983
    4911 4911 4911 4911 4983 4983 4983 4983 4983 4983 6259 4983 4911
    4911 4911 4911 4911 4983 4983 4983 4911 4911 6259 4983 4911 4911
    4911 4911 4911 4983 4983 4983 4911 4911 5056 4983 4911 4911 4911
    4911 4911 4911 4911 4911 4911 4911 5056 4983 4983 4911 4911 4911
    4911 4911 4911 4911 4911 4911 5056 4983 4983 4911 4911 4911 4911
    4911 4911 4911 4911 4911 5056 4983 4983 4911 4911 4911 4911 4911
    4911 4911 4911 4911 4983 4983 4983 4911 4911 4911 4911 4983 4911
    4911 4911 4911 4983 4983 4983 4911 4911 4911 4911 4983 4983 4911
    4911 4911 4983 4983 4983 4911 4911 4911 4911 4983 4983 4983 4983
    4983 4983 4983 4983 4983 4983 4983 4983 4983 4983 4983 4983 6146
    4983 4983 4983 4983 4983 4983 4983 4983 4983 4983 4983 6146</data></Depth17785>
</opencv_storage>
