<?xml version="1.0"?>
<opencv_storage>
<Depth15875 type_id="opencv-matrix">
  <rows>6</rows>
  <cols>26</cols>
  <dt>w</dt>
  <data>
    6038 6038 6038 6038 6038 6038 6038 6038 5933 5933 6038 6038 6038
    6038 5933 5933 6146 6146 6375 6375 6259 6259 6146 6038 6038 6038
    6038 6038 6038 6038 6038 6038 6038 6038 5933 5933 5933 6038 6038
    6038 5933 5933 6038 6038 6038 6146 6038 6038 6038 5933 5933 5832
    6038 6038 6146 6038 6038 6038 6038 6038 5933 5933 5933 6038 6038
    6038 5933 5933 5933 5933 5933 6038 5933 5933 5933 5933 5933 5832
    5548 5832 6146 6038 6038 6038 6038 6038 6038 6038 6038 6038 6038
    6038 5933 5933 5933 5933 5933 5933 5933 5933 5933 5933 5933 5832
    5548 5832 5832 6038 6038 6038 6038 5933 5933 6038 6038 6038 6038
    6038 6038 6038 6038 5933 5933 5933 5933 5933 5933 5933 5933 5832
    5548 5548 5548 7492 6038 6038 6038 5933 5933 6038 6038 6146 6038
    6038 6038 6038 6038 6038 6038 5933 5933 5933 5933 5933 6038 0</data></Depth15875>
</opencv_storage>
