<?xml version="1.0"?>
<opencv_storage>
<Depth19547 type_id="opencv-matrix">
  <rows>123</rows>
  <cols>99</cols>
  <dt>w</dt>
  <data>
    6622 6622 6622 6622 6622 6622 6622 6753 6753 6753 6753 6753 6753
    6753 6753 694 694 694 694 694 696 6889 6889 6889 6889 6889 6889 6889
    6753 6753 6889 7178 7178 7178 7178 7178 7178 7178 7332 7332 7332
    7178 7178 7178 7178 7332 7332 7332 7332 7492 7492 7492 7492 7492
    7332 7332 7492 7492 7492 7492 7492 7492 7660 7660 7492 7492 7492
    7660 7660 7660 7660 7492 7492 7660 7660 7660 7660 7660 7660 7835
    7835 7835 7835 7835 7835 7835 8019 8019 7835 7835 7660 7660 7660
    7660 7660 7660 7492 7492 7492 6622 6622 6753 6753 6753 6753 6753
    6753 6753 6753 6753 6753 6753 6753 6753 693 693 693 693 694 696 696
    6889 6889 7178 7178 750 750 759 7178 7178 7178 7030 7030 7178 7178
    7178 7178 7178 7178 7332 7178 7178 7332 7332 7332 7332 7332 7332
    7492 7492 7492 7492 7492 7492 7492 7492 7492 7492 7492 7492 7492
    7660 7660 7660 7660 7660 7660 7660 7660 7660 7660 7660 7660 7660
    7660 7660 7660 7660 7835 7835 7835 7835 7660 7660 8019 8019 8019
    7835 7835 7660 7660 7660 7660 7492 7492 7660 7660 7660 6622 6622
    6753 6753 6753 6753 6753 6753 6753 6753 6622 6622 6753 694 694 693
    693 693 693 693 696 696 6753 691 691 691 750 750 759 759 6622 6622
    6622 6622 7030 7030 7178 7178 7178 7178 7178 7178 7178 7030 7030
    7178 7332 7332 7332 7492 7492 7492 7492 7492 7492 7492 7492 7492
    7492 7492 7660 7660 7660 7660 7660 7660 7660 7660 7660 7660 7660
    7660 7660 7660 7660 7660 7835 7835 7835 7835 7835 7835 7835 7660
    7660 7835 8019 8019 7835 7835 7835 7835 7835 7660 7492 7492 7660
    7660 7660 0 0 6753 6753 6753 6753 6753 6753 6753 6753 6622 6622 693
    693 693 693 693 691 691 691 691 688 688 691 691 738 739 750 755 755
    755 6622 6622 6622 7030 7030 7178 7178 7178 7030 6753 6753 6753 6753
    6889 6753 6753 7178 7178 7332 7492 7492 7492 7492 7492 7492 7492
    7492 7492 7492 7492 7492 7660 7660 7660 7660 7660 7660 7660 7660
    7660 7660 7835 7660 7660 7835 7835 7835 7835 7835 7835 7835 7835
    7660 7660 7835 8019 8019 7835 7835 7835 7835 7835 7660 7492 7492
    7492 7492 7660 0 0 0 6753 6753 6753 6753 6753 6753 6753 6622 6622
    691 691 693 693 691 691 691 691 691 688 688 733 734 734 734 759 746
    746 744 744 744 739 739 739 739 750 750 750 754 754 757 762 761 761
    761 7178 7178 7332 7492 7492 7492 7492 7492 7492 7492 7492 7492 7492
    7492 7492 7660 7660 7660 7660 7660 7660 7660 7660 7660 7835 7835
    7660 7660 7835 7835 7835 7835 7835 7660 7660 7835 7660 7660 7835
    8019 8019 8019 7835 7660 7660 7835 7835 7660 7660 7492 7492 7660 0 0
    0 0 0 0 0 0 0 6753 6753 6753 690 690 691 691 691 690 690 686 686 723
    728 731 731 731 731 731 686 686 741 739 739 739 739 739 739 750 750
    750 754 754 754 761 761 761 761 761 762 761 759 759 762 764 766 7492
    7492 7492 7492 7492 7492 7492 7835 7835 7660 7492 7492 7660 7660
    7660 7660 7492 7492 7660 7660 7660 7835 7835 7835 7835 7660 7660
    7835 7835 7835 7835 8019 8019 781 778 778 780 780 7660 7660 7660
    7660 0 0 0 0 0 0 0 0 0 0 680 680 680 680 680 680 690 688 687 684 682
    682 682 722 727 730 730 730 730 687 686 684 684 739 739 739 739 739
    739 741 747 747 750 750 750 754 759 759 759 759 761 759 757 757 761
    764 764 764 762 762 764 766 766 7660 7835 7835 7835 776 776 776 780
    780 780 780 780 7660 7660 7660 7835 7835 7835 7835 7835 7835 7835
    7835 7835 7835 8019 781 780 776 776 780 778 778 7660 0 0 0 0 0 0 0 0
    0 0 0 0 680 680 679 679 680 680 682 683 683 682 682 682 682 683 683
    684 684 684 684 684 686 684 684 683 683 738 738 738 686 686 686 687
    687 687 687 687 759 759 759 759 761 759 755 755 754 754 761 762 761
    761 762 764 766 767 767 769 773 774 774 774 778 778 778 778 780 781
    783 781 781 781 787 787 787 787 787 787 790 789 781 780 780 776 776
    778 778 778 8212 0 0 0 0 0 0 0 0 0 0 0 0 680 680 679 679 680 680 680
    680 680 680 680 680 683 683 683 683 683 684 684 684 684 686 684 683
    683 684 686 686 686 686 686 687 687 687 687 687 688 691 693 693 693
    693 693 693 696 696 697 762 761 761 762 764 766 766 764 764 769 771
    771 708 708 776 774 773 773 778 780 780 780 780 780 785 785 785 785
    785 787 783 781 780 778 776 776 778 778 778 0 0 0 0 0 0 0 0 0 0 0 0
    679 679 680 679 679 680 680 680 680 680 680 680 680 683 683 684 683
    683 684 684 684 684 686 684 684 684 684 686 686 686 687 687 688 688
    688 688 688 688 691 691 693 693 693 693 693 694 694 693 693 694 764
    698 698 697 697 755 755 755 771 710 707 707 773 771 771 771 769 769
    778 778 771 771 781 781 781 783 783 785 783 781 780 778 776 776 776
    778 0 0 0 0 0 0 0 0 0 0 0 0 0 679 679 680 680 680 680 680 680 680
    680 680 680 680 683 683 684 684 684 684 684 684 684 686 686 686 686
    686 686 686 686 687 687 688 688 688 690 690 690 690 691 691 691 693
    693 693 693 694 693 693 694 694 696 696 696 696 696 697 697 697 697
    697 698 698 698 698 698 700 701 704 706 707 710 711 713 713 711 711
    713 783 781 780 778 776 776 776 0 0 0 0 0 0 0 0 0 0 0 0 0 0 679 679
    680 680 680 680 680 680 680 680 680 680 682 683 683 684 684 684 684
    684 684 684 686 686 686 686 686 686 686 686 687 687 688 688 690 690
    690 690 690 691 691 691 693 693 693 693 693 694 694 694 694 696 696
    696 696 696 696 696 696 696 697 697 697 697 697 698 698 700 701 701
    704 707 708 708 711 711 710 710 781 711 711 780 778 778 778 778 0 0
    0 0 0 0 0 0 0 0 0 0 0 680 680 680 680 680 680 680 680 680 680 680
    682 682 683 684 684 684 684 684 684 684 684 686 686 686 686 686 686
    686 687 687 687 688 690 690 690 690 691 691 691 691 691 693 693 693
    693 693 693 694 694 694 696 696 696 696 696 696 696 696 696 696 697
    697 697 697 698 698 698 700 700 700 700 700 701 701 701 708 708 781
    706 704 704 780 780 780 0 0 0 0 0 0 0 0 0 0 0 0 0 679 679 680 680
    680 680 680 680 680 680 680 682 682 682 683 683 683 683 683 684 684
    684 684 686 686 686 686 686 686 686 686 687 687 688 690 690 691 691
    691 691 691 691 691 693 693 693 693 693 693 694 694 694 696 696 696
    696 696 696 696 696 696 696 696 696 697 697 698 698 698 698 698 698
    698 700 700 700 700 700 700 701 703 701 701 701 701 701 703 704 704
    704 706 706 706 0 0 0 0 0 0 679 679 680 680 680 680 682 682 682 682
    682 683 683 683 683 683 683 683 683 684 684 684 686 686 686 687 687
    687 686 686 686 688 688 691 691 691 691 691 691 691 691 691 693 693
    693 693 693 693 694 696 696 696 696 696 696 696 696 694 694 694 696
    696 696 696 697 697 698 698 698 698 698 698 698 700 700 700 700 700
    700 701 701 701 700 700 701 701 703 704 704 704 704 704 706 0 0 0 0
    0 0 0 680 680 680 682 682 682 682 682 682 682 683 683 683 683 683
    684 684 684 684 686 686 686 686 686 687 687 686 686 686 686 687 688
    691 691 691 691 691 691 691 691 691 693 693 693 693 693 694 694 696
    696 696 696 696 696 697 694 694 694 694 696 696 696 697 697 697 698
    698 698 698 698 698 698 700 700 700 700 700 700 701 701 701 700 700
    701 703 703 704 704 704 704 704 704 0 0 0 0 0 0 680 680 680 680 682
    682 682 682 682 682 682 683 683 683 683 683 684 684 684 686 686 686
    686 686 687 687 687 686 686 686 686 687 688 691 691 691 691 691 691
    691 693 693 693 693 693 694 694 694 696 696 696 696 696 696 696 697
    694 694 694 696 696 697 697 697 697 698 698 698 698 698 698 698 698
    700 700 700 700 700 700 703 703 701 700 700 701 703 704 704 704 704
    704 704 704 0 0 0 0 0 0 680 680 680 682 682 682 682 682 682 682 682
    683 683 684 683 683 684 684 684 686 686 686 687 687 687 687 687 686
    686 686 687 688 688 691 691 691 691 691 691 691 693 693 693 694 694
    694 696 696 696 697 697 697 697 697 697 697 696 696 696 696 696 697
    697 697 698 698 698 698 698 698 698 698 698 700 700 700 700 700 701
    703 703 701 701 701 701 703 704 704 706 704 704 704 704 0 0 0 0 0 0
    680 680 680 682 682 682 682 682 683 683 683 683 684 684 684 684 684
