<?xml version="1.0"?>
<opencv_storage>
<Depth4924 type_id="opencv-matrix">
  <rows>70</rows>
  <cols>64</cols>
  <dt>w</dt>
  <data>
    4708 4774 4774 4708 4708 4708 4708 4774 4774 4774 4774 4774 4774
    4774 4774 4842 4842 4842 4842 4842 4842 4911 4911 4911 4842 4842
    4911 4842 4842 4842 1647 1647 1647 1647 1647 1647 1647 4774 4774
    4774 4774 4774 4774 4774 4774 4842 4774 4774 4774 4842 4842 4842
    4774 4774 4842 4842 4842 4842 4911 4911 4911 4911 4911 4911 4708
    4774 4708 4708 4708 4708 4774 4774 4774 4774 4774 4774 4842 4774
    4774 4842 4842 4842 4842 4842 4842 4911 4911 4911 4842 4842 1639
    1632 1632 1639 1639 1639 1639 1639 1647 1647 1647 1647 4842 4842
    4774 4774 4774 4774 4774 4842 4708 4708 4774 4774 4842 4842 4774
    4774 4842 4842 4842 4911 4911 4911 4911 4911 4911 4842 4708 4708
    4708 4708 4708 4708 4708 4774 4774 4774 4774 4774 4842 4842 4842
    4842 4842 4842 4842 4842 4842 4911 4911 4911 4911 4911 1639 1632
    1632 1639 1639 1639 1639 1639 1639 1639 1639 1655 4842 4842 4774
    4774 4708 4708 4774 4774 4708 4708 4774 4774 4774 4842 4774 4774
    4774 4774 4842 4842 4911 4911 4842 4842 4842 4842 4708 4708 4708
    4708 4708 4708 4708 4774 4774 4842 4774 4774 4774 4842 4842 4842
    4774 4774 4774 4774 4842 4911 4911 5056 5056 1624 1624 1632 1632
    1632 1632 1632 1632 1632 1639 1639 1655 1655 1655 4774 4774 4774
    4708 4708 4708 4708 4774 4774 4774 4774 4774 4842 4774 4774 4774
    4774 4774 4774 4911 4911 4842 4842 4842 4842 4708 4708 4708 4708
    4708 4708 4708 4774 4774 4774 4774 4774 4774 4774 4842 4842 4774
    4774 4774 4774 4842 5210 5210 5210 1616 1616 1616 1624 1624 1624
    1624 1624 1632 1632 1632 1639 1647 1647 1647 4842 4842 4708 4708
    4708 4708 4708 4911 4911 4842 4842 4842 4774 4774 4774 4774 4774
    4774 4774 4842 4842 4842 4842 4842 4842 4708 4708 4708 4708 4708
    4708 4708 4774 4774 4774 4774 4774 4774 4774 4774 4774 4774 4774
    4774 4774 4774 5374 5374 1601 1601 1609 1609 1616 1616 1624 1624
    1624 1632 1632 1632 1639 1639 1639 1639 1639 4708 4708 4708 4708
    4708 4708 4708 4774 4774 4774 4774 4774 4774 4774 4774 4774 4774
    4774 4842 4842 4842 4842 4842 4842 4708 4708 4708 4708 4708 4708
    4708 4774 4774 4774 4774 4774 4774 4774 4774 4774 4774 4774 4774
    1586 1586 1601 1601 1601 1601 1609 1609 1616 1616 1624 1624 1624
    1632 1632 1632 1639 1639 1639 1639 1639 4774 4774 4774 4774 4708
    4708 4708 4774 4708 4708 4774 4774 4774 4774 4774 4774 4774 4774
    4842 4842 4842 4842 4842 4842 4708 4708 4708 4708 4708 4708 4708
    4774 4774 4774 4774 4774 4708 4708 4708 4774 4774 4774 1586 1586
    1586 1586 1594 1601 1609 1609 1609 1609 1616 1624 1624 1624 1632
    1632 1632 1639 1639 1639 1639 1639 1639 4774 4774 4774 4774 4708
    4708 4645 4645 4645 4708 4708 4774 4774 4774 4774 4774 4774 4842
    4842 4842 4842 4842 4842 4708 4708 4708 4708 4708 4708 4708 4774
    4774 4774 4774 4774 4708 4708 4708 4708 1579 1579 1579 1579 1579
    1579 1586 1594 1601 1601 1609 1609 1609 1616 1616 1624 1624 1624
    1624 1632 1632 1632 1632 1594 1594 1594 4774 4774 4774 4774 4708
    4645 4645 4645 4645 4708 4708 4708 4774 4774 4774 4774 4842 4842
    4842 4842 4842 4842 4708 4708 4708 4708 4708 4708 4708 4774 4774
    4774 4774 4774 4774 1564 1564 1564 1564 1579 1579 1579 1579 1579
    1586 1594 1601 1601 1609 1609 1609 1616 1616 1624 1624 1624 1624
    1632 1632 1632 1624 1594 1586 1586 1586 4842 4774 4774 4708 4645
    4645 4645 4645 4708 4708 4708 4774 4774 4774 4774 4842 4842 4774
    4774 4774 4842 4708 4708 4708 4708 4708 4708 4708 4708 4708 4774
    4774 1550 1550 1557 1557 1564 1564 1572 1579 1579 1579 1579 1586
    1594 1594 1601 1601 1601 1609 1609 1616 1616 1616 1624 1624 1632
    1632 1632 1624 1609 1586 1586 1586 4774 4774 4774 4708 4645 4645
    4645 4645 4708 4708 4774 4774 4774 4774 4774 4842 4842 4774 4774
    4774 4842 4708 4708 4708 4774 4708 4708 4708 1557 1550 1550 1550
    1550 1550 1557 1557 1564 1564 1564 1572 1572 1579 1579 1586 1586
    1594 1594 1601 1601 1601 1609 1609 1609 1616 1616 1616 1624 1632
    1632 1624 1616 1609 1609 1609 4708 4708 4708 4708 4708 4645 4645
    4708 4708 4774 4774 4774 4774 4774 4774 4842 4842 4774 4774 4774
    4842 4645 4645 4708 4842 4708 4708 4708 1557 1550 1550 1550 1550
    1557 1557 1557 1557 1557 1564 1572 1572 1572 1579 1579 1586 1594
    1594 1601 1601 1601 1594 1594 1601 1609 1609 1616 1624 1624 1632
    1624 1624 1624 1616 1616 1616 4708 4708 4708 4708 4708 4708 4708
    4708 4774 4774 4774 4774 4774 4774 4842 4842 4842 4774 4774 4842
    4645 4645 4645 1632 1632 1632 1579 1557 1557 1550 1550 1550 1557
    1557 1557 1557 1557 1557 1564 1564 1572 1572 1572 1579 1594 1601
    1601 1594 1586 1586 1586 1594 1609 1609 1616 1616 1616 1616 1624
    1624 1624 1616 1616 1616 4708 4708 4708 4708 4708 4774 4708 4708
    4708 4708 4774 4774 4774 4774 4842 4842 4842 4774 4774 4842 4645
    4645 1632 1632 1624 1586 1572 1557 1557 1550 1550 1557 1550 1550
    1557 1557 1557 1557 1564 1564 1572 1572 1572 1572 1572 1586 1586
    1586 1586 1586 1586 1594 1601 1609 1609 1609 1616 1616 1624 1624
    1624 1624 1624 1639 1639 4645 4645 4708 4708 4774 4708 4708 4708
    4708 4708 4774 4774 4774 4842 4842 4842 4774 4774 4842 4645 1609
    1601 1594 1594 1579 1572 1564 1557 1550 1550 1550 1543 1543 1557
    1557 1557 1557 1557 1564 1564 1572 1572 1572 1572 1579 1586 1586
    1586 1586 1586 1586 1601 1609 1609 1609 1616 1616 1616 1616 1616
    1624 1624 1632 1639 4645 4645 4708 4708 4774 4708 4708 4708 4708
    4708 4774 4774 4774 4774 4774 4774 4774 4774 4774 1609 1601 1594
    1586 1586 1579 1572 1564 1557 1550 1550 1536 1536 1543 1550 1550
    1550 1550 1557 1557 1557 1572 1572 1579 1579 1579 1586 1586 1586
    1586 1586 1586 1594 1609 1609 1609 1609 1609 1616 1616 1616 1616
    1624 1632 1639 1655 1655 4708 4708 4774 4708 4708 4708 4708 4708
    4774 4708 4708 4774 4774 4774 4774 4774 4774 1609 1601 1586 1586
    1579 1579 1572 1564 1557 1550 1550 1536 1536 1543 1550 1550 1550
    1550 1557 1557 1557 1572 1572 1572 1572 1572 1579 1586 1586 1586
    1586 1586 1586 1609 1609 1609 1609 1609 1616 1616 1616 1616 1624
    1639 1639 1647 1655 1655 4774 4774 4774 4774 4708 4708 4708 4774
    4708 4708 4774 4774 4774 4774 4774 4774 1609 1601 1586 1586 1579
    1579 1572 1564 1557 1550 1550 1543 1543 1543 1550 1550 1550 1550
    1550 1557 1557 1564 1564 1572 1572 1572 1572 1579 1579 1586 1586
    1586 1586 1594 1609 1609 1609 1609 1609 1609 1609 1616 1616 1624
    1632 1639 1647 1647 4774 4774 4708 4708 4708 4708 4708 4708 4708
    4708 4708 4774 4774 4774 4774 4774 1609 1609 1594 1586 1586 1579
    1579 1572 1557 1550 1550 1543 1543 1543 1550 1550 1550 1550 1550
    1557 1557 1557 1564 1564 1564 1564 1564 1572 1579 1586 1586 1586
    1586 1586 1594 1609 1609 1609 1609 1609 1609 1616 1616 1616 1616
    1632 1632 1632 4774 4774 4708 4708 4708 4708 4645 4645 4645 4708
    4708 4774 4774 4774 4774 4774 1609 1609 1601 1586 1586 1579 1579
    1572 1557 1550 1550 1543 1543 1543 1543 1543 1550 1550 1550 1550
    1550 1557 1557 1564 1564 1564 1564 1572 1579 1579 1579 1586 1586
    1586 1594 1601 1609 1609 1609 1609 1609 1609 1609 1609 1616 1616
    1616 1624 1624 4774 4708 4708 4708 4708 4645 4645 4645 4708 4708
    4774 4774 4774 4774 4774 1616 1616 1601 1594 1586 1586 1586 1579
    1564 1550 1550 1550 1543 1543 1543 1543 1543 1550 1550 1550 1550
    1557 1557 1557 1564 1564 1564 1564 1579 1579 1579 1586 1586 1586
    1586 1594 1594 1601 1601 1601 1601 1609 1609 1609 1616 1616 1616
    1616 1616 4708 4708 4708 4708 4708 4708 4645 4582 4582 4774 4774
    4774 4774 4774 4774 1616 1616 1609 1609 1601 1586 1586 1579 1564
    1557 1557 1550 1543 1536 1536 1536 1536 1543 1550 1550 1550 1550
    1557 1557 1557 1557 1557 1557 1579 1579 1579 1579 1586 1579 1579
    1586 1586 1594 1601 1601 1601 1609 1609 1609 1609 1616 1616 1616
    1616 1616 4708 4708 4708 4708 4708 4645 4582 4582 4582 4774 4774
    4708 4708 4645 1616 1616 1609 1609 1601 1594 1586 1579 1579 1557
