<?xml version="1.0"?>
<opencv_storage>
<Depth6520 type_id="opencv-matrix">
  <rows>104</rows>
  <cols>66</cols>
  <dt>w</dt>
  <data>
    0 0 4041 4041 0 0 0 0 0 0 0 0 0 0 0 0 0 984 981 981 978 978 981 981
    987 0 0 0 0 0 3816 3816 3774 3774 3732 3692 3692 0 0 0 0 0 0 0 0 0 0
    0 0 0 0 0 0 0 0 0 0 0 0 0 0 0 0 0 0 0 0 3948 3948 3994 3994 0 0 0 0
    0 0 0 0 0 0 0 0 984 981 978 978 978 978 981 984 984 0 0 0 0 3816
    3816 3816 3774 3774 3774 0 0 0 0 0 0 0 0 0 0 0 0 0 0 0 0 0 0 0 0 0 0
    0 0 0 0 0 0 0 0 3859 3859 3948 3948 3948 0 0 0 0 0 0 0 0 0 0 0 0 984
    981 978 978 978 978 981 984 984 989 0 998 0 3903 3903 3816 3816 3816
    0 0 0 0 0 0 0 0 0 0 0 0 0 0 0 0 0 0 0 0 0 0 0 0 0 0 0 0 0 0 0 3859
    3859 3903 3948 3948 0 0 0 0 0 0 0 0 0 0 0 987 981 978 978 978 978
    978 984 987 987 989 989 998 1001 1004 1004 0 0 0 0 0 0 0 0 0 0 0 0 0
    0 0 0 0 0 0 0 0 0 0 0 0 0 0 0 0 0 0 0 0 0 3859 3859 3859 3948 0 0 0
    0 0 0 0 0 0 1001 995 989 987 981 978 975 975 973 973 981 987 987 989
    989 998 1001 1004 1004 1004 0 0 0 0 0 0 0 0 0 0 0 0 0 0 0 0 0 0 0 0
    0 0 0 0 0 0 0 0 0 0 0 0 0 3859 3859 3859 0 0 0 0 0 0 0 1025 1025
    1001 1001 995 989 984 981 975 973 973 973 973 978 984 987 989 992
    998 998 1001 1004 1004 1004 0 0 0 0 0 0 0 0 0 0 0 0 0 0 0 0 0 0 0 0
    0 0 0 0 0 0 0 0 0 0 0 0 3859 3859 3859 0 0 0 0 0 0 0 1016 1007 1001
    1001 998 989 984 978 973 970 970 970 970 978 984 987 989 989 995 998
    1001 1001 1004 1004 0 0 0 0 0 0 0 0 0 0 0 0 0 0 0 0 0 0 0 0 0 0 0 0
    0 0 0 0 0 0 0 0 3859 3859 3859 0 0 0 0 0 1022 1016 1013 1007 1001
    998 992 989 984 978 973 970 970 970 970 975 981 984 987 989 992 995
    1001 1001 1004 1007 1013 0 0 0 0 0 0 0 0 0 0 0 0 0 0 0 0 0 0 0 0 0 0
    0 0 0 0 0 0 0 0 0 3859 3859 0 0 0 0 0 1025 1022 1016 1013 1007 1001
    998 992 989 984 978 973 970 970 970 970 975 981 984 987 989 992 995
    998 1001 1004 1007 1013 0 1025 1025 1022 1022 0 0 0 0 0 0 0 0 0 0 0
    0 0 0 0 0 0 0 0 0 0 0 0 0 0 0 3903 0 0 0 0 0 0 1025 1019 1016 1010
    1004 998 992 989 987 984 975 970 970 967 967 973 975 978 981 984 987
    989 992 995 998 1004 1007 1013 1016 1019 1022 1019 1019 0 0 1025
    1025 0 0 0 0 0 0 0 0 0 0 0 0 0 0 0 0 0 0 0 0 0 0 0 0 0 0 0 0 0 1025
    1019 1016 1010 1001 998 992 989 984 981 975 970 967 967 967 973 975
    978 978 981 984 989 992 995 998 1001 1004 1007 1013 1016 1019 1019
    1019 1025 1028 1025 1025 1028 0 0 0 0 0 0 0 0 0 0 0 0 0 0 0 0 0 0 0
    0 0 0 0 0 0 0 1038 1038 1022 1016 1016 1007 1001 995 992 987 981 978
    973 967 967 967 967 973 975 978 978 981 984 987 989 992 998 1001
    1004 1007 1010 1013 1016 1019 1022 1025 1028 1031 1028 1028 1038 0 0
    0 0 0 0 0 0 0 0 0 0 0 0 0 0 0 0 0 0 0 0 0 0 1044 1038 1034 1022 1016
    1010 1004 998 995 992 984 981 975 970 967 967 964 964 970 973 975
    978 978 981 987 989 992 995 1001 1001 1004 1010 1013 1016 1019 1022
    1025 1028 1031 1038 1038 1038 1041 1044 0 0 0 0 0 0 0 0 0 0 4041
    4041 4089 4241 4241 4241 0 0 0 0 0 1041 1041 1034 1031 1019 1013
    1007 1001 998 992 989 984 978 973 967 962 959 959 964 967 970 973
    975 978 981 984 989 989 992 998 1001 1004 1007 1010 1013 1016 1019
    1025 1031 1034 1038 1038 1041 1041 1044 1050 1054 1054 0 0 0 0 0 0 0
    4041 4041 4089 4089 4139 4139 0 0 0 0 0 1041 1038 1034 1028 1016
    1010 1004 998 995 989 987 981 978 973 967 959 959 959 959 962 967
    970 973 973 981 984 989 989 992 998 1001 1004 1007 1007 1010 1013
    1019 1025 1028 1031 1038 1038 1041 1044 1047 1050 1054 1054 1054 0 0
    0 0 0 0 4089 4089 4041 4041 4041 4089 4089 4089 0 0 0 1038 1034 1031
    1022 1016 1010 1001 998 995 987 984 981 978 973 962 959 956 956 959
    962 967 970 970 973 978 981 984 987 989 995 998 1004 1004 1007 1010
    1013 1016 1022 1025 1028 1034 1038 1038 1044 1050 1054 1054 1054
    1054 1060 0 0 0 0 0 4089 4089 4041 4041 4041 4089 4089 4089 0 0 1050
    1038 1034 1031 1019 1016 1007 1001 998 995 987 984 981 978 973 959
    959 956 956 959 962 964 970 970 973 975 978 981 984 989 992 998 1001
    1004 1004 1007 1010 1016 1022 1025 1028 1031 1034 1038 1041 1050
    1054 1054 1054 1057 1060 1067 1070 0 0 0 4089 4089 4041 4041 4089
    4089 4089 4089 0 0 1047 1038 1034 1028 1019 1013 1004 1001 998 992
    987 981 978 975 970 959 959 956 956 959 962 962 967 970 973 975 978
    981 981 987 992 995 998 1001 1004 1004 1010 1016 1019 1022 1028 1028
    1031 1031 1038 1050 1050 1054 1054 1057 1060 1067 1067 1070 1077
    1077 1090 4089 4089 4041 4041 4041 4089 4089 0 0 1041 1038 1034 1028
    1019 1013 1004 1001 998 992 987 981 978 973 970 959 956 956 956 956
    959 962 967 967 970 973 975 978 981 987 989 992 995 1001 1001 1004
    1007 1013 1016 1019 1025 1028 1031 1031 1034 1047 1050 1054 1054
    1057 1063 1067 1067 1070 1077 1084 1090 1090 1094 4041 4041 4041
    4089 4089 0 0 1041 1038 1034 1028 1019 1010 1001 998 995 989 984 981
    978 973 967 959 956 956 956 956 956 959 964 967 970 973 975 978 981
    987 989 992 995 998 1001 1004 1007 1013 1016 1016 1025 1028 1028
    1031 1031 1044 1050 1054 1054 1054 1060 1067 1067 1070 1073 1080
    1087 1087 1094 1094 1094 1094 4041 4041 0 1044 1041 1038 1031 1025
    1016 1010 1001 998 992 989 984 978 975 970 962 959 954 954 954 956
    956 959 962 964 967 970 973 978 981 984 989 992 992 995 1001 1004
    1007 1013 1013 1016 1025 1028 1028 1031 1031 1041 1047 1054 1054
    1054 1060 1063 1067 1070 1073 1077 1080 1084 1090 1094 1094 1094
    4041 4041 0 1044 1038 1034 1028 1019 1013 1010 1001 995 992 987 984
    978 975 970 962 956 954 954 954 956 956 959 962 962 967 970 973 978
    978 981 987 992 992 992 998 1001 1007 1010 1013 1016 1022 1025 1028
    1028 1034 1034 1047 1054 1054 1054 1057 1063 1067 1067 1073 1077
    1077 1080 1087 1090 1094 1094 1097 1097 0 1044 1038 1034 1028 1019
    1013 1010 1001 995 989 987 981 978 975 970 959 956 954 954 954 954
    956 959 959 962 964 970 973 975 978 981 987 989 992 992 995 998 1007
    1010 1013 1016 1022 1025 1028 1028 1031 1031 1038 1050 1050 1054
    1057 1060 1063 1067 1070 1077 1077 1080 1080 1087 1094 1094 1094
    1094 0 0 1038 1034 1028 1016 1013 1010 1001 995 989 987 981 978 973
    967 959 954 951 951 951 951 956 959 959 959 962 967 970 975 975 978
    984 989 989 992 992 995 1004 1007 1010 1016 1022 1025 1028 1028 1031
    1031 1034 1044 1050 1054 1057 1060 1063 1063 1070 1073 1077 1077
    1080 1084 1090 1094 1094 1094 0 0 1038 1034 1028 1016 1013 1007 1001
    995 989 984 978 978 970 962 959 954 951 948 948 951 954 956 959 959
    962 967 970 973 975 978 981 987 989 989 992 995 1001 1004 1007 1016
    1019 1022 1025 1028 1028 1028 1031 1041 1047 1050 1054 1057 1060
    1063 1067 1073 1077 1077 1080 1080 1090 1094 1094 1097 0 0 1038 1034
    1031 1016 1010 1004 998 992 987 981 978 975 970 962 956 951 948 948
    948 948 951 956 959 959 959 964 967 970 973 975 981 987 989 989 992
    998 998 1001 1007 1016 1019 1022 1025 1025 1028 1028 1031 1038 1044
    1050 1050 1054 1057 1060 1067 1070 1073 1077 1077 1080 1087 1090
    1094 1094 0 1041 1034 1031 1019 1013 1007 1001 998 992 987 978 975
    975 962 959 956 948 946 946 946 946 948 956 959 959 959 964 967 970
    973 975 978 981 984 989 992 998 998 1001 1007 1016 1016 1019 1022
    1025 1028 1028 1031 1038 1044 1047 1050 1054 1057 1060 1063 1067
    1070 1073 1077 1077 1087 1087 1090 1090 0 1034 1031 1031 1019 1010
    1004 1001 998 989 984 978 975 975 962 959 954 948 946 943 943 946
    948 954 956 959 959 962 967 970 973 975 978 981 984 987 992 995 995
    1001 1007 1013 1016 1019 1022 1025 1025 1028 1034 1038 1044 1047
    1050 1054 1054 1060 1063 1067 1070 1073 1077 1077 1087 1087 1090
    1090 0 1034 1031 1028 1013 1007 1004 998 995 989 981 978 975 973 962
    956 954 946 943 943 943 943 946 954 956 956 959 959 964 970 970 975
    978 981 984 987 992 992 995 1001 1007 1013 1016 1019 1019 1025 1025
    1028 1031 1034 1041 1047 1050 1054 1054 1057 1063 1067 1067 1070
    1073 1077 1080 1087 1090 1090 0 1041 1028 1025 1013 1007 1004 998
