<?xml version="1.0"?>
<opencv_storage>
<Depth15390 type_id="opencv-matrix">
  <rows>13</rows>
  <cols>8</cols>
  <dt>w</dt>
  <data>
    0 5734 5734 5734 5734 5640 5640 5640 0 5734 5640 5640 5640 5640 5548
    5548 5640 5640 5640 5640 5640 5640 5548 5548 5640 5640 5640 5640
    5640 5640 5548 5548 5640 5640 5640 5640 5640 5640 5548 5460 5640
    5640 5734 5734 5734 5640 5548 5460 5640 5640 5734 5734 5734 5640
    5548 5460 5640 5640 5734 5734 5734 5640 5548 5460 5640 5640 5640
    5640 5640 5640 5640 5640 7835 5640 5640 5640 5640 5640 5640 5640
    7835 5640 5640 5640 5640 5640 5640 5640 0 0 0 0 0 5734 5640 5640 0 0
    0 0 0 5734 5640 5640</data></Depth15390>
</opencv_storage>
