<?xml version="1.0"?>
<opencv_storage>
<Depth14148 type_id="opencv-matrix">
  <rows>76</rows>
  <cols>73</cols>
  <dt>w</dt>
  <data>
    4774 4774 4774 4774 4708 4708 4645 4645 4582 4582 4582 4522 4522
    4522 4522 4522 4463 4463 4463 4463 4405 4405 4349 4295 4295 4349
    4295 4295 4295 4241 4190 4190 4190 1427 1427 1421 1415 1415 1415
    4089 4089 4041 4041 4041 4041 3994 3994 3994 3948 3948 3948 3903
    3903 3903 3903 3903 3903 3903 3859 3859 3859 3903 3816 3816 3816
    3774 3774 3774 3774 3816 3816 3774 3774 4774 4774 4774 4774 4708
    4708 4645 4645 4582 4582 4582 4522 4522 4522 4522 4522 4522 4463
    4463 4463 4405 4405 4349 4295 4295 4349 4295 4295 4295 4295 1439
    1439 1427 1427 1427 1421 1415 1410 1410 1410 4041 4041 4041 4041
    4089 4041 3994 3948 3948 3948 3948 3948 3903 3903 3903 3903 3903
    3903 3859 3859 3859 3859 3816 3816 3816 3774 3774 3774 3774 3816
    3816 3816 3774 4774 4774 4774 4774 4708 4708 4708 4645 4645 4645
    4645 4582 4522 4522 4522 4522 4522 4522 4463 4463 4405 4405 4349
    4349 4349 4349 4349 4349 1445 1445 1445 1433 1427 1427 1427 1421
    1421 1410 1410 1410 1410 4041 4041 4041 4089 4041 3994 3948 3948
    3948 3948 3948 3948 3948 3903 3903 3903 3903 3903 3859 3859 3859
    3859 3816 3816 3774 3774 3774 3774 3816 3816 3816 3816 4774 4774
    4774 4774 4708 4708 4708 4708 4645 4645 4645 4582 4522 4522 4522
    4522 4463 4463 4463 4463 4405 4405 4349 4349 4349 4405 4405 1445
    1445 1445 1433 1433 1427 1427 1427 1421 1421 1415 1410 1410 1415
    1415 4089 4089 4089 4041 4041 3994 3948 3948 3948 3948 3948 3948
    3948 3903 3903 3903 3903 3903 3903 3903 3859 3816 3816 3774 3774
    3816 3816 3816 3816 3816 3816 4842 4774 4774 4774 4774 4708 4708
    4708 4708 4708 4645 4582 4522 4522 4522 4522 4463 4463 4463 4463
    4463 4463 4463 4405 4405 4405 1445 1445 1445 1439 1433 1433 1433
    1427 1427 1421 1421 1421 1421 1415 1415 1415 4089 4089 4089 4089
    4041 3994 3994 3994 3994 3994 3948 3948 3948 3948 3903 3903 3903
    3903 3903 3903 3859 3816 3816 3774 3774 3816 3816 3816 3816 3816
    3774 4842 4774 4774 4774 4774 4774 4708 4708 4708 4708 4708 4645
    4582 4522 4522 4522 4463 4463 4463 4463 4463 4463 4463 1452 1439
    1439 1439 1439 1439 1439 1433 1433 1433 1427 1427 1427 1427 1427
    1421 1415 1415 1415 1415 4089 4089 4089 4041 4041 3994 3994 3994
    3948 3948 3948 3948 3948 3903 3903 3903 3903 3903 3903 3859 3859
    3859 3816 3816 3859 3859 3859 3816 3816 3774 4911 4842 4774 4774
    4774 4774 4774 4708 4708 4708 4708 4645 4582 4522 4522 4522 4463
    4463 4463 4463 4463 1452 1452 1452 1445 1439 1439 1439 1433 1433
    1433 1433 1433 1427 1427 1427 1427 1427 1421 1415 1415 1415 1415
    1415 4089 4089 4041 4041 3994 3948 3948 3948 3948 3948 3948 3948
    3903 3903 3903 3903 3903 3859 3859 3859 3859 3859 3859 3816 3816
    3816 3816 3816 3774 4842 4842 4774 4774 4774 4774 4774 4708 4708
    4708 4708 4645 4582 4522 4522 4522 4463 4463 4522 4522 1452 1452
    1452 1445 1445 1445 1439 1439 1433 1433 1433 1433 1427 1427 1427
    1427 1427 1421 1421 1415 1415 1410 1410 1410 1410 4089 4041 4041
    3994 3948 3948 3948 3948 3948 3948 3948 3903 3903 3903 3903 3903
    3859 3859 3859 3859 3859 3859 3816 3816 3816 3816 3816 3774 4842
    4842 4774 4774 4774 4774 4774 4708 4708 4708 4708 4645 4645 4582
    4522 4522 4522 4522 1452 1458 1458 1452 1452 1445 1445 1439 1439
    1439 1433 1433 1433 1433 1427 1427 1427 1427 1427 1421 1421 1415
    1410 1410 1410 1410 1410 1410 4041 4041 3994 3994 3994 3948 3948
    3948 3948 3948 3903 3903 3903 3903 3903 3859 3859 3859 3859 3859
    3859 3816 3816 3859 3816 3816 3774 4842 4842 4774 4774 4774 4774
    4774 4708 4708 4708 4708 4645 4645 4582 4582 4582 4645 4645 1452
    1452 1452 1458 1452 1445 1445 1439 1439 1439 1433 1433 1433 1433
    1433 1427 1427 1427 1427 1421 1421 1415 1410 1410 1410 1410 1410
    1410 3994 3994 3994 3994 3994 3994 3994 3948 3948 3948 3903 3903
    3903 3903 3903 3859 3859 3859 3859 3859 3859 3816 3816 3859 3816
    3816 3816 4911 4842 4842 4774 4774 4774 4774 4708 4708 4708 4645
    4645 4645 4582 4582 4645 4645 1452 1452 1452 1452 1458 1452 1445
    1445 1439 1439 1439 1433 1433 1433 1433 1433 1427 1427 1427 1427
    1421 1421 1415 1415 1410 1410 1410 1415 1421 1421 3994 3994 3994
    3994 3994 3994 3994 3948 3948 3903 3903 3903 3903 3903 3859 3859
    3859 3859 3859 3859 3816 3816 3859 3816 3816 3816 4911 4842 4842
    4842 4774 4774 4774 4774 4708 4708 4645 4645 4645 4708 4708 1445
    1445 1445 1452 1452 1452 1458 1452 1452 1445 1445 1445 1439 1433
    1433 1433 1433 1433 1433 1427 1427 1427 1421 1421 1421 1415 1410
    1410 1415 1421 1415 1415 1415 3994 3994 3994 3994 3994 3994 3948
    3948 3903 3903 3903 3903 3903 3903 3903 3859 3859 3859 3859 3816
    3816 3859 3859 3816 3816 4911 4911 4842 4842 4774 4774 4774 4774
    4774 4708 4708 4708 4708 4708 4708 1445 1445 1445 1452 1452 1452
    1458 1452 1452 1452 1445 1445 1439 1433 1433 1433 1433 1433 1433
    1427 1427 1427 1427 1421 1421 1415 1410 1410 1415 1415 1415 1410
    1410 1410 4041 3994 3948 3948 3948 3948 3948 3948 3948 3948 3903
    3903 3903 3859 3859 3859 3859 3859 3859 3859 3859 3859 3859 3816
    4911 4911 4911 4842 4842 4842 4774 4774 4774 4708 4708 4708 4708
    4708 1458 1445 1445 1445 1452 1452 1452 1452 1452 1452 1452 1445
    1445 1445 1439 1439 1433 1433 1433 1433 1427 1427 1427 1427 1421
    1421 1415 1410 1410 1410 1415 1415 1410 1410 1410 3948 3948 3948
    3948 3948 3948 3948 3948 3948 3948 3903 3903 3903 3859 3859 3859
    3859 3859 3859 3859 3859 3859 3859 3816 4911 4911 4911 4842 4842
    4842 4774 4774 4842 4842 1470 1470 1470 1464 1458 1452 1452 1452
    1452 1452 1452 1452 1452 1452 1452 1445 1445 1445 1445 1445 1439
    1433 1433 1433 1427 1427 1427 1427 1427 1421 1415 1410 1410 1410
    1410 1415 1410 1410 1410 3948 3948 3948 3948 3948 3994 3994 3994
    3948 3948 3903 3903 3903 3903 3903 3903 3903 3903 3859 3859 3903
    3859 3859 3816 4983 4911 4911 4911 4842 4842 4774 4774 4774 1470
    1470 1470 1470 1464 1458 1452 1452 1452 1452 1452 1452 1452 1452
    1452 1445 1445 1452 1445 1445 1445 1439 1439 1433 1433 1427 1427
    1427 1427 1427 1427 1421 1415 1410 1410 1410 1415 1410 1410 1410
    1410 3903 3903 3903 3948 3994 3994 3994 3948 3948 3903 3903 3903
    3903 3903 3903 3903 3903 3859 3859 3903 3859 3859 3816 4983 4983
    4911 4911 4911 4911 4911 4911 1470 1470 1470 1470 1470 1464 1458
    1452 1452 1452 1452 1452 1452 1452 1452 1452 1445 1445 1445 1445
    1445 1445 1445 1439 1433 1433 1427 1427 1427 1427 1427 1427 1421
    1421 1415 1415 1410 1410 1410 1410 1410 1410 3903 3903 3903 3948
    3994 3994 3994 3994 3948 3948 3948 3903 3903 3903 3903 3903 3903
    3903 3903 3903 3903 3859 3859 4983 4983 4983 4983 4983 4983 4983
    1477 1477 1470 1470 1470 1470 1464 1458 1458 1458 1458 1452 1452
    1452 1452 1452 1452 1445 1445 1445 1445 1445 1445 1445 1439 1433
    1433 1433 1427 1427 1427 1427 1427 1427 1421 1415 1415 1410 1410
    1410 1410 1410 1410 1410 3948 3948 3948 3994 3994 3994 3994 3948
    3948 3948 3903 3903 3903 3903 3903 3903 3859 3859 3903 3903 3859
    3859 4983 4983 4983 4983 4983 1477 1477 1477 1477 1470 1470 1470
    1470 1470 1464 1458 1458 1458 1452 1452 1452 1452 1452 1452 1452
    1445 1445 1445 1445 1445 1445 1439 1433 1433 1433 1433 1427 1427
    1427 1427 1427 1427 1421 1415 1410 1410 1410 1410 1410 1410 1410
    1410 4089 4089 3994 3994 3994 3994 3994 3948 3948 3948 3903 3903
    3903 3903 3903 3859 3859 3903 3903 3903 3903 1503 1496 1496 1496
    1483 1483 1477 1477 1477 1470 1470 1470 1470 1464 1464 1464 1458
    1458 1452 1452 1452 1458 1458 1452 1452 1452 1452 1445 1445 1445
    1445 1439 1433 1433 1433 1433 1427 1427 1427 1427 1427 1427 1421
    1415 1415 1415 1410 1410 1410 1410 1410 1410 1410 3994 3994 3994
    4041 4041 3994 3948 3948 3948 3903 3903 3903 3903 3903 3903 3903
    3948 3948 3903 3903 1503 1496 1496 1483 1483 1483 1477 1477 1477
    1477 1470 1470 1470 1464 1464 1464 1458 1458 1452 1452 1458 1458
