<?xml version="1.0"?>
<opencv_storage>
<Depth18528 type_id="opencv-matrix">
  <rows>41</rows>
  <cols>7</cols>
  <dt>w</dt>
  <data>
    6146 4983 4983 4983 4983 4983 5056 6146 4983 4983 4983 4983 4983
    5056 6146 4983 4983 4983 4983 4983 4983 6146 4983 4983 4983 4983
    4983 4983 6146 4983 4911 4911 4983 4983 4983 6146 4983 4911 4911
    4983 4983 4983 6259 4983 4911 4911 4983 4983 4983 6146 4983 4911
    4911 4911 4911 4983 4983 4983 4911 4911 4911 4911 4983 4983 4983
    4983 4911 4842 4842 4842 4842 4842 4911 4842 4842 4842 4842 4842
    4842 4842 4842 4842 4842 4842 4842 4842 4842 4842 4842 4842 4842
    4842 4842 4842 4842 4842 4842 4842 4774 4774 4774 4774 4774 4774
    4774 4774 4774 4774 4774 4774 4774 4774 4842 4842 4842 4842 4774
    4774 4774 4842 4842 4842 4774 4774 4774 4774 6038 4842 4774 4774
    4774 4774 4774 5933 4842 4774 4774 4774 4708 4708 4842 4842 4774
    4774 4774 4708 4708 4774 4774 4774 4774 4774 4708 4708 4774 4774
    4708 4708 4708 4708 4708 4774 4708 4708 4708 4708 4645 4645 4708
    4708 4708 4708 4645 4645 4645 4708 4708 4645 4645 4645 4645 4645
    4708 4708 4645 4645 4645 4645 4645 4774 4708 4708 4708 4645 4645
    4708 4708 4708 4708 4708 4708 4708 4708 4708 4708 4708 4708 4708
    4708 4708 4708 4645 4645 4645 4645 4708 4708 4708 4645 4645 4645
    4645 4645 4645 4708 4645 4645 4645 4645 4645 4645 4708 4645 4645
    4582 4582 4645 4645 4708 4645 4645 4582 4582 4582 4582 4645 4645
    4645 4582 4582 4582 4582 4645 4645 4645 4645 4645 4582 4582 4645
    4645 4645 4645 4645 4582 4582 4645 4645 4582 4582 4582 4582 4522
    4645 4645 4582 4582 4582 4522 4522 5832 4582 4582 4582 4582 4522
    4522</data></Depth18528>
</opencv_storage>
