<?xml version="1.0"?>
<opencv_storage>
<Depth12386 type_id="opencv-matrix">
  <rows>19</rows>
  <cols>14</cols>
  <dt>w</dt>
  <data>
    4774 4708 4708 4708 4708 4708 4708 4708 4708 4708 4708 4708 4708
    6497 4774 4708 4708 4708 4708 4708 4708 4708 4708 4708 4708 4708
    4708 6497 4708 4708 4708 4708 4708 4708 4708 4708 4708 4708 4708
    4708 4708 6622 4708 4708 4708 4708 4708 4708 4708 4708 4708 4708
    4708 4708 4708 6622 4708 4708 4708 4708 4708 4708 4708 4708 4708
    4708 4708 4774 4774 6622 4708 4708 4645 4645 4645 4645 4708 4708
    4708 4708 4708 4774 4774 6497 4708 4708 4645 4645 4645 4645 4708
    4708 4708 4708 4708 4774 4774 6497 4774 4708 4708 4708 4708 4645
    4645 4708 4708 4708 4708 4774 4774 6497 4774 4708 4708 4708 4645
    4645 4645 4645 4708 4708 4708 4774 4774 6497 4708 4708 4708 4708
    4645 4645 4645 4645 4708 4708 4708 4774 4708 4708 4708 4708 4708
    4708 4645 4645 4645 4645 4708 4708 4708 4774 4708 4708 4708 4708
    4708 4708 4645 4645 4645 4645 4708 4708 4708 4774 4708 4708 4708
    4708 4708 4708 4708 4708 4708 4708 4708 4708 4708 4774 4774 4774
    4708 4708 4774 4708 4708 4708 4708 4708 4708 4708 4708 4774 4774
    4774 4774 4774 4774 4708 4708 4708 4645 4645 4708 4708 4708 4774
    4842 4842 4774 4708 4708 4645 4645 4645 4582 4582 4708 4708 4708
    4842 4774 4774 4774 4708 4708 4645 4645 4645 4522 4522 4645 4708
    4708 4842 4774 4774 4774 4774 4708 4645 4645 4645 4522 4522 4645
    4708 4708 4842 4774 4774 4842 4774 4774 4708 4645 4645 4645 4645
    4645 4911 4911 4842 4842 4842</data></Depth12386>
</opencv_storage>
