<?xml version="1.0"?>
<opencv_storage>
<Depth1111 type_id="opencv-matrix">
  <rows>77</rows>
  <cols>105</cols>
  <dt>w</dt>
  <data>
    2701 2701 2701 2701 2680 2680 2701 2701 2701 2701 2680 2680 1001
    1001 1001 1001 1004 1004 1007 1004 1004 2659 2659 2659 2701 2701
    2680 2659 2659 2659 2659 2659 2659 2680 2659 2659 2659 2659 2659
    2659 2659 2659 2659 2659 2659 2659 2659 2659 2659 2659 2659 2639
    2618 2618 2618 2618 2618 2618 2618 2618 2618 2639 2618 2618 2618
    2618 2618 2618 2618 2618 2618 2618 2618 2618 2618 2618 2618 2618
    2618 2598 2598 2598 2598 2598 2598 2598 2618 2618 2598 2598 2579
    2579 2579 2579 2579 2579 2579 2579 2579 2579 2579 2598 2598 2598
    2598 2723 2723 2701 2701 2701 2701 2723 2723 2723 2723 2701 1004
    1001 1001 1001 1001 1004 1004 1004 1004 1004 1004 1007 1007 1010
    1007 1007 1007 1007 1007 2659 2680 2680 2680 2659 2659 2659 2659
    2659 2659 2680 2659 2659 2659 2659 2659 2659 2659 2659 2659 2659
    2639 2639 2639 2639 2618 2618 2618 2618 2618 2639 2639 2639 2639
    2618 2618 2618 2618 2618 2618 2618 2618 2618 2618 2618 2618 2618
    2618 2618 2618 2598 2598 2618 2618 2618 2618 2618 2618 2618 2598
    2598 2598 2598 2598 2598 2598 2598 2598 2598 2579 2579 2598 2598
    2598 2598 2723 2723 2723 2723 0 0 0 995 0 0 0 998 998 998 1001 1001
    1001 1001 1004 1004 1004 1004 1007 1007 1007 1007 1007 1007 1007
    1007 1010 1010 1010 1007 1007 1007 2659 2659 2659 2659 2701 2701
    2701 2680 2680 2680 2659 2659 2659 2680 2659 2639 2639 2639 2639
    2639 2639 2639 2639 2639 2639 2639 2639 2639 2639 2639 2639 2639
    2639 2639 2618 2618 2618 2618 2618 2618 2618 2618 2618 2618 2618
    2618 2618 2618 2618 2618 2618 2618 2618 2618 2618 2618 2618 2618
    2618 2598 2598 2598 2618 2618 2598 2598 2598 2598 2598 2723 2723
    2723 2723 0 0 0 0 0 0 995 995 995 995 995 995 998 998 1001 1001 1004
    1004 1004 1004 1004 1004 1004 1004 1004 1004 1010 1010 1010 1007
    1007 1007 1007 1007 2744 2744 2723 2723 2723 2680 2680 2680 2659
    2659 2659 2680 2680 2659 2659 2659 2639 2639 2639 2639 2639 2639
    2639 2639 2639 2639 2639 2639 2639 2639 2639 2639 2639 2639 2639
    2639 2639 2639 2618 2618 2618 2618 2618 2618 2618 2618 2618 2618
    2639 2639 2618 2618 2618 2639 2639 2618 2618 2618 2618 2618 2618
    2618 2618 2618 2598 2598 2598 2723 2723 2723 2723 0 0 0 0 0 0 995
    992 992 992 992 995 995 995 998 998 1001 1001 1001 1001 1001 1004
    1001 1001 1004 1004 1007 1007 1007 1007 1007 1007 1007 1007 1007
    1007 1007 1007 1010 1010 1013 1013 2659 2659 2659 2701 1013 1013
    1013 2639 2639 2659 2639 2639 2639 2639 2639 2639 2659 2659 2639
    2639 2639 2639 2639 2639 2639 2639 2639 2639 2639 2639 2639 2639
    2639 2639 2639 2639 2639 2639 2639 2639 2639 2639 2639 2618 2618
    2639 2639 2639 2639 2618 2618 2618 2618 2618 2618 2618 2618 2618
    2618 2744 2744 2723 2723 0 0 0 0 0 0 992 992 992 992 992 995 995 995
    995 995 998 998 998 1001 1001 1001 1001 1001 1001 1001 1001 1004
    1004 1004 1004 1004 1004 1004 1004 1004 1004 1004 1007 1007 1010
    1010 1010 1010 1010 1013 1013 1010 1010 1010 1013 1013 2639 2639
    2659 2659 2659 2659 2659 2659 2659 2639 2639 2639 2639 2639 2639
    2639 2639 2639 2659 2639 2639 2639 2639 2639 2639 2639 2639 2639
    2639 2639 2639 2639 2639 2639 2639 2639 2639 2639 2639 2639 2639
    2639 2639 2639 2639 2639 2639 2639 2639 2744 2744 2744 2744 0 0 0 0
    0 992 992 989 989 992 992 992 992 992 992 995 995 995 995 998 998
    998 998 998 998 1001 1001 1001 1001 1001 1004 1004 1001 1001 1001
    1004 1004 1004 1004 1007 1007 1007 1007 1004 1004 1007 1010 1010
    1010 1010 1010 1010 1010 1010 1010 1010 1010 1007 1007 1013 1013
    2659 2639 2639 2639 2639 2639 2639 2659 2659 2659 2659 2659 2659
    2659 2659 2659 2659 2659 2659 2659 2659 2639 2639 2639 2639 2639
    2639 2639 2639 2639 2639 2639 2639 2639 2639 2639 2639 2639 2639
    2639 2767 2789 2744 2744 0 0 0 0 0 992 992 989 989 992 992 992 992
    992 992 992 992 992 995 995 995 998 995 995 998 998 998 1001 1001
    1001 1001 1001 1001 1001 1001 1001 1001 1001 1004 1004 1004 1007
    1004 1001 1001 1004 1004 1007 1007 1007 1007 1007 1007 1010 1010
    1010 1010 1007 1007 1010 1013 1013 1013 1013 1010 1010 2639 2639
    2659 2659 2680 2680 2659 2659 2659 2659 2659 2659 2659 2659 2659
    2659 2659 2659 2639 2639 2639 2639 2659 2659 2659 2659 2659 2659
    2659 2659 2639 2639 2639 2639 2639 2789 2789 2767 2767 0 0 0 0 0 0
    992 989 989 989 992 992 992 992 992 992 992 992 992 992 992 992 995
    995 995 995 998 998 998 998 1001 1001 1001 1001 1001 1001 1001 1001
    1001 1001 1001 1001 1001 1001 1001 1001 1001 1004 1007 1004 1004
    1004 1007 1007 1007 1010 1010 1010 1010 1010 1010 1010 1010 1010
    1010 1010 1010 1010 1013 1016 1016 1016 1016 2659 2659 2659 2659
    2659 2659 2659 2659 2659 2659 2659 2659 2639 2639 2639 2659 2659
    2680 2659 2659 2659 2659 2659 2659 2659 2639 2639 2639 2789 2789
    2767 2767 0 0 0 0 0 0 989 989 989 989 989 989 989 989 989 989 989
    992 992 992 992 992 992 992 992 995 995 995 998 998 998 998 998 1001
    1001 1001 1001 1001 1001 1001 1001 1001 1001 998 998 998 998 1001
    1001 1001 1001 1001 1001 1004 1004 1004 1007 1007 1007 1010 1010
    1010 1010 1010 1010 1010 1010 1010 1010 1013 1016 1016 1013 1013
    1013 1013 1013 1013 2659 2659 1019 1019 1019 1019 2659 2659 2639
    2639 2659 2659 2680 2680 2680 2659 2659 2659 2680 2659 2659 2639
    2639 2789 2789 2744 2744 0 0 0 0 0 984 984 984 984 987 987 987 987
    989 989 989 989 989 989 989 992 992 992 992 992 992 995 995 995 995
    995 995 995 998 998 998 998 998 998 998 1001 1001 1001 998 998 998
    998 998 998 1001 1001 1001 1001 1001 1001 1001 1004 1004 1007 1010
    1007 1007 1010 1007 1007 1007 1007 1007 1010 1013 1013 1013 1013
    1013 1013 1013 1013 1013 1013 1013 1016 1016 1016 1016 1019 1022
    1022 2659 2659 1022 1022 1028 2618 2618 2618 2680 2680 2680 2659
    2659 2659 2789 2789 2744 2744 0 0 0 0 0 984 984 984 984 984 984 984
    984 987 989 989 989 989 989 989 989 989 989 992 992 992 992 992 992
    992 992 992 992 995 995 995 995 995 995 995 998 998 1001 998 998 998
    998 998 998 998 998 998 998 1001 998 998 1001 1001 1001 1004 1004
    1004 1007 1007 1007 1004 1004 1007 1007 1010 1013 1013 1013 1013
    1013 1013 1013 1013 1013 1013 1013 1013 1013 1013 1016 1019 1016
    1016 1016 1019 1022 1025 1025 1025 2618 2680 2680 2680 2680 2680
    2680 2789 2789 0 0 0 0 0 0 0 984 981 981 981 984 984 984 984 984 984
    987 989 989 987 987 989 989 989 989 989 992 992 992 992 992 992 992
    992 992 992 992 992 995 995 995 995 995 998 995 995 995 995 998 998
    998 998 998 998 998 998 998 998 1001 1001 1001 1001 1001 1001 1001
    1001 1001 1001 1004 1007 1007 1010 1010 1010 1010 1010 1010 1013
    1013 1013 1013 1013 1013 1013 1013 1013 1016 1016 1016 1016 1016
    1019 1019 1022 1019 1019 1019 1022 2680 2680 2680 2680 2789 2789 0 0
    0 0 0 0 0 981 981 981 981 981 981 984 984 984 984 984 987 989 987
    987 987 989 989 989 989 989 989 989 989 989 989 992 992 992 992 992
    992 992 992 995 995 995 995 995 995 995 995 995 995 995 995 995 995
    995 998 998 998 998 998 1001 998 998 1001 1001 1001 1001 1001 1001
    1004 1004 1004 1004 1004 1007 1007 1007 1010 1010 1010 1010 1010
    1010 1010 1010 1013 1013 1013 1013 1013 1013 1016 1016 1019 1016
    1016 1019 1022 1022 1022 2723 2701 2812 0 0 0 0 0 0 0 0 978 978 981
    981 981 981 981 981 981 981 981 984 987 987 987 987 987 987 989 989
    989 989 989 989 989 989 989 992 992 992 992 992 992 992 992 992 992
    992 992 992 995 995 995 995 995 995 995 995 995 995 995 995 998 998
    998 998 998 998 998 1001 1001 1001 1001 1001 1001 1001 1001 1001
    1001 1004 1004 1004 1007 1007 1010 1010 1010 1010 1010 1010 1010
    1010 1010 1013 1013 1013 1013 1016 1016 1016 1016 1019 1019 1019
    1019 1019 2835 0 0 0 0 0 0 0 0 978 978 978 978 981 981 981 981 981
    981 981 981 981 984 984 984 987 987 987 987 989 989 989 989 989 989
