<?xml version="1.0"?>
<opencv_storage>
<Depth6735 type_id="opencv-matrix">
  <rows>36</rows>
  <cols>15</cols>
  <dt>w</dt>
  <data>
    3539 2639 2639 2639 2618 2598 2579 2579 1219 1219 1219 1219 1219 0 0
    3539 2639 2639 2639 2618 2598 2579 2579 2560 2560 2560 0 0 0 0 2639
    2639 2639 2618 2598 2598 2579 2579 2560 2560 2560 0 0 0 0 2639 2639
    2639 2598 2598 2579 2579 2579 2560 2560 2560 2560 0 0 0 2639 2639
    2639 2598 2598 2579 2579 2579 2560 2560 2560 2541 2541 2541 0 2639
    2639 2639 2618 2598 2579 2579 2560 2560 2560 2560 2541 2541 2541
    2541 2639 2639 2639 2618 2598 2579 2579 2560 2560 2560 2560 2560
    2560 2541 2541 2598 2639 2639 2618 2598 2579 2579 2560 2560 2560
    2560 2560 2560 2541 2541 2579 2618 2618 2598 2579 2579 2579 2560
    2560 2560 2560 2560 2560 2541 2541 2579 2598 2598 2579 2579 2579
    2579 2560 2560 2560 2560 2560 2560 2560 2560 2639 2598 2598 2579
    2579 2579 2560 2560 2560 2541 2541 2541 2560 2560 2560 3503 2618
    2598 2579 2579 2579 2560 2560 2560 2541 2541 2541 2541 2541 2503
    2639 2618 2618 2598 2579 2579 2560 2560 2560 2541 2541 2541 2541
    2541 2503 2639 2618 2618 2598 2579 2560 2541 2541 2541 2541 2541
    2541 2541 2522 2522 3503 2618 2598 2598 2579 2560 2541 2541 2541
    2541 2541 2541 2522 2522 2522 3503 2618 2579 2579 2579 2560 2560
    2541 2541 2541 2541 2541 2522 2503 2503 3503 2618 2579 2579 2560
    2560 2560 2541 2541 2541 2541 2541 2522 2503 2503 3503 2598 2579
    2579 2560 2560 2560 2541 2541 2541 2541 2522 2522 2503 2503 3468
    2598 2579 2579 2560 2560 2541 2541 2541 2541 2522 2522 2503 2503
    2485 2639 2639 2579 2579 2560 2560 2541 2541 2522 2522 2522 2503
    2503 2503 2485 2639 2618 2579 2579 2560 2560 2541 2522 2522 2522
    2522 2503 2503 2503 2503 2639 2618 2579 2579 2560 2560 2541 2522
    2503 2503 2503 2503 2503 2503 2503 3433 2598 2579 2579 2560 2560
    2541 2522 2503 2503 2503 2503 2503 2485 2485 3433 2598 2579 2579
    2560 2560 2541 2522 2522 2503 2503 2503 2503 2485 2467 3433 3399
    2579 2579 2560 2560 2541 2522 2522 2503 2503 2503 2503 2485 2467
    3433 3399 2579 2579 2560 2560 2541 2522 2522 2503 2503 2503 2503
    2485 2467 3433 3399 2579 2579 2560 2541 2522 2522 2503 2503 2503
    2503 2503 2503 2485 3433 3399 2579 2579 2560 2541 2522 2522 2503
    2503 2503 2485 2485 2503 2503 3399 3399 2579 2579 2560 2541 2522
    2503 2503 2503 2503 2485 2485 2503 2503 3399 3399 2579 2579 2560
    2541 2522 2503 2503 2503 2503 2485 2485 2503 2503 3399 3399 3365
    2579 2560 2541 2522 2503 2503 2503 2503 2485 2485 2485 2485 3399
    3399 3365 2579 2560 2541 2522 2503 2503 2503 2503 2485 2485 2485
    2485 3399 3399 3365 2579 2560 2541 2522 2522 2503 2503 2503 2485
    2485 2503 0 3399 3399 3399 3399 2560 2541 2522 2522 2503 2503 2485
    2485 2485 2485 0 3399 3399 3399 3399 2579 2560 2522 2522 2503 2503
    2485 2485 2485 2485 0 3399 3399 3399 3399 2579 2560 2522 2522 2503
    2503 2485 2485 2485 2485 2485</data></Depth6735>
</opencv_storage>
