<?xml version="1.0"?>
<opencv_storage>
<Depth17459 type_id="opencv-matrix">
  <rows>72</rows>
  <cols>79</cols>
  <dt>w</dt>
  <data>
    3064 3120 3120 3120 3064 3064 3037 928 925 925 923 920 920 920 920
    920 920 918 915 915 915 915 915 913 913 910 908 908 908 906 906 906
    906 906 906 906 906 903 903 901 898 898 898 898 901 901 901 901 898
    898 896 896 894 891 891 891 891 891 891 891 891 891 889 889 889 887
    885 885 885 885 887 885 885 885 885 885 882 882 2767 0 0 0 0 0 0 0
    928 925 925 923 920 920 920 920 918 918 918 918 918 915 915 915 913
    913 910 908 908 908 908 908 908 908 908 906 906 903 903 903 901 901
    901 901 901 901 901 901 898 898 898 896 896 894 891 891 891 891 891
    894 891 891 889 889 889 889 887 887 885 885 885 885 885 885 882 882
    882 882 880 880 0 0 0 0 0 0 940 925 925 925 923 920 920 920 920 918
    918 918 918 918 915 915 913 913 913 910 910 910 910 908 908 908 908
    908 906 906 903 901 901 901 901 901 901 901 901 898 898 898 898 898
    896 894 894 894 894 894 891 891 894 891 891 889 889 887 887 887 885
    885 885 885 885 885 882 882 882 882 882 878 878 0 0 0 0 0 0 940 933
    928 928 920 920 920 920 920 918 918 918 918 918 915 913 913 913 910
    910 908 908 910 908 908 908 908 908 906 906 903 901 901 901 901 901
    901 901 901 898 898 898 898 896 896 894 894 894 891 891 894 894 894
    891 891 889 889 887 887 887 885 885 885 885 885 885 882 882 880 880
    878 878 878 0 0 0 0 0 0 940 930 930 928 920 920 920 920 920 918 918
    918 918 918 915 913 913 910 910 910 908 908 908 908 906 906 906 906
    906 906 903 901 901 901 901 901 901 901 901 898 898 898 896 894 894
    894 894 894 891 891 891 891 891 891 891 889 887 887 887 887 885 885
    885 882 882 882 882 882 880 880 878 878 878 0 0 0 0 0 0 0 930 930
    928 920 920 920 920 920 920 918 918 918 918 915 915 913 910 910 910
    908 908 908 906 906 906 906 906 903 901 901 901 901 901 901 898 898
    901 901 898 898 898 896 894 894 894 894 894 891 891 891 891 891 891
    889 887 887 887 887 887 885 885 882 882 882 882 882 882 880 880 880
    878 878 0 0 0 0 0 0 0 933 930 925 920 920 920 920 918 918 918 918
    915 915 915 915 913 910 910 910 908 908 908 906 906 906 906 906 903
    901 901 901 901 901 898 898 898 901 901 898 898 898 896 894 894 894
    894 894 891 891 891 891 891 891 887 887 887 887 887 887 885 885 882
    882 882 882 882 882 880 880 880 880 880 0 0 0 0 0 0 0 0 930 925 920
    920 920 920 918 918 918 918 915 915 913 913 913 910 910 910 910 910
    908 906 906 906 906 903 903 901 901 901 901 901 898 898 898 898 898
    898 896 896 896 894 894 894 894 894 891 891 891 891 891 889 887 887
    887 885 885 887 885 885 882 882 882 882 882 880 878 878 880 880 880
    0 0 0 0 0 0 0 0 928 923 920 920 920 920 920 918 918 915 913 913 913
    913 913 910 910 910 908 908 908 908 906 906 906 903 903 901 901 901
    901 898 898 898 898 898 898 898 896 896 896 894 894 894 894 891 891
    891 891 891 891 889 887 887 887 885 885 887 885 885 882 882 882 882
    880 880 878 878 878 880 880 0 0 0 0 0 0 0 933 928 923 920 920 918
    918 918 918 918 915 913 913 913 913 913 910 910 910 908 908 908 908
    906 906 903 903 903 901 901 901 898 898 898 898 898 901 898 898 896
    896 894 894 894 894 894 891 891 891 891 891 889 889 887 887 887 887
    885 885 885 885 885 882 882 880 880 880 878 878 878 878 878 0 0 0 0
    0 0 938 930 928 920 920 920 918 918 918 918 918 913 913 913 910 910
    910 910 910 910 908 908 908 908 906 906 903 903 903 901 901 901 898
    898 898 898 898 901 898 898 896 894 894 894 894 891 891 891 891 891
    891 891 889 887 887 885 885 885 885 885 885 885 882 882 882 880 880
    880 878 878 878 878 878 0 0 0 0 0 0 933 930 928 920 920 920 918 918
    918 918 918 913 913 913 910 910 910 910 910 910 910 908 908 908 906
    906 903 903 901 901 901 901 901 898 898 898 898 898 898 898 896 894
    894 894 891 891 891 891 891 891 891 889 889 887 887 885 885 885 885
    885 885 882 882 882 882 880 880 880 878 878 878 875 875 0 0 0 0 0 0
    933 930 928 920 920 920 918 918 918 918 915 913 913 913 910 910 910
    910 910 910 910 908 908 908 906 906 903 903 901 901 901 901 901 901
    898 898 898 898 898 898 896 894 894 894 891 891 891 891 891 891 889
    889 887 887 887 885 885 885 885 885 885 882 882 882 882 880 880 880
    880 880 878 875 875 0 0 0 0 0 0 930 928 925 920 920 920 918 918 918
    918 915 915 913 913 910 910 910 910 910 910 910 908 908 908 906 906
    906 903 903 901 901 898 898 901 898 898 896 896 898 896 896 894 894
    894 891 891 891 891 891 891 889 889 887 887 887 885 885 885 885 885
    885 882 882 882 880 880 880 880 880 880 875 875 875 0 0 0 0 0 0 928
    928 920 920 920 920 918 918 918 915 915 915 913 913 910 910 910 910
    910 910 908 908 908 908 908 906 906 903 903 901 901 898 898 898 898
    898 896 896 898 896 896 894 894 894 894 891 891 891 891 891 889 889
    887 887 887 885 885 885 885 885 885 882 882 882 880 880 878 878 880
    878 875 875 875 0 0 0 0 0 0 928 928 920 920 920 920 918 918 918 915
    915 915 913 913 913 913 910 910 910 908 908 908 908 906 906 906 903
    903 901 901 898 898 898 898 898 898 896 896 898 896 896 894 894 894
    894 891 891 891 891 891 891 889 887 887 885 885 885 885 885 885 885
    882 882 882 880 880 878 878 880 878 878 875 875 0 0 0 0 0 0 933 930
    920 920 920 920 920 918 918 915 915 915 913 913 913 913 910 910 910
    908 908 908 908 906 906 906 903 903 901 901 898 898 898 898 898 898
    896 896 896 896 896 894 894 894 894 891 891 891 891 891 891 889 887
    887 885 885 885 885 885 885 885 885 882 882 880 880 880 880 878 878
    878 875 875 0 0 0 0 0 940 935 928 920 920 920 920 920 918 918 915
    915 915 913 913 913 913 910 910 910 908 908 908 906 906 906 903 903
    901 901 901 898 898 898 898 896 896 896 896 896 896 894 894 894 894
    894 891 891 891 891 891 891 889 887 887 885 885 885 885 885 882 882
    882 882 882 880 880 880 878 878 878 878 875 875 0 0 0 0 0 935 930
    928 920 920 920 920 918 918 918 915 915 913 913 913 913 913 910 910
    910 908 908 908 906 906 906 903 903 901 901 901 898 898 898 898 896
    896 898 898 896 894 894 894 894 894 894 894 891 891 891 891 891 889
    887 885 885 885 885 885 885 882 882 882 882 880 880 880 878 878 878
    878 878 875 875 0 0 0 0 0 933 930 923 920 920 920 920 918 918 918
    915 915 913 913 910 910 913 910 910 910 910 908 908 906 906 903 903
    903 903 901 901 898 898 898 898 896 896 898 898 896 894 894 894 894
    894 894 891 891 891 891 891 891 889 887 885 885 885 885 885 885 882
    882 882 880 880 880 880 878 878 878 878 878 875 875 0 0 0 0 0 933
    930 923 920 920 920 920 918 918 918 915 915 913 913 910 910 910 910
    908 908 908 908 908 906 906 903 903 903 903 901 901 901 898 898 898
    896 896 898 898 896 894 894 894 894 894 894 891 891 889 889 889 889
    889 887 887 885 885 885 885 885 882 882 882 880 880 880 880 878 878
    878 878 878 875 875 0 0 0 0 0 933 930 923 920 920 920 920 918 918
    918 918 915 915 913 910 910 910 908 908 908 908 908 908 906 906 906
    903 903 903 901 901 898 898 898 898 896 896 898 898 896 894 894 894
    891 891 891 891 889 889 889 889 889 889 887 885 885 885 885 885 885
    885 882 882 880 880 880 880 878 878 878 878 878 875 875 0 0 0 0 0
    933 930 923 920 920 920 918 918 918 915 915 915 915 913 910 910 910
    908 908 908 908 908 908 906 906 903 903 901 901 901 898 898 898 898
    898 896 896 898 898 896 894 894 894 891 891 891 889 889 889 889 889
    889 889 887 885 885 885 885 885 885 885 885 882 882 880 878 878 875
    875 875 875 875 875 875 0 0 0 0 0 933 928 923 920 920 920 918 918
    918 915 915 915 915 913 910 910 910 910 910 908 908 908 908 908 906
    903 903 901 901 901 898 898 898 898 898 896 896 898 896 896 894 894
    894 891 891 891 889 889 889 889 889 889 887 885 885 885 885 885 885
    885 885 885 882 882 882 878 878 875 875 875 875 875 875 875 0 0 0 0
    935 930 928 923 920 920 920 918 918 918 915 915 915 913 913 910 910
