<?xml version="1.0"?>
<opencv_storage>
<Depth13102 type_id="opencv-matrix">
  <rows>21</rows>
  <cols>8</cols>
  <dt>w</dt>
  <data>
    0 0 0 0 5933 5933 5933 5832 0 0 0 0 5933 5933 5832 5832 0 0 0 5832
    5832 5933 5832 5832 0 0 0 5832 5832 5933 5832 5832 0 0 0 5832 5832
    5832 5832 5832 0 0 5832 5832 5832 5832 5832 5832 0 0 5832 5832 5832
    5832 5734 5734 0 5933 5832 5832 5832 5832 5734 5734 0 5933 5933 5933
    5832 5832 5734 5734 0 6038 5933 5933 5933 5832 5832 0 0 6038 5933
    5933 5933 5832 5832 0 0 6038 5933 5933 5933 5933 0 0 0 5832 5832
    5933 5933 6038 0 0 0 5832 5832 5933 5933 6146 0 0 6038 5933 5933
    5933 5933 0 0 0 6038 5933 5933 5933 5933 0 0 0 6038 5933 5832 5832
    5832 0 0 0 6038 5933 5832 5832 5832 5832 0 0 6038 5933 5832 5832
    5832 5832 0 0 6038 5933 5832 5832 5832 0 0 0 0 5832 5832 5832 5832 0
    0 0</data></Depth13102>
</opencv_storage>
