<?xml version="1.0"?>
<opencv_storage>
<Depth7217 type_id="opencv-matrix">
  <rows>88</rows>
  <cols>85</cols>
  <dt>w</dt>
  <data>
    4911 4911 4911 4983 4983 5056 5056 5056 5056 5132 5132 5132 5132
    5132 5210 5210 5210 5210 5210 5291 5210 5132 5132 5132 5132 5132
    5132 5132 5132 5132 5056 5056 4983 4983 4983 4983 4983 4983 5056
    4983 4983 4911 4842 1169 1169 1177 1177 1177 1181 1181 1177 1177
    4708 4708 4708 4708 4708 4708 4708 4708 4645 4582 4582 4582 4522
    4522 4522 4522 4522 4463 4463 4463 4463 4405 4349 4349 4295 4295
    4295 4295 4295 4295 4295 4295 4295 4911 4911 4911 4911 4983 4983
    5056 5056 5056 5132 5132 5132 5132 5132 5210 5210 5210 5210 5210
    5210 5210 5132 5132 5132 5132 5132 5132 5132 5132 5132 5056 5056
    5056 4983 4983 4983 4983 4983 5056 5056 4983 4911 4842 1173 1173
    1173 1173 1173 1181 1177 1177 1177 1177 1177 4774 4774 4708 4708
    4708 4708 4645 4582 4582 4582 4522 4522 4522 4522 4522 4522 4522
    4463 4463 4405 4349 4349 4295 4295 4295 4295 4295 4295 4295 4295
    4295 4911 4911 4911 4911 4983 4983 5056 5056 5056 5056 5132 5132
    5132 5132 5210 5210 5210 5210 5210 5210 5210 5210 5210 5132 5132
    5132 5132 5132 5132 5132 5056 5056 4983 4983 4983 4983 5056 0 5056
    5056 4911 4911 4911 1173 1173 1173 1169 1169 1177 1177 1177 1177
    1177 0 4774 4774 4708 4708 4708 4708 4645 4582 4582 4582 4582 4522
    4522 4522 4522 4522 4522 4522 4522 4463 4349 4349 4349 4295 4295
    4349 4295 4295 4295 4295 4295 4911 4911 4911 4911 4983 4983 4983
    5056 5056 5056 5056 5056 5056 5132 5210 5210 5210 5210 5210 5210
    5210 5210 5210 5132 5132 5132 5210 5132 5132 5132 5056 5056 4983
    4983 4983 5056 5056 5056 0 0 0 1177 1177 1177 1177 1177 1157 1157
    1165 1173 1173 1177 1177 1185 4708 4708 4708 4708 4708 4708 4708
    4645 4645 4645 4582 4522 4522 4522 4522 4522 4522 4522 4463 4463
    4405 4405 4349 4349 4349 4349 4295 4295 4295 4295 4295 4842 4911
    4911 4911 4911 4911 4983 4983 4983 5056 5056 5056 5056 5132 5210
    5210 5210 5210 5210 5210 5210 5291 5210 5210 5132 5132 5210 5132
    5132 5056 5056 4983 4983 5056 5056 5056 1123 1123 1123 1123 0 1112
    1112 1112 1138 1138 1138 1153 1157 1161 1169 1177 1185 1185 1189
    4708 4708 4708 4708 4708 4708 4645 4645 4645 4645 4582 4582 4522
    4522 4522 4522 4522 4463 4463 4463 4463 4405 4405 4349 4349 4295
    4295 4349 4295 4295 4842 4911 4911 4911 4911 4911 4911 4983 4983
    5056 5056 5056 5056 5056 5210 5210 5210 5210 5210 5210 5210 5210
    5210 5132 5132 5132 5132 5132 5132 5056 5056 4983 4983 4983 4983
    1123 1123 1123 1123 1123 1105 1112 1112 1112 1115 1126 1130 1149
    1153 1157 1169 1173 1181 1189 0 1189 0 4708 4708 4708 4708 4708 4645
    4645 4645 4582 4582 4522 4522 4522 4522 4522 4463 4463 4463 4463
    4463 4405 4349 4349 4295 4295 4349 4295 4295 4842 4911 4911 4911
    4911 4911 4911 4911 4983 5056 5056 5056 5056 5056 5210 5210 5210
    5210 5210 5210 5210 5210 5210 5132 5132 5132 5132 5132 5210 5056
    5056 5056 1138 1130 1130 1123 1123 1119 1115 1108 1105 1105 1108
    1112 1115 1123 1130 1145 1153 1157 1161 1169 1177 1185 1189 1189 0 0
    4708 4708 4708 4708 4645 4645 4645 4582 4582 4522 4522 4522 4522
    4522 4463 4463 4463 4463 4405 4349 4349 4349 4295 4295 4349 4295
    4295 4842 4842 4911 4911 4911 4911 4911 4911 5056 5056 5056 5056
    5056 5056 5210 5132 5132 5210 5210 5210 5210 5210 5210 5210 5132
    5056 5056 5056 5056 1149 1149 1138 1138 1130 1130 1123 1119 1115
    1112 1108 1105 1105 1105 1108 1108 1119 1123 1141 1145 1149 1157
    1161 1169 1177 1177 0 0 4708 0 4708 4708 4708 4645 4582 4582 4582
    4582 4582 4522 4522 4522 4522 4463 4463 4463 4463 4405 4349 4349
    4349 4349 4349 4349 4295 4295 4842 4842 4842 4911 4911 4911 4911
    4911 4983 5056 5056 5056 5056 5056 5132 5132 5132 5210 5210 5210
    5210 5210 5210 5056 5056 5056 5056 5056 1149 1149 1149 1138 1134
    1130 1126 1123 1119 1115 1112 1108 1105 1105 1105 1105 1108 1119
    1123 1134 1138 1145 1149 1161 1169 1173 1173 1173 0 0 4708 4708 4708
    4708 4645 4582 4582 4582 4582 4582 4522 4522 4522 4522 4463 4463
    4463 4463 4405 4349 4349 4349 4349 4349 4349 4349 4295 4842 4842
    4842 4911 4911 4911 4911 4911 4983 5056 5056 5056 5056 5056 5132
    5132 5210 5210 5210 5210 5210 5210 5210 5056 5056 5056 5056 1149
    1149 1149 1141 1134 1130 1126 1123 1119 1119 1115 1112 1108 1105
    1105 1105 1105 1108 1119 1123 1130 1134 1141 1149 1157 1165 1169
    1173 1173 0 0 4708 4708 4708 4708 4645 4645 4582 4582 4582 4582 4522
    4522 4522 4522 4463 4463 4463 4463 4405 4405 4349 4349 4349 4349
    4349 4349 4349 4842 4842 4842 4911 4911 4911 4911 4911 4983 5056
    5056 5056 5056 5056 5132 5132 5132 5132 5132 5132 5210 5210 5210
    5210 5210 1149 0 1149 1149 1141 1138 1134 1130 1123 1123 1119 1115
    1115 1112 1108 1105 1105 1105 1105 1108 1112 1119 1123 1126 1134
    1149 1157 1165 1169 1173 1173 0 0 4774 4774 4708 4708 4645 4645 4582
    4582 4582 4582 4522 4522 4522 4522 4463 4463 4463 4463 4405 4405
    4349 4349 4349 4349 4349 4349 4349 4842 4842 4842 4911 4911 4911
    4911 4911 4983 4983 4983 5056 5056 5056 5132 5132 5132 5132 5132
    5132 5210 5210 1161 1153 1149 1149 1149 1145 1145 1138 1138 1130
    1126 1123 1123 1119 1115 1115 1112 1108 1108 1105 1105 1105 1108
    1112 1115 1119 1126 1130 1149 1149 1161 1165 1169 0 0 0 0 4774 4774
    4708 4645 4645 4582 4582 4582 4582 4522 4522 4522 4522 4522 4522
    4463 4463 4463 4405 4405 4405 4349 4349 4405 4405 4349 4842 4842
    4842 4911 4911 4911 4911 4983 4983 4983 4983 5056 5056 5056 5132
    5132 5132 1165 1165 1165 1165 1165 1161 1153 1149 1149 1149 1149
    1141 1138 1134 1130 1126 1123 1119 1119 1115 1115 1112 1108 1108
    1105 1105 1105 1105 1112 1112 1115 1123 1126 1145 1149 1153 1153
    1165 1169 0 0 0 4774 4708 4708 4645 4645 4582 4582 4582 4582 4582
    4522 4522 4522 4522 4522 4463 4463 4463 4405 4405 4405 4349 4349
    4349 4349 4349 4774 4842 4842 4911 4911 4911 4911 4983 4983 4983
    4983 0 4983 1189 1189 1173 1165 1165 1165 1165 1165 1165 1161 1153
    1149 1149 1145 1141 1138 1138 1134 1130 1126 1123 1119 1119 1119
    1115 1112 1108 1108 1105 1105 1105 1105 1108 1108 1115 1119 1126
    1141 1149 1149 1153 1165 1169 1177 0 0 0 4708 4708 4645 4645 4582
    4582 4582 4582 4582 4582 4582 4522 4522 4522 4463 4463 4463 4405
    4405 4349 4349 4349 4349 4349 4349 4774 4842 4842 4842 4911 4911
    4842 4842 4983 4983 4983 4983 0 1189 1189 1173 1173 1165 1165 1165
    1161 1157 1157 1153 1153 1149 1145 1141 1138 1138 1134 1130 1126
    1123 1123 1119 1119 1115 1115 1112 1108 1108 1105 1105 1105 1108
    1108 1112 1119 1126 1138 1149 1149 1153 1165 1169 1173 0 0 0 4645 0
    4645 4645 4645 4582 4582 4582 4582 4582 4522 4522 4522 4463 4463
    4463 4463 4463 4405 4349 4295 4295 4295 4295 4295 4774 4774 4842
    4842 4842 4911 4842 4842 4983 4983 4983 0 1193 1189 1189 1181 1173
    1169 1165 1165 1161 1157 1157 1153 1149 1149 1145 1141 1138 1138
    1134 1134 1130 1123 1123 1119 1119 1115 1115 1115 1112 1108 1108
    1105 1105 1108 1108 1112 1119 1126 1134 1141 1149 1149 1161 1169
    1169 0 0 0 0 0 4645 4645 4645 4645 4582 4582 4582 4582 4522 4522
    4522 4463 4463 4463 4463 4463 4405 4349 4295 4295 4295 4295 4295
    4708 4774 4842 4842 4842 4911 4911 4911 4911 1197 0 1185 1193 1193
    1189 1181 1173 1169 1165 1165 1161 1157 1157 1153 1149 1149 1145
    1141 1138 1138 1134 1134 1130 1126 1123 1123 1119 1119 1119 1115
    1112 1108 1108 1105 1105 1101 1101 1101 1115 1126 1130 1138 1141
    1149 1157 1165 1169 1173 1173 0 0 4645 4645 4645 4645 4645 4582 4522
    4522 4522 4522 4522 4522 4522 4463 4463 4463 4463 4405 4349 4349
    4295 4295 4295 4295 4708 4774 4774 1223 1223 1223 1219 1197 0 0 1197
    0 1185 1185 1185 1181 1177 1169 1165 1165 1161 1157 1157 1153 1149
    1149 1145 1145 1141 1138 1134 1134 1130 1126 1123 1123 1123 1119
    1115 1112 1112 1108 1105 1105 1105 1101 1101 1101 1105 1119 1126
    1130 1134 1145 1153 1161 1165 1169 1169 1169 0 0 4645 4645 4708 4645
