<?xml version="1.0"?>
<opencv_storage>
<Depth17941 type_id="opencv-matrix">
  <rows>5</rows>
  <cols>96</cols>
  <dt>w</dt>
  <data>
    3994 3948 3948 3859 3859 3903 3903 3903 3903 3816 3816 3774 3774
    3816 3816 3859 3732 3732 3774 3732 3732 3732 3732 0 0 3692 3692 3732
    3732 3732 3732 3732 3859 3816 3816 3816 3859 3816 3816 3816 3816
    3816 3816 3816 3816 3816 3859 3859 3903 3859 3859 3903 3859 3859
    3859 3948 3903 3903 3903 3903 3903 3903 3903 3948 3948 3948 3948
    3994 3994 3948 3948 3948 3948 3948 3948 3948 3948 3948 3903 3903
    3994 3994 0 0 0 0 4139 3994 3903 3903 3903 3948 3948 3994 4089 4139
    3994 3994 3994 3859 3859 3859 3859 3859 3859 3859 3816 3816 3816
    3774 3774 3732 3732 3732 3774 3732 3732 3732 3732 3732 3732 3692
    3692 3732 3732 3732 3732 3732 3816 3774 3774 3774 3774 3816 3816
    3816 3816 3816 3816 3816 3816 3816 3816 3816 3816 3859 3859 3859
    3859 3859 3903 3948 3903 3903 3903 3903 3903 3903 3903 3948 3948
    3948 3948 3948 3948 3948 3903 3903 3903 3903 3994 3948 3948 3948
    3903 3903 3994 3994 3994 3994 3994 4041 4041 3994 3948 3948 3948
    3994 3994 3994 4089 4139 3994 3994 4041 3903 3859 3859 3859 3859
    3859 3859 3816 3816 3816 3774 3774 3732 3732 3732 3774 3774 3774
    3732 3732 3732 3732 3692 3692 3732 3732 3732 3732 3732 3816 3774
    3774 3774 3774 3774 3774 3903 3859 3859 3859 3816 3816 3816 3816
    3816 3816 3859 3859 3859 3859 3859 3903 3948 3903 3903 3903 3903
    3903 3903 3903 3948 3948 3948 3994 3948 3948 3903 3903 3816 3816
    3903 3948 3948 3948 3948 3948 3948 3994 3994 3994 3994 3994 3994
    3994 3994 3994 3948 3948 4041 4041 4089 4089 4139 3994 3994 4041
    3903 3859 3859 3859 3859 3859 3859 3816 3816 3816 3774 3774 0 3774
    3774 3816 3774 3774 3732 3732 3732 3732 3732 3732 3732 3732 3732
    3816 3816 3816 3816 3774 3774 3774 3732 3732 3903 3903 3859 3816
    3816 3816 3816 3774 3774 3774 3859 3859 3859 3903 3903 3903 3948
    3948 3948 3948 3948 3948 3948 3948 3948 3948 3948 3994 3994 3948
    3903 3859 3816 3816 3859 3903 3948 3948 3948 3948 3994 4041 4041
    4041 3994 3994 3994 3994 3994 3994 3948 3948 4041 4041 4089 4089
    4139 3994 0 0 0 3859 3859 3859 3859 3774 3774 3816 3816 3816 0 0 0 0
    3859 3816 3816 3774 3774 3774 3774 3732 3732 3732 3732 3774 3774
    3816 3774 3774 3859 3816 3774 3774 3732 3732 3903 3903 3859 3816
    3816 3816 3816 3774 3774 3774 3859 3859 3903 3903 3903 3948 3948
    3994 0 0 0 0 0 0 3948 3948 3948 3994 3994 3948 3903 3774 3774 3732
    3732 3903 3948 3994 3994 4041 4089 4089 0 0 4041 3994 3994 4041 0 0
    0 0 4089 4089 4089 4089 4139</data></Depth17941>
</opencv_storage>
