<?xml version="1.0"?>
<opencv_storage>
<Depth9077 type_id="opencv-matrix">
  <rows>9</rows>
  <cols>20</cols>
  <dt>w</dt>
  <data>
    4295 4295 4089 4089 4089 4241 4241 4241 4349 4405 4405 5374 5374
    5291 5210 4522 4463 4463 4983 4983 4349 4295 4295 4241 4241 4241
    4241 4349 4349 4405 4405 4405 4522 4463 4405 4405 4463 4463 4522
    4582 4295 4241 4241 4295 4241 4241 4295 4349 4349 4405 4405 4463
    4463 4463 4405 4405 4405 4405 4463 4522 4241 4241 4241 4295 4295
    4295 4295 4295 4295 4349 4463 4463 4463 4405 4405 4405 4405 4405
    4463 4463 4241 4241 4295 4295 4295 4295 4295 4295 4295 4349 4463
    4463 4405 4405 4405 4405 4405 4405 4463 4463 4241 4241 4295 4295
    4295 4295 4295 4295 4295 4349 4405 4405 4405 4405 4349 4349 4405
    4405 4405 4405 4241 4241 4295 4295 4295 4295 4295 4295 4295 4349
    4349 4405 4349 4349 4349 4349 4405 4405 4405 4405 4295 4295 4295
    4295 4295 4295 4295 4295 4295 4295 4349 4405 4349 4349 4349 4349
    4349 4463 4463 4463 4295 4295 4295 4295 4295 4295 4349 4349 4295
    4295 4349 4405 4405 4405 4405 4349 4349 4349 5056 5056</data></Depth9077>
</opencv_storage>
