<?xml version="1.0"?>
<opencv_storage>
<Depth1282 type_id="opencv-matrix">
  <rows>58</rows>
  <cols>34</cols>
  <dt>w</dt>
  <data>
    3614 3614 3614 3614 3653 3653 3653 3614 3576 3539 3539 3503 3503
    3503 3503 3468 3468 3503 3503 3468 3468 1655 1655 1647 1639 1639
    1655 1655 1688 1688 1680 1680 1680 3433 3576 3539 3539 3576 3653
    3653 1766 1739 1713 1713 1713 1705 1705 1688 1671 1663 1655 1647
    1639 1639 1647 1647 1655 1655 1655 1655 1655 1655 1663 1680 1671
    1671 1680 1680 1833 1823 1804 1804 1794 1776 1766 1739 1713 1713
    1713 1705 1705 1688 1671 1663 1655 1647 1639 1639 1647 1647 1647
    1655 1655 1655 1655 1655 1663 1671 1671 1671 1680 1688 1833 1823
    1804 1804 1794 1776 1766 1748 1731 1722 1713 1713 1705 1688 1671
    1663 1655 1647 1639 1639 1647 1647 1647 1655 1655 1655 1655 1655
    1663 1671 1680 1680 1680 1688 1833 1823 1813 1804 1794 1785 1776
    1757 1739 1731 1722 1713 1696 1696 1680 1663 1655 1647 1639 1639
    1639 1639 1647 1647 1655 1655 1655 1655 1663 1671 1680 1680 1680
    1688 1833 1823 1813 1804 1794 1776 1776 1757 1739 1731 1722 1713
    1696 1696 1680 1671 1663 1647 1639 1639 1632 1632 1647 1647 1655
    1655 1655 1663 1663 1671 1680 1680 1680 1688 1833 1823 1813 1804
    1794 1776 1776 1757 1748 1731 1722 1713 1696 1696 1680 1671 1663
    1655 1647 1639 1632 1632 1639 1647 1647 1655 1655 1663 1663 1671
    1680 1688 1688 1688 1833 1833 1813 1804 1804 1785 1776 1757 1748
    1731 1731 1722 1696 1696 1680 1671 1663 1655 1647 1639 1632 1632
    1639 1647 1647 1655 1655 1663 1663 1671 1680 1680 1680 1680 1833
    1833 1813 1804 1804 1794 1776 1757 1748 1731 1731 1713 1696 1696
    1680 1671 1663 1655 1647 1639 1632 1632 1639 1647 1655 1655 1655
    1663 1663 1671 1680 1680 1671 1671 1843 1833 1813 1804 1794 1785
    1776 1757 1748 1731 1731 1713 1696 1696 1688 1671 1663 1655 1647
    1639 1639 1639 1647 1647 1655 1655 1655 1663 1663 1671 1671 1671
    1671 1671 1843 1833 1813 1804 1794 1785 1776 1757 1748 1731 1731
    1713 1696 1696 1688 1680 1671 1655 1647 1639 1639 1639 1647 1647
    1655 1655 1663 1663 1663 1671 1671 1671 1671 1671 1853 1833 1813
    1804 1804 1785 1776 1757 1748 1731 1731 1713 1696 1696 1688 1680
    1671 1663 1655 1647 1639 1639 1647 1655 1655 1655 1663 1663 1663
    1671 1671 1671 1671 1671 1843 1833 1823 1813 1804 1794 1776 1757
    1748 1739 1731 1713 1705 1696 1688 1680 1671 1663 1655 1647 1639
    1639 1647 1655 1655 1663 1663 1663 1663 1671 1671 1680 1680 1680
    1843 1833 1813 1813 1804 1794 1776 1757 1748 1739 1731 1705 1705
    1696 1688 1680 1663 1663 1655 1647 1647 1647 1647 1655 1663 1663
    1663 1663 1663 1671 1671 1680 1671 1671 1843 1833 1813 1813 1804
    1794 1776 1757 1748 1739 1722 1705 1696 1696 1688 1680 1663 1663
    1655 1647 1647 1647 1647 1655 1655 1663 1663 1663 1663 1663 1671
    1680 1671 1671 1843 1833 1813 1804 1804 1785 1776 1757 1739 1739
    1722 1705 1696 1696 1688 1680 1671 1663 1655 1647 1647 1647 1647
    1655 1655 1655 1663 1663 1663 1663 1671 1680 1671 1671 1843 1833
    1813 1804 1794 1785 1776 1757 1739 1739 1722 1713 1705 1696 1688
    1680 1671 1663 1655 1647 1647 1647 1647 1655 1655 1655 1663 1663
    1671 1680 1680 1680 1671 1671 1843 1833 1823 1804 1794 1776 1776
    1757 1748 1748 1731 1713 1705 1696 1688 1680 1671 1663 1655 1647
    1647 1647 1647 1655 1655 1655 1655 1663 1663 1680 1688 1688 1688
    1688 1843 1833 1823 1804 1794 1776 1776 1757 1757 1748 1731 1722
    1705 1696 1688 1680 1671 1663 1655 1655 1655 1647 1647 1655 1655
    1655 1655 1663 1663 1680 1688 1688 1688 1688 1843 1833 1823 1813
    1794 1794 1776 1766 1757 1748 1731 1722 1705 1696 1688 1680 1671
    1663 1655 1655 1655 1647 1647 1655 1655 1655 1663 1663 1663 1680
    1688 1688 1688 1696 1843 1843 1823 1813 1804 1794 1785 1766 1757
    1739 1731 1722 1705 1696 1688 1680 1671 1663 1655 1655 1655 1655
    1655 1655 1655 1655 1663 1663 1663 1680 1688 1688 1688 1696 1843
    1843 1823 1813 1804 1794 1785 1766 1757 1739 1731 1722 1705 1696
    1688 1680 1671 1663 1663 1655 1655 1655 1655 1655 1663 1663 1663
    1663 1663 1680 1688 1688 1688 1696 1843 1843 1823 1813 1804 1794
    1785 1766 1757 1739 1731 1722 1696 1696 1688 1680 1671 1663 1663
    1655 1655 1655 1655 1655 1663 1663 1663 1671 1680 1680 1688 1688
    1696 1696 1843 1843 1823 1813 1804 1794 1785 1766 1757 1748 1739
    1722 1696 1696 1688 1680 1671 1663 1663 1655 1655 1655 1655 1663
    1663 1663 1663 1671 1680 1680 1688 1688 1688 1688 1843 1843 1823
    1813 1804 1804 1785 1766 1757 1748 1739 1722 1696 1696 1688 1688
    1671 1663 1663 1655 1655 1655 1655 1655 1655 1663 1663 1671 1680
    1688 1688 1688 1688 1688 1843 1843 1823 1813 1804 1804 1785 1766
    1757 1748 1739 1731 1705 1696 1688 1688 1671 1663 1663 1655 1655
    1655 1655 1655 1655 1663 1663 1663 1680 1680 1680 1680 1663 1663
    1843 1843 1833 1823 1813 1804 1785 1766 1757 1748 1739 1722 1713
    1705 1696 1688 1680 1663 1663 1655 1655 1655 1655 1655 1655 1663
    1663 1663 1680 1680 1680 1680 1663 1663 1843 1843 1833 1823 1813
    1804 1794 1766 1757 1739 1731 1722 1713 1705 1696 1688 1680 1663
    1655 1655 1655 1655 1655 1655 1655 1663 1663 1663 1680 1688 1688
    1680 1671 1671 1843 1843 1833 1823 1813 1804 1794 1766 1757 1739
    1731 1722 1705 1696 1696 1688 1671 1663 1655 1655 1655 1655 1655
    1655 1663 1663 1663 1671 1680 1688 1688 1688 1688 1688 1843 1843
    1833 1823 1813 1804 1794 1766 1766 1739 1731 1722 1705 1696 1696
    1688 1671 1663 1655 1655 1655 1655 1655 1655 1663 1663 1663 1671
    1680 1688 1688 1688 1688 1688 1843 1843 1833 1823 1813 1804 1794
    1766 1748 1739 1731 1722 1705 1696 1696 1680 1671 1663 1655 1655
    1655 1655 1655 1655 1663 1663 1663 1680 1680 1688 1688 1688 1688
    1688 1843 1843 1833 1823 1813 1804 1794 1766 1748 1739 1731 1722
    1705 1696 1688 1680 1671 1663 1663 1663 1655 1655 1655 1655 1663
    1663 1663 1680 1680 1688 1688 1688 1688 1696 1843 1843 1833 1823
    1813 1804 1794 1766 1757 1748 1731 1722 1705 1696 1688 1680 1680
    1671 1663 1663 1655 1655 1655 1655 1655 1663 1663 1680 1680 1688
    1688 1696 1696 1696 1853 1843 1833 1823 1813 1804 1794 1766 1757
    1748 1731 1722 1713 1705 1696 1688 1680 1671 1663 1663 1655 1655
    1655 1655 1655 1663 1671 1680 1680 1688 1688 1696 1696 1696 1853
    1843 1833 1823 1813 1804 1794 1776 1766 1748 1731 1722 1713 1705
    1696 1688 1688 1671 1663 1663 1655 1655 1655 1655 1663 1663 1671
    1680 1680 1688 1688 1696 1696 1696 1853 1853 1833 1823 1813 1804
    1794 1776 1766 1748 1739 1722 1713 1705 1696 1696 1688 1671 1663
    1663 1655 1655 1655 1655 1663 1671 1680 1680 1688 1688 1688 1696
    1696 1696 1853 1843 1833 1823 1813 1804 1794 1776 1766 1748 1739
    1722 1713 1713 1705 1696 1688 1671 1663 1663 1655 1655 1655 1663
    1663 1671 1680 1688 1688 1688 1688 1696 1696 1696 1853 1843 1833
    1823 1813 1813 1804 1776 1766 1748 1739 1722 1713 1705 1696 1696
    1688 1680 1663 1663 1655 1655 1663 1663 1663 1671 1680 1688 1688
    1688 1696 1696 1696 1696 1853 1843 1833 1823 1813 1813 1804 1776
    1766 1748 1739 1722 1713 1705 1696 1688 1688 1680 1671 1663 1663
    1663 1663 1663 1663 1671 1680 1688 1688 1688 1696 1696 1705 1705
    1853 1843 1833 1823 1813 1813 1804 1794 1776 1748 1731 1722 1722
    1713 1705 1688 1688 1680 1663 1663 1663 1663 1663 1663 1663 1671
    1680 1688 1688 1688 1696 1696 1696 1696 1853 1853 1833 1823 1813
    1813 1813 1794 1766 1748 1731 1722 1722 1713 1705 1696 1688 1680
    1663 1663 1663 1663 1663 1663 1663 1671 1680 1688 1688 1688 1696
    1696 1696 1696 1853 1853 1843 1833 1813 1813 1804 1794 1766 1748
    1739 1731 1722 1713 1705 1696 1688 1671 1663 1663 1655 1655 1655
    1663 1663 1680 1680 1688 1688 1688 1696 1696 1696 1705 1853 1853
    1843 1833 1813 1813 1804 1785 1776 1748 1748 1731 1731 1713 1705
    1696 1688 1671 1663 1663 1655 1655 1655 1663 1663 1680 1680 1688
    1688 1688 1696 1696 1696 1705 1863 1853 1843 1833 1823 1813 1804
    1785 1776 1748 1748 1731 1722 1722 1705 1696 1688 1680 1671 1663
