<?xml version="1.0"?>
<opencv_storage>
<Depth6880 type_id="opencv-matrix">
  <rows>104</rows>
  <cols>71</cols>
  <dt>w</dt>
  <data>
    4463 4405 4405 4463 4645 4522 4405 4405 4405 4349 4349 4349 4349
    4295 4295 4349 4349 4349 0 0 0 0 0 0 0 0 0 0 0 0 0 0 0 0 0 0 0 0 0 0
    0 0 0 1001 998 995 992 987 984 984 981 973 970 970 973 978 0 0 0 0 0
    0 0 0 0 0 0 0 4089 4041 4041 4405 4405 4405 4463 4463 4522 4522 4405
    4405 4349 4349 0 0 0 0 0 0 0 0 0 0 0 0 0 0 0 0 0 0 0 0 0 0 0 0 0 0 0
    0 0 0 1010 1004 1001 998 992 989 984 981 981 978 970 970 970 970 975
    981 984 984 992 0 0 0 0 0 0 0 0 0 4041 4041 4405 4463 4463 4522 4522
    4522 0 0 0 0 0 0 0 0 0 0 0 0 0 0 0 0 0 0 0 0 0 0 0 0 0 0 0 0 0 0 0 0
    0 1019 1013 1010 1004 1001 998 992 989 984 981 978 975 970 970 970
    970 975 981 984 984 989 992 998 0 0 0 0 0 0 0 4190 4139 4463 4463
    4522 4522 4522 4522 4522 0 0 0 0 0 0 0 0 0 0 0 0 0 0 0 0 0 0 0 0 0 0
    0 0 0 0 0 0 0 0 1028 1019 1016 1013 1007 1004 1001 998 989 987 981
    978 975 970 967 967 970 970 973 978 981 984 989 992 995 998 0 0 0 0
    0 0 4190 4139 4463 4522 4522 4522 4522 4522 4522 4582 0 0 0 0 0 0 0
    0 0 0 0 0 0 0 0 0 0 0 0 0 0 0 0 0 0 0 1034 1034 1034 1028 1019 1016
    1013 1007 1001 998 995 987 984 981 978 973 967 964 964 967 967 970
    975 981 987 989 989 995 998 1001 1001 0 0 0 0 0 0 4405 4405 4522
    4582 4522 4522 4582 0 0 0 0 0 0 0 0 0 0 0 0 0 0 0 0 0 0 0 0 0 0 0 0
    0 0 0 1034 1031 1031 1025 1019 1016 1007 1004 998 995 992 984 981
    978 975 970 967 964 964 964 967 970 975 978 984 987 989 992 998 1001
    1001 1001 0 0 0 0 0 4405 4405 4522 4582 4582 4582 4582 4645 0 0 0 0
    0 0 0 0 0 0 0 0 0 0 0 0 0 0 0 0 0 0 0 0 1038 1034 1034 1031 1028
    1022 1016 1013 1004 1001 998 992 989 984 981 978 975 970 962 959 959
    962 964 970 975 978 981 984 987 992 998 1001 1001 1001 1016 1013
    1013 0 0 0 0 0 4645 4645 4645 4645 4645 4708 0 0 0 0 0 0 0 0 0 0 0 0
    0 0 0 0 0 0 1060 1057 1050 1047 1041 1038 1034 1031 1028 1025 1022
    1013 1007 1001 1001 995 992 987 981 981 978 973 962 959 959 959 959
    964 967 973 978 981 981 987 989 995 1001 1004 1007 1016 1013 1013
    1013 0 0 0 0 0 4645 4645 4645 4645 4645 4582 4522 4522 0 0 0 0 0 0 0
    0 0 0 0 0 0 0 1060 1057 1054 1050 1047 1041 1038 1034 1028 1028 1025
    1013 1013 1004 1001 998 995 989 987 981 978 975 973 962 959 959 959
    959 962 967 973 978 978 981 984 987 989 998 1004 1010 1016 1016 1016
    1025 0 0 0 0 0 4708 4645 4645 4645 4645 4582 4522 4522 4774 0 0 0 0
    0 0 0 0 0 0 0 0 1063 1060 1057 1054 1050 1044 1041 1034 1028 1025
    1025 1019 1010 1004 1001 995 992 989 987 981 978 975 970 967 959 959
    956 956 959 959 964 970 975 978 981 984 987 989 998 998 1007 1016
    1016 1019 1022 1025 0 0 0 0 0 0 4708 4645 4645 4582 4582 4582 4774 0
    0 0 0 0 0 0 0 0 0 0 1077 1063 1060 1054 1050 1047 1044 1038 1034
    1028 1022 1022 1019 1010 1004 1001 995 992 989 984 981 975 973 970
    962 956 956 956 956 956 959 964 970 973 975 978 981 987 989 995 998
    1001 1010 1016 1019 1022 1025 0 0 0 0 0 0 0 0 0 0 0 0 0 0 0 0 0 1105
    1101 1094 1090 1087 1084 1077 1073 1060 1054 1050 1050 1047 1041
    1038 1031 1025 1022 1022 1013 1010 1004 998 995 989 987 981 978 975
    970 967 959 954 954 954 954 956 959 964 967 970 973 978 981 987 989
    992 995 1001 1007 1013 1019 1025 1025 0 0 0 0 0 0 0 0 0 0 0 0 0 0 0
    0 1105 1105 1101 1094 1087 1084 1080 1073 1063 1057 1054 1050 1047
    1044 1041 1034 1028 1025 1022 1022 1010 1007 1004 998 992 989 984
    981 978 973 970 967 954 951 951 948 948 951 956 964 967 970 970 975
    981 987 989 992 995 1001 1007 1010 1013 1019 1022 0 0 0 0 0 0 0 0 0
    0 0 0 0 0 0 1105 1105 1101 1097 1090 1087 1080 1077 1073 1060 1054
    1050 1047 1044 1038 1034 1028 1025 1025 1019 1016 1007 1004 1001 995
    992 987 981 978 975 970 967 959 951 948 948 948 948 951 956 962 967
    967 970 973 978 984 987 989 992 998 1004 1007 1010 1016 1019 0 0 0 0
    0 0 0 0 0 0 0 0 0 0 0 1105 1101 1097 1094 1090 1084 1077 1073 1063
    1060 1050 1047 1044 1041 1034 1031 1025 1022 1019 1013 1013 1004
    1001 998 992 989 984 981 978 973 970 964 959 951 948 948 948 948 951
    954 959 964 967 970 973 978 981 987 989 992 995 1001 1004 1007 1016
    1019 0 0 0 0 0 0 0 0 0 0 0 0 1130 1123 1119 1105 1101 1094 1090 1087
    1080 1077 1070 1060 1054 1050 1047 1044 1038 1034 1028 1022 1019
    1016 1010 1010 1001 998 992 989 984 981 978 973 970 967 962 956 948
    946 946 946 946 948 951 956 962 964 967 970 975 978 984 989 992 995
    1001 1004 1007 1013 1019 0 0 0 0 0 0 0 0 0 0 0 0 1130 1123 1119 1105
    1097 1094 1090 1087 1080 1073 1067 1060 1050 1047 1044 1041 1034
    1031 1025 1022 1016 1013 1010 1004 998 995 992 989 984 978 975 970
    967 959 956 951 948 946 946 946 946 948 951 954 959 964 967 970 973
    978 984 987 989 995 1001 1001 1004 1010 1019 0 0 0 0 0 0 0 0 0 0 0
    1130 1126 1119 1115 1101 1094 1090 1087 1084 1077 1070 1067 1057
    1050 1047 1044 1038 1031 1028 1025 1019 1016 1010 1007 1001 995 992
    989 987 981 978 973 967 962 956 954 948 946 943 940 940 940 943 948
    951 956 962 967 967 973 975 981 987 989 995 998 1001 1004 1007 1019
    0 0 0 0 0 0 0 0 0 0 0 1126 1123 1119 1105 1097 1094 1087 1084 1077
    1073 1067 1060 1057 1050 1047 1041 1038 1031 1025 1022 1019 1016
    1010 1004 998 995 992 989 984 981 975 970 962 959 956 951 946 943
    940 938 938 938 940 948 951 954 956 962 967 970 973 981 981 987 992
    998 998 1004 1007 0 0 0 0 0 0 0 0 0 0 0 0 1123 1119 1115 1101 1094
    1090 1084 1080 1077 1073 1067 1060 1050 1044 1041 1038 1034 1028
    1025 1022 1019 1013 1007 1001 998 992 989 987 981 978 973 967 959
    956 954 948 943 938 938 938 938 938 938 946 951 954 954 959 964 970
    973 978 978 984 989 992 995 1001 1004 1007 0 0 0 0 0 0 0 0 0 0 1123
    1123 1119 1105 1097 1094 1087 1084 1077 1073 1070 1063 1060 1050
    1041 1041 1038 1031 1028 1022 1019 1016 1010 1004 998 995 992 989
    984 978 975 970 967 959 954 951 946 940 938 935 935 935 935 938 946
    948 951 954 959 962 967 970 975 978 984 989 992 995 998 1004 1004 0
    0 0 0 0 0 0 0 0 0 1123 1123 1119 1105 1097 1090 1087 1080 1077 1073
    1070 1063 1054 1047 1041 1038 1034 1031 1025 1022 1019 1013 1010
    1001 995 992 989 984 981 978 975 970 967 956 951 948 946 940 935 935
    933 933 935 938 943 946 951 951 956 962 967 970 973 978 981 989 992
    998 998 1001 1004 5210 0 0 0 0 0 0 0 0 0 1126 1119 1105 1101 1094
    1090 1084 1077 1077 1073 1067 1060 1050 1047 1038 1038 1031 1028
    1025 1019 1013 1010 1007 1001 992 989 987 981 978 975 973 970 959
    954 951 948 946 940 933 930 930 930 933 938 940 946 948 951 956 959
    962 967 970 978 978 987 992 998 998 1001 1004 5210 5210 0 0 0 0 0 0
    0 0 0 1115 1105 1097 1090 1087 1080 1077 1073 1070 1063 1060 1050
    1044 1038 1034 1028 1025 1022 1016 1013 1010 1004 992 992 989 987
    981 978 973 970 967 959 954 948 946 943 938 933 928 928 928 930 935
    940 943 948 948 954 956 959 964 967 973 975 981 992 995 995 1001
    1001 5210 5132 5132 0 0 0 0 0 0 0 0 1112 1105 1097 1090 1084 1080
    1077 1073 1067 1060 1050 1047 1041 1034 1028 1025 1022 1019 1013
    1010 1007 1001 992 992 989 984 978 975 970 967 964 956 954 948 946
    943 935 930 928 928 928 930 935 938 940 946 948 951 954 959 964 967
    973 975 981 987 992 995 998 1001 5132 5132 5132 0 0 0 0 0 0 0 1115
    1112 1101 1090 1087 1084 1077 1073 1070 1063 1060 1047 1044 1038
    1031 1025 1022 1019 1016 1013 1010 1007 992 989 989 987 981 978 973
    970 967 962 956 951 948 943 938 935 928 928 928 928 928 935 938 940
    946 948 948 954 956 964 964 970 973 978 984 989 995 995 0 5132 5132
    0 0 0 0 0 0 1105 1105 1105 1105 1094 1090 1084 1080 1073 1070 1063
    1060 1057 1047 1041 1034 1031 1025 1022 1016 1013 1010 1010 1004 992
    987 987 984 981 978 973 967 962 959 954 948 943 938 935 933 928 928
    928 928 928 933 935 940 943 946 948 951 956 964 964 970 973 975 981
    987 992 992 0 5210 5210 0 0 0 0 0 0 1101 1101 1101 1094 1087 1084
