<?xml version="1.0"?>
<opencv_storage>
<Depth1793 type_id="opencv-matrix">
  <rows>79</rows>
  <cols>61</cols>
  <dt>w</dt>
  <data>
    4842 4842 4842 4842 4842 4708 4708 4708 4708 4708 1214 1214 1214
    1214 1214 1214 1214 1214 4522 4463 4405 4405 4349 4349 4349 4295
    4295 4349 4295 4190 4190 4190 4190 4190 4139 4139 4139 4089 1264
    1264 4041 3994 3994 3994 3994 3994 3948 3948 3859 3859 3859 3859
    3859 3903 3859 3816 3774 3774 3774 3774 3774 4842 4842 4842 4842
    4842 4774 4774 4774 1219 1219 1214 1214 1214 1214 1214 1214 1214
    1214 1219 1223 1227 1232 1232 1232 1232 1232 1236 1241 1245 1245
    1245 1245 4190 1259 1259 1259 1264 1264 1264 1264 1264 1264 1273
    1273 1278 1283 1283 1288 1292 1302 1302 1302 3859 3948 3859 3859
    3816 3774 3774 3774 3774 4842 4842 4842 4842 4911 4911 1227 1227
    1219 1219 1214 1210 1210 1214 1214 1214 1214 1214 1219 1223 1227
    1227 1227 1232 1232 1232 1236 1241 1245 1245 1245 1245 1250 1250
    1250 1259 1259 1264 1264 1264 1264 1264 1268 1273 1278 1283 1283
    1288 1292 1297 1302 1302 1302 1302 3948 3948 3859 3816 3774 3774
    3774 4842 4842 4842 4911 4911 4911 1232 1227 1223 1219 1214 1210
    1210 1210 1210 1210 1214 1214 1219 1223 1223 1227 1227 1227 1232
    1232 1236 1241 1241 1245 1245 1245 1250 1250 1250 1250 1255 1259
    1264 1264 1264 1264 1268 1273 1283 1283 1288 1288 1292 1297 1302
    1302 1302 1302 1302 3903 3903 3774 3774 3774 3774 4911 4911 4911
    4911 4911 1232 1232 1232 1227 1219 1214 1210 1210 1210 1210 1210
    1214 1214 1219 1223 1223 1227 1227 1227 1232 1232 1236 1241 1241
    1245 1245 1245 1250 1250 1250 1250 1255 1259 1264 1264 1264 1264
    1268 1273 1278 1283 1283 1288 1288 1292 1302 1302 1302 1302 1302
    1302 3774 3774 3774 3774 3774 5210 1288 1273 1273 1268 1264 1236
    1232 1232 1219 1214 1210 1210 1210 1210 1210 1214 1219 1219 1223
    1223 1227 1227 1227 1227 1232 1236 1241 1241 1245 1245 1245 1250
    1250 1250 1250 1250 1259 1264 1264 1264 1264 1268 1273 1278 1283
    1283 1288 1288 1292 1292 1292 1302 1302 1302 0 3774 3774 3774 3774
    3774 1302 1288 1283 1273 1268 1264 1241 1236 1232 1219 1214 1210
    1210 1210 1210 1210 1214 1214 1214 1219 1219 1227 1227 1227 1227
    1232 1236 1236 1241 1241 1245 1245 1245 1250 1250 1250 1250 1259
    1264 1264 1264 1268 1268 1278 1278 1283 1283 1288 1288 1288 1292
    1292 1292 1297 1297 0 3774 3774 3774 3774 3774 1302 1288 1283 1273
    1268 1264 1245 1236 1232 1223 1214 1210 1210 1210 1210 1210 1214
    1214 1214 1219 1219 1227 1227 1227 1227 1232 1236 1236 1241 1241
    1245 1245 1245 1250 1250 1250 1255 1259 1264 1268 1268 1268 1268
    1278 1278 1283 1283 1283 1288 1288 1292 1292 1292 1297 1297 1297
    3774 3774 3774 3774 3774 1302 1292 1283 1278 1268 1264 1245 1236
    1232 1227 1214 1210 1210 1210 1210 1210 1214 1214 1214 1214 1219
    1227 1227 1227 1232 1232 1232 1236 1236 1241 1245 1245 1245 1250
    1250 1250 1255 1259 1264 1268 1268 1268 1273 1278 1278 1283 1283
    1283 1288 1288 1288 1292 1292 1297 1297 1297 3816 3816 3816 3774
    3774 1288 1288 1283 1273 1268 1264 1250 1236 1232 1227 1214 1210
    1206 1206 1210 1210 1210 1214 1214 1214 1219 1223 1227 1227 1232
    1232 1232 1232 1236 1241 1245 1245 1245 1250 1250 1250 1259 1259
    1264 1268 1268 1268 1273 1278 1278 1283 1283 1283 1288 1288 1288
    1292 1292 1297 1297 1297 1297 3816 3816 3774 3774 1288 1288 1283
    1273 1268 1259 1250 1241 1227 1227 1219 1210 1206 1206 1210 1210
    1210 1214 1214 1214 1219 1223 1227 1227 1232 1232 1232 1232 1236
    1241 1245 1245 1245 1250 1250 1250 1259 1259 1264 1264 1264 1264
    1273 1278 1283 1283 1283 1283 1288 1288 1292 1292 1297 1297 1297
    1297 0 3816 3816 3774 3774 1292 1288 1288 1278 1273 1259 1250 1241
    1227 1227 1219 1210 1206 1206 1210 1210 1210 1214 1214 1214 1219
    1223 1227 1227 1232 1232 1232 1232 1236 1236 1241 1245 1245 1250
    1250 1250 1259 1259 1259 1264 1264 1264 1268 1273 1283 1283 1283
    1283 1288 1288 1292 1292 1297 1297 1297 1297 0 3816 3816 3816 3774
    1292 1288 1288 1278 1273 1259 1255 1245 1232 1227 1219 1210 1206
    1206 1210 1210 1210 1214 1214 1214 1219 1223 1227 1227 1232 1232
    1232 1232 1236 1236 1241 1245 1245 1250 1250 1255 1259 1259 1259
    1264 1264 1268 1268 1268 1278 1283 1283 1288 1288 1288 1292 1292
    1297 1297 1297 1297 0 3816 3816 3774 3774 1292 1292 1288 1283 1273
    1259 1255 1245 1232 1227 1223 1214 1210 1210 1210 1210 1210 1214
    1214 1214 1219 1223 1227 1227 1232 1232 1232 1232 1232 1236 1241
    1245 1245 1250 1250 1255 1259 1259 1259 1264 1264 1268 1268 1268
    1278 1283 1283 1288 1288 1288 1292 1297 1297 1297 1297 1297 0 3774
    3774 3774 3774 1292 1292 1288 1283 1273 1259 1250 1245 1236 1227
    1219 1214 1210 1210 1210 1210 1210 1214 1214 1219 1219 1223 1227
    1227 1227 1227 1232 1232 1232 1236 1241 1245 1245 1250 1250 1255
    1255 1259 1259 1264 1264 1268 1268 1268 1278 1283 1283 1288 1288
    1288 1292 1292 1302 1302 1302 1302 0 3774 3774 3774 3774 1297 1297
    1292 1283 1268 1259 1250 1245 1236 1227 1219 1214 1210 1210 1210
    1210 1210 1210 1214 1214 1219 1223 1227 1227 1227 1227 1232 1232
    1232 1236 1241 1245 1245 1245 1250 1250 1255 1259 1264 1264 1268
    1268 1268 1268 1278 1283 1283 1283 1288 1288 1292 1292 1297 1302
    1302 1302 1297 3774 3774 3774 3774 1292 0 1292 1288 1268 1259 1250
    1241 1232 1227 1219 1214 1210 1210 1210 1210 1210 1210 1214 1214
    1219 1223 1227 1227 1227 1227 1227 1232 1232 1232 1236 1241 1245
    1245 1250 1250 1250 1255 1259 1264 1264 1268 1268 1268 1278 1283
    1283 1283 1288 1288 1288 1292 1297 1297 1297 1297 1297 3774 3774
    3774 3774 0 0 1292 1288 1273 1264 1255 1241 1232 1227 1223 1214 1210
    1210 1210 1210 1210 1210 1210 1214 1219 1219 1223 1227 1227 1227
    1227 1232 1232 1232 1236 1241 1245 1245 1250 1250 1250 1255 1259
    1259 1264 1268 1273 1273 1278 1278 1283 1283 1283 1288 1288 1292
    1297 1297 1297 1297 1297 1297 3816 3816 3774 0 0 1288 1288 1273 1268
    1259 1245 1236 1227 1223 1214 1210 1210 1210 1210 1210 1210 1210
    1214 1214 1219 1223 1227 1227 1227 1227 1232 1232 1232 1236 1241
    1245 1245 1250 1250 1250 1255 1255 1259 1264 1268 1268 1273 1278
    1278 1283 1283 1283 1288 1288 1292 1297 1297 1297 1302 1302 0 3816
    3816 3774 0 0 1288 1288 1273 1264 1259 1245 1236 1232 1223 1219 1210
    1210 1210 1210 1210 1210 1210 1214 1214 1219 1223 1227 1227 1227
    1227 1232 1232 1232 1236 1241 1241 1245 1250 1250 1250 1255 1255
    1255 1264 1268 1268 1273 1273 1278 1283 1283 1283 1288 1288 1292
    1297 1297 1302 1302 1302 0 3816 3816 3774 0 0 1292 1288 1273 1264
    1259 1250 1241 1232 1223 1219 1210 1210 1210 1210 1210 1210 1210
    1214 1214 1219 1223 1227 1227 1227 1227 1232 1232 1232 1236 1241
    1241 1245 1250 1250 1250 1255 1255 1255 1264 1268 1268 1268 1273
    1273 1278 1283 1283 1288 1288 1292 1292 1297 1297 1302 1302 0 3816
    3816 3774 0 0 1292 1283 1273 1264 1259 1250 1241 1232 1223 1219 1210
    1210 1210 1210 1210 1210 1210 1214 1214 1219 1219 1223 1227 1227
    1232 1232 1232 1232 1236 1241 1245 1245 1250 1250 1250 1255 1255
    1255 1268 1268 1268 1268 1268 1273 1278 1283 1283 1283 1288 1288
    1288 1292 1297 1297 0 0 0 3774 3774 0 0 1297 1283 1273 1264 1259
    1250 1241 1232 1223 1219 1210 1206 1206 1210 1210 1210 1210 1214
    1214 1219 1219 1223 1227 1227 1227 1232 1232 1232 1236 1241 1245
    1245 1250 1250 1250 1255 1255 1255 1268 1268 1268 1268 1268 1273
    1273 1278 1283 1283 1288 1288 1288 1292 1297 1297 1297 0 3774 3774
    3774 0 0 1302 1288 1273 1264 1259 1250 1241 1232 1223 1219 1210 1206
    1206 1206 1206 1210 1210 1214 1214 1219 1219 1223 1227 1227 1227
    1232 1232 1232 1236 1241 1245 1245 1245 1250 1250 1255 1255 1259
    1264 1268 1268 1268 1268 1273 1273 1278 1283 1283 1288 1288 1288
    1292 1297 1297 1297 0 3774 3774 3774 0 0 1307 1288 1278 1268 1264
    1255 1245 1232 1223 1219 1210 1206 1206 1206 1206 1210 1210 1214
    1214 1219 1219 1223 1227 1227 1227 1232 1232 1232 1236 1241 1245
