<?xml version="1.0"?>
<opencv_storage>
<Depth17627 type_id="opencv-matrix">
  <rows>82</rows>
  <cols>119</cols>
  <dt>w</dt>
  <data>
    2984 2984 2984 2984 2984 2984 2984 2984 2984 2958 2958 2958 2958
    1080 1073 1073 1077 1077 1077 1077 1077 1070 1070 1070 1070 3010
    3010 2984 2984 3010 3037 3037 3037 3064 3064 3064 3064 3064 3064
    3064 3064 3064 3037 2984 2984 2958 2958 2958 2958 2958 2958 2958
    3010 3037 3064 3064 3064 3037 3037 3037 3037 2984 2933 2933 2933
    2933 2933 2933 2908 2859 2767 2744 2701 2701 2723 2723 2744 2744
    2723 2701 2701 2680 2680 2680 2680 2680 2103 2103 2103 2090 2078
    2053 2040 2028 2016 2016 2016 2016 2016 2028 2028 2028 2040 2028
    2028 2028 2016 2016 2005 1970 1959 1947 1936 1926 1915 1904 1883
    1873 1873 2984 3010 2984 2984 2984 2984 2984 2984 2984 2958 2958
    2958 1080 1080 1073 1073 1077 1073 1073 1077 1073 1070 1070 1070
    1070 1019 1010 1007 1007 3010 3037 3037 3037 3064 3064 3064 3064
    3064 3064 3064 3064 3037 3037 2984 2958 2958 2958 2958 2958 2958
    2958 2984 3010 3064 3064 3064 3064 3037 3037 3037 3037 2984 2933
    2859 2859 2908 2908 2933 2908 2812 2767 2744 2701 2701 2723 2723
    2744 2744 2723 2701 2680 2680 2680 2680 2680 2116 2103 2103 2103
    2090 2065 2053 2040 2028 2028 2028 2016 2016 2028 2028 2028 2028
    2028 2028 2028 2028 2016 2016 2005 1970 1959 1947 1926 1915 1915
    1894 1873 1863 1863 3010 3010 3010 3010 2984 2984 2984 3010 2958
    2958 2958 2958 1080 1080 1077 1077 1077 1073 1073 1073 1070 1070
    1070 1063 1063 1016 1010 1007 1007 1007 1007 1007 1007 3064 3064
    3064 3064 3064 3064 3064 3064 3037 3010 2984 2958 2958 2958 2958
    2958 2958 2958 2984 3010 3064 3064 3064 3064 3064 3037 3037 3037
    2958 2933 2859 2859 2908 2908 2933 2883 2767 2744 2744 2723 2723
    2723 2723 2744 2744 2723 2701 2680 2680 2680 2680 2103 2103 2103
    2103 2090 2078 2053 2040 2040 2028 2028 2028 2028 2028 2028 2028
    2028 2028 2028 2028 2028 2028 2005 1993 1970 1959 1947 1926 1915
    1915 1904 1894 1873 1863 1863 3010 3010 3010 3010 3010 3010 3010
    3010 2958 2958 0 0 2958 1084 1084 1084 1080 1077 1077 1070 1067 1067
    1070 1063 1013 1007 1007 1007 1007 1007 1007 1007 1007 1007 1010
    3064 3064 2984 2984 3064 3064 2958 2958 2958 2958 2958 2958 2958
    2958 2958 2958 3010 3037 3064 3064 3064 3064 3064 3037 3037 3010
    2958 2933 2933 2933 2933 2933 2908 2835 2767 2744 2723 2701 2701
    2701 2723 2744 2744 2723 2701 2680 2680 2680 2116 2103 2103 2116
    2103 2090 2065 2053 2040 2040 2028 2028 2028 2028 2028 2028 2028
    2028 2028 2028 2028 2016 2005 1993 1970 1970 1959 1947 1926 1915
    1904 1904 1894 1883 1873 1873 3010 3010 3010 3010 3010 3010 3010
    2984 2984 3010 3010 0 0 0 0 1087 1080 1077 1077 1067 1060 1060 1060
    1025 1013 1007 1007 1007 1007 1007 1007 1007 1007 1010 1010 1016
    1013 1013 1016 3064 3064 2958 2958 2958 2958 2984 2984 2984 2984
    2984 2984 3037 3064 3092 3092 3064 3064 3064 3037 3037 3010 2958
    2933 2933 2933 2933 2933 2883 2812 2767 2744 2723 2701 2701 2701
    2723 2744 2744 2723 2701 2680 2680 2680 2116 2116 2116 2103 2090
    2090 2053 2053 2040 2028 2028 2028 2040 2040 2040 2028 2028 2028
    2028 2028 2028 2016 2005 1993 1970 1970 1959 1936 1915 1915 1904
    1894 1894 1873 1873 1863 3010 3010 3010 3010 3010 3010 3010 2984
    2984 0 0 0 1094 0 1087 1087 1084 1077 1073 1067 1054 1044 1028 1019
    1013 1007 1007 1007 1007 1007 1007 1007 1007 1010 1010 1013 1013
    1013 1016 1016 1016 2958 2958 2958 2984 2984 2984 2984 2984 2984
    3010 3037 3092 3092 3092 3064 3064 3064 3037 3037 3010 2958 2933
    2933 2933 2933 2908 2859 2789 2744 2723 2723 2701 2701 2701 2723
    2744 2744 2723 2701 2680 2659 2156 2143 2129 2116 2103 2090 2078
    2053 2053 2040 2028 2028 2028 2040 2040 2040 2040 2040 2040 2040
    2040 2028 2016 2005 1993 1970 1959 1959 1936 1915 1915 1894 1894
    1883 1873 1863 1853 3010 3010 3010 3010 3010 3010 3010 2984 2984 0 0
    0 1094 1094 1090 1087 1084 1077 1070 1067 1054 1028 1025 1019 1013
    1007 1007 1007 1007 1007 1007 1007 1010 1010 1013 1013 1013 1013
    1016 1016 1016 1016 1019 1019 1019 3010 3010 3010 3010 3010 3064
    3092 3120 3092 3092 3064 3064 3064 3037 3037 3010 2958 2933 2933
    2933 2933 2883 2835 2789 2744 2723 2723 2701 2701 2701 2723 2744
    2744 2723 2680 2659 2639 2156 2143 2143 2116 2103 2090 2053 2040
    2040 2028 2028 2028 2028 2040 2040 2040 2040 2040 2040 2040 2040
    2028 2016 2005 1981 1970 1959 1947 1926 1915 1904 1894 1883 1873
    1873 1863 1853 3010 3010 3010 3010 3010 3010 3010 3010 3010 0 0 0 0
    1094 1090 1087 1080 1077 1070 1063 1050 1028 1022 1016 1013 1010
    1007 1007 1007 1007 1007 1007 1010 1013 1013 1013 1013 1016 1016
    1016 1016 1016 1019 1019 1019 1019 1019 1022 3010 3037 3092 3092
    3092 3092 3092 3092 3064 3064 3037 3037 2984 2933 2835 2835 2835
    2883 2859 2812 2767 2744 2723 2723 2723 2701 2701 2744 2744 2723
    2701 2680 2659 2639 2156 2156 2129 2103 2090 2090 2053 2040 2040
    2028 2028 2028 2040 2040 2040 2040 2040 2040 2040 2040 2028 2016
    2005 1981 1970 1959 1947 1936 1915 1915 1904 1894 1883 1873 1873
    1863 1843 3010 3010 3010 3010 3010 3010 2984 2984 3010 3010 0 1094
    1094 1094 1090 1087 1080 1073 1063 1057 1047 1025 1019 1013 1013
    1013 1010 1007 1007 1010 1010 1010 1010 1013 1013 1013 1013 1016
    1016 1016 1016 1016 1019 1019 1019 1019 1019 1022 1022 1022 3120
    3092 3092 3092 3092 3092 3064 3064 3037 3010 2958 2933 2835 2835
    2835 2883 2859 2789 2744 2744 2723 2723 2723 2723 2723 2744 2744
    2723 2701 2680 2639 2143 2143 2143 2129 2103 2090 2078 2053 2040
    2040 2028 2028 2040 2040 2040 2040 2040 2040 2040 2040 2040 2028
    2016 2005 1970 1959 1947 1936 1926 1915 1915 1904 1894 1883 1873
    1873 1863 1843 3010 3010 3010 3010 3010 3010 2984 2984 2984 0 0 0
    1094 1094 1090 1084 1077 1067 1060 1054 1028 1022 1016 1013 1010
    1010 1010 1010 1010 1010 1010 1010 1010 1013 1013 1013 1013 1016
    1016 1016 1016 1016 1019 1019 1019 1019 1019 1022 1022 1022 1019
    1019 1019 3092 3092 3092 3037 3037 3010 2958 2933 2933 2933 2859
    2859 2883 2835 2767 2744 2723 2723 2723 2723 2723 2744 2744 2744
    2701 2680 2680 2129 2129 2143 2143 2129 2090 2078 2065 2053 2040
    2040 2028 2028 2040 2040 2040 2040 2040 2040 2040 2040 2028 2016
    2005 1981 1970 1959 1947 1936 1926 1926 1915 1915 1904 1894 1883
    1873 1863 1843 3010 3010 3010 3010 3010 2933 2933 2984 2984 0 0 0
    1090 1090 1087 1080 1077 1067 1060 1054 1028 1022 1013 1010 1010
    1010 1010 1010 1010 1010 1010 1013 1013 1013 1016 1013 1013 1016
    1016 1016 1016 1016 1019 1019 1019 1019 1019 1022 1022 1022 1019
    1019 1022 1022 1025 1025 1028 1031 1031 1031 2933 2933 2933 2908
    2883 2859 2789 2767 2744 2723 2723 2723 2723 2723 2744 2744 2744
    2701 2680 2659 2129 2129 2143 2143 2116 2090 2078 2053 2053 2040
    2040 2040 2040 2040 2040 2040 2040 2040 2040 2040 2040 2016 2005
    1993 1970 1959 1947 1947 1947 1936 1926 1915 1915 1904 1894 1883
    1873 1863 1843 3010 3010 3037 3010 3010 2933 2933 2984 2984 0 0 0
    1090 1090 1087 1077 1073 1063 1057 1025 1025 1019 1013 1007 1007
    1010 1010 1013 1013 1013 1013 1013 1013 1013 1016 1016 1016 1016
    1016 1016 1016 1019 1019 1019 1019 1019 1022 1022 1022 1022 1022
    1022 1022 1022 1025 1025 1028 1028 1028 1028 1028 1028 2933 2933
    2883 2859 2789 2767 2744 2723 2723 2723 2723 2723 2744 2744 2723
    2701 2680 2659 2129 2129 2143 2129 2103 2090 2065 2053 2040 2040
    2040 2040 2040 2040 2040 2040 2040 2040 2040 2040 2040 2016 2005
    1993 1970 1959 1947 1947 1947 1936 1926 1915 1904 1904 1883 1873
    1863 1863 1843 3037 3037 3010 3010 3010 2984 2984 2984 0 0 0 1094
    1090 1090 1080 1077 1070 1060 1050 1025 1025 1019 1010 1007 1007
    1010 1013 1013 1013 1013 1013 1013 1013 1016 1016 1016 1016 1016
    1016 1016 1019 1019 1019 1019 1019 1019 1022 1022 1022 1022 1022
    1022 1022 1022 1025 1025 1028 1028 1028 1028 1028 1028 1031 1031
