<?xml version="1.0"?>
<opencv_storage>
<Depth12544 type_id="opencv-matrix">
  <rows>39</rows>
  <cols>73</cols>
  <dt>w</dt>
  <data>
    6375 1981 1947 1936 1926 1926 1915 1915 1894 1894 1894 1904 1904
    6146 6146 6146 6146 6146 6259 6259 6259 6146 6146 6146 6146 6146
    6146 6146 6146 6146 6146 6146 6038 5933 5933 5933 5832 5832 5933
    5832 5832 5832 5734 5734 5734 5640 5640 5640 5640 5640 5734 4842
    4774 4774 4774 4774 4774 4774 0 0 0 0 0 0 0 0 0 0 0 0 0 0 0 6375
    1981 1947 1936 1926 1926 1915 1915 1894 1894 1894 1904 1904 1904
    1915 1915 1915 1915 1915 1915 6259 6146 6146 6146 6146 6146 6146
    6146 6146 6146 6146 6146 6146 6038 5832 5832 5832 5832 5933 5933
    5832 5832 5734 5734 5734 5640 5640 5640 5640 5640 5734 5734 4842
    4842 4842 4774 4774 4708 4708 0 0 0 0 0 0 0 0 0 0 0 0 0 0 6622 1981
    1959 1947 1936 1936 1926 1926 1926 1926 1926 1904 1904 1904 1915
    1915 1915 1915 1915 1915 1915 1904 1894 1894 1883 1883 1883 1883
    1883 1883 1873 1863 1863 1863 5832 5734 1853 1853 1863 1863 1863
    1863 1863 1863 5640 5640 1833 1833 5640 1833 1833 5832 4842 4842
    4842 4774 4774 4708 4708 0 0 0 0 0 0 0 0 0 0 0 0 0 0 6375 1981 1959
    1947 1936 1936 1936 1936 1936 1936 1936 1926 1915 1915 1915 1926
    1915 1915 1915 1915 1915 1904 1894 1894 1883 1883 1883 1873 1873
    1873 1873 1863 1863 1863 1873 1863 1853 1853 1853 1853 1853 1863
    1863 1863 1843 1843 1833 1833 1833 1833 1833 1833 1833 1823 1813
    1813 1813 4708 4708 0 0 0 0 0 0 0 0 0 0 0 0 0 0 6375 1959 1947 1947
    1936 1936 1936 1936 1936 1936 1936 1926 1915 1915 1926 1926 1915
    1915 1915 1915 1915 1904 1904 1904 1894 1883 1883 1873 1873 1873
    1873 1873 1873 1873 1873 1863 1853 1853 1853 1853 1853 1863 1853
    1853 1843 1843 1833 1833 1833 1823 1823 1823 1823 1823 1813 1813
    1813 1823 0 0 0 0 0 0 0 0 0 0 0 0 0 0 0 6497 1947 1947 1947 1936
    1936 1936 1936 1936 1936 1926 1926 1926 1926 1926 1926 1926 1915
    1915 1915 1915 1904 1904 1904 1894 1894 1894 1883 1873 1873 1873
    1873 1873 1873 1873 1863 1863 1853 1853 1853 1853 1853 1853 1853
    1843 1833 1833 1833 1833 1823 1823 1823 1823 1823 1813 1813 1813
    1813 0 0 0 0 0 0 0 0 0 0 0 0 0 0 0 6497 1947 1947 1947 1947 1936
    1936 1936 1936 1936 1926 1926 1926 1926 1926 1926 1926 1915 1915
    1915 1915 1904 1904 1904 1904 1894 1894 1883 1873 1873 1873 1873
    1873 1873 1873 1863 1863 1853 1853 1853 1853 1843 1843 1843 1843
    1833 1833 1833 1833 1823 1823 1823 1823 1813 1813 1813 1813 1813 0 0
    0 0 0 0 0 0 0 0 0 0 0 0 0 6497 1947 1947 1947 1947 1936 1936 1936
    1936 1926 1926 1926 1926 1926 1926 1915 1915 1915 1915 1915 1904
    1904 1904 1904 1894 1894 1894 1883 1873 1873 1873 1873 1873 1873
    1863 1863 1853 1853 1853 1853 1853 1843 1843 1843 1843 1833 1833
    1833 1833 1823 1823 1823 1823 1813 1813 1813 1813 1813 0 0 0 0 0 0 0
    0 0 0 0 0 0 0 0 1959 1959 1959 1947 1947 1947 1936 1936 1936 1926
    1926 1915 1915 1915 1915 1915 1915 1915 1915 1915 1904 1904 1904
    1904 1894 1894 1894 1883 1873 1873 1873 1873 1873 1873 1853 1853
    1853 1853 1853 1853 1853 1853 1843 1843 1833 1833 1833 1833 1833
    1833 1823 1823 1823 1813 1813 1813 1813 1823 0 0 0 0 0 0 0 0 0 0 0 0
    0 0 0 1959 1959 1947 1947 1947 1947 1936 1936 1936 1926 1926 1915
    1915 1915 1915 1926 1915 1915 1915 1904 1904 1904 1904 1904 1904
    1894 1894 1883 1883 1873 1873 1873 1873 1863 1853 1853 1853 1853
    1853 1853 1853 1853 1843 1843 1833 1833 1833 1833 1833 1833 1823
    1823 1823 1813 1813 1813 1813 1823 0 0 0 0 0 0 0 0 0 0 0 0 0 0 0
    1959 1959 1947 1947 1947 1936 1936 1936 1936 1926 1926 1915 1915
    1915 1915 1926 1915 1915 1904 1904 1904 1904 1904 1904 1894 1894
    1894 1883 1883 1883 1873 1873 1873 1863 1853 1853 1853 1863 1863
    1853 1853 1853 1843 1843 1833 1833 1833 1833 1833 1833 1823 1823
    1823 1813 1813 1804 1804 0 0 0 0 0 0 0 0 0 0 0 0 0 0 0 0 6622 1947
    1947 1947 1947 1936 1936 1936 1936 1926 1915 1915 1915 1915 1915
    1915 1915 1915 1904 1904 1904 1904 1904 1904 1894 1894 1894 1883
    1883 1883 1873 1873 1873 1863 1863 1863 1863 1863 1853 1853 1853
    1843 1843 1843 1833 1833 1833 1833 1833 1833 1823 1823 1813 1813
    1813 1804 1804 1804 0 0 0 0 0 0 0 0 0 0 0 0 0 0 0 6497 1947 1947
    1947 1947 1936 1936 1936 1936 1926 1915 1915 1915 1915 1915 1915
    1915 1915 1904 1904 1904 1904 1904 1894 1894 1894 1894 1894 1894
    1883 1883 1873 1873 1873 1863 1863 1863 1863 1853 1853 1853 1843
    1843 1843 1833 1833 1833 1833 1833 1833 1823 1823 1813 1813 1813
    1804 1804 1804 0 0 0 0 0 0 1833 1833 1813 1804 1794 1794 1794 1794 0
    1959 1947 1947 1947 1947 1936 1936 1936 1926 1926 1915 1915 1915
    1904 1904 1915 1915 1915 1904 1904 1904 1904 1904 1894 1894 1894
    1894 1894 1894 1883 1873 1873 1863 1863 1863 1863 1863 1863 1853
    1853 1843 1833 1833 1843 1833 1833 1833 1833 1823 1823 1823 1813
    1813 1813 1813 1804 1804 1804 0 0 0 0 0 0 1833 1823 1813 1804 1794
    1794 1785 1785 1776 1947 1947 1947 1947 1947 1936 1936 1936 1926
    1926 1915 1915 1915 1904 1904 1915 1915 1915 1915 1904 1904 1904
    1894 1894 1894 1894 1894 1894 1894 1883 1873 1873 1863 1863 1863
    1863 1863 1863 1853 1853 1843 1833 1833 1843 1833 1833 1833 1833
    1823 1823 1823 1813 1813 1813 1813 1804 1804 1823 0 0 0 1823 1823
    1833 1823 1813 1804 1794 1794 1785 1785 1776 1776 1947 1947 1947
    1947 1947 1936 1936 1936 1936 1926 1926 1926 1915 1904 1904 1915
    1915 1915 1915 1904 1904 1904 1894 1894 1894 1894 1894 1894 1883
    1873 1873 1873 1873 1873 1863 1863 1863 1863 1853 1843 1843 1843
    1843 1843 1833 1833 1833 1833 1833 1823 1823 1823 1813 1813 1813
    1813 1813 1823 1823 1823 1823 1823 1823 1823 1813 1804 1804 1794
    1785 1785 1776 1776 1776 1947 1947 1947 1947 1936 1936 1936 1936
    1936 1926 1926 1915 1915 1904 1904 1915 1915 1915 1915 1904 1904
    1904 1894 1894 1894 1894 1894 1883 1873 1873 1873 1873 1873 1873
    1863 1863 1863 1853 1853 1843 1843 1843 1843 1843 1833 1833 1833
    1833 1833 1823 1823 1823 1823 1813 1813 1813 1813 1813 1804 1804
    1813 1823 1823 1823 1813 1804 1804 1794 1785 1785 1776 1776 1776
    1947 1947 1947 1947 1936 1936 1936 1936 1936 1926 1915 1915 1904
    1904 1904 1915 1915 1915 1915 1904 1904 1904 1894 1894 1894 1894
    1883 1873 1873 1873 1873 1873 1873 1873 1863 1863 1863 1853 1853
    1843 1843 1843 1843 1843 1833 1833 1833 1833 1833 1823 1823 1823
    1823 1823 1813 1813 1813 1804 1804 1804 1813 1823 1833 1833 1823
    1804 1804 1794 1785 1785 1776 1776 1766 1936 1936 1936 1947 1936
    1936 1936 1936 1936 1915 1915 1915 1904 1904 1915 1915 1915 1915
    1915 1904 1904 1904 1904 1904 1894 1894 1883 1873 1873 1873 1873
    1873 1873 1873 1863 1863 1853 1853 1853 1853 1853 1853 1853 1843
    1833 1833 1833 1833 1833 1823 1823 1823 1823 1823 1813 1813 1823
    1804 1804 1813 1813 1833 1843 1843 1823 1813 1804 1794 1785 1776
    1776 1776 1766 1936 1936 1936 1936 1936 1936 1936 1936 1936 1915
    1915 1904 1904 1904 1915 1915 1915 1915 1915 1904 1904 1904 1904
    1894 1894 1894 1883 1873 1873 1873 1873 1873 1873 1873 1863 1863
    1853 1853 1853 1853 1853 1853 1853 1843 1833 1833 1833 1833 1833
    1823 1823 1813 1813 1813 1804 1804 1813 1813 1813 1915 1853 1853
    1853 1853 1833 1813 1804 1794 1785 1776 1776 1776 1776 1936 1936
    1936 1936 1936 1936 1936 1926 1926 1926 1915 1904 1904 1904 1915
    1915 1915 1915 1915 1904 1904 1904 1894 1894 1883 1883 1883 1873
    1873 1873 1873 1873 1873 1873 1863 1863 1863 1853 1853 1853 1853
    1843 1843 1843 1833 1833 1833 1833 1823 1823 1823 1813 1813 1813
    1804 1804 1804 1804 1915 1915 1915 1823 1823 1823 1823 1813 1794
    1785 1776 1776 1776 1776 1776 2241 1936 1936 1947 1936 1936 1936
    1926 1926 1926 1926 1915 1904 1904 1904 1915 1915 1915 1915 1904
    1904 1904 1894 1883 1873 1873 1873 1873 1873 1873 1873 1863 1863
    1873 1863 1863 1863 1853 1853 1853 1843 1843 1843 1833 1833 1833
    1833 1833 1823 1823 1823 1813 1813 1813 1804 1804 1804 1915 1915
