<?xml version="1.0"?>
<opencv_storage>
<Depth12271 type_id="opencv-matrix">
  <rows>9</rows>
  <cols>48</cols>
  <dt>w</dt>
  <data>
    4774 4842 4708 4708 4842 4842 4842 4911 4911 4842 4774 4708 4708
    4708 4708 4708 4708 4708 4645 4645 4645 4708 4708 4645 4645 4645
    4645 4708 4708 4708 4708 4708 4708 4708 4708 4708 4708 4708 4774
    4708 4708 4645 4645 4645 4582 4582 4582 4582 4842 4708 4708 4708
    4842 4842 4842 4842 4774 4774 4708 4708 4708 4708 4708 4708 4708
    4708 4645 4645 4645 4708 4708 4645 4645 4645 4645 4708 4708 4708
    4708 4708 4645 4645 4645 4645 4645 4645 4708 4645 4645 4645 4582
    4522 4522 4522 4463 4463 0 4708 4708 4774 4842 4842 4842 4842 4774
    4774 4708 4708 4708 4708 4708 4708 4708 4708 4708 4645 4645 4645
    4708 4708 4708 4645 4645 4708 4708 4708 4708 4645 4645 4645 4645
    4645 4582 4582 4582 4582 4582 4522 4522 4522 4463 4463 4463 4463 0 0
    4774 4774 4774 4774 4774 4774 4708 4708 4708 4708 4708 4708 4708
    4708 4708 4708 4708 4645 4645 4645 4708 4708 4708 4708 4708 4708
    4708 4708 4708 4645 4645 4645 4645 4645 4582 4582 4582 4582 4582
    4522 4522 4463 4463 4463 4463 4463 0 4774 4774 4774 4774 4774 4774
    4774 4708 4708 4708 4708 4708 4708 4708 4708 4708 4708 4708 4708
    4708 4708 4708 4708 4708 4708 4708 4708 4708 4708 4645 4645 4645
    4645 4645 4645 4645 4645 4645 4645 4582 4522 4522 4463 4463 4463
    4463 4463 0 0 0 4842 4842 4774 4774 4774 4708 4708 4708 4708 4774
    4708 4708 4708 4708 4708 4708 4708 4708 4708 4708 4708 4774 4708
    4708 4708 4645 4645 4645 4645 4645 4645 4645 4645 4645 4645 4645
    4645 4582 4522 4463 4463 4463 4463 4463 4463 0 0 0 5933 4842 4842
    4774 4774 4774 4774 4774 4774 4774 4774 4774 4708 4708 4708 4708
    4708 4708 4708 4708 4708 4774 4774 4708 4645 4645 4645 4645 4645
    4645 4708 4708 4645 4645 4645 4645 4645 4582 4522 4463 4463 4463
    4463 4463 4463 0 0 0 0 5933 5832 5832 5734 5548 5548 5548 5548 5548
    5640 4774 4774 4774 4708 4708 4708 4774 4774 4774 4774 4774 4774
    4645 4645 4645 4645 4645 4645 4645 4645 4645 4645 4645 4582 4582
    4582 4582 4522 4463 4463 4463 4463 4463 4463 6038 6038 5734 5734
    5832 5734 5734 5640 5548 5548 5548 5548 5640 5640 5640 5640 5734
    5734 5640 5548 5460 0 5460 0 0 0 5291 5291 5374 5460 5460 5548 5548
    5640 0 4645 4645 4582 4582 4582 4645 4645 4645 4645 5291 4522 0 4522</data></Depth12271>
</opencv_storage>
