<?xml version="1.0"?>
<opencv_storage>
<Depth8831 type_id="opencv-matrix">
  <rows>70</rows>
  <cols>77</cols>
  <dt>w</dt>
  <data>
    4774 4774 4708 4708 4645 4645 4645 4645 4645 4645 4645 4645 4645
    4645 4582 4582 4582 4582 4582 4582 4645 4645 4645 4582 4582 4582
    4582 4582 4582 4582 4645 4582 4582 4582 4582 4582 4582 4582 4582
    4522 4522 4582 4522 4522 4582 4582 4522 4522 4522 4522 4522 4522
    4522 4522 4522 4463 4463 4463 4463 4405 4405 4405 4405 1010 1007
    1004 1004 1001 1001 4405 0 4405 4349 4349 4295 4295 4295 4774 4708
    4708 4708 4645 4645 4645 4645 4645 4645 4645 4645 885 885 885 885
    4582 4582 4582 4582 4645 4645 962 962 4582 4582 4582 4582 4582 4582
    4645 4582 4582 4582 4582 4582 4582 4582 4582 4522 4522 4582 4582
    4582 4582 4582 4582 4522 4522 4463 4463 4522 4522 4522 4522 4463
    4463 4463 4463 4405 4405 4405 1010 1010 1007 1007 1004 1001 1001
    1001 1001 0 4295 4295 4295 4295 4295 4774 4708 4708 4708 4645 4645
    4645 4645 4645 882 882 882 882 882 885 885 882 882 4582 4645 4645
    956 956 956 956 956 956 954 954 956 956 959 959 4582 4582 4582 4582
    4582 4582 4582 4582 4582 4582 4582 4582 4582 4582 987 987 987 989
    4522 4522 4522 4522 1004 1004 1007 1007 1007 1010 1010 1010 1010
    1004 1004 1004 1004 1010 1010 1022 0 0 4190 0 4190 4190 4708 4645
    4645 4645 4708 4708 4645 4645 4645 882 882 882 882 882 885 885 882
    882 882 935 935 935 948 954 951 946 946 951 951 954 956 956 956 956
    956 959 959 959 959 967 967 967 967 967 4582 4582 987 984 984 984
    989 989 992 998 998 1001 1001 1001 1001 1004 1007 1007 1007 1007
    1004 1004 1004 1007 1013 1022 1022 0 0 0 4190 4190 4190 4708 4645
    4645 4645 4708 4708 4708 4645 4645 882 882 882 882 882 882 882 882
    875 875 933 933 935 935 940 938 938 940 940 946 946 951 954 954 956
    956 956 956 956 956 967 967 967 967 967 967 981 984 984 984 984 987
    987 989 992 992 998 998 998 998 998 1001 1001 1007 1007 1004 1004
    1004 1010 1019 1022 0 938 938 938 0 0 4295 0 0 0 0 0 0 4774 4774
    4774 880 880 882 882 880 880 878 878 875 875 875 925 928 930 935 935
    935 935 935 940 943 951 954 951 951 954 954 894 894 898 901 906 906
    964 964 967 910 910 910 913 925 925 973 984 984 984 992 992 992 992
    992 995 1001 1007 1010 1007 940 940 943 946 946 946 938 938 938 938
    0 4295 0 0 0 0 0 0 864 875 875 875 875 875 875 878 875 875 875 875
    875 875 875 925 928 933 930 930 933 894 891 891 894 891 891 891 891
    891 894 894 898 901 906 906 906 906 913 910 910 910 913 918 923 920
    920 918 918 918 925 930 933 933 935 935 1007 1010 938 938 940 943
    943 940 940 935 935 935 938 938 938 0 0 0 0 0 0 864 864 864 867 867
    871 871 873 873 873 873 873 873 873 875 875 875 880 882 882 885 887
    889 889 891 891 891 891 891 891 894 894 898 901 903 906 906 906 908
    910 908 908 910 915 918 918 915 915 915 915 918 923 925 928 928 930
    930 933 935 935 938 940 940 933 933 933 935 935 935 938 938 0 0 0 0
    0 0 864 864 864 864 864 867 867 871 871 871 871 873 873 873 875 875
    875 880 882 882 885 887 887 889 891 889 889 891 891 891 894 896 898
    901 903 903 906 906 906 908 908 908 910 913 915 915 915 915 915 915
    918 920 920 923 925 925 925 925 928 928 933 933 933 933 933 933 935
    935 935 938 938 0 0 0 0 0 862 862 864 864 864 864 867 867 869 871
    871 871 873 873 873 875 875 875 880 882 885 885 885 887 889 889 889
    889 889 891 891 894 894 896 898 901 901 903 903 906 906 906 906 908
    910 913 913 913 913 915 915 915 918 918 920 923 923 923 925 925 928
    930 930 933 933 933 933 935 938 938 938 938 0 0 0 0 0 862 862 864
    864 864 864 864 867 869 869 871 871 873 873 873 875 875 875 880 882
    882 885 885 887 889 889 889 889 889 891 891 894 894 896 896 898 898
    901 903 903 906 906 906 908 910 913 913 913 913 913 915 915 918 918
    920 923 923 923 925 925 925 928 928 930 933 933 933 935 938 938 938
    938 0 0 0 0 0 864 864 864 864 864 864 864 867 867 869 871 871 873
    873 873 875 875 875 878 882 882 885 885 887 887 889 889 889 889 891
    891 894 896 896 896 898 898 901 903 903 906 906 906 908 910 913 913
    913 913 913 915 915 918 918 920 923 923 923 923 925 925 928 928 930
    930 933 933 935 938 938 938 938 0 0 0 0 0 864 864 862 862 864 864
    864 867 867 869 871 873 873 873 873 873 875 875 878 880 882 885 885
    887 887 887 889 889 889 891 891 894 896 896 896 898 898 898 903 903
    906 906 906 908 910 910 913 913 913 915 915 915 918 918 920 923 923
    923 923 923 925 928 928 930 930 930 933 938 938 938 935 935 0 0 0 0
    867 864 864 862 862 862 864 864 867 867 867 871 871 873 873 873 873
    875 875 878 880 882 885 885 885 887 887 889 891 891 894 894 894 896
    896 898 898 898 898 903 903 906 906 906 908 908 910 913 913 913 915
    915 915 918 918 920 920 923 923 923 923 925 928 928 930 930 930 933
    935 938 938 935 935 0 0 0 0 867 864 864 862 862 862 864 864 867 867
    867 871 871 873 873 875 875 875 875 880 880 882 882 885 885 887 887
    887 891 891 894 894 896 896 896 898 898 898 901 903 903 906 906 906
    906 908 908 913 913 915 915 915 915 915 918 918 920 920 923 923 923
    925 925 928 930 930 930 933 935 938 938 935 935 0 0 0 0 867 864 862
    862 862 862 864 864 867 867 867 871 871 873 873 875 875 875 875 880
    880 882 882 882 885 885 887 887 889 891 894 894 894 896 896 896 898
    898 901 901 903 906 906 906 906 906 908 910 913 915 915 915 915 915
    918 918 918 920 923 923 925 925 925 928 930 930 930 933 935 938 938
    935 935 0 0 0 0 867 864 862 862 862 862 864 864 867 867 869 869 869
    873 873 873 875 875 875 880 880 882 882 882 885 885 887 887 889 891
    894 894 894 896 896 896 898 901 901 901 903 906 906 906 906 906 908
    910 913 915 915 915 915 915 915 918 918 920 923 923 925 925 925 928
    928 930 930 933 935 935 938 935 935 0 0 0 867 864 862 862 862 862
    862 864 864 867 867 867 869 869 873 873 873 873 873 875 880 880 882
    882 885 885 887 887 889 889 891 891 891 894 896 896 896 898 901 901
    901 901 903 906 906 906 906 908 910 913 915 915 915 915 915 915 918
    918 920 923 923 923 925 925 925 925 930 930 930 933 935 935 938 940
    0 0 0 864 864 862 862 862 862 862 864 864 867 867 867 867 869 871
    871 873 873 873 875 880 880 882 882 885 885 887 887 889 889 889 891
    891 894 896 896 896 898 898 901 901 901 903 906 906 906 908 910 913
    913 915 915 915 915 915 915 918 920 923 923 923 923 925 925 925 925
    930 930 930 933 935 935 938 940 0 0 864 864 864 862 862 860 860 862
    864 864 867 867 867 867 869 871 871 873 873 873 878 880 880 880 882
    885 887 887 887 887 889 889 891 891 894 896 896 896 896 898 898 901
    901 903 906 906 906 910 910 913 913 915 915 915 915 915 915 918 920
    920 923 923 923 925 925 928 928 928 930 930 933 935 935 938 938 0 0
    864 864 864 862 862 860 860 862 864 864 864 867 867 867 869 871 873
    873 873 873 878 880 880 880 880 885 885 885 885 885 887 887 891 894
    894 894 894 896 896 896 898 901 903 903 906 906 906 908 910 913 913
    913 915 915 915 918 918 918 920 920 923 923 923 925 925 925 925 928
    930 930 933 935 935 935 935 0 0 867 864 864 862 862 862 862 862 864
    864 864 867 867 867 869 871 873 873 873 873 878 880 880 880 880 882
    885 885 885 885 887 887 889 891 894 894 894 894 896 896 898 901 903
    903 906 906 906 908 910 913 913 913 915 915 915 915 915 918 920 920
    923 923 923 925 925 925 925 928 930 930 935 935 935 935 935 0 0 0
    864 864 862 862 862 862 862 862 864 864 867 867 867 869 871 871 873
    873 873 878 880 880 880 880 882 885 885 885 885 887 887 887 889 891
    894 894 894 896 896 898 901 901 903 906 906 906 908 910 913 910 910
    913 913 915 915 915 918 920 920 923 923 923 925 925 925 928 928 930
    930 935 935 935 935 935 0 0 0 864 864 864 862 862 862 862 862 864
    864 864 867 867 869 869 871 871 873 875 878 878 880 880 880 882 885
    885 885 887 887 887 887 889 891 894 896 896 896 896 898 901 901 903
    903 906 906 908 908 910 910 910 913 913 915 915 915 915 918 920 923
