<?xml version="1.0"?>
<opencv_storage>
<Depth3705 type_id="opencv-matrix">
  <rows>65</rows>
  <cols>71</cols>
  <dt>w</dt>
  <data>
    1557 1550 1550 1557 1557 1557 1557 1557 1557 1572 1579 1601 1624
    1624 5210 4911 4911 4842 4842 4842 4842 4842 4983 4983 1616 1616
    1609 1609 1609 1609 1609 1609 1624 1624 5056 5056 5056 5056 5056
    5056 4983 4842 4842 4842 4842 4842 4774 4708 4708 4708 4708 4708
    4708 4645 4645 4645 4645 4708 4911 4983 4983 4983 4983 4983 4983
    4911 4911 4911 4911 4911 4911 1550 1543 1543 1557 1557 1557 1557
    1557 1557 1572 1579 1579 5548 5548 5210 4983 4911 4842 4842 4842
    4842 4842 4842 1601 1616 1616 1609 1609 1609 1609 1616 1624 1624
    1624 1624 5132 5132 5132 5210 5210 5132 5132 5132 5132 5056 4983
    4911 4842 4842 4842 4774 4774 4774 4645 4645 4645 4708 4911 5056
    5056 4983 4983 4983 4983 4983 4911 4911 4911 4911 4911 4911 1550
    1543 1543 1550 1550 1557 1557 1557 1557 1557 1632 5548 0 5548 5374
    4983 4911 4842 4842 4842 4842 4842 1601 1601 1601 1609 1609 1609
    1609 1609 1609 1616 1616 1616 1616 1616 1616 5210 5210 5210 5210
    5210 5210 5210 5132 5132 5132 5056 4983 4911 4911 4911 4911 4911
    5056 5132 5132 5132 5056 5056 5056 5056 5056 4983 4983 4911 4911
    4911 4911 4911 4983 1550 1550 1550 1550 1550 1564 1564 1564 1572
    1632 0 0 0 5548 5460 5460 4911 4774 4774 4842 4842 4842 1594 1594
    1601 1609 1609 1609 1609 1609 1609 1616 1616 1616 1616 1616 1616
    5210 5210 5210 5210 5291 5291 5210 5210 5210 5210 5210 5132 5132
    5056 5056 5056 5132 5132 5132 5132 5132 5056 5056 5056 5056 5056
    4983 4983 4983 4911 4911 4911 4983 4983 1550 1550 1550 1550 1557
    1564 1572 1632 1632 1632 0 0 0 0 0 0 0 4774 4774 4842 1601 1601 1594
    1594 1601 1601 1609 1609 1609 1609 1609 1609 1609 1616 1616 1616
    1624 1624 5291 5291 5291 5210 5210 5210 5210 5210 5210 5210 5210
    5210 5210 5132 5132 5132 5132 5132 5132 5132 5056 5056 5056 5056
    5056 5056 4911 4911 4983 4983 4983 4983 4842 1550 1550 1550 1550
    1564 1579 1586 1632 1639 1639 0 0 0 0 0 0 0 1616 1616 1616 1601 1601
    1601 1601 1601 1601 1601 1601 1601 1609 1609 1609 1609 1624 1624
    1624 1624 1624 1632 5210 5210 5210 5210 5210 5210 5210 5210 5210
    5210 5210 5210 5210 5210 5210 5210 5132 5132 5132 5056 5056 5056
    5056 5056 5056 4911 4911 4983 4983 4983 4983 4842 1550 1550 1550
    1557 1579 1594 1609 1647 1647 1647 0 0 0 0 0 0 0 1601 1601 1601 1601
    1601 1601 1594 1594 1601 1601 1601 1601 1601 1609 1609 1609 1616
    1616 1616 1624 1632 1632 5210 5210 5210 5210 5210 5210 5210 5210
    5210 5210 5210 5210 5210 5210 5210 5210 5132 5132 5132 5132 5132
    5132 5056 5056 5056 4983 4983 4983 4911 4911 4911 4911 1543 1543
    1557 1564 1586 1601 1647 1655 0 0 0 0 0 0 0 0 0 1601 1601 1601 1601
    1601 1601 1594 1594 1601 1601 1601 1601 1601 1601 1601 1601 1609
    1609 1609 1609 1632 1632 1632 5210 5210 5210 5210 5210 5132 5132
    5210 5210 5210 5210 5210 5210 5210 5210 5210 5132 5132 5132 5132
    5132 5056 5056 5056 5056 5056 4983 4911 4911 4911 4911 1543 1543
    1572 1572 1594 1601 1647 0 0 0 0 0 0 0 0 0 0 1601 1594 1594 1594
    1601 1601 1601 1601 1601 1601 1601 1601 1601 1601 1601 1601 1609
    1609 1609 1609 1624 1624 1632 1632 1632 5210 5210 5210 5132 5132
    5132 5210 5210 5210 5210 5210 5210 5210 5210 5210 5210 5210 5132
    5132 5132 5132 5056 5056 5056 4983 4983 4983 4983 4983 1543 1572
    1572 1572 1594 1594 0 0 0 0 0 0 0 0 0 0 0 1594 1594 1594 1594 1601
    1601 1601 1601 1601 1601 1601 1601 1601 1609 1609 1609 1609 1609
    1609 1609 1616 1624 1624 1624 1624 1632 1632 5210 5132 5132 5132
    5132 5210 5210 5210 5210 5210 5210 5210 5210 5210 5210 5210 5132
    5132 5132 5132 5132 5132 5056 5056 4983 4983 5056 4295 1564 1564
    1579 1579 1579 0 0 0 0 0 0 0 0 0 0 1586 1586 1586 1594 1594 1594
    1601 1601 1601 1601 1601 1601 1601 1601 1601 1601 1601 1609 1609
    1609 1616 1616 1624 1624 1624 1624 1632 1632 1632 5132 5056 5056
    5132 5210 5210 5210 5210 5210 5210 5210 5210 5210 5210 5210 5132
    5132 5132 5132 5132 5132 5132 5056 5056 5056 5056 4295 4295 1564
    1564 1564 1572 0 0 0 0 0 0 0 0 0 1572 1572 1579 1586 1586 1586 1594
    1594 1601 1601 1601 1601 1601 1601 1601 1601 1601 1601 1609 1616
    1616 1624 1624 1624 1624 1624 1624 1632 1632 1632 1632 5056 5056
    5132 5132 5132 5210 5210 5210 5210 5210 5210 5210 5210 5210 5210
    5210 5210 5132 5132 5132 5132 5056 5056 5056 5056 4295 4295 1564
    1564 1564 1572 0 0 0 0 0 0 0 1572 1572 1572 1572 1579 1579 1586 1586
    1594 1594 1601 1601 1601 1601 1601 1601 1601 1601 1609 1609 1609
    1616 1616 1616 1616 1616 1624 1624 1624 1632 1632 1632 1632 1632
    5132 5132 5132 5132 5210 5210 5210 5210 5210 5210 5210 5210 5210
    5210 5210 5210 5132 5132 5132 5132 5132 5056 5056 5056 4295 4295 0 0
    0 0 0 0 0 0 1594 1586 1564 1564 1572 1572 1572 1572 1579 1586 1586
    1594 1594 1594 1594 1594 1594 1594 1601 1601 1601 1601 1601 1601
    1609 1609 1616 1616 1616 1624 1624 1624 1624 1632 1632 1632 1632
    1632 5291 5210 5210 5210 5210 5210 5210 5210 5210 5210 5210 5210
    5210 5210 5210 5132 5132 5132 5132 5132 5132 5056 5056 4295 4295 0 0
    0 0 0 0 0 0 1586 1572 1564 1564 1572 1572 1572 1572 1579 1579 1594
    1594 1594 1586 1586 1594 1594 1594 1601 1601 1601 1601 1601 1601
    1601 1601 1609 1609 1616 1616 1624 1624 1624 1624 1624 1632 1632
    1632 1632 5291 5210 5210 5210 5210 5210 5210 5210 5210 5210 5210
    5210 5210 5210 5210 5210 5132 5132 5132 5132 5132 5132 4295 4295
    4349 0 0 0 0 0 0 1572 1572 1572 1572 1572 1572 1572 1572 1572 1579
    1579 1586 1586 1586 1586 1586 1594 1594 1594 1601 1601 1601 1601
    1601 1601 1601 1601 1609 1609 1616 1616 1624 1624 1624 1624 1624
    1624 1632 1632 1632 1632 5291 5210 5210 5210 5210 5210 5210 5210
    5210 5210 5210 5210 5210 5210 5210 5210 5210 5132 5132 5132 5132
    4295 4241 4241 0 0 0 0 0 0 1572 1572 1572 1572 1572 1572 1572 1572
    1572 1572 1572 1579 1579 1586 1586 1586 1594 1594 1594 1594 1594
    1601 1601 1601 1601 1601 1601 1609 1609 1616 1616 1624 1624 1624
    1624 1624 1624 1632 1632 1632 1632 5291 5291 5291 5210 5210 5210
    5210 5210 5210 5210 5210 5210 5210 5210 5210 5210 5210 5132 5132
    5132 5132 4295 4241 4241 0 0 0 0 1564 1564 1564 1564 1564 1564 1572
    1572 1572 1572 1572 1572 1572 1572 1579 1579 1579 1586 1594 1594
    1594 1594 1594 1594 1601 1601 1601 1601 1601 1609 1609 1616 1616
    1624 1624 1624 1624 1624 1624 1632 1624 1624 1632 1632 1632 5291
    5210 5210 5210 5210 5210 5210 5210 5210 5210 5291 5210 5210 5210
    5210 5210 5132 5132 5132 4295 4241 4241 0 0 0 1564 1557 1557 1564
    1564 1564 1564 1564 1572 1572 1572 1572 1579 1572 1572 1579 1579
    1579 1579 1586 1594 1594 1594 1594 1594 1601 1601 1601 1601 1601
    1609 1609 1609 1616 1624 1624 1624 1624 1624 1624 1624 1624 1624
    1632 1632 1639 1639 5210 5210 5210 5210 5210 5210 5210 5210 5291
    5291 5291 5210 5210 5210 5210 5132 5132 5132 4241 4241 4241 1564
    1557 1557 1557 1557 1557 1557 1564 1564 1564 1564 1572 1572 1572
    1572 1572 1579 1579 1579 1579 1579 1579 1586 1594 1594 1594 1594
    1594 1594 1601 1601 1601 1609 1609 1609 1609 1616 1624 1624 1624
    1624 1624 1624 1624 1632 1632 1632 1632 1632 1632 5210 5210 5210
    5210 5210 5210 5210 5210 5291 5291 5291 5210 5210 5210 5210 5132
    5132 5132 4241 4241 4241 1550 1550 1550 1550 1557 1557 1557 1557
    1557 1564 1572 1572 1572 1572 1572 1572 1579 1579 1579 1579 1579
    1579 1586 1594 1594 1594 1594 1594 1594 1594 1601 1601 1601 1609
    1609 1609 1616 1616 1624 1624 1624 1624 1624 1632 1632 1632 1632
    1632 1632 1632 1632 1632 5291 5210 5210 5210 5210 5210 5291 5291
    5291 5291 5210 5210 5210 5132 5132 5132 4190 1536 1543 1543 1543
    1543 1550 1550 1550 1550 1550 1557 1564 1564 1564 1572 1572 1572
    1579 1579 1579 1579 1579 1586 1586 1586 1594 1594 1594 1594 1594
    1594 1594 1601 1601 1601 1609 1609 1609 1616 1616 1616 1624 1624
    1624 1624 1632 1632 1632 1632 1632 1632 1632 1632 1632 1632 5210
