<?xml version="1.0"?>
<opencv_storage>
<Depth9026 type_id="opencv-matrix">
  <rows>8</rows>
  <cols>17</cols>
  <dt>w</dt>
  <data>
    4911 4911 4983 4983 4983 4983 4911 4911 4911 4911 4911 4983 4983
    7030 4983 4983 4983 4774 4911 4983 4983 4983 4911 4911 4911 4911
    4911 4911 4983 4983 4983 4983 4983 4983 4774 4911 4911 4842 4842
    4842 4842 4911 4911 4911 4911 4911 4983 4983 4983 5056 5056 4911
    4911 4911 4842 4842 4842 4842 4842 4911 4911 4911 4911 4983 4983
    4983 4983 5056 4983 4911 4911 4842 4842 4842 4842 4842 4842 4842
    4842 4983 4983 4983 4983 4983 5056 4983 4983 4911 4842 4842 4842
    4842 4842 4842 4842 4842 4983 4983 4983 4983 4983 4983 0 0 0 4842
    4842 4842 4842 4842 4842 4842 4842 4983 4983 4983 4983 4983 4983 0 0
    0 0 0 0 0 0 4842 4842 4983 4983 4983 4911 4911 4983 4983</data></Depth9026>
</opencv_storage>
