<?xml version="1.0"?>
<opencv_storage>
<Depth4195 type_id="opencv-matrix">
  <rows>5</rows>
  <cols>27</cols>
  <dt>w</dt>
  <data>
    7660 6038 6038 6259 6259 6259 6146 6146 6146 6146 6259 6259 6038
    6038 5933 5933 6038 6038 6146 6146 6146 6146 6146 6146 6146 0 0 6038
    6038 5933 5933 6146 6146 6146 6146 6146 6146 6146 6259 6038 6038
    5933 5933 5933 6038 6038 6038 6038 6038 6038 6038 6038 6038 6038
    6038 6038 5933 5933 6038 6146 6146 6146 6146 6038 6038 6146 6038
    6038 5933 5933 5933 6038 6038 6038 6038 6038 6038 6038 6038 6038
    6038 6038 6038 5933 5933 6038 6038 6146 6146 6146 6038 6038 6038
    6038 6038 6038 5933 5933 6038 6038 6038 6038 6038 6038 6038 6038
    6038 6038 6038 6038 5933 5933 6038 6038 6259 6259 6038 6038 6038
    6038 6038 6038 6038 6038 6038 5933 5933 6038 6038 6038 6038 6038
    6038 6038 6038</data></Depth4195>
</opencv_storage>
