<?xml version="1.0"?>
<opencv_storage>
<Depth19334 type_id="opencv-matrix">
  <rows>11</rows>
  <cols>23</cols>
  <dt>w</dt>
  <data>
    1823 1823 1823 1833 1843 1853 1853 1863 1873 1883 3269 3269 3300
    3300 3300 3300 3333 3365 3399 3399 3365 3365 2005 1823 1823 1823
    1833 1843 1853 1853 3333 3333 3269 3269 3269 3300 3300 3300 3300
    3333 3365 3399 3399 3365 3365 2005 1843 3399 3365 3365 3333 3333
    3333 3333 3333 3300 3300 3269 3269 3269 3269 3269 3300 3333 3399
    3399 3365 3365 2016 3333 3333 3300 3300 3300 3300 3300 3300 3300
    3300 3300 3269 3269 3269 3269 3269 3300 3333 3365 3365 3365 3365
    2016 3333 3333 3300 3300 3269 3269 3269 3269 3300 3333 3269 3269
    3238 3238 3238 3300 3300 3333 3333 3300 3238 3238 3269 3238 3238
    3269 3269 3269 3269 3269 3269 3269 3269 3269 3238 3208 3208 3208
    3269 3300 3300 3269 3238 3208 3208 3238 3238 3238 3238 3238 3238
    3238 3238 3208 3208 3178 3178 3178 3208 3208 3208 3238 3238 3238
    3208 3208 3178 3178 3208 3178 3178 3178 3178 3178 3208 3178 3178
    3149 3149 3149 3149 3149 3120 3120 3120 3120 3120 3120 3178 3178
    3178 3178 3149 3149 3149 3149 3149 3149 3149 3120 3120 3120 3149
    3149 3120 3092 3092 3120 3120 3120 3120 3120 3120 3120 3120 3120
    3120 3120 3120 3120 3120 3092 3092 3037 3037 3120 3120 3092 3064
    3064 3092 3092 3092 3092 3092 3092 3092 3092 3120 3092 3092 3092
    3092 3092 3092 3092 3037 3037 3120 3092 3064 3037 3037 3064 3064
    3037 3037 3037 3037 3064 3092</data></Depth19334>
</opencv_storage>
