<?xml version="1.0"?>
<opencv_storage>
<Depth12023 type_id="opencv-matrix">
  <rows>10</rows>
  <cols>12</cols>
  <dt>w</dt>
  <data>
    5056 5132 5132 5132 5132 5132 5056 5056 4983 4983 4983 4983 5132
    5210 5210 5210 5210 5132 5132 5132 5056 4983 4983 4983 5132 5210
    5210 5210 5210 5210 5210 5210 5132 5132 4983 4983 5132 5210 5210
    5210 5210 5210 5210 5291 5291 5210 5210 5374 5132 5210 5210 5210
    5291 5291 5291 5291 5374 5374 5374 5460 5132 5132 5210 5210 5210
    5291 5291 5291 5460 5460 5548 5548 5056 5132 5210 5210 5210 5291
    5291 5374 5460 5548 5548 5640 5056 5056 5132 5210 5210 5291 5291
    5460 5460 5548 5640 5734 5056 5056 5132 5132 5210 5210 5291 5374
    5460 5548 5548 5548 5056 5056 5056 5132 5132 5210 5291 5291 5291
    5291 5291 5374</data></Depth12023>
</opencv_storage>
