<?xml version="1.0"?>
<opencv_storage>
<Depth19389 type_id="opencv-matrix">
  <rows>84</rows>
  <cols>81</cols>
  <dt>w</dt>
  <data>
    0 0 0 0 0 0 0 0 0 0 0 0 0 0 0 0 0 0 0 0 0 0 0 0 0 0 0 0 0 0 0 0 0 0
    0 0 0 0 0 0 0 0 0 6146 6146 6146 6146 6146 6146 6146 0 0 0 0 0 0 0 0
    0 1108 1108 1112 1112 1112 0 0 0 0 0 0 0 0 0 0 0 0 0 0 0 0 0 0 0 0 0
    0 0 0 0 0 0 0 0 0 0 0 0 0 0 0 0 0 0 0 0 0 0 0 0 0 0 0 0 0 0 0 0 0 0
    0 0 0 0 0 6146 6146 6038 6038 6038 6038 6146 0 0 0 0 0 0 0 0 1108
    1108 1108 1112 1112 1112 0 0 0 0 0 0 0 0 0 0 0 0 0 0 0 0 0 0 0 0 0 0
    0 0 0 0 0 0 0 0 0 0 0 0 0 0 0 0 903 901 901 0 0 0 0 0 0 0 0 0 0 0 0
    0 0 0 0 0 0 0 6259 6146 6038 6038 6038 6038 0 0 0 0 0 0 0 1105 1105
    1108 1108 1108 1108 1108 1108 0 0 0 0 0 0 0 1050 1050 1057 1057 1057
    1057 0 0 0 0 0 0 0 0 0 0 0 0 0 0 0 0 0 0 0 0 0 0 0 0 901 901 901 901
    901 0 0 0 0 0 0 0 0 0 0 8212 8019 7835 7492 7332 7332 6753 6622 6259
    6146 6146 6146 6146 6146 0 0 0 0 0 0 0 1105 1105 1108 1108 1108 1105
    1105 1108 0 0 0 0 0 0 1047 1047 1050 1054 1054 1057 1057 1060 0 0 0
    0 0 0 0 0 0 0 0 0 0 0 0 0 0 0 0 0 0 0 901 901 901 901 901 901 901 0
    0 0 0 0 0 0 7835 7835 7835 7660 7660 7332 7178 7178 6753 6622 6375
    6259 6146 6146 6146 6146 0 0 0 0 0 0 1101 1101 1101 1105 1004 1004
    1105 1105 1013 1013 1013 1022 1031 1031 1038 1044 1047 1050 1054
    1054 1057 1057 1057 0 0 0 0 0 0 0 0 0 0 940 940 0 0 0 0 0 0 0 0 0
    898 898 898 898 898 901 901 901 0 0 0 0 0 0 0 7178 7178 7332 7332
    7332 7178 7178 7030 6889 6753 6622 6375 6259 6259 6259 0 0 0 0 0 0
    1101 1101 1101 1101 1004 1004 1004 1010 1010 1013 1013 1013 1022
    1028 1031 1038 1044 1050 1050 1050 1054 1054 1054 1057 0 0 0 0 0 0 0
    0 0 0 940 940 0 948 948 0 0 0 0 0 0 896 896 896 896 898 898 898 901
    0 0 0 0 0 0 0 7178 7178 7332 7332 7332 7030 7030 7030 6889 6753 6622
    6497 6497 6497 964 964 964 970 0 1105 1105 1101 1101 1101 1101 1004
    1004 1010 1010 1010 1013 1016 1019 1022 1028 1034 1041 1047 1050
    1050 1050 1054 1054 1054 0 0 0 0 0 0 0 0 0 0 0 0 951 948 948 948 0 0
    0 0 894 894 894 894 896 896 896 894 894 898 898 0 0 0 0 0 0 7178
    7178 7178 930 930 933 933 935 940 940 943 948 954 959 962 964 964
    967 970 970 1105 1101 1101 1101 1001 1001 1001 1007 1010 1013 1013
    1019 1019 1025 1031 1038 1044 1047 1050 1050 1050 1054 1054 1054
    1054 0 0 0 0 0 0 0 0 0 0 951 951 948 948 951 954 0 0 894 894 894 894
    894 894 891 891 891 891 894 896 898 0 903 0 0 915 915 920 923 925
    928 933 933 935 940 940 943 948 954 956 959 962 964 967 970 970 1105
    1101 1101 1101 995 995 1001 1007 1010 1013 1016 1022 1022 1025 1034
    1044 1047 1047 1050 1050 1050 1054 1054 1050 1050 0 0 0 0 0 0 0 962
    962 951 951 951 948 948 948 891 891 891 891 894 894 894 894 891 889
    889 889 889 894 896 898 901 903 906 910 913 915 920 923 925 928 930
    933 935 940 943 946 948 951 954 959 962 964 970 970 973 1105 1105
    1101 995 995 995 1004 1010 1013 1016 1022 1022 1025 1031 1034 1044
    1047 1047 1050 1050 1050 1054 1054 1050 1047 1047 0 0 0 0 0 0 951
    951 951 948 948 946 946 891 891 891 891 891 894 894 894 891 891 887
    887 887 889 894 896 898 901 903 906 910 913 915 920 923 925 928 930
    933 935 940 943 946 948 951 954 962 964 967 970 973 973 984 992 992
    995 995 998 1010 1013 1016 1019 1025 1028 1028 1038 1038 1047 1047
    1047 1050 1050 1050 1050 1050 1050 1047 1047 0 0 0 0 0 948 948 951
    948 948 946 943 943 889 889 891 891 891 894 894 894 891 889 887 887
    887 889 891 898 901 903 906 910 913 915 915 920 923 925 930 933 933
    938 940 946 948 951 954 956 962 967 970 970 975 975 984 992 992 995
    995 1004 1038 1038 1044 1057 1060 1060 1050 1050 1050 1047 1047 1050
    1050 1050 1050 1050 1050 1050 1050 1054 0 0 0 0 948 948 948 948 948
    943 943 943 943 889 889 891 891 891 894 891 889 889 889 887 887 887
    889 891 898 901 903 906 910 913 915 918 920 925 928 930 933 935 938
    943 946 951 954 954 959 964 967 970 970 975 978 984 989 995 995 995
    1031 1044 1044 1047 1057 1060 1063 1054 1054 1050 1050 1050 1050
    1050 1050 1050 1050 1050 1050 1050 0 0 0 951 951 948 948 948 946 946
    943 943 943 943 891 891 891 891 891 891 887 887 887 887 887 887 889
    891 894 901 903 903 906 910 915 920 920 923 928 930 930 933 935 938
    943 948 954 954 959 962 964 964 970 970 975 981 984 987 995 995 995
    1031 1047 1047 1050 1057 1060 1060 1054 1054 1050 1047 1047 1047
    1047 1050 1050 1050 1050 1047 1047 0 0 0 951 948 946 943 943 943 943
    943 943 943 943 946 946 891 889 887 887 885 885 885 887 889 889 889
    894 898 901 903 906 923 930 930 933 930 930 933 933 933 933 935 938
    946 951 954 959 962 962 964 964 967 970 975 981 984 987 1038 1038
    1038 1041 1047 1047 1050 1057 1060 1060 1057 1054 1047 1047 1047
    1047 1047 1050 1050 1050 1050 1047 1047 0 0 0 5548 948 940 940 940
    940 940 943 943 943 946 946 948 948 889 885 885 885 885 885 887 889
    891 891 894 898 903 903 915 930 933 933 933 935 935 938 1050 1057
    1060 943 943 948 954 956 962 964 964 964 964 964 967 973 975 984
    1038 1038 1041 1041 1044 1047 1050 1050 1057 1060 1060 1057 1054
    1047 1047 1047 1047 1047 1050 1050 1050 1050 1047 1047 1054 0 0 5548
    946 940 940 940 940 940 940 943 943 946 946 948 951 882 882 885 885
    885 885 887 889 891 891 891 896 903 930 930 933 933 933 935 935 935
    1050 1050 1057 948 946 946 956 962 962 962 962 962 962 964 964 967
    973 975 984 1038 1038 1041 1044 1044 1047 1050 1050 1057 1060 1063
    1060 1054 1047 1047 1047 1047 1047 1050 1050 1050 1050 1050 1050
    1050 0 0 5460 940 940 940 938 938 940 940 943 943 946 946 948 951
    880 880 885 885 885 885 887 889 891 889 889 896 933 933 933 933 933
    933 935 935 938 940 940 943 948 948 948 956 962 962 962 962 962 962
    964 964 964 973 975 1038 1038 1041 1041 1044 1044 1047 1050 1050
    1057 1060 1063 1060 1054 1047 1047 1047 1047 1047 1047 1047 1047
    1050 1050 1050 1050 0 0 5374 940 940 940 938 938 940 940 943 943 946
    948 948 951 880 880 882 885 885 885 887 887 889 889 889 935 933 933
    933 933 930 930 930 933 933 938 935 935 938 943 951 956 959 959 962
    962 962 962 964 964 964 973 975 1038 1038 1041 1044 1044 1044 1047
    1047 1050 1057 1060 1063 1060 1054 1050 1047 1044 1044 1041 1041
    1044 1047 1047 1050 1050 1050 0 0 5291 943 940 940 940 940 943 943
    943 946 946 948 948 948 948 882 882 885 885 885 885 887 887 889 933
    933 933 933 930 930 930 930 930 933 933 935 935 935 938 940 951 954
    959 959 962 962 962 962 964 964 967 970 973 1038 1038 1041 1041 1044
    1044 1047 1047 1054 1060 1063 1063 1060 1057 1050 1047 1044 1044
    1041 1041 1041 1044 1047 1050 1050 1050 0 0 5291 943 940 940 940 940
    943 946 946 948 948 948 948 948 948 882 882 885 885 885 885 885 885
    933 930 930 930 930 930 930 930 930 930 933 933 933 935 935 935 940
    943 954 956 956 959 959 962 962 964 964 967 970 970 1041 1038 1038
    1041 1041 1041 1047 1047 1054 1060 1060 1063 1060 1057 1050 1047
    1044 1044 1041 1041 1041 1044 1047 1047 1047 1050 0 0 5291 943 940
    940 943 943 946 948 948 948 948 951 948 948 946 882 882 885 885 885
    885 885 885 933 930 930 930 930 930 930 930 930 930 933 930 930 933
    933 935 940 943 954 954 954 956 959 959 962 964 964 967 970 970 1038
    1038 1038 1038 1038 1038 1047 1047 1054 1057 1060 1060 1063 1060
    1054 1047 1047 1044 1041 1041 1044 1047 1047 1047 1047 1050 0 0 5291
    943 940 940 943 946 948 948 948 948 948 951 948 948 946 882 882 882
    882 882 882 882 933 930 930 930 930 930 930 930 930 930 933 930 928
    928 933 933 938 940 946 954 954 954 956 959 959 962 964 964 964 970
    970 1038 1038 1038 1038 1038 1038 1044 1047 1050 1054 1057 1060 1060
    1060 1054 1047 1047 1044 1041 1041 1044 1044 1047 1047 1047 1050 0 0
    5291 5291 943 943 946 946 948 948 948 948 948 948 948 948 878 878
    882 882 882 882 882 882 930 930 928 928 928 928 928 930 930 930 930
    930 928 928 933 935 940 943 948 954 954 954 956 956 956 962 962 964
