<?xml version="1.0"?>
<opencv_storage>
<Depth5968 type_id="opencv-matrix">
  <rows>72</rows>
  <cols>53</cols>
  <dt>w</dt>
  <data>
    4241 4241 4241 4241 4295 4241 4241 4241 4241 4241 4241 4241 4241
    4295 4295 4295 4241 4241 4241 4241 4241 4241 4241 4241 4241 4241
    4241 4241 4241 4139 4139 4190 4241 1398 1398 1392 1387 1387 1387
    1387 1387 1381 1381 1376 1376 1376 1376 4241 4241 4190 4190 4190
    4190 4241 4241 4241 4241 4241 4241 4241 4241 4241 4241 4241 4241
    4241 4295 4295 4241 4241 4241 1415 1410 1404 1404 1404 1398 1398
    1398 1398 1398 1398 1398 1392 1392 1392 1392 1392 1387 1381 1381
    1387 1387 1387 1381 1376 1376 1376 1376 1376 4190 4190 4190 4190
    4190 4190 4241 4241 4241 4241 4190 4190 4241 4241 4241 4241 4241
    4190 4190 4241 4241 4190 1415 1410 1410 1410 1404 1404 1404 1398
    1398 1398 1398 1398 1398 1398 1392 1392 1392 1392 1392 1387 1381
    1381 1387 1387 1381 1381 1376 1376 1376 1376 1376 4190 4190 4190
    4190 4190 4190 4241 4241 4241 4241 4190 4190 4190 4190 1421 1415
    1415 1415 4190 1415 1415 1410 1410 1410 1410 1410 1404 1404 1404
    1398 1398 1398 1398 1398 1398 1398 1398 1392 1392 1392 1392 1387
    1381 1381 1381 1381 1381 1381 1376 1376 1376 1376 1376 1376 4190
    4190 4190 4190 4190 4241 4241 4241 1421 1421 4241 1421 1415 1415
    1415 1415 1415 1415 1415 1415 1410 1410 1410 1410 1410 1404 1404
    1404 1398 1398 1398 1398 1398 1398 1398 1398 1392 1392 1387 1387
    1387 1387 1387 1381 1376 1376 1381 1376 1376 1376 1376 1376 1376
    4190 4190 4190 4190 4190 4295 4241 1427 1421 1415 1415 1415 1415
    1415 1415 1415 1415 1415 1415 1415 1415 1410 1410 1410 1410 1404
    1404 1398 1398 1398 1398 1398 1398 1398 1398 1398 1392 1392 1387
    1387 1387 1387 1387 1381 1376 1376 1376 1381 1381 1381 1381 1392
    1392 4190 4190 4190 4139 4139 4295 1427 1421 1421 1415 1415 1415
    1415 1415 1415 1415 1415 1415 1415 1415 1415 1410 1410 1410 1404
    1404 1404 1398 1398 1398 1398 1398 1398 1398 1398 1392 1392 1387
    1387 1387 1387 1387 1387 1381 1376 1376 1376 1376 1376 1376 1381
    1392 1392 4190 4190 4139 4139 4139 1421 1421 1421 1415 1415 1415
    1415 1410 1410 1415 1415 1415 1415 1415 1415 1410 1410 1404 1404
    1404 1398 1398 1404 1398 1398 1398 1398 1398 1392 1392 1392 1392
    1387 1387 1381 1381 1387 1381 1381 1376 1376 1376 1376 1376 1376
    1376 1376 4190 4190 4190 4139 4139 4139 1421 1421 1421 1415 1415
    1415 1415 1410 1410 1415 1415 1415 1415 1415 1410 1398 1398 1404
    1398 1398 1398 1398 1398 1398 1398 1398 1392 1392 1392 1392 1392
    1392 1387 1381 1381 1381 1376 1376 1376 1376 1376 1376 1376 1376
    1376 1376 1376 4190 4190 4190 4139 4139 4139 1415 1415 1415 1415
    1415 1415 1410 1410 1410 1415 1415 1415 1410 1410 1404 1398 1398
    1398 1398 1398 1398 1392 1392 1392 1392 1392 1392 1392 1392 1392
    1392 1392 1381 1381 1376 1376 1376 1376 1376 1376 1376 1370 1370
    1370 1370 1376 1376 4190 4190 4089 4089 4089 4089 1415 1415 1415
    1415 1415 1410 1410 1410 1410 1415 1415 1410 1410 1410 1404 1398
    1398 1398 1398 1398 1398 1392 1392 1392 1392 1392 1392 1392 1392
    1392 1392 1387 1381 1376 1376 1376 1376 1376 1376 1376 1376 1370
    1370 1370 1370 1370 1370 1370 4190 4089 4089 4089 4089 1415 1415
    1415 1415 1410 1410 1410 1410 1410 1415 1410 1410 1410 1404 1398
    1398 1398 1398 1398 1398 1392 1392 1392 1392 1392 1392 1392 1392
    1392 1392 1392 1381 1381 1376 1376 1376 1376 1376 1376 1376 1376
    1370 1370 1370 1370 1370 1370 1370 4139 4139 4089 4089 4041 1415
    1415 1410 1410 1410 1410 1410 1410 1410 1410 1410 1410 1410 1404
    1398 1398 1398 1398 1398 1398 1392 1392 1392 1392 1392 1392 1387
    1387 1387 1387 1387 1381 1381 1376 1376 1376 1376 1376 1376 1370
    1370 1370 1370 1370 1370 1370 1370 1370 4139 4139 4089 4089 4041
    1415 1415 1410 1410 1410 1410 1410 1410 1410 1410 1410 1410 1404
    1404 1404 1398 1398 1392 1392 1392 1392 1392 1392 1392 1392 1392
    1387 1387 1387 1387 1387 1381 1381 1376 1376 1376 1376 1376 1370
    1370 1370 1370 1370 1365 1365 1354 1354 1354 4139 4139 4089 4089
    4089 1415 1415 1410 1410 1410 1410 1410 1410 1410 1410 1404 1404
    1404 1404 1398 1398 1398 1392 1392 1392 1392 1392 1392 1392 1392
    1392 1387 1387 1387 1387 1381 1381 1381 1376 1376 1376 1376 1376
    1370 1370 1370 1370 1370 1365 1354 1354 1354 1354 4139 4139 4089
    4089 4089 1415 1415 1410 1410 1410 1410 1410 1404 1404 1410 1404
    1404 1404 1404 1398 1398 1392 1392 1392 1392 1387 1387 1387 1387
    1387 1387 1387 1387 1387 1387 1381 1381 1376 1376 1376 1370 1370
    1370 1370 1370 1370 1370 1365 1365 1354 1354 1354 1354 1354 4089
    4089 4089 4089 1415 1415 1415 1415 1410 1410 1410 1404 1404 1410
    1404 1404 1398 1398 1398 1392 1392 1392 1392 1392 1387 1387 1387
    1387 1387 1387 1381 1381 1387 1387 1376 1376 1376 1370 1370 1370
    1370 1370 1370 1370 1370 1365 1365 1354 1354 1354 1354 1354 0 4089
    4089 4089 4089 1415 1415 1415 1410 1410 1410 1404 1404 1404 1410
    1404 1398 1398 1398 1392 1392 1392 1392 1392 1392 1387 1387 1387
    1387 1387 1381 1381 1381 1381 1381 1376 1376 1370 1370 1370 1370
    1370 1365 1365 1365 1365 1365 1359 1354 1349 1349 1349 1349 0 4089
    4089 4089 4089 1415 1415 1415 1410 1410 1410 1404 1404 1404 1404
    1398 1398 1398 1398 1392 1392 1392 1392 1392 1392 1387 1387 1387
    1381 1381 1381 1376 1376 1376 1376 1376 1370 1370 1370 1370 1365
    1365 1365 1365 1365 1359 1359 1354 1354 1349 1349 1349 1349 0 4089
    4089 4089 4089 1415 1415 1410 1410 1404 1404 1404 1404 1404 1404
    1398 1398 1398 1398 1392 1392 1392 1392 1392 1392 1387 1387 1387
    1381 1381 1381 1376 1376 1376 1376 1370 1370 1370 1370 1370 1365
    1365 1365 1359 1359 1359 1354 1354 1354 1354 1354 1354 1354 0 4041
    4041 4041 4041 1415 1410 1410 1404 1404 1398 1398 1398 1398 1398
    1398 1398 1398 1392 1392 1392 1392 1387 1387 1387 1387 1387 1387
    1381 1381 1376 1376 1376 1376 1376 1370 1370 1370 1370 1370 1365
    1365 1365 1359 1359 1359 1354 1354 1354 1354 1349 1349 1349 0 4041
    4041 4041 4041 1415 1410 1410 1404 1398 1398 1398 1398 1398 1398
    1398 1398 1392 1392 1392 1392 1392 1387 1381 1381 1381 1381 1381
    1376 1376 1376 1370 1370 1370 1370 1370 1370 1370 1365 1365 1365
    1365 1359 1359 1359 1359 1354 1354 1354 1349 1349 1349 1349 0 4089
    4089 4089 4089 1415 1404 1404 1404 1398 1398 1392 1392 1392 1398
    1398 1398 1392 1392 1392 1392 1387 1381 1381 1381 1381 1381 1381
    1376 1376 1376 1370 1370 1370 1370 1370 1370 1370 1365 1365 1365
    1359 1359 1354 1354 1354 1354 1354 1349 1349 1349 1349 1349 1343
    4089 4089 4089 4089 1415 1404 1398 1398 1392 1392 1392 1392 1392
    1398 1398 1398 1392 1392 1392 1387 1387 1381 1381 1381 1381 1381
    1376 1376 1376 1376 1370 1370 1370 1370 1370 1370 1370 1365 1365
    1359 1359 1359 1354 1354 1354 1354 1354 1349 1349 1349 1343 1343
    1343 4089 4089 4089 4089 1415 1404 1398 1392 1392 1392 1392 1392
    1392 1398 1392 1392 1392 1392 1387 1387 1387 1381 1381 1381 1376
    1376 1376 1376 1376 1376 1370 1370 1370 1370 1370 1370 1365 1365
    1359 1359 1359 1359 1354 1354 1354 1354 1349 1349 1349 1349 1343
    1343 1343 1343 4041 4041 4041 1415 1398 1392 1392 1392 1392 1392
    1387 1387 1392 1392 1392 1392 1392 1387 1381 1381 1381 1376 1376
    1376 1376 1376 1376 1376 1370 1370 1370 1370 1365 1365 1365 1365
    1359 1359 1359 1359 1359 1354 1354 1354 1349 1349 1349 1349 1349
    1349 1349 1349 0 4041 4041 4041 1392 1392 1392 1392 1392 1392 1392
    1387 1387 1392 1392 1387 1387 1387 1387 1381 1381 1381 1376 1376
    1376 1376 1376 1370 1370 1370 1370 1370 1365 1365 1365 1365 1359
    1359 1354 1354 1354 1354 1354 1354 1349 1349 1349 1349 1349 1349
    1349 1349 1349 0 4041 4041 4041 1392 1392 1392 1392 1392 1392 1392
    1387 1387 1392 1387 1387 1381 1381 1381 1381 1376 1376 1376 1376
    1376 1370 1370 1370 1370 1370 1370 1365 1359 1359 1359 1359 1359
    1359 1354 1354 1354 1354 1354 1354 1349 1343 1343 1343 1343 1343
