<?xml version="1.0"?>
<opencv_storage>
<Depth2565 type_id="opencv-matrix">
  <rows>52</rows>
  <cols>70</cols>
  <dt>w</dt>
  <data>
    1470 5132 5132 5132 5210 5210 5210 5210 5210 1439 1427 1421 1421
    1415 1415 1427 1433 1433 5132 5056 5056 5056 5056 5056 5056 5056
    4983 4983 4983 4983 4983 4911 4911 4911 4911 4911 4842 4842 4842
    4774 4774 4911 4842 4842 4911 4911 4842 4842 4842 4774 4774 4774
    4708 4708 4708 4708 4708 4645 4645 4645 4645 4645 4645 4645 4645
    4645 4582 4582 4582 4582 1483 1483 5132 5132 5210 5210 5210 5210
    5210 1427 1427 1427 1427 1421 1421 1427 1427 1433 1433 5056 5056
    5056 5056 5132 5132 5056 5056 4983 4983 4983 4983 4911 4911 4911
    4911 4911 4911 4842 4842 4842 4842 4911 4911 4911 4911 4911 4842
    4842 4842 4842 4842 4842 4842 4774 4708 4708 4708 4645 4645 4645
    4645 4645 4645 4645 4645 4645 4645 4645 4645 4645 1483 1483 0 0 5210
    5210 5210 5210 1433 1427 1427 1427 1427 1427 1427 1427 1427 1433
    1433 1433 1433 5056 5056 5132 5132 5132 5056 5056 4983 4983 4983
    4911 4911 4911 4911 4911 4911 4842 4842 4842 4842 4911 4911 4911
    4911 4911 4911 4842 4842 4842 4842 4842 4842 4842 4774 4774 4708
    4708 4708 4708 4645 4645 4645 4645 4645 4645 4645 4645 4645 4645
    1489 1489 0 0 0 0 0 1427 1427 1427 1427 1421 1421 1427 1427 1427
    1427 1433 1433 1433 1427 1427 1427 5132 5132 5056 5056 5056 4983
    4983 4983 4983 4983 4911 4911 4911 4911 4911 4911 4911 4911 4911
    4911 4911 4911 4911 4911 4911 4911 4911 4911 4842 4842 4842 4842
    4774 4708 4708 4708 4708 4708 4708 4708 4708 4708 4708 4645 4645
    4645 4645 0 0 0 0 0 0 1415 1415 1415 1415 1415 1415 1421 1421 1415
    1415 1421 1421 1421 1433 1427 1427 1427 1427 5056 5056 5056 5056
    5056 5056 5056 5056 4983 4983 4983 4911 4911 4911 4911 4911 4911
    4983 4911 4911 4911 4911 4911 4911 4911 4911 4842 4842 4842 4842
    4842 4842 4774 4774 4774 4774 4708 4708 4708 4708 4708 4708 4645
    4645 4645 4645 0 0 0 0 0 0 1415 1415 1415 1415 1415 1415 1415 1415
    1415 1415 1415 1421 1421 1421 1427 1427 1427 1433 1439 1439 5056
    5056 5056 5056 5056 5056 5056 4983 4983 4983 4911 4911 4911 4911
    4911 4983 4983 4983 4983 4911 4911 4911 4911 4911 4842 4842 4842
    4842 4842 4842 4774 4774 4774 4774 4774 4774 4774 4774 4708 4708
    4708 4645 4645 4645 0 0 0 0 0 0 1410 1410 1410 1410 1415 1415 1415
    1415 1415 1415 1415 1415 1421 1421 1421 1433 1427 1427 1433 1433
    1433 1439 1439 5056 5132 5132 5132 5056 5056 5056 4983 4983 4983
    4983 4983 4983 4983 4983 4983 4983 4983 4911 4911 4911 4911 4842
    4842 4842 4842 4842 4842 4774 4774 4774 4774 4774 4774 4774 4708
    4708 4708 4708 4645 4645 0 0 0 0 0 0 1404 1404 1410 1410 1410 1410
    1410 1415 1415 1415 1415 1415 1415 1421 1421 1421 1421 1427 1427
    1427 1433 1433 1433 1439 1439 1439 5132 5056 5056 5056 5056 5056
    5056 5056 5056 4983 4983 4983 4983 4983 4983 4911 4911 4911 4911
    4911 4842 4842 4842 4842 4842 4774 4774 4774 4774 4774 4774 4774
    4774 4708 4708 4708 4708 4645 0 1404 1404 1404 1404 1404 1404 1404
    1410 1410 1410 1410 1410 1415 1415 1415 1415 1415 1415 1415 1421
    1415 1415 1421 1421 1427 1427 1433 1433 1433 1433 1433 1433 5132
    5132 5132 5056 5056 5056 5056 5056 5056 5056 4983 4983 4983 4983
    4983 4911 4911 4911 4911 4911 4911 4911 4911 4842 4842 4842 4842
    4842 4842 4842 4842 4842 4708 4708 4708 4708 4708 0 1404 1404 1404
    1398 1398 1398 1404 1404 1410 1410 1410 1410 1410 1410 1410 1415
    1415 1415 1415 1415 1415 1415 1415 1415 1421 1427 1427 1433 1433
    1433 1433 1433 1433 1433 5132 5056 5056 5056 5056 5056 5056 5056
    4983 4983 4983 4983 4983 4983 4911 4911 4911 4911 4911 4911 4911
    4911 4911 4842 4842 4842 4911 4911 4842 4842 4774 4708 4708 4708
    4708 0 0 1398 1398 1392 1392 1398 1398 1398 1404 1410 1410 1410 1410
    1410 1410 1415 1415 1415 1415 1415 1415 1421 1415 1415 1421 1421
    1421 1427 1427 1433 1433 1433 1427 1421 1421 5132 5056 5056 5056
    5056 5132 5056 5056 5056 5056 4983 4983 4983 4983 4983 4983 4911
    4911 4983 4911 4911 4911 4911 4911 4911 4911 4911 4911 4842 4842
    4774 4774 4774 4774 0 0 1392 1392 1392 1392 1392 1392 1398 1398 1404
    1404 1404 1404 1404 1410 1410 1410 1410 1410 1415 1415 1415 1415
    1415 1415 1415 1421 1421 1421 1427 1433 1433 1427 1421 1421 1433
    1433 5056 5056 5056 5132 5132 5056 5056 5056 5056 5056 4983 4983
    4983 4983 4983 4983 4983 4983 4911 4911 4911 4911 4911 4911 4911
    4842 4842 4842 4842 4842 4842 4842 0 0 1392 1392 1392 1392 1392 1392
    1392 1392 1392 1404 1404 1404 1404 1410 1410 1410 1410 1410 1410
    1410 1410 1410 1415 1415 1415 1415 1421 1421 1421 1427 1433 1433
    1427 1427 1433 1439 1439 1439 5210 5210 5132 5132 5132 5056 5056
    5056 5056 5056 4983 4983 4983 4983 4983 4983 4983 4983 4911 4911
    4911 4911 4911 4842 4842 4842 4842 4842 4842 4842 0 1398 1392 1392
    1392 1392 1392 1392 1392 1392 1392 1398 1398 1404 1404 1410 1410
    1410 1410 1410 1410 1410 1410 1410 1410 1415 1415 1415 1415 1415
    1415 1415 1427 1427 1427 1427 1433 1439 1439 1439 1439 5132 5132
    5132 5132 5132 5056 5056 5056 5056 4983 4983 4983 4983 4983 4983
    4983 4983 4983 4911 4911 4911 4911 4842 4842 4842 4911 4911 4911
    4911 0 1398 1392 1392 1392 1392 1392 1392 1392 1392 1392 1392 1392
    1398 1404 1404 1410 1410 1410 1410 1410 1410 1410 1410 1410 1410
    1415 1415 1415 1415 1415 1415 1421 1421 1421 1427 1427 1433 1433
    1433 1433 1439 1439 5210 5132 5132 5056 5056 5056 5056 5056 4983
    4983 4983 4983 4983 4983 4983 4983 4911 4911 4911 4911 4911 4911
    4911 4911 4911 4911 4911 0 1404 1392 1392 1392 1392 1387 1387 1387
    1387 1392 1392 1392 1392 1398 1398 1404 1404 1404 1404 1404 1404
    1404 1404 1410 1410 1415 1410 1410 1415 1410 1410 1415 1415 1415
    1415 1421 1433 1433 1433 1433 1439 1439 1439 1439 1439 5132 5056
    5056 5056 5056 4983 4983 4983 4983 4983 4983 4983 4983 4983 4983
    4983 4911 4911 4911 4911 4911 4911 4911 4911 0 1410 1404 1398 1392
    1392 1387 1387 1387 1387 1392 1392 1392 1392 1392 1392 1398 1398
    1398 1398 1398 1404 1404 1404 1410 1410 1410 1410 1410 1410 1410
    1410 1415 1415 1415 1415 1415 1427 1427 1427 1427 1433 1433 1439
    1439 1439 1439 1439 1445 5132 5132 5056 5056 5056 5056 5056 5056
    4983 4983 4983 4983 4983 4983 4983 4911 4911 4911 4911 4911 4911 0 0
    1410 1404 1392 1392 1392 1392 1392 1392 1392 1387 1387 1392 1392
    1392 1398 1398 1398 1398 1398 1398 1410 1410 1410 1410 1410 1410
    1410 1410 1410 1415 1415 1415 1415 1415 1415 1427 1427 1427 1427
    1433 1433 1433 1433 1433 1433 1439 1445 1445 1452 5056 5056 5056
    5056 5056 5056 5056 4983 4983 4983 4983 4983 4983 4983 4983 4911
    4911 4911 4911 0 0 1445 1415 1410 1404 1398 1398 1392 1392 1392 1387
    1387 1387 1392 1392 1392 1392 1392 1392 1398 1398 1404 1410 1410
    1410 1410 1410 1410 1410 1410 1410 1415 1415 1415 1415 1415 1421
    1421 1427 1427 1433 1433 1433 1433 1433 1433 1433 1439 1439 1439
    1445 1458 5056 5056 5056 5056 5056 5056 5056 5056 4983 4983 4983
    4983 4983 4983 4911 4911 4911 1477 1464 1445 1433 1427 1415 1410
    1404 1398 1392 1392 1392 1387 1387 1392 1392 1392 1392 1392 1392
    1392 1392 1398 1398 1404 1410 1410 1410 1410 1404 1404 1410 1410
    1410 1410 1415 1415 1421 1421 1421 1421 1427 1433 1427 1427 1433
    1433 1433 1433 1433 1433 1439 1445 1445 5132 5132 5056 5056 5132
    5056 5056 5056 4983 4983 4983 4983 4983 4911 4911 4911 1477 1464
    1458 1445 1433 1427 1421 1415 1410 1404 1392 1392 1392 1392 1392
    1392 1392 1392 1392 1392 1392 1392 1392 1398 1398 1404 1404 1404
    1404 1404 1404 1404 1404 1410 1410 1415 1415 1421 1421 1421 1421
    1427 1427 1427 1427 1427 1427 1427 1433 1427 1427 1427 1439 1445
    1445 5056 5056 5056 5132 5132 5132 5132 5056 5056 4983 4983 4983
    4983 4983 4983 1483 1477 1470 1458 1439 1433 1427 1421 1415 1410
    1404 1392 1392 1392 1392 1392 1392 1392 1392 1392 1392 1392 1392
    1392 1392 1398 1404 1404 1404 1404 1404 1404 1404 1410 1410 1410
