<?xml version="1.0"?>
<opencv_storage>
<Depth15717 type_id="opencv-matrix">
  <rows>13</rows>
  <cols>15</cols>
  <dt>w</dt>
  <data>
    0 0 0 0 0 0 0 0 4582 4463 4405 4405 4405 4405 4405 0 0 0 0 0 0 0
    4582 4582 4463 4463 4405 4405 4405 4405 0 0 0 0 0 4645 4645 4582
    4582 4522 4463 4405 4405 4405 4405 0 0 0 0 4708 4645 4645 4645 4582
    4582 4463 4405 4349 4349 4349 0 0 4911 4842 4708 4645 4645 4645 4582
    4582 4463 4405 4349 4349 4349 4983 4911 4911 4842 4708 4645 4645
    4645 4582 4522 4405 4349 4349 4349 4405 4983 4911 4842 4774 4708
    4645 4645 4645 4582 4522 4349 4349 4349 4349 4405 4983 4911 4842
    4774 4708 4645 4645 4645 4582 4582 4349 4349 0 0 0 4911 4911 4842
    4708 4645 4645 4645 4645 4708 4708 0 0 0 0 0 4911 4911 4842 4708
    4645 4645 4645 4645 4645 4645 0 0 0 0 0 4983 4983 4911 4774 4708
    4645 4645 4708 4708 6753 6753 0 0 0 0 5132 5132 4983 4842 4842 4842
    4842 4842 6889 6753 6753 0 0 0 0 4911 4911 4911 4774 4708 4708 4708
    6753 6753 6622 6497 6497 0 0 0</data></Depth15717>
</opencv_storage>
