<?xml version="1.0"?>
<opencv_storage>
<Depth13224 type_id="opencv-matrix">
  <rows>11</rows>
  <cols>8</cols>
  <dt>w</dt>
  <data>
    5374 5460 5548 5832 5933 5832 5640 5460 5374 5460 5734 5832 5832
    5832 5734 5640 5374 5548 5832 5832 5832 5734 5734 5640 5460 5734
    6038 5933 5832 5734 5640 5640 5548 5734 6038 6038 5832 5734 5640
    5640 5734 6038 5933 5933 5832 5734 5734 5734 5832 6038 5933 5933
    5933 5933 5832 5832 6038 6038 6038 6038 5933 5933 5933 5734 6038
    6038 6038 6038 6038 5933 5734 5734 6038 6038 6038 6038 6038 5832
    5734 5640 5933 5933 6038 6038 6038 5832 5734 5640</data></Depth13224>
</opencv_storage>
