<?xml version="1.0"?>
<opencv_storage>
<Depth13564 type_id="opencv-matrix">
  <rows>8</rows>
  <cols>10</cols>
  <dt>w</dt>
  <data>
    0 6375 6375 6375 6497 6497 6375 6375 6375 6497 0 6375 6375 6375 6497
    6497 6375 6375 6375 6497 0 6497 6497 6497 6497 6622 6497 6497 6497
    6497 6753 6622 6622 6497 6497 6622 6497 6497 6497 6497 6753 6753
    6753 6497 6497 6622 6497 6497 6497 6497 6753 6753 6753 6497 6497
    6497 6497 6497 6497 6622 6753 6375 6375 6497 6497 6497 6375 6375
    6375 6375 2579 6375 6375 6038 6038 6497 6375 6375 6375 6375</data></Depth13564>
</opencv_storage>
