<?xml version="1.0"?>
<opencv_storage>
<Depth7486 type_id="opencv-matrix">
  <rows>7</rows>
  <cols>46</cols>
  <dt>w</dt>
  <data>
    3300 3300 3333 3333 3333 3333 3333 3333 3333 3300 3300 3300 3333
    3333 3333 3333 3333 3333 3300 3300 3300 3365 3365 3333 3333 3333
    3333 3333 3300 3300 3333 3333 3333 3333 3333 3333 3333 3333 3333
    3365 3365 3365 3433 3433 3433 3333 3333 3333 3333 3333 3333 3333
    3333 3333 3333 3300 3300 3300 3300 3333 3333 3333 3333 3333 3300
    3300 3300 3333 3365 3333 3333 3333 3333 3333 3300 3300 3333 3333
    3333 3333 3333 3333 3365 3365 3365 3365 3365 3365 3399 3433 3365
    3238 3333 3333 3333 3333 3333 3365 3365 3365 3333 3300 3300 3300
    3300 3333 3333 3333 3333 3333 3300 3300 3300 3333 3333 3333 3333
    3333 3333 3333 3333 3333 3333 3333 3333 3333 3333 3365 3365 3365
    3365 3365 3365 3365 3399 3433 3365 3238 3333 3333 3333 3333 3333
    3365 3365 3333 3333 3300 3300 3300 3333 3333 3333 3333 3333 3300
    3300 3300 3300 3333 3333 3333 3365 3333 3333 3333 3333 3333 3333
    3333 3333 3333 3333 3365 3365 3365 3365 3365 3365 3365 3433 3433
    3365 3333 3365 3333 3333 3333 3333 3333 3333 3333 3333 3300 3300
    3300 3333 3333 3333 3333 3333 3300 3300 3300 3300 3365 3365 3365
    3365 3365 3365 3333 3333 3333 3333 3333 3333 3333 3333 3365 3365
    3365 3365 3365 3365 3399 3433 3433 3365 3333 3365 3365 3333 3333
    3333 3333 3333 3333 3333 3333 3300 3300 3333 3333 3333 3333 3333
    3333 3333 3333 3333 3365 3365 3365 3365 3365 3365 3333 3333 3333
    3333 3365 3365 3365 3333 3333 3365 3365 3365 3365 3399 3399 3433
    3433 3365 2560 2659 3399 3365 3333 3333 3333 3333 3333 3333 3333
    3300 3300 3333 3300 3300 3333 3333 3333 3333 3333 3333 3365 3365
    3365 3365 3365 3365 3365 3365 3365 2701 2701 2701 2701 2701 2680
    2680 2701 3399 3399 2701 2701 2680 2680 2639 2560</data></Depth7486>
</opencv_storage>
