<?xml version="1.0"?>
<opencv_storage>
<Depth0871 type_id="opencv-matrix">
  <rows>30</rows>
  <cols>41</cols>
  <dt>w</dt>
  <data>
    4645 4645 4645 4708 2579 2579 2560 2541 2541 2541 2560 2579 2579
    2579 2579 4522 4463 2560 2560 4522 4522 4522 4522 4522 4522 4522
    4522 4522 4582 4463 4463 4463 4463 4463 4463 4463 4463 4463 4463
    4463 4463 4582 4582 2579 2579 2579 2560 2560 2560 2541 2541 2560
    2579 2579 2579 2579 2560 2560 2560 2560 2560 2560 2560 2560 2560
    2560 4522 4582 4582 4582 4582 4582 4522 4463 4463 4463 4463 4463
    4522 4522 4522 4463 4582 4582 2560 2560 2560 2560 2560 2560 2560
    2560 2560 2560 2560 2560 2560 2560 2560 2560 2560 2560 2560 2560
    2560 2541 2541 2541 2560 2560 2560 2560 2560 2579 2598 2639 2639
    4463 4463 4522 4522 4463 4463 4582 4582 2560 2560 2541 2541 2522
    2522 2522 2541 2522 2522 2541 2541 2541 2560 2560 2560 2560 2560
    2560 2560 2560 2541 2541 2541 2560 2560 2541 2541 2560 2560 2579
    2579 2579 2579 2560 2560 4522 4463 4463 4582 2560 2560 2560 2541
    2522 2522 2522 2522 2522 2503 2503 2522 2541 2541 2541 2541 2541
    2541 2541 2541 2541 2560 2560 2560 2541 2541 2541 2541 2541 2560
    2560 2541 2541 2560 2560 2560 2560 2560 2579 4405 4645 2560 2560
    2541 2541 2522 2522 2522 2522 2522 2503 2503 2522 2522 2522 2522
    2522 2503 2503 2503 2503 2522 2541 2541 2541 2522 2522 2522 2541
    2541 2541 2541 2541 2541 2541 2560 2560 2560 2560 2560 4405 4645
    2560 2560 2541 2541 2541 2522 2503 2503 2503 2503 2503 2522 2522
    2522 2522 2503 2503 2503 2503 2503 2503 2522 2522 2522 2522 2503
    2503 2522 2522 2522 2522 2522 2522 2541 2541 2541 2541 2522 2522
    4463 4645 2541 2541 2541 2541 2541 2522 2503 2503 2503 2503 2503
    2522 2522 2522 2522 2503 2503 2503 2503 2503 2503 2503 2503 2503
    2522 2503 2503 2503 2503 2503 2503 2503 2503 2522 2522 2522 2522
    2522 2522 4522 2560 2541 2541 2541 2541 2541 2522 2522 2522 2522
    2522 2522 2522 2522 2522 2522 2503 2503 2503 2503 2503 2503 2503
    2503 2503 2522 2503 2503 2503 2503 2503 2503 2503 2503 2503 2522
    2522 2503 2503 2503 2503 2560 2560 2560 2560 2541 2541 2522 2522
    2522 2522 2522 2522 2522 2522 2522 2522 2522 2522 2522 2522 2503
    2503 2503 2503 2503 2522 2522 2503 2503 2503 2503 2503 2503 2503
    2503 2503 2522 2503 2503 2503 2503 4708 2560 2560 2560 2560 2560
    2541 2541 2541 2522 2522 2541 2541 2541 2541 2522 2522 2522 2522
    2522 2522 2522 2503 2503 2503 2522 2522 2503 2503 2503 2503 2503
    2503 2503 2503 2503 2503 2503 2503 2503 2503 4708 4708 2560 2560
    2560 2560 2541 2541 2541 2541 2560 2560 2560 2560 2541 2522 2522
    2522 2522 2541 2541 2522 2503 2503 2503 2522 2522 2503 2503 2522
    2522 2522 2503 2503 2503 2503 2503 2503 2503 2503 2503 4708 4708
    2560 2560 2560 2560 2541 2541 2541 2541 2560 2560 2560 2560 2541
    2541 2541 2541 2541 2541 2541 2541 2522 2522 2522 2522 2522 2503
    2503 2522 2522 2522 2522 2522 2522 2522 2503 2503 2503 2503 2503
    2560 2560 2560 2560 2579 2579 2560 2560 2560 2560 2560 2560 2560
    2560 2560 2541 2541 2560 2560 2560 2541 2541 2541 2541 2541 2541
    2522 2522 2522 2541 2522 2522 2522 2522 2503 2503 2503 2503 2503
    2485 2485 2560 2560 2579 2579 2579 2579 2579 2560 2560 2560 2560
    2560 2560 2560 2560 2560 2560 2560 2560 2560 2541 2541 2541 2541
    2560 2560 2541 2522 2522 2541 2541 2541 2522 2522 2503 2503 2503
    2503 2503 2485 2485 2560 2560 2579 2579 2579 2579 2579 2579 2560
    2560 2560 2560 2560 2560 2560 2560 2560 2560 2560 2560 2560 2560
    2560 2560 2560 2560 2541 2541 2541 2541 2541 2541 2541 2541 2522
    2522 2522 2503 2503 2485 2485 2560 2560 2579 2579 2598 2579 2579
    2579 2579 2560 2560 2560 2560 2579 2579 2579 2579 2560 2560 2560
    2560 2560 2560 2560 2560 2560 2560 2560 2541 2541 2541 2541 2541
    2541 2541 2541 2560 2560 2560 2541 2541 2560 2560 2579 2579 2598
    2579 2579 2579 2579 2579 2579 2579 2579 2579 2579 2579 2560 2560
    2560 2560 2560 2560 2560 2560 2560 2560 2560 2560 2560 2560 2560
    2560 2560 2560 2560 2560 2560 2560 2560 2560 2598 2560 2579 2579
    2579 2598 2598 2598 2598 2579 2579 2579 2579 2579 2579 2579 2579
    2560 2560 2560 2560 2560 2579 2579 2579 2560 2560 2560 2560 2560
    2560 2560 2560 2560 2560 2560 2560 2560 2560 2579 2598 2598 2579
    2579 2598 2598 2618 2598 2598 2598 2579 2579 2579 2579 2579 2579
    2579 2579 2579 2579 2560 2560 2579 2579 2579 2579 2579 2560 2560
    2579 2579 2579 2560 2560 2560 2560 2560 2560 2560 2560 2579 2598
    2598 2598 2598 2598 2598 2598 2598 2598 2598 2579 2579 2579 2579
    2579 2579 2579 2579 2579 2579 2579 2579 2579 2579 2579 2579 2579
    2579 2579 2579 2579 2579 2579 2560 2560 2560 2560 2560 2560 2560
    2579 2579 2579 2618 2618 2618 2598 2598 2598 2598 2598 2598 2598
    2579 2579 2598 2579 2579 2598 2579 2579 2579 2579 2579 2579 2579
    2579 2579 2579 2579 2579 2579 2579 2579 2560 2560 2560 2560 2560
    2560 2560 2579 2579 2579 2618 2618 2618 2618 2618 2598 2598 2598
    2598 2598 2598 2598 2598 2598 2598 2579 2579 2598 2579 2579 2579
    2579 2579 2579 2579 2579 2579 2579 2579 2579 2579 2579 2579 2560
    2560 2560 2560 2560 2560 2579 4645 4911 2618 2618 2618 2618 2618
    2598 2598 2598 2618 2618 2618 2598 2598 2598 2579 2579 2598 2579
    2579 2598 2598 2598 2598 2579 2579 2579 2579 2579 2579 2579 2579
    2579 2560 2560 2560 2560 2560 2560 2579 4645 4911 2618 2618 2618
    2618 2618 2618 2618 2618 2618 2618 2618 2618 2618 2618 2598 2598
    2598 2598 2598 2598 2598 2598 2598 2579 2579 2579 2579 2579 2579
    2579 2579 2579 2579 2579 2560 2560 2560 2579 4708 4708 4911 4911
    2639 2639 2618 2618 2639 2618 2618 2618 2618 2618 2618 2618 2618
    2618 2618 2598 2598 2598 2618 2598 2598 2598 2579 2579 2598 2598
    2598 2579 2579 2579 2579 2579 2579 2560 2560 2579 4708 4708 4708
    4911 4911 4911 4911 2618 2618 2639 2618 2618 2618 2618 2618 2618
    2618 2618 2618 2618 2618 2618 2618 2639 2618 2598 2598 2598 2598
    2598 2598 2598 2598 2579 2579 2579 2579 2579 2579 2579 2579 4774
    4708 4708 4911 4911 4911 4911 4911 4983 4983 4983 4911 4911 2639
    2618 2618 2618 2618 2618 2618 2618 2639 2639 2639 2639 2618 2618
    2598 2598 2618 2618 2618 2618 2598 2598 2598 2598 2579 2579 2579
    2579 4774 4774 4774 4911 4911 4911 4911 4911 4911 4911 4911 4911
    4911 4842 4842 4842 4911 4911 2639 2639 2639 2639 2639 2639 2639
    2618 2618 2618 2618 2618 2618 2618 2618 2618 2598 2598 2618 2618
    2598 2598 4842 4774 4774 4774 4911 4911 4911 4911 4911 4911 4911
    4911 4911 4911 4911 4842 4842 4911 4911 4911 4911 4911 4911 4911
    4911 2639 2618 2618 2618 2618 2618 2618 2618 2618 2618 2598 2598
    2618 2618 2639 4911 4842 4774 4774 4774</data></Depth0871>
</opencv_storage>
