<?xml version="1.0"?>
<opencv_storage>
<Depth12188 type_id="opencv-matrix">
  <rows>7</rows>
  <cols>9</cols>
  <dt>w</dt>
  <data>
    0 6753 6753 6753 6753 6622 6622 6497 6497 7030 7030 6753 6753 6753
    6622 6622 6622 6622 7030 7030 6889 6753 6753 6753 6622 6622 6622
    7030 7030 7030 6753 6753 6753 6753 6753 6622 6889 6889 6889 6889
    6889 6889 6753 6753 6622 6889 6889 6889 6889 6889 6889 6753 6753
    6753 6889 6753 6753 6753 6753 6753 6753 6753 6753</data></Depth12188>
</opencv_storage>
