<?xml version="1.0"?>
<opencv_storage>
<Depth10745 type_id="opencv-matrix">
  <rows>99</rows>
  <cols>55</cols>
  <dt>w</dt>
  <data>
    2958 2958 2958 2958 2984 3037 1149 1149 1149 1145 1141 1141 1141
    1141 1141 3010 3010 3010 3010 3010 3037 3064 3064 3064 3064 3092
    3092 3092 3092 3120 3120 3120 3120 3120 3120 3120 3149 3149 3149
    3149 3149 3178 3178 3178 3178 3178 3149 3149 3149 3149 3149 3178
    3208 3208 3238 2933 2933 2933 2958 2984 1149 1145 1141 1141 1145
    1145 1141 1141 1141 0 0 3010 3010 3010 3010 3037 3064 3064 3064 1028
    3092 3092 3092 3092 3120 3120 3120 3120 3120 3120 3149 3149 3149
    3149 3149 3149 3178 3178 3208 3208 3178 3149 3149 3149 3149 3149
    3178 3208 3238 3238 2908 2933 2933 2933 1138 1138 1138 1130 1130
    2984 2984 1108 1108 1108 1108 0 0 1028 1028 1028 1028 1028 1028 1028
    1028 1019 0 0 0 0 0 0 0 3120 3120 3120 3120 3120 3120 3149 3149 3178
    3178 3208 3208 3178 3149 3149 3149 3149 3149 3178 3208 3238 3238
    2908 2933 2933 1157 1157 1138 1138 1130 1119 1115 1108 1108 1108
    1108 1108 1063 1044 1028 1028 1041 1025 1025 1022 1022 1019 1019 0 0
    0 0 0 0 0 0 3178 3120 3120 3120 3120 3149 3149 3178 3178 3208 3178
    3178 3178 3149 3149 3149 3149 3178 3208 3208 3208 2908 2908 2908
    1157 1157 1149 1145 1123 1115 1115 1108 1105 1105 1090 1090 1063
    1044 1028 1028 1041 1041 1025 1022 1022 1019 1019 0 0 0 0 0 0 0 0 0
    0 0 0 0 0 3208 3208 3208 3208 3178 3178 998 998 3149 3149 3149 3178
    3208 3208 3208 2933 2933 0 1157 1157 1153 1145 1123 1115 1112 1108
    1097 1090 1084 1077 1060 1044 1028 1028 1041 1041 1041 1041 1041
    1041 1013 1013 0 0 0 0 0 0 0 0 0 0 0 0 0 975 975 1001 1001 1001 1001
    998 995 995 3149 3149 3178 3208 3208 3208 2933 0 0 0 1157 1157 1157
    1123 1115 1112 1108 1097 1090 1077 1070 1057 1050 1041 1041 1028
    1016 1016 1016 1013 0 0 0 0 0 0 0 0 0 0 0 0 0 0 0 0 0 0 0 1001 1001
    1001 998 995 992 992 3149 3238 3238 3269 3269 2958 0 0 1157 1157
    1157 1157 1123 1119 1115 1108 1101 1090 1077 1060 1057 1050 1038
    1034 1022 1016 1013 1013 1013 1013 0 0 0 0 0 0 0 0 0 0 0 0 0 0 0 975
    975 978 1001 1001 998 998 995 992 992 995 1004 1004 3269 3269 0 0 0
    0 0 0 1130 1130 1119 1115 1105 1097 1090 1077 1060 1057 1047 1034
    1031 1022 1016 1010 1001 1001 1001 0 0 0 0 0 956 956 956 959 959 964
    967 0 0 0 975 975 978 978 984 989 992 992 995 995 995 1001 1001 1004
    1004 0 0 0 0 0 0 1130 1130 1123 1115 1105 1097 1090 1077 1063 1057
    1047 1034 1031 1022 1016 1007 1001 989 984 970 964 962 959 956 956
    956 956 959 959 964 967 967 970 973 975 975 978 978 984 987 989 989
    992 995 998 1001 1001 1004 1004 0 0 0 0 0 0 1130 1130 1123 1115 1105
    1097 1087 1077 1063 1057 1047 1031 1028 1022 1016 1007 1001 989 981
    967 964 962 959 956 956 956 956 959 962 964 964 967 970 973 975 975
    978 981 984 987 989 989 992 995 998 1001 1001 1001 1004 2883 0 0 0 0
    1138 1134 1134 1126 1115 1105 1097 1087 1077 1063 1057 1044 1031
    1028 1022 1019 1010 992 989 981 967 964 959 956 956 956 956 956 959
    962 964 964 967 970 973 975 975 978 978 981 987 989 989 992 995 998
    1001 1001 1001 1004 2883 0 0 0 0 1138 1134 1130 1126 1115 1105 1097
    1087 1077 1060 1054 1044 1034 1028 1022 1016 1010 992 987 981 975
    964 959 956 956 956 956 956 959 959 964 964 967 970 973 975 975 978
    978 981 987 987 989 992 995 1001 1001 1004 1004 1004 0 0 0 0 1149
    1141 1138 1130 1126 1115 1105 1090 1087 1077 1060 1054 1047 1038
    1028 1022 1016 1010 992 987 981 975 967 959 956 956 956 956 956 959
    959 964 964 967 970 973 975 978 978 978 984 987 987 989 992 995 1001
    1001 1004 1004 1004 0 0 0 0 1149 1141 1138 1130 1123 1112 1105 1090
    1087 1080 1060 1054 1044 1038 1028 1022 1016 1010 992 989 984 973
    967 959 959 956 956 956 959 959 962 967 967 970 970 973 973 978 978
    978 984 987 989 989 992 995 1001 1001 1004 1004 1004 0 0 0 0 1149
    1141 1134 1130 1123 1112 1101 1094 1087 1080 1060 1050 1044 1038
    1028 1022 1016 1007 1001 989 984 970 964 962 959 956 956 956 959 962
    964 967 970 970 970 973 973 978 978 978 987 987 989 989 989 992 998
    1001 1004 1004 0 0 0 0 0 1141 1138 1134 1130 1123 1108 1101 1094
    1087 1073 1060 1050 1044 1038 1028 1022 1013 1004 992 989 984 970
    964 959 959 959 959 959 962 962 967 967 970 970 970 973 975 978 978
    981 987 987 989 989 989 992 998 1001 1004 1004 0 0 0 0 0 1141 1138
    1138 1130 1119 1108 1105 1097 1087 1063 1060 1054 1044 1038 1028
    1022 1013 1004 992 987 981 973 964 959 959 959 959 959 962 964 967
    967 967 970 970 973 975 978 978 981 984 987 989 989 989 992 1001
    1001 1004 1004 1004 0 0 0 0 1145 1141 1134 1130 1119 1108 1105 1094
    1084 1063 1060 1054 1047 1041 1028 1022 1013 1007 989 987 981 973
    964 962 959 959 959 959 962 964 964 967 967 970 970 973 975 978 978
    981 984 987 989 989 992 995 1001 1001 1004 1004 1004 0 0 0 0 1157
    1141 1134 1130 1119 1108 1105 1094 1084 1063 1060 1054 1047 1041
    1031 1019 1013 1007 989 987 981 973 967 962 959 959 959 959 964 964
    964 967 967 970 973 973 978 978 978 981 984 987 989 989 992 995 1001
    1004 1004 1004 1004 0 0 0 0 1157 1153 1134 1130 1119 1108 1101 1094
    1080 1063 1060 1054 1047 1038 1031 1019 1013 1010 989 987 978 973
    967 964 962 959 959 962 964 964 967 967 967 970 973 975 978 978 981
    984 987 987 989 989 992 995 1001 1004 1004 1004 1004 0 0 0 0 1157
    1145 1134 1130 1119 1115 1101 1094 1080 1063 1060 1054 1047 1038
    1031 1022 1013 1004 989 984 978 970 967 964 962 959 959 964 964 967
    967 967 970 970 973 975 978 978 981 984 987 989 989 989 992 995 1001
    1004 1004 1004 1004 0 0 0 0 1153 1145 1134 1126 1119 1105 1101 1094
    1080 1073 1060 1054 1047 1034 1028 1022 1013 1004 989 984 975 970
    967 962 959 959 959 964 967 967 967 970 970 973 975 975 978 978 984
    984 987 989 989 989 992 995 1001 1004 1004 1004 1004 0 0 0 0 1153
    1141 1130 1126 1119 1105 1101 1094 1084 1073 1060 1054 1047 1034
    1028 1019 1013 1007 992 984 975 970 967 962 959 959 959 962 964 967
    967 970 970 973 975 975 978 981 984 987 987 989 992 992 992 995 1001
    1004 1004 1004 1004 0 0 0 0 1145 1141 1130 1126 1119 1105 1101 1094
    1084 1073 1060 1054 1047 1034 1025 1016 1013 1007 992 984 978 973
    964 962 956 956 959 962 964 967 967 970 973 973 975 978 978 984 984
    987 987 989 989 992 995 995 1001 1004 1004 1004 1004 0 0 0 0 1145
    1141 1130 1123 1119 1105 1101 1094 1084 1073 1060 1054 1047 1041
    1025 1016 1013 1007 992 984 978 973 964 962 956 956 959 959 964 964
    967 970 973 973 975 978 978 984 984 987 987 989 989 992 995 995 1001
    1004 1004 1004 1004 0 0 0 0 1153 1138 1130 1123 1119 1108 1101 1090
    1080 1073 1060 1054 1047 1038 1025 1016 1013 1007 989 984 978 973
    967 962 959 959 959 959 964 964 967 970 973 975 975 978 978 984 984
    987 987 989 989 992 992 998 1001 1004 1004 1004 1004 0 0 0 0 1145
    1138 1126 1123 1119 1112 1105 1090 1080 1063 1057 1050 1044 1038
    1025 1019 1013 1007 989 984 978 973 967 962 959 959 959 959 964 967
    967 970 973 975 978 978 981 984 987 987 987 989 989 992 992 998 1001
    1007 1007 0 0 0 0 0 0 1141 1134 1126 1123 1119 1108 1101 1090 1080
    1063 1057 1047 1044 1034 1028 1022 1016 1007 989 984 978 973 967 962
    959 959 962 962 964 967 967 970 973 975 978 978 981 984 987 987 987
    989 992 995 995 998 1001 1004 1004 0 0 0 0 0 0 1141 1134 1126 1123
    1119 1108 1097 1087 1080 1063 1060 1047 1041 1034 1028 1022 1019
    1001 989 987 978 973 967 964 962 962 962 962 964 967 967 970 973 975
    978 981 984 984 984 987 989 989 992 995 995 998 1001 1004 1004 0 0 0
    0 0 1161 1141 1138 1126 1123 1115 1105 1097 1087 1080 1073 1060 1047
    1041 1034 1028 1025 1019 1001 989 987 978 970 967 964 962 962 964
    964 967 967 970 970 973 975 978 981 984 984 984 987 989 989 992 995
    995 998 1001 1004 1001 1001 0 0 0 0 1161 1145 1138 1126 1119 1112
    1105 1097 1090 1080 1073 1060 1047 1041 1034 1025 1022 1016 1004 989
