<?xml version="1.0"?>
<opencv_storage>
<Depth15504 type_id="opencv-matrix">
  <rows>15</rows>
  <cols>15</cols>
  <dt>w</dt>
  <data>
    3333 4522 4582 4582 4582 4582 4645 4645 4911 4911 4911 5056 5056
    5056 5056 3333 4582 4582 4582 4582 4645 4645 4708 4774 4774 4911
    4983 4983 4983 4983 4645 4582 4582 4582 4582 4645 4708 4708 4774
    4774 4911 4983 4983 4983 4983 4645 4645 4582 4582 4645 4645 4708
    4708 4774 4842 4911 4983 4983 5056 5132 3300 4645 4645 4645 4645
    4645 4708 4708 4774 4774 4842 4842 4911 4983 5132 3300 4708 4645
    4645 4645 4645 4645 4645 4708 4774 4842 4842 4911 4983 5056 3300
    4842 4842 4842 4645 4645 4645 4645 4708 4708 4774 4842 4842 4983
    4983 4774 4774 4842 4842 4842 4708 4708 4708 4708 4708 4774 4842
    4842 4911 4911 4774 4774 4842 4842 4842 4645 4645 4645 4708 4774
    4842 4842 4842 4911 4911 4774 4774 4774 4774 4708 4645 4645 4645
    4708 4774 4774 4842 4842 4911 4911 4774 4774 4774 4774 4708 4708
    4708 4708 4708 4774 4774 4842 4842 4842 4911 4774 4774 4774 4774
    4708 4708 4708 4708 4708 4774 4842 4774 4774 4774 4774 4708 4708
    4708 4708 4708 4708 4645 4645 4645 4774 4774 4774 4774 4774 4774
    4708 4708 4708 4708 4708 4842 4645 4645 4645 4708 4774 4774 4842
    4842 4842 4708 4708 4774 4774 4842 4911 4708 4708 4708 4708 4774
    4774 4842 4842 4911</data></Depth15504>
</opencv_storage>
