<?xml version="1.0"?>
<opencv_storage>
<Depth18126 type_id="opencv-matrix">
  <rows>99</rows>
  <cols>35</cols>
  <dt>w</dt>
  <data>
    4405 4349 4349 4295 4295 4295 0 0 0 0 0 0 0 0 0 1214 1214 1189 1189
    1189 1185 1185 1185 1185 1185 1185 3774 3774 3774 3859 3948 3994
    3948 3948 3948 4405 0 0 0 0 0 0 0 0 0 0 0 0 0 0 0 1214 1189 1189
    1189 1185 1185 1185 1185 1185 1185 1185 3948 0 3948 3948 3994 3994
    3994 3948 0 0 0 0 0 0 0 0 0 0 0 0 0 0 0 0 1214 1202 1189 1185 1185
    1185 1185 1185 1185 1185 1185 0 3948 3948 3948 3994 3994 3994 3948 0
    0 0 0 0 0 0 0 0 0 0 0 0 0 0 0 1214 1193 1185 1185 1185 1185 1181
    1181 1185 1185 1185 0 3948 3948 3948 3948 3948 3948 3948 0 0 0 1181
    1181 1181 1181 1181 1181 1181 1181 1185 1185 1181 1181 1181 1181
    1181 1181 1181 1181 1181 1181 1181 1181 1181 0 0 0 3948 3948 3948
    3948 3948 3903 0 1185 1181 1181 1181 1181 1181 1181 1177 1177 1181
    1181 1181 1181 1181 1177 1177 1177 1177 1177 1177 1177 1177 1173
    1173 1173 0 0 0 3948 3948 3948 3948 3903 3903 1181 1181 1181 1177
    1177 1177 1177 1177 1177 1177 1177 1181 1181 1177 1177 1177 1173
    1173 1177 1177 1177 1177 1177 1173 1173 1173 0 0 0 0 3948 3948 3903
    3903 3903 1181 1181 1177 1177 1177 1177 1177 1177 1177 1177 1177
    1181 1181 1177 1177 1177 1173 1173 1177 1177 1177 1177 1177 1177
    1173 1169 1169 1169 0 3948 3948 3948 3903 3903 3903 1177 1181 1177
    1177 1177 1177 1177 1177 1177 1177 1177 1181 1181 1177 1177 1177
    1173 1173 1177 1177 1177 1177 1177 1177 1173 1169 1169 1169 0 3994 0
    3994 3948 3948 3903 1177 1177 1177 1177 1177 1177 1177 1177 1177
    1177 1177 1181 1181 1181 1177 1177 1177 1177 1177 1177 1177 1177
    1177 1177 1173 1169 1169 0 0 0 0 3994 3948 3948 3948 1177 1177 1177
    1177 1177 1177 1177 1177 1177 1177 1177 1181 1181 1181 1177 1177
    1177 1177 1177 1177 1177 1177 1177 1177 1173 1169 1169 0 0 0 3994
    3994 3994 3948 3948 1177 1177 1177 1177 1177 1177 1177 1177 1177
    1177 1177 1181 1181 1181 1177 1177 1181 1181 1181 1177 1177 1177
    1177 1177 1177 1169 1169 0 0 0 3994 3994 3994 3948 3948 1177 1177
    1177 1181 1181 1181 1177 1177 1177 1177 1177 1181 1181 1181 1181
    1181 1181 1181 1181 1181 1181 1181 1181 1177 1177 1169 1169 0 0 0
    3994 3994 3994 3948 3948 0 1177 1177 1181 1181 1181 1177 1177 1177
    1177 1177 1181 1181 1181 1181 1181 1181 1181 1181 1181 1181 1181
    1181 1177 1177 1169 1169 0 0 0 3994 3994 3948 3948 3948 0 1181 1181
    1181 1181 1181 1177 1177 1177 1177 1177 1181 1181 1181 1181 1181
    1181 1181 1181 1181 1181 1181 1181 1181 1177 1173 1173 1173 0 3948
    3948 3948 3948 3948 3948 0 1181 1177 1177 1181 1177 1177 1177 1177
    1177 1177 1181 1181 1181 1181 1181 1181 1181 1181 1181 1181 1181
    1181 1181 1181 1181 0 0 0 0 3948 3948 3994 3994 3994 0 1181 1177
    1177 1181 1177 1177 1177 1177 1177 1177 1181 1181 1181 1181 1181
    1181 1181 1181 1181 1181 1181 1181 1181 1181 1181 1181 0 0 0 3994
    3994 3994 3994 3994 0 1185 1181 1181 1181 1177 1177 1177 1181 1177
    1177 1181 1181 1181 1181 1181 1181 1181 1181 1181 1181 1181 1181
    1181 1181 1181 1181 1181 0 3994 3994 3994 3994 3994 3994 0 1185 1181
    1181 1181 1181 1177 1177 1181 1181 1181 1181 1181 1181 1181 1181
    1181 1181 1181 1181 1181 1181 1181 1181 1181 1181 1177 1177 1177 0
    4041 4041 3994 3994 3994 0 1181 1181 1181 1181 1181 1181 1181 1181
    1181 1181 1181 1181 1181 1181 1181 1181 1181 1181 1181 1181 1181
    1181 1181 1181 1181 1177 1177 0 0 0 0 4041 3994 3948 0 1189 1181
    1181 1181 1181 1181 1181 1181 1181 1181 1181 1181 1181 1181 1181
    1181 1181 1181 1181 1181 1181 1181 1181 1181 1181 1177 1177 1177 0
    4041 0 3994 3994 3948 0 1189 1185 1181 1181 1181 1181 1181 1181 1181
    1181 1185 1181 1181 1181 1181 1181 1181 1181 1181 1181 1181 1181
    1181 1177 1177 1177 1177 0 0 0 4041 3994 3994 3948 0 1193 1185 1181
    1181 1181 1181 1181 1181 1181 1181 1185 1185 1185 1181 1181 1181
    1181 1181 1181 1181 1181 1181 1181 1177 1177 1177 1177 0 0 0 3994
    3994 3948 3948 0 1189 1185 1181 1181 1181 1181 1181 1181 1181 1181
    1185 1185 1185 1181 1181 1181 1181 1181 1181 1181 1181 1181 1181
    1181 1181 1181 1181 0 0 0 3994 3994 3948 3948 0 1189 1185 1181 1181
    1181 1181 1181 1181 1181 1181 1185 1185 1185 1181 1181 1181 1181
    1181 1181 1181 1181 1181 1181 1181 1181 1181 0 0 0 0 3994 3994 3994
    3948 0 1189 1185 1181 1181 1181 1181 1181 1181 1181 1181 1185 1185
    1181 1181 1181 1181 1181 1181 1181 1181 1181 1181 1181 1181 1181
    1181 1181 0 0 0 3994 3994 3948 3948 0 1193 1185 1181 1181 1181 1181
    1181 1181 1181 1181 1185 1185 1181 1181 1181 1181 1181 1181 1181
    1181 1181 1181 1181 1181 1181 1181 0 0 0 0 4041 3994 3948 3948 0
    1189 1189 1181 1181 1181 1181 1181 1181 1181 1181 1185 1185 1181
    1181 1181 1181 1181 1181 1181 1181 1181 1181 1181 1181 1181 1181
    1181 0 0 0 4041 3994 3948 3948 0 0 1181 1181 1181 1181 1181 1181
    1181 1181 1181 1185 1185 1181 1181 1181 1181 1181 1181 1181 1181
    1181 1181 1181 1181 1181 1181 1181 0 0 0 0 3994 3994 3994 0 0 1181
    1181 1181 1181 1181 1181 1181 1181 1181 1185 1185 1181 1181 1181
    1181 1185 1185 1181 1181 1181 1181 1181 1181 1181 1181 1181 0 0 0 0
    3994 3994 3994 0 0 1181 1181 1181 1181 1181 1181 1181 1181 1181 1185
    1185 1185 1185 1185 1185 1185 1185 1181 1181 1181 1181 1181 1181
    1181 1181 1181 0 0 0 0 3994 3994 3994 0 0 1181 1181 1181 1181 1181
    1181 1181 1181 1181 1185 1185 1185 1185 1185 1185 1185 1185 1185
    1181 1181 1181 1181 1181 1181 1181 1181 0 0 0 3948 3948 3948 3948 0
    0 1185 1181 1181 1181 1181 1181 1181 1181 1181 1185 1185 1185 1185
    1185 1185 1185 1185 1185 1181 1181 1181 1181 1185 1181 1181 1181 0 0
    0 0 3948 3948 3948 0 0 1185 1181 1181 1181 1181 1181 1181 1181 1181
    1185 1185 1189 1185 1185 1185 1185 1185 1185 1181 1181 1181 1185
    1185 1181 1181 1181 1181 0 0 0 3948 3948 3994 0 1185 1185 1185 1181
    1181 1181 1181 1181 1181 1181 1185 1185 1189 1185 1185 1185 1185
    1185 1185 1185 1185 1185 1185 1185 1181 1181 1181 1181 0 0 0 3948
    3948 3948 0 1185 1185 1185 1185 1181 1181 1181 1181 1181 1181 1185
    1189 1189 1185 1185 1185 1185 1185 1185 1185 1185 1185 1185 1185
    1181 1181 1181 1181 0 0 0 3948 3948 3948 0 1185 1185 1185 1185 1185
    1185 1185 1181 1181 1181 1185 1185 1185 1185 1185 1185 1185 1185
    1185 1185 1185 1185 1185 1185 1181 1181 1181 1181 0 0 0 3994 3994
    3994 0 1185 1185 1185 1185 1185 1185 1181 1181 1181 1181 1185 1185
    1185 1185 1185 1185 1185 1185 1185 1185 1185 1185 1185 1185 1185
    1181 1181 1181 0 0 0 4041 3994 3994 0 0 1181 1181 1185 1185 1185
    1181 1181 1181 1181 1185 1185 1185 1185 1185 1185 1185 1185 1185
    1185 1185 1185 1185 1185 1185 1181 1181 1181 0 0 0 4041 4041 3994 0
    0 1181 1181 1185 1185 1185 1185 1181 1181 1181 1185 1185 1185 1185
    1185 1185 1185 1185 1185 1185 1185 1185 1185 1185 1185 1181 1181
    1181 0 0 0 3994 3994 3994 0 0 1185 1185 1185 1185 1185 1185 1185
    1181 1181 1185 1185 1185 1185 1185 1185 1185 1185 1185 1185 1185
    1185 1185 1185 1185 1185 1181 1181 0 0 0 3994 3994 3994 0 0 1185
    1185 1185 1185 1185 1185 1185 1181 1181 1185 1185 1185 1185 1185
    1185 1185 1185 1185 1185 1185 1185 1185 1185 1185 1185 1181 1181
    1181 0 3948 3948 3948 3948 0 0 1189 1185 1185 1185 1185 1185 1185
    1181 1181 1185 1185 1185 1185 1185 1185 1185 1185 1185 1185 1185
    1185 1185 1185 1185 1185 1181 1181 1181 0 3903 3903 3903 3948 0 0
    1189 1185 1185 1185 1185 1185 1185 1185 1185 1185 1185 1185 1185
    1185 1185 1185 1185 1189 1185 1185 1185 1185 1185 1185 1185 1185
    1185 1185 0 3903 3903 3903 3903 0 0 0 1189 1185 1185 1185 1185 1189
    1185 1185 1185 1185 1185 1185 1185 1185 1185 1185 1189 1185 1185
    1185 1185 1185 1185 1185 1185 1185 1185 1189 3859 3859 3859 3903 0 0
    0 1189 1185 1185 1185 1185 1185 1185 1185 1185 1185 1185 1185 1185
    1185 1185 1185 1189 1185 1185 1185 1185 1185 1185 1185 1185 1185
    1189 1189 3859 3859 3859 3903 0 0 0 0 1189 1189 1189 1185 1185 1185
