<?xml version="1.0"?>
<opencv_storage>
<Depth6556 type_id="opencv-matrix">
  <rows>86</rows>
  <cols>71</cols>
  <dt>w</dt>
  <data>
    4241 4190 4139 4089 4041 4041 4041 1189 1189 1185 1173 1169 1165
    1161 1161 1157 1157 1161 1161 1173 1173 1177 1177 1177 3903 3903
    3903 3903 3859 3816 3816 3774 3774 3774 3732 3732 3732 3732 3692
    3692 3692 3653 3614 3614 3614 3653 3653 3614 3576 3576 3576 3576
    3576 3539 3539 3503 3503 3468 3468 3468 3468 3468 3433 3433 3433
    3433 3399 3399 3399 3399 3399 4190 4241 4241 4241 4241 0 1202 1202
    1189 1185 1173 1169 1161 1157 1157 1157 1157 1157 1157 1169 1173
    1173 1173 1173 1173 1173 1177 1177 1185 1185 1185 3774 3774 3774
    3774 3732 3732 3732 3692 3692 3692 3653 3614 3614 3614 3614 3614
    3614 3576 3576 3576 3576 3576 3539 3539 3503 3503 3503 3468 3468
    3468 3468 3433 3433 3433 3399 3365 3365 3365 3365 3365 4190 4241 0
    4241 0 1197 1193 1193 1189 1181 1173 1169 1157 1157 1157 1157 1157
    1157 1157 1165 1165 1165 1169 1169 1173 1173 1173 1177 1185 1185
    1185 1185 1185 1185 3774 3774 3732 3692 3653 3653 3692 3692 3614
    3614 3614 3614 3614 3614 3576 3576 3576 3576 3576 3539 3539 3503
    3503 3503 3503 3468 3468 3468 3433 3433 3433 3399 3365 3365 3365
    3365 3365 4190 0 4190 0 0 1197 1197 1193 1189 1181 1173 1161 1157
    1153 1153 1153 1153 1157 1157 1161 1161 1165 1165 1169 1173 1173
    1173 1173 1177 1181 1185 1185 1185 1185 1189 1189 3732 3692 3653
    3653 3692 3692 3653 3614 3614 3653 3614 3614 3614 3576 3576 3576
    3576 3539 3539 3539 3503 3503 3503 3468 3468 3468 3433 3433 3399
    3399 3399 3365 3365 3365 3365 0 0 0 0 0 1197 1197 1193 1189 1181
    1169 1161 1157 1153 1153 1153 1153 1153 1157 1157 1157 1161 1161
    1165 1169 1173 1173 1173 1173 1173 1177 1181 1181 1181 1185 1189
    1189 1189 1193 1193 1197 1202 3653 3614 3614 3653 3614 3614 3614
    3576 3576 3576 3576 3539 3539 3539 3503 3503 3503 3468 3468 3433
    3433 3433 3399 3399 3399 3399 3399 3365 3365 0 0 0 0 0 0 1193 1189
    1185 1177 1169 1161 1157 1153 1153 1153 1153 1153 1157 1157 1157
    1157 1161 1165 1169 1169 1169 1169 1169 1173 1173 1177 1177 1177
    1185 1185 1185 1189 1189 1193 1197 1202 1202 1202 1206 1206 3614
    3614 3614 3576 3576 3576 3576 3539 3539 3539 3503 3503 3503 3468
    3468 3433 3433 3433 3399 3399 3399 3399 3399 3365 3365 0 0 0 1227
    1219 1210 1193 1189 1185 1177 1169 1161 1157 1153 1153 1153 1153
    1153 1153 1153 1153 1157 1157 1161 1165 1169 1169 1169 1169 1169
    1173 1173 1173 1173 1181 1185 1185 1185 1189 1189 1193 1197 1202
    1202 1206 1206 1210 1214 1214 3576 3576 3576 3539 3503 3503 3539
    3503 3503 3503 3468 3468 3433 3433 3433 3399 3399 3399 3399 3399
    3365 3365 0 0 1223 1223 1219 1206 1193 1189 1185 1173 1169 1161 1157
    1153 1149 1149 1149 1153 1153 1153 1153 1153 1157 1157 1157 1165
    1169 1169 1169 1169 1169 1169 1173 1173 1177 1185 1185 1185 1185
    1185 1189 1193 1193 1197 1202 1202 1206 1210 1210 1210 1210 1210
    1214 1223 1223 1227 3503 3503 3503 3468 3468 3433 3433 3433 3399
    3399 3399 3399 3365 3365 3333 0 1227 1223 1214 1210 1202 1193 1189
    1181 1173 1169 1161 1157 1145 1145 1145 1145 1149 1149 1149 1153
    1153 1153 1157 1157 1157 1161 1165 1165 1165 1169 1169 1169 1173
    1177 1181 1181 1185 1185 1185 1185 1193 1193 1193 1197 1202 1206
    1210 1210 1210 1210 1210 1210 1214 1223 1223 1227 1227 3433 3433
    3433 3433 3433 3433 3433 3399 3399 3365 3365 3365 3333 1241 1227
    1223 1214 1210 1202 1193 1189 1181 1173 1169 1165 1145 1145 1141
    1141 1141 1145 1149 1149 1149 1149 1153 1153 1157 1157 1161 1161
    1165 1165 1165 1165 1169 1169 1173 1177 1177 1181 1181 1181 1185
    1189 1193 1193 1197 1197 1197 1206 1206 1206 1206 1206 1206 1210
    1214 1219 1227 1227 3333 3333 3333 3433 3433 3433 3433 3399 3399
    3365 3365 3365 3333 1241 1227 1223 1214 1206 1202 1193 1189 1181
    1173 1169 1161 1145 1141 1141 1141 1141 1141 1145 1145 1149 1149
    1149 1153 1153 1157 1157 1157 1161 1161 1165 1165 1169 1169 1173
    1173 1177 1177 1177 1181 1185 1189 1193 1193 1197 1197 1197 1202
    1206 1206 1206 1206 1206 1206 1210 1210 1214 1214 3333 3333 3333
    3433 3433 3433 3433 3365 3365 3365 3365 3333 3333 1236 1232 1223
    1214 1206 1202 1197 1189 1177 1173 1165 1161 1145 1141 1138 1138
    1138 1138 1141 1145 1145 1145 1149 1149 1149 1153 1153 1157 1157
    1157 1157 1161 1165 1169 1169 1173 1173 1177 1177 1177 1181 1189
    1193 1193 1193 1193 1193 1197 1202 1202 1206 1206 1206 1206 1206
    1210 1210 1210 1210 3433 3433 3433 3433 3433 3399 3365 3365 3365
    3333 3333 3333 1236 1232 1223 1214 1206 1206 1197 1189 1177 1173
    1165 1161 1145 1141 1138 1134 1134 1138 1141 1141 1141 1141 1145
    1145 1149 1149 1153 1153 1157 1157 1157 1161 1165 1169 1169 1173
    1173 1173 1173 1177 1177 1185 1189 1193 1193 1193 1193 1193 1197
    1197 1206 1206 1206 1206 1206 1206 1210 1210 0 3468 3468 3433 3399
    3399 3399 3365 3365 3333 3333 3333 3333 1236 1232 1223 1214 1206
    1202 1197 1189 1177 1173 1165 1161 1145 1138 1134 1134 1134 1138
    1138 1138 1141 1141 1141 1141 1145 1145 1149 1153 1153 1157 1157
    1157 1161 1169 1169 1169 1173 1173 1173 1173 1177 1181 1189 1189
    1193 1193 1193 1193 1197 1197 1202 1202 1202 1206 1206 1206 1210
    1210 1210 3468 3468 3433 3399 3399 3399 3365 3365 3333 3333 3333
    3300 1232 1227 1219 1214 1206 1202 1193 1185 1177 1173 1165 1161
    1141 1138 1134 1130 1130 1134 1134 1138 1138 1138 1141 1141 1141
    1141 1145 1149 1153 1153 1153 1157 1157 1169 1169 1169 1169 1173
    1173 1173 1173 1177 1185 1189 1189 1189 1189 1193 1193 1193 1197
    1202 1202 1206 1206 1206 1210 1210 1210 3468 3468 3433 3399 3399
    3365 3365 3365 3333 3333 3333 3300 1232 1227 1219 1210 1206 1202
    1193 1185 1177 1169 1165 1157 1141 1138 1130 1130 1130 1134 1134
    1134 1138 1138 1138 1138 1141 1141 1145 1145 1149 1153 1153 1153
    1153 1165 1165 1165 1169 1169 1173 1169 1169 1173 1177 1185 1185
    1189 1189 1189 1193 1193 1193 1193 1197 1202 1202 1202 1206 1206
    1206 0 3399 3399 3399 3399 3365 3365 3333 3333 3333 3333 3300 1232
    1223 1219 1210 1206 1202 1193 1185 1177 1169 1165 1157 1141 1138
    1130 1130 1130 1130 1130 1134 1134 1134 1138 1138 1141 1141 1141
    1145 1149 1149 1149 1149 1153 1161 1161 1161 1165 1169 1169 1169
    1169 1169 1173 1177 1181 1185 1185 1185 1189 1189 1193 1193 1197
    1202 1202 1202 1206 1206 1206 0 3399 3399 3399 3399 3399 3365 3333
    3333 3333 3333 3300 1232 1223 1219 1210 1206 1202 1193 1185 1173
    1169 1165 1145 1141 1134 1130 1126 1126 1130 1130 1130 1134 1134
    1134 1138 1138 1141 1141 1145 1149 1149 1149 1149 1153 1157 1157
    1157 1157 1165 1165 1165 1165 1169 1173 1177 1181 1181 1181 1185
    1189 1189 1193 1193 1193 1197 1197 1202 1202 1206 1206 3468 3399
    3399 3399 3399 3365 3365 3333 3333 3333 3333 3300 1236 1227 1219
    1210 1202 1197 1189 1185 1173 1169 1161 1145 1138 1130 1126 1123
    1123 1123 1126 1130 1130 1130 1130 1134 1138 1138 1141 1141 1145
    1145 1145 1149 1153 1153 1157 1157 1157 1157 1161 1161 1165 1169
    1173 1177 1177 1177 1177 1181 1185 1189 1189 1193 1193 1193 1193
    1197 1197 1206 1206 3468 3468 3399 3399 3399 3365 3365 3333 3333
    3333 3333 3333 1236 1227 1219 1210 1202 1193 1189 1181 1173 1169
    1161 1145 1138 1130 1126 1123 1123 1123 1123 1123 1126 1126 1126
    1126 1134 1138 1141 1141 1141 1145 1145 1145 1149 1153 1153 1157
    1157 1157 1157 1161 1161 1165 1173 1177 1177 1177 1177 1181 1185
    1185 1189 1193 1193 1193 1193 1193 1193 1193 1189 3468 3468 3399
    3399 3365 3333 3333 3333 3333 3333 3333 3333 1223 1223 1219 1210
    1197 1189 1189 1181 1173 1169 1161 1145 1138 1130 1126 1123 1123
    1123 1123 1123 1123 1126 1126 1126 1126 1130 1134 1138 1138 1141
    1141 1145 1149 1149 1153 1153 1153 1157 1157 1157 1157 1165 1169
    1173 1177 1177 1177 1181 1181 1185 1189 1189 1189 1193 1189 1189
    1189 1189 1189 3503 3503 3433 3399 3365 3333 3333 3333 3333 3333
