<?xml version="1.0"?>
<opencv_storage>
<Depth0725 type_id="opencv-matrix">
  <rows>51</rows>
  <cols>68</cols>
  <dt>w</dt>
  <data>
    4842 4708 4645 4645 4645 4645 1624 1624 1616 1594 1594 1594 1594
    1594 1601 1601 1601 4842 4842 4774 4774 4842 4842 4842 4842 0 0 0 0
    0 4842 4842 4842 4842 4774 4774 4708 4708 4708 4708 4774 4774 4774
    4774 4774 4774 4774 4774 4774 4842 4842 4842 4774 4774 4774 4708
    4708 4708 4708 4708 4708 4708 4708 4708 4708 4774 4774 4774 4774
    4645 4645 4645 4645 0 1624 1624 1586 1579 1579 1586 1586 1594 1594
    1594 1594 1594 1601 1601 1601 1601 1609 4842 4842 0 0 1601 1601 0
    4842 4842 4842 4842 4842 4774 4774 4708 4708 4708 4774 4774 4774
    4774 4774 4774 4774 4774 4774 4842 4842 4842 4842 4842 4774 4774
    4708 4708 4708 4708 4708 4708 4708 4708 4774 4774 4774 4774 4774
    4645 4645 0 4645 0 1572 0 1572 1572 1572 1572 1572 1572 1579 1579
    1586 1586 1594 1594 1601 1601 1601 1601 1609 1601 1601 1601 1601
    1601 4842 4842 4842 4842 4774 4774 4774 4774 4708 4708 4774 4774
    4774 4774 4774 4774 4774 4842 4842 4842 4911 4911 4842 4842 4842
    4774 4708 4708 4708 4708 4708 4708 4708 4708 4774 4774 4774 4774
    4842 4842 4842 0 0 0 0 0 1564 1564 1564 1564 1572 1572 1572 1572
    1572 1572 1579 1586 1594 1594 1594 1594 1601 1601 1601 1601 1594
    1594 1594 1594 1601 1601 4774 4774 4774 4774 4774 4774 4842 4842
    4842 4842 4842 4911 4842 4842 4842 4842 4842 4911 4911 4842 4842
    4774 4774 4708 4708 4708 4708 4708 4708 4774 4774 4774 4774 4774
    4842 4708 4708 0 0 0 0 0 1550 1550 1550 1557 1564 1564 1572 1572
    1572 1572 1572 1579 1579 1586 1586 1586 1594 1594 1594 1601 1594
    1594 1594 1594 1594 1601 1601 1609 1616 1624 4842 4842 4911 4911
    4911 4911 4911 4911 4911 4842 4842 4842 4842 4911 4911 4842 4842
    4842 4774 4708 4708 4708 4708 4708 4774 4774 4774 4774 4842 4842
    4911 4708 4708 0 0 0 1536 0 1543 1543 1543 1543 1550 1557 1564 1564
    1564 1564 1564 1572 1572 1572 1572 1572 1579 1586 1586 1594 1594
    1594 1594 1594 1594 1601 1601 1609 1609 1624 1616 1616 4911 4911
    4911 4911 4911 4911 4911 4911 4911 4911 4911 4911 4911 4842 4842
    4842 4774 4774 4708 4708 4708 4774 4842 4842 4842 4842 4842 4842
    4911 4774 4774 0 4774 0 1536 1536 1536 1529 1529 1529 1529 1536 1550
    1550 1550 1550 1557 1564 1564 1572 1572 1572 1572 1572 1579 1586
    1586 1586 1586 1594 1594 1594 1601 1601 1601 1616 1616 1616 1616
    1624 1632 1624 1624 4911 4911 4911 4911 4911 4911 4911 4842 4842
    4842 4842 4842 4774 4774 4774 4774 4911 4911 4911 4911 4911 4911
    4911 4842 4842 4774 4774 0 0 1536 1536 1529 1529 1529 1529 1529 1536
    1536 1536 1536 1536 1543 1543 1557 1557 1564 1564 1564 1564 1564
    1564 1572 1579 1579 1579 1579 1586 1594 1594 1594 1601 1609 1609
    1609 1609 1609 1609 1616 1616 1624 1624 1624 1632 1632 4911 4842
    4842 4774 4708 4708 4708 4774 4842 4842 4911 4911 4911 4911 4911
    4911 4911 4842 4842 4774 4774 4774 0 1536 1536 1529 1529 1529 1529
    1529 1529 1529 1529 1536 1536 1536 1536 1543 1543 1543 1543 1543
    1543 1550 1550 1550 1572 1572 1572 1572 1572 1579 1579 1586 1594
    1601 1601 1601 1601 1601 1609 1609 1609 1609 1609 1616 1616 1616
    1624 1632 4842 4774 4708 4708 4708 4774 4842 4911 4911 4911 4911
    4911 4911 4983 4983 4842 4842 4842 4842 4842 1536 1536 1536 1529
    1529 1529 1529 1529 1529 1523 1523 1529 1529 1536 1536 1543 1543
    1543 1536 1536 1536 1536 1536 1543 1550 1550 1557 1564 1564 1564
    1572 1572 1579 1586 1594 1594 1594 1594 1594 1594 1594 1601 1601
    1609 1609 1609 1624 1624 1624 1624 1632 1632 1639 1639 4911 4911
    4911 4911 4911 4911 4911 4983 4983 4842 4842 4842 4842 0 1543 1543
    1536 1529 1529 1529 1529 1536 1529 1523 1523 1529 1529 1536 1536
    1536 1536 1536 1536 1536 1536 1536 1536 1536 1543 1543 1543 1543
    1550 1550 1557 1564 1572 1579 1579 1579 1586 1586 1586 1586 1594
    1594 1594 1601 1601 1609 1616 1616 1616 1616 1616 1624 1632 1632
    1632 1632 4911 4911 4911 4983 4983 4983 4983 4842 4842 4842 4911 0
    1543 1543 1536 1529 1529 1529 1536 1536 1536 1529 1529 1529 1529
    1536 1536 1536 1536 1536 1536 1536 1536 1536 1536 1536 1543 1543
    1543 1543 1543 1543 1550 1550 1557 1564 1564 1572 1572 1572 1572
    1579 1586 1586 1594 1594 1594 1601 1601 1609 1609 1609 1609 1609
    1616 1624 1616 1616 1624 1624 1639 1632 1632 4983 4983 4983 4911
    4911 4911 1550 1543 1543 1536 1529 1529 1536 1536 1536 1536 1536
    1536 1536 1536 1536 1536 1536 1536 1536 1536 1536 1536 1536 1536
    1536 1543 1543 1543 1543 1543 1543 1543 1543 1550 1550 1557 1557
    1564 1564 1564 1572 1572 1572 1572 1572 1572 1594 1594 1601 1601
    1601 1601 1609 1609 1609 1609 1609 1616 1616 1632 1632 1632 1639
    1639 4983 4911 4911 4911 1550 1550 1543 1543 1536 1536 1536 1543
    1543 1543 1536 1536 1536 1536 1536 1536 1536 1536 1536 1543 1543
    1543 1536 1536 1543 1543 1543 1543 1543 1543 1543 1543 1543 1550
    1550 1550 1550 1550 1557 1557 1557 1557 1557 1564 1572 1572 1579
    1579 1579 1586 1586 1594 1601 1601 1601 1601 1601 1609 1609 1609
    1616 1616 1624 1624 4911 4911 4911 4911 1550 1550 1543 1543 1543
    1543 1543 1543 1543 1543 1543 1543 1543 1543 1543 1536 1536 1536
    1536 1543 1543 1543 1543 1543 1543 1543 1543 1543 1543 1543 1543
    1543 1543 1550 1550 1550 1550 1550 1550 1550 1550 1550 1550 1557
    1572 1564 1564 1572 1572 1572 1572 1579 1579 1586 1579 1579 1586
    1601 1601 1609 1609 1609 1609 1609 4911 4911 4911 4911 1543 1543
    1550 1550 1543 1543 1543 1543 1543 1543 1543 1543 1543 1543 1543
    1543 1536 1536 1543 1543 1543 1550 1543 1543 1543 1543 1543 1543
    1543 1543 1543 1543 1543 1550 1550 1550 1550 1550 1550 1550 1550
    1550 1550 1557 1557 1564 1564 1564 1564 1564 1572 1572 1572 1572
    1572 1572 1579 1579 1579 1579 1594 1594 1594 1594 4983 4983 4983
    1543 1543 1543 1550 1550 1550 1550 1550 1550 1550 1543 1543 1543
    1543 1550 1550 1550 1543 1543 1543 1543 1543 1550 1550 1550 1543
    1543 1543 1543 1543 1543 1543 1543 1543 1550 1550 1550 1550 1550
    1550 1550 1550 1550 1550 1550 1550 1557 1557 1564 1564 1564 1564
    1564 1564 1564 1564 1572 1564 1564 1572 1572 1579 1579 1579 1579
    5056 5056 1557 1557 1550 1550 1550 1550 1550 1550 1550 1550 1550
    1550 1550 1543 1543 1550 1550 1550 1550 1550 1550 1550 1550 1550
    1550 1550 1543 1543 1550 1550 1550 1550 1550 1550 1550 1557 1550
    1550 1550 1550 1550 1550 1550 1550 1550 1550 1550 1557 1557 1564
    1564 1557 1557 1557 1557 1557 1557 1564 1564 1564 1572 1572 1572
    1572 1572 1572 5056 5056 1557 1557 1550 1550 1557 1550 1550 1550
    1557 1557 1557 1550 1550 1550 1550 1557 1557 1557 1550 1550 1550
    1550 1550 1550 1550 1550 1550 1550 1550 1550 1550 1550 1550 1557
    1557 1564 1557 1557 1557 1550 1550 1557 1557 1557 1564 1557 1557
    1557 1557 1564 1564 1557 1557 1557 1557 1550 1550 1557 1557 1557
    1564 1564 1564 1564 1564 1564 5132 5132 1557 1557 1550 1550 1557
    1557 1557 1557 1557 1557 1557 1557 1557 1557 1557 1557 1564 1564
    1557 1557 1557 1557 1557 1557 1557 1557 1557 1557 1557 1557 1557
    1557 1557 1564 1564 1564 1564 1564 1557 1557 1557 1557 1557 1564
    1564 1557 1557 1557 1564 1564 1564 1557 1557 1557 1557 1550 1550
    1557 1557 1557 1564 1564 1564 1564 1564 1564 5132 0 1557 1557 1557
    1557 1564 1564 1564 1564 1557 1557 1557 1564 1564 1564 1564 1564
    1564 1564 1564 1564 1564 1564 1564 1564 1557 1557 1564 1564 1564
    1564 1564 1564 1564 1564 1564 1572 1572 1564 1564 1564 1564 1564
    1564 1564 1564 1557 1557 1564 1564 1564 1564 1564 1564 1557 1557
    1557 1557 1557 1564 1564 1572 1572 1564 1564 1557 1557 5132 0 1557
    1557 1557 1564 1564 1564 1564 1564 1564 1564 1564 1564 1564 1564
    1564 1564 1564 1564 1564 1564 1564 1564 1564 1564 1564 1564 1564
    1564 1564 1564 1564 1564 1564 1564 1564 1572 1572 1572 1572 1564
    1564 1564 1564 1564 1564 1564 1564 1564 1572 1572 1572 1572 1572
    1564 1564 1564 1564 1564 1564 1564 1572 1572 1564 1564 1557 1557
