<?xml version="1.0"?>
<opencv_storage>
<Depth0672 type_id="opencv-matrix">
  <rows>16</rows>
  <cols>10</cols>
  <dt>w</dt>
  <data>
    4708 4708 4708 5210 5210 5132 5132 5056 5056 4983 4708 4708 4708
    5210 5210 5210 5210 5132 5056 5056 4708 4708 4708 5210 5210 5210
    5210 5210 5132 5056 4774 4774 0 5210 5210 5291 5291 5210 5132 5056
    4774 5374 5291 5291 5291 5291 5291 5210 5210 5056 0 5374 5374 5374
    5374 5291 5291 5291 5210 5056 5548 5374 5374 5374 5460 5460 5374
    5291 5291 5210 5548 5548 5460 5460 5460 5460 5374 5291 5291 5210
    5548 5548 5548 5548 5548 5548 5460 5374 5291 5210 5640 5548 5548
    5548 5548 5548 5460 5460 5291 5210 5640 5640 5640 5548 5548 5548
    5548 5460 5374 5291 5548 5548 5640 5640 5640 5640 5548 5460 5374
    5291 5548 5548 5640 5640 5640 5640 5548 5460 5374 5210 5640 5640
    5640 5640 5640 5640 5548 5548 5374 5210 5734 5734 5734 5734 5640
    5640 5548 5548 5374 5374 6038 5832 5832 5832 5734 5640 5640 5548
    5548 4911</data></Depth0672>
</opencv_storage>
