<?xml version="1.0"?>
<opencv_storage>
<Depth16475 type_id="opencv-matrix">
  <rows>7</rows>
  <cols>29</cols>
  <dt>w</dt>
  <data>
    5210 5210 5210 5291 5291 5291 4241 4190 4190 4190 4139 4139 4190
    5210 5210 4139 4089 4089 4041 4041 4041 4041 4041 4041 4041 4041
    3994 3994 4041 4241 4190 4190 4190 4241 4190 4190 4190 4190 4190
    4139 4139 4190 4190 4190 4139 4089 4089 4041 4041 4041 4041 4041
    4041 4041 4041 4041 4041 4041 4190 4190 4190 4190 4241 4190 4190
    4190 4190 4190 4190 4190 4190 4190 4139 4139 4139 4139 4139 4139
    4089 4089 4089 4089 4089 4089 4089 4089 4089 4190 4190 4190 4190
    4241 4241 4190 4190 4190 4190 4190 4190 4190 4190 4139 4139 4139
    4190 4139 4139 4139 4089 4089 4089 4139 4139 4139 4089 4041 4190
    4139 4139 4139 4190 4241 4190 4190 4190 4190 4190 4190 4190 4190
    4190 4139 4139 4190 4190 4139 4139 4089 4089 4139 4139 4139 4089
    4041 4041 4190 4139 4139 4139 4190 4190 4241 4190 4190 4190 4190
    4190 4139 4139 4190 4190 4190 4190 4190 4139 4139 4089 4089 4139
    4139 4139 4089 4041 2639 4190 4139 4139 4139 4190 4190 4190 4190
    4190 4139 4139 4190 4139 4139 4190 4190 4190 4190 4139 4139 4139
    4139 4139 4139 4139 4139 2639 2639 2639</data></Depth16475>
</opencv_storage>
