<?xml version="1.0"?>
<opencv_storage>
<Depth17255 type_id="opencv-matrix">
  <rows>125</rows>
  <cols>62</cols>
  <dt>w</dt>
  <data>
    3333 3333 3269 3238 3238 3238 3238 3238 3269 3269 3269 3269 3269
    3300 3300 3300 3269 3238 3238 3238 3178 3178 862 862 3149 3149 3149
    3178 3208 3208 3208 918 918 915 915 3092 3092 3092 3120 3064 3064
    3149 3149 3149 0 0 0 973 987 987 987 992 992 998 998 995 995 1004
    1004 1007 1007 1004 3333 3300 915 915 915 915 3208 3208 3208 3269
    3269 3269 3269 3300 3300 3300 3269 3269 3269 862 862 860 860 858 858
    860 860 860 875 875 0 918 918 915 915 915 918 918 915 3238 3238 3238
    3238 943 943 938 938 973 973 973 987 992 978 978 981 987 995 1001
    1001 1004 1004 1004 3333 3300 915 913 913 915 3208 3208 3208 3208
    3208 887 867 867 867 867 867 862 862 862 860 860 860 858 858 860 860
    864 875 875 875 918 918 915 913 913 910 910 915 915 913 918 943 943
    943 938 938 938 973 973 970 970 975 975 978 984 992 995 998 1004
    1004 1004 910 910 903 901 901 901 889 889 887 887 887 0 0 867 867
    867 867 854 860 860 860 858 858 860 860 862 864 864 875 875 875 875
    875 913 913 913 906 906 908 908 913 918 918 928 930 935 935 940 948
    954 956 962 967 973 978 984 992 995 995 1004 1004 1004 910 908 901
    898 898 896 889 889 887 887 887 880 873 867 867 867 867 854 854 854
    856 856 856 856 858 862 864 867 867 869 873 873 878 880 887 891 898
    901 906 906 908 913 918 925 930 935 935 938 946 951 956 962 967 973
    978 984 992 995 995 1004 1013 1016 910 908 901 898 896 894 889 889
    887 885 882 880 873 869 867 862 862 858 854 854 851 851 851 851 854
    860 860 862 862 867 869 869 875 880 885 887 891 898 906 906 908 910
    918 925 930 935 935 938 946 951 959 964 970 975 978 984 989 995 995
    1004 1013 1016 910 903 898 898 896 894 891 889 887 885 880 878 873
    869 867 862 862 858 856 854 851 849 847 847 849 854 856 856 860 864
    869 869 875 882 882 887 889 898 906 906 908 910 918 925 930 935 935
    938 946 956 962 964 967 973 978 984 989 995 995 1004 1013 1016 908
    903 898 898 896 894 891 889 887 885 880 878 875 869 867 864 862 856
    856 854 851 847 847 847 847 849 854 856 860 862 869 871 875 880 882
    887 889 903 906 906 908 910 920 925 933 935 935 940 946 956 962 964
    967 973 978 984 989 995 1001 1007 1010 1016 908 903 901 898 896 896
    894 889 887 882 880 878 875 869 867 862 862 856 854 851 851 847 847
    847 847 849 851 854 858 862 869 871 875 880 885 889 891 901 906 906
    908 910 923 925 930 938 940 940 946 956 962 964 967 975 978 984 989
    995 1001 1007 1010 1013 908 908 901 898 898 896 894 889 887 882 880
    878 875 869 867 862 862 856 854 851 851 849 847 847 849 849 851 854
    858 864 869 871 875 880 885 889 891 901 906 906 908 913 923 925 930
    938 940 943 946 956 959 964 967 975 978 984 989 995 1001 1007 1010
    1010 908 908 901 898 898 896 894 889 887 885 882 878 875 869 867 864
    860 856 856 854 851 851 849 847 847 849 851 854 858 869 871 875 880
    880 885 889 891 901 906 906 908 915 923 925 930 938 940 943 948 956
    959 964 967 975 978 984 992 998 1004 1007 1010 1010 908 908 908 901
    898 896 891 889 889 887 882 878 875 869 867 864 860 858 856 854 854
    851 847 847 847 847 851 854 862 869 871 873 880 880 885 889 894 898
    903 906 908 920 923 925 930 938 940 943 948 959 962 964 970 975 981
    987 995 1001 1004 1007 1010 1010 910 910 908 901 898 896 891 889 889
    887 882 878 875 871 867 864 860 858 856 854 854 851 847 847 847 847
    851 856 867 869 871 873 880 880 885 889 894 898 901 908 908 920 923
    928 930 938 940 943 948 959 962 967 970 975 981 987 995 1001 1004
    1007 1010 1010 910 910 910 901 898 896 894 891 889 887 885 880 873
    871 867 864 862 860 858 854 854 851 847 847 847 847 851 860 864 869
    869 873 882 882 885 889 896 898 901 908 908 920 923 928 933 938 940
    943 951 959 962 967 973 978 984 987 995 1001 1004 1007 1010 0 910
    910 910 903 898 896 894 891 889 887 885 880 873 871 867 864 862 860
    858 856 854 851 849 847 847 847 854 860 864 867 869 873 882 882 885
    889 896 898 901 908 908 920 923 928 935 938 940 943 951 959 964 967
    973 978 984 987 995 1001 1007 1010 1013 1013 910 910 910 903 901 898
    896 891 889 887 885 880 873 871 869 864 862 860 858 856 854 851 849
    849 849 849 856 860 864 867 869 873 882 882 885 889 896 898 901 908
    908 920 923 928 935 938 943 946 954 959 964 970 973 978 984 989 998
    1001 1004 1010 1013 0 913 913 910 908 903 898 896 894 889 887 887
    882 875 871 869 864 862 862 860 856 854 851 851 849 849 849 858 860
    864 867 871 878 880 880 885 889 898 901 903 908 908 920 925 928 938
    940 946 946 946 959 964 970 975 978 981 989 998 1001 1004 1010 1013
    0 913 913 910 908 903 898 896 894 889 889 887 882 878 873 871 869
    867 862 860 856 854 851 851 849 849 851 858 862 864 867 871 878 880
    880 885 889 898 901 903 906 918 920 925 930 938 943 943 946 946 959
    967 970 975 978 981 989 998 1004 1007 1016 1022 0 915 915 913 906
    903 898 896 894 891 889 887 885 878 873 871 869 867 862 860 858 854
    854 851 851 851 851 858 862 864 867 871 880 880 882 887 889 898 903
    906 906 918 920 925 933 938 940 943 946 946 962 967 973 975 978 984
    989 998 1004 1007 1016 1022 0 913 913 910 906 903 901 898 896 894
    889 889 885 878 873 871 869 867 862 860 858 854 854 851 851 851 854
    860 862 864 869 871 880 880 882 887 896 901 903 906 906 918 923 925
    933 938 940 943 946 946 962 967 973 978 978 984 989 998 1004 1007
    1016 1025 0 913 913 910 906 903 901 898 896 894 891 889 885 878 875
    871 869 867 864 862 858 854 854 851 851 851 854 860 862 864 869 871
    880 880 882 887 898 901 903 906 906 918 923 925 930 938 940 946 948
    954 964 967 970 978 981 987 989 998 1004 1007 1016 1025 0 915 915
    910 906 903 901 898 896 894 889 889 885 878 875 871 869 867 864 862
    858 854 854 851 851 851 854 858 862 867 869 875 880 880 882 889 901
    901 906 906 908 923 925 925 930 935 943 946 948 956 964 967 970 975
    984 987 992 998 1004 1007 1016 1022 0 915 915 910 906 903 901 898
    896 894 889 889 885 882 878 873 869 867 864 862 860 854 854 854 854
    854 854 858 862 867 869 875 880 880 887 889 901 903 906 906 918 923
    925 928 930 935 946 948 951 956 964 967 970 975 987 989 992 998 1004
    1007 1016 1019 0 915 915 910 906 906 903 901 896 894 891 889 885 880
    878 873 871 867 864 862 860 856 856 854 854 854 856 860 862 867 871
    878 880 882 887 889 901 903 906 906 918 923 925 928 933 938 943 948
    951 956 962 970 973 975 984 987 992 998 1004 1010 1016 1019 0 915
    915 908 906 906 903 901 898 896 891 889 887 880 875 873 871 869 867
    862 860 858 856 854 854 854 856 860 864 867 871 880 880 882 887 894
    898 903 906 906 918 923 928 928 933 938 943 948 954 956 962 970 975
    978 984 987 992 998 1007 1010 1016 1022 0 915 915 908 908 906 906
    901 898 896 894 889 887 882 875 873 871 869 867 862 860 860 856 854
    854 854 856 860 862 869 873 880 880 885 887 894 898 903 906 906 915
    920 928 928 933 938 943 946 951 954 964 970 975 978 984 987 992 1001
    1007 1010 1016 1022 0 915 915 908 908 908 906 903 898 896 894 891
    887 885 875 873 871 869 867 862 862 860 858 854 854 854 856 860 862
    869 873 880 880 885 887 894 898 906 906 908 915 920 928 930 935 938
    943 946 951 954 964 970 978 978 984 989 992 1001 1007 1010 1016 1028
    0 915 915 908 908 908 906 903 898 896 894 891 889 885 878 873 871
    869 867 862 862 860 858 854 854 854 856 860 864 869 873 878 880 885
    887 894 898 903 906 908 915 920 925 930 935 938 943 948 951 956 967
    970 978 981 984 989 992 1004 1007 1010 1016 1025 0 918 915 910 908
    908 906 903 898 896 894 891 889 887 878 873 871 869 867 862 862 858
    858 856 856 856 858 862 864 869 873 878 882 882 887 894 898 903 906
    910 915 918 925 930 935 940 946 948 951 956 967 970 978 981 984 989
    995 1004 1007 1013 1019 1022 0 920 918 913 908 908 906 903 898 898
