<?xml version="1.0"?>
<opencv_storage>
<Depth2283 type_id="opencv-matrix">
  <rows>15</rows>
  <cols>15</cols>
  <dt>w</dt>
  <data>
    8019 8019 8019 7835 7660 7332 7178 7030 7030 7030 6889 6889 6889
    6889 6889 8019 8019 8019 8019 7835 7660 7332 7178 7030 7030 7030
    6889 6889 6889 6889 8212 8019 8019 8019 8019 7835 7660 7492 7178
    7030 7030 7030 7030 6889 6889 8212 8019 8019 8019 8019 8019 7835
    7660 7492 7178 7178 7030 7030 7030 6889 8413 8212 8212 8019 8019
    8212 8019 8019 7660 7492 7332 7178 7178 7030 6889 8413 8212 8212
    8019 8019 8212 8212 8212 8019 7660 7492 7178 7178 7030 7030 8413
    8413 8212 8212 8212 8212 8212 8212 8212 8019 7835 7492 7178 7178
    7178 8849 8849 8413 8413 8413 8212 8212 8212 8212 8212 8212 8019
    7660 7492 7332 9084 9084 8849 8626 8626 8212 8212 8212 8212 8212
    8212 8212 8019 7835 7492 9331 9084 9084 9084 8849 8413 8212 8212
    8212 8212 8212 8212 8212 8019 7660 9331 9331 9331 9084 8849 8849
    8413 8413 8413 8413 8212 8212 8212 8212 7835 9593 9593 9593 9084
    9084 9084 8849 8413 8413 8413 8212 8212 8413 8212 8212 9593 9331
    9331 9331 9331 9084 8849 8626 8626 8413 8413 8413 8413 8413 8413
    9331 9331 9331 9331 9331 9331 9084 8849 8849 8413 8413 8413 8413
    8413 8413 9331 9084 9084 9331 9331 9331 9331 9593 9331 8849 8626
    8626 8413 8413 8413</data></Depth2283>
</opencv_storage>
