<?xml version="1.0"?>
<opencv_storage>
<Depth10046 type_id="opencv-matrix">
  <rows>18</rows>
  <cols>33</cols>
  <dt>w</dt>
  <data>
    1177 2271 2271 2271 2271 2256 2256 2241 2226 2184 2184 2184 2184
    2184 2226 2226 2226 2226 2241 2241 2226 2212 2212 1169 1169 1177
    1177 1173 1173 0 0 1173 0 1181 2286 2286 2271 2271 2256 2256 2256
    2256 2184 2184 2198 2212 2256 2256 2226 2226 2226 2226 2226 2226
    2212 2212 2212 2212 2212 2212 2212 2212 0 0 0 0 1185 2271 2271 2271
    2271 2256 2256 2256 2256 2256 2256 2241 2241 2256 2256 2241 2226
    2226 2226 2226 2226 2212 2212 2212 2212 2212 2212 2212 0 0 0 0 0
    2256 2256 2271 2271 2271 2256 2256 2271 2271 2256 2256 2256 2256
    2256 2256 2256 2241 2241 2241 2241 2226 2226 2226 2226 2226 2226
    2226 2226 2226 0 0 2212 0 2256 2256 2271 2271 2271 2271 2271 2271
    2271 2256 2256 2256 2256 2256 2256 2256 2241 2241 2241 2241 2241
    2226 2226 2226 2226 2226 2226 2226 2226 2226 2212 2212 0 2256 2271
    2271 2271 2271 2271 2271 2271 2271 2256 2256 2256 2256 2256 2256
    2241 2241 2241 2241 2241 2241 2241 2226 2226 2226 2226 2226 2226
    2226 2212 2212 2198 2198 2271 2271 2271 2271 2271 2271 2271 2271
    2271 2256 2256 2256 2256 2256 2256 2241 2241 2241 2241 2241 2241
    2241 2226 2226 2226 2226 2226 2226 2226 2212 2212 2198 2198 2271
    2271 2271 2271 2271 2271 2271 2271 2271 2256 2256 2256 2256 2256
    2256 2241 2241 2241 2241 2241 2226 2226 2212 2212 2212 2212 2212
    2212 2212 2212 2212 2198 2198 2271 2271 2271 2271 2271 2271 2271
    2271 2271 2256 2256 2256 2256 2256 2256 2241 2226 2226 2226 2226
    2212 2212 2212 2212 2212 2212 2212 2212 2212 2198 2198 2184 2184
    2256 2256 2256 2256 2256 2256 2256 2256 2256 2241 2241 2256 2256
    2241 2241 2226 2226 2226 2226 2212 2198 2198 2198 2212 2212 2212
    2212 2198 2198 2198 2198 2184 2184 2256 2256 2256 2256 2256 2256
    2256 2256 2256 2241 2241 2256 2241 2241 2241 2226 2226 2226 2212
    2212 2198 2198 2198 2212 2212 2198 2198 2198 2198 2198 2184 2184
    2184 2256 2256 2241 2241 2256 2256 2256 2256 2241 2241 2241 2226
    2226 2241 2241 2226 2226 2226 2212 2212 2212 2212 2212 2212 2212
    2198 2198 2198 2198 2198 2184 2184 0 1259 2256 2241 2241 2256 2256
    2256 2256 2241 2241 2241 2226 2226 2241 2241 2226 2226 2226 2212
    2212 2226 2226 2241 2226 2226 2212 2212 2212 2212 2212 2198 2198 0
    1259 2256 2256 2256 2256 2256 2256 2256 2256 2256 2256 2241 2241
    2241 2241 2241 2226 2226 2241 2256 2271 2256 2256 2256 2256 2241
    2241 2226 2226 2241 2241 2256 0 2301 2301 2286 2271 2271 2286 2271
    2271 2271 2271 2271 2271 2271 2256 2256 2271 2271 2271 2286 2286
    2286 2271 2271 2271 2271 2271 2271 2256 2256 2256 2256 2271 0 2301
    2301 2317 2317 2317 2317 2301 2301 2301 2301 2317 2317 2317 2317
    2317 2301 2286 2286 2286 2301 2286 2286 2286 2286 2286 2286 2271
    2271 2271 2271 2271 2271 0 2333 2333 2333 2333 2333 2317 2317 2317
    2317 2333 2333 2333 2333 2333 2333 2333 3178 2317 2317 2301 2286
    2286 2286 2286 2286 2286 2271 2271 2301 2301 2984 0 0 2349 2349 2333
    2333 2333 2333 2333 2333 2333 2333 2333 2333 2333 2349 2333 2333
    3178 3178 3178 3178 3149 3120 3092 3064 2301 2301 2984 2958 2958
    2958 2958 0 0</data></Depth10046>
</opencv_storage>
