<?xml version="1.0"?>
<opencv_storage>
<Depth7402 type_id="opencv-matrix">
  <rows>41</rows>
  <cols>29</cols>
  <dt>w</dt>
  <data>
    5460 2398 2398 2381 2381 2381 2381 5374 5374 2365 2365 2365 2365
    2398 2381 2381 2398 5132 2450 2450 2450 2450 2467 2467 2485 2467
    2467 4983 4911 2398 2398 2398 2381 2365 2365 2365 2349 2349 2349
    2349 2349 2365 2381 2381 2381 2381 2381 2381 2398 2450 2450 2450
    2467 2467 2467 2467 2467 4842 2398 2398 2398 2381 2365 2365 2349
    2349 2349 2349 2349 2349 2365 2381 2381 2381 2381 2381 2381 2398
    2432 2450 2450 2467 2467 2467 2467 2467 4842 2398 2398 2398 2381
    2365 2365 2349 2349 2333 2333 2333 2333 2349 2381 2381 2381 2381
    2381 2381 2398 2432 2450 2450 2467 2485 2467 2467 2467 4842 2398
    2398 2398 2381 2365 2365 2349 2349 2333 2333 2333 2333 2349 2365
    2381 2381 2381 2381 2398 2415 2432 2450 2450 2467 2485 2485 2485
    2485 4842 2398 2398 2398 2381 2365 2365 2349 2349 2333 2333 2333
    2333 2349 2365 2381 2381 2398 2398 2415 2415 2432 2450 2450 2467
    2485 2485 2485 2485 4842 2398 2398 2398 2381 2365 2365 2349 2349
    2333 2333 2349 2349 2349 2365 2381 2381 2398 2415 2415 2432 2432
    2450 2450 2467 2485 2485 2485 4842 4842 2398 2398 2398 2381 2365
    2365 2349 2349 2333 2333 2349 2349 2349 2365 2381 2398 2398 2415
    2415 2432 2432 2432 2450 2467 2467 2467 2485 4842 4842 2415 2415
    2398 2381 2365 2365 2365 2349 2349 2349 2349 2349 2349 2365 2381
    2398 2398 2398 2415 2432 2432 2432 2450 2467 2467 2467 2467 2467
    4911 2415 2398 2398 2398 2381 2365 2365 2365 2349 2349 2349 2349
    2349 2381 2381 2381 2398 2398 2415 2432 2432 2450 2467 2467 2467
    2467 2467 2467 4911 2432 2398 2398 2398 2381 2365 2365 2349 2349
    2349 2349 2349 2349 2381 2381 2381 2381 2398 2415 2432 2432 2450
    2450 2467 2467 2467 2467 2467 5056 2432 2398 2398 2398 2381 2381
    2365 2349 2349 2349 2349 2349 2349 2365 2381 2381 2381 2398 2415
    2432 2432 2450 2450 2450 2450 2467 2467 2467 5056 2415 2415 2415
    2398 2381 2381 2365 2365 2349 2349 2349 2349 2349 2365 2381 2381
    2381 2415 2432 2432 2432 2450 2450 2450 2450 2467 2467 2467 5056
    2415 2415 2415 2398 2381 2365 2365 2365 2349 2349 2349 2349 2349
    2365 2381 2381 2398 2415 2432 2432 2432 2450 2450 2450 2450 2467
    2467 2467 4983 2432 2415 2415 2398 2381 2365 2365 2365 2349 2349
    2349 2349 2349 2365 2381 2398 2415 2415 2432 2432 2432 2450 2450
    2450 2467 2467 2467 2467 4983 2415 2415 2415 2398 2381 2365 2365
    2365 2349 2349 2349 2349 2349 2381 2381 2398 2415 2415 2432 2432
    2432 2450 2450 2450 2467 2467 2467 2467 4983 2415 2415 2415 2398
    2381 2365 2365 2365 2349 2349 2349 2349 2349 2381 2381 2381 2398
    2415 2432 2432 2432 2450 2450 2450 2450 2467 2467 2485 4983 2415
    2415 2415 2398 2381 2365 2365 2365 2349 2349 2349 2349 2365 2381
    2381 2381 2398 2415 2432 2432 2450 2450 2450 2450 2450 2467 2467
    2467 2467 2415 2415 2415 2398 2381 2381 2365 2365 2349 2349 2349
    2349 2349 2381 2381 2381 2398 2415 2432 2432 2450 2450 2450 2450
    2450 2467 2467 2467 2467 2450 2415 2415 2398 2381 2381 2365 2365
    2349 2349 2349 2349 2349 2381 2398 2398 2398 2415 2432 2432 2450
    2450 2450 2467 2467 2485 2467 2467 2467 2450 2432 2415 2415 2398
    2381 2365 2365 2349 2349 2349 2349 2365 2381 2381 2398 2398 2415
    2432 2432 2432 2450 2450 2467 2467 2485 2467 2467 2467 5460 2432
    2415 2415 2398 2381 2365 2365 2349 2349 2349 2349 2365 2381 2381
    2398 2398 2415 2432 2432 2432 2450 2450 2467 2467 2485 2467 2467
    2467 5548 2432 2432 2415 2415 2381 2365 2365 2349 2349 2349 2349
    2365 2381 2381 2398 2415 2432 2432 2432 2432 2450 2450 2467 2467
    2485 2467 2467 2467 5548 2415 2415 2415 2415 2381 2365 2365 2349
    2349 2349 2349 2365 2381 2381 2398 2415 2432 2432 2432 2432 2450
    2450 2467 2485 2485 2485 2485 2485 5548 2415 2415 2415 2415 2381
    2365 2365 2349 2349 2349 2349 2365 2381 2381 2398 2398 2415 2432
    2432 2432 2450 2450 2467 2485 2485 2485 2503 2503 2415 2415 2415
    2415 2415 2398 2365 2365 2349 2349 2349 2349 2365 2381 2381 2381
    2398 2415 2432 2432 2450 2450 2467 2467 2485 2485 2485 2503 2503
    2415 2415 2415 2415 2415 2398 2365 2365 2365 2365 2365 2365 2365
    2381 2381 2381 2415 2432 2432 2432 2450 2450 2467 2467 2485 2485
    2503 2503 2503 2450 2432 2432 2415 2415 2398 2381 2365 2365 2365
    2365 2365 2365 2381 2381 2398 2415 2432 2432 2432 2450 2450 2467
    2485 2485 2503 2503 2503 2503 2450 2432 2432 2415 2415 2415 2398
    2381 2365 2365 2365 2365 2365 2381 2381 2398 2415 2432 2432 2432
    2450 2467 2467 2485 2485 2503 2503 2503 2503 2467 2432 2432 2415
    2415 2415 2398 2381 2365 2365 2365 2365 2365 2381 2381 2415 2415
    2432 2432 2432 2450 2450 2467 2485 2485 2503 2503 2503 2503 5640
    2450 2432 2415 2415 2415 2398 2381 2365 2365 2365 2365 2365 2381
    2398 2415 2415 2432 2432 2432 2450 2450 2467 2485 2485 2485 2503
    2503 2503 5640 2450 2432 2415 2415 2415 2398 2381 2381 2365 2365
    2365 2365 2381 2381 2398 2415 2432 2432 2432 2450 2450 2467 2485
    2485 2485 2485 2503 2503 5640 2450 2432 2432 2415 2415 2398 2381
    2381 2365 2365 2365 2365 2381 2381 2398 2415 2432 2432 2432 2432
    2450 2450 2467 2485 2485 2485 2485 2485 5640 2450 2432 2432 2415
    2415 2398 2381 2381 2365 2365 2365 2365 2381 2381 2398 2415 2432
    2432 2432 2432 2450 2450 2467 2485 2485 2485 2485 2485 5640 2467
    2432 2432 2415 2415 2398 2381 2381 2365 2365 2365 2365 2381 2381
    2398 2415 2432 2432 2432 2450 2450 2450 2467 2485 2485 2503 2485
    2485 5640 2467 2432 2432 2415 2415 2398 2381 2381 2365 2365 2365
    2365 2381 2398 2398 2415 2415 2432 2432 2450 2450 2450 2467 2485
    2485 2503 2485 2485 5640 2467 2450 2432 2415 2415 2398 2381 2381
    2365 2365 2365 2365 2381 2398 2415 2415 2415 2432 2432 2450 2467
    2467 2467 2485 2485 2503 2503 2503 5640 5640 2432 2432 2415 2415
    2398 2381 2365 2365 2365 2365 2365 2381 2398 2415 2415 2415 2432
    2432 2450 2467 2450 2450 2450 2467 2503 2503 2522 5640 5640 2432
    2415 2415 2398 2398 2381 2365 2365 2365 2365 2365 2381 2398 2415
    2415 2415 2432 2450 2467 2467 2450 2450 2450 2467 2503 2503 4983
    5640 5640 5548 2415 2415 2365 2365 2365 2365 2365 2365 2365 2365
    2381 2398 2432 2432 2432 2432 2485 2485 2467 2467 5132 5132 5132
    5056 5056 4983 5640 5640 5548 5548 5548 2365 2365 2365 2365 2365
    2365 2365 2365 2365 2450 2450 2450 2450 5210 5210 5291 5291 5210
    5132 5132 5132 5056 5056 4983</data></Depth7402>
</opencv_storage>
