<?xml version="1.0"?>
<opencv_storage>
<Depth13263 type_id="opencv-matrix">
  <rows>8</rows>
  <cols>10</cols>
  <dt>w</dt>
  <data>
    0 0 5832 5832 5832 5832 5734 5734 0 0 0 0 5832 5832 5832 5832 5734
    5734 0 0 0 6038 6038 5832 5832 5832 5832 5734 5640 5640 6038 6038
    6038 6038 5832 5832 5734 5734 5640 5640 6038 6038 6038 6038 5832
    5832 5734 5734 5734 5734 5734 5832 5832 6038 5933 5933 5734 5734
    5734 5734 5734 5832 5832 6038 5933 5933 5832 5734 5734 5734 5832
    5933 5933 5933 6146 5832 5832 5832 5832 5832</data></Depth13263>
</opencv_storage>
