<?xml version="1.0"?>
<opencv_storage>
<Depth5638 type_id="opencv-matrix">
  <rows>67</rows>
  <cols>46</cols>
  <dt>w</dt>
  <data>
    3178 3178 3208 4405 4405 4405 4405 4405 4405 1624 1624 1616 1609
    1609 1609 1601 1594 1594 1594 1572 1572 1572 1579 1579 1572 1572
    1572 4582 4582 4582 4582 4582 4645 4645 4645 4645 4645 4645 4645
    4645 4645 4645 4645 4708 4708 4708 3178 3178 3208 3208 3208 4405
    4405 4405 4405 1624 1624 1609 1601 1601 1601 1594 1594 1586 1579
    1572 1564 1564 1564 1564 1572 1572 1579 1579 4582 4522 4522 4582
    4645 4645 4645 4645 4645 4645 4645 4645 4645 4645 4645 4708 4708
    4708 3178 3178 3208 3208 3208 3238 4405 4405 4405 1624 1616 1609
    1601 1601 1601 1594 1586 1586 1572 1572 1564 1564 1564 1564 1564
    1572 1579 1586 1601 1609 4522 4582 4582 4645 4645 4645 4645 4645
    4645 4645 4645 4645 4645 4645 4708 4708 3149 3178 3208 3208 3208
    3208 3208 3208 1624 1624 1616 1609 1601 1601 1594 1594 1586 1579
    1572 1564 1564 1564 1564 1564 1564 1572 1586 1586 1601 1601 1616
    1624 1624 1632 4645 4645 4645 4645 4645 4645 4645 4645 4645 4645
    4708 4708 3149 3178 3208 3208 3208 3208 3208 3208 1624 1624 1616
    1601 1601 1601 1594 1594 1586 1579 1572 1564 1564 1564 1564 1564
    1572 1579 1586 1586 1594 1601 1609 1624 1624 1632 1632 4645 4645
    4645 4645 4645 4645 4645 4645 4645 4645 4708 3120 3149 3208 3208
    3208 3208 3208 3208 1609 1609 1601 1601 1601 1601 1594 1586 1579
    1572 1564 1564 1564 1564 1564 1564 1564 1572 1586 1586 1594 1601
    1609 1616 1624 1632 1647 1655 4708 4645 4582 4582 4645 4645 4645
    4645 4645 4708 3092 3120 3178 3178 3208 3208 3208 3208 1609 1609
    1601 1601 1601 1594 1594 1586 1579 1572 1564 1564 1557 1557 1557
    1564 1564 1572 1586 1594 1594 1601 1609 1616 1624 1632 1647 1655
    1663 1663 4582 4582 4645 4645 4708 4708 4708 4645 3092 3120 3149
    3178 3208 3208 3208 3208 1609 1609 1601 1601 1594 1594 1594 1586
    1579 1572 1564 1564 1557 1557 1557 1564 1564 1572 1579 1586 1594
    1601 1609 1616 1624 1632 1647 1655 1663 1680 1680 1688 4645 4708
    4708 4645 4645 4645 3092 3120 3149 3178 3178 3208 3208 3208 1609
    1601 1601 1601 1594 1594 1594 1586 1579 1572 1564 1557 1557 1557
    1557 1557 1564 1572 1579 1586 1594 1601 1609 1616 1624 1632 1647
    1655 1655 1671 1680 1688 1696 1696 1713 1722 4645 4645 3092 3120
    3149 3149 3178 3208 3208 1624 1609 1601 1601 1601 1594 1594 1586
    1579 1572 1572 1564 1557 1557 1557 1557 1557 1564 1572 1579 1586
    1594 1601 1609 1616 1624 1632 1647 1655 1655 1663 1671 1688 1696
    1696 1705 1722 1722 4645 3120 3120 3120 3149 3149 3208 3208 1624
    1616 1601 1601 1594 1594 1586 1579 1572 1572 1564 1564 1557 1557
    1550 1550 1550 1564 1572 1579 1586 1594 1601 1609 1616 1624 1632
    1647 1647 1655 1663 1671 1688 1688 1705 1705 1722 1722 1722 3120
    3120 3120 3149 3149 3178 3208 3208 1609 1601 1594 1594 1586 1579
    1579 1572 1572 1564 1557 1557 1550 1550 1550 1550 1557 1572 1579
    1586 1594 1601 1609 1616 1624 1632 1647 1647 1655 1663 1680 1688
    1688 1696 1705 1713 1722 1722 3120 3120 3120 3120 3120 3149 3208
    3208 1601 1594 1594 1586 1586 1579 1572 1572 1564 1557 1557 1550
    1550 1550 1550 1550 1557 1564 1572 1579 1594 1601 1601 1609 1624
    1632 1647 1647 1655 1663 1680 1688 1688 1696 1705 1705 1713 1722
    3092 3120 3120 3120 3120 3149 3149 1594 1594 1594 1586 1586 1579
    1572 1572 1564 1564 1550 1550 1550 1543 1543 1550 1550 1557 1564
    1572 1579 1586 1594 1601 1609 1624 1632 1639 1647 1655 1663 1680
    1680 1688 1696 1705 1705 1713 1722 3092 3092 3120 3120 3120 3149
    3149 1594 1594 1594 1586 1586 1579 1572 1572 1564 1564 1550 1543
    1543 1543 1543 1550 1550 1557 1564 1572 1579 1586 1594 1601 1609
    1624 1632 1639 1647 1655 1663 1671 1680 1688 1696 1705 1713 1713
    1713 3092 3092 3120 3120 3120 3120 3120 1586 1586 1586 1579 1579
    1572 1572 1572 1564 1564 1550 1543 1543 1543 1543 1550 1557 1564
    1564 1572 1579 1586 1594 1601 1609 1616 1632 1632 1647 1655 1663
    1671 1680 1688 1688 1705 1713 1713 1713 3092 3092 3092 3120 3120
    3120 1594 1586 1586 1586 1579 1579 1572 1564 1564 1557 1557 1543
    1543 1543 1543 1543 1550 1557 1564 1564 1572 1579 1586 1594 1601
    1609 1616 1624 1632 1639 1647 1663 1671 1680 1688 1688 1696 1713
    1722 1722 3092 3092 3092 3092 3092 3092 1594 1594 1594 1586 1579
    1572 1564 1564 1564 1557 1550 1543 1543 1543 1543 1543 1550 1557
    1564 1564 1572 1579 1586 1594 1601 1601 1616 1624 1632 1639 1647
    1655 1663 1680 1688 1688 1696 1705 1722 1722 3092 3092 3092 3092
    3092 3092 1594 1594 1586 1586 1579 1572 1564 1564 1557 1557 1543
    1543 1536 1536 1536 1543 1543 1550 1557 1564 1564 1572 1586 1594
    1594 1601 1616 1624 1632 1632 1639 1655 1663 1671 1688 1688 1696
    1705 1722 1722 3092 3092 3092 3092 3092 1594 1594 1594 1586 1586
    1579 1572 1564 1564 1550 1550 1543 1543 1536 1536 1536 1543 1543
    1550 1557 1564 1564 1572 1579 1594 1594 1601 1609 1624 1624 1632
    1632 1655 1663 1671 1688 1696 1696 1705 1713 1713 3064 3064 3064
    3064 3064 1586 1586 1586 1586 1586 1579 1572 1564 1557 1550 1550
    1543 1543 1536 1536 1536 1543 1543 1550 1557 1564 1564 1572 1579
    1594 1594 1601 1609 1624 1624 1632 1632 1655 1663 1671 1680 1688
    1696 1705 1713 1713 3037 3037 3064 3064 3064 1579 1579 1579 1579
    1579 1579 1572 1564 1557 1550 1543 1536 1536 1536 1536 1536 1543
    1543 1550 1550 1564 1564 1572 1579 1594 1594 1601 1609 1616 1624
    1632 1639 1655 1663 1663 1680 1688 1696 1705 1713 1713 3037 3037
    3064 3064 3064 1586 1579 1579 1579 1572 1572 1564 1557 1550 1543
    1543 1536 1536 1529 1529 1536 1536 1543 1543 1550 1557 1564 1572
    1579 1594 1594 1601 1609 1616 1624 1632 1655 1663 1663 1663 1671
    1688 1688 1696 1713 1713 3037 3037 3064 3064 3064 1586 1586 1586
    1579 1572 1572 1564 1557 1550 1543 1536 1536 1529 1529 1529 1529
    1536 1543 1543 1543 1557 1572 1572 1586 1594 1594 1601 1609 1616
    1624 1632 1647 1655 1663 1663 1671 1688 1688 1696 1696 4582 3037
    3037 3037 3064 3064 1564 1564 1572 1572 1564 1564 1557 1550 1543
    1543 1536 1529 1529 1529 1529 1529 1536 1536 1543 1543 1557 1572
    1572 1579 1586 1594 1601 1609 1624 1624 1632 1639 1655 1663 1663
    1671 1680 1688 1696 1696 4842 3064 3037 3037 3092 3092 1564 1564
    1572 1572 1564 1564 1557 1543 1543 1543 1536 1529 1523 1523 1523
    1523 1529 1536 1543 1543 1557 1564 1572 1579 1586 1594 1601 1609
    1624 1624 1632 1639 1655 1655 1663 1671 1680 1688 1688 4842 4842
    3064 3064 3064 3064 3064 1586 1579 1579 1572 1564 1564 1550 1543
    1543 1543 1536 1529 1516 1516 1523 1523 1529 1536 1543 1543 1550
    1564 1572 1579 1586 1594 1601 1609 1624 1624 1632 1639 1655 1655
    1663 1671 1680 1688 1688 4842 4842 3064 3064 3064 3064 3064 1586
    1579 1572 1564 1564 1564 1550 1543 1543 1536 1529 1523 1516 1516
    1523 1523 1529 1536 1543 1543 1550 1564 1572 1579 1579 1594 1601
    1609 1616 1624 1632 1639 1655 1655 1663 1663 1680 1680 1688 1688
    4645 3064 3064 3037 3037 1601 1586 1579 1572 1564 1564 1557 1550
    1543 1543 1536 1529 1523 1516 1516 1516 1523 1523 1536 1536 1543
    1550 1564 1564 1572 1579 1594 1601 1609 1616 1624 1639 1647 1655
    1655 1663 1663 1680 1680 1688 1688 4582 3064 3064 3037 3037 1586
    1579 1572 1564 1564 1557 1550 1543 1543 1543 1529 1516 1516 1516
    1516 1516 1523 1523 1536 1536 1543 1550 1564 1564 1572 1579 1594
    1601 1609 1616 1624 1639 1647 1655 1655 1663 1663 1680 1680 1680
    4582 4582 3064 3064 3037 3037 1579 1572 1572 1564 1557 1550 1543
    1543 1543 1536 1523 1516 1516 1516 1516 1516 1523 1529 1536 1536
    1550 1550 1564 1564 1572 1579 1594 1601 1609 1616 1624 1632 1647
    1655 1655 1663 1663 1671 1680 1680 4582 4582 3037 3064 3064 3064
    1572 1572 1564 1557 1550 1550 1543 1543 1543 1536 1523 1516 1516
    1516 1516 1516 1523 1529 1536 1536 1543 1557 1564 1564 1572 1579
    1594 1601 1609 1616 1624 1632 1647 1655 1655 1663 1663 1671 1680
    1680 4582 4582 3037 3064 3064 3064 1564 1564 1564 1550 1550 1543
