<?xml version="1.0"?>
<opencv_storage>
<Depth5751 type_id="opencv-matrix">
  <rows>79</rows>
  <cols>46</cols>
  <dt>w</dt>
  <data>
    5210 5210 5210 5210 5291 5291 5374 5291 5291 5291 5291 5291 5374
    5460 5460 5460 5548 5548 1365 1365 1365 1365 1359 1359 1354 1354
    1354 1359 1359 1354 5374 5374 5374 5374 5291 5291 5291 5210 5210
    5210 5132 5056 4983 4983 4983 4983 5210 5132 5132 5210 5291 5291
    5291 1398 1392 1392 1398 1398 1392 1387 1381 1381 1381 1370 1365
    1365 1365 1365 1359 1359 1354 1349 1349 1354 1354 1354 5374 5374
    5374 5374 5291 5291 5291 5291 5210 5210 5132 5056 4983 4983 4983
    4983 5132 5132 5132 5210 5210 5374 5291 1398 1392 1392 1392 1387
    1387 1387 1381 1381 1376 1370 1370 1365 1365 1359 1359 1354 1354
    1349 1349 1354 1354 1359 1365 1365 5374 5374 5291 5291 5291 5291
    5210 5210 5132 5056 4983 4983 4983 4983 5132 5132 5132 5132 5132
    1404 1398 1398 1392 1392 1392 1387 1387 1381 1381 1376 1370 1370
    1365 1365 1359 1354 1354 1349 1349 1349 1349 1354 1354 1359 1365
    1365 1398 5291 5291 5291 5291 5291 5210 5210 5132 5056 5056 4983
    4983 4911 5132 5132 5132 5132 0 1404 1404 1398 1392 1392 1392 1387
    1387 1376 1376 1370 1370 1365 1365 1365 1354 1349 1349 1349 1349
    1349 1349 1354 1359 1365 1376 1392 1398 1404 1404 5291 5291 5210
    5132 5132 5132 5056 4983 4983 4983 4911 5132 5132 5132 5132 0 1404
    1404 1398 1398 1392 1387 1381 1381 1376 1370 1370 1365 1365 1365
    1354 1354 1349 1349 1349 1343 1343 1349 1354 1359 1370 1376 1381
    1398 1404 1421 1421 1421 5210 5132 5132 5132 5056 4983 4983 4983
    4983 5210 5210 5210 5210 0 1392 1392 1392 1392 1392 1387 1381 1381
    1370 1370 1370 1365 1365 1354 1354 1349 1349 1343 1343 1343 1343
    1343 1354 1359 1370 1376 1376 1410 1410 1421 1421 1421 1421 1439
    5056 5056 4983 4983 4983 4983 4911 5210 5210 5210 0 0 0 1392 1392
    1387 1387 1387 1381 1376 1370 1370 1370 1365 1359 1354 1349 1349
    1349 1343 1343 1343 1343 1343 1354 1365 1370 1376 1376 1387 1415
    1427 1427 1427 1439 1439 5056 5056 4983 4983 4983 4983 4911 5210
    5210 5210 0 0 0 1387 1387 1387 1387 1381 1381 1376 1370 1370 1370
    1365 1354 1349 1349 1349 1349 1343 1343 1343 1343 1343 1354 1365
    1370 1376 1376 1387 1410 1421 1427 1433 1439 1464 1464 4983 4983
    4983 4983 4983 4911 5210 5210 5291 0 0 0 1387 1387 1387 1381 1376
    1376 1370 1370 1365 1365 1354 1354 1349 1349 1349 1343 1343 1343
    1338 1338 1343 1354 1365 1370 1376 1376 1387 1404 1415 1427 1439
    1445 1464 1470 1470 4983 4983 4911 4911 4911 5210 5210 5291 0 0 0
    1398 1387 1387 1381 1376 1370 1365 1365 1365 1359 1354 1349 1349
    1349 1343 1343 1338 1338 1338 1338 1343 1354 1365 1370 1376 1387
    1392 1404 1410 1427 1439 1445 1464 1470 1489 1489 4911 4911 4911
    4911 5210 5210 5210 0 0 0 1398 1387 1381 1376 1370 1370 1365 1365
    1359 1359 1354 1349 1349 1343 1343 1338 1333 1328 1328 1328 1338
    1349 1359 1365 1376 1387 1392 1404 1410 1427 1439 1445 1458 1470
    1483 1483 1496 4911 4911 4911 5132 5132 5132 0 0 0 1387 1381 1376
    1370 1370 1365 1365 1359 1359 1354 1349 1349 1343 1343 1338 1338
    1333 1328 1328 1328 1328 1349 1359 1365 1370 1381 1392 1404 1415
    1427 1439 1445 1452 1464 1477 1496 1496 1523 1523 4911 5132 5132
    5132 0 0 0 1387 1370 1370 1370 1365 1365 1365 1359 1354 1349 1349
    1343 1343 1343 1338 1333 1328 1328 1328 1328 1328 1343 1359 1365
    1370 1381 1392 1404 1415 1421 1433 1445 1452 1464 1477 1489 1496
    1509 1523 1523 5132 5132 5132 0 0 0 1376 1370 1370 1370 1365 1365
    1365 1354 1354 1349 1343 1343 1338 1338 1333 1333 1328 1328 1328
    1328 1328 1343 1354 1359 1370 1376 1392 1404 1415 1421 1433 1445
    1458 1464 1477 1489 1496 1503 1509 1509 5056 5132 5132 0 0 0 1376
    1370 1370 1370 1365 1365 1365 1354 1349 1343 1343 1343 1338 1333
    1333 1328 1328 1328 1328 1328 1328 1343 1354 1359 1370 1376 1387
    1398 1415 1421 1433 1445 1458 1464 1477 1489 1496 1503 1509 1509
    5056 5056 5056 0 0 0 1376 1370 1370 1365 1365 1359 1359 1354 1349
    1343 1343 1338 1333 1328 1328 1328 1322 1322 1322 1328 1328 1343
    1354 1359 1370 1376 1387 1398 1415 1421 1427 1439 1458 1464 1470
    1489 1496 1503 1509 1509 4983 4983 4983 0 0 0 1370 1370 1365 1365
    1365 1359 1354 1349 1343 1343 1338 1338 1333 1328 1328 1322 1322
    1322 1322 1328 1328 1343 1354 1359 1370 1376 1387 1398 1410 1421
    1427 1439 1458 1464 1470 1483 1496 1509 1509 1509 4983 4911 4911 0 0
    0 1370 1370 1365 1365 1365 1359 1354 1349 1343 1343 1338 1333 1328
    1328 1322 1322 1322 1322 1322 1322 1328 1338 1354 1359 1370 1376
    1387 1392 1410 1421 1427 1439 1458 1464 1470 1477 1496 1509 1509
    1509 4983 4911 4911 0 0 0 1370 1370 1365 1365 1359 1354 1349 1349
    1343 1338 1333 1333 1328 1328 1322 1322 1317 1317 1317 1322 1328
    1338 1349 1359 1370 1376 1387 1392 1410 1415 1427 1439 1458 1464
    1470 1477 1496 1503 1509 1509 4983 4911 4911 0 0 0 1365 1365 1365
    1359 1359 1354 1349 1349 1343 1338 1333 1328 1328 1322 1322 1317
    1312 1312 1312 1317 1322 1338 1349 1354 1370 1376 1387 1398 1410
    1415 1421 1439 1452 1464 1470 1477 1496 1496 1503 1503 5132 5210
    5210 0 0 0 1359 1359 1359 1359 1354 1354 1349 1343 1343 1333 1333
    1328 1322 1322 1322 1317 1312 1312 1312 1312 1322 1338 1349 1354
    1365 1376 1381 1398 1410 1415 1421 1427 1445 1464 1470 1477 1496
    1496 1503 1503 5132 5210 5210 0 0 0 1359 1359 1354 1349 1349 1349
    1343 1338 1338 1333 1328 1328 1322 1322 1317 1317 1312 1312 1312
    1312 1317 1338 1349 1354 1365 1370 1381 1392 1410 1415 1415 1427
    1445 1458 1470 1477 1496 1496 1503 1503 4983 0 4983 0 0 0 1354 1354
    1354 1349 1343 1343 1338 1333 1333 1328 1328 1328 1322 1317 1317
    1312 1307 1307 1307 1312 1317 1338 1349 1354 1359 1370 1376 1392
    1410 1415 1415 1427 1439 1458 1470 1483 1496 1496 1503 1503 4983 0 0
    0 1349 0 1354 1354 1349 1343 1343 1338 1333 1333 1333 1328 1328 1322
    1322 1317 1317 1307 1307 1307 1307 1312 1317 1338 1349 1354 1359
    1365 1376 1392 1404 1415 1415 1427 1439 1458 1470 1483 1496 1496
    1496 1496 4911 0 0 0 0 1349 1349 1349 1349 1343 1343 1338 1333 1328
    1328 1328 1322 1322 1317 1317 1312 1307 1307 1307 1307 1307 1317
    1333 1343 1354 1359 1365 1376 1392 1404 1415 1415 1427 1439 1458
    1464 1489 1496 1496 1496 1496 4911 0 0 0 0 1349 1349 1349 1343 1343
    1338 1333 1328 1328 1328 1328 1322 1322 1317 1312 1312 1307 1307
    1307 1307 1307 1317 1333 1338 1349 1359 1370 1376 1392 1398 1410
    1415 1427 1445 1458 1464 1483 1489 1496 1496 1496 4911 0 0 0 0 1349
    1349 1343 1343 1343 1338 1333 1328 1328 1322 1322 1317 1312 1307
    1307 1307 1307 1302 1302 1302 1307 1317 1328 1333 1343 1359 1370
    1376 1392 1398 1410 1415 1427 1445 1458 1464 1477 1489 1496 1496
    1496 4911 0 0 0 0 1343 1343 1343 1343 1338 1338 1333 1328 1328 1322
    1317 1317 1312 1307 1307 1302 1302 1297 1297 1302 1307 1312 1328
    1333 1333 1365 1370 1376 1387 1398 1410 1427 1427 1439 1458 1464
    1477 1483 1496 1496 1496 0 0 0 0 0 1343 1343 1343 1338 1338 1333
    1328 1328 1322 1322 1317 1312 1307 1307 1302 1302 1297 1297 1297
    1297 1302 1312 1322 1333 1333 1354 1370 1376 1387 1398 1404 1427
    1427 1439 1458 1464 1477 1483 1496 1496 1496 0 0 0 0 0 1343 1343
    1343 1338 1333 1328 1328 1322 1322 1317 1312 1307 1307 1302 1302
    1302 1297 1297 1297 1297 1302 1312 1322 1333 1338 1349 1365 1370
    1387 1392 1398 1421 1421 1433 1458 1464 1477 1483 1496 1496 1496 0 0
    0 0 0 1343 1343 1338 1333 1333 1328 1322 1322 1317 1317 1312 1307
    1307 1302 1302 1297 1297 1292 1292 1297 1302 1307 1322 1333 1343
    1343 1359 1370 1387 1392 1398 1421 1421 1433 1445 1464 1477 1483
    1483 1483 4708 0 0 0 0 0 1338 1338 1333 1328 1328 1328 1322 1317
    1317 1312 1307 1307 1302 1302 1297 1297 1297 1292 1292 1297 1302
    1307 1322 1333 1343 1343 1359 1365 1387 1392 1398 1421 1421 1433
    1445 1464 1477 1483 1483 0 4708 0 0 0 0 0 1328 1328 1328 1328 1328
    1322 1317 1312 1312 1307 1307 1307 1302 1302 1297 1297 1292 1292
