<?xml version="1.0"?>
<opencv_storage>
<Depth17735 type_id="opencv-matrix">
  <rows>10</rows>
  <cols>18</cols>
  <dt>w</dt>
  <data>
    4089 4089 4139 4190 4241 4241 4241 4190 4190 4139 4139 4190 4190
    4241 4349 4349 4241 4241 4139 4139 4190 4190 4241 4241 4241 4295
    4241 4241 4241 4241 4241 4241 4349 4349 4295 4241 4190 4190 4241
    4241 4295 4295 4295 4295 4295 4295 4295 4295 4295 4295 4349 4349
    4295 4241 4295 4295 4295 4295 4295 4295 4295 4295 4295 4295 4295
    4295 4295 4295 4295 4295 4295 4241 4295 4295 4295 4295 4295 4295
    4295 4295 4295 4295 4295 4241 4241 4295 4295 4295 4295 4241 4241
    4241 4295 4295 4295 4295 4241 4241 4295 4295 4295 4241 4241 4295
    4295 4295 4241 4241 4241 4241 4241 4241 4241 4241 4241 4241 4241
    4295 4241 4241 4241 4295 4295 4295 4241 4241 0 4241 4241 4241 4241
    4241 4241 4241 4241 4241 4241 4241 4241 4295 4295 4295 4241 4241 0 0
    0 0 4241 4241 4241 4241 4241 4241 4241 4241 4241 4295 4295 4295 4241
    4241 0 0 0 0 0 4241 4241 4241 4190 4190 4241 4241 4241 4241 4295
    4295 4241 4241</data></Depth17735>
</opencv_storage>
