<?xml version="1.0"?>
<opencv_storage>
<Depth12703 type_id="opencv-matrix">
  <rows>6</rows>
  <cols>13</cols>
  <dt>w</dt>
  <data>
    6259 6259 6259 6375 6375 6375 6259 6259 6146 6146 6146 6146 6259
    6146 6259 6259 6259 6259 6259 6259 6146 6146 6146 6146 6146 6146
    6146 6259 6259 6259 6146 6146 6146 6146 6146 6146 6038 6038 6146
    6146 6146 6146 6146 6146 6146 6146 6146 6038 6038 5933 5933 6146
    6146 6146 6038 6038 6038 6038 6038 6146 6038 6038 5933 5933 5933
    6146 6038 5933 5933 6038 6038 6038 6146 6146 6038 4405 4405 4405</data></Depth12703>
</opencv_storage>
