<?xml version="1.0"?>
<opencv_storage>
<Depth12546 type_id="opencv-matrix">
  <rows>38</rows>
  <cols>56</cols>
  <dt>w</dt>
  <data>
    1936 1936 1936 1936 1936 1936 1936 1936 6259 6259 1926 1926 1936
    6259 2271 1915 1915 2256 2256 2256 2256 2256 2256 2226 2226 2226
    2212 2212 2212 2212 2212 6038 6038 5933 5933 5933 5933 5832 5832
    5832 5832 5734 5734 5734 5734 5734 5734 5640 5640 5640 4774 4774
    4774 4774 4774 4774 1936 1936 1936 1936 1936 1936 1936 1936 1936
    1915 1915 1926 1926 1926 1926 1915 1915 1915 1915 1904 1894 1894
    1894 1873 1873 1873 1873 1873 1873 1863 1863 1863 6038 5832 5832
    5933 5933 5832 5832 5832 5832 5734 5734 5734 5734 5734 5734 5640
    5640 5640 4774 4708 4708 4708 4708 4708 1947 1947 1936 1936 1936
    1936 1936 1936 1936 1915 1915 1915 1904 1904 1915 1915 1915 1915
    1915 1904 1894 1894 1894 1873 1873 1873 1873 1873 1873 1863 1863
    1863 1863 1863 1853 1853 1853 1853 1853 5832 5832 5832 5832 5832
    5832 5734 5734 5548 5548 5640 4842 4582 1833 1823 1823 4708 1947
    1936 1936 1926 1926 1936 1936 1936 1926 1915 1915 1915 1904 1904
    1915 1915 1915 1915 1915 1904 1904 1894 1883 1883 1883 1883 1883
    1873 1873 1873 1873 1873 1863 1863 1853 1853 1853 1853 1853 1853
    1843 1843 1833 1833 1833 1823 1823 5548 5548 5548 1823 1823 1823
    1823 1823 1823 1936 1936 1936 1926 1926 1936 1926 1926 1915 1915
    1904 1904 1904 1904 1915 1915 1915 1904 1904 1904 1904 1883 1883
    1883 1873 1873 1883 1873 1873 1873 1873 1873 1873 1853 1853 1853
    1853 1853 1853 1853 1843 1843 1833 1833 1833 1823 1823 1823 1823
    1823 1823 1823 1823 1823 1823 1823 1936 1936 1936 1936 1936 1936
    1926 1926 1915 1904 1904 1904 1904 1904 1915 1904 1904 1904 1904
    1894 1894 1883 1883 1883 1873 1873 1883 1873 1873 1873 1873 1873
    1863 1853 1853 1853 1853 1853 1853 1853 1843 1833 1833 1833 1833
    1833 1823 1823 1823 1823 1823 1823 1823 1823 1823 1823 1936 1936
    1936 1936 1936 1936 1926 1926 1915 1904 1904 1904 1904 1904 1915
    1904 1904 1904 1904 1894 1894 1883 1883 1883 1873 1873 1873 1873
    1873 1873 1873 1863 1863 1853 1853 1853 1843 1843 1853 1843 1833
    1833 1833 1833 1833 1833 1833 1833 1823 1823 1823 1823 1823 1813
    1813 1813 1936 1936 1936 1936 1926 1926 1926 1915 1915 1904 1904
    1904 1904 1904 1904 1904 1904 1904 1894 1894 1894 1883 1883 1883
    1873 1873 1873 1873 1873 1873 1873 1863 1853 1853 1853 1853 1843
    1843 1843 1843 1833 1833 1833 1833 1833 1833 1823 1823 1823 1813
    1813 1813 1813 1813 1804 1804 1936 1936 1936 1936 1926 1926 1915
    1915 1904 1904 1904 1904 1894 1894 1904 1904 1904 1904 1894 1894
    1894 1883 1883 1883 1873 1873 1873 1873 1873 1873 1873 1863 1853
    1853 1853 1843 1843 1843 1843 1833 1833 1833 1833 1833 1833 1833
    1823 1823 1823 1813 1813 1804 1804 1804 1804 1804 1936 1936 1936
    1936 1926 1926 1915 1915 1904 1904 1904 1904 1894 1894 1904 1904
    1894 1894 1894 1894 1894 1883 1873 1873 1873 1873 1873 1873 1873
    1873 1863 1863 1853 1853 1853 1843 1843 1843 1833 1833 1833 1833
    1833 1833 1833 1823 1823 1823 1823 1813 1813 1804 1804 1804 1794
    1794 1947 1936 1936 1926 1926 1926 1915 1904 1904 1904 1904 1894
    1894 1894 1904 1904 1894 1894 1894 1894 1894 1883 1873 1873 1873
    1873 1873 1873 1873 1863 1863 1863 1853 1853 1853 1843 1843 1833
    1833 1833 1833 1833 1833 1833 1833 1823 1823 1823 1823 1804 1804
    1794 1794 1794 1794 1794 1947 1936 1936 1926 1926 1926 1915 1904
    1904 1904 1904 1894 1894 1894 1904 1904 1894 1894 1894 1894 1894
    1883 1873 1873 1873 1873 1873 1873 1863 1863 1863 1853 1853 1853
    1843 1843 1833 1833 1833 1833 1833 1833 1833 1833 1833 1823 1823
    1823 1813 1804 1804 1794 1794 1794 1794 1794 1936 1936 1926 1926
    1915 1915 1904 1904 1904 1904 1904 1904 1894 1894 1904 1904 1894
    1894 1894 1894 1894 1883 1873 1873 1873 1873 1873 1863 1863 1863
    1853 1853 1853 1853 1843 1833 1833 1833 1833 1833 1833 1833 1833
    1833 1823 1823 1823 1823 1813 1804 1804 1794 1794 1794 1794 1794
    1936 1926 1926 1904 1904 1904 1904 1904 1904 1904 1904 1894 1894
    1894 1904 1904 1894 1883 1883 1883 1883 1873 1873 1873 1873 1863
    1863 1863 1863 1863 1853 1853 1853 1843 1843 1833 1833 1833 1833
    1833 1823 1823 1823 1823 1823 1823 1823 1823 1813 1794 1794 1794
    1794 1794 1794 1794 1926 1926 1926 1904 1904 1904 1904 1904 1894
    1894 1894 1894 1894 1894 1904 1904 1883 1883 1883 1883 1873 1873
    1873 1873 1863 1863 1863 1853 1853 1853 1853 1853 1853 1843 1833
    1833 1833 1833 1833 1833 1823 1823 1823 1823 1823 1823 1823 1823
    1813 1794 1794 1794 1794 1794 1794 1794 1915 1915 1915 1904 1904
    1904 1904 1904 1894 1894 1894 1894 1894 1894 1904 1894 1883 1883
    1873 1873 1873 1873 1873 1863 1863 1863 1853 1853 1853 1843 1843
    1843 1843 1843 1833 1833 1833 1833 1833 1833 1823 1823 1823 1823
    1823 1823 1823 1813 1804 1794 1794 1794 1794 1794 1794 1794 1915
    1915 1915 1904 1904 1894 1894 1894 1894 1894 1894 1894 1894 1894
    1894 1894 1883 1883 1873 1873 1873 1873 1873 1863 1863 1863 1853
    1853 1843 1843 1843 1843 1843 1843 1833 1833 1833 1833 1833 1833
    1823 1823 1823 1823 1813 1813 1813 1804 1794 1794 1794 1794 1794
    1794 1794 1794 1904 1904 1904 1904 1904 1894 1894 1894 1894 1894
    1894 1883 1883 1894 1894 1883 1883 1873 1873 1873 1863 1863 1863
    1863 1863 1863 1853 1853 1843 1843 1843 1843 1843 1843 1833 1833
    1823 1823 1823 1823 1823 1823 1823 1823 1813 1813 1813 1804 1794
    1794 1794 1794 1794 1794 1794 1794 1904 1904 1904 1904 1904 1894
    1894 1894 1894 1894 1894 1883 1883 1883 1883 1883 1883 1873 1873
    1873 1863 1863 1863 1863 1863 1853 1853 1853 1853 1843 1843 1843
    1833 1833 1833 1833 1823 1823 1823 1823 1823 1823 1813 1813 1813
    1804 1804 1794 1794 1794 1794 1794 1794 1794 1785 1785 1915 1915
    1904 1904 1894 1894 1894 1894 1894 1894 1883 1883 1873 1873 1873
    1873 1873 1873 1873 1873 1863 1863 1863 1863 1863 1853 1853 1853
    1843 1843 1843 1833 1833 1833 1823 1823 1823 1823 1823 1823 1823
    1813 1813 1804 1804 1804 1804 1794 1794 1794 1794 1794 1794 1794
    1785 1785 1915 1915 1904 1904 1894 1894 1894 1894 1894 1883 1883
    1883 1873 1873 1873 1873 1873 1873 1873 1873 1863 1863 1863 1863
    1863 1853 1843 1843 1843 1843 1843 1833 1833 1833 1823 1823 1823
    1823 1823 1823 1823 1813 1804 1804 1804 1804 1794 1794 1794 1794
    1794 1785 1785 1785 1794 1794 1904 1904 1904 1904 1894 1894 1894
    1894 1883 1883 1873 1873 1873 1873 1873 1873 1873 1873 1873 1873
    1863 1863 1863 1863 1863 1853 1843 1843 1843 1843 1843 1833 1833
    1833 1823 1823 1823 1823 1823 1823 1823 1804 1804 1794 1794 1794
    1794 1794 1794 1794 1794 1785 1785 1785 1785 1794 1904 1904 1904
    1904 1894 1894 1894 1883 1883 1883 1873 1873 1873 1873 1873 1873
    1873 1873 1863 1863 1863 1863 1863 1863 1863 1853 1843 1843 1833
    1833 1833 1833 1833 1833 1823 1823 1823 1823 1813 1813 1813 1804
    1804 1794 1794 1794 1794 1794 1794 1794 1794 1785 1785 1785 1785
    1794 1904 1904 1904 1894 1894 1894 1894 1883 1883 1883 1873 1873
    1873 1873 1873 1873 1873 1863 1863 1863 1863 1863 1863 1863 1853
    1853 1843 1843 1833 1833 1833 1833 1823 1823 1823 1823 1813 1813
    1804 1804 1804 1804 1804 1804 1804 1794 1794 1785 1785 1785 1785
    1785 1785 1785 1785 1794 1904 1904 1894 1894 1894 1894 1883 1883
    1883 1883 1873 1873 1863 1863 1873 1873 1873 1863 1863 1863 1853
    1853 1853 1853 1853 1843 1833 1833 1833 1833 1833 1823 1823 1823
    1823 1823 1813 1813 1804 1804 1804 1804 1804 1804 1804 1794 1794
    1785 1785 1785 1785 1785 1785 1785 1785 1785 1904 1904 1894 1894
    1894 1883 1883 1883 1883 1873 1873 1873 1863 1863 1873 1873 1873
    1863 1863 1863 1853 1853 1853 1853 1853 1843 1833 1833 1823 1823
    1823 1823 1823 1823 1823 1823 1813 1813 1813 1804 1804 1804 1804
    1794 1794 1794 1794 1794 1785 1785 1785 1785 1785 1785 1785 1785
    1904 1894 1894 1894 1894 1883 1883 1883 1873 1873 1873 1863 1863
    1863 1863 1863 1863 1863 1863 1863 1853 1853 1853 1843 1843 1833
