<?xml version="1.0"?>
<opencv_storage>
<Depth2796 type_id="opencv-matrix">
  <rows>50</rows>
  <cols>34</cols>
  <dt>w</dt>
  <data>
    0 0 0 0 2723 2723 2701 2680 2680 5056 4983 4983 4911 4911 4911 4911
    4911 4911 4983 4911 4911 4911 4911 4911 4911 4911 4911 4911 4842
    4842 4774 4774 4774 4774 0 0 2723 2723 2701 2701 2680 2659 2659 2659
    2659 4911 4911 4911 4911 4911 4911 4911 4983 4911 4911 4911 4911
    4911 4911 4911 4911 4911 4842 4842 4774 4774 4774 4774 5374 5374
    2723 2723 2701 2701 2680 2659 2659 2659 2639 2639 4842 4842 4911
    4911 4911 4911 4983 4911 4911 4911 4911 4911 4911 4911 4911 4911
    4842 4842 4774 4774 4774 4774 5374 0 2723 2723 2701 2680 2680 2680
    2680 2659 2639 2639 2680 4842 4842 4911 4911 4911 4983 4983 4983
    4911 4911 4911 4911 4911 4911 4911 4842 4842 4774 4774 4774 4774
    2744 2723 2723 2723 2701 2680 2680 2680 2680 2680 2659 2659 2680
    4708 4708 4911 4911 4911 4983 4911 4911 4911 4911 4911 4911 4911
    4911 4911 4842 4842 4842 4842 4774 4774 2680 2701 2701 2701 2701
    2680 2680 2680 2680 2680 2680 2680 2680 4708 4708 4911 4911 4911
    4983 4911 4911 4911 4911 4983 4983 4911 4911 4911 4911 4911 4911
    4911 4842 4774 2659 2701 2701 2701 2701 2701 2701 2701 2701 2701
    2680 2680 2680 2680 4842 4911 4983 4983 4983 4983 4911 4911 4911
    4911 4983 4911 4911 4911 4911 4911 4911 4911 4842 4774 2659 2701
    2701 2701 2701 2701 2701 2701 2701 2701 2680 2680 2659 2659 4983
    4983 4983 4983 4983 4983 4983 4983 4911 4911 4983 4983 4911 4911
    4911 4842 4842 4911 4842 4842 2680 2701 2701 2701 2701 2701 2701
    2701 2701 2701 2701 2659 2639 2639 2639 5056 4983 4983 4983 4983
    4983 4983 4911 4911 4983 4983 4911 4911 4842 4842 4842 4842 4842
    4842 2701 2701 2701 2701 2701 2701 2701 2701 2701 2701 2701 2659
    2618 2618 2618 5056 4983 4983 4983 4983 4983 4983 4983 4983 4911
    4911 4911 4911 4842 4842 4842 4842 4842 4842 2701 2701 2701 2701
    2701 2701 2701 2701 2701 2701 2680 2639 2618 2618 2618 5056 4983
    4983 4983 4983 4983 4983 4983 4983 4911 4911 4911 4911 4911 4842
    4842 4842 4842 4842 2701 2701 2701 2701 2701 2701 2701 2701 2701
    2680 2639 2618 2618 2598 2598 5056 4983 4983 4983 4983 4983 4983
    4983 4983 4911 4911 4911 4911 4911 4842 4842 4842 4842 4842 5210
    2723 2723 2701 2701 2701 2701 2701 2701 2659 2639 2618 2618 2598
    2598 2618 4983 4983 4983 4983 4983 4983 4983 4983 4911 4911 4911
    4911 4911 4911 4842 4842 4842 4842 5210 2723 2723 2701 2680 2680
    2659 2659 2659 2639 2618 2618 2618 2618 2618 2618 2659 5132 4983
    4983 4983 4983 4983 4983 4911 4911 4911 4911 4911 4911 4911 4911
    4842 4842 5210 5210 5210 2701 2659 2659 2659 2659 2639 2639 2618
    2618 2618 2618 2618 2618 2639 2659 2680 4983 4983 4983 4983 4983
    4911 4911 4911 4911 4911 4911 4911 4911 4911 4842 5210 5210 5210
    5132 2639 2639 2639 2639 2639 2639 2639 2618 2618 2618 2618 2618
    2639 2659 2659 2701 2723 4911 4911 4983 4983 4911 4911 4911 4911
    4911 4911 4911 4911 4842 5210 5210 5210 5210 2639 2639 2639 2639
    2639 2639 2618 2618 2618 2618 2618 2618 2639 2639 2639 2659 2659
    4911 4911 4983 4983 4911 4911 4911 4911 4911 4911 4911 4911 4842
    5210 5210 5210 5210 2639 2639 2639 2639 2639 2639 2618 2618 2618
    2618 2618 2618 2639 2639 2639 2659 2659 2701 4983 4983 4983 4911
    4911 4911 4911 4911 4911 4911 4911 4842 5210 5210 5210 5210 2639
    2639 2639 2639 2639 2639 2618 2618 2618 2618 2618 2618 2639 2639
    2639 2659 2680 2701 5056 4983 4983 4983 4983 4911 4911 4911 4911
    4911 4911 4842 5291 5210 5210 5210 5132 2639 2639 2639 2639 2639
    2618 2618 2618 2618 2618 2618 2639 2639 2639 2639 2659 2701 2723
    4983 4983 4983 4983 4983 4911 4911 4911 4911 4911 4842 5291 5210
    5210 5210 5210 5291 2639 2639 2639 2639 2618 2618 2618 2618 2618
    2618 2639 2639 2639 2639 2659 2680 2723 5132 5056 4983 4983 4983
    4911 4911 4911 4911 4774 4774 5291 5210 5210 5210 5210 5132 2639
    2639 2639 2639 2618 2618 2618 2618 2618 2618 2639 2639 2639 2639
    2639 2659 2680 5132 5056 4983 4983 4983 4911 4911 4911 4911 4774
    4774 5291 5210 5210 5210 5210 5132 5132 2639 2639 2639 2639 2618
    2618 2618 2618 2618 2639 2639 2639 2639 2639 2639 2659 2701 2744
    4983 4983 4983 4911 4911 4911 4911 4842 4842 5291 5291 5210 5210
    5210 5132 5132 5132 2659 2639 2639 2618 2618 2618 2618 2618 2639
    2639 2639 2639 2618 2618 2639 2659 2723 2744 4983 4983 4911 4911
    4911 4911 4911 4842 5291 5291 5210 5210 5210 5132 5132 5132 5132
    2618 2618 2618 2618 2618 2618 2618 2639 2639 2639 2639 2618 2618
    2639 2659 2701 2744 2767 4983 4911 4911 4911 4911 4911 4842 5374
    5291 5291 5210 5210 5132 5132 5132 5132 2618 2618 2639 2618 2618
    2618 2618 2639 2639 2639 2639 2639 2639 2639 2659 2701 2744 2767
    2789 4911 4911 4911 4911 4911 4911 5291 5291 5291 5210 5210 5132
    5132 5132 5132 2618 2618 2639 2639 2639 2639 2639 2639 2639 2639
    2639 2639 2639 2639 2639 2659 2723 2767 2767 4911 4911 4911 4911
    4911 4911 5291 5291 5291 5210 5210 5210 5210 5210 5132 2639 2639
    2639 2639 2639 2639 2639 2639 2639 2639 2639 2639 2639 2639 2639
    2639 2659 2723 2744 4911 4911 4911 4911 4911 4911 5374 5291 5291
    5291 5210 5210 5210 5210 5210 2639 2639 2639 2639 2639 2639 2639
    2639 2639 2639 2639 2639 2639 2639 2639 2639 2659 2680 2723 2789
    4911 4911 4911 4911 4911 5374 5291 5291 5291 5291 5291 5291 5210
    5210 5132 2639 2639 2639 2639 2639 2639 2639 2639 2639 2639 2639
    2639 2639 2639 2639 2639 2659 2701 2789 2812 4911 4983 4983 4911
    5460 5374 5374 5291 5291 5291 5210 5210 5210 5132 5132 2639 2639
    2639 2639 2639 2639 2639 2639 2639 2639 2639 2639 2639 2639 2639
    2639 2701 2767 2789 4983 4983 4983 4911 5460 5374 5374 5374 5210
    5210 5210 5210 5210 5210 5210 2659 2639 2639 2639 2639 2639 2639
    2639 2639 2639 2639 2639 2639 2639 2639 2639 2701 2701 2744 4983
    4983 4983 4911 5374 5374 5374 5374 5210 5210 5210 5210 5210 5210
    5210 5210 2659 2639 2639 2639 2639 2639 2639 2639 2639 2639 2639
    2639 2639 2639 2639 2659 2701 2701 4983 4983 4983 4911 5374 5374
    5374 5374 5210 5210 5210 5210 5210 5210 5210 5210 5210 2639 2639
    2639 2639 2639 2639 2639 2639 2639 2639 2618 2618 2618 2618 2639
    2639 2680 2701 4983 4983 4983 5374 5374 5374 5374 5291 5210 5210
    5210 5210 5210 5210 5210 5210 5210 2618 2618 2639 2659 2639 2639
    2639 2639 2618 2618 2618 2618 2618 2618 2639 2639 2701 4983 4983
    4983 5374 5374 5374 5374 5374 5291 5210 5210 5210 5210 5210 5210
    5210 5210 2618 2618 2639 2659 2639 2639 2639 2639 2618 2618 2618
    2618 2618 2618 2618 2618 2639 2701 4983 4911 5374 5374 5374 5374
    5374 5291 5291 5210 5210 5210 5210 5210 5210 5210 5210 2659 2659
    2659 2639 2639 2639 2618 2618 2618 2618 2618 2639 2639 2618 2618
    2639 2639 2639 4842 5374 5374 5374 5374 5374 5291 5291 5210 5210
    5210 5210 5210 5210 5210 5210 2659 2659 2659 2639 2639 2639 2618
    2618 2618 2618 2618 2618 2618 2618 2618 2618 2618 4582 4582 5374
    5374 5374 5374 5374 5291 5291 5210 5210 5210 5210 5210 5210 5210
    5132 5132 2659 2659 2639 2639 2639 2618 2618 2639 2618 2618 2618
    2618 2618 2618 2618 2618 4522 4522 5460 5374 5374 5374 5374 5291
    5291 5210 5210 5210 5210 5210 5210 5132 5132 5132 5132 2659 2639
    2639 2639 2618 2618 2639 2639 2618 2618 2618 2618 2618 2618 2618
    2618 4522 5460 5374 5374 5374 5374 5374 5374 5291 5210 5210 5210
    5210 5210 5132 5132 5132 5132 5132 2639 2639 2639 2639 2639 2639
    2639 2618 2618 2618 2618 2618 2618 2618 2618 2618 5460 5374 5374
    5374 5374 5374 5374 5291 5210 5210 5210 5210 5210 5210 5210 5132
    5132 5132 2659 2659 2639 2639 2639 2639 2639 2618 2618 2618 2618
    2618 2618 2618 2618 2618 5460 5460 5374 5374 5374 5374 5374 5291
    5210 5210 5210 5210 5210 5210 5210 5210 5210 5210 2680 2659 2659
    2639 2639 2639 2639 2639 2618 2618 2618 2618 2618 2618 2618 2639
    5460 5460 5460 5460 5460 5374 5374 5291 5210 5210 5210 5210 5210
