<?xml version="1.0"?>
<opencv_storage>
<Depth0790 type_id="opencv-matrix">
  <rows>13</rows>
  <cols>27</cols>
  <dt>w</dt>
  <data>
    4241 4241 4241 4241 4241 4241 4241 4241 4241 3503 3503 3468 3468
    3468 3468 3468 3433 3433 3468 4190 4190 4190 4190 4190 4190 4190
    4190 3503 3503 3503 4241 3468 3468 3503 3503 3503 3503 3503 3468
    3468 3468 3468 3468 3433 3433 3468 3503 3468 3468 4241 4241 4190
    4190 4190 3503 3503 3503 3468 3468 3468 3468 3468 3503 3503 3503
    3468 3468 3468 3468 3468 3468 3468 3468 3468 3468 3468 3468 3468
    3503 3503 3503 3503 3503 3503 3468 3468 3468 3468 3468 3468 3468
    3503 3468 3468 3468 3468 3468 3468 3468 3468 3468 3468 3468 3468
    3468 3503 3503 3503 3503 3503 3503 3503 3468 3468 3433 3433 3468
    3468 3468 3433 3433 3468 3468 3468 3468 3468 3468 3468 3468 3468
    3468 3468 3468 3503 3503 3503 3503 3503 3503 3468 3468 3433 3433
    3468 3468 3468 3433 3433 3468 3468 3468 3468 3468 3468 3468 3433
    3433 3433 3433 3468 3503 3503 3503 3503 3503 3503 3468 3468 3433
    3433 3468 3468 3468 3433 3433 3433 3433 3433 3433 3433 3468 3468
    3433 3433 3433 3433 3468 3468 3468 3503 3468 3468 3503 3468 3468
    3468 3468 3468 3468 3468 3433 3433 3433 3433 3433 3433 3433 3468
    3468 3433 3433 3433 3433 3468 3433 3433 3503 3468 3468 3468 3468
    3468 3468 3468 3468 3468 3468 3468 3433 3433 3433 3433 3433 3433
    3468 3433 3433 3433 3433 3433 3468 3433 3238 3503 3468 3468 3468
    3468 3468 3468 3468 3468 3468 3468 3468 3468 3468 3468 3468 3433
    3433 3468 3433 3433 3433 3433 3433 3468 3269 3178 2659 3503 3503
    3503 3468 3468 3468 3468 3503 3503 3503 3468 3468 3468 3468 3468
    3468 3468 3468 3468 3468 3468 3468 3468 3468 3269 3149 2639 2639
    3503 3468 3468 3433 3433 3468 3468 3503 3503 3503 3433 3399 3399
    3503 3503 3503 3503 3503 3503 3503 3503 3503 3468 3238 3149 1616
    1616 1616 3468 3468 3433 3433 3433 3468 3503 4349 4295 3433 3399
    3399 3503 3503 3503 3503 3503 3503 3503 3503 3503 3238 3178 3149</data></Depth0790>
</opencv_storage>
