<?xml version="1.0"?>
<opencv_storage>
<Depth16570 type_id="opencv-matrix">
  <rows>139</rows>
  <cols>97</cols>
  <dt>w</dt>
  <data>
    2767 2767 2789 2789 2789 2789 2789 2789 2767 2767 2767 2789 2767
    2767 2767 2744 2744 2744 2744 2744 2744 2723 2723 2723 2723 2723
    2723 2723 2723 2723 2723 2723 2723 2723 2701 2701 2701 2701 2680
    2680 2680 2680 2680 2680 2680 2680 2680 2659 2659 2659 2659 2659
    2659 2639 2639 2639 2639 2659 2659 2639 2639 2618 2618 2618 2639
    2639 2639 759 759 759 759 759 761 761 761 762 2618 2618 2618 2598
    2598 2579 2579 2579 2579 2579 2579 2560 2560 2560 2560 2560 2560
    2579 2579 2560 2541 2789 2789 2789 2789 2789 2789 2789 2789 2789
    2767 2767 2789 2767 2767 2767 2744 2744 2744 2744 2744 2723 2723
    2723 2723 2723 2723 2723 2723 2723 2723 2723 2723 2701 2701 2701
    2701 2701 2701 2680 2680 2680 2680 2680 2680 2680 2659 2659 2659
    2659 2659 2659 2659 2659 2639 2639 2639 0 750 750 752 755 755 752
    752 750 750 750 752 759 759 759 759 757 754 750 749 749 747 747 749
    749 749 2598 2579 2579 2579 2579 2560 2560 2560 2560 2560 2560 2579
    2579 2560 2541 2789 2789 2789 2789 2789 2789 2789 2789 2789 2789
    2789 2789 2789 2767 2767 2744 2744 2744 2744 2744 2723 2723 2723
    2723 2723 2723 2723 2723 2723 2723 2723 2723 2701 2701 2701 2701
    2701 2680 2680 2680 2680 2680 2680 2680 2680 2659 2659 2659 2659
    2659 2659 2659 2659 2659 2659 2659 750 750 750 752 755 755 754 749
    749 749 749 749 750 755 755 754 752 750 749 749 749 747 747 749 749
    749 0 749 749 2579 0 2579 2579 2579 2560 2560 2579 2579 2579 2560
    2560 2789 2789 2789 2789 2789 2789 2789 2789 2789 2789 2789 2789
    2789 2767 2744 2744 2744 2744 2767 2744 2723 2723 2723 2723 2723
    2723 2723 2723 2723 2701 2701 2701 2701 2701 2701 2701 2680 2680
    2680 2639 2639 2639 2659 2659 2659 2659 2659 755 755 2659 2659 2659
    2659 2659 2659 750 750 750 750 752 754 752 750 749 749 749 749 749
    749 749 749 750 750 749 749 749 749 749 750 752 749 749 0 0 0 0 0
    2598 2579 2579 2579 2579 2579 2579 2579 2560 2560 2789 2789 2789
    2789 2789 2789 2789 2789 2789 2789 2789 2789 2789 2767 2744 2744
    2744 2744 2744 2744 2723 2723 2723 2723 2723 2723 2701 2701 2701
    2701 2701 2701 2701 2701 2701 2701 2680 2680 2680 2639 2639 2639
    2659 2659 2659 2659 755 755 754 754 750 750 750 742 742 742 749 749
    749 749 750 749 749 747 747 747 747 747 747 747 749 749 749 749 749
    749 749 750 750 752 750 750 0 0 0 0 0 2579 2579 2579 2579 2579 2579
    2579 2579 2560 2560 2812 2789 2789 2789 2789 2789 2789 2812 2789
    2789 2767 2767 2767 2767 2744 2744 2744 2744 2744 2744 2744 2723
    2723 2723 2723 2723 2701 2701 2701 2701 2701 2701 2723 2701 2701
    2701 2701 734 734 734 734 744 744 736 736 736 736 736 742 742 742
    741 741 741 741 742 742 744 744 746 746 746 746 746 746 746 746 747
    747 747 749 749 749 749 749 749 749 752 752 752 752 0 0 0 0 0 0 2579
    2579 2579 2579 2579 2579 2579 2579 2579 2560 2812 2789 2789 2789
    2789 2789 2812 2812 2789 2789 2767 2767 2767 2767 2767 2744 2744
    2767 2767 2767 2744 2744 2744 2723 2723 2723 2701 2701 2701 2701
    2701 2701 739 731 731 731 0 0 734 734 734 744 744 739 736 736 736
    736 741 741 741 741 741 741 741 741 741 742 742 744 746 746 746 746
    746 746 746 747 747 747 749 749 749 749 750 750 750 752 752 752 752
    0 0 0 0 0 0 2579 2579 2579 2579 2579 2598 2579 2579 2579 2560 2812
    2789 2789 2789 2789 2789 2789 2789 2812 2812 2812 2812 2812 2744
    2744 2744 2744 2767 2767 2767 2767 2744 2744 2723 2723 2723 733 733
    738 738 738 739 739 731 731 731 734 734 734 734 734 736 741 738 738
    738 738 738 741 741 741 741 741 741 741 741 741 742 742 744 746 746
    747 747 747 746 746 747 747 747 749 749 749 750 750 750 750 752 752
    752 752 752 0 0 0 0 0 2579 2579 2579 2579 2579 2598 2579 2579 2579
    2560 2789 2789 2789 2789 730 730 2789 2789 2789 725 725 0 0 0 727
    727 727 733 733 731 731 733 731 731 731 731 733 733 731 731 731 731
    731 731 731 731 734 734 734 734 734 736 739 738 738 738 738 738 739
    741 741 741 741 741 741 741 741 742 742 744 746 746 746 747 747 747
    747 747 747 747 749 749 750 749 749 750 750 752 752 752 752 752 0 0
    0 0 0 0 2579 2579 2579 2579 2579 2579 2579 2579 2560 2789 2789 738
    736 730 730 728 728 725 725 725 727 725 725 727 727 727 728 731 731
    731 731 731 731 731 730 730 731 731 731 730 730 731 730 730 731 733
    734 734 734 734 736 738 738 738 738 738 738 739 741 741 741 741 741
    741 741 742 742 742 744 746 746 746 747 747 747 747 747 747 747 749
    749 750 749 749 750 750 752 752 752 752 754 0 0 0 0 0 0 2579 2579
    2579 2579 2579 2579 2579 2579 2560 2789 2789 736 733 730 728 727 725
    725 725 727 727 725 725 725 725 727 728 728 728 730 730 730 730 731
    730 730 730 731 731 730 730 730 730 730 731 733 734 734 734 736 736
    738 738 738 738 738 739 741 741 741 741 741 742 741 741 742 742 742
    744 746 746 746 747 747 747 747 747 747 747 747 749 749 749 749 750
    750 752 754 754 754 754 754 0 0 0 0 0 2579 2579 2579 2579 2579 2579
    2579 2579 2560 0 0 728 727 723 723 723 723 723 725 725 725 725 725
    725 725 727 728 728 728 728 728 730 730 731 730 730 730 731 731 731
    730 730 731 731 733 734 734 734 734 736 738 739 739 739 739 739 739
    739 741 741 741 741 742 741 741 742 744 744 746 746 746 746 747 747
    747 747 747 747 747 747 749 749 750 750 750 750 752 754 754 754 754
    754 0 0 0 0 0 0 2598 2598 2598 2579 2579 2579 2579 2579 0 0 722 722
    722 722 723 723 723 725 725 725 725 725 725 725 727 728 728 728 728
    728 730 730 731 731 731 731 733 733 733 733 733 733 733 734 734 734
    734 736 736 738 739 738 738 739 739 739 739 739 741 741 742 742 742
    742 742 742 746 746 746 746 746 747 747 747 747 747 749 749 749 749
    749 750 750 750 750 752 752 754 754 754 754 0 0 0 0 0 0 2639 2598
    2598 2579 2579 2579 2579 2579 0 0 720 720 722 722 722 722 722 725
    725 725 725 725 725 727 727 728 728 728 728 728 730 731 731 731 731
    731 731 733 733 733 733 731 731 734 734 734 734 736 736 738 738 738
    738 738 738 739 739 739 741 741 742 742 744 742 742 742 746 746 746
    746 747 747 747 747 747 747 749 749 749 749 750 750 750 750 750 750
    750 754 754 754 754 0 0 0 0 0 2639 2639 2618 2598 2598 2579 2579
    2579 2579 0 0 720 720 722 722 722 722 722 723 725 727 727 727 727
    727 728 728 728 728 728 730 730 730 730 731 731 731 731 733 733 733
    733 731 731 734 734 734 736 736 736 738 738 738 738 738 738 739 739
    739 741 741 742 742 744 744 744 744 746 746 746 746 747 747 747 747
    749 749 749 749 749 749 750 750 750 750 750 750 750 754 754 754 0 0
    0 0 0 0 2639 2639 2618 2598 2598 2579 2579 2579 2579 0 720 720 720
    722 722 722 722 722 723 725 727 727 727 727 727 728 728 728 728 730
    730 730 730 730 730 730 731 731 733 733 733 733 733 733 734 734 736
    736 736 736 738 738 738 738 739 739 739 739 739 741 741 742 742 742
    742 744 744 746 746 746 746 747 747 747 747 749 749 749 749 749 750
    750 752 750 750 750 750 750 754 754 754 0 0 0 0 0 0 2639 2639 2598
    2598 2598 2598 2579 2579 2579 0 720 720 720 722 722 722 722 723 725
    727 727 727 727 728 728 728 728 728 730 730 730 730 730 730 730 730
    731 731 733 733 733 733 733 733 734 736 736 736 736 736 738 738 738
    739 739 739 739 739 741 741 741 742 742 742 742 744 744 746 746 746
    746 747 747 747 749 749 749 749 749 749 750 752 752 752 750 750 752
    752 754 754 754 0 0 0 0 0 0 2618 2618 2598 2598 2598 2598 2598 2598
    2579 0 0 722 722 722 722 722 722 723 725 727 727 727 728 728 728 728
    728 728 730 730 731 730 730 730 731 731 731 733 733 733 733 733 733
    733 734 736 736 736 736 738 738 739 739 739 739 739 739 739 741 741
    741 742 742 742 742 742 746 747 746 746 747 747 747 749 749 749 749
    749 749 750 750 752 752 752 752 752 752 752 755 754 754 755 0 0 0 0
    0 2618 2598 2598 2598 2598 2598 2598 2598 2579 0 0 720 720 722 722
