<?xml version="1.0"?>
<opencv_storage>
<Depth0361 type_id="opencv-matrix">
  <rows>24</rows>
  <cols>42</cols>
  <dt>w</dt>
  <data>
    0 0 0 0 0 0 0 0 0 0 0 0 0 0 0 0 0 0 0 0 0 3269 3269 3269 3269 2241
    2241 2241 2241 2226 2226 2241 2241 2241 2241 2241 2241 2241 2241
    3120 3120 3120 0 0 0 0 0 0 0 0 0 0 0 0 0 0 0 0 0 0 0 2286 2286 2286
    2286 2256 2256 2241 2241 2241 2241 2226 2226 2241 2241 2241 2241
    2241 2241 2226 2226 3120 3120 3120 0 0 0 0 0 0 0 0 0 0 0 0 0 0 0 0 0
    0 0 0 2286 2271 2271 2256 2256 2241 2241 2241 2241 2241 2241 2241
    2241 2241 2241 2241 2241 2226 2226 3092 3092 3120 0 0 0 0 0 0 0 0 0
    0 0 0 0 2271 2256 2256 2256 2256 2271 2271 2286 2271 2271 2256 2256
    2241 2241 2241 2241 2241 2241 2241 2241 2241 2241 2241 2241 2226
    2226 2226 3092 3120 0 0 0 0 0 0 0 0 0 0 0 2301 2286 2271 2256 2256
    2256 2256 2271 2271 2271 2271 2271 2256 2256 2241 2241 2241 2241
    2241 2256 2241 2241 2241 2241 2241 2241 2226 2226 2226 3092 3120 0 0
    2301 2301 2271 2271 2271 2271 2286 2286 2301 2301 2286 2286 2271
    2271 2271 2271 2271 2271 2256 2256 2256 2256 2256 2256 2241 2241
    2241 2241 2241 2241 2241 2241 2241 2241 2241 2241 2226 2226 3120
    3120 0 0 2301 2301 2271 2271 2271 2271 2286 2286 2286 2286 2286 2286
    2286 2271 2271 2271 2271 2271 2256 2256 2256 2256 2256 2256 2241
    2241 2241 2256 2241 2241 2241 2241 2241 2241 2241 2241 2226 2226
    3120 3120 0 2301 2286 2286 2271 2271 2271 2271 2256 2256 2256 2256
    2256 2256 2256 2271 2271 2271 2271 2271 2256 2256 2256 2256 2256
    2256 2241 2241 2241 2256 2256 2241 2241 2241 2241 2241 2241 2241
    2226 2226 2226 3120 0 2286 2286 2286 2286 2286 2271 2256 2256 2256
    2256 2256 2256 2241 2241 2241 2241 2241 2241 2256 2256 2271 2256
    2256 2256 2241 2241 2241 2241 2241 2241 2256 2241 2241 2241 2241
    2241 2241 2226 2226 2226 2226 0 2286 2271 2271 2286 2271 2256 2256
    2241 2241 2241 2241 2241 2241 2241 2241 2241 2241 2241 2256 2256
    2271 2256 2256 2241 2241 2241 2241 2241 2241 2241 2256 2256 2241
    2241 2241 2241 2241 2226 2226 2226 2226 0 2241 2241 2256 2271 2271
    2256 2256 2241 2241 2241 2241 2241 2241 2241 2241 2241 2241 2256
    2256 2256 2271 2256 2256 2241 2241 2241 2241 2241 2241 2241 2241
    2241 2241 2241 2241 2241 2241 2226 2226 2226 2226 2226 2226 2226
    2241 2271 2271 2271 2256 2256 2256 2241 2241 2241 2241 2241 2241
    2241 2241 2256 2241 2241 2271 2256 2256 2256 2256 2256 2256 2241
    2241 2241 2241 2241 2241 2241 2241 2241 2241 2241 2226 2226 2226
    2226 2226 2226 2241 2271 2271 2271 2271 2256 2256 2241 2241 2241
    2241 2241 2241 2241 2256 2256 2241 2241 2256 2256 2256 2256 2256
    2256 2256 2241 2241 2241 2241 2241 2241 2241 2241 2241 2241 2241
    2241 2241 2241 2241 2241 2241 2256 2271 2286 2286 2271 2256 2256
    2241 2241 2241 2241 2241 2241 2241 2256 2256 2241 2241 2256 2256
    2256 2256 2256 2256 2256 2256 2256 2241 2241 2241 2241 2241 2241
    2241 2241 2241 2241 2241 2241 2256 2241 2241 2271 2271 2286 2286
    2271 2256 2256 2241 2241 2241 2241 2241 2241 2241 2241 2241 2241
    2241 2241 2256 2256 2256 2256 2256 2256 2256 2256 2241 2241 2241
    2241 2241 2241 2241 2241 2241 2241 2256 3010 2271 2271 2271 2271
    2286 2286 2286 2286 2271 2256 2241 2241 2241 2241 2241 2241 2241
    2241 2241 2241 2241 2241 2256 2256 2256 2256 2256 2256 2256 2256
    2241 2241 2241 2241 2241 2241 2241 2241 2241 3010 3010 3010 2256
    2256 2271 2286 2286 2286 2286 2286 2271 2256 2256 2241 2241 2241
    2241 2241 2241 2241 2241 2241 2241 2256 2256 2256 2256 2256 2256
    2256 2256 2256 2256 2256 2256 2241 2241 2241 2241 2241 3037 3037
    3010 3010 2241 2241 2256 2286 2286 2286 2286 2286 2286 2271 2271
    2241 2241 2241 2241 2241 2241 2241 2241 2241 2241 2256 2271 2271
    2256 2256 2256 2256 2241 2241 2241 2241 2241 2241 2241 2241 2241
    2241 3010 3037 3037 3010 2241 2241 2256 2271 2286 2286 2286 2286
    2286 2286 2286 2256 2256 2241 2241 2256 2256 2256 2256 2256 2256
    2271 2271 2271 2271 2271 2256 2256 2241 2241 2241 2241 2241 2241
    2241 2241 2241 3010 3010 3037 3037 3010 2241 2241 2271 2271 2286
    2286 2286 2286 2286 2286 2286 2271 2271 2271 2271 2271 2256 2256
    2256 2256 2256 2271 2271 2271 2271 2271 2256 2256 2241 2241 2256
    2241 2241 2241 2241 2241 2241 3010 3010 3037 3037 3037 2835 2835
    2859 2835 2286 2286 2286 2286 2301 2286 2286 2286 2286 2286 2286
    2286 2271 2271 2271 2271 2271 2271 2271 2271 2271 2271 2256 2256
    2241 2241 2256 2241 2241 2241 2241 2241 2241 3010 3010 3010 3010
    3010 2835 2835 2859 2859 2286 2286 2286 2301 2301 2301 2286 2286
    2286 2286 2286 2286 2271 2271 2271 2271 2256 2256 2256 2256 2271
    2271 2271 9593 9870 9870 2271 2256 2256 2256 2256 9593 3010 3010
    3010 3010 3010 3010 2812 2812 2859 2859 2859 2908 2301 2301 2301
    2301 2286 2286 2286 2286 2286 2286 2271 2271 2271 2271 2256 2256
    2256 2256 2256 9870 9593 9593 9870 9870 9870 9870 9870 9593 9593
    9593 9593 3010 3010 3010 3010 3010 2789 2812 2859 2883 2883 2908
    2933 2301 2301 2301 2286 2286 2286 2286 2286 2286 2286 2286 2271
    2271 2256 2256 2256 2256 9870 9870 9870 9870 9593 9593 9593 9870
    9870 9593 9593 9593 9593 3010 3010 3010 3010 3010</data></Depth0361>
</opencv_storage>
