<?xml version="1.0"?>
<opencv_storage>
<Depth16153 type_id="opencv-matrix">
  <rows>123</rows>
  <cols>61</cols>
  <dt>w</dt>
  <data>
    5374 5374 5374 5374 5460 5460 5460 5374 5374 5291 5291 5291 5291
    5291 5291 5291 5291 5291 5210 5210 5210 5291 5291 5291 5291 5291 918
    918 5291 5291 5291 1108 1108 1108 1108 1105 1101 1101 1101 1101 1101
    1097 1097 5056 5056 5056 5056 5132 5132 5132 5132 5056 5056 5056
    5056 5056 5056 5056 5056 5056 5056 5374 5374 5374 5374 5460 5460
    5460 5374 5291 5291 5291 5291 5291 5291 5291 5291 5291 5291 5291
    5291 5291 5291 5291 925 918 918 918 918 913 913 1105 1105 1108 1108
    1108 1108 1105 1101 1101 1101 1097 1097 1097 1097 5132 5132 5132
    5132 5132 5132 5132 5056 5056 5056 5056 5056 5056 5056 5056 5056
    5056 5460 5374 5374 5374 5374 5374 5291 5291 5291 5291 5291 5291
    5291 5291 5291 5291 5210 5210 5210 5291 5291 928 925 925 923 918 918
    918 913 913 1105 1105 1108 1108 1108 1108 1108 1101 1101 1105 1097
    1097 0 0 0 5210 0 5210 5132 5132 5132 5056 5056 5056 5056 5056 5056
    5056 5056 5056 5056 5460 5374 5374 5374 5291 5291 5210 5210 5210
    5210 5291 5291 5374 5291 5291 5291 5210 5210 5210 5210 930 928 928
    925 923 920 918 918 915 915 915 1108 1108 1112 1112 1112 1063 1105
    1105 1105 1090 1090 1090 1087 0 0 0 5210 5210 5210 5132 5056 5056
    5056 5056 5056 5056 5056 5056 5056 5056 5460 5374 5291 5291 5210
    5210 5210 5210 5210 5210 5374 5374 5374 5374 5374 920 920 935 935
    935 930 928 928 925 923 920 920 918 918 913 913 913 903 903 903 0 0
    1063 1063 1084 1084 1084 1087 0 0 0 0 5291 5210 5210 5132 5132 5132
    5056 5056 5056 5056 5056 5056 5056 4983 5374 5291 5291 5291 5210
    5210 5210 5210 5210 948 938 938 930 0 0 0 920 920 933 933 930 925
    925 925 920 920 918 915 913 910 910 903 903 903 903 0 1067 1063 1063
    1063 1070 1073 1077 0 0 0 0 0 5210 5210 5210 5132 5132 5056 5056
    5056 5056 5056 5056 5056 4983 5374 5210 5210 5291 5291 5291 948 0 0
    0 0 0 0 930 930 925 920 920 920 920 925 923 923 923 920 918 915 913
    910 908 908 903 903 903 0 0 1067 1067 1063 1063 1070 1073 1077 1080
    0 0 0 0 5291 5291 5210 5210 5132 5132 5132 5056 5056 5056 5056 5056
    4983 5210 5210 5210 5210 4708 948 948 948 948 948 938 938 935 930
    930 925 923 920 918 918 920 920 920 920 918 918 915 913 910 908 908
    903 903 903 0 0 0 1067 1067 1067 1070 1073 1077 1080 0 0 0 0 0 5291
    5210 5210 5132 5132 5132 5056 5056 5056 5056 5056 4983 5210 4911
    4708 4708 4708 948 948 948 948 948 938 938 935 933 928 925 923 920
    918 918 920 918 918 918 918 918 915 915 913 910 908 906 906 0 0 0 0
    1070 1067 1067 1070 1077 1077 1080 0 0 0 0 0 5210 5210 5132 5132
    5132 5132 5056 5056 5056 5056 5056 5056 959 956 948 946 946 943 943
    943 940 938 938 935 935 933 928 925 925 923 920 920 920 918 918 918
    918 918 918 915 913 910 908 906 906 0 0 0 0 0 0 1077 1077 1080 1084
    1084 1087 0 0 0 0 5210 5132 5132 5056 5056 5132 5056 5056 5056 5056
    5056 5056 956 954 948 946 946 943 943 940 938 938 938 935 935 933
    930 928 925 925 923 923 920 918 918 918 918 918 918 915 913 910 908
    906 906 0 0 0 0 0 0 1077 1077 1084 1087 1087 1087 0 0 0 0 0 5132
    5132 5056 5056 5056 5056 5056 5056 5056 5056 5056 956 954 948 946
    946 943 943 940 938 938 938 935 933 930 928 928 928 925 925 923 920
    918 918 918 918 918 918 915 915 910 908 906 906 0 0 0 0 0 0 1077
    1077 1084 1084 1084 1087 0 0 0 0 0 5132 5132 5056 5056 5056 5056
    5056 5132 5056 5056 5056 956 954 948 946 946 943 943 943 940 940 938
    935 933 930 928 928 928 925 925 923 923 918 918 920 918 918 918 915
    915 910 908 908 0 0 0 0 0 0 0 1077 1077 1080 1084 1084 1087 0 0 0 0
    0 5132 5132 5132 5132 5056 5056 5056 5056 5056 5056 5056 956 954 951
    946 946 946 943 943 943 940 940 938 933 933 930 928 928 925 925 923
    923 920 920 920 918 918 918 918 915 910 908 908 908 0 0 0 0 0 0 0
    1073 1073 1077 1077 1080 0 0 0 0 0 5210 5210 5210 5132 5056 5056
    5056 5056 5056 5056 5056 956 954 951 948 946 946 946 946 943 940 938
    938 933 933 930 928 928 928 925 925 923 920 920 920 918 918 918 918
    915 913 910 908 908 0 0 0 0 0 0 0 1067 1067 1073 1073 1080 0 0 0 0 0
    5210 5210 5210 5210 5132 5132 5056 5056 5056 5056 5056 956 954 951
    948 948 948 946 946 943 940 938 938 935 933 930 930 928 928 925 925
    925 923 923 920 920 918 918 918 915 913 910 908 908 0 0 0 0 0 0 0
    1063 1063 1070 1070 1077 1080 0 0 0 0 5210 5210 5210 5210 5132 5132
    5056 5056 5056 5056 5056 956 954 951 948 948 948 946 946 943 940 938
    938 938 933 933 930 930 928 928 925 925 923 923 920 920 918 918 918
    915 910 910 910 0 0 0 0 0 0 0 0 1063 1063 1070 1070 1077 1080 1080 0
    0 0 5210 5210 5210 5210 5132 5132 5132 5056 5056 5132 5056 956 954
    951 948 948 948 946 946 943 940 938 938 938 935 933 930 930 928 928
    928 925 925 925 920 920 918 918 918 915 910 910 910 0 0 0 0 0 0 0 0
    1063 1063 1070 1073 1077 1080 0 0 0 0 5210 5210 5210 5210 5210 5210
    5132 5056 5056 5132 5056 959 956 954 951 951 948 948 946 946 943 940
    938 938 938 935 933 930 930 928 925 925 925 925 923 920 920 918 918
    915 910 910 910 0 0 0 0 0 0 0 0 1067 1067 1070 1077 1080 1080 0 0 0
    0 5210 5210 5210 5210 5210 5210 5132 5132 5132 5056 5056 959 959 956
    951 951 948 948 946 946 946 943 940 938 938 935 935 933 930 928 925
    925 925 925 923 923 920 918 918 915 910 910 908 908 0 0 0 0 0 0 0
    1070 1070 1073 1077 1080 1084 0 0 0 0 5210 5210 5210 5210 5210 5210
    5132 5132 5056 5056 5056 959 959 956 954 951 951 948 948 948 946 943
    940 938 938 938 935 933 930 928 928 925 925 925 923 923 920 920 918
    915 910 910 908 908 910 0 0 0 0 0 0 1070 1070 1073 1080 1084 1084
    1090 0 0 0 5210 5210 5132 5132 5210 5210 5132 5132 5056 5056 5056
    959 959 956 954 951 951 948 948 948 946 943 943 940 938 938 935 933
    930 928 928 925 925 925 923 923 920 920 918 915 913 910 908 908 910
    0 0 0 0 0 0 0 1073 1073 1084 1087 1087 1087 0 0 0 0 5210 5132 5132
    5210 5132 5132 5132 5056 5056 5056 962 959 956 956 954 951 951 948
    948 946 943 943 940 938 938 935 935 933 930 928 925 925 925 923 923
    920 920 918 915 915 913 910 910 910 910 0 0 0 0 0 0 1077 1077 1084
    1087 1087 1087 0 0 0 0 5210 5132 5132 5210 5132 5132 5132 5056 5056
    5056 0 962 959 956 954 951 951 948 948 946 946 943 940 938 938 935
    935 933 930 928 928 925 925 925 923 920 920 920 918 915 913 910 910
    910 910 0 0 0 0 0 0 1070 1070 1080 1084 1087 1087 1087 0 0 0 5210
    5210 5210 5132 5132 5132 5132 5056 5056 5056 0 967 959 956 956 954
    954 951 948 946 946 943 940 938 938 935 935 933 930 928 928 925 925
    925 925 923 920 920 918 918 915 910 910 910 910 0 0 0 0 0 0 1070
    1070 1077 1080 1084 1084 0 0 0 5210 5210 5210 5210 5132 5132 5132
    5132 5056 5056 5056 0 964 962 959 956 954 954 951 948 946 946 943
    940 940 938 935 935 935 930 930 928 925 925 925 925 923 920 920 918
    918 915 913 910 910 910 0 0 0 0 0 1070 1070 1070 1070 1077 1080 1084
    0 0 0 0 5210 5210 5210 5132 5132 5132 5132 5056 5056 5056 0 964 962
    959 956 954 954 951 948 946 946 943 940 940 938 935 935 935 930 930
    928 928 928 928 925 923 920 920 918 918 915 915 910 910 910 0 0 0 0
    0 1070 1070 1070 1070 1073 1077 1080 0 1084 0 5210 5210 5210 5210
    5210 5210 5132 5132 5132 5056 5056 0 964 962 959 956 954 951 948 948
    946 946 946 940 940 938 935 935 935 933 930 928 928 928 928 928 925
    920 920 918 918 918 915 913 913 913 0 0 0 0 0 0 1070 1067 1067 1073
    1073 1080 1084 0 0 0 5210 5210 5210 5210 5210 5132 5132 5132 5132
    5132 0 962 959 956 956 954 951 948 948 948 948 946 940 940 938 938
    935 935 933 930 930 928 928 928 928 925 923 918 918 918 918 918 915
    913 913 0 0 0 0 0 0 1067 1067 1067 1073 1073 1080 1084 0 0 0 0 5210
    5210 5210 5210 5210 5210 5132 5132 5132 0 962 959 956 956 954 951
    951 948 948 948 946 943 940 938 938 935 935 933 930 930 928 928 928
    928 925 923 918 918 918 918 918 915 913 913 0 915 0 1028 0 1025 1025
