<?xml version="1.0"?>
<opencv_storage>
<Depth18630 type_id="opencv-matrix">
  <rows>84</rows>
  <cols>90</cols>
  <dt>w</dt>
  <data>
    2883 2883 2883 4089 4089 4190 4190 4190 4190 4190 4190 4190 4190
    4190 4190 4241 4241 4241 4241 4241 4241 4241 4241 4241 4190 4190
    4241 4241 4241 4241 4241 4241 4241 4241 4241 4241 4241 4241 4295
    4295 4295 4241 4241 4295 4295 4295 4295 4295 4295 4241 4241 4295
    4295 4295 1236 1227 1223 1219 1219 1223 1227 1227 1227 1223 1223
    1223 4295 4295 4295 4295 4295 4349 4349 4349 4349 4349 4349 4349
    4349 4349 4349 4349 4295 4295 4295 4295 4241 4241 4241 4241 2908
    2908 2908 4089 4089 4190 4190 4190 4190 4241 4241 4241 4190 4190
    4241 4241 4241 4241 4241 4241 4241 4241 4241 4241 4241 4241 4241
    4241 4241 4241 4241 4241 4241 4241 4241 4241 4295 4295 4295 4295
    4295 4295 4295 4295 4295 4295 4295 4295 4295 1236 4522 4522 4522
    4522 1227 1223 1219 1219 1219 1219 1223 1227 1227 1223 1223 1223
    1223 4295 4295 4295 4295 4349 4349 4349 4349 4349 4349 4349 4405
    4349 4349 4349 4295 4295 4295 4295 4241 4241 4241 4241 2933 2958
    4139 4139 4139 4241 4190 4190 4241 4241 4241 4241 4190 4190 4241
    4241 4241 4241 4241 4241 4241 4241 4241 4241 4241 4241 4241 4295
    4295 4295 4241 4241 4241 4295 4295 4349 4349 4349 4349 4349 4349
    4349 4349 4295 4295 4295 4295 4295 1250 1236 1236 1236 1232 1227
    1223 1219 1214 1214 1210 1210 1214 1223 1227 1227 1227 4463 4463
    4295 4295 4295 4295 4349 4349 4349 4405 4405 4405 4405 4349 4349
    4349 4349 4349 4295 4295 4295 4295 4295 4295 4295 4139 4139 4139
    4139 4241 4241 4241 4241 4241 4241 4241 4241 4241 4241 4241 4241
    4241 4241 4241 4241 4241 4241 4241 4241 4241 4295 4295 4349 4295
    4295 4295 4295 4349 4349 4349 4349 4295 4295 4349 4349 4349 4349
    4349 4295 4295 4349 4349 1250 1250 1250 1236 1236 1232 1227 1223
    1219 1214 1210 1206 1206 1202 1197 1197 1197 1189 4463 4463 4349
    4349 4349 4349 4405 4405 4405 4405 4405 4405 4405 4349 4349 4349
    4349 4349 4295 4295 4295 4295 4295 4295 4295 4139 4139 4139 4139
    4190 4241 4241 4241 4241 4241 4241 4241 4241 4241 4241 4241 4241
    4241 4241 4241 4241 4241 4241 4241 4295 4349 4349 4349 4349 4349
    4349 4349 4405 4349 4349 4349 4295 4295 4349 4349 4349 4349 4349
    4349 4349 1250 1250 1250 1250 1245 1236 1232 1227 1223 1223 1214
    1210 1210 1206 1202 1197 1193 1189 1189 1189 4582 4582 4522 4522
    4405 4405 4463 4463 4463 4463 4405 4405 4405 4349 4349 4349 4349
    4349 4349 4349 4295 4295 4295 4295 4241 4190 4190 4139 4139 4190
    4295 4241 4241 4241 4241 4241 4241 4241 4241 4241 4241 4295 4295
    4295 4241 4241 4241 4295 4295 4295 4349 4349 4349 4349 4349 4349
    4349 4405 4349 4349 4349 4349 4349 4295 4295 4349 4349 4405 4405
    1250 1250 1250 1245 1245 1241 1236 1232 1223 1223 1219 1210 1206
    1202 1202 1197 1193 1189 1189 1185 1185 1185 4522 4522 4522 4463
    4463 4463 4463 4463 4463 4405 4405 4405 4405 4405 4349 4349 4295
    4295 4295 4295 4295 4295 4295 4241 4190 4190 4139 4139 4139 4295
    4241 4241 4241 4295 4295 4241 4241 4241 4241 4295 4295 4295 4295
    4295 4241 4241 4295 4295 4349 4405 4405 4349 4349 4349 4405 4405
    4405 4405 4405 4405 4349 4349 4190 4190 4349 4405 4405 4582 1250
    1250 1250 1245 1241 1236 1232 1227 1223 1219 1214 1210 1206 1202
    1202 1197 1193 1189 1181 1177 1169 1169 1169 4522 4522 4463 4463
    4463 4463 4463 4463 4405 4405 4405 4405 4405 4349 4349 4295 4295
    4295 4295 4295 4241 4241 4241 4190 4190 4190 4190 4241 4295 4241
    4241 4241 4241 4295 4241 4241 4241 4295 4295 4349 4349 4295 4295
    4295 4295 4349 4349 4349 4405 4405 4405 4349 4349 4405 4405 4405
    4405 4405 4405 4349 4241 4190 4190 4190 4582 4582 1255 1250 1250
    1245 1241 1241 1232 1227 1223 1219 1214 1210 1206 1202 1202 1197
    1193 1189 1185 1177 1173 1169 1169 1169 1169 1161 4463 4463 4463
    4463 4463 4463 4405 4405 4405 4405 4405 4349 4349 4295 4295 4295
    4295 4295 4241 4241 4241 4190 4190 4190 4190 4190 4295 4241 4241
    4241 4241 4295 4241 4241 4241 4295 4349 4349 4349 4349 4349 4349
    4349 4349 4405 4405 4405 4405 4405 4405 4405 4405 4405 4405 4405
    4405 4405 4349 4241 4241 4241 1255 1255 1255 1255 1250 1241 1241
    1241 1236 1227 1223 1219 1219 1214 1210 1206 1202 1202 1197 1193
    1189 1185 1177 1173 1169 1165 1161 1161 1161 1157 4522 4522 4463
    4463 4463 4405 4405 4405 4405 4405 4405 4349 4295 4295 4295 4295
    4295 4241 4241 4241 4241 4241 4190 4190 4190 4241 4295 4295 4295
    4295 4295 4295 4295 4295 4349 4349 4349 4349 4349 4349 4349 4349
    4349 4405 4405 4405 4405 4405 4405 4405 4405 4405 4405 4405 4405
    4405 4405 4405 1259 1259 1255 1255 1250 1250 1245 1236 1236 1236
    1236 1227 1223 1219 1214 1206 1206 1202 1202 1197 1193 1189 1185
    1177 1173 1169 1165 1165 1161 1157 1157 1157 1149 4522 4522 4522
    4522 4463 4405 4405 4405 4405 4405 4349 4295 4295 4295 4241 4241
    4241 4241 4241 4241 4241 4190 4190 4190 4241 4295 4295 4295 4295
    4349 4349 4295 4295 4349 4349 4349 4349 4349 4349 4349 4349 4349
    4405 4405 4405 4405 4405 4405 4405 4405 4405 4405 4405 4405 4405
    4463 4463 1259 1259 1259 1250 1245 1241 1236 1236 1236 1236 1232
    1223 1219 1214 1210 1202 1202 1197 1197 1193 1189 1189 1181 1173
    1169 1165 1165 1161 1157 1153 1149 1149 1149 1145 4708 4708 4522
    4463 4405 4405 4405 4405 4349 4349 4295 4295 4295 4241 4241 4241
    4241 4241 4241 4241 4190 4190 4190 4241 4295 4295 4295 4295 4349
    4349 4349 4349 4349 4349 4349 4349 4349 4349 4405 4349 4349 4405
    4405 4405 4405 4405 4405 4405 4405 4405 4405 4405 4463 4463 4463
    1264 1264 1259 1255 1250 1241 1236 1236 1236 1236 1236 1223 1223
    1219 1214 1210 1202 1202 1197 1193 1193 1185 1181 1177 1169 1169
    1165 1161 1157 1157 1153 1149 1145 1145 0 1141 0 4522 4349 4349 4405
    4405 4349 4349 4295 4295 4241 4241 4241 4241 4241 4190 4190 4241
    4241 4241 4190 4190 4241 4349 4349 4349 4349 4405 4405 4349 4349
    4349 4349 4349 4405 4405 4405 4405 4405 4405 4405 4405 4405 4405
    4405 4405 4405 4349 4349 4463 4463 4522 4522 1268 1268 1259 1255
    1250 1245 1236 1236 1236 1232 1232 1232 1223 1219 1214 1206 1202
    1202 1197 1193 1189 1189 1185 1177 1173 1165 1165 1161 1157 1157
    1153 1153 1149 1145 1141 1141 1141 1141 4349 4349 4295 4295 4405
    4349 4349 4295 4295 4241 4241 4241 4241 4190 4190 4190 4295 4241
    4241 4241 4241 4349 4405 4405 4405 4405 4405 4405 4405 4405 4405
    4405 4405 4405 4405 4405 4405 4405 4405 4405 4405 4463 4463 4463
    4405 4405 4349 4349 4349 4349 1268 1264 1264 1264 1255 1250 1245
    1245 1236 1232 1232 1232 1227 1223 1219 1214 1206 1206 1202 1197
    1197 1189 1189 1185 1181 1173 1169 1161 1157 1157 1157 1153 1153
    1149 1145 1141 1138 1138 1138 1130 4295 0 4295 4295 4349 4349 4295
    4295 4295 4241 4241 4241 4241 4190 4190 4190 4349 4295 4295 4349
    4349 4405 4405 4405 4405 4405 4405 4405 4405 4405 4405 4405 4405
    4463 4463 4463 4463 4463 4405 4405 4405 4463 4463 4463 4405 4405
    4405 4405 4405 1268 1268 1268 1264 1255 1245 1245 1241 1236 1236
    1232 1232 1227 1223 1223 1214 1210 1206 1206 1202 1197 1193 1189
    1185 1185 1177 1173 1169 1161 1157 1157 1153 1153 1149 1145 1141
    1141 1134 1130 1130 1130 0 4295 4295 4295 4295 4349 4295 4295 4295
    4241 4241 4241 4241 4190 4190 4190 4349 4349 4349 4349 4349 4405
    4463 4463 4463 4463 4405 4405 4405 4405 4405 4405 4405 4463 4463
    4463 4463 4463 4463 4463 4463 4463 4405 4405 4463 4463 4463 4463
    1268 1268 1268 1259 1255 1250 1241 1241 1236 1236 1232 1232 1227
    1223 1223 1219 1210 1206 1202 1202 1197 1193 1189 1189 1185 1181
    1177 1169 1165 1157 1157 1157 1153 1149 1141 1141 1138 1134 1130
    1126 1126 1126 1123 0 4295 4295 4295 4349 4349 4295 4295 4295 4241
    4241 4241 4190 4190 4139 4405 4349 4349 4295 4295 4349 4463 4463
    4463 4463 4405 4405 4463 4463 4463 4463 4463 4463 4463 4463 4463
    4463 4463 4463 4463 4463 4405 4405 4405 4405 1268 1268 1268 1268
