<?xml version="1.0"?>
<opencv_storage>
<Depth1101 type_id="opencv-matrix">
  <rows>77</rows>
  <cols>102</cols>
  <dt>w</dt>
  <data>
    2723 2723 2723 2723 2723 2723 2723 2701 2701 2723 2723 2744 2744
    2723 2723 1044 1044 1044 1044 1047 1047 1050 1050 1050 1050 1050
    1050 1050 2680 2680 2680 2680 2680 2680 2680 2680 2680 2680 2680
    2680 2659 2659 2659 2659 2659 2659 2659 2659 2659 2659 2659 2659
    2639 2639 2639 2639 2639 2639 2618 2618 2618 2618 2618 2618 2598
    2598 2598 2598 2598 2598 2598 2598 2598 2598 2598 2598 2579 2579
    2598 2579 2579 2579 2579 2579 2579 2579 2579 2560 2560 2579 2579
    2579 2579 2560 2560 2560 2560 2560 2560 2560 2560 2560 2723 2723
    2723 2723 2723 2723 2723 2701 2701 2744 2744 2744 1044 1044 1044
    1044 1044 1044 1044 1047 1047 1050 1050 1050 1050 1050 1050 1050
    1050 1050 1047 1047 2680 2701 2701 2701 2680 2659 2659 2680 2680
    2680 2680 2659 2659 2659 2659 2659 2659 2659 2659 2659 2659 2639
    2639 2659 2659 2659 2639 2618 2618 2618 2618 2618 2618 2618 2598
    2598 2618 2618 2618 2618 2618 2618 2618 2618 2598 2598 2598 2598
    2579 2579 2579 2579 2579 2579 2579 2579 2579 2579 2579 2579 2579
    2598 2579 2579 2560 2560 2579 2579 2579 2579 2744 2744 2723 2723
    2744 2744 2680 2680 2723 2723 2723 0 0 0 1041 1041 1041 1044 1044
    1044 1047 1050 1050 1050 1050 1050 1050 1050 1050 1050 1047 1047
    1050 1050 2701 2701 2680 2659 2659 2680 2680 2680 2680 2680 2680
    2680 2659 2659 2680 2659 2659 2659 2659 2659 2659 2659 2659 2659
    2639 2639 2639 2639 2618 2618 2618 2618 2618 2618 2618 2618 2618
    2618 2618 2618 2618 2618 2598 2598 2598 2598 2598 2598 2598 2598
    2579 2579 2579 2579 2579 2579 2579 2579 2598 2598 2598 2598 2579
    2579 2579 2579 2579 2579 2744 2744 2744 2744 2744 2744 2680 2680
    2701 0 0 0 0 1041 1041 1041 1041 1041 1041 1044 1044 1047 1047 1050
    1050 1050 1050 1050 1050 1050 1050 1050 1050 1050 1050 1050 1054
    2680 2680 2680 2659 2659 2659 2701 2680 2680 2680 2680 2680 2680
    2680 2680 2680 2680 2659 2659 2659 2659 2639 2639 2639 2639 2639
    2639 2639 2618 2618 2639 2639 2639 2639 2639 2618 2618 2618 2618
    2618 2618 2618 2618 2618 2598 2598 2598 2598 2598 2598 2598 2598
    2618 2598 2598 2598 2618 2618 2598 2598 2598 2598 2598 2598 2579
    2767 2767 2767 2744 2744 2744 2723 2701 2701 0 0 0 0 1041 1041 1041
    1041 1041 1041 1044 1044 1047 1047 1050 1050 1050 1050 1050 1050
    1050 1050 1050 1050 1050 1050 1050 1054 1054 1054 1054 2659 2659
    2659 2723 2723 2723 2701 2680 2680 2701 2680 2680 2701 2680 2680
    2680 2680 2659 2639 2639 2639 2659 2639 2639 2639 2639 2639 2639
    2639 2639 2639 2639 2639 2639 2639 2639 2639 2618 2618 2618 2618
    2618 2618 2618 2618 2618 2618 2618 2618 2618 2618 2618 2618 2618
    2618 2598 2598 2598 2598 2598 2598 2598 2789 2767 2767 2767 2767
    2767 2723 2723 0 0 0 0 0 1041 1041 1041 1041 1041 1041 1044 1044
    1047 1047 1050 1050 1050 1050 1050 1050 1050 1050 1050 1050 1050
    1050 1050 1054 1054 1054 1054 1054 1054 1057 1060 1060 1063 1063
    1067 2701 2701 2701 2701 2701 2701 2701 2701 2701 2680 2659 2659
    2659 2659 2659 2659 2659 2659 2659 2659 2659 2639 2639 2639 2639
    2639 2639 2639 2639 2639 2639 2618 2618 2618 2618 2618 2618 2618
    2618 2618 2618 2639 2618 2618 2618 2618 2618 2618 2618 2598 2598
    2618 2598 2598 2789 2789 2789 2767 2767 2767 2744 2744 0 0 0 0 0
    1041 1041 1041 1041 1041 1041 1044 1044 1047 1047 1047 1047 1050
    1050 1050 1050 1050 1050 1050 1050 1050 1050 1050 1054 1054 1054
    1054 1054 1054 1057 1057 1060 1060 1057 1057 1057 1060 1060 2701
    2701 2701 2701 2701 2723 2701 2659 2659 2659 2680 2659 2659 2659
    2659 2680 2659 2659 2639 2639 2659 2659 2659 2639 2639 2639 2639
    2639 2639 2639 2639 2639 2618 2618 2618 2639 2639 2639 2639 2639
    2618 2618 2618 2618 2618 2618 2598 2598 2618 2618 2618 2789 2789
    2812 2789 2789 2789 2789 0 0 0 0 0 0 1041 1041 1041 1041 1041 1044
    1044 1044 1044 1044 1047 1047 1047 1050 1050 1050 1050 1050 1050
    1050 1050 1050 1050 1054 1054 1054 1054 1054 1054 1054 1054 1057
    1057 1057 1057 1057 1057 1057 1060 1060 1060 1060 1060 1060 2701
    2659 2659 2680 2701 2680 2680 2659 2659 2680 2659 2659 2639 2639
    2659 2659 2659 2659 2639 2639 2639 2639 2639 2639 2639 2639 2639
    2639 2639 2639 2639 2639 2639 2639 2639 2618 2618 2618 2618 2618
    2618 2618 2618 2618 2618 2812 2812 2812 2812 2789 2789 2789 0 0 0 0
    0 1044 1041 1041 1041 1041 1041 1044 1044 1044 1044 1044 1047 1047
    1047 1050 1050 1050 1050 1050 1050 1050 1050 1050 1050 1054 1054
    1054 1054 1054 1054 1054 1054 1054 1057 1057 1057 1057 1057 1057
    1060 1060 1060 1060 1060 1060 1060 1060 1060 2701 2701 2680 2680
    2680 2701 2701 2701 2701 2701 2680 2680 2680 2680 2659 2639 2639
    2639 2639 2639 2639 2639 2659 2659 2639 2639 2639 2639 2639 2639
    2639 2639 2639 2618 2618 2618 2618 2618 2618 2618 2618 2639 2812
    2812 2812 2812 2789 2789 2789 0 0 0 0 0 1044 1041 1041 1041 1041
    1041 1044 1044 1044 1044 1044 1044 1047 1047 1047 1047 1047 1047
    1047 1050 1050 1050 1050 1050 1050 1054 1054 1054 1054 1054 1054
    1054 1054 1054 1054 1057 1057 1057 1057 1060 1060 1060 1057 1057
    1060 1060 1060 1060 1060 1060 1060 1060 2680 2701 2701 2701 2701
    2701 2701 2701 2701 2701 2680 2659 2659 2659 2659 2659 2659 2659
    2659 2659 2680 2680 2680 2659 2659 2659 2639 2639 2639 2639 2639
    2639 2639 2639 2639 2639 2639 2639 2812 2812 2812 2812 2789 2789
    2701 2701 0 0 0 0 1041 1041 1041 1041 1041 1041 1044 1044 1044 1044
    1044 1044 1047 1047 1044 1044 1047 1047 1047 1050 1050 1050 1050
    1050 1050 1054 1054 1054 1054 1054 1054 1054 1054 1054 1054 1057
    1057 1057 1057 1057 1060 1060 1057 1057 1060 1060 1060 1060 1060
    1060 1060 1060 1060 1060 1060 2701 2701 2701 2680 2680 2701 2701
    2701 2701 2701 2701 2701 2701 2701 2680 2680 2680 2680 2680 2680
    2659 2659 2659 2659 2639 2639 2639 2639 2639 2639 2639 2639 2639
    2639 2639 2812 2812 2812 2812 2812 2789 2701 2701 0 0 0 0 1041 1041
    1041 1041 1041 1041 1041 1041 1041 1041 1044 1044 1044 1044 1044
    1044 1044 1044 1044 1047 1047 1050 1050 1050 1050 1050 1050 1050
    1054 1054 1054 1054 1054 1054 1054 1054 1057 1057 1057 1057 1057
    1057 1057 1057 1057 1060 1060 1060 1060 1060 1060 1060 1060 1060
    1060 1060 1060 1060 2680 2680 2701 2701 2723 2723 2701 2701 2701
    2701 2701 2701 2701 2701 2701 2701 2701 2680 2680 2659 2659 2659
    2659 2659 2659 2659 2639 2639 2639 2639 2639 2659 2835 2835 2835
    2812 2812 2789 2744 2744 0 0 0 1044 1041 1041 1038 1038 1041 1041
    1041 1041 1041 1041 1041 1044 1044 1044 1044 1044 1044 1044 1044
    1047 1047 1047 1050 1050 1050 1050 1050 1050 1050 1050 1054 1054
    1054 1054 1054 1054 1054 1054 1054 1054 1057 1057 1057 1057 1057
    1057 1057 1057 1060 1060 1060 1060 1060 1060 1060 1060 1060 1063
    1060 1060 1060 1060 1060 1060 1063 1063 2701 2701 2701 2701 2723
    2701 2701 2701 2701 2701 2701 2701 2701 2701 2680 2680 2680 2680
    2659 2659 2659 2659 2659 2659 2883 2883 2835 2835 2812 2789 2744
    2744 0 0 0 1041 1041 1038 1038 1038 1041 1041 1041 1041 1041 1041
    1041 1041 1041 1041 1044 1044 1044 1044 1044 1044 1044 1047 1050
    1050 1050 1050 1050 1050 1050 1050 1050 1054 1054 1054 1054 1054
    1054 1054 1054 1054 1057 1057 1057 1057 1057 1057 1057 1057 1057
    1057 1057 1060 1060 1060 1060 1060 1060 1060 1060 1060 1060 1060
    1060 1060 1063 1063 1063 1063 1063 2723 2723 2701 2701 2701 2701
    2701 2701 2701 2701 2701 2701 2701 2701 2701 2680 2680 2680 2659
    2659 2680 2883 2883 2883 2859 2835 2835 0 0 0 0 0 1038 1038 1038
    1038 1038 1038 1041 1041 1041 1038 1038 1041 1041 1041 1041 1044
    1044 1044 1044 1044 1044 1044 1047 1050 1050 1050 1050 1050 1050
    1050 1050 1050 1050 1054 1054 1054 1054 1054 1054 1054 1054 1057
    1057 1057 1057 1057 1057 1057 1057 1057 1057 1057 1057 1057 1060
    1060 1060 1060 1060 1060 1060 1060 1060 1060 1063 1063 1063 1063
