<?xml version="1.0"?>
<opencv_storage>
<Depth9143 type_id="opencv-matrix">
  <rows>9</rows>
  <cols>12</cols>
  <dt>w</dt>
  <data>
    4522 4522 4463 4463 4405 4405 6038 6038 6038 6038 6038 6146 4522
    4522 6038 6146 6146 6038 6038 6038 6146 6146 6146 6146 4522 5832
    6038 6146 6146 6038 6038 6038 6146 6146 6146 6146 5832 5832 5933
    6038 6038 6146 6146 6146 6146 6146 6146 6038 5933 5933 5933 6038
    6038 6146 6146 6146 6146 6146 6146 6038 5933 5933 6038 5933 5933
    6038 6146 6146 6146 6146 6038 6038 5933 5933 6038 5933 5933 6038
    6038 6146 6146 6146 6038 6038 4522 6259 6038 5933 5933 6038 6038
    6146 6146 6146 6038 6038 4405 4405 6038 5933 5933 6038 6038 6146
    6146 6146 4708 4708</data></Depth9143>
</opencv_storage>
