<?xml version="1.0"?>
<opencv_storage>
<Depth16722 type_id="opencv-matrix">
  <rows>34</rows>
  <cols>23</cols>
  <dt>w</dt>
  <data>
    3010 3010 3010 3010 3010 3010 3037 3010 3010 3037 3010 3010 3010
    3037 3037 3037 3037 3037 3037 3037 3064 5548 5548 3010 3010 3010
    3010 3010 3010 3037 3010 3010 3037 3010 3010 3037 3037 3037 3037
    3037 3010 3010 3010 3037 3064 5548 3010 3010 3010 3010 3010 3010
    3010 3010 3010 3010 3010 3037 3037 3037 3037 3010 3010 3010 3010
    3010 3037 3037 5460 3010 3010 3010 3010 3010 3010 3010 3010 3010
    3010 3010 3037 3037 3037 3037 3010 3010 3010 3010 3010 3010 3010
    5460 3010 3010 3010 3010 3010 3010 3010 3010 3010 3010 3010 3010
    3010 3010 3037 3010 3010 3010 3010 3010 3010 3010 5460 3010 3010
    3010 3010 3010 3010 3010 3010 3010 3010 3010 3010 3010 3010 3010
    3010 3010 3010 3010 3010 3010 3010 5548 3010 3010 3010 3010 3010
    3010 3010 3010 3010 3010 3010 3010 3010 3010 3010 3010 3037 3037
    3037 3010 3010 3010 5548 2984 3010 3010 3010 3010 3010 3010 3010
    3010 3010 3010 3010 3010 3010 3010 3010 3037 3037 3037 3037 3010
    3010 3010 2984 3010 3010 3010 3010 3010 3010 3010 3010 3010 3010
    3010 3010 3010 3010 3010 3010 3037 3037 3037 3037 3010 3010 2984
    3010 3010 3010 3010 3010 3010 3010 3010 3010 3010 3010 3010 3010
    3010 3010 3010 3037 3037 3037 3037 3037 5374 2984 3010 3010 3010
    3010 3010 3010 3010 3010 3010 3010 3010 3010 3010 3037 3037 3037
    3037 3037 3037 3037 3037 5460 2984 3010 3010 3010 3010 3010 3010
    3010 3010 3010 3010 3010 3010 3010 3037 3037 3037 3037 3037 3037
    3037 3037 5548 3010 3010 3010 3010 3010 3010 3010 3010 3010 3010
    3010 3010 3010 3037 3037 3037 3037 3037 3037 3037 3010 3010 5548
    3010 3010 3010 3010 3010 3010 3010 3010 3010 3037 3037 3037 3037
    3037 3037 3037 3037 3037 3037 3037 3010 3010 3010 3010 3010 3010
    3010 3010 3010 3010 3010 3010 3037 3037 3037 3037 3037 3037 3037
    3037 3037 3037 3037 3037 3010 3010 2984 3010 3010 3010 3010 3010
    3010 3010 3010 3037 3037 3010 3010 3010 3037 3037 3037 3037 3037
    3037 3037 3010 3010 2984 3010 3010 3010 3010 3010 3010 3010 3037
    3037 3010 3010 3010 3010 3037 3037 3037 3037 3037 3037 3037 3010
    3010 2984 3010 3010 3010 3010 3010 3010 3010 3037 3010 3010 3010
    3010 3010 3037 3037 3037 3037 3037 3037 3037 3010 3010 3010 3010
    3010 3010 3010 3010 3010 3010 3037 3010 3010 3010 3010 3010 3037
    3037 3037 3037 3037 3037 3037 3010 3010 3010 3010 3010 3010 3010
    3010 3010 3010 3010 3010 3010 3010 3010 3010 3037 3037 3037 3037
    3037 3037 3037 3010 3010 5291 3037 3037 3010 3010 3010 3010 3010
    3010 3010 3010 3010 3010 3010 3037 3037 3037 3037 3037 3037 3037
    3037 3010 5374 3037 3037 3010 3010 3010 3010 3010 3010 3010 3037
    3010 3010 3010 3037 3037 3037 3037 3037 3037 3064 3037 3037 5374
    3037 3037 3010 3010 3010 3010 3010 3010 3037 3037 3037 3010 3010
    3037 3037 3037 3037 3037 3037 3037 3037 3037 5374 3037 3037 3037
    3010 3010 3037 3037 3037 3037 3037 3037 3037 3037 3037 3037 3037
    3037 3037 3037 3037 3037 3010 5374 3064 3064 3037 3037 3037 3037
    3037 3037 3037 3037 3037 3037 3037 3064 3064 3037 3037 3037 3037
    3037 3037 3010 5374 3064 3064 3037 3037 3037 3037 3037 3037 3037
    3037 3037 3037 3037 3064 3064 3037 3037 3037 3037 3037 3037 3010
    5374 3064 3064 3037 3037 3037 3037 3010 3010 3037 3037 3037 3037
    3037 3037 3037 3037 3037 3037 3064 3064 3037 3010 5374 5374 3064
    3037 3037 3010 3010 3010 3010 3037 3037 3037 3037 3037 3037 3037
    3037 3037 3037 3037 3064 3010 3010 5374 5374 3037 3037 3037 3010
    3010 3010 3010 3037 3037 3037 3037 3037 3037 3064 3037 3037 3037
    3037 3037 3010 3010 5374 5548 3037 3037 3037 3010 3010 3010 3010
    3037 3037 3037 3037 3037 3037 3064 3037 3037 3037 3037 3037 3037
    3037 5460 3010 3010 3010 3010 3010 3037 3037 3037 3037 3037 3010
    3010 3037 3037 3064 3037 3037 3037 3010 3010 3037 3037 5460 3010
    3010 3010 3010 3010 3010 3037 3064 3037 3037 3010 3010 3037 3037
    3037 3037 3037 3037 3010 3010 3037 3037 5460 5374 3010 3010 3010
    3010 3010 3037 3064 3064 3037 3010 3010 3037 3037 3037 3037 3037
    5460 5548 5548 5548 5548 5460 5374 3010 2984 2984 3010 3010 3064
    3064 3037 3037 3037 3037 3037 3037 3037 5374 5374 5460 5460 5548
    5548 5548</data></Depth16722>
</opencv_storage>
