<?xml version="1.0"?>
<opencv_storage>
<Depth0078 type_id="opencv-matrix">
  <rows>5</rows>
  <cols>34</cols>
  <dt>w</dt>
  <data>
    8019 8019 7660 7660 7660 7660 7660 7660 7660 7660 7660 7492 7492
    7492 7492 7492 7492 7492 0 0 0 0 0 0 0 0 7660 7660 9084 9084 8849
    8849 8849 8413 7835 7660 7660 7660 7660 7660 7660 7660 7660 7660
    7660 7492 7492 7492 7492 7492 7492 7492 7492 7492 7492 7492 7492
    7492 7660 7660 7660 7660 7660 7660 7660 7660 7660 7660 7660 7660
    7660 7660 7660 7660 7660 7660 7660 7660 7660 7660 7492 7492 7492
    7492 7492 7492 7492 7492 7492 7492 7492 7492 7660 7660 7660 7660
    7660 7492 7492 7492 7660 7660 7660 7660 7660 7660 7660 7660 7660
    7660 7660 7660 7660 7660 7660 7660 7660 7660 7492 7492 7492 7492
    7492 7492 7492 7492 7492 7492 7660 7660 7492 7492 7492 7660 7660
    7660 0 0 6622 6622 7660 7660 7660 7660 7660 7660 7660 7660 7660 7660
    7660 7492 7492 7492 7492 7492 7492 7492 7332 7332 7492 7492 7660
    7492 7492 7492 7492 7660 7660 7660</data></Depth0078>
</opencv_storage>
