<?xml version="1.0"?>
<opencv_storage>
<Depth18523 type_id="opencv-matrix">
  <rows>7</rows>
  <cols>25</cols>
  <dt>w</dt>
  <data>
    4983 4911 4911 4911 4983 4774 4774 4842 5933 5933 5933 4983 4983
    4983 5056 5056 6038 6038 6146 6259 6259 6259 6259 6146 6146 4983
    4911 4911 4842 4842 4774 4774 4842 4911 4911 4911 4983 4983 4983
    4911 4911 4911 4911 4983 4983 4983 4983 4911 4911 6259 4911 4911
    4911 4842 4842 4842 4842 4911 4911 4911 4911 4983 4983 4983 4911
    4911 4911 4911 4911 4983 4983 4983 4911 4911 4983 4911 4911 4911
    4911 4911 4983 4983 4911 4911 4911 4911 4983 4983 4983 4983 4911
    4911 4911 4911 4983 4983 4983 4911 4911 4983 4911 4911 4911 4911
    4983 4983 4983 4911 4911 4911 4911 4983 4983 4983 4983 4983 4983
    4911 4911 4983 4983 4983 4983 4983 4983 2450 2450 4911 4911 4911
    4911 4842 4842 4911 4911 4911 4983 4911 4911 4983 4983 4983 4983
    4983 4983 4983 4983 4983 4983 4983 2432 2432 2432 2450 2467 2467
    2467 2467 4911 4911 4911 4911 4911 4911 4911 4911 4983 4983 4983
    4983 4983 4983 4983 4983 4983</data></Depth18523>
</opencv_storage>
