<?xml version="1.0"?>
<opencv_storage>
<Depth6863 type_id="opencv-matrix">
  <rows>81</rows>
  <cols>40</cols>
  <dt>w</dt>
  <data>
    3948 3948 3903 3859 3859 3859 3859 3948 3948 1297 1292 1292 1292
    1292 1297 1292 1292 1292 1292 1292 1292 1297 1297 1302 1302 1302
    1302 3903 3903 1297 1297 3816 3816 3816 3774 2789 2767 2767 2767
    2789 3948 3948 3903 3859 3859 3859 3859 3859 1297 1297 1292 1292
    1292 1292 1297 1297 1292 1292 1292 1292 1292 1292 1292 1297 1297
    1297 1297 1297 1297 1297 1297 1297 1297 3774 3774 2789 2767 2767
    2767 2767 3994 3903 3859 3859 3859 3859 1322 1307 1292 1292 1288
    1288 1288 1288 1292 1292 1292 1292 1292 1297 1297 1292 1292 1297
    1297 1297 1297 1297 1297 1297 1297 1297 1297 1288 2812 2812 2789
    2789 2789 2767 3994 3903 3816 3816 3816 1322 1322 1307 1307 1292
    1288 1288 1288 1288 1288 1292 1292 1292 1292 1292 1292 1292 1297
    1297 1297 1297 1297 1297 1297 1297 1297 1288 1288 1288 2835 2835
    2789 2789 2789 2767 3948 3948 3816 3816 0 1322 1322 1322 1307 1292
    1288 1283 1283 1283 1288 1288 1288 1288 1288 1292 1292 1292 1292
    1292 1292 1292 1297 1297 1297 1297 1297 1288 1288 1288 2835 2835
    2789 2789 2767 2767 3903 3903 3948 0 0 0 1322 1322 1307 1292 1288
    1283 1283 1283 1283 1283 1283 1288 1288 1288 1292 1292 1292 1292
    1292 1292 1292 1292 1292 1292 1292 1292 1292 1292 2835 2835 2789
    2789 2767 2767 3903 3903 0 0 0 1328 1328 1322 1312 1297 1288 1283
    1278 1278 1283 1278 1278 1283 1283 1283 1288 1288 1288 1292 1292
    1292 1288 1288 1292 1292 1292 1292 1292 1292 2789 2789 2789 2789
    2767 2744 3903 3903 0 0 0 0 1328 1322 1317 1302 1288 1278 1273 1273
    1278 1278 1278 1278 1283 1283 1283 1288 1288 1288 1288 1283 1283
    1283 1288 1288 1292 1292 1292 1292 2789 2789 2767 2767 2767 2744
    3903 3903 0 0 0 0 0 1328 1322 1297 1283 1273 1273 1273 1278 1278
    1278 1278 1278 1278 1283 1283 1283 1283 1283 1283 1283 1283 1283
    1283 1288 1288 1288 1288 2767 2767 2767 2767 2767 2744 3903 0 3903 0
    0 0 1343 1328 1317 1297 1283 1273 1273 1273 1278 1278 1278 1278 1278
    1278 1278 1283 1283 1283 1283 1278 1278 1278 1278 1278 1283 1283
    1283 1283 2767 2767 2767 2744 2744 2744 0 0 0 0 0 1354 1343 1328
    1312 1297 1283 1273 1273 1273 1278 1278 1273 1273 1278 1278 1278
    1278 1278 1278 1283 1278 1278 1278 1278 1278 1283 1278 1278 1278
    2767 2767 2744 2744 2744 2744 0 0 0 0 0 1354 1343 1333 1312 1292
    1283 1273 1268 1268 1273 1273 1273 1273 1278 1278 1278 1278 1278
    1278 1278 1278 1278 1278 1278 1278 1278 1278 1278 1278 2744 2744
    2744 2744 2744 2744 0 0 0 1398 1398 1354 1338 1333 1312 1292 1273
    1268 1268 1268 1273 1273 1273 1273 1273 1273 1273 1273 1278 1278
    1278 1278 1278 1273 1273 1273 1278 1278 1278 1278 2744 2744 2744
    2744 2744 2744 0 0 0 1398 1398 1398 1333 1328 1312 1288 1273 1268
    1264 1264 1268 1268 1273 1273 1273 1273 1273 1273 1273 1273 1273
    1273 1273 1273 1273 1273 1278 1278 1278 1278 2744 2744 2744 2744
    2744 2744 0 0 0 1398 1398 1392 1333 1322 1307 1288 1268 1264 1264
    1264 1268 1268 1268 1268 1268 1268 1268 1268 1273 1273 1273 1268
    1268 1268 1268 1273 1273 1273 1273 1273 2744 2744 2744 2744 2744
    2723 0 1470 1464 1464 1370 1370 1333 1322 1302 1278 1268 1264 1259
    1259 1268 1264 1264 1268 1264 1264 1268 1268 1268 1273 1268 1268
    1268 1268 1268 1268 1273 1273 1273 1273 2744 2744 2744 2744 2744
    2723 1483 1470 1464 1464 1464 1370 1354 1328 1302 1273 1264 1259
    1259 1259 1264 1264 1264 1264 1264 1264 1264 1264 1268 1273 1268
    1268 1268 1268 1268 1268 1268 1268 1268 1268 2767 2767 2767 2744
    2723 2723 1483 1470 1458 1439 1439 1370 1354 1328 1297 1273 1264
    1259 1259 1259 1264 1259 1259 1259 1259 1259 1264 1264 1264 1268
    1268 1268 1268 1268 1264 1264 1268 1264 1264 1264 2767 2767 2767
    2744 2723 2723 1483 1464 1452 1439 1398 1376 1354 1328 1292 1273
    1268 1259 1259 1259 1259 1259 1259 1259 1259 1259 1264 1264 1264
    1264 1268 1268 1264 1264 1264 1264 1264 1264 1264 1264 2767 2767
    2767 2744 2723 2723 1477 1464 1445 1433 1398 1376 1333 1317 1292
    1273 1268 1259 1255 1255 1259 1259 1259 1259 1259 1259 1259 1264
    1264 1264 1264 1264 1264 1264 1264 1264 1264 1264 1264 1264 2767
    2767 2767 2744 2723 2723 1470 1458 1445 1421 1398 1387 1333 1312
    1307 1278 1268 1255 1255 1255 1255 1259 1255 1255 1259 1259 1259
    1259 1259 1259 1259 1259 1259 1259 1259 1259 1259 1259 1259 1259
    1259 2767 2767 2744 2723 2723 1470 1458 1445 1421 1398 1387 1328
    1312 1302 1288 1264 1255 1250 1250 1250 1255 1255 1255 1259 1259
    1259 1259 1259 1259 1259 1259 1259 1259 1259 1259 1259 1259 1259
    1259 0 2767 2767 2744 2744 2744 1464 1452 1445 1427 1398 1376 1328
    1312 1302 1288 1264 1255 1250 1250 1250 1255 1255 1255 1255 1255
    1255 1255 1255 1259 1259 1259 1255 1255 1259 1259 1259 1259 1259
    1259 0 2767 2767 2767 2744 2744 1464 1452 1445 1421 1398 1376 1333
    1312 1292 1288 1264 1255 1250 1250 1250 1255 1255 1255 1255 1255
    1255 1255 1255 1255 1255 1255 1255 1255 1255 1259 1259 1259 1259
    1259 1259 2767 2767 2767 2744 2744 1470 1452 1445 1421 1387 1370
    1370 1307 1288 1278 1264 1255 1250 1250 1250 1255 1250 1250 1250
    1255 1255 1255 1255 1255 1255 1255 1255 1255 1255 1255 1255 1259
    1259 1259 1259 2767 2767 2767 2767 2744 1464 1452 1445 1421 1381
    1370 1370 1307 1283 1273 1259 1250 1245 1245 1250 1250 1250 1250
    1250 1250 1250 1250 1250 1255 1255 1255 1255 1250 1250 1255 1255
    1259 1259 1259 1259 1259 2767 2767 2767 2767 1464 1452 1445 1404
    1381 1370 1370 1312 1278 1273 1259 1250 1245 1245 1250 1250 1245
    1245 1245 1245 1245 1250 1250 1255 1255 1250 1250 1250 1250 1250
    1255 1255 1255 1255 1255 0 2767 2767 2767 2767 1458 1458 1452 1398
    1381 1365 1322 1307 1278 1273 1259 1241 1241 1250 1250 1250 1245
    1245 1245 1245 1245 1245 1245 1245 1245 1245 1245 1250 1250 1250
    1250 1255 1255 1255 1255 0 2767 2767 2767 2767 1458 1452 1445 1398
    1381 1365 1317 1297 1292 1283 1259 1236 1236 1245 1245 1245 1245
    1245 1245 1245 1245 1245 1245 1245 1245 1245 1245 1245 1245 1245
    1250 1255 1255 1255 1255 2812 2767 2767 2767 2767 1464 1452 1445
    1410 1376 1343 1317 1297 1292 1283 1259 1236 1236 1241 1241 1245
    1241 1241 1241 1241 1241 1241 1241 1241 1245 1245 1245 1245 1245
    1245 1245 1250 1250 1255 1255 2812 2812 2767 2767 2767 1464 1452
    1445 1433 1376 1338 1322 1302 1292 1283 1259 1236 1236 1241 1241
    1241 1241 1241 1241 1241 1241 1241 1241 1241 1241 1241 1241 1241
    1245 1245 1245 1245 1245 1245 1245 2767 2767 2767 2767 2767 1445
    1445 1445 1427 1427 1338 1328 1302 1292 1283 1241 1236 1236 1236
    1241 1241 1241 1236 1236 1236 1236 1236 1236 1241 1241 1241 1241
    1241 1245 1245 1245 1245 1241 1241 1241 2767 2767 2767 2767 2767
    1445 1445 1445 1410 1410 1338 1333 1317 1292 1273 1241 1236 1236
    1236 1236 1236 1236 1236 1236 1236 1236 1236 1236 1236 1236 1241
    1241 1241 1241 1241 1241 1241 1236 1236 1236 1236 2789 2767 2767
    2767 1433 1433 1433 1410 1376 1338 1333 1322 1302 1268 1241 1236
    1236 1236 1236 1236 1236 1236 1236 1236 1236 1236 1236 1236 1236
    1236 1236 1241 1241 1241 1236 1236 1232 1232 1236 1236 2767 2767
    2767 2767 0 1433 1433 1398 1376 1349 1338 1317 1302 1268 1241 1232
    1232 1236 1236 1236 1236 1232 1232 1232 1236 1236 1236 1236 1236
    1236 1236 1236 1236 1236 1236 1236 1232 1232 1232 2767 2767 2767
    2744 2744 0 1410 1410 1392 1376 1359 1333 1317 1302 1259 1241 1232
    1232 1232 1232 1232 1236 1232 1232 1232 1232 1232 1236 1236 1236
    1236 1236 1236 1236 1236 1236 1236 1232 1232 1232 2744 2744 2744
    2744 2744 0 1458 1410 1392 1376 1359 1333 1312 1292 1259 1241 1232
    1232 1232 1232 1232 1232 1232 1232 1232 1232 1232 1236 1236 1232
    1232 1236 1236 1236 1236 1236 1236 1236 1236 2723 2723 2723 2744
    2744 2744 0 1445 1410 1392 1370 1354 1328 1312 1292 1264 1241 1232
    1232 1232 1232 1232 1232 1232 1232 1227 1227 1227 1232 1232 1232
