<?xml version="1.0"?>
<opencv_storage>
<Depth6550 type_id="opencv-matrix">
  <rows>93</rows>
  <cols>55</cols>
  <dt>w</dt>
  <data>
    0 0 0 0 0 0 0 0 0 0 0 0 0 0 0 0 0 0 3859 3859 3774 3774 3774 3774
    3774 3732 3732 3692 3692 3692 3653 3653 3653 3653 3614 3614 3614
    3653 3653 1087 1087 1087 1087 1087 3576 3576 3576 3539 3468 3468
    3468 1084 1073 1073 1070 0 0 0 0 0 0 0 0 0 0 0 0 1094 1094 1094 1097
    1097 1094 1084 1084 1084 1090 1090 1090 1097 1101 1094 1090 1090
    1087 1087 1087 1087 1090 1090 1087 1087 1087 1087 1087 1087 1087
    1084 1084 1084 1087 1084 1084 1084 1084 1084 1080 1080 1084 1084 0 0
    0 0 1112 1112 1108 1108 1105 1097 1097 1094 1094 1094 1094 1094 1094
    1094 1094 1084 1084 1090 1090 1090 1087 1087 1090 1090 1090 1087
    1087 1087 1087 1087 1087 1084 1084 1084 1087 1087 1087 1087 1084
    1084 1084 1084 1084 1084 1084 1080 1080 1080 1080 1080 1080 0 0 0
    1108 1108 1108 1105 1105 1101 1097 1097 1094 1094 1094 1094 1094
    1094 1094 1094 1097 1097 1094 1094 1094 1087 1087 1087 1087 1087
    1087 1087 1087 1087 1087 1087 1084 1084 1084 1084 1087 1084 1084
    1084 1084 1084 1084 1084 1084 1080 1077 1077 1077 1077 1077 1077 0 0
    1112 1108 1108 1105 1101 1097 1097 1097 1094 1094 1094 1094 1094
    1090 1090 1090 1090 1094 1094 1094 1094 1094 1087 1087 1087 1087
    1084 1084 1087 1087 1087 1087 1084 1084 1084 1084 1084 1084 1084
    1084 1084 1084 1084 1084 1084 1080 1077 1073 1073 1073 1073 1077
    1073 0 0 1112 1108 1105 1101 1097 1097 1094 1094 1094 1094 1094 1090
    1090 1090 1090 1090 1090 1090 1090 1090 1090 1090 1087 1087 1087
    1087 1084 1084 1084 1084 1084 1084 1084 1084 1084 1084 1080 1080
    1080 1080 1080 1080 1080 1080 1080 1077 1073 1073 1073 1073 1073
    1073 1073 0 1123 1112 1108 1101 1097 1094 1094 1094 1094 1094 1094
    1090 1090 1090 1087 1087 1084 1084 1087 1087 1087 1087 1087 1087
    1087 1087 1084 1084 1084 1084 1084 1084 1084 1084 1080 1080 1080
    1077 1077 1077 1073 1073 1077 1077 1077 1077 1077 1073 1073 1073
    1073 1073 1073 1073 0 1123 1115 1108 1101 1097 1094 1090 1084 1084
    1087 1087 1087 1087 1087 1084 1084 1084 1084 1087 1087 1087 1084
    1084 1084 1084 1087 1084 1084 1080 1080 1080 1080 1080 1080 1080
    1080 1080 1077 1073 1073 1073 1073 1073 1077 1077 1077 1077 1073
    1073 1073 1073 1070 1070 1070 1141 1130 1123 1112 1105 1097 1094
    1090 1084 1084 1084 1084 1084 1084 1080 1080 1080 1080 1080 1084
    1084 1087 1084 1084 1084 1080 1080 1084 1084 1080 1080 1080 1077
    1077 1080 1077 1077 1077 1077 1073 1073 1073 1073 1073 1073 1073
    1073 1073 1073 1073 1070 1070 1070 1070 1070 1141 1134 1123 1112
    1105 1094 1087 1084 1084 1084 1084 1084 1080 1080 1080 1080 1080
    1080 1080 1084 1084 1084 1084 1084 1080 1080 1080 1080 1080 1077
    1077 1073 1073 1077 1077 1077 1073 1073 1073 1073 1070 1070 1070
    1070 1073 1073 1070 1070 1070 1070 1070 1070 1067 1067 1067 1141
    1134 1123 1112 1105 1090 1087 1084 1084 1084 1084 1080 1080 1080
    1080 1080 1080 1077 1077 1080 1080 1080 1080 1080 1077 1077 1073
    1073 1077 1077 1073 1073 1073 1073 1073 1073 1073 1073 1073 1073
    1070 1070 1070 1070 1070 1070 1070 1070 1070 1070 1070 1067 1067
    1063 1063 0 1134 1123 1112 1105 1087 1084 1084 1084 1080 1080 1080
    1080 1080 1080 1080 1080 1077 1077 1080 1080 1080 1077 1077 1077
    1073 1073 1073 1073 1073 1073 1073 1070 1070 1070 1070 1073 1073
    1073 1070 1070 1070 1070 1070 1070 1067 1067 1067 1067 1067 1067
    1063 1063 1063 1060 0 1134 1123 1115 1105 1087 1084 1080 1080 1080
    1080 1080 1080 1080 1077 1077 1077 1073 1073 1077 1077 1077 1073
    1073 1073 1073 1073 1073 1073 1073 1070 1070 1070 1070 1070 1070
    1070 1070 1070 1070 1067 1067 1067 1067 1067 1067 1067 1067 1067
    1067 1063 1060 1060 1060 1060 1153 1138 1126 1119 1105 1087 1084
    1080 1080 1077 1077 1077 1077 1077 1073 1073 1073 1073 1073 1077
    1073 1073 1073 1073 1070 1070 1070 1070 1073 1070 1070 1067 1067
    1067 1067 1067 1070 1067 1067 1067 1063 1063 1063 1063 1063 1063
    1067 1067 1067 1063 1063 1060 1060 1057 1057 1153 1138 1126 1119
    1101 1087 1084 1080 1077 1077 1077 1077 1073 1073 1073 1070 1070
    1070 1070 1073 1073 1070 1070 1070 1070 1070 1070 1070 1070 1067
    1067 1067 1067 1067 1063 1063 1067 1063 1063 1063 1060 1060 1060
    1060 1060 1060 1060 1060 1060 1060 1057 1057 1057 1057 1057 1153
    1145 1126 1119 1101 1087 1084 1077 1073 1073 1073 1073 1070 1070
    1070 1070 1070 1070 1070 1073 1070 1070 1070 1070 1070 1070 1070
    1070 1067 1067 1063 1063 1063 1063 1063 1063 1063 1063 1063 1060
    1060 1060 1057 1057 1060 1060 1060 1057 1057 1057 1057 1057 1057
    1057 1054 1157 1145 1126 1115 1105 1087 1080 1073 1070 1070 1073
    1073 1070 1070 1067 1067 1067 1067 1067 1070 1070 1067 1067 1067
    1067 1067 1067 1067 1063 1063 1063 1063 1063 1060 1060 1060 1060
    1060 1060 1060 1060 1057 1057 1057 1057 1057 1060 1057 1057 1057
    1054 1054 1054 1054 1054 1153 1145 1130 1115 1105 1087 1080 1073
    1070 1070 1070 1070 1067 1067 1067 1067 1067 1067 1067 1070 1070
    1067 1063 1063 1067 1067 1067 1063 1063 1063 1060 1060 1060 1057
    1057 1060 1057 1057 1057 1060 1057 1057 1057 1057 1057 1057 1057
    1057 1057 1057 1054 1054 1054 1050 1050 1153 1145 1130 1119 1105
    1084 1077 1070 1070 1070 1070 1070 1067 1067 1067 1067 1067 1067
    1067 1070 1067 1063 1063 1063 1063 1063 1063 1060 1060 1060 1060
    1060 1060 1057 1057 1057 1057 1057 1057 1057 1057 1057 1057 1057
    1057 1057 1057 1054 1054 1054 1054 1050 1050 1047 1047 1157 1145
    1130 1126 1108 1084 1077 1070 1067 1067 1067 1067 1067 1063 1063
    1063 1063 1063 1067 1063 1060 1060 1060 1060 1060 1060 1060 1057
    1057 1057 1057 1057 1057 1057 1057 1057 1057 1057 1054 1054 1057
    1057 1054 1054 1057 1054 1050 1047 1047 1047 1047 1047 1047 1047
    1047 1157 1145 1134 1126 1115 1084 1077 1067 1067 1067 1067 1067
    1063 1063 1063 1063 1060 1060 1063 1060 1060 1060 1060 1060 1060
    1057 1057 1057 1057 1057 1057 1057 1057 1057 1057 1057 1057 1054
    1050 1050 1050 1050 1050 1050 1057 1050 1050 1047 1047 1047 1047
    1047 1047 1047 1044 1161 1145 1138 1130 1119 1087 1073 1067 1067
    1063 1063 1063 1063 1063 1063 1060 1060 1060 1060 1060 1060 1060
    1057 1057 1057 1057 1057 1057 1057 1057 1057 1057 1057 1057 1057
    1054 1054 1054 1050 1047 1047 1047 1047 1047 1050 1050 1047 1047
    1047 1047 1047 1047 1044 1044 1044 1157 1145 1138 1115 1094 1087
    1070 1063 1063 1063 1063 1063 1060 1060 1060 1060 1060 1060 1060
    1057 1057 1057 1057 1057 1057 1054 1054 1054 1054 1054 1054 1054
    1054 1054 1054 1050 1050 1050 1050 1047 1047 1044 1044 1047 1047
    1047 1047 1047 1047 1047 1044 1044 1044 1044 1044 1157 1149 1138
    1105 1094 1087 1070 1063 1063 1060 1060 1060 1057 1057 1057 1057
    1057 1057 1057 1057 1057 1057 1057 1057 1054 1054 1054 1054 1054
    1054 1054 1054 1050 1050 1050 1047 1047 1047 1047 1047 1047 1044
    1044 1044 1044 1044 1044 1044 1047 1044 1044 1044 1044 1041 1041 0
    1157 1138 1105 1097 1087 1067 1060 1057 1057 1057 1057 1057 1057
    1057 1057 1057 1057 1057 1057 1054 1054 1054 1054 1050 1050 1050
    1050 1050 1050 1054 1050 1050 1047 1047 1047 1047 1047 1047 1047
    1044 1044 1044 1044 1041 1041 1044 1044 1044 1044 1044 1041 1041
    1038 1038 0 1145 1138 1112 1101 1094 1063 1060 1057 1054 1054 1054
    1054 1054 1054 1054 1050 1050 1050 1054 1050 1050 1050 1050 1047
    1047 1050 1047 1047 1047 1050 1050 1047 1047 1047 1047 1047 1047
    1044 1044 1044 1044 1044 1041 1041 1041 1041 1041 1044 1041 1041
    1038 1038 1038 1034 0 1134 1130 1123 1105 1080 1060 1057 1054 1054
    1054 1050 1050 1050 1050 1050 1050 1047 1047 1047 1047 1047 1047
    1047 1047 1047 1047 1044 1044 1044 1047 1047 1047 1047 1044 1044
    1044 1044 1044 1044 1044 1044 1041 1041 1038 1038 1041 1041 1041
    1038 1038 1038 1034 1034 1034 0 1134 1130 1123 1108 1073 1060 1057
    1054 1050 1047 1047 1047 1047 1047 1047 1044 1044 1044 1047 1047
