<?xml version="1.0"?>
<opencv_storage>
<Depth9269 type_id="opencv-matrix">
  <rows>92</rows>
  <cols>54</cols>
  <dt>w</dt>
  <data>
    4241 4241 4241 4241 4241 4295 4241 4241 1365 1365 1370 1365 1359
    1359 1359 4241 4241 4241 4241 4241 4241 4241 4241 4241 4190 4190
    4190 4190 4190 4190 4190 4190 4190 4190 4190 4190 4190 4139 4139
    4190 4139 4139 4139 4139 4139 4139 4089 4089 4139 4089 4089 4089
    4089 4089 4241 4241 4241 4241 4241 1354 1365 1365 1365 1365 1365
    1359 1359 1359 1359 1376 1376 1376 1376 4349 4295 4241 4241 4241
    4241 4241 4241 4190 4041 3994 3994 4190 4190 4190 4190 4190 4190
    4139 4139 4190 4190 4139 4139 4139 4139 4139 4089 4089 4089 4089
    4089 4089 4089 4089 4295 4295 4295 4295 4295 1354 1354 1354 1359
    1359 1365 1359 1354 1354 1354 1359 1359 1365 1365 1359 1359 1365
    4295 4241 4241 4241 4241 1354 1354 1349 1349 1365 1365 4041 1370
    1370 1370 4190 4190 4190 4190 4139 4139 4139 4139 4139 4089 4089
    4089 4089 4139 4139 4139 4139 4295 4295 4295 4295 0 1354 1354 1354
    1359 1359 1359 1354 1354 1354 1354 1354 1359 1359 1359 1359 1359
    1359 1359 1359 1354 1354 1354 1354 1354 1349 1349 1359 1359 1359
    1359 1365 1370 1365 1365 1370 4190 4139 4139 1354 1349 1349 4190
    4190 4190 1359 1359 4139 4139 4139 4295 4295 4295 0 0 1359 1359 1359
    1359 1359 1359 1354 1354 1354 1354 1354 1354 1354 1354 1354 1354
    1354 1354 1354 1354 1354 1354 1354 1354 1354 1359 1359 1359 1359
    1359 1359 1359 1359 1359 1359 1359 1359 1354 1354 1349 1349 1349
    1359 1359 1359 1359 1365 4190 4190 4295 4295 0 0 0 1365 1365 1359
    1359 1359 1359 1359 1359 1354 1354 1354 1354 1354 1354 1354 1354
    1354 1354 1354 1354 1354 1354 1349 1349 1354 1354 1354 1354 1354
    1359 1359 1359 1359 1354 1354 1354 1354 1354 1354 1354 1349 1349
    1359 1359 1359 1359 1365 1365 1365 4295 4295 4295 0 0 0 1365 1359
    1359 1359 1359 1359 1359 1354 1354 1354 1354 1354 1354 1354 1354
    1354 1354 1354 1354 1354 1354 1349 1349 1354 1354 1354 1354 1354
    1359 1359 1359 1359 1354 1354 1354 1354 1359 1354 1354 1354 1354
    1359 1359 1359 1359 1365 1359 1359 4241 4295 0 0 0 0 1365 1365 1359
    1359 1359 1359 1359 1354 1354 1359 1354 1354 1354 1354 1354 1354
    1354 1354 1354 1354 1354 1354 1354 1354 1354 1354 1354 1354 1359
    1359 1359 1359 1359 1359 1354 1354 1354 1359 1359 1354 1354 1359
    1359 1359 1359 1365 1359 1359 4241 4241 4241 0 1359 0 1359 1359 1359
    1359 1359 1359 1359 1359 1359 1359 1354 1354 1354 1354 1354 1354
    1354 1354 1354 1354 1354 1354 1354 1354 1354 1354 1354 1354 1359
    1359 1359 1359 1359 1359 1354 1354 1354 1359 1359 1359 1359 1359
    1359 1359 1359 1365 1370 1370 4241 4241 4241 0 1359 1359 1359 1359
    1359 1359 1359 1359 1359 1354 1354 1359 1354 1354 1354 1354 1354
    1354 1359 1359 1359 1354 1354 1354 1354 1354 1354 1354 1354 1354
    1359 1359 1359 1359 1359 1359 1359 1354 1354 1359 1359 1359 1359
    1359 1359 1359 1365 1365 1370 1370 4190 0 4190 0 1359 1359 1359 1359
    1359 1359 1359 1359 1359 1354 1354 1359 1354 1354 1354 1354 1354
    1354 1354 1354 1354 1359 1359 1354 1354 1359 1359 1354 1354 1354
    1354 1354 1359 1359 1359 1359 1359 1359 1359 1359 1359 1359 1359
    1359 1359 1359 1359 1365 1365 1365 4190 0 0 0 1359 1359 1359 1359
    1359 1359 1359 1359 1359 1359 1359 1359 1359 1354 1354 1354 1354
    1354 1354 1354 1354 1354 1354 1354 1354 1359 1354 1354 1354 1354
    1354 1354 1354 1359 1359 1359 1359 1359 1359 1359 1359 1359 1359
    1359 1359 1359 1359 1359 1359 1359 4190 0 0 0 1365 1365 1365 1359
    1359 1359 1359 1359 1359 1354 1354 1359 1359 1354 1354 1354 1354
    1354 1354 1354 1354 1354 1354 1354 1354 1359 1354 1354 1354 1354
    1354 1354 1354 1359 1359 1359 1359 1359 1359 1359 1359 1359 1359
    1359 1359 1359 1359 1359 1359 0 4190 4190 0 1365 1365 1359 1359 1359
    1359 1359 1359 1354 1354 1354 1354 1354 1359 1359 1359 1359 1359
    1354 1354 1354 1354 1354 1354 1354 1354 1359 1359 1354 1354 1354
    1354 1354 1359 1359 1359 1359 1359 1359 1359 1359 1359 1359 1354
    1354 1359 1359 1359 1359 1359 0 4190 0 0 0 1365 1359 1359 1354 1354
    1359 1359 1354 1354 1354 1354 1354 1354 1354 1354 1354 1359 1354
    1354 1354 1354 1354 1354 1354 1354 1359 1359 1354 1354 1354 1354
    1359 1359 1359 1359 1359 1359 1359 1359 1359 1359 1359 1354 1354
    1359 1359 1359 1359 1359 0 4190 4190 0 1365 1365 1359 1359 1354 1354
    1359 1359 1354 1354 1354 1354 1354 1354 1354 1354 1354 1354 1359
    1359 1359 1359 1359 1354 1354 1354 1359 1359 1354 1354 1354 1359
    1359 1359 1359 1359 1359 1359 1359 1359 1359 1359 1359 1359 1359
    1359 1359 1359 1365 1365 1365 4241 4241 0 1365 1365 1359 1359 1359
    1359 1359 1359 1359 1359 1359 1359 1359 1354 1354 1354 1354 1354
    1354 1354 1359 1359 1354 1354 1354 1354 1354 1354 1354 1359 1359
    1359 1359 1359 1359 1359 1359 1359 1359 1359 1359 1365 1365 1359
    1359 1359 1359 1359 1365 1365 1365 4241 4241 0 1365 1365 1359 1359
    1359 1359 1359 1359 1359 1359 1359 1359 1359 1354 1354 1354 1354
    1354 1354 1354 1359 1359 1354 1354 1354 1354 1354 1354 1354 1359
    1359 1359 1359 1359 1359 1359 1359 1354 1354 1359 1359 1359 1365
    1359 1359 1359 1359 1359 1365 1365 1365 4241 4241 1387 1365 1365
    1359 1359 1359 1359 1359 1359 1359 1359 1359 1359 1359 1359 1359
    1359 1354 1354 1354 1354 1354 1354 1354 1354 1354 1354 1359 1354
    1354 1359 1359 1359 1359 1359 1359 1359 1359 1354 1354 1359 1359
    1359 1365 1359 1354 1354 1359 1365 1365 1365 1365 4241 0 1387 1387
    1365 1359 1359 1359 1359 1359 1359 1359 1359 1359 1359 1359 1359
    1354 1354 1354 1354 1354 1354 1354 1354 1354 1354 1354 1354 1359
    1359 1359 1359 1359 1359 1359 1359 1359 1359 1359 1359 1359 1359
    1365 1365 1365 1359 1354 1354 1359 1365 1365 1365 1365 4190 4190
    1381 1381 1365 1359 1359 1359 1354 1354 1359 1354 1354 1354 1359
    1359 1359 1354 1354 1354 1354 1354 1354 1354 1354 1354 1354 1354
    1359 1359 1359 1359 1359 1359 1359 1359 1359 1359 1359 1359 1359
    1359 1359 1359 1359 1359 1359 1359 1359 1359 1370 1370 1370 1370
    4190 4190 0 1376 1365 1359 1359 1359 1354 1354 1354 1354 1354 1354
    1354 1359 1359 1354 1354 1354 1354 1354 1354 1354 1354 1354 1354
    1354 1354 1359 1354 1354 1354 1359 1359 1365 1359 1359 1359 1359
    1359 1359 1359 1359 1359 1359 1359 1359 1359 1359 1365 1365 1365 0
    4241 4241 1376 1376 1359 1359 1359 1359 1354 1354 1354 1354 1354
    1354 1354 1354 1359 1359 1359 1354 1354 1354 1354 1354 1354 1354
    1354 1354 1354 1354 1354 1354 1354 1354 1359 1359 1359 1359 1354
    1354 1359 1354 1354 1354 1359 1359 1359 1359 1359 1359 1365 1365
    1365 0 4241 0 1376 1359 1359 1359 1359 1359 1354 1354 1354 1354 1354
    1354 1354 1354 1354 1354 1354 1354 1354 1354 1354 1354 1359 1359
    1359 1354 1354 1354 1354 1354 1354 1354 1359 1359 1359 1354 1354
    1354 1354 1354 1354 1354 1359 1359 1359 1359 1359 1359 1365 1365
    1365 0 4241 0 1376 1376 1359 1359 1359 1354 1354 1354 1354 1354 1354
    1354 1354 1354 1354 1354 1354 1354 1354 1354 1354 1354 1359 1359
    1359 1359 1359 1359 1354 1354 1354 1354 1359 1359 1359 1354 1354
    1354 1354 1354 1354 1354 1354 1359 1359 1359 1365 1365 1365 1365 0 0
    4295 0 1370 1370 1365 1365 1359 1354 1354 1354 1354 1354 1354 1354
    1354 1354 1354 1354 1354 1354 1354 1354 1354 1354 1359 1359 1359
    1359 1359 1354 1354 1354 1354 1359 1359 1359 1359 1354 1354 1354
    1354 1354 1354 1354 1354 1359 1359 1359 1359 1359 1359 1359 1359 0 0
    0 0 1365 1365 1365 1359 1354 1354 1354 1354 1354 1354 1354 1354 1354
    1354 1354 1354 1354 1354 1354 1354 1359 1359 1359 1359 1359 1359
    1354 1354 1354 1359 1359 1359 1359 1359 1354 1354 1354 1354 1354
    1354 1354 1354 1359 1359 1359 1359 1359 1359 1359 1359 0 0 0 0 1359
    1359 1365 1359 1354 1354 1354 1354 1359 1359 1359 1354 1354 1354
    1354 1354 1354 1354 1354 1354 1359 1359 1359 1359 1359 1359 1354
    1354 1359 1359 1365 1359 1359 1359 1359 1359 1359 1354 1354 1359
