<?xml version="1.0"?>
<opencv_storage>
<Depth8980 type_id="opencv-matrix">
  <rows>7</rows>
  <cols>15</cols>
  <dt>w</dt>
  <data>
    7178 7178 7332 7332 7332 7332 7492 7660 7332 7332 7178 7178 7332
    7332 9084 7178 7178 7178 7178 7178 7178 7332 7332 7178 7178 7178
    7178 7332 7660 9084 7178 7178 7178 7178 7178 7178 7178 7178 7178
    7178 7332 7332 7332 7660 8626 7178 7178 7178 7178 7178 7178 7178
    7178 7178 7178 7332 7332 7332 7660 7660 7030 7178 7178 7178 7178
    7178 7178 7178 7178 7178 7178 7332 7332 7492 7492 7030 7030 7178
    7178 7178 7178 7178 7178 7178 7178 7178 7332 7332 7332 7332 7030
    7030 7178 7178 7332 7178 7178 7178 7178 7178 7332 7332 7332 7332
    7332</data></Depth8980>
</opencv_storage>
