<?xml version="1.0"?>
<opencv_storage>
<Depth14300 type_id="opencv-matrix">
  <rows>41</rows>
  <cols>49</cols>
  <dt>w</dt>
  <data>
    4774 4774 4774 4842 4842 4842 4842 4842 4842 4842 4842 4842 4842
    2381 2381 2365 2365 2365 2365 2349 2349 4983 4983 4983 4983 4983
    4983 4983 4983 4983 4983 4983 4983 4983 4983 4983 5056 5056 5056
    5056 5056 5056 5056 5056 5056 5056 5056 5056 5056 4774 4774 4774
    4774 4774 4774 4842 4774 4774 4842 4842 4842 2365 2365 2365 2365
    2365 2365 2365 2349 2349 2365 4983 4983 4983 4911 4911 4983 4983
    4983 4983 4983 4983 4983 5056 5056 5056 5056 5056 5056 5056 5056
    5056 5056 5056 5056 5056 5056 5056 4774 4774 4774 4774 4774 4774
    4774 4774 4774 4774 4774 2365 2365 2349 2349 2365 2365 2365 2381
    2365 2365 2349 2349 4983 4983 4911 4911 4983 4983 4983 4983 4983
    4983 4983 4983 4983 4983 4983 4983 4983 5056 5056 5056 5056 5056
    5056 5056 5056 5056 4774 4774 4774 4774 4774 4774 4774 4774 4774
    2349 2349 2349 2349 2349 2349 2349 2349 2349 2365 2365 2365 2349
    2349 2349 5056 4983 4983 4983 4983 4983 4983 4983 4983 4983 4983
    4983 4983 4983 4983 4983 4983 4983 4983 4983 4983 5056 5056 4983
    4983 4774 4774 4774 4774 4774 4774 4774 4774 4774 2349 2349 2349
    2349 2349 2349 2349 2349 2349 2365 2349 2349 2349 2349 2349 2349
    5056 5056 4911 4911 4911 4983 4983 4983 4983 4983 4983 4983 4983
    4983 4983 4983 4983 4983 4983 4983 4983 5056 4983 4983 4774 4774
    4774 4774 4774 4774 4774 4774 2349 2349 2333 2333 2333 2349 2349
    2349 2349 2349 2349 2349 2349 2349 2349 2349 2349 2333 2333 4911
    4911 4911 4911 4911 4911 4911 4911 4983 4983 4983 4983 4983 4983
    4983 4983 4983 4983 4983 4983 4983 4983 4708 4774 4774 4774 4774
    4774 4774 2365 2349 2349 2333 2333 2333 2333 2349 2349 2333 2333
    2349 2349 2349 2349 2349 2349 2349 2333 2333 2333 2349 4983 4842
    4842 4911 4911 4911 4911 4911 4911 4983 4983 4983 4983 4911 4911
    4911 4911 4911 4911 4911 4708 4774 4708 4708 4774 4774 4774 2349
    2349 2349 2333 2333 2333 2333 2349 2349 2333 2333 2349 2349 2349
    2349 2349 2349 2349 2349 2333 2333 2349 2365 2365 4842 4842 4911
    4911 4911 4911 4911 4911 4911 4983 4983 4911 4911 4911 4911 4911
    4911 4911 4708 4708 4708 4708 4708 4708 2349 2349 2349 2333 2333
    2333 2333 2333 2333 2349 2333 2333 2349 2349 2349 2349 2349 2349
    2349 2349 2349 2365 2365 2365 2349 2349 4842 4842 4911 4911 4911
    4911 4911 4911 4983 4983 4911 4911 4911 4911 4911 4911 4911 4708
    4708 4645 4645 4645 2333 2333 2333 2333 2333 2333 2333 2333 2333
    2333 2349 2333 2333 2349 2349 2349 2349 2349 2349 2349 2349 2349
    2365 2365 2365 2349 2333 2333 2381 4842 4842 4911 4911 4911 4911
    4911 4911 4911 4911 4911 4911 4911 4911 4911 4708 4708 4645 2333
    2333 2333 2333 2333 2333 2333 2333 2333 2333 2333 2333 2333 2333
    2333 2349 2349 2349 2349 2349 2349 2349 2349 2349 2365 2349 2349
    2349 2333 2333 2365 2398 4842 4911 4911 4911 4911 4911 4911 4911
    4911 4911 4911 4911 4911 4911 4708 4645 4645 2333 2333 2333 2333
    2333 2333 2333 2333 2333 2333 2333 2333 2333 2333 2333 2349 2349
    2349 2349 2349 2349 2349 2349 2349 2349 2349 2349 2349 2349 2349
    2349 2333 2333 4911 4983 4983 4983 4911 4911 4911 4911 4911 4911
    4911 4911 4911 4708 4645 4645 2333 2333 2333 2333 2333 2317 2317
    2317 2333 2333 2333 2333 2333 2333 2333 2349 2349 2349 2349 2349
    2349 2349 2349 2349 2349 2349 2349 2349 2349 2349 2349 2333 2333
    2365 2365 4983 4983 4911 4911 4911 4911 4911 4842 4842 4842 4911
    4645 4645 2333 2333 2333 2333 2333 2333 2317 2317 2317 2333 2333
    2333 2333 2333 2333 2333 2349 2349 2349 2349 2349 2349 2349 2349
    2349 2349 2349 2349 2349 2349 2349 2349 2349 2349 2349 2349 2333
    2333 4911 4842 4842 4911 4911 4842 4842 4842 4911 4645 4645 2317
    2317 2333 2333 2333 2333 2317 2317 2317 2333 2333 2333 2333 2333
    2333 2333 2349 2349 2349 2349 2349 2349 2349 2349 2349 2349 2349
    2349 2349 2349 2349 2349 2349 2349 2349 2349 2333 2333 2317 2317
    4842 4911 4911 4911 4911 4911 4842 4645 4645 2317 2317 2333 2333
    2333 2333 2317 2317 2317 2333 2333 2333 2333 2333 2333 2333 2349
    2349 2349 2349 2349 2349 2349 2349 2349 2349 2349 2349 2349 2349
    2349 2349 2349 2349 2349 2349 2333 2333 2317 2317 2349 4911 4911
    4911 4842 4842 4842 4645 4708 2317 2317 2333 2333 2333 2333 2333
    2317 2317 2317 2317 2333 2333 2333 2333 2333 2349 2349 2349 2349
    2349 2349 2349 2349 2349 2349 2349 2349 2349 2349 2349 2349 2349
    2349 2349 2349 2349 2349 2333 2333 2349 2349 4911 4911 4842 4842
    4842 4645 4708 2317 2317 2317 2317 2317 2317 2317 2317 2317 2317
    2317 2333 2333 2333 2333 2333 2349 2349 2349 2349 2349 2349 2349
    2349 2349 2349 2349 2349 2349 2349 2349 2333 2333 2333 2349 2349
    2349 2349 2333 2333 2333 2333 2333 2349 4911 4842 4842 2333 2333
    2317 2317 2317 2317 2317 2317 2317 2317 2317 2317 2317 2317 2333
    2333 2333 2333 2349 2333 2333 2333 2333 2333 2349 2349 2349 2349
    2349 2349 2349 2349 2349 2333 2333 2333 2349 2349 2349 2349 2349
    2349 2333 2333 2333 2349 2349 4842 4842 2317 2317 2317 2317 2317
    2317 2317 2317 2317 2317 2317 2317 2317 2317 2333 2333 2333 2333
    2333 2333 2333 2333 2333 2333 2333 2333 2333 2349 2349 2349 2349
    2349 2349 2333 2333 2333 2333 2333 2333 2333 2349 2349 2349 2333
    2333 2333 2333 4842 4774 2317 2317 2317 2317 2317 2317 2317 2317
    2317 2317 2317 2317 2317 2317 2333 2333 2333 2333 2333 2333 2333
    2333 2333 2333 2333 2333 2333 2349 2349 2349 2349 2349 2349 2333
    2333 2333 2333 2333 2333 2333 2349 2349 2349 2333 2333 2333 2333
    2333 4774 2317 2301 2301 2317 2317 2317 2317 2317 2317 2317 2317
    2317 2317 2317 2317 2317 2317 2317 2333 2333 2349 2349 2333 2333
    2333 2333 2333 2349 2333 2333 2349 2349 2349 2349 2333 2333 2333
    2333 2349 2349 2349 2349 2349 2333 2333 2333 2333 2333 2349 2317
    2301 2301 2317 2317 2317 2317 2317 2317 2317 2317 2317 2317 2317
    2317 2317 2317 2317 2333 2333 2349 2349 2333 2333 2349 2349 2349
    2349 2333 2333 2333 2333 2349 2349 2349 2333 2333 2333 2333 2333
    2349 2349 2349 2333 2333 2333 2333 2333 2333 4522 4522 2317 2317
    2317 2301 2301 2317 2317 2317 2317 2317 2317 2317 2317 2317 2317
    2317 2333 2333 2349 2349 2349 2349 2349 2333 2333 2333 2333 2333
    2333 2333 2333 2349 2349 2333 2333 2333 2333 2333 2349 2333 2333
    2333 2333 2333 2333 2333 2333 4522 4522 4522 4522 2317 2301 2301
    2317 2317 2317 2317 2317 2317 2317 2317 2317 2317 2317 2333 2333
    2333 2349 2349 2349 2333 2333 2333 2333 2333 2333 2333 2333 2333
    2333 2333 2333 2333 2333 2333 2333 2333 2333 2333 2333 2333 2333
    2333 2333 2333 4522 4522 4522 4522 2317 2317 2317 2301 2301 2301
    2301 2317 2317 2317 2317 2317 2317 2317 2333 2333 2333 2333 2333
    2333 2333 2333 2333 2333 2333 2333 2333 2333 2333 2333 2333 2333
    2333 2333 2333 2333 2333 2333 2333 2333 2333 2333 2333 2333 2333
    4522 4522 4522 4522 4522 2317 2317 2301 2301 2301 2301 2317 2317
    2317 2317 2317 2317 2317 2333 2333 2333 2333 2333 2333 2333 2333
    2333 2333 2333 2333 2333 2333 2333 2333 2333 2333 2333 2333 2333
    2333 2333 2333 2333 2333 2333 2333 2333 2333 4774 4522 4522 4522
    4522 4522 4522 4522 2317 2301 2301 2301 2317 2317 2317 2317 2317
    2317 2317 2333 2317 2317 2317 2333 2333 2333 2333 2333 2333 2333
    2333 2333 2333 2333 2333 2333 2333 2333 2333 2333 2333 2333 2317
    2317 2333 2317 2317 2333 4708 4774 4522 4522 4522 4522 4522 4522
    4522 4522 4522 2317 2317 2317 2317 2317 2317 2317 2317 2317 2333
    2317 2317 2317 2333 2333 2333 2333 2333 2333 2333 2333 2333 2333
    2333 2333 2333 2333 2333 2333 2333 2333 2333 2317 2317 2333 2317
    2317 4708 4708 4774 4522 4522 4522 4522 4522 4522 4522 4522 4522
    4463 2317 2317 2317 2317 2317 2317 2317 2317 2333 2333 2333 2333
    2333 2333 2333 2333 2333 2333 2333 2333 2333 2333 2333 2333 2333
    2333 2333 2333 2317 2317 2317 2317 2317 2317 2317 2317 2317 4708
    4774 4522 4522 4522 4522 4522 4522 4522 4522 4522 4463 4463 4463
