<?xml version="1.0"?>
<opencv_storage>
<Depth7513 type_id="opencv-matrix">
  <rows>38</rows>
  <cols>82</cols>
  <dt>w</dt>
  <data>
    4089 4089 4089 4089 4089 4089 4089 4089 4089 4041 4041 4041 4041
    4041 4041 4089 4089 4041 4041 4041 4089 4041 4041 4041 3994 3994
    3948 3948 3948 3994 4041 3994 3994 3948 3948 3948 3948 3948 3903
    3859 3859 3816 3816 3816 3816 3816 3816 3859 3903 3903 3903 3903
    3948 3948 3948 3948 3859 3816 3816 3816 1639 1639 1632 1616 1609
    1601 1601 1601 1601 1609 1609 1609 1609 1609 1601 1601 1601 1594
    1594 1189 1189 1197 4089 4139 4089 4041 4041 4041 4041 4041 4041
    4041 4041 4041 4041 4041 4089 4089 4089 4041 4041 4089 4089 1223
    1223 4041 4041 4041 1223 1219 1214 1214 1219 1219 1219 1219 1214
    1214 1214 1210 1210 3859 1210 1210 1210 1210 1214 1214 1214 3859
    3903 3903 3903 1206 1206 1206 1210 1206 1202 1197 1197 1197 1193
    1185 1185 1616 1609 1601 1601 1601 1601 1601 1609 1616 1616 1609
    1601 1197 1197 1193 1193 1189 1189 1193 4089 4139 4089 4041 1241
    1236 1232 1232 4041 4041 4041 1232 1227 1227 1227 1227 4139 1227
    1223 1223 1223 1223 1223 1223 1223 1219 1219 1219 1214 1214 1214
    1214 1214 1214 1210 1210 1210 1210 1210 1210 1206 1206 1210 1210
    1210 1210 1206 1206 1210 1206 1206 1206 1206 1206 1206 1206 1202
    1197 1197 1197 1193 1185 1185 1197 1197 1197 1197 1193 1193 1193
    1193 1193 1193 1193 1197 1193 1193 1189 1189 1189 1189 1185 4190
    4139 4089 1236 1236 1232 1232 1232 1232 1232 1227 1227 1223 1223
    1227 1227 1227 1223 1223 1223 1223 1223 1223 1223 1219 1219 1219
    1219 1214 1214 1214 1210 1210 1210 1210 1210 1210 1206 1206 1206
    1206 1206 1206 1206 1206 1206 1206 1206 1206 1206 1206 1206 1206
    1202 1202 1202 1202 1197 1197 1197 1193 1193 1197 1197 1197 1197
    1197 1193 1193 1193 1193 1193 1193 1193 1193 1193 1193 1189 1189
    1189 1189 1185 4089 1232 1232 1232 1227 1227 1227 1227 1227 1227
    1227 1227 1223 1223 1227 1227 1227 1223 1223 1223 1223 1223 1223
    1219 1219 1214 1214 1214 1214 1210 1210 1210 1210 1210 1210 1210
    1206 1206 1206 1206 1206 1206 1206 1206 1206 1206 1202 1202 1202
    1202 1202 1202 1202 1202 1202 1197 1197 1197 1197 1197 1197 1197
    1197 1197 1197 1197 1197 1193 1193 1193 1193 1193 1193 1193 1193
    1189 1189 1189 1189 1189 1185 1185 1232 1232 1227 1227 1223 1223
    1223 1227 1227 1223 1223 1227 1223 1223 1227 1227 1227 1223 1223
    1219 1219 1219 1219 1219 1214 1214 1214 1214 1210 1210 1210 1210
    1210 1210 1210 1206 1206 1206 1206 1206 1206 1202 1202 1202 1197
    1197 1197 1197 1202 1202 1202 1202 1202 1202 1197 1197 1197 1197
    1197 1197 1197 1193 1193 1197 1197 1197 1193 1193 1193 1193 1193
    1193 1193 1193 1189 1189 1185 1181 1181 1185 1185 1185 0 1232 1232
    1223 1219 1219 1223 1223 1223 1223 1223 1223 1223 1223 1223 1223
    1223 1223 1219 1219 1219 1219 1219 1219 1214 1214 1210 1210 1210
    1210 1210 1210 1206 1206 1206 1206 1206 1206 1202 1202 1202 1202
    1202 1202 1197 1193 1193 1197 1202 1202 1197 1197 1197 1197 1197
    1197 1193 1193 1193 1193 1193 1193 1193 1193 1193 1193 1193 1193
    1193 1193 1193 1189 1189 1189 1189 1185 1185 1181 1181 1181 1185
    1185 0 1232 1232 1223 1219 1219 1223 1223 1223 1223 1223 1223 1219
    1219 1219 1219 1219 1219 1219 1219 1219 1214 1214 1214 1214 1214
    1210 1210 1210 1210 1210 1210 1206 1206 1206 1206 1202 1202 1197
    1197 1197 1202 1202 1202 1197 1193 1193 1197 1202 1197 1197 1197
    1197 1197 1197 1197 1193 1193 1193 1193 1193 1193 1193 1193 1193
    1193 1193 1193 1189 1189 1189 1185 1185 1185 1185 1185 1185 1181
    1181 1181 1181 1181 0 1232 1232 1223 1219 1219 1223 1223 1223 1219
    1219 1223 1219 1219 1219 1214 1214 1214 1214 1214 1214 1214 1214
    1214 1214 1214 1210 1210 1206 1206 1206 1206 1206 1206 1206 1202
    1202 1202 1197 1197 1197 1197 1197 1202 1197 1193 1193 1193 1197
    1197 1197 1197 1193 1193 1193 1193 1193 1193 1193 1193 1193 1193
    1193 1193 1193 1193 1189 1189 1189 1185 1185 1181 1181 1185 1185
    1185 1181 1181 1181 1177 1177 1177 0 1241 1241 1227 1223 1223 1219
    1219 1219 1219 1219 1223 1219 1214 1214 1214 1214 1214 1214 1214
    1214 1210 1210 1210 1210 1210 1210 1206 1206 1206 1206 1206 1206
    1206 1202 1202 1202 1202 1197 1197 1197 1197 1197 1197 1197 1197
    1193 1193 1197 1197 1197 1197 1193 1193 1193 1193 1193 1193 1193
    1193 1193 1193 1193 1189 1189 1189 1185 1185 1185 1181 1181 1181
    1181 1181 1181 1185 1181 1181 1177 1177 1177 1177 0 1245 1245 1236
    1227 1223 1219 1219 1219 1219 1219 1219 1214 1214 1210 1210 1210
    1210 1210 1214 1210 1210 1210 1210 1210 1210 1210 1206 1206 1206
    1206 1206 1206 1206 1202 1202 1202 1202 1197 1197 1197 1197 1197
    1197 1197 1193 1193 1193 1197 1197 1197 1193 1193 1193 1193 1193
    1193 1193 1193 1193 1193 1189 1189 1185 1185 1185 1185 1185 1185
    1181 1181 1181 1181 1181 1181 1181 1181 1177 1177 1173 1173 1177
    1297 1268 1259 1245 1223 1223 1219 1219 1219 1219 1219 1214 1214
    1214 1210 1210 1210 1210 1210 1214 1210 1210 1210 1210 1210 1210
    1206 1206 1206 1206 1206 1206 1206 1206 1202 1202 1202 1197 1197
    1197 1197 1193 1193 1193 1193 1193 1193 1193 1193 1193 1193 1193
    1193 1193 1193 1193 1193 1189 1189 1189 1189 1185 1185 1185 1185
    1185 1185 1185 1181 1181 1181 1181 1181 1181 1181 1181 1177 1177
    1173 1173 1173 1177 1297 1283 1268 1250 1223 1219 1219 1214 1214
    1214 1214 1210 1210 1210 1210 1210 1210 1210 1210 1210 1210 1206
    1206 1206 1206 1206 1206 1206 1206 1206 1206 1206 1202 1202 1202
    1202 1202 1197 1197 1197 1193 1193 1193 1193 1189 1189 1189 1193
    1193 1193 1193 1193 1193 1193 1193 1193 1193 1189 1189 1185 1185
    1181 1181 1181 1181 1181 1185 1181 1181 1181 1177 1177 1181 1181
    1181 1177 1177 1173 1169 1169 1169 1177 1297 1283 1273 1273 1223
    1219 1214 1214 1214 1210 1210 1210 1210 1210 1210 1210 1210 1210
    1210 1210 1210 1206 1206 1206 1206 1206 1206 1206 1206 1206 1206
    1202 1202 1202 1197 1197 1197 1197 1197 1197 1193 1189 1189 1189
    1189 1189 1189 1193 1193 1193 1193 1193 1189 1189 1189 1189 1189
    1189 1189 1185 1185 1181 1181 1181 1181 1181 1181 1181 1177 1177
    1177 1177 1177 1177 1177 1177 1173 1173 1169 1169 1169 1173 0 0 1297
    1278 1223 1219 1210 1210 1210 1210 1210 1210 1210 1210 1210 1210
    1210 1210 1210 1210 1206 1206 1202 1197 1197 1202 1202 1202 1202
    1202 1202 1197 1197 1197 1197 1197 1193 1193 1193 1193 1189 1189
    1189 1189 1189 1189 1189 1193 1193 1193 1193 1189 1189 1185 1185
    1185 1185 1185 1185 1181 1181 1181 1181 1181 1181 1181 1181 1181
    1177 1177 1177 1177 1177 1177 1177 1177 1173 1173 1173 1173 1173
    1173 0 0 1307 1307 1307 1214 1210 1210 1206 1206 1210 1210 1210 1210
    1210 1210 1210 1206 1206 1206 1206 1202 1202 1197 1197 1197 1197
    1197 1197 1197 1197 1197 1197 1193 1193 1193 1189 1189 1193 1193
    1189 1189 1185 1185 1189 1185 1185 1193 1193 1193 1189 1189 1185
    1185 1185 1181 1181 1185 1181 1181 1181 1181 1181 1181 1181 1181
    1181 1181 1177 1177 1177 1177 1177 1177 1173 1173 1173 1173 1173
    1173 1173 1173 0 0 1297 1292 1292 1210 1206 1206 1206 1206 1210 1210
    1210 1210 1210 1210 1206 1206 1206 1206 1202 1202 1202 1197 1197
    1197 1197 1193 1193 1193 1193 1193 1193 1193 1193 1193 1189 1189
    1189 1189 1189 1189 1185 1185 1189 1185 1185 1189 1189 1189 1189
    1189 1185 1185 1185 1181 1181 1185 1181 1181 1181 1177 1177 1177
    1177 1181 1181 1177 1177 1177 1177 1177 1177 1177 1173 1173 1173
    1173 1173 1173 1173 1173 0 1312 1297 1292 1206 1206 1206 1206 1206
    1206 1210 1210 1210 1210 1210 1210 1206 1206 1206 1206 1202 1202
    1202 1197 1197 1197 1193 1193 1193 1193 1193 1193 1193 1193 1189
    1189 1189 1189 1189 1189 1189 1189 1185 1185 1185 1185 1185 1185
    1185 1189 1185 1185 1185 1185 1185 1181 1181 1181 1181 1181 1177
    1177 1177 1177 1177 1177 1177 1177 1177 1177 1177 1177 1177 1177
    1173 1173 1173 1173 1173 1169 1169 1169 0 1312 1302 1302 1206 1206
