<?xml version="1.0"?>
<opencv_storage>
<Depth12281 type_id="opencv-matrix">
  <rows>6</rows>
  <cols>19</cols>
  <dt>w</dt>
  <data>
    0 0 5734 5640 5640 5640 0 0 0 5374 5374 5548 5640 5548 5548 5460
    5374 5374 5460 5548 5548 5640 5640 5640 5640 5640 5640 5640 5548
    5548 5548 5548 5548 5548 5548 5460 5460 5374 5548 5548 5548 5548
    5548 5548 5640 5640 5640 5640 5640 5640 5548 5548 5548 5548 5548
    5548 5374 5640 5548 5548 5548 5548 5548 5640 5640 5640 5640 5640
    5640 5548 5460 5460 5548 5548 5548 5548 5640 5548 5460 5460 5374
    5374 5640 5640 5640 5640 5640 5640 5548 5460 5460 5640 5640 5734 0
    5734 5460 5460 5460 5374 5374 5374 6889 6889 6753 6753 0 0 0 0 0 0 0
    0</data></Depth12281>
</opencv_storage>
