<?xml version="1.0"?>
<opencv_storage>
<Depth2233 type_id="opencv-matrix">
  <rows>15</rows>
  <cols>30</cols>
  <dt>w</dt>
  <data>
    9870 9870 9870 9870 9870 9870 9870 9870 9870 9870 9870 9870 9593
    9593 9593 9870 9870 3732 3732 3692 3653 3653 3653 3653 3653 3653
    3653 3653 3653 3653 9870 9870 9870 9593 9593 9870 9870 9870 9870
    9870 9870 9870 9593 9593 9593 3653 3653 3692 3692 3692 3653 3653
    3653 3653 3653 3653 3653 3653 3653 3653 9870 9870 9870 9593 9593
    9870 9870 9870 9870 9870 0 9870 9593 9084 3653 3653 3653 3692 3692
    3692 3692 3653 3653 3653 3653 3653 3653 3653 3653 3653 9870 9870
    9870 9593 9593 9870 9870 9870 9870 9870 0 9870 3732 3692 3653 3653
    3653 3653 3653 3692 3692 3653 3653 3653 3653 3653 3653 3653 3653
    3653 0 9870 9870 9870 9870 9870 9870 9870 3816 3816 3774 3732 3732
    3692 3653 3653 3653 3653 3653 3692 3692 3653 3653 3653 3653 3653
    3653 3653 3653 3653 0 9870 9870 9870 9870 9870 9593 3774 3774 3774
    3774 3732 3732 3692 3653 3653 3653 3653 3653 3692 3653 3653 3653
    3653 3653 3653 3653 3614 3614 3614 0 0 9870 9870 3774 3732 3692 3692
    3692 3732 3732 3692 3692 3692 3692 3692 3692 3692 3653 3653 3653
    3653 3653 3653 3653 3653 3614 3614 3614 3614 0 0 3774 3774 3774 3732
    3692 3692 3692 3732 3732 3692 3653 3653 3692 3692 3692 3692 3653
    3653 3653 3653 3653 3653 3653 3653 3614 3614 3614 9331 0 0 3774 3774
    3774 3774 3732 3732 3692 3692 3692 3692 3653 3653 3692 3692 3692
    3692 3653 3653 3653 3614 3614 3653 3692 3692 9331 9331 9331 9331
    3774 3774 3774 3774 3774 3774 3732 3732 3692 3692 3692 3692 3692
    3692 3692 3692 3692 3692 3653 3653 3653 3614 3614 9870 9593 9593
    9331 9331 9331 9331 3774 3774 3774 3732 3732 3774 3774 3732 3692
    3692 3692 3692 3692 3653 3653 3653 3692 3692 3653 3653 3653 9870
    9870 9870 9593 9331 9084 9084 9084 9084 3732 3732 3774 3732 3732
    3774 3732 3732 3692 3692 3692 3692 3692 3653 3653 3653 3692 3653
    3653 3653 3653 9870 9593 9593 9331 9331 9084 9084 9084 9084 3732
    3732 3732 3732 3732 3774 3732 3692 3692 3732 3732 3732 3692 3692
    3692 3692 3692 3653 3653 9870 9870 9870 9593 9593 9331 9331 9084
    9084 9084 8849 3732 3732 3732 3732 3732 3732 3692 3692 3692 3732
    3774 3774 3692 3692 3692 9870 9870 9593 9593 9331 9331 9331 9084
    9084 9084 9084 8849 8849 8626 8626 3732 3732 3732 3692 3692 3732
    3692 3692 3732 0 0 9593 9593 9593 9870 9870 9593 9331 9331 9084 9084
    9084 9084 9084 8849 8849 8626 8626 8413 8212</data></Depth2233>
</opencv_storage>
