<?xml version="1.0"?>
<opencv_storage>
<Depth15346 type_id="opencv-matrix">
  <rows>52</rows>
  <cols>36</cols>
  <dt>w</dt>
  <data>
    3774 3774 3816 3816 3816 3816 3774 3774 3816 3816 1915 1915 3816
    3816 1970 1970 1970 1970 4089 4089 4041 2129 2129 2129 3994 4041
    4041 4041 4041 4041 4041 4041 4041 4041 4041 4041 3774 3816 3816
    1936 1936 1926 1926 1926 1894 1894 1904 1904 1904 1926 1947 1970
    1970 1970 4089 4089 4041 3994 3994 3994 3994 3994 4041 4041 4041
    4041 4041 4041 4041 4041 4041 4041 1936 1936 1936 1936 1936 1926
    1926 1926 1894 1894 1904 1904 1904 1926 1947 1970 1970 1970 1981
    1981 4041 3994 3948 3948 3994 3994 4041 4041 4089 4089 4041 4041
    4041 4041 4041 4041 1936 1936 1936 1926 1926 1936 1936 1936 1936
    1936 1926 1926 1926 1936 1947 1970 1970 1970 1981 1970 1970 1981
    2005 2005 2016 4041 4041 4089 4089 4089 4041 4041 4041 4041 4041
    4041 1936 1936 1926 1926 1926 1926 1926 1936 1936 1936 1936 1936
    1936 1936 1936 1959 1970 1970 1981 1970 1970 1981 2005 2005 2016
    2040 2065 2065 2078 4089 4041 4041 4041 4041 4041 4089 1936 1936
    1926 1926 1926 1926 1926 1926 1926 1926 1926 1936 1936 1936 1936
    1959 1970 1970 1981 1981 1993 2005 2016 2028 2040 2040 2065 2065
    2078 2090 2103 4041 4089 4089 4089 4089 1936 1936 1926 1926 1926
    1926 1926 1926 1926 1926 1926 1936 1936 1936 1936 1959 1959 1970
    1981 1981 1981 1993 2016 2028 2040 2040 2053 2065 2078 2090 2090
    2103 2103 4089 4089 4089 1936 1936 1926 1926 1926 1936 1926 1926
    1926 1926 1926 1926 1936 1936 1947 1947 1959 1970 1981 1981 1981
    1993 2016 2028 2040 2040 2053 2065 2078 2078 2090 2103 2103 2129
    4089 4089 1936 1936 1926 1926 1926 1936 1926 1926 1926 1926 1926
    1926 1936 1936 1947 1947 1959 1981 1981 1981 1993 2005 2016 2028
    2028 2040 2053 2065 2078 2078 2090 2090 2103 2129 4089 4089 1936
    1936 1936 1936 1936 1936 1936 1936 1926 1926 1926 1926 1936 1936
    1947 1947 1970 1981 1981 1993 1993 2005 2016 2028 2028 2040 2053
    2065 2065 2078 2090 2090 2103 2129 4089 4089 1947 1947 1936 1936
    1936 1947 1936 1936 1936 1926 1926 1915 1915 1926 1947 1947 1970
    1981 1981 1993 1993 2016 2016 2028 2028 2040 2053 2065 2065 2078
    2078 2078 2090 2103 4089 4089 1947 1947 1947 1936 1936 1947 1936
    1936 1936 1926 1926 1915 1915 1926 1947 1947 1970 1981 1981 1993
    1993 2016 2028 2028 2040 2040 2053 2065 2065 2078 2078 2078 2090
    2103 4139 4089 1947 1947 1947 1947 1947 1947 1947 1936 1936 1936
    1926 1915 1915 1926 1947 1947 1970 1970 1981 1993 1993 2005 2028
    2028 2040 2040 2053 2065 2078 2078 2090 2090 2090 2090 4089 4089
    1926 1947 1947 1947 1947 1947 1947 1936 1936 1926 1926 1926 1926
    1936 1947 1947 1970 1970 1981 1993 1993 2005 2028 2028 2040 2040
    2053 2065 2078 2078 2090 2090 2090 2090 4089 4089 1926 1936 1936
    1947 1947 1947 1947 1936 1936 1926 1926 1926 1936 1947 1947 1947
    1970 1981 1981 1993 1993 2005 2028 2028 2040 2040 2053 2065 2078
    2078 2090 2090 2103 2116 4089 4089 1936 1936 1936 1947 1947 1959
    1947 1936 1936 1936 1936 1936 1936 1947 1947 1947 1970 1981 1981
    1993 1993 2005 2028 2040 2040 2040 2053 2065 2078 2078 2090 2090
    2103 2116 4089 4089 1936 1936 1936 1947 1947 1959 1947 1936 1936
    1936 1936 1936 1936 1936 1947 1947 1970 1970 1981 1993 1993 2005
    2028 2028 2028 2040 2040 2065 2078 2078 2090 2090 2103 2116 2129
    4089 1947 1947 1947 1947 1947 1947 1936 1936 1936 1936 1936 1926
    1926 1936 1947 1947 1970 1970 1981 1981 1993 2005 2016 2028 2028
    2040 2040 2078 2078 2078 2090 2090 2103 2116 2129 4089 1970 1959
    1947 1947 1947 1947 1936 1936 1936 1936 1926 1915 1915 1936 1947
    1947 1959 1970 1981 1981 1993 2005 2016 2028 2028 2040 2053 2065
    2078 2078 2078 2090 2103 2103 2103 4139 1970 1970 1959 1947 1947
    1947 1936 1936 1936 1936 1926 1915 1915 1926 1936 1947 1959 1970
    1981 1981 1993 2016 2028 2028 2028 2040 2053 2065 2078 2078 2078
    2090 2090 2090 2090 4139 1970 1970 1959 1947 1947 1947 1947 1947
    1936 1936 1926 1926 1926 1926 1936 1947 1947 1959 1981 1981 1993
    2005 2016 2028 2040 2040 2053 2065 2078 2078 2078 2078 2090 2090
    2090 4139 1959 1947 1947 1936 1936 1947 1947 1947 1936 1936 1915
    1915 1926 1926 1936 1947 1947 1959 1981 1981 1993 1993 2016 2028
    2028 2040 2040 2078 2078 2078 2078 2078 2090 2116 2116 4139 1959
    1947 1947 1936 1936 1947 1947 1936 1936 1926 1915 1915 1926 1926
    1936 1947 1959 1959 1981 1981 1993 1993 2005 2028 2028 2028 2028
    2065 2078 2078 2090 2090 2090 2116 2116 4089 3774 1959 1959 1947
    1947 1947 1947 1936 1936 1926 1915 1915 1926 1926 1936 1947 1947
    1959 1970 1981 1981 1981 1993 2016 2028 2028 2028 2040 2078 2090
    2090 2090 2103 2116 2129 4089 3774 1970 1970 1947 1947 1947 1947
    1936 1936 1926 1926 1926 1926 1926 1936 1947 1947 1959 1970 1981
    1981 1981 1993 2016 2028 2028 2028 2040 2078 2090 2090 2090 2090
    2116 4089 4089 3859 1993 1970 1947 1947 1947 1947 1936 1936 1926
    1926 1926 1926 1926 1936 1936 1947 1970 1970 1981 1993 1993 1993
    2016 2028 2040 2040 2053 2065 2090 2090 2090 2090 2116 2129 4089
    3816 1993 1970 1947 1947 1947 1936 1936 1936 1936 1926 1926 1926
    1926 1936 1936 1947 1959 1970 1981 1993 1993 1993 2028 2040 2040
    2040 2053 2065 2078 2090 2090 2090 2116 2129 4089 3816 1970 1959
    1947 1947 1947 1936 1936 1936 1936 1926 1926 1926 1926 1936 1936
    1947 1959 1970 1981 1993 1993 2005 2028 2040 2040 2053 2065 2078
    2078 2090 2090 2103 2116 2129 2129 3774 1970 1959 1947 1947 1947
    1947 1947 1936 1936 1926 1915 1915 1926 1936 1936 1947 1959 1970
    1981 1993 2005 2016 2028 2028 2028 2040 2053 2078 2078 2090 2090
    2103 2116 2129 2129 3774 1970 1970 1959 1959 1947 1947 1947 1936
    1936 1936 1915 1915 1926 1936 1947 1947 1947 1970 1981 1993 1993
    2016 2028 2028 2028 2040 2053 2078 2078 2090 2090 2090 2116 2116
    2129 1970 1970 1970 1959 1959 1947 1947 1947 1936 1936 1926 1926
    1926 1936 1936 1947 1947 1947 1970 1981 1993 1993 2016 2028 2028
    2028 2040 2053 2078 2078 2090 2090 2090 2116 2116 2116 1970 1970
    1970 1970 1970 1959 1947 1947 1936 1926 1926 1926 1926 1936 1947
    1947 1959 1959 1970 1981 1993 2005 2016 2028 2028 2028 2040 2053
    2078 2078 2090 2090 2103 2116 2116 2116 1981 1970 1970 1970 1970
    1947 1947 1947 1936 1926 1926 1926 1926 1936 1947 1947 1947 1959
    1981 1981 1993 2005 2016 2016 2028 2028 2040 2053 2078 2078 2078
    2090 2103 2116 2116 2129 1981 1970 1970 1970 1970 1947 1947 1947
    1936 1926 1926 1926 1926 1936 1936 1947 1947 1959 1970 1981 1981
    1993 1993 2016 2028 2028 2040 2053 2078 2078 2078 2090 2103 2129
    2129 2129 3732 1970 1970 1970 1959 1947 1947 1947 1936 1926 1926
    1926 1926 1936 1936 1947 1947 1959 1970 1981 1981 1981 1993 2005
    2028 2040 2040 2053 2078 2078 2090 2103 2116 2116 2129 2129 3859
    1970 1970 1970 1959 1959 1947 1947 1936 1936 1936 1926 1926 1936
    1936 1947 1947 1959 1970 1981 1981 1981 1993 2005 2028 2040 2040
    2053 2065 2078 2090 2090 2116 2116 2129 2129 3816 1981 1970 1970
    1970 1959 1959 1947 1936 1936 1936 1936 1936 1936 1936 1947 1947
    1959 1970 1981 1981 1981 1993 2016 2028 2040 2040 2053 2065 2078
    2090 2090 2103 2116 2116 2129 3816 1981 1970 1970 1970 1970 1959
    1947 1947 1936 1936 1936 1936 1936 1936 1947 1947 1970 1970 1981
    1981 1981 1993 2016 2028 2040 2053 2053 2065 2078 2090 2090 2103
    2103 2116 2116 3816 1970 1970 1959 1959 1970 1959 1947 1947 1947
    1936 1936 1936 1936 1936 1947 1959 1970 1981 1981 1981 1981 2005
    2016 2028 2040 2053 2053 2078 2090 2090 2103 2103 2103 2103 2103
    3816 1970 1959 1959 1959 1970 1947 1947 1947 1936 1936 1936 1936
    1936 1936 1947 1947 1959 1981 1981 1981 1993 2005 2016 2028 2028
    2040 2065 2078 2078 2090 2090 2103 2103 2103 2103 3692 3692 1947
    1936 1936 1970 1947 1947 1947 1936 1936 1936 1936 1936 1936 1947
    1947 1959 1970 1981 1981 1981 1993 2016 2028 2028 2040 2053 2078
    2078 2090 2090 2103 2103 2103 2103 3692 3692 1936 1936 1936 1970
