<?xml version="1.0"?>
<opencv_storage>
<Depth6959 type_id="opencv-matrix">
  <rows>54</rows>
  <cols>46</cols>
  <dt>w</dt>
  <data>
    5291 5291 5291 5374 5374 5374 5291 5291 5291 5291 5291 5291 5210
    5210 5132 5132 5132 5132 5132 5056 4983 4983 4983 2028 2028 2028
    2028 2028 2028 2028 2028 4911 4911 4911 4911 4911 4911 4911 4842
    4774 4774 4708 4708 4708 4708 4708 5291 5291 5291 5291 5374 5374
    5291 5291 5291 5291 5291 5291 5210 5210 5132 5132 5132 5132 5132
    5056 2028 2028 2028 2028 2028 2028 2028 2028 2028 2028 2028 2028
    4911 4911 4911 4911 4911 4911 4842 4774 4774 4708 4708 4708 4708
    4708 5291 5291 5291 5291 5291 5291 5291 5291 5291 5291 5291 5291
    5210 5132 5132 1970 1970 1970 1970 1993 2005 2028 2028 2028 2028
    2028 2028 2028 2028 2028 2028 2053 4983 4911 4911 4911 4911 4842
    4842 4774 4774 4708 4708 4708 4708 4708 5291 5291 5291 5291 5291
    5291 1947 1947 1947 1947 1959 1970 1970 1970 1970 1970 1970 1970
    1970 1993 2005 2016 2028 2028 2028 2028 2028 2028 2040 2040 2040
    2053 2053 4911 4911 4911 4911 4842 4842 4774 4774 4774 4774 4708
    4708 4708 5291 5291 5291 5291 1959 1947 1947 1947 1947 1947 1959
    1959 1970 1970 1970 1970 1970 1970 1981 1993 2005 2016 2016 2028
    2028 2028 2040 2040 2040 2040 2053 2053 2065 4983 4911 4911 4911
    4911 4842 4774 4774 4774 4774 4708 4708 4708 5291 5210 5210 1970
    1947 1936 1936 1936 1947 1947 1959 1959 1970 1970 1970 1970 1970
    1970 1981 1981 1993 2005 2016 2016 2016 2028 2040 2040 2040 2040
    2053 2053 2065 2065 4983 4983 4911 4911 4842 4774 4774 4774 4708
    4708 4708 4708 5210 2005 1981 1959 1947 1936 1936 1936 1947 1947
    1959 1959 1959 1959 1959 1970 1970 1970 1981 1981 1993 2005 2016
    2016 2016 2028 2040 2040 2040 2040 2053 2053 2065 2065 4983 4983
    4911 4911 4842 4842 4774 4774 4708 4708 4708 4708 5210 1993 1970
    1959 1947 1936 1936 1936 1947 1959 1959 1959 1959 1959 1959 1970
    1970 1970 1981 1981 1993 1993 2005 2016 2016 2028 2028 2028 2040
    2040 2040 2053 2065 2065 4983 4911 4911 4842 4842 4842 4774 4774
    4708 4708 4708 4708 5210 1981 1970 1959 1947 1936 1936 1947 1947
    1959 1959 1959 1959 1959 1959 1959 1959 1970 1970 1981 1993 1993
    2005 2005 2016 2028 2028 2028 2040 2040 2040 2053 2053 2065 2065
    4911 4911 4842 4842 4842 4842 4774 4774 4774 4774 4774 2005 1981
    1970 1970 1947 1936 1936 1947 1947 1959 1959 1959 1959 1959 1959
    1959 1959 1970 1970 1981 1993 1993 2005 2005 2016 2016 2028 2028
    2028 2040 2040 2053 2053 2065 2065 4911 4911 4911 4911 4842 4842
    4774 4774 4774 4774 4774 2005 1993 1970 1970 1959 1947 1947 1947
    1947 1959 1959 1959 1959 1959 1959 1959 1970 1970 1970 1981 1993
    1993 2005 2005 2016 2016 2028 2028 2028 2040 2040 2040 2053 2065
    2065 2065 4911 4911 4911 4911 4911 4842 4774 4774 4774 4774 2005
    2005 1981 1970 1959 1947 1947 1947 1947 1947 1959 1959 1959 1959
    1959 1970 1970 1970 1970 1970 1993 1993 2005 2005 2016 2016 2028
    2028 2028 2028 2028 2040 2053 2065 2065 2065 4911 4911 4911 4911
    4911 4842 4842 4774 4774 4774 2005 2005 1981 1981 1970 1959 1947
    1947 1947 1947 1947 1947 1959 1959 1959 1959 1970 1970 1970 1970
    1993 1993 2005 2005 2016 2016 2028 2028 2028 2028 2028 2040 2040
    2053 2065 2065 2065 4911 4911 4911 4911 4842 4842 4774 4774 4774
    2005 2005 1981 1970 1970 1959 1959 1947 1936 1936 1947 1947 1959
    1959 1959 1959 1970 1970 1970 1970 1993 1993 2005 2016 2016 2016
    2016 2028 2028 2028 2028 2028 2040 2053 2065 2065 2065 4911 4911
    4911 4911 4911 4842 4774 4774 4774 2016 2005 1981 1970 1970 1959
    1959 1947 1936 1936 1936 1947 1947 1959 1959 1959 1970 1970 1970
    1970 1993 1993 2005 2005 2016 2016 2016 2016 2028 2028 2028 2028
    2040 2053 2053 2053 2065 2065 4911 4911 4911 4911 4842 4842 4774
    4774 2016 2005 2005 1981 1970 1959 1959 1947 1936 1936 1936 1947
    1947 1959 1959 1959 1959 1970 1970 1970 1981 1993 2005 2005 2016
    2016 2016 2016 2028 2028 2028 2028 2040 2053 2053 2053 2053 2065
    4911 4911 4911 4911 4842 4842 4774 4774 2016 2016 2005 1981 1970
    1959 1959 1947 1936 1936 1936 1947 1947 1959 1959 1959 1959 1970
    1970 1970 1981 1993 2005 2016 2016 2016 2016 2016 2016 2028 2028
    2028 2040 2040 2053 2053 2053 2065 2065 4911 4911 4911 4842 4842
    4774 4774 2016 2016 2005 1981 1981 1970 1959 1947 1936 1936 1936
    1947 1947 1947 1947 1959 1959 1970 1970 1970 1981 1993 1993 2005
    2016 2016 2016 2016 2016 2028 2028 2028 2040 2040 2040 2040 2040
    2065 2065 4911 4911 4911 4842 4774 4774 4774 2016 2016 2005 2005
    1993 1970 1970 1959 1959 1947 1947 1947 1947 1947 1947 1959 1959
    1959 1970 1970 1981 1981 1993 1993 2005 2005 2016 2016 2016 2016
    2028 2028 2028 2040 2040 2040 2040 2040 2040 5132 4911 4911 4842
    4774 4774 4774 5132 2016 2005 2005 1993 1970 1970 1959 1959 1947
    1947 1947 1947 1947 1947 1959 1959 1959 1959 1970 1981 1981 1993
    1993 2005 2005 2005 2016 2016 2016 2028 2028 2028 2028 2028 2040
    2040 2040 2053 5132 4983 4911 4842 4842 4842 4774 5132 5132 2005
    2005 1993 1981 1970 1959 1959 1947 1947 1947 1947 1947 1947 1947
    1947 1959 1959 1970 1981 1981 1981 1993 2005 2005 2005 2016 2016
    2016 2028 2028 2028 2028 2028 2040 2040 2040 2040 2040 4911 4911
    4911 4911 4842 4774 5056 5056 2005 2005 2005 1981 1970 1970 1959
    1959 1947 1947 1947 1936 1936 1947 1947 1947 1959 1970 1981 1981
    1981 1993 1993 2005 2005 2005 2016 2016 2028 2028 2028 2028 2028
    2040 2040 2040 2040 2040 4911 4911 4911 4911 4842 4842 5056 5056
    5056 2016 2005 1993 1981 1970 1970 1959 1947 1947 1936 1936 1936
    1947 1947 1947 1959 1970 1981 1981 1981 1981 1993 1993 1993 2005
    2005 2016 2028 2028 2028 2028 2028 2040 2040 2040 2040 2040 2040
    4911 4911 4911 4842 4774 5056 5056 5056 2016 2005 2005 1981 1981
    1970 1959 1947 1947 1936 1936 1936 1936 1947 1947 1959 1959 1981
    1981 1981 1981 1993 1993 1993 2005 2005 2016 2016 2028 2028 2028
    2028 2040 2040 2053 2053 2053 4983 4983 4983 4842 4774 4774 5132
    5132 5132 2016 2005 2005 1993 1981 1970 1959 1947 1947 1936 1936
    1936 1936 1936 1947 1959 1959 1970 1981 1981 1981 1981 1993 1993
    2005 2005 2005 2016 2028 2028 2028 2028 2040 2040 2053 2053 2053
    2053 4983 4983 4842 4774 4774 5132 5056 5056 2016 2016 2005 2005
    1993 1970 1970 1959 1947 1936 1936 1936 1936 1936 1947 1959 1959
    1970 1970 1981 1981 1981 1993 1993 2005 2005 2005 2016 2016 2028
    2028 2028 2028 2040 2053 2040 2040 2040 2040 4911 4842 4774 4774
    5132 5056 5056 5056 2016 2005 2005 1993 1981 1970 1959 1959 1947
    1936 1936 1936 1947 1959 1959 1959 1970 1970 1970 1981 1981 1993
    1993 2005 2005 2005 2016 2016 2016 2028 2028 2028 2040 2040 2040
    2040 2040 2040 4911 4842 4842 4774 5132 5132 5056 5056 2016 2016
    2005 2005 1993 1981 1970 1959 1947 1947 1947 1947 1947 1959 1959
    1959 1970 1970 1970 1970 1981 1993 2005 2005 2005 2005 2016 2016
    2016 2028 2028 2028 2028 2040 2040 2040 2040 2040 2040 4842 4842
    4774 5132 5132 5056 5056 5132 2016 2005 2005 1993 1981 1970 1959
    1959 1947 1947 1947 1947 1959 1959 1959 1970 1970 1970 1970 1981
    1981 1993 1993 2005 2005 2005 2005 2016 2016 2028 2028 2028 2040
    2040 2040 2040 2053 2053 4842 4842 4842 5132 5132 5132 5132 5132
    2005 2005 2005 1993 1981 1970 1970 1959 1959 1947 1947 1947 1959
    1959 1959 1970 1970 1970 1970 1970 1981 1993 1993 2005 2005 2005
    2005 2016 2016 2016 2028 2028 2028 2040 2040 2040 2040 2040 4911
    4911 4842 5132 5132 5132 5132 5132 2005 2005 2005 2005 1993 1970
    1970 1959 1959 1936 1936 1947 1947 1947 1959 1970 1970 1970 1970
    1970 1981 1981 1993 1993 2005 2005 2005 2016 2016 2016 2016 2028
    2028 2040 2040 2040 2040 2040 2040 4911 4842 5132 5132 5132 5132
    5132 5132 2005 2005 2005 1993 1981 1970 1959 1959 1936 1936 1936
    1936 1947 1947 1959 1970 1970 1970 1970 1981 1981 1993 1993 2005
    2005 2005 2016 2016 2016 2016 2028 2028 2028 2028 2040 2040 2040
    2040 4911 4911 5132 5132 5132 5132 5132 5132 2016 2016 2005 1993
