<?xml version="1.0"?>
<opencv_storage>
<Depth11082 type_id="opencv-matrix">
  <rows>95</rows>
  <cols>88</cols>
  <dt>w</dt>
  <data>
    3653 3653 3614 3614 3653 3653 3653 3614 3614 3614 3614 803 803 802
    800 800 794 794 3503 3503 851 851 851 851 851 851 854 854 854 854
    858 860 860 860 860 860 3208 3208 3208 3178 3178 3149 3120 3120 3092
    3092 3092 3064 3064 3064 3064 3064 3064 3064 3037 3037 3037 3010
    3010 3010 2984 2984 2984 2958 2958 2933 2933 2933 2958 2933 2933
    2908 2908 2883 2883 2883 2859 2859 2859 2835 2835 2835 2835 2835
    2812 2812 2789 2767 3653 0 0 0 0 0 0 0 794 794 794 802 802 802 800
    798 796 796 796 796 796 851 851 847 847 845 845 847 845 845 849 849
    849 847 847 854 854 856 854 854 854 854 854 858 856 856 3092 3064
    3064 3064 3064 3064 3092 3064 3037 3037 3037 3010 3010 3010 2984
    2984 2958 2958 2933 2933 2933 2933 2958 2933 2908 2908 2883 2883
    2883 2883 2859 2859 2859 2835 2835 2835 2835 2835 2812 2789 2767
    2767 0 0 0 0 0 0 0 0 794 794 794 796 796 800 800 796 796 796 796 794
    794 796 798 798 843 841 841 843 841 841 839 837 837 841 843 843 851
    851 849 849 849 849 847 847 847 847 847 856 851 851 851 851 3120
    3120 3064 3037 3037 3010 3010 3010 3010 2984 2958 2958 2933 2933
    2933 2933 2958 2933 2908 2908 2883 2883 2883 2859 2859 2859 2859
    2835 2835 2835 2835 2812 2812 2789 2767 2744 0 0 0 0 0 0 0 790 790
    792 792 792 792 792 796 792 792 792 792 794 794 794 794 792 792 794
    794 839 841 835 831 831 833 833 790 790 851 851 849 849 839 829 829
    841 843 843 841 841 839 839 843 839 839 839 841 843 843 3010 3010
    3037 3010 2984 2908 2908 2933 2933 2933 2933 2958 2933 2908 2908
    2883 2883 2883 2859 2859 2859 2859 2859 2835 825 823 823 823 2789
    2789 2744 0 0 0 0 0 0 0 790 790 790 790 789 789 789 789 789 789 790
    790 789 789 790 790 790 790 790 790 790 790 789 789 785 785 787 789
    790 790 785 783 827 827 825 825 827 827 837 827 823 823 823 823 835
    837 837 839 839 839 839 839 839 839 841 841 843 847 847 847 847 847
    2933 2933 2908 2859 2859 2859 2859 2859 2859 2859 829 829 825 823
    821 821 819 819 2767 0 0 0 0 0 0 0 792 792 790 789 789 787 787 787
    787 787 787 787 787 787 789 789 789 789 789 790 790 789 789 789 785
    785 787 783 783 783 785 783 783 825 825 825 825 819 815 815 819 819
    823 823 829 833 837 837 837 837 839 839 839 839 839 839 839 839 839
    841 843 843 843 841 841 841 845 845 843 843 841 831 827 827 825 823
    821 821 817 817 0 0 0 0 0 0 0 796 792 792 789 789 787 787 787 787
    787 785 785 785 785 785 787 787 787 787 787 787 787 787 787 787 785
    783 783 783 783 783 785 783 783 783 781 781 783 787 815 815 819 819
    825 825 823 819 819 837 837 837 837 837 835 835 835 835 835 833 833
    833 833 839 837 837 837 837 837 843 843 843 839 831 827 827 825 823
    821 819 817 817 0 0 0 0 0 0 0 796 794 792 789 789 787 787 787 787
    785 783 783 783 783 783 785 783 783 783 783 783 783 783 783 783 780
    780 780 781 781 780 780 780 781 781 781 781 783 783 783 781 781 783
    783 783 781 781 813 811 811 837 837 837 835 835 821 821 815 815 829
    829 829 829 833 833 835 831 831 839 841 841 837 831 827 827 825 823
    821 819 819 819 0 0 0 0 0 0 0 796 794 792 790 789 787 787 787 787
    785 783 783 783 783 783 783 783 781 781 781 781 780 780 778 778 776
    776 776 776 776 774 773 773 773 780 780 780 780 781 781 781 781 781
    781 781 780 780 778 776 774 773 767 767 767 776 776 776 813 811 811
    829 776 776 831 831 829 827 823 823 827 841 837 831 827 827 825 823
    823 821 821 0 0 0 0 0 0 0 0 798 796 794 792 790 789 789 789 787 787
    783 783 783 783 783 783 783 781 781 781 780 780 778 778 776 776 776
    776 776 774 773 771 769 769 771 774 774 769 769 771 780 778 778 778
    778 776 776 776 776 774 773 767 767 769 769 776 776 774 774 776 776
    776 773 773 774 774 776 776 815 815 815 766 766 827 827 823 823 823
    0 0 0 0 0 0 0 0 0 803 798 796 794 792 790 789 789 789 789 787 783
    783 783 783 783 783 783 781 781 781 780 780 778 778 776 776 776 776
    776 774 771 771 769 769 769 769 769 769 767 767 767 767 767 766 766
    771 771 771 773 773 771 767 767 767 767 771 771 771 771 774 774 773
    773 773 773 773 771 771 771 771 771 766 766 771 771 776 823 823 0 0
    0 0 0 0 0 0 0 803 798 796 794 792 790 790 789 789 789 787 787 785
    783 783 783 783 783 783 781 781 780 778 778 778 776 776 776 776 776
    774 771 771 769 769 769 769 769 769 767 767 767 767 766 764 764 764
    764 764 764 764 764 762 761 761 762 762 766 767 767 769 769 771 769
    769 769 767 767 766 766 766 766 766 766 764 764 764 764 0 0 0 0 0 0
    0 0 0 0 803 798 796 794 792 792 790 790 789 789 789 787 785 785 785
    785 783 783 783 781 781 780 778 778 778 776 776 776 776 776 774 773
    773 769 769 769 769 769 769 767 767 767 766 766 764 762 762 762 762
    762 762 761 761 759 759 761 761 761 761 762 762 764 766 766 764 764
    764 764 764 762 762 762 764 764 762 762 761 757 757 757 0 0 0 0 0 0
    0 0 0 798 796 794 794 792 792 790 789 789 789 787 787 785 785 785
    783 783 783 783 783 781 780 780 778 776 776 776 776 776 774 774 773
    773 773 771 769 769 769 767 767 767 766 766 764 762 762 762 762 762
    761 761 761 759 759 759 759 759 759 759 759 759 759 759 757 757 757
    759 759 755 752 752 761 762 761 761 759 755 755 752 752 0 0 0 0 0 0
    0 0 796 796 794 794 792 792 792 789 789 789 789 787 787 785 785 785
    785 783 783 783 781 781 780 780 778 778 776 776 776 774 774 774 774
    773 773 771 771 769 767 767 767 767 766 764 764 762 762 762 762 761
    761 761 761 761 759 759 759 759 757 757 757 757 757 757 755 755 755
    754 752 750 750 750 750 755 752 752 752 752 750 750 746 746 0 0 0 0
    0 0 796 796 794 794 794 794 794 790 789 789 787 787 787 785 785 787
    785 783 783 783 781 781 781 780 778 778 776 776 776 774 774 774 774
    773 773 771 771 769 769 769 767 767 767 766 764 762 762 762 762 761
    761 761 761 761 761 759 759 759 757 757 757 757 757 755 755 755 755
    754 752 750 750 750 750 750 750 750 750 749 749 747 746 744 0 0 0 0
    0 0 798 796 796 794 794 794 794 790 789 789 787 787 787 787 787 787
    785 783 783 783 781 781 781 780 780 778 776 776 776 776 776 774 774
    774 773 773 771 769 769 769 767 767 767 766 764 762 762 762 762 762
    762 762 761 761 761 761 761 759 759 757 757 757 755 755 755 755 755
    754 752 750 750 750 750 750 750 750 749 749 749 747 744 744 0 0 0 0
    0 800 798 796 796 796 796 794 794 792 790 789 789 787 787 787 787
    789 785 785 783 783 781 781 781 781 780 778 776 776 776 776 776 776
    774 774 773 773 771 769 769 769 769 767 767 767 766 764 762 762 762
    762 762 762 761 761 762 761 761 759 759 757 757 757 755 755 755 755
    755 754 752 750 750 750 750 750 750 749 749 749 749 747 744 744 0 0
    0 0 803 800 800 798 796 796 796 794 792 792 790 789 789 789 789 787
    787 787 787 785 783 783 783 783 781 781 781 780 776 776 776 776 776
    776 774 774 774 773 771 771 769 769 769 769 767 767 766 766 762 762
    762 762 762 762 761 761 762 762 761 761 759 759 757 757 755 755 755
    755 755 754 752 752 752 750 750 750 750 749 749 749 749 747 744 744
    0 0 0 0 803 802 800 798 796 796 796 796 792 792 790 790 789 789 789
    787 787 787 787 787 785 783 783 783 781 781 781 780 778 776 776 776
    776 776 774 774 774 774 773 771 769 769 769 769 769 767 767 766 764
    762 762 762 762 762 761 761 762 762 762 761 761 759 757 757 755 755
    755 755 757 755 754 752 752 750 750 750 750 750 749 749 749 747 744
    744 0 0 0 0 805 802 800 798 796 796 796 796 794 792 790 790 789 789
    789 789 789 789 787 787 785 783 783 783 783 783 781 781 780 778 776
    776 776 776 774 774 774 774 773 771 771 769 769 769 769 767 767 766
    764 762 762 762 762 762 761 761 762 762 762 761 761 759 759 757 757
    757 757 757 757 755 754 752 752 750 750 750 750 750 749 749 749 749
    746 744 0 0 0 0 807 802 802 798 796 796 796 796 794 792 790 790 789
    789 789 789 789 789 787 787 787 783 783 783 783 783 781 781 780 780
