<?xml version="1.0"?>
<opencv_storage>
<Depth5362 type_id="opencv-matrix">
  <rows>61</rows>
  <cols>57</cols>
  <dt>w</dt>
  <data>
    4708 4708 4708 4774 4842 4842 4842 4842 4842 4911 4911 4911 4983
    4983 4983 4983 5056 5056 5056 5132 5132 5132 5132 5132 5132 5210
    5210 5210 1863 1863 1873 1873 1873 1883 1883 1883 1883 1883 5210
    5132 5132 5056 4983 4983 4983 4983 4983 4983 4983 4983 4911 4911
    4911 4911 4842 4842 4842 4708 4708 4708 4774 4774 4842 4842 4842
    4842 4911 4911 4911 4911 4911 4911 4983 4983 4983 5056 5056 5132
    5132 5132 5132 1853 1853 1853 1863 1863 1863 1873 1873 1883 1883
    1883 1883 1883 1883 5132 5132 5132 5132 5056 5056 5056 5056 5056
    4983 4983 4983 4911 4911 4911 4911 4842 4842 4842 4708 4708 4774
    4774 4774 4774 4842 4842 4842 4842 4911 4911 4911 4911 4911 4911
    4983 4983 5056 5056 5056 1794 1804 1823 1853 1853 1853 1863 1863
    1863 1863 1873 1873 1873 1883 1883 1883 1883 1883 5210 5132 5132
    5132 5056 5056 5056 5056 5056 4983 4983 4911 4911 4911 4911 4911
    4911 4911 4774 4774 4774 4774 4774 4774 4842 4842 4842 4842 4911
    4911 4842 4842 4774 4774 4983 4983 1813 1794 1794 1794 1804 1823
    1823 1843 1853 1853 1853 1863 1863 1873 1873 1873 1883 1883 1883
    1883 1883 5210 5132 5132 5132 5132 5132 5132 5056 5056 4983 4983
    4911 4911 4911 4911 4911 4911 4911 4774 4774 4774 4774 4774 4774
    4842 4842 4842 4842 4911 4842 4774 4774 4708 4708 4708 1813 1813
    1813 1794 1794 1804 1823 1823 1843 1843 1843 1853 1853 1863 1873
    1873 1883 1883 1883 1883 1883 1863 1863 5132 5132 5132 5132 5132
    5132 5056 5056 4983 4983 4983 4911 4911 4911 4911 4911 4911 4774
    4774 4774 4774 4774 4774 4842 4842 4842 4842 4911 4842 1804 1785
    1785 1785 1785 1794 1813 1794 1794 1804 1804 1813 1823 1833 1833
    1843 1843 1843 1853 1863 1863 1873 1883 1883 1883 1883 1863 1863
    1863 5132 5132 5132 5132 5056 5056 5056 5056 4983 4983 4911 4911
    4911 4911 4911 4911 4708 4708 4774 4774 4774 4774 4842 4842 4842
    4911 1794 1794 1785 1785 1785 1776 1776 1794 1804 1794 1794 1804
    1804 1813 1823 1833 1833 1843 1843 1843 1853 1863 1863 1873 1883
    1883 1883 1883 1883 1883 1904 5132 5132 5132 5132 5056 5056 5056
    5056 4983 4983 4911 4911 4911 4911 4911 4911 4645 4708 4708 4774
    4774 4774 4842 4842 4842 1766 1766 1766 1766 1766 1766 1776 1776
    1794 1794 1794 1794 1794 1794 1813 1813 1833 1833 1843 1843 1843
    1853 1863 1863 1873 1873 1873 1873 1873 1883 1894 1904 1904 5132
    5132 5132 5056 5056 5056 5056 4983 4983 4983 4911 4911 4911 4911
    4911 4645 4708 4708 4774 4774 4774 4842 4842 1776 1776 1766 1766
    1766 1766 1766 1776 1766 1766 1794 1794 1794 1794 1794 1804 1813
    1823 1833 1843 1843 1843 1843 1853 1863 1873 1873 1873 1873 1873
    1883 1873 1873 1873 5132 5132 5132 5132 5132 5056 5056 5056 5056
    4983 4911 4911 4911 4911 4911 4708 4708 4708 4774 4774 4774 1739
    1739 1748 1748 1757 1757 1757 1766 1766 1766 1766 1766 1794 1794
    1794 1794 1794 1804 1804 1804 1833 1833 1833 1843 1843 1843 1853
    1853 1863 1873 1873 1873 1873 1853 1853 1853 5132 5132 5132 5132
    5132 5056 5056 5056 5056 4983 4911 4911 4911 4911 4911 4708 1739
    1739 1739 1731 1731 1731 1739 1739 1748 1748 1748 1757 1757 1757
    1757 1757 1757 1776 1776 1785 1785 1785 1804 1804 1804 1804 1833
    1833 1833 1843 1843 1853 1853 1853 1863 1863 1873 1873 1843 1843
    1843 5056 5056 5056 5132 5056 5056 5056 4983 4983 5056 4983 4983
    4911 4911 4911 1739 1739 1739 1739 1731 1731 1731 1739 1739 1739
    1739 1748 1748 1757 1757 1757 1757 1757 1776 1776 1785 1785 1785
    1804 1804 1804 1804 1804 1833 1833 1843 1843 1843 1843 1843 1863
    1863 1873 1873 1843 1843 1873 1873 4983 4983 5056 5056 5056 4983
    4983 4983 5056 4983 4983 4983 4911 4911 1739 1739 1739 1731 1722
    1722 1722 1739 1739 1739 1739 1748 1748 1757 1757 1757 1757 1757
    1776 1776 1776 1785 1785 1804 1804 1804 1804 1804 1833 1833 1843
    1843 1843 1843 1843 1863 1863 1863 1863 1863 1863 1863 1873 4983
    4983 4983 4983 4983 4983 4983 5056 5056 4983 4983 4983 4911 4911
    1766 1748 1748 1731 1722 1722 1722 1731 1731 1739 1739 1748 1748
    1757 1757 1757 1757 1757 1757 1776 1776 1785 1794 1794 1794 1794
    1794 1823 1833 1833 1843 1843 1843 1843 1843 1843 1863 1863 1863
    1863 1863 1863 1873 1873 4983 4983 4983 4983 4983 5056 5056 5056
    5056 5056 4983 4911 4911 1766 1766 1748 1731 1722 1722 1722 1731
    1731 1731 1731 1739 1748 1748 1757 1757 1757 1757 1757 1757 1776
    1785 1794 1794 1794 1794 1794 1804 1804 1813 1843 1843 1843 1843
    1843 1843 1863 1863 1873 1873 1873 1873 1873 1883 1883 4983 4983
    5056 5056 5056 5132 5056 5056 5056 4983 4911 4911 1766 1766 1757
    1748 1722 1722 1722 1722 1722 1722 1731 1739 1748 1748 1748 1748
    1748 1757 1757 1757 1766 1785 1804 1804 1804 1794 1794 1804 1804
    1813 1813 1833 1833 1833 1833 1833 1843 1853 1853 1853 1863 1873
    1873 1873 1883 1883 5132 5132 5132 5132 5132 5056 5056 5132 5056
    4983 4983 1776 1776 1757 1748 1731 1722 1722 1722 1722 1722 1722
    1731 1748 1748 1748 1748 1748 1757 1757 1757 1757 1785 1804 1804
    1804 1794 1794 1804 1804 1813 1813 1833 1833 1833 1833 1833 1843
    1843 1853 1853 1863 1863 1863 1863 1873 1873 5132 5132 5132 5132
    5132 5132 5132 5132 5056 4983 4983 1776 1776 1757 1748 1739 1731
    1722 1722 1722 1722 1722 1731 1739 1748 1748 1748 1748 1757 1757
    1757 1757 1785 1804 1794 1794 1794 1794 1794 1804 1813 1813 1823
    1833 1833 1833 1843 1843 1843 1843 1853 1863 1863 1863 1863 1873
    1873 1873 5210 5132 5132 5132 5132 5132 5132 5056 5056 4983 1776
    1776 1766 1757 1748 1731 1731 1722 1722 1722 1722 1722 1731 1748
    1748 1748 1748 1757 1757 1757 1766 1776 1794 1794 1794 1794 1794
    1794 1804 1813 1813 1823 1823 1833 1833 1833 1843 1843 1843 1853
    1863 1863 1863 1863 1863 1873 1873 1873 5132 5056 5056 5132 5132
    5132 5056 5056 4983 1785 1785 1766 1757 1748 1748 1739 1722 1722
    1722 1722 1722 1731 1748 1748 1748 1748 1757 1757 1757 1766 1776
    1785 1785 1785 1794 1794 1804 1804 1813 1813 1813 1823 1823 1833
    1833 1843 1843 1843 1853 1863 1863 1863 1863 1863 1863 1873 1873
    1873 5056 5056 5056 5132 5132 5056 5056 4983 1794 1794 1785 1766
    1757 1748 1748 1722 1722 1722 1722 1722 1731 1748 1748 1748 1748
    1757 1757 1757 1757 1766 1785 1776 1776 1785 1794 1794 1804 1804
    1804 1804 1804 1823 1833 1843 1843 1843 1843 1843 1853 1863 1873
    1873 1863 1863 1873 1873 1873 5056 5056 5056 5056 5056 5056 5056
    5056 1785 1785 1785 1785 1776 1748 1748 1722 1722 1722 1722 1722
    1731 1722 1722 1748 1748 1757 1757 1757 1757 1766 1766 1766 1766
    1776 1794 1794 1804 1804 1804 1804 1804 1823 1833 1843 1843 1843
    1843 1843 1853 1863 1863 1873 1873 1873 1873 1873 1873 5056 5056
    5056 5056 5056 5056 5056 5056 1785 1785 1785 1785 1776 1757 1757
    1731 1731 1731 1731 1731 1731 1722 1722 1739 1748 1748 1748 1757
    1757 1766 1766 1766 1766 1776 1785 1794 1794 1804 1804 1804 1804
    1813 1833 1833 1843 1843 1843 1843 1843 1853 1843 1843 1843 1853
    1863 1883 1883 5132 5132 5056 5056 5056 5056 5056 5056 4522 1794
    1794 1785 1776 1766 1757 1739 1731 1722 1713 1713 1731 1722 1722
    1731 1739 1748 1748 1748 1748 1757 1766 1766 1766 1776 1785 1794
    1794 1804 1794 1794 1804 1804 1813 1823 1833 1833 1833 1833 1843
    1843 1843 1843 1843 1843 1863 1863 5132 5132 5132 5056 5056 5056
    5056 5056 5056 4463 4463 1794 1785 1776 1766 1757 1748 1731 1722
    1713 1713 1731 1731 1731 1731 1731 1739 1739 1739 1748 1757 1766
    1766 1766 1785 1785 1794 1794 1794 1794 1794 1804 1804 1804 1823
    1823 1833 1833 1833 1843 1843 1843 1843 1843 1843 1843 1873 1873
    5210 5132 5132 5056 5056 5056 5056 5056 4349 4349 4349 1785 1776
    1766 1757 1748 1731 1722 1713 1713 1722 1722 1722 1722 1722 1731
    1739 1739 1748 1757 1766 1776 1776 1776 1785 1794 1794 1794 1794
    1794 1804 1804 1804 1813 1823 1833 1833 1833 1833 1833 1833 1843
    1843 1843 1843 1843 1883 1883 5132 5056 5056 5056 5056 5056 5056
