<?xml version="1.0"?>
<opencv_storage>
<Depth12801 type_id="opencv-matrix">
  <rows>23</rows>
  <cols>32</cols>
  <dt>w</dt>
  <data>
    0 0 0 3333 3333 2680 2680 2680 2659 2659 3300 3300 3300 3300 3333
    3365 3614 3614 3576 3468 3468 3576 3576 3576 3539 3503 3468 3433
    3433 3399 3365 3365 0 0 0 0 2680 2680 2680 2680 2639 2639 2639 2618
    2618 2618 2598 2598 3653 3539 3539 3433 3433 3539 3576 3576 3503
    3503 3468 3433 3399 3399 3365 3365 0 0 2560 2560 2579 2541 2541 2680
    2639 2639 2598 2598 2598 2598 2579 2560 2560 2560 3539 3433 3433
    3539 3539 3503 3503 3468 3468 3399 3399 3399 3365 3333 0 2560 2560
    2560 2560 2541 2541 2560 2522 2522 2541 2560 2579 2579 2579 2541
    2541 2522 2522 3399 3399 3539 2503 2503 2522 3468 3433 3399 3365
    3365 3365 3333 0 0 2579 2579 2560 2560 2541 2541 2522 2522 2541 2541
    2560 2541 2541 2541 2541 2522 2503 2503 2485 2485 2503 2503 2522
    3468 3433 3399 3365 3365 3365 3333 2618 2618 2618 2598 2560 2560
    2541 2522 2522 2522 2541 2541 2541 2541 2522 2522 2522 2522 2503
    2485 2485 2485 2503 2503 2467 2450 2450 3399 3365 3365 3333 3300
    2618 2618 2618 2598 2560 2560 2541 2522 2522 2522 2522 2541 2522
    2503 2485 2485 2485 2485 2485 2467 2467 2503 2503 2503 2467 2450
    2432 2415 2415 2415 2415 3238 2598 2598 2618 2598 2560 2560 2541
    2522 2522 2522 2522 2522 2503 2485 2467 2467 2485 2415 2415 2467
    2467 2503 2503 2522 2450 2415 2415 2398 2398 2381 2381 2349 2598
    2598 2618 2598 2579 2579 2541 2522 2522 2522 2522 2522 2503 2485
    2467 2467 2450 2415 2415 2467 2467 2503 2503 2503 2415 2415 2398
    2398 2381 2365 2365 2349 2618 2598 2598 2598 2598 2579 2579 2541
    2541 2541 2522 2522 2503 2485 2467 2467 2450 2432 2432 2432 2432
    2432 2432 2415 2415 2333 2333 2333 2381 2349 2349 2349 2618 2598
    2598 2618 2598 2598 2579 2560 2541 2541 2522 2522 2503 2485 2467
    2467 2450 2450 2432 2432 2432 2432 2432 2432 2317 2317 2317 2317
    2317 2317 2317 2317 1748 2598 2598 2618 2598 2598 2579 2579 2560
    2560 2541 2522 2522 2503 2485 2467 2467 2467 2432 2432 2432 2432
    2415 2365 2317 2317 2317 2317 2317 2317 2317 2317 1748 2618 2618
    2618 2598 2598 2598 2579 2560 2560 2541 2522 2522 2503 2485 2467
    2467 2467 2432 2432 2432 2432 2415 2365 2333 2317 2317 2286 2241
    2226 2226 2226 1748 1748 2639 2618 2598 2598 2598 2579 2541 2541
    2541 2522 2522 2522 2485 2485 2467 2467 2450 2432 2432 2432 2415
    2398 2365 2349 2333 2286 2241 2226 2226 2226 1748 2598 2598 2598
    2598 2598 2598 2579 2541 2541 2541 2522 2522 2522 2485 2485 2467
    2467 2450 2432 2432 2415 2415 2415 2381 2365 2349 2317 2271 2256
    2256 2226 0 0 2598 2579 2579 2598 2598 2598 2560 2541 2541 2541 2541
    2522 2503 2485 2485 2467 2450 2450 2432 2415 2415 2415 2381 2381
    2349 2333 2317 2286 2256 2226 0 0 0 2579 2579 2598 2598 2598 2579
    2541 2541 2541 2541 2541 2503 2485 2485 2467 2450 2450 2432 2432
    2432 2415 2398 2398 2349 2333 2317 2301 2286 2256 0 0 0 0 2639 2618
    2618 2618 2579 2541 2541 2541 2560 2541 2522 2503 2485 2467 2450
    2450 2432 2432 2432 2415 2398 2398 2365 2349 2333 2301 2286 2256 0 0
    0 0 0 0 2639 2639 2579 2579 2560 2560 2560 2541 2522 2503 2485 2450
    2450 2450 2450 2432 2432 2415 2398 2398 2365 2349 2333 2301 2286
    2271 0 0 0 0 0 0 0 0 0 0 0 0 0 2541 2541 2522 2485 2450 2432 2432
    2432 2432 2432 2432 2415 2398 2365 2333 2333 2301 2286 2271 0 0 0 0
    0 0 0 0 0 0 0 0 0 2541 2541 2541 2541 2450 2432 2432 2432 2432 2432
    2432 2398 2381 2365 2333 2333 2317 2301 2271 0 0 0 0 0 0 0 0 0 0 0 0
    0 2541 2541 0 0 0 2450 2450 2450 2450 2450 2450 2398 2381 2381 2349
    2333 2317 2286 2271 0 0 0 0 0 0 0 0 0 0 0 0 0 0 0 0 0 0 0 0 0 0 0 0
    2450 2432 2381 2349 2333 2317 2286 2271</data></Depth12801>
</opencv_storage>
