<?xml version="1.0"?>
<opencv_storage>
<Depth13805 type_id="opencv-matrix">
  <rows>17</rows>
  <cols>35</cols>
  <dt>w</dt>
  <data>
    1550 1557 1557 1557 1572 1572 3816 3774 3774 3732 3732 3732 3692
    3653 3614 3614 3614 3614 3614 3774 3774 3774 3732 2835 2835 2835
    2835 2835 2812 2789 2789 2767 2767 2701 2701 1550 1557 1564 1564
    3816 3816 3816 3816 3816 3653 3653 3653 3653 3614 3614 3614 2723
    2723 3614 3732 3774 2767 2767 2789 2812 2835 2835 2812 2812 2789
    2767 2723 2701 2701 2701 1550 3774 3816 3816 3816 3816 3816 3816
    3774 3653 3614 3614 3614 3614 3539 2701 2701 2723 2723 2723 2767
    2767 2767 2789 2789 2789 2812 2789 2789 2744 2744 2723 2680 2680
    2701 3732 3732 3816 3816 3816 3816 3816 3816 3774 3653 3576 2812
    2812 2812 3503 2701 2701 2723 2723 2723 2767 2789 2767 2767 2767
    2767 2789 2767 2767 2723 2723 2744 2680 2680 2701 3732 3732 3774
    3774 3816 3816 2812 2812 2812 2812 2812 2812 2789 2767 2767 2744
    2744 2744 2744 2744 2767 2767 2744 2744 2744 2767 2789 2767 2767
    2723 2723 2723 2701 2701 2701 2789 2789 2767 2767 2744 2744 2767
    2789 2789 2789 2789 2789 2789 2767 2767 2767 2767 2744 2744 2744
    2767 2744 2744 2744 2744 2767 2767 2767 2767 2744 2723 2723 2701
    2701 2701 2767 2767 2744 2744 2744 2744 2744 2723 2723 2744 2744
    2744 2744 2744 2767 2767 2767 2744 2744 2744 2767 2744 2744 2744
    2744 2767 2767 2767 2767 2744 2723 2723 2723 2701 2701 2723 2723
    2723 2744 2744 2744 2744 2723 2723 2723 2723 2723 2723 2723 2767
    2767 2767 2744 2744 2744 2767 2767 2767 2767 2767 2767 2767 2767
    2767 2767 2744 2744 2723 2701 2701 2639 2723 2723 2744 2744 2744
    2744 2744 2744 2723 2723 2723 2723 2723 2767 2767 2789 2744 2744
    2767 2767 2767 2767 2767 2767 2767 2767 2767 2767 2767 2744 2744
    2723 2701 2701 2639 2701 2723 2744 2744 2767 2744 2723 2723 2723
    2723 2723 2767 2767 2767 2789 2767 2767 2767 2767 2767 2767 2789
    2767 2767 2767 2767 2767 2767 2744 2744 2744 2723 2723 2723 2639
    2701 2723 2744 2767 2767 2744 2723 2723 2744 2744 2767 2767 2767
    2767 2789 2767 2767 2767 2789 2789 2767 2767 2767 2767 2789 2789
    2767 2767 2723 2723 2723 2723 2723 2723 2723 2723 2723 2744 2744
    2744 2767 2744 2744 2744 2744 2767 2767 2767 2767 2789 2789 2789
    2767 2767 2767 2744 2744 2767 2767 2789 2789 2789 2767 2723 2723
    2723 2723 2723 2723 2744 2744 2744 2744 2744 2744 2744 2744 2744
    2744 2744 2767 2767 2767 2767 2767 2767 2767 2744 2744 2744 2744
    2744 2744 2767 2789 2789 2789 2767 2723 2723 2723 2723 2723 2723
    2767 2744 2744 2723 2723 2723 2723 2723 2744 2744 2744 2767 2767
    2767 2767 2767 2744 2744 2744 2744 2744 2744 2744 2744 2767 2789
    2789 2789 2767 2723 2723 2723 2723 2723 2723 2789 2767 2723 2723
    2723 2723 2723 2723 2723 2744 2744 2767 2767 2767 2767 2744 2723
    2723 2701 2701 2701 2744 2744 2744 2767 2789 2789 2789 2789 2744
    2723 2723 2723 2723 2744 2789 2789 2723 2723 2723 2723 1873 1873
    1873 2744 2767 2767 2789 2789 2767 2723 2701 2701 2701 2701 2701
    2744 2744 2812 2812 0 0 2812 2789 2767 2767 2767 2767 2767 2767 1564
    2598 2598 2598 2723 1873 1863 1853 1853 1843 1823 1804 1804 1813
    1794 1794 1794 1804 2701 2701 2701 2744 2744 2812 2812 0 0 0 0 0
    2767 2767 0 0 0</data></Depth13805>
</opencv_storage>
