<?xml version="1.0"?>
<opencv_storage>
<Depth10333 type_id="opencv-matrix">
  <rows>43</rows>
  <cols>28</cols>
  <dt>w</dt>
  <data>
    2467 2467 2467 2432 2398 2381 2365 2365 2381 2381 2381 2381 2365
    2349 2349 2349 2349 2349 2349 741 741 741 2170 2170 2156 2156 0 0
    2467 2467 2450 2415 2398 2381 2381 2381 2381 2381 2381 2381 2365
    2349 2349 2349 2333 2333 2349 2349 2184 2184 2170 2170 2156 2156
    2156 2129 2467 2467 2450 2415 2398 2381 2365 2365 2365 2381 2381
    2365 2365 2349 2349 2349 2333 2333 2349 2349 2212 2184 2170 2156
    2156 2156 2156 2129 2467 2467 2432 2415 2415 2365 2365 2365 2365
    2365 2365 2365 2365 2365 2349 2349 2349 2333 2333 2226 2212 2170
    2156 2129 2129 2156 2143 2129 2467 2450 2432 2415 2398 2365 2365
    2365 2381 2365 2365 2365 2365 2349 2349 2333 2333 2333 2333 2226
    2212 2156 2156 2129 2129 2156 2143 2129 2467 2450 2432 2415 2398
    2381 2365 2365 2365 2365 2365 2365 2365 2349 2349 2333 2333 2333
    2333 2333 2212 2156 2156 2129 2129 2156 2143 2129 2467 2450 2432
    2415 2398 2365 2365 2365 2365 2365 2365 2365 2365 2349 2333 2333
    2317 2317 2333 2333 2226 2212 2170 2156 2156 2143 2129 2103 3178
    2450 2432 2398 2398 2365 2365 2365 2349 2349 2349 2349 2349 2349
    2333 2333 2301 2301 2301 2226 2226 2212 2198 2170 2156 2143 2129
    2103 3208 2450 2432 2398 2381 2365 2349 2349 2349 2349 2349 2349
    2349 2349 2333 2333 2301 2301 2301 2256 2256 2226 2212 2184 2170
    2143 2116 2103 3208 2450 2432 2398 2381 2349 2349 2349 2333 2333
    2349 2349 2349 2349 2333 2333 2301 2271 2256 2256 2241 2212 2212
    2198 2170 2129 2116 2103 3178 2450 2432 2398 2381 2349 2349 2349
    2333 2333 2349 2333 2333 2349 2349 2333 2301 2271 2256 2256 2226
    2184 2184 2184 2170 2129 2116 2103 3178 2432 2415 2398 2381 2333
    2333 2333 2333 2333 2349 2333 2333 2333 2333 2333 2301 2271 2241
    2226 2212 2184 2170 2170 2170 2156 2129 2103 2467 2432 2415 2398
    2381 2333 2333 2333 2333 2333 2333 2333 2333 2333 2333 2317 2301
    2271 2241 2226 2212 2184 2170 2170 2156 2129 2116 2103 2450 2432
    2415 2398 2381 2333 2333 2333 2333 2333 2333 2333 2333 2333 2333
    2317 2286 2271 2226 2226 2226 2198 2184 2170 2156 2129 2116 2103
    2450 2432 2415 2398 2381 2333 2317 2317 2333 2333 2333 2333 2333
    2333 2333 2317 2286 2271 2226 2226 2212 2212 2198 2170 2129 2116
    2116 2103 3149 2432 2415 2398 2381 2333 2317 2317 2333 2333 2333
    2333 2317 2317 2317 2317 2301 2286 2226 2226 2212 2212 2198 2170
    2129 2116 2103 2103 3120 2398 2398 2398 2349 2333 2317 2317 2317
    2333 2333 2317 2317 2317 2317 2317 2301 2286 2256 2226 2212 2212
    2212 2129 2129 2116 2103 2090 3120 2398 2398 2398 2349 2317 2317
    2317 2317 2333 2333 2317 2317 2317 2317 2317 2301 2301 2271 2226
    2212 2212 2212 2143 2143 2116 2103 2090 3149 2398 2398 2398 2349
    2317 2317 2317 2317 2333 2333 2317 2317 2317 2317 2317 2301 2286
    2271 2226 2226 2226 2170 2143 2143 2129 2116 2103 3149 2398 2398
    2398 2349 2317 2317 2317 2317 2317 2333 2317 2317 2317 2317 2301
    2301 2286 2271 2226 2226 2226 2170 2156 2156 2143 2129 2103 3178
    2398 2398 2398 2349 2317 2317 2333 2317 2317 2333 2317 2317 2317
    2317 2301 2286 2271 2256 2241 2241 2241 2170 2170 2170 2156 2143
    2116 3120 2415 2398 2398 2349 2333 2333 2333 2333 2333 2317 2317
    2317 2317 2317 2301 2286 2271 2256 2256 2256 2226 2170 2170 2170
    2116 2116 2103 3092 2415 2398 2381 2349 2317 2317 2317 2317 2317
    2317 2317 2317 2317 2301 2301 2286 2271 2241 2241 2226 2226 2226
    2129 2129 2116 2116 2090 3092 2415 2398 2365 2349 2317 2317 2317
    2317 2301 2301 2286 2286 2301 2301 2301 2286 2271 2226 2226 2226
    2198 2198 2143 2129 2116 2103 2090 2835 2398 2398 2365 2333 2301
    2286 2286 2301 2301 2301 2286 2286 2301 2301 2301 2286 2271 2226
    2226 2226 2184 2170 2143 2129 2116 2103 2090 2812 2381 2381 2349
    2333 2301 2286 2286 2301 2301 2301 2286 2286 2301 2301 2286 2286
    2256 2241 2241 2226 2184 2170 2143 2129 2129 2103 2103 2812 2381
    2381 2349 2333 2286 2271 2271 2271 2286 2286 2286 2286 2301 2301
    2286 2286 2256 2241 2241 2256 2256 2170 2143 2129 2129 2103 2103
    2835 2812 2381 2349 2333 2286 2271 2271 2271 2286 2286 2286 2286
    2301 2301 2286 2286 2271 2271 2271 2271 2156 2156 2143 2129 2129
    2116 2103 2835 2859 2381 2349 2333 2301 2286 2286 2286 2286 2286
    2286 2286 2286 2286 2286 2286 2271 2271 2271 2170 2156 2156 2143
    2143 2129 2116 2116 2835 2859 2349 2349 2349 2317 2286 2286 2286
    2286 2286 2286 2286 2286 2286 2286 2286 2271 2271 2271 2170 2170
    2170 2156 2129 2129 2116 2116 2835 2835 2349 2349 2333 2317 2286
    2286 2286 2286 2286 2286 2286 2286 2286 2286 2286 2271 2271 2271
    2156 2156 2156 2156 2129 2129 2129 0 2835 2835 2365 2349 2333 2317
    2286 2286 2286 2286 2286 2286 2286 2286 2286 2286 2286 2286 2286 0
    2156 2156 2156 2156 2116 2116 2090 2090 2835 2812 2381 2349 2349
    2301 2286 2271 2271 2271 2271 2286 2286 2271 2271 2271 2256 2256
    2286 2286 2156 2156 2156 2143 2116 2103 2078 2078 2812 2812 2365
    2349 2333 2301 2271 2271 2271 2271 2271 2271 2271 2271 2271 2271
    2241 2212 2212 2212 2212 2156 2156 2129 2116 2103 2078 2078 2812
    2365 2365 2349 2333 2301 2256 2256 2256 2271 2271 2271 2271 2271
    2271 2271 2241 2212 2212 2212 0 2156 2156 2129 2116 2103 2103 2090
    2835 2365 2349 2349 2333 2286 2241 2241 2256 2256 2271 2271 2271
    2271 2271 2271 2226 2226 2226 2226 0 2156 2156 2143 2116 2116 2103
    2090 2835 2365 2349 2333 2317 2286 2241 2241 2241 2256 2256 2271
    2271 2271 2271 2271 2226 2226 2226 2226 0 1241 1241 2129 2129 2129
    2116 2116 2835 3092 2349 2333 2317 2286 2241 2241 2241 2256 2256
    2271 2271 2271 2271 2271 2241 2226 2226 2226 0 1241 1241 1241 1236
    1236 0 0 3064 3092 2349 2349 2317 2286 2256 2256 2256 2241 2241 2271
    2271 2271 2271 2271 2256 2256 2286 2286 1259 1241 1241 1236 1232
    1232 0 0 3064 2398 2333 2333 2317 2286 2256 2256 2256 2241 2241 2271
    2271 2271 2271 2271 2271 2286 2286 2286 1259 1250 1241 1236 1232
    1232 0 0 3064 2365 2333 2333 2317 2286 2271 2256 2256 2241 2241 2271
    2271 1268 1268 1273 1283 1278 1273 1268 1259 1250 1245 1241 1236
    1236 0 0 3064 2365 2333 2333 2317 2301 2271 2256 2256 1312 1307 1302
    1292 1268 1268 1273 1273 1273 1268 1268 1259 1255 1250 1241 1236
    1236 0 0 3037 2333 2333 2333 2317 2317 2286 2256 1312 1307 1307 1302
    1292 1278 1278 1273 1268 1268 1264 1264 1259 1255 1250 1245 1236
    1236 0 0</data></Depth10333>
</opencv_storage>
