<?xml version="1.0"?>
<opencv_storage>
<Depth19634 type_id="opencv-matrix">
  <rows>13</rows>
  <cols>37</cols>
  <dt>w</dt>
  <data>
    3399 3433 3468 3433 3433 3399 3399 3399 3399 3399 0 0 0 0 0 0 0 0
    3468 3468 0 0 0 0 0 0 0 0 0 0 0 0 0 0 0 0 0 3399 3399 3365 3365 3365
    3365 3399 3399 3399 3399 3576 3576 0 0 0 3433 3433 3433 3433 3468
    3576 0 0 0 0 0 0 0 0 0 0 0 0 0 0 0 0 3399 3399 3365 3365 3365 3365
    3399 3433 3503 3576 3539 3503 3433 3433 3399 3399 3433 3433 3433
    3433 3539 3576 3692 3692 3692 3653 3653 0 0 0 0 0 0 0 0 0 0 3399
    3399 3399 3399 3399 3399 3399 3433 3576 3539 3503 3468 3433 3433
    3399 3399 3433 3433 3433 3433 3539 3576 3653 3653 3614 3614 3614
    3614 3653 3692 3732 3774 0 0 0 0 0 3399 3399 3399 3399 3433 3399
    3399 3433 3539 3539 3468 3468 3433 3433 3468 3468 3503 3503 3503
    3503 3503 3653 3653 3653 3614 3614 3614 3614 3653 3692 3576 3576
    3576 3576 0 0 0 3399 3399 3399 3399 3433 3399 3399 3433 3539 3539
    3468 3468 3468 3468 3503 3503 3539 3503 3503 3503 3503 3692 3692
    3653 3653 3653 3653 3653 3614 3576 3576 3576 3576 3576 3576 0 0 3433
    3433 3399 3399 3433 3399 3399 3468 3468 3468 3503 3468 3468 3468
    3503 3503 3539 3576 3576 3576 3576 3576 3692 3653 3653 3653 3653
    3653 3614 3576 3576 3576 3539 3539 3576 3576 3614 0 3433 3399 3399
    3433 3399 3399 3433 3433 3468 3468 3468 3468 3468 3468 3503 3539
    3576 3576 3576 3503 3503 3503 3539 3692 3692 3653 3614 3576 3576
    3576 3576 3539 3539 3576 3576 3576 0 0 0 3433 3433 3433 3433 3433
    3433 3468 3468 3468 3433 3433 3433 3468 3503 3539 3576 3576 3503
    3503 3539 3539 3539 3614 3614 3576 3576 3576 3576 3576 3576 3576
    3539 3539 3539 0 0 0 3468 3468 0 3468 3468 3468 3433 3399 3300 3300
    3399 3399 3433 3433 3503 3539 3539 3539 3539 3539 3539 3539 3614
    3614 3576 3576 3576 3576 3576 3576 3576 3539 3539 3539 0 0 0 0 0 0 0
    0 0 3433 3399 3300 3300 3399 3399 3433 3433 3468 3539 3539 3539 3503
    3503 3539 3539 0 3614 3576 3576 3576 3576 3576 3576 3576 3614 3539
    3539 0 0 0 0 0 0 0 0 0 0 0 0 0 3399 3399 3433 3433 3468 0 0 0 3503
    3503 3539 0 0 3614 3576 3576 3576 3576 3576 3653 3692 3692 3692 0 0
    0 0 0 0 0 0 0 0 0 0 0 0 0 0 0 0 0 0 0 0 0 0 0 0 0 3614 3614 3576
    3576 3576 3614 3653 3692 3732 3732 0</data></Depth19634>
</opencv_storage>
