<?xml version="1.0"?>
<opencv_storage>
<Depth16781 type_id="opencv-matrix">
  <rows>116</rows>
  <cols>63</cols>
  <dt>w</dt>
  <data>
    2933 2933 2933 2933 2933 2933 2958 2958 2958 2984 2984 3010 3010
    3010 3010 3010 3010 3010 3010 3010 3037 3037 3037 3037 3037 3037
    3037 3064 3064 3064 3064 3064 3064 3064 3092 3092 3092 3092 3092
    3092 3092 3120 3120 3120 3149 3149 1317 1312 1312 1317 1312 1312
    1312 3149 3149 3149 3149 3178 3178 3178 3178 3208 3238 2933 2933
    2933 2933 2933 2958 2958 2958 2958 2984 2984 3010 3010 3010 3010
    3010 3010 3010 3010 3037 3037 3037 3037 3037 3037 3037 3037 3064
    3064 3064 3064 3064 3092 3092 3092 3092 3092 3092 3092 3092 3092
    3120 3120 3120 3149 3149 1317 1317 1317 1317 1312 1312 1312 3149
    3149 3149 3178 3178 3178 3178 3178 3208 3208 2933 2958 2958 2958
    2958 2958 2958 2958 2958 2984 2984 3010 3010 3010 3010 3010 3010
    3010 3037 3037 3037 3037 3037 3037 3037 3037 3037 3064 3064 3064
    3064 3064 3064 3092 3092 3092 3092 3092 3120 3120 3120 3120 3120
    3120 3149 1322 1322 1322 1322 1317 1312 1312 1312 3208 3208 3208
    3178 3178 3178 3178 3178 3208 3208 2933 2958 2958 2958 2958 2958
    2958 2958 2958 2984 2984 3010 3010 3010 3010 3010 3010 3010 3037
    3037 3037 3037 3037 3037 3037 3037 3064 3064 3064 3064 3064 3064
    3064 3092 3092 3092 3092 3092 3120 3120 3120 3120 3120 3120 1322
    1322 1322 1322 1322 1322 1322 1322 1322 3238 3208 3208 3208 3208
    3208 3178 3178 3208 3208 2933 2933 2958 2958 2933 2933 2933 2958
    2958 3010 3010 3010 3010 3010 3010 3010 3010 3010 3037 3037 3037
    3037 3037 3037 3037 3037 3064 3064 3064 3064 3064 3064 3064 3064
    3092 3092 3092 3092 3120 3120 3120 3120 3120 1328 1322 1322 1322
    1322 1328 1328 1328 1245 1245 1245 1245 1245 3208 3208 3208 3208
    3208 3238 3238 2933 2933 2958 2958 2933 2933 2933 2958 2958 3010
    1250 1245 1245 3010 3010 3010 3037 3037 3037 3037 3037 3037 3037
    3037 3037 3037 3037 3037 3064 3064 3064 3064 3064 3064 3092 3092
    3092 3092 3120 3120 3120 3120 3149 1328 1328 1322 1322 1322 1322
    1250 1250 1245 1245 1245 1245 1245 1245 3208 3208 3208 3208 3238
    3238 2933 2933 2958 2958 2958 2958 2958 2958 2984 1255 1250 1245
    1245 3037 3037 3037 3037 3037 3037 3037 3037 3037 3037 3037 3037
    3037 3037 3037 3064 3064 3064 3092 3092 3092 3092 3092 3092 3092
    1241 1241 1241 3120 3149 1328 1328 1322 1322 1255 1250 1250 1250
    1245 1245 1245 1245 1245 1245 3208 3208 3208 3208 3238 3238 2933
    2933 2958 2958 2958 2958 2958 2958 1255 1255 1250 1245 1245 1245
    3064 3064 3037 3037 3037 3037 3037 3037 3037 3037 1250 1250 3037
    3037 3037 3064 3064 3092 3092 3092 3092 3092 1245 1241 1241 1241
    1241 1245 1328 1328 1328 1328 1255 1255 1250 1250 1250 1250 1250
    1250 1250 1250 1250 3178 3178 3178 3208 3208 3238 2933 2958 2958
    2984 2984 2984 2984 1255 1255 1255 1250 1245 1245 1245 1245 3064
    3064 3037 3037 3037 3037 3037 3037 1245 1236 1236 1236 1236 1236
    1241 1245 1250 1250 1250 3092 1245 1245 1241 1241 1241 1241 1241
    1328 1328 1328 1328 1250 1250 1250 1250 1250 1250 1250 1250 1250
    1250 1250 3178 3178 3178 3208 3208 3238 2958 2958 2984 2984 2984
    2984 2984 1255 1255 1250 1241 1241 1245 1245 1245 3064 3064 3037
    3037 3037 3037 3037 3037 1245 1236 1236 1236 1236 1236 1241 1245
    1245 1250 1245 1245 1245 1245 1245 1241 1241 1241 1241 1328 1328
    1328 1328 1250 1250 1250 1250 1250 1250 1250 1250 1250 1250 1250
    3178 3178 3178 3208 3208 3238 2958 2958 2984 2984 2958 1250 1250
    1250 1250 1250 1241 1241 1241 1241 1241 1241 1236 1236 1241 1236
    1236 1236 1241 1241 1236 1236 1236 1236 1241 1245 1245 1245 1250
    1245 1245 1245 1245 1245 1245 1245 1245 1328 1328 1328 1328 1245
    1245 1250 1250 1250 1250 1250 1250 1250 1250 1250 1250 3178 3178
    3178 3208 3208 3238 2958 2958 2984 2984 2958 1250 1250 1250 1250
    1245 1241 1241 1241 1236 1236 1236 1236 1236 1241 1236 1236 1236
    1241 1241 1241 1241 1241 1241 1241 1245 1245 1245 1250 1245 1245
    1245 1245 1245 1245 1245 1245 1245 1328 1328 1250 1245 1245 1245
    1245 1250 1250 1250 1250 1250 1250 1250 1250 3208 3208 3208 3208
    3208 3238 2933 2958 2984 2984 1245 1245 1250 1250 1245 1245 1241
    1241 1241 1236 1236 1236 1236 1236 1241 1241 1241 1241 1241 1241
    1241 1241 1245 1245 1245 1245 1245 1245 1245 1245 1245 1245 1245
    1245 1250 1250 1245 1245 1245 1245 1245 1245 1245 1245 1245 1250
    1250 1250 1250 1250 1250 1250 1250 3178 3178 3178 3208 3208 3238
    2933 2958 2984 1245 1245 1245 1250 1250 1245 1245 1241 1241 1236
    1236 1236 1236 1236 1236 1241 1241 1241 1241 1241 1241 1241 1241
    1245 1245 1245 1245 1245 1245 1245 1245 1245 1245 1245 1245 1250
    1250 1245 1245 1245 1245 1245 1250 1250 1250 1250 1250 1250 1250
    1250 1250 1250 1250 1250 3178 3178 3178 3208 3208 3238 2933 2958
    2984 1245 1245 1245 1250 1250 1241 1241 1241 1241 1236 1236 1236
    1241 1241 1241 1241 1241 1241 1241 1241 1241 1241 1241 1245 1245
    1245 1245 1245 1245 1245 1245 1245 1245 1245 1245 1250 1250 1250
    1250 1250 1250 1250 1250 1250 1250 1250 1250 1250 1250 1250 1250
    1250 1250 1250 1250 3208 3208 3208 3238 3238 2933 2958 1250 1245
    1245 1250 1250 1250 1241 1241 1241 1241 1236 1236 1236 1241 1241
    1241 1241 1241 1241 1241 1241 1241 1241 1245 1245 1245 1245 1250
    1245 1245 1245 1245 1245 1245 1245 1250 1250 1250 1245 1245 1245
    1250 1250 1250 1250 1250 1250 1250 1250 1250 1250 1250 1250 1250
    1250 1250 3238 3238 3238 3238 3238 2933 2958 1250 1250 1250 1250
    1250 1250 1241 1241 1241 1241 1236 1236 1241 1241 1241 1245 1245
    1245 1241 1241 1241 1241 1245 1245 1245 1245 1245 1250 1250 1245
    1245 1245 1245 1245 1245 1250 1250 1250 1245 1245 1245 1250 1250
    1250 1250 1250 1250 1250 1250 1250 1250 1250 1250 1250 1255 1255
    3208 3208 3208 3238 3238 2958 1241 1241 1250 1250 1250 1250 1250
    1241 1241 1241 1241 1241 1241 1241 1241 1241 1245 1245 1245 1241
    1241 1241 1241 1245 1245 1245 1245 1245 1250 1245 1245 1245 1245
    1250 1250 1250 1250 1250 1250 1250 1250 1250 1250 1250 1250 1250
    1250 1250 1250 1250 1250 1250 1250 1250 1255 1255 1255 3208 3208
    3208 3238 3238 2958 1241 1241 1250 1250 1250 1250 1245 1245 1241
    1241 1241 1241 1241 1241 1241 1241 1245 1241 1241 1241 1241 1241
    1241 1245 1245 1245 1245 1245 1245 1245 1245 1245 1245 1250 1250
    1250 1250 1250 1250 1250 1250 1250 1250 1250 1250 1250 1250 1250
    1250 1250 1250 1250 1250 1250 1255 1255 1255 3208 3208 3208 3238
    3238 2958 1245 1245 1250 1245 1245 1250 1245 1245 1245 1245 1245
    1245 1241 1241 1241 1241 1245 1241 1241 1245 1241 1241 1250 1245
    1245 1250 1245 1245 1245 1245 1245 1245 1250 1250 1250 1250 1250
    1250 1250 1250 1250 1250 1250 1250 1250 1250 1250 1255 1250 1250
    1250 1250 1250 1250 1255 1259 1259 3208 3208 3208 3238 3238 1245
    1245 1245 1245 1245 1245 1250 1245 1245 1245 1245 1245 1245 1241
    1241 1245 1245 1245 1241 1241 1245 1245 1245 1245 1245 1245 1245
    1245 1245 1245 1245 1245 1250 1250 1250 1250 1250 1250 1250 1250
    1250 1250 1250 1255 1250 1250 1250 1250 1255 1250 1250 1250 1250
    1250 1250 1255 1255 1255 3208 3208 3208 3238 3238 1245 1245 1245
    1245 1245 1245 1250 1250 1245 1245 1245 1245 1245 1245 1245 1245
    1245 1245 1241 1241 1245 1245 1245 1245 1245 1245 1245 1245 1245
    1245 1245 1245 1245 1250 1250 1250 1250 1250 1250 1250 1250 1250
    1250 1250 1250 1250 1250 1250 1250 1250 1250 1250 1250 1250 1250
    1255 1255 1255 3208 3208 3208 3238 3238 1245 1245 1245 1245 1245
    1245 1250 1250 1245 1245 1245 1245 1245 1250 1250 1245 1245 1245
    1245 1245 1245 1245 1245 1245 1245 1250 1250 1245 1245 1245 1245
    1245 1245 1245 1250 1250 1250 1250 1250 1250 1250 1250 1250 1250
    1250 1250 1250 1250 1250 1250 1250 1250 1250 1250 1255 1255 1259
    1259 3238 3238 3238 3238 3238 1245 1245 1245 1245 1245 1245 1250
    1245 1245 1245 1245 1245 1250 1250 1250 1245 1245 1245 1245 1245
