<?xml version="1.0"?>
<opencv_storage>
<Depth11672 type_id="opencv-matrix">
  <rows>95</rows>
  <cols>40</cols>
  <dt>w</dt>
  <data>
    4582 4582 4582 4582 4645 4645 4645 4645 4708 4708 4774 4774 1516
    1509 1509 1509 1509 4911 4911 4911 4911 4911 4911 4911 4911 4911
    4983 4983 5056 5056 5056 5132 5132 5210 5210 5210 5210 5210 5210
    5210 4582 4582 4582 4582 4645 4645 4645 4645 4708 4645 4645 1516
    1516 1509 1509 1509 1516 1516 1509 1503 1503 1489 1489 1503 1503
    1503 1503 1503 5056 5056 5056 5132 5132 5210 5210 5210 5210 5210
    5210 5210 4582 4582 4582 4582 4582 4645 4645 4645 4645 4645 4645
    1516 1509 1509 1509 1516 1516 1516 1503 1496 1496 1483 1483 1496
    1489 1489 1503 1503 1509 1509 5210 5132 5132 5132 5210 5210 5210
    5210 5210 5210 4582 4582 4582 4582 4582 4582 4582 1439 1464 1464
    1464 1464 1509 1509 1509 1370 1370 1503 1489 1483 1483 1464 1439
    1439 1445 1445 1458 1477 1509 1509 5132 5132 5132 5132 5210 5210
    5210 5210 5210 5210 4582 4582 4582 4582 4582 4582 4582 1439 1439
    1439 1439 1427 1427 1415 1404 1370 1370 1398 1483 1483 1483 1439
    1439 1439 1445 1445 1452 1464 1464 1464 5132 5132 5132 5132 5210
    5210 5210 5210 5210 5210 4582 4582 4582 4645 4645 4645 1433 1433
    1433 1421 1421 1415 1410 1404 1404 1398 1398 1398 1483 1483 1483
    1439 1404 1376 1376 1452 1452 1464 1464 1489 5132 5132 5132 5132
    5210 5210 5210 5210 5210 5210 4582 4582 4582 4582 4582 1433 1433
    1433 1433 1404 1404 1398 1392 1392 1392 1404 1404 1404 1302 1302
    1297 1297 1376 1376 1376 1376 1489 1489 1489 1489 5132 5132 5132
    5132 5132 5210 5210 5210 5210 5210 4582 4582 4582 1365 1365 1343
    1354 1354 1354 1354 1349 1349 1359 1359 1365 1365 1365 1302 1302
    1302 1297 1297 1365 1365 1370 1370 1489 1489 1489 1489 1489 5210
    5210 5132 5132 5210 5210 5210 5210 5210 4522 1317 1317 1365 1365
    1343 1343 1349 1349 1354 1349 1349 1343 1343 1343 1338 1322 1302
    1302 1302 1288 1288 1365 1365 1370 1370 1489 1489 1489 1489 0 5210
    5210 5210 5210 5210 5210 5210 5210 5210 1312 1317 1317 1317 1317
    1322 1322 1322 1322 1322 1328 1328 1333 1328 1328 1317 1307 1292
    1292 1292 1288 1288 1292 1283 1273 1259 1259 1483 1489 1489 5210
    5210 5210 5210 5210 5210 5210 5210 5210 5210 1312 1312 1312 1312
    1312 1312 1312 1312 1312 1312 1312 1307 1307 1307 1307 1307 1302
    1292 1292 1288 1288 1288 1288 1283 1273 1259 1259 1477 1477 1477
    5210 5210 5210 5210 5210 5210 5210 5210 5210 5210 1307 1307 1312
    1312 1307 1307 1307 1307 1307 1302 1302 1302 1302 1302 1302 1297
    1297 1292 1292 1288 1288 1288 1288 1288 1288 1288 1477 1477 1477 0
    5210 5210 5210 5210 5210 5210 5210 5210 5210 5210 1307 1307 1307
    1307 1307 1307 1307 1307 1307 1302 1302 1302 1302 1297 1297 1297
    1297 1292 1292 1292 1292 1288 1288 1288 1288 1288 1483 1483 1483
    1483 5210 5210 5210 5210 5210 5210 5210 5210 5210 5210 1307 1307
    1307 1307 1302 1302 1302 1302 1307 1302 1302 1302 1302 1297 1297
    1297 1297 1297 1292 1292 1292 1292 1292 1292 1292 1292 1292 1483
    1483 1483 5210 5210 5210 5210 5210 5210 5210 5210 5210 5210 1307
    1307 1307 1307 1302 1302 1302 1302 1307 1302 1302 1302 1302 1302
    1297 1297 1297 1297 1297 1292 1292 1292 1292 1292 1292 1292 1292
    1483 1483 1483 1483 5210 5210 5210 5210 5210 5210 5210 5210 5210
    1322 1312 1307 1307 1307 1307 1307 1307 1302 1302 1307 1302 1302
    1302 1297 1297 1297 1297 1297 1292 1292 1297 1292 1292 1292 1292
    1292 1483 1483 1483 1483 1483 5210 5210 5210 5210 5210 5210 5210
    5210 1317 1317 1312 1307 1307 1307 1307 1307 1302 1302 1302 1302
    1302 1302 1297 1297 1302 1297 1297 1292 1292 1292 1292 1292 1292
    1292 1292 1489 1489 1489 1489 0 5210 5210 5210 5210 5210 5210 5210
    5210 1317 1317 1312 1307 1307 1307 1307 1307 1307 1302 1302 1302
    1302 1302 1297 1297 1302 1302 1297 1292 1292 1292 1292 1297 1297
    1297 1297 1489 1489 1489 1489 5132 5132 5132 5132 5210 5210 5210
    5210 5210 1317 1317 1312 1312 1312 1312 1307 1307 1307 1302 1302
    1302 1302 1302 1297 1297 1302 1302 1297 1297 1292 1292 1292 1297
    1297 1302 1464 1464 1477 1477 1477 5132 5132 5132 5132 5210 5132
    5132 5132 5210 1312 1312 1312 1312 1307 1307 1307 1307 1307 1307
    1302 1302 1302 1302 1302 1302 1302 1297 1297 1292 1292 1297 1297
    1297 1302 1302 1458 1458 1477 1477 1477 5132 5132 5132 5132 5132
    5132 5132 5132 5132 1312 1312 1312 1312 1307 1307 1307 1307 1307
    1307 1307 1302 1302 1302 1302 1302 1302 1297 1297 1292 1292 1297
    1297 1297 1297 1297 1458 1458 1483 1483 1489 1489 1489 5210 5132
    5132 5056 4983 4983 5132 1312 1307 1307 1307 1307 1307 1307 1307
    1307 1307 1307 1307 1302 1302 1302 1302 1302 1297 1297 1297 1297
    1297 1297 1297 1297 1297 1458 1458 1489 1489 1489 1489 1489 1489
    5132 5132 4983 4983 4983 5056 1307 1307 1307 1307 1307 1307 1307
    1307 1307 1307 1307 1307 1307 1302 1302 1302 1302 1297 1297 1297
    1297 1297 1297 1297 1297 1297 1464 1464 1483 1489 1489 1489 1489
    5210 5210 4983 4983 4983 4983 5056 1307 1307 1307 1307 1307 1307
    1307 1307 1307 1307 1307 1307 1307 1302 1302 1302 1302 1297 1297
    1297 1297 1297 1297 1297 1297 1302 1307 1483 1483 1489 1489 1489
    1489 5210 5210 5210 5056 5056 5132 5132 1312 1312 1312 1312 1307
    1307 1307 1307 1307 1307 1307 1307 1307 1302 1302 1302 1302 1297
    1297 1297 1297 1297 1297 1297 1297 1302 1307 1477 1477 1489 1489
    1489 1496 5210 5210 5210 5210 5210 5210 5210 1317 1317 1317 1312
    1312 1312 1312 1312 1312 1307 1307 1307 1307 1302 1302 1302 1302
    1302 1302 1297 1297 1297 1297 1297 1297 1302 1307 1477 1477 1489
    1489 1496 1496 5210 5210 5210 5210 5210 5210 5210 0 1322 1322 1317
    1317 1312 1312 1312 1307 1307 1307 1307 1307 1302 1302 1302 1302
    1302 1302 1297 1297 1297 1297 1297 1297 1302 1307 1483 1483 1489
    1496 1496 1496 5291 5291 5291 5210 5210 5291 5210 0 1322 1322 1317
    1317 1312 1312 1312 1307 1307 1307 1307 1307 1302 1302 1302 1302
    1302 1302 1302 1297 1297 1297 1297 1297 1302 1307 1470 1483 1483
    1496 1496 1496 5291 5291 5291 5291 5210 5210 5210 0 1322 1322 1312
    1312 1317 1312 1312 1307 1307 1312 1307 1307 1307 1302 1302 1302
    1302 1302 1297 1292 1292 1297 1297 1297 1302 1302 1470 1483 1483
    1496 1496 1496 0 5291 5291 5291 5210 5132 5132 0 0 1322 1312 1312
    1317 1312 1312 1312 1312 1312 1307 1307 1307 1302 1302 1302 1302
    1302 1297 1292 1292 1297 1297 1302 1302 1302 1470 1483 1483 1496
    1496 0 5210 5210 5210 5210 5210 5132 5132 0 0 1322 1312 1312 1317
    1312 1312 1312 1307 1307 1307 1307 1307 1307 1307 1307 1302 1302
    1297 1297 1297 1297 1297 1302 1302 1302 1483 1483 1489 1496 1496 0
    5210 5210 5210 5210 5210 5132 5132 0 0 1322 1317 1312 1312 1312 1312
    1312 1307 1307 1307 1307 1307 1307 1307 1307 1302 1302 1302 1297
    1297 1297 1297 1302 1302 1302 1302 1496 1496 1503 1503 0 5210 5210
    5132 5132 5210 5132 5132 0 0 1317 1317 1312 1312 1312 1312 1312 1307
    1307 1307 1307 1307 1307 1307 1307 1302 1302 1302 1302 1297 1297
    1297 1302 1302 1302 1302 1503 1503 1503 1503 0 5056 5056 5056 5132
    5132 5132 5132 0 0 1317 1317 1317 1317 1317 1312 1312 1307 1307 1307
    1307 1307 1307 1307 1307 1307 1302 1302 1302 1302 1302 1302 1302
    1302 1307 1307 1496 1496 1503 1503 1496 5056 5056 5056 5056 5056
    5056 5132 0 1317 1317 1317 1317 1317 1317 1317 1312 1312 1307 1307
    1307 1307 1307 1307 1307 1307 1302 1302 1302 1302 1302 1302 1302
    1302 1307 1328 1464 1470 1496 1496 1496 5056 5056 5056 5056 5056
    5056 5132 0 1322 1322 1322 1322 1322 1322 1317 1317 1312 1312 1307
    1307 1307 1307 1307 1307 1307 1307 1302 1302 1302 1302 1302 1302
    1302 1302 1328 1464 1464 1489 1489 1489 1489 5056 5056 5056 4983
    4983 4983 0 0 1317 1317 1322 1322 1322 1317 1317 1312 1312 1307 1307
    1307 1307 1307 1307 1307 1307 1302 1302 1302 1302 1302 1302 1302
    1302 1333 1464 1464 1489 1489 1489 1496 4983 4983 4983 4983 4983
    4911 4405 0 1317 1317 1322 1322 1317 1317 1317 1312 1312 1312 1307
