<?xml version="1.0"?>
<opencv_storage>
<Depth14446 type_id="opencv-matrix">
  <rows>18</rows>
  <cols>38</cols>
  <dt>w</dt>
  <data>
    0 3468 2859 2835 2835 2835 2835 2835 2835 2812 2812 2812 2789 2789
    2835 2835 2835 2835 3539 3539 3539 3539 3539 3503 2723 2701 2701
    3503 3468 3468 3468 2723 2701 2701 3365 3365 3365 3365 2812 2812
    2812 2835 2835 2835 2835 2835 2812 2789 2789 2789 2789 2789 2812
    2812 2812 2723 2723 2744 2744 2723 2723 2701 2701 2701 2701 2701
    2701 2723 2701 2701 2680 2639 2639 2618 2618 3365 2789 2789 2789
    2812 2812 2812 2812 2812 2789 2767 2767 2744 2744 2767 2789 2789
    2789 2723 2723 2723 2723 2723 2701 2701 2701 2701 2701 2701 2701
    2701 2701 2701 2680 2639 2639 2618 2598 2598 2789 2789 2789 2789
    2812 2812 2812 2789 2767 2767 2744 2744 2723 2723 2723 2723 2723
    2723 2723 2723 2723 2701 2701 2701 2701 2701 2701 2701 2701 2680
    2680 2659 2659 2639 2639 2639 2598 2598 2789 2789 2789 2789 2812
    2812 2812 2789 2767 2767 2744 2744 2723 2723 2723 2723 2723 2723
    2723 2723 2723 2701 2701 2701 2701 2701 2680 2680 2680 2659 2659
    2639 2639 2639 2618 2618 2598 2598 2789 2789 2789 2812 2812 2812
    2789 2789 2789 2767 2744 2744 2744 2723 2723 2723 2723 2723 2723
    2723 2723 2723 2701 2701 2701 2701 2680 2680 2659 2659 2659 2639
    2639 2639 2618 2618 2598 2579 2789 2789 2789 2812 2812 2812 2789
    2789 2789 2789 2789 2789 2767 2744 2744 2744 2723 2723 2723 2723
    2723 2723 2701 2701 2701 2701 2680 2680 2659 2659 2659 2659 2639
    2639 2618 2618 2598 2579 2812 2812 2812 2812 2812 2812 2812 2812
    2812 2812 2812 2789 2767 2744 2744 2744 2723 2723 2723 2723 2723
    2723 2701 2701 2701 2701 2680 2680 2701 2701 2701 2680 2639 2639
    2618 2618 2598 2579 2835 2835 2812 2812 2812 2789 2789 2812 2812
    2812 2812 2789 2767 2767 2767 2744 2723 2723 2723 2723 2723 2701
    2701 2701 2701 2701 2701 2701 2701 2701 2701 2680 2639 2639 2598
    2598 2598 2579 1087 2812 2812 2812 2812 2789 2789 2812 2812 2812
    2789 2789 2789 2789 2767 2767 2744 2744 2744 2744 2723 2701 2701
    2701 2701 2701 2701 2701 2701 2701 2701 2659 2639 2618 2598 2598
    2598 2579 0 2835 2835 2812 2812 2789 2789 2789 2812 2812 2789 2789
    2789 2767 2744 2744 2744 2744 2744 2744 2723 2723 2701 2701 2701
    2701 2701 2701 2701 2701 2701 2659 2639 2618 2598 2598 2598 2579 0 0
    2812 2812 2789 2767 2767 2789 2789 2789 2789 2789 2789 2767 2744
    2744 2744 2744 2744 2744 2723 2723 2701 2701 2701 2701 2701 2701
    2701 2701 2701 2680 2659 2618 2618 2598 2598 2579 0 0 2812 2789 2767
    2767 2767 2789 2789 2789 2789 2789 2767 2767 2723 2723 2744 2744
    2744 2744 2723 2723 2701 2701 2701 2701 2701 2701 2701 2701 2723
    2680 2659 2639 2618 2618 2598 2579 0 0 0 2789 2767 2767 2767 2767
    2767 2767 2789 2767 2723 2723 2723 2723 2744 2744 2744 2744 2723
    2701 2701 2701 2701 2701 2701 2701 2701 2701 2680 2680 2659 2639
    2639 2618 2598 2579 0 0 0 0 2767 2767 2767 2767 2767 2767 2789 2767
    2723 2723 2723 2723 2744 2744 2767 2767 2723 2701 2680 2680 2680
    2680 2701 2701 2701 2680 2659 2659 2680 2659 2639 2618 2598 2579 0 0
    0 0 2812 2812 2789 2789 0 2789 2789 0 0 0 0 2744 2723 2723 2789 0 0
    0 2680 2680 2680 2680 2701 2680 2659 2659 2659 2659 2659 2659 2618
    2560 2560 2579 0 0 0 0 0 0 0 0 0 0 0 0 0 0 0 0 2723 2723 0 0 0 0 0 0
    0 2701 2701 2659 2659 2659 2659 2659 2659 2680 2560 2541 2541 2541 0
    0 0 0 0 0 0 0 0 0 0 0 0 0 0 0 0 0 0 0 0 0 0 0 0 0 0 2659 2659 2659
    2659 2659 0 0 2560 2503 2485 2485</data></Depth14446>
</opencv_storage>
