<?xml version="1.0"?>
<opencv_storage>
<Depth9851 type_id="opencv-matrix">
  <rows>41</rows>
  <cols>121</cols>
  <dt>w</dt>
  <data>
    5291 5291 5291 5291 5291 1105 1101 1101 1105 1105 1105 1101 1094
    1094 1097 1097 1101 1097 1097 1097 1097 1097 1097 1097 1097 1097
    1094 1094 1090 1090 1090 1087 1084 1084 1084 1084 1084 1084 1084
    1087 1087 1084 1084 1084 1084 1084 1080 1080 1084 1084 1084 1077
    1077 1080 1077 1077 1073 1073 1080 1080 1077 1077 1077 1073 1073
    1073 1073 1073 1073 1073 1073 1073 1070 1067 1067 1067 1070 1070
    1070 1073 1073 0 1073 1070 1070 1070 1070 1073 1073 1073 1070 1070 0
    0 0 0 0 0 0 0 0 0 0 0 0 0 0 0 0 0 0 0 0 2333 2317 2301 2301 2301
    2226 2212 2198 5460 5460 5460 5460 5291 1084 1084 1090 1090 1094
    1094 1094 1094 1094 1094 1094 1097 1094 1094 1094 1090 1090 1090
    1090 1094 1094 1090 1087 1087 1084 1084 1084 1080 1080 1080 1080
    1080 1080 1080 1080 1080 1077 1073 1073 1073 1073 1077 1077 1073
    1073 1073 1073 1073 1070 1070 1070 1070 1070 1073 1073 1073 1073
    1073 1070 1070 1070 1067 1067 1070 1070 1070 1067 1060 1060 1063
    1063 1067 1063 1063 1063 1063 1067 1067 1067 1067 1067 1067 1067
    1070 1070 1070 1060 1060 1063 0 0 0 0 0 0 0 0 0 0 0 0 0 0 0 0 0 0 0
    0 2317 2301 2301 2301 2226 2212 2184 5832 5832 0 1080 1080 1080 1080
    1080 1080 1080 1080 1084 1084 1080 1080 1084 1084 1084 1087 1084
    1084 1080 1073 1073 1080 1080 1080 1080 1080 1080 1077 1073 1073
    1073 1073 1073 1073 1073 1073 1073 1070 1070 1067 1067 1070 1067
    1067 1063 1063 1063 1063 1067 1067 1067 1067 1067 1067 1067 1067
    1067 1070 1067 1067 1063 1063 1060 1060 1060 1060 1060 1057 1057
    1057 1057 1057 1057 1057 1057 1057 1057 1057 1057 1054 1054 1057
    1060 1060 1060 1060 1060 1060 1060 1060 1060 0 0 0 0 0 0 0 0 0 0 0 0
    0 0 0 0 0 0 0 0 0 0 0 0 2226 2198 2184 0 0 0 0 1067 1067 1067 1067
    1067 1067 1077 1073 1070 1070 1067 1067 1070 1070 1073 1073 1073
    1070 1070 1070 1070 1070 1070 1073 1073 1073 1070 1070 1070 1070
    1067 1067 1063 1063 1063 1063 1060 1060 1063 1063 1063 1060 1060
    1057 1057 1057 1060 1060 1060 1057 1057 1057 1057 1060 1057 1057
    1060 1057 1057 1057 1054 1050 1050 1050 1050 1050 1050 1050 1050
    1050 1050 1050 1050 1050 1047 1047 1047 1047 1047 1047 1047 1047
    1044 1044 1044 1054 1057 1054 1047 1044 1044 0 0 0 0 0 0 0 0 0 0 0 0
    0 0 0 0 0 0 0 0 0 0 0 1001 998 998 0 0 0 0 1067 1067 1060 1057 1057
    1060 1057 1057 1057 1057 1057 1060 1060 1060 1060 1063 1063 1063
    1063 1063 1063 1063 1060 1060 1060 1060 1060 1060 1060 1063 1063
    1060 1060 1060 1060 1057 1057 1057 1060 1057 1057 1054 1054 1050
    1050 1050 1047 1047 1047 1047 1047 1047 1047 1050 1047 1047 1047
    1047 1047 1047 1047 1044 1044 1044 1044 1044 1041 1041 1044 1044
    1044 1041 1041 1041 1041 1038 1038 1038 1038 1038 1038 1034 1034
    1034 1034 1038 1038 1041 1041 1041 1034 1034 0 0 0 0 0 0 0 0 0 0 0 0
    0 0 0 0 0 0 0 0 0 1004 1001 998 998 0 0 0 0 1038 1038 1041 1041 1044
    1050 1050 1050 1050 1050 1047 1047 1047 1047 1054 1054 1054 1057
    1057 1057 1054 1054 1050 1050 1050 1050 1050 1047 1047 1050 1050
    1050 1050 1054 1050 1050 1047 1047 1047 1050 1050 1047 1047 1047
    1047 1044 1044 1041 1041 1038 1038 1038 1038 1041 1038 1038 1038
    1038 1041 1041 1038 1038 1038 1038 1038 1038 1038 1038 1041 1038
    1034 1034 1034 1034 1034 1031 1031 1031 1031 1031 1031 1028 1028
    1028 1028 1031 1031 1031 1028 1025 1022 1022 0 0 0 0 0 0 0 0 0 0 0 0
    0 0 0 0 0 0 0 0 1004 1001 998 998 995 0 0 0 1038 1038 1038 1034 1031
    1031 1034 1047 1047 1041 1041 1041 1041 1038 1038 1038 1038 1038
    1038 1038 1044 1044 1044 1044 1044 1044 1044 1044 1044 1041 1041
    1038 1038 1038 1038 1038 1034 1034 1034 1034 1034 1034 1034 1034
    1034 1038 1038 1038 1038 1038 1034 1034 1031 1031 1034 1034 1031
    1031 1031 1031 1031 1028 1028 1028 1028 1025 1025 1031 1031 1028
    1022 1022 1022 1022 1022 1022 1025 1022 1022 1025 1022 1022 1019
    1019 1019 1016 1016 1019 1019 1019 1019 1019 1019 1013 1013 0 0 0 0
    0 0 0 0 0 0 0 0 0 0 0 0 0 1010 1004 1001 998 995 992 0 0 0 1038 1034
    1028 1025 1025 1022 1022 1025 1034 1028 1028 1028 1028 1028 1028
    1028 1028 1028 1028 1028 1028 1028 1025 1025 1025 1038 1038 1041
    1041 1038 1034 1031 1031 1031 1028 1028 1028 1028 1028 1028 1028
    1028 1028 1028 1028 1031 1031 1031 1031 1028 1028 1028 1025 1025
    1028 1025 1025 1025 1025 1025 1025 1022 1022 1022 1019 1019 1019
    1019 1019 1019 1019 1019 1016 1016 1013 1013 1013 1013 1013 1013
    1013 1013 1013 1010 1010 1007 1007 1007 1007 1007 1010 1010 1010
    1004 1004 1004 0 0 0 0 0 0 0 0 0 0 0 0 0 0 0 0 1010 998 998 995 992
    989 0 0 0 1028 1025 1019 1016 1016 1013 1013 1013 1007 1007 1013
    1013 1019 1016 1016 1016 1016 1019 1019 1019 1019 1019 1019 1019
    1019 1016 1013 1013 1028 1028 1025 1025 1025 1025 1025 1025 1025
    1025 1025 1022 1022 1022 1022 1019 1016 1016 1016 1019 1019 1019
    1019 1019 1022 1019 1019 1019 1016 1016 1016 1013 1013 1016 1016
    1016 1016 1016 1013 1013 1010 1010 1013 1010 1010 1007 1007 1007
    1007 1007 1007 1007 1007 1007 1004 1004 1004 1001 1001 1001 1004
    1004 1007 1007 1010 998 995 995 0 0 0 0 0 0 0 0 0 0 0 0 0 0 0 0 0
    995 992 992 987 987 0 0 0 1028 1016 1013 1013 1010 1007 1007 1007
    1004 1004 1007 1007 1013 1010 1010 1010 1010 1007 1007 1007 1010
    1010 1010 1010 1007 1007 998 998 998 1001 1004 1007 1007 1019 1019
    1016 1013 1013 1016 1013 1013 1013 1013 1010 1010 1007 1007 998 998
    998 1001 1001 1004 1004 1004 1004 1007 1004 1004 1001 1001 1001 1001
    1001 998 998 1001 1001 1004 1001 1001 998 998 998 998 998 1001 1001
    1001 1001 998 995 995 995 995 992 992 992 995 998 995 995 989 989
    989 989 987 987 0 0 0 0 0 0 0 0 0 0 0 0 0 0 0 995 992 989 975 975 0
    0 0 0 1010 1007 1007 1004 1004 1004 1001 1001 1001 1001 1001 1004
    1004 1004 1004 998 998 998 998 998 1001 998 995 995 995 995 995 995
    992 992 995 995 995 995 995 995 1004 1001 1001 1001 1004 1007 1004
    1001 998 998 995 995 995 992 989 989 992 998 998 1001 998 998 992
    992 989 989 992 992 989 989 989 989 989 989 989 989 989 989 989 989
    989 989 989 989 987 987 987 984 984 984 984 984 984 984 984 984 987
    987 987 981 981 0 0 0 0 0 0 0 0 0 0 0 0 0 0 0 995 989 987 970 970 0
    0 0 0 1004 1004 989 989 989 998 995 995 992 992 995 995 995 995 995
    995 995 995 995 995 992 992 992 989 989 989 989 989 987 987 987 987
    981 981 984 984 989 987 984 984 995 995 995 992 992 992 992 992 989
    987 984 984 987 992 992 989 987 987 987 987 987 987 984 984 984 984
    984 984 984 984 984 984 984 984 984 981 981 981 981 981 981 981 981
    978 978 978 978 975 975 975 975 975 978 978 978 975 975 0 0 0 0 0 0
    0 0 0 0 0 0 0 1013 1004 995 989 984 967 967 0 0 0 0 1004 987 981 981
    981 984 987 987 984 984 984 987 984 984 987 987 987 992 992 992 989
    987 987 984 984 984 984 984 984 981 981 981 981 981 981 981 981 978
    975 975 975 973 973 975 984 984 984 984 984 981 978 978 978 978 978
    978 978 978 981 981 981 981 978 978 981 981 981 978 978 978 981 981
    981 978 975 975 975 975 973 973 970 970 973 973 975 973 973 970 970
    970 970 970 973 973 973 970 970 973 0 0 0 0 0 0 0 0 0 0 0 0 1007
    1001 995 989 981 967 967 0 0 0 0 0 981 975 975 975 978 981 978 978
    978 978 981 978 975 975 975 975 978 975 975 978 978 978 978 975 975
    975 975 975 978 975 973 973 970 970 973 973 973 973 970 970 970 970
    970 970 970 970 970 975 975 973 973 973 973 973 973 973 973 973 973
    970 970 973 973 973 973 973 975 973 973 973 973 973 970 967 967 967
    967 964 964 964 964 964 964 967 967 964 962 962 962 962 964 962 962
    967 959 959 962 0 0 0 995 992 989 989 987 987 989 989 989 989 992
    992 989 981 967 967 0 0 0 0 0 970 970 970 970 970 973 973 973 973
    973 978 973 973 970 970 967 964 964 967 967 967 967 967 967 967 967
    970 970 973 970 967 967 964 964 967 967 967 967 967 967 967 964 964
