<?xml version="1.0"?>
<opencv_storage>
<Depth18197 type_id="opencv-matrix">
  <rows>107</rows>
  <cols>85</cols>
  <dt>w</dt>
  <data>
    3653 3653 3653 3653 3653 3653 3692 3692 3653 3653 3653 3692 3692
    3732 3732 3732 3732 3732 3732 3732 3732 3732 3732 3732 3774 3774
    3774 3774 3774 3774 3732 3732 3774 3774 3816 3816 3816 3816 3816
    3816 1028 1025 1022 1022 1022 1019 1019 1028 1028 3816 3816 3816
    3816 3816 3816 3816 3816 3816 3816 3859 3859 3859 3859 3859 3859
    3859 3859 3859 3859 3859 3859 3859 3859 3859 3903 3903 3903 3903
    3903 3859 3859 3903 3903 3903 3903 3653 3653 3653 3653 3653 3653
    3692 3692 3653 3653 3653 3692 3692 3732 3732 3732 3732 3732 3732
    3732 3732 3732 3732 3732 3774 3774 3774 3774 3774 3774 3774 3774
    3816 3816 3859 3816 3816 3816 3816 1031 1028 1025 1019 1019 1016
    1016 1016 1025 1041 1041 1038 1038 1041 3816 3816 3816 3816 3859
    3859 3859 3859 3859 3859 3859 3859 3859 3859 3859 3859 3859 3859
    3859 3859 3859 3903 3903 3948 3903 3903 3903 3903 3903 3903 3948
    3948 3653 3653 3653 3653 3653 3692 3692 3692 3692 3692 3692 3692
    3692 3732 3732 3732 3732 3732 3732 3732 3774 3774 3732 3732 3774
    3774 3774 3774 3774 3774 3774 3816 3816 3816 3859 3859 3859 3859
    1038 1031 1025 1025 1019 1019 1016 1013 1013 1013 1031 1041 1038
    1038 1041 1044 1063 1067 1073 3859 3859 3859 3859 3859 3859 3859
    3859 3859 3859 3859 3859 3859 3859 3859 3859 3859 3859 3903 3903
    3859 3859 3859 3903 3903 3948 3948 3948 3653 3653 3653 3653 3653
    3692 3692 3732 3692 3692 3692 3692 3692 3732 3732 3732 3732 3774
    3774 3774 3774 3732 3732 3732 3774 3774 3774 3774 3774 3774 3774
    3774 3774 0 1028 0 0 1034 1034 1028 1025 1025 1019 1016 1016 1013
    1013 1013 1013 1038 1038 1041 1041 1041 1044 1067 1070 1077 1077 989
    989 987 981 3948 3948 3859 3859 3859 3859 3859 3859 3859 3859 3859
    3859 3859 3859 3859 3859 3859 3903 3948 3948 3948 3948 3653 3653
    3653 3653 3692 3692 3692 3732 3692 3692 3692 3692 3692 3732 3732
    3732 3774 3774 3774 3774 3774 3732 3732 3774 3774 3774 3774 3774
    3732 3732 3732 3774 3774 0 0 1028 0 1038 1031 1028 1025 1022 1016
    1016 1013 1013 1013 1013 1010 1010 1038 1038 1038 1038 1041 1050
    1067 1067 1067 989 989 987 981 981 981 0 0 0 0 3859 3859 0 0 3903
    3903 3859 3859 3859 3859 3859 3903 3948 3948 3948 3948 3653 3653
    3653 3653 3692 3692 3692 3732 3732 3692 3692 3692 3732 3732 3732
    3732 3774 3774 3774 3774 3774 3774 3774 3774 3774 3774 3774 3774
    3732 3732 3732 0 3732 0 0 0 1028 1028 1031 1028 1025 1022 1016 1016
    1013 1013 1007 1007 1007 1004 1004 1038 1038 1034 1034 1050 1067
    1067 1067 989 989 987 981 981 981 0 0 0 0 0 0 0 0 3948 3948 3903
    3859 3859 3859 3859 3903 3948 3948 3948 3948 3653 3653 3653 3692
    3692 3692 3692 3732 3732 3692 3692 3692 3732 3732 3732 3732 3774
    3774 3774 3774 3774 3774 3774 3774 3774 3774 3774 3774 3774 3732
    3732 0 0 0 0 0 1028 1028 1028 1028 1025 1019 1016 1016 1013 1013
    1007 1007 1004 1004 1001 998 995 995 995 1001 1007 1007 989 989 989
    989 981 981 981 981 0 0 0 0 0 0 0 3994 3994 3903 3903 3903 3903 3948
    3948 3948 3948 3994 3994 3653 3653 3692 3692 3692 3692 3692 3732
    3732 3732 3732 3732 3732 3732 3774 3774 3774 3774 3774 3774 3774
    3774 3774 3774 3774 3774 3774 3774 3732 3692 3692 0 0 0 0 0 1028
    1028 1028 1025 1025 1019 1016 1016 1013 1013 1010 1007 1004 1001
    1001 998 995 995 995 995 998 998 989 987 987 989 981 981 981 981 0 0
    0 0 0 0 3994 3994 3994 3903 3903 3903 3948 3948 3994 3994 3994 3994
    3994 3653 3653 3692 3692 3692 3692 3692 3732 3732 3732 3732 3732
    3732 3732 3774 3774 3774 3774 3774 3774 3774 3774 3774 3774 3816
    3774 3774 3774 3732 3692 3692 0 0 0 0 1034 1031 1028 1028 1025 1022
    1016 1016 1016 1013 1013 1010 1004 1004 1001 1001 998 995 995 992
    992 989 989 987 987 987 984 981 981 981 0 0 0 0 0 0 0 0 1084 3994
    3994 3994 3994 3994 3994 3994 3994 3994 3994 3994 3653 3653 3692
    3692 3692 3692 3692 3732 3732 3732 3732 3732 3732 3732 3774 3774
    3774 3774 3774 3774 3774 3774 3774 3774 3774 3774 3774 3774 3774
    3774 0 0 0 0 1031 1031 1031 1031 1028 1025 1022 1016 1016 1013 1013
    1010 1007 1004 1004 1001 998 998 995 992 992 989 987 987 984 984 984
    981 981 981 0 0 0 0 0 0 0 0 0 0 0 0 4041 4041 4041 3994 3994 3994
    3994 3994 3994 3692 3692 3692 3732 3732 3732 3732 3732 3732 3774
    3774 3732 3732 3774 3774 3774 3774 3774 3774 3774 3774 3816 3774
    3774 3774 3774 3774 3774 3774 0 0 0 0 0 1031 1031 1031 1031 1028
    1025 1022 1016 1016 1013 1010 1010 1007 1004 1004 1001 998 998 995
    992 989 987 984 984 981 981 981 975 975 975 1050 1050 1047 1047 1054
    1054 1084 1084 0 0 1101 1123 1123 1123 4041 4041 3994 3994 3994 3994
    3994 3692 3692 3732 3732 3732 3732 3732 3732 3732 3774 3774 3774
    3774 3774 3774 3774 3774 3774 3774 3774 3774 3816 3816 3816 3816
    3774 3774 3774 0 0 0 0 0 0 1034 1034 1034 1031 1028 1025 1022 1016
    1016 1013 1010 1010 1007 1004 1001 1001 998 998 992 989 989 987 984
    984 981 978 978 975 975 981 984 1050 1041 1041 1054 1054 1067 1080
    1084 1084 1101 1123 1123 1123 1123 3994 3994 3994 3994 3994 3994
    3692 3692 3732 3732 3732 3732 3732 3732 3732 3774 3774 3774 3774
    3774 3774 3774 3774 3774 3774 3774 3774 3774 3816 3816 3816 3774
    3774 3774 0 0 0 0 0 1038 1038 1038 1034 1031 1028 1025 1019 1016
    1016 1013 1010 1010 1004 1004 1001 1001 998 998 992 989 987 984 984
    981 978 978 975 975 975 981 984 992 995 1041 1054 1054 1054 1077
    1080 1080 1101 1119 1119 1123 1123 1173 1173 1173 1177 3994 3994
    3692 3732 3732 3732 3732 3732 3732 3774 3774 3774 3774 3774 3774
    3774 3774 3774 3774 3774 3774 3774 3774 3774 3816 3816 3816 3774
    3774 0 0 0 0 0 0 1038 1034 1034 1031 1028 1028 1025 1019 1016 1016
    1013 1010 1007 1004 1001 1001 1001 998 995 992 987 984 981 981 981
    978 978 975 975 978 984 987 989 995 1025 1025 1031 1041 1041 1080
    1080 1080 1119 1119 1123 1123 1173 1169 1169 1165 1165 4041 3692
    3732 3732 3732 3774 3732 3732 3774 3774 3774 3774 3774 3774 3774
    3774 3774 3774 3774 3774 3774 3774 3774 3816 3774 3774 3774 0 0 0 0
    0 0 0 1038 1034 1031 1028 1028 1028 1025 1016 1016 1016 1013 1007
    1007 1004 1001 1001 998 998 995 992 987 984 981 981 981 978 978 978
    978 978 984 989 989 992 1019 1022 1031 1041 1041 1050 1060 1067 1105
    1105 1105 1173 1173 1169 1165 1161 1161 1161 3692 3732 3732 3732
    3774 3732 3732 3774 3774 3774 3774 3774 3774 3774 3774 3774 3774
    3774 3774 3774 3816 3816 3816 3774 3774 3774 0 0 0 0 0 0 1041 1034
    1031 1028 1028 1028 1028 1025 1016 1016 1013 1010 1007 1007 1004
    1001 1001 998 998 995 992 989 984 981 981 981 978 978 978 978 978
    987 989 992 992 1019 1022 1031 1041 1044 1050 1060 1067 1080 1097
    1101 1105 1177 1169 1161 1157 1157 1161 3692 3732 3774 3774 3774
    3774 3774 3774 3774 3774 3774 3774 3774 3774 3774 3774 3774 3774
    3774 3774 3816 3816 3816 3774 3774 0 0 0 0 0 0 1044 1041 1034 1031
    1028 1028 1028 1025 1019 1016 1016 1013 1010 1007 1007 1004 1004
    1001 998 992 992 989 989 984 981 981 981 978 978 978 978 981 989 992
    995 1007 1019 1025 1031 1041 1044 1054 1063 1067 1080 1097 1101 1105
    1123 1138 1153 1153 1157 1161 3732 3732 3732 3774 3774 3774 3774
    3774 3774 3774 3774 3774 3774 3774 3774 3774 3774 3816 3816 3816
    3816 3774 3774 3774 3774 0 0 0 0 0 0 1041 1041 1034 1031 1028 1028
    1028 1025 1016 1016 1016 1013 1013 1007 1007 1004 1004 1001 998 992
    992 987 984 981 981 981 981 978 978 978 978 987 992 995 1001 1013
    1022 1028 1034 1041 1050 1060 1067 1073 1084 1097 1105 1112 1123
    1130 1145 1149 1153 1165 3732 3732 3732 3774 3774 3774 3774 3774
    3774 3816 3816 3774 3774 3774 3774 3774 3774 3774 3774 3816 3816
    3774 3774 3774 0 0 0 0 0 0 1044 1041 1038 1034 1031 1028 1028 1028
    1025 1016 1016 1013 1013 1010 1007 1007 1004 1001 1001 998 995 992
    987 984 981 981 981 981 978 978 978 978 989 995 998 1004 1022 1028
