<?xml version="1.0"?>
<opencv_storage>
<Depth15956 type_id="opencv-matrix">
  <rows>6</rows>
  <cols>18</cols>
  <dt>w</dt>
  <data>
    6038 5933 5933 5933 5933 5832 5832 5832 5832 5832 5832 5832 5734
    5734 5734 5734 5832 5832 5933 5933 5933 5933 5933 5832 5832 5832
    5832 5832 5832 5832 5734 5734 5734 5734 5734 5734 5933 5933 5832
    5832 5933 5832 5832 5832 5832 5832 5832 5832 5832 5832 5832 5734
    5734 5734 5832 5832 5832 5832 5832 5832 5832 5832 5734 5734 5734
    5832 5832 5832 5832 5734 5734 5832 0 5832 5832 5832 5832 5832 5832
    5832 5548 5548 5734 5734 5832 5832 5832 5832 5832 5832 0 6889 0 5832
    5832 5832 5832 5832 5548 5548 5734 5734 5832 5832 5832 5832 5832
    5832</data></Depth15956>
</opencv_storage>
