<?xml version="1.0"?>
<opencv_storage>
<Depth6201 type_id="opencv-matrix">
  <rows>19</rows>
  <cols>13</cols>
  <dt>w</dt>
  <data>
    4349 4241 4190 4190 4139 4139 4139 4139 4139 4190 4241 4190 4139
    4241 4190 4190 4190 4139 4139 4139 4139 4139 4190 4241 4241 4139
    4241 4190 4190 4190 4190 4190 4139 4139 4190 4241 4241 4241 4190
    4190 4190 4190 4190 4190 4190 4139 4139 4190 4241 4241 4190 4190
    4190 4139 4139 4190 4190 4190 4139 4139 4190 4241 4241 4190 4190
    4190 4139 4139 4139 4139 4139 4139 4190 4190 4241 4241 4190 4190
    4190 4139 4139 4139 4139 4139 4139 4190 4190 4241 4241 4190 4190
    4139 4139 4139 4139 4139 4139 4139 4190 4190 4241 4241 4190 4190
    4139 4139 4139 4139 4139 4139 4139 4190 4190 4241 4241 4190 4190
    4089 4139 4139 4139 4139 4139 4139 4190 4190 4241 4241 4190 4190
    4089 4139 4139 4139 4139 4139 4139 4190 4190 4241 4241 4190 4190
    4089 4139 4139 4139 4139 4139 4139 4190 4190 4241 4241 4241 4241
    4089 4139 4139 4139 4139 4139 4190 4190 4190 4241 4241 4241 4241
    4139 4139 4190 4190 4190 4190 4190 4190 4190 4241 4241 4241 4241
    4190 4190 4190 4190 4190 4190 4190 4190 4190 4241 4139 4139 4241
    4190 4190 4190 4190 4190 4190 4190 4190 4190 4241 4139 4139 0 4190
    4190 4190 4190 4190 4190 4190 4190 4190 4190 4190 4190 0 4190 4190
    4190 4190 4190 4190 4190 4190 4190 4190 4190 4241 4295 819 823 823
    827 827 4190 4190 4139 4139 4241 4241 4241 4295</data></Depth6201>
</opencv_storage>
