<?xml version="1.0"?>
<opencv_storage>
<Depth16739 type_id="opencv-matrix">
  <rows>56</rows>
  <cols>51</cols>
  <dt>w</dt>
  <data>
    4708 4645 4645 4645 4645 4645 4582 4582 4522 4522 1496 1496 1496
    1496 4463 4405 4405 4349 4349 4405 4405 4405 4349 2744 2680 2659
    2639 2639 2639 2639 2639 2639 2639 2639 2659 2908 2908 2908 2908
    2908 2883 2883 2835 2812 2812 2812 2789 2789 2789 2767 2767 4708
    4645 4645 4645 4645 4645 4582 4522 4522 1489 1489 1489 1496 1489
    1489 1489 4405 4349 4349 4349 4405 4349 2659 2659 2659 2659 2639
    2639 2639 2639 2639 2639 2639 2639 2659 2744 2908 2908 2908 2883
    2883 2859 2835 2812 2812 2812 2789 2789 2767 2767 2767 4645 4645
    4645 4645 4582 4582 4522 4522 1489 1489 1489 1489 1496 1489 1489
    1496 1496 1496 4349 4349 4349 2639 2639 2639 2639 2639 2639 2618
    2618 2618 2618 2618 2618 2639 2659 2744 2908 2908 2908 2883 2883
    2859 2835 2812 2812 2812 2789 2789 2767 2767 2767 4645 4645 4645
    4645 4582 4582 4522 1489 1489 1489 1489 1489 1489 1489 1489 1496
    1496 1496 1496 4405 4295 2639 2639 2639 2639 2639 2639 2618 2618
    2618 2598 2598 2618 2618 2659 2744 2883 2883 2883 2859 2859 2859
    2835 2812 2812 2812 2789 2789 2789 2767 2767 4645 4645 4645 4645
    4645 4522 1496 1489 1489 1489 1489 1489 1483 1483 1483 1489 1421
    1415 1410 1404 1398 1398 2639 2639 2639 2639 2618 2598 2598 2598
    2598 2598 2598 2618 2659 2767 2812 2883 2883 2859 2859 2859 2835
    2812 2812 2812 2789 2789 2789 2767 2767 4645 4645 4645 4645 4645
    4522 1496 1489 1489 1489 1483 1477 1458 1458 1483 1433 1421 1415
    1410 1404 1398 1398 1398 2639 2639 2618 2618 2579 2579 2598 2598
    2598 2598 2618 2767 2767 2812 2883 2883 2859 2835 2835 2812 2812
    2812 2812 2812 2812 2789 2767 2767 4708 4645 4645 4645 4645 4645
    1496 1496 1489 1489 1477 1470 1452 1452 1439 1433 1421 1415 1410
    1398 1392 1387 1381 1376 1354 1354 1343 1338 1338 1333 1333 2598
    2598 2598 2723 2723 2789 2883 2883 2859 2835 2835 2812 2812 1349
    1349 2812 2812 2767 2767 2744 4645 4645 4645 4582 4582 4582 1496
    1489 1489 1483 1470 1464 1452 1445 1439 1427 1421 1415 1410 1398
    1392 1381 1376 1370 1354 1349 1343 1338 1333 1328 1328 1328 1328
    2701 2701 2701 2789 1328 1328 2835 2835 2835 1333 1328 1328 1333
    1338 2812 2767 2744 2744 4645 4645 4645 4582 4582 4582 1496 1483
    1483 1477 1470 1464 1452 1445 1439 1427 1421 1410 1404 1398 1392
    1381 1376 1370 1354 1349 1343 1333 1333 1328 1328 1322 1312 1312
    2701 2701 1328 1328 1322 1322 1322 1328 1328 1328 1328 1333 1338
    1338 1338 2744 2744 4645 4645 4645 4645 4645 1496 1496 1483 1483
    1477 1470 1464 1452 1445 1439 1427 1415 1410 1404 1398 1387 1381
    1376 1365 1354 1349 1338 1333 1328 1322 1317 1312 1307 1307 1307
    1307 1312 1312 1317 1317 1322 1322 1328 1333 1333 1333 1333 1333
    1333 1328 2723 4645 4645 4582 4582 4582 1496 1496 1483 1483 1477
    1470 1464 1445 1439 1433 1421 1415 1410 1398 1398 1387 1376 1370
    1365 1354 1349 1338 1333 1328 1322 1312 1307 1302 1297 1297 1302
    1307 1307 1312 1312 1317 1317 1317 1328 1328 1333 1333 1328 1328
    1328 2744 4645 4582 4522 4463 4463 1489 1489 1483 1477 1470 1470
    1458 1445 1439 1433 1421 1415 1404 1398 1392 1387 1376 1370 1359
    1354 1349 1338 1333 1322 1317 1307 1297 1297 1292 1292 1297 1302
    1302 1307 1312 1312 1317 1317 1322 1322 1328 1328 1328 1328 1328
    2744 4645 4582 4522 4463 4463 1489 1483 1483 1477 1470 1470 1458
    1445 1439 1427 1421 1415 1404 1398 1392 1387 1376 1365 1359 1354
    1349 1338 1328 1322 1312 1307 1297 1297 1292 1292 1297 1297 1302
    1307 1312 1312 1312 1312 1317 1317 1322 1328 1328 1328 1328 1328
    4645 4582 4522 4522 4522 1489 1483 1483 1477 1470 1470 1452 1445
    1439 1427 1421 1415 1404 1398 1392 1387 1376 1365 1354 1349 1343
    1333 1328 1317 1307 1302 1297 1292 1292 1292 1297 1297 1302 1307
    1307 1312 1312 1312 1317 1317 1322 1328 1328 1328 1328 1328 4645
    4582 4582 4582 1489 1489 1483 1483 1477 1470 1464 1452 1445 1439
    1427 1421 1415 1404 1398 1392 1387 1376 1365 1354 1349 1343 1333
    1328 1317 1307 1302 1297 1292 1292 1292 1297 1297 1302 1307 1307
    1307 1312 1312 1312 1317 1317 1322 1328 1328 1328 1328 4645 4645
    4645 4645 1489 1489 1483 1483 1477 1470 1464 1452 1445 1439 1427
    1415 1410 1404 1398 1392 1387 1376 1365 1354 1349 1338 1333 1322
    1312 1307 1302 1297 1292 1292 1292 1297 1297 1307 1307 1307 1307
    1312 1312 1312 1317 1317 1322 1322 1322 1328 1328 4645 4645 4645
    1489 1489 1489 1489 1483 1470 1470 1464 1445 1439 1439 1421 1415
    1404 1398 1392 1387 1381 1376 1354 1354 1343 1338 1328 1322 1312
    1307 1302 1297 1292 1292 1292 1292 1297 1302 1307 1307 1307 1312
    1312 1312 1317 1317 1317 1317 1322 1322 1328 4645 4645 4645 1489
    1489 1483 1477 1477 1470 1464 1458 1445 1439 1433 1421 1410 1398
    1398 1392 1387 1376 1370 1354 1349 1343 1338 1322 1312 1307 1307
    1297 1292 1292 1292 1292 1292 1302 1302 1302 1307 1307 1307 1312
    1312 1317 1317 1317 1317 1322 1322 1322 4582 4582 4645 4708 1489
    1483 1477 1470 1470 1464 1445 1439 1433 1427 1421 1410 1398 1398
    1387 1381 1376 1354 1349 1349 1338 1333 1322 1312 1307 1307 1297
    1292 1292 1292 1292 1292 1297 1297 1302 1307 1307 1307 1312 1312
    1317 1317 1317 1317 1317 1317 1317 4582 4582 4645 4645 1477 1477
    1470 1470 1470 1464 1445 1439 1433 1427 1415 1410 1398 1392 1387
    1376 1370 1354 1349 1343 1338 1328 1322 1312 1307 1307 1297 1292
    1292 1292 1292 1297 1297 1297 1302 1307 1307 1307 1312 1312 1312
    1312 1317 1317 1317 1317 1317 4582 4582 4645 4645 1477 1477 1470
    1470 1464 1458 1439 1439 1433 1421 1415 1410 1398 1392 1387 1376
    1370 1349 1349 1338 1333 1328 1317 1312 1307 1307 1297 1292 1292
    1292 1292 1297 1297 1297 1302 1307 1307 1307 1312 1312 1312 1312
    1312 1317 1317 1317 1317 4582 4582 4645 1477 1477 1477 1470 1470
    1464 1458 1439 1433 1427 1421 1410 1404 1398 1392 1387 1376 1370
    1349 1349 1338 1328 1322 1317 1312 1307 1302 1297 1292 1292 1292
    1292 1297 1297 1297 1302 1302 1307 1307 1307 1312 1312 1312 1312
    1317 1317 1317 1317 4645 4582 4582 1477 1477 1477 1470 1464 1464
    1445 1439 1433 1421 1415 1410 1398 1392 1392 1387 1376 1354 1349
    1343 1333 1328 1322 1317 1312 1307 1297 1292 1288 1288 1292 1292
    1297 1297 1297 1302 1302 1307 1307 1307 1307 1312 1312 1317 1317
    1317 1317 1317 4645 4582 1489 1483 1483 1477 1470 1464 1464 1445
    1433 1427 1421 1415 1410 1398 1387 1387 1381 1370 1354 1349 1343
    1333 1328 1322 1312 1307 1302 1292 1292 1288 1288 1292 1292 1292
    1297 1297 1302 1307 1307 1307 1307 1307 1312 1312 1317 1322 1322
    1322 1322 4645 4645 1489 1489 1483 1477 1470 1464 1464 1445 1433
    1427 1421 1415 1404 1392 1387 1381 1376 1370 1354 1349 1343 1333
    1328 1322 1312 1307 1297 1292 1288 1288 1288 1292 1292 1292 1292
    1297 1302 1302 1307 1307 1307 1307 1312 1312 1317 1322 1322 1322
    1322 4645 4645 1489 1489 1477 1477 1470 1464 1464 1445 1433 1427
    1415 1410 1398 1392 1381 1381 1376 1370 1354 1349 1338 1333 1322
    1317 1312 1307 1297 1292 1288 1288 1288 1292 1292 1292 1292 1292
    1297 1302 1307 1307 1307 1307 1312 1312 1312 1317 1322 1322 1322
    4582 4582 4582 1477 1477 1470 1470 1464 1464 1445 1433 1427 1415
    1410 1398 1392 1381 1376 1376 1370 1354 1349 1338 1333 1322 1317
    1307 1302 1292 1292 1288 1288 1288 1288 1292 1292 1292 1292 1297
    1297 1302 1307 1307 1307 1312 1312 1312 1312 1312 1317 1317 4582
    4582 4582 1470 1470 1470 1464 1464 1458 1439 1433 1421 1415 1410
    1398 1392 1381 1376 1376 1370 1354 1343 1333 1328 1322 1312 1307
    1302 1292 1292 1288 1288 1288 1288 1292 1292 1292 1292 1292 1297
    1302 1307 1307 1307 1307 1312 1312 1312 1312 1317 1317 4582 4582
    4582 1470 1470 1470 1464 1464 1458 1439 1427 1421 1415 1410 1398
    1387 1381 1376 1370 1365 1349 1338 1328 1322 1317 1312 1307 1302
    1292 1292 1288 1288 1288 1288 1292 1292 1292 1292 1292 1297 1302
    1302 1307 1307 1307 1307 1312 1312 1312 1312 2723 4645 4645 1470
