<?xml version="1.0"?>
<opencv_storage>
<Depth10503 type_id="opencv-matrix">
  <rows>71</rows>
  <cols>53</cols>
  <dt>w</dt>
  <data>
    3208 3208 3208 3208 3208 3208 3208 3208 3238 3269 3300 3300 3300
    3333 3333 3333 3333 3333 3333 3333 3333 3333 3333 3333 3333 3333
    3333 3365 3365 3365 3468 1671 1663 1663 1655 1655 1655 1647 1647
    1655 1663 4582 4582 4522 4522 4522 4522 4522 4522 4522 4522 4582
    4582 3208 3208 3208 3208 3208 3208 3208 3208 3208 3269 3300 3300
    3300 3333 3333 3333 3333 3333 3333 3333 3333 3333 3333 3300 3300
    3333 3333 3333 3333 3365 3365 1647 1639 1639 1639 1639 1639 1655
    1655 1655 1663 1663 4522 4522 4522 4522 4522 4522 4522 4522 4522
    4522 4645 3208 3208 3208 3208 3208 3208 3208 3208 3208 3269 3300
    3300 3300 3333 3333 3333 3333 3333 3333 3300 3300 3300 3333 3300
    3300 3300 3333 3333 3333 3365 1624 1624 1624 1624 1632 1632 1639
    1655 1655 1655 1663 1663 4522 4522 4522 4522 4522 4522 4463 4463
    4522 4522 4582 3178 3178 3178 3208 3208 3178 3178 3149 3149 3178
    3269 3269 3300 3333 3333 3333 3333 3333 3333 3300 3300 3300 1639
    1632 1616 1609 1601 1594 1594 1601 1601 1609 1616 1616 1624 1632
    1639 1639 1655 1655 1655 1655 4645 4522 4522 4522 4522 4522 4463
    4463 4522 4522 4582 3178 3178 3178 3208 3208 3178 3178 3149 3149
    3149 3178 3178 3269 3333 3333 3333 3333 3333 3333 1594 1594 1609
    1624 1616 1601 1601 1594 1594 1594 1601 1601 1601 1609 1616 1624
    1632 1639 1639 1639 1647 1647 1647 4522 4522 4522 4522 4522 4522
    4463 4463 4522 4522 4582 3208 3208 3178 3178 3178 3178 3149 3120
    3120 3149 3178 3178 3208 3333 3333 3333 3333 1609 1550 1550 1572
    1572 1572 1594 1586 1586 1586 1594 1594 1594 1601 1601 1609 1616
    1624 1624 1632 1632 1639 1647 1647 1647 1647 4582 4582 4522 4522
    4522 4522 4522 4522 4522 4582 4295 4295 3178 3178 3178 3149 3120
    3120 3120 3149 3120 3120 3208 3208 1516 1516 1550 1550 1550 1550
    1543 1543 1550 1557 1564 1572 1579 1586 1586 1586 1594 1601 1609
    1616 1624 1624 1632 1632 1632 1639 1647 1647 1647 4582 4582 4522
    4522 4522 4522 4522 4522 4582 4645 4241 4241 3208 3178 3149 3092
    1572 1564 1564 3149 3120 3120 1509 1509 1516 1516 1516 1536 1543
    1543 1543 1543 1543 1550 1564 1564 1572 1579 1579 1579 1586 1601
    1609 1616 1616 1624 1632 1632 1632 1639 1647 1647 1647 4582 4582
    4522 4522 4522 4522 4522 4582 4582 4645 4241 4241 4190 4190 1557
    1557 1557 1557 1557 1557 1516 1509 1509 1509 1509 1509 1516 1529
    1536 1536 1543 1543 1543 1550 1564 1564 1572 1572 1572 1579 1586
    1594 1609 1616 1616 1616 1624 1632 1639 1647 1647 1647 1647 4582
    4582 4522 4522 4522 4522 4522 4582 4582 4645 4241 4241 4190 4190
    1550 1543 1543 1536 1516 1516 1516 1509 1503 1503 1503 1503 1509
    1516 1529 1536 1543 1543 1543 1550 1557 1564 1564 1572 1572 1579
    1579 1594 1601 1609 1616 1616 1624 1632 1639 1639 1647 1647 1647
    4463 4463 4463 4522 4522 4522 4522 4582 4582 4645 4241 4295 1543
    1543 1543 1536 1523 1509 1503 1503 1509 1503 1503 1503 1503 1503
    1509 1516 1523 1536 1536 1536 1543 1543 1550 1564 1564 1572 1572
    1579 1579 1586 1601 1609 1616 1616 1624 1632 1632 1639 1639 1639
    1647 1647 4463 4463 4463 4463 4463 4522 4522 4582 4645 1543 1543
    1536 1536 1536 1529 1509 1509 1503 1503 1503 1496 1496 1503 1503
    1509 1509 1516 1516 1529 1536 1536 1536 1543 1550 1564 1564 1572
    1572 1572 1579 1579 1594 1601 1609 1616 1624 1624 1632 1632 1639
    1639 1639 1639 4463 4463 4463 4463 4463 4522 4522 4582 4582 1550
    1543 1536 1536 1536 1516 1509 1503 1503 1503 1503 1496 1496 1503
    1509 1509 1509 1516 1516 1523 1529 1529 1536 1543 1543 1557 1557
    1564 1572 1572 1572 1579 1594 1601 1609 1609 1616 1624 1632 1632
    1639 1639 1639 1639 4405 4405 4405 4463 4463 4463 4522 4522 4582
    1550 1543 1536 1536 1529 1516 1509 1503 1503 1503 1503 1503 1503
    1503 1503 1509 1516 1516 1516 1523 1529 1529 1536 1543 1543 1550
    1557 1564 1572 1572 1572 1579 1594 1601 1601 1609 1616 1624 1632
    1632 1632 1639 1647 1647 4405 4405 4405 4463 4463 4463 4463 4522
    4582 1550 1543 1536 1536 1529 1516 1509 1509 1503 1503 1503 1503
    1503 1503 1503 1509 1509 1516 1516 1523 1523 1529 1536 1543 1543
    1543 1550 1557 1564 1572 1572 1579 1586 1601 1601 1609 1616 1624
    1624 1632 1632 1639 1639 1647 1647 4463 4463 4463 4463 4463 4463
    4522 4582 1550 1550 1536 1536 1529 1529 1516 1509 1509 1509 1503
    1496 1496 1496 1496 1503 1509 1516 1516 1523 1523 1529 1536 1543
    1543 1543 1550 1557 1564 1572 1572 1579 1579 1594 1601 1609 1616
    1624 1624 1632 1632 1639 1639 1639 1639 4463 4463 4463 4463 4463
    4463 4463 4522 1557 1550 1543 1536 1529 1529 1516 1509 1509 1509
    1503 1496 1489 1489 1496 1496 1509 1509 1516 1523 1529 1536 1536
    1543 1543 1543 1550 1557 1564 1572 1572 1572 1579 1594 1601 1601
    1609 1624 1624 1632 1632 1632 1639 1639 1639 1639 4463 4463 4463
    4463 4463 4463 4522 1557 1550 1543 1536 1529 1529 1516 1509 1509
    1509 1496 1496 1489 1489 1489 1496 1503 1509 1509 1516 1529 1536
    1536 1536 1536 1543 1543 1550 1564 1564 1572 1572 1572 1586 1594
    1601 1609 1616 1624 1624 1632 1632 1632 1639 1639 1639 4405 4405
    4405 4405 4463 4463 4582 1557 1550 1543 1536 1536 1529 1516 1509
    1509 1509 1496 1496 1489 1489 1489 1489 1496 1503 1509 1516 1529
    1536 1536 1536 1536 1543 1543 1550 1564 1564 1564 1572 1572 1579
    1594 1601 1609 1616 1624 1624 1624 1632 1632 1632 1639 1639 4405
    4405 4405 4405 4463 4522 4582 4295 1543 1543 1543 1536 1529 1523
    1516 1509 1509 1503 1496 1489 1489 1489 1489 1496 1503 1509 1516
    1523 1529 1536 1536 1536 1536 1543 1550 1564 1564 1564 1572 1572
    1579 1594 1601 1601 1616 1624 1624 1624 1632 1632 1632 1639 1647
    1647 4405 4405 4405 4463 4522 4522 4241 1543 1543 1543 1536 1529
    1523 1516 1509 1509 1503 1496 1496 1489 1489 1489 1496 1503 1509
    1516 1516 1523 1529 1536 1536 1536 1543 1550 1557 1564 1564 1572
    1572 1579 1594 1601 1601 1609 1616 1616 1624 1632 1632 1639 1639
    1639 1639 4405 4405 4405 4463 4463 4522 4241 1536 1536 1536 1536
    1529 1523 1516 1509 1509 1503 1496 1489 1489 1489 1489 1496 1503
    1509 1516 1516 1523 1523 1529 1536 1536 1543 1543 1557 1564 1564
    1572 1572 1579 1594 1601 1601 1609 1616 1616 1624 1624 1632 1639
    1639 1639 1639 4405 4405 4405 4463 4463 4522 4139 1536 1536 1536
    1536 1529 1523 1516 1509 1509 1503 1496 1489 1489 1489 1489 1496
    1503 1509 1509 1516 1516 1523 1523 1529 1536 1536 1543 1557 1564
    1564 1572 1572 1579 1586 1594 1594 1601 1609 1609 1616 1624 1632
    1639 1639 1639 1639 4463 4463 4463 4463 4463 4522 4241 4241 1536
    1536 1536 1529 1529 1523 1516 1509 1503 1496 1489 1489 1489 1496
    1496 1496 1503 1503 1503 1516 1516 1516 1529 1536 1536 1543 1557
    1564 1564 1572 1572 1579 1586 1586 1594 1601 1609 1609 1616 1624
    1632 1632 1639 1639 1639 4463 4463 4463 4463 4463 4522 4241 4241
    1543 1543 1543 1536 1529 1523 1516 1516 1509 1503 1496 1489 1489
    1489 1489 1496 1503 1503 1503 1509 1509 1516 1523 1529 1536 1543
    1557 1557 1564 1564 1572 1572 1579 1586 1594 1601 1601 1609 1616
    1624 1624 1632 1639 1639 1647 1647 4463 4463 4405 4405 4522 4241
    1543 1543 1543 1543 1536 1529 1523 1516 1516 1509 1503 1503 1489
    1489 1489 1489 1489 1496 1503 1503 1503 1509 1516 1523 1529 1536
    1536 1550 1557 1557 1564 1572 1572 1579 1586 1594 1601 1601 1609
    1616 1624 1624 1632 1639 1639 1647 1647 4463 4463 4405 4405 4522
    4241 4241 1550 1550 1543 1536 1536 1523 1516 1516 1509 1503 1496
    1489 1489 1483 1483 1489 1496 1496 1503 1503 1509 1516 1523 1529
    1536 1536 1550 1557 1557 1564 1564 1572 1572 1586 1594 1601 1609
    1609 1609 1624 1624 1632 1639 1639 1639 1639 4463 4463 4463 4463
    4522 4241 0 1550 1550 1550 1543 1536 1523 1516 1516 1509 1503 1496
    1489 1489 1483 1483 1489 1489 1496 1503 1509 1509 1516 1516 1529
    1536 1536 1550 1557 1557 1564 1564 1564 1572 1579 1594 1594 1601
