<?xml version="1.0"?>
<opencv_storage>
<Depth6307 type_id="opencv-matrix">
  <rows>20</rows>
  <cols>13</cols>
  <dt>w</dt>
  <data>
    4241 4190 4190 4190 4190 4139 4139 4089 4089 4089 4089 4089 3994
    4241 4190 4190 4139 4139 4139 4139 4089 4089 4089 4041 4041 4041
    4241 4190 4190 4139 4139 4139 4139 4089 4089 4041 4041 4041 4041
    4190 4190 4139 4139 4139 4139 4139 4089 4089 4041 4041 4041 4089
    4190 4139 4139 4139 4139 4139 4089 4089 4089 4041 4041 4089 4089
    4190 4139 4139 4139 4139 4139 4089 4089 4089 4041 4041 4041 4041
    4139 4139 4139 4139 4139 4139 4089 4089 4089 4041 4041 4041 4041
    4139 4139 4139 4139 4139 4139 4089 4089 4041 4041 3994 3994 3994
    4139 4139 4139 4139 4139 4139 4089 4089 4041 4041 3994 3994 3994
    4139 4139 4139 4139 4139 4139 4089 4089 4089 4041 3994 3994 4041
    4190 4190 4190 4139 4139 4139 4089 4089 4089 4089 3994 3994 0 4190
    4190 4190 4139 4139 4089 4089 4041 4041 4041 3994 3994 0 4190 4190
    4139 4139 4139 4089 4089 4041 4041 3994 3994 4041 0 4190 4139 4139
    4139 4139 4089 4089 4041 3994 3994 3994 4041 0 4190 4139 4139 4139
    4139 4089 4089 4041 3994 3994 3994 4041 0 4139 4139 4139 4139 4089
    4089 4089 4041 4041 3994 3994 4041 0 4139 4139 4139 4089 4089 4089
    4041 4041 4041 3994 3994 4041 0 4139 4139 4089 4089 4089 4089 4041
    4041 4041 4041 4041 0 0 4139 4089 4041 3994 3994 3994 4089 4089 4089
    4089 4089 0 0 4089 4041 3948 3948 3859 3859 3859 4089 4089 4089 4089
    0 0</data></Depth6307>
</opencv_storage>
