<?xml version="1.0"?>
<opencv_storage>
<Depth13654 type_id="opencv-matrix">
  <rows>43</rows>
  <cols>35</cols>
  <dt>w</dt>
  <data>
    5640 5640 5734 5640 5640 5548 5548 5548 5548 5548 5460 2450 2432
    2432 2432 2432 2432 2398 2381 2381 2381 2381 2381 2365 2333 2333
    2349 2349 4983 4983 5056 5056 5056 4983 4983 5640 5640 5734 5640
    2503 2485 2485 2432 2432 2432 2450 2432 2432 2432 2415 2415 2415
    2381 2381 2381 2381 2381 2365 2365 2349 2349 2349 2349 5056 5056
    5056 5056 5056 4983 4983 5640 5640 2467 2467 2467 2467 2450 2432
    2432 2432 2432 2432 2415 2415 2398 2398 2398 2381 2381 2381 2381
    2381 2365 2365 2349 2349 2349 2365 5132 5056 5056 5056 5056 4983
    4983 2485 2467 2467 2467 2467 2450 2450 2432 2432 2432 2432 2432
    2415 2415 2398 2398 2381 2381 2381 2381 2381 2381 2365 2365 2349
    2349 2349 2365 2365 5056 5056 5056 5056 5056 4983 2485 2485 2467
    2467 2450 2450 2450 2432 2432 2432 2432 2432 2415 2415 2398 2381
    2381 2381 2381 2381 2381 2365 2365 2365 2349 2349 2349 2365 2365
    5056 5056 5056 5056 5056 4983 2485 2485 2485 2467 2450 2450 2450
    2432 2432 2432 2432 2432 2432 2415 2415 2381 2381 2381 2381 2381
    2365 2365 2365 2349 2349 2333 2333 2365 2365 5056 5056 5056 5056
    5056 4983 2503 2503 2485 2467 2450 2450 2432 2432 2432 2432 2432
    2432 2415 2415 2415 2398 2381 2381 2381 2381 2365 2365 2365 2349
    2333 2333 2333 2349 2365 5056 4983 4983 4983 4983 4983 2522 2503
    2485 2450 2450 2450 2432 2432 2432 2432 2432 2432 2415 2415 2415
    2398 2398 2381 2381 2381 2365 2365 2365 2349 2333 2333 2333 2349
    2365 2381 4983 4983 4983 4983 4983 2522 2485 2467 2450 2450 2450
    2432 2432 2432 2432 2415 2415 2432 2415 2415 2415 2398 2381 2381
    2381 2365 2365 2365 2365 2349 2349 2349 2349 2365 2381 2381 5056
    4983 4983 4983 2503 2485 2467 2467 2450 2450 2450 2432 2432 2432
    2415 2415 2415 2415 2415 2415 2398 2381 2381 2381 2365 2365 2365
    2365 2349 2333 2333 2333 2349 2365 2381 2381 4983 4983 4983 2503
    2485 2467 2467 2467 2450 2450 2432 2432 2415 2415 2415 2415 2415
    2415 2398 2381 2381 2381 2381 2365 2365 2365 2365 2349 2333 2333
    2333 2349 2349 2381 4983 4983 4983 4983 5734 2485 2467 2467 2467
    2450 2450 2432 2432 2415 2415 2415 2415 2415 2398 2381 2381 2381
    2381 2381 2381 2365 2365 2365 2349 2333 2317 2317 2333 2349 2349
    4983 4983 4983 4983 5734 2503 2485 2485 2467 2450 2450 2432 2432
    2415 2415 2415 2415 2415 2398 2381 2381 2381 2381 2381 2381 2365
    2365 2365 2349 2333 2317 2317 2333 2333 2333 4911 4911 4983 4983
    5734 2503 2485 2467 2467 2450 2450 2432 2432 2432 2432 2415 2415
    2415 2398 2381 2381 2381 2381 2381 2381 2365 2365 2365 2349 2333
    2333 2333 2333 2333 2333 4911 4911 4983 4983 5734 5734 2485 2467
    2467 2450 2450 2450 2432 2432 2432 2415 2415 2415 2398 2381 2381
    2381 2381 2381 2365 2365 2365 2365 2349 2349 2333 2333 2333 2333
    2333 2333 4983 4983 4983 5734 5734 2503 2467 2450 2450 2450 2432
    2432 2432 2415 2415 2398 2398 2398 2381 2381 2381 2365 2365 2365
    2365 2365 2365 2349 2349 2333 2317 2317 2333 2333 2333 4983 4983
    4983 5640 5640 2503 2467 2450 2450 2450 2432 2432 2432 2415 2415
    2398 2398 2398 2381 2381 2381 2365 2365 2365 2365 2365 2349 2349
    2349 2333 2317 2317 2333 2333 2365 5056 4983 4983 5640 5640 2503
    2485 2467 2450 2432 2432 2432 2432 2432 2415 2415 2398 2398 2381
    2381 2381 2365 2365 2365 2365 2365 2349 2349 2349 2333 2317 2317
    2333 2333 2365 2365 5056 4983 5640 5640 2485 2485 2467 2450 2432
    2432 2432 2432 2432 2415 2415 2398 2398 2381 2381 2381 2381 2365
    2365 2365 2349 2349 2349 2333 2333 2317 2317 2317 2333 2333 2333
    5056 5056 5640 5640 2450 2450 2450 2450 2432 2432 2432 2432 2432
    2415 2415 2398 2381 2381 2381 2381 2365 2365 2365 2365 2349 2333
    2333 2333 2333 2317 2317 2317 2333 2333 2333 5132 5056 5640 5640
    2450 2450 2450 2450 2432 2432 2432 2432 2415 2398 2398 2381 2381
    2381 2381 2365 2365 2365 2365 2365 2349 2333 2333 2317 2317 2317
    2317 2317 2317 2317 2317 5132 5056 5640 5640 2450 2450 2450 2450
    2432 2432 2432 2415 2398 2398 2398 2381 2381 2381 2381 2365 2365
    2365 2365 2349 2349 2333 2333 2317 2317 2317 2317 2317 2317 2317
    2317 5132 5056 5640 5640 2450 2450 2450 2450 2432 2432 2432 2415
    2398 2398 2398 2398 2381 2381 2381 2365 2365 2365 2365 2349 2333
    2333 2333 2317 2317 2317 2317 2317 2317 2317 2317 2317 4983 5640
    5640 5640 2450 2450 2432 2432 2432 2432 2415 2398 2398 2398 2398
    2398 2398 2381 2381 2365 2365 2365 2349 2333 2333 2317 2317 2317
    2317 2317 2317 2317 2317 2317 2317 4983 5734 5734 5734 2432 2432
    2432 2432 2432 2432 2415 2398 2398 2398 2398 2398 2398 2381 2381
    2365 2365 2365 2349 2349 2333 2317 2317 2317 2317 2317 2317 2317
    2317 2317 2317 4911 5734 5734 5734 2450 2432 2432 2432 2432 2432
    2432 2398 2398 2398 2398 2398 2381 2381 2381 2365 2365 2365 2349
    2349 2333 2317 2317 2317 2317 2317 2317 2317 2317 2317 2317 4911
    5734 5734 5734 2432 2432 2432 2432 2432 2432 2432 2415 2415 2398
    2381 2381 2381 2381 2381 2365 2365 2365 2365 2349 2333 2317 2317
    2317 2317 2317 2301 2301 2301 2301 2301 2301 5734 5640 5640 2432
    2432 2432 2432 2432 2432 2432 2415 2415 2398 2381 2381 2365 2365
    2365 2365 2365 2365 2365 2349 2333 2317 2317 2317 2317 2301 2301
    2301 2301 2301 2301 2301 5734 5640 5640 5640 2432 2432 2432 2432
    2432 2432 2415 2415 2398 2381 2381 2365 2365 2365 2365 2365 2365
    2365 2349 2333 2317 2317 2317 2317 2301 2301 2301 2301 2301 2286
    2286 5734 5640 5640 5640 2450 2450 2432 2432 2432 2415 2415 2398
    2381 2381 2381 2365 2365 2365 2365 2365 2365 2333 2333 2333 2317
    2317 2317 2317 2301 2301 2301 2301 2286 2286 2286 5734 5734 5734
    5734 2450 2450 2450 2432 2432 2415 2415 2398 2381 2381 2381 2365
    2365 2365 2365 2365 2365 2333 2333 2333 2317 2317 2317 2317 2301
    2301 2301 2301 2286 2286 2286 5734 5734 5734 5734 2450 2450 2432
    2432 2432 2415 2398 2398 2381 2381 2381 2365 2365 2365 2365 2365
    2349 2333 2333 2333 2317 2317 2317 2317 2301 2301 2301 2301 2301
    2286 2286 5734 5734 5734 5734 2450 2450 2432 2432 2415 2415 2398
    2398 2398 2398 2381 2381 2381 2365 2365 2365 2349 2333 2333 2333
    2317 2317 2317 2301 2301 2301 2301 2301 2301 2286 2286 5734 5734
    5640 5640 2432 2432 2432 2432 2415 2415 2398 2398 2398 2398 2381
    2381 2381 2365 2365 2365 2349 2333 2333 2333 2317 2317 2317 2301
    2301 2301 2301 2301 2301 2286 2286 5734 5640 5640 5640 2432 2432
    2432 2432 2415 2398 2398 2398 2398 2398 2381 2381 2381 2365 2365
    2365 2349 2333 2333 2333 2317 2317 2317 2301 2301 2301 2301 2301
    2286 2286 2301 5640 5640 5640 5640 2432 2432 2432 2432 2415 2398
    2398 2398 2398 2381 2381 2381 2381 2365 2365 2365 2349 2333 2333
    2317 2317 2317 2317 2301 2301 2301 2301 2286 2286 2286 2286 5640
    5640 5640 5548 2450 2450 2432 2432 2415 2398 2398 2398 2381 2381
    2381 2381 2381 2365 2365 2365 2349 2333 2333 2317 2317 2317 2317
    2317 2301 2301 2301 2286 2286 2286 2286 5640 5640 5640 5548 5548
    2450 2432 2432 2415 2398 2398 2398 2381 2381 2381 2365 2365 2365
    2365 2365 2349 2333 2333 2333 2317 2317 2317 2317 2317 2301 2301
    2301 2286 2286 2286 5640 5640 5640 5548 5548 5548 2432 2432 2415
    2398 2398 2381 2381 2381 2381 2365 2365 2365 2365 2365 2349 2349
    2333 2333 2317 2317 2317 2317 2317 2301 2301 2301 2286 2286 2286
    5640 5640 5548 5460 5460 5460 2432 2432 2415 2398 2381 2381 2381
    2381 2381 2365 2349 2349 2365 2349 2349 2333 2333 2333 2333 2317
    2301 2301 2301 2301 2301 2301 2286 2286 2286 5640 5640 5548 5460
    5460 5460 2432 2432 2415 2398 2381 2381 2381 2381 2381 2365 2349
    2349 2365 2349 2349 2333 2333 2333 2333 2317 2301 2301 2301 2301
    2301 2301 2286 2286 4842 5640 5640 5548 5460 5460 5374 5374 2432
    2415 2415 2381 2365 2365 2365 2365 2365 2365 2365 2365 2349 2349
    2349 2333 2333 2333 2317 2301 2301 2301 5056 5056 4983 4983 4911
    4842 5640 5640 5640 5548 5460 5374 5374 2432 2432 2432 5460 2365
