<?xml version="1.0"?>
<opencv_storage>
<Depth10517 type_id="opencv-matrix">
  <rows>10</rows>
  <cols>24</cols>
  <dt>w</dt>
  <data>
    4295 4241 4241 4295 3300 3300 3333 3333 3399 3399 3365 3365 3399
    3365 3365 3503 3503 3539 3539 3539 3503 3503 0 0 0 3399 3399 3333
    3300 3300 3333 3333 3399 3399 3333 3333 3365 3365 3365 3468 3503
    3539 3503 3503 3503 3503 3503 0 3300 3333 3365 3333 3300 3300 3365
    3365 3399 3365 3333 3333 3365 3399 3399 3468 3468 3503 3503 3468
    3468 3503 0 0 3300 3333 3365 3333 3333 3333 3365 3399 3399 3365 3333
    3333 3365 3399 3399 3468 3468 3468 3468 3468 3468 3503 0 0 3333 3399
    3399 3365 3333 3333 3365 3399 3399 3399 3365 3365 3399 3399 3399
    3468 3468 3468 3468 3468 3468 3503 3503 0 3333 3399 3399 3365 3365
    3365 3365 3365 3399 3399 3399 3399 3399 3399 3433 3433 3433 3468
    3468 3503 3503 3503 3503 3503 3333 3399 3399 3365 3365 3365 3365
    3365 3399 3433 3399 3399 3399 3399 3399 3433 3433 3468 3468 3503
    3503 3503 3503 3503 3365 3365 3399 3399 3399 3399 3333 3333 3365
    3365 3399 3433 3399 3399 3399 3433 3468 3468 3503 3503 3503 3503
    3503 3503 3365 3365 3399 3433 3399 3399 3333 3333 3365 3365 3399
    3433 3433 3433 3433 3468 3503 3503 3539 3503 3503 3503 3503 3539
    3399 3399 3399 3433 3468 3399 3365 3365 3365 3365 3433 0 0 0 3503
    3503 3503 3539 3539 3503 3503 3503 3503 3576</data></Depth10517>
</opencv_storage>
