<?xml version="1.0"?>
<opencv_storage>
<Depth0903 type_id="opencv-matrix">
  <rows>34</rows>
  <cols>63</cols>
  <dt>w</dt>
  <data>
    5132 5210 5210 5210 5210 5210 1813 1804 1804 1804 1804 1804 1804
    1804 1804 1804 1804 5210 5210 5210 5210 5210 5210 5210 5291 5291
    5210 5210 5210 5210 5210 5210 5210 5210 5210 5210 5210 5210 5210
    5210 5210 5210 5210 5210 5210 5210 5210 5210 5210 5210 5056 5056
    4842 4774 4774 4774 4774 4708 4708 4645 4645 4645 4645 5132 5132
    5132 1813 1813 1804 1804 1794 1794 1794 1794 1794 1804 1794 1794
    1794 1794 1794 1794 5291 1785 1785 1794 1804 1804 1804 5210 5210
    5210 1794 1794 1785 1785 1794 5210 5210 5210 5210 5210 5210 5210
    5210 5210 5210 5210 5210 5210 5210 5210 5132 4842 4842 4708 4708
    4708 4708 4708 4708 4708 4645 4645 4645 4645 5132 5132 5132 1813
    1813 1794 1785 1785 1785 1785 1776 1776 1785 1785 1785 1785 1776
    1776 1785 1785 1785 1785 1794 1794 1785 1785 1785 1776 1776 1785
    1785 1776 1776 1776 1776 1785 1785 1785 5210 5210 1804 1794 1794
    1804 5210 5210 5210 5132 5056 4911 4708 4708 4645 4645 4645 4645
    4645 4708 4708 4645 4645 4645 4645 5056 5056 1731 1757 1757 1757
    1766 1766 1776 1776 1776 1766 1766 1766 1766 1776 1776 1776 1776
    1776 1776 1776 1776 1776 1776 1776 1776 1776 1776 1776 1776 1776
    1776 1776 1776 1776 1776 1776 1785 1794 1794 1794 1794 1794 1785
    1785 5210 5132 4774 1804 1804 4708 4645 4645 4645 4645 4645 4708
    4708 4645 4645 4645 4645 5056 5056 1731 1731 1731 1739 1739 1739
    1757 1757 1757 1748 1748 1748 1748 1748 1748 1748 1748 1748 1757
    1757 1757 1766 1766 1766 1766 1766 1766 1766 1766 1766 1766 1766
    1776 1776 1776 1776 1776 1776 1776 1785 1785 1785 1785 1785 1785
    1785 1785 1785 1794 1794 1794 1794 1785 1785 4645 4708 4774 4708
    4645 4645 4645 4983 4983 1722 1722 1722 1722 1722 1722 1722 1722
    1731 1731 1731 1731 1731 1731 1731 1731 1731 1731 1731 1739 1739
    1748 1748 1757 1757 1757 1748 1748 1748 1748 1757 1757 1757 1766
    1766 1766 1757 1757 1766 1776 1776 1776 1776 1776 1776 1776 1776
    1776 1785 1776 1776 1776 1766 1766 1766 1766 4774 4708 4645 4645
    4645 4983 4983 1705 1696 1696 1696 1705 1705 1713 1713 1713 1713
    1713 1713 1713 1713 1713 1722 1722 1722 1722 1722 1731 1731 1731
    1731 1731 1731 1739 1739 1739 1739 1739 1739 1739 1748 1739 1739
    1739 1739 1748 1757 1757 1766 1766 1757 1757 1757 1757 1766 1766
    1766 1766 1776 1766 1766 1766 1766 4708 4708 4582 4582 4582 5210 0
    1705 1688 1688 1688 1688 1688 1688 1680 1680 1680 1680 1680 1696
    1696 1705 1705 1705 1705 1705 1713 1713 1713 1713 1713 1713 1713
    1713 1713 1722 1722 1722 1713 1713 1722 1722 1722 1722 1722 1722
    1731 1731 1739 1739 1739 1739 1739 1739 1748 1748 1757 1757 1757
    1766 1776 1776 1776 4708 4708 4582 4582 4582 5132 1680 1680 1680
    1680 1671 1671 1663 1663 1663 1663 1663 1663 1671 1671 1671 1671
    1671 1671 1696 1696 1696 1705 1705 1705 1705 1696 1696 1696 1696
    1696 1705 1705 1705 1705 1705 1705 1705 1705 1705 1705 1705 1713
    1722 1722 1722 1722 1722 1722 1722 1731 1731 1731 1731 1766 1766
    1731 1731 1731 4582 4582 4582 4463 0 1632 1655 1655 1655 1663 1663
    1655 1647 1647 1647 1647 1647 1655 1655 1655 1655 1655 1655 1663
    1663 1655 1655 1655 1655 1680 1688 1688 1680 1680 1688 1688 1688
    1688 1688 1688 1688 1688 1688 1688 1688 1688 1705 1705 1705 1705
    1705 1705 1705 1705 1705 1705 1705 1705 1705 1705 1731 1731 1731
    1731 4582 4582 4463 0 1632 1632 1624 1624 1639 1639 1639 1639 1639
    1639 1639 1639 1639 1639 1639 1639 1639 1639 1647 1647 1647 1647
    1647 1647 1647 1647 1655 1655 1655 1655 1671 1671 1680 1680 1680
    1680 1680 1680 1671 1671 1671 1688 1696 1696 1696 1696 1696 1696
    1696 1696 1696 1696 1696 1696 1696 1713 1731 1731 1731 4645 4645
    4522 0 1616 1616 1616 1616 1616 1624 1632 1632 1632 1624 1624 1624
    1632 1632 1632 1632 1639 1639 1632 1632 1632 1632 1632 1632 1632
    1639 1639 1639 1639 1639 1639 1647 1647 1647 1647 1647 1663 1663
    1655 1655 1655 1663 1663 1671 1688 1688 1688 1680 1680 1688 1680
    1680 1680 1671 1671 1680 1680 1680 1671 4645 4645 4463 0 1609 1609
    1609 1609 1609 1609 1616 1624 1624 1616 1616 1616 1616 1616 1624
    1624 1624 1624 1624 1624 1624 1624 1624 1624 1624 1624 1624 1624
    1624 1624 1632 1632 1632 1632 1632 1632 1632 1639 1639 1639 1639
    1639 1647 1647 1647 1655 1671 1671 1663 1663 1663 1663 1663 1663
    1663 1663 1663 1671 1671 1663 4463 4463 1616 1609 1609 1609 1609
    1609 1609 1609 1616 1616 1609 1609 1609 1609 1609 1609 1609 1616
    1616 1616 1616 1616 1609 1609 1609 1609 1609 1609 1609 1616 1624
    1624 1616 1616 1616 1616 1616 1616 1624 1624 1632 1632 1632 1632
    1632 1632 1632 1632 1647 1647 1647 1647 1655 1647 1647 1655 1655
    1655 1663 1663 1663 0 1739 1616 1616 1609 1609 1609 1609 1609 1609
    1616 1616 1609 1609 1609 1609 1609 1609 1609 1609 1609 1609 1609
    1609 1609 1609 1609 1609 1609 1609 1609 1609 1609 1609 1609 1609
    1609 1609 1609 1609 1609 1616 1616 1616 1616 1616 1616 1616 1616
    1624 1624 1624 1624 1632 1632 1632 1639 1639 1639 1647 1647 1647
    1647 1639 1639 1616 1616 1609 1609 1609 1609 1609 1616 1616 1616
    1609 1609 1609 1609 1609 1609 1609 1609 1609 1609 1609 1609 1609
    1609 1609 1609 1609 1609 1609 1609 1609 1609 1609 1601 1601 1601
    1601 1609 1609 1609 1609 1609 1609 1609 1609 1609 1609 1609 1609
    1609 1609 1609 1616 1616 1616 1616 1609 1609 1609 1624 1632 1639 0
    1632 1632 1616 1616 1616 1616 1624 1624 1624 1624 1616 1609 1609
    1609 1609 1609 1609 1609 1609 1609 1609 1609 1609 1609 1609 1609
    1609 1609 1609 1609 1609 1609 1609 1601 1601 1601 1601 1609 1601
    1601 1609 1601 1601 1601 1601 1601 1609 1601 1601 1601 1601 1601
    1609 1609 1609 1609 1609 1609 1609 1609 1609 1609 1609 1632 1632
    1624 1624 1624 1624 1624 1624 1624 1624 1616 1616 1609 1609 1609
    1616 1616 1616 1616 1616 1616 1609 1609 1609 1609 1609 1609 1609
    1609 1609 1609 1609 1609 1609 1609 1609 1609 1609 1601 1601 1609
    1601 1601 1601 1601 1601 1609 1601 1601 1601 1601 1601 1601 1601
    1601 1609 1601 1601 1601 1609 1609 1609 1609 1639 1639 1624 1624
    1624 1624 1632 1632 1632 1624 1616 1616 1616 1616 1616 1616 1616
    1616 1616 1616 1616 1616 1609 1609 1609 1609 1609 1609 1609 1609
    1609 1609 1609 1609 1609 1609 1609 1609 1609 1609 1609 1601 1601
    1601 1601 1601 1609 1609 1601 1601 1601 1601 1601 1601 1601 1601
    1601 1601 1601 1601 1601 1601 1601 1632 1632 1632 1632 1632 1632
    1632 1632 1632 1624 1624 1624 1624 1624 1624 1624 1624 1624 1624
    1616 1616 1616 1616 1609 1609 1616 1616 1616 1616 1616 1616 1616
    1609 1609 1609 1609 1609 1609 1609 1609 1609 1609 1609 1609 1609
    1609 1609 1609 1609 1609 1601 1601 1601 1601 1601 1601 1601 1601
    1601 1601 1601 1601 1601 1639 1632 1632 1632 1632 1632 1632 1632
    1632 1632 1624 1624 1624 1624 1624 1624 1624 1624 1624 1624 1624
    1616 1616 1616 1616 1616 1616 1616 1616 1616 1616 1616 1616 1609
    1609 1609 1609 1609 1609 1609 1609 1609 1609 1616 1609 1609 1609
    1609 1609 1609 1609 1609 1601 1601 1601 1609 1609 1609 1609 1601
    1601 1601 1601 1639 1632 1632 1632 1639 1639 1639 1632 1632 1632
    1632 1632 1632 1624 1624 1632 1624 1624 1624 1624 1624 1624 1624
    1616 1616 1616 1616 1616 1624 1624 1624 1616 1616 1616 1609 1609
    1609 1609 1616 1609 1609 1616 1616 1616 1616 1609 1609 1609 1609
    1609 1609 1609 1609 1609 1609 1609 1609 1609 1609 1601 1601 1601
    1601 1639 1639 1639 1639 1639 1639 1639 1632 1632 1632 1632 1632
    1632 1632 1632 1632 1632 1632 1632 1632 1632 1624 1624 1624 1624
    1624 1624 1624 1624 1624 1624 1624 1624 1616 1616 1616 1616 1616
    1624 1616 1616 1616 1616 1616 1616 1616 1609 1609 1609 1616 1616
    1616 1616 1609 1609 1609 1609 1609 1609 1609 1601 1601 1601 1639
    1639 1639 1639 1639 1639 1639 1639 1632 1632 1632 1632 1632 1632
    1632 1632 1632 1632 1632 1632 1632 1632 1632 1632 1632 1624 1624
