<?xml version="1.0"?>
<opencv_storage>
<Depth12540 type_id="opencv-matrix">
  <rows>12</rows>
  <cols>26</cols>
  <dt>w</dt>
  <data>
    3178 3208 3208 3238 3238 3238 4774 4774 4774 4708 4582 4463 4463
    4463 4405 4349 4241 4241 4190 4190 4190 2933 2908 2883 2859 2835
    3208 3208 3208 3208 3208 3208 3238 3269 3238 3208 3208 3208 4463
    4405 4295 4295 4241 4241 4190 3178 3178 3238 3238 2883 2859 2835
    3208 3208 3208 3208 3208 3208 3208 3208 3238 3208 3208 3208 3208
    3208 3238 3269 4295 3269 3238 3178 3178 3238 3208 3208 2859 2835
    3208 3208 3208 3208 3208 3208 3208 3208 3208 3208 3208 3208 3208
    3208 3238 3238 3238 3238 3238 3238 3238 3238 3208 3208 3238 2812
    3238 3208 3208 3178 3178 3178 3208 3208 3208 3208 3208 3208 3208
    3208 3238 3238 3238 3238 3208 3208 3208 3208 3208 3208 3238 2812
    3208 3208 3208 3178 3178 3178 3208 3208 3208 3178 3178 3178 3208
    3208 3238 3238 3238 3238 3208 3208 3208 3208 3208 3208 3178 3178
    3178 3178 3178 3178 3178 3178 3178 3178 3178 3178 3178 3178 3178
    3178 3238 3238 3208 3208 3208 3208 3208 3208 3208 3208 3178 3178
    3178 3178 3178 3178 3178 3178 3178 3178 3178 3208 3208 3178 3178
    3178 3208 3238 3208 3208 3208 3208 3208 3208 3208 3208 3178 3178
    3178 3208 3178 3178 3178 3178 3208 3208 3208 3208 3208 3149 3149
    3178 3208 3238 3208 3208 3208 3208 3208 3208 3208 3208 3178 3178
    3208 3208 3208 3208 3208 3208 3208 3208 3208 3208 3208 3149 3149
    3178 3238 3238 3208 3208 3208 3208 3238 3208 3208 3178 3178 3178
    4983 3208 3208 3238 3238 3238 3208 3208 3208 3208 3208 3178 3178
    3178 3208 3238 3238 3238 3238 3238 3238 3208 3208 3178 3178 3178
    5056 5056 4983 4983 3238 3238 3208 3208 3238 3238 3208 3208 3208
    3208 3208 3238 3238 3238 3269 3269 3269 3238 3149 3149 3149 3149</data></Depth12540>
</opencv_storage>
