<?xml version="1.0"?>
<opencv_storage>
<Depth19074 type_id="opencv-matrix">
  <rows>16</rows>
  <cols>33</cols>
  <dt>w</dt>
  <data>
    3503 3539 3539 3539 3539 3539 3576 3576 3576 3614 0 0 0 0 0 0 0 0 0
    0 0 0 0 0 0 0 0 0 0 0 0 0 0 3539 3539 3539 3539 3539 3539 3576 3614
    3614 3614 3653 3614 3614 3614 0 0 0 0 0 0 0 0 0 0 0 0 0 0 0 0 0 0 0
    3539 3539 3539 3539 3539 3539 3576 3576 3576 3576 3576 3576 3576
    3614 3614 0 0 3614 3614 3653 3653 3653 0 0 0 0 0 0 0 0 0 0 0 3539
    3539 3539 3539 3539 3539 3539 3576 3576 3576 3576 3576 3576 3576
    3539 3539 3539 3539 3576 3653 3653 3614 3614 3614 0 0 0 0 0 0 0 0 0
    2859 3503 3503 3539 3539 3539 3539 3539 3576 3576 3576 3576 3576
    3576 3539 3539 3539 3539 3539 3614 3614 3614 3614 3576 3576 0 0 0 0
    0 0 0 0 2835 3503 3503 3539 3539 3539 3539 3539 3539 3576 3576 3576
    3576 3576 3539 3539 3539 3539 3539 3614 3614 3614 3614 3576 3576
    3614 3614 3614 3614 0 0 0 0 2835 3503 3503 3539 3539 3539 3539 3539
    3539 3576 3576 3576 3576 3576 3576 3539 3539 3576 3576 3614 3614
    3614 3614 3614 3614 3614 3614 3614 3614 3614 3614 3614 3614 3503
    3503 3503 3539 3539 3539 3539 3539 3539 3576 3576 3576 3576 3576
    3576 3576 3576 3576 3576 3576 3614 3614 3614 3614 3614 3614 3614
    3614 3653 3614 3614 3614 3614 4645 4582 3539 3539 3576 3539 3539
    3539 3539 3576 3614 3576 3576 3576 3576 3576 3576 3576 3576 3576
    3614 3614 3653 3653 3653 3653 3653 3653 3653 3614 3614 3653 3653
    4645 4582 3539 3539 3576 3576 3576 3539 3539 3576 3576 3576 3576
    3576 3576 3576 3576 3539 3539 3576 3576 3614 3653 3653 3653 3653
    3653 3653 3653 3653 3653 3653 3653 4645 4582 4582 4582 4582 3576
    3576 3539 3539 3576 3576 3653 3653 3576 3576 3576 3576 3539 3539
    3576 3576 3614 3653 3653 3653 3653 3653 3614 3614 3653 3614 3614
    3503 4582 4582 4582 4582 4582 4582 4645 4582 4582 3653 3653 3653
    3653 3653 3653 3614 3576 3576 3576 3576 3614 3653 3653 3692 3653
    3653 3576 3576 3576 3614 3614 3576 3503 4582 4522 4522 4522 4582
    4582 4582 4522 4522 4582 4582 4582 4645 4582 3653 3653 3614 3614
    3614 3614 3653 3653 3653 3692 3653 3653 3576 3576 3576 3614 3614
    3576 3576 4582 4522 4522 4522 4582 4582 4582 4522 4522 4582 4582
    4582 4522 4522 4582 4582 4582 4645 4708 3653 3653 3692 3692 3692
    3692 3653 3614 3576 3576 3614 3614 3653 0 4582 4582 4582 4582 4582
    4582 4582 4522 4522 4582 4582 4582 4522 4522 4582 4582 4582 4582
    4645 4708 3692 3692 3692 3692 3692 3653 3614 3614 3614 3614 3653
    3653 0 4582 4582 4582 4582 4645 4645 4645 4582 4582 4582 4582 4582
    4582 4582 4645 4582 4582 4582 4645 4708 4645 4645 4582 4522 4522
    3653 3653 3653 3653 3653 3653 0 0</data></Depth19074>
</opencv_storage>
