<?xml version="1.0"?>
<opencv_storage>
<Depth1126 type_id="opencv-matrix">
  <rows>72</rows>
  <cols>111</cols>
  <dt>w</dt>
  <data>
    2639 2639 2639 2639 2639 2639 2618 2618 2639 2659 2639 2639 970 967
    967 967 967 2639 2639 2639 2639 967 967 970 975 975 978 978 975 975
    2701 2680 2680 2680 2680 2680 2680 2701 2701 2701 2701 978 978 978
    978 981 984 984 984 984 984 978 978 978 978 978 978 981 987 987 987
    987 987 984 984 984 987 987 984 984 989 989 989 989 989 989 989 989
    989 989 998 995 995 992 992 992 992 989 989 992 995 995 995 995 995
    998 998 998 995 992 992 992 2723 2723 2723 2744 2767 2744 2744 2767
    2767 2639 2639 2639 2639 2639 2639 2639 962 962 962 964 967 967 964
    964 967 967 970 970 967 967 967 967 970 975 975 975 975 973 973 973
    973 973 973 973 2680 2680 978 978 978 978 978 978 978 978 978 978
    978 978 981 978 978 978 978 978 978 978 981 984 984 981 981 981 981
    981 981 981 981 981 981 984 984 987 987 984 984 984 984 987 987 987
    987 989 989 989 989 992 989 989 992 992 992 992 992 995 995 995 992
    992 989 989 989 989 2767 2767 2767 2767 2767 2767 2789 2789 2618
    2618 2639 2639 2639 967 962 962 962 962 964 967 967 964 964 967 967
    967 967 967 967 967 967 970 973 975 973 973 970 970 973 973 973 970
    970 970 970 975 975 975 975 975 975 975 975 975 975 975 975 978 975
    975 975 975 975 975 975 975 978 978 978 978 978 978 978 978 978 978
    978 978 981 981 984 984 984 981 981 981 981 981 981 981 984 987 987
    987 987 987 987 987 987 987 989 989 989 992 992 992 989 989 989 989
    0 0 2767 2767 2767 2789 2789 2812 2789 2618 2618 2639 2639 2639 964
    962 962 962 964 964 967 964 964 964 964 964 964 964 964 964 964 967
    967 967 967 967 967 967 967 967 967 967 967 967 970 970 970 973 973
    973 973 970 970 973 973 973 973 973 973 973 973 973 975 975 975 975
    975 975 975 975 975 975 975 978 978 978 975 975 975 978 978 981 981
    981 981 981 981 981 981 978 978 981 981 981 984 984 981 981 984 981
    981 981 981 981 981 989 989 987 984 984 984 0 0 2789 2789 2789 2789
    2812 2812 2789 2560 956 0 956 956 959 959 959 959 962 962 964 962
    962 962 962 962 962 962 962 962 962 964 964 964 964 964 964 964 964
    964 964 967 967 967 967 967 967 970 970 970 970 970 970 970 970 970
    970 970 970 970 970 970 973 973 973 973 973 970 970 973 973 975 975
    975 975 975 975 975 975 975 975 975 975 978 978 978 978 978 978 978
    978 978 978 981 981 981 981 981 981 981 981 981 981 981 981 981 981
    981 981 981 981 0 0 2789 2789 2789 2789 2812 2812 2812 0 0 0 956 956
    956 956 956 956 956 956 956 956 956 959 959 959 959 959 959 959 962
    962 962 962 962 964 964 964 964 964 964 964 967 967 967 964 964 967
    967 967 967 967 967 967 967 967 967 967 967 967 967 967 967 967 970
    970 970 970 970 970 970 970 970 970 970 970 973 973 973 973 973 973
    973 973 975 975 975 975 975 975 975 975 975 978 978 978 978 978 978
    978 978 978 978 978 978 978 981 981 978 978 978 0 0 0 2812 2812 2812
    2812 2812 2812 0 0 0 954 954 954 954 954 954 954 954 954 954 954 954
    954 956 956 956 956 956 959 959 959 959 959 962 962 962 962 962 962
    964 964 964 964 962 962 964 964 964 964 964 964 964 964 964 964 964
    964 967 967 967 967 964 964 967 967 967 967 967 967 967 967 967 967
    967 967 970 970 970 970 970 970 970 973 973 973 973 973 973 973 973
    973 973 973 975 975 975 975 975 978 978 978 978 978 978 978 978 978
    978 0 0 0 0 2835 2835 2835 2812 2812 2812 0 0 0 948 948 948 948 948
    951 951 951 951 948 948 951 951 954 954 954 954 954 954 954 956 956
    956 956 956 956 959 956 956 959 962 962 959 959 959 959 962 962 962
    962 962 962 962 962 962 962 964 964 964 964 964 964 964 964 964 964
    964 964 964 964 964 964 964 964 964 964 967 970 970 970 967 967 970
    970 970 970 970 970 970 970 970 970 970 970 970 970 973 973 973 973
    973 973 973 975 975 975 975 975 0 0 0 2883 2883 2883 2859 2835 2835
    2835 0 0 0 946 946 946 946 946 948 948 948 946 946 946 948 948 948
    951 951 951 951 951 951 954 954 954 954 954 954 956 956 956 956 959
    959 959 956 956 956 959 959 959 959 959 956 956 959 959 959 962 962
    962 962 962 962 962 959 959 962 962 962 964 964 964 962 962 962 962
    964 964 967 967 967 967 967 967 967 967 967 967 970 970 970 970 967
    967 967 967 967 967 967 970 970 970 970 970 970 970 970 970 970 0 0
    0 0 2883 2883 2859 2835 2835 2835 0 0 0 946 946 946 946 946 946 946
    946 946 946 946 946 946 948 946 946 946 946 948 948 951 948 948 951
    951 951 954 954 954 954 954 954 956 956 956 956 956 956 956 956 956
    956 956 956 956 956 959 959 959 956 956 959 959 956 956 956 956 959
    959 959 959 959 959 959 959 962 962 964 962 962 964 964 964 964 964
    964 964 967 967 967 967 967 967 967 967 967 967 967 967 967 967 967
    967 967 967 967 970 970 970 0 0 0 2908 2908 2883 2859 2859 2835 0 0
    0 943 943 943 943 943 943 943 943 943 943 943 943 943 946 946 946
    946 946 946 946 946 946 946 946 946 948 948 948 948 951 951 951 948
    948 951 951 951 951 954 954 954 954 954 954 954 954 956 956 954 954
    954 956 956 956 956 956 956 956 956 956 956 956 956 956 956 956 959
    962 959 959 959 959 959 962 962 962 962 962 962 962 962 962 964 964
    964 964 964 964 964 964 967 967 967 967 967 967 967 967 967 0 0 0 0
    2908 2883 2883 2859 2859 0 0 0 940 938 938 938 938 940 943 943 943
    943 943 940 940 943 943 943 943 943 943 943 943 943 943 943 943 943
    946 946 946 946 946 946 946 946 946 948 948 948 948 948 948 948 948
    948 951 951 954 954 954 954 954 954 954 954 954 954 954 954 954 954
    956 956 954 954 954 956 956 959 959 959 959 959 959 959 959 959 959
    959 959 959 959 959 962 962 959 959 959 962 962 964 964 964 964 964
    964 967 964 964 962 962 0 0 0 2908 2883 2883 2859 2859 0 0 0 938 938
    935 935 935 935 938 938 940 940 938 938 938 938 938 940 940 940 940
    943 943 943 943 943 943 943 943 943 943 943 943 943 943 943 946 946
    946 946 946 946 946 946 946 946 946 946 946 946 946 946 948 951 951
    951 954 954 954 954 954 954 954 954 954 954 954 954 954 956 956 956
    956 956 956 956 956 956 956 956 956 956 956 956 959 959 959 959 959
    959 959 959 959 959 959 959 962 962 962 962 959 959 0 0 0 2908 2908
    2908 2883 2859 0 0 0 935 935 935 935 935 935 935 935 935 935 935 935
    935 935 935 938 938 938 938 940 940 940 940 940 940 940 940 940 940
    940 940 943 943 943 943 946 943 943 943 943 943 943 943 943 946 946
    946 946 943 943 946 946 946 946 946 948 948 951 951 951 951 951 951
    948 948 948 951 951 951 954 954 954 951 951 954 954 954 954 954 956
    956 956 956 956 956 954 954 956 956 956 956 956 956 956 959 959 959
    959 959 959 959 0 0 2933 2933 2908 2883 2883 0 0 0 933 933 933 933
    933 933 933 933 933 933 933 933 933 933 935 935 935 935 935 935 938
    935 935 935 935 938 938 938 938 938 938 938 938 940 940 940 940 938
    938 940 940 940 940 940 940 943 943 943 943 943 943 943 943 943 943
    943 943 946 946 946 946 946 946 946 946 946 946 948 948 951 951 948
    948 948 948 948 948 948 948 951 951 954 954 954 951 951 951 951 951
    951 954 954 954 954 956 956 956 954 954 954 0 0 0 0 2933 2908 2883
    2859 0 0 0 933 930 930 928 928 928 930 930 930 933 933 933 933 933
    933 933 933 933 933 933 935 935 935 935 935 935 935 935 935 935 935
    935 935 935 938 938 938 935 935 935 938 938 938 938 938 940 940 940
    940 940 940 940 940 940 940 940 940 943 943 943 943 940 940 940 940
    940 943 946 946 948 948 948 946 946 948 948 948 948 948 948 948 951
    951 951 948 948 948 948 948 948 948 948 948 951 951 951 951 951 951
    951 951 948 0 0 2933 2908 2883 2859 0 0 0 930 928 928 925 925 925
    928 928 928 928 928 928 928 930 930 930 930 933 930 930 933 933 933
    933 933 933 933 933 933 933 935 935 935 935 935 935 935 935 935 935
    938 935 935 938 938 938 938 935 935 935 938 938 935 935 935 935 938
    938 938 938 938 938 938 938 938 938 940 943 943 943 946 946 946 946
