<?xml version="1.0"?>
<opencv_storage>
<Depth9099 type_id="opencv-matrix">
  <rows>9</rows>
  <cols>20</cols>
  <dt>w</dt>
  <data>
    0 0 0 4645 4582 4582 4582 4582 4582 4582 4708 4522 4522 4582 4582
    4582 4582 4582 4582 5548 0 4708 4708 4645 4582 4582 4582 4582 4582
    4582 4645 4522 4522 4582 4582 4582 4582 4582 4582 4645 4708 4708
    4645 4645 4582 4582 4582 4582 4582 4645 4645 4582 4582 4582 4582
    4582 4582 4582 4645 4645 4582 4645 4645 4645 4582 4582 4582 4582
    4582 4645 4582 4582 4582 4582 4582 4582 4645 4645 4645 4645 4582
    4645 4645 4582 4582 4582 4582 4582 4582 4645 4582 4582 4582 4582
    4582 4645 4645 4645 4645 4645 4645 4582 4582 4582 4582 4582 4582
    4582 4582 4582 4645 4582 4582 4582 4582 4645 4645 4645 4645 4645
    4645 4522 4522 4582 4582 4582 4582 4582 4582 4582 4645 4645 4645
    4645 4645 4645 4708 4645 4645 4645 0 4522 4522 4522 4522 4522 4522
    4582 4582 4582 4645 4645 5640 5640 5640 5548 5548 5548 5548 5460 0
    4522 4522 4522 4522 4522 4522 4522 4582 4582 4582 5640 5640 5640
    5548 5548 5548 5548 5548 5460</data></Depth9099>
</opencv_storage>
