<?xml version="1.0"?>
<opencv_storage>
<Depth18744 type_id="opencv-matrix">
  <rows>12</rows>
  <cols>14</cols>
  <dt>w</dt>
  <data>
    2349 2349 2349 4405 4405 4463 4463 4522 4774 4842 4842 4911 4911
    4911 2349 2349 4349 4349 4405 4405 4405 4405 4463 4463 4645 4774
    4774 4911 2349 4349 4295 4295 4349 4349 4405 4349 4349 4405 4463
    4582 4708 4708 2349 4295 4295 4295 4295 4295 4295 4295 4295 4295
    4349 4405 4405 4405 4190 4190 4190 4190 4190 4190 4190 4190 4190
    4241 4295 4295 4295 4349 4190 4190 4190 4139 4139 4139 4139 4139
    4139 4190 4190 4241 4241 4295 4139 4139 4139 4139 4139 4139 4139
    4139 4139 4139 4190 4190 4190 4241 4139 4139 4139 4139 4139 4139
    4139 4139 4139 4139 4139 4190 4190 4241 4139 4089 4089 4089 4089
    4089 4089 4089 4089 4089 4089 4089 4089 4139 2365 4041 3994 3994
    4041 4089 4089 4089 4041 4041 4041 4089 4041 4041 2349 2349 2349
    3994 3994 3994 4041 4089 4041 4041 4041 4041 4041 4041 2349 2349
    2349 2349 3948 3948 3994 4041 4089 4041 4041 4041 4041 4041</data></Depth18744>
</opencv_storage>
