<?xml version="1.0"?>
<opencv_storage>
<Depth11346 type_id="opencv-matrix">
  <rows>14</rows>
  <cols>9</cols>
  <dt>w</dt>
  <data>
    5640 5640 5640 5734 5734 0 0 0 0 5640 5640 5640 5640 5640 0 0 0 0
    5640 5640 5640 5640 5460 5460 5460 5374 5374 5640 5640 5640 5640
    5460 5460 5460 5374 5374 5548 5548 5548 5640 5640 5548 5548 5374
    5374 5548 5548 5548 5640 5640 5640 5548 5548 5548 5548 5548 5548
    5640 5734 5640 5640 5548 5548 5640 5548 5548 5734 5734 5734 5640
    5640 5640 5734 5640 5640 5734 5734 5734 5734 5640 5640 5832 5734
    5734 5734 5734 5734 5734 5734 5640 0 5640 5640 5640 5640 5640 5734
    5734 5832 0 5640 5640 5640 5640 5640 5734 5734 5933 0 5640 5548 5548
    5548 5832 5832 5832 0 0 5640 5548 5548 5640 5640 0 0 0</data></Depth11346>
</opencv_storage>
