<?xml version="1.0"?>
<opencv_storage>
<Depth2078 type_id="opencv-matrix">
  <rows>9</rows>
  <cols>12</cols>
  <dt>w</dt>
  <data>
    6497 6497 6497 6753 6753 6889 6889 6889 6889 6889 6889 6889 6497
    6497 6497 6622 6622 6622 6622 6753 6889 6889 6889 6889 6497 6497
    6497 6497 6375 6375 6497 6622 6753 6889 6753 6753 6375 6497 6497
    6497 6375 6375 6497 6497 6497 6622 6622 6753 6375 6375 6375 6375
    6375 6375 6375 6497 6497 6497 6497 6497 6375 6375 6375 6375 6259
    6259 6375 6375 6497 6497 6497 6497 6375 6375 6375 6375 6259 6259
    6375 6375 6497 6497 6375 6375 6375 6375 6375 6259 6259 6259 6259
    6259 6497 6497 6375 6375 6146 6146 6146 6146 6146 6259 6259 6259
    6375 6375 6497 6497</data></Depth2078>
</opencv_storage>
