<?xml version="1.0"?>
<opencv_storage>
<Depth15922 type_id="opencv-matrix">
  <rows>155</rows>
  <cols>64</cols>
  <dt>w</dt>
  <data>
    7030 7332 7178 7178 7178 7178 7332 7178 7030 7030 0 0 0 0 0 0 0 0 0
    7030 7030 7030 767 767 767 744 730 730 730 730 730 730 730 730 730
    730 731 731 733 736 736 736 736 733 733 739 741 0 0 0 0 0 762 757
    755 754 754 754 0 0 0 0 0 750 7178 7332 7178 7178 7178 7178 7178
    7030 7030 7030 0 0 0 0 0 0 0 0 0 0 0 767 767 767 767 744 744 733 731
    731 730 730 730 730 731 731 731 731 733 734 736 736 736 736 736 739
    741 742 742 742 749 749 749 752 752 752 750 750 750 0 0 0 754 750
    7332 7332 7178 7178 7178 7178 7178 7030 7030 0 0 0 0 0 0 0 0 0 0 0 0
    767 764 761 755 755 744 733 731 731 730 730 730 730 730 731 731 733
    733 734 736 736 736 736 736 739 741 742 742 742 746 746 746 749 749
    750 750 750 750 750 750 752 752 754 7332 7332 7178 7030 7030 7030
    7030 7178 7332 0 0 0 0 0 0 0 0 0 0 0 0 767 764 761 755 755 739 733
    731 730 730 730 730 730 730 733 733 733 733 734 736 736 738 738 738
    739 739 742 742 742 746 746 746 747 747 749 749 749 750 750 750 752
    752 752 7332 7178 7178 7030 7030 7030 7030 7178 0 0 0 0 0 0 0 0 0 0
    0 0 792 767 764 762 762 762 739 733 731 730 730 730 730 730 730 731
    731 733 734 734 736 736 738 738 738 739 739 741 742 742 744 744 746
    746 747 749 749 749 750 750 750 752 752 752 7332 7178 7030 7030 7030
    0 0 0 0 0 0 0 0 0 0 0 0 0 0 792 790 769 766 764 761 761 761 733 731
    730 730 730 730 730 730 731 731 733 734 734 736 736 736 736 736 739
    739 741 741 742 744 744 744 746 747 749 749 749 750 750 750 752 752
    755 7178 7178 7030 7030 0 0 0 0 0 0 0 0 0 0 0 0 0 0 800 792 785 771
    767 764 761 761 738 733 731 730 730 730 730 731 731 733 733 733 734
    734 734 734 736 736 736 739 739 741 741 742 744 744 744 746 749 749
    750 750 750 750 750 752 754 754 7178 7178 7030 7030 0 0 0 0 0 0 0 0
    0 0 0 0 0 0 800 792 783 778 769 766 757 757 738 733 730 728 728 728
    730 731 731 733 733 733 733 733 734 734 734 736 736 739 741 741 741
    742 744 744 744 746 747 747 749 750 750 750 752 752 752 754 7030
    7030 7178 0 0 0 0 0 0 0 0 0 854 854 833 829 825 825 802 794 781 776
    769 766 755 749 738 734 730 728 727 727 728 730 733 733 733 733 733
    733 734 734 734 736 736 736 738 739 739 741 744 744 744 744 746 747
    749 749 752 752 752 752 752 754 6889 7030 0 0 0 0 0 0 0 0 0 0 854
    851 833 829 821 821 803 803 781 776 769 762 755 749 738 731 730 728
    727 727 728 730 731 731 731 731 731 731 734 734 734 736 736 736 738
    739 739 741 744 744 744 744 744 746 746 749 750 750 750 749 749 752
    6889 0 0 0 0 0 0 0 0 0 0 858 854 851 833 829 821 821 802 792 780 774
    767 762 759 747 736 731 728 727 727 727 728 730 731 731 731 731 731
    731 734 734 734 736 736 736 736 738 738 741 742 744 744 744 744 746
    746 749 750 750 750 749 749 749 0 0 0 0 0 0 0 0 0 0 0 858 856 851
    833 833 833 833 802 785 780 774 767 762 759 747 736 730 728 727 725
    725 727 730 730 730 730 730 731 731 734 734 734 736 736 736 736 736
    738 741 742 742 744 744 744 746 746 747 749 749 750 749 749 749 0 0
    0 0 0 0 0 896 891 891 891 858 856 854 833 833 833 807 800 785 780
    774 771 766 766 741 736 730 727 725 723 723 725 728 730 730 730 730
    731 731 734 734 734 734 734 736 736 736 738 739 742 742 744 744 744
    746 746 747 749 749 750 747 747 0 0 0 0 0 0 0 918 896 891 891 891
    858 856 854 835 833 833 803 800 794 778 774 771 767 767 741 736 731
    727 725 723 723 725 728 730 730 730 730 730 731 733 733 734 734 734
    736 736 736 738 739 742 742 742 744 744 746 746 747 749 750 750 747
    747 0 0 0 0 0 0 933 918 898 894 887 880 867 854 841 835 829 829 803
    800 796 778 774 771 769 747 741 736 733 728 725 725 725 725 728 728
    728 730 730 730 733 733 733 733 733 733 736 736 736 738 739 742 742
    742 744 744 746 746 747 749 750 750 750 749 749 0 0 0 948 943 933
    918 901 891 882 875 867 854 841 831 825 807 805 803 796 780 776 769
    769 747 742 738 733 727 725 725 725 727 728 728 728 730 730 730 731
    731 731 731 731 733 734 736 736 738 739 742 742 742 744 744 744 746
    747 749 750 750 750 749 749 0 0 0 948 943 935 935 913 889 880 873
    867 854 839 831 825 807 805 803 794 780 773 767 757 747 741 738 730
    725 725 725 725 727 728 728 728 728 730 730 731 731 731 731 731 734
    734 736 736 738 739 742 742 742 742 742 744 746 747 749 749 750 750
    749 749 0 0 0 946 943 938 938 896 889 880 873 864 854 839 831 823
    815 809 803 794 778 773 767 757 746 741 734 727 723 723 723 723 725
    727 728 728 728 730 730 731 731 731 733 733 733 733 734 736 738 739
    742 742 742 742 742 742 744 747 749 749 749 749 749 749 0 0 943 943
    938 930 925 896 894 880 873 864 854 839 831 823 815 809 798 785 778
    773 767 762 744 741 734 727 723 723 723 723 723 725 728 728 728 730
    730 730 730 731 733 733 733 733 734 736 736 739 741 742 742 742 742
    742 744 744 749 749 749 749 749 749 0 0 943 940 933 928 923 894 889
    880 873 862 845 837 831 825 815 809 798 785 778 774 769 761 744 738
    733 728 725 723 723 723 723 725 727 727 728 728 730 730 730 731 731
    733 733 734 734 736 736 738 741 742 742 742 742 742 744 744 747 747
    747 747 747 747 0 0 943 940 933 928 923 894 887 880 873 862 845 837
    831 825 815 807 798 785 778 774 769 761 744 738 731 728 725 723 722
    722 723 725 727 727 728 728 728 730 730 730 731 733 733 734 734 736
    736 738 741 742 742 742 742 742 744 746 746 747 747 747 744 744 0 0
    943 938 935 928 923 894 887 878 871 864 845 841 831 825 815 805 796
    785 778 774 767 761 744 738 731 728 725 723 722 722 723 725 727 728
    728 728 728 730 730 730 731 731 733 734 734 736 736 736 738 739 741
    742 742 742 744 744 744 746 747 746 744 744 0 0 943 938 933 928 920
    896 889 873 871 867 845 841 833 827 817 805 796 785 778 773 766 759
    744 738 730 728 725 723 723 723 723 725 727 728 728 728 728 730 730
    730 731 731 733 734 734 736 736 736 738 739 741 742 742 742 742 744
    744 746 747 746 746 0 0 0 0 938 933 928 913 901 889 873 869 864 845
    841 831 823 817 805 796 783 778 773 766 759 746 746 730 727 725 723
    723 723 723 725 727 728 728 728 728 730 730 730 731 731 733 733 734
    734 736 736 738 738 739 741 741 742 742 744 744 746 746 746 746 747
    0 0 0 938 930 923 913 901 891 873 869 847 843 839 829 823 819 817
    796 783 780 771 766 757 744 744 730 727 725 723 723 723 723 723 725
    727 727 727 728 730 730 730 730 731 733 733 733 734 734 736 738 738
    739 739 741 741 742 744 744 746 746 747 747 747 0 0 0 0 930 920 913
    901 891 880 871 847 843 839 829 821 817 805 796 783 774 769 766 757
    742 736 730 727 723 722 722 722 722 723 723 725 725 725 728 728 728
    730 730 730 731 731 731 733 734 736 738 738 739 739 741 741 742 744
    744 746 747 747 747 747 0 0 0 0 0 920 913 898 891 880 871 847 843
    837 829 821 813 803 794 781 774 769 764 757 742 736 731 727 723 722
    722 722 722 722 723 723 723 723 727 728 728 728 730 730 731 731 731
    733 734 734 738 738 738 739 741 742 742 744 744 744 746 746 746 747
    0 0 0 940 930 923 913 898 889 880 869 847 843 837 829 821 807 800
    794 780 774 769 764 757 741 734 731 728 723 722 722 722 722 722 722
    723 723 723 727 728 728 728 728 730 731 731 733 734 734 734 736 738
    738 739 741 742 742 744 744 744 746 744 744 746 0 0 0 938 930 923
    915 898 885 875 864 849 843 835 827 827 807 798 792 780 774 769 764
    759 741 734 731 727 722 720 720 720 720 722 722 723 723 723 727 727
    727 728 728 730 731 731 733 733 734 734 736 738 738 739 739 742 742
    742 744 744 744 744 744 744 946 946 943 938 933 923 913 894 882 875
    864 860 845 835 827 819 809 798 792 780 774 769 762 755 741 733 730
    727 722 720 720 720 720 722 722 723 723 725 727 727 727 728 728 730
    731 731 731 733 733 733 736 738 738 738 739 741 742 742 744 744 744
    744 742 742 946 946 943 938 930 920 901 891 882 873 864 860 845 835
