<?xml version="1.0"?>
<opencv_storage>
<Depth5248 type_id="opencv-matrix">
  <rows>46</rows>
  <cols>35</cols>
  <dt>w</dt>
  <data>
    4708 4708 4708 2170 2170 2156 2156 2170 2170 2170 2170 2170 2170
    2170 2184 2170 2170 2170 2156 2156 2156 2170 2170 2170 2170 2170
    2156 2156 2156 2156 2170 2170 2170 5291 5291 4708 4708 4774 2184
    2184 2156 2156 2170 2170 2170 2170 2170 2170 2170 2184 2170 2170
    2170 2156 2156 2156 2170 2170 2170 2170 2170 2156 2156 2156 2156
    2156 2156 2156 2170 2170 4708 4774 4842 2170 2170 2170 2170 2170
    2170 2170 2170 2170 2170 2170 2184 2170 2170 2156 2156 2156 2156
    2170 2170 2170 2170 2170 2170 2170 2156 2156 2156 2156 2156 2170
    2170 4708 4842 4842 2170 2170 2170 2170 2184 2170 2170 2170 2170
    2170 2170 2170 2170 2170 2156 2156 2156 2156 2170 2170 2170 2170
    2170 2156 2156 2156 2156 2156 2156 2156 2170 2184 4708 4774 4842
    2170 2170 2170 2170 2170 2170 2170 2170 2170 2170 2170 2170 2170
    2170 2170 2156 2156 2170 2170 2156 2156 2156 2156 2156 2156 2156
    2156 2156 2156 2156 2170 2198 4708 4708 2170 2170 2170 2170 2170
    2170 2170 2170 2170 2170 2170 2170 2170 2170 2170 2156 2156 2170
    2170 2170 2156 2156 2156 2156 2156 2156 2156 2156 2156 2170 2170
    2170 2212 4645 4645 2156 2156 2170 2170 2170 2170 2170 2170 2170
    2170 2170 2170 2170 2170 2184 2156 2156 2156 2170 2170 2170 2156
    2156 2156 2156 2156 2156 2156 2156 2170 2170 2184 2212 4645 4582
    2156 2156 2170 2170 2170 2170 2170 2170 2170 2170 2170 2170 2170
    2170 2170 2156 2156 2156 2170 2170 2170 2156 2156 2156 2156 2156
    2156 2156 2156 2170 2170 2198 2212 4645 4582 4582 2170 2170 2170
    2170 2170 2170 2170 2170 2170 2170 2170 2170 2170 2170 2156 2156
    2170 2156 2156 2170 2170 2156 2156 2156 2156 2156 2156 2156 2170
    2184 2198 2226 4645 4645 4645 2184 2184 2184 2184 2170 2170 2170
    2170 2170 2170 2170 2170 2170 2170 2156 2156 2156 2156 2156 2170
    2170 2156 2156 2156 2156 2156 2156 2156 2170 2184 2198 2212 4645
    4645 2170 2170 2170 2170 2170 2170 2170 2170 2170 2170 2170 2170
    2170 2170 2170 2170 2170 2156 2156 2156 2170 2170 2170 2170 2170
    2156 2156 2156 2156 2170 2184 2198 2212 4708 4708 2170 2170 2170
    2170 2170 2170 2170 2170 2170 2170 2170 2170 2170 2170 2170 2170
    2170 2170 2156 2156 2170 2156 2156 2170 2170 2156 2156 2156 2156
    2156 2170 2170 2212 4708 4708 2184 2184 2184 2170 2170 2170 2170
    2170 2170 2170 2170 2170 2170 2170 2170 2170 2170 2170 2156 2156
    2156 2156 2156 2156 2156 2156 2156 2156 2156 2156 2170 2170 2170
    4774 4774 2198 2184 2184 2170 2170 2170 2170 2170 2170 2170 2170
    2170 2170 2170 2170 2170 2170 2170 2156 2156 2156 2156 2156 2156
    2156 2156 2156 2156 2156 2156 2170 2170 2170 4774 4774 2170 2170
    2184 2170 2170 2170 2170 2170 2156 2156 2156 2156 2156 2170 2170
    2170 2156 2156 2156 2156 2170 2170 2156 2156 2156 2156 2156 2156
    2156 2156 2156 2170 2170 4774 4774 2170 2170 2170 2170 2170 2170
    2170 2170 2156 2156 2156 2156 2156 2170 2170 2170 2156 2156 2156
    2156 2156 2156 2156 2156 2156 2156 2156 2156 2156 2156 2156 2170
    2170 4708 2170 2170 2170 2170 2170 2170 2170 2156 2156 2156 2156
    2156 2156 2156 2170 2170 2170 2156 2156 2156 2156 2156 2156 2156
    2156 2156 2156 2156 2156 2156 2156 2156 2170 2170 4708 4708 2170
    2170 2170 2170 2170 2170 2156 2156 2156 2156 2156 2170 2170 2170
    2170 2170 2156 2156 2156 2156 2156 2156 2156 2156 2156 2156 2156
    2156 2156 2156 2156 2170 2198 4582 4582 2170 2170 2170 2170 2170
    2170 2170 2170 2170 2170 2170 2170 2170 2170 2170 2170 2156 2156
    2170 2170 2156 2156 2156 2156 2156 2156 2156 2156 2156 2156 2143
    2143 2170 4582 4582 2184 2184 2170 2170 2170 2170 2170 2170 2170
    2170 2170 2170 2170 2170 2170 2170 2170 2170 2170 2170 2156 2156
    2156 2156 2156 2156 2156 2156 2156 2156 2143 2143 2170 4582 4582
    2184 2184 2184 2170 2170 2170 2170 2170 2170 2170 2170 2156 2156
    2170 2170 2170 2170 2156 2156 2170 2156 2156 2156 2156 2156 2156
    2156 2156 2156 2156 2156 2170 5374 4582 4582 2184 2184 2184 2170
    2170 2170 2170 2170 2170 2170 2170 2156 2156 2170 2170 2170 2156
    2156 2156 2156 2156 2156 2156 2156 2156 2156 2156 2156 2156 2156
    2170 2170 2170 4708 2184 2184 2184 2184 2170 2170 2170 2170 2170
    2170 2170 2170 2170 2170 2170 2170 2156 2156 2156 2156 2156 2156
    2156 2156 2156 2156 2156 2156 2156 2156 2156 2156 2170 2170 4774
    2184 2184 2184 2170 2170 2170 2170 2170 2170 2170 2170 2170 2170
    2170 2170 2170 2156 2156 2156 2156 2156 2156 2156 2156 2156 2156
    2156 2156 2156 2156 2156 2156 2170 2170 4774 2184 2184 2170 2170
    2170 2170 2170 2170 2170 2170 2170 2170 2170 2170 2170 2170 2156
    2156 2170 2170 2156 2156 2156 2156 2156 2156 2156 2143 2143 2156
    2156 2156 2170 2170 4774 2184 2184 2170 2170 2170 2170 2170 2170
    2170 2170 2170 2170 2170 2170 2170 2170 2156 2156 2170 2170 2156
    2156 2156 2156 2156 2156 2156 2143 2143 2156 2156 2170 2170 2170
    4774 2184 2184 2170 2170 2170 2170 2170 2170 2170 2170 2170 2156
    2156 2156 2156 2170 2156 2156 2156 2156 2156 2156 2156 2156 2156
    2156 2156 2143 2143 2156 2156 2170 2184 5291 4774 2184 2184 2170
    2170 2170 2170 2170 2170 2170 2170 2170 2156 2156 2156 2156 2170
    2156 2156 2156 2156 2156 2156 2156 2156 2156 2156 2156 2143 2143
    2156 2170 2170 2170 5210 4708 2184 2184 2170 2170 2170 2170 2170
    2170 2170 2170 2170 2156 2156 2156 2156 2156 2156 2156 2156 2156
    2156 2156 2156 2156 2156 2156 2156 2143 2143 2156 2170 2170 2170
    5210 4708 2184 2184 2170 2170 2170 2170 2170 2170 2170 2170 2170
    2170 2156 2156 2156 2156 2156 2156 2156 2156 2156 2156 2156 2156
    2156 2156 2143 2143 2143 2156 2170 2170 2170 2170 4708 2198 2184
    2170 2170 2170 2170 2170 2170 2170 2170 2170 2170 2170 2170 2170
    2156 2156 2156 2156 2156 2156 2156 2156 2156 2156 2143 2143 2143
    2143 2156 2170 2170 2170 2170 4708 2184 2170 2170 2170 2170 2170
    2170 2170 2170 2170 2170 2170 2170 2170 2156 2156 2156 2156 2156
    2156 2156 2156 2156 2156 2156 2143 2143 2143 2143 2156 2170 2170
    2170 5374 2170 2170 2170 2170 2170 2170 2170 2170 2170 2170 2170
    2170 2170 2170 2170 2156 2156 2156 2156 2156 2156 2156 2156 2156
    2156 2156 2143 2143 2143 2143 2156 2170 2170 2170 5460 2170 2170
    2170 2170 2170 2170 2170 2170 2170 2170 2170 2170 2170 2170 2156
    2156 2156 2156 2156 2156 2156 2156 2156 2156 2156 2156 2143 2143
    2143 2143 2143 2170 2170 2212 2212 2170 2170 2170 2156 2156 2156
    2156 2156 2170 2170 2170 2170 2170 2170 2156 2156 2156 2156 2156
    2156 2156 2156 2143 2143 2156 2156 2143 2143 2143 2143 2143 2170
    2184 2212 5374 2170 2170 2170 2156 2156 2156 2156 2156 2170 2170
    2156 2156 2156 2156 2156 2156 2156 2156 2156 2156 2156 2156 2143
    2143 2156 2156 2156 2143 2143 2143 2156 2156 2198 2212 5374 4645
    2170 2170 2156 2156 2156 2156 2156 2170 2156 2156 2156 2156 2156
    2156 2156 2156 2156 2156 2156 2156 2156 2156 2156 2156 2156 2156
    2156 2143 2143 2156 2156 2156 5374 5374 2156 2156 2170 2156 2156
    2156 2156 2156 2156 2156 2156 2156 2156 2156 2156 2156 2156 2156
    2170 2170 2156 2156 2156 2156 2156 2143 2143 2156 2143 2143 2156
    2156 2156 5374 5374 2156 2156 2156 2156 2156 2156 2156 2156 2156
    2156 2156 2156 2156 2156 2156 2156 2156 2156 2156 2156 2156 2156
    2156 2156 2156 2143 2143 2143 2156 2156 2156 2156 2156 5210 5210
    2156 2156 2156 2156 2156 2156 2156 2156 2156 2156 2156 2156 2156
    2156 2156 2156 2156 2156 2156 2156 2156 2156 2156 2156 2143 2143
    2143 2143 2156 2156 2156 2156 2156 5210 5210 2156 2156 2156 2156
    2156 2156 2156 2156 2156 2156 2156 2156 2156 2156 2156 2156 2156
    2156 2156 2156 2156 2156 2156 2156 2143 2143 2143 2156 2156 2156
    2156 2156 2156 5460 5210 2156 2156 2156 2156 2156 2156 2156 2156
    2156 2156 2156 2156 2156 2156 2156 2156 2156 2156 2156 2156 2156
    2156 2156 2156 2156 2156 2156 2156 2156 2156 2156 2156 2156 5374
    5374 2156 2156 2156 2156 2156 2156 2170 2156 2156 2156 2156 2156
