<?xml version="1.0"?>
<opencv_storage>
<Depth6869 type_id="opencv-matrix">
  <rows>90</rows>
  <cols>39</cols>
  <dt>w</dt>
  <data>
    4139 4089 4089 4041 4041 4041 4041 4041 4041 4041 4041 3994 1219
    1219 1219 1219 1219 1219 1214 1214 1214 1219 1219 1223 1223 1223
    1223 1227 1227 1227 1227 1232 1236 1227 1227 3859 3859 3903 3903
    4139 4089 4089 4089 4089 4041 4041 4041 4041 0 1223 1223 1219 1219
    1214 1214 1214 1214 1214 1214 1214 1219 1219 1223 1223 1223 1223
    1227 1227 1227 1227 1232 1227 1227 1227 1223 1223 1223 3903 4089
    4089 4041 4041 4041 4089 4089 4089 0 0 1236 1223 1219 1219 1214 1214
    1210 1210 1210 1210 1214 1219 1219 1219 1219 1219 1223 1223 1223
    1223 1223 1227 1223 1223 1227 1223 1223 1223 1223 4089 4089 4041
    4041 4041 0 0 0 0 0 1236 1232 1223 1214 1210 1210 1206 1206 1206
    1210 1210 1219 1219 1219 1219 1219 1219 1219 1219 1219 1219 1219
    1223 1223 1223 1223 1227 1227 3816 4089 4089 4041 4041 4041 0 0 0 0
    1241 1241 1232 1219 1210 1206 1206 1206 1202 1202 1206 1206 1214
    1214 1214 1214 1214 1214 1214 1214 1219 1219 1219 1219 1223 1223
    1223 1227 1227 3816 4089 4089 4041 4041 0 0 0 0 0 0 1241 1232 1219
    1206 1206 1202 1202 1202 1202 1202 1206 1210 1210 1210 1210 1210
    1210 1210 1210 1214 1214 1214 1219 1219 1219 1223 1223 1223 3816
    4041 4041 4041 4041 0 0 0 0 0 0 1236 1227 1219 1206 1206 1202 1202
    1202 1202 1202 1206 1210 1210 1210 1210 1210 1210 1210 1210 1214
    1214 1214 1214 1219 1219 1219 1219 0 3816 3994 3994 4041 4089 0 0 0
    0 0 0 1236 1223 1214 1206 1202 1202 1202 1202 1202 1202 1202 1206
    1206 1206 1206 1206 1206 1206 1210 1214 1214 1214 1214 1214 1214
    1214 1214 0 3816 3994 3994 4041 0 0 0 1292 1292 1283 1255 1236 1223
    1214 1206 1202 1202 1202 1202 1202 1202 1202 1206 1206 1206 1206
    1206 1206 1206 1210 1210 1214 1210 1210 1214 1214 1214 1214 1210
    3816 4041 4041 4041 0 0 1297 1292 1288 1268 1255 1236 1219 1210 1202
    1197 1197 1197 1197 1197 1197 1197 1206 1206 1206 1206 1206 1206
    1206 1206 1206 1210 1210 1210 1214 1210 1210 1210 1210 3859 4041
    4041 4041 0 0 1297 1292 1283 1268 1255 1236 1219 1210 1202 1197 1193
    1193 1193 1193 1193 1193 1202 1202 1202 1202 1202 1202 1206 1206
    1206 1206 1206 1206 1210 1210 1210 1210 1210 1210 4041 4041 0 0 0
    1297 1292 1283 1268 1255 1236 1219 1210 1202 1193 1189 1189 1189
    1193 1193 1193 1202 1202 1202 1202 1202 1202 1202 1202 1202 1206
    1206 1206 1206 1206 1206 1206 1206 0 4089 0 4089 0 1349 1307 1307
    1278 1273 1250 1232 1219 1210 1189 1189 1189 1189 1189 1189 1189
    1193 1197 1197 1197 1197 1202 1202 1202 1202 1202 1202 1202 1202
    1202 1202 1206 1206 1206 0 0 0 0 1349 1349 1343 1317 1278 1273 1241
    1227 1219 1206 1189 1189 1185 1185 1185 1189 1189 1189 1197 1197
    1197 1197 1197 1197 1197 1197 1202 1202 1202 1202 1202 1202 1202
    1206 1206 0 0 0 0 1349 1349 1343 1317 1292 1288 1241 1227 1219 1202
    1189 1189 1185 1185 1185 1185 1185 1189 1193 1193 1193 1197 1197
    1197 1193 1193 1197 1197 1197 1197 1197 1197 1197 1206 0 0 4041 0
    1370 1370 1370 1333 1317 1288 1283 1236 1223 1214 1197 1189 1189
    1185 1185 1185 1185 1185 1185 1189 1189 1189 1189 1189 1193 1193
    1193 1197 1197 1197 1197 1197 1197 1197 1197 0 0 3994 0 1370 1370
    1370 1333 1312 1288 1278 1236 1223 1214 1189 1185 1185 1185 1185
    1185 1185 1185 1185 1189 1189 1189 1189 1189 1189 1193 1193 1193
    1193 1193 1193 1197 1197 1193 1193 0 0 1404 1404 1398 1387 1328 1328
    1312 1283 1273 1236 1223 1214 1189 1185 1185 1185 1185 1185 1185
    1185 1185 1189 1189 1189 1189 1189 1189 1189 1189 1193 1193 1193
    1193 1193 1193 1193 1193 0 0 1404 1404 1398 1387 1349 1328 1312 1283
    1273 1236 1223 1214 1185 1181 1181 1181 1181 1181 1181 1181 1181
    1185 1185 1189 1189 1189 1189 1189 1189 1189 1193 1193 1193 1193
    1193 1193 1193 0 0 1421 1404 1398 1387 1349 1322 1307 1288 1273 1236
    1223 1214 1181 1177 1177 1177 1181 1181 1181 1177 1177 1181 1185
    1185 1189 1189 1189 1189 1189 1189 1189 1189 1189 1189 1189 1189
    1189 0 0 1421 1392 1392 1381 1349 1322 1307 1283 1268 1236 1219 1189
    1181 1173 1173 1177 1181 1181 1177 1173 1173 1181 1181 1185 1189
    1189 1189 1189 1189 1189 1189 1189 1189 1189 1189 1189 1189 0 0 1404
    1392 1387 1370 1349 1333 1292 1283 1264 1232 1214 1189 1181 1173
    1173 1173 1177 1177 1173 1173 1173 1177 1181 1181 1185 1185 1185
    1189 1185 1185 1189 1189 1189 1189 1185 1185 1185 0 0 1404 1398 1387
    1365 1349 1333 1292 1273 1264 1232 1214 1206 1177 1173 1173 1173
    1173 1177 1173 1173 1173 1177 1177 1181 1181 1181 1181 1185 1185
    1185 1185 1185 1185 1185 1185 1185 1185 0 0 1404 1398 1387 1359 1349
    1328 1292 1273 1264 1227 1210 1189 1177 1173 1173 1173 1173 1173
    1173 1173 1173 1177 1177 1181 1181 1181 1181 1181 1185 1185 1185
    1185 1185 1185 1185 1185 1185 0 0 1410 1398 1387 1359 1349 1322 1292
    1283 1264 1227 1210 1189 1177 1173 1169 1169 1169 1173 1169 1169
    1173 1177 1177 1177 1177 1177 1177 1181 1181 1181 1181 1181 1185
    1185 1181 1181 1185 0 0 1404 1398 1387 1365 1349 1322 1292 1283 1268
    1219 1210 1189 1177 1173 1169 1169 1169 1169 1169 1169 1169 1173
    1177 1177 1177 1177 1177 1177 1177 1177 1181 1181 1181 1181 1181
    1181 1185 0 0 1404 1392 1387 1381 1338 1322 1292 1283 1268 1219 1210
    1181 1173 1169 1165 1165 1165 1165 1165 1165 1169 1173 1173 1173
    1173 1173 1177 1177 1177 1177 1177 1177 1181 1181 1181 1181 1181 0 0
    1392 1392 1381 1376 1333 1317 1292 1278 1264 1219 1210 1181 1169
    1165 1165 1165 1165 1165 1165 1165 1165 1169 1169 1169 1169 1173
    1173 1173 1173 1173 1177 1177 1177 1177 1177 1177 1177 0 0 1387 1387
    1376 1370 1333 1292 1288 1278 1250 1223 1189 1177 1169 1165 1161
    1161 1161 1161 1161 1165 1165 1169 1169 1169 1169 1169 1173 1173
    1173 1173 1173 1173 1173 1173 1173 1173 1173 0 0 1381 1381 1370 1365
    1338 1292 1288 1273 1250 1227 1189 1173 1169 1161 1157 1157 1157
    1161 1161 1165 1165 1169 1169 1169 1169 1169 1169 1169 1169 1173
    1173 1173 1173 1173 1173 1173 1173 0 0 1381 1381 1370 1365 1343 1292
    1283 1264 1245 1227 1189 1169 1165 1161 1157 1157 1157 1157 1161
    1161 1161 1165 1165 1169 1169 1169 1169 1169 1169 1169 1169 1173
    1173 1173 1173 1173 1173 0 0 1370 1370 1370 1365 1343 1292 1283 1264
    1236 1232 1185 1169 1165 1157 1153 1153 1153 1157 1161 1161 1161
    1165 1165 1165 1169 1169 1169 1165 1165 1169 1169 1173 1173 1173
    1173 1173 1173 1173 0 0 1365 1365 1354 1343 1292 1283 1283 1236 1219
    1185 1169 1165 1157 1153 1153 1153 1153 1157 1161 1161 1161 1161
    1165 1165 1169 1169 1165 1165 1169 1169 1169 1169 1173 1173 1173
    1173 1173 0 0 1365 1365 1354 1338 1297 1288 1288 1236 1219 1210 1177
    1161 1157 1153 1153 1153 1153 1157 1157 1157 1161 1161 1161 1165
    1165 1161 1161 1165 1165 1169 1169 1169 1169 1169 1173 1173 1173 0
    1370 1359 1359 1349 1338 1297 1297 1241 1232 1214 1185 1177 1161
    1153 1153 1153 1149 1149 1153 1157 1157 1157 1157 1157 1157 1165
    1161 1161 1161 1165 1165 1165 1169 1169 1169 1169 1169 1169 1165
    1370 1370 1354 1349 1333 1302 1302 1241 1227 1214 1185 1173 1161
    1153 1149 1149 1149 1149 1153 1153 1153 1157 1157 1157 1157 1157
    1161 1161 1161 1161 1165 1165 1165 1165 1165 1165 1165 1165 1165
    1392 1359 1349 1343 1328 1307 1307 1241 1227 1214 1181 1169 1161
    1153 1149 1149 1149 1149 1149 1149 1153 1157 1157 1157 1157 1157
    1157 1157 1157 1161 1161 1161 1161 1161 1161 1161 1157 1157 1157
    1392 1354 1343 1338 1328 1307 1259 1245 1223 1189 1181 1169 1161
    1149 1149 1149 1145 1145 1149 1149 1149 1153 1153 1153 1153 1157
    1157 1157 1157 1157 1157 1157 1157 1157 1157 1157 1157 1157 1157
    1354 1354 1343 1338 1322 1288 1259 1250 1223 1189 1181 1169 1157
    1149 1145 1145 1145 1145 1149 1149 1149 1153 1153 1153 1153 1153
    1153 1153 1157 1157 1157 1157 1157 1157 1153 1153 1157 1157 1157
    1354 1354 1343 1338 1307 1278 1259 1250 1223 1189 1181 1169 1153
