<?xml version="1.0"?>
<opencv_storage>
<Depth14792 type_id="opencv-matrix">
  <rows>125</rows>
  <cols>51</cols>
  <dt>w</dt>
  <data>
    4041 4041 4041 4041 4041 4041 4041 3994 3994 3994 3994 4041 4041
    4041 3994 3994 3994 3994 4089 4041 4041 4041 4041 4041 843 839 839
    837 833 831 829 829 829 829 829 829 3903 3903 3903 3859 3859 3859
    3948 3948 3948 3903 3903 3994 3948 3903 3859 4041 4041 4089 4041
    4041 4041 4041 3994 3994 3994 3994 4041 4041 4041 4041 4041 4041
    4089 4089 4041 4041 4041 4041 4041 843 839 839 837 833 831 831 831
    829 829 829 829 0 4089 4089 4089 0 0 0 4041 4041 0 0 0 0 3903 3859
    4089 869 860 860 860 3994 4041 4041 3994 3994 3994 4041 4089 4041
    4041 4041 839 4089 4089 835 835 835 835 833 833 833 833 833 833 831
    829 829 829 829 829 829 833 0 0 0 0 0 0 0 0 0 0 0 0 995 3859 4139
    864 860 860 858 854 854 854 849 849 847 847 845 845 843 839 839 837
    837 835 835 835 835 833 829 829 831 831 829 827 825 823 823 823 829
    833 833 0 0 0 0 0 0 0 0 0 0 995 995 995 0 862 862 862 860 858 854
    854 854 849 849 847 847 845 845 843 839 839 837 837 835 835 835 835
    833 829 829 829 829 827 825 823 821 821 821 821 829 833 835 835 0 0
    0 0 0 0 0 0 995 995 995 0 0 862 862 860 858 854 854 854 851 849 847
    847 845 845 843 843 839 837 837 837 837 835 835 833 829 829 829 827
    823 823 821 821 821 821 821 825 829 835 835 0 0 0 0 0 0 0 992 992
    995 995 0 862 862 862 860 858 854 854 854 851 849 847 847 845 845
    843 843 841 839 839 837 837 835 833 831 829 829 829 827 823 823 821
    821 821 821 821 825 829 835 0 0 0 0 0 0 0 0 992 992 995 0 0 864 862
    862 860 858 854 854 854 851 851 849 847 845 845 843 843 841 839 839
    837 837 835 833 831 829 829 829 827 825 823 821 821 821 821 821 825
    825 0 0 0 0 0 0 0 0 989 989 992 995 0 0 864 862 862 860 858 856 854
    854 851 851 849 847 845 845 843 843 841 839 839 837 837 835 833 831
    831 829 829 827 825 823 821 821 821 821 821 825 854 856 0 0 0 0 0 0
    984 984 987 989 995 0 0 864 862 862 860 858 856 854 854 854 851 849
    847 847 845 845 843 841 839 839 837 837 835 833 831 831 829 829 827
    827 825 823 821 819 819 821 825 854 856 858 0 0 0 0 0 975 975 978
    987 995 0 0 864 862 862 860 860 858 856 854 854 851 851 849 847 847
    845 843 841 839 839 837 837 835 835 833 831 829 829 827 827 825 823
    821 819 819 821 854 854 856 858 0 0 0 0 975 975 975 978 984 995 0 0
    864 862 862 860 860 858 856 854 854 851 851 849 847 847 845 843 841
    839 839 839 837 837 835 835 833 829 829 827 827 825 823 823 819 819
    821 849 854 856 867 871 0 0 0 975 975 978 981 984 995 0 0 864 862
    862 860 860 858 856 854 854 851 851 849 847 847 845 843 841 841 841
    839 837 837 837 835 833 829 829 827 827 825 823 823 821 821 823 849
    854 860 867 871 871 0 0 975 975 981 989 995 1001 0 0 864 862 862 860
    860 858 856 854 854 851 851 849 847 847 845 843 843 841 841 839 839
    839 837 835 833 831 829 827 827 825 823 823 821 821 821 856 856 862
    871 875 889 0 975 975 975 975 992 995 1001 0 0 864 862 862 860 860
    858 858 854 854 854 851 849 847 847 845 843 843 843 839 839 839 839
    837 835 833 831 829 827 827 825 823 823 821 821 821 858 858 862 873
    887 889 889 0 973 973 975 984 998 1004 0 0 867 864 862 860 860 858
    858 856 854 854 854 849 849 847 845 845 843 841 839 839 837 837 837
    835 833 831 829 829 827 825 823 823 821 821 821 860 860 864 873 882
    891 891 0 973 973 975 984 984 0 0 0 867 864 862 862 860 860 858 856
    854 854 854 851 849 847 847 845 845 841 839 839 837 837 837 835 833
    831 829 829 827 825 823 823 821 821 821 860 860 862 871 880 889 889
    0 975 975 975 984 984 0 0 0 867 864 862 862 860 860 858 856 854 854
    854 851 849 847 847 845 845 843 841 839 839 837 837 835 833 831 831
    829 827 825 823 823 821 821 821 860 860 862 869 880 889 889 978 978
    978 978 984 987 0 0 0 867 864 864 862 860 860 858 856 854 854 854
    854 851 847 847 845 845 845 841 839 839 837 837 835 833 831 829 829
    827 825 823 823 821 821 823 847 858 864 869 880 880 880 978 978 978
    981 987 987 995 0 0 869 867 864 862 860 860 860 858 856 854 854 854
    851 847 847 845 845 845 841 839 839 837 837 835 833 831 829 829 827
    825 823 823 821 821 823 847 858 864 867 871 871 0 970 981 981 981
    989 992 995 0 0 867 867 864 862 862 860 860 860 856 854 854 854 851
    847 847 845 845 845 841 839 839 837 837 835 833 831 829 829 827 825
    823 823 823 823 823 843 860 864 867 871 871 918 970 970 970 981 989
    992 995 0 0 867 867 864 862 862 860 860 860 858 854 854 854 851 849
    847 847 845 845 843 839 839 839 837 835 833 831 829 829 827 825 823
    823 823 823 823 841 847 864 867 871 918 918 918 970 970 981 989 992
    995 0 0 860 864 864 862 862 860 860 860 858 856 856 854 851 851 849
    847 847 845 843 841 839 839 837 837 835 831 829 829 827 827 825 823
    823 823 823 839 847 867 871 873 918 918 920 920 989 987 987 995 995
    0 0 860 864 864 862 862 860 860 860 858 856 856 854 851 851 849 849
    847 845 843 841 839 839 837 837 835 831 831 829 827 827 825 825 825
    825 825 827 858 869 873 873 918 920 920 920 989 987 987 995 998 0 0
    867 867 867 864 862 862 860 860 858 856 856 854 851 851 849 849 847
    845 845 843 841 839 837 837 835 833 831 829 829 829 827 825 825 825
    825 827 858 869 873 873 923 920 920 920 989 987 987 998 1004 0 0 869
    869 867 864 862 862 860 860 858 856 856 854 854 851 849 849 847 845
    845 843 841 839 839 837 835 835 833 831 829 829 827 827 825 825 825
    827 856 869 873 873 910 920 920 920 989 989 989 1004 1013 0 0 869
    869 867 867 862 862 862 860 858 858 856 854 854 851 849 849 847 845
    845 845 841 839 839 837 837 835 833 831 829 829 829 827 825 825 825
    827 849 869 873 873 908 918 925 925 970 970 973 1007 1013 0 0 871
    869 867 867 862 862 862 860 860 858 858 854 854 851 851 849 847 847
    845 845 843 839 839 837 837 835 833 831 829 829 827 827 825 825 825
    833 849 849 880 885 887 918 928 935 970 970 973 1013 1013 0 0 871
    869 867 867 864 862 862 860 860 858 856 856 854 854 851 851 847 847
    845 845 843 841 839 837 837 835 833 829 829 829 827 827 825 825 825
    847 849 849 882 885 887 925 935 935 967 970 973 0 0 0 0 869 869 867
    864 862 862 862 860 860 858 856 856 854 854 851 851 847 847 845 845
    843 841 839 837 837 835 833 829 829 829 827 827 825 825 825 847 849
    849 882 885 887 928 933 938 967 970 973 998 0 0 0 869 869 867 864
    862 862 862 860 860 858 856 856 854 854 851 851 847 847 845 845 843
    841 841 837 837 833 831 831 829 827 827 827 825 825 825 847 849 849
    882 885 885 930 930 970 970 973 975 995 0 0 0 871 869 867 864 864
    862 862 862 860 858 856 856 854 854 851 849 847 847 845 845 843 841
    841 837 835 833 831 831 829 827 827 827 825 825 825 849 851 854 885
    882 882 928 928 928 984 984 989 995 998 0 0 869 869 867 864 864 862
    862 862 860 858 856 856 856 854 851 849 847 847 845 845 843 841 839
    837 835 833 831 831 829 827 827 827 825 825 827 849 849 856 882 882
    882 925 925 925 987 987 989 995 995 0 0 869 869 867 867 864 862 862
    860 860 858 856 856 856 854 851 849 849 847 845 845 843 841 839 837
    837 835 833 831 829 829 827 827 825 825 829 849 849 882 880 880 925
    925 925 970 970 987 989 995 995 0 0 869 869 869 867 864 862 862 860
    860 858 856 856 856 854 851 849 849 847 845 845 843 841 839 837 837
    835 833 831 829 829 829 827 827 827 829 843 845 882 880 880 925 925
    925 967 967 978 989 995 998 0 0 869 869 869 867 867 862 862 860 860
    858 858 856 856 854 851 849 847 847 845 845 845 843 839 837 837 837
    833 831 831 829 829 829 829 829 829 843 845 882 882 882 925 925 925
    967 967 978 987 995 995 0 0 869 869 869 869 867 864 862 860 860 858
    858 856 856 854 851 849 847 847 847 845 845 843 839 839 837 837 835
    831 831 829 829 829 829 829 829 847 847 856 856 928 928 925 925 967
    967 978 987 995 995 0 0 0 871 871 869 869 864 864 860 860 858 858
