<?xml version="1.0"?>
<opencv_storage>
<Depth19895 type_id="opencv-matrix">
  <rows>11</rows>
  <cols>11</cols>
  <dt>w</dt>
  <data>
    5460 5374 5291 5056 4708 4645 4645 4708 4774 4842 4911 5460 5374
    5210 4911 4708 4645 4645 4708 4708 4708 4774 5460 5291 5056 4911
    4708 4645 4645 4708 4708 4708 4708 5291 5132 4983 4842 4774 4708
    4708 4708 4708 4708 4708 5056 4983 4911 4842 4774 4774 4708 4708
    4645 4645 4645 4983 4983 4911 4842 4774 4774 4708 4708 4645 4645
    4645 4983 4983 4911 4842 4774 4774 4774 4708 4645 4645 4645 4983
    4983 4911 4911 4842 4774 4774 4708 4708 4645 4645 4911 4911 4911
    4911 4911 4842 4774 4708 4645 4645 4645 4842 4842 4842 4842 4842
    4842 4774 4708 4582 4582 4582 4774 4774 4842 4774 4774 4774 4774
    4645 4582 4582 4582</data></Depth19895>
</opencv_storage>
