<?xml version="1.0"?>
<opencv_storage>
<Depth17418 type_id="opencv-matrix">
  <rows>106</rows>
  <cols>74</cols>
  <dt>w</dt>
  <data>
    3208 3208 3208 3208 3238 3238 3238 3238 3238 3300 3300 3333 3333
    3333 3333 3333 3365 3365 3365 3399 3399 3433 3433 3468 3468 3503
    3503 3503 3503 3503 3503 867 867 864 862 862 862 862 3576 3653 3653
    3653 3692 3692 3692 3692 3692 3732 3732 3732 3732 3732 3732 3774
    3653 3653 3692 3692 3692 3692 3692 3653 3653 3614 3576 3539 3539
    3539 3539 3539 3503 3503 3468 3433 3208 3208 3208 3208 3238 3238
    3238 3269 3269 3269 3300 3333 3333 3333 3333 3365 3365 3365 3365
    3399 3399 3433 3468 3468 3468 3503 3503 3503 3503 3503 3503 864 864
    862 862 862 862 862 864 864 867 867 3732 3732 3732 3732 3732 3732
    3732 3732 3732 3732 3732 3774 3653 3653 3653 3653 3653 3653 3653
    3653 3653 3614 3576 3576 3539 3539 3539 3539 3503 3503 3468 3468
    3208 3208 3208 3208 3238 3238 3238 3269 3269 3269 923 913 903 901
    896 896 894 894 896 3399 882 878 875 873 873 3503 3503 3503 3503
    3503 3503 864 864 862 862 862 864 864 864 867 867 867 0 3774 3774
    3774 3732 3692 3692 3692 3732 3732 3732 3774 3774 3774 3774 0 0 0
    3653 3653 3653 3614 3576 3576 3576 3576 3539 3539 3503 3503 3468
    3468 3208 3208 3208 3208 3238 3238 3238 3269 3269 3300 913 910 903
    901 896 896 894 891 889 887 882 878 875 873 871 871 871 871 858 858
    858 858 860 860 860 860 862 864 864 867 867 867 869 889 889 3732
    3732 3692 3692 3692 3732 915 915 915 915 915 0 0 0 970 3653 3653
    3653 3614 3576 3576 3576 3576 3576 3539 3503 3503 3468 3468 3208
    3208 3208 3208 3238 3238 3238 3269 3269 908 908 903 903 901 896 896
    894 891 889 887 885 878 875 873 871 869 867 864 860 858 858 856 856
    854 851 851 854 854 862 862 867 869 869 889 889 889 896 896 908 913
    913 913 915 915 915 918 948 948 948 970 970 970 970 3653 3614 3614
    3614 1016 1016 3539 3539 3503 3503 3468 3208 3208 3178 3178 0 0 3178
    908 0 0 908 903 901 901 896 894 894 891 887 887 885 878 875 873 871
    869 867 864 860 858 854 851 851 849 849 849 849 854 854 858 867 869
    875 885 885 889 896 898 908 908 913 913 915 918 918 918 948 948 948
    951 959 962 964 967 987 995 1001 1007 1016 1022 1019 1019 3503 3503
    3208 3178 3178 3178 0 0 0 0 0 0 908 903 901 901 896 894 894 889 887
    885 885 878 875 873 871 867 864 862 860 858 854 851 851 849 849 849
    849 851 854 856 864 869 873 880 880 889 894 896 903 908 913 913 915
    918 918 930 938 946 948 951 954 962 964 967 984 989 995 1001 1007
    1010 1019 1019 1019 1019 3208 3178 3178 3178 0 0 0 0 0 0 908 903 901
    898 896 894 891 887 887 885 882 878 875 871 869 867 864 862 860 858
    854 851 851 849 849 849 849 851 854 856 864 869 873 880 880 887 894
    896 901 908 913 913 918 918 925 930 938 946 948 951 954 964 967 973
    978 987 992 998 1004 1010 1016 1019 1019 1019 3208 3178 3120 3120 0
    0 0 0 0 913 908 903 903 898 896 894 891 887 887 885 882 878 875 871
    869 867 864 862 860 856 854 851 849 849 849 849 849 854 854 858 864
    869 875 878 880 887 894 896 901 908 913 915 918 923 928 933 940 946
    948 951 956 962 970 973 978 987 992 998 1004 1007 1016 1022 1022
    1028 3208 3178 3120 3120 0 0 0 0 0 908 908 903 901 898 896 894 889
    887 887 885 882 878 873 871 869 867 864 862 860 856 854 851 849 849
    849 849 849 851 854 858 864 869 873 878 880 889 894 896 901 906 913
    915 918 923 928 933 940 946 948 951 956 962 970 975 978 987 992 998
    1004 1007 1013 1022 1025 1028 3208 3208 3208 0 0 0 0 0 0 906 906 903
    901 898 896 894 889 887 887 885 882 878 873 871 869 867 864 862 860
    858 854 851 849 849 849 849 849 851 854 858 867 871 873 878 880 891
    896 898 901 906 910 915 920 923 928 935 940 946 946 951 956 962 973
    978 978 987 995 1001 1004 1007 1010 1019 1022 1028 3208 3178 3178 0
    0 0 0 0 0 906 906 903 901 898 896 894 889 887 887 885 878 875 873
    871 869 867 864 862 860 858 856 851 851 849 849 849 849 854 854 860
    869 871 873 878 880 889 896 898 901 906 908 910 920 925 928 938 940
    946 946 951 956 970 975 978 978 984 998 1001 1004 1004 1010 1016
    1019 1028 3208 3178 3178 0 0 0 0 0 0 906 906 903 901 896 896 894 891
    887 887 885 878 875 873 871 869 867 864 862 860 858 856 854 849 849
    849 849 851 854 854 867 869 873 873 878 882 889 896 898 901 906 908
    908 923 928 933 938 940 946 946 948 959 973 975 978 978 984 998 1001
    1004 1004 1010 1016 1019 1028 3208 3208 3208 0 0 0 0 0 0 906 906 903
    901 896 896 894 891 887 885 882 878 875 873 871 869 867 864 860 860
    858 856 854 849 849 849 849 851 856 856 867 867 871 875 880 885 889
    896 898 903 906 908 908 923 928 933 938 940 946 946 948 959 973 978
    978 981 987 995 998 1004 1007 1013 1016 1019 0 3208 3208 3208 0 0 0
    0 0 0 906 906 903 901 896 894 894 891 887 885 882 878 875 873 871
    869 867 862 860 858 858 856 851 849 849 849 849 851 854 856 867 867
    871 878 882 885 889 896 898 903 908 910 918 925 928 933 935 943 946
    948 951 959 970 975 978 981 989 992 998 1004 1010 1013 1016 1019 0
    3208 3208 3208 0 0 0 0 0 0 906 906 903 901 896 894 894 891 887 885
    882 878 875 873 869 869 867 862 860 858 858 854 851 849 849 849 849
    854 854 856 867 869 871 878 880 882 889 896 901 906 908 913 918 925
    928 933 935 943 948 951 954 959 970 975 978 984 989 992 998 1004
    1010 1013 1016 1019 0 3208 3208 3208 0 0 0 0 0 913 906 903 903 901
    896 894 894 891 887 885 882 878 873 871 869 869 867 862 860 858 858
    854 851 849 849 849 849 854 854 858 867 869 871 878 880 882 889 896
    898 906 908 915 918 925 930 933 938 943 948 951 954 959 970 975 978
    984 989 992 998 1007 1013 1013 1019 1025 1025 3208 3208 3208 0 0 0 0
    0 913 908 903 901 898 896 894 894 891 887 885 882 878 873 871 869
    867 867 862 860 858 858 854 851 849 849 849 849 851 854 862 867 869
    873 878 880 885 889 896 898 906 910 915 918 925 930 933 938 943 948
    951 956 964 970 975 981 984 989 992 1001 1007 1013 1013 1019 1022 0
    3208 3178 3178 0 0 0 0 0 913 908 903 901 896 896 894 894 889 887 885
    885 878 873 871 869 867 864 862 860 860 858 854 851 847 847 849 849
    851 856 862 867 869 873 878 880 885 889 896 901 906 910 915 918 925
    930 935 938 946 948 951 956 967 970 975 981 984 989 992 1001 1007
    1013 1013 1016 1022 0 3208 3178 3178 0 0 0 0 920 915 908 903 901 896
    896 894 894 889 887 885 878 875 873 871 869 867 864 862 860 858 858
    854 849 847 847 847 851 856 856 862 867 871 873 878 880 885 891 898
    903 908 913 918 923 925 930 935 938 946 948 951 956 967 973 978 981
    984 989 998 1004 1007 1013 1013 1016 1022 0 3238 3208 3208 0 0 0 0
    920 915 906 903 901 896 896 894 891 889 887 885 878 875 875 871 869
    867 864 862 860 858 858 854 849 847 847 847 851 856 856 862 867 871
    873 878 880 887 894 898 901 906 913 918 923 928 930 935 940 946 948
    954 956 967 975 978 981 987 992 998 1004 1007 1013 1016 1016 1025 0
    3238 3208 3208 0 0 0 0 0 0 906 903 901 898 896 891 891 889 887 885
    878 875 875 871 869 867 864 862 860 858 858 856 847 847 847 847 851
    854 856 862 864 869 873 878 880 887 894 898 901 906 913 918 923 928
    930 935 940 946 948 954 962 970 975 978 984 989 992 998 1004 1007
    1010 1016 1019 1025 0 3238 3238 0 0 0 0 0 0 0 906 903 901 898 896
    891 889 889 887 885 878 875 875 871 869 867 864 862 860 858 856 854
    847 847 847 847 851 854 858 862 864 869 873 878 885 889 894 898 903
    906 910 915 923 928 933 938 940 946 948 948 964 970 975 978 984 989
    995 1001 1004 1007 1010 1016 1019 1025 0 3238 3208 3208 0 0 0 0 0
    906 903 903 901 898 894 891 889 887 887 885 878 875 873 871 869 867
    867 860 860 858 856 851 847 847 847 849 851 858 860 864 864 869 875
    880 885 887 894 898 903 908 910 915 923 928 933 938 943 946 948 948
    967 970 978 978 984 989 995 1001 1004 1007 1013 1016 1019 1025 0
    3208 3208 3208 0 0 0 0 0 906 903 901 901 896 894 891 889 887 885 885
    878 875 873 871 869 867 862 860 860 858 856 849 847 847 847 849 851
