<?xml version="1.0"?>
<opencv_storage>
<Depth9831 type_id="opencv-matrix">
  <rows>45</rows>
  <cols>100</cols>
  <dt>w</dt>
  <data>
    4911 4911 4911 4983 4983 1141 1141 1138 1138 1134 1134 1134 1138
    1138 1134 1134 4842 4842 4842 4842 4842 4842 4842 4842 4842 4842
    4842 4842 4774 4774 4774 4774 4774 4774 4774 4708 4708 4708 4708
    4708 4708 4708 4708 4708 4708 4645 4645 4582 4582 4645 4645 4582
    4582 4582 4582 4582 4522 4522 4522 4522 4522 4522 4522 4522 4582
    4582 3614 3614 3614 3614 3614 3614 3614 3576 3539 3539 0 0 0 0 0 0 0
    0 0 0 0 0 0 0 0 0 0 0 0 0 0 0 0 0 4911 4911 4911 4983 1145 1141 1138
    1138 1134 1134 1130 1130 1134 1134 1134 1130 1126 1126 1126 1126
    1126 1130 1130 1123 1123 4842 4842 4842 4842 4774 4774 4708 4708
    4774 4774 4774 4708 4708 4708 4708 4708 4708 4708 4708 4645 4645
    4645 4582 4582 4582 4582 4582 4582 4582 4582 4522 4522 4522 4522
    4522 4522 4522 4522 4522 4582 4582 3614 3614 3614 3614 3614 3576
    3576 3576 3576 3468 3468 0 0 0 0 0 0 0 0 0 0 0 0 0 0 0 0 0 0 0 0 0 0
    0 4911 4911 4911 1141 1141 1138 1138 1138 1134 1130 1130 1130 1130
    1130 1130 1126 1126 1126 1126 1126 1126 1126 1126 1123 1119 1119
    1119 1123 1123 4842 4774 4645 4645 4708 4708 4774 4708 4708 4708
    4708 4708 4708 4708 4708 4645 4645 4645 4582 4582 4582 4582 4582
    4582 4582 4582 4522 4522 4522 4522 4522 4522 4522 4582 4582 4582
    3614 3614 3614 3614 3614 3614 3576 3576 3576 3576 3468 3468 0 0 0 0
    0 0 0 0 0 0 0 0 0 0 0 0 0 0 0 0 0 0 0 4983 1153 1141 1141 1141 1138
    1134 1130 1130 1126 1126 1126 1126 1126 1126 1126 1123 1123 1123
    1123 1123 1126 1126 1123 1119 1119 1119 1119 1115 1115 1115 1115
    4645 1115 1115 1115 4774 4708 4708 4708 4774 4708 4708 4645 4645
    4645 4645 4645 4582 4582 4582 4582 4582 4582 4582 4522 4522 4522
    4522 4522 4522 4522 4522 4522 4582 3614 3614 3614 3614 3614 3614
    3576 3576 3576 3539 3468 3468 0 0 0 0 0 0 0 0 0 0 0 0 0 0 0 0 0 0 0
    0 0 0 0 4983 1153 1153 1141 1141 1134 1126 1126 1126 1126 1123 1123
    1123 1119 1119 1123 1119 1119 1115 1115 1119 1115 1115 1119 1115
    1115 1115 1119 1115 1112 1112 1112 1112 1112 1112 1112 1112 1112
    1108 1108 1105 1105 1105 1105 1105 4645 4645 4645 4645 4645 4645
    4582 4582 4522 4522 4522 4522 4522 4522 4522 4522 4522 4522 4522
    4522 3614 3614 3614 3614 3614 3614 3576 3576 3576 3539 3539 3539 0 0
    0 0 0 0 0 0 0 0 0 0 0 0 0 0 0 0 0 0 0 0 0 4983 1149 1149 1145 1138
    1134 1126 1123 1123 1123 1123 1119 1119 1119 1119 1119 1115 1115
    1112 1112 1115 1112 1112 1115 1112 1112 1112 1112 1112 1112 1112
    1112 1112 1112 1112 1108 1108 1108 1108 1105 1105 1105 1105 1105
    1101 1101 1101 1101 1101 1101 1101 1101 1101 1101 4522 4522 4522
    4522 4522 4522 4522 4522 4522 4522 3576 3576 3576 3614 3614 3614
    3614 3576 3576 3576 3539 3503 3503 0 0 0 0 0 0 0 0 0 0 0 0 0 0 0 0 0
    0 0 0 0 0 0 0 1149 1149 1145 1134 1126 1123 1123 1119 1119 1119 1115
    1115 1115 1115 1115 1115 1112 1112 1112 1112 1112 1112 1108 1108
    1108 1108 1108 1108 1108 1108 1108 1108 1108 1108 1105 1105 1105
    1105 1105 1105 1105 1105 1101 1101 1101 1101 1101 1101 1101 1101
    1101 1101 1101 1101 1101 1097 1097 1097 1094 1094 4522 4522 4522
    3576 3576 3576 3576 3576 3576 3614 3576 3576 3576 3539 3503 3503 0 0
    0 0 0 0 0 0 0 0 0 0 0 0 0 0 0 0 0 0 0 0 0 0 1153 1153 1123 1123 1123
    1123 1119 1115 1115 1115 1112 1112 1112 1112 1112 1112 1112 1108
    1108 1108 1108 1108 1108 1108 1105 1105 1105 1105 1101 1101 1105
    1101 1101 1101 1101 1101 1101 1101 1101 1097 1097 1097 1101 1101
    1101 1101 1101 1097 1097 1097 1097 1097 1097 1097 1097 1097 1094
    1094 1090 1090 1087 1087 1090 1094 3576 3576 3576 3576 3576 3614
    3576 3576 3576 3539 3503 3503 0 0 0 0 0 0 0 0 0 0 0 0 0 0 0 0 0 0 0
    0 0 0 0 0 1119 1119 1119 1119 1115 1115 1112 1112 1112 1112 1112
    1112 1108 1108 1108 1108 1108 1108 1108 1108 1108 1108 1105 1101
    1101 1101 1097 1097 1097 1097 1101 1097 1097 1097 1097 1097 1097
    1097 1097 1097 1097 1097 1097 1097 1097 1097 1097 1097 1097 1097
    1094 1094 1094 1094 1094 1094 1094 1090 1090 1087 1087 1087 1087
    1090 1090 1090 1090 1090 1087 1087 1087 3614 3433 3433 3539 3539 0 0
    0 0 0 0 0 0 0 0 0 0 0 0 0 0 0 0 0 0 0 0 0 0 1119 1119 1119 1119 1112
    1112 1108 1108 1108 1108 1105 1105 1105 1101 1101 1105 1101 1101
    1101 1101 1101 1101 1101 1101 1097 1097 1097 1097 1097 1097 1097
    1097 1097 1094 1094 1094 1094 1094 1094 1094 1094 1094 1094 1094
    1094 1094 1094 1090 1090 1094 1090 1090 1090 1090 1090 1090 1087
    1087 1087 1087 1087 1087 1087 1087 1087 1084 1084 1084 1084 1084
    1084 1084 1084 1084 1080 1080 1077 1073 1073 0 0 0 0 0 0 0 0 0 0 0 0
    0 0 0 0 0 0 0 0 0 1123 1123 1115 1112 1108 1105 1105 1105 1105 1105
    1101 1097 1097 1097 1097 1097 1097 1097 1097 1097 1097 1097 1097
    1097 1097 1097 1097 1097 1097 1094 1094 1094 1094 1094 1094 1090
    1090 1090 1090 1090 1090 1090 1090 1090 1090 1090 1090 1090 1090
    1090 1087 1087 1087 1087 1087 1087 1084 1084 1084 1084 1084 1084
    1084 1084 1084 1080 1080 1080 1080 1080 1080 1080 1080 1077 1077
    1077 1077 1073 1073 1080 1084 0 0 0 0 0 0 0 0 0 0 0 0 0 0 0 0 0 0
    1189 1189 1112 1112 1097 1097 1097 1101 1101 1101 1101 1097 1097
    1097 1097 1094 1094 1094 1094 1094 1094 1094 1094 1094 1094 1094
    1094 1094 1094 1094 1094 1094 1090 1090 1090 1087 1087 1084 1084
    1084 1084 1087 1087 1087 1087 1087 1087 1084 1084 1084 1084 1084
    1084 1084 1084 1084 1084 1084 1084 1080 1080 1080 1080 1077 1077
    1077 1077 1077 1077 1077 1077 1077 1077 1077 1077 1077 1077 1077
    1077 1077 1077 1077 1080 1073 1070 1067 1067 1070 1070 1077 1080
    1084 1080 1080 0 0 0 0 0 0 1189 1189 1185 1112 1094 1094 1094 1094
    1094 1094 1094 1097 1094 1094 1094 1094 1094 1094 1094 1094 1094
    1094 1094 1090 1090 1090 1090 1090 1087 1087 1087 1087 1084 1084
    1087 1084 1084 1084 1084 1080 1080 1080 1080 1084 1084 1084 1084
    1080 1080 1077 1077 1077 1080 1080 1080 1080 1080 1080 1080 1077
    1077 1073 1073 1073 1073 1073 1073 1073 1073 1073 1073 1073 1073
    1073 1073 1073 1073 1073 1073 1073 1073 1073 1070 1070 1070 1067
    1067 1070 1070 1077 1077 1077 1073 1073 1073 0 0 0 0 0 1189 1189
    1185 1185 1094 1087 1087 1087 1087 1087 1090 1090 1090 1087 1087
    1090 1090 1090 1087 1087 1090 1090 1090 1087 1087 1087 1084 1084
    1084 1084 1080 1080 1080 1080 1084 1084 1080 1080 1080 1077 1077
    1077 1077 1080 1080 1080 1080 1077 1077 1073 1073 1077 1077 1077
    1077 1077 1077 1077 1077 1073 1073 1073 1073 1073 1073 1073 1073
    1073 1073 1073 1073 1073 1070 1070 1070 1070 1070 1070 1070 1070
    1070 1070 1070 1070 1070 1067 1067 1067 1073 1073 1073 1073 1073
    1067 1067 1067 0 0 0 0 1185 1185 1185 1181 1087 1084 1084 1084 1084
    1084 1084 1084 1084 1084 1084 1084 1084 1080 1080 1084 1084 1084
    1084 1084 1084 1084 1084 1080 1080 1080 1077 1077 1077 1077 1077
    1080 1080 1077 1077 1073 1073 1073 1073 1077 1077 1077 1077 1073
    1073 1073 1073 1073 1073 1073 1073 1073 1073 1073 1073 1073 1070
    1070 1070 1070 1070 1070 1070 1070 1070 1070 1070 1070 1070 1067
    1067 1067 1070 1070 1067 1067 1067 1067 1067 1067 1067 1063 1063
    1063 1070 1070 1070 1070 1070 1067 1067 1067 0 0 0 0 1185 1185 1185
    1181 1084 1080 1077 1077 1077 1077 1077 1080 1080 1080 1080 1080
    1077 1077 1077 1077 1073 1073 1073 1080 1080 1077 1077 1077 1077
    1077 1073 1073 1073 1073 1073 1073 1073 1070 1070 1070 1070 1070
    1070 1073 1073 1073 1073 1073 1070 1070 1070 1070 1070 1070 1070
    1070 1070 1070 1070 1070 1067 1067 1067 1067 1067 1067 1067 1067
    1067 1067 1070 1063 1063 1063 1063 1067 1067 1067 1063 1063 1063
    1063 1063 1063 1063 1060 1060 1060 1063 1063 1067 1063 1063 1060
    1060 1063 0 0 0 0 1185 1185 1185 1181 1080 1080 1073 1073 1073 1073
    1073 1077 1077 1073 1073 1077 1077 1073 1073 1070 1070 1070 1070
    1070 1070 1070 1070 1070 1073 1073 1070 1070 1070 1070 1070 1070
