<?xml version="1.0"?>
<opencv_storage>
<Depth16419 type_id="opencv-matrix">
  <rows>114</rows>
  <cols>52</cols>
  <dt>w</dt>
  <data>
    2286 2301 2317 2333 1112 1097 1094 1090 1090 1090 1090 1041 1041
    1041 1025 1025 1025 0 0 0 0 0 0 0 0 0 0 0 0 0 0 0 0 3994 3994 3994
    4089 4139 4190 4190 4139 4139 4190 4190 4190 4190 4190 4241 4190
    4190 4190 4241 2286 2301 2301 1112 1112 1090 1090 1084 1084 1084
    1013 1038 1038 1034 1025 1019 1013 1013 0 0 0 0 0 0 0 0 0 0 0 0 0 0
    0 0 0 0 4190 4190 4190 4190 4190 4190 4190 4190 4190 4190 4190 4241
    4190 4190 4190 4190 2286 2301 2301 2301 1090 1090 1090 1084 1084
    1084 1013 1013 1007 1007 1025 1019 1013 1013 0 0 0 0 0 0 0 0 0 0 0 0
    0 0 0 0 0 0 948 954 4190 4190 4190 4190 4139 918 918 915 915 4241
    4190 4190 4190 4190 2301 2301 2301 0 1090 1090 1090 1087 1087 1087
    1013 1010 1004 1004 1028 1019 1019 0 0 0 0 0 0 0 0 0 0 0 0 0 0 0 0 0
    0 0 948 954 951 951 4190 4190 4139 913 910 910 913 4241 4190 4190
    4190 4405 2301 2301 0 0 1090 1090 1087 1080 1054 1054 1054 1007 1004
    973 970 964 964 0 0 0 0 0 0 0 0 0 0 0 0 0 0 0 0 0 967 948 948 954
    951 951 954 918 918 913 910 910 913 4241 4241 4241 4241 4405 2317
    2317 2286 2286 1090 1090 1087 1063 1054 1054 1054 1007 1001 973 964
    962 951 951 0 0 0 0 0 0 0 0 0 0 0 0 0 0 0 0 967 948 948 948 948 943
    925 918 918 913 910 910 908 908 908 903 903 4405 2317 2286 2286 2286
    0 1090 1087 1060 1054 1047 1047 1047 1001 1001 964 962 948 946 946 0
    0 0 0 0 889 889 889 887 887 887 887 889 889 891 891 894 896 896 898
    938 925 913 910 910 908 908 908 906 903 903 903 906 2301 2286 2286 0
    0 1090 1087 1060 1054 1047 1047 1047 1001 1001 964 962 948 940 940
    913 898 896 889 889 887 887 889 887 887 887 887 889 889 891 891 894
    896 896 898 898 898 898 906 906 906 906 906 906 903 903 903 906 2286
    2286 2286 0 0 1087 1077 1063 1054 1044 1034 1010 992 992 967 964 951
    940 940 898 896 894 889 887 885 885 887 887 887 887 887 889 889 891
    894 896 896 896 896 896 898 898 903 903 906 906 906 906 903 903 903
    906 2286 2286 0 0 0 1087 1077 1063 1050 1044 1034 1010 989 981 967
    962 951 938 928 898 896 891 889 887 885 885 887 887 889 889 889 889
    889 891 894 896 896 896 896 896 898 898 903 903 906 906 906 906 906
    908 908 908 0 2333 1087 0 0 1087 1084 1063 1050 1041 1034 1016 987
    978 967 962 951 933 925 920 896 891 889 887 885 885 887 887 889 889
    889 889 891 891 896 896 896 896 896 898 898 901 903 903 906 906 908
    908 908 908 908 910 0 0 0 0 0 1090 1087 1063 1054 1041 1034 1031 987
    978 970 956 948 933 925 920 896 891 889 887 885 885 887 887 889 889
    889 891 891 894 896 896 896 898 898 898 898 898 903 903 906 906 908
    908 908 910 910 910 0 0 0 0 0 1090 1087 1063 1047 1041 1034 1031 987
    978 970 956 948 930 925 920 898 891 889 887 887 887 887 887 889 889
    889 891 891 896 896 896 896 898 898 898 898 898 903 903 906 906 908
    908 910 910 910 910 0 2317 0 0 0 1094 1090 1063 1047 1038 1034 1031
    987 978 973 959 951 930 918 908 898 891 889 887 887 887 887 889 889
    889 889 891 891 894 896 896 896 898 898 898 901 901 903 903 906 906
    908 908 910 910 910 908 2317 0 0 0 1105 1097 1094 1060 1047 1038
    1025 1013 989 978 973 956 951 933 915 908 898 891 889 887 887 887
    887 889 889 889 891 891 891 894 896 896 896 898 898 901 901 901 903
    903 906 906 908 908 910 910 910 908 2317 2333 0 0 1105 1101 1077
    1057 1047 1038 1022 1013 992 981 967 956 951 938 915 906 898 894 889
    889 889 889 889 889 891 891 891 891 891 894 896 896 898 898 901 901
    901 903 906 906 906 906 908 908 910 913 910 910 2317 2333 0 0 1105
    1097 1073 1057 1047 1038 1022 1013 1007 987 964 954 948 938 915 906
    898 894 889 889 889 889 889 891 894 894 894 894 894 896 896 898 898
    898 901 901 903 903 906 906 906 908 908 910 913 913 910 910 2333
    2333 2333 1101 1101 1094 1073 1057 1047 1034 1025 1016 1007 989 964
    954 948 938 918 908 898 896 889 889 889 889 891 891 894 894 894 894
    894 896 896 898 898 901 901 903 903 906 906 906 908 908 908 910 913
    913 913 913 2349 2349 0 1101 1101 1094 1080 1070 1050 1034 1025 1007
    1004 975 967 956 948 948 920 908 896 894 889 889 889 891 891 894 894
    894 894 896 896 896 898 898 898 903 903 906 906 906 906 906 908 908
    908 910 913 915 913 913 2381 2381 1101 1101 1101 1097 1080 1067 1050
    1038 1025 1004 1001 975 967 959 946 940 920 908 896 894 889 889 889
    889 891 894 894 894 894 896 896 896 898 898 898 903 903 906 906 906
    906 906 908 908 908 910 913 915 913 913 2381 2381 1101 1101 1097
    1090 1080 1067 1050 1044 1044 1004 1001 978 967 956 946 933 923 906
    898 894 889 889 889 889 891 891 894 894 894 896 896 898 898 898 901
    903 903 903 903 906 906 908 908 908 910 910 913 915 913 913 2381
    2381 1097 1097 1097 1090 1080 1067 1050 1038 1025 1004 1001 978 967
    951 943 933 923 906 898 896 891 889 889 889 889 891 894 894 894 896
    896 898 898 898 901 903 903 903 903 906 906 908 908 910 910 913 913
    915 913 913 2398 0 1094 1094 1094 1090 1080 1070 1054 1038 1022 1010
    1001 989 989 948 943 933 923 906 898 896 889 889 889 889 889 891 894
    894 896 896 898 898 898 901 903 903 906 906 906 906 906 908 908 910
    913 913 913 915 913 913 2415 0 1094 1094 1094 1090 1084 1070 1047
    1038 1019 1013 1004 995 987 948 943 930 920 906 898 896 889 889 889
    891 891 894 894 894 896 896 898 898 898 901 903 903 906 906 906 906
    906 908 910 910 913 913 915 915 915 915 2415 2415 1094 1094 1094
    1090 1080 1073 1047 1038 1019 1013 992 989 984 948 943 928 918 906
    898 896 889 889 889 891 894 894 894 894 896 898 898 898 901 903 903
    906 906 906 906 908 908 908 910 910 913 913 915 915 915 915 2415
    2415 1097 1097 1097 1090 1080 1070 1070 1038 1019 1013 992 989 967
    948 946 928 918 908 901 896 891 889 889 891 894 896 896 896 896 898
    898 898 901 903 906 906 906 906 906 908 908 910 910 910 913 915 915
    915 915 915 2415 2415 0 1094 1094 1090 1080 1070 1050 1034 1022 1013
    995 978 967 948 946 930 918 906 901 896 891 891 891 891 894 896 896
    896 896 898 898 901 903 903 906 906 906 906 908 908 908 908 910 910
    913 915 915 915 915 915 2415 2415 0 1094 1094 1087 1080 1070 1050
    1034 1022 1013 995 978 967 948 946 933 920 906 898 896 894 891 891
    894 894 896 896 896 896 898 901 901 903 903 906 906 906 906 908 908
    908 908 910 910 913 918 918 915 915 915 2415 2415 1119 1097 1097
    1087 1077 1067 1060 1060 1022 1016 995 978 970 948 946 933 923 906
    898 896 894 891 891 894 896 896 898 898 898 901 901 901 903 906 906
    906 906 908 908 908 908 910 910 913 915 918 918 915 915 915 2450
    2450 1119 1119 1097 1087 1077 1067 1060 1060 1022 1013 995 984 967
    948 946 923 915 910 898 896 894 894 894 896 896 898 898 898 898 901
    901 901 903 906 906 906 908 908 908 908 908 910 910 913 915 918 918
    918 918 918 2467 0 1115 1115 1101 1087 1077 1067 1063 1063 1019 1013
    998 987 967 946 943 923 915 910 903 898 894 894 894 896 896 896 898
    898 898 901 901 903 903 906 906 906 908 908 908 908 910 910 910 913
    915 918 918 918 918 918 2485 0 1105 1105 1101 1090 1084 1067 1067
    1031 1019 1013 995 987 967 946 943 925 915 910 903 898 896 894 894
    896 896 896 898 898 901 903 903 903 906 906 906 906 908 908 910 910
    913 913 913 913 915 915 918 918 918 918 2485 0 1105 1105 1097 1094
    1087 1077 1077 1028 1019 1004 995 984 964 956 943 925 915 910 906
    896 896 894 894 896 898 898 898 898 901 903 903 906 906 906 906 908
    908 908 910 910 913 913 913 913 915 915 918 918 918 918 0 0 0 1105
    1097 1090 1087 1077 1041 1028 1022 1001 998 984 964 956 943 925 918
    910 901 896 896 896 896 898 898 898 898 898 901 903 903 906 906 906
    906 908 908 910 910 913 913 913 913 913 915 915 918 918 918 918 0 0
    0 1105 1094 1090 1084 1063 1041 1028 1022 1001 998 998 970 956 946
    928 918 910 898 896 896 896 896 896 898 898 898 901 903 903 903 906
