<?xml version="1.0"?>
<opencv_storage>
<Depth11347 type_id="opencv-matrix">
  <rows>15</rows>
  <cols>6</cols>
  <dt>w</dt>
  <data>
    7835 7835 7835 7660 7660 7835 7492 7492 7660 7660 7835 7660 7492
    7492 7660 7660 7835 7492 7492 7492 7660 7660 7660 7492 7660 7660
    7660 7660 7660 7492 7835 7660 7660 7660 7660 7492 7660 7660 7660
    7660 7660 7660 7660 7660 7660 7660 7660 7660 7660 7660 7660 7660
    7660 7660 7492 7492 7660 7660 7660 7660 7492 7492 7660 7660 7660
    7178 7332 7492 7660 7660 7492 7178 7332 7492 7660 7492 7332 6753
    7492 7492 7492 7332 7178 6753 7332 7332 7492 7332 7178 6753</data></Depth11347>
</opencv_storage>
