<?xml version="1.0"?>
<opencv_storage>
<Depth19984 type_id="opencv-matrix">
  <rows>8</rows>
  <cols>21</cols>
  <dt>w</dt>
  <data>
    6497 5548 5548 5640 5640 5640 5640 5734 5734 5734 5640 5640 5640
    5640 5640 5640 5640 5640 5548 5548 5640 5548 5548 5548 5548 5548
    5548 5640 5640 5734 5640 5640 5640 5640 5640 5640 5640 5640 5548
    5548 5548 5548 5548 5548 5548 5548 5548 5548 5548 5640 5640 5640
    5640 5640 5640 5640 5640 5640 5640 5548 5548 5548 5548 5548 5548
    5548 5548 5548 5548 5548 5640 5640 5640 5640 5640 5640 5640 5640
    5640 5640 5640 5548 5548 5548 5548 5548 5548 5548 5548 5548 5548
    5640 5640 5640 5640 5640 5548 5548 5548 5548 5640 5640 5548 5548 0
    5640 5640 5548 5548 5548 5548 5548 5640 5640 5640 5640 5640 5548
    5548 5548 5548 5640 5640 0 0 0 5548 5548 5640 5640 5548 5548 5548
    5640 5640 5640 5640 5640 5548 5548 5548 5548 5640 0 0 0 0 5548 5548
    5640 5640 5548 5548 5548 5640 5640 5832 5832 6497 6497 5640 5640
    5640 5640 5640 0 0 0</data></Depth19984>
</opencv_storage>
