<?xml version="1.0"?>
<opencv_storage>
<Depth12475 type_id="opencv-matrix">
  <rows>6</rows>
  <cols>21</cols>
  <dt>w</dt>
  <data>
    7332 7492 7492 7492 6038 6038 6146 5933 5933 5933 5933 5933 6038
    5933 5832 5832 5832 5933 5933 5933 5933 5933 5933 5933 5933 5933
    5933 6038 5933 5933 5832 5832 5933 5933 5933 5832 5832 5832 5933
    5933 5832 5832 5933 5933 5933 5933 5933 5933 6038 5933 5933 5832
    5832 5933 5933 5933 5933 5933 5933 5933 5933 5832 5832 5832 5832
    5933 5933 5933 5933 6038 6038 6038 6038 5933 5933 5933 5933 5933
    5933 5933 5933 5933 5933 5933 5832 5832 5832 5933 5933 6038 6038
    5933 5933 6038 6038 6038 5933 5933 6038 6038 6038 5933 5933 5933
    5832 5832 5832 5832 5933 5933 6038 6038 5933 5933 6038 6038 6038
    6038 6038 6038 6038 6038 5933 5933 5832 5832</data></Depth12475>
</opencv_storage>
