<?xml version="1.0"?>
<opencv_storage>
<Depth4042 type_id="opencv-matrix">
  <rows>35</rows>
  <cols>5</cols>
  <dt>w</dt>
  <data>
    4983 4842 4774 4708 4645 4983 4842 4774 4708 4708 4983 4983 4842
    4708 4708 4983 4911 4842 4708 4708 4983 4911 4842 4708 4708 4983
    4911 4842 4708 4708 4983 4911 4842 4708 4708 4983 4911 4842 4708
    4708 4983 4911 4842 4708 4708 4983 4983 4842 4842 4708 4983 4983
    4842 4842 4774 4983 4983 4911 4842 4774 4983 4983 4911 4842 4842
    4983 4983 4911 4911 4842 4983 4911 4911 4911 4911 4983 4911 4911
    4911 4911 4983 4911 4911 4911 4983 4983 4911 4911 4911 4983 4983
    4983 4983 4983 4983 5056 4983 4983 4983 4911 5132 5056 4983 4983
    4911 5132 4983 4983 4983 4911 5056 4983 4983 4983 4911 5056 4983
    4983 4983 4911 5056 4983 4983 4983 4983 5132 4983 4983 4983 4911
    5132 5056 5056 4983 4911 5056 5056 4983 4983 4983 5056 5056 4983
    4983 4983 5056 4983 4983 4983 4983 5056 4983 4983 4983 4983 5056
    5056 4983 4983 4911 5056 4983 4983 4983 4911 5056 4983 4983 4983
    4911 5056 4983 4983 4983 4911</data></Depth4042>
</opencv_storage>
