<?xml version="1.0"?>
<opencv_storage>
<Depth2776 type_id="opencv-matrix">
  <rows>40</rows>
  <cols>21</cols>
  <dt>w</dt>
  <data>
    4983 4983 4983 4983 5056 5056 5056 2560 2560 2541 2541 2541 2560
    2560 4842 4774 4708 4708 4708 4708 4708 4983 4911 4911 4911 4911
    2659 2618 2560 2560 2541 2541 2541 2541 2541 2541 4774 4708 2579
    2579 4708 4708 4983 4911 4911 4911 4911 2659 2618 2598 2560 2541
    2541 2541 2541 2541 2560 2560 2560 2560 2560 2560 4774 4911 4911
    4911 4911 2659 2659 2618 2560 2560 2541 2541 2541 2541 2541 2541
    2560 2560 2560 2541 2541 4774 4911 4911 4911 2659 2659 2639 2618
    2560 2541 2541 2522 2522 2541 2541 2541 2560 2541 2541 2541 2541
    4708 4911 2744 2723 2659 2659 2639 2618 2560 2541 2541 2522 2522
    2541 2541 2541 2560 2541 2541 2541 2541 4645 2767 2744 2723 2680
    2659 2639 2598 2560 2541 2522 2522 2541 2560 2560 2541 2541 2541
    2541 2541 2541 4645 2767 2767 2723 2680 2659 2639 2598 2560 2541
    2522 2522 2541 2560 2541 2541 2541 2541 2541 2541 2541 4708 2767
    2744 2723 2701 2659 2639 2598 2560 2541 2541 2541 2541 2560 2541
    2541 2541 2541 2541 2541 2541 4645 2744 2723 2701 2680 2659 2639
    2579 2560 2541 2541 2541 2541 2541 2541 2541 2541 2541 2541 2541
    2560 4645 2723 2723 2701 2659 2639 2618 2579 2560 2560 2541 2541
    2541 2541 2541 2541 2541 2541 2541 2541 2541 4645 2723 2723 2701
    2659 2639 2618 2579 2560 2560 2541 2541 2541 2541 2541 2541 2541
    2522 2522 2541 2541 4645 4911 2723 2701 2659 2659 2618 2579 2560
    2541 2541 2541 2541 2541 2541 2541 2541 2522 2522 2541 2541 2560
    4911 2723 2701 2659 2659 2618 2579 2560 2541 2541 2541 2541 2541
    2541 2541 2541 2541 2541 2541 2541 2541 4983 2723 2701 2680 2659
    2618 2579 2560 2541 2522 2522 2541 2541 2541 2541 2541 2541 2541
    2541 2541 2541 4983 2723 2701 2680 2680 2618 2579 2560 2541 2522
    2522 2522 2522 2541 2541 2541 2541 2541 2541 2541 2541 4983 2744
    2723 2680 2659 2618 2579 2560 2541 2522 2522 2522 2522 2541 2541
    2560 2560 2541 2541 2541 2541 4911 2723 2701 2680 2659 2618 2598
    2560 2541 2541 2541 2522 2522 2541 2541 2541 2560 2560 2541 2541
    2541 4842 2723 2701 2680 2659 2618 2598 2560 2541 2541 2541 2522
    2522 2541 2541 2541 2541 2541 2541 2522 2522 4842 2744 2723 2680
    2659 2618 2598 2579 2560 2541 2541 2541 2541 2541 2541 2541 2541
    2541 2541 2522 2522 4911 2744 2723 2680 2639 2618 2598 2579 2560
    2541 2541 2541 2541 2541 2541 2541 2541 2541 2541 2522 2522 4911
    2744 2723 2680 2639 2618 2598 2579 2560 2541 2541 2541 2522 2522
    2541 2541 2541 2541 2541 2541 2541 4983 2744 2723 2701 2659 2618
    2579 2579 2560 2541 2541 2522 2522 2522 2522 2541 2560 2560 2560
    2560 4645 4911 2723 2723 2701 2659 2618 2579 2579 2560 2541 2541
    2522 2522 2522 2522 2541 2560 2560 2560 2560 4645 4911 2723 2723
    2701 2659 2639 2598 2579 2560 2541 2541 2541 2522 2522 2522 2541
    2541 2541 2560 2560 4645 2767 2723 2723 2701 2659 2618 2598 2579
    2560 2541 2522 2522 2541 2541 2541 2541 2541 2541 2560 2541 2541
    2767 2723 2701 2680 2659 2618 2598 2579 2560 2541 2522 2522 2541
    2541 2541 2560 2541 2541 2541 2541 2541 2789 2744 2701 2659 2659
    2639 2598 2579 2560 2541 2522 2522 2522 2541 2541 2541 2541 2541
    2541 2522 2522 4983 2723 2723 2659 2659 2618 2579 2560 2541 2541
    2522 2522 2522 2541 2541 2541 2541 2541 2541 2522 2522 4983 2723
    2723 2659 2639 2618 2579 2560 2541 2541 2541 2541 2541 2541 2541
    2541 2541 2541 2541 2541 2541 5132 2744 2723 2659 2639 2618 2579
    2560 2560 2541 2541 2541 2541 2541 2541 2541 2541 2541 2560 2560
    2560 4983 2744 2723 2659 2659 2618 2598 2560 2560 2541 2541 2541
    2541 2541 2541 2541 2560 2541 2541 2560 2560 4911 2744 2723 2680
    2659 2618 2598 2579 2560 2560 2560 2541 2541 2541 2541 2541 2560
    2541 2541 2560 2560 4911 2744 2744 2680 2659 2639 2598 2579 2579
    2560 2560 2541 2541 2541 2541 2541 2560 2560 2560 2560 2560 4842
    2744 2744 2680 2659 2639 2598 2579 2560 2560 2541 2541 2541 2541
    2541 2541 2560 2560 2560 2560 2560 4842 2744 2744 2723 2659 2639
    2598 2579 2560 2560 2541 2541 2541 2541 2541 2541 2560 2560 2560
    2560 2560 4911 2744 2744 2723 2659 2639 2598 2579 2579 2560 2560
    2541 2541 2541 2541 2541 2560 2560 2541 2541 2541 4842 2744 2744
    2680 2659 2659 2618 2579 2579 2560 2560 2541 2541 2541 2541 2541
    2560 2560 2541 2541 2541 4842 2744 2744 2659 2659 2639 2618 2579
    2579 2560 2560 2541 2541 2522 2522 2541 2560 2560 2560 2541 2541
    4911 4911 4911 2659 2659 2639 2598 2598 2598 2579 2579 2541 2541
    2522 2522 2541 2560 2560 2560 2560 2560</data></Depth2776>
</opencv_storage>
