<?xml version="1.0"?>
<opencv_storage>
<Depth6003 type_id="opencv-matrix">
  <rows>71</rows>
  <cols>43</cols>
  <dt>w</dt>
  <data>
    4522 4522 4522 4522 4463 4463 4463 1427 1427 1421 1421 1421 1415
    1415 1410 1410 1410 1415 1415 1421 1410 1410 4405 4405 4405 4405
    4405 4349 4349 4349 4349 4349 4349 4349 4349 4349 4349 4349 4405
    4349 4349 4349 4349 4522 4522 4522 4522 4522 1433 1433 1427 1427
    1421 1421 1421 1415 1410 1410 1410 1410 1415 1415 1421 1410 1410
    1410 4405 4405 4405 4405 4349 4349 4349 4349 4349 4349 4349 4349
    4349 4349 4349 4349 4349 4349 4349 4349 4582 4582 1427 1427 1427
    1433 1433 1433 1433 1427 1421 1415 1415 1410 1410 1410 1410 1410
    1415 1421 1427 1433 1433 4405 4405 4405 4405 4349 4349 4349 4349
    4349 4349 4349 4349 4349 4349 4349 4349 4349 4349 4349 4349 1452
    1439 1439 1427 1427 1433 1433 1433 1433 1421 1415 1415 1410 1410
    1410 1410 1410 1410 1410 1415 1427 1433 1433 1433 4405 4405 4349
    4295 4295 4349 4349 4349 4349 4349 4349 4349 4349 4349 4349 4349
    4349 4349 4349 1452 1439 1439 1433 1433 1433 1433 1433 1433 1421
    1415 1410 1410 1410 1404 1404 1404 1410 1410 1415 1427 1433 1433
    1464 1464 1464 4349 4295 4295 4295 4295 4349 4349 4349 4349 4349
    4349 4349 4349 4349 4349 4349 4349 1452 1439 1439 1439 1433 1433
    1427 1427 1427 1415 1415 1410 1410 1404 1404 1404 1404 1404 1410
    1415 1421 1433 1439 1458 1464 1464 4295 4295 4295 4295 4295 4295
    4349 4349 4349 4295 4295 4295 4349 4405 4349 4349 4349 1452 1439
    1439 1439 1433 1433 1427 1421 1415 1415 1415 1410 1410 1404 1404
    1398 1398 1398 1404 1410 1421 1427 1433 1452 1470 1483 1483 4349
    4349 4190 4190 4295 4349 4349 4349 4295 4295 4295 4349 4295 4295
    4349 4349 1439 1439 1439 1433 1433 1433 1427 1421 1415 1415 1410
    1410 1410 1404 1398 1398 1392 1392 1392 1404 1427 1427 1433 1452
    1470 1483 1496 1503 1509 4190 4190 4295 4349 4349 4349 4295 4241
    4241 4295 4295 4295 4295 4295 1439 1439 1433 1433 1433 1427 1421
    1415 1415 1415 1410 1410 1410 1404 1398 1392 1392 1392 1392 1392
    1415 1421 1421 1445 1464 1489 1496 1503 1509 1509 4349 4349 4295
    4295 4295 4241 4241 4241 4295 4295 4295 4295 4295 1433 1433 1433
    1433 1433 1427 1421 1415 1415 1410 1410 1410 1404 1398 1398 1392
    1392 1392 1392 1392 1415 1421 1421 1445 1464 1483 1496 1496 1503
    1557 1564 1564 4295 4295 4295 4241 4241 4241 4295 4295 4295 4295
    4295 1433 1433 1433 1433 1433 1421 1415 1415 1415 1410 1410 1410
    1404 1398 1392 1392 1392 1387 1387 1392 1415 1421 1421 1439 1458
    1483 1483 1496 1503 1536 1557 1557 1557 1572 4349 4241 4241 4241
    4295 4295 4295 4295 4295 0 1427 1427 1433 1433 1415 1415 1410 1410
    1410 1410 1404 1398 1398 1392 1392 1387 1387 1387 1392 1410 1421
    1421 1433 1458 1477 1483 1489 1503 1523 1550 1557 1557 1572 1572
    4241 4241 4241 4295 4295 4295 4241 4241 1421 1421 1427 1433 1427
    1415 1415 1410 1410 1410 1410 1404 1398 1398 1392 1392 1387 1387
    1387 1392 1410 1415 1421 1427 1452 1458 1483 1489 1503 1523 1543
    1557 1557 1564 1564 1564 4349 4295 4295 4295 4295 4241 4241 1421
    1421 1427 1427 1415 1415 1415 1410 1410 1410 1410 1404 1398 1398
    1392 1392 1387 1387 1387 1392 1404 1415 1421 1421 1445 1458 1483
    1489 1503 1516 1536 1550 1557 1564 1564 1564 4241 4241 4295 4295
    4295 4241 4241 1427 1427 1427 1427 1415 1415 1410 1410 1410 1410
    1404 1398 1398 1392 1392 1387 1387 1381 1381 1392 1404 1410 1415
    1421 1439 1452 1470 1483 1496 1509 1536 1550 1557 1564 1564 4241
    4241 4241 4241 4241 4241 4241 4241 1433 1433 1433 1421 1415 1415
    1410 1410 1410 1404 1398 1398 1392 1392 1392 1387 1387 1381 1381
    1387 1398 1404 1415 1427 1433 1445 1470 1483 1496 1503 1529 1543
    1550 1564 1572 1572 4241 4241 4241 4241 4241 4241 4241 1433 1433
    1427 1421 1415 1410 1410 1410 1404 1398 1392 1392 1392 1392 1387
    1387 1381 1381 1381 1387 1392 1404 1415 1427 1433 1439 1464 1483
    1483 1496 1523 1543 1550 1564 1572 1572 4241 4241 4241 4241 4190
    4190 4190 1427 1427 1427 1415 1415 1410 1410 1410 1404 1398 1392
    1392 1392 1387 1387 1387 1376 1376 1376 1376 1387 1387 1415 1427
    1433 1439 1458 1483 1483 1496 1516 1536 1543 1564 1572 1586 1586
    4295 4241 4241 4190 4190 4190 1415 1415 1415 1415 1410 1410 1410
    1404 1404 1398 1392 1392 1392 1387 1387 1381 1376 1376 1376 1376
    1381 1381 1410 1427 1433 1433 1445 1477 1483 1483 1503 1529 1536
    1557 1564 1579 1579 4241 4241 4241 4190 4190 4190 1415 1415 1415
    1415 1410 1410 1410 1404 1404 1398 1392 1392 1387 1387 1387 1376
    1370 1370 1370 1370 1376 1376 1410 1421 1427 1433 1445 1470 1483
    1483 1496 1523 1536 1550 1564 1572 1572 4241 4241 4241 4190 4190
    4190 1410 1410 1415 1415 1410 1410 1404 1404 1398 1398 1392 1392
    1387 1387 1381 1376 1370 1370 1370 1370 1376 1376 1398 1415 1427
    1427 1439 1458 1470 1477 1496 1516 1529 1536 1557 1564 1564 4241
    4241 4241 4190 4190 4190 1410 1410 1410 1410 1410 1404 1404 1398
    1392 1392 1392 1387 1387 1387 1381 1376 1370 1370 1370 1370 1376
    1381 1398 1404 1421 1421 1439 1452 1464 1477 1496 1516 1529 1536
    1557 1564 1564 4190 4190 4190 4241 4241 4190 1410 1410 1410 1410
    1404 1398 1398 1392 1392 1387 1387 1387 1387 1387 1381 1376 1370
    1370 1370 1370 1370 1381 1392 1398 1415 1421 1433 1452 1464 1470
    1489 1503 1529 1536 1557 1564 1572 1572 4190 4190 4241 4241 4190
    1415 1410 1410 1410 1404 1398 1392 1392 1387 1387 1387 1387 1381
    1376 1376 1370 1370 1365 1365 1365 1370 1376 1387 1392 1404 1415
    1427 1452 1464 1464 1483 1503 1523 1543 1550 1564 1564 1564 4241
    4241 4241 4241 4190 1410 1410 1410 1410 1404 1398 1392 1392 1387
    1387 1387 1381 1376 1376 1376 1370 1365 1365 1365 1365 1365 1370
    1387 1392 1398 1415 1421 1452 1464 1464 1477 1503 1523 1543 1550
    1564 1564 1564 4241 4241 4241 4241 4190 1410 1410 1404 1404 1404
    1392 1392 1387 1387 1387 1381 1381 1376 1370 1370 1370 1365 1365
    1365 1365 1365 1370 1376 1387 1392 1404 1421 1445 1458 1464 1464
    1496 1516 1536 1543 1557 1564 1564 4241 4241 4241 4241 4190 1410
    1410 1404 1404 1404 1392 1392 1387 1387 1387 1381 1381 1376 1370
    1370 1365 1365 1354 1354 1359 1365 1370 1376 1381 1392 1404 1421
    1439 1452 1464 1464 1483 1509 1523 1529 1550 1557 1557 4241 4241
    4190 4190 4190 1410 1410 1398 1398 1392 1392 1392 1387 1381 1381
    1381 1376 1376 1370 1370 1365 1359 1349 1349 1359 1365 1365 1370
    1376 1392 1404 1421 1439 1445 1464 1464 1483 1503 1516 1523 1543
    1550 1557 1557 4241 4190 4190 4190 0 1410 1398 1398 1392 1387 1387
    1387 1381 1381 1376 1376 1376 1370 1365 1359 1359 1349 1349 1354
    1359 1365 1370 1376 1392 1398 1415 1433 1445 1458 1464 1483 1496
    1516 1523 1543 1543 1550 1550 4241 4241 4190 4190 0 1398 1398 1392
    1392 1387 1387 1387 1381 1381 1376 1376 1376 1370 1365 1359 1359
    1354 1354 1354 1354 1359 1365 1376 1387 1398 1404 1433 1439 1458
    1464 1477 1489 1509 1516 1536 1543 1550 1550 4241 4241 4241 4190 0
    1392 1392 1392 1387 1387 1387 1381 1381 1381 1376 1376 1370 1365
    1365 1359 1359 1354 1354 1349 1349 1359 1359 1376 1387 1392 1398
    1415 1433 1452 1464 1477 1489 1496 1516 1536 1543 1543 1543 4190
    4190 4190 4190 0 1392 1392 1392 1387 1387 1387 1381 1381 1376 1376
    1370 1370 1365 1365 1359 1354 1354 1349 1349 1349 1354 1359 1376
    1381 1392 1398 1415 1433 1439 1458 1464 1483 1496 1516 1536 1543
    1543 1543 4190 4190 4190 4190 0 1392 1392 1387 1387 1387 1387 1381
    1376 1376 1376 1370 1370 1370 1365 1359 1354 1354 1349 1349 1349
    1349 1354 1370 1376 1387 1392 1410 1427 1439 1458 1464 1483 1496
    1509 1529 1543 1543 1543 4190 4190 4190 4190 0 1398 1387 1387 1387
    1387 1381 1376 1376 1370 1370 1370 1370 1365 1359 1354 1354 1349
    1349 1349 1349 1349 1349 1365 1376 1381 1387 1398 1421 1433 1445
    1458 1464 1489 1503 1529 1536 1543 1543 4190 4190 4190 4190 0 1398
    1387 1387 1387 1387 1381 1376 1370 1370 1370 1370 1370 1365 1354
