<?xml version="1.0"?>
<opencv_storage>
<Depth10376 type_id="opencv-matrix">
  <rows>59</rows>
  <cols>43</cols>
  <dt>w</dt>
  <data>
    0 0 0 0 1149 1145 1141 1138 1134 1130 1126 1126 1126 1126 1123 1123
    1123 1119 1119 1115 1112 1108 1108 1105 1105 1105 1105 1108 1112
    1123 1126 1138 1149 1153 1177 1189 1197 1206 1219 1245 1245 1268
    1259 0 0 0 1149 1149 1145 1141 1138 1134 1130 1126 1126 1126 1126
    1123 1123 1119 1119 1115 1115 1112 1108 1108 1105 1105 1105 1105
    1105 1112 1123 1126 1138 1149 1153 1173 1189 1197 1206 1214 1245
    1245 1268 1259 0 0 0 1149 1149 1141 1141 1138 1134 1130 1130 1126
    1126 1126 1123 1123 1119 1119 1115 1115 1112 1112 1108 1105 1105
    1105 1105 1105 1112 1119 1130 1141 1153 1157 1173 1193 1202 1206
    1214 1245 1245 1264 1273 0 0 0 1153 1149 1141 1141 1138 1134 1130
    1130 1126 1126 1126 1123 1123 1119 1119 1115 1115 1112 1112 1108
    1108 1105 1105 1105 1108 1112 1119 1130 1141 1153 1157 1173 1193
    1202 1210 1227 1241 1245 1264 1268 0 0 0 1149 1149 1145 1141 1138
    1134 1130 1130 1130 1126 1126 1123 1123 1123 1119 1119 1115 1112
    1112 1112 1108 1108 1105 1105 1108 1112 1123 1134 1141 1149 1157
    1185 1197 1202 1210 1232 1241 1245 1255 1259 0 0 0 1149 1149 1145
    1138 1138 1134 1134 1134 1130 1130 1126 1126 1123 1123 1119 1119
    1115 1115 1112 1112 1108 1105 1105 1108 1112 1112 1126 1134 1145
    1149 1157 1185 1197 1202 1206 1241 1245 1245 1255 1259 0 0 0 1149
    1149 1145 1138 1138 1134 1134 1134 1130 1130 1126 1126 1126 1123
    1123 1115 1115 1115 1112 1112 1108 1105 1105 1108 1112 1115 1126
    1134 1145 1149 1169 1189 1197 1202 1206 1241 1245 1250 1255 1255 0 0
    0 1149 1149 1145 1138 1138 1134 1134 1134 1134 1130 1126 1126 1126
    1123 1123 1115 1115 1112 1112 1112 1108 1105 1105 1108 1108 1119
    1126 1134 1138 1153 1169 1185 1202 1206 1210 1241 1250 1255 1255
    1255 0 0 0 1149 1149 1145 1138 1138 1138 1134 1134 1134 1130 1126
    1126 1126 1123 1123 1115 1115 1112 1112 1112 1108 1105 1105 1105
    1105 1115 1126 1134 1138 1153 1173 1185 1202 1206 1210 1236 1250
    1259 1259 1264 0 0 0 1153 1149 1149 1141 1138 1138 1134 1134 1134
    1134 1130 1126 1126 1123 1119 1119 1115 1112 1112 1112 1108 1105
    1105 1105 1105 1115 1126 1138 1141 1157 1177 1185 1197 1202 1214
    1236 1255 1259 1264 1264 0 0 0 1153 1153 1149 1145 1141 1138 1134
    1134 1134 1134 1134 1126 1126 1123 1119 1119 1115 1112 1112 1112
    1108 1108 1108 1108 1108 1115 1126 1138 1145 1161 1177 1185 1193
    1202 1227 1241 1255 1259 1273 1273 0 0 0 1153 1149 1149 1145 1141
    1138 1134 1134 1134 1134 1134 1130 1126 1123 1123 1123 1119 1115
    1112 1112 1108 1108 1108 1108 1108 1115 1130 1141 1149 1165 1173
    1185 1193 1206 1232 1241 1250 1264 1273 1273 0 0 0 1153 1149 1149
    1145 1141 1138 1138 1134 1134 1134 1134 1130 1126 1126 1123 1123
    1119 1119 1112 1112 1108 1108 1108 1108 1112 1115 1130 1145 1157
    1165 1173 1189 1202 1206 1227 1241 1250 1264 1273 1273 0 1149 1153
    1153 1149 1145 1141 1141 1138 1138 1134 1134 1134 1134 1130 1126
    1126 1123 1123 1123 1119 1115 1112 1108 1108 1108 1112 1112 1115
    1130 1141 1157 1165 1177 1193 1202 1206 1227 1245 1255 1264 1273
    1273 0 1149 1149 1149 1149 1145 1141 1141 1138 1138 1134 1134 1134
    1134 1130 1126 1126 1126 1123 1123 1119 1115 1112 1112 1112 1112
    1112 1112 1119 1130 1141 1153 1165 1177 1197 1206 1214 1227 1245
    1255 1264 1273 1273 0 1149 1149 1149 1149 1149 1145 1141 1138 1138
    1134 1134 1134 1134 1134 1130 1126 1126 1123 1123 1119 1115 1112
    1112 1112 1112 1112 1115 1123 1130 1141 1145 1165 1185 1197 1206
    1219 1227 1245 1255 1264 1273 1273 0 0 1149 1149 1149 1149 1145 1145
    1138 1138 1134 1134 1134 1134 1134 1130 1126 1126 1123 1119 1115
    1115 1112 1112 1112 1112 1112 1115 1126 1134 1141 1145 1165 1185
    1202 1206 1214 1232 1250 1259 1264 1273 1273 0 1149 1149 1149 1149
    1149 1145 1145 1138 1138 1134 1134 1134 1134 1130 1126 1126 1126
    1123 1119 1115 1115 1112 1112 1112 1108 1108 1115 1123 1134 1141
    1149 1165 1181 1197 1202 1214 1236 1250 1259 1264 1273 1273 0 1153
    1153 1153 1149 1149 1145 1145 1141 1138 1134 1134 1134 1134 1130
    1126 1126 1123 1123 1123 1119 1115 1112 1112 1112 1108 1108 1115
    1123 1134 1145 1157 1165 1181 1197 1202 1219 1236 1245 1264 1273
    1278 1278 0 1157 1157 1153 1153 1149 1149 1145 1141 1138 1138 1134
    1134 1134 1130 1126 1126 1123 1123 1123 1119 1112 1112 1108 1108
    1108 1108 1115 1123 1134 1145 1161 1169 1185 1197 1202 1223 1236
    1245 1268 1273 1278 1283 0 1157 1157 1153 1153 1149 1149 1145 1141
    1138 1138 1138 1138 1134 1130 1126 1126 1123 1123 1123 1119 1112
    1112 1108 1108 1108 1112 1115 1123 1134 1149 1161 1169 1185 1197
    1202 1223 1236 1245 1268 1278 1278 1278 1165 1165 1161 1153 1153
    1153 1145 1141 1138 1138 1138 1138 1138 1138 1130 1126 1126 1126
    1123 1123 1123 1115 1112 1112 1108 1108 1112 1119 1126 1141 1149
    1161 1169 1185 1202 1210 1214 1236 1245 1268 1278 1283 1283 1165
    1165 1161 1157 1157 1153 1145 1141 1138 1138 1138 1138 1138 1138
    1134 1130 1126 1126 1123 1123 1123 1119 1115 1115 1112 1112 1119
    1123 1130 1141 1153 1161 1173 1185 1202 1210 1214 1241 1250 1264
    1278 1283 1283 1165 1165 1161 1157 1157 1153 1145 1141 1141 1138
    1138 1138 1138 1138 1134 1130 1126 1126 1126 1123 1123 1119 1119
    1115 1115 1115 1119 1123 1130 1141 1153 1161 1177 1185 1206 1214
    1219 1241 1255 1264 1273 1283 1283 1165 1165 1161 1157 1153 1149
    1145 1141 1141 1138 1138 1134 1134 1138 1134 1130 1126 1126 1126
    1123 1123 1119 1119 1115 1115 1115 1119 1123 1134 1141 1153 1161
    1177 1193 1206 1219 1227 1236 1255 1264 1273 1278 1283 1165 1165
    1161 1157 1153 1149 1145 1141 1141 1138 1138 1134 1134 1138 1138
    1134 1130 1126 1126 1123 1123 1119 1119 1115 1115 1115 1119 1123
    1134 1145 1157 1161 1177 1197 1206 1219 1227 1236 1255 1264 1278
    1278 1278 0 1165 1161 1157 1153 1149 1149 1145 1141 1138 1138 1138
    1138 1138 1138 1138 1130 1126 1126 1123 1123 1119 1119 1115 1112
    1112 1115 1119 1138 1145 1157 1161 1173 1197 1206 1214 1236 1236
    1259 1264 1278 1278 1278 0 1161 1161 1157 1153 1153 1149 1145 1141
    1138 1138 1138 1138 1138 1138 1138 1134 1130 1126 1123 1123 1119
    1119 1115 1112 1112 1115 1119 1134 1149 1157 1161 1173 1197 1206
    1214 1236 1241 1264 1273 1278 1278 1278 0 1165 1165 1157 1153 1153
    1149 1145 1145 1141 1138 1138 1138 1138 1138 1138 1134 1130 1126
    1123 1123 1119 1115 1112 1112 1115 1119 1123 1130 1149 1157 1165
    1173 1193 1202 1219 1241 1241 1264 1273 1278 1278 1278 0 1173 1165
    1161 1157 1153 1153 1149 1145 1141 1141 1138 1138 1138 1138 1138
    1134 1130 1126 1123 1123 1119 1115 1112 1112 1115 1119 1123 1130
    1149 1157 1165 1181 1193 1202 1219 1236 1245 1264 1273 1273 1273 0 0
    1173 1165 1165 1161 1153 1153 1149 1145 1145 1141 1138 1138 1138
    1138 1138 1134 1130 1126 1123 1123 1119 1115 1112 1112 1115 1119
    1126 1138 1145 1157 1165 1181 1197 1206 1219 1236 1250 1259 1268
    1273 1273 0 0 1173 1165 1161 1161 1153 1149 1149 1149 1145 1141 1138
    1138 1138 1138 1138 1134 1130 1126 1123 1119 1119 1119 1115 1115
    1115 1123 1126 1138 1145 1161 1169 1185 1197 1210 1219 1236 1250
    1259 1268 1273 1273 0 0 0 1165 1161 1157 1153 1149 1149 1149 1145
    1141 1138 1138 1138 1138 1138 1134 1126 1126 1123 1119 1119 1119
    1115 1115 1115 1123 1130 1141 1149 1161 1169 1181 1206 1210 1223
    1236 1250 1259 1273 1273 0 0 0 0 1165 1157 1153 1153 1149 1149 1149
    1145 1141 1138 1138 1138 1138 1138 1134 1126 1126 1123 1119 1119
    1119 1115 1115 1119 1123 1134 1141 1149 1165 1169 1181 1202 1210
    1223 1236 1250 1259 1278 1278 0 0 0 1161 1157 1157 1153 1153 1149
    1149 1149 1145 1141 1138 1138 1141 1138 1138 1134 1126 1126 1123
    1123 1119 1119 1115 1115 1119 1126 1134 1141 1157 1169 1173 1185
    1197 1206 1227 1241 1255 1264 1278 1278 1278 0 0 1161 1157 1157 1157
    1153 1149 1149 1145 1145 1141 1138 1138 1141 1138 1138 1134 1126
