<?xml version="1.0"?>
<opencv_storage>
<Depth5963 type_id="opencv-matrix">
  <rows>70</rows>
  <cols>52</cols>
  <dt>w</dt>
  <data>
    4241 4241 4190 1415 1415 1410 1410 1410 1410 1410 1410 1415 1415
    1415 4295 4190 4190 4190 1415 1415 1415 1415 4190 4190 1410 1410
    1410 1410 1410 1410 4241 4241 4241 4241 4241 4190 4190 4190 4190
    4190 4241 4241 4241 1410 1410 1415 1415 4139 4190 4190 4190 4190
    4295 4295 1410 1410 1415 1410 1410 1410 1410 1410 1410 1410 1410
    1415 1415 1415 1421 1421 1415 1415 1415 1415 1421 1415 1410 1410
    1410 1410 1410 1410 1415 1415 1421 1421 1415 1415 1421 1421 1415
    1415 1410 1410 1410 1410 1410 1415 1415 4139 4139 4295 4295 4241
    4349 4349 1410 1410 1410 1410 1410 1404 1404 1410 1410 1410 1410
    1415 1415 1415 1421 1421 1415 1415 1415 1415 1421 1415 1415 1415
    1415 1415 1415 1415 1415 1415 1415 1415 1415 1415 1421 1415 1415
    1415 1410 1410 1410 1415 1415 1415 1415 1421 1421 4295 4295 4190
    1421 1421 1410 1410 1410 1410 1410 1404 1404 1410 1410 1410 1410
    1415 1415 1415 1415 1415 1415 1415 1415 1415 1415 1415 1415 1415
    1415 1415 1415 1415 1415 1415 1415 1415 1415 1415 1415 1415 1415
    1415 1415 1415 1415 1415 1415 1415 1415 1421 1421 4190 4190 4190
    1415 1415 1410 1410 1410 1410 1410 1410 1410 1410 1410 1410 1410
    1415 1415 1415 1415 1410 1410 1415 1415 1415 1415 1415 1410 1410
    1410 1415 1415 1415 1415 1415 1415 1415 1415 1415 1415 1415 1415
    1415 1415 1415 1415 1415 1415 1415 1415 1415 1415 4190 4190 4190
    1410 1410 1410 1410 1410 1410 1410 1410 1410 1410 1410 1410 1410
    1415 1415 1415 1410 1410 1410 1410 1410 1415 1415 1410 1410 1410
    1410 1410 1410 1410 1415 1415 1415 1415 1415 1415 1415 1415 1410
    1410 1415 1410 1410 1410 1410 1410 1415 1415 1415 4190 4190 4190
    1410 1410 1410 1410 1410 1410 1410 1410 1410 1410 1410 1404 1404
    1415 1410 1410 1410 1410 1410 1410 1410 1415 1410 1410 1410 1410
    1410 1410 1410 1410 1410 1415 1415 1415 1415 1415 1410 1410 1410
    1410 1410 1410 1410 1410 1410 1410 1410 1410 4190 4190 4190 4190
    1404 1404 1404 1410 1410 1410 1410 1410 1404 1404 1404 1404 1404
    1410 1410 1410 1410 1404 1404 1410 1410 1410 1410 1410 1404 1404
    1404 1404 1404 1404 1404 1404 1404 1410 1410 1410 1404 1404 1404
    1404 1410 1410 1410 1410 1410 1410 1410 1410 4139 4139 4139 4139
    1398 1398 1398 1404 1404 1404 1404 1404 1404 1404 1404 1404 1404
    1410 1410 1404 1404 1404 1404 1410 1410 1410 1404 1404 1404 1404
    1404 1404 1404 1404 1404 1404 1404 1410 1410 1404 1404 1404 1398
    1398 1404 1410 1404 1404 1404 1404 1404 1410 1410 4139 4139 4139
    1398 1398 1398 1404 1404 1404 1404 1404 1404 1404 1404 1404 1404
    1410 1404 1404 1404 1404 1404 1410 1410 1404 1404 1404 1404 1398
    1398 1398 1398 1404 1404 1404 1404 1404 1410 1404 1404 1404 1398
    1398 1404 1404 1404 1404 1404 1404 1404 1404 1404 4139 4139 4139
    1404 1404 1404 1404 1404 1398 1398 1398 1398 1404 1404 1398 1398
    1404 1404 1404 1404 1404 1404 1404 1404 1404 1404 1404 1398 1398
    1398 1398 1398 1404 1404 1404 1404 1404 1410 1410 1404 1404 1404
    1404 1404 1404 1404 1398 1398 1404 1404 1404 1404 1404 4139 4139
    1410 1404 1404 1404 1398 1398 1398 1398 1398 1398 1398 1398 1398
    1398 1398 1398 1404 1404 1404 1404 1404 1404 1398 1398 1398 1398
    1398 1398 1398 1404 1410 1410 1404 1404 1404 1404 1404 1404 1404
    1404 1404 1404 1404 1398 1398 1398 1398 1398 1398 1398 4089 4089
    1410 1404 1398 1398 1392 1392 1392 1392 1398 1398 1398 1398 1398
    1398 1398 1398 1398 1398 1398 1398 1398 1398 1398 1398 1398 1398
    1398 1398 1398 1398 1404 1410 1404 1404 1398 1398 1404 1404 1398
    1398 1398 1398 1398 1398 1398 1398 1398 1398 1398 1398 4089 4089
    1410 1398 1398 1398 1392 1392 1392 1392 1392 1392 1392 1398 1398
    1398 1398 1398 1398 1398 1398 1398 1398 1398 1398 1398 1398 1398
    1398 1398 1398 1398 1404 1404 1404 1404 1398 1398 1398 1398 1398
    1398 1398 1398 1398 1398 1398 1398 1398 1398 1398 1398 4089 4089
    1398 1398 1398 1392 1392 1392 1392 1392 1392 1392 1392 1392 1392
    1398 1398 1398 1398 1398 1398 1398 1398 1398 1398 1398 1398 1398
    1398 1398 1398 1398 1398 1398 1398 1398 1398 1398 1398 1398 1398
    1398 1398 1398 1398 1398 1398 1398 1398 1398 1398 1398 4139 4139
    1392 1392 1392 1392 1392 1392 1392 1392 1392 1392 1392 1392 1392
    1398 1398 1398 1398 1398 1398 1398 1398 1398 1398 1398 1398 1398
    1398 1392 1392 1398 1398 1398 1398 1398 1398 1398 1392 1392 1392
    1392 1392 1398 1398 1398 1398 1398 1398 1398 1398 1398 4139 4139
    1392 1392 1392 1392 1392 1392 1392 1392 1392 1392 1392 1392 1392
    1398 1398 1398 1398 1398 1398 1398 1398 1398 1398 1398 1398 1398
    1398 1392 1392 1392 1392 1392 1392 1392 1392 1392 1392 1392 1392
    1392 1392 1398 1398 1398 1398 1398 1398 1392 1392 1392 4190 4190
    1387 1387 1387 1392 1392 1392 1392 1392 1392 1392 1392 1392 1392
    1398 1392 1392 1392 1392 1392 1392 1392 1398 1398 1398 1392 1392
    1392 1392 1392 1392 1392 1392 1392 1392 1392 1392 1392 1392 1392
    1392 1392 1392 1398 1398 1398 1392 1392 1392 1392 1392 4139 4139 0
    1387 1387 1392 1392 1392 1392 1392 1392 1387 1387 1387 1387 1392
    1392 1392 1392 1392 1392 1392 1392 1392 1392 1398 1392 1392 1392
    1392 1392 1392 1392 1392 1392 1392 1392 1392 1392 1392 1392 1392
    1392 1392 1398 1398 1392 1392 1392 1392 1392 1392 4089 4089 0 1392
    1392 1392 1387 1387 1392 1392 1387 1387 1387 1387 1387 1392 1392
    1392 1392 1392 1392 1392 1392 1392 1392 1392 1392 1392 1392 1392
    1392 1392 1392 1392 1392 1392 1392 1392 1392 1392 1392 1392 1392
    1392 1392 1392 1392 1387 1387 1387 1387 1387 4041 4041 0 1392 1392
    1387 1387 1387 1387 1387 1387 1387 1387 1387 1387 1392 1392 1392
    1392 1392 1392 1392 1392 1392 1392 1392 1392 1392 1392 1387 1387
    1392 1392 1392 1392 1392 1392 1392 1392 1392 1392 1392 1392 1392
    1392 1392 1392 1387 1387 1387 1387 1387 4041 4041 0 1387 1387 1387
    1387 1387 1387 1387 1387 1387 1387 1387 1387 1392 1392 1392 1392
    1392 1392 1392 1392 1392 1392 1392 1387 1387 1387 1387 1387 1392
    1392 1392 1392 1392 1392 1392 1392 1392 1387 1387 1392 1392 1392
    1387 1387 1387 1387 1387 1387 1387 4041 4041 0 1387 1387 1387 1387
    1387 1387 1387 1387 1387 1387 1387 1387 1387 1387 1387 1392 1392
    1387 1387 1387 1387 1387 1387 1387 1387 1387 1387 1387 1387 1392
    1392 1392 1387 1387 1392 1392 1392 1387 1387 1387 1392 1392 1387
    1387 1387 1387 1387 1387 1387 4041 4041 0 1387 1387 1387 1381 1381
    1381 1381 1381 1381 1381 1381 1381 1387 1387 1387 1387 1387 1387
    1387 1387 1387 1387 1387 1381 1381 1381 1381 1381 1381 1387 1387
    1392 1387 1387 1387 1387 1387 1387 1387 1387 1387 1387 1387 1381
    1381 1381 1381 1381 1387 1387 4089 0 1387 1387 1387 1381 1381 1381
    1381 1381 1381 1381 1381 1381 1387 1387 1381 1381 1381 1381 1381
    1381 1387 1387 1381 1381 1381 1381 1381 1381 1381 1381 1381 1381
    1381 1381 1381 1381 1387 1387 1387 1387 1381 1381 1387 1381 1381
    1376 1376 1376 1387 1387 4089 0 1387 1381 1381 1381 1381 1381 1381
    1381 1381 1381 1381 1381 1387 1381 1381 1381 1381 1381 1381 1381
    1381 1381 1381 1381 1381 1381 1381 1376 1376 1376 1376 1381 1381
    1376 1376 1376 1381 1381 1381 1381 1376 1376 1381 1381 1381 1376
    1376 1376 1376 4089 4089 0 1387 1381 1381 1381 1381 1381 1381 1381
    1381 1381 1381 1381 1387 1381 1381 1376 1376 1381 1381 1381 1381
    1381 1381 1381 1376 1376 1376 1376 1376 1376 1376 1381 1381 1376
    1376 1376 1376 1376 1376 1381 1376 1376 1376 1376 1376 1376 1376
    1376 1376 4089 4089 0 1381 1381 1381 1376 1376 1376 1376 1376 1376
    1381 1381 1381 1387 1381 1381 1376 1376 1376 1376 1381 1381 1381
    1376 1376 1376 1376 1376 1376 1376 1376 1376 1381 1381 1376 1376
    1376 1376 1376 1376 1376 1376 1376 1376 1376 1376 1376 1376 1376
    1376 4041 4041 0 1376 1376 1376 1376 1376 1376 1376 1376 1376 1376
    1376 1376 1381 1376 1376 1376 1376 1376 1376 1381 1381 1376 1376
