<?xml version="1.0"?>
<opencv_storage>
<Depth2812 type_id="opencv-matrix">
  <rows>48</rows>
  <cols>34</cols>
  <dt>w</dt>
  <data>
    4774 4774 4774 4774 2129 2129 2129 2129 2129 2040 2040 2053 2053
    4522 4522 4522 2170 2170 4645 4645 4645 4582 4582 4582 4582 4645
    4645 4582 4582 4522 4522 4522 4463 4463 4774 4774 4774 2116 2116
    2103 2103 2065 2053 2040 2040 2053 2053 2065 2065 2103 2156 2156
    2156 2170 2170 4582 2271 2256 2256 4645 4645 4582 4582 4522 4522
    4522 4463 4463 4774 4774 2103 2103 2090 2078 2065 2053 2053 2040
    2040 2053 2053 2053 2065 2103 2129 2143 2143 2170 2170 2198 2271
    2256 2256 4645 4645 4582 4582 4582 4522 4522 4522 4463 1993 4774
    2065 2065 2065 2065 2053 2053 2053 2040 2040 2053 2053 2053 2053
    2078 2116 2129 2143 2170 2170 2198 2226 2256 2271 2271 4645 4582
    4582 4522 4522 4522 4522 4463 1993 2065 2053 2053 2065 2053 2053
    2053 2053 2040 2040 2053 2053 2053 2053 2078 2103 2116 2143 2156
    2170 2184 2226 2241 2256 2271 4645 4582 4582 4522 4522 4522 4522
    4463 2053 2053 2053 2053 2053 2053 2053 2053 2053 2053 2053 2053
    2053 2053 2065 2078 2103 2116 2129 2143 2170 2170 2212 2226 2256
    2256 4582 4582 4582 4522 4522 4522 4522 4463 2053 2053 2053 2053
    2053 2053 2053 2053 2053 2053 2053 2053 2053 2053 2065 2078 2103
    2103 2129 2143 2170 2170 2212 2226 2241 2241 4582 4582 4582 4522
    4522 4522 4522 4463 2065 2065 2053 2053 2053 2053 2053 2053 2053
    2053 2053 2053 2053 2053 2065 2078 2090 2103 2116 2143 2156 2170
    2184 2226 2241 2241 4582 4522 4522 4522 4522 4522 4522 4463 2065
    2053 2053 2053 2053 2053 2040 2040 2053 2053 2053 2053 2053 2053
    2053 2065 2090 2103 2116 2143 2156 2170 2184 2212 2226 2241 2241
    4522 4522 4522 4522 4522 4522 4522 2065 2053 2053 2053 2053 2053
    2040 2040 2040 2040 2053 2053 2053 2053 2053 2065 2078 2103 2116
    2143 2156 2170 2184 2212 2226 2241 2241 4582 4522 4522 4522 4522
    4522 4522 2065 2053 2053 2053 2053 2053 2040 2040 2040 2040 2053
    2040 2040 2040 2053 2053 2065 2090 2116 2143 2143 2156 2170 2212
    2226 2241 2241 4582 4582 4582 4582 4522 4522 4522 2053 2053 2053
    2053 2053 2053 2040 2040 2053 2053 2053 2040 2040 2040 2040 2053
    2065 2090 2103 2129 2143 2156 2170 2212 2226 2241 2241 4582 4582
    4582 4522 4522 4522 4522 2053 2053 2053 2040 2040 2053 2040 2040
    2053 2053 2053 2040 2028 2028 2040 2053 2065 2090 2103 2129 2143
    2156 2170 2198 2226 2241 2256 4582 4582 4582 4522 4522 4522 4522
    2040 2040 2053 2040 2040 2053 2040 2040 2053 2053 2053 2040 2028
    2028 2040 2053 2065 2078 2103 2116 2129 2156 2156 2198 2212 2241
    2256 2256 4582 4582 4582 4522 4522 4522 2040 2040 2053 2053 2053
    2053 2040 2040 2053 2053 2053 2040 2040 2040 2040 2053 2065 2078
    2103 2116 2129 2129 2143 2184 2212 2241 2256 2256 4582 4582 4582
    4522 4522 4522 2040 2040 2053 2053 2053 2053 2053 2053 2053 2053
    2053 2053 2053 2040 2040 2053 2065 2078 2090 2103 2116 2129 2129
    2184 2212 2226 2241 2241 4645 4582 4582 4522 4522 4522 2053 2053
    2053 2053 2053 2053 2053 2053 2053 2053 2053 2053 2053 2040 2040
    2053 2053 2078 2090 2103 2116 2129 2129 2198 2212 2226 2226 2226
    2226 4582 4582 4582 4582 4522 2065 2065 2065 2053 2053 2053 2053
    2053 2053 2053 2053 2053 2053 2040 2040 2053 2053 2065 2078 2103
    2116 2129 2129 2184 2212 2226 2226 2226 2226 4582 4582 4645 4582
    4582 4842 2065 2065 2053 2053 2053 2053 2053 2053 2053 2053 2053
    2053 2040 2040 2053 2053 2065 2078 2103 2116 2129 2129 2170 2198
    2226 2241 2241 2271 4582 4582 4645 4645 4582 4842 2065 2065 2053
    2053 2053 2053 2053 2053 2053 2053 2053 2053 2040 2040 2053 2053
    2053 2078 2103 2116 2129 2129 2143 2198 2212 2241 2256 2256 2256
    4645 4645 4582 4582 4842 4842 2053 2053 2053 2053 2053 2053 2040
    2040 2053 2040 2040 2040 2040 2040 2053 2053 2065 2103 2116 2129
    2129 2143 2184 2212 2241 2256 2256 2256 4708 4645 4582 4582 4774
    4774 2053 2053 2053 2053 2053 2053 2040 2040 2053 2040 2040 2040
    2040 2040 2053 2053 2065 2103 2103 2129 2129 2156 2170 2212 2226
    2241 2256 2256 4708 4645 4582 4582 4774 4774 4774 2065 2065 2053
    2053 2053 2053 2053 2053 2040 2040 2053 2040 2040 2053 2053 2065
    2090 2103 2129 2129 2156 2170 2212 2226 2226 2241 2241 2241 4582
    4582 4582 4774 4774 4774 2053 2053 2053 2053 2053 2053 2053 2053
    2040 2040 2053 2040 2040 2053 2053 2065 2090 2116 2129 2129 2156
    2170 2198 2212 2226 2241 2241 2241 4582 4582 4582 4708 4708 4708
    2053 2053 2065 2053 2053 2053 2053 2053 2053 2053 2053 2040 2040
    2053 2053 2065 2090 2103 2116 2129 2156 2170 2184 2212 2226 2241
    2241 2241 4582 4582 4582 4708 4708 4708 2053 2053 2065 2053 2053
    2053 2053 2053 2040 2040 2040 2040 2040 2053 2053 2065 2090 2103
    2116 2129 2143 2156 2170 2212 2226 2241 2241 2241 4582 4582 4582
    4708 4708 4708 2053 2053 2065 2053 2053 2053 2053 2053 2040 2040
    2040 2040 2040 2040 2053 2053 2078 2090 2103 2129 2143 2156 2170
    2212 2226 2241 2241 2241 2241 4582 4582 4842 4842 4842 2065 2065
    2053 2053 2053 2053 2053 2053 2053 2040 2040 2053 2040 2040 2053
    2053 2078 2090 2103 2116 2129 2156 2170 2198 2226 2226 2241 2241
    2241 4582 4582 4842 4842 4842 2065 2065 2053 2053 2053 2053 2053
    2053 2053 2040 2040 2053 2040 2040 2053 2053 2065 2078 2103 2116
    2129 2143 2170 2198 2226 2226 2241 2241 2256 4645 4645 4842 4842
    4842 4842 2065 2053 2053 2053 2053 2053 2053 2053 2040 2040 2053
    2040 2040 2040 2040 2065 2065 2078 2116 2129 2143 2170 2184 2212
    2226 2241 2226 2226 2226 4645 4842 4842 4842 4842 2065 2053 2053
    2053 2053 2053 2053 2053 2053 2053 2053 2040 2040 2040 2040 2053
    2065 2078 2103 2116 2143 2170 2184 2212 2212 2241 2226 2226 2226
    4645 4842 4842 4842 4911 2090 2040 2040 2053 2053 2053 2053 2053
    2053 2053 2053 2040 2040 2040 2040 2053 2065 2065 2090 2103 2143
    2156 2170 2198 2212 2226 2226 2226 2226 4645 4842 4842 4911 4911
    4911 2016 2016 2040 2040 2053 2053 2053 2053 2053 2053 2040 2040
    2040 2040 2053 2065 2065 2078 2103 2143 2156 2170 2184 2198 2212
    2226 2226 2226 4582 4842 4911 4842 4842 1970 1970 2016 2040 2040
    2053 2053 2053 2053 2053 2053 2040 2040 2040 2053 2053 2065 2065
    2065 2078 2129 2156 2156 2184 2184 2212 2226 2226 2226 4463 4842
    4842 4842 4842 1970 1970 2040 2040 2053 2053 2053 2053 2053 2053
    2053 2040 2040 2040 2053 2053 2065 2065 2065 2078 2129 2143 2156
    2170 2184 2198 2226 2226 2256 4463 4842 4842 4842 4842 4842 2053
    2053 2053 2053 2053 2053 2053 2053 2053 2053 2053 2040 2040 2053
    2053 2053 2065 2065 2078 2078 2143 2156 2170 2184 2198 2212 2226
    2256 4463 4911 4842 4842 4842 4842 2053 2053 2053 2053 2053 2053
    2053 2053 2053 2053 2053 2040 2040 2053 2053 2053 2065 2065 2065
    2065 2116 2156 2170 2170 2198 2212 2226 2256 2271 4911 4842 4842
    4708 4708 4708 2065 2065 2053 2053 2053 2053 2053 2053 2053 2053
    2040 2040 2053 2053 2053 2065 2065 2065 2065 2116 2156 2156 2170
    2184 2198 2226 2226 2241 4911 4842 4842 4708 4708 4708 4708 2065
    2053 2053 2053 2053 2053 2053 2053 2053 2053 2053 2053 2053 2053
    2065 2065 2078 2078 2103 2143 2156 2170 2184 2198 2212 2226 2241
    4911 4842 4842 4774 4708 4708 4708 2065 2053 2053 2053 2053 2053
    2053 2053 2053 2040 2040 2040 2040 2053 2053 2065 2078 2078 2103
    2129 2156 2170 2184 2198 2212 2226 2241 4911 4842 4842 4842 4842
    4842 2090 2078 2053 2053 2053 2053 2053 2053 2053 2053 2040 2040
    2040 2040 2040 2040 2053 2078 2078 2103 2129 2156 2170 2184 2184
    2212 2226 2241 4911 4911 4911 4911 4911 4911 2090 2078 2065 2053
    2053 2053 2053 2053 2053 2053 2040 2040 2040 2040 2040 2040 2053
    2065 2078 2103 2129 2156 2170 2184 2184 2212 2226 2256 4911 4911
    4911 4911 4911 4911 2090 2065 2065 2053 2053 2053 2053 2053 2053
    2053 2040 2040 2040 2040 2040 2040 2053 2065 2078 2103 2116 2143
    2156 2156 2198 2198 2198 4463 4911 4911 4911 4911 4911 4911 4911
    2065 2065 2065 2065 2053 2053 2053 2053 2053 2053 2053 2040 2040
