<?xml version="1.0"?>
<opencv_storage>
<Depth0741 type_id="opencv-matrix">
  <rows>14</rows>
  <cols>12</cols>
  <dt>w</dt>
  <data>
    5132 5132 5056 4983 4983 4983 4983 4983 4983 4983 4983 4911 5132
    5056 5056 4983 4983 4983 4983 4983 4983 4983 4983 4911 5056 4983
    4983 4983 4911 4911 4911 4911 4911 4911 4842 4842 5056 4983 4983
    4983 4911 4911 4911 4911 4911 4911 4842 4842 4983 4983 4983 4983
    4911 4911 4911 4911 4911 4911 4842 4842 4983 4983 4911 4911 4911
    4911 4911 4911 4911 4911 4842 4842 4983 4911 4911 4911 4911 4911
    4911 4842 4842 4842 4842 4842 4983 4911 4911 4911 4911 4911 4842
    4842 4842 4842 4842 4842 4911 4911 4911 4911 4911 4911 4842 4842
    4842 4842 4842 4842 4911 4911 4911 4911 4911 4911 4842 4842 4842
    4842 4842 4842 4911 4911 4911 4911 4911 4911 4842 4842 4842 4842
    4842 4842 4983 4983 4983 4911 4911 4911 4842 4842 4842 4842 4842
    4842 5056 5056 5056 4911 4911 4911 4842 4774 4774 4842 4842 4842
    5210 5132 5132 4983 4911 4911 4842 4774 4774 4842 4842 4911</data></Depth0741>
</opencv_storage>
