<?xml version="1.0"?>
<opencv_storage>
<Depth16222 type_id="opencv-matrix">
  <rows>128</rows>
  <cols>63</cols>
  <dt>w</dt>
  <data>
    4911 4842 4842 4842 4911 4911 4911 4911 4911 4911 4911 4911 4911
    4911 4842 4842 4842 4842 4842 4842 4774 4774 4774 4774 4774 4774
    4774 4774 4774 4774 4774 4708 4708 4708 4645 4645 4645 4645 4645
    4582 4582 4582 4645 4645 4708 4708 4774 910 906 906 903 901 901 4708
    4708 0 4645 4645 4645 4645 4645 4645 4645 4911 4911 4911 4911 4911
    4911 4911 4911 4911 4911 4911 4911 4911 4911 4911 4911 4842 4842
    4774 4774 4774 4774 4774 4774 4774 4842 4842 4774 862 862 862 4708
    4708 4708 4645 4645 4645 871 898 898 894 889 887 887 4708 4774 4911
    898 898 901 901 901 901 4708 4708 903 906 4645 4645 4645 4582 4582
    4582 4911 4911 4911 4911 4911 4911 4911 4911 4911 4911 4911 4983 978
    978 4911 4911 4842 4842 4774 4774 4842 4842 4911 4911 4911 880 880
    880 862 862 862 869 873 875 873 871 871 871 898 896 894 889 887 887
    887 887 889 891 894 896 898 898 898 901 903 903 906 0 4645 4645 4582
    4582 4582 4911 4842 4842 4842 4911 4911 4911 4911 4911 4983 4983 970
    970 964 959 959 943 938 935 935 915 913 906 901 898 891 880 878 867
    867 867 869 871 871 869 869 869 871 871 878 880 882 882 885 887 887
    889 889 891 894 896 896 898 901 903 903 906 0 0 906 4645 0 0 4842
    4842 4842 4842 4911 4911 4911 4911 4911 998 978 978 967 962 959 951
    943 938 933 925 915 913 906 898 896 891 882 878 867 867 867 867 867
    867 867 867 869 871 871 875 878 880 882 882 885 887 887 889 889 891
    894 896 898 898 903 903 906 0 0 0 0 0 4582 4842 4842 4842 1028 1028
    1028 1028 1004 1004 998 989 975 967 962 956 948 943 938 933 920 915
    913 906 898 896 891 882 878 867 867 867 864 864 864 864 864 869 871
    873 875 878 880 880 882 885 887 887 889 889 891 894 896 898 898 903
    903 906 0 0 0 0 0 4645 4911 4911 1060 1041 1028 1028 1019 1010 1004
    998 989 973 967 962 956 948 940 935 933 920 915 913 906 898 894 891
    882 871 869 867 864 864 864 864 864 864 869 871 873 875 878 880 880
    882 882 885 887 889 889 889 891 894 898 901 903 903 0 0 0 0 0 0 4645
    1067 1063 1057 1041 1034 1028 1019 1007 1004 1001 992 973 967 962
    954 948 940 935 933 923 915 913 906 898 894 891 885 871 869 867 864
    864 864 867 867 867 869 871 873 875 878 880 880 882 882 885 887 889
    889 889 891 894 898 901 903 903 0 0 0 0 0 0 4645 1067 1063 1057 1044
    1034 1025 1019 1007 1004 1001 992 973 967 962 954 948 943 938 935
    923 915 913 906 898 894 889 885 871 869 867 864 864 864 867 869 869
    871 873 875 875 878 880 880 882 882 885 887 889 889 891 891 896 898
    901 901 901 0 0 0 0 0 0 4645 1067 1063 1057 1044 1034 1025 1019 1010
    1004 1001 992 973 970 964 956 948 943 938 935 923 918 913 906 898
    891 889 885 873 869 864 864 864 864 867 869 869 871 873 875 875 878
    878 880 882 882 885 887 887 889 891 894 896 898 898 901 901 0 0 0 0
    0 0 4645 1070 1067 1054 1044 1034 1025 1019 1010 1004 1001 984 973
    970 964 959 948 943 938 935 923 918 913 906 898 891 889 885 873 869
    864 862 862 862 864 869 869 871 873 875 875 878 878 880 882 882 882
    885 887 889 891 894 896 898 898 901 901 0 0 0 0 0 0 4645 1073 1070
    1054 1041 1031 1025 1019 1010 1004 998 984 975 970 964 959 951 946
    938 928 923 915 910 906 898 891 889 882 873 869 864 862 862 862 864
    867 869 871 871 873 875 875 878 880 882 882 882 885 887 889 889 891
    896 896 898 901 903 0 0 0 0 0 0 4645 1070 1070 1054 1041 1031 1025
    1019 1013 1004 995 987 975 970 964 959 951 946 938 928 923 915 910
    906 901 894 889 878 873 867 862 862 862 862 864 867 869 869 871 873
    875 875 878 880 882 882 885 885 887 889 889 891 896 896 896 898 903
    903 0 0 0 0 0 4645 1067 1067 1054 1044 1031 1025 1019 1013 1004 995
    984 975 970 964 959 954 946 938 928 923 915 910 906 901 894 889 878
    871 867 862 862 862 862 864 867 869 869 871 873 875 875 878 880 882
    882 885 885 887 889 889 894 896 896 896 898 903 903 0 0 0 0 0 0 1063
    1063 1050 1044 1031 1025 1019 1013 1007 992 984 975 970 964 959 954
    946 938 928 923 918 910 906 901 896 889 878 871 864 862 862 862 862
    864 867 869 869 869 871 873 875 878 880 880 882 885 885 887 889 889
    894 896 896 896 901 903 903 0 0 0 0 0 0 1063 1063 1050 1044 1034
    1025 1016 1013 1007 992 984 978 970 964 959 954 946 938 928 923 918
    910 906 903 894 889 878 871 864 862 862 862 862 864 864 867 869 869
    871 873 873 878 880 880 882 885 885 887 889 889 894 896 896 896 898
    903 903 903 0 0 0 0 0 1067 1057 1050 1044 1034 1025 1016 1013 1007
    989 981 978 973 964 962 956 948 940 928 920 915 913 908 903 894 889
    885 873 864 862 862 862 862 862 864 867 869 869 871 873 873 878 880
    880 882 882 885 887 889 889 894 896 896 896 898 903 903 903 0 0 0 0
    0 1067 1057 1050 1044 1034 1028 1019 1013 1007 989 981 978 973 967
    962 956 948 940 930 920 915 913 908 903 894 889 885 873 869 864 864
    864 862 862 864 867 869 871 871 871 873 878 880 880 882 882 885 887
    887 889 894 894 896 896 898 903 903 903 0 0 0 0 0 1073 1057 1050
    1044 1038 1028 1022 1013 1004 989 984 978 975 967 962 956 948 940
    930 920 915 913 908 901 894 889 885 875 871 864 862 862 862 862 864
    867 869 871 871 871 873 878 880 880 882 882 885 887 887 889 894 894
    896 896 898 901 901 903 0 0 0 0 0 1073 1057 1050 1044 1038 1028 1025
    1016 1004 992 984 981 973 967 962 956 948 940 930 923 918 910 908
    901 894 891 887 875 871 867 862 862 862 862 864 867 869 871 871 871
    875 878 880 880 880 882 885 887 887 889 891 891 894 896 898 901 901
    903 0 0 0 0 0 1073 1057 1050 1044 1038 1028 1025 1016 1007 1001 989
    981 973 967 962 956 948 940 930 925 918 910 908 901 896 889 885 875
    869 862 862 862 862 862 867 867 869 871 871 871 875 878 878 880 880
    882 885 887 887 889 891 891 894 896 901 906 903 903 0 0 0 0 0 1073
    1060 1054 1044 1038 1028 1025 1016 1007 1001 989 981 973 967 962 959
    951 943 930 925 918 913 908 901 896 889 885 875 869 862 862 862 862
    862 864 864 869 869 871 873 875 878 878 880 880 880 882 887 887 889
    891 891 894 896 901 906 903 903 0 0 0 0 0 1073 1063 1054 1044 1038
    1028 1025 1019 1007 1001 987 981 973 967 962 959 951 943 930 925 918
    913 910 903 896 891 885 875 869 864 862 862 862 862 864 864 869 869
    871 871 875 878 878 878 880 880 882 885 887 889 891 891 894 896 901
    906 903 903 0 0 0 0 0 1073 1060 1054 1047 1038 1028 1025 1019 1010
    992 987 981 975 970 962 956 948 943 928 925 918 913 908 903 896 891
    887 875 869 864 864 862 862 862 864 864 869 869 871 871 873 875 878
    878 880 882 882 885 887 889 891 894 896 898 901 906 903 903 0 0 0 0
    0 1077 1060 1054 1044 1038 1031 1025 1019 1010 992 987 981 975 970
    962 956 948 943 928 925 918 913 908 901 896 891 887 878 871 867 864
    864 862 862 864 864 869 869 871 873 873 875 878 878 880 880 882 885
    887 889 894 896 896 896 898 903 903 0 0 0 0 0 0 0 1060 1050 1044
    1038 1031 1025 1019 1010 992 987 981 975 970 962 956 948 943 928 925
    918 913 908 901 898 891 887 878 871 867 864 864 864 864 864 867 869
    869 871 871 871 875 878 880 880 880 882 885 887 889 891 894 894 896
    898 903 901 901 0 0 0 0 0 1067 1060 1050 1044 1038 1031 1022 1016
    1010 992 987 981 975 970 962 956 948 943 928 925 918 913 908 903 896
    891 887 878 871 867 864 862 862 864 864 867 869 869 871 871 871 875
    875 880 880 880 882 882 889 889 889 891 891 891 898 901 898 898 898
    0 0 0 0 1067 1063 1054 1047 1038 1031 1022 1016 1004 992 987 981 973
    970 962 956 948 940 930 925 918 915 908 903 896 891 887 875 871 867
    864 862 862 864 864 867 869 869 871 871 871 873 875 880 880 880 882
    882 889 889 889 891 891 891 898 901 898 898 898 0 0 0 0 1067 1063
    1054 1050 1038 1031 1022 1016 1004 1001 989 981 973 970 962 959 948
    940 930 925 918 913 908 903 896 891 887 875 871 867 864 862 862 864
    867 869 869 869 871 871 871 873 875 880 880 880 882 885 889 889 889
