<?xml version="1.0"?>
<opencv_storage>
<Depth17756 type_id="opencv-matrix">
  <rows>7</rows>
  <cols>32</cols>
  <dt>w</dt>
  <data>
    4842 5132 5056 5056 5374 4842 4842 4708 4708 4645 4645 4708 4708
    4708 4842 4842 4842 4911 5056 5056 4911 4911 4911 4983 4983 4983
    4983 4983 4911 4842 4842 4842 4842 4842 4842 4842 4774 4774 4774
    4708 4708 4645 4645 4708 4708 4708 4774 4842 4842 4842 4842 4842
    4842 4911 4911 4983 4983 4983 4983 4983 4911 4911 4911 4911 4774
    4774 4774 4774 4774 4774 4774 4708 4708 4708 4708 4708 4708 4708
    4774 4842 4842 4842 4842 4842 4842 4911 4911 4911 4983 4983 4983
    4983 4911 4911 4911 4911 4774 4774 4774 4774 4774 4774 4774 4774
    4774 4774 4774 4774 4774 4774 4842 4842 4842 4842 4842 4842 4842
    4842 4911 4911 4983 4983 4983 4983 4983 4911 4911 4911 4842 4774
    4774 4774 4774 4774 4774 4774 4774 4774 4774 4842 4842 4842 4842
    4842 4842 4842 4842 4842 4842 4842 4911 4911 4911 4983 4983 4983
    4911 4911 4983 4983 0 0 4774 4774 4774 4774 4774 4774 4842 4842 4842
    4842 4842 4842 4842 4842 4842 4842 4842 4842 4842 4842 4911 4911
    4911 4983 4983 4983 4911 4911 4911 4983 0 0 0 4774 4774 4774 4774
    4774 4842 4842 4842 4774 4774 4774 4774 4774 4774 4774 4842 4842
    4842 4842 4911 4911 0 0 4983 4983 4911 4911 4911 4983</data></Depth17756>
</opencv_storage>
