<?xml version="1.0"?>
<opencv_storage>
<Depth10002 type_id="opencv-matrix">
  <rows>12</rows>
  <cols>79</cols>
  <dt>w</dt>
  <data>
    0 0 1993 1981 1959 1959 1947 1947 1947 1936 1936 1926 1926 1915 1915
    1915 1904 1904 1894 1894 1883 1883 1883 1873 1873 1863 1853 1853
    1843 1843 1833 1833 1823 1823 1823 1823 1823 1823 1823 1813 1813
    1804 1804 1804 1804 1804 1794 1794 1785 1776 1766 1757 1757 1757
    1748 1748 1757 1757 1739 1739 1722 1713 1713 1713 1713 1713 1713
    1705 1705 1696 1688 1688 1680 1680 1680 1680 1680 1663 1655 1010
    1993 1993 1981 1959 1959 1947 1947 1947 1936 1936 1926 1926 1915
    1915 1915 1904 1904 1894 1894 1883 1883 1883 1873 1873 1863 1853
    1853 1843 1843 1833 1823 1823 1823 1813 1813 1813 1813 1813 1813
    1804 1804 1794 1794 1804 1804 1804 1794 1785 1766 1757 1757 1748
    1748 1748 1748 1757 1757 1739 1731 1722 1713 1713 1713 1713 1713
    1713 1705 1705 1705 1696 1688 1688 1688 1688 1688 1680 1671 1671 995
    995 2005 1959 1959 1947 1947 1947 1936 1926 1926 1926 1915 1915 1915
    1915 1904 1904 1894 1894 1883 1883 1873 1873 1863 1863 1863 1853
    1853 1843 1833 1823 1823 1823 1813 1813 1813 1813 1813 1813 1804
    1804 1794 1794 1794 1794 1794 1785 1776 1766 1757 1757 1748 1748
    1748 1748 1757 1757 1739 1731 1722 1713 1713 1713 1713 1713 1722
    1713 1705 1705 1696 1696 1696 1705 1705 1705 1688 1671 1671 995 995
    1959 1959 1947 1947 1947 1947 1936 1926 1926 1915 1915 1915 1915
    1904 1904 1894 1894 1894 1883 1883 1873 1873 1863 1863 1853 1853
    1843 1833 1833 1833 1823 1823 1813 1813 1813 1813 1823 1813 1804
    1804 1794 1794 1794 1794 1785 1785 1776 1766 1766 1766 1757 1757
    1757 1757 1757 1757 1739 1739 1731 1722 1722 1722 1722 1722 1722
    1722 1722 1722 1713 1713 1713 1722 1722 1731 1705 1688 1688 1013
    1947 1947 1947 1947 1936 1936 1936 1926 1926 1926 1915 1915 1915
    1904 1904 1904 1894 1883 1883 1873 1873 1873 1863 1863 1863 1853
    1853 1843 1833 1833 1833 1823 1823 1823 1823 1813 1813 1823 1813
    1804 1804 1804 1794 1794 1785 1785 1785 1776 1776 1776 1776 1776
    1776 1766 1766 1776 1776 1766 1757 1748 1731 1731 1731 1731 1731
    1731 1731 1731 1731 1731 1722 1722 1739 1739 1739 1722 1705 1705
    1936 1936 1947 1947 1947 1936 1936 1936 1926 1926 1926 1915 1915
    1904 1894 1894 1904 1894 1883 1883 1873 1873 1873 1863 1863 1863
    1853 1853 1843 1833 1833 1833 1823 1823 1823 1823 1823 1833 1833
    1823 1804 1804 1804 1804 1804 1785 1785 1785 1794 1794 1794 1794
    1794 1794 1794 1794 1794 1794 1785 1766 1766 1766 1757 1748 1731
    1731 1748 1757 1757 1757 1757 1748 1739 1739 1739 1739 1731 1713
    1713 1936 1936 1947 1947 1947 1947 1947 1936 1926 1926 1926 1915
    1915 1904 1894 1894 1904 1904 1894 1883 1873 1873 1873 1873 1863
    1863 1853 1853 1853 1853 1843 1843 1833 1833 1833 1833 1833 1843
    1843 1833 1823 1823 1813 1813 1813 1804 1804 1804 1804 1804 1804
    1804 1804 1804 1804 1804 1804 1794 1794 1794 1785 1785 1776 1766
    1757 1757 1766 1757 1757 1757 1757 1748 1748 1748 1739 1739 1731
    1722 1722 1947 1947 1959 1959 1959 1959 1947 1936 1926 1926 1947
    1936 1926 1904 1904 1904 1904 1904 1894 1894 1894 1883 1883 1883
    1883 1873 1873 1863 1863 1853 1853 1853 1853 1853 1853 1853 1853
    1853 1853 1843 1843 1833 1833 1843 1833 1833 1823 1813 1813 1813
    1813 1813 1813 1813 1813 1813 1804 1804 1804 1804 1804 1804 1794
    1785 1776 1776 1776 1766 1766 1766 1766 1766 1766 1766 1748 1748
    1739 1731 1731 1993 1981 1981 1981 1981 1981 1970 1970 1959 1959
    1959 1959 1947 1947 1947 1947 1936 1936 1936 1904 1904 1904 1904
    1904 1904 1904 1894 1883 1883 1873 1873 1863 1863 1863 1863 1863
    1863 1863 1863 1853 1853 1843 1843 1853 1853 1843 1843 1843 1833
    1833 1823 1823 1813 1813 1823 1823 1813 1804 1794 1794 1804 1804
    1794 1794 1794 1785 1785 1776 1776 1766 1766 1766 1766 1766 1766
    1757 1731 1731 1731 1993 1993 2005 1993 1993 2005 1993 1993 1993
    1981 1981 1970 1970 1959 1959 1947 1947 1947 1947 1947 1947 1936
    1936 1936 1936 1915 1915 1894 1894 1883 1883 1883 1873 1873 1883
    1873 1873 1873 1873 1863 1863 1863 1863 1873 1863 1853 1853 1853
    1853 1843 1843 1833 1833 1833 1833 1823 1804 1794 1785 1785 1794
    1804 1804 1804 1804 1794 1794 1794 2398 2365 2365 2365 2349 2349
    2349 2349 1731 1731 1731 2028 2028 2028 2016 2016 2016 2016 2016
    2016 2005 2005 1993 1959 1947 1947 1947 1947 1947 1947 1959 1959
    1947 1947 1936 1936 1926 1926 1915 1904 1904 1904 1894 1873 1873
    1883 1894 1894 1894 1883 1873 1863 1863 1873 1873 1873 1853 1853
    1853 1853 1843 1843 1833 1833 1843 1833 1833 1804 1794 1785 1785
    1794 2415 2398 2398 2398 2398 2398 2398 2398 2381 2381 2381 2365
    2365 2365 2349 2349 2349 2333 2040 2028 2028 2028 2028 2028 2028
    2028 2016 2005 1981 1981 1959 1947 1947 1947 1947 1959 1959 1959
    2522 1947 1947 1936 1936 1947 1926 1915 1904 1904 1904 2541 2541
    2522 2522 2503 2485 1904 1883 1883 2485 2485 2485 1883 1883 2485
    2485 2485 2467 2467 2467 2467 2467 2450 2415 2415 2432 2432 2432
    2432 2432 2432 2415 2415 2398 2398 2398 2398 2398 2398 2398 2398
    2381 2381 2381 2365 2349 2349 2333</data></Depth10002>
</opencv_storage>
