<?xml version="1.0"?>
<opencv_storage>
<Depth6001 type_id="opencv-matrix">
  <rows>76</rows>
  <cols>39</cols>
  <dt>w</dt>
  <data>
    4349 4405 4405 4405 4405 4405 4405 4463 4522 4522 4522 4522 4522
    4463 4463 1421 1421 1415 1415 1415 4349 4349 4349 4349 4349 4349
    4349 4349 4349 4349 4349 4349 4349 4349 4349 4349 4349 4349 4349
    4405 4405 4405 4405 4405 4349 4349 1415 1415 1410 1410 1410 1410
    1410 1415 1415 1415 1415 1410 1404 1404 1404 4349 4349 4349 4349
    4349 4349 4349 4349 4349 4349 4349 4349 4349 4349 4349 4349 4349
    4405 1439 1439 4405 4405 4349 1415 1410 1410 1410 1410 1410 1410
    1410 1410 1410 1410 1410 1404 1404 1404 1404 1404 4295 4295 4295
    4349 4349 4349 4349 4349 4349 4349 4349 4349 4349 4349 4349 4349
    1445 1439 1439 4405 4405 1415 1415 1410 1410 1410 1410 1410 1410
    1410 1404 1404 1404 1398 1398 1398 1398 1398 0 4295 4295 4295 4295
    4349 4349 4349 4349 4349 4349 4349 4349 4349 4349 4349 4349 1439
    1433 1427 1427 1421 1415 1415 1410 1410 1410 1410 1410 1410 1404
    1398 1398 1398 1392 1392 1392 1392 1392 1427 1427 4295 4295 4295
    4349 4349 4349 4349 4349 4349 4349 4349 4349 4349 4349 4349 1439
    1427 1427 1421 1421 1415 1415 1410 1410 1410 1410 1410 1404 1398
    1398 1392 1392 1392 1392 1392 1392 1433 1427 1427 1427 4349 4349
    4349 4349 4349 4349 4349 4349 4349 4349 4349 4295 4295 4295 1439
    1427 1421 1415 1415 1415 1415 1410 1410 1410 1410 1410 1404 1398
    1392 1392 1392 1387 1387 1392 1392 1427 1427 1427 1427 4405 4405
    4349 4295 4295 4295 4349 4349 4295 4295 4349 4295 4295 4295 1439
    1421 1415 1415 1415 1415 1410 1410 1410 1410 1410 1404 1404 1398
    1392 1392 1392 1387 1387 1387 1392 1404 1421 1452 1452 1483 4349
    4349 4295 4295 4295 4349 4295 4295 4295 4349 4349 4295 4295 1421
    1421 1415 1415 1415 1410 1410 1410 1404 1404 1404 1398 1398 1398
    1392 1392 1387 1387 1387 1387 1392 1398 1421 1452 1464 1483 1489
    1489 4349 4349 4295 4295 4295 4295 4295 4295 4295 4295 4295 1415
    1415 1415 1415 1410 1410 1410 1410 1404 1404 1398 1398 1398 1398
    1392 1392 1387 1387 1387 1387 1392 1398 1427 1452 1464 1477 1489
    1489 1489 4295 4295 4295 4295 4295 4295 4295 4295 4295 4295 1415
    1415 1415 1415 1410 1410 1410 1404 1404 1404 1398 1392 1392 1392
    1392 1392 1387 1381 1381 1381 1387 1392 1421 1433 1464 1470 1483
    1483 0 4089 4349 4349 4295 4295 4295 4295 4295 4295 4295 1415 1415
    1415 1415 1410 1410 1404 1398 1398 1398 1392 1392 1392 1392 1392
    1387 1387 1381 1381 1381 1387 1392 1421 1433 1452 1458 1483 1483 0
    4089 4089 4089 4295 4295 4295 4295 4295 4295 4295 1415 1415 1415
    1415 1410 1410 1404 1398 1392 1392 1392 1392 1392 1392 1387 1387
    1381 1381 1381 1381 1387 1387 1398 1427 1452 1458 1477 1477 1483
    4089 4089 4089 4295 4241 4241 4295 4295 4295 4295 1415 1415 1410
    1410 1410 1404 1398 1392 1392 1392 1392 1387 1387 1387 1387 1387
    1381 1381 1376 1376 1381 1387 1392 1421 1445 1452 1464 1483 1483
    1516 4295 4295 4295 4241 4241 4241 4241 4295 4295 1415 1415 1410
    1404 1398 1398 1398 1392 1392 1387 1387 1387 1387 1387 1387 1381
    1376 1376 1376 1376 1381 1387 1392 1410 1439 1445 1464 1483 1516
    1516 1516 4295 4295 4241 4241 4241 4241 4241 4295 1415 1415 1404
    1404 1398 1398 1398 1392 1392 1387 1387 1387 1387 1387 1387 1376
    1376 1376 1376 1376 1381 1387 1392 1410 1427 1439 1477 1489 1509
    1516 1516 1586 4190 4190 4190 4241 4241 4241 4241 1404 1404 1398
    1398 1398 1398 1398 1392 1392 1387 1387 1387 1387 1387 1381 1376
    1370 1370 1370 1370 1370 1381 1387 1410 1427 1439 1489 1496 1509
    1516 1550 1586 1586 4190 4190 4241 4241 4241 4241 0 1398 1398 1398
    1398 1398 1392 1392 1392 1387 1387 1387 1387 1387 1381 1376 1370
    1370 1370 1370 1370 1376 1376 1392 1427 1433 1483 1489 1509 1523
    1543 1579 1579 4241 4241 4241 4241 4241 4241 0 1398 1398 1398 1398
    1392 1392 1392 1392 1387 1387 1381 1381 1381 1381 1376 1370 1370
    1370 1365 1365 1370 1370 1392 1415 1433 1464 1483 1503 1523 1543
    1557 1564 1564 4241 4241 4241 4241 4241 0 1398 1398 1398 1392 1392
    1392 1392 1387 1387 1381 1381 1381 1381 1376 1370 1370 1365 1365
    1365 1365 1365 1370 1381 1398 1421 1452 1477 1496 1523 1543 1550
    1557 1557 4241 4241 4241 4241 4241 0 1398 1398 1398 1392 1392 1392
    1392 1387 1381 1381 1381 1376 1376 1370 1370 1370 1365 1365 1359
    1359 1365 1370 1370 1398 1415 1439 1477 1489 1516 1536 1543 1550
    1550 4241 4241 4241 4241 4241 0 1398 1398 1392 1392 1392 1387 1387
    1387 1381 1381 1376 1376 1370 1370 1370 1365 1365 1365 1359 1359
    1359 1365 1370 1392 1415 1439 1458 1483 1509 1536 1543 1550 1550
    4241 4241 4241 4241 4241 0 1392 1392 1392 1392 1387 1387 1387 1387
    1381 1376 1376 1376 1370 1370 1370 1365 1365 1365 1359 1359 1359
    1365 1376 1392 1410 1427 1458 1477 1509 1536 1543 1564 1564 4190
    4190 4190 4241 4241 0 1392 1392 1392 1387 1387 1387 1387 1381 1376
    1376 1376 1370 1370 1370 1370 1365 1365 1365 1354 1354 1354 1359
    1370 1398 1410 1427 1458 1470 1489 1536 1543 1564 1564 4190 4190
    4190 4241 4241 0 1392 1387 1387 1387 1387 1381 1381 1376 1376 1376
    1376 1370 1370 1370 1365 1365 1365 1359 1354 1354 1354 1359 1370
    1398 1398 1427 1445 1464 1464 1543 1543 1564 1564 1564 4190 4190
    4190 4190 0 0 1387 1387 1387 1387 1381 1381 1376 1370 1370 1370 1370
    1370 1365 1365 1365 1359 1359 1354 1354 1354 1354 1354 1392 1398
    1415 1439 1464 1464 1536 1536 1557 1564 1564 4190 4190 4190 4190 0
    1387 1387 1387 1387 1387 1381 1381 1370 1370 1370 1370 1365 1365
    1365 1359 1359 1354 1354 1354 1349 1349 1349 1354 1370 1392 1410
    1415 1458 1464 1516 1536 1550 1550 4190 4190 4190 4190 4190 0 0 1387
    1387 1387 1387 1376 1376 1370 1370 1370 1370 1365 1365 1359 1359
    1354 1354 1349 1349 1349 1349 1349 1354 1370 1392 1404 1415 1452
    1464 1503 1529 1536 1536 4241 4241 4241 4241 4241 0 1392 1392 1387
    1387 1381 1376 1376 1370 1370 1370 1370 1365 1365 1359 1354 1354
    1349 1349 1349 1349 1349 1349 1354 1370 1387 1398 1415 1452 1464
    1489 1529 1536 1536 4190 4190 4190 4241 4241 0 0 1392 1387 1381 1381
    1376 1370 1370 1370 1370 1365 1365 1359 1359 1354 1349 1349 1349
    1349 1349 1349 1349 1354 1365 1387 1392 1415 1445 1458 1483 1523
    1543 1543 1543 4190 4190 4190 4190 0 1387 1387 1381 1376 1376 1370
    1370 1370 1365 1365 1365 1365 1359 1359 1354 1349 1349 1349 1349
    1349 1343 1343 1349 1365 1381 1392 1415 1445 1458 1483 1516 1536
    1543 1543 4241 4241 4190 4190 0 1387 1376 1376 1370 1370 1370 1370
    1365 1365 1365 1365 1359 1359 1354 1349 1349 1349 1349 1343 1338
    1338 1338 1343 1354 1381 1392 1398 1445 1458 1483 1509 1536 1536
    1536 4190 4190 4190 4190 0 1365 1365 1365 1370 1370 1370 1365 1365
    1359 1359 1359 1359 1359 1354 1349 1349 1349 1343 1343 1338 1338
    1338 1343 1349 1381 1392 1398 1433 1458 1483 1509 1536 1536 1536
    4190 4190 4190 4190 0 0 1365 1365 1365 1365 1365 1365 1365 1354 1354
    1359 1359 1359 1349 1349 1349 1343 1343 1338 1333 1328 1328 1338
    1343 1376 1392 1392 1404 1458 1470 1509 1529 1536 1536 4190 4190
    4190 4190 0 1365 0 1365 1365 1365 1365 1365 1365 1354 1354 1359 1354
    1354 1349 1349 1349 1343 1343 1338 1333 1328 1328 1338 1343 1376
    1381 1392 1392 1445 1464 1483 1529 1529 1529 4190 4190 4190 4190 0 0
    0 1359 1359 1365 1365 1365 1359 1354 1354 1354 1354 1349 1349 1349
    1349 1343 1343 1338 1338 1333 1333 1338 1343 1376 1381 1387 1392
    1439 1458 1483 1523 1523 1536 1536 4190 4190 4190 0 0 0 1359 1359
    1365 1359 1359 1354 1349 1349 1349 1349 1349 1343 1343 1343 1343
    1343 1338 1338 1338 1338 1338 1343 1370 1376 1387 1392 1439 1458
    1483 1523 1523 1529 1529 4190 4190 4190 0 0 0 1365 1365 1365 1359
    1359 1354 1349 1349 1349 1349 1349 1343 1343 1343 1343 1338 1338
    1338 1338 1338 1338 1343 1365 1370 1370 1392 1433 1458 1503 1523
    1523 1523 1523 4190 4190 4190 0 0 0 1370 1365 1365 1359 1359 1354
    1349 1349 1343 1343 1349 1343 1343 1338 1338 1338 1338 1338 1333
