<?xml version="1.0"?>
<opencv_storage>
<Depth5956 type_id="opencv-matrix">
  <rows>22</rows>
  <cols>50</cols>
  <dt>w</dt>
  <data>
    2680 2680 2680 2659 2659 2680 2659 2659 2680 2680 3503 3503 3503
    3503 3503 3503 3468 3468 3468 3468 3468 3468 3468 3468 3468 3503
    3503 3503 3503 3503 3503 3539 2450 2450 2450 3576 3539 3503 2432
    2432 2432 2432 2432 2432 2415 2365 2349 2349 2365 2365 2680 2680
    2680 2659 2659 2680 2659 2659 2680 2680 3503 3503 3503 3503 3503
    3503 3468 3468 3503 3503 3503 3468 3468 3468 3468 3503 3503 3503
    3539 3503 2381 2381 2432 2432 2432 2450 2432 2432 2432 2432 2432
    2432 2432 2432 2415 2365 2349 2349 2365 2365 2680 2680 2680 2680
    2680 2680 2680 2680 2659 2659 3503 3503 3503 3503 3503 3503 3503
    3503 3503 3503 3503 3503 2415 2415 2432 2432 2415 2415 2415 2415
    2381 2381 2415 2415 2432 2432 2432 2432 2432 2415 2415 2415 2415
    2415 2415 2398 2381 2381 2381 2381 2701 2680 2680 2680 2680 2659
    2659 2659 2659 2659 3503 3503 3503 3503 3503 3503 3503 3503 3503
    3503 2398 2398 2398 2398 2415 2415 2415 2415 2415 2415 2398 2398
    2415 2415 2415 2415 2432 2432 2432 2415 2415 2415 2415 2415 2415
    2398 2398 2381 2381 2381 2767 2767 2381 2381 2398 2398 2398 2415
    2415 2415 2415 2398 2398 2415 2415 2415 2398 2398 2398 2398 2398
    2398 2398 2398 2415 2398 2398 2398 2398 2398 2398 2398 2398 2398
    2415 2415 2415 2432 2432 2432 2415 2415 2415 2415 2398 2398 2398
    2398 2398 2381 2398 2398 2381 2381 2398 2398 2398 2415 2398 2398
    2398 2381 2381 2398 2398 2398 2398 2398 2398 2398 2398 2398 2398
    2398 2415 2398 2398 2398 2398 2398 2415 2415 2398 2398 2415 2415
    2415 2432 2432 2432 2432 2432 2415 2415 2398 2398 2415 2415 2398
    2398 2415 2398 2381 2381 2398 2398 2398 2415 2398 2398 2398 2381
    2381 2398 2398 2398 2398 2398 2398 2398 2415 2415 2398 2398 2415
    2415 2398 2398 2398 2398 2398 2415 2415 2415 2415 2415 2415 2432
    2432 2432 2432 2432 2432 2415 2415 2415 2415 2415 2398 2398 2415
    2415 2398 2398 2398 2398 2398 2415 2415 2415 2398 2398 2398 2398
    2415 2398 2398 2398 2398 2398 2415 2415 2415 2415 2415 2415 2415
    2415 2415 2398 2398 2415 2415 2415 2415 2415 2415 2415 2432 2432
    2432 2432 2415 2398 2398 2398 2415 2415 2398 2381 2415 2415 2398
    2398 2398 2398 2398 2415 2415 2415 2398 2398 2398 2415 2415 2415
    2415 2398 2398 2398 2415 2415 2415 2415 2415 2432 2415 2415 2415
    2415 2415 2415 2415 2415 2415 2415 2415 2415 2415 2432 2432 2415
    2398 2381 2381 2398 2415 2415 2398 2381 2432 2432 2432 2432 2432
    2415 2415 2415 2415 2415 2415 2415 2415 2415 2415 2415 2415 2415
    2398 2398 2415 2415 2432 2432 2415 2415 2415 2415 2415 2415 2415
    2415 2415 2415 2398 2398 2415 2415 2415 2432 2432 2415 2398 2381
    2381 2398 2398 2398 2381 2381 2450 2432 2432 2432 2415 2415 2415
    2415 2415 2415 2415 2415 2415 2398 2398 2398 2398 2398 2398 2398
    2415 2415 2432 2415 2415 2415 2398 2398 2415 2415 2415 2415 2415
    2415 2398 2398 2415 2415 2432 2432 2415 2415 2415 2398 2398 2398
    2398 2381 2381 2381 2450 2432 2432 2432 2415 2415 2415 2415 2415
    2415 2415 2415 2398 2398 2398 2398 2398 2398 2398 2398 2415 2415
    2432 2415 2415 2415 2398 2398 2415 2415 2415 2415 2415 2415 2415
    2415 2415 2415 2432 2415 2415 2415 2415 2398 2398 2398 2398 2381
    2381 2381 2432 2432 2432 2432 2415 2415 2415 2415 2415 2415 2415
    2398 2381 2381 2381 2381 2398 2398 2398 2398 2398 2415 2415 2415
    2415 2415 2415 2415 2415 2415 2415 2415 2415 2415 2415 2415 2415
    2415 2415 2415 2415 2415 2415 2415 2415 2415 2415 2381 2381 2381
    2432 2415 2415 2415 2415 2415 2415 2415 2415 2398 2398 2398 2381
    2381 2381 2381 2381 2398 2398 2398 2398 2398 2398 2415 2415 2415
    2415 2415 2415 2415 2415 2415 2415 2415 2415 2415 2398 2381 2381
    2381 2398 2398 2398 2398 2398 2398 2415 2398 2398 2398 2415 2415
    2415 2415 2415 2415 2415 2415 2415 2398 2398 2398 2398 2381 2381
    2381 2381 2398 2398 2398 2381 2381 2398 2398 2415 2415 2415 2415
    2415 2415 2415 2415 2415 2432 2415 2398 2381 2381 2381 2381 2398
    2398 2381 2381 2398 2398 2415 2398 2398 2381 2415 2415 2398 2398
    2398 2398 2415 2398 2398 2398 2398 2398 2398 2381 2381 2381 2381
    2398 2398 2381 2365 2365 2381 2398 2398 2415 2415 2415 2415 2415
    2415 2415 2432 2432 2398 2398 2381 2381 2398 2398 2398 2398 2381
    2381 2398 2398 2415 2398 2398 2381 2598 2415 2398 2398 2398 2398
    2415 2381 2381 2381 2381 2398 2398 2241 2241 2241 0 2398 2381 2381
    2365 2365 2381 2381 2381 2415 2415 2415 2415 2415 2415 2415 2432
    2432 2398 2398 2398 2398 2398 2398 2398 2381 2381 2398 2398 2398
    2415 2398 2398 2381 2598 2579 2522 2503 2398 2398 2522 2381 2381
    2381 2381 2381 2381 2241 2241 2241 0 2381 2381 2365 2365 2365 2381
    2381 2381 2415 2415 2415 2415 2415 2415 2415 2432 2415 2415 2398
    2398 2398 2415 2415 2398 2381 2381 2398 2398 2398 2398 2398 2398
    2398 2598 2598 0 2541 2541 2522 2522 2541 2541 2560 2415 2381 2381
    2241 2241 0 0 0 0 2365 2365 2365 2381 2381 2398 2398 2398 2415 2415
    2381 2381 2381 2415 2415 2415 2415 2398 2398 2398 2398 2398 2398
    2398 2415 2398 2398 2381 2381 2381 2398 0 0 0 0 0 0 0 2541 2541 0 0
    0 0 0 0 0 0 0 0 2365 2365 2381 2381 2381 2381 2381 2381 2398 2381
    2365 2365 2381 2398 2398 2398 2415 2415 2415 2398 2398 2398 2398
    2398 2398 2398 2381 2381 2381 2381 0 0 0 0 0 0 0 0 0 0 0 0 0 0 0 0 0
    0 0 0 2365 2365 2381 2381 2381 2381 2381 2381 2398 2381 2365 2365
    2381 2381 2398 2398 2398 2398 2467 2467 2398 2398 2398 3503 3503
    3433 3399 3399 3399 3433 3468 0 0 0 0 0 0 0 0 0 0 0 0 0 0 0 0 0 0 0
    2365 2365 2365 2381 2381 2381 2381 3576 3576 2365 2365 2365 2381
    2381 2381 3539 3539 3539 3539 3539 3539 3503 3503 3503 3503 3433
    3433 3399 3399 3433 3468</data></Depth5956>
</opencv_storage>
