<?xml version="1.0"?>
<opencv_storage>
<Depth6484 type_id="opencv-matrix">
  <rows>82</rows>
  <cols>57</cols>
  <dt>w</dt>
  <data>
    3468 3468 3468 3468 3503 3503 3503 3539 3539 3539 3576 3576 3576
    3576 3576 3576 3576 3614 3614 3614 3614 3614 3614 3614 3614 3614
    3614 3614 3614 3614 3653 3653 3692 3732 3732 3732 3732 3692 1255
    1250 1250 1250 1255 1264 1264 1264 1264 1264 3816 3816 3816 3816
    3816 3816 3816 3859 3859 3468 3468 3468 3468 3468 3503 3503 3503
    3503 3539 3539 3576 3576 3576 3576 3576 3576 3576 3614 3614 3614
    3614 3614 3614 3576 3576 3614 3614 3614 3614 1283 1278 1278 3732
    3732 1268 1268 1264 1255 1250 1250 1250 1255 1264 1264 1264 1264
    1264 3816 3816 3816 3816 3816 3816 3816 3859 3859 3468 3468 3468
    3468 3468 3468 3503 3503 3503 3539 3539 3576 3576 3576 3576 3576
    3576 3576 3614 3614 3614 3614 3614 3576 3576 3576 3576 1307 1302
    1288 1283 1278 1278 1278 1278 1268 1268 1264 1255 1250 1250 1250
    1255 1264 1264 1268 1273 1283 1288 1288 3816 1328 1328 3816 3859
    3903 3903 3468 3468 3468 3468 3468 3468 3503 3503 3503 3503 3539
    3576 3576 3576 3576 3576 3576 3576 3576 3576 3614 3614 3614 3576
    3576 1317 1317 1307 1302 1288 1283 1283 1278 1278 1278 1273 1268
    1264 1255 1250 1250 1255 1255 1264 1264 1268 1273 1283 1288 1292
    1292 1317 1317 1317 1317 3903 3903 3468 3468 3468 3468 3468 3503
    3503 3503 3503 3503 3539 3576 3539 3539 3576 3576 3576 3576 3576
    3576 3576 3576 3614 1322 1317 1317 1317 1312 1302 1288 1283 1278
    1278 1273 1273 1268 1264 1255 1250 1250 1250 1250 1255 1259 1264
    1268 1278 1283 1288 1292 1297 1312 1317 1312 1312 1312 3816 3468
    3468 3468 3468 3468 3468 3468 3468 3503 3503 3503 3539 3539 3539
    3576 3576 3576 3576 3576 3576 3576 1333 1328 1322 1317 1317 1312
    1307 1302 1288 1283 1273 1273 1268 1268 1264 1259 1250 1250 1250
    1250 1250 1255 1259 1264 1268 1273 1283 1288 1288 1292 1302 1312
    1312 1312 1322 1322 3468 3468 3468 3468 3468 3468 3468 3468 3468
    3468 3503 3503 3539 3539 3576 3576 3576 3576 1354 1343 1343 1333
    1328 1322 1317 1317 1312 1307 1302 1288 1283 1273 1268 1264 1264
    1259 1250 1250 1245 1245 1250 1250 1250 1259 1264 1268 1273 1283
    1283 1288 1292 1297 1307 1312 1317 1322 1322 3433 3433 3468 3468
    3468 3468 3468 3468 3468 3468 3503 3503 3576 3576 1370 1370 1365
    1354 1349 1343 1338 1333 1328 1322 1317 1312 1307 1302 1292 1288
    1283 1273 1264 1264 1264 1259 1250 1245 1245 1245 1245 1250 1250
    1255 1264 1268 1273 1283 1283 1288 1292 1297 1307 1312 1317 1322
    1322 3433 3433 3468 3468 3468 3468 3433 3399 3399 3468 3503 3503
    1387 1376 1370 1359 1359 1354 1343 1338 1338 1333 1328 1322 1312
    1307 1302 1292 1292 1283 1278 1273 1264 1264 1264 1259 1250 1245
    1245 1245 1245 1250 1250 1255 1259 1268 1273 1283 1283 1288 1292
    1297 1302 1312 1317 1322 1322 3433 3468 3468 3468 3468 3468 3399
    3333 3333 3333 1404 1387 1381 1370 1365 1359 1359 1349 1343 1338
    1333 1328 1322 1317 1307 1302 1302 1292 1288 1278 1273 1268 1264
    1259 1259 1255 1250 1245 1245 1245 1245 1250 1250 1255 1259 1268
    1273 1283 1283 1288 1292 1297 1302 1312 1317 1317 1322 3433 3468
    3468 3468 3468 3433 3333 3333 3333 3333 1404 1387 1376 1370 1365
    1354 1354 1349 1343 1338 1333 1328 1322 1317 1302 1302 1302 1292
    1288 1278 1273 1268 1264 1259 1259 1255 1250 1245 1241 1241 1245
    1250 1250 1255 1259 1268 1273 1283 1283 1288 1292 1302 1302 1307
    1312 1317 1317 3433 3433 3468 3468 3468 3433 3333 3333 3333 1387
    1387 1381 1376 1370 1365 1354 1349 1343 1338 1333 1328 1322 1317
    1312 1302 1302 1292 1283 1283 1278 1268 1264 1264 1259 1259 1250
    1245 1241 1241 1241 1245 1245 1250 1255 1259 1268 1273 1278 1283
    1288 1292 1297 1302 1307 1307 1312 1317 3433 3433 3433 3468 3433
    3433 3333 3333 3333 1387 1387 1381 1376 1365 1365 1349 1349 1343
    1338 1333 1322 1322 1317 1307 1302 1302 1288 1283 1283 1278 1268
    1264 1259 1255 1255 1250 1245 1241 1236 1236 1241 1245 1250 1250
    1259 1264 1273 1278 1283 1288 1288 1297 1302 1307 1307 1312 1317
    3433 3433 3433 3433 3433 3433 3433 3433 3433 1387 1387 1376 1370
    1365 1365 1349 1343 1343 1338 1328 1322 1317 1317 1307 1302 1292
    1288 1283 1278 1278 1273 1264 1259 1250 1250 1250 1245 1241 1236
    1236 1241 1245 1245 1250 1259 1264 1273 1278 1283 1283 1288 1292
    1297 1302 1307 1312 1317 3433 3433 3433 3433 3468 3468 3468 3468 0
    1376 1376 1376 1370 1365 1359 1349 1343 1338 1338 1328 1322 1317
    1312 1307 1302 1288 1283 1283 1278 1278 1273 1264 1255 1245 1245
    1245 1245 1236 1236 1236 1241 1245 1245 1250 1255 1259 1273 1278
    1283 1283 1288 1292 1292 1302 1307 1312 1317 3433 3433 3433 3468
    3468 3468 3468 3468 0 1376 1376 1370 1365 1359 1354 1349 1343 1338
    1333 1328 1317 1312 1307 1302 1297 1288 1283 1283 1278 1273 1264
    1259 1250 1245 1245 1245 1241 1232 1232 1236 1236 1245 1245 1250
    1255 1259 1268 1273 1283 1283 1283 1288 1292 1297 1307 1312 1312
    3433 3433 3433 3468 3468 3433 3433 3433 1376 1370 1370 1370 1365
    1359 1349 1343 1338 1338 1333 1322 1317 1312 1307 1302 1292 1288
    1283 1278 1273 1268 1259 1255 1250 1245 1245 1245 1236 1232 1232
    1236 1236 1245 1245 1250 1255 1259 1268 1273 1278 1283 1283 1288
    1292 1297 1302 1307 1307 3433 3433 3468 3433 3433 3433 3433 3433
    1376 1376 1370 1370 1365 1354 1349 1343 1338 1333 1333 1322 1317
    1312 1307 1302 1288 1288 1278 1273 1268 1264 1259 1255 1250 1245
    1245 1241 1236 1232 1232 1232 1236 1245 1245 1250 1255 1259 1264
    1268 1278 1278 1283 1288 1292 1297 1302 1307 1307 3433 3433 3468
    3433 3433 3433 3433 3433 1376 1376 1376 1370 1359 1354 1343 1338
    1338 1333 1328 1322 1317 1307 1302 1302 1288 1283 1278 1273 1268
    1264 1259 1255 1250 1241 1241 1241 1236 1232 1232 1232 1236 1245
    1245 1250 1255 1259 1264 1268 1273 1278 1283 1288 1288 1297 1302
    1302 1302 3433 3433 3468 3433 3433 3433 3433 3433 1365 1365 1365
    1365 1354 1349 1343 1338 1338 1333 1322 1317 1317 1307 1302 1297
    1283 1283 1278 1273 1264 1264 1259 1255 1245 1241 1241 1236 1232
    1227 1227 1232 1236 1241 1245 1250 1250 1259 1264 1268 1273 1278
    1283 1288 1288 1297 1302 1302 1302 3433 3433 3433 3399 3399 3468
    3468 1370 1370 1365 1365 1354 1354 1343 1338 1338 1333 1328 1322
    1317 1312 1307 1302 1297 1283 1278 1278 1273 1264 1264 1255 1250
    1245 1241 1241 1236 1227 1227 1227 1232 1236 1241 1245 1250 1250
    1259 1264 1264 1268 1278 1283 1283 1288 1292 1302 1302 1302 3433
    3433 3433 3399 3399 3399 1349 1349 1349 1354 1354 1354 1349 1343
    1338 1338 1328 1322 1322 1317 1312 1302 1297 1288 1283 1278 1273
    1268 1264 1259 1255 1245 1241 1236 1236 1232 1227 1227 1227 1232
    1232 1236 1241 1245 1250 1255 1264 1264 1268 1278 1283 1283 1288
    1292 1297 1302 1302 3433 3433 3433 3399 3399 3399 1349 1349 1349
    1354 1354 1354 1343 1338 1338 1333 1328 1322 1317 1312 1307 1302
    1297 1288 1283 1278 1273 1268 1264 1259 1255 1245 1241 1236 1232
    1232 1227 1227 1227 1232 1232 1236 1241 1245 1250 1255 1259 1264
    1268 1273 1278 1283 1283 1292 1297 1302 1307 3433 3433 3399 3399
    3399 3399 1376 1376 1370 1365 1365 1354 1343 1338 1338 1322 1322
    1317 1317 1312 1307 1302 1297 1283 1283 1278 1273 1264 1259 1259
    1255 1245 1241 1236 1232 1227 1227 1227 1227 1227 1232 1236 1241
    1245 1250 1255 1259 1264 1268 1273 1278 1278 1283 1292 1297 1302
    1307 3399 3399 3399 3399 3433 3433 1376 1376 1370 1365 1365 1349
    1343 1338 1333 1322 1322 1317 1312 1307 1302 1297 1292 1283 1278
    1278 1268 1264 1259 1255 1250 1245 1241 1232 1227 1227 1223 1223
    1227 1227 1232 1232 1241 1245 1245 1255 1259 1268 1268 1273 1278
    1278 1288 1292 1297 1297 1297 3399 3399 3365 3365 3365 3365 1365
    1365 1365 1365 1354 1349 1343 1338 1328 1322 1317 1312 1312 1302
    1297 1292 1288 1278 1273 1268 1264 1259 1255 1250 1245 1241 1236
    1232 1227 1227 1223 1223 1223 1223 1232 1232 1241 1241 1245 1250
