<?xml version="1.0"?>
<opencv_storage>
<Depth3419 type_id="opencv-matrix">
  <rows>23</rows>
  <cols>9</cols>
  <dt>w</dt>
  <data>
    3948 3948 3948 4295 4295 4295 4241 4139 3994 3994 3994 3994 4295
    4349 4295 4295 4241 4139 3948 3948 4041 4295 4295 4295 4295 4241
    4139 3948 3948 4295 4295 4295 4295 4349 4349 4241 3948 3948 3948
    4349 4349 4349 4349 4349 4349 3948 3948 3948 4349 4349 4349 4349
    4405 4405 3994 3994 4295 4349 4349 4405 4349 4349 4349 3994 4089
    4295 4349 4349 4349 4349 4349 4349 3994 4349 4349 4349 4295 4295
    4295 4295 4349 3994 4405 4349 4295 4295 4295 4295 4295 4405 3994
    4405 4349 4295 4295 4295 4241 4241 4241 3994 4405 4349 4349 4349
    4295 4241 4241 4241 4041 4349 4349 4349 4349 4295 4295 4295 4295
    4089 4349 4349 4349 4349 4295 4295 4295 0 4089 4349 4349 4349 4349
    4349 4349 4349 0 4089 4349 4349 4349 4295 4295 4295 4349 0 4349 4349
    4349 4349 4295 4295 4295 0 0 4405 4349 4349 4349 4295 4295 4295 0 0
    4405 4349 4349 4349 4295 4295 4295 0 0 4405 4349 4349 4349 4295 4295
    0 0 0 4349 4349 4349 4349 4349 4295 4295 0 0 4349 4349 4349 4349
    4349 4295 4295 0 0 4349 4349 4349 4349 4349 4295 4295 0 0</data></Depth3419>
</opencv_storage>
