<?xml version="1.0"?>
<opencv_storage>
<Depth13045 type_id="opencv-matrix">
  <rows>26</rows>
  <cols>6</cols>
  <dt>w</dt>
  <data>
    0 0 6146 6146 6146 6146 0 0 6146 6146 6146 6259 0 0 6146 6038 6038
    6038 0 0 6146 6038 6038 6038 0 0 6146 6146 6146 6038 0 0 6259 6146
    6146 6038 0 6259 6259 6146 6146 6146 0 6259 6146 6146 6146 6259 0
    6259 6146 6146 6146 6259 0 6259 6146 6146 6146 6259 0 6259 6259 6146
    6146 6038 0 0 6259 6146 6146 6038 0 6259 6259 6146 6146 6146 0 6146
    6146 6038 6038 6038 0 6146 6146 6038 6038 6038 0 6146 6146 6146 6146
    6146 6146 6146 6146 6146 6146 6146 6146 6146 6146 6146 6259 0 6146
    6146 6146 6146 6259 0 6146 6146 6146 6146 6259 0 6146 6146 6146 6146
    6259 0 6146 6146 6146 6146 0 0 6259 6146 6146 6146 0 0 6259 6146
    6146 6146 0 0 6146 6146 6146 6259 0 0 6146 6146 6146 6259 0 0</data></Depth13045>
</opencv_storage>
