<?xml version="1.0"?>
<opencv_storage>
<Depth4273 type_id="opencv-matrix">
  <rows>15</rows>
  <cols>32</cols>
  <dt>w</dt>
  <data>
    5291 5291 5291 5210 5210 5210 5291 5291 5291 5291 5210 5210 5291
    5210 5132 5132 5132 5132 5132 5132 5132 5132 5291 5291 4463 4405
    4405 4295 4295 4295 4295 4295 5291 5291 5291 5291 5210 5210 5291
    5291 5291 5291 5291 5291 5291 5210 5132 5056 5056 5132 5132 5132
    5132 5132 4295 4295 4295 4295 4295 4295 4241 4241 4241 4241 5291
    5291 5291 5291 5210 5210 5291 5291 5291 5291 5291 5291 5291 5210
    4983 4983 4983 5132 5132 4522 4405 4349 4295 4295 4295 4295 4295
    4295 4241 4241 4241 4241 5291 5291 5291 5291 5291 5291 5291 5291
    5291 5291 5291 5291 4295 4241 4241 4295 4241 4241 4349 4349 4349
    4295 4295 4295 4295 4295 4295 4295 4241 4241 4241 4241 5374 5374
    5374 5291 5291 5291 5291 5291 4349 4349 4349 4349 4295 4241 4241
    4295 4241 4241 4295 4295 4295 4295 4295 4295 4295 4295 4295 4295
    4295 4241 4241 4241 5291 5374 5374 5374 5374 4405 4405 4405 4349
    4349 4349 4349 4349 4405 4405 4295 4241 4241 4295 4295 4295 4295
    4295 4295 4295 4295 4295 4295 4295 4241 4241 4241 5291 4405 4405
    4405 4405 4405 4349 4349 4349 4349 4349 4349 4349 4349 4349 4349
    4349 4295 4295 4241 4241 4241 4241 4241 4241 4295 4295 4295 4241
    4241 4190 4190 4463 4405 4405 4405 4405 4405 4349 4349 4349 4349
    4349 4349 4349 4349 4349 4349 4349 4295 4295 4241 4241 4241 4241
    4241 4241 4295 4295 4295 4241 4241 4190 4190 4463 4463 4463 4463
    4405 4405 4349 4349 4405 4349 4349 4295 4295 4349 4349 4405 4405
    4349 4349 4295 4241 4241 0 0 0 0 0 0 4241 4241 4190 4190 4463 4463
    4463 4463 4405 4405 4349 4349 4405 4349 4349 4295 4295 4349 4349
    4405 4349 4349 4349 4295 4295 0 0 0 0 0 0 0 0 0 0 0 4463 4463 4463
    4463 4405 4405 4349 4349 4405 4349 4349 4349 4349 4405 4405 4405
    4349 4349 4405 4405 4405 0 0 0 0 0 0 0 0 0 0 0 4349 4349 4405 4405
    4405 4405 4405 4405 4349 4349 4349 4349 4405 4405 4463 4463 4463
    4463 4463 0 0 0 0 0 0 0 0 0 0 0 0 0 4349 4349 4405 4349 4349 4349
    4349 4349 4349 4349 4349 4349 0 0 0 0 0 0 0 0 0 0 0 0 0 0 0 0 0 0 0
    0 1794 4405 4405 4349 4349 4349 4349 4349 4349 4349 0 0 0 0 0 0 0 0
    0 0 0 0 0 0 0 0 0 0 0 0 0 0 1785 4349 4349 4405 4405 4349 4349 4349
    4349 0 0 0 0 0 0 0 0 0 0 0 0 0 0 0 0 0 0 0 0 0 0 0</data></Depth4273>
</opencv_storage>
