<?xml version="1.0"?>
<opencv_storage>
<Depth1556 type_id="opencv-matrix">
  <rows>97</rows>
  <cols>64</cols>
  <dt>w</dt>
  <data>
    3859 3859 3859 3816 3816 3816 1057 1054 1054 3774 3732 3692 3692
    3692 3692 3692 3614 3614 3653 3653 3653 3614 3576 3576 3539 3539
    3539 3539 3539 3503 3503 3503 3503 3468 1031 1031 3433 3399 3399
    3399 1025 1025 1025 1025 1022 1022 1016 1016 1013 1013 1013 1013
    1010 1010 1010 1010 1010 1010 1010 1010 3120 3120 3120 3120 3859
    3859 3859 3816 1054 1054 1057 1047 1041 1038 1038 1038 1041 1041
    1044 1041 1041 1041 1041 3614 3653 3576 3576 3576 1034 1031 1031
    1031 1028 1028 1028 1028 1028 1028 1028 1028 1025 1019 1019 1019
    1022 1022 1022 1022 1019 1016 1016 1016 1013 1013 1013 1013 1013
    1010 1010 1010 1010 1007 1007 1007 1007 1007 3178 3178 3859 3816
    3816 1054 1054 1054 1050 1047 1041 1038 1038 1038 1038 1041 1041
    1041 1041 1041 1041 1041 1038 1038 1038 1038 1034 1031 1031 1031
    1028 1028 1028 1028 1028 1028 1028 1028 1025 1019 1019 1019 1022
    1022 1022 1022 1019 1016 1016 1016 1013 1013 1013 1013 1013 1010
    1010 1010 1007 1007 1007 1007 1007 998 0 3208 1050 1050 1050 1050
    1050 1050 1047 1044 1041 1038 1038 1038 1038 1041 1041 1041 1041
    1041 1041 1041 1038 1038 1038 1038 1034 1031 1031 1031 1031 1031
    1031 1028 1028 1028 1028 1028 1025 1022 1022 1022 1022 1022 1022
    1022 1019 1016 1016 1013 1013 1013 1013 1010 1010 1010 1010 1010
    1007 1004 1004 998 998 0 0 3238 1050 1050 1050 1050 1050 1050 1047
    1044 1044 1041 1041 1041 1041 1041 1041 1041 1041 1041 1041 1041
    1038 1038 1038 1038 1034 1031 1031 1028 1028 1031 1031 1028 1028
    1028 1028 1028 1025 1025 1022 1022 1022 1022 1022 1019 1019 1016
    1013 1013 1013 1013 1013 1010 1010 1010 1010 1010 1007 1004 1004 998
    998 0 0 998 1050 1050 1050 1050 1050 1050 1047 1044 1044 1044 1041
    1041 1041 1041 1041 1041 1041 1038 1038 1038 1038 1038 1038 1038
    1034 1031 1031 1028 1028 1031 1031 1028 1028 1028 1028 1028 1025
    1025 1025 1025 1025 1022 1022 1019 1019 1016 1013 1013 1013 1013
    1013 1010 1010 1010 1010 1007 1007 1004 1004 998 998 0 0 0 1047 1047
    1050 1050 1050 1050 1047 1044 1044 1044 1044 1041 1041 1041 1041
    1041 1041 1038 1038 1038 1038 1038 1038 1038 1034 1031 1031 1028
    1028 1028 1031 1028 1028 1028 1028 1028 1025 1025 1025 1025 1022
    1022 1022 1019 1019 1016 1013 1013 1013 1010 1010 1010 1010 1010
    1010 1007 1007 1004 1004 1001 1001 0 0 0 1047 1047 1050 1050 1050
    1047 1047 1047 1044 1044 1044 1041 1041 1041 1041 1041 1041 1038
    1038 1038 1038 1038 1038 1034 1034 1031 1031 1028 1028 1028 1028
    1028 1028 1028 1028 1028 1025 1025 1025 1025 1022 1022 1022 1019
    1019 1016 1013 1013 1013 1010 1010 1010 1010 1010 1010 1010 1010
    1007 1007 1004 1004 0 0 0 1047 1047 1050 1050 1047 1047 1047 1047
    1044 1044 1044 1041 1041 1041 1041 1041 1041 1038 1038 1038 1038
    1038 1038 1034 1034 1034 1031 1031 1028 1028 1028 1028 1028 1028
    1028 1025 1025 1025 1025 1025 1022 1022 1019 1019 1019 1016 1013
    1013 1013 1013 1010 1010 1010 1010 1010 1010 1007 1007 1007 1007
    1007 0 0 0 1050 1050 1050 1050 1047 1047 1047 1047 1047 1047 1044
    1044 1041 1041 1041 1041 1041 1041 1041 1038 1038 1038 1038 1038
    1034 1034 1034 1031 1028 1028 1028 1028 1028 1028 1028 1025 1025
    1025 1025 1022 1022 1019 1019 1019 1019 1016 1016 1013 1013 1013
    1010 1010 1010 1010 1010 1007 1007 1004 1004 1004 1004 0 0 0 1054
    1050 1050 1050 1047 1047 1047 1047 1047 1047 1047 1044 1044 1041
    1041 1041 1041 1041 1041 1038 1038 1038 1038 1038 1034 1034 1034
    1034 1031 1028 1028 1028 1028 1028 1025 1025 1025 1025 1025 1022
    1022 1019 1019 1019 1019 1016 1016 1013 1013 1013 1010 1010 1010
    1010 1007 1007 1007 1001 1001 1004 1004 0 0 0 1050 1047 1047 1047
    1047 1047 1047 1047 1047 1047 1047 1044 1044 1041 1041 1041 1041
    1041 1038 1038 1038 1038 1038 1038 1034 1034 1031 1031 1031 1031
    1028 1028 1028 1025 1025 1025 1025 1025 1025 1022 1022 1019 1019
    1019 1019 1016 1016 1013 1013 1013 1010 1010 1010 1010 1007 1007
    1007 1001 1001 1004 0 0 0 0 1047 1044 1044 1047 1047 1047 1047 1047
    1047 1044 1044 1044 1044 1041 1041 1041 1041 1041 1038 1038 1038
    1038 1038 1038 1034 1031 1031 1031 1031 1031 1031 1028 1028 1025
    1025 1025 1025 1025 1025 1025 1022 1022 1022 1019 1019 1016 1016
    1013 1013 1013 1013 1010 1010 1010 1010 1007 1007 1004 1004 1004 0 0
    0 0 1038 1041 1041 1044 1047 1047 1047 1047 1044 1044 1044 1041 1041
    1041 1041 1041 1041 1041 1038 1038 1034 1034 1034 1034 1031 1031
    1031 1031 1031 1031 1031 1028 1028 1025 1025 1025 1025 1025 1025
    1025 1022 1022 1022 1022 1022 1019 1016 1013 1013 1013 1013 1010
    1010 1010 1010 1010 1007 1007 1007 1010 0 0 0 0 1038 1041 1041 1044
    1047 1047 1047 1047 1044 1044 1041 1041 1041 1041 1041 1041 1041
    1038 1038 1038 1034 1034 1034 1034 1031 1031 1031 1031 1031 1028
    1028 1028 1028 1025 1025 1025 1025 1025 1025 1025 1025 1022 1022
    1019 1019 1016 1016 1013 1013 1013 1013 1010 1010 1010 1010 1007
    1007 1007 1007 1010 1013 0 0 0 1041 1044 1047 1047 1050 1050 1050
    1047 1047 1044 1041 1041 1041 1041 1041 1041 1041 1038 1038 1038
    1038 1038 1034 1034 1031 1031 1031 1031 1031 1028 1028 1028 1028
    1025 1025 1025 1025 1025 1025 1025 1025 1022 1022 1019 1019 1016
    1013 1013 1013 1013 1013 1010 1010 1010 1007 1007 1007 1007 1007
    1010 1010 0 0 0 1041 1050 1050 1050 1050 1050 1050 1047 1047 1044
    1044 1044 1044 1041 1041 1041 1041 1038 1038 1038 1038 1034 1034
    1034 1031 1031 1034 1031 1031 1028 1028 1028 1028 1025 1025 1025
    1025 1025 1025 1025 1025 1022 1022 1019 1019 1013 1013 1013 1013
    1013 1013 1010 1010 1007 1007 1004 1004 1004 1004 1004 1001 1001 0 0
    1054 1050 1050 1050 1050 1050 1050 1047 1047 1044 1044 1044 1041
    1041 1041 1041 1041 1038 1038 1038 1038 1034 1034 1034 1034 1034
    1034 1031 1031 1028 1028 1028 1028 1028 1025 1025 1025 1025 1025
    1025 1022 1022 1019 1019 1016 1013 1013 1013 1013 1013 1013 1010
    1010 1007 1007 1004 1004 1004 1004 1004 1001 1001 0 0 1054 1054 1054
    1054 1050 1050 1050 1047 1044 1044 1044 1044 1041 1041 1041 1041
    1041 1041 1041 1041 1038 1038 1038 1038 1034 1034 1034 1031 1031
    1028 1028 1028 1028 1028 1028 1025 1025 1025 1025 1022 1022 1022
    1019 1019 1016 1013 1013 1013 1013 1013 1013 1010 1010 1007 1007
    1004 1004 1004 1001 1001 998 998 0 0 0 1054 1054 1050 1050 1047 1047
    1047 1044 1044 1041 1041 1041 1041 1041 1041 1041 1041 1041 1038
    1038 1038 1038 1038 1038 1034 1034 1031 1031 1031 1028 1028 1028
    1028 1025 1025 1025 1025 1022 1022 1019 1019 1019 1019 1016 1013
    1013 1013 1013 1013 1010 1010 1010 1007 1007 1004 1004 1004 1001
    1001 998 998 0 0 0 1054 1054 1050 1050 1047 1047 1044 1044 1044 1041
    1041 1041 1041 1041 1041 1041 1041 1038 1038 1038 1038 1038 1038
    1038 1034 1034 1031 1028 1028 1028 1028 1028 1028 1025 1025 1025
    1025 1022 1019 1019 1019 1019 1019 1019 1013 1013 1013 1013 1013
    1010 1010 1010 1007 1007 1004 1004 1004 1004 1001 998 998 0 0 1060
    1054 1050 1047 1047 1047 1047 1044 1044 1044 1044 1041 1041 1041
    1041 1041 1041 1041 1038 1038 1038 1038 1038 1038 1038 1034 1031
    1028 1028 1028 1028 1028 1028 1025 1025 1025 1025 1025 1022 1019
    1019 1016 1016 1016 1019 1013 1013 1013 1013 1013 1010 1010 1007
    1007 1007 1004 1004 1004 1004 1004 1001 1001 0 0 1057 1054 1050 1047
    1047 1047 1047 1047 1047 1044 1044 1041 1041 1041 1041 1041 1041
    1041 1038 1038 1038 1038 1038 1038 1034 1034 1031 1028 1028 1028
    1028 1028 1028 1025 1025 1025 1025 1025 1022 1019 1016 1016 1016
    1016 1016 1013 1013 1013 1013 1010 1010 1007 1007 1007 1007 1004
    1004 1004 1004 1004 1004 0 0 0 1057 1054 1050 1047 1047 1047 1047
    1047 1047 1044 1044 1041 1041 1041 1041 1041 1041 1038 1038 1038
    1038 1034 1034 1034 1034 1031 1031 1028 1028 1028 1028 1028 1028
    1025 1025 1025 1025 1025 1022 1019 1016 1016 1016 1016 1016 1013
