<?xml version="1.0"?>
<opencv_storage>
<Depth17979 type_id="opencv-matrix">
  <rows>73</rows>
  <cols>102</cols>
  <dt>w</dt>
  <data>
    2812 2812 2812 2812 2812 2812 871 871 871 873 873 873 873 873 873
    871 871 869 867 867 867 869 869 869 867 864 864 867 867 867 864 864
    864 862 862 2744 2744 2744 2767 2767 2744 2723 2723 2723 2723 2701
    2701 2701 2701 2680 2680 2680 2680 2701 2701 2680 2680 2680 2701
    2701 2701 2680 2680 2680 2680 2659 2659 2659 2659 2659 2639 2639
    2639 2639 2639 2618 2618 2618 2618 2618 2618 2618 2618 2618 2618
    2618 2618 2618 2618 2598 2598 2598 2598 2598 2598 2598 2579 2522
    2467 2467 2467 2467 2789 2812 2812 878 875 873 871 871 871 871 871
    873 871 871 871 871 867 867 864 864 864 867 867 867 864 864 864 864
    864 864 864 862 862 862 862 860 860 860 858 858 858 860 862 860 860
    860 858 858 2701 2680 2680 2680 2701 2701 2701 2680 2680 2680 2701
    2701 2680 2680 2680 2680 2680 2659 2659 2659 2639 2639 2639 2639
    2639 2618 2618 2618 2618 2618 2618 2618 2618 2618 2618 2618 2618
    2598 2598 2598 2598 2598 2598 2598 2618 2598 2598 2598 2579 2503
    2467 2467 2467 2467 2789 2812 873 873 873 871 869 869 869 869 871
    871 871 869 869 867 864 864 864 862 862 864 864 864 862 862 862 862
    864 862 860 858 858 858 858 858 858 858 858 858 858 860 860 858 858
    858 856 854 854 854 854 854 856 854 854 854 851 851 854 856 856 856
    2680 2680 2680 2659 2659 2639 849 849 849 849 849 2618 2618 2639
    2639 2639 2618 2598 2598 2598 2598 2618 2618 2598 2598 2598 2598
    2598 2598 2598 2618 2598 2598 2579 2579 2503 2467 2467 2467 2450
    2767 871 871 871 873 871 869 869 867 867 867 869 867 864 864 864 862
    862 862 860 860 860 860 860 860 860 860 860 860 858 856 856 856 856
    856 856 854 854 856 856 856 856 858 858 856 856 854 854 854 854 851
    851 854 851 851 851 851 851 851 851 851 854 851 849 849 849 849 849
    847 847 847 847 847 849 847 847 845 845 845 845 843 841 841 841 2618
    2598 2598 2598 2598 2598 841 841 839 839 2598 2579 2579 2522 2467
    2467 2467 2450 2767 871 871 871 873 871 869 869 864 864 864 864 864
    862 862 862 862 860 860 858 858 858 858 858 858 858 858 858 856 854
    854 854 854 854 854 854 851 851 851 851 851 851 851 851 851 849 849
    849 849 851 849 849 851 851 851 851 851 849 849 849 851 851 849 847
    847 847 847 847 847 847 847 847 847 847 847 845 843 843 843 841 841
    841 841 841 841 841 839 839 839 839 839 839 839 839 839 839 839 837
    837 833 833 835 2723 871 871 871 873 873 869 867 864 864 864 862 858
    858 858 858 856 856 856 856 856 856 856 856 856 856 854 854 854 854
    851 851 851 849 849 849 847 847 847 847 847 847 847 847 847 847 847
    845 845 845 845 845 849 847 847 847 847 847 847 847 847 847 845 845
    843 843 845 843 843 845 845 845 843 843 843 841 841 841 841 839 839
    839 839 839 841 839 839 839 839 839 839 839 839 839 839 839 837 837
    837 833 833 835 0 871 871 871 873 873 869 864 864 862 860 858 856
    856 856 856 856 854 854 854 854 854 854 854 854 854 851 849 849 851
    851 849 849 847 847 847 847 847 847 847 845 845 845 845 845 845 845
    843 841 841 843 843 843 841 841 841 845 845 843 841 841 843 843 841
    841 841 841 841 841 841 841 841 841 841 839 839 839 839 839 837 837
    837 837 837 839 839 837 837 837 835 835 837 837 837 837 837 835 835
    837 835 835 835 0 875 875 875 873 873 869 864 862 858 856 854 854
    854 854 854 854 854 854 851 851 851 851 851 851 849 847 847 847 847
    849 847 847 847 847 845 845 845 845 845 845 845 845 845 843 843 843
    841 841 841 841 841 841 841 841 839 839 839 839 839 839 839 841 839
    839 837 837 837 835 835 839 835 835 837 835 835 833 833 833 833 833
    833 833 835 833 833 833 833 833 833 833 833 833 833 833 833 833 833
    833 835 835 833 0 0 0 875 873 873 871 864 858 854 851 851 854 851
    851 851 851 849 849 849 849 847 847 847 847 847 845 845 845 845 847
    847 845 845 843 843 845 843 843 843 843 843 843 843 843 841 841 839
    839 839 839 839 841 841 839 837 837 835 835 837 837 837 835 835 837
    835 835 835 833 833 833 833 835 835 835 833 833 831 831 833 833 833
    831 831 831 831 831 831 831 831 831 831 831 831 831 829 829 829 831
    831 831 831 0 0 0 875 873 873 871 867 849 849 849 849 851 849 849
    847 847 847 847 847 847 847 845 845 845 845 845 845 845 845 845 845
    843 843 841 841 841 841 839 839 839 839 839 839 837 837 837 837 837
    837 837 837 839 839 837 837 835 835 835 835 835 835 833 833 833 833
    833 833 831 831 833 833 833 833 833 833 831 831 831 831 831 831 831
    827 827 827 827 829 829 829 829 831 831 831 827 827 827 827 825 825
    827 827 0 0 0 0 873 873 871 847 847 847 847 847 847 847 845 845 845
    843 843 845 843 843 843 843 843 843 843 843 843 843 843 841 839 839
    839 839 839 839 837 837 837 837 837 835 835 835 835 835 835 835 835
    835 835 833 833 833 833 833 833 833 833 833 831 831 831 831 831 831
    829 829 829 831 829 829 831 831 829 829 831 831 829 827 827 825 825
    825 825 827 827 827 827 827 827 825 825 825 825 823 823 823 825 825
    0 0 0 0 873 873 871 845 845 845 845 845 845 843 843 843 843 843 841
    841 839 839 841 839 839 839 839 839 839 839 839 839 837 837 837 837
    837 837 837 835 835 833 833 831 831 831 831 831 831 831 831 831 833
    833 833 831 831 831 831 831 829 829 829 829 829 829 829 829 827 827
    827 827 827 825 825 827 825 825 827 827 827 827 825 825 825 825 825
    825 825 825 825 825 825 825 823 823 823 821 821 821 823 825 0 0 0 0
    0 0 0 843 841 841 841 841 841 841 839 839 839 839 839 839 837 837
    837 837 835 835 837 837 837 837 837 837 835 833 833 835 835 835 833
    833 833 833 831 831 831 829 829 829 829 829 829 829 831 831 831 829
    829 829 827 827 825 825 827 827 827 825 825 825 823 823 823 823 823
    823 823 821 821 821 819 819 821 821 823 823 823 823 823 823 823 823
    823 823 823 823 821 821 819 819 819 819 821 823 0 0 0 0 0 0 0 841
    839 839 839 837 837 837 837 837 837 837 837 837 837 835 835 835 833
    833 835 835 835 835 835 835 833 831 831 833 831 831 831 831 831 829
    829 829 827 827 827 827 827 827 827 827 829 829 829 829 827 825 825
    823 823 823 825 825 823 823 823 823 823 821 821 821 821 821 819 817
    817 817 819 819 819 819 819 819 819 819 819 821 821 821 819 819 817
    817 819 817 817 817 817 817 819 819 0 0 0 0 0 0 833 833 835 835 837
    835 833 833 833 833 833 835 835 835 835 833 833 833 831 831 833 833
    833 833 831 831 831 831 829 829 829 829 829 829 829 827 827 825 825
    825 825 825 825 825 823 823 825 825 825 825 825 823 823 823 823 823
    821 821 821 821 821 821 821 819 819 819 817 817 817 817 817 817 817
    817 817 817 817 817 817 815 815 815 815 815 815 817 815 815 815 817
    817 815 815 815 817 817 0 0 0 0 0 0 831 831 833 833 833 831 831 831
    831 831 831 831 831 831 831 829 829 829 829 831 831 831 829 829 829
    829 829 829 829 827 827 827 827 827 825 825 823 823 823 823 823 823
    823 823 821 821 823 821 821 821 821 823 821 821 821 819 817 817 817
    817 817 817 817 817 817 815 815 815 815 815 815 815 815 815 815 813
    813 813 813 813 813 813 813 813 813 813 813 811 811 815 815 813 811
    811 813 813 0 0 0 0 0 0 829 829 829 829 829 829 829 829 829 829 829
    827 825 825 827 827 829 829 829 829 829 827 827 827 825 825 825 825
    825 825 825 823 823 823 823 823 823 821 821 821 821 821 821 821 819
    819 819 819 819 817 817 817 817 817 817 817 815 815 815 815 815 817
    817 815 813 813 811 811 811 813 813 815 813 813 811 811 811 811 811
    811 811 811 809 809 809 809 809 811 811 809 809 809 809 809 811 811
    0 0 0 0 0 829 827 825 825 825 825 825 827 827 827 827 825 823 823
    823 823 823 823 823 825 825 825 823 823 823 823 823 823 821 821 821
    821 821 821 821 819 819 819 817 817 817 817 817 817 817 815 815 817
    817 815 815 815 815 815 815 815 815 815 813 813 813 813 813 813 813
    811 811 809 809 809 809 809 811 811 809 809 809 809 809 809 809 809
