<?xml version="1.0"?>
<opencv_storage>
<Depth12570 type_id="opencv-matrix">
  <rows>15</rows>
  <cols>6</cols>
  <dt>w</dt>
  <data>
    6497 5548 5548 5548 0 0 6497 5548 5548 5548 0 0 5548 5548 5548 5460
    5460 5460 5548 5548 5548 5460 5460 5460 5460 5460 5548 5460 5460
    5460 5460 5460 5460 5460 5460 5460 5548 5460 5460 5460 5460 5460
    5548 5460 5460 5460 5460 5291 5548 5548 5548 5460 5460 5291 5548
    5548 5548 5460 5374 5374 5548 5460 5460 5374 5374 5291 5460 5460
    5460 5374 5374 5291 5460 5460 5460 5374 5374 5374 5548 5460 5460
    5460 5374 5374 1970 5460 5460 5460 5374 5374</data></Depth12570>
</opencv_storage>
