<?xml version="1.0"?>
<opencv_storage>
<Depth19786 type_id="opencv-matrix">
  <rows>13</rows>
  <cols>10</cols>
  <dt>w</dt>
  <data>
    7492 7492 4842 4842 4842 4842 4911 4911 4911 4911 4911 4911 4911
    4842 4842 4842 4911 4911 4911 4911 4911 4911 4911 4911 4911 4911
    4911 4911 4911 4842 4911 4911 4911 4911 4911 4911 4911 4911 4911
    4842 4911 4911 4911 4911 4911 4911 4911 4911 4911 4842 4911 4911
    4911 4911 4911 4911 4911 4911 4911 4911 4911 4911 4911 4911 4911
    4911 4911 4911 4911 4911 4911 4911 4911 4983 4983 4983 5056 4983
    4911 4911 4983 4911 4911 4983 4983 4983 4983 4911 4911 4842 5056
    4983 4983 4911 4911 4911 4911 4842 4842 4774 5056 5056 4983 4911
    4911 4911 4842 4708 4708 4708 5056 4983 4911 4911 4911 4911 4842
    4708 4708 4708 5056 4911 4911 4911 4842 4842 4842 4708 4708 4774</data></Depth19786>
</opencv_storage>
