<?xml version="1.0"?>
<opencv_storage>
<Depth0930 type_id="opencv-matrix">
  <rows>71</rows>
  <cols>15</cols>
  <dt>w</dt>
  <data>
    3903 2933 2883 2859 2835 2835 2835 2812 2789 1970 1936 1936 1926
    1894 1894 3948 2908 2859 2859 2812 2812 2812 2812 2789 1970 1936
    1926 1915 1894 1894 3903 2908 2859 2835 2812 2812 2789 2789 2767
    2744 1936 1904 1904 1894 1894 3903 2883 2835 2835 2812 2789 2767
    2767 2767 2744 1873 1873 1883 1883 1883 3948 2883 2835 2812 2789
    2789 2767 2767 2767 1873 1873 1873 1873 1863 1863 3903 2883 2835
    2789 2789 2767 2767 2744 2744 1873 1873 1863 1863 1863 1863 3903
    3903 2812 2789 2767 2767 2744 2744 2744 1883 1863 1863 1863 1863
    1863 3903 3903 2812 2789 2767 2767 2744 2744 2723 1894 1863 1863
    1863 1863 1863 3859 3859 2812 2789 2767 2767 2744 2744 2723 1894
    1894 1863 1863 1873 1863 3859 3859 2812 2789 2767 2767 2744 2744
    2744 1894 1894 1883 1883 1883 1883 2812 2812 2812 2789 2767 2767
    2744 2744 2744 1904 1894 1894 1894 2723 1739 2812 2812 2812 2789
    2767 2767 2744 2744 2744 2744 2744 2723 2723 2723 2701 2812 2812
    2812 2812 2767 2767 2744 2744 2744 2744 2744 2723 2701 2701 2701
    2812 2812 2812 2789 2744 2744 2744 2744 2744 2744 2723 2723 2680
    2680 2680 2835 2835 2789 2789 2744 2744 2744 2744 2744 2744 2723
    2680 2659 2618 2618 2812 2812 2789 2767 2744 2744 2744 2744 2723
    2723 2723 2680 2659 2618 2618 2812 2812 2767 2767 2744 2723 2723
    2744 2723 2723 2723 2723 2680 2639 2639 2789 2789 2767 2744 2723
    2723 2723 2744 2744 2723 2723 2723 2701 2659 2659 2789 2789 2767
    2744 2723 2723 2723 2744 2744 2723 2723 2723 2701 2659 2659 2789
    2789 2744 2744 2744 2723 2723 2723 2723 2723 2701 2701 2701 2680
    2680 3816 2744 2744 2744 2744 2723 2723 2723 2723 2723 2701 2680
    2680 2659 2639 3816 2812 2767 2767 2744 2744 2744 2723 2723 2701
    2701 2680 2680 2659 2639 3816 2789 2767 2767 2744 2744 2744 2723
    2723 2701 2701 2701 2701 2680 2680 2835 2789 2767 2744 2723 2723
    2744 2723 2723 2701 2701 2701 2701 2701 2701 2812 2767 2767 2744
    2723 2723 2723 2723 2723 2701 2701 2701 2701 2701 2723 2812 2744
    2744 2723 2701 2701 2723 2723 2723 2701 2701 2701 2701 2701 2701
    2812 2744 2744 2723 2701 2701 2701 2701 2701 2701 2701 2701 2680
    2680 2701 2812 2767 2767 2680 2680 2701 2701 2701 2701 2701 2701
    2680 2680 2680 2701 3859 2812 2812 2680 2680 2680 2701 2701 2701
    2701 2701 2680 2680 2680 2701 0 2767 2767 2744 2680 2680 2701 2701
    2701 2701 2680 2680 2680 2680 2680 3692 2744 2744 2723 2701 2680
    2680 2680 2680 2701 2680 2680 2680 2680 2680 3692 2744 2744 2680
    2680 2680 2680 2680 2680 2680 2680 2659 2659 2659 2659 3692 2744
    2744 2680 2680 2659 2659 2680 2659 2659 2659 2659 2659 2659 2659
    3653 2767 2744 2659 2659 2659 2659 2659 2639 2639 2639 2639 2639
    2639 2579 2789 2767 2744 2659 2659 2659 2659 2659 2639 2639 2639
    2639 2639 2639 2579 2767 2744 2744 2680 2659 2659 2659 2639 2639
    2618 2618 2639 2639 2639 2579 2723 2723 2723 2680 2659 2659 2659
    2639 2639 2618 2618 2659 2659 2659 2680 2680 2680 2701 2680 2680
    2659 2639 2639 2639 2639 2680 2680 2680 0 0 2639 2639 2680 2680 2659
    2659 2639 2639 2639 2639 2639 2659 0 0 0 2639 2639 2639 2680 2659
    2659 2639 2639 2639 2639 2659 2659 0 0 0 2639 2639 2639 2659 2659
    2659 2659 2639 2639 2639 2659 2659 2659 2659 0 3539 2659 2659 2659
    2659 2659 2659 2639 2639 2659 2659 2659 2659 2659 0 3539 2701 2680
    2659 2659 2659 2659 2639 2639 2639 2639 2639 2618 2618 0 3539 2701
    2701 2680 2659 2659 2659 2639 2639 2639 2639 2639 2618 2618 0 3399
    2767 2744 2680 2659 2659 2659 2659 2659 2659 2659 2639 2639 0 0 3399
    2767 2680 2659 2659 2659 2659 2659 2659 2659 2639 2639 2639 2639 0
    3399 2680 2659 2659 2659 2659 2659 2659 2659 2659 2639 2639 2639
    2639 0 2680 2659 2659 2659 2639 2639 2639 2639 2639 2639 2639 2618
    2618 2618 0 2680 2659 2659 2659 2639 2639 2639 2618 2618 2618 2618
    2618 2598 2598 0 2701 2680 2659 2659 2639 2639 2618 2618 2618 2618
    2618 2598 2598 2598 0 2723 2680 2659 2659 2639 2639 2618 2618 2618
    2618 2618 2598 2598 2598 0 2723 2701 2659 2659 2639 2639 2639 2618
    2618 2618 2618 2618 2598 2598 2639 2723 2723 2639 2639 2639 2639
    2639 2639 2639 2639 2639 2639 2639 2639 2639 2723 2723 2639 2639
    2639 2639 2639 2639 2639 2639 2639 2639 2639 2639 2639 2723 2701
    2659 2639 2639 2639 2639 2639 2639 2639 2639 2639 2639 2598 2598
    2680 2680 2659 2639 2639 2639 2639 2639 2639 2639 2639 2639 2639
    2598 2598 2680 2680 2639 2639 2639 2639 2639 2639 2639 2639 2639
    2639 2639 2598 2598 2744 2659 2639 2639 2618 2618 2639 2639 2639
    2639 2639 2639 2639 2639 0 2744 2659 2618 2618 2618 2618 2618 2639
    2639 2639 2639 2639 2639 2639 0 2744 2659 2618 2618 2618 2618 2618
    2639 2639 2639 2639 2639 2618 2618 0 2680 2659 2618 2618 2618 2618
    2639 2639 2639 2618 2618 2598 2598 2598 0 2659 2639 2618 2618 2618
    2618 2618 2618 2618 2618 2618 2598 2598 2598 2598 2659 2639 2618
    2618 2618 2598 2598 2618 2618 2618 2618 2598 2579 2579 2579 2659
    2639 2598 2598 2598 2598 2598 2618 2598 2598 2598 2598 2579 2560
    2560 2659 2618 2598 2579 2579 2598 2598 2618 2598 2598 2598 2598
    2579 2560 2560 2659 2618 2598 2579 2579 2598 2618 2618 2618 2598
    2598 2598 2579 2579 2598 3269 2639 2618 2598 2598 2618 2618 2618
    2618 2598 2598 2598 2579 2579 0 3269 2639 2618 2618 2618 2618 2618
    2618 2618 2618 2618 2598 2579 2579 0 3269 3269 2618 2618 2618 2618
    2618 2618 2618 2618 2618 2598 2579 2579 0 3238 3269 2598 2598 2618
    2618 2618 2598 2598 2598 2618 2598 2579 2579 0 3208 3333 2598 2598
    2618 2618 2618 2598 2598 2598 2598 2598 2579 2579 0</data></Depth0930>
</opencv_storage>
