<?xml version="1.0"?>
<opencv_storage>
<Depth16019 type_id="opencv-matrix">
  <rows>43</rows>
  <cols>27</cols>
  <dt>w</dt>
  <data>
    6259 6259 6259 6375 6375 6375 6259 6259 6259 6259 6259 6622 6622
    6497 6497 6497 2522 2522 2541 2560 6753 6753 6753 6753 6753 6753
    6753 6259 6259 6259 6375 6375 6375 6259 6259 6259 6146 6146 6146
    2503 2485 2485 2485 2485 2485 2522 2541 2560 2560 2618 6753 6753
    6753 6753 6259 6259 6259 6375 6375 6375 6259 6259 5933 5933 6146
    2541 2503 2467 2450 2450 2450 2467 2485 2503 2522 2522 2560 2560
    6889 6753 6753 6259 6259 6375 6375 6375 6259 6259 6259 5832 5734
    2541 2503 2485 2467 2450 2450 2450 2450 2450 2450 2450 2467 2485
    2522 2522 6753 6753 6259 6375 6259 6259 6259 6259 6259 2598 2579
    2579 2541 2485 2467 2450 2398 2381 2381 2381 2381 2381 2398 2398
    2432 2432 2432 2381 6753 6259 6259 6259 6259 6259 6259 6146 2598
    2579 2541 2503 2485 2450 2415 2365 2349 2349 2365 2365 2365 2381
    2381 2381 2381 2381 2381 2381 6259 6259 6259 6259 6259 6259 6146
    5734 5460 2541 2485 2450 2398 2365 2349 2349 2349 2349 2365 2365
    2365 2365 2365 2365 2381 2381 2381 6259 6259 6259 6259 6259 6259
    6146 6146 6146 5210 2485 2450 2398 2365 2349 2349 2349 2349 2349
    2365 2365 2365 2365 2365 2365 2381 2398 6259 6259 6259 6259 6259
    6259 6038 5933 5933 2503 2467 2415 2381 2365 2349 2349 2349 2349
    2349 2365 2365 2365 2365 2365 2365 2381 2398 6259 6259 6375 6375
    6375 6259 6038 5933 5933 2503 2450 2415 2381 2365 2349 2349 2349
    2349 2349 2365 2365 2365 2365 2365 2381 2381 2398 6259 6259 6375
    6497 6375 6259 5832 5832 2522 2485 2450 2415 2381 2365 2349 2349
    2349 2349 2349 2349 2365 2365 2365 2365 2365 2365 2365 6259 6375
    6375 6375 6375 6259 5832 2560 2522 2467 2432 2365 2349 2349 2349
    2349 2349 2349 2349 2349 2365 2365 2381 2365 2349 2349 2349 6259
    6259 6375 6375 6259 6146 6146 2560 2541 2450 2398 2365 2349 2349
    2349 2349 2349 2349 2349 2349 2365 2365 2365 2365 2349 2349 2349
    6259 6259 6259 6259 6259 6146 6146 6146 2541 2432 2381 2349 2349
    2349 2349 2349 2349 2349 2349 2349 2365 2365 2365 2365 2365 2365
    2365 6259 6259 6259 6259 6259 6259 6259 2467 2467 2415 2381 2349
    2349 2333 2333 2349 2349 2349 2349 2349 2365 2365 2365 2365 2365
    2365 6622 6259 6259 6259 6259 6259 6375 2467 2450 2432 2415 2365
    2349 2349 2333 2333 2349 2349 2349 2349 2349 2365 2365 2365 2365
    2365 2365 6622 6259 6259 6259 6259 6259 6259 2467 2450 2432 2415
    2365 2349 2349 2349 2349 2349 2349 2349 2349 2349 2365 2365 2365
    2381 2381 6622 6622 6146 6259 6259 6259 6259 6375 2503 2467 2432
    2398 2365 2349 2349 2349 2349 2349 2349 2349 2349 2349 2349 2365
    2365 2381 2381 6622 6622 6146 6259 6259 6259 6259 6259 2467 2450
    2415 2381 2349 2349 2349 2349 2349 2349 2349 2349 2349 2349 2349
    2365 2365 2381 2381 6753 6753 6146 6259 6259 6259 6259 2467 2450
    2432 2415 2381 2349 2349 2349 2349 2349 2349 2349 2349 2349 2349
    2349 2365 2365 2381 6753 6753 6753 6259 6259 6259 6146 6146 2467
    2432 2415 2398 2365 2349 2349 2349 2349 2349 2349 2349 2349 2349
    2349 2349 2349 2349 2349 6622 6622 6753 6259 6259 6259 6146 2467
    2450 2432 2398 2381 2349 2349 2349 2349 2349 2349 2349 2349 2349
    2349 2349 2349 2349 2349 2349 6622 6622 6753 6259 6259 6259 6259
    2450 2432 2415 2365 2349 2333 2333 2333 2333 2349 2349 2349 2349
    2349 2349 2349 2349 2349 2349 6622 6622 6622 6753 6259 6259 6259
    2467 2450 2432 2398 2349 2349 2333 2333 2333 2333 2333 2333 2349
    2349 2349 2349 2349 2349 2349 2349 6497 6497 6622 6753 6259 6259
    6259 2467 2432 2415 2398 2349 2333 2333 2333 2333 2333 2333 2333
    2349 2349 2349 2349 2349 2349 2349 6259 6259 6375 6497 6622 6259
    6259 2450 2450 2432 2398 2365 2333 2333 2333 2333 2333 2333 2333
    2333 2349 2349 2349 2349 2349 2349 2349 6259 6259 6375 6497 6497
    6146 6146 2450 2450 2432 2398 2349 2333 2333 2333 2333 2333 2333
    2333 2333 2333 2349 2349 2349 2349 2349 2365 6375 6375 6497 6497
    6497 6146 6146 2432 2432 2415 2381 2333 2317 2317 2333 2333 2333
    2333 2333 2333 2333 2349 2349 2349 2349 2349 2349 6375 6375 6497
    6497 6497 2450 2450 2432 2432 2415 2381 2317 2317 2317 2317 2317
    2333 2333 2333 2333 2333 2333 2349 2349 2349 2349 2349 6497 6497
    6622 6622 6622 2467 2450 2432 2415 2381 2365 2317 2317 2317 2317
    2317 2333 2333 2333 2333 2333 2333 2349 2349 2349 2349 2349 6497
    6497 6622 6622 6497 2467 2450 2415 2398 2365 2333 2317 2301 2301
    2301 2317 2317 2333 2333 2333 2333 2333 2333 2333 2333 2349 2349
    6497 6497 6497 6497 6497 2467 2450 2415 2381 2349 2333 2317 2301
    2301 2301 2317 2317 2333 2333 2333 2333 2333 2333 2333 2333 2333
    6259 6259 6259 6038 6038 6375 2450 2432 2415 2365 2333 2317 2317
    2317 2317 2317 2317 2317 2317 2333 2333 2333 2333 2333 2333 2333
    2333 6259 6259 5640 5640 5832 6259 2415 2415 2398 2365 2333 2317
    2301 2286 2286 2301 2301 2301 2301 2333 2333 2333 2333 2333 2333
    2333 2333 0 5640 5640 5640 5640 6259 2415 2415 2398 2349 2317 2317
    2301 2286 2286 2301 2301 2301 2301 2317 2333 2333 2333 2333 2333
    2333 0 0 0 0 5548 5548 6375 2415 2398 2381 2349 2301 2301 2301 2301
    2317 2317 2301 2301 2317 2317 2333 2333 2333 2333 2349 2485 0 0 0 0
    5548 5548 6375 2415 2398 2381 2333 2301 2301 2301 2301 2317 2317
    2286 2286 2317 2317 2333 2333 2333 2333 2365 2485 0 0 0 0 0 0 6375 0
    2398 2381 2333 2301 2301 2301 2301 2301 2301 2286 2286 2317 2317
    2333 2317 2301 2301 0 0 0 0 0 0 0 0 0 0 0 2333 2317 2301 2301 2301
    2301 2301 2286 2286 2286 2317 2317 2333 2317 2286 2286 0 0 0 0 0 0 0
    0 0 0 0 2317 2317 2301 2301 2301 2301 2286 2286 2286 2286 2286 2333
    2317 2317 2286 2286 0 0 0 0 0 0 0 0 0 0 0 2317 2317 2301 2301 2301
    2301 2286 2286 2286 2286 2286 2301 2301 2317 2317 2639 2639 0 0 0 0
    0 0 0 0 0 2317 2317 2317 2301 2301 2301 2301 2301 2286 2286 2286
    2286 2301 2301 2317 2317 2639 2639 0 0 0 0 0 0 0 0 0 2317 2317 2301
    2301 2271 2271 2271 2301 2301 2317 2317 2301 2286 2286 2301 2333 0 0
    0 0 0 0 0 0 0 0</data></Depth16019>
</opencv_storage>
