<?xml version="1.0"?>
<opencv_storage>
<Depth5484 type_id="opencv-matrix">
  <rows>67</rows>
  <cols>46</cols>
  <dt>w</dt>
  <data>
    4645 4645 4645 4645 4645 4645 4645 4645 4645 4645 4645 4645 4774
    4842 4774 4774 4774 4708 4708 4842 4842 4911 4911 1516 1503 1503
    1503 1509 1503 1489 1483 1477 1477 1477 1477 1477 1509 1509 1509
    5132 5132 5132 5210 5210 5210 5210 4645 4645 4645 4645 4645 4645
    4645 4645 4645 4645 4645 4645 4645 4774 4774 4774 4774 4708 1543
    1543 4911 4911 4911 1516 1509 1509 1509 1503 1503 1489 1483 1477
    1477 1477 1477 1496 1496 1503 1509 1509 1536 1536 1536 5210 5210
    5210 4582 4582 4582 4582 4582 4582 4582 4645 4645 4645 4645 1586
    1586 4774 4842 4774 1536 1536 1536 1536 1529 1529 1523 1516 1509
    1503 1503 1496 1489 1489 1483 1477 1477 1477 1477 1489 1496 1496
    1503 1509 1536 1536 1536 1529 1529 1529 4582 4582 4582 4582 4582
    4582 4582 4645 4645 4645 4645 1579 1572 1572 1564 1557 1536 1536
    1536 1529 1523 1516 1516 1509 1503 1496 1489 1489 1489 1483 1483
    1477 1477 1477 1477 1489 1496 1496 1503 1509 1516 1523 1523 1529
    1529 1529 4582 4582 4582 4582 4582 4645 4645 4645 4645 1586 1579
    1579 1572 1564 1564 1550 1543 1536 1536 1529 1516 1516 1509 1509
    1503 1489 1489 1483 1483 1477 1470 1470 1470 1470 1477 1483 1489
    1496 1496 1509 1516 1516 1523 1529 1529 1529 4582 4582 4582 4582
    1632 1624 1594 1586 1579 1579 1579 1579 1572 1564 1557 1550 1543
    1536 1536 1523 1516 1516 1509 1509 1503 1489 1489 1483 1477 1470
    1464 1464 1464 1464 1477 1483 1489 1496 1496 1509 1509 1516 1516
    1529 1529 1529 4522 4582 4582 1624 1624 1616 1594 1586 1579 1579
    1572 1572 1572 1564 1557 1550 1543 1536 1536 1523 1516 1516 1509
    1503 1496 1489 1483 1483 1477 1470 1464 1464 1464 1464 1477 1483
    1489 1489 1496 1503 1509 1516 1516 1529 1529 1529 4463 4463 4463
    1609 1609 1609 1594 1586 1586 1579 1572 1572 1564 1564 1557 1543
    1536 1536 1529 1516 1516 1516 1509 1496 1489 1489 1483 1477 1470
    1464 1464 1464 1464 1470 1477 1483 1483 1489 1496 1503 1509 1516
    1516 1523 1536 1536 4463 4463 0 1609 1609 1609 1594 1586 1586 1572
    1572 1564 1564 1557 1550 1543 1536 1536 1529 1516 1509 1509 1509
    1496 1489 1483 1483 1477 1470 1464 1464 1458 1458 1470 1477 1483
    1483 1483 1489 1503 1509 1509 1516 1523 1536 1543 4463 4463 0 1594
    1594 1594 1594 1586 1579 1572 1572 1564 1564 1557 1550 1543 1536
    1536 1523 1516 1509 1509 1503 1496 1489 1483 1483 1477 1470 1464
    1458 1458 1458 1464 1470 1477 1483 1483 1489 1496 1509 1509 1516
    1523 1523 1523 4463 0 0 1594 1594 1594 1594 1586 1579 1572 1572 1564
    1557 1550 1543 1543 1536 1536 1523 1509 1509 1503 1503 1489 1489
    1483 1477 1470 1464 1458 1458 1458 1458 1464 1470 1477 1477 1483
    1489 1496 1503 1509 1516 1523 1523 1523 4463 0 1624 1601 1601 1594
    1586 1579 1579 1572 1572 1564 1557 1550 1543 1543 1536 1529 1523
    1509 1509 1503 1496 1489 1489 1483 1477 1470 1464 1458 1458 1458
    1458 1464 1464 1470 1477 1483 1489 1496 1503 1509 1516 1523 1529
    1529 4463 0 1624 1624 1601 1594 1586 1579 1572 1572 1572 1564 1557
    1543 1543 1536 1536 1529 1523 1516 1503 1496 1489 1489 1483 1483
    1477 1470 1464 1464 1458 1458 1458 1464 1464 1470 1477 1483 1489
    1496 1503 1509 1516 1523 1529 1529 0 0 0 1624 1601 1594 1586 1579
    1572 1564 1564 1564 1550 1543 1543 1536 1536 1529 1523 1509 1503
    1496 1489 1489 1483 1483 1477 1470 1464 1464 1458 1458 1458 1458
    1464 1464 1483 1483 1489 1496 1503 1509 1509 1516 1529 1529 0 0 0
    1601 1601 1594 1586 1579 1572 1564 1564 1557 1550 1543 1536 1536
    1536 1523 1516 1509 1496 1496 1489 1489 1483 1483 1477 1470 1464
    1458 1452 1452 1452 1458 1458 1464 1477 1483 1489 1496 1503 1509
    1509 1516 1523 1523 0 0 0 1601 1594 1594 1579 1572 1564 1564 1557
    1550 1543 1536 1536 1536 1536 1523 1516 1509 1496 1496 1489 1489
    1483 1477 1477 1464 1464 1458 1439 1439 1445 1452 1458 1464 1477
    1483 1489 1496 1503 1509 1516 1516 1516 1516 4405 0 1594 1594 1594
    1594 1579 1572 1564 1564 1557 1550 1543 1536 1536 1536 1536 1516
    1509 1509 1496 1496 1489 1483 1483 1477 1470 1464 1458 1452 1439
    1439 1445 1452 1458 1464 1477 1483 1483 1489 1496 1509 1509 1516
    1516 1516 4405 0 1594 1594 1594 1586 1572 1572 1564 1564 1557 1550
    1543 1536 1536 1529 1529 1509 1509 1509 1503 1489 1489 1483 1483
    1470 1470 1464 1458 1452 1445 1445 1445 1452 1458 1464 1477 1483
    1483 1489 1496 1509 1509 1509 1509 1509 4405 0 1586 1586 1586 1579
    1572 1572 1564 1564 1550 1543 1543 1536 1536 1529 1529 1509 1509
    1503 1503 1489 1483 1483 1477 1470 1464 1464 1458 1445 1439 1439
    1445 1452 1458 1464 1477 1477 1483 1489 1496 1503 1509 1509 1509
    1509 0 1586 1586 1586 1579 1572 1572 1572 1564 1557 1550 1543 1536
    1536 1536 1523 1516 1509 1503 1503 1496 1489 1483 1483 1477 1470
    1464 1458 1458 1445 1439 1439 1445 1452 1458 1458 1470 1477 1483
    1489 1496 1503 1503 1509 1509 1509 0 1586 1586 1586 1579 1572 1572
    1564 1564 1550 1543 1543 1536 1536 1523 1516 1516 1509 1503 1496
    1489 1489 1483 1483 1477 1470 1464 1458 1458 1445 1439 1439 1445
    1452 1458 1458 1464 1470 1483 1483 1489 1503 1503 1509 1509 1516
    4405 1586 1586 1579 1579 1572 1572 1564 1557 1550 1543 1543 1536
    1536 1523 1516 1516 1509 1503 1496 1489 1489 1483 1483 1477 1470
    1464 1458 1458 1439 1439 1439 1445 1445 1458 1458 1464 1470 1483
    1483 1489 1496 1496 1509 1509 1516 4349 1586 1586 1579 1579 1572
    1572 1564 1557 1550 1543 1536 1536 1529 1523 1516 1516 1509 1509
    1503 1489 1489 1483 1477 1470 1464 1464 1458 1452 1439 1439 1439
    1445 1445 1458 1458 1458 1464 1477 1483 1489 1489 1496 1509 1509
    1509 4349 4349 1579 1579 1579 1572 1572 1564 1557 1550 1543 1536
    1536 1529 1516 1516 1509 1509 1503 1496 1489 1483 1483 1477 1470
    1464 1458 1452 1445 1439 1439 1439 1439 1445 1458 1458 1458 1464
    1470 1477 1483 1489 1496 1503 1509 1509 4405 1579 1579 1579 1572
    1572 1564 1557 1557 1550 1543 1536 1536 1523 1516 1516 1509 1509
    1503 1489 1483 1483 1483 1470 1470 1464 1458 1452 1445 1439 1433
    1433 1439 1445 1452 1458 1458 1464 1464 1477 1483 1489 1496 1503
    1509 1509 4582 1579 1579 1579 1572 1572 1564 1557 1550 1543 1543
    1536 1529 1523 1516 1509 1509 1503 1489 1489 1483 1483 1477 1470
    1470 1464 1458 1452 1445 1439 1433 1433 1433 1439 1445 1452 1458
    1464 1464 1477 1483 1489 1489 1496 1496 1496 4582 1572 1572 1572
    1572 1572 1564 1557 1550 1543 1543 1536 1529 1523 1516 1509 1503
    1503 1489 1483 1483 1477 1477 1470 1464 1458 1458 1452 1439 1433
    1433 1433 1433 1439 1445 1452 1458 1464 1464 1470 1483 1483 1489
    1489 1496 1496 4582 1572 1572 1572 1572 1564 1564 1557 1550 1543
    1536 1536 1529 1516 1516 1509 1496 1496 1489 1483 1477 1477 1477
    1470 1464 1458 1452 1452 1439 1433 1433 1433 1433 1439 1445 1452
    1458 1458 1464 1470 1483 1483 1489 1489 1489 1489 1564 1572 1572
    1572 1572 1564 1550 1550 1543 1543 1536 1536 1529 1516 1516 1509
    1496 1496 1489 1483 1477 1477 1470 1464 1464 1458 1452 1445 1439
    1433 1433 1433 1433 1439 1445 1452 1452 1458 1464 1470 1483 1483
    1489 1489 1489 1489 1564 1564 1564 1572 1572 1550 1550 1550 1543
    1536 1536 1536 1529 1516 1516 1509 1496 1496 1489 1483 1483 1483
    1470 1464 1464 1452 1452 1439 1439 1433 1433 1433 1433 1433 1445
    1452 1452 1458 1464 1470 1477 1483 1489 1489 1489 1489 1564 1564
    1564 1557 1550 1550 1550 1543 1543 1536 1536 1529 1523 1516 1509
    1503 1496 1489 1489 1483 1483 1483 1470 1464 1458 1452 1445 1439
    1439 1433 1433 1433 1433 1433 1445 1452 1458 1458 1464 1464 1477
    1483 1489 1489 1489 1489 1564 1564 1557 1557 1550 1550 1550 1543
    1543 1536 1536 1529 1516 1516 1509 1503 1496 1489 1489 1483 1483
    1477 1464 1464 1458 1445 1445 1439 1433 1433 1427 1427 1427 1433
    1439 1445 1452 1458 1458 1464 1477 1483 1483 1489 1489 1489 1564
    1564 1557 1557 1550 1550 1543 1543 1543 1536 1536 1516 1509 1509
