<?xml version="1.0"?>
<opencv_storage>
<Depth2554 type_id="opencv-matrix">
  <rows>12</rows>
  <cols>72</cols>
  <dt>w</dt>
  <data>
    1232 1232 1227 1227 1227 1232 1232 1232 1232 1232 1232 1232 1232
    1232 1232 1232 1232 1232 1236 1236 1236 1236 1236 1236 1236 1236
    1236 1241 1241 1245 1255 1250 1250 1255 1255 1255 1259 1259 1264
    1264 1259 1259 1268 1268 1268 1273 1268 1268 1264 1264 1264 1264
    1264 1268 1273 1283 1288 1288 1288 1288 1288 1297 1288 1283 1283
    1283 1288 1292 1297 1297 1302 1297 1232 1232 1236 1232 1232 1232
    1236 1241 1236 1232 1232 1236 1236 1245 1245 1250 1245 1245 1245
    1245 1250 1250 1250 1245 1245 1250 1250 1255 1255 1255 1264 1264
    1268 1268 1268 1273 1273 1273 1273 1273 1273 1273 1273 1283 1288
    1288 1278 1273 1273 1273 1273 1273 1273 1278 1288 1292 1292 1292
    1297 1307 1307 1312 1307 1307 1312 1312 1312 1312 1322 1322 1322
    1317 1232 1232 1241 1241 1241 1241 1250 1250 1255 1250 1250 1250
    1259 1259 1264 1264 1264 1264 1264 1264 1268 1268 1268 1268 1283
    1255 1255 1264 1268 1278 1278 1283 1288 1288 1288 1283 1283 1283
    1283 1283 1292 1292 1297 1297 1297 1302 1302 1292 1292 1292 1292
    1307 1312 1312 1312 1317 1322 1328 1328 1322 1322 1322 1322 1322
    1328 1328 1328 1328 1328 1328 1328 1328 0 0 1268 1268 1268 1264 1264
    1264 1264 1264 1264 1268 1273 1273 1268 1268 1268 1273 1273 1278
    1278 1278 1283 1283 1283 1288 1278 1278 1283 1283 1288 1292 1302
    1302 1297 1297 1297 1307 1307 1307 1307 1307 1317 1312 1312 1317
    1317 1322 1328 1328 1328 1328 1333 1333 1338 1338 1333 1333 1333
    1328 1328 1333 1333 1333 1333 1343 1338 1333 1333 1333 1333 1333 0 0
    1297 1268 1268 1273 1273 1273 1278 1273 1273 1278 1288 1283 1278
    1278 1278 1283 1288 1288 1288 1288 1288 1302 1302 1302 1302 1302
    1307 1307 1312 1312 1317 1317 1322 1322 1322 1317 1317 1317 1317
    1322 1328 1328 1328 1328 1328 1333 1333 1343 1338 1338 1343 1349
    1354 1354 1343 1338 1338 1338 1338 1343 1354 1359 1359 1359 1354
    1354 1354 1365 1365 1370 0 0 1297 1288 1288 1288 1283 1283 1288 1283
    1283 1288 1292 1292 1292 1288 1288 1297 1292 1292 1297 1307 1307
    1312 1312 1312 1322 1317 1317 1322 1322 1322 1322 1322 1333 1333
    1328 1328 1328 1328 1338 1338 1333 1333 1333 1333 1338 1370 1365
    1354 1349 1349 1354 1359 1359 1365 1370 1370 1370 1365 1359 1359
    1370 1370 1370 1365 1365 1365 1370 1376 1381 1387 0 0 0 0 1288 1288
    1288 1307 1307 1307 1307 1307 1307 1302 1302 1307 1307 1307 1307
    1317 1328 1322 1322 1328 1333 1333 1338 1333 1333 1333 1333 1328
    1328 1333 1343 1349 1349 1349 1349 1359 1354 1349 1349 1354 1365
    1370 1381 1376 1376 1376 1370 1370 1370 1370 1370 1376 1381 1381
    1381 1387 1387 1387 1387 1381 1381 1387 1381 1381 1387 1387 1392
    1392 0 0 0 0 1365 1365 1365 1312 1312 1317 1322 1322 1328 1328 1328
    1333 1338 1333 1333 1338 1343 1338 1338 1343 1343 1349 1349 1349
    1338 1338 1333 1333 1333 1349 1365 1359 1359 1365 1381 1387 1387
    1387 1387 1387 1387 1387 1392 1387 1387 1392 1392 1392 1387 1387
    1387 1387 1392 1398 1404 1404 1392 1392 1398 1410 1410 1415 1415
    1421 1421 4582 4582 4645 0 0 0 0 1365 1365 1365 1359 1354 1354 1354
    1359 1365 1343 1343 1349 1349 1354 1354 1349 1349 1349 1349 1354
    1354 1365 1365 1365 1365 1370 1370 1370 1376 1376 1376 1376 1376
    1381 1398 1398 1398 1398 1398 1398 1404 1404 1410 1410 1410 1410
    1410 1410 1410 1398 1398 1404 1410 1410 1415 1415 1415 1415 1415
    1415 1415 1415 1421 1421 4582 4582 4582 4645 0 0 0 0 1365 1365 1365
    1365 1370 1370 1376 1376 1376 1376 1376 1376 1376 1376 1365 1365
    1365 1370 1370 1370 1370 1376 1376 1387 1392 1392 1392 1392 1392
    1398 1392 1392 1392 1410 1410 1404 1404 1404 1404 1404 1410 1415
    1421 1421 1421 1421 1421 1421 1415 1404 1404 1410 1415 1415 1415
    1427 4645 4645 4645 4708 4708 4708 1427 1427 4582 4582 4582 4645 0 0
    0 0 0 1370 1370 1370 1387 1387 1392 1398 1398 1398 1392 1392 1404
    1410 1410 1404 1404 1404 1387 1387 1392 1392 1392 1398 1398 1398
    1398 1404 1404 1404 1410 1421 1415 1415 1421 1421 1421 1415 1415
    1415 1415 4708 4708 1433 1427 1427 1433 1433 4708 1433 1433 4708
    4774 4708 4708 4708 4645 4645 4645 4708 4708 4645 4645 4582 4582
    4582 4645 4645 0 0 0 0 0 0 1433 1433 1404 1398 1398 1404 1398 1398
    1404 1410 1415 1421 1415 1415 1415 1415 1421 1421 1427 1427 1421
    1410 1410 1410 1410 1410 1410 1410 1415 1427 1433 1433 4774 4774
    4774 4774 4774 4708 4708 4708 4708 1439 1439 1439 4708 4708 4708
    4708 4708 4708 4708 4708 4708 4708 4645 4645 4708 4708 4708 4645
    4645 4645 4645 4645 4645 4645</data></Depth2554>
</opencv_storage>
