<?xml version="1.0"?>
<opencv_storage>
<Depth16605 type_id="opencv-matrix">
  <rows>96</rows>
  <cols>48</cols>
  <dt>w</dt>
  <data>
    3503 3503 3503 3503 1458 1458 1464 3503 3503 3576 3576 3614 3614
    3614 3614 3614 3653 3653 3653 3614 3614 3614 3653 3653 3653 3653
    3653 3692 3692 3692 3692 3692 1489 1489 1489 1489 1489 3692 3692
    3653 1470 1470 1470 1477 1477 1477 1477 3774 3503 3503 3503 1458
    1458 1458 1464 1477 1489 1496 1496 1503 1489 1489 3614 3614 3614
    3614 3653 3653 3653 3653 3653 3653 3653 3653 3653 3653 3653 1477
    1477 1483 1483 1483 1483 1477 1477 1477 1477 1477 1470 1470 1470
    1470 1470 1470 0 3774 3468 3503 1458 1452 1452 1458 1464 1470 1477
    1483 1489 1489 1483 1477 1470 1470 1470 1470 1470 1483 1489 1489
    1483 1483 1483 1483 1483 1477 1470 1470 1470 1477 1470 1470 1483
    1477 1477 1470 1470 1470 1470 1464 1464 1464 1464 1464 0 3774 3468
    3468 1445 1445 1452 1452 1458 1464 1464 1458 1458 1458 1458 1458
    1445 1445 1445 1445 1439 1439 1439 1427 1427 1433 1439 1483 1470
    1464 1464 1458 1452 1433 1433 1445 1464 1464 1464 1452 1452 1421
    1421 1458 1464 1458 1458 1458 1404 3774 1433 1433 1433 1445 1445
    1445 1452 1452 1445 1445 1445 1439 1439 1439 1439 1439 1439 1433
    1433 1433 1427 1427 1421 1421 1427 1421 1421 1421 1421 1421 1421
    1421 1421 1415 1415 1415 1415 1427 1427 1415 1415 1421 1398 1398
    1404 1404 1404 3816 1439 1433 1433 1439 1439 1439 1445 1445 1445
    1439 1439 1439 1433 1433 1433 1433 1427 1427 1427 1427 1427 1421
    1421 1421 1421 1421 1421 1421 1415 1415 1415 1410 1410 1410 1410
    1410 1410 1415 1415 1410 1410 1410 1398 1398 1398 1404 1404 3816
    1439 1439 1439 1439 1439 1439 1439 1439 1439 1439 1439 1439 1433
    1433 1433 1433 1427 1421 1421 1421 1421 1421 1421 1421 1421 1421
    1415 1415 1415 1415 1415 1410 1410 1410 1410 1410 1410 1410 1410
    1404 1404 1404 1398 1398 1398 1398 1398 1398 1439 1439 1439 1439
    1439 1439 1439 1439 1439 1439 1439 1439 1433 1433 1433 1433 1427
    1421 1421 1421 1421 1421 1421 1421 1421 1415 1415 1415 1415 1415
    1415 1410 1410 1410 1410 1410 1410 1410 1404 1404 1398 1398 1398
    1398 1398 1398 1398 1398 1439 1439 1439 1439 1439 1439 1439 1439
    1439 1439 1439 1439 1439 1439 1433 1433 1427 1427 1427 1427 1421
    1421 1421 1421 1421 1415 1415 1415 1415 1415 1415 1415 1415 1415
    1410 1410 1410 1404 1404 1404 1398 1398 1398 1398 1398 1398 1398
    3816 1445 1439 1439 1439 1439 1439 1439 1439 1439 1439 1439 1439
    1439 1439 1433 1433 1427 1427 1427 1427 1421 1421 1421 1421 1421
    1415 1415 1415 1415 1415 1415 1415 1415 1415 1410 1410 1410 1404
    1404 1398 1398 1398 1398 1398 1398 1398 1398 3816 1445 1445 1439
    1439 1439 1439 1445 1439 1439 1439 1439 1439 1439 1439 1439 1433
    1433 1433 1427 1427 1421 1421 1421 1421 1421 1415 1415 1415 1415
    1415 1415 1415 1415 1415 1415 1415 1410 1404 1404 1398 1398 1398
    1398 1398 1398 1398 1398 3816 1452 1452 1439 1439 1439 1439 1445
    1439 1439 1439 1439 1439 1439 1439 1433 1433 1433 1433 1427 1427
    1421 1421 1421 1421 1421 1415 1415 1415 1415 1415 1415 1415 1410
    1410 1415 1415 1410 1410 1404 1404 1398 1398 1398 1398 1398 1392
    1392 1392 1452 1452 1439 1439 1439 1439 1439 1439 1439 1439 1439
    1439 1439 1439 1433 1433 1433 1427 1427 1427 1421 1421 1421 1421
    1421 1415 1415 1415 1415 1415 1415 1415 1410 1410 1415 1415 1410
    1410 1404 1404 1398 1398 1398 1398 1398 1392 1392 1392 1452 1452
    1439 1439 1439 1445 1439 1439 1439 1439 1439 1439 1439 1439 1433
    1433 1433 1427 1427 1427 1427 1421 1421 1421 1421 1415 1415 1415
    1415 1415 1415 1415 1415 1415 1415 1415 1410 1410 1410 1404 1398
    1398 1398 1398 1398 1398 1398 3816 1452 1452 1445 1439 1439 1445
    1439 1439 1439 1439 1439 1439 1439 1439 1433 1433 1433 1427 1427
    1427 1427 1421 1421 1421 1421 1421 1421 1421 1415 1415 1415 1415
    1415 1415 1410 1410 1410 1404 1404 1404 1404 1404 1398 1398 1398
    1398 1398 3859 1452 1452 1445 1445 1445 1445 1445 1439 1439 1439
    1439 1439 1439 1439 1433 1433 1433 1427 1427 1427 1427 1421 1421
    1421 1421 1421 1421 1421 1415 1415 1415 1415 1415 1415 1410 1410
    1410 1404 1404 1404 1404 1404 1404 1398 1398 1398 1398 3859 1445
    1445 1445 1445 1445 1445 1445 1445 1445 1439 1439 1439 1439 1439
    1439 1433 1433 1427 1427 1433 1427 1427 1427 1421 1421 1421 1421
    1421 1415 1415 1415 1415 1415 1415 1410 1410 1410 1404 1404 1404
    1404 1404 1404 1398 1398 1398 1398 3816 1445 1445 1445 1439 1439
    1445 1445 1445 1445 1445 1445 1439 1439 1439 1439 1433 1433 1433
    1433 1433 1433 1427 1427 1421 1421 1421 1421 1415 1415 1415 1421
    1421 1415 1410 1410 1410 1410 1410 1404 1404 1404 1404 1404 1404
    1404 1398 1398 1398 1445 1439 1439 1439 1439 1445 1445 1445 1445
    1445 1445 1439 1439 1439 1439 1433 1433 1433 1433 1433 1433 1427
    1427 1421 1421 1421 1421 1415 1415 1415 1421 1415 1415 1410 1410
    1410 1410 1410 1410 1410 1404 1404 1404 1404 1398 1392 1392 1392
    1439 1439 1439 1445 1445 1445 1445 1445 1445 1445 1439 1439 1439
    1439 1439 1433 1433 1433 1433 1433 1433 1427 1427 1421 1421 1421
    1421 1421 1415 1415 1421 1415 1415 1410 1410 1410 1410 1410 1410
    1410 1404 1404 1404 1404 1398 1392 1392 1392 1445 1445 1445 1445
    1445 1445 1445 1445 1445 1445 1439 1439 1439 1439 1439 1439 1433
    1433 1433 1433 1427 1427 1427 1427 1421 1421 1421 1421 1415 1415
    1421 1415 1415 1410 1410 1410 1410 1410 1410 1410 1404 1404 1404
    1404 1404 1398 1398 1398 1458 1445 1445 1445 1445 1445 1445 1445
    1445 1445 1445 1439 1439 1439 1439 1439 1439 1433 1433 1433 1427
    1427 1427 1427 1421 1421 1421 1421 1415 1415 1421 1415 1415 1415
    1415 1415 1415 1410 1410 1410 1404 1404 1404 1404 1404 1398 1398
    1398 1458 1458 1445 1445 1445 1445 1445 1445 1445 1445 1445 1439
    1439 1439 1439 1439 1439 1433 1433 1433 1427 1427 1427 1427 1421
    1421 1421 1421 1421 1421 1421 1415 1415 1415 1415 1415 1415 1410
    1410 1410 1404 1404 1404 1404 1404 1404 1404 1404 1458 1458 1452
    1445 1445 1445 1445 1445 1445 1445 1445 1445 1439 1439 1439 1439
    1439 1433 1433 1427 1427 1427 1427 1427 1421 1421 1421 1421 1421
    1421 1421 1415 1415 1415 1415 1415 1415 1410 1410 1410 1410 1410
    1404 1404 1404 1404 1404 3774 1458 1458 1452 1445 1445 1445 1445
    1445 1445 1439 1439 1439 1439 1439 1439 1439 1439 1433 1433 1427
    1427 1427 1427 1427 1421 1421 1421 1421 1421 1421 1421 1415 1415
    1415 1415 1415 1415 1410 1410 1410 1410 1410 1404 1404 1404 1404
    1404 3816 1452 1452 1452 1445 1445 1445 1445 1445 1445 1439 1439
    1439 1439 1439 1439 1439 1439 1433 1433 1427 1427 1433 1427 1427
    1421 1421 1421 1421 1421 1421 1421 1415 1415 1415 1415 1415 1415
    1410 1410 1410 1410 1410 1404 1404 1404 1398 1398 1398 1452 1452
    1452 1445 1445 1445 1445 1445 1445 1439 1439 1439 1439 1439 1439
    1439 1439 1433 1433 1433 1433 1433 1427 1427 1421 1421 1421 1421
    1421 1421 1421 1415 1415 1415 1415 1415 1415 1410 1410 1410 1410
    1410 1404 1404 1404 1398 1398 1398 1452 1452 1452 1445 1445 1452
    1445 1445 1445 1439 1439 1439 1439 1439 1439 1439 1439 1439 1439
    1433 1433 1433 1427 1427 1421 1421 1421 1421 1421 1421 1421 1415
    1415 1415 1415 1415 1415 1415 1410 1410 1410 1410 1404 1404 1404
    1404 1398 1398 1452 1445 1445 1445 1445 1452 1445 1445 1445 1445
    1445 1445 1439 1439 1439 1439 1439 1439 1439 1439 1433 1433 1427
    1427 1427 1421 1421 1421 1421 1421 1421 1421 1421 1421 1415 1415
    1415 1415 1415 1415 1415 1410 1410 1410 1404 1404 1404 1404 1452
    1445 1445 1452 1452 1452 1445 1445 1445 1445 1445 1445 1439 1439
    1439 1439 1439 1439 1439 1439 1433 1433 1433 1427 1427 1421 1421
    1421 1421 1421 1421 1421 1421 1421 1415 1415 1415 1415 1415 1415
    1415 1410 1410 1410 1404 1404 1404 1404 1452 1445 1445 1452 1452
    1452 1445 1445 1445 1445 1445 1445 1439 1439 1439 1439 1439 1439
    1439 1439 1433 1433 1433 1427 1427 1427 1421 1421 1421 1421 1421
