<?xml version="1.0"?>
<opencv_storage>
<Depth3196 type_id="opencv-matrix">
  <rows>38</rows>
  <cols>54</cols>
  <dt>w</dt>
  <data>
    5374 5291 5210 5210 2522 2522 2541 2541 2522 2522 2522 5210 5132
    5132 5056 5056 4983 4983 5056 2560 2560 2541 2541 2560 4911 4911
    4911 4911 4911 4911 4911 4911 4842 4842 4842 4842 4842 4842 4842
    4842 4774 4774 4774 4774 4708 4645 4645 4645 4645 4645 4582 4582
    4582 4582 5374 5291 5291 2541 2522 2522 2541 2541 2522 2522 2522
    5210 5210 5132 5132 5056 4983 4983 2541 2541 2541 2541 2541 2541
    2541 2541 2541 2541 4911 4911 4911 4911 4842 4842 4842 4842 4842
    4842 4842 4842 4774 4774 4774 4774 4708 4645 4645 4645 4645 4645
    4645 4645 4582 4582 5460 5374 5374 2541 2522 2522 2522 2541 2541
    2541 2541 5210 5132 5132 5132 5056 5056 5056 2541 2541 2541 2541
    2541 2541 2541 2541 2541 2522 2522 2541 4911 4911 4911 4911 4911
    4842 4842 4842 4842 4842 4842 4842 4774 4774 4708 4645 4645 4645
    4645 4645 4645 4645 4645 4645 2560 2560 2541 2522 2522 2522 2522
    2522 2541 2541 2541 2560 2560 2560 2560 2560 2560 2560 2541 2541
    2541 2522 2522 2522 2541 2541 2541 2522 2522 2541 2541 4911 4911
    4911 4911 4911 4842 4842 4842 4842 4842 4842 4842 4774 4708 4708
    4708 4708 4708 4645 4645 4645 4645 4645 2522 2503 2503 2503 2522
    2522 2522 2522 2541 2541 2560 2541 2541 2541 2541 2560 2560 2541
    2541 2541 2522 2522 2522 2522 2522 2541 2541 2541 2541 2522 2522
    2522 2541 4983 4983 4983 4911 4842 4842 4842 4842 4842 4842 4774
    4774 4708 4708 4708 4708 4708 4708 4708 4708 4708 2522 2503 2503
    2503 2503 2503 2503 2522 2541 2560 2541 2541 2541 2541 2541 2541
    2541 2522 2522 2541 2522 2522 2522 2522 2522 2541 2541 2522 2522
    2522 2522 2522 2522 2541 2541 2541 2541 2541 4842 4842 4842 4842
    4842 4774 4774 4708 4708 4708 4708 4708 4708 4708 4708 4645 2485
    2485 2485 2485 2485 2503 2503 2503 2541 2560 2541 2541 2541 2541
    2541 2522 2522 2522 2522 2522 2522 2522 2522 2522 2522 2541 2522
    2522 2522 2522 2522 2522 2522 2541 2541 2541 2541 2541 2541 4842
    4842 4774 4774 4774 4774 4774 4774 4774 4774 4708 4708 4708 4708
    4645 2485 2485 2485 2485 2485 2503 2503 2503 2522 2522 2541 2541
    2541 2541 2522 2503 2503 2503 2503 2503 2503 2503 2503 2522 2522
    2522 2522 2522 2503 2503 2503 2503 2503 2522 2541 2541 2541 2541
    2541 2522 2522 2541 4774 4774 4774 4774 4774 4774 4774 4774 4774
    4708 4708 4708 2485 2485 2485 2485 2485 2503 2503 2503 2522 2522
    2541 2560 2579 2541 2522 2485 2485 2503 2503 2485 2485 2485 2503
    2503 2503 2522 2522 2522 2503 2503 2503 2503 2503 2503 2522 2522
    2541 2541 2541 2522 2522 2522 2522 2522 4842 4774 4774 4774 4774
    4774 4774 4708 4708 4774 2503 2485 2485 2485 2485 2485 2485 2485
    2522 2522 2522 2541 2541 2522 2503 2485 2485 2503 2503 2485 2485
    2485 2503 2503 2503 2503 2503 2503 2503 2503 2503 2503 2503 2503
    2522 2522 2522 2522 2541 2522 2522 2522 2522 2522 2522 4842 4842
    4842 4774 4774 4774 4774 4774 4774 2522 2503 2503 2485 2485 2485
    2485 2485 2503 2503 2522 2522 2522 2503 2503 2485 2485 2485 2485
    2485 2485 2485 2485 2485 2485 2485 2503 2503 2503 2503 2503 2503
    2503 2503 2503 2503 2503 2503 2541 2541 2503 2503 2522 2503 2503
    2503 4842 4774 4774 4774 4774 4774 4774 4774 2522 2522 2522 2503
    2503 2503 2503 2503 2503 2503 2522 2522 2522 2485 2485 2485 2485
    2485 2485 2485 2485 2485 2485 2485 2485 2485 2485 2485 2485 2485
    2485 2503 2503 2503 2503 2503 2485 2485 2522 2522 2503 2503 2522
    2503 2503 2503 2503 2485 2485 4774 4842 4774 4774 4774 2560 2541
    2541 2522 2522 2522 2503 2503 2522 2541 2522 2522 2503 2485 2485
    2485 2485 2485 2485 2485 2485 2485 2485 2485 2485 2485 2485 2485
    2485 2485 2485 2485 2503 2503 2503 2485 2485 2485 2503 2503 2503
    2503 2503 2503 2503 2485 2485 2485 2485 2485 4842 4842 4774 4774
    2579 2560 2560 2560 2541 2541 5291 2522 2522 2541 2522 2522 2503
    2485 2485 2467 2467 2485 2485 2485 2485 2485 2485 2485 2485 2485
    2485 2485 2485 2485 2485 2485 2485 2485 2485 2485 2485 2485 2485
    2485 2485 2485 2485 2503 2503 2485 2485 2485 2485 2485 2503 2503
    2485 2485 2579 2560 2560 2560 2560 5291 5291 5291 2560 2560 2541
    2503 2485 2485 2467 2467 2467 2467 2485 2467 2467 2485 2485 2485
    2485 2485 2485 2485 2485 2485 2485 2485 2485 2485 2485 2485 2485
    2485 2485 2485 2485 2485 2485 2485 2485 2485 2485 2485 2485 2485
    2485 2485 2485 2485 5460 2560 2560 5460 5374 5291 5291 5374 2579
    2560 2485 2467 2467 2467 2467 2467 2467 2467 2485 2467 2467 2467
    2467 2467 2467 2467 2485 2467 2467 2485 2485 2467 2467 2467 2485
    2485 2485 2485 2485 2485 2485 2485 2485 2485 2485 2485 2485 2485
    2485 2485 2485 2485 2485 2485 5460 5460 5460 5460 5460 5460 5374
    5291 2598 2467 2467 2467 2467 2467 2467 2467 2467 2467 2467 2467
    2467 2467 2467 2467 2467 2467 2467 2467 2467 2467 2467 2467 2467
    2467 2485 2485 2485 2485 2485 2485 2485 2467 2467 2467 2467 2485
    2485 2485 2485 2485 2467 2467 2467 2467 5460 5460 5460 5460 5460
    5460 5374 5291 2467 2450 2450 2467 2467 2467 2467 2467 2467 2467
    2467 2467 2467 2467 2467 2467 2467 2467 2467 2467 2467 2467 2467
    2467 2485 2485 2485 2485 2485 2485 2485 2485 2485 2467 2467 2467
    2467 2485 2485 2485 2485 2485 2467 2467 2467 2467 5548 5460 5460
    5460 5460 5460 5374 5374 2450 2450 2450 2467 2467 2467 2467 2467
    2467 2467 2467 2467 2467 2467 2467 2450 2450 2467 2450 2450 2467
    2467 2467 2467 2467 2485 2485 2467 2467 2485 2485 2485 2485 2485
    2485 2485 2485 2485 2485 2485 2485 2485 2485 2467 2467 2485 5548
    5548 5460 5460 5548 5460 5374 5374 2450 2450 2450 2467 2467 2467
    2467 2450 2450 2450 2450 2467 2467 2467 2467 2450 2450 2467 2450
    2450 2467 2467 2467 2467 2467 2467 2485 2467 2467 2485 2467 2467
    2485 2485 2485 2485 2485 2467 2467 2467 2467 2467 2485 2485 2485
    2485 5548 5548 5548 5548 5548 5460 5460 5460 2467 2467 2467 2467
    2467 2450 2450 2450 2450 2450 2450 2450 2467 2467 2450 2450 2450
    2450 2450 2450 2467 2467 2467 2467 2467 2467 2467 2467 2467 2467
    2467 2467 2467 2485 2485 2485 2467 2467 2467 2467 2467 2467 2485
    2485 2485 2485 5548 5548 5548 5548 5548 5460 5460 5460 5460 2485
    2485 2485 2450 2450 2450 2450 2450 2450 2450 2450 2450 2450 2450
    2450 2450 2450 2450 2450 2450 2467 2467 2467 2467 2467 2467 2467
    2467 2467 2467 2467 2467 2467 2485 2485 2467 2467 2467 2467 2467
    2485 2485 2485 2503 4842 5548 5548 5548 5548 5548 5460 5460 5460
    2541 2522 2485 2485 2450 2450 2450 2450 2450 2450 2450 2450 2450
    2450 2450 2450 2450 2450 2450 2450 2450 2450 2450 2450 2467 2467
    2467 2467 2467 2467 2467 2467 2467 2467 2467 2485 2467 2467 2467
    2467 2467 2485 2485 2485 4842 4842 5548 5548 5548 5548 5548 5548
    5460 5460 2541 2522 2522 2522 2503 2467 2467 2467 2467 2467 2467
    2450 2450 2450 2450 2450 2450 2450 2450 2450 2432 2432 2450 2450
    2467 2467 2467 2467 2467 2467 2467 2467 2467 2467 2467 2467 2467
    2467 2467 2467 2467 2485 2485 2485 5056 4983 5548 5548 5548 5548
    5548 5548 5460 5460 5374 2522 2522 2522 2503 2485 2467 2467 2467
    2467 2467 2467 2467 2467 2467 2450 2450 2450 2450 2432 2432 2432
    2432 2432 2450 2450 2450 2450 2450 2450 2450 2450 2450 2450 2467
    2467 2467 2467 2467 2450 2450 2485 2485 5132 5056 5056 5548 5548
    5548 5548 5548 5548 5460 5460 5460 5460 2522 2522 2522 2522 2522
    2503 2485 2467 2467 2467 2467 2467 2467 2450 2450 2450 2450 2432
    2432 2432 2432 2432 2432 2432 2450 2450 2450 2450 2450 2432 2432
    2450 2450 2467 2467 2467 2467 2432 2432 2432 5132 5132 5056 5056
    5548 5548 5548 5548 5548 5548 5548 5548 5548 5460 5460 5460 5460
    2541 2522 2522 2503 2503 2503 2485 2485 2467 2467 2467 2450 2450
    2450 2450 2432 2432 2432 2432 2432 2432 2432 2432 2432 2432 2432
    2432 2432 2432 2450 2450 2450 2450 2415 2415 2415 2415 5132 5132
    5132 5056 5548 5548 5548 5548 5548 5548 5548 5548 5548 5460 5460
    5460 5460 5460 5460 2541 2522 2522 2503 2485 2485 2485 2485 2485
