<?xml version="1.0"?>
<opencv_storage>
<Depth12584 type_id="opencv-matrix">
  <rows>9</rows>
  <cols>12</cols>
  <dt>w</dt>
  <data>
    0 6889 6889 6889 6889 6753 6753 7030 7030 7030 7030 7178 7178 7178
    6889 6889 7030 6889 6889 7030 7030 7030 7030 7030 6889 6889 7030
    7030 7030 7030 7030 7030 7030 7030 7030 7030 6889 6889 7030 7030
    7030 6889 6889 6889 6889 7030 7030 6622 6889 6889 7030 7030 7030
    6889 6889 6889 6889 7030 7030 6622 6889 6889 6889 7030 7030 6889
    6889 6889 6889 6889 6889 7030 6889 6889 6889 6889 6889 6889 6889
    6889 6889 6889 7030 7030 6889 6889 6889 6889 6889 6889 7030 6889
    6889 7030 7030 7030 6753 6753 6753 6889 0 0 7030 6889 6889 7030 7030
    7030</data></Depth12584>
</opencv_storage>
