<?xml version="1.0"?>
<opencv_storage>
<Depth12916 type_id="opencv-matrix">
  <rows>11</rows>
  <cols>29</cols>
  <dt>w</dt>
  <data>
    6622 3576 3539 3503 3503 3503 3503 3503 3539 3539 3539 3576 3539
    3539 3503 3503 6497 6497 6497 6622 6497 6497 6497 6497 6497 6375
    6375 6375 6375 3576 3539 3539 3503 3503 3503 3503 3503 3539 3503
    3503 3503 3539 3503 3503 3503 3503 3503 6497 6497 6497 6497 6497
    3503 3503 3503 6259 6259 6375 3576 3539 3539 3539 3503 3503 3503
    3503 3503 3503 3503 3503 3503 3503 3503 3468 3468 3503 3503 3503
    3468 3468 3468 3503 3503 3468 3433 3433 6375 3576 3539 3539 3539
    3503 3503 3503 3503 3503 3503 3503 3503 3503 3503 3468 3468 3468
    3503 3503 3503 3468 3468 3468 3503 3468 3468 3433 3433 3468 3576
    3539 3539 3539 3503 3503 3503 3503 3503 3503 3503 3503 3503 3503
    3468 3468 3468 3503 3503 3468 3468 3468 3468 3468 3468 3433 3433
    3433 3433 3576 3539 3539 3539 3539 3503 3503 3539 3539 3539 3539
    3539 3503 3503 3503 3503 3503 3503 3503 3468 3468 3503 3503 3468
    3468 3433 3399 3399 3399 3576 3539 3539 3539 3539 3503 3503 3539
    3539 3539 3539 3539 3539 3503 3503 3503 3468 3468 3503 3468 3468
    3503 3503 3468 3468 3433 3399 3399 3399 6622 3576 3539 3503 3503
    3503 3503 3539 3539 3539 3539 3539 3539 3503 3503 3503 3468 3468
    3503 3503 3503 3468 3468 3468 3468 3433 3399 3399 3433 6622 6622
    3539 3503 3503 3503 3503 3539 3539 3539 3503 3503 3503 3503 3503
    3503 3468 3468 3503 3503 3503 3468 3468 3468 3468 3433 3399 3399
    3468 6622 6753 6622 6622 6753 6753 6889 3539 3539 3539 3503 3503
    3503 3503 3503 3503 3503 3503 3503 3503 3468 3468 3468 3468 3468
    3433 3433 3433 3468 6753 6753 6753 6753 6753 6889 6889 6889 6889
    6753 6622 3503 3503 3503 3503 3503 3503 3503 3503 3503 3468 3468
    3433 3433 3433 3433 3433 3468 3468</data></Depth12916>
</opencv_storage>
