<?xml version="1.0"?>
<opencv_storage>
<Depth14705 type_id="opencv-matrix">
  <rows>141</rows>
  <cols>40</cols>
  <dt>w</dt>
  <data>
    4041 4041 4041 4041 4041 4041 4041 4041 4041 4041 4041 4041 3994
    3994 3994 4041 4041 4041 4041 4041 4041 3994 898 898 898 896 894 894
    896 3948 0 0 0 0 0 3903 3903 3903 3903 3903 4089 4089 4041 4041 4041
    4041 4041 4041 4041 4041 4041 4041 4089 4089 4089 4041 4041 4041
    4041 4041 4041 891 891 894 896 896 891 891 896 3948 0 0 0 0 0 0 0
    3903 3903 3903 4089 4089 4041 4041 4041 4041 4041 4041 4041 4041
    4041 4041 4089 4089 891 898 898 894 894 891 889 889 889 889 891 889
    885 885 885 0 0 0 0 0 0 0 0 0 0 3948 901 901 898 898 898 898 898 898
    4041 4041 898 894 891 891 891 894 894 891 891 889 889 889 889 889
    889 887 885 882 882 0 0 0 0 0 0 0 0 0 0 0 901 901 898 898 898 898
    898 898 898 898 896 894 891 891 891 894 891 891 889 889 889 889 889
    887 887 885 885 882 882 0 0 0 0 0 0 0 0 0 0 0 901 901 898 898 898
    898 898 898 898 898 896 894 891 891 891 891 891 891 889 889 889 889
    889 887 887 885 885 882 882 0 0 0 0 0 0 0 0 0 0 0 903 903 898 898
    898 898 898 898 898 898 896 896 894 891 891 891 891 891 891 889 889
    889 889 889 887 887 887 885 885 0 0 0 0 0 0 0 0 0 0 0 903 903 898
    898 898 898 898 898 898 898 898 896 894 894 894 894 891 891 891 889
    889 889 889 889 887 887 887 885 885 0 0 0 0 0 0 0 0 0 0 0 903 903
    898 898 898 901 901 898 898 898 898 898 896 894 894 894 891 891 891
    891 889 889 889 889 889 889 887 885 885 0 0 0 0 0 0 0 0 0 0 0 906
    903 898 898 898 901 901 898 898 898 898 898 896 896 894 894 894 891
    891 891 889 889 889 889 889 889 889 887 887 0 0 0 0 0 0 0 0 0 0 0
    906 903 901 898 898 901 901 898 898 898 898 898 896 896 894 894 891
    891 891 891 889 889 889 889 889 889 887 887 887 0 0 0 0 0 0 0 0 0 0
    0 906 903 901 898 898 901 901 901 901 898 898 898 896 896 894 894
    891 891 891 891 891 889 889 889 889 889 887 887 889 889 0 0 0 0 0 0
    0 0 0 0 906 903 901 898 898 901 901 901 901 898 898 898 896 896 896
    894 894 891 891 891 891 891 891 889 889 889 887 887 887 887 0 0 0 0
    0 0 0 0 0 0 906 903 901 898 898 901 901 901 901 898 898 898 896 896
    896 894 894 894 891 891 891 891 891 889 889 889 887 887 887 887 0 0
    0 0 0 0 0 0 0 0 906 906 901 898 898 901 901 901 901 898 898 896 896
    896 896 896 894 894 894 894 891 891 891 889 889 889 887 887 887 889
    0 0 0 0 0 0 0 0 0 0 908 906 901 898 898 901 901 901 901 898 898 896
    896 896 896 896 894 894 894 891 891 891 891 889 889 889 889 889 889
    889 0 0 0 0 0 0 0 0 0 0 906 906 901 898 898 901 901 901 901 898 898
    896 896 896 896 896 894 894 894 891 891 891 891 891 889 889 889 889
    889 889 891 0 0 0 0 0 0 0 0 0 901 906 901 901 901 901 901 901 901
    898 898 896 896 898 896 896 894 894 894 891 891 891 891 891 889 889
    889 889 889 889 891 0 0 0 0 0 0 0 0 0 901 906 903 903 903 903 903
    901 901 898 898 896 896 898 896 896 894 894 894 891 891 894 891 891
    891 889 889 889 889 889 0 0 0 0 0 0 0 0 0 0 901 906 903 903 903 903
    901 901 901 898 898 898 898 898 898 896 896 894 894 894 894 894 891
    891 891 891 889 889 889 889 889 0 0 0 0 0 0 0 0 0 906 906 903 903
    903 903 901 901 901 901 901 898 898 898 898 898 896 896 896 896 894
    894 894 891 891 891 889 889 889 889 889 0 0 0 0 0 0 0 0 0 910 908
    906 903 903 903 901 901 901 901 901 898 898 898 898 898 896 896 896
    896 894 894 894 891 891 891 889 889 889 887 887 0 0 0 0 0 0 0 0 0
    913 908 906 903 903 903 901 901 901 901 901 901 898 898 898 898 898
    896 896 896 894 894 894 891 891 891 889 889 889 887 887 882 882 0 0
    0 0 0 0 0 915 910 908 906 906 906 903 903 901 901 901 901 898 898
    898 898 898 896 896 894 894 891 891 891 891 891 889 889 889 889 887
    882 882 882 0 0 0 0 0 0 915 910 908 906 906 906 903 903 903 901 901
    901 898 898 898 898 898 896 896 894 894 891 891 891 891 891 891 889
    889 889 887 885 882 882 882 0 0 0 0 0 915 910 908 906 906 906 903
    903 903 901 901 901 898 898 898 898 898 898 898 896 894 894 891 891
    891 891 891 889 889 889 889 887 885 882 882 0 0 0 0 0 915 908 908
    906 906 906 903 903 906 901 901 901 898 898 898 898 898 898 898 896
    896 894 894 891 891 891 891 891 891 891 889 887 887 887 887 0 0 0 0
    0 910 908 906 906 906 906 906 906 906 903 901 901 901 901 901 898
    898 898 898 896 896 894 894 894 891 891 891 891 891 891 891 889 889
    889 889 0 0 0 0 0 910 908 906 906 906 908 906 906 906 903 903 901
    901 901 901 898 898 898 898 896 896 896 896 896 894 894 891 891 891
    891 891 889 889 889 889 0 0 0 0 0 908 906 906 906 906 908 906 906
    906 903 903 901 901 901 901 901 898 898 898 896 896 898 896 896 894
    894 891 891 891 891 891 889 889 889 0 0 0 0 0 0 908 906 906 906 906
    908 906 906 906 906 906 903 901 901 901 901 898 898 898 898 898 898
    896 896 896 894 891 891 891 891 891 891 889 889 0 0 0 0 0 0 908 906
    906 906 906 908 906 906 906 906 906 903 901 901 901 901 898 898 898
    898 898 898 898 896 896 894 894 891 891 891 891 891 889 889 0 0 0 0
    0 0 908 906 906 906 906 908 906 906 906 903 903 903 903 903 901 901
    898 898 898 898 896 896 896 896 896 894 891 891 891 894 891 891 889
    889 0 0 0 0 0 0 908 908 908 908 908 908 908 908 906 903 903 903 901
    901 901 901 901 901 898 898 896 896 896 896 896 894 891 891 891 894
    894 891 889 889 889 0 0 0 0 0 908 908 908 908 908 908 908 908 906
    903 903 903 901 901 901 901 901 901 901 898 896 896 896 896 896 894
    894 894 894 894 894 891 889 889 889 0 0 0 0 0 910 908 908 908 908
    908 908 908 906 903 903 903 903 901 901 901 901 901 901 898 898 898
    896 896 896 894 894 894 894 894 891 891 891 889 889 0 0 0 0 0 910
    908 908 908 908 908 908 908 908 906 903 903 903 901 901 901 901 901
    901 898 898 898 896 896 896 896 894 891 891 891 891 891 891 891 891
    0 0 0 0 0 910 908 908 908 908 910 910 908 908 906 906 906 906 903
    901 901 901 901 901 898 898 898 898 898 896 896 894 891 891 891 891
    891 891 891 891 0 0 0 0 0 0 908 908 908 908 910 908 908 908 908 908
    908 906 903 901 901 901 901 901 898 898 898 898 898 896 896 894 894
    891 891 891 891 891 889 889 0 0 0 0 0 0 910 910 910 910 910 908 908
    908 908 908 908 906 903 901 901 901 901 901 898 898 898 898 898 896
    896 896 894 891 891 891 891 891 889 887 887 0 0 0 0 0 913 913 910
    910 910 910 908 908 908 908 908 906 906 903 903 901 901 901 901 901
    898 898 898 896 896 896 894 894 891 891 891 891 889 887 887 0 0 0 0
    0 913 910 910 910 910 910 908 908 908 908 908 906 906 903 903 903
    903 901 901 901 901 898 898 898 896 896 896 894 894 891 891 891 889
    889 889 0 0 0 0 0 913 910 910 910 910 910 910 910 910 908 906 903
    903 906 906 903 903 901 901 901 901 898 898 898 898 898 896 894 894
    894 891 891 889 889 889 0 0 0 0 0 913 913 910 910 910 910 910 910
    910 908 906 903 903 906 906 903 903 901 901 901 901 898 898 898 898
    898 896 896 896 894 891 891 891 891 891 0 0 0 0 915 913 913 910 910
    913 910 910 910 910 908 906 906 906 906 906 903 903 903 901 901 901
    901 898 898 898 898 896 896 896 894 894 894 891 891 894 0 0 0 0 915
    915 913 913 913 913 910 910 910 910 908 908 906 906 906 906 903 903
    903 901 901 901 901 901 898 898 898 896 896 896 896 896 894 891 891
    896 0 0 0 0 0 915 915 913 913 913 913 910 910 910 908 908 908 906
    906 906 906 906 903 901 901 901 901 901 898 898 898 896 896 896 896
    896 894 891 891 894 0 0 0 0 0 915 915 913 913 913 913 910 910 910
    908 908 908 906 906 906 906 906 903 901 901 901 901 901 901 898 898
    898 896 896 896 896 894 891 891 891 0 0 0 0 0 0 915 913 913 913 913
    913 910 910 908 908 908 906 906 906 906 906 903 901 901 901 901 901
    901 898 898 896 896 896 896 896 894 891 891 891 0 0 0 0 0 0 915 913
    913 913 913 913 910 910 908 908 908 908 908 908 906 906 903 903 901
    901 901 901 901 898 898 896 896 896 896 896 894 891 891 891 0 0 0 0
    0 0 915 913 913 913 913 913 913 910 910 908 908 908 908 908 906 906
