<?xml version="1.0"?>
<opencv_storage>
<Depth11739 type_id="opencv-matrix">
  <rows>7</rows>
  <cols>10</cols>
  <dt>w</dt>
  <data>
    6375 6375 6375 6259 6497 6497 6497 6375 6375 6375 6375 6259 6259
    6259 6375 6497 6497 6375 6375 6375 6375 6259 6259 6375 6375 6375
    6497 6375 6375 6375 6375 6375 6375 6375 6375 6375 6497 6497 6375
    6375 6497 6375 6375 6375 6375 6375 6497 6497 6375 6375 6622 6497
    6375 6375 6375 6375 6375 6375 6375 6375 0 0 6375 6375 6375 6375 6259
    6259 6375 6497</data></Depth11739>
</opencv_storage>
