<?xml version="1.0"?>
<opencv_storage>
<Depth15409 type_id="opencv-matrix">
  <rows>12</rows>
  <cols>6</cols>
  <dt>w</dt>
  <data>
    0 0 7492 7492 7492 7492 7178 7492 7660 7492 7492 7332 7178 7492 7660
    7492 7492 7332 7178 7492 7660 7660 7492 7492 7178 7492 7660 7660
    7492 7492 7660 7660 7660 7660 7660 7660 0 7660 7660 7660 7660 7660
    7660 7660 7660 7660 7660 7660 7660 7492 7492 7660 7660 7660 7660
    7492 7492 7660 7835 7660 7660 7660 7660 7660 7835 7835 7660 7492
    7492 7492 7492 7492</data></Depth15409>
</opencv_storage>
