<?xml version="1.0"?>
<opencv_storage>
<Depth9221 type_id="opencv-matrix">
  <rows>84</rows>
  <cols>52</cols>
  <dt>w</dt>
  <data>
    4295 4295 4295 4295 4295 4349 4349 1557 1550 1550 1536 1529 1529
    1523 1523 1489 1489 1489 1489 4241 4241 4241 4139 4139 4190 4190
    4190 4241 4241 4241 4241 4241 4241 4241 4241 4241 4241 4241 4241
    4241 4241 4241 4241 4241 4241 4241 4241 4241 4190 4190 4190 4190
    4295 4295 4295 4295 4295 4349 4349 1557 1550 1543 1529 1529 1523
    1503 1489 1483 1483 1483 1477 1477 1477 3903 3903 3859 3859 4190
    4190 4241 4241 4241 4241 4241 4241 4241 4241 4241 4241 4241 4241
    4241 4241 4241 4241 4241 4241 4241 4241 4241 4190 4190 4190 4190
    4295 4295 4295 4295 4295 4349 4349 1550 1550 1543 1529 1529 1516
    1503 1489 1477 1470 1470 1464 1458 1452 1445 1445 1452 1415 1415
    4190 4241 4241 4241 4241 4241 4241 4241 4241 4241 4241 4241 4190
    4190 4241 4241 4241 4241 4241 4241 4241 4190 4190 4190 4190 4190
    4295 4295 4295 4295 4349 4349 1550 1550 1550 1536 1536 1529 1516
    1489 1483 1477 1470 1464 1458 1445 1445 1439 1433 1427 1415 1410
    1410 1410 1381 1376 1370 1370 1359 1359 1359 4241 4241 4241 4190
    4190 4241 4241 4295 4241 4241 4241 4241 4190 4190 4190 4190 4190
    4295 4295 4295 4295 4349 4349 1550 1550 1543 1529 1529 1523 1516
    1489 1483 1477 1464 1464 1458 1445 1439 1433 1427 1421 1415 1404
    1392 1381 1381 1376 1370 1370 1365 1359 1354 1354 1354 1354 4241
    4241 4241 1381 1381 1381 4241 1365 1365 4241 4241 4241 4241 4190
    4295 4295 4295 4295 4349 4349 1550 1550 1536 1529 1529 1523 1509
    1489 1483 1477 1464 1452 1452 1452 1439 1433 1427 1415 1410 1404
    1392 1381 1376 1376 1370 1359 1359 1354 1349 1338 1338 1343 1370
    1370 1387 1381 1381 1365 1365 1365 1365 1365 1365 1365 0 4190 4295
    4295 4295 4295 4295 1536 1543 1543 1536 1529 1523 1523 1509 1489
    1483 1477 1464 1452 1445 1445 1439 1427 1421 1415 1410 1398 1387
    1376 1370 1365 1365 1359 1354 1349 1343 1333 1333 1338 1343 1349
    1354 1365 1365 1359 1359 1365 1365 1365 1365 1365 1359 4241 4295
    4295 4295 4295 4295 1536 1536 1536 1536 1529 1523 1516 1509 1489
    1483 1477 1470 1458 1445 1445 1439 1427 1421 1415 1404 1398 1387
    1376 1370 1359 1359 1354 1343 1343 1338 1333 1333 1333 1333 1338
    1338 1343 1343 1349 1349 1359 1359 1359 1359 1359 1359 1359 4295
    4295 4295 4295 4295 1536 1536 1536 1536 1529 1523 1516 1509 1489
    1483 1477 1470 1458 1452 1445 1439 1427 1421 1421 1404 1398 1387
    1376 1370 1359 1359 1354 1343 1338 1338 1333 1333 1333 1333 1333
    1338 1343 1343 1343 1349 1343 1343 1343 1349 1359 1359 1359 4295
    4295 4295 4295 4241 1536 1536 1536 1536 1529 1523 1516 1503 1503
    1483 1477 1470 1458 1452 1445 1439 1427 1421 1421 1410 1398 1381
    1376 1370 1365 1359 1349 1338 1338 1333 1328 1328 1328 1328 1333
    1338 1343 1343 1343 1343 1343 1343 1343 1349 1359 1359 1359 4295
    4295 4241 4241 4241 1543 1543 1543 1543 1529 1523 1516 1503 1503
    1483 1477 1464 1458 1452 1445 1439 1427 1421 1415 1404 1392 1381
    1376 1370 1365 1359 1349 1338 1338 1333 1328 1328 1328 1328 1333
    1338 1338 1343 1343 1343 1349 1349 1354 1354 1359 1354 1354 4295
    4295 4241 4241 4241 1557 1557 1550 1536 1529 1523 1516 1503 1496
    1489 1477 1464 1458 1452 1445 1439 1427 1421 1410 1404 1392 1381
    1376 1370 1365 1359 1349 1343 1333 1333 1333 1328 1328 1333 1338
    1338 1338 1343 1343 1349 1349 1354 1354 1354 1359 1354 1354 4295
    4295 4295 4295 4295 1557 1557 1543 1536 1529 1523 1516 1503 1489
    1483 1470 1464 1452 1452 1445 1433 1427 1421 1410 1398 1392 1381
    1376 1370 1359 1359 1354 1343 1333 1333 1333 1333 1333 1338 1338
    1343 1343 1343 1343 1349 1354 1354 1354 1354 1359 1359 1359 4241
    4241 4241 4241 0 0 1557 1536 1529 1529 1523 1516 1503 1489 1483 1470
    1464 1452 1452 1445 1433 1427 1421 1404 1398 1392 1381 1376 1370
    1359 1354 1354 1343 1333 1333 1333 1333 1333 1338 1338 1343 1343
    1343 1343 1349 1354 1354 1354 1354 1354 1359 1359 4241 4241 4241
    4241 0 1550 1550 1536 1529 1529 1523 1516 1503 1483 1477 1470 1464
    1452 1452 1439 1433 1427 1415 1398 1398 1387 1381 1376 1370 1359
    1354 1349 1343 1333 1333 1333 1333 1333 1338 1338 1343 1343 1343
    1343 1349 1354 1354 1354 1354 1354 1354 1359 4295 4295 4295 4295 0
    1536 1536 1536 1529 1529 1523 1509 1503 1483 1477 1470 1464 1452
    1445 1439 1433 1427 1415 1398 1392 1387 1381 1376 1365 1359 1354
    1349 1343 1333 1333 1333 1328 1328 1338 1338 1343 1343 1343 1343
    1349 1354 1354 1354 1354 1354 1354 1354 4295 4295 4295 4295 0 1536
    1536 1536 1529 1529 1516 1509 1503 1489 1477 1470 1464 1452 1445
    1439 1433 1427 1415 1398 1392 1381 1381 1376 1365 1359 1354 1343
    1338 1333 1333 1333 1328 1328 1338 1343 1343 1343 1343 1343 1354
    1354 1354 1354 1354 1359 1354 1354 4295 4295 4295 4295 0 1536 1536
    1536 1529 1523 1516 1503 1496 1489 1477 1470 1464 1452 1445 1439
    1433 1427 1415 1398 1392 1381 1381 1376 1365 1359 1349 1343 1338
    1333 1333 1333 1333 1333 1338 1343 1343 1343 1343 1343 1354 1354
    1354 1359 1359 1359 1359 1359 4295 4295 4295 0 0 1536 1536 1536 1529
    1523 1509 1503 1489 1489 1477 1470 1464 1452 1445 1439 1427 1427
    1415 1398 1392 1381 1381 1376 1365 1359 1349 1338 1333 1333 1333
    1328 1328 1333 1338 1343 1343 1343 1349 1349 1349 1354 1359 1359
    1359 1359 1359 1365 4295 4295 4295 0 1543 1543 1543 1536 1529 1523
    1509 1503 1483 1477 1477 1470 1458 1452 1445 1433 1427 1421 1415
    1398 1392 1381 1381 1376 1365 1359 1349 1338 1333 1333 1333 1328
    1328 1333 1338 1343 1343 1343 1349 1349 1349 1354 1354 1354 1359
    1354 1354 1365 4295 4295 4295 0 1543 1543 1543 1536 1529 1516 1503
    1503 1483 1477 1470 1464 1458 1452 1439 1433 1427 1415 1404 1398
    1392 1381 1376 1370 1359 1354 1349 1343 1338 1333 1333 1333 1333
    1333 1338 1343 1343 1343 1349 1349 1349 1354 1354 1354 1354 1343
    1343 1343 4295 4295 4295 0 1543 1543 1543 1529 1523 1516 1503 1489
    1483 1477 1470 1464 1452 1445 1439 1433 1427 1415 1398 1398 1392
    1381 1376 1370 1359 1354 1354 1343 1338 1333 1333 1333 1333 1333
    1338 1338 1343 1343 1349 1349 1349 1349 1354 1354 1354 1343 1343
    1343 4241 4241 4241 1550 1550 1543 1536 1529 1523 1516 1503 1489
    1483 1477 1470 1458 1452 1445 1433 1427 1427 1415 1398 1398 1392
    1381 1376 1365 1359 1354 1349 1343 1338 1333 1328 1328 1328 1333
    1338 1338 1343 1343 1343 1349 1349 1349 1354 1354 1354 1359 1359
    1359 4241 4241 4241 1543 1543 1536 1536 1529 1523 1509 1503 1489
    1483 1477 1470 1458 1452 1445 1433 1427 1421 1410 1398 1392 1387
    1381 1376 1365 1359 1354 1349 1338 1333 1333 1328 1328 1328 1333
    1338 1338 1343 1343 1343 1349 1349 1354 1354 1354 1359 1354 1354
    1354 4241 4241 4241 1543 1543 1536 1536 1529 1523 1509 1503 1489
    1483 1477 1470 1458 1452 1439 1433 1427 1421 1410 1398 1392 1387
    1381 1376 1365 1359 1354 1349 1338 1333 1328 1328 1328 1328 1338
    1338 1338 1343 1343 1343 1349 1349 1354 1354 1354 1359 1354 1354 0
    4295 4295 4295 1543 1543 1536 1536 1529 1523 1509 1503 1483 1477
    1470 1464 1452 1445 1439 1427 1427 1421 1410 1398 1392 1387 1381
    1376 1365 1359 1349 1343 1338 1333 1328 1328 1328 1328 1338 1338
    1338 1343 1343 1349 1349 1349 1349 1354 1359 1359 1359 1359 0 4295
    4295 4295 1543 1543 1543 1536 1529 1516 1509 1503 1483 1477 1470
    1458 1452 1445 1439 1427 1427 1421 1404 1398 1392 1381 1381 1376
    1359 1354 1349 1343 1338 1333 1328 1328 1328 1333 1338 1338 1343
    1343 1343 1343 1349 1349 1349 1349 1354 1359 1359 1359 4190 4295
    4295 4295 1550 1550 1550 1536 1529 1516 1509 1503 1483 1477 1470
    1458 1452 1445 1439 1427 1427 1421 1404 1398 1392 1381 1381 1376
    1359 1354 1354 1343 1338 1333 1328 1328 1328 1333 1343 1343 1343
    1343 1343 1343 1349 1349 1349 1349 1354 1359 1365 1365 4190 4295
    4295 1543 1550 1550 1543 1536 1523 1516 1509 1496 1483 1477 1464
    1458 1452 1445 1439 1433 1427 1421 1404 1398 1392 1381 1381 1370
