<?xml version="1.0"?>
<opencv_storage>
<Depth4519 type_id="opencv-matrix">
  <rows>38</rows>
  <cols>33</cols>
  <dt>w</dt>
  <data>
    4842 4842 4774 4774 4774 4774 4842 4911 4911 4911 4911 4842 4842
    4842 4842 2859 2835 2835 2835 2835 2789 2767 2767 4774 4774 4774
    4774 4774 4774 4774 4774 4774 4774 4842 4842 4842 4842 4842 4842
    4842 4842 4911 4911 4842 4842 4842 2859 2835 2835 2835 2812 2789
    2789 2789 2767 2767 2767 4774 4774 4774 4774 4774 4774 4774 4774
    4774 4842 4842 4842 4842 4842 4842 4842 4842 4911 4911 2744 2744
    2789 2812 2835 2835 2812 2789 2789 2789 2789 2767 2767 2767 4842
    4842 4842 4842 4774 4774 4774 4774 4774 4911 4842 4842 4842 4842
    4842 2859 2859 2835 2835 2744 2744 2789 2812 2835 2812 2812 2789
    2789 2789 2789 2789 2767 2767 2789 4983 4842 4842 4774 4774 4774
    4774 4774 4842 4842 4842 4842 2859 2859 2859 2859 2835 2835 2812
    2812 2789 2789 2812 2812 2812 2767 2767 2789 2789 2789 2789 2789
    2789 2789 4911 4911 4842 4842 4774 4774 4774 4842 4842 4842 2835
    2835 2835 2835 2835 2835 2812 2812 2812 2789 2789 2812 2812 2812
    2767 2767 2789 2789 2789 2789 2789 2789 2789 4842 4842 4842 4842
    4774 4774 4774 2933 2933 2933 2859 2835 2835 2835 2835 2812 2812
    2812 2812 2812 2812 2812 2812 2812 2812 2812 2835 2789 2789 2789
    2789 2812 2812 4842 4842 4842 4842 4842 4774 4774 2908 2859 2835
    2835 2835 2835 2835 2835 2812 2812 2812 2812 2812 2812 2812 2812
    2812 2812 2812 2812 2789 2789 2789 2789 2789 2812 4983 4842 4842
    4842 4842 4774 4774 2908 2859 2835 2835 2835 2835 2812 2812 2835
    2812 2812 2812 2812 2812 2812 2812 2812 2812 2812 2812 2789 2789
    2789 2789 2789 2789 4983 4842 4842 4842 4842 4774 4774 2859 2859
    2859 2835 2835 2835 2812 2812 2835 2812 2812 2812 2812 2812 2812
    2812 2812 2812 2812 2812 2812 2789 2789 2789 2767 2767 4983 4842
    4842 4842 4774 4774 4774 2859 2859 2835 2835 2812 2812 2835 2835
    2835 2835 2812 2789 2789 2812 2812 2812 2812 2812 2812 2812 2812
    2789 2789 2789 2767 2767 2767 4842 4842 4842 4774 4774 4774 2883
    2859 2835 2835 2812 2812 2835 2835 2835 2812 2812 2789 2789 2789
    2789 2812 2812 2789 2789 2789 2812 2789 2789 2789 2767 2767 2744
    2744 4842 4842 4774 4774 4774 2883 2859 2859 2835 2812 2812 2835
    2835 2835 2812 2812 2789 2789 2789 2789 2812 2812 2789 2789 2789
    2789 2789 2789 2789 2789 2767 2744 2744 4842 4842 4774 4774 4774
    2908 2883 2883 2835 2835 2835 2812 2812 2835 2835 2812 2812 2789
    2789 2789 2812 2812 2767 2767 2767 2789 2789 2789 2789 2789 2767
    2767 2767 4842 4842 4842 4842 4842 2933 2908 2883 2859 2835 2812
    2812 2812 2812 2835 2812 2812 2812 2812 2812 2835 2789 2767 2767
    2767 2789 2789 2789 2789 2789 2767 2767 2767 4842 4774 4774 4774
    4774 4774 2908 2908 2859 2835 2812 2812 2812 2812 2812 2812 2835
    2812 2812 2835 2812 2789 2767 2767 2767 2789 2789 2789 2789 2789
    2767 2767 2767 4911 4774 4774 4774 4774 4774 4774 2908 2883 2835
    2835 2789 2789 2812 2812 2812 2835 2812 2812 2812 2812 2789 2789
    2789 2812 2812 2812 2789 2789 2789 2767 2767 2767 2767 4774 4774
    4774 4774 4774 4774 2908 2908 2859 2835 2789 2789 2812 2812 2812
    2812 2812 2812 2812 2812 2789 2789 2789 2812 2812 2812 2789 2789
    2789 2767 2767 2767 2767 2789 4774 4774 4774 4774 4708 2933 2908
    2859 2835 2812 2812 2812 2812 2812 2812 2812 2812 2812 2812 2812
    2812 2812 2789 2789 2812 2789 2789 2789 2789 2789 2789 2789 2789
    4774 4774 4774 4774 4708 2908 2883 2859 2835 2812 2812 2812 2812
    2812 2812 2812 2812 2812 2812 2812 2812 2812 2789 2789 2812 2812
    2789 2789 2789 2789 2789 2789 2812 4774 4774 4708 4774 4708 2908
    2883 2859 2835 2812 2812 2812 2812 2812 2812 2812 2789 2789 2812
    2812 2812 2812 2789 2789 2812 2812 2789 2789 2789 2789 2789 2789
    2835 4774 4774 4708 4774 4708 2933 2883 2859 2859 2835 2812 2812
    2812 2812 2812 2812 2789 2789 2812 2812 2812 2812 2789 2789 2789
    2789 2789 2789 2789 2789 2789 2789 2812 4774 4774 4708 4774 4708
    4708 2933 2883 2859 2835 2835 2812 2812 2812 2812 2812 2812 2812
    2789 2789 2812 2812 2812 2789 2789 2789 2789 2789 2789 2767 2767
    2767 2767 4774 4774 4774 4774 4708 4708 2933 2908 2883 2859 2835
    2812 2812 2812 2812 2812 2812 2812 2789 2789 2789 2789 2789 2789
    2789 2789 2789 2789 2789 2767 2767 2767 2767 2789 4774 4774 4774
    4774 4708 4708 2908 2883 2835 2812 2812 2812 2812 2812 2812 2812
    2812 2789 2789 2789 2789 2789 2789 2789 2789 2767 2767 2767 2767
    2767 2767 2767 2767 4774 4774 4774 4774 4774 4774 2933 2883 2835
    2812 2812 2812 2812 2812 2812 2789 2789 2789 2789 2789 2767 2767
    2789 2767 2767 2767 2767 2767 2767 2767 2767 2767 2767 2767 4774
    4774 4774 4842 4842 2933 2835 2835 2812 2812 2812 2812 2812 2812
    2789 2789 2789 2789 2789 2767 2767 2767 2767 2767 2767 2767 2767
    2767 2767 2767 2767 2767 2767 4774 4774 4774 4774 4774 4774 2835
    2835 2835 2812 2812 2789 2789 2789 2789 2789 2789 2789 2789 2767
    2767 2767 2767 2767 2767 2767 2767 2767 2767 2767 2767 2744 2744
    4774 4774 4774 4774 4774 4774 2908 2859 2835 2835 2812 2789 2789
    2789 2789 2789 2789 2789 2767 2767 2767 2767 2767 2767 2767 2767
    2767 2767 2767 2767 2767 2744 2744 2744 4774 4774 4774 4774 4774
    2908 2859 2859 2835 2812 2789 2789 2789 2789 2789 2789 2789 2767
    2767 2767 2767 2767 2767 2767 2767 2767 2767 2789 2767 2767 2767
    2744 2744 4774 4774 4774 4774 4774 4774 2859 2859 2835 2812 2789
    2789 2789 2789 2789 2789 2789 2812 2789 2789 2767 2767 2767 2767
    2767 2767 2767 2789 2789 2767 2767 2767 2744 4774 4774 4774 4774
    4774 4842 2859 2859 2859 2835 2789 2789 2789 2767 2767 2789 2789
    2789 2789 2789 2789 2789 2789 2767 2767 2767 2767 2789 2789 2789
    2767 2767 2744 4774 4774 4774 4774 4774 4842 2883 2859 2859 2859
    2835 2812 2789 2767 2767 2789 2767 2767 2767 2767 2789 2789 2789
    2767 2767 2767 2767 2789 2789 2789 2767 2744 2744 4774 4774 4774
    4774 4774 4842 2933 2883 2859 2859 2835 2812 2789 2789 2789 2789
    2767 2767 2767 2767 2789 2789 2789 2767 2767 2767 2767 2767 2767
    2744 2744 2744 2744 4774 4774 4774 4774 4774 4774 2984 2883 2883
    2835 2835 2812 2812 2789 2789 2789 2789 2789 2789 2789 2789 2789
    2789 2789 2789 2767 2767 2767 2767 2744 2744 4774 4708 4774 4774
    4774 4774 4774 4774 4774 2859 2859 2835 2835 2812 2812 2789 2789
    2789 2789 2789 2789 2789 2789 2789 2789 2789 2812 2812 4774 4774
    4774 4774 4774 4774 4708 4774 4774 4774 4774 4774 4774 4774 2859
    2859 2835 2835 2835 2812 2789 2789 2789 2789 2789 2789 2767 2744
    2744 2767 2789 2812 2812 4774 4774 4774 4774 4708 4708 4708 4774
    4774 4774 4774 4774 4774 4774 2835 2835 2835 2835 2835 2789 2789
    2789 2789 2789 2789 2812 2767 2744 2744 2767 2789 2835 2835 4708
    4708 4774 4774 4708 4708 4708</data></Depth4519>
</opencv_storage>
