<?xml version="1.0"?>
<opencv_storage>
<Depth18223 type_id="opencv-matrix">
  <rows>63</rows>
  <cols>52</cols>
  <dt>w</dt>
  <data>
    3859 3903 3903 3903 3903 3903 3903 3903 3859 3859 3859 3859 3859
    3859 3859 3903 3903 3859 3859 3859 3859 3859 3859 3859 3859 3859
    3859 3859 3816 3816 3816 3774 3774 3816 3816 3816 1696 1696 1696
    1696 1696 1624 1624 3774 3774 3774 3732 3732 3732 3732 3692 3692
    3903 3903 3948 3948 3903 3903 3903 3903 3903 3859 3859 3859 3859
    3859 3903 3903 3903 3903 3903 3859 3859 3859 3859 3859 3859 3859
    3859 3859 3816 3816 3816 3816 3816 3816 3816 3774 1696 1696 1688
    1688 1624 1624 1624 1624 3774 3774 3732 3732 3692 3692 3692 3692
    3948 3948 3948 3948 3903 3903 3859 3859 3859 3859 3859 3859 3859
    3859 3903 3903 3903 3903 3903 3859 3859 3859 3859 3859 3859 3859
    3816 3816 3816 3816 1639 1639 1639 1632 1616 1616 1671 1671 1671
    1632 1624 1616 1616 1616 1616 3859 3774 3732 3692 3692 3692 3692
    3948 3948 3948 3903 3903 3859 3859 3859 3859 3859 3859 3859 3859
    3859 3903 3903 3903 3903 3903 3903 1680 1671 1663 1663 3859 1647
    1647 1647 1647 1647 1639 1639 1639 1632 1616 1616 1671 1671 1647
    1632 1624 1616 1616 1616 1616 1616 3732 3732 3692 3692 3692 3692
    3948 3948 3948 3903 3903 3859 3859 3859 3859 3859 3859 3859 3859
    3859 3903 3903 3903 1680 1680 1680 1671 1671 1663 1655 1647 1647
    1647 1647 1647 1647 1647 1639 1639 1632 1624 1624 1680 1663 1639
    1632 1632 1624 1624 1616 1616 1616 3732 3732 3692 3692 3692 3692
    3948 3948 3948 3903 3903 3859 1696 1688 1680 1671 1671 1671 3859
    1680 1671 1671 1671 1671 1671 1671 1671 1671 1663 1655 1647 1647
    1647 1647 1647 1647 1647 1647 1639 1639 1639 1655 1663 1655 1639
    1632 1632 1632 1624 1616 1616 1616 3732 3732 3732 3732 3692 3692
    3948 3948 3948 3903 1705 1696 1696 1688 1680 1671 1671 1671 1680
    1680 1671 1671 1663 1663 1671 1671 1671 1671 1663 1663 1655 1655
    1647 1647 1647 1647 1647 1647 1647 1647 1655 1655 1647 1639 1639
    1632 1632 1632 1624 1616 1616 1616 3732 3732 3732 3732 3732 3692
    3948 3948 3948 1705 1705 1696 1696 1688 1680 1671 1671 1671 1680
    1680 1671 1671 1663 1663 1671 1671 1671 1663 1663 1663 1663 1655
    1655 1655 1655 1655 1647 1647 1655 1655 1655 1647 1647 1639 1639
    1639 1632 1632 1624 1616 1616 1616 3692 3692 3692 3732 3732 3692
    3948 3948 3948 1705 1696 1696 1696 1688 1680 1671 1671 1671 1680
    1680 1680 1671 1671 1671 1671 1671 1671 1663 1663 1663 1663 1663
    1663 1663 1655 1655 1647 1647 1647 1647 1647 1647 1647 1639 1639
    1639 1632 1632 1624 1616 1616 1616 3653 3653 3692 3732 3732 3732
    3948 3903 1713 1705 1696 1696 1696 1680 1680 1671 1671 1671 1680
    1680 1680 1680 1671 1671 1671 1671 1671 1671 1671 1671 1671 1663
    1663 1663 1663 1663 1655 1647 1647 1647 1647 1647 1647 1647 1639
    1639 1632 1632 1632 1624 1624 1632 3653 3653 3692 3732 3732 3732
    3948 1713 1713 1705 1696 1696 1696 1680 1680 1680 1671 1671 1680
    1680 1680 1680 1680 1680 1671 1671 1671 1671 1671 1671 1671 1663
    1663 1655 1655 1655 1655 1647 1647 1647 1647 1647 1647 1647 1639
    1639 1632 1632 1632 1632 1632 1632 1632 3692 3692 3732 3732 3732
    1713 1713 1705 1705 1696 1688 1688 1680 1680 1680 1680 1680 1688
    1688 1680 1680 1680 1680 1680 1671 1671 1671 1671 1671 1671 1663
    1663 1655 1655 1655 1655 1655 1647 1647 1647 1647 1647 1647 1639
    1639 1639 1632 1632 1632 1632 1624 1624 3732 3732 3732 3732 3732
    1705 1705 1705 1705 1696 1688 1688 1688 1688 1680 1680 1680 1688
    1688 1688 1680 1680 1680 1680 1671 1671 1671 1671 1671 1671 1663
    1663 1655 1655 1655 1655 1655 1647 1647 1647 1647 1647 1647 1639
    1639 1639 1632 1632 1624 1624 1624 1624 1624 3732 3732 3732 3732
    1705 1705 1705 1705 1696 1696 1696 1688 1688 1688 1688 1688 1696
    1696 1688 1680 1680 1680 1680 1680 1671 1671 1671 1671 1671 1663
    1663 1655 1655 1655 1655 1655 1663 1647 1647 1647 1647 1647 1639
    1639 1639 1632 1632 1624 1624 1624 1624 1624 3732 3732 3732 3732
    1705 1705 1705 1696 1696 1696 1696 1688 1688 1688 1688 1688 1696
    1696 1688 1680 1680 1680 1680 1680 1680 1680 1671 1671 1671 1671
    1663 1663 1655 1655 1663 1663 1663 1655 1647 1647 1647 1647 1647
    1639 1639 1639 1632 1632 1624 1624 1624 1624 3774 3732 3732 3732
    1705 1705 1705 1696 1696 1696 1696 1696 1696 1696 1688 1688 1696
    1696 1688 1688 1680 1680 1680 1680 1680 1680 1671 1671 1671 1671
    1671 1671 1663 1663 1663 1663 1663 1655 1647 1647 1647 1647 1647
    1639 1639 1639 1632 1632 1624 1624 1624 1624 3774 3732 3732 3732
    1705 1705 1705 1696 1696 1696 1696 1696 1696 1696 1688 1688 1705
    1696 1688 1688 1680 1680 1680 1680 1680 1680 1671 1671 1671 1671
    1671 1671 1671 1671 1663 1663 1655 1655 1647 1647 1647 1647 1647
    1639 1639 1639 1639 1632 1632 1624 1624 1639 3774 3732 3732 3732
    1705 1705 1705 1696 1696 1696 1696 1696 1696 1696 1688 1688 1696
    1696 1696 1688 1688 1680 1680 1680 1680 1680 1680 1680 1671 1671
    1671 1671 1671 1671 1671 1663 1655 1647 1647 1647 1647 1647 1647
    1647 1639 1639 1639 1632 1632 1632 1632 1632 1632 3774 3732 3732
    1705 1705 1705 1705 1696 1696 1696 1696 1696 1696 1688 1688 1696
    1696 1696 1688 1688 1680 1680 1680 1680 1680 1680 1680 1671 1671
    1671 1671 1671 1671 1671 1663 1655 1647 1647 1647 1647 1647 1647
    1647 1639 1639 1639 1632 1632 1632 1632 1632 1632 3774 3732 3732
    1705 1705 1705 1705 1705 1696 1696 1696 1696 1696 1696 1696 1696
    1688 1688 1688 1680 1680 1680 1680 1680 1680 1680 1680 1671 1671
    1671 1671 1671 1671 1671 1663 1663 1647 1647 1647 1647 1647 1647
    1647 1639 1639 1639 1632 1632 1632 1632 1632 1632 3774 3732 3732
    1705 1705 1705 1705 1705 1705 1696 1696 1696 1696 1696 1696 1696
    1688 1688 1680 1680 1680 1680 1680 1680 1680 1680 1680 1671 1671
    1671 1671 1671 1671 1671 1671 1663 1647 1647 1647 1647 1647 1647
    1647 1647 1639 1639 1639 1639 1632 1632 1632 1632 3774 3732 3732
    1722 1713 1713 1713 1705 1705 1705 1696 1696 1696 1696 1696 1696
    1696 1696 1680 1680 1680 1680 1680 1680 1680 1680 1680 1680 1671
    1671 1671 1671 1671 1671 1671 1663 1655 1655 1647 1647 1655 1647
    1647 1647 1639 1639 1632 1632 1639 1632 1632 1632 3774 3732 3732
    1722 1722 1713 1713 1713 1705 1705 1705 1696 1696 1696 1696 1696
    1696 1696 1688 1688 1680 1680 1680 1680 1680 1680 1680 1680 1680
    1671 1671 1671 1671 1671 1671 1663 1663 1655 1647 1647 1655 1647
    1647 1647 1639 1639 1632 1632 1632 1632 1632 1632 3774 3732 3732
    1731 1722 1722 1713 1713 1713 1705 1705 1705 1696 1696 1696 1696
    1696 1696 1696 1688 1688 1680 1680 1680 1680 1680 1680 1680 1680
    1671 1671 1671 1671 1671 1671 1663 1663 1663 1655 1655 1655 1647
    1647 1647 1647 1639 1639 1639 1632 1632 1632 1632 3774 3774 3774
    3994 1722 1722 1713 1713 1713 1705 1705 1705 1696 1696 1696 1705
    1705 1696 1696 1688 1688 1688 1688 1688 1680 1680 1680 1680 1680
    1680 1680 1680 1680 1671 1671 1671 1671 1671 1655 1655 1655 1647
    1647 1647 1647 1647 1639 1639 1639 1632 1632 1632 3774 3774 3774
    3994 1722 1722 1713 1713 1713 1705 1705 1705 1705 1705 1705 1705
    1705 1696 1696 1688 1688 1696 1696 1696 1688 1688 1680 1680 1680
    1680 1680 1680 1671 1671 1671 1671 1671 1671 1663 1663 1655 1655
    1655 1655 1647 1647 1647 1639 1639 1639 1639 1639 3816 3816 3774
    3994 1722 1722 1713 1713 1713 1713 1705 1705 1705 1705 1705 1705
    1705 1705 1696 1696 1696 1696 1696 1696 1688 1688 1688 1688 1680
    1680 1680 1680 1671 1671 1671 1671 1671 1671 1671 1663 1663 1655
    1655 1655 1647 1647 1647 1639 1639 1639 1639 3816 3816 3816 3816
    3994 1731 1722 1713 1713 1713 1713 1705 1705 1705 1705 1705 1705
    1705 1705 1696 1696 1696 1705 1696 1696 1696 1688 1688 1688 1680
    1680 1680 1680 1671 1671 1671 1671 1671 1671 1663 1663 1663 1655
    1655 1655 1647 1647 1647 1639 1639 1639 1639 3816 3816 3816 3816
    3994 1731 1722 1713 1713 1713 1713 1705 1705 1705 1705 1705 1705
    1705 1705 1705 1696 1696 1705 1705 1696 1696 1688 1688 1688 1680
