<?xml version="1.0"?>
<opencv_storage>
<Depth10653 type_id="opencv-matrix">
  <rows>102</rows>
  <cols>52</cols>
  <dt>w</dt>
  <data>
    3994 4041 3994 3994 3994 3994 4089 4139 4139 4139 4139 4139 4139
    1181 1181 4139 4139 1206 1206 1206 1210 1210 1210 1210 4041 3994
    3994 3994 1161 1161 1153 1153 1153 1153 1236 1236 1236 1232 1232
    1268 1268 1273 1273 3732 3692 1333 1333 1333 3653 3653 2485 2467
    3994 4041 3994 3994 3994 3994 4089 4139 4139 4139 4139 1185 1185
    1177 1177 1181 1181 1185 1193 1193 1210 1210 1210 1210 1210 1173
    1173 1169 1169 1161 1153 1153 1153 1153 0 1236 1236 1232 1232 1250
    1250 1268 1268 1268 1333 1333 1333 1333 1333 1333 2467 2467 4041
    4041 3994 3994 3994 3994 3994 3994 1189 1189 1189 1185 1185 1177
    1177 1181 1181 1181 1181 1181 1181 1210 1214 1214 1165 1161 1157
    1157 1157 1153 1153 1153 1153 1153 1157 1236 1236 1236 1236 1250
    1245 1245 1268 1273 1273 1338 1333 1333 1333 1333 1333 2432 4041
    4041 4041 4041 4041 4041 0 0 1197 1189 1189 1185 1185 1181 1181 1177
    1177 1181 1177 1177 1177 1173 1173 1161 1161 1157 1157 1153 1153
    1153 1149 1149 1149 1153 1157 1157 1227 1206 1206 1236 1236 1241
    1245 1250 1268 1268 1338 1338 1333 1333 1333 1333 4041 4041 3994
    3994 4041 4041 0 0 0 1197 1193 1189 1181 1181 1181 1177 1177 1177
    1173 1169 1169 1169 1165 1157 1157 1157 1153 1153 1153 1149 1149
    1145 1145 1153 1157 1165 1197 1197 1202 1210 1227 1236 1241 1245
    1259 1273 1283 1338 1328 1328 1333 1333 4041 4041 3994 3994 4041
    4041 0 0 0 1193 1189 1189 1181 1181 1181 1177 1177 1177 1173 1169
    1169 1169 1165 1157 1157 1157 1153 1153 1149 1145 1145 1145 1145
    1153 1165 1165 1185 1197 1202 1206 1223 1232 1236 1245 1255 1273
    1283 1292 1312 1322 1328 1333 4041 4041 4041 4041 0 0 0 0 0 1193
    1189 1189 1181 1181 1181 1177 1177 1177 1173 1169 1165 1165 1165
    1161 1161 1157 1153 1153 1149 1145 1141 1141 1145 1153 1165 1169
    1185 1197 1202 1206 1223 1232 1236 1250 1255 1273 1288 1292 1307
    1322 1328 1328 3994 4041 4041 4041 0 0 0 0 0 1193 1189 1189 1181
    1177 1177 1177 1177 1173 1173 1169 1165 1165 1165 1165 1161 1157
    1153 1153 1149 1145 1141 1141 1145 1153 1165 1169 1189 1197 1197
    1206 1227 1236 1245 1250 1255 1283 1288 1297 1307 1317 1328 1328
    3994 4041 4041 4089 0 0 0 0 0 1193 1193 1193 1185 1177 1177 1177
    1177 1173 1173 1169 1169 1165 1165 1161 1161 1157 1153 1153 1149
    1145 1145 1145 1149 1153 1165 1181 1189 1197 1197 1206 1232 1241
    1245 1250 1255 1288 1292 1297 1312 1312 1328 1328 3994 4041 4041
    4089 0 0 0 0 0 1189 1189 1189 1185 1181 1177 1177 1177 1177 1173
    1169 1169 1165 1165 1161 1157 1153 1153 1149 1149 1145 1145 1145
    1149 1153 1169 1181 1189 1197 1202 1206 1232 1245 1245 1255 1259
    1288 1292 1302 1312 1312 1312 2415 4041 4041 4041 4041 0 0 0 0 0
    1189 1189 1185 1181 1181 1177 1177 1177 1177 1173 1169 1165 1165
    1165 1161 1157 1153 1153 1149 1149 1149 1145 1145 1149 1153 1173
    1181 1189 1197 1202 1214 1232 1245 1250 1255 1268 1283 1292 1307
    1317 1317 1317 2398 4041 4041 4041 4041 0 0 0 0 0 1189 1189 1185
    1181 1181 1177 1177 1177 1177 1173 1169 1165 1165 1165 1161 1161
    1153 1149 1149 1149 1149 1149 1149 1149 1157 1173 1181 1185 1197
    1202 1223 1232 1245 1250 1259 1268 1283 1292 1307 1317 1317 1317
    2398 4041 4041 4041 0 0 0 0 0 1193 1193 1193 1185 1181 1181 1177
    1177 1177 1177 1173 1169 1165 1165 1165 1161 1157 1153 1149 1149
    1149 1149 1149 1149 1153 1165 1173 1181 1185 1197 1202 1223 1236
    1245 1250 1259 1273 1288 1297 1307 1317 1322 1322 2398 4041 3994
    3994 3994 0 0 0 0 1193 1193 1193 1185 1181 1181 1177 1177 1177 1173
    1169 1169 1165 1165 1165 1161 1157 1153 1149 1149 1149 1149 1149
    1149 1153 1161 1173 1181 1189 1197 1197 1232 1245 1250 1255 1259
    1278 1288 1297 1307 1317 1328 1333 1333 4041 3994 3994 3994 0 0 0 0
    1193 1193 1193 1185 1181 1181 1177 1177 1177 1173 1169 1169 1165
    1165 1165 1161 1161 1153 1149 1149 1149 1149 1149 1149 1153 1161
    1173 1185 1197 1197 1197 1232 1245 1250 1255 1268 1288 1292 1302
    1312 1317 1328 1328 0 4041 4041 4041 0 0 0 0 0 1193 1193 1189 1185
    1181 1181 1177 1177 1177 1173 1169 1169 1165 1165 1165 1161 1161
    1157 1153 1149 1149 1149 1149 1153 1157 1165 1177 1185 1197 1202
    1202 1236 1245 1250 1255 1273 1288 1297 1307 1312 1322 1328 1328 0
    3994 4041 4041 0 0 0 0 0 1193 1193 1189 1185 1181 1181 1177 1177
    1177 1173 1169 1169 1165 1165 1165 1161 1161 1157 1153 1153 1149
    1149 1149 1153 1161 1169 1177 1185 1197 1202 1214 1236 1245 1250
    1255 1273 1288 1297 1307 1317 1328 1328 1328 0 3994 4041 4041 0 0 0
    0 1181 1181 1189 1185 1181 1181 1181 1177 1177 1177 1173 1169 1169
    1165 1165 1165 1161 1161 1157 1153 1149 1149 1149 1149 1153 1161
    1169 1177 1185 1197 1206 1219 1236 1245 1250 1255 1273 1288 1297
    1307 1328 1328 1333 1333 0 4041 4041 4041 0 0 0 0 1181 1181 1185
    1185 1181 1181 1181 1177 1177 1177 1173 1169 1169 1165 1165 1165
    1161 1161 1157 1153 1149 1149 1149 1153 1153 1165 1169 1181 1185
    1197 1206 1223 1236 1245 1250 1259 1283 1292 1297 1307 1328 1328
    1333 1333 0 4041 4041 0 0 0 0 0 0 1193 1185 1185 1181 1181 1181 1177
    1177 1177 1173 1169 1169 1165 1165 1161 1157 1157 1153 1153 1149
    1149 1149 1153 1157 1165 1173 1181 1189 1197 1210 1223 1236 1245
    1250 1264 1288 1292 1297 1312 1328 1328 1328 1328 0 4041 4041 0 0 0
    1193 0 0 1197 1189 1185 1181 1181 1181 1177 1177 1177 1173 1169 1169
    1165 1165 1161 1157 1157 1153 1153 1149 1149 1153 1153 1157 1169
    1177 1185 1193 1202 1214 1227 1241 1250 1255 1268 1288 1292 1297
    1312 1317 1317 0 0 3653 4041 4041 0 0 0 1193 1193 1193 1197 1189
    1185 1181 1181 1181 1177 1177 1177 1173 1169 1169 1165 1165 1161
    1157 1157 1153 1153 1149 1149 1153 1153 1161 1173 1181 1189 1197
    1202 1214 1219 1245 1250 1259 1268 1288 1292 1302 1312 1317 1317
    1317 0 3653 4041 4041 0 0 0 1193 1193 1197 1197 1189 1185 1185 1181
    1181 1177 1177 1177 1173 1173 1169 1169 1165 1161 1161 1157 1153
    1153 1149 1149 1153 1157 1165 1173 1181 1189 1197 1202 1214 1219
    1245 1250 1259 1273 1288 1297 1307 1312 1317 1322 1322 0 3614 4041
    4041 0 0 0 1197 1197 1197 1197 1189 1189 1185 1181 1181 1177 1177
    1177 1177 1173 1169 1169 1169 1165 1161 1161 1153 1153 1149 1149
    1153 1157 1165 1173 1181 1193 1202 1206 1214 1219 1245 1250 1259
    1278 1288 1297 1312 1317 1322 1328 1328 0 3614 4041 4041 0 0 0 1197
    0 1197 1197 1193 1189 1185 1181 1181 1177 1177 1177 1173 1173 1169
    1169 1169 1165 1165 1161 1157 1149 1149 1149 1153 1153 1165 1173
    1185 1197 1202 1210 1214 1223 1245 1250 1259 1283 1292 1297 1312
    1317 1328 1328 1328 3653 3614 4041 4041 0 0 0 0 0 1197 1193 1193
    1189 1185 1181 1181 1177 1177 1177 1173 1169 1169 1169 1165 1165
    1165 1161 1157 1149 1149 1149 1153 1153 1165 1181 1185 1193 1202
    1210 1214 1236 1245 1250 1259 1283 1297 1302 1312 1322 1333 1338
    1338 3653 3653 4041 4041 0 0 0 0 0 1197 1193 1189 1189 1185 1181
    1181 1177 1177 1177 1177 1169 1169 1169 1165 1165 1165 1157 1153
    1149 1149 1153 1153 1153 1165 1181 1185 1193 1202 1210 1219 1245
    1245 1250 1259 1283 1297 1302 1317 1322 1333 1333 1333 3614 3614
    3994 3994 0 0 0 0 0 1197 1193 1189 1185 1185 1181 1181 1177 1177
    1177 1177 1169 1169 1165 1165 1165 1161 1157 1153 1149 1149 1153
    1153 1157 1169 1177 1185 1193 1202 1214 1236 1245 1245 1250 1259
    1288 1297 1307 1317 1322 1333 1333 0 3614 3614 3994 3994 0 0 0 0
    1197 1197 1193 1189 1185 1185 1181 1181 1177 1177 1177 1177 1169
    1169 1165 1165 1165 1161 1157 1153 1153 1153 1153 1157 1161 1169
    1177 1189 1197 1202 1214 1232 1245 1250 1255 1259 1292 1297 1307
    1322 1322 1328 1328 0 3653 3653 3994 0 0 0 0 0 1197 1197 1197 1189
    1185 1185 1181 1181 1177 1177 1177 1177 1169 1169 1165 1165 1165
    1161 1157 1153 1153 1153 1153 1157 1165 1173 1181 1193 1202 1206
    1214 1232 1245 1250 1255 1273 1292 1292 1307 1322 1322 1328 0 0 3614
