<?xml version="1.0"?>
<opencv_storage>
<Depth16565 type_id="opencv-matrix">
  <rows>21</rows>
  <cols>117</cols>
  <dt>w</dt>
  <data>
    920 920 2005 920 918 918 918 915 915 915 915 915 2016 2016 2016 2016
    2016 2028 2016 2016 2016 2005 2005 2005 2005 2005 2005 2005 1993
    1993 1993 1993 1993 1993 1993 1981 1981 1981 1993 1981 1981 1981
    1981 2618 2598 2598 1936 1936 1947 1947 2541 2541 2560 2579 2579
    2560 2560 2560 2522 2522 2560 2560 2560 2560 2541 2522 2522 2522
    2560 2560 2541 2541 2541 2522 2522 2522 2522 2522 2541 2541 2541
    2522 2522 2522 2522 2522 2541 2541 2541 2541 2560 2226 2226 2212
    2212 2212 2212 2212 2226 2226 2226 2212 2198 2198 2212 2212 2541
    2541 2503 2503 2503 2503 2503 2485 2485 2467 2467 2016 2005 2005
    2016 2016 2016 2016 2016 915 915 2016 2016 2005 1993 1993 2005 2005
    2016 2016 2005 2005 1993 1993 1993 1993 1993 1993 1981 1981 1981
    1993 1981 1981 1981 1981 1981 1981 1981 1981 1970 1970 1970 1970
    1959 1947 1947 1936 1936 1947 1947 1947 1947 1947 1947 1947 1947
    1936 1936 1936 1936 1926 1915 1915 1915 1926 1926 1936 2522 2560
    2560 2541 2522 2522 2522 2522 2522 2522 2522 2522 2522 2522 2503
    2503 2503 2503 2503 2522 2522 2522 2212 2212 2226 2226 2212 2212
    2212 2212 2212 2226 2226 2226 2226 2212 2212 2212 2212 2522 2503
    2503 2503 2522 2503 2503 2485 2485 2467 2467 1993 1981 1981 1993
    2005 2005 1993 1993 1993 2005 2005 1993 1993 1981 1981 1981 1981
    1981 1981 1981 1981 1981 1981 1981 1981 1981 1970 1970 1970 1970
    1981 1981 1981 1981 1981 1970 1959 1959 1959 1959 1959 1959 1959
    1947 1947 1947 1936 1936 1947 1947 1947 1947 1947 1947 1947 1936
    1936 1936 1926 1926 1926 1915 1915 1915 1915 1915 1915 1904 1894
    1894 1894 1904 1904 1904 1894 1894 2522 2522 2522 2522 2522 2503
    2503 2503 2503 2503 2503 2503 2212 2212 2212 2226 2212 2212 2212
    2212 2212 2212 2212 2226 2226 2226 2226 2212 2212 2212 2485 2485
    2485 2503 2503 2503 2503 2467 2467 2450 2450 1993 1981 1981 1981
    1981 1981 1970 1970 1970 1970 1970 1970 1970 1970 1970 1970 1959
    1959 1959 1959 1959 1959 1959 1947 1947 1959 1959 1959 1947 1947
    1947 1947 1947 1959 1970 1959 1947 1936 1936 1936 1936 1947 1947
    1936 1936 1926 1926 1926 1936 1936 1936 1936 1936 1926 1926 1926
    1926 1926 1915 1915 1915 1915 1915 1915 1915 1904 1904 1894 1894
    1894 1894 1904 1904 1894 1894 1894 1894 1894 1894 2522 1894 1894
    1894 1894 1894 2485 2485 2485 2212 2212 2212 2212 2212 2212 2212
    2212 2212 2212 2212 2212 2226 2226 2226 2212 2212 2467 2467 2485
    2485 2503 2503 2485 2485 2467 2467 2286 2271 1993 1981 1981 1981
    1970 1970 1959 1959 1959 1959 1959 1947 1947 1959 1959 1947 1947
    1936 1936 1936 1936 1936 1936 1936 1936 1936 1936 1936 1926 1926
    1926 1926 1926 1926 1936 1936 1936 1915 1915 1926 1926 1926 1926
    1926 1926 1915 1915 1926 1915 1915 1926 1915 1915 1915 1904 1904
    1904 1904 1904 1904 1904 1904 1904 1904 1904 1894 1894 1894 1883
    1883 1883 1894 1894 1894 1894 1894 1883 1883 1873 1873 1873 1873
    1873 1873 1863 1863 1863 1863 1873 2212 2212 2212 2212 2212 2212
    2212 2212 2212 2212 2212 2226 2226 2226 2226 2226 2467 2467 2485
    2485 2503 2485 2333 2271 2271 2271 2271 2256 1022 1993 1993 1981
    1970 1970 1959 1959 1959 1959 1959 1947 1947 1936 1936 1936 1936
    1926 1926 1926 1926 1926 1926 1926 1926 1926 1926 1926 1926 1926
    1926 1915 1904 1904 1904 1915 1915 1904 1904 1904 1894 1894 1904
    1904 1904 1894 1894 1894 1883 1873 1873 1883 1894 1894 1894 1894
    1883 1883 1883 1894 1894 1894 1894 1894 1894 1894 1894 1883 1883
    1873 1873 1873 1873 1873 1873 1873 1873 1863 1863 1863 1863 1863
    1863 1863 1863 1863 1863 1863 1873 1873 1873 2212 2198 2198 1873
    1873 1873 1863 1863 1853 1853 1863 1873 1883 2226 2432 2450 1833
    1833 1853 2485 2301 2256 2256 2271 2256 2256 1019 1981 1981 1981
    1970 1970 1970 1970 1970 1959 1959 1947 1947 1936 1936 1936 1936
    1926 1926 1926 1926 1926 1926 1926 1926 1926 1926 1926 1915 1915
    1915 1904 1904 1904 1904 1904 1904 1894 1894 1894 1883 1883 1883
    1883 1883 1883 1883 1873 1863 1863 1863 1863 1883 1883 1873 1873
    1883 1873 1873 1863 1863 1863 1873 1873 1873 1873 1873 1873 1863
    1853 1853 1853 1853 1863 1863 1863 1853 1853 1853 1853 1853 1853
    1853 1853 1853 1853 1853 1853 1863 1863 1863 1863 1863 1863 1863
    1863 1863 1863 1863 1853 1853 1863 1863 1863 1863 1863 1853 1833
    1833 1843 1843 1843 1833 1833 1833 1833 1823 1016 1981 1981 1981
    1970 1970 1970 1970 1970 1970 1970 1959 1947 1947 1947 1936 1936
    1926 1926 1926 1926 1926 1926 1926 1926 1926 1926 1926 1915 1915
    1915 1904 1904 1904 1904 1904 1894 1894 1894 1894 1883 1873 1873
    1873 1883 1883 1883 1873 1863 1863 1863 1863 1863 1863 1853 1853
    1853 1843 1843 1853 1853 1853 1853 1853 1853 1853 1853 1843 1833
    1833 1823 1823 1843 1843 1843 1843 1843 1843 1853 1853 1843 1833
    1823 1823 1823 1833 1833 1833 1833 1843 1843 1843 1843 1843 1843
    1843 1853 1853 1853 1853 1853 1853 1863 1863 1853 1843 1843 1843
    1843 1843 1843 1843 1833 1833 1833 1823 1813 1010 1970 1970 1970
    1970 1981 1981 1981 1981 1970 1970 1970 1970 1959 1947 1936 1936
    1936 1936 1936 1936 1926 1926 1926 1926 1926 1926 1926 1915 1915
    1915 1904 1904 1904 1904 1894 1894 1894 1894 1883 1873 1873 1873
    1873 1873 1883 1883 1873 1873 1863 1863 1863 1853 1853 1853 1853
    1853 1843 1843 1853 1853 1843 1843 1833 1833 1823 1823 1823 1823
    1823 1823 1823 1823 1823 1823 1823 1823 1823 1833 1823 1813 1813
    1813 1813 1813 1823 1823 1823 1823 1833 1833 1823 1823 1823 1833
    1833 1833 1833 1833 1823 1823 1843 1843 1853 1853 1843 1843 1833
    1833 1833 1833 1833 1833 1833 1823 1813 1804 1010 1970 1970 1970
    1970 1981 1981 1981 1981 1981 1970 1970 1970 1959 1947 1947 1947
    1947 1959 1947 1947 1936 1936 1936 1926 1926 1926 1926 1915 1915
    1926 1915 1904 1904 1894 1894 1894 1894 1894 1883 1873 1873 1873
    1873 1873 1883 1883 1873 1873 1863 1853 1853 1853 1853 1853 1853
    1853 1843 1843 1843 1843 1843 1843 1833 1823 1823 1823 1823 1823
    1813 1813 1813 1813 1823 1823 1823 1823 1823 1813 1813 1804 1804
    1804 1794 1794 1804 1804 1804 1804 1804 1804 1813 1804 1804 1813
    1813 1813 1813 1823 1823 1823 1813 1813 1813 1833 1833 1833 1833
    1833 1823 1823 1823 1813 1813 1804 1794 1794 1001 1001 1970 1970
    1970 1981 1981 1981 1981 1981 1970 1970 1970 1959 1947 1947 1947
    1947 1959 1947 1936 1936 1936 1936 1936 1926 1926 1926 1915 1915
    1926 1926 1904 1904 1894 1894 1894 1894 1894 1894 1883 1873 1873
    1873 1873 1883 1883 1873 1873 1863 1853 1853 1853 1853 1853 1853
    1853 1843 1843 1843 1843 1843 1833 1833 1823 1823 1823 1823 1823
    1813 1813 1813 1813 1813 1823 1813 1813 1813 1813 1804 1804 1804
    1804 1794 1794 1804 1804 1804 1804 1804 1804 1804 1804 1804 1794
    1794 1794 1794 1804 1813 1804 1794 1785 1785 1785 1785 1813 1813
    1813 1804 1804 1794 1794 1794 1794 1785 1785 1001 0 1970 1970 1970
    1981 1981 1981 1970 1970 1970 1970 1970 1970 1959 1959 1959 1959
    1959 1947 1936 1936 1936 1936 1936 1926 1926 1926 1915 1915 1926
    1926 1926 1904 1904 1904 1904 1904 1904 1904 1894 1883 1883 1883
    1883 1883 1883 1883 1873 1873 1863 1853 1853 1853 1853 1853 1853
    1843 1843 1843 1843 1843 1833 1833 1823 1823 1823 1823 1823 1823
    1823 1823 1813 1813 1823 1813 1813 1813 1813 1804 1804 1804 1804
    1804 1804 1804 1804 1794 1794 1794 1794 1794 1794 1794 1794 1794
    1794 1794 1794 1794 1794 1794 1785 1776 1776 1766 1757 1757 1757
    1785 1785 1785 1785 1785 1776 1776 1766 992 1981 1981 1981 1981 1981
    1981 1981 1970 1970 1970 1970 1970 1970 1970 1959 1959 1947 1947
    1947 1936 1936 1936 1926 1926 1926 1926 1926 1915 1915 1926 1926
    1926 1926 1926 1904 1904 1904 1904 1904 1894 1894 1894 1883 1883
    1883 1883 1883 1873 1873 1863 1863 1853 1853 1853 1853 1853 1853
    1843 1843 1843 1843 1843 1833 1833 1823 1823 1833 1833 1833 1823
