<?xml version="1.0"?>
<opencv_storage>
<Depth16183 type_id="opencv-matrix">
  <rows>114</rows>
  <cols>67</cols>
  <dt>w</dt>
  <data>
    3816 3816 3859 3859 3859 3903 3903 3903 3948 3948 3948 3948 3948
    4041 4041 4041 4041 4089 4089 4089 4089 4139 4190 4241 4241 4241
    4241 4295 4295 4295 4295 4295 4295 4295 4349 4405 4349 4295 4295
    4405 4405 4463 4522 4522 4522 1130 1130 1123 1123 1123 4522 4522
    4522 4582 4522 4522 4522 4463 4463 4463 4463 4463 4463 4349 4349
    4349 4295 3816 3859 3859 3859 3859 3903 3903 3903 3948 3948 3948
    3994 3994 4041 4041 4041 4041 4041 4041 4089 4089 4139 4190 4241
    4241 4241 4241 4295 4295 4295 4295 4295 4295 4295 4349 4405 4349
    4295 4295 4295 4405 4405 4405 1057 0 1123 1123 1115 1115 1108 1108
    1108 1108 1108 4582 4582 4522 4463 4463 4463 4463 4463 4463 4349
    4349 4349 4295 3859 3859 3859 3859 3859 3948 3948 3948 3948 3994
    3994 3994 3994 4041 4041 4041 4041 4041 4041 4089 4089 4089 4139
    4190 4241 4241 4295 4295 4295 4295 4295 4295 4295 4295 4295 4295
    4295 4295 4295 4295 4295 1057 1057 1057 1057 1115 1115 1112 1112
    1108 1108 1105 1105 1097 1094 1094 1094 1094 1094 1094 1094 4463
    4463 4349 4349 4349 4295 3859 3859 3859 3859 3903 3948 3948 3948
    3994 3994 3994 3994 3994 4041 4041 4041 4041 4041 4041 1004 1004
    4089 4139 4190 4190 4349 4349 4295 4295 4295 1025 1025 1025 1022
    1022 0 0 1060 1060 1060 1057 1057 1057 1057 1057 1060 1067 1070 1073
    1090 1090 1090 1087 1087 1087 1090 1090 1090 1090 1090 1090 1084
    1084 1084 4405 4405 4349 3859 3859 3859 3859 3859 3903 3948 3948
    3948 1070 1070 1073 1070 1070 4089 1084 1084 1007 1007 1004 1004 998
    992 992 992 992 1016 1016 1028 1028 1025 1025 1025 1022 1022 1025
    1022 1060 1060 1060 1050 1050 1054 1054 1057 1057 1060 1060 1060
    1060 1063 1070 1070 1070 1080 1084 1090 1090 1090 1090 1090 1084
    1084 1084 1084 4295 4295 3816 3816 3816 3859 3859 3903 1054 1054
    1060 1067 1067 1067 1067 1067 1070 1070 1073 1007 1007 1007 1004 998
    992 992 992 992 1016 1016 1016 1019 1019 1019 1022 1022 1022 1025
    1022 1022 1022 1022 1034 1038 1047 1050 1050 1050 1054 1057 1057
    1060 1063 1067 1067 1070 1077 1080 1080 1084 1087 1090 1090 1084
    1084 1084 0 4295 4295 1057 1057 1060 1054 1050 1050 1050 1050 1057
    1067 1067 1067 1067 1067 1070 1070 1073 1004 1004 1004 1004 998 995
    992 992 995 998 1001 1007 1010 1013 1016 1016 1019 1022 1022 1022
    1022 1022 1022 1025 1031 1038 1044 1047 1047 1050 1054 1054 1060
    1063 1067 1067 1070 1077 1080 1080 1084 1087 1090 1090 1087 1087
    1087 0 4295 4295 1057 1057 1060 1054 1050 1050 1050 1050 1050 1054
    1054 1054 1067 1067 1070 1070 1001 1001 1001 1001 1001 998 995 992
    992 995 995 998 1001 1004 1007 1010 1010 1013 1016 1019 1022 1022
    1022 1022 1025 1028 1034 1041 1044 1047 1050 1054 1054 1060 1063
    1067 1067 1070 1077 1080 1080 1084 1087 1090 1090 1087 1087 1087 0
    4349 4349 1063 1063 1063 1057 1054 1050 1047 1044 1044 1041 1031
    1028 1022 1019 1016 1007 1001 998 998 995 995 992 992 992 992 992
    992 992 995 998 1007 1007 1010 1010 1013 1016 1022 1022 1022 1022
    1025 1028 1034 1041 1044 1047 1050 1054 1060 1063 1067 1067 1070
    1077 1080 1084 1084 1084 1084 1087 1090 1094 1094 0 0 0 4349 1063
    1063 1063 1057 1054 1050 1047 1044 1044 1038 1028 1025 1022 1019
    1016 1007 1004 998 998 992 992 989 989 992 992 992 992 992 995 998
    1001 1004 1007 1010 1013 1016 1019 1022 1022 1025 1028 1031 1038
    1041 1044 1047 1047 1050 1063 1067 1067 1067 1067 1073 1080 1084
    1084 1084 1084 1087 1087 1090 1094 0 0 0 4405 1067 1067 1063 1060
    1057 1054 1047 1047 1044 1038 1028 1025 1022 1019 1016 1013 1007
    1001 992 992 989 989 989 989 989 992 992 992 995 998 1001 1004 1007
    1010 1013 1016 1019 1022 1022 1025 1031 1034 1038 1041 1044 1047
    1047 1050 1063 1067 1067 1067 1067 1073 1077 1080 1084 1084 1084
    1084 1087 1090 1090 0 0 0 4405 1067 1067 1063 1060 1057 1054 1047
    1047 1044 1034 1028 1025 1022 1019 1016 1013 1007 1001 992 992 989
    989 989 989 989 989 992 992 995 998 1001 1004 1007 1013 1013 1016
    1019 1022 1025 1031 1031 1038 1041 1044 1044 1044 1047 1050 1063
    1067 1067 1067 1067 1073 1077 1080 1084 1084 1084 1084 1087 1090
    1090 0 0 0 4463 1073 1067 1063 1063 1060 1054 1050 1047 1044 1034
    1028 1025 1022 1019 1016 1013 1007 1001 992 992 989 989 989 987 987
    989 992 992 995 1001 1001 1004 1007 1013 1016 1019 1019 1019 1025
    1028 1031 1034 1038 1041 1041 1044 1044 1050 1060 1063 1067 1067
    1070 1077 1077 1080 1084 1084 1084 1084 1087 1087 1087 0 0 0 4405 0
    1070 1063 1063 1060 1054 1047 1047 1044 1038 1031 1028 1022 1019
    1016 1013 1010 1007 998 992 989 989 989 987 987 989 995 998 1001
    1001 1004 1007 1007 1013 1016 1019 1019 1019 1025 1028 1031 1034
    1038 1041 1041 1044 1044 1050 1060 1063 1067 1067 1070 1077 1077
    1080 1084 1084 1084 1084 1087 1087 1087 0 0 0 4405 1063 1063 1063
    1063 1060 1057 1047 1047 1044 1038 1031 1028 1025 1019 1016 1013
    1010 1007 1001 992 989 987 987 987 989 992 995 998 1001 1004 1004
    1007 1007 1010 1013 1016 1019 1019 1022 1028 1028 1031 1034 1038
    1041 1044 1044 1050 1060 1063 1067 1067 1070 1073 1077 1084 1084
    1087 1084 1084 1087 1084 1084 0 0 0 4405 0 1063 1063 1063 1060 1057
    1050 1050 1044 1038 1031 1028 1025 1019 1016 1013 1007 1007 1004 998
    989 987 987 987 989 992 995 998 1001 1004 1004 1007 1007 1010 1013
    1016 1019 1019 1022 1025 1028 1031 1034 1038 1041 1044 1044 1054
    1060 1063 1067 1067 1070 1070 1073 1084 1084 1087 1087 1087 1087
    1084 1084 0 0 0 0 1067 1067 1067 1063 1060 1057 1054 1050 1044 1038
    1031 1028 1025 1022 1019 1013 1007 1007 1004 1001 989 987 987 987
    989 992 995 998 998 1001 1004 1004 1007 1010 1013 1016 1019 1019
    1019 1025 1028 1034 1034 1038 1041 1044 1044 1054 1060 1063 1067
    1067 1070 1070 1073 1084 1084 1087 1087 1087 1087 1084 1084 0 0 0 0
    1067 1067 1067 1067 1060 1057 1054 1054 1044 1038 1031 1028 1025
    1022 1019 1013 1007 1007 1004 998 989 987 987 987 989 992 995 995
    995 998 1001 1004 1007 1010 1016 1016 1019 1019 1019 1025 1028 1034
    1034 1041 1044 1044 1044 1054 1060 1063 1067 1067 1070 1070 1080
    1084 1084 1087 1087 1087 1087 1084 1084 0 0 0 4295 1077 1067 1067
    1067 1060 1057 1054 1054 1044 1041 1034 1031 1028 1025 1019 1013
    1010 1007 1004 998 992 989 987 987 989 992 995 995 995 998 1001 1004
    1007 1010 1016 1016 1019 1019 1022 1025 1028 1034 1038 1041 1044
    1044 1044 1054 1060 1063 1067 1067 1070 1070 1080 1080 1084 1084
    1087 1087 1090 1090 1090 0 0 0 4295 1077 1067 1067 1067 1060 1057
    1054 1054 1044 1041 1034 1031 1028 1025 1019 1016 1010 1007 1004 998
    992 989 987 987 989 992 995 995 995 998 1001 1004 1007 1010 1013
    1016 1019 1019 1022 1025 1028 1034 1038 1041 1044 1044 1047 1054
    1060 1067 1067 1067 1070 1070 1080 1080 1084 1084 1087 1087 1087
    1090 0 0 0 0 4349 1067 1067 1067 1067 1060 1057 1054 1054 1044 1041
    1034 1031 1028 1028 1019 1016 1010 1007 1004 998 992 989 987 987 989
    992 995 995 995 1001 1004 1004 1007 1010 1013 1016 1019 1022 1022
    1025 1031 1034 1038 1041 1041 1044 1047 1054 1057 1067 1067 1070
    1070 1070 1080 1080 1084 1084 1084 1087 1087 1090 1090 0 0 0 4405
    1070 1070 1067 1067 1063 1057 1054 1054 1044 1041 1034 1031 1028
    1028 1022 1016 1010 1007 1004 1001 992 989 989 989 992 992 995 995
    998 1001 1004 1004 1007 1010 1013 1016 1019 1022 1022 1028 1031 1034
    1038 1041 1041 1044 1050 1054 1057 1067 1067 1070 1070 1073 1080
    1080 1084 1084 1084 1087 1090 1090 1090 0 0 0 4463 1070 1070 1070
    1067 1063 1060 1054 1050 1044 1041 1034 1031 1031 1028 1022 1016
    1010 1007 1004 1001 998 989 989 989 992 992 995 998 1001 1004 1004
    1004 1007 1010 1013 1016 1019 1022 1022 1028 1031 1038 1038 1038
    1044 1044 1050 1054 1057 1067 1067 1070 1070 1073 1080 1080 1084
    1084 1087 1087 1090 1090 1090 0 0 0 4463 1067 1067 1067 1067 1063
