<?xml version="1.0"?>
<opencv_storage>
<Depth9808 type_id="opencv-matrix">
  <rows>53</rows>
  <cols>14</cols>
  <dt>w</dt>
  <data>
    989 989 989 0 2065 2065 2040 1034 1034 1031 1031 2078 2078 1410 987
    989 989 0 2040 2040 2040 2040 2040 2053 2053 2078 2078 1398 984 984
    984 2129 2040 2040 2040 2040 2040 2040 2040 2040 2040 1398 984 984
    2129 2129 2090 2040 2040 2040 2040 2040 2040 2040 2040 1398 989 3037
    2116 2116 2090 2040 2040 2040 2040 2040 2040 2040 2040 2040 3037
    3064 2116 2116 2090 2053 2040 2040 2040 2040 2040 2040 2040 1404
    3037 3037 2116 2116 2065 2028 2028 2028 2040 2040 2040 2040 2028
    1398 3037 3037 2116 2103 2053 2028 2028 2028 2028 2040 2040 2040
    2028 1398 3037 2116 2116 2103 2053 2028 2028 2028 2028 2028 2040
    2040 2053 2053 3010 2116 2103 2090 2053 2028 2016 2016 2028 2028
    2040 2040 2053 2053 2116 2116 2103 2090 2053 2028 2016 2016 2028
    2028 2028 2028 2040 2040 2116 2116 2090 2078 2053 2028 2016 2016
    2028 2028 2028 2028 2028 2028 2116 2103 2090 2078 2053 2028 2016
    2016 2016 2028 2028 2028 2028 2028 2116 2103 2090 2078 2053 2028
    2016 2016 2016 2028 2028 2028 2016 2016 2116 2116 2090 2078 2028
    2016 2005 2005 2005 2016 2016 2016 2016 2016 2116 2116 2090 2078
    2028 2016 2005 2005 2005 2005 2016 2005 2005 2016 2116 2103 2090
    2065 2016 2005 2005 2005 2005 2005 2016 2005 2005 2005 2116 2103
    2090 2065 2016 2005 1993 1993 2005 2005 2005 1993 1993 1993 2835
    2090 2090 2065 2028 2005 1993 1993 1993 2005 2005 1993 1993 1993
    2812 2090 2078 2065 2028 2005 1993 1993 1993 2005 2005 1993 1993
    1993 2812 2090 2078 2065 2028 2005 1993 1993 1993 1993 1993 1993
    1993 1376 2789 2078 2053 2040 2028 2005 1993 1981 1981 1993 1993
    1993 1993 1376 2789 2078 2040 2040 2005 1993 1993 1981 1981 1981
    1981 1981 1981 1981 2744 2078 2028 2028 2005 1981 1981 1981 1981
    1981 1981 1981 1981 1981 2744 2744 2028 2016 1993 1981 1970 1970
    1970 1970 1970 1981 1981 1981 2767 2767 2040 2016 1993 1970 1970
    1959 1959 1959 1970 1970 1970 1970 2767 2053 2040 2028 1993 1970
    1959 1947 1947 1947 1959 1970 1970 1970 2744 2053 2040 2028 2005
    1981 1959 1947 1947 1947 1959 1959 1970 1970 2744 2053 2040 2028
    2016 1981 1959 1947 1947 1947 1959 1959 1959 1959 2744 2040 2040
    2028 2016 1981 1959 1947 1947 1947 1947 1947 1959 1959 2078 2040
    2040 2028 1993 1970 1959 1947 1947 1947 1947 1947 1947 1947 2078
    2040 2028 2016 1993 1959 1947 1947 1947 1947 1947 1947 1947 1302
    2053 2040 2028 2016 1981 1959 1947 1947 1936 1936 1947 1947 1947
    1302 2040 2040 2028 2016 1970 1947 1936 1936 1936 1936 1936 1947
    1947 1302 2040 2028 2028 2016 1970 1947 1936 1936 1936 1936 1936
    1947 1947 1302 2040 2028 2016 2005 1970 1947 1936 1936 1936 1936
    1936 1947 1947 1947 1993 2016 2016 2005 1970 1947 1936 1926 1926
    1936 1936 1947 1947 1947 1993 2005 1993 1981 1959 1936 1926 1926
    1926 1926 1926 1936 1936 1936 2908 2005 1993 1981 1959 1936 1926
    1926 1926 1926 1926 1926 1936 1936 2908 2016 1993 1981 1970 1936
    1926 1915 1915 1915 1926 1926 1936 1936 2859 2016 1993 1981 1970
    1926 1915 1904 1904 1915 1926 1936 1936 1936 1993 1993 1993 1981
    1970 1926 1915 1904 1904 1926 1926 1926 1926 1926 1993 1993 1993
    1981 1947 1926 1915 1904 1904 1915 1915 1926 1926 1926 1993 1993
    1993 1981 1947 1926 1915 1904 1904 1904 1904 1915 1915 1915 2005
    1993 1993 1970 1936 1904 1904 1904 1904 1904 1904 1904 1904 1259
    2835 2005 1993 1970 1904 1894 1894 1894 1894 1894 1904 1904 1904
    1255 2835 1993 1981 1947 1904 1894 1894 1883 1883 1894 1904 1904
    1904 1255 2812 1981 1981 1947 1904 1894 1894 1883 1883 1894 1904
    1904 1904 1904 1993 1981 1970 1947 1904 1894 1883 1883 1883 1883
    1904 1904 1894 1894 1981 1981 1970 1947 1915 1894 1883 1883 1883
    1883 1894 1894 1894 1894 1981 1981 1970 1947 1915 1894 1883 1873
    1873 1883 1894 1894 1894 1894 1970 1970 1970 1947 1915 1894 1883
    1873 1873 1883 1894 1894 1894 1894 1970 1970 1970 1936 1915 1904
    1883 1873 1873 1883 1894 1894 1894 1883</data></Depth9808>
</opencv_storage>
