<?xml version="1.0"?>
<opencv_storage>
<Depth12184 type_id="opencv-matrix">
  <rows>7</rows>
  <cols>21</cols>
  <dt>w</dt>
  <data>
    7178 7178 6259 6259 6259 6146 6146 6146 6038 6038 6038 6038 6038
    6038 6038 5933 5933 5933 5933 5933 5832 7030 6146 6146 6146 6146
    6146 6146 6146 6038 6038 6038 6038 6038 6038 6038 5933 5933 5933
    5933 5933 5832 6146 6146 6146 6146 6146 6146 6146 6038 6038 6038
    6038 6038 6038 6038 5933 5933 5933 5933 5933 5933 5832 6038 6038
    6038 6146 6146 6146 6146 6038 6038 6038 6038 6038 6038 6038 5933
    5933 5933 5933 5933 5933 5933 5933 5933 5933 6038 6038 6038 6038
    6038 6038 6038 6038 6038 6038 6038 5933 5933 5933 5933 5933 5933
    5933 5933 5933 5933 6038 6038 6038 6038 6038 6038 6038 6038 6038
    6038 6038 5933 5933 5933 5933 5933 5933 5933 5734 6259 6259 6259
    6259 6146 6038 6038 6038 6038 6038 6038 6038 6038 6038 6038 7030
    7030 7030 7030 0</data></Depth12184>
</opencv_storage>
