<?xml version="1.0"?>
<opencv_storage>
<Depth3576 type_id="opencv-matrix">
  <rows>110</rows>
  <cols>166</cols>
  <dt>w</dt>
  <data>
    0 0 0 0 0 1112 1108 1108 1115 1115 1119 1123 1134 1141 1153 1153
    1157 1157 1161 1161 1161 1776 1776 1766 1766 803 803 803 803 805 805
    805 805 805 805 1785 1785 1785 1785 1804 1823 1843 1863 1883 1904
    1904 1904 1915 2560 2541 2541 2560 2560 2560 2560 2560 2579 2933
    2933 2958 2958 2958 3010 3010 3010 3238 3238 3238 3238 3238 3238
    3238 3238 3238 3238 3238 3238 3238 3238 3238 3238 3238 3238 3208
    3208 3178 3178 3178 3178 3178 3178 3178 3208 3238 3269 3269 3300
    3300 3333 3333 3333 3333 3365 3365 3365 3365 3365 3365 3365 3365
    3365 3365 3365 3365 3365 3365 3399 3399 3399 3399 3399 3433 3433
    3433 3433 3433 3433 3433 3433 3433 3433 3433 3468 3468 3468 3468
    3468 3468 3468 3503 3503 3503 3503 3503 3503 3539 3539 3539 3539
    3539 3539 3576 3576 3576 3576 3576 3576 3576 3576 3539 3539 3539
    3539 3539 3539 3539 0 0 0 0 0 1112 1108 1108 1115 1115 1123 1134
    1141 1149 1153 1157 1157 1157 1157 1157 794 1776 1776 1766 1766 802
    802 802 802 803 803 805 805 805 805 805 805 1843 1843 1843 1853 1853
    1863 1883 1904 1904 1904 2522 2541 2522 2522 2541 2560 2579 2579
    2598 2598 2933 2933 2958 2958 2958 2984 2984 3238 3238 3238 3238
    3208 3208 3208 3208 3208 3238 3238 3238 3238 3238 3238 3238 3208
    3178 3178 3178 3149 3149 3149 3149 3178 3178 3178 3178 3208 3238
    3269 3269 3269 3300 3300 3300 3300 3300 3333 3333 3365 3365 3365
    3365 3365 3365 3365 3365 3365 3365 3365 3365 3399 3399 3399 3399
    3399 3399 3399 3433 3399 3399 3433 3433 3433 3433 3433 3433 3433
    3468 3468 3468 3468 3468 3468 3468 3468 3468 3503 3503 3503 3503
    3503 3503 3503 3539 3539 3539 3539 3539 3539 3539 3539 3539 3539
    3503 3503 3503 3503 3539 3539 3539 0 0 0 0 0 0 0 1119 1112 1112 1126
    1134 1141 1149 1157 1157 1161 1161 1161 796 794 794 794 796 796 796
    798 798 800 800 802 803 805 805 805 805 805 805 805 1873 1873 1873
    1883 1883 1904 1915 2522 2522 2503 2503 2503 2522 2560 2579 2579
    2618 2883 2908 2933 2933 2958 2958 2984 2984 3238 3238 3238 3208
    3208 3208 3208 3208 3208 3208 3208 3208 3208 3208 3208 3208 3178
    3149 3149 3149 3149 3149 3149 3149 3149 3178 3178 3178 3269 3269
    3269 3269 3269 3300 3300 3300 3300 3300 3300 3333 3333 3333 3333
    3365 3365 3365 3365 3365 3365 3365 3365 3365 3399 3365 3365 3365
    3365 3399 3399 3399 3399 3399 3399 3433 3433 3433 3433 3433 3433
    3433 3468 3468 3468 3468 3468 3468 3468 3468 3468 3468 3503 3503
    3503 3503 3503 3503 3503 3539 3539 3539 3539 3539 3539 3539 3539
    3503 3503 3503 3503 3539 3539 3539 0 0 0 0 0 0 0 0 1112 1112 1130
    1130 1141 1149 1157 1161 1169 1173 1173 796 796 792 792 794 794 796
    796 798 798 798 798 800 802 803 803 803 805 805 805 805 1904 1904
    1883 1883 2503 2503 2503 2503 2503 2503 2503 2522 2560 2598 2639 757
    757 752 752 2933 2958 2984 2984 2984 3238 3238 3238 3208 3208 3208
    3178 3178 3178 3208 3208 3208 3208 3208 3178 3178 3149 3149 3149
    3149 3149 3149 3149 3149 3149 3149 3178 3178 3238 3269 3269 3269
    3269 3269 3269 3269 3300 3300 3300 3300 3300 3300 3300 3333 3365
    3365 3365 3365 3365 3365 3365 3399 3399 3365 3365 3365 3365 3399
    3399 3399 3399 3399 3399 3399 3433 3433 3433 3433 3433 3433 3468
    3468 3468 3468 3468 3468 3468 3468 3468 3468 3503 3503 3503 3503
    3503 3503 3503 3503 3503 3539 3539 3539 3539 3539 3539 3503 3503
    3503 3503 3539 3539 3539 0 0 0 0 0 0 0 0 0 0 1130 1130 1141 1149
    1157 1161 1169 1169 796 796 790 790 790 792 794 796 796 796 798 798
    798 798 800 802 803 803 805 805 805 805 805 0 0 0 2522 2522 2503
    2503 2503 2503 2522 2522 761 757 755 755 755 752 752 752 752 752 757
    757 3238 3238 3238 3208 3178 3178 3178 3178 3178 3178 3178 3178 3208
    3208 3178 3149 3120 3120 3120 3120 3149 3149 3120 3120 3149 3149
    3178 3208 3238 3269 3269 3269 3269 3269 3269 3269 3269 3300 3300
    3300 3300 3300 3300 3333 3333 3333 3365 3365 3365 3365 3365 3365
    3365 3365 3365 3365 3365 3399 3399 3399 3399 3399 3399 3399 3399
    3399 3433 3433 3433 3433 3433 3433 3433 3468 3468 3468 3468 3468
    3468 3468 3503 3468 3468 3468 3503 3503 3503 3503 3503 3539 3539
    3539 3539 3539 3539 3503 3503 3503 3503 3539 3539 3539 0 0 0 0 0 0 0
    0 0 0 0 0 0 1165 1165 1165 1181 1181 789 789 789 789 789 790 792 794
    796 796 796 796 796 796 798 800 800 802 805 805 805 805 809 0 0 0 0
    0 2503 2503 2503 2503 2522 2541 761 755 754 754 754 754 754 752 752
    755 757 757 759 759 3208 3208 3178 3178 3178 3178 3178 3178 3149
    3149 3178 3178 3149 3149 3120 3120 3120 3120 3149 3120 3120 3120
    3149 3208 3238 3238 3238 3238 3269 3269 3269 3269 3269 3269 3269
    3269 3269 3300 3300 3300 3300 3300 3333 3333 3365 3365 3365 3365
    3365 3365 3365 3333 3333 3365 3365 3365 3365 3365 3365 3399 3399
    3399 3399 3399 3399 3433 3433 3433 3433 3433 3433 3433 3468 3468
    3468 3468 3468 3468 3468 3468 3468 3468 3503 3503 3503 3503 3503
    3503 3503 3539 3539 3539 3503 3503 3503 3468 3468 3503 3503 3503 0 0
    0 0 0 0 0 0 0 0 0 0 0 0 1214 1214 1214 785 785 787 787 789 789 789
    790 792 794 794 794 794 794 796 796 798 798 802 805 807 811 809 809
    0 0 0 0 0 0 0 2503 2503 2522 2835 754 750 750 750 750 752 754 754
    755 755 757 757 759 759 759 3208 3208 3208 3178 3149 3149 3149 3149
    3149 3149 3149 3120 3120 3120 3120 3120 3120 3120 3120 3120 3120
    3149 3238 3238 3238 3238 3238 3238 3238 3238 3269 3269 3269 3269
    3269 3269 3300 3300 3300 3300 3300 3300 3333 3333 3333 3333 3333
    3333 3333 3333 3333 3333 3365 3365 3365 3365 3365 3365 3399 3399
    3399 3399 3399 3399 3399 3399 3399 3399 3399 3433 3433 3433 3433
    3433 3468 3468 3468 3468 3468 3468 3468 3468 3503 3503 3503 3503
    3503 3503 3503 3539 3539 3503 3468 3468 3468 3468 3503 3503 3503 0 0
    0 0 0 0 0 0 0 0 0 0 0 776 776 776 780 780 781 785 785 785 787 787
    789 790 790 792 792 790 790 792 794 796 798 802 807 809 811 815 0 0
    0 0 0 0 0 0 0 0 746 749 749 749 749 749 749 750 752 754 754 755 755
    757 759 759 757 757 757 3178 3178 3149 3149 3149 3149 3149 3120 3064
    3064 3092 3064 3064 3092 3092 3120 3120 3120 3120 3149 3238 3238
    3238 3238 3238 3238 3238 3238 3269 3269 3269 3269 3269 3300 3300
    3300 3300 3300 3300 3300 3300 3300 3300 3300 3300 3300 3333 3333
    3333 3333 3365 3365 3365 3365 3365 3365 3365 3365 3399 3399 3399
    3399 3399 3399 3399 3399 3399 3399 3433 3433 3433 3433 3433 3433
    3433 3468 3468 3468 3468 3468 3503 3468 3468 3468 3468 3468 3468
    3503 3503 3503 3468 3468 3468 3468 3468 3468 3468 0 0 0 0 0 0 0 0 0
    0 0 0 0 781 776 776 780 780 781 781 783 783 785 785 787 787 787 789
    789 789 789 790 792 794 796 805 809 809 815 819 829 0 0 0 0 0 0 0 0
    0 0 746 746 747 747 747 749 749 750 750 752 754 755 755 757 757 757
    757 755 755 755 759 761 761 3149 3149 3037 3010 3010 3037 3037 3037
    3037 3064 3092 3120 3120 3149 3208 3238 3238 3208 3208 3208 3238
    3238 3238 3269 3269 3269 3269 3269 3269 3269 3269 3269 3269 3269
    3300 3300 3300 3300 3269 3269 3300 3300 3333 3333 3333 3333 3333
    3365 3365 3365 3365 3365 3365 3399 3399 3399 3399 3399 3399 3399
    3399 3399 3399 3399 3399 3399 3399 3399 3433 3433 3468 3468 3468
    3468 3468 3468 3468 3468 3468 3468 3433 3433 3503 3503 3503 3468
    3468 3468 3468 3468 3468 3468 0 0 0 0 0 0 0 0 0 0 0 789 787 780 778
    778 778 778 780 780 781 781 781 783 783 785 785 787 787 787 787 789
    790 794 796 807 809 809 815 823 829 831 0 0 0 0 0 0 0 0 742 742 744
    746 746 746 747 747 747 749 749 750 752 754 754 755 755 757 755 755
    759 759 761 761 761 3037 3037 3010 3010 3037 3037 3037 3037 3064
    3092 3120 3149 3178 3178 3208 3208 3208 3208 3208 3208 3208 3238
    3238 3238 3238 3238 3238 3269 3269 3269 3269 3269 3269 3269 3300
    3300 3269 3269 3269 3300 3300 3333 3333 3333 3333 3333 3365 3365
    3365 3365 3365 3365 3365 3365 3399 3399 3399 3399 3399 3399 3399
