<?xml version="1.0"?>
<opencv_storage>
<Depth5922 type_id="opencv-matrix">
  <rows>19</rows>
  <cols>20</cols>
  <dt>w</dt>
  <data>
    4349 4349 4295 4295 4295 3010 3010 3037 3037 3037 3064 3064 3064
    3037 3037 3037 3037 4405 4405 4405 4295 4295 4295 4295 4295 3010
    3010 3010 3010 3010 3037 3037 3037 3037 3037 3010 3010 4405 4405
    4405 4295 4295 3120 3092 3064 3010 3010 3010 3010 3010 3010 3037
    3037 3010 3010 3010 3010 4405 4405 4405 3120 3120 3092 3092 3064
    3010 3010 3010 3010 3010 3010 3010 3010 3010 3010 3010 3010 4405
    4405 4405 3092 3092 3092 3064 3064 3010 3010 3010 3010 3010 3010
    3010 3010 3010 3010 3010 3010 3064 4405 4405 3092 3092 3064 3064
    3064 3010 3010 3010 3010 3010 3037 3010 3010 3010 3010 3010 3010
    3037 3092 4349 3092 3064 3064 3037 3037 3037 3037 3037 3037 3037
    3037 3010 3010 3010 3010 3010 3010 3037 3092 4295 3092 3064 3064
    3037 3037 3037 3037 3037 3037 3037 3037 3010 3010 3010 3010 3010
    3037 3037 3092 3092 3092 3064 3064 3037 3037 3037 3037 3037 3037
    3037 3037 3010 3010 3010 3010 3010 3037 3037 3064 3064 3092 3064
    3064 3064 3064 3037 3037 3037 3037 3037 3037 3010 3010 3010 3010
    3010 3010 3010 3064 3064 3064 3064 3064 3064 3064 3037 3037 3037
    3037 3037 3037 3010 3010 3010 3010 3010 3010 3010 3037 3064 3064
    3064 3064 3064 3064 3037 3037 3037 3037 3037 3037 3037 3010 3010
    3010 3010 3010 3010 3037 3064 3064 3064 3064 3064 3064 3037 3037
    3037 3037 3037 3037 3037 3037 3010 3010 3010 3037 3037 3064 3120
    3092 3092 3064 3064 3064 3064 3064 3037 3037 3037 3037 3037 3037
    3037 3037 3037 3037 3037 3092 3120 3092 3092 3092 3092 3064 3064
    3064 3064 3064 3037 3037 3037 3037 3037 3037 3037 3037 3064 3064
    3092 4241 3120 3092 3092 3064 3064 3064 3064 3064 3037 3037 3037
    3037 3037 3037 3037 3037 3064 3064 3092 4241 3178 3120 3120 3092
    3064 3064 3064 3064 3037 3037 3037 3037 3037 3037 3037 3064 3064
    3092 3092 4241 4241 3178 3120 3092 3092 3064 3064 3064 3037 3037
    3037 3037 3037 3037 3037 3037 3037 3037 3092 4241 4241 4190 3120
    3092 3092 3064 3064 3064 3037 3037 3037 3037 3037 3037 3037 3037
    3037 3037 3064</data></Depth5922>
</opencv_storage>
