<?xml version="1.0"?>
<opencv_storage>
<Depth11067 type_id="opencv-matrix">
  <rows>104</rows>
  <cols>68</cols>
  <dt>w</dt>
  <data>
    3692 3653 3653 3653 3692 3653 3653 3653 3653 3614 3614 1123 1119
    1112 1108 1108 1108 1169 1169 1169 1165 1157 1153 1153 1149 1145
    1141 1138 1134 1134 3300 3300 3300 3333 3300 3269 3238 3238 3238
    3238 3238 3238 3238 3208 3208 3178 3178 3178 3178 3149 3149 3149
    3149 3120 3092 3092 3064 3064 3064 3064 3064 3064 3037 3037 3037
    3037 3010 2984 3692 3653 3653 3653 3692 3692 1123 1123 1119 1119
    3653 1123 1115 1112 1108 1108 1108 1169 1169 1165 1161 1157 1153
    1149 1141 1138 1134 1134 1130 1130 1126 1126 1126 3365 3365 3269
    3238 3238 3238 3238 3238 3238 3238 3238 3208 3178 3178 3178 3178
    3149 3149 3149 3149 3120 3092 3092 3064 3064 3064 3064 3064 3064
    3064 3037 3037 3037 3010 3010 3692 3653 3653 3653 0 0 1123 1119 1119
    1119 1123 1119 1108 1105 1105 1090 1090 1090 1090 1161 1153 1153
    1145 1134 1130 1130 1134 1130 1130 1126 1119 1119 1119 1119 3269
    3269 3238 3238 3208 3208 3208 3208 3178 3178 3208 3178 3178 3178
    3178 3149 3149 3149 3149 3120 3120 3092 3092 3092 3064 3064 3064
    3064 3037 3037 3037 3037 3010 3010 3732 3732 0 3732 0 0 1123 1119
    1115 1108 1105 1105 1101 1097 1094 1090 1087 1084 1084 1084 1080
    1080 1145 1130 1126 1126 1126 1123 1119 1119 1112 1108 1108 1105
    1105 1105 1101 1101 1105 3208 3208 3208 3178 3178 3208 3178 3178
    3178 3178 3178 3178 3149 3149 3120 3120 3120 3092 3092 3092 3064
    3064 3064 3037 3037 3037 3037 3010 3010 3732 0 0 0 0 0 1123 1115
    1112 1108 1105 1105 1097 1094 1090 1084 1084 1084 1084 1077 1077
    1077 1149 1130 1126 1126 1112 1108 1105 1105 1105 1105 1105 1101
    1101 1101 1101 1097 1097 1097 1097 1084 3208 3208 3208 3178 3178
    3178 3178 3178 3178 3178 3149 3149 3120 3120 3120 3092 3092 3064
    3064 3064 3037 3037 3037 3037 3037 3010 3732 0 0 0 0 0 0 1115 1112
    1108 1105 1105 1094 1090 1087 1084 1080 1080 1073 1070 1063 1063
    1067 1067 1067 1063 1063 1067 1105 1090 1090 1090 1090 1101 1087
    1073 1073 1080 1090 1090 1084 1084 1080 1080 1080 3208 3208 3178
    3149 3149 3178 3178 3149 3149 3120 3120 3120 3092 3092 3064 3064
    3064 3037 3037 3037 3037 3037 3037 0 0 0 0 0 0 0 1115 1112 1108 1101
    1097 1094 1090 1087 1084 1080 1080 1070 1063 1063 1063 1063 1063
    1060 1057 1054 1054 1054 1041 1041 1041 1044 1044 1087 1067 1063
    1063 1067 1067 1080 1080 1077 1073 1070 1070 1070 3149 3149 3149
    3120 3120 3149 3149 3120 3120 3120 3092 3092 3064 3064 3064 3037
    3037 3037 3037 3010 3010 0 0 0 0 0 0 1126 1123 1112 1108 1101 1097
    1094 1090 1087 1084 1080 1077 1063 1063 1060 1054 1050 1050 1050
    1050 1047 1041 1041 1038 1038 1038 1034 1034 1034 1063 1063 1063
    1063 1057 1057 1077 1073 1067 1067 1063 1063 1067 1067 1067 3120
    3120 3149 3149 3120 3120 3120 3092 3092 3064 3064 3064 3037 3037
    3037 3037 3010 3010 0 0 0 0 0 0 1126 1123 1112 1108 1105 1101 1094
    1090 1087 1084 1080 1077 1063 1063 1060 1054 1050 1044 1044 1041
    1041 1038 1034 1034 1034 1034 1028 1028 1028 1022 1022 1063 1063
    1057 1057 1077 1063 1063 1060 1060 1060 1063 1063 1057 1057 1057
    1041 3120 3120 3120 3120 3092 3064 3064 3064 1007 1007 3037 3037
    3010 3010 3010 0 0 0 0 0 0 0 1119 1112 1108 1105 1101 1097 1090 1087
    1084 1080 1073 1063 1063 1057 1054 1047 1044 1041 1038 1034 1031
    1028 1028 1028 1025 1025 1022 1022 1022 1022 1022 1025 1028 1057
    1019 1019 1019 1060 1060 1060 1063 1054 1054 1044 1044 1041 1041
    1041 1041 3092 3092 3064 3064 3037 1007 1004 1004 3037 3010 3010
    3010 0 0 0 0 0 0 1123 1119 1112 1108 1105 1101 1097 1090 1087 1080
    1077 1073 1063 1063 1057 1054 1047 1044 1041 1038 1034 1028 1025
    1022 1022 1016 1016 1013 1010 1010 1010 1010 1010 1007 1007 1016
    1016 1016 1016 1016 1016 1054 1054 1054 1038 1038 1038 1038 1031
    1031 1028 1028 1028 3064 1010 1010 1004 1004 1007 1007 1007 2984 0 0
    0 0 0 1123 1123 1119 1112 1108 1105 1101 1097 1090 1087 1080 1077
    1073 1063 1060 1057 1054 1050 1047 1041 1038 1034 1028 1022 1019
    1016 1013 1010 1010 1007 1007 1001 1001 1001 1001 1001 1004 1007
    1001 1001 1001 1001 981 981 1031 1031 1031 1038 1034 1031 1028 1022
    1019 1013 1013 1010 1010 1004 1004 1007 1007 1013 1013 0 0 0 0 0
    1123 1123 1119 1112 1108 1105 1101 1097 1090 1087 1084 1080 1073
    1063 1060 1057 1054 1050 1047 1044 1038 1034 1028 1022 1019 1016
    1010 1004 1004 1004 1001 1001 1001 998 998 995 995 998 992 989 987
    984 981 981 981 970 970 1038 1034 1031 1028 1013 1010 1007 1007 1007
    1007 1004 1004 1007 1013 1013 1013 0 0 0 0 0 1123 1123 1123 1112
    1108 1105 1101 1097 1094 1087 1087 1080 1077 1063 1063 1057 1054
    1050 1047 1044 1041 1034 1028 1025 1019 1016 1010 1004 1004 1004
    1001 995 995 995 992 992 987 987 984 984 984 981 978 975 973 970 970
    975 987 989 995 998 998 998 1004 1007 1004 1004 1007 1007 1013 1013
    1013 0 0 0 0 0 1126 1126 1123 1112 1108 1105 1105 1101 1094 1090
    1087 1080 1077 1070 1063 1057 1054 1054 1050 1044 1041 1038 1028
    1025 1019 1016 1010 1007 1004 1004 1001 995 995 992 989 984 981 978
    978 978 975 975 973 970 967 967 967 970 975 981 989 992 995 995 1001
    1004 1001 1001 1004 1004 1007 1010 1013 0 0 0 0 0 1134 1126 1123
    1115 1108 1108 1105 1101 1094 1090 1087 1080 1077 1070 1063 1057
    1054 1054 1050 1044 1041 1038 1028 1025 1019 1016 1013 1010 1007
    1004 1001 995 995 992 989 981 978 975 973 973 973 970 964 964 962
    962 962 964 973 975 984 984 989 987 987 989 995 995 1001 1004 1007
    1007 1013 0 0 0 0 1138 1134 1130 1123 1115 1108 1108 1105 1101 1094
    1090 1087 1080 1077 1070 1063 1057 1054 1054 1050 1044 1041 1038
    1028 1025 1022 1016 1016 1013 1007 1004 998 995 995 992 987 981 978
    975 973 970 967 964 962 962 956 954 954 962 962 967 970 975 975 978
    981 984 989 995 995 1004 1007 1007 1007 0 0 0 0 1138 1134 1130 1126
    1119 1112 1108 1105 1101 1094 1090 1087 1080 1077 1070 1063 1060
    1054 1054 1050 1044 1041 1038 1028 1025 1019 1019 1016 1013 1007
    1004 998 995 995 992 987 981 978 975 973 967 962 962 959 956 954 954
    954 959 959 964 967 970 970 973 981 984 989 995 995 1004 1007 1007
    1007 0 0 0 0 0 1134 1130 1126 1119 1115 1108 1105 1101 1094 1090
    1087 1080 1077 1070 1063 1060 1054 1054 1050 1044 1041 1038 1028
    1022 1019 1016 1016 1016 1007 1004 1001 995 995 992 989 984 981 978
    973 967 962 962 959 956 954 951 951 956 956 962 967 970 970 973 984
    984 989 995 995 1004 1007 1007 1007 0 0 0 0 0 1134 1130 1123 1119
    1115 1108 1105 1097 1094 1090 1087 1080 1077 1067 1063 1060 1054
    1054 1050 1044 1041 1038 1028 1022 1019 1016 1016 1016 1010 1004
    1004 995 995 992 987 984 981 978 973 967 964 962 959 956 954 951 951
    956 956 962 967 970 973 975 984 987 992 995 995 1004 1007 1007 1007
    0 0 0 0 0 1126 1126 1123 1119 1115 1108 1105 1097 1094 1090 1087
    1080 1077 1067 1063 1060 1054 1054 1050 1044 1041 1038 1028 1025
    1022 1016 1016 1013 1007 1004 1004 998 995 992 987 984 981 978 973
    970 964 962 959 956 956 956 956 959 959 967 973 975 975 978 984 989
    995 995 998 1004 1010 1010 1010 0 0 0 0 0 1126 1126 1123 1119 1115
    1108 1105 1101 1094 1090 1087 1080 1077 1067 1063 1060 1057 1054
    1050 1044 1041 1041 1028 1025 1022 1016 1016 1013 1007 1004 1001 998
    998 995 989 984 981 978 973 970 964 962 959 959 959 956 956 959 962
    964 973 975 981 981 989 992 995 995 998 1007 1010 1010 1010 0 0 0 0
    1145 1126 1126 1123 1119 1115 1108 1105 1101 1094 1090 1090 1084
    1080 1067 1063 1060 1057 1054 1050 1047 1041 1038 1034 1028 1025
    1016 1016 1013 1010 1004 1001 998 995 995 989 984 981 978 973 970
    964 962 959 959 959 956 956 959 962 964 973 975 981 984 989 995 995
    998 1007 1010 1013 1016 0 0 0 0 0 1145 1134 1126 1123 1119 1115 1108
    1105 1101 1097 1094 1090 1084 1080 1070 1063 1060 1057 1054 1050
    1050 1044 1038 1034 1028 1025 1019 1019 1013 1010 1004 1001 998 995
