<?xml version="1.0"?>
<opencv_storage>
<Depth18885 type_id="opencv-matrix">
  <rows>20</rows>
  <cols>27</cols>
  <dt>w</dt>
  <data>
    0 2908 2908 2883 2859 2835 2835 2859 2859 2859 6622 6622 6622 6622
    6622 6622 6622 6622 6622 6622 6622 6497 6497 6889 7030 7030 7030 0
    2908 2908 2883 2859 2835 2835 2835 2835 2835 2835 6622 6622 6622
    6622 6622 6622 6622 6622 6622 6622 6497 6497 7030 7030 6889 6889
    2958 2933 2908 2883 2859 2835 2812 2812 2812 2812 2812 2812 6622
    6622 6753 6622 6497 6497 6375 6375 6497 6497 6497 6497 6622 6622
    6889 2908 2933 2933 2883 2859 2812 2812 2812 2812 2812 2789 2789
    2812 2789 2789 6622 6497 6497 6375 6375 6497 6497 6497 6375 6375
    6497 7178 2859 2883 2883 2883 2835 2812 2812 2812 2812 2789 2789
    2789 2789 2767 2744 2744 2767 2767 6497 6497 6622 6622 6497 6375
    6375 6375 6497 2859 2859 2883 2859 2835 2812 2812 2812 2789 2789
    2789 2789 2789 2767 2744 2744 2767 2723 2723 2723 2744 6497 6497
    6259 6259 6375 6497 2859 2859 2859 2859 2835 2812 2812 2812 2789
    2789 2789 2789 2767 2767 2767 2767 2744 2723 2723 2744 2744 2744
    6259 6259 6259 6375 6497 2859 2859 2859 2859 2835 2812 2812 2789
    2789 2789 2789 2767 2767 2767 2744 2744 2744 2723 2723 2744 2744
    2701 2701 2680 0 0 0 2883 2883 2859 2859 2835 2835 2812 2789 2789
    2767 2767 2767 2767 2767 2744 2744 2723 2723 2723 2701 2701 2701
    2701 2680 0 2680 0 2908 2908 2883 2859 2859 2859 2835 2812 2789 2767
    2767 2767 2767 2767 2744 2723 2723 2723 2723 2680 2680 2680 2680
    2680 2680 2680 2680 0 2933 2883 2859 2859 2859 2835 2812 2789 2767
    2767 2767 2767 2767 2744 2723 2723 2701 2701 2659 2659 2680 2680
    2680 2680 2639 2598 0 0 0 2859 2859 2859 2859 2859 2812 2789 2767
    2767 2767 2767 2744 2744 2744 2701 2701 2659 2659 2680 2680 2680
    2659 2639 2598 0 0 0 0 2883 2883 2883 2883 2835 2789 2767 2767 2767
    2767 2767 2744 2723 2701 2701 2680 2680 2680 2680 2680 2659 2639
    2618 0 0 0 0 0 0 2883 2859 2835 2789 2767 2767 2767 2767 2767 2744
    2723 2701 2701 2701 2701 2680 2680 2680 2680 2659 2659 0 0 0 0 0 0
    2883 2859 2812 2812 2789 2767 2744 2744 2767 2767 2744 2723 2701
    2701 2701 2701 2701 2701 2680 2680 2680 0 0 0 0 0 0 0 2859 2812 2812
    2812 2767 2723 2723 2767 2767 2744 2723 2701 2701 2701 2701 2680
    2680 2680 2680 2680 0 0 0 0 0 0 0 0 0 0 0 0 2723 2723 2744 2744 2744
    2723 2723 2701 2701 2701 2680 2680 2680 2659 2659 0 0 0 0 0 0 0 0 0
    0 0 0 0 2767 2744 2744 2767 2744 2701 2701 2701 2680 2680 2680 2680
    2659 2659 0 0 0 0 0 0 0 0 0 0 0 0 0 0 0 0 0 2744 2659 2659 2659 2659
    2659 2659 2680 2659 2659 0 0 0 0 0 0 0 0 0 0 0 0 0 0 0 0 2639 2639
    2639 2639 2618 2618 2659 2659 2680 2680 2680</data></Depth18885>
</opencv_storage>
