<?xml version="1.0"?>
<opencv_storage>
<Depth18711 type_id="opencv-matrix">
  <rows>171</rows>
  <cols>111</cols>
  <dt>w</dt>
  <data>
    1477 1477 1470 1470 1470 1470 1470 1470 1470 1470 1464 1464 1464
    1464 1464 1464 1464 1470 1470 1470 1470 1470 1477 1477 1477 1483
    1483 1483 1483 1489 1489 1496 1496 1496 1503 1503 1509 1509 1516
    1516 1529 1529 1536 1536 1543 1536 1536 1572 0 0 0 0 0 0 0 0 0 0 0 0
    0 0 495 495 493 493 493 494 494 0 0 0 0 0 0 0 0 0 0 0 0 0 0 0 0 0 0
    0 0 0 0 0 0 0 0 0 0 0 0 0 0 0 0 0 0 0 3037 3037 3037 3037 3037 1483
    1483 1477 1477 1477 1477 1477 1477 1477 1470 1464 1464 1470 1470
    1470 1470 1470 1470 1477 1477 1477 1477 1477 1483 1483 1483 1483
    1489 1489 1489 1489 1496 1496 1503 1509 1509 1509 1509 1516 1516
    1529 1529 1536 1536 1536 1536 1536 0 0 0 0 0 0 0 0 0 0 0 0 0 0 0 496
    495 495 494 494 494 494 0 0 0 0 0 0 0 0 0 0 0 0 0 0 0 0 0 0 0 0 0 0
    0 0 0 0 0 0 0 0 0 0 0 0 0 0 0 3037 3037 3037 3037 3037 1489 1483
    1483 1483 1477 1477 1477 1477 1477 1477 1470 1470 1470 1470 1470
    1470 1470 1477 1477 1483 1483 1483 1483 1483 1483 1489 1489 1489
    1489 1489 1489 1496 1496 1509 1509 1509 1509 1509 1516 1516 1529
    1536 1536 1536 1536 1536 0 0 0 0 0 0 0 0 0 0 0 0 0 0 0 0 496 496 495
    494 494 494 494 0 0 0 0 0 0 0 0 0 0 0 0 0 0 0 0 0 0 0 0 0 0 0 0 0 0
    0 0 0 0 0 0 0 0 0 0 0 3037 3037 3010 2984 2984 1503 1496 1489 1489
    1483 1483 1483 1477 1477 1477 1470 1470 1470 1470 1477 1477 1477
    1483 1483 1483 1483 1483 1483 1483 1483 1489 1489 1489 1489 1489
    1496 1496 1503 1509 1509 1509 1516 1516 1516 1523 1529 1536 1536
    1536 1536 1536 0 0 0 0 0 0 0 0 0 0 0 0 0 0 0 498 497 496 496 495 494
    494 0 0 0 0 0 0 0 0 0 0 0 0 0 0 0 0 0 0 0 0 0 0 0 0 0 0 0 0 0 0 0 0
    0 0 0 0 0 0 0 3037 3010 2984 2984 1503 1503 1496 1496 1489 1489 1489
    1489 1483 1477 1477 1477 1477 1477 1477 1483 1483 1483 1483 1483
    1483 1483 1489 1489 1489 1489 1489 1489 1489 1496 1496 1503 1503
    1509 1509 1516 1516 1516 1523 1523 1536 1536 1543 1536 1536 1536 0 0
    0 0 0 0 0 0 0 0 0 0 0 0 0 498 497 496 496 495 494 494 0 0 0 0 0 0 0
    0 0 0 0 0 0 0 0 0 0 0 0 0 0 0 0 0 0 0 0 0 0 0 0 0 0 0 0 0 0 0 0 0 0
    0 0 1509 1503 1503 1503 1496 1496 1489 1489 1489 1489 1489 1489 1489
    1489 1483 1483 1483 1483 1483 1483 1489 1489 1489 1489 1489 1489
    1489 1489 1496 1496 1503 1509 1509 1509 1516 1516 1516 1523 1523
    1529 1536 1536 1543 1543 1543 1543 0 0 0 0 0 0 0 0 0 0 0 0 0 0 499
    498 497 496 496 496 496 0 0 0 0 0 0 0 0 0 0 0 0 0 0 0 0 0 0 0 0 0 0
    0 0 0 0 0 0 0 0 0 0 0 0 0 0 0 0 0 0 0 0 0 0 1509 1509 1503 1503 1503
    1496 1496 1496 1496 1489 1489 1489 1489 1489 1489 1489 1489 1489
    1489 1489 1489 1489 1489 1489 1489 1489 1496 1496 1496 1503 1509
    1509 1509 1516 1516 1516 1516 1529 1529 1536 1536 1543 1543 1543
    1543 1543 0 0 0 0 0 0 0 0 0 0 0 0 0 0 499 499 498 496 496 496 496 0
    0 0 0 0 0 0 0 0 0 0 488 488 0 0 0 0 0 0 0 0 0 0 0 0 0 0 0 0 0 0 0 0
    0 0 0 0 0 0 0 0 0 0 0 1509 1509 1503 1503 1509 1503 1503 1503 1503
    1503 1496 1489 1489 1489 1489 1489 1489 1489 1496 1496 1496 1496
    1503 1503 1503 1509 1503 1503 1503 1503 1509 1509 1516 1516 1516
    1523 1523 1529 1536 1536 1543 1543 1543 1550 1550 0 0 0 0 0 0 0 0 0
    0 0 0 0 0 0 0 499 499 498 496 496 496 0 0 0 0 0 0 0 0 0 0 0 488 488
    489 485 485 0 0 0 0 0 0 0 0 0 0 0 0 0 0 0 0 0 0 0 0 0 0 0 0 0 0 0 0
    1509 1509 1509 1509 1509 1509 1509 1509 1509 1509 1503 1503 1496
    1496 1496 1496 1496 1496 1496 1496 1503 1503 1509 1509 1509 1509
    1509 1509 1509 1509 1516 1516 1516 1516 1523 1529 1529 1536 1543
    1543 1543 1543 1543 1550 0 0 0 0 0 0 0 0 0 0 0 0 0 0 0 0 501 499 499
    499 496 496 496 496 0 0 0 0 0 491 491 492 0 0 489 487 487 485 485 0
    0 0 0 0 0 0 0 0 0 0 0 0 0 0 0 0 0 0 0 0 0 0 0 0 0 0 0 1516 1516 1509
    1509 1509 1509 1509 1509 1509 1509 1509 1503 1503 1503 1503 1509
    1509 1509 1503 1503 1509 1509 1509 1509 1509 1516 1516 1516 1516
    1516 1516 1523 1529 1529 1536 1536 1536 1543 1543 1543 1550 1550
    1557 1557 0 0 0 0 0 0 0 0 0 0 0 0 0 0 0 0 501 499 499 499 498 496
    496 496 496 0 0 0 0 491 491 491 491 488 488 487 487 485 485 485 483
    483 0 0 0 0 0 0 0 0 0 0 0 0 0 0 0 0 0 0 0 0 0 0 0 0 0 1516 1516 1516
    1516 1516 1516 1516 1516 1516 1509 1509 1509 1509 1509 1509 1516
    1509 1509 1509 1509 1509 1516 1516 1516 1516 1516 1516 1523 1523
    1523 1529 1529 1536 1536 1536 1543 1543 1550 1557 1557 1564 1564
    1564 1572 0 0 0 0 0 0 0 0 0 0 0 0 0 0 0 0 501 499 499 499 499 499
    496 496 496 0 0 0 491 491 492 490 490 488 488 487 487 487 487 487
    483 483 0 0 0 0 0 0 0 0 0 0 0 0 0 0 0 0 0 0 0 0 0 0 0 0 0 1516 1516
    1516 1516 1516 1516 1516 1516 1516 1509 1509 1516 1516 1516 1516
    1516 1516 1516 1516 1516 1516 1523 1523 1523 1523 1523 1529 1529
    1529 1536 1536 1536 1536 1536 1543 1543 1543 1557 1557 1564 1564
    1564 1564 1572 0 0 0 0 0 0 0 0 0 0 0 0 0 0 0 502 502 499 499 499 499
    499 497 497 496 496 496 0 491 491 492 490 490 488 488 487 487 487
    487 489 484 484 484 487 482 482 482 482 482 0 0 0 0 0 0 0 0 0 0 0 0
    0 0 0 0 0 0 1523 1523 1523 1523 1523 1523 1523 1523 1516 1516 1516
    1516 1516 1516 1516 1523 1523 1523 1523 1523 1523 1523 1529 1529
    1529 1529 1529 1536 1536 1536 1543 1543 1543 1543 1543 1550 1550
    1557 1564 1564 1564 1564 1564 0 0 0 0 0 0 0 0 0 0 0 0 0 0 0 504 502
    502 502 501 499 499 499 499 497 496 495 494 494 492 492 492 491 491
    490 488 487 487 489 489 489 488 484 484 485 482 482 481 481 481 482
    0 0 0 0 0 0 0 0 0 0 0 0 0 0 0 0 0 1529 1529 1529 1529 1529 1529 1536
    1529 1529 1529 1523 1523 1523 1523 1523 1523 1523 1529 1523 1523
    1529 1529 1529 1536 1536 1536 1536 1536 1536 1543 1543 1543 1550
    1550 1550 1550 1557 1557 1564 1564 1564 1564 1564 0 0 0 0 0 0 0 0 0
    0 0 0 0 505 505 504 502 502 502 499 499 499 499 499 497 496 495 494
    494 493 493 493 492 491 490 489 488 488 487 487 488 487 487 487 485
    485 483 481 481 481 481 480 480 0 0 0 0 0 0 0 0 0 0 0 0 0 0 0 1536
    1529 1529 1529 1536 1536 1536 1536 1536 1536 1529 1529 1523 1523
    1529 1529 1529 1529 1523 1523 1529 1529 1529 1536 1536 1536 1536
    1536 1543 1543 1543 1543 1557 1557 1557 1557 1557 1564 1564 1564
    1564 1572 1572 0 0 0 0 0 0 0 0 0 0 0 0 0 505 505 504 504 502 502 499
    499 499 499 498 497 496 496 495 494 494 494 493 492 491 490 489 488
    488 487 487 488 487 487 487 487 487 487 481 481 481 481 480 480 481
    0 0 0 0 0 0 0 0 0 0 0 0 0 0 1536 1536 1536 1536 1536 1536 1536 1543
    1536 1536 1536 1529 1529 1529 1529 1529 1529 1536 1529 1529 1529
    1529 1536 1536 1536 1536 1536 1543 1543 1543 1543 1550 1557 1557
    1557 1564 1564 1564 1564 1572 1572 1572 0 0 0 0 0 0 0 0 0 0 0 0 0 0
    505 505 504 504 502 502 500 500 499 499 498 497 496 496 495 494 494
    494 493 493 492 491 490 490 490 487 487 488 488 488 487 486 484 483
    481 481 481 482 481 481 478 478 478 0 0 0 0 0 0 0 0 0 0 0 0 1536
    1536 1536 1536 1543 1543 1543 1543 1543 1543 1536 1536 1529 1529
    1536 1529 1529 1536 1536 1536 1536 1536 1536 1536 1536 1543 1543
    1543 1543 1543 1543 1550 1557 1564 1564 1564 1564 1564 1572 1572
    1572 0 0 0 0 0 0 0 0 0 0 0 0 0 0 506 505 505 504 504 502 502 501 501
    501 501 498 497 496 496 496 495 494 494 494 493 492 491 490 490 490
    487 487 487 487 488 486 486 484 483 482 482 482 482 482 481 478 478
    478 0 0 0 0 0 0 0 0 0 0 0 0 1543 1543 1543 1543 1543 1543 1543 1543
    1543 1543 1543 1543 1536 1536 1536 1536 1536 1536 1536 1536 1536
    1536 1543 1543 1543 1543 1543 1550 1550 1550 1550 1550 1557 1564
    1564 1564 1572 1572 1572 1572 1572 0 0 0 0 0 0 0 0 0 0 0 0 0 0 506
    506 506 505 504 504 502 502 502 502 501 501 498 497 496 496 495 494
    494 494 494 493 493 492 491 490 488 488 487 487 487 485 485 484 484
    484 483 482 482 482 481 478 478 482 0 0 0 0 0 0 0 0 0 0 0 0 1550
    1550 1557 1557 1557 1557 1557 1557 1550 1550 1550 1550 1543 1543
    1543 1543 1543 1543 1543 1543 1543 1543 1543 1543 1550 1550 1550
