<?xml version="1.0"?>
<opencv_storage>
<Depth7281 type_id="opencv-matrix">
  <rows>101</rows>
  <cols>71</cols>
  <dt>w</dt>
  <data>
    4983 4983 4983 4842 4774 4774 4774 4842 4842 4842 4842 4842 4774
    4774 4774 4708 4708 4708 4645 4645 3064 3037 3037 3037 3010 2984
    2984 2984 2958 2958 2984 3064 3092 3120 3120 3120 3092 3092 3064
    3064 3092 3092 3092 1322 1322 1322 1317 1317 1317 3092 3092 3092
    3120 3149 3178 3178 3208 3208 3238 3238 3238 3269 3269 3269 3269
    3238 3208 3208 3208 3208 3208 4983 4983 4983 4983 4983 4911 4842
    4842 4842 4842 4842 4842 4774 4774 4774 4774 4708 4708 4645 4582
    3010 2984 2984 2984 2984 2984 2958 2958 2958 2958 2984 3092 3120
    3120 3120 3120 3120 3092 3092 3092 3092 3092 1333 1322 1322 1317
    1312 1312 1317 1317 1307 1307 3208 3208 3208 3208 3208 3208 3208
    3208 3208 3238 3269 3300 3269 3238 3238 3208 3208 3208 3208 4983
    4983 4983 4983 4983 4983 4911 4842 4842 4842 4842 4842 4774 4774
    4774 4774 4774 4708 4645 2984 2958 2958 2958 2958 2958 2958 2958
    2958 2958 2958 2984 3120 3120 3149 3120 3120 3120 3092 3092 3092
    3092 1333 1333 1322 1317 1312 1312 1312 1312 1307 1307 1307 3208
    3208 3208 3208 3208 3208 3208 3208 3208 3238 3269 3300 3269 3238
    3238 3208 3208 3208 3208 4983 4983 4983 4983 4983 4983 4842 4842
    4774 4774 4842 4842 4774 4774 4774 4774 4774 4708 3037 2984 2958
    2958 2933 2933 2933 2933 2933 2958 2958 2958 2984 3208 3208 3178
    3149 3120 3120 3120 1259 1259 1259 1264 1268 1317 1317 1312 1307
    1307 1312 1307 1307 1307 3208 3208 3208 3208 3208 3208 3208 3208
    3208 3238 3269 3300 3269 3238 3238 3208 3208 3208 3208 4983 4983
    4983 4983 4983 4911 4842 4774 4774 4774 4842 4842 4774 4774 4774
    4774 4708 4708 3037 2984 2958 2958 2933 2883 2883 2908 2908 2933
    1317 1317 1317 3269 3238 3208 1283 1278 1278 1264 1259 1259 1259
    1264 1268 1283 1283 1302 1302 1307 1307 1312 1312 1317 1317 3208
    3178 3178 3178 3208 3208 3208 3208 3238 3269 3269 3269 3238 3238
    3238 3238 3208 3208 4983 4983 4983 4983 4983 4911 4842 4774 4774
    4774 4842 4842 4774 4774 4774 4774 4708 4708 3037 2984 2958 2958
    2908 2883 2883 2883 1317 1312 1312 1307 1302 1297 1283 1283 1278
    1278 1273 1264 1259 1259 1259 1264 1264 1273 1278 1288 1302 1302
    1302 1307 1312 1317 1317 3149 3149 3149 3149 3178 3208 3208 3238
    3238 3269 3269 3269 3238 3238 3238 3238 3238 3238 4983 4983 4983
    4983 4983 4911 4842 4774 4774 4774 4774 4774 4774 4774 4774 4708
    4645 4645 4708 3010 2984 2958 2908 2883 2883 1317 1317 1312 1307
    1307 1302 1297 1283 1283 1278 1278 1273 1268 1264 1264 1264 1259
    1259 1264 1273 1283 1292 1302 1302 1307 1312 1312 1312 3149 3149
    3149 3149 3178 3208 3208 3238 3238 3238 3238 3238 3238 3269 3238
    3238 3238 3238 5056 4983 4983 4983 4842 4842 4842 4774 4774 4774
    4774 4774 4774 4774 4774 4708 4645 4645 4708 4708 2984 1333 1333
    1333 1328 1317 1317 1312 1307 1302 1302 1292 1288 1283 1278 1278
    1273 1268 1264 1264 1264 1259 1259 1264 1268 1273 1288 1302 1302
    1307 1312 1312 1312 3092 3092 3149 3149 3178 3208 3208 3238 3238
    3238 3238 3208 3208 3816 3238 3238 3238 3238 5056 4983 4983 4983
    4842 4842 4842 4774 1458 1458 1458 4774 4774 4774 4774 4774 4774
    1365 1365 1343 1338 1333 1333 1328 1322 1317 1307 1307 1302 1302
    1302 1292 1288 1283 1278 1278 1273 1268 1264 1264 1264 1259 1259
    1259 1264 1268 1283 1292 1292 1307 1307 1312 1312 3092 3092 3149
    3149 3178 3208 3208 3238 3238 3238 3238 3208 3208 3816 3238 3238
    3238 3238 5056 4983 4983 1421 1421 1421 1421 1452 1458 1452 1452
    4774 4774 1376 1370 1365 1359 1354 1349 1343 1338 1338 1333 1328
    1322 1317 1307 1307 1302 1302 1302 1292 1288 1283 1278 1278 1273
    1268 1264 1264 1264 1259 1259 1259 1264 1268 1283 1288 1292 1302
    1307 1307 1312 1312 3149 3149 3149 3178 3208 3208 3208 3208 3238
    3238 3208 3208 3816 3816 3238 3238 3238 5056 4983 1427 1421 1421
    1421 1421 1439 1452 1445 1381 1381 1376 1376 1370 1365 1359 1354
    1349 1343 1338 1338 1333 1322 1317 1317 1312 1307 1302 1302 1297
    1292 1288 1283 1278 1278 1273 1268 1264 1264 1264 1259 1259 1264
    1268 1273 1278 1283 1288 1297 1297 1302 1307 1307 3149 3149 3149
    3178 3208 3208 3208 3208 3238 3238 3208 3208 3208 3816 3816 3238
    3238 5056 5056 1427 1421 1421 1421 1415 1410 1392 1392 1381 1381
    1376 1376 1370 1359 1354 1349 1349 1343 1338 1338 1333 1322 1317
    1317 1312 1307 1307 1302 1297 1292 1288 1283 1278 1278 1268 1268
    1264 1264 1264 1264 1264 1264 1264 1268 1278 1283 1283 1297 1297
    1297 1302 1302 3149 3149 3149 3208 3208 3208 3208 3208 3238 3208
    3208 3208 3208 3816 3774 3208 3208 1427 1427 1415 1415 1410 1410
    1410 1404 1392 1392 1387 1381 1376 1370 1370 1359 1354 1349 1349
    1343 1338 1338 1333 1322 1317 1317 1317 1312 1307 1302 1302 1292
    1288 1283 1283 1278 1268 1268 1264 1264 1264 1264 1264 1264 1264
    1268 1278 1283 1283 1292 1297 1297 1302 1302 3149 3149 3149 3208
    3208 3208 3208 3208 3238 3208 3208 3208 3208 3816 3774 3208 3208
    1427 1427 1410 1410 1404 1404 1404 1398 1392 1392 1387 1381 1376
    1370 1365 1359 1354 1349 1349 1343 1338 1338 1333 1322 1322 1322
    1317 1317 1312 1307 1302 1292 1288 1283 1283 1278 1268 1268 1264
    1264 1264 1264 1264 1264 1264 1268 1278 1283 1283 1292 1292 1297
    1302 1302 1302 3208 3208 3178 3178 3208 3208 3208 3208 3208 3208
    3208 3208 3859 3774 3774 3238 1421 1421 1410 1410 1404 1404 1404
    1398 1398 1392 1387 1381 1376 1370 1365 1359 1359 1349 1349 1343
    1343 1338 1333 1322 1322 1322 1317 1317 1312 1307 1302 1292 1288
    1283 1283 1278 1273 1268 1264 1264 1264 1264 1264 1259 1259 1264
    1273 1278 1283 1292 1292 1302 1302 1302 0 3208 3208 3178 3178 3208
    3208 3208 3208 3208 3208 3208 3208 3208 3208 3816 3238 1421 1421
    1410 1410 1404 1404 1404 1398 1398 1392 1387 1387 1381 1370 1365
    1359 1359 1349 1349 1343 1343 1343 1338 1328 1322 1322 1317 1317
    1312 1302 1297 1292 1288 1288 1283 1278 1278 1273 1264 1264 1264
    1264 1264 1259 1259 1264 1268 1278 1283 1288 1288 1302 1302 1302
    1292 3208 3208 3208 3208 3208 3208 3208 3208 3208 3208 3208 3208
    3208 3208 3816 3816 1421 1421 1410 1410 1404 1404 1404 1398 1398
    1392 1387 1387 1381 1370 1365 1365 1359 1354 1349 1343 1343 1343
    1338 1328 1322 1317 1317 1317 1307 1302 1297 1292 1292 1288 1283
    1283 1278 1278 1268 1268 1264 1264 1259 1259 1264 1264 1268 1273
    1283 1288 1288 1292 1292 1292 1292 0 3300 3300 3269 3208 3208 3178
    3178 3208 3208 3208 3208 3208 3208 3208 3816 1421 1421 1415 1410
    1404 1404 1404 1398 1398 1392 1387 1387 1387 1376 1376 1365 1365
    1354 1349 1349 1343 1343 1338 1328 1322 1317 1317 1317 1307 1302
    1302 1292 1292 1288 1283 1278 1278 1278 1268 1268 1268 1264 1259
    1259 1264 1264 1268 1268 1278 1283 1288 1292 1292 1292 1292 1302
    3333 3333 3333 3208 3208 3178 3178 3208 3208 3208 3208 3208 3208
    3208 3816 0 1427 1427 1415 1410 1410 1404 1398 1398 1392 1387 1387
    1381 1376 1376 1365 1365 1354 1349 1349 1343 1338 1338 1333 1322
    1322 1317 1317 1312 1307 1302 1297 1292 1292 1288 1278 1278 1273
    1268 1268 1268 1264 1264 1264 1264 1264 1268 1268 1273 1278 1283
    1292 1297 1297 1302 1302 1302 3333 3238 3208 3208 3178 3178 3178
    3178 3178 3208 3178 3178 3120 3120 0 0 1427 1415 1410 1410 1404 1404
    1398 1392 1392 1387 1381 1376 1376 1365 1365 1359 1354 1349 1343
    1338 1338 1333 1328 1322 1317 1317 1312 1312 1302 1302 1292 1292
    1288 1278 1273 1273 1268 1268 1268 1264 1264 1255 1255 1259 1264
    1268 1273 1278 1283 1292 1297 1302 1302 1302 1302 3208 3208 3178
    3178 3178 3178 3178 3178 3149 3149 3149 3149 3120 3120 1433 1433
    1427 1415 1415 1410 1404 1404 1398 1392 1392 1387 1381 1376 1376
    1365 1365 1359 1349 1343 1338 1338 1338 1333 1328 1322 1322 1317
    1317 1312 1307 1302 1297 1292 1288 1278 1273 1273 1268 1268 1268
    1264 1264 1255 1255 1255 1255 1268 1273 1278 1283 1288 1292 1302
