<?xml version="1.0"?>
<opencv_storage>
<Depth5908 type_id="opencv-matrix">
  <rows>57</rows>
  <cols>48</cols>
  <dt>w</dt>
  <data>
    4190 4241 4241 3092 1680 1671 1671 1671 1671 1655 1655 1680 1688
    1688 1688 1688 1688 1696 1696 1696 1713 1713 1713 1722 1731 1731
    1739 1739 1757 1757 1757 1757 1757 1766 1776 1785 1794 1794 4463
    4463 4463 4463 4463 4463 4463 4463 4463 4463 4190 4190 1696 1696
    1680 1671 1671 1671 1663 1663 1663 1680 1688 1688 1696 1696 1696
    1696 1696 1696 1713 1713 1713 1722 1722 1731 1739 1739 1757 1757
    1757 1766 1766 1766 1776 1776 1785 1785 1794 4522 4463 4463 4463
    4463 4463 4463 4463 4463 4139 1696 1696 1696 1688 1680 1671 1671
    1663 1663 1680 1688 1688 1688 1696 1696 1696 1696 1696 1696 1713
    1722 1722 1722 1722 1731 1731 1739 1757 1766 1766 1757 1757 1766
    1766 1776 1785 1785 1785 1785 4463 4463 4463 4463 4463 4463 4463
    4463 1722 1722 1705 1696 1688 1680 1671 1671 1671 1671 1680 1688
    1688 1688 1688 1696 1696 1696 1696 1696 1713 1722 1722 1722 1722
    1722 1731 1739 1748 1757 1757 1757 1757 1766 1766 1776 1776 1776
    1776 1776 4405 4405 4463 4463 4463 4463 4463 4463 1731 1722 1705
    1696 1688 1680 1671 1663 1663 1663 1680 1688 1688 1688 1688 1688
    1696 1696 1696 1705 1713 1722 1722 1722 1722 1722 1731 1731 1739
    1757 1757 1757 1757 1766 1766 1776 1776 1776 1776 1776 4405 4405
    4405 4405 4463 4405 4405 4405 1731 1722 1705 1696 1688 1680 1671
    1663 1663 1663 1663 1680 1688 1688 1688 1688 1688 1696 1696 1705
    1713 1713 1713 1722 1722 1722 1731 1731 1731 1748 1748 1757 1757
    1766 1766 1766 1776 1776 1776 1785 4405 4405 4405 4405 4463 4405
    4405 4405 1731 1722 1713 1705 1696 1680 1671 1663 1663 1663 1663
    1680 1688 1688 1688 1688 1688 1696 1696 1705 1713 1713 1713 1722
    1722 1722 1731 1731 1731 1748 1748 1757 1757 1766 1766 1766 1776
    1776 1776 1776 1776 4405 4405 4405 4405 4405 4405 4405 1739 1722
    1713 1705 1696 1688 1671 1663 1663 1663 1663 1663 1680 1688 1688
    1688 1688 1688 1696 1705 1705 1713 1713 1722 1722 1722 1722 1731
    1731 1748 1748 1757 1757 1766 1766 1766 1776 1776 1776 1776 1776
    4405 4405 4405 4405 4405 4405 4405 1748 1731 1722 1713 1696 1688
    1671 1663 1663 1663 1663 1663 1663 1680 1688 1688 1688 1688 1688
    1696 1705 1713 1713 1722 1722 1722 1722 1722 1731 1739 1748 1757
    1757 1766 1766 1766 1766 1776 1776 1776 1776 4405 4405 4405 4405
    4463 4463 4463 1748 1731 1722 1705 1696 1688 1671 1663 1663 1663
    1663 1663 1663 1680 1680 1688 1688 1688 1688 1696 1705 1705 1713
    1713 1722 1722 1722 1722 1731 1739 1748 1757 1757 1757 1766 1766
    1766 1776 1776 1776 1776 4405 4405 4405 4405 4463 4463 4463 1748
    1739 1722 1705 1696 1688 1680 1663 1663 1663 1663 1663 1671 1671
    1680 1688 1688 1688 1688 1696 1696 1705 1713 1713 1722 1722 1722
    1722 1722 1739 1748 1757 1757 1757 1766 1766 1766 1766 1766 1766
    1766 4463 4405 4405 4405 4405 4463 4463 1757 1748 1722 1713 1696
    1688 1688 1671 1663 1663 1663 1663 1671 1671 1680 1688 1688 1688
    1688 1696 1696 1705 1713 1713 1722 1722 1722 1722 1722 1739 1739
    1748 1748 1748 1757 1766 1766 1766 1766 1766 1766 4463 4463 4405
    4405 4405 4405 4463 1748 1748 1731 1713 1696 1696 1688 1671 1671
    1663 1663 1663 1671 1671 1671 1680 1688 1688 1688 1688 1696 1705
    1713 1713 1722 1722 1722 1722 1722 1739 1739 1748 1748 1748 1757
    1766 1766 1766 1766 1766 1766 4463 4463 4405 4405 4405 4405 4405
    1748 1739 1731 1722 1705 1696 1688 1671 1671 1663 1663 1663 1663
    1663 1671 1680 1688 1688 1688 1688 1688 1696 1705 1713 1722 1722
    1722 1722 1722 1731 1739 1739 1748 1748 1757 1757 1766 1766 1757
    1757 1757 1757 4463 4405 4405 4405 4405 4405 1748 1731 1731 1722
    1705 1696 1688 1671 1671 1663 1663 1663 1663 1663 1671 1671 1680
    1688 1688 1688 1688 1696 1696 1705 1722 1722 1722 1722 1722 1731
    1739 1739 1748 1748 1757 1757 1766 1766 1757 1757 1757 1757 4405
    4405 4405 4405 4405 4405 3178 1731 1731 1722 1705 1696 1688 1680
    1671 1663 1663 1663 1663 1663 1671 1671 1680 1688 1688 1688 1688
    1688 1696 1696 1713 1713 1722 1722 1722 1731 1731 1739 1739 1739
    1757 1757 1757 1766 1766 1757 1757 1757 1757 4405 4405 4405 4405
    4405 3149 1731 1731 1722 1705 1696 1688 1680 1671 1663 1663 1663
    1663 1663 1663 1663 1671 1680 1688 1688 1688 1688 1696 1696 1705
    1713 1713 1713 1713 1731 1731 1739 1739 1739 1748 1757 1757 1766
    1766 1766 1757 1757 1757 4405 4405 4405 4405 4405 3149 1739 1731
    1722 1713 1696 1696 1680 1671 1663 1663 1663 1663 1663 1663 1663
    1671 1680 1680 1688 1688 1688 1688 1696 1705 1705 1713 1713 1713
    1731 1731 1731 1739 1739 1748 1748 1757 1766 1766 1766 1766 1766
    1766 4405 4405 4405 4405 4405 3149 1739 1731 1722 1713 1696 1688
    1680 1671 1663 1663 1663 1663 1663 1663 1663 1671 1671 1671 1688
    1688 1688 1688 1688 1696 1696 1705 1713 1713 1731 1731 1731 1739
    1739 1748 1748 1757 1757 1766 1766 1766 1766 1766 4463 4463 4405
    4405 4405 3178 1739 1731 1731 1713 1705 1688 1680 1671 1663 1663
    1663 1663 1663 1663 1671 1671 1671 1671 1680 1688 1688 1688 1688
    1696 1696 1705 1713 1713 1722 1731 1731 1739 1739 1739 1748 1757
    1757 1766 1766 1766 1766 1766 4463 4463 4405 4405 4405 3178 1739
    1731 1731 1713 1705 1696 1680 1663 1663 1663 1663 1663 1663 1671
    1671 1671 1671 1671 1680 1688 1688 1688 1688 1696 1696 1696 1705
    1705 1722 1731 1731 1739 1739 1739 1739 1748 1757 1757 1757 1757
    1757 1757 4463 4463 4405 4405 4405 3178 1739 1739 1731 1722 1713
    1696 1688 1663 1663 1655 1655 1663 1663 1663 1663 1671 1671 1671
    1680 1688 1688 1688 1688 1696 1696 1696 1705 1705 1713 1722 1731
    1739 1739 1739 1739 1748 1748 1748 1757 1757 1748 1748 1748 4463
    4405 4405 4405 3178 1739 1739 1731 1722 1713 1705 1688 1671 1663
    1655 1655 1663 1663 1663 1663 1671 1671 1680 1680 1688 1688 1688
    1688 1688 1696 1696 1696 1705 1713 1722 1722 1739 1739 1739 1739
    1748 1748 1748 1748 1757 1748 1748 1748 4349 4349 4349 4349 3120
    1748 1748 1731 1731 1722 1705 1688 1680 1663 1663 1663 1655 1655
    1655 1655 1663 1671 1671 1680 1688 1688 1688 1688 1688 1696 1696
    1696 1705 1713 1713 1722 1739 1739 1739 1739 1739 1748 1748 1748
    1757 1748 1748 1748 4295 4295 4295 4349 3120 3120 1748 1731 1731
    1722 1705 1688 1680 1663 1663 1655 1655 1655 1655 1655 1663 1663
    1671 1680 1680 1688 1688 1688 1688 1696 1696 1696 1696 1713 1713
    1722 1731 1739 1739 1739 1739 1748 1748 1748 1748 1757 1757 1757
    4295 4295 4295 4295 3149 3149 1748 1739 1731 1722 1705 1696 1688
    1671 1663 1655 1655 1655 1655 1655 1663 1663 1671 1671 1680 1688
    1688 1688 1688 1696 1696 1696 1696 1713 1713 1713 1722 1731 1731
    1739 1739 1739 1739 1739 1748 1757 1757 1757 1757 4349 4295 4295
    3149 3149 1731 1731 1731 1722 1705 1696 1688 1680 1663 1655 1655
    1655 1655 1655 1663 1663 1671 1671 1680 1688 1688 1688 1688 1688
    1688 1696 1696 1713 1713 1713 1722 1731 1731 1739 1739 1739 1739
    1739 1739 1748 1748 1748 1748 4295 4295 4295 3208 1731 1731 1731
    1731 1722 1705 1696 1688 1680 1663 1655 1655 1655 1655 1655 1663
    1663 1671 1671 1671 1680 1680 1688 1680 1680 1688 1696 1696 1705
    1705 1713 1722 1731 1731 1739 1739 1739 1739 1739 1739 1748 1748
    1748 1748 4349 4349 4349 3208 3238 1731 1731 1722 1722 1705 1696
    1688 1680 1671 1655 1655 1655 1655 1655 1663 1663 1663 1671 1671
    1671 1680 1680 1680 1680 1688 1688 1688 1705 1705 1705 1722 1731
    1731 1731 1739 1739 1739 1739 1739 1748 1748 1748 1748 4349 4349
    4349 3238 3238 1731 1731 1722 1713 1705 1696 1688 1688 1680 1663
    1663 1655 1655 1655 1655 1655 1663 1663 1663 1671 1671 1671 1671
    1671 1680 1688 1688 1705 1705 1705 1722 1731 1731 1731 1739 1739
    1739 1739 1739 1748 1748 1739 1739 1739 4405 4349 3208 3238 3238
    1739 1722 1713 1705 1696 1688 1688 1680 1663 1663 1655 1655 1655
    1655 1655 1663 1663 1663 1663 1671 1671 1671 1671 1680 1688 1688
    1705 1705 1705 1713 1731 1731 1731 1739 1739 1739 1739 1739 1748
