<?xml version="1.0"?>
<opencv_storage>
<Depth5488 type_id="opencv-matrix">
  <rows>71</rows>
  <cols>42</cols>
  <dt>w</dt>
  <data>
    4708 4774 4774 4774 4774 4842 4842 4842 4842 4842 4842 4842 4911
    4911 4911 4983 4983 4983 4983 4983 4983 4983 4983 4983 1489 1483
    1483 1489 1489 1489 1489 5132 5132 5210 5210 5210 5291 5291 5210
    5210 5291 5291 4708 4708 4774 4774 4774 4842 4774 4774 4774 4842
    4842 4842 4911 4911 4911 4911 4911 4983 4983 5056 5056 5056 1503
    1489 1483 1483 1483 1489 1489 1489 1496 1496 1496 5210 5210 5210
    5291 5291 5291 5291 5374 5374 4708 4708 4708 4708 4708 4842 4774
    4774 4774 4842 4842 4842 4911 4911 4911 4911 4911 4911 1516 1516
    1516 1509 1496 1489 1483 1483 1483 1489 1489 1489 1489 1496 1503
    1523 1523 5374 1523 1523 1523 1523 5374 5374 4708 4708 4708 4708
    4708 4708 4774 4842 4842 4842 4842 4842 4911 4911 4911 4911 4911
    1516 1516 1516 1516 1509 1496 1483 1483 1483 1483 1483 1489 1489
    1489 1496 1503 1516 1516 1523 1523 1523 1523 1523 5374 5374 4645
    4708 4708 4708 4708 4708 4774 4842 4842 4911 4911 4911 4911 4911
    1564 1564 1564 1536 1523 1516 1516 1509 1496 1483 1483 1477 1477
    1483 1489 1489 1489 1496 1496 1509 1509 1516 1516 1523 1529 1529
    1529 5460 4645 1639 1632 1632 1632 4708 4842 4911 4911 1586 1557
    1557 1557 1557 1557 1543 1536 1529 1516 1516 1509 1503 1489 1483
    1477 1477 1477 1489 1489 1489 1489 1496 1496 1509 1509 1516 1516
    1523 1523 1523 1529 1529 4645 1639 1632 1632 1632 1632 1639 1639
    1609 1586 1586 1557 1557 1557 1543 1536 1529 1529 1516 1509 1503
    1489 1489 1483 1470 1470 1477 1483 1489 1489 1489 1496 1496 1509
    1509 1516 1516 1516 1523 1523 1529 1529 4645 4708 4708 1632 1632
    1639 1639 1639 1609 1594 1586 1579 1564 1557 1543 1536 1529 1523
    1516 1509 1503 1489 1489 1477 1470 1470 1470 1477 1483 1483 1489
    1489 1503 1503 1509 1509 1509 1516 1523 1523 1529 1529 4645 4645
    4708 1647 1632 1632 1632 1609 1601 1594 1586 1579 1564 1557 1543
    1536 1529 1523 1516 1509 1503 1489 1489 1477 1464 1464 1470 1470
    1483 1483 1489 1489 1496 1503 1503 1509 1509 1516 1516 1523 1529
    1529 4582 4645 4645 1647 1632 1632 1616 1609 1601 1601 1594 1579
    1564 1550 1543 1536 1529 1516 1509 1509 1503 1489 1483 1477 1464
    1464 1470 1470 1483 1483 1489 1489 1489 1496 1503 1509 1509 1516
    1516 1523 1529 1536 4522 4522 1655 1655 1647 1632 1616 1609 1601
    1601 1594 1579 1564 1550 1543 1536 1529 1516 1509 1503 1496 1489
    1483 1464 1464 1464 1470 1470 1483 1483 1489 1489 1489 1496 1496
    1509 1516 1516 1516 1516 1516 1536 4522 4522 1655 1655 1639 1632
    1624 1609 1601 1601 1586 1564 1557 1550 1543 1536 1529 1516 1509
    1503 1489 1483 1477 1464 1464 1464 1464 1464 1477 1483 1483 1489
    1489 1496 1496 1509 1509 1509 1509 1509 1516 1516 4582 4582 1639
    1639 1639 1632 1624 1616 1601 1594 1586 1564 1557 1550 1543 1536
    1529 1509 1503 1496 1489 1483 1477 1464 1464 1464 1464 1464 1477
    1477 1483 1483 1489 1496 1496 1503 1509 1509 1509 1509 1516 1516
    4582 4582 1639 1639 1632 1632 1624 1616 1601 1594 1586 1564 1557
    1550 1543 1536 1516 1509 1503 1489 1489 1483 1477 1464 1464 1464
    1464 1464 1470 1470 1477 1483 1483 1489 1496 1503 1503 1503 1503
    1503 1503 5210 4463 4463 4463 1632 1632 1624 1616 1609 1601 1594
    1594 1564 1557 1543 1536 1529 1516 1516 1509 1489 1489 1483 1477
    1464 1464 1464 1464 1464 1470 1470 1477 1483 1483 1489 1496 1503
    1503 1503 1503 1503 1509 1509 4405 4405 4405 1632 1632 1624 1616
    1609 1594 1594 1586 1564 1543 1536 1529 1523 1516 1516 1509 1489
    1489 1483 1464 1458 1458 1458 1458 1464 1464 1464 1483 1483 1483
    1489 1489 1496 1503 1503 1509 1509 1509 1509 4405 4405 4405 1632
    1632 1624 1616 1601 1594 1594 1579 1564 1543 1536 1529 1523 1516
    1509 1503 1489 1483 1483 1458 1458 1458 1458 1458 1458 1464 1464
    1477 1477 1483 1489 1489 1496 1503 1503 1509 1509 1509 1509 4405
    4405 4405 1639 1639 1624 1616 1601 1594 1586 1579 1557 1543 1536
    1529 1523 1516 1509 1503 1489 1483 1470 1458 1458 1458 1458 1458
    1458 1464 1464 1477 1477 1483 1489 1489 1496 1503 1503 1509 1509
    1509 1509 4405 4405 1655 1647 1639 1624 1609 1601 1594 1586 1564
    1557 1543 1536 1536 1529 1516 1503 1496 1489 1477 1470 1458 1458
    1458 1458 1458 1458 1464 1464 1470 1477 1483 1483 1489 1489 1503
    1503 1509 1509 1509 1509 4582 4582 1639 1632 1632 1624 1609 1601
    1594 1586 1564 1557 1543 1536 1536 1529 1516 1503 1496 1489 1477
    1470 1458 1452 1452 1452 1458 1458 1464 1464 1464 1470 1477 1483
    1483 1489 1489 1503 1509 1509 1509 1509 4645 1639 1639 1632 1632
    1616 1601 1594 1594 1586 1564 1550 1543 1543 1536 1516 1509 1503
    1489 1489 1477 1458 1458 1445 1445 1452 1458 1458 1464 1464 1464
    1464 1477 1483 1483 1489 1489 1503 1509 1509 1509 1509 4645 1639
    1639 1624 1624 1616 1601 1594 1586 1572 1564 1543 1543 1536 1529
    1516 1509 1503 1489 1483 1483 1452 1445 1445 1445 1445 1452 1452
    1464 1464 1464 1464 1477 1483 1483 1489 1489 1489 1503 1503 1503
    1503 4582 1639 1639 1624 1624 1609 1594 1586 1586 1564 1550 1543
    1543 1536 1529 1516 1509 1496 1489 1483 1477 1452 1445 1439 1439
    1439 1452 1452 1464 1464 1464 1470 1470 1483 1483 1489 1489 1489
    1496 1503 1503 1503 4582 1632 1632 1624 1624 1609 1594 1586 1579
    1564 1550 1543 1543 1536 1529 1516 1509 1496 1489 1483 1470 1452
    1445 1439 1439 1439 1445 1458 1458 1464 1464 1464 1470 1477 1483
    1489 1489 1489 1496 1503 1503 1503 4582 1632 1632 1624 1624 1601
    1601 1586 1572 1564 1550 1543 1543 1536 1523 1516 1509 1496 1489
    1483 1470 1452 1445 1439 1439 1439 1445 1452 1452 1458 1464 1464
    1470 1477 1483 1489 1489 1489 1489 1496 1503 1503 4582 1647 1632
    1624 1624 1601 1594 1586 1572 1564 1550 1543 1536 1529 1516 1516
    1503 1496 1483 1477 1458 1452 1445 1439 1439 1445 1445 1452 1452
    1458 1458 1464 1470 1477 1477 1483 1483 1483 1489 1489 1496 1509
    4582 1647 1632 1624 1616 1601 1594 1579 1572 1564 1550 1543 1536
    1529 1516 1509 1503 1489 1483 1477 1458 1452 1439 1439 1439 1439
    1445 1452 1458 1458 1458 1464 1470 1477 1477 1483 1483 1483 1489
    1489 1496 1496 4582 1639 1632 1624 1609 1601 1586 1579 1572 1564
    1550 1543 1536 1523 1516 1509 1496 1489 1483 1477 1464 1458 1439
    1439 1439 1439 1439 1445 1452 1458 1458 1464 1464 1470 1477 1483
    1483 1483 1489 1489 1489 1489 1639 1639 1632 1616 1609 1594 1586
    1579 1564 1564 1543 1536 1529 1523 1516 1509 1496 1489 1483 1477
    1458 1452 1439 1439 1439 1439 1439 1445 1452 1458 1458 1464 1464
    1470 1477 1483 1483 1483 1483 1483 1483 0 4522 1624 1624 1616 1609
    1594 1586 1579 1564 1557 1543 1536 1529 1523 1509 1503 1489 1489
    1483 1470 1458 1452 1439 1439 1439 1439 1439 1445 1452 1458 1458
    1458 1464 1470 1477 1477 1483 1483 1483 1483 1483 0 0 1624 1624 1609
    1601 1594 1586 1564 1557 1550 1543 1536 1529 1523 1509 1503 1489
    1483 1477 1470 1458 1445 1439 1433 1433 1433 1439 1445 1452 1452
    1452 1458 1464 1464 1470 1470 1477 1483 1483 1489 1489 0 0 1624 1624
    1601 1601 1594 1586 1564 1557 1550 1543 1536 1529 1523 1509 1503
    1489 1483 1477 1464 1458 1445 1439 1433 1433 1433 1439 1445 1452
    1452 1452 1458 1464 1464 1470 1470 1477 1483 1483 1489 1489 1496 0
    1609 1609 1601 1594 1594 1586 1564 1557 1550 1543 1536 1523 1516
    1503 1496 1489 1483 1477 1464 1452 1445 1439 1433 1433 1433 1433
    1439 1452 1452 1452 1458 1458 1464 1464 1470 1470 1477 1483 1489
    1496 1496 0 1601 1601 1594 1594 1594 1586 1564 1557 1550 1543 1536
    1516 1516 1503 1496 1489 1483 1477 1458 1452 1439 1433 1433 1433
    1433 1433 1439 1445 1445 1445 1452 1458 1464 1464 1464 1470 1477
    1483 1489 1496 1496 0 1594 1594 1594 1594 1594 1579 1564 1557 1550
    1543 1536 1516 1509 1503 1489 1483 1477 1470 1458 1445 1439 1433
    1433 1433 1433 1433 1439 1445 1445 1445 1452 1458 1464 1464 1464
    1470 1477 1483 1489 1503 1503 1624 1594 1594 1594 1594 1594 1579
