<?xml version="1.0"?>
<opencv_storage>
<Depth7650 type_id="opencv-matrix">
  <rows>52</rows>
  <cols>38</cols>
  <dt>w</dt>
  <data>
    5374 5374 5374 5374 5374 5374 5374 5374 5460 5460 5460 5460 5548
    5548 5640 5640 5734 5734 5548 5548 1873 1863 1853 1833 1833 5832
    5832 5832 5832 5832 5832 5832 5832 5933 5933 5933 5933 5933 5291
    5291 5374 5374 5374 5374 5374 5374 5460 5460 5460 5460 5548 5548
    5548 5548 5734 5734 5548 5548 1873 1853 1843 1823 1804 1804 1804
    1804 1804 1804 1813 1813 1823 1823 5933 5933 5832 5832 5210 5210
    5291 5374 5374 5291 5291 5291 5460 5460 5548 1624 1624 1632 1639
    1655 5832 5832 5640 5640 1843 1843 1833 1766 1766 1776 1785 1794
    1794 1804 1813 1813 1823 1823 1823 5832 5832 5832 5210 5210 1680
    1671 1671 1671 1671 1680 1680 5460 5548 1624 1624 1632 1639 1655
    1655 1655 1655 1843 1843 1705 1705 1739 1748 1757 1766 1776 1776
    1794 1804 1813 1823 1833 1833 1833 5832 5832 5210 1671 1671 1671
    1671 1663 1663 1671 1663 1632 1632 1632 1632 1647 1647 1639 1639
    1647 1655 1655 1688 1696 1705 1722 1731 1748 1757 1766 1766 1776
    1794 1804 1813 1823 1823 1823 5832 5832 1671 1671 1671 1671 1671
    1663 1663 1655 1639 1632 1632 1632 1639 1639 1639 1639 1639 1647
    1655 1655 1680 1688 1696 1705 1722 1722 1731 1748 1757 1766 1785
    1794 1813 1823 1823 1823 5832 5832 1663 1663 1663 1663 1655 1655
    1647 1639 1639 1632 1632 1632 1632 1632 1632 1632 1632 1647 1655
    1655 1671 1680 1688 1705 1722 1722 1731 1748 1757 1766 1776 1785
    1794 1804 1804 1804 5832 5832 1663 1663 1663 1655 1655 1655 1647
    1639 1639 1624 1624 1624 1624 1632 1632 1632 1632 1647 1655 1663
    1671 1680 1688 1705 1722 1722 1731 1739 1757 1766 1776 1785 1794
    1804 1804 1804 5832 5832 1663 1663 1655 1655 1655 1655 1647 1647
    1639 1624 1624 1624 1624 1632 1632 1632 1632 1647 1655 1663 1671
    1680 1688 1696 1713 1722 1731 1739 1757 1766 1776 1785 1794 1794
    1794 1794 5832 5832 1663 1655 1655 1655 1655 1655 1647 1647 1639
    1639 1632 1624 1624 1632 1632 1632 1639 1647 1655 1663 1671 1680
    1688 1696 1713 1722 1731 1739 1757 1757 1776 1785 1794 1794 1794
    1794 5832 5832 1663 1655 1655 1655 1655 1647 1647 1647 1639 1639
    1632 1624 1624 1624 1624 1632 1639 1647 1655 1663 1671 1680 1688
    1696 1705 1722 1731 1739 1757 1757 1766 1785 1794 1794 1794 1794
    5832 5832 1655 1655 1655 1655 1655 1647 1647 1639 1639 1639 1632
    1632 1624 1624 1624 1632 1639 1647 1655 1663 1671 1680 1688 1696
    1705 1722 1731 1739 1748 1757 1766 1776 1794 1794 1794 1794 5832
    5832 1655 1655 1655 1647 1647 1647 1647 1639 1632 1632 1624 1624
    1624 1624 1632 1632 1639 1647 1655 1663 1671 1680 1688 1696 1705
    1722 1722 1731 1748 1757 1766 1776 1794 1794 1804 1804 5832 5832
    1655 1655 1655 1647 1647 1647 1639 1639 1632 1632 1624 1624 1624
    1624 1624 1632 1632 1639 1647 1655 1663 1680 1688 1696 1696 1705
    1722 1731 1739 1757 1766 1776 1794 1794 1804 1804 1804 5832 1655
    1655 1655 1647 1647 1647 1639 1639 1632 1624 1624 1624 1624 1624
    1624 1624 1632 1639 1639 1655 1655 1663 1688 1688 1696 1705 1722
    1731 1739 1757 1766 1766 1785 1794 1804 1804 1804 5832 1655 1655
    1655 1647 1647 1647 1639 1639 1632 1624 1624 1624 1624 1624 1624
    1624 1624 1632 1639 1647 1655 1663 1680 1688 1696 1705 1713 1731
    1739 1757 1766 1766 1785 1794 1804 1804 1804 5832 1663 1663 1655
    1655 1647 1647 1639 1639 1632 1624 1624 1624 1624 1624 1624 1624
    1624 1632 1632 1639 1655 1655 1671 1688 1696 1705 1713 1731 1748
    1757 1766 1766 1785 1794 1794 1794 1794 5640 1671 1663 1655 1655
    1647 1647 1647 1639 1632 1624 1624 1624 1624 1624 1624 1624 1624
    1632 1632 1639 1655 1655 1671 1688 1696 1705 1713 1731 1739 1757
    1766 1766 1785 1794 1794 1794 1794 5640 4983 1663 1655 1655 1647
    1647 1647 1639 1632 1624 1624 1624 1624 1624 1624 1624 1624 1624
    1632 1639 1655 1655 1671 1688 1696 1696 1705 1722 1739 1757 1757
    1766 1785 1794 1794 1794 1794 5832 1647 1647 1655 1655 1647 1647
    1639 1639 1632 1632 1624 1624 1624 1624 1624 1624 1624 1624 1632
    1639 1655 1663 1671 1688 1696 1696 1705 1722 1731 1739 1757 1766
    1776 1785 1794 1794 1794 5832 1647 1647 1655 1647 1647 1647 1639
    1632 1632 1624 1624 1624 1624 1624 1624 1624 1624 1632 1632 1639
    1655 1663 1671 1688 1696 1696 1713 1722 1722 1731 1748 1766 1776
    1785 1794 1794 1794 5832 1647 1647 1655 1647 1647 1647 1632 1632
    1632 1624 1624 1624 1624 1624 1624 1624 1624 1632 1632 1639 1655
    1655 1663 1680 1688 1696 1713 1722 1722 1731 1748 1766 1776 1785
    1785 1785 1785 5832 1647 1647 1655 1647 1647 1639 1632 1632 1632
    1624 1624 1624 1624 1616 1616 1616 1624 1624 1632 1647 1655 1655
    1663 1671 1688 1705 1713 1722 1722 1731 1739 1766 1766 1785 1785
    1785 1785 5832 1655 1655 1655 1647 1647 1639 1632 1632 1632 1624
    1624 1624 1624 1616 1616 1616 1624 1624 1632 1639 1647 1655 1655
    1663 1671 1696 1705 1722 1722 1731 1739 1757 1766 1785 1785 1785
    1785 5832 1647 1647 1647 1647 1647 1639 1632 1632 1632 1624 1624
    1624 1624 1616 1616 1616 1624 1624 1632 1632 1639 1647 1655 1663
    1671 1696 1696 1713 1722 1731 1739 1757 1766 1776 1785 1785 1794
    1794 1647 1647 1647 1647 1647 1639 1632 1632 1624 1624 1624 1624
    1624 1616 1616 1616 1624 1624 1632 1632 1639 1647 1655 1663 1671
    1688 1696 1713 1722 1731 1739 1757 1766 1776 1785 1785 1794 1794
    1647 1647 1647 1647 1647 1639 1632 1632 1624 1624 1624 1624 1624
    1616 1616 1616 1624 1624 1624 1632 1639 1647 1655 1663 1671 1688
    1696 1713 1722 1731 1739 1748 1757 1776 1785 1785 1785 1785 1647
    1647 1647 1647 1647 1639 1632 1632 1624 1624 1616 1616 1616 1616
    1616 1616 1616 1624 1624 1632 1639 1647 1655 1663 1671 1688 1696
    1713 1722 1731 1739 1748 1757 1766 1785 1785 1785 1785 1647 1647
    1639 1639 1639 1632 1632 1624 1624 1616 1616 1609 1609 1601 1601
    1601 1609 1624 1624 1632 1639 1647 1655 1663 1671 1680 1696 1696
    1722 1731 1739 1757 1766 1766 1785 1785 1785 1785 1647 1647 1639
    1639 1639 1632 1632 1624 1624 1616 1616 1609 1609 1601 1601 1601
    1601 1609 1616 1624 1639 1647 1655 1663 1671 1680 1696 1696 1713
    1731 1739 1748 1757 1766 1776 1776 1776 1776 1647 1647 1647 1639
    1632 1632 1632 1624 1624 1616 1616 1616 1609 1609 1601 1601 1601
    1601 1616 1624 1639 1647 1655 1663 1671 1688 1696 1696 1705 1731
    1739 1748 1757 1766 1776 1776 1776 1776 1647 1647 1647 1639 1632
    1632 1624 1624 1624 1616 1616 1616 1609 1609 1601 1601 1601 1601
    1616 1624 1632 1639 1655 1663 1671 1688 1688 1696 1705 1731 1739
    1748 1757 1766 1776 1776 1776 1776 5056 1647 1639 1639 1632 1624
    1624 1624 1624 1616 1616 1616 1616 1609 1609 1609 1609 1609 1616
    1624 1632 1639 1647 1663 1671 1680 1688 1696 1713 1722 1731 1739
    1757 1766 1776 1776 1785 1785 5056 1647 1639 1639 1632 1624 1624
    1624 1616 1616 1616 1616 1616 1609 1609 1609 1609 1609 1616 1624
    1632 1632 1647 1655 1663 1671 1688 1696 1705 1722 1731 1739 1757
    1766 1766 1776 1785 1785 1647 1647 1639 1632 1632 1624 1624 1616
    1616 1616 1609 1609 1609 1609 1609 1609 1609 1609 1616 1624 1624
    1632 1639 1655 1663 1671 1688 1696 1705 1722 1722 1739 1757 1757
    1766 1776 1785 1785 1639 1639 1632 1632 1632 1624 1624 1616 1616
    1609 1609 1609 1609 1609 1601 1601 1601 1609 1616 1624 1624 1632
    1639 1647 1655 1671 1680 1696 1696 1713 1722 1731 1757 1757 1766
    1776 1794 1794 1639 1639 1632 1632 1632 1624 1624 1616 1616 1609
    1609 1609 1609 1609 1601 1601 1601 1601 1609 1616 1624 1632 1639
    1647 1655 1671 1680 1688 1696 1713 1722 1731 1757 1757 1766 1776
    1776 5640 5132 1632 1632 1632 1624 1624 1624 1616 1616 1616 1609
    1609 1609 1609 1601 1601 1601 1601 1609 1616 1624 1632 1632 1647
    1655 1671 1680 1688 1696 1705 1713 1739 1748 1757 1766 1776 1776
    5548 0 1624 1624 1624 1624 1624 1624 1616 1616 1616 1609 1609 1609
    1601 1601 1601 1601 1601 1609 1616 1624 1624 1632 1647 1655 1671
