<?xml version="1.0"?>
<opencv_storage>
<Depth5506 type_id="opencv-matrix">
  <rows>63</rows>
  <cols>44</cols>
  <dt>w</dt>
  <data>
    5374 5374 5374 1663 1663 1663 1655 1655 1639 1639 1624 1624 1616
    1609 1609 1601 1601 1594 1594 1601 1601 1609 1624 1624 1624 1624
    1624 1624 5056 4983 4983 4983 4983 4983 4983 4983 4911 4911 4911
    4842 4842 4774 4708 4708 5460 5374 5374 1663 1663 1663 1655 1655
    1639 1632 1632 1624 1616 1609 1601 1594 1594 1594 1594 1594 1601
    1609 1624 1624 1624 1624 1624 1624 1655 1655 1663 4983 4983 4983
    4911 4911 4911 4911 4911 4842 4842 4774 4708 4708 5374 5460 5460
    1680 1663 1663 1663 1655 1639 1632 1632 1624 1616 1609 1601 1594
    1586 1586 1594 1594 1594 1601 1616 1616 1624 1624 1624 1639 1647
    1655 1663 1671 1688 1688 4911 4911 4911 4911 4842 4842 4774 4774
    4708 4708 5374 5460 5460 1696 1680 1671 1663 1655 1639 1632 1624
    1624 1616 1601 1594 1586 1586 1586 1594 1594 1594 1601 1609 1616
    1624 1624 1632 1632 1647 1663 1663 1671 1680 1688 1696 1705 4911
    4911 4842 4842 4774 4774 4774 4708 5374 5460 5460 1680 1680 1671
    1663 1655 1639 1632 1624 1616 1609 1601 1594 1586 1579 1579 1594
    1594 1601 1601 1609 1609 1616 1624 1632 1632 1647 1655 1663 1671
    1680 1688 1696 1696 1705 1722 1731 1739 4911 4774 4774 4708 5374
    5374 5374 1671 1671 1663 1655 1639 1632 1624 1624 1616 1609 1601
    1594 1586 1579 1579 1594 1594 1601 1601 1601 1609 1616 1624 1632
    1639 1655 1655 1663 1671 1680 1680 1696 1696 1696 1713 1713 1731
    1731 1731 4842 4774 5291 5291 0 1655 1655 1655 1655 1639 1632 1624
    1616 1616 1609 1601 1594 1586 1586 1586 1586 1594 1601 1601 1601
    1609 1616 1624 1632 1639 1655 1655 1663 1671 1671 1680 1688 1688
    1696 1705 1713 1722 1722 1731 1731 4708 5210 5210 0 1655 1655 1655
    1655 1639 1632 1624 1616 1616 1609 1601 1594 1586 1586 1586 1586
    1594 1601 1601 1601 1609 1609 1624 1639 1639 1655 1655 1663 1671
    1671 1671 1680 1688 1696 1705 1713 1722 1722 1731 1739 1739 5210
    5210 0 1655 1655 1655 1655 1632 1632 1624 1616 1616 1609 1594 1594
    1586 1586 1586 1594 1594 1594 1601 1601 1609 1609 1624 1632 1639
    1663 1663 1663 1671 1671 1671 1680 1688 1696 1705 1705 1713 1713
    1731 1731 1731 5291 0 0 0 1655 1655 1655 1632 1624 1624 1616 1609
    1601 1594 1586 1579 1579 1586 1586 1586 1594 1594 1601 1601 1616
    1624 1632 1639 1655 1655 1663 1671 1671 1671 1680 1688 1696 1705
    1705 1713 1713 1731 1731 1731 5291 0 0 0 1655 1655 1647 1632 1624
    1624 1616 1609 1601 1594 1586 1579 1579 1586 1586 1586 1594 1594
    1601 1601 1616 1624 1632 1632 1655 1655 1663 1663 1671 1680 1680
    1688 1696 1705 1713 1713 1722 1731 1731 1731 5291 0 0 0 1655 1655
    1639 1632 1624 1616 1609 1601 1594 1586 1586 1579 1579 1579 1586
    1594 1594 1594 1601 1601 1616 1624 1624 1632 1655 1655 1663 1663
    1671 1680 1680 1688 1696 1705 1713 1722 1722 1731 1731 1731 5374 0 0
    1655 1655 1647 1632 1632 1624 1616 1609 1601 1594 1586 1579 1579
    1579 1579 1586 1594 1594 1594 1601 1601 1616 1624 1624 1632 1647
    1655 1663 1663 1671 1680 1688 1696 1696 1705 1713 1722 1722 1731
    1731 1731 5374 0 0 1647 1647 1647 1632 1624 1624 1616 1601 1601 1594
    1586 1579 1572 1572 1579 1586 1586 1594 1601 1601 1609 1609 1624
    1624 1632 1647 1655 1663 1663 1671 1680 1688 1696 1696 1705 1713
    1722 1722 1731 1731 1731 0 0 0 1639 1639 1639 1632 1624 1616 1609
    1601 1601 1594 1586 1579 1572 1572 1579 1579 1586 1594 1601 1601
    1601 1609 1624 1624 1632 1639 1655 1663 1663 1671 1671 1688 1696
    1696 1705 1713 1722 1722 1731 1731 1731 0 0 0 1632 1632 1632 1632
    1624 1616 1609 1601 1601 1594 1579 1579 1572 1572 1579 1579 1594
    1594 1601 1601 1601 1609 1624 1624 1632 1639 1655 1663 1663 1671
    1671 1680 1688 1696 1705 1713 1722 1722 1722 1722 1722 0 0 0 1655
    1632 1632 1632 1624 1616 1609 1601 1594 1594 1579 1572 1572 1572
    1572 1579 1586 1594 1594 1601 1601 1601 1624 1624 1632 1639 1655
    1663 1663 1671 1671 1680 1688 1696 1696 1713 1713 1713 1722 1722
    1722 0 0 0 1655 1639 1632 1624 1624 1616 1601 1601 1594 1586 1579
    1572 1572 1572 1572 1579 1586 1594 1594 1601 1601 1601 1616 1624
    1624 1639 1647 1663 1663 1671 1671 1671 1688 1696 1696 1705 1713
    1713 1722 1722 1722 0 0 0 1639 1639 1624 1624 1624 1609 1601 1601
    1594 1586 1572 1572 1564 1564 1572 1572 1586 1594 1594 1594 1601
    1609 1616 1624 1624 1639 1647 1647 1655 1655 1671 1671 1688 1696
    1696 1705 1705 1705 1713 1722 1722 0 0 0 1639 1639 1624 1624 1616
    1609 1601 1601 1594 1586 1572 1564 1564 1564 1572 1572 1579 1594
    1594 1594 1601 1609 1616 1624 1632 1647 1647 1647 1655 1655 1671
    1680 1688 1696 1696 1705 1705 1705 1713 1722 1722 0 0 0 1647 1639
    1624 1624 1616 1609 1601 1594 1594 1579 1572 1564 1564 1564 1572
    1572 1579 1594 1594 1594 1601 1609 1616 1632 1632 1647 1647 1655
    1655 1655 1671 1688 1688 1696 1696 1705 1705 1705 1713 1713 1713 0 0
    0 1655 1632 1624 1616 1609 1601 1601 1594 1594 1572 1572 1564 1564
    1564 1572 1572 1579 1594 1594 1594 1601 1609 1616 1624 1632 1647
    1655 1655 1663 1663 1671 1680 1688 1696 1696 1696 1705 1705 1713
    1713 1713 0 0 0 1663 1632 1624 1616 1609 1601 1601 1594 1586 1572
    1564 1564 1564 1564 1572 1572 1579 1586 1586 1594 1601 1616 1616
    1624 1632 1647 1647 1655 1663 1663 1671 1680 1688 1688 1696 1696
    1705 1705 1705 1705 1713 0 0 0 1632 1632 1624 1616 1609 1609 1601
    1594 1579 1572 1564 1557 1557 1564 1572 1572 1579 1586 1586 1594
    1601 1616 1616 1624 1632 1639 1647 1655 1663 1663 1671 1680 1680
    1688 1688 1696 1705 1705 1705 1705 1713 5132 0 0 1632 1632 1624 1616
    1601 1601 1594 1586 1579 1572 1564 1557 1557 1564 1564 1572 1572
    1579 1579 1594 1601 1609 1609 1624 1632 1639 1639 1647 1655 1663
    1671 1671 1671 1680 1688 1696 1705 1705 1696 1696 1696 5056 0 0 1624
    1624 1624 1609 1601 1601 1594 1586 1579 1572 1564 1564 1564 1564
    1564 1572 1572 1579 1579 1594 1601 1601 1609 1624 1624 1639 1639
    1647 1655 1663 1671 1671 1671 1680 1688 1696 1696 1705 1696 1696
    1696 5056 0 0 1624 1624 1624 1609 1601 1601 1594 1586 1579 1572 1564
    1564 1564 1564 1564 1572 1572 1572 1579 1594 1601 1601 1601 1609
    1624 1639 1639 1639 1655 1655 1671 1671 1671 1680 1688 1696 1696
    1705 1705 1705 1705 5056 5132 0 1632 1624 1624 1601 1601 1601 1594
    1586 1579 1572 1564 1564 1564 1564 1564 1572 1572 1572 1579 1586
    1601 1601 1601 1609 1624 1639 1639 1639 1655 1655 1663 1671 1671
    1680 1688 1696 1696 1705 1705 1705 1705 5132 5132 1632 1632 1624
    1616 1601 1601 1594 1594 1586 1579 1572 1564 1564 1564 1564 1564
    1572 1572 1572 1579 1586 1601 1601 1601 1609 1624 1639 1639 1639
    1647 1655 1663 1671 1680 1680 1688 1696 1696 1705 1705 1705 1705
    5132 5132 1624 1624 1624 1616 1601 1601 1594 1594 1586 1572 1564
    1564 1557 1557 1557 1564 1572 1572 1572 1579 1594 1594 1601 1601
    1609 1624 1639 1639 1639 1647 1655 1663 1671 1680 1680 1680 1696
    1696 1705 1705 1705 1705 5210 5210 1616 1616 1616 1609 1601 1601
    1594 1586 1579 1572 1564 1564 1557 1557 1557 1564 1564 1572 1572
    1579 1594 1594 1601 1601 1609 1624 1639 1639 1639 1639 1647 1663
    1671 1671 1680 1680 1696 1696 1696 1705 1705 1705 5132 1624 1616
    1616 1616 1609 1601 1594 1594 1586 1572 1572 1564 1564 1557 1557
    1557 1564 1564 1572 1572 1579 1594 1594 1601 1601 1616 1624 1632
    1632 1639 1639 1647 1663 1671 1671 1680 1680 1696 1696 1696 1705
    1705 1705 5132 1624 1624 1616 1616 1609 1601 1594 1586 1579 1572
    1564 1564 1557 1557 1557 1557 1564 1564 1572 1572 1572 1594 1594
    1601 1609 1616 1624 1632 1632 1639 1639 1647 1663 1663 1671 1671
    1680 1696 1696 1705 1705 1705 1705 5132 1624 1624 1624 1616 1609
    1601 1586 1579 1572 1572 1564 1564 1557 1550 1550 1550 1557 1564
    1572 1572 1572 1586 1594 1601 1609 1616 1624 1632 1632 1632 1639
    1647 1655 1663 1671 1671 1680 1688 1696 1705 1705 1705 1705 5132
    1624 1624 1616 1616 1601 1594 1586 1579 1572 1572 1564 1557 1550
