<?xml version="1.0"?>
<opencv_storage>
<Depth2059 type_id="opencv-matrix">
  <rows>14</rows>
  <cols>31</cols>
  <dt>w</dt>
  <data>
    5832 5832 5832 5832 5832 5832 5734 5734 5640 5548 5548 5548 5548
    5548 5460 5460 5460 5460 5460 5460 5460 5460 4708 4708 4708 4645
    4645 4522 4405 4349 4349 5832 5832 5832 5832 5832 5832 5734 5734
    5640 5548 5548 5548 5640 5548 5374 5374 5374 5374 5374 4708 4645
    4645 4645 4582 4582 4582 4582 4522 4522 4463 4405 5832 5832 5832
    5832 5832 5832 5734 5734 5640 5548 5548 5640 5640 5291 5132 5056
    4911 4645 4645 4708 4645 4645 4645 4582 4582 4582 4582 4582 4522
    4463 4405 5933 5832 5832 5832 5832 5832 5832 5734 5734 5640 5640
    5734 5734 5056 4983 4842 4774 4645 4645 4708 4645 4645 4645 4582
    4582 4582 4522 4522 4522 4463 4463 5933 5933 5832 5832 5832 5832
    5832 5734 4842 4842 4774 4774 4774 4842 4842 4774 4774 4708 4708
    4708 4645 4645 4645 4582 4582 4582 4522 4463 4463 4463 4463 5933
    5832 5734 5734 5548 5548 4911 4911 4842 4842 4774 4774 4708 4708
    4774 4708 4708 4708 4645 4645 4645 4645 4645 4582 4582 4582 4582
    4349 4349 4463 4463 5933 5832 4983 4983 4983 4983 4911 4842 4842
    4842 4774 4774 4708 4708 4708 4708 4645 4645 4582 4582 4582 4522
    4522 4582 4582 4582 4582 4349 4349 4349 4522 5933 4983 4911 4911
    4983 4911 4911 4842 4842 4842 4774 4774 4708 4708 4708 4708 4645
    4645 4582 4463 4405 4405 4522 4582 4582 4582 4582 4463 4463 0 4522
    5056 4983 4911 4911 4911 4911 4911 4911 4911 4842 4774 4774 4774
    4774 4774 4708 4645 4645 4582 4463 4405 4405 5548 4582 4582 4645
    4708 0 0 0 0 5056 4983 4983 4911 4911 4911 4842 4842 4911 4842 4774
    4774 4774 4774 4774 4708 4708 4708 5734 5734 5734 5548 5548 5548
    5548 0 0 0 0 0 0 4983 4983 4983 4911 4911 4911 4842 4842 4842 4842
    4842 4842 4774 4774 4774 4708 4708 4708 5548 5548 5548 5548 5548
    5548 5734 0 0 0 0 0 0 4983 4911 4911 4911 4911 4911 4842 4842 4842
    4842 4842 4842 4842 4842 5734 5548 5548 5460 5460 5548 5548 5640
    5640 5640 5640 0 0 0 0 0 0 4983 4911 4911 4911 4911 4911 4842 4842
    4842 4842 5933 5933 5734 5734 5734 5734 5548 5460 5460 5460 5548
    5548 5640 5640 5640 5640 0 0 0 0 0 4983 4911 4911 4911 4911 4911
    4911 5832 5933 5933 5933 0 0 5734 5734 5734 5640 5548 5460 5460 5548
    5548 5640 5548 5548 5548 5460 5460 0 0 0</data></Depth2059>
</opencv_storage>
