<?xml version="1.0"?>
<opencv_storage>
<Depth6828 type_id="opencv-matrix">
  <rows>78</rows>
  <cols>62</cols>
  <dt>w</dt>
  <data>
    3774 3774 3774 1354 1349 1349 1349 3774 3774 1328 1328 1328 1322
    1317 1317 1317 1317 1322 1328 1328 3653 3653 3653 3692 3692 3732
    3692 3692 3692 3692 1317 1317 3732 3692 3692 1317 1317 3614 3576
    1307 1302 1302 1302 1302 1302 1302 1302 1297 1297 1297 1297 3539
    3503 3468 3468 3503 3503 3503 3503 3468 3468 3468 3774 3774 1338
    1338 1338 1333 1333 1333 1333 1328 1322 1322 1317 1317 1317 1317
    1317 1317 1317 1317 1317 1317 1317 1317 1317 1317 1317 1317 1312
    1312 1312 1312 1312 1307 1307 1312 1312 1307 1302 1302 1302 1302
    1302 1302 1302 1297 1297 1297 1297 1297 1297 1297 3468 3468 3468
    3503 3503 3503 3503 3468 3468 3468 1338 1338 1333 1333 1333 1328
    1322 1322 1322 1322 1317 1317 1317 1317 1317 1317 1317 1317 1317
    1317 1317 1317 1317 1312 1312 1317 1312 1312 1312 1312 1312 1312
    1312 1307 1307 1307 1307 1302 1302 1302 1302 1297 1297 1297 1297
    1297 1297 1297 1292 1292 1292 1292 3503 3503 3503 3503 3503 3503
    3503 3468 3468 3468 1338 1338 1333 1333 1328 1322 1322 1322 1322
    1317 1317 1317 1312 1312 1317 1317 1317 1312 1312 1317 1312 1312
    1317 1312 1312 1312 1312 1312 1307 1307 1307 1307 1312 1302 1302
    1302 1302 1302 1297 1297 1297 1297 1297 1297 1297 1297 1297 1292
    1292 1288 1288 1288 1288 3503 3503 3503 3503 3468 3468 3468 3468
    3468 1338 1333 1333 1328 1328 1322 1322 1317 1317 1317 1317 1317
    1312 1312 1317 1317 1317 1312 1312 1317 1312 1312 1317 1312 1312
    1312 1307 1307 1307 1307 1307 1307 1307 1302 1302 1302 1302 1297
    1297 1297 1292 1292 1292 1292 1292 1292 1292 1292 1292 1288 1288
    1288 1288 3539 3539 3503 3503 3468 3468 3468 3468 3468 1338 1333
    1328 1328 1322 1322 1317 1317 1317 1317 1312 1312 1312 1312 1312
    1317 1312 1312 1312 1312 1312 1312 1312 1307 1307 1307 1307 1307
    1307 1302 1302 1302 1302 1302 1302 1302 1297 1297 1297 1297 1292
    1288 1288 1288 1288 1288 1288 1288 1288 1288 1283 1283 1283 1283
    3503 3503 3503 3468 3468 3468 3468 3468 1338 1333 1328 1328 1317
    1317 1317 1317 1317 1312 1312 1312 1312 1312 1312 1312 1312 1307
    1307 1307 1307 1307 1307 1307 1307 1307 1302 1302 1302 1302 1302
    1302 1302 1302 1297 1297 1297 1297 1297 1297 1297 1288 1288 1288
    1288 1288 1288 1288 1283 1283 1283 1283 1283 1283 3503 3503 3468
    3468 3468 3468 3468 3468 1349 1333 1328 1322 1317 1317 1317 1312
    1312 1312 1312 1312 1312 1312 1312 1312 1312 1307 1307 1307 1302
    1302 1307 1307 1307 1302 1302 1302 1302 1302 1297 1297 1297 1297
    1297 1297 1292 1292 1292 1292 1292 1292 1292 1288 1288 1288 1283
    1283 1283 1283 1283 1278 1278 1278 1278 3468 3468 3468 3468 3468
    3468 3468 1349 1338 1328 1322 1317 1317 1317 1312 1312 1312 1312
    1312 1312 1307 1307 1307 1312 1307 1307 1302 1302 1302 1302 1302
    1302 1302 1302 1302 1302 1302 1297 1297 1297 1297 1297 1292 1292
    1292 1292 1292 1292 1292 1292 1288 1288 1288 1283 1283 1283 1283
    1283 1278 1278 1278 3468 3433 3433 3433 3433 3468 3468 3468 1349
    1338 1328 1322 1317 1312 1312 1312 1312 1312 1312 1312 1307 1307
    1307 1307 1307 1302 1302 1302 1302 1302 1302 1302 1302 1302 1302
    1302 1297 1297 1297 1297 1297 1297 1297 1292 1292 1292 1288 1288
    1288 1288 1288 1283 1283 1283 1283 1283 1278 1278 1278 1278 1283
    1283 3468 3468 3433 3433 3433 3468 3468 3433 1354 1343 1328 1317
    1312 1312 1312 1307 1307 1307 1307 1307 1302 1302 1302 1307 1307
    1302 1302 1302 1302 1302 1302 1302 1302 1302 1297 1297 1297 1297
    1297 1297 1292 1292 1292 1292 1292 1292 1283 1283 1283 1283 1283
    1283 1283 1283 1278 1278 1278 1278 1278 1278 1278 1278 3468 3468
    3468 3433 3433 3468 3468 3433 1343 1343 1328 1312 1312 1307 1307
    1307 1307 1307 1302 1302 1302 1302 1302 1302 1302 1302 1302 1302
    1302 1302 1297 1297 1297 1297 1297 1297 1297 1297 1292 1292 1292
    1292 1292 1292 1288 1288 1283 1283 1283 1283 1283 1283 1283 1278
    1278 1278 1278 1273 1268 1268 1268 0 3468 3468 3468 3468 3468 3433
    3433 3433 1349 1349 1322 1312 1312 1307 1307 1307 1302 1302 1302
    1302 1302 1302 1297 1297 1297 1297 1297 1302 1302 1297 1297 1297
    1297 1297 1297 1297 1297 1292 1292 1292 1292 1292 1292 1288 1288
    1283 1283 1283 1283 1283 1283 1283 1278 1278 1278 1273 1273 1273
    1268 1268 1268 1278 3468 3468 3468 3468 3468 3433 3433 3433 0 1349
    1317 1312 1307 1307 1307 1302 1302 1302 1297 1297 1297 1297 1297
    1297 1297 1297 1297 1302 1302 1297 1297 1297 1297 1297 1297 1297
    1292 1292 1292 1292 1292 1292 1292 1288 1288 1283 1283 1283 1283
    1283 1283 1278 1278 1278 1278 1273 1273 1268 1268 1268 1278 1278
    3468 3468 3468 3468 3468 3433 3433 3433 1370 1338 1317 1312 1307
    1307 1307 1302 1302 1297 1297 1297 1297 1297 1297 1297 1297 1297
    1297 1302 1297 1297 1297 1297 1297 1297 1297 1297 1292 1292 1288
    1288 1288 1292 1288 1283 1283 1283 1283 1283 1278 1278 1278 1278
    1278 1278 1278 1273 1273 1268 1268 1268 1268 1268 0 3433 3433 3433
    3468 3468 3468 3468 1365 1338 1322 1312 1307 1302 1302 1297 1297
    1297 1297 1297 1297 1297 1297 1292 1292 1297 1297 1297 1297 1297
    1297 1297 1297 1297 1297 1292 1288 1288 1288 1288 1288 1288 1283
    1283 1283 1283 1278 1278 1278 1278 1278 1278 1278 1278 1278 1273
    1268 1268 1268 1268 1268 1278 0 3433 3433 3433 3433 3433 3468 3468
    1359 1343 1322 1312 1302 1302 1297 1297 1297 1297 1297 1297 1297
    1297 1297 1292 1292 1292 1292 1297 1297 1297 1297 1297 1297 1297
    1297 1292 1288 1288 1283 1283 1283 1283 1283 1278 1278 1278 1278
    1278 1278 1278 1278 1278 1278 1278 1273 1268 1268 1268 1264 1264
    1268 1278 0 1278 3433 3433 3433 3433 3468 3433 1359 1338 1328 1312
    1302 1297 1297 1297 1297 1297 1297 1297 1292 1292 1292 1292 1288
    1288 1288 1292 1292 1292 1292 1292 1292 1292 1288 1288 1288 1283
    1283 1283 1278 1278 1278 1278 1278 1278 1278 1278 1278 1278 1278
    1278 1278 1273 1273 1268 1264 1264 1264 1264 1268 1273 1273 0 3433
    3433 3399 3399 3433 3433 1359 1338 1322 1307 1302 1297 1297 1297
    1297 1297 1297 1292 1292 1292 1292 1292 1288 1288 1288 1292 1288
    1288 1288 1288 1288 1288 1288 1283 1283 1283 1278 1278 1278 1278
    1278 1278 1278 1278 1278 1278 1278 1278 1278 1278 1278 1273 1268
    1264 1264 1264 1264 1264 1264 1264 1264 0 3399 3399 3399 3399 3433
    3433 1359 1338 1317 1307 1297 1297 1297 1297 1297 1292 1292 1292
    1292 1292 1288 1288 1288 1288 1288 1288 1283 1283 1283 1283 1283
    1283 1283 1278 1278 1283 1278 1278 1278 1278 1278 1278 1278 1278
    1278 1278 1278 1278 1273 1273 1273 1273 1268 1264 1264 1264 1264
    1264 1264 1264 1264 0 3399 3399 3399 3399 3433 3433 0 1333 1317 1307
    1297 1297 1297 1297 1292 1292 1292 1292 1292 1292 1288 1288 1288
    1288 1288 1288 1283 1283 1283 1283 1283 1283 1283 1278 1278 1283
    1278 1278 1278 1278 1278 1278 1278 1278 1278 1273 1273 1273 1268
    1268 1268 1268 1264 1264 1264 1264 1264 1264 1264 1264 1264 1259 0
    3399 3399 3399 3433 3433 0 1328 1317 1307 1302 1297 1292 1292 1292
    1292 1292 1292 1288 1288 1288 1288 1288 1288 1288 1283 1283 1283
    1283 1283 1283 1283 1283 1278 1278 1278 1278 1278 1278 1273 1273
    1278 1278 1273 1273 1268 1268 1273 1268 1268 1264 1264 1264 1264
    1264 1259 1259 1259 1259 1259 1259 1259 3399 3399 3399 3399 3433
    3399 0 1328 1317 1307 1297 1292 1292 1288 1288 1292 1292 1288 1288
    1288 1288 1288 1288 1283 1283 1283 1283 1283 1278 1278 1278 1278
    1278 1283 1278 1278 1278 1278 1273 1273 1273 1278 1273 1268 1268
    1268 1268 1268 1268 1264 1264 1264 1264 1259 1259 1259 1259 1259
    1259 1259 1259 1259 3433 3399 3399 3399 3399 3399 0 1322 1312 1302
    1297 1292 1292 1288 1288 1292 1288 1288 1283 1278 1278 1278 1283
    1283 1283 1283 1283 1283 1278 1278 1278 1278 1278 1278 1278 1278
    1278 1278 1273 1273 1273 1273 1273 1268 1268 1264 1264 1264 1264
    1264 1264 1259 1259 1259 1259 1259 1259 1259 1259 1264 1264 1264
