<?xml version="1.0"?>
<opencv_storage>
<Depth6200 type_id="opencv-matrix">
  <rows>18</rows>
  <cols>12</cols>
  <dt>w</dt>
  <data>
    4190 4190 4190 4139 4139 4139 4139 4139 4190 4190 4241 4190 4190
    4190 4190 4139 4139 4139 4139 4139 4190 4241 4241 4190 4241 4190
    4190 4190 4190 4139 4139 4139 4190 4190 4241 4241 4241 4190 4190
    4190 4139 4139 4139 4139 4190 4190 4241 4241 4241 4190 4190 4139
    4139 4139 4139 4139 4190 4241 4241 4241 4190 4190 4190 4139 4139
    4139 4139 4139 4190 4241 4241 4241 4190 4190 4190 4139 4139 4139
    4139 4139 4190 4241 4190 4190 4241 4190 4190 4139 4139 4139 4190
    4190 4241 4241 4190 4190 4190 4190 4190 4139 4139 4139 4139 4190
    4241 4241 4190 4190 4190 4190 4190 4139 4139 4139 4139 4190 4241
    4241 4190 4190 4139 4139 4139 4139 4139 4139 4139 4139 4241 4241
    4241 4241 4139 4139 4139 4139 4139 4139 4139 4139 4241 4241 4241
    4241 4089 4139 4139 4139 4139 4139 4139 4190 4241 4241 4241 0 4089
    4139 4139 4139 4190 4190 4190 4190 4241 4241 4241 0 4139 4139 4139
    4139 4139 4139 4190 4190 4241 4241 4241 4295 4139 4139 4139 4139
    4139 4139 4139 4190 4241 4241 4241 4241 4139 4139 4190 4190 4190
    4139 4139 4190 4190 4190 4241 4241 4190 4190 4190 4190 4190 4190
    4190 4190 4190 4190 4241 0</data></Depth6200>
</opencv_storage>
