<?xml version="1.0"?>
<opencv_storage>
<Depth15992 type_id="opencv-matrix">
  <rows>10</rows>
  <cols>31</cols>
  <dt>w</dt>
  <data>
    5832 5640 5548 5548 5734 5734 5640 5640 5734 5734 6622 6753 6753
    6889 6889 6889 6753 6753 6889 6889 6889 6889 6889 6889 6753 6753
    6753 6753 6889 6889 6889 5832 5640 5640 5734 5734 5734 5640 5640
    5734 5734 5734 5734 5640 5640 5640 5640 6753 6753 6753 6753 6889
    6889 6889 6889 6889 6753 6753 6753 6889 6889 6889 5832 5734 5734
    5734 5734 5734 5734 5734 5734 5734 5734 5640 5640 5640 5640 5640
    5640 5734 5640 5640 5734 6889 6889 6889 6889 6889 6889 6889 6889
    6889 6889 6038 5832 5832 5734 5640 5640 5734 5734 5734 5734 5640
    5640 5640 5640 5640 5640 5640 5640 5640 5640 5734 5734 5640 5640
    5640 5640 5640 6889 6889 6889 6889 6038 6038 5832 5832 5640 5640
    5734 5640 5640 5640 5640 5640 5640 5640 5640 5640 5640 5640 5640
    5640 5734 5734 5640 5640 5640 5640 5640 5640 5640 5640 5640 0 6146
    6038 5832 5640 5640 5640 5640 5640 5548 5548 5548 5640 5640 5640
    5640 5640 5640 5640 5640 5734 5734 5734 5640 5640 5640 5640 5640
    5640 5640 5640 0 0 0 6038 5640 5640 5640 5640 5640 5548 5548 5548
    5640 5734 5734 5640 5640 5640 5640 5640 5734 5734 5734 5640 5640
    5734 5734 5640 5640 5640 5640 0 0 0 0 0 0 0 0 0 0 0 6889 6889 5640
    5640 5640 5640 5640 5640 5640 5734 5734 5832 5734 5734 5734 5734
    5734 5734 5734 5734 0 0 0 0 0 0 0 0 0 7030 6889 6889 6889 6889 0 0 0
    0 0 0 0 0 5832 5734 5734 5734 5734 5734 5832 5734 5640 0 0 0 0 0 0 0
    0 7030 7030 6889 6889 6889 6889 6889 0 0 0 0 0 0 0 5832 5734 5734
    5734 5832 5832 5832 5734 5640</data></Depth15992>
</opencv_storage>
