<?xml version="1.0"?>
<opencv_storage>
<Depth4252 type_id="opencv-matrix">
  <rows>64</rows>
  <cols>41</cols>
  <dt>w</dt>
  <data>
    5291 5291 5291 5291 5291 5291 5291 5210 5210 5210 5210 5210 5210
    5210 5210 5210 5210 5210 1970 1959 1959 1959 5056 5056 5132 5056
    5056 5056 5056 5132 5132 5132 5132 5056 5056 5056 5056 5056 5056
    5056 5056 5291 5291 5291 5291 5291 5210 5210 5210 5210 5210 5210
    5210 5210 5132 5132 5132 1959 1959 1947 1936 1936 1936 5132 5132
    5132 5132 5056 5056 5056 5132 5132 5056 5056 5056 5056 5056 5056
    5056 5056 5056 5056 5291 5291 5291 5291 5210 5210 5210 5210 5210
    5210 1970 1970 5210 5056 5056 5056 1959 1947 1947 1936 1936 1947
    1947 5210 5132 5132 5056 5056 5056 5132 5056 5056 5056 5056 5056
    5056 5056 5056 5056 4983 4983 2156 2156 2156 5291 5210 5210 5210
    5210 5210 1970 1970 1970 1970 1959 1947 1947 1947 1947 1947 1936
    1936 1947 1947 1947 5291 5132 5132 5056 5056 5132 5056 5056 5056
    5056 5056 5056 5056 5056 5056 4983 4983 2156 2156 2116 2116 5210
    5210 5210 5210 1970 1959 1959 1970 1959 1947 1947 1947 1947 1947
    1947 1936 1936 1947 1947 1947 5210 5210 5132 5132 5132 5132 5056
    5056 5056 5056 5056 5056 5056 5056 5056 5056 5056 2156 2156 2116
    2116 2078 2028 2005 1981 1970 1959 1959 1959 1959 1947 1947 1947
    1947 1947 1936 1936 1936 1947 1947 1947 1947 5210 5132 5132 5132
    5132 5132 5056 5056 5056 5056 5056 5056 5056 4983 4983 4983 2143
    2143 2129 2103 2053 2016 1993 1981 1970 1959 1959 1947 1947 1936
    1936 1936 1936 1936 1936 1936 1936 1947 1936 1936 1936 5132 5132
    5132 5132 5132 5132 5132 5056 5056 5056 5056 5056 5056 4983 4983
    4983 2143 2143 2129 2103 2016 2005 1993 1970 1959 1959 1947 1947
    1947 1936 1936 1936 1936 1936 1936 1936 1936 1947 1936 1936 1947
    1947 5210 5210 5132 5132 5132 5056 5056 5056 5056 5056 5056 5056
    4983 4983 4983 2156 2129 2116 2078 2016 2005 2005 1970 1959 1947
    1947 1936 1936 1936 1936 1936 1936 1936 1936 1936 1936 1947 1947
    1947 1947 1947 5210 5210 5132 5132 5132 5056 5056 5056 5056 5056
    5056 5056 4983 4983 4983 2170 2129 2116 2078 2028 2016 2005 1981
    1959 1947 1947 1936 1936 1936 1936 1936 1936 1936 1936 1936 1936
    1947 1947 1947 1947 1947 5132 5132 5132 5132 5056 5056 5056 5056
    5132 5056 5056 5056 4983 4983 4983 2184 2129 2116 2090 2040 2016
    2005 1981 1970 1959 1947 1936 1936 1936 1936 1936 1936 1926 1926
    1926 1926 1947 1947 1947 1936 1936 1936 5132 5132 5132 5056 5056
    5056 5132 5132 5056 5056 5056 4983 4983 4983 2116 2116 2116 2103
    2040 2028 2016 1993 1981 1959 1947 1936 1936 1936 1936 1926 1926
    1926 1926 1926 1926 1936 1936 1936 1936 1936 1936 5132 5132 5056
    5056 5056 5056 5132 5132 5056 5056 5056 5056 4983 4983 5210 2116
    2116 2103 2053 2040 2016 1993 1981 1970 1947 1936 1936 1936 1936
    1926 1926 1926 1926 1926 1926 1936 1936 1936 1936 1936 1936 1936
    5132 5056 5056 5056 5132 5132 5056 5056 5056 5056 5056 4983 4983
    5374 2129 2116 2090 2078 2053 2028 2005 1981 1970 1947 1936 1936
    1936 1936 1936 1926 1926 1926 1926 1926 1936 1936 1936 1936 1926
    1926 1926 5056 5056 5056 5056 5056 5056 5056 5056 5056 5056 5056
    4983 4983 5210 5210 2129 2090 2078 2065 2040 2005 1981 1970 1947
    1936 1936 1936 1936 1936 1926 1926 1926 1926 1926 1936 1936 1936
    1926 1926 1926 1926 5132 5132 5056 5056 5056 5056 5056 5056 5056
    5056 5056 5056 4983 5210 5210 2129 2103 2090 2065 2053 2005 1993
    1970 1959 1936 1936 1936 1936 1936 1936 1926 1926 1926 1926 1936
    1936 1936 1926 1926 1926 1926 5132 5132 5056 5056 5056 5056 5056
    5056 5056 5056 4983 4983 4983 5291 5291 2103 2103 2090 2078 2053
    2016 1993 1981 1970 1947 1936 1936 1936 1926 1926 1926 1926 1926
    1926 1936 1936 1936 1936 1926 1926 1947 1947 5132 5056 5056 5056
    5132 5132 5132 5056 5056 4983 4983 4983 5210 5210 2116 2116 2103
    2078 2053 2016 2005 1981 1970 1947 1936 1936 1936 1926 1926 1926
    1926 1926 1926 1936 1936 1936 1936 1936 1936 1947 1959 1959 5056
    5056 5132 5132 5132 5132 5132 5056 5056 5056 4983 5210 5210 2116
    2116 2103 2090 2065 2028 2016 1993 1981 1959 1936 1936 1926 1926
    1926 1926 1926 1926 1926 1936 1936 1936 1936 1936 1936 1936 1947
    1947 5132 5132 5132 5132 5132 5132 5132 5132 5056 5056 4983 5210
    5210 5210 2116 2116 2103 2065 2040 2028 2005 1981 1959 1936 1936
    1926 1926 1926 1926 1926 1926 1926 1936 1936 1936 1936 1936 1936
    1936 1936 1936 5132 5132 5132 5132 5210 5132 5132 5132 5056 5056
    4983 5210 5132 5132 2116 2116 2103 2065 2053 2028 2016 1981 1959
    1936 1936 1926 1926 1926 1926 1915 1915 1926 1936 1936 1926 1926
    1926 1926 1926 1915 1915 5210 5210 5210 5210 5132 5132 5132 5132
    5132 5056 4983 5210 5132 5132 2116 2116 2103 2078 2053 2028 2016
    1981 1959 1936 1936 1926 1926 1926 1915 1915 1915 1926 1926 1926
    1926 1926 1926 1926 1926 1915 1915 1915 5210 5210 5210 5056 5056
    5132 5056 5056 5056 4983 5210 5210 5210 5210 2116 2103 2078 2065
    2040 2016 1981 1970 1947 1936 1926 1926 1926 1915 1915 1926 1926
    1926 1926 1926 1926 1926 1926 1926 1915 1904 1904 5291 5210 5132
    5056 5056 5056 5056 5056 5056 5056 5210 5210 5210 5210 2116 2116
    2090 2065 2053 2028 1993 1981 1959 1936 1936 1926 1926 1926 1926
    1926 1926 1926 1926 1926 1926 1926 1926 1926 1926 1904 1904 1904
    5132 5056 5056 5056 5056 5056 5056 5056 5056 5210 5210 5210 5210
    5210 2116 2090 2078 2053 2040 2016 1993 1970 1947 1926 1926 1926
    1926 1915 1915 1926 1926 1926 1926 1926 1926 1926 1926 1926 1915
    1915 1915 5056 5056 5056 5056 5056 5056 5056 5056 5056 5210 5210
    5210 5132 5132 2116 2103 2078 2053 2040 2028 2005 1970 1947 1926
    1926 1926 1926 1915 1915 1915 1926 1926 1926 1926 1926 1926 1926
    1926 1915 1915 1915 5056 5056 5056 5056 5056 5056 5056 5056 5056
    5210 5210 5210 5132 5132 2116 2103 2090 2053 2040 2028 2016 1981
    1959 1936 1936 1915 1915 1904 1904 1904 1915 1926 1926 1926 1926
    1926 1915 1904 1904 1904 1904 1904 5132 5056 5056 5056 5056 5056
    5056 5056 5210 5210 5210 5132 5132 5132 2116 2090 2065 2040 2028
    2016 2005 1970 1936 1936 1915 1915 1904 1904 1904 1915 1926 1926
    1926 1926 1915 1915 1904 1904 1904 1904 1904 1904 5132 5056 5056
    5056 5056 5056 5056 5210 5210 5210 5132 5056 5056 2116 2103 2078
    2053 2040 2016 2005 1970 1947 1936 1915 1915 1915 1904 1904 1915
    1926 1926 1926 1926 1915 1915 1904 1904 1904 1904 1904 1926 5132
    5132 5056 5056 5056 5056 5056 5210 5210 5210 5132 5056 5056 5056
    2103 2090 2078 2065 2040 2016 1981 1959 1936 1926 1926 1915 1915
    1915 1926 1926 1926 1926 1926 1915 1915 1904 1904 1904 1904 1904
    1915 1915 5132 5132 5056 5056 5056 5056 5210 5210 5210 5132 5132
    5132 5132 2116 2090 2078 2065 2040 2016 1993 1970 1936 1926 1915
    1915 1915 1915 1915 1915 1915 1915 1926 1926 1915 1904 1904 1904
    1904 1904 1915 1915 5056 5056 5056 5056 5056 5056 5210 5210 5132
    5132 5132 5132 5132 2116 2090 2078 2065 2040 2016 1993 1970 1947
    1936 1915 1915 1915 1915 1915 1915 1915 1915 1926 1926 1926 1915
    1904 1904 1904 1904 1904 1904 4983 4983 5056 5056 5056 5056 5210
    5210 5132 5132 5132 5132 5210 5210 2090 2078 2065 2053 2028 2005
    1981 1959 1936 1915 1915 1915 1915 1926 1926 1915 1915 1926 1926
    1926 1915 1904 1904 1904 1904 1904 1915 4983 4983 5056 5056 5056
    5056 5291 5210 5210 5132 5132 5132 5210 5210 2103 2090 2078 2065
    2040 2016 1993 1970 1947 1915 1915 1915 1915 1926 1926 1915 1915
    1915 1915 1915 1904 1904 1904 1904 1904 1904 1904 1904 4983 4983
    5056 5056 5056 5210 5210 5210 5132 5132 5132 5210 5210 5210 2090
    2078 2078 2065 2028 2005 1970 1947 1926 1915 1915 1915 1915 1926
    1915 1915 1915 1904 1904 1904 1904 1904 1904 1904 1904 1894 1894
    4983 4983 5056 5056 4983 5210 5210 5210 5210 5210 5210 5210 5132
    5132 2090 2078 2078 2065 2040 2016 1970 1959 1926 1915 1915 1915
    1915 1915 1915 1915 1915 1904 1904 1904 1904 1904 1904 1904 1904
    1894 1894 1894 5056 5056 5056 4983 5210 5132 5132 5132 5210 5210
