<?xml version="1.0"?>
<opencv_storage>
<Depth14637 type_id="opencv-matrix">
  <rows>133</rows>
  <cols>77</cols>
  <dt>w</dt>
  <data>
    4774 4774 4774 4708 4708 4708 4708 4708 4708 4708 4645 4645 4645
    4645 4645 4582 4582 4582 4522 4463 4463 4463 4463 4405 4405 4405
    4405 4405 4405 4349 4349 4349 4349 4349 4349 4295 4295 4295 4295
    4241 4190 4190 4190 4190 4139 4139 4139 4089 4089 4089 925 920 920
    3903 3774 3732 3732 3774 3903 3903 3903 3816 3816 3816 956 951 946
    946 946 948 951 0 0 0 3692 3692 3692 4774 4774 4708 4708 1016 1013
    1013 1010 1010 4708 4708 4708 4708 4645 4645 4645 4582 4522 4522
    4463 4463 4463 4463 4405 4349 4349 4349 4405 4405 4349 4349 4349
    4349 4349 4349 4295 4295 4295 4295 4241 4190 4139 4139 4139 4139
    4089 4089 4089 4089 4089 913 913 910 910 910 3732 3732 3774 3903 901
    898 896 894 894 956 951 946 946 946 948 948 948 951 0 0 0 3692 4774
    4774 4708 4708 1016 1013 1010 1007 1007 1007 1007 1007 0 4645 4645
    4645 4582 4522 4522 4463 4463 4463 4405 4405 4295 4295 4295 4405
    4405 4405 4349 4349 943 943 940 940 935 935 935 933 933 935 4139
    4139 4139 4089 925 923 920 915 910 910 908 906 906 906 903 903 901
    901 898 891 887 887 887 951 948 948 948 948 948 951 0 0 0 0 3732
    4774 4774 4708 1010 1010 1010 1007 1007 1007 1007 1007 998 0 978 978
    4582 4582 4522 4405 4295 4295 4295 967 964 964 959 956 954 951 951
    948 943 943 943 940 938 935 935 935 933 930 928 925 923 920 920 918
    915 915 913 908 908 906 906 903 901 901 901 898 898 894 889 887 885
    885 885 885 882 882 948 951 951 0 0 0 0 0 1007 1007 1007 1007 1007
    1007 1004 1004 1001 998 998 998 981 978 978 978 978 975 973 970 964
    964 964 962 962 959 956 954 951 951 948 943 943 943 940 938 935 935
    935 933 928 925 923 920 918 915 915 913 913 910 908 908 906 903 903
    901 898 896 894 894 891 887 887 885 885 885 885 882 882 951 951 951
    951 0 0 0 0 1013 1007 1007 1007 1004 1004 1001 998 995 992 984 984
    981 981 978 978 978 975 973 970 964 964 964 962 962 959 956 954 951
    951 948 943 943 943 940 938 935 935 933 930 928 925 923 920 918 915
    915 913 910 910 908 906 903 901 901 896 896 894 894 894 891 887 887
    885 885 885 882 880 880 954 954 951 951 0 0 0 0 1010 1010 1007 1007
    1004 998 998 995 992 992 984 984 981 981 981 978 978 975 973 970 967
    964 964 962 962 959 954 954 951 951 948 946 943 943 940 938 935 935
    933 930 928 925 923 920 918 915 915 913 910 910 908 906 903 901 898
    896 894 894 894 894 891 887 887 885 885 882 882 875 875 875 951 951
    951 0 0 0 0 1010 1010 1007 1007 1004 998 995 995 992 992 989 987 984
    981 981 978 978 973 973 970 967 964 964 962 962 962 954 954 951 951
    948 946 943 943 940 938 935 933 933 930 928 925 923 920 918 915 915
    913 913 910 910 908 903 901 898 896 894 894 891 891 891 887 887 885
    885 882 880 867 867 928 928 935 948 0 0 0 0 1013 1010 1007 1007 1004
    998 995 995 992 992 989 984 984 981 981 978 978 973 973 970 970 967
    967 964 962 962 956 954 951 951 948 946 943 943 940 938 935 933 930
    930 928 925 923 923 918 915 915 913 910 910 910 908 903 901 898 896
    894 894 891 891 891 889 889 887 885 882 880 864 864 925 925 930 943
    0 0 0 0 1013 1010 1007 1007 1004 1001 995 995 992 992 989 984 984
    981 981 981 978 973 973 970 970 967 967 964 964 962 956 954 951 951
    948 946 943 943 940 940 935 933 930 930 930 925 925 923 920 915 915
    913 910 910 910 908 903 901 898 896 894 894 891 891 891 889 889 887
    887 885 882 864 864 925 925 930 943 0 0 0 0 1013 1010 1010 1007 1004
    1001 998 995 995 992 989 987 984 984 981 981 975 973 973 970 970 967
    967 964 964 962 956 954 951 951 948 946 946 943 940 940 935 933 933
    930 930 925 925 923 920 915 915 913 913 910 910 908 903 901 898 896
    894 894 894 894 891 889 889 887 887 885 885 885 885 928 928 935 946
    0 0 0 0 1013 1010 1007 1007 1004 1004 998 995 995 992 992 987 984
    984 981 981 975 973 973 970 970 967 967 964 964 962 959 956 951 951
    951 948 946 943 943 940 935 933 933 930 930 925 925 923 920 915 915
    913 913 910 910 908 903 901 901 896 894 894 894 894 891 889 889 887
    887 885 885 885 885 930 930 940 946 0 0 0 0 1013 1007 1007 1007 1004
    1004 1001 995 995 992 992 989 984 984 981 981 978 975 973 973 970
    967 967 964 964 962 959 956 954 951 951 948 946 943 943 940 935 933
    933 930 930 928 925 923 920 918 918 913 913 913 910 908 903 903 901
    898 896 894 894 894 891 889 889 887 887 885 885 885 885 930 930 938
    943 0 0 0 0 1013 1007 1007 1007 1004 1004 1001 995 995 992 992 989
    984 984 981 981 975 973 973 973 970 967 967 964 964 962 959 956 954
    951 951 948 946 943 943 940 938 933 930 930 930 928 925 923 920 918
    918 915 913 913 910 910 906 903 901 898 896 894 894 894 894 889 889
    887 887 885 885 885 885 887 930 938 940 0 0 0 0 1013 1010 1010 1007
    1004 1004 998 995 995 992 992 989 984 984 981 981 975 973 973 973
    970 967 967 964 964 962 959 956 954 951 951 946 943 943 943 940 938
    933 930 930 930 928 925 923 920 918 918 915 913 913 910 910 908 903
    901 901 896 894 894 894 891 891 889 887 887 885 885 885 885 887 915
    938 940 0 0 0 0 1013 1013 1013 1007 1007 1004 998 995 995 992 992
    987 984 984 984 981 978 975 973 973 970 967 967 967 964 962 956 956
    954 951 951 946 943 943 943 940 938 935 930 930 930 930 925 923 920
    920 920 915 913 913 910 910 908 903 901 901 896 894 894 894 891 891
    889 887 887 885 885 882 882 913 915 935 940 0 0 0 0 1013 1010 1010
    1007 1007 1004 1001 995 995 992 992 987 987 984 984 981 978 975 973
    970 970 967 967 967 964 962 956 954 954 951 951 948 946 943 943 940
    938 935 933 930 930 930 925 923 920 920 920 915 915 913 910 910 908
    903 903 901 898 894 894 894 891 889 889 887 887 885 885 882 882 915
    920 935 938 0 0 0 0 1010 1010 1010 1007 1007 1004 1001 998 995 995
    992 987 987 984 984 981 978 975 973 970 970 967 967 967 964 962 956
    954 954 951 951 948 946 943 943 940 938 935 933 930 930 930 928 923
    920 920 920 918 915 913 910 910 908 903 903 901 898 894 894 894 891
    889 889 889 887 885 885 882 882 925 925 935 938 0 0 0 0 1007 1007
    1007 1007 1007 1004 1001 998 995 995 992 987 987 984 984 981 978 975
    973 973 970 970 967 967 964 962 956 954 954 951 951 948 948 946 943
    940 940 935 933 930 930 930 928 923 923 920 920 918 915 913 910 910
    908 903 903 901 898 894 894 894 891 891 889 889 887 885 885 882 882
    925 925 933 938 0 0 0 0 1007 1007 1007 1007 1007 1004 1001 998 995
    995 992 989 987 987 984 981 978 975 973 973 970 970 970 967 964 962
    959 954 954 951 951 948 948 946 943 943 938 933 933 933 930 930 928
    923 923 920 920 918 915 913 910 908 908 903 901 901 898 894 894 894
    894 891 889 889 887 887 885 885 885 925 928 933 938 0 0 0 0 1007
    1007 1007 1007 1007 1004 1001 998 995 995 995 989 989 987 984 981
    978 975 973 973 970 970 970 970 967 962 962 956 954 954 951 951 948
    946 943 943 938 933 933 933 930 930 925 923 923 920 920 918 915 913
    910 908 908 903 901 901 898 894 894 894 894 891 889 889 887 887 887
    885 885 928 933 935 938 0 0 0 0 1010 1010 1010 1007 1007 1004 1001
    1001 998 995 992 989 989 987 984 981 981 978 975 973 973 970 970 970
    970 962 962 956 954 954 954 951 951 948 943 943 938 938 933 933 930
    930 925 923 923 920 920 918 913 913 910 908 908 903 901 901 901 896
    894 894 894 891 891 891 887 887 887 885 885 887 933 938 940 943 0 0
    0 1013 1013 1010 1007 1007 1004 1004 1001 998 995 992 992 989 987
    984 984 981 978 975 973 973 970 970 970 970 967 962 959 956 956 954
    951 951 948 943 943 938 938 933 933 933 930 928 925 923 920 920 918
    913 913 910 908 908 903 903 901 901 898 896 896 894 894 891 891 887
    887 887 887 887 887 940 940 940 943 0 0 0 1019 1016 1010 1007 1007
    1004 1004 998 998 995 992 992 989 987 984 984 981 981 975 975 973
    970 970 970 970 967 962 962 956 954 954 951 951 948 943 943 940 938
