<?xml version="1.0"?>
<opencv_storage>
<Depth13345 type_id="opencv-matrix">
  <rows>20</rows>
  <cols>13</cols>
  <dt>w</dt>
  <data>
    7332 4983 4983 4911 4842 4708 4645 4645 4708 4708 4774 4774 4774
    7332 4983 4983 4911 4774 4708 4708 4708 4708 4708 4774 4774 4774
    4983 4983 4983 4911 4774 4708 4708 4708 4708 4708 4774 4842 4842
    4983 4911 4911 4911 4842 4774 4774 4774 4774 4774 4774 4774 4774
    4911 4911 4911 4911 4842 4774 4774 4774 4774 4774 4774 4774 4774
    4911 4911 4911 4911 4842 4774 4774 4774 4774 4774 4774 4708 4708
    4911 4911 4911 4911 4842 4774 4774 4774 4774 4774 4774 4708 4708
    4842 4911 4911 4911 4842 4774 4774 4774 4774 4774 4774 4708 4708
    4842 4911 4911 4911 4842 4774 4774 4774 4842 4774 4774 4708 4708
    4911 4911 4911 4842 4774 4774 4774 4774 4774 4774 4774 4708 4708
    4983 4983 4911 4774 4708 4708 4708 4708 4708 4774 4708 4708 4708
    4983 4911 4911 4774 4708 4708 4708 4708 4708 4708 4708 4708 4708
    4911 4911 4842 4842 4774 4774 4708 4708 4708 4708 4708 4708 4774
    4911 4911 4842 4842 4774 4774 4708 4708 4708 4708 4708 4708 4774
    4911 4911 4842 4842 4774 4708 4708 4708 4708 4708 4708 4774 7030
    4911 4911 4842 4774 4774 4708 4708 4708 4708 4708 4708 4774 7030
    4911 4911 4842 4774 4774 4708 4708 4708 4774 4708 4708 4774 7178
    4842 4842 4911 4842 4774 4774 4708 4708 4708 4708 4708 4708 7178
    4842 4842 4911 4842 4774 4774 4708 4708 4708 4708 4708 4708 7332
    7178 7332 7332 4842 4774 4774 4774 4774 4774 4774 4774 4774 7332</data></Depth13345>
</opencv_storage>
