<?xml version="1.0"?>
<opencv_storage>
<Depth9721 type_id="opencv-matrix">
  <rows>35</rows>
  <cols>93</cols>
  <dt>w</dt>
  <data>
    4041 4041 4041 4041 4041 1317 1312 1312 1312 1307 1307 1307 1302
    1302 1307 1307 1307 1312 1312 1312 1312 1307 1307 1302 1297 1297
    1297 1297 1302 1302 1307 1307 1302 1302 1297 1297 1297 1297 1297
    1297 1297 1302 1302 1302 3816 3816 3859 3859 1297 1297 1297 1297
    3816 1259 1259 1292 3539 3539 3010 2958 2958 2958 2958 2958 2958
    2958 1297 1288 1288 1288 1292 1292 0 0 0 0 0 0 0 0 0 0 0 2560 2541
    2503 2503 2503 2503 2522 2522 2415 2398 4041 4041 4041 4041 1317
    1312 1312 1302 1302 1302 1302 1302 1302 1302 1302 1302 1302 1302
    1307 1307 1307 1307 1302 1297 1297 1297 1297 1297 1297 1297 1297
    1302 1302 1302 1297 1297 1297 1297 1297 1297 1297 1297 1297 1297
    1297 1297 1297 1297 1297 1292 1292 1288 1288 1273 1273 1292 3539
    3539 3903 2958 2958 2958 2958 2958 1283 1283 1288 1288 1288 1288
    1292 1292 1297 1292 1292 0 0 0 0 0 0 0 0 0 2522 2522 2522 2503 2503
    2522 2541 2398 2381 4089 4089 1317 1312 1312 1312 1307 1302 1302
    1297 1297 1297 1297 1297 1297 1297 1297 1297 1297 1297 1297 1297
    1292 1292 1292 1292 1292 1292 1292 1292 1292 1297 1297 1297 1297
    1297 1297 1292 1292 1292 1292 1292 1297 1297 1297 1292 1292 1292
    1292 1292 1292 1288 1288 1288 1288 1283 1283 1283 1283 1288 1292
    1292 1292 1283 1283 1283 1288 1288 1288 1288 1292 1292 1292 1292
    1292 1292 1297 1297 1297 0 0 0 0 0 0 2541 2541 2522 2522 2541 2485
    2398 2381 4041 1317 1317 1312 1312 1307 1307 1297 1297 1297 1297
    1297 1297 1292 1292 1292 1292 1292 1292 1288 1288 1288 1288 1288
    1292 1288 1288 1288 1288 1288 1288 1288 1288 1288 1288 1292 1292
    1288 1288 1288 1288 1288 1288 1288 1288 1288 1288 1292 1292 1288
    1288 1283 1283 1283 1288 1283 1283 1283 1283 1288 1288 1288 1288
    1283 1283 1283 1283 1288 1283 1283 1288 1288 1288 1292 1288 1288
    1292 1292 1292 1288 1288 1288 0 0 2598 2541 2541 2541 2541 2541 2485
    2415 2398 3994 1317 1317 1312 1312 1307 1307 1297 1292 1288 1283
    1283 1292 1292 1292 1288 1288 1288 1288 1283 1283 1283 1283 1283
    1283 1283 1283 1283 1283 1283 1283 1283 1283 1283 1283 1283 1283
    1283 1283 1283 1283 1283 1283 1283 1283 1283 1283 1283 1283 1283
    1283 1283 1278 1278 1283 1283 1283 1283 1283 1283 1283 1283 1283
    1283 1283 1283 1283 1283 1278 1278 1283 1283 1283 1288 1288 1288
    1288 1288 1288 1288 1283 1283 1283 2618 2598 2598 2541 2541 2541
    2522 2485 2415 2398 3994 1317 1317 1312 1312 1312 1312 1302 1292
    1283 1273 1273 1278 1278 1273 1273 1283 1278 1278 1278 1278 1278
    1273 1273 1273 1278 1278 1278 1278 1278 1278 1278 1278 1278 1278
    1278 1278 1278 1278 1278 1278 1278 1278 1283 1278 1278 1278 1278
    1278 1278 1278 1278 1278 1278 1278 1278 1278 1278 1278 1283 1283
    1278 1278 1278 1278 1278 1278 1278 1278 1278 1278 1278 1278 1283
    1283 1283 1283 1283 1283 1283 1278 1278 1278 2618 2618 2598 2560
    2503 2503 2467 2467 2415 2398 3994 3994 1312 1312 1312 1317 1312
    1307 1288 1278 1268 1268 1273 1273 1268 1268 1268 1268 1268 1268
    1268 1273 1273 1268 1268 1268 1268 1268 1268 1273 1273 1278 1278
    1278 1278 1278 1278 1278 1278 1278 1278 1278 1278 1278 1278 1278
    1273 1273 1273 1273 1273 1273 1273 1273 1273 1278 1278 1278 1278
    1278 1278 1278 1273 1273 1273 1273 1273 1273 1278 1278 1278 1273
    1273 1278 1278 1278 1278 1278 1283 1283 1278 1278 1278 2639 2618
    2618 2560 2503 2503 2467 2432 2415 2398 3994 3994 1317 1317 1317
    1317 1312 1312 1288 1273 1264 1264 1264 1264 1264 1264 1264 1264
    1264 1259 1259 1259 1259 1259 1259 1264 1264 1264 1264 1268 1268
    1268 1268 1268 1268 1268 1268 1273 1273 1273 1273 1273 1268 1268
    1268 1268 1264 1264 1264 1264 1268 1268 1268 1268 1268 1268 1268
    1273 1273 1273 1273 1268 1264 1264 1264 1268 1268 1268 1273 1268
    1268 1268 1268 1273 1273 1273 1273 1273 1273 1273 1268 1268 1268
    2639 2618 2618 2560 2522 2503 2467 2432 2415 2415 3948 3948 1328
    1328 1322 1322 1312 1312 1283 1264 1259 1259 1259 1259 1259 1259
    1259 1259 1259 1259 1259 1259 1259 1255 1255 1255 1255 1255 1259
    1259 1264 1264 1264 1264 1264 1264 1264 1264 1264 1264 1264 1264
    1264 1264 1264 1264 1259 1259 1259 1264 1264 1264 1264 1264 1264
    1264 1264 1264 1264 1264 1264 1264 1259 1259 1259 1264 1264 1268
    1268 1264 1264 1264 1264 1264 1264 1264 1264 1268 1268 1268 1264
    1264 1264 1264 2618 2618 2618 2503 2503 2467 2467 2415 2415 3948
    3948 1338 1338 1328 1322 1312 1307 1264 1255 1250 1250 1255 1255
    1255 1255 1250 1250 1250 1255 1255 1255 1255 1255 1250 1250 1250
    1250 1250 1250 1250 1255 1259 1259 1259 1259 1259 1259 1259 1259
    1259 1259 1259 1259 1259 1259 1259 1255 1255 1259 1259 1259 1259
    1259 1259 1259 1259 1259 1259 1259 1259 1259 1259 1259 1259 1259
    1264 1264 1259 1259 1259 1259 1259 1259 1259 1264 1264 1259 1259
    1259 1255 1255 1250 1250 0 0 0 1245 2415 0 0 2415 2415 3948 3948
    1338 1338 1333 1328 1312 1288 1259 1250 1245 1245 1250 1255 1250
    1250 1245 1245 1245 1245 1250 1250 1250 1250 1245 1241 1241 1241
    1245 1245 1245 1250 1250 1250 1250 1250 1255 1255 1255 1255 1250
    1250 1250 1250 1255 1255 1250 1245 1245 1250 1250 1250 1250 1250
    1250 1255 1255 1255 1250 1250 1255 1255 1255 1250 1250 1255 1255
    1255 1255 1255 1255 1255 1255 1259 1259 1259 1255 1255 1255 1255
    1255 1255 1250 1250 1250 1245 0 0 0 0 0 1307 1302 3994 1365 1338
    1338 1333 1328 1312 1283 1259 1245 1245 1245 1245 1245 1241 1241
    1241 1241 1241 1241 1241 1241 1241 1241 1236 1236 1236 1236 1236
    1236 1241 1245 1245 1245 1245 1241 1241 1241 1241 1241 1245 1245
    1245 1245 1245 1245 1245 1245 1245 1245 1245 1245 1245 1245 1245
    1250 1250 1245 1245 1245 1245 1245 1245 1245 1245 1245 1245 1245
    1245 1245 1245 1245 1245 1250 1255 1255 1255 1250 1250 1250 1250
    1245 1245 1245 1245 0 0 0 0 0 0 1307 1302 3994 1365 1359 1338 1333
    1328 1312 1283 1259 1241 1241 1241 1241 1241 1236 1236 1241 1236
    1236 1236 1236 1236 1236 1232 1232 1232 1232 1232 1236 1236 1236
    1241 1241 1241 1241 1241 1241 1241 1241 1236 1236 1236 1236 1241
    1241 1241 1241 1241 1241 1241 1241 1245 1245 1245 1245 1245 1245
    1245 1245 1241 1241 1241 1241 1245 1245 1245 1241 1241 1245 1241
    1241 1245 1245 1250 1255 1255 1250 1250 1245 1245 1245 1245 1245
    1245 1245 0 0 0 0 0 1312 1312 1312 3994 1365 1359 1338 1333 1322
    1312 1278 1264 1241 1236 1236 1236 1232 1232 1236 1236 1236 1232
    1232 1232 1227 1227 1227 1227 1227 1227 1227 1232 1232 1236 1241
    1236 1236 1236 1232 1232 1236 1232 1232 1232 1232 1227 1227 1227
    1227 1232 1236 1241 1241 1241 1241 1241 1241 1241 1241 1241 1241
    1241 1236 1236 1241 1241 1241 1241 1241 1236 1236 1241 1241 1241
    1241 1241 1245 1245 1245 1245 1245 1241 1241 1241 1236 1236 1236
    1236 0 0 0 0 0 1307 1307 1312 3948 1359 1359 1338 1328 1322 1312
    1264 1241 1236 1236 1232 1232 1232 1232 1232 1232 1232 1227 1227
    1227 1223 1223 1223 1223 1223 1223 1223 1227 1227 1227 1232 1232
    1227 1227 1227 1227 1227 1227 1227 1227 1227 1227 1227 1223 1223
    1223 1223 1223 1227 1236 1236 1236 1232 1232 1232 1232 1232 1232
    1232 1232 1232 1236 1232 1232 1232 1232 1232 1232 1236 1236 1236
    1236 1236 1236 1236 1241 1241 1236 1236 1236 1232 1232 1232 1232
    1232 0 0 0 1312 1307 1307 1307 0 1359 1359 1338 1322 1322 1312 1250
    1241 1236 1232 1227 1227 1227 1232 1232 1232 1227 1227 1223 1223
    1223 1223 1223 1223 1223 1223 1223 1223 1223 1223 1227 1227 1227
    1227 1227 1227 1227 1223 1223 1223 1223 1223 1223 1223 1223 1223
    1223 1223 1223 1223 1223 1223 1223 1227 1227 1227 1227 1227 1227
    1227 1227 1227 1227 1227 1227 1227 1227 1227 1227 1227 1227 1232
    1232 1232 1236 1232 1232 1232 1232 1232 1232 1232 1232 1232 1232
    1232 1223 1312 1312 1312 1307 1302 0 1349 1349 1343 1322 1322 1312
    1245 1241 1236 1232 1227 1227 1227 1232 1232 1232 1227 1227 1223
