<?xml version="1.0"?>
<opencv_storage>
<Depth9245 type_id="opencv-matrix">
  <rows>83</rows>
  <cols>59</cols>
  <dt>w</dt>
  <data>
    4139 4139 4139 4139 4190 4139 4139 4139 4139 4190 4190 4139 4139
    1365 1365 1365 1365 4139 4139 4139 4089 4089 4089 4089 4190 4190
    4190 4190 4190 4190 4190 4190 4190 4190 4190 4190 4139 4139 4139
    4139 4139 4139 4139 4139 4190 4190 4190 4190 4190 4190 4139 4139
    4139 4139 4139 4139 4139 4139 4139 4139 4139 4139 4139 4139 4139
    4139 4139 4190 4190 4190 1365 1359 1354 1354 1354 1354 1343 4139
    4139 4089 4089 4089 4089 4190 4190 4190 4190 4190 4190 4139 4139
    4190 4190 4190 4190 4190 4190 4190 4190 4190 4139 4139 4139 4190
    4190 4190 4190 4190 4190 4139 4139 4190 4190 4190 4139 4139 4139
    4139 4139 4139 4139 4139 4139 4190 4190 4190 1365 1365 1365 1354
    1354 1349 1349 1349 1343 1343 1343 1328 1328 1322 1322 1322 1328
    4190 4190 4190 4190 4190 4139 4139 4190 4190 4190 4190 4190 4190
    4190 4190 4190 4139 4139 4190 4190 4190 4190 4190 4190 4190 4190
    4190 4190 4190 4190 4190 4190 4190 4139 4139 4139 4089 4089 4190
    4190 4190 0 1354 1354 1354 1343 1343 1343 1343 1343 1343 1338 1333
    1333 1328 1322 1322 1328 1328 1328 1328 1307 1307 1307 1307 4241
    4241 4241 4190 4190 4190 4190 4190 4190 4190 4190 4190 4139 4139
    4139 4139 4139 4190 4190 4190 4190 4190 4190 4190 4190 4190 4190
    4139 4139 4139 4089 4089 0 4089 0 1354 1354 1354 1349 1343 1343 1343
    1343 1343 1338 1338 1333 1333 1333 1333 1328 1328 1328 1328 1312
    1307 1307 1307 1312 1312 1322 1328 1328 1328 1333 1333 1333 1333
    1297 1297 4139 4139 4139 4139 4139 4139 4190 4190 4139 4139 4139
    4139 4139 4139 4139 4139 4190 4139 4139 4139 0 4139 0 0 1354 1354
    1349 1349 1343 1343 1343 1343 1338 1338 1338 1333 1333 1333 1333
    1333 1328 1328 1328 1312 1312 1307 1307 1312 1312 1312 1317 1312
    1307 1307 1312 1322 1322 1297 1297 1297 1297 1297 1297 1297 1283
    1292 1292 1292 1292 1292 4139 4139 4139 4139 4139 4139 4139 4139
    4139 4139 0 0 0 1349 1349 1349 1349 1349 1343 1343 1343 1338 1333
    1333 1328 1328 1333 1328 1328 1328 1328 1328 1312 1312 1312 1312
    1312 1312 1312 1307 1307 1307 1307 1302 1292 1292 1292 1292 1292
    1292 1292 1292 1297 1283 1283 1283 1288 1288 1288 4190 4190 4190
    1273 1273 4139 4139 4139 4139 4139 0 0 1365 0 1349 1349 1349 1349
    1343 1343 1343 1338 1333 1333 1328 1328 1333 1328 1328 1328 1322
    1317 1312 1312 1312 1307 1307 1307 1302 1302 1302 1297 1297 1292
    1292 1292 1292 1288 1288 1288 1288 1283 1278 1278 1278 1278 1278
    1278 1273 1273 1273 1273 1273 0 0 4139 4139 4089 4089 0 0 1365 1365
    1349 1349 1349 1349 1343 1343 1343 1338 1333 1333 1328 1328 1333
    1328 1328 1328 1322 1317 1312 1312 1312 1307 1307 1307 1302 1302
    1297 1297 1297 1292 1292 1292 1288 1288 1288 1283 1283 1283 1278
    1273 1273 1273 1273 1268 1268 1268 1273 1273 1273 1312 1333 4139
    4139 4089 4089 4089 0 1365 1365 1354 1349 1349 1349 1343 1343 1338
    1338 1333 1333 1328 1328 1333 1328 1328 1328 1322 1317 1312 1312
    1312 1307 1307 1307 1307 1302 1297 1292 1292 1292 1292 1292 1288
    1288 1283 1283 1278 1278 1273 1273 1273 1273 1273 1268 1268 1268
    1268 1273 1297 1312 1333 4139 4139 4139 4139 0 0 1365 1365 1354 1349
    1349 1343 1343 1343 1338 1338 1333 1328 1328 1328 1333 1328 1328
    1328 1322 1317 1312 1312 1312 1307 1307 1307 1307 1302 1297 1292
    1292 1292 1292 1288 1288 1283 1283 1283 1278 1278 1273 1273 1273
    1273 1273 1268 1268 1268 1268 1288 1297 1312 1333 4190 4139 4139 0 0
    1359 1354 1354 1354 1349 1349 1343 1343 1338 1338 1333 1333 1328
    1328 1328 1333 1328 1328 1328 1328 1322 1317 1312 1312 1312 1307
    1307 1302 1302 1302 1297 1292 1292 1288 1288 1288 1283 1283 1278
    1278 1278 1273 1273 1273 1273 1268 1268 1268 1268 1273 1288 1297
    1317 1333 4190 4190 4190 4190 0 1359 1359 1354 1354 1349 1349 1343
    1343 1338 1338 1333 1333 1328 1328 1328 1333 1328 1328 1328 1322
    1322 1317 1312 1312 1312 1307 1307 1302 1297 1297 1297 1292 1292
    1288 1288 1288 1283 1283 1278 1278 1273 1273 1273 1273 1268 1268
    1264 1264 1268 1268 1278 1292 1317 1333 4190 4190 4190 4190 0 1359
    1359 1349 1349 1349 1349 1343 1343 1338 1338 1333 1333 1328 1328
    1328 1333 1328 1328 1328 1322 1322 1317 1312 1312 1312 1307 1307
    1302 1297 1297 1297 1292 1292 1288 1288 1288 1283 1283 1278 1278
    1273 1273 1273 1268 1268 1268 1264 1264 1268 1268 1278 1292 1312
    1328 4190 4190 4190 0 0 0 1349 1349 1349 1349 1349 1343 1343 1338
    1338 1333 1333 1328 1328 1328 1333 1328 1328 1328 1322 1317 1312
    1312 1307 1307 1307 1307 1297 1297 1297 1292 1292 1292 1288 1288
    1288 1283 1283 1278 1278 1273 1273 1273 1268 1268 1264 1264 1264
    1268 1273 1278 1297 1312 1312 4190 4190 4190 0 0 0 1349 1349 1349
    1349 1343 1343 1343 1338 1338 1333 1328 1328 1328 1328 1333 1328
    1328 1322 1322 1317 1312 1312 1307 1307 1307 1307 1297 1297 1297
    1292 1292 1292 1288 1288 1288 1283 1283 1283 1278 1273 1273 1273
    1268 1268 1264 1264 1264 1268 1273 1288 1307 1312 1312 4190 4190
    4190 0 0 0 1349 1349 1349 1349 1343 1343 1343 1338 1338 1333 1328
    1328 1328 1328 1333 1328 1328 1322 1322 1312 1312 1307 1307 1307
    1302 1302 1297 1292 1292 1292 1292 1292 1288 1288 1288 1283 1283
    1283 1278 1273 1273 1273 1268 1268 1268 1268 1268 1273 1278 1297
    1307 1312 1312 4190 4190 4190 0 0 0 1349 1349 1349 1349 1343 1343
    1338 1338 1333 1328 1328 1328 1328 1328 1333 1328 1328 1322 1322
    1312 1312 1307 1307 1307 1302 1302 1297 1292 1292 1292 1292 1292
    1288 1288 1288 1283 1283 1283 1278 1273 1273 1268 1268 1268 1268
    1268 1268 1273 1278 1288 1312 1312 1317 4190 4190 4190 4190 0 1354
    1354 1349 1349 1349 1343 1343 1338 1333 1333 1328 1328 1328 1328
    1328 1333 1328 1328 1322 1322 1312 1312 1307 1307 1307 1302 1302
    1297 1297 1292 1292 1292 1292 1288 1288 1288 1283 1283 1283 1278
    1273 1273 1268 1268 1268 1268 1268 1268 1273 1278 1288 1312 1317
    1317 4139 4139 4139 4139 0 1354 1354 1354 1349 1349 1343 1343 1338
    1333 1333 1328 1328 1328 1328 1328 1333 1328 1328 1322 1317 1312
    1312 1307 1307 1307 1302 1302 1302 1297 1292 1292 1292 1292 1288
    1288 1288 1283 1283 1278 1278 1273 1273 1273 1268 1268 1268 1264
    1264 1273 1278 1292 1307 1317 1317 4139 4139 4139 4139 0 1354 1354
    1354 1349 1349 1343 1343 1338 1333 1333 1328 1328 1328 1328 1328
    1333 1328 1328 1317 1317 1312 1312 1312 1307 1307 1302 1302 1302
    1297 1292 1292 1292 1292 1288 1288 1288 1283 1283 1278 1278 1273
    1273 1273 1268 1268 1264 1264 1264 1273 1278 1292 1307 1328 1328
    4190 4139 4139 0 1354 1354 1354 1354 1349 1349 1343 1343 1338 1338
    1333 1328 1328 1328 1328 1328 1333 1328 1328 1317 1317 1312 1312
    1312 1307 1307 1302 1297 1297 1297 1292 1292 1292 1292 1288 1288
    1288 1283 1283 1278 1278 1273 1273 1273 1268 1268 1264 1264 1264
    1273 1283 1302 1317 1328 1333 4190 4190 4190 0 1354 1354 1354 1354
    1349 1343 1343 1343 1338 1338 1333 1328 1328 1328 1328 1328 1328
    1328 1322 1322 1317 1312 1312 1312 1307 1307 1302 1297 1297 1297
    1292 1292 1288 1288 1288 1288 1283 1278 1278 1278 1278 1273 1273
    1273 1268 1268 1264 1264 1264 1273 1288 1307 1322 1328 1333 4190
    4190 4190 4190 1354 1354 1354 1354 1349 1343 1343 1343 1338 1338
    1333 1328 1328 1328 1328 1328 1328 1322 1322 1322 1317 1312 1312
    1312 1307 1307 1307 1302 1297 1297 1292 1292 1288 1288 1288 1288
    1283 1278 1278 1278 1273 1273 1273 1268 1268 1268 1264 1264 1268
    1273 1288 1307 1317 1317 1322 4190 4190 4190 0 1354 1354 1349 1349
    1343 1343 1343 1343 1338 1333 1333 1328 1328 1328 1322 1322 1322
    1317 1312 1312 1317 1312 1312 1312 1307 1307 1307 1302 1297 1297
    1292 1292 1288 1288 1288 1288 1283 1278 1278 1278 1273 1273 1273
    1268 1268 1268 1264 1264 1268 1273 1292 1307 1312 1317 1322 4139
    4139 4139 0 1349 1349 1349 1349 1343 1343 1343 1343 1338 1333 1333
    1328 1328 1328 1322 1322 1322 1317 1312 1312 1312 1312 1312 1312
