<?xml version="1.0"?>
<opencv_storage>
<Depth15787 type_id="opencv-matrix">
  <rows>123</rows>
  <cols>75</cols>
  <dt>w</dt>
  <data>
    6889 6889 6889 6889 6889 6889 7030 7030 7030 7030 7030 7030 7030
    7030 7030 6889 6889 6889 6889 6889 6889 6889 6889 6889 6753 6753
    6753 6753 6753 6753 6753 6753 6889 6889 6753 6753 6622 6622 6497
    6497 6622 6622 6753 6753 710 708 708 710 708 708 707 707 706 706
    6497 6497 6497 0 0 0 0 0 6622 6497 6497 6497 6497 6497 6497 6497
    6497 6497 6497 6497 6497 6889 6889 6889 6889 6889 6889 7030 7030
    7030 7030 7030 7030 7030 7030 7030 6889 6889 6889 6889 6889 6889
    6889 6889 6889 6889 6753 6753 6753 6753 6753 6753 6753 6753 6753
    6753 6753 6753 6622 6622 6622 6622 6622 6622 6753 710 708 708 710
    708 708 707 707 706 706 6622 6622 701 0 0 0 0 0 0 6497 6497 6622
    6622 6497 6497 6497 6497 6497 6497 6497 6497 6889 6889 6889 6889
    6889 6889 7030 885 885 6889 6889 6889 6889 7030 7030 6889 6889 6889
    6889 6889 6889 6889 6889 6889 6889 6753 6622 6622 6622 6622 6622
    6622 6622 0 0 6889 6889 6753 6753 6753 6622 6622 6622 6753 710 710
    710 710 708 707 707 706 704 703 701 701 701 701 701 701 0 0 0 6497
    6497 6497 6497 6497 6497 6497 6497 6497 6497 6497 6497 6889 6889
    6889 6889 889 887 887 885 882 882 6889 6889 6889 6889 898 6889 6889
    6889 6889 6889 6889 6889 6889 878 873 873 6622 6622 682 682 6622
    6622 6622 0 688 688 6889 6889 6889 6753 6622 6622 6622 688 688 708
    708 704 704 703 701 701 703 701 701 700 700 701 701 701 0 0 0 0 6497
    6497 6497 6497 6497 6497 6497 6497 6497 6497 6497 6889 6889 6889
    6889 889 887 887 885 882 882 885 887 887 898 898 896 896 894 891 891
    885 880 878 878 873 873 6889 6889 682 682 683 683 683 686 688 688
    687 687 688 688 693 693 691 688 688 691 693 697 697 698 700 700 700
    700 700 700 700 701 701 701 701 0 0 0 0 0 0 0 0 6375 6375 6497 6497
    6497 6375 6889 6889 6889 6889 889 887 887 885 882 882 885 887 891
    891 896 894 891 891 889 885 885 880 878 878 878 878 686 686 683 683
    683 682 682 686 686 687 687 687 688 688 693 691 691 690 690 691 693
    696 696 696 697 698 700 700 700 700 700 701 701 701 701 701 0 0 0 0
    0 0 0 6375 6375 6497 6497 6497 6375 6889 6889 6889 889 889 887 887
    885 885 885 887 887 889 889 896 894 891 891 889 878 878 682 682 880
    880 880 683 683 683 683 683 682 682 684 686 686 687 687 687 691 691
    691 691 690 690 691 693 696 696 696 696 697 698 698 700 700 700 701
    701 701 701 701 0 0 0 0 0 0 0 6497 6497 6497 6497 6497 6375 6889
    6889 894 894 891 887 887 885 885 885 887 887 889 889 896 894 894 894
    878 878 683 682 682 682 682 682 682 682 683 683 683 683 683 683 684
    686 687 687 687 690 690 691 691 691 691 693 694 696 696 696 696 697
    698 698 700 700 700 701 701 701 703 0 0 0 0 0 0 0 0 0 6497 6497 6497
    6497 6497 896 894 889 889 889 887 887 891 891 889 889 889 894 754
    754 754 728 728 678 678 678 682 682 682 682 682 682 682 682 683 683
    683 683 683 684 686 687 687 687 688 688 690 691 691 691 693 694 696
    696 696 696 697 697 698 700 700 701 701 701 703 703 0 0 0 0 0 0 0 0
    6622 6497 6497 6497 6497 6497 896 894 891 889 887 882 882 0 882 882
    755 0 755 752 747 747 728 728 696 678 678 682 682 682 682 682 682
    682 682 682 683 683 683 683 684 686 687 687 687 688 688 690 691 691
    693 693 694 696 696 697 697 697 697 698 700 701 701 703 703 703 703
    0 0 0 0 0 0 0 0 6497 6497 6497 6497 6497 6497 896 894 891 891 887
    880 880 880 0 0 0 755 755 752 747 747 728 728 694 693 683 682 682
    682 682 682 682 682 682 682 683 683 683 683 684 686 687 687 687 688
    688 690 691 691 693 693 694 696 697 697 697 697 697 698 700 701 703
    703 704 701 701 0 0 0 0 0 0 0 0 6497 6497 6497 6497 6622 6497 896
    896 891 889 889 880 880 880 0 0 0 752 752 752 744 741 730 728 693
    691 687 683 682 682 682 682 682 682 682 682 683 683 683 684 686 687
    687 687 688 688 688 690 691 691 693 693 694 696 696 697 697 697 697
    698 700 701 703 704 704 701 701 704 0 0 0 0 0 0 0 0 6497 6497 6622
    6497 6497 896 894 894 882 873 847 847 847 0 805 805 805 805 742 742
    739 730 728 693 690 687 683 682 682 682 682 682 682 682 682 683 683
    684 686 687 687 687 687 687 688 690 690 691 691 693 694 694 696 696
    697 697 698 698 700 700 701 703 704 704 703 703 704 0 0 0 0 0 0 0 0
    0 6622 6497 6497 6497 0 894 882 878 871 847 847 0 811 805 805 805
    805 742 742 739 739 728 728 690 688 684 683 682 682 682 682 682 682
    682 683 683 684 686 687 687 687 687 687 688 690 690 691 691 693 693
    694 696 696 697 697 698 698 700 700 701 703 704 703 703 703 704 0 0
    0 0 0 0 0 0 0 6622 6497 6497 6497 0 0 880 873 871 849 847 847 811
    807 805 805 805 752 744 741 741 717 717 687 687 684 683 683 682 682
    682 682 682 682 683 684 684 686 687 687 688 687 687 688 691 691 691
    693 693 693 694 697 697 697 697 698 700 700 700 700 701 703 703 703
    703 703 0 0 0 0 0 0 0 0 0 6622 6497 6497 6497 0 0 880 873 871 851
    847 847 809 805 803 785 783 749 744 742 742 717 717 687 686 684 683
    683 683 683 683 683 683 683 683 684 686 686 686 686 687 688 688 688
    690 691 693 693 693 694 694 697 697 697 698 698 700 700 700 700 701
    701 703 703 703 703 0 0 0 0 0 0 0 0 0 6622 6622 6497 6497 0 0 880
    875 871 860 847 843 809 805 803 785 783 749 747 742 731 731 717 687
    686 683 683 682 682 682 682 683 683 683 683 684 686 686 686 686 687
    688 688 688 690 691 693 693 693 694 694 697 697 697 698 698 700 700
    700 700 701 701 703 703 703 703 0 0 0 0 0 0 0 0 0 6622 6497 6497
    6497 0 0 885 878 873 860 847 843 807 805 803 787 783 781 747 739 731
    730 717 711 708 683 683 682 682 682 682 683 683 683 684 686 686 686
    686 686 687 688 688 688 691 691 693 693 693 694 694 697 697 697 697
    698 700 700 700 700 701 701 703 703 704 704 0 0 0 0 0 0 0 0 6497
    6497 6497 6497 6497 0 0 887 880 875 867 847 843 807 805 803 787 785
    783 749 739 731 728 723 711 707 706 682 682 682 682 682 683 683 684
    684 684 684 686 686 687 688 688 688 688 691 691 693 693 693 693 694
    696 697 697 697 698 700 700 700 700 701 701 703 703 704 0 0 0 0 0 0
    0 0 0 6259 6259 6497 6497 6622 0 0 889 882 878 851 847 843 839 807
    803 787 785 783 783 747 731 728 723 711 707 706 682 682 682 682 682
    683 683 684 684 684 684 686 687 687 688 688 688 688 691 691 693 691
    691 693 694 696 697 697 698 698 698 698 700 701 701 703 703 703 704
    704 0 0 0 0 0 0 0 0 6259 6259 6497 6497 6622 0 0 889 882 880 851 845
    841 837 807 800 787 785 783 783 749 733 728 723 711 707 704 683 682
    682 682 682 683 683 684 684 686 686 686 687 687 688 688 688 688 691
    691 693 691 691 693 694 696 697 697 698 698 698 698 700 701 701 703
    703 704 704 704 0 0 0 0 0 0 0 0 0 6497 6497 6622 6622 0 0 887 885
    880 878 845 841 837 807 796 789 785 781 754 752 733 728 723 714 706
    704 683 682 682 682 682 683 683 684 684 686 686 686 686 687 688 688
    688 688 691 691 693 691 691 693 694 696 697 697 697 698 700 700 700
    700 700 701 703 704 704 704 0 0 0 0 0 0 0 0 0 6622 6622 6622 6622 0
    0 887 885 880 878 845 841 841 807 796 789 785 781 754 752 734 730
    723 714 706 704 684 683 682 682 682 683 683 684 684 686 686 686 686
    687 687 688 688 690 691 691 693 693 693 693 694 697 697 697 697 698
    700 700 700 700 700 701 703 704 704 704 0 0 0 0 0 0 0 0 0 6622 6622
    6622 6622 0 0 891 887 882 878 845 843 843 807 798 790 789 789 755
    754 734 730 725 722 706 704 683 683 682 682 682 682 682 684 684 686
    686 686 686 687 687 688 688 690 690 691 691 693 693 693 694 697 697
    697 697 698 700 700 700 700 701 701 703 704 704 706 706 0 0 0 0 0 0
    0 0 6622 6622 6622 6622 0 0 0 885 882 878 854 845 843 809 800 790
    789 787 755 754 747 730 727 722 707 703 683 683 682 682 682 682 682
    683 684 686 686 686 686 687 688 688 688 690 690 691 691 693 693 693
    694 697 698 698 698 700 700 701 700 700 701 701 703 706 706 706 706
    0 0 0 0 0 0 0 0 6889 6622 6622 6622 0 0 0 885 880 875 854 845 843
