<?xml version="1.0"?>
<opencv_storage>
<Depth8492 type_id="opencv-matrix">
  <rows>30</rows>
  <cols>4</cols>
  <dt>w</dt>
  <data>
    5056 4983 4911 4842 4983 4911 4911 4842 4983 4911 4911 4842 4983
    4911 4911 4842 4983 4911 4911 4842 4983 4911 4911 4842 4911 4911
    4911 4842 4911 4911 4911 4842 4983 4911 4842 4842 4983 4911 4842
    4842 4983 4911 4842 4842 4983 4911 4842 4842 4983 4911 4842 4774
    4983 4842 4774 4708 4983 4842 4774 4708 4983 4842 4774 4708 4911
    4842 4708 4708 4911 4842 4708 4708 4983 4842 4774 4708 4983 4842
    4774 4708 5056 4842 4842 4774 5056 4842 4842 4774 4842 4842 4842
    4774 4842 4842 4774 4708 5056 4774 4774 4708 4842 4774 4774 4708
    4842 4842 4842 4708 5056 4842 4842 4774 5056 4842 4842 4842 5056
    4842 4842 4842</data></Depth8492>
</opencv_storage>
