<?xml version="1.0"?>
<opencv_storage>
<Depth5118 type_id="opencv-matrix">
  <rows>62</rows>
  <cols>52</cols>
  <dt>w</dt>
  <data>
    3064 3064 3092 3064 3064 3064 3064 3064 3064 3064 3064 3064 3092
    3092 3120 3120 3120 3120 3149 3178 3208 3178 3178 3178 3269 3269
    1813 1804 1794 1785 1785 1785 4041 4041 4041 4041 4041 4041 3994
    3994 3948 3948 3948 3994 3994 3994 3948 3903 3903 3903 3903 3903
    3064 3064 3064 3092 3064 3064 3064 3064 3064 3064 3064 3064 3064
    3092 3092 3120 3120 3120 3120 3149 3208 3238 1823 1823 1823 1813
    1804 1804 1794 1785 1785 1785 1785 4041 4041 4041 4041 4041 3994
    3994 3994 3994 3994 4041 3994 3994 3948 3903 3903 3948 3903 3903
    3064 3064 3064 3064 3064 3064 3064 3064 3064 3064 3064 3064 3064
    3092 3092 3092 3120 3120 3120 3149 3208 1804 1804 1813 1813 1813
    1804 1794 1794 1794 1794 1794 1804 1804 4041 4041 4041 4041 4041
    4041 3994 3994 4041 4041 4041 3994 3948 3948 3948 3948 3948 3903
    3064 3064 3064 3064 3064 3064 3037 3037 3064 3064 3064 3064 3064
    3092 3092 3092 3092 3092 3092 1804 1794 1794 1794 1813 1813 1804
    1794 1794 1785 1785 1794 1794 1794 1794 4041 4041 4041 4041 4041
    4041 4041 4041 4041 4041 4041 3994 3994 3948 3948 3948 3948 3903
    3064 3037 3037 3064 3064 3064 3037 3037 3037 3037 3064 3064 3064
    3064 3092 3092 1804 1804 1794 1794 1785 1785 1794 1804 1804 1794
    1794 1785 1785 1785 1785 1785 1794 1794 4139 4041 4041 4041 4041
    4041 4041 4041 4041 4041 3994 3994 3994 3994 3994 3948 3903 3903
    3037 3037 3037 3064 3064 3064 3037 3037 3037 3037 3037 3037 3064
    1776 1776 1776 1776 1785 1785 1785 1785 1785 1785 1794 1804 1794
    1794 1785 1785 1785 1785 1785 1785 1794 1794 4041 4041 4041 4041
    4041 4041 4041 4041 3994 3994 3994 3994 3994 3994 3948 3903 3903
    3037 3037 3037 3037 3064 3037 3037 3037 3037 3037 3037 3037 1804
    1776 1776 1776 1776 1785 1785 1785 1785 1785 1785 1794 1794 1794
    1794 1794 1785 1785 1794 1785 1785 1785 1785 4041 4041 4041 4041
    4041 4041 3994 3994 3948 3948 3948 3948 3994 3994 3948 3948 3948
    3037 3037 3037 3037 3037 3010 3010 1804 1804 1794 1794 1804 1794
    1794 1785 1785 1785 1785 1785 1785 1785 1785 1785 1785 1785 1794
    1794 1794 1785 1785 1794 1785 1785 1785 1785 4089 4041 4041 4041
    4041 4041 3994 3948 3948 3948 3948 3948 3994 3994 3948 3948 3948
    3037 3037 3037 1804 1804 1804 1804 1804 1804 1794 1794 1794 1794
    1794 1785 1785 1785 1785 1785 1785 1785 1785 1785 1785 1785 1794
    1785 1785 1785 1785 1794 1785 1785 1785 1785 1785 4041 4041 4041
    4041 3994 3994 3948 3948 3948 3948 3948 3994 3994 3948 3948 3948
    3037 3037 3037 1804 1804 1804 1804 1804 1804 1794 1794 1794 1794
    1794 1785 1785 1785 1785 1785 1785 1785 1785 1785 1785 1785 1794
    1785 1785 1794 1794 1794 1785 1785 1785 1776 1776 4089 4041 4041
    4041 3994 3994 3948 3948 3948 3994 3994 3994 3948 3948 3948 3948
    3064 1804 1804 1804 1804 1804 1804 1804 1804 1794 1794 1794 1794
    1785 1785 1785 1785 1785 1785 1785 1785 1785 1785 1794 1794 1794
    1794 1794 1794 1794 1794 1785 1785 1785 1776 1776 1776 4089 4089
    4041 3994 3994 3994 3994 3994 3994 3994 3994 3948 3948 3948 3948
    1813 1804 1804 1804 1804 1804 1794 1794 1804 1794 1794 1785 1785
    1785 1785 1785 1785 1785 1785 1785 1785 1785 1794 1794 1794 1794
    1794 1794 1794 1794 1794 1794 1785 1785 1785 1785 1785 4089 4041
    4041 4041 4041 4041 4041 3994 3994 3994 3994 3948 3948 3948 3948
    1813 1804 1794 1794 1794 1794 1794 1794 1804 1794 1794 1785 1776
    1776 1785 1785 1794 1785 1785 1785 1785 1785 1794 1794 1794 1794
    1794 1794 1794 1794 1794 1785 1785 1785 1785 1785 1785 1794 4041
    4041 4041 4041 4041 4041 3994 3994 3994 3994 3948 3948 3948 3948
    1813 1804 1794 1794 1794 1794 1794 1794 1804 1804 1794 1785 1776
    1776 1785 1794 1794 1785 1785 1785 1785 1785 1785 1794 1794 1794
    1794 1794 1794 1794 1794 1785 1785 1785 1785 1785 1785 1785 4041
    4041 4041 4041 4041 4041 3994 3994 3994 3994 3994 3948 3948 3948
    1794 1794 1794 1794 1794 1794 1794 1794 1804 1804 1794 1785 1785
    1785 1785 1794 1794 1794 1785 1785 1785 1785 1785 1794 1794 1785
    1785 1785 1785 1785 1794 1785 1785 1785 1785 1785 1785 1785 1785
    4041 4041 4041 4041 4041 3994 3994 3994 3994 3994 3948 3948 3948
    1794 1794 1794 1794 1794 1794 1794 1794 1804 1804 1794 1794 1794
    1785 1785 1794 1794 1794 1785 1785 1785 1785 1785 1794 1794 1785
    1785 1785 1785 1785 1785 1785 1785 1785 1776 1776 1785 1776 1776
    1776 4041 4041 4041 4041 3994 3994 3994 3994 3994 3948 3948 3903
    1804 1804 1794 1794 1804 1804 1804 1804 1794 1794 1804 1794 1794
    1794 1794 1794 1794 1794 1794 1785 1785 1785 1785 1794 1794 1785
    1785 1785 1785 1785 1785 1785 1785 1785 1776 1776 1785 1776 1776
    1776 3948 3948 3994 4041 4041 3994 3994 3994 3994 3948 3948 3903
    1804 1804 1794 1794 1804 1804 1804 1804 1794 1794 1794 1794 1794
    1794 1794 1794 1794 1794 1794 1794 1785 1785 1785 1794 1794 1785
    1785 1785 1785 1785 1785 1785 1785 1785 1785 1785 1785 1776 1776
    1776 3948 3948 3994 3994 4041 3994 3994 3948 3948 3948 3948 3948
    1804 1804 1804 1794 1794 1794 1804 1804 1794 1794 1794 1794 1794
    1794 1794 1794 1785 1785 1794 1794 1785 1785 1785 1785 1794 1794
    1794 1785 1785 1785 1785 1785 1785 1785 1785 1785 1785 1776 1776
    1776 3948 3948 3948 3994 3994 3994 3994 3948 3948 3948 3948 3948
    3092 1804 1804 1794 1794 1794 1804 1804 1794 1794 1794 1794 1794
    1794 1785 1785 1785 1785 1785 1785 1785 1785 1785 1785 1794 1794
    1794 1785 1785 1785 1785 1785 1785 1785 1785 1785 1785 1776 1776
    1776 1776 3948 3948 3994 3994 3994 3948 3948 3948 3948 3948 3948
    3037 3037 1804 1804 1794 1794 1804 1794 1794 1794 1794 1794 1794
    1785 1785 1785 1785 1785 1785 1785 1785 1785 1785 1785 1785 1785
    1785 1794 1785 1785 1785 1785 1785 1785 1785 1785 1785 1785 1776
    1776 1785 3948 3948 3994 3994 3994 3948 3948 3948 3948 3948 3948
    3037 3037 1813 1804 1794 1794 1794 1794 1794 1794 1794 1794 1785
    1785 1785 1785 1785 1785 1785 1785 1785 1785 1785 1785 1785 1785
    1785 1785 1785 1785 1785 1785 1785 1785 1785 1776 1776 1785 1785
    1785 1785 1785 3994 3994 3948 3948 3948 3948 3994 3994 3948 3948
    3037 3037 1794 1794 1794 1794 1794 1804 1804 1794 1794 1794 1785
    1785 1785 1785 1785 1794 1785 1785 1785 1785 1785 1785 1785 1785
    1785 1785 1785 1785 1785 1785 1785 1785 1785 1776 1776 1785 1785
    1776 1776 1785 1785 3948 3948 3948 3948 3994 3994 3994 3948 3948
    3064 3092 3092 1776 1776 1785 1794 1804 1804 1804 1794 1794 1785
    1785 1785 1794 1794 1794 1785 1785 1785 1785 1785 1794 1785 1785
    1785 1785 1785 1785 1785 1785 1785 1785 1785 1776 1776 1785 1785
    1776 1776 1776 3903 3903 3903 3903 3948 3994 3948 3948 3903 3903
    3092 3092 3092 1776 1776 1785 1794 1794 1804 1804 1794 1794 1785
    1785 1785 1794 1794 1794 1794 1785 1785 1785 1785 1794 1785 1785
    1785 1785 1785 1785 1785 1785 1785 1785 1785 1785 1785 1785 1785
    1776 1776 1776 3692 3692 3692 3903 3994 3994 3948 3903 3903 3903
    3092 3064 3064 3064 1785 1785 1785 1794 1794 1794 1794 1794 1785
    1785 1794 1794 1794 1794 1794 1785 1785 1785 1785 1785 1785 1785
    1785 1785 1785 1785 1785 1785 1785 1785 1785 1785 1785 1785 1785
    1776 1776 1776 1776 3692 3692 3692 3994 3948 3948 3903 3903 3903
    3092 3064 3064 3064 1794 1785 1785 1785 1794 1794 1794 1794 1794
    1794 1794 1794 1794 1785 1785 1785 1785 1785 1785 1785 1785 1785
    1785 1785 1785 1785 1785 1785 1785 1785 1785 1785 1785 1785 1785
    1776 1776 1776 1776 1776 3692 3692 3994 3948 3948 3903 3903 3903
    3092 3037 3037 3037 1794 1785 1785 1785 1785 1785 1785 1785 1785
    1794 1794 1794 1794 1785 1785 1785 1785 1785 1785 1785 1785 1785
    1785 1785 1785 1785 1785 1785 1785 1785 1785 1785 1776 1776 1785
    1785 1776 1776 1776 1776 1776 1776 3994 3948 3948 3948 3903 3903
    3092 3037 3037 3037 1794 1785 1785 1794 1785 1785 1785 1785 1785
    1785 1785 1794 1794 1794 1785 1785 1785 1785 1785 1785 1785 1785
