<?xml version="1.0"?>
<opencv_storage>
<Depth16382 type_id="opencv-matrix">
  <rows>14</rows>
  <cols>31</cols>
  <dt>w</dt>
  <data>
    3149 3149 3120 3120 3149 3149 3149 3120 3092 3064 3037 3037 3064
    3064 3092 3064 3037 3037 3010 3010 3037 3816 3774 3774 2984 2984
    3774 3774 3732 3732 2908 3149 3149 3120 3120 3149 3120 3120 3120
    3092 3064 3037 3037 3037 3037 3064 3010 3010 3010 3010 3010 2958
    2958 2958 2958 2958 2984 2933 2933 2908 2908 2908 3149 3149 3149
    3120 3120 3120 3120 3092 3092 3064 3037 3037 3037 3037 3037 3010
    3010 3010 3010 3010 2958 2958 2958 2933 2933 2933 2933 2933 2908
    2908 2908 3149 3149 3149 3120 3120 3120 3120 3092 3092 3064 3064
    3037 3037 3037 3010 3010 3010 3010 3010 3010 2958 2958 2933 2933
    2933 2933 2933 2933 2933 2933 2908 3149 3149 3149 3149 3120 3120
    3120 3092 3092 3092 3064 3064 3037 3037 3010 3010 3010 3010 3010
    3010 2958 2958 2933 2933 2933 2933 2908 2908 2908 2908 2908 3149
    3149 3149 3149 3120 3120 3092 3092 3092 3092 3092 3064 3037 3037
    3010 3010 3010 3010 3010 2984 2958 2958 2933 2933 2933 2908 2908
    2908 2908 2908 2908 3149 3149 3149 3149 3120 3120 3092 3092 3092
    3092 3064 3064 3037 3037 3037 3037 3010 3010 2958 2958 2958 2958
    2933 2933 2933 2908 2908 2908 2933 2908 2908 3208 3149 3149 3149
    3120 3120 3092 3092 3092 3064 3064 3037 3037 3037 3037 3037 3010
    3010 2958 2958 2958 2958 2958 2933 2933 2933 2933 2933 2933 2908
    2908 3208 3149 3149 3149 3120 3120 3092 3092 3092 3064 3064 3037
    3037 3037 3037 3037 3010 3010 3010 2984 2984 2958 2958 2933 2933
    2933 2933 2933 2933 2908 2908 3149 3149 3120 3120 3120 3120 3120
    3120 3120 3092 3064 3037 3037 3037 3037 3037 3010 3010 3010 2984
    2984 2958 2958 2958 2958 2933 2933 2933 2908 2908 2908 3120 3120
    3120 3120 3120 3120 3120 3120 3120 3092 3064 3037 3037 3037 3037
    3037 3037 3010 3010 3010 2958 2933 2933 2933 2933 2933 2933 2908
    2908 2908 2908 3120 3120 3120 3120 3120 3120 3120 3149 3120 3092
    3037 3037 3037 3037 3037 3037 3037 3037 3037 3010 2933 2933 2933
    2908 2908 2908 2835 2835 2859 2908 2908 0 0 0 3120 3120 3120 0 0 0 0
    3037 3037 3010 3010 3010 3010 3037 3037 3037 3010 2933 2933 2933
    2908 2908 2908 2835 2835 2859 2883 2883 0 0 0 0 0 0 0 0 0 0 0 3037
    2984 2984 3010 3010 3037 3037 0 0 2933 2933 2933 2908 2908 0 0 0
    2883 2883 2883</data></Depth16382>
</opencv_storage>
