<?xml version="1.0"?>
<opencv_storage>
<Depth0782 type_id="opencv-matrix">
  <rows>50</rows>
  <cols>72</cols>
  <dt>w</dt>
  <data>
    3365 3365 3365 3365 1543 1536 1536 1529 1529 1523 1523 1529 1536
    1543 1543 1543 1536 1536 1536 1529 1529 1523 1523 1529 1529 1536
    3333 3333 3333 3300 3300 3300 3300 3300 3300 3300 3333 3238 3149
    3120 3120 3120 3238 3269 3269 3269 3269 3269 3269 3269 3269 3269
    3269 3269 3269 3269 3238 3238 3238 3238 3238 3238 3238 3238 3238
    3238 3238 3269 3269 3269 3269 3269 3365 3365 3365 3365 1543 1543
    1536 1536 1529 1529 1529 1536 1536 1529 1529 1529 1536 1536 1536
    1529 1523 1523 1523 1523 1523 1523 1523 1523 3333 3300 1529 1529
    1529 3300 3333 3300 3300 3238 3149 3064 3037 3037 3238 3269 3238
    3238 3238 3238 3238 3238 3238 3269 3269 3269 3238 3238 3238 3238
    3238 3238 3238 3238 3238 3238 3238 3238 3238 3238 3269 3269 3269
    3269 3365 3365 3365 3365 1543 1543 1536 1529 1529 1529 1529 1529
    1523 1523 1523 1523 1523 1529 1529 1523 1523 1523 1523 1523 1523
    1523 1523 1523 1523 1529 1529 1529 1529 1529 1529 1536 1529 1529
    1523 1523 1529 1529 1543 3269 1529 1529 1523 1523 3238 3238 3238
    3269 3269 3269 3238 3238 3238 3238 3238 3238 3238 3238 3238 3238
    3238 3238 3238 3238 3269 3269 3269 3269 3365 3365 3365 3365 1529
    1529 1529 1529 1529 1523 1523 1523 1523 1523 1523 1523 1523 1523
    1523 1523 1523 1523 1523 1523 1523 1516 1516 1516 1523 1523 1523
    1523 1523 1523 1523 1523 1523 1523 1523 1523 1523 1523 1523 1523
    1523 1523 1523 1523 1523 1523 1523 1523 1523 3269 3238 3238 3238
    3238 3238 3238 3238 3238 3238 3238 3238 3238 3238 3238 3238 3269
    3269 3269 3399 3399 3399 3399 1523 1523 1523 1523 1523 1523 1523
    1523 1523 1523 1516 1516 1523 1523 1523 1523 1516 1516 1516 1516
    1516 1516 1516 1516 1516 1516 1523 1523 1523 1523 1523 1523 1523
    1523 1523 1523 1523 1523 1523 1523 1523 1523 1523 1523 1523 1523
    1523 1523 1523 1523 1516 1516 1516 1523 1523 1523 1523 3238 3238
    3238 3238 3238 3208 3208 3238 3269 3269 3269 3399 3399 3399 1523
    1523 1516 1516 1523 1523 1523 1516 1516 1516 1516 1516 1516 1516
    1516 1516 1516 1516 1516 1516 1516 1516 1516 1516 1516 1516 1516
    1516 1516 1516 1516 1516 1523 1523 1516 1516 1516 1516 1516 1516
    1516 1516 1516 1516 1523 1516 1516 1516 1516 1516 1516 1516 1516
    1516 1516 1516 1523 1516 1516 1516 1516 1516 1516 1509 1509 1516
    3269 3300 3269 3399 3399 3399 1516 1516 1516 1516 1516 1516 1516
    1516 1516 1516 1516 1516 1516 1516 1516 1516 1516 1516 1516 1516
    1516 1516 1516 1516 1516 1516 1516 1516 1516 1509 1509 1509 1509
    1516 1516 1516 1516 1516 1516 1516 1516 1516 1516 1516 1516 1516
    1516 1516 1516 1516 1516 1516 1516 1516 1516 1516 1516 1516 1516
    1516 1509 1509 1516 1509 1509 1509 1509 1509 3269 3399 3399 3399
    1516 1516 1516 1516 1516 1516 1516 1516 1516 1516 1516 1516 1516
    1516 1516 1509 1509 1516 1516 1516 1516 1516 1516 1516 1516 1516
    1516 1516 1509 1509 1509 1509 1509 1509 1509 1509 1509 1509 1509
    1509 1509 1516 1516 1516 1516 1509 1509 1516 1516 1516 1516 1516
    1516 1516 1516 1516 1516 1516 1509 1509 1509 1509 1516 1516 1516
    1509 1509 1509 3300 3399 3399 3399 3399 1516 1516 1509 1509 1509
    1509 1509 1503 1503 1509 1509 1509 1509 1509 1509 1509 1503 1503
    1509 1509 1509 1509 1509 1509 1509 1509 1509 1509 1509 1503 1503
    1509 1509 1509 1509 1503 1503 1503 1503 1503 1503 1509 1509 1509
    1503 1503 1509 1509 1516 1509 1509 1509 1509 1509 1509 1509 1509
    1509 1509 1509 1509 1516 1509 1509 1509 1509 1509 3333 3399 3399
    3399 0 1516 1516 1509 1509 1509 1509 1503 1503 1503 1503 1503 1509
    1509 1509 1503 1503 1503 1503 1503 1503 1503 1503 1503 1503 1503
    1509 1503 1503 1503 1503 1503 1503 1503 1509 1509 1503 1503 1503
    1496 1496 1503 1503 1503 1503 1503 1503 1503 1503 1509 1503 1503
    1503 1503 1509 1509 1509 1509 1509 1509 1503 1503 1509 1503 1503
    1503 1503 1503 3269 3433 3433 3433 1509 1509 1509 1509 1509 1509
    1509 1503 1496 1496 1496 1503 1503 1503 1503 1503 1496 1496 1496
    1503 1503 1503 1503 1503 1496 1496 1503 1496 1496 1503 1496 1496
    1503 1503 1496 1496 1503 1496 1496 1496 1496 1496 1496 1503 1503
    1503 1503 1496 1496 1503 1503 1503 1503 1503 1503 1503 1496 1496
    1503 1503 1503 1503 1503 1496 1496 1496 1496 1496 3269 3433 3433
    3433 1509 1509 1509 1503 1503 1503 1503 1503 1496 1496 1496 1503
    1503 1503 1503 1496 1496 1496 1496 1496 1496 1503 1503 1496 1496
    1496 1496 1496 1496 1496 1496 1496 1496 1503 1496 1496 1496 1496
    1496 1496 1496 1496 1496 1496 1503 1503 1496 1496 1496 1503 1503
    1503 1496 1496 1496 1496 1496 1496 1496 1496 1496 1496 1496 1496
    1489 1489 1496 1496 3468 3468 3468 3468 1503 1503 1503 1503 1503
    1503 1503 1496 1496 1496 1496 1496 1496 1503 1496 1496 1496 1496
    1496 1496 1496 1496 1496 1496 1496 1496 1496 1496 1496 1496 1496
    1496 1496 1496 1496 1496 1496 1496 1496 1496 1489 1489 1496 1496
    1496 1496 1496 1496 1496 1496 1496 1496 1496 1496 1496 1496 1496
    1496 1496 1496 1496 1496 1489 1489 1489 1489 1496 1496 3468 3399
    3399 3399 1503 1496 1496 1496 1496 1496 1496 1496 1496 1496 1496
    1496 1496 1496 1496 1489 1489 1489 1489 1489 1496 1496 1496 1496
    1496 1496 1489 1489 1489 1489 1496 1496 1496 1496 1496 1496 1496
    1496 1489 1489 1489 1489 1489 1496 1496 1496 1489 1489 1489 1489
    1489 1496 1496 1496 1489 1489 1489 1496 1496 1489 1489 1489 1489
    1489 1489 1489 1496 1496 3399 3399 3399 3399 1496 1496 1496 1496
    1496 1496 1496 1496 1496 1489 1489 1489 1496 1496 1489 1489 1489
    1489 1489 1489 1489 1489 1489 1489 1489 1489 1489 1489 1489 1489
    1489 1489 1496 1496 1496 1496 1489 1489 1489 1489 1489 1489 1489
    1489 1489 1489 1489 1489 1489 1489 1489 1489 1489 1489 1489 1489
    1489 1489 1489 1489 1489 1489 1489 1489 1489 1496 1496 1496 3399
    3399 3399 3399 1496 1489 1489 1489 1489 1489 1496 1489 1489 1489
    1489 1489 1489 1489 1489 1489 1489 1489 1489 1489 1489 1489 1489
    1489 1489 1489 1489 1489 1483 1483 1489 1489 1489 1489 1489 1489
    1489 1489 1489 1489 1489 1489 1489 1489 1489 1489 1489 1489 1489
    1489 1489 1489 1489 1489 1489 1489 1489 1489 1489 1489 1489 1489
    1489 1489 1489 1496 1496 3399 3399 3399 3399 1489 1489 1489 1489
    1489 1489 1489 1489 1489 1489 1489 1489 1489 1489 1489 1489 1489
    1489 1489 1489 1489 1489 1489 1489 1489 1489 1489 1489 1489 1483
    1483 1483 1483 1483 1489 1489 1489 1489 1489 1489 1489 1489 1489
    1489 1489 1489 1483 1483 1489 1483 1483 1483 1483 1483 1483 1489
    1489 1489 1489 1489 1489 1489 1489 1489 1483 1483 1483 3399 3399
    3399 3399 3399 1483 1483 1483 1483 1483 1489 1489 1489 1483 1483
    1489 1489 1489 1489 1483 1483 1489 1489 1489 1483 1483 1489 1489
    1489 1483 1483 1483 1483 1483 1483 1483 1477 1477 1477 1483 1483
    1489 1483 1483 1483 1483 1483 1483 1483 1483 1483 1477 1477 1483
    1483 1483 1483 1483 1483 1483 1483 1483 1483 1483 1483 1483 1483
    1483 1483 1483 1483 1483 3365 3365 3365 3433 1489 1489 1477 1477
    1477 1477 1483 1483 1483 1477 1477 1477 1483 1483 1483 1483 1483
    1483 1483 1483 1483 1483 1483 1483 1483 1477 1477 1483 1483 1483
    1483 1477 1477 1477 1477 1477 1477 1483 1483 1483 1483 1477 1477
    1477 1477 1477 1477 1477 1477 1477 1483 1483 1483 1477 1477 1477
    1477 1477 1477 1483 1483 1483 1483 1483 1483 1477 1470 1470 1470
    3365 3365 3433 1489 1489 1477 1477 1477 1477 1477 1477 1477 1477
    1477 1470 1470 1477 1477 1470 1470 1470 1470 1477 1477 1483 1477
    1477 1477 1477 1477 1477 1477 1477 1477 1470 1470 1470 1470 1470
    1477 1477 1477 1477 1477 1477 1470 1470 1477 1477 1470 1470 1470
    1470 1477 1477 1477 1477 1477 1477 1477 1477 1477 1483 1483 1477
    1477 1477 1477 1470 1470 1470 0 0 0 3433 1483 1483 1470 1470 1470
    1470 1470 1477 1477 1477 1477 1470 1470 1477 1477 1470 1470 1470
    1470 1470 1470 1470 1470 1470 1470 1470 1470 1477 1477 1477 1470
