<?xml version="1.0"?>
<opencv_storage>
<Depth19920 type_id="opencv-matrix">
  <rows>78</rows>
  <cols>79</cols>
  <dt>w</dt>
  <data>
    4089 4089 4089 4139 4139 4190 4190 4241 4241 4241 4241 4241 4295
    4295 948 946 946 946 943 943 943 946 4522 4522 4522 4522 4522 4522
    4522 4522 4522 4582 4582 4582 4582 4582 4582 4582 4645 4708 4708
    4708 4708 4708 4708 4774 4774 4774 4774 4774 4842 4842 4842 4911
    4911 4911 4911 4983 4983 4983 4983 5056 5056 5132 5132 5132 5132
    5210 5210 5210 5210 5210 5210 5210 5210 5210 5210 5291 5374 4089
    4089 4089 4139 4139 4190 4190 4241 4241 4241 4241 4241 948 946 946
    946 946 946 943 943 943 946 946 956 954 954 4522 4522 4522 959 959
    4582 4582 4582 4582 940 940 4582 4645 4708 4708 4708 4645 4645 4708
    4708 4774 4774 4774 4774 4842 4842 4842 4911 4911 4911 4911 4911
    4911 4983 4983 5056 5056 5132 5132 5132 5132 5210 5210 5210 5210
    5210 5210 5210 5210 778 776 776 776 4089 4089 4139 4139 4190 4190
    4241 4241 4241 4241 4241 948 948 946 946 946 943 943 943 943 943 946
    946 956 954 954 954 951 946 946 943 938 938 938 938 938 938 4708
    4708 4774 4708 4708 4645 4645 4645 4708 4708 4708 4774 4774 4774
    4842 4842 4842 4842 4842 4911 4911 4911 4983 4983 5056 5056 5210
    5132 5132 5132 5210 5210 5210 5210 785 781 780 780 778 776 776 776
    4089 4089 4139 4190 4190 4241 4241 4241 4241 4241 951 948 948 946
    946 946 943 943 943 943 943 946 954 954 954 951 951 948 943 943 940
    938 938 938 938 935 933 933 903 903 903 4645 4645 889 889 4708 4708
    4708 4774 4774 4774 4842 4774 4774 4774 4842 4842 4911 4911 5056
    5056 5056 5056 5132 5210 5210 5210 5210 5210 781 781 781 781 780 780
    778 778 776 776 4089 4089 4139 4190 4190 4241 4241 4241 4241 951 948
    948 946 946 943 943 943 943 946 946 948 951 954 951 951 948 946 943
    940 938 935 935 933 930 930 930 920 920 903 903 903 903 903 882 880
    880 864 864 864 860 858 858 858 4774 4774 4774 4842 4911 4911 5056
    5056 5056 5056 5132 5210 5210 5210 5210 783 781 781 781 780 780 778
    778 776 774 774 4089 4089 4139 4190 4190 4241 4241 951 948 948 948
    946 946 946 943 943 946 946 948 951 954 954 951 951 948 946 946 943
    940 938 933 933 930 925 918 918 825 825 823 823 903 867 867 871 873
    867 862 860 860 856 854 847 847 849 833 833 833 833 825 825 825 825
    821 821 821 5210 5210 783 783 783 781 781 780 780 778 776 774 773
    771 4089 4089 4139 4190 951 951 951 948 948 946 946 946 946 946 943
    943 948 954 956 954 954 954 951 946 946 943 943 940 938 938 933 851
    851 915 910 823 821 819 819 819 867 867 867 869 802 798 798 854 843
    841 839 835 833 833 829 829 827 825 819 819 819 819 819 819 821 792
    789 783 783 783 781 781 780 780 778 773 769 769 769 4089 4089 4139
    4190 951 951 948 948 946 946 946 946 946 946 946 948 956 956 956 956
    954 885 885 943 943 940 938 933 933 933 849 849 847 841 841 821 819
    817 817 817 867 867 867 867 802 796 790 787 787 835 835 833 831 831
    823 823 825 823 819 815 811 811 794 790 790 789 789 785 785 783 781
    781 780 778 774 767 767 766 766 4089 4089 4139 4190 951 951 948 948
    946 946 946 946 946 948 951 954 956 954 954 887 885 885 885 940 938
    873 864 860 860 928 849 849 847 827 821 819 817 815 815 813 813 867
    864 864 858 796 789 787 787 835 833 831 827 819 819 821 821 821 819
    811 800 798 794 789 789 787 785 783 783 783 781 781 778 774 773 767
    767 766 766 4041 4089 959 951 951 951 948 948 946 946 946 948 948
    948 946 946 948 951 889 887 885 885 885 938 930 864 862 858 858 928
    898 894 825 823 819 817 815 813 811 807 802 798 798 792 792 854 785
    785 787 764 759 754 752 752 819 819 819 749 749 749 796 794 792 789
    789 787 785 783 783 781 776 776 774 773 773 771 769 769 769 959 954
    954 951 951 948 948 946 946 943 943 946 943 943 938 938 938 885 885
    887 887 887 882 878 871 862 860 856 856 856 829 825 823 823 817 815
    811 811 809 803 800 796 792 783 781 780 780 766 761 759 757 752 750
    750 819 817 817 747 747 749 792 792 790 789 789 787 785 783 781 781
    774 773 773 773 773 771 771 771 771 956 951 948 948 948 948 946 946
    940 940 938 938 938 938 935 935 933 885 885 887 889 889 882 878 871
    862 860 854 854 831 827 825 823 821 815 813 809 809 805 802 798 796
    792 781 776 769 766 764 761 757 755 752 750 749 749 749 749 747 747
    749 750 790 790 789 789 787 787 783 781 781 774 773 773 773 771 769
    769 769 769 956 951 948 946 946 946 940 940 940 935 933 933 933 933
    933 933 918 910 903 898 898 894 889 882 873 869 869 854 854 821 821
    823 823 821 815 811 807 807 803 800 798 796 792 776 773 769 766 764
    759 755 752 750 750 749 749 749 749 747 747 749 750 750 790 789 787
    754 754 754 754 774 774 762 762 769 769 767 767 767 767 956 951 948
    946 946 943 938 938 935 933 930 930 930 930 928 928 915 910 906 901
    898 896 891 885 880 880 880 856 856 821 819 819 825 823 815 811 807
    805 802 800 798 798 766 766 766 769 766 764 754 752 752 750 750 749
    749 749 747 747 747 750 750 750 752 752 754 754 754 754 755 755 757
    761 761 764 766 766 767 767 767 956 951 951 946 943 940 938 935 933
    930 930 928 928 925 920 920 913 908 903 901 898 894 889 885 880 873
    873 858 858 854 819 819 833 831 825 811 805 805 802 800 800 798 762
    761 761 769 769 766 752 752 752 752 750 750 750 749 746 746 747 750
    750 752 752 752 752 754 754 754 755 755 757 759 759 761 762 762 766
    766 766 3903 951 948 946 940 938 933 933 930 928 928 925 923 920 918
    918 913 906 901 901 896 894 889 882 878 867 862 858 856 851 847 841
    839 833 829 829 805 805 803 802 800 800 762 761 761 776 776 769 752
    752 752 752 750 750 750 747 746 746 747 750 750 752 752 752 752 754
    754 754 755 755 757 759 759 761 762 762 764 764 766 3903 951 946 943
    938 933 930 930 928 928 925 923 918 918 918 918 910 906 901 898 896
    894 885 873 864 864 860 858 851 849 847 841 839 833 833 803 803 807
    805 803 802 798 764 764 778 778 776 773 759 754 752 752 750 750 749
    746 746 747 747 750 752 752 752 752 754 754 754 755 755 757 757 759
    761 761 762 762 764 764 764 3903 951 946 940 938 933 930 928 925 923
    923 920 918 918 915 915 910 906 901 898 896 891 885 869 860 858 856
    854 849 847 847 841 837 835 802 802 803 805 805 803 800 796 794 783
    780 778 776 773 767 757 754 754 752 750 749 746 746 747 749 752 752
    752 752 752 754 754 754 755 757 759 759 759 759 761 761 762 764 764
    764 954 951 946 940 938 933 930 928 925 920 920 920 915 915 913 913
    910 903 901 898 896 891 867 867 860 856 854 851 849 847 847 841 837
    802 802 802 803 803 802 800 796 794 790 781 778 776 773 771 767 764
    757 754 752 750 749 746 746 747 752 752 754 754 754 754 754 754 754
    755 757 759 759 759 759 761 761 762 764 764 764 948 948 946 940 938
    933 930 928 925 920 920 920 910 910 910 908 908 903 901 898 896 891
    862 860 858 856 851 851 849 847 847 841 837 802 802 803 802 802 800
    798 794 792 785 780 776 776 773 771 767 766 761 757 752 750 749 749
    747 747 754 754 754 754 754 754 754 754 754 754 757 759 759 761 761
    761 761 762 762 762 764 948 948 946 940 938 935 930 928 925 920 920
    920 910 910 910 908 908 903 901 898 896 889 860 858 856 856 851 851
    849 847 845 843 837 803 802 802 800 800 796 794 792 790 783 780 776
    774 773 767 766 764 761 757 754 750 750 750 750 750 754 754 754 754
    754 754 754 754 754 754 757 759 759 761 761 761 762 762 762 762 764
    946 948 946 940 938 935 930 928 925 923 920 920 913 913 910 908 906
    903 901 898 894 889 860 858 856 856 851 851 849 847 845 845 807 802
    802 802 800 800 796 794 790 783 783 780 776 774 773 767 764 764 761
    757 754 752 752 752 752 752 754 754 754 754 754 754 754 754 755 755
    757 759 759 761 761 761 762 762 762 762 762 946 946 943 940 938 935
    930 928 925 923 920 918 913 913 908 906 906 903 901 898 894 862 858
    856 854 854 854 851 849 847 845 845 805 802 802 802 800 800 796 794
