<?xml version="1.0"?>
<opencv_storage>
<Depth18321 type_id="opencv-matrix">
  <rows>94</rows>
  <cols>75</cols>
  <dt>w</dt>
  <data>
    4295 4295 4295 4295 4295 4241 4241 4241 4241 4241 4241 4241 4241
    4241 4241 4241 4241 4295 4295 4295 4295 4295 4295 4295 4241 4241
    4241 4241 4241 4241 4295 4295 4295 4295 4241 4241 4241 4241 4295
    4349 1054 1044 1044 1044 1047 1070 1070 1070 1070 1067 1063 1063
    1063 1063 1063 1063 1060 1060 1060 1057 1057 1057 1057 4139 4139
    4139 4139 4139 4139 4139 4139 4139 4139 4089 4089 4295 4295 4295
    4295 4295 4295 4241 4241 4241 4241 4241 4241 4241 4241 4241 4241
    4241 4295 4295 4295 4295 4295 4295 4295 4241 4241 4241 4241 4241
    4241 4295 4295 4295 4241 4241 4241 4241 4241 4241 1054 1054 1047
    1047 1047 1054 1067 1070 1070 1067 1067 1063 1063 1063 1063 1063
    1063 1063 1060 1060 1057 1057 1057 0 4190 4190 4190 4139 4139 4139
    4139 4139 4139 4139 4089 4089 4241 4241 4295 4295 4295 4295 4241
    4241 4295 4241 4241 4241 4241 4241 4241 4241 4241 4295 4295 4295
    4295 4295 4295 4295 4295 4241 4241 4241 4241 4241 4295 4295 4241
    4241 4241 1077 1077 1070 1070 1067 1057 1057 1057 1063 1067 1067
    1067 1067 1067 1067 1063 1063 1063 1060 1060 1063 1063 1063 1060
    1057 1057 1057 0 0 4190 4190 4139 4139 4139 4139 4139 4139 4139 4089
    4089 4241 4241 4295 4295 4295 4295 4295 4295 4295 4241 4241 4241
    4241 4241 4241 4241 4241 4295 4295 4295 4295 4295 4295 4241 4241
    4241 4241 4241 4241 1087 1080 1060 1060 1060 1077 1073 1073 1070
    1070 1067 1063 1063 1063 1067 1067 1070 1067 1067 1067 1067 1063
    1063 1063 1060 1060 1060 1063 1063 1060 1060 1060 1060 0 0 4190 4190
    4139 4139 4139 4139 4139 4139 4139 4139 4139 4295 4295 4295 4241
    4241 4241 4241 4241 4241 4241 4241 4241 4241 4241 4241 4241 4241
    4295 4241 4241 4241 4241 4241 4241 4241 4241 4295 4241 1084 1084
    1080 1060 1060 1060 1067 1070 1070 1070 1070 1070 1070 1067 1067
    1070 1070 1070 1067 1067 1067 1067 1063 1063 1060 1060 1060 1060
    1060 1063 1063 1060 1060 0 0 0 4190 4190 4139 4139 4139 4139 4139
    4139 4139 4139 4139 4295 4241 4241 4241 4241 4241 4241 4241 4241
    4241 4241 4241 4190 4190 4190 4241 4241 4241 4241 4241 4241 4190
    4190 4241 4241 1080 1080 1080 1080 1080 1077 1077 1067 1067 1067
    1070 1070 1070 1070 1070 1070 1070 1070 1070 1070 1070 1067 1067
    1067 1067 1067 1067 1060 1060 1060 1060 1060 1063 1063 1063 1063 0 0
    0 4089 4089 4089 4139 4139 4139 4139 4139 4139 4139 4139 4241 4241
    4241 4190 4190 4241 4241 4241 4241 4241 4241 4241 4190 4190 1097
    1094 1094 1090 1084 1084 1084 1080 1080 1080 1080 1077 1077 1077
    1077 1080 1077 1077 1073 1070 1070 1070 1070 1070 1070 1070 1070
    1070 1070 1070 1070 1070 1067 1067 1067 1067 1067 1067 1063 1060
    1060 1060 1060 1063 1063 1063 1063 0 0 0 0 4089 4089 4139 4139 4139
    4139 4139 4139 4139 4139 4241 4241 4190 4190 1105 1097 1094 1094
    1094 4295 4295 1094 1094 1094 1094 1090 1090 1084 1084 1084 1084
    1080 1080 1080 1080 1077 1077 1077 1077 1077 1077 1080 1077 1073
    1070 1070 1070 1070 1070 1070 1070 1070 1070 1070 1070 1070 1067
    1067 1067 1067 1067 1067 1063 1060 1060 1060 1060 1060 1063 1063
    1060 1060 1060 0 4139 4139 4139 4139 4139 4139 4139 4139 4139 4139
    4139 4241 4241 4190 1101 1101 1097 1094 1094 1094 1090 1090 1090
    1090 1087 1087 1087 1087 1084 1084 1084 1084 1084 1080 1080 1080
    1080 1077 1077 1077 1077 1077 1077 1077 1077 1073 1070 1070 1070
    1070 1070 1070 1070 1070 1070 1070 1070 1067 1067 1067 1067 1067
    1067 1067 1063 1060 1060 1060 1060 1063 1060 1060 1060 1060 0 0 0
    4139 4139 4139 4139 4139 4139 4139 4139 4139 1094 1094 1094 1094
    1094 1094 1094 1090 1090 1090 1090 1090 1090 1087 1087 1087 1087
    1084 1084 1084 1084 1080 1080 1080 1080 1080 1077 1077 1077 1077
    1077 1077 1077 1073 1073 1070 1070 1073 1073 1070 1070 1070 1070
    1070 1070 1070 1067 1067 1063 1063 1067 1067 1067 1063 1063 1063
    1063 1063 1063 1060 1060 1060 1060 0 0 0 4139 4139 4139 4139 4139
    4139 4139 4139 4139 0 0 1094 1090 1090 1090 1090 1090 1090 1090 1087
    1087 1087 1087 1087 1087 1087 1084 1084 1084 1084 1080 1080 1080
    1080 1080 1080 1077 1077 1077 1080 1077 1077 1073 1073 1070 1070
    1073 1073 1073 1070 1070 1070 1070 1070 1070 1067 1067 1063 1063
    1067 1067 1067 1067 1067 1063 1063 1063 1063 1060 1060 1060 1060 0 0
    0 0 4190 4190 4139 4139 4139 4139 4139 4139 0 1094 1094 1090 1087
    1087 1090 1090 1090 1090 1087 1087 1087 1087 1087 1087 1087 1087
    1084 1084 1084 1080 1080 1080 1080 1080 1080 1077 1077 1080 1080
    1080 1077 1073 1073 1073 1073 1073 1073 1073 1073 1073 1070 1070
    1070 1070 1070 1067 1067 1067 1067 1067 1067 1067 1067 1067 1063
    1063 1063 1063 1063 1063 1063 1063 0 4295 4295 4190 4190 4139 4139
    4139 4139 4139 4089 1101 1101 1094 1090 1087 1087 1090 1090 1090
    1090 1087 1087 1087 1087 1087 1087 1087 1087 1084 1084 1084 1080
    1080 1080 1080 1080 1080 1080 1080 1080 1080 1080 1077 1077 1073
    1073 1073 1073 1073 1073 1073 1073 1070 1070 1070 1070 1070 1067
    1067 1067 1067 1067 1067 1070 1067 1067 1067 1067 1067 1063 1063
    1067 1067 0 0 0 4295 4190 4139 4139 4139 4139 4139 4139 4089 1094
    1094 1094 1090 1087 1087 1090 1090 1090 1090 1087 1087 1090 1087
    1087 1087 1087 1087 1084 1084 1084 1084 1084 1084 1084 1080 1080
    1080 1080 1080 1080 1080 1080 1077 1073 1073 1073 1073 1073 1073
    1073 1073 1073 1073 1073 1070 1070 1070 1067 1067 1067 1067 1067
    1070 1070 1070 1067 1067 1067 1067 1067 1067 1067 0 0 4241 4241 4190
    4139 4139 4139 4139 4139 4139 4139 1094 1094 1094 1090 1087 1087
    1090 1090 1090 1090 1087 1087 1090 1087 1087 1087 1087 1087 1087
    1084 1084 1084 1084 1084 1084 1084 1080 1080 1080 1080 1080 1080
    1080 1080 1077 1077 1073 1073 1073 1073 1073 1073 1073 1073 1073
    1070 1070 1070 1070 1067 1067 1067 1067 1070 1070 1070 1067 1067
    1067 1067 1067 1067 0 1063 0 0 4190 4139 4139 4139 4139 4139 4139
    4139 4139 1094 1090 1090 1090 1087 1087 1090 1090 1090 1090 1090
    1090 1090 1090 1087 1087 1087 1087 1087 1087 1084 1084 1084 1084
    1084 1084 1080 1080 1080 1080 1080 1080 1080 1080 1080 1077 1077
    1077 1077 1077 1077 1077 1073 1073 1073 1070 1070 1070 1070 1067
    1067 1067 1067 1070 1070 1070 1070 1070 1070 1067 1067 1063 1063
    1063 0 0 4190 4139 4139 4139 4139 4139 4139 4139 4139 1090 1090 1090
    1090 1090 1087 1087 1090 1090 1090 1090 1090 1094 1090 1087 1087
    1087 1087 1087 1087 1084 1084 1084 1084 1084 1080 1080 1080 1080
    1080 1080 1080 1080 1080 1080 1080 1077 1077 1077 1077 1077 1077
    1077 1073 1073 1073 1073 1070 1070 1070 1067 1067 1067 1070 1070
    1070 1070 1070 1070 1067 1067 1063 1063 1063 1060 0 0 4190 4190 4139
    4139 4139 4139 4139 4139 1090 1090 1090 1090 1090 1087 1087 1090
    1090 1090 1090 1090 1094 1090 1090 1087 1087 1087 1087 1087 1087
    1084 1084 1084 1084 1080 1080 1080 1080 1080 1080 1080 1080 1080
    1080 1080 1077 1077 1077 1077 1077 1077 1077 1077 1077 1077 1073
    1073 1070 1070 1070 1070 1070 1070 1070 1070 1070 1070 1070 1067
    1067 1063 1063 1060 1060 0 0 4190 4190 4139 4139 4190 4139 4139 4139
    1090 1090 1090 1090 1090 1090 1090 1090 1090 1090 1090 1090 1094
    1094 1090 1087 1087 1087 1087 1087 1087 1084 1084 1084 1084 1080
    1080 1080 1084 1080 1080 1080 1080 1080 1080 1080 1077 1077 1077
    1077 1080 1077 1077 1077 1077 1077 1073 1073 1073 1070 1070 1070
    1070 1070 1070 1070 1070 1070 1070 1070 1067 1067 1063 1060 1060 0 0
    4190 4190 4190 4190 4190 4139 4139 4139 1094 1094 1094 1090 1090
    1090 1090 1090 1090 1090 1090 1090 1094 1094 1094 1087 1087 1087
    1087 1087 1087 1084 1084 1084 1084 1084 1084 1084 1084 1084 1080
    1080 1080 1080 1080 1080 1077 1077 1077 1077 1080 1077 1077 1077
    1073 1073 1073 1073 1073 1070 1070 1070 1070 1073 1070 1070 1070
    1070 1070 1070 1067 1067 1063 1060 1060 1060 0 0 4190 4190 4190 4190
    4190 4139 4089 3365 1094 0 1094 1094 1094 1094 1094 1094 1090 1090
