<?xml version="1.0"?>
<opencv_storage>
<Depth3696 type_id="opencv-matrix">
  <rows>68</rows>
  <cols>65</cols>
  <dt>w</dt>
  <data>
    1601 1579 1579 1579 1579 1579 1586 1579 1579 1594 1586 1586 1601 0 0
    0 0 4983 4983 4983 4911 4911 4842 4842 5056 4983 4983 5056 5132 5291
    1688 1688 1688 1688 1688 1688 1688 5291 5291 5210 5210 5210 5210
    5210 5132 5132 5132 5132 5132 5132 5132 5132 5132 5132 5132 5132
    5056 5056 4983 4983 4983 4983 4911 4911 4911 1601 1586 1586 1586
    1579 1579 1586 1579 1579 1601 1601 0 0 0 0 0 0 4983 4983 1639 1639
    4842 4842 4842 4911 4911 4983 5056 5132 1671 1671 1680 1688 1688
    1680 1680 1680 5210 5210 5210 5210 5210 5210 5210 5132 5132 5132
    5132 5132 5132 5132 5132 5132 5132 5132 5132 5132 5056 5056 5056
    4983 4983 4911 4911 4911 1616 1601 1601 1594 1594 1594 1594 1594
    1594 1624 1639 0 0 0 0 0 0 0 1696 1639 1639 1655 1655 1655 4911 4911
    4983 1663 1663 1671 1671 1680 1688 1688 1680 1680 1696 1696 5210
    5210 5210 5210 5210 5210 5210 5132 5132 5132 5132 5132 5132 5132
    5132 5132 5132 5132 5132 5056 5056 4983 4983 4983 4983 4983 4983
    1624 1609 1601 1601 1594 1594 1594 1632 1632 1639 1639 1647 0 0 0 0
    0 0 1696 1647 1647 1647 1647 1647 1655 1655 1655 1663 1663 1663 1671
    1680 1680 1680 1680 1680 1688 1688 5210 5210 5210 5210 5210 5210
    5210 5210 5132 5132 5132 5132 5132 5132 5132 5132 5132 5132 5132
    5132 5132 4983 4983 4983 4983 4983 4983 1624 1616 1616 1601 1601
    1601 1639 1639 1639 1632 1632 1639 0 0 0 0 0 0 0 1647 1647 1647 1647
    1655 1655 1655 1655 1663 1663 1663 1671 1680 1680 1680 1680 1680
    1680 1688 1688 5291 5291 5210 5210 5210 5210 5210 5210 5210 5132
    5132 5132 5132 5132 5132 5132 5132 5132 5132 5132 5056 4983 4983
    4983 4983 4911 1632 1624 1624 1624 1624 1624 1639 1639 1639 1632
    1632 1639 0 0 0 0 0 0 0 1647 1647 1647 1647 1655 1655 1655 1655 1663
    1663 1671 1680 1680 1680 1680 1680 1680 1680 1680 1680 5291 5291
    5291 5291 5291 5291 5291 5210 5210 5210 5210 5210 5210 5132 5132
    5132 5132 5132 5132 5132 5056 4983 4983 4983 4983 4911 1639 1639
    1655 1655 4582 4582 0 0 0 0 0 0 0 0 0 0 0 0 0 1632 1655 1655 1655
    1655 1655 1655 1655 1663 1663 1671 1680 1680 1680 1671 1671 1671
    1671 1680 1680 1680 5291 5210 5210 5291 5291 5291 5210 5210 5210
    5210 5210 5210 5210 5210 5132 5132 5132 5132 5132 5056 5056 4983
    4983 4983 4983 1663 1663 1663 4405 4582 4582 0 0 0 0 0 0 0 0 0 0
    1632 1632 1632 1632 1632 1655 1655 1655 1647 1647 1655 1663 1663
    1671 1680 1680 1680 1671 1671 1671 1671 1680 1680 1680 5210 5210
    5210 5210 5291 5291 5210 5210 5210 5210 5210 5210 5210 5210 5132
    5132 5132 5132 5132 5056 5056 5056 4983 4983 4983 4463 4349 4349
    4405 4522 4522 4582 0 0 0 0 0 0 0 0 0 1632 1632 1632 1632 1632 1647
    1647 1655 1647 1647 1655 1663 1663 1671 1671 1671 1680 1680 1680
    1671 1671 1680 1680 1688 1688 5210 5210 5210 5210 5210 5210 5291
    5291 5210 5210 5210 5210 5210 5132 5132 5132 5132 5132 5132 5056
    5056 4983 4983 4983 4463 4405 4405 4522 4522 4522 4582 0 0 0 0 0 0 0
    0 0 1624 1624 1624 1632 1632 1639 1647 1647 1655 1655 1655 1655 1663
    1663 1663 1671 1671 1680 1680 1680 1680 1680 1688 1688 1688 5132
    5132 5132 5210 5210 5210 5291 5291 5210 5210 5210 5210 5210 5210
    5132 5132 5132 5132 5132 5132 5056 5056 5056 5056 4463 4463 4463
    4463 4463 4463 4522 4522 0 0 0 0 0 1624 1624 1624 1624 1624 1624
    1632 1632 1639 1639 1647 1647 1655 1655 1655 1655 1655 1663 1663
    1663 1671 1680 1688 1688 1688 1688 1688 1696 1696 5132 5132 5210
    5291 5291 5291 5291 5291 5291 5210 5210 5210 5210 5210 5210 5132
    5132 5132 5132 5056 5056 5056 5056 4405 4405 4405 4405 4463 4463
    4522 4522 0 0 0 0 1632 1609 1609 1609 1616 1616 1632 1632 1632 1639
    1639 1647 1647 1647 1655 1655 1655 1655 1663 1663 1663 1671 1680
    1680 1680 1688 1688 1688 1696 1696 1696 5210 5210 5291 5291 5374
    5291 5291 5291 5210 5210 5210 5210 5210 5210 5132 5132 5132 5132
    5132 5056 5056 5056 4405 4349 4349 4349 4349 4349 1594 1594 0 0 1609
    1601 1601 1609 1609 1609 1616 1616 1632 1632 1632 1639 1639 1639
    1639 1647 1647 1655 1655 1655 1663 1663 1663 1671 1680 1680 1680
    1680 1688 1688 1696 1696 1696 1696 5374 5291 5291 5291 5291 5291
    5291 5210 5210 5210 5210 5210 5210 5210 5210 5132 5132 5132 5132
    5132 5132 4405 4349 4349 4349 4349 0 1594 1594 0 1616 1609 1601 1601
    1601 1609 1609 1616 1624 1632 1632 1632 1632 1639 1639 1639 1639
    1647 1655 1655 1655 1663 1663 1663 1663 1671 1671 1680 1680 1688
    1688 1696 1696 1688 1688 1688 5291 5291 5291 5291 5291 5291 5210
    5210 5210 5210 5210 5210 5210 5210 5132 5132 5132 5132 5132 5132
    4405 4405 4349 4349 4349 1579 1594 1594 1594 1601 1601 1601 1601
    1601 1609 1609 1616 1624 1624 1632 1632 1632 1639 1639 1639 1639
    1647 1647 1655 1655 1663 1663 1663 1663 1671 1671 1671 1680 1680
    1688 1696 1696 1688 1688 1688 5291 5291 5291 5291 5291 5291 5291
    5291 5291 5291 5210 5210 5210 5132 5132 5132 5132 5132 5132 5132
    4405 4405 4405 4405 1579 1579 1579 1579 1586 1594 1601 1601 1601
    1601 1609 1609 1616 1624 1624 1632 1632 1632 1639 1639 1639 1639
    1647 1647 1655 1655 1663 1663 1663 1663 1663 1671 1671 1680 1680
    1688 1688 1696 1696 1696 1696 1696 5291 5291 5291 5291 5291 5291
    5291 5291 5291 5210 5210 5210 5132 5132 5132 5132 5132 5132 5056
    4405 4405 4463 4463 1579 1579 1579 1579 1586 1594 1601 1601 1601
    1609 1609 1609 1616 1616 1624 1624 1632 1632 1639 1639 1639 1639
    1647 1655 1655 1655 1655 1663 1663 1663 1663 1671 1671 1680 1680
    1688 1688 1696 1696 1696 1696 1696 1696 5291 5291 5291 5291 5291
    5291 5291 5291 5291 5210 5210 5210 5132 5132 5132 5132 5132 5056
    4405 4405 1579 1579 1579 1579 1579 1586 1594 1594 1594 1601 1601
    1601 1609 1609 1609 1616 1624 1624 1624 1632 1639 1639 1639 1639
    1647 1655 1655 1655 1655 1663 1663 1663 1663 1671 1671 1680 1680
    1688 1688 1688 1696 1696 1696 1696 1696 5291 5291 5291 5291 5291
    5291 5291 5291 5291 5210 5210 5210 5210 5132 5132 5132 5132 5056
    4463 1601 1579 1579 1586 1586 1586 1594 1594 1594 1594 1601 1601
    1601 1601 1609 1609 1616 1616 1624 1624 1632 1632 1639 1639 1639
    1647 1655 1655 1655 1655 1663 1663 1663 1663 1671 1680 1680 1688
    1688 1688 1688 1696 1696 1696 1696 1696 1696 5291 5291 5291 5291
    5291 5291 5291 5291 5210 5210 5210 5210 5210 5132 5132 5132 5056
    1601 1601 1579 1579 1586 1586 1586 1594 1594 1594 1594 1601 1601
    1601 1601 1601 1609 1616 1616 1624 1624 1632 1632 1639 1639 1639
    1639 1647 1655 1655 1655 1663 1663 1663 1663 1671 1680 1680 1688
    1688 1688 1688 1688 1696 1696 1696 1696 1696 1696 5374 5210 5210
    5210 5374 5291 5291 5210 5210 5210 5210 5210 5132 5056 5056 5056
    1601 1601 1594 1594 1594 1586 1586 1594 1594 1594 1601 1601 1601
    1601 1601 1601 1609 1609 1616 1624 1624 1632 1632 1639 1639 1639
    1639 1639 1655 1655 1655 1663 1663 1671 1671 1671 1680 1680 1688
    1688 1688 1688 1688 1696 1696 1696 1696 1696 1696 5210 5210 5210
    5210 5374 5374 5291 5291 5291 5210 5210 5210 5132 5056 5056 5132
    1647 1609 1609 1594 1594 1586 1586 1586 1594 1594 1601 1601 1601
    1601 1601 1601 1601 1609 1616 1616 1624 1624 1632 1632 1632 1639
    1639 1639 1647 1647 1655 1655 1663 1671 1671 1680 1680 1680 1688
    1688 1688 1688 1688 1696 1696 1696 1696 1696 1705 1705 5291 5291
    5291 5374 5374 5291 5291 5291 5291 5210 5210 5132 5132 5132 5132
    1647 1624 1624 1601 1594 1586 1586 1586 1594 1594 1601 1601 1601
    1601 1601 1601 1601 1609 1616 1616 1624 1624 1624 1632 1632 1639
    1639 1639 1647 1647 1655 1655 1655 1663 1663 1671 1680 1680 1688
    1688 1688 1688 1688 1696 1696 1696 1696 1696 1705 1705 5291 5291
    5291 5291 5374 5374 5291 5291 5291 5210 5210 5210 5210 5210 5210
    1647 1632 1632 1616 1601 1594 1594 1594 1594 1594 1594 1594 1601
    1601 1601 1601 1601 1609 1616 1616 1624 1624 1624 1624 1632 1639
    1639 1647 1647 1647 1655 1655 1655 1663 1663 1671 1680 1680 1680
