<?xml version="1.0"?>
<opencv_storage>
<Depth17395 type_id="opencv-matrix">
  <rows>96</rows>
  <cols>68</cols>
  <dt>w</dt>
  <data>
    3816 3816 3816 3816 3816 3774 3774 3774 3774 3774 3732 3732 3732
    3653 3653 3653 3653 3653 3653 3653 3653 3653 3614 3614 3614 3576
    3576 3576 3576 3539 3539 3539 3503 3468 3399 3399 3433 3433 3468
    3468 3433 3433 3399 3399 3399 3399 3399 3365 3365 3365 3365 3333
    3300 1145 1145 1145 1149 3300 3300 3269 3238 3238 3238 3238 3238
    3208 3208 3178 3816 3816 3816 3816 3816 3774 1185 1185 1185 1185
    3774 3732 3732 3653 1236 1232 1232 1232 1232 1227 1227 1227 1223
    1219 1219 3614 3614 3614 3539 3503 3503 3503 3468 3433 3399 3399
    3399 3433 3468 3468 3433 3433 3399 3399 3399 3399 3399 3399 3365
    3365 1169 1169 1149 1145 1145 1149 1149 1149 1149 1149 3238 3238
    3238 3238 3238 3208 3208 3208 3816 3816 3816 3816 3774 1185 1185
    1185 1181 1181 3732 1227 1227 1232 1232 1232 1232 1227 1223 1223
    1223 1219 1219 1214 1210 1202 1202 1202 1202 1197 1197 1193 1193
    1185 1185 1185 1185 3433 1189 1185 1181 1181 1181 1177 1177 1173
    1173 1169 1169 1165 1165 1157 1149 1145 1145 1149 1149 1149 1149
    1149 1153 3238 3238 3238 3238 3208 3208 3208 3816 3816 3816 3774
    3774 1185 1185 1185 1181 1181 1185 1193 1223 1223 1227 1227 1223
    1223 1219 1214 1214 1210 1210 1206 1193 1193 1197 1197 1193 1193
    1197 1193 1193 1185 1177 1177 1173 1169 1169 1173 1169 1169 1181
    1177 1173 1169 1169 1169 1165 1165 1157 1149 1145 1145 1145 1145
    1149 1149 1149 1153 1153 3269 3269 3238 3238 3208 3208 3208 3816
    3816 3732 3732 1189 1185 1185 1181 1181 1181 1181 1193 1206 1206
    1214 1223 1223 1223 1219 1214 1214 1210 1210 1206 1193 1193 1193
    1193 1185 1185 1141 1141 1141 1123 1123 1123 1126 1123 1123 1123
    1169 1119 1115 1112 1108 1108 1161 1161 1165 1165 1149 1145 1145
    1145 1130 1130 1141 1145 1149 1153 1153 1153 3208 3208 3208 3238
    3208 3208 3859 3859 1189 1189 1185 1181 1181 1181 1181 1181 1181
    1181 1177 1177 1169 1169 1165 1157 1157 1161 1161 1157 1149 1145
    1141 1138 1134 1134 1126 1126 1126 1123 1119 1115 1115 1119 1123
    1115 1115 1112 1108 1108 1105 1105 1097 1094 1094 1090 1087 1084
    1080 1080 1145 1145 1115 1115 1130 1138 1149 1149 1149 0 3208 3208
    3208 3238 3208 3208 3859 1189 1185 1185 1181 1177 1177 1173 1173
    1173 1173 1169 1165 1165 1165 1161 1153 1149 1149 1149 1145 1145
    1145 1138 1138 1134 1134 1134 1126 1126 1123 1119 1115 1112 1112
    1112 1112 1108 1108 1108 1105 1101 1097 1097 1090 1087 1087 1084
    1080 1080 1080 1080 1080 1087 1094 1105 1123 1130 1138 1145 1145 0
    3208 3208 3208 3238 3208 3208 3948 1189 1181 1181 1177 1173 1173
    1169 1169 1169 1165 1165 1165 1161 1161 1157 1149 1149 1145 1145
    1141 1141 1141 1138 1134 1134 1130 1130 1126 1123 1119 1115 1112
    1108 1108 1108 1108 1105 1105 1105 1101 1097 1094 1094 1087 1084
    1080 1080 1077 1077 1077 1077 1080 1084 1094 1105 1119 1130 1134
    1141 1141 1153 3238 3238 3238 3238 3238 3238 1197 1189 1181 1181
    1173 1169 1169 1165 1165 1165 1161 1161 1161 1161 1161 1153 1149
    1145 1145 1141 1141 1141 1138 1134 1134 1134 1130 1126 1126 1119
    1119 1115 1112 1108 1108 1108 1105 1105 1105 1101 1097 1094 1090
    1090 1084 1080 1080 1077 1077 1077 1077 1077 1080 1084 1097 1108
    1119 1126 1134 1141 1153 1153 3238 3238 3238 3238 3238 3238 1189
    1189 1181 1181 1173 1169 1169 1165 1165 1165 1161 1161 1161 1161
    1161 1153 1149 1145 1145 1141 1138 1138 1138 1134 1134 1134 1130
    1126 1126 1119 1119 1115 1112 1108 1108 1108 1105 1105 1101 1101
    1097 1094 1090 1090 1084 1080 1080 1077 1077 1077 1077 1077 1080
    1084 1097 1108 1119 1123 1138 1149 1153 1153 1153 3238 3238 3238
    3238 3238 1189 1189 1181 1181 1177 1173 1173 1165 1165 1165 1161
    1161 1161 1161 1157 1153 1149 1145 1141 1141 1138 1138 1138 1134
    1134 1134 1134 1130 1126 1119 1119 1115 1115 1108 1108 1108 1105
    1105 1101 1101 1097 1097 1090 1090 1087 1084 1080 1077 1077 1077
    1077 1077 1077 1087 1101 1108 1119 1123 1130 1149 1153 1153 0 3238
    3238 3238 3208 3208 1189 1189 1185 1181 1177 1177 1173 1169 1169
    1165 1161 1161 1161 1161 1157 1153 1149 1145 1141 1141 1141 1141
    1138 1138 1134 1134 1134 1130 1130 1123 1119 1119 1119 1112 1112
    1108 1105 1105 1105 1101 1097 1094 1094 1090 1090 1084 1080 1080
    1077 1077 1077 1077 1077 1087 1094 1112 1119 1123 1130 1141 1149
    1149 0 3238 3238 3238 3208 3208 1185 1185 1185 1181 1177 1177 1177
    1169 1169 1165 1161 1161 1161 1161 1161 1157 1149 1145 1145 1141
    1141 1141 1138 1138 1138 1134 1134 1130 1123 1123 1123 1119 1119
    1112 1112 1108 1105 1105 1105 1101 1097 1094 1094 1090 1090 1090
    1087 1080 1077 1077 1077 1080 1080 1084 1090 1108 1119 1123 1130
    1141 1149 1149 0 3238 3238 3238 3208 3208 1181 1181 1181 1181 1181
    1181 1177 1173 1169 1165 1161 1161 1161 1161 1161 1157 1149 1145
    1145 1145 1141 1141 1138 1138 1138 1134 1134 1130 1123 1123 1123
    1119 1119 1112 1112 1108 1108 1105 1105 1101 1101 1094 1094 1090
    1090 1090 1087 1084 1080 1077 1077 1080 1080 1084 1090 1108 1119
    1123 1130 1138 1149 0 0 0 3238 3238 3238 3208 1185 1181 1181 1181
    1181 1177 1177 1177 1173 1169 1165 1165 1161 1161 1161 1153 1149
    1145 1145 1145 1141 1141 1138 1138 1138 1134 1134 1134 1126 1123
    1123 1119 1119 1115 1112 1108 1108 1105 1105 1105 1101 1094 1094
    1090 1090 1090 1087 1087 1084 1080 1080 1080 1080 1087 1094 1105
    1115 1123 1130 1138 1149 0 0 0 3269 3238 3238 3238 1185 1181 1181
    1181 1181 1177 1177 1177 1173 1173 1165 1165 1161 1161 1161 1153
    1149 1149 1149 1145 1145 1141 1138 1138 1138 1134 1134 1134 1126
    1123 1119 1119 1115 1115 1112 1108 1108 1108 1105 1105 1101 1094
    1094 1090 1090 1087 1087 1087 1084 1080 1080 1080 1080 1087 1094
    1105 1112 1123 1130 1141 1149 0 0 0 3269 3238 3238 3238 1185 1185
    1185 1181 1181 1181 1177 1177 1173 1173 1169 1165 1161 1161 1161
    1153 1149 1149 1149 1145 1145 1141 1141 1138 1138 1134 1134 1134
    1130 1126 1119 1119 1115 1115 1112 1108 1108 1108 1108 1105 1101
    1094 1094 1090 1090 1087 1087 1087 1084 1080 1080 1080 1080 1087
    1094 1101 1108 1119 1130 1141 1145 0 0 0 3269 3238 3238 3238 1189
    1189 1185 1185 1185 1181 1181 1177 1177 1173 1169 1165 1161 1161
    1161 1153 1149 1149 1145 1145 1145 1141 1141 1138 1138 1134 1134
    1134 1130 1126 1123 1119 1119 1115 1115 1112 1108 1108 1105 1105
    1101 1097 1094 1094 1090 1090 1087 1084 1084 1080 1080 1080 1084
    1087 1094 1101 1108 1119 1134 1141 1145 0 0 0 3269 3238 3238 3238
    1189 0 1189 1189 1185 1181 1181 1177 1177 1173 1169 1165 1161 1161
    1161 1157 1153 1149 1145 1145 1145 1141 1141 1138 1138 1138 1134
    1130 1130 1126 1123 1123 1119 1115 1115 1112 1108 1108 1105 1105
    1101 1097 1094 1094 1090 1090 1087 1084 1084 1080 1080 1080 1084
    1084 1094 1105 1108 1119 1134 1145 1149 0 0 0 3269 3238 3238 3238 0
    0 1193 1193 1189 1181 1181 1177 1177 1177 1173 1165 1165 1161 1161
    1157 1153 1149 1149 1145 1145 1141 1141 1141 1138 1138 1134 1130
    1130 1126 1123 1123 1119 1115 1115 1112 1108 1108 1105 1105 1101
    1101 1097 1094 1094 1090 1087 1087 1084 1084 1084 1080 1080 1084
    1094 1105 1108 1119 1134 1145 1149 0 0 0 3269 3238 3238 3238 0 0
    1197 1193 1189 1181 1181 1177 1177 1177 1169 1165 1165 1161 1161
    1153 1149 1149 1149 1145 1145 1145 1141 1141 1141 1138 1134 1134
    1130 1126 1123 1119 1119 1119 1115 1115 1112 1108 1105 1105 1101
    1097 1097 1094 1094 1090 1087 1087 1084 1080 1080 1080 1080 1084
    1094 1105 1112 1119 1134 1145 1149 1149 0 3269 3269 3238 3238 3238 0
    0 1193 1189 1185 1185 1181 1177 1177 1177 1169 1165 1165 1161 1161
    1153 1149 1149 1149 1145 1145 1145 1145 1141 1141 1138 1134 1134
    1130 1126 1123 1119 1119 1119 1115 1115 1112 1108 1108 1105 1101
    1097 1097 1094 1094 1090 1087 1087 1084 1080 1080 1080 1080 1084
    1094 1105 1112 1119 1130 1141 1149 1149 0 3269 3269 3269 3238 3238 0
