<?xml version="1.0"?>
<opencv_storage>
<Depth2160 type_id="opencv-matrix">
  <rows>13</rows>
  <cols>13</cols>
  <dt>w</dt>
  <data>
    1823 1823 3948 3903 3903 3816 3816 2040 2028 2005 1981 1981 0 1843
    3948 3948 3903 3903 3816 3774 3774 3774 1993 1981 1981 0 3994 3948
    3948 3948 3903 3816 3774 3732 3732 1993 1993 1993 0 3994 3948 3948
    3948 3859 3774 3774 3653 3653 3653 3653 0 0 3994 3994 3948 3948 3859
    3774 3774 3653 3653 3653 3614 3614 0 4041 3994 3948 3948 3859 3859
    3816 3774 3774 3732 3614 3576 3503 4041 4041 3948 3948 3859 3859
    3816 3774 3774 3653 3614 3576 3503 3092 4041 3994 3948 3903 3859
    3816 3732 3732 3653 3614 3503 3468 3092 3092 3994 3948 3903 3859
    3816 3732 3692 3653 3614 3503 3468 3092 3064 3064 3064 3064 3064
    3816 3732 3653 3653 3653 3653 3653 3092 3064 3064 3064 3064 3064
    3903 3732 3653 3653 3653 3653 3614 3092 3092 3064 3064 3064 3064
    3064 3732 3692 3653 3614 3614 3576 3092 3092 3092 3064 3064 3064
    3064 3732 3692 3692 3614 3576 3503</data></Depth2160>
</opencv_storage>
