<?xml version="1.0"?>
<opencv_storage>
<Depth18066 type_id="opencv-matrix">
  <rows>19</rows>
  <cols>57</cols>
  <dt>w</dt>
  <data>
    2415 2415 2398 2398 2381 2365 2365 2365 2365 2381 2381 2381 2381
    2381 2381 2398 2415 2381 2365 2365 2365 2381 3149 3120 3120 3120
    3120 3120 3149 3149 3149 3149 3149 3149 3120 3120 3120 3120 3120
    3092 3037 3037 3010 3010 3037 3064 3064 3092 3120 3178 3149 3149
    3149 3120 3120 3092 3092 2415 2398 2398 2381 2381 2365 2365 2365
    2365 2365 2365 2365 2365 2349 2349 2365 2365 2365 2349 2349 2365
    2349 2349 2349 2349 3120 3120 3120 3149 3120 3120 3149 3149 3149
    3120 3120 3120 3120 3120 3092 2365 2365 2398 3037 3064 3064 3064
    3092 3120 3178 3149 3149 3149 3120 3120 3092 3064 1959 2398 2381
    2365 2365 2349 2349 2349 2365 2365 2349 2349 2349 2349 2349 2365
    2365 2349 2333 2333 2333 2333 2333 2333 2333 2333 2317 2317 3120
    3092 3092 3092 3092 3120 2333 2333 2333 2333 2333 2333 2333 2349
    2365 2365 2381 3064 3064 3064 3120 3149 3149 3120 3120 3120 3120
    3092 3064 1959 1959 2381 2365 2349 2333 2333 2349 2349 2333 2333
    2333 2333 2349 2349 2349 2333 2333 2333 2333 2333 2333 2317 2317
    2317 2317 2317 2317 2317 2317 2317 2333 2349 2365 2333 2333 2333
    2317 2317 2333 2333 2349 2365 2365 2381 2381 2381 2381 3092 3092
    2333 2333 2333 3092 3092 3092 3064 1959 1959 1959 1959 2349 2333
    2333 2333 2333 2333 2317 2317 2333 2349 2349 2333 2333 2333 2333
    2317 2317 2317 2317 2317 2317 2317 2317 2317 2317 2317 2317 2317
    2317 2317 2333 2317 2317 2317 2317 2333 2333 2333 2349 2349 2365
    2365 2349 2349 2349 2365 2333 2333 2333 2333 2317 2317 2333 1947
    1947 1947 1959 2365 2333 2333 2333 2333 2333 2317 2317 2333 2333
    2333 2333 2333 2333 2333 2317 2317 2317 2317 2317 2317 2317 2317
    2317 2317 2317 2317 2317 2317 2317 2317 2317 2317 2317 2317 2317
    2317 2333 2349 2349 2349 2349 2349 2349 2349 2349 2349 2349 2333
    2333 2317 2286 2286 1947 1947 1947 1947 2365 2333 2333 2333 2333
    2317 2317 2333 2333 2333 2333 2333 2333 2333 2317 2317 2317 2317
    2317 2317 2317 2317 2317 2317 2317 2317 2317 2317 2317 2317 2317
    2317 2317 2317 2317 2301 2301 2317 2349 2349 2349 2349 2349 2349
    2349 2349 2333 2333 2333 2317 2301 2286 2286 1947 1947 1947 1947
    2333 2333 2333 2333 2333 2317 2317 2333 2333 2333 2333 2333 2317
    2317 2317 2317 2317 2317 2317 2317 2317 2317 2317 2317 2317 2317
    2317 2317 2317 2317 2317 2317 2317 2317 2317 2301 2301 2317 2333
    2333 2349 2349 2349 2349 2349 2349 2333 2333 2317 2301 2286 2286
    2271 1947 1947 1947 1947 2333 2333 2317 2317 2317 2317 2333 2333
    2333 2333 2333 2333 2317 2317 2317 2317 2317 2317 2317 2317 2317
    2317 2317 2317 2317 2317 2317 2317 2317 2317 2317 2317 2317 2317
    2317 2301 2301 2317 2333 2333 2349 2349 2333 2333 2333 2333 2333
    2333 2317 2301 2286 2286 2271 1947 1947 1947 1947 2333 2333 2317
    2317 2317 2317 2333 2333 2333 2333 2333 2317 2317 2317 2317 2317
    2317 2317 2333 2317 2317 2317 2317 2317 2317 2317 2317 2317 2317
    2317 2317 2317 2317 2301 2301 2301 2317 2317 2333 2333 2333 2333
    2333 2333 2333 2333 2333 2333 2317 2301 2286 2286 2271 1947 1947
    1947 1947 2333 2333 2333 2333 2317 2317 2333 2333 2333 2333 2333
    2317 2317 2317 2317 2317 2317 2333 2333 2333 2317 2317 2317 2301
    2301 2317 2317 2317 2317 2317 2317 2317 2317 2301 2301 2301 2317
    2317 2333 2333 2333 2333 2333 2333 2333 2333 2333 2333 2317 2301
    2286 2286 2286 1947 1947 1959 1959 2333 2333 2333 2333 2317 2317
    2333 2333 2333 2333 2333 2333 2317 2317 2317 2317 2317 2333 2333
    2333 2333 2317 2317 2301 2301 2317 2317 2317 2317 2317 2317 2317
    2317 2317 2317 2317 2317 2317 2333 2333 2333 2333 2333 2333 2333
    2333 2333 2317 2301 2301 2286 2286 2271 1947 1947 1959 1959 2333
    2333 2333 2333 2333 2333 2333 2333 2333 2333 2333 2333 2333 2333
    2333 2333 2333 2333 2317 2317 2333 2317 2317 2317 2317 2317 2317
    2317 2317 2317 2317 2317 2317 2317 2317 2317 2317 2317 2333 2333
    2333 2333 2333 2333 2333 2333 2333 2317 2301 2301 2286 2271 2271
    1947 1959 1970 1970 1981 2333 2333 2333 2333 2333 2333 2333 2333
    2333 2333 2333 2333 2333 2333 2333 2333 2333 2317 2317 2317 2317
    2317 2317 2317 2317 2317 2317 2317 2317 2317 2317 2333 2317 2317
    2317 2317 2317 2333 2333 2333 2333 2333 2333 2333 2333 2333 2317
    2301 2301 2286 2271 2271 1947 1959 1959 1970 1970 2333 2333 2333
    2333 2333 2333 2333 2333 2333 2333 2333 2333 2333 2333 2333 2333
    2333 2333 2317 2317 2317 2317 2317 2317 2317 2317 2317 2317 2317
    2317 2317 2317 2317 2317 2317 2317 2317 2333 2333 2333 2349 2349
    2349 2349 2349 2333 2333 2301 2301 2286 2271 2271 1947 1947 1959
    1959 1959 1959 2333 2333 2333 2333 2333 2333 2333 2333 2333 2333
    2333 2333 2333 2333 2333 2333 2333 2333 2317 2317 2317 2317 2317
    2317 2317 2317 2317 2317 2317 2317 2317 2317 2317 2333 2317 2317
    2333 2333 2333 2349 2349 2349 2349 2349 2333 2333 2301 2301 2286
    2271 2271 1947 1947 1947 1959 1947 1947 2333 2333 2333 2333 2333
    2333 2333 2333 2333 2333 2333 2333 2333 2333 2333 2333 2333 2333
    2317 2317 2317 2317 2317 2317 2317 2333 2317 2317 2317 2317 2317
    2317 2317 2333 2333 2333 2333 2333 2349 2349 2349 2349 2349 2349
    2333 2333 2301 2301 2286 2271 2271 1947 1947 1947 1936 1936 1936
    1936 2333 2333 2333 2333 2333 2333 2333 2333 2333 2333 2333 2333
    2333 2333 2333 2333 2333 2317 2317 2317 2317 2317 2317 2317 2333
    2317 2317 2317 2317 2317 2317 2317 2333 2349 2349 2349 2349 2349
    2349 2349 2349 2349 2349 2333 2333 2317 2301 2286 2286 2271 1947
    1947 1947 1936 1936 1936 1936 2349 2333 2333 2333 2333 2349 2333
    2333 2333 2333 2333 2333 2333 2333 2333 2333 2333 2333 2317 2317
    2317 2317 2317 2317 2333 2317 2317 2317 2317 2317 2333 2333 2349
    2349 2349 2349 2349 2349 2349 2349 2349 2349 2349 2333 2333 2349
    2333 2286 2286 2271</data></Depth18066>
</opencv_storage>
