<?xml version="1.0"?>
<opencv_storage>
<Depth16377 type_id="opencv-matrix">
  <rows>129</rows>
  <cols>58</cols>
  <dt>w</dt>
  <data>
    4983 4911 4911 4911 970 970 970 970 970 4842 4842 4842 4842 4774
    4708 4708 4645 4645 4645 4645 4645 4645 4645 4645 4582 4582 4582
    4582 4522 4463 4463 4463 4463 4405 4405 4405 4405 4405 4349 4349
    4405 4349 4349 4295 4241 4241 4241 4241 4190 4139 4139 4139 4139
    4139 4139 4089 4089 4089 4983 4911 4911 970 970 970 970 970 970 970
    4842 4842 4842 0 4708 4645 4645 4645 4645 4645 4645 4645 4645 4645
    4645 4645 4582 4582 4522 4463 4463 4463 4463 4463 4463 4405 4405
    4405 4349 4349 4405 4349 4349 4295 4241 4241 4241 4241 4190 4139
    4139 4139 4139 4139 4139 4139 4089 4089 4983 4983 4911 970 967 967
    970 967 967 967 967 967 0 0 0 4645 4645 4645 4645 4645 4645 4645
    4645 4645 4645 4645 4582 4582 4582 4522 4522 4463 4463 4463 4463
    4405 4405 4405 4349 4349 4405 4349 4295 4295 4241 4241 4241 4241
    4190 4190 4089 4089 4139 4139 4139 4139 4139 4139 4983 4983 4911 970
    967 967 970 967 967 967 967 970 0 0 0 0 4645 4582 4582 4645 4645
    4645 4645 4645 4645 4645 4645 4582 4582 4522 4522 0 0 4522 4463 4463
    4405 4405 4405 4405 4405 4349 4295 4295 4241 769 769 4241 4190 4190
    4089 4089 4139 4139 4139 4190 4089 4089 4983 4983 4911 962 962 964
    964 967 967 970 970 970 0 0 0 0 0 4582 4582 4645 4645 4645 4645 4645
    4645 0 0 0 0 0 0 0 0 0 0 4463 4463 4405 4405 4405 4405 4349 778 776
    776 769 769 4241 4241 4241 4190 4190 4190 4139 4139 4190 4089 4089
    4983 981 970 962 962 962 962 967 970 970 970 0 0 0 0 0 0 0 0 0 0 0 0
    0 0 0 0 0 0 0 0 0 0 0 0 4522 4463 4405 4405 4405 4405 778 778 776
    776 771 771 4241 4241 4241 4241 4241 4241 4241 4089 0 4089 4089 984
    981 970 964 962 959 959 967 970 970 970 970 0 0 0 0 0 0 0 0 0 0 0 0
    0 0 0 0 0 0 0 0 0 0 0 0 0 0 0 0 0 778 778 776 776 773 773 774 774
    774 774 774 0 0 0 4190 0 4190 981 981 975 973 962 956 956 956 956
    843 843 0 0 0 0 0 0 0 0 0 0 0 0 0 0 0 0 0 0 0 0 0 0 0 0 0 0 0 0 0 0
    780 778 778 778 774 774 774 774 774 774 769 769 0 0 0 0 4241 981 978
    975 973 973 956 956 956 0 843 843 0 0 856 854 854 854 856 0 0 0 0 0
    0 0 0 0 0 0 0 0 0 0 0 0 0 0 0 0 0 778 778 778 780 778 776 776 776
    774 774 769 769 0 767 0 0 0 4241 981 978 975 973 930 925 925 925 901
    843 843 843 845 847 851 851 851 851 0 0 0 0 0 0 0 0 0 0 0 0 0 0 0 0
    0 0 0 0 0 0 778 778 778 780 778 776 776 774 773 771 767 767 767 767
    0 0 0 0 981 975 975 978 930 925 908 901 901 901 843 843 843 845 845
    845 851 851 0 0 0 0 0 0 0 0 0 0 0 0 0 0 0 0 0 0 0 0 0 0 0 781 781
    781 773 771 771 771 769 767 767 767 767 767 767 769 0 0 978 973 973
    948 938 925 896 896 898 854 845 843 843 843 843 843 843 767 0 0 0
    764 764 764 762 762 762 762 0 0 0 0 0 0 0 0 0 0 0 0 0 0 769 767 767
    769 769 769 769 767 767 767 767 767 767 769 0 0 975 967 959 948 938
    933 894 894 896 854 847 845 843 843 843 843 843 767 767 764 764 764
    764 764 762 762 762 762 761 761 0 766 766 767 767 767 767 766 766
    766 766 766 767 767 767 767 769 767 767 767 767 767 767 767 769 769
    0 0 975 967 959 954 938 933 894 894 896 896 851 847 843 843 843 843
    767 767 767 764 764 764 764 764 764 762 762 762 761 761 762 766 766
    766 767 767 767 766 766 766 766 766 767 767 767 767 769 767 767 767
    767 767 767 769 769 769 771 0 978 970 964 956 938 933 933 933 889
    885 885 829 829 829 829 825 769 767 767 767 766 764 764 764 764 764
    762 762 762 762 762 766 766 766 767 767 767 766 766 766 766 766 767
    767 767 767 769 767 767 767 767 767 767 769 769 769 769 0 978 973
    967 959 935 930 930 930 887 882 835 829 829 825 825 825 769 769 767
    767 766 766 766 764 764 766 764 764 764 764 764 766 766 766 767 767
    767 767 766 766 766 766 767 767 767 767 769 769 769 769 767 767 767
    769 769 769 769 0 984 975 967 959 935 930 928 891 887 882 835 831
    829 825 825 803 803 767 767 767 766 766 766 766 766 766 766 766 766
    766 766 766 766 766 767 767 767 767 766 766 766 766 767 767 767 767
    767 767 767 767 767 767 767 769 769 769 769 0 984 975 970 951 935
    933 925 891 889 885 835 833 833 827 807 803 803 767 767 767 767 767
    767 767 767 767 767 767 767 767 767 767 767 767 767 767 767 767 766
    766 766 766 767 767 767 767 767 767 767 767 767 767 769 769 769 769
    769 0 984 978 973 951 935 930 925 891 889 885 837 837 835 827 807
    805 803 803 767 767 767 767 767 767 767 767 767 767 767 767 767 767
    767 767 767 767 767 767 767 767 767 767 767 767 767 767 767 767 767
    767 767 767 769 769 769 769 769 0 984 981 973 948 935 930 925 891
    889 885 839 837 835 827 823 805 802 800 767 767 767 767 767 767 767
    767 767 767 767 767 767 767 767 769 767 767 767 767 767 769 767 767
    769 769 769 767 767 767 767 767 767 767 769 769 769 769 769 0 984
    981 973 948 940 933 925 894 889 887 843 841 837 829 819 805 802 800
    769 767 767 767 767 767 767 767 767 767 769 767 767 767 767 769 767
    767 767 767 767 769 769 769 769 769 769 769 769 769 769 769 769 769
    769 771 771 769 769 0 984 981 973 948 940 935 935 896 891 887 845
    843 841 831 819 807 802 800 769 767 767 767 767 767 767 767 767 767
    769 769 769 769 769 769 767 767 767 767 767 769 769 769 769 769 769
    769 769 771 771 771 769 769 771 771 771 771 771 0 987 981 973 970
    938 938 933 898 891 887 845 843 843 837 819 807 802 800 769 767 767
    767 769 769 767 767 767 767 769 769 769 769 769 769 769 769 769 769
    769 769 769 769 769 769 769 771 771 771 773 773 771 771 771 771 773
    773 773 0 987 981 973 959 938 938 933 898 894 889 845 845 843 839
    819 807 802 802 771 769 769 769 769 769 769 767 767 767 767 769 769
    769 769 769 769 769 769 769 769 769 769 769 769 769 771 771 771 771
    773 773 771 771 771 773 773 773 773 0 0 981 975 959 938 938 935 898
    896 889 845 845 843 839 819 809 803 802 771 769 769 769 769 769 769
    767 767 767 767 769 769 769 769 769 769 769 769 769 769 769 769 771
    771 771 771 771 771 771 773 773 773 773 773 773 773 773 773 0 981
    981 975 962 938 938 938 898 896 889 887 845 843 839 817 809 803 798
    773 771 769 769 769 769 769 767 767 769 769 769 769 769 769 769 771
    769 769 769 769 769 771 771 771 771 771 771 771 771 773 773 773 773
    773 774 773 773 773 0 981 981 975 959 938 938 938 898 896 889 887
    845 843 841 813 809 803 798 798 771 769 769 769 771 771 769 769 769
    769 769 769 769 771 771 771 771 771 769 769 771 771 771 773 771 771
    771 771 771 773 773 773 773 774 774 774 773 773 0 989 987 978 959
    948 946 946 898 896 889 880 847 843 843 813 809 802 798 798 769 769
    769 769 771 771 769 769 769 769 769 769 769 771 771 771 771 771 771
    771 771 771 771 773 771 771 773 773 773 773 773 773 773 774 774 774
    774 774 0 989 984 978 959 948 946 946 901 898 889 878 845 841 841
    813 809 800 800 800 769 769 769 771 773 773 771 771 771 769 769 769
    771 771 773 773 773 773 773 771 771 773 773 773 773 773 773 774 774
    773 773 773 773 774 774 774 774 774 0 989 984 978 959 948 938 935
    906 894 889 878 845 841 841 813 809 800 800 771 769 769 771 771 773
    773 773 771 771 769 769 771 771 773 773 773 773 773 773 773 773 774
    773 773 773 773 773 774 774 774 774 773 773 773 773 773 773 773 0 0
    984 978 970 948 935 933 933 894 889 878 845 845 841 813 809 802 800
    771 771 771 771 773 773 773 773 771 771 771 771 773 773 773 773 773
    773 773 773 773 773 774 773 773 773 773 773 774 774 774 774 773 773
    773 773 773 773 773 0 0 984 978 970 951 935 933 923 896 889 878 845
    845 841 813 809 803 800 800 773 773 773 773 774 774 773 773 773 774
    774 774 773 773 774 774 774 774 774 774 774 774 774 773 773 773 773
    774 774 774 774 774 774 774 774 774 773 773 0 0 984 978 973 956 935
    933 923 894 887 878 847 845 843 813 811 807 803 803 774 773 773 774
    774 776 774 774 774 774 774 774 773 773 773 774 774 774 774 774 774
    774 774 773 773 774 774 774 774 774 774 774 774 774 774 774 774 774
