<?xml version="1.0"?>
<opencv_storage>
<Depth16581 type_id="opencv-matrix">
  <rows>157</rows>
  <cols>103</cols>
  <dt>w</dt>
  <data>
    2560 2560 2560 2560 2560 2560 2541 2541 2541 2541 2541 2522 2522
    2522 2503 2503 2503 2503 2503 2503 2503 2485 2485 2485 2485 2485
    2485 2485 2485 2485 624 623 623 624 625 624 624 624 624 624 2450
    2450 613 613 613 2450 2450 2450 2450 2450 2432 2432 2415 2398 2398
    2381 2381 2381 2381 2381 2415 2415 2415 2415 2415 2415 2415 2398
    2398 2381 2381 2381 2381 2365 2365 2381 2365 2365 2365 2365 2349
    2349 2333 2333 2333 2317 2317 2317 2317 2317 2317 2301 2301 2301
    2286 2286 2286 2286 2286 2286 2286 2301 2286 2560 2560 2560 2560
    2560 2560 2560 2560 2560 2541 2541 2522 2522 2503 2503 2503 2503
    2503 2485 2485 2485 821 821 2485 2485 2485 2485 2485 2485 2485 624
    623 623 623 624 624 624 624 624 624 624 613 613 613 613 613 2450
    2450 2450 2450 2450 2432 2398 2398 2398 2381 2381 2381 2381 2381
    2398 2415 2415 2415 2415 2415 2415 2415 2398 2398 2381 2381 2381
    2365 2365 2365 2365 2365 2365 2365 2349 2349 2333 2333 2333 2333
    2317 2317 2317 2317 2317 2301 2301 2301 2301 2301 2286 2286 2286
    2286 2286 2286 2286 2560 2560 2560 2560 2560 2560 2560 2560 2560
    2560 2541 2522 2503 2503 2503 2503 823 2485 2485 2485 819 819 819
    2485 2485 2485 2485 2485 2485 625 624 623 623 623 624 624 624 624
    624 624 624 614 613 613 613 620 2467 2467 2450 2450 2450 2450 2398
    2381 2381 2381 2381 2381 2381 2381 2398 2398 2415 2415 2415 2415
    2415 2415 2415 2398 2398 2381 2381 2365 2365 2365 2365 2365 2365
    2365 2349 2349 2349 2333 2333 2333 2317 2317 2317 2317 2317 2301
    2301 2301 2301 2301 2301 2301 2301 2286 2286 2286 2286 2560 2560
    2560 2560 2560 2560 2560 2560 2560 2560 2541 2522 2503 2503 2503
    2503 823 823 821 821 815 815 819 2503 2485 2485 2485 2485 2485 623
    623 623 623 623 623 623 624 624 624 615 614 614 614 614 618 620 0
    2450 2450 2450 2450 2450 0 2381 2381 2381 2381 2381 2381 2381 2381
    2398 2398 2415 2415 2415 2415 2415 2415 2415 2398 2381 2381 2381
    2365 2365 2365 2365 2365 2365 2349 2349 2333 2333 2333 2333 2317
    2317 2317 2317 2317 2301 2301 2301 2301 2301 2301 2301 2301 2301
    2301 2286 2286 2560 2560 2560 2541 829 829 827 825 825 2560 2541
    2522 2522 2522 823 823 821 821 817 815 815 815 0 0 815 616 623 623
    623 623 623 622 622 621 619 618 618 618 614 614 614 614 614 615 615
    618 0 0 0 0 0 0 0 0 2381 2381 2381 2381 2381 2381 2381 2398 2398
    2415 2415 2415 2415 2415 2398 2398 2398 2381 2381 2381 2365 2365
    2365 2365 2365 2365 2365 2349 2333 2333 2333 2333 2333 2317 2317
    2317 2317 2317 2317 2301 2301 2301 2301 2301 2301 2286 2286 2286
    2286 2560 2560 2560 829 827 827 825 825 825 825 2560 2560 829 823
    823 823 823 821 813 813 813 813 813 0 0 0 0 623 623 623 622 622 622
    620 619 616 615 615 614 614 614 614 615 615 615 616 616 0 0 0 0 0 0
    0 2381 2381 2381 2381 2381 2381 2398 2398 2398 2415 2415 2415 2415
    2415 2398 2398 2398 2381 2381 2381 2365 2365 2365 2365 2365 2365
    2365 2349 2349 2333 2333 2333 2333 2333 2317 2317 2317 2317 2317
    2301 2301 2301 2301 2301 2301 2286 2286 2301 2286 2560 2560 827 827
    827 827 823 823 823 825 827 829 829 823 821 821 821 821 813 813 813
    813 0 0 616 616 615 621 621 621 621 620 620 619 618 616 615 615 614
    614 614 614 615 616 616 616 615 615 0 0 0 0 0 0 0 2381 2381 2381
    2381 2381 2398 2415 2415 2415 2432 2432 2415 2415 2398 2398 2398
    2381 2381 2381 2381 2381 2381 2381 2365 2365 2365 2349 2349 2349
    2333 2333 2333 2333 2317 2317 2317 2317 2317 2317 2317 2317 2301
    2301 2301 2301 2301 2301 2286 2560 2541 827 827 827 825 821 821 823
    823 823 821 821 821 819 819 821 821 821 0 619 618 618 618 616 616
    615 614 614 618 619 618 618 619 618 618 616 615 615 615 615 615 616
    616 616 616 615 615 0 0 0 0 0 0 0 2381 2381 2398 2398 2398 2398 2415
    2415 2432 2432 2432 2432 2415 2398 2398 2398 2398 2381 2381 2381
    2381 2381 2381 2365 2365 2365 2365 2365 2349 2349 2333 2333 2333
    2317 2317 2317 2317 2317 2317 2317 2317 2301 2301 2301 2301 2301
    2301 2301 2541 2541 827 827 827 825 821 821 823 821 821 821 819 819
    819 819 819 0 0 620 0 0 0 618 618 616 615 614 614 618 618 616 616
    619 618 616 616 616 616 616 616 616 616 616 616 616 616 616 0 0 0 0
    0 0 0 0 2398 2398 2398 2398 2398 2398 2415 2432 2432 2432 2415 2415
    2415 2398 2398 2398 2398 2381 2381 2381 2381 2381 2381 2365 2365
    2365 2365 2365 2349 2349 2333 2333 2317 2317 2317 2317 2317 2317
    2317 2317 2317 2301 2301 2301 2301 2301 2301 2541 2541 829 827 827
    827 823 823 823 821 819 819 819 819 819 819 620 620 620 620 619 618
    618 618 618 616 616 616 616 616 616 616 616 619 618 616 616 616 616
    616 616 616 616 616 616 616 616 618 618 0 0 0 0 0 0 0 2398 2398 2398
    2398 2398 2398 2432 2432 2432 2432 2415 2415 2415 2415 2398 2398
    2398 2398 2398 2398 2381 2381 2381 2365 2365 2365 2365 2365 2349
    2349 2333 2333 2317 2317 2317 2317 2317 2317 2317 2317 2317 2301
    2301 2301 2301 2301 2301 2560 0 0 829 829 829 827 827 827 821 819
    819 819 819 621 621 620 620 620 620 619 618 618 618 618 618 616 616
    616 615 615 616 616 619 619 618 616 616 615 615 615 615 616 616 616
    616 616 618 618 0 0 0 0 0 0 0 0 2398 2398 2398 2398 2398 2415 2432
    2432 2432 2432 2432 2415 2415 2398 2398 2398 2398 2398 2398 2381
    2381 2381 2365 2365 2365 2365 2365 2349 2349 2333 2333 2317 2317
    2317 2317 2317 2317 2317 2317 2317 2301 2301 2301 2301 2301 2301 0 0
    0 0 0 829 827 827 827 827 0 622 622 0 622 621 621 620 620 620 619
    619 619 619 618 618 618 616 616 615 615 616 618 619 619 618 616 616
    615 615 615 615 616 616 616 618 618 619 620 0 0 0 0 0 0 0 0 2381
    2381 2398 2398 2398 2398 2415 2432 2432 2432 2432 2415 2415 2398
    2398 2398 2398 2398 2398 2381 2381 2381 2381 2381 2365 2365 2365
    2349 2349 2333 2333 2333 2333 2333 2317 2317 2317 2317 2317 2317
    2301 2301 2301 2301 2301 2301 0 0 0 0 0 0 0 0 0 0 0 622 0 623 622
    622 621 620 620 620 619 619 619 619 618 618 618 618 618 616 616 618
    619 619 619 619 618 618 616 616 615 615 616 616 618 618 619 619 620
    0 0 0 0 0 0 0 0 2381 2381 2398 2398 2398 2398 2415 2432 2432 2432
    2432 2415 2415 2415 2398 2398 2398 2398 2398 2398 2381 2381 2381
    2381 2365 2365 2365 2349 2349 2349 2333 2333 2333 2333 2317 2317
    2317 2317 2317 2317 2301 2301 2301 2301 2317 2301 0 0 0 0 0 0 0 0 0
    622 622 622 622 623 622 622 621 620 620 620 619 619 619 619 619 619
    618 618 618 618 618 618 619 620 620 620 619 619 618 616 615 615 616
    616 618 619 619 619 619 619 0 0 0 0 0 0 0 2398 2398 2398 2398 2398
    2398 2415 2432 2432 2432 2432 2432 2415 2415 2398 2398 2398 2398
    2398 2398 2381 2381 2381 2381 2381 2365 2365 2365 2365 2365 2333
    2333 2333 2333 2317 2317 2317 2317 2317 2317 2317 2301 2301 2301
    2317 2317 0 0 0 0 0 0 0 0 623 622 622 622 622 622 622 622 621 620
    620 620 620 620 620 619 619 619 618 618 618 618 619 619 619 620 620
    620 620 619 619 618 616 616 616 618 618 619 619 619 619 619 0 0 0 0
    0 0 0 0 2398 2398 2398 2398 2398 2415 2432 2432 2432 2432 2415 2415
    2415 2398 2398 2398 2398 2398 2398 2381 2381 2381 2381 2381 2365
    2365 2365 2365 2365 2365 2365 2349 2333 2333 2333 2317 2317 2317
    2317 2317 2301 2301 2301 2317 2317 625 624 624 0 0 0 0 0 623 622 622
    622 622 622 622 621 621 621 620 620 620 620 620 619 619 619 618 618
    618 618 619 619 619 620 620 620 620 620 620 620 619 618 618 618 618
    619 619 619 619 619 0 0 0 0 0 0 0 0 2398 2398 2398 2398 2398 2415
    2432 2432 2432 2432 2415 2415 2415 2415 2415 2398 2398 2398 2398
    2381 2381 2381 2381 2381 2381 2381 2365 2365 2365 2349 2349 2349
    2349 2349 2333 2333 2317 2317 2317 2317 2301 2301 2301 2317 2317 625
    624 624 0 0 0 0 624 623 622 622 622 622 622 622 621 621 621 621 621
    622 622 621 620 620 620 619 619 619 619 619 619 619 620 620 620 620
