<?xml version="1.0"?>
<opencv_storage>
<Depth8189 type_id="opencv-matrix">
  <rows>34</rows>
  <cols>12</cols>
  <dt>w</dt>
  <data>
    6889 6889 4089 4089 4041 4041 4089 4089 4041 3994 3994 3994 7030
    7030 4089 4089 4041 4041 4041 4041 3994 3994 3994 3994 4190 4139
    4089 4089 4041 3994 3994 3994 3994 3994 3994 3994 4190 4139 4139
    4089 4041 3994 3994 3994 3994 3994 3994 3994 4190 4139 4139 4139
    4089 4041 3994 3994 3994 3994 3994 3994 4190 4139 4139 4139 4089
    4041 3994 3994 3994 3994 3994 3994 4190 4139 4139 4089 4089 4041
    4041 3994 3994 3994 3994 3994 4190 4190 4139 4089 4041 4041 4041
    3994 3994 4041 4041 3994 4190 4190 4139 4089 4041 4041 4041 3994
    3994 3994 3994 3994 4190 4190 4139 4089 4089 4041 3994 3994 3994
    3994 3994 4041 4190 4190 4139 4139 4089 4041 3994 3994 3994 3994
    3994 4041 4190 4190 4139 4089 4089 4041 3994 3994 3994 3994 3994
    4041 4190 4190 4139 4089 4089 4089 4041 4041 3994 3994 3994 4041
    4241 4190 4139 4089 4089 4089 4041 4041 3994 3994 3994 3994 4241
    4190 4139 4139 4089 4041 4041 4041 3994 3994 3994 3994 4190 4190
    4139 4139 4089 4041 3994 3994 3994 3994 3994 3994 4190 4190 4139
    4139 4089 3994 3994 3994 3994 3994 3994 3994 4190 4139 4139 4139
    4089 3994 3994 3994 3994 3994 3994 3948 4190 4139 4139 4139 4139
    4089 4041 4041 3994 3994 3994 3948 4190 4139 4139 4139 4139 4089
    4089 4041 4041 4041 3994 3948 4190 4139 4139 4139 4139 4089 4089
    4089 4041 4041 4041 3994 4190 4139 4139 4139 4089 4089 4089 4089
    4041 4041 3994 3994 7178 4190 4190 4139 4089 4089 4089 4089 4041
    4041 3994 3994 7178 7178 4190 4190 4089 4041 4041 4041 4041 4041
    3994 3994 6889 6889 4190 4190 4089 4041 4041 4041 4041 4041 3994
    3994 6889 4190 4190 4190 4139 4139 4089 4041 4041 4041 7332 7332
    6889 4190 4190 4190 4139 4139 4139 4139 4139 4139 7178 7178 6889
    4190 4190 4190 4139 4139 4139 4139 4139 7178 7178 7178 6889 4190
    4190 4190 4139 4139 4139 4139 4139 4139 7178 7178 4190 4139 4139
    4190 4190 4190 4139 4139 4139 4139 7332 7178 4190 4139 4139 4190
    4190 4190 4139 4139 4139 4139 4190 7178 4190 4190 4190 4190 4190
    4190 4139 4139 4139 4190 4190 7178 7332 7332 4190 4190 4190 4190
    4139 4139 4190 4190 7332 7178 7332 7332 0 4190 4190 4190 4190 4190
    7332 7332 7332 7332</data></Depth8189>
</opencv_storage>
