<?xml version="1.0"?>
<opencv_storage>
<Depth11680 type_id="opencv-matrix">
  <rows>87</rows>
  <cols>62</cols>
  <dt>w</dt>
  <data>
    4522 4522 4582 4582 4645 4645 4645 4645 4645 4645 4708 4708 4708
    4774 4774 4774 4774 4842 4842 4842 4842 4842 4911 4911 4911 4911
    4911 4911 4911 4911 1421 1421 1421 1415 1415 5056 5132 5132 5132
    5056 4983 4983 4983 4983 4983 4983 4983 4983 4911 4842 4842 4774
    4774 4774 4774 4708 4708 4708 4645 4645 4582 4582 4522 4522 4582
    4645 4645 4645 4645 4645 4645 4645 4708 4708 4708 4774 4774 4774
    4774 4774 4774 4774 4774 4774 4774 4911 4911 4911 4911 4911 4911
    4911 1415 1415 1421 1415 1410 1410 1410 1410 5056 5056 4983 4983
    4983 4983 4983 4983 4983 4983 4911 4842 4842 4774 4774 4774 4774
    4774 4708 4708 4645 4645 4582 4582 4522 4522 4645 4645 4645 4645
    4645 4645 4645 4645 4708 4708 4708 4774 4774 4774 4774 4774 1445
    1439 1439 1439 1421 1421 1421 1421 4911 1381 1370 1370 1376 1398
    1410 1404 1404 1404 1404 0 5056 5056 5056 4983 4983 4983 4983 4983
    4983 4983 4983 4911 4911 4842 4774 4774 4774 4774 4708 4708 4708
    4645 4645 4645 4522 4522 4645 4645 4645 4645 4645 4645 4708 4708
    4708 4708 4708 4708 4774 4774 4774 1439 1439 1433 1433 1421 1415
    1410 1398 1398 1359 1359 1359 1365 1365 1381 1392 1398 1398 1404
    1404 1404 5056 5056 5056 5056 5056 4983 4983 4983 4983 4983 4983
    4983 4911 4842 4774 4774 4774 4774 4708 4708 4708 4708 4645 4645
    4522 4582 4582 4645 4645 4645 4645 4708 4708 4708 4708 4708 4708
    4708 4708 4774 4774 1415 1415 1421 1421 1415 1415 1387 1359 1354
    1354 1354 1354 1354 1354 1365 1370 1381 1392 1398 1404 1404 0 4983
    4983 4983 5056 5056 5056 4983 4983 4983 4983 4983 4983 4911 4774
    4774 4774 4774 4774 4708 4708 4708 4645 4645 4522 4582 4582 4582
    4645 4645 4645 4645 4708 4708 4708 4708 4708 1398 1398 1398 1398
    1398 1398 1410 1421 1415 1359 1354 1354 1349 1349 1349 1349 1343
    1343 1354 1359 1376 1381 1392 1404 1404 0 4983 4983 4983 5056 5056
    5056 4983 4983 4983 4983 4983 4983 4911 4774 4774 4774 4774 4774
    4774 4708 4708 4645 4645 4522 4582 4582 4582 4645 4645 4645 4645
    4645 4708 4708 4708 1392 1392 1392 1392 1392 1387 1381 1381 1381
    1354 1354 1349 1343 1338 1338 1338 1338 1333 1333 1349 1359 1370
    1376 1381 1404 1404 1404 4983 4983 4983 4983 4983 5056 4983 4983
    4983 4983 4983 4911 4842 4842 4774 4774 4774 4774 4774 4774 4708
    4708 4645 4522 4522 4522 4582 4582 4645 4645 4645 4645 4708 4708
    1381 1381 1381 1381 1387 1387 1376 1365 1333 1333 1333 1338 1333
    1328 1328 1328 1328 1328 1328 1328 1343 1359 1365 1376 1381 1404
    1404 1404 0 4983 4983 4983 4983 4983 4983 4983 4983 4983 4983 4911
    4842 4842 4774 4774 4774 4774 4774 4774 4708 4708 4708 4522 4522
    4522 4582 4582 4582 4645 4645 4645 4708 1359 1354 1354 1359 1370
    1376 1376 1349 1333 1322 1322 1307 1297 1292 1292 1292 1297 1307
    1317 1317 1322 1343 1359 1359 1370 1376 1398 1398 1398 0 4983 4983
    4983 4983 4983 4983 4983 4983 4983 4983 4911 4842 4842 4774 4774
    4774 4774 4774 4774 4774 4708 4708 4522 4522 4522 4582 4582 4582
    4645 4645 4645 1354 1354 1343 1343 1349 1359 1227 1223 1223 1322
    1317 1312 1292 1288 1288 1283 1283 1288 1297 1297 1312 1322 1343
    1354 1359 1370 1376 1392 1398 1398 0 5056 5056 5056 4983 4983 4983
    4983 4983 4983 4983 4911 4842 4774 4774 4774 4774 4774 4774 4774
    4774 4708 4708 4522 4522 4522 4582 4582 4645 4708 4708 1317 1338
    1338 1333 1333 1236 1232 1227 1223 1223 1292 1283 1283 1283 1273
    1273 1273 1273 1283 1292 1297 1307 1322 1338 1349 1365 1365 1376
    1387 1392 1398 1398 1398 5132 5132 5056 4983 4983 4983 4983 4983
    4983 4911 4842 4774 4774 4774 4774 4774 4774 4774 4774 4708 4708
    4522 4522 4522 4582 4582 4582 1302 1302 1317 1317 1317 1322 1328
    1236 1232 1227 1223 1223 1268 1264 1259 1259 1268 1268 1268 1273
    1278 1292 1307 1307 1317 1333 1349 1365 1365 1370 1381 1387 1398
    1398 0 5132 5132 5056 5056 4983 4983 4983 4983 4983 4911 4842 4842
    4774 4774 4774 4774 4774 4774 4774 4774 4708 4463 4522 4522 4522
    1292 1288 1288 1288 1288 1288 1283 1273 1255 1236 1232 1227 1223
    1223 1223 1241 1245 1245 1250 1255 1264 1268 1273 1292 1307 1307
    1312 1333 1343 1359 1359 1370 1381 1387 1392 1392 0 5132 5132 5056
    5056 5056 5056 4983 4983 4983 4983 4842 4842 4842 4774 4774 4774
    4774 4708 4708 4774 4708 4463 4522 4522 1283 1283 1283 1278 1278
    1278 1273 1264 1259 1250 1236 1223 1219 1219 1219 1219 1223 1236
    1236 1245 1245 1250 1264 1273 1288 1307 1307 1312 1333 1343 1354
    1359 1376 1381 1381 1392 1392 1392 5291 5291 5056 5056 5056 5056
    4983 4983 4983 4983 4842 4842 4842 4842 4774 4774 4774 4708 4708
    4774 4774 4463 1268 1278 1278 1273 1273 1273 1268 1268 1259 1255
    1241 1236 1232 1223 1219 1219 1219 1214 1214 1219 1227 1236 1245
    1245 1255 1268 1283 1302 1302 1312 1328 1338 1349 1354 1370 1381
    1381 1392 1392 1392 5374 5374 5056 5056 5056 5056 4983 4983 4983
    4911 4911 4911 4911 4842 4774 4774 4774 4774 4708 4708 4708 1268
    1268 1268 1268 1268 1268 1268 1259 1255 1250 1241 1236 1232 1227
    1223 1219 1219 1214 1214 1214 1214 1227 1236 1241 1245 1250 1264
    1283 1288 1297 1312 1317 1338 1349 1354 1365 1376 1381 1392 1392
    1398 1398 5056 5056 5056 4983 4983 4983 4983 4983 4911 4842 4774
    4774 4774 4774 4774 4774 4774 4708 4708 4645 1268 1264 1259 1259
    1259 1259 1255 1250 1241 1236 1236 1232 1232 1227 1223 1219 1219
    1214 1210 1210 1210 1227 1232 1241 1245 1250 1259 1273 1288 1292
    1307 1317 1322 1338 1354 1359 1370 1381 1392 1398 1398 1398 1398
    4983 4983 4983 4983 4983 4983 4983 4911 4842 4774 4774 4774 4774
    4774 4774 4774 4774 4708 4645 1264 1259 1255 1255 1255 1250 1245
    1245 1236 1236 1236 1232 1232 1227 1223 1219 1214 1214 1210 1210
    1210 1219 1232 1236 1245 1250 1259 1264 1283 1292 1307 1312 1317
    1333 1354 1359 1359 1376 1381 1398 1398 1398 1404 4983 4983 4983
    4983 4983 4983 4983 4911 4911 4842 4842 4774 4774 4774 4774 4774
    4708 4708 4708 1255 1255 1255 1250 1250 1250 1245 1241 1236 1236
    1236 1232 1232 1227 1223 1219 1214 1214 1210 1210 1210 1214 1223
    1236 1245 1250 1255 1259 1278 1288 1302 1312 1317 1322 1349 1359
    1359 1370 1376 1387 1392 1404 1404 4983 4983 4983 4983 4983 4983
    4983 4983 4911 4842 4842 4911 4842 4842 4774 4774 4708 4708 4708
    1255 1255 1250 1250 1250 1250 1245 1241 1236 1236 1236 1232 1232
    1227 1223 1219 1219 1214 1210 1210 1214 1214 1223 1232 1241 1245
    1255 1259 1268 1283 1302 1312 1317 1322 1333 1354 1359 1370 1376
    1387 1392 1398 1398 5056 5056 4983 4983 4983 4983 4983 4983 4983
    4983 4911 4911 4911 4842 4842 4842 4774 4708 4708 1255 1255 1250
    1250 1250 1250 1245 1241 1236 1236 1236 1232 1232 1227 1223 1219
    1219 1214 1214 1214 1214 1214 1219 1227 1236 1241 1255 1259 1268
    1278 1297 1307 1312 1317 1322 1349 1354 1365 1370 1381 1387 1392
    1392 1398 5056 5056 4983 4983 4983 4983 4983 4983 4983 4983 4911
    4842 4774 4774 4774 4774 4774 4774 1255 1255 1255 1250 1250 1250
    1250 1245 1236 1236 1236 1232 1232 1227 1223 1223 1219 1219 1214
    1214 1214 1214 1219 1223 1236 1241 1250 1259 1268 1273 1297 1307
    1312 1317 1322 1333 1354 1359 1370 1381 1387 1392 1398 1398 5056
    5056 4983 4983 4983 4983 4983 4983 4983 4983 4911 4842 4774 4774
    4774 4774 4774 4774 0 1255 1255 1255 1250 1250 1250 1245 1236 1236
    1236 1232 1232 1232 1227 1223 1219 1219 1214 1214 1214 1214 1219
    1223 1236 1241 1250 1255 1264 1268 1292 1307 1312 1317 1322 1333
    1343 1359 1370 1381 1387 1392 1392 1392 1392 4983 4983 4983 4983
    4983 4983 4983 4983 4911 4911 4842 4774 4774 4774 4774 4774 4774 0
    1259 1255 1255 1250 1250 1250 1245 1236 1236 1236 1232 1232 1232
    1227 1223 1219 1219 1214 1214 1214 1214 1219 1223 1232 1236 1245
    1255 1264 1268 1288 1297 1312 1312 1317 1322 1343 1365 1365 1376
    1381 1387 1392 1392 1398 4983 4983 4983 4983 4983 4983 4983 4983
