<?xml version="1.0"?>
<opencv_storage>
<Depth2655 type_id="opencv-matrix">
  <rows>85</rows>
  <cols>90</cols>
  <dt>w</dt>
  <data>
    1197 1197 1197 1197 1202 1202 1206 1202 1202 1206 1206 1206 1210
    1214 1227 0 0 0 0 4645 4582 4582 4582 4582 4582 4522 4522 4522 4522
    1223 1223 1223 1223 1227 1227 1227 1227 4463 4463 1232 4349 4349
    4349 4349 4405 4463 4522 4522 4522 4463 4463 4463 4463 4463 4463
    4463 4463 4522 4463 4463 4405 4405 4463 4463 4463 4463 4405 4405
    4405 4463 4463 4405 4405 4405 4405 4405 4349 4349 4405 4405 4405
    4405 4349 4349 4349 4349 4349 4349 4349 4295 1197 1197 1197 1197
    1202 1202 1206 1206 1206 1206 1206 1210 1214 0 0 0 0 0 0 4645 4582
    4582 4582 4582 4582 4582 1223 1223 1232 1223 1223 1223 1223 1227
    1227 1227 1227 1227 1232 1232 0 1232 4463 4463 4463 4463 4522 4522
    4522 4463 4463 4463 4463 4463 4522 4522 4522 4522 4463 4463 4405
    4405 4463 4463 4463 4463 4405 4405 4405 4463 4463 4405 4405 4405
    4405 4405 4405 4349 4349 4405 4405 4405 4349 4349 4349 4349 4349
    4349 4349 4295 1197 1197 1197 1197 1202 1202 1202 1202 1202 1206
    1206 1210 0 0 0 0 0 0 0 4645 4645 4645 4582 4582 0 0 1223 1223 1232
    1232 1227 1227 1227 1227 1227 1227 1227 1227 1232 1232 0 0 0 4522
    4522 4522 4522 4522 4522 4522 4463 4463 4463 4463 4522 4522 4522
    4522 4463 4463 4463 4463 4405 4405 4405 4463 4405 4405 4405 4405
    4405 4405 4405 4405 4405 4405 4405 4349 4349 4405 4405 4405 4349
    4349 4349 4349 4349 4349 4349 4349 1197 1197 1197 1202 1202 1202
    1202 1202 1202 1206 1206 1210 0 0 0 0 0 0 0 0 4645 4645 4708 0 0
    1219 1223 1223 1223 1227 1227 1227 1227 1227 1227 1227 1227 1227
    1232 1232 1232 1232 1273 1273 1273 4522 4522 4522 4522 4522 4522
    4463 4463 4522 4522 4522 4522 4522 4463 4463 4463 4463 4405 4405
    4405 4463 4405 4405 4405 4405 4405 4405 4405 4405 4405 4405 4405
    4405 4405 4405 4405 4405 4349 4349 4349 4349 4405 4405 4349 4349
    1197 1197 1197 1202 1202 1202 1206 1206 0 0 0 0 0 0 0 0 0 0 0 0 0 0
    0 0 0 1219 1219 1223 1223 1227 1227 1227 1227 1227 1227 1227 1227
    1232 1232 1232 1232 1232 1273 1273 1273 4405 4405 4405 4582 4582
    4582 4582 4582 4582 4582 4522 4522 4522 4522 4463 4463 4463 4405
    4405 4463 4463 4463 4405 4405 4405 4405 4405 4405 4405 4405 4405
    4405 4405 4405 4405 4405 4405 4349 4349 4349 4349 4349 4349 4349
    4349 1197 1197 1202 1202 1202 1202 1202 1206 0 0 0 0 0 0 0 0 0 0 0 0
    0 0 0 0 0 1219 1219 1223 1227 1227 1227 1227 1227 1227 1227 1227
    1227 1232 1232 1232 1232 1236 1241 1268 1268 1268 4405 4405 4582
    4522 4522 4582 4582 4582 4522 4522 4522 4522 4522 4522 4522 4463
    4463 4463 4463 4463 4463 4463 4463 4463 4405 4405 4405 4405 4405
    4405 4405 4405 4405 4405 4405 4405 4405 4349 4349 4349 4349 4349
    4349 4349 1197 1197 1197 1197 1197 1202 1202 0 0 0 0 0 0 0 0 0 0 0 0
    0 0 0 0 0 0 1223 1223 1223 1223 1227 1227 1227 1227 1227 1227 1227
    1227 1232 1232 1232 1232 1232 1236 1245 1259 1259 1259 4522 4522
    4522 4522 4522 4582 4582 4522 4522 4522 4522 4522 4522 4522 4463
    4463 4463 4463 4522 4522 4463 4463 4463 4405 4405 4405 4405 4405
    4405 4405 4405 4405 4405 4405 4405 4405 4349 4349 4349 4349 4349
    4349 4349 1197 1197 1197 1197 1197 1197 1206 0 0 0 0 0 0 0 0 0 0 0 0
    0 0 0 0 0 1223 1223 1223 1223 1223 1227 1227 1227 1227 1227 1227
    1227 1227 1232 1232 1232 1232 1232 1232 1232 1236 1236 1283 1288
    4582 4582 4522 4522 4522 4522 4522 4522 4522 4522 4522 4522 4522
    4463 4463 4463 4463 4522 4522 4463 4463 4463 4405 4405 4405 4405
    4405 4405 4405 4405 4405 4405 4405 4405 4405 4349 4349 4349 4349
    4349 4349 4349 1202 1202 1202 1197 1197 1197 0 0 0 0 0 0 0 0 0 0 0
    1241 1241 0 0 0 0 1223 1223 1223 1223 1223 1223 1227 1227 1227 1227
    1227 1227 1227 1227 1232 1232 1232 1232 1232 1232 1232 1232 1283
    1283 1288 1292 1292 4522 4522 4522 4522 4522 4522 4522 4522 4522
    4522 4522 4463 4463 4463 4463 4522 4522 4463 4463 4463 4405 4405
    4405 4405 4463 4405 4405 4405 4405 4405 4463 4405 4405 4405 4405
    4349 4349 4349 4349 4349 1202 1202 1202 1202 1202 0 0 0 0 0 0 0 0 0
    0 0 0 1241 1241 1245 0 1223 1223 1223 1223 1223 1223 1223 1223 1227
    1227 1227 1232 1227 1227 1227 1227 1232 1232 1232 1232 1232 1232
    1232 1232 1236 1245 1288 1292 1302 1302 4582 4582 4582 4522 4522
    4522 4522 4582 4522 4522 4463 4463 4463 4463 4522 4522 4522 4522
    4463 4405 4405 4463 4463 4463 4463 4463 4463 4463 4463 4463 4405
    4405 4405 4405 4405 4405 4405 4405 4349 1202 1202 1206 1206 0 0 0 0
    0 0 0 0 0 0 0 0 0 1245 1236 1236 1232 1223 1223 1223 1223 1223 1223
    1223 1223 1227 1227 1232 1232 1227 1227 1227 1227 1232 1232 1232
    1232 1232 1232 1232 1236 1236 1241 1241 1297 1292 1292 1292 4582
    4582 4582 4582 4582 4582 4582 4522 4522 4463 4463 4463 4463 4522
    4522 4522 4522 4463 4405 4405 4463 4463 4522 4522 4522 4522 4463
    4463 4463 4405 4405 4405 4405 4405 4405 4405 4405 4405 1202 1202 0 0
    0 0 0 0 0 0 0 0 0 0 0 0 0 0 1236 1232 1232 1227 1223 1223 1223 1227
    1227 1227 1227 1227 1232 1232 1232 1227 1227 1227 1227 1232 1232
    1232 1232 1232 1232 1232 1236 1236 1236 1236 1245 1268 1283 1283
    1283 4582 4582 4582 4582 4582 4582 4582 4522 4522 4522 4522 4522
    4522 4522 4522 4522 4463 4463 4463 4463 4463 4522 4522 4522 4522
    4522 4463 4405 4405 4405 4405 4405 4405 4405 4405 4405 4405 1206
    1206 0 0 0 0 0 0 0 0 0 0 0 0 0 0 0 0 1232 1232 1227 1227 1227 1227
    1227 1227 1227 1227 1227 1227 1232 1232 1232 1227 1227 1227 1227
    1232 1232 1232 1232 1232 1232 1232 1236 1236 1236 1236 1241 1250
    1264 1278 1283 1283 4582 4582 4463 4463 4582 4582 4582 4582 4582
    4582 4582 4582 4582 4522 4463 4463 4522 4522 4522 4522 4522 4522
    4522 4522 4522 4463 4405 4405 4405 4405 4405 4463 4463 4463 4405
    4405 1206 0 0 0 0 0 0 0 0 0 0 0 0 0 0 0 0 1227 1227 1227 1227 1227
    1227 1227 1227 1227 1227 1227 1227 1227 1227 1227 1232 1227 1227
    1227 1227 1232 1232 1232 1232 1232 1232 1232 1232 1232 1236 1236
    1236 1245 1255 1264 1268 1268 1268 4463 4463 4463 4582 4582 4582
    4582 4582 4582 4582 4582 4582 4522 4463 4463 4522 4522 4522 4522
    4522 4522 4522 4522 4522 4522 4405 4405 4405 4405 4463 4463 4463
    4463 4405 4405 0 0 0 0 0 0 0 0 0 0 0 0 0 0 0 0 0 1223 1223 1227 1227
    1227 1227 1227 1227 1227 1227 1227 1227 1227 1227 1227 1232 1227
    1227 1227 1227 1232 1232 1232 1232 1232 1232 1236 1232 1232 1232
    1232 1236 1241 1245 1250 1259 1264 1264 1264 4582 4582 4582 4582
    4582 4582 4582 4582 4582 4522 4522 4582 4582 4522 4522 4522 4522
    4522 4522 4522 4522 4522 4522 4522 4522 4405 4405 4463 4463 4463
    4463 4463 4405 4405 0 0 0 0 0 0 0 0 0 0 0 0 0 0 0 0 1227 1223 1223
    1227 1227 1227 1227 1227 1227 1227 1227 1227 1227 1227 1227 1227
    1232 1227 1227 1227 1227 1232 1232 1232 1232 1232 1236 1236 1232
    1232 1232 1232 1232 1241 1241 1245 1250 1250 1250 1250 1250 4582
    4582 4582 4582 4582 4582 4582 4582 4522 4522 4582 4522 4522 4522
    4522 4522 4522 4522 4522 4522 4522 4522 4522 4522 4463 4463 4463
    4463 4463 4522 4463 4463 4405 0 0 0 0 0 0 0 0 0 0 0 0 0 0 0 0 1223
    1223 1223 1223 1223 1223 1223 1227 1227 1227 1227 1227 1227 1227
    1227 1232 1232 1232 1232 1232 1232 1232 1232 1232 1232 1232 1236
    1236 1232 1232 1232 1232 1232 1241 1241 1241 1245 1245 1245 1250
    1250 1255 0 4582 4582 4582 4582 4582 4582 4522 4522 4582 4522 4522
    4522 4522 4522 4522 4522 4522 4522 4582 4582 4582 4522 4463 4463
    4463 4463 4463 4522 4463 4463 4463 0 0 0 0 0 0 0 0 0 0 0 0 0 1219
    1219 1223 1223 1223 1223 1223 1223 1223 1223 1227 1227 1227 1227
    1227 1232 1232 1232 1232 1232 1232 1232 1232 1232 1232 1232 1232
    1232 1232 1236 1236 1236 1232 1232 1232 1236 1241 1241 1241 1245
    1245 1245 1250 1255 1255 1273 0 4645 4645 4582 4582 4522 4522 4522
    4582 4522 4522 4582 4582 4522 4522 4522 4522 4522 4582 4582 4582
    4522 4463 4463 4463 4463 4522 4463 4463 4463 4463 4911 0 0 0 0 0 0 0
