<?xml version="1.0"?>
<opencv_storage>
<Depth9394 type_id="opencv-matrix">
  <rows>106</rows>
  <cols>39</cols>
  <dt>w</dt>
  <data>
    4522 4522 4463 4405 4405 0 0 0 0 0 0 0 0 0 0 0 0 0 0 0 0 0 0 0 0 0 0
    0 0 0 1025 1025 1025 1022 1022 1022 1022 0 0 4582 4522 4463 4463 0 0
    0 0 0 0 0 0 1025 1022 1022 1025 1028 1028 1019 1019 0 0 0 0 1034
    1034 0 0 0 0 0 1025 1025 1025 1022 1022 0 1016 0 4522 4522 4463 4463
    0 0 0 0 0 0 0 0 1025 1022 1022 1022 1025 1025 1019 1019 1016 1016
    1016 1019 1019 1019 1016 1016 1016 1016 1019 1022 1022 1019 1019
    1016 1016 0 0 4522 4522 4522 4522 0 0 0 0 0 0 1022 1022 1022 1022
    1022 1022 1022 1022 1022 1019 1016 1016 1016 1019 1019 1016 1016
    1016 1016 1016 1019 1019 1019 1019 1019 1016 1016 1016 0 4522 4463
    4463 4463 0 0 0 0 0 0 1019 1019 1022 1022 1022 1022 1022 1022 1022
    1019 1019 1019 1019 1019 1016 1016 1016 1016 1016 1016 1016 1016
    1016 1016 1016 1016 1016 1013 1013 4522 4463 4463 4463 0 0 0 0 0 0
    1019 1019 1022 1022 1022 1022 1022 1022 1022 1022 1019 1019 1019
    1019 1016 1016 1016 1016 1016 1016 1016 1016 1016 1016 1016 1016
    1013 1013 1013 4522 4522 4522 0 0 0 0 0 0 0 1022 1022 1025 1022 1022
    1022 1022 1022 1022 1022 1022 1019 1019 1019 1016 1016 1016 1016
    1016 1019 1016 1016 1016 1016 1016 1016 1013 1013 1013 4522 4522
    4522 0 0 0 0 0 0 0 1022 1022 1025 1022 1022 1022 1022 1025 1025 1022
    1022 1022 1019 1019 1019 1019 1019 1016 1016 1019 1016 1016 1016
    1016 1016 1016 1013 1013 1013 4522 4522 4522 0 0 0 0 0 0 0 1022 1022
    1022 1022 1022 1022 1025 1022 1022 1022 1022 1022 1019 1019 1022
    1022 1019 1019 1019 1019 1016 1016 1016 1013 1013 1016 1016 1013
    1013 4522 4522 4522 0 0 0 0 0 0 0 1022 1022 1022 1022 1022 1022 1025
    1022 1022 1022 1022 1022 1022 1022 1022 1022 1019 1019 1019 1019
    1016 1016 1016 1013 1013 1016 1016 1016 1016 4582 4522 4522 0 0 0 0
    0 0 0 1025 1025 1022 1022 1025 1025 1025 1025 1025 1022 1022 1022
    1022 1022 1022 1022 1019 1019 1019 1019 1019 1016 1016 1013 1013
    1016 1016 1016 1016 4522 4463 4463 0 0 0 0 0 0 0 1031 1025 1025 1025
    1025 1025 1025 1025 1025 1022 1022 1022 1022 1022 1022 1022 1022
    1022 1019 1019 1019 1016 1016 1016 1016 1016 1016 1016 1016 4522
    4463 4463 0 0 0 0 0 0 0 1031 1025 1025 1025 1025 1025 1025 1025 1022
    1022 1022 1022 1022 1022 1022 1022 1022 1022 1019 1019 1019 1016
    1016 1016 1016 1016 1016 1016 1016 4582 4582 0 0 0 0 0 0 0 0 1034
    1028 1028 1028 1025 1025 1025 1025 1022 1022 1022 1022 1022 1022
    1022 1022 1022 1022 1019 1019 1019 1016 1016 1016 1016 1016 1016
    1016 1016 4582 4582 0 0 0 0 0 0 0 0 1031 1028 1028 1028 1028 1028
    1025 1025 1022 1022 1022 1022 1022 1022 1022 1022 1022 1022 1019
    1019 1019 1019 1019 1019 1016 1016 1016 1016 1016 4582 4582 0 0 0 0
    0 0 0 0 1031 1025 1025 1028 1028 1028 1025 1025 1025 1022 1022 1022
    1022 1022 1022 1022 1025 1025 1022 1019 1019 1019 1019 1019 1016
    1016 1016 1016 1019 4582 4582 0 0 0 0 0 0 0 0 0 1025 1025 1028 1028
    1028 1025 1025 1025 1025 1025 1025 1025 1025 1025 1025 1025 1022
    1022 1019 1019 1019 1019 1019 1016 1016 1019 1019 1022 4522 4463
    4463 0 0 0 0 0 0 0 0 1025 1025 1028 1028 1028 1025 1025 1025 1025
    1025 1025 1025 1025 1025 1025 1025 1022 1022 1019 1019 1019 1019
    1019 1016 1016 1019 1019 1022 4522 4463 4463 0 0 0 0 0 0 0 0 1028
    1028 1028 1028 1028 1025 1025 1028 1028 1025 1025 1025 1025 1025
    1022 1022 1022 1022 1019 1019 1019 1016 1016 1019 1019 1022 1022
    1022 4522 4522 0 0 0 0 0 0 0 1044 1038 1031 1031 1028 1028 1028 1028
    1028 1028 1028 1028 1025 1025 1025 1025 1022 1022 1022 1022 1019
    1019 1019 1016 1016 1019 1019 1019 1019 0 4522 4522 0 0 0 0 0 0 0
    1044 1038 1028 1028 1028 1028 1028 1028 1028 1028 1028 1028 1025
    1025 1025 1025 1025 1025 1025 1022 1022 1019 1019 1019 1019 1019
    1019 1019 1019 0 4522 0 0 0 0 0 0 0 0 1041 1034 1028 1028 1028 1028
    1028 1028 1028 1028 1028 1028 1028 1025 1025 1025 1025 1025 1025
    1025 1022 1022 1019 1019 1019 1019 1019 1022 0 0 4582 0 0 0 0 0 0 0
    0 1038 1031 1031 1028 1028 1028 1028 1028 1028 1028 1028 1028 1025
    1025 1025 1025 1025 1025 1025 1025 1025 1025 1022 1019 1019 1019
    1019 1019 0 0 4582 0 0 0 0 0 0 0 0 1038 1031 1031 1028 1028 1028
    1028 1028 1028 1028 1028 1028 1025 1025 1025 1025 1025 1025 1025
    1025 1025 1025 1025 1022 1019 1019 1019 1019 0 0 4582 0 0 0 0 0 0 0
    0 1038 1031 1031 1028 1028 1028 1031 1028 1028 1028 1028 1028 1028
    1025 1025 1025 1025 1025 1025 1025 1025 1025 1025 1022 1019 1019
    1019 1016 1016 0 4645 0 0 0 0 0 0 0 0 1038 1031 1031 1028 1028 1028
    1031 1028 1028 1028 1028 1028 1028 1025 1025 1025 1025 1025 1025
    1025 1025 1025 1025 1025 1022 1019 1019 1016 1016 0 4645 0 0 0 0 0 0
    0 0 1034 1034 1034 1034 1034 1034 1031 1028 1028 1028 1028 1028 1028
    1025 1025 1028 1028 1028 1025 1025 1025 1025 1025 1025 1022 1022
    1022 1016 1016 0 4582 0 0 0 0 0 0 0 1031 1031 1034 1034 1034 1034
    1034 1034 1028 1028 1028 1028 1028 1028 1028 1028 1028 1028 1028
    1025 1025 1025 1025 1025 1025 1022 1022 1019 1016 1016 0 4582 0 0 0
    0 0 0 0 1031 1031 1034 1034 1034 1034 1034 1034 1028 1028 1028 1028
    1028 1028 1028 1028 1028 1028 1028 1025 1025 1025 1025 1025 1025
    1022 1022 1019 1016 1016 0 4582 0 0 0 0 0 0 0 1034 1034 1034 1038
    1034 1034 1034 1034 1031 1031 1028 1028 1028 1028 1028 1028 1028
    1028 1028 1025 1025 1025 1025 1025 1022 1022 1022 1019 1019 0 0 0 0
    0 0 0 0 0 0 1041 1038 1038 1038 1038 1034 1034 1031 1031 1031 1031
    1028 1028 1028 1028 1028 1028 1028 1028 1025 1025 1025 1025 1025
    1022 1022 1022 1019 1019 0 0 0 0 0 0 0 0 0 0 1041 1038 1038 1038
    1038 1034 1034 1031 1031 1031 1031 1031 1028 1028 1028 1028 1028
    1028 1028 1025 1025 1025 1025 1025 1025 1025 1022 1022 1022 0 0 0 0
    0 0 0 0 0 0 1044 1038 1038 1038 1038 1034 1034 1034 1031 1031 1031
    1031 1031 1028 1028 1028 1028 1028 1028 1025 1025 1025 1025 1025
    1025 1025 1025 1022 1022 0 0 0 0 0 0 0 0 0 0 1041 1041 1038 1038
    1038 1034 1034 1034 1034 1034 1034 1031 1031 1028 1028 1028 1028
    1028 1028 1028 1028 1028 1025 1025 1028 1028 1025 1022 1022 0 0 0 0
    0 0 0 0 0 0 1041 1038 1038 1038 1038 1038 1038 1034 1034 1034 1034
    1031 1031 1031 1028 1028 1028 1028 1028 1028 1028 1028 1025 1025
    1025 1025 1028 1025 1025 0 0 0 0 0 0 0 0 0 0 1041 1038 1038 1038
    1038 1038 1038 1038 1038 1034 1031 1031 1031 1031 1028 1028 1028
    1028 1028 1028 1028 1028 1025 1025 1025 1025 1028 1025 1025 0 0 4463
    0 0 0 0 0 0 0 1041 1038 1038 1038 1038 1038 1038 1038 1038 1034 1031
    1031 1031 1031 1031 1028 1028 1028 1028 1028 1028 1028 1025 1025
    1028 1028 1025 1025 1025 0 0 4463 0 0 0 0 0 0 0 1038 1038 1038 1038
    1038 1038 1038 1038 1038 1034 1031 1031 1031 1031 1031 1028 1028
    1028 1028 1028 1028 1025 1025 1028 1028 1028 1025 1025 1025 0 0 4708
    0 0 0 0 0 0 1038 1038 1038 1038 1038 1038 1038 1038 1038 1034 1034
    1031 1031 1034 1031 1031 1028 1028 1028 1028 1028 1028 1025 1025
    1028 1028 1028 1025 1025 0 0 0 4708 0 0 0 0 0 0 1038 1038 1038 1038
    1038 1041 1041 1041 1038 1034 1034 1034 1034 1034 1034 1034 1031
    1031 1028 1028 1028 1028 1028 1028 1028 1028 1028 1028 1028 0 0 0
    4708 0 0 0 0 0 0 1041 1038 1038 1041 1038 1038 1038 1038 1038 1038
    1038 1034 1034 1034 1034 1034 1034 1031 1028 1028 1028 1028 1028
    1028 1028 1028 1028 1028 1028 0 0 0 4645 0 0 0 0 0 0 1044 1041 1041
    1041 1038 1038 1038 1038 1038 1038 1038 1034 1034 1034 1034 1034
    1034 1031 1028 1028 1028 1028 1028 1028 1031 1031 1031 1028 1028 0 0
    0 3539 0 0 0 0 0 0 1044 1041 1041 1041 1038 1038 1038 1038 1038 1038
    1038 1038 1034 1034 1034 1034 1034 1031 1031 1031 1028 1028 1028
    1028 1031 1031 1031 1025 1025 0 0 0 3539 3539 0 0 0 0 0 1041 1041
    1041 1041 1038 1038 1038 1038 1038 1038 1038 1038 1034 1034 1034
    1034 1034 1034 1031 1031 1031 1028 1028 1028 1028 1031 1028 1025
