<?xml version="1.0"?>
<opencv_storage>
<Depth6275 type_id="opencv-matrix">
  <rows>18</rows>
  <cols>14</cols>
  <dt>w</dt>
  <data>
    4645 4645 4645 4645 4582 4582 4582 4582 4645 4645 4774 4842 4842
    4774 4708 4708 4645 4645 4582 4582 4582 4582 4708 4774 4774 4842
    4842 4774 4708 4708 4645 4645 4645 4645 4645 4645 4708 4774 4842
    4842 4774 4774 4708 4708 4708 4708 4645 4645 4645 4708 4708 4774
    4774 4842 4774 4774 4645 4645 4645 4708 4708 4708 4708 4708 4708
    4708 4708 4774 4774 4774 4582 4582 4645 4645 4708 4708 4708 4708
    4708 4708 4708 4708 4774 4774 4582 4582 4645 4645 4708 4708 4708
    4708 4708 4708 4708 4708 4708 0 4582 4582 4645 4645 4645 4645 4708
    4708 4708 4708 4708 4708 4708 0 4582 4582 4645 4645 4645 4645 4645
    4708 4708 4774 4708 4708 4708 0 4645 4645 4645 4645 4645 4645 4645
    4708 4708 4774 4708 4708 4708 4842 4645 4645 4645 4645 4645 4645
    4645 4708 4708 4774 4708 4708 4708 4774 4645 4645 4645 4645 4645
    4645 4645 4708 4708 4708 4708 4708 4708 4774 4645 4645 4645 4645
    4645 4645 4645 4645 4645 4645 4645 4708 4911 4911 4645 4645 4645
    4645 4645 4645 4645 4645 4645 4645 4645 4645 4645 0 4645 4645 4645
    4645 4645 4645 4645 4645 4645 4645 4645 4645 0 0 4645 4645 4582 4582
    4645 4645 4645 4645 4645 4645 4645 4645 0 0 4645 4582 4582 4582 4645
    4645 4645 4645 4645 4645 4645 4645 0 0 4645 4582 4582 4582 4645 4645
    4645 4582 4582 4645 4645 4645 0 0</data></Depth6275>
</opencv_storage>
