<?xml version="1.0"?>
<opencv_storage>
<Depth18096 type_id="opencv-matrix">
  <rows>85</rows>
  <cols>114</cols>
  <dt>w</dt>
  <data>
    3576 3576 3614 3614 3614 3614 3614 3614 3614 3614 3614 3614 3653
    3653 3653 3653 3653 3653 3653 3653 3653 3653 3653 3653 3653 3653
    3653 3653 3653 3653 3653 3653 3653 3653 3653 3653 3653 3653 3653
    3653 3692 3692 3692 3692 3732 3732 3732 3732 3732 3732 3732 3732
    3732 3732 3732 3732 3692 3692 3732 3732 3732 3732 3732 3692 3692
    3732 3732 3732 3732 3732 3732 3732 3732 3732 3732 3732 3732 3732 666
    664 663 662 659 658 657 655 654 654 654 3732 3732 3732 657 3732 0
    3732 3732 3692 3692 3732 3774 3774 3774 3774 3774 3774 3774 3774
    3774 3732 3732 3732 3732 3732 3576 3614 3614 3614 3614 3614 3614
    3614 3614 3614 3614 3614 3653 3653 3653 3653 3653 3653 3653 3653
    3653 3653 3653 3653 3653 3653 3653 3653 3653 3653 3653 3653 3653
    3653 3653 3653 3653 3653 3692 3692 3692 3692 3692 3692 3732 3732
    3732 3732 3732 3732 3732 3732 3732 3732 3732 3732 3692 3692 3732
    3732 3732 3732 3692 3692 3692 3692 3692 3732 3732 3732 3732 3732
    3692 3692 3732 3732 3732 668 664 663 662 661 659 658 657 655 654 654
    654 654 654 657 0 0 0 0 0 3692 3692 3732 3774 3774 3774 3774 3774
    3774 3774 3774 3774 3774 3732 3732 3732 3732 3614 3614 3614 3614
    3614 3614 3614 3614 3614 3614 3614 3614 3614 3653 3653 3653 3653
    3653 3653 3653 3653 3653 3653 3653 3653 3653 3653 3653 3653 3653
    3653 3653 3653 3653 3653 3653 3653 3653 3653 3692 3692 3692 3653
    3653 3732 3732 3732 3732 3732 3732 3732 3732 3732 3732 3732 3732
    3732 3732 3692 3692 3732 3692 3692 3692 3692 3692 3692 3774 3774
    3732 3732 3732 3692 3692 3692 3732 3732 668 664 663 662 661 659 658
    655 655 654 654 654 654 657 657 659 0 0 0 0 0 3732 3732 3732 3774
    3774 3774 3774 3774 3774 3774 3774 3774 3774 3732 3732 3732 3614
    3614 3614 3614 3614 3614 3614 3614 3614 3614 3614 3614 3614 3614
    3653 3653 3653 3653 3653 3653 3653 3653 3653 3653 3653 3653 3653
    3653 3653 3653 3653 3653 3653 3653 3653 3653 3653 3653 3653 3692
    3692 3653 3653 3653 3732 3732 3732 3732 3732 3732 3732 3732 3692
    3692 3692 3732 3732 3732 3692 3692 3732 3692 719 719 3692 708 708
    708 3816 694 694 691 690 688 687 687 687 668 664 663 662 661 659 658
    655 655 654 654 654 655 657 659 659 653 0 0 0 0 0 3732 3732 3774
    3774 3774 3774 3774 3732 3732 3732 3732 3732 3732 3732 3732 3576
    3614 3614 3614 3614 3614 3614 3614 3614 3614 3614 3614 3614 3614
    3614 3614 3653 3653 3653 3653 3653 3653 3653 3653 3653 3653 3653
    3653 3653 3653 3653 3653 3653 3653 3653 3653 3653 3653 3653 3653
    3653 3653 3653 3653 3692 3732 3732 3692 3692 3732 3732 3732 3692
    3692 3692 3732 3732 3732 3732 3732 3732 3692 719 708 708 707 706 703
    697 693 693 691 688 687 683 679 675 670 666 664 662 661 659 658 657
    657 655 655 657 657 658 654 653 653 0 0 0 0 0 0 0 0 0 3774 3774 3732
    3732 3732 3732 3732 3732 3732 3732 3732 3576 3614 3614 3614 3614
    3614 3653 3653 3653 3614 3614 3614 3614 3614 3614 3614 3653 3653
    3653 3653 3653 3653 3653 3653 3653 3653 3653 3653 3653 3653 3653
    3653 3653 3653 3653 3653 3653 3653 3653 3653 3653 3653 3653 3653
    3692 3732 3692 3692 3692 0 0 3732 3692 3692 3692 3732 3732 3732 3774
    0 0 0 0 706 706 704 704 696 693 690 688 686 682 680 678 675 675 670
    667 664 663 661 661 659 658 657 655 655 657 657 655 653 653 653 654
    0 0 0 0 0 0 0 0 3774 3732 3732 3732 3732 3732 3732 3732 3774 3774
    3732 3576 3614 3614 3614 3614 3614 3653 3653 3614 3614 3614 3614
    3614 3614 3614 3614 3614 3614 3653 3653 3653 3653 3653 3653 3653
    3653 3653 3653 3653 3653 3653 3653 3614 3614 3614 3614 3653 3653
    3653 3653 3653 3653 3653 3653 3692 3732 3692 3692 0 0 0 0 0 0 0 0 0
    0 0 0 0 0 0 706 706 704 704 684 684 683 680 679 679 676 675 674 672
    668 664 664 664 663 661 659 658 657 655 655 657 655 654 653 653 653
    654 0 0 0 0 0 0 0 0 0 3732 3732 3732 3732 3732 3732 3732 3774 3774
    3732 3576 3614 3653 3614 3614 3614 3653 3653 3614 3614 3576 3576
    3614 3614 3614 3614 3614 3614 3614 3614 3614 811 809 809 809 809
    3653 3653 3653 3653 3653 3653 3576 3539 3539 3576 3653 3692 3692
    3653 3653 3653 0 3732 3732 3732 0 0 0 0 0 0 0 0 0 0 0 0 0 0 0 0 0 0
    687 686 686 684 684 678 676 675 675 674 672 663 663 663 663 664 664
    663 662 662 658 657 655 655 657 655 653 653 653 654 657 655 655 0 0
    0 0 0 0 0 3732 3732 3732 3732 3732 3732 3732 3774 3774 3732 3576
    3614 3653 3653 3653 3653 3653 3653 3614 3614 3576 3576 3614 3614
    3614 3614 3614 3614 807 805 805 803 803 803 803 783 783 3653 3653
    3653 0 0 3576 3539 3539 3576 0 0 0 0 0 0 0 0 0 0 0 0 0 0 0 0 0 0 0 0
    0 0 0 0 0 0 0 687 687 686 686 684 684 676 675 675 674 672 663 661
    658 657 657 657 657 657 658 658 658 657 657 657 657 655 653 653 653
    654 654 654 655 0 0 0 0 0 0 0 0 3774 3732 3732 3732 3732 3732 3732
    3732 3732 3576 3653 3653 3653 764 764 766 764 762 762 762 3576 3576
    754 796 796 794 794 794 802 805 790 790 783 781 781 781 781 781 783
    0 0 0 0 0 0 0 0 0 0 0 0 0 0 0 0 0 0 0 0 0 0 0 0 0 0 0 0 0 0 0 0 0 0
    0 0 629 676 676 676 675 675 674 672 663 661 658 657 657 657 657 0 0
    650 657 657 657 657 658 659 657 654 654 654 654 654 655 0 0 0 0 0 0
    0 3774 3774 3732 3732 3732 3732 3732 3732 3732 3732 3576 3614 3614
    767 764 764 766 762 762 762 761 755 755 754 754 794 790 790 785 783
    783 781 780 780 780 780 780 776 776 783 783 0 0 0 0 0 0 0 0 0 0 0 0
    0 0 0 0 0 0 0 0 0 0 0 0 0 0 0 0 0 0 0 0 0 0 0 0 0 601 601 613 613
    613 612 612 658 658 658 658 607 608 608 649 650 650 650 657 657 658
    659 659 655 655 654 654 0 0 0 0 0 0 0 0 3732 3732 3732 3732 3732
    3732 3732 3732 3692 3692 3692 3576 3576 769 767 766 766 764 762 762
    761 759 755 754 754 754 794 778 776 776 776 776 774 773 771 771 766
    766 769 774 774 774 0 0 0 0 0 0 0 0 0 0 0 0 0 0 0 0 0 0 654 654 0 0
    0 0 643 643 643 643 0 0 0 628 627 627 629 629 601 601 0 613 613 613
    612 612 611 611 611 607 607 608 608 649 648 648 648 648 650 650 654
    659 661 659 659 662 0 0 0 0 0 0 0 0 3732 3732 3732 3732 3732 3732
    3732 3732 3692 3692 3692 3539 3539 769 769 766 764 764 762 761 761
    757 754 754 754 755 769 769 771 769 769 764 764 764 764 764 766 766
    769 774 774 0 0 0 0 0 0 0 0 0 0 0 0 0 0 0 0 0 659 658 654 654 655
    653 653 648 643 643 643 638 636 636 635 628 627 627 601 601 601 601
    601 613 613 613 612 612 611 611 611 607 607 608 609 648 648 648 648
    648 647 644 643 642 642 663 662 662 0 0 0 0 0 0 0 0 0 3732 3732 3732
    3732 3732 3732 3732 3732 3692 3692 3539 3539 3539 769 762 762 762
    761 761 761 757 754 754 754 754 769 769 767 764 764 764 764 764 764
    764 764 710 710 706 0 0 0 0 0 0 691 690 690 0 0 0 0 0 668 666 664
    663 659 658 657 655 655 653 652 648 647 646 644 638 636 636 635 630
    629 629 601 601 601 601 601 601 613 612 610 610 610 610 609 606 606
    608 609 648 648 648 648 648 647 644 643 642 642 644 661 661 0 0 0 0
    0 0 0 0 0 3732 3732 3732 3732 3732 3732 3692 3692 3653 3653 769 769
    769 762 762 762 761 761 761 759 755 754 752 752 752 769 734 733 733
    728 723 723 722 722 752 752 710 710 706 706 700 694 693 693 693 690
    690 688 686 683 679 678 675 668 666 664 663 662 659 658 657 655 653
    652 650 648 647 644 642 638 637 635 632 630 630 601 601 601 601 601
    601 610 610 608 607 604 604 604 603 603 608 647 647 646 646 647 648
    647 646 644 644 644 644 648 649 0 0 0 0 0 0 0 0 0 3774 3732 3732
    3732 3732 3692 3692 3692 3653 3653 769 769 769 769 755 761 761 761
    761 759 755 754 752 752 752 752 733 733 730 728 723 723 722 719 714
    714 710 710 706 706 700 683 683 691 691 690 688 686 683 679 678 676
    675 672 670 648 647 647 661 659 658 657 654 652 650 648 647 644 642
    642 615 613 612 608 608 601 601 601 602 601 600 600 610 604 603 603
    603 602 602 603 630 630 644 644 644 646 647 648 647 646 644 644 646
    648 648 649 0 0 0 0 0 0 0 0 3816 3774 3774 3732 3732 3692 3692 3653
