<?xml version="1.0"?>
<opencv_storage>
<Depth19495 type_id="opencv-matrix">
  <rows>6</rows>
  <cols>22</cols>
  <dt>w</dt>
  <data>
    6375 6375 6259 6259 6259 6375 6375 6375 6375 6375 6375 6375 6259
    6259 6259 6259 6375 6375 6497 6497 6497 7178 6146 6146 6146 6146
    6146 6146 6259 6259 6259 6259 6259 6259 6259 6259 6259 6259 6259
    6259 6259 6259 6259 6259 5933 6038 6146 6146 6146 6146 6259 6259
    6259 6259 6259 6259 6259 6259 6259 6259 6259 6259 6259 6146 6146
    6146 5933 6038 6146 6146 6146 6146 6259 6259 6259 6259 6259 6259
    6259 6259 6259 6259 6259 6259 6259 6146 6146 6146 0 6259 6259 6259
    6259 6259 6259 6259 6259 6259 6259 6259 6259 6259 6259 6259 6259
    6146 6146 6259 6146 6146 0 0 6375 6259 6259 6146 6146 6146 6259 6259
    6259 6259 6146 6146 6146 6259 6259 6146 6146 6259 6146 6146</data></Depth19495>
</opencv_storage>
