<?xml version="1.0"?>
<opencv_storage>
<Depth11166 type_id="opencv-matrix">
  <rows>117</rows>
  <cols>64</cols>
  <dt>w</dt>
  <data>
    3399 3399 3399 3365 3365 3399 3399 3433 3399 3399 3399 3399 3365
    3365 3365 3365 3365 3365 3333 3333 3333 3333 3333 3333 3333 3300
    3300 3300 3300 3269 3269 3269 3269 3269 3238 3238 3238 3238 3238
    3238 3238 3208 3208 3208 3208 3208 3208 3208 3208 3208 3208 3208
    1157 1157 1165 1165 1165 1165 1165 3149 3149 3092 3092 3149 3433
    3399 3399 3365 3365 3399 3399 3433 3433 3399 3399 3399 3365 3365
    3365 3365 3365 3365 3333 3333 3333 3333 3333 3333 3333 3300 3300
    3300 3300 3269 3269 3269 3269 3238 3238 3238 3238 3238 3238 3238
    3238 3208 3208 3208 3208 3178 3178 3178 3178 3178 3178 3208 1157
    1157 1165 1165 1165 1165 1165 1165 3092 3092 3092 3149 3433 3399
    3399 3365 3365 3399 1153 1153 1153 3399 3399 3399 3399 3365 3365
    3365 3365 3365 3333 3333 3333 3333 3333 3333 3333 3300 3300 3300
    3300 3300 3269 3269 3269 3238 3238 3238 3238 3238 3238 3238 3208
    3208 3208 3149 3149 3064 3064 3120 3149 3149 3149 1097 1097 1161
    1165 1165 1165 1165 1165 0 3120 3120 3120 3120 3433 3433 3399 3365
    3365 3399 1149 1149 1149 1149 3399 3399 3365 3365 3333 3333 3365
    3365 3365 3365 3333 3333 3333 3333 3333 3333 3333 3333 3300 3300
    3300 3269 3238 3208 3208 3208 1105 1105 1105 1105 3208 1097 1097
    1097 1101 1101 1101 1101 1097 1097 1097 1097 1094 1094 1165 1165
    1165 1165 1165 1084 1084 3120 3120 3120 3433 3399 3399 3365 3365
    1153 1149 1149 1141 1141 1138 1130 1130 1130 1130 1134 1134 3365
    3365 1123 1123 1115 1115 1115 3333 3333 3333 3333 3333 3333 1108
    1105 1105 3178 1105 1105 1105 1105 1105 1101 1097 1097 1097 1097
    1097 1097 1101 1097 1097 1097 1094 1094 1094 1090 1090 1090 1090
    1087 1084 1084 1084 1084 0 3149 3433 3399 3399 1145 1145 1145 1145
    1141 1138 1134 1134 1130 1130 1130 1130 1134 1134 1130 1126 1123
    1123 1115 1115 1115 1115 1115 1115 1112 1108 1108 1108 1105 1105
    1105 1105 1105 1105 1101 1101 1097 1097 1097 1097 1097 1097 1097
    1097 1097 1097 1097 1094 1094 1094 1090 1090 1090 1090 1087 1084
    1084 0 0 0 3149 3468 3399 1149 1145 1145 1145 1141 1138 1138 1134
    1134 1134 1134 1134 1134 1130 1130 1130 1126 1123 1123 1119 1115
    1115 1115 1115 1112 1112 1108 1108 1108 1105 1105 1105 1105 1105
    1105 1101 1101 1097 1097 1097 1094 1094 1094 1094 1097 1097 1097
    1094 1094 1094 1094 1090 1090 1090 1090 1087 1084 1084 1084 0 0 3120
    3468 1149 1149 1145 1141 1141 1141 1138 1138 1134 1134 1134 1134
    1130 1130 1126 1126 1126 1126 1123 1123 1119 1115 1115 1115 1112
    1112 1108 1108 1108 1108 1105 1105 1105 1105 1105 1105 1101 1101
    1101 1097 1097 1094 1094 1094 1094 1097 1094 1094 1094 1094 1094
    1090 1090 1090 1090 1087 1084 1084 1084 1084 0 3120 3120 1149 1149
    1145 1145 1141 1141 1138 1138 1138 1134 1134 1134 1130 1130 1126
    1126 1126 1123 1123 1123 1123 1119 1115 1115 1115 1112 1112 1108
    1108 1108 1108 1108 1105 1105 1105 1105 1105 1101 1101 1101 1097
    1097 1094 1094 1094 1094 1097 1094 1094 1094 1094 1094 1090 1090
    1090 1090 1087 1084 1084 1084 0 0 0 3120 1149 1149 1145 1145 1141
    1141 1138 1138 1138 1134 1134 1134 1130 1130 1126 1126 1126 1123
    1123 1123 1123 1119 1119 1115 1115 1112 1112 1108 1108 1108 1108
    1108 1105 1105 1105 1105 1105 1101 1101 1101 1097 1097 1097 1097
    1094 1094 1094 1094 1094 1094 1094 1090 1090 1090 1090 1090 1087
    1084 1084 1084 0 0 0 3149 1149 1149 1149 1145 1141 1141 1138 1138
    1138 1134 1134 1134 1134 1130 1126 1126 1126 1126 1123 1123 1123
    1123 1119 1115 1115 1112 1112 1112 1108 1108 1108 1108 1105 1105
    1105 1105 1105 1105 1101 1101 1101 1097 1097 1097 1094 1094 1094
    1094 1094 1094 1094 1090 1090 1090 1090 1087 1087 1084 1084 1084 0 0
    0 3149 1149 1149 1149 1145 1141 1141 1141 1138 1138 1134 1134 1134
    1134 1130 1126 1126 1126 1123 1123 1123 1123 1119 1119 1119 1119
    1115 1115 1112 1108 1108 1108 1108 1105 1105 1105 1105 1105 1105
    1105 1101 1097 1097 1097 1097 1094 1094 1094 1094 1094 1094 1094
    1090 1090 1090 1087 1087 1087 1084 1084 1084 0 0 0 3178 1149 1149
    1149 1145 1145 1145 1141 1138 1138 1134 1134 1134 1134 1130 1126
    1126 1126 1123 1123 1123 1123 1119 1119 1119 1119 1119 1115 1115
    1112 1112 1108 1108 1105 1105 1105 1105 1105 1105 1105 1101 1097
    1097 1097 1094 1094 1094 1094 1094 1094 1094 1094 1090 1090 1090
    1087 1087 1087 1084 1084 1084 0 0 0 3149 1149 1149 1149 1145 1145
    1145 1141 1138 1138 1134 1134 1134 1134 1130 1126 1126 1126 1126
    1123 1123 1123 1119 1119 1119 1119 1119 1115 1115 1112 1112 1108
    1108 1108 1105 1105 1105 1105 1105 1105 1101 1097 1097 1097 1094
    1094 1094 1094 1094 1094 1094 1094 1094 1090 1090 1087 1087 1087
    1084 1084 1084 0 0 0 3149 1153 1153 1149 1149 1145 1145 1141 1141
    1138 1138 1134 1134 1134 1130 1130 1126 1123 1123 1123 1123 1123
    1119 1119 1119 1119 1119 1115 1112 1112 1112 1108 1108 1108 1105
    1105 1105 1105 1105 1105 1101 1101 1097 1097 1094 1094 1094 1097
    1097 1097 1094 1094 1090 1090 1090 1090 1087 1087 1084 1084 1084 0 0
    0 3149 1149 0 1149 1149 1145 1145 1141 1141 1138 1134 1134 1134 1134
    1130 1130 1126 1123 1123 1123 1123 1123 1119 1119 1119 1119 1119
    1115 1112 1112 1112 1108 1108 1108 1105 1105 1105 1105 1105 1105
    1101 1101 1097 1097 1094 1094 1094 1097 1097 1097 1094 1094 1090
    1090 1090 1090 1090 1087 1087 1084 1084 0 0 0 3149 0 0 1149 1149
    1145 1145 1141 1138 1138 1134 1134 1134 1134 1130 1130 1126 1123
    1123 1123 1123 1123 1119 1119 1119 1119 1119 1115 1112 1112 1108
    1108 1108 1108 1108 1105 1105 1105 1105 1105 1101 1101 1097 1097
    1094 1094 1094 1097 1097 1097 1094 1094 1090 1090 1090 1090 1090
    1090 1087 1084 1084 0 0 0 3149 0 0 1149 1149 1145 1145 1141 1138
    1138 1134 1134 1134 1134 1134 1130 1126 1126 1123 1123 1123 1123
    1119 1119 1119 1119 1119 1115 1112 1112 1108 1108 1108 1108 1108
    1105 1105 1105 1105 1105 1105 1101 1097 1097 1094 1094 1094 1097
    1097 1097 1094 1094 1094 1094 1094 1090 1090 1090 1087 1084 1084 0 0
    0 3178 0 0 1149 1149 1145 1141 1141 1138 1138 1134 1134 1134 1134
    1130 1130 1126 1126 1123 1123 1123 1123 1119 1119 1119 1115 1115
    1115 1112 1112 1112 1112 1112 1112 1108 1108 1108 1108 1105 1105
    1105 1101 1101 1097 1094 1094 1094 1097 1097 1097 1094 1094 1094
    1094 1094 1090 1090 1090 1087 1087 1087 0 0 0 0 0 1153 1153 1149
    1145 1141 1141 1138 1138 1134 1134 1134 1134 1130 1130 1126 1126
    1123 1123 1123 1123 1119 1119 1119 1115 1115 1115 1115 1115 1115
    1112 1112 1108 1108 1108 1108 1108 1105 1105 1105 1101 1101 1097
    1097 1097 1097 1097 1097 1097 1094 1094 1094 1094 1094 1090 1090
    1090 1087 1084 1084 0 0 0 0 0 1149 1149 1149 1145 1145 1141 1138
    1138 1138 1134 1134 1134 1130 1130 1126 1126 1126 1123 1123 1123
    1119 1119 1119 1115 1115 1115 1115 1115 1115 1112 1112 1108 1108
    1105 1105 1105 1105 1105 1105 1105 1101 1101 1101 1094 1094 1097
    1097 1097 1094 1094 1094 1094 1094 1090 1090 1090 1087 1084 1084 0 0
    0 0 0 1149 1149 1149 1145 1145 1141 1141 1138 1134 1134 1134 1134
    1130 1130 1126 1126 1126 1123 1123 1123 1119 1119 1119 1119 1119
    1115 1115 1115 1112 1112 1108 1108 1108 1105 1105 1105 1105 1105
    1105 1105 1105 1101 1101 1094 1094 1097 1097 1097 1094 1094 1094
    1094 1094 1090 1090 1087 1087 1084 1084 0 0 0 0 0 1149 1149 1149
    1149 1145 1141 1141 1138 1134 1134 1134 1134 1130 1130 1126 1126
    1126 1123 1123 1123 1123 1119 1119 1119 1119 1115 1112 1112 1112
    1108 1108 1108 1108 1108 1108 1105 1105 1105 1105 1105 1105 1101
    1101 1097 1097 1097 1097 1097 1094 1094 1094 1094 1094 1090 1090
    1087 1087 1084 1084 0 0 0 0 0 1149 1149 1149 1149 1145 1141 1141
    1138 1138 1134 1134 1130 1130 1130 1126 1126 1126 1126 1126 1123
    1123 1123 1119 1119 1119 1115 1112 1112 1112 1108 1108 1108 1108
    1105 1105 1105 1105 1101 1101 1101 1105 1097 1097 1097 1097 1097
