<?xml version="1.0"?>
<opencv_storage>
<Depth9182 type_id="opencv-matrix">
  <rows>12</rows>
  <cols>14</cols>
  <dt>w</dt>
  <data>
    1572 1564 1564 1564 1564 1564 1579 5374 5374 5374 5460 5460 5460
    5460 1572 1572 5291 5374 5374 5374 5374 5374 5374 5374 5460 5460
    5460 5374 5548 5291 5291 5374 5374 5374 5374 5374 5374 5374 5460
    5460 5460 5374 5548 5548 5460 5460 5460 5460 5460 5374 5374 5374
    5460 5460 5460 5374 5548 5460 5460 5460 5460 5460 5460 5460 5460
    5460 5460 5460 5460 5460 5460 5460 5460 5460 5460 5460 5460 5460
    5460 5460 5460 5460 5460 5460 5460 5460 5460 5460 5460 5460 5460
    5460 5460 5460 5460 5374 5374 5460 5548 5460 5460 5460 5460 5460
    5460 5460 5460 5460 5460 5291 5291 5460 5640 5640 5548 5548 5548
    5460 5460 5460 5460 5460 5460 5291 5291 5374 5640 5640 5548 5548
    5548 5548 5460 5460 5374 5374 5460 5374 5374 5374 3774 3774 5548
    5548 5548 5548 5460 5460 5374 5374 5460 5374 5374 5374 3774 3774
    4349 5548 5548 5548 5460 5460 5374 5374 5374 5374 5291 5291</data></Depth9182>
</opencv_storage>
