<?xml version="1.0"?>
<opencv_storage>
<Depth17357 type_id="opencv-matrix">
  <rows>90</rows>
  <cols>53</cols>
  <dt>w</dt>
  <data>
    3732 3732 3774 3774 1338 1338 1338 1343 1343 3816 3816 3816 3816
    3816 3859 3859 3859 3859 3859 3859 3859 3859 3903 3903 3903 3903
    3948 3948 3948 3994 3994 3994 3994 3994 3994 3994 3994 3994 3994
    3994 3994 4041 4089 4089 4139 4139 4139 1349 1349 1349 4139 4190
    4190 3732 3732 1333 1333 1338 1338 1338 1333 1328 1328 1328 1328
    3859 3859 3859 3859 3859 3859 3859 3859 3859 3903 3903 3903 3903
    3903 1354 1354 3948 3948 3994 3994 3994 3994 3994 3994 3994 3994
    3994 3994 3994 1370 1370 1370 1359 1354 1343 1343 1349 1349 1349
    1349 4190 1322 1322 1328 1333 1338 1338 1333 1328 1328 1328 1328
    1328 1328 1328 1328 1328 1317 1312 1312 1312 1317 1317 1307 1312
    1312 1312 1312 1312 1312 1317 1312 1312 1288 1288 3994 3994 3994
    3903 1292 1292 1370 1370 1370 1370 1359 1354 1343 1343 1349 1349
    1349 1349 4190 1322 1322 1328 1338 1338 1333 1328 1328 1322 1322
    1328 1328 1328 1328 1328 1328 1317 1312 1312 1312 1317 1317 1307
    1307 1312 1312 1312 1307 1307 1312 1307 1292 1288 1283 1283 1283
    1288 1288 1292 1288 1288 1288 1288 1288 1288 1359 1349 1278 1273
    1273 1273 1273 4190 1328 1328 1333 1333 1333 1328 1328 1322 1322
    1322 1328 1328 1328 1328 1328 1328 1312 1312 1312 1312 1312 1312
    1307 1307 1312 1312 1307 1307 1307 1307 1292 1292 1288 1283 1283
    1283 1288 1288 1292 1288 1288 1288 1288 1288 1283 1278 1273 1273
    1273 1273 1273 1273 1273 1328 1328 1333 1328 1328 1328 1322 1322
    1322 1322 1322 1322 1322 1322 1322 1322 1312 1312 1312 1312 1307
    1307 1307 1307 1307 1307 1307 1302 1302 1292 1292 1292 1292 1288
    1288 1288 1288 1292 1292 1288 1288 1288 1288 1283 1278 1278 1273
    1273 1273 1273 1273 1273 0 1328 1328 1328 1328 1328 1328 1322 1322
    1322 1322 1322 1322 1322 1322 1317 1312 1312 1312 1312 1307 1307
    1307 1307 1307 1307 1302 1302 1297 1297 1292 1292 1292 1292 1292
    1292 1288 1288 1288 1288 1288 1288 1283 1283 1278 1278 1273 1273
    1273 1273 1273 1273 1273 0 1328 1328 1328 1328 1328 1328 1328 1322
    1322 1322 1322 1322 1322 1322 1317 1312 1312 1312 1307 1307 1307
    1307 1307 1307 1302 1302 1302 1297 1297 1292 1292 1292 1292 1292
    1292 1288 1288 1288 1288 1288 1283 1283 1278 1278 1278 1273 1273
    1273 1273 1273 1273 1273 1333 1328 1333 1328 1328 1328 1328 1328
    1322 1322 1322 1322 1322 1322 1322 1317 1312 1312 1312 1307 1307
    1307 1307 1307 1307 1302 1302 1297 1297 1297 1292 1292 1292 1292
    1292 1292 1288 1288 1288 1288 1283 1283 1278 1278 1278 1273 1273
    1273 1273 1273 1273 1273 1333 1333 1333 1333 1328 1328 1328 1328
    1328 1322 1322 1322 1328 1322 1322 1322 1317 1312 1312 1312 1307
    1307 1307 1307 1307 1307 1302 1302 1297 1297 1297 1292 1292 1292
    1292 1292 1292 1292 1288 1288 1283 1283 1283 1278 1278 1278 1273
    1273 1273 1273 1273 1273 1273 1333 1333 1338 1333 1328 1328 1328
    1328 1328 1322 1322 1322 1328 1328 1328 1322 1322 1312 1312 1312
    1307 1307 1307 1307 1307 1307 1302 1302 1302 1297 1297 1292 1292
    1292 1292 1292 1292 1292 1288 1288 1283 1283 1283 1278 1278 1278
    1278 1278 1273 1273 1273 1273 1273 1273 1273 1338 1333 1328 1328
    1328 1328 1328 1322 1322 1322 1322 1322 1328 1322 1322 1312 1312
    1312 1312 1307 1307 1307 1307 1307 1307 1302 1302 1297 1292 1292
    1292 1292 1292 1292 1292 1288 1288 1288 1283 1283 1283 1278 1278
    1278 1278 1278 1273 1273 1273 1273 1273 1273 0 1338 1333 1328 1328
    1328 1328 1328 1322 1322 1322 1322 1322 1322 1322 1317 1312 1312
    1312 1312 1307 1307 1307 1307 1307 1307 1307 1302 1297 1292 1292
    1292 1292 1292 1292 1292 1288 1288 1288 1283 1283 1283 1283 1283
    1283 1278 1278 1273 1273 1273 1273 1273 1273 0 1338 1333 1333 1328
    1328 1328 1328 1322 1322 1322 1328 1322 1322 1322 1317 1312 1312
    1312 1312 1307 1307 1307 1307 1307 1307 1307 1307 1302 1292 1292
    1292 1292 1292 1292 1292 1288 1288 1288 1283 1283 1283 1283 1283
    1283 1278 1273 1273 1273 1273 1268 1268 1268 0 1333 1333 1333 1328
    1328 1328 1322 1322 1322 1322 1328 1328 1322 1322 1317 1312 1312
    1312 1312 1307 1307 1307 1307 1307 1307 1302 1302 1302 1302 1292
    1292 1292 1292 1292 1288 1288 1288 1288 1283 1283 1283 1283 1283
    1283 1278 1273 1273 1273 1273 1268 1268 1268 0 1333 1333 1333 1328
    1328 1328 1322 1322 1322 1322 1328 1328 1322 1322 1317 1312 1312
    1312 1312 1312 1307 1307 1307 1307 1307 1302 1302 1302 1302 1292
    1292 1292 1292 1292 1288 1288 1288 1288 1288 1283 1283 1283 1283
    1283 1278 1273 1273 1273 1273 1273 1273 1273 0 1333 1333 1328 1328
    1328 1328 1322 1322 1322 1322 1328 1328 1328 1328 1317 1312 1312
    1312 1312 1312 1307 1307 1307 1307 1307 1302 1302 1297 1297 1297
    1292 1292 1292 1292 1292 1288 1288 1288 1288 1288 1283 1283 1283
    1278 1278 1273 1273 1273 1273 1273 1273 1273 1268 1333 1333 1328
    1328 1328 1328 1328 1322 1322 1322 1328 1328 1328 1322 1317 1317
    1312 1312 1312 1312 1307 1307 1307 1307 1307 1302 1302 1297 1297
    1297 1292 1292 1292 1292 1292 1288 1288 1288 1288 1283 1283 1283
    1283 1278 1278 1273 1273 1273 1273 1273 1268 1268 1268 1333 1333
    1328 1328 1328 1328 1328 1322 1322 1322 1328 1328 1322 1322 1322
    1317 1312 1312 1312 1307 1307 1307 1307 1307 1307 1302 1302 1297
    1297 1297 1292 1292 1292 1292 1292 1292 1288 1288 1288 1283 1283
    1283 1283 1278 1278 1273 1273 1273 1273 1273 1268 1268 1268 1338
    1333 1328 1328 1328 1328 1322 1322 1322 1322 1328 1322 1322 1322
    1317 1317 1312 1312 1312 1307 1307 1307 1307 1307 1307 1302 1302
    1297 1297 1297 1292 1292 1292 1292 1292 1292 1288 1288 1288 1288
    1283 1283 1283 1278 1278 1273 1273 1273 1273 1273 1273 1273 1273
    1338 1333 1328 1328 1328 1328 1322 1322 1322 1322 1328 1322 1322
    1317 1317 1312 1312 1312 1312 1307 1307 1307 1307 1307 1307 1307
    1302 1302 1297 1297 1292 1292 1292 1292 1292 1292 1288 1288 1288
    1288 1283 1283 1283 1278 1273 1273 1273 1273 1273 1273 1273 1273
    1273 1338 1333 1333 1328 1328 1328 1322 1322 1322 1322 1328 1322
    1322 1317 1317 1312 1312 1312 1312 1307 1307 1307 1307 1307 1307
    1307 1307 1302 1297 1297 1292 1292 1292 1292 1292 1292 1288 1288
    1288 1288 1288 1283 1283 1273 1273 1273 1273 1273 1273 1273 1273
    1278 1278 1333 1333 1333 1333 1328 1328 1328 1322 1322 1322 1328
    1322 1322 1317 1317 1317 1312 1312 1312 1307 1307 1307 1307 1307
    1307 1307 1307 1302 1297 1297 1292 1292 1292 1292 1292 1292 1288
    1288 1288 1288 1288 1283 1283 1273 1273 1273 1273 1273 1273 1273
    1273 1273 1273 1333 1333 1333 1328 1328 1328 1328 1322 1322 1322
    1328 1328 1322 1317 1317 1312 1312 1312 1312 1307 1307 1307 1307
    1307 1307 1307 1307 1307 1302 1302 1297 1297 1292 1292 1292 1292
    1288 1288 1288 1288 1288 1283 1283 1278 1273 1273 1273 1273 1273
    1273 1273 1273 0 1333 1333 1333 1328 1328 1328 1328 1322 1322 1322
    1328 1328 1322 1317 1317 1312 1312 1312 1312 1307 1307 1307 1307
    1307 1307 1307 1307 1307 1302 1302 1297 1297 1292 1292 1292 1292
    1288 1288 1288 1288 1288 1288 1283 1278 1273 1273 1273 1273 1273
    1273 1273 1273 0 1333 1333 1333 1328 1328 1328 1328 1322 1322 1322
    1328 1328 1322 1317 1317 1312 1312 1312 1312 1312 1312 1307 1307
    1307 1307 1307 1307 1307 1302 1302 1297 1297 1297 1292 1292 1292
    1288 1288 1288 1288 1288 1288 1283 1278 1278 1273 1273 1273 1273
    1268 1268 1268 0 1338 1333 1333 1328 1328 1328 1328 1322 1322 1322
    1328 1322 1322 1322 1317 1317 1312 1312 1312 1312 1312 1307 1307
    1307 1307 1302 1302 1302 1302 1297 1297 1297 1297 1292 1292 1292
    1288 1288 1288 1288 1288 1288 1278 1278 1278 1278 1278 1273 1273
    1268 1268 1268 1273 1343 1338 1333 1328 1328 1322 1322 1322 1322
    1322 1328 1322 1322 1322 1317 1317 1312 1312 1312 1312 1312 1307
    1307 1307 1302 1302 1302 1302 1302 1297 1297 1297 1297 1292 1292
    1292 1288 1288 1288 1288 1288 1288 1278 1278 1283 1283 1283 1278
