<?xml version="1.0"?>
<opencv_storage>
<Depth18173 type_id="opencv-matrix">
  <rows>35</rows>
  <cols>13</cols>
  <dt>w</dt>
  <data>
    3468 3468 3503 3503 3503 3503 3433 3433 3468 3468 3468 3503 3539
    3468 3468 3503 3503 3503 3503 3433 3433 3468 3468 3468 3503 3503
    3433 3433 3433 3433 3468 3468 3433 3433 3468 3468 3468 3468 3468
    3399 3399 3399 3433 3433 3433 3433 3433 3468 3468 3433 3433 2116
    3399 3399 3399 3399 3399 3433 3468 3468 3468 3468 3433 3433 2116
    3399 3399 3399 3399 3399 3433 3433 3433 3433 3468 3433 2116 2116
    3399 3399 3399 3399 3433 3433 3433 3433 3433 3468 3468 2116 2116
    3399 3399 3399 3399 3433 3399 3399 3399 3433 3468 3468 2116 2116
    3399 3399 3399 3433 3433 3399 3399 3399 3433 3468 3468 2116 2116
    3399 3399 3433 3433 3433 3399 3399 3399 3433 3433 3433 3433 2129
    3399 3399 3433 3433 3433 3433 3433 3433 3433 3433 3433 3433 3433
    3399 3433 3433 3433 3433 3433 3433 3433 3433 3433 3433 3433 3433
    3399 3399 3399 3433 3433 3433 3433 3433 3433 3433 3433 3433 3468
    3399 3399 3399 3399 3399 3433 3433 3433 3468 3468 3468 3468 3468
    3365 3365 3399 3399 3399 3399 3399 3399 3433 3433 3468 3468 2143
    3365 3365 3399 3399 3399 3399 3399 3399 3433 3433 3433 3468 2143
    3365 3365 3399 3399 3399 3399 3399 3399 3433 3433 3433 3433 2170
    3365 3365 3365 3365 3399 3399 3399 3399 3433 3433 3433 3433 2170
    3333 3333 3333 3333 3333 3365 3399 3399 3399 3433 3433 3433 2143
    3333 3333 3333 3333 3333 3365 3399 3399 3365 3365 3433 3433 2143
    3300 3300 3333 3333 3365 3399 3399 3399 3365 3365 3433 3433 3433
    3300 3300 3333 3333 3365 3399 3399 3399 3399 3399 3433 3433 3433
    3300 3300 3333 3365 3365 3399 3399 3399 3399 3399 3399 3399 3399
    3269 3300 3333 3333 3365 3399 3399 3399 3399 3399 3399 3399 3399
    3269 3300 3333 3333 3399 3399 3399 3399 3433 3433 3433 3433 3433
    3300 3300 3333 3333 3399 3399 3399 3433 3433 3433 3433 3433 3468
    3300 3300 3333 3333 3399 3399 3399 3399 3399 3433 3468 3468 3468
    3300 3300 3300 3333 3399 3399 3399 3399 3399 3399 3399 3433 3433
    3300 3300 3300 3333 3365 3365 3365 3333 3333 3365 3365 3433 2170
    3300 3300 3300 3333 3365 3365 3333 3300 2116 2116 2129 2143 2156
    3300 3300 3333 3333 3365 3365 3333 3300 2116 2116 2129 2143 2143
    3300 3300 3333 3333 3365 3365 2116 2116 2116 2129 2129 2129 2129
    3300 3300 3300 3333 3365 2116 2116 2103 2103 2116 2129 2129 2129
    3300 3300 3300 2116 2103 2078 2078 2090 2090 2103 2090 2090 2129
    3269 3300 2103 2103 2103 2078 2078 2078 2078 2090 2090 2090 2116</data></Depth18173>
</opencv_storage>
