<?xml version="1.0"?>
<opencv_storage>
<Depth16693 type_id="opencv-matrix">
  <rows>70</rows>
  <cols>32</cols>
  <dt>w</dt>
  <data>
    3365 3365 3365 3365 3365 3365 3399 3399 3399 3399 3399 3433 3433
    3468 3433 1477 1477 1477 3433 1483 1483 1483 1489 1483 1483 1483
    1489 1489 3503 3503 3503 3503 3333 3365 3365 3365 3365 3365 3399
    3399 3399 3399 1464 1464 1464 1464 1470 1470 1470 1470 1470 1470
    1470 1477 1483 1483 1483 1483 1483 1483 1483 3503 3503 3503 3333
    3333 3365 3365 3365 3399 3399 3399 1452 1452 1458 1458 1464 1464
    1464 1464 1464 1470 1464 1464 1470 1477 1477 1477 1477 1477 1477
    1477 1483 1483 3503 3503 3333 3333 3365 3365 3365 3365 1452 1452
    1452 1452 1452 1452 1458 1458 1458 1464 1464 1464 1464 1464 1464
    1470 1470 1470 1470 1477 1477 1477 1483 1483 3539 3539 3333 3333
    3333 1632 1458 1458 1452 1452 1452 1452 1452 1452 1452 1452 1452
    1458 1464 1464 1464 1464 1464 1464 1470 1470 1470 1470 1470 1470
    1477 1477 3539 3539 3333 1632 1632 1632 1632 1458 1452 1452 1458
    1452 1452 1452 1452 1452 1452 1458 1464 1464 1464 1464 1464 1464
    1470 1470 1470 1470 1470 1470 1477 1477 3539 3539 3269 1616 1601
    1579 1564 1516 1458 1458 1458 1452 1452 1452 1452 1452 1452 1458
    1464 1464 1464 1464 1464 1464 1464 1470 1470 1470 1470 1470 1477
    1477 3539 3539 3238 1616 1601 1579 1564 1509 1470 1464 1458 1452
    1445 1445 1445 1452 1452 1452 1458 1458 1464 1464 1464 1464 1464
    1464 1464 1464 1470 1470 1470 1470 3539 3539 1632 1616 1601 1579
    1564 1509 1489 1464 1458 1452 1445 1445 1445 1452 1452 1452 1452
    1458 1458 1458 1464 1464 1464 1464 1464 1464 1464 1470 1470 1470
    3539 3539 1632 1624 1609 1579 1564 1516 1496 1477 1458 1452 1445
    1445 1452 1452 1452 1452 1452 1458 1458 1458 1458 1458 1458 1464
    1464 1464 1464 1470 1470 1470 3539 3539 1632 1624 1616 1579 1557
    1516 1503 1470 1458 1452 1452 1452 1452 1452 1452 1452 1452 1458
    1458 1458 1458 1458 1458 1464 1464 1464 1464 1470 1470 1470 3576
    3576 1632 1624 1616 1579 1543 1529 1503 1470 1452 1452 1445 1445
    1452 1452 1452 1452 1452 1452 1458 1458 1458 1458 1458 1464 1464
    1464 1464 1470 1470 1470 1470 3614 1632 1632 1609 1579 1543 1529
    1503 1470 1452 1452 1445 1439 1439 1445 1445 1452 1452 1452 1452
    1458 1458 1458 1458 1464 1464 1464 1464 1464 1470 1470 1470 3539
    1632 1624 1609 1579 1543 1536 1503 1470 1452 1452 1439 1439 1439
    1445 1445 1445 1445 1452 1452 1458 1458 1458 1458 1458 1458 1464
    1464 1464 1464 1464 1464 3503 1632 1624 1609 1579 1543 1529 1503
    1470 1452 1445 1439 1439 1439 1439 1439 1439 1445 1445 1452 1458
    1458 1458 1458 1458 1458 1458 1464 1464 1464 1464 1464 3503 1624
    1616 1601 1586 1543 1529 1489 1470 1452 1445 1439 1439 1439 1439
    1439 1439 1439 1445 1452 1452 1458 1458 1458 1458 1458 1458 1464
    1464 1458 1458 1458 3503 1624 1616 1601 1586 1550 1536 1489 1470
    1445 1439 1439 1439 1439 1439 1439 1439 1439 1445 1445 1452 1452
    1452 1458 1458 1458 1458 1464 1464 1458 1458 1458 3503 1624 1624
    1609 1586 1543 1529 1489 1458 1445 1439 1439 1439 1439 1439 1439
    1445 1445 1445 1445 1452 1452 1452 1452 1452 1458 1458 1458 1464
    1458 1458 1458 3503 1624 1624 1609 1586 1536 1529 1483 1458 1445
    1439 1439 1439 1439 1439 1445 1445 1439 1439 1439 1445 1445 1452
    1452 1452 1452 1458 1458 1458 1458 1458 1458 3503 1624 1624 1609
    1550 1529 1516 1483 1452 1439 1433 1433 1439 1439 1439 1445 1445
    1439 1439 1439 1439 1445 1445 1445 1452 1452 1458 1458 1458 1458
    1458 1458 3503 1616 1616 1601 1550 1529 1516 1489 1452 1439 1433
    1433 1433 1433 1439 1439 1439 1439 1439 1439 1439 1445 1445 1445
    1445 1452 1452 1458 1458 1458 1458 1458 3468 1616 1609 1601 1564
    1529 1509 1489 1452 1439 1433 1433 1433 1433 1433 1439 1439 1439
    1439 1439 1439 1439 1445 1445 1445 1452 1452 1458 1458 1458 1458
    1458 3468 3238 1609 1601 1564 1536 1509 1489 1458 1439 1433 1433
    1433 1433 1433 1439 1439 1439 1439 1439 1439 1439 1445 1445 1445
    1452 1452 1458 1458 1458 1458 1458 3468 3238 1601 1601 1564 1536
    1516 1489 1477 1439 1433 1433 1433 1433 1433 1433 1433 1439 1439
    1439 1439 1439 1439 1445 1445 1445 1452 1452 1458 1458 1458 1458
    3503 3238 1601 1601 1594 1550 1516 1489 1470 1439 1433 1433 1433
    1433 1433 1433 1433 1433 1439 1439 1439 1439 1439 1445 1445 1445
    1452 1452 1452 1452 1452 1452 3503 3238 1601 1601 1594 1550 1516
    1483 1464 1439 1433 1427 1427 1427 1427 1433 1433 1433 1433 1433
    1439 1439 1439 1439 1439 1445 1445 1445 1452 1452 1452 1452 3503
    3238 1601 1601 1564 1550 1516 1477 1458 1439 1433 1427 1427 1421
    1421 1427 1427 1427 1433 1433 1433 1439 1439 1439 1439 1439 1445
    1445 1452 1452 1452 1452 3503 3238 1594 1594 1564 1543 1516 1477
    1458 1439 1433 1427 1421 1421 1421 1421 1421 1427 1433 1433 1433
    1439 1439 1439 1439 1439 1445 1445 1445 1452 1452 1452 3503 3238
    1594 1594 1564 1536 1516 1489 1464 1445 1433 1427 1421 1421 1421
    1421 1421 1427 1433 1433 1433 1433 1439 1439 1439 1439 1439 1439
    1439 1445 1445 1445 1445 3238 1601 1594 1564 1536 1516 1489 1464
    1445 1433 1427 1421 1421 1421 1421 1421 1433 1433 1433 1433 1433
    1439 1439 1439 1439 1439 1439 1439 1439 1439 1445 1445 1624 1601
    1594 1564 1543 1516 1489 1464 1452 1439 1427 1421 1421 1421 1427
    1427 1433 1433 1433 1433 1433 1433 1433 1439 1439 1439 1439 1439
    1439 1439 1439 1439 1616 1601 1594 1564 1543 1523 1489 1464 1452
    1433 1415 1415 1421 1421 1421 1427 1433 1433 1433 1433 1433 1433
    1433 1433 1439 1439 1439 1439 1439 1439 1439 1439 1609 1601 1594
    1564 1550 1529 1489 1458 1452 1433 1415 1415 1421 1421 1421 1433
    1433 1433 1433 1433 1433 1433 1433 1433 1433 1439 1439 1439 1439
    1439 1439 1439 1609 1594 1594 1586 1557 1529 1477 1458 1445 1415
    1415 1415 1415 1421 1421 1427 1433 1433 1427 1427 1427 1427 1433
    1433 1433 1433 1439 1439 1439 1439 1439 1439 3208 1586 1586 1579
    1564 1543 1477 1458 1445 1415 1415 1415 1415 1415 1421 1427 1427
    1427 1421 1421 1427 1427 1427 1433 1433 1433 1439 1439 1439 1439
    1439 1439 3178 1586 1579 1564 1557 1536 1496 1458 1445 1415 1415
    1415 1415 1415 1415 1415 1421 1421 1421 1421 1421 1421 1427 1427
    1433 1433 1433 1439 1439 1439 1439 1439 3178 1579 1579 1564 1557
    1536 1503 1464 1445 1410 1410 1410 1415 1415 1415 1415 1415 1415
    1415 1415 1421 1421 1427 1427 1433 1433 1433 1439 1433 1433 1433
    1433 3208 1579 1579 1564 1543 1523 1503 1464 1415 1410 1410 1410
    1410 1410 1415 1415 1415 1415 1415 1415 1421 1421 1427 1433 1433
    1433 1433 1439 1433 1433 1433 1433 3208 1594 1579 1564 1543 1523
    1496 1464 1415 1410 1410 1410 1410 1410 1415 1415 1415 1415 1415
    1415 1421 1421 1427 1433 1433 1433 1433 1439 1433 1433 1433 1433
    3208 1594 1579 1564 1543 1509 1489 1458 1415 1410 1410 1410 1410
    1410 1415 1415 1415 1415 1415 1415 1421 1421 1427 1433 1433 1433
    1433 1433 1433 1433 1433 1433 3208 1601 1586 1564 1543 1509 1489
    1458 1415 1410 1410 1410 1410 1410 1415 1415 1415 1415 1415 1415
    1421 1421 1427 1427 1433 1433 1433 1433 1433 1433 1433 1433 3208
    1594 1586 1557 1536 1516 1483 1464 1439 1410 1410 1410 1410 1410
    1410 1415 1415 1415 1415 1415 1421 1427 1427 1427 1427 1433 1433
    1433 1433 1433 1433 1433 3208 1586 1572 1557 1536 1516 1483 1464
    1439 1415 1410 1410 1410 1410 1410 1410 1415 1415 1415 1415 1421
    1427 1427 1427 1427 1427 1427 1427 1427 1427 1427 1427 3208 1586
    1564 1557 1536 1516 1483 1452 1439 1415 1410 1410 1410 1410 1410
    1410 1410 1415 1415 1415 1421 1421 1427 1427 1427 1427 1427 1427
    1427 1427 1427 1427 3208 3208 1564 1557 1536 1523 1470 1452 1415
    1410 1410 1410 1410 1410 1410 1410 1410 1415 1415 1415 1415 1421
    1421 1421 1427 1427 1427 1427 1427 1427 1427 1427 3208 3208 1564
    1557 1543 1523 1464 1458 1415 1410 1410 1404 1404 1410 1410 1410
    1410 1410 1415 1415 1415 1415 1421 1421 1421 1421 1421 1421 1421
    1427 1427 1427 3208 3208 1572 1564 1550 1529 1464 1458 1415 1410
