<?xml version="1.0"?>
<opencv_storage>
<Depth8108 type_id="opencv-matrix">
  <rows>44</rows>
  <cols>10</cols>
  <dt>w</dt>
  <data>
    5056 5056 4983 4983 4911 4911 4911 4911 4911 4911 5056 5056 4983
    4983 4911 4911 4842 4842 4842 4842 5210 5132 5056 4983 4911 4911
    4842 4842 4842 4522 5291 5210 5132 4983 4983 4911 4842 4842 4774
    4522 5640 5374 5132 4983 4983 4911 4842 4842 4774 4582 5832 5460
    5056 4983 4911 4911 4842 4842 4774 4582 5933 5933 5056 4983 4911
    4911 4842 4842 4774 4774 5933 5933 5056 4983 4983 4911 4842 4842
    4774 4774 5832 5832 5056 4983 4911 4911 4842 4842 4774 4774 5832
    5056 5056 4983 4911 4842 4842 4842 4774 4774 5548 5056 5056 4911
    4911 4842 4842 4842 4774 4774 5460 5056 4983 4911 4911 4842 4842
    4842 4842 4842 5460 4911 4911 4842 4842 4842 4842 4842 4911 4911
    5734 4911 4911 4842 4842 4842 4842 4842 4911 4911 5933 4983 4911
    4911 4911 4911 4911 4911 4911 4983 5933 5933 4911 4911 4911 4911
    4842 4842 4842 4911 6038 6038 4911 4911 4911 4911 4842 4842 4842
    4911 6038 4774 4774 4911 4911 4911 4911 4911 4911 0 5832 4774 4774
    4911 4911 4911 4911 4911 4911 0 5832 4842 4842 4911 4911 4911 4911
    4911 4911 0 5056 4911 4842 4842 4842 4842 4911 4911 4911 0 5056 4842
    4842 4842 4774 4774 4774 4774 4911 0 4983 4842 4842 4842 4774 4774
    4774 4774 0 0 4983 4842 4842 4842 4774 4774 4774 4774 0 0 4983 4842
    4842 4842 4842 4842 4774 4774 0 0 4983 4911 4911 4842 4842 4842 4842
    4842 0 0 5832 4911 4911 4842 4842 4842 4842 4842 0 0 4911 4911 4911
    4842 4842 4842 4842 4842 0 0 4911 4842 4842 4842 4842 4842 4774 4774
    0 0 4911 4842 4842 4842 4842 4842 4774 4774 0 0 4983 4842 4842 4842
    4842 4842 4842 0 0 0 4911 4842 4842 4842 4842 4842 4842 0 0 0 4911
    4842 4842 4842 4842 4842 4842 0 0 0 4983 4842 4842 4842 4842 4842
    4842 0 0 0 4911 4842 4842 4842 4774 4774 4774 0 0 0 4911 4911 4842
    4842 4774 4774 4774 0 0 0 4911 4911 4842 4842 4774 4708 4708 0 0 0
    4842 4842 4842 4842 4708 4708 4708 0 0 0 4842 4842 4842 4842 4708
    4708 4708 0 0 0 4774 4774 4842 4774 4708 4708 0 0 0 0 4774 4774 4842
    4774 4774 4774 4774 0 0 0 4774 4774 4842 4774 4774 4774 4774 0 0 0
    4842 4842 4842 4774 4774 4842 0 0 0 0 4842 4842 4842 4842 4842 4842
    0 0 0 0</data></Depth8108>
</opencv_storage>
