<?xml version="1.0"?>
<opencv_storage>
<Depth2522 type_id="opencv-matrix">
  <rows>51</rows>
  <cols>52</cols>
  <dt>w</dt>
  <data>
    2226 0 2212 2212 2212 2212 2212 2212 2212 2212 2212 2212 2212 2226
    4349 4405 4405 4405 4405 4405 4349 4349 4349 4349 4349 4349 4349
    4295 4241 4241 4241 4241 4241 4295 4241 4241 4190 4190 4190 4190
    4190 4190 4139 4139 4139 4139 4139 4089 4089 4041 4041 4041 2212 0
    2212 2212 2212 2212 2212 2212 2212 2212 2212 2212 2212 2212 2212
    4405 4405 4405 4405 4405 4405 4405 4349 4349 4349 4349 4349 4295
    4295 4295 4241 4241 4241 4241 4241 4241 4190 4190 4190 4190 4190
    4190 4139 4139 4139 4139 4139 4139 4089 4089 4041 4041 0 0 2226 2226
    2212 2212 2212 2212 2212 2212 2212 2212 2212 2212 2212 4405 4405
    4405 4405 4405 4405 4405 4349 4349 4349 4349 4349 4295 4295 4295
    4241 4190 4190 4241 4241 4241 4241 4241 4190 4190 4190 4190 4190
    4139 4139 4139 4139 4139 4089 4089 4041 4041 0 0 0 2226 2212 2212
    2212 2212 2212 2212 2212 2212 2212 2212 2212 4405 4405 4405 4405
    4405 4405 4405 4349 4349 4349 4349 4349 4295 4295 4295 4241 4190
    4190 4241 4295 4241 4241 4241 4241 4190 4190 4190 4190 4190 4190
    4139 4139 4139 4089 4089 4089 4041 0 2241 2226 2226 2212 2212 2212
    2212 2212 2212 2212 2212 2212 2212 2212 4405 4405 4405 4405 4349
    4349 4349 4349 4349 4349 4349 4349 4349 4295 4295 4241 4241 4241
    4295 4295 4295 4295 4241 4241 4190 4190 4190 4190 4190 4190 4139
    4139 4139 4089 4089 4089 4041 2226 2226 2212 2212 2212 2212 2212
    2198 2198 2212 2212 2226 2226 2241 2241 4405 4405 4405 2226 2184
    2170 2170 2170 2170 4349 4349 4349 4349 4349 4295 4241 4241 4241
    4295 4295 4295 4295 4241 4241 4190 4190 4190 4190 4190 4190 4190
    4139 4139 4139 4139 4139 4089 2226 2212 2198 2198 2198 2198 2212
    2198 2198 2212 2226 2226 2241 2241 2241 4463 2241 2212 2170 2170
    2170 2170 2170 2170 2170 4405 4349 4349 4349 4295 4295 4241 4241
    4295 4295 4295 4295 4295 4241 4241 4190 4190 4190 4190 4190 4190
    4190 4190 4190 4190 4139 4089 2212 2212 2198 2198 2198 2198 2198
    2212 2212 2212 2226 2256 2271 2241 2241 2226 2212 2156 2143 2143
    2156 2156 2170 2170 2170 2170 4405 4349 4349 4349 4349 4295 4295
    4349 4349 4349 4349 4349 4295 4241 4241 4241 4190 4190 4190 4190
    4190 4190 4190 4190 4139 4139 2212 2212 2198 2184 2184 2198 2198
    2212 2212 2226 2271 2271 2271 2256 2226 2212 2170 2156 2143 2143
    2156 2156 2170 2170 2170 2170 4405 4349 4349 4349 4349 4295 4295
    4349 4349 4349 4349 4349 4295 4241 4241 4241 4241 4241 4241 4241
    4190 4190 4190 4190 4190 4139 2241 2226 2198 2184 2184 2184 2184
    2212 2212 2226 2286 2286 2271 2271 2212 2170 2156 2156 2143 2143
    2156 2156 2170 2170 2170 2170 2170 4405 4349 4349 4349 4349 4349
    4349 4349 4349 4349 4349 4295 4241 4241 4241 4241 4241 4241 4241
    4241 4190 4190 4190 4190 4190 2241 2226 2212 2198 2184 2184 2184
    2212 2212 2226 2226 2286 2286 2156 2156 2143 2143 2143 2143 2143
    2156 2156 2170 2170 2170 2170 2170 2170 2170 4349 4349 4349 4349
    4405 4405 4405 4405 4349 4295 4295 4241 4241 4241 4241 4241 4241
    4241 4190 4190 4190 4190 4190 2271 2256 2226 2212 2212 2198 2198
    2212 2226 2212 2170 2170 2156 2143 2143 2143 2143 2143 2156 2156
    2156 2156 2170 2170 2170 2170 2170 2170 2170 2170 4349 4349 4349
    4405 4405 4405 4405 4349 4295 4295 4241 4241 4241 4241 4241 4241
    4241 4241 4190 4190 4190 4190 2271 2271 2241 2226 2226 2226 2226
    2226 2226 2198 2170 2156 2156 2143 2143 2143 2156 2156 2156 2156
    2156 2156 2156 2156 2156 2170 2170 2170 2170 2170 4349 4349 4349
    4405 4405 4405 4405 4349 4295 4295 4295 4295 4295 4241 4241 4241
    4241 4241 4241 4190 4190 4190 2286 2271 2256 2256 2241 2241 2241
    2226 2226 2198 2170 2156 2156 2156 2156 2156 2143 2143 2156 2156
    2156 2156 2156 2156 2156 2170 2170 2170 2170 2170 2184 4349 4349
    4463 4463 4463 4405 4349 4295 4295 4295 4295 4295 4295 4241 4241
    4241 4241 4241 4241 4241 4190 2286 2286 2271 2256 2241 2241 2256
    2241 2226 2212 2198 2184 2170 2156 2156 2156 2143 2143 2156 2156
    2156 2156 2156 2156 2156 2156 2170 2170 2170 2170 2170 2184 2184
    4463 4463 4463 4405 4405 4295 4295 4295 4295 4241 4241 4241 4241
    4241 4241 4241 4241 4241 4190 2286 2286 2271 2271 2256 2256 2256
    2256 2271 2226 2212 2212 2184 2170 2170 2156 2156 2156 2156 2156
    2156 2156 2156 2156 2156 2156 2170 2170 2170 2170 2170 2184 2170
    2170 4522 4463 4405 4405 4295 4295 4295 4295 4241 4241 4241 4295
    4295 4295 4295 4295 4241 4190 4911 2286 2286 2286 4842 4842 4774
    4774 4774 2241 2241 2226 2184 2170 2170 2156 2156 2156 2156 2156
    2156 2156 2156 2156 2156 2156 2170 2170 2170 2170 2170 2184 2170
    2170 2170 4463 4405 4349 4349 4295 4295 4295 4241 4241 4295 4349
    4295 4295 4295 4295 4241 4190 4911 4911 4842 4842 4842 4842 4774
    4774 4774 2271 2241 2226 2212 2198 2184 2170 2156 2156 2156 2156
    2156 2156 2156 2156 2156 2156 2156 2170 2170 2170 2170 2170 2170
    2170 2170 2184 4405 4349 4349 4349 4295 4295 4295 4295 4295 4349
    4295 4295 4295 4295 4241 4241 4911 4911 4911 4842 4842 4842 4842
    4842 4842 2271 2241 2241 2226 2212 2198 2184 2170 2156 2156 2156
    2156 2156 2156 2156 2156 2156 2156 2156 2156 2156 2156 2170 2170
    2170 2170 2184 2184 4405 4405 4349 4349 4349 4349 4349 4405 4349
    4349 4349 4349 4295 4241 4241 4911 4911 4911 4842 4842 4842 4842
    4842 4842 2271 2256 2241 2226 2212 2212 2198 2170 2170 2156 2156
    2156 2156 2156 2156 2156 2156 2156 2156 2156 2156 2156 2170 2170
    2184 2184 2184 2184 2184 4405 4405 4405 4405 4405 4405 4405 4349
    4349 4295 4295 4295 4295 4241 4911 4911 4911 4842 4842 4842 4842
    4842 4842 2301 2271 2256 2241 2226 2226 2212 2184 2170 2170 2170
    2156 2156 2156 2156 2156 2156 2156 2156 2156 2156 2156 2170 2170
    2170 2184 2184 2184 2184 2184 4405 4405 4405 4405 4405 4405 4349
    4349 4295 4295 4295 4295 4295 4911 4911 4911 4842 4842 4842 4842
    4842 4842 2301 2286 2271 2256 2256 2241 2226 2212 2212 2184 2184
    2170 2156 2156 2156 2156 2156 2156 2156 2156 2156 2156 2170 2170
    2170 2184 2184 2184 2184 2184 2184 4405 4405 4405 4405 4405 4405
    4405 4349 4349 4295 4295 4295 4983 4983 4983 4911 4911 4842 4842
    4842 4842 2317 2301 2286 2271 2271 2271 2256 2226 2226 2212 2198
    2184 2170 2156 2156 2156 2156 2156 2156 2156 2156 2156 2170 2170
    2170 2170 2170 2170 2184 2184 2184 2184 4349 4349 4405 4405 4405
    4405 4349 4349 4349 4349 4295 4983 4983 4983 4911 4911 4911 4842
    4842 4842 2333 2317 2301 2286 2286 2271 2256 2241 2226 2212 2212
    2198 2184 2170 2156 2156 2143 2143 2156 2156 2156 2156 2170 2170
    2170 2170 2170 2170 2184 2184 2184 2184 2184 4349 4405 4405 4405
    4405 4405 4349 4349 4349 4349 5056 4983 4983 4983 4911 4911 4911
    4911 4911 2333 2333 2317 2301 2286 2286 2271 2241 2226 2226 2212
    2212 2184 2170 2156 2156 2143 2143 2156 2156 2156 2156 2170 2170
    2170 2170 2170 2170 2184 2184 2184 2184 2184 2184 4405 4405 4405
    4405 4405 4349 4295 4295 4295 5056 5056 4983 4983 4911 4911 4911
    4911 4911 2349 2349 2333 2317 2301 2286 2271 2271 2241 2241 2226
    2226 2198 2184 2156 2156 2156 2156 2156 2156 2156 2156 2170 2170
    2170 2170 2170 2170 2170 2170 2184 2184 2184 2184 2184 4463 4405
    4405 4405 4349 4295 4295 4295 5056 5056 5056 5056 4983 4983 4983
    4911 4911 2349 2349 2349 2333 2333 2301 2286 2271 2256 2256 2241
    2226 2212 2184 2170 2170 2156 2156 2156 2156 2156 2156 2170 2170
    2170 2170 2170 2170 2170 2170 2170 2184 2184 2184 2184 2198 4405
    4405 4405 4349 4349 4349 4349 5056 5056 5056 5056 5056 4983 4983
    4911 4911 2349 2349 2349 2349 2333 2317 2301 2286 2271 2271 2256
    2241 2212 2212 2198 2184 2170 2170 2156 2156 2156 2156 2170 2170
    2170 2170 2170 2170 2170 2170 2170 2184 2184 2184 2184 2198 2198
    2198 4405 4349 4349 4405 4349 5056 5056 5056 5056 5056 5056 4983
    4983 4911 4911 4911 2365 2365 2349 2333 2317 2301 2286 2286 2271
