<?xml version="1.0"?>
<opencv_storage>
<Depth1317 type_id="opencv-matrix">
  <rows>83</rows>
  <cols>45</cols>
  <dt>w</dt>
  <data>
    2908 2908 2908 2908 2908 2908 2908 2908 2908 2908 2883 2859 2859
    2859 2859 2859 2835 2835 2835 2812 2812 2812 2812 1134 1130 1123
    1123 1134 1149 1149 1153 1153 2789 1149 1149 1153 1157 1161 1157
    1157 2744 2744 2723 2701 2701 2908 2908 2883 2883 2883 2908 2908
    2908 2908 2908 2883 2859 2859 2859 2859 1169 1165 1149 1138 1134
    1134 1134 1130 1130 1130 1130 1134 1134 1141 1145 1141 1141 1141
    1145 1145 1149 1149 1157 1153 1153 1153 1153 1153 2701 2701 2908
    2908 2883 2883 1328 1328 1328 2908 1241 1241 1236 1236 1236 2859
    1173 1169 1165 1149 1138 1134 1134 1130 1126 1126 1130 1130 1130
    1130 1134 1138 1138 1138 1141 1145 1145 1149 1149 1153 1153 1153
    1153 1153 1157 1157 2701 2908 2933 2933 1328 1328 1328 1328 1255
    1241 1241 1236 1227 1227 1189 1173 1169 1165 1153 1141 1134 1134
    1130 1126 1123 1123 1126 1126 1130 1130 1134 1134 1138 1141 1145
    1145 1145 1149 1149 1153 1153 1153 1153 1153 1153 1153 2933 1312
    1312 1312 1312 1292 1288 1255 1241 1241 1236 1227 1210 1189 1181
    1173 1165 1157 1149 1138 1134 1130 1126 1123 1123 1123 1126 1130
    1130 1134 1134 1138 1138 1145 1145 1145 1149 1149 1149 1149 1153
    1153 1153 1153 1153 2933 1312 1312 1312 1307 1288 1278 1264 1241
    1241 1232 1227 1210 1202 1181 1173 1165 1157 1149 1141 1134 1130
    1126 1123 1123 1123 1126 1130 1134 1134 1134 1138 1138 1145 1145
    1145 1149 1149 1149 1149 1153 1157 1157 1157 1157 0 1317 1317 1307
    1307 1288 1273 1259 1250 1241 1232 1227 1214 1206 1185 1177 1169
    1157 1153 1141 1134 1130 1126 1123 1123 1126 1126 1130 1134 1134
    1134 1138 1141 1145 1145 1145 1149 1149 1153 1153 1157 1161 1161
    1161 1161 0 0 1317 1317 1307 1288 1273 1259 1255 1245 1236 1227 1219
    1206 1185 1177 1165 1157 1149 1141 1134 1134 1130 1126 1126 1126
    1126 1134 1134 1134 1134 1138 1141 1145 1145 1145 1149 1149 1153
    1153 1157 1161 1161 1161 1161 1349 1349 1317 1317 1307 1283 1273
    1264 1255 1245 1236 1227 1214 1202 1189 1177 1165 1157 1149 1141
    1134 1134 1130 1130 1130 1130 1130 1134 1134 1134 1134 1138 1141
    1145 1145 1145 1149 1149 1149 1153 1157 1161 1161 1161 1161 1349
    1349 1333 1333 1312 1283 1273 1264 1255 1245 1232 1227 1214 1202
    1189 1177 1165 1157 1149 1141 1134 1134 1134 1130 1130 1130 1134
    1134 1138 1138 1138 1141 1145 1145 1145 1145 1149 1149 1149 1153
    1157 1161 1161 1161 1161 0 1338 1328 1328 1317 1283 1273 1268 1255
    1241 1232 1227 1214 1202 1189 1177 1169 1157 1149 1141 1134 1130
    1130 1126 1126 1130 1134 1134 1138 1138 1138 1141 1145 1145 1145
    1145 1149 1149 1149 1153 1153 1157 1161 1161 1161 0 1333 1328 1328
    1317 1288 1278 1268 1255 1241 1232 1227 1214 1202 1185 1177 1169
    1157 1149 1145 1138 1130 1130 1126 1126 1130 1134 1134 1138 1138
    1141 1141 1145 1145 1145 1145 1149 1149 1153 1153 1153 1157 1161
    1165 1165 0 1333 1328 1322 1317 1288 1278 1268 1255 1245 1232 1227
    1214 1202 1185 1177 1169 1157 1153 1145 1138 1134 1134 1130 1130
    1130 1134 1134 1138 1138 1141 1145 1145 1145 1145 1149 1149 1149
    1153 1153 1157 1161 1161 1165 1165 0 1328 1328 1322 1317 1292 1278
    1268 1255 1245 1232 1227 1214 1202 1185 1173 1169 1161 1153 1145
    1138 1134 1134 1130 1130 1134 1134 1134 1138 1138 1141 1145 1145
    1145 1149 1149 1149 1149 1153 1153 1157 1161 1165 1169 1169 0 1328
    1328 1322 1317 1292 1278 1268 1255 1245 1236 1232 1219 1206 1185
    1173 1169 1161 1153 1145 1138 1134 1134 1130 1130 1134 1134 1134
    1138 1138 1141 1145 1145 1145 1149 1149 1149 1149 1153 1153 1157
    1161 1165 1165 1165 0 1333 1333 1322 1317 1292 1283 1268 1259 1245
    1236 1232 1223 1206 1185 1177 1169 1165 1157 1145 1138 1130 1130
    1126 1126 1134 1134 1134 1138 1138 1141 1145 1145 1145 1149 1149
    1149 1149 1153 1153 1157 1161 1161 1165 1165 1338 1333 1333 1322
    1312 1307 1283 1273 1259 1245 1241 1232 1227 1210 1185 1177 1169
    1165 1157 1145 1138 1130 1130 1126 1126 1134 1134 1134 1138 1138
    1141 1145 1145 1145 1149 1149 1149 1149 1153 1153 1157 1161 1161
    1161 1161 1338 1338 1333 1322 1312 1292 1288 1273 1259 1245 1236
    1232 1227 1219 1185 1181 1169 1165 1157 1145 1138 1130 1130 1126
    1126 1134 1134 1134 1138 1138 1138 1145 1145 1145 1149 1149 1149
    1153 1157 1157 1157 1157 1157 1161 1161 0 1338 1333 1328 1312 1292
    1288 1273 1259 1245 1236 1232 1227 1214 1185 1181 1173 1165 1157
    1149 1138 1134 1130 1130 1130 1134 1134 1138 1138 1138 1138 1141
    1145 1145 1149 1149 1153 1153 1157 1157 1157 1157 1157 1161 1161 0
    1338 1328 1328 1317 1292 1288 1273 1259 1245 1236 1232 1223 1214
    1189 1181 1173 1165 1157 1149 1138 1134 1130 1130 1130 1134 1138
    1138 1138 1138 1141 1141 1145 1145 1149 1149 1153 1153 1157 1157
    1157 1161 1161 1161 1161 0 1338 1328 1328 1317 1292 1288 1273 1264
    1245 1236 1232 1223 1214 1189 1181 1173 1165 1153 1145 1141 1138
    1130 1130 1134 1134 1138 1141 1141 1141 1141 1145 1145 1145 1149
    1149 1153 1153 1157 1157 1157 1161 1161 1161 1161 0 1338 1333 1333
    1322 1292 1288 1278 1264 1250 1241 1232 1223 1214 1189 1181 1177
    1165 1153 1145 1141 1138 1134 1134 1134 1134 1138 1141 1141 1141
    1145 1145 1145 1145 1149 1149 1149 1153 1157 1157 1157 1157 1161
    1161 1161 0 1338 1328 1328 1322 1292 1288 1278 1268 1250 1241 1232
    1223 1214 1193 1181 1177 1165 1153 1145 1141 1138 1134 1134 1134
    1134 1138 1141 1145 1145 1145 1145 1145 1145 1149 1149 1149 1153
    1157 1157 1157 1157 1161 1161 1161 0 1328 1328 1328 1322 1292 1288
    1278 1268 1250 1241 1232 1219 1210 1193 1185 1177 1165 1153 1149
    1138 1138 1134 1134 1134 1134 1138 1138 1141 1141 1145 1145 1145
    1145 1149 1149 1153 1157 1157 1157 1161 1161 1161 1165 1169 0 1333
    1333 1328 1322 1297 1288 1283 1268 1255 1245 1236 1219 1210 1197
    1185 1177 1165 1153 1149 1138 1138 1134 1134 1134 1134 1134 1138
    1141 1141 1145 1145 1145 1145 1149 1149 1153 1157 1157 1157 1161
    1161 1165 1165 1169 0 1333 1333 1328 1322 1297 1288 1283 1268 1255
    1245 1236 1223 1206 1197 1185 1177 1169 1161 1149 1138 1138 1134
    1134 1134 1134 1134 1138 1141 1141 1145 1145 1145 1145 1149 1149
    1153 1157 1157 1157 1161 1161 1165 1165 1169 0 1333 1333 1328 1322
    1297 1288 1283 1264 1255 1250 1241 1223 1206 1193 1185 1177 1169
    1161 1149 1138 1138 1134 1134 1134 1134 1134 1138 1141 1141 1145
    1145 1145 1149 1149 1149 1153 1157 1161 1161 1161 1165 1165 1169
    1173 0 0 1338 1328 1322 1302 1288 1278 1264 1255 1250 1241 1223 1202
    1193 1185 1177 1169 1161 1149 1138 1138 1134 1134 1134 1134 1138
    1138 1141 1141 1145 1145 1145 1149 1149 1153 1157 1157 1161 1161
    1161 1165 1165 1169 1173 0 1338 1338 1333 1322 1302 1288 1278 1264
    1255 1250 1241 1227 1202 1193 1185 1177 1169 1161 1149 1141 1138
    1134 1134 1134 1134 1138 1141 1145 1145 1145 1145 1149 1149 1149
    1153 1157 1157 1161 1161 1165 1165 1169 1173 1177 0 1338 1338 1333
    1317 1302 1292 1278 1264 1255 1250 1241 1206 1202 1197 1189 1177
    1169 1161 1153 1145 1138 1134 1134 1134 1134 1138 1141 1145 1145
    1145 1149 1149 1149 1149 1153 1157 1157 1157 1157 1161 1165 1169
    1173 1177 0 1338 1338 1333 1317 1307 1292 1278 1268 1259 1250 1241
    1206 1202 1197 1189 1181 1169 1161 1153 1145 1138 1134 1134 1134
    1138 1141 1141 1145 1145 1145 1149 1149 1149 1153 1153 1153 1157
    1157 1157 1161 1165 1169 1173 1173 1349 1343 1343 1333 1317 1307
    1292 1283 1268 1259 1250 1241 1210 1202 1197 1189 1181 1169 1161
    1153 1141 1138 1134 1134 1134 1138 1141 1141 1145 1145 1145 1149
    1149 1149 1153 1153 1153 1157 1161 1161 1161 1165 1165 1165 1165
    1349 1349 1343 1333 1317 1307 1292 1283 1268 1259 1250 1241 1214
    1202 1197 1189 1177 1169 1161 1153 1141 1138 1134 1134 1134 1138
    1138 1141 1145 1145 1145 1149 1149 1149 1153 1153 1153 1157 1161
    1161 1161 1165 1165 1165 1165 1349 1349 1343 1333 1317 1307 1297
