<?xml version="1.0"?>
<opencv_storage>
<Depth11205 type_id="opencv-matrix">
  <rows>99</rows>
  <cols>61</cols>
  <dt>w</dt>
  <data>
    3614 3614 3614 3576 3576 3614 3614 3614 3576 3576 3576 3503 3503
    3539 3539 3539 3539 1054 1054 1050 1050 1050 1050 3503 3503 3468
    3468 3468 3503 3468 3468 3399 1105 1101 1097 1097 1097 3433 3399
    3399 3365 3365 3365 1138 1126 1193 1193 1193 1185 1177 1169 1169
    1169 1169 1173 1173 3399 3365 3300 3300 3300 3576 3576 3576 3576
    1108 1108 3614 3503 3503 3576 3576 3503 3503 3503 3503 3503 3539
    1054 1054 1050 1050 1050 1050 1050 1050 1047 1047 1047 1073 1073
    3468 3399 1097 1097 1094 1094 1094 1108 1108 3365 3365 3365 1138
    1138 1126 1126 1126 1126 1185 1157 1157 1157 1157 1165 1169 1169
    1169 1169 1169 3300 3300 3576 1123 1123 1119 1105 1097 1097 1094
    1094 1094 3653 3653 3653 3503 1047 1047 1047 1050 1047 1047 1047
    1047 1047 1047 1047 1047 1047 1057 1067 1070 1073 1073 1084 1084
    1087 1087 1087 1108 1108 1108 1108 1108 1115 1126 1126 1126 1126
    1126 1134 1141 1145 1149 1153 1153 1157 1165 1169 1169 1169 1173
    3333 3653 1123 1119 1115 1105 1097 1094 1094 1090 1080 1077 1070
    1063 1054 1047 1047 1047 1047 1044 1044 1044 1044 1044 1047 1047
    1050 1050 1057 1063 1067 1070 1073 1080 1080 1080 1080 1084 1084
    1094 1105 1105 1108 1108 1119 1119 1126 1126 1126 1134 1138 1141
    1145 1149 1153 1157 1157 1165 1169 1169 1173 1173 1119 0 1119 1115
    1105 1097 1094 1090 1084 1077 1073 1067 1063 1054 1050 1050 1050
    1041 1041 1041 1041 1041 1044 1044 1047 1050 1054 1057 1060 1063
    1067 1073 1077 1077 1080 1080 1084 1084 1087 1094 1097 1105 1108
    1115 1115 1123 1126 1126 1134 1138 1141 1145 1149 1153 1157 1157
    1165 1169 1169 1173 1173 0 0 1119 1115 1101 1097 1094 1090 1084 1077
    1073 1067 1063 1060 1054 1050 1041 1041 1038 1038 1038 1038 1041
    1041 1044 1050 1054 1057 1060 1063 1067 1067 1073 1077 1080 1080
    1084 1084 1087 1094 1097 1105 1112 1112 1112 1123 1126 1126 1138
    1141 1141 1149 1153 1153 1157 1157 1165 1165 1173 1177 1177 1119
    1119 1119 1115 1101 1097 1094 1087 1084 1077 1073 1067 1063 1060
    1054 1050 1041 1041 1038 1038 1038 1038 1038 1041 1044 1050 1054
    1057 1060 1063 1067 1067 1073 1077 1080 1080 1084 1087 1090 1094
    1105 1105 1108 1112 1112 1123 1126 1130 1134 1141 1141 1149 1153
    1153 1157 1157 1165 1165 1173 1173 1173 1119 1119 1119 1115 1101
    1097 1094 1087 1084 1080 1073 1067 1063 1060 1054 1050 1044 1041
    1038 1038 1038 1038 1038 1041 1044 1050 1054 1057 1060 1063 1067
    1067 1073 1077 1077 1080 1084 1087 1090 1094 1105 1108 1108 1112
    1112 1123 1126 1130 1134 1138 1141 1149 1153 1157 1157 1157 1165
    1165 1169 1173 1173 1115 1115 1115 1115 1105 1097 1094 1087 1084
    1080 1073 1067 1063 1063 1057 1054 1044 1041 1038 1038 1038 1038
    1038 1044 1047 1050 1054 1057 1060 1063 1067 1067 1073 1073 1077
    1077 1084 1090 1090 1094 1105 1108 1108 1112 1112 1126 1130 1130
    1130 1138 1141 1149 1153 1153 1157 1157 1165 1165 1169 1169 0 1108
    1108 1115 1112 1105 1097 1094 1090 1084 1080 1073 1067 1063 1063
    1057 1054 1044 1041 1038 1038 1038 1041 1041 1044 1047 1050 1054
    1060 1060 1063 1067 1067 1073 1073 1077 1077 1084 1090 1094 1094
    1105 1108 1108 1112 1119 1126 1130 1130 1130 1138 1141 1149 1153
    1153 1157 1157 1165 1169 1169 1169 0 1108 1108 1115 1112 1105 1097
    1094 1090 1087 1080 1073 1067 1063 1063 1057 1047 1044 1041 1038
    1038 1038 1041 1041 1044 1050 1050 1054 1057 1057 1063 1067 1067
    1073 1073 1077 1080 1084 1090 1094 1094 1101 1105 1108 1112 1119
    1126 1130 1130 1130 1138 1145 1149 1153 1157 1157 1161 1165 1169
    1169 1169 0 1115 1115 1115 1115 1105 1101 1094 1090 1087 1080 1073
    1067 1067 1063 1057 1047 1041 1041 1038 1038 1038 1041 1041 1044
    1047 1050 1054 1057 1057 1060 1067 1067 1073 1077 1077 1080 1084
    1090 1094 1094 1101 1105 1112 1112 1115 1123 1126 1130 1134 1138
    1145 1145 1153 1157 1157 1161 1161 1165 1165 1169 1169 0 0 1115 1115
    1112 1101 1094 1090 1087 1080 1077 1070 1067 1063 1057 1047 1041
    1041 1038 1038 1038 1041 1041 1047 1047 1050 1054 1054 1057 1060
    1063 1067 1073 1077 1080 1080 1084 1090 1094 1097 1101 1105 1112
    1112 1115 1123 1126 1130 1134 1138 1141 1145 1153 1157 1157 1161
    1161 1165 1165 1169 1169 0 0 1115 1115 1112 1101 1094 1090 1087 1084
    1077 1073 1067 1063 1057 1047 1044 1041 1038 1038 1038 1038 1041
    1047 1047 1050 1054 1054 1057 1060 1063 1067 1073 1077 1080 1080
    1084 1090 1094 1097 1101 1105 1108 1112 1115 1123 1130 1130 1134
    1138 1141 1145 1149 1153 1157 1161 1165 1169 1169 1173 1173 0 0 1115
    1112 1105 1101 1094 1090 1087 1084 1077 1073 1067 1063 1057 1047
    1044 1041 1038 1038 1038 1038 1041 1044 1047 1050 1054 1054 1057
    1063 1063 1070 1073 1077 1080 1084 1084 1090 1094 1097 1101 1108
    1108 1112 1119 1126 1130 1130 1134 1138 1145 1149 1149 1153 1157
    1161 1165 1169 1169 1173 1173 0 0 1115 1112 1105 1101 1094 1090 1087
    1084 1077 1073 1067 1063 1060 1047 1044 1038 1038 1038 1038 1038
    1041 1044 1047 1050 1054 1054 1060 1063 1067 1070 1070 1077 1080
    1084 1087 1090 1094 1097 1105 1108 1108 1115 1123 1126 1130 1134
    1134 1141 1145 1149 1149 1153 1157 1161 1165 1169 1169 1173 1173 0 0
    1115 1112 1105 1101 1097 1090 1087 1080 1077 1073 1067 1063 1054
    1047 1044 1038 1038 1038 1038 1041 1044 1047 1047 1050 1054 1057
    1060 1063 1067 1070 1070 1077 1080 1084 1087 1087 1094 1101 1105
    1108 1108 1115 1123 1126 1126 1134 1134 1141 1145 1149 1149 1153
    1157 1161 1165 1169 1173 1173 1173 0 0 1119 1112 1105 1105 1097 1090
    1087 1080 1077 1073 1067 1063 1054 1050 1047 1041 1038 1038 1038
    1041 1044 1047 1047 1054 1054 1057 1060 1063 1067 1070 1070 1077
    1080 1080 1084 1087 1094 1101 1105 1108 1108 1115 1119 1123 1126
    1134 1134 1138 1145 1149 1153 1153 1157 1161 1165 1165 1173 1173 0 0
    0 1115 1115 1112 1101 1097 1090 1087 1080 1077 1073 1067 1063 1054
    1050 1047 1041 1038 1038 1038 1041 1044 1047 1047 1054 1054 1060
    1060 1063 1067 1070 1073 1077 1077 1080 1084 1087 1094 1101 1105
    1108 1108 1115 1119 1123 1126 1130 1134 1138 1145 1149 1153 1153
    1157 1157 1165 1165 1173 1173 0 0 0 1112 1112 1112 1101 1097 1094
    1087 1080 1077 1073 1067 1063 1054 1050 1047 1041 1038 1038 1038
    1041 1044 1047 1050 1054 1054 1060 1063 1063 1067 1070 1073 1077
    1077 1080 1084 1087 1094 1101 1105 1108 1108 1115 1119 1123 1126
    1130 1134 1138 1141 1145 1149 1153 1157 1157 1165 1169 1173 1173 0 0
    1123 1112 1112 1112 1105 1097 1094 1087 1080 1077 1073 1067 1063
    1054 1050 1044 1038 1038 1038 1038 1041 1044 1047 1050 1050 1054
    1057 1060 1063 1067 1070 1073 1077 1077 1080 1084 1087 1094 1101
    1105 1108 1108 1115 1119 1123 1130 1134 1134 1138 1141 1145 1149
    1153 1157 1157 1165 1169 1173 1173 0 0 1123 1115 1115 1108 1101 1097
    1094 1087 1080 1077 1073 1067 1063 1054 1050 1041 1038 1038 1038
    1038 1041 1044 1047 1050 1050 1054 1057 1060 1063 1067 1070 1073
    1077 1077 1080 1084 1090 1094 1101 1105 1105 1112 1115 1119 1123
    1130 1134 1134 1138 1141 1145 1153 1153 1157 1157 1165 1169 1173
    1173 0 0 0 1119 1115 1108 1101 1097 1094 1087 1080 1077 1073 1067
    1057 1054 1050 1041 1038 1038 1038 1038 1041 1044 1047 1050 1050
    1054 1054 1060 1063 1067 1070 1073 1077 1077 1080 1084 1090 1097
    1101 1101 1105 1112 1115 1123 1123 1130 1138 1138 1141 1141 1149
    1153 1153 1157 1165 1165 1169 1169 1169 1169 0 0 1115 1112 1108 1105
    1097 1094 1087 1080 1077 1073 1067 1057 1054 1050 1044 1038 1038
    1038 1038 1041 1044 1050 1050 1050 1054 1054 1060 1063 1063 1067
    1073 1077 1077 1080 1084 1094 1097 1101 1101 1105 1112 1115 1123
    1123 1130 1134 1138 1141 1141 1149 1153 1153 1157 1165 1165 1169
    1169 1169 1169 0 0 1112 1112 1108 1105 1097 1094 1090 1080 1077 1073
    1070 1057 1054 1050 1044 1041 1038 1038 1038 1041 1044 1050 1050
    1050 1054 1054 1060 1063 1063 1067 1073 1077 1077 1080 1084 1094
