<?xml version="1.0"?>
<opencv_storage>
<Depth6896 type_id="opencv-matrix">
  <rows>90</rows>
  <cols>73</cols>
  <dt>w</dt>
  <data>
    4645 4645 4645 4645 4645 4645 4645 4708 4708 4774 4774 4774 4842
    4842 4842 4911 4911 4911 4911 4911 4911 4911 4911 4911 4911 4983
    4983 4983 4983 4983 5056 5056 5132 5056 5056 4983 4983 5056 5132
    5132 5132 5210 5210 1157 1157 1161 1165 1165 1169 1169 1169 1169
    1169 1173 1173 1173 4983 4983 5056 5056 5056 5056 5056 5056 5056
    4983 4983 4983 4983 4983 4911 4911 4911 4645 4645 4645 4645 4645
    4645 4645 4708 4708 4708 4774 4774 4774 4774 4842 4911 4911 4911
    4911 4911 4911 4911 4911 4911 4911 4911 4983 4983 1145 1145 1145
    1145 1149 1149 1149 1153 1153 1153 1153 1153 1153 1157 1161 1157
    1157 1161 1165 1165 1169 1169 1169 1169 1169 1173 1173 1173 1173
    1173 5056 5056 5056 5056 5056 5056 5056 4983 4983 4983 4983 4983
    4911 4911 4911 4645 4645 4645 4645 4645 4645 4645 4708 4708 4708
    4708 4708 4774 4774 4774 4842 4842 4842 4842 4842 4911 1138 1138
    1138 1138 1141 1141 1141 1141 1145 1145 1145 1149 1149 1149 1153
    1153 1153 1153 1153 1153 1157 1157 1161 1161 1161 1165 1165 1165
    1165 1165 1169 1169 1173 1173 1173 1173 1173 0 5056 5056 5056 5132
    5056 5056 4983 4983 4983 4983 4983 4911 4911 4911 4645 4645 4645
    4645 4645 1134 1134 1130 1126 1126 1130 4708 1130 1130 1130 1130
    1134 1134 1134 1134 1134 1134 1138 1138 1138 1141 1141 1141 1141
    1141 1141 1141 1145 1149 1149 1153 1153 1153 1153 1153 1153 1157
    1157 1161 1161 1161 1161 1165 1165 1165 1165 1165 1169 1173 1173
    1169 1169 1169 0 5132 5132 5132 5132 5056 5056 4983 4983 4983 4983
    4983 4911 4911 4911 4645 4645 4645 4645 1138 1134 1134 1130 1126
    1126 1126 1126 1126 1126 1130 1130 1130 1130 1130 1130 1134 1134
    1138 1138 1138 1138 1138 1141 1141 1141 1141 1141 1145 1145 1149
    1153 1153 1153 1153 1153 1153 1157 1157 1157 1161 1161 1161 1161
    1165 1165 1165 1165 1169 1173 1173 1169 1169 1169 0 0 5132 5132 5132
    5056 5056 5056 4983 4983 4983 4983 4983 4911 4911 4645 4708 4645
    4645 1134 1126 1126 1126 1126 1126 1126 1126 1126 1126 1126 1126
    1126 1130 1130 1130 1134 1134 1138 1138 1138 1138 1138 1138 1138
    1138 1138 1141 1145 1145 1149 1149 1149 1149 1153 1153 1153 1153
    1153 1157 1157 1161 1161 1161 1165 1165 1165 1165 1169 1173 1173
    1173 1173 0 0 0 0 5132 5132 5056 5056 5056 4983 4983 4983 4983 4983
    4983 4911 1141 1130 1130 1126 1126 1123 1123 1123 1123 1123 1123
    1123 1123 1123 1126 1126 1126 1130 1130 1130 1130 1134 1134 1134
    1134 1138 1138 1138 1138 1138 1138 1141 1145 1145 1149 1149 1149
    1149 1149 1153 1153 1153 1153 1157 1157 1157 1161 1165 1165 1165
    1165 1165 1165 1169 1173 1173 1173 1173 1173 0 5132 5132 5132 5056
    5056 5056 4983 4983 4983 4983 4983 4983 4911 0 1141 1130 1130 1126
    1123 1119 1119 1123 1123 1123 1123 1123 1123 1123 1123 1123 1126
    1126 1130 1130 1130 1134 1134 1134 1134 1138 1138 1138 1138 1138
    1141 1141 1145 1145 1145 1145 1149 1149 1153 1153 1153 1153 1157
    1157 1157 1161 1165 1165 1165 1165 1165 1165 1169 1173 1173 1173
    1173 0 0 0 0 5056 5056 5056 5056 4983 4983 4983 4983 4983 4911 4911
    0 1141 1141 1130 1123 1119 1119 1119 1119 1119 1119 1123 1123 1123
    1123 1123 1123 1126 1126 1126 1130 1130 1130 1130 1134 1134 1134
    1138 1138 1138 1138 1138 1141 1145 1145 1145 1145 1149 1149 1149
    1153 1153 1153 1157 1157 1161 1161 1165 1165 1165 1165 1165 1165
    1169 1173 1173 1173 1173 1173 1173 0 5056 5056 5056 5056 5056 5056
    4983 4983 4911 4911 4911 4911 1185 1141 1141 1134 1123 1119 1119
    1119 1119 1119 1119 1123 1123 1123 1123 1123 1123 1126 1126 1126
    1126 1130 1130 1130 1134 1134 1134 1138 1138 1138 1138 1138 1141
    1141 1145 1145 1145 1145 1149 1149 1153 1153 1153 1153 1157 1157
    1161 1161 1161 1165 1165 1165 1165 1169 1169 1173 1173 1173 1173
    1173 0 5056 0 5056 5056 5056 5056 5056 4983 4911 4911 4911 4911 1185
    1181 1141 1134 1126 1119 1119 1119 1119 1119 1119 1119 1123 1123
    1123 1123 1123 1123 1126 1126 1126 1130 1130 1130 1130 1134 1134
    1138 1138 1138 1138 1138 1141 1141 1145 1145 1145 1145 1149 1149
    1153 1153 1153 1153 1157 1157 1157 1161 1161 1161 1161 1165 1165
    1169 1169 1173 1173 1173 1173 1173 0 0 0 5056 5056 5056 5056 5056
    4983 4983 4911 4911 4842 1185 1181 1141 1134 1126 1119 1119 1119
    1119 1119 1119 1119 1119 1119 1123 1123 1123 1123 1123 1126 1126
    1126 1126 1130 1130 1130 1134 1134 1138 1138 1138 1138 1138 1141
    1141 1145 1145 1145 1149 1149 1153 1153 1153 1153 1153 1153 1157
    1157 1161 1161 1161 1161 1161 1169 1169 1169 1173 1173 1173 1173 0 0
    0 5056 5056 5056 5056 5056 4983 4983 4983 4911 4842 1189 1181 1165
    1138 1130 1123 1119 1119 1119 1119 1119 1119 1119 1119 1119 1119
    1119 1123 1123 1123 1126 1126 1126 1130 1130 1130 1134 1134 1138
    1138 1138 1138 1138 1141 1141 1141 1141 1141 1149 1149 1149 1153
    1153 1153 1153 1153 1153 1157 1161 1161 1161 1161 1161 1169 1169
    1169 1173 1173 1173 1173 1173 0 5056 5056 5056 5056 5056 5056 4983
    4983 4983 4911 4842 1193 1185 1169 1138 1134 1123 1119 1119 1119
    1119 1119 1119 1119 1119 1119 1119 1119 1123 1123 1123 1126 1130
    1130 1130 1130 1130 1134 1134 1134 1138 1138 1138 1138 1138 1141
    1141 1141 1141 1145 1149 1149 1149 1153 1153 1153 1153 1153 1157
    1161 1161 1161 1161 1161 1165 1165 1169 1169 1169 1169 1173 0 0 0
    5056 5056 5056 5056 5056 4983 4983 4983 4983 4911 1193 1185 1169
    1141 1134 1126 1123 1119 1115 1115 1115 1115 1119 1119 1119 1119
    1119 1123 1123 1123 1123 1126 1130 1130 1130 1130 1130 1134 1134
    1138 1138 1138 1138 1138 1138 1141 1141 1141 1145 1145 1149 1149
    1149 1149 1149 1153 1153 1157 1157 1161 1161 1161 1161 1165 1165
    1169 1169 1169 1169 1169 0 0 0 5056 5056 5056 5056 5056 4983 4983
    4983 4983 4911 1189 1185 1173 1145 1134 1126 1119 1119 1115 1115
    1115 1115 1119 1119 1119 1119 1119 1119 1119 1123 1123 1126 1126
    1126 1130 1130 1130 1134 1134 1138 1138 1138 1138 1138 1138 1138
    1138 1141 1145 1145 1145 1149 1149 1149 1149 1153 1153 1153 1157
    1157 1161 1161 1161 1165 1165 1169 1169 1169 1169 1169 0 0 0 4983
    4983 5056 5056 4983 4983 4983 4983 4983 4911 1189 1185 1173 1165
    1138 1126 1119 1119 1115 1115 1115 1115 1115 1119 1119 1119 1119
    1119 1119 1123 1123 1123 1126 1126 1130 1130 1130 1130 1134 1134
    1134 1134 1134 1138 1138 1138 1138 1141 1145 1145 1145 1149 1149
    1149 1149 1149 1153 1153 1157 1157 1157 1157 1157 1165 1165 1169
    1169 1169 1169 1169 0 0 0 4983 4983 5056 5056 4983 4983 4983 4983
    4911 4911 1193 1189 1177 1169 1145 1126 1123 1119 1115 1115 1112
    1112 1115 1115 1119 1119 1119 1119 1119 1123 1123 1123 1123 1126
    1130 1130 1130 1130 1130 1134 1134 1134 1134 1134 1138 1138 1138
    1138 1138 1141 1141 1145 1145 1149 1149 1149 1149 1153 1153 1153
    1157 1157 1157 1165 1165 1169 1169 1169 1169 1169 0 0 0 4983 4983
    5056 5056 5056 4983 4983 4983 4911 4911 1193 1193 1181 1169 1157
    1130 1123 1119 1115 1112 1112 1112 1112 1115 1115 1119 1119 1119
    1119 1119 1123 1123 1123 1126 1126 1130 1130 1130 1130 1130 1134
    1134 1134 1134 1134 1138 1138 1138 1138 1138 1141 1145 1145 1149
    1149 1149 1149 1153 1153 1153 1157 1157 1157 1165 1165 1165 1165
    1169 1169 1169 0 0 0 5056 5056 5056 5056 5056 5056 4983 4983 4911
    4911 1197 1193 1185 1173 1153 1134 1123 1119 1115 1112 1108 1108
    1112 1115 1115 1119 1119 1119 1119 1119 1119 1123 1123 1123 1126
    1126 1126 1126 1126 1130 1130 1134 1134 1134 1134 1138 1138 1138
    1138 1138 1138 1141 1145 1149 1149 1149 1149 1149 1153 1153 1153
    1153 1157 1161 1165 1165 1165 1165 1165 1165 0 0 0 0 5132 5056 5056
    5056 5056 4983 4983 4983 4983 1206 1193 1185 1177 1149 1134 1123
    1119 1115 1108 1108 1108 1112 1115 1115 1115 1119 1119 1119 1119
    1119 1123 1123 1123 1123 1123 1123 1126 1126 1130 1130 1134 1134
    1134 1134 1138 1138 1138 1138 1138 1138 1141 1145 1149 1149 1149
