<?xml version="1.0"?>
<opencv_storage>
<Depth9080 type_id="opencv-matrix">
  <rows>7</rows>
  <cols>20</cols>
  <dt>w</dt>
  <data>
    4139 4139 4139 4295 4295 4295 4295 4241 4241 4295 4295 4295 0 0 0
    5132 5132 5132 5210 5210 4139 4139 4139 4241 4295 4295 4295 4295
    4295 4295 4295 4295 4295 4295 4349 4405 4463 4463 4463 5210 4295
    4295 4241 4241 4241 4241 4241 4295 4295 4295 4295 4295 4295 4295
    4349 4405 4349 4349 4405 4463 4349 4295 4295 4241 4241 4241 4241
    4295 4295 4349 4349 4349 4349 4349 4349 4405 4349 4349 4405 4463
    4349 4349 4295 4241 4241 4241 4295 4295 4295 4405 4405 4405 4405
    4405 4405 4405 4405 4405 4405 4463 0 4349 4349 4295 4295 4241 4241
    4241 4295 4405 4405 4405 4405 4405 4405 4405 4405 4405 4405 4463 0
    4349 4349 4349 4349 4241 4241 4241 4295 4405 4463 4463 4463 4463
    4463 4463 4463 4463 4463 4463</data></Depth9080>
</opencv_storage>
