<?xml version="1.0"?>
<opencv_storage>
<Depth8862 type_id="opencv-matrix">
  <rows>99</rows>
  <cols>44</cols>
  <dt>w</dt>
  <data>
    5832 5832 5640 5640 5640 5548 5548 5548 5548 1077 1077 1073 1073
    1073 1073 5548 5548 5548 1057 1057 1057 5460 5460 5460 5460 5460
    1050 1050 1050 1050 1050 1047 1047 0 0 0 0 0 5210 5210 5210 5056
    4983 4911 5832 5832 5640 5640 0 0 0 1070 1070 1070 1070 1067 1067
    1067 1067 1067 1067 1067 1057 1057 1057 1054 1054 1054 1054 0 1047
    1047 1047 1047 1047 1047 1050 0 0 0 0 0 0 0 0 0 4983 4911 5832 5832
    0 0 0 0 0 0 1070 1067 1067 1067 1067 1067 1067 1067 1067 1067 1057
    1054 1054 1054 1054 1054 1054 1050 1047 1047 1044 1044 1044 1041
    1041 0 0 0 0 0 0 0 0 0 0 0 0 0 0 0 0 0 0 1070 1070 1067 1067 1067
    1067 1067 1067 1063 1060 1060 1054 1054 1054 1054 1054 1050 1050
    1050 1044 1044 1044 1044 1041 1041 1041 0 0 0 0 0 0 0 0 0 0 0 0 0 0
    0 0 0 0 1067 1067 1070 1070 1067 1067 1063 1063 1063 1060 1060 1054
    1054 1054 1054 1054 1050 1050 1047 1047 1044 1044 1041 1041 1038
    1038 1038 1041 0 0 0 0 0 0 0 0 0 0 0 0 0 0 0 0 1067 1067 1070 1070
    1067 1067 1063 1063 1063 1060 1060 1054 1054 1054 1050 1050 1050
    1047 1047 1047 1047 1044 1041 1041 1038 1038 1038 1041 1041 1050 0 0
    0 0 0 0 0 0 0 0 0 0 0 0 1073 1070 1067 1067 1067 1067 1063 1063 1063
    1060 1060 1054 1054 1054 1050 1050 1050 1047 1047 1047 1044 1044
    1044 1041 1038 1038 1038 1038 1038 1041 0 1149 1149 1153 0 0 0 0 0 0
    0 0 0 1077 1073 1070 1067 1067 1067 1067 1063 1063 1063 1060 1057
    1057 1054 1054 1050 1050 1050 1050 1047 1047 1044 1044 1044 1041
    1038 1038 1038 1038 1038 1041 1041 1145 1145 1149 1214 1214 1214 0 0
    0 0 0 0 1077 1073 1070 1067 1067 1067 1067 1067 1063 1063 1060 1057
    1057 1054 1054 1050 1050 1050 1050 1047 1047 1044 1044 1041 1041
    1038 1038 1038 1038 1038 1038 1153 1145 1141 1134 1134 1214 1214 0 0
    0 0 0 0 1077 1073 1070 1067 1067 1067 1067 1063 1063 1060 1060 1057
    1057 1057 1054 1050 1050 1050 1050 1050 1047 1044 1041 1041 1038
    1038 1038 1041 1041 1161 1157 1153 1149 1141 1134 1134 1219 1219 0 0
    0 0 0 0 1077 1073 1073 1070 1070 1067 1067 1063 1063 1060 1060 1057
    1057 1057 1054 1050 1050 1050 1050 1047 1044 1044 1041 1041 1038
    1038 1038 1041 1047 1057 1157 1157 1153 1141 1141 1214 1214 1219 0 0
    0 0 0 0 1077 1073 1073 1070 1067 1067 1067 1063 1063 1060 1060 1060
    1060 1057 1054 1050 1050 1050 1050 1047 1044 1044 1041 1041 1041
    1038 1038 1041 1050 1057 1157 1141 1141 1165 1197 1214 1214 1219 0 0
    0 0 0 0 1077 1073 1073 1070 1067 1067 1067 1063 1063 1063 1063 1060
    1060 1057 1054 1054 1050 1050 1050 1047 1044 1044 1041 1041 1041
    1041 1041 1041 1050 1050 1141 1141 1141 1149 1153 1214 1219 1219 0 0
    0 0 0 0 1077 1073 1073 1070 1067 1067 1067 1063 1063 1063 1063 1060
    1060 1057 1054 1054 1050 1050 1050 1047 1044 1044 1041 1041 1041
    1041 1041 1041 1047 1047 1141 1138 1138 1145 1153 1219 1219 1219 0 0
    0 0 0 0 1077 1073 1073 1070 1067 1067 1067 1063 1063 1063 1063 1060
    1060 1057 1054 1054 1050 1050 1050 1047 1047 1044 1041 1041 1041
    1041 1041 1041 1047 1047 1145 1138 1138 1145 1219 1223 1223 1236 0 0
    0 0 0 0 1077 1073 1073 1070 1067 1067 1067 1063 1063 1063 1063 1060
    1060 1057 1054 1054 1050 1050 1050 1047 1047 1044 1044 1041 1041
    1041 1041 1041 1077 1077 1084 1087 1138 1149 1219 1223 1232 1236 0 0
    0 0 0 0 1077 1073 1070 1070 1067 1067 1067 1063 1063 1063 1060 1060
    1060 1057 1054 1054 1050 1050 1050 1050 1047 1047 1044 1044 1041
    1041 1041 1041 1041 1077 1084 1087 1138 1165 1219 1219 1232 1236 0 0
    0 0 0 0 1077 1073 1070 1067 1067 1067 1067 1063 1063 1063 1060 1060
    1060 1057 1054 1054 1050 1050 1050 1050 1047 1044 1041 1041 1041
    1041 1041 1041 1041 1080 1084 1087 1126 1202 1202 1219 1241 1241 0 0
    0 0 0 0 1077 1073 1070 1067 1067 1067 1067 1067 1063 1063 1060 1060
    1060 1057 1054 1054 1054 1050 1050 1050 1044 1044 1041 1041 1041
    1041 1041 1044 1060 1080 1087 1094 1126 1202 1202 1202 1241 1241 0 0
    0 0 0 0 1077 1073 1070 1070 1067 1067 1067 1067 1063 1063 1060 1060
    1060 1057 1054 1054 1054 1050 1050 1047 1044 1044 1041 1041 1041
    1041 1041 1044 1060 1084 1094 1112 1138 1141 1141 1236 1236 1236 0 0
    0 0 0 0 1077 1073 1070 1070 1070 1070 1067 1067 1063 1063 1063 1060
    1057 1054 1054 1054 1054 1054 1050 1047 1044 1044 1041 1041 1041
    1041 1041 1044 1090 1090 1112 1141 1141 1141 1214 1214 1227 1236 0 0
    0 0 0 0 1077 1077 1073 1070 1070 1067 1067 1067 1063 1063 1063 1060
    1057 1054 1054 1050 1050 1054 1050 1050 1047 1044 1044 1041 1041
    1041 1041 1044 1084 1094 1112 1141 1141 1141 1214 1214 1227 1227 0 0
    0 0 0 0 1080 1077 1073 1070 1070 1067 1067 1067 1063 1063 1060 1060
    1057 1054 1054 1050 1050 1050 1050 1050 1047 1044 1044 1044 1041
    1041 1044 1047 1084 1094 1138 1138 1145 1149 1219 1219 1227 1227 0 0
    0 0 0 1080 1077 1077 1073 1070 1070 1067 1067 1063 1063 1063 1060
    1060 1057 1054 1054 1050 1050 1050 1050 1050 1047 1047 1044 1044
    1044 1041 1041 1047 1087 1094 1138 1138 1145 1219 1219 1219 1227 0 0
    0 0 0 0 1080 1077 1077 1073 1070 1070 1067 1067 1063 1063 1063 1060
    1060 1057 1057 1054 1054 1050 1050 1050 1050 1044 1044 1044 1044
    1044 1041 1041 1050 1050 1050 1193 1219 0 1219 1219 1227 1232 1232 0
    0 0 0 0 1080 1077 1077 1073 1073 1070 1070 1067 1067 1063 1063 1060
    1060 1057 1057 1054 1054 1054 1050 1050 1050 1044 1044 1041 1041
    1041 1044 1044 1050 1050 0 0 0 1219 1219 1219 1227 1236 0 0 0 0 0 0
    1077 1077 1077 1073 1073 1070 1070 1067 1067 1063 1063 1060 1060
    1057 1054 1054 1050 1050 1050 1050 1047 1047 1047 1041 1041 1041
    1044 1044 1050 1050 0 0 1193 1193 1193 1219 1227 1232 0 0 0 0 0 0
    1077 1077 1077 1073 1073 1070 1070 1067 1063 1063 1063 1060 1057
    1057 1054 1054 1050 1050 1050 1050 1047 1047 1044 1044 1041 1041
    1041 1044 0 1044 0 0 1193 1193 1193 1214 1223 1232 0 0 0 0 0 0 1077
    1077 1077 1073 1073 1070 1070 1067 1063 1063 1060 1060 1057 1057
    1054 1054 1054 1054 1050 1050 1047 1047 1044 1044 1041 1041 1041
    1044 0 0 0 0 1202 1202 1202 1214 1223 1232 0 0 0 0 0 1077 1077 1077
    1077 1073 1073 1070 1067 1067 1067 1063 1060 1060 1057 1057 1054
    1054 1054 1054 1054 1050 1050 1047 1044 1044 1044 1044 1044 1044 0
    1090 1090 0 0 1210 1210 1210 1210 1232 1232 0 0 0 0 1077 1077 1077
    1077 1077 1073 1070 1067 1067 1067 1063 1063 1060 1054 1054 1054
    1054 1054 1054 1054 1050 1050 1047 1047 1044 1044 1044 1041 1041
    1090 1090 1090 1090 1210 1210 1210 1210 1232 0 0 0 0 0 0 1073 1073
    1077 1077 1077 1073 1070 1067 1067 1067 1063 1063 1060 1054 1054
    1054 1054 1054 1054 1054 1050 1050 1047 1047 1044 1044 1044 1041
    1041 1090 1090 1090 1090 1214 1214 1214 1219 1227 1227 0 0 0 0 0
    1073 1073 1077 1077 1077 1073 1070 1067 1067 1067 1063 1063 1060
    1057 1054 1054 1054 1054 1054 1054 1050 1050 1050 1047 1044 1044
    1044 1044 1044 1090 1087 1087 1141 1149 1202 1219 1219 1227 0 0 0 0
    0 0 1070 1070 1077 1077 1077 1073 1070 1067 1067 1067 1067 1063 1063
    1060 1054 1054 1054 1054 1054 1054 1050 1050 1050 1047 1044 1044
    1044 1044 1090 1090 1087 1087 1126 1149 1202 1214 1219 1232 0 0 0 0
    0 0 1070 1070 1077 1077 1077 1073 1070 1067 1067 1067 1063 1063 1060
    1060 1057 1057 1054 1054 1054 1050 1050 1050 1050 1047 1044 1044
    1044 1044 1080 1080 1094 1094 1123 1202 1202 1210 1210 0 0 0 0 0 0 0
    1077 1077 1077 1077 1073 1073 1070 1067 1067 1067 1063 1063 1060
    1060 1057 1057 1054 1050 1050 1050 1050 1047 1047 1044 1041 1041
    1041 1044 1073 1077 1097 1101 1123 1130 1206 1210 1210 0 0 0 0 0 0
    1077 1077 1077 1077 1077 1073 1073 1070 1067 1067 1067 1063 1063
    1063 1060 1060 1057 1054 1050 1050 1050 1047 1047 1047 1044 1041
    1041 1041 1044 1073 1077 1097 1123 1126 1130 1206 1219 1223 0 0 0 0
    0 0 1077 1077 1077 1077 1073 1073 1070 1070 1067 1067 1067 1063 1063
    1063 1060 1060 1054 1054 1054 1050 1050 1047 1047 1047 1044 1041
