<?xml version="1.0"?>
<opencv_storage>
<Depth4841 type_id="opencv-matrix">
  <rows>8</rows>
  <cols>17</cols>
  <dt>w</dt>
  <data>
    5734 5734 5640 5548 5548 5548 5640 5640 4349 4405 4405 4349 4190
    4190 4190 4190 4241 5832 5734 5734 5734 4349 4349 4405 4405 4349
    4349 4349 4349 4295 4190 4190 4190 4190 5832 4405 4349 4349 4349
    4349 4405 4405 4349 4349 4349 4295 4295 4241 4241 4190 4190 4349
    4349 4349 4349 4349 4349 4349 4349 4295 4295 4295 4241 4241 4241
    4241 4190 4139 4349 4349 4349 4349 4349 4349 4349 4295 4241 4241
    4241 4190 4190 4190 4241 4190 4139 4241 4241 4241 4241 4349 4349
    4295 4295 4241 4241 4190 4190 4139 4139 4241 4241 4139 4190 4190
    4190 4241 4295 4295 4295 4241 4190 4190 4190 4190 4139 4139 4295
    4295 4349 4190 4190 4190 4241 4241 4241 4190 4190 4139 4139 4190
    4190 4190 4190 0 0 0</data></Depth4841>
</opencv_storage>
