<?xml version="1.0"?>
<opencv_storage>
<Depth4431 type_id="opencv-matrix">
  <rows>11</rows>
  <cols>13</cols>
  <dt>w</dt>
  <data>
    0 0 6259 6146 6146 6038 6038 6038 6038 6146 6146 6146 6259 0 0 0
    6146 6146 6038 6038 6038 6038 6038 6146 6259 6259 6375 6375 6259
    6146 6146 6038 6038 6038 6038 6038 6146 6146 6146 6259 6259 6259
    6146 6146 6038 6038 6038 6038 6038 6146 6038 6038 6259 6259 6259
    6259 6259 6038 6038 6038 6038 6259 6146 6038 6038 6146 6146 6259
    6259 6259 6038 6038 6146 6146 6259 6146 5832 5832 6146 6038 6038
    6146 6146 6038 6038 6146 6146 6259 6259 5832 5832 6146 6038 6038
    6146 6146 6038 6038 6146 6146 6259 6259 5933 5933 6259 6259 6259
    6259 6259 6146 6146 6259 6259 6375 0 0 0 0 6259 6259 6259 6259 6146
    6146 6259 6259 0 0 0 0 0 6375 6259 6259 6259 6259 6259 0 0 0 0 0 0</data></Depth4431>
</opencv_storage>
