<?xml version="1.0"?>
<opencv_storage>
<Depth7236 type_id="opencv-matrix">
  <rows>88</rows>
  <cols>68</cols>
  <dt>w</dt>
  <data>
    5132 5210 5210 5210 5210 5210 5291 5291 5374 5374 5374 5374 5374
    5374 5460 5460 5460 5460 5460 5460 5460 5460 5374 5374 5374 5374
    5374 5374 5374 5374 5374 5291 5291 5291 5210 5210 5210 5210 5210
    5210 5132 5132 1370 1370 1370 1370 1370 4983 4983 4983 4983 4911
    4911 4911 4911 4911 4842 4774 4774 4774 4774 4774 4774 4708 4708
    4708 4708 4708 5132 5210 5210 5210 5210 5210 5210 5210 5291 5291
    5291 5374 5374 5374 5460 5460 5460 5460 5460 5460 5548 5460 5460
    5460 5374 5374 5374 5374 5374 5374 5374 5291 5291 5210 5210 5210
    5210 5210 5210 5210 5132 5056 1370 1370 1370 1370 1370 1370 1370
    1370 4911 4911 4911 4911 4911 4911 4842 4774 4774 4774 4774 4774
    4774 4708 4708 4708 4774 4708 5132 5210 5210 5210 5210 5210 5210
    5210 5291 5291 5291 5374 5374 5374 5460 5460 5460 5460 5460 5460
    5548 5460 5460 5460 5374 5374 5374 5374 5374 5374 5374 5291 5291
    5210 1307 1307 5210 5210 5210 5210 5132 5056 5056 1370 1365 1365
    1365 1365 1370 1370 4911 4911 4911 4911 4911 4911 4842 4774 4774
    4774 4774 4774 4774 4708 4708 4708 4774 4708 5132 5132 5210 5210
    5210 5210 5210 5291 5291 5291 5291 5374 5374 5374 5374 5460 5460
    5460 5460 5460 5460 5460 5460 5460 5374 5374 5374 5291 5291 5291
    5291 5291 5210 5132 1307 1307 1312 1312 5548 5548 5132 5056 4983
    1370 1359 1359 1359 1365 1365 1365 1370 4911 4911 4911 4911 4911
    4842 4842 4774 4774 4774 4774 4774 4708 4708 4708 4774 4774 5132
    5132 5210 5210 5210 5210 5210 5291 5291 5291 5291 5374 5374 5374
    5374 5460 5460 5460 5460 5460 5460 5460 5460 5460 5374 5374 5291
    5291 5291 5291 5291 5210 5210 5132 5132 1312 1307 1307 1307 1302
    1302 1302 1302 1307 1312 1338 1349 1359 1359 1370 1370 4911 4911
    4911 4911 4911 4911 4842 4842 4774 4774 4774 4774 4708 4708 4708
    4774 4774 5132 5132 5210 5210 5210 5210 5210 5291 5291 5374 5374
    5374 5374 5374 5460 5460 5460 5460 5460 5460 5460 5460 5460 5460
    5374 5374 5291 5291 5291 5374 5291 5210 5210 1328 1317 1312 1307
    1307 1302 1297 1297 1297 1297 1307 1307 1328 1328 1354 1359 1365
    1365 1370 4911 4911 4911 4911 4911 4842 4842 4842 4774 4774 4774
    4708 4708 4708 4774 4774 5132 5132 5210 5210 5210 5210 5210 5291
    5291 5291 5291 5374 5374 5374 5374 5460 5460 5460 5460 5460 5460
    5460 5460 5460 5460 5374 5374 5460 5460 5460 1317 1317 1317 1317
    1312 1312 1307 1307 1302 1297 1297 1297 1297 1297 1307 1317 1328
    1349 1354 1359 1370 1370 4983 4983 4983 4983 4911 4911 4842 4842
    4842 4774 4774 4774 4774 4774 4774 4774 5132 5132 5210 5210 5210
    5210 5210 5291 5291 5291 5291 5374 5291 5291 5291 5374 5374 5460
    5460 5460 5460 5460 5460 5460 5548 5548 5640 5734 1338 1333 1322
    1317 1317 1317 1312 1307 1307 1307 1302 1302 1297 1292 1292 1297
    1302 1317 1328 1338 1349 1359 1370 1370 1370 4983 4983 4983 4911
    4911 4911 4842 4842 4774 4774 4774 4774 4774 4774 4774 5132 5132
    5210 5210 5210 5210 5210 5291 5291 5291 5291 5374 5291 5291 5291
    5374 5374 1354 1354 1343 1338 1338 1322 1322 5548 5640 5640 1338
    1333 1328 1322 1312 1312 1312 1312 1307 1307 1307 1302 1297 1297
    1292 1292 1297 1302 1317 1328 1333 1343 1359 1365 1370 1370 4983
    4983 4983 4911 4911 4911 4842 4842 4774 4774 4774 4774 4774 4774
    4708 5132 5132 5132 5132 5132 5210 5210 5291 5291 5291 5291 5291
    1365 1365 1354 1349 1349 1349 1349 1343 1338 1333 1322 1322 1328
    1333 1333 1333 1333 1328 1322 1312 1312 1312 1312 1307 1307 1307
    1297 1297 1292 1292 1292 1292 1297 1312 1328 1333 1338 1349 1359
    1370 1370 1370 4983 4983 4911 4911 4842 4842 4774 4774 4708 4708
    4708 4708 4774 4708 5056 5132 5132 5132 5132 5210 1392 1392 1392
    1392 1392 1370 1365 1365 1354 1354 1349 1349 1349 1343 1343 1333
    1328 1328 1328 1333 1333 1328 1328 1328 1317 1312 1312 1312 1312
    1307 1307 1307 1297 1292 1292 1292 1292 1292 1297 1312 1322 1328
    1338 1349 1359 1365 1370 1370 4983 4983 4911 4911 4842 4842 4774
    4708 4708 4708 4708 4708 4774 4774 4911 5056 5132 5132 1398 1392
    1392 1387 1381 1381 1370 1365 1365 1365 1354 1354 1349 1349 1349
    1343 1343 1338 1338 1333 1333 1333 1333 1328 1328 1328 1317 1317
    1312 1312 1312 1307 1307 1307 1297 1292 1292 1292 1292 1292 1297
    1307 1317 1328 1333 1343 1359 1365 1370 1370 4842 4842 4842 4911
    4842 4842 4774 4708 4708 4708 4708 4708 4774 4774 4911 5056 1404
    1398 1392 1392 1387 1387 1381 1376 1370 1365 1365 1359 1354 1354
    1349 1349 1343 1343 1338 1338 1338 1333 1328 1328 1333 1328 1328
    1328 1322 1317 1317 1312 1312 1307 1307 1307 1302 1297 1292 1292
    1292 1292 1297 1307 1312 1322 1333 1343 1359 1359 1359 1359 4842
    4842 4842 4911 4842 4842 4842 4774 4774 4774 4708 4708 4774 4774
    1387 1387 1387 1392 1387 1387 1381 1381 1376 1376 1370 1365 1365
    1359 1354 1349 1349 1343 1343 1343 1338 1338 1338 1333 1328 1328
    1333 1328 1328 1328 1322 1317 1317 1312 1312 1307 1307 1307 1302
    1297 1297 1292 1292 1292 1292 1297 1307 1312 1317 1349 1359 1359
    1359 1359 4842 4842 4842 4911 4911 4911 4842 4774 4774 4774 4708
    4708 4774 4774 1387 1387 1387 1387 1387 1387 1381 1376 1370 1370
    1370 1370 1365 1365 1354 1349 1349 1343 1343 1343 1338 1338 1338
    1333 1333 1333 1333 1328 1328 1328 1322 1317 1317 1312 1312 1307
    1307 1302 1302 1297 1297 1297 1292 1292 1292 1297 1302 1312 1317
    1343 1354 1354 1354 1354 4842 4842 4842 4911 4911 4911 4842 4774
    4774 4774 4708 4708 4774 4774 1387 1387 1387 1387 1387 1387 1381
    1376 1370 1370 1370 1370 1365 1365 1354 1354 1349 1343 1343 1343
    1338 1338 1338 1338 1333 1333 1333 1328 1328 1328 1322 1317 1317
    1312 1312 1307 1307 1302 1297 1297 1297 1292 1292 1292 1292 1297
    1297 1307 1312 1343 1349 1354 1354 1354 4842 4842 4842 4911 4911
    4911 4911 4842 4774 4774 4774 4774 4842 4774 1387 1387 1387 1387
    1387 1387 1381 1381 1370 1370 1370 1370 1365 1365 1354 1354 1349
    1349 1343 1343 1338 1338 1343 1338 1333 1333 1333 1328 1328 1328
    1322 1317 1317 1312 1312 1307 1307 1302 1297 1297 1297 1292 1292
    1288 1288 1292 1297 1297 1312 1338 1349 1354 1354 1365 1365 4983
    4983 4983 4911 4911 4911 4842 4842 4774 4774 4774 4842 4774 1387
    1387 1387 1392 1387 1387 1387 1381 1376 1376 1370 1370 1365 1365
    1354 1354 1349 1349 1349 1343 1343 1343 1343 1338 1333 1333 1333
    1328 1328 1328 1322 1322 1317 1312 1312 1307 1307 1307 1302 1302
    1297 1292 1292 1288 1288 1292 1297 1297 1307 1333 1349 1349 1354
    1365 1365 1365 4911 4911 4911 4911 4911 4842 4842 4774 4774 4774
    4842 4774 1370 1376 1387 1392 1387 1387 1387 1381 1381 1370 1370
    1370 1365 1365 1365 1354 1354 1349 1349 1343 1343 1343 1343 1338
    1333 1333 1333 1328 1328 1328 1328 1322 1317 1312 1312 1312 1307
    1307 1302 1302 1297 1292 1292 1288 1288 1292 1297 1297 1307 1333
    1343 1349 1354 1365 1365 0 4911 4911 4911 4911 4911 4911 4842 4842
    4774 4774 4774 4774 1370 1376 1387 1392 1387 1387 1387 1381 1381
    1370 1370 1370 1365 1365 1365 1354 1354 1349 1349 1343 1343 1343
    1343 1338 1333 1333 1333 1333 1328 1328 1322 1322 1317 1312 1312
    1307 1307 1307 1302 1302 1297 1292 1292 1288 1288 1292 1297 1297
    1317 1328 1338 1349 1354 1365 1365 1370 4842 4842 4842 4911 4911
    4911 4842 4842 4774 4774 4774 4774 1392 1392 1392 1392 1392 1387
    1387 1381 1376 1376 1370 1370 1365 1365 1365 1354 1354 1349 1349
    1343 1343 1343 1343 1338 1333 1333 1333 1333 1328 1328 1322 1322
    1317 1312 1312 1307 1307 1307 1302 1302 1297 1292 1292 1288 1288
    1292 1297 1297 1312 1322 1333 1343 1354 1359 1370 1370 4842 4842
    4842 4842 4911 4911 4911 4842 4842 4842 4774 4774 1392 1392 1392
    1392 1392 1387 1387 1381 1376 1370 1370 1370 1365 1365 1365 1359
    1354 1349 1349 1343 1343 1343 1343 1338 1338 1338 1338 1333 1328
    1328 1322 1322 1317 1312 1312 1312 1312 1307 1302 1302 1297 1292
