<?xml version="1.0"?>
<opencv_storage>
<Depth1788 type_id="opencv-matrix">
  <rows>78</rows>
  <cols>60</cols>
  <dt>w</dt>
  <data>
    4774 4774 4708 4645 4645 4582 4582 4582 4582 4522 4522 4463 1214
    1206 1202 1202 1214 1214 1214 1210 4190 4190 4190 4190 4190 4139
    4139 4139 4139 4190 4190 1250 1250 4139 4089 4089 4041 1278 1278
    1278 3948 3948 3948 3948 3903 3903 3903 3859 3816 1307 1302 1302
    3732 3732 3774 3774 3774 3732 3692 3653 4774 4774 4708 4708 4645
    4582 4582 4582 1223 1223 1219 1214 1214 1206 1202 1202 1202 1206
    1206 1210 1214 1219 1219 1223 1223 1227 1227 1232 1236 1241 1250
    1250 1250 1250 1250 1250 1259 1268 1273 1278 1278 1283 1288 1288
    1292 1297 1297 1302 1302 1307 1302 1302 3732 3732 3732 3732 3732
    3732 3692 3653 4774 4774 4708 4708 1264 1255 1250 1245 1236 1223
    1219 1214 1210 1206 1202 1202 1202 1206 1206 1210 1214 1219 1219
    1223 1223 1227 1227 1232 1236 1241 1245 1250 1250 1250 1250 1250
    1259 1268 1268 1273 1273 1278 1283 1288 1292 1297 1297 1302 1302
    1307 1307 1307 1317 1317 3732 3732 3732 3732 3692 3653 4842 4842
    1268 1268 1264 1255 1250 1245 1236 1227 1223 1219 1206 1202 1202
    1202 1202 1206 1206 1210 1214 1219 1219 1223 1223 1227 1232 1232
    1232 1236 1245 1245 1250 1250 1250 1250 1259 1264 1268 1268 1273
    1278 1283 1288 1288 1292 1297 1302 1302 1307 1307 1312 1317 1317
    1317 3692 3692 3692 3692 3692 4774 1268 1268 1264 1259 1255 1250
    1245 1236 1227 1223 1219 1206 1202 1202 1202 1202 1206 1210 1210
    1214 1214 1219 1219 1223 1227 1227 1232 1232 1236 1241 1245 1250
    1250 1250 1250 1259 1264 1268 1268 1273 1278 1283 1283 1288 1292
    1297 1302 1302 1302 1307 1312 1317 1317 3732 3692 3692 3692 3653
    3653 1283 1283 1268 1264 1259 1250 1250 1245 1241 1232 1227 1223
    1206 1202 1202 1202 1202 1206 1206 1210 1214 1214 1219 1219 1223
    1227 1227 1232 1232 1236 1241 1245 1250 1250 1250 1250 1259 1264
    1268 1268 1273 1278 1283 1283 1288 1292 1297 1297 1297 1302 1307
    1312 1317 1317 3732 3732 3692 3692 3653 3653 1283 1283 1273 1268
    1264 1250 1245 1245 1241 1232 1223 1219 1206 1202 1202 1202 1202
    1206 1206 1210 1214 1214 1214 1219 1223 1227 1227 1232 1232 1236
    1241 1245 1250 1250 1250 1255 1264 1264 1268 1268 1273 1278 1283
    1283 1288 1288 1292 1297 1297 1302 1302 1307 1307 1307 3732 3732
    3692 3692 3653 3653 1283 1283 1273 1268 1264 1250 1245 1245 1241
    1232 1223 1219 1210 1202 1202 1202 1202 1202 1206 1210 1210 1214
    1214 1219 1223 1227 1227 1232 1232 1232 1241 1245 1250 1250 1250
    1255 1264 1264 1268 1268 1273 1278 1283 1283 1283 1288 1288 1297
    1302 1302 1302 1307 1307 1307 3732 3732 3732 3692 3692 3653 1283
    1283 1278 1273 1264 1250 1250 1245 1241 1232 1223 1210 1210 1202
    1202 1202 1202 1202 1206 1210 1210 1214 1214 1219 1223 1227 1227
    1232 1232 1232 1241 1245 1250 1250 1250 1264 1264 1264 1264 1268
    1268 1278 1278 1283 1283 1288 1288 1297 1302 1302 1302 1307 1307
    1307 3692 3692 3692 3692 3692 3653 1283 1283 1283 1273 1264 1250
    1250 1245 1236 1232 1223 1210 1210 1202 1202 1202 1202 1206 1206
    1210 1210 1210 1214 1219 1223 1227 1227 1232 1232 1232 1241 1245
    1250 1250 1250 1259 1264 1264 1264 1268 1268 1278 1278 1283 1288
    1288 1292 1297 1302 1302 1302 1307 1307 1307 3692 3692 3692 3692
    3732 3692 1288 1283 1283 1273 1264 1255 1250 1245 1236 1232 1223
    1214 1210 1202 1202 1202 1202 1206 1206 1210 1210 1210 1214 1214
    1223 1227 1227 1232 1232 1232 1241 1245 1245 1250 1250 1259 1264
    1264 1268 1268 1273 1278 1278 1283 1283 1288 1288 1292 1297 1302
    1302 1307 1307 1307 3692 3692 3692 3692 3732 3692 1288 1283 1283
    1273 1264 1259 1250 1245 1241 1232 1227 1214 1210 1206 1202 1202
    1202 1206 1206 1206 1210 1210 1214 1214 1219 1223 1227 1227 1232
    1232 1241 1245 1245 1250 1250 1255 1259 1264 1268 1268 1268 1278
    1278 1283 1283 1288 1288 1292 1297 1302 1302 1307 1307 1307 3692
    3692 3692 3692 3732 3732 1292 1288 1283 1273 1264 1259 1255 1245
    1241 1232 1227 1219 1210 1206 1202 1202 1202 1206 1206 1206 1210
    1210 1214 1214 1219 1223 1227 1227 1232 1232 1245 1245 1245 1250
    1250 1255 1255 1259 1268 1268 1268 1278 1283 1283 1288 1288 1288
    1292 1292 1302 1302 1307 1307 1307 3732 3732 3692 3692 3692 3692
    1288 1288 1283 1273 1264 1259 1255 1245 1241 1232 1227 1219 1210
    1206 1202 1202 1202 1202 1206 1206 1210 1210 1214 1214 1219 1223
    1227 1227 1232 1236 1245 1245 1245 1245 1250 1255 1255 1259 1264
    1268 1273 1278 1283 1283 1283 1288 1288 1292 1292 1302 1302 1307
    1302 1302 1302 3732 3692 3692 3692 3692 1288 1288 1283 1273 1268
    1259 1255 1245 1245 1236 1227 1219 1210 1206 1202 1202 1202 1202
    1206 1206 1210 1210 1214 1214 1219 1223 1227 1227 1232 1232 1245
    1245 1245 1245 1250 1255 1255 1259 1264 1268 1273 1278 1283 1283
    1283 1288 1288 1292 1292 1302 1302 1307 1302 1302 1307 1307 3692
    3692 3692 3692 0 1288 1283 1273 1268 1259 1255 1245 1245 1236 1227
    1219 1210 1206 1202 1202 1202 1202 1202 1206 1210 1210 1214 1214
    1214 1223 1223 1227 1227 1232 1245 1245 1245 1245 1250 1255 1255
    1259 1264 1268 1273 1278 1283 1283 1283 1288 1288 1292 1292 1302
    1302 1302 1307 1307 1307 1307 3653 3653 3692 3653 0 1288 1283 1278
    1268 1259 1250 1245 1241 1236 1227 1219 1214 1206 1202 1202 1197
    1197 1197 1202 1206 1210 1210 1214 1214 1219 1223 1227 1227 1236
    1241 1245 1245 1245 1250 1255 1255 1264 1264 1268 1273 1278 1283
    1283 1283 1288 1288 1292 1297 1302 1302 1302 1307 1307 1312 1312
    3653 3653 3692 3653 0 1288 1283 1283 1268 1259 1250 1245 1241 1236
    1223 1219 1214 1210 1206 1202 1197 1197 1197 1202 1206 1210 1210
    1214 1214 1219 1223 1227 1227 1232 1241 1245 1245 1245 1250 1255
    1259 1264 1264 1268 1273 1278 1283 1283 1283 1288 1288 1292 1297
    1302 1302 1307 1307 1307 1312 1312 3732 3692 3692 3653 0 1292 1288
    1283 1273 1259 1250 1245 1241 1232 1223 1219 1214 1210 1202 1202
    1197 1197 1197 1202 1206 1210 1210 1214 1214 1214 1223 1227 1227
    1232 1236 1245 1245 1245 1250 1255 1259 1259 1259 1264 1268 1273
    1278 1283 1283 1288 1288 1292 1297 1302 1302 1307 1307 1312 1312
    3732 3732 3692 3692 3653 0 1292 1288 1283 1278 1264 1255 1250 1241
    1232 1223 1219 1214 1210 1202 1202 1197 1197 1202 1202 1206 1210
    1210 1210 1214 1214 1223 1223 1227 1232 1236 1241 1245 1250 1250
    1255 1259 1259 1259 1264 1268 1273 1278 1283 1283 1283 1288 1297
    1302 1302 1302 1307 1307 1312 1312 3732 3732 3692 3692 3653 0 0 1288
    1283 1273 1264 1255 1250 1241 1232 1227 1219 1214 1210 1202 1197
    1197 1197 1197 1206 1206 1210 1210 1210 1214 1219 1223 1223 1227
    1232 1232 1236 1245 1245 1250 1250 1255 1259 1259 1264 1264 1273
    1278 1283 1283 1283 1288 1297 1302 1302 1302 1307 1307 1312 1312
    3732 3732 3692 3692 3692 0 1288 1283 1278 1273 1264 1259 1250 1241
    1232 1227 1219 1214 1210 1197 1197 1197 1197 1197 1206 1210 1210
    1210 1210 1214 1219 1223 1227 1232 1232 1232 1236 1241 1245 1250
    1250 1255 1259 1259 1264 1264 1273 1278 1278 1283 1283 1288 1292
    1302 1302 1302 1307 1307 1307 1312 1312 3732 3732 3692 3692 0 1288
    1283 1278 1268 1264 1259 1250 1245 1232 1227 1223 1219 1210 1197
    1197 1193 1193 1193 1202 1210 1210 1210 1210 1214 1219 1223 1223
    1232 1232 1232 1236 1241 1245 1250 1250 1255 1255 1259 1259 1264
    1268 1278 1278 1283 1283 1288 1292 1297 1302 1302 1302 1307 1307
    1307 1307 3732 3732 3732 3732 0 0 1283 1278 1268 1264 1259 1250 1245
    1232 1227 1223 1219 1210 1202 1197 1193 1193 1193 1197 1206 1210
    1210 1210 1214 1219 1223 1223 1227 1232 1232 1236 1241 1245 1250
    1250 1255 1255 1259 1259 1264 1268 1278 1278 1283 1283 1288 1288
    1292 1302 1302 1302 1307 1307 1307 1307 3732 3732 3732 3732 0 0 1283
    1278 1268 1268 1259 1250 1241 1232 1232 1223 1219 1210 1202 1197
    1193 1193 1193 1197 1202 1210 1210 1214 1214 1219 1219 1223 1227
    1232 1232 1236 1241 1245 1250 1250 1255 1255 1259 1259 1264 1264
