<?xml version="1.0"?>
<opencv_storage>
<Depth13283 type_id="opencv-matrix">
  <rows>8</rows>
  <cols>10</cols>
  <dt>w</dt>
  <data>
    6038 6038 6146 6497 6622 6622 6497 6497 6622 6622 6038 6146 6375
    6622 6622 6622 6497 6497 6622 6622 6375 6497 6497 6622 6622 6622
    6622 6622 6622 6622 6375 6497 6497 6622 6622 6622 6497 6497 6622
    6622 6375 6497 6497 6622 6622 6622 6497 6497 6622 6622 6497 6497
    6497 6497 6497 6622 6497 6497 6622 6622 6375 6375 6497 6497 6497
    6622 6497 6497 6622 6622 6375 6375 6497 6497 6497 6497 6497 6497
    6622 6622</data></Depth13283>
</opencv_storage>
