<?xml version="1.0"?>
<opencv_storage>
<Depth11032 type_id="opencv-matrix">
  <rows>99</rows>
  <cols>57</cols>
  <dt>w</dt>
  <data>
    3539 3539 3503 3503 3503 3468 3468 3433 3433 3399 3399 3399 3399
    3365 3365 3365 3333 3333 3333 3300 3300 3300 3300 3300 3269 3269
    3269 3269 3269 3269 3238 3238 3208 3178 3178 3178 1283 1283 1283
    1278 1278 1288 3178 3092 3092 3092 3092 3064 3064 3064 3064 3037
    3037 3037 3010 3010 3010 3539 3539 3503 3503 3503 3468 3468 3433
    3433 3433 3399 3399 3399 3399 3365 3365 3333 3333 3333 3300 3269
    3269 3269 3269 3269 3269 3269 3269 3269 3269 3269 3238 1236 1236
    1245 1268 1283 1283 1283 1283 1283 1288 1288 3092 3092 3092 3092
    3064 3064 3064 3064 3037 3037 3037 3010 3010 3010 3539 3539 3503
    3503 3503 3468 3468 3433 3433 3433 3399 3399 3399 3399 3365 3365
    3333 3300 3300 3300 3269 3269 3269 3269 3269 3269 3269 3269 3269
    1202 1227 1227 1227 1227 1227 1241 1273 1283 1288 1288 1288 1288
    1292 1292 3092 3092 3092 3092 3092 3064 3064 3064 3037 3037 3037
    3010 3010 3539 3539 3503 3503 3503 3468 3468 3433 3433 3433 3399
    3399 3399 3365 3333 3333 1173 1173 3300 1181 1181 1185 1189 1189
    1193 1193 3300 3300 1108 1202 1202 1202 1202 1223 1223 1232 1273
    1292 1288 1288 1288 1288 1292 1292 3092 3092 3092 3092 3092 3092
    3064 3064 3064 3037 3037 3037 3010 3539 3539 3503 3503 3503 3468
    3468 3433 3433 1161 1161 1157 1157 1157 1157 1165 1165 1169 1169
    1173 1173 1177 1181 1185 1193 1193 1206 1108 1108 1108 1202 1197
    1193 1193 1206 1219 1219 1219 1297 1297 1292 1193 1193 1193 1214
    1210 1210 1223 1223 1232 1236 3064 1227 1227 3037 3037 3010 3539
    3503 3468 3468 3468 3468 3468 3468 3468 1161 1153 1153 1153 1153
    1157 1157 1161 1161 1161 1157 1157 1161 1161 1185 1197 1105 1105
    1105 1105 1108 1202 1193 1185 1185 1185 1219 1219 1219 1189 1189
    1189 1189 1189 1193 1206 1202 1202 1210 1210 1219 1223 1227 1227
    1227 1227 1227 1236 3539 3503 3468 3468 3468 3468 1165 1165 1161
    1157 1153 1153 1149 1149 1153 1153 1153 1157 1157 1145 1145 1149
    1149 1149 1108 1105 1105 1105 1105 1108 1108 1193 1185 1181 1181
    1165 1165 1165 1165 1185 1185 1189 1189 1189 1189 1189 1189 1193
    1193 1197 1206 1206 1223 1223 1223 1227 1236 3539 3503 3503 3539
    3539 1165 1165 1161 1157 1157 1153 1153 1149 1145 1145 1145 1145
    1145 1141 1141 1134 1134 1126 1119 1108 1105 1101 1101 1101 1108
    1108 1112 1181 1181 1181 1153 1149 1149 1153 1153 1157 1165 1173
    1173 1177 1185 1185 1189 1189 1193 1202 1206 1214 1219 1223 1227
    1232 3539 3539 3539 3539 3539 1161 1161 1161 1157 1153 1153 1149
    1145 1141 1138 1134 1134 1130 1130 1126 1126 1123 1115 1115 1108
    1105 1101 1101 1101 1101 1105 1112 1112 1119 1134 1141 1141 1145
    1145 1145 1149 1157 1161 1165 1173 1181 1185 1189 1189 1193 1202
    1206 1214 1219 1223 1227 1232 3539 3539 3539 3539 0 1161 1161 1161
    1157 1153 1153 1149 1145 1141 1138 1134 1130 1126 1126 1123 1119
    1119 1115 1112 1108 1101 1097 1097 1097 1097 1101 1112 1112 1112
    1123 1130 1138 1141 1141 1145 1149 1157 1157 1161 1169 1173 1181
    1189 1193 1197 1206 1206 1214 1219 1223 1223 1232 3539 3539 3539
    3539 3539 1165 1165 1161 1157 1153 1153 1149 1145 1141 1134 1130
    1130 1126 1126 1123 1119 1115 1112 1108 1105 1097 1094 1094 1094
    1097 1097 1105 1108 1108 1119 1123 1134 1138 1141 1145 1149 1157
    1157 1161 1169 1173 1181 1189 1193 1197 1206 1206 1214 1219 1223
    1223 1232 3539 3539 3539 3539 3539 1169 1169 1165 1161 1157 1153
    1149 1145 1145 1134 1130 1130 1126 1123 1123 1119 1112 1108 1105
    1101 1097 1094 1094 1094 1097 1097 1101 1105 1108 1119 1123 1130
    1138 1138 1145 1149 1157 1161 1165 1169 1173 1181 1189 1193 1197
    1206 1210 1214 1219 1223 1223 1223 3539 3539 3539 1161 1161 1161
    1169 1165 1161 1157 1153 1149 1145 1141 1138 1130 1130 1126 1123
    1123 1115 1112 1108 1105 1097 1097 1094 1094 1094 1094 1097 1101
    1105 1108 1119 1123 1130 1134 1138 1145 1153 1157 1161 1165 1173
    1177 1181 1189 1193 1206 1206 1210 1219 1223 1223 1223 1223 3539
    3539 3539 1161 1161 1161 1169 1165 1161 1157 1153 1149 1145 1138
    1138 1134 1130 1126 1123 1119 1115 1112 1108 1105 1097 1097 1094
    1094 1094 1094 1097 1101 1108 1112 1123 1126 1130 1134 1138 1145
    1153 1161 1165 1169 1173 1177 1181 1189 1202 1206 1210 1214 1219
    1223 1223 1227 1227 3539 3539 3539 1157 1157 1161 1169 1165 1161
    1157 1153 1149 1145 1138 1138 1134 1126 1126 1123 1119 1112 1112
    1108 1105 1101 1097 1094 1094 1094 1094 1097 1101 1108 1112 1123
    1126 1130 1134 1138 1145 1157 1165 1165 1173 1173 1177 1185 1193
    1197 1206 1210 1214 1223 1223 1223 1227 1227 3539 3539 3539 1157
    1157 1161 1169 1165 1161 1157 1153 1149 1145 1141 1138 1134 1126
    1126 1123 1119 1112 1112 1108 1105 1101 1097 1094 1090 1090 1094
    1097 1101 1108 1115 1126 1126 1130 1138 1138 1145 1161 1165 1165
    1173 1173 1181 1189 1193 1197 1206 1210 1214 1223 1227 1227 1227
    1227 3539 3539 3539 1157 1157 1161 1165 1165 1161 1157 1153 1153
    1145 1138 1138 1134 1126 1126 1123 1119 1112 1112 1108 1108 1101
    1097 1090 1090 1090 1090 1097 1108 1108 1119 1126 1126 1130 1138
    1141 1145 1161 1165 1165 1173 1177 1181 1189 1193 1202 1206 1210
    1214 1223 1227 1232 1232 1232 3539 3539 3539 1157 1157 1165 1165
    1165 1161 1157 1157 1153 1145 1138 1138 1134 1130 1126 1123 1119
    1115 1112 1108 1108 1101 1097 1090 1090 1090 1090 1101 1108 1108
    1119 1126 1126 1130 1138 1141 1153 1161 1165 1165 1173 1177 1185
    1193 1197 1202 1206 1210 1214 1223 1227 1232 1232 1232 3539 3539
    3539 1157 1157 1157 1161 1161 1161 1157 1157 1153 1141 1138 1138
    1134 1130 1126 1123 1119 1115 1112 1108 1108 1101 1094 1094 1090
    1090 1094 1101 1112 1112 1119 1126 1130 1130 1138 1145 1153 1157
    1161 1165 1173 1177 1185 1193 1202 1206 1210 1210 1214 1223 1227
    1232 1232 2984 3539 3539 3576 3576 1157 1157 1161 1161 1161 1157
    1157 1149 1138 1138 1138 1134 1130 1126 1123 1119 1115 1112 1108
    1108 1101 1094 1094 1094 1094 1097 1105 1112 1112 1119 1126 1130
    1134 1141 1145 1153 1157 1161 1165 1173 1181 1189 1193 1202 1206
    1210 1214 1219 1223 1227 1232 1232 2984 3539 3576 3576 3576 1161
    1161 1161 1161 1161 1161 1153 1149 1138 1138 1138 1134 1130 1126
    1123 1119 1115 1112 1108 1108 1101 1094 1094 1094 1097 1101 1105
    1112 1112 1119 1126 1134 1134 1141 1145 1153 1157 1161 1169 1173
    1181 1185 1193 1202 1210 1210 1219 1223 1227 1227 1232 1236 1236
    3576 3576 3576 3576 1173 1173 1169 1169 1161 1161 1153 1149 1141
    1138 1138 1134 1130 1126 1123 1119 1112 1112 1108 1105 1101 1094
    1094 1094 1097 1101 1105 1108 1112 1119 1130 1138 1141 1145 1149
    1157 1161 1165 1169 1177 1181 1185 1193 1197 1202 1214 1219 1223
    1227 1227 1232 1236 1236 3576 3576 3614 3614 1173 1173 1169 1169
    1165 1161 1153 1149 1141 1141 1138 1134 1126 1123 1123 1119 1112
    1112 1108 1105 1101 1094 1094 1094 1101 1105 1108 1108 1112 1119
    1130 1138 1141 1145 1149 1157 1161 1165 1173 1177 1181 1189 1193
    1197 1202 1210 1219 1223 1227 1227 1232 1236 1236 3576 3576 3576
    1173 1173 1173 1169 1169 1165 1161 1153 1149 1141 1141 1138 1134
    1126 1123 1123 1119 1112 1112 1108 1105 1101 1097 1094 1094 1101
    1105 1108 1108 1115 1119 1130 1138 1141 1145 1149 1157 1161 1169
    1173 1177 1181 1189 1193 1197 1202 1210 1223 1227 1227 1232 1232
    1236 1236 3539 3576 3576 1169 1169 1169 1169 1169 1165 1157 1153
    1145 1141 1141 1138 1138 1126 1126 1123 1119 1115 1112 1108 1108
    1101 1097 1097 1097 1101 1108 1108 1112 1115 1123 1130 1138 1141
    1145 1153 1157 1165 1169 1173 1177 1181 1193 1197 1202 1202 1210
    1223 1232 1232 1236 1236 1236 2984 3539 3576 3576 1169 1169 1169
    1169 1169 1165 1157 1153 1145 1141 1141 1138 1138 1126 1126 1123
    1119 1115 1112 1112 1108 1101 1097 1097 1097 1101 1108 1108 1112
    1115 1123 1134 1138 1141 1145 1153 1157 1161 1169 1173 1177 1185
