<?xml version="1.0"?>
<opencv_storage>
<Depth7305 type_id="opencv-matrix">
  <rows>65</rows>
  <cols>26</cols>
  <dt>w</dt>
  <data>
    3653 3653 2065 2065 2028 1993 1981 1970 1970 1981 1981 1981 1981
    1981 1981 1981 1981 1970 1970 1970 4405 4405 4405 4405 4405 4405
    3653 2065 2065 2053 2028 1993 1981 1970 1970 1970 1970 1981 1981
    1981 1981 1981 1981 1970 1970 1970 4405 4405 4405 4405 4405 4405
    3653 2065 2065 2053 2028 1993 1970 1970 1970 1970 1970 1970 1970
    1981 1981 1981 1981 1981 1970 1970 1970 4405 4405 4405 4405 4405
    3614 2103 2065 2053 2016 1981 1970 1959 1959 1970 1970 1970 1970
    1970 1970 1981 1981 1981 1970 1970 1970 4405 4405 4405 4405 4405
    3614 2103 2078 2053 2016 1981 1970 1959 1959 1970 1970 1970 1970
    1970 1970 1970 1970 1981 1981 1981 1981 4405 4349 4349 4405 4349
    2129 2116 2078 2053 2016 1981 1970 1959 1959 1970 1970 1970 1970
    1970 1970 1970 1970 1970 1970 1970 1970 4295 4295 4295 4349 4349
    2129 2116 2078 2053 2016 1981 1959 1959 1959 1970 1970 1970 1970
    1970 1970 1970 1970 1970 1970 1970 1970 4295 4295 4295 4349 4349
    2129 2116 2090 2065 2028 1981 1959 1959 1959 1970 1970 1970 1970
    1970 1970 1970 1970 1970 1970 1959 1959 1959 4295 4295 4349 4349
    2116 2116 2090 2065 2028 1993 1970 1970 1970 1970 1970 1970 1970
    1970 1970 1970 1970 1970 1959 1959 1959 1970 4349 4349 4349 4349
    2116 2116 2090 2065 2028 1993 1970 1959 1959 1959 1959 1970 1970
    1970 1970 1970 1970 1970 1959 1959 1959 1970 4405 4349 4349 4349
    2129 2129 2103 2065 2028 1993 1970 1959 1959 1947 1947 1959 1959
    1959 1959 1959 1970 1970 1970 1970 1970 1970 1970 4349 4349 4349
    2129 2129 2116 2078 2028 1993 1970 1959 1947 1947 1947 1959 1959
    1959 1959 1959 1959 1959 1959 1959 1970 1970 1970 4349 4295 4295
    2129 2129 2129 2078 2028 1993 1970 1959 1947 1947 1947 1959 1959
    1959 1959 1959 1959 1959 1959 1959 1959 1970 1970 4349 4295 4295
    2170 2143 2116 2078 2028 2005 1981 1959 1959 1947 1947 1959 1959
    1959 1959 1959 1947 1947 1947 1947 1947 1959 1959 4349 4349 4349
    2170 2143 2116 2078 2028 2005 1981 1959 1959 1947 1947 1959 1959
    1959 1959 1959 1947 1947 1947 1947 1947 1959 1959 4349 4349 4349
    2170 2143 2116 2090 2040 2005 1970 1959 1959 1959 1959 1959 1959
    1959 1959 1959 1947 1947 1947 1947 1947 1947 1947 4349 4349 4405
    2170 2143 2129 2090 2040 2005 1970 1959 1959 1959 1959 1959 1959
    1959 1959 1959 1959 1947 1947 1947 1936 1936 1936 4349 4349 4405
    2170 2143 2129 2090 2053 2005 1970 1959 1959 1959 1959 1947 1947
    1947 1947 1959 1959 1947 1947 1947 1936 1936 1936 4349 4349 4405
    2170 2143 2129 2090 2040 2005 1981 1959 1959 1959 1959 1947 1947
    1947 1947 1959 1959 1959 1947 1947 1947 1947 1947 4349 4349 4405
    3539 2129 2116 2090 2040 2005 1981 1970 1959 1947 1947 1959 1947
    1947 1947 1959 1959 1959 1959 1959 1959 1959 1970 4349 4349 4405
    3576 2129 2116 2090 2053 2016 1981 1947 1947 1947 1947 1959 1947
    1947 1947 1947 1947 1959 1959 1959 1959 1959 1959 1959 4405 4405
    3614 3653 2103 2090 2053 2016 1993 1947 1947 1947 1947 1947 1947
    1947 1947 1947 1947 1959 1959 1959 1959 1959 1959 4405 4405 4405
    3653 3653 2103 2090 2065 2016 1993 1947 1947 1947 1947 1947 1947
    1947 1947 1947 1947 1959 1959 1959 1959 1959 1959 4405 4405 4349
    3653 3653 2103 2103 2065 2016 1981 1947 1947 1947 1947 1947 1947
    1947 1936 1936 1947 1959 1959 1959 1947 1947 1947 4405 4405 4349
    3653 3653 2103 2103 2078 2028 1981 1947 1947 1936 1936 1936 1936
    1936 1936 1936 1947 1959 1959 1959 1947 1947 1947 1947 4405 4295
    3653 3653 2116 2103 2078 2028 1993 1959 1947 1936 1936 1936 1936
    1936 1947 1947 1959 1959 1959 1947 1947 1936 1936 1936 4349 4295
    3653 3653 2116 2103 2078 2053 2016 1970 1959 1936 1936 1936 1936
    1936 1947 1947 1947 1947 1947 1947 1947 1936 1936 1936 4349 4295
    3692 3692 2116 2103 2090 2053 2016 1970 1959 1936 1936 1936 1936
    1936 1936 1936 1936 1947 1947 1947 1947 1936 1936 1936 1936 4349
    3692 3692 2143 2116 2103 2065 2028 1970 1947 1936 1936 1936 1936
    1936 1936 1936 1936 1936 1947 1947 1947 1947 1947 1947 1947 4405
    3614 3614 2143 2116 2090 2065 2028 1970 1947 1936 1936 1936 1936
    1936 1936 1936 1936 1936 1936 1936 1947 1947 1947 1959 1959 4295
    3614 3614 2143 2116 2078 2053 2028 1970 1947 1936 1936 1936 1936
    1936 1936 1936 1936 1936 1936 1936 1936 1947 1947 1959 1959 4295
    3614 3614 3614 2078 2078 2040 2016 1970 1947 1936 1936 1936 1936
    1936 1936 1936 1936 1936 1936 1936 1936 1947 1947 1947 1947 4241
    3653 3653 3653 3653 2078 2040 2016 1970 1947 1936 1936 1936 1936
    1936 1936 1936 1936 1936 1936 1936 1936 1936 1947 1947 1947 4190
    3653 3653 3653 2156 2103 2040 2016 1970 1947 1936 1936 1936 1936
    1936 1936 1936 1936 1936 1936 1936 1936 1936 1936 1926 1926 4190
    3653 3653 3692 2143 2129 2040 2016 1959 1936 1936 1936 1936 1936
    1936 1936 1936 1936 1936 1936 1936 1936 1936 1936 1926 1926 4405
    3653 3653 3692 2143 2129 2090 2016 1959 1936 1936 1936 1936 1936
    1936 1936 1936 1936 1936 1936 1936 1936 1936 1936 1936 1936 4405
    3653 3653 3692 2143 2129 2078 2028 1970 1947 1936 1936 1936 1936
    1936 1936 1936 1936 1936 1936 1936 1936 1936 1936 1936 1936 4405
    3653 3653 3653 2129 2078 2078 2040 1970 1947 1936 1936 1936 1936
    1936 1936 1936 1936 1936 1936 1936 1936 1936 1936 1947 1947 4349
    3653 3653 3653 2129 2129 2078 2040 1981 1947 1936 1936 1936 1936
    1936 1936 1936 1936 1936 1936 1936 1936 1936 1936 1936 1936 4349
    3653 3692 3732 2156 2116 2078 2028 2016 1947 1936 1936 1936 1936
    1936 1936 1936 1936 1936 1936 1936 1936 1936 1936 1936 1936 4295
    3653 3692 2170 2156 2116 2078 2028 1981 1947 1936 1936 1936 1936
    1936 1936 1936 1936 1936 1936 1936 1936 1936 1936 1936 1936 4241
    3653 3653 2170 2156 2129 2090 2040 1970 1947 1936 1936 1936 1936
    1936 1936 1936 1936 1936 1936 1936 1936 1936 1936 1936 1936 1936
    3653 3653 2170 2156 2129 2090 2040 1970 1947 1936 1936 1936 1936
    1936 1936 1936 1936 1936 1936 1936 1936 1936 1926 1926 1936 1936
    3653 3692 3692 2156 2129 2090 2065 1981 1959 1936 1936 1936 1936
    1936 1936 1936 1936 1936 1936 1936 1936 1936 1926 1926 1936 1936
    3653 3653 0 3653 2090 2090 2065 1981 1959 1947 1936 1936 1926 1926
    1926 1936 1936 1936 1936 1936 1936 1926 1926 1926 1926 1926 3653
    3653 0 0 3653 1970 0 1970 1970 1947 1936 1926 1926 1926 1926 1936
    1936 1936 1936 1936 1936 1926 1926 1926 1926 1926 3692 3692 0 0 0 0
    0 1970 1959 1936 1936 1926 1926 1926 1926 1926 1926 1926 1926 1926
    1936 1936 1926 1926 1926 1926 3692 3692 0 0 0 0 0 0 1947 1936 1936
    1926 1926 1926 1926 1926 1926 1926 1926 1926 1936 1936 1926 1926
    1926 1926 3653 3653 0 0 0 0 0 0 1936 1936 1926 1926 1926 1926 1926
    1926 1926 1926 1926 1936 1936 1936 1926 1926 1926 1926 3653 3653 0 0
    0 0 0 0 1936 1936 1926 1926 1926 1926 1915 1915 1926 1926 1926 1936
    1936 1947 1936 1936 1936 1936 3614 3614 3614 0 0 0 0 0 1947 1947
    1936 1926 1926 1926 1915 1915 1926 1926 1926 1936 2040 2040 0 2005
    4190 0 3614 3614 3614 0 0 0 0 0 0 1981 1947 1936 1936 1936 2184 2170
    2143 2065 2040 2040 2040 0 0 0 0 0 3692 3692 3692 0 0 0 0 0 0 1981
    1981 1981 1981 1981 2184 2170 2143 2065 2028 2016 2005 2005 0 0 0 0
    3692 3692 3692 0 0 0 2065 0 0 1981 1981 1981 1981 2040 2040 2053
    2065 2053 2028 2016 2005 2005 0 0 0 0 3692 3692 3692 0 0 2065 2065
    2065 2065 2053 2028 2028 2040 2040 2040 2040 2040 2028 2016 2016
    1981 1959 1947 1947 0 0 3692 3692 3692 3692 0 2078 2065 2040 2040
    2040 2028 2028 2028 2028 2028 2028 2016 2005 1993 1981 1981 1959
    1947 1947 0 0 3692 3653 3653 3692 3692 2078 2053 2028 2028 2016 2005
    2005 2016 2016 2016 2016 1993 1993 1981 1981 1981 1970 1959 1959 0 0
    3653 3653 3653 3653 3653 2040 2040 2016 2005 1981 1970 1970 1981
    1993 1993 1981 1981 1981 1970 1970 1970 1970 1959 1959 1959 0 3653
    3653 3653 3653 3503 2028 2028 2005 1981 1970 1970 1970 1970 1970
