<?xml version="1.0"?>
<opencv_storage>
<Depth2349 type_id="opencv-matrix">
  <rows>17</rows>
  <cols>11</cols>
  <dt>w</dt>
  <data>
    5460 5374 5374 5374 5374 0 0 0 0 0 0 5548 5460 5460 5374 5374 0 0 0
    0 0 0 5548 5548 5548 5460 5460 0 0 0 0 0 0 5548 5548 5548 5460 5460
    5460 0 0 0 0 0 5548 5548 5548 5460 5460 5460 5640 0 0 0 0 5548 5548
    5548 5548 5460 5460 5548 5640 0 0 0 5640 5548 5548 5548 5460 5460
    5548 5640 0 0 0 6753 5548 5460 5460 5460 5460 5548 5640 0 0 0 6753
    6753 5460 5460 5460 5460 5640 5640 5640 0 0 6753 6753 5460 5460 5548
    5548 5640 5640 5640 5640 0 6753 6753 5548 5548 5548 5548 5640 5640
    5640 5640 5640 6753 6622 6622 5640 5548 5548 5640 5734 5734 5640
    5548 6753 6622 6622 5734 5640 5640 5734 5734 5734 5640 5548 6753
    6622 6622 6622 5548 5548 5640 5640 5640 5640 5548 6753 6753 6622
    6622 5548 5548 5640 5640 5640 5640 5460 6753 6753 6753 6753 6753
    5640 5640 5640 5640 5640 5460 6753 6753 6753 6753 6753 5640 5640
    5640 5640 5640 1632</data></Depth2349>
</opencv_storage>
