<?xml version="1.0"?>
<opencv_storage>
<Depth6987 type_id="opencv-matrix">
  <rows>36</rows>
  <cols>44</cols>
  <dt>w</dt>
  <data>
    5056 5056 5056 5056 5056 5056 5132 2381 2381 2415 2415 2415 4983
    4983 4983 4983 4983 4911 4911 4911 4911 4911 4911 4911 4911 4911
    4911 4842 4842 4842 4842 4842 4842 4774 4774 4774 4774 4774 4774
    4708 4708 4708 4708 4708 5056 4983 4983 4983 2365 2381 2381 2381
    2381 2381 2381 2381 2398 5056 5056 4983 4983 4911 4911 4911 4911
    4911 4983 4911 4911 4911 4911 4911 4911 4911 4842 4842 4842 4774
    4774 4774 4774 4774 4774 4708 4708 4774 4774 4774 5056 4983 4983
    4983 2365 2365 2365 2365 2365 2365 2365 2365 2365 2365 2365 2381
    2365 2365 2365 4911 4911 4983 4983 4983 4983 4911 4911 4911 4911
    4911 4911 4911 4842 4842 4842 4774 4774 4774 4774 4774 4774 4774
    4774 4774 5056 5056 2349 2349 2365 2365 2365 2365 2365 2365 2365
    2365 2365 2365 2365 2365 2365 2349 2349 2349 2333 2333 4983 4983
    4983 4983 4911 4911 4911 4911 4911 4911 4911 4842 4842 4842 4842
    4774 4774 4774 4774 4774 4774 4774 5056 2349 2349 2349 2365 2365
    2365 2365 2365 2365 2365 2365 2349 2349 2365 2349 2349 2349 2349
    2349 2333 2333 2349 2349 2349 2333 2333 4983 4911 4911 4911 4911
    4911 4911 4911 4911 4842 4842 4774 4774 4774 4774 4774 4774 5132
    2333 2333 2349 2349 2349 2349 2349 2349 2349 2349 2349 2349 2349
    2349 2349 2349 2349 2349 2349 2349 2349 2349 2349 2349 2333 2333
    2333 4911 4911 4911 4911 4842 4842 4842 4842 4842 4842 4842 4774
    4774 4774 4774 4774 5132 2333 2333 2349 2349 2349 2349 2349 2349
    2349 2349 2349 2349 2349 2349 2349 2349 2349 2349 2349 2349 2349
    2349 2349 2349 2333 2333 2333 2317 2317 4842 4842 4842 4842 4842
    4842 4842 4842 4842 4774 4774 4774 4774 4774 5210 2349 2349 2349
    2349 2333 2333 2333 2333 2333 2333 2333 2333 2333 2333 2349 2333
    2333 2333 2333 2333 2333 2333 2349 2349 2333 2333 2333 2317 2317
    2333 2333 2333 2317 2317 4842 4842 4774 4774 4774 4774 4774 4774
    4774 5210 2349 2349 2349 2349 2333 2333 2333 2333 2333 2333 2333
    2333 2333 2333 2317 2317 2317 2317 2317 2317 2317 2317 2317 2317
    2317 2317 2317 2317 2333 2333 2333 2317 2301 2301 4842 4842 4774
    4774 4774 4774 4774 4774 4774 5210 2365 2349 2349 2349 2333 2333
    2333 2333 2333 2333 2317 2317 2317 2301 2301 2301 2301 2317 2301
    2301 2301 2301 2301 2301 2301 2301 2301 2301 2317 2317 2317 2301
    2301 2301 2301 2301 2317 2301 2301 2301 4842 4774 4774 2365 2365
    2349 2349 2349 2349 2349 2349 2349 2333 2333 2317 2317 2317 2301
    2301 2301 2301 2301 2286 2286 2286 2301 2301 2301 2301 2301 2301
    2301 2301 2301 2301 2301 2301 2301 2301 2301 2301 2301 2301 2301
    2301 2301 2317 2398 2381 2349 2349 2365 2349 2349 2349 2349 2349
    2333 2333 2317 2317 2301 2301 2301 2301 2286 2286 2286 2286 2286
    2286 2286 2286 2286 2286 2286 2301 2301 2301 2301 2301 2286 2286
    2301 2301 2301 2301 2301 2301 2301 2301 2381 2381 2365 2365 2365
    2365 2349 2349 2349 2349 2333 2333 2317 2317 2317 2301 2301 2301
    2286 2286 2286 2286 2286 2286 2286 2286 2286 2286 2286 2286 2286
    2286 2286 2286 2286 2286 2301 2301 2301 2286 2286 2286 2286 2286
    2381 2381 2365 2365 2365 2365 2349 2349 2349 2349 2349 2333 2333
    2317 2317 2301 2301 2301 2286 2286 2286 2286 2286 2286 2286 2286
    2286 2286 2286 2286 2271 2271 2271 2271 2271 2271 2271 2271 2286
    2286 2286 2286 2286 2286 2381 2381 2381 2381 2365 2365 2365 2365
    2349 2349 2349 2349 2349 2333 2317 2317 2301 2301 2301 2301 2301
    2286 2286 2286 2286 2286 2286 2286 2286 2286 2256 2256 2256 2256
    2256 2256 2256 2256 2271 2256 2256 2271 2271 2286 2398 2381 2381
    2381 2365 2365 2365 2365 2365 2349 2349 2349 2349 2333 2333 2317
    2301 2301 2301 2301 2301 2301 2301 2286 2286 2286 2286 2286 2286
    2271 2256 2241 2241 2241 2241 2241 2241 2241 2241 2241 2241 2256
    2256 2256 2398 2381 2381 2381 2365 2365 2365 2365 2365 2365 2365
    2349 2349 2349 2333 2317 2317 2317 2317 2301 2301 2301 2301 2301
    2301 2286 2286 2286 2286 2271 2256 2241 2241 2241 2241 2241 2241
    2241 2241 2241 2241 2256 2256 2256 2398 2381 2381 2381 2381 2381
    2381 2381 2365 2365 2365 2365 2365 2365 2349 2333 2333 2333 2333
    2317 2317 2301 2301 2301 2301 2301 2286 2286 2286 2271 2256 2241
    2241 2241 2241 2241 2241 2241 2241 2241 2241 2256 2256 2286 2381
    2381 2381 2381 2398 2398 2398 2381 2381 2381 2365 2365 2365 2365
    2349 2349 2333 2333 2333 2333 2317 2301 2301 2301 2301 2301 2301
    2301 2286 2286 2271 2256 2256 2241 2241 2241 2241 2241 2241 2241
    2241 2241 2256 2286 2381 2381 2398 2398 2415 2398 2398 2398 2398
    2381 2381 2365 2365 2365 2365 2365 2349 2349 2349 2333 2333 2317
    2317 2301 2301 2301 2301 2301 2301 2286 2286 2271 2271 2256 2256
    2241 2241 2241 2241 2241 2241 2241 2256 2286 2398 2398 2398 2398
    2415 2415 2415 2398 2398 2398 2398 2365 2365 2365 2365 2365 2349
    2349 2349 2349 2333 2317 2317 2301 2301 2301 2301 2301 2301 2301
    2286 2286 2271 2271 2256 2256 2256 2241 2241 2241 2241 2241 2271
    2286 2415 2415 2415 2415 2432 2415 2415 2415 2415 2415 2398 2381
    2365 2365 2365 2365 2349 2349 2349 2349 2349 2333 2333 2317 2317
    2301 2301 2301 2301 2301 2301 2301 2286 2286 2271 2271 2271 2256
    2256 2256 2256 2256 2271 0 2415 2415 2415 2432 2432 2432 2415 2415
    2415 2415 2415 2381 2381 2381 2365 2365 2349 2349 2349 2349 2349
    2349 2333 2317 2317 2301 2301 2301 2301 2301 2301 2301 2286 2286
    2286 2271 2271 2271 2271 2271 2286 2286 0 0 2450 2432 2432 2432 2432
    2432 2432 2432 2415 2415 2415 2398 2381 2381 2381 2365 2365 2349
    2349 2349 2349 2349 2349 2333 2333 2317 2317 2317 2317 2317 2301
    2301 2301 2286 2286 2286 2286 2286 2286 2286 2301 2317 0 0 2450 2432
    2432 2432 2432 2432 2432 2432 2432 2415 2415 2398 2398 2398 2381
    2381 2365 2365 2365 2365 2365 2365 2349 2349 2349 2333 2333 2333
    2333 2333 2317 2301 2301 2301 2286 2286 2286 2286 2286 2286 2301
    2317 0 0 2450 2432 2432 2432 2450 2432 2432 2432 2432 2415 2415 2415
    2398 2398 2398 2381 2365 2365 2365 2365 2365 2365 2365 2365 2365
    2349 2349 2333 2333 2333 2317 2317 2301 2301 2286 2286 2286 2286
    2286 2301 2301 2317 0 0 5210 5210 2450 2450 2450 2432 2432 2432 2432
    2432 2415 2415 2415 2415 2398 2398 2381 2381 2365 2365 2365 2365
    2365 2365 2365 2365 2349 2349 2333 2333 2317 2317 2301 2301 2301
    2301 2286 2286 2301 2301 2301 2317 0 0 5210 5210 5210 5210 5210 2432
    2333 2333 2432 2432 2432 2415 2415 2415 2415 2415 2398 2381 2381
    2381 2381 2381 2381 2381 2365 2365 2365 2349 2349 2349 2317 2317
    2317 2301 2301 2301 2301 2301 2301 2317 2301 2301 0 0 5210 5210 5210
    5210 5210 5210 2333 2333 2450 2450 2432 2432 2415 2415 2415 2415
    2415 2415 2398 2398 2398 2398 2381 2381 2365 2365 2365 2349 2349
    2349 2333 2333 2317 2301 2301 2301 2301 2301 2317 2317 2301 2301 0 0
    5210 5210 5210 5210 5291 5291 5291 5291 5291 2522 2522 2450 2450
    2432 2415 2415 2432 2432 2415 2398 2398 2398 2398 2381 2381 2365
    2365 2365 2365 2349 2349 2333 2333 2317 2317 2317 2317 2317 2333
    2317 2301 2301 0 0 5210 5210 5210 5210 5210 5210 5291 5291 5291 5291
    5291 5291 5291 5291 2432 2432 2432 2432 2415 2415 2415 2398 2398
    2381 2381 2365 2365 2365 2365 2349 2349 2349 2333 2333 2317 2317
    2333 2333 2333 2333 2333 0 0 0 5210 5210 5210 5210 5210 5210 5291
    5291 5291 5291 5291 5291 5291 5291 5291 5291 5210 5210 5210 5210
    2415 2365 2365 2381 2365 2365 2381 2365 2365 2365 2349 2349 2333
    2333 2317 2317 2333 2333 2226 2226 2226 0 0 0 5210 5210 5210 5210
    5210 5210 5291 5291 5291 5291 5291 5291 5291 5210 5210 5210 5210
    5210 5210 5210 5210 2365 2365 2381 2349 2349 2381 2381 2381 2381
    2365 2365 2349 2349 2349 2349 2349 2317 2226 2226 5210 5056 4983
    4983 5210 5210 5210 5210 5210 5210 5291 5291 5291 5291 5210 5210
    5210 5210 5210 5210 5210 5210 5210 5291 5291 5291 5291 5210 2349
    2349 2398 2398 2381 2381 2381 2365 2365 2365 2349 2349 2349 2317
