<?xml version="1.0"?>
<opencv_storage>
<Depth2124 type_id="opencv-matrix">
  <rows>9</rows>
  <cols>13</cols>
  <dt>w</dt>
  <data>
    8413 8212 8413 8413 8413 8413 8212 8212 8413 8413 8413 8413 8413
    8413 8212 8212 8212 8413 8413 8212 8212 8413 8413 8413 8413 8413
    8413 8212 8212 8212 8212 8413 8413 8413 8413 8413 8413 8413 8626
    8212 8212 8212 8212 8212 8413 8413 8413 8413 8413 8413 8413 8626
    8212 8212 8212 8212 8212 8413 8413 8413 8413 8413 8413 8626 8626
    8413 8212 8212 8212 8212 8413 8413 8212 8212 8212 8212 8849 8413
    8413 8212 8212 8212 8212 8413 8212 8212 8212 8212 8212 8212 2016 0
    8212 8212 8413 8413 8413 8212 8212 8212 8212 8212 2005 2005 0 8212
    8212 8413 8413 8212 8212 8212 8212 8212 1993 2005 2005</data></Depth2124>
</opencv_storage>
