<?xml version="1.0"?>
<opencv_storage>
<Depth4444 type_id="opencv-matrix">
  <rows>7</rows>
  <cols>20</cols>
  <dt>w</dt>
  <data>
    7030 7030 7030 7030 7030 5374 5374 5374 5460 5460 5460 5374 5291
    5291 5291 5291 5291 5210 5210 5132 3238 5374 5460 5460 5291 5291
    5291 5374 5460 5460 5460 5460 5374 5374 5291 5291 5291 5132 5056
    5056 5374 5374 5460 5460 5460 5291 5291 5374 5460 5460 5460 5460
    5460 5374 5291 5291 5291 5132 5056 5056 5291 5291 5374 5460 5460
    5460 5460 5460 5460 5460 5460 5548 5460 5374 5291 5291 5291 5056
    5056 5056 5291 5291 5374 5374 5374 5460 5460 5460 5460 5460 5548
    5548 5548 5374 5374 5291 5291 5056 5056 5056 5210 5291 5374 5374
    5374 5460 5460 5548 5548 5548 5640 5640 5640 5460 5374 5374 5291
    5132 5056 5056 5210 5210 5374 5460 5460 5460 5460 5548 5548 3300
    3300 3300 5548 5548 5460 5374 5374 5374 5132 5056</data></Depth4444>
</opencv_storage>
