<?xml version="1.0"?>
<opencv_storage>
<Depth7704 type_id="opencv-matrix">
  <rows>48</rows>
  <cols>43</cols>
  <dt>w</dt>
  <data>
    3300 3300 3333 3333 1739 1731 1731 1731 1731 1739 1748 1757 1757
    1739 1739 1731 1731 1731 1731 1731 1722 1713 1713 1705 1705 1705
    1705 1705 1713 1713 1705 1680 1671 1671 3903 3903 1655 1655 1722
    3994 3994 3903 3859 1696 1696 1696 1705 1705 1713 1713 1713 1713
    1713 1731 1731 1713 1713 1713 1722 1722 1722 1722 1722 1713 1705
    1705 1696 1696 1696 1696 1696 1688 1680 1680 1671 1671 1663 1663
    1663 1655 1655 1722 1722 3994 3948 3903 1705 1696 1696 1696 1696
    1696 1705 1705 1705 1696 1696 1696 1688 1688 1688 1696 1705 1705
    1705 1705 1696 1688 1688 1688 1688 1688 1688 1688 1680 1671 1671
    1671 1671 1663 1663 1663 1655 1655 1722 1731 1731 3994 3948 1705
    1696 1696 1696 1696 1696 1696 1696 1696 1696 1688 1688 1688 1688
    1688 1688 1688 1688 1680 1680 1680 1680 1680 1680 1671 1671 1671
    1671 1671 1663 1663 1663 1663 1663 1663 1663 1663 1663 1696 1731
    1731 3948 3903 1705 1705 1705 1696 1696 1696 1696 1696 1696 1696
    1688 1688 1688 1688 1688 1680 1680 1680 1680 1671 1671 1671 1671
    1671 1663 1663 1663 1663 1663 1663 1663 1663 1663 1663 1663 1663
    1663 1696 1696 1739 1739 3948 3859 1713 1705 1705 1705 1696 1696
    1696 1696 1696 1696 1688 1688 1688 1688 1688 1680 1680 1680 1671
    1671 1671 1671 1671 1663 1663 1663 1663 1663 1663 1663 1663 1663
    1663 1663 1663 1663 1663 1696 1722 1739 1739 3859 3859 1713 1705
    1705 1705 1696 1696 1696 1696 1696 1696 1688 1688 1688 1688 1688
    1688 1680 1671 1671 1671 1671 1671 1671 1663 1663 1663 1663 1663
    1663 1663 1663 1663 1663 1663 1663 1663 1663 1696 1705 1731 1731
    3859 3859 1713 1713 1705 1705 1705 1705 1696 1696 1696 1696 1688
    1688 1688 1688 1688 1688 1680 1671 1671 1671 1671 1671 1671 1663
    1663 1663 1663 1663 1663 1663 1663 1663 1663 1663 1663 1663 1663
    1680 1696 1705 1705 3859 3859 1713 1713 1705 1705 1705 1705 1696
    1696 1696 1688 1688 1688 1688 1688 1688 1688 1680 1680 1671 1671
    1671 1671 1671 1663 1663 1663 1663 1663 1663 1663 1663 1663 1663
    1663 1663 1663 1663 1680 1688 1705 1705 3859 3859 1713 1713 1713
    1705 1705 1696 1696 1696 1688 1688 1688 1688 1688 1688 1688 1688
    1680 1680 1671 1671 1671 1671 1671 1663 1663 1663 1663 1663 1663
    1663 1663 1663 1663 1663 1663 1663 1671 1680 1688 1705 1705 3859
    3859 1696 1705 1705 1705 1696 1696 1696 1696 1688 1688 1688 1688
    1688 1688 1688 1688 1688 1680 1671 1671 1671 1671 1671 1663 1663
    1663 1663 1663 1663 1655 1655 1663 1663 1663 1663 1663 1671 1680
    1696 1713 1713 3903 3903 1696 1696 1696 1696 1696 1696 1696 1688
    1688 1688 1688 1688 1688 1688 1688 1688 1680 1680 1671 1671 1671
    1671 1671 1663 1663 1663 1663 1663 1663 1655 1655 1663 1663 1663
    1663 1663 1663 1671 1705 1713 1713 3903 3903 1696 1696 1696 1696
    1696 1696 1696 1688 1688 1688 1688 1688 1688 1688 1688 1688 1680
    1680 1671 1671 1663 1663 1663 1663 1663 1663 1663 1663 1663 1655
    1655 1663 1663 1663 1663 1663 1663 1671 1705 1713 1713 3859 3859
    1696 1696 1696 1696 1696 1696 1696 1696 1688 1688 1688 1688 1688
    1688 1688 1688 1680 1680 1671 1663 1663 1663 1663 1663 1663 1663
    1663 1663 1663 1655 1655 1663 1663 1663 1663 1663 1663 1671 1696
    1713 1713 3859 3859 1696 1696 1696 1696 1696 1696 1696 1696 1688
    1688 1688 1688 1688 1688 1688 1688 1680 1671 1671 1663 1663 1663
    1663 1663 1663 1663 1663 1663 1663 1655 1655 1663 1663 1655 1655
    1663 1663 1671 1688 1713 1713 3816 3816 1696 1696 1696 1696 1696
    1696 1696 1696 1688 1688 1688 1688 1688 1688 1688 1688 1680 1671
    1671 1663 1663 1663 1663 1663 1663 1663 1663 1663 1663 1655 1655
    1663 1663 1655 1655 1663 1663 1671 1680 1713 1713 3816 3816 1696
    1696 1696 1696 1696 1696 1696 1696 1688 1688 1688 1688 1688 1688
    1688 1680 1671 1671 1671 1663 1663 1663 1663 1663 1663 1663 1663
    1663 1663 1655 1655 1663 1663 1655 1655 1663 1663 1671 1680 1705
    1705 3692 3692 1696 1696 1696 1696 1696 1696 1688 1688 1688 1688
    1688 1688 1688 1688 1688 1680 1671 1663 1663 1663 1663 1663 1663
    1663 1663 1663 1663 1663 1663 1655 1655 1663 1663 1663 1663 1663
    1663 1671 1680 1705 1713 1713 3692 1705 1705 1696 1696 1696 1696
    1688 1688 1688 1688 1688 1688 1680 1680 1680 1680 1671 1663 1663
    1663 1663 1663 1663 1663 1663 1663 1663 1663 1663 1655 1655 1663
    1663 1663 1663 1663 1663 1671 1680 1696 1713 1713 3859 1696 1696
    1696 1696 1696 1688 1688 1688 1688 1688 1688 1688 1680 1680 1680
    1680 1671 1663 1663 1663 1663 1663 1663 1663 1663 1663 1663 1663
    1663 1655 1655 1663 1663 1663 1663 1663 1663 1663 1680 1696 1722
    1722 3816 1688 1688 1696 1696 1696 1688 1688 1688 1688 1688 1688
    1680 1680 1680 1680 1680 1671 1663 1663 1663 1663 1663 1663 1663
    1663 1663 1663 1663 1663 1655 1655 1663 1663 1663 1655 1655 1655
    1663 1671 1688 1713 1713 3816 1688 1688 1696 1696 1696 1688 1688
    1688 1688 1688 1688 1680 1680 1680 1671 1671 1671 1663 1663 1663
    1663 1663 1663 1663 1663 1663 1663 1663 1663 1655 1655 1663 1663
    1655 1655 1655 1655 1663 1671 1688 1705 1705 3816 1696 1696 1696
    1696 1696 1688 1688 1688 1688 1688 1688 1680 1680 1680 1671 1671
    1671 1663 1663 1663 1663 1663 1663 1663 1663 1663 1663 1663 1655
    1655 1655 1663 1655 1655 1647 1647 1647 1663 1671 1688 1705 1705
    3816 1696 1696 1696 1696 1696 1696 1688 1688 1688 1688 1688 1680
    1680 1680 1671 1671 1671 1663 1663 1663 1663 1663 1663 1663 1663
    1663 1663 1663 1655 1655 1655 1663 1655 1655 1647 1647 1647 1663
    1671 1688 1696 1696 3816 1696 1696 1696 1696 1696 1696 1688 1688
    1688 1688 1688 1680 1680 1680 1671 1671 1671 1671 1671 1663 1663
    1663 1663 1663 1663 1663 1663 1663 1655 1655 1655 1663 1655 1647
    1647 1647 1647 1663 1671 1688 1696 1696 3816 1696 1696 1696 1696
    1696 1696 1688 1688 1688 1688 1688 1688 1680 1680 1680 1680 1671
    1671 1671 1663 1663 1663 1663 1663 1663 1663 1663 1655 1655 1655
    1655 1655 1655 1647 1647 1647 1647 1655 1663 1680 1696 1696 3859
    1696 1696 1696 1688 1688 1696 1688 1688 1688 1688 1688 1688 1680
    1680 1680 1680 1671 1671 1671 1671 1671 1663 1663 1663 1663 1663
    1663 1655 1655 1655 1655 1655 1655 1655 1647 1647 1647 1655 1663
    1680 1696 1713 1713 1688 1688 1696 1688 1688 1688 1688 1688 1688
    1688 1688 1688 1680 1680 1680 1680 1680 1680 1671 1671 1663 1663
    1663 1663 1663 1663 1663 1655 1655 1655 1655 1655 1655 1655 1647
    1647 1647 1647 1655 1680 1696 1705 1705 1688 1688 1696 1688 1688
    1688 1688 1688 1688 1688 1688 1688 1680 1680 1680 1680 1680 1671
    1671 1671 1663 1663 1663 1663 1663 1663 1663 1663 1655 1655 1655
    1663 1655 1655 1647 1639 1639 1639 1647 1663 1688 1688 1688 1688
    1688 1696 1688 1688 1688 1688 1688 1688 1688 1688 1680 1680 1680
    1680 1671 1671 1671 1671 1671 1663 1663 1663 1663 1663 1663 1663
    1663 1655 1655 1655 1655 1655 1655 1647 1639 1639 1639 1647 1663
    1680 1688 1688 1696 1696 1696 1696 1688 1688 1688 1680 1680 1680
    1680 1680 1680 1671 1671 1671 1671 1680 1671 1671 1663 1663 1663
    1663 1663 1663 1663 1655 1647 1647 1655 1647 1647 1647 1639 1639
    1639 1639 1647 1655 1671 1680 1680 1731 1705 1696 1696 1688 1688
    1688 1680 1680 1680 1680 1680 1671 1671 1671 1671 1671 1680 1671
    1671 1663 1663 1663 1663 1663 1663 1663 1655 1647 1647 1655 1647
    1647 1647 1639 1639 1639 1639 1647 1655 1671 1680 1680 1731 1713
    1696 1696 1688 1688 1688 1680 1680 1680 1671 1671 1663 1663 1671
    1671 1671 1680 1671 1671 1663 1663 1663 1663 1663 1655 1655 1655
    1647 1647 1655 1655 1647 1647 1647 1639 1639 1639 1647 1655 1671
    1680 1680 1705 1696 1696 1696 1696 1688 1688 1680 1680 1680 1671
    1671 1663 1663 1663 1671 1671 1680 1671 1671 1663 1663 1663 1655
    1655 1655 1655 1655 1647 1647 1655 1655 1647 1647 1647 1639 1639
    1647 1647 1663 1671 1680 1680 1688 1688 1688 1688 1688 1688 1688
    1688 1688 1680 1680 1671 1663 1663 1663 1671 1671 1671 1663 1663
