<?xml version="1.0"?>
<opencv_storage>
<Depth2988 type_id="opencv-matrix">
  <rows>44</rows>
  <cols>19</cols>
  <dt>w</dt>
  <data>
    2398 2398 2398 2398 4463 4463 4463 4405 4405 4405 4405 4405 4349
    4349 4349 4349 4349 4349 4349 2381 2381 2381 2365 2365 2365 4295
    4295 4295 2333 2317 2317 4463 4463 4349 4349 4349 4349 4349 2381
    2381 2349 2349 2333 2333 2333 2333 2317 2317 2317 2317 2333 4463
    4349 4349 4349 4349 4349 2333 2317 2317 2317 2333 2333 2333 2317
    2317 2317 2317 2317 2317 2317 4349 4349 4349 4349 4349 2317 2317
    2301 2301 2317 2333 2333 2317 2317 2317 2317 2301 2301 2301 4405
    4405 4349 4349 4349 2317 2301 2286 2286 2317 2317 2317 2317 2301
    2301 2301 2301 2301 2317 4405 4405 4349 4349 4349 2317 2301 2286
    2286 2301 2301 2301 2301 2301 2301 2301 2301 2301 2317 2317 4405
    4349 4349 4349 2317 2301 2286 2286 2301 2301 2301 2301 2301 2301
    2301 2301 2301 2301 2301 4405 4405 4349 4349 2317 2317 2301 2301
    2317 2301 2301 2301 2301 2301 2301 2301 2301 2301 2301 4405 4405
    4349 4349 2333 2317 2317 2317 2317 2317 2317 2301 2301 2301 2301
    2301 2301 2301 2301 4522 4405 4349 4349 2333 2317 2317 2317 2317
    2317 2317 2317 2317 2317 2317 2301 2286 2286 2286 4522 4405 4349
    4349 2317 2301 2301 2301 2301 2317 2317 2317 2317 2317 2301 2301
    2286 2271 2271 4522 4349 4349 4349 2317 2301 2301 2301 2301 2301
    2317 2317 2301 2301 2301 2301 2286 2271 2271 2271 4349 4349 4349
    2301 2301 2301 2301 2301 2301 2301 2301 2301 2301 2301 2301 2286
    2271 2271 2271 4349 4349 4349 2301 2301 2301 2301 2301 2301 2301
    2301 2301 2301 2301 2301 2301 2271 2271 2271 4295 4295 4349 2301
    2301 2301 2301 2301 2301 2301 2301 2301 2301 2301 2301 2301 2271
    2271 2271 4295 4295 4349 4405 2317 2301 2301 2301 2301 2301 2317
    2301 2301 2301 2301 2301 2286 2286 2286 4349 4349 4349 4405 4405
    2301 2301 2301 2301 2301 2317 2301 2301 2301 2301 2301 2301 2301
    2301 4349 4349 4349 4463 2301 2301 2301 2301 2301 2301 2317 2317
    2317 2301 2301 2301 2317 2317 0 4349 4349 4349 4522 2301 2301 2301
    2301 2286 2286 2301 2301 2301 2301 2301 2301 2317 2317 2317 4349
    4349 4349 4463 2317 2317 2317 2301 2286 2286 2301 2301 2301 2301
    2301 2301 2317 2317 2317 4349 4349 4349 4405 2333 2317 2317 2301
    2301 2301 2301 2301 2301 2301 2301 2301 2286 2286 2286 2286 4349
    4349 4349 2349 2317 2317 2301 2301 2301 2301 2301 2317 2301 2301
    2301 2286 2286 2286 2286 4349 4349 4349 2349 2286 2286 2317 2317
    2317 2317 2317 2317 2301 2301 2301 2286 2286 2286 2286 4405 4405
    4405 4405 2286 2286 2301 2317 2317 2301 2301 2301 2317 2317 2317
    2301 2286 2286 2301 4405 4405 4463 4463 2286 2286 2301 2317 2317
    2301 2301 2301 2301 2301 2301 2317 2317 2301 2301 4405 4405 4463
    4463 4522 2317 2317 2317 2317 2301 2301 2301 2301 2301 2301 2317
    2317 2301 2301 2301 4405 4463 4463 4522 2333 2333 2317 2317 2301
    2301 2301 2301 2317 2317 2317 2317 2301 2301 2301 4463 4522 4522
    4522 2333 2333 2333 2317 2317 2317 2317 2317 2317 2317 2317 2317
    2301 2301 2301 4405 4522 4522 4522 2333 2333 2333 2317 2317 2317
    2317 2317 2317 2317 2317 2317 2301 2301 2301 4405 4582 4463 4405
    2333 2333 2333 2333 2333 2317 2317 2317 2317 2317 2317 2317 2317
    2286 2286 4405 4582 4463 4349 2333 2333 2333 2333 2317 2317 2317
    2317 2317 2317 2317 2317 2317 2286 2286 4405 4582 4582 4349 4349
    2333 2333 2333 2317 2301 2301 2317 2317 2317 2333 2333 2333 2317
    2317 4349 4582 4582 4463 4463 2333 2333 2333 2317 2301 2301 2317
    2317 2333 2333 2333 2333 2317 2317 4349 4582 4582 4522 4522 2333
    2333 2333 2301 2301 2317 2317 2317 2317 2333 2317 2317 2317 2317
    2333 4582 4582 4582 4463 2333 2333 2333 2301 2301 2317 2317 2317
    2317 2317 2317 2317 2317 2317 2333 4582 4582 4582 4463 2317 2317
    2333 2317 2317 2317 2317 2317 2317 2317 2317 2317 2301 2301 2301
    4582 4582 4522 4463 2317 2317 2333 2317 2317 2317 2317 2317 2317
    2317 2317 2317 2301 2301 2301 4582 4522 4522 4405 2317 2317 2333
    2317 2317 2317 2317 2333 2333 2333 2317 2317 2317 2317 2317 4582
    4522 4522 4405 2317 2317 2317 2317 2317 2333 2333 2333 2333 2333
    2317 2317 2317 2317 2317 4582 4582 4405 4349 4349 2317 2317 2317
    2317 2333 2333 2333 2333 2333 2317 2317 2317 2317 2317 4582 4582
    4405 4349 4349 2333 2333 2317 2317 2317 2317 2317 2317 2317 2301
    2301 2286 2286 2301 4582 4582 4522 4405 4405 2333 2333 2333 2333
    2317 2317 2317 2317 2317 2301 2301 2286 2286 2301 4582 4582 4582
    4522 4522 4522 2333 2333 2333 2333 2317 2317 2317 2317 2301 2301
    4463 4405 4405</data></Depth2988>
</opencv_storage>
