<?xml version="1.0"?>
<opencv_storage>
<Depth14630 type_id="opencv-matrix">
  <rows>22</rows>
  <cols>51</cols>
  <dt>w</dt>
  <data>
    0 0 0 3208 3208 3178 3178 3149 3120 3064 3064 3859 3859 3859 3859
    3859 3903 3903 3859 3816 3774 3774 3816 3816 3774 3732 3692 3692
    3692 3692 3732 3732 3692 3692 3692 3692 3692 3653 3653 3653 3653
    3653 3653 3614 3614 3614 3576 3576 3539 3539 3503 0 3208 3208 3208
    3208 3208 3178 3149 3149 3092 3092 4139 4041 3092 3092 3859 3903
    3903 3903 3010 3010 3010 3010 3903 3816 3816 3774 3774 3774 3774
    3774 3774 3732 3732 3732 3732 3732 3653 3653 3653 3653 3653 3614
    3614 3614 3576 3576 3576 3576 3576 3576 0 3208 3178 3178 3178 3178
    3178 3149 3149 3178 3120 3120 3120 3092 3092 3092 3092 3948 3903
    3010 3010 3010 3010 3010 3010 3010 3010 3859 3816 3816 3816 3816
    3816 3774 3774 3774 3732 3692 3692 3692 3653 3653 3614 3614 3614
    3576 3576 3576 3614 3614 3614 0 3178 3178 3149 3149 3120 3120 3120
    3149 3149 3120 3120 3120 3092 3092 3064 3064 3064 3064 3064 3064
    3064 3037 3010 3010 3010 3010 3037 3859 3816 3816 3816 3774 3774
    3774 3774 3732 3732 3692 3692 3653 3653 3653 3614 3614 3614 3614
    3614 3614 3614 3614 3178 3149 3149 3149 3149 3120 3120 3120 3092
    3092 3092 3092 3092 3092 3064 3037 3010 3010 3010 3010 3010 3037
    3010 3010 3010 3010 3010 2984 2984 2958 2958 2958 3774 3774 3774
    3774 3774 2859 2859 2859 3692 3692 3653 3653 3614 3614 3614 3614
    3614 3614 3576 3178 3149 3149 3149 3149 3120 3120 3120 3092 3092
    3092 3092 3092 3092 3064 3037 3010 3010 3010 3010 3010 3010 3010
    3010 3010 2984 2984 2958 2958 2933 2933 2908 2908 2933 2958 2933
    2908 2859 2859 2859 2908 3653 3653 3653 3653 3653 3692 3653 3614
    3576 3576 3178 3178 3149 3149 3149 3120 3120 3120 3092 3092 3092
    3092 3092 3092 3064 3064 3037 3037 3037 3010 3010 3010 3010 3010
    3010 2984 2958 2958 2933 2933 2908 2908 2908 2933 2958 2908 2908
    2883 2883 2908 2908 2883 2883 2883 2883 2859 2835 2812 2812 2835
    3539 3178 3178 3149 3149 3149 3120 3120 3120 3092 3092 3092 3092
    3092 3092 3064 3064 3037 3037 3037 3010 3010 3010 3010 2984 2984
    2984 2933 2933 2908 2908 2908 2908 2908 2933 2933 2908 2883 2883
    2883 2883 2908 2883 2883 2883 2883 2859 2835 2812 2812 2789 2789
    3178 3178 3178 3149 3120 3120 3120 3120 3092 3092 3092 3092 3092
    3092 3064 3064 3037 3037 3037 3010 3010 3010 3010 2984 2984 2958
    2933 2933 2908 2908 2908 2908 2908 2933 2908 2883 2859 2859 2835
    2835 2883 2883 2859 2859 2859 2835 2835 2812 2812 2789 2789 3178
    3178 3178 3178 3120 3120 3120 3092 3092 3092 3092 3092 3092 3092
    3092 3064 3037 3037 3037 3037 3010 3010 3010 2984 2984 2958 2958
    2933 2933 2908 2908 2908 2908 2933 2908 2883 2859 2859 2835 2835
    2859 2859 2859 2835 2835 2812 2812 2812 2789 2789 2789 3178 3178
    3178 3178 3149 3092 3092 3092 3064 3064 3064 3092 3092 3092 3064
    3064 3064 3037 3037 3037 3010 3010 3010 2984 2984 2984 2984 2958
    2958 2958 2933 2933 2933 2933 2908 2883 2859 2859 2835 2835 2859
    2859 2859 2835 2835 2812 2789 2789 2789 2789 2789 0 0 3178 3178 3178
    3092 3092 3064 3037 3037 3064 3092 3064 3064 3064 3064 3037 3037
    3037 3037 3010 3010 3010 3010 2984 2984 2984 2984 2958 2958 2933
    2933 2933 2933 2908 2908 2883 2883 2883 2883 2883 2883 2859 2859
    2835 2812 2789 2789 2789 2767 2767 0 0 0 0 0 0 3092 3064 3037 3037
    3064 3092 3064 3064 3064 3037 3037 3037 3037 3037 3010 3010 3010
    3010 3010 2984 2984 2984 2984 2958 2933 2933 2933 2933 2908 2908
    2908 2908 2883 2883 2883 2883 2859 2859 2835 2835 2812 2812 2789
    2767 2767 0 0 0 0 0 0 0 0 0 0 0 3092 3064 3037 3037 3010 3010 3010
    3064 3037 3010 3010 3010 3010 3010 2984 2984 2984 2984 2984 2958
    2933 2933 2933 2908 2908 2908 2908 2908 2908 2908 2883 2883 2859
    2859 2859 2812 2812 2789 2767 2767 0 0 0 0 0 0 0 0 0 0 0 0 3064 3037
    3037 3010 3010 3010 3064 3037 2958 2958 3010 3010 3010 2984 2984
    2984 2984 2984 2958 2933 2933 2933 2908 2908 2908 2908 2908 2908
    2883 2883 2883 2859 2859 2859 2835 2812 2789 2767 2767 0 0 0 0 0 0 0
    0 0 0 0 0 3064 3064 3037 2984 2984 3010 3010 2933 2933 2933 2958
    2984 2984 3010 3010 2984 2984 2984 2984 2958 2958 2958 2933 2908
    2908 2908 2908 2908 2883 2883 2883 2835 2835 2835 2835 2835 2789
    2789 2789 0 0 0 0 0 0 0 0 0 0 0 0 0 0 3037 2984 2984 3010 0 0 2908
    2908 2933 2958 2984 3010 2984 2984 2984 2984 2984 2958 2958 2958
    2933 2933 2933 2908 2908 2908 2883 2883 2883 2789 2789 2812 2812
    2812 2789 2789 2789 0 0 0 0 0 0 0 0 0 0 0 0 0 0 0 0 0 0 0 0 2908
    2908 2933 2958 2984 0 2984 2984 2958 2933 2908 2908 2933 2933 2984
    2958 2933 2908 2908 2908 2908 2883 2883 2789 2789 2812 2812 2812
    2789 2767 2767 0 0 0 0 0 0 0 0 0 0 0 0 0 0 0 0 0 0 0 0 0 0 0 0 0 0 0
    0 2933 2908 2908 2883 2883 2908 2984 2958 2933 2908 2908 2908 2908
    2883 2883 2812 2812 2812 2812 2812 2789 2767 2767 0 0 0 0 0 0 0 0 0
    0 0 0 0 0 0 0 0 0 0 0 0 0 0 0 0 0 0 0 2933 2908 2908 2883 2883 2908
    2984 2984 2984 2908 2908 2908 2883 2883 2883 2835 2835 2859 2859
    2835 2812 2789 2789 0 0 0 0 0 0 0 0 0 0 0 0 0 0 0 0 0 0 0 0 0 0 0 0
    0 0 0 0 0 0 0 0 0 0 0 0 0 0 0 0 2883 2883 0 0 0 2908 2859 2835 2812
    2789 2789 0 0 0 0 0 0 0 0 0 0 0 0 0 0 0 0 0 0 0 0 0 0 0 0 0 0 0 0 0
    0 0 0 0 0 0 0 0 0 0 0 0 0 0 0 0 2908 2883 2835 2812 2767 2767</data></Depth14630>
</opencv_storage>
