<?xml version="1.0"?>
<opencv_storage>
<Depth15948 type_id="opencv-matrix">
  <rows>134</rows>
  <cols>61</cols>
  <dt>w</dt>
  <data>
    6038 5933 5933 5933 5933 5933 5933 5933 5832 5832 5933 0 0 0 0 0 0 0
    0 0 0 0 0 0 0 0 0 0 0 0 0 0 0 0 0 0 742 741 741 0 0 0 0 0 0 0 0 0 0
    0 0 0 0 0 0 0 0 0 0 0 0 5832 5832 5933 5933 5933 5933 5933 5933 5832
    5832 0 0 0 0 0 0 0 0 0 0 0 0 0 0 0 0 0 0 0 0 0 0 0 0 0 0 742 742 742
    0 0 0 0 0 0 0 0 0 0 0 0 762 762 0 0 0 0 0 0 0 0 5548 5548 5933 5933
    5933 6259 6146 6038 5933 5933 0 0 0 0 0 0 0 0 0 0 0 0 0 0 0 736 733
    733 733 0 0 0 0 0 0 0 738 738 738 739 739 741 742 0 0 0 0 0 0 0 761
    759 759 0 0 0 0 0 0 0 0 5548 5548 5548 6259 6259 6259 0 0 0 0 0 0 0
    0 0 0 0 0 0 0 0 0 0 0 0 734 733 733 733 734 734 736 736 736 734 734
    736 738 738 736 736 741 742 742 0 749 749 0 0 761 761 757 757 0 0 0
    0 0 0 0 0 0 0 0 7030 6753 6753 0 0 0 0 0 0 0 0 0 0 0 0 0 0 0 0 0 0
    739 734 734 733 733 733 733 734 734 734 734 734 736 738 738 736 736
    741 742 742 744 746 749 749 749 761 761 754 754 754 754 0 0 0 0 0 0
    0 0 0 7030 7030 0 0 0 0 0 0 0 0 0 0 0 0 0 0 0 0 0 0 741 739 736 734
    733 733 733 733 734 734 734 734 734 736 736 738 738 739 741 742 742
    742 744 746 746 747 747 752 752 752 752 754 754 0 0 0 0 0 0 0 0 0 0
    0 0 0 0 0 0 0 0 0 0 0 0 0 0 0 0 0 0 741 736 734 734 731 731 731 733
    733 734 734 734 734 736 736 738 738 739 741 742 742 742 744 744 744
    746 747 747 749 750 752 752 752 754 754 755 754 752 0 0 0 0 0 0 0 0
    0 0 0 0 0 0 0 0 0 0 0 0 0 0 0 0 736 734 731 730 730 730 731 733 733
    734 734 734 736 736 738 739 741 741 742 742 742 742 742 742 746 747
    747 747 750 750 752 752 752 754 755 754 752 0 0 0 0 0 0 0 0 0 0 0 0
    0 0 0 0 0 0 0 0 0 0 0 0 738 733 730 730 730 730 731 731 733 734 734
    734 734 736 736 736 739 739 741 742 742 742 742 742 746 747 747 747
    749 749 750 752 752 754 755 755 754 0 0 0 0 0 0 0 0 0 0 0 0 0 0 0 0
    0 0 0 0 0 0 0 0 738 733 728 728 728 730 731 731 733 734 734 734 734
    736 736 736 739 739 741 742 742 742 744 744 746 746 747 747 749 749
    749 749 750 754 755 755 754 0 0 0 0 0 0 0 0 0 0 0 0 0 0 0 0 0 790
    790 0 0 0 0 0 738 733 728 728 728 728 730 730 733 734 734 734 736
    736 736 738 738 739 739 741 742 742 744 744 746 746 747 747 749 749
    749 749 750 754 754 754 755 7332 7332 0 0 0 0 0 0 0 0 0 0 0 0 0 0 0
    790 790 785 785 0 0 0 739 728 728 727 727 728 730 730 733 734 734
    734 734 736 736 738 738 738 739 741 742 742 744 744 746 746 747 747
    749 749 750 750 750 752 752 754 755 7332 7332 0 0 0 0 0 0 0 0 0 0 0
    0 0 0 796 794 790 785 785 785 0 739 739 728 728 727 727 728 730 731
    734 734 734 734 734 736 736 738 738 738 739 741 741 742 744 744 746
    746 747 747 747 749 749 749 752 752 752 754 754 7332 7332 0 0 0 0 0
    0 0 0 0 0 0 0 0 0 796 796 794 794 794 774 738 739 739 728 728 727
    727 728 730 731 734 734 734 734 734 736 736 736 736 738 738 741 741
    742 744 744 744 746 747 747 747 747 749 749 752 752 752 752 754 7332
    7332 0 0 0 0 0 0 0 0 0 0 0 0 0 0 798 798 783 774 774 774 738 738 736
    728 728 727 727 727 727 731 733 733 733 734 734 736 736 736 736 736
    736 738 739 742 744 744 744 744 746 747 747 747 747 749 752 752 752
    752 754 7332 0 0 0 0 0 0 0 0 0 0 0 0 0 0 0 800 798 781 774 774 774
    738 738 736 733 728 727 727 727 727 730 731 733 733 733 734 734 736
    736 736 736 736 738 739 741 742 742 744 744 746 747 747 747 747 749
    750 750 750 749 749 0 0 0 0 0 0 0 0 0 0 0 0 0 0 0 0 798 794 778 774
    771 771 749 738 736 731 727 727 727 727 727 728 730 733 733 733 734
    734 736 736 736 736 736 738 739 741 742 742 744 744 746 747 747 747
    747 749 749 750 749 749 749 0 0 0 0 0 0 0 0 0 0 0 0 0 0 0 0 796 792
    778 774 769 769 749 739 736 728 725 725 725 727 727 728 728 730 731
    731 733 734 736 736 736 736 736 738 739 741 741 742 744 744 746 746
    747 747 747 747 747 749 749 749 749 0 0 0 0 0 0 0 0 0 0 0 0 0 0 0 0
    796 792 780 774 769 750 747 739 736 727 725 725 725 727 727 728 728
    730 730 731 733 734 736 736 736 736 738 739 739 741 741 742 742 742
    744 746 747 747 747 747 747 749 749 749 749 0 0 0 0 0 0 0 0 0 0 0 0
    0 0 0 0 798 792 780 776 771 750 747 739 736 727 723 723 723 723 727
    728 728 730 730 731 733 733 734 734 734 736 736 738 739 741 741 742
    742 742 742 744 746 747 747 747 747 747 749 749 749 0 0 0 0 0 0 0 0
    0 0 0 845 839 835 833 833 798 792 780 774 771 750 747 741 734 727
    723 723 723 723 725 728 728 730 730 731 731 733 734 734 734 736 736
    736 738 741 741 741 741 742 742 744 746 746 746 747 747 747 749 749
    747 0 0 0 0 0 0 0 0 0 0 0 845 839 835 831 831 800 794 780 774 766
    750 747 741 734 725 725 723 723 723 725 728 728 730 730 730 731 733
    733 734 734 734 736 736 738 741 741 741 741 741 741 742 744 744 746
    747 747 747 747 747 746 0 0 0 0 0 0 0 889 880 880 880 845 841 835
    831 831 798 783 780 774 764 755 747 741 728 725 723 723 723 725 725
    728 728 728 730 730 730 731 733 733 734 734 736 736 736 738 739 739
    741 741 741 742 742 744 744 746 746 747 747 747 746 0 0 0 0 0 0 0
    887 880 880 880 845 841 827 819 819 798 783 780 774 762 755 747 741
    728 725 723 723 723 725 725 728 728 728 730 730 730 731 733 733 734
    734 736 736 736 738 739 739 741 741 741 742 742 744 744 746 746 747
    747 747 746 0 0 0 0 0 0 901 887 880 880 880 856 843 821 819 819 794
    780 780 781 761 755 747 742 728 725 725 723 723 725 725 728 728 728
    730 730 730 731 731 733 734 734 736 736 738 738 738 739 739 741 741
    742 742 744 744 744 747 747 749 747 746 0 0 0 0 0 0 896 889 882 864
    860 854 845 821 819 819 790 780 780 787 761 761 761 727 727 725 725
    723 723 725 725 727 728 730 730 730 730 730 731 731 733 734 736 736
    736 736 736 738 739 741 741 742 742 744 744 744 746 747 747 747 747
    0 0 0 0 0 0 896 889 887 864 860 854 845 845 845 790 790 783 783 783
    752 752 752 727 727 723 723 722 722 723 725 727 728 730 730 730 730
    730 730 731 733 734 734 736 736 736 736 738 739 741 741 741 742 744
    744 746 746 747 747 747 749 0 0 0 0 0 0 896 889 887 864 860 829 829
    845 845 796 781 781 781 781 752 752 752 738 727 723 722 722 722 723
    725 725 727 728 728 728 728 728 730 730 731 733 734 734 736 736 736
    736 738 739 739 741 741 742 742 744 746 747 747 749 749 0 0 0 0 918
    913 896 891 887 869 862 829 827 825 825 796 794 781 776 776 754 752
    749 738 725 723 722 722 722 722 725 725 725 727 727 728 728 728 728
    730 730 730 731 733 734 736 736 736 738 738 739 741 741 741 742 744
    746 747 747 747 747 0 0 0 0 918 913 896 891 878 869 862 829 827 825
    796 796 794 781 776 776 754 749 746 728 723 722 722 722 722 722 725
    723 723 725 725 727 728 728 728 730 730 730 730 733 734 736 736 736
    738 738 739 741 741 741 742 742 744 746 747 747 747 0 0 0 930 918
    913 898 889 875 869 864 860 827 825 796 796 792 780 776 774 754 749
    746 728 723 722 722 722 722 722 725 723 723 725 725 727 728 728 730
    730 730 730 730 734 734 736 736 736 738 738 738 739 739 741 741 741
    742 744 746 747 747 0 0 938 930 918 915 898 885 875 869 864 841 829
    825 798 796 792 780 776 774 752 750 746 728 723 722 722 722 722 722
    723 723 725 725 725 728 728 728 730 730 730 730 730 734 734 736 736
    736 736 738 738 738 739 741 741 741 742 744 746 744 744 0 940 935
    930 918 910 906 885 878 871 864 839 829 827 817 798 796 778 776 774
    750 747 744 728 723 722 722 722 722 722 723 723 723 725 725 725 727
    727 728 730 730 730 730 734 734 736 736 736 736 738 738 738 739 741
    741 741 742 744 744 744 744 0 940 935 928 918 903 896 885 878 878
    845 839 827 821 815 800 796 778 774 767 750 747 744 733 723 722 722
    722 722 722 723 723 723 723 723 723 725 727 728 730 730 730 730 734
    734 736 736 736 736 738 738 739 739 739 739 741 742 744 742 742 742
    0 943 935 928 918 901 889 882 878 878 845 845 827 819 815 805 796
    778 773 767 755 749 746 733 723 722 720 720 720 722 723 723 723 723
