<?xml version="1.0"?>
<opencv_storage>
<Depth16652 type_id="opencv-matrix">
  <rows>147</rows>
  <cols>52</cols>
  <dt>w</dt>
  <data>
    1904 1904 0 0 0 0 0 0 0 0 0 0 0 0 0 0 0 0 0 0 0 0 0 0 807 807 809 0
    0 0 0 0 0 0 0 0 640 640 641 0 0 0 0 0 0 0 0 0 0 0 0 0 0 0 0 0 0 0 0
    0 0 0 0 0 0 0 0 0 0 0 0 0 0 0 0 0 0 0 0 0 0 0 0 0 0 0 0 640 640 640
    641 642 643 0 0 0 0 0 0 0 0 0 0 0 0 0 0 0 0 0 0 0 0 0 0 0 0 0 0 0 0
    0 0 0 0 0 0 0 0 0 0 0 0 0 0 0 0 0 641 640 640 641 641 642 643 644 0
    0 0 0 0 0 0 0 0 0 0 0 0 0 0 0 0 0 0 0 0 0 0 0 0 0 0 0 0 0 0 0 0 0 0
    0 0 0 0 0 0 0 0 0 641 641 641 641 641 642 643 644 0 0 0 0 0 0 0 0 0
    0 0 0 0 0 0 0 0 0 0 0 0 0 0 0 0 0 0 0 0 0 0 0 0 0 0 0 0 0 0 0 0 0 0
    0 642 642 641 641 641 642 643 644 646 0 0 0 0 0 0 0 0 0 0 0 0 0 0 0
    0 0 0 0 0 0 0 0 0 0 0 0 0 0 0 0 0 0 0 0 0 0 0 0 0 0 0 0 643 642 641
    641 641 642 643 644 646 0 0 0 0 0 0 0 0 0 0 0 0 0 0 0 0 0 0 0 0 0 0
    0 0 0 0 0 0 0 0 0 0 0 0 0 0 0 0 0 0 0 0 0 0 642 641 641 642 642 643
    644 646 0 0 0 0 0 0 0 0 0 0 0 625 625 625 624 624 625 0 0 0 0 0 0 0
    0 0 0 0 0 0 0 0 0 0 0 0 0 0 0 0 0 0 0 0 643 637 637 638 641 644 648
    649 0 0 0 0 0 0 0 0 0 0 625 624 624 624 624 624 625 625 624 624 624
    625 625 0 0 0 0 0 0 0 0 630 630 630 630 630 630 630 0 0 0 0 0 634
    634 635 636 636 641 642 642 640 640 640 640 0 0 0 0 0 0 623 623 624
    624 624 625 625 625 625 624 624 624 625 625 625 625 627 627 627 630
    629 629 630 630 630 630 630 630 630 630 630 631 632 632 634 634 635
    635 636 636 637 637 638 638 638 640 640 0 0 0 0 0 623 623 624 624
    624 625 625 625 625 625 625 627 625 625 625 625 627 627 627 630 629
    629 630 630 631 631 630 630 630 630 630 631 632 632 634 634 635 635
    636 636 637 637 638 638 638 640 640 640 0 0 0 0 624 624 624 624 624
    625 625 625 625 625 625 627 627 627 628 628 630 630 630 631 630 630
    630 631 631 631 631 631 631 631 634 634 634 634 635 635 635 635 636
    637 637 638 640 640 640 640 640 640 0 0 0 0 625 624 624 624 624 625
    625 625 627 627 627 627 628 628 628 628 630 630 631 631 631 631 631
    632 632 632 632 631 631 632 634 634 635 635 635 635 636 636 637 637
    638 638 640 640 640 640 641 641 0 0 0 0 625 625 625 625 625 625 627
    628 628 628 628 628 628 629 629 629 630 630 631 632 632 632 632 632
    634 635 635 635 635 635 635 635 635 635 636 636 637 637 637 637 638
    640 640 640 640 640 641 641 642 0 0 0 625 625 625 625 625 627 627
    629 629 629 629 629 629 629 629 630 631 631 632 632 634 634 634 635
    635 635 635 635 635 635 636 636 636 637 637 638 638 638 638 638 640
    640 640 640 640 641 641 642 642 0 0 0 627 627 627 627 627 628 628
    629 629 629 629 630 630 630 630 630 631 631 632 634 634 635 635 635
    635 635 635 635 636 636 636 636 637 638 638 638 638 638 640 640 640
    640 640 640 640 641 642 642 643 0 0 0 627 627 627 628 629 629 629
    629 630 630 630 630 630 630 630 630 631 632 634 634 635 635 636 636
    636 636 636 636 636 636 637 637 638 640 640 640 640 640 640 640 641
    641 641 641 641 642 643 643 644 0 0 0 628 627 627 629 629 629 629
    630 630 630 630 630 630 630 630 631 632 634 635 635 635 636 636 636
    636 636 636 636 637 637 638 638 640 640 640 640 640 640 641 641 641
    641 641 642 642 643 643 644 644 0 0 0 629 629 629 629 629 629 629
    630 630 630 630 630 630 630 630 631 634 635 635 635 636 636 636 637
    637 637 637 637 637 637 638 640 640 640 640 641 641 641 641 641 641
    642 642 642 643 644 644 644 646 0 0 0 630 630 629 629 629 629 629
    630 630 631 631 630 630 631 631 632 635 635 636 636 636 636 637 637
    637 637 637 638 638 638 640 640 640 641 641 641 641 642 642 642 642
    642 643 643 644 644 644 646 646 0 0 0 632 632 629 629 629 630 630
    631 631 631 631 631 631 632 632 632 635 636 636 636 636 636 637 637
    638 638 638 638 640 640 640 641 641 641 641 641 642 643 643 642 642
    643 643 644 644 644 646 646 646 0 0 0 634 632 630 630 630 630 630
    631 631 632 632 632 632 632 632 634 635 636 636 637 637 637 638 638
    640 640 640 640 640 640 640 641 641 641 641 642 643 643 643 643 644
    644 644 644 646 646 647 647 647 0 0 0 634 632 631 631 631 631 631
    632 632 634 634 634 634 634 635 635 636 637 637 637 637 637 638 638
    640 640 640 641 641 641 641 641 641 642 642 643 643 644 644 644 644
    644 644 646 646 647 647 648 648 0 0 0 634 634 632 632 632 632 632
    634 634 634 634 634 635 635 635 635 636 637 637 638 638 638 640 640
    641 641 641 641 641 641 642 642 643 643 643 643 644 644 644 644 644
    646 646 646 647 648 648 648 648 0 0 0 634 634 632 632 632 634 634
    634 634 634 634 635 635 635 635 635 637 637 640 640 640 640 640 640
    641 641 641 641 642 642 643 643 643 644 644 644 644 644 644 644 646
    646 647 647 648 649 649 649 649 0 0 0 634 634 634 634 634 634 634
    634 634 635 635 635 635 635 635 636 637 638 640 640 640 640 640 640
    641 641 641 642 642 643 644 644 644 644 644 644 646 646 646 646 647
    647 647 647 648 649 649 649 649 0 0 0 634 634 634 634 634 634 635
    635 635 635 635 635 635 635 636 636 638 638 640 640 641 641 641 641
    641 641 642 643 643 643 644 644 644 646 646 646 647 647 647 647 647
    647 648 648 648 649 649 649 649 0 0 0 634 634 634 634 634 635 635
    635 635 635 636 636 636 637 637 638 638 640 640 641 641 641 641 641
    641 642 642 643 644 644 644 646 646 646 646 646 647 647 648 648 648
    648 648 648 649 650 650 650 650 0 0 0 634 634 634 634 635 635 635
    635 636 636 636 637 637 638 638 638 640 641 641 641 642 642 642 642
    642 643 643 644 644 644 644 646 646 646 647 647 647 647 648 648 648
    648 649 649 649 650 650 650 650 0 0 0 635 635 635 635 635 636 636
    636 637 637 637 638 638 638 638 638 640 641 641 642 643 643 643 644
    644 644 644 644 644 644 646 646 646 647 647 647 647 647 648 649 649
    649 649 649 649 650 650 650 652 0 0 0 635 635 636 636 636 636 637
    637 638 638 638 638 640 640 640 640 641 641 642 643 643 643 644 644
    644 644 644 646 646 646 646 646 648 647 647 647 647 648 649 649 649
    649 649 650 650 650 652 652 653 0 0 0 0 637 637 637 637 637 638 638
    638 638 640 640 640 640 640 640 641 641 642 643 643 644 644 644 646
    646 646 646 646 646 647 647 649 648 648 648 648 649 650 650 650 650
    650 650 650 652 653 653 654 0 0 0 0 638 638 638 638 638 638 640 640
    640 640 640 641 641 641 641 642 642 643 644 644 644 644 646 646 646
    646 647 647 647 647 647 649 648 648 648 648 650 650 650 652 652 652
    652 652 653 653 654 654 0 0 0 0 638 638 638 638 638 638 640 640 640
    641 641 642 641 641 642 643 643 643 644 644 646 646 646 647 647 647
    647 647 647 648 648 649 649 649 649 650 650 650 652 653 653 653 653
    654 654 655 655 655 0 0 0 0 640 638 638 638 640 640 640 640 641 642
    642 642 641 641 642 643 644 644 644 646 646 646 647 647 648 648 648
    648 648 649 649 649 649 649 649 650 650 652 652 653 653 654 654 654
    655 655 655 655 0 0 0 638 638 640 640 640 640 640 641 641 642 642
    642 642 642 642 643 644 644 644 646 646 646 647 647 648 648 648 648
    649 649 649 649 649 649 649 650 652 653 653 653 654 654 654 654 654
    655 657 655 655 655 0 0 638 638 638 640 640 640 640 641 642 643 642
    642 642 642 643 643 644 646 646 646 647 647 647 648 648 649 649 649
    649 649 650 650 650 650 650 650 653 653 654 654 654 654 655 655 655
    655 657 657 655 655 0 0 0 638 638 640 640 640 641 641 642 643 642
    642 642 642 643 644 646 646 647 647 647 647 647 648 648 649 649 649
    650 650 650 650 650 650 652 652 653 654 654 654 655 655 655 655 655
    657 657 658 658 0 0 0 0 0 640 640 641 641 641 642 642 643 643 643
    643 643 643 644 647 647 648 648 648 648 648 648 649 649 650 650 652
    652 652 652 653 653 653 653 653 654 654 654 655 655 657 657 657 657
    657 658 659 0 0 0 0 640 640 640 641 641 642 642 642 643 643 643 643
    644 644 646 647 648 649 649 649 648 648 649 649 650 650 650 652 652
    652 653 653 653 653 653 653 654 654 655 655 657 657 657 657 658 658
