<?xml version="1.0"?>
<opencv_storage>
<Depth0252 type_id="opencv-matrix">
  <rows>13</rows>
  <cols>7</cols>
  <dt>w</dt>
  <data>
    0 0 5640 5548 5548 5548 5548 0 0 5548 5548 5460 5460 5548 0 0 5548
    5548 5460 5460 5548 0 5460 5460 5460 5460 5460 5548 0 5460 5460 5460
    5460 5548 5548 5548 5460 5460 5460 5460 5460 5374 5548 5460 5460
    5460 5460 5460 5374 5548 5548 5548 5460 5460 5460 5374 5548 5548
    5548 5460 5460 5460 5460 5548 5460 5460 5374 5374 5374 0 5548 5460
    5374 5374 5374 5374 0 5460 5374 5374 5374 5374 5374 0 5460 5374 5374
    5374 5374 5374 0</data></Depth0252>
</opencv_storage>
