<?xml version="1.0"?>
<opencv_storage>
<Depth9991 type_id="opencv-matrix">
  <rows>82</rows>
  <cols>48</cols>
  <dt>w</dt>
  <data>
    0 0 0 0 0 0 995 995 995 995 995 992 989 989 989 989 989 987 987 987
    987 984 984 981 981 981 978 978 978 978 978 975 975 978 981 989 1013
    1031 1038 1041 1054 1084 1101 0 0 0 0 0 0 0 0 0 0 0 995 995 995 995
    995 992 989 989 989 989 989 989 987 987 987 984 984 981 981 981 981
    981 978 978 978 975 975 978 981 992 1013 1034 1038 1041 1054 1084
    1097 1119 1119 0 0 0 0 0 0 0 0 998 995 995 995 995 995 992 989 989
    989 989 989 989 989 987 987 987 984 981 981 981 981 981 978 978 978
    978 978 984 989 992 1007 1013 1041 1044 1054 1087 1094 1119 1119 0 0
    0 0 0 0 0 0 998 995 995 995 995 995 992 989 989 989 989 989 989 989
    987 987 987 984 984 984 981 981 981 978 978 978 978 978 981 989 995
    1007 1013 1044 1047 1067 1087 1094 1119 1119 1119 0 0 0 0 0 0 0 1001
    998 995 995 995 995 992 992 992 989 989 989 989 989 987 987 987 984
    984 981 981 981 981 978 978 978 978 978 981 995 1004 1013 1013 1047
    1057 1067 1087 1094 1119 1119 1119 1119 0 0 0 0 0 0 1001 998 995 995
    995 995 992 992 992 989 989 989 989 989 987 987 987 984 984 981 981
    981 981 978 978 978 978 978 978 1004 1007 1013 1016 1044 1057 1084
    1090 1094 1119 1123 1149 1149 0 0 0 0 0 0 1001 998 998 998 995 995
    995 992 992 989 989 989 989 989 987 987 987 984 984 984 981 981 981
    981 978 978 978 978 978 1007 1010 1013 1031 1038 1041 1087 1094 1101
    1119 1130 1149 1149 0 0 0 0 0 0 998 998 998 998 995 995 995 995 992
    992 989 989 989 989 989 987 987 984 984 984 984 981 981 978 978 978
    978 978 981 1007 1007 1010 1031 1038 1041 1090 1094 1105 1126 1134
    1149 1149 1149 0 0 0 0 0 998 998 998 998 998 995 995 995 995 992 992
    992 989 989 989 989 987 984 984 984 984 981 981 978 978 978 978 978
    981 1007 1007 1010 1031 1041 1084 1090 1097 1115 1126 1138 1161 1169
    1169 0 0 0 0 0 1001 998 998 998 998 998 998 998 995 995 992 992 989
    989 989 989 987 984 984 984 984 981 981 978 978 978 978 978 981 1007
    1010 1013 1031 1041 1084 1090 1097 1115 1130 1141 1153 1169 1169 0 0
    0 0 0 998 998 998 998 998 998 998 998 995 995 995 992 989 989 989
    989 987 984 984 984 984 984 981 978 978 978 978 978 981 998 1010
    1016 1031 1041 1084 1090 1094 1112 1130 1149 1153 1169 1169 0 0 0 0
    0 998 998 998 998 998 998 998 998 995 995 995 992 989 989 989 987
    987 987 984 984 984 984 981 981 981 978 978 981 981 998 1016 1022
    1034 1044 1084 1090 1094 1108 1149 1149 1157 1169 0 0 0 0 0 995 995
    995 998 998 998 998 998 998 995 995 995 995 992 989 989 987 987 987
    987 987 984 984 981 981 981 978 978 981 984 995 1013 1028 1038 1044
    1087 1090 1094 1108 1149 1149 1157 1169 0 0 0 0 0 995 995 995 998
    998 1001 998 998 998 995 995 995 992 992 989 989 987 987 987 987 984
    981 981 984 981 981 981 981 984 992 995 1010 1028 1044 1063 1084
    1090 1094 1153 1149 1149 1165 1165 0 0 0 0 0 995 995 998 998 998 998
    998 998 998 995 995 995 992 992 989 989 987 987 987 987 984 981 981
    981 981 978 978 981 984 998 1004 1004 998 998 998 1084 1090 1094
    1153 1149 1149 1165 1169 0 0 0 0 0 998 998 998 995 995 998 998 998
    998 995 995 995 992 992 989 989 987 987 987 987 987 984 984 981 981
    978 978 981 981 1004 1007 1004 998 995 995 1080 1094 1097 1157 1153
    1153 1165 1169 1169 0 0 0 0 1001 1001 998 995 995 998 998 998 998
    995 995 995 992 992 989 989 989 987 987 987 987 984 984 981 981 978
    978 981 981 1010 1013 1013 1016 995 995 1080 1090 1097 1157 1153
    1153 1169 1177 1177 0 0 0 0 1007 998 995 995 995 998 998 998 995 995
    995 995 995 992 992 989 989 987 987 987 987 984 984 981 981 978 978
    981 981 1010 1013 1016 1025 1054 1067 1084 1090 1094 1153 1153 1153
    1169 1177 1177 0 0 0 0 1004 998 995 995 995 998 998 998 995 995 995
    995 995 992 992 989 987 987 987 987 987 987 987 984 981 978 978 981
    981 1010 1013 1019 1038 1054 1063 1077 1087 1094 1134 1153 1173 1173
    1177 1177 0 0 0 0 1004 998 998 998 998 998 998 998 998 998 995 995
    992 992 989 989 987 987 987 987 987 987 987 984 981 981 981 981 981
    1007 1013 1022 1044 1054 1063 1073 1087 1105 1134 1153 1173 1173
    1177 1177 0 0 0 0 998 998 998 998 998 998 998 998 998 998 995 995
    992 992 989 989 987 987 987 987 987 987 987 984 984 981 981 981 984
    1007 1016 1022 1044 1054 1063 1073 1087 1105 1134 1153 1169 1177
    1177 0 0 0 0 0 998 998 998 998 998 1001 998 998 998 998 995 995 992
    992 989 989 987 987 987 987 987 987 987 987 984 981 981 984 984 1007
    1019 1025 1038 1050 1067 1073 1090 1126 1134 1149 1165 1177 1177 0 0
    0 0 0 1004 1001 998 998 1001 1001 998 998 998 998 995 995 992 992
    989 989 987 987 987 987 987 987 987 984 984 984 984 984 987 992 1022
    1031 1038 1050 1077 1077 1105 1130 1134 1149 1165 1177 1177 1185 0 0
    0 0 1007 1001 998 998 1001 1001 1001 998 998 998 995 995 992 992 992
    989 989 989 987 987 987 987 984 984 984 984 984 984 984 992 1028
    1038 1041 1050 1080 1080 1105 1130 1138 1153 1165 1181 1185 1185 0 0
    0 0 1001 1001 998 998 1001 1001 1001 998 998 998 998 995 995 992 992
    989 989 989 987 987 987 987 984 984 984 984 984 984 984 998 1016
    1034 1041 1044 1090 1094 1105 1130 1138 1153 1169 1181 1185 1185 0 0
    0 0 1001 1001 998 998 1001 1001 1001 998 998 998 998 995 995 992 992
    989 989 989 987 987 987 987 987 984 984 981 981 984 989 1007 1013
    1031 1038 1044 1090 1090 1105 1134 1141 1157 1173 1181 1185 1185 0 0
    0 0 998 998 998 998 1001 1001 1001 998 998 998 998 995 995 992 992
    989 989 989 989 987 987 987 987 984 984 981 981 984 992 1010 1013
    1025 1038 1080 1090 1090 1105 1130 1138 1161 1173 1181 1181 1181 0 0
    0 0 998 998 998 998 1001 1001 998 998 998 998 998 995 992 992 989
    989 989 989 989 987 987 987 984 984 984 984 984 987 998 1010 1013
    1025 1038 1077 1090 1090 1105 1126 1134 1161 1177 1185 1185 0 0 0 0
    0 998 998 998 1001 1001 1001 998 998 998 998 998 995 992 992 989 989
    989 989 987 987 987 987 984 984 984 984 984 989 998 1010 1016 1028
    1038 1070 1090 1090 1105 1126 1134 1149 1173 1185 1185 0 0 0 0 0 998
    998 1001 1001 1001 1001 998 998 998 998 998 995 995 992 989 989 989
    989 987 987 987 987 987 984 984 984 984 989 998 1013 1016 1031 1041
    1067 1094 1094 1108 1130 1134 1149 1173 1185 1185 0 0 0 0 1004 1001
    1001 1001 1001 1001 1001 998 998 998 998 998 998 995 995 992 989 989
    989 989 989 987 987 987 987 987 987 987 989 998 1016 1028 1041 1047
    1063 1094 1094 1126 1130 1141 1153 1173 1173 0 0 0 0 0 1004 1001
    1001 1001 1001 1001 1001 998 998 998 998 998 998 995 995 992 989 989
    989 989 989 987 987 987 987 987 987 987 989 998 1019 1025 1044 1050
    1063 1090 1090 1130 1141 1149 1165 1177 1193 1193 0 0 0 0 0 1001
    1001 1001 1001 1001 1001 1001 998 998 998 998 998 995 992 992 992
    989 989 989 989 987 987 987 987 987 987 987 989 998 1019 1025 1047
    1054 1063 1090 1090 1130 1141 1153 1169 1177 1193 1193 0 0 0 0 0
    1001 1001 1001 1001 1001 1001 998 998 998 998 998 998 995 992 992
    992 989 989 989 989 987 987 987 987 987 987 987 989 1007 1019 1025
    1047 1054 1063 1094 1094 1108 1145 1153 1173 1181 1193 1193 0 0 0 0
    0 1001 1001 1001 1001 1001 1001 998 998 998 998 998 998 995 992 992
    992 992 989 989 989 987 987 987 987 987 987 987 989 1013 1019 1028
    1050 1057 1063 1094 1094 1108 1149 1153 1165 1181 1193 1193 2639 0 0
    0 1007 1001 1001 1001 1001 1001 1001 1001 1001 998 998 998 998 995
    992 992 992 992 989 989 989 987 987 987 987 987 987 989 1010 1013
    1016 1028 1050 1060 1067 1090 1101 1123 1149 1157 1165 1185 1202 0
    2639 0 0 1010 1004 1001 1001 1001 1001 1004 1001 1001 1001 1001 998
    998 998 995 995 992 992 992 992 989 989 987 987 987 987 987 987 989
    1010 1010 1013 1038 1050 1060 1073 1090 1112 1130 1145 1157 1165
    1185 1185 1185 2639 0 0 1010 1004 1001 1001 1001 1001 1004 1001 1001
