<?xml version="1.0"?>
<opencv_storage>
<Depth13421 type_id="opencv-matrix">
  <rows>33</rows>
  <cols>13</cols>
  <dt>w</dt>
  <data>
    5210 3903 3903 3859 3816 3816 3816 3816 3816 3859 3948 3994 5640
    3948 3903 3859 3859 3816 3816 3816 3816 3816 3859 3948 3994 3994
    3948 3859 3859 3859 3816 3816 3816 3816 3816 3859 3903 3948 3994
    3903 3859 3859 3859 3816 3816 3816 3816 3816 3816 3903 3948 4041
    3859 3859 3816 3816 3816 3816 3816 3816 3816 3816 3903 3948 4041
    3859 3859 3816 3816 3816 3816 3816 3816 3816 3816 3903 3948 4041
    3859 3859 3816 3816 3816 3816 3816 3816 3816 3816 3903 3903 4041
    3859 3859 3816 3816 3816 3816 3816 3816 3816 3816 3859 3903 4041
    3692 3859 3816 3816 3816 3816 3816 3816 3816 3816 3859 3903 4041
    3692 3859 3859 3859 3816 3816 3816 3816 3816 3816 3859 3948 4041
    3692 3859 3859 3859 3816 3816 3816 3816 3816 3816 3859 3903 3903
    3692 3859 3859 3859 3816 3816 3816 3816 3816 3816 3859 3903 3903
    3859 3859 3859 3859 3816 3816 3816 3816 3816 3816 3903 3948 3994
    3859 3859 3859 3859 3859 3816 3816 3816 3816 3816 3903 3948 3994
    6497 3859 3859 3859 3816 3816 3816 3816 3816 3816 3903 3948 3994
    6622 3859 3859 3859 3816 3816 3816 3816 3816 3816 3903 3903 4041
    6753 3903 3859 3859 3816 3816 3816 3816 3816 3816 3903 3903 3948
    6889 3903 3859 3859 3859 3816 3816 3816 3816 3816 3903 3903 3948
    6889 3903 3859 3859 3859 3816 3816 3816 3816 3816 3903 3903 3948
    6753 3903 3903 3859 3859 3859 3816 3816 3816 3816 3903 3903 3948
    6753 3903 3859 3859 3859 3859 3816 3816 3816 3816 3903 3903 3948
    6753 3903 3859 3859 3859 3859 3816 3816 3816 3859 3903 3903 3948
    6753 3859 3859 3859 3816 3816 3816 3816 3816 3859 3903 3903 3948
    6753 3859 3859 3859 3816 3816 3816 3816 3816 3859 3903 3903 3994
    6753 3859 3816 3816 3816 3816 3816 3816 3816 3859 3903 3903 5933
    6753 6753 3816 3816 3816 3816 3816 3816 3816 3859 3903 3903 5832
    6753 6753 6753 6497 3816 3816 3859 3859 3859 3859 3816 3816 5734
    6622 6753 6622 6497 6497 3994 3994 3859 3859 3859 3816 3816 5734
    6622 6753 6622 6497 6497 3948 3816 3816 3816 3859 3859 3859 3859
    6622 6753 6622 3903 3859 3859 3816 3816 3816 3859 3859 3903 3903
    6753 6753 6497 3903 3859 3859 3816 3816 3816 3859 3903 3903 3903
    6753 6753 6497 6497 3859 3859 3859 3859 3859 3859 3903 3903 3903
    6889 6753 6497 6497 6497 3859 3859 3859 3859 3859 3903 3903 3903</data></Depth13421>
</opencv_storage>
