<?xml version="1.0"?>
<opencv_storage>
<Depth8297 type_id="opencv-matrix">
  <rows>6</rows>
  <cols>23</cols>
  <dt>w</dt>
  <data>
    4774 4708 4708 4708 4774 4774 4911 4911 4911 4911 4911 4911 4911
    4911 4842 4842 4842 4842 4842 4911 4911 4911 4911 4774 4708 4708
    4708 4708 4774 4842 4911 4911 4911 4911 4911 4842 4842 4842 4842
    4842 4842 4842 4911 4911 4911 4911 4774 4708 4708 4708 4708 4774
    4842 4911 4911 4842 4842 4842 4842 4842 4911 4842 4842 4842 4842
    4911 4911 4911 4983 4708 4708 4708 4708 4708 4708 4774 4842 4842
    4842 4842 4842 4842 4842 4842 4774 4774 4911 4911 4911 4911 4983
    4983 4708 4774 4708 4708 4708 4708 4774 4842 4842 4842 4842 4842
    4774 4774 4842 4708 4708 4842 4983 4911 4911 4983 4983 4774 4774
    4708 4708 4708 4708 4774 4708 4708 4708 4774 4842 4774 4774 0 4708
    4708 4842 0 0 5374 5374 4983</data></Depth8297>
</opencv_storage>
