<?xml version="1.0"?>
<opencv_storage>
<Depth3288 type_id="opencv-matrix">
  <rows>19</rows>
  <cols>41</cols>
  <dt>w</dt>
  <data>
    2618 2618 2618 2618 2598 2598 2598 2598 2598 2618 2618 2618 2598
    2598 2598 2598 2618 2618 2618 2598 2598 2598 2598 2579 2579 2579
    2560 2560 2579 2579 2579 2579 2560 2560 2560 2579 2579 2579 2579 0 0
    2618 2618 2618 2618 2618 2618 2618 2618 2618 2618 2618 2618 2598
    2598 2598 2598 2598 2618 2618 2598 2579 2579 2579 2579 2579 2579
    2560 2560 2579 2579 2579 2579 2560 2560 2560 2560 2560 2560 2560 0 0
    2618 2618 2618 2618 2618 2618 2618 2639 2639 2639 2618 2618 2598
    2598 2598 2598 2598 2598 2618 2598 2579 2579 2579 2579 2579 2579
    2579 2579 2579 2579 2579 2579 2560 2560 2560 2560 2560 2560 2560 0 0
    2618 2618 2618 2618 2639 2639 2639 2639 2639 2639 2618 2618 2598
    2598 2598 2598 2598 2598 2598 2579 2579 2579 2579 2579 2579 2579
    2579 2579 2579 2579 2579 2579 2560 2560 2560 2560 2560 2560 2560 0 0
    2618 2618 2618 2618 2618 2618 2618 2618 2639 2618 2618 2618 2598
    2598 2598 2598 2598 2598 2579 2579 2579 2579 2579 2579 2579 2598
    2579 2579 2579 2579 2579 2579 2579 2579 2579 2560 2560 2560 2560
    2560 0 2618 2598 2598 2618 2618 2618 2618 2618 2618 2618 2618 2598
    2598 2618 2598 2598 2598 2598 2579 2579 2579 2579 2579 2579 2579
    2579 2579 2579 2579 2579 2579 2579 2579 2579 2579 2560 2560 2560
    2560 2560 0 2598 2598 2598 2618 2618 2618 2598 2598 2598 2618 2618
    2598 2598 2618 2618 2598 2598 2598 2598 2598 2579 2579 2579 2579
    2579 2579 2579 2579 2579 2579 2579 2579 2579 2579 2579 2579 2579
    2579 2579 2598 2598 2598 2598 2598 2618 2618 2618 2598 2598 2598
    2618 2618 2618 2618 2618 2618 2598 2598 2598 2598 2598 2579 2579
    2579 2579 2579 2579 2579 2579 2579 2579 2579 2579 2579 2579 2579
    2579 2579 2560 2560 2579 2598 2598 2598 2598 2618 2618 2618 2618
    2618 2618 2618 2618 2618 2618 2618 2618 2618 2618 2598 2598 2598
    2598 2598 2598 2579 2579 2579 2579 2579 2579 2579 2579 2579 2579
    2579 2579 2579 2579 2560 2560 2579 2598 2598 2598 2598 2618 2639
    2618 2618 2618 2618 2618 2618 2618 2618 2639 2618 2618 2618 2618
    2598 2598 2598 2598 2598 2579 2579 2579 2579 2579 2579 2579 2579
    2579 2579 2579 2579 2579 2579 2579 2579 2598 2598 2639 2618 2618
    2639 2618 2618 2618 2618 2618 2618 2618 2618 2618 2618 2618 2618
    2618 2618 2598 2598 2598 2598 2598 2579 2579 2579 2579 2579 2579
    2579 2579 2579 2579 2579 2579 2579 2579 2579 2579 2579 2579 0 2639
    2639 2639 2618 2618 2618 2618 2598 2598 2618 2618 2618 2618 2598
    2598 2618 2618 2618 2618 2618 2598 2598 2579 2579 2579 2579 2579
    2579 2579 2579 2579 2560 2560 2560 2579 2579 2579 2579 2579 0 0 0 0
    2598 2598 2618 2618 2618 2598 2598 2618 2618 2618 2618 2598 2598
    2618 2618 2618 2618 2618 2618 2598 2598 2579 2579 2579 2579 2579
    2579 2579 2579 2560 2560 2560 2579 2579 2579 2579 2579 0 0 0 0 2579
    2579 2598 2618 2618 2618 2618 2618 2618 2618 2618 2598 2598 2618
    2618 2618 2618 2618 2598 2598 2598 2579 2579 2579 2579 2579 2579
    2579 2579 2560 2560 2560 2560 2579 2579 2560 2560 0 0 0 0 2560 2560
    2598 2618 2618 2618 2618 2618 2618 2618 2618 2618 2618 2618 2618
    2618 2618 2618 2598 2579 2579 2598 2598 2579 2579 2579 2579 2579
    2579 2560 2560 2560 2560 2579 2467 2467 2560 2560 0 0 0 2560 2560
    2598 2618 2639 2639 2639 2639 2618 2618 2618 2618 2618 2618 2618
    2618 2618 2618 2598 2579 2579 2598 2598 2598 2579 2579 2579 2579
    2579 2579 2560 2560 2560 2560 2467 2467 2467 0 0 0 0 0 2618 2618
    2618 2639 2639 2639 2639 2639 2639 2618 2618 2618 2618 2618 2618
    2618 2618 2598 2579 2579 2598 2598 2598 2598 2598 2598 2579 2579
    2579 2560 2560 2560 2560 2541 2541 2541 0 0 0 0 0 0 2618 2618 2639
    2639 2659 2639 2639 2639 2618 2618 2618 2598 2598 2598 2598 2598
    2618 2598 2598 2579 2579 2598 2598 2598 2598 2579 2579 2579 2579
    2560 2560 2560 2560 0 0 0 0 0 0 0 0 2639 2639 2639 2639 2659 2659
    2659 2639 2639 2639 2618 2598 2598 2598 2598 2598 0 2598 2598 2579
    2579 2598 2598 2598 0 0 0 0 0 0 0 0 0 0 0 0</data></Depth3288>
</opencv_storage>
