<?xml version="1.0"?>
<opencv_storage>
<Depth5018 type_id="opencv-matrix">
  <rows>11</rows>
  <cols>16</cols>
  <dt>w</dt>
  <data>
    5374 5374 5374 6375 6375 6622 6622 6622 6622 6622 6622 6622 6753
    6753 7030 6622 5460 6753 6497 6497 6497 6622 6622 6622 6622 6622
    6622 6622 6753 6753 6753 6622 6753 6753 6622 6622 6622 6622 6622
    6622 6622 6889 6889 6889 6753 6753 6753 6622 6753 6753 6622 6622
    6622 6622 6622 6753 6753 6889 6889 6889 6753 6753 6753 6622 6753
    6622 6622 6622 6622 6622 6753 6753 6889 6889 6889 6889 6753 6753
    6753 6753 6622 6622 6622 6622 6622 6622 6753 6753 6889 6753 6753
    6753 6753 6753 6753 6753 6622 6622 6622 6622 6622 6622 6622 6622
    6753 6753 6753 6753 6753 6753 6753 6753 6622 6622 6622 6622 6622
    6622 6622 6622 6753 6753 6753 6753 6753 6753 6753 6753 6622 6622
    6622 6622 6622 6622 6622 6622 6622 6622 6622 6753 6753 6753 6889
    6889 0 6622 6622 6622 6622 6622 6622 6622 6622 6622 6622 6753 6753
    6889 6889 6889 0 6622 6497 6497 6622 6622 6497 6497 6497 6622 6622
    6753 6753 6889 6889 6889</data></Depth5018>
</opencv_storage>
