<?xml version="1.0"?>
<opencv_storage>
<Depth17775 type_id="opencv-matrix">
  <rows>146</rows>
  <cols>110</cols>
  <dt>w</dt>
  <data>
    3149 3149 3120 3120 3120 3120 3120 3120 3120 3092 3092 3092 3092
    3092 3092 3092 3092 3092 3092 3092 3092 3092 3092 3092 3092 3092
    3064 3064 3037 3037 3037 3037 3037 3037 3037 3037 3037 3037 3010
    3010 3010 3010 3010 3010 3010 3010 3010 2958 2958 3010 0 0 0 0 0 0 0
    0 0 0 0 0 2984 2958 2958 0 0 0 0 0 0 0 0 761 761 761 761 761 2859
    2859 2859 2859 2908 2908 2908 2908 2883 2859 2859 2859 2859 2883
    2883 2859 2859 2859 2859 2859 2859 2859 2835 2835 2835 2835 2812
    2812 2812 2789 2789 2767 3178 3149 3149 3149 3120 3120 3120 3120
    3120 3092 3092 3092 3092 3092 3092 3092 3092 3092 3092 3092 3092
    3092 3092 3092 3092 3064 3064 3064 3037 3037 3037 3037 3037 3037
    3037 3037 3037 3037 3010 3010 3010 3010 3010 3010 3010 3010 0 0 0 0
    0 0 0 0 0 0 0 0 0 0 0 0 0 0 0 0 0 0 0 0 0 0 0 761 761 761 761 761
    762 0 0 0 2933 0 2933 2908 2883 2883 2859 2859 2859 2883 2883 2883
    2859 2859 2859 2859 2835 2835 2835 2835 2835 2835 2835 2812 2812
    2789 2789 2789 3178 3149 3149 3149 3120 3120 3120 3120 3120 3092
    3092 3092 3092 3092 3092 3092 3092 3092 3092 3092 3120 3092 3092
    3092 3092 3064 3064 3064 3064 3064 3037 3037 3037 3037 3037 3037
    3037 3037 3037 3010 3010 3010 2984 2984 3037 0 0 0 0 0 0 0 0 0 0 0 0
    0 0 0 0 0 0 0 0 0 0 0 0 0 762 762 762 762 762 762 762 761 761 0 0 0
    0 0 0 2908 2908 2883 2859 2859 2859 2859 2883 2883 2883 2859 2859
    2859 2835 2835 2835 2835 2835 2835 2835 2812 2812 2789 2789 2789
    3178 3149 3149 3149 3120 3120 3120 3120 3120 3092 3092 3092 3092
    3092 3092 3092 3092 3092 3092 3092 3120 3092 3092 3092 3092 3064
    3064 3064 3064 3064 3064 3037 3037 3037 3037 3037 3037 3010 3010
    3010 3010 3010 2984 2984 0 0 0 0 0 0 0 0 0 0 0 0 0 0 0 0 0 0 0 0 0 0
    0 0 0 762 762 761 761 762 762 762 762 761 761 0 0 0 0 0 0 0 2933
    2908 2883 2859 2859 2859 2883 2883 2859 2859 2859 2859 2835 2835
    2835 2835 2835 2835 2835 2835 2812 2789 2789 2789 3178 3149 3149
    3149 3120 3120 3120 3120 3120 3120 3092 3092 3092 3092 3092 3092
    3092 3092 3092 3092 3120 3120 3120 3092 3092 3064 3064 3064 3064
    3064 3064 3037 3037 3037 3037 3037 3010 3010 3010 3010 3010 3010
    3010 0 0 0 0 0 0 0 0 0 0 0 0 0 0 0 0 0 0 0 0 0 0 764 764 764 762 762
    762 761 761 762 762 762 762 761 761 0 0 0 0 0 0 0 2933 2908 2883
    2883 2859 2859 2883 2883 2859 2859 2859 2859 2835 2835 2835 2835
    2835 2835 2835 2835 2812 2789 2789 2789 3178 3149 3149 3149 3149
    3149 3120 3120 3120 3120 3120 3120 3120 3120 3092 3092 3092 3092
    3092 3092 3120 3120 3120 3092 3092 3064 3064 3064 3064 3064 3037
    3037 3037 3037 3037 3037 3010 3010 0 3010 3010 3010 0 0 0 0 0 0 0 0
    0 0 0 0 0 0 0 0 0 0 0 0 0 762 762 762 762 762 762 762 762 762 762
    762 764 764 762 761 761 0 0 0 0 0 0 0 2933 2933 2908 2883 2883 2883
    2883 2883 2859 2859 2859 2859 2835 2835 2835 2835 2835 2835 2835
    2835 2812 2812 2789 2789 3178 3178 3149 3149 3149 3149 3149 3120
    3120 3120 3120 3120 3120 3120 3092 3092 3092 3092 3092 3092 3120
    3120 3120 3092 3092 3092 3064 3064 3064 3037 3037 3037 3010 3010
    3037 0 0 0 0 0 0 0 0 0 0 0 0 0 0 0 0 0 0 0 0 0 0 0 0 0 762 762 761
    761 761 761 761 762 762 762 762 762 762 762 764 764 764 762 762 0 0
    0 0 0 0 0 2958 2933 2908 2883 2883 2883 2859 2859 2859 2859 2859
    2859 2859 2859 2859 2835 2835 2835 2835 2835 2835 2812 2812 2789
    3178 3178 3178 3149 3149 3149 3149 3149 3120 3120 3120 3120 3120
    3120 3120 3092 3092 3092 3092 3092 3120 3120 3120 3092 3064 3064
    3037 3037 3037 3037 3037 3037 3010 3010 0 0 0 0 0 0 0 0 0 0 0 0 0 0
    0 0 0 0 0 0 0 0 755 755 755 757 759 761 761 761 761 761 761 762 762
    762 762 762 762 764 764 766 764 762 762 0 0 0 0 0 0 0 2958 2933 2908
    2883 2883 2883 2859 2859 2859 2859 2859 2859 2859 2859 2859 2859
    2859 2835 2835 2835 2835 2812 2812 2812 3208 3178 3178 3149 3149
    3149 3149 3149 3120 3120 3120 3120 3120 3120 3120 3120 3092 3092
    3092 3092 3120 3092 3092 3092 3064 3064 3037 3037 3037 0 0 0 0 0 0 0
    0 0 0 0 0 0 0 0 0 0 0 0 0 0 762 755 755 755 757 757 755 755 755 757
    759 761 761 761 761 762 762 762 762 762 762 762 762 764 764 764 764
    762 762 0 0 0 0 0 0 0 2958 2933 2933 2908 2908 2883 2883 2883 2883
    2883 2883 2859 2859 2859 2859 2859 2859 2835 2835 2835 2835 2835
    2812 2812 3178 3178 3178 3178 3178 3149 3149 3149 3149 3120 3120
    3120 3120 3120 3120 3120 3092 3092 3092 3092 3120 3092 3092 3092
    3064 3064 0 3064 0 0 0 0 0 0 0 0 0 0 0 0 0 0 0 0 0 0 0 766 762 757
    757 755 755 755 755 757 757 757 757 757 761 761 762 762 762 762 762
    762 762 762 762 762 764 764 764 764 766 764 764 764 0 0 0 0 0 0 2958
    2933 2933 2933 2933 2908 2883 2883 2883 2859 2859 2859 2859 2859
    2859 2859 2859 2835 2835 2835 2835 2835 2835 2812 3178 3178 3178
    3178 3178 3149 3149 3149 3149 3120 3120 3120 3120 3120 3120 3120
    3092 3092 3092 3092 3092 3092 3092 3092 3092 0 0 0 0 0 0 0 0 0 0 0
    776 774 774 0 0 0 0 0 754 754 755 755 761 757 755 755 755 755 755
    757 759 759 761 761 761 761 762 762 764 764 764 762 762 762 762 762
    764 764 764 764 766 766 764 764 767 0 0 0 0 0 0 2933 2933 2933 2933
    2908 2883 2883 2883 2859 2859 2859 2859 2859 2859 2859 2859 2859
    2859 2835 2835 2835 2812 2812 3178 3178 3178 3178 3178 3149 3149
    3149 3149 3120 3120 3120 3092 3092 3120 3120 3092 3092 3092 3092
    3092 3092 0 0 0 0 766 766 766 767 0 0 0 0 0 774 774 774 773 767 766
    764 761 757 754 754 755 755 755 755 755 755 755 755 755 757 759 759
    761 761 762 762 762 764 764 764 764 764 764 764 764 764 764 764 764
    764 766 767 767 767 767 767 0 0 0 0 0 2933 2933 2933 2933 2933 2908
    2908 2908 2883 2883 2859 2859 2859 2859 2859 2859 2859 2859 2835
    2835 2835 2812 2812 3178 3178 3178 3178 3149 3149 3120 3120 3149
    3120 3120 3092 3092 3092 3120 3120 3120 0 0 0 0 0 0 0 0 0 762 762
    766 766 0 0 0 0 0 773 773 774 773 767 762 761 759 757 755 755 755
    755 755 755 755 755 757 757 757 759 759 759 761 762 764 764 764 764
    764 764 764 764 764 766 766 766 764 764 764 764 766 767 767 767 767
    767 0 0 0 0 0 2933 2933 2933 2933 2933 2908 2908 2908 2883 2883 2859
    2859 2859 2859 2859 2859 2859 2835 2835 2835 2835 2835 2812 3208
    3178 3178 3178 3149 3120 3120 3120 3120 3120 3120 3092 3092 3092 0 0
    0 0 0 0 0 0 0 0 0 762 762 762 764 764 0 0 0 0 0 773 773 774 774 761
    759 759 757 757 755 755 755 755 757 757 757 759 759 759 759 759 761
    761 762 762 764 764 764 764 764 764 764 766 766 766 766 766 766 766
    766 766 766 767 767 767 767 767 0 0 0 0 0 2933 2933 2933 2933 2933
    2908 2908 2908 2883 2883 2883 2859 2859 2859 2859 2859 2859 2835
    2835 2835 2835 2835 2812 3208 3208 3208 3208 3149 3120 3092 3092
    3120 3120 3149 0 0 0 0 0 0 0 0 0 0 0 0 0 0 762 762 762 764 762 762 0
    0 0 0 755 757 757 757 757 757 757 757 757 755 755 755 755 757 759
    759 759 759 759 759 761 761 761 762 764 764 764 764 764 764 764 764
    766 766 766 766 766 767 767 766 766 766 767 767 769 769 0 0 0 0 0 0
    2933 2933 2933 2933 2933 2908 2908 2908 2883 2883 2883 2883 2859
    2859 2859 2859 2859 2835 2835 2835 2835 2835 2835 3208 3208 3208
    3208 3178 3120 3092 3092 3120 3120 0 0 0 0 0 0 0 0 0 0 0 0 0 0 0 766
    766 766 764 762 762 762 755 755 755 755 755 755 755 755 755 755 757
    757 757 755 755 755 759 759 759 759 759 759 759 761 762 762 762 764
    764 764 764 764 764 764 764 766 767 767 767 767 767 769 767 767 769
    769 769 769 769 771 0 0 0 0 0 2958 2933 2933 2933 2933 2933 2908
    2908 2908 2883 2883 2883 2859 2859 2859 2859 2859 2835 2835 2835
    2835 2835 2835 3208 3208 3208 3208 3208 3120 3120 0 0 0 0 0 0 0 0 0
    0 0 0 0 0 0 0 0 0 769 769 767 762 759 759 757 755 755 755 755 755
    755 755 755 755 755 757 757 757 757 757 757 759 759 759 759 759 759
    761 761 761 761 761 764 764 764 764 764 764 764 764 767 769 769 769
