<?xml version="1.0"?>
<opencv_storage>
<Depth2153 type_id="opencv-matrix">
  <rows>7</rows>
  <cols>22</cols>
  <dt>w</dt>
  <data>
    5832 5734 5734 5734 5734 5734 5640 5548 5548 5640 5640 5640 5548
    5548 5548 6259 6259 6259 5933 5933 6259 6259 5734 5640 5640 5640
    5548 5548 5548 5548 5548 5548 5548 5548 5460 5460 5460 5460 5548
    5460 5291 5291 6146 6146 5640 5640 5640 5640 5548 5548 5548 5548
    5548 5548 5460 5460 5374 5374 5374 5374 5460 5374 5210 5210 5210
    5210 5548 5548 5548 5548 5548 5460 5460 5460 5460 5460 5460 5374
    5374 5291 5291 5291 5291 5210 5210 5210 5132 5132 5548 5548 5548
    5460 5460 5460 5460 5460 5460 5460 5374 5374 5374 5291 5291 5291
    5291 5210 5210 5132 5132 5132 5548 5548 5548 5460 5460 5460 5460
    5460 5374 5374 5374 5291 5210 5210 5210 5210 5210 5210 5132 5056
    5056 5056 7332 5548 5548 5460 5460 5460 5460 5460 5374 5374 5374
    5291 5210 5210 5210 5210 5210 5210 5132 4983 4983 4983</data></Depth2153>
</opencv_storage>
