<?xml version="1.0"?>
<opencv_storage>
<Depth2550 type_id="opencv-matrix">
  <rows>22</rows>
  <cols>11</cols>
  <dt>w</dt>
  <data>
    1624 2933 2933 2933 2933 2908 2908 2908 2908 2908 2984 1624 2984
    2984 2984 2958 2933 2933 2908 2908 2908 2984 1632 3037 2984 2984
    2984 2984 2958 2933 2908 2908 2984 1632 3037 3010 2984 2984 2984
    2984 2984 2984 2984 2984 1632 3064 3010 3010 3010 3010 3010 3010
    2984 2984 3010 1632 3064 3010 3010 3010 3010 3010 3010 3010 3010
    3010 1632 3010 3010 3010 3010 3037 3010 3010 3010 3010 3010 2984
    2984 2984 3037 3037 3037 3037 3037 3010 3010 3010 2958 2958 2984
    3037 3064 3064 3037 3037 3010 3010 3010 2958 2958 3010 3092 3092
    3092 3064 3037 3010 3010 3010 3064 3064 3064 3092 3092 3092 3092
    3037 3010 3010 3010 3120 3092 3092 3092 3092 3092 3092 3064 3064
    3064 3120 3092 3092 3092 3092 3092 3092 3092 3092 3092 3120 3120
    3064 3064 3064 3120 3120 3120 3120 3120 3120 3120 3120 3037 3037
    3064 3120 3120 3120 3120 3120 3120 3120 3120 3037 3037 3064 3149
    3149 3149 3149 3120 3120 3120 3120 3064 3064 3092 3178 3178 3208
    3149 3120 3120 3120 3120 1722 3208 3208 3178 3178 3208 3208 3178
    3149 3120 3120 0 3208 3208 3208 3208 3238 3208 3208 3178 3149 3149 0
    3208 3208 3208 3238 3238 3208 3208 3208 3178 3178 1359 1359 3269
    3269 3238 3238 3238 3208 3208 3208 3208 1359 1359 1359 3269 3238
    3238 3208 3208 3208 3208 3238</data></Depth2550>
</opencv_storage>
