<?xml version="1.0"?>
<opencv_storage>
<Depth18809 type_id="opencv-matrix">
  <rows>5</rows>
  <cols>24</cols>
  <dt>w</dt>
  <data>
    7030 7030 6889 6753 6753 6622 6622 6753 6753 6753 6753 6753 6753
    6753 6889 7030 0 0 0 0 0 0 0 0 7030 7030 6889 6889 6753 6753 6753
    6753 6753 6753 6753 6753 6753 6753 6753 6889 6889 7030 6889 6889
    6889 7030 7030 0 7030 7178 6889 6889 6889 6753 6753 6753 6753 6753
    6753 6753 6753 6753 6753 6889 6889 7030 6889 6889 6889 6889 6889
    7030 7178 7178 7030 6889 6889 6889 6889 6753 6753 6753 6889 6889
    6889 6753 6753 6889 7030 7030 6889 6889 6889 6889 6889 7030 7178 0 0
    7178 0 0 0 8413 8413 8413 6889 6889 6889 6753 6753 6889 6889 6889
    6889 6889 6889 6889 6889 7030</data></Depth18809>
</opencv_storage>
