<?xml version="1.0"?>
<opencv_storage>
<Depth14269 type_id="opencv-matrix">
  <rows>22</rows>
  <cols>10</cols>
  <dt>w</dt>
  <data>
    4295 4241 4241 4295 4241 4241 0 0 0 1452 4295 4241 4241 4295 4241
    4241 0 0 0 1445 4295 4295 4349 4349 4349 4349 4349 4349 0 1445 4295
    4295 4349 4349 4349 4349 4349 4349 4463 0 4295 4349 4405 4405 4405
    4405 4405 4463 4463 0 4295 4405 4405 4405 4463 4463 4463 4463 4463
    4349 4349 4463 4463 4463 4463 4463 4463 4349 4349 4349 4405 4522
    4522 4522 4463 4463 4463 4349 4349 4349 4463 4463 4463 4463 4463
    4463 4405 4405 4405 4405 4463 4463 4463 4463 4463 4405 4405 4405
    4349 4349 4405 4405 4405 4405 4463 4405 4405 4405 4295 4295 4405
    4405 4405 4405 4405 4405 4405 4405 4295 4295 4405 4405 4405 4405
    4405 4405 4405 4349 4295 4295 4405 4405 4463 4405 4405 4405 4405
    4349 4349 4349 4405 4405 4405 4405 4405 4349 4349 4405 4405 4463
    4405 4405 4405 4405 4405 4349 4349 4405 4405 4463 4405 4405 4405
    4405 4405 4349 4349 4405 4405 4405 4349 4349 4405 4405 4405 4405
    4405 4405 4405 4405 4349 4349 4349 4349 4349 4405 4405 4405 4405
    1404 4349 4349 4349 4349 4349 1404 1398 1392 1392 1398 4349 4349
    4349 4349 1404 1404 1398 1392 1392 1392 4349 4349 4349 1410 1404
    1404 1404 1398 1392 1381</data></Depth14269>
</opencv_storage>
