<?xml version="1.0"?>
<opencv_storage>
<Depth4346 type_id="opencv-matrix">
  <rows>14</rows>
  <cols>11</cols>
  <dt>w</dt>
  <data>
    5734 5734 5933 4405 4405 4405 4405 4463 4463 4463 4708 5548 5640
    4295 4295 4349 4405 4405 4405 4405 4463 4708 5374 5374 4241 4241
    4295 4295 4295 4349 4405 4463 4582 5291 5291 4190 4190 4241 4295
    4295 4349 4349 4405 4522 5291 4190 4190 4190 4190 4241 4295 4295
    4295 4349 4405 5291 4190 4139 4139 4139 4241 4295 4241 4241 4241
    4295 4041 4089 4089 4041 4041 4041 4295 4241 4241 4241 4241 4041
    4041 4041 3994 3994 3994 4089 4089 4190 4241 4241 3994 3994 3994
    3994 3994 3994 4041 4089 4190 4190 4241 3994 3994 3948 3948 3948
    3948 3994 4041 4139 4139 4241 3994 3994 3903 3903 3903 3903 3994
    4041 4089 4139 4190 1959 1959 3903 3903 3903 3903 3994 3994 4089
    4139 4190 1959 1981 1981 3816 3816 3816 3903 3994 4089 4139 4405
    1970 1981 1981 1981 3816 3816 3903 3994 4041 4089 0</data></Depth4346>
</opencv_storage>
