<?xml version="1.0"?>
<opencv_storage>
<Depth2484 type_id="opencv-matrix">
  <rows>42</rows>
  <cols>10</cols>
  <dt>w</dt>
  <data>
    4463 4463 4405 4405 4405 4405 0 5640 5640 5548 4405 4463 4463 4463
    4405 4405 4405 5640 5640 5548 4405 4522 4463 4463 4463 4463 4463
    5832 5734 5640 4463 4463 4463 4522 4522 4463 4463 4463 5832 5734
    4463 4463 4463 4522 4522 4522 4522 4522 5832 5734 4463 4463 4522
    4582 4522 4522 4522 4522 5832 5734 4405 4463 4522 4582 4522 4522
    4522 4522 5832 5832 4405 4463 4522 4582 4522 4522 4522 4522 5832
    5832 4405 4405 4522 4522 4522 4522 4522 4582 5832 5832 4405 4405
    4522 4522 4522 4522 4522 4582 5832 5832 4522 4522 4582 4582 4582
    4582 4582 4582 5832 5832 4522 4522 4582 4582 4582 4645 4582 4582
    5832 5832 4522 4522 4582 4582 4582 4645 4582 4582 5832 5832 0 4582
    4582 4582 4582 4582 4582 4582 5832 5832 0 4645 4645 4582 4582 4582
    4582 4582 4645 5832 0 4708 4645 4645 4645 4582 4582 4582 4645 5832 0
    4708 4708 4645 4645 4645 4582 4582 4582 5933 0 4708 4708 4708 4645
    4645 4582 4582 4582 4582 0 4774 4774 4708 4708 4645 4645 4645 4582
    4582 0 4842 4842 4774 4708 4645 4645 4645 4582 4582 0 0 4842 4842
    4774 4708 4645 4645 4645 4645 0 0 4842 4842 4774 4708 4708 4774 4774
    5933 0 0 4774 4774 4774 4774 4774 4774 4774 6038 0 0 4708 4708 4774
    4774 4774 4774 4774 6038 0 0 4708 4708 4774 4774 4774 4774 4774 6146
    0 0 4774 4774 4774 4774 4774 4774 4774 6259 0 0 4842 4774 4774 4774
    4842 4708 4708 4708 0 0 4842 4842 4842 4842 4842 4708 4708 4708 0 0
    4911 4842 4842 4842 4842 4774 4774 4774 0 0 0 4842 4842 4842 4842
    4842 4842 4842 0 0 0 4842 4842 4842 4842 4842 4842 4842 0 0 0 4842
    4842 4842 4842 4842 4842 4842 0 0 0 4774 4774 4842 4842 4842 4842
    4842 0 0 0 4774 4774 4842 4842 4842 4842 4842 0 0 0 4842 4842 4911
    4911 4911 4842 4842 0 0 4911 4842 4842 4911 4911 4911 4911 4911 0 0
    4911 4911 4911 4911 4911 4842 4842 4842 0 0 0 4911 4911 4911 4911
    4842 4842 4842 0 0 0 5056 4983 4983 4983 4911 4842 4842 0 0 0 0 5056
    5056 4983 4983 4911 4911 0 0 0 0 5056 4983 4983 4983 4983 4911 0 0 0
    0 0 4983 4983 4983 4983 4911</data></Depth2484>
</opencv_storage>
