<?xml version="1.0"?>
<opencv_storage>
<Depth8840 type_id="opencv-matrix">
  <rows>99</rows>
  <cols>73</cols>
  <dt>w</dt>
  <data>
    0 0 5374 5374 5374 5374 959 954 954 954 920 920 920 906 906 906 906
    906 903 898 898 5210 5210 5210 5210 903 908 908 908 908 5056 5056
    5056 5056 5056 4983 4911 4911 4911 4911 4911 4842 4842 4774 4708
    4708 4708 948 948 948 946 946 4774 4708 4708 4774 4774 4774 4774
    4774 4774 0 0 0 4645 4645 4645 4645 4582 4582 4582 4582 4582 0 0 0 0
    0 959 959 954 954 954 920 920 920 913 910 910 906 903 903 896 894
    894 894 896 896 903 906 908 908 908 908 908 913 915 915 915 923 923
    923 925 956 956 956 956 956 951 948 948 948 948 946 946 4645 4645
    4645 4645 975 975 975 975 975 975 1001 1001 998 992 4645 4645 4522
    4522 4582 4582 4582 0 0 0 0 0 0 959 948 943 928 920 920 920 913 913
    910 906 896 896 894 891 891 891 896 896 903 906 908 908 908 908 908
    913 915 915 915 923 923 923 925 925 956 956 956 956 951 951 954 951
    951 954 959 4645 4645 967 967 970 973 975 975 975 975 1001 1001 998
    992 992 992 4522 4522 4582 4582 4645 0 0 0 0 0 964 946 946 933 928
    920 913 910 908 887 887 887 887 889 889 889 889 891 896 896 901 903
    906 906 908 908 908 913 915 915 915 923 923 923 925 925 933 935 938
    938 938 951 954 951 951 954 956 959 959 959 962 962 964 970 973 973
    973 973 975 981 987 989 987 987 987 987 989 989 0 0 0 0 967 964 964
    946 933 928 920 913 906 901 887 887 887 887 889 889 889 889 894 898
    898 901 903 906 906 908 908 908 913 915 915 918 923 923 923 925 925
    930 935 935 938 938 940 946 948 951 951 954 956 959 959 959 962 962
    967 970 970 970 973 975 978 981 984 984 987 987 987 989 989 0 0 0 0
    967 964 956 946 933 928 923 913 906 896 894 889 887 887 889 889 891
    891 894 898 898 901 903 906 906 906 908 908 913 915 915 918 923 923
    923 925 925 930 935 935 938 938 940 946 946 948 948 951 951 956 956
    959 959 959 964 967 970 970 970 973 975 981 981 984 987 987 989 989
    989 0 0 0 975 970 964 956 948 933 928 923 910 906 896 894 891 887
    887 889 889 894 894 896 898 901 901 903 906 906 906 908 908 913 915
    915 918 923 923 923 925 925 930 935 935 938 938 943 946 946 946 948
    951 951 956 956 956 959 959 964 967 967 970 970 973 975 978 981 984
    987 989 989 989 989 0 0 0 975 970 964 956 948 933 928 920 908 903
    896 894 891 889 889 889 889 894 894 896 898 901 901 903 903 906 908
    910 910 913 915 918 918 923 923 923 925 925 933 935 935 938 940 943
    946 946 946 948 951 954 956 956 956 959 962 964 967 967 970 973 975
    975 978 981 984 989 992 992 992 992 0 0 0 975 970 964 954 948 933
    925 918 908 903 896 894 889 887 887 889 889 894 894 896 898 901 901
    903 903 906 908 910 913 913 915 915 918 923 923 923 925 925 933 935
    935 938 940 943 946 946 946 948 954 954 956 956 959 962 962 964 967
    970 970 973 975 975 978 981 981 989 992 992 992 995 0 0 978 975 973
    962 951 948 933 925 918 910 906 896 894 889 887 887 887 889 894 894
    896 898 901 903 903 903 906 908 910 913 915 915 915 918 918 920 923
    925 928 933 935 935 938 938 943 946 946 946 948 954 956 956 959 959
    964 964 967 967 970 970 973 975 978 978 981 981 987 989 992 995 995
    0 978 975 973 967 962 951 946 933 923 918 910 906 896 894 891 887
    887 887 889 894 896 896 898 901 903 903 903 906 908 913 913 915 915
    915 918 918 920 923 925 928 935 935 935 938 938 943 946 946 946 948
    954 956 956 959 959 964 964 967 967 970 970 973 975 978 978 981 981
    987 989 992 992 992 0 975 975 973 967 959 951 946 930 923 918 910
    906 896 894 891 887 887 889 891 894 896 896 898 901 903 903 903 906
    908 913 913 915 915 915 918 920 920 923 925 930 935 935 935 938 940
    943 946 946 948 951 954 956 956 959 959 964 967 967 970 970 973 975
    975 978 978 981 981 987 989 992 992 992 0 975 973 967 964 959 951
    948 930 923 918 910 906 896 894 891 889 889 889 894 894 896 896 898
    901 903 903 906 906 908 913 913 915 915 915 918 920 923 925 928 928
    933 935 935 938 940 943 946 946 948 951 954 956 956 959 962 964 967
    967 967 970 973 975 975 978 978 981 984 987 989 989 989 989 0 0 973
    967 964 959 954 946 930 923 918 910 906 896 891 889 889 889 889 894
    894 896 896 896 903 903 903 906 906 910 913 913 913 913 915 918 920
    923 925 928 928 933 935 935 938 943 943 946 946 948 951 954 956 959
    959 962 964 964 967 967 970 970 975 975 978 981 981 987 989 989 989
    989 989 0 0 978 970 964 959 954 946 928 923 918 910 903 896 891 889
    889 889 889 894 894 896 896 896 901 903 903 906 906 910 913 913 913
    913 915 920 923 923 925 928 928 933 935 935 938 943 946 946 948 948
    951 954 956 959 959 962 964 964 967 967 970 970 975 975 978 981 981
    989 989 989 989 992 0 0 0 978 970 967 959 954 946 928 923 918 910
    903 896 891 889 887 887 889 894 894 896 896 898 901 903 903 906 908
    910 913 913 913 913 915 920 923 923 925 928 930 935 935 938 938 943
    946 946 948 948 948 951 956 959 959 962 964 964 967 970 970 970 975
    975 978 981 981 989 989 989 992 992 0 0 0 978 973 967 962 954 946
    928 923 918 910 903 896 891 889 887 887 889 894 894 896 898 898 901
    903 903 906 908 910 913 913 913 913 920 920 923 923 925 928 935 935
    935 938 938 943 946 946 948 948 948 951 954 956 962 962 964 967 967
    970 970 970 975 978 981 981 984 987 989 989 992 992 0 0 978 975 975
    967 959 954 946 928 923 918 910 903 896 889 889 887 887 889 891 894
    896 898 898 903 903 906 906 906 910 913 913 915 918 920 920 923 923
    925 928 935 935 935 938 938 943 946 946 948 948 948 951 954 956 962
    962 964 967 967 970 973 973 975 978 981 981 984 987 989 992 992 995
    0 0 978 975 975 967 959 951 946 928 923 918 913 906 896 889 889 887
    887 891 891 894 896 901 901 903 903 906 906 906 910 913 915 915 918
    920 920 923 923 925 928 935 935 935 938 938 943 946 946 948 948 948
    951 954 959 959 962 964 967 967 970 973 973 975 978 981 981 984 987
    989 992 992 995 998 0 0 978 975 967 956 951 938 925 923 918 913 906
    896 889 889 887 887 891 894 896 896 898 901 903 903 906 906 906 913
    915 915 915 918 918 920 923 923 925 928 935 935 935 938 943 943 946
    946 946 948 948 954 956 959 959 962 964 967 967 970 970 975 975 978
    981 981 984 989 989 992 992 995 998 0 0 978 973 959 956 951 938 925
    923 915 913 903 896 891 889 889 889 894 894 896 896 898 901 903 903
    906 908 908 913 915 915 915 915 918 920 923 923 925 930 935 935 935
    938 943 943 946 946 946 948 951 954 956 959 959 962 964 967 967 970
    970 975 978 978 981 981 984 989 989 989 992 995 0 0 0 0 973 959 956
    951 935 928 923 915 908 901 896 891 889 889 891 894 896 896 896 898
    901 903 903 906 908 910 913 915 915 915 915 918 920 923 925 925 933
    935 935 935 938 943 943 946 946 948 948 951 954 956 959 962 962 964
    967 967 970 970 975 978 978 981 981 987 989 989 989 992 995 0 0 0
    970 967 964 962 951 935 928 923 915 908 898 896 891 889 889 891 894
    896 896 896 898 898 901 903 906 908 910 913 913 915 915 915 918 920
    923 925 928 933 935 935 935 938 943 943 946 948 951 951 951 954 956
    959 962 962 964 967 970 970 973 975 978 978 981 984 987 989 989 992
    995 995 0 0 0 970 967 967 962 951 938 930 923 915 908 898 894 891
    887 887 891 894 896 896 896 898 898 901 903 906 908 910 913 913 915
    915 915 923 923 923 925 928 933 935 935 935 938 943 946 946 948 948
    948 951 954 956 959 962 962 964 967 970 970 973 975 978 978 981 984
    989 989 989 992 995 995 0 0 0 970 967 967 962 954 935 928 923 918
    908 901 894 891 887 887 891 894 896 896 896 898 901 903 906 906 908
    910 913 913 915 915 915 923 923 923 925 928 933 935 935 935 938 943
    946 946 948 948 948 951 956 959 962 962 962 964 967 970 970 973 975
    978 978 981 987 989 989 989 992 995 995 0 0 981 975 973 964 959 943
    935 928 923 918 908 901 894 891 887 887 889 894 894 896 896 898 901
    903 906 906 908 910 913 913 915 915 918 920 923 925 925 928 933 935
