<?xml version="1.0"?>
<opencv_storage>
<Depth8571 type_id="opencv-matrix">
  <rows>17</rows>
  <cols>7</cols>
  <dt>w</dt>
  <data>
    4842 4911 4911 4983 5291 5291 5210 4842 4842 4911 4911 4911 5291
    5291 4842 4842 4911 4911 4911 4983 4983 4842 4842 4911 4911 4983
    4983 0 4774 4842 4911 4911 4983 4983 5210 4774 4774 4842 4911 4983
    5132 5210 4774 4774 4842 4911 4911 4983 5132 4774 4774 4774 4842
    4911 4911 5056 4774 4774 4774 4842 4842 4911 4983 4774 4774 4774
    4842 4842 4911 4983 4774 4774 4774 4842 4842 4911 4983 4708 4774
    4774 4842 4842 4842 4911 4708 4774 4774 4774 4774 4774 4774 4708
    4708 4774 4774 4708 4708 4708 4708 4708 4774 4774 4708 4708 3948
    4708 4708 4708 4708 4708 3994 3948 4708 4708 4708 4708 4708 3994
    3948</data></Depth8571>
</opencv_storage>
