<?xml version="1.0"?>
<opencv_storage>
<Depth7943 type_id="opencv-matrix">
  <rows>13</rows>
  <cols>17</cols>
  <dt>w</dt>
  <data>
    6038 6038 6038 6038 5933 5933 4041 4041 4089 4089 4089 4089 4089
    5640 5640 5734 5734 6146 4190 4190 5933 5933 5933 4041 4041 4089
    4089 4089 4089 4041 4041 5640 5734 5734 4295 4190 4190 4041 4041
    4041 4041 4041 4041 4089 4089 4089 4041 4041 5640 5734 5734 4241
    4241 4089 4041 4041 4041 4041 4041 4041 4089 4089 4041 4041 3994
    3994 5734 5640 4241 4241 4089 4041 4041 4041 4041 4041 4041 4089
    4089 4041 4041 3994 3994 5734 5640 4241 4295 4190 4139 4139 4089
    4089 4041 4041 4089 4089 4041 4041 4041 4041 5734 5640 4241 4241
    4190 4139 4139 4089 4089 4089 4089 4089 4089 4041 4041 4041 4041
    4041 4041 4241 4241 4190 4190 4139 4139 4089 4089 4041 4041 4089
    4041 4041 4041 4041 4041 4041 4190 4190 4190 4190 4139 4089 4089
    4089 4041 4041 4089 4041 4041 4041 4041 3994 3994 4139 4139 4190
    4190 4139 4089 4089 4089 4089 4089 4089 4041 4041 4041 4041 3994
    3994 4139 4139 4190 4190 4139 4089 4089 4089 4041 4041 4041 4041
    3994 3994 3994 3994 3948 5933 4190 4190 4190 4139 4089 4089 4089
    4041 4041 4041 4041 3994 3994 3994 3994 3948 5832 4190 4190 4190
    4139 4089 4089 4089 4089 4041 4041 4041 3994 3994 4041 3994 3994</data></Depth7943>
</opencv_storage>
