<?xml version="1.0"?>
<opencv_storage>
<Depth5325 type_id="opencv-matrix">
  <rows>22</rows>
  <cols>67</cols>
  <dt>w</dt>
  <data>
    0 3576 3576 3576 3576 3576 3614 3614 3614 3653 3692 3692 3732 3732
    3732 3732 3732 3732 3732 3774 3774 3774 3774 3816 3816 3859 3859
    3859 3859 3903 3903 3948 3903 3903 3903 3948 3994 3994 4089 4139
    4139 4089 4089 4089 4089 2789 2744 2744 2789 2789 2789 2789 2812
    2835 2883 2883 2883 2883 2883 4349 4349 2984 2984 2984 2984 2958
    2908 0 3576 3576 3576 3576 3614 3614 3614 3614 3692 3692 3732 3732
    3732 3732 3732 3732 3732 3732 3774 3816 3816 3816 3859 3859 3859
    3859 3859 3859 3903 3903 3948 3903 3903 2659 2659 2701 2701 4089
    4139 4139 4139 4139 2767 2767 2767 2744 2744 2789 2789 2789 2789
    2812 2835 2883 2883 2883 2883 2883 2908 2908 2958 2958 2958 2984
    2958 2908 0 3576 3576 3576 3614 3614 3614 3614 3614 3692 3692 3732
    3732 3732 3732 3732 3732 3732 3774 3774 3816 3816 3859 3859 3903
    3903 3903 2659 2659 2680 3948 3948 3903 2680 2659 2659 2680 2701
    2723 2723 2723 2701 2701 2767 2767 2767 2767 2767 2789 2789 2789
    2789 2812 2859 2859 2883 2883 2883 2883 2908 2908 2933 2958 2958
    2958 2984 2908 0 3576 3576 3576 3614 3614 3614 3614 3614 3692 3692
    3732 3732 3732 3732 3732 3732 3732 3774 3774 2598 2598 3859 2618
    2618 2598 2598 2618 2618 2639 2639 2701 2680 2680 2680 2680 2680
    2701 2723 2723 2723 2701 2701 2767 2767 2789 2789 2812 2812 2812
    2812 2835 2859 2859 2859 2883 2883 2883 2908 2908 2933 2933 2958
    2958 2958 2984 2958 0 3576 2432 2432 2450 3614 2503 2503 2522 2541
    2541 2541 3732 3732 3732 3732 3732 3732 2579 2579 2598 2598 2598
    2598 2598 2598 2598 2618 2618 2639 2639 2680 2680 2680 2680 2680
    2680 2701 2723 2744 2767 2767 2767 2767 2767 2789 2812 2812 2835
    2859 2835 2835 2859 2859 2859 2883 2908 2908 2908 2908 2933 2958
    2958 2958 2958 2984 2958 2432 2432 2432 2432 2450 2467 2485 2485
    2503 2522 2522 2522 2467 2467 2522 2541 2541 2541 2541 2579 2598
    2598 2598 2598 2598 2618 2618 2618 2618 2659 2680 2680 2701 2680
    2680 2680 2680 2701 2723 2744 2767 2767 2767 2767 2767 2789 2812
    2812 2835 2859 2835 2835 2859 2859 2859 2883 2908 2908 2933 2933
    2958 2958 2958 2958 2958 2958 2958 2432 2432 2450 2450 2467 2467
    2485 2485 2503 2503 2522 2522 2467 2467 2522 2541 2541 2541 2541
    2579 2598 2598 2598 2598 2598 2618 2618 2639 2639 2680 2680 2680
    2701 2701 2701 2680 2680 2701 2723 2744 2767 2767 2767 2767 2789
    2789 2835 2835 2835 2859 2859 2859 2859 2883 2883 2883 2908 2933
    2933 2933 2958 2958 2958 2958 2958 2958 2958 2432 2432 2450 2450
    2467 2467 2485 2485 2485 2503 2522 2522 2522 2522 2541 2541 2541
    2560 2560 2579 2598 2598 2598 2598 2598 2618 2618 2639 2659 2680
    2680 2680 2701 2701 2701 2701 2701 2701 2723 2744 2767 2767 2767
    2767 2789 2789 2812 2835 2835 2835 2859 2859 2859 2883 2883 2883
    2908 2933 2933 2933 2958 2958 2958 2933 2933 2958 2958 2432 2432
    2467 2467 2467 2485 2467 2467 2485 2503 2503 2522 2522 2541 2541
    2541 2541 2541 2560 2560 2579 2598 2598 2618 2618 2618 2618 2639
    2659 2680 2680 2680 2680 2680 2701 2701 2701 2701 2723 2744 2767
    2767 2767 2767 2789 2789 2812 2835 2835 2835 2859 2859 2883 2883
    2883 2883 2908 2933 2958 2958 2958 2317 2301 2301 2933 2933 2933
    2450 2450 2467 2467 2467 2485 2467 2467 2485 2503 2503 2522 2522
    2522 2541 2541 2541 2541 2560 2560 2579 2598 2598 2618 2618 2618
    2618 2639 2659 2680 2680 2680 2680 2680 2680 2701 2701 2723 2744
    2744 2744 2767 2767 2767 2789 2789 2812 2812 2835 2835 2835 2859
    2859 2859 2883 2883 2908 2933 2958 2958 2286 2271 2271 2271 2271
    2271 2212 2450 2450 2467 2467 2467 2485 2485 2485 2485 2503 2503
    2522 2522 2522 2522 2541 2541 2541 2579 2579 2579 2598 2598 2618
    2618 2618 2618 2639 2639 2659 2680 2680 2680 2680 2680 2701 2701
    2723 2744 2744 2744 2701 2701 2744 2767 2789 2812 2812 2835 2835
    2835 2859 2859 2859 2859 2883 2908 2908 2933 2933 2256 2226 2226
    2226 2212 2212 2212 2450 2450 2467 2467 2467 2485 2485 2503 2503
    2503 2503 2503 2522 2522 2522 2522 2522 2541 2560 2579 2579 2598
    2598 2598 2618 2618 2618 2639 2639 2659 2680 2680 2680 2680 2680
    2701 2701 2701 2723 2744 2744 2680 2680 2744 2767 2789 2812 2812
    2835 2812 2812 2859 2859 2859 2859 2883 2883 2883 2883 2908 2241
    2198 2198 2198 2184 2184 2184 2450 2450 2467 2467 2467 2485 2485
    2503 2503 2503 2503 2503 2522 2522 2522 2522 2522 2541 2560 2579
    2598 2598 2598 2598 2618 2618 2618 2639 2659 2659 2680 2680 2680
    2680 2680 2701 2701 2701 2723 2744 2744 2680 2680 2767 2767 2767
    2812 2812 2835 2812 2812 2859 2859 2859 2859 2859 2859 2859 2859
    2883 2212 2170 2156 2156 2170 2170 2170 2450 2450 2467 2467 2467
    2485 2485 2485 2485 2485 2485 2503 2522 2522 2522 2522 2522 2541
    2541 2579 2598 2598 2598 2598 2618 2618 2618 2639 2659 2680 2680
    2680 2680 2680 2680 2701 2701 2701 2744 2744 2767 2767 2767 2767
    2767 2767 2812 2835 2812 2812 2812 2835 2835 2859 2859 2859 2859
    2859 2859 2883 2212 2170 2143 2143 2143 2143 2116 2450 2450 2467
    2467 2467 2485 2485 2467 2467 2467 2485 2485 2503 2503 2522 2522
    2522 2541 2541 2579 2598 2598 2618 2618 2618 2618 2639 2639 2659
    2680 2680 2680 2680 2680 2680 2680 2701 2701 2744 2767 2789 2789
    2789 2767 2767 2789 2812 2835 2812 2789 2789 2812 2835 2859 2859
    2883 2859 2859 2859 2859 4295 2143 2143 2143 2143 2143 2116 2450
    2450 2450 2467 2467 2467 2485 2467 2467 2467 2485 2485 2503 2503
    2522 2522 2522 2541 2541 2579 2579 2579 2598 2618 2618 2618 2639
    2659 2680 2680 2680 2680 2680 2680 2680 2680 2701 2701 2767 2767
    2789 2789 2789 2789 2789 2789 2835 2835 2812 2789 2789 2812 2859
    2859 4241 4241 4349 4349 4349 4295 4295 4295 4295 4295 4295 4349
    4522 2450 2450 2450 2450 2467 2467 2467 2467 2467 2467 2503 2522
    2522 2522 2522 2541 2541 2541 2541 2560 2560 2560 2598 2598 2618
    2618 2639 2659 2659 2680 2680 2701 2701 2701 2680 2680 2701 2701
    2701 4089 4089 2812 2812 2812 2812 4089 2835 2835 2835 2812 2812
    2859 4241 4241 4241 4349 0 0 4349 4349 4295 4295 4295 4295 4349 4349
    4405 2450 2450 2450 2450 2450 2467 2467 2467 2467 2467 2503 2522
    2522 2522 2522 2541 2541 2541 2560 2560 2560 2560 2579 2579 2598
    2598 2618 2659 2659 2680 2680 2701 2701 2701 2680 2680 2680 2680 0
    4089 4089 4089 4089 4089 4089 4089 3994 4139 4139 4139 2859 2859
    4241 4241 4349 4349 4349 0 4349 4349 4349 4349 4295 4295 4349 4349
    4405 2450 2450 2450 2450 2450 2450 2467 2467 2467 2485 2522 2522
    2522 2541 2541 2560 2560 2560 2560 2560 2560 2560 2560 2560 2560
    2598 2618 2680 2680 2680 2680 2680 3994 3994 0 0 3903 3903 3903 4041
    4041 4041 4089 4041 3994 3994 3994 4041 4041 4089 4190 4241 4295
    4295 4349 4349 0 0 4295 4295 4295 4349 4349 4349 4349 4349 4405 2450
    2450 2450 2450 2450 2450 2467 2467 2485 2503 2522 2522 2522 2541
    2541 2579 2579 2579 2560 2560 2560 2560 2560 2560 2560 2560 2598
    2639 2639 2639 3903 0 0 3994 3994 3948 3903 3903 3903 4041 4041 4041
    4041 4041 3994 3994 3994 4041 4041 4089 4139 4241 4241 4295 4349
    4349 0 0 0 4295 4295 4349 4349 4349 4349 4349 4349 2450 2450 2450
    2450 2450 2450 2450 2485 2503 2503 2503 2503 2522 2541 2541 2579
    2579 2579 2579 2579 2579 3816 2560 2560 2560 2560 2598 2639 2639
    3816 3903 3948 3994 3994 3994 3903 3903 3903 3903 3948 3948 3994
    4041 4041 4041 4089 4041 4041 4089 4089 4139 4241 4241 4295 4349
    4349 0 0 0 4405 4405 4405 4349 4349 4295 4295 4349 2467 2450 2450
    2415 2415 2450 2450 2450 2522 2522 2503 2503 2503 2503 2503 3653 0
    3774 3774 0 0 0 3816 3816 3816 3732 3732 3732 3732 3816 3903 3948
    3994 4041 4041 3903 3903 3903 3903 3948 3948 3948 3994 4041 4089
    4089 4089 4139 4139 4139 4190 4241 4241 4295 4295 4295 0 0 0 0 4405
    4405 4349 4349 4295 4295 0</data></Depth5325>
</opencv_storage>
