<?xml version="1.0"?>
<opencv_storage>
<Depth19191 type_id="opencv-matrix">
  <rows>9</rows>
  <cols>9</cols>
  <dt>w</dt>
  <data>
    5832 5734 5734 5832 5734 5734 5548 5548 5548 5832 5832 5832 5832
    5832 5832 5832 5734 5734 5933 5933 5933 5933 5832 5832 5832 5832
    5832 6038 6038 6038 6038 5933 5933 5832 5832 5832 6146 6146 6038
    6038 6038 5933 5933 5933 5933 6259 6146 6146 6146 6038 6038 6038
    6038 6038 6259 6259 6146 6146 6146 6146 6146 6146 6146 6375 6259
    6259 6146 6038 6038 6146 6259 4241 6375 6375 6146 6146 6038 6038
    6146 6259 4190</data></Depth19191>
</opencv_storage>
