<?xml version="1.0"?>
<opencv_storage>
<Depth14279 type_id="opencv-matrix">
  <rows>16</rows>
  <cols>9</cols>
  <dt>w</dt>
  <data>
    3653 3653 3692 3692 1333 1333 1333 1328 1328 3653 3653 3653 3692
    3692 3692 1328 1328 1328 3653 3653 3653 3692 3692 3653 1536 1536
    1536 3653 3653 3653 3653 3653 3653 3653 1523 1523 3614 3614 3614
    3614 3653 3653 3653 1523 1523 3614 3614 3614 3614 3614 3614 3614
    3614 1516 3614 3576 3576 3614 3576 3576 3576 3576 1516 3614 3576
    3576 3614 3576 3576 3576 3576 1516 3653 3576 3576 3539 3539 3539
    3539 3539 3539 3692 3614 3576 3539 3539 3539 3539 3539 3614 3692
    3614 3576 3576 3576 3576 3576 3614 3614 3692 3692 3653 3576 3539
    3539 3503 3503 3503 3653 3653 3653 3576 3539 3539 3503 3503 3653
    3653 3653 3692 3653 3576 3539 3539 3503 3503 3692 3692 3692 3653
    3576 3539 3539 3503 3503 3692 3692 3653 3653 3614 3614 3614 3653
    3653</data></Depth14279>
</opencv_storage>
