<?xml version="1.0"?>
<opencv_storage>
<Depth0680 type_id="opencv-matrix">
  <rows>9</rows>
  <cols>31</cols>
  <dt>w</dt>
  <data>
    6259 6259 4405 4405 4349 4349 4295 4295 4349 4349 4349 4295 4295
    4295 4405 4405 4349 4349 4405 4405 4349 4349 6375 6375 6375 6497
    4463 4463 4405 4405 6497 6259 4405 4405 4405 4349 4349 4295 4295
    4295 4349 4349 4349 4295 4295 4405 4405 4349 4349 4405 4349 4349
    4349 4295 4295 4295 4522 4463 4405 4405 4405 4405 6259 4349 4349
    4349 4295 4295 4295 4295 4295 4349 4349 4349 4349 4349 4349 4349
    4349 4349 4349 4349 4349 4349 4295 4295 4295 4405 4405 4405 4405
    4405 4405 6375 4349 4349 4349 4295 4295 4295 4295 4295 4349 4349
    4349 4349 4349 4349 4349 4349 4349 4349 4349 4349 4349 4349 4349
    4405 4405 4405 4405 4405 4405 4405 4405 4295 4295 4349 4295 4295
    4295 4295 4349 4349 4349 4349 4349 4349 4349 4349 4349 4349 4349
    4349 4349 4349 4349 4349 4405 4405 4405 4405 4405 4405 4405 4295
    4295 4295 4295 4295 4295 4295 4295 4349 4349 4349 4349 4349 4349
    4349 4349 4349 4349 4349 4349 4349 4349 4349 4349 4405 4405 4405
    4405 4405 4463 4463 4295 4295 4295 4295 4295 4295 4295 4295 4349
    4349 4349 4349 4349 4349 4349 4349 4349 4349 4349 4349 4349 4349
    4349 4349 4405 4405 4405 4405 4463 4463 4463 4241 4241 4295 4295
    4295 4295 4295 4349 4349 4349 4349 4295 4295 4349 4349 4349 4349
    4295 4295 4295 4349 4349 4349 4349 4405 4405 4405 4405 4463 4463
    4463 4241 4241 4295 4295 4295 4295 4349 4349 4349 4349 4349 4295
    4295 4349 4349 4349 4349 4295 4295 4295 4349 4349 6375 6375 6375
    6375 4405 4405 4463 4463 6375</data></Depth0680>
</opencv_storage>
