<?xml version="1.0"?>
<opencv_storage>
<Depth8670 type_id="opencv-matrix">
  <rows>85</rows>
  <cols>29</cols>
  <dt>w</dt>
  <data>
    0 0 0 0 0 0 0 0 0 0 0 0 0 0 0 0 0 0 0 0 1236 1232 1232 1232 1227
    1227 1227 1227 5548 0 0 0 0 0 0 0 0 0 0 0 0 0 0 0 0 0 0 0 1232 1232
    1232 1232 1227 1223 1223 1223 1223 5460 0 0 0 1210 1202 1202 1210
    1210 1223 0 0 0 0 0 0 0 1219 1219 1223 1223 1223 1223 1223 1223 1223
    1223 1223 1223 0 0 0 0 1206 1202 1202 1206 1210 1210 1214 1214 1214
    1214 1214 1219 1219 1219 1219 1219 1219 1219 1223 1223 1223 1219
    1219 1223 1223 1227 0 0 1214 1206 1206 1206 1206 1210 1210 1210 1214
    1214 1210 1210 1214 1214 1214 1219 1219 1219 1219 1219 1219 1219
    1214 1214 1219 1227 1227 0 0 1214 1210 1210 1210 1210 1210 1210 1210
    1214 1214 1210 1210 1214 1214 1214 1214 1214 1214 1214 1214 1214
    1219 1214 1214 1219 1219 1219 0 0 1214 1214 1210 1210 1210 1210 1210
    1210 1214 1214 1214 1214 1214 1214 1214 1214 1214 1214 1214 1214
    1214 1219 1219 1219 1214 1214 1214 0 0 1214 1214 1210 1210 1210 1210
    1210 1210 1210 1214 1214 1214 1214 1214 1214 1214 1214 1214 1214
    1214 1214 1219 1219 1219 1214 1214 1214 0 0 1219 1214 1210 1210 1210
    1210 1210 1210 1210 1214 1214 1219 1214 1214 1214 1214 1214 1214
    1214 1214 1214 1219 1219 1219 1214 1214 1214 0 0 1214 1214 1210 1210
    1210 1210 1210 1210 1210 1210 1214 1219 1214 1214 1214 1214 1214
    1214 1219 1219 1219 1219 1219 1219 1214 1214 1214 0 0 1214 1214 1210
    1210 1210 1210 1210 1210 1210 1210 1214 1219 1214 1214 1214 1214
    1214 1214 1219 1214 1214 1219 1219 1219 1219 1219 1219 0 0 1223 1214
    1214 1210 1210 1210 1210 1210 1210 1210 1214 1214 1214 1214 1214
    1214 1214 1214 1219 1214 1214 1219 1219 1219 1219 1219 1219 0 0 0
    1214 1214 1210 1210 1210 1210 1210 1210 1214 1214 1214 1214 1214
    1219 1214 1214 1219 1219 1219 1219 1219 1219 1219 1214 1214 1214 0 0
    0 1214 1214 1210 1210 1210 1210 1210 1210 1214 1214 1214 1219 1219
    1219 1219 1219 1219 1219 1214 1214 1219 1219 1219 1214 1214 1214 0 0
    0 1214 1214 1210 1210 1210 1210 1210 1210 1214 1214 1214 1214 1219
    1219 1219 1219 1219 1219 1214 1214 1219 1219 1219 1214 1214 0 0 0 0
    1214 1210 1210 1214 1214 1210 1210 1214 1214 1214 1214 1214 1214
    1214 1219 1219 1219 1214 1214 1219 1219 1219 1219 1214 1214 0 0 0 0
    1214 1210 1210 1210 1210 1214 1214 1214 1214 1214 1214 1214 1214
    1214 1219 1219 1219 1214 1214 1219 1219 1223 1219 1219 1219 0 0 0 0
    1214 1210 1210 1210 1210 1214 1214 1214 1214 1214 1214 1214 1214
    1214 1219 1219 1214 1214 1214 1219 1219 1223 1223 1219 1219 0 0 1227
    1227 1214 1210 1210 1210 1210 1210 1214 1214 1214 1214 1214 1214
    1214 1214 1219 1219 1214 1214 1214 1214 1219 1223 1223 1219 1219 0 0
    1227 1227 1214 1210 1210 1210 1210 1210 1214 1214 1214 1214 1214
    1214 1214 1219 1214 1214 1214 1214 1214 1214 1219 1223 1223 1223
    1223 0 0 0 0 1214 1210 1210 1210 1210 1210 1214 1214 1214 1214 1214
    1214 1214 1214 1214 1214 1214 1214 1219 1219 1219 1223 1223 1223
    1223 0 0 0 0 1214 1210 1210 1210 1210 1210 1214 1214 1214 1214 1214
    1214 1214 1214 1214 1214 1214 1214 1219 1219 1223 1223 1223 1223
    1223 0 0 0 1214 1214 1214 1210 1210 1214 1214 1214 1214 1214 1214
    1214 1214 1214 1214 1214 1214 1214 1214 1219 1219 1223 1223 1223
    1223 1223 0 0 0 1214 1214 1214 1210 1210 1210 1214 1214 1214 1214
    1214 1214 1214 1214 1214 1214 1214 1214 1219 1219 1219 1219 1219
    1223 1223 1223 0 0 0 0 1214 1214 1210 1210 1210 1214 1214 1214 1214
    1214 1214 1214 1214 1214 1214 1214 1219 1219 1219 1219 1219 1219
    1219 1219 1223 0 0 0 0 1214 1214 1210 1210 1210 1210 1214 1214 1214
    1214 1214 1214 1214 1214 1214 1214 1214 1214 1223 1219 1219 1219
    1214 1214 1223 0 0 0 0 1214 1214 1210 1210 1210 1210 1214 1214 1214
    1214 1214 1214 1214 1214 1214 1214 1214 1214 1219 1219 1219 1219
    1214 1214 0 0 0 0 0 1214 1214 1210 1210 1210 1210 1214 1214 1214
    1214 1214 1214 1219 1214 1214 1214 1219 1219 1219 1219 1219 1219
    1214 1214 1214 0 0 0 0 1214 1214 1214 1214 1214 1214 1214 1214 1214
    1214 1214 1214 1214 1214 1214 1214 1219 1219 1219 1219 1219 1219
    1214 1214 0 0 0 0 0 1214 1214 1214 1214 1214 1214 1214 1214 1214
    1214 1214 1214 1214 1214 1214 1214 1219 1219 1219 1219 1219 1219
    1214 1214 1214 0 0 0 0 1210 1210 1214 1210 1210 1214 1214 1214 1214
    1214 1214 1214 1214 1214 1214 1214 1219 1219 1219 1214 1214 1214
    1219 1219 1219 0 0 0 0 1210 1210 1214 1210 1210 1214 1214 1214 1214
    1214 1214 1214 1214 1214 1214 1214 1219 1219 1219 1214 1214 1214
    1219 1214 1214 0 0 0 0 1210 1210 1214 1214 1214 1214 1214 1214 1214
    1214 1214 1214 1214 1214 1214 1214 1214 1214 1214 1214 1214 1219
    1219 1214 1214 0 0 0 0 1210 1210 1214 1214 1214 1214 1214 1214 1214
    1214 1214 1214 1214 1214 1214 1214 1214 1214 1214 1219 1219 1219
    1219 1214 1214 0 0 0 0 1214 1214 1214 1214 1214 1214 1214 1214 1214
    1214 1214 1214 1214 1214 1214 1214 1219 1219 1219 1219 1219 1219
    1219 1214 1214 0 0 0 0 1214 1214 1214 1214 1214 1214 1214 1214 1214
    1214 1214 1214 1214 1214 1214 1214 1219 1219 1219 1219 1219 1223
    1219 1219 1219 0 0 0 0 1219 1214 1214 1214 1214 1214 1214 1214 1214
    1214 1214 1214 1214 1214 1214 1214 1219 1219 1219 1219 1219 1223
    1219 1219 0 0 0 0 1232 1219 1214 1214 1210 1210 1210 1214 1214 1214
    1214 1214 1214 1214 1214 1214 1214 1219 1219 1219 1219 1219 1223
    1223 1223 1223 0 0 0 1227 1219 1214 1210 1210 1210 1210 1210 1214
    1214 1214 1214 1214 1214 1214 1214 1214 1214 1214 1219 1219 1219
    1219 1219 1219 1223 0 0 0 1227 1219 1214 1210 1210 1210 1210 1210
    1214 1214 1214 1214 1214 1214 1214 1214 1214 1214 1214 1214 1219
    1219 1219 1214 1214 1223 0 0 0 0 1214 1214 1210 1210 1214 1214 1214
    1214 1214 1214 1214 1214 1214 1214 1214 1214 1214 1214 1214 1219
    1219 1219 1214 1214 1214 0 0 0 0 1214 1214 1210 1210 1214 1214 1214
    1214 1214 1214 1214 1214 1214 1214 1214 1214 1214 1214 1214 1214
    1214 1219 1214 1214 1214 0 0 0 0 1206 1206 1210 1210 1214 1214 1214
    1214 1214 1214 1214 1214 1214 1214 1214 1214 1214 1214 1214 1214
    1214 1219 1219 1219 1227 0 0 0 0 1206 1206 1210 1214 1214 1214 1214
    1214 1214 1214 1214 1214 1214 1214 1214 1214 1214 1214 1214 1214
    1214 1219 1219 1223 1227 0 0 0 0 1210 1210 1214 1214 1214 1214 1214
    1214 1214 1214 1214 1214 1214 1214 1214 1214 1214 1214 1214 1214
    1214 1219 1223 1227 1236 0 0 0 1214 1214 1214 1214 1214 1214 1214
    1214 1214 1214 1214 1214 1214 1214 1214 1214 1214 1214 1214 1214
    1214 1219 1219 1223 1227 1236 0 0 0 1214 1214 1210 1210 1210 1210
    1210 1214 1214 1214 1214 1214 1214 1214 1214 1214 1214 1214 1214
    1219 1219 1219 1223 1223 1227 1227 0 0 0 1214 1214 1210 1210 1210
    1210 1210 1214 1214 1214 1214 1214 1214 1214 1214 1214 1214 1214
    1214 1219 1219 1223 1223 1223 1223 0 0 0 0 1219 1210 1210 1210 1210
    1210 1210 1210 1214 1214 1214 1214 1214 1214 1214 1214 1214 1214
    1214 1219 1219 1223 1223 1223 1223 0 0 0 0 0 1210 1210 1210 1210
    1210 1210 1210 1210 1210 1210 1214 1214 1214 1214 1214 1214 1214
    1214 1219 1219 1223 1223 1214 1214 0 0 0 0 1219 1210 1210 1210 1210
    1210 1210 1210 1210 1210 1210 1214 1214 1214 1214 1214 1214 1214
    1219 1219 1219 1214 1214 1214 1210 1210 0 0 0 1214 1210 1210 1210
    1210 1214 1214 1214 1214 1214 1214 1214 1214 1214 1214 1214 1214
    1219 1223 1223 1223 1214 1214 1214 1210 1210 0 0 0 1214 1210 1210
    1210 1210 1214 1214 1214 1214 1214 1214 1214 1214 1214 1214 1219
    1219 1219 1223 1219 1219 1223 1219 1214 1210 1210 0 0 0 1214 1210
    1210 1210 1214 1214 1214 1214 1214 1214 1214 1214 1214 1214 1214
    1223 1219 1219 1219 1219 1219 1219 1219 1210 1210 0 0 0 0 1210 1210
    1210 1210 1214 1214 1214 1214 1214 1214 1214 1214 1214 1214 1219
    1223 1219 1219 1214 1214 1214 1219 1219 1210 1210 0 0 0 0 1210 1210
    1210 1210 1214 1214 1214 1214 1214 1214 1214 1219 1219 1219 1219
