<?xml version="1.0"?>
<opencv_storage>
<Depth4440 type_id="opencv-matrix">
  <rows>9</rows>
  <cols>19</cols>
  <dt>w</dt>
  <data>
    6622 6497 6497 6497 6497 6497 6497 6497 6497 5374 5374 5291 5291
    5291 5291 5291 5210 5210 5132 6622 6497 6497 6497 6497 6497 5374
    5374 5374 5374 5291 5291 5291 5291 5291 5210 5210 5210 5056 6622
    6497 6497 6497 5210 5210 5210 5291 5291 5291 5291 5291 5291 5291
    5291 5210 5132 5132 5056 5291 5291 5291 5291 5210 5210 5210 5210
    5291 5291 5291 5291 5291 5210 5210 5132 5132 5132 5056 5291 5291
    5291 5291 5210 5210 5210 5210 5291 5291 5291 5291 5210 5132 5132
    5132 5132 5132 5056 5291 5291 5210 5210 5210 5210 5210 5210 5210
    5291 5210 5210 5132 5132 5132 5056 5056 5056 5056 5210 5210 5210
    5210 5210 5210 5210 5132 5132 5291 5210 5210 5132 5132 5132 5056
    5056 5056 5056 5210 5210 5210 5210 5291 5291 5210 5132 5132 5291
    5291 5291 3399 3399 3092 3092 3120 3120 3092 5132 5132 5210 5210
    5291 5291 3300 3300 3300 3365 3365 3399 3399 3433 3092 3092 3120
    3120 3092</data></Depth4440>
</opencv_storage>
