<?xml version="1.0"?>
<opencv_storage>
<Depth9950 type_id="opencv-matrix">
  <rows>56</rows>
  <cols>70</cols>
  <dt>w</dt>
  <data>
    3859 3859 3859 3859 3859 3859 3859 3816 3774 3774 3774 3732 3732
    3732 3732 1680 1663 1705 1705 1705 1713 1713 1705 1705 3614 3614
    3614 3614 3614 3614 3614 3614 3614 3614 3576 3576 3576 3576 3576
    3539 3503 3503 3503 3468 3468 3468 3468 3468 3468 3468 3433 3433
    3433 3433 3433 3399 3365 3365 3365 3365 3333 3333 3333 3333 3333
    3300 3300 3269 3269 3238 3903 3903 3859 3859 3859 3859 3859 3859
    3816 3816 3816 3774 3774 3774 1680 1680 1663 1663 1663 1680 1705
    1705 1705 1705 1713 1713 3614 3614 3614 3614 3614 3614 3614 3614
    3576 3576 3576 3576 3576 3576 3539 3539 3503 3503 3503 3468 3468
    3468 3468 3468 3468 3433 3433 3468 3433 3433 3399 3399 3365 3365
    3365 3333 3333 3333 3333 3333 3333 3300 3300 3269 3903 3903 3859
    3859 3859 3859 3859 3859 3859 3816 3816 3816 3816 3816 1680 1680
    1671 1663 1663 1671 1680 1688 1688 1696 1696 1705 1705 3653 3653
    3614 3614 3653 3614 3614 3614 3614 3576 3576 3576 3576 3539 3539
    3503 3503 3503 3503 3468 3468 3468 3468 3468 3433 3433 3468 3468
    3433 3399 3399 3365 3365 3365 3365 3365 3365 3333 3333 3333 3333
    3300 3300 3903 3903 3859 3859 3859 3859 3859 3859 3859 3859 3859
    3859 3859 1680 1680 1680 1671 1663 1663 1663 1663 1663 1671 1680
    1696 1705 1705 1713 1713 3653 3653 3653 3614 3614 3614 3614 3614
    3614 3614 3576 3576 3539 3503 3503 3503 3503 3468 3468 3468 3468
    3433 3433 3433 3468 3468 3468 3433 3399 3399 3365 3365 3365 3365
    3365 3365 3365 3333 3333 3333 3333 3903 3903 3859 3859 3859 3859
    3859 3859 3859 3859 3859 3859 3859 1680 1680 1671 1663 1663 1655
    1655 1655 1655 1655 1663 1663 1680 1688 1696 1696 1696 1705 3653
    3614 3576 3576 3576 3614 3614 3614 3576 3576 3539 3539 3503 3503
    3503 3468 3468 3468 3468 3433 3433 3433 3503 3503 3468 3433 3399
    3399 3399 3399 3399 3365 3365 3365 3365 3333 3333 3333 3333 3903
    3903 3859 3859 3859 3859 3859 3859 3816 3816 3859 3859 3859 0 1671
    1671 1663 1663 1655 1655 1655 1655 1655 1655 1655 1663 1671 1680
    1680 1680 1688 1696 1705 1713 1713 3576 3614 3614 3614 3614 3576
    3539 3539 3503 3503 3503 3503 3468 3468 3468 3468 3468 3468 3503
    3503 3468 3468 3399 3399 3399 3399 3399 3399 3365 3365 3365 3365
    3333 3333 3333 3903 3903 3859 3859 3859 3859 3859 3859 3816 3816
    3816 3816 1688 1671 1671 1671 1663 1663 1663 1663 1655 1655 1655
    1655 1655 1655 1663 1663 1663 1663 1663 1680 1688 1696 1705 1705
    3614 3614 3614 3614 3576 3576 3539 3503 3503 3503 3503 3503 3468
    3468 3468 3468 3468 3503 3503 3468 3468 3468 3433 3433 3433 3399
    3365 3365 3365 3365 3365 3365 3365 3333 3903 3903 3903 3903 3903
    3859 3859 3859 3859 3859 1731 1731 1688 1688 1680 1680 1671 1671
    1663 1663 1655 1655 1655 1655 1655 1655 1655 1655 1655 1655 1655
    1663 1671 1680 1688 1688 1705 3614 3614 3614 3576 3576 3576 3539
    3539 3503 3503 3503 3468 3468 3468 3468 3503 3503 3503 3503 3468
    3433 3433 3433 3433 3399 3365 3365 3365 3365 3399 3365 3365 3365
    3903 3903 3903 3903 3903 3903 3903 3859 3859 3859 1731 1731 1688
    1680 1680 1680 1671 1671 1663 1663 1655 1655 1655 1655 1655 1655
    1655 1655 1655 1655 1655 1655 1655 1663 1663 1680 1688 1688 1688
    1688 3614 3576 3576 3576 3576 3576 3539 3539 3503 3503 3503 3503
    3503 3503 3503 3503 3468 3433 3433 3433 3433 3399 3399 3365 3365
    3365 3399 3365 3365 3365 3948 3948 3903 3903 3903 3903 3903 3903
    3903 1713 1688 1688 1680 1680 1680 1680 1680 1680 1671 1671 1663
    1655 1655 1655 1655 1655 1655 1655 1655 1655 1655 1655 1655 1655
    1655 1655 1680 1680 1680 1680 1680 3614 3576 3576 3576 3576 3539
    3539 3539 3503 3503 3503 3503 3539 3539 3503 3468 3468 3468 3468
    3468 3433 3433 3399 3399 3399 3365 3365 3365 3365 3994 3948 3903
    3903 3903 3903 3903 3948 3948 1713 1713 1688 1680 1680 1680 1680
    1680 1680 1680 1671 1663 1663 1655 1655 1663 1663 1655 1655 1655
    1655 1647 1647 1647 1647 1647 1647 1655 1663 1671 1671 1671 1680
    3614 3576 3576 3539 3539 3539 3539 3539 3539 3503 3503 3539 3539
    3503 3503 3468 3468 3468 3468 3433 3433 3399 3399 3365 3365 3365
    3365 3365 4041 4041 3994 3994 3948 3948 3903 3903 3903 1705 1688
    1688 1688 1680 1680 1688 1680 1680 1680 1680 1671 1663 1663 1663
    1663 1663 1663 1655 1655 1647 1647 1647 1647 1647 1647 1647 1647
    1647 1647 1655 1655 1663 1671 1680 3576 3539 3539 3539 3576 3576
    3539 3539 3539 3539 3539 3503 3503 3503 3503 3503 3468 3433 3433
    3433 3399 3365 3365 3365 3365 3365 4041 4041 4041 3994 3994 3948
    3903 3903 3903 1705 1688 1688 1688 1688 1688 1688 1688 1680 1680
    1680 1680 1671 1671 1671 1671 1671 1663 1655 1655 1647 1647 1647
    1647 1647 1647 1647 1639 1639 1639 1647 1647 1655 1663 1663 1680
    1680 1680 1688 1688 3576 3539 3539 3539 3539 3539 3539 3503 3503
    3503 3503 3468 3468 3468 3433 3399 3399 3365 3365 3365 3365 4041
    4041 4041 3994 3994 3994 3994 3994 1705 1705 1696 1696 1696 1696
    1696 1688 1688 1680 1680 1680 1680 1680 1680 1680 1671 1671 1663
    1663 1663 1655 1647 1647 1647 1647 1647 1647 1639 1639 1639 1639
    1639 1639 1639 1647 1655 1671 1671 1680 1680 1680 3539 3539 3539
    3539 3539 3539 3539 3503 3468 3468 3468 3468 3468 3468 3433 3399
    3399 3365 3365 3365 4041 4041 4041 4041 4041 4041 4041 4041 1722
    1705 1705 1705 1705 1696 1696 1688 1688 1688 1688 1680 1680 1680
    1680 1680 1671 1671 1671 1663 1663 1655 1655 1655 1655 1655 1647
    1647 1639 1639 1639 1632 1632 1632 1632 1639 1639 1647 1647 1647
    1647 1647 1663 1663 3576 3539 3539 3503 3503 3503 3468 3468 3503
    3503 3503 3468 3468 3433 3433 3433 3399 3399 4041 4041 4041 4041
    4041 4089 4089 1713 1713 1705 1705 1705 1705 1696 1696 1696 1688
    1688 1688 1688 1688 1680 1680 1680 1671 1671 1671 1663 1663 1663
    1655 1655 1655 1655 1647 1647 1647 1647 1639 1632 1632 1632 1632
    1632 1632 1639 1639 1639 1639 1639 1655 1655 1655 1680 1680 3503
    3503 3503 3503 3503 3503 3503 3503 3503 3468 3433 3433 3433 3399
    3399 4041 4041 4041 4041 4041 4041 1713 1713 1705 1705 1696 1696
    1696 1696 1696 1696 1688 1688 1688 1688 1688 1688 1680 1680 1680
    1680 1680 1671 1671 1663 1655 1655 1663 1655 1647 1647 1647 1647
    1647 1639 1632 1632 1632 1632 1632 1632 1632 1632 1632 1632 1639
    1647 1655 1671 1671 1671 1680 3503 3503 3503 3468 3468 3468 3468
    3468 3468 3468 3468 3433 3433 4041 4041 4041 3994 3994 3994 1713
    1713 1705 1705 1696 1696 1696 1696 1696 1696 1688 1688 1688 1688
    1688 1688 1688 1680 1680 1680 1680 1671 1671 1663 1663 1663 1663
    1655 1655 1647 1647 1647 1647 1647 1639 1639 1632 1632 1632 1632
    1624 1624 1624 1624 1632 1632 1639 1655 1663 1663 1671 1671 1671
    1671 3468 3468 3468 3468 3468 3468 3468 3468 3433 3433 4089 4041
    3948 3948 3994 3994 1713 1713 1705 1705 1705 1705 1705 1696 1696
    1696 1696 1696 1688 1688 1688 1688 1688 1680 1680 1680 1680 1671
    1671 1663 1663 1663 1663 1655 1655 1647 1647 1647 1647 1647 1639
    1639 1632 1632 1632 1624 1624 1624 1616 1616 1624 1624 1632 1632
    1639 1647 1655 1663 1663 1663 1663 1663 1663 3468 3468 3468 3468
    3468 3433 3433 4089 4041 3948 3948 3948 1739 1739 1722 1713 1713
    1705 1705 1705 1705 1696 1696 1696 1696 1696 1696 1688 1688 1688
    1688 1688 1680 1680 1680 1671 1671 1663 1663 1663 1655 1655 1655
    1655 1655 1647 1647 1647 1639 1632 1632 1632 1624 1624 1624 1616
    1616 1624 1624 1624 1624 1632 1632 1639 1647 1655 1663 1663 1663
    1663 1671 3468 3468 3468 3468 3433 3433 4041 4041 4041 1785 1776
    1776 1731 1722 1713 1713 1713 1705 1705 1705 1705 1705 1696 1696
    1696 1696 1696 1688 1688 1688 1688 1680 1680 1680 1671 1671 1671
    1671 1663 1655 1655 1655 1655 1655 1655 1655 1647 1647 1639 1632
    1632 1632 1632 1624 1616 1616 1624 1624 1624 1624 1624 1624 1624
    1632 1639 1639 1647 1647 1655 1663 1663 3468 3468 3468 3468 3468
