<?xml version="1.0"?>
<opencv_storage>
<Depth16973 type_id="opencv-matrix">
  <rows>113</rows>
  <cols>80</cols>
  <dt>w</dt>
  <data>
    2241 2226 2226 2212 2212 2198 2184 2184 2170 2170 2170 2156 2156
    2156 2170 964 962 962 959 959 959 959 951 0 1785 1785 1785 1785 1813
    1813 1833 1843 1833 1813 1794 1785 1785 1785 1794 1804 1843 1873
    3064 3037 3010 3010 2984 2958 2958 2958 2933 2933 2908 2908 2883
    2883 2859 2859 2859 2859 2835 2835 2812 2789 2789 2767 2767 2767
    2744 2744 2744 2744 2723 2701 2680 2680 2680 2659 2659 2639 2241
    2226 2226 2212 2212 2212 2212 0 0 0 0 0 959 959 964 964 962 962 959
    956 951 951 951 951 1785 1785 1785 1785 1785 1785 1833 1833 1833
    1813 1794 1785 1776 1776 1785 1804 1804 3064 3064 3037 3010 2984
    2958 2958 2958 2958 2933 2933 2908 2908 2883 2883 2859 2859 2859
    2859 2835 2835 2812 2789 2789 2767 2767 2767 2744 2744 2744 2744
    2723 2701 2680 2680 2680 2659 2659 2639 2241 2241 2226 2212 2212 0 0
    0 0 0 0 0 959 959 959 959 959 962 959 956 951 951 951 951 951 951
    951 951 956 956 954 951 951 951 1785 1785 1776 1776 1785 1785 1785
    1785 3010 3010 3010 2958 2933 2933 2933 2958 2933 2933 2933 2908
    2883 2883 2859 2859 2859 2859 2835 2835 2812 2789 2789 2767 2767
    2767 2744 2744 2744 2744 2723 2723 2680 2680 2680 2659 2659 2639
    2241 2226 2226 2198 2198 0 0 0 0 0 0 0 954 954 954 954 954 956 956
    956 951 951 948 948 951 951 951 951 956 956 954 951 951 951 951 951
    946 943 943 938 0 0 0 951 2958 2958 2933 2933 2933 2933 2933 2933
    2933 2883 2859 2835 2835 2859 2859 2859 2835 2835 2812 2767 2744
    2744 2767 2767 2744 2744 2744 2744 2744 2744 2744 2701 2680 2659
    2659 2639 2241 2226 2226 2198 2198 0 0 0 0 0 0 0 954 951 951 951 951
    954 954 954 951 951 948 948 951 951 951 951 951 951 951 951 951 951
    951 951 946 943 943 938 935 933 933 951 951 951 951 948 2933 2933
    2933 2933 2933 959 959 959 2835 2859 2883 2883 2859 2835 2812 2767
    2744 2701 2701 2723 2701 2701 2723 2744 2767 2767 2701 2701 2680
    2680 2659 2639 2241 2241 2226 2198 2198 0 0 0 0 0 0 954 954 951 951
    951 951 951 954 954 951 951 951 948 948 948 948 948 948 948 948 948
    948 948 948 946 946 943 943 938 935 933 933 943 943 946 946 948 948
    948 951 951 951 959 959 956 956 951 951 951 948 946 946 2744 2744
    2659 2659 2723 2618 2598 2598 2680 2744 2859 2859 2701 2680 2680
    2659 2639 2241 2241 2241 2226 2226 0 0 0 0 0 0 954 954 954 951 951
    951 951 951 951 951 951 948 948 948 948 948 948 948 948 948 948 948
    948 948 946 943 943 943 938 935 933 933 938 943 940 940 943 943 946
    946 946 948 956 962 951 951 951 951 948 948 946 946 946 2659 2659
    2659 2659 2618 2598 2598 2680 962 962 962 2680 2680 2659 2659 2659
    2256 2241 2241 2226 2226 0 0 0 0 0 959 954 954 954 951 951 951 951
    951 951 951 951 948 948 948 948 948 948 948 948 948 948 948 946 946
    943 943 943 943 940 940 940 938 938 940 940 940 940 940 940 940 940
    940 940 938 938 938 938 938 940 938 938 938 938 938 940 943 940 940
    943 943 943 943 943 943 943 2680 2659 2659 2659 2256 2241 2241 2241
    2241 0 0 0 0 0 959 956 956 954 954 954 954 951 951 951 951 951 951
    948 948 948 948 948 948 948 946 946 946 946 946 943 943 943 943 940
    940 940 938 938 938 938 938 938 938 938 938 935 935 938 933 933 938
    933 933 933 933 935 935 935 935 935 938 938 938 935 935 935 935 935
    935 935 938 938 938 2680 2271 2256 2256 2226 2226 0 0 0 0 0 959 956
    956 956 954 954 954 951 951 951 951 951 951 948 948 948 948 948 948
    948 946 946 946 946 946 946 943 943 943 940 940 940 938 938 938 938
    938 938 938 935 935 935 935 935 933 933 935 933 933 930 930 933 933
    933 933 933 933 933 933 933 933 933 933 933 933 933 935 933 933 933
    2271 2271 2256 2226 2226 0 0 0 0 0 959 956 956 956 954 954 954 954
    954 954 951 951 951 951 948 948 948 948 948 948 948 946 946 946 946
    946 946 943 943 943 940 940 940 940 938 938 938 938 938 935 935 935
    935 935 935 935 935 933 933 930 930 930 930 930 930 930 933 933 933
    933 933 930 930 933 930 930 933 930 928 928 2286 2271 2256 2226 2226
    0 0 0 0 0 959 959 956 956 954 954 954 954 954 954 951 951 951 951
    951 951 948 948 948 948 948 946 946 946 946 948 948 946 946 943 940
    940 940 940 938 938 938 938 938 938 935 935 935 935 935 935 935 933
    933 933 933 930 930 930 930 930 933 933 933 933 933 930 930 930 930
    930 930 930 928 928 2286 2271 2256 2226 2226 0 0 0 0 0 959 959 956
    956 954 954 954 954 956 954 954 951 951 951 951 951 948 948 948 948
    948 946 946 946 946 948 948 948 946 943 940 940 940 940 940 940 938
    938 938 938 938 935 935 935 935 935 938 938 938 933 933 930 930 930
    930 930 933 933 933 933 933 933 933 930 930 930 930 930 930 930 2286
    2271 2256 2241 2241 0 0 0 0 0 962 962 959 956 954 954 954 956 956
    956 954 954 954 954 951 951 951 951 951 951 948 948 948 948 948 948
    948 948 946 943 940 940 940 940 940 940 940 938 938 938 938 938 935
    935 935 935 938 938 938 935 933 930 930 930 930 930 935 933 933 933
    933 933 930 930 928 928 930 933 928 925 2286 2286 2271 2271 2271 0 0
    0 0 0 962 962 959 959 956 956 956 956 959 956 956 954 954 954 951
    951 951 951 951 951 951 948 948 948 948 948 948 948 946 943 940 940
    940 943 940 940 940 940 940 938 938 938 935 935 935 935 935 935 938
    935 933 930 930 930 930 933 935 935 933 933 933 933 930 930 928 928
    930 930 928 925 2301 2286 2271 2271 0 0 0 0 0 0 962 962 959 959 959
    959 959 959 959 959 956 956 956 954 951 951 951 951 951 951 951 951
    951 948 948 948 948 946 946 943 943 943 943 943 940 940 940 940 940
    938 938 938 938 935 935 935 935 935 938 935 935 933 933 930 930 933
    933 933 933 933 933 933 933 930 930 930 930 930 928 928 2301 2301
    2271 2271 0 0 0 0 0 0 962 962 959 959 959 959 959 959 959 959 956
    956 956 954 954 951 951 951 951 951 951 951 951 951 948 948 948 946
    946 943 943 946 946 943 940 940 940 940 940 938 938 938 938 938 938
    938 938 938 938 935 935 933 933 930 930 933 933 933 935 933 933 933
    933 930 930 933 933 930 928 928 2317 2301 2286 2286 0 0 0 0 0 962
    962 962 962 959 959 959 959 959 959 959 956 956 956 954 954 954 951
    951 951 951 951 951 951 951 948 948 948 946 946 946 946 946 946 943
    943 943 940 940 940 940 938 938 938 938 938 938 938 938 938 938 933
    933 933 933 933 933 933 933 935 935 935 933 933 933 933 933 933 930
    928 928 2317 2317 2317 0 0 0 0 0 0 962 962 962 962 959 959 959 959
    959 959 959 959 959 956 956 956 954 954 951 951 951 951 951 951 951
    948 948 948 948 948 946 946 946 946 943 943 943 943 940 940 940 938
    938 938 938 938 938 938 938 938 938 933 933 933 933 933 933 935 933
    933 935 935 935 933 933 933 933 930 930 930 930 2333 2333 2333 0 0 0
    0 0 0 959 959 962 962 959 959 962 962 959 959 959 959 959 956 956
    956 954 954 954 951 951 951 951 951 951 948 948 948 948 948 948 946
    946 946 943 943 943 943 943 940 940 940 938 938 940 940 940 938 938
    938 938 933 933 933 933 935 935 935 933 933 935 935 935 933 933 930
    930 930 930 930 930 2333 2333 2333 0 0 0 0 0 0 959 959 962 962 959
    959 959 959 959 959 959 959 959 956 956 956 954 954 954 951 951 951
    951 951 951 951 948 948 948 948 948 948 946 946 946 946 943 943 943
    940 940 940 940 940 940 940 940 938 938 938 938 938 935 935 935 935
    935 938 935 935 935 935 935 933 930 930 930 930 930 930 930 2333
    2333 2333 2333 0 0 0 0 0 962 962 962 962 959 959 959 959 959 959 959
    959 959 956 956 956 954 954 954 954 954 951 951 951 951 951 951 948
    948 948 948 948 948 948 948 946 943 943 943 943 943 940 940 940 940
    940 940 938 938 938 938 938 935 935 935 935 935 938 935 935 935 935
    933 933 930 930 930 930 930 930 930 2333 2333 2317 2317 0 0 0 0 0
    973 964 962 962 959 959 962 962 962 959 959 959 959 956 956 956 956
    956 956 956 956 954 954 951 951 951 951 951 948 948 948 948 948 948
    948 946 943 943 943 943 943 943 940 940 940 940 940 940 940 940 938
