<?xml version="1.0"?>
<opencv_storage>
<Depth16145 type_id="opencv-matrix">
  <rows>9</rows>
  <cols>9</cols>
  <dt>w</dt>
  <data>
    5933 5832 5832 5933 5933 5933 5933 5933 5832 5933 5832 5734 5734
    5832 5832 5832 5832 5832 0 5832 5734 5734 5734 5832 5832 5832 5734 0
    5832 5734 5734 5734 5832 5832 5734 5460 0 5832 5734 5734 5734 5832
    5832 5548 5460 5832 5832 5734 5734 5734 5832 5832 5548 5460 5832
    5832 5734 5734 5832 5832 5832 6146 6146 5832 5832 5832 5832 5933
    5933 5933 5933 5933 0 5933 5933 5933 5933 5933 5933 5933 5933</data></Depth16145>
</opencv_storage>
