<?xml version="1.0"?>
<opencv_storage>
<Depth12308 type_id="opencv-matrix">
  <rows>7</rows>
  <cols>10</cols>
  <dt>w</dt>
  <data>
    5832 5832 5832 5734 5640 5640 5640 5640 5734 5734 5734 5734 5734
    5734 5734 5640 5640 5640 5734 5734 5640 5640 5640 5734 5734 5734
    5734 5734 5734 5734 5640 5548 5548 5548 5548 5548 5548 5640 5734
    5640 5548 5548 5548 5548 5548 5548 5548 5640 5640 5640 5548 5548
    5548 5548 5548 5548 5548 5548 5548 4041 5548 5548 5548 5548 5548
    5548 5548 5548 5548 4041</data></Depth12308>
</opencv_storage>
