<?xml version="1.0"?>
<opencv_storage>
<Depth13241 type_id="opencv-matrix">
  <rows>24</rows>
  <cols>12</cols>
  <dt>w</dt>
  <data>
    4190 4190 4190 4190 4241 4190 4190 4241 4241 4295 4295 4295 4190
    4190 4190 4190 4241 4190 4190 4241 4241 4241 4295 4295 4190 4190
    4190 4190 4190 4190 4190 4241 4241 4241 4295 4295 4190 4190 4190
    4190 4190 4190 4190 4241 4241 4241 4295 4295 4190 4190 4190 4190
    4190 4190 4241 4241 4241 4241 4295 4241 4190 4190 4190 4190 4190
    4190 4190 4190 4241 4241 4241 4241 4190 4190 4190 4190 4190 4190
    4190 4190 4190 4241 4241 4241 4190 4190 4190 4190 4190 4190 4190
    4190 4190 4241 4241 4241 4190 4190 4190 4190 4190 4190 4190 4190
    4190 4241 4241 4241 4139 4190 4190 4190 4190 4190 4190 4190 4190
    4241 4241 4241 4139 4190 4190 4190 4190 4190 4190 4190 4241 4241
    4295 4295 4190 4190 4190 4190 4190 4190 4241 4241 4241 4241 4295
    4295 4190 4190 4190 4190 4139 4139 4190 4241 4241 4241 4295 4295
    4190 4190 4139 4139 4139 4139 4190 4241 4241 4241 4241 4295 4041
    4089 4139 4139 4139 4139 4190 4241 4241 4241 4241 4295 4041 4089
    4139 4139 4139 4139 4190 4190 4241 4241 4241 4295 4089 4139 4139
    4139 4139 4139 4190 4190 4241 4241 4241 4295 4139 4139 4139 4139
    4139 4139 4139 4139 4241 4295 4295 4295 4190 4190 4190 4190 4139
    4139 4139 4139 4241 4295 4295 4295 4190 4190 4190 4139 4139 4089
    4089 4089 4241 4241 4295 4295 4190 4139 4139 4089 4089 4089 4089
    4089 4241 4241 4295 4295 4190 4089 4089 4089 4089 4041 4041 4089
    4241 4295 4295 4295 4190 4041 4041 4041 4041 4041 4041 4089 4241
    4295 4295 4295 6497 4041 4041 4041 3948 3948 3948 7030 7030 4295
    4295 6497</data></Depth13241>
</opencv_storage>
