<?xml version="1.0"?>
<opencv_storage>
<Depth3767 type_id="opencv-matrix">
  <rows>17</rows>
  <cols>35</cols>
  <dt>w</dt>
  <data>
    2212 2226 2226 2226 2226 2212 2212 2226 2226 2226 2226 2226 2226
    2226 2241 2241 2256 2271 2271 2286 2286 2286 2286 2301 2301 2317
    2317 2317 2333 1523 1523 1523 1523 1523 1529 2212 2212 2212 2212
    2212 2212 2212 2212 2226 2226 2226 2226 2241 2241 2256 2241 2241
    2271 2271 2271 2286 2286 2286 2301 2317 2317 2317 2317 2333 2333
    1536 1536 1543 1543 1557 2212 2212 2212 2212 2212 2212 2212 2212
    2226 2226 2226 2226 2241 2241 2256 2241 2241 2271 2271 2271 2286
    2286 2286 2286 2301 2317 2317 2333 2333 2349 1550 1550 1557 1564
    1572 2198 2212 2212 2198 2198 2198 2198 2198 2212 2226 2226 2226
    2241 2241 2256 2256 2256 2271 2271 2271 2286 2286 2286 2286 2301
    2317 2317 2333 2333 2349 1572 1572 1579 1579 1579 2198 2198 2198
    2198 2198 2198 2198 2198 2212 2226 2226 2226 2241 2241 2256 2256
    2256 2271 2271 2271 2271 2286 2286 2286 2286 2301 2317 2333 2333
    2349 2349 1586 1586 1594 1601 2184 2184 2184 2198 2198 2212 2198
    2198 2212 2212 2226 2226 2226 2241 2241 2256 2271 2271 2271 2271
    2271 2286 2286 2286 2286 2301 2317 2333 2333 2333 2333 1624 1624
    1624 1632 2170 2184 2184 2198 2198 2212 2184 2184 2212 2212 2226
    2226 2226 2226 2226 2241 2256 2271 2271 2271 2286 2286 2286 2286
    2286 2301 2317 2317 2333 2333 2333 1632 1632 1639 1647 2170 2170
    2170 2184 2198 2212 2184 2184 2198 2198 2226 2226 2226 2226 2226
    2241 2241 2256 2271 2271 2286 2286 2286 2286 2286 2286 2301 2317
    2317 2317 2317 2365 1671 1671 1671 2170 2170 2170 2170 2198 2212
    2212 2212 2170 2170 2212 2226 2226 2226 2226 2226 2226 2241 2271
    2271 2286 2286 2286 2286 2286 2286 2301 2317 2286 2286 2286 2365
    2365 2365 1713 2170 2170 2170 2170 2198 2198 2184 2184 2170 2170
    2198 2212 2212 2198 2198 2212 2212 2226 2241 2256 2271 2271 2271
    2286 2286 2301 2317 2317 2286 2286 2286 2365 2365 2365 2365 2170
    2170 2184 2184 2198 2198 2184 2184 2170 2170 2184 2198 2212 2198
    2198 2212 2212 2226 2241 2241 2256 2271 2271 2286 2286 2301 2317
    2317 2301 2301 2349 2349 2381 2381 2450 2170 2170 2170 2170 2198
    2184 2184 2184 2184 2184 2184 2198 2212 2212 2212 2226 2226 2226
    2241 2241 2256 2271 2286 2286 2286 2301 2317 2333 2349 2349 2349
    2415 2381 2381 2450 2156 2170 2170 2170 2184 2170 2170 2184 2184
    2184 2198 2212 2226 2226 2226 2241 2241 2241 2241 2241 2301 2286
    2286 2301 2301 2333 2333 2349 2365 2365 2381 2415 2415 2415 2450
    2156 2170 2170 2184 2184 2170 2170 2184 2198 2198 2212 2226 2241
    2256 2256 2271 2256 2256 2241 2241 2301 2301 2317 2301 2301 3468
    2365 2365 2415 2398 2398 2415 2415 2432 3576 2170 2184 2184 2198
    2198 2198 2198 2198 2198 2212 2256 2256 2256 2271 2271 2286 2286
    2286 2286 2317 2365 2349 2317 2301 2301 3433 3433 2450 2450 3433
    3468 3503 3539 3539 3576 2184 2212 2212 2212 2212 2198 2198 2198
    2198 2198 2271 2256 2256 2241 2241 2286 2301 2301 2333 2365 3333
    3365 3365 3365 3399 3399 3433 3433 3433 3433 3468 3503 3576 3576
    3614 2198 2198 2212 2212 2212 2212 2212 2226 2226 2226 3333 2286
    2271 2241 2241 3333 2333 2333 3333 3333 3333 3365 3365 3365 3399
    3399 3433 3468 3503 3503 3539 3539 3576 3576 3614</data></Depth3767>
</opencv_storage>
