<?xml version="1.0"?>
<opencv_storage>
<Depth5533 type_id="opencv-matrix">
  <rows>57</rows>
  <cols>41</cols>
  <dt>w</dt>
  <data>
    1722 1722 1722 1713 1713 1705 1705 1705 1705 1696 1696 1688 1688
    1696 1696 1696 1688 1688 1696 1696 1696 1696 1696 1696 1696 1696
    1688 1688 1671 1671 1663 1663 1663 1671 1680 1680 1680 1671 1671
    1671 4241 1722 1713 1713 1705 1705 1705 1705 1705 1696 1696 1696
    1696 1696 1696 1696 1696 1688 1688 1696 1696 1696 1696 1696 1696
    1696 1696 1688 1680 1671 1671 1671 1680 1671 1671 1680 1680 1671
    1671 1663 1663 1663 1722 1713 1705 1696 1696 1696 1696 1696 1696
    1696 1696 1696 1696 1696 1696 1696 1688 1688 1696 1696 1696 1696
    1696 1696 1696 1696 1688 1680 1671 1671 1671 1680 1680 1680 1671
    1671 1671 1671 1663 1663 1663 1713 1713 1705 1696 1696 1696 1696
    1696 1696 1696 1696 1696 1696 1696 1696 1696 1696 1696 1696 1696
    1696 1688 1688 1688 1696 1696 1688 1680 1680 1671 1671 1680 1680
    1680 1671 1671 1671 1663 1663 1663 1663 1713 1713 1705 1696 1696
    1705 1696 1696 1696 1696 1696 1696 1696 1696 1696 1696 1696 1696
    1696 1696 1688 1688 1688 1688 1688 1688 1688 1680 1680 1671 1671
    1680 1671 1671 1671 1671 1671 1663 1655 1655 1655 1713 1713 1705
    1696 1696 1696 1696 1696 1696 1696 1696 1696 1696 1688 1688 1688
    1696 1696 1696 1688 1688 1680 1680 1680 1688 1688 1688 1680 1680
    1680 1680 1680 1671 1671 1671 1671 1671 1663 1647 1647 1647 1713
    1713 1705 1705 1696 1696 1696 1688 1688 1688 1696 1696 1688 1688
    1688 1688 1696 1696 1696 1688 1688 1680 1680 1680 1680 1680 1680
    1680 1680 1680 1680 1680 1671 1671 1671 1671 1671 1663 1647 1647
    1647 1680 1705 1705 1696 1696 1696 1696 1688 1688 1688 1688 1688
    1688 1688 1688 1688 1688 1688 1688 1688 1688 1680 1680 1680 1680
    1680 1680 1680 1680 1680 1671 1671 1671 1671 1671 1671 1663 1663
    1647 1647 1647 1680 1680 1696 1696 1696 1696 1696 1688 1688 1688
    1688 1688 1688 1688 1688 1688 1688 1688 1688 1688 1688 1680 1680
    1680 1680 1680 1680 1680 1680 1680 1671 1671 1671 1671 1671 1671
    1663 1663 1663 1663 1663 1680 1680 1696 1696 1696 1696 1696 1688
    1688 1688 1688 1688 1688 1688 1688 1688 1696 1696 1688 1688 1688
    1680 1680 1680 1680 1680 1680 1680 1680 1671 1671 1671 1671 1671
    1663 1663 1663 1655 1655 1663 1663 1688 1688 1696 1696 1688 1688
    1696 1688 1688 1688 1688 1688 1688 1688 1688 1688 1688 1688 1688
    1688 1688 1680 1680 1680 1680 1680 1680 1680 1671 1671 1671 1671
    1671 1671 1663 1663 1663 1655 1655 1663 1663 1688 1688 1696 1696
    1688 1688 1688 1688 1688 1688 1688 1688 1688 1688 1688 1688 1688
    1688 1688 1688 1688 1680 1680 1680 1680 1680 1671 1671 1671 1671
    1671 1671 1671 1663 1663 1663 1663 1663 1663 1663 1663 1680 1680
    1696 1696 1688 1688 1688 1688 1688 1688 1688 1688 1688 1688 1688
    1688 1688 1688 1688 1680 1680 1671 1671 1671 1671 1680 1671 1671
    1671 1671 1671 1671 1671 1663 1663 1663 1663 1663 1663 1663 1663
    1680 1680 1688 1688 1688 1688 1688 1688 1688 1688 1688 1688 1688
    1688 1688 1688 1688 1688 1688 1680 1680 1671 1671 1671 1671 1680
    1671 1671 1671 1671 1671 1671 1671 1663 1663 1663 1663 1663 1663
    1663 4241 1680 1680 1688 1688 1688 1688 1688 1688 1688 1688 1688
    1688 1688 1688 1688 1688 1688 1688 1688 1680 1680 1671 1671 1680
    1671 1671 1671 1671 1671 1671 1671 1663 1663 1663 1663 1663 1663
    1663 1663 1663 4190 1688 1688 1688 1688 1688 1688 1688 1688 1688
    1688 1688 1688 1688 1680 1680 1671 1671 1680 1680 1680 1680 1671
    1671 1671 1671 1671 1671 1671 1671 1671 1671 1663 1663 1663 1663
    1663 1663 1663 1663 1663 1663 1688 1688 1688 1688 1688 1688 1688
    1688 1688 1688 1688 1688 1688 1680 1671 1671 1671 1671 1671 1671
    1671 1671 1671 1671 1671 1671 1671 1671 1671 1663 1663 1663 1663
    1663 1663 1663 1663 1663 1663 1663 1663 1688 1688 1688 1688 1688
    1688 1688 1696 1688 1688 1688 1680 1680 1671 1671 1671 1671 1671
    1671 1671 1671 1671 1671 1671 1671 1671 1671 1663 1663 1663 1663
    1663 1663 1663 1663 1663 1663 1663 1663 1671 1671 1688 1688 1688
    1688 1688 1688 1696 1696 1688 1688 1688 1680 1680 1671 1671 1671
    1671 1680 1671 1671 1671 1671 1671 1671 1671 1671 1671 1663 1663
    1663 1663 1663 1663 1663 1663 1663 1663 1655 1655 1663 1663 1696
    1688 1688 1688 1688 1688 1688 1688 1688 1688 1680 1680 1680 1671
    1671 1671 1671 1680 1671 1671 1671 1671 1671 1671 1671 1671 1671
    1671 1671 1663 1663 1663 1663 1663 1655 1655 1655 1647 1647 1647
    1647 1688 1688 1688 1688 1688 1688 1688 1688 1688 1680 1680 1671
    1671 1671 1671 1671 1671 1680 1671 1671 1671 1671 1671 1671 1671
    1671 1671 1663 1663 1663 1663 1663 1663 1655 1655 1655 1647 1647
    1647 1647 1647 1688 1688 1688 1688 1688 1688 1688 1688 1688 1680
    1680 1671 1671 1671 1671 1671 1671 1680 1671 1671 1671 1671 1671
    1671 1663 1663 1663 1663 1663 1663 1663 1663 1663 1655 1655 1655
    1647 1647 1647 1647 1647 1688 1688 1688 1688 1688 1688 1688 1680
    1680 1680 1671 1671 1671 1663 1663 1671 1671 1680 1671 1671 1671
    1671 1671 1663 1663 1663 1663 1663 1663 1663 1663 1663 1655 1655
    1655 1655 1647 1647 1655 1663 1663 1688 1688 1688 1688 1688 1688
    1680 1680 1680 1680 1671 1671 1671 1663 1663 1671 1671 1671 1671
    1671 1671 1671 1671 1663 1663 1663 1663 1663 1663 1663 1663 1663
    1655 1655 1655 1655 1655 1655 1655 1663 1663 1680 1680 1688 1688
    1680 1680 1680 1680 1680 1680 1680 1671 1671 1663 1663 1663 1671
    1671 1671 1671 1671 1663 1663 1663 1663 1663 1663 1663 1663 1663
    1663 1663 1655 1655 1655 1655 1655 1655 1655 1663 1663 1680 1680
    1688 1688 1680 1680 1671 1671 1671 1671 1680 1671 1663 1663 1663
    1663 1663 1671 1671 1663 1663 1663 1663 1663 1663 1663 1663 1663
    1663 1663 1663 1663 1663 1655 1655 1655 1655 1655 1655 1655 1655
    1680 1680 1688 1680 1680 1680 1671 1671 1671 1671 1671 1671 1663
    1663 1663 1663 1663 1671 1671 1663 1663 1663 1663 1663 1663 1663
    1663 1663 1663 1655 1655 1655 1663 1655 1655 1655 1655 1655 1647
    1647 1671 1680 1680 1680 1680 1680 1671 1671 1671 1671 1671 1671
    1671 1663 1663 1663 1663 1663 1663 1663 1663 1663 1663 1663 1663
    1663 1663 1663 1655 1655 1655 1655 1655 1655 1655 1655 1655 1655
    1647 1647 1647 1671 1688 1688 1680 1680 1680 1671 1671 1671 1663
    1663 1671 1671 1663 1663 1663 1663 1663 1663 1663 1663 1663 1663
    1655 1655 1655 1655 1655 1655 1655 1655 1655 1655 1655 1655 1655
    1647 1647 1647 1639 1639 1639 1688 1688 1680 1671 1671 1671 1671
    1671 1663 1663 1671 1671 1663 1663 1663 1663 1663 1663 1663 1663
    1663 1663 1655 1655 1655 1655 1655 1655 1647 1647 1655 1655 1655
    1647 1647 1647 1647 1647 1639 1639 1639 1688 1688 1680 1671 1671
    1663 1663 1663 1663 1663 1663 1663 1663 1663 1663 1663 1663 1663
    1663 1663 1663 1663 1655 1655 1647 1647 1655 1655 1647 1647 1655
    1655 1655 1647 1647 1647 1647 1639 1639 1639 1639 1680 1680 1671
    1671 1663 1663 1663 1663 1663 1663 1663 1663 1663 1663 1663 1663
    1663 1663 1663 1663 1663 1655 1655 1655 1647 1647 1655 1655 1655
    1655 1655 1655 1655 1647 1639 1639 1639 1639 1639 1639 1639 1663
    1663 1671 1671 1663 1663 1663 1663 1663 1663 1663 1663 1663 1663
    1663 1655 1655 1663 1663 1663 1663 1655 1655 1655 1655 1655 1655
    1655 1647 1647 1655 1647 1647 1639 1639 1639 1639 1639 1639 1639
    1639 1663 1663 1663 1671 1663 1663 1663 1663 1663 1655 1655 1663
    1663 1663 1655 1655 1655 1663 1663 1663 1663 1655 1655 1647 1647
    1655 1655 1647 1647 1647 1647 1647 1639 1639 1639 1639 1639 1639
    1639 1639 1639 1655 1655 1663 1663 1663 1663 1663 1663 1663 1655
    1655 1663 1655 1655 1655 1655 1655 1663 1663 1663 1655 1655 1655
    1647 1647 1647 1647 1647 1647 1647 1647 1647 1639 1639 1639 1639
    1639 1639 1639 1639 1639 1655 1655 1663 1663 1663 1663 1663 1663
    1663 1663 1663 1655 1655 1655 1655 1647 1647 1655 1655 1655 1655
    1655 1647 1647 1647 1647 1647 1647 1639 1639 1639 1639 1639 1647
    1639 1639 1639 1639 1639 1639 1639 1655 1655 1663 1663 1663 1663
