<?xml version="1.0"?>
<opencv_storage>
<Depth14109 type_id="opencv-matrix">
  <rows>28</rows>
  <cols>28</cols>
  <dt>w</dt>
  <data>
    6259 6259 2212 2212 2226 2226 2226 2226 2226 2226 2226 2212 2212
    2198 2198 2198 2198 2349 2349 2349 2317 2301 2301 2333 2349 2349
    6889 6622 6259 6259 2212 2212 2226 2226 2226 2212 2212 2212 2212
    2212 2212 2198 2198 2184 2184 2212 2256 2271 2271 2286 2286 2317
    2349 2349 2349 6622 6259 6259 2226 2226 2226 2226 2226 2212 2212
    2212 2212 2212 2198 2198 2184 2184 2184 2212 2226 2241 2256 2286
    2286 2301 2333 2333 2349 2349 6259 6259 2226 2226 2226 2226 2226
    2212 2212 2212 2212 2198 2198 2184 2184 2184 2198 2212 2226 2241
    2256 2286 2286 2301 2333 2333 2349 2349 6259 6259 2226 2226 2226
    2212 2212 2212 2212 2212 2212 2198 2184 2184 2184 2184 2198 2212
    2226 2241 2256 2286 2286 2301 2333 2333 2349 2349 6038 6038 2226
    2226 2226 2212 2212 2212 2212 2212 2212 2198 2184 2184 2184 2198
    2212 2212 2226 2241 2256 2286 2286 2317 2333 2349 2349 2349 6038
    2226 2226 2226 2212 2212 2212 2212 2212 2212 2212 2198 2184 2184
    2184 2198 2212 2212 2226 2241 2256 2286 2286 2317 2333 2349 2333
    2333 6146 2226 2226 2212 2212 2212 2212 2212 2212 2212 2198 2198
    2184 2184 2184 2198 2212 2212 2226 2241 2256 2286 2286 2317 2333
    2349 2333 2333 6146 2212 2212 2212 2212 2212 2212 2198 2198 2198
    2198 2198 2184 2184 2198 2198 2212 2212 2226 2226 2271 2286 2286
    2286 2333 2333 2333 2333 6259 2212 2212 2212 2212 2212 2198 2184
    2184 2184 2184 2184 2184 2184 2184 2198 2212 2212 2226 2226 2271
    2271 2286 2286 2317 2333 2333 2333 6259 2212 2212 2212 2212 2212
    2198 2184 2184 2170 2170 2170 2170 2184 2184 2198 2198 2212 2212
    2226 2271 2271 2286 2286 2317 2349 2333 2333 6375 2226 2226 2212
    2212 2212 2198 2184 2184 2170 2170 2170 2170 2170 2170 2184 2184
    2198 2212 2226 2271 2286 2286 2301 2333 2349 2333 2333 2241 2226
    2212 2212 2212 2212 2198 2198 2184 2170 2170 2170 2170 2170 2170
    2184 2184 2198 2212 2226 2271 2286 2286 2301 2333 2333 2333 2333
    2241 2226 2212 2212 2212 2212 2198 2198 2170 2170 2170 2170 2170
    2170 2170 2170 2184 2184 2198 2256 2271 2286 2286 2301 2333 2333
    2333 2333 6259 2212 2198 2198 2198 2198 2198 2184 2170 2170 2170
    2170 2156 2156 2170 2170 2184 2184 2198 2256 2271 2271 2286 2301
    2333 2333 2333 2333 6038 2212 2198 2198 2198 2198 2184 2184 2170
    2170 2170 2170 2156 2156 2170 2170 2184 2184 2212 2241 2256 2271
    2286 2286 2317 2333 2333 2333 6038 2198 2198 2198 2198 2198 2184
    2184 2170 2170 2170 2170 2170 2156 2156 2170 2170 2184 2212 2226
    2256 2271 2286 2286 2317 2333 2333 2333 2198 2198 2198 2198 2198
    2184 2170 2170 2170 2170 2170 2170 2156 2156 2156 2170 2170 2184
    2212 2226 2256 2271 2286 2301 2317 2333 2333 2333 2198 2198 2198
    2198 2184 2170 2170 2170 2170 2170 2170 2170 2156 2156 2156 2170
    2184 2198 2212 2226 2241 2271 2286 2301 2317 2333 2349 2349 2198
    2198 2198 2198 2184 2170 2170 2170 2156 2156 2156 2156 2156 2156
    2156 2170 2184 2198 2212 2226 2241 2271 2286 2301 2317 2317 2333
    2333 2198 2198 2198 2198 2184 2170 2170 2170 2156 2156 2156 2156
    2156 2156 2156 2170 2184 2198 2212 2226 2241 2256 2271 2301 2317
    2317 2317 2317 2198 2198 2184 2184 2184 2170 2170 2156 2156 2156
    2156 2156 2156 2156 2156 2170 2170 2184 2212 2226 2241 2256 2271
    2286 2301 2286 2286 2286 2170 2184 2184 2184 2170 2170 2170 2156
    2156 2156 2156 2156 2156 2156 2156 2170 2170 2184 2212 2226 2241
    2256 2271 2286 2301 2286 2286 2286 2170 2184 2184 2170 2170 2170
    2156 2156 2156 2156 2143 2143 2143 2143 2156 2170 2170 2198 2212
    2226 2241 2271 2271 2286 2301 2286 2286 2286 2184 2184 2170 2170
    2170 2156 2156 2156 2156 2156 2143 2143 2143 2143 2156 2170 2170
    2184 2212 2226 2256 2271 2286 2286 2301 2301 2301 2301 2170 2170
    2170 2170 2156 2156 2156 2156 2156 2156 2143 2143 2143 2143 2156
    2170 2170 2184 2212 2226 2241 2271 2286 2286 2301 2301 2317 2317
    2170 2170 2170 2170 2156 2156 2156 2156 2143 2143 2143 2143 2129
    2129 2156 2170 2170 2184 2212 2226 2241 2256 2271 2286 2286 2286
    2317 2317 2170 2170 2170 2170 2156 2156 2156 2156 2143 2143 2143
    2143 2129 2129 2156 2156 2170 2170 2198 2226 2241 2256 2271 2286
    2286 2286 2317 6375</data></Depth14109>
</opencv_storage>
