<?xml version="1.0"?>
<opencv_storage>
<Depth4626 type_id="opencv-matrix">
  <rows>40</rows>
  <cols>31</cols>
  <dt>w</dt>
  <data>
    4190 4190 4190 4190 4241 4241 4241 4241 4241 4241 4241 4241 4295
    1981 1970 1959 1947 1947 1947 4405 4349 4295 4295 4295 4295 4295
    4295 4349 4349 4349 4349 4190 4190 4190 4190 4241 1981 1981 1981
    1959 1947 1947 1981 1981 1981 1970 1959 1947 1947 1959 4405 4349
    4295 4295 4295 4295 4295 4295 4295 4349 4349 4349 4241 4241 2016
    1981 1981 1970 1970 1970 1959 1947 1947 1970 1970 1970 1959 1959
    1947 1947 1959 1970 4349 4295 4295 4295 4295 4295 4295 4295 4349
    4349 4349 4241 4295 2016 1981 1970 1970 1959 1959 1959 1959 1959
    1970 1959 1959 1959 1959 1947 1947 1959 1959 1959 4295 4295 4295
    4295 4295 4295 4295 4349 4349 4349 4241 4295 2028 1970 1970 1959
    1947 1947 1947 1959 1959 1959 1959 1947 1947 1947 1936 1936 1947
    1947 1947 4295 4295 4295 4295 4295 4295 4349 4349 4349 4349 2129
    2116 2016 1970 1970 1959 1947 1947 1936 1936 1947 1947 1947 1947
    1947 1947 1936 1936 1947 1947 1947 1947 4295 4295 4295 4295 4349
    4349 4349 4349 4295 2116 2078 2016 1981 1970 1959 1947 1936 1936
    1936 1936 1936 1947 1947 1947 1936 1936 1936 1947 1947 1947 1947
    4295 4295 4295 4295 4295 4349 4349 4349 4295 2103 2078 2040 2005
    1981 1947 1936 1936 1936 1936 1936 1936 1936 1936 1936 1936 1936
    1936 1947 1947 1947 1947 4295 4295 4295 4295 4295 4295 4295 4295
    4295 2103 2078 2040 2016 1981 1947 1936 1936 1936 1936 1936 1936
    1936 1936 1936 1936 1936 1936 1936 1936 1936 1936 4295 4241 4241
    4241 4241 4241 4295 4295 4295 2103 2078 2053 2028 1993 1959 1947
    1936 1936 1936 1936 1936 1936 1936 1936 1936 1936 1936 1936 1936
    1936 1936 1936 4241 4241 4241 4241 4241 4241 4295 4295 2116 2078
    2053 2028 2005 1970 1947 1936 1936 1936 1936 1936 1936 1936 1936
    1936 1936 1936 1936 1936 1936 1936 1947 4241 4241 4241 4241 4241
    4241 4241 4241 2116 2078 2065 2040 2016 1970 1947 1936 1936 1936
    1936 1936 1936 1936 1936 1936 1936 1936 1936 1936 1936 1936 1947
    1947 4241 4241 4241 4241 4241 4241 4241 2116 2078 2065 2040 2016
    1981 1959 1947 1936 1926 1926 1926 1936 1936 1936 1926 1926 1926
    1926 1926 1936 1936 1947 1947 4241 4241 4241 4241 4241 4241 4241
    2116 2090 2078 2040 2016 1993 1970 1947 1936 1926 1926 1926 1936
    1936 1936 1926 1926 1926 1926 1926 1936 1936 1947 1947 4241 4241
    4241 4241 4241 4241 4241 2116 2103 2078 2040 2016 1993 1970 1947
    1936 1926 1926 1936 1936 1936 1926 1926 1926 1926 1926 1926 1936
    1936 1947 1947 4241 4241 4241 4241 4241 4241 4241 2103 2103 2078
    2040 2016 2005 1981 1959 1936 1926 1926 1926 1926 1926 1926 1926
    1926 1926 1926 1926 1936 1936 1936 1936 1936 4241 4241 4241 4241
    4241 4241 2116 2116 2090 2053 2028 2005 1981 1959 1936 1926 1926
    1926 1926 1926 1926 1926 1926 1926 1936 1936 1936 1936 1936 1936
    1936 4241 4241 4241 4241 4241 4241 4139 2116 2090 2065 2028 2016
    1993 1970 1947 1926 1926 1926 1926 1926 1926 1926 1926 1926 1926
    1926 1926 1936 1936 1936 1936 4241 4241 4241 4241 4241 4241 4139
    4139 2103 2065 2040 2016 1993 1970 1947 1926 1926 1915 1915 1926
    1926 1926 1926 1926 1926 1926 1926 1926 1926 1936 1936 1936 4241
    4241 4241 4241 4241 4139 4139 2103 2078 2053 2028 2005 1981 1947
    1926 1926 1915 1915 1926 1915 1915 1926 1926 1926 1926 1926 1926
    1926 1926 1926 1936 4241 4241 4241 4241 4241 4139 2090 2090 2090
    2065 2040 2005 1981 1959 1926 1926 1915 1915 1915 1915 1915 1926
    1926 1926 1926 1926 1926 1926 1926 1926 1926 1926 4241 4241 4241
    4241 4139 2090 2090 2103 2090 2053 2005 1981 1959 1926 1926 1915
    1915 1915 1915 1915 1926 1926 1926 1926 1926 1926 1926 1926 1926
    1926 1926 4241 4241 4241 4190 4089 2090 2090 2103 2103 2065 2028
    1981 1959 1936 1915 1915 1915 1915 1915 1915 1926 1926 1926 1926
    1926 1926 1926 1915 1915 1926 1926 4241 4241 4190 4190 4089 4089
    2116 2078 2078 2065 2028 1993 1959 1936 1915 1915 1904 1904 1904
    1915 1915 1915 1915 1915 1915 1915 1926 1915 1915 1915 1915 1915
    4241 4190 4190 4089 4041 4041 2065 2065 2065 2028 2016 1947 1936
    1915 1904 1904 1904 1904 1915 1915 1904 1904 1915 1915 1915 1915
    1915 1915 1915 1915 1915 4190 4190 4190 4089 4041 4041 2065 2065
    2065 2040 2016 1947 1936 1915 1904 1904 1904 1915 1915 1904 1904
    1904 1904 1904 1904 1915 1915 1915 1904 1894 1894 4190 4190 4190
    4089 4089 4041 4041 4041 2065 2040 2028 1970 1936 1926 1915 1904
    1904 1915 1904 1904 1904 1904 1904 1904 1904 1904 1904 1904 1894
    1894 1894 4139 4139 4190 4089 4089 4089 4089 2103 2078 2053 2028
    1970 1936 1926 1915 1915 1915 1915 1904 1904 1904 1904 1904 1904
    1904 1904 1904 1904 1894 1894 1894 4139 4139 4139 4139 4089 4089
    4139 2103 2090 2065 2053 1981 1947 1936 1926 1915 1904 1904 1894
    1894 1894 1894 1894 1894 1894 1894 1894 1894 1894 1894 1894 1894
    4139 4139 4139 4089 4089 4089 2116 2090 2078 2065 2040 1959 1936
    1926 1915 1904 1904 1894 1894 1894 1894 1894 1894 1894 1894 1894
    1894 1894 1894 1894 1883 1883 4190 4089 4089 4041 4041 2116 2090
    2078 2065 2040 1959 1936 1926 1915 1894 1894 1894 1894 1894 1894
    1894 1894 1894 1894 1894 1894 1894 1894 1894 1883 1883 1883 4089
    4041 4041 3994 2116 2090 2078 2065 2040 1981 1936 1926 1915 1894
    1894 1894 1894 1894 1894 1894 1894 1894 1894 1894 1894 1894 1894
    1894 1883 1883 4139 4041 4041 3994 3948 3948 2090 2078 2065 2040
    1981 1947 1926 1915 1894 1894 1894 1894 1894 1894 1894 1894 1894
    1894 1894 1894 1894 1894 1894 1894 1894 4139 4041 4041 3994 3948
    3948 3948 2078 2065 2053 1981 1959 1936 1915 1894 1894 1894 1883
    1883 1883 1883 1894 1894 1894 1894 1894 1894 1894 1894 1894 1894
    4190 4041 4041 4041 3994 3994 3994 2090 2078 2065 2040 1959 1936
    1915 1904 1894 1894 1883 1883 1883 1883 1883 1894 1894 1894 1883
    1883 1894 1894 1894 1894 1894 4041 4041 4041 3994 3994 4041 2090
    2078 2078 2053 1947 1936 1915 1904 1894 1894 1883 1883 1883 1883
    1883 1894 1894 1894 1883 1883 1894 1894 1883 1883 1883 4041 4041
    4041 4041 4041 4041 2090 2078 2078 2065 1947 1936 1926 1904 1894
    1883 1883 1883 1883 1883 1883 1883 1883 1883 1883 1883 1894 1894
    1883 1883 1883 4041 4041 4041 4041 4041 4041 2103 2078 2065 2065
    2053 1936 1926 1904 1894 1883 1883 1883 1883 1883 1883 1883 1883
    1883 1883 1883 1894 1883 1883 1883 1883 4041 3994 3994 4041 4041
    4041 3994 2078 2065 2053 2053 1936 1926 1904 1894 1883 1883 1883
    1883 1883 1883 1883 1883 1883 1883 1883 1883 1883 1883 1883 1883
    4041 3994 3994 3994 3994 3994 3994 2078 2065 2053 2016 1970 1936
    1915 1904 1883 1883 1883 1883 1883 1883 1883 1883 1883 1883 1883
    1883 1883 1873 1873 1873</data></Depth4626>
</opencv_storage>
