<?xml version="1.0"?>
<opencv_storage>
<Depth4032 type_id="opencv-matrix">
  <rows>137</rows>
  <cols>136</cols>
  <dt>w</dt>
  <data>
    7332 7492 7332 7332 7332 7332 7332 7178 7178 7178 7178 7332 7332
    7332 7332 7178 7030 7030 7030 7030 7030 7030 7030 7030 6889 6889
    6889 6889 6889 7030 7030 7030 7030 7030 7030 7030 6889 6889 6889
    6889 6889 6889 6889 6889 6889 6889 6889 6889 0 0 0 0 0 0 0 0 0 0 0 0
    0 0 0 6753 6622 6622 6622 6497 6497 6497 6497 6497 615 615 616 619
    622 622 622 638 0 0 0 0 0 0 0 0 0 0 0 0 6375 6375 6375 6375 6259
    6259 6259 6259 6259 6259 6146 6146 6146 6146 6146 6259 6146 6146
    6146 6038 6038 6038 6038 6038 6038 6038 5933 5933 5933 5933 5933
    5933 5933 5933 5933 5832 5832 5832 5832 5832 5734 5734 5640 5640
    7332 7492 7492 7332 7332 7332 7332 7178 7178 7332 7332 7332 7332
    7178 7178 7178 7030 7030 6889 6889 7030 7030 7030 7030 7030 6889
    6889 6889 6889 7030 7030 7030 6889 6889 6889 6889 6889 6889 6889
    6889 6889 6889 6889 6889 6889 6889 6889 0 0 0 0 0 0 0 0 0 0 0 0 0 0
    0 0 6753 6753 6622 6622 6497 6497 6622 6622 614 614 614 616 619 622
    622 638 638 640 0 0 0 0 0 0 0 0 0 0 0 0 6259 6259 6375 6375 6375
    6375 6375 6259 6259 6146 6146 6146 6146 6146 6259 6146 6146 6146
    6038 6038 6038 6038 6038 6038 6038 5933 5933 5933 5933 5933 5933
    5933 5933 5933 5832 5734 5734 5734 5832 5832 5832 5734 5734 7332
    7492 7492 7332 7332 7332 7332 7332 7332 7332 7332 7332 7332 7178
    7178 7178 7030 7030 6889 6889 7030 7030 7030 7030 7030 7030 7030
    6889 6889 7030 7030 7030 6889 6889 6889 6889 6889 6889 6889 6889
    6889 6889 6889 6889 6889 6889 0 0 0 0 0 0 0 0 0 0 0 0 0 0 0 0 0 0 0
    6622 6622 6497 6497 6497 6497 614 614 614 614 621 622 623 637 638
    638 642 0 0 0 0 0 0 0 0 0 0 0 6259 6259 6375 6375 6375 6375 6375
    6375 6259 6259 6146 6146 6146 6146 6146 6146 6146 6146 6038 6038
    6038 6038 6038 6038 6038 5933 5933 5933 5933 5933 5933 5933 5933
    5832 5832 5734 5734 5734 5832 5832 5832 5832 5734 7332 7332 7332
    7332 7332 7332 7332 7332 7332 7332 7332 7178 7178 7178 7178 7178
    7030 7030 7030 7030 7178 7178 7030 7030 6889 6889 6889 6889 6889
    7030 7178 7030 6889 6889 6889 6889 6889 6889 6889 6889 6889 6889
    6889 0 0 0 0 0 0 0 0 0 0 0 0 0 0 0 0 0 0 0 0 0 0 0 0 0 0 0 614 614
    614 612 612 622 622 635 637 637 638 642 644 0 0 0 0 0 0 0 0 0 0 0
    6375 6375 6375 6375 6259 6259 6375 6259 6259 6259 6146 6146 6146
    6146 6146 6146 6146 6038 6038 6038 6038 6038 6038 6038 5933 5933
    5933 5933 5933 5933 5933 5832 5832 5832 5734 5734 5734 5832 5832
    5832 5832 5832 7332 7332 7332 7332 7332 7332 7332 7332 7332 7332
    7332 7178 7178 7178 7178 7178 7030 7030 7030 7030 7030 7030 7030
    7030 6889 6889 6889 6753 6753 6889 7178 7332 7332 6889 6889 6889
    6889 6889 6889 6889 6889 6889 6889 0 0 0 0 0 0 0 0 0 0 0 0 0 0 0 0 0
    0 0 0 0 0 0 0 0 0 0 614 614 613 611 611 612 613 614 637 637 640 642
    644 647 0 0 0 0 0 0 0 0 0 0 6375 6375 6375 6375 6259 6259 6375 6259
    6259 6259 6146 6146 6146 6146 6146 6146 6146 6146 6038 6038 6038
    6038 6038 6038 5933 5933 5933 5933 6038 5832 5832 5832 5832 5832
    5832 5832 5832 5832 5734 5734 5832 5933 7332 7332 7332 7332 7332
    7332 7332 7332 7332 7332 7332 7332 7332 7178 7178 7178 7030 7030
    7030 7030 7030 7030 7030 7030 6889 6889 6889 6753 6753 6889 7030
    7030 6889 6889 6889 6889 6889 6889 6889 6889 6889 6889 6889 0 0 0 0
    0 0 0 0 0 0 0 0 0 0 0 0 0 0 0 0 0 0 0 0 0 0 0 613 613 613 611 611
    612 613 614 636 637 640 644 646 647 650 0 0 0 0 0 0 0 0 0 6375 6375
    6375 6375 6375 6259 6259 6259 6259 6259 6259 6259 6259 6259 6259
    6146 6146 6146 6038 6038 6038 6038 6038 6038 5933 5933 5933 5933
    5933 5832 5832 5832 5832 5933 5933 5933 5933 5832 5734 5734 5832
    5933 7492 7332 7332 7332 7332 7332 7332 7332 7332 7332 7332 7332
    7332 7332 7178 7178 7030 7030 7030 7030 7030 7030 7030 7030 6889
    6889 6753 6753 6753 7030 7030 7030 7030 7030 7030 6889 6889 6889
    6889 6889 6889 0 0 0 0 0 0 0 0 0 0 0 0 0 0 0 0 0 0 0 0 0 0 0 0 0 0 0
    0 0 613 613 613 612 612 613 613 614 636 637 642 646 647 648 649 652
    0 0 0 0 0 0 0 0 6375 6375 6375 6375 6375 6259 6259 6259 6259 6259
    6259 6259 6259 6259 6259 6259 6146 6038 6038 6038 6038 6038 6038
    6038 5933 5933 5933 5933 5933 5933 5933 5933 5933 5933 5933 5933
    5933 5832 5832 4842 4842 4842 7492 7332 7332 7332 7332 7332 7332
    7332 7332 7332 7332 7332 7332 7332 7178 7178 7178 7030 7030 7030
    7030 7030 7030 7030 6889 6889 6753 6753 6753 7030 6889 6889 0 0 0
    6889 6889 6889 6889 0 0 0 0 0 0 0 0 0 0 0 0 0 0 0 0 0 0 0 0 0 0 0 0
    0 0 0 0 0 0 0 613 613 613 611 611 613 614 616 627 627 647 647 647
    649 649 652 0 0 0 0 0 0 0 0 0 6375 6375 6375 6375 6375 6375 6375
    6375 6375 6259 6259 6259 6259 6146 6146 6146 6038 6038 6038 6038
    6038 6038 6038 5933 5933 5933 5933 5933 5933 5933 5933 5933 5933
    5933 5933 5933 4842 4842 4842 4842 4842 7492 7332 7332 7332 7332
    7332 7332 7332 7332 7332 7332 7332 7332 7332 7178 7178 7178 7030
    7030 7030 7030 7030 7030 7030 7030 7030 6889 6889 6889 6889 6889
    6889 0 0 0 7030 7030 0 0 0 0 0 0 0 0 0 0 0 0 0 0 0 0 0 0 0 0 0 0 0 0
    0 0 0 0 0 0 0 0 0 0 0 613 611 611 611 613 615 624 624 631 631 646
    649 649 652 653 0 0 0 0 0 0 0 0 6375 6375 6375 6375 6375 6375 6375
    6375 6375 6259 6259 6259 6259 6038 6038 6038 6038 6038 6038 6038
    6038 6038 6038 5933 5933 5933 5933 5933 5933 5933 5933 5933 4522
    4522 4911 4911 4842 4842 4842 4842 4842 7492 7332 7332 7332 7332
    7332 7332 7332 7332 7332 7332 7332 7332 7332 7178 7178 7178 7178
    7030 7030 7030 7030 7030 7030 7030 7030 6889 6889 6889 6889 6889 0 0
    0 0 0 0 0 0 0 0 0 0 0 0 0 0 0 0 0 0 0 0 0 0 0 0 0 0 0 0 0 0 0 0 0 0
    0 0 0 0 0 609 609 610 611 611 614 624 624 630 630 646 648 649 650
    652 0 0 0 0 0 0 0 0 0 6146 6146 6375 6375 6375 6375 6375 6375 6259
    6259 6259 6259 6038 6038 6038 6038 6038 6038 6038 6038 6038 6038
    6038 6038 6038 5933 5933 5933 4983 4983 4911 4522 4522 4911 4911
    4983 4911 4911 4842 4842 7332 7332 7332 7332 7332 7332 7332 7332
    7332 7332 7332 7332 7332 7332 7178 7178 7178 7178 7030 7030 7030
    7030 6889 6889 6889 7030 7030 6889 6889 7030 0 0 0 0 0 0 0 0 0 0 0 0
    0 0 0 0 0 0 0 0 0 0 0 0 0 0 0 0 0 0 0 0 0 0 0 0 0 0 0 0 0 0 609 609
    609 611 611 614 614 628 628 629 646 647 648 649 652 0 0 0 0 0 0 0 0
    0 6146 6146 6259 6375 6375 6375 6259 6259 6146 6146 6146 6038 6038
    6038 6038 6038 6038 6038 6038 6038 6038 6038 6038 6038 6038 5933
    5933 5933 4983 4983 4911 4911 4911 4911 4911 4911 4911 4911 4911
    4911 7332 7332 7332 7332 7332 7332 7332 7332 7332 7332 7332 7332
    7178 7178 7178 7178 7178 7178 7178 7178 7030 7030 6889 6889 6889
    6889 6889 6889 0 0 0 0 0 0 0 0 0 0 0 0 0 0 0 0 0 0 0 0 0 0 0 0 0 0 0
    0 0 0 0 0 0 0 0 0 0 0 0 0 0 0 580 580 607 607 609 609 610 613 620
    624 624 629 646 646 647 649 650 652 0 0 0 0 0 0 0 0 6146 6146 6259
    6375 6375 6375 6259 6146 6146 6146 6146 6038 6038 6038 6038 6038
    6038 6038 6038 6038 6038 4911 4911 4911 5132 5132 5132 4983 4911
    4911 4911 4911 4911 4911 4842 4842 4842 4911 4983 4983 7332 7332
    7332 7332 7332 7178 7178 7178 7178 7178 7178 7178 7178 7030 7030
    7178 7332 7178 7178 7030 7030 7030 6889 6889 6889 6889 6889 6889 0 0
    0 0 0 0 0 0 0 0 0 0 0 0 0 0 0 0 0 0 0 0 0 0 0 0 0 0 0 0 0 0 0 0 0 0
    0 0 0 0 0 579 579 580 581 607 609 609 610 613 620 624 624 628 631
    646 646 648 650 652 653 653 0 0 0 0 0 0 0 0 6375 6375 6375 6259 6146
    6146 6146 6146 6146 6038 6038 6038 6038 6038 6259 6146 6038 6038
    4983 4911 4911 4911 4983 5056 5056 4983 4911 4911 4983 4983 4911
    4911 4842 4842 4842 4983 4983 5056 7332 7332 7332 7332 7332 7178
    7178 7178 7178 7178 6889 6889 7030 7030 7030 7178 7178 7178 7178
    7030 7030 7030 6889 6889 6889 0 0 0 0 0 0 0 0 0 0 0 0 0 0 0 0 0 0 0
    0 0 0 0 0 0 0 0 0 0 0 0 0 0 0 0 0 0 0 0 0 0 0 0 0 576 576 579 581
    584 608 610 610 610 610 623 623 625 631 640 643 643 650 652 653 653
