<?xml version="1.0"?>
<opencv_storage>
<Depth10098 type_id="opencv-matrix">
  <rows>79</rows>
  <cols>55</cols>
  <dt>w</dt>
  <data>
    3178 3178 3178 3178 3208 3238 3238 1227 1227 1227 1223 1223 1219
    1214 1206 1206 1210 1214 1219 1223 1223 1223 1223 1223 1245 1259
    1259 1259 1273 1278 1288 3333 3333 3300 3300 3300 3333 3333 3333
    3365 3333 3333 3365 3365 3365 3399 3399 3399 3365 3365 3365 3365
    3365 3399 3399 3178 3149 3149 3178 3208 3238 3238 1223 1223 1223
    1223 1223 1219 1214 1206 1206 1210 1210 1214 1223 1223 1232 1232
    1236 1245 1255 1259 1268 1273 1278 1288 1288 1292 1297 3300 3300
    3333 3333 3333 3365 3365 3365 3399 3399 3399 3433 3399 3399 3365
    3365 3365 3433 3433 3433 3433 3178 3149 1241 1241 1236 1227 1223
    1223 1223 1223 1223 1223 1223 1214 1206 1206 1206 1210 1214 1223
    1223 1236 1236 1241 1250 1255 1259 1264 1268 1273 1278 1288 1292
    1292 1292 1302 1302 1307 1307 3399 3399 3399 3433 3433 3399 3399
    3399 3399 3399 3399 3433 3433 3433 3433 3433 3178 1245 1241 1241
    1236 1227 1223 1223 1223 1223 1223 1223 1219 1214 1206 1206 1206
    1206 1210 1219 1223 1236 1236 1241 1250 1250 1255 1259 1268 1273
    1278 1288 1292 1292 1292 1302 1302 1307 1328 1338 1343 1354 3433
    3433 3399 3399 3399 3399 3365 3365 3433 3433 3433 3433 3433 1245
    1245 1245 1241 1236 1232 1227 1223 1223 1223 1223 1223 1219 1214
    1206 1206 1206 1206 1206 1214 1223 1236 1236 1241 1245 1250 1255
    1259 1264 1273 1278 1283 1292 1297 1297 1302 1312 1317 1328 1338
    1343 1354 1365 1365 3399 3399 3399 3399 3365 3365 3433 3433 3433
    3433 3433 1245 1245 1245 1241 1236 1236 1227 1227 1223 1223 1223
    1219 1219 1206 1202 1202 1206 1206 1206 1210 1227 1232 1236 1241
    1245 1250 1255 1259 1264 1273 1278 1283 1292 1297 1297 1302 1312
    1322 1333 1338 1343 1354 1365 1365 1370 1376 1381 3399 3399 3433
    3468 3433 3433 3433 3433 1241 1241 1241 1236 1236 1232 1227 1227
    1223 1223 1219 1219 1214 1206 1202 1202 1206 1206 1206 1210 1223
    1227 1236 1241 1245 1250 1255 1259 1259 1268 1278 1288 1292 1297
    1297 1302 1312 1328 1333 1338 1349 1354 1359 1365 1370 1376 1381
    1398 1404 3539 3503 3468 3433 3433 3433 1241 1241 1241 1236 1236
    1232 1227 1223 1223 1219 1219 1219 1214 1206 1206 1202 1202 1206
    1206 1210 1223 1227 1232 1236 1241 1250 1255 1259 1259 1264 1273
    1283 1288 1292 1297 1302 1312 1322 1328 1338 1349 1354 1359 1365
    1370 1381 1387 1398 1404 1404 1404 3433 3433 3433 3433 1241 1241
    1241 1236 1236 1232 1227 1223 1223 1219 1219 1219 1214 1210 1206
    1202 1202 1206 1206 1210 1219 1223 1227 1232 1236 1245 1255 1259
    1259 1264 1268 1278 1288 1292 1297 1307 1312 1322 1328 1338 1349
    1354 1359 1365 1370 1381 1387 1398 1404 1404 0 3433 3433 3433 3433
    1241 1241 1241 1236 1236 1232 1227 1223 1223 1219 1219 1219 1210
    1206 1202 1202 1202 1202 1206 1210 1219 1223 1227 1232 1236 1241
    1250 1255 1259 1264 1268 1273 1288 1292 1297 1307 1312 1317 1322
    1338 1343 1349 1359 1365 1376 1381 1387 1392 1398 1398 1410 3433
    3433 3433 3468 1241 1241 1241 1236 1236 1232 1227 1223 1223 1219
    1219 1219 1210 1206 1202 1202 1202 1202 1206 1210 1214 1219 1223
    1232 1241 1241 1245 1255 1259 1264 1268 1273 1283 1292 1297 1307
    1307 1312 1322 1338 1343 1343 1359 1365 1376 1381 1392 1392 1398
    1410 1410 3433 3433 3433 3433 1236 1236 1241 1241 1236 1232 1227
    1223 1223 1219 1219 1214 1210 1206 1202 1202 1202 1202 1206 1210
    1214 1219 1223 1236 1241 1241 1245 1255 1264 1268 1268 1273 1283
    1292 1297 1302 1307 1312 1322 1333 1338 1343 1359 1365 1376 1381
    1392 1392 1398 1404 1404 3399 3399 3399 3399 1236 1236 1241 1241
    1236 1232 1227 1223 1223 1219 1219 1214 1210 1206 1202 1202 1202
    1202 1202 1206 1214 1219 1223 1232 1241 1241 1245 1255 1264 1268
    1273 1278 1283 1292 1297 1302 1307 1312 1322 1333 1338 1354 1365
    1365 1370 1376 1387 1392 1398 1404 1404 1404 3399 3365 3365 1236
    1236 1241 1241 1236 1232 1227 1223 1223 1219 1219 1214 1210 1206
    1202 1202 1202 1202 1202 1206 1214 1219 1223 1232 1241 1241 1245
    1255 1264 1264 1268 1278 1283 1292 1292 1302 1307 1312 1317 1333
    1338 1354 1359 1359 1365 1370 1387 1392 1398 1398 1398 1398 3365
    3365 3365 1236 1236 1241 1241 1236 1232 1227 1223 1223 1219 1214
    1214 1210 1210 1206 1206 1202 1202 1202 1206 1214 1219 1223 1232
    1236 1241 1245 1255 1264 1264 1268 1278 1283 1292 1292 1302 1307
    1312 1317 1328 1338 1354 1359 1359 1365 1370 1387 1387 1398 1398
    1398 1398 3399 3399 3399 1236 1236 1241 1241 1236 1232 1227 1223
    1223 1219 1214 1210 1206 1206 1206 1206 1202 1202 1202 1206 1214
    1219 1223 1232 1236 1241 1245 1255 1259 1264 1268 1278 1283 1292
    1292 1302 1307 1312 1317 1328 1338 1354 1359 1359 1365 1381 1387
    1387 1392 1392 1392 1392 3468 3468 3433 1241 1241 1241 1241 1236
    1232 1227 1223 1223 1219 1219 1210 1206 1206 1206 1206 1202 1202
    1202 1206 1214 1219 1223 1227 1236 1241 1245 1250 1259 1264 1268
    1278 1278 1288 1292 1297 1302 1312 1312 1322 1338 1354 1359 1359
    1365 1376 1381 1387 1387 1387 1392 1392 3433 3433 3433 1241 1241
    1241 1236 1236 1232 1227 1223 1223 1219 1219 1210 1206 1206 1206
    1202 1202 1202 1202 1206 1210 1219 1223 1227 1236 1236 1241 1245
    1255 1264 1264 1273 1278 1288 1292 1292 1302 1307 1312 1322 1343
    1354 1359 1359 1365 1376 1381 1387 1387 1387 1392 1392 3468 3433
    3433 1245 1245 1241 1236 1236 1232 1227 1223 1223 1219 1219 1210
    1206 1206 1206 1202 1202 1202 1202 1206 1210 1219 1223 1223 1232
    1236 1241 1245 1255 1259 1264 1268 1278 1288 1292 1292 1297 1307
    1312 1322 1338 1349 1354 1359 1365 1376 1381 1387 1387 1387 1387
    3468 3468 3433 3433 1245 1245 1241 1236 1236 1232 1227 1223 1223
    1223 1219 1210 1206 1206 1206 1202 1202 1202 1202 1202 1210 1219
    1219 1223 1232 1236 1241 1245 1255 1259 1259 1268 1273 1288 1292
    1297 1297 1307 1312 1322 1338 1349 1354 1365 1365 1370 1381 1387
    1387 1387 1387 3468 3468 3433 3433 0 1250 1241 1236 1232 1232 1227
    1223 1223 1223 1219 1210 1206 1206 1206 1202 1202 1197 1197 1202
    1210 1214 1219 1223 1227 1232 1236 1241 1250 1259 1259 1264 1273
    1288 1292 1297 1297 1307 1312 1322 1338 1343 1349 1359 1365 1370
    1381 1387 1387 1387 1387 3468 3468 3433 3433 0 1241 1236 1236 1232
    1232 1223 1223 1223 1223 1214 1210 1206 1206 1206 1202 1202 1197
    1197 1202 1210 1214 1219 1223 1227 1232 1236 1241 1250 1255 1259
    1264 1273 1278 1292 1297 1297 1307 1312 1322 1338 1343 1349 1359
    1365 1370 1381 1387 1387 1392 1398 1398 3468 3433 3433 0 1241 1236
    1236 1232 1232 1223 1223 1223 1219 1214 1210 1206 1206 1206 1202
    1202 1197 1197 1202 1210 1214 1219 1219 1223 1232 1236 1241 1250
    1255 1259 1264 1273 1278 1288 1297 1297 1307 1312 1338 1343 1349
    1354 1359 1365 1370 1381 1387 1387 1392 1398 1398 3433 3433 3433 0
    1241 1236 1236 1232 1232 1227 1223 1223 1219 1210 1206 1206 1202
    1202 1202 1197 1197 1197 1202 1210 1214 1219 1219 1223 1232 1236
    1241 1250 1259 1259 1268 1273 1278 1288 1297 1297 1307 1312 1338
    1343 1343 1354 1359 1365 1370 1376 1381 1387 1392 1398 1410 1410
    3433 3433 1236 1236 1236 1236 1232 1232 1227 1223 1223 1210 1206
    1206 1206 1202 1202 1197 1197 1197 1197 1202 1206 1214 1219 1219
    1223 1227 1236 1241 1250 1259 1259 1264 1268 1278 1292 1297 1297
    1307 1312 1333 1343 1343 1354 1354 1365 1370 1376 1381 1387 1398
    1404 1404 1404 3433 3433 1236 1236 1236 1236 1227 1227 1227 1223
    1223 1210 1206 1206 1206 1202 1197 1193 1193 1193 1197 1202 1206
    1210 1219 1219 1223 1227 1236 1241 1250 1259 1259 1264 1268 1278
    1292 1297 1297 1307 1312 1328 1343 1343 1354 1354 1359 1365 1376
    1381 1387 1398 1404 1404 1404 3433 3433 1236 1236 1236 1232 1227
    1227 1227 1223 1223 1214 1210 1210 1206 1202 1197 1193 1193 1193
    1197 1197 1206 1210 1214 1219 1223 1227 1236 1241 1245 1255 1259
    1264 1268 1278 1292 1297 1297 1307 1312 1322 1343 1343 1349 1354
