<?xml version="1.0"?>
<opencv_storage>
<Depth4627 type_id="opencv-matrix">
  <rows>35</rows>
  <cols>34</cols>
  <dt>w</dt>
  <data>
    4241 4241 4241 4241 4241 4190 4190 4241 4241 4241 2090 2065 1970
    1947 1936 1936 1947 1947 4295 4241 4241 4241 4295 4295 4295 4295
    4295 4241 4241 4241 4295 4295 4295 4295 4241 4241 4241 4241 4241
    4241 4241 2116 2116 2116 2090 1970 1947 1936 1936 1936 1936 1936
    1936 4241 4241 4241 4295 4295 4295 4295 4295 4241 4241 4241 4295
    4295 4295 4295 4190 4241 4241 4241 4241 4241 4241 2103 2103 2116
    2103 1970 1947 1936 1936 1936 1936 1936 1936 1947 1947 4241 4295
    4295 4295 4295 4295 4295 4295 4295 4295 4295 4295 4295 4190 4241
    4241 4241 1970 1970 1947 1936 1936 1936 1947 1947 1936 1936 1936
    1936 1936 1936 1936 1936 1936 1936 4241 4241 4241 4295 4295 4295
    4295 4295 4295 4295 4295 4295 4190 4190 1981 1970 1970 1959 1936
    1936 1936 1936 1936 1936 1936 1936 1936 1936 1936 1936 1936 1936
    1936 1936 4190 4190 4241 4241 4241 4241 4241 4241 4241 4295 4241
    4241 4139 2016 1981 1981 1970 1947 1936 1936 1936 1936 1936 1936
    1936 1936 1926 1926 1926 1926 1926 1936 1936 1936 4190 4190 4190
    4190 4241 4241 4241 4241 4241 4241 4241 4241 4190 2016 2016 1981
    1970 1947 1926 1926 1926 1926 1926 1926 1926 1926 1926 1926 1926
    1926 1926 1936 1926 1926 4190 4139 4139 4190 4190 4190 4190 4241
    4241 4241 4241 4241 4190 2040 2016 1993 1970 1936 1926 1926 1926
    1926 1926 1926 1926 1926 1926 1926 1926 1926 1926 1926 1926 1926
    1926 4139 4139 4190 4190 4190 4190 4241 4241 4241 4241 4241 2090
    2040 2028 2005 1970 1936 1926 1926 1926 1926 1926 1926 1926 1915
    1915 1926 1926 1926 1926 1926 1926 1926 1926 4139 4139 4139 4190
    4190 4190 4241 4241 4241 4241 4241 2090 2040 2028 2005 1981 1947
    1926 1926 1926 1926 1926 1926 1926 1915 1915 1926 1926 1926 1926
    1926 1926 1926 1926 1936 4139 4139 4190 4190 4241 4241 4241 4241
    4241 4241 2090 2053 2028 2016 1993 1959 1936 1926 1926 1915 1915
    1926 1926 1915 1915 1926 1926 1926 1926 1926 1926 1926 1926 1926
    1926 4190 4190 4241 4241 4241 4241 4241 4241 4241 2103 2065 2040
    2016 1993 1970 1947 1926 1926 1904 1904 1915 1915 1915 1926 1926
    1926 1926 1926 1926 1926 1926 1915 1915 1915 4241 4241 4241 4241
    4241 4241 4241 4241 4190 2103 2078 2053 2028 2005 1981 1936 1926
    1915 1904 1904 1904 1904 1915 1915 1915 1915 1926 1926 1926 1926
    1926 1915 1915 1915 4295 4295 4241 4241 4190 4190 4190 4190 4190
    2116 2078 2065 2028 2005 1981 1936 1926 1915 1904 1904 1904 1904
    1915 1915 1915 1915 1915 1926 1926 1926 1915 1915 1915 1915 1915
    4295 4241 4190 4190 4190 4190 4190 4190 2116 2090 2065 2040 2016
    1993 1936 1926 1915 1904 1904 1904 1904 1904 1904 1904 1915 1915
    1926 1926 1915 1915 1915 1904 1904 1904 4295 4241 4190 4190 4190
    4139 4139 4190 2116 2103 2078 2053 2028 2005 1936 1926 1915 1904
    1904 1904 1904 1904 1904 1904 1915 1915 1915 1915 1915 1915 1915
    1904 1904 1904 1904 4241 4190 4190 4190 4139 4139 4190 4190 2116
    2078 2053 2028 2016 1959 1936 1915 1904 1904 1904 1904 1904 1904
    1904 1904 1904 1915 1915 1915 1904 1904 1904 1894 1894 1894 4190
    4190 4190 4190 4190 4190 4190 4089 4089 2090 2065 2040 2028 1970
    1936 1915 1904 1904 1894 1894 1904 1904 1904 1894 1894 1904 1904
    1904 1904 1904 1904 1894 1894 1894 4190 4190 4190 4190 4190 4139
    4139 4089 4089 2103 2078 2065 2053 1981 1947 1926 1904 1904 1894
    1894 1894 1894 1894 1894 1894 1894 1894 1894 1894 1904 1904 1894
    1883 1883 1883 4190 4190 4190 4190 4139 4139 4041 4041 2116 2090
    2078 2053 1981 1959 1936 1915 1904 1894 1894 1894 1894 1894 1894
    1894 1894 1894 1894 1894 1894 1894 1894 1883 1883 1883 4190 4190
    4190 4190 4190 4190 4041 4041 2116 2090 2078 2053 2028 1970 1936
    1926 1904 1894 1894 1894 1894 1894 1894 1894 1894 1894 1894 1894
    1894 1894 1894 1894 1894 1894 4190 4190 4190 4190 4190 4190 4041
    4041 4041 2090 2078 2065 2028 1981 1947 1936 1915 1904 1894 1894
    1894 1894 1894 1894 1894 1894 1894 1894 1894 1894 1894 1894 1894
    1894 1894 4190 4190 4190 4190 4190 4089 4089 4089 2090 2078 2065
    2040 2016 1959 1936 1926 1904 1894 1894 1894 1894 1894 1894 1894
    1894 1894 1894 1894 1883 1883 1883 1883 1883 1883 4190 4190 4139
    4139 4139 4089 4089 4089 4089 2078 2065 2053 2028 1970 1936 1926
    1915 1894 1894 1894 1883 1883 1883 1883 1883 1883 1894 1894 1883
    1883 1883 1883 1883 1883 1883 4190 4139 4139 4139 4041 4089 4089
    4041 4041 2078 2065 2040 1981 1947 1936 1915 1904 1883 1883 1883
    1883 1883 1883 1883 1883 1883 1883 1883 1883 1883 1883 1883 1883
    1883 4190 4139 4139 4089 4041 4041 4041 4041 4041 2078 2065 2040
    1981 1947 1936 1915 1904 1883 1883 1883 1883 1883 1883 1883 1883
    1883 1883 1883 1883 1883 1883 1883 1883 1883 1883 4139 4139 4089
    4041 4041 4041 4041 3994 3994 2065 2053 2028 1959 1947 1926 1904
    1883 1883 1883 1883 1883 1883 1883 1883 1883 1883 1883 1883 1883
    1883 1883 1883 1883 1883 1883 4139 4089 4041 4041 4041 4041 3994
    3994 2078 2053 2028 1970 1959 1926 1904 1894 1883 1883 1883 1883
    1883 1883 1883 1883 1883 1883 1883 1873 1873 1873 1873 1873 1883
    1883 4139 4041 4041 4041 4041 4041 3994 3994 2065 2065 2028 1981
    1970 1936 1915 1894 1883 1883 1883 1883 1883 1883 1883 1883 1883
    1883 1883 1873 1873 1873 1873 1873 1883 1883 4089 4041 3994 4041
    4041 4041 4041 4041 2065 2065 2028 2005 1981 1959 1926 1894 1883
    1883 1883 1883 1883 1883 1873 1873 1873 1883 1883 1873 1873 1873
    1873 1873 1883 1883 4089 4041 3994 4041 4041 4041 4041 4041 4041
    2065 2028 2005 1981 1970 1936 1904 1883 1883 1873 1873 1873 1873
    1873 1873 1873 1873 1883 1873 1873 1873 1863 1863 1873 1873 1873
    4041 3994 4041 4041 4041 4041 4041 4041 2065 2028 2016 1993 1970
    1947 1926 1894 1883 1873 1873 1873 1873 1873 1873 1873 1873 1883
    1873 1863 1863 1863 1863 1863 1863 1863 4041 3994 4041 4041 4041
    4041 3994 3994 3994 2028 2016 1993 1981 1947 1936 1904 1883 1873
    1873 1873 1873 1873 1873 1873 1873 1873 1873 1863 1863 1863 1863
    1863 1863 1853 1853 3994 3994 3994 3994 3994 3994 3994 3994 2028
    2016 1993 1981 1959 1936 1915 1894 1873 1873 1863 1863 1863 1863
    1863 1873 1873 1863 1863 1863 1863 1863 1863 1853 1853 1853 3994
    3994 3994 3994 3994 3994 3994 0 2040 2028 2005 1981 1959 1936 1926
    1904 1883 1873 1863 1863 1863 1863 1863 1863 1863 1863 1853 1853
    1853 1863 1863 1853 1853 1853</data></Depth4627>
</opencv_storage>
