<?xml version="1.0"?>
<opencv_storage>
<Depth5452 type_id="opencv-matrix">
  <rows>20</rows>
  <cols>13</cols>
  <dt>w</dt>
  <data>
    2598 2598 2618 2618 3576 3576 3539 3539 3539 1165 1165 1161 1161
    2598 2618 2618 3576 3576 3576 3539 3539 3539 3576 3576 1161 1161
    2598 2618 3539 3539 3576 3576 3539 3539 3539 3576 3576 3614 3692
    2598 2618 3539 3539 3576 3576 3576 3576 3576 3576 3614 3692 3692
    2579 2618 3576 3576 3576 3576 3539 3539 3614 3614 3614 3692 3692
    2579 2618 3576 3576 3576 3576 3539 3539 3576 3614 3614 3653 3653
    2598 2618 3576 3576 3576 3576 3576 3576 3576 3614 3653 3653 3614
    2598 2618 3576 3576 3576 3576 3576 3576 3614 3614 3614 3614 3614
    2598 2598 3576 3576 3576 3576 3576 3614 3614 3614 3614 3614 3614
    2598 3614 3576 3576 3576 3576 3576 3614 3614 3614 3614 3614 3614
    2579 3614 3576 3539 3539 3539 3539 3576 3614 3614 3614 3576 3468
    2579 3576 3576 3539 3539 3539 3539 3576 3576 3576 3576 3503 3468
    3576 3576 3576 3576 3539 3539 3539 3576 3576 3576 3576 3503 3468
    3539 3539 3576 3576 3576 3576 3576 3576 3576 3576 3539 3539 3539
    3468 3468 3539 3576 3576 3576 3576 3576 3576 3576 3539 3539 3576
    3468 3468 3468 3503 3576 3576 3576 3576 3576 3576 3539 3539 3576
    3468 3468 3468 3503 3576 3576 3576 3576 3576 3576 3539 3539 3539
    3433 3468 3468 3503 3576 3576 3576 3576 3576 3576 3539 3539 3539
    3433 3468 3468 3576 3576 3539 3539 3539 3576 3576 3503 3503 3539
    3468 3468 3468 3576 3576 3539 3539 3539 3576 3576 3503 3503 0</data></Depth5452>
</opencv_storage>
