<?xml version="1.0"?>
<opencv_storage>
<Depth11388 type_id="opencv-matrix">
  <rows>4</rows>
  <cols>23</cols>
  <dt>w</dt>
  <data>
    6622 6622 6038 6622 6622 6259 6259 6375 6259 6259 6259 6259 6259
    6375 6375 6375 6375 6375 6375 6375 6375 6375 6375 6146 6146 6038
    6038 6038 6146 6146 6259 6259 6259 6259 6259 6259 6259 6259 6259
    6259 6259 6259 6375 6375 6375 6375 6038 6038 5933 5933 5933 6038
    6146 6259 6259 6259 6259 6259 6259 6259 6259 6259 6259 6259 6259
    6259 6375 6375 6375 6038 6038 5933 5933 5933 6038 6146 6259 6259
    6259 6259 6259 6259 6259 6259 6259 6259 6259 6259 6259 6375 6375
    6375</data></Depth11388>
</opencv_storage>
