<?xml version="1.0"?>
<opencv_storage>
<Depth0734 type_id="opencv-matrix">
  <rows>45</rows>
  <cols>66</cols>
  <dt>w</dt>
  <data>
    4842 4842 4842 4842 4842 0 1564 1564 1564 1564 1564 1572 1572 1579
    1572 1572 1572 1572 1572 1579 1572 1572 1572 4911 4911 4842 4842
    4842 4842 4842 4842 4842 4842 4774 4774 4842 4911 4911 4911 4911
    4842 4842 4842 4842 4842 4842 4842 4842 4842 4842 4842 4842 4842
    4842 4774 4708 4708 4708 4774 4774 4774 4842 4842 4842 4842 4842
    4842 4842 0 4842 0 1550 1557 1557 1557 1564 1564 1564 1564 1572 1564
    1564 1572 1572 1572 1572 1572 1572 1572 1572 4911 1586 1586 1594
    4842 4842 4842 4842 4842 4842 4842 4911 4911 4911 4911 4911 4842
    4842 4842 4842 4842 4842 4842 4911 4911 4842 4842 4842 4842 4842
    4774 4708 4708 4708 4774 4774 4774 4842 4842 4842 4842 4911 4842 0
    4842 0 1550 1550 1550 1550 1550 1557 1564 1564 1564 1564 1557 1557
    1564 1564 1564 1564 1564 1572 1572 1572 1572 1572 1579 1586 1586
    1586 1586 1586 1601 1601 4842 4911 4911 4911 4911 4911 4911 4911
    4911 4911 4911 4911 4911 4911 4911 4911 4911 4911 4842 4842 4774
    4774 4774 4774 4842 4842 4842 4842 4842 4911 4911 4911 4842 0 0 0 0
    1550 1550 1550 1550 1550 1557 1557 1557 1557 1550 1550 1557 1557
    1557 1564 1564 1564 1564 1572 1572 1572 1572 1579 1586 1586 1586
    1586 1594 1601 1601 1601 1601 4911 4911 4911 4911 4911 4911 4911
    4911 4911 4911 4911 4911 4911 4911 4911 4842 4842 4774 4774 4842
    4842 4842 4842 4911 4911 4911 4911 4911 4911 4842 0 0 0 0 1543 1543
    1543 1543 1550 1550 1550 1550 1550 1550 1550 1550 1550 1557 1557
    1564 1564 1564 1564 1572 1572 1572 1572 1572 1579 1579 1579 1594
    1601 1601 1594 1594 1586 1586 1601 4911 4911 4911 4911 4911 4911
    4911 4911 4911 4911 4911 4911 4842 4842 4774 4774 4842 4842 4842
    4911 4911 4911 4911 4911 4911 4911 4842 4842 0 0 1543 1543 1543 1543
    1543 1543 1543 1543 1543 1543 1543 1543 1543 1543 1550 1550 1557
    1557 1564 1564 1564 1564 1564 1572 1564 1564 1572 1572 1579 1586
    1586 1594 1594 1586 1586 1586 1594 1594 1601 1601 1601 1609 4911
    4911 4911 4911 4911 4911 4842 4842 4842 4842 4842 4842 4911 4911
    4911 4911 4911 4911 4911 4911 4911 0 0 0 0 1536 1536 1536 1536 1536
    1536 1536 1536 1543 1543 1543 1543 1543 1543 1543 1550 1550 1550
    1557 1557 1557 1564 1564 1564 1564 1564 1564 1579 1579 1579 1586
    1586 1579 1579 1579 1586 1586 1594 1594 1594 1594 1594 1594 1586
    1586 1586 1586 1594 4842 4842 4842 4911 4911 4911 4983 4983 4983
    4983 4983 4983 4983 4911 4911 0 1536 1536 1536 1536 1536 1536 1536
    1536 1536 1536 1536 1536 1536 1536 1536 1543 1543 1550 1543 1543
    1550 1550 1557 1557 1557 1557 1564 1564 1564 1572 1572 1572 1579
    1579 1579 1579 1579 1579 1579 1586 1586 1586 1594 1594 1594 1586
    1586 1586 1586 1594 1594 1601 1601 4911 4911 4983 4983 4983 4983
    4983 4983 4983 4983 0 4983 0 1536 1523 1523 1523 1523 1529 1529 1529
    1523 1523 1536 1536 1536 1536 1536 1536 1543 1543 1543 1543 1543
    1543 1550 1550 1550 1557 1557 1557 1564 1564 1564 1572 1572 1572
    1572 1572 1572 1579 1579 1579 1579 1579 1579 1586 1586 1586 1594
    1594 1601 1594 1594 1601 1601 1601 1601 1601 1601 1601 1601 1601
    1609 4983 4983 5056 0 1536 1536 1523 1523 1516 1516 1523 1523 1523
    1516 1516 1529 1536 1536 1536 1536 1536 1536 1536 1536 1543 1543
    1543 1543 1543 1550 1550 1550 1557 1557 1564 1564 1564 1564 1564
    1572 1572 1572 1572 1572 1572 1579 1579 1579 1579 1586 1586 1586
    1586 1586 1594 1594 1594 1594 1601 1601 1601 1601 1601 1601 1601
    1609 1609 1609 5056 0 1529 1529 1523 1516 1503 1503 1509 1516 1516
    1516 1516 1516 1523 1529 1529 1529 1536 1536 1536 1536 1536 1536
    1536 1536 1543 1543 1543 1543 1543 1550 1557 1557 1557 1557 1564
    1564 1564 1572 1572 1572 1572 1572 1572 1572 1579 1579 1586 1586
    1586 1586 1586 1594 1594 1594 1594 1601 1601 1601 1601 1601 1601
    1601 1601 1601 5056 0 1523 1523 1516 1509 1503 1503 1509 1509 1509
    1509 1509 1516 1516 1523 1523 1523 1523 1523 1523 1529 1529 1529
    1529 1536 1536 1543 1543 1543 1543 1543 1550 1550 1550 1550 1557
    1557 1564 1564 1564 1564 1572 1572 1572 1572 1572 1572 1579 1579
    1579 1579 1579 1586 1586 1586 1594 1594 1594 1594 1594 1601 1601
    1594 1594 1594 4983 1523 1523 1523 1516 1509 1503 1503 1509 1509
    1509 1509 1509 1516 1516 1516 1516 1516 1516 1523 1516 1516 1516
    1516 1516 1529 1529 1536 1536 1536 1536 1536 1550 1550 1550 1550
    1550 1550 1550 1557 1557 1564 1564 1564 1564 1572 1572 1572 1572
    1572 1572 1579 1579 1579 1579 1579 1586 1586 1586 1586 1586 1586
    1594 1594 1594 1594 4983 1523 1523 1523 1516 1509 1509 1509 1509
    1509 1509 1509 1509 1516 1516 1516 1509 1509 1516 1516 1516 1516
    1516 1516 1516 1516 1523 1529 1529 1529 1529 1536 1543 1543 1550
    1543 1543 1543 1543 1550 1550 1550 1550 1550 1557 1557 1564 1572
    1572 1572 1572 1572 1572 1579 1579 1579 1579 1579 1579 1579 1579
    1579 1579 1586 1594 1594 5056 1523 1523 1523 1516 1509 1509 1509
    1509 1509 1516 1516 1516 1516 1516 1516 1509 1509 1516 1516 1516
    1516 1516 1516 1516 1516 1523 1529 1529 1529 1529 1529 1543 1543
    1543 1543 1543 1536 1536 1543 1550 1550 1550 1550 1550 1557 1557
    1564 1564 1564 1564 1564 1572 1572 1572 1572 1572 1579 1579 1579
    1579 1579 1579 1586 1586 1594 0 1536 1536 1529 1529 1523 1523 1523
    1529 1523 1523 1516 1516 1516 1516 1516 1516 1516 1516 1516 1516
    1516 1516 1516 1516 1516 1523 1529 1529 1529 1529 1529 1536 1536
    1536 1536 1536 1536 1536 1543 1543 1543 1543 1543 1550 1550 1550
    1550 1557 1557 1557 1557 1564 1564 1564 1572 1572 1572 1572 1572
    1572 1572 1579 1579 1586 1586 0 1536 1536 1536 1536 1536 1536 1536
    1536 1536 1529 1523 1523 1516 1516 1516 1516 1516 1523 1523 1523
    1516 1516 1516 1516 1516 1523 1529 1523 1523 1523 1523 1536 1536
    1529 1529 1529 1536 1536 1536 1536 1536 1543 1543 1543 1543 1543
    1543 1550 1550 1557 1557 1557 1557 1557 1557 1557 1564 1564 1564
    1572 1572 1572 1579 1579 1579 1557 1543 1543 1543 1543 1543 1543
    1543 1543 1536 1536 1536 1536 1536 1536 1536 1529 1529 1529 1529
    1529 1523 1523 1523 1516 1516 1529 1529 1523 1523 1523 1523 1536
    1536 1529 1529 1529 1529 1529 1529 1529 1536 1536 1536 1543 1543
    1543 1543 1550 1550 1550 1550 1550 1557 1557 1557 1557 1557 1557
    1557 1564 1564 1572 1572 1572 1572 1557 1557 1543 1543 1543 1543
    1543 1543 1543 1543 1543 1543 1543 1543 1543 1543 1536 1536 1536
    1536 1543 1529 1529 1529 1523 1523 1529 1529 1529 1529 1523 1523
    1536 1536 1529 1529 1529 1529 1529 1529 1529 1529 1536 1536 1543
    1536 1536 1536 1543 1543 1543 1543 1543 1543 1550 1550 1550 1550
    1550 1550 1557 1557 1564 1564 1564 1564 1557 1557 1557 1557 1557
    1550 1550 1550 1550 1550 1550 1550 1543 1543 1543 1543 1543 1543
    1543 1543 1543 1543 1543 1543 1543 1543 1543 1536 1536 1536 1536
    1536 1543 1536 1536 1536 1536 1536 1536 1529 1529 1529 1536 1536
    1536 1536 1536 1536 1536 1536 1536 1543 1543 1543 1543 1550 1550
    1550 1550 1550 1550 1550 1557 1557 1557 1557 1564 1564 1564 1564
    1564 1557 1557 1557 1557 1557 1557 1557 1550 1550 1550 1550 1550
    1550 1550 1550 1550 1550 1550 1543 1543 1543 1543 1543 1543 1543
    1536 1536 1543 1543 1543 1543 1543 1543 1536 1529 1529 1536 1536
    1536 1536 1536 1536 1536 1536 1536 1536 1536 1543 1543 1543 1543
    1543 1543 1543 1543 1543 1550 1550 1550 1550 1550 1572 1572 1572
    1572 1572 1564 1564 1564 1564 1564 1564 1557 1557 1557 1557 1557
    1557 1557 1557 1557 1557 1550 1550 1550 1550 1550 1550 1550 1550
    1543 1543 1543 1550 1550 1550 1550 1550 1550 1550 1536 1536 1536
    1536 1536 1543 1536 1536 1536 1536 1536 1536 1536 1536 1536 1536
    1543 1543 1543 1543 1543 1543 1550 1550 1550 1543 1543 0 0 1579 1579
    1579 1572 1572 1572 1572 1572 1572 1572 1564 1564 1564 1564 1564
    1564 1564 1564 1564 1557 1557 1564 1557 1557 1557 1557 1557 1557
    1550 1550 1557 1557 1557 1557 1557 1557 1550 1550 1550 1550 1550
