<?xml version="1.0"?>
<opencv_storage>
<Depth12384 type_id="opencv-matrix">
  <rows>5</rows>
  <cols>27</cols>
  <dt>w</dt>
  <data>
    5640 5640 5832 5832 5933 5933 5734 5734 5734 5832 5832 5734 5734
    5832 5734 5640 5640 5640 5640 5734 5734 5734 5832 5734 5734 5640
    5640 5640 5640 5832 5832 5933 5832 5734 5734 5734 5734 5734 5734
    5734 5734 5640 5640 5640 5640 5640 5640 5640 5640 5734 5734 5640
    5640 5640 5832 5832 5832 5832 5933 5832 5734 5734 5734 5734 5734
    5734 5734 5734 5640 5640 5640 5734 5734 5640 5640 5640 5640 5640
    5640 5640 5640 5832 5832 5832 5832 5933 5933 5832 5832 5832 5832
    5832 5734 5734 5734 5734 5832 5734 5640 5640 5640 5640 5640 5640
    5640 5640 5640 5548 6038 5933 5832 5832 5933 5933 5933 5933 5933
    5832 5832 5734 5734 5734 5734 5832 5734 5640 5640 5640 5734 5640
    5640 5640 5640 5640 5548</data></Depth12384>
</opencv_storage>
