<?xml version="1.0"?>
<opencv_storage>
<Depth5115 type_id="opencv-matrix">
  <rows>60</rows>
  <cols>52</cols>
  <dt>w</dt>
  <data>
    3120 3120 3120 3092 3092 3092 3064 3064 3064 3064 3064 3064 3037
    3037 3037 3037 3037 3037 3037 3037 3064 3064 3092 1813 1813 1813
    1813 1823 1823 1823 1823 1823 1823 3178 3178 3178 3178 3178 3178
    4089 4041 4041 4041 4041 4041 4041 4041 4041 3994 3994 3994 3994
    3120 3120 3120 3092 3092 3064 3064 3064 3064 3037 3037 3064 3064
    3037 3037 3037 3037 3037 3037 3037 3064 1833 1823 1813 1813 1813
    1813 1823 1823 1823 1823 1823 1823 1823 3149 3149 3178 3178 3178
    3178 3178 4041 3994 3994 3994 4041 4041 4041 4041 4041 3994 3994
    3120 3120 3120 3092 3092 3064 3064 3064 3064 3037 3037 3037 3037
    3037 3037 3037 3010 3010 3010 1813 1813 1823 1813 1813 1813 1813
    1813 1813 1823 1823 1823 1823 1813 1813 3149 3149 3178 3178 3178
    3178 3178 3178 3994 3994 3994 4041 4041 4041 4041 3994 3994 3994
    3120 3120 3092 3092 3092 3064 3064 3064 3064 3037 3037 3037 3037
    3064 3037 3037 1823 1823 1823 1813 1813 1813 1813 1813 1813 1813
    1813 1813 1823 1823 1823 1813 1813 1813 1813 3149 3149 3149 3149
    3149 3149 3178 4041 4041 4041 4041 4041 4041 4041 3994 3994 3994
    3120 3120 3092 3092 3092 3064 3064 3064 3064 3037 3037 3037 3037
    3064 3064 1823 1813 1813 1813 1813 1813 1813 1813 1813 1813 1813
    1813 1813 1813 1823 1813 1813 1813 1813 1813 3149 3149 3149 3149
    3149 3149 3149 3149 4041 4041 4041 4041 4041 3994 3994 3994 3994
    3120 3120 3092 3092 3092 3092 3092 3064 3064 3064 3037 3037 3037
    1823 1813 1813 1813 1813 1813 1804 1804 1813 1813 1813 1813 1813
    1813 1813 1813 1823 1813 1813 1813 1813 1813 1823 3149 3149 3149
    3149 3149 3149 3149 4089 4089 4041 4041 4041 3994 3994 3994 3994
    3120 3120 3092 3092 3092 3092 3092 3092 3064 3064 1813 1813 1813
    1813 1813 1813 1813 1813 1813 1804 1804 1813 1813 1813 1813 1813
    1813 1813 1813 1823 1813 1813 1813 1813 1813 1823 1823 3149 3149
    3149 3149 3149 3149 3149 4089 4041 4041 4041 3994 3994 3994 3994
    3120 3120 3092 3092 3092 3092 3092 3092 1823 1813 1813 1813 1813
    1813 1813 1813 1813 1813 1813 1813 1813 1813 1813 1813 1813 1813
    1813 1813 1813 1823 1823 1823 1813 1813 1813 1823 1823 3149 3149
    3149 3149 3149 3149 3149 3149 4041 4041 4041 3994 3994 3994 3994
    3120 3092 3092 3092 3092 1813 1813 1813 1813 1813 1813 1813 1813
    1813 1813 1813 1813 1813 1813 1813 1813 1813 1813 1813 1813 1813
    1804 1804 1813 1823 1823 1823 1823 1823 1823 1823 1823 1823 3149
    3149 3149 3149 3149 3149 3149 4041 4041 4041 3994 3994 3994 3994
    3120 3092 3092 1813 1813 1813 1813 1813 1813 1813 1813 1813 1813
    1813 1813 1813 1813 1813 1813 1813 1813 1813 1804 1804 1813 1804
    1804 1804 1813 1823 1823 1813 1813 1823 1823 1813 1804 1804 3149
    3149 3149 3149 3149 3120 3120 4041 4041 4041 3994 3994 3994 3994
    1853 1853 1843 1813 1813 1813 1813 1813 1813 1813 1813 1813 1813
    1813 1813 1813 1813 1813 1813 1813 1813 1813 1804 1804 1813 1804
    1804 1804 1813 1823 1823 1813 1813 1823 1813 1813 1804 1804 1804
    3149 3149 3149 3120 3120 3120 3120 4041 3994 3994 3994 3994 3994
    1813 1813 1823 1813 1813 1813 1813 1813 1813 1813 1813 1813 1813
    1813 1813 1813 1804 1804 1804 1804 1804 1813 1813 1813 1813 1804
    1804 1804 1813 1823 1813 1813 1813 1813 1813 1813 1813 1813 1813
    3149 3149 3149 3120 3120 3120 3120 3994 3994 3994 3994 3994 3994
    1804 1813 1813 1813 1813 1813 1813 1813 1813 1813 1813 1813 1813
    1813 1813 1813 1804 1804 1804 1804 1804 1813 1813 1813 1813 1813
    1813 1813 1813 1813 1813 1813 1813 1813 1813 1813 1813 1813 1823
    3149 3149 3149 3149 3092 3092 3092 3994 3994 3994 3994 3994 3994
    1804 1813 1813 1813 1813 1813 1813 1813 1813 1813 1813 1813 1813
    1813 1813 1813 1813 1804 1804 1813 1813 1813 1813 1813 1813 1813
    1813 1813 1813 1813 1813 1813 1813 1813 1813 1813 1813 1813 1823
    1823 3178 3149 3149 3092 3092 3092 3092 3994 3994 3994 3994 3994
    1813 1813 1813 1813 1813 1813 1813 1813 1813 1813 1813 1813 1813
    1813 1813 1813 1813 1813 1813 1813 1813 1813 1813 1813 1804 1804
    1813 1813 1813 1813 1813 1813 1813 1813 1813 1813 1813 1813 1823
    1823 1823 3149 3120 3092 3092 3092 3092 3092 4041 4041 4041 3994
    1813 1813 1813 1813 1813 1813 1813 1813 1813 1813 1813 1813 1813
    1813 1813 1813 1813 1813 1813 1813 1813 1813 1813 1813 1804 1804
    1804 1804 1804 1813 1813 1813 1813 1813 1813 1813 1813 1813 1813
    1813 1813 3178 3092 3064 3064 3064 3064 3064 3092 4041 4041 3994
    1813 1813 1813 1813 1813 1813 1813 1813 1813 1813 1813 1804 1804
    1813 1813 1813 1813 1813 1813 1804 1804 1813 1804 1804 1804 1804
    1804 1804 1804 1813 1813 1813 1813 1813 1813 1813 1813 1813 1813
    1813 1813 1813 3092 3064 3064 3064 3064 3064 3064 4041 4041 3994
    4190 1813 1813 1813 1813 1813 1813 1813 1813 1813 1813 1804 1804
    1813 1804 1804 1804 1804 1804 1804 1804 1804 1804 1804 1804 1804
    1804 1804 1804 1813 1813 1813 1813 1813 1813 1813 1813 1813 1813
    1813 1813 1813 3092 3092 3064 3064 3064 3064 3064 3994 3994 3994
    4190 1813 1813 1813 1804 1804 1813 1813 1813 1813 1813 1813 1813
    1813 1804 1804 1804 1804 1804 1804 1804 1804 1804 1804 1804 1804
    1804 1804 1804 1813 1813 1813 1813 1813 1813 1813 1813 1804 1804
    1804 1804 1804 3064 3064 3064 3064 3064 3064 3064 3994 3994 3994
    4190 1813 1813 1813 1804 1804 1813 1813 1813 1813 1813 1813 1813
    1813 1804 1804 1804 1804 1804 1804 1804 1804 1804 1804 1804 1804
    1804 1804 1804 1813 1813 1813 1813 1813 1813 1813 1813 1804 1804
    1804 1804 1813 3064 3064 3064 3064 3064 3064 3064 3064 3948 3948
    4241 4241 1813 1813 1804 1804 1804 1804 1813 1813 1813 1813 1813
    1813 1804 1804 1804 1804 1804 1813 1813 1813 1813 1813 1804 1804
    1804 1804 1813 1813 1813 1813 1813 1813 1804 1804 1813 1813 1813
    1813 1804 1804 3064 3064 3064 3064 3064 3064 3064 3064 3948 3948
    4241 4241 1813 1813 1804 1804 1804 1804 1813 1804 1804 1813 1813
    1813 1813 1804 1804 1804 1813 1813 1813 1813 1813 1813 1804 1804
    1804 1804 1813 1813 1813 1813 1813 1813 1804 1804 1813 1813 1813
    1804 1785 1785 1785 3064 3064 3064 3064 3064 3064 3064 3948 3948
    4241 4241 4241 1813 1813 1813 1813 1813 1813 1804 1804 1813 1813
    1813 1813 1804 1804 1804 1813 1813 1813 1813 1804 1804 1804 1804
    1804 1804 1813 1813 1813 1813 1813 1813 1813 1813 1813 1813 1813
    1804 1785 1785 1785 3092 3092 3064 3064 3064 3064 3064 3994 3948
    4190 4241 4241 1813 1813 1813 1813 1813 1813 1813 1804 1804 1804
    1804 1804 1804 1804 1804 1813 1813 1813 1813 1804 1804 1804 1804
    1804 1804 1813 1813 1813 1813 1813 1813 1813 1813 1813 1813 1813
    1813 1785 1785 1785 1785 3064 3064 3064 3064 3092 3994 3994 3948
    4190 4190 4241 1813 1813 1813 1813 1813 1813 1813 1804 1804 1804
    1804 1804 1804 1804 1804 1804 1813 1813 1813 1804 1804 1804 1804
    1804 1804 1813 1813 1813 1813 1813 1813 1813 1813 1813 1813 1804
    1794 1794 1785 1785 1794 1794 4089 4041 4041 4041 4041 3994 3948
    4190 4241 4241 4241 1813 1804 1804 1804 1804 1813 1804 1804 1804
    1804 1804 1804 1804 1804 1804 1804 1804 1804 1804 1804 1804 1804
    1794 1794 1804 1804 1813 1813 1813 1813 1804 1804 1804 1804 1804
    1794 1794 1785 1785 1794 1794 4089 4041 4041 4041 4041 3994 3948
    4190 4241 4241 4241 1804 1804 1804 1804 1804 1813 1804 1804 1813
    1813 1804 1804 1804 1804 1804 1804 1804 1804 1804 1804 1804 1804
    1794 1794 1794 1794 1813 1813 1813 1804 1804 1804 1804 1804 1804
    1804 1794 1794 1794 1785 1785 4089 4041 4041 4041 4041 4041 3994
    4241 4241 4241 4241 1804 1804 1804 1804 1804 1804 1804 1804 1813
    1804 1804 1804 1804 1804 1804 1804 1804 1804 1804 1804 1804 1804
    1794 1794 1794 1794 1804 1813 1813 1804 1804 1804 1804 1804 1804
    1804 1804 1794 1794 1785 1785 1785 4041 4041 4041 4041 4041 3994
    2859 2859 4241 4241 4190 1813 1813 1813 1804 1804 1804 1804 1804
    1804 1804 1804 1804 1804 1804 1804 1794 1794 1804 1804 1804 1804
