<?xml version="1.0"?>
<opencv_storage>
<Depth17658 type_id="opencv-matrix">
  <rows>67</rows>
  <cols>32</cols>
  <dt>w</dt>
  <data>
    3269 3269 1731 1722 1722 1722 1713 1713 1713 3269 3269 3269 3269
    3269 3269 3269 3269 3238 3238 3238 3269 3269 3269 3269 3269 3269
    3269 3269 3269 3269 3269 3269 3178 1731 1722 1713 1696 1696 1705
    1705 1713 3269 3208 3178 3178 3238 1696 1696 3269 3178 3178 3178
    3238 3269 3269 3269 3269 3269 3269 3269 3269 3269 3269 3269 1722
    1731 1713 1696 1680 1663 1655 1647 1647 1655 1647 1647 1647 1655
    1655 1655 1639 1632 1632 3178 3238 3238 3269 3269 3269 3269 3269
    3269 3269 3269 3269 3269 1722 1722 1713 1680 1663 1647 1639 1632
    1616 1616 1616 1624 1601 1594 1594 1616 1616 1609 1601 1601 3238
    3238 1509 1503 1503 3269 3238 3238 3238 3238 3238 3269 1731 1713
    1696 1680 1655 1639 1624 1616 1601 1594 1594 1586 1586 1586 1579
    1579 1579 1564 1557 1557 1557 1509 1503 1503 1503 1503 3238 3238
    3238 3238 3238 3269 1722 1713 1696 1671 1632 1609 1594 1586 1572
    1572 1594 1572 1572 1572 1572 1550 1550 1550 1536 1529 1516 1503
    1503 1496 1496 1496 3238 3238 3269 3269 3269 3269 1713 1705 1688
    1671 1609 1586 1557 1523 1523 1523 1523 1523 1509 1509 1509 1516
    1523 1523 1516 1516 1509 1503 1503 1496 1496 1496 1496 1496 3238
    3238 3238 3269 1705 1705 1688 1680 1609 1586 1550 1523 1523 1523
    1516 1516 1509 1509 1509 1516 1509 1509 1509 1509 1503 1503 1503
    1496 1496 1496 1496 1496 3238 3238 3238 3269 1705 1705 1688 1688
    1616 1601 1543 1523 1516 1516 1516 1509 1509 1509 1503 1503 1503
    1503 1503 1503 1503 1503 1503 1503 1503 1496 1496 1496 1496 1496
    3269 3269 1713 1705 1688 1655 1624 1523 1523 1523 1516 1516 1516
    1509 1503 1503 1503 1503 1503 1503 1503 1503 1503 1496 1496 1496
    1496 1496 1496 1496 1496 1496 3269 3269 3269 1705 1688 1647 1632
    1523 1523 1523 1516 1516 1516 1509 1503 1503 1503 1503 1503 1503
    1503 1503 1503 1496 1496 1496 1496 1496 1496 1496 1496 1496 3238
    3238 3238 1713 1705 1647 1632 1529 1529 1523 1516 1516 1516 1509
    1503 1503 1503 1503 1503 1503 1503 1503 1503 1503 1496 1496 1496
    1496 1489 1489 1489 3238 3238 3238 3238 1713 1688 1647 1632 1616
    1529 1523 1516 1516 1509 1509 1503 1503 1503 1503 1503 1503 1503
    1503 1503 1503 1496 1496 1496 1496 1489 1489 1489 3238 3238 3238
    3269 1705 1688 1647 1639 1616 1529 1523 1516 1516 1509 1509 1509
    1503 1503 1503 1503 1503 1503 1503 1503 1496 1496 1496 1496 1496
    1489 1489 1489 3238 3238 3238 1705 1705 1688 1655 1639 1616 1536
    1529 1516 1509 1509 1503 1503 1503 1503 1503 1503 1503 1503 1503
    1503 1496 1496 1496 1496 1489 1489 1489 1489 3269 3269 3238 3208
    1680 1680 1671 1647 1616 1543 1529 1516 1509 1503 1503 1503 1503
    1503 1503 1503 1503 1503 1503 1503 1496 1496 1496 1496 1489 1489
    1489 1489 3238 3238 3238 3208 1680 1680 1671 1647 1616 1550 1529
    1516 1509 1503 1503 1503 1503 1503 1503 1503 1503 1503 1503 1496
    1496 1496 1496 1496 1496 1496 1496 1496 1496 3238 3238 3208 1680
    1680 1671 1647 1616 1550 1529 1516 1509 1503 1503 1503 1503 1503
    1503 1503 1503 1503 1503 1496 1496 1496 1496 1496 1496 1496 1496
    1496 1496 3208 3208 3238 1680 1680 1671 1647 1564 1550 1536 1516
    1509 1503 1503 1503 1503 1503 1503 1503 1503 1503 1503 1496 1496
    1496 1496 1496 1496 1496 1496 1496 3178 3178 3178 3238 1688 1688
    1680 1647 1564 1543 1529 1516 1509 1503 1503 1503 1503 1503 1503
    1503 1503 1503 1503 1496 1496 1496 1496 1496 1496 1496 1496 1496
    3178 3178 3178 3238 3238 1696 1680 1663 1564 1543 1529 1516 1509
    1503 1503 1503 1503 1503 1503 1503 1503 1503 1503 1496 1496 1496
    1496 1496 1496 1489 1489 1489 3208 3208 3208 3208 3208 1696 1680
    1663 1564 1550 1536 1516 1509 1503 1503 1503 1503 1503 1503 1503
    1503 1503 1503 1496 1496 1496 1489 1489 1496 1489 1489 1489 1489
    3208 3208 3208 3208 1696 1680 1663 1624 1557 1536 1523 1509 1503
    1503 1503 1503 1503 1503 1496 1496 1496 1503 1496 1496 1489 1489
    1489 1496 1489 1489 1489 1489 3238 3238 3238 3238 1696 1680 1663
    1624 1557 1536 1523 1509 1509 1503 1503 1503 1503 1496 1496 1496
    1496 1496 1496 1496 1489 1489 1489 1489 1489 1489 1489 1489 3238
    3238 3238 1696 1696 1680 1663 1624 1557 1536 1523 1509 1509 1503
    1503 1503 1503 1496 1496 1496 1496 1496 1496 1496 1496 1489 1489
    1489 1489 1483 1483 1483 3238 3238 3238 1696 1696 1688 1671 1624
    1564 1543 1523 1509 1503 1503 1503 1503 1503 1496 1496 1496 1496
    1496 1496 1496 1496 1496 1489 1489 1489 1483 1483 1483 3238 3238
    3238 3238 1688 1688 1671 1624 1572 1543 1523 1509 1503 1503 1503
    1503 1503 1503 1503 1496 1496 1496 1496 1496 1496 1496 1496 1496
    1489 1489 1489 1489 3238 3238 3238 3238 1688 1688 1663 1632 1572
    1550 1529 1509 1503 1503 1503 1503 1503 1503 1503 1496 1496 1496
    1496 1496 1496 1496 1496 1496 1489 1489 1489 1489 3300 3238 3238
    3238 1688 1688 1663 1632 1579 1557 1529 1509 1503 1503 1503 1503
    1503 1503 1503 1503 1496 1496 1489 1489 1489 1496 1496 1496 1489
    1483 1483 1483 3300 3238 3238 3238 1680 1680 1655 1624 1579 1557
    1529 1509 1503 1503 1503 1503 1503 1503 1503 1503 1496 1496 1489
    1489 1489 1489 1496 1489 1489 1483 1483 1483 3238 3238 3208 3208
    1680 1680 1655 1624 1601 1564 1536 1509 1503 1503 1503 1503 1503
    1503 1503 1503 1496 1496 1489 1489 1489 1489 1496 1489 1489 1483
    1483 1483 1483 3238 3208 3208 1671 1671 1655 1624 1601 1564 1536
    1516 1503 1503 1503 1503 1503 1503 1503 1503 1496 1496 1496 1496
    1496 1489 1489 1489 1489 1489 1483 1483 1483 3238 3208 3208 1671
    1671 1655 1632 1601 1564 1543 1516 1503 1503 1503 1503 1503 1503
    1503 1503 1496 1496 1496 1496 1496 1489 1489 1489 1489 1489 1489
    1489 3269 3238 3208 3208 1680 1680 1663 1632 1601 1564 1543 1516
    1503 1503 1503 1503 1503 1503 1503 1503 1496 1496 1496 1496 1496
    1489 1489 1489 1489 1489 1489 1489 3238 3238 3269 3269 1705 1696
    1680 1639 1594 1564 1543 1523 1509 1503 1503 1503 1503 1503 1496
    1496 1496 1496 1496 1496 1496 1489 1489 1483 1483 1483 1489 1489
    3238 3238 3269 3269 1705 1705 1696 1639 1594 1564 1550 1529 1509
    1503 1503 1503 1503 1496 1496 1496 1496 1496 1496 1496 1496 1489
    1489 1483 1483 1483 1483 1483 1483 3238 3269 3269 1705 1705 1696
    1639 1594 1564 1550 1523 1503 1503 1503 1503 1503 1496 1496 1496
    1496 1496 1496 1496 1496 1489 1489 1483 1483 1483 1477 1477 1477
    3238 3238 3238 3238 1705 1688 1663 1594 1579 1557 1523 1503 1503
    1503 1503 1503 1496 1496 1496 1496 1489 1489 1496 1496 1496 1489
    1489 1483 1477 1477 1477 1477 3269 3238 3238 3238 1705 1680 1632
    1594 1579 1557 1523 1503 1503 1496 1496 1496 1496 1496 1496 1489
    1489 1489 1496 1496 1496 1489 1489 1483 1477 1470 1470 1470 3269
    3178 3178 3178 1680 1680 1632 1594 1564 1550 1516 1503 1496 1496
    1496 1496 1496 1496 1496 1489 1489 1489 1496 1496 1496 1489 1489
    1483 1477 1470 1470 1470 3269 3178 3178 3178 1688 1688 1647 1594
    1557 1536 1509 1503 1496 1496 1496 1496 1496 1496 1496 1489 1489
    1489 1496 1496 1496 1489 1489 1483 1477 1470 1470 1470 1470 3178
    3178 3178 1696 1688 1680 1655 1557 1536 1509 1503 1503 1496 1496
    1496 1496 1496 1496 1489 1489 1489 1496 1496 1496 1489 1483 1483
    1477 1477 1470 1470 1470 3178 3178 3178 1680 1680 1671 1663 1557
    1536 1523 1509 1503 1496 1496 1496 1496 1496 1496 1496 1496 1496
    1489 1489 1489 1489 1483 1483 1477 1477 1477 1477 1477 3178 3149
    3149 1663 1663 1671 1663 1564 1543 1523 1509 1503 1496 1496 1496
    1496 1496 1496 1496 1496 1489 1489 1489 1489 1483 1483 1483 1477
    1477 1477 1477 1477 3178 3149 3149 1663 1663 1671 1671 1579 1550
    1529 1509 1503 1496 1496 1496 1503 1496 1496 1496 1489 1489 1489
    1489 1489 1483 1483 1483 1477 1477 1477 1483 1483 3178 3178 3178
    3178 1680 1680 1688 1572 1557 1536 1509 1503 1496 1496 1496 1496
    1496 1496 1496 1489 1489 1489 1489 1489 1489 1483 1483 1483 1477
    1477 1483 1483 3178 3178 3178 3178 1696 1696 1688 1572 1557 1543
