<?xml version="1.0"?>
<opencv_storage>
<Depth0748 type_id="opencv-matrix">
  <rows>39</rows>
  <cols>73</cols>
  <dt>w</dt>
  <data>
    3503 3503 1509 1509 1503 1503 1503 1503 1503 1503 1503 1496 1496
    1496 1496 1503 1509 1509 1509 1509 1509 1516 1516 1516 1509 1509
    1509 3503 1516 1509 1509 3503 3503 3468 3468 4708 4582 4582 4708
    4708 4708 4708 4708 4645 4645 4645 4645 4645 4645 4645 4645 4645
    4708 4645 4645 4645 4645 4645 4645 4645 4645 4645 4645 4645 4645
    4645 4645 4645 4582 4522 4522 4522 4522 4708 4708 1509 1509 1489
    1489 1489 1489 1489 1489 1496 1496 1489 1489 1489 1496 1496 1503
    1503 1503 1503 1509 1509 1509 1503 1503 1503 1503 1509 1503 1503
    1503 1496 1496 1496 1503 1503 1509 4708 4708 4708 4708 4708 4708
    4645 4645 4645 4645 4645 4645 4645 4708 4708 4708 4708 4645 4645
    4645 4645 4645 4645 4645 4645 4645 4645 4645 4645 4645 4582 4522
    4522 4522 4522 4708 0 1489 1489 1489 1477 1470 1470 1470 1477 1483
    1489 1483 1483 1483 1483 1483 1483 1483 1483 1489 1489 1489 1496
    1489 1489 1489 1489 1496 1496 1496 1496 1496 1496 1496 1496 1496
    1496 1496 1496 1496 1496 1496 1503 1496 1496 4645 4645 1503 1503
    4645 4645 4708 4708 4708 4708 4708 4708 4645 4645 4645 4645 4645
    4645 4645 4645 4645 4582 4522 4522 4522 4582 4582 4708 0 0 1445 1445
    1445 1452 1452 1445 1445 1458 1470 1470 1470 1470 1470 1464 1464
    1464 1470 1470 1477 1477 1477 1477 1477 1477 1477 1477 1483 1483
    1489 1489 1489 1489 1489 1489 1483 1483 1489 1483 1483 1483 1489
    1489 1489 1496 1496 1496 1489 1489 1496 1496 1496 1509 4708 4708
    4708 4645 4645 4708 4645 4645 4645 4645 4645 4645 4582 4463 4463
    4522 4582 4582 4708 0 0 1439 1439 1439 1439 1433 1433 1433 1439 1445
    1452 1458 1458 1458 1452 1452 1452 1452 1458 1458 1458 1464 1464
    1464 1464 1464 1464 1464 1464 1470 1470 1483 1477 1477 1477 1483
    1483 1483 1477 1477 1477 1483 1483 1483 1489 1489 1489 1489 1489
    1489 1496 1496 1496 1509 1509 1503 1503 1503 1503 1503 4708 4708
    4708 4645 4645 4463 4463 4463 4582 4582 4645 0 0 0 1415 1415 1415
    1415 1415 1415 1415 1421 1421 1421 1421 1421 1427 1427 1427 1427
    1427 1433 1445 1445 1452 1452 1452 1445 1445 1445 1445 1445 1445
    1445 1458 1464 1464 1464 1470 1470 1470 1464 1464 1464 1470 1470
    1470 1477 1477 1477 1483 1483 1483 1483 1483 1483 1483 1489 1489
    1496 1496 1496 1489 1489 1489 1496 1496 1496 4463 4241 4241 4582
    4582 4645 0 0 0 1415 1398 1398 1398 1410 1410 1404 1404 1404 1410
    1410 1415 1421 1421 1421 1421 1421 1421 1433 1433 1427 1427 1427
    1427 1427 1427 1427 1427 1433 1433 1433 1427 1427 1433 1439 1445
    1445 1445 1445 1452 1452 1458 1458 1458 1464 1464 1470 1470 1470
    1470 1470 1464 1464 1464 1470 1483 1483 1483 1477 1470 1470 1470
    1470 1470 1470 4241 4241 4582 4582 4645 0 0 0 1381 1381 1387 1387
    1387 1392 1392 1398 1398 1398 1398 1404 1410 1410 1410 1410 1410
    1410 1415 1415 1415 1415 1415 1415 1415 1415 1415 1415 1421 1415
    1415 1415 1421 1421 1421 1421 1427 1433 1433 1427 1427 1427 1427
    1433 1427 1421 1421 1421 1421 1439 1445 1445 1445 1445 1452 1452
    1470 1470 1464 1458 1452 1452 1458 1458 1458 1445 4582 4582 4582
    4708 0 0 1370 1365 1365 1370 1376 1376 1381 1381 1387 1381 1381 1381
    1381 1381 1387 1387 1398 1392 1387 1387 1387 1392 1398 1398 1398
    1398 1404 1410 1410 1410 1410 1404 1404 1410 1410 1410 1415 1415
    1421 1421 1421 1421 1421 1421 1421 1415 1415 1415 1415 1415 1421
    1421 1433 1433 1433 1433 1433 1433 1445 1445 1445 1445 1445 1445
    1445 1445 1445 1445 4774 4774 4708 0 0 1370 1359 1359 1359 1365 1365
    1365 1365 1370 1370 1370 1370 1359 1359 1359 1359 1359 1376 1376
    1376 1376 1376 1376 1376 1381 1381 1387 1387 1387 1387 1387 1387
    1392 1392 1392 1392 1392 1398 1398 1410 1415 1410 1410 1410 1415
    1410 1410 1410 1404 1404 1410 1410 1410 1421 1421 1421 1421 1421
    1421 1427 1433 1427 1427 1427 1433 1433 1433 0 4842 4842 4708 0 0
    1343 1343 1349 1349 1349 1349 1354 1354 1359 1359 1359 1354 1354
    1354 1354 1354 1354 1354 1359 1359 1365 1365 1365 1365 1370 1370
    1370 1370 1370 1376 1376 1376 1376 1376 1376 1376 1376 1381 1381
    1381 1387 1381 1376 1376 1376 1381 1392 1398 1398 1398 1398 1398
    1398 1398 1398 1398 1404 1410 1415 1415 1421 1421 1421 1421 1421
    1421 1421 1398 0 0 4708 0 1328 1328 1328 1328 1328 1328 1328 1328
    1338 1338 1338 1338 1338 1343 1349 1343 1338 1338 1343 1349 1349
    1354 1354 1354 1354 1354 1354 1359 1359 1359 1365 1365 1365 1365
    1365 1365 1365 1365 1365 1365 1359 1359 1370 1370 1370 1370 1370
    1376 1381 1387 1387 1387 1387 1392 1387 1387 1387 1387 1387 1392
    1392 1398 1398 1404 1404 1404 1398 1398 1398 0 0 0 1338 1328 1322
    1317 1317 1317 1317 1317 1322 1328 1328 1328 1328 1328 1333 1333
    1333 1333 1333 1333 1333 1333 1333 1338 1338 1338 1338 1343 1343
    1343 1349 1349 1349 1354 1354 1354 1354 1354 1354 1354 1354 1354
    1354 1354 1359 1365 1365 1365 1365 1365 1370 1370 1376 1376 1376
    1376 1376 1376 1370 1370 1376 1376 1376 1376 1376 1376 1381 1387
    1387 1392 0 0 0 1333 1328 1322 1317 1317 1317 1317 1317 1322 1322
    1322 1322 1322 1322 1322 1322 1322 1328 1328 1328 1322 1322 1322
    1328 1333 1333 1333 1333 1333 1333 1333 1333 1333 1333 1333 1338
    1338 1338 1338 1338 1343 1343 1343 1349 1349 1354 1354 1354 1354
    1354 1354 1354 1354 1359 1359 1365 1365 1365 1365 1365 1365 1370
    1370 1370 1370 1370 1370 1376 1376 1387 0 0 0 1333 1328 1322 1322
    1317 1317 1317 1322 1322 1322 1322 1322 1322 1322 1322 1317 1317
    1322 1322 1322 1317 1317 1317 1317 1322 1322 1322 1322 1322 1322
    1322 1322 1322 1328 1328 1328 1328 1328 1328 1328 1333 1333 1333
    1338 1338 1338 1338 1338 1338 1343 1343 1343 1343 1343 1343 1343
    1349 1354 1354 1354 1354 1359 1359 1359 1359 1359 1359 1359 1376
    1387 0 0 0 1328 1328 1322 1322 1317 1317 1322 1322 1322 1322 1322
    1322 1322 1322 1322 1317 1317 1322 1322 1322 1317 1317 1312 1312
    1317 1317 1317 1317 1317 1317 1317 1317 1317 1317 1317 1317 1317
    1317 1322 1322 1322 1322 1322 1322 1328 1328 1322 1322 1322 1328
    1328 1333 1333 1333 1333 1333 1338 1338 1343 1343 1343 1343 1349
    1349 1349 1349 1338 1333 1333 1338 1338 0 0 1328 1328 1322 1322 1322
    1322 1322 1322 1322 1322 1328 1328 1328 1328 1322 1322 1322 1328
    1328 1322 1317 1317 1312 1312 1317 1317 1317 1317 1317 1317 1317
    1312 1312 1317 1312 1312 1317 1317 1317 1317 1317 1317 1317 1317
    1317 1317 1317 1317 1317 1317 1317 1322 1322 1322 1317 1317 1322
    1322 1328 1328 1328 1333 1333 1338 1338 1333 1328 1328 1328 1328
    1333 1338 1349 1328 1328 1328 1322 1322 1322 1322 1322 1322 1328
    1328 1328 1328 1328 1328 1328 1328 1328 1328 1322 1317 1317 1312
    1312 1317 1322 1317 1317 1317 1317 1317 1312 1312 1312 1312 1312
    1317 1317 1317 1317 1312 1312 1312 1312 1312 1312 1312 1312 1312
    1312 1312 1317 1317 1312 1312 1312 1312 1317 1317 1312 1312 1317
    1322 1322 1322 1317 1317 1317 1317 1317 1322 1317 1317 0 1328 1328
    1322 1322 1328 1328 1328 1328 1328 1328 1328 1328 1328 1328 1328
    1328 1328 1328 1328 1322 1322 1317 1317 1322 1322 1322 1322 1317
    1317 1322 1317 1312 1312 1312 1312 1317 1317 1317 1317 1312 1312
    1312 1312 1312 1312 1312 1312 1312 1312 1312 1312 1312 1312 1312
    1312 1312 1312 1312 1312 1312 1317 1317 1317 1312 1312 1312 1312
    1312 1312 1317 1312 1312 0 1328 1328 1328 1328 1328 1328 1328 1328
    1328 1328 1328 1328 1328 1328 1328 1328 1328 1328 1328 1322 1322
    1322 1322 1322 1328 1322 1322 1322 1322 1322 1322 1317 1317 1317
    1317 1322 1317 1317 1317 1317 1312 1312 1312 1312 1312 1312 1312
    1312 1312 1312 1312 1312 1312 1312 1312 1312 1312 1312 1312 1312
    1312 1317 1312 1312 1312 1312 1312 1312 1312 1312 1312 1307 1349
    1333 1328 1328 1328 1333 1328 1328 1328 1333 1333 1333 1328 1328
    1328 1328 1328 1328 1328 1328 1328 1328 1322 1322 1328 1328 1328
    1328 1322 1322 1322 1322 1322 1322 1322 1322 1322 1322 1317 1317
