<?xml version="1.0"?>
<opencv_storage>
<Depth3672 type_id="opencv-matrix">
  <rows>63</rows>
  <cols>54</cols>
  <dt>w</dt>
  <data>
    1688 1680 1680 1680 1680 1688 1688 1696 1696 4241 4241 4522 4522
    4522 4522 4522 1671 4708 4708 4708 4645 1696 1696 1696 1696 1705
    1713 1713 4983 1766 1766 1776 1776 1776 5210 5132 5132 5132 5132
    5132 5132 5132 5210 5210 5210 5210 5210 5291 5291 5291 5291 5291
    5291 5374 1696 1688 1680 1680 1680 1688 1688 1696 4349 4241 4241
    4522 4522 4582 4582 1671 1671 1663 1663 1663 1663 1671 1688 1696
    1696 1705 1713 1739 1757 1757 1757 1766 1776 1776 1776 5210 5132
    5056 5056 5132 5132 5132 5210 5210 5210 5210 5210 5291 5291 5291
    5374 5374 5374 5291 4349 4349 4349 4349 4349 4349 4405 1586 1586
    1586 1594 1594 1594 1594 1616 1655 1663 1663 1663 1663 1663 1671
    1688 1696 1696 1705 1713 1739 1748 1757 1757 1766 1776 1776 1776
    5056 5056 5056 5056 5132 5132 5132 5132 5210 5210 5210 5210 5291
    5291 5291 5374 5374 5291 5291 4349 4349 4349 4349 4349 4349 1594
    1586 1586 1586 1594 1594 1594 1594 1609 1616 1632 1655 1655 1663
    1663 1663 1680 1696 1696 1713 1713 1739 1748 1757 1757 1766 1766
    1776 1785 1785 5056 5056 5056 5132 5132 5132 5132 5132 5210 5210
    5210 5291 5291 5374 5374 5374 5291 5291 4349 4349 4349 4349 4349
    4349 1594 1594 1586 1586 1594 1594 1594 1601 1609 1609 1624 1639
    1655 1655 1655 1655 1671 1688 1696 1705 1722 1731 1739 1748 1757
    1766 1766 1766 1785 1785 1785 5056 5056 5132 5132 5132 5132 5132
    5210 5210 5210 5291 5291 5291 5374 5374 5291 5291 4295 4349 4349
    4349 4349 1601 1601 1594 1594 1594 1594 1594 1594 1601 1609 1609
    1624 1632 1647 1655 1655 1655 1671 1680 1688 1696 1696 1722 1739
    1748 1757 1757 1766 1766 1776 1785 1785 5132 5132 5132 5132 5132
    5132 5210 5210 5210 5210 5291 5291 5291 5374 5374 5374 5291 1632
    1624 1624 1609 1601 1601 1601 1594 1594 1594 1594 1594 1601 1601
    1601 1609 1624 1632 1639 1647 1655 1655 1671 1680 1688 1696 1696
    1722 1731 1739 1757 1757 1766 1776 1776 1776 1776 5132 5132 5132
    5132 5132 5210 5210 5210 5210 5210 5291 5291 5291 5374 5374 5374
    5374 1632 1624 1624 1609 1601 1601 1601 1601 1601 1601 1601 1601
    1601 1601 1601 1609 1616 1632 1639 1647 1655 1655 1663 1671 1688
    1696 1705 1713 1731 1739 1757 1757 1766 1766 1776 1776 1776 5132
    5132 5132 5132 5132 5132 5210 5210 5210 5210 5291 5291 5374 5374
    5374 5374 5374 1624 1624 1624 1609 1609 1609 1609 1609 1601 1601
    1601 1601 1601 1601 1601 1609 1616 1624 1632 1632 1647 1655 1663
    1671 1688 1696 1705 1713 1722 1731 1757 1766 1766 1766 1785 1785
    1785 1785 5132 5132 5132 5132 5132 5210 5210 5210 5210 5291 5291
    5374 5374 5460 5460 5374 1624 1632 1624 1616 1616 1616 1609 1609
    1609 1601 1601 1601 1601 1601 1601 1609 1616 1624 1632 1632 1647
    1655 1655 1663 1680 1696 1705 1713 1713 1722 1748 1757 1766 1776
    1776 1785 1785 1794 1794 5210 5132 5132 5132 5210 5210 5210 5210
    5291 5291 5374 5374 5460 5460 5374 1624 1632 1632 1616 1616 1616
    1616 1616 1609 1601 1601 1601 1601 1601 1601 1616 1616 1624 1632
    1632 1647 1655 1655 1663 1671 1705 1705 1705 1713 1722 1739 1757
    1766 1766 1776 1776 1785 1794 1794 5210 5210 5132 5132 5210 5210
    5210 5210 5210 5291 5291 5374 5374 5460 5460 1639 1632 1632 1624
    1624 1616 1616 1616 1609 1609 1601 1601 1601 1601 1609 1616 1624
    1624 1632 1632 1647 1655 1655 1655 1663 1696 1696 1705 1705 1722
    1739 1748 1757 1766 1766 1776 1785 1785 1794 1794 5210 5132 5132
    5132 5210 5210 5210 5210 5291 5291 5374 5374 5374 5460 1639 1632
    1632 1632 1624 1624 1616 1616 1616 1609 1609 1601 1601 1609 1609
    1616 1624 1624 1632 1632 1639 1655 1655 1655 1663 1688 1696 1696
    1705 1713 1731 1748 1757 1757 1766 1776 1785 1785 1794 1804 1804
    5132 5132 5132 5210 5210 5210 5210 5291 5291 5374 5374 5374 5374
    1632 1632 1632 1632 1624 1624 1624 1624 1616 1616 1616 1609 1609
    1609 1609 1609 1624 1624 1632 1632 1639 1655 1655 1655 1663 1680
    1696 1696 1705 1713 1722 1748 1757 1757 1766 1776 1785 1785 1794
    1804 1804 5132 5132 5132 5132 5210 5210 5210 5291 5291 5374 5374
    5374 5374 1632 1632 1632 1632 1632 1624 1624 1624 1624 1624 1624
    1616 1609 1609 1609 1609 1609 1624 1632 1632 1639 1655 1655 1655
    1663 1680 1696 1705 1705 1713 1722 1748 1757 1757 1766 1776 1785
    1794 1794 1794 1794 5132 5132 5132 5132 5210 5210 5210 5291 5291
    5374 5374 5374 5374 1632 1632 1632 1632 1632 1632 1632 1624 1624
    1624 1624 1616 1616 1609 1609 1609 1609 1609 1624 1632 1639 1655
    1655 1655 1663 1680 1696 1705 1713 1713 1722 1739 1748 1757 1766
    1766 1785 1794 1794 1794 1804 1804 5132 5132 5132 5210 5210 5210
    5291 5291 5291 5374 5374 5374 1632 1632 1639 1639 1639 1632 1632
    1624 1624 1624 1624 1624 1616 1609 1609 1609 1609 1609 1616 1632
    1639 1647 1655 1655 1663 1680 1696 1696 1705 1713 1722 1731 1748
    1757 1757 1766 1785 1794 1794 1804 1804 1804 5132 5132 5132 5210
    5210 5210 5210 5291 5291 5374 5374 5374 4190 1647 1639 1639 1647
    1639 1632 1624 1624 1624 1624 1624 1616 1616 1616 1616 1609 1609
    1616 1632 1639 1647 1655 1655 1663 1680 1688 1696 1705 1713 1722
    1731 1739 1748 1757 1766 1776 1794 1794 1794 1804 1804 5132 5132
    5210 5210 5210 5210 5210 5291 5291 5374 5374 5374 4241 4241 1647
    1647 1647 1639 1632 1632 1632 1624 1624 1624 1624 1624 1616 1616
    1609 1609 1616 1632 1632 1647 1647 1655 1663 1671 1680 1688 1696
    1713 1722 1731 1731 1748 1748 1757 1766 1785 1794 1794 1804 1804
    1804 5210 5210 5210 5291 5291 5291 5291 5291 5374 5374 5460 4241
    4241 1647 1647 1647 1639 1632 1632 1632 1632 1632 1632 1624 1624
    1624 1616 1616 1616 1624 1632 1632 1639 1639 1647 1655 1663 1671
    1688 1688 1696 1713 1722 1731 1731 1748 1757 1766 1785 1794 1794
    1804 1804 1804 5210 5210 5291 5210 5210 5291 5291 5291 5374 5374
    5374 4190 4139 1663 1663 1655 1639 1639 1639 1639 1632 1632 1632
    1632 1632 1624 1616 1616 1616 1616 1624 1624 1632 1639 1647 1655
    1663 1663 1688 1688 1696 1705 1722 1731 1731 1748 1757 1766 1776
    1785 1794 1804 1804 1804 1813 5291 5210 5210 5210 5210 5291 5291
    5291 5374 5374 4139 4139 1663 1663 1655 1655 1647 1647 1639 1632
    1632 1632 1632 1632 1624 1624 1616 1616 1616 1616 1624 1624 1632
    1647 1655 1663 1663 1688 1688 1696 1705 1722 1722 1722 1731 1757
    1766 1766 1785 1794 1804 1804 1813 1813 1813 5132 5132 5210 5210
    5291 5291 5291 5291 5374 4139 4139 4139 1655 1655 1655 1655 1647
    1639 1632 1632 1639 1632 1632 1632 1632 1616 1616 1616 1616 1616
    1624 1632 1639 1647 1663 1663 1671 1680 1696 1705 1713 1722 1722
    1731 1757 1766 1766 1785 1794 1794 1804 1804 1813 1813 5132 5132
    5210 5210 5210 5210 5291 5291 5374 4139 4139 4139 1655 1655 1655
    1655 1647 1647 1647 1647 1639 1639 1632 1632 1632 1624 1624 1616
    1616 1616 1624 1632 1639 1647 1655 1663 1663 1680 1688 1696 1705
    1722 1722 1731 1748 1757 1766 1785 1785 1794 1804 1804 1813 1813
    5132 5132 5132 5132 5210 5210 5291 5374 5374 4139 4139 4139 4190
    1663 1663 1655 1655 1655 1647 1647 1639 1639 1639 1632 1632 1624
    1624 1624 1624 1624 1624 1632 1639 1655 1655 1663 1663 1680 1688
    1696 1705 1722 1731 1731 1739 1748 1766 1776 1785 1794 1804 1804
    1813 1813 5132 5132 5132 5132 5210 5210 5374 5374 5374 4139 4139
    4190 4190 1663 1663 1663 1655 1655 1655 1655 1647 1647 1639 1632
    1632 1624 1624 1624 1624 1624 1624 1632 1647 1647 1655 1655 1663
    1671 1688 1696 1696 1722 1722 1739 1739 1748 1757 1766 1785 1794
    1794 1804 1813 1813 1813 5210 5132 5132 5210 5210 5374 5374 5374
    4190 4190 4190 4241 4241 1663 1663 1663 1655 1655 1655 1655 1647
    1639 1632 1632 1632 1624 1624 1624 1624 1624 1632 1647 1647 1655
    1655 1663 1671 1688 1688 1696 1713 1713 1731 1731 1748 1757 1766
    1776 1785 1794 1804 1804 1813 1813 5210 5132 5132 5210 5210 5291
    5374 5374 4190 4241 4241 4241 4241 1671 1663 1663 1655 1655 1655
    1655 1647 1647 1639 1632 1632 1632 1632 1624 1624 1624 1632 1639
