<?xml version="1.0"?>
<opencv_storage>
<Depth17818 type_id="opencv-matrix">
  <rows>19</rows>
  <cols>60</cols>
  <dt>w</dt>
  <data>
    1101 2723 2723 3614 3614 3576 3576 3576 3539 3503 3468 3433 2659
    2659 2639 2618 2618 3433 3399 3399 3399 3399 2541 2541 3300 2560
    2522 2522 2503 2503 2485 2450 2450 2450 2450 2450 2432 2398 2398
    2398 2381 2381 2381 2365 2349 2333 2333 2317 2301 2301 2301 2301
    2301 2286 2271 2256 2256 2271 2271 2271 1101 2723 2723 2701 2701
    2723 3539 2680 2680 2680 2680 2659 2659 2639 2618 2598 2579 2579
    2560 2522 2522 2541 2522 2522 2503 2503 2485 2485 2485 2485 2467
    2450 2450 2450 2450 2432 2415 2398 2398 2381 2365 2365 2365 2349
    2349 2333 2317 2286 2271 2271 2271 2271 2286 2271 2256 2241 2241
    2241 2241 2226 2659 2701 2701 2701 2701 2701 2701 2680 2680 2659
    2618 2598 2598 2598 2598 2598 2579 2579 2560 2522 2522 2522 2503
    2503 2467 2450 2450 2450 2450 2432 2432 2432 2432 2432 2432 2415
    2398 2398 2381 2381 2349 2349 2333 2333 2333 2317 2301 2286 2271
    2271 2271 2271 2256 2241 2212 2212 2212 2212 2212 2212 2659 2659
    2659 2680 2680 2680 2680 2659 2659 2639 2598 2579 2579 2579 2579
    2579 2560 2560 2541 2522 2522 2503 2503 2467 2450 2432 2432 2415
    2381 2381 2398 2398 2415 2415 2415 2398 2398 2381 2381 2349 2333
    2333 2333 2317 2317 2301 2301 2271 2271 2271 2256 2256 2256 2241
    2212 2212 2212 2212 2212 2198 2659 2659 2659 2659 2659 2659 2659
    2639 2639 2639 2579 2560 2541 2541 2560 2560 2560 2541 2522 2522
    2522 2503 2467 2467 2450 2432 2432 2415 2381 2381 2398 2398 2398
    2398 2398 2398 2381 2381 2381 2349 2333 2333 2333 2317 2317 2301
    2286 2271 2271 2271 2256 2256 2241 2241 2212 2212 2212 2212 2212
    2198 2659 2659 2659 2659 2659 2639 2618 2598 2598 2598 2579 2560
    2541 2541 2541 2522 2522 2522 2522 2522 2522 2503 2467 2467 2450
    2432 2432 2432 2398 2398 2398 2398 2398 2398 2381 2381 2381 2381
    2381 2349 2333 2333 2333 2317 2317 2301 2286 2271 2271 2271 2256
    2256 2241 2241 2226 2226 2212 2212 2212 2212 2701 2659 2659 2659
    2659 2639 2618 2598 2598 2598 2579 2560 2560 2560 2541 2522 2522
    2522 2522 2522 2522 2503 2467 2467 2450 2432 2432 2432 2415 2415
    2398 2398 2381 2381 2381 2381 2381 2381 2381 2349 2333 2333 2333
    2317 2317 2301 2301 2286 2286 2271 2271 2271 2256 2256 2226 2226
    2212 2212 2212 2212 2701 2680 2659 2659 2659 2639 2618 2598 2598
    2598 2598 2579 2560 2560 2560 2541 2541 2522 2522 2522 2522 2503
    2503 2467 2450 2450 2450 2432 2432 2432 2415 2398 2381 2381 2381
    2381 2398 2381 2381 2349 2333 2333 2333 2317 2317 2317 2317 2301
    2301 2286 2271 2271 2256 2256 2241 2241 2241 2226 2212 2212 2680
    2680 2659 2659 2659 2639 2618 2618 2598 2598 2598 2579 2579 2579
    2560 2541 2541 2522 2522 2522 2522 2503 2467 2467 2467 2450 2450
    2450 2432 2432 2432 2415 2398 2398 2398 2398 2398 2381 2365 2349
    2349 2349 2333 2333 2333 2317 2317 2301 2301 2286 2286 2271 2271
    2256 2241 2241 2241 2241 2226 2212 2680 2680 2680 2680 2659 2659
    2618 2618 2598 2598 2598 2598 2579 2579 2579 2541 2541 2522 2522
    2522 2503 2503 2467 2467 2467 2450 2450 2432 2432 2432 2432 2415
    2398 2398 2398 2398 2398 2381 2365 2365 2349 2349 2333 2333 2333
    2317 2317 2317 2301 2286 2286 2271 2271 2256 2256 2256 2256 2241
    2241 2226 2680 2680 2680 2680 2680 2659 2659 2639 2618 2598 2598
    2598 2579 2579 2579 2560 2541 2541 2522 2522 2503 2503 2467 2467
    2467 2450 2450 2432 2432 2432 2432 2432 2415 2398 2398 2398 2398
    2381 2381 2365 2365 2349 2333 2333 2333 2333 2317 2317 2317 2301
    2286 2271 2271 2256 2256 2256 2256 2241 2241 2226 2680 2680 2680
    2680 2680 2659 2659 2639 2618 2598 2598 2598 2579 2579 2579 2560
    2541 2541 2522 2522 2503 2503 2467 2467 2467 2450 2450 2450 2432
    2432 2432 2415 2415 2415 2415 2398 2398 2398 2381 2365 2365 2349
    2349 2333 2333 2333 2317 2317 2301 2301 2286 2271 2271 2256 2256
    2256 2256 2241 2241 2226 2680 2680 2680 2680 2680 2659 2639 2639
    2618 2598 2579 2579 2579 2560 2560 2560 2541 2541 2522 2503 2503
    2503 2485 2467 2467 2450 2450 2432 2432 2432 2415 2415 2415 2415
    2415 2415 2398 2398 2381 2365 2349 2349 2349 2333 2333 2317 2301
    2301 2301 2301 2286 2271 2271 2256 2256 2256 2256 2241 2241 2226 0
    2701 2680 2680 2680 2659 2618 2618 2618 2598 2579 2579 2579 2560
    2560 2560 2560 2541 2522 2503 2503 2503 2503 2485 2485 2467 2450
    2432 2432 2432 2415 2415 2415 2432 2432 2432 2398 2398 2381 2365
    2349 2349 2349 2333 2317 2301 2286 2286 2286 2301 2286 2271 2271
    2271 2256 2256 2256 2241 2241 2212 0 2701 2701 2701 2680 2659 2618
    2618 2618 2579 2579 2579 2560 2560 2560 2541 2541 2522 2522 2503
    2503 2503 2503 2485 2485 2485 2467 2450 2415 2415 2415 2415 2415
    2432 2450 2381 2381 2381 2365 2365 2333 2333 2349 2317 2317 2301
    2286 2286 2286 2301 2301 2271 2271 2271 2256 2256 2256 2241 2241
    2212 0 2701 2701 2680 2680 2680 2680 2680 2618 2579 2579 2579 2560
    2560 2560 2541 2541 2503 2503 2503 2503 2522 2522 2503 2485 2485
    2450 2450 2415 2415 0 2415 2415 2432 2365 2365 2365 2365 2365 2365
    2333 2333 2333 2317 2317 2301 2301 2301 2301 2317 2317 2286 2271
    2271 2271 2256 2241 2212 2212 2198 1115 1115 1115 1112 1112 1119
    1119 0 0 0 0 0 0 2560 2560 2560 2560 2467 2467 2467 0 0 0 0 0 0 2450
    2450 2450 0 0 0 0 0 2365 2365 2365 2365 2381 2365 2365 2333 2333
    2317 2317 2301 2301 2317 2317 2333 2317 2286 2256 2256 2241 2226
    2212 2198 2198 2184 1123 1112 1112 1108 1108 1112 1112 1112 0 0 0 0
    0 2560 2560 2560 2398 2398 2415 2432 0 0 0 0 0 0 0 0 0 0 0 0 0 0
    2365 2365 2365 2365 2365 2381 0 0 0 0 2317 2317 2317 2317 2317 2333
    2317 2317 2256 2256 2212 2212 2198 2184 2170 2170 1108 1108 1108
    1108 1108 1108 1108 0 0 0 0 0 0 0 0 0 2398 2398 2398 2415 0 0 0 0 0
    0 0 0 0 0 0 0 0 0 2365 2365 2333 2333 2365 0 0 0 0 0 0 0 0 0 0 0 0 0
    0 0 2198 2198 2184 2184 2170 2143</data></Depth17818>
</opencv_storage>
