<?xml version="1.0"?>
<opencv_storage>
<Depth14765 type_id="opencv-matrix">
  <rows>102</rows>
  <cols>80</cols>
  <dt>w</dt>
  <data>
    4139 4139 4139 4089 4089 4089 4041 3994 3994 4041 4041 4041 4041
    4041 4041 1004 1001 995 995 992 992 3994 3903 3903 3903 4041 4041
    4041 4041 4041 4041 4041 4041 4041 4041 4041 4041 4041 4041 4041
    3994 3994 3948 3948 3948 3948 3903 3903 3903 3903 3903 3948 3948
    3948 3903 3903 3903 3903 3903 3859 3859 3859 3859 3859 3859 3859
    3859 3859 3859 3903 3903 3903 3903 3903 3903 3859 3859 3859 3816
    3816 4139 4139 4139 4089 4089 4041 4041 4041 4041 4089 4089 4041
    4041 4041 4041 1004 1001 998 998 992 992 4041 4041 4041 4041 4041
    4041 4041 4041 4041 4041 3994 3994 3994 4041 4041 4041 4041 3994
    3994 3994 3994 3948 3948 3948 3948 3903 3903 3903 3903 3903 3948
    3948 3948 3903 3903 3903 3903 3903 3859 3859 3859 3859 3859 3859
    3859 3859 3859 3859 3903 3903 3903 3903 3903 3903 3859 3816 3816
    3816 3774 4139 4139 4139 4139 4089 4041 4041 4041 4041 4139 4089
    4041 4041 4041 3994 1001 1001 1001 998 995 995 4041 4041 0 0 3994
    3994 3994 3994 3994 4041 3994 3994 3994 4041 4041 4041 4041 3994
    3994 3994 3948 3948 3948 3948 3994 3948 3948 3948 3948 3948 3948
    3948 3948 3903 3903 3903 3903 3903 3903 3903 3903 3859 3859 3859
    3859 3859 3859 3859 3903 3859 3859 3903 3903 3903 3859 3816 3816
    3816 3774 4139 4139 4139 4139 4139 4089 4089 4089 4089 4089 4089
    4041 3994 995 995 995 995 998 998 998 998 4041 4041 0 0 3994 3994
    3994 3994 3994 3994 3994 4041 4041 4041 4041 4041 3994 3994 3948
    3948 3948 3948 3948 3948 3994 3994 3994 3994 3994 3948 3948 3948
    3948 3903 3903 3903 3903 3903 3903 3903 3903 3859 3859 3859 3859
    3859 3859 3859 3903 3859 3859 3859 3859 3859 3859 3859 3816 3816
    3816 4139 4190 4190 0 4089 4089 4089 4089 4089 1010 1010 1004 1001
    995 992 987 984 981 975 975 975 956 954 948 943 3994 3994 938 938
    940 940 946 0 910 910 3994 3994 3994 3994 3903 3903 3859 3859 3948
    3948 3994 3994 3994 3994 3994 3948 3948 3948 3948 3903 3903 3903
    3903 3903 3903 3859 3859 3859 3859 3859 3859 3859 3859 3859 3903
    3859 3859 3859 3859 3859 3859 3859 3816 3774 3774 4139 4190 0 0 0 0
    1004 0 0 1007 1007 1004 1001 992 989 984 981 978 973 967 959 956 954
    948 943 938 935 935 938 938 946 946 910 910 910 0 901 3903 3903 3903
    3903 3816 3816 3948 3948 3994 3994 3994 3994 3994 3948 3948 3948
    3948 3948 3948 3948 3948 3903 3903 3859 3859 3859 3859 3859 3859
    3859 3859 3859 3903 3859 3859 3859 3859 3859 3859 3816 3816 3774
    3774 4190 4190 4190 0 0 0 0 0 0 1004 1004 1001 995 992 989 981 981
    975 970 967 959 956 954 948 943 938 935 935 935 933 933 933 910 910
    910 901 901 0 891 3816 3816 3816 3816 3816 3816 3994 3994 3994 3994
    3994 3948 3948 3948 3948 3948 3948 3948 3948 3903 3859 3859 3859
    3859 3859 3859 3859 3859 3859 3859 3903 3859 3859 3859 3859 3859
    3859 3816 3816 3774 3774 4139 4139 4190 0 0 0 0 0 0 1004 1004 1001
    995 992 989 981 978 975 970 967 962 956 951 946 943 938 933 930 930
    923 918 915 908 903 901 901 901 898 891 891 882 882 882 873 873 871
    871 871 4089 4089 4089 4089 3994 3994 4041 3994 3994 3948 3903 3859
    3859 3859 3859 3859 3859 3859 3859 3859 3859 3903 3903 3903 3859
    3859 3859 3859 3816 3816 3774 3774 4139 4139 4190 0 0 0 0 0 1004
    1004 1004 1001 995 992 989 984 978 973 970 967 962 954 951 946 943
    938 933 930 928 920 918 915 908 903 901 901 898 898 891 891 882 882
    882 873 873 871 871 871 864 856 4190 4190 4190 4139 4041 4041 3994
    3948 3903 3903 3859 3859 3859 3859 3859 3859 3816 3816 3816 871 871
    871 875 867 867 3859 3816 3816 3816 3774 4089 4089 4041 4041 0 0 0 0
    1004 1004 1004 1001 995 992 989 984 978 973 970 967 962 954 951 946
    943 938 933 930 928 920 918 913 910 906 901 901 898 894 889 885 882
    875 873 871 871 869 864 864 864 856 854 854 854 849 849 847 847 847
    847 847 901 901 901 896 896 894 894 882 878 871 871 871 873 867 867
    3903 3903 3903 3903 3816 4089 4089 4041 4041 0 0 0 0 1004 1004 1004
    1001 995 992 987 981 978 973 970 964 962 956 951 946 943 938 933 930
    928 920 915 913 910 906 903 898 894 889 887 882 878 873 871 871 869
    867 862 858 854 854 851 851 854 849 849 847 847 847 0 0 0 896 896
    894 894 889 887 882 878 873 873 873 873 862 860 860 860 862 0 0 4089
    4089 0 0 0 0 0 0 1007 1007 1007 1001 995 992 987 981 978 973 970 964
    962 956 951 946 943 940 935 933 928 920 915 910 910 906 903 898 894
    889 887 882 878 873 871 867 862 862 860 856 854 851 847 839 839 845
    845 847 847 847 819 817 817 896 896 831 831 833 885 882 880 875 875
    873 873 860 860 860 862 862 867 867 4089 4089 4089 0 0 0 0 0 1007
    1007 1004 1001 995 992 987 981 978 975 970 964 959 956 951 946 943
    940 938 935 930 920 915 910 910 906 906 898 894 889 887 882 875 873
    871 864 862 860 856 854 851 847 841 839 837 835 831 827 823 819 819
    817 817 829 829 829 831 833 833 837 839 839 839 873 873 856 856 860
    860 867 867 867 4089 4089 4089 0 0 0 0 0 1007 1007 1004 1001 998 992
    987 981 978 973 967 964 959 954 951 946 943 940 935 933 925 920 913
    910 910 906 903 898 894 889 885 878 875 873 871 864 862 860 856 854
    851 847 839 837 835 831 827 823 821 819 819 817 817 823 827 827 829
    831 833 837 839 839 847 849 851 854 854 860 860 864 867 869 4041
    4041 0 0 0 0 0 0 1007 1007 1004 1001 998 992 987 981 975 973 962 962
    959 954 948 946 943 938 933 930 925 920 913 910 908 906 903 898 894
    889 885 875 875 873 869 864 862 860 856 854 851 847 839 837 833 829
    825 823 821 819 819 819 819 821 825 827 829 831 833 837 839 841 847
    849 851 854 854 860 860 864 867 867 4041 4041 0 0 0 0 0 0 1007 1004
    1004 1001 995 989 987 981 975 970 962 962 959 954 948 946 940 938
    933 928 925 920 913 910 908 906 901 896 894 889 885 875 875 873 869
    864 862 858 856 854 849 847 839 837 831 829 825 823 821 819 819 819
    819 821 825 827 829 831 833 837 839 843 847 849 851 856 856 860 862
    864 867 867 4089 4089 0 0 0 0 0 0 1007 1004 1004 1001 995 989 987
    981 975 970 967 962 959 954 948 946 940 938 933 928 923 918 913 908
    906 903 901 896 894 889 885 875 875 873 869 864 862 858 856 851 847
    843 839 837 831 829 825 823 821 819 819 819 821 823 825 829 831 833
    835 839 839 841 847 849 851 854 856 860 862 864 867 867 3994 3994 0
    0 0 0 0 1013 1007 1004 1004 1001 995 989 984 981 975 970 967 962 959
    954 948 946 940 938 933 928 923 918 913 908 906 903 901 896 891 889
    885 878 875 871 867 864 862 858 854 851 847 843 839 837 831 829 825
    823 819 819 819 819 821 823 825 829 833 833 835 839 839 841 849 851
    854 854 858 860 864 864 864 864 3994 3994 0 0 0 0 0 1013 1010 1007
    1004 1001 992 987 981 981 975 970 967 962 959 954 951 946 940 938
    933 925 923 918 913 910 906 903 901 896 891 889 885 878 875 871 867
    864 862 858 854 851 847 843 839 837 831 829 827 823 819 819 819 819
    821 823 827 831 833 835 837 839 839 847 849 851 854 854 858 860 864
    864 864 864 4041 4041 4041 0 0 0 1016 1013 1010 1007 1001 1001 992
    987 981 981 975 970 967 962 956 954 948 946 940 938 933 925 920 918
    913 910 908 903 901 896 891 887 885 882 875 869 867 864 860 858 854
    851 847 843 839 835 831 829 827 823 819 819 819 819 821 823 829 831
    833 835 837 839 839 847 849 851 854 854 858 860 864 867 867 867 4041
    4041 4041 0 0 0 1016 1013 1010 1007 1001 998 992 989 981 978 975 970
    967 962 956 954 948 943 938 938 933 925 920 918 913 910 906 903 901
    896 891 887 882 882 873 869 867 864 860 858 854 849 847 841 837 835
    831 829 825 823 819 819 819 819 821 825 829 831 833 835 837 839 839
    847 849 851 854 854 858 862 864 867 867 869 4139 4041 4041 0 0 0
    1016 1013 1010 1004 1001 998 992 987 981 978 975 970 962 962 956 951
    946 943 938 935 930 923 920 918 913 908 906 901 898 894 891 887 882
    878 873 869 867 864 860 858 854 849 845 841 837 833 831 829 825 821
