<?xml version="1.0"?>
<opencv_storage>
<Depth6226 type_id="opencv-matrix">
  <rows>21</rows>
  <cols>45</cols>
  <dt>w</dt>
  <data>
    3208 3208 2116 2103 2103 2156 2156 2184 2184 2184 2184 2184 2184
    2198 2184 2156 2143 2143 2198 2198 2198 2198 2198 2198 981 981 984
    987 987 987 987 989 992 992 995 998 1001 1001 1001 1004 1007 1007
    1010 1010 1013 2129 2129 2116 2103 2103 2143 2143 2143 2143 2170
    2170 2170 2170 2170 2170 2156 2143 2143 2156 2184 2198 2198 2198
    2198 981 981 984 984 987 987 987 989 992 992 995 998 1001 1001 1001
    1004 1007 1007 1010 1010 1013 2129 2129 2129 2143 2143 2143 2143
    2143 2143 2143 2156 2156 2143 2143 2156 2143 2143 2143 2156 2170
    2184 2198 2184 2184 981 981 984 984 987 987 987 989 992 992 995 995
    1001 1001 1001 1004 1007 1007 1010 1013 1013 2129 2129 2143 2143
    2143 2143 2143 2143 2143 2143 2156 2156 2143 2143 2156 2143 2143
    2143 2156 2170 2184 2184 2184 2184 981 981 984 984 987 987 989 989
    992 992 995 995 1001 1004 1004 1007 1007 1010 1010 1013 2226 2143
    2143 2143 2143 2156 2143 2143 2143 2129 2129 2129 2156 2156 2156
    2156 2156 2156 2156 2156 2170 2170 2184 2198 2184 2184 987 987 987
    987 987 989 992 992 992 2198 2212 2226 2256 2286 2286 1013 1013 2271
    2226 2226 2143 2143 2143 2143 2156 2143 2143 2143 2129 2129 2129
    2143 2143 2156 2156 2156 2156 2156 2156 2170 2170 2184 2184 2184
    2184 989 987 987 989 2198 2212 2198 2198 2198 2198 2212 2226 2256
    2271 2286 2286 2286 2271 2271 2271 2143 2143 2143 2143 2143 2156
    2156 2156 2129 2129 2129 2143 2143 2156 2170 2170 2156 2156 2156
    2170 2170 2184 2184 2184 2184 2198 2198 2198 2198 2198 2198 2198
    2198 2198 2212 2212 2241 2256 2271 2271 2271 2271 2271 2286 2286
    2143 2143 2143 2143 2143 2143 2143 2156 2143 2143 2156 2156 2156
    2170 2170 2170 2170 2170 2184 2184 2184 2198 2198 2198 2198 2198
    2198 2198 2212 2198 2198 2212 2212 2212 2212 2212 2241 2256 2271
    2271 2271 2271 2271 2286 2286 2143 2143 2143 2143 2143 2143 2143
    2156 2143 2143 2156 2156 2156 2170 2156 2156 2170 2170 2184 2184
    2198 2198 2198 2198 2198 2198 2198 2198 2212 2212 2212 2212 2212
    2212 2226 2226 2241 2256 2271 2271 2271 2271 2271 2271 2286 2143
    2143 2143 2143 2143 2143 2143 2143 2143 2156 2156 2156 2156 2156
    2156 2156 2170 2170 2184 2184 2198 2198 2198 2198 2198 2198 2198
    2198 2212 2212 2212 2212 2212 2212 2212 2241 2241 2256 2271 2271
    2271 2271 2271 2271 2286 2156 2156 2143 2143 2143 2143 2143 2143
    2143 2156 2156 2156 2156 2156 2156 2156 2156 2170 2170 2184 2184
    2184 2198 2198 2184 2184 2198 2212 2212 2212 2212 2212 2212 2212
    2212 2226 2241 2256 2271 2271 2271 2271 2271 2271 2286 2156 2156
    2143 2143 2143 2143 2143 2143 2143 2156 2156 2156 2156 2156 2156
    2156 2156 2170 2170 2184 2170 2170 2184 2198 2184 2184 2198 2198
    2212 2212 2212 2212 2212 2212 2212 2226 2241 2256 2271 2271 2271
    2271 2271 2286 2286 2170 2156 2156 2143 2143 2143 2143 2143 2143
    2143 2156 2156 2156 2156 2156 2156 2156 2170 2170 2184 2170 2170
    2184 2184 2184 2184 2198 2198 2198 2212 2212 2212 2212 2226 2226
    2226 2241 2256 2286 2271 2271 2271 2271 2286 2286 2156 2156 2156
    2143 2143 2143 2143 2143 2143 2143 2156 2156 2156 2156 2156 2156
    2156 2156 2170 2170 2184 2184 2184 2184 2198 2198 2198 2198 2198
    2212 2212 2212 2212 2226 2226 2226 2241 2256 2286 2271 2271 2271
    2271 2286 2286 2156 2143 2143 2143 2143 2129 2129 2129 2129 2143
    2156 2156 2156 2156 2156 2156 2156 2156 2156 2170 2184 2184 2184
    2184 2198 2198 2184 2184 2198 2212 2212 2212 2212 2226 2226 2226
    2241 2241 2271 2271 2271 2271 2271 2271 2286 2143 2143 2143 2143
    2143 2129 2129 2129 2129 2129 2129 2129 2129 2143 2143 2156 2156
    2156 2156 2170 2184 2184 2184 2184 2184 2184 2184 2184 2198 2212
    2212 2212 2212 2212 2212 2212 2226 2241 2256 2256 2256 2271 2271
    2271 0 2143 2143 2143 2156 2143 2143 2143 2129 2129 2129 2129 2129
    2129 2143 2143 2156 2156 2156 2156 2170 2184 2184 2184 2184 2170
    2170 2184 2184 2198 2212 2212 2212 2212 2212 2212 2212 2212 2226
    2241 2241 2241 2241 2241 0 0 0 0 0 2170 2170 2170 2170 2170 2129
    2129 2129 2129 2143 2143 2156 2156 2156 2170 2170 2170 2198 2184
    2184 2170 2170 2170 2170 2156 2156 2184 2198 2212 2212 2226 2226
    2212 2212 2226 2226 2226 2226 2241 2241 0 0 0 0 0 0 0 2170 2156 2143
    2143 2143 2143 2143 2143 2156 2170 2170 2170 2170 2170 2170 2198
    2184 2184 2170 2170 2170 2170 2156 2156 2170 2170 2198 2212 2226
    2226 2212 2212 2212 2212 2212 2212 2226 2241 0 0 0 0 0 0 0 2156 2156
    2143 2103 2103 2143 2143 2156 2170 2156 2156 2143 2143 2143 2156
    2156 2198 2184 2170 2170 2212 2198 2198 2170 2170 2170 2198 2212
    2226 2226 2212 2198 2198 2198 2198 2212 2226 2241 0 0 0 0 0 0 0 2156
    2156 2143 2103 2103 2129 2143 2156 2170 2156 2156 2143 2143 2143
    2143 2156 0 0 0 2271 2271 0 0 0 0 0 0 2256 2256 2241 2241 2198 2198
    2198 2198 2212 2226 2241 0 0</data></Depth6226>
</opencv_storage>
