<?xml version="1.0"?>
<opencv_storage>
<Depth17368 type_id="opencv-matrix">
  <rows>80</rows>
  <cols>66</cols>
  <dt>w</dt>
  <data>
    4041 4089 4089 4089 4139 4139 4190 4190 4241 4295 4295 4295 4295
    4295 4349 4349 4349 4349 4349 4405 4405 4405 4463 4463 4405 4405
    4405 4405 4405 4405 4405 4405 4349 4349 4349 4295 4295 4295 4295
    4295 4295 4241 4190 4190 4190 4190 4190 4190 4190 4190 4190 4190
    4139 1115 1115 1112 1108 1108 1105 1105 4089 4139 4139 3948 3948
    3948 4089 4089 4089 4089 4139 4139 4190 4190 4241 4295 4295 4241
    4241 4295 4349 4349 4349 4349 4405 4405 4405 4463 4463 4463 4405
    4405 4405 4405 4405 4405 4405 4405 4405 4349 4349 4295 4295 4295
    4295 4295 4295 1119 1112 1112 1112 1115 1115 1115 1119 4190 1119
    1119 1119 1115 1115 1115 1112 1105 1105 1105 1105 0 3948 3948 3948
    3948 4089 4089 4089 4089 4139 4139 4190 4190 4241 4241 4241 4241
    4241 4295 4295 4349 4349 4349 4405 4405 4405 4463 4463 4463 4405
    4405 4405 4405 4405 4405 4405 4405 1105 1105 1105 1108 1119 1105
    1105 1108 1112 1112 1112 1112 1112 1115 1115 1115 1112 1112 1112
    1112 1115 1115 1115 1115 1112 1105 1101 1101 0 0 0 3948 0 3948 4089
    4089 4089 4139 4139 4139 4190 4190 4190 4190 4190 4241 4241 4295
    4295 4349 4349 4349 1115 1108 1108 1108 1108 1108 1108 1108 1108
    1101 1101 4463 4405 1101 1101 1101 1101 1105 1105 1105 1105 1105
    1105 1105 1108 1108 1108 1108 1112 1112 1112 1108 1108 1108 1108
    1108 1112 1115 1105 1105 1101 1101 1101 0 0 0 3948 0 4041 4089 4139
    4139 1044 1041 1041 4190 4190 4190 4190 1094 1094 1097 1097 4190
    4190 1108 1108 1101 1101 1101 1105 1108 1105 1105 1105 1101 1101
    1101 1097 1097 1097 1097 1101 1101 1105 1101 1101 1101 1101 1101
    1101 1105 1105 1108 1112 1108 1108 1105 1105 1108 1105 1050 1050
    1034 1034 1034 1031 1031 0 0 0 0 0 0 4041 4041 4139 1041 1041 1041
    1041 1044 1047 1090 1090 1090 1090 1090 1090 1090 1090 1090 1097
    1090 1090 1094 1097 1101 1097 1094 1094 1094 1094 1097 1097 1097
    1097 1097 1094 1094 1097 1101 1101 1101 1101 1047 1047 1047 1047
    1047 1041 1038 1038 1038 1041 1041 1044 1047 1044 1034 1034 1034
    1031 1031 1034 0 0 0 0 0 4041 4041 4139 1038 1038 1038 1038 1041
    1047 1050 1084 1087 1084 1084 1087 1087 1087 1087 1087 1087 1087
    1087 1090 1094 1094 1090 1087 1084 1077 1047 1047 1047 1047 1047
    1047 1047 1044 1038 1038 1038 1038 1041 1047 1047 1047 1044 1041
    1038 1038 1038 1038 1038 1038 1038 1038 1034 1034 1034 1034 1034
    1034 1034 0 0 0 0 1028 1028 1028 1028 1034 1038 1038 1041 1044 1047
    1054 1077 1077 1077 1080 1080 1080 1084 1087 1087 1087 1087 1087
    1090 1038 1034 1034 1038 1044 1044 1044 1044 1044 1044 1041 1041
    1044 1038 1038 1038 1038 1038 1041 1041 1041 1041 1041 1041 1038
    1038 1038 1038 1034 1034 1038 1034 1034 1034 1034 1031 1031 1034
    1034 0 0 0 1028 1028 1028 1028 1028 1034 1038 1041 1044 1044 1047
    1054 1063 1067 1038 1038 1034 1034 1034 1034 1034 1031 1031 1034
    1034 1034 1034 1038 1038 1038 1038 1038 1038 1038 1038 1038 1034
    1034 1038 1034 1034 1034 1038 1038 1038 1038 1038 1038 1038 1034
    1034 1034 1034 1034 1034 1034 1031 1031 1031 1031 1031 1031 1031 0 0
    0 1028 1028 1028 1028 1028 1034 1034 1034 1034 1034 1034 1034 1034
    1038 1038 1038 1034 1034 1034 1034 1034 1031 1031 1034 1034 1034
    1031 1031 1034 1034 1034 1034 1034 1034 1034 1034 1034 1034 1034
    1034 1034 1034 1034 1034 1034 1034 1034 1034 1038 1034 1034 1034
    1034 1034 1034 1034 1031 1031 1031 1031 1031 1028 1028 0 0 0 1031
    1031 1031 1031 1031 1034 1034 1034 1031 1031 1031 1034 1034 1031
    1031 1031 1031 1031 1034 1034 1034 1034 1034 1034 1034 1034 1031
    1031 1031 1031 1031 1034 1034 1031 1031 1031 1031 1031 1034 1034
    1034 1034 1034 1034 1034 1034 1034 1034 1034 1034 1034 1034 1034
    1034 1034 1034 1031 1031 1031 1031 1028 1028 1028 0 0 0 1031 1031
    1031 1031 1031 1031 1031 1031 1031 1031 1031 1031 1031 1028 1028
    1028 1031 1031 1031 1028 1028 1031 1031 1031 1031 1031 1031 1031
    1031 1031 1031 1031 1031 1031 1031 1031 1031 1031 1034 1034 1034
    1034 1034 1034 1034 1034 1034 1034 1034 1034 1034 1034 1034 1034
    1034 1034 1031 1031 1034 1031 1028 1025 1025 0 0 0 1031 1031 1034
    1031 1031 1031 1031 1028 1028 1028 1028 1031 1031 1028 1028 1028
    1031 1031 1031 1028 1028 1028 1028 1031 1031 1031 1031 1031 1031
    1031 1031 1031 1031 1031 1031 1031 1031 1031 1034 1031 1031 1034
    1034 1034 1034 1034 1034 1034 1034 1034 1034 1034 1034 1034 1031
    1031 1031 1031 1034 1034 1028 1025 1025 0 0 0 1031 1031 1034 1034
    1034 1031 1031 1028 1028 1028 1028 1031 1031 1028 1028 1028 1031
    1031 1031 1028 1028 1028 1028 1028 1028 1031 1034 1031 1031 1031
    1031 1031 1031 1031 1031 1031 1031 1034 1034 1031 1031 1034 1034
    1034 1034 1034 1034 1034 1034 1034 1034 1034 1034 1034 1031 1031
    1031 1031 1034 1034 1031 1028 1028 0 0 0 1031 1031 1034 1034 1034
    1031 1031 1031 1028 1028 1028 1031 1031 1031 1028 1028 1031 1031
    1031 1028 1028 1028 1028 1028 1028 1031 1034 1031 1031 1031 1031
    1031 1034 1034 1034 1034 1031 1031 1034 1034 1034 1034 1034 1034
    1034 1034 1034 1034 1034 1034 1034 1034 1034 1034 1031 1031 1031
    1031 1031 1031 1031 1031 1031 0 0 0 1031 1031 1031 1031 1031 1031
    1031 1031 1028 1028 1028 1031 1031 1031 1028 1028 1031 1031 1031
    1031 1031 1028 1028 1028 1031 1031 1031 1031 1031 1031 1031 1031
    1034 1034 1034 1034 1031 1031 1034 1034 1034 1034 1034 1034 1034
    1034 1034 1034 1034 1034 1034 1034 1034 1034 1034 1034 1034 1031
    1031 1031 1031 1028 1028 0 0 0 1031 1031 1031 1031 1031 1031 1028
    1028 1028 1028 1028 1031 1031 1031 1031 1031 1031 1031 1031 1031
    1031 1028 1028 1031 1031 1031 1031 1031 1031 1031 1031 1031 1034
    1034 1031 1031 1031 1031 1034 1034 1034 1034 1034 1034 1034 1034
    1034 1034 1031 1031 1031 1031 1031 1034 1034 1034 1034 1034 1031
    1031 1028 1028 1028 0 0 0 1031 1031 1031 1031 1031 1031 1028 1028
    1028 1028 1031 1028 1028 1028 1028 1031 1031 1031 1031 1028 1028
    1031 1031 1031 1031 1031 1031 1031 1031 1031 1031 1031 1031 1034
    1031 1031 1031 1031 1031 1034 1034 1034 1034 1034 1034 1034 1034
    1034 1031 1031 1031 1031 1031 1034 1034 1034 1031 1031 1031 1031
    1028 1028 1031 0 0 0 1025 1028 1028 1028 1028 1028 1028 1028 1028
    1028 1028 1028 1028 1028 1028 1028 1031 1031 1028 1028 1028 1028
    1031 1031 1031 1031 1031 1031 1028 1028 1028 1031 1031 1031 1031
    1031 1031 1031 1031 1034 1034 1034 1034 1034 1034 1034 1034 1034
    1034 1034 1034 1031 1031 1034 1034 1034 1031 1031 1031 1031 1031
    1031 1031 1031 0 0 1025 1028 1028 1028 1028 1028 1028 1028 1028 1028
    1028 1031 1028 1028 1028 1028 1028 1028 1028 1028 1028 1028 1028
    1031 1031 1031 1031 1031 1028 1028 1028 1028 1028 1031 1031 1031
    1031 1031 1031 1034 1034 1034 1034 1034 1034 1034 1034 1034 1034
    1034 1034 1034 1034 1034 1034 1034 1034 1031 1031 1031 1031 1031
    1031 0 0 0 1025 1028 1028 1028 1028 1028 1028 1031 1028 1028 1028
    1028 1028 1028 1028 1028 1028 1028 1028 1028 1028 1028 1028 1031
    1031 1031 1031 1031 1028 1028 1028 1028 1028 1031 1031 1031 1031
    1031 1034 1034 1034 1034 1034 1034 1034 1034 1034 1034 1034 1034
    1034 1034 1034 1034 1034 1034 1034 1031 1031 1031 1031 1031 1034 0 0
    0 1025 1028 1028 1028 1028 1028 1028 1031 1031 1028 1028 1028 1028
    1028 1028 1028 1028 1028 1031 1031 1031 1028 1028 1028 1028 1031
    1031 1031 1028 1028 1028 1028 1031 1031 1031 1031 1031 1031 1034
    1034 1034 1034 1034 1034 1034 1034 1034 1034 1034 1034 1034 1034
    1034 1034 1034 1034 1034 1031 1031 1031 1031 1031 1034 0 0 0 1022
    1025 1028 1028 1028 1028 1028 1028 1028 1031 1031 1028 1028 1028
    1028 1028 1028 1028 1031 1031 1031 1028 1028 1028 1028 1031 1031
    1031 1031 1031 1031 1031 1031 1031 1031 1031 1031 1031 1031 1031
    1034 1034 1034 1034 1034 1034 1031 1031 1034 1034 1034 1034 1034
    1034 1034 1031 1031 1031 1031 1031 1031 1034 1034 1038 0 0 1022 1025
