<?xml version="1.0"?>
<opencv_storage>
<Depth13982 type_id="opencv-matrix">
  <rows>42</rows>
  <cols>35</cols>
  <dt>w</dt>
  <data>
    4405 4405 4405 4405 4405 4405 3092 3064 3037 3037 3064 3064 3064
    3064 3037 3037 3037 2579 2598 2598 2598 2598 2598 2598 2598 3120
    3120 3149 3120 3120 3092 3064 3037 3037 3037 4405 4405 4405 4405
    4405 4405 3092 3064 3037 3037 3064 3064 3064 3064 3037 3037 3037
    2579 2579 2579 2579 2579 2598 2598 2598 2598 3149 3149 3120 3120
    3092 3064 3037 3037 3037 4405 4405 4405 4405 4405 4405 4405 2467
    2467 2485 2485 2522 2541 2541 2541 2541 2541 2560 2560 2560 2579
    2579 2598 2598 2598 2598 3149 3149 3149 3120 3092 3064 3064 3037
    3037 4405 4405 4405 4405 4405 2467 2467 2467 2467 2485 2485 2485
    2503 2541 2541 2541 2541 2560 2560 2560 2560 2560 2579 2598 2598
    2579 2579 3178 3149 3120 3092 3064 3064 3037 3037 4405 4405 4405
    4405 4405 2467 2467 2467 2467 2485 2485 2485 2503 2522 2522 2541
    2541 2541 2560 2560 2560 2560 2579 2598 2598 2579 2579 3178 3149
    3120 3092 3064 3064 3037 3037 4405 4405 4405 2485 2485 2467 2467
    2467 2467 2485 2485 2485 2485 2503 2522 2541 2541 2541 2541 2560
    2560 2560 2579 2598 2598 2579 2579 3208 3178 3149 3092 3092 3064
    3037 3037 2541 2522 2503 2485 2485 2467 2467 2467 2467 2485 2485
    2485 2485 2503 2522 2541 2541 2541 2541 2541 2560 2560 2579 2598
    2598 2598 2598 2618 3149 3149 3120 3092 3064 3064 3037 2541 2522
    2503 2485 2485 2467 2467 2467 2467 2485 2485 2485 2485 2503 2503
    2522 2541 2522 2522 2541 2541 2560 2579 2598 2598 2598 2598 2598
    3149 3149 3120 3092 3092 3064 3064 2541 2522 2503 2485 2485 2467
    2467 2467 2467 2467 2485 2485 2485 2485 2503 2522 2522 2522 2522
    2522 2541 2560 2560 2579 2598 2598 2579 2579 3149 3149 3120 3120
    3092 3064 3064 2541 2522 2503 2503 2467 2467 2467 2467 2467 2467
    2485 2485 2485 2485 2485 2503 2503 2522 2522 2522 2541 2541 2560
    2579 2579 2579 2579 2579 3149 3149 3120 3120 3120 3092 3064 2541
    2522 2503 2485 2467 2467 2450 2450 2467 2485 2485 2485 2485 2485
    2485 2503 2503 2522 2522 2541 2541 2541 2560 2579 2579 2579 2598
    2598 3178 3149 3120 3120 3092 3092 3064 2541 2522 2503 2485 2467
    2467 2450 2450 2450 2467 2467 2485 2485 2485 2485 2485 2503 2522
    2522 2541 2541 2541 2541 2579 2579 2579 2598 2598 3178 3149 3120
    3120 3092 3092 3064 2522 2503 2503 2485 2467 2467 2450 2450 2450
    2467 2467 2485 2485 2485 2485 2485 2503 2503 2522 2541 2541 2541
    2541 2579 2579 2579 2598 2598 3178 3149 3120 3120 3092 3092 3064
    2503 2503 2503 2503 2485 2467 2450 2450 2450 2467 2467 2485 2485
    2485 2485 2485 2503 2503 2522 2541 2541 2541 2541 2579 2579 2579
    2598 2598 3149 3149 3120 3120 3092 3064 3064 2503 2503 2503 2503
    2485 2467 2467 2467 2450 2450 2467 2467 2467 2485 2485 2485 2485
    2503 2503 2541 2541 2541 2541 2579 2579 2579 2598 2598 2598 3149
    3120 3120 3092 3064 3064 4405 2522 2503 2503 2503 2485 2467 2467
    2450 2450 2450 2467 2467 2485 2485 2485 2485 2485 2503 2522 2541
    2541 2541 2579 2579 2579 2579 2598 2598 2598 3120 3120 3092 3064
    3064 4405 2541 2522 2522 2503 2503 2467 2467 2450 2450 2450 2467
    2467 2467 2467 2467 2485 2485 2503 2522 2522 2522 2541 2560 2560
    2579 2579 2598 2598 2598 2598 3120 3092 3064 3064 4582 4582 2522
    2522 2522 2503 2467 2467 2467 2467 2467 2467 2467 2467 2467 2467
    2485 2485 2485 2503 2522 2522 2541 2560 2560 2579 2579 2598 2598
    2598 2598 3120 3092 3092 3092 4582 4582 2541 2541 2522 2503 2467
    2467 2467 2467 2467 2467 2467 2467 2467 2467 2485 2485 2485 2503
    2503 2522 2541 2560 2560 2560 2560 2579 2579 2598 2598 3149 3120
    3092 3092 4582 4582 2541 2522 2522 2503 2485 2467 2467 2467 2467
    2467 2467 2467 2467 2467 2485 2485 2485 2485 2503 2503 2522 2560
    2560 2560 2560 2579 2579 2579 2598 3149 3120 3092 3092 4405 4405
    2522 2522 2522 2503 2485 2485 2467 2467 2450 2450 2450 2467 2467
    2467 2485 2485 2485 2485 2503 2503 2522 2560 2560 2579 2579 2579
    2579 2579 2598 2598 3120 3120 3064 4405 0 2541 2541 2541 2522 2522
    2485 2467 2467 2450 2450 2450 2467 2467 2467 2467 2467 2485 2485
    2485 2503 2522 2541 2560 2579 2579 2579 2579 2579 2598 2598 3120
    3092 3064 4405 0 0 2541 2541 2541 2522 2485 2467 2467 2450 2450 2450
    2467 2467 2467 2467 2467 2467 2485 2485 2503 2503 2541 2541 2541
    2560 2560 2579 2579 2579 2560 2560 3092 3064 4405 4405 4405 2541
    2541 2522 2503 2485 2467 2467 2450 2450 2450 2450 2450 2467 2467
    2467 2467 2467 2485 2485 2503 2541 2541 2541 2560 2560 2579 2579
    2579 2560 2560 3092 3064 4405 4405 4405 4405 4405 2522 2503 2485
    2485 2467 2467 2450 2450 2450 2450 2467 2467 2467 2467 2467 2485
    2485 2485 2522 2522 2522 2560 2560 2579 2579 2579 2579 2579 2579
    3092 4405 4405 4405 4405 4405 2522 2503 2485 2485 2467 2467 2450
    2450 2432 2432 2450 2450 2467 2467 2467 2467 2485 2485 2503 2522
    2522 2560 2560 2579 2579 2579 2579 2579 2579 3092 4405 4405 4405
    4405 4405 2541 2503 2485 2485 2467 2467 2450 2450 2432 2432 2432
    2450 2450 2467 2467 2467 2485 2485 2503 2522 2541 2560 2560 2560
    2560 2579 2579 2598 2598 3092 4405 4405 4405 4405 4405 2560 2522
    2503 2485 2467 2467 2450 2450 2432 2432 2432 2450 2450 2467 2467
    2467 2467 2485 2503 2503 2522 2560 2560 2560 2560 2579 2579 2598
    2579 2579 4405 4405 4405 4405 4405 4405 2541 2503 2485 2467 2467
    2450 2450 2432 2432 2432 2450 2450 2467 2467 2467 2467 2485 2503
    2503 2522 2541 2560 2560 2560 2579 2579 2579 2579 2579 4405 4405
    4405 4405 4405 4405 2522 2522 2485 2485 2467 2450 2450 2432 2432
    2432 2450 2450 2450 2467 2467 2467 2485 2503 2503 2522 2522 2560
    2560 2560 2560 2579 2579 2579 2560 4405 4405 4405 4405 4405 4405
    2503 2503 2503 2485 2467 2450 2450 2450 2432 2432 2432 2450 2450
    2450 2467 2467 2503 2503 2503 2522 2522 2541 2560 2560 2560 2560
    2579 2579 2560 4405 4405 4405 4405 4405 4405 2503 2503 2503 2485
    2467 2467 2467 2450 2432 2432 2432 2432 2450 2450 2467 2467 2485
    2485 2485 2503 2503 2541 2541 2541 2560 2560 2560 2579 2560 4405
    4405 4405 4405 4405 4349 4349 2485 2485 2485 2485 2467 2467 2450
    2432 2432 2415 2415 2432 2450 2467 2467 2485 2485 2485 2503 2503
    2541 2541 2541 2560 2560 2560 2560 2579 4405 4405 4405 4405 4405
    4349 4349 2485 2485 2485 2485 2467 2467 2450 2450 2432 2415 2415
    2432 2450 2467 2467 2485 2485 2485 2503 2503 2541 2541 2541 2541
    2541 2560 2560 2579 4405 4405 4405 4405 4405 4349 4349 2485 2485
    2485 2485 2467 2467 2450 2450 2432 2432 2432 2432 2450 2467 2467
    2485 2485 2503 2503 2503 2522 2522 2541 2522 2522 2541 2560 2579
    4405 4405 4405 4405 4405 4349 4349 4349 2485 2485 2485 2467 2467
    2467 2450 2432 2432 2432 2432 2432 2450 2467 2485 2485 2503 2503
    2503 2503 2503 2503 2503 2522 2541 2560 4349 4405 4405 4405 4405
    4405 4349 4349 4349 2485 2485 2485 2467 2467 2467 2467 2450 2432
    2432 2432 2432 2450 2467 2485 2485 2503 2503 2503 2503 2503 2503
    2503 4405 4349 4349 4349 4405 4405 4405 4405 4405 4405 4349 4349
    4405 2503 2485 2485 2467 2467 2467 2467 2432 2432 2432 2432 2450
    2450 2467 2485 2503 2503 2503 2503 2503 4405 4405 4349 4295 4295
    4295 4405 4405 4405 4405 4405 4405 4405 4405 4349 2522 2485 2485
    2485 2467 2467 2450 2432 2432 2432 2450 2450 2450 2467 2485 2503
    2503 2503 2503 2503 4405 4405 4349 4295 4295 4295 4405 4405 4405
    4405 4405 4405 4405 4349 4349 4349 2503 2485 2485 2467 2467 2450
    2415 2415 2415 2432 2432 2432 2450 2485 2503 2503 2503 2503 2503
    4405 4405 4349 4295 4295 4295 4405 4405 4405 4405 4405 4405 4405
    4349 4349 4349 2503 2485 2485 2467 2450 2432 2415 2415 2415 2415
    2432 2432 2450 2485 2503 2503 2522 2522 2522 4349 4349 4349 4295
    4295 4295 4405 4405 4405 4405 4405 4405 4349 4349 4349 4349 2485
    2485 2485 2467 2450 2432 2415 2398 2398 2415 2432 2432 4295 4295
    4295 2503 0 2541 0 0 4295 4295 4295 4295 4295</data></Depth13982>
</opencv_storage>
