<?xml version="1.0"?>
<opencv_storage>
<Depth7645 type_id="opencv-matrix">
  <rows>56</rows>
  <cols>42</cols>
  <dt>w</dt>
  <data>
    5374 5374 5374 5460 5460 5460 5460 5460 5548 5640 5640 5640 5734
    5734 5832 5832 5832 5832 5832 5832 5832 1926 1926 1894 1894 1883
    1883 1883 1883 1883 1883 1883 1883 1883 5933 5933 5933 5832 5832
    5832 5832 5832 5374 5374 5374 5374 5460 5460 5460 5460 5548 5640
    5734 5734 5734 5734 5734 5734 5734 5832 5933 5933 1947 1926 1926
    1894 1883 1873 1873 1873 1873 1873 1873 1873 1873 1883 1883 5933
    5933 5832 5832 5832 5832 5832 5374 5374 5374 5374 5460 5460 5460
    5460 5548 5640 5640 5640 5640 5640 5640 5734 5734 5832 5933 5933
    1936 1926 1926 1883 1873 1863 1863 1873 1873 1873 1873 1873 1873
    1873 1873 5933 5933 5832 5832 5832 5832 5832 5374 5374 5374 5374
    5460 5460 5460 5548 5548 5640 5640 5640 5548 5548 5640 5734 1785
    1785 1804 1794 1794 1926 1926 1853 1843 1843 1853 1853 1863 1863
    1863 1873 1873 1873 1873 6038 6038 5832 5832 5832 5832 5832 5374
    5374 5374 5374 5460 5460 5460 5460 5460 5548 1731 1722 1722 1731
    1739 1739 1766 1766 1785 1785 1785 1936 1843 1833 1833 1833 1833
    1843 1853 1863 1863 1873 1873 1873 1873 6038 6038 5832 5832 5832
    5832 5832 1757 1757 1757 1757 1776 1776 1776 1776 5460 1731 1731
    1722 1722 1731 1731 1739 1748 1757 1766 1776 1776 1785 1804 1813
    1813 1813 1823 1843 1853 1853 1863 1863 1873 1873 1873 6038 6038
    5832 5832 5832 5832 5832 1748 1748 1748 1748 1748 1757 1757 1757
    1748 1731 1731 1731 1731 1731 1731 1739 1748 1757 1757 1766 1766
    1776 1794 1804 1813 1813 1823 1833 1843 1843 1853 1863 1863 1873
    1873 5933 5933 5933 5832 5832 5832 5832 1748 1748 1748 1739 1739
    1748 1748 1739 1731 1731 1722 1722 1722 1731 1731 1731 1739 1757
    1757 1757 1757 1766 1794 1794 1804 1813 1823 1833 1843 1843 1853
    1853 1863 1873 1873 1873 5933 5933 5933 5933 5832 5832 1748 1748
    1748 1739 1731 1731 1731 1722 1722 1722 1722 1713 1713 1722 1722
    1722 1731 1739 1748 1757 1757 1766 1785 1794 1804 1804 1823 1833
    1843 1843 1853 1853 1863 1873 1873 1873 5933 5933 5933 5933 5832
    5832 1748 1748 1739 1739 1722 1722 1722 1722 1713 1713 1722 1713
    1713 1713 1722 1722 1722 1731 1748 1757 1757 1766 1776 1785 1794
    1804 1813 1833 1843 1843 1853 1853 1863 1873 1873 1873 1873 5933
    5832 5832 5832 5832 1748 1748 1739 1731 1722 1722 1722 1713 1713
    1713 1713 1713 1713 1713 1713 1722 1722 1731 1739 1757 1757 1766
    1776 1785 1794 1794 1804 1813 1833 1833 1843 1853 1863 1873 1873
    1873 1873 5832 5832 5832 5832 5832 1748 1748 1739 1731 1722 1722
    1713 1713 1713 1713 1713 1705 1705 1705 1713 1722 1731 1731 1739
    1748 1757 1766 1766 1785 1794 1794 1804 1813 1823 1833 1843 1853
    1853 1863 1873 1873 5933 5933 5832 5832 5832 5832 1748 1739 1739
    1731 1722 1722 1713 1713 1713 1713 1713 1705 1705 1705 1713 1722
    1722 1731 1739 1748 1757 1757 1766 1785 1794 1794 1804 1804 1823
    1833 1843 1843 1853 1863 1863 1863 5832 5832 5832 5832 5832 5832
    1748 1739 1731 1722 1722 1722 1713 1713 1713 1713 1705 1696 1696
    1696 1705 1713 1722 1731 1731 1748 1757 1757 1766 1776 1794 1794
    1794 1804 1813 1833 1833 1843 1853 1863 1843 1843 5832 5832 5832
    5832 5832 5832 1748 1739 1731 1722 1722 1722 1713 1713 1713 1713
    1696 1696 1696 1696 1705 1713 1722 1731 1731 1748 1757 1757 1766
    1776 1785 1794 1794 1804 1804 1823 1833 1843 1843 1853 1843 1843
    1843 5832 5832 5832 5832 5832 1739 1739 1731 1731 1722 1722 1713
    1713 1713 1713 1696 1696 1696 1696 1696 1713 1722 1731 1731 1748
    1757 1757 1766 1766 1785 1785 1794 1794 1804 1823 1833 1843 1843
    1853 1853 1853 1873 1873 5832 5832 5832 5832 1757 1748 1731 1731
    1722 1722 1713 1713 1713 1713 1696 1696 1696 1696 1696 1713 1722
    1731 1731 1748 1757 1757 1766 1766 1776 1785 1785 1794 1804 1823
    1833 1843 1843 1853 1863 1863 1873 1873 5832 5832 5933 5832 1748
    1748 1739 1731 1722 1722 1713 1713 1713 1713 1696 1696 1696 1696
    1696 1713 1722 1731 1731 1739 1748 1748 1757 1757 1776 1785 1785
    1794 1804 1813 1833 1833 1843 1843 1853 1863 1873 1873 6038 5933
    5933 5832 1739 1739 1739 1731 1722 1713 1713 1713 1713 1713 1705
    1696 1696 1696 1696 1705 1713 1722 1722 1731 1739 1739 1757 1757
    1776 1776 1785 1794 1804 1813 1823 1833 1833 1843 1843 1853 1863
    1863 5933 5933 5933 5832 1722 1731 1739 1731 1722 1713 1713 1713
    1713 1713 1705 1696 1696 1696 1696 1696 1705 1713 1722 1731 1731
    1739 1748 1757 1776 1776 1785 1794 1794 1804 1823 1823 1833 1843
    1843 1853 1863 1863 5832 5832 5832 5832 1722 1731 1739 1731 1722
    1722 1713 1713 1713 1713 1705 1696 1696 1696 1696 1696 1705 1713
    1722 1731 1731 1739 1748 1757 1766 1776 1785 1794 1794 1804 1813
    1823 1833 1843 1843 1853 1853 1853 5734 5734 5832 5832 1713 1713
    1739 1731 1722 1722 1722 1713 1713 1713 1705 1696 1688 1688 1696
    1696 1696 1713 1722 1722 1731 1739 1739 1748 1766 1776 1785 1794
    1794 1804 1813 1823 1823 1833 1843 1853 1853 1863 5734 5734 5832
    5832 1713 1713 1739 1739 1722 1722 1722 1713 1713 1713 1705 1696
    1688 1688 1688 1696 1696 1713 1722 1722 1731 1731 1739 1748 1766
    1776 1785 1794 1794 1804 1804 1813 1823 1833 1843 1843 1853 1863
    1863 5734 5734 5832 1748 1748 1739 1739 1722 1722 1722 1713 1713
    1713 1713 1696 1688 1688 1688 1696 1696 1713 1713 1722 1731 1731
    1739 1748 1757 1766 1776 1785 1794 1804 1804 1813 1823 1833 1833
    1843 1843 1843 5734 5734 5734 5832 1713 1713 1713 1731 1722 1722
    1722 1713 1713 1713 1713 1696 1688 1688 1688 1696 1696 1713 1713
    1722 1731 1731 1739 1748 1757 1766 1766 1785 1785 1804 1804 1813
    1823 1833 1833 1843 1843 1843 5734 5734 5734 5832 1713 1713 1713
    1731 1722 1722 1722 1713 1713 1713 1713 1696 1688 1688 1688 1696
    1696 1705 1713 1722 1731 1731 1739 1748 1757 1766 1766 1776 1785
    1794 1804 1813 1823 1823 1833 1843 1853 1863 1863 5832 5832 5832
    5132 1731 1731 1731 1722 1722 1713 1713 1713 1713 1705 1696 1688
    1688 1688 1696 1696 1705 1713 1722 1722 1731 1739 1748 1757 1757
    1766 1776 1785 1794 1804 1804 1813 1813 1823 1843 1853 1863 1863
    1863 5933 5832 5132 1739 1739 1731 1722 1722 1713 1713 1713 1713
    1705 1696 1696 1688 1688 1688 1696 1696 1696 1705 1722 1722 1739
    1739 1757 1757 1766 1776 1776 1794 1804 1804 1813 1813 1823 1843
    1853 1863 1863 1863 5933 5933 5056 1739 1739 1731 1722 1722 1713
    1713 1713 1713 1705 1696 1696 1696 1688 1688 1696 1696 1696 1705
    1705 1722 1731 1731 1739 1748 1757 1766 1766 1776 1804 1804 1813
    1813 1823 1843 1853 1863 1873 1873 5933 5933 5056 1739 1739 1731
    1722 1713 1713 1713 1713 1713 1705 1696 1688 1688 1688 1688 1688
    1696 1696 1696 1705 1713 1722 1731 1739 1748 1757 1766 1766 1776
    1785 1804 1813 1813 1823 1843 1843 1853 1873 1873 5933 5933 5056
    5056 1722 1722 1722 1713 1713 1713 1713 1713 1705 1696 1688 1688
    1688 1688 1688 1696 1696 1696 1705 1713 1722 1731 1739 1748 1757
    1757 1766 1776 1785 1804 1813 1813 1823 1843 1843 1843 1843 1843
    5933 5832 5132 0 1722 1722 1722 1713 1713 1713 1705 1705 1696 1696
    1688 1688 1688 1688 1688 1696 1696 1705 1705 1713 1722 1731 1731
    1748 1757 1757 1766 1776 1794 1804 1804 1813 1813 1843 1843 1843
    1843 1843 5832 5832 5132 0 1731 1731 1722 1722 1713 1713 1696 1696
    1696 1688 1688 1688 1688 1688 1688 1696 1696 1696 1705 1705 1722
    1722 1731 1731 1748 1757 1766 1776 1794 1804 1804 1813 1813 1843
    1843 1843 1843 1843 1843 5933 5132 5210 1731 1731 1722 1722 1713
    1713 1696 1696 1696 1688 1688 1688 1680 1680 1688 1688 1688 1696
    1705 1705 1722 1722 1731 1731 1748 1757 1766 1776 1776 1785 1785
    1804 1823 1833 1843 1843 1843 1843 1843 5734 5210 5210 1731 1731
    1731 1722 1722 1713 1705 1705 1696 1688 1688 1688 1680 1680 1688
    1688 1688 1696 1705 1713 1722 1722 1731 1731 1748 1757 1766 1776
    1776 1785 1785 1804 1833 1833 1843 1853 1853 1853 1853 5734 5210
