<?xml version="1.0"?>
<opencv_storage>
<Depth8295 type_id="opencv-matrix">
  <rows>8</rows>
  <cols>25</cols>
  <dt>w</dt>
  <data>
    4708 4911 4842 4774 4774 4774 4645 4708 4911 4911 4911 4983 4983
    4911 4911 4983 4911 4911 4842 4842 5056 5056 5056 4983 4983 4911
    4842 4842 4708 4645 4645 4645 4708 4774 4774 4774 4774 4774 4774
    4911 4911 4911 4842 4842 4842 4983 4983 4983 4983 4983 4842 4842
    4842 4708 4645 4645 4645 4708 4774 4774 4774 4774 4774 4774 4842
    4911 4911 4842 4842 4842 4983 4983 4983 4983 4983 4842 4842 4774
    4774 4774 4774 4774 4774 4774 4774 4774 4774 4774 4774 4842 4911
    4983 4983 4983 4983 4983 4983 4983 4983 4983 4774 4774 4774 4708
    4708 4774 4774 4774 4774 4774 4774 4774 4842 4842 4911 4911 4983
    4983 4983 4983 4911 4911 4911 4911 4983 4774 4774 4774 4708 4708
    4774 4774 4774 4774 4774 4774 4842 4842 4842 4911 4911 4983 5056
    4983 4911 4842 4842 4774 4774 4774 4842 4774 4774 4708 4708 0 4911
    4911 4842 4842 4842 4842 4842 4842 4911 4911 0 5056 5056 4774 4645
    4645 4645 4708 4774 0 0 0 0 0 0 0 0 0 4983 4983 4842 4842 4842 4911
    5132 0 0 0 4708 4645 4645 4645 4708 4774</data></Depth8295>
</opencv_storage>
