<?xml version="1.0"?>
<opencv_storage>
<Depth0030 type_id="opencv-matrix">
  <rows>24</rows>
  <cols>45</cols>
  <dt>w</dt>
  <data>
    0 3653 3653 3692 3692 3692 3732 3903 4190 4241 4241 4349 4349 1843
    1843 1843 1853 1853 1853 1863 4295 4295 4349 4405 1853 1853 1863
    4463 4522 4522 4522 4522 4522 1915 1915 1947 1936 1936 1947 4582
    4582 4522 4522 4582 4645 0 3692 3692 3692 3732 1813 1813 1813 1823
    1833 1833 4349 4349 1843 1843 1843 1853 1853 1853 1863 1863 1863
    4405 1883 1853 1853 1863 1883 1904 1904 4522 1904 1904 1904 1904
    1915 1926 1926 1936 1936 4582 4522 4522 4582 4645 1804 1794 1794
    1804 1804 1804 1813 1813 1823 1833 1833 4463 4349 1843 1843 1843
    1853 1853 1853 1863 1863 1883 1883 1883 1883 1873 1873 1883 1904
    1904 1904 1904 1904 1904 1904 1915 1926 1926 1936 1936 1936 1936
    4582 4645 4645 1804 1794 1794 1804 1804 1804 1813 1813 1813 1833
    1833 1833 1833 1843 1843 1853 1853 1853 1853 1873 1873 1883 1883
    1883 1883 1883 1883 1894 1894 1904 1904 1904 1915 1915 1915 1915
    4774 1936 1936 1936 1936 1936 1947 1947 1959 1804 1794 1794 1804
    1804 1804 1813 1813 1813 1813 1804 1804 1823 1843 1843 1843 1853
    1853 1853 1873 1873 1883 1883 1873 1873 1873 1883 1894 1894 1904
    1904 1904 1915 1915 1915 1926 1926 1947 1936 1936 1936 1947 1947
    1947 1959 1804 1794 1794 1804 1804 1804 1813 1813 1813 1813 1804
    1804 1813 1843 1843 1843 1853 1853 1853 1863 1873 1883 1883 1873
    1873 1873 1883 1883 1894 1904 1904 1904 1915 1926 1926 1926 1926
    1936 1936 1936 1936 1947 1947 1959 1970 1804 1804 1804 1804 1804
    1813 1813 1813 1813 1813 1813 1813 1813 1843 1843 1843 1843 1853
    1853 1863 1873 1883 1883 1873 1873 1873 1873 1873 1883 1894 1894
    1904 1904 1915 1926 1926 1936 1936 1947 1947 1947 1947 1959 1959
    1970 1813 1804 1804 1804 1813 1813 1813 1813 1813 1813 1813 1823
    1823 1833 1843 1843 1843 1853 1853 1863 1873 1873 1883 1883 1873
    1873 1873 1873 1883 1894 1894 1904 1904 1915 1926 1926 1936 1947
    1947 1947 1947 1947 1959 1959 1970 1813 1804 1804 1804 1813 1813
    1813 1813 1813 1813 1813 1813 1823 1833 1843 1843 1843 1853 1853
    1863 1873 1873 1883 1883 1883 1883 1883 1883 1883 1894 1894 1904
    1904 1915 1926 1926 1936 1936 1947 1947 1947 1959 1959 1959 1959
    1813 1804 1804 1804 1804 1813 1813 1813 1813 1813 1813 1813 1833
    1833 1843 1843 1843 1843 1843 1863 1873 1873 1883 1883 1883 1883
    1883 1883 1883 1894 1894 1904 1904 1904 1904 1926 1936 1936 1936
    1936 1947 1947 1947 1947 1947 1813 1804 1804 1804 1804 1804 1813
    1813 1813 1813 1823 1833 1833 1833 1833 1843 1843 1843 1843 1863
    1863 1863 1883 1883 1883 1883 1883 1883 1894 1894 1894 1904 1904
    1904 1904 1936 1936 1936 1936 1936 1947 1947 1947 1947 1947 1813
    1804 1804 1804 1804 1804 1804 1813 1813 1813 1823 1833 1833 1833
    1833 1843 1843 1843 1843 1863 1863 1863 1873 1863 1863 1873 1873
    1883 1894 1894 1904 1904 1904 1904 1904 1926 1936 1936 1936 1936
    1936 1947 1947 1947 1947 1813 1813 1804 1804 1804 1804 1804 1804
    1813 1813 1823 1833 1833 1833 1833 1843 1843 1843 1843 1863 1863
    1873 1873 1863 1863 1873 1873 1883 1894 1894 1904 1904 1904 1904
    1904 1926 1936 1936 1936 1936 1936 1936 1936 1936 1947 1813 1813
    1804 1804 1804 1804 1804 1804 1804 1813 1823 1823 1833 1833 1833
    1843 1843 1843 1853 1863 1863 1863 1863 1873 1873 1873 1873 1883
    1894 1894 1904 1904 1904 1904 1904 1926 1926 1936 1936 1936 1936
    1936 1936 1936 1936 1813 1823 1813 1813 1813 1804 1804 1804 1804
    1813 1823 1823 1833 1833 1833 1843 1843 1843 1853 1863 1863 1863
    1863 1863 1873 1873 1873 1883 1883 1894 1894 1894 1894 1894 1915
    1926 1926 1936 1936 1936 1936 1936 1936 1936 1936 1813 1813 1813
    1813 1813 1804 1804 1804 1804 1813 1823 1833 1833 1833 1833 1833
    1843 1843 1843 1863 1863 1863 1863 1863 1863 1873 1883 1883 1883
    1894 1894 1894 1894 1894 1904 1926 1926 1926 1926 1926 1936 1936
    1936 1936 1936 1804 1813 1813 1813 1813 1804 1804 1804 1804 1813
    1813 1823 1833 1833 1833 1833 1843 1843 1843 1853 1853 1863 1863
    1863 1863 1873 1883 1894 1894 1894 1894 1894 1894 1894 1904 1926
    1926 1926 1926 1926 1936 1936 1936 1936 1936 1804 1813 1813 1813
    1813 1804 1804 1804 1804 1813 1813 1823 1823 1833 1833 1843 1843
    1843 1843 1853 1853 1863 1863 1863 1863 1873 1883 1883 1894 1894
    1904 1894 1894 1894 1915 1915 1926 1926 1926 1926 1926 1926 1936
    1936 1936 1804 1813 1813 1804 1804 1813 1804 1804 1813 1813 1813
    1813 1823 1823 1833 1843 1843 1843 1843 1853 1853 1853 1853 1863
    1863 1863 1873 1873 1894 1894 1904 1904 1904 1904 1904 1915 1926
    1926 1926 1926 1926 1926 1926 1936 1936 1813 1813 1804 1804 1804
    1813 1813 1813 1813 1813 1813 1813 1823 1823 1833 1833 1833 1833
    1833 1853 1853 1853 1853 1863 1863 1863 1873 1873 1873 1883 1904
    1904 1904 1904 1904 1904 1915 1926 1926 1926 1926 1926 1926 1936
    1936 1804 1813 1804 1804 1804 1813 1813 1813 1813 1813 1813 1813
    1813 1823 1833 1833 1833 1833 1833 1843 1843 1843 1843 1863 1863
    1863 1863 1873 1873 1883 1894 1894 1894 1904 1904 1904 1915 1915
    1915 1926 1926 1926 1936 1936 1936 1804 1813 1804 1804 1804 1804
    1804 1813 1813 1813 1813 1813 1813 1823 1823 1823 1833 1833 1833
    1843 1833 1833 1843 1863 1863 1863 1863 1873 1873 1873 1883 1883
    1894 1904 1904 1904 1904 1904 1904 1904 1926 1936 1936 1936 1936
    1813 1813 1804 1804 1804 1804 1804 1813 1813 1813 1813 1813 1813
    1813 1823 1823 1823 1833 1833 1843 1833 1833 1853 1863 1863 1863
    1863 1863 1873 1873 1883 1883 1894 1904 1904 1904 1904 1904 1904
    1904 1926 1936 1936 1936 1947 1813 1813 1813 1813 1804 1804 1804
    1804 1804 1813 1813 1813 1813 1813 1823 1823 1823 1823 1833 1843
    1843 1843 1853 1853 1863 1863 1863 1863 1873 1873 1883 1883 1894
    1894 1904 1904 1904 1904 1904 1904 1915 1936 1936 1936 1936</data></Depth0030>
</opencv_storage>
