<?xml version="1.0"?>
<opencv_storage>
<Depth9055 type_id="opencv-matrix">
  <rows>7</rows>
  <cols>12</cols>
  <dt>w</dt>
  <data>
    7178 7030 6889 6889 6889 6753 6753 6753 6753 6753 0 7835 7030 7030
    6889 6889 6889 6753 6753 6753 6753 6753 7030 7030 6889 6889 6889
    6889 6889 6753 6753 6753 6753 6753 6753 6753 6889 6753 6753 6753
    6753 6753 6753 6753 6753 6753 6753 6753 6753 6753 6753 6753 6753
    6753 6622 6622 6622 6753 6753 6753 6497 6622 6622 6622 6622 6622
    6622 6622 6622 6622 6622 6622 6375 6622 6622 6622 6622 6622 6622
    6622 6622 6622 6622 6622</data></Depth9055>
</opencv_storage>
