<?xml version="1.0"?>
<opencv_storage>
<Depth13146 type_id="opencv-matrix">
  <rows>7</rows>
  <cols>18</cols>
  <dt>w</dt>
  <data>
    5056 5056 5056 4842 4774 4708 4645 4645 4522 4522 4522 4522 4463
    4405 4405 4349 4295 4295 5056 5056 4911 4774 4708 4708 4645 4645
    4582 4582 4522 4522 4463 4405 4405 4349 4295 4295 4983 4983 4842
    4774 4708 4708 4645 4645 4582 4582 4522 4522 4463 4405 4405 4349
    4295 4295 4983 4911 4842 4774 4708 4708 4708 4645 4582 4582 4522
    4522 4463 4405 4405 4349 4295 4295 4983 4911 4842 4842 4774 4774
    4774 4708 4582 4522 4522 4582 4463 4405 4405 4349 4349 4295 4983
    4911 4842 4842 4842 4842 4842 4708 4582 4522 4522 4582 4522 4463
    4463 4349 4349 4349 5056 5056 5056 5933 5933 5933 5933 5933 4582
    4582 4582 4582 4522 4463 4405 4349 4349 4349</data></Depth13146>
</opencv_storage>
