<?xml version="1.0"?>
<opencv_storage>
<Depth2139 type_id="opencv-matrix">
  <rows>6</rows>
  <cols>11</cols>
  <dt>w</dt>
  <data>
    7660 7492 7492 7660 7660 7660 7492 7492 7492 7660 7660 7660 7492
    7492 7660 7660 7492 7492 7492 7492 7660 7492 7660 7492 7492 7660
    7660 7492 7492 7492 7492 7660 7492 7660 7660 7660 7660 7660 7492
    7492 7492 7492 7492 7660 7660 7660 7660 7492 7492 7492 7492 7492
    7492 7492 0 0 0 0 7492 7492 7492 7492 7492 7492 0 0</data></Depth2139>
</opencv_storage>
