<?xml version="1.0"?>
<opencv_storage>
<Depth11972 type_id="opencv-matrix">
  <rows>6</rows>
  <cols>18</cols>
  <dt>w</dt>
  <data>
    5548 5548 5640 5734 5832 5832 5832 5734 5734 5832 6753 6753 6753
    5832 5832 5734 5734 5832 5640 5640 5640 5734 5832 5734 5734 5734
    5734 5832 5734 5734 5734 5734 5832 5734 5734 5832 5734 5734 5734
    5734 5832 5734 5734 5832 5832 5832 5734 5734 5734 5734 5832 5832
    5832 5832 5734 5734 5734 5734 5832 5832 5832 5832 5832 5832 5734
    5734 5734 5734 5832 5832 5832 5832 5734 5734 5734 5832 5832 5832
    5832 5832 5832 5832 5832 5734 5734 5734 5832 5832 5832 5832 5734
    5734 5734 5832 5933 5933 5832 5832 5832 5832 5832 5832 5734 5734
    5832 5832 0 0</data></Depth11972>
</opencv_storage>
