<?xml version="1.0"?>
<opencv_storage>
<Depth10141 type_id="opencv-matrix">
  <rows>150</rows>
  <cols>89</cols>
  <dt>w</dt>
  <data>
    0 0 0 0 0 0 0 0 0 0 0 0 0 0 1936 1936 1936 0 0 0 0 0 0 0 0 0 796 794
    794 792 790 790 789 789 790 792 789 783 774 773 773 0 0 781 781 780
    780 778 776 776 776 774 774 774 774 774 773 773 773 778 774 774 778
    769 767 767 778 773 771 766 764 764 767 767 0 0 0 0 0 0 0 0 0 0 0 0
    0 0 0 0 0 0 0 0 0 0 0 0 0 0 0 0 0 1947 1947 1947 1981 0 0 0 0 0 0 0
    0 0 794 794 796 798 794 794 796 796 796 796 785 776 776 778 778 785
    785 785 785 785 783 783 783 781 781 783 780 780 780 778 778 780 778
    776 776 778 776 776 776 778 773 771 766 764 764 767 767 0 0 0 0 0 0
    0 0 0 0 0 0 0 0 0 0 0 0 0 0 0 0 0 0 0 0 0 0 0 1981 1970 1970 1981 0
    0 0 0 0 0 0 0 0 0 805 803 803 802 802 802 800 800 798 774 773 773
    774 774 796 796 796 796 792 790 790 790 792 792 790 787 787 787 787
    787 783 783 783 783 785 783 783 783 783 781 780 778 776 771 771 0 0
    0 0 0 0 0 0 0 0 0 0 0 0 0 0 0 0 0 0 0 0 0 0 0 2016 2016 2016 2028
    2028 2005 1993 1993 1993 0 0 0 0 0 0 0 0 0 0 819 811 807 807 805 805
    805 805 805 774 773 773 774 774 798 798 798 798 798 798 798 798 796
    796 796 796 794 794 792 790 783 783 783 783 789 792 790 789 787 785
    781 780 778 778 0 0 0 0 0 0 0 0 0 0 0 0 0 0 0 0 0 0 0 0 0 0 0 0 0 0
    2016 2016 2016 2016 2016 2016 2005 2005 2005 0 0 0 0 0 0 0 0 0 823
    819 817 817 813 811 811 811 811 811 774 774 773 773 773 821 803 803
    803 803 805 803 803 802 802 802 802 800 800 796 785 785 783 783 785
    790 794 796 794 794 792 785 783 781 781 0 0 0 0 0 0 0 0 0 0 0 0 0 0
    0 0 0 0 0 0 2065 2053 2053 0 0 2040 2028 2016 2016 2016 2016 2028
    2040 0 0 0 0 0 0 0 0 0 0 833 823 821 821 821 819 817 815 815 813 813
    774 774 773 773 773 821 821 819 819 817 813 809 807 805 805 807 807
    809 809 798 783 783 783 781 781 792 794 798 798 798 794 790 790 0 0
    0 0 0 0 0 0 0 0 0 0 0 0 0 0 0 0 0 0 0 0 2065 2053 2053 2090 2065
    2040 2040 2028 2028 2040 2040 2040 2040 2040 0 0 0 0 0 0 0 0 0 833
    829 827 825 825 825 823 821 819 815 815 774 774 773 773 773 821 821
    821 821 821 819 819 815 813 813 813 813 813 813 813 783 783 783 781
    781 800 800 802 802 800 798 798 0 0 0 0 0 0 0 0 0 0 0 0 0 0 0 0 0 0
    0 0 0 0 2103 2090 2090 2090 2090 2065 2065 2053 2040 2040 2040 2040
    2053 2040 2040 2065 0 0 0 0 0 0 0 847 835 833 833 833 831 831 831
    833 823 823 831 773 773 774 774 774 825 825 825 825 825 825 825 823
    821 819 817 817 817 815 815 783 783 783 781 781 781 827 815 815 819
    0 0 0 0 0 0 0 0 0 0 0 0 0 0 0 0 0 0 0 0 0 0 2116 2116 2103 2103 2103
    2103 2103 2078 2065 2065 2053 2053 2053 2053 2065 2053 2053 2065 0 0
    0 0 0 0 0 847 847 849 845 845 847 839 839 839 837 831 831 773 773
    774 774 845 845 831 831 831 829 829 829 829 827 827 825 823 823 823
    827 827 783 783 781 781 781 827 821 819 819 0 0 0 0 0 0 0 0 0 0 0 0
    0 0 0 0 0 0 0 0 0 0 2116 2116 2116 2116 2116 2103 2103 2103 2103
    2103 2103 2116 2065 2065 2065 2065 2065 0 0 0 0 0 0 0 0 854 854 854
    851 849 847 847 847 843 837 835 831 774 774 776 776 845 845 843 841
    839 837 837 835 835 835 831 831 831 831 831 831 783 783 783 783 783
    783 829 823 823 0 0 0 0 0 0 0 0 0 0 0 0 0 0 0 0 0 0 0 0 0 0 0 2129
    2143 2129 2129 2116 2116 2116 2129 2156 2156 2143 2129 2129 2129
    2129 2129 0 0 0 0 0 0 0 0 0 856 856 856 854 851 851 851 851 849 835
    835 833 774 774 776 776 845 845 843 843 843 843 843 841 841 841 839
    839 839 841 843 847 778 778 780 785 785 790 831 827 827 0 0 0 0 0 0
    0 0 0 0 0 0 0 0 0 0 0 0 0 0 0 0 0 2170 2156 2143 2143 2143 2129 2129
    2156 2156 2156 2143 2143 2129 2129 2143 0 0 0 0 0 0 0 0 0 0 858 858
    858 854 854 854 854 837 837 835 835 773 773 774 774 774 856 856 849
    847 847 845 845 845 845 845 845 843 843 843 845 847 778 778 780 783
    787 790 839 839 839 0 0 0 0 0 0 0 0 0 0 0 0 0 0 0 0 0 0 0 0 0 0 0
    2184 2170 2170 2170 2156 2156 2170 2170 2170 2170 739 739 739 739
    741 741 0 0 0 0 0 0 0 0 0 860 860 858 854 854 854 837 835 835 833
    833 773 773 773 773 773 860 860 858 858 856 856 854 854 851 851 849
    845 845 843 843 781 780 780 781 783 787 0 0 0 0 0 0 0 0 0 0 0 0 0 0
    0 0 0 0 0 0 0 0 0 0 0 0 0 2184 2184 0 2170 2170 2170 2170 2170 739
    739 739 739 739 739 741 741 741 0 0 0 0 0 0 0 0 0 746 742 742 742
    837 837 837 835 833 833 773 773 771 596 596 596 862 860 860 862 862
    862 864 860 860 858 847 843 843 841 781 780 780 781 781 796 0 0 0 0
    0 0 0 0 0 0 0 0 0 0 0 0 0 0 0 0 0 0 0 0 0 0 0 0 0 0 0 0 0 0 739 739
    739 739 739 739 739 741 741 741 741 742 742 742 741 741 741 746 746
    746 742 742 742 747 837 837 835 833 833 773 596 596 596 596 596 596
    596 864 864 864 864 867 864 864 864 845 843 841 841 783 781 781 781
    781 0 0 0 0 0 0 0 0 0 0 0 0 0 0 0 0 0 0 0 0 0 0 0 0 0 0 0 0 0 0 0 0
    0 0 0 739 739 739 739 739 739 739 741 741 741 741 742 742 742 741
    741 741 744 744 744 742 742 747 747 746 746 837 835 774 773 596 596
    596 596 596 596 596 597 597 597 873 873 871 871 869 845 843 841 839
    783 781 781 781 781 0 0 0 0 0 0 0 0 0 0 0 0 0 0 0 0 0 0 0 0 0 0 0 0
    0 0 0 0 0 0 0 0 0 0 0 739 739 739 739 739 739 739 739 741 741 741
    741 742 742 742 741 741 744 744 744 744 746 747 747 746 746 747 747
    747 749 596 596 596 597 597 596 596 597 597 597 873 873 871 871 880
    843 843 841 839 783 781 781 781 781 0 0 0 0 0 0 0 0 0 0 0 0 0 0 0 0
    0 0 0 0 0 0 0 0 0 0 0 0 0 0 0 0 0 0 0 739 738 738 738 739 741 739
    739 741 741 741 741 741 742 742 742 742 744 746 746 746 746 747 747
    747 747 747 747 747 749 749 597 597 599 599 597 597 597 597 752 752
    878 878 878 880 843 843 841 841 783 781 781 780 776 776 0 0 0 0 0 0
    0 0 0 0 0 0 0 0 0 0 0 0 0 0 0 0 0 0 0 0 0 0 0 0 0 0 0 0 739 738 738
    738 739 739 739 739 739 739 741 741 741 742 742 742 742 742 746 746
    746 746 747 747 747 747 747 747 747 749 749 749 601 601 600 597 597
    754 754 752 752 752 752 754 754 843 843 841 841 783 781 778 778 776
    776 0 0 0 0 0 0 0 0 0 0 0 0 0 0 0 0 0 0 0 0 0 0 0 0 0 0 0 0 0 0 0 0
    0 0 739 738 738 738 739 739 739 739 739 739 741 741 741 741 742 742
    742 742 746 746 746 746 747 747 747 747 747 747 747 749 749 750 750
    750 752 752 752 752 752 752 752 750 750 752 755 755 755 754 754 783
    778 774 773 762 761 761 0 0 0 0 0 0 0 0 0 0 0 0 0 0 0 0 0 0 0 0 0 0
    0 0 0 0 0 0 0 0 0 0 742 739 738 738 738 738 738 739 739 739 741 741
    741 741 741 742 742 744 744 746 746 746 746 747 747 747 747 747 747
    749 749 749 749 749 750 752 752 752 752 752 752 752 750 750 752 755
    755 755 754 754 754 755 755 761 761 761 759 759 757 757 757 0 0 0 0
    0 0 0 0 0 0 0 0 0 0 0 0 0 0 0 0 0 0 0 0 0 0 0 746 742 741 738 738
    738 738 738 738 739 739 741 741 741 741 741 741 742 742 742 744 744
    746 746 747 747 747 747 747 749 749 749 749 749 749 752 752 752 752
    752 752 752 752 752 754 754 757 757 757 755 754 754 755 755 759 759
    759 759 759 757 757 757 762 762 762 0 0 0 0 0 0 0 0 0 0 0 0 0 0 0 0
    0 0 0 0 0 0 0 0 746 741 741 738 738 738 738 738 738 739 739 741 741
    739 739 741 741 742 742 742 744 744 746 747 747 747 747 747 747 749
    749 749 749 749 749 749 750 750 750 750 752 754 754 754 754 754 755
    755 755 757 755 755 757 759 759 757 757 759 759 759 761 762 762 762
    762 762 762 762 761 761 762 762 762 762 762 0 0 0 0 0 0 0 0 0 0 0 0
    0 0 0 739 739 738 738 738 738 738 738 738 739 739 739 739 739 739
    741 741 742 742 742 744 744 747 747 747 747 747 747 747 747 749 749
    749 749 749 749 749 749 750 752 754 754 754 754 754 754 755 755 757
    757 757 757 757 757 757 757 759 759 759 761 762 762 762 762 762 762
    762 761 761 762 762 762 762 762 764 764 766 0 0 764 764 0 0 0 0 0 0
    0 0 738 738 738 738 738 738 738 738 738 739 739 739 739 739 739 741
    741 741 741 742 742 744 747 747 747 747 747 747 747 747 747 747 747
    749 749 749 749 749 749 752 752 754 754 754 754 754 754 755 755 757
