<?xml version="1.0"?>
<opencv_storage>
<Depth17894 type_id="opencv-matrix">
  <rows>146</rows>
  <cols>99</cols>
  <dt>w</dt>
  <data>
    4463 4463 4463 4463 4463 4463 4463 4463 4463 4405 4405 4405 4405
    4463 4405 4405 4522 4463 4463 4463 4463 4463 4463 4463 4463 4463
    4463 4463 4463 4405 4349 4349 4349 4349 4405 4349 4349 4405 4349
    4349 4349 4349 4349 4349 4349 4349 4349 4349 4349 4349 4349 4349
    4295 4295 4295 4295 4349 4349 4349 4295 4295 4295 4295 4295 4295
    4295 4349 783 781 781 781 780 780 4349 4349 4349 0 0 0 0 4190 4190
    4241 4241 4241 4241 4241 4241 4190 4190 4190 4190 4190 4190 4190
    4190 4190 4190 4190 4463 4463 4463 4463 4463 4463 4405 4405 4405
    4405 4405 4405 4405 4463 4463 4463 4522 4522 4522 4522 4522 4522
    4463 4463 4463 4463 4463 4463 4405 4405 4349 4349 4349 4349 4405
    4405 4405 4405 4349 4349 4349 4349 4349 4349 4349 4349 4349 4349
    4349 4349 4349 4349 4349 4349 4295 4295 4295 4295 4295 4295 4295
    4295 4295 4349 4295 4295 787 783 781 781 780 780 778 778 4349 4349 0
    0 0 0 0 4405 4295 4295 4295 4241 4241 4241 4190 4190 4190 4190 4190
    4190 4190 4190 4190 4190 4190 4463 4463 4463 4463 4405 4405 4405
    4405 4405 4405 4405 4405 4463 4463 4463 4463 4522 4522 4522 4522
    4522 4522 4463 4463 4463 4405 4405 4463 4405 4405 4405 4405 4405
    4405 4405 4405 4405 4349 4349 4349 4349 4349 4349 4349 4349 4405
    4405 4405 4349 4349 4349 4349 4349 4349 4349 4349 4349 0 4295 4295
    4295 4295 783 783 783 787 787 785 783 781 780 780 778 778 4405 0 0 0
    0 0 0 4405 4405 4349 4295 4295 4241 4241 4241 4241 4241 4241 4190
    4190 4190 4190 4190 4190 4190 4463 4463 4463 4463 4405 4405 4405
    4463 4463 4463 4463 4463 4463 4463 4463 4463 4463 4463 4463 4463
    4463 4463 4463 4463 4463 4405 4405 4463 4463 4405 4405 4405 4405
    4405 4463 4405 4405 4349 4349 4349 4349 4349 4349 4405 4405 4405
    4405 4405 4349 4349 4349 4349 4349 4349 4349 4349 767 771 774 778
    778 778 780 781 781 783 785 785 783 781 780 780 780 0 0 0 0 0 0 0 0
    0 0 4295 4295 4295 4295 4295 4241 4241 4241 4241 4241 4190 4190 4190
    4190 4190 4190 4463 4463 4463 4463 4405 4405 4405 4463 4463 4463
    4463 4463 4463 4463 4405 4405 4463 4463 4463 4463 4463 4463 4463
    4463 4463 4405 4405 4463 4463 4463 4405 4405 4405 4405 4405 4405
    4405 4349 4349 4349 4349 4349 4349 4349 4405 4463 4463 4405 4405
    4349 4349 4349 4405 4463 4463 767 767 771 774 774 774 778 780 781
    781 783 785 785 783 781 781 781 781 0 0 0 0 0 0 0 0 0 0 0 4295 4295
    4295 4349 4295 4241 4241 4241 4241 4241 4190 4190 4190 4190 4190
    4463 4463 4463 4463 4463 4463 4463 4463 4463 4463 4463 4463 4463
    4463 4405 4405 4463 4463 4463 4463 4463 4463 4463 4463 4463 4405
    4405 4463 4463 4463 4405 4349 4349 4349 4349 4405 4405 4405 4349
    4349 4349 4349 4349 4349 4405 4463 0 0 0 0 761 761 761 761 761 755
    755 754 754 755 773 780 781 781 781 783 783 691 691 785 785 714 717
    0 0 0 0 0 0 0 0 0 0 0 0 723 728 728 728 4295 4295 4295 4295 4349
    4190 4190 4190 4190 4190 4463 4463 4463 4463 4463 4463 4463 4463
    4463 4463 4463 4463 4463 4463 4405 4405 4463 4463 4463 4463 4463
    4522 4463 4463 4463 4463 4405 4405 4463 4405 4349 4349 4349 4349
    4349 4405 4405 4405 4349 4349 4349 4349 4349 4349 4405 0 0 0 0 0 757
    757 761 761 761 755 755 752 752 752 750 750 750 781 781 783 783 686
    686 713 713 714 717 717 720 0 0 0 0 0 0 0 0 722 722 723 728 728 728
    728 0 0 0 0 0 0 4241 4190 4190 4463 4463 4463 4463 4463 4463 4463
    4463 4463 4463 4463 4463 4463 4463 4405 4405 4463 4463 4463 4463
    4463 4522 4463 4463 4405 4405 4349 4349 4463 4405 4349 4349 4349
    4349 4349 4405 4405 4405 0 0 0 0 0 0 0 0 0 0 0 0 757 757 759 759 761
    761 749 749 750 750 750 750 750 750 688 688 688 686 686 686 713 714
    716 716 719 719 0 0 0 0 0 720 720 722 722 723 727 728 728 728 0 0 0
    0 0 0 0 4190 4190 4463 4522 4522 4522 4463 4463 4463 4522 4463 4463
    4463 4463 4463 4463 4405 4405 4405 4405 4463 4522 4522 4522 4522
    4463 4405 4405 4349 4349 0 0 0 0 0 0 0 0 0 0 0 0 0 0 0 0 0 0 0 0 0 0
    759 759 759 759 759 747 747 747 749 747 747 749 749 0 0 688 688 686
    686 686 710 707 707 708 708 708 710 711 713 714 717 719 720 722 722
    723 727 728 728 728 0 0 0 0 0 0 0 4241 4190 4463 4522 4522 4522 4522
    4463 4463 4522 4522 4463 4463 4463 4463 4463 4405 4405 4405 4405 0 0
    0 0 0 0 0 0 0 0 0 0 0 0 0 0 0 0 0 0 0 0 0 0 0 0 0 0 0 0 0 0 759 759
    759 676 676 747 747 747 749 747 747 749 749 687 687 688 688 687 686
    686 701 704 704 707 707 708 710 711 713 714 717 719 720 722 722 723
    727 728 728 730 0 0 0 0 0 0 0 4241 4241 4463 4463 4522 4522 4522
    4463 4463 4522 4522 630 630 629 629 4463 4405 4405 0 0 0 0 0 0 0 0 0
    0 0 0 0 0 0 0 0 0 0 0 0 0 0 0 0 0 0 0 0 0 0 0 0 0 0 0 676 676 676
    678 679 679 683 686 686 687 687 687 687 697 697 697 697 698 700 703
    704 707 707 708 710 711 713 716 716 719 720 722 722 725 727 728 730
    731 0 0 0 0 0 0 0 4241 4241 4405 4463 4522 4582 4522 4522 4522 629
    629 629 630 629 629 0 0 0 0 0 0 0 0 0 0 0 0 0 0 0 0 0 0 0 0 0 0 0 0
    0 0 0 0 0 0 0 0 0 0 0 0 0 672 672 675 676 676 678 679 682 683 686
    686 687 687 687 691 691 694 696 697 698 700 703 704 707 707 708 710
    711 713 716 716 719 720 722 723 727 728 730 731 731 0 0 0 0 0 0 0
    4190 4190 4405 4405 4405 623 624 624 628 628 628 628 629 629 630 0 0
    0 0 0 0 0 0 0 0 0 0 0 0 0 0 0 0 0 0 0 0 0 0 0 0 0 0 0 0 664 664 664
    664 0 674 674 672 672 675 676 678 679 679 682 683 686 686 687 687
    688 691 691 694 696 697 698 701 703 704 707 707 708 710 713 714 716
    717 719 720 723 725 727 728 730 731 733 0 0 0 0 0 0 0 4190 4190 4405
    4405 623 623 624 624 628 628 627 627 629 629 0 0 0 0 0 0 0 0 0 0 0 0
    0 0 0 0 0 0 0 0 0 649 649 649 0 0 0 659 659 659 661 662 663 664 664
    666 668 668 671 674 674 676 678 679 679 682 683 686 686 687 688 690
    691 693 696 697 698 700 701 703 706 708 708 710 711 713 714 716 717
    719 722 723 725 728 728 731 731 733 0 0 0 0 0 0 0 4190 4190 623 623
    623 623 621 621 622 625 625 625 627 627 0 0 0 0 0 0 0 0 0 0 0 0 0 0
    0 0 0 0 0 0 652 649 649 649 652 653 654 655 658 658 659 661 663 663
    664 666 668 668 671 672 674 676 678 679 679 683 684 686 686 687 688
    690 693 694 696 697 698 700 703 704 706 708 710 710 711 713 714 716
    717 719 722 723 727 727 728 730 731 733 0 0 0 0 0 0 0 4190 4190 623
    623 623 623 621 621 622 624 625 625 627 627 0 0 0 0 0 0 0 0 0 0 0 0
    0 0 0 641 641 641 642 643 648 649 649 650 650 652 653 654 657 658
    659 661 663 663 664 666 668 670 671 672 675 678 679 680 680 683 684
    686 687 687 690 691 693 694 697 697 698 700 703 704 707 708 710 711
    711 714 716 717 719 720 722 723 727 727 728 730 731 733 733 0 0 0 0
    0 0 4241 4190 623 623 623 623 622 622 622 624 625 625 625 0 0 0 0 0
    0 0 0 0 0 634 634 636 638 0 641 641 641 641 642 643 647 649 649 649
    650 650 653 654 657 658 659 661 663 663 666 667 668 670 671 674 675
    678 679 680 680 684 686 687 687 688 691 691 693 696 697 698 698 700
    703 706 707 708 710 711 713 714 716 717 719 720 722 725 727 728 730
    733 733 733 733 0 0 0 0 0 0 4295 4190 0 0 624 622 620 620 624 625
    625 625 625 621 0 628 628 628 627 627 632 632 634 634 634 636 637
    638 640 641 642 643 643 644 646 648 648 649 650 650 653 654 657 659
    661 662 663 664 666 667 668 670 672 674 675 678 679 680 680 684 686
    687 688 690 691 693 693 696 697 698 700 701 703 707 708 710 710 711
    714 714 716 717 719 722 723 727 727 728 730 733 733 733 734 0 0 0 0
    0 0 0 4241 0 0 622 622 620 620 618 618 619 619 620 621 621 623 624
    625 627 627 631 632 632 634 634 635 637 638 640 640 642 643 643 644
    646 648 648 649 650 650 653 654 658 659 662 663 663 664 667 668 670
    671 674 675 676 678 679 680 680 684 686 687 688 691 691 693 694 697
    698 698 700 703 703 707 708 710 710 711 714 716 717 719 720 722 723
    727 727 728 730 731 733 734 736 0 0 0 0 0 0 0 4241 0 610 610 610 612
