<?xml version="1.0"?>
<opencv_storage>
<Depth3255 type_id="opencv-matrix">
  <rows>43</rows>
  <cols>46</cols>
  <dt>w</dt>
  <data>
    2286 2286 2301 2317 4041 4041 4089 4089 4041 4041 4041 4089 2365
    2365 2365 2365 2381 2381 2381 4041 4041 4139 4139 4139 4139 4139
    4139 4139 4139 4139 4139 4089 4089 4089 4089 4089 4139 4139 4190
    4139 4139 4139 4139 4139 4190 4190 2271 2271 2301 2317 4041 4041
    4041 4041 4041 4041 4041 2415 2365 2365 2365 2365 2381 2381 2381
    2381 2381 4139 4139 4139 4139 4139 4139 4139 4139 4139 4139 4139
    4089 4089 4139 4139 4139 4139 4190 4139 4139 4139 4139 4139 4139
    4139 2271 2271 2286 2286 4041 4041 2365 2365 2365 2365 2381 2365
    2365 2365 2365 2365 2365 2365 2365 2381 2365 2365 4089 4089 4139
    4139 4139 4139 4139 4139 4139 4139 4139 4139 4139 4139 4139 4139
    4190 4190 4190 4139 4139 4139 4139 4139 2271 2271 2286 2286 4041
    4041 2365 2365 2365 2365 2349 2349 2349 2349 2349 2365 2365 2365
    2365 2365 2365 2365 2365 4089 4139 4139 4139 4139 4139 4139 4089
    4089 4139 4139 4139 4139 4139 4139 4139 4139 4139 4139 4089 4089
    4139 4190 2271 2286 2301 4190 4139 4041 4041 4041 2365 2349 2333
    2317 2317 2333 2349 2349 2349 2365 2365 2365 2365 2365 2365 2381
    2381 4139 4139 4139 4139 4139 4089 4089 4139 4139 4139 4139 4089
    4089 4139 4139 4139 4139 4089 4089 4139 4190 2317 2317 2333 2317
    2317 4041 4041 4041 2349 2317 2317 2317 2317 2317 2349 2349 2349
    2349 2365 2365 2365 2365 2365 2365 2365 2365 2365 4089 4089 4089
    4089 4089 4139 4139 4089 4089 4089 4089 4139 4139 4089 4089 4089
    4089 4139 4139 2333 2333 2333 2317 2301 2301 2286 2286 2286 2301
    2301 2301 2301 2317 2349 2349 2349 2349 2349 2365 2365 2365 2365
    2365 2365 2365 2365 2381 4089 4089 4089 4089 4139 4139 4089 4089
    4089 4089 4089 4089 4089 4089 4089 4089 4089 4139 4089 4089 4089
    2317 2301 2301 2286 2286 2286 2301 2301 2301 2301 2333 2333 2333
    2349 2349 2349 2349 2349 2365 2365 2365 2381 2381 2381 2381 2381
    2398 4089 4139 4089 4089 4089 4089 4139 4139 4089 4089 4089 4089
    4089 4089 4089 4139 4089 4089 4089 2317 2286 2286 2286 2286 2286
    2301 2301 2301 2301 2317 2333 2333 2333 2349 2349 2349 2349 2349
    2349 2349 2365 2365 2381 2381 2381 2381 4139 4139 4089 4089 4041
    4041 4089 4139 4089 4089 4089 4089 4089 4089 4089 4089 4041 4089
    4089 2271 2271 2271 2286 2286 2286 2286 2301 2301 2301 2317 2317
    2333 2333 2333 2333 2333 2349 2349 2349 2349 2349 2349 2365 2365
    2365 2381 2381 4089 4041 4041 4041 4041 4089 4089 4089 4041 4041
    4041 4041 4089 4089 4089 4041 4139 2301 2271 2271 2271 2271 2286
    2286 2286 2286 2286 2301 2301 2317 2317 2317 2333 2333 2317 2317
    2317 2317 2333 2349 2349 2349 2349 2365 2365 2365 2365 2365 2365
    4041 4041 4041 4041 4089 4041 4041 4041 4041 4089 4089 4139 4041
    4041 2286 2256 2256 2256 2256 2271 2286 2286 2286 2286 2286 2286
    2301 2301 2301 2317 2317 2317 2301 2301 2317 2317 2333 2333 2349
    2349 2349 2365 2365 2365 2365 2365 2365 4041 4041 4041 4041 4041
    4041 4041 4041 4089 4089 4089 3994 3994 2271 2256 2256 2241 2241
    2256 2271 2271 2271 2271 2271 2286 2286 2301 2301 2301 2301 2301
    2301 2301 2317 2317 2333 2333 2333 2349 2349 2349 2365 2365 2365
    2365 2349 2349 4041 4041 4041 4041 4041 4041 4041 4089 4089 4089
    3994 2256 2241 2241 2241 2241 2241 2256 2256 2271 2271 2271 2271
    2271 2286 2286 2286 2301 2301 2301 2301 2301 2301 2301 2317 2317
    2333 2349 2349 2349 2365 2365 2365 2365 2349 2349 2365 4089 4089
    4089 4089 4041 4041 4089 4089 4041 2271 2241 2241 2241 2241 2241
    2241 2256 2256 2256 2271 2271 2271 2271 2271 2286 2286 2286 2286
    2301 2301 2301 2301 2301 2317 2317 2333 2349 2349 2349 2365 2365
    2365 2365 2365 2365 2365 2365 2381 4089 4089 4041 4041 4041 4041
    4041 2271 2241 2241 2241 2241 2241 2241 2241 2256 2256 2256 2256
    2271 2271 2271 2271 2286 2286 2286 2286 2286 2301 2301 2301 2301
    2317 2317 2333 2333 2349 2349 2349 2349 2349 2349 2365 2365 2365
    2381 2415 2432 4041 4041 4041 4041 4041 2271 2271 2256 2256 2256
    2241 2241 2241 2256 2256 2256 2256 2256 2256 2271 2271 2271 2286
    2286 2271 2271 2286 2301 2301 2301 2317 2317 2317 2317 2333 2333
    2349 2349 2349 2349 2365 2365 2365 2365 2381 2398 4041 4041 4041
    4041 4041 2286 2286 2286 2271 2271 2256 2256 2256 2241 2241 2241
    2241 2256 2256 2256 2271 2271 2271 2271 2271 2271 2286 2286 2301
    2301 2301 2301 2301 2301 2301 2317 2333 2349 2349 2349 2349 2349
    2365 2365 2365 2381 2381 4041 4041 4041 4041 2286 2301 2286 2286
    2286 2271 2256 2256 2241 2241 2241 2241 2241 2256 2256 2271 2271
    2271 2271 2271 2271 2271 2286 2301 2301 2301 2301 2301 2301 2301
    2317 2333 2333 2349 2349 2349 2349 2349 2349 2365 2365 2365 2381
    4041 4089 4089 2301 2301 2301 2301 2286 2271 2271 2256 2256 2256
    2241 2241 2241 2241 2241 2256 2256 2271 2271 2271 2271 2271 2286
    2286 2301 2301 2301 2301 2301 2301 2301 2317 2317 2333 2349 2349
    2349 2349 2349 2349 2349 2365 2365 2365 2365 4089 2317 2317 2301
    2301 2301 2271 2271 2256 2256 2256 2256 2241 2241 2241 2241 2256
    2256 2256 2256 2256 2271 2271 2286 2286 2286 2286 2286 2286 2301
    2301 2301 2317 2317 2333 2333 2333 2333 2333 2333 2333 2349 2365
    2365 2365 2365 4139 2317 2317 2317 2301 2301 2271 2271 2271 2256
    2256 2256 2256 2256 2241 2241 2256 2256 2256 2256 2256 2256 2256
    2271 2271 2271 2286 2286 2286 2301 2301 2301 2301 2301 2301 2317
    2317 2333 2333 2333 2333 2349 2349 2349 2349 2349 2349 2317 2317
    2317 2317 2301 2286 2286 2271 2271 2271 2271 2256 2256 2241 2241
    2241 2241 2241 2256 2241 2241 2256 2256 2271 2271 2271 2286 2286
    2301 2301 2301 2301 2301 2301 2301 2301 2317 2317 2317 2333 2333
    2349 2349 2349 2349 2349 3994 2349 2349 2333 2301 2301 2286 2286
    2271 2271 2271 2256 2256 2256 2256 2241 2241 2241 2241 2241 2241
    2256 2256 2271 2271 2271 2286 2286 2286 2286 2301 2301 2301 2301
    2301 2301 2317 2317 2317 2317 2333 2333 2333 2349 2349 2365 3948
    3948 2349 2349 2333 2317 2301 2301 2286 2271 2271 2271 2271 2271
    2256 2256 2241 2241 2241 2241 2241 2241 2241 2256 2256 2271 2286
    2286 2286 2286 2286 2286 2301 2301 2301 2301 2301 2301 2317 2317
    2317 2317 2317 2333 2349 2365 3948 3948 3948 2349 2333 2333 2317
    2301 2301 2286 2286 2271 2271 2271 2256 2256 2241 2241 2241 2241
    2241 2241 2241 2241 2241 2256 2271 2271 2271 2271 2286 2286 2286
    2301 2301 2301 2301 2301 2301 2301 2301 2317 2317 2333 2333 2333
    3948 3948 3994 3994 3994 2333 2317 2317 2301 2301 2286 2286 2286
    2271 2271 2271 2271 2256 2241 2241 2226 2226 2241 2241 2241 2241
    2241 2241 2256 2256 2271 2271 2271 2286 2286 2301 2301 2301 2301
    2301 2301 2301 2301 2333 2333 4041 3948 3948 3948 3994 3994 3994
    3994 2317 2301 2301 2301 2286 2286 2286 2286 2286 2271 2271 2256
    2241 2226 2226 2241 2241 2241 2241 2241 2241 2241 2241 2241 2241
    2256 2271 2271 2286 2301 2301 2301 2301 2301 2301 2301 2333 2333
    4041 3948 3948 3948 3994 3994 3994 3994 2317 2317 2301 2301 2286
    2286 2286 2286 2286 2286 2286 2271 2256 2241 2241 2241 2241 2241
    2241 2241 2241 2241 2241 2241 2241 2256 2256 2271 2271 2286 2286
    2286 2286 2286 2286 2301 2317 4041 4041 3948 3948 3948 3994 3994
    3994 3994 3994 2317 2317 2301 2301 2301 2301 2286 2286 2286 2286
    2286 2271 2256 2241 2241 2241 2241 2241 2241 2241 2241 2241 2241
    2241 2256 2256 2271 2271 2271 2271 2286 2286 2286 2286 2301 2317
    4041 4041 3948 3948 3948 3994 3994 3994 3994 3994 2317 2317 2301
    2301 2301 2301 2301 2301 2286 2286 2286 2271 2256 2241 2241 2241
    2241 2241 2241 2241 2241 2241 2241 2241 2241 2256 2256 2256 2271
    2271 2286 2286 2286 2286 4041 4041 4041 4041 3948 3948 3948 3994
    3994 3994 3994 3994 3994 3994 3994 2333 2317 2317 2301 2301 2286
    2286 2286 2286 2271 2271 2256 2241 2241 2241 2226 2226 2241 2241
    2241 2241 2241 2241 2256 2256 2256 2256 2256 2286 2286 2286 4041
    4041 4041 4041 3948 3948 3948 3994 3994 3994 3994 3994 3994 3994
