<?xml version="1.0"?>
<opencv_storage>
<Depth12122 type_id="opencv-matrix">
  <rows>6</rows>
  <cols>15</cols>
  <dt>w</dt>
  <data>
    5056 5056 4983 4983 4983 4911 4911 4911 4911 4911 4842 4842 4842
    4774 4774 4983 4983 4983 4983 4983 4911 4911 4911 4911 4911 4842
    4842 4842 4774 4774 4983 4983 4983 4983 4983 4983 4983 4983 4983
    4983 4842 4774 4774 4708 4708 4983 4911 4911 4911 4983 4983 4983
    4983 4911 4842 4842 4774 4774 4708 4708 4983 4911 4911 4911 4911
    4983 4983 4983 4911 4842 4842 4774 4774 4911 0 4983 4911 4774 4708
    4708 4983 4983 4983 4983 4911 4911 4911 0 0 0</data></Depth12122>
</opencv_storage>
