<?xml version="1.0"?>
<opencv_storage>
<Depth4503 type_id="opencv-matrix">
  <rows>17</rows>
  <cols>39</cols>
  <dt>w</dt>
  <data>
    4911 4983 4983 4983 4983 4983 4983 4983 4983 5056 5056 5132 5056
    5056 5056 4983 4842 4774 4774 4842 4911 4983 5056 4911 4911 5056
    5056 5056 5056 3948 3948 3948 3948 3903 3903 3859 3859 3859 3859
    4983 4983 4983 4983 4983 4983 4983 4983 4983 5132 5056 5056 5056
    5056 5056 5056 5056 4842 4842 4911 4911 4911 4983 5056 5056 5056
    3948 3948 4041 4041 3948 3948 3903 3903 3903 3859 3859 3859 3859
    4983 4983 4983 4983 4983 4983 5056 5056 5056 5056 5056 5056 5056
    5056 5056 5056 5056 4842 4842 4842 4842 4842 4983 4983 3948 3948
    3948 3948 3948 3948 3948 3948 3903 3903 3903 3859 3859 3816 3774
    4983 4983 4983 4983 4983 5056 5056 5056 5056 5056 5056 5056 5056
    5056 5056 5056 4911 4911 4911 4842 4842 4842 3903 3903 3948 3948
    3948 3994 3948 3948 3903 3903 3903 3903 3903 3859 3859 3816 3774
    4983 4983 4911 4911 4983 4983 4983 4983 5056 5056 5056 5056 3816
    3816 3859 3859 3948 3903 3774 3774 3774 3774 3774 3859 3903 3948
    3948 3948 3948 3903 3903 3903 3903 3903 3903 3903 3859 3816 3774
    4983 4983 4911 4911 4983 4983 4983 4983 4983 3774 3903 3903 3816
    3816 3859 3859 3948 3903 3774 3774 3774 3774 3774 3859 3903 3903
    3903 3903 3903 3903 3903 3903 3903 3903 3903 3903 3859 3774 3774
    4983 5056 4983 4983 4983 5132 5132 3859 3816 3774 3774 3774 3816
    3816 3859 3859 3948 3903 3774 3774 3774 3774 3774 3859 3903 3903
    3903 3903 3903 3903 3903 3903 3903 3903 3903 3903 3859 3774 3774
    3948 3948 3903 3903 5056 3816 3816 3859 3816 3816 3774 3774 3816
    3816 3859 3859 3903 3903 3859 3816 3816 3816 3816 3859 3903 3903
    3903 3903 3903 3948 3903 3903 3859 3859 3903 3903 3816 3816 3774
    3859 3859 3859 3859 3859 3816 3816 3859 3816 3816 3816 3816 3816
    3816 3859 3859 3859 3859 3859 3859 3859 3816 3816 3859 3903 3903
    3903 3948 3948 3948 3903 3903 3859 3859 3903 3903 3816 3816 3774
    3816 3774 3774 3774 3774 3774 3816 3816 3859 3859 3859 3859 3859
    3859 3859 3859 3859 3859 3859 3859 3859 3859 3816 3816 3816 3903
    3948 3948 3948 3948 3948 3948 3732 3732 0 0 0 0 3774 3774 3774 3774
    3774 3774 3774 3816 3816 3859 3859 3859 3859 3859 3903 3859 3859
    3859 3859 3859 3859 3859 3859 3816 3816 3816 3903 3948 3948 0 0 0 0
    3732 3732 0 0 0 0 0 3774 3732 3732 3774 3774 3816 3816 3816 3816
    3816 3816 3859 3859 3903 3859 3859 3859 3816 3816 3859 3859 3903 0 0
    0 3948 3948 0 0 0 0 0 0 0 0 0 0 0 0 3774 3732 3732 3774 3774 3816
    3816 3816 3816 3816 3816 3816 3816 3903 3859 3859 3859 3816 3816 0 0
    0 0 0 0 0 0 0 0 0 0 0 0 0 0 0 0 0 0 3774 3732 3732 3774 3774 3774
    3774 3774 3816 3816 3859 3816 3816 3903 3903 3903 3903 3903 3903 0 0
    0 0 0 0 0 0 0 0 0 0 0 0 0 0 0 0 0 0 3816 3774 3774 3774 3774 3774
    3774 3774 3774 3774 3859 3859 3859 3948 0 0 3903 3903 3903 0 0 0 0 0
    0 0 0 0 0 0 0 0 0 0 0 0 0 0 0 2744 3774 3774 3774 3774 3732 3732
    3732 3774 3774 3859 3859 3859 0 0 0 0 0 0 0 0 0 0 0 0 0 0 0 0 0 0 0
    0 0 0 0 0 0 0 2680 2680 3774 3774 3774 3732 3732 3732 0 0 0 0 0 0 0
    0 0 0 0 0 0 0 0 0 0 0 0 0 0 0 0 0 0 0 0 0 0 0 0</data></Depth4503>
</opencv_storage>
