<?xml version="1.0"?>
<opencv_storage>
<Depth18104 type_id="opencv-matrix">
  <rows>122</rows>
  <cols>83</cols>
  <dt>w</dt>
  <data>
    3576 3576 3576 3576 3576 3576 3539 3539 3539 3539 3539 3539 3539
    3539 3539 3539 3539 3539 3539 3539 3503 3503 3503 3503 3503 3503
    3503 3503 3503 3503 3503 3539 3503 3503 3503 3503 3539 3539 3539
    3539 3539 3539 3539 3539 3539 3503 3503 3503 3503 3503 3539 3503
    3503 3503 3503 3503 3503 3468 3468 3433 805 802 802 802 802 802 802
    3468 3468 3468 3468 3433 3433 3433 3433 3433 3433 3433 3399 3399
    3399 3433 3433 3576 3576 3576 3576 3576 3576 3576 3576 3539 3539
    3539 3539 3539 3539 3539 3539 3539 3539 3539 3539 3503 3503 3539
    3539 3539 3539 3539 3539 3539 3539 3539 3539 3539 3503 3503 3503
    3539 3539 3539 3539 3539 3539 3539 3539 3539 3503 3468 3468 3468
    3468 3539 3503 3503 3503 3503 3503 3503 813 811 809 805 802 802 802
    802 802 802 800 800 800 0 3399 3399 3399 3433 3433 3433 3433 3433
    3433 3433 3433 3433 3576 3576 3576 3576 3576 3576 935 935 3539 3539
    3539 3539 3539 3539 3539 3539 3539 3539 3539 3539 3539 3539 3539
    3539 3539 3539 3539 3539 3539 3539 3539 3539 3539 3503 3503 3503
    3539 3539 3539 3539 3539 3539 3539 3539 3539 3503 3468 3468 3468
    3468 3539 3539 3539 3503 3503 3468 3468 813 811 809 805 803 802 802
    802 800 800 800 800 0 0 0 3399 3399 3433 3433 3433 3433 3433 3433
    3433 3433 3433 3576 3576 3576 3576 948 943 935 935 935 935 3539 3539
    3539 3539 3539 3539 3539 3539 3539 3503 3503 3539 3539 3576 3576
    3539 3539 3539 3539 3576 3539 3539 3539 3539 3539 3539 3576 3539
    3539 3539 3539 3539 3468 3468 3539 3539 3539 815 815 3576 3576 839
    835 833 833 829 819 813 811 809 805 803 802 800 800 800 798 798 800
    800 0 0 0 0 3433 3433 3433 3433 3433 3433 3433 3433 3433 3576 3576
    3576 946 946 943 938 938 935 935 935 0 0 0 0 0 3539 3539 3539 3503
    3503 0 0 3614 3614 3653 0 0 0 0 0 0 0 0 0 0 0 0 0 0 0 0 3468 3468
    3539 3539 3539 815 815 815 833 833 833 831 829 823 819 815 813 811
    807 805 798 798 798 798 798 798 800 802 0 0 0 0 0 3433 3433 3433
    3433 3433 3433 3433 3433 3614 3614 948 946 946 943 938 938 938 938
    940 940 0 0 0 0 0 0 0 3692 3692 3692 3692 3692 3692 0 0 0 0 0 0 0 0
    0 0 0 0 0 0 0 0 0 0 0 0 0 0 815 815 815 821 825 823 821 821 821 819
    817 815 813 809 792 792 794 798 798 798 798 800 800 0 0 0 0 0 0 0
    3468 3433 3433 3433 3433 3433 3653 3614 948 948 946 946 938 938 938
    935 935 935 0 0 0 0 0 0 0 0 0 0 0 0 0 0 0 0 0 0 0 0 0 0 0 0 0 0 0 0
    0 0 0 0 0 0 823 823 823 821 821 825 821 817 815 778 778 778 817 785
    785 787 789 792 796 796 798 798 800 800 800 0 0 0 0 0 0 3503 3433
    3433 3433 3433 3433 946 946 943 943 948 946 935 933 933 930 930 930
    0 0 0 0 0 0 0 0 0 0 0 0 0 0 0 0 0 0 0 0 0 0 0 0 0 0 0 0 0 0 0 0 0 0
    767 767 767 767 767 769 769 771 773 774 778 778 781 783 785 787 789
    790 792 796 798 800 800 800 800 0 0 0 0 0 0 0 3433 3433 3433 3433
    3433 948 946 943 943 943 920 920 920 910 910 930 0 0 0 0 0 0 0 0 0 0
    0 0 0 0 0 0 0 0 0 0 0 0 0 0 0 0 0 0 0 0 0 0 0 0 0 767 767 766 766
    767 767 767 771 773 774 778 780 781 783 785 787 789 790 792 794 798
    800 802 802 803 0 0 0 0 0 0 0 3433 3433 3433 3433 3433 948 946 940
    928 925 920 918 913 908 908 903 898 898 0 880 878 869 862 860 858
    854 849 845 845 829 827 827 0 0 0 805 802 800 800 0 0 0 0 0 0 767
    766 766 0 0 0 0 766 766 766 767 767 767 771 773 776 778 780 781 783
    785 787 789 790 792 794 796 800 802 803 803 0 0 0 0 0 0 3433 3433
    3433 3433 3433 3433 948 946 940 928 925 920 915 910 908 903 898 896
    891 880 875 873 867 862 860 858 851 845 843 839 829 827 825 821 817
    813 805 802 800 800 794 789 785 783 780 771 767 766 764 762 759 759
    759 761 764 764 767 767 769 771 773 776 778 780 781 783 785 787 790
    790 792 794 796 800 803 805 805 0 0 0 0 0 0 3433 3433 3433 3433 3433
    3433 948 946 933 928 925 920 915 910 908 903 898 896 889 880 875 871
    867 862 860 858 851 845 843 839 829 827 825 821 817 813 807 803 800
    800 794 789 785 783 780 771 771 766 764 762 759 759 759 759 762 764
    767 767 769 771 773 776 778 778 781 783 787 790 790 792 792 794 796
    802 805 805 805 0 0 0 0 0 0 3468 3433 3433 3433 3433 3433 951 948
    933 928 925 923 918 910 908 903 901 896 889 880 875 871 867 862 860
    858 851 845 843 839 831 827 825 821 819 815 807 803 802 800 796 792
    787 785 781 776 773 766 764 762 759 759 759 759 761 764 767 769 771
    774 776 778 778 778 781 783 787 790 790 792 792 794 798 802 805 805
    805 805 0 0 0 0 0 3468 3433 3433 3433 3433 3433 954 951 946 930 928
    923 918 913 910 906 903 898 889 885 878 871 869 864 860 858 854 845
    843 839 835 829 825 823 821 817 807 805 802 800 796 792 789 785 781
    778 773 769 764 762 759 759 759 759 761 764 766 769 771 774 776 778
    778 780 781 783 787 790 790 792 796 798 798 800 803 805 805 805 0 0
    0 0 0 0 3433 3433 3433 3433 3433 954 951 946 930 928 925 920 915 910
    906 903 898 891 885 880 873 869 864 860 856 854 845 843 839 835 829
    825 823 821 819 815 805 803 800 796 792 789 787 781 778 773 769 766
    762 761 759 759 759 761 764 766 771 773 776 778 778 780 780 783 785
    787 789 790 792 794 798 798 800 802 805 805 805 0 0 0 0 0 0 3468
    3468 3433 3433 3433 954 951 946 943 930 928 923 918 910 906 903 898
    889 885 880 875 871 869 860 856 854 845 843 839 837 831 827 825 823
    821 817 805 803 800 798 792 789 787 783 780 774 771 767 764 762 761
    761 761 761 766 767 773 774 776 776 778 780 781 783 785 787 789 790
    792 794 796 800 800 802 803 805 805 0 0 0 0 0 0 3503 3468 3433 3433
    3433 954 951 948 943 933 930 925 923 913 908 903 898 889 885 880 878
    875 869 862 858 854 847 843 841 837 831 827 825 823 821 817 807 803
    802 798 794 790 787 785 781 774 771 767 764 762 761 761 761 762 764
    769 773 774 776 776 778 780 780 783 785 787 790 790 792 794 796 800
    800 802 803 805 807 0 0 0 0 0 0 3503 3468 3433 3433 3433 954 954 948
    943 935 930 925 923 915 910 906 901 894 889 882 880 878 871 864 860
    858 847 845 841 837 831 829 825 823 821 817 807 805 802 798 796 792
    787 785 783 778 771 767 764 762 762 761 761 762 764 769 773 774 776
    776 776 778 780 783 785 787 790 790 792 794 796 800 800 803 805 807
    807 0 0 0 0 0 0 3503 3468 3433 3433 3433 959 954 951 943 935 930 928
    923 918 910 906 903 894 889 887 882 878 871 867 862 858 849 845 841
    837 833 829 827 825 821 819 813 805 802 800 796 792 789 787 783 780
    771 767 764 762 762 761 761 762 766 771 773 773 774 776 776 778 780
    781 785 787 790 792 792 794 796 800 800 803 805 807 807 0 0 0 0 0 0
    3539 3468 3468 3468 3433 959 956 954 943 935 930 928 923 918 910 908
    903 896 891 887 882 878 873 867 862 860 858 849 843 839 835 831 827
    827 823 819 815 807 803 800 798 794 790 787 783 780 771 769 766 764
    762 762 762 764 766 771 773 773 774 776 776 778 780 781 785 787 789
    792 794 794 798 800 800 803 805 807 807 807 0 0 0 0 0 3539 3503 3468
    3433 3433 959 956 954 943 938 933 928 925 918 913 908 901 896 891
    887 882 878 873 869 864 862 858 849 845 839 837 833 829 829 825 821
    815 813 805 802 798 794 790 787 783 780 774 771 766 764 764 762 762
    764 766 771 773 774 774 776 776 778 781 783 785 787 789 792 794 794
    798 800 802 803 805 807 807 807 0 0 0 0 0 3539 3503 3468 3433 3433
    959 956 954 943 938 935 930 925 920 915 908 901 896 891 887 882 880
    875 871 867 862 860 849 845 843 837 835 831 829 825 821 817 811 807
    803 800 796 792 787 783 780 774 771 769 766 764 764 764 764 764 769
    774 774 774 776 776 778 781 783 785 787 789 792 794 794 798 800 802
    803 805 807 807 0 0 0 0 0 0 3503 3468 3468 3433 3433 959 956 954 946
    940 935 930 928 923 918 910 903 898 894 889 885 880 878 871 867 862
    860 849 847 843 839 835 831 829 825 821 817 811 807 803 800 798 794
    790 785 781 774 773 769 767 766 764 764 764 764 767 773 774 774 776
    776 778 781 783 785 787 789 792 792 796 798 800 802 805 807 807 809
