<?xml version="1.0"?>
<opencv_storage>
<Depth3912 type_id="opencv-matrix">
  <rows>188</rows>
  <cols>66</cols>
  <dt>w</dt>
  <data>
    0 0 0 0 0 774 774 773 769 766 762 759 757 755 754 754 754 754 754
    754 754 754 754 754 754 754 754 755 755 759 761 762 764 773 773 0 0
    1112 1108 1108 1108 1105 1101 1097 1097 1094 1094 1094 1094 1094
    1090 1090 1090 1090 1090 1094 1094 1094 1094 1094 1097 1094 1094
    1090 1087 1087 0 0 0 0 0 0 774 773 769 764 759 757 757 755 754 754
    752 752 754 754 754 754 754 754 754 754 754 754 755 757 761 762 762
    773 773 0 0 1112 1108 1108 1108 1105 1101 1097 1097 1097 1097 1097
    1097 1097 1097 1097 1094 1094 1097 1097 1101 1105 1101 1101 1101
    1101 1094 1090 1087 1087 0 0 0 0 0 0 774 773 771 764 759 757 757 755
    754 754 752 752 754 754 752 752 752 752 752 754 754 754 754 757 759
    762 762 769 769 0 0 1112 1108 1108 1108 1108 1105 1105 1105 1105
    1105 1105 1105 1105 1105 1105 1105 1105 1105 1108 1108 1105 1105
    1105 1105 1639 1639 1632 1632 1632 0 0 0 0 0 0 774 773 771 766 761
    759 755 755 754 754 752 752 752 752 750 750 752 750 750 752 752 752
    754 755 757 762 762 769 769 0 769 1112 1112 1108 1108 1108 1108 1108
    1108 1108 1108 1108 1108 1108 1108 1108 1108 1112 1112 1108 1108
    1108 1105 1105 1663 1639 1639 1632 1632 1632 0 0 0 0 0 0 774 773 769
    766 761 759 755 755 754 752 752 752 750 750 749 749 750 749 749 750
    750 752 754 755 757 761 762 767 773 773 0 1112 1112 1112 1112 1112
    1115 1119 1119 1119 1115 1115 1115 1112 1112 1112 1112 1115 1119
    1119 1639 1655 1655 1655 1663 1663 1655 1655 1655 1663 1101 0 0 0 0
    0 0 0 767 766 761 759 757 755 754 752 750 750 750 750 749 749 749
    749 749 749 750 752 754 754 755 761 762 767 771 771 0 1119 1119 1119
    1119 1119 1123 1123 1123 1123 1119 1119 1119 1115 1115 1115 1680
    1671 1671 1671 1663 1655 1655 1655 1663 1671 1671 1680 1688 1696
    1101 0 0 0 0 0 0 767 767 764 761 757 757 754 752 750 750 750 750 750
    749 749 749 749 749 749 750 752 752 754 755 761 764 766 769 769 0
    1130 1130 1130 1126 1126 1126 1126 1126 1123 1123 1123 1119 1119
    1119 1119 1680 1671 1671 1671 1671 1663 1663 1663 1671 1671 1671
    1680 1688 1696 1101 0 0 0 0 0 0 766 766 761 759 757 755 754 752 749
    749 750 750 750 749 747 746 746 746 746 746 750 750 752 755 761 762
    762 766 766 0 736 734 734 734 731 731 731 1130 1130 1130 0 0 1680 0
    0 1680 1680 1680 1680 1680 1680 1680 1680 1680 1680 1688 1705 1705
    1713 1101 0 739 739 739 739 0 766 766 761 759 757 755 754 750 749
    749 749 749 749 747 739 736 736 736 736 736 736 736 736 736 761 762
    762 766 766 734 736 736 733 733 731 731 731 731 731 728 0 0 0 0 0
    1696 1688 1688 1680 1680 1680 1688 1688 1696 1696 1696 1705 1705
    1713 736 736 738 738 738 738 728 728 759 759 757 755 754 754 750 750
    747 746 736 736 736 736 736 736 736 736 736 734 734 734 734 733 730
    730 767 734 734 734 734 733 731 731 731 731 728 728 728 0 0 0 0 0 0
    1705 1696 1696 1696 1696 1705 1705 1696 1696 1696 1713 1713 1713 734
    734 733 728 727 727 728 728 728 728 728 730 728 727 727 728 728 733
    734 733 733 734 734 733 733 734 733 733 733 731 731 733 730 730 731
    731 733 733 733 731 731 731 731 730 728 728 723 723 0 0 0 0 0 0 1705
    1705 1705 1705 1713 1713 1705 1705 1713 1731 1722 1722 734 728 728
    728 727 727 728 728 728 728 728 728 728 727 727 728 728 728 730 730
    730 731 731 731 731 731 731 731 731 731 731 731 730 730 730 730 731
    731 731 731 731 730 730 730 730 728 723 723 0 0 0 0 0 0 0 1757 1766
    1766 1739 1739 1722 1722 1722 1731 1731 1731 728 728 728 728 727 727
    728 728 728 728 728 728 728 728 728 728 728 728 730 730 730 730 730
    730 730 730 730 730 730 730 730 730 728 728 728 730 730 730 730 730
    731 730 730 730 730 728 723 723 0 0 0 0 0 0 1757 1757 1766 1766 1766
    1766 1757 1757 1757 1757 1748 1748 728 728 728 727 727 727 727 727
    727 728 728 728 728 728 728 728 728 728 730 730 730 728 728 730 730
    730 730 730 730 730 730 730 728 728 728 728 730 730 730 730 731 730
    730 730 730 728 728 0 0 0 0 0 0 1766 1757 1757 1766 1766 1776 1766
    1766 1766 1766 1766 1757 1757 727 727 727 727 727 727 727 727 727
    727 727 727 727 728 728 727 727 728 730 730 730 728 728 730 730 730
    730 730 730 728 728 728 728 728 728 728 728 728 730 730 731 730 730
    730 730 728 728 0 0 0 0 0 0 1766 1766 1766 1766 1766 1776 1776 1776
    1776 1776 1776 1757 1757 725 725 727 727 727 727 727 727 727 727 727
    727 727 727 727 727 727 727 728 730 730 730 730 731 731 731 730 730
    728 728 728 728 728 728 728 728 727 727 728 728 730 730 730 728 728
    727 727 0 0 0 0 0 0 1776 1776 1785 1785 1785 1785 1785 1785 1785
    1785 1794 1776 1776 725 725 725 725 725 725 727 727 727 727 727 727
    727 727 727 727 727 727 728 728 728 730 730 730 730 731 730 728 728
    727 727 727 728 728 728 728 727 727 727 727 728 728 728 728 728 727
    727 730 0 0 0 0 0 1804 1804 1804 1794 1794 1804 1804 1804 1813 1813
    1813 1843 1843 727 725 725 725 725 725 727 727 727 727 725 725 725
    725 725 725 725 727 728 728 728 730 730 730 730 730 728 728 728 727
    727 727 728 728 728 728 728 728 727 727 728 728 728 728 728 728 728
    730 0 0 0 0 0 1823 1813 1804 1804 1804 1813 1813 1823 1813 1813 1833
    1843 1843 725 725 725 725 725 725 725 725 725 725 725 725 725 725
    725 725 725 728 728 728 727 727 727 727 727 727 727 728 728 727 727
    727 728 728 728 728 728 728 728 728 727 727 727 727 727 728 728 0 0
    0 0 0 0 1823 1813 1813 1813 1813 1813 1833 1823 1823 1843 1843 1843
    1843 725 725 725 725 725 725 725 725 725 725 725 725 725 725 725 725
    725 728 727 727 725 725 727 727 727 727 727 727 727 727 727 727 727
    728 728 728 728 728 728 728 727 727 727 727 727 728 728 0 0 0 0 0 0
    0 0 0 1843 1843 1843 1843 1843 1863 1853 1853 1853 1853 723 723 725
    725 725 725 723 723 723 725 725 725 725 725 725 725 725 727 727 725
    725 725 727 727 725 725 725 727 727 727 727 727 727 728 728 728 728
    728 728 728 727 727 728 728 728 728 728 0 0 0 0 0 0 0 0 0 1853 1843
    1843 1843 1873 1883 1883 1883 1904 1863 723 723 725 725 725 723 723
    723 723 723 723 725 723 723 723 723 725 727 725 725 725 725 727 727
    725 725 725 727 727 727 727 727 728 728 728 728 728 728 728 728 727
    727 728 728 728 730 0 0 0 0 0 0 0 0 0 0 0 1883 1873 1873 1883 1894
    1894 1904 1904 1915 725 725 725 725 723 723 723 722 722 723 723 723
    723 723 723 723 725 727 725 725 725 727 727 727 727 727 727 727 727
    727 727 728 728 728 728 728 730 730 730 730 730 730 731 731 731 731
    0 0 0 0 0 0 0 0 0 0 0 1883 1883 1894 1904 1915 1915 1915 1915 1915
    725 725 725 725 723 723 722 722 722 722 722 723 723 723 723 725 725
    727 725 725 725 727 727 728 727 727 727 727 728 728 728 730 730 731
    728 728 731 731 731 731 731 734 736 736 736 738 0 0 0 0 0 0 0 0 0 0
    0 1926 1915 1915 1915 1926 1936 1926 1926 1926 727 725 725 725 723
    723 722 722 722 722 722 723 723 725 725 725 727 728 727 727 727 728
    728 730 730 730 730 730 730 731 731 733 736 739 741 739 734 734 734
    734 736 741 741 741 741 742 0 0 0 0 0 0 0 0 0 0 1947 1926 1926 1936
    1936 1936 1936 1936 1936 1936 727 725 725 727 725 725 725 723 723
    723 723 725 725 727 727 727 730 730 730 731 731 734 734 734 734 734
    733 733 739 739 739 739 739 744 744 744 738 738 739 741 741 747 746
    746 746 0 0 0 0 0 0 0 0 0 0 1970 1947 1936 1936 1947 1947 1947 1947
    1947 1947 1947 0 727 727 728 728 728 728 727 727 725 725 725 727 728
    730 731 734 736 739 739 739 739 739 739 739 741 741 744 742 742 744
    744 744 746 746 746 739 739 747 747 757 757 750 750 0 0 0 0 0 0 0 0
    0 0 0 1970 1959 1959 1959 1959 1970 1970 1970 1970 1970 2005 0 733
    733 734 734 734 733 730 730 728 725 725 727 739 739 741 739 739 741
    741 741 741 744 744 749 747 747 747 747 749 749 749 750 747 747 757
    757 759 759 759 761 761 757 757 0 0 0 0 0 0 0 0 0 0 0 1981 1970 1970
    1970 1970 1981 1993 1993 1993 1993 2005 0 738 738 739 738 738 738
