<?xml version="1.0"?>
<opencv_storage>
<Depth9869 type_id="opencv-matrix">
  <rows>59</rows>
  <cols>98</cols>
  <dt>w</dt>
  <data>
    5291 5291 5291 0 5132 5132 5210 5210 1365 1359 1359 1365 1365 1365
    1370 1376 1376 1376 1376 4983 5056 5132 5132 5132 5132 5132 5132
    5132 5132 5132 5056 5056 5056 5132 5132 5056 5056 5056 5056 5056
    5056 5056 5056 5056 5056 5056 4983 4983 4983 4983 4842 4708 4708
    4708 4708 4774 4842 4774 4708 4645 4582 4582 4582 4582 4582 3692
    3692 3653 3614 3614 3614 3614 3614 0 0 0 0 0 0 0 0 0 0 0 0 0 0 0 0 0
    0 0 0 0 0 0 0 0 5291 5374 0 0 0 0 0 0 1365 1359 1359 1359 1359 1359
    1365 1359 1359 1365 1365 1359 1354 1354 1359 1359 5132 5132 5132
    5132 5132 5132 5056 5056 5056 5132 5132 5056 5056 5056 5056 5056
    5056 5056 4983 4983 5056 4983 4983 4983 4983 4983 4842 4708 4708
    4708 4708 4774 4774 4708 4708 4645 4582 4582 4582 4582 4582 3692
    3653 3614 3614 3614 3614 3614 3614 0 0 0 0 0 0 0 0 0 0 0 0 0 0 0 0 0
    0 0 0 0 0 0 0 0 5374 5374 0 0 0 0 0 0 1354 1354 1354 1354 1354 1349
    1349 1354 1354 1354 1343 1343 1354 1354 1354 1354 1354 1354 1354
    1354 1354 5132 5056 5056 5056 5132 5132 5056 5056 5056 5056 4983
    4983 4983 4983 4983 5056 4983 4983 4983 4983 4983 4842 4774 4708
    4708 4708 4774 4774 4708 4708 4645 4645 4582 4582 4582 4582 4582
    3614 3614 3614 3576 3576 3614 3614 3614 0 0 0 0 0 0 0 0 0 0 0 0 0 0
    0 0 0 0 0 0 0 0 0 0 0 0 0 0 0 0 0 0 1354 1349 1349 1349 1343 1343
    1343 1343 1343 1338 1338 1338 1343 1349 1349 1349 1349 1349 1349
    1349 1349 1354 1354 1349 1349 1349 5132 5132 5056 1365 1365 4911
    4911 4983 4983 4983 4983 1349 1349 1349 4983 4983 4774 4774 4774
    4774 4774 4774 4774 4774 4774 4708 4708 4645 4582 4582 4582 4582
    3614 3614 3614 3576 3576 3614 3614 3614 0 0 0 0 0 0 0 0 0 0 0 0 0 0
    0 0 0 0 0 0 0 0 0 0 0 0 0 0 0 0 0 0 0 1338 1338 1338 1338 1338 1338
    1338 1338 1333 1333 1338 1338 1343 1343 1338 1338 1338 1338 1338
    1338 1343 1349 1343 1343 1338 1338 1343 1343 1343 1343 1338 1338
    1343 4983 1359 1354 1349 1343 1338 1338 4983 4774 4774 4774 4774
    4774 4774 4774 4774 4774 4774 4708 4708 4708 4708 3614 3614 3614
    3576 3576 3576 3576 3614 3614 3614 0 0 0 0 0 0 0 0 0 0 0 0 0 0 0 0 0
    0 0 0 0 0 0 0 5056 0 0 0 0 0 0 0 0 1328 1328 1333 1333 1333 1333
    1333 1333 1333 1333 1333 1333 1333 1333 1338 1333 1333 1333 1333
    1333 1338 1338 1338 1338 1333 1333 1333 1333 1333 1333 1333 1328
    1328 1333 1338 1349 1343 1343 1338 1338 1338 1338 1338 1338 1333
    1333 1333 1322 1322 4774 4774 4774 4774 4774 3576 3614 3614 3576
    3576 3576 3576 3576 3614 3614 3614 0 0 0 0 0 0 0 0 0 0 0 0 0 0 0 0 0
    0 0 0 0 0 0 0 5056 0 0 0 0 0 0 0 1317 1317 1317 1322 1328 1328 1328
    1328 1328 1328 1328 1322 1322 1322 1322 1322 1322 1322 1317 1317
    1322 1328 1328 1328 1328 1328 1328 1328 1328 1328 1322 1322 1322
    1322 1322 1322 1322 1328 1328 1328 1338 1338 1338 1333 1333 1328
    1328 1328 1322 1322 1317 1317 1322 1322 1322 3576 3576 3576 3576
    3576 3576 3576 3576 3614 3653 3653 0 0 0 0 0 0 0 0 0 0 0 0 0 0 0 0 0
    0 0 0 0 0 0 0 5056 0 0 0 0 0 0 0 1307 1307 1312 1317 1317 1317 1317
    1317 1317 1317 1317 1317 1317 1317 1312 1312 1317 1312 1312 1317
    1317 1322 1322 1322 1322 1322 1322 1317 1317 1317 1317 1317 1317
    1317 1317 1317 1317 1317 1317 1317 1317 1317 1317 1317 1328 1322
    1322 1322 1322 1317 1317 1317 1317 1322 1322 1317 1317 1317 1317
    1317 1317 1317 1312 1312 1322 1322 1322 1322 0 0 0 0 0 0 0 0 0 0 0 0
    0 0 0 0 0 0 0 0 0 0 4983 4983 0 0 0 0 0 0 1297 1297 1302 1312 1312
    1312 1307 1307 1312 1312 1312 1312 1307 1307 1307 1307 1312 1312
    1312 1312 1312 1317 1317 1317 1317 1312 1312 1312 1312 1312 1312
    1312 1312 1312 1312 1302 1302 1307 1312 1317 1312 1312 1312 1312
    1312 1307 1307 1307 1312 1317 1317 1317 1317 1317 1317 1312 1307
    1307 1312 1317 1317 1317 1312 1312 1312 1307 1307 1307 1307 0 0 0 0
    0 0 0 0 0 0 0 0 0 0 0 0 0 0 0 0 0 4983 4983 0 0 0 0 0 1297 1297 1297
    1302 1297 1297 1302 1302 1302 1302 1302 1302 1302 1297 1297 1302
    1302 1302 1307 1307 1307 1307 1312 1312 1312 1312 1307 1302 1302
    1302 1302 1307 1307 1307 1307 1302 1302 1302 1302 1302 1307 1307
    1302 1302 1302 1302 1302 1302 1302 1302 1302 1307 1302 1302 1302
    1307 1302 1302 1302 1307 1312 1312 1312 1312 1312 1312 1307 1307
    1307 1307 1307 1302 1302 1302 0 0 0 0 0 0 0 0 0 0 0 0 0 0 0 0 0 5056
    0 0 0 0 0 1307 1297 1297 1297 1297 1297 1297 1297 1297 1297 1297
    1297 1297 1297 1297 1297 1292 1292 1297 1297 1297 1297 1302 1302
    1302 1302 1302 1297 1297 1297 1297 1297 1297 1297 1297 1297 1297
    1297 1297 1297 1297 1297 1297 1297 1292 1292 1297 1297 1297 1297
    1297 1297 1297 1297 1297 1297 1297 1297 1297 1297 1302 1307 1307
    1307 1307 1302 1302 1302 1307 1307 1307 1307 1302 1302 1302 0 0 0 0
    0 0 0 0 0 0 0 0 0 0 0 0 0 5056 0 0 0 0 0 1307 1302 1297 1297 1297
    1297 1297 1297 1297 1297 1297 1297 1292 1292 1292 1292 1288 1288
    1283 1283 1283 1288 1288 1292 1292 1288 1288 1288 1288 1292 1292
    1292 1292 1292 1292 1292 1292 1292 1292 1292 1292 1292 1292 1288
    1288 1288 1288 1292 1292 1292 1292 1292 1288 1288 1292 1292 1292
    1292 1292 1292 1292 1292 1297 1297 1302 1297 1297 1297 1302 1302
    1297 1292 1292 1302 1302 0 0 0 0 0 0 0 0 0 0 0 0 0 0 0 0 0 5056 0 0
    0 0 1317 1312 1302 1297 1297 1297 1297 1297 1292 1292 1292 1292 1292
    1292 1292 1288 1283 1278 1278 1283 1283 1283 1283 1283 1283 1283
    1283 1283 1283 1283 1283 1283 1283 1283 1283 1283 1283 1283 1283
    1283 1283 1283 1283 1283 1283 1283 1283 1283 1283 1283 1283 1278
    1278 1283 1283 1283 1283 1283 1283 1283 1283 1283 1288 1288 1288
    1288 1288 1288 1288 1288 1292 1288 1288 1288 1297 1297 0 0 0 0 0 0 0
    0 0 0 0 0 0 0 0 0 0 4983 0 0 0 0 1317 1312 1307 1297 1297 1297 1297
    1297 1292 1292 1292 1292 1292 1292 1292 1288 1283 1278 1278 1283
    1278 1278 1278 1283 1283 1283 1283 1283 1283 1278 1278 1278 1278
    1278 1278 1278 1278 1278 1273 1273 1273 1273 1278 1278 1278 1278
    1278 1278 1278 1273 1273 1268 1268 1273 1273 1273 1273 1273 1273
    1273 1273 1273 1278 1283 1283 1283 1283 1278 1278 1283 1283 1283
    1283 1283 1288 1297 0 0 0 0 0 0 0 0 0 0 0 0 0 0 0 0 0 4983 0 0 0 0
    1312 1312 1307 1302 1297 1297 1297 1297 1297 1297 1292 1292 1292
    1292 1292 1292 1283 1283 1283 1283 1278 1278 1278 1283 1283 1278
    1278 1278 1278 1278 1278 1273 1273 1273 1273 1273 1273 1268 1268
    1264 1264 1264 1268 1268 1268 1264 1264 1264 1264 1264 1264 1264
    1264 1264 1264 1264 1264 1264 1264 1264 1268 1268 1273 1268 1268
    1273 1273 1273 1273 1273 1273 1273 1273 1273 1268 1268 0 0 0 0 0 0 0
    0 0 0 0 0 0 0 0 0 0 0 0 0 0 0 1312 1312 1307 1302 1302 1302 1302
    1297 1297 1297 1292 1292 1292 1292 1292 1292 1288 1283 1283 1283
    1283 1278 1278 1283 1283 1278 1278 1278 1278 1278 1273 1273 1273
    1268 1268 1268 1268 1268 1264 1264 1264 1264 1264 1264 1264 1259
    1259 1259 1259 1259 1259 1259 1259 1259 1259 1259 1259 1259 1259
    1259 1264 1264 1264 1264 1264 1264 1268 1268 1264 1264 1264 1264
    1264 1264 1264 1264 0 0 0 0 0 0 0 0 0 0 0 0 0 0 0 0 0 0 0 0 0 0 1312
    1312 1307 1307 1302 1302 1307 1302 1302 1297 1297 1297 1297 1292
    1292 1292 1292 1292 1288 1283 1283 1283 1283 1283 1283 1283 1278
    1278 1278 1278 1273 1273 1273 1268 1264 1264 1264 1264 1264 1264
    1264 1264 1264 1259 1259 1259 1255 1255 1259 1259 1255 1255 1255
    1250 1250 1250 1250 1255 1255 1255 1255 1255 1255 1255 1259 1259
    1259 1259 1259 1259 1259 1259 1259 1259 1259 1259 1264 0 0 0 0 0 0 0
    0 0 0 0 0 0 0 0 0 0 0 0 0 1333 1322 1317 1307 1307 1307 1307 1307
    1307 1302 1302 1297 1297 1297 1297 1297 1292 1292 1292 1292 1288
    1288 1283 1283 1288 1283 1283 1283 1278 1278 1278 1278 1273 1273
    1268 1264 1264 1264 1264 1264 1264 1264 1264 1264 1259 1259 1259
    1255 1255 1259 1255 1255 1255 1250 1245 1245 1245 1245 1245 1250
    1250 1250 1250 1250 1250 1250 1250 1255 1255 1255 1255 1255 1250
