<?xml version="1.0"?>
<opencv_storage>
<Depth1157 type_id="opencv-matrix">
  <rows>64</rows>
  <cols>36</cols>
  <dt>w</dt>
  <data>
    3692 3692 3692 3692 3692 3692 3692 3692 3692 3692 3653 3653 3614
    3614 3614 3653 3653 3653 3653 3653 3653 3653 3614 1529 1529 3539
    3539 3539 3503 1536 1536 1536 3539 3539 3503 3503 3692 3653 3653
    3692 3692 3692 3692 3692 3692 3653 3653 3653 3614 3614 3653 3653
    3653 1564 1564 1529 1523 1516 1516 1523 1523 1523 1523 1543 1543
    1543 1543 1543 3539 3539 3503 3503 3692 3653 3653 3692 3692 3692
    1624 1624 1616 1609 1601 1586 1572 1572 1572 1557 1550 1529 1523
    1523 1523 1516 1516 1523 1523 1523 1529 1529 1536 1543 1543 1543
    1543 1550 1550 3503 1705 1705 1696 1688 1680 1647 1639 1624 1616
    1609 1601 1586 1572 1564 1564 1550 1543 1523 1523 1523 1523 1516
    1516 1523 1523 1523 1523 1529 1536 1543 1543 1543 1543 1550 1550
    1550 1705 1696 1688 1688 1671 1647 1639 1624 1616 1609 1601 1586
    1572 1564 1564 1550 1543 1523 1516 1516 1516 1516 1516 1516 1516
    1516 1523 1529 1529 1536 1536 1543 1543 1550 1543 1543 1705 1696
    1688 1680 1671 1647 1639 1632 1609 1609 1601 1586 1572 1564 1564
    1550 1536 1523 1516 1516 1516 1516 1516 1516 1516 1516 1523 1529
    1529 1536 1536 1543 1543 1543 1543 1543 1705 1696 1688 1680 1671
    1671 1639 1632 1609 1609 1601 1594 1572 1564 1564 1550 1536 1523
    1516 1516 1516 1509 1509 1516 1516 1523 1523 1529 1529 1536 1536
    1543 1543 1536 1536 1543 1705 1705 1696 1680 1671 1663 1647 1632
    1616 1609 1601 1594 1579 1572 1564 1550 1536 1523 1516 1516 1516
    1509 1509 1516 1516 1523 1523 1536 1536 1536 1543 1543 1543 1536
    1536 1543 1713 1705 1696 1680 1671 1663 1639 1632 1616 1609 1601
    1594 1579 1579 1572 1557 1536 1523 1516 1516 1516 1516 1516 1516
    1516 1523 1523 1536 1536 1536 1543 1543 1543 1536 1536 1536 1713
    1705 1696 1680 1671 1663 1639 1632 1616 1609 1601 1594 1579 1579
    1572 1564 1543 1529 1523 1523 1523 1516 1516 1516 1516 1523 1529
    1536 1536 1536 1543 1543 1543 1536 1536 1536 1713 1705 1696 1680
    1671 1647 1639 1632 1624 1609 1601 1594 1579 1579 1572 1564 1543
    1529 1523 1523 1523 1516 1516 1516 1523 1523 1523 1529 1536 1536
    1536 1543 1543 1543 1543 1543 1713 1705 1696 1688 1671 1647 1639
    1632 1624 1616 1601 1594 1579 1579 1572 1550 1543 1536 1523 1523
    1523 1516 1516 1523 1523 1523 1523 1529 1536 1536 1536 1543 1543
    1543 1543 1543 1713 1705 1696 1688 1671 1647 1639 1639 1624 1616
    1609 1594 1586 1579 1572 1550 1543 1536 1523 1523 1523 1516 1516
    1516 1523 1523 1529 1529 1536 1536 1543 1543 1543 1543 1543 1543
    1722 1705 1705 1696 1680 1663 1639 1639 1624 1616 1609 1594 1586
    1579 1572 1550 1543 1536 1523 1523 1523 1516 1516 1516 1523 1523
    1529 1529 1536 1536 1543 1543 1543 1543 1550 1550 1713 1705 1696
    1696 1680 1663 1639 1639 1632 1616 1609 1594 1579 1572 1564 1550
    1543 1536 1523 1516 1516 1516 1516 1516 1523 1523 1529 1529 1536
    1536 1543 1543 1543 1543 1543 3503 1713 1705 1696 1696 1688 1663
    1647 1639 1632 1616 1609 1594 1579 1572 1564 1550 1543 1536 1523
    1516 1516 1516 1516 1516 1523 1529 1529 1536 1536 1536 1536 1543
    1543 1550 1550 3468 1713 1705 1705 1696 1688 1663 1647 1639 1632
    1616 1609 1594 1579 1572 1564 1550 1543 1536 1523 1516 1516 1516
    1516 1516 1523 1529 1529 1536 1536 1536 1536 1543 1543 1550 1572
    1572 1713 1705 1705 1696 1680 1663 1647 1639 1632 1616 1609 1594
    1579 1572 1557 1550 1543 1536 1523 1523 1523 1516 1516 1523 1523
    1529 1529 1536 1536 1536 1536 1536 1543 1550 1572 1572 1713 1713
    1705 1696 1680 1671 1647 1639 1632 1616 1609 1601 1586 1579 1557
    1550 1543 1536 1523 1523 1523 1516 1516 1523 1523 1523 1529 1536
    1536 1536 1536 1536 1543 1550 1557 1572 1713 1713 1705 1696 1680
    1671 1655 1639 1632 1616 1609 1601 1586 1579 1557 1550 1543 1543
    1529 1523 1523 1516 1516 1523 1523 1523 1529 1529 1529 1536 1536
    1536 1543 1550 1557 1557 1722 1713 1705 1696 1680 1671 1655 1639
    1632 1616 1609 1601 1594 1586 1557 1550 1543 1543 1529 1523 1523
    1516 1516 1516 1523 1529 1529 1529 1529 1536 1536 1536 1543 1550
    1550 1550 1722 1713 1705 1696 1680 1663 1655 1639 1632 1616 1609
    1601 1594 1586 1564 1550 1543 1536 1529 1523 1523 1516 1516 1516
    1523 1529 1529 1529 1529 1536 1536 1536 1543 1550 1550 1550 1713
    1713 1705 1696 1680 1663 1655 1639 1632 1616 1609 1601 1594 1586
    1564 1550 1543 1536 1529 1523 1516 1516 1516 1516 1523 1529 1529
    1529 1529 1536 1536 1543 1543 1550 1550 1550 1705 1705 1705 1688
    1680 1663 1655 1639 1632 1616 1609 1609 1594 1586 1564 1550 1543
    1543 1529 1523 1516 1516 1516 1516 1523 1529 1529 1536 1536 1536
    1543 1543 1543 1550 1550 1550 1705 1705 1705 1688 1680 1663 1655
    1639 1632 1624 1609 1601 1594 1579 1564 1557 1550 1543 1536 1523
    1523 1516 1516 1523 1523 1523 1523 1529 1536 1536 1543 1543 1550
    1550 1550 1550 1713 1713 1705 1696 1688 1671 1655 1647 1632 1624
    1609 1601 1594 1579 1564 1557 1550 1543 1536 1523 1523 1523 1523
    1523 1523 1523 1523 1529 1536 1536 1543 1543 1550 1550 1550 1550
    1713 1713 1705 1696 1688 1671 1655 1647 1632 1624 1609 1609 1594
    1579 1564 1557 1550 1543 1529 1523 1523 1523 1523 1523 1529 1529
    1529 1529 1536 1536 1543 1543 1550 1550 1550 1550 1722 1713 1705
    1696 1680 1671 1663 1647 1639 1624 1616 1609 1601 1579 1579 1557
    1550 1543 1529 1523 1523 1516 1516 1523 1529 1529 1529 1529 1536
    1536 1536 1543 1550 1550 1550 1550 1731 1713 1713 1705 1680 1671
    1663 1655 1639 1624 1616 1609 1601 1579 1572 1557 1550 1543 1529
    1523 1523 1516 1516 1523 1529 1529 1529 1529 1536 1536 1536 1543
    1550 1550 1550 1550 1713 1713 1713 1696 1680 1671 1663 1655 1639
    1632 1624 1609 1601 1579 1572 1557 1550 1543 1529 1523 1523 1516
    1516 1523 1529 1529 1536 1536 1536 1536 1536 1550 1550 1550 1557
    1564 1713 1705 1705 1696 1680 1671 1663 1655 1639 1632 1624 1609
    1601 1579 1579 1557 1550 1543 1529 1523 1523 1516 1516 1523 1529
    1529 1536 1536 1536 1536 1536 1550 1550 1557 1557 1564 1713 1705
    1705 1705 1680 1671 1663 1655 1639 1632 1624 1609 1601 1586 1579
    1564 1550 1543 1536 1523 1523 1516 1516 1523 1523 1529 1536 1536
    1536 1536 1543 1550 1557 1557 1557 1564 1705 1705 1705 1705 1680
    1671 1663 1647 1639 1624 1616 1609 1601 1586 1579 1564 1557 1543
    1536 1523 1523 1516 1516 1516 1523 1529 1536 1536 1536 1536 1543
    1550 1557 1564 1564 1564 1713 1713 1713 1696 1680 1671 1663 1647
    1639 1624 1616 1609 1601 1586 1579 1564 1557 1543 1536 1523 1523
    1516 1516 1516 1523 1529 1536 1536 1536 1543 1543 1550 1564 1564
    1564 1564 1713 1713 1713 1696 1688 1671 1663 1647 1639 1624 1616
    1609 1601 1586 1579 1564 1550 1543 1536 1529 1523 1516 1516 1516
    1529 1529 1529 1536 1536 1536 1543 1557 1557 1564 1564 1564 1688
    1713 1713 1696 1688 1671 1663 1647 1639 1624 1616 1609 1601 1586
    1579 1564 1550 1543 1536 1529 1523 1516 1516 1516 1529 1529 1529
    1536 1536 1536 1543 1557 1557 1564 1564 1564 1688 1713 1713 1696
    1688 1680 1663 1655 1639 1624 1616 1609 1601 1586 1579 1564 1550
    1543 1536 1529 1523 1516 1516 1523 1523 1529 1536 1536 1536 1543
    1543 1550 1550 1557 1557 1557 1713 1713 1713 1705 1688 1671 1663
    1655 1639 1632 1624 1609 1601 1594 1586 1564 1550 1543 1543 1536
    1523 1523 1523 1523 1523 1529 1536 1536 1536 1543 1543 1550 1550
    1557 1557 1557 1705 1705 1705 1696 1688 1671 1663 1647 1639 1639
    1624 1616 1609 1594 1586 1572 1557 1550 1543 1536 1529 1523 1523
    1523 1523 1529 1536 1536 1536 1543 1543 1550 1550 1557 1557 1557
    1705 1705 1705 1696 1688 1671 1663 1647 1639 1639 1632 1616 1609
    1601 1594 1572 1557 1550 1543 1536 1536 1523 1523 1523 1529 1536
    1536 1536 1543 1543 1550 1550 1550 1557 1557 1557 1722 1722 1705
    1696 1688 1671 1663 1655 1639 1639 1632 1624 1609 1601 1586 1572
    1564 1550 1536 1536 1529 1523 1523 1529 1529 1536 1536 1536 1543
    1543 1550 1557 1557 1557 1557 1557 1722 1722 1705 1696 1688 1671
