<?xml version="1.0"?>
<opencv_storage>
<Depth16438 type_id="opencv-matrix">
  <rows>119</rows>
  <cols>87</cols>
  <dt>w</dt>
  <data>
    3149 3149 3149 3120 3120 3120 3120 3149 3149 3149 3149 3149 3149
    3149 3149 3149 3149 3149 3149 3149 3149 3149 3149 3149 3149 3149
    3149 3149 3120 3120 3120 3149 3149 3149 3149 3149 3120 3120 3149
    3149 3149 3149 3120 3120 3120 3120 3120 3120 3120 3120 3120 3120
    3120 3120 3120 3120 3092 3092 903 898 898 896 896 896 896 1632 1632
    1624 1609 1594 1586 1579 1579 3149 3092 3092 3120 3092 3064 3064
    3037 3037 3037 3037 3064 3064 3064 3149 3149 3149 3120 3120 3120
    3120 3149 3149 3149 3149 3149 3149 3149 3149 3149 3149 3149 3149
    3149 3149 3149 3149 3149 3149 3149 3149 3149 3120 3120 3149 3149
    3149 3149 3149 3120 3120 3120 3149 3149 3149 3120 3120 3120 3120
    3120 3120 3120 3120 3120 3120 3120 3120 3120 3120 3120 920 913 901
    896 896 891 887 882 882 882 1632 1616 1601 1586 1579 1579 1579 1579
    3092 3092 3120 3092 3064 3064 3037 3037 3037 3037 3064 3064 3064
    3149 3149 3149 3120 3120 3120 3120 3149 3149 3149 3149 3149 3149
    3149 3149 3149 3149 3149 3149 3149 3149 3149 3149 3149 3149 3149
    3149 3149 3149 3149 3149 3149 3149 3149 3149 3120 3120 3149 3149
    3149 3149 3120 3120 3120 3092 3092 3120 3120 3120 3120 3120 3120
    3149 3120 889 889 915 913 901 896 894 887 882 880 880 880 880 1616
    1601 1586 1579 1572 1564 1564 3120 3120 3092 3092 3064 3064 3037
    3037 3037 3037 3064 3064 3064 3149 3149 3149 3120 3120 3120 3120
    3149 3149 3149 3149 3149 3120 3120 3149 3149 3149 3149 3149 3149
    3149 3149 3149 3149 3149 3149 3149 3149 3149 3149 3149 3149 3149
    3149 3149 3149 3149 946 940 938 935 935 3120 3120 3092 3092 3120
    3120 3120 3120 3120 3120 887 887 887 885 882 882 901 891 885 882 878
    878 880 880 880 1601 1601 1586 1579 1564 1557 1557 1557 3120 3092
    3092 3064 3064 3037 3037 3037 3037 3064 3064 3064 3149 3149 3149
    3149 3149 3149 3149 3149 3149 3149 3149 3149 3120 3120 3149 3149
    3149 3149 3149 3149 3149 3149 3149 3149 3149 3149 3149 3149 3149
    3149 3149 3149 3149 3149 3149 3120 948 946 940 938 935 935 935 935
    938 938 938 938 858 882 882 885 885 885 882 880 880 878 873 873 873
    880 878 878 880 880 882 882 1586 1586 1572 1557 1550 1550 1550 3092
    3064 3064 3092 3064 3064 3064 3037 3037 3064 3064 3064 3149 3149
    3149 3149 3149 3149 3149 3149 3149 3149 3149 3149 3149 3149 3149
    3149 3149 3149 3149 3149 3149 3149 3149 3149 3149 3149 3149 3149
    3149 3149 3149 3149 3149 3149 3149 3120 948 946 940 938 938 935 935
    935 938 938 938 0 0 0 882 882 882 880 880 880 875 871 869 869 869
    875 880 880 880 882 882 882 882 1564 1564 1550 1543 1543 1543 3092
    3064 3064 3092 3092 3064 3064 3064 3064 3064 3064 3064 3149 3149
    3149 3149 3149 3149 3149 3149 3149 3149 3149 3149 3149 3149 3149
    3149 3149 3149 3149 3149 3149 3149 3149 3149 3149 3149 3149 3149
    3149 3149 3149 3149 3120 3120 3120 946 946 943 940 938 938 935 935
    935 938 938 938 858 858 862 873 873 873 875 873 873 867 864 864 867
    867 873 878 880 880 882 882 882 882 1564 1564 1550 1536 1529 1529
    1529 3120 3120 3120 3120 3092 3092 3064 3064 3064 3064 3064 3149
    3149 3149 3149 3149 3149 3149 3149 3149 3149 3149 3149 3149 3149
    3149 3149 3149 3149 3149 3149 3149 3149 3149 3149 3149 3149 3149
    3149 3149 3149 3149 3149 3120 943 940 940 938 935 935 933 933 930
    930 935 938 943 943 858 858 862 860 860 869 869 867 867 860 860 862
    864 867 871 875 878 880 882 882 882 882 882 1543 1543 1536 1529 1529
    1529 1529 3120 3120 3120 3092 3092 3064 3064 3064 3064 3092 3149
    3149 3149 3149 3149 3149 3149 3149 3149 3149 3149 3149 3149 3149
    3149 3149 3149 3149 3149 3149 3149 3149 3149 3178 3178 3149 3149
    3149 3149 3149 3149 925 935 935 935 935 933 933 935 930 930 930 930
    935 854 854 854 854 854 854 851 845 845 845 845 851 856 856 858 862
    869 871 871 873 880 887 885 885 885 0 1536 1536 1529 1529 1523 1523
    1523 3120 3092 3092 3092 3092 3064 3064 3064 3064 3092 3149 3149
    3149 3149 3149 3178 3178 3178 3149 3149 3149 3149 3149 3149 3149
    3149 3149 3149 3149 3149 3149 3149 3178 3178 3178 3149 3149 3149
    3149 3149 925 925 925 930 930 930 920 918 918 918 918 918 854 851
    851 851 849 849 849 847 845 839 839 841 841 849 854 854 856 862 869
    871 871 873 878 882 882 882 882 0 1536 1536 1529 1529 1523 1523 1523
    1523 3064 3064 3092 3092 3092 3064 3064 3064 3092 3149 3149 3149
    3149 3149 3178 3178 3178 3149 3149 3149 3149 3149 3149 3149 3149
    3149 3149 3149 3149 3149 3149 3178 3178 3178 3149 3149 918 918 918
    918 918 918 920 915 915 913 913 913 918 918 918 854 851 849 845 843
    843 843 839 837 837 837 837 837 845 854 854 856 856 869 871 871 873
    875 882 882 882 882 0 1529 1529 1529 1529 1523 1516 1509 1509 3064
    3064 3092 3092 3092 3064 3064 3064 3064 3149 3149 3149 3149 3149
    3178 3178 3178 3149 3149 3149 3149 3149 3149 3149 3149 3149 3149
    3149 3149 3149 3149 3149 3178 3178 3149 3149 915 915 915 913 913 913
    913 910 908 908 906 906 906 843 843 835 835 835 835 835 835 833 833
    835 835 837 837 837 845 854 854 856 856 862 867 869 871 873 878 878
    880 880 882 1529 1529 1523 1523 1523 1516 1503 1503 1503 3092 3092
    3092 3092 3064 3064 3064 3064 3149 3149 3149 3149 3149 3149 3178
    3149 3149 3149 3149 3149 3149 3149 3149 3149 3149 3149 3149 3149
    3120 3120 3120 3208 3208 913 913 913 910 910 908 908 901 901 910 908
    908 906 906 837 833 833 829 827 825 823 823 823 823 829 831 831 835
    837 837 849 854 854 854 856 860 864 867 869 873 875 878 880 880 882
    882 1529 1523 1523 1523 1509 1496 1496 1503 1503 3092 3092 3092 3064
    3064 3064 3064 3149 3149 3149 3149 3149 3149 3149 3149 3149 3149
    3149 3149 3149 3149 3149 3149 3149 3149 3120 3120 3120 3120 3120
    3120 896 906 906 906 906 903 903 901 896 896 913 913 839 837 835 831
    827 823 823 821 821 821 819 819 821 827 829 831 835 837 843 849 851
    851 851 856 860 862 864 867 871 873 878 880 880 882 882 1523 1523
    1523 1509 1489 1489 1489 1496 1496 3092 3092 3092 3064 3064 3064
    3064 3149 3149 3149 3149 3149 3149 3149 3149 3149 3149 3149 3149
    3149 3149 3149 3149 3149 3120 3120 3120 3120 3120 3120 3120 896 896
    896 898 898 898 898 898 896 896 849 841 837 831 829 827 823 819 819
    815 815 815 817 817 819 825 829 833 833 837 843 847 849 851 851 854
    858 860 864 867 871 873 875 880 880 882 882 882 1523 1523 1509 1489
    1489 1483 1483 1496 1523 3120 3064 3064 3064 3064 3064 3149 3149
    3149 3149 3149 3149 3149 3149 3149 3149 3149 3149 3149 3149 3149
    3120 3120 3120 3120 3120 3120 3120 885 885 887 887 887 889 889 898
    898 854 851 851 849 841 835 829 827 827 821 807 807 807 809 809 813
    815 819 825 829 831 831 835 841 845 847 849 849 854 854 860 862 864
    871 873 875 880 880 880 882 882 889 1523 1523 1489 1477 1477 1470
    1470 1503 1503 3064 3064 3064 3064 3064 3149 3149 3149 3149 3149
    3149 3149 3149 3149 3149 3149 3149 3149 3120 3120 3120 3120 3149
    3149 781 781 778 885 885 880 880 880 880 887 856 854 854 851 849 813
    811 811 811 827 800 800 802 803 803 805 809 809 815 817 827 829 829
    831 831 837 845 847 849 849 854 854 858 862 864 871 873 873 878 880
    880 882 885 889 889 1529 1483 1477 1470 1464 1464 1470 1483 1496
    1496 3092 3092 3064 3149 3149 3149 3149 3149 3149 3149 3149 3149
    3149 3149 3149 3149 3120 3120 3120 3120 3120 3120 781 781 778 778
    885 880 880 878 878 851 851 854 851 851 807 807 807 807 796 796 798
    798 798 800 800 803 807 809 813 817 827 829 829 829 831 831 843 845
    849 849 851 851 858 860 862 869 871 873 878 878 878 878 878 887 887
    1477 1477 1470 1464 1458 1458 1470 1477 1489 1489 3120 3120 3120
    3120 3149 3149 3149 3149 3149 3149 3149 3149 3149 3149 3149 3149
    3149 3149 3149 860 860 860 780 780 778 778 778 875 875 878 839 839
    849 851 851 803 803 805 805 798 792 792 794 794 796 798 800 803 807
