<?xml version="1.0"?>
<opencv_storage>
<Depth18119 type_id="opencv-matrix">
  <rows>36</rows>
  <cols>21</cols>
  <dt>w</dt>
  <data>
    2789 2789 2789 2789 2812 2812 2767 2767 2789 2789 2812 2812 2812
    2835 2835 2835 2835 2835 2859 2859 2859 2812 2812 2789 2789 2789
    2789 2789 2789 2789 2789 2812 2812 2812 2812 2835 2835 2835 2835
    2859 2859 2859 2812 2812 2789 2789 2744 2744 2744 2789 2789 2789
    2789 2812 2812 2812 2835 2835 2835 2835 2859 2859 2859 2744 2744
    2744 2744 2744 2744 2744 2789 2789 2789 2789 2812 2789 2789 2812
    2835 2835 2835 2835 2859 1713 2744 2744 2744 2723 2723 2723 2744
    2789 2789 2812 2812 2812 2789 2789 2812 2835 2835 2835 2835 2859
    1713 2744 2744 2744 2723 2723 2723 2767 2789 2789 2812 2812 2812
    2812 2812 2812 2835 2812 2812 2835 2859 1713 2744 2744 2744 2744
    2723 2723 2767 2767 2789 2812 2812 2812 2812 2812 2812 2835 2812
    2812 2812 2859 2859 2744 2744 2744 2744 2723 2723 2767 2767 2789
    2812 2812 2812 2812 2812 2812 2835 2812 2812 2812 2812 1696 2744
    2744 2744 2744 2723 2723 2767 2767 2767 2789 2812 2812 2812 2835
    2835 2835 2835 2835 2835 1731 1705 2744 2744 2744 2744 2744 2744
    2767 2767 2767 2789 2812 2789 2789 2789 2812 2812 2835 2835 2835
    1731 1731 2723 2723 2744 2744 2744 2744 2767 2767 2789 2789 2812
    2789 2789 2789 2789 2812 2835 2835 2835 2835 1731 2723 2723 2723
    2744 2744 2744 2767 2789 2789 2789 2789 2789 2789 2789 2789 2812
    2835 2812 2812 2812 1731 2701 2701 2723 2723 2744 2744 2767 2767
    2767 2767 2789 2789 2789 2789 2789 2812 2812 2812 2812 2812 1748
    2701 2701 2723 2723 2744 2744 2767 2767 2767 2767 2767 2789 2789
    2789 2789 2812 2812 2812 2812 2812 1739 2723 2723 2723 2723 2723
    2744 2767 2744 2744 2744 2744 2789 2812 2812 2812 2835 2835 2812
    2812 2812 1757 2723 2723 2723 2723 2723 2744 2767 2744 2744 2744
    2744 2767 2789 2789 2812 2835 2835 2812 2812 2812 1739 2723 2723
    2723 2723 2744 2744 2767 2744 2744 2767 2767 2767 2767 2789 2812
    2835 2835 2789 2789 2789 1739 2701 2701 2701 2701 2723 2723 2767
    2767 2767 2767 2767 2767 2767 2789 2812 2835 2835 2789 2789 2789
    1739 2701 2701 2701 2701 2723 2723 2767 2767 2767 2767 2767 2767
    2767 2789 2789 2812 2812 2812 2812 2812 1739 2701 2701 2701 2701
    2723 2723 2744 2767 2767 2767 2767 2767 2767 2789 2789 2812 2812
    2812 2812 2812 1748 2680 2701 2701 2701 2723 2723 2744 2767 2767
    2767 2767 2767 2789 2789 2789 2812 2835 2835 2835 2835 1748 2680
    2701 2701 2701 2723 2723 2767 2767 2767 2767 2767 2767 2767 2767
    2767 2812 2835 2835 2835 2812 1748 2680 2701 2701 2701 2701 2723
    2744 2767 2767 2767 2767 2767 2767 2767 2767 2789 2835 2835 2835
    2812 1757 2680 2680 2701 2701 2701 2723 2744 2767 2789 2767 2767
    2767 2767 2767 2767 2789 2835 2835 2835 2835 2835 2680 2680 2701
    2701 2701 2723 2744 2767 2789 2767 2767 2767 2767 2767 2767 2789
    2835 2835 2835 2835 1794 2680 2701 2701 2701 2701 2723 2744 2767
    2767 2767 2767 2767 2767 2767 2789 2812 2812 2835 2835 2835 1794
    2680 2680 2701 2701 2723 2723 2744 2767 2767 2789 2789 2767 2767
    2767 2812 2812 2812 2835 2835 2835 1813 2680 2680 2701 2701 2701
    2723 2744 2744 2767 2767 2744 2744 2767 2767 2789 2789 2789 2812
    2812 2812 1813 2659 2680 2701 2701 2701 2723 2723 2723 2744 2744
    2744 2744 2767 2767 2789 2789 2789 2812 2812 2812 2835 2659 2659
    2680 2701 2723 2723 2723 2723 2744 2744 2744 2767 2789 2789 2789
    2789 2789 2812 2812 2812 2812 2659 2659 2680 2701 2723 2723 2723
    2723 2744 2744 2744 2767 2767 2789 2812 2789 2789 2812 2812 2812
    2812 2659 2659 2680 2701 2723 2723 2723 2723 2744 2744 2767 2767
    2767 2789 2789 2789 2789 2812 2812 2812 2812 2659 2659 2680 2680
    2701 2723 2723 2723 2744 2767 2767 2767 2767 2767 2767 2767 2789
    2789 2812 2812 2835 2659 2659 2680 2680 2680 2701 2723 2744 2744
    2767 2767 2767 2767 2767 2767 2767 2789 2789 1833 1823 1813 2659
    2659 2659 2680 2680 2701 2723 2723 2744 2767 2789 2767 2767 2767
    2767 2767 1833 1833 1833 1823 1813 2659 2659 2659 2680 2680 2701
    2723 2723 2744 2744 1813 1813 1804 1804 1804 1813 1813 1823 1823
    1823 1813</data></Depth18119>
</opencv_storage>
