<?xml version="1.0"?>
<opencv_storage>
<Depth5026 type_id="opencv-matrix">
  <rows>18</rows>
  <cols>5</cols>
  <dt>w</dt>
  <data>
    7835 7332 7332 7332 7178 7178 7178 7178 7332 7178 7178 7178 7178
    7332 7178 7178 7030 7030 7030 7178 7178 7030 7030 7030 7030 7178
    7030 7030 7030 7030 7178 7030 7030 7030 7030 7332 7178 7178 7178
    7178 7030 7332 7332 7178 7178 7332 7332 7332 7178 7178 7178 7178
    7178 7030 7030 7178 7178 7178 7030 7030 7178 7178 7178 7030 7030
    7178 7030 7030 7030 7030 7178 7030 7030 7030 7030 7178 7030 7030
    7030 7030 7030 7178 7178 7178 7178 7030 7178 7178 7332 7332</data></Depth5026>
</opencv_storage>
