<?xml version="1.0"?>
<opencv_storage>
<Depth16293 type_id="opencv-matrix">
  <rows>34</rows>
  <cols>34</cols>
  <dt>w</dt>
  <data>
    4139 4190 4190 4190 4190 4190 4190 4190 4190 4190 2028 2028 2028
    2016 2016 4190 1993 1993 2016 2028 2028 4190 4139 4139 4139 4139
    4139 4139 4139 4139 4139 4089 4041 4041 4190 4190 4190 4190 4190
    4190 4190 4190 4190 4190 2016 2016 2016 1970 1947 1936 1936 1947
    1993 1993 2005 2005 2016 4139 4089 4089 4089 4139 4139 4139 4139
    4089 4089 4089 4190 4190 4190 4190 4190 4190 4190 4190 4190 4241
    2016 2016 2005 1959 1936 1926 1915 1894 1894 1993 2005 2005 2005
    2005 4041 4041 4041 4089 4089 4089 4139 4139 4089 4089 4190 4190
    4190 4190 4190 4139 4139 4190 4190 4190 2016 2016 1993 1959 1936
    1915 1894 1873 1853 1843 1833 1833 1993 1970 1970 4041 4041 4089
    4089 4089 4089 4089 4089 4089 4190 4190 4190 4190 4190 4139 4139
    4190 4190 4190 2016 2005 1993 1959 1926 1915 1883 1853 1843 1833
    1823 1823 1823 1947 1936 1936 4089 4041 4041 4041 4041 4041 4041
    4041 4190 4190 4190 4190 4190 4190 4190 4139 4139 2040 2016 1993
    1970 1959 1926 1904 1873 1843 1833 1823 1823 1813 1813 1823 1823
    1894 1894 1894 1894 1843 1843 1833 1833 4041 4190 4190 4190 4190
    4190 4190 4190 4139 4139 2028 2005 1981 1959 1936 1915 1904 1873
    1833 1823 1813 1813 1813 1813 1813 1813 1853 1873 1883 1873 1843
    1843 1833 1833 1833 4190 4190 4190 4190 4190 4190 4190 4190 2028
    2028 2005 1981 1947 1926 1915 1894 1863 1833 1823 1813 1813 1813
    1813 1813 1813 1823 1843 1853 1853 1843 1843 1833 1833 1833 4190
    4190 4190 4190 4190 4190 4190 2028 2016 2016 1993 1981 1936 1926
    1904 1883 1853 1833 1823 1813 1813 1813 1813 1813 1813 1823 1823
    1833 1833 1823 1823 1813 1813 1813 4190 4190 4190 4190 4190 4190
    4241 2028 2016 2016 1993 1970 1926 1904 1894 1873 1843 1823 1823
    1813 1813 1813 1813 1813 1813 1813 1813 1823 1823 1813 1813 1813
    1813 1813 4190 4190 4190 4139 4139 4139 4190 2028 2016 2016 1993
    1959 1915 1894 1873 1853 1833 1823 1813 1813 1813 1813 1813 1813
    1813 1813 1813 1813 1813 1813 1813 1813 1804 1804 4190 4190 4190
    4139 4139 4139 4139 2016 2016 2005 1981 1926 1904 1883 1863 1843
    1823 1813 1813 1813 1813 1813 1813 1813 1813 1813 1813 1813 1813
    1813 1813 1813 1804 1804 4190 4190 4190 4139 4139 4139 4139 2016
    2005 1993 1970 1915 1894 1883 1853 1833 1823 1813 1813 1813 1813
    1813 1813 1813 1813 1813 1813 1813 1813 1813 1813 1813 1804 1804
    4190 4190 4139 4139 4089 4089 4139 2016 1993 1981 1959 1915 1894
    1873 1853 1833 1823 1813 1813 1813 1813 1813 1813 1813 1813 1813
    1813 1813 1813 1813 1813 1813 1804 1804 4139 4139 4139 4139 4089
    4089 2028 2016 1993 1970 1947 1904 1883 1863 1843 1833 1813 1813
    1813 1813 1813 1813 1813 1813 1813 1813 1813 1813 1813 1813 1813
    1813 1804 1804 4139 4139 4139 4089 4089 2028 2028 2016 1993 1936
    1926 1894 1873 1853 1843 1823 1813 1813 1813 1813 1813 1813 1813
    1813 1813 1813 1813 1804 1804 1804 1813 1813 1804 1804 4089 4089
    4089 4089 2016 2016 2016 2005 1947 1936 1904 1883 1863 1843 1813
    1813 1804 1804 1813 1813 1813 1813 1813 1813 1813 1813 1813 1804
    1804 1804 1804 1813 1813 1813 4089 4089 4089 4041 2016 2016 2016
    1981 1947 1936 1894 1873 1853 1833 1813 1813 1804 1804 1804 1813
    1813 1813 1813 1813 1813 1813 1813 1804 1804 1804 1804 1804 1813
    4041 4089 4089 4089 2028 2016 2016 2005 1947 1936 1926 1883 1863
    1843 1823 1813 1813 1804 1804 1804 1804 1804 1804 1813 1804 1804
    1813 1813 1804 1804 1804 1804 1804 1804 4041 4041 4041 4041 2028
    2016 2016 1993 1947 1936 1915 1883 1853 1833 1813 1813 1813 1804
    1804 1804 1804 1804 1804 1813 1804 1804 1813 1813 1804 1804 1804
    1804 1804 1804 4041 4041 4041 4041 2028 2016 2005 1981 1947 1926
    1915 1873 1853 1833 1813 1804 1804 1804 1804 1804 1804 1804 1804
    1804 1804 1804 1804 1804 1804 1804 1804 1804 1804 4041 4041 4089
    4041 4041 2028 2016 2005 1970 1936 1926 1904 1873 1843 1823 1813
    1804 1804 1804 1804 1804 1804 1804 1804 1804 1804 1804 1804 1804
    1804 1804 1804 1804 4041 4041 4041 4041 4041 4041 2016 2005 1993
    1959 1936 1926 1883 1863 1843 1823 1813 1804 1804 1804 1804 1804
    1804 1804 1804 1804 1804 1804 1804 1804 1804 1804 1804 1804 4041
    4041 3994 4041 4041 4041 2016 2005 1981 1947 1926 1915 1873 1853
    1833 1813 1804 1804 1804 1804 1804 1804 1804 1804 1804 1804 1804
    1804 1804 1804 1804 1794 1794 1794 4041 4041 3994 4041 4041 4041
    2005 1993 1970 1936 1915 1894 1853 1843 1823 1804 1804 1804 1804
    1804 1804 1804 1804 1804 1804 1804 1804 1804 1804 1804 1804 1794
    1794 4041 4041 4041 3994 4041 4041 2005 1993 1981 1959 1936 1915
    1894 1853 1833 1813 1804 1804 1804 1804 1804 1804 1804 1804 1804
    1804 1804 1804 1804 1804 1804 1804 1804 1804 4041 4041 4041 3994
    4089 4089 1993 1981 1970 1947 1926 1894 1853 1833 1823 1813 1804
    1804 1804 1804 1804 1804 1804 1804 1804 1804 1804 1804 1804 1804
    1804 1804 1804 1804 3994 3994 3994 3994 1981 1981 1981 1970 1959
    1936 1915 1894 1843 1823 1813 1813 1804 1804 1804 1804 1804 1804
    1804 1794 1794 1804 1804 1804 1804 1804 1804 1804 1804 1804 3994
    3994 3994 3994 1981 1981 1981 1970 1947 1926 1904 1853 1833 1823
    1813 1804 1804 1804 1804 1804 1804 1804 1794 1794 1794 1804 1804
    1804 1804 1804 1804 1794 1794 1794 3994 3994 3994 3994 1993 1981
    1970 1959 1947 1915 1894 1853 1833 1813 1813 1804 1804 1804 1804
    1804 1794 1794 1794 1794 1794 1794 1794 1794 1794 1794 1794 1794
    1794 3994 3994 3994 3994 3994 1993 1981 1970 1947 1926 1904 1883
    1843 1823 1813 1813 1804 1804 1804 1804 1794 1794 1794 1794 1794
    1794 1794 1794 1794 1794 1794 1794 1804 3994 3994 3994 3994 3994
    3994 1981 1970 1970 1947 1926 1904 1853 1833 1813 1813 1804 1804
    1804 1804 1794 1794 1785 1785 1794 1794 1794 1794 1794 1794 1794
    1794 1794 1794 3994 3994 3994 3994 3994 3994 1970 1970 1959 1936
    1926 1894 1843 1823 1813 1804 1804 1794 1794 1794 1794 1794 1785
    1785 1794 1794 1794 1785 1785 1794 1794 1794 1804 1804 3994 3948
    3948 3994 3994 3994 1970 1959 1959 1936 1915 1894 1843 1823 1813
    1804 1804 1794 1794 1794 1794 1794 1785 1785 1785 1785 1794 1785
    1785 1794 1794 1794 1794 1794 3994 3948 3948 3994 3994 3994</data></Depth16293>
</opencv_storage>
