<?xml version="1.0"?>
<opencv_storage>
<Depth13506 type_id="opencv-matrix">
  <rows>32</rows>
  <cols>19</cols>
  <dt>w</dt>
  <data>
    5374 2984 2984 2984 2958 2958 2958 2984 2984 3010 3010 3010 3010
    3092 3120 3149 3149 6622 6622 2984 2984 2984 2984 2958 2958 2958
    2984 2984 2984 2984 3010 3010 3092 3120 3120 3149 6622 6622 2984
    2984 2984 2984 2984 2958 2958 2984 2984 2984 2984 3010 3037 3064
    3092 3120 3120 3120 6622 2958 2958 2958 2958 2984 2958 2958 2958
    2984 2984 2984 3010 3037 3037 3092 3092 3120 3120 6753 2958 2958
    2958 2958 2958 2933 2933 2958 2984 2984 2984 3010 3037 3037 3092
    3092 3120 3092 3092 2984 2984 2958 2958 2958 2933 2933 2933 2958
    2984 2984 2984 3010 3037 3064 3092 3092 3092 3092 2984 2984 2984
    2984 2958 2958 2933 2933 2958 2984 2984 2984 3010 3010 3064 3092
    3092 3092 3092 3010 2984 2984 2958 2958 2958 2958 2958 2958 2984
    2984 2984 3010 3010 3064 3092 3092 3120 6889 3010 2984 2958 2958
    2958 2958 2958 2958 2958 2984 2984 2984 3010 3010 3064 3092 3092
    3120 6889 3010 2984 2958 2933 2933 2933 2958 2958 2958 2984 2984
    2984 3010 3010 3064 3092 3092 3120 3120 2984 2984 2958 2933 2933
    2933 2933 2958 2984 2984 2984 2984 3010 3010 3064 3092 3092 3120
    3120 2984 2958 2958 2933 2933 2933 2933 2958 2984 2984 2984 2984
    3010 3037 3064 3092 3092 3092 3120 2984 2958 2958 2958 2958 2933
    2933 2933 2958 2958 2984 2984 3010 3037 3037 3092 3092 3092 3120
    2984 2984 2984 2958 2958 2958 2933 2933 2958 2958 2984 2984 3010
    3037 3037 3092 3092 3092 3120 2984 2984 2984 2984 2958 2958 2958
    2958 2958 2958 2984 2984 3010 3037 3037 3092 3092 3092 3092 2984
    2984 2984 2984 2958 2933 2933 2933 2958 2958 2984 2984 3010 3037
    3037 3064 3092 3092 3092 2984 2984 2984 2958 2958 2933 2933 2933
    2958 2958 2958 2984 3010 3037 3037 3064 3092 3092 3092 2958 2958
    2984 2958 2958 2933 2933 2933 2958 2958 2958 2984 3010 3010 3037
    3064 3092 3120 3120 2958 2958 2984 2958 2958 2958 2933 2933 2933
    2958 2958 2984 2984 3010 3037 3064 3092 3120 3120 2958 2958 2984
    2984 2958 2958 2933 2933 2933 2958 2958 2984 2984 2984 3010 3092
    3092 3120 3120 2958 2958 2984 2984 2958 2933 2933 2933 2933 2933
    2958 2958 2984 2984 3010 3092 3092 3120 3120 2958 2984 2984 2984
    2958 2933 2933 2933 2933 2933 2958 2958 2984 2984 3010 3064 3092
    3092 3120 2984 2984 2984 2984 2958 2958 2958 2958 2958 2958 2958
    2958 2984 2984 3010 3064 3092 3092 3120 3010 2984 2984 2984 2958
    2958 2958 2958 2958 2958 2958 2984 2984 2984 3010 3064 3092 3092
    3092 3010 2984 2984 2984 2984 2958 2958 2933 2933 2958 2958 2958
    2984 3010 3037 3064 3092 3092 3092 5291 3010 2984 2984 2984 2958
    2958 2933 2933 2933 2958 2958 2984 2984 3010 3064 3092 3092 3092
    5291 2984 2984 2984 2984 2958 2933 2933 2933 2933 2958 2958 2984
    2984 3010 3037 3064 3092 3092 5374 2984 2984 2984 2984 2958 2933
    2933 2933 2933 2958 2958 2984 2984 3010 3037 3064 3092 3092 5374
    2984 2984 2958 2958 2958 2933 2933 2933 2933 2958 2958 2984 2984
    3010 3010 3064 3092 3092 5374 2984 2958 2958 2958 2958 2958 2958
    2933 2933 2933 2958 2958 2984 2984 3010 3037 3092 3092 5460 5460
    2958 2958 2958 2933 2933 2958 2933 2933 2933 2933 2933 2984 2984
    3010 3037 3120 3120 5291 6889 2958 2933 2933 2933 2933 2958 2933
    2933 2933 2933 2933 2933 7178 7030 7030 6889 6889</data></Depth13506>
</opencv_storage>
