<?xml version="1.0"?>
<opencv_storage>
<Depth0588 type_id="opencv-matrix">
  <rows>32</rows>
  <cols>20</cols>
  <dt>w</dt>
  <data>
    0 4041 3994 3994 3948 3903 3903 3994 6622 6622 6622 6622 6622 6622
    6753 6753 6753 6753 6753 6753 3994 3994 3994 3994 3948 3948 3948
    3994 6622 6622 6622 6497 6497 6622 6753 6753 6753 6753 6753 6753
    3948 3994 3994 3994 3994 3994 3994 3994 6622 6622 6622 6497 6497
    6622 6753 6753 6753 6753 6753 6753 3948 3994 3948 3948 3994 3994
    3994 3994 6622 6622 6622 6497 6497 6622 6753 6753 6753 6753 6753
    6753 3948 3994 3948 3948 3994 3994 4041 6622 6497 6497 6497 6622
    6622 6753 6753 6753 6753 6753 6753 6753 3948 3948 3948 3948 3994
    3994 4089 6622 6497 6375 6375 6497 6622 6753 6753 6753 6753 6753
    6753 6753 3948 3948 3948 3994 3994 3994 3994 3994 6497 6259 6259
    6497 6622 6753 6753 6753 6753 6753 6753 6753 6038 6038 6038 3994
    3994 3948 3948 3994 3994 3994 3994 4041 6753 6753 6753 6753 6753
    6889 6889 6753 6146 3994 3994 3948 3948 3948 3948 3994 3994 3994
    3994 4041 6753 6753 6753 6753 6753 6889 6889 6889 6259 3948 3948
    3948 3948 3948 3948 3994 3994 3994 3994 4041 4089 6889 6753 6753
    6753 6889 6889 6889 3903 3903 3948 3948 3948 3948 3994 3994 3994
    3994 3994 4041 4089 4139 6889 6889 6889 6889 6889 6889 3903 3903
    3948 3948 3948 3948 3994 3994 3994 3994 3994 4041 4089 4139 6889
    6753 6753 6753 6753 6889 6375 3948 3948 3948 3948 3948 3948 3948
    3994 3994 3994 4041 4041 4139 6889 6753 6753 6753 6753 6889 6375
    3994 3948 3948 3994 3994 3948 3948 3994 3994 3994 4041 4041 4089
    4139 6889 6753 6753 6753 6889 6375 6497 3994 3994 3948 3948 3948
    3948 3994 3994 3994 3994 4041 4089 4139 4139 6753 6753 6753 6753
    6497 6497 3994 3994 3948 3948 3948 3948 3994 3994 3994 3994 4041
    4041 4139 4139 6753 6753 6753 6753 6497 6497 3948 3948 3994 3994
    3994 3994 3994 3994 3994 3994 4041 4041 4139 4139 4139 6753 6753
    6753 6497 6497 3948 3948 3994 3994 3994 3994 3994 3994 3994 3994
    4041 4089 4139 4139 4139 6753 6753 6753 6375 6375 6259 6259 3994
    3994 3994 3994 3994 3994 3994 3994 3994 4041 4139 4139 4139 6889
    6753 6753 6375 6375 6259 6259 6259 3994 3994 3994 3994 3994 3994
    3994 3994 4041 4089 4139 4139 4190 6753 6753 6375 6375 6259 6259
    6497 3994 3994 3994 3994 3994 3948 3948 3994 4041 4089 4139 4139
    4190 6889 6753 6375 6375 6375 6375 6497 3994 3948 3948 3994 3994
    3948 3948 3994 4041 4089 4139 4139 4190 4190 6753 6375 6497 6497
    6497 6497 3994 3948 3948 3948 3948 3994 3994 3994 3994 4041 4139
    4139 4139 4139 4190 6375 6375 6497 6497 6497 6497 3948 3948 3948
    3948 3994 3994 3994 3994 3994 3994 4089 4139 4089 4089 6375 6375
    6375 6375 6497 6497 3948 3948 3948 3948 3994 3994 3994 3994 3994
    3994 4041 4089 4089 4089 6375 6375 6375 6375 6497 6497 3948 3948
    3948 3948 3994 3994 3994 3948 3948 3994 3994 4089 4139 4139 6375
    6375 6375 6375 6497 6497 6497 3994 3994 3994 3994 3994 3994 3948
    3948 3994 3994 4041 4139 4139 6497 6497 6497 6375 6375 6375 6497
    3994 3994 3994 3994 3994 3994 3994 3994 3994 3994 3994 4139 4139
    6497 6497 6497 6375 6375 6375 6497 6497 3948 3948 3994 3994 3994
    3994 3994 3994 3994 3994 4139 4190 6497 6497 6497 6375 6375 6375
    6497 6497 3903 3903 3994 3994 3994 3994 3994 3994 3994 3994 4139
    4190 6375 6497 6497 6375 6375 6497 6497 6497 3903 3903 3994 3994
    3948 3948 3948 3948 3994 3994 6889 6889 6375 6375 6375 6497 6497
    6375 6375 6497 6375 3994 3994 3994 3948 3903 3903 3948 6753 6753
    6889 6889</data></Depth0588>
</opencv_storage>
