<?xml version="1.0"?>
<opencv_storage>
<Depth15796 type_id="opencv-matrix">
  <rows>7</rows>
  <cols>9</cols>
  <dt>w</dt>
  <data>
    5548 5548 6622 6375 6375 6375 6375 6497 6622 6622 6622 6622 6753
    6375 6375 6497 6497 6622 6622 6622 6622 6622 6622 6497 6497 6497
    6497 6622 6622 6622 6622 6622 6622 6622 6497 6497 6622 6622 6622
    6622 6622 6622 6753 6497 6497 6497 6622 6753 6753 6753 6753 6622
    6622 6497 6497 6622 6753 6753 6622 6622 6622 6497 6497</data></Depth15796>
</opencv_storage>
