<?xml version="1.0"?>
<opencv_storage>
<Depth8552 type_id="opencv-matrix">
  <rows>9</rows>
  <cols>24</cols>
  <dt>w</dt>
  <data>
    4708 4708 4774 4774 4774 4774 4774 4774 4774 4708 4645 4645 4582
    4582 3774 3732 3732 3732 3732 3732 3732 3732 3732 3732 4645 4645
    4645 4708 4774 4774 4774 4774 4708 4645 4645 4582 4582 4582 4582
    4582 4645 3732 3732 3732 3732 3732 3732 3732 4582 4582 4645 4708
    4774 4774 4774 4774 4708 4645 4645 4582 4582 4582 4582 4582 4645
    4645 4645 3732 3614 3614 3732 3732 4582 4582 4645 4708 4774 4774
    4774 4774 4774 4708 4645 4582 4582 4582 4582 4582 4645 4645 4645
    4708 3614 3614 3732 3692 4582 4582 4582 4708 4774 4708 4708 4774
    4774 4708 4645 4582 4582 4582 4582 4582 4645 4645 4645 4708 4708
    4708 4645 3692 4522 4522 4582 4708 4774 4708 4708 4708 4774 4708
    4645 4582 4582 4582 4582 4582 4582 4645 4645 4645 4645 4645 4582
    4582 4463 4463 4582 4708 4774 4708 4708 4708 4708 4645 4645 4582
    4582 4582 4582 4582 4582 4582 4645 4645 4645 4645 4582 4582 4463
    4463 4582 4708 4774 4708 4708 4708 4708 4645 4582 4582 4582 4582
    4582 4582 4582 4582 4645 4645 4645 4645 4582 4582 4522 4522 4582
    4708 4774 4708 4708 4708 4708 4645 4582 4582 4522 4522 4522 4582
    4582 4582 4645 4582 4582 4645 4645 3732</data></Depth8552>
</opencv_storage>
