<?xml version="1.0"?>
<opencv_storage>
<Depth3775 type_id="opencv-matrix">
  <rows>61</rows>
  <cols>56</cols>
  <dt>w</dt>
  <data>
    1688 1696 1696 1705 1705 1722 0 0 0 0 0 0 0 0 0 0 0 4842 4842 1731
    1731 1722 1722 1722 1739 1748 1757 1757 1766 1776 1776 1776 1776
    1776 5132 5132 5132 5056 5056 5056 5056 5056 5132 5056 4983 4983
    4911 4911 4911 4911 4911 4911 4911 4911 4911 4911 1680 1696 1705
    1722 1731 4582 4582 4582 0 0 0 0 0 0 0 0 0 0 1722 1713 1713 1722
    1722 1722 1731 1739 1748 1757 1766 1776 1776 1776 1776 1804 1804
    5132 5132 5056 5056 5056 5056 5056 5132 5056 5056 4983 4983 4983
    4983 4911 4911 4911 4911 4911 4911 4911 1680 4405 4463 4463 4463
    4582 4582 4582 4582 0 0 0 0 0 0 0 0 1688 1688 1705 1705 1713 1713
    1722 1722 1731 1748 1757 1766 1766 1766 1794 1794 1804 1804 5132
    5132 5132 5132 5056 5056 5056 5056 5056 5056 4983 4983 4983 4983
    4911 4911 4911 4911 4911 4911 4911 4405 4405 4463 4463 4522 4582
    4582 4582 4582 4582 0 0 0 0 0 1680 1671 1671 1680 1688 1696 1696
    1705 1713 1722 1731 1739 1757 1766 1766 1766 1776 1794 1804 1813
    1813 5132 5132 5132 5132 5056 5056 5056 5056 5056 5056 4983 4983
    4983 4983 4983 4983 4983 4911 4911 4911 4405 4405 4522 4522 4582
    4582 4582 4582 4582 4582 0 0 0 0 0 1671 1663 1663 1671 1680 1688
    1696 1705 1713 1722 1731 1739 1757 1757 1766 1766 1776 1794 1804
    1804 1804 5056 5056 5132 5132 5056 5056 5056 5056 5056 5056 4983
    4983 4983 4983 4983 4983 4983 4911 4911 4911 4405 4405 4405 4582
    4582 4582 4582 4645 4645 4645 1624 1624 1616 1616 1632 1655 1655
    1655 1663 1680 1688 1688 1696 1713 1713 1731 1739 1748 1757 1757
    1766 1776 1794 1804 1804 1804 5056 5056 5132 5132 5056 5056 5056
    5056 5056 5056 4983 4983 4983 4983 5056 4983 4983 4911 4911 4911
    4405 4405 4405 4582 4582 4582 4582 4582 4582 1624 1624 1616 1616
    1616 1624 1632 1647 1655 1663 1671 1680 1688 1688 1705 1705 1722
    1731 1748 1748 1757 1757 1766 1785 1794 1804 1804 5056 5056 5056
    5056 5132 5056 5056 5132 5132 5132 5056 5056 4983 4983 4983 4983
    4983 4911 4911 4911 4405 4405 4405 4582 4582 4582 4582 4582 1632
    1624 1624 1616 1616 1616 1616 1624 1647 1655 1655 1663 1671 1688
    1688 1696 1705 1722 1731 1739 1748 1748 1757 1766 1785 1794 1804
    1804 1804 5056 5056 5056 5132 5056 5056 5132 5132 5132 5132 5056
    5056 5056 4983 4983 4983 4911 4911 4911 4405 4405 4405 4405 1647
    1624 1624 1624 1624 1624 1624 1616 1616 1616 1616 1624 1632 1655
    1655 1663 1671 1688 1688 1696 1705 1713 1722 1731 1739 1739 1757
    1766 1776 1785 1794 1804 1804 1804 5056 5056 5132 5132 5132 5132
    5132 5132 5132 5132 5056 5056 4983 4983 4983 4911 4911 4911 4405
    4405 1647 1647 1647 1632 1624 1624 1624 1624 1624 1624 1616 1616
    1624 1624 1632 1647 1655 1663 1671 1671 1680 1688 1696 1713 1722
    1731 1731 1739 1748 1757 1766 1785 1794 1804 1804 1804 5056 5056
    5132 5132 5132 5132 5132 5132 5132 5132 5056 5056 4983 4983 4983
    4911 4911 4911 4405 1655 1647 1647 1647 1632 1624 1624 1632 1632
    1624 1624 1624 1624 1624 1624 1632 1639 1647 1655 1663 1663 1671
    1688 1696 1705 1722 1731 1731 1731 1748 1757 1766 1785 1794 1804
    1804 1804 1804 5056 5056 5132 5132 5132 5132 5132 5132 5132 5132
    5056 4983 4983 4983 4983 4983 4911 4405 1655 1647 1647 1647 1632
    1632 1632 1632 1632 1624 1624 1624 1624 1624 1632 1632 1632 1647
    1655 1663 1663 1671 1680 1688 1705 1722 1722 1731 1731 1748 1757
    1766 1776 1785 1794 1794 1813 1833 5056 5056 5132 5132 5132 5132
    5132 5132 5132 5132 5132 5056 5056 4983 4983 4983 4911 1680 1663
    1655 1655 1655 1639 1639 1639 1639 1632 1632 1632 1632 1632 1632
    1632 1632 1632 1647 1655 1655 1663 1671 1680 1680 1696 1713 1722
    1731 1731 1739 1757 1766 1766 1776 1785 1794 1804 1833 1833 5056
    5056 5132 5132 5132 5132 5132 5132 5132 5132 5056 5056 4983 4983
    4983 4983 1680 1671 1663 1655 1655 1647 1647 1639 1639 1632 1632
    1624 1624 1624 1632 1632 1632 1632 1647 1655 1655 1663 1671 1680
    1680 1688 1696 1722 1722 1731 1731 1739 1757 1766 1776 1785 1794
    1804 1823 1823 5056 5056 5210 5210 5210 5132 5132 5132 5132 5132
    5056 5056 4983 4983 4983 4983 1680 1671 1671 1663 1655 1655 1655
    1647 1639 1639 1632 1624 1624 1624 1632 1632 1632 1632 1647 1655
    1655 1663 1671 1680 1688 1688 1696 1713 1722 1722 1731 1731 1748
    1766 1776 1785 1794 1804 1823 1823 1823 5210 5210 5210 5210 5210
    5132 5132 5132 5132 5056 5056 4983 4983 5056 5056 1688 1671 1671
    1663 1655 1655 1655 1655 1647 1639 1632 1632 1632 1632 1632 1632
    1632 1632 1639 1655 1655 1655 1663 1680 1680 1688 1696 1705 1713
    1722 1731 1731 1739 1757 1776 1785 1785 1794 1813 1823 1823 1823
    5374 5132 5132 5132 5132 5132 5132 5132 5056 5056 5056 5056 5056
    5056 1671 1671 1671 1663 1663 1663 1655 1655 1647 1647 1639 1639
    1639 1632 1632 1632 1632 1632 1632 1647 1655 1655 1663 1663 1680
    1688 1688 1696 1705 1722 1722 1731 1731 1757 1766 1776 1785 1785
    1804 1823 1823 1823 1823 5132 5132 5132 5132 5132 5132 5132 5056
    5056 5056 5056 5056 5056 4349 4349 1680 1671 1663 1663 1655 1655
    1655 1655 1647 1647 1639 1632 1632 1632 1632 1632 1632 1639 1647
    1655 1663 1663 1680 1688 1688 1688 1696 1713 1722 1731 1731 1757
    1757 1766 1776 1785 1804 1813 1813 1813 1813 5132 5132 5132 5132
    5132 5132 5132 5132 5056 5056 5056 5056 5056 4349 4349 1671 1671
    1663 1663 1655 1655 1655 1655 1655 1647 1647 1639 1632 1632 1632
    1632 1632 1639 1647 1655 1655 1663 1663 1680 1688 1688 1688 1705
    1713 1722 1722 1748 1757 1757 1766 1785 1804 1804 1813 1813 1823
    1823 5210 5210 5210 5210 5132 5132 5132 5056 5056 5056 5056 5056
    4349 4349 4349 1671 1671 1671 1663 1663 1663 1663 1655 1655 1655
    1639 1632 1632 1632 1632 1632 1639 1647 1655 1655 1663 1663 1671
    1680 1680 1688 1705 1713 1722 1722 1739 1757 1757 1766 1785 1794
    1804 1813 1813 1813 1813 5210 5210 5210 5210 5210 5210 5132 5132
    5132 5132 5132 5132 4349 4349 4349 1688 1688 1680 1671 1663 1663
    1663 1663 1655 1655 1655 1639 1639 1632 1632 1632 1639 1647 1647
    1655 1663 1663 1671 1680 1680 1696 1696 1705 1713 1722 1739 1757
    1757 1757 1776 1794 1804 1804 1813 1804 1804 1804 5210 5132 5132
    5210 5210 5210 5132 5132 5132 5132 5132 4349 4349 4349 4349 1688
    1688 1680 1680 1671 1671 1671 1663 1663 1663 1655 1647 1639 1632
    1632 1639 1647 1647 1655 1655 1663 1663 1671 1688 1696 1696 1696
    1713 1731 1739 1748 1757 1757 1766 1785 1794 1804 1813 1804 1804
    1823 1823 5132 5132 5210 5210 5132 5132 5132 5132 5132 5132 4295
    4295 4295 0 1688 1688 1680 1680 1671 1671 1671 1663 1663 1663 1655
    1655 1647 1639 1639 1639 1639 1647 1647 1655 1663 1663 1671 1680
    1688 1696 1696 1705 1731 1739 1748 1757 1757 1766 1776 1794 1804
    1813 1813 1813 1823 1823 1823 5210 5210 5210 5132 5132 5132 5132
    5132 5132 4295 4295 4295 4349 1688 1688 1680 1680 1671 1671 1671
    1663 1663 1663 1663 1663 1655 1647 1647 1639 1639 1647 1647 1655
    1655 1663 1663 1671 1688 1688 1696 1696 1731 1731 1739 1748 1757
    1766 1776 1794 1804 1804 1823 1823 1823 1823 1833 1833 5210 5210
    5210 5132 5132 5132 5132 5132 4349 4349 4349 4349 4349 1688 1688
    1680 1680 1680 1671 1671 1663 1663 1663 1663 1655 1655 1647 1647
    1647 1647 1647 1647 1655 1655 1663 1663 1680 1688 1688 1696 1722
    1731 1731 1739 1757 1766 1766 1794 1794 1804 1813 1823 1833 1833
    1833 1833 5210 5210 5210 5210 5210 5132 5132 5132 4295 4295 4349
    4349 4349 4405 4405 1680 1680 1680 1671 1671 1663 1663 1663 1663
    1663 1655 1655 1647 1647 1647 1647 1647 1647 1655 1655 1663 1663
    1680 1688 1696 1722 1731 1731 1731 1757 1757 1766 1776 1794 1804
    1804 1823 1833 1833 1833 1833 5210 5210 5210 5210 5210 5132 5132
    5132 4295 4295 4349 4349 4349 4295 4190 4190 1688 1680 1680 1680
    1671 1663 1663 1663 1663 1663 1655 1655 1647 1647 1647 1647 1647
    1655 1655 1663 1663 1680 1680 1696 1705 1722 1731 1731 1748 1757
