<?xml version="1.0"?>
<opencv_storage>
<Depth6675 type_id="opencv-matrix">
  <rows>25</rows>
  <cols>21</cols>
  <dt>w</dt>
  <data>
    3539 3539 3539 1232 1232 3576 3614 3653 3614 3614 3653 3653 3653
    3653 3653 3653 3653 3614 3614 3614 3614 3539 3539 3539 3539 3539
    3539 3576 3614 3653 3653 3653 3653 3653 3653 3653 3653 3653 3614
    3614 3614 3653 3614 3539 3539 3539 3539 3539 3576 3614 3653 3653
    3653 3653 3653 3653 3653 3653 3653 3614 3614 3614 3653 3614 3576
    3539 3539 3539 3539 3576 3614 3653 3653 3653 3653 3653 3653 3653
    3653 3653 3653 3653 3653 3653 3614 3576 3539 3539 3539 3539 3576
    3653 3653 3653 3653 3653 3653 3653 3653 3653 3653 3653 3653 3653
    3653 3576 3576 3539 3539 3576 3614 3653 3653 3692 3653 3653 3653
    3653 3614 3614 3653 3653 3653 3653 3653 3653 3576 3576 3539 3539
    3539 3576 3653 3653 3614 3614 3653 3614 3614 3614 3614 3614 3614
    3653 3653 3614 3614 3539 3539 3539 3539 3539 3576 3653 3653 3614
    3614 3614 3614 3614 3614 3614 3614 3614 3614 3614 3614 3614 3539
    3539 3539 3539 3539 3539 3614 3614 3576 3576 3576 3614 3614 3653
    3614 3614 3614 3614 3614 3614 3653 3539 3539 3539 3539 3539 3539
    3614 3614 3576 3576 3576 3614 3614 3653 3614 3614 3614 3614 3614
    3614 3653 3539 3503 3503 3503 3539 3539 3576 3614 3614 3614 3614
    3614 3614 3614 3614 3614 3614 3614 3614 3614 3653 3503 3503 3503
    3503 3539 3539 3576 3614 3614 3614 3614 3614 3614 3614 3614 3614
    3614 3614 3614 3614 3653 2812 3503 3503 3503 3503 3539 3576 3614
    3614 3614 3614 3614 3614 3614 3614 3614 3614 3614 3614 3614 3653
    2812 3503 3503 3503 3503 3539 3576 3576 3576 3576 3614 3614 3614
    3614 3614 3614 3614 3614 3614 3614 3614 3503 3503 3503 3503 3503
    3539 3576 3576 3576 3576 3576 3576 3576 3576 3576 3576 3576 3614
    3539 3539 3576 3468 3468 3468 3468 3503 3539 3576 3576 3576 3576
    3576 3576 3576 3576 3576 3576 3576 3576 3539 3503 3503 3468 3468
    3468 3468 3503 3539 3539 3576 3576 3576 3576 3539 3539 3539 3539
    3539 3539 3539 3539 3503 3503 3433 3433 3468 3503 3503 3539 3539
    3539 3576 3539 3539 3539 3539 3539 3539 3539 3539 3539 3539 3539 0
    3433 3433 3468 3468 3503 3539 3539 3539 3576 3539 3539 3539 3539
    3539 3539 3539 3539 3539 3539 3539 0 3433 3433 3468 3468 3503 3539
    3539 3539 3539 3539 3539 3539 3539 3539 3576 3539 3539 3539 0 0 0
    3433 3433 3468 3468 3468 3539 3539 3539 3539 3539 3539 3539 3539
    3539 3576 3576 3539 3503 3503 0 0 2812 3433 3433 3468 3468 3539 3539
    3539 3539 3539 3539 3576 3576 3576 3576 3576 3539 3503 3503 0 0 2789
    3433 3433 3468 3468 3539 3539 3539 3539 3539 3539 3576 3614 3576
    3576 3576 3576 3539 3539 3539 3539 2789 3433 3433 3468 3468 3539
    3539 3539 3539 3539 3576 3576 3614 3576 3576 1070 1070 3539 3539
    3539 3539 995 3468 3468 3468 3503 3539 3503 3503 1067 1067 3539 3576
    3614 3576 3576 1070 1070 3576 3539 3539 3539</data></Depth6675>
</opencv_storage>
