<?xml version="1.0"?>
<opencv_storage>
<Depth9206 type_id="opencv-matrix">
  <rows>79</rows>
  <cols>52</cols>
  <dt>w</dt>
  <data>
    4645 4645 4645 4645 4645 4645 4645 1392 1392 1381 1376 1365 1354
    1354 1349 1349 1343 1343 1317 1312 1312 1312 4911 4911 4911 4911
    4911 4911 4911 4911 4911 4911 4911 4911 5056 4983 4983 4983 4983
    4983 4983 4983 4983 4983 5056 5056 5056 5056 5056 5056 5056 5056
    4645 4645 4708 4708 4708 4708 4708 0 1381 1381 1376 1365 1354 1354
    1349 1338 1333 1322 1312 1307 1302 1302 1302 1278 1273 1273 1273
    1245 4983 4983 4983 4911 4911 4983 5056 5056 5056 4983 4983 4983
    4983 4983 4983 4983 5056 5056 5056 5056 5056 5056 5056 5056 4645
    4645 4708 0 4708 4708 0 0 1381 1376 1370 1365 1354 1349 1343 1333
    1328 1317 1312 1302 1292 1278 1278 1278 1273 1273 1273 1245 1236
    1236 1241 1241 5056 5056 5056 5056 5056 5056 5056 4983 4983 4983
    4983 4983 5056 5056 5056 5056 5056 5056 5056 5056 4645 4645 4708 0 0
    0 0 0 0 1376 1370 1365 1354 1349 1338 1333 1322 1312 1307 1292 1283
    1273 1268 1268 1273 1273 1273 1245 1236 1236 1241 1241 1232 5056
    5056 5056 5056 5056 5056 5056 4983 4983 5056 5056 5056 5056 5056
    5056 5056 5056 5056 5056 4708 4708 4708 0 0 0 0 0 0 1376 1370 1359
    1354 1349 1338 1333 1322 1312 1292 1288 1283 1273 1268 1264 1264
    1255 1241 1236 1232 1232 1232 1232 1232 1210 1210 1193 5056 5056
    5056 5056 4983 4983 5056 5056 5056 5056 5056 5132 5056 5056 5056
    5056 4708 4708 4708 0 0 0 0 0 1398 1381 1370 1359 1354 1349 1338
    1328 1312 1307 1292 1288 1273 1268 1264 1255 1255 1250 1236 1236
    1227 1227 1223 1210 1210 1210 0 0 0 0 5132 5132 5132 5132 5056 5056
    1223 1223 1223 1223 5056 5056 5132 5056 4708 4708 4708 0 0 0 0 0
    1398 1381 1370 1359 1349 1343 1333 1328 1312 1307 1292 1288 1273
    1268 1259 1255 1250 1241 1232 1227 1223 1223 1223 1210 1210 1210 0
    1193 1197 1197 0 5210 5210 5210 5056 5056 1223 1223 1223 1219 1219
    5056 5056 5056 4708 4708 4708 0 0 0 0 1404 1398 1381 1370 1359 1349
    1343 1333 1328 1312 1302 1288 1283 1273 1264 1259 1250 1245 1241
    1232 1223 1219 1219 1206 1193 1193 1189 1189 1193 1197 1197 1193
    1202 1202 1202 1202 1223 1223 1219 1219 1219 1219 1219 1219 5056
    4708 4708 4708 0 0 0 0 1398 1392 1376 1365 1359 1349 1338 1333 1322
    1312 1292 1288 1283 1273 1264 1255 1250 1241 1236 1227 1219 1214
    1210 1197 1189 1189 1189 1189 1193 1193 1193 1193 1193 1202 1202
    1206 1210 1210 1210 1210 1214 1219 1219 1214 1214 4708 4708 4708 0 0
    0 0 1398 1392 1370 1365 1354 1349 1338 1333 1322 1312 1292 1288 1283
    1273 1264 1255 1250 1241 1232 1227 1219 1210 1206 1193 1189 1185
    1185 1189 1189 1193 1193 1193 1193 1202 1202 1202 1206 1206 1210
    1210 1210 1210 1210 1214 1214 4708 4708 4708 0 0 0 1392 1392 1392
    1370 1365 1354 1349 1338 1328 1322 1312 1292 1288 1283 1273 1259
    1255 1250 1241 1232 1227 1219 1210 1206 1193 1189 1185 1185 1185
    1189 1189 1189 1193 1193 1197 1202 1202 1206 1206 1206 1206 1210
    1210 1210 1214 1214 4774 4774 4774 0 0 0 1392 1392 1387 1370 1365
    1354 1349 1338 1328 1317 1307 1292 1288 1283 1273 1259 1250 1245
    1236 1232 1227 1219 1210 1206 1189 1189 1185 1185 1185 1185 1189
    1189 1193 1193 1197 1202 1202 1202 1206 1206 1206 1210 1214 1214
    1214 1214 4774 4774 4842 0 0 0 1392 1392 1376 1370 1365 1354 1349
    1338 1328 1317 1307 1292 1288 1283 1273 1255 1250 1245 1236 1227
    1223 1214 1210 1206 1189 1185 1185 1189 1185 1185 1189 1193 1193
    1197 1197 1202 1202 1202 1206 1206 1210 1210 1214 1214 1219 1219
    4708 4774 4774 0 0 0 1392 1392 1376 1370 1359 1349 1343 1333 1328
    1317 1307 1292 1288 1283 1268 1255 1250 1241 1236 1227 1223 1214
    1206 1197 1189 1185 1185 1185 1189 1189 1189 1193 1197 1197 1202
    1202 1202 1202 1206 1206 1210 1210 1210 1219 1219 1219 4708 4708 0 0
    0 1392 1392 1392 1376 1370 1359 1349 1343 1333 1328 1317 1307 1292
    1288 1283 1268 1255 1250 1241 1236 1232 1223 1214 1206 1197 1189
    1185 1185 1185 1189 1189 1193 1193 1197 1197 1197 1202 1202 1202
    1206 1206 1210 1210 1210 1219 1219 1219 4708 4708 4708 0 0 1392 1392
    1392 1376 1365 1354 1349 1338 1328 1322 1312 1292 1292 1288 1278
    1268 1255 1250 1241 1236 1232 1223 1214 1206 1189 1189 1185 1185
    1185 1189 1193 1193 1193 1193 1197 1197 1202 1202 1202 1206 1206
    1206 1210 1219 1219 1219 1219 4708 4708 4708 0 0 0 1398 1392 1370
    1365 1354 1343 1333 1328 1322 1312 1292 1288 1288 1278 1264 1255
    1250 1241 1236 1232 1223 1214 1202 1189 1189 1185 1185 1185 1189
    1193 1193 1193 1193 1197 1202 1202 1202 1202 1206 1206 1206 1210
    1214 1219 1219 1219 4708 4708 0 0 0 1392 1392 1392 1370 1365 1354
    1343 1333 1328 1317 1307 1292 1288 1283 1273 1259 1255 1250 1241
    1232 1227 1219 1210 1202 1189 1185 1185 1185 1189 1193 1193 1193
    1197 1197 1197 1202 1202 1206 1206 1206 1206 1206 1210 1214 1219
    1219 1219 4708 4708 0 0 0 1392 1392 1381 1370 1359 1354 1349 1333
    1328 1317 1307 1292 1288 1283 1273 1259 1255 1245 1241 1232 1223
    1214 1206 1202 1189 1185 1185 1185 1189 1189 1193 1193 1193 1197
    1197 1202 1202 1206 1206 1206 1206 1206 1210 1214 1219 1219 1219
    4708 4708 0 0 0 1392 1392 1381 1370 1359 1354 1343 1333 1328 1317
    1307 1292 1288 1283 1273 1259 1250 1245 1236 1232 1223 1214 1206
    1202 1189 1189 1185 1185 1189 1189 1189 1193 1193 1197 1202 1202
    1202 1206 1206 1206 1206 1206 1210 1214 1214 1214 1214 4708 4708 0 0
    0 1398 1392 1376 1365 1354 1349 1343 1333 1328 1317 1307 1288 1283
    1278 1268 1255 1250 1241 1236 1232 1223 1214 1206 1197 1189 1189
    1185 1185 1189 1189 1189 1193 1197 1197 1197 1202 1202 1206 1206
    1206 1210 1210 1214 1214 1214 1214 0 4774 0 0 0 0 1398 1392 1376
    1365 1354 1349 1343 1333 1328 1317 1307 1288 1283 1273 1264 1255
    1250 1241 1236 1232 1223 1214 1206 1197 1193 1189 1185 1185 1189
    1189 1193 1193 1193 1197 1197 1202 1202 1206 1206 1206 1210 1214
    1214 1214 1214 1214 0 0 4842 0 1415 1415 1398 1392 1370 1365 1354
    1349 1338 1328 1322 1312 1307 1288 1278 1273 1264 1255 1245 1241
    1236 1227 1219 1214 1206 1197 1189 1189 1185 1185 1189 1189 1193
    1193 1193 1197 1197 1197 1202 1206 1206 1206 1210 1214 1214 1219
    1219 1219 0 0 0 0 1415 1415 1398 1387 1370 1359 1354 1349 1338 1328
    1317 1312 1292 1288 1278 1268 1259 1255 1245 1236 1232 1223 1219
    1214 1206 1197 1189 1189 1185 1185 1189 1189 1193 1197 1197 1197
    1197 1197 1202 1202 1206 1206 1210 1210 1210 1219 1219 1219 0 0 0 0
    0 1415 1392 1376 1365 1354 1349 1343 1338 1328 1312 1307 1292 1283
    1273 1268 1259 1255 1245 1236 1232 1223 1219 1214 1206 1197 1189
    1189 1185 1185 1189 1189 1193 1197 1197 1197 1197 1197 1202 1202
    1206 1206 1206 1206 1210 1219 1219 1219 0 0 0 0 0 0 1381 1376 1365
    1354 1349 1343 1333 1328 1312 1307 1288 1283 1273 1268 1259 1250
    1245 1236 1227 1223 1219 1214 1202 1197 1189 1189 1185 1185 1189
    1189 1193 1197 1197 1197 1197 1197 1202 1202 1206 1206 1206 1206
    1210 1219 1219 1219 1219 0 0 0 0 0 1381 1376 1359 1354 1349 1338
    1333 1322 1312 1307 1288 1283 1278 1268 1259 1250 1245 1236 1227
    1219 1214 1202 1193 1193 1189 1189 1189 1189 1189 1189 1193 1197
    1197 1202 1202 1202 1202 1202 1206 1206 1206 1206 1219 1219 1219 0 0
    0 0 0 0 0 1387 1370 1359 1349 1343 1333 1328 1322 1312 1307 1292
    1283 1273 1268 1255 1255 1245 1236 1223 1214 1210 1202 1189 1189
    1185 1185 1189 1189 1189 1189 1193 1197 1197 1202 1202 1202 1202
    1202 1206 1206 1206 1206 1214 1219 1219 0 0 0 0 0 0 0 1387 1370 1359
    1349 1343 1333 1328 1322 1312 1307 1288 1283 1273 1268 1255 1250
    1245 1236 1223 1214 1206 1202 1189 1189 1181 1181 1185 1185 1189
    1193 1193 1193 1197 1197 1202 1202 1202 1202 1206 1206 1206 1210
    1214 1214 1219 0 0 0 0 0 0 1392 1387 1370 1359 1349 1343 1333 1328
    1322 1312 1292 1288 1283 1273 1259 1250 1250 1241 1232 1219 1214
    1206 1202 1189 1189 1181 1181 1185 1185 1189 1193 1193 1193 1197
