<?xml version="1.0"?>
<opencv_storage>
<Depth18901 type_id="opencv-matrix">
  <rows>35</rows>
  <cols>93</cols>
  <dt>w</dt>
  <data>
    0 0 0 0 0 0 0 0 0 0 0 0 0 0 0 1550 1550 0 1536 1536 1536 1536 1536
    1543 1543 1543 1543 1536 1536 1536 1536 0 0 0 0 0 0 0 0 0 0 0 0 0 0
    0 0 0 0 0 0 0 0 0 0 0 0 0 0 0 0 0 0 0 0 1722 1722 1731 1731 1731
    1731 1731 1739 1739 1739 1739 1739 1748 1748 1748 1757 1766 1766
    1776 1776 1785 1785 1794 1794 1794 1785 1785 1785 0 0 0 0 0 0 0 0 0
    0 0 0 0 1536 1536 1536 1536 1536 1536 1536 1536 1536 1536 1536 1536
    1536 1536 1536 1536 1536 1529 1523 1523 1523 1523 0 0 0 0 0 0 0 0 0
    0 0 0 0 0 0 0 0 0 0 0 0 0 0 0 0 0 0 0 0 0 1722 1722 1731 1731 1731
    1731 1739 1739 1748 1748 1748 1748 1748 1748 1748 1757 1766 1766
    1785 1785 1785 1785 1794 1794 1794 1785 1785 1785 0 0 0 0 0 0 0 0 0
    1536 1536 1529 1529 1529 1529 1529 1529 1523 1523 1523 1523 1529
    1529 1529 1529 1529 1529 1529 1529 1529 1529 1523 1523 1523 1523
    1529 1529 1529 1529 1529 1529 1529 0 0 0 0 0 0 0 0 0 0 0 0 0 0 0 0 0
    0 0 0 0 0 0 0 1739 1731 1731 1739 1739 1748 1748 1748 1748 1748 1757
    1748 1748 1748 1757 1766 1776 1785 1785 1785 1785 1794 1794 1794
    1794 0 0 0 0 1536 1523 1509 1509 1503 1503 1509 1523 1529 1529 1529
    1523 1523 1523 1516 1509 1509 1509 1509 1516 1516 1523 1523 1523
    1523 1523 1516 1516 1516 1523 1523 1523 1523 1529 1529 1529 1529
    1523 1523 1523 1523 1529 1529 1536 0 0 0 0 0 0 0 0 0 0 0 0 0 0 0 0 0
    0 0 0 1739 1731 1731 1739 1739 1739 0 0 1776 1776 1776 1757 1757
    1757 1757 1766 0 1785 1785 1785 1785 1794 1794 0 0 0 0 1523 1523
    1529 1516 1503 1503 1496 1496 1503 1503 1509 1509 1523 1516 1516
    1509 1503 1503 1503 1496 1496 1496 1503 1503 1509 1509 1509 1509
    1509 1503 1503 1509 1516 1516 1516 1523 1523 1523 1523 1523 1523
    1523 1523 1523 1523 1523 1536 1543 1543 0 0 0 0 0 0 0 0 0 0 0 0 0 0
    0 0 0 0 0 1503 1503 1503 1503 0 1503 0 0 0 0 0 0 0 0 0 0 0 0 0 0 0 0
    0 0 0 1523 1523 1516 1503 1503 1489 1489 1483 1477 1477 1496 1496
    1489 1489 1489 1489 1496 1496 1489 1489 1483 1483 1489 1489 1496
    1496 1496 1503 1503 1503 1503 1503 1503 1509 1509 1516 1516 1516
    1516 1516 1516 1509 1509 1509 1509 1509 1516 1509 1509 1503 1503
    1509 0 0 0 0 0 0 0 0 0 0 0 0 0 0 0 0 0 0 1503 0 0 0 0 0 0 0 0 0 0 0
    0 0 0 0 0 0 0 0 0 0 0 1529 1516 1509 1503 1496 1470 1464 1464 1458
    1458 1464 1470 1477 1477 1477 1477 1477 1477 1477 1470 1470 1477
    1477 1477 1477 1477 1483 1483 1489 1489 1489 1496 1496 1496 1503
    1509 1509 1503 1503 1503 1509 1509 1509 1503 1503 1509 1509 1503
    1503 1503 1503 1503 1503 1503 1503 0 1516 1516 1516 1516 1516 1536
    1529 1523 1523 1523 1509 1503 1503 1503 1503 1503 1503 1503 0 0 0 0
    0 0 0 0 0 0 0 0 0 0 0 0 0 0 0 1529 1516 1503 1496 1489 1458 1452
    1452 1452 1452 1452 1458 1464 1470 1470 1470 1464 1464 1464 1458
    1458 1452 1452 1452 1452 1464 1477 1477 1477 1477 1477 1477 1477
    1477 1489 1496 1496 1496 1496 1496 1489 1489 1496 1496 1496 1503
    1496 1496 1496 1496 1496 1496 1496 1489 1489 1489 1489 1509 1509
    1509 1509 1516 1516 1516 1516 1516 1503 1496 1496 1496 1496 1503
    1503 0 0 0 0 0 0 0 0 0 0 0 0 0 0 0 0 0 0 0 0 1523 1503 1496 1483
    1464 1445 1445 1445 1445 1445 1445 1452 1452 1458 1458 1464 1452
    1452 1452 1452 1452 1445 1445 1439 1439 1439 1445 1445 1458 1458
    1458 1458 1464 1470 1470 1483 1483 1483 1477 1477 1483 1483 1483
    1483 1489 1489 1489 1489 1489 1489 1489 1489 1489 1489 1489 1489
    1489 1503 1509 1509 1509 1509 1516 1516 1509 1509 1496 1489 1489
    1483 1483 1483 1483 1470 1464 1464 1464 1470 0 0 0 0 0 0 0 0 0 0 0 0
    0 0 0 1523 1489 1470 1445 1439 1433 1433 1433 1433 1433 1439 1445
    1445 1445 1445 1445 1445 1445 1445 1445 1445 1439 1439 1427 1427
    1427 1433 1433 1433 1433 1439 1439 1452 1452 1452 1464 1464 1464
    1464 1464 1464 1464 1464 1464 1477 1477 1483 1483 1483 1483 1483
    1483 1483 1483 1489 1489 1489 1496 1503 1503 1503 1503 1503 1509
    1509 1503 1496 1489 1483 1483 1483 1477 1477 1470 1464 1464 1464
    1464 1477 0 0 0 0 0 0 0 0 0 0 0 0 0 0 0 1489 1452 1433 1427 1421
    1421 1421 1427 1427 1427 1433 1439 1410 1404 1404 1410 1410 1439
    1439 1439 1427 1415 1415 1421 1421 1421 1427 1427 1427 1427 1427
    1433 1433 1433 1439 1452 1452 1452 1452 1452 1458 1452 1452 1452
    1452 1464 1470 1477 1477 1477 1477 1477 1477 1483 1483 1483 1483
    1496 1496 1489 1489 1496 1496 1496 1489 1489 1483 1483 1477 1477
    1477 1477 1470 1464 1464 1464 1458 1458 1458 1458 1458 0 0 0 0 0 0 0
    0 0 0 0 0 1410 1410 1404 1404 1404 1404 1404 1410 1410 1404 1404
    1404 1398 1398 1398 1392 1392 1392 1392 1392 1392 1392 1398 1398
    1398 1404 1404 1410 1410 1410 1421 1421 1404 1404 1415 1421 1427
    1427 1427 1439 1439 1445 1445 1445 1445 1452 1458 1458 1458 1458
    1445 1445 1452 1470 1470 1470 1458 1458 1483 1483 1477 1477 1470
    1470 1477 1477 1483 1477 1477 1477 1477 1470 1470 1464 1464 1458
    1458 1458 1458 1458 1452 1452 1452 1452 0 0 0 0 0 0 0 0 1415 1410
    1404 1398 1398 1398 1398 1398 1398 1398 1398 1392 1387 1387 1387
    1387 1381 1381 1381 1381 1381 1381 1387 1387 1392 1392 1398 1398
    1404 1404 1404 1404 1398 1392 1392 1410 1410 1415 1415 1415 1415
    1415 1415 1427 1427 1427 1427 1427 1427 1427 1433 1433 1439 1439
    1439 1464 1464 1458 1458 1458 1458 1458 1458 1464 1464 1464 1464
    1464 1470 1464 1464 1464 1464 1458 1458 1458 1458 1452 1452 1452
    1458 1452 1445 1445 1433 1433 0 0 0 0 0 0 0 1387 1387 1387 1387 1387
    1387 1387 1387 1387 1387 1381 1376 1376 1376 1376 1376 1376 1370
    1370 1365 1365 1365 1376 1376 1381 1381 1387 1392 1398 1398 1392
    1392 1387 1387 1387 1398 1404 1410 1410 1404 1404 1410 1410 1410
    1410 1410 1415 1427 1427 1427 1427 1427 1427 1433 1433 1433 1433
    1433 1433 1439 1445 1452 1452 1458 1458 1458 1458 1458 1464 1458
    1458 1458 1458 1458 1458 1458 1458 1452 1452 1452 1458 1445 1439
    1439 1433 1433 1433 0 0 0 0 0 0 1387 1381 1376 1376 1376 1370 1370
    1370 1365 1365 1370 1365 1365 1365 1365 1365 1365 1365 1359 1359
    1354 1354 1359 1365 1370 1376 1376 1381 1387 1392 1387 1381 1381
    1381 1381 1387 1387 1392 1392 1392 1392 1398 1392 1392 1392 1392
    1398 1410 1410 1410 1415 1421 1421 1421 1421 1421 1421 1421 1421
    1421 1421 1427 1433 1439 1439 1439 1452 1452 1458 1452 1452 1452
    1452 1452 1452 1452 1452 1452 1452 1452 1452 1445 1439 1439 1427
    1421 1415 1415 0 0 0 0 0 1381 1376 1370 1365 1359 1359 1359 1359
    1359 1359 1359 1359 1359 1354 1354 1354 1354 1349 1349 1349 1354
    1354 1354 1359 1359 1365 1359 1359 1365 1365 1370 1370 1370 1370
    1370 1376 1376 1376 1376 1376 1381 1387 1387 1381 1381 1387 1387
    1392 1392 1392 1392 1398 1398 1398 1410 1410 1410 1410 1410 1410
    1410 1410 1415 1421 1421 1421 1421 1433 1439 1445 1433 1433 1439
    1445 1445 1445 1445 1445 1445 1445 1452 1445 1439 1433 1427 1421
    1415 1415 1415 0 0 0 0 1376 1370 1365 1359 1359 1354 1354 1354 1349
    1349 1349 1349 1343 1343 1343 1343 1338 1338 1338 1338 1343 1343
    1343 1338 1338 1338 1349 1349 1354 1354 1359 1365 1365 1359 1359
    1365 1370 1370 1370 1370 1370 1370 1370 1376 1376 1376 1370 1370
    1376 1381 1387 1387 1392 1387 1387 1387 1392 1410 1410 1404 1404
    1410 1410 1410 1410 1410 1410 1410 1415 1415 1415 1421 1421 1421
    1427 1421 1421 1421 1427 1433 1445 1445 1439 1433 1427 1415 1410
    1410 1410 1415 0 0 0 1359 1359 1359 1354 1354 1354 1354 1349 1343
    1343 1338 1338 1338 1333 1333 1333 1333 1328 1328 1322 1322 1322
    1322 1322 1322 1322 1328 1338 1349 1349 1354 1354 1354 1354 1359
    1359 1359 1359 1359 1359 1359 1359 1365 1365 1365 1365 1365 1365
    1365 1365 1370 1370 1381 1376 1376 1370 1370 1387 1387 1398 1398
    1398 1398 1404 1404 1404 1398 1398 1398 1404 1404 1410 1410 1410
    1410 1410 1410 1415 1415 1427 1427 1433 1433 1427 1421 1415 1410
    1410 1410 1404 1404 1404 0 1354 1359 1354 1354 1354 1349 1349 1343
