<?xml version="1.0"?>
<opencv_storage>
<Depth13933 type_id="opencv-matrix">
  <rows>14</rows>
  <cols>14</cols>
  <dt>w</dt>
  <data>
    2859 2859 2908 2933 2958 2984 3365 3365 3614 3539 3503 3503 3503
    3092 2415 3539 3539 3539 3539 3539 3365 3365 3539 3539 3503 3503
    3503 3503 3503 3503 3503 3503 3503 3503 3503 3503 3503 3503 3503
    3503 3503 3468 3503 3503 3468 3468 3433 3433 3433 3433 3433 3433
    3433 3433 3468 3468 3468 3468 3433 3433 3433 3433 3433 3433 3399
    3399 3399 3433 3468 3468 3399 3365 3365 3399 3399 3399 3399 3399
    3333 3333 3333 3399 3399 3399 3365 3300 3300 3333 3365 3365 3399
    3365 3333 3333 3333 3365 3365 3365 3365 3300 3300 3300 3333 3333
    3333 3333 3333 3333 3333 3300 3269 3208 3333 3300 3300 3269 3269
    3300 3300 3300 3300 3300 3300 3269 3238 3208 3300 3300 3300 3269
    3269 3269 3269 3269 3269 3269 3300 3269 3238 3208 3269 3269 3269
    3269 3238 3238 3238 3238 3238 3269 3269 3269 3208 2381 3238 3238
    3269 3238 3208 3178 3178 3178 3178 3238 3269 3269 2365 2365 3208
    3208 3208 3208 3178 3178 3178 2317 2317 3238 2349 2349 2349 2349
    3178 3178 3178 3178 3178 3178 2333 2317 2317 2317 2317 2317 2317
    2317</data></Depth13933>
</opencv_storage>
