<?xml version="1.0"?>
<opencv_storage>
<Depth11314 type_id="opencv-matrix">
  <rows>7</rows>
  <cols>6</cols>
  <dt>w</dt>
  <data>
    8413 8413 8413 8413 8413 8413 8413 8413 8212 8212 8212 8413 8212
    8212 8212 8212 8212 8413 8212 8212 8212 8212 8212 8413 8212 8212
    8212 8212 8212 8413 8413 8413 8413 8413 8413 8413 0 0 8626 8626 8413
    8413</data></Depth11314>
</opencv_storage>
