<?xml version="1.0"?>
<opencv_storage>
<Depth10492 type_id="opencv-matrix">
  <rows>118</rows>
  <cols>76</cols>
  <dt>w</dt>
  <data>
    3503 3503 3503 3503 3468 3468 3468 3468 3468 3468 3468 3468 3433
    3433 3433 1041 1038 1031 1031 3468 3468 3468 3399 3399 3433 3399
    3399 3399 3399 3399 3399 3399 3399 3399 3399 3399 3399 3399 3399
    3433 3433 3433 3433 3433 3433 3433 3433 3433 3433 3433 3433 3433
    3433 3433 3433 3399 3399 3399 3399 3433 3433 3433 3399 3399 3399
    3399 3399 3399 3399 3399 3365 3365 3365 3399 3399 3399 3503 3503
    3503 3468 3468 3468 3468 3468 3503 3468 3468 3468 3433 3433 1041
    1038 1034 1031 1028 1028 1028 1025 3433 3433 3433 3399 3399 3399
    3399 3399 3399 3399 3399 3399 3399 3399 3399 3399 3433 3433 3433
    3433 3433 3433 3433 3433 3433 3433 3433 3433 3433 3433 3433 3433
    3433 3433 3433 3399 3399 3433 3433 3433 3433 3433 3399 3399 3399
    3399 3399 3399 3399 3399 3399 3399 3399 3399 3503 3503 3503 3468
    3468 3468 3468 3503 3503 3503 3503 1060 1054 1054 1041 1038 1031
    1028 1028 1025 1025 1025 1016 3399 3399 3399 3399 3399 0 0 0 0 0 0
    3399 3399 3399 3399 3433 3433 3468 3433 3433 3433 3433 3433 3433
    3433 3433 3433 3433 3468 3468 3433 3433 3433 3433 3433 3433 3433
    3433 3433 3433 3433 3399 3399 3399 3399 3399 3399 3399 3399 3399
    3399 3399 3399 3468 3468 3503 3468 3468 3468 3468 3539 3539 3503
    3503 1050 1047 1041 1038 1031 1028 1025 1025 1022 1016 1016 1016 0
    1007 1007 0 995 0 0 0 0 0 0 0 0 3503 3468 3433 3433 3433 3433 3433
    3433 3433 3433 3433 3433 3433 3433 3433 3433 3433 3433 3433 3433
    3433 3433 3433 3433 3433 3433 3399 3399 3399 3399 3399 3399 3399
    3399 3399 3399 3399 3399 3399 3399 3468 3468 3468 3468 3468 3468
    1041 0 1041 1041 1038 1038 1038 1034 1031 1028 1025 1022 1022 1019
    1016 1016 1016 1007 1007 0 0 0 0 0 0 0 0 0 0 0 3503 3503 3503 3433
    3433 3433 3433 3433 3433 3433 3433 3433 3433 3433 3433 3433 3433
    3433 3433 3433 3433 3433 3433 3433 3433 3433 3399 3399 3399 3399
    3399 3399 3399 3433 3433 3399 3399 3399 3399 3399 3503 3503 3468
    3468 3468 0 0 0 1041 1041 1038 1038 1034 1028 1028 1025 1022 1019
    1019 1016 1013 1010 1007 1007 0 0 0 0 0 0 0 0 0 0 0 0 973 0 0 3468
    3468 3468 3433 3433 3468 3433 3433 3433 3433 3433 3433 3399 3399
    3433 3433 3433 3433 3433 3433 3433 3433 3433 3433 3433 3433 3433
    3433 3433 3433 3433 3433 3399 3399 3399 3399 3399 3503 3468 3468 0
    3468 0 0 0 1041 1041 1041 1038 1028 1025 1025 1022 1019 1016 1016
    1013 1007 1007 1004 1004 1001 998 995 995 995 995 0 0 0 0 0 0 0 0 0
    0 975 0 962 0 0 0 3468 3433 3399 3399 3365 3365 3399 3399 3433 3433
    3433 3433 3433 3433 3433 3433 3433 3433 3433 3433 3433 3433 3433
    3433 3433 3399 3399 3399 3399 3399 3503 3468 3468 0 0 0 0 0 1041
    1041 1041 1038 1028 1025 1025 1022 1019 1016 1013 1013 1007 1004
    1004 1001 1001 998 992 992 992 992 992 987 987 0 0 0 0 0 0 0 0 0 0 0
    0 3399 0 3399 3399 3399 3365 3269 3269 3365 3365 3433 3433 3433 3433
    3433 3433 3433 3433 3433 3433 3433 3433 3433 3433 3433 3433 3433
    3399 3399 3399 3399 3503 3503 3503 0 0 0 0 0 1041 1041 1041 1038
    1034 1028 1025 1025 1019 1016 1013 1013 1007 1004 1001 1001 1001 992
    992 989 989 989 987 981 981 981 975 975 973 973 975 975 962 0 962 0
    0 0 0 948 3269 3269 3269 3269 3269 3365 3365 3433 3468 3468 3468
    3433 3433 3433 3468 3468 3468 3468 3468 3433 3433 3433 3433 970 970
    3433 3433 3433 3503 3503 3539 0 0 0 0 0 1041 1041 1041 1038 1034
    1028 1025 1022 1019 1016 1013 1013 1010 1004 1001 1001 998 992 989
    989 984 981 981 978 978 978 975 973 973 973 967 967 962 962 962 0
    954 954 0 0 0 0 938 938 938 938 938 940 940 940 3433 3433 3433 3433
    3468 3468 3468 3468 3468 3468 3433 970 970 970 970 970 3433 3433
    3503 3503 3539 0 0 0 0 0 1044 1041 1041 1038 1034 1028 1025 1022
    1019 1016 1013 1013 1010 1004 1001 998 992 992 989 987 984 981 978
    978 978 975 973 973 970 962 962 962 962 959 954 954 954 0 0 948 940
    940 938 938 938 938 938 940 940 0 0 930 4041 4041 4041 3539 3539
    3503 3503 3468 3433 970 970 970 970 970 970 970 3503 3503 3539 0 0 0
    0 0 1044 1044 1041 1038 1038 1028 1025 1025 1019 1016 1013 1013 1010
    1004 1001 998 992 992 989 987 984 981 978 978 978 975 973 970 967
    962 959 959 956 954 951 951 951 951 948 948 940 940 940 938 938 938
    938 940 940 933 930 930 928 4041 4041 3994 3994 3994 3994 970 970
    970 967 967 970 970 970 973 3503 3503 0 0 0 0 0 0 1044 1044 1041
    1038 1034 1028 1025 1025 1022 1016 1016 1013 1010 1007 1001 998 992
    992 989 987 981 981 978 975 975 975 973 970 962 962 959 956 954 954
    951 951 951 948 943 943 940 938 938 935 935 935 935 938 935 933 930
    930 928 928 928 4041 3994 3994 3994 964 964 964 967 967 970 970 973
    973 3503 3503 0 0 0 0 0 1050 1047 1047 1041 1038 1034 1028 1025 1025
    1022 1016 1016 1013 1010 1007 1004 1001 998 992 989 987 981 981 978
    975 975 975 973 970 962 959 959 956 954 954 951 951 948 948 943 940
    938 938 933 930 930 930 930 930 925 925 928 928 928 925 925 925 915
    946 946 946 954 959 959 967 970 973 973 973 3503 3503 0 0 0 0 0 1050
    1047 1047 1041 1038 1034 1028 1025 1025 1022 1019 1016 1013 1010
    1007 1004 1004 1001 992 992 989 984 981 978 975 975 975 973 970 962
    959 959 956 954 954 951 951 948 948 943 940 938 938 930 930 928 925
    923 923 920 920 923 920 918 915 915 915 915 946 946 946 951 954 959
    959 973 973 973 973 3503 3503 0 0 0 0 0 1054 1047 1047 1041 1038
    1034 1028 1028 1025 1022 1019 1016 1013 1010 1007 1004 1004 1001 992
    992 989 987 984 981 978 978 975 973 970 970 962 959 956 954 954 951
    951 948 948 943 940 938 933 930 930 928 925 923 920 920 918 915 915
    913 910 908 901 901 901 951 951 951 943 940 940 946 962 970 973 3539
    3539 0 0 0 0 0 1054 1050 1047 1044 1038 1034 1028 1028 1025 1025
    1019 1016 1013 1010 1007 1004 1004 995 992 992 989 987 984 981 978
    978 975 973 970 970 962 962 959 956 956 954 951 948 946 943 940 938
    933 930 930 928 925 923 920 918 918 915 910 910 910 908 901 901 906
    915 915 928 933 940 940 946 962 967 973 3539 3539 0 0 0 0 0 1054
    1050 1047 1044 1038 1034 1031 1028 1025 1025 1022 1016 1013 1013
    1010 1007 1004 995 992 992 989 987 984 981 981 981 975 973 973 970
    962 962 959 959 956 954 951 948 946 943 940 938 933 930 930 928 925
    923 920 918 915 913 910 910 908 908 906 906 906 913 915 925 930 943
    943 954 962 964 973 3539 0 0 0 0 0 0 1054 1050 1050 1044 1038 1034
    1028 1028 1025 1025 1022 1016 1016 1013 1010 1007 1004 995 992 992
    989 987 984 981 981 981 975 973 973 970 962 962 959 959 956 954 951
    948 946 943 940 938 933 930 930 928 928 925 920 918 915 913 910 910
    908 908 906 906 906 910 915 925 930 946 948 956 964 964 973 3539 0 0
    0 0 0 0 0 1050 1050 1047 1038 1038 1028 1028 1025 1025 1022 1016
    1016 1013 1013 1007 1004 998 998 992 989 989 989 981 981 981 978 975
    973 970 962 962 959 959 956 954 951 948 946 943 940 938 933 930 930
    928 925 925 920 918 915 913 910 910 908 908 906 906 908 910 915 925
    938 943 948 956 964 964 975 3539 0 0 0 0 0 0 1057 1054 1050 1047
    1041 1038 1028 1028 1025 1025 1022 1016 1016 1013 1010 1007 1004
    1001 998 992 989 989 987 981 981 981 978 975 973 970 964 962 962 959
    956 954 951 948 946 943 940 938 938 930 930 928 925 923 920 918 915
    913 910 910 908 908 908 908 910 910 915 925 938 943 948 956 964 970
    975 3539 0 0 0 0 0 1067 1057 1054 1050 1047 1041 1038 1031 1028 1028
    1025 1022 1016 1016 1013 1010 1007 1004 1001 998 992 989 989 987 984
    981 981 978 975 973 970 967 964 962 959 956 956 951 948 946 943 940
    938 935 933 930 928 925 923 920 918 915 913 910 910 910 908 908 908
    910 915 925 933 938 943 948 959 964 970 981 3539 0 0 0 0 0 1063 1057
    1054 1050 1047 1041 1038 1031 1028 1028 1025 1022 1016 1016 1013
    1010 1007 1004 998 995 992 989 989 987 984 981 981 981 978 975 970
    967 964 962 962 959 956 954 948 946 943 940 940 935 933 930 928 925
