<?xml version="1.0"?>
<opencv_storage>
<Depth1432 type_id="opencv-matrix">
  <rows>94</rows>
  <cols>49</cols>
  <dt>w</dt>
  <data>
    3178 3149 3149 3149 3149 3149 1077 1077 1077 1080 3120 1077 1073
    1070 1070 1057 1054 1054 1054 1057 1057 1057 1054 1050 1044 1044
    1044 2984 2984 2984 2984 2984 2984 2984 2958 2958 2958 2933 2908
    2883 2883 2883 2883 2883 2883 2883 2883 2883 2859 3178 3149 3149
    3149 3149 3149 1077 1077 1077 1073 1070 1070 1070 1067 1063 1057
    1054 1054 1054 1054 1050 1050 1050 1044 1041 1041 1047 1047 3010
    3010 3010 3010 3010 2958 2933 2933 2933 2933 2908 2883 2883 2883
    2883 2883 2883 2883 2883 2883 2859 3178 3178 1084 1080 1080 1080
    1080 1077 1077 1073 1070 1070 1067 1063 1060 1057 1057 1054 1054
    1054 1050 1047 1047 1044 1041 1041 1047 1060 1070 1070 1077 3010
    3010 2958 2908 2908 2933 2933 2908 2908 2908 2883 2883 2883 2883
    2883 2883 2883 2859 3238 1084 1084 1080 1080 1080 1077 1077 1073
    1073 1067 1067 1063 1063 1060 1057 1057 1054 1054 1050 1050 1047
    1047 1047 1047 1047 1054 1060 1070 1070 1077 1097 1105 1105 2908
    2908 2908 2908 2908 2908 2908 2883 2883 2883 2883 2883 2883 2883
    2859 1084 1084 1084 1084 1080 1077 1077 1073 1073 1073 1067 1067
    1063 1063 1060 1060 1057 1054 1054 1050 1050 1047 1047 1044 1044
    1047 1054 1063 1070 1070 1077 1097 1105 1119 1119 1119 2908 2908
    2883 2883 2883 2883 2883 2883 2883 2883 2883 2859 2859 0 1087 1087
    1080 1080 1077 1077 1073 1073 1073 1067 1067 1063 1063 1060 1057
    1054 1054 1054 1050 1050 1047 1047 1044 1044 1044 1054 1063 1067
    1073 1080 1101 1105 1112 1119 1123 1123 2883 2883 2883 2883 2883
    2883 2883 2883 2883 2859 2859 2859 1084 1084 1084 1080 1077 1073
    1073 1073 1073 1070 1070 1067 1063 1063 1060 1057 1054 1054 1054
    1050 1050 1047 1047 1044 1044 1044 1047 1067 1067 1073 1080 1094
    1108 1108 1119 1123 1157 1157 1161 1177 2883 2883 2883 2883 2883
    2883 2859 2859 2859 1090 1084 1080 1080 1077 1073 1073 1073 1073
    1070 1067 1067 1067 1063 1060 1057 1054 1054 1054 1050 1050 1047
    1047 1044 1041 1041 1044 1073 1073 1073 1080 1094 1101 1108 1123
    1134 1157 1157 1161 1177 1185 1185 1197 2859 2859 2859 2859 2859
    2859 1090 1080 1080 1077 1077 1077 1077 1073 1073 1070 1067 1067
    1063 1063 1060 1057 1054 1054 1054 1050 1050 1047 1047 1044 1041
    1041 1044 1060 1073 1077 1084 1094 1101 1126 1126 1138 1149 1149
    1161 1177 1185 1197 1197 1197 2859 2859 2835 2835 2859 0 1080 1080
    1077 1077 1077 1077 1073 1070 1067 1067 1067 1063 1063 1060 1057
    1054 1054 1054 1050 1050 1047 1047 1044 1044 1044 1047 1054 1073
    1073 1084 1094 1101 1123 1134 1138 1141 1149 1157 1181 1189 1197
    1197 1197 1227 2835 2835 2835 2859 0 1080 1080 1080 1077 1077 1077
    1073 1070 1067 1067 1067 1063 1063 1060 1057 1057 1054 1054 1050
    1050 1047 1047 1044 1044 1044 1047 1054 1073 1073 1087 1097 1101
    1105 1130 1138 1141 1153 1153 1181 1189 1202 1202 1227 1227 1227
    2859 2859 2859 0 1077 1077 1080 1080 1077 1077 1073 1070 1067 1067
    1067 1063 1063 1060 1057 1057 1054 1054 1050 1050 1050 1047 1044
    1044 1044 1050 1057 1067 1080 1090 1097 1101 1105 1130 1138 1138
    1149 1153 1181 1189 1197 1197 1227 1227 0 2859 2859 2859 0 1077 1077
    1080 1080 1080 1077 1073 1070 1067 1067 1067 1063 1063 1060 1057
    1057 1054 1054 1050 1050 1050 1047 1044 1044 1044 1050 1057 1067
    1077 1084 1097 1101 1108 1130 1138 1138 1145 1161 1181 1189 1197
    1197 1214 1214 1219 0 2859 2859 0 1077 1077 1080 1080 1080 1077 1073
    1070 1067 1067 1063 1063 1063 1060 1060 1057 1054 1054 1054 1050
    1047 1044 1044 1044 1044 1044 1060 1067 1077 1077 1097 1101 1108
    1130 1138 1138 1145 1161 1181 1189 1202 1202 1214 1219 1219 1223
    2835 2835 0 1077 1077 1080 1080 1080 1077 1073 1070 1067 1067 1063
    1063 1063 1060 1060 1057 1054 1054 1050 1050 1047 1044 1044 1044
    1044 1044 1057 1067 1073 1077 1097 1101 1108 1126 1134 1138 1145
    1165 1181 1189 1197 1202 1219 1219 1223 0 2835 2835 0 1080 1080 1084
    1080 1077 1077 1073 1073 1070 1067 1063 1063 1063 1063 1060 1057
    1054 1054 1050 1050 1047 1044 1044 1044 1044 1044 1057 1067 1073
    1077 1087 1101 1112 1126 1134 1138 1145 1165 1181 1189 1193 1210
    1219 1223 1223 0 1223 2835 0 1087 1084 1080 1080 1077 1077 1073 1073
    1067 1067 1063 1063 1063 1063 1060 1057 1054 1054 1050 1050 1050
    1044 1041 1041 1041 1044 1057 1067 1077 1077 1087 1101 1112 1123
    1130 1138 1145 1153 1185 1193 1193 1202 1223 1227 1227 1227 0 0 0
    1084 1080 1080 1080 1077 1077 1073 1073 1067 1067 1063 1063 1063
    1060 1057 1054 1054 1054 1050 1050 1050 1044 1041 1041 1041 1044
    1057 1070 1073 1080 1087 1101 1108 1119 1130 1138 1145 1153 1181
    1193 1193 1202 1219 1227 1227 1227 0 2859 0 1084 1080 1080 1080 1077
    1077 1073 1073 1067 1067 1063 1063 1063 1060 1057 1054 1054 1054
    1050 1050 1047 1044 1041 1041 1041 1041 1060 1070 1073 1080 1087
    1094 1108 1119 1130 1138 1145 1157 1169 1189 1193 1202 1219 1227
    1232 1232 0 2859 0 1084 1080 1080 1080 1077 1077 1073 1073 1067 1067
    1063 1063 1063 1060 1057 1054 1054 1054 1050 1050 1047 1041 1041
    1041 1041 1041 1060 1067 1073 1080 1087 1094 1105 1119 1134 1138
    1149 1157 1165 1189 1197 1206 1214 1223 1227 0 0 0 0 1084 1080 1080
    1080 1077 1077 1073 1067 1067 1067 1063 1063 1063 1060 1057 1054
    1054 1054 1050 1050 1047 1041 1041 1041 1041 1041 1057 1067 1073
    1077 1087 1094 1105 1119 1130 1141 1149 1157 1165 1185 1193 1202
    1214 1223 1227 1227 0 2859 0 1087 1080 1080 1080 1077 1077 1073 1067
    1067 1067 1063 1063 1063 1060 1057 1054 1054 1054 1050 1050 1047
    1044 1041 1041 1041 1041 1050 1063 1073 1077 1087 1094 1105 1115
    1126 1138 1149 1153 1169 1185 1193 1197 1206 1219 1227 1227 0 2859 0
    1087 1084 1080 1080 1077 1077 1073 1070 1067 1067 1063 1063 1060
    1060 1057 1054 1054 1054 1050 1050 1047 1044 1041 1041 1041 1041
    1050 1063 1073 1080 1087 1094 1105 1115 1126 1138 1145 1153 1173
    1185 1189 1197 1206 1219 1223 1223 0 2859 0 1087 1084 1080 1080 1077
    1077 1073 1070 1067 1067 1063 1063 1060 1060 1057 1054 1054 1050
    1050 1050 1047 1044 1041 1041 1044 1044 1054 1060 1070 1080 1087
    1094 1105 1119 1130 1134 1145 1153 1173 1185 1189 1202 1210 1223
    1223 1223 1236 0 0 1087 1084 1080 1080 1077 1077 1073 1070 1067 1067
    1063 1063 1060 1057 1057 1054 1054 1050 1050 1047 1047 1044 1044
    1044 1044 1044 1054 1060 1067 1080 1087 1094 1101 1112 1130 1134
    1141 1153 1173 1185 1193 1202 1214 1223 1232 1236 1236 0 0 0 1084
    1080 1080 1077 1077 1073 1070 1067 1067 1063 1063 1060 1057 1054
    1054 1054 1050 1050 1047 1047 1044 1044 1044 1044 1047 1050 1060
    1067 1084 1087 1094 1097 1108 1130 1138 1141 1153 1173 1185 1189
    1197 1210 1223 1232 1236 1236 0 0 0 1087 1080 1080 1077 1077 1070
    1067 1067 1067 1063 1063 1060 1057 1054 1054 1054 1050 1050 1047
    1044 1044 1041 1041 1041 1044 1050 1060 1067 1080 1087 1094 1097
    1105 1130 1138 1141 1153 1173 1185 1189 1197 1206 1223 1227 1241
    1241 0 0 0 1084 1080 1080 1077 1077 1070 1067 1067 1067 1063 1063
    1060 1057 1054 1054 1054 1054 1050 1047 1044 1044 1041 1041 1041
    1044 1047 1063 1067 1080 1087 1090 1097 1105 1119 1138 1145 1149
    1173 1185 1189 1197 1206 1223 1227 1227 1227 0 0 1080 1080 1080 1077
    1077 1077 1073 1070 1067 1067 1063 1063 1060 1057 1054 1054 1054
    1054 1050 1047 1044 1044 1041 1041 1041 1041 1047 1063 1070 1073
    1084 1090 1094 1105 1119 1134 1145 1149 1173 1181 1185 1197 1210
    1223 1223 1223 0 2812 0 1080 1080 1080 1077 1077 1077 1073 1070 1067
    1067 1063 1063 1060 1057 1054 1054 1054 1054 1050 1047 1044 1044
    1041 1041 1041 1041 1041 1063 1070 1070 1084 1090 1094 1105 1119
    1134 1141 1149 1173 1177 1185 1197 1210 1223 1223 1223 0 2835 0 1080
    1080 1080 1077 1077 1077 1073 1070 1067 1067 1063 1063 1060 1057
    1054 1054 1054 1054 1050 1047 1044 1041 1041 1041 1041 1041 1041
    1063 1070 1070 1084 1090 1090 1101 1123 1134 1138 1149 1173 1177
