<?xml version="1.0"?>
<opencv_storage>
<Depth2866 type_id="opencv-matrix">
  <rows>40</rows>
  <cols>47</cols>
  <dt>w</dt>
  <data>
    0 0 0 0 0 0 1981 1981 1970 1970 1959 1959 1959 2129 2116 2116 2116
    2129 2129 4708 4708 4708 4708 4708 4645 4645 4645 4645 4645 4645
    4645 4582 4582 4582 4522 4463 4463 4463 4463 4463 4463 4463 4463
    4463 4405 4405 4405 0 0 0 0 1981 1981 1981 1981 1970 1970 1959 1959
    1959 1959 1970 1981 2040 2078 2116 4708 4708 4708 4708 4708 4645
    4645 4645 4645 4645 4645 4645 4582 4582 4645 4522 4522 4522 4522
    4463 4463 4463 4463 4463 4463 4405 4405 4405 0 0 0 1959 1959 1970
    1981 1981 1981 1970 1959 1959 1959 1959 1970 1981 1981 2028 2078
    2078 2116 2129 4708 4645 4645 4645 4645 4645 4645 4645 4645 4582
    4582 4645 4522 4522 4522 4522 4463 4463 4463 4463 4463 4463 4405
    4405 4405 0 0 1926 1926 1926 1970 1970 1981 1981 1970 1959 1959 1959
    1970 1970 1970 1981 1993 2028 2065 2103 2116 4708 4645 4645 4645
    4645 4645 4645 4645 4645 4645 4645 4645 4522 4522 4522 4522 4463
    4463 4463 4463 4463 4463 4405 4405 4405 2028 2028 1926 1926 1926
    1970 1970 1981 1981 1970 1959 1959 1959 1959 1959 1959 1970 1970
    1981 2005 2078 2090 2103 2116 4708 4708 4708 4645 4645 4645 4645
    4645 4645 4645 4522 4522 4522 4522 4463 4463 4463 4463 4463 4463
    4463 4463 4405 2028 2028 1981 1970 1970 1970 1970 1970 1981 1970
    1959 1959 1959 1959 1959 1959 1959 1959 1959 1981 1993 2053 2078
    2090 2103 4708 4708 4645 4645 4645 4645 4645 4645 4582 4522 4522
    4522 4522 4463 4463 4522 4463 4463 4463 4463 4463 4405 5132 2016
    1981 1981 1970 1970 1970 1970 1981 1970 1959 1959 1959 1959 1959
    1959 1947 1947 1947 1970 1970 1981 2040 2065 2103 2103 4708 4645
    4645 4645 4645 4645 4645 4582 4582 4522 4522 4522 4522 4522 4522
    4463 4463 4463 4463 4463 4463 5132 1981 1981 1981 1981 1981 1970
    1970 1981 1970 1970 1959 1959 1959 1959 1947 1947 1947 1947 1959
    1959 1970 1981 2005 2053 2078 2103 4708 4708 4708 4708 4645 4645
    4645 4582 4522 4522 4522 4522 4582 4522 4463 4463 4463 4463 4463
    4463 1981 1981 1981 1981 1981 1981 1981 1981 1981 1970 1970 1970
    1970 1970 1959 1947 1947 1947 1947 1959 1959 1959 1970 1981 2005
    2016 2040 2090 2090 4774 4708 4645 4645 4645 4582 4582 4522 4522
    4582 4582 4582 4522 4522 4463 4463 4463 4463 1981 1981 1981 1981
    1981 1981 1981 1981 1981 1981 1970 1970 1970 1970 1970 1959 1947
    1947 1947 1959 1959 1959 1959 1959 1970 1993 2016 2040 2065 2078
    2090 4708 4708 4645 4582 4582 4522 4522 4582 4582 4582 4522 4463
    4463 4463 4463 4463 1993 1981 1981 1981 1981 1981 1981 1981 1981
    1981 1981 1981 1970 1970 1970 1959 1959 1959 1959 1959 1959 1959
    1947 1947 1959 1981 2005 2016 2040 2065 2078 2078 4645 4645 4645
    4582 4582 4582 4645 4645 4582 4522 4463 4463 4463 4463 4463 1993
    1981 1981 1981 1981 1981 1981 1981 1981 1981 1970 1970 1970 1970
    1970 1959 1959 1959 1970 1970 1959 1959 1947 1947 1947 1959 1970
    2005 2016 2065 2078 2078 4645 4645 4645 4645 4645 4645 4645 4645
    4645 4582 4522 4522 4522 4522 4522 1993 1981 1981 1981 1981 1981
    1981 1981 1981 1981 1970 1970 1970 1970 1970 1970 1959 1959 1970
    1970 1970 1959 1947 1947 1947 1947 1947 1970 1993 1993 2028 2065
    2116 2116 2116 4645 4645 4645 4645 4645 4645 4582 4522 4522 4522
    4522 4522 5056 5056 1981 1981 1981 1981 1981 1981 1981 1981 1970
    1970 1970 1970 1970 1970 1959 1959 1970 1970 1970 1959 1947 1947
    1947 1947 1947 1947 1959 1981 2016 2016 2090 2103 2116 2116 4645
    4645 4645 4645 4645 4582 4582 4582 4582 4582 4522 5132 5132 5132
    5132 1981 1981 1981 1981 1981 1981 1981 1970 1970 1970 1970 1970
    1959 1959 1970 1970 1970 1959 1959 1947 1947 1936 1936 1947 1947
    1959 1970 2016 2053 2090 2103 2103 4645 4645 4645 4645 4645 4582
    4582 4582 4582 4582 4522 5210 5132 5132 5132 5132 1981 1981 1981
    1970 1970 1970 1970 1970 1970 1970 1970 1970 1970 1970 1970 1970
    1959 1959 1959 1936 1936 1936 1936 1947 1947 1959 1959 2005 2065
    2078 2078 2078 4645 4582 4582 4582 4645 4645 4582 4582 4582 4522
    5210 5132 5132 5056 5056 5210 1981 1970 1970 1970 1970 1981 1981
    1970 1970 1970 1970 1970 1970 1970 1970 1959 1959 1959 1936 1936
    1936 1936 1947 1947 1947 1947 1970 1993 2053 2053 2078 2078 2078
    4582 4582 4645 4645 4582 4582 4582 4522 5210 5132 5132 5056 5056
    5210 5210 1970 1970 1981 1981 1981 1981 1970 1970 1970 1970 1970
    1970 1970 1970 1959 1959 1959 1947 1936 1936 1936 1936 1936 1936
    1936 1947 1959 1981 2016 2065 2065 2065 2090 4645 4645 4645 4582
    4522 4522 4522 5210 5132 5132 5132 5132 5132 5132 5132 5132 1981
    1981 1981 1981 1981 1970 1970 1970 1970 1970 1959 1959 1959 1959
    1959 1947 1936 1936 1936 1936 1936 1936 1936 1936 1947 1959 1981
    2005 2028 2053 2078 2103 4645 4582 4522 4522 4522 4582 5210 5132
    5132 5132 5132 5132 5132 5132 5132 5132 5210 1981 1970 1970 1970
    1970 1970 1970 1959 1959 1959 1959 1959 1959 1947 1936 1936 1936
    1936 1936 1936 1936 1936 1936 1936 1947 1970 2005 2016 2065 2090
    2090 4582 4405 4405 4522 4582 5210 5210 5132 5132 5132 5132 5132
    5132 5132 5132 5056 1981 1970 1970 1981 1981 1970 1970 1959 1959
    1959 1959 1959 1959 1947 1936 1936 1936 1936 1936 1936 1936 1936
    1936 1936 1936 1936 1959 1993 2016 2065 2065 2065 4405 4405 4522
    4582 5210 5210 5210 5132 5132 5132 5132 5132 5132 5132 5056 4983
    4983 1981 1970 1970 1981 1981 1970 1970 1970 1959 1959 1959 1947
    1936 1936 1936 1936 1936 1936 1936 1936 1936 1936 1936 1936 1947
    1970 1981 1981 2016 2053 4405 4405 4522 4522 5210 5210 5210 5210
    5210 5132 5132 5132 5132 5132 5056 4983 4983 5056 1970 1970 1970
    1981 1981 1970 1970 1970 1970 1959 1959 1947 1947 1947 1947 1936
    1936 1936 1936 1936 1926 1926 1926 1926 1936 1936 1947 1981 2016
    2040 2078 2078 4522 5291 5210 5210 5210 5210 5210 5210 5210 5132
    5132 5132 5056 5056 5056 5056 1970 1970 1981 1981 1981 1970 1970
    1970 1959 1959 1959 1947 1947 1947 1936 1936 1936 1936 1936 1926
    1926 1926 1926 1936 1936 1936 1936 1947 1981 2005 2005 2005 5291
    5291 5291 5210 5210 5210 5210 5210 5210 5210 5132 5132 5056 5056
    4983 4983 1981 1981 1981 1981 1970 1970 1970 1970 1959 1959 1947
    1947 1947 1936 1936 1936 1936 1936 1936 1936 1936 1936 1936 1936
    1936 1936 1936 1959 1981 2005 2005 5291 5291 5291 5291 5210 5210
    5210 5210 5210 5210 5132 5132 5132 5056 4983 4983 5056 1981 1981
    1981 1970 1970 1970 1959 1959 1959 1947 1947 1947 1936 1936 1947
    1936 1936 1936 1936 1936 1936 1936 1936 1926 1926 1926 1936 1959
    1981 2005 5291 5291 5291 5291 5210 5210 5210 5210 5210 5210 5132
    5132 5132 5132 5132 5056 5056 5056 5056 1981 1970 1970 1970 1959
    1959 1959 1959 1947 1947 1936 1936 1947 1936 1936 1936 1936 1936
    1936 1936 1936 1926 1926 1926 1926 1936 1936 2016 5291 5291 5291
    5291 5291 5210 5210 5210 5210 5210 5210 5132 5132 5132 5132 5132
    5056 5056 5056 5056 1970 1970 1970 1959 1959 1959 1959 1959 1959
    1947 1947 1947 1936 1936 1936 1936 1936 1936 1936 1926 1926 1915
    1915 1926 1926 1936 1936 5291 5291 5291 5291 5291 5210 5210 5210
    5210 5210 5210 5132 5132 5132 5132 5132 5132 5056 5056 5056 4983
    1970 1959 1959 1959 1959 1959 1959 1959 1947 1947 1947 1947 1936
    1936 1936 1936 1936 1936 1926 1926 1915 1915 1926 1926 1926 1926
    5291 5291 5291 5291 5210 5210 5210 5210 5210 5210 5210 5132 5132
    5132 5132 5132 5056 5056 5056 5056 4983 4983 1959 1947 1947 1959
    1959 1959 1959 1947 1947 1947 1947 1947 1936 1936 1936 1936 1936
    1926 1926 1926 1926 1926 1926 1926 1926 5291 5291 5291 5291 5210
    5210 5210 5210 5210 5210 5210 5210 5210 5132 5132 5132 5056 5056
    5056 4983 4983 4983 4983 1947 1947 1970 1959 1959 1959 1947 1947
    1947 1947 1947 1936 1936 1936 1936 1936 1936 1926 1926 1926 1926
    1926 1926 1926 5291 5291 5291 5291 5210 5210 5210 5210 5210 5210
    5210 5210 5210 5210 5132 5132 5132 5056 5056 4983 4983 4983 4983
