<?xml version="1.0"?>
<opencv_storage>
<Depth3219 type_id="opencv-matrix">
  <rows>36</rows>
  <cols>43</cols>
  <dt>w</dt>
  <data>
    4774 2398 2398 4708 4708 4708 4774 4842 4842 2398 2398 2398 2415
    2432 2432 2432 2432 2432 2432 2432 2432 2432 2415 2415 2415 2415
    2415 2415 2415 2415 2415 2415 2415 2415 2415 2415 2415 2432 2432
    2432 2415 2415 4522 4774 2398 2398 2415 2415 2398 2398 2415 2398
    2398 2398 2398 2415 2432 2432 2432 2432 2432 2415 2415 2415 2415
    2415 2415 2415 2415 2415 2415 2415 2415 2415 2415 2415 2415 2415
    2415 2415 2415 2432 2432 2415 2415 2432 4774 2415 2415 2415 2415
    2398 2398 2415 2398 2398 2398 2398 2432 2432 2432 2432 2432 2432
    2415 2415 2415 2415 2415 2415 2415 2415 2432 2415 2415 2415 2415
    2415 2415 2415 2415 2415 2415 2415 2432 2415 2415 2415 2432 4708
    2415 2415 2415 2415 2415 2415 2415 2415 2415 2415 2415 2432 2432
    2432 2432 2432 2432 2415 2415 2415 2415 2415 2415 2432 2432 2432
    2415 2415 2415 2415 2415 2415 2415 2415 2415 2415 2415 2415 2415
    2415 2415 2415 4708 2432 2432 2415 2415 2415 2415 2415 2415 2415
    2415 2415 2432 2432 2432 2432 2432 2432 2432 2415 2415 2415 2415
    2415 2415 2415 2432 2415 2415 2415 2415 2415 2415 2415 2415 2415
    2415 2415 2415 2415 2415 2415 2415 4645 2432 2432 2415 2415 2415
    2415 2415 2415 2415 2415 2415 2432 2432 2432 2432 2432 2432 2432
    2415 2415 2415 2415 2415 2415 2415 2432 2415 2415 2415 2415 2415
    2415 2415 2415 2415 2415 2415 2415 2432 2432 2415 2398 4645 2432
    2432 2415 2415 2415 2415 2415 2415 2415 2415 2415 2432 2432 2432
    2432 2432 2432 2432 2432 2432 2415 2415 2415 2432 2432 2432 2432
    2432 2415 2415 2415 2415 2415 2415 2415 2415 2415 2432 2432 2432
    2415 2398 4645 2432 2432 2415 2415 2415 2415 2415 2415 2415 2415
    2415 2432 2432 2432 2432 2432 2432 2432 2432 2432 2432 2432 2432
    2432 2432 2432 2432 2432 2432 2432 2415 2415 2415 2415 2432 2432
    2432 2432 2432 2432 2432 2415 2432 2432 2432 2432 2432 2415 2415
    2415 2415 2415 2415 2415 2432 2432 2432 2432 2432 2432 2432 2432
    2432 2432 2432 2432 2432 2432 2432 2432 2432 2432 2432 2432 2432
    2432 2432 2432 2432 2432 2415 2415 2415 2432 2432 2432 2432 2432
    2432 2432 2432 2432 2432 2415 2415 2415 2415 2432 2432 2432 2432
    2432 2432 2432 2432 2432 2432 2432 2432 2432 2432 2432 2432 2432
    2432 2432 2432 2432 2432 2432 2432 2432 2432 2415 2415 2415 2432
    2432 2432 2432 2432 2450 2432 2432 2432 2432 2432 2432 2432 2432
    2432 2432 2432 2432 2432 2432 2432 2432 2432 2432 2432 2432 2432
    2432 2432 2432 2432 2432 2432 2432 2432 2432 2432 2432 2432 2432
    2432 2432 2432 2432 2432 2432 2432 2432 2432 2432 2432 2432 2432
    2432 2432 2432 2432 2450 2432 2432 2432 2432 2432 2432 2432 2432
    2432 2432 2432 2432 2432 2432 2432 2432 2432 2432 2432 2432 2432
    2432 2432 2432 2432 2432 2432 2432 2432 2432 2450 2432 2432 2432
    2432 2432 2432 2432 2450 2450 2432 2432 2450 2432 2432 2432 2432
    2432 2432 2432 2432 2432 2432 2432 2432 2450 2450 2450 2450 2432
    2432 2432 2432 2432 2432 2432 2432 2432 2432 2432 2432 2432 2432
    2450 2450 2450 2432 2432 2432 2432 2432 2450 2450 2450 2450 2450
    2432 2432 2432 2432 2432 2432 2432 2432 2450 2432 2432 2450 2450
    2450 2450 2450 2450 2450 2432 2432 2432 2432 2432 2432 2432 2432
    2432 2432 2432 4645 2467 2450 2450 2450 2450 2432 2432 2432 2432
    2450 2450 2450 2450 2450 2450 2450 2432 2432 2432 2432 2432 2450
    2450 2450 2450 2450 2467 2467 2450 2450 2450 2432 2432 2432 2432
    2432 2432 2432 2432 2432 2432 2432 4645 2467 2467 2467 2450 2450
    2432 2432 2432 2432 2450 2450 2450 2467 2467 2467 2450 2432 2432
    2432 2432 2432 2450 2450 2450 2450 2467 2467 2467 2450 2450 2450
    2450 2432 2432 2432 2432 2432 2432 2432 2432 2432 2432 4645 2467
    2467 2467 2467 2450 2450 2432 2432 2432 2432 2450 2450 2467 2467
    2485 2467 2450 2450 2450 2450 2450 2450 2450 2450 2467 2467 2467
    2467 2450 2450 2450 2450 2432 2432 2432 2432 2432 2432 2432 2432
    2432 2432 4645 2467 2467 2467 2467 2450 2450 2450 2432 2432 2432
    2450 2450 2467 2467 2485 2467 2467 2450 2450 2450 2450 2450 2450
    2467 2467 2467 2467 2467 2450 2450 2450 2450 2432 2432 2432 2432
    2432 2432 2432 2432 2432 2432 4645 2467 2467 2467 2467 2450 2450
    2450 2450 2432 2432 2450 2450 2467 2485 2485 2485 2467 2467 2450
    2450 2450 2450 2450 2467 2467 2467 2467 2450 2450 2450 2450 2450
    2450 2450 2450 2450 2450 2432 2432 2450 2432 2432 4645 2467 2467
    2467 2467 2450 2450 2450 2432 2432 2432 2432 2450 2467 2485 2485
    2485 2467 2467 2450 2450 2450 2450 2467 2467 2467 2467 2467 2450
    2450 2450 2450 2450 2450 2450 2450 2450 2450 2450 2450 2450 2432
    2432 4582 2467 2467 2467 2467 2450 2450 2450 2432 2432 2432 2432
    2450 2485 2485 2485 2485 2467 2467 2450 2450 2450 2467 2467 2485
    2485 2467 2467 2467 2467 2450 2450 2450 2450 2450 2450 2450 2450
    2467 2467 2467 2432 2432 4582 2467 2467 2467 2467 2467 2467 2450
    2432 2432 2432 2432 2450 2485 2485 2485 2467 2467 2467 2467 2467
    2467 2467 2467 2485 2485 2485 2485 2467 2467 2467 2467 2450 2450
    2450 2450 2467 2467 2467 2467 2467 2432 2432 4582 2485 2467 2467
    2467 2467 2467 2467 2450 2450 2450 2450 2450 2485 2485 2485 2467
    2467 2485 2485 2467 2467 2467 2467 2485 2485 2485 2485 2467 2467
    2467 2467 2450 2450 2450 2467 2485 2485 2485 2467 2467 2450 2450
    4582 2485 2485 2485 2467 2467 2467 2467 2467 2467 2467 2467 2467
    2485 2485 2485 2485 2485 2485 2485 2485 2485 2485 2485 2485 2485
    2485 2485 2485 2467 2467 2467 2467 2467 2467 2485 2485 2485 2485
    2485 2485 2467 2467 4522 2485 2485 2485 2485 2485 2467 2467 2467
    2467 2467 2467 2467 2485 2485 2485 2485 2485 2485 2485 2485 2485
    2485 2485 2485 2485 2485 2485 2485 2467 2467 2467 2467 2467 2467
    2485 2485 2485 2485 2485 2485 2485 2485 4463 2503 2503 2485 2485
    2485 2467 2467 2467 2467 2467 2467 2467 2485 2485 2485 2485 2485
    2485 2485 2485 2485 2485 2485 2485 2485 2485 2485 2467 2467 2467
    2467 2467 2467 2485 2485 2485 2485 2485 2485 2485 2485 2485 4463
    2503 2503 2503 2485 2485 2485 2485 2467 2467 2485 2467 2467 2485
    2485 2485 2485 2485 2485 2485 2485 2485 2485 2485 2485 2485 2485
    2485 2467 2467 2467 2467 2467 2485 2485 2485 2485 2485 2485 2485
    2485 2503 2503 4463 4582 2485 2485 2485 2485 2485 2485 2467 2467
    2485 2485 2485 2503 2485 2485 2485 2485 2485 2485 2485 2485 2485
    2485 2485 2485 2485 2485 2467 2467 2467 2467 2485 2485 2485 2485
    2485 2485 2485 2485 2485 2485 2503 4463 4582 2485 2485 2485 2485
    2485 2485 2467 2467 2485 2485 2485 2503 2485 2485 2485 2503 2485
    2485 2485 2485 2485 2485 2485 2485 2485 2485 2485 2485 2485 2485
    2485 2485 2485 2485 2485 2485 2485 2485 2485 2485 2503 2522 4582
    2485 2485 2485 2485 2485 2485 2485 2485 2467 2467 2485 2485 2485
    2485 2485 2485 2485 2485 2485 2485 2485 2485 2485 2485 2485 2485
    2485 2485 2485 2485 2485 2485 2485 2485 2485 2485 2485 2485 2485
    2485 2485 2485 4522 2485 2485 2485 2485 2485 2485 2485 2485 2467
    2467 2503 2485 2485 2485 2485 2485 2485 2485 2485 2485 2485 2485
    2485 2485 2485 2485 2485 2485 2485 2485 2485 2485 2485 2485 2485
    2485 2485 2485 2485 2485 2485 2485 4522 4522 2485 2485 2485 2485
    2485 2485 2485 2467 2467 2485 2503 2503 2485 2485 2503 2485 2485
    2485 2485 2485 2485 2485 2485 2485 2503 2485 2485 2485 2485 2485
    2485 2485 2485 2485 2485 2485 2485 2485 2485 2467 2467 4522 4522
    2485 2485 2485 2485 2485 2485 2485 2485 2485 2485 2503 2503 2485
    2485 2503 2503 2485 2485 2485 2485 2503 2503 2503 2503 2503 2503
    2485 2485 2485 2485 2485 2485 2485 2485 2485 2485 2485 2485 2467
    2467 2467 4522 4522 4522 2485 2485 2485 2485 2485 2485 2485 2485
    2485 2503 2503 2503 2503 2503 2503 2485 2485 2485 2485 2503 2503
    2503 2485 2485 2503 2485 2485 2485 2485 2485 2485 2485 2485 2485
    2485 2485 2485 2467 2467 4522 4522 4522 4522 2485 2485 2485 2485
    2485 2467 2467 2467 2485 2485 2503 2503 2503 2485 2485 2485 2485
