<?xml version="1.0"?>
<opencv_storage>
<Depth18541 type_id="opencv-matrix">
  <rows>36</rows>
  <cols>14</cols>
  <dt>w</dt>
  <data>
    1245 1241 1241 1236 1236 1236 1236 1236 4139 1210 1210 4139 4139
    4089 1241 1245 1241 1241 5210 4139 4139 4139 4139 4139 4139 4139
    4089 4089 1241 1245 5132 5210 4139 4139 4139 4139 4139 4139 4089
    4089 4089 4089 5132 5132 5132 4139 4139 4139 4190 4139 4089 4089
    4089 4089 4089 4089 5132 5132 5210 4139 4139 4139 4139 4139 4089
    4089 4089 4089 4089 4089 5132 5132 5210 4139 4139 4139 4139 4139
    4139 4139 4139 4089 4089 4089 5132 5210 5210 4139 4139 4139 4139
    4139 4139 4139 4139 4089 4089 4089 5132 5210 5210 4139 4139 4139
    4139 4139 4139 4139 4139 4089 4089 4089 5132 5210 5291 4139 4139
    4190 4139 4139 4139 4139 4139 4139 4139 4089 5132 5210 5291 4139
    4139 4190 4190 4139 4139 4139 4139 4139 4139 4089 5210 5210 5210
    4190 4190 4190 4190 4139 4139 4139 4139 4139 4139 4139 5210 5210
    4139 4139 4139 4139 4190 4139 4139 4139 4139 4089 4089 0 5210 5210
    4139 4139 4139 4139 4139 4139 4139 4139 4139 4089 4089 0 5210 5210
    4139 4139 4139 4139 4139 4139 4139 4139 4089 4089 4089 4139 5132
    5210 4139 4139 4139 4139 4139 4139 4139 4139 4089 4089 4139 4139
    5132 5210 5210 4190 4139 4139 4139 4139 4139 4139 4139 4139 4139 0
    5132 5210 4241 4190 4190 4190 4139 4139 4139 4139 4139 4139 4139 0
    5210 5210 4190 4190 4190 4190 4139 4139 4139 4139 4139 4089 4089 0
    5210 5210 4139 4139 4190 4190 4139 4139 4139 4139 4139 4089 4089 0
    5210 5291 4139 4139 4190 4139 4139 4139 4139 4139 4089 4089 4089 0
    5210 4139 4139 4139 4190 4139 4139 4139 4139 4139 4089 4089 0 0 5210
    4139 4139 4139 4190 4190 4190 4139 4139 4089 4089 4089 0 0 5210 5210
    4190 4190 4190 4190 4139 4139 4139 4089 4089 4089 0 0 5210 4190 4190
    4190 4190 4190 4139 4139 4139 4089 4041 4041 0 0 4190 4190 4190 4190
    4190 4139 4139 4139 4089 4089 4041 4041 0 0 4139 4139 4139 4190 4190
    4139 4139 4139 4089 4041 4041 4041 0 1157 4139 4139 4139 4139 4139
    4139 4139 4139 4089 3994 3994 0 0 1157 4139 4139 4139 4139 4139 4139
    4139 4139 4089 3994 3994 3994 1157 1153 4139 4139 4139 4139 4139
    4139 4139 4139 4089 4089 4089 4089 1157 1157 4190 4139 4139 4139
    4139 4139 4139 4139 4139 4139 4139 1161 1157 1157 4190 4190 4139
    4139 4139 4139 4139 4139 4139 1169 1169 1161 1157 1153 4190 4190
    4190 4190 4139 4139 4139 4139 4139 1165 1165 1161 1157 1153 4139
    4190 4190 4190 4190 4190 4190 4190 4190 1169 1165 1161 1157 1153
    4139 4190 4139 4139 4190 4190 4190 4089 1169 1165 1161 1157 1153
    1149 4190 4190 4139 4139 4241 4241 4241 4089 1165 1161 1157 1157
    1145 1145 4190 4089 4089 4139 4139 4139 1165 1165 1161 1157 1157
    1145 1141 1141</data></Depth18541>
</opencv_storage>
