<?xml version="1.0"?>
<opencv_storage>
<Depth5578 type_id="opencv-matrix">
  <rows>12</rows>
  <cols>16</cols>
  <dt>w</dt>
  <data>
    5056 5132 5132 5132 5132 1509 1509 5056 5132 5132 5132 5210 5210
    5210 5210 5210 5056 5132 5132 5132 5132 5132 5056 5056 5132 5132
    5132 5210 5210 5210 5374 5374 5132 5132 5132 5132 5132 5132 5132
    5132 5132 5132 5210 5210 5210 5210 5291 5291 5056 5132 5132 5132
    5132 5132 5132 5132 5132 5132 5210 5210 5210 5210 5291 5291 5056
    5132 5132 5132 5132 5132 5132 5132 5132 5210 5210 5210 5132 5132
    5132 4983 5056 5056 5056 5132 5056 5056 5056 5056 5132 5210 5210
    5210 5132 5132 5132 4983 5056 5056 5056 5132 5056 5056 5056 5056
    5132 5132 5210 5132 5132 5132 5132 5056 5056 5056 5056 5132 5056
    5056 5056 5056 5132 5132 5132 5132 5132 5132 5056 5056 5056 5056
    5056 5132 5056 5056 5132 5132 5132 5132 5132 5132 5132 5132 5056
    5056 5056 5056 5056 5056 5132 5132 5132 5132 5132 5132 5132 5132
    5132 5210 5056 5056 5056 5056 5056 5056 5132 5132 5132 5132 5132
    5056 5056 5132 5132 5210 5056 5056 4983 4983 4983 4983 5056 5132
    5132 5132 5132 4983 4983 5056 5056 5210 5132 1503</data></Depth5578>
</opencv_storage>
