<?xml version="1.0"?>
<opencv_storage>
<Depth1771 type_id="opencv-matrix">
  <rows>77</rows>
  <cols>46</cols>
  <dt>w</dt>
  <data>
    4349 4349 4349 4349 4295 4295 4241 4241 4241 4190 4190 4190 4190
    4241 4241 4190 4139 1255 1255 1250 1250 1250 1250 1259 4041 4041
    4041 4041 4041 3994 3994 3948 3903 3903 3903 3903 3859 3859 3903
    3859 3859 3816 3816 3774 3774 3732 4405 4405 4405 4349 4349 4295
    4295 4295 4295 4241 4241 4241 4241 4349 4295 4241 4190 1255 1255
    1250 1250 1250 1250 1259 1268 1268 4041 4041 4041 3994 3994 3948
    3948 3948 3948 3903 3859 3859 3903 3816 3816 3816 3816 3774 3774
    3732 4405 4405 4405 4349 1264 1264 4295 4295 4295 4241 4241 1259
    1259 1255 1255 1255 1255 1250 1250 1250 1250 1250 1250 1255 1268
    1297 1297 1297 3994 3994 3948 3903 3903 3948 3948 3903 3859 3859
    3859 3816 3816 3816 3816 3774 3774 3732 4463 1278 1273 1273 1264
    1264 1268 1268 1268 1268 1268 1259 1259 1255 1255 1255 1255 1250
    1250 1250 1250 1250 1250 1255 1268 1297 1297 1307 1312 1312 3948
    3903 3903 3994 3948 3903 3903 3903 3859 3816 3816 3816 3774 3774
    3774 3732 4405 1278 1273 1273 1268 1268 1268 1264 1264 1264 1264
    1264 1259 1255 1255 1255 1255 1255 1250 1250 1250 1250 1250 1250
    1264 1283 1292 1307 1312 1312 1359 4041 4041 4041 4041 3994 3948
    3903 3859 3816 3816 3816 3774 3774 3774 3732 1273 1273 1273 1273
    1273 1273 1268 1264 1264 1264 1264 1264 1259 1255 1255 1255 1255
    1255 1255 1255 1250 1250 1250 1250 1259 1283 1292 1292 1359 1359
    1359 1381 1410 1433 1433 4041 4041 3994 3903 3816 3816 3816 3774
    3774 3774 3732 1273 1273 1273 1273 1273 1273 1268 1268 1268 1264
    1259 1259 1255 1255 1255 1255 1255 1255 1250 1250 1250 1250 1250
    1250 1259 1283 1292 1302 1333 1354 1359 1381 1410 1427 1433 1439
    1439 3948 3948 3859 3816 3816 3774 3774 3774 3774 1273 1273 1273
    1273 1273 1273 1273 1268 1268 1264 1259 1259 1255 1255 1255 1255
    1255 1255 1250 1250 1250 1250 1250 1250 1259 1273 1292 1302 1312
    1349 1354 1381 1410 1421 1433 1439 1439 3948 3948 3859 3816 3816
    3816 3774 3774 3774 1273 1273 1273 1273 1273 1273 1273 1268 1268
    1264 1259 1259 1255 1255 1255 1255 1255 1255 1250 1250 1250 1250
    1250 1250 1255 1264 1292 1302 1312 1333 1354 1381 1398 1415 1421
    1433 1433 3948 3948 3859 3816 3816 3816 3816 3774 3774 1278 1273
    1273 1273 1273 1273 1273 1273 1268 1264 1264 1259 1255 1255 1255
    1255 1255 1255 1255 1255 1250 1250 1250 1250 1255 1255 1297 1302
    1312 1322 1343 1376 1398 1415 1421 1433 1433 3948 3948 3816 3816
    3816 3816 3816 3816 3816 1273 1273 1273 1273 1273 1273 1273 1273
    1268 1268 1268 1264 1264 1259 1259 1259 1255 1255 1255 1255 1250
    1250 1250 1250 1255 1255 1292 1302 1307 1317 1338 1370 1376 1410
    1421 1433 1445 1445 3948 3816 3816 3816 3816 3816 3816 3816 0 1273
    1273 1273 1273 1273 1273 1273 1273 1268 1268 1268 1264 1264 1259
    1259 1255 1255 1255 1255 1255 1250 1250 1250 1255 1259 1283 1297
    1307 1317 1338 1370 1376 1410 1421 1439 1445 1445 3816 3816 3816
    3816 3816 3816 3816 3774 1283 1283 1278 1273 1273 1273 1273 1273
    1268 1268 1268 1268 1268 1264 1259 1259 1255 1255 1255 1255 1255
    1255 1255 1255 1255 1259 1278 1292 1307 1328 1338 1365 1370 1398
    1421 1433 1439 1439 3816 3816 3816 3816 3816 3816 3816 3774 0 1283
    1278 1278 1273 1273 1273 1273 1268 1268 1268 1268 1268 1264 1264
    1259 1259 1255 1255 1255 1255 1255 1255 1255 1255 1259 1273 1288
    1302 1317 1343 1359 1370 1392 1421 1433 1439 1439 3903 3903 3859
    3816 3816 3816 3816 3816 0 1288 1283 1278 1273 1273 1273 1273 1273
    1268 1268 1268 1268 1264 1264 1264 1259 1255 1255 1255 1255 1255
    1255 1255 1255 1259 1273 1288 1297 1312 1343 1359 1365 1392 1421
    1433 1439 1439 3903 3903 3859 3816 3816 3816 3816 3816 0 1288 1283
    1278 1278 1273 1273 1268 1268 1268 1268 1268 1268 1264 1264 1264
    1259 1259 1255 1255 1255 1255 1255 1255 1255 1259 1273 1288 1297
    1307 1343 1354 1365 1392 1415 1433 1433 1433 1433 3903 3816 3816
    3816 3816 3816 3816 0 0 1283 1278 1278 1273 1273 1268 1268 1268 1268
    1268 1268 1264 1264 1264 1259 1259 1255 1255 1255 1255 1255 1255
    1255 1259 1268 1283 1297 1307 1312 1354 1365 1387 1415 1433 1433
    1433 1433 3816 3816 3816 3816 3816 3816 3816 0 0 0 1278 1278 1273
    1273 1273 1273 1273 1268 1268 1268 1268 1268 1264 1259 1259 1259
    1255 1255 1255 1255 1255 1255 1259 1268 1283 1292 1302 1312 1359
    1370 1376 1415 1433 1433 1433 1433 3816 3816 3816 3816 3816 3816
    3816 0 0 0 1278 1278 1273 1273 1273 1273 1273 1268 1268 1268 1268
    1268 1264 1264 1264 1259 1259 1255 1255 1255 1255 1255 1255 1264
    1283 1292 1302 1312 1365 1370 1376 1404 1427 1439 1439 1439 3816
    3816 3816 3816 3816 3816 3816 0 0 0 1278 1278 1278 1278 1273 1273
    1273 1273 1268 1268 1268 1268 1268 1264 1264 1259 1259 1255 1255
    1255 1255 1255 1255 1259 1278 1292 1302 1307 1365 1370 1381 1398
    1427 1445 1452 1452 3816 3816 3816 3816 3816 3816 3816 0 0 0 0 1278
    1278 1278 1273 1273 1273 1273 1273 1268 1268 1268 1268 1268 1264
    1259 1259 1255 1255 1255 1250 1250 1255 1255 1268 1288 1302 1307
    1322 1370 1381 1398 1427 1445 1445 1445 3816 3816 3816 3816 3816
    3816 3816 0 0 0 0 1283 1278 1278 1273 1273 1273 1273 1273 1273 1268
    1268 1268 1268 1268 1264 1259 1255 1255 1255 1250 1250 1255 1255
    1259 1288 1302 1307 1317 1398 1398 1410 1421 1433 1439 1439 3816
    3816 3816 3816 3816 3816 3816 0 0 0 0 1283 1278 1278 1273 1273 1273
    1273 1273 1273 1268 1268 1268 1268 1268 1264 1259 1255 1255 1255
    1250 1250 1255 1255 1259 1288 1302 1307 1317 1376 1376 1404 1415
    1433 1433 1439 1439 3816 3816 3816 3816 3816 3816 0 0 0 0 1283 1283
    1278 1278 1273 1273 1273 1273 1273 1268 1268 1268 1268 1268 1264
    1259 1255 1255 1255 1250 1250 1255 1255 1259 1283 1302 1307 1317
    1354 1370 1376 1415 1433 1433 1439 1439 3816 3816 3816 3816 3816
    3816 0 0 0 0 1283 1283 1283 1278 1273 1273 1273 1273 1273 1273 1268
    1268 1268 1268 1264 1259 1259 1255 1255 1255 1255 1255 1255 1259
    1273 1288 1307 1317 1354 1370 1376 1410 1427 1433 1433 1433 3816
    3816 3816 3816 3816 3816 0 0 0 0 1288 1288 1288 1278 1278 1273 1273
    1273 1273 1273 1268 1268 1268 1268 1264 1264 1259 1259 1255 1255
    1255 1255 1255 1259 1268 1278 1307 1317 1328 1365 1370 1376 1421
    1427 1433 1433 3816 3816 3816 3859 3859 3816 0 0 0 0 1288 1288 1288
    1283 1278 1273 1273 1273 1273 1273 1268 1268 1268 1268 1268 1264
    1264 1259 1259 1255 1255 1255 1259 1259 1268 1278 1302 1317 1328
    1365 1365 1376 1421 1421 1433 1439 1439 3859 3859 3859 3859 3816 0 0
    0 0 0 1288 1288 1288 1283 1278 1273 1273 1273 1273 1273 1268 1268
    1268 1268 1264 1264 1259 1259 1259 1255 1255 1259 1259 1268 1273
    1278 1312 1328 1359 1359 1376 1421 1421 1427 1439 1439 3859 3859
    3859 3859 3816 0 0 0 0 0 1288 1288 1288 1283 1283 1278 1273 1273
    1273 1273 1268 1268 1268 1268 1264 1264 1259 1259 1259 1255 1255
    1255 1259 1268 1273 1278 1312 1343 1354 1354 1365 1421 1421 1427
    1445 1452 1452 3859 3816 3816 3816 0 0 0 0 0 1292 1288 1288 1288
    1283 1283 1278 1273 1273 1273 1268 1268 1268 1268 1264 1264 1259
    1259 1259 1255 1255 1255 1259 1268 1273 1283 1302 1312 1354 1354
    1359 1415 1421 1433 1445 1452 1452 3816 3816 3816 3816 0 4645 0 0 0
    1292 1288 1288 1288 1283 1283 1278 1273 1273 1273 1268 1268 1268
    1268 1264 1264 1264 1259 1259 1255 1255 1255 1259 1268 1278 1283
    1297 1307 1354 1354 1359 1404 1421 1433 1439 1452 1452 3816 3816
    3816 3816 4645 4645 0 0 0 1292 1288 1288 1288 1283 1283 1278 1273
    1273 1273 1268 1268 1268 1268 1268 1264 1264 1259 1259 1255 1255
    1255 1259 1259 1273 1288 1297 1307 1354 1359 1370 1392 1410 1433
    1439 1445 1445 3816 3816 3816 3816 4645 4645 0 0 0 1288 1288 1288
    1283 1283 1278 1278 1273 1273 1273 1273 1273 1268 1268 1268 1264
    1264 1259 1259 1255 1255 1255 1259 1259 1268 1288 1297 1307 1343
    1365 1370 1381 1398 1433 1439 1445 1445 3859 3859 3859 3816 4645
