<?xml version="1.0"?>
<opencv_storage>
<Depth2746 type_id="opencv-matrix">
  <rows>40</rows>
  <cols>28</cols>
  <dt>w</dt>
  <data>
    4911 4911 4842 4842 4842 4842 4842 4774 4774 4774 2522 2503 2485
    2485 2485 2485 2467 2432 2432 2415 2415 2415 2432 2432 2432 2432
    4582 4582 4911 4911 4911 2579 2560 2560 2560 4708 2541 2541 2503
    2503 2485 2467 2467 2467 2467 2432 2415 2415 2415 2415 2415 2432
    2432 2432 2432 4582 4911 4911 2579 2579 2560 2560 2560 2560 2541
    2541 2503 2503 2485 2467 2467 2450 2450 2432 2415 2415 2415 2415
    2415 2432 2432 2432 2432 2450 4911 2579 2579 2579 2560 2560 2560
    2560 2541 2541 2503 2503 2485 2467 2467 2450 2432 2415 2415 2415
    2415 2415 2415 2432 2432 2432 2432 2450 4911 2579 2579 2579 2579
    2560 2560 2560 2522 2522 2503 2503 2485 2485 2467 2450 2432 2415
    2415 2415 2415 2415 2415 2432 2432 2432 2450 2450 4842 2579 2579
    2579 2579 2560 2560 2560 2522 2522 2503 2503 2485 2485 2467 2450
    2432 2415 2415 2415 2415 2415 2432 2432 2432 2432 2432 2450 4842
    2579 2579 2579 2579 2560 2560 2541 2522 2522 2503 2503 2485 2485
    2467 2450 2432 2415 2415 2415 2415 2415 2432 2415 2415 2432 2432
    2432 4842 2598 2598 2579 2579 2560 2560 2541 2541 2522 2503 2503
    2485 2485 2467 2432 2432 2415 2415 2415 2432 2432 2432 2415 2415
    2432 2432 2432 2598 2598 2579 2579 2579 2560 2560 2541 2541 2522
    2503 2503 2485 2485 2450 2432 2432 2432 2432 2432 2432 2432 2432
    2432 2432 2432 2432 2450 2598 2598 2579 2579 2579 2560 2560 2541
    2541 2522 2503 2503 2485 2467 2450 2432 2432 2432 2415 2415 2415
    2432 2432 2432 2432 2432 2450 2450 4911 2598 2579 2579 2560 2560
    2560 2541 2541 2522 2503 2503 2485 2467 2467 2432 2432 2432 2415
    2415 2415 2415 2432 2450 2450 2450 2450 2450 4911 2598 2579 2579
    2560 2560 2560 2541 2541 2522 2503 2503 2485 2467 2467 2450 2432
    2432 2415 2415 2415 2415 2432 2450 2450 2450 2450 2450 2579 2579
    2579 2579 2560 2560 2560 2541 2522 2522 2503 2503 2503 2467 2467
    2450 2432 2432 2415 2415 2415 2415 2432 2450 2450 2450 2450 2450
    2560 2560 2579 2579 2560 2560 2541 2541 2522 2522 2503 2503 2485
    2485 2467 2450 2432 2432 2415 2415 2415 2415 2432 2432 2450 2450
    2450 2450 2560 2560 2579 2579 2560 2560 2541 2522 2503 2503 2503
    2485 2485 2467 2467 2450 2432 2432 2415 2415 2415 2432 2432 2432
    2450 2450 2450 2450 2598 2598 2579 2579 2560 2560 2541 2522 2503
    2503 2503 2485 2485 2467 2467 2450 2432 2432 2415 2415 2415 2432
    2432 2432 2432 2432 2432 2450 2598 2598 2579 2579 2560 2560 2541
    2522 2503 2503 2485 2485 2485 2467 2467 2450 2432 2432 2415 2415
    2415 2432 2432 2432 2432 2432 2432 2450 2598 2579 2579 2579 2560
    2560 2541 2522 2503 2503 2485 2485 2485 2467 2450 2450 2432 2432
    2415 2415 2415 2432 2432 2432 2432 2432 2432 2432 2598 2579 2579
    2579 2560 2560 2541 2522 2503 2503 2485 2485 2485 2467 2450 2432
    2432 2415 2415 2415 2415 2432 2432 2432 2432 2432 2432 2432 2579
    2579 2598 2579 2560 2560 2541 2522 2503 2503 2485 2485 2467 2467
    2450 2432 2432 2415 2415 2415 2415 2432 2432 2432 2432 2432 2432
    2432 2579 2579 2598 2579 2560 2560 2541 2522 2503 2503 2485 2485
    2467 2467 2450 2432 2432 2432 2415 2415 2415 2432 2432 2432 2432
    2432 2432 2432 2598 2598 2579 2579 2560 2560 2541 2522 2503 2503
    2485 2485 2467 2467 2450 2432 2432 2432 2415 2415 2415 2432 2432
    2432 2432 2432 2432 2432 2598 2598 2579 2579 2560 2541 2541 2522
    2503 2503 2485 2485 2467 2450 2432 2432 2432 2432 2432 2432 2432
    2432 2432 2432 2432 2432 2432 2432 2598 2598 2579 2579 2560 2541
    2541 2522 2503 2503 2503 2485 2467 2450 2432 2432 2432 2415 2415
    2415 2415 2432 2432 2432 2432 2432 2432 2432 2598 2579 2579 2560
    2560 2560 2541 2541 2522 2522 2503 2485 2467 2450 2432 2432 2432
    2415 2415 2415 2415 2415 2432 2432 2432 2432 2432 2432 2598 2579
    2579 2560 2560 2560 2541 2541 2522 2503 2503 2467 2467 2450 2432
    2432 2415 2415 2415 2415 2415 2415 2415 2432 2432 2432 2432 2432
    2598 2598 2579 2579 2579 2560 2560 2541 2522 2503 2503 2467 2467
    2450 2432 2432 2415 2415 2415 2415 2415 2415 2415 2432 2432 2432
    2432 2432 2579 2579 2579 2579 2579 2560 2541 2541 2522 2503 2503
    2467 2467 2450 2432 2432 2432 2415 2415 2415 2415 2415 2415 2432
    2432 2432 2450 4522 2579 2579 2579 2579 2579 2560 2541 2541 2522
    2503 2503 2467 2467 2450 2450 2432 2432 2415 2415 2415 2415 2415
    2432 2432 2432 2432 2450 2467 2579 2598 2579 2579 2560 2560 2541
    2541 2522 2503 2503 2485 2467 2467 2450 2432 2432 2415 2415 2415
    2415 2432 2432 2432 2432 2450 2450 2467 2579 2579 2579 2579 2560
    2560 2541 2541 2522 2503 2503 2485 2485 2467 2450 2432 2432 2415
    2415 2415 2432 2432 2432 2432 2450 2450 2467 2467 2579 2579 2579
    2560 2560 2541 2541 2541 2522 2503 2503 2485 2485 2467 2450 2432
    2432 2415 2415 2415 2432 2432 2450 2450 2450 2450 2467 2467 2579
    2579 2579 2560 2541 2541 2541 2541 2522 2522 2503 2503 2485 2485
    2467 2432 2432 2432 2415 2415 2432 2450 2450 2450 2450 2467 2467
    2485 2579 2598 2579 2560 2541 2541 2541 2541 2541 2522 2522 2503
    2485 2467 2450 2432 2432 2432 2432 2432 2432 2432 2450 2450 2450
    2467 2467 2485 2579 2598 2579 2560 2541 2541 2541 2541 2522 2503
    2503 2485 2485 2467 2450 2432 2432 2432 2432 2432 2432 2432 2450
    2450 2467 2450 2450 4463 2579 2598 2579 2579 2560 2560 2541 2522
    2522 2503 2503 2485 2467 2467 2450 2450 2432 2432 2432 2432 2432
    2432 2450 2450 2467 2450 2450 4463 2579 2579 2579 2579 2560 2560
    2541 2522 2503 2503 2503 2485 2467 2450 2450 2450 2432 2432 2432
    2432 2432 2432 2450 2450 2467 2467 2467 4522 2598 2579 2579 2560
    2560 2560 2541 2522 2503 2503 2503 2467 2467 2450 2432 2432 2432
    2432 2432 2432 2432 2432 2432 2450 2467 2467 2467 4522 2618 2598
    2579 2560 2560 2560 2541 2522 2503 2503 2503 2467 2467 2450 2432
    2432 2432 2432 2432 2415 2415 2432 2432 2450 2467 2450 2450 4522
    4911 4842 4842 4842 2579 2579 2560 2560 2503 2503 2503 2467 2467
    2450 2432 2432 2432 2432 2432 2415 2415 2432 2432 2450 2450 2450
    2450 4522</data></Depth2746>
</opencv_storage>
