<?xml version="1.0"?>
<opencv_storage>
<Depth2034 type_id="opencv-matrix">
  <rows>53</rows>
  <cols>27</cols>
  <dt>w</dt>
  <data>
    4522 1936 1936 4582 4582 4582 1766 1731 1731 1731 1748 1748 1748
    1748 1757 1757 1766 1766 1766 1766 1766 1766 1757 1757 1757 4582
    4582 4645 1936 1936 1936 1936 1766 1766 1748 1731 1731 1748 1748
    1757 1757 1757 1757 1766 1766 1766 1766 1766 1766 1757 1757 1757
    4645 4645 1970 1936 1894 1894 1894 1804 1766 1748 1748 1739 1739
    1748 1757 1757 1757 1757 1766 1766 1766 1766 1766 1766 1757 1757
    1757 4645 4645 1959 1947 1894 1873 1843 1804 1776 1757 1748 1739
    1739 1748 1757 1757 1757 1757 1766 1766 1766 1766 1766 1766 1757
    1757 1757 4645 4645 1959 1926 1894 1873 1843 1813 1794 1766 1748
    1739 1739 1748 1757 1757 1757 1757 1757 1766 1766 1766 1766 1766
    1757 1757 1757 4645 4645 1947 1926 1894 1863 1843 1823 1804 1776
    1757 1748 1748 1748 1757 1757 1757 1757 1757 1766 1766 1766 1766
    1766 1748 1748 1748 4645 4645 1947 1926 1894 1863 1843 1823 1804
    1785 1757 1748 1748 1757 1757 1757 1757 1766 1766 1766 1766 1766
    1766 1766 1748 1748 1748 4645 4645 1926 1926 1904 1863 1843 1823
    1804 1785 1766 1757 1757 1757 1757 1757 1757 1766 1766 1766 1766
    1766 1766 1766 1757 1757 1757 4645 4645 1926 1926 1904 1863 1843
    1813 1794 1776 1766 1757 1757 1757 1757 1766 1766 1766 1766 1766
    1766 1766 1766 1766 1766 1757 1757 1757 4708 1926 1926 1904 1863
    1843 1813 1794 1776 1766 1757 1757 1757 1766 1766 1766 1766 1766
    1766 1766 1766 1776 1776 1766 1757 1757 1757 4708 1936 1936 1915
    1873 1843 1813 1794 1776 1766 1757 1757 1757 1766 1766 1766 1766
    1766 1766 1766 1776 1776 1776 1766 1766 1766 1766 4645 1936 1936
    1926 1883 1853 1813 1794 1776 1766 1757 1757 1757 1766 1766 1766
    1766 1766 1766 1766 1776 1776 1776 1766 1766 1766 4774 4645 1936
    1936 1926 1904 1853 1813 1794 1776 1776 1766 1757 1757 1766 1766
    1766 1766 1766 1766 1766 1766 1766 1776 1766 1766 1766 4774 4708
    1936 1936 1926 1904 1863 1813 1804 1785 1776 1766 1757 1757 1766
    1766 1766 1766 1766 1766 1766 1766 1766 1776 1766 1766 1766 4774
    4708 4405 1936 1926 1904 1863 1823 1804 1785 1776 1766 1757 1757
    1766 1766 1766 1766 1766 1766 1766 1766 1766 1776 1766 1766 1766
    4774 4708 4405 1936 1926 1904 1873 1823 1804 1785 1776 1766 1757
    1757 1766 1766 1766 1766 1766 1766 1766 1766 1766 1776 1766 1766
    1766 4645 4645 1970 1936 1926 1904 1873 1823 1804 1785 1776 1766
    1757 1757 1766 1766 1766 1766 1766 1776 1766 1766 1766 1776 1766
    1766 1766 4645 4645 1970 1947 1926 1915 1863 1823 1804 1785 1776
    1766 1766 1766 1766 1766 1766 1766 1776 1776 1776 1776 1776 1776
    1766 1766 1766 1766 4645 1970 1959 1947 1915 1863 1833 1813 1794
    1776 1766 1766 1766 1766 1766 1776 1776 1776 1776 1776 1776 1776
    1776 1766 1766 1766 1766 4645 1970 1970 1947 1936 1873 1843 1823
    1794 1776 1766 1766 1766 1766 1766 1776 1766 1766 1766 1776 1776
    1776 1776 1766 1766 1766 1766 4645 1970 1970 1959 1936 1873 1843
    1833 1794 1776 1766 1766 1766 1766 1766 1766 1766 1766 1766 1776
    1776 1776 1776 1766 1766 1766 1766 4774 1981 1970 1959 1936 1883
    1843 1833 1794 1776 1766 1766 1766 1766 1766 1766 1766 1766 1766
    1776 1776 1776 1776 1766 1766 1766 1766 4708 1981 1970 1959 1936
    1894 1853 1843 1813 1785 1766 1766 1766 1766 1766 1766 1766 1766
    1766 1776 1776 1776 1776 1766 1766 1766 1776 1776 1981 1970 1947
    1926 1894 1853 1843 1813 1785 1766 1766 1766 1766 1776 1776 1776
    1776 1776 1776 1776 1776 1776 1776 1766 1766 1776 1776 1981 1970
    1947 1926 1894 1853 1843 1823 1785 1766 1766 1766 1766 1776 1776
    1776 1776 1776 1776 1776 1776 1776 1776 1776 1776 1785 4645 4463
    1970 1947 1936 1904 1863 1843 1813 1794 1776 1766 1766 1766 1776
    1776 1776 1776 1776 1776 1776 1776 1776 1776 1766 1766 1766 4645
    4463 1970 1959 1936 1915 1873 1843 1813 1794 1776 1766 1766 1766
    1766 1766 1776 1776 1776 1776 1776 1776 1776 1766 1766 1766 1766
    1766 4463 1970 1959 1936 1926 1894 1853 1813 1804 1776 1766 1766
    1766 1766 1766 1776 1776 1776 1776 1776 1776 1776 1766 1766 1766
    1766 1766 4522 4522 1959 1936 1926 1894 1853 1823 1804 1785 1766
    1766 1766 1766 1766 1766 1776 1776 1776 1776 1776 1776 1766 1766
    1766 1766 1766 4645 4645 1970 1947 1936 1894 1863 1823 1804 1785
    1766 1766 1766 1766 1766 1766 1776 1776 1776 1776 1776 1776 1776
    1766 1766 1776 1776 4645 4645 1981 1959 1936 1894 1863 1833 1804
    1776 1776 1766 1766 1766 1766 1766 1776 1776 1776 1776 1776 1776
    1776 1776 1776 1776 1794 4582 4582 1981 1959 1926 1894 1863 1823
    1804 1776 1776 1776 1776 1776 1766 1766 1776 1776 1776 1776 1776
    1776 1776 1776 1776 1785 1794 4522 4522 1981 1959 1926 1894 1863
    1823 1813 1785 1776 1776 1776 1776 1776 1776 1776 1776 1776 1785
    1785 1776 1776 1776 1776 1776 1794 4522 4522 1981 1959 1936 1894
    1873 1823 1813 1785 1776 1776 1776 1776 1776 1776 1776 1776 1776
    1785 1785 1785 1776 1776 1776 1776 1776 4522 4522 1981 1959 1936
    1894 1863 1833 1813 1776 1776 1776 1776 1776 1776 1776 1776 1776
    1776 1785 1785 1785 1776 1776 1785 1785 1785 4522 4522 1993 1970
    1947 1894 1863 1833 1794 1776 1776 1776 1776 1776 1776 1776 1776
    1776 1776 1785 1785 1785 1785 1785 1785 1785 1785 4582 4582 1993
    1970 1936 1894 1883 1843 1794 1776 1776 1776 1776 1776 1776 1776
    1776 1776 1776 1785 1785 1785 1785 1785 1785 1785 1785 4645 4645
    4645 1926 1926 1904 1883 1843 1804 1785 1776 1776 1776 1776 1776
    1776 1776 1776 1776 1785 1785 1785 1785 1785 1785 1785 1785 4645
    4645 1970 1926 1926 1904 1883 1853 1804 1794 1785 1776 1776 1785
    1785 1785 1785 1785 1785 1794 1794 1794 1785 1785 1785 1785 1794
    4645 4645 1970 1970 1936 1915 1883 1853 1813 1804 1794 1785 1785
    1785 1785 1785 1785 1785 1785 1794 1794 1794 1785 1785 1785 1785
    1785 4582 4582 4582 1970 1947 1926 1883 1863 1804 1804 1794 1785
    1785 1785 1785 1785 1785 1785 1794 1794 1794 1794 1794 1785 1785
    1785 1785 4582 4582 4582 1970 1959 1947 1883 1843 1804 1804 1794
    1785 1776 1776 1785 1785 1785 1785 1794 1794 1794 1804 1794 1794
    1794 1794 1794 4645 4645 4645 1981 1970 1959 1883 1843 1813 1804
    1794 1776 1776 1776 1776 1785 1785 1785 1794 1794 1804 1804 1794
    1794 1794 1794 1794 4645 4645 4645 1970 1970 1936 1894 1853 1813
    1804 1794 1776 1776 1776 1776 1785 1785 1785 1794 1794 1804 1804
    1794 1794 1794 1794 1794 4645 4708 4708 1970 1970 1936 1904 1843
    1813 1804 1794 1776 1776 1776 1785 1785 1785 1785 1794 1794 1804
    1804 1794 1794 1794 1794 1794 4645 4645 4645 1981 1970 1936 1915
    1843 1813 1804 1794 1776 1776 1776 1785 1785 1785 1785 1785 1794
    1794 1794 1794 1794 1794 1794 1794 4645 4645 4645 4645 1926 1926
    1915 1843 1823 1804 1785 1776 1776 1785 1794 1794 1794 1785 1785
    1794 1794 1794 1794 1794 1794 1794 1794 4645 4645 4645 0 1926 1926
    1915 1853 1833 1804 1785 1776 1776 1785 1794 1794 1794 1785 1785
    1794 1794 1794 1794 1794 1794 1794 1794 4645 4645 4645 4708 1926
    1926 1915 1883 1843 1804 1794 1785 1785 1785 1794 1794 1794 1794
    1794 1794 1794 1804 1794 1794 1794 1794 1794 4645 4645 4708 4708
    1926 1926 1926 1894 1843 1813 1794 1785 1785 1785 1785 1794 1794
    1794 1794 1804 1804 1804 1794 1794 1794 1794 1794 4645 4645 4645
    4645 4708 1926 1926 1894 1853 1813 1804 1794 1785 1785 1785 1794
    1794 1794 1794 1804 1804 1804 1794 1794 1794 1794 1794 4645 4645
    4645 4645 4708 1936 1926 1926 1926 1813 1804 1794 1785 1785 1785
    1785 1794 1794 1794 1804 1804 1804 1794 1794 1785 1785 1785 4708
    4708 4708 4708 4774 4774 5210 4911 4911 1813 1804 1785 1776 1776
    1785 1785 1794 1794 1794 1794 1804 1804 1794 1785 1785 1785 1785</data></Depth2034>
</opencv_storage>
