<?xml version="1.0"?>
<opencv_storage>
<Depth14043 type_id="opencv-matrix">
  <rows>54</rows>
  <cols>48</cols>
  <dt>w</dt>
  <data>
    4582 4582 4582 4582 4582 4645 4645 4645 4645 4645 4645 4645 4582
    4582 4645 4645 4645 4645 4645 1981 1981 1981 1981 1970 1970 1959
    1959 1959 1959 4645 4645 4645 4645 4645 4645 4645 4645 4645 4708
    4708 4708 4708 4708 4708 4708 4708 4708 4708 4645 4645 4645 4582
    4582 4645 4645 4645 4645 4645 4645 4645 4582 4582 4645 4582 4582
    4645 1981 1981 1970 1970 1970 1970 1959 1959 1959 1959 1959 1947
    4708 4708 4645 4645 4645 4645 4645 4645 4708 4708 4708 4708 4708
    4708 4708 4708 4708 4708 4645 4645 4645 4645 4645 4645 4645 4645
    4582 4582 4582 4582 4582 4582 4582 4582 4582 1970 1970 1970 1970
    1970 1970 1970 1959 1959 1959 1947 1947 1947 1959 4708 4708 4708
    4708 4645 4645 4645 4708 4708 4774 4774 4774 4708 4708 4708 4708
    4708 4645 4645 4645 4645 4645 4645 4645 4645 4582 4582 4582 4582
    4582 4582 4582 4582 1981 1970 1970 1970 1970 1970 1970 1970 1959
    1959 1959 1947 1947 1959 1959 4708 4708 4708 4708 4645 4645 4708
    4708 4708 4774 4708 4708 4708 4708 4708 4708 4774 4645 4645 4645
    4645 4645 4645 4645 4645 4582 4582 4582 4582 4582 4582 1981 1981
    1981 1981 1981 1970 1970 1970 1970 1970 1959 1959 1959 1959 1959
    1959 1959 1970 4708 4708 4708 4645 4645 4645 4708 4708 4708 4708
    4708 4708 4708 4708 4708 4774 4645 4645 4582 4582 4582 4582 4582
    4582 4582 4582 4582 4645 1993 1993 1981 1981 1981 1981 1970 1970
    1970 1970 1970 1970 1970 1959 1959 1959 1959 1970 1970 1970 0 4708
    4708 4645 4645 4645 4708 4708 4708 4708 4708 4708 4774 4708 4708
    4774 4645 4645 4582 4582 4582 4582 4582 4582 4582 4582 1981 1981
    1981 1981 1981 1981 1981 1981 1970 1970 1970 1970 1970 1970 1970
    1959 1959 1959 1959 1970 1970 0 1970 4708 4708 4645 4645 4645 4708
    4708 4708 4708 4708 4708 4708 4708 4708 4774 4645 4645 4645 4582
    4582 4582 4522 1981 1981 1981 1981 1981 1981 1981 1981 1981 1981
    1981 1970 1970 1970 1970 1970 1970 1970 1959 1959 1959 1959 1970
    1970 1970 1970 4582 4582 4582 4582 4645 4708 4708 4708 4708 4708
    4708 4708 4774 4774 4774 4645 4645 4645 4645 2016 2005 2005 1981
    1981 1981 1981 1981 1981 1981 1981 1981 1981 1970 1970 1970 1970
    1970 1970 1970 1970 1959 1959 1959 1959 1970 1970 1970 1970 0 4582
    4582 4582 4645 4708 4708 4708 4708 4708 4708 4708 4774 4774 4708
    4582 4582 4645 4645 2005 2005 2005 1993 1993 1993 1981 1981 1981
    1981 1970 1970 1970 1970 1970 1970 1970 1970 1970 1970 1970 1959
    1959 1959 1959 1959 1970 1970 1970 1959 4645 4645 4645 4645 4708
    4708 4708 4708 4708 4708 4708 4774 4774 4708 4582 4582 1993 1993
    1993 1993 1993 1993 1993 1993 1993 1981 1981 1981 1970 1970 1970
    1970 1970 1970 1970 1970 1970 1970 1970 1959 1959 1959 1959 1959
    1970 1959 1959 1959 1959 4645 4645 4645 4708 4708 4708 4708 4708
    4708 4708 4774 4774 4708 2005 2005 1993 1993 1993 1993 1993 1993
    1993 1981 1981 1981 1981 1981 1970 1970 1970 1970 1970 1970 1970
    1970 1970 1959 1959 1959 1959 1947 1947 1959 1959 1959 1959 1959
    1959 1936 4708 4708 4708 4708 4708 4708 4708 4708 4708 4708 4708
    4708 2005 2005 1993 1993 1993 1993 1993 1993 1993 1981 1981 1981
    1981 1981 1981 1970 1970 1970 1970 1970 1970 1970 1970 1959 1959
    1959 1959 1947 1947 1959 1959 1959 1959 1936 1936 1936 4708 4708
    4708 4708 4708 4708 4708 4708 4708 4708 4708 4708 2005 2005 1993
    1993 1993 1993 1993 1993 1993 1993 1981 1981 1981 1981 1981 1970
    1970 1970 1970 1970 1970 1970 1970 1970 1970 1959 1959 1959 1959
    1959 1959 1959 1959 1936 1936 1936 4708 4708 4708 4708 4708 4708
    4708 4708 4708 4708 4708 4708 2005 2005 2005 2005 1993 1993 1993
    1993 1993 1993 1981 1981 1981 1981 1981 1970 1970 1970 1970 1970
    1970 1970 1970 1970 1970 1970 1959 1959 1959 1959 1959 1959 1959
    1959 1959 1959 4983 4983 4774 4708 4708 4708 4708 4708 4708 4708
    4708 4708 2016 2016 2005 2005 2005 2005 2005 1993 1993 1993 1981
    1981 1981 1981 1981 1981 1981 1970 1970 1970 1970 1970 1970 1970
    1970 1970 1970 1959 1959 1970 1959 1959 1959 1959 1959 1959 4983
    4983 4774 4708 4708 4708 4708 4708 4708 4708 4708 4708 2005 2005
    2005 2005 2005 2005 2005 2005 1993 1993 1981 1981 1981 1981 1981
    1981 1981 1981 1981 1981 1981 1981 1981 1970 1970 1970 1970 1959
    1959 1959 1959 1959 1959 1947 1947 1947 1970 4708 4708 4708 4708
    4708 4708 4708 4774 4708 4708 4708 2005 2005 2005 2005 2005 2005
    2005 2005 1993 1993 1981 1981 1981 1981 1981 1981 1981 1981 1981
    1970 1970 1981 1970 1970 1970 1970 1970 1959 1959 1959 1959 1959
    1959 1947 1947 1970 1970 1970 4708 4708 4708 4708 4708 4708 4708
    4708 4708 4708 4522 2005 2005 2005 2005 2005 2005 2005 1993 1981
    1981 1981 1981 1981 1981 1981 1981 1981 1981 1970 1970 1970 1970
    1970 1970 1970 1970 1970 1970 1959 1959 1959 1959 1959 1959 1970
    1970 1970 4708 4708 4708 4708 4708 4708 4708 4708 4708 4708 4645
    4645 2016 2016 2016 2016 2005 1993 1993 1981 1981 1981 1981 1981
    1981 1981 1981 1981 1981 1981 1970 1970 1970 1970 1970 1970 1970
    1970 1970 1970 1959 1959 1959 1959 1970 1970 1970 1981 1981 4708
    4708 4708 4708 4708 4708 4708 4708 4708 4645 4645 2016 2016 2016
    2005 2005 1993 1993 1981 1981 1981 1981 1981 1981 1981 1981 1981
    1981 1981 1970 1970 1970 1970 1970 1970 1970 1970 1970 1970 1970
    1970 1959 1959 1970 1981 1970 1970 1981 1981 4708 4708 4708 4708
    4708 4708 4708 4708 4582 4708 2016 2016 2016 2005 2005 1981 1981
    1993 1993 1993 1981 1981 1981 1981 1981 1981 1981 1981 1981 1981
    1970 1970 1970 1970 1970 1970 1970 1970 1970 1970 1959 1959 1970
    1970 1970 1970 1981 1981 4708 4708 4708 4708 4708 4708 4708 4708
    4463 4463 2016 2016 2016 2005 2005 1981 1981 1993 1993 1981 1981
    1981 1981 1981 1981 1981 1981 1981 1981 1970 1970 1970 1970 1970
    1970 1970 1970 1970 1970 1970 1970 1970 1970 1970 1970 1970 1970
    1970 4708 4708 4708 4708 4708 4708 4708 4708 4463 4463 2016 2016
    2016 2005 1993 1993 1993 1993 1993 1981 1981 1981 1981 1981 1981
    1981 1981 1981 1981 1970 1970 1970 1970 1970 1970 1970 1970 1970
    1970 1970 1970 1970 1970 1970 1970 1970 1970 1970 1970 4708 4708
    4708 4708 4708 4708 4708 4522 4522 2016 2016 2005 2005 1993 1993
    1993 1993 1993 1981 1981 1981 1981 1981 1981 1981 1981 1981 1981
    1981 1981 1970 1970 1981 1970 1970 1970 1970 1970 1970 1970 1970
    1970 1970 1970 1970 1970 1970 1970 4708 4708 4774 4774 4708 4708
    4708 4522 4522 4463 4463 2005 2005 2005 1993 1993 1993 1993 1981
    1981 1981 1981 1981 1981 1970 1970 1981 1981 1981 1981 1970 1970
    1981 1970 1970 1970 1970 1970 1970 1970 1970 1970 1981 1970 1970
    1970 1970 1970 1970 4708 4708 4708 4708 4708 4708 4582 4522 4522
    4522 2016 2005 2005 2005 1993 1993 1993 1993 1993 1981 1981 1981
    1981 1970 1970 1981 1981 1981 1981 1981 1981 1981 1970 1970 1970
    1970 1970 1959 1959 1959 1959 1970 1970 1970 1970 1970 1970 1970
    4708 4708 4708 4708 4708 4708 4582 4582 4582 4582 4582 2005 1993
    1993 1993 1993 1993 1993 1993 1981 1981 1981 1981 1981 1981 1981
    1981 1981 1981 1981 1981 1981 1981 1970 1970 1970 1970 1959 1959
    1959 1959 1970 1970 1970 1970 1970 1970 1981 1981 4645 4645 4645
    4708 4708 4582 4582 4582 4582 4582 2005 1993 1993 1993 1993 1993
    1993 1993 1981 1981 1981 1981 1981 1981 1981 1981 1981 1981 1981
    1981 1981 1981 1981 1970 1970 1970 1970 1959 1959 1959 1970 1970
    1970 1970 1970 1970 1981 1970 1970 4645 4645 4708 4708 4582 4582
    4582 4522 4522 4522 2005 1993 1993 1993 1993 1993 1993 1981 1981
    1981 1981 1993 1981 1981 1981 1981 1981 1981 1981 1981 1981 1981
    1970 1970 1970 1970 1959 1959 1959 1970 1970 1981 1981 1981 1970
    1970 1970 1970 1970 4708 4708 4708 4582 4582 4522 4522 4522 4522
    2005 1981 1981 1993 1993 1993 1993 1981 1981 1993 1993 1993 1981
    1981 1981 1981 1981 1981 1981 1981 1981 1970 1970 1970 1970 1970
