<?xml version="1.0"?>
<opencv_storage>
<Depth18959 type_id="opencv-matrix">
  <rows>14</rows>
  <cols>38</cols>
  <dt>w</dt>
  <data>
    0 0 0 0 0 0 3948 3948 4190 4139 4139 0 0 0 0 4139 4139 4139 4089
    4089 0 3948 3948 4041 4041 4089 4139 0 0 0 0 0 0 0 0 0 3903 3903
    4295 4295 4241 4190 4190 0 3948 3948 4190 4139 4089 4089 4139 4139
    4139 4139 4089 4089 4089 4089 3948 3948 3948 4041 4041 4041 4041
    3994 3994 0 0 4041 4041 3948 3948 3948 3903 3903 4295 4295 4241 4190
    4190 4241 4190 4190 4190 4139 4089 4089 4089 4139 4139 4089 4089
    4089 3994 3994 3948 3948 3994 3994 3994 3948 3948 3948 3948 3948
    3948 3948 3948 3948 3948 3948 3948 3948 4241 4241 4241 4241 4241
    4241 4190 4190 4190 4139 4089 4089 4089 4139 4089 4089 4089 4041
    3994 3994 3948 3948 3994 3994 3948 3948 3948 3948 3948 3948 3948
    3948 3948 3948 3948 3903 3903 3903 4241 4241 4241 4241 4241 4241
    4241 4241 4190 4139 4139 4089 4089 4089 4089 4089 4089 4041 3994
    3994 3994 3994 4041 3994 3948 3948 3948 3948 3948 3948 3948 3948
    3948 3903 3903 3903 3903 3903 4241 4241 4241 4241 4241 4241 4241
    4241 4190 4139 4139 4089 4089 4089 4089 4089 4089 4041 3994 3994
    4041 4041 4041 3994 3994 3994 3948 3948 3948 3948 3948 3948 3903
    3903 3903 3903 3903 3903 4241 4241 4241 4241 4241 4241 4241 4241
    4190 4139 4139 4089 4089 4089 4089 4089 4089 4089 4041 4041 4041
    4041 4041 3994 3994 3994 3948 3948 3948 3948 3948 3948 3903 3903
    3903 3903 3903 3903 4241 4241 4241 4241 4241 4241 4241 4241 4190
    4190 4139 4139 4139 4089 4089 4089 4089 4089 4041 4041 4041 4041
    4041 3948 3948 3994 3948 3948 3948 3948 3948 3948 3903 3903 3903
    3903 3903 3903 4295 4295 4241 4241 4241 4241 4241 4241 4190 4190
    4139 4139 4139 4089 4089 4089 4089 4089 4089 4041 4041 4089 4041
    3948 3948 3994 3948 3948 3948 3948 3948 3948 3903 3903 3903 3903
    3903 3903 4295 4241 4241 4241 4241 4190 4190 4190 4190 4139 4139
    4139 4139 4089 4089 4089 4089 4089 4089 4089 4041 4041 3994 3994
    3994 3994 3948 3948 3948 3948 3948 3948 3903 3903 3903 3903 3903
    3903 4295 4241 4241 4241 4241 4190 4190 4190 4190 4139 4139 4139
    4139 4089 4089 4089 4041 4041 4041 4089 4041 3994 3948 3948 3948
    3948 3948 3903 3903 3948 3948 3948 3903 3903 3903 3903 3903 3903
    4295 4295 4295 4241 4241 4241 4190 4190 4190 4139 4139 4139 4139
    4089 4089 4041 4041 4041 4041 4089 4041 3994 3948 3948 3948 3948
    3948 3903 3903 3948 3948 3948 3948 3903 3903 3859 3859 3903 4295
    4295 4295 4295 4241 4190 4190 4190 4190 4190 4190 4139 4139 4139
    4089 4041 4041 4041 4041 4089 4041 3994 3903 3903 3948 3948 3948 0 0
    4041 3994 3994 3948 3948 0 3859 3859 0 4295 4295 4295 4295 4241 4190
    4190 4190 4190 4241 4295 4190 4190 4139 4139 4139 4139 4089 4089 0 0
    0 3903 3903 3948 0 0 0 0 0 0 0 0 0 0 0 0 0</data></Depth18959>
</opencv_storage>
