<?xml version="1.0"?>
<opencv_storage>
<Depth1343 type_id="opencv-matrix">
  <rows>85</rows>
  <cols>40</cols>
  <dt>w</dt>
  <data>
    2859 2859 2859 2859 2835 2835 2835 2835 2812 2812 2835 2835 2812
    2812 2812 2812 1119 1119 1123 1123 2789 1145 1138 1138 2723 2723
    2723 2723 2723 1145 1141 1141 1141 1138 1138 2701 2701 2701 2680
    2680 2859 2835 2835 2835 2835 2835 2835 2835 2812 2812 2812 2835
    2812 2812 2812 1123 1119 1119 1123 1123 1123 1126 1126 1130 1130
    1130 1130 1134 1134 1134 1138 1141 1145 1145 1141 1141 1145 1145
    2680 2680 2883 2835 2835 2812 2812 2835 2835 2835 2812 2812 2812
    2812 1145 1145 2812 1123 1119 1119 1123 1123 1123 1126 1126 1126
    1126 1130 1130 1130 1130 1134 1138 1138 1141 1141 1141 1141 1145
    1145 1145 1145 0 2835 2835 2812 2812 2908 2859 1210 1202 1202 1202
    1145 1145 1138 1123 1119 1119 1119 1119 1123 1123 1123 1123 1123
    1126 1126 1130 1130 1130 1134 1134 1134 1138 1141 1141 1141 1145
    1145 1145 1157 0 0 1250 1227 1227 1223 1223 1210 1202 1197 1185 1165
    1145 1138 1123 1119 1119 1119 1119 1123 1123 1123 1123 1123 1123
    1126 1130 1130 1130 1130 1134 1134 1134 1138 1141 1141 1145 1145
    1145 1157 0 0 0 1250 1227 1227 1223 1214 1206 1197 1181 1157 1141
    1134 1126 1123 1119 1119 1119 1123 1123 1123 1123 1123 1123 1126
    1130 1130 1130 1130 1130 1134 1134 1134 1138 1141 1145 1145 1145
    1145 0 0 1268 1250 1250 1227 1223 1214 1206 1193 1181 1157 1138 1134
    1123 1123 1119 1119 1119 1123 1123 1123 1123 1123 1123 1126 1130
    1130 1130 1130 1130 1134 1134 1134 1138 1141 1145 1145 1149 1149
    1322 0 1268 1268 1250 1236 1227 1219 1206 1193 1181 1161 1138 1134
    1123 1123 1123 1119 1119 1123 1123 1123 1123 1123 1123 1126 1130
    1130 1130 1130 1130 1134 1138 1138 1141 1145 1145 1145 1149 1149
    1322 1317 1307 1268 1255 1236 1227 1219 1206 1193 1181 1157 1145
    1134 1126 1123 1123 1123 1123 1123 1123 1123 1123 1123 1123 1126
    1130 1130 1130 1130 1130 1134 1138 1138 1141 1145 1145 1145 1149
    1149 1317 1307 1307 1273 1255 1236 1227 1219 1206 1189 1177 1153
    1145 1134 1126 1123 1123 1123 1123 1123 1123 1123 1123 1123 1123
    1130 1130 1134 1134 1134 1134 1134 1138 1138 1141 1145 1145 1145
    1145 0 1312 1307 1302 1273 1255 1236 1232 1223 1206 1185 1177 1153
    1145 1134 1126 1123 1123 1123 1123 1123 1123 1126 1123 1123 1126
    1130 1130 1134 1134 1134 1134 1134 1138 1138 1141 1141 1141 1141
    1141 0 1312 1307 1292 1278 1255 1241 1232 1227 1206 1185 1169 1153
    1145 1134 1126 1123 1123 1123 1123 1123 1126 1126 1123 1123 1126
    1130 1130 1134 1134 1134 1134 1134 1141 1141 1141 1141 1141 1141
    1141 0 1317 1312 1292 1278 1259 1241 1236 1227 1206 1185 1169 1157
    1145 1134 1126 1123 1123 1123 1123 1123 1126 1126 1126 1126 1126
    1130 1130 1134 1134 1134 1134 1134 1138 1141 1141 1141 1141 1141
    1141 1141 1322 1312 1292 1278 1264 1245 1236 1227 1210 1193 1169
    1157 1149 1138 1126 1123 1123 1123 1123 1123 1126 1126 1126 1126
    1126 1130 1130 1134 1134 1134 1134 1138 1138 1141 1141 1141 1141
    1141 1141 1141 1322 1312 1292 1278 1264 1250 1236 1223 1210 1197
    1177 1161 1149 1138 1126 1123 1123 1123 1123 1123 1123 1123 1126
    1126 1126 1130 1130 1134 1134 1134 1134 1138 1138 1141 1141 1141
    1141 1141 1141 1141 1322 1312 1307 1278 1264 1250 1236 1223 1210
    1197 1177 1165 1153 1141 1130 1123 1123 1123 1123 1123 1123 1123
    1126 1126 1130 1130 1130 1134 1134 1134 1138 1138 1138 1141 1141
    1141 1145 1141 1141 1141 1322 1317 1292 1283 1264 1250 1236 1227
    1206 1189 1181 1169 1153 1145 1130 1123 1123 1123 1123 1123 1126
    1126 1126 1126 1130 1130 1130 1134 1134 1134 1138 1138 1141 1141
    1145 1141 1141 1141 1141 0 1317 1317 1292 1278 1264 1255 1236 1232
    1206 1185 1177 1169 1157 1149 1134 1123 1123 1123 1123 1126 1126
    1126 1126 1126 1130 1130 1130 1134 1134 1134 1138 1138 1141 1141
    1145 1141 1141 1141 1141 1141 1317 1317 1292 1278 1268 1255 1236
    1227 1210 1185 1177 1169 1157 1149 1134 1126 1123 1123 1126 1126
    1130 1130 1126 1126 1130 1130 1130 1134 1134 1134 1138 1141 1141
    1145 1145 1145 1145 1145 1145 1145 1312 1312 1292 1278 1268 1259
    1241 1227 1214 1185 1173 1165 1157 1153 1138 1126 1123 1123 1126
    1126 1130 1130 1130 1130 1130 1130 1134 1134 1134 1134 1138 1141
    1141 1145 1145 1145 1149 1149 1149 1149 1312 1312 1302 1278 1268
    1264 1241 1227 1214 1185 1173 1165 1157 1149 1138 1126 1123 1123
    1126 1126 1130 1130 1130 1130 1130 1130 1134 1134 1134 1138 1138
    1141 1141 1145 1145 1145 1149 1149 1153 1153 0 1312 1307 1283 1268
    1264 1241 1227 1214 1185 1173 1165 1157 1149 1138 1126 1123 1123
    1126 1126 1130 1130 1130 1130 1130 1134 1134 1134 1138 1138 1138
    1141 1141 1145 1145 1145 1149 1149 1149 1149 1312 1312 1307 1288
    1268 1255 1241 1227 1219 1185 1173 1165 1153 1145 1134 1126 1123
    1123 1126 1126 1130 1130 1130 1130 1130 1134 1134 1138 1138 1138
    1138 1141 1141 1145 1145 1145 1149 1149 1149 1149 1312 1312 1307
    1292 1268 1255 1245 1232 1219 1185 1173 1161 1153 1145 1134 1126
    1123 1123 1123 1126 1130 1130 1130 1130 1130 1134 1134 1138 1138
    1138 1141 1141 1145 1145 1145 1145 1149 1149 1149 1149 0 1317 1312
    1292 1273 1259 1245 1232 1219 1185 1173 1161 1153 1145 1134 1126
    1123 1123 1123 1126 1130 1130 1130 1130 1130 1134 1134 1134 1138
    1138 1141 1141 1145 1145 1145 1145 1149 1149 1149 1149 1317 1317
    1312 1292 1273 1259 1245 1232 1219 1189 1173 1165 1153 1145 1138
    1130 1123 1123 1123 1126 1130 1130 1130 1130 1130 1134 1134 1134
    1134 1138 1141 1141 1145 1145 1145 1145 1149 1149 1149 1149 1333
    1322 1312 1288 1273 1259 1245 1236 1223 1210 1177 1165 1157 1149
    1138 1130 1123 1123 1123 1126 1130 1130 1130 1130 1130 1134 1134
    1134 1134 1138 1141 1145 1145 1145 1145 1145 1149 1149 1149 1153
    1333 1322 1312 1288 1273 1264 1245 1236 1223 1206 1181 1169 1157
    1149 1141 1130 1126 1123 1123 1126 1130 1130 1130 1130 1134 1134
    1134 1134 1138 1138 1141 1145 1145 1145 1145 1145 1145 1145 1149
    1149 1333 1328 1312 1288 1278 1264 1245 1236 1223 1206 1173 1165
    1157 1149 1141 1134 1130 1126 1126 1126 1130 1134 1134 1134 1134
    1134 1134 1138 1138 1141 1141 1145 1145 1145 1145 1145 1145 1145
    1149 1149 1322 1322 1312 1288 1278 1264 1250 1236 1227 1189 1173
    1165 1157 1149 1141 1134 1130 1130 1130 1130 1130 1134 1134 1134
    1134 1134 1134 1138 1141 1141 1141 1145 1145 1145 1145 1145 1149
    1149 1149 1149 0 1322 1312 1292 1278 1264 1250 1241 1232 1189 1173
    1165 1157 1149 1141 1134 1130 1130 1130 1130 1134 1134 1134 1134
    1134 1134 1138 1138 1138 1141 1141 1145 1145 1145 1145 1145 1149
    1149 1149 1149 0 1322 1312 1292 1283 1264 1250 1241 1232 1189 1177
    1169 1161 1149 1141 1134 1130 1130 1130 1130 1134 1134 1134 1134
    1134 1134 1134 1138 1138 1141 1145 1145 1145 1145 1145 1145 1149
    1149 1149 1149 0 1322 1312 1297 1283 1264 1250 1241 1232 1189 1181
    1173 1161 1149 1138 1134 1130 1126 1126 1130 1134 1134 1134 1134
    1134 1134 1134 1138 1138 1141 1145 1145 1145 1145 1145 1145 1149
    1149 1153 1153 0 1328 1312 1292 1283 1268 1255 1241 1232 1189 1185
    1177 1169 1153 1138 1134 1130 1126 1126 1130 1134 1134 1134 1134
    1134 1134 1134 1138 1138 1141 1145 1145 1149 1145 1145 1149 1149
    1149 1153 1153 1328 1328 1317 1292 1283 1268 1255 1236 1227 1210
    1185 1177 1169 1153 1138 1134 1130 1130 1130 1134 1134 1134 1134
    1134 1134 1134 1138 1138 1141 1145 1145 1145 1149 1149 1149 1149
    1149 1153 1153 1153 1343 1328 1307 1297 1283 1268 1255 1236 1227
    1210 1185 1177 1169 1153 1138 1134 1130 1130 1130 1134 1134 1134
    1134 1134 1134 1138 1141 1141 1145 1145 1145 1145 1145 1149 1149
    1149 1153 1157 1153 1153 1343 1333 1307 1297 1283 1268 1255 1241
    1232 1210 1189 1181 1165 1153 1141 1134 1130 1130 1130 1134 1134
    1130 1130 1134 1138 1138 1141 1141 1145 1145 1145 1145 1145 1145
    1149 1149 1153 1157 1153 1153 1343 1333 1307 1297 1288 1268 1255
