<?xml version="1.0"?>
<opencv_storage>
<Depth19530 type_id="opencv-matrix">
  <rows>120</rows>
  <cols>103</cols>
  <dt>w</dt>
  <data>
    6622 6753 6753 6753 6889 7030 7030 7178 7178 7178 7178 7178 7178
    7178 7178 7178 7178 7178 7178 7332 7332 7332 7332 7492 7332 7332
    7332 7332 7332 7660 7660 7660 7835 7660 7660 7660 7660 7660 7660
    7660 7835 7835 7835 7835 7835 8019 8019 8019 8019 8019 8019 8019
    8019 8212 8212 8212 954 954 956 956 956 956 8413 8413 8413 0 0 8019
    0 0 8019 8019 8019 7835 7835 7835 7835 7660 7492 7492 7492 7332 7332
    7332 7332 7332 7178 7178 7030 6889 6889 6889 6753 6753 6622 6497
    6497 6497 6497 6622 6622 6497 6497 6622 6753 6753 6753 6889 7030
    7030 7178 7178 7178 7178 7178 7178 7178 7178 7178 7178 7178 7178
    7332 7332 7332 7332 7332 7332 7332 7332 7332 7332 7660 7660 7660
    7835 7660 7660 7660 7660 7660 7660 7660 7835 7835 7835 7835 7835
    8019 8019 8019 8019 8019 8019 8019 8019 8212 8212 8212 959 959 956
    956 956 956 8413 8413 8413 0 0 0 0 0 0 0 8212 7835 7835 7835 7835
    7660 7492 7492 7492 7332 7332 7332 7178 7178 7178 7178 7030 6889
    6753 6753 6753 6753 6622 6497 6497 6497 6497 6622 6622 6497 6497
    6753 6753 6753 6889 6889 7030 7030 7178 7178 7178 7178 7178 7178
    7178 7332 7332 7332 7332 7332 7332 7332 7332 7332 7332 7332 7332
    7332 7492 7492 7660 7660 7660 7660 7660 7660 7660 7660 7835 7660
    7660 7660 7660 7660 7835 7835 8019 8019 8019 954 8019 8019 8019 8019
    8212 962 962 959 959 956 956 954 954 8413 8413 885 885 885 887 0 0 0
    0 0 8019 7835 7835 7835 7660 7660 7492 7492 7332 7332 7332 7178 7178
    7178 7178 7178 6889 6753 6753 6753 6753 6622 6497 6497 6497 6497
    6889 6622 6497 6497 6889 6753 6753 6889 6889 7030 7030 7178 7178
    7178 7178 7178 7178 7178 7332 7332 7332 7332 7332 7332 7332 7332
    7332 7332 7332 7332 7492 7492 7492 7492 7660 7660 7660 7660 7660
    7660 7835 7835 7660 7660 7660 7660 7660 7660 7835 8019 8019 954 954
    954 956 956 956 959 956 956 956 956 956 956 954 954 8413 8413 885
    885 885 887 0 0 0 0 0 0 0 8019 7835 7660 7660 7492 7492 7332 7178
    7178 7332 7030 7030 7178 7178 7178 6622 6622 6622 6622 6622 6753
    6753 6622 6622 6889 6889 6622 6622 6889 6753 6753 6889 6889 7030
    7030 7030 7178 7178 7178 7178 7178 7178 7178 7332 7332 7332 7332
    7332 7332 7332 7332 7332 7332 7332 7332 7332 7492 7492 7492 7492
    7660 7660 7660 7660 7835 7835 7660 7660 7660 7660 7660 7660 7660 956
    956 954 954 954 954 954 956 954 954 954 954 894 894 891 889 887 880
    880 882 885 885 887 887 887 0 0 0 0 0 0 7835 7835 7660 7492 7492
    7492 7178 7178 7178 7030 7030 7178 7178 7030 6889 6622 6622 6622
    6622 6753 6753 6753 6753 6889 6889 6753 6622 6889 6753 6753 6889
    6889 7030 7030 7030 7178 7178 7178 7178 7178 7178 7178 7178 7178
    7332 7332 7332 7332 7332 7332 7332 7332 7332 7332 7332 7492 7492
    7492 7492 7492 7660 7660 7660 7660 7660 7660 7660 7660 7660 7660
    7660 954 956 956 956 951 951 951 951 954 951 951 951 894 891 891 889
    887 885 880 880 882 885 885 887 887 887 0 0 0 0 0 0 0 7835 7835 7835
    7835 7492 7178 7178 7332 7178 7178 7178 7178 7030 6889 6889 6753
    6753 6753 6753 6753 6753 6889 6889 6889 6889 6753 6753 6753 6753
    6889 6889 7030 7030 7030 7178 7178 7178 7178 7178 7178 7178 7178
    7178 7178 7332 7332 7332 7332 7332 7332 7332 7332 7332 7332 7492
    7492 7492 7492 7492 7660 7660 7660 7660 7660 7660 7660 7660 7660 948
    948 954 954 954 951 946 946 948 948 948 946 946 943 891 889 889 885
    882 882 882 885 885 885 885 887 887 887 0 0 0 0 0 0 0 8019 7835 7835
    7835 7492 7332 7332 7332 7178 7178 7178 7178 7178 7030 6889 6889
    6889 6889 6889 6889 6889 6889 7030 7030 6889 6889 6753 6753 6753
    6889 6889 7030 7030 7030 7178 7178 7178 7178 7178 7178 7178 7178
    7178 7178 7178 7178 7332 7332 7332 7332 7332 7332 7332 7332 7492
    7492 7492 7492 7492 7660 7660 7660 7660 7660 7660 7660 943 943 948
    948 948 948 946 943 938 938 946 885 885 885 882 882 882 882 882 882
    882 882 882 885 885 885 887 887 887 887 887 0 0 0 0 0 0 8019 7835
    7835 7835 7492 7492 7492 7332 7332 7332 7332 7178 7178 7030 7030
    6889 6889 6889 6753 6753 6753 6889 7030 6889 6889 6889 6753 6753
    6753 6889 7030 7030 7030 7030 7178 7178 7178 7178 7178 7178 7178
    7178 7178 7178 7178 7178 7332 7332 7332 7332 7332 7332 7332 7492
    7332 7332 7492 7492 7492 7660 7835 7835 7835 0 0 0 943 943 943 943
    943 943 940 935 887 887 887 885 885 885 882 880 880 880 880 880 882
    882 882 885 885 885 887 887 887 887 887 0 0 0 0 0 0 8019 7835 7835
    7835 7660 7660 7492 7492 7332 7332 7332 7178 7178 7030 7030 6889
    6889 6753 6622 6622 6622 6622 6889 6889 6889 6753 6622 6753 6753
    6889 6889 7030 7030 7178 7030 7030 7178 7178 7178 7178 7178 7178
    7178 7178 7178 7178 7332 7332 7332 7332 7332 7332 7332 7332 7332
    7332 7332 7492 0 0 0 0 0 0 930 0 933 933 935 935 940 885 885 885 885
    882 882 882 882 878 878 878 878 880 880 880 882 882 885 885 885 887
    887 887 887 887 887 0 0 0 0 0 0 7492 7492 7660 7835 7660 7492 7492
    7492 7332 7332 7332 7332 7178 7030 7030 6889 6753 6497 6375 6375
    6375 6375 6622 6753 6622 6497 6622 6753 6753 6889 6889 7030 7030
    7178 7030 7030 7030 7178 7178 7178 7178 7178 7178 7178 7178 7178
    7332 7332 7332 7332 7332 7332 7332 7332 7332 7332 7332 0 0 0 0 0 0 0
    0 930 930 933 933 925 882 882 882 885 882 878 878 880 880 878 878
    878 878 880 880 882 882 882 885 885 885 887 887 887 889 889 889 0 0
    0 0 0 0 7492 7492 7660 7835 7660 7492 7492 7332 7332 7332 7332 7332
    7178 7030 6889 6753 6497 6375 6375 6375 6375 6375 6622 6753 6622
    6497 6753 6753 6889 6889 6889 7178 7178 7178 7178 7030 7030 7178
    7178 7178 7178 7178 7178 7178 7178 7178 7332 7332 7178 7178 7332
    7332 7332 7332 7492 0 0 0 0 0 0 0 0 0 0 923 923 928 923 875 875 878
    878 878 875 875 875 878 878 878 878 878 878 880 880 880 885 885 885
    885 885 887 887 887 889 891 891 894 0 0 0 0 0 0 0 0 7835 7492 7492
    7492 7332 7332 7178 7178 7332 7178 7030 6889 6753 6497 6146 6146
    6259 6375 6375 6622 6753 6753 6497 6622 6753 6889 6889 6889 7178
    7178 7178 7178 7178 7178 7178 7178 7178 7178 7332 7332 7178 7178
    7332 7332 7178 7178 7178 7332 7332 7332 7492 0 0 0 0 0 0 0 0 0 0 923
    923 873 873 873 873 873 875 875 875 875 875 875 875 878 878 878 880
    880 882 880 880 882 882 885 885 887 887 887 887 891 894 894 891 891
    0 0 0 0 0 0 0 0 7492 7492 7492 7178 7178 7178 7178 7178 7332 7030
    6889 6889 6889 6146 6146 6259 6375 6497 5056 4983 4911 4911 6622
    6753 6889 6889 6889 7030 7178 7178 7178 7178 7178 7178 7178 7178
    7178 7332 7332 7332 7332 7332 7332 7178 7178 0 0 0 0 0 0 0 0 0 0 0 0
    0 875 869 869 869 869 871 871 871 871 873 873 873 875 875 875 875
    878 878 878 880 880 882 882 882 882 882 885 885 887 887 887 887 891
    891 894 891 891 894 0 0 0 0 0 0 0 0 5548 7178 7178 7178 5460 5460
    7178 5132 5132 5132 5210 5210 5210 5132 5056 5056 5056 4983 4983
    4911 4911 6622 6753 6889 6889 6889 7030 7178 7178 7178 7030 7030
    7030 7178 7178 7178 7332 7332 7332 7332 0 0 0 0 0 0 0 0 0 0 0 0 0 0
    0 0 871 871 869 869 869 869 869 869 871 871 873 873 873 875 875 875
    878 878 878 880 880 882 882 882 882 882 882 885 887 887 887 889 889
    889 891 894 894 894 894 0 0 0 0 0 0 0 5548 5548 5460 5460 5460 5460
    5374 5210 5132 5132 5132 5210 5210 5210 5132 4983 4983 5056 4983
    4983 4911 4911 6622 6753 6889 6889 6889 7178 7178 7178 7178 7030
    7030 7030 7178 7178 7178 7178 7178 0 928 0 0 0 0 0 0 0 0 0 0 0 0 0
    873 873 867 867 869 869 869 867 867 867 867 869 871 873 873 873 875
    875 875 878 878 878 880 880 882 882 882 882 882 885 885 887 887 887
    889 889 889 891 894 894 894 894 0 0 0 0 0 0 5548 5548 5548 5460 5460
    5460 5460 5374 5210 5210 5210 5210 5210 5210 5132 5132 4983 4983
    5056 4983 4983 4911 4911 6753 6753 6753 6889 6889 7030 7030 7178
    7178 7178 7178 7178 7178 7178 923 923 923 0 0 0 0 0 0 0 0 0 0 0 0 0
