<?xml version="1.0"?>
<opencv_storage>
<Depth5536 type_id="opencv-matrix">
  <rows>59</rows>
  <cols>41</cols>
  <dt>w</dt>
  <data>
    1731 1722 1722 1713 1713 1705 1705 1696 1696 1696 1705 1705 1696
    1696 1705 1696 1696 1688 1688 1688 1680 1680 1688 1688 1696 1688
    1688 1688 1680 1680 1680 1671 1663 1663 1663 1663 1663 1663 1663
    1671 1671 1731 1722 1722 1713 1713 1705 1705 1696 1696 1696 1696
    1696 1696 1696 1705 1696 1696 1688 1688 1688 1688 1688 1688 1688
    1688 1680 1680 1680 1680 1680 1680 1671 1671 1671 1663 1663 1671
    1671 1671 1671 1671 1731 1722 1722 1713 1713 1713 1705 1696 1696
    1696 1696 1696 1696 1696 1696 1696 1696 1688 1688 1688 1696 1696
    1688 1688 1688 1680 1680 1680 1680 1680 1671 1671 1671 1671 1663
    1663 1671 1671 1671 1671 1671 1731 1722 1722 1705 1705 1705 1696
    1696 1696 1696 1696 1688 1688 1688 1696 1696 1696 1696 1696 1696
    1696 1688 1688 1680 1680 1680 1680 1680 1680 1671 1671 1671 1671
    1671 1663 1663 1663 1663 1671 1671 1671 1731 1713 1713 1705 1705
    1705 1696 1696 1696 1696 1696 1688 1688 1688 1688 1688 1688 1696
    1696 1696 1688 1688 1680 1680 1671 1671 1671 1680 1671 1671 1671
    1671 1671 1671 1663 1663 1663 1663 1671 1663 1663 1731 1713 1713
    1705 1696 1696 1696 1696 1696 1696 1696 1688 1688 1688 1688 1688
    1688 1688 1688 1688 1688 1688 1680 1671 1671 1671 1671 1671 1671
    1671 1671 1671 1663 1663 1663 1663 1663 1663 1663 1655 1655 1705
    1705 1705 1696 1696 1696 1696 1696 1696 1696 1688 1688 1688 1688
    1688 1688 1688 1688 1688 1688 1680 1680 1671 1671 1671 1671 1671
    1671 1671 1671 1671 1671 1663 1663 1663 1663 1663 1663 1663 1655
    1655 1696 1696 1696 1696 1696 1696 1696 1696 1696 1696 1688 1688
    1688 1688 1688 1688 1688 1680 1680 1680 1680 1680 1671 1671 1671
    1671 1671 1671 1671 1671 1663 1663 1671 1671 1663 1663 1663 1663
    1655 1655 1655 1696 1696 1696 1696 1696 1696 1696 1696 1696 1688
    1688 1688 1688 1688 1688 1688 1680 1680 1680 1680 1671 1671 1671
    1671 1671 1671 1671 1671 1671 1671 1663 1663 1663 1663 1663 1663
    1663 1655 1655 1655 1655 1696 1696 1696 1696 1696 1696 1696 1696
    1688 1688 1688 1688 1688 1688 1680 1680 1680 1671 1671 1671 1671
    1671 1671 1671 1671 1671 1671 1671 1663 1663 1663 1663 1663 1663
    1663 1663 1663 1655 1655 1655 1655 1696 1696 1696 1696 1688 1688
    1688 1688 1688 1688 1688 1688 1688 1688 1680 1680 1680 1671 1671
    1671 1671 1671 1671 1671 1671 1671 1671 1671 1663 1663 1663 1663
    1663 1663 1663 1663 1663 1655 1655 1647 1647 1696 1696 1696 1696
    1688 1688 1688 1688 1688 1688 1688 1688 1688 1688 1688 1680 1680
    1671 1671 1671 1671 1671 1671 1671 1680 1671 1671 1671 1663 1663
    1663 1663 1663 1663 1663 1655 1655 1655 1655 1647 1647 1705 1696
    1696 1696 1688 1688 1688 1688 1688 1688 1688 1688 1688 1688 1688
    1680 1680 1671 1671 1671 1671 1671 1671 1671 1671 1671 1671 1663
    1663 1663 1663 1663 1663 1655 1655 1655 1655 1655 1655 1655 1655
    1705 1696 1696 1696 1696 1688 1688 1688 1688 1688 1688 1688 1680
    1680 1688 1680 1680 1671 1671 1671 1671 1671 1671 1671 1671 1671
    1671 1663 1663 1663 1663 1663 1655 1655 1655 1655 1655 1655 1655
    1655 1655 1705 1705 1696 1696 1696 1688 1688 1688 1688 1688 1688
    1688 1680 1680 1688 1680 1671 1671 1671 1671 1671 1671 1671 1671
    1671 1663 1663 1663 1663 1663 1663 1663 1655 1655 1655 1655 1655
    1655 1655 1655 1663 1696 1696 1696 1696 1696 1688 1688 1688 1680
    1680 1688 1688 1680 1680 1688 1680 1671 1671 1671 1671 1671 1671
    1671 1671 1663 1663 1663 1663 1663 1663 1663 1655 1655 1655 1655
    1655 1655 1655 1655 1655 1655 1688 1688 1688 1688 1688 1688 1688
    1688 1680 1680 1680 1680 1688 1688 1688 1680 1671 1671 1671 1671
    1671 1671 1671 1663 1663 1663 1663 1663 1663 1663 1655 1655 1655
    1655 1647 1647 1655 1647 1647 1647 1647 1688 1688 1688 1688 1688
    1688 1688 1688 1688 1680 1680 1680 1680 1688 1688 1680 1671 1671
    1671 1671 1671 1671 1663 1663 1663 1663 1663 1663 1663 1663 1655
    1655 1655 1655 1647 1647 1647 1647 1647 1639 1639 1688 1688 1688
    1696 1688 1688 1688 1688 1680 1680 1680 1680 1680 1680 1680 1671
    1671 1671 1671 1671 1671 1671 1663 1663 1663 1663 1663 1663 1663
    1663 1663 1663 1655 1655 1647 1647 1647 1647 1639 1639 1639 1696
    1696 1696 1696 1688 1688 1688 1680 1680 1680 1680 1680 1680 1680
    1671 1671 1671 1671 1671 1671 1671 1671 1663 1663 1663 1663 1663
    1663 1655 1655 1655 1655 1655 1647 1647 1639 1639 1639 1639 1639
    1639 1696 1696 1688 1688 1688 1688 1688 1680 1680 1680 1671 1671
    1671 1680 1671 1671 1671 1671 1671 1671 1671 1671 1663 1663 1663
    1663 1663 1663 1655 1655 1655 1647 1647 1647 1647 1639 1639 1639
    1639 1639 1639 1696 1696 1688 1688 1688 1688 1688 1680 1680 1680
    1671 1671 1671 1680 1671 1671 1671 1671 1671 1671 1663 1663 1663
    1663 1663 1663 1663 1655 1655 1655 1655 1647 1647 1647 1647 1647
    1647 1647 1639 1639 1639 1696 1696 1688 1688 1688 1680 1680 1680
    1680 1680 1671 1671 1671 1680 1671 1671 1671 1671 1671 1671 1663
    1663 1663 1663 1663 1663 1663 1655 1655 1655 1655 1647 1647 1647
    1647 1639 1639 1639 1639 1639 1639 1696 1696 1688 1688 1688 1680
    1680 1680 1680 1680 1671 1671 1671 1680 1671 1671 1671 1671 1663
    1663 1663 1663 1663 1663 1663 1663 1655 1655 1655 1655 1655 1647
    1647 1647 1647 1639 1639 1639 1639 1639 1639 1696 1696 1688 1688
    1680 1680 1680 1680 1671 1671 1671 1671 1671 1671 1671 1671 1671
    1671 1663 1663 1663 1663 1663 1663 1663 1663 1655 1655 1655 1655
    1647 1647 1647 1639 1639 1639 1639 1639 1639 1639 1639 1688 1688
    1688 1688 1680 1680 1680 1680 1671 1671 1671 1671 1671 1671 1671
    1671 1671 1671 1663 1663 1663 1663 1663 1663 1663 1663 1655 1655
    1655 1647 1647 1647 1647 1639 1639 1639 1639 1639 1639 1639 1639
    1680 1680 1680 1680 1680 1680 1680 1680 1671 1671 1671 1671 1671
    1671 1671 1671 1671 1671 1663 1663 1663 1655 1655 1655 1655 1655
    1655 1655 1655 1647 1647 1647 1647 1647 1639 1639 1639 1639 1639
    1639 1647 1680 1680 1680 1680 1680 1680 1680 1671 1671 1671 1671
    1663 1663 1671 1671 1671 1663 1663 1663 1663 1663 1655 1655 1655
    1655 1655 1655 1655 1647 1647 1647 1639 1639 1639 1639 1639 1639
    1639 1639 1639 1639 1680 1680 1680 1680 1680 1680 1680 1671 1671
    1663 1663 1663 1663 1671 1671 1671 1663 1663 1663 1663 1663 1663
    1655 1655 1655 1655 1655 1655 1647 1647 1639 1639 1639 1639 1639
    1639 1639 1639 1639 1639 1639 1680 1680 1680 1671 1671 1671 1671
    1671 1663 1663 1663 1663 1663 1663 1663 1663 1663 1663 1663 1663
    1663 1655 1655 1655 1655 1655 1655 1647 1647 1647 1639 1639 1639
    1639 1639 1639 1639 1639 1632 1632 1632 1688 1680 1680 1671 1671
    1671 1671 1671 1663 1663 1663 1663 1663 1663 1663 1663 1663 1663
    1663 1663 1663 1655 1655 1655 1655 1655 1647 1647 1647 1647 1639
    1639 1639 1639 1639 1639 1639 1639 1632 1632 1632 1688 1688 1680
    1671 1671 1671 1671 1671 1663 1663 1663 1663 1663 1663 1663 1663
    1663 1663 1663 1655 1655 1655 1655 1655 1647 1647 1647 1647 1647
    1639 1639 1639 1639 1639 1639 1639 1639 1639 1632 1632 1632 1688
    1680 1680 1671 1671 1671 1671 1671 1663 1663 1663 1663 1663 1663
    1663 1663 1663 1663 1663 1655 1655 1647 1647 1655 1647 1647 1647
    1639 1639 1639 1639 1639 1639 1632 1632 1632 1632 1639 1632 1632
    1632 1671 1671 1671 1671 1671 1663 1663 1663 1663 1663 1663 1663
    1663 1663 1663 1663 1663 1663 1663 1655 1655 1647 1647 1647 1647
    1647 1639 1639 1639 1639 1639 1639 1632 1632 1632 1632 1632 1632
    1632 1632 1632 1671 1671 1671 1663 1663 1663 1663 1663 1663 1663
    1663 1655 1655 1663 1663 1663 1663 1663 1655 1655 1655 1647 1647
    1647 1647 1647 1639 1639 1639 1639 1639 1639 1632 1632 1632 1632
    1632 1632 1632 1632 1632 1671 1671 1671 1663 1663 1663 1663 1663
    1663 1655 1655 1655 1655 1663 1663 1663 1663 1663 1655 1647 1647
    1647 1647 1647 1647 1647 1639 1639 1639 1639 1639 1639 1632 1632
    1632 1632 1632 1632 1632 1632 1632 1663 1663 1671 1663 1663 1663
