<?xml version="1.0"?>
<opencv_storage>
<Depth17208 type_id="opencv-matrix">
  <rows>77</rows>
  <cols>39</cols>
  <dt>w</dt>
  <data>
    3653 3653 3653 3653 3653 3653 3653 3653 3653 3653 3653 3653 3653
    3653 3653 3692 3692 1609 1609 1616 1655 1655 1655 1663 1663 1536
    1536 1536 1543 1543 3653 1671 1671 3653 3692 3732 3732 3732 3732
    3653 3653 3653 3653 3653 3653 3653 3653 3653 3653 3653 3653 1572
    1572 3692 1586 1586 1594 1601 1616 1647 1655 1655 1663 1663 1543
    1536 1536 1543 1663 1663 1663 1663 1663 1713 3732 3732 3732 3732
    3653 3653 3653 3653 3653 3653 3653 3653 3653 3653 1579 1579 1572
    1572 1572 1579 1579 1586 1594 1609 1639 1647 1655 1671 1543 1536
    1529 1529 1543 1647 1647 1647 1655 1663 1713 1731 1731 1731 3732
    3653 3653 3653 3653 3653 3653 3653 3653 3653 1579 1572 1572 1572
    1572 1572 1572 1579 1579 1586 1594 1609 1639 1550 1543 1543 1536
    1529 1529 1543 1639 1639 1647 1655 1663 1713 1722 1722 1722 1722
    3653 3653 3653 3653 3653 3653 3614 1579 1572 1572 1572 1572 1572
    1572 1572 1572 1579 1579 1579 1579 1579 1557 1543 1536 1536 1529
    1529 1529 1536 1624 1624 1632 1647 1671 1705 1705 1705 1713 1713
    3653 3653 3653 3653 3653 3653 3614 1579 1572 1572 1572 1572 1572
    1572 1572 1564 1557 1557 1564 1564 1550 1550 1543 1536 1536 1529
    1529 1529 1536 1601 1609 1609 1624 1624 1655 1688 1688 1705 1705
    3653 3653 3653 3653 3653 3614 1586 1572 1572 1572 1572 1572 1564
    1564 1564 1557 1550 1550 1550 1550 1543 1543 1543 1536 1536 1536
    1536 1536 1550 1579 1579 1586 1609 1616 1639 1663 1680 1688 1696
    3653 3653 3653 3653 3653 1586 1586 1572 1572 1572 1572 1572 1557
    1557 1557 1550 1550 1550 1550 1543 1543 1543 1536 1536 1529 1529
    1529 1529 1529 1557 1572 1579 1594 1609 1632 1663 1680 1688 1696
    3653 3653 3692 3653 3653 1586 1586 1579 1572 1572 1564 1564 1557
    1557 1557 1550 1550 1550 1543 1543 1543 1536 1529 1529 1529 1529
    1529 1529 1529 1550 1572 1579 1594 1609 1632 1663 1680 1688 1696
    3653 3653 3653 3653 1601 1586 1579 1579 1572 1572 1564 1564 1557
    1550 1550 1550 1550 1550 1543 1543 1543 1536 1529 1529 1529 1529
    1529 1529 1529 1550 1572 1579 1594 1609 1639 1663 1680 1688 1696
    3653 3653 3653 3653 1579 1579 1579 1579 1572 1572 1572 1564 1557
    1550 1550 1550 1550 1550 1550 1543 1543 1543 1529 1529 1529 1529
    1529 1529 1536 1550 1572 1586 1609 1624 1647 1671 1680 1696 1696
    3653 3653 3653 3653 1579 1579 1579 1579 1572 1572 1572 1564 1557
    1550 1550 1550 1550 1550 1543 1543 1543 1543 1529 1529 1529 1529
    1529 1536 1543 1564 1579 1586 1609 1624 1655 1671 1688 1696 1705
    3653 3653 3653 3653 3653 1586 1579 1572 1572 1572 1572 1557 1557
    1550 1550 1550 1550 1550 1543 1543 1543 1543 1536 1529 1529 1529
    1536 1543 1550 1564 1579 1594 1616 1624 1663 1671 1688 1696 1705
    3653 3653 3653 3653 3653 3653 1579 1572 1572 1572 1572 1557 1557
    1550 1550 1550 1550 1550 1550 1543 1543 1536 1536 1529 1529 1529
    1536 1543 1550 1564 1579 1594 1616 1632 1663 1671 1680 1688 1705
    3653 3653 3653 3653 3653 1579 1579 1572 1572 1572 1572 1564 1564
    1557 1557 1550 1550 1550 1543 1543 1543 1536 1536 1536 1536 1536
    1543 1550 1550 1564 1579 1601 1624 1639 1663 1671 1680 1688 1688
    3653 3653 3653 3653 3653 1572 1572 1572 1572 1572 1572 1564 1564
    1557 1557 1550 1550 1550 1543 1543 1543 1536 1529 1529 1536 1536
    1543 1543 1550 1564 1586 1601 1624 1647 1663 1671 1680 1688 1688
    3653 3653 3653 3653 3653 1572 1572 1572 1572 1572 1572 1564 1564
    1557 1557 1550 1550 1543 1543 1543 1543 1536 1529 1529 1536 1536
    1536 1543 1550 1572 1586 1601 1624 1655 1671 1671 1680 1688 3732
    3653 3653 3653 3653 3653 1572 1572 1572 1572 1572 1572 1557 1557
    1550 1550 1550 1550 1543 1543 1543 1543 1536 1536 1536 1529 1529
    1529 1543 1557 1572 1586 1601 1632 1647 1671 1680 1688 1688 3732
    3653 3653 3653 3653 3653 1572 1572 1572 1579 1579 1564 1557 1557
    1550 1550 1550 1550 1543 1543 1543 1543 1543 1536 1536 1529 1529
    1529 1543 1557 1572 1586 1601 1632 1647 1671 1680 1688 1713 3732
    3653 3653 3653 3653 3653 1579 1579 1579 1579 1572 1564 1557 1557
    1550 1550 1550 1550 1543 1543 1543 1543 1536 1536 1536 1529 1529
    1536 1543 1557 1572 1586 1601 1632 1647 1663 1688 1705 1713 1713
    3653 3653 3653 3653 3653 1579 1579 1579 1579 1572 1564 1557 1550
    1550 1550 1550 1550 1543 1543 1543 1536 1536 1536 1529 1529 1529
    1536 1543 1557 1572 1586 1609 1632 1647 1663 1688 1705 1705 1705
    3653 3653 3653 3653 3653 1579 1579 1579 1579 1572 1564 1557 1550
    1550 1550 1550 1550 1543 1543 1543 1536 1529 1529 1529 1529 1529
    1536 1550 1564 1579 1586 1609 1632 1655 1671 1688 1705 1705 1705
    3653 3653 3653 3653 3653 1579 1579 1579 1579 1572 1564 1557 1550
    1550 1550 1550 1550 1543 1543 1543 1536 1529 1523 1523 1529 1529
    1543 1550 1564 1579 1586 1609 1632 1655 1671 1688 1696 1696 1696
    3653 3653 3653 3653 1579 1579 1579 1579 1579 1572 1564 1557 1550
    1550 1550 1550 1550 1543 1543 1543 1536 1529 1523 1523 1529 1529
    1543 1550 1564 1579 1601 1609 1632 1655 1680 1688 1696 1696 3732
    3653 3653 3653 3653 1579 1579 1579 1579 1579 1572 1572 1564 1557
    1550 1550 1550 1543 1543 1543 1543 1536 1529 1529 1529 1529 1536
    1543 1550 1564 1586 1601 1609 1639 1655 1680 1688 1696 1696 3732
    3653 3653 3653 3653 1579 1579 1579 1579 1579 1572 1572 1564 1557
    1557 1550 1550 1543 1543 1543 1536 1536 1536 1536 1529 1529 1536
    1543 1550 1564 1586 1609 1616 1639 1655 1680 1688 1696 1696 3732
    3653 3653 3653 3653 1572 1572 1572 1579 1572 1572 1564 1564 1557
    1550 1550 1550 1543 1543 1543 1536 1536 1529 1529 1529 1529 1536
    1550 1550 1572 1586 1609 1616 1639 1663 1680 1688 1696 1696 3732
    3653 3653 3653 3653 1572 1572 1572 1579 1572 1564 1564 1557 1557
    1550 1550 1550 1543 1543 1543 1543 1536 1529 1529 1529 1529 1536
    1550 1564 1579 1594 1609 1624 1639 1671 1680 1688 1696 1696 3774
    3653 3653 3653 3653 1572 1572 1579 1579 1572 1564 1564 1557 1557
    1550 1550 1550 1543 1543 1543 1543 1536 1529 1529 1529 1529 1543
    1557 1564 1579 1594 1609 1624 1647 1671 1688 1696 1705 1705 3774
    3653 3653 3653 3653 1579 1579 1579 1579 1572 1564 1564 1557 1557
    1550 1550 1550 1550 1550 1543 1543 1543 1536 1529 1529 1529 1543
    1557 1564 1579 1594 1609 1624 1655 1671 1688 1696 1713 3774 3732
    3653 3653 3653 3653 1579 1579 1579 1579 1572 1564 1564 1557 1557
    1550 1550 1550 1550 1550 1543 1543 1543 1536 1529 1529 1536 1543
    1557 1572 1579 1594 1616 1632 1655 1671 1688 1696 1696 3774 3732
    3653 3653 3653 1572 1572 1579 1579 1579 1572 1572 1564 1564 1557
    1557 1550 1550 1550 1543 1543 1543 1536 1536 1529 1529 1536 1543
    1550 1564 1579 1594 1616 1632 1663 1671 1688 1696 1696 3774 3774
    3653 3653 3653 1572 1572 1572 1579 1579 1572 1564 1564 1564 1564
    1557 1550 1550 1550 1543 1543 1543 1536 1536 1529 1529 1536 1543
    1550 1564 1586 1601 1616 1632 1671 1680 1688 1696 1696 3732 3732
    3653 3653 3653 1572 1572 1572 1579 1579 1572 1564 1564 1564 1557
    1557 1550 1550 1550 1543 1543 1543 1536 1536 1529 1529 1536 1543
    1557 1572 1586 1601 1616 1632 1671 1680 1688 1705 1705 3692 3692
    3653 3653 3653 1572 1572 1572 1579 1579 1572 1572 1564 1564 1557
    1557 1550 1550 1550 1543 1543 1543 1536 1536 1536 1536 1536 1550
    1557 1572 1594 1609 1616 1632 1671 1680 1688 1705 1705 3692 3692
    3653 3653 3653 1579 1579 1579 1579 1579 1572 1572 1564 1564 1557
    1557 1550 1550 1550 1543 1543 1543 1536 1536 1536 1536 1543 1550
    1564 1579 1594 1609 1616 1632 1671 1688 1696 1705 1705 3692 3692
    3653 3653 3653 1579 1579 1579 1579 1579 1572 1572 1564 1564 1557
    1557 1550 1550 1550 1550 1543 1543 1536 1536 1536 1543 1543 1550
    1564 1579 1601 1609 1616 1632 1671 1688 1696 1705 1705 3732 3732
    3653 3653 3692 1579 1579 1579 1579 1579 1572 1572 1564 1564 1557
    1557 1550 1550 1550 1543 1543 1543 1543 1543 1543 1543 1543 1550
    1564 1579 1601 1616 1624 1639 1680 1688 1696 1705 1705 3732 3732
