<?xml version="1.0"?>
<opencv_storage>
<Depth0896 type_id="opencv-matrix">
  <rows>8</rows>
  <cols>26</cols>
  <dt>w</dt>
  <data>
    4582 4582 4582 5210 5210 5210 5210 5210 5210 5210 5291 5210 5210
    5210 5210 5056 5056 5056 5056 5132 5210 5210 5210 5210 5210 5132
    5132 5132 5210 5210 5210 5210 5210 5210 5291 5291 5210 5210 5210
    5210 5132 5132 5132 5210 5210 5210 5210 5210 5210 5210 5210 5132
    5210 5210 5210 5210 5210 5210 5210 5210 5210 5210 5210 5210 5210
    5210 5132 5132 5132 5210 5210 5210 5210 5132 5132 5132 5132 5132
    5210 5210 5210 5210 5210 5210 5210 5210 5210 5210 5210 5210 5210
    5210 5132 5132 5210 5210 5210 5210 5210 5132 5132 5132 5132 5132
    5132 5210 5210 5210 5210 5210 5210 5210 5210 5210 5210 5132 5132
    5132 5210 5210 5210 5210 5210 5210 5210 5210 5132 5132 5132 5056
    4708 4708 5210 5132 5132 5210 5210 5210 5210 5210 5210 5132 5132
    5132 5056 5056 5291 5291 5210 5210 5210 5210 5210 5132 5132 5056
    4522 4522 4522 4645 4774 5056 5056 5132 5132 5132 5210 5132 5132
    5056 5056 5056 5132 5210 5210 5210 5210 5210 5210 5132 5132 5056
    4522 4522 4522 4522 4582 4582 4582 4582 4983 4983 4983 4911 4911
    4983 4983 4983 4983 4983 5210 5210 5210 5210 5210 5132 5056 5056</data></Depth0896>
</opencv_storage>
