<?xml version="1.0"?>
<opencv_storage>
<Depth9993 type_id="opencv-matrix">
  <rows>84</rows>
  <cols>45</cols>
  <dt>w</dt>
  <data>
    0 0 0 0 967 967 967 967 967 967 967 964 964 964 964 964 964 962 962
    962 959 959 959 959 956 956 956 954 954 956 954 954 956 956 956 987
    998 1001 1004 1087 1084 1084 1087 0 0 0 0 0 0 970 967 967 967 967
    967 967 964 964 964 964 964 964 964 962 962 959 959 959 959 959 959
    956 954 954 954 954 954 956 956 956 975 1004 1007 1013 1025 1084
    1084 1087 0 0 0 0 0 0 970 970 967 967 967 970 967 967 964 964 964
    964 964 964 964 962 959 959 959 959 959 956 956 954 954 954 954 954
    956 956 956 973 1019 1019 1022 1025 1090 1090 1090 1090 1134 0 0 0
    973 970 970 970 970 970 970 970 967 967 964 964 964 964 964 964 962
    962 959 959 959 959 956 956 956 956 956 956 956 956 956 956 970 973
    1022 1022 1025 1094 1097 1097 1105 1134 0 0 0 967 967 970 970 970
    970 973 970 967 967 964 964 964 964 964 964 962 962 962 959 959 956
    956 956 956 956 956 956 956 956 956 959 970 973 1013 1022 1025 1025
    1108 1105 1105 1134 0 0 0 967 967 967 970 973 973 973 970 970 967
    964 964 964 964 964 964 962 962 962 959 959 956 956 956 956 956 956
    956 956 956 959 959 967 978 1001 1022 1060 1060 1112 1108 1108 1108
    0 0 0 967 967 967 973 973 973 973 970 970 967 967 964 964 964 964
    964 962 962 962 962 959 959 956 956 956 956 956 956 956 959 962 964
    967 998 1001 1001 1060 1105 1105 1108 1108 1108 0 0 0 967 967 967
    973 973 973 973 973 970 967 967 967 967 964 964 964 962 962 962 962
    962 959 956 956 956 956 956 956 956 959 964 967 970 998 1001 1001
    1063 1090 1101 1108 1108 1108 0 0 975 975 973 973 975 973 973 973
    973 970 967 967 967 967 967 964 964 962 962 962 962 962 959 956 956
    956 956 956 956 956 959 964 967 973 998 1001 1001 1001 1090 1097
    1105 1105 1123 0 0 975 975 973 973 975 973 973 973 973 970 967 967
    967 967 967 964 964 964 964 962 962 959 959 956 956 956 956 956 956
    956 956 967 970 975 998 1001 1001 1001 1084 1094 1105 1123 1123 0 0
    0 975 973 973 975 973 973 973 970 970 970 970 967 967 967 964 964
    964 964 962 962 959 959 956 956 956 956 956 956 956 956 967 973 978
    1001 1004 1007 1070 1080 1084 1112 1123 1123 0 0 0 973 973 975 975
    975 973 973 970 970 970 970 967 967 967 964 964 964 964 962 962 962
    959 959 956 956 956 956 956 956 956 964 975 981 1004 1010 1070 1073
    1077 1084 1126 1130 1138 0 0 0 973 973 975 975 975 973 973 973 970
    967 967 967 967 967 964 964 964 964 962 962 962 959 959 956 956 956
    956 956 956 959 964 970 992 1010 1013 1073 1073 1073 1126 1126 1130
    1138 0 0 0 973 973 975 975 975 975 973 973 970 967 967 967 967 967
    964 964 964 964 962 962 962 959 959 956 956 956 956 956 956 959 964
    970 1013 1016 1019 1070 1067 1067 1123 1134 1138 1138 0 0 0 973 973
    975 975 975 975 973 970 970 967 967 967 967 967 967 964 964 964 962
    962 962 959 959 959 959 959 956 956 959 962 964 967 967 1016 1025
    1057 1067 1067 1123 1134 1138 1138 0 0 975 973 973 973 975 975 973
    973 970 970 970 970 970 967 967 967 964 964 964 964 962 959 959 959
    959 959 959 959 959 962 964 967 967 967 1022 1038 1041 1063 1123
    1126 1134 1141 1141 0 0 973 973 973 973 975 973 973 973 970 970 970
    970 970 967 967 967 964 964 964 964 962 959 959 959 959 959 959 959
    959 959 962 970 984 992 1031 1038 1041 1060 1119 1123 1141 1149 1149
    0 0 970 970 973 973 975 973 973 973 970 970 970 967 967 967 967 967
    964 964 964 964 962 962 959 959 959 959 959 959 959 959 962 970 987
    992 1025 1034 1047 1060 1119 1123 1145 1153 1153 0 0 970 970 973 973
    975 975 973 973 970 970 970 967 967 967 967 967 964 964 964 964 962
    962 962 959 959 959 959 959 959 959 967 967 989 1004 1016 1031 1041
    1057 1097 1141 1149 1153 1153 0 0 0 973 973 973 975 975 975 973 970
    970 970 970 967 967 967 967 964 964 964 964 962 962 962 959 959 959
    956 956 956 956 967 967 995 1007 1016 1031 1041 1057 1097 1112 1149
    1149 1153 0 0 970 970 973 973 975 975 975 973 973 973 970 970 970
    967 967 964 964 964 964 964 964 962 962 962 959 959 956 956 956 956
    967 967 995 1007 1019 1031 1057 1063 1108 1108 1145 1149 1153 0 0
    970 970 973 973 975 975 973 973 973 973 970 970 967 967 967 964 964
    964 964 964 964 964 962 962 959 959 959 956 956 959 967 967 995 1001
    1010 1031 1063 1077 1108 1108 1138 1149 1149 0 0 973 973 973 973 975
    975 973 973 973 973 973 970 967 967 967 967 964 964 964 964 964 964
    962 962 962 959 959 959 956 956 989 989 995 998 1004 1047 1073 1080
    1112 1119 1134 1145 1145 0 0 973 973 973 973 975 975 973 973 973 973
    973 970 967 967 967 967 967 967 964 964 964 962 962 959 959 959 959
    956 956 956 998 998 998 998 1004 1057 1073 1080 1115 1123 1134 1145
    1145 0 0 975 975 973 973 975 975 975 975 973 973 973 970 967 967 967
    967 967 967 964 964 964 962 962 959 959 959 959 956 956 956 1001 998
    998 1001 1004 1070 1077 1105 1115 1123 1141 1149 1149 0 0 975 975
    975 975 978 975 975 975 973 973 973 970 970 967 967 967 967 967 964
    964 964 964 962 962 959 959 959 956 956 959 998 989 989 998 1004
    1063 1063 1063 1119 1134 1141 1153 1153 0 0 975 975 975 975 978 975
    975 975 973 973 973 970 970 967 967 967 967 967 964 964 964 964 962
    962 962 962 962 959 959 962 964 987 987 998 1038 1063 1063 1063 1119
    1119 1149 1161 1161 0 0 975 975 975 975 975 975 975 975 973 973 970
    970 970 967 967 967 967 967 964 964 964 964 962 962 962 962 962 962
    962 964 964 987 987 998 1038 1054 1073 1073 1119 1119 1149 1157 1157
    0 0 975 975 975 975 975 975 975 975 973 973 970 970 970 967 967 967
    967 964 964 964 964 964 964 962 962 962 962 962 962 962 964 987 989
    1028 1031 1050 1070 1073 1119 1119 1149 1157 1157 0 0 975 975 973
    973 975 975 975 975 973 973 973 973 970 967 967 967 967 964 964 964
    964 964 964 962 962 962 962 959 959 962 964 989 989 1028 1031 1041
    1070 1073 1119 1119 1145 1145 0 0 975 975 975 973 973 975 975 975
    973 973 973 973 973 970 967 967 967 967 967 964 964 964 964 964 962
    962 962 962 959 959 959 998 998 998 1019 1034 1041 1067 1087 1119
    1123 1145 1145 0 0 975 975 975 973 973 975 975 975 973 973 975 973
    973 970 967 967 967 967 967 964 964 964 964 964 964 964 962 962 959
    959 959 967 998 1001 1013 1025 1050 1067 1119 1130 1134 1149 1149
    1157 0 975 975 975 973 973 975 975 975 975 975 975 973 973 970 967
    967 967 967 967 964 964 964 964 964 964 964 962 962 962 962 964 967
    995 1001 1010 1025 1063 1067 1130 1134 1141 1149 1157 1157 0 978 975
    975 973 973 975 975 975 975 975 975 973 973 970 967 967 967 967 967
    964 964 964 964 964 964 964 964 964 964 964 964 975 992 1001 1010
    1022 1067 1070 1130 1134 1138 1149 1157 1157 0 0 975 973 973 973 975
    975 975 975 975 975 975 973 970 967 967 967 967 967 967 964 964 964
    964 964 964 967 967 964 964 964 984 992 1007 1013 1022 1070 1070
    1130 1134 1134 1145 1157 1157 0 0 975 973 973 973 975 975 975 975
    975 975 975 973 970 967 967 967 967 967 967 967 964 964 964 964 964
    967 967 964 964 964 970 992 1010 1019 1025 1070 1070 1119 1130 1134
    1145 1145 1145 0 0 975 973 973 973 978 978 975 975 975 975 975 973
    970 970 967 967 967 967 967 964 964 964 964 964 964 967 967 964 964
    964 967 995 1010 1025 1034 1077 1077 1115 1130 1134 1145 1145 0 0
    975 975 973 973 975 978 978 975 975 975 975 975 973 973 970 967 967
    967 967 967 964 964 964 964 964 964 964 964 964 964 964 967 1001
    1016 1025 1034 1080 1080 1115 1123 1138 1145 1145 0 0 975 975 975
    975 975 978 978 975 975 975 975 975 973 973 970 967 967 967 967 967
    964 964 964 964 964 964 964 964 964 964 964 967 1010 1016 1025 1038
    1080 1080 1115 1123 1145 1153 1153 0 0 973 973 975 975 975 978 978
    978 975 975 975 975 973 973 970 970 967 967 967 967 964 964 964 964
    964 964 964 964 964 964 964 970 1013 1022 1022 1084 1077 1077 1119
    1123 1153 1157 1157 0 0 973 973 975 975 975 978 975 975 975 975 975
