<?xml version="1.0"?>
<opencv_storage>
<Depth14412 type_id="opencv-matrix">
  <rows>44</rows>
  <cols>36</cols>
  <dt>w</dt>
  <data>
    4582 4645 4645 2286 2286 2317 2333 2333 2333 2317 2317 2301 2301
    4241 4241 4241 2256 2226 2226 2271 2271 2271 2271 2271 2271 2256
    2241 2226 2226 2241 3994 4041 4041 4041 4041 3994 2333 2333 2317
    2286 2286 2317 2317 2317 2317 2317 2301 2286 2286 2286 2286 2286
    2256 2226 2226 2271 2271 2271 2271 2256 2256 2256 2241 2241 2241
    2241 4041 4041 4089 4089 4041 4041 2333 2333 2317 2317 2317 2317
    2317 2317 2317 2317 2301 2286 2286 2286 2286 2271 2256 2256 2256
    2256 2256 2256 2256 2256 2256 2256 2241 2241 2241 2241 4041 4041
    4089 4089 4041 4041 2333 2333 2317 2317 2317 2317 2317 2317 2317
    2317 2301 2286 2286 2271 2271 2271 2271 2256 2256 2256 2256 2256
    2256 2256 2256 2256 2241 2241 2241 2241 4041 4041 4041 4089 4089
    4041 2301 2301 2317 2317 2317 2317 2317 2317 2317 2301 2301 2286
    2286 2271 2271 2271 2271 2271 2271 2271 2256 2256 2256 2256 2256
    2256 2241 2241 2241 2226 2226 3994 3994 4041 3994 3994 2301 2301
    2317 2317 2317 2317 2317 2317 2317 2301 2301 2286 2286 2271 2271
    2271 2271 2271 2271 2271 2256 2256 2256 2256 2256 2256 2241 2241
    2241 2226 2226 3994 3994 3994 3994 3994 2317 2317 2317 2317 2317
    2317 2317 2317 2301 2301 2286 2286 2286 2271 2271 2271 2271 2271
    2271 2271 2256 2256 2256 2256 2241 2241 2241 2241 2241 2226 2212
    2212 3994 3994 3994 3948 2317 2317 2317 2317 2317 2317 2317 2317
    2301 2301 2286 2286 2286 2286 2271 2271 2271 2271 2271 2256 2256
    2256 2256 2256 2241 2241 2241 2241 2241 2226 2212 2212 3994 3994
    3994 3948 2333 2333 2317 2317 2317 2317 2317 2317 2301 2301 2301
    2286 2286 2286 2271 2271 2271 2271 2256 2256 2256 2256 2256 2256
    2241 2241 2226 2226 2226 2226 2226 3994 3994 3994 3994 3994 2317
    2317 2317 2317 2317 2317 2317 2317 2301 2301 2286 2286 2286 2286
    2286 2271 2256 2256 2256 2256 2256 2256 2256 2256 2241 2241 2226
    2226 2212 2212 2212 3994 3994 4041 4041 3994 2301 2301 2317 2317
    2317 2317 2317 2317 2301 2301 2286 2286 2286 2286 2271 2271 2256
    2256 2256 2256 2256 2241 2241 2241 2241 2241 2226 2226 2212 2212
    2212 3994 3994 3994 4041 3994 2301 2301 2301 2317 2317 2317 2317
    2317 2301 2301 2286 2271 2271 2271 2271 2271 2256 2256 2256 2241
    2241 2241 2241 2241 2241 2241 2226 2226 2212 2198 2198 3948 3948
    3994 4041 3994 3208 2301 2301 2317 2317 2317 2317 2317 2301 2286
    2271 2271 2271 2271 2271 2256 2256 2256 2256 2241 2241 2241 2241
    2241 2241 2241 2226 2226 2212 2198 2198 2212 3948 3994 4041 3994
    3178 2317 2317 2317 2317 2317 2317 2317 2301 2286 2271 2271 2271
    2271 2271 2256 2256 2256 2256 2256 2256 2241 2241 2241 2241 2226
    2226 2226 2212 2212 2212 2212 3994 3994 3994 3994 3178 2317 2317
    2317 2317 2317 2317 2317 2301 2286 2271 2271 2271 2271 2271 2271
    2256 2256 2256 2256 2256 2256 2241 2241 2241 2226 2226 2226 2212
    2212 2212 2212 3994 3994 3994 3994 3178 2317 2317 2301 2301 2301
    2301 2301 2286 2286 2271 2271 2271 2271 2271 2256 2256 2256 2256
    2256 2256 2256 2241 2226 2226 2226 2226 2212 2212 2212 2212 2212
    2212 3994 3994 3994 4405 2317 2301 2301 2301 2301 2301 2301 2286
    2286 2271 2271 2271 2271 2271 2256 2256 2256 2256 2256 2256 2256
    2241 2226 2226 2226 2226 2212 2212 2212 2212 2212 2212 3994 3994
    3994 4522 2317 2301 2301 2301 2301 2286 2286 2286 2286 2271 2271
    2271 2271 2256 2256 2256 2256 2256 2256 2241 2241 2241 2226 2226
    2226 2212 2212 2212 2212 2212 2198 2198 4041 3994 3994 4582 2317
    2301 2301 2301 2286 2286 2286 2286 2286 2271 2271 2271 2271 2256
    2256 2256 2256 2256 2256 2241 2241 2226 2226 2226 2226 2212 2212
    2212 2212 2212 2198 2103 2103 4041 3994 4582 2317 2301 2286 2286
    2286 2286 2286 2286 2286 2271 2271 2271 2271 2256 2256 2256 2256
    2256 2256 2241 2241 2226 2226 2226 2226 2226 2212 2212 2212 2212
    2198 2103 2103 4041 3994 4582 2333 2301 2286 2286 2286 2286 2286
    2286 2286 2271 2271 2271 2271 2271 2256 2256 2256 2256 2241 2241
    2241 2226 2226 2226 2226 2226 2212 2212 2212 2212 2198 2184 2184
    4041 4041 4645 4645 2301 2301 2286 2286 2286 2286 2286 2286 2271
    2271 2271 2256 2256 2256 2256 2256 2256 2241 2241 2241 2226 2226
    2226 2226 2226 2212 2212 2212 2212 2198 2198 2198 4041 4041 4645
    4645 2301 2286 2286 2286 2286 2286 2286 2271 2271 2271 2256 2256
    2256 2256 2256 2256 2256 2241 2241 2241 2226 2226 2226 2226 2226
    2212 2212 2212 2212 2212 2212 2212 3994 3994 4708 4774 2286 2286
    2286 2286 2286 2271 2271 2271 2271 2271 2256 2256 2256 2256 2256
    2256 2256 2241 2241 2241 2226 2226 2226 2226 2226 2212 2212 2212
    2212 2212 2212 2212 3994 3994 4708 4774 2286 2286 2286 2286 2271
    2271 2271 2271 2271 2271 2256 2256 2256 2256 2256 2256 2241 2241
    2241 2241 2226 2226 2226 2226 2212 2212 2212 2212 2212 2212 2212
    2226 2226 3994 4645 4582 2286 2286 2286 2271 2271 2271 2271 2271
    2271 2271 2256 2256 2256 2241 2241 2241 2241 2241 2241 2241 2226
    2226 2212 2212 2212 2212 2212 2212 2212 2212 2212 2212 4089 3994
    4582 4582 2317 2301 2286 2271 2271 2271 2271 2271 2271 2271 2256
    2256 2256 2241 2241 2241 2241 2241 2241 2241 2241 2226 2212 2212
    2212 2212 2212 2212 2212 2212 2212 2212 4089 3994 4582 4582 2317
    2301 2271 2271 2271 2271 2271 2271 2271 2271 2256 2256 2256 2241
    2241 2241 2241 2241 2241 2241 2241 2241 2226 2226 2212 2212 2212
    2212 2198 2198 2198 2198 2198 3994 4582 4582 2317 2301 2271 2271
    2271 2271 2271 2271 2271 2271 2256 2256 2256 2256 2256 2241 2241
    2256 2241 2241 2241 2241 2226 2226 2212 2212 2212 2212 2198 2198
    2198 2198 2198 4041 4582 4522 2333 2301 2271 2271 2271 2271 2271
    2271 2271 2271 2256 2256 2256 2256 2256 2256 2241 2241 2241 2226
    2226 2241 2226 2226 2212 2212 2212 2212 2212 2212 2212 2212 2212
    4041 4582 4522 4522 4522 2271 2271 2271 2271 2271 2271 2271 2271
    2256 2256 2256 2256 2256 2256 2241 2241 2241 2226 2226 2226 2226
    2212 2212 2212 2212 2212 2212 2212 2198 2198 2198 4041 4645 4582
    4582 4582 2271 2271 2271 2271 2271 2271 2271 2256 2256 2256 2256
    2256 2256 2256 2241 2241 2226 2226 2226 2226 2226 2212 2212 2212
    2212 2212 2198 2198 2198 2198 2198 4041 4645 4645 4645 4645 2271
    2271 2271 2271 2271 2271 2271 2256 2256 2256 2256 2256 2256 2241
    2241 2241 2226 2226 2226 2226 2226 2212 2212 2212 2212 2212 2198
    2198 2198 2198 2198 4041 4645 4645 4645 4645 2271 2271 2271 2271
    2271 2271 2271 2256 2256 2256 2256 2256 2256 2241 2241 2226 2226
    2226 2226 2212 2212 2212 2212 2212 2212 2212 2198 2198 2198 2198
    2198 3994 4645 4645 4645 4645 2271 2271 2271 2271 2271 2271 2271
    2256 2256 2256 2256 2256 2256 2241 2241 2226 2226 2226 2212 2212
    2212 2212 2212 2212 2212 2212 2198 2198 2198 2198 2198 3994 4645
    4582 4582 4582 2271 2271 2271 2271 2271 2271 2271 2256 2256 2256
    2256 2256 2256 2241 2226 2226 2226 2212 2212 2212 2212 2212 2212
    2212 2212 2212 2198 2198 2198 2198 2212 3994 4708 4582 4582 4582
    2271 2271 2271 2271 2271 2271 2271 2256 2256 2256 2256 2241 2241
    2226 2226 2226 2226 2212 2212 2212 2212 2212 2212 2212 2212 2212
    2198 2184 2184 2198 2184 2184 4774 4645 4582 4582 2271 2271 2271
    2271 2271 2271 2256 2256 2256 2256 2241 2241 2241 2226 2226 2226
    2212 2212 2212 2212 2212 2212 2212 2212 2212 2212 2198 2184 2184
    2184 2170 2170 4774 4645 4645 4645 2271 2271 2271 2271 2271 2271
    2256 2256 2256 2256 2241 2241 2241 2226 2226 2226 2212 2212 2226
    2226 2212 2212 2212 2212 2212 2212 2198 2198 2198 2170 2156 2156
    4708 4582 4582 4582 2271 2271 2271 2271 2271 2271 2256 2256 2256
    2256 2256 2241 2241 2226 2226 2226 2212 2212 2226 2212 2212 2212
    2212 2212 2212 2212 2198 2198 2198 2170 2156 2156 4645 4582 4582
    4645 2271 2271 2271 2271 2256 2256 2256 2256 2256 2256 2256 2241
    2241 2226 2226 2226 2212 2212 2226 2212 2212 2198 2198 2198 2198
    2198 2198 2198 2198 2170 2170 2170 4645 4582 4582 4582 4582 2286
