<?xml version="1.0"?>
<opencv_storage>
<Depth3944 type_id="opencv-matrix">
  <rows>11</rows>
  <cols>20</cols>
  <dt>w</dt>
  <data>
    6038 6038 6038 6038 5832 5832 5933 5933 7178 7178 7178 7332 7332
    7492 7492 7492 7492 7492 7492 7332 6038 6038 6038 6038 5832 5832
    5933 5933 5933 7178 7178 7332 7332 7492 7492 7492 7492 7492 7492
    7332 5933 5933 6038 6038 6038 5933 5933 5933 5933 7178 7178 7492
    7492 7492 7492 7492 7492 7492 7492 7332 5933 5933 6038 6038 6038
    6038 5933 5933 5933 6038 6038 6146 6146 6259 6375 6375 7492 7492
    7492 7492 5933 5933 6038 6038 6038 6038 5933 5933 6038 6038 6038
    6146 6146 6146 6375 6375 6038 6038 7492 7492 0 6038 6038 6038 6038
    6038 6038 5933 5933 6038 6038 6146 6146 6146 6259 6259 6038 5933
    5933 7660 0 0 6038 6038 6038 6038 6038 5933 5933 6038 6038 6146 6146
    6146 6259 6259 6038 5933 5933 6038 0 0 0 0 0 6146 6038 6038 6038
    6038 6038 6146 6146 6146 6038 6038 6146 6038 6038 6038 0 0 0 0 0 0 0
    0 6038 6038 6146 6259 6146 6146 6038 6038 6038 6038 6038 5933 0 0 0
    0 0 0 0 0 0 0 6375 6259 6146 6146 6038 6038 6038 6038 5933 5832 0 0
    0 0 0 0 0 0 0 0 0 0 0 6146 6038 6038 5933 5933 5832 5734</data></Depth3944>
</opencv_storage>
