<?xml version="1.0"?>
<opencv_storage>
<Depth1266 type_id="opencv-matrix">
  <rows>62</rows>
  <cols>42</cols>
  <dt>w</dt>
  <data>
    3468 3468 1731 1722 1713 1713 3399 3399 3365 3365 3365 3399 3399
    3365 3365 3333 3333 1601 1601 1594 1564 1564 1564 1564 1550 1543
    1536 1536 1529 1516 1516 1543 1550 1543 1543 1550 1536 1536 1536
    1557 1557 3092 3503 3503 1731 1722 1713 1713 1688 1688 1671 1663
    1655 1647 1632 1632 1624 1609 1601 1601 1594 1586 1579 1572 1564
    1564 1550 1543 1543 1536 1529 1529 1529 1536 1543 1543 1543 1543
    1543 1543 1550 1557 1564 1564 3503 1739 1731 1722 1705 1705 1688
    1680 1671 1663 1655 1647 1632 1632 1624 1609 1601 1601 1594 1586
    1579 1572 1564 1564 1550 1543 1536 1536 1529 1529 1529 1529 1536
    1536 1536 1543 1543 1550 1557 1564 1564 1564 3503 1739 1722 1722
    1705 1705 1688 1680 1671 1663 1655 1647 1639 1632 1624 1616 1601
    1601 1594 1586 1579 1572 1564 1557 1550 1543 1536 1536 1529 1529
    1529 1529 1536 1536 1536 1543 1543 1557 1557 1564 1564 1564 3503
    1748 1722 1713 1705 1696 1688 1680 1671 1663 1655 1655 1639 1632
    1624 1616 1601 1601 1594 1594 1579 1572 1564 1557 1550 1543 1536
    1536 1529 1529 1529 1529 1536 1536 1536 1543 1543 1550 1550 1564
    1557 1557 1748 1748 1722 1713 1705 1696 1688 1680 1671 1663 1655
    1655 1639 1632 1624 1616 1601 1601 1594 1594 1579 1564 1564 1557
    1550 1543 1536 1536 1529 1529 1536 1536 1536 1536 1536 1543 1543
    1550 1550 1557 1550 1550 1739 1739 1731 1713 1705 1696 1696 1688
    1680 1671 1663 1655 1639 1639 1624 1616 1601 1601 1594 1594 1579
    1564 1564 1557 1550 1543 1536 1536 1536 1536 1536 1536 1536 1536
    1543 1543 1543 1550 1550 1550 1543 1543 1748 1739 1731 1722 1705
    1696 1696 1688 1680 1671 1663 1655 1639 1639 1624 1609 1601 1601
    1594 1586 1579 1572 1564 1557 1550 1543 1536 1536 1536 1536 1536
    1536 1543 1543 1543 1543 1543 1550 1550 1550 1543 1543 1748 1748
    1739 1722 1705 1696 1696 1688 1680 1671 1663 1655 1639 1632 1624
    1609 1601 1601 1594 1586 1579 1572 1564 1557 1550 1543 1536 1536
    1536 1536 1536 1543 1543 1543 1543 1543 1543 1550 1550 1550 1543
    1543 1748 1748 1739 1722 1713 1696 1696 1688 1680 1671 1663 1655
    1647 1632 1624 1616 1609 1601 1594 1594 1586 1572 1572 1557 1550
    1543 1536 1536 1536 1536 1536 1543 1543 1543 1543 1543 1543 1543
    1550 1550 1543 1543 1766 1757 1739 1731 1713 1705 1696 1688 1688
    1671 1663 1655 1647 1632 1624 1616 1609 1601 1594 1594 1579 1572
    1572 1557 1550 1543 1536 1536 1536 1536 1536 1543 1543 1543 1543
    1543 1543 1543 1550 1550 1557 1557 1766 1748 1739 1731 1713 1705
    1696 1688 1688 1671 1663 1655 1647 1632 1624 1616 1609 1601 1594
    1594 1579 1572 1572 1557 1550 1543 1536 1536 1536 1536 1536 1543
    1543 1543 1543 1543 1543 1543 1550 1550 1550 1557 1766 1748 1731
    1731 1722 1705 1696 1688 1688 1671 1663 1655 1647 1632 1624 1624
    1601 1594 1594 1586 1579 1572 1564 1557 1550 1543 1529 1529 1536
    1536 1536 1536 1543 1543 1543 1543 1543 1550 1543 1543 1550 1550
    1766 1739 1731 1722 1722 1705 1696 1688 1680 1671 1663 1655 1647
    1632 1624 1624 1601 1594 1594 1586 1579 1572 1564 1557 1550 1543
    1529 1529 1536 1536 1536 1536 1543 1543 1543 1543 1543 1550 1543
    1543 1550 1550 1748 1731 1731 1722 1722 1705 1696 1688 1680 1671
    1663 1655 1639 1632 1624 1624 1601 1594 1586 1586 1579 1572 1564
    1557 1550 1543 1536 1536 1536 1536 1536 1536 1543 1543 1543 1543
    1543 1550 1550 1550 1557 1557 1748 1731 1731 1722 1722 1705 1696
    1688 1688 1680 1663 1655 1639 1632 1624 1624 1609 1601 1586 1586
    1579 1572 1564 1557 1550 1543 1536 1529 1529 1536 1536 1536 1536
    1543 1543 1543 1543 1550 1557 1557 1557 1557 1739 1731 1731 1722
    1722 1705 1696 1688 1688 1671 1663 1655 1647 1639 1632 1624 1609
    1601 1594 1586 1579 1572 1564 1557 1550 1543 1536 1529 1529 1536
    1536 1536 1536 1536 1543 1543 1543 1557 1557 1564 1564 1564 1739
    1731 1731 1722 1713 1705 1696 1688 1688 1671 1663 1655 1647 1639
    1632 1624 1609 1601 1594 1586 1579 1572 1564 1557 1550 1536 1536
    1536 1536 1536 1543 1536 1536 1536 1543 1543 1550 1550 1557 1564
    1564 1564 1731 1731 1722 1722 1713 1705 1696 1688 1680 1671 1663
    1655 1647 1639 1632 1624 1609 1601 1594 1594 1579 1572 1564 1564
    1550 1536 1536 1536 1536 1536 1543 1543 1543 1543 1550 1550 1550
    1550 1557 1564 1564 1564 1731 1731 1722 1722 1713 1705 1696 1688
    1680 1671 1663 1655 1639 1632 1632 1624 1609 1601 1594 1594 1579
    1572 1564 1557 1550 1536 1536 1536 1536 1536 1543 1543 1543 1543
    1550 1550 1550 1550 1557 1564 1564 1564 1731 1731 1722 1722 1713
    1705 1696 1688 1680 1671 1663 1647 1639 1632 1624 1624 1601 1601
    1601 1594 1586 1572 1564 1557 1550 1536 1536 1536 1536 1536 1536
    1543 1543 1543 1550 1550 1550 1550 1557 1557 1557 1557 1739 1731
    1722 1722 1713 1705 1696 1688 1680 1671 1663 1647 1639 1632 1624
    1624 1601 1601 1601 1594 1586 1579 1572 1564 1550 1536 1536 1536
    1536 1536 1536 1536 1543 1543 1543 1550 1550 1557 1557 1557 1529
    1529 1748 1731 1731 1722 1713 1705 1696 1688 1688 1671 1663 1639
    1639 1632 1632 1624 1609 1601 1601 1594 1586 1579 1572 1564 1550
    1536 1536 1536 1536 1536 1536 1536 1543 1543 1543 1550 1550 1557
    1557 1557 1529 1529 1739 1731 1731 1722 1722 1705 1696 1688 1688
    1680 1663 1639 1639 1632 1632 1624 1609 1601 1601 1594 1594 1579
    1572 1564 1550 1536 1536 1529 1529 1536 1536 1536 1543 1543 1543
    1550 1550 1557 1557 1564 1557 1557 1739 1731 1731 1731 1722 1705
    1696 1696 1688 1680 1663 1647 1639 1632 1632 1624 1609 1601 1601
    1594 1586 1579 1564 1557 1550 1536 1536 1529 1529 1536 1536 1536
    1543 1543 1543 1550 1557 1557 1557 1564 1564 1564 1739 1739 1731
    1731 1722 1713 1705 1696 1696 1688 1671 1663 1647 1639 1624 1616
    1609 1601 1601 1594 1586 1572 1564 1557 1543 1536 1536 1529 1529
    1536 1536 1543 1543 1543 1543 1550 1557 1557 1557 1564 1572 1572
    1739 1739 1731 1731 1722 1713 1705 1696 1688 1680 1680 1663 1647
    1639 1624 1616 1609 1601 1601 1594 1586 1572 1572 1557 1543 1536
    1536 1536 1536 1536 1543 1543 1543 1543 1550 1550 1557 1557 1557
    1564 1564 1572 1739 1739 1739 1731 1722 1713 1705 1696 1688 1680
    1680 1663 1647 1639 1632 1616 1609 1601 1601 1594 1586 1572 1572
    1557 1550 1543 1536 1536 1536 1536 1543 1543 1543 1543 1550 1550
    1557 1557 1564 1564 1564 1572 1739 1739 1739 1731 1722 1713 1696
    1696 1688 1680 1671 1663 1647 1632 1624 1616 1609 1601 1601 1594
    1586 1579 1572 1557 1550 1543 1536 1536 1536 1536 1543 1550 1550
    1550 1550 1550 1557 1557 1564 1564 1572 1572 1748 1748 1739 1731
    1722 1713 1696 1688 1688 1680 1663 1663 1647 1632 1624 1624 1616
    1601 1601 1594 1594 1586 1572 1557 1550 1543 1536 1536 1536 1536
    1543 1550 1550 1550 1550 1557 1557 1557 1564 1564 1572 1572 1748
    1748 1739 1731 1722 1713 1696 1688 1688 1680 1663 1663 1647 1632
    1632 1624 1616 1601 1601 1594 1594 1586 1572 1557 1550 1543 1543
    1543 1543 1543 1543 1550 1550 1550 1550 1557 1557 1557 1564 1564
    1572 1572 1766 1748 1739 1731 1722 1713 1696 1688 1688 1680 1663
    1663 1647 1632 1632 1624 1616 1601 1601 1601 1594 1579 1572 1564
    1550 1543 1543 1543 1543 1543 1543 1550 1550 1550 1550 1557 1557
    1557 1564 1564 1564 1564 1766 1748 1739 1731 1722 1713 1696 1688
    1688 1671 1663 1655 1647 1639 1632 1624 1624 1609 1601 1601 1586
    1579 1572 1557 1550 1543 1543 1543 1543 1543 1543 1550 1550 1550
    1557 1557 1557 1557 1557 1557 1564 1564 1766 1757 1739 1731 1722
    1713 1696 1688 1688 1671 1663 1655 1647 1639 1632 1624 1624 1609
    1601 1601 1586 1579 1572 1557 1550 1543 1543 1543 1543 1543 1543
    1550 1550 1550 1550 1557 1557 1557 1557 1557 1557 1557 1776 1757
    1748 1731 1722 1722 1705 1696 1688 1680 1663 1655 1647 1639 1632
    1624 1616 1609 1601 1601 1586 1579 1564 1557 1550 1543 1543 1543
    1543 1543 1543 1543 1550 1550 1550 1557 1557 1557 1557 1557 1557
    1557 1766 1757 1757 1739 1731 1722 1713 1696 1688 1680 1663 1655
