<?xml version="1.0"?>
<opencv_storage>
<Depth7633 type_id="opencv-matrix">
  <rows>49</rows>
  <cols>42</cols>
  <dt>w</dt>
  <data>
    5132 5132 5132 5132 5210 5132 5132 5210 1959 1959 1970 1981 1993
    1993 1993 5548 5460 5460 5460 5460 5460 5460 5548 5548 5548 5548
    5548 5548 5548 5548 5640 5734 5734 5734 5734 5734 5832 5832 5832
    5832 5832 5832 5132 5132 5132 5132 5132 5132 1981 1970 1959 1959
    1970 1970 1981 1970 1970 1970 1959 1959 1970 5460 5460 5460 5548
    5548 5548 5548 5548 5548 5548 5548 5640 5734 5734 5734 5734 5734
    5832 5832 5832 5832 5832 5832 5132 5132 5056 5056 5056 5056 1981
    1970 1970 1970 1970 1970 1970 1970 1959 1959 1947 1947 1947 1936
    1936 1947 1947 1947 1947 5460 5460 5548 5548 5548 5734 5734 5734
    5734 5734 5734 5832 5832 5832 5832 5832 5832 5132 5132 5056 5056
    5056 2005 1993 1981 1970 1959 1959 1970 1970 1959 1959 1947 1936
    1936 1936 1926 1926 1936 1936 1936 1947 5460 1904 1894 1894 1894
    1883 1883 5640 5734 5548 5548 5734 5734 5832 5832 5933 5933 5132
    5056 5056 4983 4983 2005 1993 1981 1970 1959 1959 1970 1970 1959
    1959 1947 1936 1936 1926 1926 1926 1926 1926 1915 1894 1894 1894
    1894 1894 1883 1873 1873 1873 1883 1883 1904 1904 1926 1926 5832
    5933 5933 5132 5056 4983 4983 4983 1993 1993 1981 1970 1959 1959
    1959 1959 1959 1947 1936 1926 1926 1926 1926 1926 1915 1915 1904
    1894 1894 1894 1883 1883 1883 1873 1873 1873 1873 1883 1894 1904
    1904 1915 1926 1936 1936 5132 5056 4983 4983 4983 1993 1993 1981
    1970 1947 1947 1959 1947 1947 1947 1936 1926 1926 1926 1926 1926
    1915 1915 1904 1894 1883 1883 1883 1873 1873 1863 1863 1863 1863
    1873 1883 1883 1883 1904 1915 1926 1926 5132 5056 4983 4983 4983
    1993 1981 1970 1959 1947 1947 1959 1947 1947 1936 1936 1926 1926
    1926 1926 1926 1915 1915 1904 1894 1883 1883 1873 1873 1873 1863
    1863 1863 1863 1873 1873 1873 1883 1894 1915 1915 1926 5056 5056
    4983 4983 4983 1981 1970 1959 1959 1947 1947 1947 1936 1936 1936
    1926 1926 1926 1926 1915 1915 1915 1915 1904 1904 1883 1883 1873
    1873 1863 1863 1863 1863 1863 1863 1873 1873 1883 1894 1904 1915
    1915 5056 5056 4983 4983 4983 1981 1970 1959 1959 1947 1947 1947
    1926 1926 1936 1926 1926 1926 1915 1915 1915 1915 1904 1894 1894
    1883 1873 1873 1873 1863 1863 1863 1853 1853 1863 1873 1873 1883
    1894 1904 1915 1915 5056 5056 4983 4983 4983 1959 1959 1959 1947
    1947 1947 1947 1926 1926 1926 1926 1926 1915 1915 1915 1915 1904
    1894 1894 1883 1873 1873 1873 1873 1863 1853 1853 1853 1853 1863
    1873 1873 1883 1904 1904 1915 1915 5056 5056 5056 5056 1959 1959
    1959 1959 1947 1947 1947 1936 1926 1926 1926 1926 1926 1915 1915
    1904 1904 1904 1894 1883 1883 1873 1873 1873 1863 1863 1853 1853
    1853 1863 1863 1873 1873 1894 1904 1904 1915 1915 5056 5056 5056
    5056 1959 1959 1959 1947 1947 1947 1947 1936 1926 1926 1926 1926
    1915 1915 1915 1904 1904 1894 1883 1883 1883 1873 1873 1873 1863
    1863 1853 1853 1853 1863 1863 1873 1873 1894 1904 1904 1915 1915
    5056 5056 5056 5132 5132 1959 1959 1947 1947 1947 1947 1936 1926
    1926 1926 1915 1915 1915 1915 1904 1894 1894 1883 1883 1883 1873
    1873 1873 1863 1853 1853 1853 1853 1863 1863 1873 1873 1883 1904
    1904 1915 1915 5056 5056 5056 5132 1970 1959 1959 1947 1947 1947
    1947 1936 1926 1926 1926 1915 1915 1904 1904 1894 1894 1894 1883
    1883 1883 1873 1873 1863 1863 1853 1853 1853 1853 1863 1863 1873
    1873 1883 1904 1904 1915 1915 5056 5056 5056 5132 1970 1959 1959
    1947 1947 1947 1947 1936 1926 1926 1926 1915 1915 1904 1904 1894
    1894 1883 1883 1883 1883 1873 1873 1863 1863 1853 1853 1853 1853
    1863 1863 1873 1873 1883 1894 1904 1926 1926 5056 5056 5132 1981
    1970 1959 1959 1947 1947 1936 1936 1936 1926 1926 1926 1915 1915
    1915 1904 1894 1894 1883 1883 1883 1873 1873 1873 1873 1863 1853
    1843 1843 1853 1863 1863 1873 1873 1883 1894 1904 1915 1915 5056
    5056 5132 1981 1959 1959 1947 1947 1936 1936 1936 1936 1926 1926
    1915 1915 1915 1904 1904 1894 1894 1883 1883 1883 1873 1873 1863
    1863 1863 1843 1843 1843 1843 1853 1863 1873 1873 1883 1894 1904
    1915 1915 4983 4983 4983 5056 1959 1947 1947 1936 1936 1926 1926
    1926 1926 1915 1915 1915 1915 1904 1904 1894 1894 1883 1883 1883
    1873 1873 1863 1863 1863 1843 1843 1843 1843 1853 1863 1863 1873
    1883 1894 1904 1915 1915 4983 4983 4983 1947 1947 1947 1947 1936
    1936 1926 1926 1926 1915 1915 1915 1915 1915 1904 1894 1894 1883
    1883 1883 1883 1873 1863 1863 1853 1853 1843 1843 1843 1843 1843
    1863 1863 1873 1883 1894 1904 1904 1904 5056 5056 5056 1959 1947
    1947 1936 1936 1936 1926 1926 1926 1915 1915 1915 1915 1904 1894
    1883 1883 1883 1883 1873 1873 1863 1863 1853 1853 1843 1843 1843
    1843 1843 1843 1863 1863 1873 1883 1904 1904 1904 1904 5056 5056
    5056 1959 1947 1947 1936 1926 1926 1926 1926 1926 1915 1915 1915
    1904 1894 1894 1883 1883 1883 1873 1873 1863 1863 1853 1853 1843
    1843 1843 1843 1843 1843 1853 1863 1873 1873 1883 1904 1904 1904
    1904 5056 5056 5056 1959 1947 1936 1926 1926 1926 1915 1915 1915
    1915 1915 1904 1904 1894 1883 1883 1883 1883 1873 1873 1863 1863
    1853 1843 1843 1843 1843 1843 1843 1843 1853 1863 1873 1873 1883
    1904 1904 1915 5640 5056 5056 1947 1947 1947 1936 1926 1926 1915
    1915 1915 1915 1915 1904 1904 1894 1883 1883 1883 1883 1883 1873
    1873 1863 1853 1853 1843 1843 1843 1843 1843 1843 1843 1853 1863
    1873 1873 1883 1883 1894 1894 5640 5056 5056 1947 1947 1947 1936
    1926 1915 1915 1915 1915 1915 1904 1904 1904 1894 1883 1883 1883
    1883 1883 1873 1873 1863 1853 1843 1843 1843 1833 1833 1833 1843
    1843 1853 1863 1873 1873 1883 1883 1894 1894 5734 4983 4983 1947
    1947 1947 1926 1915 1915 1904 1904 1915 1915 1894 1894 1894 1894
    1883 1883 1883 1883 1883 1873 1873 1853 1853 1843 1843 1843 1833
    1833 1833 1843 1843 1853 1863 1873 1873 1883 1894 1894 1894 5832
    4983 4983 1936 1936 1936 1926 1915 1915 1904 1904 1904 1894 1894
    1894 1894 1894 1883 1883 1883 1883 1873 1873 1863 1853 1853 1843
    1843 1843 1833 1833 1833 1833 1843 1853 1863 1863 1873 1883 1894
    1894 1894 5832 4983 4983 1947 1936 1926 1926 1926 1915 1904 1904
    1904 1894 1894 1894 1894 1894 1883 1883 1873 1873 1873 1873 1863
    1853 1853 1843 1843 1833 1833 1833 1833 1833 1843 1853 1863 1863
    1873 1883 1894 1904 1904 5832 5056 5056 1936 1936 1926 1926 1915
    1915 1915 1904 1904 1904 1894 1894 1883 1883 1883 1873 1873 1873
    1873 1873 1863 1853 1853 1843 1843 1833 1833 1833 1833 1833 1843
    1853 1863 1863 1873 1883 1894 1904 1904 5832 5132 1926 1926 1926
    1915 1915 1915 1915 1904 1904 1904 1904 1894 1894 1883 1883 1883
    1873 1873 1873 1873 1863 1853 1843 1843 1843 1843 1833 1833 1833
    1833 1833 1843 1853 1863 1873 1873 1883 1883 1904 1904 5734 5056
    1926 1926 1926 1915 1915 1904 1904 1904 1904 1904 1904 1894 1883
    1883 1883 1883 1873 1873 1863 1853 1853 1843 1843 1843 1843 1833
    1833 1833 1833 1833 1833 1843 1853 1863 1873 1873 1883 1883 1883
    1883 5640 5056 1936 1926 1926 1915 1915 1904 1904 1904 1894 1894
    1894 1883 1883 1883 1883 1873 1873 1873 1863 1853 1843 1843 1843
    1843 1833 1833 1833 1823 1823 1833 1833 1843 1853 1863 1873 1873
    1883 1883 1883 1883 5640 5056 1926 1926 1915 1915 1915 1904 1904
    1894 1894 1894 1894 1883 1883 1883 1883 1873 1873 1873 1863 1853
    1843 1843 1843 1833 1833 1833 1823 1823 1823 1823 1833 1843 1853
    1863 1873 1873 1883 1883 1883 5548 5548 5056 1926 1915 1915 1915
    1904 1904 1904 1894 1894 1894 1894 1883 1883 1883 1883 1873 1873
    1873 1853 1853 1843 1843 1833 1833 1833 1823 1823 1813 1813 1823
    1833 1843 1843 1863 1873 1873 1883 1883 1883 5548 5548 5056 1915
    1915 1915 1915 1904 1904 1904 1894 1894 1894 1894 1883 1883 1883
    1873 1873 1873 1863 1853 1853 1843 1843 1833 1833 1833 1823 1813
    1813 1813 1823 1823 1833 1843 1863 1873 1873 1873 1873 1873 5640
    5640 4774 1915 1915 1915 1915 1904 1904 1904 1894 1894 1894 1894
