<?xml version="1.0"?>
<opencv_storage>
<Depth12262 type_id="opencv-matrix">
  <rows>6</rows>
  <cols>15</cols>
  <dt>w</dt>
  <data>
    6375 6497 6259 6259 6259 6375 6375 6259 6259 0 0 0 0 0 0 6375 6497
    6375 6259 6259 6375 6259 6259 6038 6038 0 0 0 0 0 6375 6497 6375
    6375 6375 6375 6259 6259 6038 6038 6146 6146 6146 6146 0 6497 6497
    6259 6259 6259 6259 6259 6259 6259 6259 6146 6146 6146 6146 6259
    6259 6375 6259 6259 6259 6259 6259 6259 6259 6259 6146 6146 6146
    6259 6259 6259 6375 6375 6375 6375 6375 6259 6259 6259 6259 6146
    6146 6146 6259 6259</data></Depth12262>
</opencv_storage>
