<?xml version="1.0"?>
<opencv_storage>
<Depth1304 type_id="opencv-matrix">
  <rows>74</rows>
  <cols>44</cols>
  <dt>w</dt>
  <data>
    3010 3010 3037 3037 1421 1421 1421 1421 1421 1343 1343 1343 1333
    1333 1333 1322 1312 1302 1297 1288 1278 1273 1259 1259 1259 1259
    1259 1268 1268 1273 1273 1278 1278 1283 1283 1288 1288 1292 1297
    1297 1302 1307 1307 2984 3010 1421 1421 1421 1415 1415 1410 1392
    1381 1370 1343 1343 1338 1333 1333 1322 1307 1302 1292 1288 1278
    1273 1259 1259 1259 1259 1259 1268 1268 1268 1273 1273 1278 1278
    1278 1283 1288 1292 1297 1297 1297 1302 1302 1302 3037 1421 1421
    1421 1415 1410 1398 1392 1381 1370 1354 1349 1343 1333 1333 1322
    1307 1302 1292 1288 1283 1273 1259 1259 1255 1255 1259 1264 1268
    1268 1273 1273 1278 1278 1278 1283 1288 1292 1297 1297 1297 1302
    1302 1302 3010 1427 1427 1421 1415 1404 1398 1392 1381 1370 1354
    1349 1343 1333 1328 1322 1307 1302 1292 1288 1288 1278 1259 1255
    1255 1255 1259 1264 1268 1268 1273 1273 1278 1278 1278 1283 1288
    1292 1297 1297 1302 1302 1297 1297 1427 1427 1427 1421 1415 1404
    1398 1398 1387 1376 1349 1349 1343 1333 1328 1317 1307 1302 1297
    1292 1283 1278 1259 1255 1255 1255 1259 1264 1268 1273 1273 1273
    1278 1278 1283 1288 1288 1292 1297 1302 1302 1302 1297 1297 1433
    1433 1427 1421 1415 1404 1398 1398 1387 1376 1349 1349 1343 1333
    1328 1317 1307 1302 1297 1288 1283 1268 1259 1255 1255 1255 1259
    1259 1264 1268 1273 1273 1278 1278 1283 1288 1288 1292 1297 1302
    1302 1302 1302 1302 1439 1439 1427 1427 1415 1404 1398 1398 1387
    1376 1354 1349 1343 1333 1328 1317 1312 1302 1297 1288 1283 1268
    1264 1255 1255 1255 1259 1259 1264 1268 1273 1273 1278 1278 1288
    1288 1288 1292 1297 1302 1302 1307 1307 1307 1445 1439 1433 1427
    1415 1410 1404 1392 1387 1376 1354 1354 1349 1338 1328 1317 1312
    1302 1297 1288 1283 1268 1264 1259 1255 1255 1259 1264 1268 1268
    1273 1273 1278 1278 1283 1288 1288 1292 1297 1297 1297 1302 1307
    1307 1445 1439 1433 1427 1421 1410 1404 1392 1387 1376 1370 1354
    1349 1338 1328 1317 1312 1307 1297 1288 1283 1268 1264 1259 1255
    1255 1259 1264 1268 1268 1273 1273 1278 1278 1283 1288 1288 1292
    1297 1297 1297 1302 1302 1302 1445 1439 1439 1427 1421 1410 1404
    1398 1387 1376 1370 1354 1349 1338 1328 1317 1312 1307 1297 1292
    1288 1268 1264 1259 1255 1255 1259 1264 1268 1268 1273 1273 1278
    1283 1283 1288 1288 1292 1297 1297 1297 1297 1297 1297 1445 1439
    1439 1427 1421 1410 1404 1398 1387 1376 1370 1354 1349 1338 1328
    1317 1312 1307 1297 1292 1288 1268 1264 1259 1255 1255 1259 1264
    1268 1268 1273 1273 1278 1283 1288 1288 1288 1292 1292 1297 1292
    1292 1297 1297 1439 1439 1433 1427 1415 1410 1404 1398 1392 1381
    1370 1354 1349 1343 1333 1317 1317 1307 1297 1292 1278 1268 1264
    1259 1255 1255 1259 1259 1268 1268 1273 1273 1278 1283 1288 1288
    1288 1292 1292 1297 1292 1292 1292 1292 1421 1421 1421 1421 1415
    1410 1404 1398 1392 1381 1370 1354 1349 1343 1333 1328 1322 1307
    1297 1292 1278 1268 1264 1259 1259 1259 1259 1259 1268 1268 1273
    1273 1278 1283 1288 1288 1292 1292 1292 1292 1297 1302 1302 0 1421
    1421 1421 1421 1415 1415 1404 1398 1392 1387 1370 1354 1349 1343
    1333 1328 1317 1307 1302 1292 1283 1273 1268 1264 1259 1259 1259
    1259 1268 1273 1273 1273 1278 1283 1288 1288 1292 1292 1292 1292
    1302 1302 1302 1307 1439 1427 1421 1421 1421 1415 1404 1398 1392
    1381 1370 1354 1349 1343 1333 1328 1317 1312 1302 1292 1283 1273
    1268 1264 1259 1259 1259 1264 1268 1273 1273 1273 1278 1283 1288
    1288 1292 1292 1292 1292 1302 1302 1307 1307 1439 1433 1427 1421
    1421 1415 1404 1398 1392 1381 1370 1349 1343 1338 1333 1322 1317
    1312 1302 1292 1278 1273 1268 1264 1259 1259 1259 1264 1268 1273
    1273 1273 1278 1288 1288 1288 1292 1292 1297 1297 1302 1302 1302
    1307 1445 1439 1433 1427 1421 1415 1404 1398 1392 1381 1370 1349
    1343 1338 1333 1322 1317 1312 1302 1283 1278 1273 1268 1259 1259
    1259 1259 1264 1268 1273 1273 1273 1278 1288 1288 1288 1292 1292
    1297 1297 1302 1302 1302 1302 1464 1445 1439 1433 1421 1415 1404
    1398 1392 1381 1370 1354 1343 1338 1333 1322 1317 1312 1302 1283
    1278 1273 1268 1259 1259 1259 1259 1264 1268 1273 1273 1278 1283
    1288 1288 1288 1292 1292 1297 1297 1302 1302 1302 1302 1452 1452
    1439 1433 1421 1415 1410 1398 1392 1381 1370 1354 1349 1343 1333
    1322 1317 1312 1302 1288 1278 1273 1268 1264 1259 1259 1264 1264
    1268 1273 1273 1273 1278 1283 1288 1288 1288 1292 1297 1297 1302
    1302 1302 1302 1445 1445 1433 1433 1421 1415 1404 1398 1392 1381
    1370 1354 1349 1343 1333 1322 1317 1312 1307 1288 1278 1273 1264
    1264 1264 1264 1264 1268 1268 1273 1273 1273 1278 1283 1288 1288
    1288 1292 1297 1297 1302 1302 1302 1302 1439 1439 1433 1433 1421
    1415 1404 1398 1392 1381 1370 1354 1349 1349 1333 1328 1317 1312
    1307 1288 1278 1273 1264 1264 1264 1264 1264 1268 1268 1273 1273
    1278 1278 1283 1288 1288 1292 1292 1297 1302 1302 1302 1302 1302
    1439 1439 1433 1433 1421 1415 1410 1398 1392 1381 1365 1359 1354
    1349 1338 1328 1317 1312 1307 1292 1283 1273 1268 1264 1264 1264
    1268 1268 1268 1273 1273 1278 1278 1283 1288 1288 1292 1292 1297
    1302 1302 1302 1302 1302 1445 1445 1439 1433 1421 1415 1410 1398
    1392 1381 1365 1359 1354 1349 1338 1328 1317 1312 1307 1292 1283
    1273 1268 1264 1264 1264 1268 1268 1273 1273 1278 1278 1283 1283
    1288 1292 1292 1297 1297 1302 1302 1307 1307 1307 1452 1445 1445
    1433 1421 1415 1410 1398 1392 1381 1365 1359 1354 1349 1343 1328
    1317 1312 1307 1292 1283 1273 1268 1264 1264 1264 1268 1268 1273
    1278 1278 1278 1283 1283 1288 1292 1292 1297 1297 1297 1302 1307
    1307 1307 1452 1452 1445 1439 1427 1421 1415 1398 1392 1381 1370
    1365 1354 1349 1338 1328 1317 1312 1307 1292 1283 1278 1268 1268
    1268 1268 1268 1268 1273 1278 1278 1278 1283 1283 1288 1292 1292
    1297 1297 1297 1302 1307 1307 1307 1464 1452 1445 1439 1433 1421
    1410 1398 1392 1381 1370 1365 1354 1349 1338 1328 1317 1312 1307
    1292 1283 1278 1268 1268 1268 1268 1268 1268 1273 1278 1278 1278
    1283 1283 1288 1292 1292 1297 1297 1302 1302 1307 1312 1312 1470
    1452 1445 1439 1427 1415 1410 1398 1392 1376 1370 1365 1354 1349
    1338 1328 1317 1312 1307 1292 1283 1278 1273 1268 1268 1268 1268
    1268 1273 1273 1278 1278 1283 1283 1288 1292 1292 1297 1297 1302
    1302 1307 1312 1312 1464 1464 1445 1439 1427 1415 1410 1398 1392
    1376 1370 1365 1354 1349 1338 1328 1317 1312 1307 1292 1283 1278
    1273 1268 1268 1268 1268 1268 1273 1273 1278 1278 1283 1283 1288
    1292 1292 1297 1302 1302 1307 1307 1312 1312 1445 1445 1445 1439
    1427 1415 1410 1398 1392 1376 1370 1365 1354 1349 1338 1328 1317
    1312 1307 1292 1288 1278 1273 1268 1264 1264 1268 1268 1273 1273
    1278 1278 1283 1283 1288 1292 1292 1297 1302 1302 1307 1307 1312
    1312 0 1445 1445 1439 1427 1415 1410 1398 1392 1376 1370 1359 1349
    1349 1338 1328 1317 1312 1307 1292 1288 1278 1273 1268 1264 1264
    1264 1268 1268 1273 1278 1283 1283 1288 1288 1292 1292 1297 1297
    1302 1307 1307 1312 1312 0 1445 1445 1439 1427 1421 1410 1398 1392
    1376 1370 1359 1349 1343 1338 1328 1322 1312 1307 1292 1288 1283
    1273 1268 1264 1264 1264 1264 1268 1273 1278 1283 1283 1288 1288
    1288 1292 1297 1297 1302 1307 1307 1312 1312 0 1445 1445 1439 1433
    1421 1415 1404 1387 1376 1365 1359 1349 1343 1338 1328 1322 1312
    1307 1292 1288 1283 1273 1268 1264 1264 1264 1264 1268 1273 1278
    1283 1288 1288 1288 1288 1292 1297 1297 1302 1307 1307 1307 1307 0 0
    1445 1439 1433 1421 1415 1404 1387 1376 1365 1359 1349 1349 1338
    1328 1322 1317 1307 1292 1288 1283 1278 1268 1264 1264 1264 1268
    1268 1273 1273 1278 1288 1288 1292 1292 1297 1297 1302 1302 1307
    1307 1307 1307 0 0 1445 1445 1433 1427 1415 1404 1392 1376 1365 1359
    1354 1349 1338 1328 1322 1317 1307 1292 1288 1283 1278 1268 1264
