<?xml version="1.0"?>
<opencv_storage>
<Depth15375 type_id="opencv-matrix">
  <rows>46</rows>
  <cols>20</cols>
  <dt>w</dt>
  <data>
    2129 2116 2116 2116 2116 2116 2143 2143 2143 2143 4911 2156 2156
    2156 2156 4708 4708 4708 4774 4774 2129 2116 2116 2116 2116 2116
    2143 2143 2143 2143 2143 2143 2143 2143 2143 4708 4708 4774 4774
    4774 2129 2129 2129 2129 2129 2143 2143 2143 2143 2143 2143 2143
    2143 2143 2143 2143 4774 4774 4774 4774 2129 2129 2129 2129 2129
    2143 2143 2143 2143 2143 2143 2143 2143 2143 2156 2170 2333 2333
    4774 4774 2129 2129 2129 2129 2143 2143 2143 2143 2143 2143 2143
    2143 2143 2143 2156 2170 2333 2333 2349 4774 2129 2129 2129 2129
    2129 2143 2143 2143 2143 2143 2143 2143 2156 2156 2170 2198 2256
    2301 2301 4774 2129 2129 2129 2129 2129 2129 2143 2143 2143 2143
    2143 2143 2143 2143 2170 2198 2256 2286 2286 4774 2116 2116 2116
    2116 2129 2129 2129 2143 2143 2143 2143 2143 2143 2143 2170 2198
    2241 2271 2286 4774 2116 2116 2116 2116 2129 2129 2129 2143 2156
    2143 2143 2143 2143 2143 2156 2184 2241 2271 2333 2333 2129 2129
    2116 2116 2129 2129 2143 2143 2156 2143 2143 2143 2143 2143 2156
    2184 2241 2271 2333 2333 2116 2129 2129 2129 2143 2143 2143 2143
    2156 2156 2143 2143 2143 2156 2156 2184 2271 2301 2317 2317 2116
    2129 2129 2129 2143 2143 2143 2143 2143 2143 2143 2143 2143 2156
    2156 2212 2271 2301 2317 4842 2129 2129 2129 2129 2143 2143 2143
    2143 2143 2143 2143 2143 2143 2156 2184 2212 2256 2301 2317 4842
    2143 2129 2129 2129 2143 2143 2143 2143 2143 2156 2156 2156 2156
    2156 2184 2212 2256 2286 2301 2301 2129 2129 2129 2129 2156 2156
    2143 2143 2143 2143 2156 2156 2156 2156 2184 2212 2241 2271 2286
    2286 2129 2129 2129 2129 2143 2143 2143 2143 2143 2143 2156 2156
    2156 2156 2184 2198 2226 2256 2271 2271 2129 2129 2129 2129 2143
    2143 2143 2143 2143 2143 2143 2143 2143 2156 2170 2198 2226 2256
    2256 2256 2129 2129 2129 2129 2143 2143 2143 2143 2143 2143 2143
    2143 2143 2143 2156 2184 2226 2256 2256 4774 2129 2129 2129 2129
    2143 2143 2143 2143 2143 2143 2143 2143 2143 2143 2156 2184 2212
    2256 2256 4774 2129 2129 2129 2129 2143 2143 2143 2143 2143 2143
    2143 2143 2143 2143 2156 2184 2212 2256 2256 4774 2129 2129 2129
    2129 2143 2143 2143 2143 2143 2143 2143 2143 2143 2156 2156 2184
    2241 2301 2301 4774 2129 2129 2129 2129 2143 2143 2143 2143 2143
    2143 2143 2143 2156 2156 2156 2184 2271 2301 2301 4842 2143 2143
    2129 2129 2143 2143 2143 2143 2143 2143 2143 2143 2156 2156 2156
    2170 2286 2301 2301 4842 2156 2143 2129 2129 2143 2143 2143 2143
    2143 2143 2143 2156 2156 2143 2143 2156 2301 2301 2301 4842 4405
    2143 2129 2129 2143 2156 2156 2143 2143 2143 2143 2143 2156 2143
    2143 2156 2170 2301 2301 2301 4405 2143 2143 2143 2156 2156 2156
    2156 2143 2143 2143 2143 2143 2143 2156 2156 2170 2271 2271 2271
    2116 2129 2143 2143 2156 2156 2156 2143 2143 2143 2143 2143 2143
    2143 2156 2170 2184 2241 2271 2271 2116 2129 2143 2143 2156 2156
    2143 2143 2143 2143 2143 2143 2143 2156 2156 2170 2184 2226 2256
    2256 2143 2143 2143 2143 2143 2143 2143 2143 2143 2143 2143 2143
    2143 2156 2156 2170 2184 2226 2256 2256 2143 2143 2143 2143 2143
    2143 2143 2143 2143 2143 2143 2143 2143 2156 2156 2170 2184 2212
    2256 2256 2143 2143 2143 2143 2156 2143 2143 2143 2143 2143 2143
    2143 2156 2156 2156 2170 2184 2212 2256 2256 2143 2143 2143 2143
    2143 2143 2143 2143 2143 2143 2156 2156 2156 2156 2156 2170 2184
    2241 2256 2256 2143 2143 2143 2143 2143 2143 2143 2143 2143 2156
    2156 2156 2156 2156 2156 2156 2170 2256 2256 2271 2143 2129 2129
    2143 2143 2143 2143 2143 2156 2156 2156 2156 2156 2156 2156 2156
    2170 2271 2271 2271 2143 2129 2129 2129 2143 2143 2143 2143 2156
    2156 2156 2156 2156 2143 2143 2156 2184 2271 2271 2286 2143 2129
    2116 2116 2143 2143 2143 2143 2156 2156 2156 2156 2156 2143 2143
    2156 2212 2271 2271 2286 4463 2090 2090 2116 2143 2143 2156 2143
    2143 2156 2156 2156 2156 2156 2156 2156 2212 2271 2271 2301 4463
    2090 2090 2116 2143 2143 2156 2143 2143 2156 2156 2156 2156 2156
    2156 2156 2198 2256 2256 2256 4463 2129 2129 2129 2143 2143 2156
    2143 2143 2156 2156 2156 2156 2143 2143 2156 2184 2256 2256 2256
    4463 2143 2143 2143 2156 2156 2156 2143 2143 2156 2156 2156 2156
    2143 2143 2156 2170 2256 2256 2256 4349 2143 2143 2143 2156 2156
    2156 2156 2156 2156 2156 2156 2156 2143 2143 2156 2170 2241 2271
    2286 4349 2129 2129 2143 2156 2156 2156 2156 2156 2156 2156 2156
    2156 2143 2143 2156 2170 2241 2271 2286 4349 2129 2129 2129 2156
    2156 2156 2156 2156 2156 2156 2170 2156 2156 2156 2156 2170 2241
    2301 2301 4349 2129 2129 2129 2156 2143 2143 2143 2156 2156 2156
    2170 2156 2143 2143 2143 2156 2156 2156 4774 2116 2116 2129 2129
    2156 2143 2143 2143 2156 2156 2156 2170 2156 2143 2129 2129 2156
    2156 4708 4774 2116 2116 2129 2129 2156 2143 2143 2143 2156 2156
    2170 2170 2156 2143 2129 2129 4645 4708 4708 4842</data></Depth15375>
</opencv_storage>
