<?xml version="1.0"?>
<opencv_storage>
<Depth3227 type_id="opencv-matrix">
  <rows>40</rows>
  <cols>45</cols>
  <dt>w</dt>
  <data>
    2598 2598 2579 2560 2560 5056 4983 4983 4911 4911 4911 2618 2618
    2618 2618 2618 2618 2618 2618 2618 2618 5056 5056 5132 5132 5132
    5056 5056 5056 5056 5132 5132 5132 5132 5210 5210 5210 5210 5210
    5210 5210 5210 5210 5210 5210 2579 2579 2579 2560 2560 5056 4983
    4911 4911 4911 4911 2618 2618 2618 2618 2618 2618 2618 2618 2618
    2618 2639 5056 5056 5056 5056 5056 5056 5056 5056 5056 5056 5056
    5056 5132 5132 5132 5210 5210 5210 5210 5210 5210 5210 5210 2579
    2579 2579 2560 2560 4983 4911 4911 4911 4911 2618 2618 2618 2618
    2618 2618 2618 2618 2618 2618 2618 2618 5132 4983 4983 5056 5056
    5056 5056 5056 5056 5056 5056 5056 5132 5132 5132 5132 5210 5210
    5210 5210 5210 5210 5210 2579 2579 2579 2579 4983 4983 4911 4911
    4911 2618 2618 2618 2618 2618 2618 2618 2618 2618 2618 2618 2618
    2618 2618 4983 4983 4983 4983 4983 4983 5056 5056 5056 5056 5056
    5132 5132 5132 5132 5210 5210 5210 5210 5210 5210 5210 2579 2579
    2579 2579 4911 4911 2598 2598 2639 2618 2618 2618 2598 2598 2598
    2618 2618 2618 2618 2618 2618 2618 2618 2618 2618 2618 4983 4983
    4983 5056 5056 5056 5056 5056 5056 5056 5132 5132 5132 5132 5132
    5132 5210 5210 5210 2579 2579 2598 4983 2598 2598 2598 2598 2618
    2618 2618 2618 2598 2598 2598 2618 2618 2618 2618 2618 2618 2618
    2598 2598 2618 2618 2618 2618 4983 5056 5056 5056 5056 5056 5056
    5056 5132 5132 5132 5132 5132 5132 5132 5132 5210 2560 2560 2618
    4842 2598 2598 2598 2598 2618 2618 2598 2598 2598 2598 2598 2618
    2618 2618 2618 2618 2618 2618 2598 2598 2618 2618 2618 2598 2598
    5056 5056 5056 5056 5056 5132 5132 5056 5056 5056 5056 5132 5132
    5132 5132 5132 2560 2560 4842 4842 2618 2618 2618 2618 2618 2618
    2598 2598 2598 2598 2618 2618 2618 2618 2618 2618 2618 2618 2618
    2618 2618 2618 2618 2598 2598 2598 2598 5056 5056 5056 5132 5056
    5056 5056 5056 5056 5132 5132 5132 5132 5132 2560 2560 4842 4842
    2639 2618 2618 2618 2618 2618 2618 2618 2618 2618 2618 2618 2618
    2618 2618 2618 2618 2618 2618 2618 2618 2618 2618 2598 2598 2598
    2598 2618 2618 5132 5132 5056 5056 5056 5056 5056 5056 5056 5132
    5132 5132 2579 4842 4842 2618 2618 2618 2618 2618 2618 2618 2618
    2618 2618 2618 2618 2618 2618 2618 2618 2618 2618 2618 2618 2618
    2618 2618 2618 2618 2618 2618 2618 2618 2618 2618 5056 4983 4983
    5056 5056 5056 5056 5056 5056 5056 5056 4842 4842 2639 2618 2618
    2598 2598 2598 2618 2618 2618 2618 2618 2618 2618 2618 2618 2618
    2618 2618 2618 2618 2618 2618 2618 2618 2618 2618 2618 2618 2618
    2618 2618 2618 2639 2639 2639 5056 5056 5056 5056 5056 5056 5056
    5056 4842 4842 2618 2598 2598 2598 2598 2598 2618 2618 2618 2618
    2598 2598 2618 2618 2618 2618 2618 2618 2618 2618 2618 2618 2618
    2618 2618 2618 2598 2598 2598 2618 2618 2618 2618 2618 2598 2598
    5056 5056 5056 5056 5056 5056 5056 4774 2639 2618 2598 2598 2598
    2598 2618 2618 2618 2618 2618 2598 2598 2618 2618 2618 2618 2618
    2618 2618 2618 2618 2618 2618 2618 2598 2598 2598 2598 2598 2618
    2618 2639 2618 2618 2579 2579 2639 2639 5056 5056 5056 5056 5056
    4708 2639 2618 2618 2618 2618 2618 2618 2618 2618 2618 2618 2618
    2618 2618 2618 2618 2618 2618 2618 2618 2618 2618 2618 2618 2618
    2598 2598 2598 2598 2598 2598 2598 2618 2618 2618 2579 2579 2618
    2618 2618 2618 5056 5056 5056 4645 2639 2639 2618 2618 2618 2618
    2618 2618 2598 2598 2598 2598 2618 2618 2618 2618 2618 2618 2618
    2618 2618 2618 2618 2618 2598 2598 2598 2598 2598 2598 2598 2598
    2618 2618 2618 2618 2618 2618 2618 2618 2618 2639 5056 5056 4645
    2639 2618 2618 2618 2618 2598 2598 2598 2598 2598 2598 2598 2618
    2598 2598 2598 2598 2598 2618 2618 2598 2598 2618 2618 2598 2598
    2598 2598 2598 2598 2598 2598 2618 2618 2618 2618 2639 2618 2618
    2618 2618 2618 2618 5132 4645 4645 2618 2618 2598 2598 2598 2598
    2598 2598 2598 2598 2598 2598 2598 2598 2579 2579 2598 2598 2618
    2598 2598 2598 2618 2598 2598 2598 2598 2598 2598 2598 2598 2618
    2618 2618 2618 2639 2618 2618 2618 2618 2618 2618 2639 4645 4645
    2579 2579 2598 2598 2598 2598 2598 2598 2598 2598 2598 2598 2598
    2598 2579 2579 2579 2598 2598 2598 2598 2598 2598 2598 2598 2598
    2598 2598 2598 2598 2598 2618 2618 2618 2618 2618 2618 2618 2618
    2618 2618 2639 2639 4582 2560 2560 2579 2579 2579 2579 2579 2579
    2598 2598 2598 2598 2598 2598 2598 2579 2579 2579 2598 2598 2598
    2598 2598 2598 2598 2598 2598 2598 2598 2598 2598 2598 2618 2618
    2618 2618 2618 2618 2618 2618 2618 2618 2618 2639 2560 2560 2560
    2560 2579 2579 2579 2579 2579 2579 2579 2579 2598 2598 2598 2598
    2598 2598 2598 2598 2598 2598 2598 2598 2598 2598 2598 2598 2598
    2598 2598 2598 2598 2618 2618 2618 2618 2618 2618 2618 2618 2618
    2618 2618 2639 2560 2560 2560 2560 2579 2579 2579 2579 2579 2579
    2579 2579 2579 2579 2598 2598 2598 2598 2598 2598 2598 2598 2598
    2598 2598 2598 2598 2598 2598 2598 2618 2618 2618 2639 2618 2618
    2618 2618 2618 2618 2618 2618 2618 2618 2639 2579 2579 2579 2579
    2579 2579 2579 2579 2560 2560 2560 2579 2579 2579 2598 2598 2598
    2579 2579 2579 2579 2598 2598 2598 2598 2598 2598 2598 2598 2598
    2618 2618 2618 2618 2618 2618 2618 2618 2618 2618 2618 2618 2618
    2618 4911 2579 2579 2560 2560 2560 2560 2560 2579 2560 2560 2560
    2579 2579 2598 2598 2598 2579 2579 2579 2579 2579 2598 2598 2598
    2598 2598 2598 2598 2598 2598 2598 2598 2598 2618 2618 2618 2618
    2618 2618 2618 2618 2618 2618 4911 4911 2579 2579 2560 2560 2560
    2560 2560 2579 2579 2560 2560 2579 2579 2579 2579 2579 2579 2579
    2579 2579 2579 2598 2598 2598 2598 2598 2598 2598 2598 2598 2598
    2598 2598 2618 2618 2618 2618 2618 2618 2618 2618 2618 2618 4911
    4911 2579 2579 2560 2560 2579 2579 2579 2579 2579 2579 2579 2579
    2579 2579 2579 2579 2579 2579 2579 2579 2598 2598 2598 2598 2598
    2598 2598 2598 2598 2598 2598 2598 2598 2618 2618 2618 2618 2618
    2618 2618 2618 2618 4911 4911 4911 4582 2598 2579 2579 2579 2579
    2579 2579 2579 2579 2579 2560 2560 2560 2579 2579 2560 2560 2560
    2579 2579 2598 2598 2598 2598 2598 2598 2598 2598 2598 2598 2598
    2598 2618 2618 2618 2618 2618 2618 2618 2618 2618 4911 4911 4911
    4582 2618 2598 2579 2579 2579 2579 2579 2579 2579 2579 2560 2560
    2560 2579 2579 2560 2560 2560 2579 2579 2598 2598 2598 2598 2598
    2598 2598 2598 2598 2598 2598 2598 2618 2618 2618 2618 2618 2618
    2618 2618 4983 4911 4911 4911 4582 4582 4582 4582 2579 2579 2579
    2579 2579 2579 2560 2560 2560 2579 2579 2598 2579 2579 2579 2579
    2579 2579 2579 2579 2579 2579 2579 2598 2598 2598 2579 2579 2598
    2618 2618 2618 2618 2618 2618 2618 5056 4983 4911 4911 4911 4522
    4582 4582 4582 4582 2598 2598 2598 2579 2579 2560 2560 2560 2579
    2579 2598 2579 2579 2579 2579 2579 2579 2579 2579 2579 2579 2579
    2579 2579 2579 2579 2579 2579 2598 2598 2618 2618 2618 2618 2618
    4983 4911 4911 4911 4911 4522 4522 4582 4582 4582 4582 4582 4582
    2579 2560 2560 2560 2579 2579 2579 2579 2579 2579 2579 2579 2579
    2579 2579 2579 2579 2579 2579 2579 2579 2579 2579 2579 2579 2598
    2598 2598 2598 2598 2618 4983 4911 4911 4911 4911 4911 4522 4522
    4582 4582 4582 4582 4582 4582 4582 2560 2560 2560 2560 2560 2579
    2579 2579 2579 2579 2579 2579 2579 2579 2579 2579 2579 2579 2579
    2579 2579 2579 2579 2579 2598 2598 2598 2579 2579 4842 4842 4842
    4842 4842 4842 4842 4522 4522 4582 4582 4582 4582 4582 4582 4582
    4582 4582 4582 2560 2560 2579 2579 2560 2560 2560 2560 2560 2579
    2579 2579 2560 2560 2579 2579 2579 2579 2579 2579 2579 2598 2598
    2598 2579 2579 4774 4774 4842 4842 4842 4842 4842 4522 4522 4522
    4582 4522 4522 4582 4582 4582 4582 4582 4582 4582 2598 2579 2560
    2560 2560 2560 2560 2560 2579 2579 2579 2560 2560 2579 2579 2579
    2579 2579 2579 2579 2598 2618 2618 2618 4774 4708 4708 4774 4774
