<?xml version="1.0"?>
<opencv_storage>
<Depth11654 type_id="opencv-matrix">
  <rows>93</rows>
  <cols>28</cols>
  <dt>w</dt>
  <data>
    0 0 0 1427 1427 1427 4190 4041 4041 3994 3994 3994 1398 1392 1387
    1376 1370 1370 1370 1370 4463 4463 4463 4463 4463 4463 4463 4463 0 0
    1370 1421 1421 1421 1421 1415 1404 1398 1398 1398 1392 1381 1376
    1376 1370 1365 1365 1365 1365 4463 4463 4463 4463 4463 4463 4463 0
    1370 1370 1370 1370 1376 1387 1392 1392 1381 1381 1376 1370 1370
    1370 1370 1365 1365 1365 1365 1365 1365 4463 4463 4463 4463 4463
    4463 1365 1365 1365 1365 1365 1370 1370 1370 1370 1370 1370 1365
    1365 1365 1365 1365 1365 1365 1365 1365 1365 1365 1365 4463 4463
    4463 4463 4463 1354 1354 1354 1354 1354 1359 1359 1359 1359 1359
    1359 1359 1359 1359 1359 1365 1365 1365 1365 1365 1365 1365 0 4463
    4463 4463 4463 4522 1349 1349 1349 1349 1349 1354 1354 1359 1359
    1359 1359 1359 1359 1359 1359 1359 1359 1359 1365 1359 1359 1359
    1354 4463 4463 4463 4463 4522 1349 1349 1349 1349 1349 1354 1354
    1354 1354 1354 1359 1359 1359 1359 1359 1359 1359 1359 1365 1359
    1354 1354 1354 4522 4522 4522 4522 4522 1349 1349 1349 1349 1349
    1354 1354 1354 1354 1354 1359 1359 1359 1359 1359 1359 1359 1365
    1365 1359 1354 1354 1354 1354 4582 4582 4522 4522 1349 1349 1349
    1349 1349 1354 1354 1359 1359 1359 1359 1359 1359 1359 1359 1365
    1365 1365 1365 1359 1354 1354 1354 0 4582 4582 4582 4582 1354 1349
    1349 1349 1349 1354 1354 1354 1354 1354 1359 1359 1359 1359 1359
    1365 1365 1365 1365 1365 1359 1359 1359 0 4582 4582 4582 4582 1354
    1349 1349 1349 1349 1354 1354 1354 1354 1354 1359 1359 1359 1359
    1359 1359 1365 1365 1365 1365 1359 1359 1359 1354 4582 4582 4582
    4582 1354 1349 1349 1349 1349 1354 1354 1354 1354 1359 1359 1359
    1359 1359 1359 1359 1365 1365 1365 1365 1365 1354 1354 1354 4582
    4582 4522 4522 1354 1349 1349 1349 1349 1354 1354 1354 1359 1359
    1359 1359 1359 1359 1359 1359 1365 1365 1365 1365 1365 1354 1354
    1354 4463 4522 4522 4522 1354 1349 1349 1349 1349 1354 1359 1359
    1359 1359 1359 1359 1359 1359 1359 1359 1365 1365 1365 1370 1365
    1359 1359 1359 4463 4463 4463 4463 1354 1349 1349 1349 1349 1354
    1359 1359 1359 1359 1359 1359 1359 1359 1365 1365 1365 1365 1370
    1370 1370 1370 1370 1370 4463 4463 4463 4463 1354 1349 1349 1349
    1349 1354 1359 1359 1359 1359 1359 1359 1359 1359 1365 1365 1365
    1365 1365 1370 1370 1370 1370 1370 1370 4463 4463 4463 1354 1354
    1349 1349 1349 1359 1359 1359 1359 1359 1359 1359 1359 1359 1365
    1365 1365 1365 1365 1370 1370 1370 1370 0 0 4522 4522 4522 1359 1359
    1349 1349 1349 1354 1359 1359 1359 1359 1359 1359 1359 1359 1365
    1365 1365 1365 1365 1370 1370 1365 1365 1365 0 4582 4582 4582 1365
    1359 1349 1349 1349 1354 1354 1359 1359 1359 1359 1359 1365 1365
    1365 1365 1365 1365 1370 1370 1370 1365 1365 1365 0 4582 4582 4582
    1370 1365 1354 1349 1349 1354 1354 1359 1359 1359 1359 1365 1365
    1365 1365 1365 1365 1365 1370 1370 1370 1365 1365 0 0 0 4582 4582
    1376 1365 1354 1349 1349 1354 1359 1359 1359 1359 1359 1365 1365
    1365 1365 1365 1365 1365 1365 1365 1365 1365 1365 0 0 0 4522 4522
    1387 1365 1354 1349 1349 1354 1359 1359 1359 1359 1359 1359 1359
    1359 1365 1365 1365 1365 1365 1365 1365 1365 1365 0 0 0 4522 4522
    1387 1365 1354 1354 1354 1359 1359 1359 1359 1359 1359 1359 1359
    1359 1365 1365 1365 1365 1365 1370 1370 1365 1365 1365 0 4645 4645
    4582 1387 1365 1354 1349 1349 1359 1359 1359 1359 1359 1359 1359
    1359 1359 1365 1365 1365 1365 1365 1370 1370 1365 1365 1365 0 4708
    4708 4582 0 1365 1354 1349 1349 1354 1359 1359 1359 1359 1359 1359
    1359 1359 1365 1365 1365 1365 1365 1370 1370 1365 1365 1365 0 4645
    4645 4582 0 1365 1354 1349 1349 1354 1359 1359 1359 1365 1359 1359
    1359 1359 1365 1365 1365 1365 1365 1370 1370 1370 1370 1370 1370 0
    4582 4582 0 1365 1359 1349 1349 1359 1359 1359 1359 1365 1365 1365
    1365 1365 1365 1370 1365 1365 1365 1370 1370 1370 1370 1370 1370 0
    4582 4582 0 1370 1359 1354 1354 1359 1359 1359 1359 1365 1365 1365
    1365 1365 1365 1370 1370 1365 1365 1370 1370 1370 1370 1370 1370
    1370 4582 4582 0 1370 1365 1354 1354 1359 1359 1359 1359 1359 1365
    1365 1365 1365 1370 1370 1370 1370 1370 1370 1370 1370 1370 1370
    1370 1370 1370 4522 0 1376 1365 1359 1359 1359 1359 1359 1359 1359
    1365 1365 1365 1365 1370 1370 1370 1370 1370 1370 1370 1370 1370
    1376 1376 1376 0 4463 0 1376 1370 1359 1359 1359 1359 1359 1365 1365
    1365 1365 1365 1365 1370 1370 1370 1370 1370 1370 1370 1370 1370
    1376 1376 1376 4405 4463 0 1387 1370 1359 1359 1359 1359 1365 1365
    1365 1365 1365 1365 1370 1370 1370 1370 1370 1370 1370 1370 1370
    1370 1370 1376 1376 4405 4405 0 1387 1370 1359 1359 1359 1365 1365
    1365 1365 1365 1365 1370 1370 1370 1370 1370 1370 1370 1370 1370
    1370 1370 1370 1370 1376 4349 4349 0 1392 1370 1359 1359 1359 1359
    1359 1365 1365 1365 1365 1370 1370 1370 1370 1370 1370 1370 1370
    1370 1370 1370 1370 1376 1376 4349 4349 0 0 1370 1365 1365 1359 1359
    1359 1359 1365 1365 1365 1365 1365 1365 1365 1370 1370 1370 1370
    1370 1370 1370 1376 1376 1376 4645 4522 0 0 1376 1365 1365 1359 1359
    1359 1359 1365 1365 1365 1365 1365 1365 1365 1370 1370 1370 1370
    1370 1370 1370 1370 1376 1376 4645 4645 0 0 1376 1365 1365 1359 1359
    1359 1365 1365 1365 1365 1365 1365 1365 1365 1370 1370 1370 1370
    1370 1370 1370 1370 1370 1370 4645 4645 0 0 1376 1365 1365 1359 1359
    1359 1365 1365 1365 1365 1365 1365 1365 1365 1370 1370 1370 1370
    1370 1370 1370 1370 1370 1370 4645 4645 0 1387 1376 1365 1365 1359
    1359 1365 1365 1365 1365 1365 1365 1370 1370 1370 1370 1370 1370
    1370 1370 1370 1370 1370 1370 1370 4708 4708 0 1387 1376 1370 1365
    1365 1365 1365 1370 1370 1365 1365 1365 1370 1370 1370 1370 1370
    1370 1370 1370 1370 1370 1370 1370 1370 4708 4708 0 1392 1376 1370
    1370 1365 1365 1365 1370 1370 1370 1365 1365 1370 1370 1370 1370
    1370 1370 1370 1370 1370 1370 1370 1370 1370 4708 4708 0 1398 1381
    1370 1370 1365 1365 1365 1370 1370 1370 1365 1365 1370 1370 1370
    1370 1370 1370 1370 1370 1370 1370 1370 1370 1370 4708 4708 0 1398
    1381 1370 1370 1370 1370 1370 1370 1370 1370 1365 1365 1365 1365
    1365 1370 1370 1370 1370 1370 1370 1370 1370 1370 1376 1376 4708 0 0
    1381 1365 1365 1365 1365 1365 1365 1370 1370 1365 1365 1365 1365
    1365 1370 1370 1370 1370 1370 1376 1370 1370 1376 1376 1376 4582 0 0
    0 1365 1365 1365 1365 1365 1365 1365 1370 1365 1365 1365 1365 1365
    1370 1370 1370 1370 1370 1376 1370 1370 1376 1376 1376 4582 0 0 0
    1365 1365 1365 1359 1359 1365 1365 1370 1365 1365 1365 1370 1370
    1370 1370 1370 1370 1370 1370 1376 1376 1376 1370 1370 1370 0 0 0
    1365 1365 1365 1359 1359 1365 1365 1370 1365 1365 1370 1370 1370
    1370 1370 1370 1370 1370 1370 1376 1376 1370 1370 1370 1370 0 0 1365
    1365 1365 1365 1365 1365 1365 1365 1370 1370 1370 1370 1370 1370
    1370 1370 1370 1370 1370 1376 1376 1376 1370 1370 1370 1370 0 0 1365
    1365 1365 1365 1365 1365 1365 1370 1370 1370 1370 1370 1370 1370
    1370 1370 1370 1370 1370 1376 1376 1376 1376 1370 1370 1370 0 0 1365
    1365 1365 1370 1365 1365 1365 1370 1370 1370 1370 1370 1370 1370
    1370 1370 1370 1376 1376 1376 1376 1376 1376 1370 1370 1370 0 0 1365
    1365 1365 1370 1359 1359 1365 1365 1370 1370 1370 1370 1370 1370
    1370 1370 1370 1376 1376 1376 1376 1376 1376 1370 1370 1370 0 0 0
    1354 1354 1365 1359 1359 1359 1365 1370 1370 1370 1370 1370 1370
    1370 1370 1370 1376 1376 1376 1376 1370 1370 1370 1370 1370 0 0 0
    1354 1354 1365 1359 1359 1359 1370 1370 1370 1370 1370 1370 1370
    1370 1376 1376 1376 1376 1376 1376 1370 1370 1376 1376 1376 0 0 0
    1392 1376 1370 1365 1365 1365 1370 1370 1370 1370 1370 1370 1370
    1376 1376 1376 1376 1376 1376 1376 1376 1376 1376 1376 1376 0 0 0
    1392 1381 1370 1370 1365 1365 1370 1370 1370 1370 1370 1370 1370
