<?xml version="1.0"?>
<opencv_storage>
<Depth15792 type_id="opencv-matrix">
  <rows>55</rows>
  <cols>5</cols>
  <dt>w</dt>
  <data>
    4842 4708 4645 4582 4522 4842 4774 4708 4645 4522 4842 4774 4708
    4645 4582 4842 4842 4774 4582 4522 4842 4842 4774 4522 4522 4842
    4774 4708 4522 4522 4842 4774 4708 4582 4522 4842 4774 4708 4582
    4522 4842 4774 4708 4645 4582 4842 4774 4708 4645 4582 4983 4774
    4708 4708 4582 5056 4842 4774 4708 4582 5056 4842 4774 4708 4645
    5056 4842 4774 4708 4708 4983 4842 4774 4708 4708 4983 4842 4774
    4708 4708 4983 4842 4774 4774 4708 4983 4911 4842 4774 4708 4983
    4983 4911 4842 4774 4983 4911 4911 4842 4774 4983 4842 4842 4774
    4774 4983 4842 4842 4774 4774 4983 4774 4774 4774 4708 4983 4774
    4774 4774 4708 4983 4774 4774 4774 4708 4983 4911 4842 4842 4774
    4983 4911 4842 4842 4774 4983 4911 4911 4842 4774 4983 4911 4911
    4842 4842 4983 4911 4911 4842 4842 4983 4911 4842 4842 4774 4983
    4911 4842 4774 4774 4983 4911 4842 4774 4774 4983 4911 4842 4774
    4774 4983 4911 4842 4842 4774 4983 4911 4842 4842 4774 4983 4911
    4842 4842 4774 4983 4911 4842 4842 4774 5056 4911 4842 4842 4774
    5056 4911 4842 4842 4774 5056 4983 4911 4842 4774 5056 4983 4911
    4842 4842 5056 4983 4911 4842 4842 4983 4983 4911 4842 4842 4983
    4983 4911 4842 4842 5056 4983 4911 4842 4842 5056 4983 4911 4842
    4842 5056 4983 4911 4842 4842 5056 4983 4911 4842 4842 5056 4983
    4911 4842 4842 5056 4983 4911 4842 4842 5056 4983 4911 4842 4842
    5056 4983 4911 4842 4842 5056 4983 4911 4842 4842 5056 4983 4911
    4842 4842</data></Depth15792>
</opencv_storage>
