<?xml version="1.0"?>
<opencv_storage>
<Depth0832 type_id="opencv-matrix">
  <rows>28</rows>
  <cols>40</cols>
  <dt>w</dt>
  <data>
    4405 2579 2579 2579 2579 2598 2579 2579 2579 2579 2560 2560 2579
    2579 2579 2560 2560 2560 2579 2579 4295 4295 4349 4405 4405 4349
    4295 4295 4241 4241 4295 4295 4349 4295 4241 4241 4295 4295 4295
    4295 4463 2579 2579 2579 2579 2598 2579 2579 2579 2579 2560 2560
    2579 2579 2579 2560 2560 2560 2579 2579 2579 2579 4349 2579 2579
    2579 2579 2579 2579 2579 2579 4295 4295 4190 4190 4190 4241 4241
    4241 4295 4405 2579 2579 2579 2579 2579 2579 2579 2579 2579 2579
    2579 2579 2579 2579 2560 2560 2560 2579 2579 2579 2560 2560 2579
    2579 2579 2579 2579 2579 2579 2579 2579 2560 2560 2560 4190 4241
    4190 4190 4241 4405 2579 2579 2579 2579 2579 2579 2579 2579 2579
    2579 2579 2579 2579 2579 2560 2560 2560 2579 2579 2579 2560 2560
    2579 2579 2579 2579 2560 2560 2560 2560 2560 2560 2560 2560 2560
    2560 2579 2579 2579 2618 2598 2598 2598 2598 2579 2579 2579 2579
    2579 2579 2579 2579 2560 2560 2560 2560 2579 2579 2579 2579 2579
    2579 2579 2579 2579 2579 2560 2560 2560 2560 2560 2560 2560 2560
    2560 2560 2560 2541 2541 2598 2598 2598 2598 2598 2579 2579 2579
    2579 2579 2579 2579 2560 2560 2560 2560 2579 2579 2579 2579 2579
    2560 2560 2560 2560 2579 2579 2560 2560 2560 2560 2560 2560 2560
    2560 2560 2560 2560 2541 2541 2598 2598 2598 2579 2579 2579 2579
    2579 2579 2579 2579 2579 2560 2560 2579 2579 2579 2579 2579 2579
    2579 2560 2560 2560 2560 2579 2579 2560 2560 2560 2560 2560 2579
    2560 2560 2560 2560 2560 2560 2560 2598 2598 2598 2579 2579 2579
    2579 2579 2579 2579 2579 2579 2579 2579 2579 2579 2579 2579 2579
    2579 2579 2560 2560 2560 2560 2579 2579 2560 2560 2560 2560 2560
    2560 2560 2560 2541 2541 2541 2541 2560 2618 2598 2598 2579 2579
    2579 2579 2579 2579 2579 2579 2579 2579 2579 2579 2579 2579 2579
    2579 2560 2560 2560 2560 2560 2560 2579 2579 2560 2560 2560 2560
    2560 2560 2560 2560 2541 2541 2541 2541 2560 2598 2598 2598 2579
    2579 2579 2579 2579 2579 2579 2579 2579 2579 2579 2579 2579 2579
    2579 2560 2560 2560 2560 2560 2560 2560 2560 2579 2579 2560 2560
    2560 2560 2560 2560 2560 2541 2541 2541 2541 2579 2598 2598 2598
    2579 2579 2579 2579 2579 2579 2579 2579 2579 2579 2579 2579 2579
    2560 2560 2560 2560 2579 2560 2560 2560 2560 2560 2560 2579 2560
    2560 2560 2560 2560 2560 2560 2541 2541 2541 2541 2579 2618 2598
    2598 2579 2579 2579 2579 2579 2579 2579 2579 2579 2579 2560 2560
    2560 2560 2560 2579 2579 2579 2560 2560 2560 2560 2560 2560 2560
    2560 2560 2560 2560 2560 2560 2560 2541 2541 2541 2560 2579 2618
    2598 2598 2579 2579 2579 2579 2579 2579 2579 2579 2579 2579 2560
    2560 2560 2560 2560 2579 2579 2579 2560 2560 2560 2560 2560 2560
    2560 2560 2560 2541 2541 2560 2560 2560 2541 2541 2560 2560 2579
    2618 2598 2598 2579 2579 2579 2579 2579 2579 2579 2579 2579 2579
    2560 2560 2560 2560 2560 2579 2579 2579 2579 2560 2560 2560 2560
    2560 2560 2560 2560 2541 2541 2560 2560 2560 2560 2560 2560 2560
    2560 2598 2598 2579 2579 2579 2579 2579 2579 2579 2579 2579 2579
    2579 2560 2560 2579 2579 2579 2579 2560 2560 2560 2560 2560 2560
    2560 2560 2560 2560 2560 2560 2560 2560 2560 2560 2560 2560 2560
    2560 2560 2598 2579 2579 2579 2579 2579 2579 2579 2579 2579 2579
    2579 2579 2579 2579 2579 2579 2560 2560 2560 2560 2560 2560 2560
    2560 2560 2560 2579 2560 2560 2560 2560 2560 2560 2560 2560 2560
    2560 2560 2560 2579 2579 2579 2579 2579 2579 2579 2579 2579 2579
    2579 2579 2579 2579 2579 2579 2579 2560 2560 2560 2560 2560 2560
    2560 2560 2560 2560 2579 2560 2560 2560 2560 2560 2560 2560 2560
    2560 2560 2560 2560 2579 2579 2579 2579 2579 2579 2579 2579 2579
    2579 2579 2579 2579 2579 2579 2579 2579 2560 2560 2560 2560 2579
    2579 2560 2560 2560 2560 2579 2560 2560 2560 2560 2560 2560 2560
    2560 2560 2560 2560 2560 2579 2579 2579 2579 2579 2579 2579 2579
    2579 2579 2579 2579 2579 2579 2579 2579 2579 2560 2560 2560 2560
    2579 2579 2579 2579 2579 2579 2579 2560 2560 2560 2560 2560 2560
    2560 2560 2560 2560 2560 2560 2579 2579 2579 2579 2579 2579 2579
    2579 2579 2579 2579 2579 2579 2579 2579 2579 2579 2579 2579 2579
    2579 2579 2579 2579 2579 2579 2579 2560 2560 2560 2560 2560 2560
    2560 2560 2560 2560 2560 2560 4463 2579 2579 2579 2579 2579 2579
    2579 2579 2579 2579 2579 2579 2579 2560 2560 2560 2560 2579 2579
    2579 2579 2579 2579 2579 2579 2579 2579 2560 2560 2560 2560 2579
    2579 2560 2560 2560 2560 2560 2560 4463 2560 2579 2579 2579 2579
    2579 2579 2579 2579 2579 2579 2579 2579 2560 2560 2560 2560 2579
    2579 2579 2579 2579 2579 2579 2579 2579 2579 2579 2560 2560 2579
    2579 2579 2560 2560 2560 2560 2560 4463 4463 2560 2579 2579 2579
    2579 2579 2579 2579 2579 2579 2579 2579 2579 2579 2560 2560 2579
    2579 2579 2579 2579 2579 2579 2579 2579 2579 2579 2579 2560 2560
    2560 2560 2579 2579 2579 2560 2560 4463 4463 4463 2579 2579 2579
    2579 2579 2579 2579 2579 2560 2560 2560 2560 2579 2579 2579 2579
    2579 2579 2579 2579 2579 2579 2579 2579 2579 2579 2579 2579 2560
    2560 2560 2560 2560 2579 2579 2579 2579 2579 4463 4463 4645 4645
    4645 4645 2598 2598 2598 2560 2560 2560 2560 2560 2579 2579 2579
    2579 2579 2579 2579 2579 2560 2560 2560 2560 2560 2579 2579 2579
    2560 2560 2560 2560 2560 2579 2579 2579 2579 2579 4463 4463 4582
    4582 4645 4582 4582 4645 4645 2560 2560 2560 2560 4522 4295 2579
    2579 2579 2579 2579 2579 2560 2541 2541 2560 2560 2560 2560 2579
    2579 2560 2560 2560 2560 2560 2579 2579 2579 2579 2579 4522 4522
    4582 4582 4645 4582 4582 4645 4645 4582 4582 4582 4582 4582 4463
    4463 2618 2598 2579 2560 2560 2560 2541 2541 2541 2560 2560 2560
    2560 2560 2560 2560 2560 2560 2579 2579 2579 2560 2560 2560 4522
    4522 4582 4645 4645 4645 4645 4645 4645 4582 4582 4582 4582 4582
    4645 4645 4645 4645 4522 2560 2560 4582 4582 2541 2541 2560 2560
    2560 2560 2560 2560 2560 2579 2579 2579 2579 2579 2560 2560 4582
    4522 4522</data></Depth0832>
</opencv_storage>
