<?xml version="1.0"?>
<opencv_storage>
<Depth1005 type_id="opencv-matrix">
  <rows>43</rows>
  <cols>68</cols>
  <dt>w</dt>
  <data>
    4089 4089 4089 4089 4139 1647 1647 1639 1639 1639 1639 1639 1639
    1639 1639 1639 1655 1655 1655 4190 4190 4190 4139 4139 4190 4190
    4190 4190 4190 4190 4190 4190 4190 4190 4190 4190 4190 4190 4190
    4190 4190 4190 4190 4190 4190 4190 4190 4190 4190 4190 4190 4190
    4190 4190 4190 4190 4190 4241 4241 4241 4241 4241 4241 4241 4241
    4241 4241 4241 4089 4089 4089 4089 4139 1647 1647 1639 1639 1639
    1639 1639 1639 1639 1639 1639 1647 1655 1655 1647 1647 1647 1655
    1663 1663 1663 1663 4190 4190 4190 4190 4190 4190 4190 4190 4190
    4190 4190 4190 4190 4190 4190 4190 4190 4190 4190 4190 4190 4190
    4190 4190 4190 4190 4190 4190 4190 4190 4241 4241 4241 4241 4241
    4241 4241 4241 4241 4241 4241 4089 4089 4139 4139 4190 1647 1647
    1639 1639 1639 1639 1639 1639 1639 1639 1639 1639 1647 1647 1647
    1647 1647 1655 1655 1655 1655 1655 1655 1655 1655 1655 1655 1663
    4190 4190 4190 4190 1663 1663 1655 1655 4190 4190 4190 4190 4190
    4190 4190 4190 4190 4139 4139 4139 4190 4190 4190 4190 4241 4241
    4241 4241 4241 4241 4241 4241 4241 4241 4241 4139 4190 4190 4190
    1647 1647 1647 1639 1639 1639 1639 1639 1639 1639 1639 1639 1639
    1639 1647 1655 1655 1655 1655 1655 1655 1655 1655 1655 1655 1655
    1655 1655 1655 1655 1655 1663 1663 1663 1663 1655 1655 1655 1655
    1655 4190 4190 4139 4139 1647 1647 4139 4139 4139 4190 4190 4190
    4190 4241 4241 4241 4241 4241 4241 4241 4241 4241 4241 4241 4190
    4295 4295 0 1639 1639 1639 1639 1639 1639 1639 1639 1639 1632 1632
    1632 1639 1639 1647 1655 1655 1655 1655 1655 1655 1655 1655 1655
    1655 1655 1655 1655 1655 1655 1655 1663 1663 1655 1655 1655 1655
    1655 1655 1655 1655 1663 1663 1655 1647 1647 1655 1655 1647 1647
    1655 1663 4190 4295 4241 4241 4241 4241 4241 4241 4241 4241 4241
    4241 4139 4139 4139 0 1639 1639 1639 1639 1639 1639 1639 1639 1639
    1632 1632 1632 1632 1632 1639 1647 1655 1655 1655 1655 1647 1647
    1647 1655 1655 1655 1655 1655 1655 1655 1655 1663 1663 1655 1655
    1655 1655 1655 1655 1655 1655 1655 1655 1655 1655 1655 1655 1655
    1647 1647 1655 1663 1663 1663 1663 1663 1671 1671 1671 4241 4241
    4241 4241 4241 4139 4139 4139 1632 1639 1639 1639 1639 1639 1632
    1632 1639 1639 1639 1639 1632 1632 1632 1639 1639 1647 1647 1647
    1647 1647 1647 1647 1655 1655 1655 1655 1655 1655 1655 1655 1655
    1655 1663 1655 1655 1655 1655 1655 1655 1655 1655 1655 1655 1655
    1655 1655 1663 1655 1655 1663 1663 1663 1663 1663 1663 1671 1671
    1671 1671 1671 4241 4241 4241 4139 4139 4139 1632 1632 1632 1632
    1632 1639 1632 1632 1632 1632 1632 1632 1632 1632 1632 1632 1639
    1647 1647 1647 1647 1647 1647 1647 1647 1655 1655 1655 1655 1655
    1655 1655 1655 1655 1655 1655 1655 1655 1655 1655 1655 1655 1655
    1655 1655 1655 1655 1655 1663 1655 1655 1663 1663 1663 1663 1663
    1663 1671 1671 1663 1663 1663 4241 4241 4241 4139 4139 4139 1632
    1632 1632 1632 1632 1639 1632 1632 1632 1632 1632 1632 1632 1632
    1632 1632 1639 1647 1647 1647 1639 1639 1647 1647 1647 1655 1655
    1655 1655 1655 1655 1655 1655 1655 1655 1655 1655 1655 1655 1655
    1655 1655 1655 1655 1655 1655 1655 1663 1663 1663 1663 1663 1663
    1663 1663 1671 1671 1671 1663 1663 1663 1663 4241 4241 4241 4139
    4139 4139 1632 1632 1632 1632 1639 1639 1632 1632 1632 1632 1632
    1639 1632 1632 1632 1632 1639 1639 1639 1639 1639 1639 1639 1647
    1647 1647 1655 1655 1655 1655 1655 1647 1647 1647 1655 1655 1655
    1655 1655 1655 1655 1655 1655 1655 1655 1655 1655 1655 1655 1663
    1663 1671 1671 1671 1663 1663 1663 1663 1663 1663 1663 1663 4241
    4241 4241 4139 4139 1632 1632 1632 1632 1632 1632 1632 1632 1624
    1624 1632 1632 1632 1632 1632 1632 1632 1632 1639 1639 1639 1639
    1639 1639 1639 1647 1647 1647 1647 1647 1647 1655 1647 1647 1647
    1647 1655 1655 1655 1655 1655 1655 1655 1655 1655 1655 1663 1655
    1655 1655 1655 1655 1671 1671 1671 1663 1663 1663 1663 1663 1663
    1663 1663 4241 4241 4241 4089 4089 1632 1632 1632 1632 1632 1632
    1632 1632 1624 1624 1632 1632 1632 1632 1632 1632 1632 1632 1639
    1639 1639 1639 1639 1639 1639 1639 1647 1647 1647 1647 1647 1647
    1647 1647 1647 1647 1655 1655 1655 1655 1655 1655 1655 1655 1655
    1655 1655 1655 1655 1655 1655 1655 1663 1663 1663 1663 1663 1663
    1663 1663 1663 1663 4241 4241 4241 4241 4089 4089 1632 1632 1632
    1632 1632 1632 1632 1632 1624 1624 1632 1632 1632 1632 1632 1632
    1632 1632 1632 1639 1639 1639 1639 1639 1639 1639 1639 1647 1647
    1647 1647 1647 1655 1647 1647 1647 1655 1655 1655 1655 1655 1655
    1655 1655 1655 1655 1655 1655 1655 1655 1655 1655 1663 1663 1663
    1663 1663 1663 1663 1663 1663 1663 4241 4241 4241 4241 4089 4089
    1632 1632 1632 1632 1624 1624 1624 1632 1632 1632 1632 1632 1632
    1632 1632 1632 1632 1632 1632 1639 1639 1639 1632 1632 1632 1632
    1639 1639 1647 1647 1647 1647 1647 1655 1647 1647 1655 1655 1655
    1655 1655 1647 1647 1655 1655 1655 1655 1655 1655 1655 1655 1655
    1663 1663 1663 1663 1663 1663 1663 1671 1671 1671 4241 4241 4241
    4241 4041 4041 1632 1632 1632 1632 1624 1624 1624 1624 1624 1632
    1632 1632 1632 1632 1632 1632 1632 1632 1632 1632 1639 1632 1632
    1632 1632 1632 1632 1639 1647 1647 1647 1647 1647 1655 1655 1655
    1655 1655 1655 1655 1655 1647 1647 1655 1655 1655 1655 1655 1655
    1655 1655 1655 1663 1663 1663 1663 1663 1663 1663 1671 1671 1671
    4241 4241 4241 4241 4041 4041 1632 1632 1632 1624 1624 1624 1624
    1624 1624 1632 1632 1632 1632 1632 1632 1632 1632 1632 1632 1632
    1639 1632 1632 1632 1632 1632 1632 1632 1639 1647 1647 1647 1647
    1647 1647 1647 1647 1647 1655 1647 1647 1647 1647 1647 1655 1655
    1655 1655 1655 1655 1655 1655 1663 1663 1663 1663 1663 1663 1663
    1663 1663 1663 4241 4241 4241 4241 4041 4041 1632 1632 1624 1624
    1624 1624 1624 1624 1624 1624 1624 1632 1632 1632 1632 1632 1632
    1632 1632 1632 1632 1632 1632 1632 1632 1632 1632 1632 1639 1639
    1639 1639 1647 1647 1647 1647 1647 1647 1655 1647 1647 1647 1647
    1647 1655 1655 1655 1655 1655 1655 1655 1655 1663 1663 1663 1663
    1663 1663 1663 1663 1663 1663 4241 4241 4241 4241 4041 4041 1616
    1616 1616 1624 1624 1624 1624 1624 1624 1624 1624 1624 1632 1632
    1632 1632 1632 1632 1632 1632 1632 1632 1632 1632 1632 1632 1632
    1632 1639 1639 1639 1639 1647 1647 1647 1647 1647 1647 1655 1655
    1655 1647 1647 1647 1655 1655 1655 1655 1655 1655 1655 1655 1663
    1663 1663 1655 1655 1663 1663 1663 1663 1663 1663 4241 4241 4241
    4041 0 1616 1616 1616 1624 1624 1624 1624 1624 1624 1624 1624 1624
    1624 1624 1624 1624 1624 1632 1632 1632 1632 1632 1632 1632 1632
    1632 1632 1632 1632 1639 1639 1639 1647 1639 1639 1639 1639 1639
    1655 1655 1647 1647 1647 1647 1647 1655 1647 1647 1647 1647 1647
    1655 1655 1655 1655 1655 1655 1655 1655 1655 1655 1663 1671 1671
    1671 1671 4089 0 1616 1616 1616 1624 1624 1624 1624 1624 1624 1624
    1624 1624 1624 1624 1624 1624 1624 1624 1624 1632 1632 1632 1632
    1632 1632 1632 1632 1632 1632 1632 1639 1639 1639 1639 1639 1639
    1639 1639 1655 1655 1647 1647 1647 1647 1647 1655 1647 1647 1647
    1647 1647 1655 1655 1655 1655 1655 1655 1655 1655 1655 1655 1663
    1663 1671 1671 1671 4089 1616 1616 1616 1616 1616 1624 1624 1624
    1624 1624 1624 1624 1624 1624 1624 1624 1624 1624 1624 1624 1632
    1632 1632 1632 1632 1632 1632 1632 1632 1632 1632 1632 1632 1632
    1632 1632 1632 1639 1639 1647 1647 1639 1639 1639 1639 1647 1655
    1647 1647 1647 1647 1655 1655 1655 1655 1655 1655 1655 1655 1655
    1655 1655 1655 1663 1680 1680 1722 3948 1616 1616 1616 1616 1616
    1624 1624 1624 1624 1624 1624 1624 1624 1624 1624 1632 1624 1624
    1624 1624 1624 1632 1632 1632 1632 1632 1632 1632 1632 1632 1632
    1632 1632 1632 1632 1632 1632 1639 1639 1639 1639 1639 1639 1639
