<?xml version="1.0"?>
<opencv_storage>
<Depth11481 type_id="opencv-matrix">
  <rows>6</rows>
  <cols>10</cols>
  <dt>w</dt>
  <data>
    6622 6497 6497 6497 6497 6497 6497 6375 6259 6146 6622 6622 6622
    6497 6497 6497 6375 6375 6259 6146 6753 6622 6622 6497 6375 6375
    6375 6375 6259 6259 6753 6622 6622 6375 6375 6375 6259 6259 6375
    6375 6753 6622 6622 6375 6375 6375 6259 6259 6375 6375 6375 6622
    6622 6375 6375 6375 6259 6259 6497 6497</data></Depth11481>
</opencv_storage>
