<?xml version="1.0"?>
<opencv_storage>
<Depth9133 type_id="opencv-matrix">
  <rows>92</rows>
  <cols>54</cols>
  <dt>w</dt>
  <data>
    4774 4774 4774 5734 1297 1297 5640 5640 5734 5734 5640 5640 5640
    5640 5832 5832 5734 5734 5734 5548 5548 5548 1343 1343 1322 1322
    1322 0 0 8212 8212 8212 8212 8019 8019 8212 8212 1292 1278 9331 9331
    9331 9084 9084 9331 9331 9331 9593 9593 1268 0 0 0 0 4774 4774 4774
    1288 1288 1288 1288 5640 5734 1328 1322 1322 1322 5640 1317 1317
    1317 1307 1307 5548 5548 5548 1292 1292 1322 1322 1322 1292 1288
    8212 8212 8212 8212 8019 8019 1292 1292 1292 1278 1278 1283 1288
    1288 1288 1288 1278 1273 1273 1268 1268 0 0 0 0 4774 4842 4842 1278
    1278 1283 1278 1278 1328 1328 1322 1317 1312 1307 1307 1302 1288
    1288 1288 1288 1288 1288 1288 1288 1288 1292 1292 1292 1288 1288
    1278 1268 1268 1268 1278 1288 1283 1283 1278 1278 1283 1288 1288
    1288 1283 1278 1273 1273 1268 1268 1264 1264 0 0 0 1273 1273 1273
    1273 1273 1273 1273 1273 1322 1322 1268 1268 1268 1273 1288 1283
    1283 1283 1283 1278 1278 1278 1278 1283 1283 1278 1278 1273 1268
    1268 1268 1268 1268 1278 1283 1283 1283 1278 1278 1283 1283 1283
    1283 1283 1278 1273 1273 1273 1273 1264 1264 1268 0 0 1273 1273 1273
    1273 1273 1268 1268 1268 1268 1268 1268 1268 1268 1273 1273 1273
    1273 1273 1273 1273 1273 1273 1278 1278 1273 1273 1273 1273 1268
    1268 1273 1273 1273 1278 1278 1278 1278 1278 1278 1278 1278 1278
    1278 1278 1273 1273 1273 1273 1273 1273 1268 1268 1273 0 1268 1268
    1268 1268 1268 1268 1268 1268 1268 1268 1268 1268 1268 1268 1268
    1268 1268 1268 1268 1268 1268 1268 1268 1268 1268 1268 1268 1268
    1268 1268 1273 1273 1273 1278 1278 1278 1278 1278 1278 1278 1273
    1273 1273 1273 1273 1273 1273 1278 1278 1273 1273 1273 1273 0 1268
    1268 1268 1268 1268 1268 1268 1268 1268 1268 1268 1268 1268 1268
    1268 1268 1268 1268 1268 1268 1268 1268 1268 1268 1268 1268 1268
    1268 1268 1268 1273 1273 1273 1278 1278 1278 1278 1278 1278 1278
    1273 1273 1273 1273 1273 1273 1273 1278 1278 1278 1273 1273 0 1273
    1268 1268 1268 1268 1268 1268 1268 1268 1268 1268 1268 1268 1268
    1268 1268 1268 1268 1268 1268 1268 1268 1268 1268 1268 1268 1268
    1268 1268 1268 1268 1273 1273 1273 1278 1278 1278 1278 1278 1278
    1278 1278 1278 1273 1273 1273 1273 1273 1278 1278 1278 1273 1273 0
    1273 1268 1268 1268 1268 1268 1268 1268 1268 1268 1268 1268 1268
    1268 1268 1268 1268 1268 1268 1268 1268 1273 1268 1268 1268 1268
    1268 1268 1268 1268 1268 1273 1273 1278 1278 1278 1278 1278 1278
    1278 1278 1278 1278 1278 1278 1278 1278 1278 1278 1278 1278 1278 0 0
    1232 1264 1268 1268 1268 1268 1268 1268 1268 1268 1268 1268 1268
    1268 1268 1268 1268 1268 1268 1268 1268 1273 1268 1268 1268 1268
    1268 1268 1268 1268 1268 1273 1278 1278 1278 1278 1278 1278 1278
    1278 1278 1278 1278 1278 1278 1278 1278 1278 1278 1278 1278 1278 0 0
    1232 1264 1268 1268 1268 1268 1268 1268 1268 1268 1268 1268 1268
    1268 1268 1268 1268 1268 1268 1268 1268 1273 1268 1268 1268 1268
    1268 1273 1268 1268 1273 1273 1278 1278 1278 1278 1278 1278 1278
    1278 1278 1278 1278 1278 1278 1278 1278 1278 1283 1283 1278 1278 0 0
    1264 1264 1268 1268 1273 1273 1268 1268 1268 1268 1268 1268 1268
    1268 1268 1268 1268 1268 1268 1268 1268 1268 1268 1268 1268 1268
    1273 1273 1273 1273 1273 1278 1278 1278 1278 1278 1278 1278 1278
    1278 1278 1278 1278 1278 1278 1278 1278 1278 1278 1278 1278 1278 0 0
    1268 1268 1273 1273 1273 1273 1268 1268 1268 1268 1268 1268 1268
    1268 1273 1273 1268 1268 1268 1268 1268 1268 1268 1268 1268 1273
    1273 1273 1273 1273 1273 1278 1278 1278 1278 1278 1278 1278 1278
    1278 1278 1278 1278 1283 1278 1278 1278 1278 1278 1278 1273 1273 0 0
    1273 1273 1273 1273 1273 1273 1273 1268 1268 1268 1268 1268 1268
    1268 1268 1268 1268 1268 1268 1268 1268 1268 1268 1268 1268 1268
    1273 1273 1273 1273 1273 1278 1278 1278 1278 1278 1278 1278 1278
    1278 1278 1278 1278 1283 1283 1283 1278 1278 1278 1278 1273 1273 0 0
    1278 1278 1278 1273 1273 1268 1268 1268 1268 1268 1268 1268 1268
    1268 1268 1268 1268 1268 1268 1268 1273 1273 1268 1268 1268 1268
    1273 1273 1273 1268 1268 1278 1278 1278 1278 1278 1278 1278 1278
    1278 1278 1278 1278 1283 1283 1283 1283 1278 1278 1278 1273 1273 0 0
    1278 1278 1273 1268 1268 1268 1268 1268 1268 1268 1273 1273 1273
    1268 1268 1268 1268 1268 1268 1268 1268 1273 1273 1273 1273 1273
    1273 1268 1268 1268 1268 1278 1278 1278 1278 1278 1278 1278 1278
    1278 1278 1278 1278 1278 1283 1283 1278 1278 1278 1278 1278 1283 0 0
    1278 1273 1273 1268 1268 1268 1268 1268 1268 1268 1273 1273 1273
    1268 1268 1268 1268 1268 1268 1268 1268 1273 1273 1273 1273 1273
    1273 1268 1268 1273 1273 1278 1278 1278 1278 1278 1278 1278 1278
    1278 1278 1278 1278 1278 1283 1283 1278 1278 1278 1278 1278 1288
    1288 0 1278 1268 1268 1268 1268 1268 1268 1268 1268 1268 1273 1273
    1273 1268 1268 1268 1268 1268 1268 1268 1273 1273 1273 1273 1273
    1273 1273 1273 1273 1273 1273 1278 1278 1278 1283 1283 1283 1278
    1278 1278 1278 1283 1283 1283 1283 1283 1278 1278 1278 1283 1283
    1288 1288 0 1278 1268 1268 1268 1268 1268 1268 1268 1268 1268 1273
    1273 1273 1273 1268 1268 1268 1268 1268 1268 1273 1273 1273 1268
    1268 1268 1273 1273 1273 1273 1273 1278 1278 1278 1283 1283 1283
    1278 1278 1283 1283 1283 1283 1283 1283 1283 1278 1278 1278 1283
    1283 1288 1288 0 0 1268 1268 1268 1268 1268 1268 1268 1268 1268 1273
    1273 1273 1273 1273 1273 1273 1268 1268 1273 1273 1273 1273 1268
    1268 1268 1268 1268 1273 1273 1273 1278 1283 1283 1283 1283 1283
    1278 1278 1283 1283 1283 1278 1278 1283 1283 1283 1283 1283 1283
    1283 1288 1288 0 0 1268 1268 1268 1268 1268 1268 1268 1268 1268 1273
    1273 1273 1273 1273 1273 1273 1268 1268 1268 1268 1268 1268 1268
    1268 1268 1268 1268 1273 1278 1278 1278 1283 1283 1283 1283 1283
    1283 1283 1283 1283 1283 1278 1278 1278 1278 1278 1278 1283 1283
    1283 1283 1283 0 1283 1268 1268 1268 1268 1268 1268 1268 1268 1268
    1273 1273 1273 1273 1273 1273 1273 1268 1268 1268 1268 1268 1268
    1268 1268 1268 1268 1268 1273 1278 1278 1278 1283 1283 1278 1278
    1278 1278 1278 1283 1283 1283 1278 1278 1278 1278 1278 1278 1283
    1283 1278 1278 1283 0 1283 1273 1273 1273 1273 1273 1273 1268 1268
    1273 1273 1273 1273 1273 1273 1273 1273 1268 1268 1268 1268 1268
    1268 1268 1268 1268 1273 1273 1273 1278 1278 1278 1278 1278 1278
    1278 1278 1278 1278 1278 1283 1283 1283 1278 1278 1278 1283 1283
    1283 1283 1278 1278 1278 0 0 1278 1273 1273 1273 1273 1273 1273 1273
    1273 1273 1273 1273 1273 1273 1273 1273 1268 1268 1268 1268 1268
    1268 1268 1268 1273 1273 1273 1273 1273 1278 1278 1278 1278 1283
    1278 1278 1278 1278 1278 1278 1278 1283 1278 1278 1278 1278 1278
    1283 1283 1283 1278 1278 0 0 1278 1273 1273 1273 1273 1273 1278 1273
    1273 1273 1273 1273 1273 1273 1273 1273 1268 1268 1268 1268 1268
    1268 1273 1273 1273 1273 1273 1273 1273 1273 1278 1278 1278 1278
    1278 1278 1278 1278 1278 1278 1278 1278 1278 1278 1278 1278 1278
    1283 1283 1278 1278 1278 0 0 1273 1273 1273 1278 1278 1278 1278 1273
    1273 1273 1273 1273 1273 1273 1273 1273 1268 1268 1268 1273 1273
    1273 1273 1273 1273 1268 1268 1273 1273 1273 1278 1278 1278 1278
    1278 1278 1278 1278 1278 1278 1278 1278 1278 1278 1278 1278 1278
    1283 1283 1278 1278 1278 0 1245 1245 1268 1268 1273 1273 1273 1273
    1273 1273 1273 1273 1273 1273 1273 1268 1268 1268 1268 1268 1273
    1273 1273 1273 1273 1273 1268 1268 1268 1273 1273 1278 1278 1278
    1278 1278 1278 1278 1278 1278 1278 1278 1278 1278 1278 1278 1278
    1278 1283 1283 1278 1278 0 0 1245 1245 1268 1268 1273 1273 1273 1273
    1273 1273 1268 1268 1268 1268 1268 1268 1268 1268 1268 1273 1273
    1273 1273 1273 1273 1273 1268 1268 1268 1273 1273 1278 1278 1278
    1278 1283 1283 1283 1283 1278 1278 1278 1278 1278 1283 1278 1278
