<?xml version="1.0"?>
<opencv_storage>
<Depth2637 type_id="opencv-matrix">
  <rows>13</rows>
  <cols>36</cols>
  <dt>w</dt>
  <data>
    1349 1354 1359 1392 1392 0 3333 3333 3300 3269 3238 3238 0 0 0 0 0 0
    0 3365 3365 3365 3399 3399 3433 3468 1483 1477 1477 1477 3539 0 0 0
    0 0 3208 1365 1365 1392 1392 3208 3333 3333 3300 3269 3238 3238 3300
    3300 3333 0 0 0 0 3365 3365 3365 3365 3399 3433 3468 3468 3503 3503
    3539 3539 3576 3576 0 0 0 3178 3178 3208 3208 3208 3208 3333 3333
    3269 3269 3269 3269 3300 3300 3333 3333 3365 3365 3365 3365 3365
    3365 3365 3399 3433 3468 3468 3468 3468 3503 3503 3576 3539 3539 0 0
    3149 3149 3208 3208 3208 3208 3300 3300 3269 3269 3300 3300 3300
    3300 3269 3269 3300 3333 3333 3365 3365 3365 3365 3399 3433 3433
    3433 3433 3433 3503 3503 3539 3539 3539 3539 0 3149 3149 3208 3269
    3269 3269 3269 3269 3269 3269 3269 3300 3300 3300 3269 3269 3300
    3333 3333 3365 3365 3365 3365 3399 3433 3433 3433 3433 3433 3503
    3503 3539 3539 3539 3539 3539 3149 3149 3208 3238 3238 3238 3238
    3238 3238 3238 3238 3269 3300 3300 3300 3300 3333 3333 3365 3365
    3365 3399 3399 3399 3399 3399 3433 3433 3433 3503 3503 3539 3539
    3539 3539 3539 3178 3208 3208 3208 3238 3238 3238 3238 3238 3238
    3238 3238 3269 3300 3300 3300 3333 3333 3333 3333 3365 3365 3399
    3399 3399 3399 3433 3433 3468 3503 3503 3539 3539 3539 3539 3539
    3178 3208 3208 3208 3208 3208 3208 3208 3208 3238 3238 3238 3269
    3300 3300 3300 3333 3333 3333 3333 3365 3365 3399 3399 3399 3433
    3433 3468 3468 3503 3503 3503 3576 3576 3576 3539 3178 3178 3178
    3178 3208 3208 3208 3208 3208 3238 3238 3238 3238 3269 3269 3269
    3269 3269 3333 3365 3365 3365 3399 3399 3399 3433 3433 3433 3468
    3468 3503 3503 3539 3576 3576 3539 3120 3120 3149 3178 3208 3208
    3208 3208 3208 3238 3238 3238 3238 3238 3238 3238 3238 3269 3333
    3365 3365 3365 3399 3433 3433 3433 3433 3433 3468 3468 3468 3468
    3503 3539 3576 3653 3120 3120 3149 3178 3208 3208 3208 3208 3238
    3238 3178 3178 3208 3208 3208 3208 3208 3269 3333 3365 3365 3399
    3433 3468 3468 3503 3503 3503 3468 3433 3433 3399 3399 3503 3503 0
    3149 3149 3149 3238 3238 3238 3238 3238 3208 3208 3178 3092 3092
    3178 3178 3208 3208 3208 3365 3365 3365 3365 4349 4349 4349 4405
    4405 4405 4405 3433 3433 3399 3399 3503 4708 4708 0 3238 3238 3238
    3238 3994 4041 3208 3208 3208 4139 3092 3092 3178 3178 3208 4241
    4241 4349 4405 4405 4405 4349 4349 4349 4405 4405 4405 4522 4582
    4582 4582 4582 4582 4645 4645</data></Depth2637>
</opencv_storage>
