<?xml version="1.0"?>
<opencv_storage>
<Depth8692 type_id="opencv-matrix">
  <rows>76</rows>
  <cols>32</cols>
  <dt>w</dt>
  <data>
    5460 5460 1470 1452 1445 1439 1433 1433 1439 1439 1433 1427 1421
    1415 1415 1421 1421 1445 1445 1445 4983 4983 5056 5056 5132 5132
    5132 5132 5132 5210 5210 5210 5460 1470 1470 1445 1439 1439 1427
    1427 1433 1433 1433 1421 1415 1410 1410 1410 1421 1433 1433 1365
    1365 1370 5056 5056 5132 5132 5132 5132 5132 5210 5210 5210 0 1470
    1470 1439 1439 1439 1427 1427 1433 1427 1427 1421 1410 1404 1387
    1387 1381 1381 1370 1365 1365 1365 5132 5132 1283 5132 5132 5132
    5132 5210 5210 5132 0 0 0 1439 1439 0 0 0 1427 1427 1427 1421 1410
    1404 1387 1376 1365 1365 1365 1365 1365 1365 5210 5210 1283 1283
    1288 1288 1288 5132 5132 5132 0 0 0 0 0 0 0 0 0 1241 1241 1245 1245
    1376 1376 1376 1365 1349 1349 1365 1365 1370 1370 1283 1283 1278
    1278 1278 1268 0 5132 5132 0 0 0 0 0 0 0 0 1245 1241 1241 1245 1245
    1236 1236 1322 1322 1322 1322 1312 1297 1288 1288 1288 1278 1278
    1268 1268 1268 1273 1273 5132 0 0 0 0 0 0 0 1245 1245 1241 1241 1245
    1245 1236 1236 1245 1245 1245 1245 1245 1250 1264 1268 1268 1268
    1278 1268 1268 1273 1273 1273 5210 0 0 0 0 0 0 1255 1245 1241 1241
    1241 1241 1241 1236 1236 1241 1245 1245 1245 1245 1250 1250 1259
    1264 1268 1268 1268 1268 1273 1273 1273 1273 0 0 0 0 0 0 1245 1241
    1232 1232 1236 1236 1241 1241 1241 1241 1245 1245 1245 1245 1245
    1245 1259 1264 1268 1268 1268 1268 1268 1268 1268 1268 0 0 0 0 0 0
    1245 1241 1232 1232 1232 1236 1241 1241 1241 1241 1245 1245 1245
    1245 1245 1245 1259 1264 1268 1268 1268 1268 1268 1268 1268 1268 0 0
    0 0 0 0 1245 1241 1232 1232 1232 1232 1236 1241 1241 1241 1245 1245
    1245 1245 1245 1245 1255 1255 1264 1268 1268 1268 1268 1268 1268
    1268 0 0 0 0 0 0 1264 1241 1232 1232 1232 1232 1232 1236 1241 1245
    1245 1245 1245 1245 1250 1255 1255 1255 1264 1264 1264 1268 1268
    1268 1268 1268 0 0 0 0 0 0 1264 1241 1232 1232 1232 1232 1232 1236
    1241 1245 1245 1245 1245 1245 1250 1255 1255 1259 1264 1264 1264
    1268 1273 1273 1268 1268 0 0 0 0 0 0 1264 1245 1232 1232 1232 1232
    1232 1236 1241 1241 1245 1245 1245 1245 1250 1259 1259 1259 1264
    1264 1264 1268 1268 1273 1268 1268 0 0 0 0 0 0 1264 1245 1236 1232
    1232 1236 1236 1241 1241 1241 1245 1245 1245 1245 1245 1255 1259
    1259 1264 1264 1264 1268 1268 1268 1268 1268 0 0 0 0 0 0 1264 1245
    1241 1241 1241 1241 1241 1241 1236 1236 1241 1245 1245 1245 1245
    1255 1255 1259 1264 1264 1264 1264 1268 1268 1268 1268 0 0 0 0 0 0 0
    1241 1241 1241 1241 1241 1241 1241 1236 1236 1241 1245 1245 1245
    1245 1255 1255 1259 1264 1264 1264 1264 1268 1268 1268 1268 0 0 0 0
    0 0 0 1241 1241 1232 1232 1241 1236 1236 1236 1236 1241 1245 1245
    1245 1245 1250 1255 1259 1264 1264 1264 1264 1268 1268 1268 1268 0 0
    0 0 0 0 0 1241 1232 1232 1232 1232 1232 1236 1241 1241 1245 1245
    1245 1245 1245 1250 1255 1259 1264 1264 1264 1264 1268 1268 1268
    1268 0 0 0 0 0 0 0 1236 1232 1227 1227 1232 1232 1241 1241 1241 1245
    1245 1245 1245 1250 1250 1255 1255 1264 1264 1264 1264 1268 1268
    1268 1268 0 0 0 0 0 0 0 1236 1232 1227 1227 1232 1232 1236 1241 1241
    1241 1245 1245 1245 1250 1250 1255 1255 1264 1264 1264 1268 1268
    1268 1268 1268 0 0 0 0 0 0 0 1236 1232 1232 1232 1232 1232 1236 1241
    1241 1241 1245 1245 1245 1250 1250 1255 1255 1264 1264 1264 1268
    1268 1268 1268 1268 0 0 0 0 0 0 1259 1241 1232 1232 1232 1232 1232
    1236 1241 1241 1241 1245 1245 1245 1250 1250 1255 1259 1264 1264
    1264 1268 1268 1268 1268 1268 0 0 0 0 0 0 1259 1241 1236 1232 1232
    1232 1232 1236 1236 1241 1241 1245 1245 1245 1250 1250 1250 1255
    1264 1264 1264 1268 1268 1268 1268 1268 0 0 0 0 0 0 1259 1241 1232
    1232 1232 1232 1232 1236 1236 1241 1241 1245 1245 1250 1250 1250
    1250 1255 1264 1264 1264 1268 1268 1268 1268 1273 0 0 0 0 1297 1283
    1259 1241 1232 1232 1232 1232 1232 1236 1236 1241 1241 1245 1245
    1250 1250 1250 1250 1250 1264 1264 1264 1264 1268 1264 1264 1273 0 0
    0 0 1297 1283 1268 1241 1232 1232 1232 1236 1236 1236 1236 1241 1241
    1245 1245 1250 1250 1250 1250 1250 1264 1264 1264 1264 1264 1264
    1264 1264 0 0 0 0 0 1283 1268 1241 1232 1232 1232 1236 1236 1236
    1236 1241 1241 1245 1245 1245 1250 1250 1250 1259 1264 1264 1264
    1264 1264 1264 1264 1264 0 0 0 0 1297 1297 1297 1241 1232 1232 1232
    1236 1236 1241 1241 1241 1241 1245 1245 1245 1250 1250 1255 1259
    1259 1259 1264 1264 1264 1264 1264 1264 0 0 0 0 1297 1297 1297 1241
    1236 1232 1232 1232 1232 1241 1241 1241 1241 1245 1245 1245 1245
    1250 1255 1259 1259 1259 1268 1268 1268 1268 1268 1268 0 0 0 0 1288
    1278 1273 1241 1232 1227 1227 1227 1232 1241 1241 1241 1241 1245
    1245 1245 1245 1245 1255 1259 1264 1264 1268 1268 1268 1268 1268
    1268 0 0 0 0 1288 1278 1264 1241 1232 1227 1227 1227 1232 1241 1241
    1241 1245 1245 1245 1245 1245 1245 1250 1259 1259 1264 1264 1264
    1268 1268 1268 1268 0 0 0 0 1288 1278 1264 1245 1236 1227 1227 1227
    1236 1241 1241 1241 1245 1245 1245 1245 1245 1250 1250 1259 1259
    1264 1264 1264 1268 1268 1268 1268 0 0 0 0 1288 1278 1268 1250 1236
    1232 1232 1232 1241 1241 1241 1241 1245 1245 1245 1245 1245 1250
    1250 1259 1264 1264 1264 1264 1268 1268 1268 1268 0 0 0 0 1283 1283
    1273 1250 1236 1236 1236 1236 1236 1236 1241 1241 1245 1245 1245
    1245 1250 1250 1250 1259 1264 1264 1264 1264 1264 1268 1268 1268 0 0
    0 0 1283 1283 1278 1245 1232 1232 1232 1232 1236 1236 1241 1241 1245
    1245 1245 1245 1245 1250 1250 1259 1264 1264 1264 1264 1264 1268
    1268 1268 0 0 0 0 1288 1288 1283 1232 1227 1227 1227 1232 1236 1236
    1241 1241 1245 1245 1245 1245 1245 1245 1250 1250 1264 1259 1259
    1264 1264 1264 1264 1268 0 0 0 0 1288 1288 1283 1232 1227 1227 1227
    1232 1236 1236 1241 1241 1245 1245 1245 1245 1245 1245 1250 1250
    1259 1259 1259 1264 1264 1264 1264 1268 0 0 0 0 1297 1297 1278 1236
    1232 1227 1227 1241 1241 1241 1241 1241 1241 1241 1245 1245 1245
    1250 1250 1250 1259 1259 1264 1264 1268 1268 1268 1268 1439 1439
    1439 0 1297 1297 1264 1241 1236 1227 1227 1241 1241 1241 1241 1241
    1241 1241 1245 1245 1245 1255 1255 1259 1259 1259 1264 1264 1268
    1268 1268 1268 1439 1421 1322 1317 1297 1297 1259 1245 1236 1227
    1227 1232 1241 1241 1241 1241 1241 1241 1245 1245 1245 1255 1255
    1259 1259 1259 1264 1264 1268 1268 1268 1268 1439 1421 1322 1317
    1297 1297 1259 1241 1232 1227 1227 1232 1241 1241 1241 1241 1241
    1241 1245 1245 1250 1255 1255 1259 1259 1259 1264 1264 1268 1268
    1268 1268 1445 1427 1410 1322 1307 1307 1245 1241 1232 1227 1227
    1232 1236 1236 1241 1241 1241 1241 1245 1245 1250 1250 1250 1255
    1259 1264 1264 1268 1268 1268 1264 1264 0 1415 1398 1338 1338 1338
    1245 1241 1232 1232 1232 1232 1236 1236 1236 1241 1241 1245 1245
    1245 1245 1250 1250 1255 1259 1264 1264 1264 1264 1264 1259 1259 0
    1415 1387 1387 1387 1376 1241 1241 1232 1232 1232 1232 1236 1236
    1236 1241 1241 1245 1245 1245 1245 1245 1255 1255 1259 1264 1264
    1264 1264 1264 1259 1259 0 1415 1381 1376 1376 1376 1264 1245 1232
    1232 1232 1232 1236 1236 1241 1241 1241 1245 1245 1245 1245 1245
    1255 1255 1259 1264 1264 1264 1264 1264 1259 1259 0 0 1381 1338 1338
    1338 1264 1236 1232 1232 1232 1232 1236 1236 1241 1241 1241 1245
    1245 1245 1245 1245 1250 1255 1259 1264 1268 1268 1264 1264 1259
    1259 0 0 1387 1333 1317 1317 1264 1232 1232 1232 1232 1232 1241 1241
    1241 1241 1241 1245 1245 1245 1245 1245 1250 1255 1255 1259 1264
    1264 1268 1268 1259 1259 0 0 1387 1333 1302 1292 1264 1232 1232 1232
    1232 1232 1236 1236 1241 1241 1241 1245 1245 1245 1245 1245 1250
    1255 1255 1259 1264 1264 1268 1268 1264 1264 0 0 1387 1338 1302 1292
    1273 1232 1232 1232 1232 1232 1236 1236 1241 1241 1241 1245 1245
    1245 1245 1250 1255 1259 1259 1259 1264 1264 1268 1268 1268 1273 0 0
