<?xml version="1.0"?>
<opencv_storage>
<Depth6590 type_id="opencv-matrix">
  <rows>75</rows>
  <cols>45</cols>
  <dt>w</dt>
  <data>
    3816 3816 3816 3816 3816 3816 3816 3816 3816 3816 3816 3816 3732
    3732 3732 3732 3732 3774 3774 3816 3816 3816 1370 1365 1354 1349
    1349 1354 1354 1354 1354 1359 1359 1359 3692 3692 3692 3692 3692
    3692 3692 3692 3692 3692 3732 3816 3816 3816 3816 3816 3816 3816
    3816 3816 3816 3816 3816 3732 3732 3732 3732 3774 3774 1410 1404
    1392 1381 1370 1365 1354 1349 1349 1349 1349 1354 1354 1359 1359
    1365 1370 1370 1392 1392 1392 1392 1398 3774 3732 3732 3732 3816
    3816 3816 3816 3816 3816 3816 3816 3816 3816 3816 3816 3774 3774
    3816 3816 1415 1415 1410 1398 1392 1381 1376 1370 1359 1349 1349
    1349 1349 1349 1354 1359 1359 1365 1370 1370 1376 1381 1387 1392
    1392 1392 1392 3732 3732 3816 3816 3816 3816 3816 3816 3816 3774
    3774 3816 3816 3816 3816 3816 1439 1433 1427 1415 1410 1398 1392
    1381 1376 1370 1359 1349 1349 1349 1349 1349 1354 1354 1365 1365
    1365 1370 1370 1381 1387 1392 1392 1392 1398 1398 3653 3816 3774
    3774 3774 3774 3774 3816 3774 3774 3774 3774 3816 1445 1445 1439
    1433 1427 1410 1404 1398 1392 1381 1376 1370 1359 1354 1349 1349
    1349 1349 1354 1354 1365 1365 1365 1370 1370 1376 1381 1387 1392
    1392 1398 1398 3653 3816 3774 3774 3774 3774 3774 3774 3692 3692
    3774 1464 1464 1445 1445 1439 1433 1427 1410 1404 1398 1392 1381
    1376 1365 1359 1354 1349 1349 1349 1349 1354 1354 1359 1359 1365
    1370 1370 1376 1381 1387 1387 1392 1392 1392 1392 3816 3774 3774
    3774 3774 3774 3774 3692 3692 1477 1464 1464 1445 1445 1439 1433
    1415 1410 1404 1398 1392 1381 1376 1365 1359 1354 1349 1349 1349
    1349 1354 1354 1359 1359 1365 1370 1370 1376 1381 1381 1381 1392
    1392 1392 1392 3816 3816 3774 3774 3774 3774 1489 1489 1489 1477
    1470 1464 1445 1445 1439 1427 1415 1404 1398 1398 1387 1376 1370
    1359 1354 1349 1349 1349 1349 1349 1354 1354 1359 1359 1365 1370
    1370 1376 1381 1381 1381 1387 1392 1392 3653 3816 3816 3816 3816
    1523 1523 1509 1489 1483 1477 1464 1452 1445 1439 1433 1427 1410
    1404 1398 1392 1387 1376 1370 1359 1354 1349 1349 1349 1349 1349
    1349 1354 1359 1359 1365 1370 1370 1376 1381 1381 1381 1376 1376
    1376 3653 3816 3816 1536 1536 1529 1523 1509 1489 1483 1470 1458
    1452 1445 1439 1433 1415 1410 1404 1398 1392 1381 1376 1370 1359
    1354 1349 1349 1349 1349 1349 1349 1354 1354 1359 1359 1370 1370
    1376 1381 1381 1381 1376 1376 1376 3732 1543 1543 1543 1529 1523
    1516 1509 1489 1477 1464 1458 1452 1445 1439 1433 1415 1410 1404
    1398 1392 1381 1376 1370 1359 1354 1349 1349 1343 1343 1343 1349
    1349 1354 1359 1359 1370 1370 1376 1381 1387 1387 1381 1381 1381
    3692 1536 1536 1543 1529 1523 1516 1509 1489 1477 1464 1458 1452
    1445 1439 1433 1415 1410 1404 1398 1381 1376 1370 1370 1359 1354
    1349 1343 1343 1343 1343 1349 1349 1354 1354 1359 1365 1370 1376
    1381 1381 1387 1381 1381 1381 3692 1536 1536 1536 1529 1523 1516
    1509 1489 1477 1464 1458 1452 1445 1439 1433 1415 1410 1404 1398
    1381 1376 1370 1370 1359 1354 1349 1343 1343 1338 1338 1349 1349
    1354 1354 1359 1365 1370 1370 1381 1381 1387 1387 1387 1387 3692
    1536 1536 1536 1523 1516 1509 1503 1489 1477 1470 1458 1452 1445
    1439 1433 1415 1410 1404 1398 1381 1376 1370 1370 1359 1354 1349
    1343 1338 1338 1338 1343 1349 1354 1354 1354 1365 1370 1370 1376
    1381 1381 1381 1387 1387 3692 1536 1536 1536 1523 1516 1509 1489
    1483 1470 1464 1458 1452 1445 1439 1433 1415 1404 1398 1392 1381
    1376 1376 1370 1359 1354 1349 1338 1333 1333 1338 1338 1349 1349
    1354 1354 1359 1365 1370 1376 1376 1381 1381 1381 1381 3692 1536
    1536 1536 1529 1516 1503 1489 1477 1470 1464 1458 1452 1445 1439
    1433 1415 1404 1398 1392 1381 1376 1370 1365 1354 1354 1349 1338
    1333 1333 1333 1338 1343 1349 1349 1354 1359 1365 1370 1376 1376
    1376 1381 1381 1381 3692 1536 1536 1536 1529 1516 1503 1489 1477
    1470 1464 1458 1452 1445 1439 1433 1415 1404 1398 1392 1381 1376
    1370 1365 1354 1349 1349 1338 1333 1333 1333 1338 1343 1349 1349
    1354 1354 1359 1370 1376 1376 1376 1376 1381 1381 3692 1543 1543
    1536 1529 1516 1503 1489 1483 1470 1464 1458 1452 1445 1433 1427
    1410 1404 1398 1387 1376 1376 1370 1359 1354 1349 1343 1333 1333
    1333 1333 1338 1338 1343 1349 1354 1354 1359 1365 1376 1376 1376
    1376 1381 1381 3653 1536 1536 1529 1523 1509 1489 1489 1477 1470
    1464 1458 1452 1445 1433 1415 1410 1398 1398 1387 1376 1376 1370
    1359 1354 1349 1343 1333 1333 1333 1333 1338 1338 1343 1349 1354
    1354 1359 1365 1376 1376 1376 1381 1381 1381 3653 1536 1536 1529
    1523 1509 1489 1489 1477 1470 1464 1458 1445 1445 1433 1415 1404
    1398 1392 1381 1376 1376 1370 1359 1354 1349 1333 1333 1333 1333
    1333 1338 1338 1343 1349 1354 1354 1359 1359 1370 1370 1376 1376
    1376 1387 1387 1543 1529 1529 1523 1509 1496 1489 1477 1470 1464
    1452 1445 1439 1415 1415 1404 1398 1392 1381 1376 1376 1365 1354
    1349 1343 1333 1333 1333 1333 1333 1338 1338 1349 1349 1349 1354
    1354 1359 1370 1370 1376 1376 1376 1376 1376 1543 1523 1523 1516
    1509 1496 1489 1483 1470 1464 1452 1445 1439 1415 1410 1398 1392
    1392 1387 1376 1370 1365 1354 1349 1343 1333 1328 1328 1328 1333
    1338 1338 1343 1349 1349 1354 1354 1359 1370 1370 1370 1376 1376
    1376 1376 1523 1523 1523 1516 1509 1496 1489 1483 1470 1458 1452
    1439 1439 1415 1410 1398 1392 1392 1387 1381 1370 1365 1354 1349
    1343 1333 1328 1328 1328 1333 1333 1338 1343 1343 1349 1349 1354
    1354 1365 1370 1370 1376 1376 1376 1376 1536 1529 1523 1516 1509
    1496 1489 1477 1464 1458 1452 1439 1433 1427 1410 1398 1392 1392
    1387 1381 1370 1365 1354 1349 1338 1328 1328 1328 1328 1333 1333
    1338 1338 1343 1349 1349 1354 1354 1365 1370 1370 1376 1376 1381
    1381 1529 1523 1523 1516 1509 1489 1483 1477 1464 1458 1452 1439
    1433 1421 1415 1398 1392 1392 1387 1376 1370 1365 1354 1349 1338
    1328 1328 1328 1328 1333 1333 1338 1338 1343 1349 1349 1354 1354
    1365 1370 1370 1376 1376 1387 1387 1529 1523 1523 1516 1496 1489
    1483 1470 1464 1458 1445 1439 1433 1421 1415 1398 1392 1392 1387
    1376 1370 1365 1354 1349 1338 1328 1328 1328 1328 1333 1333 1333
    1338 1343 1349 1349 1354 1354 1365 1365 1370 1376 1376 1381 1381
    1523 1523 1523 1516 1489 1489 1477 1470 1464 1458 1445 1439 1433
    1421 1415 1404 1392 1387 1381 1376 1370 1359 1354 1349 1338 1328
    1328 1328 1328 1328 1333 1333 1333 1338 1343 1349 1354 1354 1365
    1365 1365 1370 1376 1381 1381 1523 1523 1516 1516 1489 1489 1477
    1470 1464 1458 1452 1439 1433 1415 1410 1398 1392 1387 1376 1376
    1365 1359 1354 1349 1338 1328 1328 1328 1328 1328 1328 1333 1333
    1338 1343 1349 1349 1354 1359 1365 1365 1370 1376 1376 1376 1523
    1523 1516 1509 1489 1489 1477 1470 1464 1458 1452 1439 1433 1415
    1410 1398 1392 1381 1376 1370 1365 1359 1354 1349 1343 1328 1328
    1328 1328 1328 1328 1333 1333 1333 1338 1349 1349 1354 1359 1359
    1365 1370 1376 1376 1381 1523 1516 1516 1509 1489 1483 1477 1464
    1464 1458 1445 1439 1433 1415 1404 1392 1387 1381 1376 1370 1365
    1359 1354 1349 1343 1328 1328 1322 1322 1328 1328 1333 1333 1333
    1338 1343 1343 1349 1354 1359 1365 1370 1376 1376 1381 1523 1516
    1516 1496 1489 1483 1477 1464 1464 1452 1445 1439 1415 1410 1404
    1392 1387 1381 1376 1370 1365 1359 1354 1343 1333 1328 1322 1322
    1322 1328 1328 1333 1333 1333 1338 1343 1343 1349 1354 1354 1359
    1370 1376 1376 1381 1523 1516 1516 1496 1489 1477 1470 1464 1458
    1445 1439 1433 1415 1410 1404 1392 1387 1381 1376 1370 1365 1359
    1349 1338 1328 1322 1322 1322 1322 1328 1328 1328 1333 1333 1338
    1338 1343 1349 1354 1354 1359 1365 1370 1376 1381 1516 1516 1516
    1496 1489 1477 1470 1464 1458 1445 1439 1427 1415 1410 1404 1392
    1387 1381 1376 1370 1359 1354 1349 1338 1328 1317 1317 1317 1317
    1328 1328 1328 1333 1333 1333 1338 1343 1349 1354 1354 1359 1359
