<?xml version="1.0"?>
<opencv_storage>
<Depth17929 type_id="opencv-matrix">
  <rows>10</rows>
  <cols>15</cols>
  <dt>w</dt>
  <data>
    4241 4241 4241 4241 4241 4241 4295 4349 4405 4349 4349 4241 4241
    4349 4349 4241 4241 4241 4241 4241 4241 4241 4295 4349 4349 4349
    4349 4295 4295 4295 4241 4241 4295 4295 4241 4241 4241 4295 4295
    4349 4349 4349 4295 4295 4295 4241 4241 4241 4295 4241 4241 4295
    4295 4295 4295 4295 4349 4295 4295 4295 4295 4241 4241 4295 4295
    4295 4349 4349 4349 4295 4295 4349 4349 4349 2301 4295 4295 4295
    4295 4295 4295 4349 4349 4349 4295 4295 4349 4349 4349 2301 4349
    4349 4295 4295 4295 4295 4295 4295 4349 4349 4349 4295 4295 4295
    4295 4349 4349 4295 4241 4241 4295 4295 4295 4295 4295 4349 4295
    4295 4295 4295 4349 4295 4241 4241 4241 4295 4295 4295 4295 4295
    4349 4349 4405 4295 4241 4349 4241 4241 4241 4241 4295 4295 4295
    4295 4349 4463 0 0 0 4241</data></Depth17929>
</opencv_storage>
