<?xml version="1.0"?>
<opencv_storage>
<Depth15937 type_id="opencv-matrix">
  <rows>134</rows>
  <cols>63</cols>
  <dt>w</dt>
  <data>
    0 0 0 0 0 0 0 0 0 0 0 0 7030 7030 0 0 0 0 0 0 0 0 0 0 0 0 0 730 730
    730 730 730 730 730 733 733 734 736 736 736 738 738 738 736 734 734
    734 0 0 0 0 0 0 0 0 0 0 0 0 0 0 0 0 0 0 7030 7030 7178 7178 7332 0 0
    0 0 0 0 0 0 0 0 0 0 0 0 0 0 0 0 0 731 730 730 730 730 730 730 731
    733 733 734 734 736 736 736 738 738 736 734 734 738 738 0 0 0 0 0
    754 754 754 0 0 0 0 0 0 0 0 6889 6889 6889 7030 7030 7178 0 0 0 0 0
    0 0 0 0 0 0 0 0 0 0 0 0 0 739 731 730 730 730 730 730 730 730 731
    733 733 734 736 736 736 738 738 739 738 738 738 738 741 741 0 0 0
    750 749 749 752 750 750 752 0 0 0 7030 6889 6889 6889 7030 7030 7178
    0 0 0 0 0 0 0 0 0 0 0 0 0 0 0 0 0 739 739 733 730 730 730 730 730
    730 730 730 733 733 733 734 736 736 736 738 739 739 741 741 741 741
    741 742 746 747 747 749 749 750 750 750 750 750 0 0 7030 7030 7030
    7030 7030 7030 7178 0 0 0 0 0 0 0 0 0 0 0 0 0 0 0 0 0 739 738 734
    731 730 730 730 730 730 730 730 733 733 733 734 734 736 736 738 739
    741 742 742 742 742 742 742 744 744 744 749 750 750 750 750 750 750
    0 0 7030 7030 7030 7030 7030 7030 0 0 0 0 0 0 0 0 0 0 0 0 0 0 0 0 0
    761 761 738 734 731 731 730 728 728 728 728 730 733 733 734 734 734
    736 736 736 738 739 741 742 742 742 742 742 744 742 742 746 749 750
    750 750 750 750 0 0 7030 7030 7030 6889 6889 6889 0 0 0 0 0 0 0 0 0
    0 0 0 785 783 778 769 766 761 761 761 734 731 731 730 728 728 728
    728 730 733 733 734 734 736 736 736 736 738 739 741 741 742 742 742
    744 744 742 742 746 749 749 749 749 749 750 0 0 7178 7030 7030 6889
    6889 6889 0 0 0 0 0 0 0 0 0 0 0 0 785 783 778 769 766 761 752 739
    733 731 731 730 730 730 730 730 730 731 731 734 734 736 736 736 736
    738 739 741 741 742 742 742 742 742 742 744 746 749 749 749 749 749
    750 750 0 7332 7030 7030 0 0 0 0 0 0 0 0 0 0 0 0 0 0 800 787 783 778
    773 767 755 746 739 733 731 730 730 730 730 730 730 730 731 731 734
    734 736 736 736 736 738 738 739 741 741 741 741 742 742 742 742 746
    747 749 749 749 749 750 750 0 7332 7332 0 0 0 0 0 0 0 0 0 0 0 0 835
    835 805 800 790 787 778 774 769 755 746 741 731 728 728 728 728 728
    730 730 731 733 733 734 734 734 736 736 736 738 738 739 739 741 741
    741 742 742 742 742 744 746 747 747 749 749 750 750 0 7332 0 0 0 0 0
    0 0 0 0 0 0 841 839 835 835 803 802 796 787 778 774 762 755 744 739
    731 728 728 728 728 728 730 730 731 733 733 734 734 734 736 736 736
    736 736 738 739 739 741 742 742 742 742 742 744 746 747 747 749 749
    750 750 0 0 0 0 0 0 0 0 0 0 0 0 0 841 839 835 835 803 802 794 787
    778 774 757 750 744 739 733 730 727 727 727 727 728 730 730 731 731
    733 734 734 736 736 736 736 736 736 738 738 739 741 742 742 742 742
    744 746 747 749 750 750 750 750 0 0 0 0 0 0 0 0 0 0 0 0 851 843 839
    835 831 803 802 794 787 778 773 757 750 742 736 730 728 727 727 727
    727 728 730 730 731 731 733 734 734 734 734 734 736 736 736 738 738
    739 741 742 742 742 742 744 746 747 749 750 750 749 749 749 0 0 0 0
    0 0 0 0 0 0 0 851 845 839 835 829 803 798 794 787 780 773 757 750
    742 736 730 728 727 727 727 727 727 730 730 731 731 731 733 734 734
    734 734 736 736 736 738 739 741 741 741 742 742 742 744 746 747 747
    749 749 749 747 747 0 0 0 0 0 0 0 0 894 889 889 851 849 837 833 829
    800 794 792 785 780 767 757 750 746 733 730 728 727 727 725 725 727
    730 730 731 731 731 733 733 734 734 734 736 736 736 738 739 741 741
    741 742 742 742 746 747 747 747 749 749 749 747 747 0 0 0 0 0 0 915
    915 894 889 889 854 854 837 829 827 800 794 785 783 780 767 757 749
    747 733 728 728 727 725 725 725 727 730 730 731 731 731 731 731 733
    733 734 734 736 736 738 739 739 741 741 742 742 744 747 747 747 747
    749 749 749 747 747 0 0 0 0 0 920 915 910 896 891 889 889 889 829
    829 827 827 827 785 783 781 781 755 749 749 733 728 727 725 725 725
    725 725 728 730 730 731 731 731 731 733 733 734 734 736 738 739 739
    739 741 741 741 742 742 747 747 747 747 749 750 749 747 747 0 0 0 0
    0 920 915 910 898 889 889 889 845 827 827 825 821 821 785 781 780
    780 752 749 749 733 728 727 725 725 725 725 725 728 728 730 730 731
    731 731 731 733 734 734 736 736 738 738 738 739 739 741 742 742 747
    747 747 747 747 749 750 749 749 0 0 0 0 0 920 910 908 898 882 878
    856 845 833 827 823 821 821 785 781 780 780 752 747 742 733 728 727
    723 723 723 725 727 728 728 730 730 731 731 731 731 731 733 734 734
    736 736 738 738 739 739 741 741 741 746 746 747 747 747 749 749 749
    750 0 0 0 0 0 0 910 906 906 880 864 856 845 833 827 823 819 792 785
    783 776 776 750 747 741 733 728 727 723 723 723 725 727 728 728 728
    730 730 730 730 730 731 733 734 734 736 736 736 738 739 739 741 741
    741 744 744 746 746 747 749 749 749 750 0 0 0 0 938 935 906 903 903
    880 864 858 849 835 827 823 819 792 787 783 774 773 750 747 741 731
    728 727 723 723 725 727 727 728 728 728 728 728 730 730 730 731 733
    734 734 734 736 736 736 739 741 741 741 741 744 744 744 746 747 749
    749 749 0 0 0 0 0 930 930 906 901 889 880 864 856 849 835 827 823
    798 792 789 780 774 771 750 747 747 731 728 725 723 723 723 725 727
    728 728 728 728 728 730 730 730 731 733 734 734 734 736 736 736 739
    741 741 741 741 744 744 744 744 747 749 749 749 0 0 0 0 0 925 908
    906 901 889 880 864 856 849 835 827 823 798 792 783 778 774 769 749
    747 747 731 728 725 723 723 723 725 727 727 728 728 728 728 728 730
    730 731 733 734 734 734 736 736 736 738 739 739 739 741 744 744 744
    744 747 749 749 749 0 0 0 0 0 925 908 906 898 889 878 864 856 849
    841 831 821 798 794 783 778 773 761 749 747 747 731 727 723 723 723
    723 725 727 727 728 728 728 728 728 730 730 731 733 733 734 734 734
    736 736 738 739 738 738 739 744 744 744 744 747 747 747 747 0 0 0 0
    930 920 920 920 896 889 875 873 873 847 839 831 807 802 794 783 778
    771 761 750 746 736 731 725 723 722 722 722 723 725 727 728 728 728
    728 728 730 730 730 733 733 733 734 734 734 736 738 738 738 738 739
    744 744 744 744 746 747 747 747 747 0 0 0 930 915 910 908 896 889
    871 867 867 841 835 823 807 803 798 783 776 769 759 750 746 736 730
    723 723 722 722 722 723 723 725 727 728 728 728 728 730 730 730 733
    733 733 733 734 734 736 736 738 738 738 742 744 744 744 744 746 746
    746 746 747 0 0 0 948 910 910 908 896 889 871 862 851 841 835 823
    807 805 805 805 776 769 759 754 754 736 730 723 723 722 722 722 723
    723 723 725 727 728 728 728 728 730 730 731 731 733 733 734 734 736
    736 738 738 738 742 742 742 744 744 744 746 746 746 0 0 0 0 948 908
    908 908 901 889 871 862 851 841 835 823 807 805 805 805 771 769 759
    754 742 736 730 723 723 722 722 722 723 723 723 723 725 725 728 728
    728 730 730 730 731 731 733 734 734 736 736 736 738 738 741 742 742
    744 744 744 746 746 746 0 0 0 0 946 908 908 908 901 887 869 862 851
    841 835 829 807 803 803 803 771 762 755 752 742 736 728 723 722 720
    720 722 723 723 723 723 723 725 727 728 728 730 730 730 731 731 733
    734 734 736 736 736 736 738 741 742 742 744 744 744 746 746 746 749
    0 0 0 946 940 913 908 903 887 862 858 851 843 837 837 815 803 798
    798 798 761 755 747 742 738 728 722 720 719 719 722 722 723 723 723
    723 725 727 728 728 730 730 730 730 731 731 733 734 734 734 736 736
    738 741 742 742 742 742 744 746 747 747 749 948 948 948 943 930 915
    910 891 887 862 858 851 845 845 845 813 803 796 796 796 761 752 747
    741 736 731 722 720 719 719 722 722 723 723 723 723 723 727 728 728
    730 730 730 730 730 731 731 733 734 734 736 736 738 741 742 742 742
    742 742 742 744 744 744 946 946 946 943 928 920 903 891 889 864 858
    849 843 843 823 813 800 794 789 781 755 752 747 741 736 731 723 720
    719 719 722 722 723 723 723 723 723 727 728 728 728 730 730 730 730
