<?xml version="1.0"?>
<opencv_storage>
<Depth0993 type_id="opencv-matrix">
  <rows>37</rows>
  <cols>53</cols>
  <dt>w</dt>
  <data>
    3732 3774 1894 1894 1894 1894 1904 1894 1894 1894 1894 1894 1883
    1883 1883 1883 1883 1883 1883 1883 1894 1894 1894 3732 3692 3692
    3692 3692 3732 3732 3732 3732 3732 3774 3774 3774 3774 3816 3816
    3816 3816 3816 3816 3816 3859 3859 3859 3859 3859 3859 3816 3816
    3859 3732 3774 1894 1894 1894 1894 1894 1894 1894 1894 1894 1894
    1883 1883 1883 1883 1883 1883 1883 1883 1894 1894 1894 1894 1894
    1894 3692 3692 3692 3692 3774 1894 1883 1883 1894 1883 1883 3816
    3816 3816 3816 3816 3816 3816 3816 3859 3859 3859 3859 3859 3859
    3859 3859 3774 1904 1904 1904 1894 1894 1894 1894 1894 1894 1894
    1894 1894 1883 1883 1883 1883 1883 1883 1894 1894 1894 1894 1894
    1894 1894 1894 1894 1894 1894 1894 1894 1883 1883 1883 1883 1873
    1873 1873 1873 1883 1894 1873 1873 1873 1873 1894 1894 1894 1894
    3859 3859 3859 0 1904 1904 1904 1894 1894 1894 1894 1894 1894 1894
    1894 1894 1894 1894 1883 1883 1883 1894 1894 1894 1894 1894 1894
    1894 1894 1894 1894 1894 1894 1894 1894 1894 1883 1883 1883 1873
    1873 1873 1873 1883 1873 1873 1873 1873 1873 1883 1883 1883 1894
    1883 1883 1883 3816 1904 1904 1904 1894 1894 1894 1894 1894 1894
    1894 1894 1894 1894 1894 1894 1894 1894 1894 1894 1894 1883 1883
    1883 1883 1883 1883 1883 1894 1894 1894 1883 1883 1883 1883 1883
    1883 1883 1883 1883 1883 1873 1873 1873 1873 1883 1883 1883 1883
    1883 1883 1883 1873 3816 1904 1904 1894 1894 1894 1894 1894 1883
    1883 1894 1894 1894 1894 1894 1894 1894 1894 1883 1883 1883 1883
    1883 1883 1883 1883 1883 1883 1883 1883 1883 1883 1883 1883 1883
    1883 1883 1883 1883 1883 1873 1873 1873 1883 1883 1883 1883 1883
    1883 1883 1883 1883 1873 3816 1894 1894 1894 1894 1894 1894 1894
    1883 1883 1883 1883 1883 1894 1894 1894 1894 1894 1883 1883 1883
    1883 1883 1883 1883 1883 1883 1883 1883 1883 1883 1883 1883 1883
    1883 1883 1883 1883 1883 1883 1873 1873 1883 1883 1883 1883 1883
    1873 1873 1883 1873 1873 1883 1894 1894 1894 1894 1894 1894 1894
    1894 1894 1894 1883 1883 1883 1894 1894 1894 1894 1883 1883 1883
    1883 1883 1883 1883 1883 1883 1873 1873 1873 1873 1873 1883 1883
    1883 1883 1883 1883 1873 1873 1883 1883 1883 1883 1883 1883 1883
    1883 1873 1873 1873 1873 1873 1873 1894 1894 1894 1894 1894 1894
    1894 1894 1894 1894 1883 1883 1883 1883 1883 1894 1894 1883 1883
    1883 1883 1883 1883 1883 1883 1883 1873 1873 1873 1873 1873 1883
    1883 1883 1883 1883 1883 1873 1873 1883 1883 1883 1883 1883 1883
    1883 1883 1883 1873 1873 1873 1873 1873 1894 1894 1894 1894 1894
    1894 1894 1894 1894 1894 1883 1883 1883 1883 1883 1883 1883 1883
    1883 1883 1883 1883 1883 1883 1883 1883 1883 1873 1873 1873 1883
    1883 1883 1883 1883 1883 1883 1883 1883 1883 1883 1883 1883 1883
    1883 1883 1883 1873 1873 1873 1873 1873 1873 1894 1894 1894 1894
    1894 1894 1894 1894 1894 1894 1894 1894 1883 1883 1883 1883 1883
    1883 1883 1883 1883 1883 1883 1883 1883 1883 1883 1873 1873 1873
    1873 1873 1873 1883 1883 1883 1883 1883 1883 1883 1883 1883 1873
    1873 1883 1883 1873 1873 1863 1863 1873 1873 1883 1883 1883 1883
    1894 1894 1894 1894 1894 1894 1894 1894 1894 1883 1883 1883 1883
    1883 1883 1883 1883 1883 1883 1883 1883 1883 1883 1883 1883 1873
    1873 1873 1873 1873 1873 1873 1883 1883 1883 1883 1883 1883 1883
    1873 1873 1883 1883 1873 1873 1863 1863 1873 1873 1883 1883 1883
    1883 1894 1894 1894 1894 1894 1894 1894 1883 1883 1883 1883 1883
    1883 1883 1883 1883 1883 1883 1883 1883 1883 1883 1883 1883 1883
    1873 1873 1873 1873 1873 1873 1873 1873 1883 1883 1883 1883 1883
    1883 1883 1883 1883 1883 1873 1873 1873 1873 1873 1873 1883 1883
    1883 1883 1894 1894 1894 1894 1894 1894 1883 1883 1883 1883 1883
    1883 1883 1883 1883 1883 1883 1883 1883 1883 1883 1883 1883 1883
    1883 1873 1873 1873 1873 1873 1873 1873 1873 1883 1883 1873 1873
    1883 1883 1883 1883 1883 1883 1883 1873 1873 1873 1873 1873 1883
    1883 1883 1883 1894 1894 1894 1894 1894 1894 1883 1883 1883 1883
    1883 1883 1883 1883 1883 1883 1883 1883 1883 1883 1883 1883 1883
    1883 1883 1883 1873 1873 1873 1873 1873 1883 1883 1883 1883 1873
    1873 1883 1883 1883 1883 1883 1883 1883 1873 1873 1873 1873 1873
    1883 1894 1883 1883 1894 1894 1883 1883 1894 1894 1894 1883 1883
    1883 1883 1883 1883 1883 1883 1883 1883 1883 1883 1883 1883 1883
    1883 1883 1883 1883 1883 1873 1873 1873 1883 1883 1883 1883 1883
    1873 1873 1883 1883 1873 1873 1873 1873 1873 1873 1873 1883 1883
    1883 1883 1894 1894 1894 1894 1894 1883 1883 1894 1894 1894 1883
    1883 1883 1883 1883 1883 1883 1883 1883 1883 1883 1883 1883 1883
    1883 1883 1883 1883 1883 1883 1883 1873 1873 1883 1883 1883 1883
    1883 1873 1873 1883 1883 1873 1873 1873 1873 1873 1873 1873 1883
    1883 1873 1873 1894 1894 1894 1894 1894 1894 1894 1883 1883 1894
    1883 1883 1883 1883 1883 1883 1883 1883 1883 1883 1883 1883 1883
    1883 1883 1883 1883 1883 1883 1883 1883 1873 1873 1883 1873 1873
    1883 1883 1883 1883 1883 1883 1883 1883 1883 1873 1873 1873 1873
    1883 1883 1873 1873 1894 1894 1894 1894 1894 1894 1894 1883 1883
    1883 1883 1883 1883 1883 1883 1883 1883 1883 1883 1883 1883 1883
    1873 1873 1873 1883 1883 1883 1883 1883 1883 1883 1883 1883 1873
    1873 1883 1883 1883 1883 1883 1883 1883 1883 1883 1873 1873 1873
    1873 1873 1883 1883 1883 1894 1894 1894 1894 1894 1894 1883 1883
    1883 1883 1883 1883 1883 1883 1883 1883 1883 1883 1883 1883 1883
    1883 1873 1873 1873 1883 1883 1883 1883 1883 1883 1883 1883 1883
    1883 1883 1883 1883 1883 1883 1873 1873 1883 1883 1883 1873 1873
    1873 1873 1873 1873 1873 1873 1904 1894 1894 1894 1894 1883 1883
    1883 1883 1894 1883 1883 1883 1883 1883 1883 1883 1883 1883 1883
    1883 1883 1883 1883 1883 1883 1883 1883 1883 1883 1883 1883 1883
    1883 1883 1883 1883 1883 1883 1883 1873 1873 1873 1883 1873 1873
    1873 1873 1873 1873 1873 1873 1873 1894 1894 1894 1894 1894 1883
    1883 1883 1883 1883 1894 1894 1894 1894 1894 1883 1883 1883 1883
    1883 1883 1883 1883 1883 1883 1883 1883 1883 1883 1883 1883 1883
    1873 1873 1873 1883 1883 1883 1873 1873 1873 1873 1873 1873 1873
    1873 1873 1873 1873 1873 1873 1863 1863 1894 1894 1894 1894 1894
    1883 1883 1883 1883 1883 1883 1883 1894 1894 1894 1894 1883 1883
    1883 1883 1883 1883 1883 1883 1883 1883 1883 1883 1883 1883 1883
    1873 1873 1873 1873 1873 1873 1873 1873 1873 1873 1873 1873 1873
    1873 1873 1873 1873 1873 1873 1873 1863 1863 1894 1894 1894 1894
    1894 1883 1883 1883 1883 1883 1883 1883 1894 1894 1894 1883 1883
    1883 1883 1883 1883 1883 1883 1883 1883 1883 1883 1883 1883 1883
    1873 1873 1873 1873 1873 1873 1873 1873 1873 1873 1873 1873 1873
    1863 1863 1873 1863 1863 1873 1873 1873 1873 1873 1894 1894 1894
    1894 1894 1883 1883 1883 1883 1883 1883 1883 1894 1883 1883 1883
    1883 1883 1883 1883 1883 1883 1883 1883 1883 1883 1873 1873 1873
    1873 1873 1873 1873 1873 1873 1873 1873 1873 1873 1873 1873 1873
    1873 1863 1863 1873 1863 1863 1873 1873 1873 1873 1873 1883 1894
    1894 1894 1883 1883 1883 1883 1883 1883 1883 1883 1894 1883 1883
    1883 1883 1883 1883 1883 1883 1883 1883 1883 1873 1873 1873 1873
    1873 1873 1873 1873 1873 1873 1873 1873 1873 1873 1873 1873 1873
    1873 1873 1863 1863 1863 1863 1863 1863 1873 1873 1873 1873 1883
    1894 1883 1883 1883 1883 1883 1883 1883 1883 1883 1883 1894 1894
    1883 1883 1883 1883 1883 1883 1883 1883 1883 1883 1873 1873 1873
    1873 1873 1873 1873 1873 1873 1873 1873 1873 1873 1873 1873 1873
    1873 1873 1873 1873 1863 1863 1863 1863 1863 1873 1873 1873 1883
    1883 1883 1883 1883 1883 1883 1883 1883 1883 1883 1883 1883 1883
    1883 1883 1883 1883 1883 1883 1883 1883 1883 1883 1883 1873 1873
    1873 1873 1873 1873 1873 1873 1873 1873 1873 1873 1873 1873 1873
