<?xml version="1.0"?>
<opencv_storage>
<Depth9908 type_id="opencv-matrix">
  <rows>70</rows>
  <cols>78</cols>
  <dt>w</dt>
  <data>
    3948 3948 3903 3903 3903 3903 3903 3948 3948 3948 3948 3903 3903
    3903 3859 3816 3816 1647 1647 1624 1616 1616 1616 1616 1616 1616
    1616 1616 1616 3816 3774 3732 3732 3774 3774 3774 3732 3732 3732
    3732 3732 3732 3732 3732 3732 3692 3692 3653 3653 3653 3653 3653
    3653 3653 3653 3653 3614 3614 3614 3614 3614 3614 3576 3576 3576
    3576 3576 3576 3539 3539 3539 3539 3539 3539 3539 3503 3503 3503
    3903 3903 3903 3903 3903 3903 3903 3948 3948 3948 3948 3903 3903
    3903 3859 3816 3816 1647 1639 1624 1616 1616 1616 1616 1609 1609
    1616 1609 1609 1616 1616 3732 3732 3732 3732 3732 3732 3732 3732
    3732 3732 3732 3732 3732 3732 3692 3692 3653 3653 3653 3653 3653
    3653 3653 3653 3614 3614 3614 3614 3614 3614 3614 3614 3576 3576
    3576 3576 3576 3539 3539 3539 3539 3539 3539 3503 3503 3503 3503
    3903 3903 3903 3903 3903 3903 3903 3948 3948 3948 3948 3903 3903
    3903 3859 3859 3859 1647 1639 1624 1616 1616 1616 1616 1609 1609
    1601 1601 1601 1609 1609 1609 1609 3732 3732 3732 3732 3732 3732
    3692 3692 3732 3732 3732 3732 3692 3692 3653 3653 3653 3653 3653
    3653 3653 3653 3614 3614 3614 3614 3614 3614 3614 3614 3576 3576
    3576 3576 3576 3539 3539 3539 3539 3539 3539 3503 3503 3503 3503
    3948 3903 3903 3903 3903 3903 3903 3903 3903 3903 3948 3903 3903
    3903 3859 3859 3859 1647 1632 1616 1616 1616 1609 1609 1601 1601
    1601 1601 1594 1594 1601 1601 1594 1594 3732 3732 3692 3692 3732
    3692 3692 3732 3732 3732 3732 3692 3692 3692 3653 3653 3653 3653
    3653 3653 3653 3653 3614 3614 3614 3614 3614 3614 3614 3576 3576
    3576 3539 3539 3539 3539 3539 3503 3503 3503 3539 3539 3539 3539
    3903 3903 3903 3903 3903 3903 3903 3903 3903 3903 3903 3903 3903
    3859 3859 3859 3859 1647 1624 1609 1609 1609 1609 1601 1601 1601
    1594 1594 1594 1594 1594 1594 1594 1594 1594 1594 3692 3692 3732
    3692 3692 3732 3732 3732 3732 3692 3692 3653 3653 3653 3653 3653
    3653 3653 3653 3653 3614 3614 3614 3614 3614 3614 3614 3614 3576
    3539 3503 3503 3503 3539 3539 3503 3503 3503 3503 3503 3503 3503
    3903 3903 3903 3903 3903 3903 3903 3903 3903 3903 3903 3903 3903
    3859 3859 3903 3903 1624 1624 1601 1601 1601 1601 1594 1594 1594
    1594 1594 1594 1594 1594 1594 1594 1594 1594 1586 1586 1579 1579
    3732 3732 3732 3732 3732 3732 3692 3692 3653 3653 3653 3653 3653
    3653 3653 3653 3614 3614 3614 3614 3576 3576 3614 3614 3614 3576
    3539 3503 3503 3503 3539 3503 3503 3503 3503 3503 3503 3503 3503
    3903 3903 3903 3903 3903 3903 3903 3948 3903 3903 3903 3903 3903
    3859 3859 3859 1594 1601 1601 1594 1594 1594 1594 1594 1594 1594
    1594 1594 1594 1594 1594 1594 1594 1586 1586 1586 1586 1579 1579
    1594 1594 3774 3732 3732 3732 3692 3692 3653 3653 3653 3653 3653
    3653 3653 3653 3614 3614 3614 3614 3576 3576 3614 3614 3614 3614
    3576 3539 3503 3503 3539 3503 3503 3503 3503 3503 3503 3503 3503
    3903 3903 3903 3948 3903 3903 3903 3948 3903 3903 3903 3903 3903
    3903 3903 1594 1594 1594 1586 1586 1594 1594 1594 1594 1594 1586
    1586 1594 1594 1594 1594 1586 1586 1586 1586 1586 1586 1586 1586
    1594 1594 1594 3732 3732 3732 3692 3692 3653 3653 3653 3653 3653
    3653 3653 3653 3614 3614 3614 3614 3614 3614 3614 3614 3614 3614
    3576 3539 3503 3503 3503 3503 3503 3503 3503 3503 3503 3503 3503
    3903 3903 3903 3948 3903 3903 3903 3948 3903 3903 3903 3903 3903
    3903 3903 1594 1594 1586 1586 1586 1586 1586 1586 1586 1586 1586
    1586 1586 1586 1594 1586 1586 1586 1579 1579 1579 1579 1586 1586
    1586 1586 1594 1594 1601 1609 3692 3692 3653 3653 3653 3653 3653
    3653 3653 3653 3614 3614 3614 3614 3614 3614 3614 3614 3614 3614
    3576 3539 3503 3503 3503 3503 3503 3503 3503 3503 3503 3539 3539
    3903 3903 3903 3903 3903 3903 3903 3948 3903 3903 3903 3903 3903
    3948 1594 1594 1594 1586 1579 1579 1579 1586 1586 1586 1586 1579
    1579 1579 1579 1586 1586 1579 1579 1579 1579 1579 1579 1579 1579
    1586 1586 1579 1579 1579 1586 1586 3732 3692 3692 3653 3653 3653
    3653 3653 3653 3614 3614 3614 3614 3614 3614 3614 3614 3614 3576
    3539 3539 3503 3503 3503 3503 3503 3503 3503 3503 3539 3539 3539
    3903 3903 3903 3903 3903 3903 3903 3948 3903 3903 3903 3903 1594
    1594 1594 1594 1586 1586 1579 1579 1579 1586 1586 1586 1586 1579
    1572 1572 1572 1572 1572 1579 1579 1579 1579 1579 1579 1579 1579
    1579 1579 1579 1579 1579 1586 1586 1586 3692 3692 3653 3653 3653
    3653 3653 3653 3614 3614 3614 3614 3614 3614 3576 3576 3576 3576
    3539 3539 3503 3503 3503 3503 3503 3503 3503 3503 3503 3503 3503
    3948 3903 3903 3903 3903 3903 3903 3948 3948 3903 1624 1594 1594
    1586 1586 1586 1586 1579 1572 1572 1579 1579 1579 1579 1579 1579
    1572 1572 1572 1572 1572 1572 1572 1572 1572 1572 1572 1572 1579
    1572 1572 1572 1572 1572 1579 1572 1572 1572 3653 3614 3614 3653
    3653 3614 3614 3614 3614 3614 3614 3614 3614 3576 3576 3576 3576
    3539 3539 3503 3503 3503 3503 3503 3503 3503 3503 3503 3503 3503
    3948 3903 3903 3903 3903 3903 3903 3948 3903 3903 1616 1594 1586
    1586 1579 1579 1572 1572 1572 1572 1579 1579 1579 1579 1579 1564
    1564 1564 1564 1564 1564 1564 1572 1572 1572 1572 1572 1572 1572
    1572 1572 1572 1572 1572 1572 1572 1572 1572 3653 3614 3614 3653
    3653 3614 3614 3614 3614 3614 3614 3614 3614 3576 3576 3576 3576
    3539 3539 3539 3539 3539 3503 3503 3503 3503 3503 3503 3503 3503
    3948 3903 3903 3903 3903 3903 3903 3903 3903 3903 1616 1594 1586
    1579 1572 1572 1572 1572 1572 1572 1572 1564 1564 1564 1564 1564
    1564 1564 1564 1564 1564 1564 1564 1564 1564 1564 1564 1564 1564
    1572 1572 1572 1572 1572 1572 1572 1564 1564 1564 1564 3614 3653
    3653 3614 3614 3614 3614 3614 3614 3614 3614 3576 3576 3576 3576
    3576 3576 3539 3539 3539 3503 3503 3503 3503 3503 3503 3503 3503
    3903 3903 3903 3903 3859 3859 3859 3903 3903 3903 3903 1586 1572
    1572 1564 1564 1572 1564 1564 1564 1564 1564 1564 1564 1557 1557
    1557 1564 1564 1564 1564 1564 1564 1564 1564 1564 1564 1564 1564
    1572 1564 1564 1572 1572 1572 1564 1564 1564 1564 1564 1564 1564
    1564 1564 3614 3614 3614 3614 3614 3614 3614 3576 3576 3576 3576
    3576 3576 3539 3539 3539 3503 3503 3503 3503 3503 3503 3503 3503
    3903 3903 3903 3903 3859 3859 3859 3903 3903 3903 1579 1572 1564
    1564 1564 1564 1572 1564 1564 1564 1564 1564 1564 1564 1557 1557
    1557 1564 1564 1564 1564 1564 1564 1564 1564 1564 1564 1564 1564
    1564 1564 1564 1564 1564 1564 1564 1564 1564 1564 1564 1564 1564
    1564 1564 1564 3614 3614 3614 3576 3576 3614 3576 3576 3576 3576
    3576 3576 3539 3539 3503 3503 3503 3503 3503 3503 3503 3503 3503
    3903 3903 3903 3903 3903 3859 3859 3903 3903 3903 1572 1572 1564
    1564 1564 1564 1564 1564 1564 1564 1564 1564 1564 1564 1557 1557
    1564 1564 1564 1557 1557 1557 1557 1557 1557 1557 1557 1557 1557
    1564 1564 1564 1564 1564 1564 1564 1564 1564 1564 1557 1557 1557
    1564 1564 1564 1564 3614 3614 3576 3576 3614 3614 3576 3576 3576
    3576 3576 3576 3539 3503 3503 3503 3503 3503 3503 3503 3503 3503
    3903 3903 3903 3903 3903 3859 3859 3903 3903 3903 1564 1564 1557
    1557 1564 1564 1564 1557 1557 1557 1557 1557 1557 1557 1557 1557
    1557 1557 1557 1557 1557 1557 1550 1550 1550 1550 1550 1550 1550
    1564 1564 1564 1557 1557 1557 1557 1557 1557 1557 1557 1557 1557
    1557 1557 1550 1543 1543 3614 3576 3576 3576 3576 3576 3576 3576
    3576 3576 3539 3539 3503 3503 3503 3503 3503 3503 3503 3468 3468
    3903 3903 3903 3903 3903 3859 3859 3903 1564 1564 1564 1564 1557
    1557 1557 1557 1557 1557 1557 1557 1557 1557 1557 1557 1557 1557
    1557 1557 1557 1557 1550 1550 1550 1550 1550 1550 1550 1550 1550
    1557 1557 1557 1550 1550 1550 1550 1557 1550 1550 1550 1550 1557
    1550 1550 1543 1543 1543 1543 1543 1543 3576 3576 3576 3576 3576
    3539 3539 3503 3503 3503 3503 3503 3503 3468 3468 3468 3468 3468
