<?xml version="1.0"?>
<opencv_storage>
<Depth11457 type_id="opencv-matrix">
  <rows>12</rows>
  <cols>44</cols>
  <dt>w</dt>
  <data>
    0 0 3903 3903 3903 3903 3903 3903 3903 3903 3859 3859 3903 3948 5132
    5132 5132 5132 5056 5056 3903 3859 3859 3816 3774 3774 4842 4842
    3774 3774 3774 4983 4842 4842 4842 4842 4911 4911 4911 4911 5056
    4983 4983 4911 0 3903 3903 3903 3903 3903 3903 3903 3903 3903 3859
    3859 3903 3948 3948 3948 5132 5132 5132 3859 3859 3859 3859 3816
    3774 3774 4911 3774 3774 3774 3774 3816 3816 3816 3774 3774 3774
    3774 3774 3732 3732 3732 3732 0 3948 3903 3903 3903 3903 3903 3903
    3903 3903 3903 3994 3948 3948 3903 3903 3903 3903 3903 3903 3859
    3859 3859 3859 3816 3816 3816 3774 3774 3774 3816 3816 3816 3816
    3774 3732 3732 3732 3732 3732 3732 3732 3653 3653 3653 3948 3948
    3948 3948 3948 3948 3948 3903 3903 3903 3948 3948 3903 3903 3903
    3903 3903 3903 3903 3903 3859 3859 3859 3859 3816 3816 3774 3774
    3774 3816 3816 3774 3774 3732 3732 3732 3732 3732 3732 3732 3732
    3653 3653 3653 3948 3948 3994 3994 3994 3994 3948 3948 3903 3903
    3948 3948 3903 3903 3903 3903 3903 3903 3903 3903 3859 3859 3859
    3859 3859 3816 3774 3774 3816 3816 3816 3774 3774 3732 3732 3732
    3732 3732 3732 3732 3732 3653 3653 3653 3994 3994 3994 3994 3994
    3994 3948 3948 3903 3903 3994 3948 3948 3948 3948 3948 3903 3903
    3903 3903 3903 3903 3903 3859 3859 3816 3816 3816 3816 3816 3816
    3774 3774 3774 3732 3732 3774 3774 3774 3732 3732 3732 3732 3732
    3948 3948 3948 3948 3948 3994 3948 3948 3948 3948 3948 3948 3948
    3948 3948 3948 3948 3903 3903 3903 3859 3859 3859 3859 3859 3816
    3816 3816 3816 3816 3774 3774 3774 3774 3774 3774 3774 3774 3774
    3732 3732 3732 3732 3732 3903 3948 3948 3948 3948 3948 3948 3948
    3948 3948 3948 3948 3948 3948 3948 3948 3948 3903 3859 3859 3859
    3859 3859 3859 3859 3859 3816 3816 3816 3774 3774 3774 3774 3774
    3774 3774 3774 3774 3774 3774 3774 3774 3774 3774 3903 3948 3994
    3994 3948 3948 3948 3948 3948 3948 3994 3948 3948 3994 3994 3948
    3948 3903 3859 3859 3859 3859 3859 3859 3903 3859 3859 3816 3774
    3774 3774 3774 3774 3774 3774 3732 3732 3774 3774 3774 3774 3774
    3774 3774 3903 3948 3994 3994 3948 3948 3948 3994 3948 3948 3948
    3948 3948 3994 3994 3948 3859 3859 3859 3859 3859 3859 3859 3859
    3903 3903 3859 3816 3732 3732 3732 3774 3816 3774 3732 3692 3692
    3692 3732 3774 3774 3774 3774 3774 0 0 0 0 0 3948 3948 0 0 0 3948
    3948 3948 3994 3994 3948 3859 3859 0 0 3859 3859 0 3903 3903 0 3948
    3816 3653 3653 3653 3859 3859 3774 3732 3692 3692 3692 3692 3692
    3774 3774 3774 3774 0 0 0 0 0 0 0 0 0 0 3948 3948 3948 3994 0 0 0 0
    0 0 0 0 0 0 0 0 0 0 3614 3614 3614 0 0 0 3732 3692 3692 3692 3692
    3692 3774 3774 3774 3774</data></Depth11457>
</opencv_storage>
