<?xml version="1.0"?>
<opencv_storage>
<Depth11247 type_id="opencv-matrix">
  <rows>14</rows>
  <cols>6</cols>
  <dt>w</dt>
  <data>
    8413 8413 8413 8413 8626 8626 8413 8413 8413 8626 8626 8626 8413
    8413 8413 8626 8626 8413 8413 8413 8413 8626 8626 8413 8413 8413
    8626 8626 8626 8413 8413 8626 8626 8626 8626 8413 8413 8626 8626
    8626 8626 8413 8413 8626 8626 8626 8626 8626 8626 8626 8626 8626
    8626 8626 8626 8626 8626 8626 8626 8626 8626 8626 8626 8626 8626
    8212 8413 8413 8626 8626 8413 8212 8413 8413 8626 8626 8413 8212
    8413 8413 8626 8626 8626 8626</data></Depth11247>
</opencv_storage>
