<?xml version="1.0"?>
<opencv_storage>
<Depth13503 type_id="opencv-matrix">
  <rows>33</rows>
  <cols>25</cols>
  <dt>w</dt>
  <data>
    5548 5640 3037 3037 3037 2984 3010 3010 3010 3037 3010 2984 2984
    3010 3037 3064 3092 3120 3120 3120 3092 3092 3120 6889 6889 3037
    3010 3010 3037 2984 2984 2984 3010 3010 3010 3010 3010 3010 3037
    3037 3064 3092 3120 3120 3120 3120 3120 3120 3120 6889 3037 3010
    3010 3037 2984 2984 2984 3010 3010 3010 3010 3037 3037 3064 3064
    3064 3092 3120 3120 3120 3120 3120 3120 3120 6753 3037 3010 3010
    3010 2984 2984 3010 3010 3010 3010 3037 3064 3064 3064 3064 3064
    3092 3120 3120 3120 3092 3092 3092 6622 6622 3037 3010 3010 2984
    2984 2984 2984 3010 3010 3010 3010 3037 3064 3064 3092 3092 3092
    3120 3120 3120 3092 3092 3092 6622 6622 3037 3010 3010 2984 2984
    2984 2984 2984 3010 3010 3010 3010 3010 3064 3064 3092 3092 3092
    3120 3092 3092 3092 3092 6622 6622 3037 3010 3010 2984 2984 2984
    2984 2984 3010 3010 3010 3010 3010 3037 3064 3064 3092 3092 3120
    3092 3092 3092 3092 6622 6622 3037 3010 3010 2984 2984 2984 2984
    2984 3010 3010 3010 3010 3010 3037 3064 3064 3064 3092 3092 3092
    3092 3092 3092 3120 6622 3037 3010 3010 3010 2984 2984 2984 3010
    3010 3010 3010 3010 3010 3010 3064 3064 3064 3092 3092 3092 3120
    3120 3120 3120 6622 3010 3010 3010 3010 2984 2984 2984 2984 3010
    3010 3010 3010 3010 3010 3037 3064 3064 3092 3092 3092 3120 3120
    3120 3120 6622 3010 3010 3010 3010 2984 2984 2984 2984 2984 3010
    3010 3010 3010 3010 3010 3064 3064 3092 3092 3092 3120 3120 3120
    3149 6622 3010 3010 3010 3010 2984 2984 2984 2984 2984 2984 3010
    3010 3010 3010 3010 3037 3064 3064 3092 3092 3120 3120 3120 3178
    6753 3037 3037 3010 3010 2984 2984 2984 2984 2984 2984 3010 3010
    3010 3010 3010 3037 3037 3064 3092 3092 3092 3120 3120 3178 6753
    3092 3037 3037 3010 2984 2984 2984 2984 2984 2984 3010 3010 3010
    3010 3037 3037 3037 3064 3092 3092 3092 3120 3120 3149 6753 3092
    3037 3037 3010 2984 2984 2984 2984 2984 2984 2984 3010 3010 3010
    3037 3037 3064 3064 3092 3092 3092 3120 3120 3120 3120 3092 3037
    3037 3010 3010 2984 2958 2958 2984 2984 2984 3010 3010 3010 3037
    3064 3064 3092 3092 3092 3092 3120 3120 3120 3120 3092 3037 3037
    3010 3010 2984 2958 2958 2984 2984 2984 3010 3010 3010 3037 3064
    3064 3092 3092 3092 3092 3120 3120 3120 3120 5548 3037 3037 3010
    3010 3010 2984 2984 2984 2984 2984 3010 3010 3037 3037 3064 3064
    3092 3092 3092 3120 3120 3120 3120 3120 5460 5460 3010 3010 3010
    3010 2984 2984 3010 2984 2984 3010 3010 3010 3037 3037 3037 3064
    3092 3092 3092 3092 3120 3120 3120 5460 5460 3010 3010 3010 3010
    3010 3010 3010 2984 2984 3010 3010 3010 3037 3010 3010 3037 3092
    3092 3092 3092 3120 3092 3092 5548 3010 3010 3010 3010 3010 3010
    3010 3010 2984 2984 3010 3010 3037 3010 3010 3010 3037 3064 3092
    3120 3120 3120 3092 3092 5548 3010 3010 3010 3010 3010 3010 3010
    3010 2984 2984 3010 3010 3037 3010 3010 3010 3010 3064 3092 3120
    3120 3120 3092 3092 5460 3037 3037 3010 3010 2984 2984 2984 2984
    2984 2984 3010 3010 3010 3010 3010 3010 3010 3037 3092 3120 3120
    3120 3092 3092 5460 3064 3064 3037 3010 2984 2984 2984 2984 2984
    2984 3010 3010 3010 3010 3010 3010 3010 3037 3092 3092 3092 3120
    3092 3092 5460 3064 3064 3037 3010 2984 2984 2984 2984 2984 3010
    3010 3010 3010 3010 3037 3037 3037 3064 3092 3092 3092 3092 3092
    3092 5460 3064 3064 3037 3010 3010 2984 2984 2984 2984 3010 3010
    3010 3010 3010 3037 3037 3037 3064 3064 3092 3092 3092 3092 3092
    5548 3064 3064 3037 3010 3010 2984 2984 2984 2984 3010 3010 3010
    3010 3010 3037 3037 3037 3064 3064 3092 3092 3092 3120 3120 5548
    3064 3064 3037 3010 3010 2984 2984 2984 2984 3010 3010 3010 3010
    3010 3037 3037 3064 3064 3064 3064 3092 3092 3120 3120 5460 5460
    3037 3037 3010 2984 2984 2984 2984 2984 3010 3010 3010 3010 3010
    3037 3064 3037 3037 3037 3064 3092 3092 3120 3120 5374 5374 3037
    3037 3010 2984 2984 2984 2984 2984 2984 2984 3010 3010 3037 3064
    3064 3037 3037 3037 3064 3092 3092 3120 3120 5374 5374 5374 3037
    3010 2984 2984 2984 2984 2984 2984 2984 3010 3010 3037 3037 3037
    3037 3010 3010 3092 3092 3092 3120 3149 5460 5460 6753 3010 3010
    3010 3010 3010 2984 2958 2958 2984 3037 3037 3064 3037 3037 3037
    3010 3010 6753 6753 6753 6889 6889 5460 6753 6753 6889 6889 6889
    6889 6889 2984 2958 2958 2984 3064 3064 3092 3092 6753 6753 6889
    6889 6889 6889 6889 6889 6889</data></Depth13503>
</opencv_storage>
