<?xml version="1.0"?>
<opencv_storage>
<Depth6448 type_id="opencv-matrix">
  <rows>71</rows>
  <cols>49</cols>
  <dt>w</dt>
  <data>
    3576 3576 3576 3576 3614 3653 3653 3653 3614 3614 3653 3692 1557
    1557 1529 1529 1536 1536 1529 1529 1529 1529 1529 1529 1529 2859
    2859 2859 2883 2883 2883 2883 3903 3903 3948 3948 3948 3994 3994
    4041 4041 4041 4089 4089 4089 4089 4089 4139 4139 3576 3576 3576
    3576 3614 3653 3653 3653 3614 3614 1564 1564 1550 1543 1529 1529
    1536 1529 1529 1529 1523 1523 1523 1529 1529 2883 2859 2859 2883
    2883 2883 2883 3903 3948 3948 3948 3948 3994 3994 4041 4089 4089
    4089 4089 4089 4089 4089 4139 4139 3576 3576 3576 3576 3614 3653
    3653 3653 3614 1564 1564 1564 1550 1543 1536 1536 1536 1529 1523
    1516 1516 1509 1509 1516 1523 1523 1529 1529 2908 2908 2958 3903
    3903 3948 3948 3948 3948 3948 3994 4041 4041 4089 4089 4089 4089
    4089 4139 4139 4139 3576 3576 3576 3576 3614 3614 3614 3653 3614
    1564 1564 1564 1550 1543 1536 1536 1529 1529 1523 1516 1509 1509
    1509 1516 1523 1523 1529 1529 1550 1557 1564 3903 3903 3948 3948
    3948 3948 3948 3994 4041 4041 4089 4089 4089 4089 4089 4139 4139
    4139 3576 3576 3576 3614 3614 3576 3576 3576 1564 1564 1564 1557
    1550 1543 1536 1529 1529 1523 1516 1509 1509 1509 1516 1523 1523
    1529 1529 1536 1550 1557 1564 1579 1586 1586 1594 3948 3903 3903
    3994 3994 4041 4041 4041 4089 4089 4089 4139 4139 4139 2859 2859
    2883 2859 2859 2859 3576 3576 1564 1564 1564 1557 1550 1543 1536
    1529 1529 1523 1509 1509 1509 1509 1516 1523 1529 1529 1529 1536
    1550 1557 1564 1572 1586 1586 1594 1594 3903 3903 3994 3994 3994
    4041 4041 4089 4089 4089 4139 4139 4139 2859 2859 2883 2859 2859
    2859 2859 2859 1564 1564 1564 1550 1543 1536 1536 1529 1529 1523
    1509 1509 1509 1509 1516 1523 1529 1529 1529 1536 1550 1557 1564
    1572 1572 1579 1586 1594 1616 1624 3994 3994 3994 4041 4041 4089
    4089 4089 4139 4139 4139 2859 2883 2859 2859 2859 2859 2859 1557
    1564 1564 1557 1543 1543 1536 1536 1529 1529 1516 1509 1509 1509
    1509 1516 1523 1529 1529 1529 1536 1550 1557 1564 1572 1572 1579
    1586 1616 1616 1624 1624 1624 4041 4041 4041 4089 4089 4089 4139
    4139 4139 2859 2859 2859 2859 2835 2835 2835 1557 1557 1557 1557
    1536 1536 1536 1529 1529 1523 1516 1509 1509 1509 1509 1509 1516
    1529 1529 1529 1536 1543 1557 1557 1564 1572 1579 1586 1601 1609
    1616 1624 1624 1632 1632 4139 4089 4089 4089 4089 4089 4089 2859
    2859 2859 2835 2835 2835 2835 1557 1557 1557 1557 1536 1536 1529
    1529 1523 1523 1516 1509 1509 1509 1509 1509 1516 1529 1529 1529
    1536 1543 1550 1557 1564 1579 1579 1579 1601 1609 1616 1624 1632
    1632 1647 1655 1663 1671 1688 4089 4089 4089 2859 2859 2835 2835
    2835 2835 2835 1550 1550 1557 1557 1543 1536 1529 1529 1523 1516
    1509 1509 1509 1509 1509 1509 1516 1523 1529 1529 1536 1536 1550
    1564 1564 1579 1579 1579 1601 1609 1616 1624 1632 1639 1647 1655
    1663 1671 1688 1688 1688 4139 2859 2859 2835 2835 2835 2835 2835
    1550 1550 1557 1550 1536 1529 1529 1523 1523 1516 1509 1503 1503
    1503 1503 1509 1516 1523 1529 1529 1536 1536 1550 1564 1564 1572
    1572 1586 1601 1609 1616 1624 1632 1647 1655 1663 1663 1671 1680
    1688 1696 1696 2859 2859 2835 2835 2835 2835 1557 1557 1557 1557
    1543 1536 1529 1529 1523 1516 1509 1503 1503 1503 1503 1503 1509
    1516 1523 1529 1529 1536 1543 1550 1564 1564 1572 1572 1586 1601
    1609 1616 1624 1632 1647 1655 1655 1655 1663 1671 1680 1688 1688
    2859 2835 2835 2835 2835 2835 1557 1557 1557 1557 1543 1529 1529
    1529 1523 1509 1509 1503 1503 1496 1496 1503 1503 1509 1523 1529
    1529 1536 1543 1550 1564 1564 1572 1572 1586 1601 1609 1616 1632
    1639 1647 1647 1655 1655 1663 1671 1680 1688 1688 2835 2835 2812
    2812 2789 2789 2789 1543 1543 1543 1536 1529 1529 1529 1523 1509
    1503 1503 1496 1496 1496 1503 1503 1509 1523 1529 1529 1536 1543
    1550 1557 1564 1572 1572 1586 1601 1601 1616 1632 1639 1647 1647
    1647 1655 1663 1671 1680 1680 1688 2835 2835 2812 2812 2789 2789
    2789 1529 1529 1536 1536 1529 1529 1523 1516 1509 1503 1503 1496
    1496 1503 1503 1509 1516 1523 1529 1529 1536 1543 1557 1557 1564
    1572 1579 1586 1601 1601 1624 1632 1639 1639 1647 1647 1655 1663
    1671 1680 1680 1680 2835 2812 2789 2789 2789 2789 1529 1529 1529
    1536 1529 1529 1523 1516 1509 1503 1503 1496 1496 1496 1503 1503
    1503 1516 1523 1529 1529 1536 1536 1550 1564 1572 1572 1579 1586
    1594 1601 1616 1632 1639 1639 1647 1647 1655 1663 1671 1680 1680
    1680 2835 2812 2789 2789 2789 2789 1536 1536 1536 1536 1529 1529
    1523 1516 1509 1503 1503 1496 1496 1496 1503 1503 1503 1516 1516
    1523 1529 1536 1536 1543 1557 1572 1572 1579 1586 1594 1601 1609
    1624 1632 1639 1647 1647 1655 1663 1671 1680 1688 1688 2835 2812
    2789 2789 2789 2789 1536 1536 1536 1529 1529 1529 1516 1516 1509
    1503 1503 1489 1489 1496 1496 1503 1503 1509 1516 1516 1529 1536
    1536 1543 1557 1564 1572 1579 1586 1601 1601 1609 1616 1632 1632
    1647 1647 1655 1663 1671 1680 1688 1696 2835 2812 2789 2789 2789
    2789 1536 1536 1536 1529 1529 1523 1509 1509 1503 1503 1496 1483
    1483 1483 1496 1503 1503 1509 1509 1516 1529 1536 1536 1550 1557
    1557 1564 1579 1586 1601 1601 1601 1616 1624 1632 1639 1647 1655
    1663 1671 1680 1688 1696 2835 2812 2789 2789 2789 2789 1536 1536
    1536 1529 1529 1523 1509 1509 1503 1496 1489 1483 1483 1483 1496
    1503 1503 1503 1503 1509 1529 1536 1543 1543 1557 1557 1564 1579
    1586 1594 1594 1601 1616 1624 1632 1639 1639 1655 1663 1671 1680
    1688 1688 2859 2812 2789 2767 2767 1529 1529 1536 1529 1529 1523
    1509 1503 1503 1496 1496 1483 1483 1483 1483 1483 1496 1496 1503
    1503 1509 1529 1536 1543 1543 1550 1557 1572 1579 1586 1594 1594
    1601 1616 1624 1632 1632 1639 1647 1655 1663 1671 1680 1688 2859
    2812 2789 2767 2767 1529 1529 1536 1529 1523 1516 1503 1503 1503
    1496 1489 1483 1483 1483 1483 1483 1496 1496 1503 1503 1509 1516
    1536 1543 1543 1550 1557 1572 1579 1586 1594 1601 1601 1616 1624
    1632 1632 1639 1647 1655 1663 1671 1680 1680 2859 2812 2789 2767
    2767 2767 1536 1536 1523 1516 1509 1503 1503 1503 1496 1489 1483
    1483 1477 1477 1483 1496 1503 1503 1503 1509 1516 1529 1543 1543
    1550 1557 1572 1579 1586 1594 1601 1609 1616 1624 1632 1632 1647
    1647 1655 1663 1671 1671 1680 2859 2812 2789 2789 2789 1536 1536
    1536 1523 1516 1509 1503 1496 1496 1489 1483 1483 1483 1477 1477
    1483 1489 1503 1503 1503 1509 1516 1529 1536 1543 1550 1564 1564
    1572 1586 1594 1601 1609 1616 1624 1632 1632 1647 1655 1655 1663
    1663 1671 1680 2859 2812 2812 2812 2812 1536 1536 1536 1523 1516
    1503 1503 1496 1496 1489 1483 1477 1477 1483 1483 1483 1489 1503
    1503 1503 1509 1516 1529 1536 1536 1557 1564 1564 1572 1579 1594
    1601 1609 1624 1632 1632 1632 1647 1655 1655 1663 1663 1671 1680
    2835 2812 2812 2812 2812 1529 1529 1523 1523 1509 1503 1503 1496
    1496 1483 1483 1477 1477 1477 1477 1477 1483 1503 1503 1509 1509
    1523 1529 1536 1536 1557 1564 1564 1572 1579 1594 1601 1609 1616
    1624 1632 1632 1639 1655 1655 1663 1663 1663 1663 2812 2812 2812
    2812 2812 1509 1509 1523 1516 1509 1509 1496 1496 1489 1483 1483
    1477 1477 1477 1477 1477 1483 1503 1503 1509 1509 1523 1529 1536
    1536 1557 1564 1564 1572 1579 1594 1601 1609 1616 1624 1632 1632
    1639 1655 1655 1663 1663 1663 1663 2812 2789 2789 2812 2812 1509
    1509 1516 1516 1509 1509 1496 1496 1489 1483 1477 1477 1477 1477
    1477 1483 1483 1503 1503 1509 1509 1523 1529 1529 1529 1557 1557
    1564 1572 1579 1586 1601 1609 1616 1624 1632 1632 1639 1655 1655
    1663 1663 1671 1671 2789 2789 2789 2812 1536 1509 1509 1516 1509
    1503 1503 1496 1496 1489 1483 1477 1477 1477 1477 1477 1483 1483
    1496 1503 1503 1509 1516 1529 1529 1529 1557 1557 1564 1572 1572
    1586 1594 1609 1616 1624 1632 1632 1639 1655 1655 1663 1663 1671
    1671 2789 2767 2767 2767 1536 1529 1529 1509 1509 1503 1503 1503
