<?xml version="1.0"?>
<opencv_storage>
<Depth3138 type_id="opencv-matrix">
  <rows>51</rows>
  <cols>62</cols>
  <dt>w</dt>
  <data>
    1915 1926 4645 4645 4582 4582 4582 4582 4582 4582 4582 4582 4582
    1894 1883 1883 1894 1894 1894 4463 4405 4405 4405 4405 4405 4349
    4349 4349 4349 4349 4349 4349 4295 4295 4295 4295 4295 4295 4241
    4241 4190 4190 4190 4190 4190 4190 4190 4190 4190 4139 4139 4139
    4139 4139 4089 4089 4041 3994 3994 3994 4041 4041 1915 1915 1915
    4645 4645 4582 4582 4582 4582 4582 4463 4463 4582 1894 1894 1894
    1894 1894 1883 1883 4405 4405 4405 4405 4405 4349 4349 4349 4349
    4349 4349 4349 4295 4295 4295 4295 4295 4295 4295 4295 4241 4241
    4241 4190 4190 4190 4190 4190 4190 4139 4139 4139 4139 4139 4139
    4089 4089 4041 3994 3994 3994 3994 1904 1904 1904 1904 4645 4645
    4582 4582 4582 4522 4463 4463 1904 1904 1904 1904 1904 1894 1883
    1883 1894 1894 1894 4405 4405 4349 4349 4349 4349 4349 4349 4349
    4295 4295 4295 4241 4241 4295 4295 4295 4241 4241 4241 4190 4190
    4241 4241 4190 4190 4190 4139 4139 4139 4139 4139 4089 4089 4041
    4041 4041 3994 3994 1904 1904 1904 1904 4645 4645 4645 4582 4582
    4522 4463 4463 1904 1904 1904 1904 1904 1894 1894 1894 1894 1894
    1894 1894 1883 1883 4349 4349 4405 4349 4349 4349 4295 4295 4295
    4241 4241 4295 4295 4295 4241 4241 4295 4241 4241 4241 4241 4190
    4190 4190 4139 4139 4139 4139 4139 4139 4089 4089 4089 4041 3994
    3994 1904 1904 1904 1904 4645 4645 4645 4645 4582 4582 4582 4582
    1904 1904 1915 1904 1904 1894 1894 1894 1894 1894 1894 1894 1883
    1883 1894 4405 4349 4349 4349 4349 4349 4295 4295 4295 4295 4295
    4295 4349 4295 4295 4241 4241 4241 4241 4241 4190 4190 4190 4139
    4139 4139 4139 4139 4139 4089 4089 4089 4041 3994 3994 1915 1915
    1915 1915 4645 4645 4645 4645 4582 4582 4582 4582 1904 1904 1904
    1904 1894 1894 1894 1894 1894 1894 1894 1894 1883 1883 1894 1894
    1894 4349 4349 4295 4295 4349 4295 4295 4295 4295 4349 4349 4295
    4295 4241 4241 4241 4241 4241 4190 4190 4190 4190 4190 4190 4190
    4190 4139 4139 4089 4089 4089 4089 3994 1915 1915 1926 1926 4645
    4645 4645 4645 4582 4582 4582 1904 1904 1904 1894 1894 1894 1894
    1883 1883 1883 1883 1883 1894 1883 1883 1894 1894 1894 1883 1883
    4295 4295 4295 4295 4295 4349 4349 4349 4349 4295 4295 4241 4241
    4241 4241 4241 4241 4190 4190 4190 4190 4190 4190 4190 4139 4139
    4139 4089 4089 4089 4089 1904 1915 1926 1926 1936 1915 1894 1894
    4645 4645 1904 1904 1894 1894 1894 1894 1894 1894 1883 1883 1883
    1883 1883 1883 1883 1883 1883 1883 1883 1883 1883 1873 1873 4295
    4295 4295 4349 4349 4349 4349 4295 4295 4241 4241 4241 4241 4241
    4241 4190 4190 4190 4190 4190 4190 4190 4139 4139 4139 4089 4089
    4089 4089 1904 1915 1936 1936 1936 1915 1894 1894 1904 1904 1904
    1904 1894 1894 1894 1894 1894 1894 1883 1883 1883 1883 1883 1883
    1883 1883 1883 1883 1883 1883 1883 1873 1873 1883 1883 1883 1894
    4349 4349 4349 4295 4295 4295 4241 4241 4241 4241 4241 4190 4190
    4190 4190 4190 4190 4190 4139 4139 4139 4139 4139 4139 4089 1904 0 0
    1936 1936 1915 1904 1904 1904 1904 1904 1894 1894 1894 1894 1894
    1894 1894 1883 1883 1883 1883 1883 1883 1883 1883 1883 1883 1883
    1883 1883 1883 1883 1883 1883 1883 1894 1894 4349 4349 4295 4295
    4295 4295 4295 4295 4241 4241 4241 4241 4190 4190 4190 4190 4190
    4190 4139 4139 4139 4139 4139 4089 1915 1915 0 1915 1915 1915 1915
    1915 1904 1904 1904 1894 1894 1894 1894 1883 1883 1883 1883 1883
    1883 1883 1883 1883 1883 1883 1883 1883 1883 1883 1883 1883 1883
    1883 1883 1883 1883 1873 1873 1873 4349 4349 4349 4295 4295 4295
    4295 4241 4241 4190 4190 4190 4190 4190 4190 4190 4190 4190 4139
    4139 4139 4139 1926 1926 0 0 0 0 0 1915 1904 1904 1904 1883 1883
    1883 1883 1883 1883 1883 1883 1883 1883 1883 1873 1873 1873 1873
    1883 1883 1883 1883 1883 1873 1873 1883 1883 1883 1883 1873 1873
    1873 1873 1873 1873 4295 4295 4295 4295 4295 4295 4190 4190 4190
    4190 4190 4190 4190 4190 4190 4139 4139 4139 4139 1926 1926 0 0 0 0
    1904 1904 1904 1904 1894 1883 1883 1883 1883 1883 1883 1883 1883
    1883 1883 1873 1873 1873 1873 1873 1883 1883 1883 1883 1883 1873
    1873 1873 1873 1873 1873 1873 1873 1873 1873 1873 1873 1873 1873
    4349 4349 4295 4295 4190 4190 4190 4190 4190 4190 4190 4190 4190
    4190 4139 4139 4139 1915 0 1894 1894 1894 0 1904 1904 1904 1904 1894
    1883 1883 1883 1883 1883 1883 1883 1883 1883 1883 1873 1873 1873
    1873 1883 1883 1883 1873 1873 1873 1873 1873 1873 1873 1873 1873
    1873 1863 1863 1863 1863 1863 1863 1863 1863 4349 4349 4295 4190
    4190 4241 4241 4241 4190 4190 4190 4190 4190 4190 4190 4139 1904
    1904 1894 1894 1894 0 1915 1904 1894 1894 1894 1883 1883 1883 1883
    1883 1883 1883 1883 1883 1883 1883 1883 1883 1883 1883 1883 1883
    1873 1873 1873 1873 1873 1873 1873 1863 1863 1863 1863 1863 1863
    1863 1863 1863 1863 1863 1863 4349 4349 4190 4190 4241 4241 4241
    4190 4190 4190 4190 4190 4190 4190 4139 1904 1904 1894 1894 0 0 1904
    1894 1894 1894 1894 1883 1883 1883 1883 1883 1883 1883 1883 1883
    1883 1873 1873 1873 1883 1883 1883 1873 1873 1873 1873 1873 1873
    1873 1863 1863 1863 1863 1863 1863 1863 1863 1863 1853 1853 1863
    1863 1863 1853 1843 1843 1843 4241 4241 4241 4190 4190 4190 4190
    4190 4190 4190 1915 1904 1894 1894 1894 1883 1883 1894 1883 1883
    1894 1894 1883 1883 1883 1883 1883 1883 1883 1883 1883 1873 1873
    1873 1883 1883 1883 1873 1873 1873 1873 1873 1873 1873 1863 1863
    1863 1873 1873 1873 1873 1873 1873 1853 1853 1863 1863 1863 1853
    1843 1843 1843 1843 1843 1843 1843 4190 4190 4190 4190 4190 4190
    1926 1926 1926 1873 0 1883 1883 1883 1883 1883 1894 1894 1883 1883
    1883 1883 1883 1883 1883 1883 1873 1873 1873 1873 1873 1883 1883
    1873 1873 1873 1873 1863 1863 1873 1873 1873 1873 1863 1863 1873
    1873 1873 1873 1863 1853 1853 1863 1853 1853 1853 1843 1843 1843
    1843 1843 1843 1853 1853 4190 4190 4190 4190 4774 1883 0 1873 1873
    1873 1873 1883 1883 1883 1883 1883 1883 1883 1873 1873 1873 1883
    1883 1883 1873 1873 1873 1873 1873 1873 1873 1873 1873 1873 1873
    1863 1863 1873 1873 1863 1863 1863 1863 1873 1873 1873 1873 1873
    1853 1853 1863 1853 1853 1853 1853 1853 1853 1853 1853 1853 1853
    1843 1843 4190 4190 4190 0 0 1883 1873 1873 1873 1873 1883 1883 1883
    1883 1883 1883 1873 1873 1873 1873 1883 1883 1883 1883 1873 1873
    1873 1873 1873 1873 1873 1873 1863 1863 1863 1863 1873 1873 1863
    1863 1863 1863 1873 1873 1873 1873 1873 1863 1863 1863 1863 1853
    1853 1853 1843 1843 1843 1853 1853 1853 1843 1843 1843 4241 4241
    4842 1883 1883 1883 1873 1873 1883 1883 1883 1883 1883 1873 1873
    1873 1873 1873 1873 1883 1883 1883 1873 1873 1873 1873 1873 1873
    1873 1873 1873 1863 1863 1863 1863 1873 1873 1863 1863 1863 1863
    1863 1863 1863 1863 1863 1863 1863 1863 1863 1853 1843 1843 1843
    1843 1843 1853 1853 1853 1843 1843 1853 1853 4241 4842 1883 1883
    1883 1883 1883 1873 1873 1873 1873 1873 1873 1873 1873 1873 1873
    1873 1873 1883 1873 1873 1873 1873 1863 1863 1863 1863 1873 1873
    1863 1863 1863 1863 1873 1873 1863 1863 1863 1863 1863 1863 1863
    1863 1863 1863 1863 1863 1853 1853 1843 1843 1843 1843 1843 1843
    1843 1843 1843 1843 1853 1863 1863 4842 1883 1883 1883 1883 1883
    1873 1873 1873 1873 1873 1883 1873 1873 1873 1873 1873 1873 1873
    1873 1873 1873 1873 1863 1863 1863 1863 1863 1863 1863 1863 1863
    1863 1863 1863 1863 1863 1863 1863 1863 1863 1863 1863 1863 1863
    1863 1853 1843 1843 1843 1843 1843 1843 1843 1843 1843 1843 1843
    1843 1863 1863 1863 4911 4911 1883 1883 1883 1883 1873 1873 1873
    1873 1873 1873 1873 1873 1873 1873 1873 1873 1873 1873 1873 1873
    1873 1863 1863 1863 1863 1863 1863 1863 1863 1863 1863 1863 1863
    1863 1853 1853 1863 1863 1863 1863 1863 1863 1863 1853 1843 1843
    1843 1843 1843 1843 1843 1843 1843 1833 1833 1843 1843 1863 1863
