<?xml version="1.0"?>
<opencv_storage>
<Depth8421 type_id="opencv-matrix">
  <rows>7</rows>
  <cols>36</cols>
  <dt>w</dt>
  <data>
    5640 5640 5640 5640 5640 5548 5548 5548 5640 5640 5734 5734 5734
    5734 5734 5734 5734 5734 5734 5640 5640 5640 5374 5374 5460 5460
    5640 5640 5640 5640 5734 5640 5640 5640 5640 5640 5734 5734 5734
    5640 5640 5640 5640 5640 5640 5640 5734 5734 5734 5734 5734 5734
    5734 5734 5734 5640 5640 5548 5374 5374 5460 5460 5640 5640 5640
    5640 5734 5640 5640 5640 5640 5640 5832 5734 5734 5640 5548 5548
    5548 5548 5640 5640 5640 5640 5734 5734 5734 5734 5734 5734 5734
    5640 5640 5548 5460 5460 5460 5548 5640 5640 5640 5640 5734 5640
    5640 5640 5640 5640 5832 5734 5734 5640 5548 5548 5548 5548 5640
    5640 5640 5640 5734 5734 5734 5734 5734 5734 5734 5640 5640 5640
    5548 5548 5548 5640 5640 5640 5640 5640 5734 5640 5640 5640 5640
    5640 0 0 5734 5640 5548 5548 5548 5548 5640 5734 5734 5734 5734 5734
    5734 5734 5734 5734 5734 5734 5734 5640 5640 5640 5640 5640 5734
    5734 5734 5734 5734 5640 5640 5640 5640 5640 0 0 0 0 0 0 0 5734 5734
    5734 5734 5832 5832 5832 5734 5734 5734 5734 5734 5734 5734 5640
    5640 5640 5734 5734 5734 5734 5734 5734 5734 5640 5640 5640 5640
    5640 0 0 0 0 0 0 0 0 0 5832 5832 0 0 5832 5734 5734 5734 5832 5832
    5734 5734 5734 5734 5734 5734 5734 5734 5734 5734 5734 5734 5640
    4522 4463 4405 4349</data></Depth8421>
</opencv_storage>
