<?xml version="1.0"?>
<opencv_storage>
<Depth11691 type_id="opencv-matrix">
  <rows>106</rows>
  <cols>58</cols>
  <dt>w</dt>
  <data>
    4349 4349 4349 4405 4349 4349 4349 4349 4349 4405 1177 1177 4405
    4405 4463 4463 4463 4522 4522 4582 4582 4582 4645 1181 1177 1177
    1173 1173 4708 1177 1177 1177 1181 1165 1165 1165 1177 1173 1169
    1169 1169 1169 1173 1169 1169 1177 1173 1169 1165 1165 1165 1165
    1165 4911 4911 4911 4983 4983 4349 4349 4349 1112 1108 1105 1105
    4295 1173 1173 1173 1173 1169 1169 1177 1177 1177 1177 1177 1177
    1177 1177 1177 1173 1169 1169 1169 1165 1165 1165 1169 1169 1165
    1165 1161 1161 1165 1165 1165 1165 1165 1165 1165 1169 1169 1173
    1169 1169 1165 1165 1165 1165 1165 1165 1165 0 4983 4983 4349 4349
    4349 1112 1108 1105 1105 1161 1161 1161 1165 1165 1165 1165 1165
    1169 1173 1169 1169 1161 1161 1157 1157 1157 1161 1161 1161 1161
    1161 1161 1157 1153 1153 1153 1153 1157 1157 1165 1165 1161 1161
    1161 1165 1161 1161 1157 1157 1169 1165 1165 1169 1169 1101 1101 0 0
    0 4983 0 1115 1115 1112 1108 1105 1105 1149 1149 1149 1149 1157 1157
    1157 1161 1169 1173 1169 1153 1153 1157 1153 1153 1145 1145 1153
    1153 1153 1153 1145 1145 1149 1149 1149 1145 1145 1157 1157 1157
    1153 1153 1145 1145 1145 1145 1145 1145 1169 1108 1105 1101 1101
    1101 1097 1094 1094 1094 0 0 1115 1115 1112 1105 1105 1105 1130 1130
    1130 1130 1157 1134 1130 1123 1123 1123 1134 1138 1138 1145 1138
    1134 1123 1123 1112 1112 1153 1134 1130 1130 1126 1112 1112 1112
    1108 1108 1157 1101 1101 1153 1108 1108 1108 1108 1108 1145 1112
    1105 1105 1101 1097 1097 1097 1094 1094 1094 1094 0 1115 1115 1105
    1105 1105 1105 1108 1108 1115 1112 1112 1112 1108 1108 1112 1112
    1112 1108 1108 1108 1108 1112 1112 1105 1105 1105 1105 1105 1108
    1105 1105 1105 1105 1105 1105 1105 1105 1101 1097 1097 1101 1101
    1101 1101 1097 1097 1101 1101 1101 1097 1094 1094 1090 1090 1090
    1090 1094 1101 1101 1101 1101 1101 1101 1101 1105 1105 1108 1105
    1105 1105 1105 1101 1101 1105 1105 1105 1105 1105 1105 1105 1105
    1101 1101 1097 1097 1097 1097 1097 1097 1101 1101 1101 1101 1097
    1097 1097 1097 1097 1101 1097 1097 1097 1097 1097 1097 1101 1101
    1097 1094 1094 1090 1090 1090 1090 1094 1101 1101 1097 1097 1097
    1101 1101 1101 1101 1101 1101 1101 1101 1101 1101 1101 1101 1105
    1105 1101 1101 1101 1101 1097 1097 1097 1097 1097 1097 1097 1097
    1097 1097 1094 1094 1094 1094 1094 1094 1094 1097 1094 1094 1094
    1094 1097 1094 1094 1094 1094 1094 1094 1094 1094 1094 1090 1090 0
    1101 1097 1097 1097 1097 1101 1101 1101 1101 1101 1101 1101 1101
    1101 1101 1101 1101 1105 1101 1101 1101 1097 1097 1097 1097 1097
    1097 1097 1097 1094 1094 1094 1094 1094 1094 1094 1094 1094 1094
    1094 1094 1094 1094 1094 1094 1097 1094 1094 1094 1094 1094 1094
    1094 1094 1094 1090 1090 0 1101 1097 1097 1097 1097 1101 1101 1101
    1101 1101 1101 1101 1101 1101 1101 1101 1101 1105 1101 1101 1101
    1097 1097 1097 1097 1097 1097 1097 1097 1094 1094 1094 1094 1094
    1094 1094 1094 1094 1094 1094 1094 1094 1094 1094 1094 1097 1094
    1094 1094 1094 1094 1094 1094 1094 1094 1090 1090 0 1101 1101 1101
    1101 1101 1101 1101 1101 1101 1101 1101 1101 1101 1101 1101 1101
    1101 1105 1105 1105 1101 1101 1101 1097 1097 1101 1097 1097 1097
    1097 1097 1097 1097 1097 1097 1094 1094 1094 1094 1094 1094 1094
    1094 1094 1094 1097 1097 1094 1094 1094 1094 1094 1094 1094 1094
    1090 1090 0 1101 1101 1101 1101 1101 1101 1101 1101 1101 1101 1101
    1101 1101 1101 1101 1101 1101 1105 1105 1105 1101 1101 1101 1101
    1101 1101 1101 1101 1101 1097 1097 1097 1097 1097 1097 1097 1097
    1097 1094 1094 1094 1094 1094 1094 1097 1094 1094 1094 1094 1094
    1094 1094 1094 1094 1094 1090 1090 0 1105 1101 1101 1101 1101 1101
    1101 1101 1101 1101 1101 1101 1101 1101 1101 1101 1101 1105 1105
    1105 1105 1105 1101 1101 1101 1101 1101 1101 1101 1101 1101 1101
    1097 1097 1101 1101 1101 1101 1097 1097 1097 1094 1094 1097 1097
    1094 1094 1094 1094 1094 1094 1094 1094 1097 1097 1090 1090 0 1105
    1101 1101 1105 1105 1105 1105 1105 1101 1101 1101 1101 1101 1101
    1101 1101 1101 1105 1105 1105 1105 1105 1105 1105 1105 1105 1105
    1101 1101 1101 1101 1101 1101 1101 1101 1101 1101 1101 1101 1101
    1097 1097 1097 1097 1097 1094 1094 1094 1094 1094 1094 1094 1094
    1097 1097 1094 1094 0 1105 1105 1105 1105 1105 1105 1105 1105 1101
    1101 1101 1101 1101 1101 1101 1101 1101 1105 1105 1101 1101 1105
    1105 1105 1105 1105 1105 1101 1101 1101 1101 1101 1101 1101 1101
    1101 1101 1101 1101 1101 1101 1097 1097 1097 1097 1097 1094 1094
    1094 1094 1094 1094 1097 1097 1097 1097 1097 0 1105 1105 1105 1105
    1105 1105 1105 1105 1105 1101 1101 1101 1101 1105 1101 1101 1101
    1105 1105 1101 1101 1105 1105 1105 1105 1105 1105 1101 1101 1105
    1105 1101 1101 1101 1101 1101 1101 1101 1101 1101 1101 1101 1101
    1101 1101 1101 1101 1097 1097 1094 1094 1094 1097 1097 1101 1094
    1094 0 1108 1108 1105 1105 1105 1105 1105 1105 1105 1105 1101 1101
    1101 1105 1105 1105 1105 1105 1105 1101 1101 1105 1105 1105 1105
    1105 1105 1105 1105 1105 1105 1101 1101 1101 1101 1101 1105 1105
    1105 1105 1101 1101 1101 1101 1101 1101 1101 1097 1097 1097 1097
    1097 1097 1097 1101 1094 1094 0 1105 1108 1105 1105 1105 1105 1105
    1105 1105 1105 1105 1105 1105 1105 1105 1105 1105 1105 1105 1105
    1105 1105 1105 1105 1105 1105 1105 1105 1105 1105 1105 1101 1101
    1101 1101 1101 1105 1105 1105 1105 1105 1105 1101 1101 1101 1101
    1101 1101 1101 1097 1097 1097 1097 1097 1094 1094 1094 0 1105 1105
    1105 1105 1105 1105 1105 1105 1105 1105 1105 1105 1105 1105 1105
    1105 1105 1108 1105 1105 1105 1105 1105 1105 1105 1105 1105 1105
    1105 1105 1105 1105 1105 1105 1105 1105 1105 1105 1105 1105 1105
    1105 1101 1101 1101 1101 1105 1105 1105 1105 1105 1101 1101 1097
    1094 1094 1094 0 1105 1105 1105 1105 1105 1105 1105 1105 1105 1105
    1105 1105 1105 1105 1105 1105 1105 1108 1108 1108 1108 1108 1108
    1108 1108 1108 1108 1108 1108 1105 1105 1105 1105 1105 1105 1105
    1105 1105 1105 1105 1105 1105 1101 1101 1105 1105 1105 1105 1105
    1105 1105 1105 1105 1097 1097 1094 1094 0 1105 1105 1105 1105 1105
    1105 1105 1105 1108 1105 1105 1105 1105 1105 1105 1105 1105 1108
    1108 1108 1108 1108 1108 1108 1108 1108 1108 1108 1108 1108 1105
    1105 1105 1105 1105 1105 1105 1105 1105 1105 1105 1105 1101 1101
    1105 1105 1105 1105 1105 1105 1105 1105 1105 1101 1101 1097 1097 0
    1108 1108 1108 1108 1105 1105 1105 1105 1108 1108 1105 1105 1105
    1105 1105 1105 1105 1108 1108 1108 1108 1108 1108 1108 1108 1108
    1108 1108 1108 1108 1108 1108 1105 1105 1105 1105 1105 1105 1105
    1105 1105 1105 1105 1105 1105 1105 1105 1105 1105 1105 1105 1105
    1105 1105 1101 1101 1105 1112 1112 1112 1108 1108 1108 1105 1105
    1105 1108 1108 1105 1105 1105 1105 1105 1105 1108 1108 1108 1108
    1108 1108 1108 1108 1108 1108 1108 1108 1108 1108 1108 1108 1105
    1105 1108 1108 1108 1108 1108 1105 1105 1105 1105 1105 1105 1105
    1105 1105 1105 1105 1105 1105 1105 1105 1101 1101 1108 1112 1112
    1112 1112 1108 1108 1105 1105 1105 1108 1108 1105 1105 1105 1108
    1108 1108 1108 1108 1108 1108 1108 1108 1108 1108 1108 1108 1108
    1108 1108 1108 1108 1108 1105 1105 1108 1108 1108 1108 1108 1105
    1105 1105 1105 1105 1105 1105 1105 1105 1108 1105 1105 1105 1105
    1105 1105 1105 1108 1112 1112 1112 1112 1112 1112 1108 1108 1108
    1108 1108 1108 1108 1108 1108 1108 1108 1108 1112 1108 1108 1108
    1108 1108 1108 1108 1108 1108 1108 1108 1108 1108 1108 1105 1105
    1108 1108 1108 1108 1105 1105 1108 1108 1108 1108 1108 1108 1108
    1108 1105 1105 1105 1105 1105 1105 1105 1105 0 0 1115 1115 1115 1115
    1115 1108 1108 1108 1112 1112 1108 1108 1108 1108 1108 1108 1108
    1112 1112 1108 1108 1108 1108 1112 1108 1108 1108 1108 1108 1112
    1108 1108 1108 1108 1108 1108 1108 1108 1105 1105 1108 1108 1108
