<?xml version="1.0"?>
<opencv_storage>
<Depth14095 type_id="opencv-matrix">
  <rows>32</rows>
  <cols>32</cols>
  <dt>w</dt>
  <data>
    6497 6375 6375 6375 6375 6375 6497 6497 6497 6497 6497 6497 2835
    2835 2859 2859 2859 2859 2835 2835 6622 6622 6622 6753 6622 6622
    6622 6622 6622 6622 6622 6622 6497 6497 6497 6375 6375 6497 6497
    6497 6497 6497 2908 2859 2835 2835 2859 2859 2835 2789 2767 2767
    2744 2744 6753 6753 6622 6622 6622 6622 6622 6622 6622 6622 6375
    6375 6497 6375 6375 6497 6497 6497 6497 6497 2859 2835 2835 2835
    2835 2835 2812 2767 2744 2744 2723 2701 2680 2680 2680 2680 6622
    6622 6622 6622 6497 6497 6375 6375 6497 6497 6497 6497 6497 6497
    6497 6497 2859 2835 2835 2835 2835 2835 2789 2744 2744 2723 2701
    2701 2680 2680 2680 2680 2701 2701 2723 2701 2701 2723 6375 6375
    6497 6497 6497 6497 6497 6497 6497 2835 2835 2859 2835 2835 2812
    2812 2789 2744 2744 2723 2701 2680 2680 2680 2680 2680 2680 2701
    2701 2701 2701 2723 6375 6497 6497 6497 6497 6497 6497 6497 6497
    2835 2835 2835 2835 2812 2812 2789 2767 2723 2723 2701 2701 2680
    2680 2680 2659 2659 2680 2680 2680 2701 2701 2701 6375 6497 6497
    6497 6497 6497 6497 6375 6375 2835 2835 2835 2835 2812 2812 2789
    2744 2723 2723 2701 2701 2680 2680 2680 2659 2659 2680 2680 2680
    2701 2701 2701 6497 6497 6497 6497 6497 6497 6497 6375 2883 2859
    2835 2835 2812 2812 2789 2767 2744 2723 2723 2701 2701 2680 2680
    2680 2680 2680 2680 2680 2701 2701 2680 2680 6375 6497 6497 6497
    6497 6497 6497 6375 2859 2859 2835 2835 2812 2789 2767 2744 2723
    2701 2680 2680 2680 2680 2680 2680 2680 2680 2680 2680 2680 2680
    2659 2659 6375 6375 6497 6497 6497 6375 6375 2859 2835 2835 2835
    2812 2812 2789 2767 2744 2723 2680 2680 2659 2659 2659 2659 2659
    2659 2680 2680 2680 2680 2680 2659 2659 6375 6375 6497 6497 6497
    6375 6375 2835 2835 2835 2812 2812 2812 2789 2744 2744 2680 2680
    2680 2659 2659 2659 2659 2659 2659 2680 2680 2701 2701 2680 2659
    2659 6375 6375 6375 6375 6375 6375 2859 2835 2812 2812 2812 2789
    2789 2767 2744 2723 2680 2659 2659 2659 2659 2659 2659 2659 2659
    2659 2659 2680 2680 2680 2659 2659 6375 6375 6375 6375 6375 6375
    2835 2835 2812 2812 2812 2789 2767 2744 2723 2680 2680 2659 2659
    2659 2659 2659 2659 2659 2659 2659 2659 2680 2680 2659 2659 6889
    6375 6375 6375 6375 6375 2835 2835 2835 2812 2812 2789 2767 2744
    2723 2680 2680 2659 2659 2659 2659 2659 2659 2659 2659 2659 2659
    2659 2659 2659 2659 2659 6753 6375 6375 6375 6375 6375 2835 2835
    2835 2812 2812 2789 2767 2744 2723 2659 2659 2659 2659 2659 2659
    2659 2659 2659 2659 2659 2659 2659 2659 2659 2659 6753 6753 6375
    6375 6375 6375 6375 2812 2812 2812 2812 2812 2789 2744 2723 2723
    2659 2659 2659 2659 2659 2659 2659 2659 2659 2659 2659 2659 2659
    2659 2659 2659 6622 6622 6375 6375 6375 6375 6375 2812 2812 2812
    2812 2789 2767 2744 2723 2680 2659 2659 2659 2659 2659 2659 2659
    2659 2659 2659 2659 2659 2659 2659 2659 6497 6497 6622 6375 6375
    6375 6375 6375 2812 2812 2812 2789 2767 2744 2723 2723 2680 2659
    2659 2659 2659 2659 2659 2659 2659 2659 2659 2659 2659 2659 2659
    6497 6497 6497 6497 6259 6375 6375 2859 2812 2812 2812 2812 2789
    2744 2744 2723 2680 2680 2659 2659 2659 2659 2659 2659 2659 2659
    2659 2659 2659 2659 2659 2659 6497 6497 6497 6497 6259 6259 6259
    2835 2812 2812 2812 2789 2767 2744 2723 2701 2659 2659 2659 2639
    2639 2639 2639 2639 2659 2659 2659 2659 2659 2659 2659 2659 6497
    6497 6497 6497 6259 6259 6259 2812 2812 2789 2767 2744 2744 2744
    2723 2659 2659 2659 2639 2639 2639 2639 2639 2639 2639 2639 2659
    2659 2659 2659 2659 6622 6497 6497 6622 6497 6259 6259 2835 2812
    2812 2789 2767 2744 2744 2723 2723 2659 2659 2659 2639 2639 2639
    2639 2639 2639 2639 2639 2639 2659 2659 2659 2659 6622 6622 6622
    6622 6622 6259 6259 2812 2812 2789 2789 2744 2744 2723 2723 2701
    2659 2659 2639 2639 2639 2639 2639 2639 2639 2639 2639 2639 2639
    2639 2659 2659 6622 6622 6622 6622 6622 6375 6259 2812 2812 2789
    2767 2744 2744 2723 2723 2701 2659 2659 2639 2639 2639 2639 2639
    2639 2639 2639 2639 2639 2639 2639 2659 2659 6622 6622 6622 6622
    6753 6375 2835 2812 2812 2789 2767 2744 2744 2723 2701 2659 2639
    2639 2639 2639 2639 2639 2639 2639 2639 2639 2639 2639 2639 2639
    2639 2659 6622 6622 6622 6622 6622 6259 2812 2789 2789 2767 2744
    2723 2723 2701 2680 2639 2639 2639 2639 2639 2639 2639 2639 2639
    2639 2639 2639 2639 2639 2639 2639 6622 6497 6497 6497 6497 6497
    2812 2789 2767 2767 2744 2723 2723 2723 2701 2659 2639 2618 2618
    2639 2639 2639 2639 2639 2639 2639 2639 2639 2639 2618 2618 6622
    6622 6497 6497 6497 6497 6497 2789 2767 2767 2744 2744 2723 2723
    2701 2659 2659 2639 2618 2618 2618 2618 2618 2618 2618 2618 2639
    2639 2639 2639 2618 2618 6497 6497 6622 6622 6622 6497 6497 2789
    2767 2767 2744 2723 2723 2701 2680 2659 2639 2639 2618 2618 2598
    2598 2598 2618 2618 2618 2639 2639 2639 2639 2618 2618 6497 6497
    6622 6622 6622 6497 6497 2789 2767 2744 2723 2723 2723 2701 2680
    2659 2639 2639 2618 2618 2598 2598 2598 2598 2618 2618 2639 2639
    2639 2639 2618 2618 6622 6622 6622 6622 6622 6622 6622 2812 2767
    2744 2723 2723 2723 2701 2680 2659 2639 2639 2618 2618 2598 2598
    2598 2598 2618 2618 2639 2639 2639 2639 2639 2639 6622 6497 6497
    6497 6497 6622 6622 2812 2767 2744 2723 2723 2701 2680 2659 2659
    2639 2618 2618 2618 2598 2598 2598 2598 2618 2618 2639 2639 2639
    2639 2639 2639 6497 6497 6497 6497 6497 6622 6622</data></Depth14095>
</opencv_storage>
