<?xml version="1.0"?>
<opencv_storage>
<Depth1106 type_id="opencv-matrix">
  <rows>79</rows>
  <cols>102</cols>
  <dt>w</dt>
  <data>
    2723 2723 2723 2723 2723 2723 2701 2701 2701 2723 2723 2659 2659
    2659 1028 1028 1028 1028 1028 1028 1028 1028 1031 1031 2723 2680
    2659 2659 2659 2659 2659 2659 2659 2659 2659 2659 2659 2659 2639
    2639 2639 2659 2659 2659 2639 2639 2639 2639 2639 2639 2639 2639
    2639 2639 2639 2618 2598 2598 2598 2618 2618 2618 2579 2579 2560
    2560 2560 2579 2579 2560 2560 2579 2579 2579 2560 2560 2560 2560
    2560 2560 2560 2560 2579 2560 2560 2560 2560 2560 2560 2560 2560
    2560 2560 2560 2560 2560 2560 2560 2560 2560 2560 2560 2723 2723
    2723 2723 2723 2723 2723 2701 2701 2701 2701 1025 1025 1025 1025
    1025 1028 1028 1028 1028 1028 1028 1031 1031 1034 1034 1034 2659
    2659 2659 2680 2680 2680 2659 2659 2659 2659 2659 2659 2659 2659
    2659 2659 2659 2659 2659 2659 2659 2659 2659 2639 2639 2639 2639
    2639 2639 2618 2618 2618 2618 2618 2618 2598 2598 2579 2579 2579
    2579 2579 2598 2598 2598 2598 2598 2579 2579 2579 2579 2579 2560
    2560 2560 2579 2560 2560 2560 2560 2560 2560 2560 2560 2560 2560
    2560 2560 2560 2560 2560 2560 2560 2560 2560 2744 2744 2723 2723
    2723 2723 2723 2723 0 2723 0 0 0 1025 1025 1025 1025 1025 1028 1028
    1028 1028 1028 1031 1031 1031 1031 1031 1034 1034 1038 1038 1041
    2659 2659 2680 2680 2659 2659 2659 2659 2659 2659 2659 2659 2659
    2659 2659 2659 2659 2659 2659 2659 2659 2659 2659 2639 2618 2618
    2618 2618 2618 2618 2618 2598 2598 2598 2598 2598 2598 2598 2598
    2598 2598 2598 2598 2598 2579 2579 2579 2579 2579 2579 2579 2579
    2579 2579 2579 2579 2579 2579 2579 2579 2579 2560 2560 2560 2560
    2560 2579 2560 2560 2744 2744 2723 2723 2723 2723 2723 2744 0 0 0 0
    0 1025 1025 1025 1025 1025 1028 1028 1028 1028 1028 1031 1031 1031
    1031 1031 1034 1034 1038 1038 1038 1038 1038 1038 2680 2680 2680
    2680 2680 2680 2680 2659 2659 2659 2659 2659 2659 2659 2659 2659
    2659 2659 2659 2659 2639 2639 2639 2639 2639 2618 2618 2618 2598
    2598 2618 2618 2618 2618 2618 2618 2618 2618 2598 2598 2598 2598
    2598 2598 2579 2579 2598 2598 2579 2579 2579 2579 2579 2579 2579
    2598 2579 2579 2579 2579 2579 2579 2579 2579 2560 2560 2744 2744
    2744 2744 2723 2723 2723 0 0 0 0 0 0 1025 1025 1022 1022 1025 1028
    1028 1028 1028 1028 1028 1028 1031 1031 1031 1031 1031 1034 1034
    1034 1034 1038 1038 1038 1038 1038 1041 1041 2680 2680 2659 2659
    2680 2680 2680 2680 2680 2659 2659 2659 2659 2659 2659 2639 2639
    2639 2639 2639 2618 2618 2618 2618 2618 2618 2618 2618 2618 2618
    2618 2618 2618 2618 2618 2618 2618 2618 2618 2618 2618 2598 2598
    2598 2579 2579 2579 2579 2598 2598 2598 2598 2598 2598 2598 2598
    2579 2579 2579 2560 2560 2767 2767 2767 2744 2744 2723 2723 0 0 0 0
    0 1025 1025 1025 1022 1022 1025 1025 1025 1028 1028 1028 1028 1028
    1028 1031 1031 1031 1031 1034 1034 1034 1034 1038 1038 1038 1038
    1038 1038 1041 1038 1038 1041 1041 1041 1047 2701 2680 2680 2659
    2659 2659 2659 2659 2680 2659 2659 2659 2639 2639 2639 2639 2639
    2639 2639 2639 2639 2639 2639 2618 2618 2618 2618 2618 2618 2618
    2618 2618 2618 2618 2618 2618 2618 2618 2618 2618 2618 2618 2618
    2618 2618 2618 2618 2598 2598 2618 2598 2598 2579 2579 2579 2767
    2767 2767 2767 2744 2744 0 0 0 0 0 0 1022 1022 1022 1022 1025 1025
    1025 1025 1025 1028 1028 1028 1028 1028 1028 1028 1031 1031 1031
    1031 1031 1034 1034 1034 1038 1038 1038 1038 1038 1038 1038 1038
    1041 1041 1044 1044 1044 2680 2659 2659 2659 2659 2659 2680 2659
    2659 2659 2659 2639 2639 2639 2639 2639 2639 2639 2639 2639 2639
    2639 2639 2639 2639 2639 2639 2639 2618 2618 2618 2618 2618 2618
    2618 2618 2618 2618 2618 2618 2618 2618 2618 2618 2618 2618 2618
    2618 2618 2598 2598 2598 2598 2767 2767 2767 2789 2767 2767 0 0 0 0
    0 0 1022 1022 1022 1022 1022 1022 1022 1022 1025 1025 1028 1028 1028
    1028 1028 1028 1028 1031 1031 1031 1031 1031 1031 1034 1034 1038
    1038 1038 1034 1034 1034 1038 1038 1038 1041 1041 1041 1041 1044
    1047 1044 1041 1041 2680 2659 2659 2659 2659 2659 2659 2659 2659
    2659 2659 2659 2659 2659 2659 2639 2639 2639 2639 2639 2639 2639
    2639 2639 2618 2618 2618 2618 2618 2639 2639 2639 2639 2618 2618
    2618 2618 2618 2618 2618 2618 2618 2618 2618 2598 2598 2598 2789
    2767 2767 2789 2789 2789 0 0 0 0 0 1019 1019 1019 1022 1022 1022
    1022 1022 1022 1025 1025 1028 1028 1028 1028 1028 1028 1028 1028
    1028 1031 1031 1031 1031 1034 1034 1038 1038 1038 1034 1034 1034
    1038 1038 1038 1041 1041 1041 1041 1041 1047 1041 1041 1038 1038
    1041 1041 1041 1044 1044 1044 2680 2680 2680 2659 2659 2659 2659
    2659 2659 2659 2659 2639 2639 2639 2639 2639 2639 2639 2639 2639
    2639 2639 2639 2639 2639 2639 2639 2618 2618 2618 2618 2618 2618
    2618 2618 2618 2618 2618 2618 2618 2789 2767 2767 2789 2789 2789 0 0
    0 0 0 1019 1019 1019 1019 1022 1022 1022 1022 1022 1025 1025 1025
    1028 1028 1028 1028 1028 1028 1028 1028 1028 1028 1031 1031 1031
    1031 1034 1034 1034 1038 1038 1038 1038 1038 1038 1038 1038 1038
    1041 1041 1041 1038 1038 1038 1038 1041 1041 1041 1044 1044 1044
    1044 1044 2680 2659 2659 2659 2659 2659 2680 2680 2659 2659 2659
    2639 2639 2659 2639 2639 2639 2639 2639 2639 2639 2639 2639 2639
    2639 2639 2639 2639 2639 2639 2639 2618 2618 2639 2618 2618 2618
    2618 2812 2812 2812 2812 2812 0 0 0 0 0 0 1016 1016 1019 1019 1019
    1022 1025 1025 1025 1025 1025 1025 1025 1025 1028 1028 1028 1028
    1028 1028 1028 1028 1028 1031 1031 1031 1031 1031 1031 1034 1034
    1038 1038 1038 1038 1038 1038 1038 1038 1041 1041 1038 1038 1038
    1038 1038 1041 1041 1041 1041 1041 1041 1041 1044 1044 1044 1047
    1047 2659 2680 2680 2659 2659 2659 2639 2639 2659 2659 2659 2659
    2659 2659 2659 2659 2639 2639 2639 2639 2639 2639 2639 2639 2639
    2639 2639 2639 2639 2639 2639 2639 2639 2812 2812 2812 2812 2812 0 0
    0 0 0 1019 1016 1016 1019 1019 1019 1022 1025 1025 1025 1022 1022
    1025 1025 1025 1025 1025 1025 1028 1028 1028 1028 1028 1028 1031
    1031 1031 1031 1031 1031 1034 1034 1038 1038 1038 1038 1038 1038
    1038 1038 1038 1038 1038 1038 1038 1038 1038 1038 1038 1038 1038
    1041 1041 1041 1044 1044 1044 1044 1047 1047 1047 1047 2680 2680
    2680 2680 2680 2680 2680 2680 2659 2659 2680 2680 2680 2659 2659
    2639 2639 2659 2639 2639 2639 2639 2639 2639 2639 2639 2639 2639
    2639 2639 2812 2812 2812 2812 2835 0 0 0 0 0 1019 1019 1019 1016
    1016 1019 1019 1022 1022 1022 1022 1022 1025 1025 1025 1025 1025
    1025 1025 1025 1025 1028 1028 1028 1028 1028 1028 1028 1031 1031
    1031 1031 1034 1034 1034 1034 1038 1038 1038 1038 1038 1038 1038
    1038 1038 1038 1038 1038 1038 1038 1038 1038 1041 1041 1044 1044
    1044 1044 1044 1044 1044 1044 1044 1044 2701 2701 2701 2701 2701
    2680 2680 2680 2680 2701 2680 2680 2659 2659 2659 2659 2659 2659
    2659 2659 2659 2639 2639 2639 2639 2639 2639 2639 2835 2835 2835
    2835 2835 0 0 0 0 0 1019 1016 1016 1016 1016 1016 1019 1019 1019
    1019 1019 1022 1022 1025 1025 1025 1025 1025 1025 1025 1025 1025
    1028 1028 1028 1028 1028 1028 1031 1031 1031 1031 1031 1031 1034
    1034 1038 1038 1038 1038 1038 1038 1034 1034 1034 1038 1038 1038
    1038 1038 1038 1038 1038 1041 1044 1044 1041 1041 1044 1044 1044
    1044 1044 1047 1050 1047 1047 1047 1047 1050 1054 2701 2701 2701
    2701 2680 2680 2680 2680 2680 2680 2680 2680 2659 2659 2659 2659
    2639 2639 2659 2659 2659 2835 2835 2835 2835 2835 0 0 0 0 0 1019
    1016 1016 1016 1016 1016 1016 1016 1019 1019 1019 1019 1022 1022
    1022 1022 1025 1025 1025 1025 1025 1025 1025 1028 1028 1028 1028
    1028 1028 1031 1031 1031 1031 1031 1031 1034 1038 1038 1038 1038
    1038 1038 1034 1034 1034 1034 1034 1034 1034 1038 1038 1038 1038
    1041 1041 1044 1041 1041 1041 1041 1044 1047 1047 1047 1050 1047
    1047 1047 1047 1047 1050 1050 1054 1054 1054 2701 2701 2680 2680
