<?xml version="1.0"?>
<opencv_storage>
<Depth8390 type_id="opencv-matrix">
  <rows>22</rows>
  <cols>14</cols>
  <dt>w</dt>
  <data>
    6753 6622 4522 4522 4463 4463 4463 4522 4522 4463 4463 4463 4463
    6889 6753 4522 4522 4522 4463 4463 4463 4463 4463 4463 4405 4405
    4463 4463 6753 4522 4522 4522 4463 4463 4463 4463 4463 4405 4405
    4405 4463 4463 6753 4522 4522 4522 4463 4463 4463 4463 4463 4405
    4405 4405 4405 4463 6753 4522 4522 4522 4463 4405 4405 4463 4405
    4405 4405 4405 4405 4463 4582 4582 4522 4463 4405 4405 4405 4405
    4405 4405 4405 4405 4405 4463 4582 4582 4522 4463 4405 4349 4349
    4405 4405 4405 4405 4405 4405 4405 4582 4582 4522 4463 4405 4349
    4349 4405 4405 4405 4405 4405 4405 4405 4582 4582 4522 4463 4405
    4349 4349 4405 4405 4405 4405 4405 4405 4405 4522 4522 4522 4463
    4405 4349 4349 4405 4405 4405 4405 4405 4405 4405 4522 4522 4522
    4522 4463 4349 4349 4405 4405 4405 4405 4405 4405 6753 4522 4522
    4522 4522 4463 4349 4349 4405 4405 4405 4405 4405 4405 6889 4582
    4582 4582 4582 4522 4405 4405 4405 4405 4405 4463 4405 4405 6889
    4522 4522 4582 4582 4522 4463 4463 4405 4405 4463 4463 4463 4522
    7178 4522 4522 4582 4522 4522 4522 4522 4463 4463 4463 4463 4463
    4522 7030 4522 4522 4582 4522 4463 4463 4463 4522 4463 4463 4463
    4463 4463 6889 4582 4582 4582 4522 4463 4463 4463 4522 4522 4522
    4463 4405 4405 6889 4582 4582 4522 4522 4463 4463 4463 4522 4522
    4522 4405 4405 4405 6889 4582 4582 4522 4522 4463 4405 4405 4522
    4522 4522 4405 4405 4405 6889 6622 4522 4522 4522 4463 4405 4405
    4522 4522 4522 4463 4463 6889 6889 6753 4522 4522 4522 4463 4349
    4349 4463 4522 4405 4405 4405 6889 6889 6753 6622 6622 6622 4349
    4349 4349 4463 4463 4405 4405 4405 6889 6889</data></Depth8390>
</opencv_storage>
