<?xml version="1.0"?>
<opencv_storage>
<Depth11325 type_id="opencv-matrix">
  <rows>9</rows>
  <cols>42</cols>
  <dt>w</dt>
  <data>
    4463 4463 4522 4522 4522 4582 4582 4645 4582 4582 4582 4582 0 0 0 0
    0 0 0 0 0 0 0 0 0 0 0 0 0 0 0 0 0 0 0 0 0 0 0 0 0 0 4463 4463 4463
    4522 4522 4582 4645 4645 4582 4582 4582 4582 4645 4645 4645 4708
    4645 4645 4708 4708 4842 4842 0 0 0 0 0 0 0 0 0 0 0 0 0 0 0 0 0 0 0
    0 4405 4405 4463 4463 4522 4645 4645 4645 4582 4582 4582 4582 4645
    4645 4645 4645 4645 4645 4708 4708 4842 4842 4708 4708 4708 0 0 0
    4983 4983 0 0 0 0 0 0 0 0 0 0 0 0 4405 4405 4405 4463 4522 4645 4645
    4645 4645 4582 4582 4582 4645 4645 4645 4645 4645 4645 4708 4708
    4774 4774 4708 4708 4708 4774 4774 4842 4842 4911 4911 4911 4911
    4911 4983 4911 4911 4911 4983 0 0 0 4405 4405 4405 4463 4582 4645
    4645 4645 4645 4645 4645 4645 4645 4645 4645 4645 4645 4645 4645
    4645 4774 4708 4708 4708 4708 4708 4708 4774 4842 4911 4911 4911
    4911 4911 4911 4911 4911 4911 4983 4983 4983 0 0 0 4463 4463 4582
    4645 4645 4582 4582 4645 4645 4645 4645 4645 4645 4645 4645 4645
    4582 4582 4645 4708 4708 4708 4708 4708 4708 4708 4842 4911 4911
    4911 4911 4911 4911 4911 4911 4983 4983 4983 4983 4983 0 0 0 0 0 0
    4645 4582 4582 4645 4645 4645 4645 4645 4645 4645 4522 4522 4582
    4582 4645 4645 4708 4708 4708 4708 4708 4708 4774 4842 4911 4911
    4911 4911 4911 4983 4983 4983 4983 4983 4983 4983 0 0 0 0 0 0 0 0 0
    0 4645 4645 4708 4708 4708 4645 4522 4522 4582 0 4645 4645 4708 4645
    4645 4645 4645 4645 4774 4842 4911 4911 4911 4911 4911 4983 4911
    4911 4983 4983 4983 4983 0 0 0 0 0 0 0 0 0 0 0 0 0 0 0 0 0 0 0 0
    4645 4645 4645 4645 4645 4645 4645 4645 4774 4842 4911 4911 4911
    4983 4983 4983 4911 4911 4983 4911 4911 4983</data></Depth11325>
</opencv_storage>
