<?xml version="1.0"?>
<opencv_storage>
<Depth5302 type_id="opencv-matrix">
  <rows>19</rows>
  <cols>42</cols>
  <dt>w</dt>
  <data>
    3614 3614 3614 3614 3614 3614 3653 3692 3732 3732 3732 3774 3774
    3774 3816 3859 3903 3903 3859 3859 3816 3816 3859 3859 2701 2701
    2701 3994 3948 3948 3994 4041 2789 2789 2767 2723 2680 2680 2744
    2767 2767 2170 3653 3653 3653 3653 3614 3614 3653 3692 3732 3774
    3774 3774 3774 3774 3816 2541 2541 2579 2579 2598 3816 3774 2659
    2659 2701 2659 2659 2659 2744 2744 2744 2744 2767 2767 2767 2767
    2767 2767 2767 2744 2744 2184 3653 3653 3692 3653 3653 3653 3653
    3653 3816 3816 2541 2541 2560 2560 3732 2541 2541 2560 2560 2579
    2579 2598 2659 2659 2680 2659 2659 2659 2701 2701 2723 2744 2767
    2767 2767 2767 2767 2767 2767 2744 2744 2744 2503 2503 2503 2503
    2503 2541 2541 2541 2541 2541 2541 2541 2541 2560 2560 2560 2560
    2560 2560 2579 2579 2598 2680 2680 2680 2659 2659 2659 2701 2701
    2723 2744 2767 2767 2789 2789 2789 2789 2789 2767 2767 2767 2503
    2503 2503 2503 2503 2503 2541 2541 2541 2541 2522 2522 2522 2560
    2560 2560 2560 2560 2560 2639 2659 2680 2680 2680 2680 2659 2659
    2701 2701 2701 2723 2744 2767 2767 2767 2767 2767 2789 2789 2789
    2767 2767 2485 2485 2485 2503 2503 2503 2541 2541 2541 2541 2522
    2522 2522 2579 2579 2579 2598 2598 2618 2639 2680 2680 2680 2680
    2680 2680 2680 2701 2701 2723 2767 2767 2767 2767 2767 2767 2767
    2789 2789 2812 2767 2767 2485 2485 2485 2503 2503 2522 2522 2522
    2522 2541 2522 2522 2522 2579 2579 2598 2598 2598 2618 2639 2659
    2680 2680 2680 2680 2680 2680 2680 2701 2701 2744 2767 2767 2767
    2767 2767 2767 2767 2767 2812 2835 2835 2485 2485 2485 2503 2503
    2522 2522 2522 2522 2541 2541 2541 2541 2579 2579 2598 2598 2598
    2618 2618 2618 2639 2680 2680 2680 2680 2680 2680 2701 2701 2744
    2744 2744 2744 2744 2744 2744 2744 2744 2744 2744 2156 2485 2485
    2485 2503 2503 2522 2522 2522 2522 2541 2541 2541 2541 2579 2579
    2598 2598 2598 2598 2598 2618 2618 2659 2659 2680 2680 2680 2680
    2701 2701 2744 2744 2744 2744 2744 2744 2744 2744 2744 2744 0 0 2503
    2485 2485 2503 2503 2503 2522 2522 2522 2541 2541 2541 2541 2560
    2598 2598 2598 2598 2598 2598 2598 2598 2618 2639 2701 2701 2701
    2701 2701 2723 2744 2744 2767 2767 2767 2744 2744 2744 2198 2212
    2212 2212 2485 2485 2485 2503 2503 2503 2503 2522 2522 2541 2541
    2541 2560 2560 2598 2598 2598 2598 2598 2598 2598 2598 2618 2639
    2680 2701 2701 2701 2723 2744 2744 2744 2744 2767 2767 2744 2212
    2198 2198 2212 2212 2212 2485 2485 2485 2503 2503 2503 2503 2522
    2522 2541 2541 2541 2560 2579 2598 2598 2598 2598 2598 2598 2598
    2618 2618 2639 2680 2701 2701 2723 2723 2701 2701 2701 2701 2701
    2767 0 2170 2156 2156 2143 2116 2116 2503 2503 2503 2522 2522 2503
    2503 2503 2503 2522 2541 2560 2579 2579 2598 2598 2598 2598 2598
    2598 2598 2618 2618 2618 2680 2701 2701 2701 2723 2659 2659 2680
    2680 2701 0 0 2170 2156 2156 2129 2116 2116 2503 2503 2503 2503 2503
    2503 2503 2503 2503 2522 2541 2560 2579 2579 2598 2598 2598 2598
    2598 2598 2598 2598 2598 2618 2680 2680 2680 2701 2680 2659 2659
    2680 2680 0 0 0 0 2156 2143 2129 2116 2103 2503 2522 2503 2503 2503
    2522 2503 2503 2503 2522 2522 2579 2579 2579 2598 2598 2598 2598
    2598 2598 2598 2598 2598 2618 2680 2680 2680 2680 2680 2680 0 0 0 0
    0 0 0 0 2143 2129 2116 2103 2503 2503 2503 2522 2522 2522 2503 2503
    2503 2522 2522 2579 2579 2598 2598 2598 2598 2598 2598 2598 2598
    2598 2598 2680 2680 2680 2680 2680 0 0 0 0 0 0 0 0 0 0 0 0 0 2103
    2503 2485 2485 2522 2503 2485 2485 2522 2522 2522 2541 2579 2618
    2618 2618 2598 2598 2598 2598 2598 2598 2598 2598 0 0 0 0 0 0 0 0 0
    0 0 0 0 0 0 0 0 0 0 2503 2485 2485 2522 2503 2485 2485 2503 2503
    2522 2560 2598 2618 2639 2659 2618 2618 2618 2618 2618 2618 0 0 0 0
    0 0 0 0 0 4041 4041 4089 0 0 0 0 0 0 0 0 0 2503 2503 2522 2522 2503
    2485 2485 2485 2503 2522 2618 2618 2618 2639 2659 2659 2659 3732
    3732 0 0 0 0 0 0 0 0 0 0 3903 3903 3948 4041 4041 4089 4089 0 0 0 0
    0 0</data></Depth5302>
</opencv_storage>
