<?xml version="1.0"?>
<opencv_storage>
<Depth15908 type_id="opencv-matrix">
  <rows>8</rows>
  <cols>30</cols>
  <dt>w</dt>
  <data>
    6753 6753 6753 6622 6146 5933 5933 5933 6038 6038 6038 6038 5933
    5933 5933 5933 5933 5933 6146 6259 6375 6375 6259 6146 6146 6146
    6375 6622 6753 6753 5933 5933 5933 6259 6146 5933 5832 5832 5933
    5933 5933 5933 5933 5933 5933 5933 5933 5933 5933 5933 5933 5933
    5933 5933 5933 5933 5933 5933 5933 6753 5832 5933 5933 5933 5933
    5832 5832 5832 5933 5832 5832 5832 5832 5933 5933 5933 5832 5832
    5832 5832 5832 5832 5933 5933 5933 5832 5832 5734 5734 5832 5832
    5933 5933 5933 5933 5832 5832 5832 5832 5832 5832 5832 5832 5933
    5832 5832 5832 5832 5832 5832 5832 5832 5832 5832 5832 5832 5832
    5734 5734 5734 5210 5832 5832 5832 5832 5832 5832 5832 5832 5832
    5832 5832 5832 5832 5832 5832 5832 5832 5832 5832 5832 5832 5832
    5832 5832 5832 5832 5734 5734 5734 7178 5832 5832 5832 5832 5832
    5832 5832 5832 5832 5832 5832 5832 5832 5832 5832 5832 5832 5832
    5832 5832 5832 5832 5832 5832 5734 5734 5640 5640 5734 7178 7178
    5832 5832 5832 5832 5832 5933 5832 5832 5832 5832 5832 5832 5832
    5734 5734 5734 5734 5832 5832 5832 5832 5832 5832 5734 5640 5640
    5640 5640 7178 7178 7178 5933 5933 5933 5933 6038 5933 5933 5933
    5933 5933 5933 5832 5734 5734 5734 5734 5832 5832 5933 5933 5933
    5832 5734 5640 5640 5640 5640</data></Depth15908>
</opencv_storage>
