<?xml version="1.0"?>
<opencv_storage>
<Depth7929 type_id="opencv-matrix">
  <rows>11</rows>
  <cols>45</cols>
  <dt>w</dt>
  <data>
    5832 5832 5832 5734 5734 5734 5734 5734 5734 5734 5640 5640 5640
    5640 5548 5548 5548 5548 5548 5460 5460 5548 5374 5374 5374 5374
    5460 5374 5374 5460 5374 5291 5291 5210 5210 5291 5374 5460 5374
    4582 4522 4522 4582 4582 4522 5832 5832 5832 5734 5734 5734 5640
    5640 5734 5734 5734 5640 5548 5548 5460 5460 5548 5548 5548 5460
    5460 5548 4774 4774 5291 4983 4983 4774 4645 4645 4582 4582 4522
    4522 4522 4522 4522 4522 4522 4522 4522 4522 4522 4522 4522 5832
    5832 5734 5460 5460 5548 5460 5460 5640 5640 5640 5640 4911 4911
    5460 5460 5548 4774 4774 4774 4774 4774 4708 4708 4708 4774 4774
    4708 4645 4645 4582 4522 4522 4522 4522 4522 4522 4522 4522 4522
    4522 4522 4522 4522 4522 5832 5832 5734 5056 4983 4983 4983 4911
    4911 4911 4911 4842 4842 4842 4842 4842 4774 4774 4774 4774 4774
    4774 4708 4708 4708 4708 4708 4645 4645 4582 4582 4522 4522 4522
    4522 4522 4522 4522 4522 4522 4522 4522 4522 4522 4522 4983 4983
    4983 4911 4911 4911 4911 4842 4842 4842 4842 4842 4774 4774 4842
    4842 4774 4774 4774 4774 4774 4774 4708 4708 4708 4645 4645 4645
    4582 4582 4582 4522 4522 4522 4522 4522 4522 4522 4522 4522 4522
    4522 4582 4582 4582 4911 4842 4842 4911 4911 4911 4842 4842 4842
    4842 4774 4774 4774 4774 4774 4774 4774 4774 4774 4774 4708 4708
    4708 4708 4708 4645 4645 4645 4582 4582 4582 4582 4582 4522 4522
    4522 4522 4522 4522 4522 4522 4522 4582 4582 4582 4911 4842 4842
    4842 4842 4842 4842 4842 4842 4842 4774 4774 4774 4774 4774 4774
    4774 4774 4774 4774 4708 4708 4708 4708 4708 4645 4645 4645 4582
    4582 4582 4582 4582 4522 4522 4522 4522 4522 4522 4522 4522 4522
    4645 4645 4645 4983 4911 4842 4842 4842 4842 4842 4842 4842 4774
    4774 4774 4774 4774 4774 4774 4774 4774 4774 4774 4708 4708 4708
    4708 4708 4582 4582 4582 4582 4645 4645 4645 4645 4582 4582 4522
    4522 4522 4522 4582 4582 4708 4645 4645 4708 4983 4842 4842 4842
    4842 4842 4842 4842 4842 4774 4774 4774 4774 4774 4774 4774 4774
    4774 4774 4774 4708 4708 4708 4708 4708 4582 4582 4582 4582 4645
    4645 4708 4708 4774 4774 4522 4522 4522 4522 4582 4582 4911 4911
    4911 4842 4983 4842 4842 4842 4842 4774 4774 4842 4842 4842 4842
    4842 4842 4842 4774 4774 4774 4774 4774 4774 4708 4708 4774 4708
    4708 4582 4582 4582 4582 4645 4708 4774 4842 4842 5374 5640 5640
    5640 5374 5374 5374 5374 5291 5056 5056 5056 4983 4911 4911 4911
    4774 4774 4774 5734 5734 5734 5734 5734 5734 5734 5374 5374 4774
    4774 4842 4842 4842 5291 5291 5291 4645 4645 5374 5374 5460 5460
    5460 5548 5374 5374 5548 5548 0 5460 5374 5374 5374 5291 5210 5210</data></Depth7929>
</opencv_storage>
