<?xml version="1.0"?>
<opencv_storage>
<Depth3640 type_id="opencv-matrix">
  <rows>56</rows>
  <cols>103</cols>
  <dt>w</dt>
  <data>
    0 0 973 973 970 967 967 967 967 967 967 967 967 967 967 967 967 967
    967 967 967 967 967 967 964 964 964 964 964 964 964 964 964 964 964
    962 962 964 967 964 964 962 962 964 964 964 964 964 964 964 964 964
    964 964 964 964 962 959 959 962 962 964 964 962 962 959 959 959 959
    959 962 962 962 959 959 956 956 956 956 962 962 962 962 959 959 959
    959 959 959 959 959 959 959 959 959 956 956 959 959 959 959 959 959
    0 0 975 973 970 970 970 970 970 970 970 970 970 970 967 967 967 967
    967 967 967 967 967 967 964 964 964 964 964 964 964 964 964 964 964
    962 962 964 967 964 964 962 962 964 964 964 964 964 964 964 964 964
    964 964 964 964 962 959 959 962 962 962 964 962 962 959 959 959 959
    959 962 962 962 959 959 956 956 956 956 962 962 962 962 959 959 959
    959 959 959 959 959 959 959 959 959 956 956 959 959 959 959 956 956
    0 0 975 973 973 973 970 970 973 973 970 970 970 970 967 967 967 967
    967 970 970 970 973 967 967 964 964 967 967 967 967 967 964 964 964
    964 964 964 967 967 967 964 964 964 964 964 964 964 964 964 964 964
    964 964 964 964 964 962 962 962 962 962 964 964 964 962 962 962 962
    962 962 962 962 962 959 959 959 962 964 964 964 964 964 962 962 962
    959 959 959 959 962 962 959 959 959 959 959 959 959 959 959 956 956
    0 0 975 975 975 973 973 970 970 973 973 973 973 973 970 970 970 970
    970 970 973 973 973 970 970 967 967 967 967 967 967 967 967 964 964
    967 967 967 967 967 967 967 967 967 964 964 964 964 964 964 964 964
    964 967 967 964 964 964 964 964 964 964 964 964 964 964 964 964 964
    964 964 964 962 962 962 962 962 962 964 964 964 964 964 964 964 964
    962 962 959 959 962 964 962 962 959 959 959 959 962 962 962 959 959
    0 0 0 973 973 973 973 970 970 973 973 975 973 973 973 973 975 973
    973 973 973 973 973 973 973 970 970 970 967 967 967 967 970 973 967
    967 970 970 970 967 967 967 967 967 967 967 967 967 967 967 967 967
    967 967 967 967 967 967 964 964 964 964 964 967 967 967 964 964 964
    964 964 964 964 964 964 964 964 964 964 964 967 967 967 964 964 964
    964 964 962 962 964 964 964 964 964 964 964 964 964 964 964 964 964
    0 0 0 973 973 975 975 975 975 973 973 975 975 975 973 973 973 973
    973 973 973 973 975 975 975 973 973 970 970 967 967 967 970 975 973
    973 973 973 970 970 967 967 970 970 967 967 967 967 967 967 967 967
    967 967 967 967 967 967 967 964 964 967 967 967 967 967 964 964 964
    964 964 964 964 964 964 964 964 964 964 964 964 967 967 967 967 967
    967 967 967 964 964 967 967 967 967 967 967 967 967 967 964 964 967
    0 0 0 975 975 975 975 975 975 975 975 975 975 975 975 973 973 973
    973 973 973 973 975 975 975 975 975 973 973 973 973 973 973 975 975
    975 973 973 970 970 973 973 970 970 970 970 970 970 970 970 967 967
    970 970 970 967 967 967 967 967 967 967 967 967 967 967 964 964 964
    964 967 967 967 964 964 964 964 964 964 964 964 967 967 967 967 967
    967 967 967 967 967 970 967 967 967 967 967 967 967 967 967 967 970
    0 0 0 978 978 978 975 975 978 975 975 978 978 978 975 975 975 975
    975 975 975 975 975 975 975 975 975 975 975 975 975 975 975 975 975
    975 975 975 973 973 973 975 975 973 973 973 973 973 970 970 970 970
    970 973 970 970 970 970 967 967 967 967 967 967 967 967 967 967 967
    967 967 967 967 967 967 967 967 967 967 967 967 970 967 967 967 970
    967 967 967 967 967 970 970 970 970 970 970 970 967 967 967 967 970
    0 0 0 981 981 978 978 978 978 978 978 978 978 978 975 975 975 975
    975 975 975 975 975 975 975 975 975 975 975 975 975 975 975 975 975
    975 975 975 975 975 975 975 975 975 975 973 973 975 975 975 975 975
    975 973 973 973 973 975 973 970 970 970 970 970 970 970 967 967 967
    967 970 967 967 967 967 967 967 967 967 967 967 970 970 970 970 970
    967 967 967 967 967 970 970 970 970 970 970 970 967 967 967 967 970
    0 0 0 987 984 981 978 978 978 978 978 978 978 978 978 978 978 975
    975 975 975 978 978 978 975 975 978 978 978 975 975 975 975 978 978
    978 975 975 975 975 975 978 978 975 975 975 975 975 975 975 975 975
    975 975 975 975 975 975 975 973 973 973 973 973 973 970 970 970 970
    970 970 970 970 970 970 970 970 970 970 970 970 973 973 973 970 970
    970 970 970 970 970 970 970 970 970 970 970 970 970 967 967 967 0 0
    0 0 984 984 984 981 981 978 978 978 978 978 978 978 978 978 975 975
    975 978 978 978 978 978 978 978 978 978 978 978 978 978 978 978 978
    978 975 975 978 978 978 978 975 975 978 975 975 975 975 975 978 978
    978 978 975 975 975 975 975 975 975 975 975 973 973 970 970 970 970
    973 970 970 973 973 973 973 970 970 973 973 975 975 973 973 973 973
    973 973 970 970 970 970 970 970 970 973 973 970 970 967 967 967 0 0
    0 984 984 984 981 981 981 981 978 978 978 978 978 978 978 978 978
    978 978 978 978 978 978 978 978 978 978 981 981 978 978 978 978 978
    978 978 978 978 978 978 978 978 978 978 978 978 978 978 978 978 978
    978 978 978 975 975 975 975 975 975 975 975 975 975 975 975 975 975
    973 973 973 973 975 975 975 973 973 973 973 975 978 978 978 978 975
    975 973 973 970 970 973 970 970 978 975 973 973 970 970 0 0 0 0 0
    987 987 984 984 981 981 981 978 978 978 981 981 984 981 981 981 978
    978 981 981 981 981 978 978 981 981 981 981 981 981 978 978 978 978
    978 978 978 978 978 978 978 978 978 978 978 978 978 978 978 978 978
    978 978 978 978 975 975 975 975 975 975 975 975 975 975 975 978 975
    975 975 975 975 975 975 973 973 973 975 978 978 978 978 978 978 975
    975 973 973 973 975 975 975 978 975 975 975 973 973 973 0 0 1010
    1001 987 987 987 987 984 984 984 984 984 984 984 984 984 984 984 984
    984 984 981 981 981 981 981 981 981 981 981 984 984 984 981 981 981
    981 978 978 978 978 978 978 978 978 981 981 981 978 978 978 978 978
    981 978 978 978 978 978 978 978 978 978 978 978 975 975 978 978 978
    978 975 975 978 978 975 975 973 973 975 975 978 978 978 978 978 978
    975 975 978 978 978 975 975 975 978 975 975 978 975 975 0 0 0 1010
    1001 989 987 987 987 987 987 987 987 987 987 987 987 987 987 987 987
    984 984 984 984 984 984 984 984 984 984 984 987 987 987 984 984 984
    984 984 981 978 978 978 978 981 981 981 981 984 981 981 981 978 978
    981 981 978 978 978 978 978 978 978 978 978 978 978 978 978 978 978
    978 978 978 978 978 978 978 978 978 975 975 978 981 981 981 978 978
    978 978 978 978 978 978 978 978 978 978 978 978 981 981 981 0 0 1010
    995 992 989 987 987 987 987 987 987 987 987 987 987 987 987 987 987
    987 987 987 987 984 984 984 984 984 987 987 987 987 987 987 987 987
    984 984 984 981 981 981 987 984 984 984 984 984 981 981 981 981 981
    981 981 981 978 978 978 978 978 978 978 978 978 978 981 981 981 981
    978 978 978 978 981 978 978 978 978 978 978 981 981 981 981 978 978
    981 981 978 978 978 978 978 978 978 978 978 978 981 0 0 0 0 0 995
    995 992 989 989 987 987 989 989 989 989 989 987 987 987 987 989 989
    987 987 987 984 984 987 987 987 987 987 987 987 987 987 987 987 987
    987 987 984 984 984 984 984 984 984 984 984 984 981 981 981 981 984
    984 984 981 981 984 984 984 984 981 981 981 981 981 984 984 984 981
    981 981 981 981 981 981 981 981 978 978 981 984 984 984 981 981 981
    981 981 981 981 981 981 981 981 978 978 978 984 0 0 0 0 0 995 995
    992 989 989 989 989 989 989 989 989 989 989 989 989 989 989 989 989
    989 987 987 987 987 987 987 987 987 987 987 987 987 987 987 987 987
    987 987 984 984 984 984 984 984 984 984 984 984 984 984 984 984 984
    984 984 984 984 984 984 984 984 984 984 984 984 987 984 984 984 984
    984 984 981 981 981 981 981 981 981 984 987 984 984 981 981 981 981
    984 981 981 981 981 981 981 981 978 978 0 0 0 0 0 989 989 995 992
    989 989 989 989 992 989 989 989 989 989 989 989 989 989 989 989 989
