<?xml version="1.0"?>
<opencv_storage>
<Depth18562 type_id="opencv-matrix">
  <rows>17</rows>
  <cols>26</cols>
  <dt>w</dt>
  <data>
    750 749 747 744 741 736 734 731 730 728 723 723 722 720 720 2560
    2541 2503 2503 2503 2485 2450 2415 2415 2398 1722 752 750 747 747
    747 738 738 2503 2503 2639 2639 2618 2618 2579 2560 2541 2522 2485
    2485 2485 2467 2432 2415 2398 2398 1713 757 2398 2398 2415 2541 2541
    2522 2503 2503 2618 2618 2598 2598 2579 2560 2541 2522 2485 2485
    2467 2432 2415 2415 2398 2398 1705 2415 2398 2398 2415 2450 2503
    2522 2522 2522 2560 2598 2598 2598 2560 2541 2541 2503 2467 2467
    2467 2432 2415 2398 2398 2381 1705 2415 2398 2398 2415 2415 2432
    2503 2522 2522 2522 2560 2579 2579 2541 2541 2541 2485 2467 2467
    2467 2432 2415 2398 2398 2365 2365 2432 2415 2398 2398 2398 2398
    2415 2467 2485 2485 2503 2522 2522 2522 2522 2522 2467 2467 2467
    2450 2432 2415 2398 2381 2349 1705 2415 2398 2398 2381 2381 2381
    2381 2398 2450 2467 2467 2415 2415 2450 2467 2485 2467 2450 2450
    2432 2415 2398 2398 2381 2349 1705 2415 2398 2398 2381 2365 2365
    2349 2349 2365 2415 2432 2398 2398 2415 2432 2450 2450 2432 2432
    2432 2415 2398 2398 2349 2349 2349 2381 2398 2381 2381 2365 2349
    2333 2333 2333 2365 2381 2381 2381 2398 2398 2398 2415 2415 2415
    2415 2415 2398 2381 2349 2333 2333 2381 2381 2381 2381 2365 2349
    2333 2333 2333 2349 2365 2365 2381 2381 2398 2398 2398 2381 2381
    2398 2398 2398 2365 2349 2333 2317 2398 2381 2381 2365 2349 2333
    2333 2333 2333 2333 2349 2349 2365 2365 2365 2365 2365 2381 2381
    2398 2398 2381 2365 2349 2333 2317 2789 2365 2365 2349 2333 2333
    2333 2333 2333 2333 2333 2349 2365 2349 2349 2349 2349 2349 2365
    2381 2381 2381 2349 2333 2333 2317 2789 2365 2333 2333 2333 2333
    2333 2333 2333 2333 2333 2349 2349 2349 2333 2333 2333 2333 2333
    2365 2365 2365 2349 2333 2333 2317 2789 2789 2333 2301 2301 2317
    2317 2317 2333 2333 2333 2349 2349 2333 2333 2333 2333 2333 2333
    2365 2365 2365 2349 2333 2333 2317 2789 2767 2744 2301 2301 2317
    2317 2317 2333 2333 2349 2349 2349 2333 2333 2333 2333 2333 2333
    2349 2365 2349 2349 2333 2333 2271 2767 2744 2723 2701 2680 2317
    2317 2317 2317 2333 2349 2349 2349 2333 2333 2333 2333 2333 2333
    2349 2349 2349 2349 2333 2333 2256 2767 2744 2723 2701 2680 2680
    2659 2317 2317 2349 2349 2349 2349 2333 2333 2333 2333 2333 2333
    2349 2349 2349 2333 2333 2271 2241</data></Depth18562>
</opencv_storage>
