<?xml version="1.0"?>
<opencv_storage>
<Depth2432 type_id="opencv-matrix">
  <rows>8</rows>
  <cols>38</cols>
  <dt>w</dt>
  <data>
    5056 5132 5132 5132 5132 5056 5056 5132 5132 5132 5132 5132 5132
    5132 5132 5132 5210 5210 5291 5291 5210 5210 5210 5291 5374 5374
    5291 5291 5291 5291 5291 5291 5291 5374 5374 5374 5374 5374 4983
    5056 5132 5132 5132 5132 5132 5132 5132 5132 5132 5132 5132 5132
    5132 5132 5210 5210 5291 5291 5291 5291 5291 5291 5291 5374 5291
    5291 5291 5291 5291 5291 5291 5374 5374 5374 5374 5460 4983 5056
    5132 5132 5056 5056 5056 5132 5132 5132 5132 5132 5132 5132 5132
    5210 5210 5210 5291 5291 5291 5291 5291 5291 5291 5291 5291 5291
    5291 5291 5291 5291 5374 5374 5374 5374 5374 5374 5056 5056 5056
    5056 5056 5056 5056 5132 5132 5132 5132 5132 5132 5132 5132 5210
    5291 5291 5291 5291 5210 5210 5291 5291 5291 5291 5291 5291 5291
    5291 5291 5291 5291 5291 5374 5374 5374 5374 5056 5056 5056 5056
    5132 5132 5132 5056 5056 5132 5132 5056 5056 5056 5132 5132 5291
    5291 5210 5210 5210 5210 5291 5291 5291 5291 5291 5374 5374 5291
    5291 5291 5291 5291 5374 5374 5374 5460 5056 5132 5132 5132 5056
    5056 4983 4983 4983 5056 5132 5056 5056 5056 5132 5132 5210 5291
    5210 5210 5210 5210 5210 5291 5291 5291 5291 5291 5291 5291 5291
    5291 5291 5291 5374 5374 5374 5460 5132 5132 5132 5132 5056 4983
    4983 4911 4911 4911 5056 5056 5056 5132 5132 5132 5210 5291 5291
    5210 5210 5210 5210 5210 5210 5210 5210 5210 5210 5210 5291 5291
    5291 5291 5374 5374 5460 5460 5132 5132 5132 5132 5132 4983 4842
    4842 4911 4911 5056 5056 5056 5056 5056 5132 5210 5291 5291 5291
    5210 5210 5210 5210 5210 5210 5210 5210 5210 5210 5210 6889 6889
    5374 5374 5374 5460 5460</data></Depth2432>
</opencv_storage>
