<?xml version="1.0"?>
<opencv_storage>
<Depth9332 type_id="opencv-matrix">
  <rows>68</rows>
  <cols>52</cols>
  <dt>w</dt>
  <data>
    4241 4241 4190 4190 4190 4241 4190 4190 4139 4139 4139 4190 4241
    4241 4241 4241 4241 4190 4190 4241 4190 4190 4190 4190 4190 4190
    4190 4190 4139 4139 4139 4139 0 4139 4139 0 1219 1219 1219 1219 1219
    1223 1219 1219 1236 1236 1236 1236 1241 1241 4089 4041 4241 4241
    4190 4190 4190 4190 4241 4190 4190 4190 4190 4190 4241 4241 4241
    4241 4241 4241 4241 4295 4295 4241 4241 4241 4241 1090 1090 1090
    1105 1108 0 0 0 0 0 0 1202 1202 1202 1202 1210 1210 1210 1214 1214
    1219 1223 1236 1236 1236 1236 4089 4241 4241 4190 4190 4190 4190
    4241 4241 4241 4241 4190 4190 4241 4241 4241 4241 1087 1087 1087
    1087 1084 1080 1080 1080 1090 1090 1090 0 0 0 0 0 0 1153 1153 1153
    1202 1202 1197 1197 1202 1202 1206 1210 1210 1214 1219 1227 1232
    1232 1232 1232 4241 4190 4190 1115 1115 1115 1112 1112 1112 1115
    1115 1115 1112 1090 1080 0 1084 1087 1087 1087 1080 1080 1080 1080
    1090 1090 1090 1097 1105 1108 0 0 0 0 1153 1153 1153 1153 1165 1173
    1185 1193 1193 1202 1202 1210 1214 1227 1232 1232 1232 0 4241 4190
    1123 1115 1115 1115 1112 1112 1115 1115 1115 1112 0 0 0 1080 1084
    1084 1080 1080 1080 1080 1080 1080 1087 1087 1090 1097 1105 1108 0
    1119 0 1134 1134 1149 1149 1153 1161 1165 1173 1185 1185 1197 1202
    1210 1214 1227 1232 1232 1232 1245 1130 1130 1123 1119 1115 1115
    1112 1112 1112 1112 1112 1112 1090 1090 1087 1080 1080 1080 1080
    1080 1080 1077 1077 1080 1084 1087 1090 1097 1101 1108 1115 1119
    1126 1130 1134 1141 1145 1149 1157 1165 1173 1181 1185 1197 1202
    1214 1219 1227 1232 1236 1245 1245 1126 1119 1119 1115 1115 1112
    1112 1108 1105 1101 1094 1094 1090 1090 1087 1084 1080 1080 1077
    1077 1077 1073 1073 1077 1080 1087 1090 1094 1097 1101 1108 1115
    1123 1130 1134 1141 1145 1149 1157 1165 1173 1181 1185 1197 1202
    1206 1219 1227 1232 1232 1245 1245 1126 1119 1119 1115 1112 1108
    1108 1105 1105 1097 1094 1094 1090 1090 1087 1084 1080 1080 1077
    1073 1070 1070 1070 1073 1077 1080 1087 1094 1097 1101 1108 1115
    1123 1123 1134 1141 1149 1153 1161 1169 1173 1185 1189 1197 1202
    1206 1219 1227 1227 1232 1236 1236 1126 1123 1119 1115 1112 1108
    1108 1105 1105 1094 1094 1094 1090 1087 1080 1080 1080 1080 1077
    1070 1067 1067 1067 1073 1077 1080 1087 1094 1097 1101 1108 1115
    1123 1123 1134 1141 1149 1153 1161 1169 1177 1181 1189 1193 1197
    1206 1214 1223 1227 1232 1236 1236 1126 1119 1119 1115 1112 1112
    1108 1105 1101 1094 1094 1090 1090 1087 1080 1080 1077 1077 1070
    1067 1067 1067 1067 1070 1077 1080 1090 1094 1097 1101 1108 1115
    1119 1126 1134 1141 1149 1153 1157 1165 1173 1181 1189 1193 1197
    1206 1214 1223 1227 1232 1236 1236 1130 1119 1119 1115 1112 1112
    1105 1105 1097 1094 1094 1090 1090 1087 1080 1080 1077 1073 1067
    1063 1063 1067 1067 1070 1073 1080 1087 1090 1097 1105 1108 1115
    1119 1123 1130 1141 1145 1149 1157 1165 1173 1181 1189 1193 1197
    1206 1214 1223 1227 1232 1232 1236 1126 1119 1119 1115 1112 1112
    1105 1105 1097 1094 1094 1090 1090 1087 1084 1080 1077 1073 1067
    1063 1063 1067 1067 1070 1073 1080 1087 1090 1097 1105 1108 1115
    1119 1123 1126 1141 1145 1149 1157 1165 1173 1181 1189 1193 1197
    1206 1214 1219 1227 1232 1236 1236 1123 1119 1119 1115 1112 1112
    1105 1105 1101 1094 1094 1090 1090 1087 1084 1080 1077 1073 1067
    1063 1063 1067 1067 1070 1077 1080 1087 1094 1097 1101 1108 1115
    1119 1123 1126 1141 1145 1149 1153 1161 1173 1181 1189 1193 1197
    1202 1214 1219 1227 1232 1236 1236 1119 1119 1119 1119 1112 1112
    1108 1105 1101 1097 1094 1090 1090 1087 1084 1080 1077 1073 1070
    1067 1067 1067 1067 1067 1073 1080 1084 1090 1097 1101 1108 1115
    1119 1123 1130 1141 1145 1149 1153 1161 1173 1181 1189 1193 1197
    1202 1214 1219 1223 1227 1227 1227 1119 1115 1115 1115 1112 1112
    1108 1105 1101 1097 1094 1094 1090 1087 1084 1080 1080 1073 1070
    1067 1067 1067 1067 1067 1073 1080 1084 1090 1094 1101 1108 1115
    1119 1123 1134 1138 1145 1149 1153 1165 1173 1181 1189 1193 1202
    1206 1210 1219 1223 1227 1227 0 1119 1115 1115 1115 1112 1112 1108
    1105 1101 1097 1094 1090 1090 1090 1084 1080 1077 1073 1070 1067
    1067 1067 1067 1070 1073 1080 1084 1090 1094 1101 1108 1115 1119
    1123 1134 1138 1141 1149 1153 1165 1169 1177 1189 1193 1202 1206
    1210 1219 1223 1223 1223 1223 0 1115 1115 1112 1108 1105 1105 1101
    1101 1097 1094 1090 1090 1090 1084 1080 1077 1073 1070 1067 1063
    1063 1067 1070 1073 1080 1084 1090 1094 1097 1108 1119 1119 1123
    1130 1138 1141 1145 1153 1165 1169 1177 1193 1197 1202 1206 1210
    1214 1223 1223 1223 1223 0 1115 1115 1112 1108 1105 1105 1101 1101
    1097 1094 1090 1090 1087 1084 1080 1077 1073 1070 1067 1063 1063
    1067 1070 1073 1080 1084 1090 1094 1097 1108 1119 1123 1126 1130
    1138 1141 1145 1153 1161 1169 1181 1189 1193 1197 1206 1210 1214
    1223 1223 1223 1223 0 1119 1115 1112 1112 1108 1105 1101 1101 1097
    1094 1090 1087 1087 1084 1080 1077 1073 1067 1063 1063 1063 1067
    1070 1073 1080 1087 1090 1094 1097 1108 1119 1123 1126 1134 1138
    1141 1145 1153 1157 1169 1177 1189 1193 1197 1206 1210 1214 1219
    1223 1223 1223 1115 1115 1115 1112 1112 1108 1105 1101 1101 1097
    1094 1090 1087 1084 1080 1080 1077 1073 1067 1063 1063 1063 1067
    1067 1073 1080 1087 1090 1094 1097 1108 1115 1119 1123 1134 1138
    1141 1149 1153 1157 1169 1177 1189 1193 1197 1202 1210 1214 1219
    1223 1223 1223 1115 1115 1115 1112 1108 1108 1105 1105 1101 1097
    1094 1090 1087 1084 1080 1080 1077 1073 1070 1063 1063 1063 1067
    1067 1070 1077 1084 1090 1097 1097 1105 1112 1115 1123 1134 1141
    1145 1149 1153 1157 1169 1181 1185 1193 1197 1202 1210 1214 1219
    1227 1227 1227 1119 1119 1115 1112 1108 1108 1105 1105 1101 1094
    1094 1090 1087 1080 1080 1077 1077 1073 1070 1063 1063 1063 1067
    1067 1070 1077 1080 1087 1094 1101 1105 1112 1115 1123 1134 1138
    1145 1149 1153 1157 1169 1181 1185 1193 1197 1206 1210 1214 1219
    1227 1227 0 1119 1119 1115 1112 1108 1108 1105 1105 1101 1094 1094
    1090 1084 1080 1080 1077 1077 1073 1070 1063 1063 1063 1067 1067
    1073 1077 1080 1087 1094 1097 1105 1112 1115 1123 1130 1138 1145
    1149 1153 1153 1169 1181 1185 1193 1197 1206 1214 1214 1219 1227
    1232 0 1119 1119 1115 1115 1108 1108 1105 1105 1101 1094 1094 1087
    1084 1080 1080 1077 1077 1073 1067 1063 1063 1063 1067 1067 1073
    1077 1084 1087 1094 1097 1105 1112 1115 1123 1130 1138 1141 1149
    1153 1153 1169 1181 1181 1185 1197 1206 1214 1219 1219 1227 1232 0
    1115 1115 1112 1105 1105 1108 1105 1105 1101 1094 1090 1087 1080
    1080 1077 1077 1077 1073 1067 1067 1063 1063 1063 1067 1073 1077
    1084 1087 1094 1097 1105 1112 1115 1119 1123 1138 1141 1149 1153
    1157 1169 1181 1181 1185 1197 1206 1214 1219 1223 1227 1232 0 1115
    1115 1112 1105 1105 1108 1105 1105 1097 1094 1090 1087 1080 1080
    1077 1077 1077 1073 1067 1067 1063 1063 1063 1067 1073 1077 1080
    1087 1094 1101 1105 1112 1115 1115 1123 1138 1145 1149 1153 1157
    1173 1185 1185 1185 1197 1206 1214 1219 1223 1227 1227 0 1119 1115
    1112 1105 1105 1108 1105 1101 1097 1094 1090 1084 1080 1080 1080
    1080 1077 1073 1067 1063 1063 1063 1063 1067 1070 1077 1080 1084
    1090 1101 1105 1108 1112 1115 1123 1130 1145 1149 1153 1161 1173
    1181 1185 1185 1197 1206 1214 1219 1223 1223 1223 0 1119 1115 1112
    1105 1105 1105 1105 1101 1097 1094 1090 1084 1080 1080 1080 1080
    1077 1073 1067 1063 1063 1063 1063 1067 1070 1080 1080 1084 1090
    1101 1105 1108 1112 1119 1123 1130 1149 1149 1153 1161 1173 1181
    1185 1185 1197 1206 1214 1219 1223 1223 1223 0 1119 1115 1112 1105
    1105 1105 1105 1101 1097 1094 1090 1087 1084 1080 1080 1077 1077
    1070 1067 1063 1063 1063 1063 1067 1070 1077 1080 1084 1090 1101
    1105 1108 1112 1119 1126 1138 1145 1149 1153 1161 1169 1181 1185
