<?xml version="1.0"?>
<opencv_storage>
<Depth9882 type_id="opencv-matrix">
  <rows>81</rows>
  <cols>9</cols>
  <dt>w</dt>
  <data>
    4582 4582 4582 4582 4522 4463 3468 3468 3433 4582 4582 4582 4582
    4522 4463 3468 3468 3468 4582 4582 4582 4582 4522 4463 3468 3468
    3468 4582 4582 4582 4582 4522 4463 3468 3468 3433 4522 4522 4522
    4582 3433 3433 3468 3468 3433 4522 4522 4522 4522 3433 3433 3468
    3468 3433 4582 4582 4522 3539 3503 3503 3468 3468 3433 4582 4582
    3503 3503 3539 3503 3468 3468 3468 4582 4582 3503 3503 3539 3539
    3503 3468 3468 4582 4522 3539 3539 3539 3539 3503 3468 3468 4582
    4522 3576 3539 3503 3468 3468 3503 3503 3653 3653 3576 3576 3503
    3468 3468 3503 3503 3539 3539 3614 3614 3539 3503 3503 3503 3503
    3539 3539 3614 3614 3576 3503 3503 3503 3503 4645 4645 3614 3614
    3539 3503 3503 3503 3503 4645 4645 4645 3614 3539 3539 3539 3503
    3503 4582 4645 4645 3539 3539 3539 3539 3503 3503 4522 4522 3576
    3576 3576 3576 3539 3539 3539 4522 3576 3576 3576 3576 3576 3576
    3539 3539 4349 3576 3576 3576 3576 3576 3576 3539 3503 4349 4349
    3576 3576 3576 3576 3576 3539 3503 4349 4405 3614 3576 3576 3539
    3539 3539 3503 4405 4405 3576 3539 3539 3503 3503 3503 3503 4405
    4405 3576 3539 3503 3503 3503 3503 3503 4463 4463 3576 3539 3503
    3503 3503 3503 3503 4582 4582 3539 3503 3503 3503 3503 3468 3468
    4582 4582 3539 3503 3503 3468 3468 3468 3468 4582 4582 3503 3503
    3503 3468 3468 3468 3468 4582 4582 3503 3503 3503 3503 3468 3468
    3468 4582 3503 3503 3503 3503 3503 3468 3468 3468 4645 3503 3503
    3539 3503 3503 3468 3468 3468 4645 4645 3539 3503 3468 3468 3468
    3468 3468 4645 3503 3503 3468 3468 3468 3468 3468 3468 4645 3503
    3433 3433 3468 3468 3468 3468 3468 3576 3503 3433 3433 3433 3433
    3468 3468 3468 3503 3468 3468 3433 3433 3433 3433 3433 3433 3433
    3433 3399 3399 3399 3433 3433 3433 3433 3433 3433 3399 3399 3399
    3433 3433 3433 3433 3433 3399 3399 3399 3399 3399 3433 3433 3433
    4463 3399 3399 3399 3399 3399 3399 3399 3433 4405 3433 3433 3399
    3399 3399 3399 3399 3399 3468 3468 3468 3433 3399 3399 3399 3399
    3399 3468 3433 3433 3433 3399 3399 3399 3399 3433 4349 3433 3433
    3433 3433 3399 3399 3399 3433 4349 3468 3433 3433 3433 3399 3365
    3365 3365 4349 3468 3433 3433 3433 3399 3365 3365 3365 3468 3468
    3468 3399 3399 3399 3365 3365 3365 3468 3468 3468 3365 3365 3365
    3365 3365 3365 3468 3468 3399 3365 3365 3365 3365 3365 3365 3433
    3433 3399 3365 3365 3365 3365 3365 3365 3433 3433 3365 3365 3365
    3333 3333 3333 3333 3333 3333 3333 3333 3333 3333 3333 3333 3333
    3333 3333 3333 3333 3333 3333 3333 3333 3333 3365 3365 3333 3333
    3333 3333 3333 3300 3300 3365 3365 3333 3333 3333 3333 3333 3300
    3300 3365 3365 3333 3333 3333 3333 3333 3300 3300 3365 3365 3333
    3333 3333 3333 3333 3333 3333 3399 3365 3333 3333 3333 3333 3333
    3333 3333 3365 3365 3333 3333 3333 3333 3333 3300 3300 3333 3333
    3333 3333 3333 3300 3300 3300 3300 4405 3333 3333 3300 3269 3269
    3269 3269 3300 4349 3333 3333 3300 3269 3269 3269 3269 3300 3333
    3333 3300 3300 3300 3300 3300 3300 3300 3269 3269 3269 3269 3300
    3300 3300 3300 3300 3238 3238 3238 3238 3238 3300 3300 3269 3269
    3208 3208 3238 3238 3238 3238 3238 3238 3238 3208 3208 3238 3238
    3238 3238 3238 3238 3238 3238 3238 3238 3238 3269 3269 3269 3208
    3208 3238 3238 3269 3269 3269 3269 3238 3208 3208 3238 3238 3238
    3238 3238 3238 3238 3238 3238 3269 3269 3238 3238 3238 3238 3238
    3238 3238 3269 3269 3238 3238 3238 3238 3238 3238 3238 3269 3269
    3238 3238 3238 3238 3238 3238 3238 3238 3238 3238 3238 3238 3238
    3238 3238 3238 3238 3238 3238 3238 3238 3208 3208 3238 3238 3208
    3208 3238 3238 3208 3208 3208 3208 3208 3208 3208 3238 3208 3208
    3208 3208 3208 3208 1496 3238 3238 3208 3208 3208 3208 3208 3208
    3238 3238 3238 3208 3208 3208 3208 3208 3208 3269 3238 3238 3208
    3208 3208 3208 3208 3208 3269 3238 3238 3208 3208 3178 3178 3178
    3178</data></Depth9882>
</opencv_storage>
