<?xml version="1.0"?>
<opencv_storage>
<Depth15981 type_id="opencv-matrix">
  <rows>7</rows>
  <cols>41</cols>
  <dt>w</dt>
  <data>
    4983 4842 4774 4774 4842 4842 4842 4911 4842 4842 4842 4842 4842
    4842 4842 4842 4774 4708 4645 4645 4645 4645 4645 4645 4645 4645
    4774 4645 4645 4582 4582 4582 4582 4522 4522 4522 4522 4522 4582
    4582 4522 4983 4983 4983 4983 4983 4842 4842 4842 4842 4842 4774
    4774 4842 4842 4774 4774 4774 4708 4708 4708 4708 4708 4645 4645
    4645 4645 4645 4582 4582 4582 4582 4522 4522 4522 4522 4522 4522
    4522 4522 4582 4522 4983 4983 4983 4983 4983 4911 4842 4842 4774
    4774 4774 4774 4842 4842 4774 4774 4774 4708 4708 4708 4708 4708
    4645 4645 4645 4645 4645 4582 4582 4582 4582 4522 4522 4522 4522
    4522 4522 4522 4522 4463 4463 4983 4983 4983 4983 4983 4911 4842
    4842 4774 4774 4774 4774 4842 4774 4774 4774 4774 4774 4774 4774
    4708 4708 4645 4645 4645 4645 4645 4582 4582 4582 4582 4582 4582
    4582 4522 4522 4522 4522 4522 4463 4463 4983 4983 4983 4983 4983
    4911 4842 4842 4774 4774 4774 4774 4842 4774 4774 4774 4774 4774
    4774 4774 4774 4774 4708 4708 4645 4645 4645 4582 4582 4582 4582
    4582 4582 4582 4522 4522 4522 4522 4522 4463 4463 4983 4983 4983
    4911 4911 4842 4842 4842 4774 4774 4774 4774 4842 4774 4774 4774
    4774 4774 4774 4774 4774 4774 4774 4774 4645 4645 4645 4582 4582
    4522 4522 4522 4522 4522 4522 4463 4463 4463 4463 4463 4463 4983
    4983 4983 4911 4911 4842 4842 4842 4774 4774 4774 4774 4842 4774
    4774 4774 4774 4774 4774 4774 4842 4774 4774 4774 4582 4582 4645
    4582 4582 4522 4522 4522 4522 4522 4522 4463 4463 4463 4463 0 0</data></Depth15981>
</opencv_storage>
