<?xml version="1.0"?>
<opencv_storage>
<Depth7516 type_id="opencv-matrix">
  <rows>34</rows>
  <cols>69</cols>
  <dt>w</dt>
  <data>
    3903 3903 1322 1322 1317 1307 1302 1302 1302 1302 3903 3903 3903
    3903 3903 3903 3903 3859 3859 3859 3859 3816 3816 3816 3816 3816
    3816 3816 3774 3774 3774 3774 3774 3774 3774 3653 3653 3774 3816
    3859 4089 4089 4139 4139 4349 4349 4349 4405 4405 4522 4522 0 0 3774
    3774 0 0 0 3576 3539 2789 2789 2859 2859 2883 2883 2812 2789 2789
    1328 1322 1322 1307 1302 1292 1292 1302 1302 1302 1302 0 0 1126 1130
    0 0 0 0 1130 1145 1141 1141 1149 3903 3903 3903 3903 3903 3903 3903
    3774 3774 3774 1101 1101 3653 4139 4139 4190 4190 4241 4295 4349
    4349 4349 4349 4405 4582 4582 4645 4645 4645 4645 4645 3539 0 3539
    3539 3539 3468 2883 2883 2883 2835 2835 2835 2812 0 1328 1328 1317
    1307 1288 1288 1288 1288 1288 0 0 0 0 0 0 1130 1130 1130 1130 1130
    1145 1141 1141 1149 1149 3903 3903 3903 3903 3903 0 1115 1101 1101
    1101 1101 4349 1138 1138 1141 4295 4295 4349 4349 4349 4349 4349
    4582 4582 4645 4645 4645 0 0 0 0 0 0 3468 3468 3468 2883 2883 2883
    2835 2812 2812 2812 0 1333 1328 1317 1312 1130 1126 1126 1126 0 1134
    1134 0 1126 1126 1130 1130 1130 1130 1130 1130 1145 1141 1141 1149
    1149 3948 3948 3948 3948 1101 1101 1115 1115 1126 1126 1126 1141
    1138 1138 1130 1130 1130 1119 1119 1119 4708 4708 4708 4708 4774
    4774 4774 0 0 0 0 0 0 0 1105 0 2908 2908 2908 2908 2812 2812 2812 0
    1333 1333 1322 1145 1130 1126 1126 1126 1126 1134 1134 1130 1126
    1126 1130 1130 1130 1130 1126 1126 1126 1130 1130 1145 1112 1105
    1101 1101 1101 1101 1101 1115 1115 1108 1108 1115 1115 1123 1134
    1126 1119 1119 1119 1119 1119 1094 1094 1094 1097 1094 0 0 0 0 0 0 0
    0 0 0 0 0 1090 1084 1077 1073 0 0 0 1333 1333 1322 1145 1138 1134
    1134 1134 1126 1126 1126 1119 1115 1115 1115 1119 1119 1119 1119
    1119 1119 1119 1115 1115 1108 1105 1101 1101 1101 1101 1105 1105
    1105 1105 1105 1105 1108 1108 1112 1105 1105 1105 1105 1105 1105
    1094 1094 1094 1097 1094 1094 1094 1094 1097 1097 1097 1097 1101
    1101 1105 1090 1090 1090 1084 1077 1073 0 0 0 1333 1328 1322 1312
    1145 1138 1138 1141 1141 1119 1119 1115 1115 1115 1115 1115 1112
    1112 1112 1112 1108 1108 1105 1105 1105 1101 1101 1101 1101 1101
    1101 1101 1101 1101 1105 1105 1105 1105 1101 1101 1101 1101 1097
    1094 1094 1090 1090 1090 1094 1094 1094 1090 1090 1090 1090 1090
    1094 1094 1094 1090 1087 1087 1084 1084 1077 1073 1073 1077 1077
    1333 1328 1322 1312 1307 1141 1134 1130 1123 1115 1115 1115 1115
    1115 1115 1115 1112 1108 1108 1105 1105 1105 1105 1105 1105 1101
    1101 1101 1101 1101 1101 1097 1097 1097 1101 1101 1101 1101 1097
    1097 1097 1097 1097 1094 1090 1090 1090 1090 1090 1090 1090 1090
    1090 1090 1090 1090 1090 1090 1090 1087 1087 1087 1084 1084 1077
    1073 1073 1077 1077 1333 1333 1322 1317 1278 1141 1134 1130 1123
    1115 1115 1115 1115 1115 1115 1115 1112 1108 1108 1105 1105 1105
    1105 1105 1105 1101 1101 1101 1101 1101 1097 1097 1097 1097 1101
    1101 1101 1101 1097 1097 1097 1097 1097 1094 1090 1090 1090 1090
    1090 1090 1090 1090 1090 1090 1090 1090 1090 1087 1087 1087 1087
    1087 1084 1084 1084 1080 1080 1077 1077 1338 1338 1328 1292 1278
    1141 1134 1130 1123 1119 1115 1115 1115 1115 1115 1115 1112 1108
    1108 1105 1105 1105 1105 1105 1105 1101 1101 1101 1101 1101 1097
    1097 1097 1097 1101 1101 1101 1101 1097 1097 1097 1097 1097 1094
    1094 1094 1090 1090 1090 1090 1090 1090 1090 1090 1090 1090 1090
    1087 1087 1087 1087 1087 1084 1084 1084 1084 1084 1077 1077 1338
    1338 1328 1292 1283 1138 1134 1130 1119 1115 1115 1115 1115 1115
    1115 1115 1112 1112 1112 1112 1108 1105 1105 1105 1105 1101 1101
    1101 1101 1101 1101 1101 1097 1097 1101 1101 1101 1101 1101 1101
    1097 1097 1097 1097 1097 1094 1094 1090 1090 1090 1094 1094 1094
    1090 1090 1090 1090 1087 1087 1087 1087 1087 1087 1084 1084 1084
    1084 1080 1077 1338 1338 1328 1312 1283 1138 1134 1130 1119 1115
    1115 1119 1115 1115 1115 1115 1112 1112 1112 1112 1112 1112 1108
    1105 1105 1101 1101 1101 1101 1101 1101 1101 1101 1101 1105 1101
    1101 1101 1101 1101 1097 1097 1097 1097 1097 1094 1094 1090 1090
    1094 1094 1090 1090 1090 1090 1090 1090 1087 1087 1087 1087 1087
    1087 1084 1084 1084 1084 1080 1077 1338 1338 1322 1312 1283 1278
    1278 1278 1278 1119 1119 1115 1115 1115 1115 1115 1112 1112 1112
    1112 1112 1112 1112 1108 1108 1105 1105 1105 1101 1101 1101 1101
    1101 1101 1105 1101 1101 1101 1101 1101 1101 1097 1097 1097 1097
    1094 1094 1094 1094 1094 1094 1090 1090 1090 1090 1090 1090 1087
    1087 1087 1087 1087 1087 1087 1087 1084 1080 1080 1077 1338 1338
    1322 1307 1292 1232 1232 1232 1181 1119 1119 1115 1115 1115 1115
    1115 1112 1112 1112 1112 1112 1112 1112 1108 1108 1105 1105 1105
    1105 1101 1101 1101 1101 1101 1105 1101 1101 1101 1101 1101 1101
    1101 1097 1097 1097 1097 1097 1097 1094 1094 1094 1090 1090 1090
    1090 1090 1090 1087 1087 1087 1087 1087 1087 1087 1087 1084 1080
    1080 1077 1333 1338 1333 1264 1250 1227 1227 1193 1181 1123 1119
    1119 1115 1115 1115 1115 1112 1112 1112 1115 1115 1112 1112 1112
    1108 1108 1108 1108 1105 1101 1101 1101 1101 1101 1105 1101 1101
    1101 1101 1101 1101 1101 1097 1097 1097 1097 1097 1097 1094 1094
    1094 1090 1090 1090 1090 1090 1090 1090 1090 1087 1087 1087 1087
    1087 1087 1084 1084 1084 1080 1333 1338 1333 1264 1250 1227 1227
    1193 1181 1119 1119 1119 1119 1119 1115 1115 1115 1115 1115 1115
    1115 1115 1112 1112 1112 1108 1108 1108 1105 1101 1101 1101 1101
    1101 1105 1105 1105 1101 1101 1101 1101 1101 1101 1101 1097 1097
    1097 1097 1097 1094 1094 1090 1090 1090 1090 1090 1090 1090 1087
    1087 1090 1087 1087 1087 1087 1084 1084 1084 1084 1338 1338 1292
    1264 1250 1236 1236 1189 1177 1119 1119 1119 1119 1119 1115 1115
    1115 1115 1115 1115 1115 1115 1112 1112 1112 1108 1108 1108 1105
    1105 1101 1101 1101 1101 1105 1105 1105 1105 1105 1101 1101 1101
    1101 1101 1101 1101 1101 1097 1097 1097 1094 1094 1094 1094 1094
    1090 1090 1090 1087 1087 1090 1087 1087 1087 1087 1087 1087 1087
    1084 1338 1338 1292 1268 1268 1268 1268 1185 1173 1123 1119 1119
    1119 1119 1119 1115 1115 1115 1115 1115 1115 1115 1112 1112 1112
    1108 1108 1108 1105 1105 1101 1101 1101 1101 1105 1105 1105 1105
    1105 1101 1101 1101 1101 1101 1101 1101 1101 1097 1097 1097 1097
    1094 1094 1094 1094 1090 1090 1090 1090 1090 1090 1087 1087 1087
    1087 1087 1087 1087 1087 0 0 0 1268 1268 1268 1268 1181 1153 1126
    1119 1119 1119 1119 1119 1115 1115 1115 1115 1115 1115 1115 1112
    1112 1112 1108 1108 1108 1105 1105 1105 1101 1101 1105 1105 1105
    1105 1105 1105 1101 1101 1101 1101 1101 1101 1101 1101 1101 1097
    1097 1097 1094 1094 1094 1094 1094 1090 1090 1090 1090 1090 1090
    1090 1087 1087 1087 1087 1087 1087 0 0 0 1268 1268 1268 1197 1181
    1153 1134 1126 1123 1119 1119 1119 1119 1115 1115 1115 1115 1115
    1115 1112 1112 1112 1112 1108 1108 1108 1108 1105 1105 1105 1105
    1108 1108 1105 1105 1105 1105 1105 1101 1101 1101 1101 1101 1101
    1101 1101 1097 1097 1097 1097 1097 1097 1094 1090 1090 1094 1094
    1094 1090 1090 1090 1090 1090 1090 1090 1087 0 0 0 0 0 1197 1197
    1185 1149 1134 1130 1126 1123 1123 1123 1119 1119 1115 1115 1115
    1115 1115 1112 1112 1112 1112 1108 1108 1108 1112 1108 1108 1105
    1105 1108 1108 1108 1105 1105 1105 1105 1105 1105 1105 1101 1101
    1101 1101 1101 1097 1097 1097 1097 1097 1097 1097 1094 1094 1094
    1094 1094 1094 1090 1090 1090 1090 1090 1090 1087 0 0 0 0 0 1210
    1197 1185 1149 1130 1130 1126 1123 1123 1123 1123 1123 1119 1119
    1115 1115 1115 1115 1115 1115 1115 1112 1112 1112 1112 1112 1108
    1108 1108 1112 1112 1112 1108 1108 1105 1105 1105 1105 1105 1101
    1101 1101 1101 1097 1097 1097 1097 1097 1101 1097 1097 1094 1094
    1097 1097 1097 1094 1094 1090 1090 1090 1090 1090 1087 0 0 0 0 0
