<?xml version="1.0"?>
<opencv_storage>
<Depth1454 type_id="opencv-matrix">
  <rows>108</rows>
  <cols>61</cols>
  <dt>w</dt>
  <data>
    3692 3692 3692 3653 3653 3653 3614 3614 3539 3539 3539 3539 3539
    3539 3503 1001 1001 1004 1001 1001 1001 1001 1001 1001 3399 3399
    3399 3399 3399 3365 3365 3365 3365 3333 3333 3269 3269 3269 3269
    3238 3238 3238 3238 3208 3178 3149 3149 3149 3149 3120 3120 3092
    3092 3092 3092 3092 3064 3064 3064 3064 3064 3692 3653 3653 3653
    3653 3653 3576 3539 3539 3539 3503 3503 3539 3539 3539 1001 1001
    1001 998 998 998 1001 1001 1004 1007 3365 3365 3365 3399 3399 3365
    3365 3365 3333 3333 3269 3269 3269 3269 3238 3238 3238 3238 3208
    3178 3149 3120 3120 3149 3120 3120 3092 3092 3092 3092 3092 3064
    3064 3064 3064 3037 3692 3653 3653 3653 3653 3614 3576 3539 3539
    3539 3503 3503 3539 1001 1001 1001 995 992 992 992 995 998 1001 1004
    1007 1010 1016 1022 3399 3399 3365 3365 3333 3333 3333 3333 3269
    3269 3269 3238 3238 3238 3238 3208 3178 3149 3120 3120 3149 3120
    3120 3092 3092 3092 3092 3064 3064 3064 3064 3064 3037 3692 3653
    3653 3653 3653 3614 3614 3614 1028 1022 1016 1013 1010 1001 1001 998
    992 992 992 992 995 998 1001 1001 1004 1010 1016 1022 1025 1028 1031
    1034 1038 1038 3333 3333 3269 3269 3269 3269 3238 3238 3238 3208
    3178 3149 3149 3149 3120 3120 3120 3120 3092 3092 3092 3064 3064
    3064 3064 3064 3037 3692 3692 3653 3653 1044 1041 1034 1031 1028
    1022 1016 1013 1010 1004 1001 995 992 992 992 992 992 995 1001 1001
    1004 1010 1016 1022 1025 1028 1028 1031 1038 1038 1044 1047 1047
    3269 3269 3269 3238 3238 3238 3208 3208 3149 3149 3149 3120 3120
    3120 3120 3092 3092 3092 3064 3064 3064 3064 3064 3064 1057 1057
    1054 1047 1044 1038 1031 1028 1028 1025 1019 1016 1007 1004 998 992
    992 989 989 989 992 995 1001 1004 1007 1010 1016 1022 1025 1028 1028
    1031 1038 1041 1044 1047 1060 1063 1063 1077 1077 1080 1084 3208
    3208 3178 3149 3149 3149 3120 3120 3120 3092 3092 3064 3064 3064
    3064 3064 3064 3064 1057 1054 1050 1047 1041 1034 1031 1028 1025
    1022 1019 1016 1007 1004 998 992 992 989 989 989 992 992 1001 1004
    1007 1010 1013 1019 1025 1025 1028 1031 1038 1044 1050 1050 1057
    1063 1067 1067 1077 1077 1084 1087 1087 1087 3178 3178 3149 3149
    3120 3120 3092 3092 3064 3064 3064 3064 3064 3064 3037 1054 1054
    1050 1044 1041 1034 1031 1028 1025 1022 1019 1016 1007 1004 1001 992
    992 989 989 989 992 992 1001 1004 1010 1010 1013 1019 1025 1025 1028
    1031 1038 1044 1050 1050 1057 1063 1067 1067 1077 1077 1084 1087
    1087 1090 1090 1090 3149 3149 3120 3092 3092 3092 3064 3064 3092
    3092 3064 3064 3037 1054 1054 1050 1044 1041 1034 1031 1028 1025
    1022 1016 1013 1007 1004 1001 992 992 989 989 992 992 995 1001 1004
    1010 1010 1013 1019 1025 1025 1028 1031 1038 1041 1047 1050 1057
    1063 1067 1067 1073 1073 1080 1084 1087 1090 1090 1097 1101 1101
    1112 1115 1119 3092 3064 3064 3064 3064 3037 3037 3037 1054 1050
    1050 1044 1041 1034 1031 1028 1025 1022 1016 1013 1007 1004 1001 995
    992 989 989 992 992 995 1001 1004 1007 1010 1013 1016 1025 1025 1028
    1031 1038 1041 1047 1050 1054 1063 1067 1067 1073 1073 1080 1080
    1090 1094 1097 1097 1101 1101 1112 1115 1119 1126 1130 1134 1138
    1141 3037 3037 3037 1054 1050 1050 1044 1038 1034 1031 1028 1025
    1022 1016 1010 1004 1004 998 995 992 992 992 992 992 995 1001 1004
    1007 1010 1013 1016 1025 1025 1028 1031 1038 1041 1044 1050 1054
    1063 1067 1067 1073 1073 1077 1080 1090 1094 1097 1101 1101 1105
    1115 1119 1123 1126 1130 1134 1138 1141 1141 1145 3010 1054 1054
    1047 1041 1038 1034 1031 1025 1025 1022 1016 1010 1004 1004 998 995
    989 989 989 989 992 995 998 1004 1004 1010 1013 1019 1025 1025 1028
    1031 1034 1038 1044 1050 1057 1063 1067 1067 1073 1073 1077 1080
    1090 1094 1097 1101 1101 1108 1112 1119 1123 1126 1134 1138 1141
    1145 1145 1145 3010 1054 1050 1047 1041 1038 1034 1031 1025 1025
    1019 1016 1010 1004 1004 998 995 989 989 989 989 992 995 998 1001
    1004 1007 1013 1019 1022 1025 1028 1031 1034 1038 1041 1050 1057
    1060 1063 1067 1073 1073 1077 1080 1090 1094 1097 1101 1105 1108
    1112 1115 1123 1126 1134 1138 1145 1145 1141 1141 1141 1050 1050
    1047 1041 1038 1034 1031 1028 1022 1019 1016 1010 1004 1004 998 992
    989 989 989 989 992 995 998 1001 1004 1007 1013 1016 1022 1025 1031
    1031 1034 1038 1041 1050 1057 1060 1063 1067 1073 1073 1077 1080
    1087 1090 1097 1101 1105 1108 1112 1115 1123 1126 1130 1134 1141
    1145 1141 1141 1141 1050 1050 1047 1041 1038 1034 1034 1028 1022
    1019 1016 1010 1007 1001 995 992 989 989 989 989 992 992 995 1001
    1004 1010 1013 1016 1022 1025 1031 1031 1038 1038 1041 1050 1054
    1060 1063 1067 1073 1073 1077 1080 1084 1090 1097 1101 1105 1108
    1112 1115 1123 1126 1130 1134 1138 1145 1145 1145 1145 1050 1050
    1047 1041 1041 1038 1034 1028 1025 1019 1016 1010 1004 1001 995 992
    989 989 989 989 989 992 995 1001 1004 1007 1013 1016 1019 1025 1031
    1031 1038 1038 1041 1050 1054 1057 1063 1067 1070 1073 1073 1077
    1080 1090 1097 1101 1105 1108 1112 1115 1119 1126 1130 1130 1134
    1141 1145 1145 0 1050 1050 1047 1041 1041 1038 1031 1028 1025 1019
    1013 1010 1004 1001 995 992 992 989 989 989 989 992 995 1001 1004
    1007 1013 1016 1019 1025 1031 1031 1034 1038 1044 1050 1054 1057
    1063 1067 1070 1073 1073 1077 1080 1087 1094 1097 1101 1108 1112
    1115 1119 1123 1130 1130 1134 1141 1145 1145 0 1054 1050 1047 1041
    1041 1038 1031 1028 1022 1019 1013 1010 1004 1001 995 992 992 989
    989 989 989 992 995 1001 1004 1010 1013 1013 1016 1025 1031 1031
    1034 1038 1044 1050 1054 1057 1060 1067 1070 1070 1073 1077 1080
    1087 1090 1094 1101 1105 1112 1115 1119 1123 1130 1130 1134 1141
    1145 1145 0 1054 1050 1047 1041 1038 1034 1031 1025 1022 1016 1013
    1010 1004 1001 998 992 989 989 989 989 989 992 995 1001 1004 1007
    1010 1013 1016 1025 1028 1031 1034 1038 1044 1050 1054 1057 1060
    1067 1070 1070 1073 1077 1084 1087 1090 1094 1101 1105 1112 1115
    1119 1123 1126 1130 1134 1138 1141 1141 1149 1054 1050 1047 1041
    1038 1034 1028 1025 1022 1016 1013 1007 1004 1001 998 992 989 989
    987 987 989 992 995 1001 1004 1007 1010 1013 1016 1025 1028 1034
    1034 1038 1044 1050 1054 1060 1060 1063 1070 1070 1073 1077 1080
    1087 1090 1094 1101 1105 1108 1115 1119 1119 1126 1130 1134 1138
    1141 1149 1149 1054 1050 1047 1041 1038 1034 1028 1025 1019 1016
    1013 1007 1004 1001 998 992 989 987 987 987 989 992 995 1001 1004
    1007 1007 1013 1016 1025 1028 1034 1034 1038 1041 1050 1054 1060
    1060 1063 1070 1070 1073 1077 1077 1084 1090 1094 1101 1101 1108
    1112 1119 1119 1126 1130 1134 1138 1138 1145 1145 1054 1050 1047
    1041 1038 1031 1028 1025 1019 1016 1010 1004 1004 1001 998 992 989
    987 987 987 987 992 995 1001 1004 1004 1007 1013 1016 1025 1028 1031
    1031 1038 1041 1050 1054 1057 1060 1063 1067 1070 1073 1077 1077
    1084 1090 1097 1101 1101 1108 1112 1119 1119 1126 1130 1134 1138
    1138 1145 1145 1054 1050 1047 1041 1038 1031 1028 1025 1022 1016
    1010 1004 1004 1001 998 992 989 989 987 987 987 992 995 998 1001
    1004 1007 1013 1016 1025 1028 1031 1031 1038 1044 1050 1054 1057
    1060 1063 1067 1070 1073 1077 1077 1084 1090 1097 1101 1101 1105
    1112 1115 1119 1123 1130 1130 1138 1141 1145 1145 1054 1050 1044
    1041 1038 1034 1028 1025 1022 1013 1010 1004 1004 1001 998 992 989
    989 989 989 989 992 992 998 1001 1004 1010 1013 1016 1022 1028 1031
    1031 1038 1044 1047 1054 1054 1060 1063 1067 1070 1073 1073 1077
    1084 1090 1097 1101 1101 1105 1112 1115 1119 1123 1130 1130 1134
    1138 1138 1138 1050 1047 1044 1041 1038 1031 1028 1025 1022 1013
    1010 1007 1004 1001 995 992 989 987 987 987 989 992 992 998 1001
    1004 1010 1013 1019 1022 1028 1031 1031 1038 1041 1044 1050 1054
    1060 1063 1067 1070 1073 1073 1077 1084 1090 1097 1097 1101 1105
