<?xml version="1.0"?>
<opencv_storage>
<Depth4943 type_id="opencv-matrix">
  <rows>22</rows>
  <cols>49</cols>
  <dt>w</dt>
  <data>
    4041 4041 4041 4041 4041 3994 3994 3994 3994 3994 4041 4041 4041
    4041 3994 3994 3948 3948 3948 3903 3903 3948 3948 3948 3948 3948
    3903 3903 3903 3903 3903 3903 2883 2883 3903 3903 3468 3399 3399
    2908 2908 2883 2883 2908 2908 2908 2933 2883 2883 4041 4041 4041
    4041 4041 4041 4041 3994 3994 3994 3994 4041 4041 3994 3948 3948
    3948 3948 3948 3903 3903 3948 3948 3948 3903 3903 3903 3903 3903
    3903 3903 2958 2883 2883 2883 2958 3433 3433 2933 2908 2908 2883
    2883 2908 2908 2908 2908 2883 2883 4041 4041 3994 3994 3994 3994
    3994 3948 3948 3948 3948 3994 3948 3948 3948 3948 3948 3903 3903
    3903 3948 3948 3948 3903 3903 3903 3903 2908 2883 2883 2908 2933
    2883 2883 2958 2958 2908 2908 2883 2883 2908 2908 2883 2883 2859
    2859 2883 2859 2859 4041 4041 3994 3948 3948 3948 3948 3948 3903
    3903 3903 3948 3903 3903 3903 3903 3903 3903 3903 3903 3948 3948
    3948 3903 3903 3903 2908 2908 2883 2883 2883 2883 2908 2859 2859
    2933 2883 2883 2883 2883 2883 2883 2883 2883 2859 2859 2859 2859
    2859 3859 3903 3903 3903 3903 3903 3903 3903 3903 3903 3903 3903
    3903 3903 3903 3903 3903 3903 3903 3948 2908 2883 2883 2883 2908
    2908 2908 2883 2859 2859 2859 2859 2883 2859 2859 2883 2883 2883
    2883 2883 2883 2883 2883 2859 2859 2859 2859 2859 2859 3732 3816
    3859 3903 3903 3903 3903 3903 3859 3859 3903 3903 3903 3903 3903
    2958 2958 2908 2883 2883 2883 2883 2883 2883 2883 2883 2883 2883
    2859 2859 2859 2859 2859 2859 2859 2883 2883 2883 2883 2883 2883
    2883 2883 2859 2859 2859 2859 2859 2859 3692 3732 3816 3859 3903
    3903 3859 3859 3859 2958 2933 2933 3903 3903 3903 2958 2958 2908
    2883 2883 2883 2883 2883 2883 2883 2883 2883 2859 2859 2859 2859
    2859 2859 2859 2859 2883 2883 2883 2883 2883 2883 2883 2883 2883
    2859 2859 2859 2859 2859 3653 3692 3732 3859 3903 3903 3859 3859
    2933 2933 2908 2859 2835 2835 2859 2908 2908 2883 2883 2883 2883
    2883 2859 2859 2859 2883 2883 2859 2859 2859 2859 2859 2859 2859
    2883 2883 2883 2883 2883 2883 2883 2883 2883 2883 2859 2859 2859
    2859 2859 3653 3653 3653 3774 3903 3903 3859 3816 2933 2933 2883
    2835 2812 2812 2835 2835 2859 2859 2859 2883 2859 2859 2859 2859
    2859 2883 2883 2859 2859 2859 2859 2883 2883 2883 2883 2883 2883
    2883 2883 2883 2883 2883 2883 2883 2883 2859 2859 2859 2859 3614
    3576 3576 2883 2859 2835 2835 2835 2859 2883 2859 2835 2812 2812
    2835 2835 2859 2859 2859 2859 2859 2859 2859 2859 2859 2883 2883
    2883 2859 2859 2859 2883 2883 2883 2883 2883 2883 2883 2883 2883
    2883 2883 2883 2883 2883 2859 2859 2859 2859 2859 2859 2859 2883
    2859 2835 2835 2835 2835 2835 2859 2835 2835 2835 2835 2835 2859
    2859 2859 2859 2859 2859 2859 2859 2859 2859 2859 2859 2859 2859
    2859 2883 2883 2883 2883 2883 2883 2883 2883 2883 2883 2883 2883
    2883 2859 2859 2859 2859 2859 2859 2859 2859 2859 2859 2859 2835
    2835 2812 2812 2835 2859 2859 2859 2835 2835 2859 2859 2859 2859
    2859 2859 2859 2859 2859 2859 2859 2859 2859 2859 2859 2883 2883
    2883 2883 2883 2883 2883 2883 2883 2883 2883 2883 2883 2859 2835
    2835 2835 2859 2835 2835 2835 2835 2859 2859 2835 2835 2812 2812
    2835 2859 2859 2859 2859 2859 2859 2859 2859 2859 2859 2859 2859
    2859 2859 2859 2859 2859 2859 2859 2883 2883 2883 2883 2883 2883
    2883 2883 2883 2883 2883 2883 2883 2883 2859 2835 2835 2835 2859
    2835 2835 2835 2835 2835 2859 2859 2835 2812 2812 2835 2859 2859
    2859 2859 2859 2859 2859 2859 2859 2859 2859 2859 2859 2859 2859
    2859 2859 2859 2859 2859 2883 2883 2883 2883 2883 2883 2883 2883
    2883 2883 2859 2859 2859 2859 2859 2859 2859 2859 2835 2835 2835
    2835 2835 2835 2835 2835 2835 2835 2835 2859 2859 2859 2859 2859
    2859 2859 2859 2859 2859 2859 2859 2859 2859 2859 2859 2859 2859
    2859 2859 2883 2883 2883 2883 2883 2883 2883 2883 2883 2883 2859
    2835 2835 2835 2859 2859 2859 0 2835 2835 2835 2835 2835 2835 2835
    2835 2812 2812 2835 2859 2859 2859 2859 2859 2859 2859 2859 2859
    2859 2883 2859 2859 2859 2859 2859 2859 2859 2859 2859 2859 2859
    2883 2883 2883 2883 2883 2883 2883 2883 2835 2835 2835 2835 0 0 0 0
    2835 2835 2835 2835 2835 2835 2835 2835 2812 2812 2835 2859 2859
    2859 2859 2859 2859 2859 2859 2859 2859 2883 2859 2859 2859 2859
    2859 2859 2859 2883 2883 2859 2859 2883 2883 2883 2908 2883 2883
    2883 2883 2835 2835 0 0 0 0 0 0 2835 2835 2835 2835 2835 2835 2835
    2812 2812 2812 2859 2859 2859 2859 2859 2859 2859 2859 2835 2835
    2859 2883 2859 2859 2835 2835 2859 2859 2859 2883 0 2859 2859 0 0 0
    0 0 2908 2908 0 0 0 0 0 0 0 0 0 2835 2835 2835 2835 2835 2835 2835
    2812 2812 2835 2859 2859 2859 2859 2835 2789 2789 2789 2812 2835
    2859 2859 2859 2859 2835 2835 2859 2859 0 0 0 0 0 0 0 0 0 0 0 0 0 0
    0 0 0 0 0 0 0 1947 2835 2835 2835 2835 2835 2812 2812 2835 2859 2859
    2835 2835 2812 2789 2789 2789 2789 2812 2835 2859 2859 2859 2859
    2859 2859 0 0 0 0 0 0 0 0 0 0 0 0 0 0 0 0 0 0 0 0 0 0 0 1904 1894
    1883 1883 2835 2835 2812 2812 2812 2835 2835 2812 2812 2812 2789
    2789 2789 2859 2883 2883 2883 2883 2883 0 0 0 0 0 0 0 0 0 0 0 0 0 0
    0 0 0 0 0 0 0 0 0 0 0 0 1904 1883 1883 1873 1873 1883 1883 2812 2812
    2812 2835 2812 2812 2812 2789 2789 2789 0 0 0 0 0 0 0 0 0 0 0 0 0 0
    0 0 0 0 0 0 0 0 0 0 0 0 0 0 0 0 0 0</data></Depth4943>
</opencv_storage>
