<?xml version="1.0"?>
<opencv_storage>
<Depth3852 type_id="opencv-matrix">
  <rows>50</rows>
  <cols>41</cols>
  <dt>w</dt>
  <data>
    2184 2170 2170 2170 2170 2170 2170 2271 2271 2271 2241 2241 2241
    3333 3333 3365 3365 3365 3365 3365 2156 2156 2156 2156 2984 2908
    2883 2883 2883 2883 2883 2883 2883 2859 2835 2835 2835 2835 2835
    2835 2835 2184 2184 2198 2170 2170 2170 3269 3238 2286 2286 3300
    3365 3365 3333 3333 3365 3399 3399 3399 2156 2156 2156 2156 2156
    2933 2908 2883 2883 2883 2883 2883 2883 2883 2835 2812 2812 2812
    2835 2835 2835 2835 2198 2212 2212 2212 2212 2212 3208 2241 2241
    2256 2256 2256 3365 3333 3333 3365 2116 2116 2129 2129 2156 2156
    2156 2156 2933 2908 2883 2883 2859 2859 2859 2883 2883 2835 2812
    2812 2812 2835 2812 2812 2812 2198 2212 2226 2226 2226 3208 3208
    2241 2226 2226 2226 2226 2226 2116 2116 2116 2116 2116 2129 2129
    2156 2156 2156 2156 2156 2883 2859 2859 2835 2835 2859 2883 2883
    2859 2812 2812 2812 2812 2812 2812 2812 2744 2789 2812 2812 2812
    3208 3208 2184 2184 2184 2184 2116 2103 2103 2103 2103 2116 2116
    2129 2129 2143 2143 2156 2156 2156 2883 2859 2835 2835 2835 2835
    2859 2859 2767 2767 2767 2767 2812 2789 2789 2789 2744 2789 2789
    2789 0 2170 2170 2170 2170 2170 2170 2116 2103 2103 2103 2103 2103
    2116 2116 2129 2143 2143 2156 2156 2156 2156 2859 2835 2835 2835
    2835 2835 2812 2744 2723 2723 2723 2744 2744 2744 2767 2744 2789
    2789 2789 2226 2170 2170 2170 2170 2156 2156 2116 2116 2103 2103
    2103 2103 2116 2116 2129 2129 2143 2143 2156 2156 2156 2859 2835
    2812 2812 2812 2812 2744 2723 2701 2701 2701 2723 2723 2723 2723
    2767 2789 2812 2812 2226 2212 2184 2170 2156 2156 2143 2116 2116
    2103 2103 2103 2103 2116 2116 2116 2129 2143 2143 2143 2156 2143
    2143 2812 2812 2812 2812 2789 2723 2701 2701 2680 2680 2680 2680
    2701 2701 2789 2812 2812 2226 2212 2212 2170 2170 2156 2156 2143
    2143 2116 2103 2103 2103 2103 2103 2116 2116 2129 2143 2143 2143
    2143 2143 2143 2812 2812 2812 2789 2789 2723 2680 2680 2680 2680
    2680 2680 2680 2680 2789 2812 2156 2156 2184 2198 2170 2170 2156
    2156 2129 2129 2116 2103 2103 2103 2103 2103 2116 2116 2116 2129
    2129 2143 2143 2143 2143 2789 2789 2812 2789 2789 2723 2680 2659
    2659 2659 2680 2680 2659 2659 2812 2212 2156 2156 2184 2198 2184
    2170 2156 2156 2129 2129 2116 2116 2103 2103 2103 2103 2103 2116
    2116 2129 2129 2143 2143 2143 2143 2156 2789 2789 2789 2767 2701
    2680 2659 2659 2659 2659 2659 2659 2659 2256 2212 2170 2170 2212
    2198 2184 2170 2170 2156 2156 2156 2129 2116 2103 2103 2103 2103
    2103 2103 2116 2116 2116 2129 2143 2143 2156 2143 2143 2789 2767
    2723 2680 2659 2659 2659 2659 2659 2659 2659 2659 2256 2226 2226
    2212 2212 2198 2198 2184 2170 2156 2156 2156 2143 2129 2103 2103
    2103 2103 2103 2103 2116 2116 2116 2129 2143 2143 2143 2143 2143
    2767 2744 2680 2680 2659 2659 2639 2639 2659 2659 2659 2659 2256
    2226 2226 2226 2212 2212 2198 2198 2184 2156 2156 2156 2143 2129
    2116 2103 2103 2103 2103 2103 2103 2103 2116 2116 2116 2143 2143
    2143 2143 2767 2744 2680 2659 2659 2639 2639 2639 2639 2639 2639
    2639 2271 2241 2226 2226 2212 2198 2198 2198 2184 2170 2156 2156
    2156 2143 2116 2116 2116 2103 2103 2103 2103 2103 2116 2116 2116
    2143 2143 2143 2143 2156 2170 2680 2659 2659 2639 2639 2639 2639
    2639 2639 2639 2271 2256 2226 2226 2212 2198 2198 2198 2184 2170
    2156 2156 2156 2156 2143 2116 2116 2103 2103 2103 2103 2103 2116
    2116 2116 2143 2143 2143 2143 2156 2170 2659 2659 2639 2639 2618
    2618 2639 2639 2639 2639 2271 2256 2241 2226 2212 2212 2212 2198
    2184 2170 2170 2170 2156 2156 2143 2116 2116 2103 2103 2103 2103
    2103 2116 2116 2116 2143 2143 2143 2156 2156 2170 2659 2659 2639
    2639 2618 2618 2639 2639 2639 2639 2271 2271 2256 2241 2226 2212
    2212 2198 2198 2184 2170 2170 2156 2156 2143 2116 2116 2103 2103
    2103 2103 2116 2116 2116 2116 2143 2143 2156 2156 2156 2170 2659
    2659 2639 2639 2618 2618 2639 2639 2639 2639 2271 2271 2256 2241
    2226 2212 2212 2198 2198 2184 2170 2170 2156 2156 2143 2116 2116
    2103 2103 2103 2103 2116 2116 2116 2129 2143 2143 2156 2156 2156
    2156 2170 2659 2639 2639 2618 2618 2639 2639 2639 2639 2286 2271
    2271 2256 2241 2226 2212 2212 2212 2198 2184 2170 2170 2156 2143
    2116 2116 2116 2103 2103 2103 2116 2116 2116 2116 2116 2116 2143
    2143 2143 2156 2156 2156 2639 2639 2618 2618 2639 2639 2639 2639
    2286 2286 2271 2256 2241 2226 2226 2212 2212 2198 2184 2170 2170
    2170 2156 2143 2116 2116 2103 2103 2103 2103 2103 2103 2116 2116
    2116 2116 2129 2143 2143 2143 2156 2170 2639 2639 2639 2639 2639
    2639 2639 4582 2286 2271 2271 2241 2241 2226 2212 2212 2198 2184
    2184 2170 2170 2156 2143 2116 2116 2103 2103 2103 2103 2103 2103
    2116 2116 2116 2116 2116 2143 2143 2143 2156 2156 2639 2639 2639
    2639 2639 2639 2639 4582 2286 2286 2271 2256 2241 2226 2226 2226
    2212 2198 2184 2170 2170 2156 2156 2129 2116 2103 2103 2103 2103
    2103 2103 2103 2116 2116 2116 2116 2129 2129 2143 2143 2156 2170
    2639 2639 2639 2639 2639 2618 4582 4582 2301 2271 2256 2241 2226
    2226 2212 2212 2198 2198 2184 2170 2170 2156 2129 2116 2103 2103
    2103 2103 2103 2103 2103 2116 2116 2116 2116 2129 2129 2143 2143
    2156 2170 2639 2639 2639 2639 2639 2618 4582 4582 2333 2271 2256
    2241 2226 2226 2212 2212 2212 2198 2184 2170 2170 2156 2129 2116
    2116 2103 2103 2103 2103 2103 2103 2103 2116 2116 2129 2129 2129
    2143 2143 2156 2156 2639 2639 2639 2639 2639 2639 4522 4522 4522
    2286 2271 2241 2226 2226 2212 2212 2212 2198 2184 2170 2170 2156
    2143 2129 2116 2116 2103 2103 2103 2103 2103 2103 2116 2116 2116
    2116 2129 2143 2143 2156 2156 2639 2639 2639 2639 2639 2639 4522
    4522 4582 2301 2286 2271 2241 2226 2226 2212 2212 2198 2184 2170
    2170 2156 2143 2129 2129 2116 2103 2103 2103 2103 2103 2103 2116
    2116 2116 2116 2129 2129 2143 2143 2143 2639 2618 2618 2639 2639
    2639 4582 4582 4582 2286 2286 2271 2256 2241 2226 2212 2212 2198
    2184 2184 2170 2170 2156 2143 2129 2116 2116 2103 2103 2103 2103
    2103 2103 2116 2116 2116 2129 2129 2143 2143 2129 2129 2598 2598
    2639 2639 2639 4582 4582 4582 2286 2286 2271 2256 2241 2226 2212
    2212 2198 2198 2184 2170 2156 2156 2143 2143 2129 2116 2116 2103
    2103 2103 2103 2103 2116 2116 2116 2129 2129 2129 2143 2129 2116
    2116 2598 2639 2639 2639 4582 4582 4582 4582 2301 2286 2271 2256
    2226 2226 2212 2212 2198 2198 2184 2156 2156 2156 2143 2129 2116
    2116 2103 2103 2103 2103 2103 2116 2116 2116 2116 2129 2129 2129
    2143 2116 2116 2116 2659 2639 2639 4582 4582 4582 4582 2317 2286
    2271 2271 2256 2241 2226 2212 2212 2212 2198 2170 2156 2156 2156
    2143 2116 2116 2103 2103 2103 2103 2103 2103 2116 2116 2116 2129
    2129 2129 2143 2143 2156 2723 2680 2680 2680 4582 4582 4582 4522
    2317 2286 2271 2271 2271 2256 2226 2226 2212 2212 2212 2170 2170
    2156 2156 2143 2129 2116 2103 2103 2103 2103 2103 2103 2103 2116
    2116 2129 2129 2129 2143 2143 2156 2170 2701 2680 2680 4582 4582
    4582 4522 4522 2286 2271 2271 2271 2256 2241 2226 2212 2212 2212
    2184 2170 2170 2156 2156 2143 2129 2116 2116 2103 2103 2103 2103
    2103 2116 2116 2129 2129 2129 2129 2129 2156 2156 2156 2723 2723
    4582 4582 4582 4522 4522 4463 2271 2271 2271 2256 2241 2226 2226
    2212 2212 2198 2170 2170 2156 2156 2156 2129 2116 2116 2103 2103
    2103 2103 2103 2103 2116 2116 2129 2129 2129 2129 2156 2156 2156
    2156 4463 4582 4582 4582 4522 4522 4463 4463 2286 2271 2271 2256
    2241 2226 2212 2212 2198 2184 2170 2156 2156 2156 2143 2129 2116
    2116 2103 2103 2103 2103 2103 2116 2116 2116 2129 2129 2129 2143
    2156 2156 2156 4463 4582 4582 4582 4582 4582 4522 4522 4522 2271
    2271 2256 2241 2226 2212 2212 2198 2184 2170 2170 2156 2156 2143
    2129 2116 2116 2103 2103 2103 2103 2103 2116 2116 2116 2116 2116
