<?xml version="1.0"?>
<opencv_storage>
<Depth17094 type_id="opencv-matrix">
  <rows>67</rows>
  <cols>56</cols>
  <dt>w</dt>
  <data>
    3732 3732 3692 3692 3653 3653 3614 1392 1381 1381 1381 1381 3539
    3539 3539 3503 3468 3433 3433 3433 3399 3365 3333 3333 3333 3333
    3269 3269 3238 3238 1410 1410 1410 1421 1421 1427 1433 3149 1452
    1445 1445 1445 1445 1445 1445 1445 3092 3064 3037 3037 3010 3010
    2984 2984 2984 2984 3732 3732 3692 3692 1398 1398 1392 1392 1381
    1381 1381 1376 1376 1376 1370 1365 1365 1322 1317 1317 3399 3365
    1392 1392 1392 1398 1398 1398 1398 1398 1404 1410 1410 1415 1421
    1421 1427 1427 1427 1433 1439 1433 1433 1439 1439 1439 1439 1433
    3037 3037 3010 2984 2984 2984 2984 2984 3732 3732 3732 3732 1398
    1392 1392 1387 1381 1376 1376 1376 1376 1376 1365 1338 1317 1317
    1317 1317 1322 3399 1392 1392 1392 1392 1387 1387 1387 1392 1398
    1404 1404 1410 1415 1421 1421 1421 1421 1427 1427 1427 1427 1433
    1427 1427 1433 1433 1433 3064 3037 2984 2984 2984 2984 2984 3732
    3732 3732 3732 1392 1392 1392 1387 1381 1376 1370 1365 1365 1359
    1349 1333 1317 1317 1317 1317 1317 1317 1338 1349 1354 1354 1376
    1376 1376 1376 1381 1392 1392 1398 1398 1421 1415 1415 1415 1415
    1421 1421 1415 1404 1398 1392 1392 1387 1387 1387 3064 3010 2984
    2984 2984 2958 3732 3732 3732 1398 1398 1392 1392 1387 1381 1370
    1365 1359 1349 1343 1338 1322 1317 1312 1307 1307 1307 1307 1312
    1322 1333 1343 1343 1343 1338 1333 1333 1343 1359 1359 1349 1349
    1354 1359 1359 1359 1365 1365 1381 1381 1381 1381 1381 1387 1387
    1381 1381 1381 3010 2984 2984 2958 3732 3774 3774 1398 1398 1392
    1392 1381 1376 1370 1359 1354 1343 1338 1333 1317 1312 1307 1302
    1302 1302 1307 1307 1312 1317 1317 1328 1328 1333 1328 1328 1333
    1333 1333 1333 1343 1349 1349 1354 1354 1354 1354 1365 1365 1365
    1370 1370 1370 1370 1370 1376 1376 1370 1365 1365 2958 3732 3732
    3732 1398 1398 1392 1387 1381 1376 1370 1359 1354 1343 1338 1333
    1317 1312 1307 1302 1302 1302 1307 1307 1307 1312 1312 1322 1322
    1322 1322 1322 1322 1328 1328 1328 1333 1333 1338 1338 1349 1349
    1349 1354 1354 1359 1365 1365 1365 1365 1365 1365 1370 1370 1365
    1365 1365 3732 3732 3732 3732 1398 1392 1381 1381 1376 1365 1359
    1349 1343 1338 1333 1317 1312 1307 1302 1302 1302 1307 1307 1307
    1312 1312 1312 1317 1317 1317 1317 1317 1322 1322 1328 1333 1333
    1333 1333 1338 1338 1338 1343 1349 1354 1359 1359 1359 1359 1359
    1359 1365 1370 1370 1370 1370 3692 3732 3732 3732 1398 1392 1381
    1376 1376 1365 1359 1349 1343 1338 1333 1317 1312 1307 1302 1302
    1302 1302 1307 1307 1312 1312 1312 1317 1317 1317 1317 1317 1322
    1322 1328 1333 1333 1333 1333 1333 1338 1338 1343 1349 1349 1354
    1354 1354 1359 1359 1359 1365 1365 1370 1370 1370 3692 3692 3692
    1392 1392 1392 1381 1376 1376 1365 1359 1349 1343 1338 1322 1312
    1312 1307 1307 1302 1302 1302 1307 1307 1312 1312 1312 1317 1317
    1317 1317 1317 1322 1328 1328 1333 1333 1333 1333 1333 1333 1338
    1343 1349 1349 1354 1354 1354 1359 1359 1359 1365 1365 1365 1365
    1370 3692 3692 3774 3774 1392 1392 1381 1376 1370 1365 1359 1349
    1338 1338 1322 1312 1312 1307 1307 1302 1302 1307 1307 1312 1312
    1312 1312 1312 1312 1317 1317 1317 1317 1322 1328 1333 1333 1333
    1333 1333 1333 1333 1343 1349 1354 1354 1354 1359 1359 1359 1359
    1359 1365 1365 1365 1365 3692 3692 3774 3774 1392 1392 1387 1376
    1370 1365 1359 1349 1338 1338 1317 1312 1307 1307 1307 1302 1302
    1307 1307 1307 1312 1312 1312 1312 1312 1317 1317 1317 1317 1322
    1328 1333 1333 1333 1333 1333 1333 1333 1343 1349 1349 1349 1354
    1354 1359 1359 1359 1359 1365 1365 1365 1365 3692 3692 3692 1392
    1392 1392 1387 1381 1370 1365 1359 1349 1343 1338 1317 1312 1307
    1307 1307 1307 1307 1307 1307 1307 1312 1312 1312 1312 1317 1317
    1317 1317 1317 1322 1328 1333 1333 1333 1333 1333 1333 1338 1343
    1349 1349 1349 1349 1354 1359 1359 1359 1359 1365 1365 1365 1365
    3692 3732 3732 1398 1398 1392 1387 1381 1370 1365 1359 1349 1343
    1333 1322 1312 1307 1307 1302 1302 1302 1307 1307 1307 1312 1312
    1312 1312 1317 1317 1317 1317 1317 1322 1328 1333 1333 1333 1333
    1333 1333 1338 1343 1343 1349 1349 1349 1354 1359 1359 1359 1359
    1365 1365 1365 1365 3692 3692 3692 1398 1398 1392 1387 1381 1365
    1359 1359 1349 1343 1333 1317 1312 1307 1302 1302 1302 1302 1307
    1307 1312 1312 1312 1312 1312 1317 1317 1317 1317 1317 1322 1328
    1333 1333 1333 1333 1333 1333 1333 1343 1343 1349 1349 1349 1354
    1359 1359 1359 1365 1365 1365 1365 1365 3692 3692 3692 1398 1398
    1392 1387 1376 1365 1359 1359 1354 1343 1333 1317 1312 1307 1302
    1302 1302 1302 1307 1307 1312 1312 1312 1312 1317 1317 1317 1317
    1317 1317 1322 1328 1333 1333 1333 1333 1333 1333 1333 1343 1343
    1349 1349 1354 1354 1359 1359 1359 1365 1365 1365 1365 1365 3732
    3732 1398 1398 1398 1392 1381 1376 1370 1359 1354 1349 1338 1328
    1317 1312 1307 1302 1302 1302 1302 1307 1307 1312 1312 1312 1317
    1317 1317 1317 1317 1317 1317 1322 1333 1333 1333 1333 1333 1333
    1333 1333 1343 1343 1349 1349 1354 1359 1359 1359 1359 1365 1365
    1365 1365 1365 3692 3692 3692 1398 1398 1387 1381 1376 1370 1365
    1354 1349 1338 1328 1317 1312 1307 1302 1302 1302 1302 1307 1307
    1312 1312 1312 1317 1317 1317 1317 1317 1317 1317 1322 1333 1333
    1333 1333 1333 1333 1333 1338 1343 1343 1349 1354 1354 1359 1359
    1365 1365 1365 1365 1365 1365 1365 3692 3692 1404 1398 1398 1387
    1381 1376 1365 1359 1354 1349 1338 1328 1317 1312 1307 1302 1302
    1302 1302 1307 1307 1312 1312 1312 1317 1317 1317 1317 1317 1317
    1317 1322 1333 1333 1333 1333 1333 1333 1333 1338 1343 1349 1349
    1354 1354 1359 1359 1359 1365 1365 1359 1359 1365 1359 3692 3692
    1404 1404 1398 1387 1381 1376 1365 1359 1354 1349 1338 1328 1317
    1312 1307 1302 1302 1302 1302 1307 1307 1312 1312 1312 1312 1317
    1317 1317 1317 1317 1317 1328 1333 1333 1333 1333 1333 1333 1338
    1338 1343 1349 1349 1354 1354 1359 1359 1359 1365 1365 1359 1359
    1365 1359 3692 3692 1404 1398 1398 1392 1381 1376 1365 1359 1354
    1349 1338 1328 1317 1312 1302 1302 1297 1297 1302 1307 1307 1312
    1312 1312 1312 1317 1317 1317 1317 1317 1317 1328 1328 1333 1333
    1333 1333 1333 1338 1338 1349 1349 1349 1354 1354 1359 1359 1359
    1359 1365 1359 1359 1359 1365 3692 3692 1404 1398 1398 1392 1387
    1376 1365 1359 1354 1349 1333 1322 1317 1312 1302 1302 1297 1297
    1302 1307 1307 1307 1312 1312 1312 1317 1317 1317 1317 1317 1322
    1328 1328 1333 1333 1333 1333 1333 1338 1338 1349 1349 1349 1349
    1354 1354 1359 1359 1359 1365 1359 1359 1359 1365 3692 3692 1398
    1398 1398 1392 1387 1376 1370 1365 1354 1349 1333 1322 1317 1307
    1302 1302 1302 1302 1302 1307 1307 1307 1312 1312 1312 1312 1317
    1317 1317 1317 1322 1328 1328 1333 1333 1333 1333 1333 1338 1338
    1349 1349 1349 1349 1354 1354 1359 1359 1359 1359 1359 1359 1359
    1365 3653 3653 1398 1392 1392 1392 1387 1376 1370 1359 1354 1343
    1333 1322 1312 1307 1302 1302 1302 1302 1307 1307 1307 1307 1312
    1312 1312 1312 1317 1317 1317 1317 1322 1328 1328 1333 1333 1333
    1333 1333 1338 1338 1349 1349 1349 1349 1354 1354 1359 1359 1359
    1359 1359 1359 1359 1365 3653 3653 1392 1392 1392 1387 1381 1370
    1365 1359 1354 1343 1328 1317 1312 1307 1302 1302 1302 1302 1307
    1307 1307 1307 1312 1312 1312 1312 1317 1317 1317 1317 1322 1333
    1333 1333 1333 1333 1333 1333 1338 1338 1349 1349 1349 1349 1354
    1359 1359 1359 1359 1359 1359 1365 1365 1365 3653 3653 1387 1387
    1387 1387 1381 1370 1365 1359 1349 1343 1328 1317 1312 1307 1302
    1302 1307 1307 1307 1312 1312 1312 1312 1312 1312 1312 1312 1317
    1317 1317 1328 1333 1333 1333 1333 1333 1333 1338 1338 1338 1349
    1349 1349 1354 1359 1359 1359 1359 1359 1365 1365 1365 1365 1365
    3653 3653 1387 1387 1387 1387 1381 1376 1365 1354 1349 1338 1328
    1317 1312 1307 1302 1302 1307 1307 1307 1312 1312 1312 1312 1312
