<?xml version="1.0"?>
<opencv_storage>
<Depth3456 type_id="opencv-matrix">
  <rows>8</rows>
  <cols>13</cols>
  <dt>w</dt>
  <data>
    0 4041 4041 4295 4295 4241 4241 0 0 4405 4405 0 0 4089 4041 4041
    4139 4241 4190 4190 4139 4139 4139 4241 4349 4405 4089 4089 4089
    4139 4241 4190 4190 4139 4139 4139 4241 4349 4349 4139 4089 4089
    4139 4295 4295 4241 4190 4190 4190 4349 4241 4241 4139 4190 4190
    4241 4241 4241 4241 4241 4241 4241 4349 4241 4241 4241 4295 4295
    4295 4241 4241 4190 4190 4241 4295 4295 4241 4241 4241 4295 4295
    4349 4295 4295 4190 4190 4241 4295 4295 4241 4241 4241 4295 4295
    4349 4349 4405 4405 4241 4241 4295 4295 4241 4241</data></Depth3456>
</opencv_storage>
