<?xml version="1.0"?>
<opencv_storage>
<Depth18626 type_id="opencv-matrix">
  <rows>55</rows>
  <cols>19</cols>
  <dt>w</dt>
  <data>
    2129 3208 3178 3149 2184 2184 2170 2156 2156 2156 2156 2156 2143
    2143 2143 2143 2143 2143 2143 2143 3149 3149 2256 2198 2184 2170
    2156 2156 2156 2156 2156 2143 2143 2143 2143 2143 2143 2143 2156
    3149 3120 2256 2212 2184 2170 2156 2156 2156 2156 2156 2143 2143
    2143 2143 2143 2143 2143 2156 3120 3092 2226 2212 2198 2184 2170
    2170 2170 2156 2156 2143 2143 2143 2143 2143 2143 2143 3149 3120
    3092 2226 2212 2198 2198 2184 2184 2170 2170 2170 2156 2156 2156
    2156 2156 2156 2156 3149 3120 3092 2212 2212 2212 2198 2198 2184
    2170 2170 2170 2156 2156 2156 2156 2156 2156 2156 3149 3120 3092
    2212 2212 2212 2198 2198 2198 2184 2170 2170 2170 2170 2170 2156
    2156 2156 2156 3149 3149 2212 2212 2212 2212 2212 2198 2198 2184
    2184 2170 2170 2170 2170 2156 2156 2156 2156 3178 3149 2198 2198
    2212 2212 2212 2198 2198 2184 2184 2170 2170 2170 2170 2156 2156
    2156 3238 3178 3178 2198 2198 2212 2212 2212 2198 2198 2198 2184
    2170 2170 2170 2170 2170 2156 2156 3269 3178 3178 2198 2198 2198
    2212 2212 2198 2198 2198 2184 2184 2170 2170 2170 2170 2170 2170
    3238 3178 3178 2198 2198 2198 2212 2212 2198 2198 2198 2198 2184
    2170 2170 2170 2170 2170 2170 3238 3178 3178 2212 2198 2198 2212
    2212 2198 2198 2198 2198 2184 2184 2170 2170 2184 2184 3269 3269
    3178 3208 2226 2226 2226 2212 2212 2212 2212 2212 2184 2184 2184
    2184 2184 2184 2184 2184 3269 3178 3208 2241 2241 2241 2226 2212
    2212 2212 2212 2184 2184 2184 2184 2184 2184 2184 2184 3238 3178
    3208 2241 2241 2241 2226 2226 2212 2212 2212 2198 2184 2184 2198
    2198 2184 2184 3269 3238 3178 3208 2256 2241 2226 2226 2226 2212
    2212 2212 2198 2198 2198 2198 2198 2198 2198 3269 3238 3178 3208
    3178 2241 2226 2226 2226 2226 2212 2212 2198 2198 2198 2198 2198
    2198 3269 3269 3238 3208 3208 3178 2256 2241 2241 2226 2226 2212
    2212 2198 2198 2198 2198 2198 2198 3269 3269 3269 3208 3208 3178
    2256 2241 2241 2226 2226 2212 2212 2198 2198 2198 2212 2198 2198
    3269 3269 3269 3208 3208 2256 2256 2256 2241 2226 2226 2212 2212
    2198 2198 2198 2212 2198 2198 2198 3269 3269 3208 3208 2256 2256
    2256 2241 2226 2226 2212 2212 2212 2212 2212 2212 2198 2198 3300
    3300 3269 3208 3208 2256 2256 2256 2241 2226 2226 2212 2212 2212
    2212 2198 2198 2212 2212 3300 3300 3269 3208 3238 2256 2256 2256
    2256 2226 2226 2212 2212 2212 2212 2198 2198 2212 2212 3300 3300
    3269 3238 2256 2256 2256 2256 2256 2241 2226 2226 2212 2212 2212
    2212 2212 2212 2212 2212 3333 3333 3238 2256 2256 2256 2256 2241
    2241 2241 2226 2212 2212 2212 2212 2212 2212 2212 2212 2226 2226
    3238 2256 2256 2256 2256 2241 2241 2241 2241 2226 2226 2212 2212
    2212 2212 2212 2212 2226 2226 3238 2256 2256 2256 2256 2256 2256
    2241 2241 2226 2226 2226 2212 2212 2212 2212 2212 0 2212 3238 2256
    2256 2256 2256 2256 2256 2241 2241 2226 2226 2226 2212 2212 2212
    2212 2212 0 0 3238 3238 2256 2256 2256 2256 2256 2241 2226 2226 2226
    2226 2226 2212 2212 2212 2212 0 0 3238 3238 2271 2271 2271 2256 2256
    2241 2226 2226 2241 2241 2226 2212 2212 2226 0 0 0 3269 3269 2271
    2271 2271 2256 2256 2241 2226 2226 2241 2241 2241 2226 2226 2226
    2226 0 0 3269 3269 2286 2271 2271 2256 2256 2256 2256 2256 2241 2226
    2226 2226 2226 2241 0 0 0 3300 3269 2286 2271 2271 2256 2256 2256
    2256 2256 2241 2226 2226 2226 2226 0 2226 0 1197 3300 3269 2286 2271
    2271 2256 2256 2256 2256 2256 2241 2226 2226 2226 2226 0 0 0 0 3300
    3300 2271 2271 2271 2256 2256 2256 2256 2256 2241 2226 2226 2226
    2226 0 0 0 1210 3300 2271 2271 2271 2256 2256 2256 2256 2256 2256
    2256 2256 2241 2241 2241 2241 0 1210 1210 3300 2271 2271 2271 2256
    2256 2256 2256 2256 2256 2256 2256 2256 2256 2256 0 0 1206 1206 3300
    2286 2271 2271 2271 2271 2256 2256 2256 2256 2256 2256 2256 2256
    2256 1210 1210 1206 1206 3300 2286 2271 2271 2271 2271 2256 2256
    2256 2256 2256 2226 2226 2226 2212 1210 1210 1210 1206 3300 2301
    2286 2286 2271 2271 2256 2256 2256 2256 2241 2226 2212 2212 2212
    1210 1210 1210 1210 3300 2301 2286 2271 2271 2271 2271 2256 2256
    2256 2241 2226 2212 2212 2212 1210 1210 1210 1210 3300 3300 2286
    2271 2271 2271 2271 2256 2256 2256 2256 2256 2241 2241 2256 1210
    1210 1210 1210 3333 3333 2286 2286 2271 2271 2271 2271 2271 2271
    2256 2256 2256 2256 1227 1210 1210 1210 1210 3333 3333 2286 2286
    2271 2271 2271 2271 2271 2271 2256 2256 2256 1227 1227 1214 1214
    1210 1210 3333 2317 2301 2286 2271 2271 2271 2271 2271 2256 2256
    2256 2256 1214 1214 1219 1214 1210 1210 3365 2317 2301 2286 2286
    2286 2286 2286 2271 2256 2256 2256 2241 1214 1214 1219 1219 1214
    1210 2333 2333 2317 2301 2301 2301 2301 2301 2271 2271 2271 2256
    1219 1219 1219 1219 1219 1219 1210 2333 2333 2317 2317 2317 2317
    2301 2301 2271 2271 2271 2271 1219 1219 1219 1219 1219 1219 1214
    2333 2333 2317 2317 2317 2317 2317 2301 2301 2271 2271 2271 1223
    1223 1223 1223 1223 1219 1214 2349 2333 2333 2333 2333 2333 2317
    2317 2301 2271 2271 2286 1223 1223 1223 1223 1223 1219 1214 2349
    2333 2333 2333 2333 2333 2333 2317 2317 2301 2286 2286 1223 1223
    1223 1223 1219 1219 1214 3433 2349 2349 2349 2349 2333 2317 2301
    2301 2301 2301 2301 1227 1227 1223 1223 1219 1219 1214 3433 3433
    2381 2365 2333 2333 2317 2301 2301 2301 2301 1232 1232 1232 1227
    1227 1223 1219 1219 3468 3433 2381 2365 2333 2333 2317 2317 2317
    2317 1232 1232 1232 1232 1232 1232 1227 1223 1219</data></Depth18626>
</opencv_storage>
