<?xml version="1.0"?>
<opencv_storage>
<Depth18936 type_id="opencv-matrix">
  <rows>130</rows>
  <cols>89</cols>
  <dt>w</dt>
  <data>
    0 0 0 0 0 0 0 0 0 0 0 0 0 0 0 0 0 0 0 0 0 0 0 0 0 0 0 0 0 0 0 0 0 0
    0 0 0 0 755 755 750 750 749 747 747 746 742 739 739 736 730 728 727
    725 723 722 720 719 717 716 716 711 708 707 707 707 708 711 714 723
    727 731 736 739 747 749 750 754 0 0 0 0 0 0 0 0 0 0 0 0 0 0 0 0 0 0
    0 0 0 0 0 0 0 0 0 0 0 0 0 0 0 0 0 0 0 0 0 0 0 0 0 0 0 0 0 0 761 755
    755 750 750 749 747 746 744 742 739 739 736 730 728 727 725 723 722
    719 717 716 716 711 711 708 706 706 706 707 710 714 723 725 730 734
    739 746 749 750 754 0 0 0 0 0 0 0 0 0 0 0 0 0 0 0 0 0 0 0 0 0 0 0 0
    0 0 0 0 0 0 0 0 0 0 0 0 0 0 0 0 0 0 0 0 0 769 766 766 761 757 755
    754 750 749 747 746 742 742 739 736 736 730 728 727 725 723 722 719
    717 714 711 710 710 707 706 706 706 707 708 713 723 725 728 733 738
    746 750 752 755 0 0 0 0 0 0 0 0 0 0 0 0 0 0 0 0 0 0 0 0 0 0 0 0 0 0
    0 0 0 0 0 0 0 0 0 0 0 0 0 0 0 774 774 774 773 769 766 766 761 759
    755 754 752 749 747 746 742 741 739 736 733 730 728 727 725 723 722
    719 717 714 711 710 708 707 706 706 706 706 707 708 722 725 725 730
    736 742 752 754 757 769 769 0 0 0 0 0 0 0 0 0 0 0 0 0 0 0 0 0 0 0 0
    0 0 0 0 0 0 0 0 0 0 0 0 0 0 0 0 0 0 776 774 774 774 773 769 767 762
    761 755 755 755 754 749 747 744 742 741 739 736 731 730 728 727 725
    725 723 719 717 714 711 710 708 707 706 704 704 706 707 708 722 725
    725 730 734 741 744 749 757 769 769 0 0 0 0 0 0 0 0 0 0 0 0 0 0 0 0
    0 0 0 0 0 0 0 0 0 0 0 0 0 0 0 0 0 0 0 0 783 780 776 776 776 774 773
    769 767 762 759 755 755 754 752 750 747 744 742 741 739 736 731 730
    728 727 725 725 723 719 717 714 711 710 707 707 706 704 704 704 707
    710 714 723 725 730 734 741 742 747 747 764 764 771 0 0 0 0 0 0 0 0
    0 0 0 0 0 0 0 0 0 0 0 0 0 0 0 0 0 0 0 0 0 0 0 0 0 789 785 783 780
    778 776 776 774 773 769 767 762 759 755 755 754 752 749 747 744 742
    741 738 736 733 730 728 725 725 725 723 719 717 714 711 710 706 704
    703 703 703 704 707 710 713 722 725 731 736 739 741 746 752 761 764
    771 774 0 0 0 0 0 0 0 0 0 0 0 0 0 0 0 0 0 0 0 0 0 0 0 0 0 0 0 0 0 0
    794 792 789 785 783 781 778 776 776 774 773 769 767 762 757 757 755
    752 749 749 747 744 742 741 738 736 733 730 728 725 725 723 722 719
    717 714 711 710 706 704 701 701 703 704 707 710 713 720 727 730 734
    736 741 746 752 757 759 771 774 778 0 0 0 0 0 0 0 0 0 0 0 0 0 0 0 0
    0 0 0 0 0 0 0 0 0 0 0 0 796 794 792 789 785 783 783 781 778 776 774
    771 769 767 762 757 757 754 750 749 747 747 744 742 741 738 734 731
    730 727 723 723 723 722 719 717 714 711 708 706 704 701 701 703 704
    707 710 713 717 722 730 734 734 739 746 754 757 759 771 776 776 0 0
    0 0 0 0 0 0 0 0 0 0 0 0 0 0 0 0 0 0 0 0 0 0 0 0 803 800 796 796 794
    789 789 783 783 781 778 776 773 769 767 766 762 759 757 754 750 749
    747 747 744 742 741 738 734 731 730 727 723 723 723 722 719 717 714
    711 708 706 703 701 701 703 703 706 708 713 717 719 730 734 734 739
    746 752 755 759 771 776 776 778 0 0 0 0 0 0 0 0 0 0 0 0 0 0 0 0 0 0
    0 0 0 0 0 805 805 803 800 796 796 794 790 789 783 783 780 778 776
    773 769 767 764 761 757 755 752 749 749 747 747 744 742 741 738 734
    733 730 727 723 723 723 720 719 717 714 711 707 706 703 701 701 701
    701 704 707 713 717 719 723 733 734 739 746 750 754 757 771 776 776
    776 0 0 0 0 0 0 0 0 0 0 0 0 0 0 0 0 0 0 0 815 811 811 809 805 805
    803 800 798 794 792 790 789 783 783 776 776 774 771 767 766 764 761
    757 754 752 749 749 747 746 744 742 741 739 734 731 730 727 723 723
    722 719 717 716 713 711 707 706 704 701 701 701 701 703 706 714 717
    719 720 733 734 741 744 749 754 757 769 776 776 776 0 0 0 0 0 3816 0
    0 0 0 0 0 0 0 823 823 823 821 821 815 811 811 809 807 805 803 800
    798 794 790 790 789 783 781 776 776 774 771 767 766 762 761 757 754
    752 749 749 747 746 744 741 741 738 734 731 730 727 723 723 722 719
    717 714 713 711 707 706 704 701 701 700 700 703 706 713 717 719 720
    730 738 741 744 749 754 757 759 776 776 776 0 0 0 0 0 3816 0 0 0 0 0
    0 0 0 823 823 823 821 821 815 813 811 809 805 803 803 800 796 794
    790 790 789 783 780 776 776 773 769 767 766 762 759 757 754 752 749
    749 747 746 742 741 739 734 733 731 728 727 723 723 722 719 717 714
    711 711 707 706 703 701 700 700 700 701 706 713 717 719 720 730 736
    741 744 747 754 757 759 774 774 774 0 0 0 0 0 3774 0 0 0 0 0 0 0 827
    825 825 825 823 821 819 815 811 809 805 803 802 800 796 792 790 789
    783 780 778 776 774 773 769 767 766 761 759 757 755 752 750 747 746
    744 742 741 738 734 733 730 728 727 723 723 720 719 717 714 711 710
    707 706 703 701 698 698 698 700 701 713 717 719 720 728 734 738 742
    747 754 757 759 762 769 774 0 0 0 0 0 3774 0 0 841 839 837 835 833
    827 825 825 825 823 821 819 815 811 809 805 802 800 798 794 792 790
    789 783 780 778 774 774 771 769 767 762 761 759 757 755 752 750 747
    746 742 741 741 738 733 733 730 728 725 723 723 720 719 717 711 710
    708 706 704 703 701 698 698 698 700 701 714 717 719 720 728 731 734
    742 749 754 757 757 759 764 0 0 0 0 0 0 0 851 849 841 839 837 835
    833 829 827 827 825 823 819 815 813 811 809 805 802 798 796 792 792
    790 789 783 781 778 774 773 771 769 767 762 759 757 755 754 752 749
    747 746 742 741 739 736 733 731 728 727 725 722 722 720 719 716 711
    710 707 706 703 701 700 698 698 698 698 701 714 717 719 723 728 731
    734 741 746 752 755 757 759 764 0 0 0 0 0 0 851 849 847 843 841 839
    835 833 831 827 827 825 823 819 815 813 811 807 803 802 798 796 792
    792 790 789 783 781 778 774 773 771 769 766 761 759 757 755 754 750
    749 747 744 742 741 738 736 731 730 728 725 723 722 722 719 717 716
    711 708 707 704 703 701 700 698 697 697 698 701 711 716 719 720 727
    731 733 741 744 750 755 759 761 764 0 0 0 0 0 0 851 849 847 843 841
    839 837 833 831 827 827 823 821 817 813 811 809 805 803 802 798 796
    794 792 790 790 783 781 778 774 773 771 767 764 761 759 755 755 754
    750 749 747 744 742 739 738 733 730 728 727 725 723 722 722 719 717
    714 710 708 706 704 703 701 700 698 697 697 698 700 710 711 717 719
    727 731 733 741 744 747 752 759 761 764 774 0 0 0 0 0 851 849 847
    843 841 839 837 833 831 827 827 823 821 815 813 811 809 805 802 800
    798 796 796 792 789 785 783 780 776 774 771 769 766 762 761 759 755
    755 752 749 749 747 744 741 739 738 733 730 728 727 725 723 720 720
    719 717 714 710 708 706 704 701 700 698 698 697 697 697 698 710 711
    714 717 723 730 733 742 744 747 750 759 762 764 774 0 0 0 0 0 851
    849 847 843 843 839 835 833 829 825 825 821 819 813 811 809 807 805
    802 800 798 796 796 792 789 785 781 780 776 774 771 769 766 762 761
    759 755 755 752 749 749 747 744 741 741 739 733 730 728 727 725 723
    720 719 717 717 714 710 707 706 704 701 700 698 697 696 696 696 696
    710 711 714 717 723 727 731 738 744 747 750 755 761 762 774 0 0 0 0
    0 851 849 847 843 841 837 833 831 829 825 825 821 817 813 811 809
    807 805 802 800 798 798 796 790 789 785 781 780 776 774 773 769 766
    762 761 759 755 754 750 749 747 747 744 742 741 738 733 730 728 727
    725 722 719 719 716 716 713 710 707 706 704 701 701 698 697 696 696
    696 696 706 708 711 714 723 725 730 738 742 747 752 755 759 762 774
    0 0 0 0 0 849 849 845 843 841 837 833 831 829 825 825 823 817 813
    811 809 807 803 802 800 798 796 794 789 785 783 781 778 774 774 771
    769 766 762 759 757 755 754 750 749 747 746 744 742 739 736 733 730
    728 725 723 720 719 719 716 714 711 710 707 706 704 701 701 698 697
    696 696 696 697 704 707 710 714 719 725 730 736 739 747 750 754 757
    762 774 774 778 0 0 0 849 845 843 843 841 837 833 831 827 825 825
    821 817 813 811 809 805 803 802 800 798 796 792 785 785 783 780 776
    774 773 771 769 766 761 759 757 754 752 750 749 746 744 742 741 738
