<?xml version="1.0"?>
<opencv_storage>
<Depth4342 type_id="opencv-matrix">
  <rows>58</rows>
  <cols>52</cols>
  <dt>w</dt>
  <data>
    5640 5640 5640 5548 5548 5460 5460 5460 5460 5460 5460 5460 5374
    5374 5374 5374 5374 5291 5210 5210 5210 5291 5291 1894 1894 1894
    1894 1894 1894 1883 1883 5210 5132 5132 5132 5210 5210 5210 5132
    5132 5132 5132 5132 5132 5056 5056 5132 5132 5132 5132 5056 5056
    5640 5640 5640 5548 5548 5548 5460 5460 5460 5460 5460 5460 5374
    5374 5374 5374 5291 5291 5210 5210 5210 1904 1904 1894 1894 1894
    1894 1894 1894 1883 1883 1883 5132 5132 5132 5210 5291 5210 5210
    5132 5132 5132 5132 5056 5056 5056 5056 5132 5056 5056 5056 5056
    5640 5640 5640 5548 5548 5460 5460 5460 5460 5460 5460 5460 5460
    5374 5374 5374 5291 5291 5291 5291 1936 1915 1904 1904 1904 1904
    1894 1894 1894 1894 1894 1894 5132 5132 5132 5210 5210 5210 5291
    5291 5210 5132 5132 5056 5056 5056 5056 5132 5056 5056 5056 5056
    5640 5640 5640 5548 5548 5460 5460 5460 5548 5548 5460 5460 5374
    5374 5374 5374 5291 5291 1936 1936 1926 1915 1904 1904 1904 1904
    1904 1904 1894 1894 1894 1894 1894 5210 5210 5210 5210 5210 5210
    5210 5210 5210 5132 5132 5132 5132 5132 5132 5056 5056 5056 5056
    5640 5548 5548 5548 5548 5548 5548 5548 5548 5548 5460 5460 5374
    5374 5374 5374 5374 5374 1936 1936 1926 1915 1915 1904 1904 1904
    1904 1904 1904 1894 1894 1894 1894 1894 5210 5210 5210 5210 5210
    5132 5132 5210 5132 5132 5132 5132 5132 5132 5132 5056 5056 5056
    5640 5548 5548 5548 5460 5460 5548 5548 5548 5548 5460 5460 2040
    2040 2040 1947 1936 1936 1936 1926 1926 1926 1915 1904 1904 1904
    1904 1904 1904 1894 1894 1894 1894 1904 5210 5210 5210 5210 5132
    5132 5132 5132 5132 5132 5132 5132 5132 5132 5132 5056 5056 5056
    5640 5548 5548 5548 5460 5460 5548 5548 5548 5548 5460 5460 2005
    1981 1970 1947 1936 1926 1926 1926 1915 1915 1904 1904 1904 1904
    1904 1904 1894 1894 1894 1894 1894 1904 1904 5291 5291 5210 5132
    5132 5132 5132 5132 5132 5132 5056 5056 5132 5132 5056 5056 5132
    5640 5548 5548 5548 5548 5548 5548 5548 5460 5374 5374 5548 1970
    1959 1959 1947 1936 1926 1926 1915 1904 1904 1904 1904 1904 1904
    1904 1904 1894 1894 1894 1894 1894 1894 1894 5374 5291 5210 5210
    5132 5132 5132 5132 5132 5132 5056 5056 5132 5132 5132 5132 5132
    5548 5548 5548 5548 5548 5548 5548 5548 5460 5374 1947 1947 1947
    1947 1947 1947 1936 1926 1915 1915 1904 1904 1904 1904 1904 1904
    1894 1894 1894 1883 1883 1883 1883 1883 1883 1883 5291 5132 5132
    5132 5132 5132 5132 5132 5132 5056 5056 5132 5132 5132 5132 5132
    5548 5548 5548 5548 5548 5548 5460 5460 5460 1947 1936 1936 1936
    1936 1936 1936 1936 1926 1915 1915 1904 1904 1894 1894 1894 1894
    1894 1894 1894 1883 1883 1883 1883 1883 1883 1883 1883 5132 5132
    5210 5210 5210 5132 5132 5132 5132 5132 5132 5132 5132 5132 5132
    5548 5548 5548 5460 5460 5548 5460 5460 1947 1947 1936 1936 1936
    1936 1936 1936 1926 1915 1915 1915 1915 1915 1894 1894 1894 1894
    1894 1894 1894 1894 1894 1894 1894 1883 1883 1883 1883 5132 5132
    5132 5132 5210 5132 5132 5132 5132 5132 5132 5132 5132 5132 5132
    5548 5548 5548 1959 1959 1959 1947 1947 1947 1947 1936 1936 1936
    1936 1936 1926 1926 1915 1915 1915 1915 1904 1904 1904 1904 1894
    1894 1894 1894 1894 1894 1894 1894 1883 1883 1883 1883 5132 5132
    5132 5132 5210 5132 5132 5132 5132 5132 5132 5132 5132 5132 5132
    5548 5548 1981 1959 1959 1947 1947 1947 1947 1947 1936 1936 1936
    1936 1926 1926 1926 1915 1915 1915 1915 1904 1904 1894 1894 1894
    1894 1894 1894 1894 1894 1894 1894 1883 1883 1883 1883 1883 5291
    5210 5210 5132 5132 5132 5132 5132 5056 5056 5132 5132 5132 5056
    5640 1959 1959 1959 1959 1947 1947 1947 1947 1947 1936 1936 1936
    1936 1926 1926 1915 1915 1915 1915 1915 1904 1904 1894 1894 1894
    1894 1894 1894 1894 1894 1883 1883 1883 1883 1883 1883 1883 5291
    5291 5132 5132 5132 5132 5132 5132 5056 5056 5056 5056 5056 5056
    1970 1970 1959 1959 1947 1947 1947 1947 1947 1947 1947 1947 1936
    1936 1936 1926 1915 1915 1915 1915 1904 1904 1904 1894 1894 1894
    1894 1894 1894 1894 1894 1883 1883 1894 1894 1883 1883 1894 1894
    5132 5132 5132 5132 5132 5132 5056 5056 5056 5056 5056 5056 5056
    1981 1970 1959 1959 1947 1947 1947 1947 1947 1947 1947 1947 1936
    1936 1936 1926 1926 1915 1915 1915 1904 1904 1904 1904 1894 1894
    1894 1894 1894 1894 1894 1883 1883 1894 1894 1883 1883 1894 1894
    1894 5132 5056 5056 5056 5056 5056 5056 5056 5056 5056 5056 5056
    1970 1959 1959 1959 1959 1959 1947 1947 1947 1947 1947 1947 1936
    1936 1926 1926 1926 1926 1915 1915 1904 1904 1904 1904 1904 1894
    1894 1894 1894 1894 1894 1883 1883 1883 1883 1873 1873 1883 1894
    1904 1904 5056 4983 4983 5056 5056 5056 5056 5056 5056 5056 5056
    1970 1959 1959 1959 1959 1959 1959 1947 1947 1947 1947 1936 1936
    1936 1926 1926 1926 1926 1915 1915 1904 1904 1904 1904 1904 1904
    1904 1894 1894 1894 1883 1883 1883 1883 1883 1873 1873 1883 1894
    1894 1894 1894 4983 4983 5056 5056 5056 5056 5056 5056 5056 5056
    1981 1970 1970 1959 1959 1959 1947 1947 1947 1947 1947 1936 1936
    1926 1926 1926 1926 1926 1915 1915 1904 1904 1904 1904 1904 1904
    1904 1904 1894 1894 1883 1883 1883 1883 1883 1873 1873 1883 1883
    1873 1863 1863 1863 5056 5056 5056 5056 5132 5132 5132 5056 5056
    1981 1970 1970 1959 1959 1959 1947 1947 1947 1947 1947 1936 1936
    1926 1926 1915 1915 1915 1915 1915 1904 1904 1904 1904 1904 1904
    1904 1894 1894 1883 1883 1883 1883 1883 1883 1883 1873 1873 1873
    1873 1863 1853 1853 1853 5056 5056 5056 5132 5132 5132 5056 5056
    1981 1970 1959 1959 1947 1947 1959 1947 1947 1947 1936 1936 1926
    1926 1926 1915 1915 1915 1915 1915 1904 1904 1904 1904 1904 1904
    1904 1894 1894 1883 1883 1883 1883 1883 1883 1883 1873 1873 1873
    1873 1863 1853 1833 1833 5132 5056 5056 5056 5056 5056 5056 5056
    1970 1970 1959 1959 1947 1947 1959 1947 1947 1947 1936 1936 1926
    1926 1926 1915 1915 1915 1915 1915 1904 1904 1904 1904 1904 1894
    1894 1894 1894 1883 1873 1873 1873 1883 1883 1883 1873 1873 1873
    1873 1863 1863 1833 1833 1833 4842 4842 5056 5056 5056 5056 5056
    1970 1970 1947 1947 1947 1947 1959 1947 1947 1947 1936 1936 1926
    1926 1926 1915 1915 1915 1915 1915 1904 1904 1904 1904 1904 1894
    1894 1894 1894 1883 1873 1873 1873 1883 1883 1883 1873 1873 1863
    1863 1873 1863 1853 1853 1863 4842 4842 5056 5056 5056 5056 5056
    5640 1947 1947 1947 1947 1947 1959 1947 1947 1936 1936 1936 1926
    1926 1926 1926 1926 1926 1915 1915 1904 1904 1904 1904 1894 1894
    1894 1894 1894 1883 1873 1873 1873 1883 1883 1883 1873 1873 1863
    1863 1873 1873 1863 1863 1853 1853 5056 5056 5056 5056 5056 5056
    5640 5640 1959 1959 1959 1959 1959 1947 1947 1936 1936 1936 1936
    1926 1926 1926 1926 1915 1915 1915 1904 1904 1904 1904 1894 1894
    1894 1894 1894 1883 1873 1873 1873 1883 1883 1873 1873 1873 1873
    1863 1863 1863 1863 1863 1853 1853 1863 5056 5056 5056 5056 5056
    5640 5548 5548 1959 1959 1959 1947 1947 1936 1936 1936 1936 1936
    1936 1926 1926 1926 1915 1915 1904 1904 1904 1904 1904 1904 1894
    1894 1894 1894 1883 1873 1873 1873 1883 1883 1873 1873 1873 1873
    1863 1863 1863 1863 1863 1863 1863 1863 1863 5056 5056 5056 4983
    5548 5548 5548 5460 1959 1959 1947 1947 1936 1936 1936 1936 1936
    1936 1926 1915 1915 1915 1904 1904 1904 1904 1904 1904 1904 1904
    1894 1894 1894 1883 1873 1873 1873 1883 1873 1873 1873 1873 1873
    1873 1873 1873 1863 1863 1863 1863 1853 1853 1853 5056 5056 4983
    5548 5374 5374 5460 5460 1947 1947 1947 1936 1936 1936 1936 1936
    1926 1926 1915 1904 1904 1904 1904 1904 1904 1904 1904 1904 1904
    1894 1894 1883 1883 1873 1873 1873 1883 1873 1873 1873 1873 1873
    1873 1873 1873 1863 1863 1863 1863 1853 1853 1853 5056 5056 4983
    5548 5374 5374 5460 5460 1947 1947 1947 1947 1936 1936 1936 1926
    1926 1926 1915 1904 1904 1904 1904 1904 1904 1904 1904 1904 1904
