<?xml version="1.0"?>
<opencv_storage>
<Depth9456 type_id="opencv-matrix">
  <rows>94</rows>
  <cols>32</cols>
  <dt>w</dt>
  <data>
    4139 4190 0 0 0 0 0 0 0 0 0 0 0 0 0 0 0 0 0 0 0 0 0 1292 1292 1278
    1273 1273 1273 3994 3994 3994 4139 0 0 0 0 0 0 0 0 0 0 0 0 0 1273
    1273 0 0 0 0 0 0 0 0 1283 1273 1273 1268 1268 1273 1273 3994 4139 0
    0 0 0 0 0 1273 1273 1273 1273 1273 1273 1273 1273 1273 1273 1278
    1278 1273 1273 1273 1268 1268 1268 1273 1273 1268 1268 1273 1273
    1273 4089 0 0 0 0 0 0 1273 1273 1273 1273 1273 1268 1268 1268 1268
    1273 1273 1273 1273 1273 1273 1268 1268 1268 1268 1268 1268 1264
    1264 1264 1264 4089 4190 0 0 0 0 0 1273 1273 1273 1273 1273 1268
    1268 1268 1268 1268 1268 1268 1268 1273 1273 1268 1268 1268 1268
    1268 1268 1264 1264 1264 1264 4139 4190 0 0 0 0 1273 1273 1268 1268
    1273 1273 1268 1268 1268 1268 1268 1268 1268 1268 1273 1273 1273
    1268 1268 1273 1273 1268 1264 1264 1264 1264 4190 4190 0 0 0 0 1273
    1273 1268 1268 1268 1268 1268 1268 1268 1268 1268 1268 1268 1268
    1273 1273 1273 1268 1268 1273 1273 1273 1264 1264 1264 1264 4139
    4139 0 0 0 0 0 1268 1268 1268 1268 1268 1268 1268 1268 1268 1268
    1268 1268 1268 1268 1273 1273 1268 1268 1268 1273 1273 1264 1264
    1264 1264 4139 4139 0 0 0 0 0 1268 1268 1268 1268 1268 1268 1268
    1268 1268 1268 1268 1268 1268 1268 1273 1273 1268 1268 1268 1273
    1273 1268 1264 1264 1264 4089 0 0 0 0 0 0 1273 1268 1268 1268 1268
    1268 1268 1268 1268 1268 1268 1268 1268 1268 1273 1273 1273 1268
    1268 1268 1268 1268 1264 1264 0 4089 0 0 0 0 0 0 1273 1273 1273 1273
    1273 1273 1268 1268 1268 1268 1268 1268 1268 1268 1273 1273 1273
    1273 1268 1268 1268 1268 1264 1264 1264 4139 0 0 0 0 0 1273 1273
    1273 1273 1273 1273 1273 1273 1268 1268 1268 1268 1268 1268 1268
    1273 1273 1273 1273 1268 1268 1273 1273 1273 1273 1273 0 0 0 0 0 0
    1268 1268 1273 1273 1273 1273 1273 1273 1268 1268 1273 1268 1268
    1268 1268 1273 1273 1273 1268 1268 1268 1273 1273 1273 1273 1273 0 0
    0 0 0 0 1268 1268 1273 1273 1273 1273 1268 1268 1268 1268 1273 1268
    1268 1268 1268 1273 1273 1273 1268 1268 1268 1268 1268 1273 1273
    1273 0 0 0 0 0 0 1268 1268 1273 1273 1273 1273 1268 1268 1268 1268
    1268 1268 1268 1268 1268 1273 1273 1273 1268 1268 1268 1268 1268
    1273 1268 1268 4241 0 0 0 0 0 1268 1268 1273 1273 1273 1273 1268
    1268 1268 1268 1268 1268 1268 1268 1268 1273 1273 1273 1268 1268
    1268 1268 1268 1268 1268 1268 4241 0 0 0 0 0 0 1273 1273 1273 1273
    1273 1268 1268 1268 1268 1268 1268 1268 1268 1268 1273 1273 1273
    1268 1268 1268 1268 1268 1264 1264 1264 4190 0 0 0 0 0 0 1273 1273
    1273 1273 1273 1273 1273 1268 1268 1268 1268 1268 1268 1268 1273
    1273 1268 1264 1264 1264 1268 1268 1264 1264 1264 4190 0 0 0 0 0
    1273 1273 1273 1273 1273 1273 1273 1273 1268 1268 1268 1268 1268
    1268 1268 1273 1273 1268 1264 1264 1264 1268 1268 1264 1264 1264
    4190 0 0 0 0 1268 1268 1273 1273 1273 1273 1273 1273 1273 1273 1273
    1273 1273 1268 1268 1268 1273 1273 1273 1268 1268 1268 1273 1268
    1268 1268 1268 4190 0 0 0 0 1268 1268 1273 1273 1273 1273 1273 1273
    1273 1268 1268 1273 1273 1268 1268 1268 1273 1273 1273 1268 1268
    1268 1273 1268 1268 1268 0 4190 0 0 0 0 1268 1268 1273 1273 1273
    1273 1273 1273 1273 1268 1268 1273 1273 1273 1268 1268 1273 1273
    1273 1273 1273 1273 1268 1268 1268 1268 1264 4241 0 0 0 0 0 1273
    1273 1273 1273 1273 1273 1273 1273 1273 1273 1273 1273 1273 1268
    1268 1278 1273 1273 1273 1273 1268 1268 1268 1264 1264 1264 4241 0 0
    0 0 0 1273 1273 1273 1273 1273 1273 1273 1273 1273 1273 1273 1268
    1268 1268 1268 1278 1278 1273 1273 1268 1268 1268 1268 1264 1264
    1264 4241 0 0 0 0 0 1273 1273 1273 1273 1273 1273 1273 1273 1273
    1273 1273 1268 1268 1268 1268 1273 1273 1273 1273 1268 1268 1268
    1268 1264 1264 1264 4190 0 0 0 0 0 1268 1268 1268 1273 1273 1273
    1273 1273 1273 1273 1273 1273 1273 1268 1268 1273 1273 1273 1273
    1273 1273 1273 1273 1273 1273 1273 4139 0 0 0 0 0 1268 1268 1268
    1273 1273 1273 1273 1273 1273 1273 1273 1273 1273 1268 1268 1273
    1273 1273 1273 1273 1273 1273 1273 1259 1259 1259 4139 0 0 0 0 0
    1268 1268 1273 1273 1273 1273 1273 1273 1273 1273 1273 1273 1273
    1268 1268 1273 1273 1273 1273 1273 1273 1268 1268 1259 1259 1259
    4139 0 0 0 0 1268 1268 1273 1273 1273 1273 1273 1273 1273 1273 1273
    1273 1273 1273 1268 1268 1273 1273 1273 1273 1273 1273 1268 1268
    1273 1273 1273 4139 0 0 0 0 1268 1268 1273 1273 1273 1278 1273 1273
    1273 1273 1273 1273 1268 1268 1268 1268 1273 1273 1273 1273 1273
    1273 1273 1273 1273 1273 0 4190 0 0 0 0 1278 1278 1278 1278 1278
    1278 1278 1278 1273 1273 1273 1273 1268 1268 1268 1273 1273 1273
    1273 1273 1273 1273 1273 1273 1273 1273 0 0 0 0 0 0 1278 1278 1278
    1273 1273 1273 1273 1273 1273 1273 1273 1273 1273 1268 1268 1273
    1273 1273 1273 1273 1273 1273 1273 1273 1273 1273 0 0 0 0 0 0 1278
    1278 1278 1273 1273 1273 1273 1273 1273 1273 1273 1273 1273 1273
    1273 1273 1273 1273 1273 1273 1273 1278 1273 1273 1273 0 0 0 0 0 0 0
    1283 1278 1278 1273 1273 1273 1273 1273 1273 1273 1273 1273 1273
    1273 1273 1273 1273 1273 1273 1273 1278 1278 1273 1273 1273 0 0 0 0
    0 0 0 1278 1273 1273 1273 1273 1273 1273 1273 1273 1273 1273 1273
    1273 1273 1268 1268 1273 1273 1273 1273 1278 1278 1273 1273 1273 0 0
    0 0 0 0 0 1278 1273 1273 1273 1273 1273 1273 1273 1273 1273 1273
    1273 1273 1273 1268 1268 1273 1273 1273 1273 1273 1273 1273 1273
    1273 0 0 0 0 0 0 0 1278 1273 1273 1278 1278 1278 1278 1273 1273 1273
    1273 1273 1273 1268 1268 1268 1273 1273 1273 1273 1273 1273 1273
    1273 1278 0 0 0 0 0 0 0 1278 1278 1278 1278 1278 1278 1278 1273 1273
    1273 1273 1273 1273 1268 1268 1268 1273 1273 1273 1273 1273 1273
    1273 1273 1278 0 0 0 0 0 0 0 1278 1278 1273 1273 1278 1278 1278 1278
    1273 1273 1273 1273 1273 1268 1268 1268 1273 1273 1273 1273 1273
    1273 1273 1273 1278 0 0 0 0 0 0 0 1278 1278 1273 1273 1273 1278 1278
    1278 1273 1273 1273 1273 1273 1268 1268 1268 1273 1273 1273 1273
    1273 1273 1273 1273 1278 0 0 0 0 0 0 0 1278 1278 1273 1273 1273 1273
    1278 1278 1278 1278 1273 1273 1273 1268 1268 1273 1273 1273 1273
    1273 1273 1273 1273 1273 1278 0 0 0 0 0 0 0 1278 1278 1273 1273 1273
    1273 1273 1273 1273 1273 1273 1273 1273 1273 1273 1273 1273 1273
    1273 1273 1273 1273 1273 1273 1273 0 0 0 0 0 0 1288 1283 1283 1283
    1278 1273 1273 1273 1273 1273 1273 1273 1273 1273 1273 1273 1278
    1273 1273 1273 1273 1273 1273 1273 1273 1273 1273 0 3859 0 0 0 1288
    1283 1283 1278 1278 1273 1273 1273 1273 1273 1273 1273 1273 1273
    1273 1273 1278 1273 1273 1273 1273 1273 1273 1273 1268 1268 1268 0
    3859 0 0 0 1288 1283 1283 1278 1278 1278 1273 1273 1273 1273 1273
    1273 1273 1273 1273 1273 1278 1278 1273 1273 1273 1273 1273 1273
    1268 1268 1268 0 3859 0 0 0 1288 1283 1283 1278 1278 1278 1278 1278
    1278 1273 1273 1273 1273 1273 1273 1273 1278 1278 1278 1273 1273
    1273 1273 1273 1273 1273 1273 3903 4041 0 0 0 1288 1283 1283 1278
    1278 1278 1278 1278 1278 1273 1273 1273 1273 1273 1273 1273 1278
    1278 1278 1273 1273 1273 1273 1273 1273 1273 1273 3903 4139 0 0 0
    1288 1288 1283 1283 1278 1278 1278 1278 1278 1278 1278 1273 1273
    1273 1273 1273 1278 1278 1278 1278 1273 1273 1273 1273 1273 1273
    1273 3903 4041 0 0 0 1288 1288 1283 1283 1283 1283 1278 1278 1278
    1278 1273 1273 1273 1273 1273 1273 1278 1278 1278 1278 1273 1273
    1273 1273 1273 1273 0 4041 4041 0 0 0 1288 1288 1283 1283 1283 1283
    1278 1278 1278 1273 1273 1273 1273 1273 1273 1273 1278 1278 1278
    1278 1278 1273 1273 1273 1273 1273 0 3994 0 0 0 0 1288 1288 1283
    1283 1283 1283 1278 1278 1278 1273 1273 1273 1273 1273 1273 1273
    1278 1278 1278 1273 1273 1278 1273 1273 1273 1273 0 3994 0 0 0 0
    1288 1288 1283 1283 1283 1283 1283 1283 1283 1278 1278 1278 1273
    1273 1273 1273 1278 1278 1278 1273 1273 1278 1273 1273 1273 0 0 0 0
