<?xml version="1.0"?>
<opencv_storage>
<Depth13100 type_id="opencv-matrix">
  <rows>7</rows>
  <cols>21</cols>
  <dt>w</dt>
  <data>
    4645 4645 4645 4582 4582 4582 4645 4645 4645 4582 4463 4463 4522
    4522 4582 4582 4582 4522 4522 6753 6753 4645 4645 4645 4645 4645
    4645 4645 4645 4645 4582 4522 4522 4522 4522 4582 4582 4582 4522
    4522 4522 4522 4708 4708 4708 4645 4645 4645 4645 4645 4645 4645
    4582 4522 4522 4522 4522 4582 4582 4522 4522 4522 4463 4708 4708
    4708 4645 4645 4645 4645 4645 4645 4645 4582 4522 4522 4522 4522
    4582 4582 4522 4522 4522 4463 4708 4708 4645 4645 4645 4645 4645
    4645 4645 4645 4582 4582 4522 4522 4582 4582 4582 4582 4522 4522
    4463 4708 4708 4645 4645 4645 4645 4645 4708 4645 4582 4522 4522
    4522 4522 4582 4582 4582 4582 4522 4463 4463 6889 6889 4708 4645
    4645 4645 4708 4645 4645 4582 4522 4522 4522 4522 4645 4645 4582
    4582 4522 4463 4463</data></Depth13100>
</opencv_storage>
