<?xml version="1.0"?>
<opencv_storage>
<Depth18870 type_id="opencv-matrix">
  <rows>7</rows>
  <cols>14</cols>
  <dt>w</dt>
  <data>
    7660 7660 7660 7660 7660 7660 7660 0 0 0 0 0 0 0 7660 7660 7660 7660
    7660 7660 7660 7660 7660 0 0 0 0 0 7660 7660 7660 7660 7660 7660
    7492 7492 7492 7492 7492 0 0 0 7660 7492 7492 7660 7660 7660 7492
    7492 7492 7492 7332 7332 0 0 7660 7492 7492 7660 7660 7660 7492 7492
    7492 7492 7332 7332 7492 7492 7660 7660 7660 7660 7660 7660 7492
    7492 7492 7492 7332 7332 7492 7492 8849 8849 7660 7660 7660 7660
    7492 7492 7492 7492 7492 7492 7492 7660</data></Depth18870>
</opencv_storage>
