<?xml version="1.0"?>
<opencv_storage>
<Depth4710 type_id="opencv-matrix">
  <rows>23</rows>
  <cols>38</cols>
  <dt>w</dt>
  <data>
    4582 4582 4582 4582 4522 4522 4463 4463 1785 1785 4522 4522 1757
    1757 1748 1748 1757 1757 1757 1757 1748 1748 1731 1731 1713 1713
    1722 1713 1705 1705 1705 1713 1713 1705 1705 1705 1705 1696 1794
    1794 1785 1785 1785 1794 1794 1785 1776 1766 1766 1766 1757 1757
    1748 1748 1757 1757 1757 1748 1748 1748 1739 1731 1722 1722 1722
    1713 1713 1713 1713 1713 1713 1705 1705 1696 1696 1688 1794 1794
    1785 1785 1785 1794 1785 1776 1776 1766 1766 1757 1757 1757 1757
    1757 1748 1748 1748 1748 1748 1748 1739 1731 1722 1722 1722 1722
    1713 1713 1713 1713 1713 1705 1696 1696 1688 1688 1794 1794 1785
    1785 1785 1785 1785 1776 1776 1766 1766 1757 1757 1757 1757 1748
    1748 1748 1748 1748 1748 1739 1739 1739 1731 1722 1722 1722 1713
    1713 1713 1713 1705 1696 1688 1688 1688 1688 1794 1785 1785 1785
    1785 1785 1785 1776 1776 1766 1766 1757 1757 1757 1757 1748 1748
    1748 1748 1748 1748 1739 1731 1731 1731 1722 1722 1722 1713 1713
    1713 1705 1705 1696 1688 1688 1688 1688 1794 1785 1785 1785 1785
    1785 1776 1776 1766 1766 1757 1757 1757 1757 1748 1748 1748 1748
    1739 1739 1739 1731 1731 1722 1722 1722 1722 1713 1713 1713 1713
    1705 1705 1696 1696 1688 1688 1688 1785 1785 1785 1785 1785 1785
    1776 1776 1766 1766 1757 1757 1757 1748 1748 1748 1748 1739 1739
    1731 1731 1722 1722 1722 1722 1713 1713 1713 1713 1713 1705 1705
    1696 1696 1696 1688 1688 1688 1785 1785 1785 1776 1776 1776 1776
    1766 1766 1757 1757 1757 1748 1748 1748 1748 1739 1739 1731 1731
    1731 1722 1722 1722 1722 1713 1713 1713 1713 1713 1705 1705 1696
    1696 1696 1688 1688 1680 1785 1776 1776 1776 1766 1766 1766 1757
    1757 1757 1748 1748 1748 1748 1748 1739 1731 1731 1731 1731 1731
    1722 1722 1722 1713 1713 1713 1713 1713 1713 1705 1705 1696 1696
    1696 1688 1688 1680 1785 1776 1776 1776 1757 1757 1757 1757 1748
    1748 1748 1748 1748 1748 1739 1731 1731 1731 1731 1731 1731 1722
    1722 1713 1713 1713 1713 1713 1713 1705 1696 1696 1696 1688 1688
    1688 1688 1680 1785 1776 1766 1766 1757 1757 1757 1757 1748 1748
    1748 1748 1748 1739 1739 1731 1722 1722 1722 1722 1722 1722 1722
    1713 1713 1713 1713 1705 1705 1705 1696 1696 1696 1688 1688 1688
    1688 1680 1785 1766 1766 1766 1757 1757 1757 1757 1748 1748 1748
    1748 1739 1739 1731 1731 1722 1722 1722 1722 1722 1722 1713 1713
    1713 1705 1705 1696 1696 1696 1696 1696 1688 1688 1688 1688 1688
    1680 1757 1757 1766 1766 1757 1757 1757 1757 1748 1748 1748 1748
    1739 1739 1731 1731 1722 1722 1722 1713 1713 1713 1713 1713 1705
    1705 1705 1696 1696 1696 1696 1696 1688 1688 1688 1680 1680 1680
    1739 1739 1757 1766 1757 1757 1748 1748 1748 1748 1748 1748 1739
    1731 1731 1722 1722 1713 1713 1713 1713 1713 1713 1713 1705 1696
    1696 1688 1688 1688 1688 1688 1688 1688 1680 1680 1680 1680 1739
    1739 1757 1757 1748 1748 1748 1748 1748 1748 1748 1748 1739 1731
    1722 1722 1722 1713 1713 1713 1713 1713 1705 1705 1696 1696 1696
    1688 1688 1688 1688 1688 1688 1680 1680 1671 1671 1671 4522 1757
    1757 1757 1748 1748 1748 1748 1748 1748 1748 1748 1739 1731 1722
    1722 1722 1722 1713 1713 1713 1713 1705 1705 1696 1696 1705 1688
    1688 1688 1688 1688 1688 1680 1680 1671 1671 1671 4405 1757 1757
    1757 1748 1748 1748 1748 1748 1748 1748 1748 1739 1739 1739 1731
    1722 1722 1722 1722 1722 1722 1713 1713 1713 1713 1705 1696 1696
    1696 1688 1688 1688 1688 1680 1680 1680 1680 4405 4405 1757 1757
    1748 1748 1748 1748 1757 1757 1757 1757 1739 1739 1748 1739 1739
    1739 1731 1731 1731 1731 1731 1731 1731 1722 1722 1713 1713 1705
    1696 1696 1705 1705 1705 1688 1680 1680 4349 4405 4405 1757 1757
    1757 1757 1757 1757 1776 1776 1776 1776 1776 1757 1757 1757 1757
    1757 1748 1748 1748 1757 1757 1748 1748 1757 1757 1757 1757 1757
    1748 1739 1739 1731 1731 1739 1739 4349 4349 4349 4405 1785 1785
    1785 1785 1785 1785 1794 1804 1813 1794 1776 1776 1776 1776 1785
    1785 1776 1776 1776 1776 1785 1785 1794 1794 1794 1785 1785 1776
    1776 1766 1748 1748 1757 1757 4349 4349 4405 4405 1873 1833 1833
    1833 1823 1813 1813 1813 1823 1813 1813 1813 1804 1804 1813 1804
    1794 1794 1794 1804 1813 1823 1813 1813 1804 1804 1794 1794 1794
    1785 1776 1766 1766 1766 4349 4349 4349 4349 1873 1873 1853 1853
    1853 1853 1853 1833 1833 1823 1823 1833 1833 1833 1823 1823 1823
    1823 1823 1823 1833 1833 1833 1823 1813 1813 4089 4089 1813 1813
    1813 1813 1813 1804 4349 4349 4349 4295 1873 1863 1863 1863 1863
    1863 1863 1853 1853 1853 1853 1853 1853 1853 4089 4089 4089 1853
    1853 4139 4089 4089 4089 4089 4089 4089 4089 4089 4089 4041 1873
    1873 4041 4041</data></Depth4710>
</opencv_storage>
