<?xml version="1.0"?>
<opencv_storage>
<Depth1900 type_id="opencv-matrix">
  <rows>42</rows>
  <cols>53</cols>
  <dt>w</dt>
  <data>
    3994 3994 3994 4041 4041 4041 4041 3994 3994 3994 2065 2053 2053
    2053 2053 2065 2065 2065 3994 4041 4041 2078 2078 2078 3994 3994
    3994 3994 3994 3994 3994 3994 3994 3994 4041 4041 4041 4041 4041
    3994 3994 3994 4041 4041 4041 4041 4041 4041 4041 4041 4041 4041
    4041 3994 3994 3994 4041 4041 4041 4041 4041 4041 2065 2065 2053
    2040 2040 2040 2053 2053 2053 2053 2053 2065 2065 2078 2078 2078
    3994 3994 2078 2078 2090 3994 3994 3994 3994 4041 4041 4041 4041
    4041 3994 3994 4041 4041 4041 4041 4041 4041 4041 4041 4041 4041
    4041 4041 4041 3994 3994 4041 4041 4041 4041 4041 2065 2065 2065
    2040 2040 2040 2040 2053 2053 2053 2053 2053 2053 2065 2065 2078
    2078 2078 2078 2078 2078 2078 2078 2078 3994 3994 3994 4041 4041
    4041 4041 4041 4041 4041 4041 4041 4041 4089 4041 4041 4041 4041
    4041 4041 4041 4041 4041 4041 4041 4089 4089 4089 4089 2065 2065
    2053 2040 2040 2040 2040 2053 2053 2053 2053 2053 2053 2065 2065
    2065 2065 2065 2065 2065 2065 2078 2065 2065 2065 2065 2065 2078
    2078 2065 2065 2065 2065 2078 4041 4041 4041 4041 2090 2090 4041
    4041 4089 4089 4089 4041 4041 4041 4041 2103 2065 2065 2053 2053
    2065 2053 2040 2040 2040 2040 2053 2065 2065 2065 2065 2065 2065
    2065 2065 2065 2065 2065 2065 2065 2065 2065 2065 2065 2065 2065
    2065 2065 2065 2065 2065 2065 2078 2078 4041 4041 4041 2090 2078
    2078 4139 4139 4139 4139 4089 4041 4041 4041 2090 2065 2053 2053
    2053 2065 2053 2053 2053 2053 2053 2065 2065 2065 2065 2065 2065
    2065 2065 2065 2065 2065 2053 2053 2065 2065 2065 2065 2065 2065
    2065 2065 2065 2065 2078 2078 2078 2078 2078 2090 2090 2103 2090
    2078 2078 2078 4139 4139 4139 4139 4089 2116 2103 2090 2065 2053
    2053 2053 2065 2053 2053 2053 2053 2065 2065 2065 2065 2065 2065
    2065 2065 2065 2065 2065 2065 2053 2053 2065 2065 2065 2065 2065
    2078 2078 2078 2078 2078 2078 2078 2078 2078 2078 2078 2078 2090
    2090 2090 2090 2090 4139 4139 4190 4139 4089 2116 2090 2078 2053
    2053 2053 2053 2065 2053 2053 2053 2053 2053 2065 2065 2065 2065
    2065 2065 2065 2065 2065 2065 2065 2053 2053 2065 2065 2065 2065
    2065 2078 2078 2078 2078 2078 2078 2078 2078 2078 2078 2078 2078
    2090 2090 2090 2090 2090 4139 4139 4190 4139 4139 2116 2090 2065
    2053 2053 2053 2053 2053 2053 2053 2053 2053 2053 2065 2065 2065
    2065 2065 2065 2065 2065 2065 2065 2065 2065 2065 2065 2065 2065
    2065 2065 2078 2078 2078 2078 2078 2078 2078 2078 2078 2078 2078
    2078 2090 2090 2090 2090 4190 4190 4190 4241 4139 4139 4139 4139
    2065 2053 2053 2053 2040 2040 2040 2053 2053 2053 2053 2053 2065
    2065 2065 2065 2065 2065 2065 2053 2053 2065 2065 2065 2065 2065
    2065 2065 2065 2078 2078 2078 2078 2078 2078 2078 2078 2078 2078
    2078 2078 2078 2078 2090 2090 4190 4190 4241 4241 4190 4190 4139
    4139 2040 2040 2053 2053 2040 2040 2040 2053 2053 2053 2053 2053
    2065 2065 2065 2065 2065 2065 2065 2053 2053 2065 2065 2065 2078
    2065 2065 2065 2065 2078 2078 2078 2078 2078 2078 2090 2090 2078
    2078 2078 2078 2078 2078 2090 2090 2090 4241 4241 4241 4241 4190
    4190 4139 2040 2040 2053 2053 2053 2053 2053 2053 2053 2053 2053
    2053 2065 2065 2065 2065 2065 2065 2065 2065 2065 2065 2065 2065
    2065 2065 2065 2065 2065 2065 2065 2065 2078 2078 2090 2090 2090
    2078 2078 2078 2078 2078 2090 2090 2078 2078 4241 4241 4295 4241
    4190 2090 2065 2065 2065 2053 2053 2053 2053 2053 2053 2053 2053
    2053 2053 2053 2065 2065 2065 2065 2065 2065 2065 2065 2065 2065
    2065 2065 2065 2065 2065 2065 2065 2065 2065 2078 2078 2090 2090
    2090 2090 2090 2090 2078 2078 2090 2090 2078 2078 2078 4295 4295
    4295 4241 2090 2065 2065 2065 2065 2065 2065 2053 2053 2053 2053
    2053 2053 2053 2053 2065 2065 2065 2065 2065 2065 2065 2065 2065
    2065 2078 2065 2065 2065 2065 2065 2065 2065 2065 2078 2078 2090
    2090 2090 2090 2078 2078 2078 2078 2078 2090 2078 2078 2078 4349
    4295 4295 2143 2116 2103 2065 2065 2065 2065 2053 2053 2053 2053
    2053 2053 2053 2053 2053 2065 2065 2065 2065 2065 2065 2078 2078
    2065 2065 2078 2078 2078 2065 2065 2065 2065 2065 2078 2078 2078
    2090 2090 2090 2090 2078 2078 2078 2078 2078 2078 2078 2078 2078
    4349 4349 4349 2143 2116 2078 2065 2065 2065 2065 2053 2053 2053
    2053 2053 2053 2053 2053 2065 2065 2065 2065 2065 2065 2065 2065
    2065 2065 2065 2065 2065 2065 2065 2065 2065 2065 2065 2078 2078
    2090 2090 2090 2090 2090 2078 2078 2078 2078 2078 2078 2078 2078
    2078 4349 4349 4405 2116 2090 2078 2065 2065 2065 2065 2065 2065
    2065 2065 2065 2053 2053 2053 2065 2065 2065 2065 2065 2065 2065
    2065 2065 2065 2065 2065 2065 2065 2078 2078 2078 2065 2065 2078
    2078 2090 2090 2078 2078 2078 2078 2078 2078 2078 2078 2078 2078
    2078 2078 2078 4349 4405 2116 2090 2078 2065 2065 2065 2065 2053
    2053 2053 2053 2053 2053 2053 2053 2065 2065 2065 2065 2065 2065
    2065 2065 2065 2065 2065 2065 2065 2065 2065 2078 2078 2065 2065
    2078 2078 2090 2090 2078 2078 2078 2078 2078 2078 2078 2078 2065
    2065 2078 2078 2078 2078 4405 2116 2078 2078 2065 2065 2065 2065
    2053 2053 2053 2053 2053 2053 2053 2053 2065 2065 2065 2065 2065
    2065 2065 2065 2053 2053 2053 2065 2065 2065 2065 2065 2078 2065
    2065 2078 2078 2090 2078 2078 2078 2078 2078 2078 2078 2078 2078
    2065 2065 2065 2065 2065 2065 2143 2143 2078 2065 2065 2065 2065
    2065 2053 2040 2040 2040 2053 2053 2053 2053 2053 2053 2065 2065
    2065 2065 2065 2053 2053 2053 2053 2065 2065 2065 2065 2065 2078
    2065 2065 2078 2078 2078 2078 2078 2078 2078 2078 2078 2078 2078
    2065 2065 2065 2065 2065 2065 4405 2129 2129 2065 2053 2053 2053
    2053 2065 2053 2040 2040 2040 2040 2053 2053 2053 2053 2053 2065
    2065 2065 2065 2065 2053 2053 2065 2065 2065 2065 2065 2065 2065
    2065 2065 2065 2078 2078 2078 2078 2078 2078 2078 2078 2078 2078
    2078 2065 2065 2065 2065 2065 2065 4405 2129 2040 2040 2040 2040
    2053 2053 2053 2053 2040 2040 2040 2040 2053 2053 2053 2053 2053
    2065 2065 2065 2065 2065 2065 2065 2065 2065 2065 2065 2065 2065
    2065 2065 2065 2065 2065 2065 2078 2065 2065 2078 2078 2078 2078
    2078 2078 2065 2065 2065 2065 2065 2065 4405 4582 2040 2040 2028
    2028 2028 2040 2040 2040 2040 2040 2040 2040 2053 2040 2040 2053
    2053 2065 2065 2053 2053 2065 2065 2065 2065 2065 2065 2065 2065
    2065 2065 2065 2065 2065 2065 2065 2065 2065 2065 2078 2078 2078
    2078 2078 2065 2065 2065 2065 2065 2065 2065 4405 4582 2040 2040
    2028 2028 2028 2040 2040 2040 2040 2040 2040 2040 2053 2040 2040
    2040 2053 2065 2065 2053 2053 2053 2065 2065 2065 2065 2065 2065
    2065 2065 2065 2065 2065 2065 2065 2065 2065 2065 2065 2078 2078
    2078 2078 2078 2065 2065 2065 2065 2065 2078 2078 4463 4582 4582
    2040 2028 2028 2028 2040 2040 2040 2040 2040 2040 2040 2040 2040
    2040 2040 2053 2053 2053 2053 2053 2053 2053 2065 2065 2065 2065
    2065 2065 2065 2065 2065 2065 2078 2065 2065 2065 2065 2065 2078
    2078 2078 2078 2078 2065 2065 2065 2065 2065 2078 2078 2103 4645
    4708 2028 2028 2028 2028 2040 2040 2040 2040 2040 2040 2040 2040
    2040 2040 2040 2053 2053 2053 2040 2040 2053 2053 2065 2065 2065
    2065 2065 2065 2065 2065 2065 2065 2065 2065 2065 2065 2065 2065
    2078 2078 2078 2078 2078 2065 2065 2065 2065 2065 2065 2078 2078
    4645 4708 2028 2028 2028 2028 2040 2040 2040 2040 2040 2040 2040
    2040 2040 2040 2040 2053 2040 2040 2040 2040 2053 2053 2065 2065
    2065 2065 2065 2065 2065 2065 2065 2065 2065 2065 2065 2065 2065
    2078 2078 2078 2078 2078 2078 2065 2065 2065 2065 2065 2065 2078
    2078 4645 4774 2028 2028 2028 2028 2040 2040 2040 2040 2040 2040
    2040 2040 2040 2040 2053 2053 2040 2040 2040 2040 2053 2053 2065
    2065 2065 2065 2065 2065 2065 2065 2065 2065 2065 2065 2065 2078
    2078 2078 2078 2078 2078 2078 2078 2065 2065 2065 2065 2065 2065
