<?xml version="1.0"?>
<opencv_storage>
<Depth6230 type_id="opencv-matrix">
  <rows>107</rows>
  <cols>72</cols>
  <dt>w</dt>
  <data>
    4349 4405 4405 4405 4405 4463 4405 4405 4405 4405 4463 4463 4463
    4463 4463 4522 4582 4582 4645 4645 4708 4708 951 946 946 938 935 930
    930 928 925 923 918 918 918 918 920 923 925 925 933 0 4842 0 4842
    4842 4842 4842 4842 4842 4911 4911 4983 4911 4911 4911 4911 4983
    4983 5056 5056 5056 5056 5056 5056 5056 5056 5056 5056 5056 5132
    5132 4405 4405 4405 4349 4349 4405 4405 4463 4405 4405 4405 4405
    4405 4463 4463 4522 4582 4582 4774 4774 4842 954 951 948 946 935 935
    930 930 925 923 920 915 915 918 918 920 923 923 933 933 940 0 943 0
    4842 4774 4774 4842 4842 4911 4911 4911 4842 4842 4911 4911 4911
    4983 5056 5056 5056 5056 5132 5132 5132 5132 5056 5056 5056 5132
    5132 4349 4405 4349 4349 4349 4405 4405 4463 4405 4405 4405 4405
    4405 4463 4463 4463 975 964 959 959 954 954 948 946 938 935 933 933
    930 925 923 918 915 915 915 915 918 923 923 933 940 940 943 943 0
    4774 4774 4774 4842 4911 4911 4911 4842 4842 4842 4842 4911 4911
    4983 5056 5056 5132 5132 5132 5210 5210 5132 5132 5132 5132 5132
    5132 4349 4349 4349 4349 4349 4349 4405 4405 4405 4405 4405 981 978
    978 975 975 975 964 962 956 954 954 948 946 938 933 933 930 928 925
    923 915 915 915 915 915 915 918 925 933 935 940 943 946 946 954 4911
    4911 4911 4911 4911 4911 4774 4774 4842 4842 4911 4911 4983 5056
    5056 5132 5132 5132 5132 5132 5132 5056 5056 5056 5132 5132 4349
    4349 4349 4349 4349 4349 4349 4405 0 4405 0 981 981 978 975 967 964
    962 962 956 954 951 948 946 935 933 933 930 928 923 920 915 915 915
    915 915 915 918 925 933 935 938 943 946 954 0 959 970 4911 4911 4911
    4911 4774 4774 4842 4842 4911 4911 4983 5056 5056 5132 5132 5132
    5132 5132 5132 5056 5056 5056 5132 5132 4349 4349 4349 4349 4349
    4349 4349 0 0 0 0 981 981 978 975 967 964 962 962 959 954 951 946
    943 935 933 930 928 925 923 920 915 913 913 913 913 915 918 925 933
    938 938 943 948 954 959 959 970 970 4842 4842 4842 4774 4774 4842
    4842 4911 4911 4983 5056 5056 5056 5056 5056 5056 5132 5132 5132
    5056 5056 5132 5132 4349 4349 4349 4349 0 0 0 0 0 0 0 978 978 975
    970 964 959 959 959 956 954 948 946 943 935 933 928 925 923 923 918
    913 913 913 913 913 915 918 930 933 935 935 943 948 954 959 964 970
    970 978 4842 4842 4774 4774 4911 4911 4911 4911 4983 5056 5056 5056
    5056 5056 5056 5056 5132 5132 5056 5056 5132 5132 4349 4349 4349
    4349 0 0 0 0 0 0 0 978 978 975 970 964 959 959 956 954 951 946 943
    943 935 930 928 925 923 920 915 913 913 913 913 913 915 918 928 933
    935 935 938 951 954 959 964 970 975 978 981 981 989 4983 4983 4911
    4911 4983 4983 4983 4983 4983 4983 5056 5056 5056 5056 5056 5132
    5132 5132 5210 4349 4349 4349 0 0 0 0 0 0 0 0 978 978 975 973 967
    962 959 956 951 948 946 943 935 933 930 925 923 920 918 913 913 913
    913 913 913 918 920 928 933 935 935 938 948 951 962 964 970 975 978
    981 987 989 992 992 998 4983 4983 4983 4983 4983 4983 4983 4983 4983
    4983 5056 5056 5056 5132 5132 5210 4349 4349 4349 0 0 0 0 0 0 0 0
    978 975 975 970 964 962 956 954 948 946 943 940 933 930 928 925 923
    918 915 913 910 910 910 910 913 918 923 928 933 933 935 940 946 951
    959 964 970 973 975 978 984 989 992 998 998 1001 1001 4983 4983 4911
    4911 4911 4983 4983 4983 5056 5056 5056 5056 5056 5210 4349 4349
    4349 0 0 0 0 0 0 0 0 978 975 973 970 964 962 956 954 948 946 943 940
    933 930 928 925 920 918 913 910 910 908 908 910 913 918 923 928 930
    933 935 940 946 951 959 962 967 970 973 978 984 989 995 998 1001
    1001 1001 1007 4911 4911 4911 4911 4983 4983 4983 5056 5056 5056
    5056 5056 5132 4349 4349 4405 0 0 0 0 0 0 0 0 975 970 967 964 962
    959 954 951 946 946 943 938 933 930 925 923 920 915 913 910 908 906
    906 908 910 918 923 925 930 933 935 940 946 951 956 962 967 970 973
    978 984 989 992 998 1001 1001 1007 1007 1013 1013 4983 4983 4983
    5056 5056 5056 5056 5056 5056 5056 5056 4349 4349 4405 0 0 0 0 0 0 0
    0 975 967 967 964 962 956 954 951 946 943 943 933 930 928 925 923
    918 915 913 908 908 906 906 908 910 915 923 925 930 933 935 940 946
    948 956 959 962 964 967 978 984 989 992 998 1001 1004 1007 1010 1013
    1013 1013 5132 5132 5056 5056 5132 5056 5056 5056 5056 5056 4349
    4349 4405 0 0 0 0 0 0 0 0 967 967 964 962 959 956 954 948 946 943
    940 933 930 925 923 920 915 913 908 908 906 906 906 906 910 915 923
    925 928 933 935 940 943 948 956 959 962 964 967 978 984 987 992 998
    1001 1004 1010 1010 1013 1013 1022 1025 1034 5210 5210 5210 5056
    5056 5056 5056 5056 4349 4349 4405 0 0 0 0 0 0 0 0 967 964 964 959
    956 956 951 946 946 943 940 933 928 925 923 918 915 910 908 906 903
    903 906 906 906 913 923 925 925 930 938 943 943 948 956 959 959 964
    967 981 984 987 989 992 1001 1004 1010 1010 1016 1019 1022 1025 1034
    1038 1038 5132 5132 5132 5056 5056 5056 4295 4295 4405 0 0 0 0 0 0 0
    0 967 964 962 959 956 954 948 946 946 943 933 930 925 923 920 918
    913 910 906 903 903 903 903 906 906 910 923 925 925 928 938 943 946
    948 956 959 959 964 967 978 984 987 989 992 998 1001 1007 1013 1016
    1016 1022 1025 1034 1038 1044 1050 1050 5056 5056 5056 4983 4295
    4295 0 0 0 0 0 0 0 0 0 967 964 962 959 956 951 946 946 943 940 930
    930 925 923 920 915 913 908 906 903 903 903 903 906 906 910 923 923
    925 928 935 943 943 948 956 959 962 964 970 978 984 987 989 992 998
    1001 1007 1013 1016 1016 1022 1028 1034 1041 1044 1050 1050 1054
    1054 5056 4983 4349 4349 0 0 0 0 0 0 0 0 967 967 964 962 959 954 948
    946 946 943 940 930 928 925 920 918 915 913 908 906 903 903 903 903
    906 906 918 920 923 925 928 933 940 943 948 954 959 962 967 970 978
    981 987 989 992 995 1001 1004 1010 1016 1019 1022 1028 1034 1038
    1044 1050 1050 1054 1060 1063 1063 4295 4295 0 0 0 0 0 0 0 0 967 964
    964 962 956 954 946 943 943 940 933 930 925 923 920 915 913 910 908
    906 903 903 903 903 906 906 915 920 923 925 928 933 938 943 948 954
    959 962 964 970 978 981 987 989 992 995 998 1001 1010 1016 1019 1025
    1028 1031 1038 1044 1047 1054 1054 1060 1063 1077 4295 4295 0 0 0 0
    0 0 0 0 964 964 964 959 956 951 946 943 943 940 933 928 925 923 918
    915 913 910 906 903 901 901 903 903 906 906 915 918 923 928 930 933
    938 943 948 954 959 959 964 970 975 978 981 989 992 995 998 1001
    1007 1016 1019 1025 1028 1031 1034 1041 1047 1050 1054 1060 1063
    1070 4349 4349 0 0 0 0 0 0 0 964 964 964 962 956 954 948 946 943 943
    933 930 925 923 920 918 915 913 910 906 901 901 901 901 903 908 908
    913 918 923 925 930 933 935 943 948 954 956 959 962 970 975 978 981
    987 992 995 998 1001 1004 1016 1022 1025 1028 1031 1034 1041 1047
    1050 1054 1060 1063 1067 4295 4349 0 0 0 0 0 0 0 964 964 964 962 956
    954 948 946 943 940 933 930 925 923 920 915 913 910 908 903 898 898
    898 901 903 906 910 913 918 923 925 928 933 935 943 946 954 956 956
    962 970 975 978 981 984 989 992 995 1001 1004 1016 1019 1025 1028
    1031 1034 1041 1047 1050 1054 1057 1063 1067 4295 0 0 0 0 0 0 0 0
    964 964 964 962 956 951 946 946 943 940 930 928 925 923 918 915 913
    910 906 901 896 896 898 898 903 906 910 913 918 923 925 928 930 935
    938 946 951 956 956 962 970 975 978 981 981 989 992 995 1001 1004
    1016 1019 1025 1028 1031 1038 1041 1047 1050 1054 1057 1060 1067
    4295 4295 0 0 0 0 0 0 0 967 964 962 956 954 948 946 943 940 933 930
    928 923 923 915 915 913 908 906 901 896 896 896 898 903 908 910 913
    918 923 925 928 930 935 938 943 948 954 959 964 970 973 975 981 981
    989 992 995 1001 1007 1016 1019 1022 1028 1034 1038 1041 1047 1050
    1054 1057 1060 0 4241 4241 0 0 0 0 0 0 0 0 959 956 954 951 948 946
    940 938 933 928 925 923 920 915 913 910 906 903 896 896 896 896 898
    903 906 910 913 915 920 923 928 930 935 938 943 948 951 959 967 970
