<?xml version="1.0"?>
<opencv_storage>
<Depth9109 type_id="opencv-matrix">
  <rows>10</rows>
  <cols>14</cols>
  <dt>w</dt>
  <data>
    6259 4295 4295 6146 6146 5832 5832 4582 4582 4463 4463 4463 4463 0
    4295 4295 4295 4463 4463 4522 4522 4522 4522 4463 4405 4405 4405
    4349 4295 4295 4463 4463 4463 4522 4522 4522 4463 4463 4405 4349
    4349 4349 4463 4522 4522 4522 4522 4522 4463 4463 4463 4405 4405
    4349 4349 4405 4463 4522 4522 4522 4522 4522 4463 4463 4405 4405
    4405 4349 4349 4349 4522 4522 4582 4522 4522 4522 4463 4463 4405
    4405 4522 4405 4405 4349 4645 4582 4522 4522 4522 4522 4522 4522
    4522 4522 4522 4405 4405 4349 4645 4463 4463 4522 4522 4522 4522
    4522 4582 4645 4645 4522 4522 4522 4645 4463 4463 4522 4522 4522
    4582 4582 4582 4645 4708 4708 4774 6146 6259 6038 5933 5933 4522
    4522 4645 4582 4582 4645 4708 4774 4774 6146</data></Depth9109>
</opencv_storage>
