<?xml version="1.0"?>
<opencv_storage>
<Depth0740 type_id="opencv-matrix">
  <rows>13</rows>
  <cols>13</cols>
  <dt>w</dt>
  <data>
    5056 5056 5056 4983 4983 4983 4983 4983 4983 4983 4983 4983 4983
    4983 4983 4983 4911 4911 4911 4911 4911 4911 4983 4983 4983 4983
    4983 4983 4911 4911 4911 4911 4911 4911 4911 4911 4983 4983 4911
    5056 4983 4911 4911 4911 4911 4911 4911 4911 4911 4911 4842 4842
    5056 4983 4983 4911 4911 4911 4911 4911 4911 4911 4842 4842 4842
    5056 4983 4983 4911 4911 4911 4911 4842 4842 4842 4842 4842 4842
    4983 4911 4911 4911 4911 4911 4842 4842 4842 4842 4842 4842 4842
    4911 4911 4911 4911 4911 4911 4842 4842 4842 4842 4842 4842 4774
    4911 4911 4911 4911 4911 4842 4842 4842 4842 4842 4842 4842 4774
    4983 4983 4911 4911 4911 4842 4842 4842 4842 4842 4774 4774 4842
    5056 4983 4983 4911 4911 4911 4842 4842 4842 4842 4774 4774 4842
    5132 5056 5056 4983 4911 4911 4842 4842 4842 4842 4842 4774 4774
    5132 5132 5132 5056 4983 4983 4983 4911 4842 4842 4774 4774 4774</data></Depth0740>
</opencv_storage>
