<?xml version="1.0"?>
<opencv_storage>
<Depth11434 type_id="opencv-matrix">
  <rows>9</rows>
  <cols>21</cols>
  <dt>w</dt>
  <data>
    3859 3859 3859 3903 3903 3903 3903 3859 3859 3859 3859 3859 3859
    3859 3859 3948 3903 3859 3774 3774 4774 3859 3859 3903 3903 3859
    3859 3859 3816 3816 3859 3859 3859 3859 3859 3859 3903 3903 3859
    3774 3774 3859 3903 3903 3859 3859 3859 3859 3859 3816 3816 3816
    3859 3859 3859 3816 3816 3859 3903 3859 3859 3859 3859 3903 3859
    3859 3859 3859 3859 3859 3859 3816 3816 3859 3859 3859 3816 3816
    3859 3859 3859 3859 3859 3859 3903 3859 3859 3859 3859 3859 3859
    3816 3816 3859 3859 3859 3903 3774 3774 3774 3859 3859 3859 3859
    3859 3903 3903 3859 3859 3859 3859 3859 3816 3816 3859 3816 3816
    3816 3774 3774 3774 3859 3859 3859 3859 3903 3859 3859 3859 3859
    3859 3859 3859 3816 3816 3816 3816 3816 3816 3774 3774 3774 3816
    3816 3816 3816 3816 3859 3859 3859 3859 3859 3774 3774 3774 3774
    3774 3774 3774 3859 3859 3816 3816 3816 3816 3816 3816 3816 0 0 0 0
    0 3774 3774 3774 3774 3774 3774 3774 0 0 0 0 4842 4774 4774 4774
    4774</data></Depth11434>
</opencv_storage>
