<?xml version="1.0"?>
<opencv_storage>
<Depth6261 type_id="opencv-matrix">
  <rows>103</rows>
  <cols>72</cols>
  <dt>w</dt>
  <data>
    4522 4522 4522 4522 4582 4582 4582 4582 4582 4582 4582 4582 4582
    4582 4582 4708 4708 4708 4708 4708 4774 4708 4708 4774 995 989 989
    989 989 989 989 989 992 992 998 998 1004 4983 4983 4983 4983 4983
    5056 5056 5056 5056 5056 5132 5132 5132 5132 5132 5132 5056 5056
    5056 5056 5056 5056 5132 5132 5132 5210 5210 5210 5210 5374 0 0 0 0
    0 4522 4522 4522 4522 4582 4582 4582 4582 4582 4582 4582 4582 4582
    4582 4582 4645 4645 4708 4708 4708 4774 4774 4774 4774 995 992 992
    989 989 989 989 989 992 992 998 1004 1004 1010 1013 5132 5132 5132
    5056 5056 5056 5056 5056 5132 5132 5132 5132 5210 5210 5132 5132
    5210 5210 5210 5210 5132 5132 5132 5210 5210 5291 5291 5291 5291
    5291 5291 0 0 4463 4463 4522 4522 4522 4522 4522 4582 4582 4645 4645
    4645 4645 4645 4645 4645 4645 4645 4708 4708 1025 1022 1016 1007 998
    992 989 989 987 987 987 989 992 995 1001 1004 1007 1010 1013 1013
    5132 5132 5132 5056 5056 5056 5056 5132 5132 5210 5210 5210 5210
    5210 5210 5210 5210 5210 5210 5210 5132 5132 5210 5291 5291 5291
    5210 5210 5291 5291 5291 5291 4463 4463 4522 4463 4463 4522 4522
    4582 4645 4645 4645 4645 4645 4645 1054 4645 4645 4645 1038 1028
    1022 1019 1013 1004 998 992 989 989 987 987 987 989 992 998 1001
    1004 1007 1010 1013 1016 1016 1016 1022 5056 5056 5056 5132 5132
    5210 5210 5210 5210 5210 5210 5210 5210 5210 5210 5210 5210 5210
    5210 5210 5291 5210 5210 5210 5210 5291 5291 5291 5291 4463 4463
    4522 4463 4463 4463 4463 4522 4645 4645 4842 4842 4842 1054 1054
    1054 1047 1038 1031 1025 1022 1016 1010 1001 995 989 987 987 987 987
    987 989 989 998 1004 1004 1010 1010 1013 1016 1016 1022 1022 1025
    5210 5210 5210 5210 5210 5210 5210 5210 5132 5132 5210 5132 5132
    5210 5210 5210 5210 5210 5291 5291 5210 5210 5291 5291 5291 5291
    5291 5291 4463 4463 4522 4522 4522 4463 4463 4522 4645 0 0 0 1060
    1054 1054 1047 1041 1038 1031 1025 1022 1016 1007 1001 995 989 987
    987 987 987 987 989 989 995 1001 1004 1007 1010 1013 1016 1019 1022
    1025 1025 1028 1038 5291 5291 5210 5210 5210 5210 5132 5132 5210
    5132 5132 5210 5210 5291 5210 5210 5291 5291 5291 5291 5291 5291
    5291 5291 5291 5291 4463 4522 4522 4522 4522 4522 0 0 0 0 0 1063 0
    1060 1054 1047 1038 1034 1031 1025 1022 1016 1007 1001 992 989 984
    984 987 987 987 989 989 995 1001 1001 1004 1010 1010 1016 1019 1025
    1025 1028 1028 1038 1038 1038 5374 5291 5210 5210 5210 5210 5210
    5210 5210 5210 5210 5210 5210 5291 5210 5210 5291 5291 5291 5291
    5291 5291 5291 5291 4463 4463 4463 4463 4522 4582 0 0 0 0 0 0 1063
    1060 1054 1047 1038 1034 1028 1025 1019 1013 1007 998 989 987 984
    984 984 984 987 987 989 992 998 998 1001 1007 1010 1016 1019 1025
    1025 1028 1028 1031 1038 1041 1041 1047 1050 5291 5291 5210 5132
    5132 5132 5132 5210 5210 5210 5210 5210 5210 5291 5291 5291 5291
    5291 5291 5291 5291 4463 4463 4463 4463 4522 0 0 0 0 0 0 1063 1060
    1060 1054 1041 1038 1034 1028 1025 1016 1013 1004 995 989 987 984
    984 984 984 984 987 989 992 998 998 1001 1007 1010 1016 1019 1022
    1025 1028 1031 1031 1038 1041 1044 1047 1050 1050 5210 5210 5132
    5132 5132 5132 5210 5210 5210 5210 5210 5210 5291 5291 5291 5291
    5291 5291 5291 5291 4463 4463 4463 4463 4522 0 0 0 0 0 1060 1060
    1057 1057 1050 1038 1034 1031 1028 1022 1016 1013 1001 992 989 987
    981 981 981 981 984 987 989 992 998 998 1001 1007 1010 1016 1019
    1022 1022 1025 1028 1034 1038 1041 1044 1047 1050 1050 1050 1060
    1063 5132 5132 5132 5210 5291 5210 5210 5210 5210 5291 5291 5291
    5291 5291 5291 5291 5291 4463 4463 4463 4463 0 0 0 0 0 0 1060 1060
    1057 1050 1047 1038 1034 1028 1025 1022 1016 1004 998 992 987 984
    981 981 981 981 984 987 989 992 998 1001 1001 1007 1013 1016 1019
    1022 1022 1025 1028 1034 1038 1041 1044 1047 1050 1050 1054 1060
    1063 1063 1063 5210 5210 5291 5210 5210 5210 5210 5291 5291 5291
    5291 5291 5291 5291 5291 4463 4463 4463 4463 0 0 0 0 0 0 1060 1060
    1057 1050 1041 1038 1031 1025 1022 1019 1013 1001 995 989 984 981
    978 978 978 978 981 987 989 992 998 1001 1004 1007 1010 1013 1019
    1022 1022 1025 1028 1034 1038 1041 1044 1047 1050 1050 1054 1057
    1060 1063 1067 1070 1070 1070 5210 5210 5210 5210 5291 5291 5291
    5291 5291 5291 5291 5291 4463 4463 4463 4463 0 0 0 0 0 1060 1060
    1060 1057 1047 1041 1038 1031 1025 1022 1016 1010 1001 995 989 984
    978 978 978 978 978 981 987 989 992 998 1001 1004 1004 1007 1013
    1019 1022 1022 1025 1028 1034 1038 1041 1044 1047 1047 1050 1054
    1057 1060 1063 1067 1070 1070 1070 1077 1077 5291 5291 5291 5291
    5291 5291 5291 5291 5291 5291 4463 4405 4405 4405 0 0 0 0 0 1060
    1057 1057 1054 1047 1041 1034 1028 1025 1019 1013 1010 998 995 989
    981 978 978 978 978 978 981 984 987 989 995 1001 1004 1004 1007 1010
    1019 1022 1025 1025 1028 1031 1038 1041 1041 1044 1047 1050 1050
    1057 1060 1067 1067 1070 1070 1070 1077 1084 1084 1084 1090 5374
    5374 5291 5291 5291 5291 5291 4463 4405 4405 4405 0 0 0 0 0 1060
    1057 1050 1050 1044 1038 1031 1025 1022 1016 1013 1007 998 992 987
    981 978 978 978 978 978 981 984 987 987 995 1001 1001 1004 1004 1010
    1016 1019 1025 1025 1028 1031 1034 1038 1041 1044 1047 1050 1050
    1054 1060 1063 1067 1070 1073 1077 1080 1084 1084 1094 1090 1090
    1090 5374 5374 5374 5374 5291 4463 4405 4405 4405 0 0 0 0 0 0 1057
    1050 1050 1044 1038 1031 1025 1019 1016 1010 1001 995 989 987 981
    978 978 975 975 978 981 984 987 987 995 1001 1001 1004 1004 1010
    1013 1019 1022 1025 1025 1031 1034 1038 1041 1044 1047 1050 1050
    1054 1057 1063 1067 1070 1073 1077 1080 1084 1087 1094 1090 1090
    1094 1090 1090 1090 5291 5291 4463 4463 4463 4463 0 0 0 0 0 0 1054
    1050 1047 1041 1034 1028 1025 1019 1013 1010 998 995 989 984 978 978
    975 975 975 975 978 984 984 987 992 998 1001 1001 1004 1013 1013
    1016 1019 1022 1025 1031 1034 1038 1041 1041 1047 1050 1050 1054
    1057 1060 1063 1067 1073 1077 1080 1084 1090 1094 1094 1094 1094
    1090 1090 1105 1105 1105 4463 4463 4463 0 0 0 0 0 0 0 1054 1050 1047
    1041 1034 1028 1022 1019 1013 1007 998 992 987 984 978 975 975 973
    973 975 978 984 984 987 992 998 1001 1001 1004 1013 1013 1016 1019
    1019 1025 1028 1034 1038 1041 1041 1044 1050 1050 1054 1054 1060
    1063 1067 1073 1077 1077 1080 1087 1090 1094 1097 1101 1105 1105
    1105 1105 1108 4463 4463 4463 0 0 0 0 0 0 0 1054 1050 1044 1041 1034
    1028 1022 1016 1013 1007 995 989 987 981 975 975 973 973 973 973 978
    984 987 987 992 995 1001 1001 1004 1013 1013 1016 1019 1019 1025
    1028 1034 1038 1041 1041 1044 1050 1050 1054 1054 1060 1063 1067
    1073 1077 1077 1080 1080 1084 1090 1097 1105 1105 1108 1108 1108
    1108 4463 4463 4463 0 0 0 0 0 0 0 1054 1050 1044 1038 1031 1025 1022
    1016 1010 1004 992 989 987 981 975 975 973 973 973 973 975 984 984
    987 995 995 998 1001 1004 1010 1013 1016 1019 1019 1025 1028 1034
    1038 1038 1041 1044 1050 1050 1050 1054 1060 1063 1067 1073 1077
    1077 1080 1080 1084 1090 1094 1097 1101 1105 1108 1108 1112 4463
    4405 4405 0 0 0 0 0 0 0 1054 1050 1041 1034 1031 1025 1019 1013 1010
    1004 989 989 987 981 973 973 970 970 973 975 975 984 984 987 992 995
    998 1001 1004 1010 1013 1016 1019 1019 1022 1028 1031 1034 1038 1041
    1044 1047 1050 1050 1054 1060 1067 1067 1073 1077 1077 1080 1080
    1084 1087 1094 1097 1101 1105 1108 1112 1112 4405 4405 4405 0 0 0 0
    0 0 0 1050 1047 1041 1034 1028 1022 1016 1013 1007 995 989 987 984
    978 973 973 970 970 973 975 975 981 984 987 992 998 998 1001 1004
    1010 1013 1016 1016 1016 1022 1028 1031 1034 1038 1041 1044 1047
    1050 1050 1054 1060 1067 1067 1070 1073 1077 1077 1080 1080 1087
    1094 1097 1101 1105 1108 1112 1112 4405 4405 4405 0 0 0 0 0 1054
    1050 1047 1044 1038 1031 1025 1022 1016 1010 1007 992 989 987 984
