<?xml version="1.0"?>
<opencv_storage>
<Depth5152 type_id="opencv-matrix">
  <rows>59</rows>
  <cols>48</cols>
  <dt>w</dt>
  <data>
    4405 4405 4405 4405 4405 4405 4405 4405 4405 4405 4405 4405 4405
    4405 4405 4405 4405 4405 1722 1722 1731 1713 1713 4405 4405 4463
    1731 1731 1731 1731 4522 4463 4463 4463 4463 4463 4463 4463 4463
    4522 4522 4522 4582 4522 4522 4522 4582 4522 4405 4405 4405 4405
    4405 4405 4405 4405 4405 4405 4405 4405 4405 4405 4349 4349 4349
    1722 1713 1713 1713 1713 1713 1705 1705 1705 1722 1731 1731 1731
    1731 4463 4463 4463 4463 4463 4463 4463 4463 4522 4522 4522 4582
    4582 4522 4522 4582 4522 4405 4405 4405 4405 4405 4405 4405 4405
    4405 4405 4405 4405 4405 4349 1722 1713 1705 1705 1705 1705 1705
    1705 1705 1705 1705 1705 1722 1731 1731 1731 1731 4463 4463 4463
    4463 4463 4463 4463 4463 4522 4522 4522 4582 4582 4582 4522 4522
    4522 4405 4405 4405 4405 4405 4405 4405 4405 4405 4405 4405 1731
    1731 1731 1722 1705 1705 1705 1696 1696 1705 1705 1705 1705 1705
    1705 1713 1722 1731 1731 1731 4405 4405 4405 4405 4405 4463 4463
    4463 4522 4522 4522 4522 4522 4522 4522 4522 4522 4405 4405 4405
    4405 4405 4405 4405 4405 4349 4295 4295 1731 1731 1722 1713 1705
    1696 1696 1696 1696 1696 1696 1705 1705 1705 1705 1713 1722 1722
    1731 1731 1731 4405 4405 4405 4405 4405 4463 4463 4522 4522 4522
    4522 4522 4522 4522 4522 4522 4405 4405 4405 4349 1853 1853 1813
    1804 1785 1785 1739 1731 1731 1722 1713 1705 1696 1696 1688 1688
    1688 1696 1696 1705 1705 1705 1713 1722 1722 1731 1731 1731 4405
    4405 4405 4405 4405 4463 4463 4522 4522 4522 4522 4522 4522 4522
    4522 4522 4405 4405 4405 4349 1823 1813 1804 1794 1785 1776 1739
    1731 1731 1722 1713 1705 1696 1696 1688 1688 1688 1696 1696 1705
    1705 1705 1705 1713 1722 1722 1722 1722 1722 4405 4405 4405 4405
    4463 4463 4522 4522 4522 4522 4522 4522 4522 4522 4522 4349 1894
    1853 1843 1823 1813 1804 1794 1776 1776 1739 1731 1731 1722 1713
    1705 1696 1696 1688 1688 1688 1696 1696 1696 1696 1705 1705 1713
    1713 1722 1713 1713 1713 4349 4349 4349 4405 4463 4463 4522 4522
    4522 4522 4522 4522 4522 4522 4522 1894 1873 1853 1843 1813 1813
    1804 1785 1776 1776 1748 1739 1731 1722 1713 1705 1696 1696 1688
    1688 1688 1688 1696 1696 1696 1696 1705 1705 1705 1705 1713 1713
    1713 1713 4349 4349 4405 4463 4463 4522 4522 4522 4463 4463 4522
    4522 4522 4522 1894 1873 1853 1833 1813 1813 1794 1785 1776 1776
    1766 1739 1731 1731 1713 1705 1696 1688 1688 1688 1688 1688 1696
    1696 1696 1696 1705 1705 1705 1705 1713 1713 1713 1713 4405 4405
    4405 4463 4463 4463 4522 4522 4463 4463 4463 4522 4522 4522 1873
    1863 1863 1833 1813 1813 1794 1785 1776 1776 1766 1739 1739 1731
    1722 1705 1696 1688 1688 1688 1688 1688 1688 1696 1696 1705 1705
    1705 1705 1713 1713 1713 1713 1713 4405 4405 4405 4463 4463 4463
    4522 4522 4463 4463 4463 4522 4522 4522 1873 1863 1853 1843 1823
    1813 1804 1785 1776 1776 1766 1748 1739 1731 1722 1705 1696 1696
    1688 1688 1688 1688 1688 1696 1696 1696 1696 1705 1705 1713 1713
    1722 1722 1722 4463 4463 4463 4463 4463 4463 4522 4522 4463 4463
    4463 4522 4522 4522 1873 1863 1853 1843 1833 1813 1804 1785 1785
    1776 1766 1748 1739 1731 1722 1713 1705 1696 1688 1688 1688 1688
    1688 1688 1696 1696 1696 1705 1705 1705 1705 1713 1713 1713 1713
    4463 4463 4405 4405 4463 4522 4522 4463 4463 4463 4463 4522 4522
    1873 1863 1853 1843 1843 1813 1804 1794 1785 1776 1776 1748 1739
    1731 1731 1713 1705 1696 1696 1688 1688 1688 1688 1688 1696 1696
    1696 1705 1705 1705 1705 1713 1705 1705 1705 4405 4405 4405 4405
    4522 4522 4522 4522 4463 4463 4463 4522 4522 1873 1863 1853 1843
    1843 1833 1813 1794 1785 1776 1776 1766 1739 1731 1731 1722 1705
    1705 1696 1688 1688 1688 1688 1688 1688 1696 1696 1696 1705 1705
    1705 1705 1705 1705 1705 4349 4349 4349 4405 4522 4522 4522 4463
    4463 4463 4463 4522 4522 1873 1873 1853 1853 1843 1833 1823 1804
    1794 1785 1776 1776 1739 1739 1731 1722 1713 1705 1696 1688 1688
    1688 1688 1688 1688 1696 1696 1696 1705 1705 1705 1705 1705 1705
    1705 1705 4349 4349 4405 4522 4522 4522 4463 4463 4463 4463 4522
    4522 1873 1873 1853 1853 1843 1833 1823 1813 1804 1785 1785 1776
    1748 1739 1731 1731 1713 1705 1696 1688 1688 1680 1680 1680 1680
    1680 1688 1688 1705 1705 1705 1705 1705 1705 1705 1713 1713 4405
    4405 4522 4522 4522 4463 4463 4463 4522 4522 4522 4295 1863 1863
    1853 1843 1833 1823 1813 1804 1794 1785 1776 1748 1739 1739 1731
    1713 1705 1696 1696 1688 1680 1671 1671 1680 1680 1688 1688 1696
    1696 1696 1696 1705 1705 1705 1705 1705 4463 4463 4463 4463 4463
    4463 4463 4463 4463 4522 4463 4295 1863 1863 1853 1843 1833 1823
    1813 1804 1804 1785 1776 1748 1739 1739 1731 1713 1705 1705 1696
    1688 1671 1671 1671 1680 1680 1688 1688 1696 1696 1696 1696 1705
    1705 1705 1705 1722 1722 4463 4463 4463 4463 4463 4463 4463 4463
    4522 4463 4295 4295 1863 1853 1843 1833 1823 1813 1813 1804 1785
    1776 1757 1739 1739 1731 1713 1705 1705 1696 1688 1671 1671 1671
    1680 1680 1680 1688 1688 1696 1696 1696 1696 1705 1705 1705 1713
    1713 4463 4463 4463 4463 4463 4463 4463 4463 4463 4463 4349 4349
    1863 1853 1843 1843 1823 1823 1813 1804 1794 1776 1766 1748 1739
    1731 1722 1713 1705 1696 1688 1671 1671 1671 1671 1680 1680 1688
    1688 1688 1696 1696 1696 1705 1705 1705 1713 1713 4463 4463 4463
    4463 4463 4463 4463 4463 4463 4463 4295 1873 1873 1863 1853 1843
    1833 1823 1813 1804 1794 1776 1766 1757 1739 1731 1722 1713 1705
    1696 1688 1671 1671 1671 1671 1671 1680 1688 1688 1688 1696 1696
    1696 1705 1705 1705 1713 1713 4463 4463 4463 4463 4463 4463 4463
    4463 4463 4463 4295 4295 1883 1863 1853 1843 1833 1823 1813 1804
    1794 1776 1766 1757 1739 1731 1722 1722 1705 1696 1688 1688 1671
    1671 1671 1671 1680 1680 1680 1688 1696 1696 1696 1696 1696 1705
    1713 1713 1713 4463 4463 4463 4463 4463 4463 4463 4463 4463 4241
    4241 1883 1863 1853 1843 1843 1823 1813 1804 1794 1776 1766 1757
    1739 1731 1731 1722 1713 1705 1696 1696 1671 1671 1680 1671 1671
    1680 1680 1688 1688 1696 1696 1696 1696 1696 1713 1713 1713 4463
    4463 4463 4463 4463 4463 4463 4463 4463 4241 4241 1873 1863 1853
    1853 1843 1823 1813 1804 1794 1776 1766 1757 1739 1731 1731 1722
    1713 1705 1696 1696 1688 1680 1671 1671 1671 1680 1680 1688 1688
    1688 1688 1696 1696 1696 1713 1713 1713 1713 4463 4463 4463 4463
    4463 4463 4463 4463 4241 4241 1853 1853 1863 1853 1843 1833 1823
    1804 1804 1776 1766 1766 1748 1739 1731 1731 1713 1705 1696 1696
    1688 1680 1671 1671 1671 1680 1680 1680 1680 1688 1688 1696 1696
    1705 1713 1713 1713 1713 4463 4463 4463 4463 4463 4463 4463 4463
    4241 4241 1853 1853 1863 1853 1853 1843 1823 1813 1804 1776 1776
    1766 1757 1739 1731 1731 1722 1705 1705 1696 1680 1680 1671 1671
    1671 1671 1680 1680 1680 1688 1688 1696 1696 1696 1713 1713 1713
    1713 4463 4463 4463 4463 4463 4463 4405 4405 4295 4349 1853 1853
    1863 1863 1853 1843 1833 1813 1804 1776 1776 1766 1757 1739 1731
    1731 1722 1713 1705 1696 1680 1680 1671 1671 1671 1671 1671 1671
    1671 1680 1688 1688 1696 1696 1705 1713 1713 1713 4463 4463 4463
    4463 4463 4405 4405 4405 4295 4295 4295 1873 1863 1863 1853 1843
    1833 1813 1813 1785 1776 1766 1766 1739 1731 1731 1731 1722 1705
    1696 1688 1680 1671 1671 1671 1671 1671 1671 1671 1680 1680 1688
    1696 1696 1705 1705 1713 1713 1713 4463 4463 4463 4463 4405 4405
    4405 4295 4295 4295 1873 1863 1863 1853 1843 1833 1823 1813 1794
    1776 1776 1766 1748 1731 1731 1731 1731 1713 1696 1688 1680 1671
    1671 1671 1671 1671 1671 1671 1680 1680 1680 1688 1696 1705 1705
    1705 1705 1705 4463 4463 4463 4463 4463 4405 4405 4295 4295 4241
    1883 1873 1863 1863 1853 1833 1823 1804 1794 1776 1776 1766 1757
    1739 1731 1731 1731 1713 1705 1688 1671 1671 1671 1671 1663 1663
    1671 1671 1671 1680 1680 1688 1688 1705 1705 1705 1705 1705 4463
