<?xml version="1.0"?>
<opencv_storage>
<Depth14731 type_id="opencv-matrix">
  <rows>17</rows>
  <cols>35</cols>
  <dt>w</dt>
  <data>
    2835 2835 2835 2859 2859 2883 2883 2859 2859 3614 3576 3539 3433
    3399 3399 3433 3433 3468 3468 3503 3576 3576 3539 3468 3468 3468
    3468 3468 3468 3468 3433 3433 3433 3468 3468 2835 2835 2835 2859
    2859 2883 2883 2859 2859 2859 2859 2859 2835 2835 2835 2835 2835
    2859 2812 2812 3576 3576 3576 3539 3539 3468 3468 3468 3468 3468
    3433 3433 3468 3468 3503 2859 2835 2835 2835 2835 2835 2883 2859
    2859 2859 2859 2859 2835 2835 2835 2835 2835 2859 2812 2789 2767
    2767 2767 2767 2767 2789 2789 2789 2812 3399 3399 3399 3468 3468
    3503 2835 2835 2835 2835 2835 2835 2859 2859 2859 2859 2859 2859
    2812 2812 2812 2812 2789 2767 2767 2789 2767 2767 2767 2767 2767
    2767 2789 2789 2767 2767 3365 3399 3468 2767 2767 2789 2789 2835
    2835 2835 2835 2835 2835 2835 2859 2859 2835 2812 2812 2789 2789
    2767 2767 2767 2789 2789 2789 2767 2744 2744 2744 2744 2767 2767
    2767 2767 2767 2767 2680 2680 2789 2789 2835 2835 2835 2835 2835
    2835 2835 2835 2812 2789 2789 2789 2789 2789 2767 2767 2789 2789
    2789 2767 2767 2744 2744 2744 2744 2767 2767 2767 2744 2744 2744
    2680 2680 2835 2835 2859 2835 2835 2835 2835 2835 2835 2835 2812
    2789 2789 2789 2789 2789 2767 2767 2767 2767 2767 2767 2767 2744
    2744 2767 2767 2767 2767 2767 2744 2744 2744 2723 2701 2859 2859
    2859 2835 2835 2835 2835 2835 2835 2835 2812 2789 2789 2789 2789
    2789 2767 2767 2767 2767 2767 2767 2767 2744 2744 2767 2767 2767
    2767 2767 2767 2744 2744 2744 2723 2883 2859 2859 2859 2835 2835
    2835 2835 2835 2835 2812 2789 2789 2789 2789 2789 2789 2789 2789
    2767 2767 2767 2767 2767 2767 2767 2767 2767 2767 2767 2744 2744
    2744 2767 2744 2883 2859 2859 2859 2859 2835 2835 2835 2859 2859
    2812 2789 2789 2789 2812 2812 2812 2789 2789 2767 2767 2767 2767
    2767 2767 2767 2767 2767 2767 2767 2744 2744 2744 2767 2767 2883
    2859 2859 2859 2859 2859 2859 2859 2835 2812 2812 2812 2789 2789
    2789 2789 2812 2812 2812 2789 2789 2789 2789 2789 2789 2767 2767
    2767 2767 2767 2767 2767 2767 2789 2767 2908 2859 2859 2859 2859
    2859 2859 2835 2835 2812 2812 2812 2812 2812 2789 2789 2789 2812
    2789 2789 2789 2812 2789 2789 2789 2789 2789 2767 2767 2767 2767
    2767 2767 2767 2767 0 2859 2859 2859 0 2883 2859 2835 2835 2835 2835
    2859 2835 2812 2789 2789 2789 2812 2789 2789 2789 2812 2812 2767
    2767 2789 2767 2767 2767 2767 2767 2767 2767 2767 2767 0 0 0 0 0 0 0
    2835 2835 2835 2835 2883 2883 2859 2812 2812 2812 2812 2812 2812
    2812 2859 2812 2767 2767 2767 2767 2767 2767 2767 2767 2767 2767
    2744 2744 0 0 0 0 0 0 0 0 2835 2835 2835 2883 2883 2883 0 0 2812
    2812 0 2908 2908 2958 2958 2767 2767 2767 2767 2767 2767 2767 2767
    2767 2767 2744 2744 0 0 0 0 0 0 0 0 0 0 2908 2908 2908 2908 0 0 0 0
    0 2958 2958 2958 0 0 2812 2767 2767 2767 0 0 2744 2744 2744 2767
    2767 0 0 0 0 0 0 0 0 0 0 0 0 0 0 0 0 0 0 0 0 0 0 0 0 2812 2767 2767
    2767 0 0 0 2680 2680 2680 2723</data></Depth14731>
</opencv_storage>
