<?xml version="1.0"?>
<opencv_storage>
<Depth4850 type_id="opencv-matrix">
  <rows>43</rows>
  <cols>40</cols>
  <dt>w</dt>
  <data>
    4911 4911 4842 4842 4911 4842 4842 4842 4842 4842 4842 4842 4842
    4842 4842 4774 4774 4842 2618 2618 2618 2639 2639 2639 4645 4645
    4708 4708 4708 4708 4708 4708 4708 4645 4645 4645 4645 4645 4645
    4645 4911 4911 4842 4842 4911 4842 4842 4842 4842 4842 4842 4842
    4842 4842 4842 4842 4842 2618 2618 2618 2618 2618 2618 2618 4463
    4463 4645 4708 4708 4708 4708 4708 4708 4645 4645 4645 4645 4645
    4645 4645 4911 4911 4911 4911 4911 4911 4842 4842 4842 4842 4842
    4774 4774 2618 2618 2618 2618 2639 2598 2598 2598 2618 2618 2618
    2639 4463 4645 4708 4708 4708 4708 4708 4708 4708 4645 4645 4645
    4645 4645 4645 4911 4911 4911 4911 4911 4911 4842 4842 4842 4842
    4842 4774 2598 2598 2598 2598 2598 2598 2598 2598 2598 2598 2618
    2618 2639 2639 4708 4708 4708 4708 4708 4708 4708 4708 4708 4708
    4708 4645 4645 4645 4911 4911 4911 4911 4911 4911 4842 4842 4842
    4842 2579 2560 2560 2579 2579 2579 2598 2598 2598 2598 2598 2598
    2618 2618 2639 2639 2639 4708 4708 4708 4708 4708 4708 4708 4708
    4708 4708 4645 4645 4645 4911 4911 4911 4911 4911 4911 4842 4842
    4842 2560 2560 2560 2560 2579 2579 2579 2579 2579 2598 2598 2598
    2598 2618 2618 2618 2639 2598 2598 4774 4708 4708 4708 4708 4708
    4708 4708 4708 4645 4645 4645 4911 4911 4911 4911 4842 4842 2560
    2541 2541 2560 2560 2541 2541 2560 2560 2579 2579 2579 2598 2598
    2598 2598 2618 2618 2618 2639 2598 2598 4774 4708 4708 4708 4708
    4708 4708 4708 4645 4645 4645 4645 4911 4911 4911 4911 2541 2541
    2541 2541 2541 2541 2541 2541 2541 2560 2560 2579 2579 2579 2598
    2618 2618 2618 2618 2618 2618 2618 2618 2598 2598 4708 4708 4708
    4708 4708 4708 4708 4645 4645 4645 4645 4842 4911 4911 2560 2541
    2541 2541 2541 2541 2541 2541 2541 2541 2560 2560 2579 2579 2579
    2579 2618 2618 2618 2618 2618 2618 2618 2618 2598 2598 4708 4645
    4645 4708 4708 4708 4708 4708 4645 4645 4645 4842 4842 2560 2560
    2522 2522 2522 2522 2522 2541 2522 2522 2541 2560 2579 2560 2560
    2579 2579 2579 2579 2598 2598 2598 2618 2618 2618 2598 2598 2598
    4645 4645 4708 4708 4708 4708 4708 4645 4645 4645 2598 2598 2560
    2541 2522 2522 2522 2522 2522 2522 2522 2522 2541 2560 2560 2560
    2560 2579 2579 2579 2579 2579 2598 2598 2598 2618 2618 2618 2598
    2598 2618 2618 4645 4708 4708 4708 4708 4645 4645 4645 2598 2598
    2560 2541 2541 2522 2522 2522 2522 2522 2522 2522 2541 2560 2560
    2560 2560 2579 2579 2579 2579 2579 2598 2598 2598 2618 2618 2618
    2618 2618 2618 2618 4645 4645 4645 4645 4645 4645 4645 4645 2598
    2598 2579 2560 2541 2541 2522 2522 2522 2522 2522 2522 2541 2541
    2560 2560 2560 2579 2579 2579 2579 2579 2579 2598 2598 2598 2618
    2618 2618 2618 2618 2618 2659 4645 4645 4645 4645 4645 4645 4645
    2598 2579 2560 2560 2560 2541 2522 2522 2522 2522 2522 2522 2541
    2541 2560 2560 2560 2560 2579 2579 2579 2579 2579 2598 2598 2598
    2598 2598 2618 2618 2618 2639 2659 2659 4708 4708 4708 4708 4708
    4708 2598 2579 2560 2560 2560 2541 2541 2522 2522 2522 2522 2522
    2541 2541 2560 2560 2560 2560 2560 2579 2560 2560 2579 2579 2598
    2598 2598 2598 2618 2618 2618 2639 2639 2639 4708 4708 4708 4708
    4708 4708 4842 2598 2579 2560 2560 2541 2541 2522 2522 2522 2522
    2522 2541 2541 2560 2560 2560 2560 2560 2560 2560 2560 2579 2579
    2579 2598 2598 2598 2618 2618 2618 2618 2618 2618 4708 4708 4708
    4708 4708 4708 4842 4842 2598 2579 2560 2560 2541 2541 2541 2522
    2522 2541 2541 2560 2560 2560 2560 2560 2560 2560 2560 2560 2579
    2579 2579 2598 2598 2598 2598 2598 2598 2618 2598 2598 4708 4708
    4708 4708 4708 4708 4842 4842 2618 2598 2579 2560 2541 2541 2541
    2522 2522 2541 2541 2541 2541 2541 2541 2560 2560 2560 2560 2560
    2579 2579 2579 2598 2598 2598 2598 2598 2598 2618 2598 2598 2618
    4708 4645 4645 4708 4708 4842 4842 2639 2598 2579 2560 2541 2541
    2541 2541 2541 2541 2541 2541 2541 2522 2522 2560 2560 2560 2560
    2560 2560 2560 2579 2579 2598 2598 2598 2598 2598 2618 2618 2618
    2618 2618 4645 4645 4708 4708 4911 4842 4842 2598 2579 2560 2541
    2541 2541 2541 2522 2522 2522 2522 2522 2522 2522 2560 2560 2560
    2560 2560 2560 2560 2579 2579 2598 2598 2598 2598 2598 2618 2618
    2618 2618 2618 4645 4645 4708 4708 4911 4911 4911 2598 2579 2560
    2560 2541 2541 2541 2522 2522 2522 2522 2522 2522 2522 2560 2560
    2560 2560 2560 2560 2560 2579 2579 2579 2579 2598 2598 2598 2618
    2618 2618 2618 2618 4645 4645 4708 4708 4911 4911 4911 4911 2598
    2579 2560 2560 2541 2541 2522 2522 2522 2522 2522 2522 2522 2560
    2560 2560 2560 2560 2560 2560 2560 2579 2579 2579 2579 2598 2598
    2618 2618 2618 2618 2618 4708 4708 4708 4708 4911 4983 4911 4842
    2598 2598 2579 2560 2541 2541 2522 2522 2522 2522 2522 2522 2541
    2560 2560 2560 2560 2560 2560 2560 2560 2579 2579 2579 2579 2598
    2598 2598 2618 2618 2618 2618 4774 4708 4708 4708 4911 4983 4911
    4842 2618 2618 2579 2579 2560 2541 2541 2522 2522 2522 2522 2522
    2541 2541 2541 2560 2560 2560 2560 2560 2560 2560 2579 2579 2579
    2598 2598 2598 2618 2618 2598 2598 4842 4708 4708 4708 4911 4911
    4911 4911 4911 4911 2579 2579 2560 2560 2541 2522 2522 2522 2503
    2503 2522 2541 2541 2560 2560 2560 2560 2560 2560 2560 2579 2579
    2579 2579 2579 2598 2598 2618 2598 2598 2618 4708 4708 4708 4911
    4911 4911 4911 4911 4911 4911 2598 2579 2560 2541 2522 2522 2522
    2503 2503 2522 2522 2522 2541 2541 2560 2560 2560 2560 2560 2579
    2579 2579 2579 2579 2598 2598 2618 2598 2598 2618 4842 4774 4708
    4983 4911 4911 4911 4911 4911 4911 2598 2598 2579 2560 2541 2541
    2522 2522 2522 2522 2522 2522 2541 2541 2541 2541 2560 2560 2579
    2579 2579 2560 2560 2560 2579 2598 2598 2598 2598 2598 2598 4983
    4842 4983 4911 4911 4911 4911 4911 4911 4911 2618 2579 2560 2541
    2541 2541 2522 2522 2522 2522 2522 2541 2541 2541 2541 2541 2560
    2560 2560 2560 2560 2560 2560 2560 2579 2598 2598 2598 2598 2598
    2618 2639 4983 4911 4911 4911 4911 4911 4911 4911 2639 2598 2560
    2560 2560 2541 2541 2522 2522 2522 2522 2541 2541 2541 2541 2541
    2560 2560 2560 2560 2560 2560 2560 2560 2560 2598 2598 2598 2618
    2618 2618 2618 4983 4911 4911 4911 4911 4911 4911 4911 4911 2598
    2579 2560 2560 2541 2541 2541 2541 2522 2522 2522 2522 2541 2541
    2541 2541 2560 2560 2560 2560 2560 2560 2560 2560 2579 2579 2598
    2618 2618 2618 2598 4983 4911 4911 4911 4911 4911 4911 4911 4911
    2618 2598 2560 2560 2560 2560 2541 2541 2522 2503 2503 2522 2522
    2522 2541 2541 2541 2560 2560 2560 2560 2560 2560 2579 2579 2579
    2579 2598 2598 2618 2598 4983 4911 4911 4911 4911 4911 4911 4842
    4774 2618 2618 2579 2579 2560 2560 2541 2522 2522 2503 2503 2522
    2522 2522 2541 2541 2541 2560 2560 2560 2560 2560 2560 2579 2579
    2579 2579 2598 2598 2639 2659 4983 4911 4911 4911 4911 4842 4842
    4842 4774 4774 2598 2598 2579 2560 2560 2541 2522 2503 2503 2503
    2522 2522 2522 2522 2541 2541 2541 2560 2560 2560 2560 2560 2560
    2560 2560 2579 2579 4708 4708 4708 4911 4911 4911 4911 4911 4842
    4842 4842 4842 4842 2598 2579 2579 2560 2560 2541 2522 2503 2503
    2503 2503 2503 2522 2522 2522 2522 2541 2541 2541 2560 2560 2560
    2560 2560 2560 4774 4708 4708 4708 4708 4911 4911 4911 4911 4911
    4911 4911 4911 4842 4842 4842 2579 2579 2560 2560 2541 2522 2503
    2503 2503 2503 2503 2522 2522 2522 2522 2541 2541 2541 2541 2560
    2560 2560 2560 2579 4645 4645 4708 4708 4708 4911 4911 4911 4911
    4911 4911 4911 4911 4911 4842 4842 4842 2579 2579 2560 2541 2541
    2522 2503 2503 2503 2503 2522 2522 2522 2522 2522 2522 2522 2541
    2560 2560 2560 2560 2560 4645 4645 4708 4708 4708 4911 4911 4911
    4983 4911 4911 4911 4911 4911 4842 4842 4842 2598 2579 2579 2560
    2560 2541 2522 2503 2503 2503 2503 2522 2522 2522 2522 2522 2522
    2541 2541 2560 2560 2560 4774 4708 4708 4708 4708 4708 4911 4911
