<?xml version="1.0"?>
<opencv_storage>
<Depth4851 type_id="opencv-matrix">
  <rows>43</rows>
  <cols>39</cols>
  <dt>w</dt>
  <data>
    4911 4911 4911 4911 4842 4842 4842 4842 4842 4842 4842 4842 4842
    4842 4911 4842 4842 4911 4911 2618 2618 2618 2639 2639 4645 4645
    4708 4708 4708 4708 4708 4708 4645 4645 4645 4645 4645 4645 4645
    4911 4911 4911 4911 4842 4842 4842 4842 4842 4842 4774 4774 4842
    4842 4911 4911 4911 2618 2598 2598 2598 2618 2618 2618 4582 4582
    4645 4708 4708 4708 4708 4708 4645 4645 4645 4645 4645 4645 4645
    4911 4911 4911 4911 4842 4842 4842 4842 4842 4774 4774 4708 4708
    2639 2639 2639 2618 2618 2579 2579 2598 2598 2618 2618 2639 4582
    4645 4708 4708 4708 4708 4708 4708 4708 4645 4645 4645 4645 4645
    4911 4911 4911 4911 4911 4911 4842 4842 4842 4774 4774 4708 4708
    2598 2598 2598 2598 2579 2579 2579 2598 2598 2618 2618 2618 2639
    4645 4708 4708 4708 4708 4708 4708 4708 4708 4708 4645 4645 4645
    4911 4911 4911 4911 4911 4911 4842 4842 4842 4774 4774 4774 2579
    2579 2579 2579 2579 2579 2579 2579 2598 2598 2618 2618 2618 2639
    2639 4708 4708 4708 4708 4708 4708 4708 4708 4708 4645 4645 4645
    4911 4911 4911 4911 4911 4911 4774 4774 4842 2541 2541 2560 2560
    2560 2579 2579 2579 2579 2579 2579 2598 2598 2618 2618 2618 2618
    2618 2618 4708 4708 4708 4708 4708 4708 4708 4708 4645 4645 4645
    4911 4911 4911 4911 4911 4911 4774 2522 2522 2541 2541 2541 2541
    2560 2560 2579 2579 2579 2579 2598 2598 2598 2618 2618 2618 2618
    2618 2618 4708 4708 4708 4708 4708 4708 4708 4708 4708 4645 4645
    4911 4911 4911 4911 4911 4911 4842 2522 2522 2541 2541 2541 2541
    2560 2560 2579 2579 2579 2579 2618 2598 2598 2618 2618 2618 2618
    2618 2618 2618 4708 4708 4708 4708 4708 4708 4708 4708 4645 4645
    4911 4911 4911 2541 2541 2541 2522 2522 2541 2541 2541 2541 2541
    2560 2560 2560 2560 2560 2579 2579 2579 2598 2598 2598 2618 2618
    2618 2598 2598 2618 4708 4708 4708 4708 4708 4708 4708 4708 4645
    4911 2560 2560 2541 2541 2541 2522 2522 2522 2522 2522 2522 2541
    2560 2560 2560 2560 2560 2560 2579 2579 2579 2598 2598 2598 2618
    2618 2598 2598 2618 4645 4645 4708 4645 4645 4708 4708 4708 4645
    2579 2560 2560 2541 2541 2522 2503 2503 2503 2503 2522 2522 2541
    2560 2560 2560 2560 2560 2560 2579 2579 2579 2598 2598 2598 2618
    2618 2618 2618 2618 2618 4645 4708 4645 4645 4708 4708 4708 4645
    2579 2579 2560 2541 2541 2522 2503 2503 2503 2503 2522 2522 2541
    2560 2560 2560 2560 2560 2579 2579 2579 2579 2579 2579 2579 2598
    2598 2598 2618 2618 2618 2639 4708 4708 4708 4708 4708 4708 4645
    2598 2579 2560 2541 2541 2522 2503 2503 2503 2503 2522 2522 2522
    2541 2541 2541 2560 2560 2579 2579 2579 2579 2579 2579 2579 2598
    2598 2598 2598 2618 2618 2639 2659 4708 4708 4708 4708 4708 4645
    2598 2579 2560 2541 2541 2522 2503 2503 2503 2503 2503 2522 2522
    2541 2541 2541 2560 2560 2560 2560 2560 2560 2579 2579 2579 2598
    2579 2579 2598 2618 2618 2639 2639 4708 4708 4708 4708 4708 4708
    2598 2579 2560 2541 2541 2522 2503 2503 2503 2503 2503 2522 2522
    2560 2560 2560 2560 2560 2560 2560 2560 2560 2579 2579 2579 2579
    2579 2579 2598 2598 2598 2618 2618 2618 4708 4708 4708 4708 4645
    4774 2579 2579 2560 2541 2522 2503 2503 2503 2503 2503 2522 2522
    2560 2560 2560 2560 2560 2560 2560 2560 2560 2579 2579 2579 2579
    2579 2579 2598 2598 2598 2598 2598 2598 4774 4708 4708 4708 4645
    4842 4842 2579 2560 2560 2541 2522 2503 2503 2503 2503 2522 2522
    2560 2560 2560 2560 2560 2560 2560 2560 2560 2560 2579 2579 2579
    2579 2579 2579 2579 2579 2598 2598 2598 4774 4708 4708 4645 4645
    4842 4842 2598 2579 2560 2560 2522 2503 2503 2503 2503 2522 2541
    2541 2541 2541 2541 2560 2560 2560 2560 2560 2560 2579 2579 2598
    2579 2579 2579 2579 2579 2579 2579 2598 2598 4708 4645 4645 4645
    4911 4842 2618 2598 2579 2560 2541 2522 2522 2522 2522 2522 2522
    2522 2522 2522 2522 2560 2560 2560 2560 2560 2560 2560 2579 2579
    2579 2579 2579 2579 2579 2579 2579 2598 2598 4708 4645 4645 4708
    4911 4842 4842 2598 2579 2560 2541 2541 2522 2522 2503 2503 2503
    2522 2522 2522 2522 2541 2560 2560 2560 2560 2560 2560 2579 2579
    2579 2579 2579 2579 2598 2598 2598 2618 2618 2618 4645 4645 4708
    4911 4842 4842 4842 2579 2560 2560 2541 2522 2522 2503 2503 2503
    2522 2522 2522 2522 2541 2560 2560 2560 2560 2560 2560 2579 2579
    2579 2579 2579 2579 2598 2598 2598 2618 2618 2618 4645 4645 4708
    4911 4842 4842 4842 2579 2560 2560 2541 2541 2522 2503 2503 2503
    2522 2522 2522 2522 2541 2560 2560 2560 2560 2560 2560 2560 2579
    2579 2579 2579 2579 2579 2598 2598 2618 2579 2579 4708 4708 4708
    4911 4911 4911 4842 4842 2579 2560 2541 2541 2522 2503 2503 2503
    2522 2522 2522 2541 2541 2560 2560 2560 2560 2560 2560 2560 2560
    2579 2579 2579 2579 2579 2579 2598 2598 2579 2579 2579 4774 4708
    4911 4911 4911 4842 4842 2598 2560 2560 2541 2541 2522 2522 2522
    2522 2522 2522 2522 2541 2541 2560 2560 2560 2560 2560 2560 2560
    2560 2579 2579 2579 2579 2579 2598 2598 2579 2579 2598 4774 4774
    4911 4911 4911 4842 4842 4842 2560 2560 2560 2541 2541 2522 2522
    2522 2503 2503 2522 2522 2541 2541 2541 2541 2541 2560 2560 2560
    2560 2560 2579 2579 2579 2598 2598 2598 2598 2598 2560 2560 4774
    4911 4911 4911 4842 4842 4842 4842 2560 2560 2541 2541 2522 2522
    2522 2503 2503 2503 2522 2522 2541 2541 2541 2541 2541 2560 2560
    2560 2560 2560 2579 2579 2579 2579 2598 2598 2598 2560 2560 4774
    4911 4911 4911 4911 4911 4842 4842 2579 2579 2560 2560 2541 2541
    2522 2503 2503 2503 2522 2522 2541 2541 2541 2541 2541 2560 2560
    2560 2560 2560 2560 2560 2579 2579 2598 2598 2598 2579 2579 2598
    4911 4911 4911 4911 4911 4842 4842 4911 2579 2560 2560 2541 2541
    2541 2503 2503 2522 2522 2522 2522 2541 2541 2541 2541 2560 2560
    2560 2560 2560 2541 2541 2560 2579 2579 2598 2598 2598 2598 2598
    4911 4911 4911 4911 4911 4842 4842 4842 2618 2579 2560 2560 2560
    2541 2541 2541 2541 2522 2522 2522 2541 2541 2541 2541 2541 2560
    2560 2560 2541 2541 2541 2560 2560 2579 2579 2579 2579 2598 2598
    4911 4911 4911 4911 4911 4842 4842 4842 2618 2598 2579 2560 2560
    2541 2541 2541 2522 2503 2503 2503 2522 2522 2541 2541 2541 2541
    2541 2541 2541 2541 2541 2560 2560 2579 2579 2579 2579 2598 2598
    4983 4911 4911 4911 4911 4842 4842 4842 4842 2598 2579 2560 2560
    2560 2541 2522 2522 2503 2503 2503 2522 2522 2522 2522 2522 2522
    2541 2541 2541 2541 2541 2560 2579 2579 2579 2579 2579 2598 2598
    4911 4911 4911 4911 4911 4842 4842 4842 4842 2618 2598 2560 2560
    2560 2541 2522 2503 2503 2503 2503 2522 2522 2522 2522 2522 2522
    2541 2541 2560 2560 2560 2560 2560 2560 2560 2560 2579 2598 2598
    4911 4911 4911 4911 4911 4911 4842 4842 4842 4842 2579 2579 2579
    2560 2541 2522 2503 2503 2503 2503 2503 2503 2503 2522 2522 2522
    2522 2541 2541 2560 2560 2560 2560 2560 2560 2560 2579 2598 4774
    4911 4911 4911 4911 4911 4911 4842 4842 4842 4842 2579 2579 2579
    2560 2541 2522 2503 2503 2503 2503 2503 2503 2503 2503 2503 2522
    2522 2522 2541 2560 2560 2560 2560 2560 2560 2560 2579 4774 4774
    4911 4911 4911 4911 4911 4911 4911 4911 4911 4842 4842 4842 2560
    2560 2541 2522 2503 2503 2503 2503 2503 2503 2503 2503 2503 2522
    2522 2522 2522 2541 2560 2560 2560 2560 2560 2579 4645 4708 4708
    4911 4911 4911 4911 4911 4911 4911 4911 4911 4911 4842 4842 2560
    2560 2541 2522 2503 2503 2503 2503 2503 2503 2503 2522 2522 2522
    2522 2522 2522 2541 2560 2560 2560 2579 2579 4645 4645 4708 4708
    4911 4911 4911 4911 4911 4911 4911 4911 4911 4911 4842 4842 2560
    2560 2560 2560 2541 2522 2503 2503 2503 2503 2503 2503 2503 2522
    2522 2522 2522 2541 2560 2579 2579 2579 4774 4708 4708 4708 4708
    4911 4983 4983 4983 4911 4911 4911 4911 4911 4911 4842 4842 2579
    2579 2579 2560 2560 2541 2503 2503 2503 2503 2503 2503 2503 2503
    2503 2522 2522 2560 2560 2579 2579 4911 4774 4708 4708 4708 4708
