<?xml version="1.0"?>
<opencv_storage>
<Depth19564 type_id="opencv-matrix">
  <rows>149</rows>
  <cols>107</cols>
  <dt>w</dt>
  <data>
    0 0 0 0 0 0 0 0 0 0 0 6038 6038 6038 6038 6038 6038 5734 5734 5734
    5734 5734 6146 6146 6146 6146 6146 6146 6146 6259 6146 6146 6146
    6146 6259 6259 6259 6259 6146 6146 6146 6259 6259 6259 6146 6146
    6146 6146 6259 6259 6259 6259 6259 6259 6259 6259 6375 6497 6497
    6497 6375 6375 6375 6497 6622 6622 6497 6497 6497 6622 6622 6622
    6622 6622 6497 6497 6622 6375 6375 6497 6497 6497 6497 6622 6622
    6622 6622 6622 6753 6622 6622 6622 698 698 697 697 6622 6622 707 707
    6622 6753 0 0 6753 0 0 0 0 0 0 0 0 0 0 0 0 0 6146 6146 6146 6038
    6038 6038 5734 5734 5734 0 0 0 6146 6146 6038 6038 6146 6146 6259
    6259 6146 6146 6259 6259 6146 6146 6146 6146 6146 6146 6146 6259
    6259 6146 6146 6146 6146 6259 6259 6259 6259 6259 6259 6375 6375
    6375 6497 6497 6497 6375 6375 6375 6497 6622 6622 6497 6497 6497
    6622 6622 6622 6622 6622 6497 6497 6622 6375 6375 6497 6375 6375
    6497 6622 6622 6622 6622 6622 6622 6622 6622 6622 697 697 697 697
    697 701 701 703 6753 6753 0 0 0 0 0 0 0 0 0 0 0 0 0 0 0 0 6146 6146
    6146 6038 6038 6038 5734 5734 5734 650 650 650 6038 6038 6038 6038
    6038 6038 6259 6375 6259 6259 6259 6146 6146 6146 6146 6146 6146
    6146 6146 6259 6259 6259 6146 6146 6146 6259 6259 6259 6259 6259
    6259 6375 6375 6375 6375 6497 6497 6375 6375 6497 6497 6622 6497
    6497 6497 6497 6622 6622 6622 6622 6622 6497 6497 6622 6622 6622
    6375 6375 6375 6622 6622 6622 6622 6622 6753 6622 6622 6622 6622 697
    697 697 697 697 700 700 701 704 6753 0 0 0 0 0 0 0 0 0 0 0 0 0 0 0 0
    6038 5933 5933 6038 6038 5832 5734 5734 5734 650 650 650 652 6038
    6038 6038 648 648 648 6497 6497 6497 6259 6146 6146 6146 6146 647
    647 640 640 640 6259 6259 644 643 642 638 638 638 638 640 6259 6375
    6375 631 631 6497 650 649 649 6497 6622 6622 6497 644 644 644 644
    643 643 6622 6622 6622 6622 6622 6622 625 625 625 6622 6622 6497
    6497 6622 6497 6497 6753 6753 6753 6622 697 697 697 697 697 700 700
    701 704 707 0 0 0 0 0 0 0 0 0 0 663 663 663 0 0 0 6038 5933 5933
    6038 653 653 653 652 652 650 650 652 652 652 649 649 648 648 647 647
    647 647 647 646 646 646 646 646 643 640 640 640 640 642 643 642 640
    638 638 638 638 638 638 636 631 631 631 631 650 648 647 644 644 644
    644 644 644 644 644 643 643 6622 6622 6622 6622 6622 625 625 625 625
    625 6497 6497 6497 6622 6497 6497 6497 640 640 697 697 697 697 697
    697 700 700 700 703 707 707 0 0 0 0 0 0 0 658 658 659 662 662 663 0
    0 0 657 0 0 653 653 653 652 652 652 652 652 652 652 649 649 648 648
    647 647 647 647 647 646 646 646 646 644 643 641 640 640 640 642 642
    642 638 638 638 638 638 638 638 636 631 631 631 630 630 627 627 632
    642 642 643 644 644 629 628 628 628 628 627 627 625 625 625 625 625
    625 624 624 623 623 623 623 623 640 640 640 640 697 697 697 697 697
    700 700 700 703 706 706 708 0 0 0 0 0 661 658 658 659 659 659 661 0
    0 0 0 0 0 655 655 654 653 652 652 652 652 652 650 650 649 648 648
    647 647 647 647 647 646 646 644 644 644 643 642 640 640 641 642 642
    641 638 638 638 638 638 638 637 636 635 635 634 630 630 627 627 631
    631 630 630 630 630 629 628 628 628 628 627 627 627 625 625 625 625
    624 623 623 623 623 623 623 623 623 640 640 640 640 664 664 664 698
    684 684 703 703 706 706 708 713 0 0 0 0 661 659 659 659 658 658 661
    0 0 0 0 0 657 655 655 654 653 653 652 652 652 652 650 650 649 649
    647 647 647 647 646 646 646 646 644 644 643 643 642 641 641 641 642
    642 641 640 640 638 638 638 637 636 635 635 635 634 634 634 632 632
    631 631 630 630 630 630 629 629 629 628 628 627 627 627 627 625 625
    624 624 623 623 622 622 622 622 622 623 624 638 638 640 663 663 664
    672 675 683 683 706 706 706 713 713 0 0 0 0 662 661 661 659 658 658
    658 0 0 0 0 0 657 655 655 654 653 653 652 652 652 652 650 650 649
    649 647 647 647 647 646 646 646 646 646 643 643 642 642 641 641 642
    642 641 640 640 640 638 638 638 637 636 635 635 635 634 634 634 632
    632 631 631 631 630 630 630 629 629 629 628 628 628 627 625 625 625
    624 624 624 623 623 622 622 622 622 622 623 624 634 636 637 662 662
    662 672 675 678 686 706 706 707 713 713 0 0 0 0 0 659 659 657 657
    657 658 0 0 0 0 0 655 655 655 654 653 653 653 653 652 652 650 650
    650 649 648 647 647 647 646 646 646 646 646 643 643 642 642 642 642
    642 642 641 640 640 640 640 638 638 637 636 635 635 635 635 635 634
    634 632 632 631 631 631 630 630 630 629 629 629 629 629 627 625 625
    625 624 624 623 623 623 623 623 623 622 622 623 627 634 636 636 659
    659 661 675 675 678 686 707 707 707 716 716 0 0 0 663 662 662 658
    657 657 657 0 0 0 0 0 654 654 655 655 654 654 653 653 653 652 652
    650 650 650 649 648 647 647 647 647 647 647 646 644 643 643 643 642
    642 643 643 642 641 641 641 640 640 638 638 637 637 636 635 635 635
    635 635 634 634 632 631 631 631 630 630 630 629 629 629 629 629 628
    627 625 625 624 624 623 623 623 623 623 623 622 622 624 627 634 634
    634 657 657 659 675 675 678 686 707 707 708 0 0 0 0 662 662 662 659
    658 657 657 658 0 0 659 659 654 654 654 655 655 654 654 653 653 653
    652 652 652 650 650 649 648 647 647 647 647 647 647 646 644 644 643
    643 642 642 643 643 643 641 641 641 640 640 638 638 637 637 637 635
    635 635 635 635 634 634 634 632 631 631 631 630 630 629 629 629 629
    629 628 627 625 625 624 624 624 623 623 624 624 623 623 623 624 628
    634 634 634 654 657 659 676 676 680 686 686 710 710 0 0 0 0 662 662
    662 659 658 657 657 657 659 0 659 659 654 654 654 655 655 655 654
    654 654 653 653 652 652 650 650 650 649 648 648 648 648 647 647 646
    646 646 643 643 643 643 643 643 643 643 642 641 640 640 638 638 637
    637 638 638 637 636 635 634 634 634 634 632 632 631 631 630 630 630
    630 630 630 629 629 628 627 625 625 624 624 623 623 624 623 623 623
    623 624 629 634 634 634 654 657 659 680 680 680 684 691 691 716 716
    716 0 0 663 663 662 661 658 657 657 657 0 659 658 658 658 658 658
    657 657 655 655 654 653 653 653 653 652 652 652 650 649 648 648 648
    648 647 647 646 646 646 643 643 643 643 643 643 643 643 642 642 640
    640 638 638 638 638 638 638 637 636 635 634 634 635 634 634 632 631
    631 630 630 630 630 630 630 629 629 629 628 627 625 625 624 624 624
    624 623 623 623 623 625 629 632 635 648 653 657 662 675 680 682 684
    691 696 719 716 716 0 0 663 663 662 662 662 662 661 659 659 658 658
    658 658 658 658 657 657 655 655 654 653 653 653 653 652 652 652 652
    649 648 648 648 648 647 647 647 646 646 643 643 643 643 643 643 643
    643 642 642 640 640 638 638 638 638 638 638 637 637 636 635 635 635
    634 634 632 632 631 631 630 630 630 630 630 629 629 629 629 627 625
    625 624 624 624 624 624 624 623 623 625 628 632 637 644 653 658 663
    675 679 680 686 696 696 714 714 716 0 0 663 663 663 663 663 662 661
    661 659 658 658 658 658 658 658 657 657 657 655 654 653 653 653 653
    652 652 652 652 649 649 648 648 648 647 647 647 647 646 644 644 644
    643 643 643 643 643 642 642 641 640 640 640 638 638 638 638 637 637
    635 634 634 635 634 634 632 632 631 631 631 630 630 630 630 629 629
    629 629 627 625 625 625 624 624 624 624 624 623 623 625 627 637 641
    644 649 658 661 674 679 680 686 698 698 711 713 713 0 0 663 662 662
    662 662 662 662 661 661 659 658 658 658 658 658 657 657 657 655 654
    653 653 653 653 652 652 650 650 650 649 648 648 648 648 648 647 647
    646 644 644 644 643 643 643 643 643 643 642 641 641 640 640 640 638
    638 638 637 637 635 634 634 635 634 634 634 634 632 631 631 631 631
    630 630 629 629 629 629 627 625 625 625 624 624 624 624 624 624 624
    625 627 632 642 644 649 654 654 674 679 680 686 707 707 711 713 713
    0 0 0 662 662 662 662 661 661 661 661 661 659 659 658 658 658 657
    657 657 657 655 654 653 653 653 652 652 650 650 650 649 649 648 648
