<?xml version="1.0"?>
<opencv_storage>
<Depth4523 type_id="opencv-matrix">
  <rows>11</rows>
  <cols>20</cols>
  <dt>w</dt>
  <data>
    4241 4241 4241 3468 3433 3433 3433 3433 3468 3468 3468 3433 3433
    4241 4241 4241 4241 4241 4241 4241 4241 4241 3433 3433 3433 3433
    3468 3468 3468 3468 3468 3433 3433 3433 3433 4241 4241 4241 4241
    4241 4295 3503 3433 3433 3433 3433 3468 3468 3468 3468 3468 3468
    3468 3433 3433 3468 4295 4241 4241 4241 3468 3468 3503 3433 3433
    3433 3468 3433 3433 3468 3433 3433 3468 3468 3468 3468 3468 3468
    4241 4241 3468 3468 3468 3433 3433 3433 3433 3433 3433 3468 3433
    3433 3468 3468 3468 3503 3468 3468 3468 4190 3468 3468 3365 3365
    3399 3433 3433 3433 3433 3433 3399 3399 3433 3433 3433 3468 3503
    3468 3468 4190 3468 3468 3365 3365 3399 3433 3433 3433 3433 3399
    3399 3399 3399 3433 3433 3468 3468 3468 3468 3468 3468 3433 3365
    3365 3365 3433 3433 3433 3433 3399 3399 3399 3399 3433 3433 3468
    3468 3468 3468 3468 3468 3433 3365 3365 3365 3433 3433 3433 3433
    3399 3399 3433 3433 3433 3433 3433 3468 3468 3433 3433 3468 3468
    3365 3365 3365 3433 3433 3433 3433 3433 3433 3433 3433 3399 3399
    3399 3433 3433 3433 3433 3433 3433 3399 3399 3433 3433 3433 3433
    3399 3399 3399 3399 3399 3399 3399 3399 3399 3433 3433 3433</data></Depth4523>
</opencv_storage>
