<?xml version="1.0"?>
<opencv_storage>
<Depth18938 type_id="opencv-matrix">
  <rows>13</rows>
  <cols>9</cols>
  <dt>w</dt>
  <data>
    845 7332 7332 7492 7332 7332 7492 7492 7492 7492 7332 7332 7492 7332
    7332 7492 7492 7492 7492 7332 7332 7332 7332 7332 7332 7332 7492
    7660 7492 7492 7332 7332 7332 7332 7332 7492 7660 7492 7492 7332
    7332 7332 7332 7332 7492 7492 7492 7492 7332 7332 7332 7332 7332
    7332 7492 7492 7492 7492 7492 7332 7332 7178 7178 7660 7492 7492
    7492 7332 7332 7332 7178 7178 7492 7492 7492 7492 7332 7332 7332
    7178 7178 7332 7492 7492 7492 7492 7332 7332 7332 7332 7332 7492
    7492 7492 7492 7332 7332 7332 7332 7332 7492 7492 7492 7492 7492
    7332 7332 7178 7332 7332 7492 7492 7332 7332 7332 7332 710</data></Depth18938>
</opencv_storage>
