<?xml version="1.0"?>
<opencv_storage>
<Depth18548 type_id="opencv-matrix">
  <rows>95</rows>
  <cols>129</cols>
  <dt>w</dt>
  <data>
    5210 5210 5210 5210 0 0 0 0 0 0 0 0 0 0 0 789 789 787 787 787 789
    787 787 789 789 789 790 790 792 794 805 803 803 803 805 805 807 807
    809 809 809 811 815 817 817 817 817 817 821 823 823 823 823 823 827
    829 829 831 833 833 833 833 837 837 839 841 841 841 843 0 0 0 0 0 0
    4708 4645 4645 4645 4645 4582 4582 4582 4582 4582 4645 4645 4645
    4582 4582 4582 4582 4582 4582 4582 4582 4582 4645 4645 4645 4582
    4582 4582 4582 4582 4582 4522 4522 4463 4463 4522 4522 4645 4645
    4645 4645 0 3692 3692 3732 3732 3732 3732 3732 3692 3653 3653 0 0
    5210 5210 5210 5210 0 0 0 0 0 0 0 0 0 0 0 789 789 789 789 789 789
    787 787 789 787 787 789 789 790 789 789 790 792 796 796 798 802 802
    807 807 807 809 811 813 813 815 815 815 817 819 817 817 817 819 821
    825 825 825 825 827 831 831 833 833 839 839 839 839 839 839 0 0 0 0
    0 4708 4645 4645 4645 4645 4582 4582 4582 4582 4582 4645 4582 4582
    4582 4522 4522 4582 4582 4582 4582 4582 4582 4645 4645 4582 4582
    4582 4582 4582 4582 4582 4522 4522 4463 4463 4522 4522 4582 4645
    4645 4645 4645 3692 3692 3732 3732 3732 3732 3732 3692 3653 3653 0 0
    5210 5210 5210 5132 5132 0 0 0 0 0 0 0 0 0 0 789 789 789 789 789 787
    787 787 787 787 787 785 785 787 785 785 785 785 787 790 794 796 798
    798 798 798 803 805 807 807 807 807 807 809 811 813 813 813 813 815
    819 821 821 821 821 827 827 823 823 827 827 837 837 835 835 827 827
    0 0 0 4645 4645 4645 4645 4645 4708 4582 4582 4582 4582 4582 4582
    4582 4582 4522 4522 4522 4582 4582 4582 4582 4582 4582 4645 4582
    4582 4522 4522 4522 4582 4582 4522 4522 4522 4522 4522 4522 4582
    4645 4645 4645 3774 3732 3732 3732 3732 3732 3692 3692 3653 3653
    3692 0 0 5210 5210 5210 5132 5132 0 0 0 0 0 0 0 0 0 794 789 789 789
    789 789 787 787 787 787 787 787 785 785 785 783 783 783 783 783 785
    789 789 790 790 792 792 792 794 794 796 798 798 803 805 807 807 809
    809 809 811 811 815 817 817 817 821 823 821 821 823 823 825 825 827
    827 827 827 831 831 835 833 833 833 4645 4645 4708 4708 4645 4582
    4582 4582 4582 4582 4582 4522 4522 4522 4582 4582 4582 4582 4582
    4582 4582 4582 4582 4522 4522 4522 4522 4522 4522 4522 4522 4522
    4522 4522 4582 4645 4708 4708 3774 3732 3732 3732 3732 3732 3692
    3692 3653 3653 0 0 0 5210 5210 5132 5132 0 0 0 0 0 0 0 0 0 0 794 790
    790 790 790 789 789 789 789 787 787 787 785 785 785 783 783 781 781
    781 781 781 781 783 783 783 787 790 790 790 792 794 794 794 794 794
    794 794 798 803 803 805 811 811 809 809 815 815 821 821 823 823 823
    823 823 823 825 829 831 831 833 833 831 829 829 829 835 835 4645
    4645 4645 4645 4582 4582 4645 4582 4582 4522 4522 4522 4582 4582
    4582 4582 4582 4582 4582 4582 4522 4522 4522 4522 4522 4522 4522
    4522 4522 4522 4582 4708 4708 3774 3774 3732 3692 3692 3732 3732
    3732 3732 3732 3732 0 0 0 5210 5132 5132 5132 0 0 0 0 0 0 0 0 0 798
    796 792 792 792 790 790 789 789 789 789 789 789 789 787 785 783 783
    781 781 781 781 780 780 781 781 781 783 785 785 787 789 789 789 787
    787 789 792 792 794 796 794 794 794 800 805 805 807 807 807 813 813
    817 817 819 819 821 821 825 825 827 827 827 825 825 825 835 835 835
    835 825 825 4582 4582 4582 4522 4522 4522 4522 4522 4522 4522 4582
    4582 4582 4582 4582 4582 4582 4582 4582 4522 4522 4522 4522 4522
    4522 4522 4522 4645 4708 4708 3732 3732 3692 3692 3692 3732 3732
    3732 3732 3732 0 0 0 0 5210 5132 5132 0 0 0 0 0 0 0 0 0 0 798 798
    796 796 794 794 792 790 789 789 790 790 790 790 789 789 785 785 783
    783 781 781 780 780 781 781 781 783 783 783 781 780 780 783 783 785
    787 790 790 792 792 790 790 792 794 796 798 798 798 798 800 802 807
    807 809 811 813 813 815 817 817 817 817 819 821 821 821 831 831 831
    825 825 827 827 4463 4463 4463 4463 4463 4522 4522 4522 4582 4582
    4582 4582 4582 4582 4582 4582 4582 4522 4522 4522 4522 4522 4522
    4522 4522 4645 4708 4708 3692 3692 3653 3653 3692 3732 3732 3732
    3732 3732 0 0 0 0 5210 5132 5132 0 0 0 0 0 0 0 0 0 0 800 798 798 798
    796 796 796 794 792 792 792 792 792 790 790 790 789 789 785 785 783
    783 783 783 781 781 783 783 783 781 780 778 778 778 778 780 781 783
    789 789 789 787 787 787 787 792 794 792 790 790 794 798 800 802 800
    800 802 802 805 809 811 813 813 815 817 817 817 817 821 821 821 821
    821 823 823 4463 4463 4463 4463 4522 4522 4522 4582 4582 4582 4582
    4582 4582 4582 4582 4582 4582 4582 4522 4522 4522 4522 4522 4522
    4645 4708 3576 3576 3653 3653 3653 3692 3692 3732 3732 3732 3732 0 0
    0 0 5210 5210 0 0 0 0 0 0 0 0 0 0 0 800 800 800 800 798 798 796 796
    794 794 794 794 792 792 792 790 790 790 785 785 785 785 785 783 783
    783 783 781 781 781 780 778 778 778 778 778 778 778 778 778 778 778
    781 783 783 783 785 787 787 787 789 792 792 794 794 794 798 800 800
    803 805 803 803 811 813 813 813 813 815 817 817 817 817 817 817 817
    817 821 821 4522 823 823 825 4645 4582 4582 4582 4582 4582 4582 4582
    4582 4582 4522 4522 4522 4582 4522 4522 4645 3653 3576 3576 3653
    3653 3653 3692 3692 3732 3732 3732 3692 3692 0 0 0 5210 5210 0 0 0 0
    0 0 0 0 0 0 811 803 802 802 802 802 798 798 798 796 796 796 796 794
    792 792 792 792 790 789 789 785 785 785 785 785 783 783 781 781 781
    780 778 778 778 778 778 778 776 776 776 776 776 778 780 778 778 780
    781 785 785 785 787 787 787 787 789 792 798 796 796 796 798 802 802
    802 802 803 803 805 811 815 815 815 815 815 815 817 819 819 819 821
    821 823 823 823 4582 4582 4582 4582 4645 4645 4582 4582 4582 4582
    4582 4582 4582 4582 3653 3653 3614 3614 3653 3653 3653 3653 3692
    3692 3732 3732 3692 3692 0 0 0 5210 5210 0 0 0 0 0 0 0 0 0 0 807 807
    805 805 803 802 800 800 798 798 798 796 796 796 794 794 792 792 792
    790 790 790 787 787 785 785 785 783 783 781 781 780 778 778 778 778
    778 776 776 776 776 776 776 776 776 776 774 773 773 781 781 785 785
    785 785 785 785 785 789 789 789 789 790 794 798 798 798 798 798 802
    802 802 803 805 807 809 809 815 817 817 817 817 817 819 819 819 819
    819 825 825 825 4582 4582 817 817 817 4582 4582 4582 4582 3653 3653
    3653 3653 3653 3653 3653 3653 3692 3692 3692 3732 3774 3774 0 0 0
    5210 5210 5210 0 0 0 0 0 0 0 0 0 807 807 807 807 805 805 803 802 800
    800 800 800 800 800 798 798 794 794 794 792 792 792 790 789 787 787
    785 785 783 783 783 781 780 780 780 778 778 776 776 776 776 776 774
    774 776 776 774 771 771 771 771 776 778 780 781 781 783 783 785 787
    787 787 787 789 790 790 792 792 794 792 792 796 798 798 800 802 803
    805 809 809 811 809 809 813 813 815 817 817 823 825 825 825 819 817
    817 817 817 4582 4582 4582 4708 4708 3732 3692 3692 3692 3692 3653
    3653 3692 3692 3732 3774 3816 0 0 0 5210 5210 5210 0 0 0 0 0 0 0 0
    811 807 807 807 807 807 805 803 803 802 802 802 802 802 800 800 798
    798 796 796 794 794 794 792 790 790 789 789 787 785 785 783 781 781
    781 781 780 778 778 778 778 776 776 774 774 776 776 774 771 771 771
    771 773 774 774 776 778 778 780 781 781 785 785 785 785 785 785 789
    789 790 790 790 792 792 794 796 796 800 803 805 807 807 805 805 805
    807 807 809 807 807 825 823 823 819 817 817 815 815 815 813 813 815
    821 3653 3653 3653 3692 3692 3653 3653 3653 3692 3732 3774 0 0 0 0
    5210 5210 5210 0 0 0 0 0 0 0 0 811 809 809 811 811 811 807 805 805
    803 803 803 805 803 802 800 800 798 798 798 798 796 794 792 792 792
    792 790 790 787 785 785 783 783 783 781 781 780 778 778 778 778 778
    776 776 776 776 774 773 773 771 771 771 773 773 773 774 774 778 780
    780 780 780 781 783 781 781 781 785 789 789 789 789 789 789 790 790
    792 792 800 800 800 802 802 802 802 802 805 805 805 803 803 805 809
    811 811 811 813 813 813 813 815 821 819 819 3653 3732 3732 3653 3653
    3653 3653 3653 0 0 0 0 0 5132 5210 0 0 0 0 0 0 0 0 0 813 811 811 813
