<?xml version="1.0"?>
<opencv_storage>
<Depth16969 type_id="opencv-matrix">
  <rows>118</rows>
  <cols>80</cols>
  <dt>w</dt>
  <data>
    3653 2381 2365 2349 2333 2317 2301 2271 2271 2256 2256 2256 2241
    2241 2226 984 981 981 981 984 2184 2184 2184 2184 2184 2184 2198
    2198 1894 1894 1904 1904 1894 1873 1863 1853 1843 1833 1833 2212
    2226 2226 2241 2241 2241 2256 3149 3120 3092 3064 3064 3064 3037
    3037 3010 3010 2984 2958 2958 2958 2933 2933 2933 2908 2908 2883
    2859 2859 2835 2835 2835 2812 2812 2789 2767 2767 2744 2744 2744
    2723 2432 2398 2365 2333 2333 2317 2301 2271 2271 2271 2271 2271
    2241 2241 984 981 981 978 978 978 978 978 964 964 2198 2198 2198
    2198 1904 1904 1904 1894 1883 1873 1863 1853 1833 1823 1823 2212
    2226 2226 2241 2241 2241 2241 3149 3120 3092 3092 3064 3064 3037
    3037 3010 3010 2984 2958 2958 2958 2933 2933 2933 2908 2908 2883
    2859 2859 2835 2835 2835 2835 2812 2789 2767 2767 2744 2744 2744
    2744 2398 2381 2365 2333 2333 2301 2301 2286 2286 2286 2286 981 981
    981 984 978 978 978 978 975 970 967 964 964 964 964 954 954 1904
    1904 1904 1894 1883 1873 1863 1833 1823 1813 1813 2198 2198 2212
    2226 2226 2226 2226 3149 3120 3092 3092 3064 3064 3064 3037 3010
    3010 2984 2958 2958 2958 2933 2933 2933 2908 2908 2859 2859 2859
    2835 2835 2835 2835 2812 2812 2767 2767 2744 2744 2744 2744 2398
    2381 2349 2349 2333 2301 2301 2286 2286 2286 978 978 978 975 975 973
    973 973 973 973 967 967 962 962 962 954 954 954 951 951 951 951 1894
    1894 1823 1823 1804 1804 1804 2198 2198 2212 2212 2212 2226 2226
    3149 3120 3120 3092 3092 3064 3064 3037 3037 3037 2984 2984 2958
    2958 2933 2933 2933 2908 2908 2859 2859 2859 2835 2835 2835 2835
    2812 2789 2767 2767 2767 2767 2744 2744 2398 2381 2349 2349 2333
    2333 2333 0 0 0 978 978 975 973 973 970 970 967 964 962 962 962 959
    959 959 954 954 954 951 951 951 951 951 948 946 946 1804 1804 1804
    1804 1804 2212 2212 2212 2226 3208 3149 3120 3120 3092 3092 3064
    3037 3037 3037 3010 2984 2984 2958 2958 2933 2933 2908 2908 2908
    2883 2859 2859 2859 2835 2835 2835 2812 2789 2767 2767 2767 2767
    2744 2744 2398 2381 2349 2349 2349 0 0 0 0 0 978 978 975 973 970 967
    967 962 962 962 959 959 959 959 956 954 954 951 951 951 948 948 948
    948 946 946 946 946 935 930 0 925 925 925 3178 3178 3178 3149 3120
    3092 3092 3064 3037 3037 3037 3010 2984 2984 2958 2958 2933 2933
    2908 2908 2883 2859 2859 2859 2859 2835 2835 2812 2789 2789 2767
    2767 2767 2767 2744 2744 2398 2381 2365 2365 0 0 0 0 0 0 978 975 973
    973 970 967 967 962 962 959 959 959 956 956 954 951 951 951 951 948
    948 948 946 940 940 940 935 935 935 930 925 925 925 0 0 915 3092
    3092 3092 3092 3092 3064 3037 3037 3037 3010 2958 2958 2958 2958
    2933 2933 2908 2908 2883 2859 2859 2859 2859 2835 2835 2812 2789
    2789 2789 2789 2767 2767 2744 2744 2415 2398 2381 2381 0 0 0 0 0 0
    978 975 973 973 970 967 967 962 962 959 959 959 956 956 954 951 951
    948 948 948 948 946 943 940 940 938 933 930 930 930 925 925 925 915
    915 0 0 0 920 3120 3120 3120 3120 3120 3120 2958 2958 2958 2984 2958
    2933 2933 2908 2908 2908 2859 2859 2859 2859 2835 2812 2812 2789
    2789 2789 2789 2789 2767 2744 2744 2398 2398 2381 2381 0 0 0 0 0 0
    975 975 973 973 970 970 967 964 964 962 959 959 959 956 954 951 951
    948 948 948 943 943 940 938 938 933 933 930 930 928 925 920 915 915
    915 920 920 920 920 920 3120 3120 3120 3120 901 901 898 898 898 898
    898 896 2958 2958 2908 2859 2859 2859 2859 2835 2812 2767 2767 2789
    2789 2789 2789 2744 2744 2744 2398 2398 2381 2381 0 0 0 0 0 981 975
    975 973 973 973 970 970 967 967 962 959 959 959 956 954 951 951 948
    946 946 943 943 940 938 938 933 930 928 928 928 925 920 915 915 920
    920 920 920 920 920 3149 3149 3149 901 901 901 898 898 898 898 898
    896 896 896 901 901 901 873 871 871 871 2767 2767 2789 2789 2789
    2789 2744 2744 2744 2415 2398 2381 2381 0 0 0 0 0 981 978 975 975
    975 973 970 970 967 967 962 962 959 959 956 954 951 951 948 946 946
    943 943 940 938 938 933 930 928 928 925 923 923 920 920 920 918 915
    915 910 908 906 906 906 901 898 898 898 898 898 898 896 896 896 894
    894 894 891 873 871 871 871 871 891 891 891 2789 2812 2767 2767 2767
    2415 2398 2381 2381 0 0 0 0 0 981 978 975 975 973 970 970 967 967
    967 962 962 959 959 959 954 954 951 948 946 946 940 940 940 938 938
    933 930 928 928 925 923 923 920 918 918 915 913 910 908 906 906 906
    906 901 898 898 898 898 896 894 894 891 891 889 889 889 887 885 885
    871 871 887 889 887 882 882 882 871 0 0 2415 2398 2398 2450 0 0 0 0
    0 981 978 978 975 973 970 970 967 967 967 962 962 959 959 959 954
    954 951 948 946 946 940 940 940 938 938 935 930 928 928 925 923 923
    920 918 918 915 910 910 908 906 906 903 901 901 898 898 896 894 891
    891 891 889 887 885 885 885 882 882 882 882 882 882 885 882 878 878
    871 871 0 0 2432 2415 2415 2450 0 0 0 0 975 975 981 978 978 973 970
    970 967 967 967 962 962 959 959 959 954 954 951 948 946 946 943 940
    940 938 938 933 930 928 928 925 923 920 920 918 918 915 910 910 908
    906 906 903 901 901 898 898 896 894 891 891 889 887 885 882 882 882
    880 880 878 878 878 875 873 869 869 867 867 867 0 0 2432 2432 2432
    2467 0 0 0 0 975 975 981 978 978 975 970 970 967 967 967 962 962 959
    959 956 954 954 951 948 948 946 943 943 940 938 938 933 930 928 928
    925 923 920 920 918 918 915 913 910 908 906 906 903 901 901 898 898
    896 894 891 891 889 887 885 882 880 880 878 875 875 875 873 873 871
    867 867 867 864 864 864 0 2415 2415 2415 2467 0 0 0 0 978 978 981
    981 978 975 970 970 967 967 967 962 962 959 959 956 954 954 951 948
    948 946 943 943 940 938 938 933 930 930 928 928 923 920 920 918 918
    918 915 913 910 908 906 903 901 901 898 898 896 894 891 891 889 887
    885 882 880 880 878 875 875 873 873 871 869 867 867 864 864 864 864
    867 2415 2415 2415 0 0 0 0 0 981 981 981 978 978 975 970 970 970 967
    967 967 962 962 959 956 954 951 951 951 948 946 943 943 940 940 938
    933 930 930 928 928 923 920 920 918 918 918 915 913 910 908 908 906
    901 901 898 898 896 896 894 891 889 887 885 882 882 880 878 878 875
    873 873 871 869 867 867 864 864 864 867 867 2432 2415 2415 0 0 0 0 0
    984 981 981 978 978 975 973 970 970 967 967 967 964 962 959 956 954
    951 951 951 948 946 943 940 940 940 938 933 930 930 928 928 923 920
    920 918 918 918 915 913 910 908 908 906 903 901 901 898 898 896 894
    891 891 889 885 882 882 880 880 878 875 873 873 871 871 869 867 867
    864 864 867 867 2432 2415 2415 2415 0 0 0 0 987 984 981 978 978 978
    975 973 970 970 970 970 967 962 959 956 954 954 951 951 948 946 943
    940 940 940 938 933 930 930 930 928 925 923 920 920 920 918 918 915
    910 908 908 906 903 901 901 898 898 896 894 891 891 889 885 882 882
    880 880 878 875 873 873 871 871 869 869 867 867 867 867 862 2415
    2415 2415 2415 0 0 0 0 989 987 981 981 978 978 975 973 970 970 970
    970 967 962 959 959 956 954 954 951 948 946 943 943 940 940 938 935
    930 930 930 928 928 923 923 920 920 918 918 915 910 908 908 908 903
    901 901 898 898 894 894 891 891 889 887 882 882 880 880 878 875 873
    873 871 869 869 869 867 867 867 867 862 2415 2415 2432 2432 0 0 0 0
    989 987 981 981 978 978 978 975 973 970 970 970 967 962 959 959 959
    956 954 954 951 948 948 946 943 940 938 935 933 930 930 928 928 925
    925 923 920 920 918 915 910 910 908 908 906 901 901 898 898 894 894
    891 891 889 887 882 882 880 880 878 875 873 873 871 869 869 867 867
    867 867 867 867 2432 2432 2432 2432 0 0 0 0 989 984 981 981 978 978
    978 975 973 970 970 970 967 962 962 959 959 956 956 951 951 948 948
    946 943 940 938 938 935 933 930 930 928 928 925 920 920 918 918 915
    910 910 908 908 906 901 901 898 898 896 894 891 891 889 887 882 882
    880 880 878 875 875 873 871 869 867 867 867 867 867 867 867 2432
