<?xml version="1.0"?>
<opencv_storage>
<Depth8580 type_id="opencv-matrix">
  <rows>35</rows>
  <cols>26</cols>
  <dt>w</dt>
  <data>
    5210 2659 2659 2659 2639 2618 2618 2618 2598 2598 2579 2579 2579
    2598 2598 2639 2639 2659 2659 2659 2659 2659 2659 2659 2680 2659
    5210 2680 2659 2639 2639 2598 2598 2598 2598 2598 2579 2579 2598
    2598 2598 2618 2639 2639 2639 2639 2659 2659 2680 2680 2680 2659
    5210 2680 2659 2639 2639 2598 2598 2598 2598 2598 2598 2598 2618
    2618 2618 2618 2639 2639 2639 2639 2659 2659 2680 2680 2659 2659
    5210 2680 2659 2639 2639 2618 2598 2598 2598 2598 2598 2618 2618
    2618 2618 2618 2618 2639 2639 2639 2659 2659 2680 2680 2659 2639
    5210 2680 2659 2639 2639 2618 2598 2598 2598 2598 2598 2618 2618
    2618 2618 2618 2618 2639 2639 2659 2659 2659 2659 2680 2680 2639
    5210 2659 2659 2659 2618 2618 2598 2598 2598 2618 2618 2618 2618
    2618 2618 2618 2639 2639 2659 2659 2659 2659 2659 2680 2680 2659
    5210 2659 2659 2639 2618 2598 2579 2579 2598 2618 2618 2618 2618
    2618 2618 2618 2639 2639 2659 2659 2659 2659 2659 2680 2680 2659
    2680 2659 2659 2639 2618 2598 2579 2579 2598 2618 2618 2618 2618
    2618 2618 2618 2639 2639 2659 2659 2680 2680 2680 2680 2680 2659
    2680 2680 2659 2639 2618 2598 2598 2598 2598 2618 2618 2618 2618
    2618 2618 2618 2639 2639 2659 2659 2680 2680 2680 2680 2680 2680
    2723 2680 2659 2639 2618 2618 2618 2618 2618 2618 2618 2618 2618
    2618 2639 2639 2639 2659 2659 2659 2680 2701 2701 2680 2680 2680
    2723 2701 2659 2639 2639 2618 2618 2618 2618 2618 2618 2639 2639
    2639 2639 2639 2659 2659 2659 2659 2680 2701 2701 2701 2701 2701
    2723 2680 2659 2659 2639 2618 2618 2618 2618 2618 2618 2639 2639
    2639 2639 2639 2659 2659 2659 2659 2680 2701 2701 2701 2701 2701
    2701 2680 2659 2659 2639 2618 2618 2618 2618 2618 2618 2639 2639
    2639 2659 2659 2659 2659 2659 2659 2701 2701 2701 2723 2701 2701
    2701 2680 2659 2659 2639 2639 2618 2618 2618 2618 2618 2639 2639
    2639 2659 2659 2659 2659 2659 2659 2701 2701 2701 2701 2701 2701
    2723 2680 2659 2659 2639 2618 2618 2618 2618 2618 2618 2639 2639
    2659 2659 2659 2659 2659 2659 2659 2701 2701 2701 2701 2680 2680
    2680 2680 2659 2659 2639 2618 2618 2618 2618 2639 2639 2639 2639
    2659 2659 2659 2659 2659 2680 2680 2701 2701 2701 2701 2680 2680
    2680 2680 2659 2639 2639 2618 2618 2618 2639 2639 2639 2639 2639
    2659 2659 2680 2659 2659 2680 2680 2701 2701 2701 2701 2701 2701
    2680 2680 2659 2639 2639 2618 2618 2618 2639 2639 2639 2639 2639
    2659 2659 2680 2680 2680 2680 2701 2701 2701 2701 2701 2701 2701
    2680 2680 2659 2639 2618 2618 2639 2639 2639 2639 2639 2639 2639
    2659 2659 2680 2680 2680 2680 2701 2701 2701 2701 2701 2701 2701
    2680 2680 2659 2639 2618 2618 2639 2639 2639 2639 2639 2639 2639
    2659 2659 2659 2659 2680 2701 2701 2723 2701 2701 2701 2701 5374
    2680 2680 2659 2639 2639 2639 2639 2639 2639 2639 2639 2659 2659
    2659 2659 2659 2659 2680 2701 2701 2723 2723 2723 2701 2701 5374
    2701 2680 2659 2639 2639 2639 2639 2639 2639 2639 2659 2659 2659
    2659 2659 2659 2659 2680 2701 2701 2723 2723 2723 2723 2723 5374
    2723 2680 2659 2659 2639 2639 2639 2639 2639 2639 2659 2659 2659
    2659 2659 2659 2659 2680 2701 2701 2723 2723 2723 2723 2723 5374
    2723 2680 2659 2659 2659 2639 2639 2639 2639 2639 2659 2659 2659
    2659 2680 2680 2680 2701 2701 2723 2723 2723 2723 2723 2723 5374
    2723 2680 2659 2659 2659 2659 2639 2639 2659 2659 2659 2659 2659
    2680 2680 2680 2701 2701 2723 2723 2723 2723 2723 2723 5460 5374
    2723 2701 2659 2659 2659 2659 2659 2659 2659 2659 2659 2659 2680
    2680 2680 2680 2701 2723 2723 2723 2723 2723 2723 2723 5460 5460
    2723 2701 2659 2659 2659 2659 2659 2659 2659 2659 2659 2659 2680
    2701 2701 2701 2701 2723 2723 2723 2723 2723 2723 2723 5460 5374
    2723 2701 2680 2659 2659 2659 2659 2659 2659 2659 2659 2659 2680
    2701 2701 2701 2701 2723 2723 2723 2723 2744 2744 2744 5548 5374
    2723 2701 2680 2659 2659 2659 2659 2659 2659 2659 2659 2659 2680
    2701 2723 2723 2723 2723 2723 2723 2744 2744 2744 2744 5460 5374
    2723 2701 2680 2659 2659 2659 2659 2659 2659 2659 2659 2659 2680
    2701 2701 2723 2723 2723 2723 2723 2723 2744 2744 2744 5460 5374
    2701 2680 2680 2659 2659 2659 2659 2659 2659 2659 2680 2680 2680
    2701 2701 2723 2723 2723 2723 2723 2723 2723 2723 5548 5460 5374
    2701 2680 2659 2659 2659 2659 2659 2659 2659 2680 2680 2680 2701
    2701 2701 2723 2723 2723 2723 2723 2723 2723 2723 5460 5374 5374
    2701 2680 2659 2659 2659 2659 2659 2680 2680 2680 2680 2680 2701
    2701 2701 2723 2723 2723 2723 2744 2744 2723 2723 5291 5291 5291
    2701 2701 2659 2659 2659 2659 2659 2680 2680 2701 2701 2701 2701
    2701 2701 2723 2723 2723 2744 2744 2744 2744 2744 5210 5210 5210
    4983 4983 2680 2659 2659 2639 2639 2659 2701 2701 2701 2723 2723
    2701 2701 2701 2723 2723 2744 2767 2767 2767 5548 5210 5210 5210</data></Depth8580>
</opencv_storage>
