<?xml version="1.0"?>
<opencv_storage>
<Depth5470 type_id="opencv-matrix">
  <rows>69</rows>
  <cols>52</cols>
  <dt>w</dt>
  <data>
    2958 2933 2933 2933 2958 2984 2984 1427 1427 1427 1433 1433 1433
    1439 1439 1439 1433 1433 1433 1433 1433 1433 1433 1433 1439 1439
    1439 1445 1445 1439 1439 4463 4582 4582 4582 4645 4645 1458 1458
    4645 4645 4645 4645 4708 4774 4774 4774 4774 4774 4774 4774 4774
    2958 2933 2933 2933 2933 1415 1415 1415 1427 1427 1433 1433 1433
    1433 1433 1433 1433 1433 1433 1433 1433 1433 1433 1433 1433 1439
    1439 1439 1445 1439 1439 1452 1452 1458 1458 1458 1458 1458 1458
    1458 1464 1464 4708 4708 1483 1483 1483 1477 1477 1477 4774 4774
    2958 2933 2908 2908 2908 1427 1415 1415 1415 1427 1427 1427 1427
    1421 1421 1427 1427 1433 1433 1433 1433 1433 1433 1433 1433 1439
    1439 1439 1445 1445 1445 1452 1452 1458 1458 1458 1458 1458 1458
    1458 1464 1464 1464 1464 1477 1477 1477 1477 1477 1477 1483 4774
    2958 2933 2908 2908 2908 1427 1415 1415 1415 1415 1421 1415 1415
    1415 1415 1421 1427 1427 1433 1433 1433 1433 1433 1433 1433 1433
    1433 1433 1439 1445 1445 1452 1452 1452 1458 1458 1458 1458 1458
    1458 1464 1464 1464 1464 1470 1470 1470 1477 1477 1477 1483 1483
    2958 2908 2908 2908 1415 1415 1415 1415 1415 1415 1415 1415 1415
    1415 1415 1421 1427 1427 1427 1433 1433 1433 1433 1433 1433 1433
    1433 1433 1439 1439 1445 1452 1445 1445 1452 1458 1458 1458 1458
    1458 1464 1464 1464 1464 1464 1464 1470 1477 1477 1477 1477 1477
    2958 2908 2908 2908 1415 1415 1415 1415 1415 1415 1415 1415 1415
    1415 1415 1415 1421 1427 1427 1433 1433 1433 1433 1433 1433 1433
    1433 1439 1439 1439 1445 1445 1445 1445 1445 1458 1452 1452 1458
    1458 1458 1458 1464 1464 1464 1464 1464 1470 1470 1470 1477 1477
    2958 2908 2908 2908 1415 1415 1410 1410 1415 1415 1415 1415 1415
    1415 1415 1415 1415 1421 1427 1433 1433 1433 1427 1427 1427 1433
    1433 1439 1439 1439 1445 1439 1439 1439 1445 1445 1452 1452 1452
    1458 1458 1458 1464 1464 1464 1464 1464 1470 1464 1464 1477 1477
    2958 2958 2958 2958 1410 1410 1410 1410 1410 1410 1410 1410 1415
    1415 1415 1415 1415 1421 1427 1427 1427 1427 1427 1427 1427 1433
    1433 1439 1439 1439 1439 1439 1439 1439 1445 1445 1452 1452 1452
    1452 1458 1458 1458 1464 1464 1464 1464 1470 1464 1464 1477 1483
    2958 2958 2958 1410 1410 1410 1404 1404 1404 1410 1410 1410 1410
    1410 1415 1415 1415 1415 1427 1427 1427 1427 1427 1427 1427 1433
    1433 1439 1439 1439 1439 1439 1439 1445 1445 1445 1452 1452 1452
    1452 1458 1458 1458 1458 1458 1464 1464 1464 1464 1464 1477 1483
    2958 2958 2958 1410 1410 1410 1404 1404 1404 1410 1410 1410 1410
    1410 1415 1415 1415 1415 1421 1427 1427 1427 1427 1427 1427 1433
    1433 1439 1439 1439 1439 1439 1439 1439 1445 1445 1445 1445 1452
    1452 1458 1458 1458 1458 1458 1464 1464 1464 1464 1464 1477 1477
    2933 2933 2933 1404 1404 1404 1404 1404 1404 1410 1410 1410 1410
    1410 1410 1415 1415 1415 1415 1421 1421 1421 1421 1427 1427 1433
    1433 1439 1439 1439 1439 1433 1433 1439 1439 1445 1445 1445 1452
    1452 1452 1458 1458 1458 1458 1458 1458 1458 1464 1470 1470 1470
    2933 2933 2933 1398 1398 1398 1404 1404 1404 1410 1410 1410 1410
    1410 1410 1410 1415 1415 1415 1415 1415 1415 1421 1421 1427 1427
    1427 1433 1433 1433 1439 1433 1433 1439 1439 1445 1445 1445 1445
    1445 1452 1452 1458 1458 1458 1458 1458 1458 1464 1464 1464 1464
    2933 2958 2958 1398 1398 1398 1404 1404 1404 1410 1410 1410 1410
    1410 1410 1410 1410 1410 1415 1415 1415 1415 1415 1421 1421 1427
    1427 1433 1433 1433 1433 1433 1433 1433 1439 1439 1439 1439 1439
    1445 1445 1452 1458 1458 1458 1458 1458 1458 1458 1464 1464 1464
    2933 2958 2958 1392 1392 1398 1398 1398 1398 1404 1404 1410 1410
    1410 1410 1410 1410 1410 1415 1415 1415 1415 1415 1421 1421 1427
    1427 1433 1433 1433 1433 1433 1433 1433 1439 1439 1439 1439 1439
    1439 1445 1445 1452 1458 1458 1458 1458 1458 1458 1452 1452 1452
    2933 2933 1392 1392 1392 1392 1392 1392 1392 1398 1404 1410 1410
    1410 1410 1410 1410 1410 1410 1410 1410 1415 1415 1415 1415 1415
    1421 1427 1427 1427 1433 1427 1427 1433 1433 1433 1439 1439 1439
    1439 1445 1445 1445 1445 1458 1458 1458 1458 1458 1452 1452 1452
    2908 2908 1392 1392 1392 1392 1392 1392 1392 1398 1398 1404 1410
    1410 1410 1410 1410 1410 1410 1410 1410 1415 1415 1415 1415 1415
    1421 1421 1427 1427 1433 1427 1427 1427 1433 1433 1433 1439 1439
    1439 1439 1439 1439 1439 1445 1445 1458 1452 1452 1458 1458 1458
    2883 2883 2883 1392 1392 1392 1392 1392 1392 1398 1398 1398 1404
    1398 1398 1404 1404 1410 1410 1410 1410 1415 1415 1415 1415 1415
    1415 1415 1427 1427 1433 1433 1427 1427 1433 1433 1433 1439 1439
    1439 1439 1439 1439 1439 1439 1439 1445 1452 1452 1458 1458 1458
    2883 2883 0 1392 1392 1392 1392 1392 1392 1392 1392 1398 1398 1398
    1398 1404 1404 1410 1410 1410 1410 1415 1415 1415 1415 1415 1415
    1415 1421 1421 1421 1421 1421 1427 1427 1433 1433 1433 1439 1439
    1439 1439 1439 1439 1439 1439 1445 1452 1452 1452 1452 1452 2908
    2908 0 1392 1392 1392 1392 1392 1392 1392 1392 1392 1398 1398 1398
    1404 1404 1404 1410 1410 1410 1415 1415 1415 1415 1415 1415 1415
    1415 1415 1421 1421 1421 1427 1427 1433 1433 1433 1433 1439 1439
    1439 1439 1439 1439 1439 1439 1452 1452 1452 1452 1452 2908 2908
    1387 1387 1387 1387 1392 1392 1392 1392 1392 1392 1398 1398 1398
    1404 1404 1404 1410 1410 1410 1410 1415 1415 1415 1410 1410 1415
    1415 1415 1415 1421 1421 1427 1433 1433 1433 1433 1433 1433 1439
    1439 1433 1433 1439 1439 1439 1452 1452 1445 1445 1445 2908 2908
    1387 1387 1387 1387 1387 1387 1387 1392 1392 1392 1392 1392 1392
    1398 1398 1404 1404 1404 1410 1410 1415 1410 1410 1410 1410 1415
    1415 1415 1415 1421 1421 1427 1427 1427 1433 1433 1433 1433 1433
    1433 1433 1433 1439 1439 1439 1445 1445 1445 1445 1445 2859 2859
    1387 1387 1387 1387 1387 1387 1387 1392 1392 1392 1392 1392 1392
    1392 1398 1404 1404 1404 1410 1410 1415 1410 1410 1410 1410 1410
    1415 1415 1415 1421 1421 1421 1427 1427 1433 1433 1433 1433 1433
    1433 1433 1433 1439 1439 1439 1445 1445 1439 1439 1439 2835 0 1387
    1387 1387 1387 1387 1387 1387 1387 1387 1387 1392 1392 1392 1392
    1392 1398 1398 1404 1404 1410 1410 1410 1410 1410 1410 1410 1415
    1415 1415 1415 1415 1415 1421 1427 1433 1433 1433 1433 1433 1433
    1433 1433 1439 1439 1439 1445 1445 1439 1439 1439 2835 0 1392 1392
    1387 1387 1387 1387 1387 1387 1387 1387 1387 1387 1387 1392 1392
    1398 1398 1398 1398 1410 1410 1410 1410 1410 1410 1410 1410 1415
    1415 1415 1415 1415 1421 1427 1427 1433 1433 1433 1433 1433 1433
    1433 1439 1439 1439 1439 1439 1445 1445 1445 2812 0 1387 1387 1387
    1387 1381 1381 1387 1387 1387 1387 1387 1387 1387 1387 1392 1392
    1398 1398 1398 1410 1410 1410 1410 1404 1404 1410 1410 1410 1415
    1415 1415 1415 1415 1415 1415 1421 1421 1427 1433 1433 1433 1439
    1439 1439 1439 1439 1439 1439 1445 1445 2789 0 1370 1370 1370 1370
    1376 1376 1387 1387 1387 1387 1387 1387 1387 1387 1392 1392 1392
    1392 1392 1410 1410 1410 1410 1404 1404 1410 1410 1410 1410 1410
    1410 1410 1410 1415 1415 1421 1421 1427 1427 1433 1433 1433 1433
    1433 1439 1439 1439 1439 1445 1445 2789 0 1370 1370 1370 1370 1376
    1376 1387 1387 1387 1381 1381 1387 1387 1387 1387 1392 1392 1392
    1392 1404 1410 1410 1410 1410 1410 1410 1410 1410 1410 1410 1410
    1410 1410 1410 1415 1421 1421 1427 1427 1433 1433 1433 1433 1433
    1433 1433 1433 1439 1439 1439 0 0 0 1370 1370 1370 1376 1381 1387
    1370 1370 1381 1381 1387 1387 1387 1387 1387 1387 1392 1392 1392
    1398 1398 1398 1404 1410 1410 1410 1410 1410 1410 1410 1410 1410
    1410 1415 1415 1421 1427 1427 1433 1433 1433 1433 1433 1433 1433
    1433 1433 1439 1439 2883 1381 1370 1370 1370 1370 1370 1370 1381
    1370 1370 1381 1381 1387 1387 1387 1387 1387 1387 1387 1392 1392
