<?xml version="1.0"?>
<opencv_storage>
<Depth17146 type_id="opencv-matrix">
  <rows>31</rows>
  <cols>8</cols>
  <dt>w</dt>
  <data>
    4349 4349 4405 3365 3333 3333 3365 3333 4349 4349 4349 4349 3333
    3333 3365 3333 4405 4349 4349 4349 4295 3365 3365 3365 4405 4349
    4349 4349 4295 4295 3399 3399 4405 4349 4349 4349 4349 4349 3433
    3399 4405 4349 4349 4349 4349 4349 4349 3399 4405 4349 4349 4349
    4349 4349 4349 3399 4463 4405 4349 4349 4349 4349 3365 3365 4463
    4405 4349 4349 4349 4349 3365 3365 4463 4405 4349 4349 4349 4349
    4349 3399 4405 4349 4349 4349 4349 4349 4349 3365 4405 4349 4349
    4349 4349 4349 4349 3365 4349 4349 4349 4349 4349 4349 4295 4295
    4349 4349 4349 4349 4349 4349 4295 4295 4349 4349 4349 4349 4349
    4349 4349 4349 4349 4349 4349 4349 4349 4349 4349 4349 4349 4349
    4349 4349 4349 4349 4349 4349 4349 4349 4349 4349 4349 4349 4349
    4349 4349 4349 4349 4349 4349 4349 4349 4349 4405 4405 4463 4463
    4405 4405 4405 4349 4463 4463 4463 4405 4405 4405 4463 4463 4463
    4405 4405 4405 4405 4405 4463 4463 4463 4405 4405 4405 4405 4405
    4463 4463 4405 4349 4349 4405 4405 4405 4463 4463 4190 4295 4295
    4349 4349 4349 4349 4405 4190 4241 4295 4295 4295 4241 4241 4295
    4241 4241 4295 4295 4241 4190 4190 4190 4405 4405 4295 4295 4241
    4190 4190 4190 4522 4463 4405 4295 4241 4241 4241 4295 4522 4405
    4241 4190 4190 4190 4241 4295 3433 4405 4089 4089 4089 4139 4190
    4241</data></Depth17146>
</opencv_storage>
