<?xml version="1.0"?>
<opencv_storage>
<Depth0889 type_id="opencv-matrix">
  <rows>27</rows>
  <cols>42</cols>
  <dt>w</dt>
  <data>
    5056 2365 2365 2381 2415 2415 2398 2381 2381 2381 2398 4983 4911
    4911 4911 4911 4911 4911 4911 2381 2381 2398 2415 2432 4983 4983
    4983 4983 4983 4983 4983 4983 4983 4983 4911 4911 4911 4911 4911
    4911 4911 4911 5132 2365 2365 2381 2398 2415 2398 2381 2381 2381
    2381 2381 2381 2381 2381 2398 2415 2415 2398 2381 2381 2398 2398
    2398 2381 2381 4983 4983 4983 4983 4983 4983 4983 4983 4911 4911
    4911 4911 4911 4911 4911 4911 5132 2365 2365 2381 2398 2398 2398
    2381 2381 2381 2365 2365 2365 2365 2365 2398 2415 2415 2398 2398
    2398 2381 2381 2381 2381 2381 2365 2365 2365 2365 4983 2365 2365
    4983 4911 4911 4911 4911 4983 4983 4911 4911 2365 2365 2365 2365
    2381 2398 2381 2381 2381 2381 2365 2365 2365 2365 2365 2365 2365
    2398 2381 2381 2381 2381 2381 2381 2381 2381 2365 2365 2365 2365
    2381 2365 2365 2381 2381 4983 2365 2365 2365 2381 4911 4911 2365
    2365 2365 2365 2365 2365 2381 2381 2381 2381 2365 2365 2365 2365
    2365 2365 2365 2381 2365 2365 2381 2365 2365 2381 2365 2365 2365
    2365 2365 2365 2365 2381 2381 2381 2381 2381 2365 2365 2365 2365
    2365 4911 2349 2349 2365 2365 2349 2349 2349 2365 2365 2365 2365
    2365 2365 2365 2365 2365 2365 2365 2365 2365 2365 2365 2365 2365
    2365 2365 2365 2365 2365 2365 2365 2365 2365 2365 2365 2365 2365
    2365 2365 2365 2365 2365 2333 2349 2349 2349 2349 2349 2349 2365
    2365 2365 2365 2365 2365 2349 2349 2365 2349 2349 2349 2349 2365
    2365 2365 2365 2349 2349 2349 2349 2365 2365 2365 2365 2365 2365
    2365 2365 2365 2365 2365 2365 2365 2365 2333 2349 2349 2349 2349
    2349 2349 2365 2365 2365 2365 2365 2365 2349 2349 2349 2349 2349
    2349 2349 2349 2365 2365 2349 2349 2349 2349 2349 2349 2349 2349
    2349 2349 2349 2349 2349 2365 2365 2365 2365 2365 2365 2349 2365
    2349 2349 2349 2349 2349 2349 2349 2349 2349 2349 2349 2349 2349
    2349 2349 2349 2349 2349 2349 2349 2349 2349 2349 2349 2349 2349
    2349 2349 2349 2349 2349 2349 2349 2349 2349 2349 2349 2349 2349
    2365 2349 2365 2349 2349 2349 2349 2349 2349 2349 2349 2349 2349
    2349 2349 2349 2349 2349 2349 2349 2349 2349 2349 2349 2349 2349
    2349 2349 2349 2349 2349 2349 2349 2349 2349 2349 2349 2349 2349
    2349 2349 2349 2365 2365 2365 2349 2349 2349 2349 2349 2349 2349
    2349 2349 2349 2349 2349 2333 2333 2349 2349 2349 2349 2349 2349
    2349 2349 2349 2349 2349 2349 2333 2333 2333 2333 2349 2349 2349
    2349 2349 2349 2349 2333 2333 2349 2365 2365 2349 2349 2349 2349
    2349 2349 2349 2349 2349 2349 2349 2349 2333 2333 2349 2349 2349
    2349 2349 2349 2349 2333 2333 2333 2333 2333 2333 2333 2333 2333
    2333 2333 2333 2349 2349 2349 2349 2333 2333 2349 2381 2381 2381
    2381 2365 2349 2349 2349 2349 2349 2349 2349 2349 2349 2349 2349
    2349 2349 2349 2349 2349 2349 2349 2333 2333 2333 2333 2333 2333
    2333 2333 2333 2333 2333 2333 2333 2333 2333 2333 2333 2333 2333
    2381 2398 2398 2398 2398 2381 2381 2365 2365 2365 2349 2349 2349
    2349 2349 2349 2349 2349 2349 2349 2349 2349 2349 2349 2349 2349
    2333 2333 2333 2333 2333 2333 2333 2333 2333 2333 2333 2333 2333
    2317 2317 2317 2415 2415 2415 2415 2398 2398 2398 2381 2381 2381
    2381 2381 2365 2365 2365 2365 2365 2365 2365 2349 2349 2349 2349
    2349 2349 2349 2349 2349 2349 2349 2333 2333 2333 2333 2333 2333
    2333 2333 2333 2317 2301 2301 2415 2415 2415 2415 2415 2415 2415
    2415 2415 2398 2398 2398 2398 2398 2398 2381 2381 2381 2365 2365
    2365 2365 2349 2349 2365 2349 2349 2349 2349 2349 2349 2349 2349
    2349 2349 2349 2349 2333 2333 2333 2301 2301 2415 2415 2415 2415
    2415 2415 2415 2415 2415 2415 2415 2415 2415 2415 2415 2415 2398
    2381 2381 2381 2381 2381 2349 2349 2365 2365 2365 2365 2365 2365
    2349 2349 2349 2349 2349 2349 2349 2333 2333 2333 2333 2333 2432
    2432 2432 2432 2432 2432 2432 2432 2432 2415 2415 2415 2415 2415
    2415 2415 2415 2415 2398 2398 2398 2415 2365 2365 2365 2381 2398
    2381 2381 2365 2365 2365 2365 2365 2365 2349 2349 2349 2349 2333
    2333 2365 2450 2450 2450 2432 2432 2432 2432 2432 2432 2415 2415
    2432 2432 2432 2432 2432 2415 2415 2415 2415 2415 2415 2415 2398
    2398 2398 2415 2415 2415 2381 2381 2365 2365 2381 2365 2365 2349
    2349 2349 2349 2349 0 2485 2485 2467 2450 2450 2450 2450 2450 2450
    2432 2432 2432 2432 2432 2432 2432 2432 2432 2432 2415 2415 2415
    2415 2415 2415 2415 2415 2415 2415 2415 2415 2415 2398 2398 2381
    2381 2381 2398 2398 2398 2450 0 2485 2485 2485 2485 2467 2467 2467
    2467 2467 2450 2450 2450 2450 2450 2450 2450 2450 2432 2432 2432
    2432 2432 2432 2432 2415 2415 2432 2432 2432 2415 2415 2415 2415
    2398 2381 2381 2398 2415 2415 2415 2432 2467 2503 2503 2503 2485
    2485 2485 2485 2485 2485 2467 2467 2467 2467 2467 2450 2450 2467
    2485 2467 2450 2432 2432 2432 2432 2432 2432 2432 2432 2432 2415
    2415 2415 2415 2415 2415 2398 2398 2415 2415 2415 2432 2467 2503
    2503 2503 2503 2503 2503 2503 2503 2485 2485 2485 2485 2485 2485
    2485 2485 2485 2485 2467 2467 2467 2467 2467 2467 2450 2450 2450
    2450 2450 2432 2432 2432 2432 2432 2415 2415 2432 2432 2415 2415
    2432 2432 2503 2503 2503 2503 2503 2503 2503 2503 2503 2503 2485
    2485 2485 2485 2485 2485 2485 2485 2467 2467 2467 2467 2467 2485
    2485 2485 2485 2485 2467 2467 2450 2450 2450 2432 2432 2432 2432
    2415 2415 2415 5291 5210 4190 2522 2522 2541 2522 2522 2522 2522
    2503 2503 2503 2503 2503 2485 2485 2485 2485 2485 2485 2485 2485
    2485 2485 2485 2485 2485 2485 2485 2467 2467 2450 2450 2450 2450
    2450 2450 2432 2415 2415 5291 5210 5210 4190 4139 4089 2560 2560
    2560 2541 2541 2541 2541 2522 2503 2503 2503 2503 2503 2503 2485
    2485 2485 2485 2485 2485 2485 2485 2485 2485 2485 2467 2467 2450
    2450 2450 2450 2450 2450 2450 2450 2450 5210 5210 5210 4190 4139
    4089 4041 4041 4041 4041 2579 2560 2560 2560 4405 4405 4405 4405
    2503 2503 2503 2485 2485 2485 5291 5291 5291 2503 2503 2503 2485
    2467 2467 2450 2450 2485 2485 2467 2467 2450 2450 5291 5210 5210
    5210</data></Depth0889>
</opencv_storage>
