<?xml version="1.0"?>
<opencv_storage>
<Depth2521 type_id="opencv-matrix">
  <rows>7</rows>
  <cols>5</cols>
  <dt>w</dt>
  <data>
    0 0 0 0 4842 0 0 0 0 0 0 0 0 0 0 0 0 0 0 0 0 0 0 0 0 0 0 5132 5132
    5132 2349 5132 5132 5132 5132</data></Depth2521>
</opencv_storage>
