<?xml version="1.0"?>
<opencv_storage>
<Depth7120 type_id="opencv-matrix">
  <rows>107</rows>
  <cols>98</cols>
  <dt>w</dt>
  <data>
    4645 4645 4645 4645 4645 4645 4582 4582 4522 4522 4522 4463 4463
    4463 4463 4405 4405 4405 4349 4349 4349 4295 4295 4295 4295 4241
    4241 4241 4190 4190 4139 4139 4139 4139 4190 4190 4190 4139 4089
    4089 4041 4041 4041 3948 3948 3948 951 940 940 940 940 938 938 938
    943 970 970 973 978 987 992 992 3653 3653 3653 3614 3614 3653 3653
    3614 3614 3576 3576 3539 3539 3614 3614 2381 2381 2365 2365 2365
    2349 2349 2333 2333 2317 2317 2301 2301 2271 2271 2271 2271 2256
    2256 2256 2256 4645 4645 4645 4645 4645 4645 4582 4582 4522 4463
    4463 4463 4463 4463 4463 4405 4405 4405 4349 4349 4349 4295 4295
    4295 4295 4295 4241 4241 4241 4190 4190 4139 4139 4139 4190 4190
    4190 4190 4190 4089 4089 4089 4089 4089 951 951 951 943 940 940 938
    938 938 940 943 959 967 973 978 987 992 995 995 995 3614 3614 3614
    3653 3692 3653 3614 3576 3576 3539 3539 3576 3576 2365 2365 2365
    2365 2365 2365 2365 2349 2333 2317 2317 2301 2301 2286 2286 2271
    2271 2271 2256 2256 2256 4645 4645 4645 4645 4582 4582 4582 4522
    4522 4463 4463 4463 4463 4463 4463 4405 4405 4405 4349 4349 4349
    4295 4295 4295 4295 4295 4295 4241 4241 4190 4190 4190 4190 4190
    4190 4190 4190 4190 4190 962 962 959 959 954 951 951 951 943 940 940
    938 938 938 938 940 959 967 973 975 981 992 995 995 0 3692 3692 3692
    3692 3692 3653 3614 3576 3576 3539 3539 3576 3576 2365 2365 2365
    2365 2365 2365 2365 2349 2349 2317 2317 2317 2301 2286 2286 2286
    2286 2271 2271 2271 2271 4645 4645 4645 4645 4582 4582 4522 4463
    4463 4463 4463 4463 4463 4463 4463 4463 4405 4405 4405 4349 4349
    4349 4295 4295 4295 4295 4295 4295 4241 4241 4241 4190 4190 4139
    4139 4190 4190 4190 962 962 962 959 959 954 951 948 946 943 940 940
    938 938 938 938 940 940 973 973 973 975 989 992 992 0 0 3692 3692
    3692 3692 3653 3614 3576 3576 3539 3539 3576 3576 3576 2365 2365
    2365 2381 2381 2365 2349 2349 2333 2333 2317 2301 2301 2286 2286
    2286 2286 2286 2286 2286 4645 4645 4645 4645 4582 4582 4522 4463
    4463 4463 4463 4463 4463 4463 4463 4463 4405 4405 4405 4349 4349
    4349 4295 4295 4295 4295 4295 4295 4241 4241 4241 4241 4241 4139
    4139 4139 973 973 962 962 962 959 959 956 951 948 946 943 940 940
    938 938 938 938 938 938 973 970 970 975 987 992 992 995 0 3732 0
    3732 3692 3692 3653 3576 3576 3539 3539 3576 3576 3576 3539 2398
    2398 2398 2381 2381 2365 2349 2333 2333 2333 2333 2317 2301 2301
    2301 2301 2301 2301 2301 4708 4645 4645 4645 4582 4582 4582 4522
    4522 4463 4463 4463 4463 4463 4463 4463 4405 4405 4405 4349 4349
    4349 4349 4349 4295 4295 4295 4295 4295 4241 4241 4241 4241 4241 981
    981 973 973 970 962 962 959 959 956 954 951 948 948 946 940 938 938
    938 938 938 938 962 970 970 973 987 992 995 995 0 0 0 3732 3692 3653
    3653 3576 3576 3539 3539 3576 3576 3576 3539 2450 2432 2432 2398
    2381 2365 2349 2333 2333 2333 2333 2317 2317 2317 2301 2301 2301
    2301 2301 4708 4708 4645 4645 4645 4582 4582 4522 4522 4522 4522
    4522 4522 4463 4463 4463 4405 4405 4405 4405 4349 4349 4295 4295
    4295 4241 4241 4295 4295 4295 4349 4349 4349 981 981 981 975 973 970
    962 962 959 959 959 954 951 948 948 946 943 940 938 938 938 938 948
    959 967 967 973 981 995 995 995 0 0 0 0 3692 3653 3653 3576 3576
    3539 3539 3539 3539 3539 3576 2450 2432 2432 2398 2381 2365 2349
    2333 2333 2333 2333 2317 2317 2317 2301 2301 2301 2301 2301 4708
    4708 4708 4645 4645 4582 4582 4522 4522 4522 4522 4522 4522 4463
    4463 4463 4405 4405 4405 4405 4349 4349 4295 4295 4295 4241 4241
    4295 4295 4349 4349 984 984 981 981 978 975 973 970 964 962 962 959
    959 956 954 951 948 948 943 940 938 938 938 938 948 954 962 967 970
    975 989 992 995 0 0 0 0 3692 3653 3653 3614 3576 3539 3539 3539 3539
    3539 3539 3539 2467 2450 2415 2398 2381 2365 2333 2333 2333 2333
    2333 2317 2317 2317 2301 2301 2301 2301 4708 4708 4708 4645 4645
    4645 4582 4582 4582 4582 4582 4522 4522 4463 4463 4463 4405 4405
    4405 4405 4349 4349 4241 4241 4295 4295 4295 992 992 992 989 984 984
    984 981 978 973 973 970 967 964 962 959 959 956 954 951 951 948 946
    943 940 938 938 938 946 951 959 959 964 973 987 992 995 0 0 0 0 0
    3653 3653 3653 3576 3576 3576 3539 3539 3539 3539 3539 3576 2450
    2432 2398 2381 2365 2349 2349 2333 2333 2333 2333 2317 2317 2301
    2301 2301 2301 4708 4708 4708 4645 4645 4645 4645 4582 4582 4645
    4582 4522 4522 4463 4463 4463 4405 4405 4405 4405 4405 4349 4241
    4241 4295 4295 0 0 992 992 989 989 984 984 981 978 973 973 973 970
    964 962 962 959 959 956 954 951 948 946 943 940 938 938 938 940 948
    956 959 964 973 981 989 995 0 0 0 0 0 3653 3653 3653 3576 3576 3576
    3576 3576 3539 3503 3503 2541 2503 2450 2432 2398 2381 2365 2365
    2349 2333 2333 2333 2317 2317 2301 2301 2301 2301 4708 4708 4708
    4645 4645 4645 4645 4645 4645 4645 4582 4522 4522 4463 4463 4405
    4405 4405 4405 4405 4405 4405 4405 4405 0 1010 1007 1004 992 992 989
    987 984 984 981 978 975 973 973 970 964 962 962 959 959 956 954 951
    948 946 940 940 938 938 938 938 943 951 954 959 970 978 984 992 995
    0 0 0 0 3653 3653 3653 3614 3576 3576 3576 3576 3539 2618 2541 2541
    2503 2485 2467 2415 2398 2381 2365 2365 2333 2333 2333 2317 2317
    2317 2317 2317 2317 4708 4708 4708 4645 4645 4645 4645 4645 4645
    4522 4522 4522 4522 4463 4463 4405 4405 4405 4405 4405 4463 4463
    4463 1010 1010 1010 1007 1004 998 992 984 984 984 984 984 981 978
    975 973 970 964 962 962 959 959 956 954 951 948 946 940 940 940 938
    938 938 940 948 951 959 962 978 981 989 995 0 0 0 0 0 3692 3653 3614
    3614 3614 3576 3576 2579 2560 2541 2541 2522 2503 2485 2450 2415
    2381 2381 2365 2333 2333 2333 2317 2317 2317 2317 2317 2317 4708
    4708 4708 4645 4645 4645 4645 4645 4645 4522 4463 4463 4522 4522
    4463 4463 4405 4405 4405 4405 4405 1019 1016 1016 1007 1007 1004
    1004 998 992 984 984 984 984 984 981 981 975 973 970 967 967 962 959
    959 956 954 951 948 946 940 940 938 938 938 938 938 946 951 956 959
    970 975 987 992 998 0 0 0 0 3692 3653 3614 3614 3614 3614 2560 2560
    2541 2541 2541 2522 2522 2503 2467 2432 2398 2381 2365 2333 2333
    2333 2333 2317 2317 2317 2317 2317 4774 4708 4708 4708 4645 4645
    4645 4645 4645 4463 4463 4463 4522 4522 4522 4522 0 0 0 1019 1019
    1019 1016 1016 1013 1004 1004 1001 998 992 989 987 984 984 984 981
    981 975 973 970 970 967 964 959 959 956 956 954 948 946 940 940 938
    938 938 938 938 940 943 951 954 967 970 978 984 995 1004 0 0 0 3614
    3614 3614 3614 3614 3653 2560 2560 2541 2541 2522 2522 2522 2503
    2467 2450 2415 2381 2365 2349 2333 2333 2333 2317 2317 2317 2317
    2317 4774 4708 4708 4708 4645 4645 4645 4645 4582 4463 4463 4463
    4522 4522 4522 0 0 1019 1019 1019 1019 1019 1016 1016 1010 1004 1004
    1001 998 992 992 989 987 984 984 981 981 975 973 970 970 967 964 962
    959 956 956 954 951 948 946 940 938 938 935 935 935 938 938 951 954
    959 962 970 978 984 984 1007 0 0 0 3614 3614 3576 2598 2579 2560
    2541 2541 2522 2522 2522 2503 2503 2485 2467 2450 2398 2365 2365
    2349 2349 2333 2333 2317 2317 2317 2333 4774 4774 4708 4708 4645
    4645 4645 4645 4582 4463 4463 4463 4522 4522 4522 4522 1019 1019
    1019 1019 1022 1019 1016 1016 1010 1004 1004 1001 998 995 992 992
    989 984 984 984 981 978 973 970 970 967 964 962 959 959 956 954 951
    948 946 940 938 938 935 935 935 933 933 940 954 959 962 970 975 981
    984 992 0 0 0 2579 2579 2579 2579 2541 2541 2541 2522 2522 2522 2522
    2503 2503 2485 2485 2467 2432 2381 2365 2349 2349 2333 2333 2333
    2333 2333 2333 4708 4708 4708 4708 4708 4708 4645 4645 4582 4463
    4463 4463 4463 4463 1025 0 1019 1019 1019 1019 1019 1019 1019 1016
    1010 1007 1004 1001 998 995 995 992 989 987 984 984 981 978 973 973
    970 967 964 962 959 959 956 954 951 948 948 940 938 938 938 935 935
