<?xml version="1.0"?>
<opencv_storage>
<Depth6839 type_id="opencv-matrix">
  <rows>82</rows>
  <cols>54</cols>
  <dt>w</dt>
  <data>
    3732 3732 3732 3732 3774 3732 3732 3732 3732 3732 3816 3816 1365
    1359 1349 1349 1349 1349 1354 1354 3692 3692 3692 3692 3692 3692
    3692 3692 3653 3653 3653 3653 3653 3653 3653 3653 3614 3614 3614
    3614 3614 3614 3614 3614 3614 3576 3576 3576 3576 3576 3576 3539
    3539 3539 3732 3732 3732 3732 3732 3732 3732 3732 3732 1376 1376
    1365 1365 1354 1349 1343 1343 1349 1349 1349 1354 1359 3732 3732
    3692 3653 3653 3653 3653 3653 3653 3653 3653 3653 3614 3614 3614
    3614 3614 3614 3614 3614 3614 3614 3614 3576 3576 3576 3539 3539
    3539 3539 3539 3503 3732 3732 3732 3732 3732 3732 3732 3732 1376
    1376 1376 1365 1365 1343 1343 1343 1343 1343 1349 1349 1354 1354
    1354 1365 1365 3653 3653 3614 3614 3614 3692 3653 3653 3614 3614
    3614 3614 3614 3614 3614 3614 3614 3576 3576 3576 3576 3576 3576
    3539 3539 3539 3539 3539 3503 3732 3732 3732 3732 3732 3732 3732
    1381 1376 1376 1376 1365 1365 1338 1338 1338 1338 1338 1343 1354
    1354 1354 1354 1359 1354 1354 1365 1365 3614 3614 3692 3692 3692
    3614 3614 3614 3614 3614 3614 3614 3614 3576 3576 3576 3576 3576
    3539 3539 3576 3539 3539 3539 3539 3539 3732 1410 1404 1404 1404
    1398 1392 1381 1381 1376 1376 1365 1365 1338 1338 1333 1333 1333
    1338 1349 1349 1349 1354 1359 1354 1354 1365 1365 1370 1376 1381
    1387 3692 3614 3576 3576 3614 3614 3614 3614 3614 3576 3576 3576
    3539 3539 3539 3539 3539 3539 3539 3539 3539 3539 3732 1410 1404
    1404 1404 1398 1392 1381 1381 1376 1370 1365 1359 1343 1338 1333
    1333 1333 1338 1338 1338 1338 1343 1343 1359 1359 1365 1365 1370
    1376 1376 1381 1381 1381 3576 3576 3614 3576 3576 3576 3576 3576
    3576 3576 3539 3539 3539 3539 3539 3539 3539 3576 3539 3539 1415
    1415 1410 1410 1404 1398 1387 1381 1376 1376 1365 1359 1359 1343
    1338 1333 1333 1333 1333 1338 1338 1338 1338 1343 1354 1354 1365
    1365 1370 1370 1376 1376 1381 1381 1381 1381 3614 3576 3576 3576
    3576 3576 3576 3576 3576 3539 3539 3539 3539 3539 3539 3539 3576
    3539 1415 1415 1410 1410 1404 1398 1387 1381 1376 1376 1359 1354
    1343 1338 1333 1333 1333 1333 1333 1333 1338 1338 1338 1343 1354
    1354 1365 1365 1365 1365 1370 1376 1381 1381 1381 1387 1392 1392
    3576 3576 3576 3576 3614 3576 3576 3576 3576 3539 3539 3503 3503
    3503 3539 3539 1427 1427 1421 1415 1404 1398 1381 1376 1376 1370
    1359 1354 1338 1333 1333 1328 1328 1333 1333 1333 1333 1333 1338
    1354 1354 1359 1359 1359 1359 1359 1365 1370 1376 1381 1381 1387
    1387 1392 1392 1410 1410 3576 3614 3614 3576 3576 3576 3539 3539
    3503 3503 3503 3503 3503 1427 1427 1421 1410 1404 1398 1381 1376
    1376 1370 1359 1354 1333 1333 1328 1322 1322 1333 1333 1333 1333
    1333 1338 1349 1349 1354 1359 1359 1359 1359 1365 1370 1376 1381
    1381 1387 1387 1392 1392 1404 1404 1404 1410 3653 3614 3576 3576
    3576 3539 3503 3503 3503 3503 3503 1427 1427 1421 1404 1398 1392
    1387 1381 1370 1365 1359 1349 1333 1333 1328 1322 1322 1328 1333
    1333 1333 1333 1338 1343 1349 1354 1359 1359 1359 1359 1365 1370
    1376 1381 1381 1381 1381 1392 1398 1404 1404 1404 1410 1415 1421
    1421 1421 3614 3614 3503 3503 3503 3503 3503 1415 1415 1410 1404
    1398 1392 1381 1376 1370 1365 1359 1349 1338 1333 1322 1317 1317
    1322 1322 1328 1328 1328 1333 1338 1343 1349 1354 1354 1354 1359
    1365 1370 1376 1381 1381 1381 1381 1387 1398 1398 1398 1404 1410
    1415 1415 1421 1421 1421 3503 3503 3503 3503 3503 3503 1410 1410
    1410 1398 1392 1381 1376 1376 1365 1359 1354 1349 1338 1333 1322
    1317 1317 1322 1322 1328 1328 1328 1333 1338 1343 1343 1349 1354
    1354 1359 1359 1365 1376 1376 1381 1381 1381 1387 1392 1392 1398
    1404 1404 1410 1415 1415 1415 1421 1421 1421 3503 3468 3468 3468
    1410 1404 1404 1398 1392 1381 1376 1370 1359 1359 1354 1343 1333
    1328 1322 1317 1317 1317 1322 1322 1328 1328 1333 1338 1343 1343
    1349 1349 1354 1359 1359 1365 1370 1376 1376 1381 1381 1387 1392
    1392 1392 1404 1404 1410 1410 1410 1410 1410 1415 1415 3468 3468
    3468 3468 1404 1404 1404 1398 1392 1381 1376 1370 1359 1354 1349
    1333 1333 1328 1322 1317 1317 1317 1317 1317 1322 1322 1328 1338
    1343 1343 1343 1349 1349 1359 1359 1365 1365 1370 1376 1376 1381
    1387 1387 1387 1392 1398 1404 1404 1404 1404 1410 1410 1410 1410
    1410 3468 3468 3468 1404 1404 1404 1398 1392 1381 1370 1365 1359
    1354 1349 1333 1328 1322 1317 1317 1317 1317 1317 1317 1317 1317
    1322 1338 1338 1338 1343 1349 1349 1359 1359 1359 1365 1365 1365
    1365 1381 1381 1387 1387 1387 1392 1398 1404 1404 1404 1410 1410
    1410 1410 1410 3468 3468 3468 1404 1404 1404 1398 1387 1376 1370
    1365 1359 1354 1343 1333 1328 1322 1317 1317 1312 1312 1312 1312
    1317 1317 1322 1328 1333 1333 1333 1338 1349 1359 1359 1359 1365
    1365 1365 1365 1381 1381 1387 1387 1387 1387 1392 1398 1404 1404
    1404 1410 1410 1410 1410 3468 3468 3468 1404 1404 1398 1392 1381
    1376 1365 1365 1354 1349 1338 1333 1328 1317 1312 1312 1312 1312
    1312 1312 1312 1317 1317 1322 1328 1328 1328 1333 1338 1343 1354
    1359 1359 1365 1365 1365 1376 1381 1381 1381 1381 1381 1387 1392
    1398 1404 1404 1410 1404 1404 1404 3468 3468 3468 1404 1398 1398
    1387 1381 1376 1365 1359 1354 1349 1338 1328 1322 1317 1312 1312
    1312 1307 1307 1312 1312 1312 1317 1322 1322 1322 1322 1328 1338
    1338 1354 1359 1359 1359 1359 1359 1376 1376 1381 1381 1381 1381
    1387 1387 1392 1404 1404 1404 1392 1392 1392 3468 3468 3468 1404
    1392 1392 1381 1381 1376 1365 1359 1354 1349 1333 1328 1317 1312
    1307 1307 1307 1307 1307 1307 1312 1312 1312 1322 1322 1322 1322
    1328 1338 1338 1354 1354 1359 1359 1359 1359 1365 1365 1370 1376
    1376 1381 1381 1387 1392 1398 1398 1398 1392 1392 1392 3433 3433
    3433 1404 1387 1387 1381 1376 1370 1365 1359 1354 1343 1333 1328
    1317 1312 1307 1307 1302 1302 1302 1307 1307 1312 1312 1317 1322
    1322 1328 1328 1333 1333 1343 1354 1354 1354 1354 1359 1359 1365
    1365 1376 1376 1381 1381 1387 1392 1392 1392 1392 1392 1392 1392
    3433 3433 3433 1398 1387 1387 1381 1376 1370 1365 1359 1349 1343
    1333 1317 1317 1312 1302 1297 1297 1302 1302 1307 1307 1312 1312
    1317 1322 1322 1328 1328 1328 1328 1343 1354 1349 1349 1354 1359
    1359 1365 1365 1370 1376 1376 1381 1387 1387 1387 1392 1392 1392
    1392 1392 3433 3433 3433 1398 1387 1381 1376 1370 1365 1359 1359
    1343 1338 1328 1317 1312 1312 1302 1297 1297 1297 1297 1302 1307
    1307 1307 1312 1317 1317 1322 1328 1328 1328 1349 1349 1349 1349
    1354 1359 1359 1365 1365 1370 1370 1376 1381 1381 1387 1387 1387
    1392 1392 1398 1398 3433 3433 3433 1387 1387 1381 1376 1370 1365
    1359 1354 1343 1338 1328 1317 1312 1307 1302 1297 1297 1297 1297
    1302 1302 1302 1302 1312 1317 1317 1322 1322 1322 1328 1343 1343
    1349 1349 1349 1354 1359 1365 1365 1365 1370 1376 1381 1381 1381
    1387 1387 1392 1392 1398 1398 3433 3433 3399 1392 1387 1381 1376
    1370 1359 1359 1354 1343 1338 1322 1317 1312 1307 1297 1297 1297
    1297 1297 1297 1302 1302 1302 1307 1312 1317 1322 1322 1322 1328
    1338 1338 1343 1343 1349 1354 1359 1359 1365 1365 1365 1370 1376
    1376 1381 1381 1381 1387 1387 1392 1392 3468 3468 3399 1392 1376
    1376 1376 1365 1359 1354 1349 1338 1338 1322 1317 1312 1302 1297
    1292 1292 1297 1297 1297 1297 1297 1297 1307 1312 1317 1317 1322
    1322 1322 1338 1338 1338 1343 1343 1349 1359 1359 1359 1359 1365
    1365 1370 1370 1376 1381 1381 1387 1387 1392 1392 3433 3433 3433
    1376 1376 1376 1370 1359 1359 1354 1349 1338 1328 1322 1317 1312
    1302 1297 1292 1292 1292 1292 1292 1292 1297 1297 1307 1312 1317
    1317 1322 1322 1322 1338 1338 1338 1338 1343 1343 1349 1349 1359
    1359 1359 1359 1365 1365 1370 1376 1381 1381 1387 1387 1387 3433
    3433 3433 1376 1376 1376 1370 1359 1359 1354 1343 1338 1328 1322
    1317 1307 1302 1297 1292 1288 1288 1288 1288 1292 1292 1297 1302
