<?xml version="1.0"?>
<opencv_storage>
<Depth16140 type_id="opencv-matrix">
  <rows>134</rows>
  <cols>82</cols>
  <dt>w</dt>
  <data>
    4645 4645 4645 4645 4645 4645 4645 4582 4582 4522 4463 4463 4463
    4463 4405 4405 4405 4405 4349 4349 4295 4295 4241 4241 4190 4190
    4139 4089 4089 4089 4041 4041 4041 4041 3994 3948 3903 3903 3903
    3859 3859 3859 3859 3816 3816 3774 3774 3732 3732 3732 3692 3653
    3653 3653 3614 3576 3576 3539 3539 3503 3503 3503 3468 3433 3433
    3433 3433 3399 3399 3399 3365 764 761 761 761 761 761 761 3333 0
    3333 3333 4645 4645 4645 4645 4645 4645 4645 4582 4582 4522 4463
    4463 4463 4463 4405 4405 4405 4405 4405 4349 4295 4295 4241 4241
    4241 4190 4139 4139 4089 4089 4041 4041 4041 4041 3994 3948 3948
    3903 3903 3903 3859 3859 3859 3816 3816 3774 3774 3732 3732 3732
    3692 3653 3653 3614 3614 3576 3539 3539 3539 3503 3503 3468 3433
    3433 3433 3433 3433 3399 3399 3399 769 764 761 761 761 761 761 761
    761 761 0 0 4708 4708 4645 4645 4645 4645 4645 4582 4582 4522 4463
    4463 4463 4463 4405 4405 4405 4405 4405 4349 4295 4295 4241 4241
    4190 4190 4190 4139 4089 4089 4041 4041 4041 4041 3994 3994 3948
    3903 3903 3903 3903 3859 3859 3859 3816 3774 3732 3732 3692 3692
    3692 3653 3653 3614 3614 3576 3539 3539 3539 3503 3503 3468 3433
    3433 3433 3433 3433 3399 3399 3399 769 764 761 761 759 759 759 761
    761 0 0 0 4708 4708 4708 4645 4645 4645 4645 4582 4582 4582 4522
    4463 4463 4463 4405 4405 4405 4405 4405 4349 4295 4295 4241 4241
    4190 4190 4190 4139 4089 4089 4089 4041 4041 4041 3994 3994 3994
    3903 3903 3903 3903 3859 3859 3816 3774 3732 3732 3732 3692 3692
    3692 3653 3653 3653 3614 3576 3539 3539 3539 3503 3503 3468 3433 752
    752 3433 3433 3399 3399 767 767 764 761 761 759 759 759 759 759 752
    0 754 4708 4708 4708 4645 4645 4645 4645 4582 4582 4582 4522 4522
    4463 4463 4463 4405 4405 4405 4405 4349 4349 4295 4295 4295 4241
    4190 4190 4139 4089 4089 4089 4089 4041 4041 3994 3994 3994 3948
    3948 3903 3903 3859 3859 3816 3774 3732 3732 3732 3692 3692 3692
    3653 3653 3614 3614 3576 3539 3539 3539 3539 3503 3468 3433 752 752
    755 755 3399 761 761 767 764 762 762 761 757 754 752 752 752 754 0
    4708 4708 4708 4645 4645 4645 4645 4582 4582 4582 4522 4522 4522
    4463 4463 4405 4405 4405 4349 4349 4349 4295 4295 4241 4241 4190
    4190 4139 4089 4089 4089 4089 4041 4041 3994 3994 3994 3948 3948
    3903 3903 3859 3816 3816 3774 3732 3732 3732 3732 3732 3692 3692
    3653 3614 3576 3576 3539 3539 3539 3539 3539 3503 3468 752 752 755
    755 3399 761 761 767 764 762 762 762 757 752 752 752 752 750 750
    4708 4708 4708 4708 4708 4645 4645 4582 4582 4582 4522 4522 4522
    4463 4463 4405 4405 4405 4349 4349 4349 4295 4295 4241 4241 4241
    4190 4139 4139 4089 4089 4089 4041 4041 3994 3994 3994 3948 3903
    3903 3859 3816 3774 3774 3732 3732 3732 3732 738 738 736 736 3653
    3653 3576 3576 3576 3539 3539 3539 727 725 725 3433 757 757 757 3399
    769 769 766 764 764 764 764 755 752 752 752 752 750 750 4708 4708
    4708 4708 4708 4645 4645 4582 4582 4582 4582 4522 920 918 918 4405
    4405 4405 4349 4349 4349 4295 4241 4241 4241 4241 4190 4139 4139
    4089 4089 4089 4041 4041 3994 3994 3994 3948 3903 3903 3859 3816
    3774 3774 3732 3732 3732 742 738 738 736 733 730 727 723 722 722 722
    3576 3576 727 725 725 725 3399 757 757 773 771 769 764 764 764 762
    759 755 752 752 752 752 754 755 4708 4708 4708 4708 4708 4645 4645
    4645 4582 4582 4582 923 920 918 918 918 918 4405 4463 4463 4463 4295
    4241 4241 4241 4241 4190 4139 4139 4089 4089 4089 4089 4041 796 794
    792 792 3903 3903 3816 3816 3774 3774 3732 3732 746 742 738 738 734
    733 730 727 723 722 722 722 727 727 727 725 725 725 3399 757 757 773
    773 769 764 764 764 761 757 755 754 754 754 755 757 757 4708 4708
    4708 4708 4708 4645 4645 4582 4582 4582 4522 923 920 920 918 918 918
    4405 4405 4405 858 4241 4241 4241 4241 4241 4190 4139 4139 4089 4089
    4089 4041 798 796 794 790 780 780 774 771 771 766 762 759 757 746
    742 741 739 734 733 730 728 725 723 723 723 725 725 727 725 725 727
    3399 778 776 774 773 769 766 764 764 757 755 755 755 755 755 757 757
    757 4774 4708 4708 4708 4645 4645 4645 4582 4582 4582 4522 920 920
    920 920 920 923 4405 4405 858 858 858 4241 4241 4190 4190 4190 829
    829 4139 4089 805 800 798 796 794 790 780 776 774 771 767 764 762
    759 757 752 744 741 738 734 733 730 728 725 723 723 723 725 725 727
    727 727 727 728 730 776 776 773 769 766 764 764 752 752 752 754 755
    757 757 759 759 4774 4708 4708 4708 4645 4645 4645 4582 4582 4582
    920 920 920 920 920 889 887 882 878 858 858 858 837 837 835 831 827
    825 821 813 807 803 800 798 796 792 787 780 776 774 771 767 764 762
    759 757 752 744 739 736 733 733 730 727 725 723 723 723 725 725 727
    727 728 728 728 730 776 776 773 769 766 766 747 747 749 750 754 755
    757 759 761 761 4774 4708 4708 4708 4645 4645 4645 4645 925 923 920
    918 918 918 891 887 882 880 871 858 856 851 843 837 835 831 827 825
    819 811 807 803 800 798 794 792 783 780 776 774 771 767 764 762 761
    757 752 744 739 736 733 731 730 727 725 723 723 723 725 727 728 728
    730 730 730 731 734 736 736 739 739 742 746 746 747 749 752 755 757
    757 759 759 4774 4708 4708 4708 4645 4645 925 923 923 920 920 918
    918 918 889 885 882 875 869 858 854 849 843 837 833 831 827 823 817
    811 805 800 798 796 792 790 783 780 778 774 771 767 764 762 761 757
    750 744 739 736 733 731 730 727 723 723 723 723 725 727 728 728 730
    730 730 731 733 736 736 739 739 742 744 746 746 749 750 752 752 754
    755 757 4708 4708 4645 4645 4645 928 925 923 923 920 920 918 918 891
    887 885 880 873 867 856 851 847 843 837 833 831 827 821 817 809 805
    800 798 794 792 790 783 780 778 776 773 767 764 762 761 757 750 744
    739 738 734 731 730 727 723 723 723 723 723 725 728 728 730 730 730
    731 733 736 738 738 739 741 744 746 746 749 750 750 752 754 754 755
    4708 4645 4645 4645 4645 928 925 923 920 920 918 918 891 889 885 882
    878 871 864 856 851 847 843 837 833 831 829 821 817 809 805 800 798
    794 792 790 783 781 780 776 774 769 766 762 761 755 750 744 741 738
    734 733 730 727 723 723 723 723 723 725 728 728 730 730 730 733 734
    736 738 738 739 741 744 746 747 749 750 750 752 752 752 755 4708
    4645 930 928 928 925 923 920 920 920 915 901 891 889 885 882 878 869
    862 856 849 845 841 837 833 831 829 821 819 811 805 800 798 796 792
    790 785 783 780 778 774 771 767 762 761 755 750 744 742 738 734 733
    730 727 723 722 722 722 722 725 728 730 730 730 730 733 734 736 738
    739 741 742 744 746 747 749 750 750 752 752 752 754 930 930 930 928
    925 923 920 920 920 918 906 898 894 891 887 882 878 869 862 858 849
    845 841 837 835 831 829 823 819 811 805 802 798 796 792 790 785 783
    780 778 774 771 767 764 759 755 752 746 742 739 736 734 731 728 723
    722 720 720 722 723 728 730 730 730 730 733 734 736 738 739 741 742
    744 746 747 749 749 750 750 752 752 754 930 930 930 925 925 923 920
    920 918 913 906 898 896 891 887 882 878 871 862 860 851 847 841 837
    837 833 831 825 819 813 809 805 800 796 794 792 785 783 781 778 774
    771 767 764 759 757 752 749 742 739 736 733 731 728 725 722 720 720
    722 723 728 730 730 730 731 733 736 738 738 739 741 744 744 746 747
    749 749 750 750 750 752 752 928 928 928 925 925 923 920 920 918 910
    906 903 898 894 887 882 878 873 864 862 854 849 843 839 837 833 831
    825 819 815 809 805 802 798 794 792 785 783 780 778 774 769 766 762
    759 755 752 746 742 739 736 733 730 727 723 722 720 720 722 723 727
    730 730 730 731 733 736 738 739 739 741 744 744 746 747 749 749 750
    750 750 752 752 928 928 928 925 925 923 923 920 918 910 906 903 898
    891 887 882 878 873 864 862 856 851 847 841 839 835 827 823 819 815
    811 807 803 800 796 792 785 783 780 778 774 769 764 762 759 755 752
