<?xml version="1.0"?>
<opencv_storage>
<Depth10751 type_id="opencv-matrix">
  <rows>95</rows>
  <cols>66</cols>
  <dt>w</dt>
  <data>
    2958 2958 2984 2984 2984 3037 3037 3037 1073 1073 1073 1073 3064
    3064 3064 3064 3120 3120 3120 3120 3120 3120 3149 3149 3120 3120
    3120 3120 3120 3149 3178 3208 3208 3208 3208 3238 3238 3238 3238
    3238 3238 3238 3269 3269 3269 3300 3300 3333 3333 3333 3333 3333
    3333 3333 3365 3365 3365 3365 3365 3365 3399 3433 3433 3468 3468
    3468 2958 2958 2984 2984 2984 3037 1090 1084 1073 1073 1073 1073
    1073 1073 1073 3092 3092 3092 3092 3120 3120 3149 3149 3149 3149
    3120 3120 3120 3120 3178 3178 3208 3208 3208 3238 3238 3238 3238
    3238 3238 3269 3269 3269 3269 3269 3300 3300 3333 3333 3333 3333
    3365 3365 3365 3365 3365 3365 3365 3365 3365 3399 3433 3433 3468
    3468 3468 2958 2958 2958 2984 1077 1070 1070 1084 1080 1073 1073
    1073 1073 0 0 0 3092 3092 3092 3120 3120 3149 3149 3149 3149 3208 0
    0 3208 0 3208 3208 3208 3208 3238 3238 3238 3238 3238 3269 3269 3269
    3300 3300 3300 3300 3300 3333 3333 3333 3333 3333 3365 3365 3365
    3365 3365 3365 3365 3365 3399 3399 3433 3468 3468 3468 2958 2958
    2958 2984 1073 1070 1067 1060 1060 1063 1063 1073 1073 0 0 0 1022
    1028 1028 1028 1025 1025 1025 3269 3269 3269 3269 0 0 3238 3238 3238
    3238 3238 3238 3238 3238 3238 3269 3269 3269 3269 3300 3300 3300
    3300 3300 3300 3333 3333 3333 3333 3333 3365 3365 3365 3365 3365
    3365 3365 3399 3399 3433 3468 3468 3468 2958 2958 0 1073 1073 1070
    1067 1060 1060 1054 1047 1047 1047 1041 1034 1022 1022 1028 1028
    1028 1025 1025 1025 1025 1025 0 998 0 0 0 0 0 0 981 981 964 962 943
    943 943 943 943 3333 3333 3333 3300 3300 3300 3300 3300 3333 3333
    3333 3365 992 989 987 987 3365 3365 3399 3399 3399 3503 3468 3468
    2933 0 0 0 1073 1070 1063 1060 1057 1050 1047 1047 1044 1041 1034
    1022 1022 1022 1022 1022 1025 1025 1025 0 0 0 0 0 0 987 987 0 981
    981 981 964 962 962 940 940 940 940 1022 1022 1019 1019 1019 1019
    1013 1013 1013 1010 1010 1004 992 989 987 984 984 3399 3399 3399
    3503 3503 3503 3468 0 0 0 1073 1073 1070 1063 1060 1054 1050 1047
    1047 1044 1041 1028 1022 1022 1022 1022 1022 1022 1022 1001 998 998
    0 0 0 0 0 987 984 981 981 981 964 962 962 962 933 925 925 928 928
    1013 1013 1010 1010 1007 1007 1007 1007 1007 1001 995 989 987 984
    984 984 981 0 0 0 3503 3503 0 0 0 1073 1073 1070 1067 1063 1054 1050
    1047 1047 1044 1038 1028 1025 1022 1019 1019 1016 1010 1004 1001 998
    998 998 998 998 0 975 973 973 978 978 970 964 962 959 959 928 925
    925 925 925 1013 1013 1004 1004 1001 1001 1001 1004 1004 1001 998
    992 987 981 981 981 981 987 992 992 0 3503 0 0 0 1073 1073 1070 1067
    1063 1057 1054 1047 1047 1047 1038 1028 1025 1022 1019 1016 1013
    1007 1004 1001 998 995 992 989 987 981 975 973 973 973 973 970 964
    962 959 959 928 928 925 925 925 989 989 995 995 998 998 992 992 995
    998 998 992 978 978 978 978 981 987 992 992 0 3503 0 0 1084 1073
    1070 1070 1063 1060 1057 1054 1047 1047 1047 1044 1028 1025 1022
    1022 1016 1013 1007 1001 998 995 992 989 987 978 975 973 970 967 964
    962 962 959 959 956 946 935 935 930 930 989 989 989 995 995 933 933
    992 943 943 998 970 970 970 973 973 978 981 987 992 0 0 989 0 0 1084
    1073 1070 1067 1063 1057 1054 1047 1047 1047 1044 1041 1028 1025
    1022 1022 1013 1010 1007 1001 998 995 992 987 978 978 975 967 967
    964 962 959 956 956 951 948 938 935 933 930 925 925 989 989 925 933
    933 933 943 943 943 948 956 964 967 970 973 978 981 984 992 0 0 0 0
    0 1084 1080 1070 1067 1063 1057 1054 1047 1044 1044 1044 1038 1028
    1025 1022 1019 1013 1007 1007 1001 1001 998 995 987 978 978 975 967
    967 964 959 956 954 954 948 946 938 933 930 925 925 923 923 923 925
    930 933 935 943 943 946 948 956 962 964 967 970 975 981 984 989 989
    0 0 0 0 1084 1080 1070 1067 1060 1057 1054 1047 1044 1044 1044 1038
    1028 1025 1022 1016 1013 1007 1004 1001 998 998 992 984 981 978 975
    967 964 962 959 956 954 951 946 943 938 933 928 925 923 923 923 923
    925 930 933 935 943 943 946 951 956 962 964 967 970 975 981 984 987
    987 0 0 0 0 1084 1077 1070 1067 1060 1057 1054 1050 1047 1047 1044
    1038 1028 1025 1022 1013 1013 1010 1004 1001 998 998 992 984 981 978
    973 967 964 962 959 956 954 951 946 938 935 933 928 925 923 923 923
    923 925 930 933 935 943 946 948 951 956 962 964 967 970 978 981 987
    987 987 0 0 0 0 1073 1073 1070 1067 1060 1057 1054 1050 1047 1047
    1044 1038 1028 1025 1019 1013 1013 1010 1007 1004 1001 998 987 984
    981 978 973 967 967 964 959 956 951 946 946 935 935 933 928 925 923
    923 923 923 925 930 933 935 943 946 951 954 959 962 967 970 970 978
    984 987 989 992 0 0 0 0 1073 1073 1070 1067 1060 1057 1054 1050 1047
    1047 1044 1034 1028 1025 1019 1013 1013 1010 1007 1004 1001 998 987
    984 981 978 973 970 967 964 959 956 951 946 946 935 933 930 928 925
    925 925 925 925 928 930 935 938 943 946 951 954 959 964 967 970 973
    978 984 989 989 0 0 0 0 0 1077 1073 1073 1067 1060 1057 1054 1050
    1047 1047 1044 1034 1028 1025 1019 1016 1013 1010 1007 1004 998 995
    989 987 978 978 975 970 967 964 962 956 954 946 946 935 933 930 928
    925 925 925 925 925 928 930 935 938 943 946 948 951 959 964 967 970
    973 978 984 989 992 0 0 0 0 0 1077 1073 1073 1067 1060 1057 1054
    1050 1047 1047 1044 1034 1028 1025 1022 1016 1013 1010 1007 1004 998
    995 989 984 978 978 975 970 967 964 962 956 954 948 946 938 935 933
    928 925 925 925 925 925 928 933 935 940 943 948 948 951 959 964 967
    970 973 978 984 992 992 0 0 0 0 0 1077 1077 1073 1070 1063 1057 1054
    1050 1047 1047 1044 1038 1034 1025 1022 1016 1013 1010 1007 1001 998
    995 987 984 978 978 975 970 967 964 959 956 954 948 943 940 935 933
    928 925 925 925 925 925 928 933 935 940 943 948 948 954 959 964 967
    970 973 975 984 992 992 0 0 0 0 0 1077 1077 1070 1070 1063 1060 1057
    1050 1047 1047 1044 1038 1034 1025 1022 1019 1013 1010 1007 998 998
    995 987 984 978 978 975 970 967 964 959 956 954 948 943 940 935 933
    930 925 925 925 925 925 933 935 935 940 946 948 951 954 959 964 967
    970 973 975 987 992 992 0 995 0 0 0 1077 1077 1070 1070 1063 1060
    1057 1050 1047 1047 1044 1038 1034 1025 1022 1019 1016 1013 1010 998
    998 992 989 984 981 978 975 970 967 962 959 956 954 948 943 940 935
    933 930 925 925 925 925 928 933 935 935 940 943 946 951 954 959 964
    967 973 975 978 987 992 992 995 995 0 0 0 1080 1077 1073 1070 1063
    1060 1057 1050 1047 1047 1041 1038 1034 1025 1022 1019 1016 1013
    1010 1004 1001 992 989 987 981 978 975 970 967 962 959 956 954 948
    943 940 935 933 930 928 925 925 925 928 933 935 938 940 943 946 951
    954 959 964 970 973 975 978 987 992 992 992 995 0 0 0 1084 1077 1073
    1070 1063 1060 1057 1050 1047 1047 1041 1038 1034 1025 1022 1019
    1016 1013 1010 1007 1001 992 989 987 981 978 975 973 967 964 959 956
    954 948 943 940 935 933 933 928 925 925 925 928 933 935 940 940 943
    946 951 954 959 964 970 973 978 981 989 992 992 992 992 0 0 0 1084
    1080 1077 1067 1063 1057 1057 1050 1047 1047 1041 1038 1034 1025
    1022 1019 1016 1013 1007 1004 1001 998 992 987 981 978 975 973 967
    964 959 956 954 948 943 938 935 935 933 928 925 925 925 928 933 935
    938 940 943 946 951 954 959 964 970 973 978 981 989 992 992 995 0 0
    0 0 1080 1077 1077 1067 1063 1057 1057 1054 1044 1044 1041 1038 1031
    1025 1022 1019 1013 1010 1007 1004 1001 998 989 987 978 975 973 970
    967 964 962 956 954 948 943 938 935 935 933 928 925 925 925 928 933
    935 938 940 943 948 951 954 959 964 967 973 975 984 989 992 995 995
    995 0 0 0 1080 1077 1073 1067 1063 1057 1057 1050 1044 1044 1041
    1038 1031 1025 1022 1019 1013 1010 1010 1004 1001 998 989 984 978
    975 973 967 967 964 962 956 954 948 943 938 938 935 930 925 925 925
    925 928 933 935 938 943 946 948 954 954 959 964 967 970 975 984 992
