<?xml version="1.0"?>
<opencv_storage>
<Depth9510 type_id="opencv-matrix">
  <rows>77</rows>
  <cols>57</cols>
  <dt>w</dt>
  <data>
    1268 1268 1268 1273 1268 1264 1259 1219 1219 1214 1214 1214 1236
    1245 1250 1255 1259 1259 1259 1268 1273 1278 1278 4241 4241 4241
    4241 4190 4190 4241 4241 4295 4190 4139 4139 4139 1232 1232 1236
    1236 1236 1236 1241 1241 1250 1250 1245 1245 1245 1273 1259 1259
    1259 1259 1259 4190 4190 1268 1268 1268 1268 1268 1268 1268 1206
    1206 1206 1206 1206 1206 1245 1250 1255 1206 1206 1214 1214 1214
    1273 1273 1273 1206 1206 1206 1232 1232 1232 1227 1227 1232 1232
    1232 1232 1232 1232 1232 1232 1236 1236 1236 1241 1241 1245 1245
    1245 1245 1255 1255 1255 1255 1255 1255 1255 1255 1268 1264 1259
    1232 1219 1210 1206 1202 1202 1202 1202 1202 1202 1202 1202 1206
    1206 1206 1210 1214 1214 1214 1214 1214 1206 1206 1214 1219 1223
    1223 1227 1227 1227 1227 1227 1227 1232 1232 1232 1232 1236 1236
    1236 1236 1236 1241 1241 1245 1245 1250 1255 1255 1255 1255 1255
    1255 1255 1268 1264 1255 1227 1214 1202 1202 1197 1197 1197 1197
    1197 1202 1202 1202 1202 1206 1206 1210 1210 1210 1210 1210 1214
    1210 1210 1214 1214 1214 1219 1219 1219 1223 1227 1227 1227 1227
    1232 1232 1232 1236 1236 1236 1236 1236 1241 1241 1241 1241 1250
    1250 1255 1255 1255 1255 1255 1255 1268 1264 1255 1227 1214 1202
    1197 1197 1197 1197 1197 1197 1197 1197 1197 1202 1202 1202 1206
    1210 1210 1210 1210 1210 1214 1214 1214 1214 1214 1219 1219 1219
    1223 1227 1227 1227 1227 1232 1232 1232 1236 1236 1236 1236 1236
    1241 1241 1241 1241 1250 1250 1255 1255 1255 1255 1259 1259 1273
    1268 1259 1232 1214 1202 1197 1193 1193 1197 1197 1197 1197 1197
    1197 1202 1202 1202 1206 1210 1210 1210 1210 1210 1214 1214 1214
    1214 1214 1219 1219 1219 1223 1223 1227 1227 1227 1232 1227 1227
    1236 1236 1236 1236 1236 1236 1241 1241 1241 1241 1250 1255 1255
    1255 1255 1259 1259 1278 1268 1268 1236 1219 1202 1197 1193 1193
    1197 1197 1197 1197 1197 1197 1202 1202 1202 1206 1206 1206 1210
    1210 1210 1214 1214 1214 1219 1219 1219 1219 1219 1219 1223 1223
    1227 1227 1232 1227 1227 1236 1236 1236 1236 1236 1236 1241 1241
    1241 1241 1245 1250 1255 1255 1255 1255 1255 1278 1268 1255 1236
    1223 1202 1197 1193 1193 1197 1197 1197 1197 1197 1197 1202 1202
    1202 1206 1206 1206 1210 1210 1210 1210 1214 1214 1219 1219 1219
    1219 1219 1219 1219 1223 1227 1227 1232 1232 1236 1232 1232 1232
    1236 1236 1236 1241 1241 1241 1241 1245 1245 1250 1255 1250 1250
    1250 0 1264 1250 1236 1227 1210 1202 1197 1197 1197 1197 1197 1197
    1197 1197 1197 1202 1202 1206 1206 1206 1210 1210 1210 1210 1214
    1214 1219 1219 1219 1219 1219 1219 1219 1223 1227 1232 1232 1232
    1232 1232 1232 1232 1236 1236 1236 1241 1241 1241 1245 1245 1245
    1250 1250 1250 1250 1250 0 1264 1250 1241 1227 1210 1202 1197 1197
    1197 1197 1197 1197 1197 1197 1197 1202 1202 1206 1206 1206 1210
    1210 1210 1210 1214 1219 1219 1219 1219 1219 1219 1219 1219 1223
    1223 1227 1232 1232 1232 1232 1232 1232 1236 1236 1236 1236 1241
    1241 1245 1245 1245 1250 1250 1250 1255 0 0 1264 1250 1241 1227 1210
    1202 1197 1197 1197 1197 1197 1197 1197 1197 1197 1202 1202 1206
    1206 1210 1210 1210 1210 1210 1214 1214 1219 1219 1219 1219 1219
    1219 1223 1223 1223 1227 1232 1232 1232 1232 1232 1232 1236 1236
    1236 1236 1236 1241 1245 1241 1241 1250 1250 1250 1255 0 0 1264 1250
    1241 1219 1202 1197 1197 1197 1197 1197 1202 1197 1197 1197 1202
    1202 1202 1206 1206 1210 1210 1210 1210 1210 1214 1214 1219 1219
    1219 1219 1219 1219 1223 1223 1227 1227 1227 1232 1232 1232 1232
    1232 1236 1236 1236 1236 1236 1241 1245 1241 1241 1250 1255 1255
    1259 0 0 1264 1255 1245 1219 1202 1197 1197 1197 1197 1197 1202 1197
    1197 1202 1202 1202 1202 1206 1206 1206 1210 1210 1210 1210 1214
    1214 1219 1219 1219 1219 1219 1219 1223 1223 1227 1227 1227 1232
    1232 1232 1232 1232 1236 1236 1236 1236 1236 1245 1250 1250 1250
    1255 1255 1255 1255 0 1283 1259 1255 1245 1227 1197 1197 1193 1193
    1197 1197 1202 1197 1197 1202 1202 1202 1202 1202 1206 1206 1206
    1210 1210 1210 1214 1214 1219 1219 1219 1219 1219 1219 1219 1223
    1223 1227 1227 1232 1232 1232 1232 1232 1236 1236 1236 1236 1241
    1245 1250 1250 1250 1255 1255 1255 1255 0 1283 1259 1255 1250 1227
    1197 1197 1193 1193 1197 1197 1202 1197 1197 1202 1202 1202 1202
    1202 1206 1206 1206 1210 1210 1210 1214 1214 1219 1219 1219 1219
    1219 1219 1219 1219 1223 1227 1227 1232 1232 1232 1232 1232 1236
    1236 1236 1236 1241 1245 1250 1245 1245 1255 1255 1255 1255 0 1283
    1264 1255 1250 1227 1202 1197 1193 1193 1197 1197 1202 1202 1202
    1202 1202 1202 1202 1202 1202 1202 1206 1206 1210 1210 1214 1214
    1219 1219 1219 1219 1219 1219 1219 1219 1223 1227 1227 1232 1232
    1232 1232 1232 1236 1236 1236 1236 1241 1245 1250 1245 1245 1250
    1250 1250 1255 1255 1283 1264 1255 1245 1227 1206 1197 1193 1193
    1197 1197 1197 1197 1197 1202 1202 1202 1202 1202 1202 1202 1206
    1206 1206 1210 1214 1214 1219 1219 1219 1219 1219 1219 1219 1219
    1223 1227 1232 1232 1232 1232 1232 1232 1236 1236 1236 1236 1241
    1241 1250 1245 1245 1250 1250 1250 1255 1255 0 1264 1255 1241 1227
    1210 1197 1197 1197 1193 1193 1197 1197 1197 1202 1202 1202 1202
    1202 1202 1202 1202 1206 1206 1210 1214 1214 1219 1219 1219 1219
    1219 1219 1223 1223 1223 1227 1232 1232 1232 1232 1232 1232 1236
    1236 1236 1236 1241 1241 1250 1245 1245 1250 1250 1250 1250 1250
    1268 1264 1259 1241 1223 1210 1202 1197 1197 1193 1193 1197 1197
    1197 1197 1197 1202 1202 1202 1206 1202 1202 1206 1206 1210 1214
    1214 1219 1219 1219 1219 1219 1219 1223 1223 1223 1227 1232 1232
    1232 1232 1232 1232 1236 1236 1236 1236 1241 1245 1250 1250 1250
    1250 1250 1250 1250 0 1268 1268 1259 1236 1219 1210 1197 1193 1193
    1193 1193 1197 1197 1197 1197 1197 1197 1202 1202 1206 1206 1206
    1206 1206 1210 1214 1214 1219 1219 1219 1219 1219 1219 1223 1223
    1227 1227 1232 1232 1232 1232 1232 1232 1236 1236 1241 1241 1241
    1241 1250 1250 1250 1250 1250 1250 1250 0 1278 1273 1259 1236 1219
    1210 1197 1193 1193 1193 1193 1197 1197 1197 1197 1197 1197 1202
    1202 1206 1206 1206 1206 1206 1206 1210 1214 1214 1219 1219 1219
    1219 1219 1219 1223 1227 1232 1232 1232 1232 1232 1232 1232 1232
    1236 1241 1241 1241 1241 1245 1250 1250 1250 1250 1255 1255 0 1278
    1273 1259 1236 1223 1206 1197 1189 1189 1193 1193 1197 1197 1197
    1197 1197 1202 1202 1202 1206 1206 1210 1210 1206 1206 1210 1214
    1214 1214 1214 1214 1219 1219 1219 1223 1227 1232 1232 1232 1232
    1232 1232 1232 1232 1236 1236 1241 1241 1241 1245 1245 1245 1250
    1250 1255 1255 0 1283 1273 1250 1232 1219 1206 1197 1189 1189 1193
    1197 1197 1197 1197 1197 1197 1202 1202 1202 1206 1206 1206 1210
    1206 1206 1210 1214 1214 1214 1214 1214 1214 1219 1223 1223 1223
    1227 1227 1232 1232 1232 1232 1232 1232 1236 1236 1236 1241 1241
    1245 1245 1245 1250 1250 1255 1255 0 1283 1264 1250 1232 1219 1210
    1197 1189 1189 1193 1197 1197 1197 1197 1197 1197 1202 1202 1202
    1206 1206 1206 1206 1206 1206 1210 1214 1214 1214 1214 1214 1214
    1219 1223 1223 1223 1227 1227 1232 1232 1232 1232 1232 1232 1236
    1236 1236 1241 1241 1245 1245 1245 1250 1250 1250 1250 0 1283 1264
    1250 1236 1223 1210 1202 1193 1193 1193 1197 1197 1197 1197 1197
    1197 1202 1202 1202 1206 1206 1206 1206 1206 1206 1210 1214 1214
    1214 1214 1214 1214 1219 1223 1223 1223 1227 1227 1232 1232 1232
    1232 1232 1232 1236 1236 1236 1236 1241 1245 1245 1250 1250 1250
    1245 1245 0 1273 1259 1250 1236 1223 1210 1202 1197 1193 1193 1193
    1193 1197 1197 1197 1197 1202 1202 1202 1206 1206 1206 1206 1206
    1206 1210 1214 1214 1214 1214 1214 1214 1219 1219 1223 1227 1227
    1227 1232 1232 1232 1232 1232 1232 1236 1236 1236 1236 1241 1245
    1245 1245 1250 1250 1245 1245 1245 1273 1259 1255 1241 1223 1214
