<?xml version="1.0"?>
<opencv_storage>
<Depth15344 type_id="opencv-matrix">
  <rows>52</rows>
  <cols>38</cols>
  <dt>w</dt>
  <data>
    3859 3903 3859 3859 3859 1936 1936 1926 1926 1926 1926 1926 1947
    1947 1959 1959 4041 4041 3903 3903 3903 2016 2005 2005 2016 3994
    3994 3994 3994 3994 3994 3994 3994 4041 4041 4041 4089 4089 1947
    1947 1936 1926 1926 1926 1926 1926 1926 1926 1926 1926 1936 1947
    1947 1959 1959 1959 1959 1970 1970 1981 1981 1993 1993 3994 3994
    3994 3994 3994 3994 3994 3994 3994 3994 3994 4089 4089 1947 1926
    1926 1926 1915 1915 1926 1926 1936 1936 1926 1926 1936 1947 1947
    1947 1947 1959 1959 1970 1970 1970 1970 1981 1970 1970 1981 1981
    1981 1993 1993 1993 1993 2005 2005 3994 4139 4139 3774 1915 1915
    1926 1915 1915 1926 1926 1936 1936 1936 1936 1936 1947 1947 1947
    1947 1947 1959 1970 1970 1970 1970 1981 1970 1970 1981 1981 1981
    1981 1981 1993 1993 2005 2005 2005 4139 4139 3774 1915 1915 1915
    1926 1926 1926 1936 1936 1936 1936 1936 1936 1947 1947 1947 1947
    1947 1959 1959 1970 1970 1970 1981 1981 1981 1981 1981 1981 1981
    1981 1993 1993 2005 2005 2005 2005 4139 3732 1915 1915 1915 1926
    1926 1936 1936 1936 1936 1936 1936 1947 1947 1947 1947 1947 1947
    1947 1959 1959 1970 1970 1981 1981 1981 1981 1981 1981 1981 1981
    1993 1993 2005 2005 2005 2005 4089 3732 1915 1915 1915 1926 1936
    1936 1936 1936 1936 1936 1936 1947 1947 1947 1947 1947 1947 1947
    1947 1959 1970 1970 1981 1981 1981 1981 1981 1981 1981 1993 1993
    1993 2005 2005 2005 2005 4089 3732 1915 1915 1915 1926 1936 1936
    1936 1936 1936 1936 1936 1947 1947 1947 1947 1947 1947 1947 1947
    1959 1970 1981 1970 1970 1981 1981 1981 1981 1981 1993 1993 1993
    2005 2005 2005 2005 4089 3774 3774 1915 1915 1926 1926 1936 1936
    1936 1936 1936 1936 1947 1947 1947 1947 1959 1959 1959 1959 1959
    1970 1970 1970 1970 1981 1981 1981 1981 1981 1993 1993 1993 2005
    2005 2005 2005 4041 3774 3774 1915 1915 1926 1926 1936 1936 1936
    1936 1936 1936 1947 1947 1947 1947 1947 1959 1970 1970 1970 1970
    1970 1970 1970 1981 1981 1981 1981 1993 1993 1993 1993 2005 2005
    2016 2016 4041 3732 1926 1915 1915 1926 1926 1926 1936 1936 1936
    1936 1936 1947 1947 1947 1947 1947 1959 1970 1970 1970 1970 1970
    1970 1970 1981 1981 1981 1981 1981 1993 1993 1993 2005 2005 2016
    2016 2016 3732 1926 1926 1926 1926 1926 1926 1936 1936 1936 1936
    1936 1947 1947 1947 1947 1947 1959 1970 1970 1970 1970 1970 1970
    1970 1981 1981 1981 1981 1981 1993 1993 1993 2005 2005 2016 2016
    2016 3859 1915 1915 1926 1926 1926 1936 1936 1936 1936 1936 1936
    1947 1947 1947 1947 1947 1959 1970 1970 1970 1981 1981 1981 1981
    1981 1981 1981 1981 1981 1993 1993 1993 2005 2005 2016 2016 2016
    3903 1915 1915 1926 1926 1926 1936 1936 1936 1936 1936 1936 1947
    1947 1947 1959 1959 1970 1970 1970 1970 1970 1981 1981 1981 1981
    1981 1981 1981 1981 1993 1993 1993 2005 2005 2016 2016 2016 3903
    1936 1936 1936 1926 1926 1936 1936 1936 1936 1936 1936 1936 1947
    1959 1959 1970 1970 1970 1959 1959 1970 1970 1981 1981 1981 1981
    1981 1981 1981 1993 1993 1993 2005 2005 2005 2005 2005 3816 1936
    1936 1936 1936 1936 1936 1936 1936 1936 1936 1936 1936 1947 1959
    1959 1970 1970 1970 1959 1959 1970 1970 1981 1981 1981 1981 1981
    1981 1993 1993 1993 2005 2005 2005 2005 2005 2005 3816 1947 1947
    1936 1926 1926 1926 1936 1936 1936 1936 1947 1947 1947 1947 1959
    1970 1970 1959 1959 1959 1970 1970 1981 1981 1981 1981 1981 1981
    1993 1993 1993 2005 2005 2005 2005 2005 2005 3774 1936 1936 1936
    1926 1926 1926 1936 1936 1936 1936 1936 1936 1936 1947 1959 1959
    1959 1959 1959 1959 1970 1970 1981 1981 1981 1981 1981 1981 1981
    1993 1993 1993 2005 2005 2005 2005 2005 3816 1936 1936 1936 1926
    1926 1926 1936 1936 1936 1936 1936 1936 1936 1947 1947 1947 1959
    1959 1959 1959 1959 1970 1981 1981 1981 1981 1981 1981 1981 1993
    1993 1993 1993 2005 2005 2005 2005 3816 1936 1936 1936 1936 1936
    1936 1936 1936 1936 1936 1936 1947 1947 1947 1947 1947 1959 1959
    1959 1959 1959 1970 1981 1981 1981 1981 1981 1981 1981 1993 1993
    1993 1993 2005 2005 2005 2005 3774 1936 1915 1915 1926 1926 1936
    1936 1947 1936 1936 1936 1947 1947 1947 1947 1947 1959 1959 1959
    1970 1970 1970 1970 1981 1981 1981 1981 1981 1981 1993 1993 1993
    2005 2005 2005 2005 2016 1981 1936 1915 1915 1926 1926 1936 1936
    1936 1936 1936 1936 1936 1947 1947 1947 1947 1959 1959 1970 1970
    1970 1970 1970 1981 1981 1981 1981 1981 1993 1993 1993 1993 2005
    2016 2016 2016 2028 1981 1947 1936 1926 1926 1926 1926 1936 1936
    1936 1936 1936 1936 1947 1947 1947 1947 1959 1970 1970 1981 1981
    1981 1981 1981 1981 1993 1993 1993 1993 1993 1993 1993 2016 2016
    2016 2028 2040 1993 1947 1936 1926 1926 1926 1926 1936 1936 1936
    1947 1947 1947 1947 1947 1959 1959 1970 1970 1970 1970 1970 1970
    1981 1981 1981 1993 1993 1993 1993 1993 1993 1993 2005 2016 2016
    2028 2040 2005 1947 1936 1936 1926 1926 1926 1936 1936 1936 1947
    1947 1947 1947 1947 1959 1959 1970 1959 1959 1970 1970 1970 1981
    1981 1981 1981 1981 1981 1981 1993 1993 1993 2005 2016 2016 2016
    2040 3732 3732 1947 1936 1936 1926 1926 1936 1936 1936 1947 1947
    1947 1947 1947 1947 1959 1959 1959 1959 1970 1970 1970 1981 1981
    1981 1981 1981 1981 1981 1993 1993 1993 2005 2016 2016 2016 2040
    3774 3774 1947 1936 1936 1926 1926 1936 1936 1936 1947 1947 1947
    1947 1947 1947 1959 1959 1959 1970 1970 1970 1970 1981 1981 1981
    1981 1981 1981 1993 1993 1993 1993 2005 2016 2016 2016 2040 3732
    3732 1947 1936 1936 1936 1936 1936 1936 1936 1936 1947 1947 1947
    1947 1947 1959 1959 1970 1970 1970 1970 1970 1981 1981 1981 1981
    1981 1981 1993 1993 1993 1993 2005 2016 2016 2016 2028 3732 3732
    1936 1936 1936 1936 1936 1936 1936 1936 1936 1947 1947 1947 1947
    1947 1959 1959 1970 1970 1970 1970 1981 1981 1981 1981 1981 1981
    1993 1993 1993 1993 1993 2005 2016 2016 2016 2028 3816 3816 1936
    1915 1915 1936 1936 1936 1936 1936 1936 1936 1936 1947 1947 1947
    1959 1959 1970 1970 1970 1970 1981 1981 1981 1981 1981 1993 1993
    1993 1993 1993 1993 2005 2016 2016 2016 2016 3816 3816 1904 1904
    1915 1936 1936 1936 1936 1936 1936 1936 1936 1947 1947 1947 1959
    1970 1970 1970 1970 1970 1970 1970 1981 1981 1981 1993 1993 1993
    1993 1993 1993 2005 2016 2016 2016 2016 3816 3816 1904 1904 1915
    1936 1936 1936 1936 1936 1936 1936 1936 1947 1947 1947 1959 1970
    1970 1970 1970 1981 1970 1970 1981 1981 1981 1993 1993 1993 1993
    1993 1993 2005 2016 2028 2028 2016 3816 3816 3816 1915 1915 1926
    1926 1926 1936 1936 1936 1936 1936 1947 1947 1959 1959 1970 1970
    1970 1970 1981 1981 1981 1981 1981 1993 1993 1993 1993 1993 1993
    2005 2005 2016 2028 2028 2016 3816 3903 3903 1915 1915 1926 1926
    1926 1936 1936 1936 1936 1936 1947 1947 1959 1959 1970 1970 1970
    1981 1981 1981 1981 1981 1993 1993 1993 1993 1993 1993 1993 2005
    2016 2016 2028 2028 2016 3816 3859 3859 1915 1915 1936 1936 1936
    1936 1936 1936 1936 1947 1947 1947 1947 1959 1959 1970 1970 1981
    1981 1981 1981 1981 1993 1993 1993 1993 1993 1993 2005 2005 2016
    2016 2028 2028 2040 3816 3859 3859 1926 1926 1936 1936 1936 1936
    1936 1936 1947 1947 1947 1947 1947 1947 1959 1970 1970 1970 1970
    1970 1970 1981 1993 1993 1993 1993 1993 1993 2005 2005 2016 2016
    2028 2028 2040 3859 3859 3859 1936 1936 1936 1936 1936 1936 1936
    1936 1947 1947 1947 1947 1947 1947 1970 1970 1970 1970 1970 1970
    1970 1981 1981 1993 1993 1993 1993 1993 2005 2005 2016 2028 2028
    2040 2040 3859 3859 3859 1936 1936 1936 1936 1936 1936 1936 1936
    1936 1936 1947 1947 1947 1959 1970 1970 1970 1981 1970 1970 1970
    1981 1981 1993 1993 1993 1993 1993 2005 2005 2016 2028 2028 2040
    2040 3859 3859 3859 1936 1936 1936 1936 1936 1936 1936 1936 1936
    1936 1947 1947 1947 1959 1959 1970 1970 1981 1981 1981 1981 1981
    1981 1993 1993 1993 1993 1993 1993 2005 2016 2028 2028 2040 2040
