<?xml version="1.0"?>
<opencv_storage>
<Depth6199 type_id="opencv-matrix">
  <rows>19</rows>
  <cols>12</cols>
  <dt>w</dt>
  <data>
    0 4139 4139 4139 4139 4139 4139 4139 4139 771 771 4241 0 4190 4190
    4190 4190 4139 4139 4139 4139 4190 4190 4241 0 4190 4190 4190 4190
    4139 4139 4139 4139 4190 4190 4241 4190 4190 4190 4190 4190 4139
    4139 4139 4139 4190 4190 4241 4190 4139 4139 4139 4139 4139 4139
    4139 4139 4190 4190 4241 4190 4139 4139 4139 4139 4139 4139 4139
    4139 4241 4241 4190 4190 4190 4139 4139 4139 4139 4139 4139 4190
    4241 4241 4190 4190 4190 4139 4139 4139 4139 4139 4139 4190 4241
    4241 4139 4190 4139 4139 4139 4139 4139 4139 4139 4190 4241 4190
    4139 4190 4139 4139 4139 4139 4139 4139 4190 4190 4241 4190 4139
    4139 4139 4139 4139 4139 4139 4139 4190 4190 4241 4241 4241 4139
    4139 4139 4139 4139 4139 4190 4190 4190 4241 4241 4241 4139 4139
    4139 4139 4139 4139 4190 4190 4190 4241 4241 4241 4139 4139 4139
    4139 4139 4139 4139 4190 4190 4241 4190 4190 4139 4139 4139 4139
    4139 4139 4139 4190 4190 4241 4190 4190 4190 4190 4139 4139 4139
    4139 4139 4190 4190 4190 4190 4295 4190 4190 4139 4139 4139 4190
    4190 4190 4190 4190 4190 4241 4295 4190 4190 4190 4190 4190 4190
    4190 4190 4241 4241 4241 4241 4241 4190 4190 4190 4190 4190 4190
    4190 4241 4241 0</data></Depth6199>
</opencv_storage>
