<?xml version="1.0"?>
<opencv_storage>
<Depth6072 type_id="opencv-matrix">
  <rows>77</rows>
  <cols>52</cols>
  <dt>w</dt>
  <data>
    4405 4405 4405 4463 4582 4582 4582 4582 4582 4582 4582 4522 4522
    4522 4582 4522 4522 4522 4522 4522 4463 4463 4463 4463 4463 4463
    4463 4463 4463 4645 4645 4645 4582 1387 1381 1381 1381 1387 1392
    1392 4522 4522 4522 4522 4522 4522 4522 4463 4463 4463 4463 4463
    4405 4405 4405 4463 4582 4582 4582 4582 4582 4582 4582 4522 4522
    4522 4582 4522 4522 4522 4522 4522 1503 1503 4463 4463 4522 4582
    4582 1421 1421 1421 4645 4645 1392 1381 1381 1381 1381 1381 1392
    1398 1398 1398 4522 4522 4522 4522 4522 4463 4463 4463 4463 4463
    4463 4463 4522 4522 4582 4582 4582 4582 4582 4582 4582 4522 4522
    4522 4582 4582 4582 1489 1489 1503 1503 1503 4463 4463 4463 1421
    1421 1421 1415 1398 1398 1398 1387 1381 1376 1376 1376 1376 1387
    1392 1398 1404 1404 4522 4522 4522 4522 4463 4463 4463 4463 4463
    4522 4522 4522 4522 4582 4582 4582 4582 4582 4582 4582 4582 4582
    4582 4582 4582 1464 1464 1489 1503 1503 1503 1427 1427 1427 1427
    1421 1421 1415 1398 1392 1392 1387 1376 1376 1376 1376 1376 1381
    1392 1398 1404 1410 1415 1415 4522 4522 4463 4463 4463 4463 4463
    4582 4582 4582 4582 4582 4582 4582 4582 4582 4582 4582 4582 4582
    4582 1477 1477 1439 1439 1489 4582 1433 1427 1427 1421 1421 1421
    1421 1415 1410 1398 1392 1392 1387 1376 1376 1376 1376 1376 1381
    1392 1398 1404 1410 1415 1415 4522 4522 4463 4463 4463 4463 4463
    4582 4645 4582 4582 4582 4582 4582 4582 4582 4582 4582 4582 4582
    1483 1477 1470 1439 1439 1439 1433 1427 1421 1421 1421 1421 1421
    1415 1415 1404 1392 1392 1387 1381 1376 1376 1376 1376 1376 1381
    1392 1392 1398 1404 1415 1427 1427 4522 4463 4463 4463 4463 4463
    4582 4582 4582 4582 4582 4582 4582 4582 4582 4582 4582 4522 4522
    1483 1477 1464 1458 1445 1439 1433 1427 1421 1421 1421 1421 1421
    1415 1410 1404 1392 1392 1387 1381 1376 1370 1370 1370 1376 1381
    1392 1392 1398 1404 1410 1421 1427 1427 4463 4463 4463 4463 4463
    4522 4582 4582 4582 4582 4582 4582 4582 4522 4522 4522 4522 4522
    1477 1464 1464 1458 1445 1439 1433 1427 1427 1421 1421 1421 1415
    1410 1404 1398 1392 1387 1381 1376 1376 1370 1370 1370 1370 1376
    1387 1392 1398 1404 1410 1415 1421 1421 4463 4463 4405 4405 4463
    4522 4582 4582 4582 4582 4582 4522 4522 4522 4522 4522 4522 4522
    1470 1464 1458 1452 1445 1439 1433 1427 1427 1421 1415 1415 1415
    1410 1398 1392 1392 1387 1381 1376 1370 1370 1370 1370 1370 1376
    1387 1392 1398 1404 1410 1415 1421 1427 1427 1427 4405 4405 4463
    4582 4582 4582 4582 4522 4522 4522 4522 4522 1496 1496 1489 1470
    1464 1464 1452 1445 1439 1439 1433 1427 1427 1421 1415 1415 1410
    1404 1398 1392 1392 1381 1376 1376 1370 1365 1365 1365 1365 1370
    1381 1387 1392 1404 1410 1415 1415 1421 1427 1427 4405 4405 4405
    4582 4582 4582 4582 4522 4522 4522 1516 1503 1496 1489 1483 1470
    1464 1464 1452 1445 1439 1433 1433 1427 1421 1415 1410 1410 1410
    1404 1398 1392 1387 1381 1376 1370 1365 1359 1359 1359 1359 1370
    1376 1387 1392 1398 1404 1410 1415 1421 1421 1421 1421 4405 4405
    4582 4582 4582 4645 4645 1516 1509 1503 1496 1496 1489 1483 1470
    1464 1458 1445 1439 1433 1433 1427 1421 1415 1410 1404 1404 1404
    1398 1398 1387 1381 1376 1376 1370 1365 1354 1354 1354 1359 1359
    1376 1381 1392 1398 1404 1410 1415 1421 1421 1421 1421 4349 4349
    4582 4582 4645 1516 1516 1509 1503 1496 1489 1489 1483 1477 1464
    1458 1452 1445 1439 1433 1427 1427 1421 1415 1410 1404 1404 1404
    1398 1387 1381 1376 1376 1370 1365 1354 1354 1349 1349 1354 1359
    1370 1381 1387 1392 1398 1410 1415 1421 1421 1421 1421 4405 4349
    1516 0 1516 1516 1509 1503 1496 1489 1489 1483 1477 1470 1458 1458
    1452 1439 1433 1433 1427 1421 1415 1410 1410 1404 1404 1398 1392
    1387 1376 1376 1370 1370 1359 1354 1354 1349 1349 1354 1354 1365
    1370 1376 1387 1398 1410 1415 1415 1421 1421 4295 4295 4295 0 0 1516
    1516 1503 1496 1489 1483 1483 1477 1470 1464 1458 1458 1445 1439
    1433 1433 1427 1421 1415 1410 1404 1398 1398 1398 1392 1381 1376
    1370 1370 1365 1359 1354 1349 1349 1349 1349 1354 1359 1370 1376
    1381 1392 1398 1404 1415 1421 1421 4139 4139 4139 0 0 1509 1509 1496
    1489 1483 1483 1483 1477 1470 1464 1458 1458 1439 1439 1433 1433
    1427 1421 1415 1410 1404 1398 1398 1398 1392 1381 1376 1370 1370
    1365 1354 1354 1349 1349 1349 1349 1349 1359 1365 1376 1376 1387
    1398 1404 1415 1415 1415 4139 4139 4139 0 1509 1509 1509 1496 1489
    1483 1483 1477 1470 1464 1464 1458 1452 1433 1433 1433 1427 1421
    1415 1410 1410 1404 1398 1398 1392 1392 1376 1376 1370 1365 1359
    1354 1354 1349 1343 1343 1343 1349 1354 1365 1370 1376 1381 1392
    1398 1410 1410 1410 4349 4295 4295 0 0 1516 1509 1496 1489 1483 1483
    1477 1470 1464 1464 1458 1452 1433 1433 1433 1427 1421 1415 1410
    1404 1398 1392 1392 1392 1392 1376 1370 1370 1359 1354 1354 1349
    1343 1338 1338 1338 1338 1349 1359 1370 1376 1381 1392 1398 1410
    1410 1410 4349 4349 4349 0 0 1509 1509 1496 1489 1483 1477 1470 1464
    1464 1458 1458 1445 1433 1433 1427 1421 1415 1410 1410 1404 1398
    1392 1392 1392 1381 1376 1370 1365 1359 1354 1349 1349 1343 1338
    1338 1338 1338 1343 1354 1370 1370 1376 1381 1392 1404 1410 1421
    1421 4349 4349 1496 1509 1509 1503 1489 1489 1483 1477 1470 1464
    1458 1458 1445 1445 1433 1427 1427 1421 1415 1410 1404 1398 1392
    1387 1387 1387 1376 1376 1370 1365 1354 1354 1349 1349 1338 1338
    1333 1333 1333 1343 1354 1365 1365 1370 1376 1392 1404 1410 1421
    1421 1421 4241 1496 1496 1496 1489 1489 1483 1483 1477 1470 1464
    1458 1452 1445 1439 1433 1427 1421 1415 1415 1410 1404 1398 1392
    1387 1387 1381 1376 1370 1365 1359 1354 1349 1349 1343 1338 1333
    1333 1333 1333 1338 1349 1359 1365 1370 1376 1392 1404 1410 1415
    1421 1421 4241 1496 1496 1489 1489 1489 1483 1477 1470 1470 1464
    1458 1452 1445 1433 1433 1427 1415 1415 1410 1404 1398 1392 1387
    1381 1381 1376 1370 1370 1365 1359 1354 1349 1343 1343 1338 1333
    1333 1333 1333 1338 1349 1359 1365 1370 1376 1387 1398 1404 1410
    1410 1410 4241 1489 1489 1489 1489 1483 1477 1470 1470 1464 1458
    1452 1445 1439 1433 1427 1415 1415 1410 1410 1404 1398 1392 1387
    1381 1381 1376 1370 1365 1359 1354 1354 1349 1343 1338 1333 1333
    1333 1333 1333 1338 1349 1365 1365 1370 1376 1387 1392 1398 1398
    1398 0 4241 1452 1452 1483 1483 1483 1477 1470 1464 1464 1458 1452
    1445 1439 1433 1427 1415 1415 1410 1404 1398 1392 1392 1387 1381
    1381 1376 1370 1365 1359 1354 1354 1349 1343 1338 1333 1333 1328
    1328 1333 1338 1354 1359 1359 1365 1370 1381 1392 1392 1392 1392 0
    4295 1452 1452 1483 1483 1477 1470 1464 1464 1458 1445 1445 1439
    1439 1433 1427 1415 1415 1410 1404 1398 1392 1392 1387 1376 1376
    1370 1370 1359 1354 1354 1349 1349 1338 1338 1328 1328 1328 1328
    1333 1338 1349 1359 1359 1365 1370 1376 1387 1387 1387 1387 0 4241
    1483 1483 1483 1483 1477 1464 1464 1458 1458 1445 1439 1439 1433
    1427 1415 1415 1415 1410 1404 1398 1392 1392 1387 1376 1376 1370
    1365 1359 1354 1354 1349 1343 1338 1333 1328 1328 1322 1322 1328
    1333 1349 1354 1359 1359 1370 1376 1387 1387 1387 0 0 0 1489 1483
    1483 1483 1470 1464 1464 1458 1452 1445 1439 1433 1427 1421 1415
    1410 1410 1410 1398 1392 1387 1387 1387 1376 1376 1365 1359 1354
    1354 1354 1349 1338 1333 1328 1328 1322 1317 1317 1322 1328 1343
    1349 1354 1359 1370 1376 1381 1381 1387 0 0 0 1489 1483 1483 1477
    1470 1464 1458 1452 1445 1439 1439 1433 1421 1415 1410 1410 1410
    1404 1392 1392 1387 1387 1381 1370 1370 1359 1354 1354 1354 1349
    1343 1333 1328 1328 1322 1317 1317 1317 1317 1322 1338 1349 1354
    1365 1370 1376 1381 1381 1381 1381 0 4241 1483 1483 1483 1477 1464
    1464 1458 1452 1445 1439 1433 1433 1415 1410 1410 1404 1404 1398
    1392 1387 1387 1381 1376 1370 1370 1359 1354 1354 1349 1343 1338
