<?xml version="1.0"?>
<opencv_storage>
<Depth2824 type_id="opencv-matrix">
  <rows>41</rows>
  <cols>37</cols>
  <dt>w</dt>
  <data>
    5548 5548 5460 5460 5460 5460 5460 5460 5460 5374 5291 5291 5210
    5210 2701 2701 2744 2723 2723 2744 2744 2789 2789 2812 4983 4983
    4983 4983 4983 4983 4983 4983 4983 4911 4911 4911 4911 5460 5460
    5460 5460 5460 5460 5460 5460 5548 2659 2639 2639 2639 2639 2659
    2680 2723 2723 2723 2744 2744 2789 2789 2789 2812 2812 4983 4983
    4983 4983 4983 4983 4911 4911 4911 4911 4911 5460 5460 5548 5460
    5460 5460 2659 2659 2639 2639 2639 2639 2639 2639 2659 2680 2701
    2723 2744 2744 2744 2744 2767 2767 2812 2812 4983 4983 4911 4911
    4911 4983 4911 4911 4911 4911 4911 5548 5548 5548 5548 5460 2659
    2639 2639 2639 2639 2639 2639 2659 2659 2659 2680 2701 2723 2744
    2744 2744 2744 2767 2767 2767 2789 2789 4983 4911 4911 4911 4983
    4983 4911 4911 4911 4911 5548 5548 5548 5548 2639 2639 2639 2639
    2639 2639 2639 2639 2659 2659 2659 2680 2701 2723 2744 2744 2744
    2744 2767 2767 2767 2767 2789 4983 4911 4911 4911 4983 4983 4911
    4911 4911 4911 5548 2659 2639 2639 2639 2639 2639 2639 2639 2639
    2639 2639 2659 2659 2659 2680 2701 2723 2723 2744 2744 2744 2767
    2767 2767 2767 2789 4983 4911 4911 4983 4983 4983 4911 4911 4911
    4911 2639 2639 2639 2639 2639 2639 2639 2639 2639 2639 2639 2659
    2659 2659 2659 2659 2680 2701 2723 2723 2723 2744 2744 2767 2767
    2789 2789 2789 4983 4983 4983 4983 4983 4911 4911 4911 4911 2639
    2639 2639 2659 2639 2639 2639 2639 2639 2639 2639 2639 2659 2659
    2659 2659 2680 2701 2701 2723 2723 2723 2744 2744 2767 2789 2789
    2789 4983 4983 4983 4983 4983 4911 4911 4911 4911 2618 2639 2659
    2659 2639 2639 2639 2639 2639 2639 2639 2639 2639 2639 2659 2659
    2680 2680 2701 2701 2723 2723 2744 2744 2767 2789 2789 2789 2789
    4983 4983 4983 4983 4983 4911 4911 4911 2618 2639 2659 2659 2659
    2639 2639 2639 2639 2639 2639 2639 2639 2639 2659 2659 2680 2680
    2701 2701 2723 2723 2744 2744 2744 2744 2767 2789 2789 4911 4911
    4911 4983 4983 4983 4911 4911 2618 2639 2659 2659 2659 2639 2639
    2639 2639 2639 2639 2639 2639 2639 2659 2659 2680 2680 2680 2701
    2723 2723 2744 2744 2744 2744 2767 2789 2789 2812 4911 4911 4983
    4983 4983 4911 4911 2639 2639 2639 2639 2659 2639 2639 2639 2639
    2639 2639 2639 2639 2639 2659 2659 2659 2659 2659 2659 2680 2723
    2744 2744 2744 2744 2767 2789 2789 2812 4911 4911 4983 4911 4911
    4911 4911 2639 2639 2639 2639 2639 2639 2639 2639 2639 2639 2639
    2639 2639 2639 2639 2659 2659 2659 2659 2659 2680 2723 2723 2744
    2744 2744 2744 2767 2789 2789 2789 4983 4983 4911 4911 4911 4911
    5640 2659 2639 2639 2639 2639 2639 2639 2639 2639 2639 2639 2639
    2639 2639 2639 2659 2659 2659 2659 2659 2701 2723 2723 2744 2744
    2744 2744 2767 2767 2767 4983 4983 4911 4911 4911 4911 5640 2659
    2639 2639 2639 2639 2639 2639 2639 2639 2639 2639 2639 2639 2639
    2639 2639 2659 2659 2659 2659 2701 2723 2723 2744 2744 2744 2744
    2744 2767 2767 4983 4911 4911 4911 4911 4911 5548 2680 2659 2639
    2639 2659 2639 2639 2639 2639 2639 2639 2618 2618 2639 2639 2639
    2639 2659 2680 2680 2680 2701 2723 2744 2744 2744 2744 2744 2767
    2789 4983 4911 4911 4911 4911 4911 5548 5548 2701 2659 2659 2659
    2639 2639 2639 2639 2639 2639 2618 2618 2639 2639 2639 2639 2639
    2659 2680 2680 2701 2723 2723 2744 2744 2744 2744 2767 2767 2767
    4911 4911 4911 4911 4911 5548 5548 5548 2680 2659 2659 2639 2639
    2639 2639 2639 2639 2639 2639 2618 2618 2639 2639 2639 2659 2659
    2659 2680 2701 2723 2744 2744 2744 2744 2744 2767 2789 4911 4911
    4911 4911 4911 5548 5548 5548 2680 2659 2659 2639 2618 2618 2639
    2639 2639 2639 2639 2618 2618 2639 2639 2639 2639 2639 2659 2680
    2701 2723 2723 2744 2744 2744 2744 2767 2767 2767 4911 4911 4911
    4911 5548 5640 5548 5460 2659 2659 2639 2618 2618 2639 2639 2639
    2639 2618 2618 2618 2618 2639 2639 2639 2639 2659 2680 2701 2723
    2723 2723 2723 2744 2744 2767 2744 2744 4911 4911 4911 4911 5548
    5548 5548 5460 2659 2639 2639 2639 2639 2639 2639 2639 2639 2618
    2618 2618 2618 2618 2618 2639 2639 2659 2680 2701 2723 2723 2723
    2723 2744 2744 2767 2744 2744 2812 4983 4911 4911 5548 5548 5548
    5460 2659 2639 2639 2639 2639 2639 2639 2639 2639 2618 2618 2618
    2618 2618 2618 2639 2639 2659 2680 2701 2701 2723 2723 2723 2744
    2744 2767 2767 2789 2812 4983 4911 4911 5548 5548 5548 5460 5460
    2639 2639 2639 2639 2639 2639 2639 2639 2639 2618 2618 2618 2618
    2618 2639 2639 2639 2659 2680 2701 2723 2723 2723 2744 2744 2767
    2767 2789 2789 2812 4911 4911 5548 5548 5548 5548 5548 2639 2639
    2639 2639 2639 2639 2639 2639 2618 2598 2598 2618 2618 2618 2639
    2639 2639 2659 2659 2701 2701 2701 2723 2744 2744 2744 2744 2767
    2789 2789 4911 4911 5548 5548 5548 5548 5548 2639 2639 2639 2639
    2639 2639 2639 2639 2618 2598 2598 2598 2598 2618 2639 2639 2639
    2639 2659 2659 2701 2701 2701 2723 2744 2744 2744 2767 2767 2789
    4842 4842 5548 5548 5548 5548 5548 2659 2659 2639 2639 2639 2639
    2639 2639 2618 2618 2618 2598 2598 2618 2639 2639 2639 2639 2659
    2659 2680 2701 2701 2723 2744 2744 2744 2744 2767 2789 2789 4842
    5548 5548 5548 5548 5548 2659 2659 2639 2639 2639 2639 2639 2639
    2618 2618 2618 2618 2618 2618 2618 2639 2639 2639 2639 2659 2680
    2680 2701 2723 2744 2744 2744 2744 2744 2767 2789 4911 5548 5548
    5548 5548 5548 5548 2659 2639 2639 2639 2639 2639 2639 2618 2618
    2618 2618 2618 2618 2618 2618 2639 2639 2639 2659 2659 2680 2701
    2723 2723 2744 2744 2744 2744 2744 2767 4911 5548 5548 5548 5548
    5548 5548 2659 2639 2639 2639 2639 2639 2639 2618 2618 2618 2618
    2618 2618 2618 2618 2639 2639 2639 2659 2659 2680 2701 2723 2723
    2744 2744 2744 2744 2744 2744 4911 5640 5548 5548 5548 5548 5548
    2659 2639 2639 2639 2639 2639 2639 2618 2618 2618 2618 2618 2618
    2618 2618 2639 2639 2639 2639 2680 2680 2701 2701 2723 2723 2723
    2723 2723 2744 2744 4983 5640 5548 5548 5548 5548 5548 2639 2639
    2639 2639 2639 2618 2618 2618 2618 2618 2598 2598 2598 2618 2618
    2639 2639 2639 2639 2680 2680 2701 2701 2723 2723 2723 2723 2723
    2744 2767 2767 5548 5548 5548 5548 5548 5548 2618 2618 2618 2639
    2639 2618 2618 2618 2618 2618 2598 2598 2598 2598 2618 2639 2639
    2639 2659 2680 2680 2701 2701 2723 2723 2744 2744 2744 2767 2767
    2767 5548 5548 5548 5548 5548 5548 2618 2618 2618 2639 2618 2618
    2618 2618 2618 2618 2598 2598 2598 2598 2618 2639 2639 2639 2639
    2659 2680 2680 2701 2723 2744 2744 2744 2744 2789 2767 2767 5548
    5548 5548 5548 5548 5548 5548 2618 2618 2618 2618 2618 2618 2618
    2618 2618 2598 2598 2598 2618 2618 2618 2618 2639 2639 2659 2659
    2680 2701 2723 2744 2767 2789 2789 2789 2767 2767 5640 5548 5548
    5548 5548 5548 5548 5548 2618 2618 2618 2618 2618 2618 2618 2618
    2598 2598 2598 2598 2598 2598 2618 2639 2639 2659 2659 2659 2701
    2723 2767 2767 2789 5210 5056 4983 4983 5548 5548 5548 5548 5548
    5548 5548 5548 2639 2639 2618 2618 2598 2598 2598 2598 2598 2598
    2598 2598 2579 2579 2579 2598 2618 2639 2659 2659 2701 2723 2767
    2767 4983 4983 4983 4983 4983 5548 5548 5548 5548 5548 5548 5548
    5548 5548 2639 2618 2618 2598 2598 2598 2598 2598 2598 2598 2598
    2579 2579 2579 2579 2618 2639 2659 5056 5056 5056 4983 4983 4983
    4983 4983 4983 4983 5548 5548 5548 5548 5548 5548 5548 5548 5548
    2639 2618 2618 2618 2598 2598 2598 2598 2579 2579 2598 2579 2560
    2560 2560 2560 5210 5132 5132 5132 5056 4983 4983 4983 4983 4983
    4983 4911 5548 5548 5548 5548 5548 5548 5548 5548 5548 5460 2639
    2618 2618 2618 2598 2598 2598 2579 2579 2618 2579 2560 2560 2560
    5210 5210 5210 5132 5132 5056 4983 4983 4983 4983 4983 4983 4911
    5548 5548 5548 5548 5548 5548 5548 5548 5548 5460 5460 2639 2618
    2618 2618 2598 2598 2579 2579 2618 2579 2579 5210 5210 5210 5210
    5210 5132 5132 5056 4983 4983 4983 4983 4983 4983 4911 5548 5548
