<?xml version="1.0"?>
<opencv_storage>
<Depth0316 type_id="opencv-matrix">
  <rows>19</rows>
  <cols>5</cols>
  <dt>w</dt>
  <data>
    0 5832 5734 5734 6497 0 5832 5734 5734 5933 0 5933 5832 5832 5933 0
    5933 5933 5933 5933 6375 6038 6038 6038 5933 6375 6259 6146 6038
    6038 6259 6259 6146 6038 6038 6259 6146 6146 6038 6038 6259 6146
    6146 6038 6038 6146 6146 6146 6146 6146 6146 6146 6146 6146 6146
    6146 6146 6146 6146 6146 6146 6146 6146 6146 6259 6146 6146 6146
    6146 6259 6259 6146 6146 6146 6259 6146 6146 6146 6259 6259 6038
    6038 6038 6146 6146 5933 6038 6038 6146 6146 5933 6038 6038 6146
    6038</data></Depth0316>
</opencv_storage>
