<?xml version="1.0"?>
<opencv_storage>
<Depth5446 type_id="opencv-matrix">
  <rows>28</rows>
  <cols>37</cols>
  <dt>w</dt>
  <data>
    2398 2381 2381 2381 2381 2381 2381 2381 2381 2381 2381 2381 2398
    2398 2398 2398 2450 2450 2467 2485 2503 2503 2503 2522 2522 2522
    2522 2541 2541 2560 2560 2560 2579 2579 2598 2598 2618 2398 2398
    2398 2381 2381 2381 2381 2381 2381 2381 2381 2381 2398 2398 2415
    2432 2450 2450 2467 2485 2503 2522 2522 2522 2522 2522 2522 2541
    2541 2560 2560 2579 2579 2598 2598 2618 2618 2398 2398 2398 2381
    2381 2381 2381 2381 2381 2381 2381 2381 2381 2381 2415 2432 2432
    2450 2467 2503 2503 2522 2522 2522 2522 2522 2522 2541 2541 2560
    2579 2579 2598 2598 2598 2618 2618 2415 2398 2398 2398 2381 2381
    2381 2381 2381 2381 2398 2398 2381 2381 2415 2432 2432 2450 2467
    2503 2522 2522 2522 2522 2522 2522 2522 2541 2541 2560 2579 2579
    2598 2598 2598 2618 2618 2415 2398 2398 2381 2381 2381 2381 2381
    2381 2381 2381 2381 2381 2398 2415 2432 2432 2450 2467 2522 2522
    2522 2522 2522 2522 2522 2522 2541 2541 2560 2560 2560 2579 2598
    2618 2618 2618 2398 2398 2398 2381 2381 2381 2381 2381 2381 2381
    2381 2381 2381 2415 2432 2432 2432 2450 2467 2522 2541 2541 2541
    2541 2522 2522 2541 2541 2560 2560 2560 2560 2579 2598 2598 2618
    2618 2398 2398 2398 2398 2398 2381 2381 2381 2365 2365 2381 2381
    2398 2415 2432 2432 2450 2450 2467 2522 2541 2541 2541 2541 2541
    2541 2541 2560 2560 2579 2560 2560 2579 2579 2598 2598 2598 2398
    2398 2398 2398 2398 2398 2398 2381 2365 2365 2381 2381 2432 2432
    2415 2415 2450 2450 2467 2522 2541 2541 2541 2541 2541 2541 2541
    2560 2579 2579 2579 2579 2579 2579 2598 2598 2598 2398 2398 2398
    2398 2398 2398 2398 2398 2381 2381 2381 2381 2415 2432 2415 2415
    2450 2450 2485 2522 2541 2541 2541 2541 2541 2541 2541 2541 2560
    2598 2598 2598 2598 2598 2598 2598 2598 2415 2398 2398 2398 2398
    2398 2398 2398 2398 2398 2398 2398 2398 2415 2432 2432 2485 2485
    2541 2541 2560 2541 2541 2541 2541 2541 2541 2541 2560 2579 2598
    2598 2598 2598 2618 2618 2618 2415 2415 2398 2398 2398 2381 2381
    2398 2381 2381 2398 2398 2398 2415 2432 2450 2485 2485 2541 2541
    2541 2541 2541 2541 2541 2541 2541 2560 2541 2541 2579 2579 2598
    2598 2618 2618 3614 2432 2415 2398 2398 2398 2381 2381 2381 2381
    2381 2398 2398 2398 2415 2432 2467 2503 2522 2541 2541 2541 2522
    2522 2541 2541 2541 2541 2541 2541 2541 2541 2560 2579 2598 2618
    2618 3614 2432 2415 2398 2398 2398 2381 2381 2381 2381 2365 2365
    2398 2398 2415 2432 2467 2485 2541 2541 2541 2541 2522 2522 2541
    2541 2541 2541 2541 2541 2541 2541 2560 2579 2579 2598 3653 3614
    2432 2415 2398 2398 2398 2381 2381 2381 2381 2365 2365 2398 2415
    2415 2432 2467 2485 2579 2541 2541 2541 2522 2522 2541 2541 2541
    2541 2541 2541 2541 2541 2560 2579 2579 2598 3614 3614 2450 2415
    2398 2398 2398 2381 2381 2398 2398 2398 2398 2398 2415 2415 2450
    2485 2503 2579 2579 2560 2541 2541 2541 2541 2541 2541 2541 2541
    2541 2541 2541 2541 2541 2560 2598 3576 3576 2432 2415 2415 2398
    2398 2381 2381 2398 2398 2398 2398 2398 2415 2415 2450 2503 2579
    2598 2560 2541 2541 2541 2541 2541 2541 2541 2541 2541 2541 2541
    2541 2541 2541 2560 2598 3576 3576 2415 2415 2415 2398 2381 2381
    2381 2398 2398 2398 2398 2415 2415 2432 2450 2522 2598 2598 2560
    2541 2541 2541 2541 2541 2541 2541 2541 2541 2541 2541 2541 2541
    2541 2541 2541 3576 3539 2381 2415 2415 2398 2381 2381 2381 2398
    2398 2398 2398 2415 2415 2432 2450 2522 2579 2579 2541 2541 2541
    2541 2541 2541 2541 2541 2541 2541 2541 2541 2541 2541 2541 2541
    2541 3503 3539 2381 2415 2415 2398 2381 2381 2381 2398 2398 2398
    2398 2415 2415 2432 2450 2579 2579 2579 2541 2541 2541 2541 2541
    2541 2541 2541 2541 2541 2541 2541 2541 2541 2560 2560 3468 3503
    3539 2398 2415 2415 2415 2381 2381 2381 2381 2381 2398 2415 2415
    2432 2432 2450 2579 2560 2560 2541 2541 2541 2522 2522 2541 2541
    2541 2541 2541 2541 2541 2541 2560 2579 2598 3468 3468 3539 2398
    2415 2415 2415 2381 2381 2381 2381 2381 2398 2415 2415 2415 2432
    2485 2579 2560 2560 2541 2541 2541 2522 2522 2541 2541 2541 2541
    2541 2541 2541 2541 2560 2579 2598 3468 3468 3539 2415 2415 2415
    2398 2398 2381 2381 2381 2381 2415 2415 2415 2415 2503 2503 2541
    2560 2560 2541 2541 2522 2522 2522 2522 2541 2541 2541 2541 2541
    2541 2541 2618 2639 3503 3503 3503 3468 2432 2415 2415 2398 2398
    2398 2398 2398 2398 2398 2398 2381 2381 2450 2503 2541 2541 2541
    2541 2541 2522 2522 2522 2522 2522 2541 2560 2541 2541 2541 2541
    2598 2618 3539 3468 3468 3468 2450 2450 2450 2432 2432 2398 2398
    2398 2398 2398 2398 2381 2381 2450 2485 2522 2522 2522 2522 2522
    2522 2522 2522 2522 2522 2541 2541 2541 2541 2541 2541 2598 2598
    3503 3468 3468 3468 2432 2432 2450 2432 2432 2415 2415 2415 2415
    2415 2415 2432 2432 2450 2485 2522 2522 2522 2522 2522 2503 2503
    2522 2522 2522 2522 2522 2522 2522 2522 2541 2598 2598 3503 3503
    3468 3468 2432 2432 2450 2450 2450 2415 2415 2415 2415 2415 2415
    2432 2432 2467 2522 2522 2522 2522 2522 2522 2503 2503 2541 2541
    2522 2522 2522 2522 2522 2522 2541 2560 2598 3468 3503 3539 3468
    2450 2450 2450 2432 2432 2415 2415 2415 2415 2415 2432 2450 2450
    2485 2560 2522 2522 2522 2522 2503 2503 2541 2541 2541 2522 2522
    2522 2522 2541 2541 2541 2560 3468 3468 3503 3539 3539 2450 2450
    2450 2432 2432 2432 2415 2415 2415 2415 2432 2450 2467 0 2560 2560
    2560 2560 2522 2503 2503 2522 2541 2541 2522 2522 2522 2522 2541
    2541 2579 2579 3468 3468 3503 3539 3539</data></Depth5446>
</opencv_storage>
