<?xml version="1.0"?>
<opencv_storage>
<Depth3523 type_id="opencv-matrix">
  <rows>76</rows>
  <cols>97</cols>
  <dt>w</dt>
  <data>
    0 0 3333 3333 3365 3365 3399 3399 3300 3300 981 981 984 987 987 987
    3365 3365 987 3468 3468 3468 3468 3468 3468 3468 3468 3468 3433 3433
    3433 3433 3433 3433 3468 3468 3468 3468 3468 3503 3503 3503 3468
    3468 3468 3468 3468 3468 3468 3468 3468 3468 3433 3433 3399 3399
    3399 3399 3433 3433 3399 3399 3399 3399 3399 3399 3399 3399 3399
    3399 3365 3365 3365 3365 3365 3365 3365 3333 3333 3365 3399 3365
    3365 3365 3365 3365 3365 3365 3333 3300 3300 3300 3269 3269 3269
    3269 3238 0 0 0 0 0 0 0 0 3300 3300 975 975 984 987 987 987 987 987
    987 987 3468 3468 3468 3468 3433 3433 3433 3433 3468 3468 3468 3433
    3433 3468 3468 3468 3468 3468 3468 3468 3468 3503 3468 3468 3468
    3468 3468 3503 3468 3468 3468 3468 3468 3468 3468 3433 3433 3433
    3433 3433 3433 3433 3433 3433 3433 3399 3399 3399 3399 3399 3399
    3365 3365 3365 3365 3365 3365 3333 3333 3365 3399 3365 3365 3365
    3365 3365 3365 3365 3365 3333 3333 3333 3300 3300 3269 3269 3269 0 0
    0 0 0 0 0 0 0 975 975 975 981 984 987 987 987 987 987 987 987 987
    3468 3468 3433 3433 3433 3433 3433 3433 3468 3468 3468 3468 3468
    3468 3468 3468 3468 3468 3468 3468 3468 3468 3468 3468 3503 3503
    3503 3503 3468 3468 3468 3468 3468 3468 3468 3468 3468 3468 3468
    3468 3468 3433 3433 3399 3399 3399 3433 3433 3399 3365 3365 3365
    3365 3365 3365 3365 3365 3365 3399 3365 3365 3365 3365 3365 3365
    3365 3365 3333 3333 3333 3333 3300 3300 3300 3269 0 0 0 0 0 0 0 0 0
    975 975 975 981 981 981 984 984 987 987 987 987 987 987 987 3468
    3433 3433 3433 3433 3433 3468 3468 3468 3468 3468 3468 3468 3468
    3468 3433 3433 3468 3468 3468 3468 3468 3503 3503 3503 3503 3503
    3503 3503 3503 3468 3468 3468 3468 3468 3468 3468 3468 3468 3433
    3433 3433 3433 3433 3433 3433 3433 3399 3399 3365 3365 3365 3365
    3365 3365 3365 3399 3399 3399 3365 3365 3365 3365 3365 3365 3365
    3365 3365 3333 3333 3300 3300 3300 0 0 0 0 0 0 0 0 981 978 978 978
    978 978 981 981 984 987 987 987 987 987 987 987 989 989 989 989 3433
    3433 3468 3468 3468 3468 3468 3468 3468 3468 3468 3433 3433 3468
    3468 3468 3468 3468 3503 3503 3503 3503 3503 3503 3503 3503 3503
    3503 3503 3503 3503 3468 3468 3468 3468 3468 3433 3433 3433 3433
    3433 3433 3433 3433 3399 3399 3399 3399 3365 3365 3365 3365 3399
    3399 3399 3399 3365 3365 3365 3365 3365 3365 3365 3365 3365 3333
    3333 3365 3333 0 0 0 0 0 0 0 0 978 978 978 978 975 975 978 981 984
    984 987 987 987 987 987 987 989 989 989 989 989 989 989 3468 3468
    3468 3468 3468 3468 3468 3433 3433 3433 3468 3468 3468 3468 3468
    3468 3503 3503 3503 3503 3503 3503 3503 3503 3503 3503 3503 3503
    3503 3503 3468 3468 3468 3468 3468 3433 3433 3433 3433 3433 3433
    3433 3433 3433 3433 3399 3399 3399 3399 3433 3399 3399 3399 3399
    3399 3365 3365 3365 3365 3365 3365 3365 3365 3365 3365 3333 0 0 0 0
    0 0 0 0 973 973 975 975 975 975 978 978 981 981 987 987 987 987 987
    987 987 987 989 989 989 989 987 987 3503 3503 3503 3503 3468 3468
    3433 3433 3433 3468 3468 3468 3468 3468 3468 3503 3503 3503 3503
    3503 3503 3503 3503 3503 3503 3503 3503 3503 3503 3468 3468 3468
    3468 3468 3468 3433 3433 3468 3468 3468 3433 3433 3433 3433 3399
    3399 3433 3433 3433 3433 3433 3433 3399 3399 3399 3399 3399 3399
    3399 3365 3365 3365 3365 3365 3365 0 0 0 0 0 0 0 975 973 973 975 975
    975 978 978 978 981 981 984 984 987 987 987 987 987 987 989 989 989
    989 987 987 987 3503 3503 3503 3503 3468 3468 3468 3468 3468 3468
    3468 3468 3468 3468 3503 3503 3503 3503 3503 3503 3503 3503 3503
    3503 3503 3503 3503 3503 3503 3468 3468 3468 3468 3468 3433 3433
    3468 3468 3468 3468 3433 3433 3433 3433 3433 3433 3433 3433 3468
    3468 3468 3433 3399 3399 3399 3399 3399 3399 3399 3399 3365 3365
    3365 3365 0 0 0 0 0 0 967 967 973 973 973 973 975 978 978 978 978
    978 981 981 984 987 984 984 987 987 987 989 989 989 987 987 992 992
    992 992 3468 3468 3468 3468 3468 3468 3468 3468 3468 3468 3468 3503
    3468 3468 3468 3503 3503 3503 3503 3503 3503 3503 3503 3503 3503
    3503 3503 3503 3468 3468 3468 3468 3468 3468 3468 3468 3468 3433
    3433 3468 3468 3433 3433 3433 3433 3468 3468 3468 3433 3433 3399
    3399 3399 3399 3433 3399 3399 3399 3399 3399 3399 0 0 0 0 0 970 967
    967 970 970 973 973 973 973 978 978 978 978 978 981 981 984 984 984
    987 987 987 987 989 989 989 989 992 992 992 992 992 998 3503 3503
    3503 3468 3468 3468 3468 3468 3468 3468 3468 3468 3468 3468 3468
    3468 3468 3503 3503 3503 3503 3503 3503 3503 3503 3503 3503 3503
    3468 3468 3468 3468 3468 3468 3468 3433 3433 3468 3468 3468 3433
    3433 3468 3468 3468 3468 3468 3433 3433 3433 3433 3433 3433 3399
    3399 3399 3399 3399 3399 0 0 0 0 0 967 967 967 967 970 970 970 973
    973 975 975 975 978 978 978 981 981 981 984 984 984 987 987 987 987
    987 989 989 989 992 992 995 998 1001 1001 1001 3468 3468 3468 3468
    3468 3468 3468 3468 3468 3468 3468 3468 3468 3468 3468 3468 3468
    3468 3503 3503 3503 3503 3503 3503 3503 3503 3503 3468 3468 3468
    3468 3468 3468 3468 3468 3468 3468 3468 3468 3468 3468 3503 3503
    3468 3433 3433 3433 3433 3433 3433 3399 3399 3399 3399 3399 3399 0 0
    0 0 964 964 964 967 967 967 967 967 970 970 975 975 975 975 975 975
    978 978 978 978 978 984 984 987 987 987 987 987 987 989 989 989 992
    995 995 998 998 998 998 3468 3468 3468 3468 3468 3468 3468 3468 3468
    3468 3468 3468 3468 3468 3468 3468 3503 3503 3503 3503 3503 3503
    3539 3539 3539 3503 3503 3503 3468 3468 3468 3468 3468 3468 3468
    3468 3468 3503 3503 3503 3503 3468 3468 3468 3468 3468 3433 3433
    3433 3399 3399 3399 3399 3399 0 0 0 964 964 964 964 964 964 964 967
    967 967 970 973 973 973 975 975 975 975 978 978 978 978 978 978 981
    987 987 987 987 987 987 987 989 989 989 992 995 995 998 998 995 3503
    3503 3503 3468 3468 3468 3468 3468 3468 3468 3468 3503 3503 3503
    3503 3503 3503 3503 3503 3503 3503 3539 3539 3539 3539 3539 3503
    3503 3503 3503 3468 3468 3468 3468 3468 3468 3503 3503 3503 3503
    3468 3468 3468 3468 3468 3468 3468 3433 3433 3433 3433 3433 3433 0 0
    962 962 962 962 962 964 964 964 964 967 967 970 970 970 970 970 973
    973 975 978 978 978 978 978 978 978 984 987 987 987 987 987 987 987
    989 989 992 995 995 998 995 995 995 3503 3503 3503 3468 3468 3468
    3468 3468 3503 3503 3503 3503 3503 3503 3503 3503 3503 3503 3503
    3503 3503 3539 3539 3539 3539 3503 3503 3503 3503 3503 3503 3503
    3503 3468 3468 3503 3503 3503 3503 3503 3503 3503 3503 3503 3468
    3468 3468 3468 3433 3433 3468 3433 0 962 962 962 962 962 962 962 964
    964 964 967 967 967 967 967 967 970 970 973 975 975 975 975 975 975
    978 978 981 984 984 984 984 987 987 987 987 987 989 989 992 995 995
    995 995 998 1001 1001 3468 3468 3468 3468 3503 3503 3503 3503 3503
    3503 3503 3503 3503 3503 3503 3503 3503 3503 3503 3503 3539 3539
    3539 3503 3503 3503 3503 3503 3503 3503 3503 3503 3503 3503 3503
    3503 3503 3503 3503 3503 3503 3468 3468 3468 3468 3468 3468 3468
    3433 0 959 959 956 956 959 959 962 962 964 964 967 964 964 967 967
    967 967 967 970 973 975 975 975 975 975 975 975 978 981 981 981 981
    981 981 984 987 987 987 989 989 992 992 992 995 995 998 998 998 998
    998 3503 3503 3503 3503 3503 3503 3503 3503 3503 3503 3503 3503 3503
    3503 3503 3503 3503 3503 3503 3503 3539 3539 3503 3503 3503 3503
    3503 3503 3503 3503 3503 3503 3503 3503 3503 3503 3503 3503 3503
    3503 3503 3503 3468 3468 3468 3433 0 959 956 956 956 956 959 959 962
    964 964 964 964 964 964 967 967 967 967 970 970 973 973 975 975 975
    975 975 978 978 978 978 978 981 981 984 987 987 987 987 989 989 992
    992 992 995 995 998 998 998 998 1001 1001 3503 3503 3503 3468 3468
    3468 3503 3503 3503 3503 3503 3503 3503 3503 3503 3503 3503 3503
    3503 3503 3503 3503 3539 3539 3539 3503 3503 3539 3539 3539 3539
