<?xml version="1.0"?>
<opencv_storage>
<Depth9188 type_id="opencv-matrix">
  <rows>11</rows>
  <cols>11</cols>
  <dt>w</dt>
  <data>
    7178 7178 7178 7178 7332 5291 5291 5210 5210 5210 5374 7178 7178
    7178 7178 7332 7178 7178 5210 5210 5210 5291 7178 7178 7178 7178
    7178 7178 7178 7178 7178 5291 5291 7332 7178 7178 7178 7178 7178
    7178 7178 7178 7030 7030 7332 7178 7178 7178 7178 7178 7178 7178
    7030 7030 7030 7332 7178 7178 7178 7178 7178 7178 7030 7030 7030
    7030 7178 7178 7178 7178 7178 7178 7030 7030 7030 7030 7030 7178
    7178 7178 7178 7178 7178 7030 7030 7030 7030 7030 7178 7178 7178
    7178 7178 7030 7030 7030 7030 6889 6889 5210 7332 7332 7178 7030
    7030 7030 7030 7030 6889 6889 5210 5210 7178 7178 7030 7030 7030
    7030 7030 6889 5132</data></Depth9188>
</opencv_storage>
