<?xml version="1.0"?>
<opencv_storage>
<Depth14021 type_id="opencv-matrix">
  <rows>58</rows>
  <cols>41</cols>
  <dt>w</dt>
  <data>
    4645 4645 4645 4645 4645 4645 4645 4645 4645 4645 4645 4645 4645
    4645 4645 1663 4708 4708 1757 1757 1785 1794 1823 1843 1843 4708
    4645 4645 4708 4774 4774 4774 4708 4708 4774 4774 4774 4774 4774
    4774 4774 4645 4645 4645 4645 4645 4645 4645 4645 4645 4645 1722
    1705 1696 1663 1663 1663 1671 1671 1748 1748 1766 1794 1823 1843
    1843 1843 4645 4645 4708 4774 4774 4774 4774 4774 4774 4774 4774
    4774 4774 4842 4842 4645 4582 4582 4582 4582 4645 4708 4708 1696
    1696 1705 1696 1671 1663 1663 1663 1671 1688 1705 1739 1766 1804
    1823 1843 1843 1853 1853 4708 4708 4708 4774 4774 4774 4774 4774
    4774 4774 4774 4774 4774 4842 4522 4582 4582 4582 4582 1705 1705
    1705 1696 1696 1696 1688 1671 1671 1671 1671 1671 1688 1705 1722
    1766 1794 1804 1843 1853 1853 1853 4708 4708 4708 4774 4774 4774
    4774 4774 4774 4774 4774 4774 4774 4774 4522 4645 4645 1705 1705
    1705 1705 1705 1696 1688 1688 1680 1671 1671 1671 1671 1671 1688
    1696 1713 1757 1776 1785 1823 1843 1853 1853 4774 4774 4708 4708
    4774 4774 4774 4774 4774 4774 4774 4774 4774 4774 1705 1705 1705
    1705 1705 1705 1705 1696 1696 1688 1680 1680 1671 1671 1671 1671
    1671 1688 1696 1713 1748 1766 1785 1794 1833 1853 1863 4774 4774
    4708 4708 4774 4774 4774 4774 4774 4774 4774 4774 4774 4842 1705
    1705 1705 1705 1705 1705 1696 1696 1696 1688 1680 1680 1671 1671
    1671 1671 1671 1680 1688 1705 1739 1757 1776 1794 1823 1833 1843
    1843 4774 4708 4708 4708 4774 4774 4774 4774 4774 4774 4774 4774
    4774 1705 1705 1705 1713 1713 1705 1696 1696 1696 1688 1680 1680
    1671 1671 1671 1671 1671 1671 1680 1696 1731 1748 1766 1785 1813
    1823 1833 1843 4774 4708 4708 4708 4708 4774 4774 4774 4774 4774
    4774 4774 4774 1705 1705 1713 1713 1705 1705 1705 1696 1696 1688
    1688 1680 1671 1671 1671 1671 1671 1671 1680 1696 1722 1739 1757
    1776 1813 1823 1833 1833 1833 4708 4708 4708 4708 4774 4774 4774
    4774 4774 4774 4774 4774 1713 1713 1713 1713 1705 1705 1705 1696
    1696 1688 1688 1680 1680 1671 1671 1671 1671 1671 1671 1680 1713
    1739 1748 1766 1794 1813 1823 1833 1833 4842 4708 4708 4774 4774
    4774 4708 4708 4774 4774 4774 4774 1722 1713 1713 1713 1705 1705
    1696 1696 1696 1688 1688 1688 1680 1680 1671 1671 1671 1671 1671
    1671 1705 1739 1748 1766 1785 1804 1823 1833 1833 1833 4774 4774
    4774 4708 4708 4708 4708 4708 4774 4774 4774 1731 1713 1713 1713
    1705 1705 1696 1696 1696 1696 1696 1688 1680 1671 1671 1671 1671
    1671 1671 1671 1696 1722 1739 1766 1785 1794 1813 1833 1843 1843
    4708 4708 4708 4708 4708 4708 4708 4708 4774 4774 4774 1731 1731
    1713 1705 1705 1705 1696 1696 1696 1696 1696 1688 1688 1671 1671
    1671 1671 1671 1671 1671 1688 1713 1731 1748 1776 1794 1794 1833
    1843 1843 4708 4708 4708 4708 4708 4774 4774 4774 4774 4774 4774
    4522 1705 1705 1705 1705 1696 1696 1696 1696 1696 1688 1688 1688
    1680 1671 1671 1671 1671 1671 1671 1688 1705 1713 1739 1776 1785
    1794 1823 1843 1843 4708 4708 4708 4774 4774 4774 4774 4774 4774
    4774 4774 4522 1705 1705 1705 1705 1696 1696 1696 1696 1696 1688
    1688 1688 1680 1671 1671 1671 1671 1671 1671 1688 1696 1713 1722
    1739 1766 1785 1823 1843 1853 4774 4708 4708 4774 4774 4774 4774
    4774 4774 4774 4774 4405 4405 1705 1705 1705 1705 1705 1705 1696
    1696 1688 1688 1688 1688 1688 1680 1671 1671 1671 1671 1680 1688
    1705 1722 1739 1757 1766 1804 1833 1853 1863 4708 4708 4774 4774
    4774 4774 4774 4774 4774 4774 4405 4405 1731 1713 1713 1705 1705
    1705 1696 1696 1696 1696 1688 1688 1688 1680 1671 1671 1671 1671
    1671 1688 1696 1713 1731 1757 1766 1794 1823 1853 1863 1863 4774
    4774 4774 4774 4774 4774 4774 4774 4774 4463 4463 1731 1731 1722
    1713 1713 1705 1705 1705 1696 1696 1688 1688 1688 1680 1671 1671
    1671 1671 1671 1680 1680 1713 1731 1748 1766 1794 1804 1843 1853
    1853 4774 4774 4774 4774 4774 4774 4774 4774 4774 4405 4405 4405
    1739 1731 1731 1713 1705 1705 1705 1696 1696 1696 1688 1688 1680
    1671 1671 1671 1671 1671 1671 1680 1705 1722 1739 1757 1776 1794
    1823 1833 1853 4842 4774 4774 4708 4708 4774 4774 4774 4774 4405
    4405 4405 1739 1739 1722 1722 1713 1705 1705 1696 1696 1696 1688
    1688 1680 1671 1671 1663 1663 1671 1671 1680 1696 1713 1731 1748
    1766 1785 1823 1833 1843 1843 4774 4708 4708 4708 4774 4774 4774
    4774 4405 4405 4405 1739 1739 1722 1713 1713 1705 1705 1705 1696
    1696 1696 1696 1680 1671 1671 1663 1663 1671 1671 1680 1688 1705
    1722 1739 1757 1776 1813 1833 1843 1853 4774 4708 4708 4708 4774
    4774 4774 4774 4405 4405 4405 4405 1722 1722 1713 1713 1705 1696
    1696 1696 1696 1696 1696 1680 1680 1671 1671 1671 1680 1680 1680
    1688 1696 1713 1722 1748 1776 1813 1823 1843 1843 1843 4708 4708
    4774 4774 4774 4708 4708 4463 4405 4405 4405 1722 1722 1722 1713
    1705 1696 1696 1696 1696 1696 1696 1688 1680 1680 1671 1671 1680
    1680 1680 1688 1696 1705 1713 1731 1766 1785 1823 1843 1843 1843
    4708 4708 4774 4774 4774 4708 4708 4463 4463 4463 4463 1722 1722
    1713 1713 1705 1705 1705 1696 1696 1696 1696 1688 1688 1680 1671
    1671 1680 1680 1680 1688 1688 1705 1713 1722 1766 1785 1813 1843
    1843 1843 1843 4842 4774 4774 4774 4708 4708 4522 4522 4522 4522
    1731 1731 1713 1713 1705 1705 1705 1696 1696 1696 1696 1696 1688
    1688 1680 1680 1680 1680 1680 1680 1688 1705 1713 1722 1766 1776
    1813 1823 1843 1843 1843 4842 4842 4774 4774 4774 4708 4522 4522
    4522 4582 4708 4708 1722 1722 1705 1705 1705 1705 1705 1696 1696
    1696 1688 1688 1688 1688 1688 1688 1680 1680 1688 1688 1713 1722
    1757 1757 1785 1813 1853 1853 1863 1883 4842 4774 4774 4774 4774
    4522 4522 4582 4582 4708 4708 1731 1731 1713 1713 1705 1705 1705
    1696 1696 1696 1688 1688 1688 1688 1688 1688 1680 1680 1688 1688
    1705 1739 1748 1757 1776 1804 1843 1853 1863 1883 1883 4774 4774
    4774 4774 4522 4522 4582 4582 4582 4645 4645 1731 1713 1713 1705
    1705 1705 1696 1696 1696 1688 1688 1688 1688 1688 1688 1680 1680
    1680 1680 1696 1731 1739 1757 1757 1804 1833 1853 1863 1863 1863
    4774 4774 4774 4774 4582 4582 4582 4522 4522 4582 4582 1713 1705
    1705 1705 1705 1705 1705 1696 1696 1688 1688 1680 1680 1688 1688
    1680 1680 1680 1680 1688 1722 1739 1757 1757 1785 1813 1853 1863
    1863 1863 4774 4774 4774 4774 4582 4582 4582 4522 4522 4582 4582
    1696 1696 1705 1705 1705 1705 1705 1696 1696 1688 1688 1680 1680
    1688 1688 1680 1680 1680 1680 1688 1713 1731 1748 1757 1785 1813
    1843 1843 1863 1863 4774 4774 4774 4774 4582 4582 4582 4522 4522
    4582 4645 1696 1696 1705 1705 1705 1705 1705 1696 1696 1696 1688
    1688 1688 1696 1688 1688 1680 1680 1680 1688 1713 1722 1748 1766
    1785 1813 1833 1843 1843 4774 4774 4774 4774 4774 4582 4582 4582
    4582 4582 4582 4582 4582 1705 1705 1713 1713 1705 1705 1705 1696
    1696 1696 1696 1696 1696 1688 1680 1680 1671 1671 1688 1705 1713
    1748 1766 1776 1804 1823 1833 1833 1833 4774 4774 4774 4774 4582
    4582 4582 4582 4582 4582 4582 4582 1705 1705 1713 1713 1713 1705
    1705 1705 1696 1696 1696 1696 1696 1688 1680 1680 1671 1671 1688
    1696 1713 1731 1748 1757 1804 1823 1833 1823 1823 1823 4774 4774
    4774 4582 4582 4582 4582 4582 4582 4463 4463 4463 1722 1722 1713
    1713 1705 1705 1696 1696 1696 1696 1696 1696 1688 1688 1688 1680
    1680 1680 1688 1705 1722 1731 1748 1785 1813 1833 1823 1823 1823
    4774 4774 4774 4582 4582 4582 4582 4582 4582 4463 4463 4463 1722
    1722 1713 1713 1705 1705 1696 1696 1696 1696 1696 1705 1696 1688
    1688 1680 1680 1680 1688 1705 1713 1722 1739 1776 1794 1813 1833
    1823 1823 1823 4774 4774 4582 4582 4582 4522 4522 4582 4582 4582
    4582 1731 1722 1713 1713 1705 1705 1705 1705 1696 1696 1696 1705
    1696 1696 1688 1680 1680 1680 1680 1696 1705 1713 1731 1766 1794
    1804 1823 1823 1823 1823 4774 4774 4582 4582 4582 4522 4522 4522
