<?xml version="1.0"?>
<opencv_storage>
<Depth19706 type_id="opencv-matrix">
  <rows>9</rows>
  <cols>14</cols>
  <dt>w</dt>
  <data>
    7835 7660 7660 7660 7835 7835 7835 7835 7660 7660 7660 7660 7835
    7660 7835 7835 7660 7660 7660 7660 7660 7835 7660 7660 7660 7660
    7835 7660 7660 7660 7660 7660 7660 7660 7660 7660 7660 7660 7660
    7660 7835 7660 7660 7660 7660 7660 7660 7660 7660 7492 7492 7660
    7660 7660 7835 7835 7660 7660 7660 7660 7660 7660 7660 7492 7492
    7660 7660 7660 7835 7835 7660 7660 7660 7660 7660 7660 7660 7660
    7660 7660 7660 7835 7835 7835 7660 7660 7660 7660 7660 7660 7660
    7835 7835 7835 7835 7835 7835 7835 7835 7835 7660 7660 7660 7660
    7660 7835 7835 7835 7835 7835 7835 7835 2116 7835 7660 7660 7660
    7660 7660 7660 7660 7835 7835 7835 7835 7835</data></Depth19706>
</opencv_storage>
