<?xml version="1.0"?>
<opencv_storage>
<Depth13189 type_id="opencv-matrix">
  <rows>11</rows>
  <cols>11</cols>
  <dt>w</dt>
  <data>
    4522 4522 4522 4522 4522 4463 4463 4463 4463 0 0 4522 4522 4522 4463
    4405 4405 4405 4405 4463 4463 0 4522 4522 4522 4463 4405 4405 4405
    4405 4463 4463 4463 4463 4463 4463 4463 4405 4405 4463 4463 4463
    4463 4349 4463 4463 4463 4463 4463 4463 4405 4405 4405 4405 4349
    4463 4463 4463 4463 4463 4463 4405 4405 4405 4405 4405 4463 4522
    4522 4522 4522 4522 4463 4405 4405 4405 4405 4522 4522 4463 4463
    4522 4522 4463 4463 4405 4405 0 0 4522 4463 4463 4463 4463 4463 4463
    4463 4463 0 4582 4582 4522 4522 4463 4463 4463 4463 4463 4463 4463
    4522 4522 4522 4522 4463 4463 4463 4463 4463 4463 4463</data></Depth13189>
</opencv_storage>
