<?xml version="1.0"?>
<opencv_storage>
<Depth11289 type_id="opencv-matrix">
  <rows>7</rows>
  <cols>6</cols>
  <dt>w</dt>
  <data>
    8212 8019 8019 8019 8019 8019 8212 8019 8019 8019 7835 7835 8212
    8212 8212 8212 7835 7835 8019 8019 8212 8212 7835 7835 8019 8019
    8019 8019 8019 7835 8019 8019 8019 8019 8019 8019 8019 7835 7835
    7835 8019 8019</data></Depth11289>
</opencv_storage>
