<?xml version="1.0"?>
<opencv_storage>
<Depth17384 type_id="opencv-matrix">
  <rows>108</rows>
  <cols>60</cols>
  <dt>w</dt>
  <data>
    3994 3994 4041 4089 4089 4139 4139 4139 4139 4139 4190 1193 1193
    1197 1197 4241 4241 4349 4349 4349 4349 4405 4405 4405 4405 4405
    4405 4405 4349 4349 4349 4349 4349 4349 4349 4295 4241 4241 4190
    4190 4190 4190 4190 4139 4139 4139 4139 4139 4089 4089 4089 4041
    4041 4041 4041 4041 3994 3994 3994 3948 4041 4041 4041 4089 4089
    4139 4139 4139 4139 1193 1193 1197 1197 1197 1193 1193 1193 4349
    4349 4349 4349 4405 4405 4405 4405 4405 4405 4405 4349 4349 4349
    4349 4349 4349 4349 4295 4241 4241 4241 4190 4190 4190 4190 4139
    4139 4139 4139 4139 4089 4089 4089 4089 4041 4041 4041 3994 3994
    3994 3994 3994 4041 4041 4089 4089 4089 4139 4139 4139 4139 1189
    1189 1185 1177 1177 1177 1169 1161 1161 1161 4405 4405 4405 4405
    4405 4463 4463 4405 4405 4349 4349 4349 4349 4349 4349 4349 4295
    4241 4241 4241 4190 4190 4190 4190 4139 4139 4139 4139 4139 4139
    4139 4089 4089 4041 4041 4041 3994 3994 3994 3994 3994 4041 4089
    4139 4139 1210 1197 1197 1193 1189 1181 1181 1181 1177 1177 1173
    1165 1157 1157 1157 1157 1157 1153 1153 4405 4582 4582 4582 4405
    4405 4405 4349 4295 4295 4349 4349 4295 4241 4241 4241 4190 4190
    4139 4139 4139 4139 4139 4139 4139 4139 4089 4089 4041 4041 4041
    4041 4041 3994 3994 3994 3994 4089 4190 4190 1210 1210 1202 1197
    1189 1181 1181 1181 1177 1177 1173 1165 1161 1153 1153 1153 1149
    1149 1145 1138 1138 1134 1134 1134 1134 1134 1119 4295 4295 4295
    4405 4405 4349 4241 4241 4190 4190 4139 4139 4139 4139 4139 4139
    4139 4139 4139 4089 4089 4041 4041 1130 1130 1134 4041 3994 3994
    3994 0 3994 1206 1206 1206 1202 1197 1189 1181 1177 1177 1177 1169
    1165 1161 1157 1153 1149 1149 1149 1145 1141 1134 1134 1134 1130
    1126 1119 1119 1119 1130 1130 1112 1105 1105 1105 1105 4190 4190
    4190 4139 4139 4190 4190 4190 4139 4139 4139 4139 4139 4089 1134
    1134 1130 1130 1134 1134 4041 4041 3994 0 0 0 0 1206 1197 1197 1189
    1185 1177 1177 1173 1165 1165 1161 1157 1149 1149 1145 1145 1141
    1138 1130 1130 1126 1119 1115 1115 1115 1112 1112 1112 1108 1101
    1101 1105 1105 1097 1087 1087 1084 1084 1087 1087 1080 1084 1084
    4139 4139 4139 1134 1134 1134 1130 1130 1134 1134 1134 1134 3994 0 0
    0 0 0 1197 1193 1189 1181 1177 1177 1173 1165 1165 1161 1157 1149
    1149 1145 1141 1138 1134 1130 1130 1123 1119 1115 1112 1112 1108
    1105 1105 1105 1101 1101 1097 1097 1090 1080 1080 1080 1080 1080
    1080 1080 1084 1084 1084 1126 1126 1134 1134 1134 1134 1134 1134
    1134 1134 1134 1134 0 0 0 0 0 1197 1193 1189 1181 1177 1177 1173
    1165 1165 1161 1157 1149 1149 1145 1141 1138 1130 1130 1126 1119
    1115 1112 1108 1108 1105 1101 1101 1101 1097 1097 1094 1090 1084
    1077 1077 1077 1077 1077 1077 1077 1080 1080 1080 1080 1119 1119
    1119 1123 1123 1130 1130 1130 1130 1134 1134 0 0 0 0 0 1197 1193
    1189 1181 1181 1177 1173 1169 1165 1161 1153 1149 1149 1145 1141
    1138 1130 1130 1126 1119 1115 1112 1108 1108 1105 1101 1101 1101
    1094 1087 1087 1080 1080 1077 1073 1073 1073 1073 1073 1073 1077
    1077 1080 1080 1087 1097 1105 1105 1108 1115 1119 1123 1126 1134
    1138 0 0 0 0 0 1197 1193 1189 1181 1181 1177 1177 1169 1165 1161
    1153 1153 1149 1145 1141 1138 1130 1130 1126 1123 1115 1112 1108
    1108 1105 1105 1101 1097 1094 1087 1084 1080 1077 1073 1073 1070
    1070 1067 1067 1070 1073 1077 1080 1080 1087 1094 1101 1105 1108
    1112 1119 1119 1126 1134 1134 0 0 0 0 1206 1197 1193 1189 1181 1181
    1177 1173 1169 1165 1161 1157 1153 1149 1145 1141 1138 1130 1130
    1126 1119 1115 1112 1108 1108 1105 1105 1101 1097 1090 1087 1084
    1080 1077 1073 1070 1067 1067 1067 1067 1067 1070 1073 1077 1084
    1087 1094 1101 1105 1108 1112 1115 1119 1130 1134 1134 0 0 0 0 1202
    1197 1193 1185 1181 1181 1177 1173 1165 1165 1161 1157 1153 1149
    1145 1141 1134 1130 1130 1126 1119 1115 1112 1112 1108 1105 1105
    1101 1097 1087 1087 1084 1080 1077 1073 1070 1067 1067 1063 1063
    1063 1070 1073 1077 1087 1090 1094 1101 1105 1108 1112 1115 1119
    1134 1134 1138 3994 0 0 0 1202 1197 1193 1185 1181 1177 1177 1173
    1165 1165 1161 1161 1157 1149 1145 1141 1134 1130 1130 1126 1119
    1115 1112 1112 1112 1105 1101 1101 1097 1087 1087 1084 1080 1077
    1073 1070 1067 1067 1063 1063 1063 1070 1073 1077 1087 1090 1094
    1097 1105 1108 1112 1119 1119 1130 1134 1138 3994 0 0 1197 1197 1197
    1193 1185 1181 1177 1177 1173 1165 1165 1161 1157 1153 1149 1145
    1141 1134 1134 1130 1130 1119 1115 1112 1112 1112 1105 1101 1101
    1097 1090 1087 1087 1080 1077 1073 1070 1067 1067 1063 1063 1067
    1070 1073 1077 1087 1090 1094 1097 1108 1108 1112 1119 1119 1130
    1134 1145 3994 0 0 1197 1197 1197 1193 1185 1181 1177 1177 1173 1165
    1165 1161 1157 1153 1149 1145 1141 1134 1130 1130 1130 1123 1115
    1115 1112 1108 1105 1101 1097 1094 1090 1087 1087 1080 1077 1073
    1070 1067 1067 1067 1067 1067 1070 1077 1084 1087 1090 1094 1097
    1108 1108 1115 1119 1123 1130 1138 1145 3948 0 0 1197 1197 1197 1197
    1189 1181 1177 1177 1173 1165 1161 1161 1153 1153 1149 1145 1141
    1134 1130 1130 1126 1119 1115 1112 1112 1108 1105 1101 1097 1094
    1090 1087 1087 1080 1077 1073 1070 1067 1063 1063 1067 1070 1073
    1077 1084 1087 1090 1094 1097 1112 1112 1115 1119 1123 1130 1138
    1141 3948 0 0 0 1197 1197 1197 1189 1181 1181 1177 1173 1165 1161
    1161 1153 1149 1145 1145 1138 1134 1134 1130 1126 1119 1115 1112
    1112 1108 1105 1101 1097 1094 1090 1087 1084 1080 1077 1073 1070
    1067 1063 1063 1067 1070 1077 1080 1084 1087 1090 1097 1101 1108
    1112 1115 1119 1123 1134 1138 1141 3948 0 0 0 1197 1197 1197 1185
    1181 1177 1177 1173 1169 1165 1165 1153 1149 1145 1145 1138 1134
    1134 1130 1126 1119 1119 1115 1112 1108 1105 1101 1101 1094 1090
    1087 1084 1080 1077 1073 1070 1067 1067 1067 1067 1070 1077 1080
    1084 1087 1090 1097 1101 1108 1112 1115 1119 1126 1134 1138 1138 0 0
    0 0 1197 1197 1197 1185 1181 1177 1177 1173 1169 1165 1161 1157 1149
    1149 1145 1138 1134 1134 1130 1126 1119 1119 1115 1112 1108 1105
    1101 1101 1094 1090 1087 1084 1080 1077 1073 1073 1067 1067 1067
    1067 1070 1077 1080 1087 1087 1094 1097 1105 1108 1112 1115 1119
    1126 1134 1141 0 0 0 0 0 1202 1202 1197 1185 1181 1177 1177 1173
    1169 1165 1161 1157 1153 1149 1145 1138 1134 1130 1130 1126 1123
    1119 1115 1112 1108 1105 1101 1101 1094 1090 1087 1084 1080 1077
    1073 1073 1067 1067 1067 1067 1070 1077 1080 1087 1087 1094 1097
    1105 1108 1112 1115 1119 1130 1134 0 0 0 0 0 0 1206 1206 1197 1193
    1181 1181 1177 1173 1165 1165 1161 1157 1153 1149 1145 1138 1134
    1130 1130 1126 1123 1119 1115 1112 1108 1105 1101 1101 1094 1090
    1087 1087 1080 1077 1073 1073 1070 1070 1070 1070 1073 1077 1080
    1087 1090 1094 1101 1105 1112 1112 1115 1119 1130 1134 1145 1145 0 0
    0 0 1202 1197 1197 1189 1185 1181 1177 1173 1165 1165 1161 1157 1153
    1145 1145 1138 1134 1134 1130 1126 1123 1119 1115 1112 1108 1105
    1101 1094 1094 1090 1087 1087 1084 1077 1077 1073 1070 1070 1070
    1070 1073 1080 1084 1087 1090 1094 1101 1105 1108 1112 1115 1126
    1130 1138 1145 1145 4405 0 0 0 1197 1197 1197 1189 1185 1181 1177
    1173 1169 1165 1161 1161 1153 1145 1145 1138 1134 1134 1130 1126
    1123 1115 1115 1112 1108 1105 1101 1094 1090 1090 1087 1080 1080
    1077 1077 1073 1070 1070 1070 1070 1073 1077 1080 1087 1090 1094
    1101 1108 1108 1115 1119 1126 1130 1138 1145 1145 4405 0 0 0 1197
    1197 1193 1189 1185 1181 1177 1177 1169 1165 1161 1161 1153 1149
    1145 1141 1138 1134 1130 1123 1119 1115 1112 1112 1108 1105 1101
    1094 1090 1090 1087 1080 1080 1077 1073 1073 1070 1070 1073 1073
    1073 1077 1080 1087 1090 1094 1101 1112 1112 1115 1119 1130 1134
    1138 1145 1145 4405 0 0 0 1193 1193 1193 1189 1185 1181 1177 1177
    1169 1165 1161 1157 1153 1149 1145 1145 1138 1134 1130 1123 1119
