<?xml version="1.0"?>
<opencv_storage>
<Depth15973 type_id="opencv-matrix">
  <rows>6</rows>
  <cols>6</cols>
  <dt>w</dt>
  <data>
    4983 5056 5056 0 0 0 5132 5132 0 0 0 0 4774 5132 0 0 0 0 0 0 0 0 0 0
    0 0 0 0 0 5933 0 5132 5132 5132 5210 5933</data></Depth15973>
</opencv_storage>
