<?xml version="1.0"?>
<opencv_storage>
<Depth6426 type_id="opencv-matrix">
  <rows>56</rows>
  <cols>43</cols>
  <dt>w</dt>
  <data>
    4139 4139 4190 4190 4190 4190 4241 4241 1894 1883 1873 1873 1853
    1853 1863 1873 1883 1894 1894 1883 1883 1883 4522 4522 4522 4582
    4582 4582 4582 4582 4645 4645 4645 4645 4645 4708 4708 4708 4774
    4774 4774 4774 4774 4139 4139 4190 4190 4190 4190 4190 1883 1883
    1873 1863 1863 1863 1863 1863 1873 1873 1883 1883 1883 1883 1873
    1873 1873 1883 4582 4582 4582 4645 4645 4645 4645 4645 4708 4708
    4708 4708 4708 4708 4708 4774 4774 4774 4139 4139 4190 4190 4190
    4190 4190 1883 1883 1873 1863 1863 1863 1863 1863 1873 1873 1873
    1883 1883 1883 1873 1873 1873 1883 1883 1883 1883 1904 1904 4645
    4645 4645 4708 4774 4708 4708 4708 4708 4708 4708 4774 4774 4139
    4139 4190 4190 4190 4190 4190 1915 1873 1873 1863 1863 1863 1863
    1863 1873 1873 1873 1873 1883 1883 1883 1883 1883 1883 1883 1883
    1883 1904 1904 1904 1904 1904 4708 4708 4708 4708 4645 4645 4708
    4708 4708 4774 4139 4190 4190 3994 3994 3994 1926 1915 1873 1873
    1853 1853 1853 1863 1863 1863 1873 1873 1873 1873 1883 1883 1883
    1883 1883 1883 1883 1894 1904 1904 1904 1904 1904 1904 1904 4708
    1883 1883 1915 1926 4708 4708 4708 4139 4190 4190 3994 3994 3994
    1915 1904 1873 1863 1853 1853 1853 1853 1853 1863 1873 1873 1873
    1873 1873 1883 1883 1883 1883 1883 1883 1894 1894 1904 1894 1894
    1904 1904 1904 1904 1883 1883 1915 1926 1926 1926 4708 4190 4190
    4190 4190 4190 4190 1904 1894 1863 1853 1853 1843 1843 1843 1853
    1863 1873 1873 1873 1873 1873 1883 1883 1883 1883 1883 1883 1883
    1883 1883 1894 1894 1904 1904 1904 1904 1915 1915 1915 1926 1926
    1915 1915 4190 4190 4190 4190 4190 4190 1894 1883 1863 1853 1853
    1843 1843 1843 1853 1863 1873 1873 1873 1873 1873 1883 1883 1883
    1883 1883 1883 1883 1883 1883 1894 1904 1904 1904 1904 1904 1915
    1915 1915 1915 1915 1915 1915 4190 4190 4190 4190 4241 4241 1873
    1873 1863 1843 1843 1853 1853 1853 1853 1863 1873 1873 1873 1873
    1873 1883 1883 1883 1883 1883 1883 1883 1883 1883 1894 1904 1904
    1904 1904 1904 1915 1915 1915 1915 1915 1915 1915 4190 4190 4190
    4190 4241 4241 1873 1863 1853 1843 1843 1853 1853 1853 1853 1863
    1863 1873 1873 1873 1873 1873 1883 1883 1883 1883 1883 1883 1883
    1883 1883 1904 1904 1904 1904 1904 1904 1915 1915 1915 1915 1915
    1915 4139 4139 4139 4190 4190 1873 1873 1863 1853 1853 1853 1853
    1853 1853 1853 1863 1863 1873 1873 1873 1873 1873 1873 1883 1883
    1883 1883 1883 1883 1883 1883 1894 1894 1894 1904 1904 1904 1915
    1915 1915 1915 1915 1915 4139 4139 4139 4139 4139 1863 1863 1853
    1853 1853 1843 1843 1853 1843 1843 1863 1863 1863 1863 1863 1863
    1873 1873 1873 1873 1883 1883 1883 1883 1883 1883 1894 1894 1894
    1894 1904 1904 1904 1904 1904 1904 1904 1915 4139 4139 4139 4139
    4139 1863 1863 1853 1853 1843 1843 1843 1843 1843 1843 1853 1863
    1863 1863 1863 1863 1873 1873 1873 1873 1873 1873 1873 1883 1883
    1883 1883 1883 1894 1894 1894 1904 1904 1904 1904 1894 1894 1894
    4139 4139 4139 4139 4139 1863 1863 1853 1843 1843 1843 1843 1843
    1843 1843 1853 1853 1863 1863 1863 1863 1873 1873 1873 1873 1873
    1873 1873 1883 1883 1894 1883 1883 1894 1894 1894 1904 1904 1904
    1904 1894 1894 1894 4139 4139 4139 4139 1863 1863 1853 1853 1843
    1843 1843 1843 1843 1843 1843 1853 1853 1853 1853 1853 1863 1873
    1873 1873 1873 1873 1873 1873 1883 1883 1894 1883 1883 1883 1883
    1894 1894 1894 1894 1904 1894 1894 1894 4139 4139 4139 4139 1883
    1863 1853 1843 1843 1833 1833 1833 1833 1843 1843 1853 1853 1853
    1853 1853 1863 1873 1873 1873 1873 1873 1873 1873 1883 1883 1883
    1883 1883 1883 1883 1894 1894 1894 1894 1904 1894 1894 1894 4139
    4139 4139 4139 1873 1863 1853 1843 1843 1833 1833 1833 1833 1833
    1843 1853 1853 1853 1853 1853 1863 1863 1873 1873 1873 1873 1873
    1873 1883 1883 1883 1883 1883 1883 1894 1894 1894 1894 1894 1904
    1904 1904 1904 4139 4139 4139 1873 1873 1863 1853 1843 1843 1833
    1833 1833 1833 1833 1843 1843 1853 1853 1853 1853 1863 1863 1873
    1873 1873 1873 1873 1873 1883 1883 1883 1883 1883 1883 1883 1883
    1883 1883 1894 1904 1904 1915 1915 4139 4139 4139 1863 1863 1863
    1853 1833 1833 1833 1833 1833 1833 1843 1843 1843 1853 1853 1853
    1863 1863 1863 1873 1873 1873 1863 1863 1873 1883 1883 1883 1883
    1883 1883 1883 1883 1883 1883 1894 1894 1904 1915 1915 4139 4139
    4139 1863 1863 1853 1833 1823 1823 1823 1833 1833 1833 1843 1843
    1843 1853 1853 1853 1863 1863 1873 1863 1863 1863 1863 1863 1873
    1873 1873 1883 1883 1883 1883 1883 1883 1883 1883 1883 1894 1894
    1904 1904 4139 1804 1804 1843 1843 1833 1823 1813 1813 1813 1823
    1833 1833 1843 1843 1843 1843 1843 1853 1863 1863 1873 1863 1863
    1863 1863 1863 1873 1873 1873 1883 1883 1883 1883 1883 1883 1883
    1883 1883 1883 1883 1904 4842 4139 1804 1804 1843 1843 1833 1823
    1813 1813 1813 1823 1833 1833 1833 1843 1843 1843 1843 1843 1853
    1863 1873 1863 1863 1863 1863 1863 1873 1873 1873 1883 1883 1883
    1883 1883 1883 1883 1883 1883 1883 1883 1883 4774 1813 1813 1813
    1843 1843 1833 1823 1813 1813 1813 1823 1823 1833 1833 1843 1843
    1843 1843 1843 1843 1853 1853 1863 1863 1863 1863 1863 1873 1873
    1873 1883 1883 1873 1873 1873 1883 1883 1883 1883 1883 1894 1894
    4774 1804 1804 1804 1843 1833 1823 1823 1813 1813 1813 1813 1823
    1833 1833 1833 1843 1843 1843 1843 1843 1843 1843 1853 1853 1853
    1853 1863 1863 1863 1873 1873 1873 1873 1873 1873 1883 1883 1883
    1883 1894 1894 1894 4774 1804 1804 1804 1843 1833 1823 1823 1813
    1813 1804 1804 1813 1823 1833 1833 1833 1833 1843 1843 1843 1843
    1843 1853 1853 1853 1853 1863 1863 1863 1873 1873 1873 1873 1873
    1873 1883 1883 1883 1883 1883 1894 1894 4774 4089 4089 1853 1853
    1843 1833 1823 1813 1804 1804 1804 1813 1823 1833 1833 1833 1833
    1843 1843 1843 1843 1843 1843 1843 1853 1853 1853 1863 1863 1873
    1873 1873 1873 1873 1873 1883 1883 1883 1873 1873 1873 1873 4774
    4089 4089 1853 1853 1843 1833 1823 1813 1804 1804 1804 1813 1823
    1833 1833 1833 1833 1843 1843 1843 1843 1843 1843 1843 1853 1853
    1853 1863 1863 1863 1863 1863 1863 1873 1883 1883 1883 1883 1873
    1873 1873 4774 4774 4089 4089 1843 1843 1843 1833 1823 1813 1804
    1804 1804 1813 1823 1823 1833 1833 1833 1833 1843 1843 1843 1843
    1843 1843 1853 1853 1853 1863 1863 1863 1863 1863 1863 1873 1883
    1883 1883 1883 1873 1873 1873 4708 4708 4139 4139 1843 1843 1833
    1823 1813 1813 1804 1804 1804 1813 1823 1823 1823 1833 1833 1833
    1843 1843 1833 1833 1843 1843 1843 1853 1853 1863 1863 1863 1863
    1863 1863 1873 1873 1873 1873 1873 1873 1883 4708 4645 4645 4041
    1843 1843 1833 1823 1813 1813 1804 1804 1804 1804 1813 1823 1823
    1823 1833 1833 1833 1833 1833 1833 1833 1843 1843 1843 1843 1853
    1853 1853 1853 1863 1863 1863 1873 1873 1873 1873 1873 1873 1873
    4708 4645 4645 4041 1804 1804 1804 1804 1804 1804 1804 1804 1804
    1804 1813 1813 1813 1823 1823 1823 1833 1833 1833 1833 1833 1833
    1843 1843 1843 1853 1853 1853 1853 1863 1863 1863 1863 1863 1863
    1873 1873 1873 1873 4708 4645 4645 3994 1804 1804 1804 1804 1794
    1794 1794 1804 1813 1813 1813 1813 1813 1823 1823 1823 1833 1833
    1833 1833 1833 1833 1843 1843 1843 1853 1853 1853 1853 1863 1863
    1863 1863 1863 1863 1873 1873 1873 1873 4774 4708 4708 3994 3994
    1804 1804 1804 1794 1794 1794 1794 1804 1804 1813 1813 1813 1823
    1823 1833 1833 1833 1833 1833 1833 1833 1833 1833 1843 1843 1843
    1843 1853 1863 1863 1863 1863 1863 1863 1873 1873 1863 1863 4774
    4774 4774 4089 1843 1804 1804 1804 1794 1794 1794 1794 1804 1804
    1804 1804 1813 1823 1823 1833 1833 1833 1833 1833 1833 1833 1833
    1833 1843 1843 1843 1843 1853 1863 1863 1863 1863 1863 1863 1863
    1863 1863 1863 1863 4774 4774 3994 1843 1843 1804 1804 1804 1794
    1794 1794 1804 1804 1804 1804 1813 1823 1823 1833 1833 1833 1833
