<?xml version="1.0"?>
<opencv_storage>
<Depth6954 type_id="opencv-matrix">
  <rows>51</rows>
  <cols>38</cols>
  <dt>w</dt>
  <data>
    5132 5210 5210 5210 5132 5132 5132 1904 1904 1904 1915 1915 1926
    1926 1926 1915 1915 1926 1926 1926 1926 1926 1947 1947 1947 1947
    1936 1936 1959 1959 1959 1970 1970 1959 1947 1947 5056 4983 4983
    5210 5210 5210 1904 1904 1904 1904 1904 1904 1915 1915 1926 1926
    1926 1915 1915 1926 1926 1926 1926 1926 1947 1947 1947 1947 1947
    1947 1959 1959 1959 1959 1970 1959 1947 1947 1947 4983 1959 1959
    1915 1915 1904 1904 1904 1904 1904 1915 1915 1915 1926 1926 1926
    1926 1926 1926 1926 1926 1926 1926 1947 1947 1947 1947 1947 1959
    1959 1959 1959 1959 1959 1959 1959 1959 1959 4983 1959 1959 1959
    1915 1915 1915 1915 1915 1915 1915 1915 1926 1926 1926 1926 1926
    1926 1926 1926 1926 1926 1926 1947 1947 1947 1959 1959 1959 1959
    1959 1959 1959 1959 1959 1959 1959 1970 4983 1981 1959 1936 1915
    1915 1915 1915 1915 1915 1915 1915 1926 1926 1926 1926 1926 1926
    1926 1926 1926 1926 1926 1947 1947 1947 1959 1959 1959 1959 1959
    1959 1959 1959 1959 1959 1959 1970 4911 1981 1970 1936 1926 1915
    1915 1915 1915 1915 1915 1915 1926 1926 1926 1926 1926 1926 1926
    1926 1926 1926 1926 1947 1947 1947 1959 1959 1959 1959 1959 1959
    1959 1959 1959 1959 1959 1959 4911 1993 1970 1936 1915 1915 1915
    1915 1915 1915 1915 1915 1915 1915 1926 1926 1915 1915 1915 1926
    1926 1926 1926 1936 1936 1947 1947 1959 1959 1959 1959 1959 1959
    1959 1959 1959 1959 1959 4842 2005 1981 1936 1915 1915 1915 1915
    1915 1915 1915 1915 1915 1915 1926 1926 1915 1915 1915 1926 1926
    1926 1926 1936 1936 1947 1947 1959 1959 1959 1970 1959 1959 1959
    1959 1959 1959 1959 4842 2005 1993 1926 1915 1915 1915 1915 1915
    1915 1915 1915 1915 1915 1926 1926 1926 1926 1926 1926 1936 1926
    1926 1936 1936 1947 1947 1959 1959 1959 1959 1959 1959 1959 1959
    1959 1970 1970 4842 1993 1993 1926 1915 1915 1915 1915 1915 1915
    1915 1915 1915 1915 1926 1926 1926 1926 1926 1936 1936 1926 1926
    1936 1947 1947 1947 1959 1959 1959 1959 1959 1959 1959 1959 1959
    1970 1970 4911 1993 1926 1926 1915 1915 1915 1915 1915 1915 1915
    1915 1915 1915 1915 1926 1926 1926 1926 1926 1926 1926 1926 1936
    1936 1947 1947 1947 1959 1959 1959 1959 1959 1959 1959 1970 1970
    1970 4911 1926 1926 1926 1915 1915 1915 1915 1915 1915 1915 1915
    1915 1915 1915 1926 1926 1926 1926 1926 1926 1926 1926 1936 1936
    1947 1947 1947 1959 1959 1959 1959 1959 1959 1959 1959 1959 1959
    4983 1947 1947 1936 1926 1915 1915 1915 1915 1915 1915 1915 1915
    1926 1926 1926 1926 1926 1926 1926 1926 1926 1926 1936 1936 1947
    1947 1959 1959 1959 1959 1959 1959 1959 1959 1959 1959 1970 4983
    1959 1959 1936 1926 1915 1915 1915 1915 1915 1915 1915 1915 1926
    1926 1926 1926 1926 1926 1926 1926 1926 1926 1936 1947 1947 1947
    1959 1959 1959 1959 1959 1959 1959 1959 1959 1959 1970 1970 1981
    1959 1947 1936 1926 1915 1915 1915 1915 1915 1915 1915 1915 1915
    1915 1915 1915 1926 1926 1926 1936 1936 1936 1947 1947 1947 1959
    1959 1959 1959 1959 1959 1959 1959 1959 1959 1970 1970 1981 1970
    1959 1936 1926 1915 1915 1915 1915 1915 1915 1915 1915 1915 1915
    1915 1915 1926 1926 1926 1936 1936 1936 1947 1947 1959 1959 1959
    1959 1959 1959 1959 1959 1959 1959 1970 1981 1981 1981 1970 1959
    1936 1926 1926 1915 1915 1915 1915 1915 1915 1915 1915 1915 1915
    1926 1926 1926 1926 1926 1926 1936 1947 1947 1959 1959 1959 1959
    1959 1959 1959 1959 1959 1959 1970 1981 1981 1981 1970 1959 1936
    1926 1926 1915 1915 1915 1915 1915 1915 1915 1915 1915 1915 1926
    1926 1926 1926 1926 1926 1936 1947 1947 1959 1959 1959 1959 1959
    1959 1959 1959 1959 1959 1959 1959 4911 1959 1959 1947 1936 1926
    1915 1915 1915 1915 1915 1915 1915 1926 1926 1926 1926 1926 1926
    1926 1926 1926 1926 1936 1947 1947 1959 1959 1959 1959 1959 1959
    1959 1959 1959 1959 1959 1959 4911 1959 1959 1947 1936 1926 1915
    1915 1915 1915 1915 1915 1915 1915 1926 1926 1926 1926 1926 1926
    1926 1926 1926 1936 1947 1959 1959 1959 1959 1959 1959 1970 1959
    1959 1959 1959 1959 1959 4983 1970 1970 1959 1936 1926 1915 1915
    1915 1915 1915 1915 1915 1915 1926 1926 1926 1926 1926 1926 1926
    1926 1926 1936 1947 1947 1959 1959 1959 1959 1959 1959 1959 1959
    1970 1970 1970 1970 1970 5056 1970 1959 1936 1926 1915 1915 1915
    1915 1915 1915 1926 1926 1926 1926 1926 1926 1926 1926 1926 1926
    1926 1936 1936 1947 1947 1959 1959 1959 1959 1959 1959 1959 1970
    1970 1970 1970 1970 5056 1970 1959 1936 1926 1915 1915 1915 1915
    1915 1915 1915 1926 1926 1926 1926 1926 1926 1926 1926 1926 1926
    1936 1936 1947 1947 1959 1959 1959 1959 1959 1970 1970 1970 1970
    1970 1970 1970 5132 2005 1981 1936 1926 1915 1915 1915 1915 1915
    1915 1915 1926 1926 1926 1926 1915 1915 1915 1926 1926 1926 1936
    1936 1947 1947 1959 1959 1959 1959 1959 1970 1970 1970 1959 1959
    1959 1959 5132 1981 1981 1947 1926 1926 1915 1915 1915 1915 1915
    1915 1915 1915 1926 1915 1915 1915 1915 1926 1926 1926 1936 1936
    1947 1947 1959 1959 1959 1959 1959 1970 1970 1970 1959 1959 1959
    1959 5132 1981 1981 1947 1926 1915 1915 1915 1915 1915 1915 1915
    1915 1915 1926 1915 1915 1915 1915 1926 1926 1926 1936 1936 1947
    1947 1947 1959 1959 1959 1959 1970 1970 1970 1970 1970 1970 1970
    1970 1970 1970 1947 1926 1915 1915 1915 1915 1915 1915 1915 1915
    1926 1926 1915 1915 1915 1915 1926 1926 1926 1936 1936 1947 1947
    1947 1947 1959 1959 1959 1970 1970 1970 1970 1959 1959 1959 1970
    1970 1970 1947 1926 1915 1915 1915 1915 1915 1915 1915 1926 1926
    1926 1926 1926 1926 1926 1926 1926 1926 1936 1936 1947 1947 1947
    1947 1959 1959 1959 1970 1970 1970 1970 1959 1959 1959 5056 1970
    1970 1947 1926 1915 1915 1915 1915 1915 1926 1926 1926 1926 1926
    1926 1926 1926 1926 1936 1936 1936 1947 1947 1947 1947 1947 1947
    1947 1959 1959 1970 1970 1970 1970 1970 1970 1970 4983 1970 1970
    1947 1926 1915 1915 1915 1915 1926 1926 1926 1926 1926 1926 1926
    1926 1926 1926 1936 1936 1936 1947 1947 1947 1947 1947 1947 1947
    1947 1959 1959 1970 1970 1970 1970 1981 1981 4983 1970 1970 1959
    1936 1926 1915 1915 1915 1915 1915 1915 1926 1926 1926 1926 1926
    1926 1926 1926 1926 1926 1936 1947 1947 1947 1947 1947 1947 1947
    1959 1959 1959 1959 1970 1970 1970 1970 5056 1970 1970 1959 1936
    1926 1915 1915 1915 1915 1915 1915 1926 1926 1926 1926 1926 1926
    1926 1926 1926 1926 1936 1947 1947 1947 1947 1947 1947 1947 1959
    1959 1959 1959 1970 1970 1970 1970 5056 1959 1959 1959 1947 1936
    1926 1915 1915 1915 1915 1915 1926 1926 1926 1926 1926 1926 1926
    1926 1926 1926 1936 1947 1947 1959 1947 1947 1947 1947 1959 1959
    1959 1959 1970 1959 1959 1959 5056 1959 1959 1959 1947 1936 1915
    1915 1915 1915 1915 1915 1926 1926 1926 1926 1926 1926 1926 1926
    1926 1926 1936 1947 1947 1959 1959 1959 1959 1959 1959 1959 1959
    1959 1970 1959 1959 1959 5132 1970 1970 1970 1947 1936 1915 1915
    1915 1915 1915 1915 1926 1926 1926 1926 1926 1936 1926 1926 1936
    1936 1947 1947 1947 1959 1959 1959 1959 1959 1959 1959 1959 1959
    1959 1959 1959 1959 5132 1981 1981 1970 1959 1926 1926 1915 1915
    1915 1915 1915 1926 1926 1926 1926 1926 1926 1926 1926 1936 1936
    1947 1947 1947 1947 1947 1947 1959 1959 1959 1959 1947 1947 1959
    1959 1959 1959 5132 1981 1981 1970 1959 1926 1915 1915 1915 1915
    1915 1915 1926 1926 1926 1926 1926 1926 1926 1926 1936 1936 1947
    1936 1936 1936 1936 1947 1947 1959 1959 1959 1947 1947 1959 1959
    1959 1959 5210 5210 1993 1970 1959 1926 1915 1915 1915 1915 1926
    1926 1926 1926 1926 1926 1926 1926 1926 1926 1936 1936 1936 1936
    1936 1936 1936 1947 1947 1947 1959 1959 1959 1959 1959 1959 1959
    1959 5210 5210 1970 1959 1947 1926 1926 1926 1915 1915 1915 1915
    1915 1915 1926 1926 1926 1926 1926 1926 1936 1936 1936 1936 1936
    1936 1936 1936 1947 1947 1959 1959 1959 1959 1959 1959 1959 1959
