<?xml version="1.0"?>
<opencv_storage>
<Depth9754 type_id="opencv-matrix">
  <rows>40</rows>
  <cols>23</cols>
  <dt>w</dt>
  <data>
    1185 1185 1185 1189 1189 3208 3208 3208 3208 3208 3208 3208 3208
    3208 3208 4139 4190 4190 4139 4139 4139 4139 4139 1189 1189 3208
    3208 3208 3178 3178 3208 3208 3208 3208 3208 3208 3178 3178 4241
    4241 4190 4190 4139 4139 4139 4139 1193 3208 3208 3208 3178 3178
    3178 3208 3208 3208 3208 3208 3178 3178 3178 4295 4241 4241 4190
    4190 4139 4139 4139 1193 3208 3208 3208 3178 3178 3178 3178 3178
    3208 3208 3208 3178 3178 3178 3178 4241 4241 4190 4190 4139 4139
    4139 3178 3208 3208 3178 3178 3178 3178 3178 3178 3178 3208 3208
    3208 3178 3178 3178 4241 4241 4190 4190 4139 4139 4139 3178 3178
    3178 3178 3178 3178 3178 3178 3178 3178 3208 3208 3208 3208 3208
    3208 4241 4241 4190 4190 4190 4190 4190 3178 3178 3178 3178 3178
    3178 3178 3178 3178 3178 3208 3208 3208 3208 3208 3238 4241 4241
    4190 4190 4190 4190 4190 3149 3178 3178 3178 3178 3178 3178 3178
    3178 3178 3208 3208 3178 3178 3208 3208 4241 4241 4190 4190 4190
    4190 4190 3149 3149 3178 3178 3178 3178 3178 3178 3178 3178 3178
    3208 3178 3178 3208 3208 4241 4241 4190 4190 4190 4190 4139 3120
    3149 3149 3178 3178 3178 3178 3178 3178 3178 3178 3178 3178 3178
    3208 3208 3208 4241 4241 4190 4190 4190 4139 3120 3149 3149 3178
    3178 3178 3178 3178 3178 3178 3178 3178 3208 3208 3208 3208 3208
    3208 4295 4241 4190 4190 4139 3149 3149 3149 3178 3178 3149 3149
    3149 3149 3178 3178 3178 3178 3178 3178 3208 3208 3208 4295 4241
    4190 4190 4139 3149 3149 3149 3178 3178 3149 3149 3149 3149 3178
    3178 3178 3178 3178 3178 3208 3208 3208 4241 4241 4241 4190 4139
    3178 3149 3149 3178 3178 3178 3178 3178 3178 3178 3178 3178 3178
    3178 3178 3208 3208 3238 4190 4190 4190 4190 4139 3178 3149 3149
    3178 3178 3178 3178 3178 3178 3178 3178 3178 3178 3178 3178 3208
    3238 3238 4190 4190 4190 4190 4139 0 3149 3149 3178 3178 3178 3178
    3178 3178 3178 3178 3178 3178 3178 3178 3238 3238 3238 4190 4190
    4241 4190 4139 0 3149 3149 3149 3178 3178 3178 3178 3178 3178 3178
    3178 3178 3178 3178 3208 3238 3238 4241 4241 4241 4190 4139 0 3149
    3149 3149 3178 3178 3178 3178 3178 3178 3178 3178 3178 3178 3178
    3208 3238 3238 4295 4295 4295 4241 4190 0 0 3178 3178 3178 3178 3178
    3149 3149 3178 3178 3178 3178 3178 3178 3208 3208 3238 4349 4349
    4295 4241 4190 0 0 3178 3178 3178 3178 3178 3149 3149 3178 3178 3178
    3149 3149 3178 3178 3208 3208 4349 4349 4295 4295 4190 0 0 3208 3149
    3149 3178 3178 3178 3178 3178 3178 3149 3149 3149 3149 3178 3178
    3178 4295 4295 4241 4241 4190 0 0 3208 3149 3149 3149 3149 3149 3178
    3178 3149 3149 3149 3149 3149 3178 3149 3149 4295 4295 4241 4241
    4190 0 0 0 0 3178 3149 3149 3149 3149 3149 3149 3120 3120 3149 3149
    3178 3149 3149 4349 4241 4190 4190 4190 0 0 0 0 0 3120 3120 3120
    3149 3149 3149 3120 3120 3149 3149 3178 3149 3149 3149 4241 4190
    4190 4190 0 0 0 0 0 3120 3120 3120 3120 3120 3120 3120 3149 3149
    3149 3178 3178 3149 3149 4241 4190 4190 4190 0 0 0 0 0 3120 3120
    3120 3120 3120 3120 3120 3149 3178 3178 3178 3178 3149 3149 4241
    4190 4190 4241 0 0 0 0 0 0 3149 3149 3120 3120 3120 3120 3149 3178
    3178 3178 3178 3149 3149 3149 4190 4190 4241 0 0 0 0 0 0 0 3149 3149
    3120 3120 3120 3149 3149 3178 3178 3178 3149 3149 3149 4241 4241
    4241 0 0 0 0 0 0 0 3149 3120 3120 3092 3092 3120 3120 3149 3178 3178
    3149 3149 3120 3120 4241 4241 0 0 0 0 0 0 0 3149 3120 3120 3092 3092
    3120 3120 3149 3178 3178 3149 3149 3120 3120 4241 4241 0 0 0 0 0 0 0
    3149 3120 3092 3092 3092 3092 3120 3149 3178 3178 3149 3149 3120
    3120 4295 4241 0 0 0 0 0 0 0 3120 3120 3092 3092 3092 3092 3120 3149
    3178 3149 3149 3149 3120 3120 3149 4190 0 0 0 0 0 0 0 3120 3092 3092
    3092 3092 3092 3120 3120 3149 3149 3149 3120 3120 3149 3149 4190 0 0
    0 0 0 0 0 0 3064 3064 3092 3092 3092 3092 3120 3149 3149 3149 3120
    3120 3149 3149 4190 0 0 0 0 0 0 0 0 3064 3064 3092 3092 3092 3092
    3120 3120 3120 3120 3120 3120 3149 3178 4190 0 0 0 0 0 0 0 0 3064
    3064 3092 3092 3092 3092 3092 3120 3120 3120 3120 3120 3149 3149
    4190 0 0 0 0 0 0 0 0 3064 3064 3092 3092 3092 3092 3092 3120 3120
    3120 3120 3120 3120 3120 3149 0 0 0 0 0 0 0 0 3064 3064 3092 3092
    3092 3092 3092 3120 3120 3120 3120 3120 3120 3120 3120 0 0 0 0 0 0 0
    0 0 3092 3092 3092 3092 3092 3092 3120 3120 3120 3120 3120 3120 3120
    3120 0 0 0 0 0 0 0 0 0 0 3092 3092 3092 3092 3092 3120 3120 3120
    3120 3120 3120 3120 3120</data></Depth9754>
</opencv_storage>
