<?xml version="1.0"?>
<opencv_storage>
<Depth7369 type_id="opencv-matrix">
  <rows>31</rows>
  <cols>93</cols>
  <dt>w</dt>
  <data>
    4983 1503 1503 1489 1489 1489 1496 1496 1496 1496 1496 1496 1496
    1470 1464 1464 1470 1477 1477 4708 4708 4708 4708 1470 1470 1470
    1458 1458 1458 4842 4842 4842 4842 4842 4774 4774 4774 4774 4708
    4645 4645 4774 4708 4708 4645 4582 4582 4582 4645 4708 4645 4645
    4582 4582 4582 4582 4582 4582 4582 4582 4582 4582 4582 4645 1813
    1813 1813 1823 1823 1833 1823 1823 1804 1804 1794 1794 1794 1785
    1785 1785 3269 3238 3238 3238 3238 3238 3208 3208 3208 0 0 0 0 1509
    1496 1496 1489 1489 1489 1496 1496 1496 1489 1489 1483 1483 1470
    1464 1464 1470 1470 1477 1477 1477 1477 1477 1470 1470 1470 1458
    1458 1458 1458 1458 1458 4842 4842 4774 4774 4774 4774 4708 4645
    4645 4645 3948 1458 1458 4582 4582 4582 4582 4645 4645 4645 4582
    4582 4582 4582 4582 4582 4582 4582 4582 4582 4582 1843 1823 1823
    1833 1823 1823 1833 1833 1833 1813 1804 1804 1794 1794 1785 1785
    1785 3238 3208 3208 3208 3208 3208 3208 3208 3208 0 0 0 0 1509 1503
    1496 1489 1489 1489 1496 1489 1489 1489 1483 1477 1477 1477 1470
    1470 1470 1470 1470 1470 1477 1477 1477 1470 1464 1458 1458 1458
    1458 1458 1458 1458 1458 1445 1445 1445 1458 1458 1452 4190 4190
    4139 3948 1458 1458 3859 3859 1427 1427 1392 4645 4645 4582 4582
    4582 4582 4582 4582 4582 4582 4582 4582 1843 1843 1833 1833 1833
    1833 1833 1833 1833 1833 1813 1813 1804 1804 1804 1794 1794 1794
    3238 3208 3208 3208 3208 3208 3208 3208 3208 3208 0 0 0 1503 1503
    1496 1489 1489 1489 1489 1489 1489 1489 1483 1477 1477 1477 1470
    1470 1470 1470 1464 1464 1470 1470 1470 1464 1464 1458 1458 1458
    1458 1458 1458 1458 1458 1445 1445 1445 1458 1458 1452 1452 4139
    4139 1452 1445 1439 1427 1427 1427 1427 1392 1392 1392 1404 1410
    1410 4645 4582 4582 4582 4582 1421 0 1410 1833 1833 1833 1833 1833
    1833 1833 1833 1833 1823 1823 1813 1813 1813 1804 1804 3238 3208
    3208 3208 3208 3208 3208 3208 3208 3208 3208 0 0 0 1503 1503 1496
    1489 1489 1489 1489 1489 1483 1483 1483 1477 1477 1477 1470 1470
    1470 1470 1464 1464 1470 1470 1464 1464 1464 1458 1458 1458 1458
    1458 1458 1458 1458 1445 1445 1452 1452 1445 1445 1445 1445 1445
    1445 1439 1439 1427 1427 1427 1427 1427 1392 1392 1404 1404 1404
    1427 1433 1439 1445 1439 1421 1415 1410 1410 0 0 1410 1410 1843 1843
    1843 1833 1833 1823 1813 1813 1813 1813 1813 3238 3208 3208 3208
    3208 3208 3208 3208 3208 3178 3178 0 0 0 1503 1503 1496 1489 1489
    1489 1489 1483 1477 1477 1477 1477 1477 1477 1470 1470 1470 1470
    1470 1470 1470 1470 1464 1464 1464 1458 1458 1458 1458 1458 1458
    1458 1458 1452 1445 1445 1439 1439 1439 1433 1433 1433 1433 1439
    1433 1433 1427 1427 1427 1427 1392 1392 1404 1404 1415 1427 1433
    1439 1445 1439 1421 1415 1410 1410 1410 1410 1410 0 0 1404 1843 1843
    1843 1843 1813 1813 1523 1509 1496 1489 1464 1445 1445 3208 3208
    1452 1452 3178 3178 3178 0 0 0 1496 1496 1496 1489 1489 1489 1483
    1483 1477 1477 1477 1477 1477 1477 1477 1470 1470 1470 1470 1470
    1470 1464 1464 1464 1464 1464 1464 1458 1458 1458 1458 1458 1458
    1445 1445 1445 1439 1439 1439 1433 1433 1433 1433 1433 1433 1433
    1427 1427 1427 1421 1415 1410 1410 1410 1415 1427 1427 1427 1427
    1427 1421 1415 1410 1410 1410 1410 1410 1404 1404 1404 0 0 1489 1489
    1523 1523 1523 1509 1496 1489 1464 1445 1439 1433 1433 1433 1415
    1415 1415 0 0 0 0 0 1496 1496 1489 1489 1489 1483 1483 1477 1477
    1477 1477 1477 1477 1477 1470 1470 1470 1470 1470 1470 1464 1464
    1464 1464 1464 1458 1458 1458 1458 1458 1458 1452 1445 1445 1445
    1439 1439 1439 1433 1433 1433 1433 1433 1433 1433 1427 1427 1427
    1421 1421 1421 1421 1421 1421 1415 1415 1415 1415 1415 1415 1415
    1410 1410 1410 1404 1404 1404 1404 1404 1404 1489 1489 1489 1523
    1523 1523 1523 1503 1477 1445 1439 1433 1433 1433 1427 1415 1415
    1415 1415 1415 0 0 0 1496 1496 1489 1489 1489 1483 1483 1483 1477
    1477 1477 1477 1477 1477 1470 1470 1470 1464 1464 1470 1470 1470
    1464 1464 1458 1458 1458 1458 1458 1458 1452 1445 1445 1445 1445
    1439 1439 1439 1433 1433 1433 1433 1433 1433 1433 1427 1427 1421
    1421 1421 1421 1421 1421 1415 1415 1415 1415 1415 1410 1410 1410
    1410 1410 1404 1404 1404 1404 1404 1404 1404 1489 1489 1489 1489
    1516 1516 1516 1503 1464 1439 1433 1433 1433 1433 1427 1427 1415
    1415 1415 1415 0 0 0 1496 1496 1489 1489 1489 1489 1483 1483 1483
    1477 1477 1477 1477 1477 1470 1470 1464 1464 1464 1470 1470 1470
    1464 1464 1458 1458 1458 1458 1458 1458 1452 1445 1445 1445 1445
    1439 1439 1439 1433 1433 1433 1433 1433 1433 1433 1427 1427 1421
    1421 1421 1421 1421 1421 1410 1410 1410 1415 1410 1410 1410 1410
    1410 1410 1404 1404 1404 1404 1398 1398 1398 1477 1477 1477 1477
    1477 1489 1503 1483 1458 1439 1433 1427 1427 1427 1427 1427 1421
    1421 1421 1421 0 0 0 1496 1496 1496 1489 1489 1489 1483 1483 1483
    1477 1477 1477 1477 1477 1470 1470 1464 1464 1470 1470 1470 1464
    1464 1464 1458 1458 1458 1458 1452 1452 1452 1452 1452 1445 1445
    1439 1439 1439 1439 1439 1439 1439 1433 1433 1433 1427 1427 1421
    1421 1427 1421 1421 1415 1410 1410 1410 1410 1410 1410 1410 1410
    1410 1410 1404 1404 1404 1398 1398 1398 1398 1477 1477 1477 1477
    1477 1464 1464 1458 1445 1433 1433 1427 1427 1427 1427 1427 1427
    1421 1421 1421 0 0 0 1496 1496 1496 1496 1489 1489 1483 1477 1477
    1483 1477 1477 1477 1477 1470 1470 1470 1470 1470 1470 1470 1464
    1464 1464 1458 1458 1458 1458 1452 1452 1452 1452 1452 1445 1445
    1445 1439 1439 1439 1439 1433 1433 1433 1433 1433 1427 1427 1421
    1421 1421 1421 1415 1415 1415 1410 1410 1410 1410 1410 1410 1410
    1410 1410 1404 1398 1398 1398 1398 1398 0 1470 1470 1470 1470 1470
    1464 1464 1458 1445 1433 1433 1427 1427 1427 1427 1427 1415 1415
    1415 1421 0 0 1496 1496 1496 1496 1496 1496 1489 1483 1477 1477 1483
    1483 1477 1477 1477 1477 1470 1470 1470 1470 1470 1470 1464 1464
    1464 1464 1458 1458 1458 1452 1452 1452 1452 1452 1445 1445 1445
    1445 1439 1439 1439 1433 1433 1433 1433 1433 1427 1427 1427 1427
    1421 1421 1415 1410 1410 1410 1410 1415 1410 1410 1410 1410 1410
    1410 1404 1398 1398 1398 1398 1398 1398 1470 1470 1470 1470 1470
    1470 1470 1458 1452 1439 1433 1427 1427 1427 1427 1427 1415 1415
    1415 1415 1427 1433 1509 1496 1496 1496 1496 1496 1489 1483 1477
    1477 1483 1483 1477 1477 1477 1477 1470 1470 1470 1470 1470 1470
    1470 1464 1464 1464 1458 1458 1458 1452 1452 1452 1452 1445 1445
    1445 1445 1445 1445 1439 1439 1433 1433 1433 1433 1433 1427 1427
    1427 1427 1415 1415 1410 1410 1410 1410 1410 1415 1410 1410 1410
    1410 1410 1410 1404 1404 1404 1398 1398 1398 1404 1404 1404 1536
    1536 1529 1516 1470 1464 1452 1439 1433 1427 1427 1427 1427 1427
    1415 1415 1415 1415 1427 1433 1509 1503 1496 1496 1496 1496 1489
    1483 1483 1483 1483 1477 1477 1477 1477 1470 1470 1470 1470 1470
    1470 1470 1470 1464 1464 1464 1458 1458 1458 1458 1452 1452 1452
    1445 1445 1445 1445 1445 1445 1439 1439 1433 1433 1433 1433 1433
    1427 1427 1427 1427 1415 1415 1410 1410 1410 1410 1410 1415 1410
    1410 1410 1410 1410 1410 1404 1404 1404 1398 1398 1398 1398 1398 0
    1536 1536 1529 1509 1489 1477 1458 1439 1433 1427 1427 1427 1427
    1427 1427 1415 1415 1421 1433 1433 1503 1503 1496 1496 1496 1496
    1489 1489 1483 1483 1483 1477 1477 1477 1477 1470 1470 1470 1470
    1470 1470 1470 1470 1464 1464 1464 1464 1458 1458 1458 1452 1452
    1452 1452 1445 1445 1433 1433 1445 1439 1439 1433 1433 1433 1433
    1427 1427 1427 1421 1421 1415 1415 1410 1410 1410 1410 1410 1415
    1410 1410 1410 1410 1410 1410 1404 1404 1404 1398 1398 1398 1398
    1398 0 1516 1523 1523 1509 1489 1477 1458 1439 1433 1433 1433 1433
    1433 1427 1427 1427 1421 1421 1433 1433 1503 1503 1496 1496 1496
    1496 1489 1489 1483 1483 1483 1477 1477 1477 1477 1470 1470 1470
