<?xml version="1.0"?>
<opencv_storage>
<Depth3827 type_id="opencv-matrix">
  <rows>66</rows>
  <cols>60</cols>
  <dt>w</dt>
  <data>
    1722 1713 1713 1713 1713 1713 1713 1705 1705 0 0 0 0 0 0 0 0 5374
    5374 5374 5291 5291 5374 5374 1655 1655 1680 1696 1705 1705 1722
    1748 1766 1766 1766 5460 5460 5374 5374 5374 5374 5374 5374 5374
    5374 5291 5291 5210 5210 5210 5210 5210 5210 5210 5132 5132 5210
    5210 5132 5132 1722 1713 1713 1713 1713 1713 1713 1713 1713 0 0 0 0
    0 0 0 0 5460 5374 5374 5210 5210 5374 5374 1655 1655 1680 1688 1696
    1705 1713 1739 1757 1766 1766 1766 5460 5374 5374 5374 5374 5374
    5291 5291 5291 5291 5291 5210 5210 5210 5210 5210 5210 5210 5132
    5132 5210 5210 5210 5132 1722 1722 1713 1713 1713 1713 1713 1722
    1722 0 0 0 0 0 0 0 0 0 0 5210 5210 5210 5210 1680 1680 1680 1688
    1688 1696 1705 1713 1722 1739 1757 1766 1766 1766 5374 5374 5374
    5374 5374 5291 5291 5291 5291 5291 5291 5210 5210 5210 5210 5210
    5210 5210 5210 5210 5210 5210 5132 1722 1722 1722 1722 1722 1722
    1722 1731 1731 0 0 0 0 0 0 0 0 0 0 1713 1705 1696 1696 1696 1688
    1688 1688 1688 1696 1696 1705 1713 1739 1748 1766 1766 1766 1766
    5460 5374 5374 5374 5291 5291 5291 5291 5291 5291 5291 5210 5210
    5210 5210 5210 5210 5210 5210 5210 5210 5210 1731 1731 1731 1731
    1731 1731 1731 1739 1739 0 0 0 0 0 0 0 0 0 0 1713 1705 1705 1696
    1696 1688 1688 1688 1688 1696 1696 1705 1705 1731 1748 1766 1766
    1766 1766 5374 5374 5374 5374 5374 5374 5374 5374 5291 5291 5291
    5291 5210 5210 5210 5210 5210 5132 5132 5132 5210 5210 1731 1731
    1731 1731 1739 1748 1748 1748 1757 0 0 0 0 0 0 0 0 1713 1713 1713
    1713 1705 1705 1705 1696 1696 1696 1696 1696 1696 1696 1705 1722
    1748 1757 1757 1757 1757 5374 5374 5374 5460 5374 5374 5374 5291
    5291 5291 5291 5291 5210 5210 5210 5210 5210 5132 5132 5132 5132
    5132 1731 1731 1731 1731 1757 1766 1757 1757 1757 0 0 0 0 0 0 1722
    1722 1713 1713 1713 1713 1705 1705 1696 1696 1696 1696 1696 1696
    1696 1696 1696 1705 1731 1748 1757 1748 1748 1748 5460 5460 5460
    5460 5460 5374 5291 5291 5291 5291 5291 5291 5210 5210 5210 5210
    5132 5132 5132 5132 5132 4645 4645 4645 4708 4842 1776 1731 1731
    1731 0 0 0 0 0 1731 1722 1722 1722 1713 1713 1713 1713 1713 1696
    1696 1696 1696 1696 1696 1696 1696 1696 1705 1722 1739 1748 1748
    1748 1748 5548 5548 5460 5460 5460 5374 5291 5291 5291 5291 5291
    5291 5291 5210 5210 5210 5132 5132 5132 5132 5132 4645 4645 4645
    4645 4842 4842 1731 1731 1731 0 0 0 0 1748 1731 1731 1722 1722 1713
    1713 1713 1713 1705 1696 1696 1696 1696 1696 1696 1696 1696 1696
    1696 1713 1722 1739 1748 1748 1748 1748 5548 5374 5374 5460 5374
    5291 5291 5291 5291 5291 5291 5291 5210 5210 5210 5210 5132 5132
    5132 5132 4645 4645 4645 4645 4842 4842 1739 1731 1731 0 1731 1731
    1731 1731 1722 1722 1722 1722 1722 1722 1713 1713 1705 1696 1696
    1696 1696 1696 1696 1696 1696 1696 1696 1705 1713 1731 1739 1748
    1748 1748 5291 5291 5291 5374 5374 5374 5291 5291 5291 5291 5291
    5291 5210 5210 5210 5210 5210 5132 5132 5132 4645 4645 4645 4645
    4645 4911 4842 4842 4842 1731 1722 1722 1713 1713 1722 1722 1722
    1722 1722 1722 1722 1713 1705 1696 1696 1696 1696 1696 1696 1696
    1696 1696 1696 1696 1705 1713 1739 1748 1748 1748 5291 5291 5291
    5374 5374 5374 5374 5291 5291 5291 5291 5291 5210 5210 5210 5210
    5210 5210 5210 5210 4645 4645 4645 4645 4645 4582 1731 1731 1731
    1731 1713 1713 1713 1713 1713 1713 1713 1713 1722 1713 1705 1705
    1696 1696 1696 1696 1696 1696 1688 1688 1688 1696 1696 1696 1696
    1705 1722 1739 1748 1748 1748 5374 5374 5374 5460 5374 5374 5291
    5291 5291 5291 5291 5210 5210 5210 5210 5210 5210 5210 5210 4645
    4645 4645 4582 4582 4582 1731 1731 1722 1722 1713 1713 1713 1713
    1713 1713 1713 1713 1705 1705 1696 1696 1696 1696 1696 1696 1696
    1696 1688 1688 1688 1688 1688 1688 1696 1705 1713 1731 1739 1748
    1757 1757 5460 5460 5460 5460 5374 5374 5291 5291 5291 5291 5210
    5210 5210 5210 5210 5210 5210 5210 4582 4582 4582 4522 4522 4522
    1731 1731 1731 1722 1713 1713 1713 1713 1713 1713 1713 1713 1705
    1705 1696 1696 1696 1696 1696 1696 1696 1696 1696 1696 1688 1688
    1688 1688 1688 1696 1696 1722 1731 1748 1757 1757 5460 5460 5460
    5460 5374 5374 5291 5291 5374 5291 5210 5210 5210 5210 5210 5210
    5210 5210 4582 4582 4582 4522 1731 1731 1731 1722 1722 1713 1713
    1713 1713 1713 1713 1713 1713 1713 1705 1705 1696 1696 1696 1696
    1696 1696 1696 1696 1696 1696 1688 1688 1688 1688 1688 1688 1696
    1705 1713 1722 1731 1757 1757 5460 5460 5460 5374 5374 5374 5374
    5374 5374 5291 5210 5210 5210 5210 5210 5210 5210 4582 4582 4582
    1731 1731 1722 1722 1722 1722 1713 1713 1713 1722 1722 1722 1713
    1713 1713 1713 1705 1705 1696 1696 1696 1696 1696 1696 1696 1688
    1688 1688 1688 1688 1688 1688 1688 1688 1696 1705 1722 1731 1748
    1757 1757 5460 5374 5374 5374 5374 5374 5374 5374 5291 5210 5210
    5210 5210 5210 5210 5132 4582 4582 1731 1731 1731 1722 1722 1722
    1722 1713 1713 1722 1722 1731 1722 1722 1713 1713 1713 1705 1705
    1705 1705 1705 1705 1696 1696 1696 1688 1688 1688 1688 1688 1688
    1688 1688 1688 1696 1696 1713 1722 1739 1757 1757 5460 5374 5374
    5374 5374 5374 5374 5291 5291 5291 5210 5210 5210 5210 5210 5132
    1731 1731 1731 1731 1731 1722 1722 1722 1722 1722 1713 1713 1722
    1731 1722 1713 1713 1705 1705 1705 1705 1705 1705 1713 1705 1696
    1696 1696 1688 1688 1696 1696 1696 1688 1688 1688 1688 1688 1696
    1705 1713 1739 1757 1757 1757 5460 5460 5374 5291 5291 5291 5291
    5291 5291 5210 5210 5210 5210 5210 5132 1731 1731 1731 1731 1731
    1722 1722 1722 1722 1722 1713 1713 1713 1713 1713 1713 1713 1705
    1705 1705 1705 1705 1705 1705 1705 1696 1696 1696 1688 1688 1688
    1696 1688 1688 1688 1680 1680 1688 1688 1696 1713 1731 1748 1748
    1748 5548 5460 5374 5291 5291 5291 5291 5374 5291 5291 5210 5210
    5210 5210 5132 1731 1731 1731 1731 1731 1731 1722 1722 1722 1722
    1713 1713 1713 1713 1713 1713 1713 1713 1713 1713 1705 1705 1696
    1696 1696 1696 1696 1696 1696 1688 1688 1696 1688 1688 1688 1680
    1680 1680 1680 1688 1713 1722 1739 1739 1731 1731 1731 5374 5291
    5291 5374 5374 5374 5291 5291 5210 5210 5210 5210 5210 1731 1731
    1731 1731 1731 1731 1722 1722 1722 1722 1722 1713 1713 1713 1713
    1713 1713 1713 1713 1713 1705 1705 1696 1696 1696 1696 1696 1696
    1696 1688 1688 1688 1688 1688 1688 1680 1680 1680 1680 1680 1705
    1713 1722 1731 1731 1731 1731 5374 5374 5374 5374 5374 5374 5291
    5291 5210 5210 5210 5210 5210 1731 1731 1731 1731 1731 1722 1722
    1722 1722 1722 1722 1722 1713 1713 1713 1722 1722 1722 1713 1713
    1713 1696 1696 1696 1696 1696 1696 1696 1696 1688 1688 1688 1688
    1688 1688 1680 1680 1680 1680 1680 1696 1705 1722 1731 1731 1731
    1731 5460 5460 5460 5374 5374 5374 5374 5374 5291 5210 5210 5210
    5210 1731 1731 1731 1731 1722 1722 1722 1722 1722 1722 1722 1722
    1722 1713 1713 1722 1722 1722 1722 1722 1705 1696 1696 1696 1696
    1696 1696 1696 1696 1696 1696 1688 1688 1688 1688 1680 1680 1680
    1680 1680 1688 1696 1705 1722 1731 1731 1748 1748 5460 5374 5374
    5374 5374 5374 5374 5374 5291 5210 5210 5210 1739 1739 1739 1731
    1722 1722 1722 1731 1731 1731 1722 1722 1722 1713 1713 1722 1722
    1722 1722 1722 1705 1705 1705 1705 1705 1705 1705 1696 1696 1696
    1696 1688 1688 1688 1688 1688 1688 1680 1680 1680 1688 1696 1705
    1713 1722 1731 1748 1748 5374 5374 5374 5374 5374 5374 5374 5374
    5291 5210 5210 5210 4349 1748 1748 1739 1731 1731 1731 1731 1731
    1731 1731 1722 1722 1722 1722 1713 1713 1722 1722 1713 1713 1705
    1705 1705 1705 1705 1696 1696 1696 1696 1696 1688 1688 1688 1688
    1688 1688 1688 1688 1688 1688 1696 1696 1696 1713 1722 1731 1748
    1748 5374 5374 5374 5374 5374 5374 5374 5291 5210 5210 5210 4349
    1748 1748 1739 1731 1731 1731 1731 1731 1731 1731 1731 1722 1713
