<?xml version="1.0"?>
<opencv_storage>
<Depth14564 type_id="opencv-matrix">
  <rows>43</rows>
  <cols>39</cols>
  <dt>w</dt>
  <data>
    4774 4708 4708 4645 4582 4582 4582 4582 4582 4522 4522 4522 4522
    4463 4349 2349 2349 2349 2333 2333 2349 2349 2349 2349 4241 4241
    4190 4190 4190 4190 4139 4139 4139 4139 4139 4139 4139 4089 4089
    4774 4708 4708 4645 4582 4582 4582 4582 4582 4522 4522 4522 4522
    2349 2349 2349 2349 2349 2349 2349 2349 2349 2349 2349 4241 4190
    4190 4190 4190 4190 4139 4139 4139 4139 4139 4139 4139 4089 4089
    4774 4708 4708 4645 4645 4645 4582 4582 4522 4522 4522 2349 2349
    2349 2349 2349 2333 2333 2349 2349 2349 2349 2349 2333 2333 4190
    4190 4190 4190 4190 4139 4139 4139 4139 4139 4139 4139 4139 4139
    4774 4708 4708 4645 4645 4582 4582 4582 4522 2381 2365 2349 2349
    2349 2349 2349 2333 2333 2349 2349 2349 2349 2349 2333 2333 2333
    4190 4190 4190 4190 4190 4190 4190 4190 4190 4190 4139 4139 4139
    4774 4708 4708 4645 4645 4582 4582 4582 2381 2381 2365 2349 2349
    2349 2349 2349 2333 2333 2349 2349 2349 2349 2349 2349 2333 2333
    4190 4190 4190 4190 4190 4190 4190 4190 4190 4190 4190 4139 4139
    4774 4774 4774 4708 4708 4645 4582 4582 2381 2381 2365 2349 2349
    2349 2333 2333 2333 2333 2333 2333 2333 2349 2349 2349 2333 2333
    2333 4190 4190 4190 4241 4190 4190 4190 4190 4190 4190 4139 4139
    4774 4774 4774 4774 4708 4645 4582 4582 2381 2381 2365 2349 2349
    2333 2333 2333 2333 2333 2333 2333 2333 2349 2333 2333 2333 2333
    2333 2333 4241 4190 4190 4190 4139 4139 4139 4139 4139 4139 4139
    4774 4774 4774 4774 4708 4645 2450 2432 2398 2398 2398 2365 2349
    2333 2333 2333 2333 2333 2333 2333 2333 2333 2333 2333 2333 2333
    2317 2317 2317 4190 4190 4190 4139 4139 4139 4139 4139 4139 4139
    4774 4774 4774 4774 4708 4708 2432 2415 2398 2398 2398 2381 2349
    2333 2333 2333 2333 2333 2333 2333 2333 2333 2333 2333 2333 2333
    2317 2317 2317 4190 4190 4190 4139 4089 4089 4089 4089 4139 4139
    4774 4708 4708 2522 2467 2450 2432 2415 2398 2398 2398 2398 2365
    2349 2333 2333 2333 2333 2333 2333 2333 2333 2333 2333 2333 2333
    2317 2317 2317 2317 4139 4139 4139 4089 4089 4089 4089 4139 4139
    4774 4708 4708 2503 2467 2450 2432 2415 2398 2398 2415 2398 2381
    2349 2333 2333 2333 2333 2333 2333 2333 2333 2333 2333 2333 2333
    2333 2317 2317 2317 2333 4139 4139 4089 4089 4089 4089 4139 4139
    2560 2541 2503 2485 2485 2467 2450 2432 2415 2415 2415 2398 2398
    2365 2349 2333 2333 2333 2333 2333 2333 2333 2333 2333 2333 2333
    2333 2333 2333 2333 2333 2333 4041 4041 4089 4089 4089 4139 4139
    2560 2541 2503 2467 2467 2467 2450 2432 2415 2415 2415 2398 2398
    2381 2349 2349 2333 2333 2333 2333 2333 2317 2317 2333 2333 2317
    2317 2333 2333 2333 2333 2333 3994 3994 4089 4089 4089 4139 4139
    2560 2541 2522 2467 2467 2467 2450 2450 2415 2415 2415 2415 2398
    2398 2398 2365 2349 2349 2333 2333 2317 2317 2317 2333 2317 2317
    2317 2333 2333 2333 2317 2301 2286 2286 4089 4139 4139 4139 4139
    2579 2560 2541 2522 2522 2503 2467 2450 2432 2432 2415 2415 2415
    2398 2398 2381 2349 2349 2333 2333 2317 2317 2317 2333 2317 2317
    2317 2317 2317 2317 2301 2286 2286 2286 4139 4139 4139 4139 4139
    2598 2560 2541 2541 2522 2503 2503 2467 2450 2450 2432 2432 2415
    2398 2398 2381 2365 2349 2349 2333 2333 2333 2333 2333 2317 2317
    2317 2317 2317 2317 2301 2286 2286 2286 2301 2317 4139 4139 4139
    2598 2579 2541 2522 2522 2522 2503 2467 2467 2467 2450 2450 2432
    2415 2398 2398 2381 2349 2349 2349 2333 2333 2333 2333 2317 2317
    2317 2317 2317 2301 2286 2286 2286 2301 2301 2317 4190 4139 4139
    4911 4911 2541 2522 2522 2522 2503 2467 2467 2467 2467 2450 2432
    2432 2415 2415 2398 2365 2349 2349 2333 2333 2333 2317 2317 2317
    2317 2301 2301 2301 2286 2286 2301 2301 2301 2317 4190 4139 4139
    4842 4842 4842 2541 2541 2541 2503 2485 2467 2467 2467 2467 2432
    2432 2432 2415 2398 2381 2349 2349 2349 2333 2333 2317 2301 2301
    2301 2301 2301 2286 2286 2286 2286 2286 2286 2286 2301 2301 3994
    4842 4842 4842 2560 2560 2541 2522 2485 2485 2485 2485 2467 2432
    2432 2432 2415 2398 2381 2349 2349 2349 2333 2333 2317 2301 2301
    2286 2286 2301 2286 2286 2286 2286 2286 2286 2286 2271 2271 3994
    4911 4911 4911 4983 4983 2541 2522 2485 2485 2503 2485 2467 2450
    2450 2450 2415 2398 2381 2381 2365 2349 2349 2333 2317 2317 2301
    2286 2286 2286 2286 2286 2286 2286 2286 2286 2286 2271 2271 2286
    4911 4911 4911 4911 4911 2541 2522 2503 2503 2503 2485 2467 2450
    2450 2450 2415 2398 2381 2381 2365 2365 2349 2333 2317 2317 2301
    2286 2286 2286 2286 2286 2286 2286 2286 2286 2286 2286 2286 2286
    4983 4911 4911 4911 4911 4911 2522 2503 2503 2503 2485 2485 2467
    2467 2450 2432 2415 2398 2398 2381 2365 2349 2333 2333 2317 2301
    2286 2286 2286 2286 2286 2301 2286 2286 2286 2286 2286 2286 2286
    5056 4911 4911 4911 4911 4911 2522 2503 2503 2503 2485 2485 2467
    2467 2467 2432 2415 2398 2398 2398 2365 2349 2349 2333 2317 2301
    2286 2286 2286 2286 2286 2286 2286 2286 2286 2286 2286 2286 2286
    5056 4983 4983 4983 4911 4842 4774 2522 2522 2503 2485 2485 2485
    2467 2467 2432 2432 2415 2398 2398 2365 2349 2349 2333 2333 2317
    2301 2286 2286 2286 2286 2286 2286 2286 2286 2286 2286 2286 2286
    5056 4983 4983 4983 4911 4842 4774 4774 2522 2522 2503 2503 2503
    2485 2467 2450 2432 2415 2398 2398 2381 2365 2349 2333 2333 2333
    2317 2301 2301 2286 2286 2286 2286 2286 2286 2286 2286 2286 2286
    5056 4983 4983 4983 4911 4842 4774 4774 4774 4774 2522 2522 2522
    2485 2467 2467 2432 2415 2415 2415 2398 2381 2365 2349 2333 2333
    2317 2317 2301 2301 2286 2286 2286 2286 2286 2286 2286 2286 2286
    5056 4983 4983 4983 4911 4842 4842 4774 4708 4708 2541 2541 2541
    2503 2485 2467 2450 2432 2415 2415 2398 2398 2381 2349 2349 2333
    2333 2333 2317 2317 2286 2286 2286 2286 2286 2286 2286 2286 2286
    5056 5056 4983 4983 4911 4842 4842 4842 4708 4708 4708 2522 2522
    2503 2485 2485 2450 2450 2432 2415 2398 2398 2381 2349 2349 2349
    2333 2333 2317 2317 2301 2286 2286 2286 2271 2271 2286 2271 2271
    5056 5056 4983 4983 4911 4911 4842 4842 4842 4842 4842 2522 2522
    2503 2503 2485 2467 2450 2450 2415 2415 2415 2398 2381 2365 2349
    2333 2333 2333 2333 2317 2301 2286 2286 2271 2271 2286 2271 2271
    5132 5056 4983 4983 4911 4911 4842 4842 4842 4842 4842 4842 2467
    2467 2485 2485 2467 2467 2467 2450 2415 2415 2398 2381 2365 2349
    2349 2333 2333 2333 2317 2301 2286 2286 2271 2271 2286 2271 2271
    5132 5056 5056 5056 4911 4911 4911 4842 4842 4842 4842 4842 2467
    2467 2485 2485 2485 2485 2467 2450 2415 2415 2398 2398 2381 2365
    2349 2333 2333 2333 2317 2317 2301 2286 2271 2271 2271 2271 2271
    5132 5056 5056 5056 4983 4911 4911 4842 4842 4842 4842 4842 2467
    2467 2503 2503 2503 2485 2467 2450 2432 2432 2415 2415 2398 2381
    2349 2349 2349 2333 2333 2317 2301 2286 2271 2271 2271 2271 2271
    5132 5056 5056 5056 4983 4983 4911 4842 4842 4842 4842 4842 4842
    4708 4708 2503 2503 2485 2467 2450 2450 2450 2450 2432 2415 2381
    2349 2349 2349 2333 2333 2317 2301 2301 2286 2286 2271 2271 2271
    5132 5056 5056 5056 4983 4983 4911 4842 4842 4842 4842 4842 4842
    4708 4708 4708 2522 2485 2467 2467 2450 2450 2450 2432 2415 2398
    2381 2365 2365 2349 2333 2317 2301 2301 2286 2286 2271 2271 2271
    5056 5056 5056 5056 5056 4983 4911 4911 4911 4911 4842 4842 4842
    4774 4708 4708 4708 4708 2485 2467 2467 2467 2467 2450 2415 2398
    2381 2365 2365 2349 2333 2333 2317 2317 2301 2286 2271 2271 2271
    4983 5056 5056 5056 5056 4983 4983 4983 4911 4911 4911 4842 4842
    4842 4774 4708 4708 4708 2485 2485 2485 2467 2467 2450 2415 2398
    2398 2381 2365 2365 2349 2333 2317 2317 2286 2286 2286 2286 2286
    4983 5056 5056 5056 5056 5056 4983 4983 4983 4911 4911 4842 4842
    4842 4774 4774 4708 4708 4708 2485 2485 2485 2467 2450 2415 2415
    2398 2381 2365 2365 2365 2349 2333 2317 2286 2286 2286 2286 2301
