<?xml version="1.0"?>
<opencv_storage>
<Depth17808 type_id="opencv-matrix">
  <rows>50</rows>
  <cols>41</cols>
  <dt>w</dt>
  <data>
    4405 4405 4405 4463 4463 4463 4463 4463 4463 4463 4463 4463 4463
    4463 4463 4463 4405 4405 4405 4405 4405 4349 4295 4295 4241 4241
    4241 4241 2065 2065 2065 2065 4089 4089 4089 4089 4089 4041 4041
    4041 3994 4405 4405 4405 4405 4463 4463 4463 4463 4463 4463 4463
    4463 4463 4463 4463 4405 4405 4405 4405 4405 4405 4405 4349 2040
    2040 2028 2028 2028 2040 2053 2053 2065 4089 4089 4089 4089 4089
    4041 4041 4041 3994 4405 4405 4405 4405 4463 4463 4463 4463 4463
    4463 4463 4463 4463 4463 4463 4405 4349 4295 4295 4405 4405 2028
    2028 2028 2028 2028 2016 2016 2028 2040 2053 2065 2065 4139 4139
    4089 4089 4041 4041 4041 3994 4405 4405 4405 4405 4463 4463 4463
    4463 4463 4463 4463 4463 4463 4463 2116 2078 2065 2065 2065 2053
    2040 2028 2028 2028 2016 2016 2016 2016 2028 2028 2040 2053 2065
    4139 4139 4089 4089 4041 4041 4041 3994 4405 4405 4405 4405 4405
    4463 4463 4463 4405 4405 4405 4405 2129 2129 2103 2078 2065 2065
    2053 2053 2040 2028 2028 2028 2016 2016 2016 2016 2016 2028 2040
    2053 2065 2065 4139 4089 4089 4041 4041 3994 3994 4405 2184 2184
    4405 4405 2129 2129 2143 2129 2116 2116 2116 2116 2116 2090 2078
    2065 2065 2053 2040 2040 2028 2028 2028 2016 2016 2016 2016 2016
    2028 2040 2053 2065 2065 4190 4139 4139 4089 4041 3994 3994 2170
    2170 2170 2143 2129 2129 2129 2129 2116 2103 2103 2090 2078 2078
    2078 2065 2065 2065 2053 2040 2040 2028 2028 2028 2016 2016 2016
    2016 2028 2040 2040 2053 2053 2053 2053 4139 4139 4089 4041 4041
    4041 2170 2170 2156 2143 2129 2129 2129 2116 2103 2103 2103 2090
    2078 2078 2078 2065 2065 2053 2053 2040 2040 2028 2028 2028 2016
    2016 2016 2016 2028 2028 2040 2053 2053 2053 2053 4139 4139 4139
    4041 4041 4041 2184 2170 2156 2143 2129 2129 2129 2116 2103 2103
    2103 2090 2078 2078 2078 2065 2065 2053 2053 2040 2040 2028 2028
    2028 2028 2028 2016 2016 2028 2028 2028 2040 2053 2065 2065 4041
    4041 4139 4089 4041 4041 2170 2170 2156 2143 2129 2129 2129 2116
    2116 2116 2103 2090 2078 2078 2078 2065 2065 2053 2053 2040 2040
    2028 2028 2028 2028 2028 2016 2016 2016 2016 2016 2028 2040 2065
    2065 4041 4041 4089 4089 4041 4041 2170 2170 2156 2156 2143 2129
    2129 2129 2116 2116 2103 2090 2078 2078 2078 2065 2065 2053 2053
    2053 2040 2040 2040 2028 2028 2028 2016 2016 2016 2016 2016 2028
    2040 2053 2053 4089 4089 4089 4089 4041 4041 4295 2170 2170 2156
    2143 2129 2129 2129 2116 2116 2103 2090 2090 2078 2078 2065 2065
    2065 2065 2065 2053 2053 2040 2040 2028 2028 2028 2016 2016 2016
    2016 2028 2040 2053 2053 4139 4089 4089 4041 4041 4041 4295 2170
    2170 2156 2143 2129 2129 2129 2116 2116 2103 2103 2090 2078 2078
    2078 2078 2065 2065 2065 2053 2053 2053 2040 2040 2028 2028 2028
    2016 2016 2028 2028 2053 2053 2053 4139 4089 4089 4041 4041 4041
    4295 2184 2170 2156 2143 2129 2129 2129 2116 2116 2116 2103 2090
    2078 2078 2078 2078 2078 2078 2065 2065 2065 2053 2053 2040 2028
    2028 2028 2016 2016 2028 2028 2053 2053 2065 4190 4089 4089 4089
    4041 4041 4295 2184 2170 2170 2143 2129 2129 2129 2116 2116 2116
    2116 2090 2090 2090 2078 2078 2078 2078 2065 2065 2065 2065 2053
    2053 2040 2028 2028 2028 2028 2028 2028 2053 2053 2065 2065 4089
    4089 4089 4089 4041 4295 2184 2170 2170 2156 2143 2129 2129 2129
    2116 2116 2116 2103 2103 2090 2090 2090 2078 2078 2065 2065 2065
    2065 2065 2053 2040 2028 2028 2028 2028 2028 2028 2040 2053 2065
    2065 2065 4139 4089 4089 4041 4349 2184 2170 2170 2156 2143 2129
    2129 2129 2116 2116 2116 2103 2103 2090 2090 2090 2078 2078 2065
    2065 2065 2065 2065 2053 2040 2028 2028 2028 2028 2028 2040 2040
    2053 2065 2065 2065 4190 4139 4089 4089 4405 2184 2170 2170 2170
    2143 2143 2129 2129 2116 2116 2116 2116 2103 2103 2090 2090 2078
    2078 2078 2065 2065 2053 2053 2053 2040 2040 2028 2028 2028 2028
    2040 2040 2053 2065 2065 2065 4241 4190 4139 4089 4463 4463 2184
    2170 2170 2143 2143 2129 2129 2129 2116 2116 2116 2103 2103 2103
    2090 2090 2078 2065 2065 2065 2053 2053 2053 2053 2040 2028 2028
    2028 2028 2040 2040 2053 2065 2065 2078 4241 4190 4190 4139 4463
    4463 2170 2170 2170 2143 2143 2129 2129 2129 2129 2116 2116 2103
    2103 2103 2090 2078 2078 2065 2065 2065 2053 2053 2053 2053 2053
    2040 2028 2028 2028 2028 2028 2053 2065 2065 2078 4241 4190 4190
    4139 4463 4463 2170 2170 2170 2156 2143 2143 2129 2129 2129 2116
    2116 2116 2103 2103 2090 2078 2078 2065 2065 2065 2053 2053 2053
    2053 2053 2040 2040 2028 2028 2028 2028 2053 2065 2078 2090 4241
    4190 4139 4139 4405 4405 2170 2170 2170 2156 2143 2143 2129 2129
    2129 2116 2116 2116 2103 2103 2090 2078 2078 2065 2065 2065 2065
    2053 2053 2053 2053 2053 2040 2028 2028 2028 2028 2053 2065 2078
    2090 2090 4190 4139 4139 4405 4405 4405 2170 2170 2156 2143 2143
    2129 2129 2129 2116 2116 2116 2103 2103 2090 2078 2078 2065 2065
    2065 2065 2065 2065 2053 2053 2053 2040 2028 2028 2028 2040 2053
    2065 2078 2078 2078 4190 4190 4139 4405 4405 4405 2170 2170 2170
    2156 2143 2129 2129 2129 2116 2116 2116 2116 2103 2103 2078 2078
    2078 2078 2078 2078 2065 2065 2053 2053 2053 2040 2028 2028 2040
    2040 2053 2065 2065 2078 2078 4190 4190 4139 4405 4405 4405 4405
    2170 2170 2156 2143 2129 2129 2129 2116 2116 2116 2116 2103 2103
    2090 2078 2078 2078 2078 2078 2065 2065 2065 2053 2053 2053 2040
    2028 2028 2040 2053 2065 2065 2078 2078 4190 4190 4139 4405 4405
    4405 4405 2184 2170 2170 2156 2156 2143 2129 2129 2129 2116 2116
    2116 2103 2103 2090 2078 2078 2078 2078 2078 2065 2065 2065 2065
    2053 2040 2028 2028 2028 2053 2065 2065 2078 2078 4139 4139 4139
    4405 4405 4405 4405 2198 2184 2170 2156 2156 2143 2143 2143 2129
    2116 2116 2116 2116 2116 2103 2090 2090 2090 2078 2078 2065 2065
    2065 2053 2053 2040 2028 2028 2028 2040 2065 2065 2078 2078 4139
    4139 4089 4405 4349 4349 4349 2198 2184 2170 2170 2156 2156 2143
    2143 2129 2116 2116 2116 2116 2116 2103 2090 2090 2090 2078 2078
    2078 2065 2065 2053 2053 2040 2028 2028 2028 2040 2053 2065 2078
    2078 2078 4139 4089 4349 4349 4349 4349 2184 2184 2170 2170 2156
    2156 2143 2143 2143 2129 2116 2116 2116 2116 2103 2090 2090 2090
    2078 2078 2078 2065 2065 2053 2053 2053 2040 2028 2028 2040 2053
    2065 2078 2078 2078 4139 4139 4349 4349 4349 4349 2170 2170 2170
    2170 2170 2170 2156 2143 2143 2129 2129 2116 2116 2116 2116 2103
    2103 2103 2090 2078 2078 2065 2065 2053 2053 2053 2040 2040 2040
    2053 2053 2065 2078 2078 2078 2078 4190 4349 4349 4349 4349 4349
    2170 2170 2170 2170 2170 2156 2143 2143 2129 2129 2116 2116 2116
    2116 2103 2103 2090 2090 2078 2078 2065 2065 2053 2053 2053 2040
    2040 2040 2053 2053 2065 2078 2078 2078 2078 4190 4405 4405 4349
    4349 4349 2184 2184 2184 2170 2170 2156 2143 2143 2129 2129 2116
    2116 2116 2116 2116 2103 2090 2090 2078 2078 2065 2065 2053 2053
    2053 2053 2053 2053 2053 2053 2065 2065 2078 2090 2116 4190 4405
    4405 4405 4405 4349 4349 2184 2184 2170 2170 2156 2143 2143 2129
    2129 2116 2116 2116 2116 2116 2103 2103 2090 2090 2078 2078 2065
    2065 2065 2065 2053 2053 2040 2040 2053 2065 2065 2078 2103 2116
    2116 4405 4405 4405 4349 4349 4349 2184 2184 2170 2170 2156 2143
    2143 2129 2129 2116 2116 2116 2116 2116 2103 2103 2090 2090 2078
    2078 2065 2065 2065 2065 2053 2053 2040 2040 2053 2053 2065 2078
    2103 2103 2116 4405 4405 4405 4349 4349 4405 2184 2184 2170 2170
    2156 2143 2143 2129 2129 2116 2116 2116 2116 2116 2103 2103 2090
    2090 2090 2078 2065 2065 2065 2065 2065 2053 2040 2040 2040 2053
    2065 2078 2090 2103 2116 4405 4405 4405 4349 4349 4405 2184 2184
    2170 2170 2170 2156 2156 2129 2129 2116 2116 2116 2116 2116 2103
    2103 2103 2090 2090 2090 2078 2078 2065 2065 2065 2053 2040 2040
    2040 2053 2065 2078 2090 2103 2116 4405 4405 4405 4405 4405 4405
