<?xml version="1.0"?>
<opencv_storage>
<Depth6137 type_id="opencv-matrix">
  <rows>110</rows>
  <cols>74</cols>
  <dt>w</dt>
  <data>
    4190 4190 4190 4190 4139 4139 4190 4139 4139 4139 4139 4139 4139
    4139 4139 4139 4139 4139 4190 4190 4190 4190 4190 4190 4139 4089 910
    910 908 906 903 903 906 906 906 906 906 906 4139 4139 4139 4089 4041
    4041 4041 4041 4041 4041 4041 4041 4041 3994 3994 3994 3994 3994
    3994 3994 3994 3994 3994 3994 3948 3948 3948 3948 3948 3948 3948
    3903 3903 3903 3859 3859 4190 4190 4190 4190 4139 4139 4139 4139
    4139 4139 4139 4139 4139 4139 4139 4139 4190 4190 940 938 4190 4190
    4190 918 918 915 910 908 906 901 898 898 901 901 903 906 906 906 0
    4089 4089 4089 4041 4041 4041 4041 4041 4041 4041 4041 4041 3994
    3994 3994 3994 3994 3994 3994 3994 3994 3994 3948 3903 3903 3948
    3903 3903 3948 3948 3903 3903 3903 3903 3903 4190 4190 4139 4139
    4139 4139 4139 4089 4089 4139 4139 4139 4139 4139 4139 4139 4139 940
    940 938 938 938 928 918 918 915 910 906 903 898 898 898 898 898 903
    906 906 906 910 0 4089 4089 4089 4041 4041 4041 4041 4041 4041 4041
    3994 3994 4041 4041 3994 3994 3994 3994 3994 3994 3948 3903 3903
    3903 3948 3903 3903 3948 3948 3903 3903 3903 3903 3903 4190 4190
    4139 4139 4139 4139 4139 4089 4041 4041 4139 4139 4139 970 970 970
    951 940 940 938 935 933 925 920 918 915 910 906 903 898 896 896 896
    898 901 903 906 910 910 915 918 925 4089 4089 4041 4041 4041 4041
    4041 4041 3994 3994 3994 3994 3994 3994 3994 3994 3994 3994 3948
    3903 3903 3903 3948 3948 3948 3903 3903 3903 3903 3903 3903 3903
    4139 4139 4190 4190 4139 4139 4139 4089 4041 4041 4041 970 970 970
    970 970 951 948 943 938 935 930 925 920 918 913 908 906 901 896 896
    896 896 896 898 903 906 910 915 915 918 925 928 4139 4089 4089 4089
    4041 4041 4041 4041 4041 3994 3994 3994 3994 3994 3994 3948 3948
    3948 3903 3903 3903 3948 3948 3948 3903 3903 3903 3903 3948 3903
    3903 4139 4139 4190 4190 4139 4139 4139 4139 4139 4139 970 970 970
    967 959 951 948 946 943 938 935 930 923 920 915 913 908 906 901 896
    896 894 894 896 898 901 906 910 915 915 918 925 928 928 928 928 938
    938 4041 4041 4041 4041 3994 3994 3994 3994 3994 3994 3948 3948 3948
    3903 3903 3948 3948 3948 3903 3859 3859 3903 3903 3903 3903 3903
    4139 4139 4139 4139 4139 4139 0 0 0 967 967 967 967 962 956 951 948
    946 940 935 933 928 923 918 913 910 908 906 901 896 894 894 894 896
    898 901 906 913 915 918 918 925 928 928 928 935 938 938 948 4089
    4089 4089 4041 3994 3994 3994 3994 3994 3994 3948 3948 3948 3948
    3948 3948 3948 3903 3859 3859 3903 3903 3903 3903 3903 4139 4139
    4139 4139 0 0 0 0 0 0 967 967 967 962 956 951 946 943 940 935 933
    928 920 915 913 908 908 906 903 896 894 894 894 896 898 901 908 913
    913 915 918 928 928 930 930 935 938 948 948 948 956 4041 4041 3994
    3994 3994 3994 3994 3994 3948 3948 3948 3948 3948 3948 3948 3948
    3859 3859 3859 3859 3859 3859 3859 4139 4139 0 0 0 0 0 0 0 0 967 967
    967 962 956 948 946 943 938 935 930 928 920 915 910 908 906 903 898
    896 894 894 894 896 898 903 908 913 913 915 918 925 928 930 933 938
    940 946 948 954 956 956 956 3994 3994 3994 3994 3994 3994 3994 3948
    3948 3948 3948 3948 3948 3948 3903 3859 3859 3859 3859 3859 3859
    4139 4139 0 0 0 0 0 0 0 0 967 967 967 959 954 948 946 940 938 935
    930 923 918 915 910 908 906 901 898 894 891 891 891 894 898 906 908
    910 913 915 918 925 928 928 933 935 943 946 948 951 954 956 956 956
    964 964 3994 3994 3948 3948 3948 3948 3948 3948 3948 3948 3903 3903
    3903 3903 3859 3859 3859 3859 4139 4139 0 0 0 0 0 0 0 970 967 967
    962 956 951 946 943 938 935 933 928 920 918 915 910 906 903 898 896
    894 891 891 891 894 898 903 906 908 910 915 918 925 928 928 930 935
    946 946 948 951 951 956 956 959 964 964 970 3948 3948 3948 3948 3948
    3948 3948 3948 3948 3903 3859 3859 3859 3859 3859 3859 3859 4139 0 0
    0 0 0 0 0 0 970 967 967 962 956 951 946 940 938 935 933 928 918 915
    910 908 906 901 896 894 891 891 891 894 896 898 903 906 908 910 915
    918 923 928 928 930 930 946 946 948 948 951 956 956 959 964 967 970
    970 978 3948 3948 3948 3948 3948 3948 3903 3903 3859 3859 3859 3859
    3859 3859 3859 4139 0 0 0 0 0 0 0 0 967 967 967 959 954 948 946 940
    938 935 930 925 918 915 910 908 903 898 896 894 889 889 889 894 896
    898 901 906 908 910 915 918 923 928 928 930 930 946 946 948 948 951
    956 959 962 964 967 970 975 978 978 984 3948 3948 3948 3948 3859
    3859 3859 3859 3859 3859 3859 3859 3859 4139 0 0 0 0 0 0 0 0 967 967
    967 959 951 948 943 940 935 933 928 925 918 913 908 906 903 898 894
    891 889 889 889 891 896 898 901 906 906 910 913 918 923 928 928 930
    930 940 946 946 948 951 956 959 964 967 970 970 975 978 981 984 984
    989 3948 3948 3859 3859 3859 3903 3903 3859 3859 3859 3859 4139 0 0
    0 0 0 0 0 0 964 964 962 956 951 948 943 938 935 933 928 920 915 910
    908 906 903 898 894 891 889 889 889 891 896 898 903 906 906 910 913
    918 923 925 928 930 933 938 943 946 948 951 956 959 962 964 970 973
    975 978 981 984 989 989 992 992 3903 3903 3903 3859 3859 3859 3859
    3859 3859 4190 4190 0 0 0 0 0 0 0 962 962 959 956 948 948 943 938
    935 930 928 920 915 910 908 906 901 896 891 889 889 889 889 891 896
    898 903 908 908 910 913 918 923 925 928 930 935 935 938 940 948 951
    956 956 959 964 970 973 975 978 981 987 989 992 992 992 1001 3948
    3948 3859 3859 3859 3859 3859 3859 4190 4190 0 0 0 0 0 0 956 956 959
    959 954 948 948 943 938 933 930 925 918 915 910 906 906 901 896 891
    889 887 887 887 891 896 898 903 906 906 910 915 918 920 925 928 930
    933 935 938 940 948 951 954 956 959 962 967 967 973 975 981 987 989
    992 992 998 1001 1001 3859 3859 3859 3816 3816 3859 3859 4139 4139 0
    0 0 0 0 0 956 956 959 959 954 948 946 943 935 930 928 925 915 913
    910 906 901 896 891 889 887 887 887 887 889 896 898 903 906 906 908
    915 918 920 925 928 930 933 935 938 940 948 951 954 956 959 962 967
    967 973 975 981 987 989 992 995 998 1001 1007 1010 1013 1013 3816
    3816 3859 3859 4139 4139 0 0 0 0 0 0 962 959 959 956 951 948 946 940
    935 930 925 923 915 913 908 903 898 896 891 889 887 887 885 885 889
    894 898 901 906 906 908 915 918 920 925 928 930 933 935 938 940 948
    951 954 956 959 962 967 967 970 973 981 987 989 992 995 998 1001
    1007 1010 1013 1016 1016 1031 3859 3859 4139 4139 0 0 0 0 0 0 959
    959 959 956 951 946 943 938 935 930 925 923 915 910 908 903 898 896
    889 887 887 885 885 885 889 894 898 901 906 906 908 913 915 918 923
    925 930 933 935 938 943 948 951 954 956 959 959 967 967 970 973 981
    987 989 992 995 998 1001 1007 1010 1013 1016 1028 1031 1031 1034
    4089 0 0 0 0 0 0 0 959 959 959 956 948 946 940 938 933 928 925 918
    915 908 906 903 896 891 889 887 885 885 885 885 887 894 898 898 906
    906 908 910 915 918 923 925 930 933 935 938 943 948 951 951 956 959
    959 967 967 970 973 984 987 989 992 995 998 1001 1007 1010 1016 1019
    1028 1028 1031 1031 4089 0 0 0 0 0 0 0 959 959 959 954 948 943 940
    935 933 928 925 918 913 908 906 901 896 891 889 887 885 885 885 885
    887 894 896 898 903 906 908 910 915 918 923 925 930 933 935 938 943
    948 948 951 954 959 962 967 967 970 973 987 987 989 992 995 998 1001
    1007 1010 1013 1019 1025 1028 1028 1031 4139 0 0 0 0 0 0 0 959 959
    959 951 946 943 938 935 933 928 923 915 913 908 906 901 896 891 889
    887 882 882 885 885 887 894 896 898 903 908 908 910 915 918 923 925
    928 930 933 938 943 948 948 951 954 959 962 964 967 970 973 987 987
    989 992 995 995 1001 1007 1013 1013 1019 1025 1028 1028 0 4190 0 0 0
    0 0 0 0 959 959 956 948 946 943 938 935 930 928 923 915 910 906 901
    898 896 891 889 885 882 882 882 885 887 894 896 898 903 906 908 910
    915 918 923 923 928 930 933 938 943 946 948 951 954 956 962 964 967
    970 975 984 987 989 989 995 995 1001 1007 1013 1016 1019 1025 1028
