<?xml version="1.0"?>
<opencv_storage>
<Depth5519 type_id="opencv-matrix">
  <rows>60</rows>
  <cols>44</cols>
  <dt>w</dt>
  <data>
    5291 5291 5291 5291 1705 1696 1688 1688 1688 1688 1688 1688 1688
    1688 4842 4842 1696 1696 1688 1688 1680 1680 4774 4774 4708 4708
    4645 1705 1705 1705 1705 4645 4582 4522 4463 4463 4463 4405 4405
    4405 4405 4405 4405 4349 5291 5291 5291 5291 1705 1696 1696 1696
    1688 1688 1688 1688 1688 1688 1688 1688 1688 1696 1688 1688 1680
    1680 1696 1705 1705 1705 1705 1705 1705 1705 1705 1705 1705 4522
    1722 1722 1722 1713 1713 4405 4405 4405 4349 4349 5210 5291 5291
    5291 1696 1696 1696 1696 1688 1688 1688 1688 1688 1688 1688 1688
    1688 1696 1696 1696 1696 1696 1696 1696 1696 1696 1705 1705 1705
    1705 1705 1705 1705 1705 1705 1722 1722 1713 1713 1713 1731 4405
    4349 4241 5210 5210 5210 1705 1696 1696 1696 1688 1688 1688 1688
    1688 1688 1688 1688 1688 1688 1696 1696 1696 1696 1696 1696 1696
    1696 1696 1696 1696 1705 1705 1705 1705 1705 1705 1705 1713 1713
    1705 1705 1705 1705 1731 1731 4241 5210 5210 5210 1705 1705 1696
    1696 1688 1680 1680 1680 1688 1688 1688 1688 1688 1688 1696 1696
    1696 1696 1696 1696 1696 1696 1696 1696 1696 1696 1705 1705 1705
    1705 1705 1705 1705 1705 1705 1705 1705 1705 1705 1705 4139 5210
    5210 5210 1705 1705 1696 1696 1688 1680 1680 1680 1688 1688 1688
    1688 1688 1688 1696 1696 1696 1696 1696 1696 1696 1696 1696 1696
    1696 1696 1696 1705 1705 1705 1705 1705 1705 1705 1705 1705 1705
    1705 1705 1705 1705 5291 5291 5291 1688 1688 1688 1688 1680 1680
    1680 1680 1688 1688 1688 1688 1688 1688 1688 1688 1688 1696 1696
    1696 1696 1696 1696 1696 1696 1696 1696 1705 1705 1705 1705 1705
    1705 1705 1705 1705 1705 1705 1705 1705 1705 5291 5291 0 0 1688 1688
    1688 1680 1680 1680 1680 1680 1680 1688 1688 1688 1688 1688 1688
    1688 1688 1688 1688 1696 1696 1696 1696 1696 1696 1696 1696 1696
    1696 1705 1705 1705 1705 1705 1705 1705 1705 1705 1705 1705 5374
    5374 5460 0 1688 1688 1688 1688 1680 1680 1680 1680 1680 1688 1688
    1688 1688 1688 1688 1688 1688 1688 1688 1688 1696 1696 1696 1696
    1696 1696 1696 1696 1696 1696 1696 1705 1705 1705 1705 1696 1696
    1696 1696 1696 5374 5460 5460 1713 1688 1688 1688 1688 1680 1680
    1680 1680 1680 1680 1680 1688 1688 1688 1688 1688 1680 1680 1688
    1688 1688 1696 1696 1696 1696 1696 1696 1696 1696 1696 1696 1696
    1705 1705 1705 1696 1696 1696 1696 1696 5374 5460 5460 0 1713 1680
    1680 1680 1680 1671 1671 1671 1671 1671 1680 1680 1688 1688 1680
    1680 1680 1680 1688 1688 1688 1696 1696 1696 1696 1696 1696 1696
    1696 1696 1696 1696 1705 1705 1696 1696 1696 1696 1688 1688 5374
    5548 5548 1688 1688 1680 1680 1680 1671 1671 1671 1671 1671 1671
    1671 1671 1680 1688 1680 1680 1680 1680 1688 1688 1688 1696 1696
    1696 1696 1696 1696 1696 1696 1696 1696 1696 1696 1696 1696 1696
    1696 1696 1688 1688 5291 5460 5460 1688 1688 1680 1671 1671 1671
    1671 1671 1671 1671 1671 1671 1671 1671 1688 1688 1688 1688 1688
    1688 1688 1696 1696 1696 1696 1696 1696 1696 1696 1696 1696 1696
    1696 1696 1696 1696 1696 1696 1696 1696 1696 5291 5460 5460 1696
    1680 1680 1671 1663 1663 1663 1671 1671 1671 1671 1671 1671 1671
    1680 1688 1688 1688 1688 1688 1688 1688 1688 1688 1688 1688 1688
    1688 1688 1688 1696 1696 1696 1696 1696 1688 1688 1688 1688 1688
    1696 5210 5210 1722 1696 1696 1680 1671 1663 1663 1663 1663 1671
    1671 1671 1671 1671 1671 1680 1680 1680 1680 1680 1688 1688 1688
    1688 1688 1688 1688 1688 1688 1688 1688 1696 1696 1696 1696 1696
    1688 1688 1688 1688 1688 1696 5132 5132 1722 1722 1696 1680 1671
    1663 1663 1663 1663 1663 1663 1663 1671 1671 1671 1680 1680 1680
    1680 1680 1680 1688 1688 1688 1688 1688 1688 1688 1688 1688 1688
    1696 1696 1696 1696 1696 1688 1688 1688 1688 1688 1696 5132 5132
    1705 1705 1688 1671 1671 1663 1663 1663 1663 1663 1663 1663 1663
    1671 1680 1680 1680 1680 1680 1680 1680 1688 1688 1688 1680 1680
    1688 1688 1688 1688 1696 1696 1696 1696 1696 1696 1688 1688 1688
    1680 1680 1696 5132 5132 1705 1705 1688 1671 1671 1663 1663 1663
    1663 1663 1663 1663 1663 1663 1680 1680 1680 1680 1680 1680 1680
    1680 1680 1688 1680 1680 1688 1688 1688 1688 1688 1696 1696 1696
    1696 1696 1688 1688 1688 1680 1680 1680 5291 0 5291 1688 1688 1680
    1663 1663 1663 1663 1663 1663 1663 1663 1663 1663 1671 1671 1671
    1671 1680 1680 1680 1680 1680 1680 1680 1680 1688 1688 1688 1688
    1688 1688 1688 1696 1696 1688 1688 1688 1688 1680 1680 1680 5291
    5291 0 1722 1722 1680 1663 1663 1663 1663 1663 1663 1663 1663 1663
    1663 1671 1671 1671 1671 1680 1680 1680 1680 1680 1680 1680 1680
    1688 1688 1688 1688 1688 1688 1688 1688 1688 1688 1688 1680 1680
    1680 1680 1680 5291 5291 0 1722 1722 1671 1663 1663 1663 1663 1663
    1663 1663 1663 1663 1663 1671 1671 1671 1671 1680 1680 1688 1680
    1680 1680 1680 1680 1680 1688 1688 1688 1688 1688 1688 1688 1688
    1688 1688 1680 1680 1680 1680 1680 5291 5291 0 1696 1696 1671 1663
    1663 1663 1663 1663 1663 1663 1663 1663 1663 1671 1671 1671 1680
    1680 1680 1680 1680 1680 1680 1680 1680 1680 1680 1680 1680 1688
    1688 1688 1688 1688 1688 1688 1688 1688 1688 1688 1688 5291 5291 0
    1688 1688 1671 1663 1663 1663 1655 1655 1663 1663 1663 1663 1663
    1671 1671 1671 1680 1680 1680 1680 1680 1680 1671 1671 1671 1680
    1680 1680 1680 1680 1688 1688 1688 1688 1688 1688 1688 1688 1688
    1688 1688 5210 5210 0 1680 1680 1663 1663 1663 1663 1655 1655 1663
    1663 1663 1663 1663 1671 1671 1671 1680 1680 1680 1680 1671 1671
    1671 1671 1671 1671 1680 1680 1680 1680 1680 1688 1688 1680 1680
    1680 1680 1680 1688 1688 1688 5210 5210 1722 1680 1680 1663 1663
    1663 1663 1663 1663 1663 1663 1663 1663 1663 1671 1671 1671 1671
    1671 1671 1671 1671 1671 1671 1671 1671 1671 1671 1680 1680 1680
    1680 1680 1688 1680 1680 1680 1680 1680 1688 1688 1688 5210 1722
    1722 1696 1671 1663 1663 1663 1663 1663 1655 1655 1655 1663 1663
    1663 1671 1671 1671 1671 1671 1671 1671 1671 1671 1671 1671 1671
    1671 1671 1680 1680 1680 1680 1680 1680 1680 1680 1680 1680 1680
    1688 1688 1688 5132 1722 1722 1696 1671 1663 1655 1655 1655 1663
    1655 1655 1655 1663 1663 1663 1671 1671 1671 1671 1671 1680 1671
    1671 1671 1671 1671 1671 1671 1671 1680 1680 1680 1680 1680 1680
    1680 1680 1680 1680 1680 1671 1671 1671 5132 5132 1696 1696 1671
    1663 1655 1655 1655 1663 1655 1655 1655 1663 1663 1663 1663 1663
    1671 1671 1671 1671 1671 1671 1671 1671 1671 1671 1671 1671 1680
    1680 1680 1680 1680 1680 1680 1680 1680 1680 1680 1671 1671 1671
    5132 0 1680 1671 1671 1663 1655 1655 1655 1663 1655 1655 1655 1655
    1655 1663 1663 1663 1663 1671 1671 1671 1671 1671 1671 1671 1671
    1671 1671 1671 1671 1671 1671 1671 1680 1680 1680 1680 1680 1680
    1680 1680 1680 1680 5132 0 1680 1680 1671 1655 1655 1655 1655 1655
    1655 1655 1655 1655 1655 1663 1663 1663 1663 1663 1671 1671 1671
    1671 1671 1671 1671 1671 1671 1671 1671 1671 1671 1671 1671 1680
    1680 1680 1680 1680 1680 1680 1680 1680 5210 0 1671 1671 1663 1655
    1655 1655 1655 1655 1655 1655 1655 1655 1655 1655 1663 1663 1663
    1663 1671 1671 1671 1671 1671 1671 1671 1671 1671 1671 1671 1671
    1671 1671 1671 1671 1671 1671 1680 1680 1680 1688 1688 1688 5210
    1688 1671 1671 1663 1655 1655 1655 1655 1655 1655 1655 1655 1655
    1655 1655 1663 1663 1663 1663 1671 1671 1671 1671 1663 1663 1663
    1663 1671 1671 1671 1671 1671 1671 1671 1671 1671 1671 1680 1680
    1688 1680 1680 1680 0 1688 1688 1671 1663 1655 1655 1655 1655 1655
    1655 1655 1655 1655 1655 1655 1663 1663 1663 1671 1671 1663 1663
    1663 1663 1663 1663 1663 1671 1671 1671 1671 1671 1671 1671 1671
    1671 1671 1680 1680 1680 1680 1680 1680 0 1688 1688 1671 1663 1655
    1647 1647 1655 1655 1655 1655 1655 1655 1655 1655 1663 1663 1663
    1663 1663 1663 1663 1663 1663 1663 1663 1663 1671 1671 1671 1671
