<?xml version="1.0"?>
<opencv_storage>
<Depth3776 type_id="opencv-matrix">
  <rows>19</rows>
  <cols>23</cols>
  <dt>w</dt>
  <data>
    0 0 2156 2156 2170 2226 2241 2241 2271 2271 2301 2333 2317 2317 2317
    2333 2333 2349 0 0 1516 1516 1516 0 2226 2198 2198 2212 2226 2241
    2241 2271 2271 2301 2333 2317 2317 2317 2333 2349 2349 2381 2398
    1516 1516 1516 2226 2226 2226 2226 2226 2226 2226 2241 2256 2286
    2301 2317 2333 2333 2333 2349 2349 2349 2381 2381 1516 1516 1516
    2226 2212 2212 2226 2226 2226 2226 2241 2256 2286 2301 2317 2333
    2333 2333 2349 2349 2365 2381 2381 2381 1536 1536 2226 2212 2212
    2241 2256 2256 2256 2256 2271 2286 2301 2317 2333 2333 2333 2333
    2349 2365 2365 2381 2381 2365 1579 2226 2212 2212 2241 2256 2256
    2256 2271 2271 2286 2286 2317 2317 2333 2333 2333 2333 2349 2365
    2365 2381 2365 1594 2212 2212 2226 2241 2256 2256 2256 2271 2271
    2286 2286 2317 2317 2333 2333 2333 2333 2349 2349 2365 2381 2365
    1601 2212 2212 2226 2241 2256 2256 2271 2271 2271 2286 2286 2301
    2301 2317 2333 2333 2349 2349 2349 2365 2349 2349 1601 2212 2212
    2226 2241 2256 2256 2256 2271 2271 2286 2286 2301 2301 2317 2333
    2333 2333 2349 2349 2365 2349 2349 1601 2212 2212 2226 2241 2256
    2256 2256 2271 2271 2286 2286 2286 2286 2286 2286 2317 2333 2349
    2349 2349 2349 2349 2349 2212 2212 2226 2241 2271 2271 2271 2226
    2226 2226 2286 2286 2286 2286 2286 2301 2333 2333 2333 2349 2365
    2381 2381 2212 2212 2226 2241 2271 2271 2271 2226 2212 2212 2241
    2271 2286 2286 2286 2301 2333 2333 2333 2333 2333 2365 2365 2212
    2226 2241 2241 2256 2256 2271 2271 2212 2212 2241 2256 2271 2286
    2286 2301 2333 2333 2333 2333 2333 2365 2365 2212 2226 2241 2271
    2256 2256 2256 2271 2271 2241 2241 2241 2271 2286 2286 2301 2333
    2333 2365 2365 2365 2365 2398 2212 2212 2212 2212 2286 2286 2271
    2271 2271 2286 2241 2241 2286 2301 2301 2349 2365 2381 2381 2381
    2381 2381 2398 2226 2212 2212 2212 2286 2286 2286 2271 2271 2286
    2286 2286 2286 2317 2333 2365 2381 2398 2398 2415 2398 2398 2398
    2226 2212 2212 2256 2256 2286 2286 2286 2286 2301 2317 2317 2317
    2349 2398 2398 2415 2415 2415 2415 2398 2398 3576 2241 2241 2241
    2241 2271 2317 2317 2317 2317 2317 2317 2317 2317 3399 2432 2432
    3468 3468 3468 3468 3468 3468 3576 2271 2241 2241 2241 2271 2271
    2333 2333 3365 3433 3433 3399 3399 3399 3433 3433 3503 3503 3503
    3503 3503 3503 3576</data></Depth3776>
</opencv_storage>
