<?xml version="1.0"?>
<opencv_storage>
<Depth9748 type_id="opencv-matrix">
  <rows>56</rows>
  <cols>15</cols>
  <dt>w</dt>
  <data>
    3149 3149 3120 3120 3092 3092 3120 3092 3092 3178 3178 3178 3178
    4139 4139 3149 3149 3120 3120 3120 3120 3120 3092 3092 3178 3178
    3178 3178 4139 4139 3149 3149 3120 3120 3120 3120 3120 3120 3120
    3178 3178 3178 3178 4139 4139 3149 3149 3120 3120 3120 3120 3149
    3149 3149 3149 3178 3178 3238 4139 4139 3120 3120 3149 3149 3149
    3149 3149 3149 3149 3149 3178 3178 3208 4139 4139 3120 3120 3149
    3149 3149 3149 3149 3120 3120 3120 3178 3178 3178 4139 4139 0 3149
    3149 3149 3149 3149 3149 3120 3120 3120 3178 3178 3178 4139 4139
    3092 3092 3149 3149 3149 3149 3149 3120 3120 3120 3178 3149 3149
    4139 4139 3092 3092 3149 3149 3149 3149 3149 3120 3120 3120 3149
    3120 3120 4139 4190 3092 3092 3149 3149 3149 3149 3149 3149 3120
    3120 3149 3120 3120 4139 4190 3120 3120 3149 3178 3149 3149 3149
    3149 3149 3149 3149 3149 3149 4190 4139 3120 3120 3149 3178 3149
    3149 3149 3149 3149 3149 3178 3178 3178 4089 4139 3149 3149 3178
    3178 3149 3149 3149 3149 3149 3149 3178 3178 3208 4089 4089 3178
    3178 3178 3178 3149 3149 3149 3120 3120 3149 3149 3178 3208 3859
    4041 3178 3178 3178 3178 3149 3149 3149 3120 3120 3149 3149 3149
    3816 3859 4041 3178 3178 3178 3178 3149 3149 3149 3149 3149 3149
    3149 3149 3816 3816 3994 3178 3178 3178 3178 3149 3149 3149 3149
    3149 3149 3149 3149 3208 3816 3994 3178 3149 3149 3149 3149 3149
    3149 3149 3149 3149 3149 3178 3208 3238 3994 0 3149 3149 3149 3149
    3149 3149 3149 3149 3149 3178 3178 3208 3238 4089 0 3149 3149 3149
    3178 3149 3149 3149 3149 3149 3178 3178 3208 3238 4139 0 3149 3149
    3149 3178 3149 3149 3149 3149 3149 3178 3178 3208 3208 3948 0 3149
    3149 3178 3178 3178 3178 3178 3178 3178 3178 3178 3178 3178 3816 0
    3178 3178 3178 3178 3178 3178 3178 3178 3149 3149 3149 3178 3178
    3816 0 3208 3208 3208 3178 3178 3178 3178 3178 3149 3149 3149 3178
    3178 3816 0 3208 3178 3178 3178 3178 3178 3178 3178 3149 3149 3149
    3178 3178 3903 0 0 3178 3178 3178 3178 3178 3178 3178 3149 3149 3149
    3178 3178 3948 0 0 3178 3178 3178 3178 3178 3178 3178 3149 3149 3149
    3178 3238 3948 0 0 3178 3178 3178 3178 3178 3178 3149 3149 3149 3149
    3178 3208 3948 0 0 3178 3178 3178 3178 3178 3178 3149 3149 3149 3149
    3178 3208 3903 0 0 0 3178 3178 3178 3178 3178 3149 3149 3149 3149
    3178 3208 3903 0 0 0 3178 3178 3178 3178 3178 3149 3149 3149 3149
    3208 3208 3948 0 0 0 3178 3178 3178 3178 3178 3149 3149 3149 3149
    3178 3208 3994 0 0 3178 3178 3178 3178 3178 3178 3178 3149 3149 3149
    3178 4139 4089 0 3178 3178 3178 3178 3178 3178 3178 3178 3149 3149
    3149 3178 4139 4089 0 3178 3178 3178 3178 3178 3178 3178 3178 3149
    3149 3149 3208 3208 4089 0 0 3208 3178 3178 3178 3178 3178 3178 3149
    3149 3178 3208 3208 4089 0 0 3178 3178 3178 3178 3178 3178 3178 3178
    3178 3178 3208 3208 3300 0 0 3178 3178 3178 3178 3178 3178 3178 3178
    3178 3178 3208 3208 3269 0 0 3238 3208 3208 3178 3178 3178 3178 3149
    3149 3178 3208 3208 3269 0 0 3238 3238 3208 3208 3178 3178 3178 3149
    3149 3149 3208 3208 3208 0 0 0 3208 3208 3208 3178 3178 3178 3149
    3149 3149 3208 3208 3208 0 0 0 3208 3208 3208 3178 3178 3178 3149
    3149 3149 3208 3208 3208 0 0 0 3208 3208 3208 3208 3208 3178 3149
    3149 3178 3238 3208 3208 0 0 0 3178 3178 3208 3208 3208 3178 3178
    3178 3178 3238 3238 3238 0 0 0 3178 3178 3208 3208 3208 3178 3178
    3178 3178 3208 3238 3238 0 0 0 0 3208 3208 3208 3208 3178 3178 3178
    3178 3208 3208 3238 0 0 0 3178 3178 3208 3208 3208 3178 3178 3178
    3178 3208 3208 4190 0 0 0 3178 3178 3208 3208 3208 3178 3178 3178
    3178 3208 3208 4190 0 0 0 3178 3178 3208 3208 3208 3208 3178 3178
    3178 3208 3208 3238 0 0 0 3178 3178 3208 3208 3208 3208 3178 3178
    3178 3208 3208 3238 0 0 0 3208 3208 3208 3208 3208 3208 3208 3208
    3208 3208 3208 3238 0 0 0 0 3238 3238 3238 3208 3208 3208 3208 3208
    3208 3208 3238 0 0 0 0 3269 3238 3238 3208 3208 3208 3208 3178 3178
    3208 3238 0 0 0 0 0 3269 3238 3208 3208 3178 3178 3178 3178 3178
    3208 0 0 0 0 3178 3178 3208 3208 3208 3178 3178 3178 3178 3178 3208
    0 0 0 0 3178 3178 3208 3208 3208 3178 3178 3178 3178 3178 3178</data></Depth9748>
</opencv_storage>
