<?xml version="1.0"?>
<opencv_storage>
<Depth12925 type_id="opencv-matrix">
  <rows>19</rows>
  <cols>26</cols>
  <dt>w</dt>
  <data>
    3732 3732 3774 3774 3692 3692 3692 3692 3692 3692 3692 3732 3732
    3732 3732 3774 3774 3816 6497 6497 6497 6497 6497 6375 6375 6375
    3732 3732 3774 3732 3732 3732 3692 3692 3692 3692 3692 3732 3732
    3732 3732 3732 3774 3732 3732 3732 3692 3692 3653 3653 3614 3614
    3732 3732 3732 3732 3692 3692 3692 3692 3692 3692 3692 3732 3692
    3692 3692 3732 3732 3692 3692 3692 3692 3692 3653 3653 3614 3614
    3774 3732 3732 3692 3692 3692 3692 3692 3692 3692 3692 3692 3692
    3692 3692 3692 3692 3692 3692 3692 3692 3692 3653 3653 3653 3653
    3774 3732 3732 3692 3692 3692 3692 3692 3692 3692 3692 3692 3692
    3692 3692 3692 3692 3692 3692 3692 3692 3653 3653 3653 3653 3653
    3774 3732 3732 3732 3692 3692 3692 3692 3692 3692 3692 3692 3692
    3692 3692 3653 3653 3653 3653 3692 3692 3653 3653 3653 3653 3653
    3774 3732 3732 3732 3732 3732 3692 3692 3692 3692 3692 3692 3692
    3692 3692 3653 3653 3653 3653 3653 3653 3653 3653 3653 3614 3614
    3774 3774 3774 3774 3774 3732 3732 3732 3732 3732 3732 3692 3692
    3692 3692 3653 3653 3653 3653 3653 3653 3653 3653 3653 3614 3614
    3774 3774 3774 3774 3774 3774 3774 3774 3732 3732 3732 3692 3692
    3692 3692 3692 3692 3692 3692 3653 3653 3653 3653 3653 3614 3614
    3774 3774 3774 3774 3816 3774 3774 3774 3774 3774 3774 3732 3692
    3692 3692 3692 3692 3692 3692 3692 3692 3653 3653 3653 3614 3614
    3774 3816 3774 3774 3816 3816 3816 3816 3816 3816 3774 3732 3732
    3732 3732 3692 3692 3692 3692 3692 3692 3653 3653 3653 3614 3614
    3816 3859 3816 3816 3816 3816 3816 3816 3816 3774 3774 3774 3774
    3774 3774 3732 3692 3692 3692 3692 3692 3692 3653 3653 3614 3614
    3859 3859 3816 3816 3816 3859 3816 3816 3816 3774 3774 3774 3774
    3774 3774 3732 3692 3692 3692 3692 3692 3692 3692 3692 3653 3653
    3859 3859 3859 3859 3859 3859 3859 3816 3816 3774 3774 3774 3774
    3774 3774 3732 3732 3732 3732 3692 3692 3692 3692 3692 3692 6375
    3903 3903 3903 3859 3859 3859 3859 3859 3816 3774 3774 3774 3774
    3816 3774 3774 3774 3732 3732 3692 3692 3692 3692 3692 6375 6375
    3903 3903 3903 3903 3903 3859 3859 3859 3816 3816 3816 3816 3816
    3816 3774 3774 3774 3774 3774 3732 3732 3732 3732 3732 6375 6375
    6889 3903 3903 3903 3903 3903 3859 3859 3859 3816 3816 3816 3859
    3816 3774 3774 3774 3774 3774 3774 3774 3774 3816 3816 6375 6375
    6889 6889 6889 6889 3903 3903 3859 3859 3859 3816 3816 3816 3859
    3859 3816 3816 3774 3774 3816 3816 3816 3816 3816 3816 6375 6375
    6889 6889 6889 6753 6753 6497 3903 3903 6497 3816 3816 3816 3859
    3859 3816 3816 3816 3774 3774 3774 3774 3816 3816 6497 6497 6497</data></Depth12925>
</opencv_storage>
