<?xml version="1.0"?>
<opencv_storage>
<Depth8861 type_id="opencv-matrix">
  <rows>99</rows>
  <cols>49</cols>
  <dt>w</dt>
  <data>
    5832 5832 5832 5832 5832 5734 5640 5548 5548 5548 1063 1063 1063
    1063 1063 1063 1063 5640 5640 5640 5640 5640 0 1028 1028 0 1034 1034
    1034 1034 1034 1038 1038 1038 1025 1025 1025 1025 5056 5056 5056
    5056 5056 5056 4983 4983 4983 4911 4911 5832 5832 5832 5832 5832
    5832 5832 0 5548 1063 1063 1060 1060 1060 1057 1057 1054 1054 1054
    1044 1044 1044 0 0 0 0 1034 1034 1034 1034 1034 1034 1034 1034 1025
    1025 0 0 0 0 0 1090 0 1227 5056 5056 4983 4911 4911 5832 5832 5832 0
    0 0 0 0 0 1057 1057 1057 1057 1057 1054 1054 1050 1050 1050 1044
    1044 1044 1038 1028 1028 1028 1034 1034 1034 1034 1034 1031 1031
    1031 1034 1041 1041 0 0 0 0 0 0 1227 1227 1223 1219 1219 1219 5832 0
    0 0 0 0 0 0 1057 1057 1057 1054 1054 1054 1050 1050 1044 1044 1044
    1044 1041 1041 1038 1028 1028 1028 1028 1028 1034 1034 1031 1031
    1028 1028 1031 1031 1031 0 1084 0 0 1090 1090 1227 1227 1219 1219
    1214 1214 5832 0 0 0 0 0 0 0 1063 1057 1054 1054 1050 1050 1047 1047
    1044 1044 1044 1041 1041 1041 1038 1028 1028 1028 1028 1028 1028
    1028 1028 1028 1028 1028 1028 1028 1028 1087 1084 1084 1087 1090
    1090 1090 1214 1214 1214 1214 1214 5734 5734 0 0 0 0 0 0 1060 1057
    1054 1054 1050 1050 1047 1047 1044 1041 1041 1041 1038 1038 1038
    1034 1028 1028 1028 1028 1028 1025 1025 1025 1025 1025 1025 1025
    1028 1073 1073 1077 1087 1090 1090 0 1214 1214 1214 1214 1214 5734
    5734 0 0 0 0 0 0 1057 1057 1054 1054 1050 1050 1047 1047 1044 1041
    1041 1041 1038 1038 1038 1034 1028 1028 1028 1028 1025 1022 1022
    1022 1022 1022 1025 1022 1022 1067 1067 1073 1084 1090 1090 1149
    1214 1214 1214 1214 1219 5734 5734 0 0 0 0 0 0 1057 1057 1054 1054
    1050 1050 1047 1047 1047 1044 1041 1041 1038 1038 1038 1034 1034
    1028 1028 1028 1025 1022 1022 1019 1019 1019 1022 1022 1022 1067
    1067 1073 1077 1084 1130 1149 1153 1202 1202 1206 1206 5832 0 0 0 0
    0 0 0 1057 1057 1054 1054 1054 1050 1050 1047 1044 1044 1041 1041
    1038 1038 1038 1038 1034 1028 1028 1028 1025 1022 1022 1019 1019
    1019 1022 1022 1047 1054 1067 1070 1077 1084 1130 1149 1153 1189
    1202 1206 0 5832 0 0 0 0 0 0 0 1057 1057 1054 1054 1054 1050 1050
    1047 1044 1044 1041 1041 1038 1038 1038 1038 1034 1028 1028 1028
    1025 1025 1022 1022 1019 1019 1019 1019 1047 1054 1067 1070 1077
    1134 1134 1153 1157 1189 1202 1206 1206 5832 0 0 0 0 0 0 1057 1057
    1057 1054 1054 1054 1050 1050 1047 1044 1044 1041 1041 1038 1038
    1038 1038 1031 1028 1028 1028 1025 1025 1022 1022 1019 1019 1019
    1019 1054 1057 1067 1073 1077 1123 1134 1157 1157 1193 1202 1206
    1206 0 0 0 0 0 0 0 1057 1057 1057 1054 1054 1054 1050 1050 1047 1044
    1044 1041 1041 1038 1038 1038 1038 1031 1031 1028 1028 1025 1025
    1025 1022 1022 1022 1019 1019 1054 1060 1067 1070 1080 1119 1130
    1161 1169 1193 1197 1206 1206 0 0 0 0 0 0 0 1057 1057 1057 1054 1054
    1054 1050 1050 1047 1044 1041 1041 1041 1041 1041 1038 1038 1031
    1031 1028 1028 1025 1025 1025 1022 1022 1022 1019 1019 1050 1063
    1067 1070 1080 1115 1130 1153 1165 1197 1197 1206 1206 0 0 0 0 0 0 0
    1063 1060 1057 1057 1054 1054 1050 1050 1047 1044 1041 1041 1041
    1041 1041 1038 1038 1031 1028 1028 1028 1025 1025 1022 1022 1022
    1025 1022 1022 1041 1063 1067 1070 1094 1115 1115 1153 1165 1202
    1202 0 0 0 0 0 0 0 0 0 1063 1057 1057 1057 1054 1054 1050 1050 1047
    1047 1044 1041 1041 1041 1041 1038 1038 1031 1028 1028 1028 1025
    1025 1022 1022 1022 1025 1025 1025 1041 1063 1067 1070 1094 1115
    1115 1157 1181 1185 1185 0 0 0 0 0 0 0 0 0 1060 1054 1054 1054 1054
    1054 1050 1050 1047 1047 1044 1044 1041 1041 1041 1038 1038 1031
    1028 1028 1025 1025 1025 1025 1022 1022 1025 1028 1034 1041 1067
    1070 1073 1119 1119 1119 1169 1177 1185 1219 0 0 0 0 0 0 0 0 0 1054
    1054 1054 1054 1054 1054 1050 1050 1047 1047 1044 1041 1041 1041
    1041 1038 1034 1031 1028 1028 1025 1025 1025 1025 1022 1022 1022
    1028 1034 1041 1067 1070 1077 1119 1119 1119 1169 1177 1185 1219
    1219 0 0 0 0 0 0 0 0 1054 1054 1054 1054 1050 1050 1050 1050 1047
    1047 1044 1041 1041 1041 1041 1038 1034 1034 1031 1028 1025 1025
    1025 1025 1022 1022 1022 1025 1031 1041 1067 1073 1080 1123 1119
    1119 1177 1181 1185 1185 0 0 0 0 0 0 0 0 0 1057 1054 1054 1054 1050
    1050 1050 1050 1047 1047 1044 1044 1041 1041 1038 1038 1034 1034
    1031 1028 1025 1025 1025 1025 1022 1022 1022 1025 1028 1050 1070
    1073 1094 1123 1123 1123 1177 1185 1185 1185 0 0 0 0 0 0 0 0 1060
    1060 1054 1054 1054 1054 1054 1050 1050 1050 1047 1047 1044 1041
    1041 1038 1038 1034 1034 1031 1028 1025 1025 1025 1025 1022 1022
    1022 1025 1028 1054 1070 1073 1094 1123 1123 1130 1177 1185 1189
    1210 0 0 0 0 0 0 0 1060 1060 1060 1054 1054 1054 1054 1054 1050 1050
    1050 1047 1047 1044 1041 1041 1038 1038 1034 1034 1031 1028 1028
    1025 1025 1025 1022 1022 1022 1025 1028 1054 1067 1073 1097 1123
    1126 1130 1177 1185 1189 1210 0 0 0 0 0 0 0 1060 1060 1060 1060 1057
    1054 1054 1054 1050 1050 1047 1047 1047 1044 1041 1041 1038 1038
    1034 1034 1031 1028 1028 1025 1025 1025 1025 1025 1025 1025 1050
    1054 1067 1073 1097 1126 1134 1145 1177 1189 1202 1214 0 0 0 0 0 0 0
    0 1063 1063 1060 1060 1057 1054 1054 1050 1050 1047 1047 1044 1044
    1041 1038 1038 1038 1034 1034 1031 1028 1028 1025 1025 1025 1025
    1025 1025 1028 1047 1054 1070 1077 1097 1126 1134 1153 1177 1193
    1206 1214 0 0 0 0 0 0 0 0 1063 1063 1060 1060 1054 1054 1054 1050
    1050 1050 1047 1044 1044 1041 1038 1038 1038 1038 1034 1031 1028
    1028 1025 1025 1025 1025 1025 1025 1028 1041 1054 1067 1077 1130
    1130 1134 1165 1177 1197 1206 1219 0 0 0 0 0 0 0 0 1060 1060 1060
    1060 1054 1054 1054 1050 1050 1050 1047 1044 1044 1041 1041 1038
    1038 1034 1034 1031 1028 1025 1025 1025 1025 1025 1025 1025 1034
    1038 1044 1067 1077 1130 1130 1134 1169 1181 1202 1214 1219 0 0 0 0
    0 0 0 0 1054 1054 1057 1057 1054 1054 1054 1050 1050 1050 1047 1044
    1044 1041 1041 1038 1038 1034 1031 1028 1028 1025 1025 1025 1025
    1025 1025 1025 1031 1038 1041 1073 1080 1134 1134 1138 1173 1181
    1197 1206 1214 0 0 0 0 0 0 0 0 1054 1054 1057 1057 1054 1054 1054
    1050 1050 1050 1047 1044 1044 1041 1041 1041 1038 1034 1031 1028
    1028 1028 1025 1025 1022 1022 1025 1025 1031 1038 1041 1073 1084
    1119 1134 1138 1173 1181 1197 1206 1210 0 0 0 0 0 0 0 0 1054 1054
    1057 1057 1054 1054 1054 1050 1050 1050 1047 1044 1041 1041 1041
    1038 1034 1034 1031 1028 1028 1028 1025 1025 1022 1022 1025 1025
    1047 1050 1063 1087 1094 1119 1130 1138 1181 1185 1197 1206 1210 0 0
    0 0 0 0 0 0 1054 1054 1057 1057 1054 1054 1054 1050 1050 1050 1047
    1044 1041 1041 1038 1038 1034 1034 1031 1028 1028 1028 1025 1025
    1022 1022 1022 1028 1050 1054 1060 1084 1094 1130 1130 1138 1185
    1189 1197 1206 1214 0 0 0 0 0 0 0 0 1057 1057 1057 1057 1054 1054
    1054 1050 1050 1050 1047 1044 1041 1041 1038 1038 1034 1034 1031
    1031 1028 1028 1028 1025 1025 1022 1022 1028 1050 1054 1060 1080
    1094 1130 1134 1138 1185 1193 1197 1197 1197 4911 0 0 0 0 0 0 0 1057
    1057 1057 1057 1054 1054 1054 1050 1050 1050 1047 1044 1041 1041
    1038 1038 1034 1034 1031 1031 1028 1028 1028 1025 1025 1025 1025
    1028 1050 1054 1060 1080 1097 1130 1134 1138 1185 1193 1197 0 0 0 0
    0 0 0 0 0 1060 1057 1057 1057 1057 1054 1054 1054 1054 1050 1050
    1047 1047 1041 1041 1038 1038 1038 1034 1031 1028 1028 1028 1028
    1025 1025 1025 1025 1028 1054 1054 1060 1090 1097 1130 1134 1185
    1189 1193 1197 0 0 0 4911 0 0 0 0 1063 1060 1057 1057 1057 1057 1054
    1054 1054 1054 1050 1047 1047 1047 1041 1041 1038 1038 1038 1034
    1031 1028 1028 1028 1028 1028 1025 1025 1025 1028 1054 1057 1067
    1090 1097 1130 1134 1181 1185 1193 1202 0 1206 0 4911 0 0 0 0 1063
    1060 1057 1057 1057 1057 1054 1054 1054 1054 1050 1047 1047 1047
