<?xml version="1.0"?>
<opencv_storage>
<Depth18527 type_id="opencv-matrix">
  <rows>42</rows>
  <cols>15</cols>
  <dt>w</dt>
  <data>
    5374 5374 5374 5374 5460 5460 5460 5374 4463 4463 4463 4463 4295
    4295 4295 5374 5374 5374 5374 5460 5460 5460 4463 4463 4463 4463
    4463 4295 4295 4295 5460 5374 5374 5374 5460 5460 5460 4463 4405
    4405 4463 4463 4463 4349 4349 5460 5460 5460 5460 5460 5460 5460
    4463 4405 4405 4463 4463 4463 4349 4349 5460 5460 5460 5460 5460
    5460 4522 4463 4405 4405 4463 4405 4405 4463 4463 5460 5460 5460
    5460 5460 5460 4522 4463 4463 4463 4405 4405 4405 4405 4405 5460
    5460 5374 5374 5374 5460 4463 4463 4463 4463 4405 4405 4405 4405
    4405 5460 5460 5374 5374 5374 5374 4463 4463 4463 4463 4405 4349
    4349 4349 4463 5460 5460 5374 5374 5374 5374 4463 4463 4463 4463
    4405 4349 4349 4349 4463 5460 5460 5374 5374 5374 4463 4463 4463
    4463 4463 4405 4405 4405 4405 4463 5460 5460 5374 5374 5374 4463
    4463 4463 4463 4463 4405 4405 4405 4405 4463 5460 5374 5374 5374
    5374 4463 4463 4463 4463 4463 4405 4405 4405 4405 4405 5460 5374
    5374 5374 5374 4463 4463 4463 4463 4463 4405 4349 4349 4349 4405
    5460 5374 5374 5374 4522 4463 4463 4463 4463 4463 4405 4349 4295
    4295 0 5460 5374 5374 5374 4463 4463 4463 4463 4463 4463 4405 4349
    4295 4295 0 5374 5374 5374 4463 4463 4463 4463 4463 4463 4405 4405
    4405 4405 0 0 5374 5374 5374 4463 4463 4463 4463 4405 4405 4405 4349
    4349 4405 0 0 5374 5374 5374 4463 4463 4463 4463 4405 4405 4295 4295
    4295 0 0 0 5374 5291 5210 4463 4463 4463 4405 4405 4405 4295 4295
    4295 0 0 0 5374 5291 5210 4463 4405 4405 4405 4405 4405 4349 4349
    4349 0 0 0 5374 5374 4463 4463 4405 4405 4405 4405 4405 4349 4349 0
    0 0 0 5374 5374 4405 4405 4405 4405 4405 4405 4405 4349 4349 0 0 0 0
    5374 5374 4405 4405 4405 4405 4405 4349 4349 4405 0 0 0 0 0 5374
    5374 4405 4405 4405 4405 4405 4349 4349 4405 0 0 0 0 0 4405 4405
    4405 4405 4349 4349 4349 4349 4241 4241 0 0 0 0 0 4405 4405 4405
    4349 4349 4349 4349 4295 4190 4190 0 0 0 0 0 4463 4405 4405 4349
    4349 4349 4349 4295 4190 4190 0 0 0 0 0 4463 4463 4405 4349 4349
    4295 4295 4295 4139 4139 0 0 0 0 0 4522 4463 4405 4349 4349 4295
    4295 4295 4139 4139 0 0 0 0 0 4522 4463 4349 4349 4295 4295 4295
    4295 4295 0 0 0 0 0 0 4522 4463 4349 4349 4295 4295 4295 4295 4295 0
    0 0 0 0 0 4463 4463 4349 4349 4295 4295 4295 4295 4295 0 0 0 0 0 0
    4405 4405 4349 4349 4349 4349 4349 4349 0 0 0 0 0 0 0 4349 4349 4349
    4349 4349 4349 4405 4405 0 0 0 0 0 0 0 4349 4349 4349 4349 4405 4405
    4405 0 0 0 0 0 0 0 0 4349 4349 4349 4349 4405 4405 4405 0 0 0 0 0 0
    0 0 4349 4349 4349 4405 4405 4405 4405 0 0 0 0 0 0 0 0 4295 4349
    4349 4349 4349 4349 0 0 0 0 0 0 0 0 0 4295 4295 4295 4241 4241 4295
    0 0 0 0 0 0 0 0 0 4295 4295 4295 4241 4190 4190 0 0 0 0 0 0 0 0 0
    4349 4295 4295 4241 4190 4190 0 0 0 0 0 0 0 0 0 0 4349 4295 4295
    4295 4295 0 0 0 0 0 0 0 0 0</data></Depth18527>
</opencv_storage>
