<?xml version="1.0"?>
<opencv_storage>
<Depth10406 type_id="opencv-matrix">
  <rows>60</rows>
  <cols>43</cols>
  <dt>w</dt>
  <data>
    3948 3994 3994 3994 3994 4041 4041 4041 4041 3994 3994 3994 0 0 0 0
    0 1705 1705 4190 4190 4190 4190 1696 1696 1696 1705 1705 4190 4190
    4190 4190 4241 1671 1671 1671 1671 1671 1671 4295 4295 4295 4241
    3948 3994 3994 3994 3994 4041 4041 4041 4041 3994 3994 3994 0 0 1705
    0 0 1705 0 1696 4190 4190 4190 1696 1696 1688 1680 1680 4190 4190
    4190 4241 1680 1671 1671 1671 1671 1671 1671 1671 4295 4295 4241
    3948 3994 3994 3994 3994 4041 4041 4041 4041 3948 3948 3948 0 1680
    1705 1705 1705 1705 1705 1696 1696 1696 1696 1688 1680 1680 1680
    1680 1671 1671 1671 1680 1671 1671 1671 1671 1671 1671 1671 1671
    4295 4295 4295 3948 3994 3994 4041 3994 3948 3948 4041 4041 3948
    3948 0 1705 0 1680 1680 1705 1705 1705 1705 1696 1696 1696 1688 1680
    1680 1680 1680 1671 1671 1671 1680 1671 1671 1671 1671 1671 1671
    1671 1671 4349 4295 4295 3948 3994 1739 1731 1731 1731 1722 1722
    1722 1722 1713 1705 1705 1705 1680 1680 1705 1705 1705 1705 1696
    1696 1696 1688 1688 1680 1680 1680 1671 1671 1680 1671 1671 1671
    1671 1671 1671 1671 1671 1671 1671 4295 4295 3948 1739 1739 1731
    1731 1731 1722 1722 1722 1722 1713 1705 1705 1705 1688 1688 1705
    1705 1705 1705 1696 1696 1696 1688 1688 1680 1680 1680 1680 1680
    1671 1671 1671 1671 1671 1671 1671 1671 1671 1671 1671 4295 4295
    1748 1739 1739 1731 1731 1731 1731 1722 1722 1722 1713 1713 1713
    1705 1705 1705 1705 1705 1696 1696 1696 1696 1696 1696 1688 1680
    1680 1680 1680 1680 1671 1671 1671 1671 1671 1671 1671 1671 1671
    1671 1671 4241 4241 1748 1739 1739 1731 1731 1731 1731 1722 1722
    1722 1722 1713 1713 1713 1713 1705 1705 1705 1696 1696 1696 1696
    1696 1688 1688 1680 1680 1680 1680 1671 1671 1671 1671 1671 1671
    1671 1671 1671 1671 1671 1671 4241 4241 1748 1739 1739 1731 1731
    1731 1731 1722 1713 1713 1722 1713 1713 1713 1705 1705 1705 1696
    1696 1696 1696 1696 1696 1688 1688 1680 1680 1680 1680 1671 1671
    1671 1671 1671 1671 1671 1671 1671 1671 1671 1671 4295 4295 1739
    1739 1739 1739 1731 1731 1731 1722 1713 1713 1713 1713 1713 1705
    1705 1705 1705 1696 1696 1696 1696 1696 1696 1696 1688 1680 1680
    1680 1680 1671 1671 1671 1671 1663 1663 1671 1671 1671 1671 1671
    1671 4295 4295 1739 1739 1739 1731 1731 1731 1731 1722 1713 1713
    1713 1713 1713 1705 1705 1705 1705 1705 1696 1696 1696 1696 1696
    1688 1688 1680 1680 1680 1680 1680 1680 1671 1663 1663 1663 1671
    1671 1671 1671 1680 1713 4295 4295 1731 1731 1731 1731 1731 1731
    1731 1722 1713 1713 1713 1713 1713 1705 1705 1705 1705 1705 1696
    1696 1696 1696 1696 1688 1688 1688 1680 1680 1688 1680 1680 1671
    1663 1663 1663 1671 1671 1671 1671 1688 1713 4295 4295 1731 1731
    1731 1739 1739 1731 1731 1722 1713 1713 1713 1713 1705 1705 1705
    1705 1705 1705 1705 1696 1696 1696 1688 1688 1680 1680 1680 1680
    1680 1680 1671 1671 1671 1663 1663 1671 1671 1671 1671 1680 1713
    1713 4190 1731 1731 1731 1739 1731 1731 1731 1722 1713 1713 1713
    1705 1705 1705 1705 1705 1705 1705 1705 1696 1696 1696 1688 1680
    1680 1680 1680 1680 1671 1671 1671 1671 1671 1663 1663 1671 1671
    1671 1671 1680 1680 4190 4190 1731 1731 1731 1739 1731 1722 1722
    1722 1713 1713 1705 1705 1705 1705 1705 1705 1705 1705 1696 1696
    1696 1696 1688 1680 1680 1680 1680 1671 1671 1671 1671 1671 1671
    1663 1663 1671 1671 1671 1671 1671 1671 1671 4241 1731 1731 1731
    1731 1731 1722 1722 1722 1713 1713 1705 1705 1705 1705 1705 1705
    1705 1705 1696 1696 1696 1696 1688 1688 1680 1680 1680 1671 1671
    1671 1671 1671 1663 1663 1663 1671 1663 1663 1671 1671 1671 1671
    4241 1739 1731 1731 1731 1731 1731 1722 1713 1713 1713 1713 1705
    1705 1705 1705 1705 1705 1705 1705 1696 1696 1696 1688 1680 1680
    1680 1680 1671 1671 1671 1671 1663 1663 1663 1663 1671 1663 1663
    1663 1663 1663 1663 4349 1739 1731 1731 1731 1731 1731 1722 1713
    1713 1713 1713 1713 1713 1705 1705 1705 1696 1696 1696 1696 1696
    1696 1688 1680 1680 1680 1680 1671 1671 1671 1671 1663 1663 1663
    1663 1671 1663 1663 1663 1663 1663 1663 4349 1739 1731 1731 1739
    1731 1731 1722 1722 1722 1713 1713 1713 1713 1705 1705 1705 1696
    1696 1696 1696 1696 1696 1688 1688 1680 1680 1680 1671 1671 1671
    1671 1671 1663 1663 1663 1671 1663 1663 1663 1671 1671 1671 4463
    1731 1731 1731 1739 1731 1731 1722 1722 1722 1722 1713 1713 1713
    1705 1705 1705 1705 1705 1696 1696 1696 1688 1688 1680 1680 1680
    1680 1671 1671 1671 1671 1671 1663 1663 1663 1671 1663 1663 1663
    1671 1671 1671 4349 1731 1731 1731 1739 1731 1722 1722 1722 1722
    1722 1722 1713 1713 1705 1705 1705 1705 1705 1696 1696 1696 1688
    1680 1680 1680 1680 1680 1671 1671 1671 1671 1671 1671 1663 1663
    1671 1671 1663 1663 1671 1671 4349 4349 1731 1731 1731 1739 1731
    1722 1722 1713 1713 1713 1713 1713 1705 1705 1696 1696 1705 1705
    1705 1696 1688 1688 1680 1680 1680 1680 1680 1671 1671 1671 1671
    1671 1671 1663 1663 1671 1663 1663 1663 1671 1671 4349 4349 1739
    1739 1731 1731 1722 1722 1722 1713 1713 1713 1713 1713 1705 1705
    1696 1696 1705 1696 1696 1696 1688 1680 1680 1680 1680 1680 1680
    1671 1671 1671 1671 1671 1663 1663 1663 1671 1663 1663 1663 1663
    1663 4349 4349 1739 1739 1731 1731 1722 1722 1713 1713 1713 1713
    1713 1705 1705 1705 1705 1705 1705 1696 1696 1688 1688 1680 1680
    1680 1680 1680 1680 1671 1671 1671 1671 1671 1663 1663 1663 1663
    1663 1663 1663 1663 1663 4349 4349 1739 1739 1731 1731 1722 1722
    1713 1713 1713 1713 1713 1705 1705 1705 1705 1705 1705 1696 1696
    1688 1680 1680 1680 1680 1680 1680 1680 1680 1680 1671 1671 1671
    1663 1663 1663 1663 1663 1663 1663 1663 1663 4349 4349 1739 1739
    1731 1731 1722 1722 1713 1713 1705 1705 1705 1705 1705 1705 1705
    1705 1696 1696 1696 1696 1680 1680 1680 1680 1680 1680 1680 1671
    1671 1671 1671 1671 1663 1663 1663 1663 1655 1655 1663 1663 1663
    4295 4295 1739 1739 1731 1722 1722 1722 1713 1713 1705 1705 1705
    1705 1705 1705 1705 1705 1696 1696 1696 1696 1688 1680 1680 1680
    1680 1680 1671 1671 1671 1671 1671 1671 1663 1663 1663 1655 1655
    1655 1655 1680 1696 1696 4295 3903 1731 1731 1722 1722 1722 1713
    1713 1705 1705 1705 1705 1705 1705 1705 1705 1696 1696 1696 1696
    1688 1688 1680 1680 1680 1680 1671 1671 1671 1671 1671 1671 1663
    1663 1663 1655 1655 1655 1655 1671 1696 1696 4295 0 1722 1722 1722
    1722 1713 1713 1713 1705 1705 1705 1705 1705 1705 1705 1705 1696
    1696 1696 1688 1688 1680 1680 1680 1680 1680 1671 1671 1671 1671
    1671 1663 1663 1663 1663 1655 1655 1655 1655 1647 1647 1647 4295
    3816 1722 1722 1722 1722 1713 1713 1705 1705 1705 1705 1705 1705
    1705 1705 1705 1696 1696 1696 1688 1688 1680 1680 1680 1680 1680
    1671 1671 1671 1671 1663 1663 1663 1663 1663 1655 1655 1655 1655
    1647 1647 1647 4405 3816 1731 1731 1731 1722 1722 1713 1705 1705
    1705 1705 1705 1705 1705 1705 1705 1696 1696 1696 1688 1688 1680
    1680 1680 1680 1680 1671 1671 1671 1671 1663 1663 1663 1663 1663
    1663 1655 1655 1655 1663 1663 4349 4349 3816 1731 1731 1731 1722
    1722 1713 1705 1705 1705 1705 1705 1705 1705 1705 1705 1696 1696
    1696 1688 1688 1680 1680 1680 1680 1680 1671 1671 1671 1671 1663
    1663 1663 1663 1663 1663 1655 1655 1655 1663 1663 4295 4295 3903
    1739 1739 1731 1722 1713 1713 1705 1705 1705 1705 1705 1705 1696
    1696 1696 1688 1688 1688 1688 1688 1688 1688 1688 1680 1671 1671
    1671 1663 1663 1663 1663 1663 1663 1663 1663 1663 1663 1663 1680
    1680 4295 4295 3859 1766 1739 1731 1722 1713 1713 1705 1705 1705
    1705 1705 1705 1696 1696 1696 1688 1688 1688 1688 1688 1688 1688
    1688 1680 1671 1671 1671 1663 1663 1663 1663 1663 1663 1663 1663
    1663 1663 1671 1680 1680 1680 4295 3859 1766 1739 1731 1722 1722
    1713 1713 1705 1705 1705 1705 1705 1696 1696 1696 1688 1688 1688
