<?xml version="1.0"?>
<opencv_storage>
<Depth6753 type_id="opencv-matrix">
  <rows>95</rows>
  <cols>71</cols>
  <dt>w</dt>
  <data>
    4041 4041 4139 4190 4190 4190 4139 1108 1105 1105 1105 1101 1101
    1105 1105 1105 1108 1108 1108 1112 1108 1108 3994 3994 1108 1108
    3994 3994 3994 3994 3994 3994 3994 3948 3948 3948 3948 3994 3994
    3948 3903 3903 3903 3903 3903 3903 3903 3859 3859 3903 3903 3859
    3859 3774 3774 3774 3732 3732 3816 3859 3859 3859 3859 3816 3774
    3774 3774 3774 3774 3774 3774 0 4139 0 0 4241 4241 1108 1105 1101
    1101 1101 1101 1101 1105 1105 1105 1105 1105 1108 1108 1108 1108
    1108 1108 1108 1108 1108 1108 1115 1108 1108 3994 3994 3948 3903
    3903 3903 3994 4041 1126 1126 3948 3903 3903 3903 3903 3903 3859
    3859 3903 3903 3859 3859 3816 3774 3774 3774 3774 3816 3859 3859
    3859 3816 3816 3774 3774 3774 3732 3732 3732 3732 0 0 0 0 1119 1119
    1108 1101 1101 1097 1097 1101 1101 1105 1105 1105 1105 1105 1108
    1108 1108 1108 1108 1108 1108 1108 1108 1108 1115 1108 1108 1112
    1119 1123 1123 1123 1123 1123 1123 1126 1126 1126 1123 1123 3948
    3903 3903 3903 3903 3948 3903 3903 3859 3859 3816 3816 3816 3816
    3816 3859 3859 3859 3816 3816 3774 3774 3774 3732 3732 3732 3732 0 0
    0 0 1123 1115 1105 1097 1097 1097 1097 1097 1101 1101 1101 1101 1101
    1101 1105 1105 1108 1108 1108 1108 1108 1108 1112 1112 1115 1112
    1112 1112 1119 1123 1123 1123 1123 1123 1123 1126 1126 1126 1123
    1123 1123 1126 1126 1126 1138 1138 1141 3903 3859 3859 3859 3816
    3816 3816 3816 3816 3816 3774 3774 3816 3774 3774 3774 3732 3732
    3732 3732 0 0 0 1134 1123 1115 1101 1094 1094 1094 1094 1094 1097
    1097 1097 1097 1097 1101 1105 1105 1105 1105 1105 1105 1105 1108
    1108 1108 1112 1112 1112 1115 1119 1119 1123 1123 1123 1123 1123
    1126 1126 1126 1123 1123 1123 1126 1126 1126 1134 1138 1138 1138
    1141 1141 1141 1141 1141 3816 3816 3816 3816 3732 3732 3774 3774
    3774 3774 3732 3732 3732 3732 0 0 0 1134 1130 1119 1101 1094 1094
    1094 1094 1094 1094 1094 1094 1094 1094 1097 1097 1105 1105 1105
    1105 1105 1105 1108 1108 1108 1112 1112 1112 1112 1115 1119 1123
    1123 1123 1123 1123 1126 1126 1126 1126 1126 1126 1130 1126 1126
    1134 1138 1138 1138 1141 1138 1138 1141 1141 1141 1141 1141 3732
    3732 3732 3774 3774 3774 3732 3732 3732 3732 3732 0 0 0 1134 1130
    1123 1101 1094 1094 1094 1094 1094 1094 1094 1094 1094 1094 1094
    1094 1097 1101 1101 1105 1105 1105 1108 1108 1108 1112 1112 1112
    1112 1112 1115 1119 1119 1123 1123 1123 1123 1123 1123 1123 1126
    1126 1126 1126 1130 1134 1134 1138 1138 1138 1138 1138 1138 1138
    1138 1138 1138 1138 1138 3774 3774 3774 3774 3732 3732 3732 3732
    3732 0 0 0 1134 1126 1119 1101 1094 1090 1090 1094 1094 1094 1094
    1094 1094 1094 1094 1094 1097 1097 1097 1101 1101 1105 1105 1105
    1108 1108 1108 1112 1112 1112 1112 1112 1115 1119 1119 1123 1123
    1123 1123 1123 1126 1126 1126 1126 1126 1130 1134 1134 1130 1130
    1134 1134 1138 1138 1138 1134 1134 1134 1126 0 3732 3732 3732 3732
    3732 3732 3732 3732 0 0 1149 1134 1126 1115 1094 1090 1090 1090 1090
    1090 1090 1090 1090 1094 1094 1094 1094 1094 1094 1094 1097 1097
    1101 1105 1105 1108 1108 1108 1112 1112 1112 1112 1112 1115 1115
    1115 1119 1119 1119 1123 1123 1123 1123 1123 1126 1126 1126 1130
    1130 1130 1130 1134 1134 1134 1138 1134 1134 1126 1126 1126 0 3732
    3732 3732 3732 3732 3732 3732 3732 0 1157 1149 1138 1130 1112 1090
    1087 1084 1084 1087 1090 1090 1090 1090 1090 1090 1090 1090 1094
    1094 1094 1094 1094 1097 1101 1101 1108 1108 1108 1108 1108 1108
    1108 1112 1112 1112 1112 1115 1115 1115 1119 1123 1123 1123 1123
    1123 1123 1126 1126 1126 1130 1130 1130 1130 1134 1134 1134 1130
    1123 1123 1123 0 3732 3732 3732 3732 3732 3732 3732 3732 0 1157 1153
    1145 1134 1112 1090 1084 1080 1080 1084 1084 1084 1087 1087 1090
    1090 1090 1090 1090 1090 1094 1094 1094 1097 1097 1101 1105 1105
    1108 1108 1108 1108 1108 1108 1112 1112 1112 1112 1112 1112 1115
    1119 1123 1123 1123 1123 1123 1123 1126 1126 1126 1126 1126 1130
    1130 1134 1130 1130 1123 1123 0 0 0 3732 3732 3732 3732 3732 3732
    3732 0 1157 1149 1141 1130 1112 1087 1084 1080 1080 1080 1084 1084
    1084 1087 1087 1087 1090 1090 1090 1090 1090 1094 1094 1094 1094
    1094 1097 1101 1101 1105 1105 1105 1108 1108 1108 1112 1112 1112
    1112 1112 1112 1115 1119 1123 1123 1123 1123 1123 1123 1123 1123
    1123 1126 1126 1126 1126 1126 1126 1126 1126 1126 0 3774 3774 3774
    3732 3732 3732 3732 3732 0 1157 1149 1141 1126 1112 1087 1084 1080
    1080 1080 1080 1080 1084 1084 1084 1087 1087 1087 1087 1090 1090
    1090 1090 1094 1090 1090 1097 1097 1097 1101 1105 1105 1105 1108
    1108 1108 1108 1112 1108 1108 1112 1112 1115 1119 1119 1119 1123
    1123 1123 1123 1123 1123 1123 1126 1126 1126 1126 1126 1126 1126
    1126 0 3732 3732 3732 3732 3732 3732 3732 3732 0 1157 1149 1134 1123
    1105 1087 1080 1080 1080 1080 1080 1080 1080 1080 1080 1084 1084
    1087 1087 1087 1090 1090 1090 1090 1090 1090 1094 1097 1097 1097
    1097 1097 1101 1101 1105 1105 1108 1108 1108 1108 1108 1112 1115
    1115 1115 1115 1119 1119 1119 1119 1119 1119 1123 1123 1123 1123
    1123 1123 1123 1126 1126 0 3732 3732 3732 3732 3732 3732 3732 3692
    1161 1153 1149 1134 1123 1105 1084 1080 1080 1080 1080 1077 1077
    1080 1080 1080 1080 1080 1080 1080 1080 1084 1090 1090 1090 1090
    1090 1094 1094 1097 1097 1097 1097 1097 1101 1101 1105 1105 1108
    1105 1105 1108 1108 1112 1115 1115 1115 1115 1119 1119 1119 1119
    1119 1123 1123 1123 1123 1123 1123 1123 1123 1123 1126 3816 3816
    3732 3732 3732 3692 3692 3692 1161 1153 1149 1134 1119 1101 1084
    1080 1077 1077 1077 1077 1077 1077 1077 1077 1080 1080 1080 1080
    1080 1080 1084 1084 1087 1087 1090 1094 1094 1094 1097 1097 1097
    1097 1097 1097 1101 1101 1105 1105 1105 1105 1108 1112 1112 1112
    1112 1112 1112 1115 1119 1119 1119 1123 1123 1123 1123 1123 1123
    1123 1123 1126 1126 3816 3816 3732 3732 3692 3692 3692 3692 1169
    1157 1149 1134 1115 1101 1080 1077 1077 1077 1077 1073 1073 1077
    1077 1077 1077 1080 1080 1080 1080 1080 1080 1080 1084 1087 1087
    1087 1094 1094 1094 1097 1097 1097 1097 1097 1097 1101 1105 1105
    1105 1105 1108 1112 1112 1112 1112 1112 1112 1112 1112 1112 1115
    1115 1115 1119 1119 1119 1119 1119 1123 1126 1126 1126 3732 3732
    3732 3692 3692 3692 3692 1169 1161 1149 1134 1115 1101 1080 1077
    1077 1073 1073 1073 1073 1073 1073 1073 1077 1077 1077 1080 1080
    1080 1080 1080 1084 1084 1084 1087 1094 1094 1094 1094 1094 1097
    1094 1094 1097 1097 1097 1097 1101 1105 1108 1108 1108 1108 1108
    1108 1108 1108 1112 1112 1112 1115 1115 1115 1115 1115 1115 1119
    1119 1123 1123 0 3732 3732 3732 3692 3692 3692 3692 0 1161 1149 1126
    1115 1094 1080 1077 1070 1070 1070 1070 1070 1070 1073 1073 1077
    1077 1077 1077 1077 1077 1077 1080 1084 1084 1084 1087 1087 1090
    1090 1094 1094 1094 1094 1094 1094 1094 1097 1097 1101 1105 1108
    1108 1108 1108 1108 1108 1108 1108 1108 1112 1112 1112 1115 1112
    1112 1112 1112 1115 1115 1115 1115 0 3732 3732 3732 3692 3692 3653
    3653 0 1153 1141 1126 1105 1090 1080 1073 1067 1067 1070 1070 1070
    1070 1070 1073 1073 1073 1073 1073 1077 1077 1077 1077 1080 1080
    1080 1084 1087 1087 1090 1090 1094 1094 1094 1094 1094 1094 1094
    1094 1097 1101 1105 1105 1105 1105 1108 1108 1108 1108 1108 1112
    1112 1112 1112 1112 1112 1112 1112 1115 1115 1115 1115 1112 3732
    3732 3732 3692 3692 3653 3653 0 1149 1138 1126 1105 1087 1080 1070
    1067 1067 1067 1070 1070 1070 1070 1070 1070 1070 1070 1070 1073
    1073 1077 1077 1077 1077 1080 1084 1084 1087 1087 1090 1090 1094
    1094 1094 1094 1094 1094 1094 1094 1097 1101 1101 1101 1105 1105
    1105 1108 1108 1108 1108 1108 1112 1112 1112 1112 1112 1112 1112
    1112 1112 1112 1112 3732 3732 3692 3692 3692 3692 3692 0 1145 1138
    1126 1105 1087 1077 1070 1067 1067 1067 1067 1067 1067 1067 1067
