<?xml version="1.0"?>
<opencv_storage>
<Depth3029 type_id="opencv-matrix">
  <rows>16</rows>
  <cols>50</cols>
  <dt>w</dt>
  <data>
    2065 2065 2065 2053 2053 2040 2040 2040 2040 2040 2040 2040 2016
    2016 2016 2016 2016 2005 2005 2005 2005 2005 2005 1993 1993 1970
    1970 1970 1970 1970 1970 1970 1970 1970 1970 1959 1959 1970 1970
    1959 1959 1959 1959 1959 1959 1970 1959 1959 1959 1959 2090 2078
    2078 2078 2065 2065 2053 2053 2053 2053 2053 2040 2028 2016 2016
    2016 2016 2005 2005 2005 2005 2005 2005 1993 1993 1981 1981 1981
    1981 1981 1970 1970 1970 1970 1970 1970 1970 1970 1970 1959 1959
    1959 1959 1959 1959 1959 1959 1959 1959 1959 2090 2090 2090 2090
    2090 2078 2065 2065 2065 2065 2065 2053 2040 2040 2040 2028 2028
    2016 2016 2016 2005 2005 2005 2005 2005 2005 1993 1993 1993 1993
    1981 1981 1981 1981 1970 1970 1970 1970 1970 1970 1970 1970 1970
    1959 1959 1959 1959 1959 1959 1959 2116 2103 2103 2103 2103 2090
    2090 2078 2078 2078 2065 2065 2053 2053 2053 2053 2053 2053 2028
    2028 2016 2016 2016 2016 2016 2016 2016 2016 2005 2005 1993 1993
    1993 1981 1981 1981 1970 1970 1970 1970 1970 1970 1970 1959 1959
    1959 1947 1947 1947 1959 2116 2116 2103 2103 2116 2116 2116 2103
    2103 2090 2078 2078 2065 2065 2065 2065 2065 2065 2053 2053 2040
    2028 2028 2028 2028 2016 2016 2016 2016 2016 2005 2005 2005 1993
    1993 1993 1981 1981 1981 1981 1981 1981 1970 1970 1959 1959 1947
    1947 1947 3774 2143 2143 2129 2129 2129 2129 2129 2116 2116 2116
    2116 2103 2103 2090 2078 2078 2078 2065 2065 2065 2053 2053 2053
    2040 2040 2028 2028 2016 2016 2028 2016 2016 2016 2005 2005 2005
    2005 2005 2005 1993 1981 1981 1970 1970 1970 1959 1959 3816 3816
    3774 2143 2143 2143 2143 2143 2143 2156 2143 2143 2129 2129 2116
    2116 2103 2103 2103 2103 2103 2103 2078 2065 2053 2053 2053 2040
    2040 2028 2028 2040 2040 2028 2028 2028 2028 2016 2016 2016 2016
    2005 2005 1993 1993 2005 2005 1981 1981 2005 3816 3816 3774 2156
    2156 2156 2156 2156 2156 2156 2156 2156 2143 2143 2129 2116 2116
    2116 2116 2116 2103 2103 2090 2078 2078 2090 2090 2065 2065 2065
    2065 2053 2053 2040 2040 2040 2040 2040 2040 2028 2028 2016 2016
    2005 2005 2005 2005 2005 2005 2005 3816 3816 3816 2212 2212 2170
    2170 2170 2170 2170 2170 2170 2156 2156 2156 2143 2129 2129 2129
    2129 2116 2116 2103 2103 2103 2103 2103 2103 2090 2078 2078 2078
    2065 2065 2065 2053 2053 2053 2053 2053 2040 2028 2028 2016 2016
    2005 2005 2005 2005 2005 3774 3774 3774 2241 2226 2212 2212 2212
    2212 2198 2184 2170 2170 2156 2156 2156 2156 2143 2143 2143 2129
    2129 2116 2103 2103 2116 2103 2103 2103 2090 2090 2078 2078 2078
    2078 2065 2065 2078 2078 2078 2065 2053 2040 2040 2028 2016 2016
    2005 2005 3816 3774 3774 3774 2241 2241 2212 2212 2212 2212 2212
    2198 2184 2170 2170 2170 2170 2156 2156 2156 2156 2156 2156 2143
    2129 2129 2129 2116 2116 2116 2103 2103 2090 2090 2103 2103 2090
    2090 2090 2090 2090 2090 2065 2065 2053 2053 2053 2053 2053 3816
    3816 3816 3816 3774 2271 2256 2226 2226 2212 2212 2212 2212 2212
    2198 2170 2170 2170 2170 2156 2156 2156 2156 2170 2170 2156 2156
    2156 2129 2129 2129 2129 2129 2116 2116 2116 2116 2116 2103 2103
    2090 2090 2090 2090 2078 2065 2065 2065 2065 2065 3816 3816 3816
    3816 3774 4190 2271 2256 2241 2226 2212 2212 2212 2212 2212 2184
    2184 2184 2184 2184 2184 2170 2170 2170 2170 2170 2170 2170 2156
    2156 2143 2143 2156 2143 2143 2116 2116 2129 2116 2116 2116 2103
    2103 2103 2090 2090 2090 2065 2065 2065 3903 3859 3816 3816 3774
    4190 4241 2271 2256 2241 2241 4190 2226 2226 2212 2198 2198 2212
    2212 2198 2198 2198 2184 2170 2170 2170 2170 2170 2170 2170 2170
    2170 2156 2156 2156 2143 2129 2129 2129 2116 2116 2116 2116 2116
    2103 2103 2103 2090 2090 2090 3903 3903 3816 3816 3816 4241 4241
    4241 4190 4190 4190 4190 4190 4190 4139 4139 4089 4089 2212 2198
    2198 2198 2184 2170 2170 2170 2170 2170 2170 2184 2184 2170 2170
    2156 2156 2156 2156 2143 2143 2129 2129 2129 2116 2116 2116 2116
    2116 2103 2103 2103 3903 3903 3816 3816 3816 4241 4241 4241 4241
    4190 4190 4190 4190 4190 4190 4190 4139 4139 4139 4089 4089 4041
    4041 4041 4041 4041 4041 4041 4041 4041 2198 2198 2170 2170 2156
    2156 2156 2156 2143 2143 2129 2129 2129 2129 2116 2116 2116 2116
    2116 3903 3903 3903 3816 3816 3816</data></Depth3029>
</opencv_storage>
