<?xml version="1.0"?>
<opencv_storage>
<Depth4283 type_id="opencv-matrix">
  <rows>8</rows>
  <cols>22</cols>
  <dt>w</dt>
  <data>
    1823 4349 4349 4405 4405 4522 4582 4582 4582 4582 4708 4774 4842
    4842 1833 1833 1823 1823 1833 1843 1843 1843 4349 4349 4349 4405
    4405 4522 4582 4582 4582 4582 4708 4774 4842 4842 4842 4842 4842
    4911 4911 4983 5056 5056 4349 4349 4349 4349 4349 4522 4522 4582
    4582 4582 4645 4708 4708 4842 4842 4842 4842 4911 4911 4983 5056
    5056 4349 4349 4349 4349 4349 4522 4463 4463 4522 4522 4645 4645
    4708 4842 4774 4774 4774 4911 4911 4983 5056 5056 4349 4349 4349
    4349 4463 4522 4463 4463 4522 4522 4582 4645 4842 4842 4774 4774
    4774 4842 4911 4911 4911 5056 2381 4349 4349 4349 4463 4463 4522
    4522 4522 4522 4582 4645 4645 4708 4708 4708 4774 4842 4842 4911
    4911 4983 2381 2381 4405 4405 4463 4463 4522 4522 4522 4522 4582
    4645 4645 4645 4708 4708 4842 4842 4842 4842 4842 4983 2381 2365
    2365 4463 4463 4463 4463 4463 4522 4522 4582 4582 4645 4645 4645
    4774 4774 4842 4842 4842 4842 4911</data></Depth4283>
</opencv_storage>
