<?xml version="1.0"?>
<opencv_storage>
<Depth6360 type_id="opencv-matrix">
  <rows>76</rows>
  <cols>54</cols>
  <dt>w</dt>
  <data>
    3503 3503 3503 3539 3503 3503 3503 3503 1349 1343 1338 1333 1333
    1328 1328 1333 1333 1338 1343 1343 1343 3433 3433 3468 3468 3399
    3399 3399 3399 3399 3399 3399 3399 3399 3399 3365 3365 3365 3365
    3365 3365 3365 3365 3365 3365 3365 3365 3365 3365 3365 3365 3365
    3365 3333 3468 3468 3468 3503 3503 1354 1354 1349 1349 1343 1338
    1333 1328 1328 1328 1328 1333 1333 1338 1338 1343 1343 1343 1343
    3468 1365 1365 3399 3399 3399 3399 3399 3399 3399 3399 3399 3365
    3365 3365 3365 3365 3365 3365 3365 3365 3365 3365 3365 3365 3365
    3333 3333 3333 3333 3468 3468 3468 3503 3503 1354 1354 1349 1349
    1338 1333 1328 1328 1328 1328 1328 1333 1333 1338 1338 1343 1343
    1343 1343 1354 1359 1359 1359 1359 1365 1365 1370 1370 3399 3399
    3399 3399 3365 3365 3365 3333 3333 3365 3365 3365 3365 3333 3333
    3333 3333 3333 3333 3333 3333 3468 3468 3468 1398 1398 1381 1359
    1354 1349 1338 1328 1328 1328 1328 1328 1328 1328 1333 1333 1338
    1343 1343 1349 1349 1354 1359 1359 1359 1359 1365 1365 1370 1370
    1370 1370 1376 1381 1381 1387 3365 3333 3333 3365 3365 3365 3365
    3333 3333 3333 3333 3333 3333 3333 3333 3503 1421 1398 1398 1392
    1381 1365 1354 1349 1338 1328 1328 1322 1322 1328 1328 1328 1333
    1333 1338 1343 1343 1349 1349 1349 1354 1354 1359 1359 1365 1365
    1370 1370 1370 1370 1376 1381 1381 1381 1387 1392 1392 1392 1392
    1404 1415 1415 1415 1415 3333 3333 3333 3333 3333 1421 1421 1421
    1398 1392 1381 1365 1354 1349 1338 1328 1322 1322 1322 1328 1328
    1328 1333 1333 1338 1343 1343 1349 1349 1349 1354 1354 1359 1359
    1365 1365 1370 1370 1370 1376 1376 1381 1381 1381 1387 1392 1392
    1392 1392 1404 1410 1415 1415 1410 1410 1410 1410 3333 3333 1421
    1421 1410 1398 1387 1376 1365 1354 1349 1338 1328 1322 1322 1322
    1328 1328 1328 1333 1333 1333 1338 1338 1343 1349 1349 1349 1354
    1354 1359 1365 1365 1370 1370 1370 1370 1376 1381 1381 1387 1387
    1392 1392 1398 1398 1404 1410 1410 1410 1410 1410 1410 1410 3365
    3300 1415 1415 1404 1392 1381 1376 1359 1349 1343 1338 1328 1322
    1322 1322 1328 1328 1328 1333 1333 1333 1338 1338 1343 1343 1349
    1349 1354 1354 1359 1365 1365 1370 1370 1370 1370 1376 1381 1381
    1387 1387 1392 1392 1398 1398 1404 1404 1404 1410 1410 1410 1410
    1410 3300 3300 1415 1415 1404 1392 1381 1376 1359 1349 1343 1333
    1328 1328 1328 1328 1328 1328 1328 1333 1333 1333 1338 1338 1343
    1343 1349 1349 1354 1354 1359 1359 1359 1370 1370 1370 1370 1376
    1381 1381 1387 1387 1392 1392 1398 1398 1404 1404 1404 1404 1410
    1410 1410 3300 3300 3300 1415 1415 1404 1392 1376 1370 1359 1349
    1343 1333 1328 1322 1322 1322 1328 1328 1328 1333 1333 1333 1338
    1338 1338 1343 1343 1343 1349 1349 1354 1359 1359 1365 1370 1370
    1370 1376 1381 1381 1381 1387 1392 1392 1398 1398 1398 1398 1398
    1404 1404 1410 1410 1410 3300 3300 1415 1404 1404 1392 1376 1370
    1359 1349 1343 1333 1328 1322 1322 1322 1322 1328 1328 1333 1333
    1333 1338 1338 1338 1343 1343 1343 1349 1349 1354 1359 1359 1365
    1370 1370 1370 1376 1381 1381 1381 1387 1387 1392 1392 1392 1398
    1398 1398 1398 1404 1404 1404 1404 3269 3269 1415 1404 1404 1392
    1376 1370 1359 1349 1338 1333 1328 1317 1317 1322 1322 1322 1328
    1328 1328 1333 1333 1338 1338 1343 1343 1343 1349 1349 1354 1354
    1359 1365 1365 1370 1370 1370 1376 1381 1387 1387 1387 1387 1392
    1392 1398 1398 1398 1398 1404 1404 1404 1404 3269 3269 1410 1410
    1404 1392 1381 1376 1359 1349 1338 1328 1322 1312 1312 1317 1317
    1322 1322 1328 1328 1328 1333 1333 1338 1338 1338 1343 1349 1349
    1354 1354 1354 1359 1359 1365 1365 1370 1376 1376 1381 1381 1387
    1387 1392 1392 1398 1398 1398 1398 1404 1404 1404 1404 3269 3269
    1410 1410 1404 1392 1376 1370 1359 1349 1338 1328 1322 1312 1312
    1317 1317 1322 1322 1328 1328 1328 1333 1333 1333 1338 1338 1343
    1349 1349 1354 1354 1354 1359 1359 1365 1365 1370 1376 1376 1376
    1381 1381 1387 1392 1392 1398 1398 1398 1398 1404 1404 1404 1404
    3269 3269 1410 1410 1398 1387 1376 1370 1359 1349 1338 1328 1312
    1312 1312 1312 1317 1322 1322 1328 1328 1328 1333 1333 1333 1338
    1338 1338 1349 1349 1349 1354 1354 1359 1359 1365 1370 1370 1376
    1376 1376 1376 1381 1387 1392 1392 1398 1398 1398 1398 1398 1404
    1404 1404 3269 3269 1415 1415 1398 1387 1376 1365 1359 1349 1338
    1328 1312 1312 1312 1312 1317 1322 1322 1328 1328 1328 1333 1333
    1333 1333 1338 1338 1343 1343 1349 1354 1354 1359 1359 1359 1370
    1376 1376 1376 1376 1376 1376 1381 1392 1392 1392 1398 1398 1398
    1398 1398 1398 1398 3300 3300 1410 1410 1398 1387 1376 1365 1359
    1349 1338 1328 1312 1312 1312 1312 1317 1317 1317 1322 1328 1328
    1333 1333 1333 1333 1338 1338 1343 1343 1349 1354 1354 1359 1359
    1359 1370 1376 1376 1376 1376 1376 1376 1381 1381 1387 1392 1392
    1398 1398 1398 1398 1398 1398 3300 3300 1410 1410 1398 1387 1376
    1370 1359 1349 1338 1328 1312 1312 1312 1312 1317 1317 1317 1322
    1322 1328 1328 1333 1333 1333 1333 1333 1343 1343 1349 1354 1354
    1354 1359 1359 1365 1376 1376 1376 1376 1376 1376 1381 1381 1387
    1392 1392 1398 1398 1398 1398 1398 1398 3300 3300 1410 1410 1398
    1387 1376 1370 1359 1349 1338 1328 1312 1312 1312 1312 1317 1322
    1322 1322 1322 1328 1328 1333 1333 1333 1333 1333 1338 1343 1349
    1354 1354 1354 1359 1359 1365 1370 1376 1376 1376 1376 1381 1381
    1387 1387 1392 1392 1392 1398 1398 1398 1398 3269 3269 3269 1404
    1404 1398 1392 1376 1370 1365 1349 1338 1317 1312 1312 1312 1312
    1312 1317 1322 1322 1322 1328 1328 1328 1333 1333 1333 1338 1338
    1343 1349 1349 1349 1354 1354 1359 1365 1370 1370 1376 1376 1376
    1381 1381 1387 1387 1387 1392 1392 1398 1398 1398 1398 3269 3269
    3269 0 1404 1392 1387 1376 1370 1365 1349 1333 1317 1312 1312 1312
    1312 1312 1317 1317 1322 1322 1322 1322 1328 1333 1338 1338 1338
    1338 1343 1349 1349 1349 1354 1354 1354 1359 1370 1370 1370 1370
    1376 1376 1381 1387 1387 1387 1392 1392 1392 1392 1392 1392 3269
    3269 3269 1404 1404 1392 1387 1376 1370 1359 1349 1333 1322 1312
    1307 1307 1307 1312 1317 1317 1322 1322 1322 1322 1328 1333 1333
    1338 1338 1343 1343 1349 1349 1349 1354 1354 1354 1359 1370 1370
    1370 1370 1376 1376 1381 1381 1381 1387 1392 1392 1392 1392 1392
    1392 1392 3269 3269 1410 1410 1398 1392 1376 1370 1354 1349 1338
    1322 1312 1307 1307 1307 1307 1312 1317 1322 1322 1322 1328 1328
    1333 1333 1333 1333 1338 1343 1343 1354 1354 1354 1354 1354 1354
    1354 1359 1370 1370 1376 1376 1376 1381 1381 1387 1392 1392 1392
    1387 1387 1387 1387 3269 3269 1410 1410 1398 1387 1376 1365 1354
    1343 1333 1322 1312 1307 1307 1307 1307 1312 1317 1317 1317 1322
    1322 1328 1328 1333 1333 1333 1338 1343 1343 1349 1349 1354 1354
    1354 1354 1354 1359 1370 1370 1370 1376 1376 1381 1381 1387 1387
    1387 1392 1387 1387 1387 1387 3269 3269 1398 1398 1392 1381 1370
    1365 1354 1343 1333 1322 1312 1307 1307 1307 1312 1312 1312 1317
    1317 1322 1322 1328 1328 1328 1333 1333 1338 1338 1343 1349 1349
    1349 1354 1354 1354 1354 1359 1370 1370 1370 1376 1376 1376 1376
    1376 1381 1381 1387 1392 1392 1392 1392 3269 3269 1392 1392 1387
    1381 1370 1365 1354 1343 1328 1317 1312 1307 1307 1307 1307 1312
    1312 1312 1317 1322 1322 1328 1328 1328 1333 1333 1333 1338 1343
    1349 1349 1349 1354 1354 1354 1354 1359 1365 1370 1370 1370 1376
    1376 1376 1376 1381 1381 1381 1392 1392 1392 1398 3300 3300 1392
    1392 1387 1376 1370 1365 1354 1343 1328 1317 1307 1307 1307 1307
    1307 1307 1312 1312 1312 1317 1322 1322 1328 1328 1328 1333 1333
    1338 1343 1349 1349 1349 1354 1354 1354 1354 1359 1365 1370 1370
    1370 1376 1376 1376 1381 1381 1381 1381 1392 1392 1398 1398 3269
    3269 1392 1387 1381 1376 1370 1359 1354 1343 1328 1317 1307 1307
