<?xml version="1.0"?>
<opencv_storage>
<Depth8629 type_id="opencv-matrix">
  <rows>98</rows>
  <cols>67</cols>
  <dt>w</dt>
  <data>
    3774 3732 3692 3692 3732 0 3732 0 1112 1112 1115 1115 1112 1112 1115
    1115 1115 1119 1115 1115 1119 1119 1123 1126 1126 1126 4241 4241
    4139 4139 4139 4241 4241 4241 4241 4241 4241 4241 4241 4241 4241
    4295 4295 4349 4349 4349 4349 4349 4349 4405 4405 4405 4349 4349
    4463 4463 4522 4522 4522 4582 4582 4582 4582 4645 4708 4774 4774
    3732 3732 3692 3692 0 3692 0 0 1112 1112 1112 1112 1112 1112 1112
    1115 1115 1119 1115 1115 1119 1123 1126 1126 1126 1126 1130 4241
    4241 4241 1145 1141 1141 1138 1138 1138 1161 1161 1165 1161 1161
    4295 4295 4349 4349 4349 4349 4349 4463 4463 4463 4405 4349 4349
    4463 4463 4463 4522 4522 4522 4582 4582 4582 4645 4645 4774 4774
    3732 3732 3732 0 3732 0 0 0 1112 1112 1112 1112 1112 1112 1112 1119
    1119 1123 1119 1119 1119 1123 1126 1126 1126 1126 1130 1134 1134
    1141 1145 1145 1141 1138 1138 1138 1149 1161 1161 1157 1157 1161
    1161 1161 1173 1173 1173 4463 4463 4463 4522 1145 1145 1145 4463
    1185 1185 1185 1185 4522 4582 4582 4582 4582 4582 4708 4708 3732
    3692 3692 0 0 0 0 0 1112 1112 1112 1112 1112 1112 1115 1119 1119
    1119 1123 1123 1123 1123 1123 1123 1126 1126 1130 1130 1134 1141
    1141 1141 1141 1141 1141 1145 1145 1153 1157 1157 1157 1157 1157
    1157 1161 1161 1161 1161 1161 1161 1161 1145 1145 1173 1181 1181
    1181 1185 1185 1189 1189 1185 1185 1185 1189 1189 1189 3732 3692
    3692 0 0 0 0 0 1112 1112 1112 1112 1115 1115 1115 1119 1119 1119
    1123 1123 1123 1123 1123 1123 1126 1126 1130 1130 1134 1138 1141
    1141 1141 1141 1141 1145 1145 1145 1145 1149 1153 1153 1157 1157
    1157 1157 1161 1161 1161 1161 1161 1157 1157 1173 1173 1177 1181
    1185 1185 1185 1185 1185 1185 1185 1189 1189 1189 3732 3692 3692 0 0
    0 0 0 1112 1112 1112 1115 1119 1119 1119 1119 1119 1119 1123 1123
    1123 1123 1123 1123 1126 1126 1130 1134 1138 1138 1138 1138 1141
    1141 1141 1145 1145 1145 1145 1145 1149 1149 1153 1157 1157 1157
    1157 1161 1161 1161 1161 1169 1169 1173 1173 1173 1177 1177 1177
    1181 1185 1185 1185 1185 1189 1189 1189 3732 3732 3732 3774 0 0 0 0
    1112 1112 1115 1115 1119 1119 1119 1123 1123 1123 1123 1123 1123
    1123 1123 1126 1126 1126 1130 1134 1138 1138 1138 1138 1141 1141
    1141 1145 1141 1141 1145 1145 1145 1145 1153 1157 1157 1157 1157
    1157 1161 1161 1161 1169 1169 1169 1173 1173 1173 1173 1177 1177
    1181 1185 1185 1185 1185 1185 1189 3774 3774 3732 3732 0 0 0 0 1112
    1112 1115 1115 1119 1119 1119 1119 1123 1123 1123 1123 1123 1123
    1123 1126 1126 1126 1130 1134 1138 1138 1138 1141 1141 1145 1145
    1145 1141 1141 1145 1145 1145 1145 1153 1157 1157 1157 1157 1157
    1161 1161 1161 1165 1169 1169 1173 1173 1173 1173 1173 1177 1177
    1181 1181 1185 1185 1185 1185 3732 3732 3732 3732 0 0 0 0 1115 1115
    1112 1112 1115 1119 1119 1119 1123 1123 1123 1123 1123 1123 1123
    1126 1126 1126 1130 1134 1134 1138 1138 1141 1141 1145 1145 1145
    1145 1145 1145 1145 1145 1149 1149 1153 1157 1157 1157 1161 1161
    1165 1165 1165 1165 1169 1173 1173 1173 1173 1173 1173 1177 1181
    1181 1185 1185 1185 1185 3732 3732 3732 3732 0 0 0 0 1112 1112 1112
    1112 1112 1115 1119 1119 1123 1119 1119 1119 1119 1123 1123 1126
    1126 1126 1130 1134 1134 1138 1138 1141 1141 1145 1145 1145 1145
    1145 1145 1145 1145 1149 1149 1153 1157 1157 1157 1161 1161 1165
    1165 1165 1165 1169 1173 1173 1173 1173 1173 1173 1177 1177 1181
    1185 1185 1185 1185 3732 3732 3774 0 0 0 0 1119 1112 1112 1112 1112
    1112 1115 1119 1119 1123 1119 1119 1119 1119 1123 1123 1126 1126
    1126 1130 1134 1138 1138 1138 1141 1141 1145 1145 1145 1145 1145
    1145 1149 1149 1149 1149 1153 1157 1157 1161 1161 1165 1165 1165
    1165 1165 1169 1169 1173 1173 1173 1173 1173 1177 1177 1181 1185
    1185 1185 1185 3732 3732 0 0 0 0 0 1119 1115 1115 1112 1112 1115
    1115 1119 1119 1123 1119 1119 1119 1119 1123 1123 1126 1126 1126
    1134 1134 1134 1134 1138 1141 1141 1145 1145 1145 1145 1145 1149
    1153 1153 1149 1149 1153 1157 1157 1161 1161 1165 1165 1165 1165
    1169 1169 1169 1173 1173 1173 1173 1177 1177 1181 1181 1185 1185
    1185 1185 3774 3774 0 0 0 0 0 1119 1115 1115 1112 1112 1115 1119
    1119 1119 1123 1123 1123 1123 1123 1123 1126 1126 1126 1126 1134
    1134 1134 1134 1138 1141 1141 1145 1145 1145 1145 1145 1149 1153
    1153 1153 1153 1153 1157 1157 1161 1165 1165 1165 1169 1169 1169
    1169 1169 1173 1173 1177 1177 1177 1177 1177 1185 1185 1185 1185
    1185 3774 0 0 0 0 0 0 1115 1112 1112 1112 1112 1112 1115 1119 1123
    1123 1123 1123 1123 1123 1126 1126 1126 1126 1126 1134 1134 1134
    1134 1138 1141 1141 1145 1145 1145 1145 1149 1153 1153 1157 1153
    1153 1153 1157 1157 1161 1161 1161 1165 1165 1169 1169 1169 1169
    1173 1173 1173 1177 1177 1177 1177 1181 1185 1185 1185 1189 3732
    3732 0 0 0 0 0 1115 1112 1112 1112 1112 1112 1115 1119 1123 1123
    1123 1123 1123 1126 1126 1126 1126 1126 1130 1134 1134 1134 1134
    1138 1141 1141 1141 1141 1145 1145 1149 1153 1153 1157 1157 1157
    1157 1157 1157 1157 1161 1161 1165 1165 1169 1169 1169 1173 1173
    1173 1173 1177 1177 1177 1177 1181 1185 1185 1185 1185 3732 3732 0 0
    0 0 0 1115 1112 1112 1112 1112 1115 1119 1119 1119 1123 1123 1123
    1126 1126 1126 1126 1126 1126 1130 1134 1134 1134 1138 1141 1141
    1141 1141 1141 1145 1145 1153 1153 1153 1157 1157 1157 1157 1157
    1157 1157 1161 1161 1165 1165 1169 1173 1173 1173 1173 1173 1177
    1177 1177 1177 1177 1181 1185 1189 1185 1185 3732 3732 0 0 0 0 0
    1112 1112 1112 1112 1115 1115 1119 1119 1119 1123 1123 1123 1126
    1123 1123 1123 1126 1126 1130 1138 1138 1138 1141 1141 1141 1141
    1141 1141 1145 1145 1153 1153 1157 1157 1157 1157 1157 1157 1157
    1161 1161 1161 1169 1165 1165 1169 1169 1173 1173 1173 1177 1177
    1177 1177 1177 1181 1185 1185 1185 1185 3732 0 0 0 0 0 0 1112 1112
    1112 1112 1115 1119 1119 1119 1119 1123 1123 1123 1126 1123 1123
    1123 1126 1126 1126 1138 1138 1138 1141 1141 1141 1141 1145 1141
    1141 1145 1149 1153 1153 1153 1157 1157 1157 1157 1161 1161 1161
    1165 1169 1165 1165 1169 1169 1173 1173 1173 1177 1177 1177 1181
    1181 1185 1185 1185 1185 1185 3732 0 0 0 0 0 0 1112 1112 1115 1115
    1119 1119 1119 1119 1119 1123 1123 1123 1126 1123 1123 1123 1126
    1126 1126 1138 1138 1138 1141 1141 1141 1141 1145 1141 1141 1145
    1149 1149 1153 1153 1157 1157 1157 1161 1161 1161 1161 1165 1169
    1169 1169 1169 1169 1173 1173 1173 1177 1177 1177 1181 1181 1181
    1185 1185 1185 1185 3774 3774 0 0 0 0 0 1112 1112 1115 1115 1119
    1119 1119 1119 1119 1123 1123 1123 1123 1126 1126 1126 1126 1126
    1134 1138 1138 1138 1141 1141 1141 1141 1145 1145 1145 1145 1149
    1149 1153 1153 1153 1157 1157 1161 1161 1161 1161 1165 1165 1165
    1165 1169 1169 1173 1173 1173 1177 1177 1177 1177 1177 1181 1181
    1181 1181 1181 3774 3774 0 0 0 0 0 1112 1112 1112 1115 1115 1119
    1119 1119 1119 1119 1123 1123 1123 1126 1126 1126 1126 1126 1134
    1138 1138 1138 1141 1141 1141 1141 1141 1145 1145 1145 1145 1145
    1149 1153 1153 1157 1157 1161 1161 1161 1161 1165 1165 1165 1165
    1169 1173 1173 1173 1173 1177 1177 1177 1177 1177 1181 1181 1181
    1181 1181 3774 0 0 0 0 0 1115 1115 1112 1112 1115 1115 1119 1119
    1119 1119 1119 1123 1123 1126 1126 1126 1126 1126 1126 1134 1138
    1138 1141 1141 1145 1141 1141 1141 1145 1145 1145 1145 1145 1149
    1153 1153 1157 1157 1157 1161 1161 1161 1165 1165 1165 1169 1169
    1173 1173 1173 1173 1177 1177 1177 1177 1177 1181 1185 1185 1189 0
    3816 0 0 0 0 1123 1115 1115 1115 1115 1115 1115 1115 1119 1119 1119
    1123 1123 1123 1126 1126 1126 1130 1130 1130 1134 1138 1138 1141
    1141 1145 1145 1145 1145 1145 1145 1145 1145 1145 1145 1149 1153
    1157 1157 1157 1161 1161 1161 1165 1165 1165 1169 1169 1173 1173
    1173 1173 1177 1177 1177 1177 1177 1181 1185 1185 1185 0 0 0 0 0 0
