<?xml version="1.0"?>
<opencv_storage>
<Depth15479 type_id="opencv-matrix">
  <rows>19</rows>
  <cols>14</cols>
  <dt>w</dt>
  <data>
    2859 2859 2859 3994 3948 3903 3903 3859 3859 3903 3903 3903 3859
    3503 2883 2883 4041 3994 3948 3948 3948 3903 3903 3903 3903 3903
    3859 3503 4041 4041 4041 3994 3994 3994 3994 3994 3994 3994 3948
    3948 3948 3539 4041 4041 4041 4041 4041 4041 4041 4041 4041 4041
    4041 4041 4089 4139 4041 4041 4089 4089 4089 4089 4089 4089 4089
    4089 4139 4139 4139 4139 4089 4089 4089 4089 4089 4089 4089 4089
    4089 4139 4139 4190 4190 4190 4190 4139 4139 4190 4139 4139 4139
    4089 4089 4190 4241 4241 4241 4241 4241 4190 4190 4241 4241 4241
    4241 4190 4190 4241 4295 4295 4295 4295 4295 4241 4241 4295 4295
    4295 4295 4295 4349 4349 4295 4295 4295 4295 4295 4295 4295 4295
    4295 4295 4349 4405 4405 4405 4349 4349 4349 4349 4405 4405 4349
    4349 4349 4405 4463 4463 4463 4463 4405 4405 4405 4463 3064 3064
    4463 4405 4405 4463 4463 4463 4463 4463 4463 4463 4463 4463 3064
    3064 4522 4463 4463 4522 4522 4522 4522 4522 4522 4522 4522 4582
    3092 3120 4645 4645 4582 4582 4582 4582 4582 4582 4582 4582 4645
    4645 3120 3149 4708 4708 4708 4708 4708 4708 4645 4645 4645 4645
    4645 4645 3120 3149 4774 4774 4774 4774 4774 4774 4708 4708 4708
    4645 4645 4645 3120 3092 3092 4842 4842 4842 4842 4842 4774 4708
    4708 4645 4645 4708 3120 3092 3092 4842 4842 4911 4911 4911 4842
    4774 4774 4708 4708 4708 3120 3120 3120 3120 4983 4983 4983 4983
    4911 4842 4842 4911 5548 5548</data></Depth15479>
</opencv_storage>
