<?xml version="1.0"?>
<opencv_storage>
<Depth2964 type_id="opencv-matrix">
  <rows>33</rows>
  <cols>19</cols>
  <dt>w</dt>
  <data>
    4911 3064 3064 3037 3037 3064 3064 3064 3064 3064 3064 3037 3037
    4708 4708 4708 4645 4645 4645 3064 3064 3064 3037 3037 3064 3064
    3064 3064 3064 3037 3037 3037 4708 4708 4645 4645 4645 4645 3064
    3064 3064 3037 3037 3064 3064 3064 3037 3037 3037 3037 3037 3037
    4645 4645 4645 4645 4645 3037 3037 3064 3037 3037 3037 3037 3037
    3037 3037 3037 3037 3037 3037 4645 4645 4645 4645 4645 3010 3037
    3064 3037 3037 3037 3037 3037 3037 3037 3037 3010 3010 4645 4645
    4645 4645 4645 4645 3010 3037 3064 3064 3064 3064 3037 3037 3037
    3037 3037 3010 3010 4645 4645 4645 4645 4645 4645 3010 3037 3037
    3037 3037 3037 3064 3037 3037 3037 3037 3010 3010 4645 4645 4645
    4645 4645 4645 3037 3037 3037 3037 3037 3037 3064 3037 3037 3037
    3037 3037 3037 3037 4645 4645 4645 4645 4645 4911 3064 3037 3037
    3037 3037 3037 3037 3037 3037 3037 3037 3037 3037 4645 4645 4645
    4645 4645 4911 3037 3037 3037 3037 3037 3037 3037 3037 3037 3037
    3037 3037 3037 4708 4645 4645 4645 4645 4842 3037 3037 3037 3037
    3037 3037 3037 3037 3037 3037 3037 3037 3037 4708 4708 4645 4645
    4645 4842 3064 3064 3064 3037 3037 3037 3037 3037 3037 3037 3037
    3037 3010 3010 4708 4708 4645 4645 4911 3064 3064 3064 3037 3037
    3037 3037 3037 3037 3037 3037 3037 3010 3010 4645 4645 4645 4645
    4842 3064 3064 3092 3064 3064 3037 3037 3037 3037 3037 3037 3037
    3010 3010 3010 4645 4708 4708 4842 3092 3092 3092 3064 3064 3037
    3037 3037 3037 3010 3010 3010 3010 3010 3010 4708 4708 4708 4842
    4842 4842 3064 3064 3064 3037 3037 3037 3037 3010 3010 3010 3010
    3010 3010 4708 4645 4645 4842 4842 4842 3064 3064 3064 3037 3037
    3010 3010 3010 3010 3010 3010 3010 3010 3010 4582 4582 4911 4842
    4842 3064 3064 3064 3037 3037 3010 3010 3010 3010 3010 3010 3010
    3010 3010 4582 4582 4911 4911 3037 3037 3064 3037 3037 3037 3010
    3010 3010 3010 3010 3010 3010 3010 3010 4582 4582 4911 4911 3037
    3037 3064 3037 3037 3037 3010 3010 3010 3010 3010 3010 3010 3010
    3010 3010 4582 4911 4911 4842 3064 3037 3037 3037 3037 3037 3010
    3010 3010 3010 3010 3010 3010 3010 2984 2984 4911 4911 4842 4842
    3037 3037 3037 3037 3037 3010 3010 3010 3010 3010 3010 3010 3010
    2984 2984 4911 4911 4842 4842 3010 3010 3037 3037 3037 3010 3010
    3010 3010 3010 3010 3010 2984 2984 4645 4911 4842 4842 4842 3010
    3010 3037 3037 3037 3037 3037 3037 3010 3010 3010 3010 2984 2984
    4645 4842 4842 4842 4842 4842 3037 3037 3037 3037 3010 3010 3010
    3010 3010 3010 3010 3010 3010 4582 4842 4842 4842 4842 4842 3037
    3037 3037 3010 3010 3010 3010 3010 3010 3010 3010 3010 2984 2984
    4842 4842 4842 4842 4842 3037 3037 3037 3010 3010 3010 3010 3010
    3010 3010 3010 3010 2984 2984 4842 4842 4774 4774 4774 3037 3037
    3037 3010 3010 3010 3010 3010 3010 3010 3010 3010 3010 3010 4842
    4842 4774 4774 4774 4708 3064 3037 3010 3010 3010 3010 3010 3010
    3010 3010 3010 3010 3010 4842 4842 4842 4842 4842 4774 3064 3037
    3010 3010 3010 3010 3010 3010 3010 3010 3010 3010 3010 4911 4911
    4842 4842 4774 4774 3064 3037 3010 3010 3010 3010 3010 3010 3010
    3010 3010 3010 3010 4911 4911 4842 4774 4774 4774 4774 3010 3010
    3010 3010 3010 3010 3010 3010 3037 3010 3010 3010 4911 4911 4842
    4774 4774 4708 4708 3010 3010 3010 3010 3010 3010 3010 3037 3120
    3120 4582 4463</data></Depth2964>
</opencv_storage>
