<?xml version="1.0"?>
<opencv_storage>
<Depth18963 type_id="opencv-matrix">
  <rows>16</rows>
  <cols>14</cols>
  <dt>w</dt>
  <data>
    0 0 6622 5933 5933 6497 6497 6497 0 0 0 0 6497 6497 6753 6622 6622
    6375 6375 6622 6497 6497 6497 0 0 0 6497 6497 6753 6622 6622 6622
    6622 6622 6497 6497 6497 6497 6497 0 6497 6497 6622 6753 6753 6622
    6622 6622 6497 6497 6497 6497 6497 6497 0 6375 6622 6753 6753 6753
    6622 6622 6622 6497 6497 6497 6497 0 0 6375 6753 6753 6753 6753 6622
    6622 6622 6497 6497 6497 6497 6497 0 0 6753 6753 6753 6753 6622 6622
    6622 6497 6497 6497 6497 6497 0 6497 6753 6622 6622 6622 6622 6622
    6497 6497 6497 6497 6497 6622 0 0 6753 6622 6622 6622 6622 6622 6497
    6497 6497 6497 6497 6622 6622 0 0 6622 6622 6622 6622 6622 6622 6622
    6622 6497 6497 6497 6497 6497 0 6622 6622 6622 6622 6622 6622 6622
    6622 6622 6622 6497 6497 6497 0 6622 6622 6622 6622 6622 6622 6622
    6622 6622 6622 6622 6497 6497 0 0 6622 6622 6622 6622 6622 6622 6622
    6622 6622 6622 6497 6497 0 0 0 6753 6497 6497 6497 6497 6497 6497
    6497 6497 6497 6497 0 0 0 0 6497 6497 6497 6497 6497 6497 6497 6497
    6497 6497 0 0 0 0 6375 6375 6497 6497 6497 6497 6497 6497 6497 696</data></Depth18963>
</opencv_storage>
