<?xml version="1.0"?>
<opencv_storage>
<Depth14535 type_id="opencv-matrix">
  <rows>77</rows>
  <cols>45</cols>
  <dt>w</dt>
  <data>
    1785 1776 1776 5056 5056 1713 1713 1713 1722 1722 1776 1757 1739
    1739 5132 5132 5132 5132 1739 1739 1757 1739 1739 1722 1722 1757
    1757 1766 1776 1776 1785 1766 1766 1766 1766 1722 4708 4708 4708
    4708 4645 4582 4582 4582 4582 1785 1776 1776 1776 1722 1722 1713
    1713 1713 1713 1722 1731 1722 1705 1696 1696 1748 1748 1731 1731
    1731 1722 1722 1722 1722 1722 1722 1722 1722 1722 1722 1722 1722
    1722 1722 1722 4708 4708 4708 4708 4645 4582 4582 4582 4582 1776
    1766 1766 1757 1722 1722 1713 1713 1713 1713 1722 1722 1713 1705
    1696 1696 1722 1722 1713 1713 1713 1713 1722 1713 1713 1713 1713
    1713 1713 1713 1713 1713 1713 1713 1713 1705 1705 1705 1713 1713
    1713 4582 4522 4522 4582 1776 1766 1757 1748 1722 1713 1713 1713
    1713 1705 1705 1713 1713 1713 1705 1705 1705 1705 1705 1705 1705
    1705 1713 1713 1713 1713 1705 1705 1705 1705 1705 1705 1705 1705
    1705 1705 1696 1696 1705 1705 1705 1705 4522 4522 4582 1776 1766
    1757 1748 1722 1713 1705 1705 1713 1705 1705 1705 1705 1705 1705
    1705 1705 1705 1705 1705 1705 1705 1705 1705 1705 1705 1705 1705
    1705 1705 1705 1705 1705 1705 1705 1705 1696 1696 1696 1696 1705
    1705 1705 4582 4582 1776 1766 1757 1731 1722 1713 1705 1705 1705
    1705 1705 1705 1705 1705 1705 1705 1705 1705 1705 1705 1705 1705
    1705 1705 1705 1696 1696 1705 1705 1705 1705 1696 1696 1705 1705
    1705 1696 1696 1696 1696 1696 1696 1696 1696 4582 1776 1766 1757
    1731 1722 1713 1705 1705 1705 1705 1705 1705 1705 1705 1705 1705
    1705 1696 1696 1696 1696 1696 1705 1705 1696 1688 1688 1696 1696
    1696 1696 1696 1696 1696 1696 1696 1696 1696 1696 1696 1696 1696
    1696 1696 4645 1776 1766 1757 1731 1722 1713 1705 1705 1705 1705
    1705 1705 1696 1696 1696 1696 1705 1696 1696 1696 1696 1696 1696
    1696 1696 1688 1688 1696 1696 1696 1696 1696 1696 1696 1696 1696
    1696 1696 1688 1688 1688 1696 1696 1696 4645 1776 1766 1757 1731
    1722 1713 1705 1705 1705 1705 1696 1696 1696 1696 1696 1696 1705
    1705 1705 1705 1696 1696 1696 1696 1696 1696 1696 1696 1696 1688
    1688 1696 1696 1696 1696 1696 1696 1696 1688 1688 1688 1696 1696
    4645 4645 1776 1757 1757 1731 1722 1713 1705 1696 1696 1696 1696
    1696 1696 1696 1696 1705 1705 1705 1705 1705 1696 1696 1696 1696
    1696 1696 1696 1688 1688 1688 1688 1696 1696 1696 1696 1696 1696
    1696 1696 1688 1688 1688 1688 4645 4645 1776 1757 1757 1739 1722
    1713 1705 1696 1696 1696 1688 1688 1688 1688 1696 1696 1696 1705
    1705 1705 1696 1696 1696 1696 1696 1696 1696 1688 1688 1688 1688
    1696 1696 1696 1696 1696 1696 1696 1696 1696 1688 1688 1688 4708
    4708 1776 1766 1757 1739 1722 1713 1705 1696 1696 1696 1688 1688
    1688 1688 1696 1696 1696 1705 1696 1696 1696 1696 1696 1696 1696
    1696 1696 1688 1688 1688 1688 1696 1696 1696 1696 1696 1696 1696
    1696 1696 1696 1696 1696 4645 4645 1776 1766 1748 1731 1722 1713
    1705 1696 1696 1696 1688 1688 1688 1688 1688 1688 1688 1696 1696
    1696 1696 1696 1696 1696 1696 1688 1688 1688 1688 1696 1696 1696
    1696 1696 1696 1688 1688 1696 1696 1696 1688 1688 1688 4645 4645
    1776 1766 1748 1731 1722 1713 1705 1696 1696 1696 1688 1688 1688
    1688 1688 1688 1688 1688 1688 1696 1696 1696 1688 1688 1688 1688
    1688 1688 1688 1696 1696 1688 1688 1688 1688 1688 1688 1696 1696
    1688 1688 1688 1688 4645 4645 1776 1776 1748 1731 1722 1713 1705
    1696 1696 1696 1696 1688 1688 1688 1688 1688 1688 1688 1688 1696
    1696 1696 1688 1688 1688 1688 1688 1688 1688 1688 1688 1688 1688
    1688 1688 1688 1688 1696 1696 1688 1688 1696 1696 4645 4645 1776
    1776 1748 1739 1713 1705 1705 1696 1696 1696 1688 1688 1688 1688
    1688 1688 1688 1688 1688 1696 1696 1696 1696 1688 1688 1688 1688
    1688 1688 1688 1688 1688 1688 1688 1688 1688 1688 1696 1696 1688
    1688 1696 1696 1696 4645 1776 1776 1766 1739 1713 1705 1705 1696
    1696 1696 1688 1688 1688 1688 1688 1688 1688 1688 1688 1696 1696
    1696 1696 1696 1688 1688 1688 1688 1688 1688 1688 1688 1688 1688
    1688 1688 1696 1696 1696 1688 1688 1696 1696 1696 4582 1776 1766
    1766 1739 1713 1705 1696 1696 1688 1688 1688 1688 1688 1688 1688
    1688 1688 1688 1688 1688 1688 1688 1688 1688 1688 1688 1688 1688
    1688 1688 1688 1688 1688 1688 1688 1688 1696 1688 1688 1688 1688
    1688 1688 1688 4582 1776 1766 1766 1739 1713 1705 1696 1696 1688
    1688 1688 1688 1688 1688 1688 1688 1688 1688 1688 1688 1688 1688
    1688 1688 1688 1688 1688 1688 1688 1688 1688 1688 1688 1688 1688
    1688 1696 1688 1688 1688 1688 1688 1688 1688 4582 1776 1766 1748
    1739 1713 1713 1696 1696 1688 1688 1688 1688 1688 1688 1688 1688
    1688 1688 1688 1688 1688 1688 1688 1688 1688 1688 1688 1688 1688
    1688 1688 1688 1688 1688 1688 1688 1688 1688 1688 1688 1688 1696
    1696 1696 4582 1776 1757 1748 1739 1722 1705 1696 1696 1688 1688
    1688 1688 1688 1688 1688 1688 1688 1688 1688 1688 1688 1688 1688
    1688 1688 1688 1688 1688 1688 1688 1688 1688 1688 1688 1688 1688
    1688 1688 1688 1688 1688 1696 1696 1696 4582 1776 1757 1748 1731
    1722 1705 1696 1688 1688 1688 1688 1688 1688 1688 1688 1688 1688
    1688 1688 1688 1688 1688 1688 1688 1688 1688 1688 1688 1688 1688
    1688 1688 1688 1688 1688 1688 1688 1688 1688 1688 1688 1688 1688
    1688 4582 1776 1766 1748 1731 1713 1705 1696 1688 1688 1688 1688
    1688 1688 1688 1688 1688 1688 1688 1688 1688 1688 1688 1688 1688
    1688 1688 1688 1688 1688 1688 1688 1688 1688 1688 1688 1688 1688
    1688 1688 1688 1688 1688 1688 1688 4582 1776 1766 1748 1731 1713
    1705 1696 1688 1688 1688 1688 1688 1688 1688 1688 1688 1688 1688
    1688 1688 1688 1688 1688 1688 1688 1680 1680 1680 1688 1688 1688
    1688 1688 1688 1688 1688 1688 1688 1688 1688 1688 1688 1688 1688
    4582 1776 1766 1748 1731 1713 1696 1696 1688 1688 1688 1688 1688
    1688 1688 1680 1680 1688 1688 1688 1688 1688 1688 1688 1688 1688
    1680 1680 1680 1688 1688 1688 1688 1688 1688 1688 1688 1688 1688
    1688 1688 1688 1688 1688 1688 4582 1776 1766 1766 1731 1713 1696
    1696 1688 1688 1688 1688 1688 1688 1688 1680 1680 1688 1688 1688
    1688 1688 1688 1688 1688 1688 1688 1688 1688 1688 1688 1688 1688
    1688 1688 1688 1688 1688 1688 1688 1680 1680 1688 1688 1688 4582
    1776 1757 1748 1731 1713 1696 1696 1688 1688 1688 1688 1688 1688
    1688 1688 1688 1688 1688 1688 1688 1688 1688 1688 1688 1688 1688
    1688 1688 1688 1688 1688 1688 1688 1688 1688 1688 1688 1688 1688
    1680 1680 1688 1688 1688 4582 1766 1757 1748 1731 1722 1696 1696
    1688 1688 1688 1688 1688 1680 1680 1680 1688 1688 1688 1688 1680
    1680 1680 1680 1680 1688 1688 1688 1688 1688 1688 1688 1688 1688
    1688 1688 1688 1688 1688 1688 1688 1688 1696 1696 1696 4582 1766
    1757 1748 1731 1722 1696 1696 1688 1688 1688 1688 1688 1680 1680
    1680 1688 1688 1688 1680 1680 1680 1680 1680 1680 1688 1688 1688
    1688 1688 1688 1688 1688 1688 1688 1680 1680 1688 1688 1688 1688
    1688 1696 1696 1696 4582 1766 1757 1748 1731 1722 1705 1696 1688
    1688 1688 1688 1688 1680 1680 1688 1688 1688 1688 1680 1680 1680
    1688 1680 1680 1680 1680 1688 1688 1688 1688 1688 1680 1680 1680
    1680 1680 1688 1688 1688 1688 1688 1696 1696 1696 4582 1766 1757
    1748 1731 1722 1705 1696 1688 1688 1688 1680 1680 1680 1680 1688
    1688 1688 1688 1680 1680 1688 1688 1680 1680 1680 1680 1688 1688
    1688 1688 1688 1680 1680 1680 1680 1680 1688 1688 1688 1688 1688
    1696 1696 4582 4582 1766 1757 1739 1722 1722 1713 1705 1688 1688
    1688 1680 1680 1680 1680 1680 1680 1688 1688 1688 1688 1688 1688
    1680 1680 1680 1680 1680 1680 1680 1688 1688 1680 1680 1680 1680
    1680 1688 1688 1688 1688 1688 1696 1696 1696 4645 1766 1757 1739
    1722 1713 1713 1705 1688 1688 1688 1680 1680 1680 1680 1680 1680
    1688 1688 1688 1680 1680 1688 1688 1688 1680 1680 1680 1680 1680
    1680 1680 1680 1680 1680 1680 1680 1688 1680 1680 1680 1680 1688
