<?xml version="1.0"?>
<opencv_storage>
<Depth10476 type_id="opencv-matrix">
  <rows>112</rows>
  <cols>74</cols>
  <dt>w</dt>
  <data>
    3365 3365 3333 3333 3365 3365 3365 3333 3333 3300 981 970 970 967
    967 970 3365 3365 3365 3365 3333 3333 3333 3333 3333 3333 3399 3365
    3365 3333 3333 3269 3269 3365 3333 3333 3333 3333 3333 3333 3333
    3300 3300 3333 3333 3333 3300 3300 3333 3333 3333 3333 3300 3300
    3300 3300 3300 3300 3300 3300 3300 3300 3300 3300 3269 3269 3300
    3300 3300 3300 3300 3300 3300 3300 3365 3365 3333 3333 3333 3365
    3300 3300 3300 3300 978 970 970 970 970 970 3399 3399 959 959 959
    959 3333 3333 3333 3333 3399 3365 3365 3333 3333 3269 3269 3365 3333
    3333 3333 3333 3300 3300 3300 3300 3300 3333 3333 3333 3333 3333
    3333 3365 3333 3333 3300 3300 3300 3300 3300 3300 3300 3300 3300
    3300 3300 3300 3300 3300 3300 3300 3300 3300 3300 3300 3300 3300
    3269 3333 3333 3333 3300 3300 3300 3300 3300 978 975 973 970 970 967
    962 962 962 959 959 959 959 959 948 948 948 948 948 0 951 951 951
    956 0 0 0 0 0 3300 3269 3269 3269 3300 3333 3333 3333 3333 3300 3300
    3365 3333 3333 3333 3333 3333 3333 3333 3300 3300 3300 3300 3300
    3300 3300 3300 3300 3300 3300 3300 3300 3300 3300 3300 3300 3269
    3333 0 0 0 973 973 973 970 967 964 964 964 964 962 959 959 959 956
    956 956 959 959 948 948 948 948 948 948 951 951 0 0 0 0 0 0 3149
    3149 3149 3149 3178 3300 3333 3365 3333 3333 3300 3300 3333 3333
    3333 3333 3333 3333 3333 3333 3300 3300 3300 3300 3300 3300 3300
    3269 3269 3300 3300 3300 3300 3300 938 938 3300 0 0 3333 0 0 0 973
    970 970 964 959 959 959 959 959 959 956 956 956 954 954 954 948 948
    948 948 948 948 948 951 951 956 956 930 0 930 930 0 3149 3149 3149
    3178 3178 928 928 928 3300 3300 3300 3333 992 992 989 989 992 995
    995 3333 3300 3300 3333 3333 3300 3300 3269 3269 3300 3300 3300 3300
    951 938 938 943 0 0 0 0 0 973 973 970 970 964 959 959 959 959 956
    956 956 956 956 954 954 951 948 948 946 946 946 946 946 948 954 956
    956 930 930 930 930 0 925 935 935 928 923 928 928 928 928 928 918
    992 992 975 975 981 981 995 964 964 964 964 964 967 967 970 3269
    3269 3300 3300 964 962 951 946 943 943 0 0 0 0 0 978 973 973 970 964
    962 962 959 959 956 956 954 951 951 948 948 948 948 946 946 943 943
    943 943 943 935 930 930 930 928 928 928 925 925 935 935 928 923 923
    923 923 923 915 918 918 918 973 973 975 973 970 964 964 964 964 964
    967 967 967 967 967 967 967 964 962 954 948 946 946 0 0 0 0 0 978
    973 973 970 967 964 962 959 959 956 956 954 951 951 948 948 948 946
    943 943 940 940 938 938 935 933 930 930 930 928 928 928 925 925 928
    925 923 920 918 918 918 915 915 915 915 915 915 915 973 970 967 962
    906 906 906 906 967 967 967 967 967 964 964 894 889 889 948 943 943
    0 0 0 0 0 978 973 973 970 967 967 964 962 959 956 956 954 954 954
    951 951 948 946 943 943 940 940 938 938 935 930 930 930 928 925 923
    923 923 923 923 920 918 918 915 915 915 913 913 910 910 908 908 908
    908 908 908 906 903 903 903 903 901 901 956 956 901 896 896 894 889
    889 891 943 943 0 0 0 0 0 978 975 973 970 967 967 964 962 959 956
    956 956 954 954 951 951 948 948 946 943 940 940 938 938 935 930 930
    930 928 925 923 920 920 920 920 920 918 915 915 913 910 910 910 910
    908 903 903 903 906 906 903 901 898 898 898 898 898 898 898 901 901
    896 896 894 891 889 889 889 0 0 0 0 0 0 0 975 973 970 970 967 964
    962 959 959 956 956 954 954 951 951 948 948 946 946 943 940 938 938
    935 933 933 930 928 925 923 920 920 920 920 918 918 915 913 910 910
    910 908 908 903 901 901 901 901 901 898 896 896 894 894 894 894 894
    894 898 901 898 894 891 887 887 887 0 0 0 0 0 0 0 0 975 973 970 970
    967 967 964 959 959 956 956 954 951 951 951 948 948 948 946 943 940
    938 938 938 935 933 930 928 925 923 920 920 920 920 918 918 915 913
    910 910 910 908 908 903 901 901 901 901 898 898 896 894 891 891 891
    891 891 889 889 891 887 887 885 882 878 878 878 0 0 0 0 0 0 0 975
    975 970 970 967 967 964 962 959 956 956 954 951 951 948 948 948 948
    946 943 940 938 938 938 938 933 930 928 928 925 925 923 920 920 918
    918 918 915 913 910 910 908 908 903 901 901 901 901 898 898 896 894
    891 891 891 891 889 887 887 887 885 885 882 880 878 875 875 878 0 0
    0 0 0 0 975 973 970 970 967 967 964 962 959 959 956 956 956 951 948
    948 948 948 948 943 940 940 938 938 938 935 930 928 928 925 925 923
    920 920 918 918 918 915 913 910 910 908 908 903 901 901 901 901 898
    896 896 894 891 891 891 891 889 887 887 885 885 882 882 880 875 875
    875 875 0 0 0 0 0 978 975 973 970 970 967 967 964 962 962 959 956
    956 954 951 951 948 948 948 948 946 943 940 938 938 938 935 930 928
    928 928 925 923 923 920 920 918 915 915 913 910 910 910 908 908 906
    903 901 901 898 896 896 894 891 891 891 891 889 889 887 885 885 882
    882 878 875 875 875 875 0 0 0 0 0 975 973 973 970 970 967 967 964
    962 962 959 956 956 954 951 951 951 948 948 948 946 943 943 940 938
    938 935 933 930 928 928 928 925 923 920 920 918 915 915 913 910 910
    910 908 908 906 903 901 901 898 896 896 894 891 891 891 891 891 891
    885 882 882 882 880 878 875 875 875 873 0 0 0 0 0 975 973 973 970
    970 967 967 967 962 959 959 956 956 954 951 951 951 948 948 948 946
    943 943 940 938 938 938 933 930 930 928 928 925 923 923 920 918 918
    918 915 913 910 910 908 908 906 903 901 901 898 898 896 894 894 894
    894 891 891 891 885 882 882 882 880 878 878 875 875 873 0 0 0 0 0
    978 975 973 973 970 970 967 967 962 959 959 959 956 954 954 951 951
    948 948 948 946 946 943 940 938 938 938 935 930 930 928 928 925 925
    923 920 918 918 918 918 915 913 910 908 908 906 903 903 901 901 898
    896 896 894 894 894 891 891 889 885 882 882 882 880 880 878 875 875
    875 0 0 0 0 0 981 978 975 973 970 970 967 967 962 959 959 959 956
    956 954 954 951 951 948 948 946 946 943 940 938 938 938 935 933 930
    930 928 925 925 923 920 918 918 918 918 915 913 910 910 908 906 906
    903 901 901 898 898 896 894 894 894 891 891 889 887 885 882 882 882
    880 880 880 880 0 0 0 0 0 0 981 978 975 973 970 970 967 967 964 959
    959 959 956 956 954 954 951 951 948 948 948 946 943 940 938 938 938
    935 933 930 930 928 925 925 923 920 920 918 918 915 913 913 910 910
    910 906 903 903 901 901 898 896 896 894 894 894 894 891 889 887 885
    885 882 882 880 880 880 0 0 0 0 0 0 0 981 978 975 973 970 970 967
    967 967 959 959 959 956 956 954 954 951 951 948 948 943 943 943 940
    940 938 938 935 930 930 930 928 928 925 923 923 920 918 918 915 913
    913 910 910 910 906 903 903 901 901 898 896 896 894 894 894 894 891
    889 889 887 885 885 882 882 880 880 882 0 0 0 0 0 0 981 978 975 973
    970 970 967 967 967 964 959 959 956 956 954 954 954 951 948 948 943
    943 943 943 940 938 938 935 930 930 930 928 928 925 923 923 920 918
    918 915 915 913 910 910 908 906 903 903 901 901 898 898 896 896 896
    896 894 891 891 889 887 885 882 882 882 882 882 882 0 0 0 0 0 0 978
    978 975 973 970 970 970 967 967 964 962 959 959 956 956 954 951 951
    948 948 946 946 946 943 940 940 938 935 930 930 930 930 928 928 925
    923 920 918 918 915 915 913 910 910 908 908 906 903 903 901 901 898
    898 896 896 896 894 891 889 889 885 885 882 882 882 882 882 882 0 0
    0 0 0 0 978 978 975 970 970 970 970 967 967 964 962 962 959 956 956
    954 951 951 948 948 946 946 946 943 940 940 938 938 930 930 930 930
    930 928 925 923 920 918 918 918 915 913 913 910 910 908 908 906 903
    901 901 898 898 896 896 896 894 891 889 889 885 885 885 882 882 882
    882 882 0 0 0 0 0 0 981 978 978 970 970 970 970 967 967 967 964 962
    959 956 956 954 954 951 948 948 946 946 943 940 940 940 938 938 933
    930 930 930 930 928 925 923 920 918 918 918 918 915 913 910 910 908
    908 906 903 901 901 898 898 896 896 894 894 891 889 889 885 885 885
    882 882 882 882 882 0 0 0 0 0 0 981 978 975 973 970 970 970 967 967
