<?xml version="1.0"?>
<opencv_storage>
<Depth3202 type_id="opencv-matrix">
  <rows>39</rows>
  <cols>32</cols>
  <dt>w</dt>
  <data>
    5460 5460 5548 5548 5640 5640 2723 2701 2701 5640 5640 2723 2723
    2680 2680 2680 2680 2723 2723 2723 2723 2723 2723 2723 2744 5056
    5056 5056 4983 4983 4911 4911 5460 5460 5548 5548 5640 2701 2701
    2680 2659 2659 2680 2680 2680 2680 2680 2680 2680 2680 2701 2723
    2723 2723 2723 2723 2723 5056 5056 5056 4983 4983 4911 4911 5460
    5460 5548 2598 2598 2639 2659 2659 2659 2659 2659 2659 2659 2659
    2659 2680 2680 2680 2701 2723 2723 2723 2723 2680 2680 5056 5056
    5056 4983 4983 4911 4911 5460 5460 2618 2598 2598 2618 2639 2659
    2659 2659 2659 2659 2659 2659 2659 2680 2680 2701 2701 2701 2723
    2723 2723 2680 2680 2723 5132 5056 4983 4983 4983 4911 5548 2618
    2618 2618 2618 2618 2639 2639 2659 2639 2639 2639 2659 2659 2659
    2680 2680 2701 2701 2701 2701 2701 2723 2723 2723 2723 5132 5056
    4983 4983 4983 4911 2618 2618 2618 2618 2618 2618 2639 2639 2639
    2639 2639 2639 2639 2639 2659 2680 2680 2701 2701 2701 2701 2701
    2701 2723 2723 2723 5132 5056 4983 4983 4911 4911 2659 2618 2618
    2618 2618 2618 2639 2639 2639 2639 2639 2639 2639 2639 2659 2680
    2680 2680 2680 2680 2680 2701 2701 2723 2723 2723 2723 5056 4983
    4983 4911 4911 2659 2639 2618 2598 2598 2598 2618 2639 2639 2639
    2639 2639 2639 2639 2659 2659 2659 2680 2659 2659 2680 2701 2701
    2723 2723 2723 2723 5056 4911 4911 4911 4911 2659 2639 2598 2598
    2598 2598 2598 2618 2639 2639 2639 2639 2639 2659 2659 2659 2659
    2659 2659 2659 2680 2701 2723 2723 2701 2701 2701 5056 4911 4911
    4911 4911 2659 2639 2598 2598 2598 2598 2598 2618 2639 2639 2639
    2639 2659 2659 2659 2659 2659 2659 2680 2680 2701 2701 2723 2723
    2701 2701 2701 5056 4983 4911 4911 4911 2701 2639 2618 2598 2598
    2598 2598 2618 2618 2618 2639 2639 2639 2639 2639 2659 2659 2659
    2680 2680 2701 2701 2701 2701 2701 2723 2723 5056 4983 4983 4983
    4911 2659 2639 2618 2598 2598 2598 2598 2618 2618 2618 2639 2639
    2639 2639 2639 2659 2659 2659 2680 2680 2680 2701 2701 2701 2701
    2723 2723 5132 4983 4983 4983 4983 2659 2659 2639 2618 2618 2598
    2598 2618 2618 2639 2639 2639 2639 2639 2639 2639 2659 2659 2659
    2680 2680 2701 2701 2701 2723 2723 2723 2723 4983 4911 4911 4911
    2659 2659 2639 2618 2598 2598 2598 2618 2618 2618 2618 2639 2639
    2639 2639 2639 2639 2659 2659 2680 2680 2701 2701 2701 2723 2723
    2723 2723 4911 4911 4911 4911 2659 2659 2639 2618 2598 2598 2598
    2598 2618 2618 2618 2639 2639 2639 2639 2639 2639 2659 2659 2680
    2680 2701 2701 2701 2723 2723 2723 2723 4911 4911 4911 4911 2659
    2659 2639 2618 2598 2598 2598 2598 2598 2618 2618 2618 2639 2639
    2639 2639 2639 2659 2659 2659 2680 2701 2701 2701 2701 2701 2680
    2680 4983 4911 4911 4911 2659 2659 2639 2618 2618 2598 2598 2598
    2598 2598 2618 2618 2618 2639 2639 2639 2639 2659 2659 2659 2680
    2701 2701 2701 2701 2701 2659 2659 4983 4911 4911 4911 2659 2659
    2639 2639 2618 2598 2598 2598 2598 2598 2598 2618 2618 2618 2639
    2639 2639 2659 2659 2659 2680 2680 2680 2701 2701 2701 2659 2659
    2659 4911 4911 4911 2659 2659 2639 2639 2618 2618 2598 2598 2598
    2598 2598 2598 2618 2618 2618 2639 2639 2639 2659 2659 2659 2659
    2680 2680 2701 2701 2659 2659 2659 4911 4911 4911 2659 2659 2639
    2639 2618 2618 2598 2598 2598 2598 2598 2598 2618 2618 2618 2639
    2639 2639 2659 2659 2659 2659 2659 2680 2680 2680 2659 2659 2659
    4911 4911 4911 5548 2680 2659 2639 2618 2618 2598 2598 2598 2598
    2598 2618 2618 2618 2618 2618 2639 2639 2659 2659 2659 2659 2659
    2659 2680 2680 2680 2680 2680 4983 4911 4911 5548 5548 2680 2659
    2639 2598 2598 2598 2598 2598 2598 2618 2618 2618 2618 2618 2639
    2639 2639 2659 2659 2659 2659 2659 2659 2680 2680 2680 2680 2680
    4983 4911 5548 5548 2680 2659 2639 2598 2579 2579 2579 2598 2598
    2618 2618 2618 2618 2618 2639 2639 2639 2639 2659 2659 2659 2659
    2659 2680 2680 2680 2659 2659 4983 4911 5548 5548 2680 2659 2639
    2598 2579 2579 2579 2598 2598 2598 2598 2598 2618 2618 2618 2639
    2639 2639 2639 2659 2659 2659 2659 2680 2680 2680 2659 2659 4983
    4911 5548 5548 2659 2639 2639 2598 2579 2579 2579 2579 2598 2598
    2598 2598 2598 2618 2618 2639 2639 2639 2639 2659 2659 2659 2659
    2680 2680 2680 2659 2659 2659 4983 5548 5548 2659 2639 2639 2598
    2598 2579 2579 2579 2579 2579 2579 2579 2598 2618 2618 2639 2639
    2639 2639 2659 2639 2639 2659 2680 2701 2680 2659 2659 2659 4983
    5548 5374 2701 2659 2639 2598 2598 2579 2579 2579 2579 2579 2579
    2579 2598 2598 2618 2639 2639 2639 2639 2639 2639 2639 2659 2680
    2680 2680 2680 2680 2680 4983 5548 5374 2680 2659 2659 2639 2618
    2579 2579 2579 2579 2579 2579 2579 2598 2598 2618 2618 2639 2639
    2639 2639 2639 2639 2659 2659 2680 2659 2659 2680 2680 4983 5548
    5374 2659 2659 2659 2639 2618 2579 2579 2579 2579 2579 2579 2598
    2598 2598 2598 2618 2639 2639 2639 2639 2639 2639 2659 2659 2659
    2659 2659 2659 2680 4983 5548 5460 2659 2659 2659 2639 2618 2579
    2579 2579 2579 2579 2579 2598 2598 2598 2598 2618 2639 2639 2639
    2639 2639 2639 2659 2659 2639 2639 2659 2659 2639 2639 5548 5460
    2701 2680 2659 2639 2618 2598 2579 2579 2579 2579 2579 2579 2579
    2579 2598 2618 2618 2639 2639 2639 2639 2639 2639 2659 2639 2639
    2639 2639 2618 2618 5548 5548 5548 2680 2659 2639 2618 2598 2579
    2579 2579 2579 2579 2579 2579 2579 2598 2598 2618 2639 2639 2639
    2639 2639 2639 2659 2639 2639 2639 2639 2618 2618 5548 5548 5548
    2680 2659 2639 2618 2598 2579 2579 2579 2579 2579 2579 2579 2579
    2598 2598 2618 2618 2639 2639 2639 2639 2639 2639 2639 2639 2639
    2639 2639 2639 5548 5548 5548 5548 2639 2639 2639 2618 2598 2579
    2579 2560 2560 2579 2579 2579 2579 2579 2598 2598 2618 2639 2639
    2639 2639 2639 2639 2639 2639 2639 2639 4911 5548 5548 5548 5548
    2639 2639 2639 2618 2598 2579 2579 2560 2560 2579 2579 2579 2579
    2579 2579 2598 2598 2618 2618 2618 2639 2639 2639 2639 2639 2639
    2639 4911 5548 5548 5548 5548 2618 2618 2618 2618 2579 2579 2579
    2560 2560 2579 2579 2579 2560 2560 2579 2579 2598 2618 2618 2618
    2618 2639 2639 2639 2639 4842 4842 4911 5548 5548 5548 5460 2618
    2618 2618 2618 2579 2579 2560 2560 2560 2579 2579 2560 2560 2560
    2560 2579 2598 2618 2618 2618 2618 5132 4983 4911 4911 4842 4842
    4911 5548 5548 5548 5374 2618 2618 2618 2598 2579 2579 2560 2560
    2560 2560 2560 2560 2522 2522 2560 2579 2598 2618 2639 2639 5132
    5132 5056 4983 4983 4911 4911 4911 5548 5548 5460 5374 2639 2639
    2618 2598 2579 2579 2560 2560 2560 2560 2560 2541 2522 2522 5291
    5291 5291 5291 5210 5132 5132 5132 5132 5056 4983 4983 4911 4911</data></Depth3202>
</opencv_storage>
