<?xml version="1.0"?>
<opencv_storage>
<Depth18583 type_id="opencv-matrix">
  <rows>24</rows>
  <cols>29</cols>
  <dt>w</dt>
  <data>
    1739 1739 1739 1766 1776 1794 1804 1823 1833 1853 1863 1873 0 0 0 0
    1959 1959 1959 1981 1993 2016 2028 2065 2090 2090 2103 0 0 1722 1757
    1757 1757 1766 1794 1804 1823 1833 1843 1863 1873 1873 0 0 1947 1947
    1947 1959 1981 1993 2016 2065 2065 2090 2103 2116 0 0 1722 1722 1722
    1748 1766 1776 1794 1804 1823 1833 1863 1873 1894 1894 1904 1926
    1926 1947 1970 1981 1993 1993 2090 2090 2090 2103 2116 2129 0 995
    1722 1722 1748 1757 1766 1785 1794 1794 1804 1883 1883 1883 1894
    1894 1915 1926 1947 1959 2005 2005 2016 2028 2090 2090 2103 2116
    2116 0 995 1757 1757 1757 1757 1766 1785 1794 1794 1804 1863 1873
    1873 1883 1894 1915 1926 1947 1959 2005 2005 2016 2028 2053 2065
    2103 2116 2116 2129 995 1757 1757 1757 1766 1776 1794 1794 1794 1823
    1843 1863 1863 1883 1894 1904 1926 1936 1959 1981 2005 2016 2028
    2053 2065 2090 2103 2116 2129 995 1757 1757 1757 1766 1776 1794 1804
    1804 1823 1843 1853 1863 1883 1894 1904 1915 1936 1959 1981 1993
    2016 2028 2040 2053 2090 2103 2116 2129 998 1739 1739 1757 1757 1766
    1785 1794 1804 1823 1843 1853 1863 1894 1915 1915 1915 1936 1981
    1981 1981 2005 2016 2028 2040 2103 2116 2116 2129 1739 1739 1739
    1757 1757 1766 1785 1794 1804 1823 1843 1843 1883 1894 1915 1926
    1926 1926 1981 1981 1981 1993 2005 2016 2040 2053 2116 2129 2129
    1722 1722 1731 1739 1748 1766 1785 1794 1804 1823 1843 1843 1853
    1883 1915 1915 1915 1926 1970 1970 1981 1981 2005 2016 2053 2053
    2156 2156 2156 1722 1722 1731 1739 1748 1766 1785 1794 1804 1823
    1843 1843 1853 1873 1904 1915 1915 1936 1970 1970 1981 1981 2005
    2016 2040 2053 2065 2143 2143 1713 1713 1731 1739 1748 1766 1785
    1794 1794 1813 1833 1843 1843 1863 1894 1915 1915 1926 1947 1970
    1970 1993 2005 2016 2040 2053 2065 2116 2129 1713 1713 1731 1739
    1739 1757 1776 1794 1794 1804 1813 1833 1843 1853 1883 1915 1915
    1926 1947 1959 1970 1993 2005 2016 2028 2053 2065 2103 2116 1731
    1731 1731 1739 1739 1757 1776 1785 1794 1804 1813 1833 1843 1843
    1883 1915 1915 1926 1947 1959 1970 2005 2005 2016 2028 2053 2078
    2103 2116 1731 1731 1731 1739 1739 1757 1766 1776 1785 1804 1813
    1823 1833 1843 1873 1915 1915 1926 1936 1947 1959 1981 1993 2005
    2028 2053 2090 2103 2116 975 1731 1731 1731 1739 1757 1766 1776 1785
    1804 1813 1823 1833 1843 1863 1883 1915 1926 1936 1947 1959 1981
    1993 2005 2028 2053 2090 2116 2116 981 981 1731 1731 1739 1757 1766
    1776 1785 1804 1823 1833 1833 1843 1863 1873 1904 1926 1936 1947
    1959 1981 1993 2016 2040 2053 2090 2103 2116 978 987 987 1739 1739
    1757 1766 1776 1776 1804 1813 1823 1843 1853 1863 1873 1904 1926
    1936 1947 1959 1970 1993 2005 2028 2053 2090 2103 2116 978 987 987
    1748 1748 1748 1766 1776 1776 1804 1813 1823 1833 1853 1863 1873
    1894 1904 1926 1936 1947 1970 1993 1993 2016 2040 2078 2103 2103 987
    989 989 1748 1748 1748 1757 1757 1785 1794 1804 1823 1833 1843 1863
    1873 1894 1904 1926 1936 1947 1970 1981 1993 2016 2040 2078 2103
    2103 989 989 998 998 1757 1739 1739 1757 1776 1785 1804 1813 1833
    1843 1853 1873 1883 1894 1915 1936 1947 1970 1981 1993 2016 2053
    2078 2090 2103 984 984 992 992 1731 1731 1731 1776 1776 1785 1804
    1813 1833 1843 1853 1873 1873 1883 1904 1936 1959 1981 1993 1993
    2016 2040 2065 2090 2103 981 981 987 987 1731 1731 1731 1757 1766
    1776 1794 1804 1833 1843 1853 1873 1873 1883 1904 1936 1959 1981
    1993 2005 2016 2040 2053 2078 2103 978 978 984 984 984 1757 1757
    1757 1766 1776 1794 1804 1833 1843 1853 1873 1873 640 640 641 1993
    1993 1993 2005 2016 2040 2053 2078 0</data></Depth18583>
</opencv_storage>
