<?xml version="1.0"?>
<opencv_storage>
<Depth18784 type_id="opencv-matrix">
  <rows>22</rows>
  <cols>57</cols>
  <dt>w</dt>
  <data>
    3178 3178 3208 3178 3178 2522 2522 2522 2522 2541 3300 3300 3333
    3399 2579 2579 3333 3333 3365 3399 3365 3365 3365 3365 3399 3399
    3433 3433 3433 3399 3365 3333 3300 3300 3300 3300 3300 3333 3300
    3300 3300 3333 3333 3399 3399 3433 3433 3433 3468 3468 3539 3576
    3576 3576 3576 3576 3576 2503 2503 2522 2522 2560 2522 2522 2522
    2522 2541 2541 2541 2560 2560 2579 2579 2579 2598 2598 2598 3333
    3333 3365 3365 3399 3399 3433 3433 3399 3333 3300 3300 3300 3300
    3300 3300 3300 3300 3300 3300 3300 3333 3365 3399 3433 3433 3433
    3433 3503 3503 3576 3576 3576 3576 3576 3576 3576 2503 2503 2522
    2522 2560 2541 2541 2560 2560 2541 2541 2541 2560 2560 2598 2579
    2579 2598 2598 2598 2639 2639 2639 2659 3399 3433 3433 3433 3399
    3300 3300 3300 3300 3300 3300 3300 3300 3300 3300 3300 3333 3333
    3399 3433 3433 3433 3433 3433 3503 3503 3576 3576 3576 3576 3576
    3576 3614 2522 2522 2560 2560 2579 2579 2579 2579 2579 2541 2541
    2579 2579 2579 2598 2598 2598 2618 2618 2618 2639 2639 2639 2639
    2639 2639 2639 2639 2639 3269 3269 3269 3269 3300 3300 3300 3300
    3300 3333 3333 3365 3365 3399 3433 3468 3468 3468 3468 3503 3503
    3614 3576 3576 3576 3614 3614 3614 2541 2541 2560 2560 2579 2579
    2560 2560 2560 2560 2560 2579 2579 2579 2598 2598 2598 2598 2598
    2618 2639 2639 2639 2639 2639 2639 2639 2639 2639 2639 2639 2659
    2639 2639 2618 2618 2618 2598 2598 2639 2659 3399 3433 3468 3503
    2723 2723 2767 2767 3576 3614 3614 3614 3614 3614 2767 2767 2560
    2560 2560 2560 2560 2560 2560 2560 2560 2560 2579 2579 2579 2579
    2579 2598 2598 2598 2598 2618 2618 2618 2618 2639 2639 2639 2639
    2639 2639 2639 2639 2659 2639 2639 2618 2618 2618 2598 2598 2639
    2659 2659 2680 2659 2659 2659 2723 2744 2744 2767 3653 3614 3614
    3614 2744 2744 2767 2560 2560 2560 2541 2541 2541 2560 2560 2560
    2579 2579 2579 2579 2579 2579 2598 2598 2598 2598 2618 2618 2618
    2618 2639 2639 2639 2639 2639 2639 2659 2659 2659 2639 2639 2659
    2659 2659 2659 2659 2659 2659 2659 2680 2659 2659 2659 2701 2723
    2723 2744 2744 2744 2744 2744 2744 2744 2767 2560 2560 2560 2541
    2541 2541 2541 2541 2560 2579 2598 2579 2579 2579 2579 2598 2598
    2598 2579 2579 2579 2598 2618 2618 2618 2618 2639 2639 2639 2659
    2659 2659 2659 2659 2659 2659 2659 2659 2659 2659 2659 2680 2680
    2680 2680 2701 2701 2723 2723 2723 2744 2744 2744 2723 2723 2723
    2723 2541 2541 2541 2541 2541 2541 2541 2541 2560 2579 2598 2579
    2579 2579 2579 2598 2598 2598 2579 2579 2579 2598 2618 2618 2618
    2618 2639 2639 2639 2659 2659 2659 2659 2659 2659 2659 2659 2659
    2659 2659 2680 2680 2680 2680 2680 2701 2701 2701 2701 2723 2723
    2744 2744 2723 2723 2723 2723 2503 2522 2522 2541 2541 2560 2560
    2560 2579 2579 2598 2579 2579 2579 2579 2598 2598 2598 2579 2579
    2598 2598 2618 2618 2639 2639 2639 2639 2639 2639 2659 2659 2659
    2659 2659 2659 2659 2659 2659 2659 2680 2680 2680 2680 2680 2701
    2701 2701 2701 2701 2701 2723 2723 2723 2723 2723 2723 2503 2522
    2522 2541 2541 2560 2560 2560 2560 2560 2579 2579 2579 2598 2598
    2598 2598 2598 2579 2579 2598 2598 2618 2618 2639 2639 2639 2639
    2639 2639 2639 2659 2659 2659 2659 2659 2659 2659 2659 2659 2680
    2680 2680 2680 2680 2680 2680 2701 2701 2701 2701 2723 2723 2723
    2723 2723 2723 2503 2522 2541 2560 2560 2560 2560 2560 2560 2560
    2579 2579 2579 2598 2598 2598 2598 2598 2598 2598 2618 2618 2618
    2618 2639 2639 2639 2639 2639 2639 2639 2659 2659 2659 2659 2659
    2659 2659 2659 2659 2680 2680 2680 2680 2680 2680 2680 2701 2701
    2701 2701 2723 2723 2723 2723 2723 2723 2522 2541 2560 2579 2579
    2579 2579 2579 2579 2579 2579 2579 2579 2598 2598 2579 2579 2579
    2598 2598 2598 2618 2618 2618 2639 2639 2639 2639 2639 2639 2639
    2659 2659 2659 2659 2659 2659 2659 2659 2659 2680 2680 2680 2680
    2680 2680 2680 2701 2701 2701 2701 2723 2723 2723 2723 2723 2723
    2522 2560 2560 2579 2579 2579 2579 2579 2579 2579 2579 2579 2579
    2579 2598 2579 2579 2579 2598 2598 2598 2618 2618 2639 2639 2639
    2639 2639 2639 2639 2639 2639 2639 2659 2659 2659 2659 2659 2659
    2680 2680 2680 2680 2680 2680 2680 2701 2701 2701 2701 2701 2701
    2723 2723 2723 2723 2723 2541 2560 2560 2560 2579 2579 2579 2579
    2579 2579 2579 2579 2579 2579 2598 2579 2579 2598 2598 2598 2598
    2598 2618 2639 2639 2639 2659 2659 2659 2639 2639 2639 2639 2659
    2659 2659 2659 2659 2659 2680 2680 2680 2680 2680 2680 2680 2680
    2701 2701 2701 2701 2701 2723 2744 2744 2744 2744 0 0 2560 2522 2522
    2522 2541 2560 2560 2560 2579 2579 2579 2598 2598 2579 2579 2579
    2579 2579 2598 2598 2598 2618 2639 2639 2639 2639 2639 2639 2639
    2659 2659 2659 2659 2680 2680 2680 2680 2680 2680 2680 2680 2680
    2680 2680 2680 2701 2701 2701 2701 2701 2744 2767 2767 2767 2184 0 0
    0 2522 2522 2522 2541 2560 2560 2560 2579 2579 2579 2579 2598 2579
    2579 2579 2579 2579 2579 2598 2598 2598 2639 2639 2639 2639 2639
    2618 2618 2639 2659 2680 2680 2680 2659 2659 2680 2680 2680 2680
    2680 2680 2680 2680 2680 2701 2701 2701 2723 2744 2767 2789 2789
    2789 2184 0 0 0 0 0 2541 2541 2579 0 0 2541 2541 2579 2579 2579 2579
    2579 2579 2560 2560 2579 2579 2598 2598 2618 2639 2639 2639 2618
    2618 2618 2639 2659 2659 2659 2659 2659 2659 2680 2680 2680 2680
    2680 2680 2680 2680 2680 2701 2701 2701 2723 2723 2744 2789 2789
    2271 2170 0 0 0 0 0 0 0 0 0 0 2541 2541 2560 2560 2579 2579 2579
    2579 2560 2560 2579 2579 2598 2598 2618 2639 2639 2639 2618 2618
    2618 2639 2659 2659 2659 2659 2659 2659 2680 2680 2680 2680 2680
    2701 2701 2701 2701 2723 2723 2723 2723 2286 2271 2271 2271 2271
    2170 0 0 0 0 0 0 0 0 0 0 2579 2560 2560 2560 2579 0 0 0 0 0 0 0 0 0
    0 0 0 0 0 2618 2618 2639 2639 2639 2639 2659 2659 2659 2659 2680
    2701 2701 2701 2701 2701 2701 2701 2723 2723 2723 2701 2256 2241
    2241 2226 2212 2212 0 0 0 0 0 0 0 0 0 0 0 0 0 0 0 0 0 0 0 0 0 0 0 0
    0 0 0 0 0 2639 2639 2639 2639 2639 2639 2659 2659 2659 2659 2680
    2701 2680 2680 2701 2701 2701 2701 2680 2680 2680 2701 2256 2241
    2226 2226 2212 2212 0 0 0 0 0 0 0 0 0 0 0 0 0 0 0 0 0 0 0 0 0 0 0 0
    0 0 0 0 0 0 0 0 0 0 0 0 0 0 0 0 2701 2680 2680 2680 2680 2680 2680
    2659 2659 2680 2680 2256 2212 2212 2212 2212 2212</data></Depth18784>
</opencv_storage>
