<?xml version="1.0"?>
<opencv_storage>
<Depth8761 type_id="opencv-matrix">
  <rows>25</rows>
  <cols>11</cols>
  <dt>w</dt>
  <data>
    2723 2723 2744 2744 2744 2744 2723 2723 2744 3269 3269 2744 2744
    2744 2744 2744 2744 3333 3300 3300 3269 3269 2744 2744 2744 2744
    2744 2744 3300 3300 3269 3269 3269 2767 2767 2723 2701 2701 3333
    3300 3300 3269 3269 3238 2767 2767 2723 2701 2701 3333 3333 3300
    3269 3269 3238 2767 2767 2723 2723 3399 3365 3333 3300 3269 3238
    3238 2789 2789 2789 3433 3399 3365 3333 3300 3269 3238 3238 2789
    2789 2789 3433 3365 3365 3333 3300 3269 3238 3238 2789 2789 3433
    3433 3365 3365 3333 3300 3269 3238 3238 2767 2789 3433 3433 3365
    3333 3300 3300 3269 3238 3238 2767 3468 3433 3433 3365 3333 3300
    3300 3269 3238 3238 2767 3433 3433 3399 3399 3333 3300 3300 3269
    3208 3208 2789 3433 3433 3399 3365 3333 3300 3300 3269 3208 3208
    2812 3399 3399 3399 3365 3333 3300 3300 3269 3208 3208 2883 3365
    3365 3333 3333 3333 3300 3300 3269 3208 3208 2883 3365 3333 3333
    3333 3333 3300 3300 3269 3208 3208 2883 3365 3333 3300 3300 3300
    3300 3269 3238 3208 3208 2883 3365 3333 3300 3300 3269 3238 3208
    3208 3208 3208 3365 3365 3333 3333 3300 3269 3238 3208 3208 3178
    3178 3399 3365 3333 3333 3300 3269 3238 3208 3208 3178 3120 3433
    3399 3365 3333 3333 3269 3269 3208 3178 3149 3120 3468 3433 3399
    3365 3333 3269 3269 3208 3178 3149 3120 3468 3433 3433 3399 3365
    3333 3300 3269 3238 3149 3120 3468 3433 3433 3433 3365 3333 3300
    3269 3238 3149 3120 3503 3468 3468 3433 3399 3365 3333 3300 3300
    3149 3120</data></Depth8761>
</opencv_storage>
