<?xml version="1.0"?>
<opencv_storage>
<Depth19431 type_id="opencv-matrix">
  <rows>53</rows>
  <cols>16</cols>
  <dt>w</dt>
  <data>
    4405 4405 4405 4405 2143 2143 2198 2212 2212 2212 2212 2226 2241
    2241 4582 4582 4405 4405 4463 2129 2116 2116 2129 2129 2198 2184
    2184 2198 2241 2241 2241 4582 4405 2116 2116 2116 2103 2103 2103
    2103 2116 2090 2090 2198 2198 2040 0 4582 2040 2078 2078 2078 2065
    2065 2078 2078 2078 2065 2065 2040 2040 2040 2028 4582 2040 2040
    2040 2053 2053 2053 2053 2053 2053 2053 2053 2040 2040 2028 2028
    2028 2040 2040 2040 2028 2028 2028 2028 2028 2040 2040 2040 2040
    2040 2028 2028 2028 2016 2028 2028 2028 2016 2016 2016 2028 2028
    2040 2028 2028 2040 2040 2028 2028 2016 2028 2028 2028 2016 2016
    2016 2028 2028 2028 2028 2028 2040 2028 2028 2040 2040 2028 2028
    2028 2016 2016 2016 2016 2016 2028 2028 2028 2028 2028 2028 2028
    2028 2028 2028 2028 2028 2016 2016 2016 2016 2028 2028 2028 2028
    2016 2016 2016 2028 2028 2028 2028 2028 2016 2016 2016 2016 2028
    2028 2028 2028 2016 2016 2016 2005 2005 2016 2016 2028 2016 2016
    2016 2016 2016 2016 2028 2028 2016 2016 2005 2005 2005 2016 2016
    2016 2016 2016 2016 2016 2016 2016 2016 2028 2016 2016 2005 2005
    2005 2016 2016 2016 2016 2016 2016 2016 2016 2016 2016 2016 2016
    2016 2016 2005 2005 2016 2016 2016 2016 2016 2016 2016 2016 2016
    2016 2016 2016 2016 2016 2005 2005 2016 2016 2016 2016 2016 2016
    2016 2016 2016 2016 2016 2016 2016 2016 2005 2005 2016 2016 2016
    2016 2016 2016 2016 2016 2016 2016 2016 2016 2016 2016 2005 2005
    2016 2016 2016 2016 2016 2016 2016 2016 2016 2016 2016 2016 2016
    2028 2016 2016 2016 2016 2016 2016 2016 2016 2016 2016 2016 2016
    2016 2016 2016 2028 2016 2016 2016 2016 2016 2016 2016 2016 2028
    2016 2016 2016 2016 2016 2016 2016 2016 2016 2016 2016 2028 2016
    2016 2016 2028 2016 2016 2016 2016 2016 2016 2016 2005 2005 2016
    2016 2028 2016 2016 2016 2016 2016 2016 2016 2016 2016 2016 2016
    2005 2005 2016 2016 2028 2028 2016 2016 2016 2016 2016 2016 2016
    2016 2016 2016 2016 2016 2016 2016 2016 2016 2016 2016 2016 2016
    2016 2016 2016 2016 2016 2016 2005 2016 2016 2016 2016 2016 2016
    2016 2016 2016 2016 2016 2016 2016 2016 2016 2005 2016 2016 2016
    2016 2016 2016 2016 2016 2016 2005 2005 2016 2016 2016 2016 1993
    2016 2016 2016 2016 2016 2016 2016 2016 2016 2005 2005 2016 2016
    2016 2016 1993 2016 2016 2016 2016 2016 2016 2016 2016 2016 2016
    2016 2016 2005 2005 2005 2016 2016 2016 2016 2016 2016 2016 2016
    2016 2016 2016 2016 2016 2005 2005 2005 2028 2016 2016 2016 2016
    2016 2016 2016 2016 2016 2016 2016 2016 2016 2005 2005 2028 2028
    2016 2016 2016 2016 2016 2016 2016 2016 2016 2016 2016 2016 2005
    2005 2016 2016 2016 2016 2016 2016 2016 2016 2016 2016 2016 2016
    2016 2016 2016 2016 2016 2016 2016 2016 2016 2016 2016 2016 2016
    2016 2016 2016 2016 2016 2016 2016 2016 2016 2016 2016 2016 2016
    2016 2016 2016 2016 2005 2005 2016 2016 2016 2028 2016 2016 2016
    2016 2016 2016 2016 2016 2016 2016 2005 2005 2016 2016 2016 2016
    2016 2016 2016 2016 2016 2016 2016 2016 2016 2016 2016 2016 2016
    2016 2016 2016 2016 2005 2005 2005 2016 2016 2005 2005 2005 2005
    2016 2016 2016 2005 2005 2005 2005 2005 2005 2005 2005 2016 2005
    2005 2005 2005 2016 2016 2016 2005 2005 2005 2005 2005 2005 2005
    2005 2005 2005 2005 2005 2005 2016 2016 2016 2005 2005 2005 2005
    2005 2005 2005 2005 2005 2005 2005 2005 2005 2016 2016 2005 2005
    2005 2005 2005 2005 2005 2005 2005 2005 2005 2005 2005 2005 2005
    2005 2005 2005 2005 2005 2016 2016 2005 2005 2005 2005 2005 2005
    2005 2005 2005 2005 2005 2005 2005 2005 2016 2016 2005 2005 2005
    2005 2005 2005 2005 2005 2005 2005 2005 2005 2005 2005 2016 2016
    2005 2005 2005 2005 2005 2005 2005 2005 2005 2005 2005 2005 2005
    2005 2016 2016 2005 2005 2005 2005 2005 2005 2005 2005 2005 2005
    2005 2005 2005 2005 2005 2005 2005 2005 2005 2005 2005 2005 2005
    2005 2005 2005 2005 2005 2005 2005 2005 2005 2005 2005 2005 2005
    2005 2005 2005 2005 2005 2005 2005 2005 2005 2005 2005 2005 2005
    2005 2005 2005 2005 2005 2016 2005 2005 2005 2005 2005 2005 2005
    2005 2005 2005 2005 2005 2005 2005 2005 2005 2016 2016 2016 2005
    2005 2016 2016 2005 2005 2005 2005 2005 2005 2005 2005 2005 2016
    2016 2016 2016 2016 2016 2016 2005 2005 2005 2005 2005 2005 2005
    2005 2005 2005 2005 2005 2016 2016 2016 2016 2005 2005 2005 2016
    2005 2005 1993 1993 1993 2005 2005 2005 2016 2016 2016 4405 2005
    2005 2016 2016 2005 2005 1993 1993 1993 2005 2005 2016 2016 2016 0
    4405</data></Depth19431>
</opencv_storage>
