<?xml version="1.0"?>
<opencv_storage>
<Depth14336 type_id="opencv-matrix">
  <rows>5</rows>
  <cols>32</cols>
  <dt>w</dt>
  <data>
    4983 4911 4911 4842 4842 4842 4774 4774 4774 4774 4774 4774 4708
    4708 4645 4582 4582 4582 4582 4582 4582 4522 4522 4522 4522 4522
    4522 4522 4522 4522 4522 4522 4983 4911 4911 4842 4842 4842 4842
    4842 4774 4774 4774 4774 4774 4708 4645 4645 4645 4645 4645 4645
    4582 4522 4522 4522 4522 4522 4522 4582 4522 4522 4522 4522 4983
    4983 4911 4842 4842 4842 4842 4842 4842 4774 4774 4774 4774 4774
    4708 4708 4645 4645 4645 4645 4582 4522 4522 4522 4522 4522 4522
    4582 4582 4582 560 560 4983 4983 4983 4983 4911 4911 4911 4842 4842
    4774 4774 4774 4774 4774 4645 4582 4582 4645 4645 4582 4582 4522
    4522 4522 4522 4522 4522 565 563 562 560 560 5056 5056 5056 4983
    4983 4983 4983 4842 4774 4708 4708 4774 4774 4774 4645 4582 4582
    4645 4645 4582 4582 4522 4522 575 575 4522 567 565 563 562 561 559</data></Depth14336>
</opencv_storage>
