<?xml version="1.0"?>
<opencv_storage>
<Depth12391 type_id="opencv-matrix">
  <rows>5</rows>
  <cols>19</cols>
  <dt>w</dt>
  <data>
    0 0 0 5291 5291 0 0 0 5460 5460 5460 5460 5460 5460 5460 5460 5460
    5460 5460 5640 5548 5548 5291 5291 5374 5460 5548 5460 5460 5460
    5460 5460 5460 5460 5460 5460 5460 5460 5640 5548 5548 5374 5374
    5374 5460 5460 5548 5548 5548 5460 5460 5460 5548 5548 5548 5460
    5460 5640 5548 5548 5460 5460 5460 5460 5460 5460 5460 5460 5548
    5548 5548 5548 5548 5548 0 0 5640 5548 5548 5548 5548 5548 5460 5460
    5460 5460 5460 5548 5548 5548 5640 5640 0 0 0</data></Depth12391>
</opencv_storage>
