<?xml version="1.0"?>
<opencv_storage>
<Depth12000 type_id="opencv-matrix">
  <rows>71</rows>
  <cols>69</cols>
  <dt>w</dt>
  <data>
    3468 3468 3433 3399 3365 3333 3300 3300 3300 3300 3300 3300 3300
    3300 1031 1031 3238 3208 3208 3208 3208 3149 3149 3149 3120 3120
    3120 3120 3092 3064 3064 3037 3037 3010 2984 2984 2984 2984 2958
    2958 2958 2933 2933 2933 1138 1138 1138 1149 1149 2883 2835 1169
    1169 1181 1177 1177 1181 1181 2744 2744 2744 2767 2744 2744 2723
    2723 2701 2680 2659 3468 3468 3433 3399 3365 3333 3300 3300 3300
    3300 3300 3300 3300 1034 1031 1031 1031 1034 1034 3208 3208 3149
    3149 3149 3120 3120 3120 3120 3092 3092 3064 3037 3037 3010 2984
    2958 1090 1090 2958 2933 2933 2958 2958 1130 1130 1134 1138 1145
    1149 1149 1157 1161 1169 1173 1177 1177 1181 1181 1181 2767 2767
    2744 2744 2744 2723 2723 2701 2680 2659 3468 3468 3433 3399 3399
    3333 3300 3300 3300 3300 3333 3333 3300 1034 1031 1031 1031 1034
    1034 1031 3149 3149 3149 3149 3120 3120 3120 3120 3120 3092 3064
    3037 3037 3037 1087 1087 1090 1090 1090 2933 2933 2933 1134 1130
    1130 1134 1138 1145 1149 1149 1153 1157 1169 1173 1177 1177 1181
    1181 1181 2767 2767 2744 2744 2744 2723 2723 2701 2680 2659 3468
    3468 3433 3399 3365 3365 3365 3300 3300 3333 3333 3333 3300 1034
    1031 1031 1031 1031 1031 1031 1034 3149 3149 1057 1057 1057 1057
    3092 3092 1077 1077 1077 1080 1084 1084 1087 1090 1090 1090 1090
    1090 1130 1130 1130 1130 1138 1141 1145 1149 1149 1153 1157 1169
    1177 1181 1181 1181 1181 1181 2767 2767 2744 2744 2744 2723 2723
    2701 2680 2659 3468 3468 3399 3399 3365 3365 3365 3333 3333 3333
    3333 3300 3300 1034 1028 1025 1025 1025 1025 1031 1034 1034 1038
    1041 1050 1050 1050 1057 1060 1070 1073 1073 1077 1080 1084 1087
    1090 1087 1087 1090 1090 1090 1090 1126 1126 1138 1141 1145 1149
    1149 1153 1169 1177 1181 1181 1181 1177 1177 1177 1177 2744 2744
    2744 2744 2723 2723 2723 2701 2680 1087 1087 1087 1087 3365 3365
    3365 1054 1054 1050 1047 1044 1038 1034 1028 1025 1022 1022 1025
    1028 1034 1034 1038 1041 1047 1047 1050 1057 1060 1063 1067 1070
    1077 1080 1084 1087 1090 1087 1087 1090 1090 1090 1087 1087 1126
    1138 1141 1145 1149 1149 2883 1181 1181 1181 1181 1177 1177 1177
    1177 0 2744 2744 2744 2744 2723 2723 2723 2701 2680 1087 1087 1087
    1087 1087 1063 1060 1057 1054 1050 1047 1044 1038 1034 1028 1022
    1022 1022 1022 1022 1028 1034 1038 1041 1047 1047 1050 1054 1060
    1063 1063 1067 1073 1077 1084 1087 1087 1087 1087 1090 1090 1087
    1087 1087 1177 1161 1149 1149 1149 2859 2859 1185 1181 1181 1181
    1177 1173 1173 1173 0 2744 2744 2744 2723 2723 2723 2723 2701 2680
    1087 1087 1084 1080 1073 1063 1060 1057 1054 1050 1047 1044 1041
    1038 1028 1022 1022 1022 1022 1022 1025 1031 1034 1041 1047 1034
    1034 1050 1060 1063 1063 1063 1067 1077 1084 1087 1087 1087 1087
    1090 1090 1087 1087 1087 1169 1169 1165 1165 1165 2835 2835 2835
    1181 1177 1177 1173 1173 1173 1173 1169 2701 2701 2701 2723 2723
    2723 2701 2680 2680 1087 1084 1080 1077 1073 1063 1060 1060 1057
    1054 1054 1047 1044 1041 1031 1022 1019 1019 1019 1022 1025 1028
    1034 1041 1047 1034 1034 1050 1060 1063 1063 1063 1067 1077 1087
    1087 1087 1087 1094 1094 1094 1090 1090 1169 1165 1165 1165 1169
    1169 2835 2835 2835 1177 1177 1177 1169 1169 1169 1169 1169 2701
    2701 2701 2723 2723 2723 2701 2680 2680 1084 1080 1077 1077 1073
    1067 1063 1060 1060 1057 1057 1050 1047 1044 1038 1022 1019 1019
    1019 1019 1019 1028 1101 1101 1105 1105 1108 1115 1063 1063 1063
    1063 1087 1087 1087 1087 1087 1087 1097 1097 1097 1094 1094 1157
    1157 1157 1161 1169 1169 2835 2835 2835 1173 1173 1173 1169 1169
    1169 1169 1169 1169 2744 2744 2723 2723 2723 2701 2701 2680 1080
    1080 1077 1077 1073 1070 1067 1063 1063 1063 1063 1063 1060 1060
    1060 1013 1013 1016 1016 1019 1019 1101 1101 1101 1105 1105 1108
    1115 1115 1115 1115 1115 1090 1090 1087 1087 1087 1087 1101 1105
    1105 1105 1105 1157 1157 1157 1157 1161 1165 1165 2835 2835 1173
    1173 1173 1169 1169 1169 1169 1169 1169 2744 2744 2723 2723 2723
    2723 2701 2680 1080 1077 1077 1077 1077 1073 1070 1067 1067 1067
    1067 1063 1063 1063 1063 1010 1010 1013 1016 1019 1019 1101 1101
    1105 1105 1105 1108 1115 1115 1115 1115 1149 1090 1090 1087 1087
    1087 1087 1097 1105 1105 1105 1105 1108 1145 1149 1149 1149 1149
    1149 1149 1173 1173 1173 1173 1169 1169 1169 1169 1169 1169 2744
    2744 2744 2723 2723 2723 2701 2680 1080 1077 1077 1077 1080 1084
    1084 1084 1070 1063 1063 1063 1063 1063 1063 1010 1010 1013 1016
    1019 1019 1101 1101 1105 1105 1108 1112 1115 1115 1119 1149 1149
    1149 1087 1087 1084 1084 1087 1094 1101 1105 1105 1105 1101 1101
    1149 1149 1149 1149 1149 0 2812 2812 1177 1177 1169 1169 1169 1169
    1169 1169 2744 2744 2744 2723 2723 2723 2701 2680 1080 1080 1077
    1077 1084 1084 1084 1084 1084 1060 1060 1063 1063 1063 1063 1067
    1013 1013 1013 1019 1022 1022 1101 1101 1105 1108 1112 1112 1115
    1119 1145 1145 1145 1145 1087 1084 1084 1087 1090 1094 1101 1101
    1101 1097 1097 1153 1153 1157 1157 1157 1153 2812 2812 1173 1169
    1169 1169 1169 1169 1169 1169 2744 2744 2744 2723 2723 2723 2701
    2680 1084 1080 1080 1080 1084 1084 1084 1084 1084 1060 1060 1063
    1063 1063 1067 1070 1013 1013 1013 1016 1016 1022 1054 1054 1105
    1105 1108 1112 1112 1115 1145 1145 1145 1145 1087 1087 1084 1084
    1090 1094 1101 1101 1097 1094 1094 1161 1161 1161 1157 1153 1153
    1153 1173 1173 1169 1169 1169 1165 1165 1169 1169 2744 2744 2723
    2723 2723 2723 2701 2680 1084 1080 1080 1080 1080 1080 1084 1084
    1084 1060 1060 1060 1060 1063 1063 1070 1073 1016 1013 1013 1013
    1013 1047 1050 1050 1105 1108 1112 1112 1112 1149 1145 1145 1145
    1087 1084 1084 1084 1087 1094 1097 1101 1097 1094 1094 1157 1157
    1157 1153 1153 1153 1157 1157 1173 1169 1169 1169 1165 1165 1169
    1169 2744 2744 2723 2723 2723 2723 2701 2680 1084 1080 1080 1080
    1080 1080 1084 1084 1084 1060 1060 1060 1060 1060 1063 1070 1067
    1013 1013 1013 1013 1013 1047 1050 1050 1050 1112 1112 1112 1108
    1108 1108 1094 1090 1090 1084 1080 1080 1087 1090 1097 1101 1097
    1097 1097 1134 1138 1145 1149 1149 1149 1153 1153 1165 1161 1161
    1169 1165 1165 1169 1169 2744 2744 2723 2723 2723 2723 2723 2680
    3468 1080 1080 1080 1080 1080 1073 1073 1073 1060 1060 1060 1060
    1060 1063 1063 1063 1013 1013 1010 1010 1010 1050 1050 1050 1050
    1112 1112 1112 1108 1108 1108 1094 1094 1090 1080 1080 1080 1084
    1090 1097 1101 1101 1097 1097 1134 1134 1138 1141 1145 1149 1153
    1153 1153 1161 1161 1169 1169 1169 1165 1165 1165 2744 2723 2723
    2723 2723 2723 2701 1084 1080 1080 1080 1080 1080 1073 1073 1073
    1060 1060 1060 1060 1060 1063 1063 1060 1013 1013 1010 1010 1010
    1050 1050 1050 1050 1050 1112 1112 1112 1108 1105 1094 1094 1084
    1080 1080 1080 1084 1090 1097 1101 1101 1105 1115 1130 1130 1134
    1138 1141 1149 1153 1153 1153 1157 1165 1169 1169 1165 1165 1165
    1165 2723 2723 2723 2723 2723 2723 2701 1080 1077 1077 1077 1077
    1077 1077 1077 1077 1077 1060 1060 1060 1060 1063 1060 1060 1013
    1013 1013 1013 1013 1013 1047 1050 1050 1050 1112 1112 1112 1108
    1101 1094 1090 1084 1080 1080 1080 1080 1087 1097 1101 1101 1105
    1108 1126 1126 1134 1134 1138 1145 1149 1149 1153 1157 1165 1169
    1169 1165 1165 1165 1165 2723 2723 2723 2723 2723 2701 2701 1080
    1077 1077 1077 1077 1077 1077 1077 1073 1073 1063 1060 1060 1060
    1060 1060 1054 1047 1010 1010 1013 1013 1013 1047 1050 1050 1050
    1112 1112 1112 1108 1101 1090 1087 1084 1080 1080 1080 1080 1087
    1094 1097 1101 1105 1108 1123 1126 1126 1126 1134 1145 1149 1149
    1153 1161 1161 1165 1169 1165 1165 1165 1165 2723 2723 2723 2723
    2723 2701 2680 3468 1080 1077 1077 1077 1077 1077 1077 1073 1073
    1060 1060 1060 1060 1060 1057 1054 1047 1010 1010 1013 1013 1013
