<?xml version="1.0"?>
<opencv_storage>
<Depth9098 type_id="opencv-matrix">
  <rows>8</rows>
  <cols>19</cols>
  <dt>w</dt>
  <data>
    0 4582 4582 4582 4582 4582 4582 4582 4582 4582 4645 4645 4645 0 0 0
    0 0 0 4645 4582 4582 4582 4582 4582 4582 4582 4582 4582 4645 4645
    4645 4645 4645 4645 4708 4708 4708 4582 4582 4582 4582 4582 4582
    4582 4582 4582 4582 4645 4645 4645 4645 4645 4645 4645 4645 4645
    4582 4522 4522 4522 4582 4582 4582 4582 4582 4645 4582 4582 4645
    4645 4645 4645 4645 4582 4582 4522 4522 4522 4522 4582 4582 4582
    4645 4645 4645 4582 4582 4582 4582 4645 4645 4645 4582 4582 4522
    4522 4522 4522 4522 4522 4582 4645 4645 4645 4582 4582 4582 4582
    4582 4582 4645 4645 4582 4522 4522 4522 4522 4522 4522 4522 4582
    4582 4645 4645 4582 4582 4582 4582 4582 4645 4645 4582 4582 4582
    4522 4522 4522 4522 4522 4522 4582 4708 4645 4582 4582 5548 5548
    5640 5640 5640 5548</data></Depth9098>
</opencv_storage>
