<?xml version="1.0"?>
<opencv_storage>
<Depth0709 type_id="opencv-matrix">
  <rows>16</rows>
  <cols>11</cols>
  <dt>w</dt>
  <data>
    4983 4983 4983 4983 4911 4911 4842 4842 4774 4774 4774 4983 4983
    4983 4983 4911 4911 4842 4842 4774 4774 4774 4983 4983 4983 4983
    4911 4911 4842 4842 4774 4774 4774 4983 4983 4983 4983 4983 4911
    4842 4842 4774 4774 4774 4983 4983 4983 4983 4983 4911 4842 4842
    4842 4774 4774 4983 4983 4983 4983 4911 4911 4911 4911 4911 4842
    4774 5056 4983 4983 4983 4911 4911 4911 4911 4911 4842 4842 5056
    4983 4983 4983 4983 4911 4911 4983 4911 4911 4911 5056 4983 4983
    4983 4983 4983 4983 4983 4983 4911 4911 5056 5056 4983 4983 4983
    4983 4983 4983 4983 4911 4911 5132 5056 5056 4983 4983 4983 4983
    4983 4983 4911 4911 5210 5132 5056 5056 4983 4983 4983 4983 4911
    4911 4911 5210 5132 5132 5056 4983 4983 4983 4983 4911 4911 4911
    5210 5132 5132 5056 4983 4983 4983 4983 4911 4911 4911 5210 5210
    5132 5056 5056 4983 4983 4983 4983 4983 4911 5210 5210 5132 5056
    5056 4983 4983 4983 4983 4983 4983</data></Depth0709>
</opencv_storage>
