<?xml version="1.0"?>
<opencv_storage>
<Depth6175 type_id="opencv-matrix">
  <rows>118</rows>
  <cols>85</cols>
  <dt>w</dt>
  <data>
    3816 3816 3816 3816 3816 3816 3816 3816 3816 3816 3816 3816 3816
    3816 3816 3816 3859 3859 3859 3859 3859 3859 3859 3816 3816 3859
    3859 3859 3903 3903 3903 3903 3903 3903 3948 3903 3903 3903 3903
    3948 3948 3948 3948 3948 3948 3948 3994 3994 3994 3948 3948 3994
    3994 3994 3994 3903 3816 3816 805 803 802 798 792 792 790 789 785
    783 783 783 783 785 4089 4089 4089 796 4041 0 4041 4041 4041 4041
    4041 4041 4041 3816 3816 3816 3816 3816 3816 3816 3816 3816 3816
    3816 3816 3816 3816 3816 3816 3859 3816 3816 3816 3859 3859 3859
    3816 3816 3859 3859 3903 3903 3948 3903 3903 3903 3903 3948 3903
    3903 3903 3903 3903 3948 3948 3948 3903 3903 3948 3994 3994 3994
    3994 3994 3994 3994 813 811 811 811 805 805 803 802 798 792 792 790
    789 785 783 783 783 783 785 790 790 796 796 0 0 0 4041 4041 4041
    4041 4041 4041 3816 3816 3816 3816 3816 3816 3816 3816 3816 3816
    3816 3816 3816 3816 3816 3816 3816 3816 3816 3816 3859 3816 3816
    3816 3816 3816 3816 3903 3903 3903 3903 3948 3948 3948 3903 3903
    3859 3859 3903 3903 3948 3948 3948 3903 3903 827 827 827 3994 3994
    821 819 815 813 813 811 807 805 805 803 802 798 794 792 790 789 785
    783 783 783 783 787 790 796 796 796 798 0 0 0 4041 4041 4041 4041
    4041 3774 3774 3816 3816 3816 3816 3816 3816 3816 3816 3816 3816
    3816 3816 3816 3816 3816 3816 3816 3816 3816 3816 3816 3816 3816
    3816 3816 3903 3903 3903 3903 3903 3903 3903 3903 3903 3859 3859
    3859 3903 3903 3948 3948 3948 3948 827 827 827 823 821 819 819 815
    813 813 807 807 805 803 803 800 798 794 792 790 789 785 783 783 783
    783 789 790 796 796 798 798 0 0 0 0 0 4190 4089 4089 3774 3774 3816
    3816 3816 3816 3816 3816 3816 3816 3816 3816 3816 3816 3816 3816
    3816 3816 3816 3816 3816 3816 3816 3816 3816 3816 3859 3903 3903
    3903 3859 3859 3859 3859 3903 3859 3816 3816 3859 843 841 839 837
    835 829 829 827 827 823 821 819 817 815 813 813 807 805 803 803 802
    798 796 794 792 790 789 785 783 783 783 783 787 792 796 798 798 0 0
    0 0 0 0 0 4139 4089 3774 3774 3816 3816 3816 3816 3816 3816 3816
    3816 3816 3816 3816 3816 3816 3816 3816 3816 3816 3816 3816 3774
    3774 3816 3816 3816 3859 3903 3903 3903 3859 3816 851 849 849 849
    845 845 845 843 841 839 837 835 829 829 827 827 823 821 819 817 813
    813 813 811 805 803 802 800 798 796 792 792 790 789 783 783 783 783
    783 787 790 796 800 802 811 0 0 0 0 0 0 0 4139 3816 3816 3816 3816
    3816 3816 3816 3816 3816 3816 3816 3816 3816 3816 3816 3816 3816
    3816 3816 3816 3816 3774 3774 3774 3774 3859 873 873 873 860 860 856
    851 849 849 849 845 845 845 843 839 837 837 835 831 829 827 825 823
    821 819 815 813 813 811 811 805 803 802 798 796 794 792 792 790 789
    783 783 783 783 783 783 790 796 802 805 811 817 817 0 0 0 0 0 0 3774
    3816 3816 3774 3774 3816 3816 3816 3816 3816 3816 3816 3816 3816
    3816 3816 3816 3816 3816 3816 3816 3774 3774 875 875 873 871 871 867
    862 860 856 851 849 849 849 847 845 845 843 839 837 837 831 829 829
    827 825 823 821 819 815 813 813 811 807 805 802 800 798 796 794 794
    792 789 785 783 783 781 781 783 783 792 796 802 805 815 817 817 0 0
    0 0 0 0 3774 3816 3816 3774 3774 3816 3816 3816 3816 3816 3816 3816
    3816 3816 3816 3816 3816 3859 3859 3859 885 882 880 875 875 873 871
    869 867 862 860 856 854 851 849 849 847 845 845 843 839 837 835 831
    829 829 827 825 821 819 819 815 813 811 811 805 803 802 800 798 796
    794 794 792 789 785 783 781 781 781 783 783 790 794 803 811 815 819
    819 0 0 0 0 0 0 3816 3816 3774 3774 3774 3774 3774 3816 3816 3816
    3859 3859 3859 3859 3859 3859 3859 3859 887 885 885 882 878 875 875
    873 871 869 867 862 858 856 854 851 849 847 845 843 843 841 839 837
    835 831 829 827 827 823 821 819 819 815 813 811 811 805 802 800 798
    798 796 794 792 790 785 783 783 781 781 781 783 785 790 794 805 807
    813 821 827 829 835 839 843 0 0 3816 3816 3774 3774 3774 3774 3774
    3859 3859 913 913 913 913 903 903 903 903 894 887 885 885 882 878
    875 875 873 871 869 867 862 858 856 854 851 849 847 843 843 843 841
    837 835 833 831 829 827 827 823 821 819 817 815 813 811 811 803 802
    800 798 798 796 794 790 789 785 783 783 781 781 781 783 785 790 798
    805 807 811 815 827 829 835 837 843 851 0 3816 3816 3774 3774 3816
    3816 3816 3816 913 913 913 910 906 901 896 896 894 891 887 887 885
    882 878 875 875 873 869 867 867 862 858 856 854 851 849 845 843 841
    841 839 837 835 833 831 829 829 827 823 821 819 817 815 813 811 807
    803 800 800 798 796 794 794 790 789 783 781 781 780 780 780 783 787
    792 798 800 805 811 815 821 829 835 837 849 851 0 3816 3816 3816
    3816 0 0 0 0 0 913 913 910 906 901 896 896 894 891 889 887 885 882
    878 875 875 871 869 867 864 862 856 854 851 851 849 845 843 841 841
    839 837 835 831 831 829 827 825 823 821 819 815 813 811 807 805 803
    800 798 798 796 794 792 790 785 783 781 781 780 780 780 781 789 794
    798 800 805 811 815 821 827 833 839 849 851 851 3816 0 0 0 0 0 0 0
    910 910 910 910 906 901 896 896 894 891 889 887 885 880 878 875 873
    871 869 867 864 862 856 854 851 851 849 845 843 841 841 839 837 835
    829 829 829 827 825 823 821 817 815 813 811 807 805 803 800 798 798
    796 792 790 789 785 783 781 780 778 778 778 780 790 796 798 800 805
    813 815 821 827 833 841 849 851 851 3816 0 0 0 0 0 0 0 915 910 910
    910 906 903 898 896 894 889 887 885 882 878 878 875 873 871 869 867
    864 858 858 854 851 849 847 845 843 841 841 839 837 835 829 829 829
    827 825 821 819 817 813 813 811 805 805 803 802 800 798 796 792 790
    789 785 783 781 780 778 778 778 780 789 794 798 800 809 811 815 821
    827 833 839 849 854 854 3774 0 0 0 0 0 0 0 913 910 910 910 906 903
    898 896 894 887 887 882 880 878 875 875 873 871 869 867 864 858 858
    854 851 849 847 843 843 841 841 839 837 835 829 829 827 827 823 821
    819 817 813 813 811 805 803 803 802 800 798 796 792 790 789 785 781
    781 780 778 778 780 781 787 794 798 800 809 811 815 821 829 833 839
    847 854 856 3774 0 0 0 0 0 0 0 913 910 910 906 903 901 898 896 894
    887 885 882 878 875 875 873 871 869 867 867 864 858 858 854 851 847
    845 843 841 841 841 837 837 835 829 829 827 825 823 821 819 817 813
    813 807 805 803 803 802 800 796 794 792 790 789 785 781 781 780 780
    780 780 781 787 794 798 802 809 811 815 823 829 833 837 845 854 856
    3774 3816 0 0 0 0 0 0 913 910 908 906 901 901 896 894 889 887 885
    882 878 875 875 873 871 869 867 864 862 858 856 851 851 847 845 843
    841 839 839 837 835 835 829 829 827 825 821 821 819 817 813 811 807
    805 803 802 802 798 796 794 792 790 789 785 781 780 780 778 778 780
    781 789 794 798 802 807 811 815 823 833 835 837 845 851 854 3774
    3816 0 0 0 0 0 0 910 908 906 903 901 901 896 894 889 887 885 882 878
    875 875 873 871 869 867 862 860 858 856 851 849 845 845 843 841 839
    839 837 835 833 829 827 825 825 821 819 819 815 813 811 805 803 803
    802 800 798 796 794 792 790 789 785 781 780 778 778 778 780 781 789
    794 798 802 807 811 815 821 833 835 839 845 849 854 0 0 0 0 0 0 0 0
    910 908 906 903 901 898 896 894 889 887 885 882 880 878 875 873 871
    869 864 860 860 856 854 851 849 845 845 843 841 839 837 837 835 831
    829 827 825 823 819 819 817 815 813 811 805 803 803 800 798 796 796
    794 790 789 785 783 781 778 778 776 776 780 783 790 794 798 800 805
    811 815 821 831 837 839 845 849 854 0 0 0 0 0 0 0 0 0 906 906 903
    901 898 896 894 887 885 885 882 880 878 875 873 869 867 864 860 858
    856 854 849 849 845 843 843 841 837 837 837 835 831 829 827 825 823
    819 819 817 813 813 811 805 803 803 800 798 796 796 792 790 789 783
    783 781 778 778 776 776 780 785 790 794 796 800 805 811 815 823 831
    835 839 845 849 854 0 0 0 0 0 0 0 0 908 906 906 903 901 896 894 887
