<?xml version="1.0"?>
<opencv_storage>
<Depth0213 type_id="opencv-matrix">
  <rows>32</rows>
  <cols>4</cols>
  <dt>w</dt>
  <data>
    0 5933 5933 5832 5933 5832 5832 5734 5933 5832 5832 5734 5933 5832
    5832 5832 5832 5832 5832 5832 5832 5832 5832 5832 5832 5832 5832
    5832 5933 5832 5832 5832 5933 5933 5933 5832 6038 5933 5933 5832
    5933 5933 5933 5933 5933 5933 6038 5933 5933 5933 6038 5933 6038
    5933 5933 5933 6038 5933 5933 5933 6038 5933 5933 5933 6038 5933
    5933 5933 6146 6038 6038 6038 6146 6038 6038 6146 6259 6038 6038
    6038 6038 6038 6038 6038 6038 6038 6038 5933 6038 6038 6038 5933
    6038 6038 6038 6038 6038 6038 6038 6038 6146 6146 6146 6146 6146
    6146 6146 6038 6146 6146 6038 6038 6146 6146 6038 6038 6259 6146
    6146 6038 6259 6259 6259 6259 6259 6259 6259 6259</data></Depth0213>
</opencv_storage>
