<?xml version="1.0"?>
<opencv_storage>
<Depth8974 type_id="opencv-matrix">
  <rows>7</rows>
  <cols>14</cols>
  <dt>w</dt>
  <data>
    7178 7332 7332 7492 7332 7332 7332 7492 7660 7660 7660 7660 7835
    8849 7178 7332 7332 7492 7332 7332 7332 7492 7492 7492 7492 7492
    7660 7835 7178 7332 7332 7492 7492 7492 7492 7492 7492 7492 7492
    7492 7492 7660 7332 7332 7492 7492 7492 7492 7332 7332 7332 7492
    7492 7492 7492 7660 7492 7492 7492 7332 7332 7332 7332 7332 7332
    7492 7492 7492 7492 7492 7660 7660 7492 7332 7332 7332 7332 7332
    7332 7492 7492 7332 7332 7332 7660 7660 7492 7332 7332 7332 7332
    7332 7492 7492 7492 7332 7332 7332</data></Depth8974>
</opencv_storage>
