<?xml version="1.0"?>
<opencv_storage>
<Depth19983 type_id="opencv-matrix">
  <rows>9</rows>
  <cols>28</cols>
  <dt>w</dt>
  <data>
    5548 5548 5832 5640 5640 5640 5640 5832 5734 5640 5548 5548 5548
    5734 5832 5832 5734 5734 5640 5640 5640 5640 5640 5548 5548 5640
    5640 5640 5548 5548 5548 5548 5548 5548 5548 5640 5640 5640 5548
    5548 5548 5734 5734 5734 5734 5640 5640 5640 5640 5640 5640 5548
    5548 5640 5640 5640 5548 5548 5548 5548 5548 5548 5548 5548 5548
    5548 5548 5548 5548 5640 5640 5640 5640 5640 5640 5640 5640 5640
    5640 5640 5640 5640 5548 5548 5640 5640 5548 5548 5548 5548 5548
    5548 5548 5548 5548 5548 5548 5640 5640 5640 5640 5640 5640 5640
    5640 5640 5640 5640 5640 5548 5548 5548 5640 5548 5548 5548 5548
    5548 5548 5548 5548 5548 5548 5548 5548 5640 5640 5640 5640 5640
    5640 5640 5640 5640 5640 5640 5640 5548 5548 0 5548 5548 5548 5548
    5548 5548 5548 5548 5548 5548 5548 5548 5548 5640 5640 5640 5640
    5640 5640 5640 5640 5640 5640 5640 5640 5640 0 0 5548 5548 5548 5548
    5460 5460 5460 5548 5548 5548 5640 5734 5734 5734 5734 5640 5640
    5640 5640 5640 5640 5640 5640 5640 5640 0 0 0 5548 5548 5548 5548
    5460 5460 5460 5640 5640 5734 5734 5832 5933 6038 6038 5640 5640
    5640 5734 5734 5734 6753 6889 6622 6622 6622 0 6889 5548 5548 5548
    5640 5640 6889 6889 6753 5832 5832 5832 5832 6889 6889 6889 6889
    6889 6889 6889 6753 6753 6753 6889 6753 6622 6622 6889 6889</data></Depth19983>
</opencv_storage>
