<?xml version="1.0"?>
<opencv_storage>
<Depth0012 type_id="opencv-matrix">
  <rows>7</rows>
  <cols>6</cols>
  <dt>w</dt>
  <data>
    8413 8626 8626 8626 8626 8626 8413 8626 8626 8626 8626 8626 8413
    8413 8626 8626 8626 8626 8413 8413 8626 8849 8849 8626 8413 8626
    8626 8626 8626 8626 8212 8626 8626 8626 8626 8626 8212 8212 8212
    8626 8626 8849</data></Depth0012>
</opencv_storage>
