<?xml version="1.0"?>
<opencv_storage>
<Depth12707 type_id="opencv-matrix">
  <rows>8</rows>
  <cols>30</cols>
  <dt>w</dt>
  <data>
    6753 6753 6889 6889 6753 6753 6497 6497 6753 6889 6889 6753 5933
    5933 5933 5548 5548 5640 5640 5640 5548 5548 5548 5548 5460 5460
    5460 5548 5548 5548 6889 6889 7030 6889 6753 6753 5734 5734 5734
    5734 5734 5734 5734 5640 5640 5548 5548 5640 5640 5640 5548 5548
    5548 5548 5548 5548 5548 5460 5460 5548 6889 5640 5640 5640 5640
    5548 5548 5640 5640 5640 5640 5640 5640 5640 5640 5640 5640 5640
    5640 5640 5548 5548 5548 5548 5548 5548 5548 5460 5460 5460 0 5640
    5640 5640 5640 5548 5548 5640 5640 5640 5640 5640 5640 5640 5640
    5640 5640 5640 5548 5548 5548 5548 5640 5548 5548 5460 5374 5374
    5374 5460 5640 5640 5640 5640 5640 5640 5640 5640 5640 5640 5640
    5548 5548 5548 5548 5548 5640 5640 5548 5548 5548 5548 5640 5548
    5548 5460 5374 5291 5291 5460 5640 5640 5640 5640 5640 5640 5640
    5640 5640 5640 5640 5548 5548 5548 5548 5548 5640 5640 5640 0 5640
    5640 5640 5548 5548 5460 5374 5291 5291 5460 0 0 5640 5640 5640 5640
    5640 5640 5640 5640 5640 5548 5548 5548 5548 5640 5640 5640 5640
    6497 6497 5548 5548 5548 5548 5460 5460 0 0 0 0 0 0 5640 5640 5548
    5548 5640 5640 5640 5640 5640 5640 5640 5640 5640 5640 5640 0 0 0
    6497 6497 6497 0 6497 0 0 0 0</data></Depth12707>
</opencv_storage>
