<?xml version="1.0"?>
<opencv_storage>
<Depth2370 type_id="opencv-matrix">
  <rows>33</rows>
  <cols>6</cols>
  <dt>w</dt>
  <data>
    6497 6375 6259 6259 6259 6259 6497 6375 6375 6259 6259 6259 6497
    6375 6375 6375 6375 6375 6497 6375 6259 6146 6038 6038 6375 6259
    6259 6146 6038 6038 6375 6259 6259 6146 6038 6038 6375 6146 6146
    6146 6038 6038 6259 6146 6146 6038 6038 6038 6259 6259 6259 6038
    6038 6038 6259 6259 6259 6146 6146 6146 6375 6146 6038 6038 6146
    6146 6497 6146 6038 6038 6146 6146 6497 6146 6038 6038 6038 6038
    6146 6146 6038 6038 6038 6038 6146 6038 6038 6038 6038 6038 7660
    6038 6038 6038 6038 6038 7660 6038 6038 6038 6038 6146 7492 6038
    6038 6038 6038 6146 7492 6146 6038 6038 6146 6146 6375 6146 6038
    6038 6038 6038 6146 6146 6038 6038 6038 6038 6146 6038 6038 6038
    6038 6038 6146 6038 6038 6038 6038 6038 6038 6038 6038 6038 6038
    6038 6038 6038 6038 6038 6038 6038 6038 5933 5933 5933 5933 5933
    6038 5933 5933 5933 5933 5933 6038 6038 5933 5933 5933 5933 6038
    5933 5933 5933 5933 5933 5933 5933 5933 5933 5832 5832 5933 5933
    5933 5933 5832 5832 5933 5933 5933 5933 5832 5832 5832 5832 5933
    5933 5933 5933</data></Depth2370>
</opencv_storage>
