<?xml version="1.0"?>
<opencv_storage>
<Depth12848 type_id="opencv-matrix">
  <rows>9</rows>
  <cols>41</cols>
  <dt>w</dt>
  <data>
    5734 5734 5832 5832 5734 5734 5734 5734 5734 5734 5734 5734 5640
    5640 5734 5832 5832 5832 5734 5734 5734 5832 5832 5832 5640 5548
    5548 5548 5132 5056 5056 4983 4983 4911 4911 4911 4911 4842 4774
    4708 4708 5832 5933 5832 5734 5640 5640 5640 5734 5734 5640 5548
    5548 5374 5374 5460 5832 5832 5832 5734 5734 5056 4983 4911 4842
    4842 4911 4911 4842 4842 4911 4911 4842 4842 4842 4842 4842 4842
    4842 4774 4708 4708 5933 5832 5640 5291 5291 5132 5056 5056 5056
    5056 5056 5056 5056 5056 4983 4983 4645 4645 4983 4983 4983 4911
    4911 4842 4774 4774 4842 4842 4842 4842 4911 4842 4842 4774 4774
    4774 4774 4774 4774 4774 4774 5832 5832 5132 5056 5056 5056 4983
    4983 4983 4983 4983 4983 4983 4983 4983 4983 4645 4645 4983 4983
    4983 4911 4911 4774 4774 4774 4842 4842 4842 4842 4842 4774 4774
    4774 4774 4774 4774 4774 4774 4774 4774 5056 5056 5056 5056 4983
    4983 4983 4983 4983 4983 4983 4983 4983 4983 4911 4911 4911 4911
    4911 4983 4983 4983 4911 4774 4774 4842 4842 4842 4842 4774 4774
    4774 4774 4774 4774 4774 4774 4774 4774 4774 4774 4983 4983 4983
    4983 4983 4983 4983 4983 4983 4983 4983 4911 4911 4911 4911 4911
    4911 4911 4911 4983 4983 4911 4911 4842 4842 4842 4842 4842 4842
    4774 4774 4774 4774 4774 4708 4708 4774 4774 4774 4774 4774 4983
    4983 4983 4983 4983 4983 4983 4983 4983 4983 4983 4911 4911 4911
    4911 4911 4911 4911 4983 4983 4911 4911 4911 4842 4842 4842 4842
    4842 4842 4774 4774 4774 4774 4774 4708 4708 4842 4842 4842 4842
    4911 4983 4911 4911 4911 4911 4983 4842 4842 4842 4842 4983 4911
    4911 4911 4842 4842 4911 4911 4983 4983 4911 4911 4911 4842 4842
    4842 4911 4911 4842 4774 4774 4774 4774 4774 4774 4774 5734 5734
    5132 5132 5132 4983 4911 4911 4911 4911 4842 4842 4842 4842 4842
    4983 4911 4911 4911 4842 4842 4911 4983 4983 4983 4983 4983 4983
    4842 4842 4842 4911 4911 4983 4983 4983 4774 4774 4774 4774 0 5734
    5734 5734 5132 5132</data></Depth12848>
</opencv_storage>
