<?xml version="1.0"?>
<opencv_storage>
<Depth3299 type_id="opencv-matrix">
  <rows>116</rows>
  <cols>67</cols>
  <dt>w</dt>
  <data>
    773 773 773 773 771 771 769 769 769 767 767 767 767 767 767 767 767
    767 767 767 767 769 769 771 771 773 773 773 773 774 774 778 780 781
    875 878 880 880 885 885 887 887 889 901 903 903 906 906 910 913 913
    913 0 1153 1153 1153 1153 1153 1153 1157 1157 1157 1153 1149 1149
    1145 1145 773 773 773 773 773 773 771 771 769 767 767 767 767 767
    767 767 767 767 767 767 767 769 769 769 769 771 773 773 773 774 774
    776 778 781 875 875 878 880 885 885 887 887 889 898 903 903 906 906
    910 913 913 913 915 1153 1153 1153 1153 1153 1153 1157 1157 1157
    1153 1149 1149 1145 1145 773 773 773 773 773 773 773 771 771 769 769
    769 769 769 769 769 769 767 767 767 767 769 769 769 769 771 773 773
    774 774 774 776 776 875 875 875 878 878 887 887 887 887 889 894 896
    901 906 908 913 913 913 915 915 915 1149 1149 1153 1153 1153 1157
    1157 1161 1153 1153 1149 1145 1145 773 773 773 773 773 773 773 773
    773 771 771 769 769 771 769 769 769 767 767 767 767 769 769 769 769
    771 773 773 774 774 774 774 776 873 873 873 875 875 885 885 887 887
    889 891 896 901 906 908 910 913 913 915 918 918 1149 1149 1153 1153
    1157 1157 1157 1161 1157 1157 1153 1149 1149 773 774 774 774 773 773
    773 773 773 773 773 771 771 771 769 769 769 767 767 767 769 769 769
    769 771 771 771 773 773 774 774 774 776 869 869 871 873 875 882 885
    887 887 889 891 896 901 906 908 908 913 915 915 915 915 1149 1149
    1153 1153 1157 1157 1161 1161 1161 1161 1153 1153 1153 773 774 776
    774 774 774 774 774 774 773 773 773 773 771 769 769 769 767 767 769
    769 769 769 769 771 771 771 773 773 774 776 776 776 867 869 869 873
    882 882 885 887 887 889 894 896 901 906 908 908 910 915 915 915 915
    915 1153 1153 1153 1157 1157 1161 1161 1161 1161 1157 1157 1157 774
    776 776 774 774 774 774 774 774 774 773 773 773 771 771 769 769 767
    767 769 769 769 769 769 771 771 771 773 774 776 776 776 781 864 864
    867 871 882 882 885 885 887 889 894 901 903 906 908 908 910 913 915
    915 915 915 1157 1157 1157 1161 1161 1161 1161 1161 1161 1161 1157
    1157 774 774 774 774 774 774 774 774 774 774 773 773 773 773 771 769
    769 769 769 771 771 771 769 769 771 771 773 773 774 776 778 778 781
    781 864 867 871 882 882 885 885 887 891 896 901 903 903 906 906 910
    913 913 915 915 915 1161 1161 1161 1161 1161 1161 1161 1161 1165
    1161 1161 1157 776 774 774 774 774 774 774 774 774 774 773 773 773
    773 773 771 769 769 769 771 771 771 771 771 771 773 773 774 774 776
    778 780 781 781 781 869 873 882 882 885 887 889 894 896 901 903 903
    906 906 910 913 913 915 915 915 1161 1161 1161 1161 1161 1161 1161
    1161 1161 1165 1161 1161 776 774 774 774 774 774 774 774 774 773 773
    773 773 773 773 771 769 769 769 771 771 771 771 771 773 773 773 774
    774 774 778 781 780 780 781 875 875 882 882 885 887 889 894 896 898
    903 903 906 906 910 910 913 915 915 915 1157 1157 1161 1161 1161
    1161 1161 1161 1161 1165 1161 1161 776 774 774 774 774 774 774 774
    774 773 773 774 773 773 771 771 769 769 769 771 771 771 771 773 773
    773 773 774 774 774 778 781 780 780 780 873 873 882 882 885 887 889
    889 896 896 901 903 906 906 910 910 913 915 915 918 1157 1157 1161
    1161 1161 1161 1161 1161 1161 1165 1161 1161 776 774 774 774 774 776
    774 774 774 774 774 774 773 773 771 771 769 769 771 769 769 771 773
    773 773 773 774 774 774 776 778 780 780 780 780 873 873 880 880 882
    885 889 889 894 896 898 903 906 906 908 908 910 913 915 918 918 1161
    1161 1161 1161 1161 1161 1161 1161 1165 1165 1161 776 776 776 774
    774 776 774 774 774 774 774 776 774 773 771 771 771 771 771 769 769
    771 773 773 773 773 774 774 774 776 778 780 780 780 780 873 875 880
    880 882 885 887 889 891 891 898 903 906 906 908 908 910 913 915 915
    915 1161 1161 1161 1157 1157 1161 1161 1161 1165 1165 1161 778 778
    776 774 774 776 776 774 774 774 774 774 774 773 771 771 771 771 771
    771 771 773 773 773 773 773 774 774 774 776 776 778 780 781 781 873
    875 882 882 885 887 887 889 891 891 896 901 906 906 908 910 910 913
    915 915 915 1161 1161 1161 1157 1157 1161 1161 1165 1165 1165 1165
    778 778 776 774 774 776 776 776 776 774 774 774 774 774 773 771 771
    771 771 771 771 773 774 773 773 773 774 774 774 776 776 778 780 781
    781 871 873 882 882 885 885 887 891 891 894 896 898 903 906 908 910
    913 915 915 915 915 1157 1157 1161 1157 1157 1161 1161 1161 1165
    1165 1165 778 778 778 776 776 776 776 778 776 776 776 774 774 774
    774 773 771 771 771 773 773 773 773 773 773 773 773 774 774 776 776
    778 781 783 785 871 871 882 882 882 885 891 891 894 894 896 898 901
    906 908 913 913 915 915 915 915 1157 1157 1161 1161 1161 1161 1161
    1161 1165 1165 1165 780 780 778 778 776 776 776 778 776 776 776 774
    774 774 774 773 773 773 773 773 773 773 773 773 773 773 773 774 774
    774 774 774 780 781 785 871 871 875 882 882 885 891 894 896 896 896
    901 901 906 908 913 913 913 915 915 915 915 1161 1161 1161 1161 1161
    1161 1161 1165 1165 1165 780 780 780 780 778 778 778 778 778 778 776
    774 774 774 774 774 773 773 773 773 773 773 773 773 773 773 773 774
    774 774 774 774 780 780 867 869 871 875 882 882 887 891 894 896 896
    896 901 901 906 908 910 913 913 913 915 918 918 1161 1161 1161 1161
    1161 1161 1161 1165 1165 1165 781 780 780 780 778 778 778 778 778
    778 778 778 776 774 774 774 773 773 773 773 773 773 773 773 773 773
    773 776 776 774 774 774 778 780 867 869 871 875 882 882 887 889 891
    894 896 898 901 901 906 908 908 910 913 913 915 915 915 1161 1161
    1161 1161 1161 1161 1161 1161 1165 1165 781 781 780 780 780 780 780
    780 780 778 778 778 776 776 774 774 774 773 773 773 773 773 773 773
    773 773 774 776 774 774 774 774 778 780 867 869 873 875 882 887 889
    889 891 894 894 896 901 903 906 908 908 910 913 913 915 915 915 1165
    1161 1161 1161 1161 1161 1161 1161 1165 1165 1227 781 780 780 780
    780 780 780 780 778 776 776 776 776 774 774 774 773 773 774 773 773
    773 773 773 773 774 776 774 774 774 774 780 867 867 867 871 875 880
    887 889 889 891 894 894 896 901 903 906 908 908 913 913 915 913 913
    913 1165 1161 1161 1161 1161 1161 1161 1161 1161 1165 785 781 781
    781 780 780 780 780 780 778 776 776 776 776 774 774 774 774 774 774
    774 774 773 773 773 773 774 776 776 778 778 780 780 867 867 867 871
    875 880 887 887 889 891 891 894 896 901 901 903 906 908 910 913 915
    913 913 1165 1161 1161 1161 1161 1161 1161 1161 1161 1161 1165 783
    781 781 781 780 780 780 780 780 778 776 776 776 776 774 774 774 774
    774 774 774 774 774 774 774 774 774 776 776 778 778 780 780 860 860
    794 794 878 885 887 887 889 889 889 894 896 896 898 903 906 908 910
    913 915 915 915 1157 1157 1161 1161 1161 1161 1161 1161 1161 1165
    1165 783 781 781 781 780 780 780 780 780 780 778 778 778 778 776 774
    774 774 774 774 773 773 773 773 773 774 774 776 776 776 778 780 780
    860 789 789 794 878 885 889 889 889 889 889 894 896 896 898 903 906
    906 908 913 915 915 918 920 1153 1161 1161 1165 1165 1165 1165 1165
    1165 1165 781 781 781 781 780 780 780 781 781 780 780 780 780 778
    776 776 774 774 774 773 773 773 773 773 773 774 774 776 776 776 778
    780 780 789 789 789 790 875 885 887 887 889 889 889 894 896 898 898
    903 906 906 908 910 915 915 918 920 1153 1161 1165 1165 1165 1165
    1165 1165 1165 1165 781 781 781 781 780 780 781 781 781 781 780 780
    780 780 776 776 774 774 774 773 773 773 773 773 773 774 774 776 776
    778 778 780 781 789 789 790 790 875 880 882 887 889 891 891 894 896
    898 898 903 903 906 906 908 915 915 918 923 1161 1161 1161 1165 1165
    1165 1165 1165 1165 1165 783 783 781 781 780 780 781 781 781 781 780
    780 780 780 778 776 774 774 774 773 773 773 773 773 773 774 774 776
