<?xml version="1.0"?>
<opencv_storage>
<Depth13940 type_id="opencv-matrix">
  <rows>14</rows>
  <cols>14</cols>
  <dt>w</dt>
  <data>
    4241 4295 4405 4349 4349 4295 4241 4241 4295 0 0 0 0 0 4241 4295
    4295 4349 4349 4295 4295 4295 4241 4241 0 0 0 0 4295 4295 4295 4295
    4295 4295 4295 4295 4241 4241 4241 0 0 0 4295 4295 4295 4241 4241
    4241 4241 4241 4241 4241 4241 4295 0 5210 4295 4241 4241 4241 4241
    4241 4241 4241 4241 4241 4241 4295 4295 5210 2701 4241 4241 4241
    4241 4241 4241 4241 4241 4241 4241 4295 4295 4295 2701 4241 4241
    4241 4241 4241 4241 4241 4241 4241 4241 4295 4295 4041 2723 2723
    4190 4139 4139 4241 4295 4241 4241 4241 4190 4089 4041 4041 2723
    2723 4190 4139 4139 4139 4241 4295 4295 4241 4190 4089 4041 4041
    2723 2701 2701 2701 4139 4139 4241 4295 4295 4295 4295 4295 4139
    4139 2723 2701 2701 2680 2680 4139 4139 4241 4295 4295 4295 4295
    4295 4295 2701 2680 2680 2680 2680 4139 4139 4241 4295 4295 4295
    4295 4295 4295 2659 2659 2659 2659 2659 4241 4241 4295 4295 4295
    4241 4241 4295 4405 2639 2598 2598 2659 2639 2639 4241 4295 4295
    4241 4241 4241 4295 4463</data></Depth13940>
</opencv_storage>
