<?xml version="1.0"?>
<opencv_storage>
<Depth14762 type_id="opencv-matrix">
  <rows>106</rows>
  <cols>79</cols>
  <dt>w</dt>
  <data>
    4041 4041 4041 4041 4041 4041 4041 4041 4041 4041 4041 992 987 987
    987 989 989 3948 3948 3948 3948 4089 4089 4041 4041 4089 4041 4041
    4041 4041 4041 4041 4041 4041 3994 3994 3994 3994 3948 3948 3948
    3948 3948 3903 3903 3903 3903 3903 3903 3903 3903 3859 3859 3903
    3859 3859 3859 3859 3859 3859 3903 3903 3903 3903 3903 3859 3859
    3903 3903 3903 3903 3859 3816 3816 3816 3774 3774 3774 3774 4089
    4041 4041 4089 4041 4041 4041 4041 4041 4041 989 989 987 987 987 989
    989 3994 3994 3994 0 4089 4089 4089 4089 4089 4041 4041 3994 3994
    3994 3994 3994 3994 3994 3994 3948 3948 3948 3948 3948 3903 3903
    3903 3903 3903 3903 3903 3903 3903 3903 3859 3859 3903 3859 3859
    3859 3859 3859 3903 3903 3903 3903 3903 3903 3859 3859 3903 3903
    3903 3903 3859 3859 3816 3816 3774 3774 3774 3774 4089 4041 4041
    4089 4089 4041 1001 992 987 984 981 981 981 987 987 992 995 995 995
    0 0 4041 4089 4089 4089 4089 4089 4089 3994 3994 3994 3994 3994 3994
    3948 3948 3948 3948 3948 3948 3948 3903 3903 3903 3903 3903 3948
    3903 3903 3903 3903 3859 3859 3859 3859 3859 3859 3859 3859 3903
    3903 3903 3903 3903 3903 3903 3903 3903 3903 3903 3859 3859 3816
    3774 3774 3774 3774 3774 3774 4089 4089 4089 0 0 1004 998 992 987
    984 981 978 978 975 975 973 973 973 954 951 948 4041 4041 4041 4041
    4139 4139 4139 3994 3994 3994 3994 3994 3994 3948 3903 3903 3948
    3948 3948 3903 3903 3903 3903 3903 3948 3948 3948 3948 3903 3903
    3859 3859 3859 3859 3903 3859 3859 3903 3903 3903 3859 3859 3903
    3903 3903 3903 3903 3903 3903 3859 3859 3816 3774 3774 3774 3774
    3774 3774 4139 0 4139 0 0 1004 998 992 987 984 981 978 975 970 970
    970 962 959 954 951 948 948 4041 4041 935 935 935 923 918 915 915
    908 908 908 3903 3903 3903 3948 3948 3948 3903 3903 3903 3903 3903
    3948 3948 3948 3948 3903 3903 3903 3859 3859 3859 3903 3903 3903
    3903 3903 3903 3859 3859 3903 3903 3903 3903 3903 3903 3903 3859
    3816 880 880 880 3774 3774 3774 3774 0 0 0 0 0 1007 1001 992 989 984
    981 978 973 970 970 970 962 959 954 951 948 946 943 938 930 930 925
    923 918 915 915 908 908 908 908 908 896 894 885 882 882 887 887 887
    3948 3948 3859 3859 3948 3903 3903 3859 3859 3859 3859 3859 3903
    3903 3903 3903 3903 3859 3859 3903 3903 3903 3903 3903 3903 3903
    3859 3816 880 880 880 3774 3774 3774 3774 0 0 0 0 0 0 0 995 989 984
    981 978 973 970 970 962 959 959 954 951 948 946 940 938 930 928 923
    920 918 913 910 908 908 903 903 901 896 894 885 882 882 882 882 880
    878 873 873 873 871 871 3903 3774 3774 3816 928 923 923 3859 3859
    3859 3903 3903 3903 910 910 910 3903 3903 3903 3903 3859 882 875 875
    880 3774 3774 3774 3774 0 0 0 0 0 0 992 992 989 984 981 978 973 970
    970 962 959 959 954 951 948 943 940 938 930 928 923 920 918 913 910
    908 908 903 901 901 896 891 885 882 882 882 878 873 873 871 871 871
    869 869 862 860 860 856 856 923 923 3859 3859 3859 910 910 908 908
    908 906 903 903 3903 3903 882 878 875 873 873 3732 3732 0 0 0 0 0 0
    0 0 992 992 989 984 981 981 973 970 970 962 959 959 954 951 946 943
    940 938 930 928 923 920 918 915 910 908 906 903 901 898 896 889 885
    882 880 880 875 873 871 869 867 864 864 862 858 854 854 856 856 920
    920 918 910 910 910 910 906 906 903 901 901 898 896 889 882 878 875
    873 867 867 867 864 0 0 0 0 0 0 0 995 992 989 984 981 978 975 970
    970 962 959 959 954 948 946 940 938 938 930 928 925 923 918 915 910
    908 906 903 901 898 894 889 885 882 880 878 873 871 871 867 864 862
    862 858 854 851 847 845 841 841 839 835 829 825 825 825 825 825 901
    901 898 896 894 887 882 878 875 875 867 864 864 864 873 0 0 0 0 0 0
    992 989 987 981 981 978 975 973 973 962 959 959 954 948 943 940 938
    933 930 928 925 923 920 915 913 908 906 901 898 896 891 889 887 882
    880 875 873 871 871 867 864 862 858 856 851 847 845 841 839 839 835
    833 827 825 823 823 823 825 829 829 829 837 841 845 880 873 871 871
    867 864 864 873 873 0 0 0 0 0 0 992 989 984 981 978 978 975 973 973
    962 959 956 954 948 943 940 938 933 933 930 925 923 920 915 913 908
    906 901 898 896 891 889 887 885 880 875 873 871 869 864 862 860 858
    854 849 845 845 841 839 837 835 833 827 825 823 823 823 823 829 829
    829 837 841 845 849 854 858 862 864 867 871 871 873 0 0 0 0 0 998
    995 992 984 981 978 978 975 973 970 962 959 956 954 951 946 940 938
    933 930 928 925 923 920 915 913 910 906 903 898 896 891 889 885 882
    880 878 873 871 869 864 862 860 858 854 849 845 843 841 839 837 835
    833 825 825 823 823 823 823 829 829 833 839 843 847 849 851 858 862
    864 867 871 871 873 0 0 0 0 0 998 995 992 987 981 978 978 973 970
    970 962 959 956 951 951 946 940 938 933 930 928 925 920 920 915 910
    908 906 903 898 896 891 889 885 882 880 878 873 871 869 864 862 860
    856 854 849 845 843 839 839 839 835 831 825 825 823 823 823 823 829
    829 837 841 845 847 849 851 860 862 864 867 871 873 875 0 0 0 0 0
    989 989 992 987 981 981 978 973 970 967 962 959 956 951 951 948 943
    940 933 930 928 925 920 920 915 910 908 908 903 901 898 891 887 885
    882 880 878 873 871 869 864 862 860 856 854 849 845 843 839 839 839
    835 831 825 825 823 823 823 823 831 835 839 841 845 847 849 851 860
    864 867 869 871 873 875 0 0 0 0 0 989 989 992 987 981 981 978 973
    970 967 962 959 956 951 948 948 943 940 933 928 928 925 923 920 915
    910 910 906 903 901 898 891 887 885 882 880 878 873 871 869 867 864
    860 858 854 849 845 843 839 837 837 835 833 827 825 823 823 825 825
    829 833 839 841 843 847 849 851 862 864 864 867 871 875 878 0 0 0 0
    0 992 992 992 987 981 978 978 973 970 964 962 959 954 951 948 948
    943 940 933 928 928 925 923 920 915 910 908 906 901 898 894 891 887
    885 882 880 878 873 871 869 867 864 860 856 854 849 847 843 839 837
    837 835 833 827 825 823 823 825 825 829 833 839 841 843 847 849 851
    860 862 864 867 871 875 878 0 0 0 0 0 995 995 992 987 981 978 975
    973 970 964 962 959 954 951 948 946 943 940 933 928 928 925 923 920
    915 910 908 903 901 898 891 891 887 885 882 880 878 873 871 869 867
    864 860 856 854 849 845 843 839 837 837 833 831 827 825 823 823 825
    825 829 835 839 841 845 847 849 854 858 862 864 867 873 878 878 0 0
    0 0 0 0 995 992 989 984 978 975 973 970 964 962 959 956 951 948 946
    940 940 933 928 928 925 920 918 915 910 908 903 901 898 891 891 889
    885 882 880 878 873 871 869 867 862 860 854 851 849 845 843 841 837
    837 833 829 827 825 823 823 823 823 829 835 839 841 845 847 849 854
    858 862 864 869 875 878 880 0 0 0 0 0 0 995 992 989 984 981 975 973
    970 964 962 959 954 951 948 943 940 938 930 928 925 923 920 918 915
    910 908 903 901 898 891 889 887 885 882 880 875 873 871 869 864 862
    860 854 851 847 845 843 841 837 837 833 829 825 825 823 823 823 823
    829 837 839 841 845 847 849 854 858 862 864 871 873 875 875 0 0 0 0
    0 0 992 989 987 981 981 975 973 970 964 962 959 954 951 948 943 940
    938 930 928 925 923 920 918 915 910 908 906 901 898 891 889 887 885
    882 878 875 873 871 867 864 862 860 854 849 847 845 841 839 837 837
    833 829 825 825 823 823 823 825 837 837 841 843 845 847 849 854 858
    862 869 871 873 875 875 0 0 0 0 0 0 992 989 984 981 981 978 973 970
    964 962 959 956 951 948 943 940 938 930 930 928 923 920 918 913 910
    908 906 903 901 891 889 887 885 882 878 875 873 871 867 864 862 860
    854 849 847 845 841 839 837 837 833 827 825 825 823 823 823 825 837
    839 841 841 845 849 849 854 858 862 869 871 873 875 875 0 0 0 0 0 0
    995 989 984 981 978 978 973 970 964 962 959 954 951 948 946 940 938
    933 930 928 923 920 918 913 910 908 906 903 896 894 889 889 885 882
    878 875 873 871 867 864 862 860 854 849 847 845 843 839 837 837 833
    827 825 825 823 823 825 827 835 837 839 841 845 849 851 854 858 862
