<?xml version="1.0"?>
<opencv_storage>
<Depth17372 type_id="opencv-matrix">
  <rows>107</rows>
  <cols>63</cols>
  <dt>w</dt>
  <data>
    4295 4295 4295 4349 4349 4349 4405 4405 4405 4405 4405 4349 4349
    4349 4405 4405 4405 4349 4190 4190 4295 4241 4241 4295 4295 4295
    4295 4241 4241 4190 4190 4190 4190 0 0 0 0 0 0 0 0 0 0 0 1119 1119
    1115 1115 1115 1115 1115 1134 1134 1134 3948 3948 1145 1145 3774
    3774 3774 3859 3816 4295 4295 4295 4349 4349 4349 4349 4405 4405
    1050 1050 1047 1047 1050 1054 1073 1073 4349 4190 4190 998 998 1001
    1004 4295 4295 4405 4349 4349 4349 4349 1044 0 0 0 0 0 0 0 0 0 0 0
    1097 1115 1115 1115 1115 1115 1115 1115 1126 1126 1126 1126 1130
    1141 1145 1149 1149 1149 1153 3859 4295 4295 1047 1047 1044 1044
    1050 1047 1047 1047 1047 1047 1047 1047 1047 1047 1073 1073 1001
    1001 998 998 1001 1001 1001 1001 1016 1016 0 0 0 0 1044 0 0 0 0 0 0
    0 0 1080 1080 1097 1097 1097 1101 1101 1101 1101 1115 1115 1119 1119
    1123 1126 1138 1141 1145 1149 1149 1149 1149 4295 1050 1047 1047
    1044 1041 1041 1038 1038 1038 1038 1041 1047 1047 1044 1038 1038
    1038 1004 1001 1001 1001 1001 1001 1001 0 0 1016 1016 1016 1022 1025
    1044 1044 1044 1047 1054 0 0 0 1080 1080 1080 1080 1080 1094 1094
    1094 1094 1094 1105 1112 1115 1119 1119 1126 1130 1138 1145 1149
    1149 1149 1149 1050 1050 1047 1047 1044 1041 1038 1034 1031 1028
    1025 1025 1031 1031 1031 1022 1022 1004 1001 1001 1001 1001 1001
    1001 1001 1001 1001 1016 1016 1016 1022 1025 1031 1038 1041 1044
    1047 1050 1057 1060 1063 1067 1073 1077 1077 1084 1087 1090 1094
    1094 1101 1105 1112 1115 1119 1126 1130 1138 1141 1149 1149 1149
    1153 1050 1050 1047 1047 1044 1041 1038 1028 1025 1022 1019 1016
    1013 1010 1010 1007 1004 998 992 992 992 992 995 995 995 1001 1001
    1010 1016 1016 1022 1025 1031 1034 1038 1041 1044 1047 1054 1057
    1060 1063 1067 1073 1073 1080 1084 1087 1094 1094 1101 1105 1112
    1115 1119 1126 1134 1138 1141 1149 1149 1149 1149 1050 1050 1047
    1047 1044 1041 1038 1028 1025 1022 1016 1013 1013 1010 1007 1001 998
    995 989 989 989 989 995 995 995 998 1001 1007 1010 1016 1022 1025
    1028 1031 1034 1038 1044 1047 1050 1054 1060 1063 1067 1073 1073
    1077 1084 1087 1094 1094 1101 1105 1112 1115 1119 1126 1134 1138
    1141 1149 1149 1153 1153 1050 1047 1047 1047 1044 1041 1038 1028
    1025 1022 1016 1013 1010 1007 1004 1001 998 992 989 989 989 989 992
    995 995 998 1001 1007 1010 1013 1019 1022 1028 1031 1034 1038 1044
    1047 1050 1054 1060 1063 1067 1073 1077 1077 1084 1087 1094 1097
    1101 1105 1112 1115 1119 1126 1134 1138 1141 1149 1149 1157 1157 0
    1047 1047 1047 1047 1041 1038 1034 1025 1022 1019 1013 1010 1007
    1004 1001 998 992 989 989 989 989 992 995 995 998 1004 1007 1010
    1013 1016 1022 1028 1031 1034 1038 1044 1047 1050 1057 1060 1063
    1067 1073 1077 1077 1084 1087 1094 1101 1101 1105 1112 1115 1119
    1126 1134 1138 1145 1149 1149 1157 1157 0 1050 1050 1047 1047 1044
    1038 1034 1025 1022 1019 1016 1013 1010 1007 1001 998 995 989 989
    989 989 992 995 995 998 1004 1010 1013 1013 1016 1022 1031 1034 1038
    1038 1044 1050 1050 1057 1063 1067 1070 1073 1077 1080 1084 1087
    1094 1101 1105 1108 1115 1115 1119 1126 1130 1141 1145 1149 1149
    1157 0 0 1054 1050 1047 1047 1044 1038 1028 1025 1022 1019 1016 1013
    1010 1007 1004 1001 995 992 989 989 989 992 995 995 1001 1007 1010
    1013 1013 1019 1025 1031 1034 1038 1041 1047 1047 1050 1057 1063
    1067 1070 1073 1077 1080 1084 1087 1094 1097 1105 1108 1115 1115
    1119 1126 1130 1141 1145 1149 1149 0 0 0 1054 1050 1050 1047 1044
    1038 1028 1025 1022 1019 1016 1013 1010 1007 1004 1001 995 992 989
    989 989 989 995 995 1001 1007 1010 1013 1016 1022 1025 1031 1038
    1038 1041 1047 1047 1050 1057 1063 1067 1070 1073 1077 1084 1084
    1087 1097 1097 1105 1108 1115 1119 1123 1126 1130 1141 1145 1149
    1149 1153 0 0 1054 1050 1050 1047 1044 1041 1028 1025 1022 1019 1013
    1013 1010 1007 1004 1001 995 992 989 989 989 989 995 995 1004 1007
    1010 1013 1019 1022 1025 1031 1034 1038 1041 1044 1050 1054 1060
    1063 1067 1070 1073 1080 1084 1087 1090 1097 1101 1105 1112 1115
    1119 1123 1126 1130 1141 1145 1149 1149 1149 0 0 1054 1050 1050 1047
    1044 1038 1028 1025 1022 1019 1013 1013 1010 1007 1004 1001 995 992
    989 989 989 992 995 995 1004 1007 1010 1013 1019 1025 1025 1031 1034
    1038 1041 1044 1050 1054 1060 1063 1067 1070 1077 1080 1084 1087
    1090 1097 1101 1108 1112 1115 1119 1123 1130 1138 1145 1145 1149
    1149 1149 0 0 0 1050 1050 1047 1044 1038 1028 1025 1022 1019 1016
    1013 1010 1007 1004 1001 998 992 989 989 989 992 998 998 1004 1007
    1013 1016 1019 1025 1025 1028 1034 1038 1041 1047 1050 1054 1060
    1063 1067 1070 1077 1080 1084 1087 1094 1097 1101 1108 1112 1115
    1119 1126 1130 1141 1145 1149 1149 1153 1157 0 0 0 1050 1050 1047
    1044 1041 1038 1025 1022 1019 1016 1013 1010 1007 1004 1001 998 992
    989 989 989 992 998 998 1004 1007 1013 1016 1019 1022 1025 1028 1034
    1038 1047 1047 1050 1054 1060 1063 1067 1070 1077 1077 1084 1087
    1090 1097 1101 1108 1112 1115 1119 1126 1130 1141 1145 1149 1149
    1157 1161 0 0 1060 1050 1050 1047 1044 1041 1038 1025 1022 1019 1016
    1013 1010 1007 1004 1001 1001 992 989 989 989 992 995 998 1004 1007
    1013 1016 1019 1022 1025 1031 1034 1038 1047 1047 1050 1054 1060
    1063 1070 1070 1077 1077 1084 1087 1090 1097 1105 1112 1112 1115
    1119 1126 1130 1141 1145 1149 1149 1161 1161 0 0 1060 1050 1050 1047
    1044 1041 1038 1025 1022 1019 1016 1013 1010 1010 1004 1001 1001 992
    989 989 992 995 995 998 1004 1007 1013 1016 1019 1022 1025 1031 1034
    1038 1044 1047 1050 1054 1060 1063 1070 1073 1077 1080 1087 1087
    1090 1097 1105 1112 1112 1115 1119 1126 1130 1141 1145 1149 1149
    1157 1157 0 0 0 1050 1050 1050 1047 1041 1038 1028 1022 1019 1016
    1013 1013 1010 1007 1004 1001 992 989 989 992 995 995 1001 1004 1007
    1013 1016 1019 1022 1028 1031 1038 1038 1044 1047 1050 1054 1060
    1063 1070 1073 1077 1080 1087 1090 1094 1097 1105 1112 1115 1119
    1119 1126 1134 1141 1145 1149 1149 1157 1157 0 0 0 1050 1050 1050
    1047 1041 1038 1028 1025 1019 1016 1013 1010 1010 1007 1004 1001 992
    992 992 992 995 995 1001 1004 1007 1013 1016 1022 1022 1028 1031
    1034 1038 1044 1047 1050 1054 1060 1067 1070 1073 1077 1080 1087
    1090 1094 1101 1105 1112 1115 1119 1123 1126 1134 1141 1145 1149
    1149 1153 1153 0 0 0 1054 1050 1050 1047 1044 1038 1028 1025 1022
    1019 1013 1010 1007 1004 1004 1001 995 995 995 995 995 998 1001 1004
    1010 1013 1016 1022 1025 1028 1031 1034 1038 1041 1047 1050 1057
    1063 1063 1070 1073 1077 1080 1087 1090 1101 1101 1105 1108 1112
    1115 1123 1130 1134 1141 1145 1149 1149 1153 1153 0 0 0 1054 1050
    1050 1047 1044 1038 1028 1025 1022 1019 1013 1010 1007 1004 1004
    1001 995 995 995 995 995 998 1001 1004 1010 1013 1016 1022 1025 1028
    1031 1034 1038 1041 1047 1050 1060 1063 1063 1070 1073 1077 1084
    1087 1090 1097 1105 1105 1108 1112 1115 1123 1126 1134 1141 1145
    1149 1153 1149 1149 0 0 0 1054 1050 1050 1047 1044 1038 1028 1025
    1022 1019 1013 1010 1010 1004 1004 1001 992 992 992 995 995 998 1004
    1010 1010 1013 1016 1022 1025 1031 1034 1034 1038 1044 1047 1054
    1060 1063 1067 1070 1073 1080 1084 1087 1090 1097 1105 1105 1108
    1112 1115 1123 1126 1134 1145 1149 1149 1153 1149 1149 0 0 0 1054
    1050 1050 1047 1041 1038 1028 1025 1022 1019 1013 1010 1010 1007
    1004 998 992 992 992 992 995 998 1007 1010 1010 1013 1016 1022 1025
    1028 1034 1038 1044 1047 1050 1054 1057 1063 1067 1070 1077 1080
    1084 1087 1090 1094 1101 1108 1108 1112 1115 1123 1126 1134 1145
    1149 1149 1157 1157 0 0 0 0 1060 1050 1050 1047 1041 1038 1028 1025
    1022 1019 1016 1013 1010 1007 1001 998 992 992 992 992 998 1001 1004
    1007 1010 1013 1016 1022 1025 1028 1034 1038 1044 1047 1050 1054
    1057 1063 1067 1073 1077 1080 1084 1087 1090 1094 1101 1108 1112
