<?xml version="1.0"?>
<opencv_storage>
<Depth5550 type_id="opencv-matrix">
  <rows>62</rows>
  <cols>42</cols>
  <dt>w</dt>
  <data>
    4911 4911 4911 4911 4842 1696 1688 1680 1680 1680 1680 1680 1680
    1680 1671 1671 1671 1671 1663 1663 1663 1663 1663 1655 1655 1663
    4463 1647 1647 4463 4463 4405 4349 4295 4295 4295 4295 1639 1639
    1639 4241 4190 5132 4911 4911 4911 1688 1680 1680 1680 1680 1680
    1680 1680 1680 1680 1671 1671 1671 1663 1663 1663 1663 1663 1663
    1655 1655 1663 1663 1647 1647 1647 1639 1639 1647 1647 1639 1639
    1639 1639 1639 1639 1639 1639 5132 1688 1688 1688 1688 1680 1680
    1680 1680 1680 1680 1671 1671 1671 1671 1663 1663 1663 1663 1663
    1663 1663 1663 1663 1663 1663 1663 1663 1655 1647 1639 1639 1639
    1639 1639 1639 1639 1639 1639 1639 1639 1639 0 1663 1680 1680 1680
    1680 1680 1671 1671 1671 1671 1671 1671 1671 1671 1663 1663 1663
    1663 1663 1663 1663 1663 1663 1663 1663 1663 1663 1655 1647 1639
    1639 1639 1639 1639 1639 1639 1639 1639 1639 1639 1639 5132 1663
    1663 1663 1680 1680 1671 1671 1671 1671 1671 1671 1671 1671 1663
    1663 1663 1663 1663 1663 1663 1663 1663 1663 1663 1663 1663 1663
    1655 1647 1639 1639 1639 1639 1639 1639 1639 1639 1639 1639 1639
    1639 5132 1663 1663 1663 1680 1680 1671 1671 1671 1671 1671 1663
    1663 1663 1663 1663 1663 1663 1663 1663 1663 1663 1663 1663 1663
    1655 1655 1655 1655 1647 1639 1639 1639 1639 1639 1639 1639 1639
    1639 1632 1632 1632 0 1671 1671 1671 1671 1671 1671 1671 1671 1663
    1663 1663 1663 1663 1663 1663 1663 1663 1663 1663 1655 1655 1655
    1663 1655 1655 1655 1655 1655 1647 1639 1639 1639 1639 1639 1639
    1639 1639 1639 1632 1632 1632 0 5056 1671 1671 1663 1663 1671 1671
    1671 1663 1663 1663 1663 1663 1663 1663 1663 1663 1663 1655 1655
    1655 1655 1655 1655 1647 1647 1647 1647 1647 1639 1639 1639 1639
    1639 1639 1639 1639 1639 1632 1632 1632 5056 0 1663 1663 1663 1663
    1671 1671 1671 1663 1663 1663 1663 1663 1663 1663 1663 1663 1655
    1655 1655 1655 1655 1655 1655 1647 1647 1647 1647 1647 1639 1639
    1639 1639 1639 1639 1639 1639 1639 1632 1632 1632 4983 0 1663 1663
    1663 1663 1671 1671 1671 1671 1671 1663 1663 1663 1663 1663 1663
    1663 1655 1655 1655 1655 1655 1655 1655 1647 1647 1647 1647 1647
    1647 1639 1639 1639 1639 1639 1639 1639 1639 1632 1632 1632 4983 0
    1655 1655 1655 1663 1671 1671 1671 1663 1663 1663 1663 1663 1663
    1663 1663 1663 1655 1647 1647 1655 1655 1655 1647 1647 1647 1647
    1647 1639 1639 1639 1639 1639 1639 1639 1639 1639 1639 1632 1632
    1632 4983 0 1655 1655 1655 1663 1671 1671 1663 1663 1663 1663 1663
    1663 1663 1663 1663 1663 1655 1647 1647 1655 1655 1647 1647 1639
    1639 1639 1647 1639 1639 1639 1639 1632 1632 1639 1632 1632 1632
    1632 1632 1639 5056 1671 1655 1655 1655 1671 1671 1671 1663 1663
    1663 1663 1663 1663 1663 1663 1663 1663 1655 1647 1647 1647 1647
    1647 1639 1639 1639 1639 1639 1639 1639 1639 1632 1632 1632 1639
    1632 1632 1632 1632 1632 1632 4911 1671 1671 1663 1663 1671 1671
    1671 1663 1663 1663 1663 1663 1663 1663 1655 1655 1663 1655 1647
    1647 1647 1647 1647 1639 1639 1639 1639 1639 1639 1639 1639 1632
    1632 1632 1639 1632 1632 1632 1632 1632 1632 4911 1688 1671 1663
    1663 1671 1663 1663 1663 1663 1663 1663 1663 1663 1655 1655 1655
    1655 1663 1655 1647 1647 1647 1639 1639 1639 1639 1639 1639 1639
    1639 1639 1639 1632 1632 1632 1632 1632 1632 1632 1632 1632 4911
    1688 1663 1663 1663 1663 1663 1663 1663 1663 1663 1663 1663 1655
    1655 1647 1647 1655 1663 1655 1647 1647 1639 1639 1639 1639 1639
    1639 1639 1639 1639 1639 1639 1632 1632 1632 1632 1632 1632 1624
    1624 1632 4983 1663 1663 1663 1663 1663 1663 1663 1663 1663 1663
    1663 1663 1655 1655 1647 1647 1647 1647 1655 1647 1647 1639 1639
    1639 1632 1632 1639 1639 1639 1639 1632 1632 1632 1632 1632 1632
    1632 1632 1624 1624 1632 0 1663 1663 1663 1663 1663 1663 1663 1663
    1663 1663 1663 1663 1663 1655 1647 1647 1647 1647 1647 1647 1647
    1639 1639 1632 1632 1632 1632 1639 1639 1639 1632 1632 1632 1632
    1632 1632 1632 1624 1624 1616 1616 0 1663 1663 1663 1663 1663 1663
    1663 1663 1663 1663 1663 1655 1655 1655 1647 1647 1647 1647 1647
    1647 1647 1639 1639 1632 1632 1632 1632 1632 1632 1632 1632 1632
    1632 1632 1632 1632 1632 1624 1624 1616 1616 0 1663 1663 1663 1663
    1663 1663 1663 1663 1663 1655 1655 1655 1655 1647 1647 1647 1647
    1647 1647 1639 1639 1639 1639 1632 1632 1632 1632 1632 1632 1632
    1632 1632 1632 1624 1624 1624 1624 1624 1624 1624 1632 0 1671 1671
    1663 1663 1663 1663 1655 1655 1655 1655 1655 1655 1655 1647 1647
    1647 1647 1647 1647 1639 1639 1639 1639 1639 1639 1639 1632 1632
    1632 1632 1632 1632 1632 1624 1624 1624 1616 1616 1624 1624 1632
    1663 1663 1663 1663 1663 1663 1663 1655 1655 1655 1655 1655 1647
    1647 1639 1639 1647 1639 1639 1639 1639 1639 1639 1639 1639 1639
    1639 1639 1632 1632 1632 1632 1632 1632 1632 1624 1624 1616 1616
    1616 1624 1639 1663 1663 1663 1663 1663 1663 1663 1655 1655 1655
    1655 1647 1647 1647 1639 1639 1647 1639 1639 1639 1639 1639 1639
    1639 1639 1639 1639 1639 1632 1632 1632 1632 1632 1632 1632 1624
    1616 1616 1616 1616 1616 1632 1663 1663 1663 1663 1663 1663 1663
    1655 1655 1655 1655 1647 1647 1647 1639 1639 1639 1639 1639 1639
    1639 1639 1639 1639 1639 1639 1632 1632 1632 1632 1632 1632 1632
    1632 1624 1616 1616 1609 1609 1616 1616 1632 1663 1663 1663 1655
    1655 1663 1655 1655 1647 1647 1647 1655 1647 1647 1639 1639 1639
    1639 1639 1639 1639 1639 1639 1639 1639 1639 1632 1632 1632 1632
    1632 1632 1632 1632 1624 1616 1616 1609 1609 1616 1616 1624 1663
    1663 1663 1655 1655 1655 1655 1647 1647 1647 1647 1647 1647 1639
    1639 1639 1639 1639 1639 1639 1639 1639 1632 1632 1632 1632 1632
    1632 1624 1624 1632 1624 1624 1624 1624 1616 1616 1616 1616 1616
    1616 1616 1647 1655 1655 1655 1655 1655 1647 1647 1647 1647 1647
    1639 1639 1639 1639 1639 1639 1639 1639 1639 1639 1639 1632 1632
    1632 1632 1632 1632 1624 1624 1632 1624 1624 1624 1624 1616 1616
    1616 1616 1616 1616 1616 1647 1647 1647 1647 1655 1647 1647 1647
    1647 1639 1639 1639 1639 1639 1639 1639 1639 1639 1639 1639 1632
    1632 1632 1632 1632 1632 1632 1632 1632 1632 1632 1624 1624 1624
    1624 1616 1616 1616 1616 1616 1616 1616 1647 1647 1647 1647 1655
    1647 1647 1647 1647 1639 1639 1639 1639 1639 1639 1639 1639 1639
    1639 1632 1632 1632 1624 1624 1632 1632 1632 1632 1632 1632 1624
    1624 1624 1624 1616 1616 1616 1616 1616 1616 1616 1616 1655 1655
    1647 1647 1647 1647 1647 1647 1639 1639 1639 1639 1639 1639 1639
    1639 1632 1632 1632 1632 1632 1632 1624 1624 1632 1624 1624 1632
    1632 1624 1624 1624 1624 1616 1616 1616 1616 1616 1616 1616 1616
    1616 1655 1655 1647 1647 1647 1647 1647 1647 1639 1639 1639 1639
    1639 1632 1632 1632 1632 1632 1632 1632 1632 1632 1624 1624 1624
    1624 1624 1624 1624 1616 1616 1616 1616 1616 1616 1616 1616 1616
    1609 1609 1609 1609 1647 1647 1647 1647 1647 1647 1639 1639 1639
    1639 1639 1639 1639 1632 1632 1632 1632 1632 1632 1632 1632 1632
    1624 1624 1624 1624 1624 1624 1624 1616 1616 1616 1616 1616 1616
    1609 1609 1609 1609 1609 1609 1609 1639 1639 1639 1647 1647 1647
    1639 1639 1639 1639 1632 1632 1632 1632 1632 1632 1632 1632 1632
    1632 1632 1632 1632 1624 1624 1624 1624 1624 1616 1616 1616 1616
    1616 1616 1616 1609 1609 1609 1609 1609 1609 1609 1632 1632 1632
    1639 1639 1647 1639 1639 1639 1639 1632 1632 1632 1632 1632 1632
    1632 1632 1632 1632 1632 1632 1624 1624 1624 1624 1616 1616 1616
    1616 1616 1616 1609 1609 1609 1609 1609 1609 1609 1609 1609 1609
    1632 1632 1632 1632 1632 1639 1639 1639 1639 1639 1632 1632 1632
    1632 1632 1632 1632 1632 1632 1632 1632 1632 1624 1616 1616 1616
    1616 1616 1616 1616 1616 1609 1609 1609 1609 1609 1609 1609 1609
    1601 1601 1609 1632 1632 1632 1632 1632 1639 1639 1639 1632 1632
