<?xml version="1.0"?>
<opencv_storage>
<Depth8183 type_id="opencv-matrix">
  <rows>6</rows>
  <cols>28</cols>
  <dt>w</dt>
  <data>
    5374 5460 5460 5548 5640 5640 5640 5548 5548 5548 5548 5460 5460
    5640 5640 5640 5734 5734 5734 5734 5734 5832 5832 5832 5832 5832
    5832 5832 5374 5460 5460 5548 5640 5640 5640 5548 5548 5548 5548
    5548 5548 5640 5640 5640 5734 5734 5734 5734 5734 5734 5734 5734
    5734 5734 5832 5832 5460 5460 5640 5640 5640 5640 5548 5548 5548
    5548 5548 5548 5548 5640 5640 5640 5734 5734 5734 5734 5734 5734
    5734 5734 5734 5734 5734 5734 5640 5640 5640 5640 5734 5640 5548
    5548 5548 5548 5548 5548 5640 5640 5640 5640 5734 5734 5734 5734
    5734 5734 5734 5734 5640 5640 5734 5734 5734 5734 5734 5734 5734
    5734 5548 5548 5548 5548 5548 5640 5640 5734 5734 5734 5734 5734
    5734 5734 5734 5640 5640 5734 5640 5640 5640 5734 0 0 0 5832 5832 0
    0 0 0 5734 5734 0 0 0 0 5832 5832 5734 5734 5734 5734 5640 5640 5734
    5640 5640 5640 0</data></Depth8183>
</opencv_storage>
