<?xml version="1.0"?>
<opencv_storage>
<Depth10033 type_id="opencv-matrix">
  <rows>99</rows>
  <cols>83</cols>
  <dt>w</dt>
  <data>
    0 0 781 781 778 776 771 766 764 762 761 755 754 752 750 747 744 742
    741 736 734 730 728 728 728 728 730 733 738 738 742 744 744 747 750
    755 757 761 762 764 767 771 773 776 780 783 785 787 792 794 796 800
    807 811 811 813 819 823 827 831 831 835 841 843 845 851 854 858 862
    867 869 873 878 878 885 889 891 894 896 901 901 913 913 0 0 781 781
    778 774 771 766 764 762 761 755 754 754 750 747 744 742 741 734 734
    730 728 728 728 728 731 736 738 739 742 744 744 747 750 755 757 761
    762 764 767 769 773 776 780 783 785 787 792 794 798 800 805 809 811
    813 817 823 827 829 831 835 841 843 845 851 854 856 860 864 869 873
    878 878 885 887 891 894 896 901 901 910 913 0 0 0 780 778 774 771
    766 764 762 761 755 754 752 750 747 744 742 742 734 734 730 730 730
    730 730 733 734 738 739 741 742 744 749 750 754 757 761 762 764 767
    769 773 776 780 783 785 789 792 794 798 800 803 809 811 815 817 823
    827 829 831 837 841 843 845 851 854 856 860 864 867 871 878 878 885
    887 891 894 896 901 901 910 910 0 0 0 780 778 774 771 766 764 762
    759 757 754 752 750 747 744 742 741 734 733 730 730 730 728 728 733
    734 738 739 741 742 744 749 750 752 757 761 762 764 767 771 774 776
    781 783 785 789 790 792 798 800 803 809 809 813 817 823 827 831 831
    835 841 841 847 851 854 858 862 867 867 869 873 880 885 885 891 894
    896 898 903 908 910 0 0 778 778 776 774 771 769 764 762 759 755 754
    754 750 746 744 742 739 736 733 730 730 730 728 728 731 733 738 738
    739 741 744 749 749 750 757 761 762 764 767 771 774 776 781 783 785
    789 790 792 798 802 803 809 809 813 817 825 827 831 831 833 839 841
    847 851 856 858 862 867 867 869 873 880 885 885 891 894 896 898 903
    908 910 0 781 778 778 776 774 771 769 764 762 757 755 754 754 752
    746 744 742 739 736 733 731 730 730 730 730 731 731 736 738 739 741
    744 749 749 750 757 762 762 764 767 771 774 778 781 781 785 787 790
    792 798 802 803 809 809 811 815 825 827 829 831 833 839 841 845 851
    856 860 860 864 867 871 873 875 885 889 891 894 896 898 903 908 910
    0 781 780 778 773 771 769 769 762 762 757 755 754 754 749 747 744
    742 738 736 733 731 731 730 728 728 731 731 734 739 741 742 744 749
    749 754 757 762 762 764 767 769 771 776 780 781 785 787 789 792 800
    802 807 809 809 811 815 825 827 829 831 833 839 841 845 851 856 858
    860 864 867 871 873 875 882 887 891 894 894 898 903 910 910 0 781
    780 778 773 771 769 766 762 761 759 755 754 754 749 747 744 742 736
    736 731 730 730 730 728 728 730 731 734 739 741 742 744 749 749 754
    757 761 762 766 769 769 771 776 780 781 785 789 789 792 798 802 809
    809 809 811 817 825 827 831 831 833 839 841 847 851 856 858 858 864
    867 871 873 875 882 885 889 894 894 898 908 910 910 0 783 783 778
    776 773 771 766 762 759 757 755 754 754 749 747 744 742 736 734 731
    730 730 730 730 730 730 731 734 738 741 742 744 747 749 754 755 759
    762 767 769 769 771 776 780 781 785 789 790 792 798 802 809 809 811
    811 817 825 827 829 831 837 839 841 847 851 856 858 858 864 869 873
    875 880 882 885 889 894 896 898 906 910 910 0 781 781 778 776 776
    771 766 761 759 757 755 754 752 749 747 746 738 736 733 733 731 730
    728 728 730 730 731 734 738 741 742 744 747 750 754 755 759 762 766
    769 769 773 776 778 781 785 789 790 792 798 800 809 809 811 811 817
    825 827 829 831 837 839 841 847 854 856 856 860 864 867 871 875 880
    882 885 889 894 898 901 906 910 913 0 781 781 778 776 774 771 766
    761 759 755 755 754 752 749 746 744 738 736 733 731 730 730 728 728
    730 730 731 734 738 742 742 744 747 750 754 755 759 762 766 769 769
    774 776 778 781 785 787 789 792 798 800 809 809 813 813 819 825 827
    831 831 837 839 839 845 851 856 856 860 864 867 869 875 880 882 885
    887 891 898 901 906 910 913 0 776 776 778 776 773 769 769 762 759
    755 755 754 750 749 746 744 738 736 733 731 730 727 727 727 728 730
    731 734 738 742 742 744 747 750 754 755 759 762 764 767 769 774 776
    778 781 785 787 789 792 798 800 809 809 811 813 819 823 827 831 831
    835 839 839 845 849 854 856 860 864 867 869 873 880 882 885 887 891
    898 901 906 908 913 0 776 776 778 776 771 769 766 762 759 757 755
    754 750 747 746 744 739 736 733 731 730 727 727 727 728 730 733 736
    738 742 742 744 747 750 754 754 759 762 764 767 769 774 776 778 781
    785 787 789 792 798 803 807 809 811 813 819 823 827 829 831 835 839
    841 845 849 851 856 862 864 867 869 873 882 882 885 887 891 896 898
    903 908 913 0 780 780 776 776 769 767 764 761 761 757 755 754 750
    747 746 744 739 736 734 731 730 728 727 727 727 730 731 736 738 742
    744 744 746 746 750 754 759 761 764 767 771 774 776 778 781 785 787
    789 794 800 803 805 809 809 813 819 823 827 829 833 835 839 843 847
    849 851 856 862 864 867 869 873 882 882 885 889 891 896 898 903 908
    913 0 778 778 776 776 769 767 764 761 761 757 755 754 752 749 746
    744 738 736 734 731 730 727 727 727 727 730 731 736 738 741 744 744
    746 746 750 755 759 761 764 767 771 774 776 778 781 785 787 790 794
    800 803 805 809 809 813 819 823 827 829 833 837 841 843 847 849 851
    856 860 864 867 869 873 880 882 885 889 894 896 898 903 908 910 0
    778 776 776 774 771 769 764 762 761 757 755 754 750 749 747 741 738
    734 733 730 730 727 727 727 727 730 731 733 738 741 744 744 746 749
    752 754 759 761 764 766 769 774 776 778 780 785 790 790 794 798 803
    807 809 809 813 819 823 827 829 833 837 841 845 847 849 851 856 860
    864 867 871 875 878 880 885 889 894 896 898 903 906 910 0 0 776 776
    774 771 769 766 762 759 757 755 754 750 749 746 741 738 734 731 730
    730 728 727 727 728 730 731 733 738 741 742 744 747 749 752 754 759
    761 764 766 769 773 776 778 780 785 790 790 792 798 805 807 811 811
    815 817 823 827 829 833 837 841 845 849 851 854 856 860 864 869 871
    875 878 880 885 889 894 896 898 903 906 910 0 0 776 776 774 773 769
    766 762 759 755 754 752 750 749 746 741 738 734 731 730 730 728 727
    727 728 730 731 733 738 741 742 744 747 750 754 755 757 761 764 766
    769 773 776 778 781 785 787 789 790 798 803 807 809 811 815 817 823
    829 831 833 835 841 843 849 851 854 856 860 862 867 871 873 878 882
    885 889 891 896 898 903 906 908 0 0 781 778 776 774 769 764 762 759
    755 752 750 750 749 746 741 738 734 733 731 730 730 727 727 728 730
    733 734 738 741 742 744 747 750 754 755 757 761 764 767 771 773 776
    778 781 787 787 789 790 800 802 805 809 811 815 817 821 825 831 833
    835 839 841 847 851 854 856 860 862 867 871 873 878 882 885 889 891
    896 898 901 903 908 0 781 781 780 776 774 771 764 762 759 755 752
    749 749 747 746 741 738 736 733 731 728 727 727 727 725 725 731 736
    738 741 741 742 747 750 754 755 757 761 764 767 771 774 776 778 785
    785 787 789 790 798 802 805 811 811 817 817 821 825 831 833 835 837
    841 847 851 854 858 860 864 867 871 873 878 882 885 889 891 896 898
    901 903 910 783 781 781 780 776 773 766 764 762 761 755 752 749 749
    747 744 742 738 736 734 731 728 727 727 727 725 725 731 736 738 739
    741 742 746 750 752 755 757 761 764 767 771 774 776 778 785 785 787
    789 790 798 802 805 811 811 815 817 823 825 829 833 835 837 841 845
    851 854 858 860 864 867 871 873 878 880 885 889 891 896 898 903 908
    910 783 781 781 778 776 773 766 766 762 761 755 752 749 749 746 742
    741 738 736 733 730 728 727 727 725 725 725 731 738 739 739 741 742
    744 750 752 755 759 762 762 769 769 771 776 778 785 787 787 789 790
    800 802 805 811 813 815 817 823 825 827 831 835 837 841 845 849 854
    858 860 864 867 871 873 875 880 885 889 891 896 898 901 908 910 0
    781 780 778 776 773 766 764 762 761 755 752 750 747 746 742 741 738
    736 733 730 728 727 727 725 725 725 731 736 738 739 741 742 744 750
