<?xml version="1.0"?>
<opencv_storage>
<Depth11796 type_id="opencv-matrix">
  <rows>6</rows>
  <cols>23</cols>
  <dt>w</dt>
  <data>
    0 6038 6038 6038 6038 6146 6146 6146 6038 6038 6038 6038 6038 6038
    6146 6146 6146 6038 5832 5734 5734 5933 0 6146 6038 6038 6038 6038
    6146 6146 6146 6038 6038 6038 6038 6146 6146 6038 6038 6038 6038
    6038 5933 5933 5933 6038 6146 6038 5933 5933 6038 6146 6146 6146
    6038 6038 6038 6038 6038 6146 6038 6038 6038 6038 6038 6038 6038
    6038 6038 6146 6038 5933 5933 6038 6146 6146 6038 6038 6038 6038
    6038 6038 6038 6038 6038 6038 6038 6038 6038 6146 6146 6259 6497
    7030 7332 6038 6038 6146 6146 6038 6038 6038 6038 6038 6038 6038
    6038 6038 6038 6038 6038 6038 6038 6038 5933 7030 7030 7178 7178
    7178 7332 7332 6146 6146 6146 6038 6038 6146 6146 6038 6038 6038
    6038 6038 6038 5933 5933 5933</data></Depth11796>
</opencv_storage>
