<?xml version="1.0"?>
<opencv_storage>
<Depth15816 type_id="opencv-matrix">
  <rows>159</rows>
  <cols>45</cols>
  <dt>w</dt>
  <data>
    7332 7178 7178 7030 7030 7030 7030 7030 7030 6889 6889 7030 7030
    7030 0 0 0 0 0 0 688 688 687 687 687 6889 6622 6497 6497 6375 6375
    6497 6497 704 703 700 700 700 698 698 6753 6753 0 0 0 7332 7178 7178
    7030 7030 6889 6889 7030 7178 6889 6889 6889 0 0 0 0 0 0 0 0 688 688
    687 687 687 7030 6753 6497 6497 6375 6375 6375 703 703 701 698 698
    698 698 698 698 0 0 0 0 0 0 0 0 0 6889 6889 0 0 0 0 0 0 0 0 0 0 0 0
    0 0 688 687 687 687 694 694 694 694 693 693 693 703 703 698 697 697
    698 698 698 688 688 0 0 0 0 0 0 0 0 0 0 0 0 700 700 700 700 694 694
    693 691 691 0 0 694 694 694 694 694 694 694 694 694 693 693 693 690
    690 690 691 691 691 700 700 688 688 688 0 0 0 0 0 0 0 0 0 0 698 697
    697 697 696 696 694 693 691 691 694 694 694 694 694 694 694 694 694
    694 694 693 691 691 690 690 690 690 691 691 690 690 690 688 688 690
    0 0 0 0 0 0 0 0 0 697 697 697 697 696 696 696 696 694 694 694 694
    694 694 694 693 693 694 694 694 694 693 691 691 690 690 690 690 691
    691 690 690 690 690 688 688 690 0 0 0 0 0 0 0 0 697 697 697 697 696
    696 696 696 696 696 694 694 694 694 693 693 693 694 694 694 694 693
    693 691 691 690 690 690 691 691 691 690 690 690 688 688 690 0 0 0 0
    0 0 0 0 697 697 697 697 697 697 697 697 696 696 696 693 693 693 693
    693 693 694 694 694 694 693 693 691 691 691 690 690 691 693 691 691
    691 690 688 688 690 0 0 0 0 0 0 0 0 0 697 697 697 697 697 697 697
    696 696 696 693 693 693 693 693 694 694 694 694 694 693 693 691 691
    691 690 690 691 693 693 691 691 690 688 688 690 0 0 0 0 0 0 0 0 0
    698 698 698 698 698 698 697 697 697 696 696 696 694 694 694 694 694
    694 696 694 694 693 693 693 693 691 691 693 693 693 691 691 691 690
    690 690 0 0 0 0 0 0 0 0 0 698 698 698 698 698 698 698 697 697 696
    696 696 694 694 694 694 696 696 696 696 696 694 693 693 694 693 693
    693 693 694 694 693 693 691 690 690 0 0 0 0 0 0 0 0 0 698 698 698
    698 698 698 698 698 697 696 696 696 696 696 694 694 696 696 696 697
    696 696 696 696 696 694 694 694 694 694 696 694 694 693 691 691 0 0
    0 0 0 0 0 0 0 698 698 698 698 698 698 698 698 698 697 697 697 697
    697 696 696 698 697 697 697 697 696 696 697 696 694 694 694 694 694
    696 694 694 693 691 691 0 0 0 0 0 0 0 0 0 700 700 700 700 700 698
    698 698 698 698 698 698 697 697 697 697 698 697 697 697 697 697 697
    697 696 696 694 694 694 694 696 696 694 693 693 693 0 0 0 0 0 0 0 0
    703 700 700 700 700 700 700 700 700 698 698 698 698 697 697 697 697
    698 698 697 697 697 697 697 697 696 696 694 694 694 696 696 696 696
    694 693 693 0 0 0 0 0 0 0 704 703 701 701 701 700 700 700 700 700
    698 698 698 698 697 697 697 697 698 698 698 698 698 698 698 697 697
    696 696 696 696 696 696 696 696 694 694 694 0 0 0 0 0 0 0 704 703
    703 701 701 701 700 700 700 700 700 698 698 698 698 697 697 697 698
    700 698 698 698 698 698 698 697 697 696 696 696 696 696 696 696 694
    694 694 0 0 0 0 0 0 0 704 703 703 703 703 701 700 700 700 700 700
    698 698 698 698 698 698 698 700 700 700 700 700 698 698 698 697 697
    696 696 696 696 696 696 696 696 694 694 0 0 0 0 0 0 0 703 703 703
    703 703 703 701 701 700 700 700 698 698 698 698 698 698 700 700 700
    700 700 700 698 698 698 698 698 697 697 696 696 696 696 696 696 694
    694 0 0 0 0 0 0 0 703 701 701 703 704 704 703 703 701 700 700 700
    700 698 698 698 700 700 700 700 700 700 700 698 698 698 698 698 697
    697 696 696 696 697 697 697 696 696 0 0 0 0 0 0 0 703 701 701 703
    704 704 704 703 701 701 701 701 700 700 700 700 700 700 701 701 700
    700 700 700 700 698 698 700 698 698 697 697 697 698 698 697 697 0 0
    0 0 0 0 0 704 703 703 703 703 704 703 703 704 703 703 701 701 701
    701 700 700 700 700 701 701 700 700 700 700 700 700 700 700 698 698
    697 697 698 700 698 698 698 0 0 0 0 0 0 0 704 704 704 704 704 704
    703 703 704 703 703 701 701 701 701 701 700 700 700 701 701 701 701
    701 700 700 700 700 700 698 698 697 697 700 700 698 698 697 697 0 0
    0 0 0 0 706 706 706 706 706 704 704 704 704 704 704 703 701 701 701
    701 700 700 701 701 701 701 701 701 701 701 701 701 700 700 700 698
    698 700 700 700 698 697 697 0 0 0 0 0 0 706 706 706 707 706 706 704
    704 704 704 704 703 703 703 703 701 700 700 701 703 703 701 701 701
    701 701 701 701 700 700 700 700 700 700 700 700 700 700 700 0 0 0 0
    0 0 707 707 707 707 707 706 706 706 706 706 706 704 704 704 704 703
    703 703 703 703 703 701 701 701 701 701 701 701 701 700 700 700 700
    700 700 700 700 700 701 0 0 0 0 0 708 707 707 707 707 707 707 706
    706 706 706 706 704 704 704 704 704 703 703 703 703 704 703 703 703
    703 703 703 703 703 701 701 700 700 700 700 701 700 700 700 0 0 0 0
    710 708 707 707 707 707 707 707 706 706 706 706 706 706 706 704 704
    704 703 703 703 703 704 703 703 704 704 704 704 703 703 701 701 701
    701 701 701 701 700 698 698 0 0 0 0 710 707 707 707 707 708 707 707
    706 706 706 706 706 706 706 706 706 704 704 703 703 704 704 704 704
    706 706 706 704 704 704 703 701 701 701 701 701 701 700 698 698 0 0
    0 0 0 707 707 707 707 708 708 707 707 707 706 706 707 706 706 706
    706 704 704 704 704 704 706 706 706 706 706 706 704 704 704 703 703
    703 703 701 701 701 700 698 698 0 0 0 0 0 708 708 708 708 708 708
    708 707 707 707 707 707 706 706 706 706 706 704 704 704 706 706 706
    706 706 706 706 704 704 704 704 703 703 703 703 703 701 701 700 698
    0 0 0 0 0 708 708 708 708 708 710 710 708 708 708 707 707 706 706
    706 706 706 706 706 706 707 706 706 706 706 706 706 704 704 704 704
    704 704 704 703 703 703 701 701 701 0 0 0 0 0 708 708 708 708 708
    710 710 710 710 708 708 708 707 707 706 706 706 706 706 706 707 706
    706 706 706 706 706 706 706 704 704 704 704 704 703 703 703 701 701
    703 0 0 0 0 0 710 708 708 708 710 710 710 710 710 710 708 708 707
    707 707 707 706 706 706 706 707 706 706 706 706 706 706 706 706 704
    704 704 704 704 704 704 703 703 704 704 0 0 0 0 711 710 710 710 710
    710 710 710 710 710 710 710 708 708 708 707 707 707 707 707 707 707
    707 707 706 706 707 706 706 706 706 704 704 704 706 704 704 704 704
    704 706 0 0 0 0 711 710 710 710 710 710 710 710 710 710 710 710 708
    708 708 708 708 707 707 707 707 707 707 707 706 706 707 707 707 706
    706 706 706 706 706 706 706 704 704 704 706 0 0 0 0 713 711 711 711
    711 711 710 710 710 710 710 710 708 708 708 708 708 708 708 708 708
    707 707 707 706 706 707 707 707 707 706 706 706 706 706 706 706 706
    706 706 706 0 0 0 0 714 713 711 711 711 711 711 710 710 710 710 710
    710 710 710 710 708 708 708 708 708 708 708 708 707 707 707 707 707
    707 707 707 707 707 707 707 707 706 706 706 706 0 0 0 0 716 716 713
    713 711 711 711 711 710 710 710 710 710 710 710 710 710 710 710 708
    708 710 708 708 708 708 707 707 707 708 708 707 707 707 707 707 707
    706 706 706 707 0 0 0 0 717 716 716 714 713 713 711 711 711 711 711
    711 710 710 710 710 710 710 710 710 710 711 710 710 710 710 708 708
    708 708 708 708 707 707 707 707 707 707 707 707 707 0 0 0 0 717 716
    716 716 716 716 714 714 713 711 711 711 711 711 711 711 710 710 710
    710 710 711 711 711 710 710 708 708 708 708 708 708 707 707 707 707
    707 707 707 707 707 0 0 0 0 717 716 716 716 716 716 714 714 714 713
    713 713 711 711 711 711 711 711 710 710 710 711 711 711 711 711 710
    708 708 708 708 708 707 707 707 708 708 708 707 707 0 0 0 0 717 717
    716 716 716 716 716 716 716 716 714 714 713 713 711 711 711 711 711
    711 711 711 711 711 711 711 711 711 710 710 710 708 708 707 707 707
    708 710 708 707 707 0 0 0 0 717 717 716 716 716 716 716 716 716 716
    714 714 713 713 713 713 713 711 711 711 711 711 713 713 711 711 711
    711 711 711 711 711 708 708 708 708 710 710 710 707 707 707 0 0 0
