<?xml version="1.0"?>
<opencv_storage>
<Depth8186 type_id="opencv-matrix">
  <rows>5</rows>
  <cols>16</cols>
  <dt>w</dt>
  <data>
    6038 6038 6038 6038 6038 6038 6038 5933 5933 5933 5933 5933 5832
    5832 5832 5832 6038 6038 6038 6038 5933 5933 5933 5832 5832 5933
    5933 5933 5832 5832 5734 5734 6038 5933 5832 5832 5832 5832 5933
    5832 5832 5832 5832 5933 5832 5832 5734 5734 6038 5933 5832 5832
    5832 5832 5832 5832 5832 5832 5832 5933 5933 0 0 0 5933 5933 5933
    5933 5832 5832 5832 0 5832 0 6038 6038 0 0 0 0</data></Depth8186>
</opencv_storage>
