<?xml version="1.0"?>
<opencv_storage>
<Depth8539 type_id="opencv-matrix">
  <rows>11</rows>
  <cols>31</cols>
  <dt>w</dt>
  <data>
    4645 4645 4645 4708 4774 4842 4842 4708 5933 5933 5933 5832 5734
    5734 5734 5734 5734 5734 5734 5734 5734 5832 5734 5734 5640 5640
    5640 5640 5640 5640 5640 4842 4708 4708 4774 4774 4708 4708 4708
    4708 4774 4842 4842 4708 4708 5734 5734 5734 5832 5832 5734 5734
    5832 5734 5734 5734 5640 5640 5640 5640 5640 5640 4842 4842 4842
    4774 4774 4708 4708 4708 4708 4708 4774 4708 4708 4708 4708 4645
    4645 5933 5933 5832 5832 5734 5734 5734 5734 5640 5640 5734 5734
    5734 5734 4911 4842 4842 4774 4708 4708 4708 4708 4708 4708 4708
    4645 4645 4645 4645 4645 4645 4582 4582 4582 5933 5734 4349 4295
    4295 5734 5734 5734 5832 5832 5832 4911 4708 4708 4708 4708 4708
    4708 4708 4708 4708 4708 4645 4645 4645 4645 4645 4645 4645 4582
    4582 4522 4463 4349 4295 4295 4463 4463 5933 5933 5933 5933 4708
    4708 4708 4708 4645 4645 4708 4708 4708 4645 4645 4645 4645 4645
    4645 4645 4645 4582 4582 4582 4522 4463 4463 4405 4405 4463 4582
    4522 4463 4463 4463 3178 3208 4645 4645 4645 4645 4645 4645 4708
    4645 4645 4645 4645 4645 4645 4645 4645 4582 4582 4582 4522 4522
    4463 4463 4463 4522 4522 4522 4463 4463 4522 3178 3208 3208 3149
    4645 4645 4645 4645 4645 4708 4645 4645 4645 4582 4582 4645 4645
    4645 4582 4582 4522 4463 4463 4463 4463 4463 4522 4463 4463 4463
    4522 3208 3208 3208 3149 3149 3149 3149 4645 4645 4708 4645 4645
    4645 4582 4582 4645 4645 4645 4582 4582 4522 4463 4463 4463 4463
    4463 4463 4463 4463 4463 4522 3149 3149 3149 3149 3149 3149 3149
    3149 0 0 0 4645 4645 0 4645 4645 4645 4645 4582 4463 4463 4463 4463
    4463 4463 4405 4405 4405 4405 4463 4522 3149 3149 3120 3120 3149
    3149 3149 3178 3178 0 0 3178 0 0 0 0 0 4645 4582 4463 4405 4405 4463
    4463 4349 4295 4295 4405 4405 4463 4349</data></Depth8539>
</opencv_storage>
