<?xml version="1.0"?>
<opencv_storage>
<Depth17444 type_id="opencv-matrix">
  <rows>84</rows>
  <cols>49</cols>
  <dt>w</dt>
  <data>
    3692 3692 3653 1496 1496 1496 1496 1496 3653 3653 3653 3653 3653
    3653 3653 3653 3653 3653 3653 3653 3614 1470 1470 1464 1464 1464
    1470 1483 1483 1483 1483 1483 1483 1496 1496 1496 1503 1509 1503
    1503 1483 1483 1470 1470 1470 2598 2579 2579 2579 3692 3692 1489
    1489 1483 1483 1477 1477 1477 1470 1470 1477 1477 3653 3653 3653
    1483 1483 1477 1477 1477 1470 1470 1464 1464 1464 1470 1483 1483
    1483 1483 1483 1483 1496 1496 1496 1496 1496 1503 1489 1483 1483
    1470 1470 1489 2598 2598 2579 2579 3692 1483 1483 1483 1477 1477
    1470 1470 1477 1470 1470 1477 1477 1477 1477 1483 1477 1477 1477
    1477 1477 1477 1477 1470 1470 1477 1477 1483 1483 1483 1483 1483
    1483 1496 1496 1496 1496 1496 1496 1489 1483 1483 1483 1483 1489
    1489 2598 2579 2579 1477 1477 1477 1477 1477 1477 1470 1470 1477
    1470 1470 1477 1477 1477 1477 1477 1477 1477 1477 1477 1477 1483
    1483 1477 1477 1483 1483 1483 1483 1483 1483 1483 1483 1496 1496
    1496 1496 1496 1496 1496 1489 1489 1489 1489 1489 2598 2598 2579
    2560 1477 1477 1470 1470 1477 1477 1477 1477 1477 1477 1477 1477
    1477 1477 1477 1477 1477 1477 1477 1477 1477 1483 1483 1483 1483
    1483 1483 1477 1477 1477 1477 1477 1483 1489 1496 1496 1496 1496
    1496 1496 1496 1489 1489 1489 1489 2598 2579 2560 2560 1470 1470
    1470 1470 1470 1470 1477 1470 1470 1470 1470 1477 1477 1477 1470
    1470 1477 1477 1477 1477 1477 1483 1483 1477 1477 1477 1477 1477
    1477 1477 1477 1477 1477 1489 1489 1496 1496 1496 1496 1496 1496
    1489 1489 1483 1483 2598 2579 2560 2541 1470 1470 1470 1470 1470
    1470 1477 1470 1470 1470 1470 1477 1477 1477 1470 1470 1477 1477
    1477 1477 1483 1477 1477 1477 1477 1477 1477 1477 1477 1477 1477
    1477 1477 1489 1489 1489 1496 1496 1496 1489 1489 1483 1477 1477
    1477 1477 2560 2560 2541 1477 1477 1470 1470 1477 1477 1477 1470
    1470 1470 1470 1477 1470 1470 1470 1470 1477 1477 1483 1477 1477
    1477 1477 1477 1477 1477 1477 1477 1477 1477 1483 1477 1477 1489
    1489 1489 1489 1489 1489 1489 1483 1483 1477 1477 1477 1477 2560
    2560 2541 1516 1489 1477 1477 1477 1477 1470 1470 1470 1470 1470
    1470 1470 1470 1470 1470 1477 1477 1477 1477 1477 1477 1477 1477
    1477 1477 1477 1477 1477 1477 1477 1477 1477 1483 1483 1483 1489
    1489 1489 1489 1483 1483 1477 1477 1470 1470 2579 2560 2522 1516
    1489 1483 1477 1477 1470 1470 1470 1470 1470 1470 1470 1470 1470
    1470 1477 1477 1477 1477 1477 1477 1470 1470 1477 1477 1477 1477
    1477 1477 1477 1477 1477 1477 1483 1483 1483 1483 1489 1489 1489
    1483 1483 1477 1477 1470 1470 1470 2560 2522 1516 1489 1477 1470
    1470 1470 1470 1470 1470 1470 1470 1470 1470 1470 1470 1470 1470
    1470 1470 1470 1470 1470 1470 1477 1477 1477 1477 1477 1477 1477
    1477 1477 1477 1483 1483 1483 1483 1489 1483 1483 1483 1483 1477
    1477 1477 1477 1477 2541 2541 1516 1516 1470 1470 1470 1470 1470
    1470 1470 1470 1470 1470 1470 1470 1470 1470 1470 1470 1470 1470
    1470 1470 1470 1477 1477 1477 1477 1477 1477 1477 1477 1477 1477
    1483 1483 1483 1483 1483 1483 1483 1483 1483 1483 1477 1470 1470
    1470 2541 2541 1516 1470 1464 1464 1464 1464 1470 1470 1470 1470
    1470 1470 1470 1470 1470 1470 1470 1470 1470 1470 1470 1470 1470
    1470 1470 1470 1470 1470 1470 1470 1477 1477 1477 1483 1483 1483
    1477 1477 1483 1483 1477 1477 1477 1477 1470 1470 1470 1470 2522
    1536 1470 1464 1464 1464 1464 1470 1470 1470 1470 1470 1470 1470
    1470 1470 1470 1470 1470 1470 1470 1470 1470 1470 1470 1470 1470
    1470 1470 1470 1470 1470 1470 1477 1483 1483 1483 1477 1477 1477
    1477 1477 1477 1477 1477 1477 1477 1477 0 2485 1543 1543 1464 1464
    1464 1464 1464 1470 1470 1470 1470 1470 1470 1470 1470 1470 1470
    1470 1470 1470 1470 1470 1470 1470 1470 1470 1470 1470 1470 1470
    1470 1470 1477 1477 1477 1477 1477 1477 1477 1477 1477 1477 1477
    1477 1477 1477 1489 2598 2598 1477 1464 1464 1464 1464 1464 1464
    1470 1470 1470 1470 1470 1470 1470 1470 1470 1470 1470 1470 1464
    1464 1464 1464 1470 1470 1470 1470 1470 1470 1470 1470 1470 1477
    1477 1477 1477 1477 1477 1477 1477 1477 1477 1477 1477 1477 1489
    1489 2598 2598 1477 1477 1470 1464 1464 1464 1470 1470 1470 1470
    1470 1470 1470 1470 1470 1470 1470 1470 1470 1464 1464 1464 1464
    1470 1470 1470 1470 1470 1470 1470 1470 1477 1477 1477 1477 1477
    1477 1477 1477 1477 1477 1477 1477 1477 1477 1477 1477 1477 2579
    1477 1477 1470 1470 1464 1464 1470 1470 1470 1470 1470 1470 1470
    1470 1470 1470 1470 1470 1470 1470 1470 1470 1470 1470 1470 1470
    1470 1470 1470 1470 1470 1477 1477 1477 1477 1477 1477 1477 1477
    1477 1477 1477 1477 1477 1477 1477 1477 1477 2503 1523 1523 1483
    1470 1470 1470 1470 1470 1470 1470 1470 1470 1470 1470 1470 1470
    1470 1470 1470 1470 1470 1470 1470 1470 1470 1470 1470 1470 1470
    1470 1470 1470 1470 1477 1477 1477 1477 1477 1477 1477 1477 1477
    1477 1477 1477 1477 1477 3576 2503 0 1523 1483 1470 1470 1470 1470
    1470 1464 1464 1464 1464 1470 1470 1464 1464 1464 1464 1464 1470
    1470 1470 1470 1470 1470 1470 1470 1470 1470 1470 1470 1470 1470
    1477 1477 1477 1477 1477 1477 1477 1470 1470 1477 1470 1470 1470
    3576 3576 3576 1523 1523 1483 1470 1470 1470 1464 1464 1464 1464
    1464 1464 1470 1470 1464 1464 1464 1464 1464 1470 1470 1470 1470
    1470 1470 1470 1470 1470 1470 1470 1470 1470 1470 1477 1477 1477
    1477 1477 1470 1470 1470 1470 1477 1470 1470 1477 1477 3576 3539
    1470 1470 1470 1470 1470 1464 1464 1464 1464 1464 1464 1464 1470
    1470 1464 1464 1464 1464 1464 1470 1470 1470 1470 1470 1470 1470
    1464 1464 1470 1464 1464 1464 1464 1477 1477 1477 1477 1470 1470
    1470 1470 1470 1477 1477 1477 1477 1477 3539 3539 1470 1470 1470
    1470 1464 1464 1464 1464 1464 1464 1464 1464 1464 1464 1464 1464
    1464 1464 1464 1470 1470 1470 1470 1464 1464 1464 1464 1464 1464
    1464 1464 1464 1464 1470 1470 1470 1470 1470 1470 1470 1470 1470
    1470 1477 1477 1477 1477 3503 3503 1483 1483 1470 1464 1464 1464
    1464 1464 1464 1464 1464 1464 1464 1464 1464 1464 1464 1464 1464
    1470 1470 1470 1464 1464 1464 1464 1464 1464 1464 1464 1464 1464
    1464 1470 1470 1470 1470 1470 1470 1470 1470 1470 1470 1477 1477
    1477 1477 3503 3503 1516 1483 1470 1464 1464 1464 1464 1464 1464
    1464 1464 1464 1464 1464 1464 1464 1464 1464 1464 1470 1470 1464
    1464 1464 1464 1464 1464 1464 1464 1464 1464 1464 1464 1470 1470
    1470 1470 1470 1470 1470 1470 1477 1477 1477 1477 1477 1477 3539
    3539 1516 1483 1470 1464 1464 1464 1464 1464 1464 1464 1464 1464
    1464 1464 1464 1464 1464 1464 1464 1464 1464 1464 1464 1464 1464
    1464 1464 1464 1464 1464 1464 1464 1464 1470 1470 1470 1470 1470
    1470 1470 1470 1470 1470 1470 1470 1477 1477 1477 3539 1516 1489
    1464 1464 1464 1464 1464 1464 1464 1464 1464 1464 1464 1464 1464
    1464 1464 1464 1464 1464 1464 1464 1464 1464 1464 1464 1464 1464
    1464 1464 1464 1464 1470 1470 1470 1470 1470 1470 1470 1470 1470
    1470 1470 1470 1470 1477 1477 1477 3539 3732 1464 1464 1464 1464
    1464 1464 1464 1464 1464 1464 1464 1464 1464 1464 1464 1464 1464
    1464 1464 1464 1464 1464 1464 1464 1464 1464 1464 1464 1464 1464
    1464 1464 1470 1470 1470 1470 1470 1470 1470 1470 1470 1470 1470
    1470 1477 1477 1477 3539 3732 1464 1464 1458 1458 1458 1464 1464
    1464 1464 1464 1464 1464 1464 1464 1464 1458 1458 1464 1464 1464
    1464 1464 1464 1464 1464 1464 1464 1464 1464 1464 1464 1464 1470
    1470 1470 1470 1470 1470 1470 1470 1470 1470 1470 1470 1470 1477
    1477 3503 3816 1464 1464 1458 1458 1458 1458 1458 1464 1464 1464
    1464 1464 1464 1458 1458 1458 1458 1458 1464 1464 1464 1464 1464
    1464 1464 1464 1464 1464 1464 1464 1464 1464 1470 1470 1470 1470
    1470 1470 1470 1470 1464 1464 1470 1470 1470 1470 1470 3503 3816
