<?xml version="1.0"?>
<opencv_storage>
<Depth14121 type_id="opencv-matrix">
  <rows>7</rows>
  <cols>17</cols>
  <dt>w</dt>
  <data>
    0 0 0 0 0 0 0 6038 5933 5933 5933 5933 5933 5933 5933 5933 6038 0 0
    0 0 0 6038 5933 5933 5933 5933 5933 5933 5933 5933 6038 6038 5933 0
    0 6038 5933 5933 5933 5933 5933 6038 6038 5933 5933 5933 6038 6038
    6038 5933 6038 6259 6038 5933 5933 5933 5933 6038 6038 6038 5933
    5933 6038 6038 6038 6038 6038 6038 6146 6038 6038 5933 5933 5933
    5933 5933 6038 6038 6038 6038 6038 6038 6038 0 6038 6146 6038 6038
    5933 5933 5933 5933 5933 6038 6038 0 0 0 0 0 0 6038 6146 6146 6146
    6038 6038 6038 6038 0 0 0 0 0 0 0 0 0</data></Depth14121>
</opencv_storage>
