<?xml version="1.0"?>
<opencv_storage>
<Depth13425 type_id="opencv-matrix">
  <rows>36</rows>
  <cols>13</cols>
  <dt>w</dt>
  <data>
    3816 3816 3816 3816 3816 3816 3774 3774 3692 3692 3774 5640 5640
    3816 3816 3816 3816 3816 3816 3774 3774 3774 3774 3774 3816 5640
    3859 3859 3816 3816 3816 3816 3816 3816 3774 3774 3774 3816 5734
    3859 3859 3816 3816 3816 3816 3816 3816 3816 3816 3816 3774 3774
    3859 3859 3816 3816 3816 3816 3816 3816 3816 3774 3774 3774 3774
    3859 3859 3816 3816 3816 3816 3816 3774 3774 3774 3774 3774 3774
    3859 3859 3816 3816 3816 3816 3774 3774 3774 3732 3732 3732 3732
    3859 3859 3816 3816 3816 3816 3774 3732 3732 3732 3732 3732 3732
    3903 3859 3859 3816 3816 3816 3774 3732 3732 3732 3732 3732 5460
    3948 3903 3859 3816 3816 3816 3774 3774 3774 3774 3774 3774 3816
    3994 3903 3859 3816 3816 3774 3774 3774 3774 3774 3774 3774 3816
    3994 3903 3859 3816 3816 3774 3774 3774 3774 3774 3732 3732 5832
    3994 3903 3859 3816 3774 3774 3774 3774 3774 3774 3732 3732 3732
    3994 3903 3859 3816 3774 3774 3774 3774 3774 3774 3732 3732 3732
    3994 3903 3859 3816 3774 3774 3774 3774 3774 3774 3774 3732 3732
    3994 3903 3859 3816 3816 3816 3816 3816 3816 3816 3774 3732 3732
    3903 3859 3859 3859 3816 3816 3816 3816 3816 3816 3774 3732 3732
    3903 3859 3859 3859 3816 3816 3816 3816 3816 3816 3774 3732 3692
    3903 3859 3859 3859 3816 3816 3816 3816 3816 3816 3774 3732 3692
    3903 3859 3859 3859 3816 3816 3774 3774 3816 3774 3774 3774 3732
    3948 3903 3903 3859 3816 3816 3774 3774 3816 3774 3774 3816 3774
    3948 3948 3903 3859 3816 3816 3816 3816 3816 3816 3816 3816 3816
    3948 3948 3903 3859 3816 3816 3816 3816 3816 3816 3816 3816 3816
    3948 3948 3948 3859 3816 3816 3816 3816 3816 3816 3816 3774 3774
    6753 3994 3948 3859 3859 3859 3816 3816 3859 3816 3816 3774 3774
    6753 6753 6889 3859 3859 3816 3816 3816 3859 3859 3816 3816 5832
    6753 6753 6753 6753 3816 3816 3816 3816 3903 3903 3816 3816 5832
    6753 6753 6753 6753 6753 3816 3903 3903 3903 3903 3903 3903 5832
    6753 6753 6753 3859 3816 3816 3816 3816 3859 3859 3859 3859 5832
    6753 6753 3903 3859 3816 3816 3816 3816 3859 3859 3859 3859 3859
    6753 6753 3903 3859 3816 3816 3816 3816 3859 3859 3859 3816 3816
    6753 6497 6375 3859 3859 3816 3816 3816 3816 3816 3816 3816 3816
    6753 6497 6375 3859 3859 3859 3816 3816 3816 3816 3816 3816 5933
    6753 6497 6497 3859 3859 3859 3859 3859 3816 3816 3816 3816 5933
    6753 6622 6497 6375 3859 3859 3859 3859 3859 3859 3859 5832 5832
    6889 6753 6622 6375 3859 3859 3859 3859 3859 3859 3859 5832 5832</data></Depth13425>
</opencv_storage>
