<?xml version="1.0"?>
<opencv_storage>
<Depth14482 type_id="opencv-matrix">
  <rows>107</rows>
  <cols>41</cols>
  <dt>w</dt>
  <data>
    4190 4190 4190 998 995 989 987 984 984 4139 4139 987 987 3994 3994
    992 992 989 989 3859 3859 3859 2065 2053 2040 2040 2028 2028 2040
    2053 2065 3816 3774 3732 3653 3653 3653 3653 3653 3614 3614 4190
    4190 4190 4190 995 989 987 981 981 984 987 987 987 987 987 987 987
    989 989 3816 3859 3859 3859 2040 2040 2040 2028 2028 2028 2028 3816
    3816 3774 3732 3692 3653 3653 3653 3653 3614 3614 992 992 4190 4190
    995 975 975 981 981 981 987 989 989 987 987 984 984 3903 3816 3816
    3816 3816 3816 849 845 845 845 841 841 839 3816 3816 3774 3732 3692
    3692 3653 3614 3614 3614 3614 992 992 989 978 975 973 973 975 920
    918 918 923 923 925 984 984 984 984 984 871 869 0 0 0 0 845 845 841
    841 839 839 839 839 3774 3774 3732 3653 3614 3614 3614 789 998 992
    984 975 973 967 959 959 920 918 918 923 923 925 984 984 891 882 880
    871 869 858 851 849 847 841 841 839 839 837 837 837 833 800 800 789
    789 789 789 789 789 995 992 984 975 973 967 956 954 935 920 920 923
    915 910 906 901 891 882 880 871 869 858 851 849 847 843 837 831 829
    829 833 833 833 800 800 789 789 789 787 787 787 995 992 984 975 970
    967 956 948 935 928 928 923 915 910 906 898 887 882 875 869 869 858
    851 847 845 841 831 827 825 819 819 803 802 800 800 789 787 787 787
    787 785 995 992 984 975 970 967 956 948 938 930 928 923 915 908 903
    896 887 882 875 869 867 858 851 847 845 833 829 827 823 817 811 803
    802 798 792 787 785 785 785 785 785 995 992 984 975 970 967 959 946
    938 930 928 923 918 908 903 896 889 885 875 869 867 858 851 849 847
    833 827 825 823 817 809 803 802 798 792 787 785 785 785 785 785 995
    992 984 978 973 967 959 943 938 933 928 923 918 910 903 896 891 887
    875 869 867 860 854 849 847 833 827 825 819 815 809 805 802 798 789
    787 785 785 785 785 785 998 992 984 978 973 964 959 943 938 933 928
    923 920 910 903 898 891 887 878 869 864 860 854 851 847 833 827 825
    819 815 811 805 802 798 789 785 785 783 783 785 785 998 992 987 981
    973 964 959 943 938 933 928 923 920 915 903 898 891 887 875 869 864
    860 854 851 847 833 827 825 821 817 813 805 802 798 789 785 783 783
    783 783 783 998 995 987 981 973 967 951 943 938 933 930 923 920 915
    906 891 889 885 875 869 864 860 856 851 845 835 829 825 821 817 811
    805 802 798 789 785 783 783 783 783 783 998 995 987 981 973 967 951
    943 938 933 933 925 920 915 906 891 889 885 878 869 864 860 856 851
    839 835 829 825 823 817 811 805 802 798 790 785 783 783 783 783 785
    998 995 987 981 973 967 954 943 940 933 933 928 923 915 906 891 889
    885 878 869 864 860 856 851 839 835 831 827 823 815 811 807 802 798
    789 787 785 783 783 783 783 1001 995 987 981 973 967 956 948 940 935
    935 928 923 915 910 891 889 885 878 871 864 860 856 851 839 835 833
    827 823 815 811 807 803 796 789 787 785 785 783 783 783 1001 995 987
    981 973 967 956 948 940 935 933 928 920 915 908 891 889 885 880 873
    864 860 856 851 839 837 833 829 823 817 813 809 805 794 789 789 785
    785 783 783 783 1001 995 989 981 975 970 956 948 940 935 933 928 920
    915 908 894 889 885 880 875 867 860 858 851 841 837 835 829 823 817
    813 809 805 794 789 787 785 785 783 783 783 1001 998 989 981 975 970
    956 948 943 935 935 928 920 913 901 894 891 885 880 875 867 860 858
    854 841 839 835 829 823 819 815 809 805 794 790 787 785 783 783 783
    783 1001 998 989 981 975 970 956 951 943 938 935 928 920 913 901 896
    891 887 882 875 869 862 858 845 843 839 835 827 823 819 815 809 803
    796 790 787 785 783 783 783 783 998 995 989 981 975 970 956 951 946
    940 935 930 920 913 903 898 891 887 882 875 871 864 860 845 843 841
    837 827 823 819 815 809 803 796 790 787 785 783 783 783 783 998 995
    989 984 975 962 956 954 946 940 938 930 918 913 903 898 891 887 882
    875 869 864 860 849 845 841 837 829 823 819 815 811 802 796 790 787
    785 783 783 783 783 1010 998 989 984 978 962 956 954 946 940 938 930
    915 913 903 898 891 887 882 875 869 864 860 849 845 841 835 829 823
    819 815 811 800 796 789 787 785 783 783 783 783 1010 998 992 984 978
    973 959 954 946 938 935 933 915 913 908 901 894 889 882 875 869 867
    862 849 847 841 835 827 825 819 815 813 800 796 789 787 785 785 783
    781 781 1010 998 992 987 981 973 959 954 946 938 935 930 925 915 910
    901 894 889 882 875 869 867 862 847 847 839 835 827 825 821 817 813
    802 796 790 789 787 785 783 781 781 1010 998 992 987 984 975 959 954
    946 938 935 930 925 918 910 901 894 887 882 875 871 867 864 847 847
    839 835 829 825 823 817 813 800 796 790 789 787 785 781 781 780 0
    998 992 987 984 975 959 954 946 938 935 930 925 918 913 898 894 887
    882 878 873 867 862 849 847 841 835 829 827 823 819 813 800 796 792
    790 787 783 781 781 780 0 992 989 987 984 975 959 954 946 940 935
    930 925 920 903 898 894 887 882 878 873 869 862 851 847 841 837 831
    827 825 819 807 802 796 794 792 787 783 781 781 780 0 992 989 987
    984 975 956 954 946 940 935 930 925 920 903 898 891 887 882 880 873
    867 860 851 847 841 837 833 831 825 819 807 802 798 792 790 789 785
    781 781 780 0 995 989 987 984 975 956 954 948 940 935 933 925 923
    913 901 891 887 885 882 875 867 860 858 847 841 837 835 831 825 819
    811 802 798 792 789 787 785 783 781 781 1004 995 992 987 984 975 959
    954 951 943 935 933 925 920 913 901 894 887 885 882 875 867 860 851
    847 841 837 835 831 823 817 813 803 798 792 789 787 785 783 781 781
    1004 995 995 987 984 973 962 956 951 943 938 933 925 920 915 903 894
    887 885 882 878 871 864 851 845 841 837 835 831 823 817 813 805 800
    790 787 787 785 785 781 781 1010 998 995 989 984 973 962 959 951 943
    940 935 925 920 913 903 896 889 887 882 878 871 864 851 845 841 837
    835 829 825 819 813 805 800 790 787 787 785 783 781 781 0 1001 998
    992 987 975 967 956 951 943 940 935 928 918 913 908 898 891 887 885
    878 871 864 851 845 843 837 833 829 825 819 813 805 802 794 787 787
    785 783 781 781 0 1001 998 992 984 975 970 956 951 943 940 935 928
    918 913 903 898 894 889 885 878 869 864 851 845 843 837 833 829 825
    819 813 805 803 796 789 787 785 783 781 781 0 1004 998 992 984 975
    970 956 951 943 943 940 930 918 913 903 896 891 887 880 875 869 864
    851 845 843 837 833 827 825 821 813 805 803 796 790 787 785 783 781
    781 0 1004 998 995 987 975 970 959 951 943 943 943 930 923 918 903
    896 891 887 880 875 869 864 862 849 845 841 833 827 825 821 815 805
    803 798 792 787 785 783 783 781 0 1004 998 992 987 978 970 959 951
    943 943 935 928 923 915 903 896 894 891 880 875 871 869 862 849 847
    843 833 827 825 821 815 805 802 798 792 787 785 783 783 781 0 1004
    998 992 987 978 973 962 954 946 943 935 928 923 915 903 898 894 891
    882 878 873 869 862 851 847 845 835 827 825 821 817 805 802 798 792
    789 787 783 781 781 0 0 998 992 987 981 973 962 956 946 938 935 928
    923 915 903 898 894 889 885 878 873 869 860 851 847 843 837 829 825
    821 817 807 803 800 794 789 785 783 781 781 0 1001 998 995 989 978
    975 962 959 946 938 935 928 923 915 910 898 894 889 885 882 871 867
    860 851 847 843 835 831 827 823 819 813 803 800 794 789 785 783 781
    781 0 1001 998 995 989 978 975 962 959 948 943 935 930 923 918 910
    898 894 887 885 880 871 867 860 851 847 843 835 831 827 823 819 813
    805 802 794 790 785 783 781 781 1010 1001 1001 998 992 978 975 962
    956 948 943 938 930 925 920 910 901 894 887 885 880 873 867 862 851
    847 843 835 831 827 823 819 813 807 802 794 790 787 785 783 781 1010
    1001 1001 998 989 984 970 962 954 948 946 938 933 925 920 913 903
    894 887 885 878 873 867 862 860 849 843 835 831 827 821 819 813 805
    802 796 792 787 785 783 781 0 1001 1001 998 989 984 970 959 954 948
    946 938 933 925 920 908 903 898 889 885 878 875 867 862 860 849 843
