<?xml version="1.0"?>
<opencv_storage>
<Depth18799 type_id="opencv-matrix">
  <rows>6</rows>
  <cols>35</cols>
  <dt>w</dt>
  <data>
    6375 6375 6497 6497 6497 6753 6753 6753 6497 6497 6497 6497 6497
    6497 6497 6497 6497 6497 6497 6622 6622 6622 6753 6753 6497 6497
    6375 6375 6375 6038 0 0 0 0 0 6375 6375 6497 6497 6497 6622 6622
    6622 6497 6497 6497 6497 6497 6497 6497 6497 6497 6497 6497 6497
    6497 6497 6497 6375 6375 6259 6146 6038 6038 0 0 0 0 0 0 6375 6375
    6497 6497 6497 6622 6622 6622 6497 6497 6497 6497 6497 6497 6497
    6497 6497 6375 6375 6375 6375 6259 6259 6259 6259 6259 6146 6038
    6038 6146 6259 6146 6146 6146 6038 6497 6497 6497 6497 6497 6622
    6622 6622 6497 6497 6497 6497 6497 6497 6497 6497 6497 6375 6375
    6375 6375 6259 6259 6259 6259 6146 6146 6146 6146 6146 6259 6146
    6146 6146 6038 6622 6497 6497 6497 6497 6622 6622 6753 6622 6497
    6497 6497 6497 6497 6622 6497 6497 6375 6375 6375 6375 6375 6259
    6259 6259 6146 6146 6146 6146 6146 6259 6259 6146 6146 6259 6753
    6753 6753 6497 6497 6622 6622 6753 6753 6622 6622 6622 6753 6753
    6753 6753 6753 6889 6497 6497 6497 6497 6375 6375 6259 6259 6259
    6259 6259 6259 6146 6146 6146 6146 6146</data></Depth18799>
</opencv_storage>
