<?xml version="1.0"?>
<opencv_storage>
<Depth2905 type_id="opencv-matrix">
  <rows>54</rows>
  <cols>64</cols>
  <dt>w</dt>
  <data>
    1550 0 0 0 0 0 0 4405 1477 1477 1477 1470 1470 1470 1470 4645 4645
    4645 6146 6038 6038 5933 5933 6038 6038 6038 6038 6038 6038 6038
    6146 6146 6146 6146 6146 6146 6146 6146 6259 6259 6259 6259 6259
    6375 6259 6259 6375 6375 6375 6375 6375 6375 6375 6375 6497 6497
    6497 6497 6497 6497 6497 6497 6497 6497 1572 0 0 0 0 0 0 1483 1477
    1477 1477 1470 1470 1470 1470 1470 4774 4774 6146 6038 6038 5933
    5933 6038 6038 6038 6038 6038 6038 6038 6038 6038 6146 6146 6146
    6146 6146 6146 6259 6259 6259 6259 6259 6259 6259 6259 6259 6259
    6259 6259 6375 6375 6375 6375 6375 6375 6497 6497 6497 6497 6497
    6497 6497 6497 0 0 0 1477 0 0 0 1477 1477 1470 1470 1470 1470 1470
    1470 1470 1470 1477 6038 6038 6038 6038 6038 6038 6038 6038 6038
    6038 6038 6038 6038 6038 6146 6146 6146 6146 6259 6259 6259 6259
    6146 6146 6259 6259 6259 6259 6259 6259 6259 6259 6259 6375 6375
    6375 6375 6375 6375 6497 6497 6497 6497 6497 6497 6497 0 0 0 0 1477
    1477 1470 1470 1470 1470 1470 1470 1470 1470 1470 1470 1477 1477
    1477 6038 6038 6038 6038 6038 6038 6038 6038 5933 5933 6038 6038
    6038 6038 6038 6146 6146 6146 6146 6146 6146 6146 6146 6146 6259
    6259 6259 6259 6259 6259 6259 6259 6375 6375 6375 6375 6375 6375
    6497 6497 6497 6497 6497 6497 6497 0 0 0 0 1470 1470 1464 1464 1464
    1464 1470 1470 1470 1477 1477 1477 1477 1477 1489 1489 1489 1489
    1489 1489 6038 6038 6038 5933 5933 6038 6038 6038 6038 6038 6038
    6146 6146 6038 6038 6146 6146 6146 6146 6259 6259 6259 6259 6259
    6375 6259 6259 6375 6375 6375 6375 6375 6375 6497 6497 6497 6497
    6497 6497 6497 0 0 0 1470 1470 1470 1464 1464 1464 1464 1470 1470
    1477 1477 1477 1483 1483 1483 1483 1483 1483 1489 1489 1489 6038
    6038 6038 6038 6038 6038 6038 6038 6038 6038 6038 6038 6146 6038
    6038 6146 6146 6146 6146 6259 6259 6259 6259 6259 6375 6259 6259
    6375 6375 6375 6375 6375 6375 6497 6497 6497 6497 6497 6497 6497 0 0
    0 1470 1470 1464 1464 1464 1464 1470 1470 1470 1477 1477 1477 1477
    1477 1477 1477 1477 1483 1483 1489 1489 1489 6038 5933 5933 5933
    5933 5933 6038 6038 6038 6038 6038 6146 6146 6146 6038 6038 6146
    6146 6259 6259 6259 6259 6259 6259 6259 6259 6375 6375 6375 6375
    6375 6497 6497 6497 6497 6497 6497 6497 6497 1624 1470 0 1464 1464
    1464 1464 1464 1464 1470 1470 1477 1477 1477 1477 1477 1477 1477
    1477 1477 1483 1483 1489 1489 1483 1483 5933 5933 5933 5933 5933
    5933 5933 6038 6038 6038 6146 6146 6038 6038 6038 6038 6146 6146
    6146 6146 6146 6146 6259 6259 6259 6259 6259 6375 6375 6375 6375
    6375 6375 6375 6497 6497 6497 6497 0 1470 1470 1464 1464 1464 1464
    1464 1470 1470 1470 1477 1477 1477 1477 1477 1477 1477 1477 1477
    1477 1477 1489 1489 1483 1483 1483 1483 6038 6038 6038 5933 5933
    6038 6038 6038 6038 6038 6038 6038 6038 6038 6038 6146 6146 6146
    6146 6146 6259 6259 6259 6259 6259 6375 6375 6375 6375 6375 6375
    6375 6375 6375 6497 6497 1464 1464 1464 1464 1464 1464 1464 1470
    1470 1470 1470 1477 1477 1477 1477 1477 1477 1477 1477 1477 1477
    1477 1489 1489 1489 1483 1483 1489 1489 1489 6038 6038 6038 6038
    6038 6038 6038 6038 6038 6038 6038 6038 6038 6038 6146 6038 6038
    6146 6259 6259 6259 6259 6259 6375 6375 6375 6375 6375 6375 6375
    6375 6375 6375 6375 1464 1464 1464 1464 1464 1464 1464 1464 1464
    1470 1470 1470 1470 1470 1470 1477 1477 1477 1477 1477 1477 1483
    1483 1489 1489 1489 1489 1489 1489 1489 1489 6038 6038 6038 5933
    5933 6038 6038 6038 6038 6038 6038 6038 6038 6146 6038 6038 6146
    6146 6146 6259 6259 6259 6375 6375 6375 6375 6375 6375 6375 6375
    6375 6375 6375 1464 1464 1464 1458 1458 1464 1464 1464 1464 1470
    1470 1470 1470 1470 1470 1477 1477 1477 1477 1477 1477 1483 1483
    1483 1489 1489 1489 1489 1489 1489 1489 1489 1489 5933 5933 5933
    5933 6038 6038 6038 6038 6038 6146 6146 6146 6038 6038 6038 6146
    6146 6146 6146 6146 6259 6375 6375 6375 6375 6375 6375 6375 6375
    6375 6375 1464 1464 1464 1458 1458 1458 1458 1464 1464 1464 1464
    1470 1470 1470 1470 1477 1477 1477 1477 1477 1483 1483 1483 1483
    1483 1489 1489 1489 1489 1489 1489 1489 1489 1489 5933 5933 5933
    6038 6038 6038 6038 6038 6038 6146 6038 6038 6038 6038 6038 6038
    6038 6146 6146 6146 6259 6259 6259 6375 6375 6375 6375 6375 6375
    6375 1464 1464 1464 1458 1458 1458 1458 1464 1464 1464 1464 1470
    1470 1470 1470 1477 1477 1477 1477 1477 1483 1483 1483 1483 1483
    1483 1489 1489 1489 1489 1489 1489 1489 1489 1489 1489 6038 6038
    6038 6038 6038 6038 6038 6038 6038 6038 6038 6038 6038 6038 6038
    6038 6038 6146 6259 6259 6259 6375 6259 6259 6375 6375 6375 6375
    1464 1464 1464 1458 1458 1458 1458 1464 1464 1464 1464 1464 1470
    1470 1470 1477 1477 1477 1477 1483 1483 1483 1483 1483 1483 1483
    1489 1489 1489 1489 1489 1496 1496 1489 1489 1489 1496 6146 6146
    6038 6038 6038 6038 6038 6038 6038 6038 6038 6146 6038 6038 6038
    6038 6146 6259 6259 6259 6259 6146 6146 6259 6259 6375 6375 1464
    1464 1464 1464 1464 1464 1464 1470 1464 1464 1464 1464 1470 1470
    1470 1470 1477 1477 1477 1477 1483 1483 1483 1483 1483 1483 1489
    1489 1489 1489 1489 1489 1496 1489 1489 1496 1496 1496 6259 6146
    6038 6038 6038 6038 6038 6038 6038 6038 6146 6146 6146 6038 6038
    6146 6259 6259 6259 6259 6146 6146 6259 6259 6375 6375 1464 1464
    1464 1464 1464 1470 1470 1470 1464 1464 1464 1464 1464 1464 1470
    1470 1477 1477 1477 1477 1477 1483 1483 1483 1483 1483 1489 1489
    1489 1489 1489 1489 1496 1496 1489 1489 1489 1489 1496 6259 6038
    6038 5933 5933 5933 6038 6038 6038 6146 6146 6146 6146 6146 6146
    6259 6259 6259 6259 6259 6259 6259 6259 6375 6375 1470 1470 1470
    1470 1470 1470 1470 1470 1464 1464 1464 1464 1464 1464 1470 1470
    1477 1477 1477 1477 1477 1477 1483 1483 1483 1483 1489 1489 1489
    1489 1489 1496 1496 1496 1489 1489 1489 1489 1496 1496 1496 5933
    5933 5832 5832 5933 6038 6038 6038 6038 6038 6038 6038 6146 6146
    6146 6146 6146 6146 6259 6259 6259 6375 6375 0 1483 1483 1483 1470
    1470 1470 1470 1464 1464 1464 1464 1464 1464 1470 1470 1477 1477
    1477 1477 1477 1477 1477 1483 1483 1483 1489 1489 1489 1489 1489
    1489 1496 1496 1496 1496 1496 1496 1496 1496 1503 1503 1503 5832
    5832 5933 6038 6038 6038 6038 6038 6038 6038 6146 6146 6146 6146
    6146 6146 6259 6259 6375 6375 6259 0 1523 1496 1489 1477 1477 1477
    1470 1470 1464 1464 1464 1464 1464 1470 1470 1477 1477 1477 1477
    1477 1477 1477 1483 1483 1483 1483 1489 1489 1489 1489 1489 1496
    1496 1496 1496 1496 1496 1496 1503 1503 1503 1503 1503 1503 6038
    6038 6038 6038 6038 6038 6038 6146 6146 6146 6146 6146 6146 6146
    6146 6259 6259 6259 6259 0 1523 1516 1509 1496 1496 1489 1477 1470
    1464 1464 1464 1464 1470 1470 1470 1470 1470 1470 1470 1477 1477
    1477 1483 1483 1483 1483 1489 1489 1489 1489 1489 1489 1496 1496
    1496 1496 1496 1496 1503 1503 1503 1503 1503 1503 1503 6038 6038
    6038 6038 6038 6038 6038 6146 6146 6146 6146 6146 6146 6146 6146
    6146 6259 6146 0 1557 1536 1529 1523 1509 1496 1489 1489 1477 1470
    1470 1470 1470 1470 1470 1470 1470 1470 1470 1470 1477 1477 1477
    1483 1483 1483 1483 1483 1489 1489 1489 1489 1496 1496 1496 1496
    1496 1496 1503 1503 1503 1503 1503 1503 1516 1523 1523 6146 6038
    6038 6038 6038 6146 6146 6146 6146 6146 6146 6146 6146 6146 6146
    6146 0 0 1557 1550 1550 1536 1529 1516 1496 1489 1483 1483 1477 1470
    1470 1470 1470 1470 1470 1470 1470 1470 1477 1477 1483 1483 1483
    1483 1483 1489 1489 1489 1489 1489 1489 1496 1496 1496 1496 1496
    1503 1503 1503 1503 1509 1509 1509 1516 1516 1516 6038 6038 6038
    6038 6038 6038 6146 6146 6146 6038 6038 6038 6146 6146 0 0 0 1594
    1557 1543 1543 1529 1523 1509 1503 1503 1477 1470 1470 1470 1470
    1470 1470 1470 1470 1470 1477 1477 1483 1483 1483 1483 1483 1489
