<?xml version="1.0"?>
<opencv_storage>
<Depth17041 type_id="opencv-matrix">
  <rows>89</rows>
  <cols>63</cols>
  <dt>w</dt>
  <data>
    3816 3816 3816 3774 1197 1197 1193 1185 1185 1185 1185 3653 3653
    3614 3614 3614 3614 3539 3539 3539 3539 3539 3539 3539 3539 3539
    3503 3503 3503 3468 3433 3433 3433 3399 3399 3399 3365 3365 3333
    3333 3333 3300 3300 3300 3269 3269 3269 3269 3238 3208 3149 3149
    3149 1094 1094 1094 3149 3149 1090 3037 3037 3037 3037 3816 3816
    1197 1193 1193 1197 1189 1185 1181 1169 1165 1165 1161 1157 1157
    3614 3614 3539 3539 3539 3539 3539 3539 3539 3539 3539 3539 3503
    3503 3468 3433 3433 3433 3433 3399 3399 3365 3365 3333 3333 3333
    1057 1047 1047 1050 1054 3238 3269 3269 3208 3149 3149 3149 1094
    1094 1090 1090 1090 1090 1090 3037 3037 3037 1206 1202 1197 1193
    1193 1193 1185 1177 1173 1165 1165 1165 1157 1153 1153 1149 1141
    1141 1138 1138 1138 3539 3539 3539 3539 1112 1108 1101 1097 1097
    3433 3433 3433 1084 1080 1077 1077 1077 1073 1070 1067 1057 1047
    1047 1050 1054 1054 1050 1050 3208 3149 3149 3149 1097 1094 1090
    1090 1090 1090 0 3037 3037 3037 1206 1202 1193 1189 1189 1189 1185
    1173 1169 1165 1165 1161 1157 1153 1149 1145 1141 1141 1138 1134
    1134 1130 1119 1112 1112 1108 1105 1101 1097 1097 1090 1087 1087
    1084 1080 1077 1073 1070 1070 1067 1063 1057 1050 1050 1050 1050
    1047 1044 1044 1044 1044 1044 1097 1097 1097 1097 1090 1090 1090
    1094 1094 3064 3064 1202 1202 1193 1189 1185 1185 1181 1169 1169
    1165 1161 1157 1153 1149 1149 1145 1145 1141 1138 1134 1130 1126
    1119 1112 1108 1108 1105 1101 1097 1097 1090 1087 1087 1084 1084
    1077 1073 1070 1070 1063 1063 1057 1054 1050 1047 1047 1044 1041
    1041 1041 1044 1047 1054 1073 1073 1084 1090 1090 1094 1094 1094 0
    3037 1202 1197 1193 1189 1185 1181 1177 1169 1169 1161 1157 1153
    1153 1149 1145 1145 1141 1141 1138 1134 1130 1126 1119 1112 1108
    1108 1105 1101 1097 1097 1094 1090 1087 1084 1084 1077 1073 1067
    1067 1060 1057 1057 1054 1050 1047 1044 1044 1041 1041 1041 1041
    1047 1050 1057 1070 1077 1080 1090 1094 1094 0 0 0 1202 1197 1193
    1189 1185 1181 1177 1173 1169 1161 1157 1153 1149 1149 1145 1145
    1141 1141 1134 1130 1126 1126 1119 1112 1108 1108 1105 1101 1097
    1097 1094 1087 1084 1084 1080 1073 1070 1067 1060 1060 1057 1057
    1054 1047 1044 1041 1041 1038 1038 1038 1041 1047 1050 1057 1067
    1073 1073 1084 1094 1094 1094 0 0 1202 1202 1197 1185 1185 1181 1177
    1173 1165 1161 1157 1153 1149 1149 1145 1141 1141 1141 1134 1130
    1126 1119 1115 1112 1112 1108 1105 1101 1094 1094 1094 1087 1084
    1084 1077 1070 1067 1067 1060 1057 1057 1054 1050 1047 1044 1041
    1041 1038 1038 1038 1041 1047 1050 1060 1067 1070 1073 1084 1087
    1094 1094 0 0 1202 1202 1197 1185 1185 1181 1177 1173 1165 1161 1157
    1153 1149 1149 1145 1141 1141 1138 1138 1130 1126 1119 1115 1112
    1112 1108 1105 1101 1094 1094 1090 1087 1084 1080 1077 1070 1067
    1067 1060 1057 1057 1054 1050 1044 1044 1041 1041 1038 1034 1034
    1041 1050 1054 1060 1067 1070 1073 1080 1087 1094 1094 1094 0 1206
    1202 1202 1189 1185 1181 1177 1173 1165 1161 1157 1153 1149 1149
    1145 1141 1141 1138 1138 1130 1126 1119 1115 1112 1112 1108 1105
    1097 1094 1094 1090 1087 1084 1080 1073 1070 1067 1067 1060 1057
    1057 1050 1047 1044 1041 1041 1041 1038 1034 1034 1041 1050 1054
    1060 1063 1067 1070 1077 1084 1094 1094 1094 0 1210 1206 1197 1185
    1181 1181 1177 1173 1165 1161 1157 1153 1149 1149 1145 1141 1141
    1138 1138 1130 1126 1119 1115 1112 1112 1108 1105 1097 1094 1094
    1090 1087 1084 1080 1073 1070 1067 1067 1063 1057 1057 1050 1047
    1044 1041 1041 1041 1038 1038 1038 1041 1047 1050 1057 1063 1067
    1070 1077 1080 1094 1094 1094 0 1206 1202 1197 1185 1181 1181 1177
    1173 1165 1161 1157 1153 1153 1149 1145 1141 1141 1138 1138 1130
    1126 1115 1112 1112 1108 1108 1105 1097 1094 1094 1090 1087 1084
    1080 1073 1070 1067 1067 1063 1057 1057 1054 1047 1044 1041 1041
    1041 1038 1038 1038 1041 1047 1050 1057 1063 1067 1070 1073 1080
    1087 1094 1094 0 1197 1197 1193 1185 1181 1181 1177 1173 1165 1161
    1157 1153 1153 1149 1145 1141 1141 1138 1138 1130 1126 1115 1112
    1112 1108 1108 1105 1097 1094 1094 1090 1087 1084 1080 1073 1070
    1070 1067 1063 1057 1057 1054 1047 1044 1044 1041 1041 1038 1038
    1041 1044 1047 1050 1057 1060 1067 1070 1073 1080 1084 1090 1094
    1094 1197 1193 1189 1185 1181 1181 1177 1169 1165 1161 1157 1153
    1153 1149 1141 1138 1138 1138 1138 1130 1123 1119 1112 1112 1108
    1108 1105 1097 1097 1094 1090 1087 1084 1080 1073 1070 1070 1067
    1063 1057 1057 1054 1047 1044 1044 1041 1038 1034 1034 1038 1044
    1047 1050 1057 1060 1067 1073 1077 1080 1084 1087 1087 0 1197 1193
    1189 1185 1181 1181 1177 1169 1165 1161 1157 1153 1149 1149 1141
    1138 1138 1138 1134 1130 1123 1119 1115 1112 1112 1112 1108 1097
    1097 1094 1090 1090 1084 1077 1073 1070 1070 1067 1063 1057 1057
    1054 1050 1044 1044 1041 1038 1031 1031 1034 1041 1047 1050 1057
    1060 1067 1073 1077 1080 1084 1087 1087 1090 1197 1193 1193 1185
    1181 1181 1177 1169 1165 1161 1157 1153 1149 1149 1141 1138 1138
    1138 1134 1126 1123 1119 1115 1112 1112 1108 1105 1097 1097 1094
    1090 1084 1084 1077 1073 1070 1070 1067 1063 1057 1054 1054 1050
    1044 1041 1041 1038 1031 1031 1034 1041 1047 1050 1054 1057 1063
    1070 1077 1080 1084 1087 1090 1090 1197 1193 1189 1189 1185 1181
    1177 1169 1165 1165 1153 1153 1149 1149 1141 1138 1138 1138 1130
    1126 1123 1119 1115 1112 1108 1108 1105 1097 1094 1094 1090 1084
    1080 1080 1073 1070 1070 1063 1060 1057 1054 1054 1050 1044 1041
    1041 1031 1031 1031 1031 1041 1047 1050 1054 1057 1063 1070 1077
    1080 1084 1090 1090 0 1197 1193 1189 1185 1185 1181 1177 1169 1161
    1157 1153 1153 1149 1145 1141 1138 1138 1138 1130 1126 1123 1115
    1115 1112 1108 1105 1101 1097 1094 1094 1087 1084 1080 1080 1070
    1067 1067 1063 1060 1057 1054 1050 1047 1047 1041 1041 1031 1031
    1031 1031 1041 1044 1050 1054 1060 1067 1073 1077 1080 1084 1087
    1094 0 1197 1197 1189 1185 1181 1181 1169 1165 1161 1157 1153 1153
    1149 1145 1145 1138 1138 1138 1130 1126 1123 1115 1112 1112 1108
    1105 1101 1097 1094 1094 1087 1084 1080 1077 1070 1067 1067 1063
    1060 1057 1054 1050 1047 1047 1041 1041 1031 1031 1031 1034 1041
    1044 1050 1054 1060 1063 1070 1077 1080 1084 1084 1084 0 1202 1193
    1185 1185 1181 1181 1169 1165 1161 1157 1153 1153 1149 1141 1138
    1134 1134 1130 1130 1126 1123 1115 1112 1112 1108 1105 1105 1097
    1094 1094 1087 1084 1084 1077 1070 1067 1067 1063 1060 1057 1054
    1047 1047 1044 1041 1041 1031 1031 1031 1034 1038 1041 1047 1054
    1060 1063 1067 1073 1077 1084 1084 1084 1084 1206 1193 1185 1181
    1181 1181 1169 1165 1165 1161 1153 1153 1145 1141 1138 1134 1134
    1130 1130 1123 1123 1115 1112 1112 1108 1105 1101 1097 1094 1094
    1087 1084 1080 1073 1070 1067 1067 1060 1057 1057 1050 1047 1044
    1044 1041 1038 1031 1031 1031 1034 1038 1041 1047 1054 1057 1063
    1063 1070 1077 1084 1084 1084 1084 0 1193 1189 1181 1181 1177 1169
    1165 1161 1157 1153 1149 1145 1138 1138 1134 1134 1130 1130 1123
    1123 1115 1112 1112 1108 1105 1101 1097 1094 1094 1087 1084 1080
    1073 1070 1067 1067 1060 1057 1054 1050 1047 1044 1044 1041 1038
    1031 1031 1031 1031 1038 1044 1047 1054 1057 1060 1063 1067 1080
    1084 1084 1090 1090 1197 1193 1189 1185 1181 1177 1169 1165 1161
    1157 1153 1149 1145 1138 1138 1134 1134 1138 1130 1123 1123 1119
    1112 1112 1108 1105 1097 1094 1094 1090 1084 1084 1077 1073 1070
    1067 1063 1060 1057 1054 1050 1044 1044 1041 1041 1041 1031 1031
    1031 1031 1038 1044 1047 1054 1057 1060 1063 1067 1077 1084 1087
    1094 1094 1193 1189 1189 1185 1181 1177 1169 1169 1165 1153 1153
    1149 1145 1141 1138 1138 1138 1134 1130 1123 1123 1119 1112 1112
    1108 1105 1097 1094 1094 1090 1084 1084 1077 1070 1070 1067 1063
