<?xml version="1.0"?>
<opencv_storage>
<Depth6499 type_id="opencv-matrix">
  <rows>18</rows>
  <cols>19</cols>
  <dt>w</dt>
  <data>
    0 0 0 0 3468 3468 3468 3503 3503 3503 3503 3503 1115 1115 1115 1115
    1115 1161 1161 0 3503 3503 3468 3468 3468 3468 3468 3468 3503 3503
    3503 3503 3503 3468 3468 1161 1161 1161 0 3468 3468 3468 3468 3468
    3468 3468 3468 3503 3503 3503 3468 3468 3468 3468 3503 3539 3539 0
    3468 3468 3468 3468 3468 3433 3433 3468 3468 3468 3468 3468 3468
    3468 3468 3503 3503 3539 3468 3468 3468 3468 3468 3300 3300 3365
    3433 3468 3468 3468 3468 3468 3468 3468 3503 3503 3539 3468 3468
    3468 3468 3468 3300 3300 3365 3433 3468 3468 3468 3468 3468 3468
    3503 3503 3503 3539 3468 3468 3468 3468 3468 3468 3468 3468 3468
    3468 3468 3468 3468 3503 3503 3503 3503 3503 3503 3433 3433 3433
    3433 3503 3503 3468 3468 3468 3468 3468 3468 3468 3503 3503 3503
    3503 3503 3503 3433 3433 3433 3433 3468 3468 3468 3468 3468 3468
    3468 3468 3503 3503 3503 3503 3503 3503 3503 3433 3433 3468 3468
    3468 3468 3468 3468 3468 3433 3433 3468 3468 3503 3503 3503 3503
    3503 3503 3468 3468 3468 3433 3433 3433 3433 3433 3433 3433 3433
    3468 3468 3503 3503 3503 3503 3503 3503 3468 3468 3468 3433 3433
    3433 3433 3433 3433 3433 3433 3468 3468 3468 3468 3468 3503 3503
    3503 3433 3433 3433 3433 3468 3468 3468 3468 3468 3468 3468 3468
    3468 3468 3468 3468 3468 3468 3468 3433 3433 3433 3433 3468 3468
    3433 3433 3468 3468 3468 3468 3468 3468 3468 3468 3468 3468 2723
    1105 1105 1123 1130 3468 3468 3433 3433 3468 3468 3468 3468 3468
    3468 3468 3468 3468 3468 2701 1105 1115 1123 1130 1134 3468 3468
    3468 3433 3433 3468 3468 3468 3468 3468 3468 3468 3468 2659 1105
    1115 1123 1130 1134 1157 1165 1165 3433 3433 3503 3468 3468 3468
    3468 3468 3503 2680 2659 1108 1119 1130 1138 1145 1157 1161 1165
    1177 1177 3503 3503 3468 3468 3468 3468 3503 2680 2659</data></Depth6499>
</opencv_storage>
