<?xml version="1.0"?>
<opencv_storage>
<Depth19236 type_id="opencv-matrix">
  <rows>6</rows>
  <cols>10</cols>
  <dt>w</dt>
  <data>
    7030 7030 7030 7178 7492 7492 7332 7332 7332 7492 7660 7660 7492
    7492 7492 7492 7332 7332 7492 7492 7660 7660 7492 7492 7492 7492
    7492 7492 7492 7492 7660 7660 7492 7492 7660 7660 7492 7492 7332
    7332 7835 7660 7660 7660 7660 7660 7492 7492 7332 7332 8212 7660
    7660 7660 7660 7660 7660 7660 7660 7660</data></Depth19236>
</opencv_storage>
