<?xml version="1.0"?>
<opencv_storage>
<Depth18426 type_id="opencv-matrix">
  <rows>9</rows>
  <cols>16</cols>
  <dt>w</dt>
  <data>
    4774 4774 4774 4774 4774 4241 4241 4139 4089 4089 4089 4089 4089
    4089 4089 4089 4774 4774 4774 4774 4774 4774 4708 4139 4089 4089
    4089 4089 4089 4089 4089 4089 4774 4708 4708 4708 4774 4774 4708
    4708 4190 4190 4139 4089 4089 4089 4089 4089 4645 4582 4582 4645
    4708 4774 4774 4708 4708 4582 4582 4774 4089 4089 4089 4089 4582
    4582 4582 4582 4645 4645 4774 4708 4708 4774 4774 4774 4774 4774
    4842 4089 4522 4522 4522 4522 4645 4645 4708 4774 4774 4774 4774
    4708 4708 4774 4774 4842 3300 4522 4522 4522 4645 4645 4708 4708
    4774 4774 4774 4708 4708 4708 4708 4842 3269 3269 3269 3333 3333
    4582 4582 4645 4645 4645 4645 4645 4645 4708 4708 4774 3269 3269
    3269 3300 3333 3333 3365 4522 4522 4582 4582 4582 4582 4645 4645
    4708</data></Depth18426>
</opencv_storage>
