<?xml version="1.0"?>
<opencv_storage>
<Depth3422 type_id="opencv-matrix">
  <rows>9</rows>
  <cols>18</cols>
  <dt>w</dt>
  <data>
    5832 5832 5832 5832 5374 5374 5640 5640 5291 5210 5132 5132 5132
    5056 5056 5056 4983 4983 5734 5548 5460 5374 5291 5291 5291 5210
    5210 5210 5132 5132 5132 5132 5132 5056 5056 4983 5460 5374 5291
    5291 5210 5210 5210 5210 5210 5132 5132 5132 5132 5132 5132 5056
    5056 5056 5291 5291 5291 5210 5210 5210 5210 5210 5210 5132 5132
    5132 5132 5132 5056 5056 5056 5056 5291 5291 5291 5210 5210 5210
    5210 5210 5210 5210 5210 5210 5132 5132 5056 5056 5056 5056 5291
    5291 5291 5291 5210 5210 5210 5210 5210 5210 5210 5132 5132 5132
    5056 5056 5056 5056 5291 5291 5291 5291 5210 5210 5210 5210 5210
    5210 5132 5132 5132 5132 5132 5132 5132 5056 5210 5210 5210 5210
    5210 5210 5210 5210 5210 5132 5132 5132 5056 5056 5132 5132 5132
    5056 4911 4911 4911 4911 5056 5056 5132 5132 5132 5132 5132 5132
    5056 5056 5132 5132 5056 5056</data></Depth3422>
</opencv_storage>
