<?xml version="1.0"?>
<opencv_storage>
<Depth7873 type_id="opencv-matrix">
  <rows>17</rows>
  <cols>23</cols>
  <dt>w</dt>
  <data>
    5640 5548 5548 5548 5548 5460 5460 5460 5460 5460 3576 3539 3503
    3433 3399 3399 3433 3539 3503 3503 3503 3468 3468 5640 5734 5734
    3433 3433 3468 3468 3503 3539 3539 3539 3539 3433 3399 3365 3365
    3365 3433 3468 3468 3468 3468 3333 5548 5832 3468 3433 3433 3468
    3468 3468 3503 3333 3333 3333 3365 3399 3365 3333 3333 3333 3365
    3433 3433 3433 3333 3576 3539 3468 3468 3468 3468 3468 3468 3468
    3333 3333 3333 3365 3365 3365 3333 3333 3333 3333 3333 3365 3399
    3365 3576 3539 3539 3468 3468 3468 3468 3468 3468 3399 3365 3365
    3365 3365 3333 3333 3333 3300 3300 3300 3300 3300 3300 3576 3576
    3576 3576 3539 3433 3433 3433 3433 3399 3365 3365 3333 3333 3333
    3333 3333 3300 3300 3300 3269 3238 3238 3576 3576 3539 3539 3503
    3433 3433 3433 3433 3433 3365 3365 3333 3333 3300 3300 3300 3300
    3300 3269 3269 3238 3238 4708 3576 3539 3539 3503 3433 3433 3433
    3433 3433 3433 3399 3333 3333 3300 3300 3300 3300 3300 3269 3269
    3238 3208 4708 4708 3576 3576 3539 3539 3468 3433 3433 3433 3433
    3468 3365 3365 3333 3333 3333 3300 3300 3269 3269 3238 3208 4708
    4708 4645 3576 3539 3539 3503 3468 3468 3433 3433 3468 3433 3399
    3333 3333 3333 3333 3300 3300 3269 3238 3208 4774 4774 4774 3576
    3576 3539 3539 3468 3468 3468 3468 3468 3433 3433 3399 3365 3333
    3333 3300 3300 3269 3238 3208 4774 4774 4774 3576 3576 3576 3539
    3503 3468 3468 3468 3468 3433 3433 3399 3365 3365 3333 3300 3300
    3269 3238 3208 4708 4774 4842 3576 3576 3576 3539 3503 3468 3468
    3468 3468 3433 3433 3399 3365 3365 3333 3300 3300 3269 3269 3269
    4708 4842 4911 3576 3576 3576 3539 3539 3468 3468 3468 3468 3433
    3433 3399 3365 3333 3333 3300 3300 3269 3269 3269 4842 4842 0 3576
    3576 3576 3576 3576 3468 3468 3468 3468 3468 3433 3433 3399 3333
    3333 3333 3300 3300 3269 3269 0 0 0 0 3614 3614 3614 3614 3539 3468
    3468 3468 3468 3433 3433 3399 3333 3333 3300 3300 3300 3238 3238 0 0
    0 0 3692 3692 3653 3653 3614 3503 3503 3503 3468 3433 3433 3399 3333
    3333 3300 3300 3300 3208 3208</data></Depth7873>
</opencv_storage>
