<?xml version="1.0"?>
<opencv_storage>
<Depth11445 type_id="opencv-matrix">
  <rows>7</rows>
  <cols>11</cols>
  <dt>w</dt>
  <data>
    8212 8212 8212 8019 7835 7835 7660 7660 7660 7660 7835 8019 8019
    8019 8019 7835 7835 7660 7660 7660 7660 7660 8019 8019 8019 7835
    7835 7835 7660 7660 7660 7660 7660 8019 8019 8019 7835 7835 7835
    7660 7660 7660 7660 7492 8019 7835 7835 7660 7660 7660 7660 7660
    7660 7492 7492 8019 7835 7835 7660 7660 7660 7660 7660 7660 7492
    7332 8413 8019 8019 7835 7835 7835 7660 7660 7660 7492 7332</data></Depth11445>
</opencv_storage>
