<?xml version="1.0"?>
<opencv_storage>
<Depth13561 type_id="opencv-matrix">
  <rows>46</rows>
  <cols>33</cols>
  <dt>w</dt>
  <data>
    6889 2286 2286 6889 2226 2226 2241 7030 2226 2226 2226 2256 2256
    2271 2286 2286 2286 2286 2286 2286 2286 2286 2301 2333 2349 2349
    2349 2349 6622 6753 6753 6753 6753 2286 2286 2271 2256 2226 2226
    2241 2212 2212 2212 2212 2226 2241 2256 2271 2271 2271 2286 2286
    2286 2286 2286 2301 2333 2349 2349 2349 2349 2349 6889 6889 6753
    6753 2286 2286 2271 2256 2241 2241 2226 2212 2212 2212 2212 2226
    2241 2256 2256 2256 2271 2286 2286 2286 2286 2286 2317 2349 2349
    2349 2349 2333 2333 2333 6889 6753 6753 2301 2286 2271 2271 2241
    2241 2226 2226 2212 2212 2226 2226 2241 2256 2256 2256 2256 2271
    2286 2286 2286 2286 2317 2349 2349 2349 2349 2333 2333 2333 6753
    6753 6753 2286 2286 2271 2271 2241 2241 2226 2226 2226 2226 2226
    2226 2241 2256 2256 2256 2256 2271 2286 2286 2286 2286 2317 2349
    2349 2349 2349 2349 2333 2333 6753 6753 6622 2286 2286 2271 2271
    2241 2226 2226 2226 2226 2226 2226 2226 2241 2256 2256 2256 2271
    2271 2271 2271 2286 2286 2333 2333 2333 2349 2349 2349 2333 2333
    2333 6753 6622 2286 2286 2271 2256 2241 2226 2226 2226 2226 2226
    2226 2226 2241 2241 2256 2271 2271 2286 2271 2271 2286 2286 2333
    2333 2333 2349 2349 2349 2333 2333 2333 6753 6622 2286 2286 2271
    2256 2241 2226 2226 2212 2212 2226 2226 2226 2241 2241 2256 2271
    2271 2286 2271 2271 2286 2286 2333 2333 2333 2333 2349 2349 2333
    2333 2333 6753 6753 2301 2286 2286 2256 2241 2226 2226 2212 2212
    2226 2226 2226 2241 2241 2256 2271 2271 2286 2286 2286 2286 2301
    2333 2333 2333 2333 2333 2349 2333 2333 2333 6753 6753 2301 2286
    2286 2271 2256 2241 2241 2226 2226 2241 2241 2241 2241 2241 2256
    2271 2271 2271 2286 2286 2286 2301 2301 2333 2333 2333 2333 2349
    2349 2349 2349 6753 6753 2286 2286 2286 2271 2256 2241 2241 2241
    2241 2241 2241 2241 2241 2256 2256 2271 2271 2271 2286 2286 2286
    2286 2301 2333 2333 2333 2349 2349 2349 2365 6622 6622 6622 2286
    2286 2286 2271 2256 2256 2241 2226 2226 2241 2241 2241 2241 2241
    2256 2256 2271 2271 2286 2286 2286 2286 2301 2317 2333 2333 2349
    2349 2365 2365 6497 6497 6622 2301 2301 2286 2271 2256 2256 2241
    2226 2226 2241 2241 2241 2241 2241 2256 2256 2271 2271 2286 2286
    2286 2286 2301 2317 2333 2349 2349 2365 2365 2365 2415 6497 6622
    2301 2301 2271 2271 2256 2256 2241 2241 2226 2226 2226 2241 2241
    2241 2256 2256 2271 2271 2286 2286 2286 2286 2317 2333 2333 2349
    2349 2365 2365 2381 2415 2415 6753 2317 2317 2271 2271 2256 2256
    2241 2241 2226 2226 2226 2241 2241 2241 2256 2256 2271 2271 2286
    2286 2286 2286 2317 2333 2333 2349 2349 2365 2365 2398 2432 2432
    6753 2317 2317 2271 2271 2256 2256 2241 2241 2226 2226 2226 2226
    2226 2241 2256 2256 2271 2271 2286 2286 2286 2286 2317 2333 2349
    2349 2349 2365 2365 2381 2432 2432 6753 2301 2301 2271 2271 2271
    2256 2241 2241 2226 2226 2226 2226 2226 2241 2256 2256 2271 2271
    2286 2286 2286 2286 2317 2333 2349 2349 2349 2349 2365 2365 2398
    2398 6753 2301 2301 2286 2271 2256 2256 2241 2226 2226 2226 2226
    2226 2241 2241 2241 2256 2271 2271 2286 2286 2286 2286 2317 2333
    2349 2349 2349 2349 2349 2365 2365 2365 6753 2317 2317 2301 2271
    2256 2256 2241 2226 2226 2226 2226 2226 2241 2241 2241 2256 2271
    2271 2286 2286 2286 2286 2317 2317 2333 2349 2349 2349 2349 2349
    2365 2365 6889 2317 2317 2301 2271 2271 2256 2241 2226 2226 2226
    2226 2226 2241 2241 2241 2256 2271 2271 2286 2286 2286 2286 2317
    2317 2333 2349 2349 2349 2349 2349 2365 2365 6889 2333 2333 2301
    2286 2271 2256 2241 2226 2212 2212 2226 2226 2241 2241 2241 2256
    2271 2271 2286 2286 2286 2286 2301 2301 2333 2349 2349 2349 2349
    2349 2365 2365 6889 2317 2317 2301 2286 2271 2256 2241 2226 2212
    2212 2226 2226 2241 2241 2241 2256 2256 2271 2271 2286 2286 2286
    2301 2301 2333 2349 2349 2349 2349 2365 2365 2365 6889 6753 2317
    2301 2286 2271 2256 2241 2226 2226 2226 2226 2226 2241 2241 2241
    2256 2256 2271 2271 2271 2286 2286 2301 2301 2333 2349 2349 2349
    2365 2349 2349 2349 6753 6753 2301 2286 2271 2271 2256 2241 2226
    2226 2226 2226 2226 2241 2241 2241 2256 2256 2271 2271 2271 2286
    2286 2301 2301 2333 2349 2349 2349 2349 2349 2349 2349 6753 6753
    2301 2286 2271 2271 2256 2226 2226 2226 2226 2226 2226 2241 2256
    2256 2256 2271 2271 2271 2271 2286 2286 2301 2301 2333 2349 2349
    2349 2349 2349 2317 2317 6753 6753 2301 2301 2271 2271 2256 2226
    2226 2226 2226 2226 2226 2226 2241 2241 2256 2271 2271 2271 2271
    2286 2286 2301 2301 2333 2349 2349 2349 2349 2349 2317 2317 2317
    6889 2286 2286 2286 2271 2256 2241 2226 2226 2226 2226 2226 2226
    2226 2241 2241 2271 2271 2271 2271 2286 2286 2301 2301 2333 2349
    2349 2349 2349 2349 2317 2317 2317 6889 2286 2286 2286 2271 2256
    2241 2226 2226 2226 2226 2226 2226 2226 2226 2241 2256 2271 2271
    2271 2286 2286 2301 2301 2333 2333 2333 2349 2349 2365 2333 2333
    2333 6889 2286 2286 2286 2271 2271 2256 2226 2226 2226 2226 2226
    2226 2226 2226 2241 2256 2256 2271 2271 2286 2286 2301 2333 2333
    2333 2333 2349 2349 2349 2349 2349 2349 6889 6889 2286 2286 2271
    2271 2256 2226 2226 2226 2226 2226 2226 2226 2226 2241 2241 2256
    2271 2271 2286 2286 2301 2317 2333 2333 2333 2349 2349 2349 2365
    2349 2349 6889 0 2286 2286 2271 2271 2241 2226 2226 2226 2226 2226
    2226 2226 2226 2241 2241 2256 2271 2271 2286 2286 2301 2301 2317
    2333 2333 2349 2349 2349 2365 2349 2349 6889 0 2286 2286 2271 2271
    2241 2226 2226 2226 2226 2226 2226 2226 2226 2241 2241 2256 2271
    2271 2286 2286 2301 2301 2317 2333 2333 2349 2349 2349 2365 2349
    2349 6889 0 2286 2286 2271 2256 2241 2226 2226 2212 2212 2212 2226
    2226 2226 2241 2241 2256 2271 2271 2271 2286 2301 2301 2317 2333
    2349 2349 2349 2349 2349 2349 2349 6889 0 2286 2286 2271 2256 2241
    2226 2226 2212 2212 2212 2226 2226 2241 2241 2256 2256 2271 2271
    2271 2301 2301 2301 2317 2333 2349 2349 2349 2349 2349 2365 2365
    6889 2271 2286 2286 2271 2256 2256 2241 2226 2212 2212 2212 2226
    2226 2226 2241 2256 2256 2271 2271 2271 2301 2301 2301 2317 2333
    2349 2349 2349 2349 2365 2365 2365 6889 2271 2271 2271 2271 2271
    2256 2241 2226 2212 2212 2212 2212 2226 2226 2226 2241 2256 2271
    2271 2271 2301 2301 2317 2317 2333 2349 2349 2349 2349 2349 2365
    2365 6889 6889 2271 2271 2271 2271 2256 2241 2226 2226 2212 2212
    2212 2226 2226 2226 2241 2256 2256 2271 2271 2301 2301 2301 2317
    2333 2349 2349 2349 2349 2349 2365 2365 6889 6889 2271 2271 2271
    2271 2256 2241 2226 2226 2212 2212 2226 2226 2226 2226 2226 2256
    2256 2271 2271 2301 2301 2301 2317 2333 2349 2349 2349 2349 2349
    2349 2349 6889 6889 2271 2271 2271 2256 2241 2241 2226 2226 2212
    2212 2226 2226 2226 2226 2226 2241 2241 2256 2271 2301 2301 2301
    2317 2317 2333 2349 2349 2349 2349 2349 2349 6753 6753 2286 2286
    2271 2256 2241 2241 2226 2226 2226 2212 2212 2226 2226 2226 2226
    2241 2241 2256 2271 2301 2301 2301 2317 2317 2333 2333 2333 2349
    2349 2349 2349 6753 6753 6753 2286 2271 2256 2241 2241 2226 2226
    2226 2212 2212 2226 2226 2226 2226 2256 2256 2271 2271 2301 2301
    2301 2317 2317 2333 2333 2333 2349 2349 6622 6753 6889 6889 6889
    2271 2271 2256 2241 2241 2226 2226 2226 2226 2226 2226 2226 2226
    2241 2256 2271 2271 2271 2301 2301 2317 2333 2349 2349 6889 6753
    6753 6622 6622 6753 6889 6889 7030 7030 2271 2271 2256 2256 2241
    2226 2226 2226 2226 2226 2212 2212 2241 2256 2271 2271 2271 2301
    2301 2317 2333 7030 7030 6889 6753 6753 6753 6753 6753 6889 6889
    6889 6889 6889 2271 2256 2226 2226 2226 2226 2226 2226 2226 2212
    2212 2241 2256 2286 2286 2286 2301 6889 6889 6889 6889 6889 6889
    6889 6753 6753 6753 6753 6889 6889 6889 6889 6889 6889 2271 2226
    2226 6753 6753 2241 2241 2256 6889 6889 6753 2286 2286 2286 2286
