<?xml version="1.0"?>
<opencv_storage>
<Depth10589 type_id="opencv-matrix">
  <rows>80</rows>
  <cols>88</cols>
  <dt>w</dt>
  <data>
    3816 3774 3774 3816 3816 3859 3859 3903 3903 3903 3903 3903 3903
    3948 3948 3994 3994 3994 3994 3994 3994 3994 3994 4041 4089 4089
    4139 4089 4089 4139 4139 4139 4139 4139 4139 4139 4190 4190 4190
    4190 4190 4241 4241 4190 4190 4241 4295 4295 4295 4295 4349 4349
    4349 4349 4349 4405 4405 4405 898 896 896 896 896 4463 4463 4522
    4582 4582 4645 4645 4645 4645 4645 4645 4645 4582 4582 4645 4645
    4708 4708 4708 4708 4708 4708 4708 4645 4645 3816 3774 3774 3816
    3816 3859 3859 3903 3903 3903 3903 3903 3903 3948 3948 3994 3994
    3994 3994 3994 3994 3994 4041 4041 4089 4089 4139 4089 4089 4139
    4139 4139 4139 4139 4139 4190 4190 4190 4190 4190 4190 4241 4241
    4190 4190 4241 4241 4295 4295 4295 4349 4349 4349 4349 4349 4405
    4405 4405 898 896 896 896 896 4463 4463 4463 4463 4463 4645 4645
    4582 4582 4582 4645 4645 4645 4645 4645 4645 4708 4708 4708 4708
    4708 4708 4708 4645 4645 3816 3816 3816 3816 3859 3859 3859 3859
    3903 3903 3903 3903 3903 3948 3994 3994 3994 3994 3994 3994 3994
    3994 4041 4041 4089 4089 4089 4089 4089 4089 4139 4139 4139 4139
    4139 4139 4190 4190 4190 4190 4190 4190 4190 4190 4190 4241 4241
    4241 4295 4295 4349 4349 4349 4349 4349 4405 4405 896 896 896 896
    894 891 891 4463 4463 4463 0 4645 4645 4582 4582 4582 4582 4645 4645
    4645 4645 4645 4708 4708 4708 4708 4708 4708 4708 4645 4645 3816
    3816 3816 3816 3859 3859 3859 3859 3903 3903 3903 3903 3903 3948
    3994 3994 3994 3994 3994 3994 3994 3994 4041 4041 4041 4089 4089
    4089 4089 4089 4139 4139 4139 4139 4139 4139 4139 4190 4190 4190
    4190 4190 4190 4190 4190 4241 4241 4241 4295 4295 4295 4295 4349
    4349 4349 4405 4405 896 896 894 894 894 891 891 4463 4463 4463 851
    851 854 854 854 854 851 847 847 847 4645 4645 4708 4708 4708 4708
    4708 4708 4708 4645 4645 3816 3816 3816 3816 3859 3859 3859 3859
    3903 3903 3903 3903 3903 3948 3994 3994 3994 3994 3994 3994 3994
    3994 4041 4041 4041 4041 4041 4089 4089 4089 4139 4139 4139 4139
    4139 4139 4139 4190 4190 4190 4190 4190 4190 4190 4241 4241 4241
    4241 880 880 4190 4241 4295 885 885 887 889 898 898 894 894 891 891
    889 889 889 831 851 851 849 847 847 849 849 847 845 845 4708 4708
    833 837 837 4708 4708 4645 4645 4645 4645 3816 3816 3816 3859 3859
    3903 3859 3859 3903 3903 3903 3903 3903 3994 3994 3994 3994 3994
    3994 3994 3994 3994 3994 4041 4041 4041 4041 4089 4089 4139 4139
    4139 4139 4139 4139 4139 4139 4190 4190 4190 4190 4190 4190 4190
    4241 4241 4241 875 875 878 878 878 880 880 882 885 887 887 898 894
    894 891 891 889 889 889 831 831 833 835 837 841 843 845 845 843 837
    835 833 833 837 837 837 4774 4645 4645 4708 4708 3816 3816 3816 3859
    3859 3903 3859 3859 3903 3903 3903 3903 3903 3994 3994 3994 3994
    3994 3994 3994 3994 3994 3994 4041 4041 4041 4041 4041 4089 4089
    4139 4139 4139 4139 4139 4139 4139 4190 4190 4139 4139 4139 4190
    4190 860 860 862 862 869 871 875 875 878 878 880 882 882 885 898 894
    894 894 891 821 821 823 827 829 831 833 837 839 841 843 837 833 833
    831 831 831 835 837 839 0 0 839 4708 0 3816 3816 3859 3859 3859 3859
    3859 3859 3903 3903 3903 3903 3903 3948 3994 3994 3994 3994 3994
    3994 3994 3994 3994 4041 4041 4041 4041 4041 4089 4089 4139 4139
    4139 4139 4190 4139 4139 4139 4139 837 837 849 851 851 854 854 862
    862 867 867 869 871 878 878 880 882 882 885 896 896 894 894 891 819
    819 821 825 827 829 831 835 837 839 837 835 831 831 831 831 831 835
    837 837 0 0 0 0 0 3816 3816 3816 3859 3859 3859 3859 3859 3859 3903
    3903 3903 3903 3948 3948 3948 3994 3994 3994 3994 3994 3994 3994
    4041 4041 4089 4089 4089 823 823 823 827 827 837 839 841 839 837 837
    837 837 849 849 849 851 851 858 860 864 864 867 871 878 880 880 800
    800 889 896 896 894 802 802 803 815 821 823 827 829 829 835 837 837
    837 831 829 829 831 831 833 835 837 837 0 0 0 0 0 3774 3816 3816
    3859 3859 3859 3859 3859 3859 3903 3903 3903 3903 3948 3948 3948
    3994 728 728 730 3994 3994 3994 4041 4089 819 819 819 819 821 821
    827 827 831 837 839 837 835 835 835 835 847 847 773 773 776 858 860
    864 792 792 796 796 796 798 798 800 796 794 794 794 796 798 800 807
    819 821 825 827 827 827 829 827 827 827 827 829 831 831 833 835 835
    837 0 0 0 0 0 3774 3774 3774 3859 3859 3859 3859 3859 3859 3903 3903
    3903 3903 3994 3948 727 727 728 728 728 728 3994 817 817 817 817 817
    817 819 821 821 825 825 827 829 833 835 833 761 761 835 847 847 771
    771 773 774 781 789 789 790 792 792 792 792 792 800 796 794 794 794
    796 798 800 805 811 815 819 821 821 821 821 823 825 827 827 827 829
    831 833 835 835 835 0 0 0 0 0 3774 3774 3774 3859 3859 3859 3859
    3859 3859 3903 3903 3903 3903 3948 3948 727 727 727 727 728 728 3994
    813 811 811 815 815 815 817 819 819 825 752 752 752 833 761 761 761
    761 761 761 761 764 769 771 774 781 789 789 790 790 790 790 787 787
    800 790 790 792 792 796 796 800 803 805 811 811 813 813 815 817 819
    821 823 825 827 827 831 833 835 835 835 0 0 0 0 0 3774 781 781 3859
    3859 3859 794 794 790 789 787 787 785 785 785 728 728 727 727 727
    727 3994 807 805 805 805 809 809 813 819 819 750 750 752 752 754 759
    759 759 759 757 755 755 759 769 771 771 789 789 789 790 790 776 776
    787 787 789 789 789 790 792 796 796 798 803 805 805 805 809 811 813
    815 817 821 823 825 827 827 831 833 835 837 839 0 0 0 0 0 781 781
    780 780 3859 796 794 792 789 787 785 785 781 780 780 727 727 727 727
    727 727 730 730 731 733 734 734 736 736 736 747 747 749 749 752 754
    755 759 759 755 754 754 754 755 755 761 762 762 773 773 773 776 776
    776 783 783 787 789 789 790 790 794 796 798 802 803 805 805 807 811
    813 815 817 821 823 825 827 827 831 833 835 837 837 0 0 0 0 0 781
    780 778 778 802 796 796 792 789 787 783 781 780 774 722 722 727 725
    725 727 728 728 728 730 733 734 734 736 736 736 746 747 749 749 750
    754 754 755 755 755 754 754 754 754 755 759 761 766 767 767 767 774
    776 778 781 781 783 787 789 789 790 794 796 798 800 802 803 805 807
    811 813 815 817 819 821 823 827 829 831 831 835 837 837 0 0 0 0 0
    781 780 776 764 759 755 754 754 789 785 781 781 778 769 720 720 725
    725 725 727 727 723 723 725 728 733 734 734 738 738 742 746 747 747
    749 752 754 754 754 754 754 752 752 754 755 757 761 766 767 767 767
    774 776 778 781 781 783 785 787 789 790 792 796 798 800 802 803 805
    807 811 813 815 817 819 821 823 827 829 831 831 835 837 837 0 0 0 0
    0 783 780 774 764 759 755 754 752 752 783 781 780 774 769 720 720
    725 727 727 725 723 720 720 722 727 730 733 734 738 738 742 742 746
    746 746 750 750 752 752 752 752 752 752 754 755 757 761 762 766 767
    767 774 776 778 780 781 781 783 787 789 790 792 796 798 800 802 803
    805 807 811 813 813 817 819 821 823 825 827 831 831 833 837 837 0 0
    0 0 0 783 778 774 766 759 755 754 752 752 783 780 778 773 766 722
    722 725 725 725 723 719 719 719 719 725 727 731 733 736 736 739 739
    739 741 741 744 746 746 747 749 750 752 752 754 757 759 762 762 766
    767 767 773 774 776 778 781 781 783 787 789 790 792 796 798 800 802
    803 805 807 811 813 813 815 817 821 821 825 827 831 831 833 835 835
    0 0 0 0 0 781 776 773 766 761 755 754 752 752 781 780 776 720 717
    717 719 722 723 723 722 717 717 717 717 723 725 730 730 731 734 734
    736 736 738 739 741 744 744 746 747 749 750 752 752 755 757 762 762
    766 767 767 773 774 776 778 781 781 781 785 789 790 792 794 798 800
    803 803 805 805 809 811 813 815 817 821 821 825 829 831 831 833 833
    831 831 0 0 0 0 780 774 771 766 762 759 754 752 752 781 780 723 719
    717 717 717 717 722 722 720 716 716 716 717 722 723 727 728 728 730
    731 733 734 734 738 741 742 744 744 746 747 749 752 752 755 757 762
    762 766 767 767 771 774 776 778 780 781 781 785 787 790 792 794 798
