<?xml version="1.0"?>
<opencv_storage>
<Depth6865 type_id="opencv-matrix">
  <rows>82</rows>
  <cols>39</cols>
  <dt>w</dt>
  <data>
    4041 4041 3994 3994 3994 3948 3948 3994 3994 3994 1268 1264 1264
    1264 1264 1268 1268 1268 1268 1268 1268 1264 1264 1268 1268 1268
    1268 1283 1283 1283 1278 1278 1278 1278 3903 3903 3859 3859 3859
    4041 4041 3994 3994 3994 3948 3948 3948 0 1268 1268 1264 1259 1259
    1259 1259 1268 1264 1264 1264 1264 1264 1264 1268 1268 1268 1268
    1273 1278 1278 1278 1278 1278 1278 1278 3903 3903 3859 3859 4041
    4041 3994 3994 3994 0 3994 3994 0 0 1268 1259 1255 1255 1255 1255
    1259 1264 1264 1259 1259 1264 1264 1268 1264 1264 1268 1273 1278
    1278 1278 1273 1273 1273 1273 1273 3903 3903 3859 4041 4041 3994
    3994 0 0 0 0 0 1268 1268 1259 1255 1255 1255 1255 1255 1259 1259
    1259 1259 1259 1259 1264 1264 1264 1268 1273 1273 1273 1273 1273
    1273 1273 1273 3903 3903 3903 3859 3994 3994 3994 4041 0 0 0 0 1278
    0 1268 1259 1255 1255 1250 1250 1255 1255 1255 1255 1255 1255 1255
    1259 1264 1264 1268 1268 1273 1273 1273 1273 1273 1273 1273 3903
    3903 3903 3859 3994 3994 3994 0 0 0 0 0 0 1278 1268 1259 1255 1255
    1250 1250 1255 1255 1255 1255 1255 1255 1255 1259 1264 1264 1264
    1268 1268 1268 1273 1268 1264 1264 1264 3903 3903 3903 3859 3994
    3994 3994 0 0 0 0 0 1322 1278 1268 1259 1255 1250 1250 1250 1255
    1255 1255 1255 1255 1255 1255 1259 1259 1259 1264 1264 1264 1264
    1268 1268 1264 1264 1264 1264 3859 3859 3859 3948 3948 3994 0 0 0 0
    1343 1322 1278 1268 1255 1250 1250 1250 1250 1250 1250 1250 1250
    1255 1255 1255 1259 1259 1259 1259 1259 1259 1259 1264 1264 1264
    1264 1264 1259 3859 3859 2812 3948 3948 0 0 0 0 1359 1343 1333 1278
    1268 1255 1250 1250 1250 1250 1250 1250 1250 1250 1250 1250 1250
    1255 1255 1255 1255 1259 1259 1259 1259 1259 1259 1259 1259 1259
    2789 2789 2789 3948 0 0 0 0 1365 1359 1349 1328 1278 1268 1255 1245
    1245 1245 1245 1245 1245 1245 1245 1250 1250 1250 1255 1255 1255
    1255 1255 1255 1255 1259 1259 1259 1259 1259 1259 2789 2789 2789
    3948 0 0 0 0 1354 1354 1349 1322 1278 1268 1250 1245 1245 1245 1245
    1245 1245 1245 1245 1245 1250 1250 1255 1255 1255 1250 1250 1255
    1255 1255 1255 1255 1259 1259 1259 2812 2812 2812 3994 0 0 0 0 1354
    1354 1333 1292 1278 1268 1250 1245 1241 1241 1241 1241 1241 1241
    1241 1245 1245 1245 1250 1250 1250 1245 1245 1255 1255 1255 1255
    1255 1259 1259 1259 1259 2812 2812 0 0 0 0 0 0 1349 1333 1292 1278
    1268 1255 1245 1236 1236 1236 1236 1241 1241 1241 1241 1241 1245
    1250 1250 1250 1245 1245 1250 1250 1250 1255 1255 1259 1259 1259
    1259 2859 2835 0 0 0 0 0 1365 1349 1338 1312 1278 1259 1245 1241
    1236 1236 1236 1236 1236 1236 1236 1236 1236 1241 1245 1245 1250
    1245 1245 1250 1250 1250 1255 1255 1259 1259 1259 2812 2812 2812 0 0
    0 0 0 1365 1354 1338 1312 1278 1259 1245 1241 1236 1236 1236 1236
    1236 1236 1236 1236 1236 1241 1241 1245 1245 1245 1245 1245 1245
    1245 1255 1255 1255 1255 1255 2812 2812 2812 0 1439 1439 0 0 1370
    1354 1343 1307 1273 1250 1241 1236 1236 1232 1232 1232 1232 1232
    1236 1236 1236 1241 1241 1241 1241 1245 1245 1245 1245 1245 1250
    1250 1250 1250 1250 1250 2835 2835 0 1439 1439 1439 1387 1370 1354
    1343 1307 1273 1250 1236 1236 1232 1232 1232 1232 1232 1232 1232
    1232 1236 1241 1241 1241 1241 1241 1241 1241 1241 1245 1245 1250
    1245 1245 1245 1245 2835 2835 0 1470 1427 1410 1387 1376 1359 1343
    1292 1288 1250 1236 1232 1232 1232 1227 1227 1232 1232 1232 1232
    1232 1236 1236 1241 1241 1241 1241 1241 1241 1241 1241 1245 1245
    1241 1241 1241 2883 2835 0 1470 1427 1410 1392 1376 1359 1338 1288
    1283 1250 1236 1232 1232 1227 1227 1227 1227 1232 1232 1232 1232
    1236 1236 1236 1236 1236 1241 1241 1241 1236 1236 1241 1241 1241
    1241 1241 2883 2883 1452 1452 1439 1410 1392 1376 1359 1333 1288
    1278 1250 1236 1232 1227 1227 1227 1223 1223 1227 1227 1232 1232
    1232 1232 1236 1236 1236 1236 1236 1241 1236 1236 1241 1241 1241
    1241 1241 2883 2883 0 1439 1427 1421 1392 1376 1359 1333 1283 1273
    1259 1236 1232 1227 1227 1223 1223 1223 1227 1227 1227 1227 1232
    1232 1236 1236 1236 1236 1236 1236 1236 1241 1241 1241 1241 1241
    1241 2883 2883 1439 1439 1427 1410 1392 1370 1349 1328 1283 1268
    1250 1236 1227 1219 1219 1219 1219 1219 1223 1227 1227 1227 1232
    1232 1232 1232 1236 1236 1236 1236 1236 1236 1241 1241 1241 1241
    1241 2883 2883 1433 1433 1421 1410 1392 1370 1343 1328 1288 1268
    1250 1236 1227 1219 1219 1219 1219 1219 1223 1223 1223 1223 1227
    1227 1232 1232 1236 1236 1236 1236 1236 1236 1236 1236 1236 1241
    1241 1241 2883 1427 1427 1415 1410 1387 1365 1343 1328 1288 1268
    1250 1236 1223 1219 1219 1219 1219 1219 1219 1219 1219 1219 1223
    1227 1227 1232 1232 1236 1236 1236 1236 1236 1236 1236 1236 1236
    1236 3692 3732 1427 1427 1415 1404 1381 1365 1343 1328 1288 1268
    1250 1232 1223 1219 1219 1219 1219 1219 1219 1219 1219 1219 1223
    1223 1227 1227 1232 1232 1232 1232 1232 1227 1227 1232 1232 1232
    1232 3692 3692 1427 1427 1415 1398 1381 1365 1338 1328 1283 1268
    1250 1232 1219 1219 1214 1214 1214 1214 1219 1219 1219 1219 1223
    1223 1223 1223 1227 1227 1232 1232 1227 1227 1227 1227 1232 1232
    1232 3692 3692 1427 1427 1415 1398 1381 1365 1338 1322 1278 1268
    1250 1227 1219 1214 1214 1214 1214 1214 1214 1214 1214 1214 1223
    1223 1223 1223 1223 1223 1227 1227 1227 1227 1227 1227 1232 1232 0
    1232 3692 1445 1427 1421 1398 1381 1359 1333 1322 1278 1273 1250
    1227 1219 1214 1214 1214 1214 1214 1214 1214 1214 1214 1223 1223
    1223 1223 1223 1223 1223 1223 1223 1223 1223 1227 1227 1232 0 0 3692
    1445 1427 1415 1398 1387 1359 1333 1322 1278 1268 1236 1223 1219
    1214 1214 1214 1214 1214 1214 1214 1214 1214 1223 1223 1219 1219
    1219 1223 1223 1223 1223 1223 1223 1227 1227 1227 1227 0 3692 1445
    1427 1415 1392 1392 1338 1333 1322 1278 1264 1236 1223 1214 1210
    1210 1210 1210 1210 1210 1210 1214 1214 1219 1219 1219 1219 1219
    1219 1219 1219 1223 1223 1223 1223 1223 1227 1227 0 3732 1445 1427
    1410 1392 1392 1338 1333 1307 1292 1264 1232 1219 1214 1210 1206
    1206 1206 1210 1210 1210 1210 1210 1214 1214 1214 1214 1219 1219
    1219 1219 1219 1219 1219 1223 1223 1223 1223 0 3732 1445 1427 1410
    1398 1392 1338 1333 1302 1292 1264 1232 1219 1214 1210 1206 1206
    1206 1206 1206 1210 1206 1206 1214 1214 1214 1214 1219 1219 1219
    1214 1214 1219 1219 1223 1223 1223 1223 0 2859 1445 1427 1404 1398
    1387 1343 1333 1302 1288 1264 1241 1219 1210 1210 1206 1206 1206
    1206 1206 1206 1206 1206 1210 1214 1214 1214 1214 1214 1214 1214
    1214 1214 1219 1219 1219 1219 1219 0 2835 1439 1421 1404 1398 1387
    1365 1328 1302 1288 1255 1241 1219 1210 1206 1206 1202 1202 1202
    1202 1202 1206 1206 1210 1210 1210 1210 1210 1210 1210 1214 1214
    1214 1219 1219 1219 1219 1219 2812 2789 1427 1415 1410 1398 1387
    1365 1328 1292 1273 1255 1245 1223 1210 1206 1202 1202 1202 1202
    1202 1202 1202 1202 1206 1206 1210 1210 1210 1210 1210 1210 1214
    1214 1219 1219 1219 1219 1219 0 2812 1427 1415 1410 1398 1381 1365
    1328 1292 1273 1245 1236 1223 1210 1202 1202 1197 1197 1202 1202
    1202 1202 1202 1206 1206 1206 1210 1210 1210 1210 1210 1214 1214
    1214 1214 1206 1206 1206 2812 2812 1415 1415 1410 1392 1381 1338
    1322 1307 1259 1245 1236 1223 1206 1202 1197 1197 1197 1202 1202
    1202 1202 1202 1206 1206 1206 1206 1206 1206 1206 1206 1206 1206
    1206 1210 1206 1206 1206 2767 2767 1415 1415 1404 1392 1376 1338
    1322 1322 1259 1250 1232 1219 1202 1197 1197 1197 1197 1197 1197
    1202 1202 1202 1206 1206 1206 1206 1206 1206 1206 1206 1206 1206
    1206 1210 1210 1210 1210 2767 2767 1398 1398 1398 1392 1370 1343
    1328 1328 1259 1245 1232 1219 1202 1197 1193 1193 1197 1197 1197
    1197 1197 1197 1202 1202 1202 1206 1206 1206 1206 1206 1206 1206
    1206 1210 1210 1210 0 2767 2767 0 1398 1398 1387 1365 1349 1333 1273
