<?xml version="1.0"?>
<opencv_storage>
<Depth0382 type_id="opencv-matrix">
  <rows>6</rows>
  <cols>39</cols>
  <dt>w</dt>
  <data>
    0 6375 6375 0 0 0 5734 5734 5734 5734 5832 5832 5832 5832 5832 5933
    5933 5933 5933 5933 5933 5933 5832 5832 5933 0 6146 6146 6146 6146
    6259 6146 6146 6146 6038 5933 5933 5933 0 5832 5832 5832 5832 5832
    5734 5734 5734 5734 5734 5832 5832 5832 5832 5832 5832 5933 5933
    5933 5933 5933 5933 5832 5832 5933 5933 5933 6038 6038 6038 6038
    6038 6146 6146 6146 6038 5933 5933 6146 5832 5832 5832 5734 5734
    5734 5734 5734 5734 5734 5832 5832 5832 5832 5832 5832 5933 5933
    5933 5933 5933 5933 5933 5933 5933 5933 5933 6038 6038 6038 6038
    6038 6146 6146 6146 6038 6038 6038 6146 5933 5933 5832 5734 5734
    5734 5832 5832 5832 5832 5832 5832 5832 5832 5832 5832 5933 5933
    5933 5933 5933 5933 5933 5933 5933 5933 6038 6038 6038 6038 6038
    6038 6146 6146 6146 6038 6038 6038 6146 5832 5832 5832 5734 5734
    5734 5734 5832 5832 5832 5832 5832 5933 5832 5832 5933 5933 5933
    5933 5933 5933 5933 5933 5933 5933 5933 6038 6038 6038 6038 6038
    6038 6146 6146 6146 6038 6038 6038 6146 5832 5832 5734 5734 5734
    5734 5734 5832 5832 5832 5832 5832 5933 5933 5933 5933 5933 5933
    5933 5933 5933 6038 6038 6038 5933 5933 6038 6038 6038 6146 6146
    6146 6259 6259 6146 6146 6038 6038 6259</data></Depth0382>
</opencv_storage>
