<?xml version="1.0"?>
<opencv_storage>
<Depth17962 type_id="opencv-matrix">
  <rows>33</rows>
  <cols>8</cols>
  <dt>w</dt>
  <data>
    4089 4190 4582 4582 4582 4582 4645 4645 4089 4190 4295 4582 4582
    4582 4645 4645 4139 4190 4241 4463 4582 4582 4645 4708 4139 4139
    4241 4295 4405 4582 4645 4708 4139 4139 4241 4241 4295 4645 4708
    4708 4241 4190 4190 4190 4295 4349 4708 4708 3994 3994 3994 4041
    4241 4349 4645 4708 3994 3994 3994 4041 4241 4295 4463 4522 4041
    4041 4041 4089 4295 4295 4405 4295 4041 4089 4089 4089 4295 4349
    4295 4295 4041 4139 4139 4139 4295 4241 4241 4241 4089 4139 4190
    4190 4241 4190 4190 4190 4041 4139 4139 4139 4190 4190 4190 4190
    4041 4089 4139 4139 4190 4190 4089 4089 4041 4041 4089 4089 4139
    4190 4089 4089 4041 4041 4041 4041 4139 4190 4190 4190 3994 3994
    4041 4041 4089 4190 4241 4241 3994 3994 3994 4041 4089 4190 4241
    4241 3994 3994 3994 4041 4089 4190 4241 4241 3994 3994 3994 4041
    4089 4190 4241 4241 3994 3994 3994 4041 4089 4139 4139 4190 3948
    3994 3994 4041 4089 4089 4139 3614 3948 3994 3994 4041 4089 4089
    4089 3614 3903 3948 3994 4041 4089 4089 4089 3576 3903 3903 3994
    3994 4089 4089 4139 3576 3903 3903 3948 3994 4089 3994 3994 3576
    3903 3903 3948 3994 4041 3994 3994 4041 3903 3903 3948 3948 3994
    3994 3994 3994 3903 3903 3948 3948 3948 3948 3948 3948 3859 3859
    3859 3859 3903 3903 3948 3948 3859 3859 3859 3859 3903 3903 3903
    3948 3859 3859 3859 3859 3903 3903 3903 3948 3816 3816 3816 3859
    3903 3903 3903 3948</data></Depth17962>
</opencv_storage>
