<?xml version="1.0"?>
<opencv_storage>
<Depth3797 type_id="opencv-matrix">
  <rows>71</rows>
  <cols>58</cols>
  <dt>w</dt>
  <data>
    4349 4405 4405 4405 4463 4463 4463 4522 4645 4645 4645 4582 4582
    4645 4582 4582 0 0 0 0 0 0 0 4405 1489 1483 1483 4405 4405 4295 4295
    4295 4349 4349 4349 4349 4349 4349 4349 4349 4349 4405 4463 4522
    4708 4708 4708 4645 4645 4645 4645 4645 4645 4645 4645 4582 4582
    4645 4349 4349 4405 4405 4463 4463 4463 4522 4582 4582 4582 4522
    1496 1489 1489 1489 0 0 0 0 0 0 0 0 1489 1483 1464 1464 1464 1464
    4349 4349 4349 4349 4349 4349 4349 4349 4349 4349 4349 4405 4463
    4463 4645 4708 4708 4645 4645 4645 4645 4645 4645 4645 4645 4582
    4582 4645 4349 4349 4405 4405 4463 4463 4463 4522 4582 4582 4582
    4522 1496 1489 1489 1489 4911 4983 0 0 0 0 0 5132 1489 1483 1464
    1464 1464 0 0 4349 4349 4349 4349 4349 4349 4349 4349 4349 4349 4405
    4405 4463 4645 4645 4645 4645 4645 4645 4645 4645 4645 4645 4645
    4645 4645 4645 4349 4349 4405 4405 4463 4463 4463 4522 4582 4645
    4582 4522 4522 1496 1489 1489 4911 4911 0 0 0 0 5291 5132 1489 1483
    1477 1477 1477 1477 1477 1470 1470 1470 1470 1464 1464 1464 1464
    1470 1470 1489 4405 4463 4645 4645 4645 4645 4645 4645 4645 4645
    4645 4645 4645 4645 4645 4645 4349 4349 4405 4405 4405 4405 4463
    4463 4522 4582 4645 4582 4582 1496 1489 1489 1489 4911 4911 4911 0
    5291 5291 1477 1477 1483 1477 1470 1470 1477 1477 1470 1470 1464
    1464 1464 1464 1464 1464 1470 1470 1477 1489 1509 1523 1523 4645
    4645 4645 4645 4645 4645 4645 4645 4645 4645 4645 4645 4349 4349
    4405 4405 4405 4405 4405 4463 4522 4582 4645 4645 4645 4645 1489
    1489 1489 1489 4911 0 1483 1477 1477 1477 1477 1477 1477 1470 1470
    1470 1470 1470 1470 1464 1464 1470 1470 1470 1470 1470 1470 1477
    1489 1509 1523 1543 1543 4645 4645 4645 4645 4645 4645 4645 4645
    4645 4645 4645 4349 4405 4405 4405 4405 4405 4405 4463 4645 4645
    4645 4645 4645 4645 1496 1489 1489 1489 1489 1489 1483 1477 1477
    1477 1477 1477 1477 1470 1470 1470 1470 1470 1470 1470 1470 1470
    1470 1470 1464 1464 1470 1477 1483 1509 1523 1543 1543 4645 4645
    4645 4645 4645 4645 4645 4645 4645 4645 4645 4349 4349 4349 4349
    4405 4405 4405 4463 4463 4582 4582 4645 4645 1489 1489 1489 1489
    1489 1483 1483 1483 1477 1477 1477 1477 1477 1470 1470 1470 1470
    1470 1477 1477 1470 1470 1470 1470 1470 1464 1464 1470 1477 1483
    1523 1523 1536 1536 4708 4708 4645 4645 4645 4645 4645 4645 4645
    4645 4645 4349 4349 4349 4349 4349 4405 4405 4463 4463 1503 1496
    1496 1496 1489 1489 1489 1489 1483 1483 1483 1483 1483 1483 1477
    1477 1477 1470 1470 1470 1470 1470 1477 1477 1470 1470 1470 1470
    1470 1470 1470 1470 1477 1483 1496 1516 1536 1557 1557 4708 4708
    4708 4708 4645 4645 4645 4645 4645 4645 4349 4349 1503 1503 1489
    1489 1489 1489 1489 1489 1496 1496 1489 1489 1489 1489 1489 1483
    1483 1483 1483 1483 1483 1477 1477 1477 1477 1477 1477 1477 1477
    1477 1477 1477 1470 1470 1470 1470 1470 1470 1470 1477 1483 1496
    1516 1529 1550 1550 4708 4708 4708 4708 4645 4645 4645 4645 4645
    4645 1509 1503 1503 1496 1489 1489 1489 1489 1489 1489 1489 1489
    1489 1489 1489 1489 1489 1483 1483 1483 1483 1483 1483 1483 1483
    1483 1483 1477 1477 1477 1477 1477 1477 1477 1477 1470 1470 1470
    1470 1470 1470 1477 1489 1503 1516 1523 1536 1536 4708 4708 4708
    4708 4645 4645 4645 4645 4582 4582 1496 1496 1496 1489 1489 1489
    1489 1489 1489 1489 1489 1489 1489 1489 1489 1489 1489 1489 1489
    1489 1483 1483 1483 1477 1477 1483 1483 1483 1483 1483 1483 1483
    1483 1483 1477 1477 1477 1470 1470 1470 1470 1477 1489 1503 1516
    1523 1536 1536 4774 4774 4708 4708 4708 4708 4645 4645 4582 4582
    1496 1496 1496 1489 1489 1489 1489 1489 1489 1489 1489 1496 1496
    1489 1489 1483 1483 1489 1489 1489 1489 1483 1483 1477 1477 1483
    1483 1483 1483 1483 1483 1483 1483 1483 1477 1477 1477 1470 1470
    1470 1470 1477 1503 1503 1516 1523 1536 1536 4774 4774 4708 4708
    4645 4645 4645 4645 4645 4645 1496 1496 1496 1496 1496 1489 1489
    1496 1496 1496 1496 1496 1496 1489 1489 1483 1483 1489 1489 1489
    1489 1483 1483 1483 1483 1483 1483 1483 1483 1483 1483 1483 1483
    1483 1477 1477 1477 1470 1470 1470 1470 1477 1503 1503 1516 1523
    1529 1529 4708 4708 4708 4708 4645 4645 4645 4645 4645 4645 1503
    1503 1496 1496 1509 1503 1503 1503 1496 1489 1489 1489 1496 1489
    1489 1489 1489 1489 1489 1489 1489 1489 1489 1483 1483 1483 1483
    1483 1483 1483 1483 1483 1483 1477 1477 1477 1477 1470 1470 1470
    1470 1477 1496 1496 1516 1523 1529 1529 4708 4708 4708 4708 4708
    4708 4708 4645 4645 4645 1503 1503 1503 1509 1509 1509 1509 1503
    1503 1489 1489 1489 1489 1489 1489 1489 1489 1489 1489 1489 1489
    1489 1489 1483 1483 1483 1483 1483 1483 1483 1483 1483 1483 1477
    1477 1477 1477 1477 1477 1477 1477 1477 1496 1496 1509 1523 1536
    1536 1536 4645 4645 4645 4708 4708 4708 4708 4708 4708 1503 1503
    1509 1509 1509 1509 1509 1503 1503 1496 1489 1489 1489 1489 1489
    1489 1489 1489 1489 1489 1489 1489 1489 1489 1483 1483 1483 1483
    1483 1483 1483 1483 1483 1483 1483 1477 1477 1477 1477 1477 1477
    1477 1489 1496 1496 1516 1543 1543 1543 4645 4645 4645 4708 4708
    4708 4708 4708 4708 1509 1509 1509 1509 1509 1509 1509 1503 1503
    1496 1489 1489 1496 1489 1489 1489 1489 1489 1489 1489 1489 1489
    1489 1489 1483 1483 1483 1483 1483 1483 1483 1483 1483 1483 1483
    1477 1477 1477 1477 1477 1477 1483 1489 1489 1496 1516 1543 1543
    1543 4708 4708 4708 4708 4708 4708 4708 4708 4708 1509 1509 1509
    1509 1509 1503 1503 1503 1503 1503 1503 1503 1496 1496 1496 1489
    1489 1489 1489 1489 1489 1489 1489 1489 1489 1483 1483 1483 1483
    1483 1483 1483 1483 1483 1483 1483 1483 1483 1483 1483 1483 1483
    1489 1489 1496 1516 1543 1543 1543 1550 4522 4522 4522 4708 4708
    4708 4708 4708 1516 1509 1509 1509 1509 1503 1503 1503 1503 1503
    1503 1503 1503 1496 1496 1489 1489 1489 1489 1489 1489 1489 1489
    1489 1489 1489 1489 1483 1483 1483 1483 1483 1483 1483 1483 1483
    1483 1483 1483 1483 1483 1483 1489 1496 1496 1516 1536 1550 1550
    1550 4522 4522 4522 4708 4708 4708 4708 4708 1516 1509 1509 1509
    1509 1503 1503 1503 1503 1503 1503 1503 1503 1503 1503 1496 1489
    1489 1496 1496 1489 1489 1489 1489 1489 1489 1489 1483 1483 1489
    1483 1483 1483 1483 1483 1483 1483 1483 1483 1483 1483 1483 1483
    1496 1496 1516 1536 1550 1550 1550 4774 4774 4774 4774 4774 4774
    4708 4708 1516 1509 1509 1509 1509 1509 1509 1509 1503 1503 1503
    1503 1503 1503 1503 1503 1496 1496 1496 1496 1496 1489 1489 1489
    1489 1489 1489 1483 1483 1489 1483 1483 1483 1483 1483 1483 1483
    1483 1483 1483 1483 1483 1483 1496 1496 1516 1536 1550 1557 1557
    4774 4774 4774 4774 4774 4774 4708 4708 1516 1516 1509 1509 1509
    1509 1509 1509 1509 1509 1509 1503 1503 1503 1503 1503 1496 1496
    1496 1496 1496 1496 1496 1489 1489 1489 1489 1489 1489 1489 1489
    1489 1489 1483 1483 1483 1483 1483 1483 1483 1483 1483 1483 1489
    1496 1516 1529 1543 1550 1550 4774 4774 4774 4774 4774 4774 4774
    4708 1464 1464 1464 1503 1509 1509 1509 1509 1509 1509 1509 1503
    1503 1503 1503 1503 1496 1496 1496 1496 1496 1496 1496 1496 1496
    1489 1489 1489 1489 1489 1489 1489 1489 1489 1483 1483 1483 1483
    1483 1483 1483 1483 1483 1489 1509 1516 1529 1543 1550 1550 4774
    4774 4774 4708 4708 4708 4774 4708 4241 1439 1439 1503 1509 1509
    1509 1509 1509 1509 1509 1503 1503 1503 1503 1503 1496 1496 1496
    1496 1496 1496 1496 1496 1496 1489 1489 1489 1489 1489 1489 1489
    1489 1489 1483 1483 1483 1483 1483 1483 1483 1483 1483 1489 1509
    1516 1529 1543 1550 1550 4842 4842 4842 4708 4708 4708 4774 4708
    4241 1439 1439 1516 1509 1509 1509 1509 1509 1509 1509 1503 1503
    1503 1503 1503 1503 1503 1503 1503 1503 1503 1496 1496 1496 1496
    1496 1496 1489 1489 1489 1489 1489 1489 1489 1489 1489 1489 1483
