<?xml version="1.0"?>
<opencv_storage>
<Depth13252 type_id="opencv-matrix">
  <rows>26</rows>
  <cols>16</cols>
  <dt>w</dt>
  <data>
    6889 4041 3994 3994 3994 3994 3948 3903 3903 3859 3859 3859 3859
    3859 3903 3948 4089 4041 4041 3994 3994 3994 3948 3903 3903 3859
    3859 3859 3903 3903 3903 3903 4089 4041 4041 4041 4041 4041 3948
    3948 3859 3859 3859 3859 3903 3903 3903 3903 4089 4041 4041 4041
    4041 4041 3948 3948 3859 3859 3859 3859 3903 3903 3903 3859 4089
    4041 4041 4041 4041 3994 3948 3948 3903 3859 3859 3859 3903 3903
    3903 3859 4089 4089 4041 4041 3994 3994 3948 3948 3903 3859 3859
    3859 3903 3903 3859 3859 4139 4089 4041 4041 3994 3994 3948 3948
    3903 3859 3859 3859 3903 3903 3859 3859 4139 4089 4089 4041 3994
    3994 3948 3948 3903 3859 3859 3859 3903 3903 3859 3859 4139 4139
    4089 4041 4041 3994 3903 3903 3859 3859 3859 3859 3903 3903 3859
    3859 4139 4139 4089 4041 3994 3994 3903 3859 3859 3859 3859 3859
    3903 3903 3859 3859 4139 4089 4089 4041 3994 3948 3903 3859 3859
    3859 3859 3859 3903 3859 3859 3859 4139 4089 4089 4041 3994 3948
    3903 3859 3859 3859 3859 3859 3903 3859 3859 3859 4041 4041 4041
    3994 3948 3903 3859 3859 3859 3859 3859 3859 3903 3859 3859 3903
    4041 4041 4041 3994 3948 3903 3859 3859 3859 3859 3859 3859 3903
    3859 3859 6375 4041 4041 4041 3994 3948 3903 3859 3859 3859 3859
    3859 3859 3859 3859 3859 6375 4041 4041 4041 3994 3948 3903 3859
    3859 3859 3859 3859 3859 3859 3859 3859 6622 4041 4041 4041 3994
    3948 3948 3859 3859 3859 3859 3859 3859 3859 3859 3859 6622 4041
    4041 3994 3994 3994 3948 3903 3903 3859 3859 3859 3859 3859 3859
    3859 6622 4041 4041 3994 3994 3948 3903 3903 3859 3859 3859 3859
    3859 3903 3903 3903 6497 4041 3994 3994 3948 3948 3903 3859 3859
    3859 3859 3859 3859 3903 3903 3903 6497 3994 3994 3994 3948 3948
    3903 3859 3859 3859 3859 3859 3859 3859 3903 3903 6622 3994 3994
    3994 3994 3948 3903 3859 3859 3859 3859 3859 3859 3859 3903 3903
    6622 6622 4041 4041 3994 3948 3903 3859 3859 3859 3859 3859 3859
    3903 3903 6622 6622 6753 6753 4041 3994 3948 3903 3859 3859 3859
    3859 3903 3948 3903 3903 6622 6622 6889 6753 6753 6753 3994 3994
    3903 3903 3903 0 3948 3948 3948 6753 6622 6622 6889 6889 6753 6753
    6889 0 0 0 0 0 3948 3948 4041 6622 6622 6622</data></Depth13252>
</opencv_storage>
