<?xml version="1.0"?>
<opencv_storage>
<Depth10917 type_id="opencv-matrix">
  <rows>22</rows>
  <cols>35</cols>
  <dt>w</dt>
  <data>
    0 0 3064 2485 2485 3037 2467 2467 2467 2467 2467 2467 2467 2467 2467
    2485 2503 2522 2522 2503 2503 2467 2467 2485 2485 2485 2485 2467
    2467 2467 2467 2467 2467 2467 2485 0 0 0 2485 2485 2467 2467 2467
    2467 2467 2467 2467 2467 2467 2467 2485 2485 2503 2503 2485 2485
    2467 2467 2467 2467 2467 2467 2467 2467 2467 2467 2467 2450 2450
    2450 0 0 2503 2485 2467 2450 2450 2450 2450 2467 2467 2467 2450 2450
    2450 2467 2467 2467 2485 2467 2467 2467 2467 2467 2450 2450 2450
    2450 2467 2467 2467 2450 2450 2450 2432 0 0 2503 2467 2450 2432 2432
    2432 2432 2432 2432 2432 2432 2432 2432 2450 2450 2450 2450 2450
    2450 2450 2432 2432 2450 2450 2450 2450 2450 2467 2450 2450 2450
    2432 2432 0 0 2467 2450 2450 2432 2415 2415 2432 2432 2432 2415 2415
    2415 2432 2450 2450 2450 2450 2450 2450 2450 2432 2432 2450 2450
    2450 2450 2432 2432 2450 2450 2450 2432 2432 0 2432 2432 2432 2432
    2432 2415 2415 2415 2415 2432 2415 2415 2415 2415 2432 2432 2432
    2432 2450 2450 2450 2450 2450 2450 2450 2450 2450 2432 2432 2450
    2450 2450 2450 2450 2432 2432 2432 2432 2432 2432 2415 2415 2415
    2415 2432 2432 2415 2415 2415 2432 2432 2432 2432 2450 2450 2450
    2450 2450 2450 2450 2450 2450 2432 2432 2450 2450 2450 2450 2450
    2432 2432 2432 2432 2432 2432 2432 2432 2432 2432 2432 2432 2415
    2415 2432 2432 2432 2432 2450 2450 2450 2450 2450 2450 2450 2450
    2450 2450 2432 2432 2450 2450 2450 2450 2450 2432 2432 2432 2432
    2432 2432 2432 2432 2432 2432 2432 2432 2432 2432 2432 2450 2450
    2450 2450 2450 2450 2450 2450 2467 2467 2450 2450 2450 2450 2450
    2450 2450 2450 2450 2450 2450 2450 2432 2432 2432 2432 2432 2432
    2432 2432 2432 2432 2432 2432 2432 2450 2450 2450 2450 2450 2450
    2450 2450 2450 2450 2450 2450 2450 2450 2450 2467 2467 2467 2467
    2450 2450 2450 2432 2432 2432 2432 2432 2432 2432 2432 2432 2432
    2432 2432 2450 2467 2467 2467 2450 2450 2450 2450 2450 2450 2450
    2450 2450 2450 2450 2450 2467 2467 2467 2467 2450 2432 2432 2432
    2432 2432 2432 2432 2432 2432 2432 2432 2432 2450 2450 2450 2450
    2450 2450 2450 2450 2450 2450 2467 2467 2467 2450 2450 2450 2467
    2467 2467 2450 2450 2450 2450 2415 2415 2432 2432 2432 2432 2432
    2432 2432 2432 2432 2432 2450 2450 2450 2450 2450 2450 2450 2450
    2467 2467 2467 2467 2467 2467 2467 2467 2467 2467 2450 2450 2450
    2450 2450 2415 2415 2432 2432 2432 2432 2432 2432 2415 2415 2432
    2432 2450 2450 2450 2450 2450 2450 2450 2450 2450 2450 2467 2467
    2467 2467 2467 2467 2467 2467 2450 2450 2450 2450 2450 0 2432 2432
    2432 2432 2432 2432 2432 2415 2415 2415 2432 2432 2432 2432 2450
    2450 2450 2450 2450 2450 2450 2450 2450 2450 2450 2450 2450 2467
    2467 2450 2432 2432 2432 2432 0 0 2432 2432 2432 2432 2432 2432 2415
    2415 2415 2432 2432 2432 2432 2432 2432 2432 2450 2450 2398 2398
    2398 2415 2415 2415 2415 2450 2450 2450 2432 2415 2415 2415 2432 0 0
    2415 2415 2415 2415 2432 2432 2432 2432 2432 2432 2432 2432 2432
    2432 2432 2432 2450 2450 2398 2398 2398 2415 2415 2415 2415 2432
    2415 2398 2398 2398 2398 2398 2415 2365 2365 2365 2381 2398 2415
    2415 2432 2432 2432 2432 2432 2432 2432 2415 2398 2398 2398 2467
    2467 2381 2349 2333 2333 2333 2333 2398 2398 2398 2365 2365 2365
    2365 2381 2398 0 2365 2365 2381 2381 2381 2381 2381 2381 2381 2381 0
    0 0 2415 2398 2333 2333 2333 2333 2381 2333 2333 2333 2333 2333 2333
    2333 2317 2317 2317 2365 2365 2381 2398 0 2365 2365 2381 2381 0 2349
    2349 2349 2349 2349 0 0 0 0 0 2333 2317 2317 2317 2317 2333 2333
    2333 2333 2333 2317 2317 2301 2301 2256 2256 2256 2381 2349 0 2349
    2349 2381 0 0 0 2349 2349 2317 2317 0 0 0 0 0 0 2317 2317 2301 2301
    2301 2317 2317 2317 2317 2317 2317 2301 2301 2256 2256 2256 2271
    2317 0 2349 2349 0 0 0 0 2349 2349 2317 2317 0 0 0 0 0 0 2317 2317
    2301 2286 2286 2286 2317 2317 2301 2301 2301 0 0 0 0 2271 2271 2317</data></Depth10917>
</opencv_storage>
