<?xml version="1.0"?>
<opencv_storage>
<Depth13249 type_id="opencv-matrix">
  <rows>25</rows>
  <cols>9</cols>
  <dt>w</dt>
  <data>
    4139 4139 4089 4041 3994 3994 3994 3994 4041 4139 4041 4041 4041
    3994 3994 3994 3994 3994 6889 4041 4041 4041 3994 3994 3994 3994
    3994 6753 4041 4041 4041 4041 3994 3994 3994 4041 6753 4041 3994
    3994 4041 4041 3994 3994 4041 6889 4041 3994 3994 4041 4041 3994
    3994 4041 6889 4041 4041 4041 4041 3994 3994 3994 4041 6753 4041
    3994 3994 3994 3994 3994 3994 4041 6753 4041 3994 3994 3994 3994
    3994 3994 4041 4041 4041 3994 3994 3994 3994 3994 3994 4041 4041
    4041 3994 3994 3994 3994 3994 3994 4041 4041 4041 3994 3994 3994
    3994 3994 3994 4041 3994 3994 4041 3994 3994 3994 3994 3994 4041
    3994 3994 3994 3994 3994 3994 3994 3994 4089 3994 3994 3994 3994
    3994 3994 3994 3994 4089 3994 3994 3994 3994 3994 3994 3994 3994
    4089 3994 3994 3994 3994 3994 3994 3994 4041 4089 3948 3994 3994
    3994 3994 3994 3994 3994 4089 3948 3994 3994 3994 3994 3994 3994
    3994 3994 3994 3994 3994 3994 3994 3994 3994 4041 6622 3994 3994
    3994 3994 3994 3994 3994 4041 6622 4041 4041 4041 3994 3994 3994
    3994 3859 3859 4041 4041 4041 3994 3994 3948 3948 3859 3859 4041
    4041 3994 3994 3994 3903 3903 3994 6622 4041 3994 3948 3948 3903
    3903 3903 6622 6622</data></Depth13249>
</opencv_storage>
