<?xml version="1.0"?>
<opencv_storage>
<Depth7874 type_id="opencv-matrix">
  <rows>11</rows>
  <cols>29</cols>
  <dt>w</dt>
  <data>
    5640 5640 5640 5640 5548 5548 5548 5548 5460 5460 5374 5374 4774
    4774 4911 4911 4911 4774 4774 4774 4774 4774 4774 4774 4774 4842
    4774 3576 3576 5640 5548 5291 5291 5548 5548 5548 5460 5291 5291
    5291 4842 4774 4774 4774 4774 4774 4774 4774 4774 4774 4774 4774
    4774 4774 4842 4774 4708 3576 5291 5056 5056 5056 5132 5132 4983
    4911 4911 5056 4842 4774 4708 4708 4774 4774 4774 4774 4774 4708
    4708 4774 4774 4842 4842 4842 4774 4708 4708 4983 4983 4911 4911
    4983 4911 4911 4911 4911 4911 4842 4774 4708 4708 4774 4774 4774
    4708 4708 4708 4708 4708 4774 4842 4842 4842 4774 4708 4708 4911
    4983 4911 4911 4911 4911 4842 4842 4842 4842 4842 4774 4774 4774
    4708 4708 4708 4708 4708 4708 4708 4708 4774 4842 4842 4774 4774
    4774 4774 4911 4983 4911 4842 4842 4842 4842 4842 4842 4842 4842
    4774 4774 4774 4708 4708 4708 4708 4708 4708 4708 4708 4774 4774
    4774 4774 4774 4774 4774 4983 4911 4911 4842 4842 4842 4774 4774
    4774 4774 4842 4774 4774 4774 4708 4645 4645 4645 4645 4708 4708
    4708 4774 4774 4774 4774 4708 4708 4774 4911 4842 4842 4842 4842
    4842 4774 4774 4774 4774 4774 4774 4774 4774 4708 4645 4645 4645
    4645 4645 4708 4708 4708 4708 4708 4774 4708 4708 4842 4842 4842
    4842 4842 4842 4842 4774 4774 4774 4774 4774 4774 4708 4708 4708
    4708 4645 4645 4645 4645 4645 4645 4645 4645 4645 4708 4842 4842
    4842 4842 4774 4774 4774 4842 4842 4774 4774 4774 4774 4774 4708
    4708 4708 4774 4774 4708 4582 4582 4582 4645 4645 4645 4645 4645
    4708 0 0 0 0 4774 4774 4774 4774 4774 4774 4774 4774 4774 4774 4708
    4708 4774 4842 4842 4911 4582 4582 4582 4645 4645 4708 4708 4774 0 0
    0 0</data></Depth7874>
</opencv_storage>
