<?xml version="1.0"?>
<opencv_storage>
<Depth5582 type_id="opencv-matrix">
  <rows>67</rows>
  <cols>48</cols>
  <dt>w</dt>
  <data>
    5374 5460 5460 5460 5460 5460 5460 5548 5548 5548 5548 5548 1543
    1536 1523 1523 1516 1516 1516 1516 1523 1523 5374 5374 5291 5291
    5210 5210 5210 5132 5132 5132 5132 5132 5132 5056 4983 4911 4911
    4911 4911 4911 4911 4911 4842 4842 4774 4708 5374 5460 5460 5548
    5460 5460 1594 1586 1572 1564 1550 1543 1543 1536 1523 1523 1516
    1516 1516 1516 1516 1523 1529 1536 1536 5291 5210 5210 5210 5132
    5132 5132 5132 5056 5056 5056 4983 4983 4911 4911 4911 4911 4911
    4842 4842 4774 4774 4708 5374 5460 5460 5460 5460 5460 1586 1586
    1572 1564 1550 1543 1536 1529 1523 1516 1516 1516 1516 1516 1516
    1529 1529 1536 1536 1536 1536 1543 5210 5132 5132 5132 5132 4983
    4911 4911 4983 4983 4911 4911 4911 4911 4911 4842 4774 4774 4774
    4774 5374 5460 5460 5460 5460 5460 1586 1579 1572 1557 1550 1543
    1536 1523 1516 1516 1516 1516 1516 1516 1523 1523 1529 1529 1536
    1536 1536 1543 1557 1564 1564 1564 5132 4983 4911 4911 4983 4911
    4911 4911 4911 4911 4911 4842 4774 4774 4774 4774 5374 5374 5374
    5374 5374 1586 1586 1579 1572 1550 1543 1536 1529 1516 1516 1516
    1509 1509 1516 1516 1523 1523 1529 1529 1536 1536 1536 1543 1557
    1564 1564 1564 1572 1572 4983 4983 4983 4911 4911 4911 4911 4911
    4911 4842 4774 4774 4774 4774 5374 5374 5374 5374 0 1579 1579 1572
    1572 1550 1543 1536 1529 1516 1516 1509 1509 1509 1516 1516 1523
    1529 1536 1536 1536 1536 1536 1543 1564 1564 1564 1564 1572 1586
    1586 1586 1594 1609 4911 4911 4911 4911 4842 4842 4774 4774 4708
    4708 5291 5291 5374 5374 0 1579 1579 1572 1557 1550 1543 1536 1529
    1516 1516 1509 1509 1509 1509 1509 1523 1529 1536 1536 1536 1536
    1536 1550 1564 1564 1564 1564 1572 1579 1586 1586 1594 1601 1601
    1609 1616 1616 1616 4842 4774 4774 4708 4708 5291 5291 5291 5291 0
    1579 1579 1572 1557 1550 1543 1536 1529 1516 1516 1509 1503 1503
    1509 1509 1516 1523 1529 1536 1536 1536 1536 1550 1557 1564 1564
    1572 1572 1579 1579 1586 1594 1601 1601 1609 1616 1616 1616 1632
    1639 1647 1647 4708 5291 5291 5291 0 0 1579 1579 1572 1557 1550 1543
    1536 1529 1523 1516 1509 1503 1503 1509 1509 1516 1516 1529 1536
    1536 1536 1543 1543 1557 1564 1564 1564 1572 1572 1579 1586 1594
    1601 1609 1609 1616 1616 1616 1632 1639 1647 1647 1647 5291 5374
    5374 0 0 1572 1572 1564 1550 1550 1543 1536 1529 1523 1509 1509 1503
    1503 1509 1509 1509 1516 1516 1529 1536 1536 1536 1543 1557 1564
    1564 1564 1572 1572 1579 1586 1594 1601 1609 1609 1616 1624 1624
    1632 1632 1639 1639 1647 5291 5374 5374 0 1572 1572 1572 1564 1543
    1543 1536 1536 1529 1516 1509 1503 1503 1503 1509 1509 1509 1509
    1516 1529 1536 1536 1536 1543 1550 1557 1564 1564 1572 1572 1579
    1586 1594 1601 1609 1616 1624 1624 1632 1632 1632 1632 1632 1632
    5291 5291 0 0 0 1572 1572 1557 1543 1543 1536 1536 1516 1516 1509
    1503 1503 1503 1503 1509 1509 1509 1516 1523 1529 1536 1536 1543
    1543 1557 1564 1564 1572 1572 1579 1586 1594 1609 1609 1616 1616
    1632 1632 1632 1632 1632 1632 1632 5291 5291 0 0 0 1572 1572 1550
    1543 1536 1536 1529 1516 1509 1509 1503 1503 1503 1503 1509 1509
    1509 1516 1523 1529 1536 1536 1536 1543 1557 1564 1564 1572 1572
    1572 1586 1594 1601 1609 1609 1616 1624 1632 1632 1632 1632 1639
    1639 5210 5291 5291 0 1572 1572 1572 1550 1543 1536 1529 1516 1509
    1503 1503 1496 1496 1503 1503 1509 1509 1509 1509 1516 1529 1536
    1536 1536 1543 1550 1564 1564 1564 1564 1572 1579 1594 1601 1609
    1609 1616 1624 1632 1632 1632 1632 1632 1632 5210 5210 5210 0 1564
    1564 1564 1550 1543 1536 1529 1516 1509 1503 1496 1489 1489 1496
    1503 1503 1509 1509 1509 1516 1529 1536 1536 1536 1543 1550 1564
    1564 1564 1564 1572 1579 1586 1601 1601 1609 1609 1616 1624 1632
    1632 1632 1624 1624 5210 5210 5374 0 1564 1564 1564 1550 1543 1529
    1523 1516 1503 1496 1489 1489 1489 1496 1503 1503 1509 1509 1509
    1516 1523 1529 1536 1536 1543 1557 1557 1564 1564 1564 1572 1572
    1579 1601 1601 1601 1609 1609 1616 1632 1632 1632 1616 1616 5210
    5374 5374 1572 1564 1564 1564 1550 1536 1529 1516 1516 1503 1496
    1489 1489 1489 1496 1496 1503 1509 1509 1509 1516 1523 1529 1536
    1543 1550 1557 1557 1564 1564 1564 1572 1572 1579 1594 1601 1601
    1601 1609 1616 1624 1632 1632 1616 1616 5291 5374 5374 1572 1572
    1564 1550 1543 1536 1529 1516 1516 1503 1496 1489 1489 1489 1496
    1496 1503 1509 1509 1509 1516 1523 1529 1536 1536 1543 1550 1557
    1564 1564 1564 1564 1572 1579 1594 1601 1601 1601 1609 1609 1624
    1632 1624 1616 1616 5374 5374 1624 1616 1572 1564 1550 1543 1536
    1529 1516 1509 1509 1496 1489 1489 1489 1489 1496 1503 1503 1503
    1509 1516 1516 1523 1536 1536 1543 1550 1557 1564 1564 1564 1564
    1572 1572 1594 1594 1601 1601 1609 1609 1616 1624 1624 1624 1624
    5374 5548 1624 1616 1572 1572 1543 1543 1536 1523 1516 1509 1503
    1496 1489 1489 1489 1489 1489 1496 1503 1503 1509 1509 1516 1523
    1536 1536 1543 1550 1557 1564 1564 1564 1564 1572 1572 1594 1594
    1601 1601 1609 1609 1616 1624 1624 1624 1624 5291 5933 5933 5933
    1572 1572 1543 1543 1529 1523 1516 1509 1503 1496 1489 1489 1483
    1483 1489 1489 1496 1503 1509 1509 1516 1523 1529 1536 1543 1550
    1557 1557 1557 1564 1564 1572 1579 1594 1594 1601 1609 1609 1609
    1616 1624 1632 1632 1632 5291 1609 1609 1609 1557 1557 1543 1543
    1529 1523 1516 1509 1503 1489 1489 1483 1483 1483 1489 1489 1496
    1503 1509 1509 1509 1523 1523 1529 1536 1543 1543 1550 1557 1564
    1572 1579 1579 1594 1594 1601 1609 1609 1609 1609 1616 1624 1632
    1632 5291 1609 1609 1609 1550 1550 1543 1536 1529 1516 1516 1509
    1496 1489 1483 1483 1483 1483 1483 1489 1496 1496 1509 1509 1509
    1523 1523 1529 1536 1543 1543 1543 1550 1557 1564 1572 1579 1586
    1586 1594 1601 1601 1609 1609 1616 1624 1624 1624 5291 5291 1557
    1557 1550 1550 1543 1536 1529 1516 1509 1503 1496 1489 1483 1483
    1483 1483 1483 1489 1496 1496 1503 1509 1509 1516 1523 1529 1536
    1536 1543 1543 1550 1557 1564 1572 1572 1586 1586 1594 1601 1601
    1609 1609 1609 1616 1624 1624 5374 5374 1557 1557 1557 1550 1543
    1536 1529 1516 1509 1496 1489 1489 1483 1483 1483 1483 1483 1489
    1496 1496 1503 1509 1516 1516 1523 1523 1536 1536 1543 1543 1550
    1557 1557 1564 1572 1586 1586 1586 1594 1601 1609 1609 1609 1609
    1616 1616 5210 5210 5210 1557 1557 1543 1543 1536 1523 1516 1503
    1496 1489 1489 1483 1483 1483 1483 1483 1489 1496 1496 1503 1509
    1516 1516 1516 1523 1529 1536 1543 1543 1550 1550 1557 1557 1564
    1579 1579 1586 1594 1601 1609 1609 1609 1609 1616 1616 5210 5210 0
    1557 1557 1543 1536 1529 1523 1509 1496 1496 1489 1489 1483 1483
    1483 1483 1483 1489 1489 1496 1496 1509 1509 1509 1516 1516 1529
    1536 1543 1543 1543 1543 1550 1557 1564 1579 1579 1586 1594 1601
    1601 1609 1609 1616 1624 1624 5132 5132 0 1543 1543 1543 1536 1523
    1516 1509 1496 1496 1489 1483 1483 1477 1477 1483 1483 1489 1489
    1496 1496 1503 1509 1509 1509 1516 1523 1536 1543 1543 1543 1543
    1550 1557 1564 1579 1579 1594 1594 1601 1601 1609 1609 1609 1609
    1609 5132 5132 0 1543 1543 1543 1536 1523 1516 1509 1496 1496 1489
    1483 1483 1477 1477 1483 1483 1489 1489 1496 1496 1503 1509 1509
    1509 1516 1523 1536 1536 1536 1543 1543 1550 1557 1564 1579 1579
    1586 1594 1601 1601 1609 1609 1601 1601 1601 5132 0 0 0 1543 1536
    1529 1523 1516 1503 1496 1489 1483 1483 1470 1470 1470 1477 1477
    1489 1489 1496 1496 1496 1509 1509 1509 1516 1523 1529 1536 1536
    1543 1543 1550 1557 1564 1579 1579 1586 1594 1601 1601 1609 1609
    1601 1601 1601 5132 5132 0 1543 1543 1536 1529 1523 1516 1503 1489
    1489 1483 1477 1464 1464 1464 1470 1477 1489 1489 1489 1496 1496
    1509 1509 1509 1516 1516 1529 1536 1536 1543 1543 1550 1557 1564
    1579 1579 1586 1586 1594 1601 1601 1609 1609 1609 1609 5210 5210 0
