<?xml version="1.0"?>
<opencv_storage>
<Depth16901 type_id="opencv-matrix">
  <rows>94</rows>
  <cols>52</cols>
  <dt>w</dt>
  <data>
    3208 3238 3238 3238 3238 3238 3269 3269 3269 3300 3300 3300 3300
    3300 3333 3333 3333 3333 3333 3333 3365 3365 3365 3365 3365 3399
    3399 3399 3399 3399 3433 1439 1439 1439 1439 1439 1433 1433 1433
    3503 3503 3503 3503 3503 3539 3576 3614 3614 3614 3614 3614 3614
    3208 3238 3238 3238 3238 3238 3269 3269 3269 3300 3300 3300 3300
    3300 3333 3333 3333 3333 3333 3333 3365 3365 3365 3365 3365 3365
    3399 3399 3365 3365 3433 1433 1433 1433 1439 1439 1433 1433 1452
    1452 3539 3503 3503 3503 3539 1410 1410 1404 1404 3614 3614 3614
    3208 3238 3238 3238 3238 3238 3269 3269 3269 3300 3300 3300 3300
    3300 3333 3333 3333 3333 3333 3365 3365 3365 3365 3365 3365 3365
    3399 3399 3365 3365 3365 1433 1433 1433 1433 1439 1439 1439 1452
    1452 1365 1365 1365 1370 1376 1392 1404 1392 1392 1392 3614 3614
    3178 3238 3238 3238 3238 3238 3238 1307 1292 1288 1288 1297 3333
    3333 3333 1250 1250 3333 3333 3365 3365 3365 3365 1268 1268 1273
    1288 1288 1292 1292 1439 1439 1317 1317 1317 1322 1439 1439 1349
    1349 1349 1354 1359 1365 1370 1381 1392 1392 1392 1392 1392 3653
    3178 3238 3238 3238 3238 3238 3238 1307 1292 1288 1288 1278 1259
    1259 1250 1250 1250 3333 3365 3365 3365 1264 1268 1268 1268 1273
    1288 1288 1292 1292 1292 1307 1317 1317 1317 1322 1328 1333 1333
    1343 1349 1349 1354 1365 1365 1370 1376 1387 1392 1392 1392 3614
    3178 3238 1283 1278 1278 1278 1278 1317 1288 1288 1273 1268 1259
    1250 1250 1245 1245 1245 1245 1245 1264 1264 1268 1268 1268 1273
    1288 1288 1288 1288 1292 1302 1312 1312 1317 1322 1328 1328 1333
    1343 1349 1349 1354 1359 1365 1370 1376 1387 1392 1392 1392 3614
    3178 1283 1283 1278 1273 1273 1268 1268 1264 1264 1264 1255 1255
    1245 1245 1236 1236 1236 1236 1236 1264 1264 1264 1264 1264 1268
    1278 1288 1288 1288 1288 1297 1302 1307 1312 1322 1322 1328 1333
    1343 1349 1349 1354 1359 1365 1370 1376 1387 1392 1392 0 3614 1273
    1273 1283 1273 1268 1268 1268 1264 1255 1250 1250 1250 1245 1241
    1236 1232 1232 1232 1236 1241 1245 1245 1259 1264 1264 1268 1278
    1283 1288 1288 1288 1297 1302 1307 1312 1317 1322 1328 1333 1343
    1349 1349 1354 1359 1365 1370 1376 1381 1392 1392 0 3614 1273 1273
    1278 1273 1268 1268 1264 1264 1255 1250 1245 1245 1241 1236 1236
    1232 1232 1232 1236 1241 1245 1245 1259 1259 1264 1268 1273 1283
    1288 1292 1292 1297 1302 1307 1312 1317 1322 1328 1338 1343 1349
    1349 1354 1365 1365 1370 1376 1381 1392 1392 0 3614 1283 1283 1278
    1268 1264 1264 1264 1259 1259 1250 1245 1241 1236 1232 1232 1232
    1232 1232 1236 1241 1245 1245 1255 1259 1264 1268 1273 1278 1288
    1292 1297 1302 1302 1307 1312 1317 1322 1328 1338 1343 1343 1349
    1349 1365 1365 1370 1376 1376 1381 0 0 0 1283 1283 1278 1268 1264
    1264 1264 1259 1255 1250 1245 1241 1236 1232 1227 1227 1227 1232
    1232 1241 1245 1245 1255 1259 1264 1268 1273 1278 1283 1283 1297
    1302 1302 1307 1312 1317 1322 1322 1333 1343 1343 1349 1349 1365
    1365 1370 1370 1376 1381 1381 0 3653 1288 1283 1278 1268 1264 1264
    1264 1255 1250 1245 1245 1241 1236 1227 1223 1223 1223 1232 1232
    1241 1245 1250 1255 1259 1264 1268 1273 1278 1283 1283 1302 1302
    1307 1312 1317 1317 1322 1322 1333 1343 1343 1349 1349 1359 1365
    1370 1370 1376 1381 1381 0 3653 1288 1288 1278 1268 1268 1264 1264
    1255 1250 1245 1245 1241 1232 1227 1223 1223 1223 1232 1241 1241
    1245 1250 1255 1259 1264 1268 1273 1278 1288 1288 1297 1302 1307
    1307 1312 1317 1322 1328 1333 1343 1343 1349 1349 1359 1365 1370
    1376 1381 1381 1381 0 3653 1292 1288 1278 1273 1268 1264 1264 1255
    1250 1245 1245 1241 1232 1227 1223 1223 1227 1232 1241 1245 1245
    1250 1255 1259 1264 1268 1278 1283 1288 1288 1292 1302 1302 1307
    1312 1317 1322 1328 1333 1343 1343 1349 1354 1359 1365 1370 1376
    1381 1387 1387 1387 3653 1297 1288 1278 1273 1268 1264 1264 1259
    1250 1245 1245 1241 1232 1227 1223 1223 1227 1232 1241 1245 1245
    1250 1255 1264 1264 1268 1273 1278 1283 1288 1292 1302 1302 1307
    1312 1317 1322 1328 1333 1343 1343 1349 1354 1365 1365 1370 1376
    1387 1387 1387 1387 0 1297 1288 1278 1273 1268 1264 1264 1255 1250
    1245 1245 1241 1232 1227 1227 1227 1232 1236 1241 1245 1245 1250
    1255 1264 1268 1268 1273 1278 1283 1288 1297 1302 1302 1307 1312
    1322 1322 1322 1328 1343 1349 1349 1354 1365 1365 1370 1370 1387
    1387 1387 1387 0 1297 1283 1278 1273 1268 1264 1264 1255 1250 1245
    1245 1241 1232 1227 1227 1227 1227 1236 1241 1245 1245 1250 1255
    1264 1268 1268 1273 1278 1283 1288 1297 1302 1302 1307 1312 1322
    1322 1322 1328 1338 1343 1349 1365 1365 1365 1370 1370 1387 1387
    1387 1387 0 1283 1283 1278 1273 1268 1264 1264 1255 1250 1250 1245
    1241 1232 1232 1227 1227 1227 1232 1236 1245 1245 1250 1255 1264
    1264 1268 1268 1278 1283 1288 1297 1302 1307 1307 1317 1322 1322
    1322 1328 1338 1343 1349 1359 1359 1365 1370 1370 1387 1387 1387
    1387 3614 1288 1283 1278 1273 1268 1264 1259 1255 1250 1250 1245
    1241 1232 1227 1227 1227 1232 1232 1236 1241 1245 1250 1255 1259
    1264 1268 1268 1278 1283 1288 1297 1302 1307 1307 1312 1317 1322
    1328 1333 1343 1343 1349 1359 1359 1365 1370 1370 1387 1387 1387
    1387 3614 1283 1283 1278 1273 1268 1264 1259 1255 1250 1250 1245
    1241 1236 1227 1227 1227 1232 1232 1236 1241 1245 1250 1255 1259
    1264 1268 1268 1278 1283 1288 1297 1302 1307 1307 1312 1317 1322
    1328 1333 1343 1343 1349 1359 1359 1365 1370 1376 1381 1381 1381 0
    3614 1283 1283 1283 1273 1268 1268 1264 1255 1250 1250 1245 1245
    1232 1227 1227 1227 1232 1232 1241 1241 1245 1250 1255 1259 1264
    1268 1268 1278 1283 1288 1297 1302 1302 1307 1312 1317 1322 1328
    1333 1343 1343 1349 1359 1359 1365 1370 1376 1381 1381 1381 3653
    3653 1292 1288 1283 1278 1268 1268 1264 1255 1250 1250 1245 1245
    1232 1232 1227 1227 1232 1232 1241 1245 1245 1250 1255 1259 1264
    1268 1273 1278 1283 1288 1297 1302 1302 1307 1312 1317 1322 1328
    1333 1343 1349 1349 1359 1359 1365 1370 1376 1381 1381 1381 3653
    3653 1292 1288 1283 1278 1268 1268 1264 1259 1255 1250 1245 1236
    1232 1227 1227 1227 1232 1232 1241 1245 1245 1245 1255 1264 1264
    1268 1273 1278 1283 1288 1297 1297 1302 1307 1312 1317 1322 1328
    1333 1343 1349 1354 1365 1365 1365 1370 1376 1381 1387 1387 3653
    3653 1288 1288 1283 1278 1268 1264 1259 1259 1255 1250 1245 1236
    1232 1227 1227 1227 1232 1232 1236 1241 1241 1245 1250 1264 1264
    1268 1273 1278 1283 1288 1297 1297 1302 1307 1312 1317 1322 1328
    1338 1343 1343 1354 1365 1365 1365 1370 1376 1381 1387 1392 1392
    3653 1302 1288 1283 1278 1268 1264 1259 1259 1255 1250 1245 1236
    1232 1227 1227 1227 1232 1232 1236 1241 1241 1245 1250 1264 1264
    1268 1273 1278 1283 1288 1297 1302 1302 1307 1312 1322 1322 1328
    1338 1343 1343 1354 1359 1359 1365 1370 1376 1381 1381 1392 1392
    3614 1288 1288 1283 1278 1268 1264 1259 1259 1255 1250 1245 1241
    1232 1227 1227 1227 1232 1232 1236 1241 1245 1245 1250 1255 1264
    1268 1273 1278 1283 1288 1292 1302 1302 1307 1312 1317 1322 1328
    1338 1343 1343 1354 1359 1359 1365 1370 1376 1381 1381 1387 1387
    3614 1288 1288 1283 1278 1273 1268 1259 1255 1250 1245 1245 1241
    1232 1227 1227 1227 1232 1232 1236 1241 1245 1245 1250 1255 1264
    1268 1273 1278 1283 1288 1292 1302 1302 1307 1312 1317 1322 1328
    1333 1338 1343 1354 1359 1359 1365 1370 1376 1381 1381 1387 1387
    3614 1288 1288 1283 1278 1273 1268 1259 1255 1250 1245 1245 1241
    1232 1227 1227 1227 1227 1227 1232 1241 1245 1250 1250 1255 1264
    1268 1273 1278 1283 1288 1292 1302 1302 1307 1312 1317 1322 1328
    1333 1338 1349 1354 1359 1359 1365 1370 1376 1381 1381 1387 1387
    3614 1288 1288 1283 1278 1273 1268 1259 1255 1250 1250 1245 1236
    1232 1227 1227 1227 1227 1227 1232 1236 1245 1250 1250 1255 1259
