<?xml version="1.0"?>
<opencv_storage>
<Depth14640 type_id="opencv-matrix">
  <rows>138</rows>
  <cols>81</cols>
  <dt>w</dt>
  <data>
    4582 4522 4522 4522 4463 4463 4463 4463 4463 4463 4463 4349 4295
    4295 4295 4295 4349 4295 4241 4241 4241 4241 4241 4241 4241 4241
    4241 4295 4241 4190 4190 4190 4139 4139 4139 4139 4089 4041 4041
    4041 3994 3994 3994 3948 3948 3948 3948 3948 3903 3903 3859 3859
    3816 3816 3774 3774 3774 3774 3774 3732 3732 3732 3732 3692 925 925
    930 3653 3653 3653 3653 3653 3653 3614 3614 3614 3614 3576 3539 3539
    3503 4582 4522 4522 4522 4463 4463 4463 4463 4463 4463 4463 4349
    4349 4349 4295 4295 4349 4295 4241 4241 4241 4241 4241 4241 4241
    4241 4241 4241 4241 4241 4190 4139 4139 4190 4139 4139 4089 4041
    4041 4041 3994 3994 3994 3948 3948 3948 3948 3948 3903 3903 3859
    3859 3816 3816 3774 3774 3774 3774 3774 3732 3732 925 925 933 925
    925 930 3732 3732 3732 0 3653 3653 3653 3614 3614 3614 3576 3539
    3539 3503 4582 4582 4522 4522 4463 4463 4463 4463 4463 4463 4463
    4349 4295 4295 4349 4349 4349 4295 4295 4295 4295 4241 4241 4241
    4241 4241 4241 4241 4190 4190 4190 4139 4139 4139 4139 4139 4089
    4089 4041 4041 3994 3994 3948 3948 3948 3948 3903 3903 3903 3903
    3859 3859 3859 3859 3774 3774 3774 3774 3774 3774 933 925 925 933
    925 925 925 3732 3732 3732 0 0 3653 3653 3614 3614 3614 3576 3539
    3503 3503 4522 4522 4522 4522 4522 4463 4463 4463 4463 4349 4349
    4349 4295 4295 4349 4349 4349 4295 4295 4295 4295 4241 4241 4241
    4241 4241 4241 4241 4190 4190 4139 4139 4139 4139 4139 4089 4089
    4041 4041 4041 3994 3994 3948 3903 3903 3903 3903 3903 3903 3903
    3903 3903 3903 867 864 3774 3774 3774 930 930 930 928 928 928 925
    925 925 3774 3774 854 854 851 851 3614 3614 3614 3614 3576 3539 3503
    3468 4522 4522 4522 915 913 913 4522 4463 4463 4349 4349 4349 4349
    4349 4349 4405 4349 4295 4295 4295 4295 4295 4241 4241 4241 4190
    4190 4241 4190 4190 4139 4089 4089 4139 4139 4089 4089 4041 4041
    4041 4041 3948 3903 3903 3903 3903 3903 3903 3948 3948 3948 3948 867
    867 864 864 864 867 867 864 862 862 860 860 858 851 851 854 854 854
    854 851 851 849 849 3614 3614 3576 3539 3503 3468 4522 4522 918 915
    913 913 913 4463 4463 4463 4463 4463 896 4405 4405 4405 4349 4295
    4295 4295 4295 4295 4241 4241 4241 4190 4190 4241 4190 4190 4089
    4089 4089 4089 873 873 873 873 873 873 875 875 875 873 871 871 871
    871 869 869 871 869 869 867 864 864 864 864 864 862 862 860 860 860
    858 851 851 854 854 854 851 851 851 849 849 849 0 849 849 3433 0
    4463 4463 918 915 910 910 906 906 4463 4463 898 896 896 894 4405
    4405 4295 4295 4295 4295 4295 4295 4241 4241 4241 4241 4241 4241
    4241 4190 882 882 882 875 873 873 873 873 873 873 875 873 873 873
    871 871 871 871 869 867 867 867 867 864 864 864 864 864 864 862 860
    860 860 858 858 856 854 854 854 854 851 851 851 849 849 849 0 0 0 0
    0 4463 4463 913 913 910 910 906 901 901 898 898 896 896 894 894 894
    894 4295 4295 4295 4295 894 891 891 891 887 885 885 885 882 882 882
    882 875 875 875 875 875 875 875 873 873 873 873 871 871 869 869 867
    864 864 864 864 864 864 862 862 864 862 860 860 860 860 858 858 856
    856 856 856 854 854 851 851 849 849 849 0 0 0 0 0 906 906 906 906
    906 906 903 901 901 898 898 896 896 894 894 894 894 891 891 894 894
    894 891 889 889 887 885 885 885 882 882 882 882 878 878 878 875 875
    875 875 873 873 873 873 871 871 869 867 864 864 864 864 864 864 864
    862 862 864 862 860 860 860 858 858 856 856 856 856 856 854 854 851
    851 849 843 843 0 0 0 0 0 908 906 903 903 903 901 901 901 901 898
    898 896 896 894 894 894 894 891 891 891 894 894 891 889 889 887 885
    885 885 885 885 882 882 882 882 880 880 878 875 875 875 873 873 871
    871 869 867 867 864 864 864 864 864 864 864 862 862 864 862 860 860
    860 858 858 856 856 856 856 856 854 854 851 851 849 843 843 0 0 0 0
    0 908 906 903 903 901 901 901 901 898 898 896 896 896 896 894 894
    894 891 891 891 891 891 891 891 889 887 885 885 885 885 885 885 882
    882 882 882 880 878 878 875 875 873 873 871 871 869 867 867 864 864
    864 864 864 864 862 862 862 862 862 860 860 860 858 858 856 856 856
    856 854 854 854 851 851 849 843 843 0 0 0 0 0 910 906 903 901 901
    901 901 901 898 898 896 896 896 896 894 894 894 891 891 891 891 891
    891 891 887 887 885 885 885 885 885 885 882 882 882 880 880 878 875
    875 875 873 873 873 871 869 867 867 864 864 864 864 864 862 862 860
    860 860 860 860 860 860 858 858 856 856 856 856 854 854 854 851 851
    849 849 849 0 0 0 0 0 910 908 903 901 901 901 901 898 898 898 898
    896 896 896 894 894 894 891 891 891 891 891 891 891 887 887 885 885
    885 885 885 885 882 882 882 880 880 878 875 875 875 873 873 873 871
    869 869 867 867 867 867 864 864 862 862 860 860 860 860 860 860 860
    858 858 858 856 856 856 856 856 856 851 851 849 849 849 0 0 0 0 0 0
    906 903 901 901 901 901 898 898 898 898 896 896 896 896 896 894 891
    891 891 894 891 891 891 889 887 885 885 885 885 885 882 880 880 880
    880 880 878 875 875 875 875 873 873 871 869 869 867 867 867 867 864
    864 862 862 860 860 860 860 860 860 860 860 858 858 858 856 856 856
    856 856 851 851 849 849 849 0 0 0 0 0 0 906 903 901 901 901 901 901
    901 898 898 898 896 896 896 896 894 891 891 891 894 894 891 891 889
    889 887 885 885 885 885 882 880 880 880 880 880 878 875 875 875 875
    873 873 873 869 869 867 867 867 867 864 864 864 864 862 862 862 860
    860 860 860 860 858 858 858 856 856 856 854 854 854 851 851 849 849
    0 0 0 0 0 910 906 903 901 901 901 901 901 901 898 898 898 898 898
    896 896 894 891 891 891 894 894 891 891 891 889 887 885 885 885 885
    882 880 880 880 880 880 880 878 875 875 875 873 873 873 869 869 869
    867 867 867 867 864 864 864 864 862 862 862 860 860 860 860 858 858
    858 856 854 854 854 854 854 851 851 849 849 0 0 0 0 0 910 908 906
    901 901 901 901 901 901 898 898 898 898 898 896 896 894 891 891 891
    894 891 891 891 891 889 887 887 887 885 885 882 882 880 880 880 880
    880 878 878 875 875 873 873 873 871 869 869 867 867 867 867 864 864
    864 864 862 862 862 860 860 860 860 858 858 856 856 854 854 854 854
    854 854 854 851 851 0 0 0 0 0 908 908 906 901 901 901 901 901 901
    901 898 898 898 898 896 896 894 891 891 891 894 891 891 891 891 889
    889 887 887 885 885 882 882 882 882 882 880 880 878 878 875 875 873
    873 873 871 871 869 869 867 867 867 864 864 864 864 864 864 864 862
    862 860 860 858 858 856 856 854 854 851 851 851 854 854 854 854 0 0
    0 0 0 903 908 906 901 901 901 901 901 901 901 898 898 898 898 896
    896 894 891 891 891 894 894 891 891 891 889 889 887 887 885 885 882
    882 882 882 882 880 880 878 878 875 875 873 873 873 871 871 869 869
    867 867 867 867 864 864 864 864 864 864 862 862 860 860 858 858 856
    856 854 854 851 851 851 854 854 851 851 0 0 0 0 0 903 906 906 903
    901 901 901 901 901 901 898 898 898 896 896 896 894 891 891 891 894
    894 891 891 889 889 889 887 887 885 885 882 882 882 882 882 880 878
    878 878 875 875 873 873 873 873 873 871 869 867 867 867 867 864 864
    864 864 864 864 864 862 862 860 860 858 856 856 856 854 854 854 854
    854 854 851 851 0 0 0 0 0 903 906 906 903 901 901 901 901 901 901
    901 898 898 896 896 896 894 891 891 891 894 894 891 891 889 889 889
    887 887 885 885 882 882 882 882 880 880 878 878 878 875 875 875 873
    873 873 873 871 869 869 867 867 867 867 864 864 864 864 864 862 860
    860 858 858 858 858 858 856 856 856 854 854 856 854 851 851 0 0 0 0
    0 903 906 906 906 906 903 901 901 901 901 901 898 898 896 896 894
    894 894 891 891 894 894 891 891 891 889 889 889 887 885 885 882 882
    882 882 880 880 878 878 878 875 875 875 873 873 873 873 873 871 869
    867 867 867 867 864 864 862 862 862 860 860 860 858 858 858 858 858
    858 858 856 856 856 856 854 851 851 851 0 0 0 0 908 908 906 906 903
