<?xml version="1.0"?>
<opencv_storage>
<Depth7856 type_id="opencv-matrix">
  <rows>7</rows>
  <cols>35</cols>
  <dt>w</dt>
  <data>
    4983 4983 4911 4911 4911 4911 4911 4983 4911 4911 4911 4911 4911
    4983 5056 5132 5132 5210 5548 4911 4911 4911 4911 4983 5056 5374
    5460 5548 5548 5460 4708 4708 4774 5210 5210 4983 4983 4842 4842
    4842 4842 4911 4911 4911 4911 4911 4842 4842 4911 4911 4911 4911
    4842 4708 4708 4774 4842 4911 4911 4911 4983 5460 5548 4645 4645
    4645 4645 4645 5291 5291 4983 4911 4842 4842 4842 4842 4911 4911
    4911 4842 4842 4842 4842 4911 4911 4911 4911 4842 4708 4708 4774
    4842 4911 4911 4911 4774 4708 4645 4645 4645 4582 4582 4522 4405
    4295 4983 4911 4842 4842 4842 4911 4911 4911 4911 4842 4842 4842
    4842 4911 4911 4842 4842 4842 4774 4774 4774 4842 4911 4911 4842
    4774 4708 4645 4645 4645 4582 4582 4522 4405 4295 0 0 4911 4774 4774
    4911 4911 4911 4911 4842 4842 4842 4842 4911 4911 4842 4842 4842
    4774 4774 4774 4842 4842 4842 4842 4774 4708 4708 4645 4645 4582
    4522 4463 4405 4349 0 0 0 4774 4774 4911 4842 4842 4842 4842 4842
    4911 4911 4911 4911 4911 4911 4911 4842 4842 4842 4842 4842 4842
    4842 4774 4708 4708 4645 4645 4645 4522 4463 4463 4463 0 0 0 0 0
    4911 4842 4842 4842 4842 4842 4842 4911 4911 4911 4911 4911 4911
    4911 4911 4842 4842 4774 4774 4842 4842 4708 4708 4645 4582 4582
    4522 4522 4522 4522</data></Depth7856>
</opencv_storage>
