<?xml version="1.0"?>
<opencv_storage>
<Depth8028 type_id="opencv-matrix">
  <rows>22</rows>
  <cols>19</cols>
  <dt>w</dt>
  <data>
    6889 6889 6889 6889 6889 4582 4582 4645 4645 4645 4645 4645 4645
    4645 4708 6889 6889 6889 6889 6889 6889 4582 4582 4582 4582 4582
    4582 4645 4645 4645 4645 4645 4645 4645 4708 6889 6889 6889 4645
    4645 4582 4582 4582 4582 4582 4582 4645 4645 4645 4645 4645 4645
    4645 4645 6889 6889 6889 4645 4645 4645 4645 4582 4582 4582 4645
    4645 4645 4645 4645 4645 4645 4645 4645 6889 6889 6889 4645 4645
    4645 4645 4582 4582 4582 4645 4645 4645 4645 4645 4645 4645 4645
    4645 4645 6889 6889 4645 4645 4645 4645 4645 4645 4645 4645 4645
    4645 4645 4645 4645 4645 4582 4582 4582 6889 6889 4645 4645 4645
    4645 4645 4645 4645 4645 4645 4645 4645 4645 4645 4645 4582 4582
    4582 6889 6889 4708 4645 4645 4645 4645 4645 4645 4645 4645 4645
    4645 4645 4645 4645 4582 4582 4582 7030 7030 4708 4645 4645 4645
    4645 4645 4645 4645 4645 4645 4645 4645 4645 4645 4582 4582 4582
    4582 7030 4708 4645 4645 4645 4645 4645 4645 4645 4645 4645 4645
    4645 4645 4582 4582 4582 4582 4582 6889 7030 4645 4645 4645 4645
    4645 4645 4645 4645 4645 4645 4645 4582 4582 4582 4582 4582 4582
    6889 6889 4645 4645 4645 4645 4645 4645 4645 4645 4645 4645 4645
    4582 4582 4582 4582 4582 4582 6889 6889 4645 4645 4645 4645 4645
    4645 4645 4645 4645 4645 4645 4582 4582 4582 4582 4582 4582 6889
    6889 4645 4645 4645 4645 4645 4645 4645 4645 4645 4645 4645 4645
    4582 4582 4582 4582 4582 4582 6889 4645 4645 4645 4645 4645 4645
    4645 4645 4645 4645 4645 4645 4582 4582 4582 4582 4582 4582 6889
    4645 4645 4645 4645 4645 4645 4645 4645 4645 4645 4645 4645 4645
    4645 4582 4582 4582 4582 6889 6889 4645 4645 4645 4645 4645 4645
    4645 4645 4582 4582 4582 4645 4645 4645 4582 4582 4582 6889 6889
    7030 4645 4645 4645 4645 4645 4645 4645 4582 4582 4582 4582 4645
    4645 4582 4582 4582 6889 6889 7030 4645 4645 4645 4645 4645 4645
    4645 4582 4582 4582 4582 4645 4645 4582 4582 4582 6889 6889 6889
    6889 4645 4645 4645 4645 4645 4645 4645 4645 4582 4582 4645 4645
    4582 4582 4582 6889 6889 6889 6889 4645 4645 4645 4645 4645 4645
    4645 4645 4582 4582 4645 4645 4582 4582 4582 6889 6889 6889 6889
    4645 4582 4582 4582 4522 4522 4645 4645 4582 4582 4645 6889 6889
    6889 6889</data></Depth8028>
</opencv_storage>
