<?xml version="1.0"?>
<opencv_storage>
<Depth17065 type_id="opencv-matrix">
  <rows>92</rows>
  <cols>39</cols>
  <dt>w</dt>
  <data>
    3653 3614 3614 3653 3653 1452 1452 1445 1439 1439 1433 1433 3614
    3653 3653 3692 3692 3692 3692 3692 3692 3692 3692 3692 3692 3692
    3692 3692 3692 3692 3692 3692 3692 3692 3692 3692 3732 3732 3774
    3653 3614 3614 1464 1458 1452 1452 1439 1433 1427 1427 1427 1427
    3653 3653 3692 1452 1452 1445 1445 1433 1433 1433 3692 3692 3692
    3692 3692 3692 3732 3732 3692 3692 3692 3692 3692 3732 3732 3774
    3614 3614 3614 1458 1458 1452 1445 1427 1415 1410 1410 1427 1427
    1427 1433 1433 1433 1439 1439 1439 1433 1433 1404 1404 3692 3692
    3692 3692 3732 3732 3732 3732 3732 3692 3692 3732 3732 3774 3774
    3614 3614 3614 1458 1458 1445 1433 1398 1392 1392 1392 1445 1445
    1338 1404 1404 1404 1404 1404 1439 1392 1387 1387 1381 1370 1370
    1370 3732 3732 3732 3732 3732 3732 3732 3732 3732 3774 3774 3774
    3653 3653 1458 1458 1445 1410 1398 1387 1376 1365 1359 1354 1349
    1338 1328 1328 1328 1387 1387 1381 1381 1376 1365 1365 1359 1354
    1349 1349 1349 1255 1255 1255 1255 1255 1255 3732 3774 3774 3774
    3614 3614 1445 1445 1439 1410 1392 1387 1359 1354 1349 1349 1343
    1333 1328 1328 1322 1322 1387 1381 1381 1370 1343 1343 1349 1349
    1343 1328 1317 1317 1255 1255 1255 1255 1255 1255 3774 3774 3774
    3614 3614 1439 1439 1433 1404 1392 1370 1354 1349 1349 1338 1333
    1322 1307 1292 1278 1273 1273 1273 1273 1273 1328 1302 1302 1312
    1312 1317 1312 1307 1255 1255 1255 1255 1255 1255 1255 3774 3774
    3614 3692 1439 1439 1433 1404 1392 1370 1354 1349 1338 1328 1312
    1292 1283 1273 1268 1268 1268 1268 1268 1268 1273 1278 1288 1278
    1278 1278 1278 1278 1259 1255 1255 1255 1255 1255 1255 1250 3774
    3692 3692 1439 1439 1433 1404 1392 1370 1354 1343 1328 1317 1307
    1288 1268 1259 1259 1259 1259 1255 1255 1259 1259 1273 1273 1268
    1268 1268 1268 1268 1255 1255 1255 1255 1255 1250 1250 1250 3774
    3692 3692 1445 1445 1433 1410 1392 1376 1354 1343 1328 1307 1288
    1268 1259 1255 1245 1245 1245 1245 1245 1245 1245 1250 1255 1255
    1255 1255 1255 1255 1255 1255 1255 1255 1255 1250 1250 1250 1250
    3653 1452 1452 1452 1439 1410 1392 1376 1354 1343 1317 1307 1288
    1264 1259 1245 1241 1241 1241 1241 1241 1241 1241 1245 1245 1250
    1245 1245 1245 1250 1250 1255 1255 1255 1255 1250 1250 1250 1255 0
    1464 1452 1452 1439 1410 1392 1376 1359 1338 1317 1307 1283 1264
    1255 1241 1236 1236 1236 1236 1236 1236 1236 1236 1241 1241 1241
    1245 1245 1245 1245 1250 1250 1250 1250 1255 1250 1250 1255 0 1464
    1464 1452 1439 1410 1392 1376 1359 1338 1317 1307 1278 1268 1255
    1241 1236 1236 1236 1236 1236 1236 1236 1236 1241 1241 1241 1245
    1245 1245 1245 1250 1250 1250 1250 1255 1250 1250 1250 0 1464 1464
    1452 1445 1404 1387 1376 1365 1343 1317 1292 1278 1268 1259 1245
    1236 1236 1236 1236 1236 1236 1241 1241 1241 1241 1241 1245 1245
    1245 1245 1245 1245 1250 1250 1255 1250 1250 1250 3653 1464 1464
    1452 1445 1404 1381 1376 1365 1343 1328 1292 1278 1268 1255 1245
    1236 1236 1236 1236 1236 1236 1241 1241 1241 1241 1241 1245 1245
    1245 1245 1245 1245 1245 1250 1255 1250 1250 1250 3653 1464 1464
    1452 1445 1404 1381 1376 1365 1349 1328 1292 1278 1268 1255 1245
    1236 1236 1236 1236 1241 1241 1241 1241 1241 1241 1245 1245 1245
    1245 1245 1245 1245 1245 1250 1255 1250 1250 1250 3653 1464 1464
    1452 1445 1404 1381 1376 1365 1343 1328 1292 1283 1268 1250 1245
    1236 1236 1236 1236 1241 1241 1241 1241 1241 1241 1245 1245 1245
    1245 1245 1245 1250 1250 1250 1250 1250 1250 1250 3653 1464 1464
    1452 1445 1410 1387 1376 1359 1338 1328 1292 1283 1268 1250 1245
    1236 1236 1236 1241 1241 1241 1241 1241 1241 1241 1245 1245 1245
    1245 1250 1250 1250 1250 1250 1250 1250 1250 1250 3653 1458 1458
    1452 1439 1410 1387 1376 1354 1338 1322 1292 1283 1264 1250 1245
    1241 1241 1241 1241 1241 1241 1241 1241 1241 1241 1245 1245 1245
    1245 1250 1250 1250 1250 1250 1250 1250 1250 1250 3653 1458 1458
    1445 1439 1410 1392 1370 1354 1343 1322 1292 1283 1264 1250 1241
    1241 1236 1236 1241 1241 1241 1245 1241 1241 1241 1245 1245 1245
    1250 1250 1250 1250 1250 1250 1250 1250 1250 1250 3653 1458 1458
    1445 1433 1415 1392 1370 1354 1343 1317 1292 1283 1273 1250 1241
    1236 1236 1236 1241 1241 1241 1241 1241 1241 1241 1245 1245 1245
    1250 1250 1250 1250 1250 1250 1250 1250 1255 1255 3653 1458 1458
    1445 1433 1410 1392 1370 1354 1343 1317 1292 1283 1273 1250 1241
    1236 1236 1241 1241 1245 1241 1241 1241 1241 1245 1245 1245 1245
    1250 1250 1250 1250 1250 1250 1250 1250 1255 1255 3653 1458 1458
    1445 1433 1410 1392 1376 1354 1343 1317 1292 1278 1268 1255 1241
    1236 1236 1241 1241 1241 1241 1241 1241 1241 1245 1245 1245 1245
    1250 1250 1250 1250 1250 1255 1255 1255 1255 1255 3653 1458 1458
    1445 1439 1404 1392 1376 1359 1343 1322 1292 1278 1268 1255 1245
    1236 1236 1241 1241 1241 1241 1241 1241 1245 1245 1245 1245 1250
    1250 1250 1250 1250 1250 1255 1255 1255 1255 1255 3653 1458 1458
    1445 1439 1398 1387 1376 1359 1343 1322 1292 1278 1268 1255 1245
    1241 1241 1241 1241 1241 1241 1241 1241 1245 1245 1245 1245 1250
    1250 1250 1250 1250 1250 1255 1255 1255 1255 0 3732 1445 1445 1445
    1439 1398 1381 1370 1354 1338 1328 1292 1278 1264 1255 1245 1241
    1241 1241 1241 1241 1241 1241 1245 1245 1245 1245 1245 1250 1250
    1250 1250 1250 1250 1255 1255 1255 1255 1259 0 0 1445 1445 1445 1404
    1381 1370 1354 1338 1328 1292 1278 1264 1255 1250 1245 1241 1241
    1241 1245 1245 1245 1245 1245 1245 1245 1250 1250 1250 1250 1250
    1255 1255 1255 1255 1255 1259 1259 0 1458 1458 1452 1445 1404 1381
    1370 1354 1338 1322 1312 1283 1264 1255 1250 1245 1245 1245 1245
    1245 1241 1241 1245 1245 1245 1245 1250 1250 1250 1250 1250 1255
    1255 1255 1255 1255 1259 1259 0 1458 1458 1452 1439 1404 1387 1370
    1354 1338 1322 1312 1283 1264 1255 1250 1245 1245 1245 1245 1245
    1241 1241 1245 1245 1250 1250 1250 1250 1250 1250 1255 1255 1255
    1255 1255 1255 1255 1255 0 1458 1458 1452 1439 1404 1392 1370 1354
    1333 1317 1307 1283 1259 1250 1245 1245 1245 1245 1245 1245 1241
    1241 1245 1245 1250 1250 1250 1250 1255 1255 1255 1255 1255 1259
    1259 1255 1255 1255 0 0 1464 1452 1439 1404 1392 1376 1349 1333 1317
    1307 1283 1259 1250 1245 1245 1241 1241 1245 1245 1241 1241 1245
    1245 1250 1250 1250 1250 1255 1255 1255 1255 1255 1259 1259 1255
    1255 1255 3653 0 1464 1452 1439 1404 1392 1376 1349 1333 1322 1312
    1278 1264 1250 1245 1241 1241 1241 1245 1245 1245 1245 1245 1250
    1250 1250 1250 1250 1255 1255 1255 1255 1255 1259 1255 1250 1250
    1250 3653 0 1464 1445 1421 1404 1392 1370 1349 1333 1317 1307 1278
    1264 1250 1245 1241 1241 1241 1245 1245 1250 1250 1250 1250 1250
    1250 1250 1250 1255 1255 1255 1255 1255 1259 1255 1250 1250 0 3653 0
    1464 1445 1421 1404 1392 1370 1354 1333 1317 1292 1278 1264 1255
    1245 1241 1241 1241 1241 1245 1250 1250 1250 1250 1250 1250 1250
    1250 1250 1255 1255 1255 1255 1259 1255 1255 1255 1255 3653 0 1458
    1445 1421 1404 1387 1376 1354 1333 1317 1292 1278 1268 1259 1245
    1241 1241 1241 1241 1245 1250 1250 1250 1250 1250 1250 1250 1250
    1250 1255 1255 1255 1255 1259 1259 1259 1259 1264 3653 1458 1458
    1445 1415 1404 1387 1376 1359 1338 1317 1292 1278 1259 1255 1250
    1241 1241 1241 1241 1245 1245 1245 1250 1250 1250 1250 1250 1250
    1255 1255 1255 1255 1255 1259 1259 1259 1264 1264 0 1464 1464 1452
    1415 1404 1392 1376 1359 1349 1322 1292 1278 1259 1255 1250 1245
    1245 1241 1241 1245 1245 1245 1250 1250 1250 1250 1255 1255 1255
    1255 1255 1255 1255 1259 1259 1259 1259 1259 0 1464 1464 1458 1421
    1410 1392 1376 1354 1343 1322 1292 1273 1259 1250 1250 1245 1245
    1245 1245 1245 1245 1245 1250 1250 1250 1250 1255 1255 1255 1255
    1255 1255 1255 1255 1259 1259 1259 1259 3653 1470 1470 1439 1421
