<?xml version="1.0"?>
<opencv_storage>
<Depth15588 type_id="opencv-matrix">
  <rows>48</rows>
  <cols>36</cols>
  <dt>w</dt>
  <data>
    5132 5056 4983 4983 5056 5056 5132 5056 4983 2129 2129 2129 2129
    2129 4911 2143 2129 2129 2129 4911 4774 4774 2156 2156 2156 2156
    2156 2156 2156 2170 4774 4708 4708 4708 4708 4708 5132 4983 4983
    2170 2156 2116 2116 5056 2129 2129 2129 2129 2116 2116 2129 2129
    2129 2129 2129 2143 2143 2143 2143 2156 2156 2156 2156 2156 2156
    2170 2170 4708 4708 4708 4708 4708 5132 2129 2129 2129 2116 2116
    2116 2116 2116 2129 2129 2129 2116 2116 2129 2129 2129 2129 2143
    2143 2143 2143 2143 2156 2156 2156 2156 2156 2156 2156 2156 4708
    4708 4708 4708 4708 2116 2116 2116 2129 2116 2116 2116 2116 2116
    2129 2129 2129 2129 2129 2129 2129 2143 2143 2143 2143 2143 2143
    2143 2156 2156 2156 2156 2156 2156 2156 2170 4708 4708 4708 4708
    4645 2103 2116 2116 2116 2129 2129 2129 2129 2129 2129 2143 2129
    2129 2129 2129 2129 2143 2143 2143 2143 2143 2143 2143 2143 2143
    2156 2156 2156 2156 2156 2170 4708 4708 4708 4708 4645 2103 2116
    2116 2116 2116 2129 2129 2129 2129 2143 2143 2129 2129 2129 2129
    2129 2129 2143 2143 2143 2143 2143 2143 2143 2143 2156 2143 2143
    2156 2156 2156 4774 4708 4708 4708 4708 2116 2116 2116 2116 2116
    2129 2129 2129 2129 2143 2143 2129 2129 2129 2129 2129 2129 2129
    2143 2143 2143 2143 2143 2143 2143 2156 2143 2143 2156 2156 2156
    4708 4708 4708 4708 4708 2116 2116 2116 2116 2129 2129 2129 2129
    2143 2143 2129 2129 2129 2129 2129 2129 2129 2129 2143 2143 2143
    2143 2143 2143 2143 2143 2143 2143 2143 2156 2156 4708 4708 4708
    4708 4708 2116 2116 2116 2116 2129 2129 2129 2129 2129 2143 2129
    2129 2129 2129 2129 2129 2129 2129 2143 2143 2143 2143 2143 2143
    2143 2143 2143 2143 2143 2156 2156 4708 4708 4708 4708 4708 2116
    2116 2116 2116 2129 2129 2129 2129 2129 2129 2129 2129 2129 2129
    2129 2129 2129 2129 2143 2143 2143 2143 2143 2143 2143 2143 2143
    2143 2143 2156 2156 4708 4708 4708 4708 4708 2116 2116 2116 2116
    2129 2129 2129 2129 2129 2129 2129 2129 2129 2129 2129 2129 2129
    2129 2129 2143 2143 2143 2143 2143 2143 2143 2143 2143 2143 2156
    2156 4774 4708 4708 4708 4708 2116 2116 2116 2116 2116 2116 2129
    2129 2129 2129 2129 2129 2129 2129 2129 2129 2129 2129 2129 2143
    2143 2156 2156 2156 2156 2156 2143 2143 2143 2156 2156 4774 4708
    4708 4708 4708 2116 2116 2116 2116 2116 2116 2116 2129 2129 2129
    2129 2129 2129 2129 2129 2129 2129 2129 2129 2143 2143 2156 2156
    2156 2156 2156 2143 2143 2143 2156 2143 2143 4708 4708 4708 4708
    2116 2116 2116 2116 2116 2116 2116 2129 2129 2129 2129 2129 2129
    2129 2129 2143 2143 2129 2129 2143 2143 2143 2156 2156 2156 2156
    2143 2143 2143 2156 2143 2143 4708 4708 4708 4708 2116 2116 2116
    2116 2116 2116 2116 2129 2129 2129 2129 2129 2116 2116 2129 2129
    2143 2129 2129 2143 2143 2143 2143 2143 2143 2143 2143 2143 2143
    2156 2156 2156 2170 4708 4708 4708 2116 2116 2116 2116 2116 2116
    2116 2129 2129 2129 2129 2129 2116 2116 2129 2129 2143 2129 2129
    2129 2129 2129 2129 2129 2143 2143 2143 2143 2143 2156 2143 2143
    2143 4708 4708 4708 2143 2129 2116 2116 2116 2116 2116 2129 2129
    2129 2129 2129 2129 2129 2129 2129 2129 2129 2129 2129 2129 2129
    2129 2129 2129 2129 2129 2143 2143 2156 2143 2143 2143 4708 4708
    4708 2143 2116 2116 2116 2116 2116 2116 2116 2129 2129 2129 2129
    2129 2129 2129 2129 2129 2129 2129 2129 2129 2129 2129 2129 2129
    2129 2129 2143 2143 2143 2143 2143 2143 4708 4708 4708 2156 2116
    2116 2116 2116 2116 2116 2116 2129 2129 2129 2129 2129 2129 2129
    2129 2129 2129 2129 2129 2129 2129 2129 2129 2143 2129 2129 2143
    2143 2143 2143 2143 2156 2156 4708 4708 5132 2129 2116 2116 2116
    2116 2116 2116 2129 2129 2129 2129 2129 2129 2129 2143 2129 2129
    2129 2129 2129 2129 2129 2129 2143 2143 2143 2143 2143 2143 2156
    2156 2156 2156 4708 4708 5132 2129 2129 2129 2116 2116 2116 2116
    2129 2129 2129 2129 2129 2129 2143 2143 2143 2143 2143 2129 2129
    2143 2143 2143 2143 2143 2143 2143 2143 2156 2156 2156 2170 2170
    4708 4708 5132 2198 2129 2129 2129 2129 2129 2129 2129 2129 2129
    2129 2129 2129 2129 2143 2143 2129 2129 2129 2129 2143 2143 2143
    2156 2143 2143 2143 2143 2156 2156 2156 2170 2170 4774 4708 5132
    2170 2156 2143 2129 2129 2129 2129 2129 2129 2129 2129 2116 2116
    2129 2129 2143 2129 2129 2129 2129 2143 2143 2143 2143 2143 2143
    2143 2143 2156 2156 2156 2156 2156 4774 4708 5132 2170 2156 2143
    2143 2129 2129 2129 2129 2129 2129 2129 2116 2116 2116 2116 2129
    2129 2129 2143 2143 2143 2143 2143 2143 2143 2143 2143 2143 2156
    2156 2156 2156 2156 4774 4708 5132 2170 2156 2156 2143 2129 2129
    2129 2143 2143 2129 2129 2116 2116 2116 2116 2129 2129 2129 2143
    2143 2143 2143 2143 2143 2143 2143 2143 2143 2156 2143 2143 2143
    2143 4774 4708 5132 2156 2156 2156 2143 2129 2129 2129 2129 2129
    2129 2129 2116 2116 2116 2129 2129 2129 2129 2143 2143 2143 2143
    2143 2143 2143 2143 2143 2143 2156 2143 2143 2143 2170 2170 4708
    5132 2156 2156 2156 2143 2129 2129 2129 2129 2129 2129 2129 2116
    2116 2129 2129 2129 2129 2129 2129 2129 2129 2143 2143 2143 2143
    2143 2143 2143 2156 2156 2143 2143 2156 2156 4708 5132 2156 2156
    2143 2143 2129 2129 2129 2129 2129 2129 2129 2116 2116 2129 2129
    2129 2129 2129 2129 2129 2129 2143 2143 2143 2143 2143 2143 2143
    2156 2156 2143 2143 2156 2156 4708 5056 2156 2156 2143 2129 2129
    2129 2129 2129 2129 2129 2129 2129 2129 2129 2129 2129 2129 2129
    2129 2129 2129 2143 2143 2143 2143 2143 2143 2143 2143 2156 2156
    2156 2156 2156 4708 5056 2170 2170 2156 2129 2129 2116 2116 2129
    2129 2129 2129 2129 2129 2129 2129 2129 2129 2129 2143 2143 2143
    2143 2143 2143 2143 2143 2129 2129 2143 2156 2143 2143 2156 2156
    4774 4911 4911 4911 2116 2116 2116 2116 2116 2129 2129 2129 2129
    2129 2129 2129 2129 2129 2129 2129 2129 2129 2143 2143 2143 2143
    2143 2143 2129 2129 2143 2143 2143 2143 2156 2156 4774 4911 4911
    4911 2116 2116 2116 2116 2129 2116 2116 2116 2129 2129 2129 2129
    2129 2116 2116 2129 2129 2129 2143 2143 2143 2143 2143 2143 2129
    2129 2143 2143 2143 2143 2156 2156 2156 4983 4983 4983 2116 2116
    2116 2116 2116 2116 2116 2116 2116 2129 2129 2129 2129 2116 2116
    2129 2129 2129 2143 2143 2143 2143 2143 2143 2129 2129 2156 2143
    2143 2143 2156 2156 2156 5056 5056 5056 2116 2116 2116 2116 2116
    2116 2116 2116 2116 2129 2129 2116 2116 2116 2116 2129 2129 2129
    2143 2143 2143 2143 2143 2129 2129 2143 2156 2156 2156 2156 2156
    2156 2156 5056 5056 5056 2184 2129 2116 2116 2116 2116 2116 2116
    2116 2129 2129 2116 2116 2116 2116 2129 2129 2129 2143 2143 2143
    2143 2143 2129 2129 2143 2156 2156 2156 2156 2143 2143 2143 5132
    5132 5132 2184 2143 2129 2116 2116 2116 2116 2116 2116 2129 2129
    2116 2116 2129 2129 2129 2129 2129 2129 2143 2143 2143 2143 2143
    2143 2143 2156 2156 2156 2156 2143 2143 2143 5132 5132 5132 2170
    2156 2129 2116 2116 2116 2116 2116 2116 2116 2116 2116 2116 2129
    2129 2129 2129 2129 2129 2143 2143 2143 2143 2143 2143 2143 2156
    2156 2156 2156 2143 2143 2143 5132 5132 5132 2170 2156 2143 2129
    2129 2129 2129 2129 2129 2116 2116 2116 2116 2129 2129 2129 2129
    2129 2129 2143 2143 2143 2143 2143 2143 2156 2156 2156 2156 2156
    2143 2143 2143 5132 5132 5210 5210 2156 2143 2129 2129 2129 2129
    2129 2129 2129 2129 2129 2129 2143 2129 2129 2129 2129 2129 2143
    2143 2143 2143 2143 2143 2143 2156 2156 2156 2156 2143 2143 2143
    5210 5132 5132 5132 2156 2129 2129 2129 2129 2129 2129 2129 2129
    2129 2129 2143 2143 2143 2143 2143 2143 2143 2143 2143 2143 2143
    2143 2143 2143 2143 2156 2156 2156 2143 2143 2156 5132 5132 5132
    5132 2129 2129 2129 2129 2129 2129 2129 2129 2129 2143 2143 2143
    2143 2143 2143 2143 2143 2143 2143 2143 2143 2143 2143 2143 2143
    2143 2156 2156 2156 2156 2156 2156 5132 5132 5132 5132 2129 2129
