<?xml version="1.0"?>
<opencv_storage>
<Depth12266 type_id="opencv-matrix">
  <rows>8</rows>
  <cols>36</cols>
  <dt>w</dt>
  <data>
    0 0 0 0 0 5291 5291 5460 5460 5460 4774 5291 5291 5291 4983 4983
    4983 4911 4842 4842 4911 4911 4983 4774 4774 4774 4708 4708 4774
    4774 0 4708 4708 4708 4645 4645 0 0 0 0 5132 5132 5132 5056 4911
    4774 4774 4911 4911 4911 4911 4911 4911 4774 4774 4774 4842 4842
    4842 4708 4708 4708 4708 4708 4645 4645 4645 4645 4645 4645 4645
    4645 0 0 0 5056 4983 4983 4983 4911 4911 4774 4774 4842 4911 4911
    4911 4911 4842 4774 4774 4774 4774 4774 4774 4708 4708 4708 4708
    4708 4645 4645 4645 4645 4645 4645 4645 4645 4983 4983 4983 4983
    4983 4983 4983 4911 4911 4842 4842 4842 4911 4911 4911 4911 4842
    4774 4774 4708 4708 4774 4774 4708 4708 4708 4708 4708 4708 4645
    4645 4708 4708 4708 4708 4645 4983 4983 4983 4911 4911 4911 4911
    4911 4911 4911 4911 4911 4911 4911 4911 4842 4774 4774 4774 4708
    4708 4774 4708 4708 4774 4708 4708 4708 4645 4645 4645 4645 4645
    4708 4708 4645 4983 4983 4983 4911 4911 4911 4911 4911 4911 4911
    4911 4911 4911 4911 4911 4842 4774 4774 4774 4774 4774 4774 4708
    4708 4774 4708 4708 4708 4645 4645 4645 4645 4645 4708 4708 4708
    4983 4983 4983 4911 4911 4911 4911 4911 4911 4911 4911 4911 4911
    4911 4842 4842 4708 4708 4774 4774 4774 4708 4708 4708 4708 4708
    4708 4708 4708 4708 4708 4645 4645 4708 4708 4708 4983 4983 4983
    4911 4911 4911 4911 4911 4911 4911 4911 4911 4911 4911 4842 4842
    4708 4708 4774 4774 4774 4708 4708 4708 4708 5548 5548 5548 5548
    5548 5734 5734 5734 0 5640 5640</data></Depth12266>
</opencv_storage>
