<?xml version="1.0"?>
<opencv_storage>
<Depth5893 type_id="opencv-matrix">
  <rows>60</rows>
  <cols>46</cols>
  <dt>w</dt>
  <data>
    4349 4349 4349 4405 4405 1731 1722 1722 1722 1722 1705 1731 1731
    1731 1731 1731 1739 1748 1739 1731 1731 1731 1748 1748 1757 1766
    1766 1757 1757 1757 1766 1776 1785 1785 1794 1794 1794 1804 1804
    4582 4582 4582 4582 4645 4645 4645 4349 4349 1748 1748 1731 1722
    1722 1713 1705 1705 1705 1731 1731 1731 1731 1731 1731 1739 1739
    1739 1739 1739 1748 1757 1757 1766 1766 1766 1766 1766 1766 1776
    1785 1785 1794 1794 1794 1804 1804 1804 4582 4582 4582 4645 4645
    4645 4405 4405 1766 1748 1731 1722 1722 1713 1705 1705 1713 1722
    1722 1731 1731 1731 1731 1739 1739 1748 1748 1748 1757 1757 1766
    1766 1766 1766 1766 1766 1776 1776 1785 1785 1794 1794 1794 1794
    1804 1804 4645 4645 4645 4645 4645 4645 3149 1766 1757 1748 1731
    1722 1722 1713 1705 1705 1713 1722 1722 1731 1731 1731 1731 1731
    1739 1748 1757 1757 1757 1757 1766 1766 1766 1766 1766 1766 1776
    1776 1785 1785 1794 1794 1794 1794 1794 1794 4645 4645 4645 4645
    4645 4645 1843 1766 1757 1748 1731 1722 1722 1713 1713 1713 1713
    1722 1722 1722 1722 1731 1731 1731 1731 1748 1757 1757 1757 1757
    1757 1766 1766 1766 1766 1766 1776 1776 1776 1785 1794 1794 1794
    1794 1794 1794 4582 4582 4582 4645 4645 4645 1843 1766 1757 1748
    1731 1722 1713 1713 1713 1713 1713 1722 1722 1722 1722 1722 1731
    1731 1731 1748 1748 1757 1757 1757 1757 1757 1757 1766 1766 1766
    1766 1766 1776 1785 1785 1794 1794 1794 1794 1804 1804 4582 4582
    4645 4645 4645 1794 1766 1766 1757 1739 1722 1713 1705 1705 1705
    1713 1722 1722 1722 1722 1722 1731 1731 1731 1748 1748 1748 1757
    1757 1757 1757 1757 1766 1766 1766 1766 1766 1776 1785 1785 1794
    1794 1794 1794 1794 1794 4645 4645 4645 4645 4645 1785 1766 1766
    1757 1739 1722 1705 1696 1696 1705 1705 1722 1713 1713 1722 1722
    1722 1731 1731 1739 1748 1748 1757 1757 1757 1757 1757 1757 1766
    1766 1766 1766 1776 1776 1785 1794 1794 1794 1794 1794 1804 1804
    4645 4645 4645 4582 1785 1785 1766 1757 1739 1722 1705 1696 1696
    1705 1705 1713 1713 1713 1722 1722 1722 1731 1731 1739 1739 1748
    1757 1757 1757 1757 1757 1757 1757 1766 1766 1766 1776 1776 1785
    1785 1794 1794 1794 1794 1794 1794 4645 4645 4645 4582 1785 1785
    1766 1757 1748 1722 1705 1696 1696 1705 1705 1705 1713 1713 1722
    1722 1722 1722 1731 1731 1739 1739 1748 1757 1757 1757 1757 1757
    1757 1766 1766 1766 1776 1776 1785 1785 1794 1794 1794 1794 1794
    1794 4645 4645 4582 4582 1785 1785 1766 1757 1739 1722 1705 1696
    1696 1705 1705 1705 1705 1713 1722 1722 1722 1722 1731 1731 1739
    1739 1739 1748 1757 1757 1757 1757 1757 1766 1776 1776 1776 1776
    1785 1785 1794 1794 1794 1794 1804 1804 4645 4645 4582 4582 3064
    1785 1766 1757 1739 1722 1713 1705 1705 1705 1705 1705 1705 1705
    1722 1722 1722 1731 1731 1731 1731 1731 1739 1748 1748 1757 1757
    1757 1766 1766 1766 1766 1776 1776 1785 1785 1785 1794 1794 1794
    1804 1804 4645 4645 4582 4582 3092 1785 1766 1757 1739 1722 1713
    1705 1705 1696 1696 1705 1705 1705 1722 1722 1722 1731 1722 1722
    1731 1731 1731 1739 1748 1757 1757 1757 1766 1766 1766 1766 1766
    1776 1776 1785 1785 1785 1794 1794 1804 1804 4645 4645 4582 4582
    3092 1794 1776 1766 1748 1731 1713 1705 1696 1696 1696 1696 1696
    1705 1713 1722 1722 1722 1722 1722 1731 1731 1731 1739 1739 1748
    1757 1757 1766 1766 1766 1766 1766 1766 1766 1776 1776 1785 1785
    1794 1794 1804 1804 4645 4582 4582 1794 1794 1776 1766 1748 1731
    1713 1705 1696 1696 1696 1696 1696 1713 1713 1713 1722 1722 1722
    1722 1722 1731 1731 1739 1739 1748 1748 1757 1757 1766 1766 1766
    1766 1766 1766 1776 1776 1785 1785 1794 1794 1804 1804 4582 4582
    4582 1785 1785 1776 1766 1757 1739 1713 1705 1696 1696 1696 1696
    1696 1713 1713 1713 1722 1722 1722 1722 1722 1731 1731 1739 1739
    1739 1748 1748 1757 1757 1766 1766 1766 1766 1766 1776 1776 1785
    1785 1794 1794 1804 1804 4582 4582 4582 3037 1785 1776 1766 1748
    1731 1722 1705 1696 1696 1696 1696 1696 1705 1705 1713 1722 1722
    1722 1722 1722 1731 1731 1739 1739 1739 1748 1748 1748 1757 1766
    1766 1766 1766 1776 1776 1785 1785 1785 1794 1794 1804 1813 1813
    4582 4582 3037 1794 1766 1757 1748 1731 1722 1705 1696 1696 1696
    1696 1705 1705 1705 1713 1722 1722 1722 1722 1722 1731 1731 1739
    1739 1739 1748 1748 1748 1757 1766 1766 1766 1766 1776 1776 1785
    1785 1785 1785 1785 1794 1813 1813 4582 4582 3037 1757 1757 1757
    1748 1731 1722 1705 1696 1688 1688 1696 1705 1705 1705 1713 1722
    1722 1722 1722 1722 1722 1731 1739 1739 1739 1739 1748 1748 1757
    1757 1757 1757 1757 1776 1776 1785 1785 1785 1785 1785 1794 1813
    4582 4582 4582 3037 3037 1757 1757 1748 1731 1722 1705 1696 1688
    1688 1696 1696 1696 1696 1705 1713 1722 1722 1722 1722 1722 1731
    1739 1739 1739 1739 1739 1748 1757 1757 1757 1757 1757 1776 1776
    1785 1785 1785 1785 1785 1785 1804 4582 4582 4582 3037 3037 1757
    1757 1748 1731 1731 1705 1696 1688 1688 1696 1696 1696 1696 1705
    1713 1722 1722 1722 1722 1722 1731 1731 1731 1731 1739 1739 1748
    1757 1757 1757 1757 1757 1766 1766 1776 1776 1776 1776 1776 1785
    1794 1794 4582 4582 3064 3064 1757 1757 1748 1739 1731 1705 1688
    1688 1696 1696 1696 1696 1696 1705 1713 1722 1722 1722 1722 1722
    1722 1731 1731 1731 1731 1739 1739 1748 1757 1757 1757 1757 1766
    1766 1776 1776 1776 1776 1776 1785 1794 1794 4582 4582 3037 3010
    1776 1766 1748 1739 1722 1705 1688 1688 1696 1696 1696 1696 1696
    1705 1713 1713 1722 1722 1722 1722 1722 1731 1731 1731 1731 1739
    1739 1748 1757 1757 1757 1766 1766 1766 1766 1766 1766 1776 1776
    1794 1794 1794 4522 4522 3037 3010 1785 1766 1748 1739 1722 1705
    1696 1696 1696 1696 1696 1696 1696 1705 1713 1713 1722 1722 1722
    1722 1722 1731 1731 1731 1731 1739 1739 1748 1757 1757 1757 1766
    1766 1766 1766 1766 1766 1776 1785 1794 1794 1794 4522 4522 3037
    3010 1776 1766 1757 1739 1722 1705 1696 1696 1696 1696 1696 1696
    1696 1705 1713 1713 1713 1713 1713 1722 1722 1731 1731 1731 1731
    1739 1739 1748 1757 1757 1757 1766 1766 1766 1766 1766 1766 1776
    1785 1785 1794 1794 4522 4522 3010 3010 1776 1766 1757 1748 1722
    1713 1705 1688 1688 1696 1696 1696 1696 1705 1713 1713 1713 1713
    1713 1722 1722 1731 1731 1739 1739 1739 1739 1748 1757 1757 1757
    1757 1766 1766 1766 1766 1766 1766 1766 1766 1785 1785 4522 4522
    3010 3010 1766 1766 1757 1739 1722 1713 1705 1688 1688 1688 1696
    1696 1705 1705 1713 1713 1713 1713 1713 1722 1722 1731 1731 1731
    1731 1739 1739 1748 1748 1748 1757 1757 1757 1757 1766 1766 1766
    1766 1766 1766 1766 1766 4522 4522 3010 3010 1766 1766 1757 1739
    1731 1713 1705 1688 1688 1688 1688 1696 1696 1696 1705 1705 1713
    1713 1722 1722 1722 1722 1731 1731 1731 1731 1731 1739 1748 1748
    1757 1757 1757 1757 1757 1766 1766 1766 1766 1766 1766 1766 4645
    4645 3010 3010 1757 1757 1757 1739 1731 1713 1705 1688 1688 1688
    1688 1696 1696 1696 1705 1705 1713 1713 1722 1722 1722 1722 1722
    1722 1722 1731 1731 1731 1739 1739 1748 1748 1757 1757 1757 1766
    1766 1766 1766 1766 1766 1766 4645 4645 3010 3010 1757 1757 1757
    1739 1731 1713 1696 1688 1688 1688 1688 1688 1688 1696 1696 1705
    1713 1713 1722 1722 1722 1722 1722 1722 1722 1731 1731 1731 1739
    1739 1748 1748 1757 1757 1757 1766 1766 1766 1766 1766 1766 1766
    4645 4645 3010 3010 1766 1766 1757 1748 1731 1722 1696 1688 1688
    1688 1688 1688 1688 1688 1696 1696 1705 1713 1713 1713 1722 1722
    1722 1722 1722 1731 1731 1731 1739 1739 1748 1757 1757 1757 1757
    1766 1766 1766 1766 1766 1766 1766 4645 4645 3037 3037 1766 1766
    1757 1748 1731 1722 1696 1688 1688 1688 1688 1688 1688 1688 1696
    1696 1705 1705 1713 1713 1713 1722 1722 1722 1722 1731 1731 1731
    1731 1739 1748 1748 1757 1757 1757 1757 1766 1766 1766 1766 1766
    1766 1766 4645 3037 3037 1776 1766 1757 1739 1731 1722 1696 1688
