<?xml version="1.0"?>
<opencv_storage>
<Depth17791 type_id="opencv-matrix">
  <rows>25</rows>
  <cols>6</cols>
  <dt>w</dt>
  <data>
    4911 4983 4983 4983 4983 4983 4911 4983 4983 4983 4983 4983 4911
    4911 4911 4983 4983 4983 4911 4911 4911 4983 4983 4983 4911 4911
    4983 4983 4983 4983 4911 4911 4983 4983 4983 4983 4842 4842 4983
    4983 4983 4983 4842 4842 4983 4983 4983 4983 4842 4842 4911 4911
    4983 4983 4774 4842 4842 4842 4983 4983 4774 4842 4842 4842 4842
    4842 4774 4842 4911 4911 4842 4842 4774 4842 4911 4911 4911 4911
    4842 4842 4983 4983 4983 4983 4911 4911 5056 5056 5056 5056 4911
    4911 5056 5056 5056 5056 4842 4911 4983 5056 5056 5056 4842 4911
    4911 4983 4983 4983 4911 4911 4911 4983 4983 4983 4842 4911 4911
    4983 4983 4983 4842 4911 4911 4983 4983 4983 4842 4911 4911 4983
    4983 4983 4842 4911 4911 4983 5056 5056 4911 4911 4983 4983 5056
    5056 4911 4983 4983 5056 5056 5056</data></Depth17791>
</opencv_storage>
