<?xml version="1.0"?>
<opencv_storage>
<Depth2503 type_id="opencv-matrix">
  <rows>34</rows>
  <cols>49</cols>
  <dt>w</dt>
  <data>
    2090 2090 2078 2078 2078 2078 2065 2065 2065 2065 2053 2053 4911
    4911 4911 4911 4911 2103 2103 2103 2090 2090 2090 2090 2090 2103
    2103 2090 2090 2090 2090 2090 2090 2090 2103 2103 2103 2103 2103
    2103 2103 2103 2103 2116 2103 2103 4983 4983 4983 4842 2090 2078
    2065 2065 2065 2065 2065 2065 2065 2053 2053 2065 2090 2090 2090
    2090 2103 2103 2103 2090 2090 2090 2090 2090 2103 2103 2090 2090
    2090 2090 2090 2090 2090 2103 2103 2103 2103 2103 2103 2103 2103
    2103 2116 2103 2103 2116 2116 4983 4911 2090 2078 2065 2065 2065
    2065 2065 2065 2065 2053 2053 2065 2090 2090 2090 2090 2090 2090
    2103 2078 2078 2090 2090 2090 2103 2103 2103 2103 2103 2103 2090
    2090 2103 2103 2103 2103 2103 2103 2103 2103 2103 2103 2116 2116
    2116 2116 2116 2116 4983 2090 2078 2065 2065 2065 2065 2065 2065
    2065 2078 2078 2090 2090 2090 2090 2078 2078 2078 2078 2078 2078
    2090 2090 2090 2103 2103 2103 2103 2103 2103 2090 2090 2103 2103
    2103 2103 2116 2103 2103 2103 2103 2103 2103 2103 2103 2116 2116 0
    4983 2090 2078 2065 2065 2065 2065 2065 2065 2065 2078 2078 2090
    2090 2078 2078 2078 2078 2078 2078 2078 2078 2090 2090 2103 2103
    2103 2090 2090 2103 2103 2090 2090 2103 2103 2103 2103 2103 2103
    2116 2103 2103 2103 2103 2103 2103 2103 2103 0 4842 2065 2065 2065
    2065 2065 2065 2065 2065 2065 2078 2078 2078 2078 2078 2078 2078
    2078 2078 2078 2078 2078 2090 2090 2090 2090 2090 2090 2090 2090
    2090 2090 2090 2103 2103 2103 2103 2103 2103 2116 2103 2103 2103
    2103 2103 2103 2103 2103 2116 4842 2053 2053 2053 2065 2065 2065
    2065 2065 2065 2078 2078 2078 2078 2078 2078 2078 2078 2078 2078
    2078 2090 2090 2090 2090 2090 2090 2090 2090 2090 2090 2090 2090
    2103 2103 2103 2103 2103 2103 2116 2116 2116 2116 2103 2103 2103
    2103 2116 2116 4911 2053 2053 2053 2065 2065 2065 2065 2065 2078
    2078 2078 2078 2078 2078 2078 2078 2078 2078 2078 2078 2090 2090
    2090 2090 2090 2090 2090 2090 2090 2090 2103 2103 2103 2103 2103
    2103 2103 2103 2116 2116 2116 2116 2103 2103 2103 2103 2103 2103
    4911 2053 2053 2053 2065 2065 2065 2065 2078 2078 2078 2078 2078
    2090 2090 2090 2078 2078 2078 2078 2090 2090 2090 2090 2090 2090
    2090 2090 2090 2090 2103 2103 2103 2103 2103 2103 2103 2103 2116
    2116 2116 2116 2116 2103 2103 2103 2103 2090 2090 2053 2053 2053
    2065 2065 2065 2065 2065 2078 2078 2078 2078 2078 2090 2078 2078
    2078 2078 2078 2090 2090 2090 2090 2090 2090 2090 2090 2090 2090
    2103 2103 2103 2103 2103 2103 2103 2103 2103 2116 2103 2103 2103
    2116 2116 2103 2103 2103 2090 2090 2090 2065 2065 2065 2065 2065
    2065 2065 2065 2065 2065 2078 2078 2078 2078 2078 2065 2065 2078
    2090 2090 2090 2090 2090 2090 2090 2090 2090 2090 2103 2103 2103
    2103 2103 2090 2090 2103 2103 2103 2103 2103 2103 2116 2116 2116
    2103 2103 2103 2103 2090 2065 2065 2065 2053 2053 2065 2065 2065
    2065 2065 2078 2078 2078 2078 2078 2065 2065 2078 2090 2090 2078
    2078 2078 2078 2078 2090 2103 2103 2103 2103 2103 2103 2103 2090
    2090 2103 2103 2103 2103 2103 2103 2103 2116 2116 2116 2116 2103
    2103 2090 2065 2065 2065 2053 2053 2065 2065 2065 2065 2065 2065
    2078 2078 2078 2078 2078 2078 2078 2090 2090 2078 2078 2078 2078
    2078 2078 2103 2103 2103 2103 2103 2103 2103 2103 2103 2103 2103
    2103 2103 2103 2103 2103 2116 2116 2116 2116 2116 2116 2078 2065
    2065 2065 2065 2065 2065 2065 2065 2065 2065 2065 2078 2078 2078
    2078 2078 2078 2078 2090 2090 2090 2090 2078 2078 2078 2078 2103
    2103 2103 2103 2103 2103 2103 2103 2103 2103 2103 2103 2103 2103
    2103 2103 2116 2116 2116 2116 2116 2116 2078 2065 2065 2065 2065
    2078 2078 2065 2065 2065 2065 2065 2078 2078 2078 2078 2078 2090
    2090 2090 2090 2090 2090 2090 2090 2090 2090 2103 2103 2103 2103
    2103 2103 2103 2090 2090 2103 2103 2103 2116 2103 2103 2103 2116
    2116 2116 2116 2116 2116 0 0 2065 2065 2065 2078 2078 2065 2065 2065
    2065 2065 2078 2078 2078 2078 2090 2090 2090 2090 2090 2090 2090
    2090 2090 2090 2090 2090 2090 2090 2103 2103 2103 2103 2090 2090
    2090 2103 2103 2103 2103 2103 2103 2116 2116 2116 2116 2116 2116 0 0
    2078 2065 2065 2078 2078 2078 2065 2065 2065 2065 2065 2078 2078
    2078 2090 2090 2090 2090 2090 2090 2090 2090 2090 2090 2090 2090
    2090 2090 2103 2103 2103 2103 2090 2090 2090 2103 2103 2103 2103
    2103 2103 2103 2116 2116 2116 2116 2116 0 0 2065 2065 2065 2065 2065
    2065 2065 2065 2065 2065 2065 2078 2078 2078 2078 2078 2090 2090
    2090 2090 2090 2090 2090 2090 2090 2090 2103 2103 2103 2103 2103
    2103 2103 2103 2103 2103 2103 2103 2103 2103 2103 2103 2116 2116
    2116 2116 2116 0 2078 2065 2065 2065 2065 2065 2065 2065 2065 2065
    2065 2078 2078 2078 2078 2078 2078 2078 2090 2090 2090 2090 2090
    2090 2090 2090 2090 2103 2103 2103 2103 2103 2103 2103 2103 2103
    2103 2103 2103 2103 2103 2103 2116 2116 2116 2116 2116 2116 0 2078
    2078 2078 2065 2065 2065 2065 2065 2065 2065 2065 2078 2078 2078
    2078 2078 2078 2078 2078 2090 2090 2090 2090 2090 2090 2103 2103
    2103 2103 2103 2103 2103 2103 2103 2103 2103 2103 2103 2103 2116
    2116 2116 2116 2116 2116 2116 2116 2129 2129 2090 2090 2078 2078
    2065 2065 2065 2065 2065 2065 2065 2078 2078 2078 2078 2078 2078
    2078 2078 2078 2090 2090 2090 2090 2090 2103 2103 2103 2103 2103
    2103 2103 2103 2103 2116 2116 2116 2116 2116 2116 2116 2116 2116
    2116 2116 2116 2116 2129 2116 2103 2090 2078 2078 2065 2065 2065
    2065 2065 2065 2065 2078 2078 2090 2078 2078 2078 2078 2078 2078
    2090 2103 2103 2103 2103 2103 2103 2103 2103 2103 2103 2103 2103
    2103 2116 2116 2116 2116 2116 2116 2116 2116 2116 2116 2116 2116
    2116 2116 2116 2103 2090 2078 2078 2078 2065 2065 2065 2065 2065
    2065 2065 2065 2078 2090 2090 2090 2090 2090 2090 2090 2103 2103
    2103 2103 2103 2103 2103 2103 2103 2103 2103 2103 2103 2116 2116
    2116 2116 2116 2116 2116 2116 2116 2116 2116 2116 2116 2129 0 2103
    2078 2078 2078 2078 2065 2065 2065 2078 2078 2078 2065 2065 2078
    2090 2090 2078 2078 2078 2090 2090 2103 2103 2103 2103 2103 2103
    2103 2103 2103 2103 2103 2103 2103 2103 2103 2116 2116 2116 2116
    2116 2116 2116 2116 2116 2116 2116 2129 4911 2103 2065 2065 2065
    2078 2065 2065 2065 2078 2078 2065 2065 2065 2078 2078 2078 2078
    2078 2078 2078 2078 2090 2103 2103 2103 2103 2103 2103 2103 2103
    2103 2103 2103 2103 2103 2103 2103 2116 2116 2116 2116 2116 2116
    2116 2116 2116 2116 2116 4911 2065 2065 2065 2065 2078 2065 2065
    2065 2065 2065 2065 2065 2065 2078 2078 2078 2078 2078 2078 2078
    2078 2078 2103 2103 2103 2103 2103 2103 2103 2103 2103 2103 2116
    2103 2103 2103 2103 2116 2116 2116 2116 2116 2116 2116 2116 2116
    2116 2116 4983 4983 2078 2078 2078 2065 2065 2065 2065 2065 2065
    2065 2065 2065 2078 2078 2078 2078 2078 2078 2078 2078 2078 2103
    2103 2103 2103 2103 2103 2103 2103 2103 2103 2103 2103 2103 2103
    2103 2116 2116 2103 2103 2116 2116 2116 2116 2116 2116 2090 4983
    4983 2078 2078 2078 2065 2065 2065 2065 2065 2065 2065 2065 2065
    2078 2078 2078 2078 2078 2078 2078 2078 2090 2103 2103 2103 2103
    2103 2103 2103 2103 2103 2103 2103 2103 2103 2103 2103 2103 2103
    2103 2103 2116 2116 2116 2116 2116 2116 2090 4911 4911 2078 2078
    2078 2065 2065 2065 2065 2065 2065 2065 2078 2078 2078 2078 2078
    2090 2090 2090 2090 2090 2090 2103 2103 2103 2103 2103 2103 2103
    2103 2103 2103 2103 2103 2103 2103 2103 2103 2103 2116 2116 2116
    2116 2129 2116 2116 2116 2116 4911 4911 2078 2078 2065 2065 2065
    2065 2065 2065 2065 2065 2078 2078 2078 2090 2090 2090 2090 2103
    2103 2103 2103 2103 2116 2116 2103 2103 2103 2103 2103 2103 2103
    2103 2103 2103 2103 2103 2103 2116 2116 2116 2116 2129 2129 2116
    2116 2116 2116 4842 4842 4842 2065 2065 2065 2065 2065 2065 2078
