<?xml version="1.0"?>
<opencv_storage>
<Depth17782 type_id="opencv-matrix">
  <rows>60</rows>
  <cols>78</cols>
  <dt>w</dt>
  <data>
    3037 3037 3010 3010 3010 3010 3010 3010 3010 2984 2984 2984 2984
    2984 2984 2984 2984 2984 2984 2984 2958 2958 2958 2958 2958 2958
    2958 2958 2958 2958 2933 2933 2933 2933 2933 2933 2933 2958 2958
    2958 2958 2933 2933 2908 2908 2908 2883 2883 2883 2859 2859 2883
    2883 2883 2883 2908 728 728 730 2958 2958 738 736 736 734 734 734
    736 2859 734 733 733 733 2680 2618 734 734 2103 3010 3010 3010 3010
    3010 3010 3010 3010 2984 2984 2984 2984 2984 2984 2984 2984 2984
    2984 2984 2984 2958 2958 2958 2958 2958 2958 2933 2933 2933 2958
    2933 2933 2933 2933 733 733 733 733 733 2958 2933 2908 2908 2933
    2933 2908 2883 2883 2883 2859 2859 733 733 733 733 731 728 728 730
    731 731 733 734 734 733 733 733 733 733 733 733 733 733 733 733 733
    733 733 3010 3010 3010 3010 3010 3010 3010 3010 2984 2984 2984 2984
    2958 2958 2984 2984 2984 2984 2984 2984 2984 2958 2958 2933 2933
    2933 731 730 730 730 733 2933 731 731 733 733 733 731 731 731 731
    731 2908 2933 2933 2933 2883 2883 2883 2883 733 733 733 733 731 731
    730 730 731 731 731 733 733 733 733 733 733 731 731 731 731 731 733
    731 731 731 731 731 2984 3010 3010 3010 3010 3010 3010 2984 2984
    2984 2958 2958 2958 2958 734 734 733 731 731 733 2984 733 731 731
    731 733 731 730 730 730 731 731 731 731 731 731 731 731 731 731 730
    730 730 730 728 728 730 730 731 731 731 731 731 731 731 731 731 731
    731 731 731 731 733 733 733 731 731 731 731 731 731 731 730 730 731
    731 731 731 2984 3010 3010 3010 3010 3010 2984 2984 2984 2984 2958
    2958 2958 730 730 731 731 731 731 731 731 731 731 731 730 730 731
    731 730 730 731 731 731 731 731 731 731 731 731 731 730 728 728 728
    727 727 727 727 727 728 731 731 731 731 731 731 731 730 730 730 731
    731 733 733 731 731 731 731 731 731 731 731 730 730 730 730 730 730
    2984 3010 3010 3010 2984 2984 2984 2984 2984 2984 2984 2958 2958 728
    728 730 730 730 730 730 728 728 728 728 727 727 728 730 730 730 730
    730 730 730 730 730 730 730 728 728 728 727 727 728 727 727 725 725
    727 727 727 727 727 731 730 730 728 727 727 728 728 728 728 728 730
    730 730 730 730 730 728 728 728 728 728 728 727 727 2984 2984 2984
    3010 2984 2984 2958 2958 2958 2958 2984 2958 2958 727 727 728 730
    730 730 730 728 728 728 727 725 725 725 727 727 727 727 727 727 727
    727 727 727 727 727 727 725 725 725 725 725 725 725 725 725 725 725
    725 725 727 725 725 723 723 727 727 727 727 727 727 727 727 727 727
    728 727 727 725 725 725 725 725 725 725 2984 2984 2984 2984 2984
    2984 2958 2958 2958 731 731 731 727 725 725 727 728 728 728 728 727
    727 727 725 723 723 723 723 723 725 725 725 725 725 725 723 723 725
    725 725 723 723 722 722 722 722 722 723 723 723 723 723 723 723 723
    722 722 722 722 722 722 723 725 725 725 725 725 725 725 723 723 723
    723 723 723 723 722 722 2984 2958 2958 2984 2984 2958 2958 731 731
    730 730 730 725 725 725 725 725 727 727 727 725 725 725 722 722 722
    722 722 722 723 723 723 723 723 722 722 722 723 723 722 722 722 720
    720 720 720 720 722 722 722 722 722 722 722 720 720 720 720 720 720
    720 720 720 720 722 723 723 722 722 722 722 722 720 720 720 720 720
    720 2958 2958 2958 2984 2984 2958 2958 731 731 730 730 730 725 725
    725 725 725 727 727 727 725 723 722 720 720 720 720 720 720 722 722
    720 720 720 720 720 720 720 720 720 720 720 720 719 719 719 719 720
    720 720 720 720 720 719 719 719 719 719 719 720 720 720 720 719 719
    720 720 720 720 720 720 720 720 720 720 720 720 719 2958 2958 2958
    2984 2984 2984 2958 731 731 730 728 728 727 725 723 723 725 725 725
    725 723 720 719 719 719 719 719 719 719 720 720 720 719 719 719 719
    719 719 719 719 720 720 719 719 719 717 717 719 719 719 719 719 720
    719 717 717 717 719 719 719 719 719 719 717 717 719 719 719 719 719
    719 719 717 717 717 717 717 717 2958 2958 2958 2984 2984 2984 2958
    731 731 730 728 728 727 725 723 723 723 725 725 725 722 717 717 717
    717 719 717 717 719 720 719 719 719 719 719 719 719 719 719 719 719
    719 719 719 719 717 717 717 717 719 717 717 717 717 716 716 716 716
    717 717 719 719 717 717 717 717 717 717 717 717 717 716 714 714 714
    714 716 716 2958 2958 2958 3010 2984 2984 2958 731 731 730 728 728
    727 725 723 722 722 722 723 722 719 716 716 716 716 716 717 717 717
    719 719 719 717 717 717 719 719 719 719 717 717 717 717 719 717 716
    716 717 717 717 716 716 716 716 714 714 714 716 716 716 716 716 716
    716 716 716 716 716 716 714 714 714 714 714 714 714 714 714 2958
    2958 0 0 0 731 0 731 731 730 730 730 728 727 722 720 720 722 723 722
    719 714 713 713 713 714 716 716 716 719 719 717 716 716 716 717 717
    717 717 717 716 716 716 717 716 714 714 714 714 716 714 714 714 714
    714 714 714 714 714 716 714 714 714 714 714 714 714 714 714 713 713
    713 713 713 713 713 713 713 2933 2933 0 0 0 0 0 0 731 731 730 730
    728 728 722 720 720 722 722 720 717 714 713 713 713 713 713 713 714
    717 717 716 714 714 714 714 716 716 716 716 714 714 714 716 716 714
    714 714 714 714 714 714 713 713 713 711 711 713 713 713 713 713 713
    713 714 714 713 713 711 711 711 711 711 713 713 713 713 711 2933
    2933 0 0 0 0 0 0 731 731 730 730 730 730 723 720 720 720 720 720 716
    711 711 711 711 713 713 713 713 716 716 714 714 714 714 714 714 714
    714 714 713 713 713 713 714 713 713 713 713 713 713 713 711 711 711
    711 711 711 713 713 711 711 711 711 711 711 711 711 710 710 708 708
    708 708 710 710 711 711 2933 2933 0 0 0 0 0 0 0 731 731 730 728 728
    725 720 720 719 717 716 713 711 711 711 711 711 711 711 711 713 713
    713 713 713 713 713 713 713 713 711 711 711 711 713 711 711 713 713
    713 713 711 711 711 710 710 710 710 710 711 711 710 710 710 710 710
    710 710 708 708 708 707 707 707 707 707 707 708 707 2883 2933 0 0 0
    0 0 0 0 731 728 728 727 727 728 723 720 717 716 711 711 710 710 710
    708 708 710 710 710 711 711 711 711 711 711 713 713 711 711 711 711
    710 710 710 708 708 710 710 711 710 710 708 708 708 708 708 708 708
    708 708 708 708 708 708 708 707 707 707 707 707 707 706 706 706 704
    704 703 703 2883 0 0 0 0 0 0 0 783 733 728 728 727 727 728 725 720
    717 714 710 708 708 708 708 708 707 707 707 707 708 710 710 710 711
    711 711 711 710 710 710 710 708 708 707 707 707 707 707 710 708 708
    707 707 707 707 707 707 707 707 706 706 707 707 707 707 706 706 706
    706 706 706 704 704 704 703 703 701 701 0 0 0 0 0 0 0 787 783 734
    730 728 728 728 728 728 720 717 713 707 707 707 707 707 707 707 706
    706 706 707 707 707 707 707 710 710 708 708 708 708 707 707 707 707
    707 706 706 706 707 707 707 707 707 707 706 706 706 706 704 703 703
    704 704 706 704 704 704 704 704 704 703 703 703 703 701 701 701 701
    0 0 0 0 0 0 787 785 785 781 730 728 728 728 728 728 720 714 708 706
    706 706 704 704 706 706 706 704 704 706 706 704 704 704 704 704 704
    704 706 704 704 704 704 704 704 704 703 703 703 704 706 706 704 704
    704 703 703 703 703 703 703 703 703 703 703 703 701 701 701 701 701
    701 701 701 701 701 701 700 0 0 0 0 0 0 787 783 783 780 730 730 728
    728 730 730 730 714 707 704 703 703 701 701 701 701 703 703 703 704
    704 703 703 703 703 703 703 703 701 701 701 703 703 703 703 703 701
    701 701 701 703 703 703 701 701 701 701 701 701 701 701 701 701 701
    701 701 700 700 700 700 700 698 698 700 698 698 700 698 0 0 0 0 0 0
    0 783 781 776 728 728 728 728 730 730 730 730 703 701 701 700 700
    698 698 700 701 700 700 703 701 701 701 701 700 700 700 700 700 700
    700 700 700 700 700 701 701 701 701 701 701 700 700 700 700 700 698
    698 698 700 698 698 698 698 698 697 697 698 698 698 698 697 697 697
    697 697 696 696 0 0 0 0 0 0 0 783 781 773 728 728 728 728 730 731
    731 731 701 700 700 697 697 696 696 696 698 698 698 701 701 700 700
