<?xml version="1.0"?>
<opencv_storage>
<Depth11036 type_id="opencv-matrix">
  <rows>81</rows>
  <cols>53</cols>
  <dt>w</dt>
  <data>
    3433 3433 3399 3399 3365 3333 3333 3365 3399 3399 3399 3399 1084
    1090 1087 1087 1084 1084 0 0 1084 0 0 0 0 0 0 0 0 0 0 0 0 0 0 0 0 0
    0 1145 1145 1145 1149 1161 1169 1169 1157 1157 1206 1197 1197 1193
    1193 3433 3399 3399 3365 3300 3300 3333 3333 1084 1080 1084 1084
    1084 1090 1087 1087 1084 1084 1084 1084 1084 0 0 0 0 0 1041 1041
    1041 1044 1044 0 0 0 0 0 0 0 0 0 1134 1134 1134 1161 1169 1169 1153
    1153 1165 1165 1189 1189 1193 3433 3399 3399 3365 3300 1084 1084
    1084 1084 1080 1080 1084 1084 1084 1084 1084 1080 1080 1080 1080
    1080 1084 0 0 1038 1034 1034 1034 1034 1044 0 0 0 0 0 0 0 0 0 0 1115
    1115 1119 1119 1123 1123 1149 1149 1161 1165 1189 1189 1193 3539
    3539 1084 1084 1084 1080 1080 1080 1080 1080 1073 1073 1077 1077
    1080 1080 1077 1077 1077 1073 1073 1073 0 0 1038 1031 1028 1028 1028
    1028 1070 1070 1070 1080 1084 1084 0 0 0 1105 1105 1105 1115 1115
    1123 1138 1149 1149 1161 1165 1185 1193 1193 3468 0 0 0 1084 1080
    1080 1080 1073 1070 1067 1067 1067 1067 1060 1060 1067 1067 1067
    1067 1063 1054 1047 1047 1034 1031 1028 1028 1028 1067 1067 1067
    1067 1067 1067 1067 1070 1077 1080 1080 1101 1105 1115 1115 1123
    1138 1149 1149 1161 1165 1177 1177 1181 0 0 0 1080 1080 1080 1080
    1080 1073 1067 1067 1060 1057 1057 1057 1054 1054 1047 1047 1044
    1044 1044 1044 1038 1031 1028 1028 1025 1022 1022 1067 1057 1057
    1057 1057 1067 1067 1077 1080 1080 1101 1105 1112 1112 1126 1141
    1149 1149 1161 1165 1177 1181 1181 0 0 0 1087 1080 1080 1080 1077
    1070 1067 1063 1060 1057 1057 1057 1054 1047 1044 1041 1038 1038
    1038 1038 1031 1031 1025 1019 1019 1019 1022 1041 1041 1047 1054
    1057 1060 1067 1073 1080 1084 1101 1105 1108 1108 1138 1141 1153
    1153 1161 1169 1169 1169 1169 0 0 0 1077 1077 1077 1077 1077 1070
    1067 1063 1060 1057 1057 1054 1050 1047 1044 1041 1038 1034 1031
    1031 1031 1028 1025 1019 1016 1016 1019 1028 1041 1041 1044 1054
    1060 1073 1073 1080 1084 1101 1105 1108 1108 1134 1145 1153 1153
    1165 1169 1169 1169 1169 0 0 0 1077 1077 1077 1077 1077 1070 1067
    1067 1063 1060 1057 1054 1050 1044 1044 1041 1038 1031 1031 1031
    1031 1028 1025 1019 1016 1016 1019 1028 1041 1041 1044 1054 1060
    1077 1077 1084 1094 1105 1108 1108 1112 1134 1141 1145 1153 1165
    1173 1169 1169 1169 0 0 0 1077 1077 1077 1077 1073 1070 1067 1067
    1063 1060 1057 1054 1047 1044 1041 1041 1038 1031 1031 1031 1031
    1028 1025 1019 1016 1016 1016 1025 1038 1038 1044 1054 1060 1070
    1070 1084 1097 1105 1108 1108 1112 1138 1141 1145 1149 1165 1173
    1173 1177 1177 0 0 0 1080 1077 1077 1077 1073 1070 1067 1067 1063
    1060 1057 1054 1047 1044 1041 1041 1038 1031 1031 1031 1031 1028
    1022 1019 1016 1016 1016 1025 1038 1038 1044 1057 1063 1070 1070
    1084 1097 1105 1108 1108 1115 1138 1141 1149 1149 1165 1173 1181
    1181 1181 0 0 0 1080 1080 1077 1077 1073 1070 1067 1067 1063 1060
    1057 1050 1047 1044 1044 1041 1038 1034 1031 1031 1031 1028 1022
    1019 1016 1016 1016 1038 1038 1041 1047 1057 1070 1070 1070 1084
    1097 1108 1108 1108 1115 1138 1145 1153 1153 1173 1181 1185 1185 0 0
    0 0 1080 1080 1077 1077 1073 1067 1067 1067 1063 1060 1057 1050 1047
    1044 1044 1041 1038 1034 1031 1031 1028 1028 1022 1019 1019 1019
    1019 1038 1038 1041 1047 1057 1067 1067 1070 1084 1097 1108 1108
    1112 1115 1138 1145 1149 1153 1177 1181 1185 1185 0 0 0 0 1080 1080
    1077 1077 1070 1067 1067 1063 1063 1060 1057 1054 1050 1047 1044
    1041 1038 1034 1034 1031 1028 1025 1022 1019 1019 1019 1022 1034
    1034 1041 1047 1060 1067 1067 1070 1084 1097 1108 1108 1112 1126
    1145 1149 1149 1157 1177 1181 1185 1185 1185 0 0 0 1080 1080 1077
    1077 1070 1067 1067 1063 1060 1060 1057 1054 1050 1047 1044 1041
    1038 1034 1031 1031 1028 1025 1022 1019 1019 1019 1022 1034 1034
    1041 1047 1060 1070 1070 1073 1094 1097 1108 1108 1112 1130 1145
    1149 1149 1157 1173 1181 1185 1185 1185 0 0 0 1080 1080 1077 1077
    1073 1067 1067 1063 1060 1060 1057 1054 1050 1044 1044 1041 1038
    1034 1031 1031 1028 1025 1025 1019 1019 1022 1025 1034 1034 1041
    1047 1060 1067 1070 1073 1094 1101 1108 1108 1112 1130 1145 1149
    1149 1157 1173 1181 1185 1185 1185 0 0 0 1080 1080 1080 1080 1073
    1070 1067 1067 1063 1060 1057 1054 1050 1044 1041 1041 1038 1038
    1034 1031 1028 1025 1022 1019 1019 1022 1028 1038 1038 1041 1057
    1063 1067 1070 1073 1094 1101 1112 1112 1112 1134 1145 1153 1153
    1157 1173 1181 1181 1185 1185 0 0 0 1080 1080 1080 1080 1073 1070
    1070 1067 1067 1067 1057 1054 1050 1044 1041 1041 1041 1038 1034
    1031 1028 1025 1022 1019 1019 1025 1028 1031 1038 1041 1060 1067
    1067 1070 1073 1094 1101 1112 1112 1112 1138 1145 1149 1153 1157
    1173 1181 1181 1181 1181 0 0 0 1084 1080 1080 1080 1073 1070 1070
    1067 1067 1063 1057 1054 1050 1044 1044 1044 1041 1038 1034 1031
    1028 1025 1022 1022 1022 1025 1031 1031 1038 1041 1063 1067 1067
    1070 1070 1094 1105 1108 1108 1115 1138 1149 1149 1153 1169 1173
    1177 1181 1181 0 0 0 0 1084 1084 1080 1080 1073 1070 1070 1067 1067
    1063 1057 1054 1050 1044 1044 1041 1041 1038 1034 1031 1028 1025
    1025 1025 1025 1028 1031 1034 1038 1041 1063 1067 1067 1070 1070
    1101 1105 1108 1108 1119 1134 1149 1149 1153 1169 1173 1177 1181
    1181 3010 0 0 0 1084 1084 1080 1080 1077 1070 1070 1070 1067 1063
    1057 1054 1050 1044 1044 1041 1041 1038 1034 1031 1028 1028 1025
    1025 1025 1031 1031 1038 1038 1044 1063 1067 1067 1070 1094 1101
    1105 1108 1108 1123 1134 1149 1149 1153 1173 1177 1181 1181 1181
    3010 0 0 0 1084 1080 1080 1080 1077 1073 1070 1070 1067 1063 1057
    1054 1050 1047 1044 1041 1041 1038 1034 1031 1028 1028 1025 1025
    1025 1028 1031 1038 1041 1044 1067 1067 1067 1070 1094 1101 1105
    1108 1108 1123 1138 1149 1149 1153 1173 1177 1181 1181 1181 3010 0 0
    0 1084 1080 1077 1077 1073 1073 1070 1070 1067 1060 1057 1054 1054
    1047 1047 1041 1041 1038 1034 1031 1028 1025 1025 1022 1022 1028
    1038 1038 1041 1054 1067 1067 1067 1070 1094 1105 1108 1108 1112
    1126 1138 1149 1149 1157 1173 1177 1181 1181 1181 1181 0 0 1090 1084
    1080 1077 1077 1073 1073 1070 1070 1067 1060 1057 1054 1054 1047
    1047 1041 1041 1038 1034 1031 1028 1025 1025 1022 1022 1028 1034
    1034 1041 1057 1063 1067 1070 1073 1094 1101 1108 1108 1112 1130
    1141 1149 1149 1157 1173 1177 1177 1181 1181 0 0 0 1090 1084 1080
    1077 1077 1073 1073 1070 1070 1067 1060 1057 1054 1054 1047 1047
    1044 1041 1038 1031 1031 1028 1025 1025 1022 1022 1028 1034 1034
    1041 1057 1063 1070 1070 1073 1094 1101 1108 1108 1112 1130 1141
    1149 1149 1161 1173 1177 1177 1181 1181 3037 0 0 0 1080 1080 1077
    1077 1073 1070 1070 1067 1067 1060 1057 1054 1050 1047 1044 1041
    1041 1038 1031 1031 1028 1025 1025 1025 1025 1028 1031 1038 1041
    1057 1063 1070 1070 1073 1094 1097 1101 1108 1123 1130 1145 1149
    1149 1165 1177 1181 1181 1185 1185 3037 0 0 0 1080 1080 1077 1077
    1073 1070 1070 1067 1067 1060 1057 1054 1050 1047 1044 1041 1041
    1038 1031 1031 1028 1025 1025 1025 1025 1031 1031 1038 1041 1054
    1063 1070 1070 1077 1094 1097 1101 1108 1119 1130 1141 1153 1153
    1165 1177 1181 1181 1181 1181 3010 0 0 0 1084 1084 1080 1077 1073
    1070 1070 1067 1067 1060 1057 1054 1054 1050 1044 1041 1041 1038
    1034 1031 1028 1028 1025 1025 1028 1031 1031 1038 1041 1054 1063
    1070 1070 1084 1094 1097 1105 1108 1119 1130 1141 1149 1153 1169
    1181 1185 1185 1185 2984 3010 0 0 0 1084 1084 1080 1077 1077 1073
    1070 1070 1063 1060 1057 1054 1054 1050 1044 1041 1041 1038 1034
    1031 1031 1028 1025 1025 1028 1031 1031 1038 1047 1057 1063 1067
    1070 1087 1094 1101 1108 1108 1119 1138 1149 1149 1153 1169 1177
    1185 1189 1189 0 2984 0 0 1090 1084 1080 1077 1077 1080 1073 1070
    1067 1060 1060 1057 1054 1054 1050 1044 1041 1041 1038 1034 1031
