<?xml version="1.0"?>
<opencv_storage>
<Depth0231 type_id="opencv-matrix">
  <rows>24</rows>
  <cols>8</cols>
  <dt>w</dt>
  <data>
    4774 4708 4522 4349 4349 4349 4295 4295 4774 4708 4522 4349 4349
    4295 4295 4295 4774 4645 4405 4349 4349 4295 4295 4295 4708 4522
    4349 4295 4295 4295 4295 4295 4645 4349 4295 4295 4295 4295 4295
    4295 4405 4349 4295 4295 4295 4295 4295 4295 4349 4349 4295 4295
    4295 4295 4295 4349 4349 4349 4349 4349 4295 4295 4295 4349 4349
    4349 4349 4349 4295 4295 4295 4349 4349 4349 4349 4349 4405 4349
    4349 4349 4349 4349 4349 4405 4522 4405 4405 4405 4349 4349 4349
    4708 4708 4522 4522 4522 4405 4463 4463 4774 4708 4582 4522 4522
    4983 4983 4842 4774 4708 4582 4522 4522 4983 4983 4983 4842 4774
    4645 4582 4582 4983 4983 4983 4842 4774 4708 4645 4582 4983 4983
    4911 4842 4842 4774 4645 4645 5056 4983 4911 4911 4842 4842 4774
    4708 5056 4983 4911 4911 4842 4842 4842 4774 5056 5056 4983 4911
    4842 4842 4842 4774 5056 5056 4983 4983 4983 4842 4842 4774 5056
    5056 4983 4983 4983 4911 4842 4842 5056 4983 4983 4983 4983 4911
    4911 4842 5056 4983 4983 4983 4983 4911 4911 4911</data></Depth0231>
</opencv_storage>
