<?xml version="1.0"?>
<opencv_storage>
<Depth6104 type_id="opencv-matrix">
  <rows>18</rows>
  <cols>17</cols>
  <dt>w</dt>
  <data>
    2579 3614 3614 3539 3539 3576 3576 3576 3576 3614 3614 3614 3614
    3576 3576 3539 3539 2579 3614 3614 3576 3576 3614 3614 3614 3614
    3614 3614 3576 3576 3576 3576 3539 3539 2579 3614 3614 3576 3576
    3614 3614 3614 3614 3614 3614 3576 3576 3576 3576 3576 3576 2579
    3614 3614 3614 3614 3614 3614 3614 3614 3614 3614 3614 3576 3576
    3576 3539 3539 2579 3614 3614 3614 3614 3576 3576 3576 3614 3614
    3614 3614 3576 3576 3576 3539 2639 2560 3539 3576 3576 3576 3576
    3576 3576 3614 3614 3576 3576 3576 3539 3539 3539 2618 2560 3539
    3576 3539 3539 3576 3576 3576 3576 3576 3576 3576 3576 3539 3539
    2639 2618 3539 3539 3539 3539 3539 3576 3576 3576 3576 3576 3576
    3576 3576 3539 3539 2639 2618 3539 3539 3539 3539 3539 3614 3576
    3576 3576 3576 3576 3576 3576 3539 3539 3539 2618 3539 3539 3539
    3539 3576 3614 3614 3576 3576 3576 3576 3576 3576 3539 3539 3539
    2618 3576 3614 3576 3576 3576 3614 3614 3576 3576 3576 3576 3576
    3576 3576 3539 3539 2579 3614 3614 3614 3576 3576 3614 3614 3614
    3576 3576 3576 3576 3576 3576 3576 3539 2579 3576 3614 3614 3576
    3576 3614 3614 3614 3576 3576 3576 3576 3576 3576 3576 3539 3539
    3576 3576 3576 3576 3576 3614 3614 3614 3576 3576 3576 3576 3576
    3576 3576 3576 3576 3539 3539 3576 3539 3539 3614 3576 3576 3576
    3576 3576 3576 3576 3576 3576 3576 3576 2485 3539 3539 3539 3539
    3576 3576 3576 3576 3539 3539 3539 3539 3539 3539 3576 3576 1087
    1084 1084 3539 3539 3576 3576 3576 3576 3539 3503 3503 3433 3433
    3503 3539 3576 1080 1077 1077 1070 1070 1070 1054 3576 3576 3539
    3503 3503 3399 3399 3503 3539 3576</data></Depth6104>
</opencv_storage>
