<?xml version="1.0"?>
<opencv_storage>
<Depth14527 type_id="opencv-matrix">
  <rows>90</rows>
  <cols>31</cols>
  <dt>w</dt>
  <data>
    1470 1470 1470 1464 1464 1464 1464 1464 1470 1464 1464 1464 1458
    1458 1458 1452 1452 1452 1445 1445 1445 1445 1433 4774 4774 4774
    4842 4842 4774 4774 4774 1470 1470 1464 1464 1464 1464 1464 1464
    1464 1458 1458 1458 1452 1452 1452 1445 1445 1445 1445 1445 1433
    1433 1433 4708 4708 4708 4774 4774 4774 4774 4774 1470 1470 1464
    1464 1464 1458 1458 1458 1458 1452 1452 1458 1452 1452 1445 1445
    1439 1439 1439 1439 1433 1433 1433 4708 4708 4708 4774 4774 4774
    4774 4774 1470 1470 1464 1458 1458 1458 1458 1458 1452 1452 1452
    1452 1445 1445 1445 1439 1433 1433 1433 1433 1433 1433 1433 4708
    4708 4708 4774 4842 4774 4774 4774 1470 1464 1464 1458 1458 1452
    1452 1452 1452 1452 1452 1452 1445 1445 1445 1439 1433 1433 1427
    1427 1433 1433 1433 4708 4708 4708 4774 4842 4774 4774 4774 1470
    1464 1464 1458 1458 1452 1452 1452 1452 1452 1445 1445 1445 1445
    1445 1439 1433 1433 1427 1427 1433 1427 1427 1427 4708 4708 4774
    4774 4774 4774 4774 1464 1464 1464 1458 1458 1452 1452 1452 1452
    1452 1445 1445 1439 1439 1439 1439 1439 1439 1427 1427 1433 1427
    1427 1427 4774 4774 4774 4774 4774 4774 4774 1464 1464 1464 1464
    1458 1458 1458 1452 1452 1452 1445 1445 1439 1439 1439 1439 1439
    1439 1439 1439 1433 1427 1427 1427 4842 4842 4842 4774 4774 4774
    4774 1470 1464 1464 1458 1458 1458 1458 1452 1452 1452 1445 1445
    1439 1439 1439 1439 1439 1439 1433 1433 1433 1427 1427 1427 4842
    4842 4842 4774 4774 4774 4774 1470 1470 1464 1458 1458 1458 1452
    1452 1452 1452 1445 1445 1445 1439 1439 1439 1433 1433 1433 1433
    1433 1433 1433 1433 4842 4842 4842 4774 4774 4774 4842 1477 1470
    1464 1458 1458 1458 1452 1452 1452 1452 1452 1445 1445 1445 1445
    1439 1433 1433 1433 1433 1433 1433 1433 1433 1433 4842 4842 4842
    4842 4774 4774 1477 1470 1464 1458 1458 1458 1452 1452 1452 1452
    1452 1452 1445 1445 1445 1439 1439 1439 1433 1433 1433 1433 1433
    1433 1433 4842 4842 4842 4842 4774 4774 1477 1470 1464 1452 1452
    1452 1452 1452 1452 1452 1445 1445 1445 1439 1439 1433 1433 1433
    1433 1433 1433 1433 1433 1439 1439 4842 4842 4842 4842 4774 4774
    1470 1470 1458 1452 1452 1452 1452 1452 1452 1452 1445 1445 1445
    1439 1439 1433 1433 1433 1433 1433 1433 1433 1433 1433 1433 4842
    4842 4842 4842 4774 4774 1458 1458 1458 1452 1452 1452 1452 1452
    1452 1445 1445 1445 1445 1439 1439 1433 1433 1433 1433 1433 1433
    1433 1433 1433 1433 4842 4842 4842 4842 4842 4774 1458 1458 1458
    1458 1458 1458 1452 1452 1452 1445 1445 1445 1445 1445 1445 1433
    1433 1433 1433 1433 1433 1433 1427 1427 1427 4842 4842 4842 4842
    4842 4774 1458 1458 1458 1458 1458 1458 1458 1452 1452 1445 1445
    1445 1445 1445 1445 1439 1433 1433 1433 1433 1433 1433 1427 1427
    1427 4842 4842 4842 4842 4842 4774 1458 1458 1464 1458 1458 1458
    1458 1452 1452 1445 1445 1445 1445 1445 1439 1439 1439 1427 1427
    1433 1433 1427 1427 1427 4842 4842 4842 4842 4842 4842 4774 1458
    1458 1464 1458 1458 1452 1452 1452 1452 1445 1445 1445 1445 1445
    1439 1439 1439 1427 1427 1427 1433 1427 1427 1427 4842 4842 4842
    4842 4842 4842 4774 1464 1464 1464 1458 1458 1452 1452 1452 1452
    1445 1445 1445 1445 1439 1439 1439 1433 1433 1427 1427 1433 1433
    1433 1433 4842 4842 4842 4842 4842 4842 4774 1464 1464 1464 1458
    1452 1452 1452 1452 1452 1452 1445 1445 1445 1439 1439 1433 1433
    1427 1427 1427 1433 1433 1427 1427 1427 4842 4842 4842 4842 4842
    4774 1470 1470 1458 1458 1452 1452 1452 1445 1445 1445 1445 1445
    1445 1439 1439 1433 1433 1427 1427 1427 1433 1427 1427 1427 1427
    4774 4774 4774 4774 4774 4774 1470 1470 1458 1452 1452 1452 1452
    1445 1445 1445 1445 1445 1445 1439 1439 1433 1433 1433 1427 1427
    1433 1427 1421 1421 1421 4708 4708 4708 4774 4774 4774 1470 1470
    1458 1452 1452 1452 1452 1445 1445 1445 1445 1445 1439 1439 1439
    1433 1433 1427 1427 1427 1433 1427 1421 1421 1421 4708 4708 4708
    4774 4774 4774 1470 1470 1452 1452 1452 1452 1452 1445 1445 1445
    1445 1445 1439 1439 1439 1433 1433 1427 1427 1427 1427 1427 1410
    1410 1410 4774 4774 4774 4842 4842 4774 0 0 1452 1452 1452 1452 1452
    1445 1445 1445 1445 1445 1439 1439 1439 1433 1433 1427 1427 1427
    1427 1427 1410 1410 1410 1427 4842 4842 4842 4842 4774 0 0 1464 1464
    1458 1452 1452 1445 1445 1445 1445 1445 1439 1439 1433 1433 1427
    1427 1427 1427 1427 1427 1410 1410 1427 1427 4911 4911 4842 4842
    4774 0 1458 1458 1458 1458 1452 1452 1445 1445 1445 1445 1445 1439
    1439 1433 1433 1427 1427 1427 1427 1427 1427 1427 1421 1421 1421
    4911 4911 4842 4774 4774 1458 1458 1458 1458 1458 1452 1452 1445
    1445 1445 1445 1439 1439 1439 1433 1427 1427 1427 1427 1427 1427
    1427 1427 1421 1421 1421 4911 4842 4842 4774 4774 1452 1452 1452
    1458 1458 1452 1452 1445 1445 1445 1445 1439 1439 1439 1433 1427
    1427 1427 1427 1427 1427 1427 1427 1427 1427 4911 4911 4842 4842
    4774 4774 0 1452 1452 1452 1452 1452 1445 1445 1445 1445 1445 1439
    1439 1433 1433 1427 1427 1427 1427 1427 1427 1427 1427 1427 1427
    4911 4911 4842 4774 4774 4774 0 1452 1452 1452 1452 1452 1445 1445
    1445 1445 1445 1445 1439 1433 1427 1427 1427 1427 1427 1427 1433
    1433 1427 1427 1427 1427 4911 4842 4774 4774 4774 0 1458 1452 1452
    1452 1452 1445 1445 1445 1445 1445 1445 1439 1433 1427 1427 1427
    1427 1427 1427 1427 1427 1427 1427 1427 1427 4842 4842 4774 4774
    4774 0 1470 1458 1452 1452 1452 1445 1445 1445 1445 1445 1439 1439
    1433 1427 1427 1427 1427 1427 1427 1427 1427 1427 1427 1427 1427
    4842 4842 4774 4774 4774 0 1470 1458 1452 1452 1452 1445 1439 1439
    1439 1439 1439 1439 1433 1433 1427 1427 1427 1427 1427 1427 1427
    1427 1421 1421 1421 4842 4842 4774 4774 4774 0 1452 1452 1452 1452
    1452 1445 1439 1439 1439 1439 1439 1439 1433 1433 1433 1427 1427
    1427 1427 1427 1427 1427 1421 1421 1421 4774 4774 4774 4774 4774 0
    1452 1452 1452 1452 1445 1445 1439 1439 1439 1439 1439 1439 1439
    1433 1433 1427 1427 1427 1427 1427 1427 1427 1421 1421 1421 4774
    4774 4774 4774 4774 0 1452 1452 1452 1452 1445 1445 1445 1445 1439
    1439 1439 1439 1433 1433 1427 1427 1421 1421 1421 1427 1427 1427
    1427 1427 1427 4774 4774 4774 4774 4774 0 1452 1452 1452 1452 1452
    1445 1445 1445 1439 1439 1439 1433 1433 1427 1427 1427 1421 1421
    1421 1427 1427 1427 1427 1433 1433 4774 4774 4774 4774 4774 0 0 1452
    1452 1452 1445 1445 1445 1445 1445 1439 1433 1433 1433 1427 1427
    1427 1421 1421 1421 1427 1427 1427 1427 1433 1433 4774 4774 4774
    4774 4774 0 0 1458 1452 1452 1445 1445 1445 1445 1439 1439 1433 1433
    1433 1427 1427 1427 1421 1421 1421 1427 1427 1427 1421 1421 1421
    4774 4774 4774 4774 4774 0 0 1464 1452 1452 1445 1445 1445 1439 1439
    1439 1433 1433 1433 1427 1427 1427 1421 1421 1421 1427 1427 1421
    1421 1421 1421 1421 4774 4774 4774 4708 0 0 1464 1452 1445 1445 1445
    1439 1439 1439 1433 1433 1433 1433 1433 1427 1427 1421 1421 1421
    1427 1427 1421 1415 1415 1415 0 4774 4774 4774 4708 0 0 1445 1445
    1445 1445 1445 1439 1439 1439 1433 1433 1433 1427 1427 1427 1427
    1421 1421 1421 1427 1427 1421 1415 1415 1415 0 4774 4774 4774 4708
    1477 1445 1445 1445 1445 1445 1445 1439 1439 1439 1439 1433 1433
    1427 1427 1427 1421 1421 1421 1421 1427 1421 1415 1415 1415 1415 0
    4774 4774 4708 4645 1477 1477 1445 1445 1445 1445 1445 1445 1445
    1445 1439 1433 1433 1427 1427 1427 1421 1421 1421 1421 1427 1421
    1415 1415 1415 0 0 0 4708 4708 4645 1477 1477 1445 1445 1445 1445
    1445 1445 1445 1439 1439 1433 1427 1427 1427 1427 1421 1421 1421
    1421 1427 1421 1415 1410 1410 0 0 0 4708 4708 4645 5291 1445 1445
    1445 1445 1445 1445 1445 1445 1439 1439 1433 1427 1427 1427 1421
    1421 1421 1421 1421 1427 1421 1415 1410 1410 0 0 0 4708 4708 4708 0
    0 1445 1445 1445 1445 1445 1439 1439 1439 1433 1433 1427 1427 1427
