<?xml version="1.0"?>
<opencv_storage>
<Depth5847 type_id="opencv-matrix">
  <rows>60</rows>
  <cols>51</cols>
  <dt>w</dt>
  <data>
    4645 4645 4645 4708 4708 4774 4774 4842 4842 4842 4842 4842 4842
    4842 1823 1823 1833 1833 1833 5056 1813 1804 1804 1804 5132 5132
    5132 5132 5132 5132 5132 5210 5210 5132 5132 5210 5210 5291 5291
    5210 5210 5291 5291 5374 5460 5460 5460 5460 5460 5374 5374 4645
    4645 4708 4708 4774 4774 4774 4842 4842 4842 4842 4911 4911 1813
    1813 1813 1823 1813 1813 1804 1794 1794 1804 1804 1804 1804 5210
    5210 5210 5210 5210 5210 5210 5132 5132 5132 5210 5291 5291 5291
    5291 5291 5291 5374 5374 5460 5460 5460 5460 5374 5374 4645 4645
    4708 4774 4774 4774 4842 4842 4842 4842 4842 4911 4911 1813 1813
    1813 1823 1813 1813 1804 1794 1794 1804 1804 1804 1804 1804 1794
    1794 1794 1794 1794 1785 1785 5132 5132 5210 5291 5291 5291 5291
    5291 5291 5374 5374 5374 5374 5460 5460 5460 5460 4645 4708 4708
    4774 4774 4774 4842 4842 4842 4842 4842 4842 4842 1813 1813 1813
    1823 1804 1804 1804 1804 1804 1804 1804 1804 1804 1804 1794 1794
    1794 1794 1794 1785 1785 1776 1776 1776 1766 1766 1766 1766 1766
    5291 5374 5374 5374 5374 5374 5460 5374 5374 4645 4708 4708 4774
    4774 4774 4774 4842 4842 4842 4842 4842 1813 1823 1823 1823 1813
    1804 1804 1804 1804 1804 1804 1804 1804 1804 1804 1794 1794 1794
    1794 1794 1794 1785 1776 1776 1785 1766 1766 1766 1766 1766 1766
    1766 1766 5374 5374 5374 5460 5374 5374 4708 4708 4774 4774 4774
    4774 4774 4708 4708 4708 4708 1813 1813 1813 1813 1813 1813 1804
    1804 1804 1804 1804 1804 1794 1794 1794 1794 1794 1794 1794 1794
    1785 1785 1785 1785 1785 1785 1785 1785 1776 1766 1766 1766 1766
    1766 1776 1766 1766 1766 5460 5374 4708 4708 4774 4774 4774 4774
    4774 4708 4645 4645 4645 1843 1813 1813 1813 1804 1804 1804 1804
    1804 1804 1804 1804 1794 1794 1794 1794 1794 1785 1785 1794 1785
    1785 1776 1776 1776 1776 1776 1776 1776 1776 1766 1766 1776 1776
    1776 1766 1766 1766 1766 5548 4708 4708 4708 4774 4774 4774 4774
    4645 4645 4645 4645 1843 1823 1813 1813 1804 1804 1804 1804 1804
    1794 1794 1794 1794 1794 1794 1794 1785 1785 1785 1785 1794 1785
    1776 1776 1776 1776 1776 1766 1766 1766 1766 1766 1766 1766 1766
    1766 1766 1757 1757 1757 4645 4708 4708 4708 4774 4774 4774 4645
    4645 4645 1804 1813 1813 1804 1804 1804 1804 1794 1794 1794 1794
    1794 1794 1794 1794 1794 1785 1785 1785 1785 1785 1785 1776 1776
    1776 1776 1766 1766 1766 1766 1766 1766 1766 1766 1766 1766 1766
    1766 1757 1757 1813 4645 4708 4708 4708 4774 4774 4774 4645 4645
    4645 1804 1804 1804 1804 1804 1794 1794 1794 1794 1794 1794 1794
    1794 1794 1794 1794 1785 1785 1785 1785 1785 1785 1776 1776 1776
    1776 1766 1766 1766 1766 1766 1766 1766 1757 1757 1766 1766 1766
    1766 1766 1813 4645 4708 4774 4774 4774 4774 4774 4645 4645 4645
    1804 1804 1804 1804 1804 1794 1794 1794 1794 1794 1794 1794 1794
    1794 1794 1794 1785 1785 1776 1776 1776 1776 1776 1766 1766 1766
    1766 1766 1766 1766 1766 1766 1766 1757 1757 1757 1757 1766 1766
    1785 1813 4708 4774 4774 4774 4842 4774 4774 4645 4645 4645 1804
    1804 1804 1804 1794 1794 1794 1794 1794 1794 1794 1785 1785 1785
    1794 1794 1785 1785 1776 1776 1776 1766 1766 1766 1766 1766 1766
    1766 1766 1766 1766 1757 1757 1757 1757 1757 1757 1766 1766 1776
    1813 4708 4708 4774 4774 4842 4774 4774 4774 4774 4774 1813 1804
    1804 1804 1794 1794 1794 1794 1794 1794 1785 1785 1776 1776 1785
    1785 1785 1776 1776 1766 1766 1766 1766 1766 1766 1766 1757 1757
    1757 1757 1766 1757 1757 1757 1757 1757 1757 1766 1766 1766 1813
    4708 4708 4774 4774 4842 4774 4774 4774 4842 4842 1804 1804 1804
    1794 1794 1785 1785 1794 1794 1794 1785 1776 1776 1776 1776 1785
    1785 1776 1776 1766 1766 1766 1766 1766 1766 1757 1757 1757 1757
    1757 1757 1757 1757 1757 1748 1748 1757 1766 1766 1766 1766 4708
    4708 4774 4774 4842 4774 4708 4645 4645 4645 1794 1794 1794 1794
    1785 1785 1785 1785 1794 1794 1785 1776 1776 1776 1776 1776 1776
    1776 1776 1766 1766 1766 1766 1766 1757 1757 1757 1757 1757 1757
    1757 1757 1748 1748 1748 1748 1757 1766 1766 1785 1785 4708 4708
    4774 4774 4774 4708 4645 4645 4645 1785 1785 1794 1794 1785 1785
    1785 1785 1785 1785 1785 1776 1776 1766 1766 1766 1766 1766 1766
    1766 1766 1766 1766 1766 1757 1757 1757 1757 1757 1757 1757 1757
    1748 1748 1748 1748 1748 1757 1766 1776 1794 1794 4708 4708 4774
    4774 4708 4645 4645 4645 4645 1785 1785 1794 1785 1785 1785 1776
    1776 1776 1776 1776 1776 1766 1766 1766 1766 1766 1766 1766 1766
    1766 1766 1757 1757 1757 1757 1757 1757 1757 1748 1748 1748 1739
    1739 1748 1748 1748 1757 1766 1794 1813 1813 4774 4774 4774 4774
    4708 4645 4645 4645 4645 1794 1785 1785 1785 1785 1785 1776 1776
    1776 1776 1766 1766 1766 1766 1766 1766 1766 1766 1766 1766 1757
    1757 1757 1757 1757 1757 1757 1757 1748 1748 1748 1739 1739 1739
    1739 1739 1757 1757 1766 1804 1804 1804 4708 4774 4774 4774 4708
    4645 4645 1794 1794 1794 1785 1785 1785 1785 1785 1776 1776 1766
    1766 1766 1766 1766 1766 1766 1766 1766 1757 1757 1757 1757 1757
    1757 1757 1757 1757 1757 1757 1748 1739 1739 1739 1739 1739 1739
    1739 1757 1757 1776 1794 1804 5460 4708 4708 4708 4708 4708 4708
    4708 1794 1776 1776 1785 1785 1785 1785 1776 1776 1766 1766 1766
    1766 1766 1766 1766 1766 1766 1766 1757 1757 1757 1757 1757 1757
    1757 1757 1748 1748 1748 1748 1739 1739 1739 1731 1731 1739 1739
    1766 1766 1785 1794 1794 5374 4708 4708 4645 4645 4645 4645 4645
    1776 1776 1776 1785 1785 1785 1776 1776 1766 1766 1766 1766 1766
    1766 1766 1766 1766 1766 1766 1757 1757 1757 1757 1757 1757 1748
    1748 1748 1748 1748 1739 1739 1731 1731 1731 1731 1731 1731 1766
    1766 1794 1794 1794 5291 4708 4708 4645 4645 4645 4645 4645 1785
    1785 1776 1776 1776 1776 1766 1766 1766 1766 1766 1766 1766 1766
    1766 1757 1757 1757 1757 1757 1757 1748 1748 1748 1748 1748 1748
    1748 1748 1748 1739 1731 1731 1731 1731 1731 1731 1731 1776 1776
    1785 1794 1794 5291 4708 4708 4645 4645 4645 4708 4708 1766 1766
    1766 1766 1776 1766 1766 1766 1766 1766 1766 1766 1766 1766 1766
    1757 1757 1757 1757 1757 1748 1748 1748 1748 1748 1748 1748 1748
    1748 1739 1739 1731 1731 1731 1731 1731 1731 1731 1776 1776 1785
    1794 1794 5291 4645 4645 4645 4645 4645 4645 1766 1766 1766 1766
    1766 1776 1766 1766 1766 1757 1757 1766 1757 1757 1766 1757 1757
    1757 1757 1748 1748 1748 1748 1748 1748 1748 1739 1739 1748 1739
    1739 1731 1731 1731 1731 1731 1731 1731 1739 1776 1776 1785 1794
    1794 5291 4645 4645 4645 4645 4708 4708 1766 1766 1766 1766 1766
    1766 1766 1757 1757 1757 1757 1757 1757 1757 1757 1757 1757 1757
    1757 1748 1748 1748 1748 1748 1748 1748 1739 1739 1739 1739 1731
    1731 1731 1731 1731 1731 1731 1731 1739 1766 1766 1785 1794 1794
    5291 4645 4645 4645 4708 4708 1766 1766 1766 1766 1766 1766 1766
    1766 1757 1757 1757 1757 1757 1757 1757 1748 1748 1757 1757 1748
    1748 1748 1748 1748 1739 1739 1731 1731 1731 1731 1731 1731 1731
    1731 1731 1731 1731 1731 1731 1748 1757 1766 1785 1794 5210 5291
    4645 4645 4645 4645 4645 1766 1766 1766 1766 1766 1766 1766 1757
    1757 1757 1757 1757 1757 1757 1748 1748 1748 1748 1748 1739 1739
    1739 1739 1739 1739 1739 1731 1731 1731 1731 1731 1731 1731 1722
    1722 1722 1722 1722 1731 1757 1757 1766 1785 5210 5210 5291 4645
    4645 4645 4645 0 1757 1757 1757 1766 1766 1766 1757 1757 1757 1757
    1757 1757 1757 1757 1748 1748 1748 1748 1748 1739 1739 1739 1739
    1739 1739 1731 1731 1731 1731 1731 1731 1731 1731 1722 1722 1722
    1722 1722 1739 1757 1757 1766 1766 5210 5210 5291 4645 4645 4645
    4645 0 1757 1757 1757 1757 1757 1766 1757 1757 1757 1757 1757 1757
    1757 1748 1748 1739 1739 1748 1748 1739 1731 1731 1731 1739 1739
    1731 1731 1731 1731 1731 1722 1722 1722 1722 1722 1722 1722 1722
