<?xml version="1.0"?>
<opencv_storage>
<Depth10605 type_id="opencv-matrix">
  <rows>19</rows>
  <cols>50</cols>
  <dt>w</dt>
  <data>
    0 3433 3433 3433 3433 3433 3433 3433 3433 3399 3365 3365 3365 3365
    3365 3365 3365 3365 3399 3399 3399 3399 3365 3333 3333 3333 3365
    3399 3333 3333 3333 3333 3333 2579 2522 2522 3092 3092 3092 3064
    3064 3064 2560 2560 2560 2560 2560 2560 2560 2560 0 3433 3433 3433
    3433 3433 3433 3433 3399 3365 3365 3365 3365 3365 3365 3365 3365
    3365 3365 3365 3365 3365 3333 3333 3300 3300 3300 3399 3300 3300
    3300 3300 2560 2560 2522 2522 2560 2541 2541 2560 2560 2560 2560
    2560 2560 2541 2541 2522 2522 2541 3399 3399 3399 3399 3399 3399
    3399 3399 3399 3365 3365 2598 2598 2598 2598 2598 3333 3333 3365
    3365 3333 3333 3300 3300 2467 2467 2503 2485 2485 2503 2503 2522
    2541 2560 2560 2560 2560 2541 2541 2541 2541 2541 2541 2560 2541
    2541 2522 2485 2485 2467 3399 3399 3399 3399 3399 3399 3399 3399
    3399 3399 2560 2560 2560 2579 2560 2560 2560 2541 2541 3365 2522
    2522 2522 2503 2467 2467 2503 2485 2485 2503 2503 2522 2541 2560
    2579 2541 2541 2522 2522 2522 2522 2522 2522 2522 2503 2503 2522
    2485 2485 2467 0 0 2541 2541 2522 2522 2522 2522 2522 2522 2541 2541
    2541 2541 2541 2541 2541 2541 2541 2541 2522 2522 2522 2503 2503
    2503 2485 2485 2485 2485 2485 2503 2503 2522 2522 2522 2522 2503
    2503 2522 2522 2503 2503 2503 2485 2485 2503 2522 2485 2467 0 2503
    2503 2522 2522 2522 2503 2503 2485 2485 2485 2485 2503 2522 2541
    2541 2522 2522 2503 2503 2503 2503 2522 2503 2467 2467 2467 2450
    2450 2467 2467 2485 2485 2522 2522 2503 2503 2503 2503 2503 2503
    2503 2503 2503 2485 2485 2503 2522 2485 2485 0 2485 2485 2485 2503
    2503 2485 2467 2467 2467 2467 2467 2485 2467 2467 2450 2450 2450
    2467 2467 2485 2485 2450 2450 2450 2450 2450 2450 2450 2450 2467
    2467 2485 2522 2522 2503 2485 2485 2485 2485 2503 2485 2485 2503
    2485 2485 2503 2522 2503 2485 2450 2450 2467 2467 2467 2467 2467
    2467 2450 2450 2450 2450 2467 2467 2467 2450 2450 2450 2450 2450
    2450 2450 2450 2450 2450 2450 2450 2450 2450 2450 2450 2467 2485
    2522 2503 2485 2485 2485 2485 2485 2503 2485 2485 2503 2485 2485
    2503 2503 2485 2485 2450 2450 2450 2450 2450 2450 2467 2450 2450
    2450 2450 2450 2467 2467 2467 2467 2467 2450 2450 2450 2450 2450
    2450 2450 2467 2467 2467 2450 2450 2450 2450 2467 2485 2522 2503
    2485 2485 2485 2485 2485 2503 2485 2485 2503 2503 2503 2503 2503
    2485 2485 2450 2450 2450 2450 2450 2450 2467 2450 2450 2450 2450
    2467 2467 2467 2467 2467 2467 2467 2467 2467 2467 2467 2467 2467
    2467 2467 2467 2467 2467 2467 2467 2485 2485 2503 2503 2503 2485
    2485 2485 2485 2503 2485 2485 2503 2503 2503 2485 2485 2485 2485
    2450 2450 2450 2450 2450 2450 2450 2450 2450 2467 2467 2467 2467
    2467 2467 2467 2467 2467 2467 2467 2467 2467 2467 2467 2467 2467
    2467 2467 2485 2485 2485 2485 2485 2503 2503 2503 2503 2503 2503
    2503 2503 2503 2503 2503 2503 2503 2485 2485 2485 2485 2450 2450
    2450 2450 2450 2450 2450 2450 2450 2467 2467 2467 2467 2467 2467
    2467 2467 2467 2467 2467 2467 2485 2467 2467 2467 2467 2467 2467
    2485 2485 2485 2485 2485 2503 2503 2503 2503 2503 2503 2503 2503
    2503 2503 2522 2503 2503 2485 2485 2485 2485 2467 2467 2467 2467
    2467 2450 2450 2450 2450 2467 2467 2467 2467 2467 2467 2467 2467
    2467 2467 2467 2467 2485 2467 2467 2467 2467 2467 2467 2467 2467
    2485 2485 2485 2503 2503 2503 2522 2503 2503 2503 2503 2503 2522
    2522 2503 2503 2485 2485 2485 2485 2467 2467 2467 2467 2467 2467
    2467 2467 2467 2467 2467 2467 2467 2467 2467 2467 2467 2467 2467
    2467 2467 2467 2467 2467 2467 2467 2467 2485 2467 2467 2485 2485
    2503 2522 2503 2503 2503 2503 2503 2503 2522 2522 2541 2541 2522
    2503 2485 2485 2485 2485 2467 2467 2467 2467 2467 2467 2467 2467
    2467 2467 2467 2467 2467 2467 2467 2467 2467 2467 2467 2467 2467
    2467 2467 2467 2467 2467 2467 2467 2467 2467 2485 2503 2522 2522
    2503 2503 2503 2503 2503 2503 2522 2541 2541 2503 2467 2467 2467
    2467 2467 2467 2467 2467 2467 2467 2467 2467 2467 2467 2467 2467
    2467 2467 2467 2467 2467 2467 2485 2467 2467 2450 2450 2450 2450
    2450 2467 2467 2467 2467 2450 2450 2485 2503 2541 2522 2522 2503
    2503 2522 2503 2503 2522 2541 2560 2503 2467 2467 2467 2450 2450
    2432 1169 2503 2467 2467 2467 2467 2467 2485 2467 2467 2467 2450
    2450 2450 2467 2485 2485 2467 2467 2450 2450 2450 2450 2450 2467
    2467 2467 2467 2450 2450 2503 0 0 0 0 0 0 0 0 0 2541 2541 2560 2560
    2467 2467 2467 2450 2450 2432 1161 1165 1165 2467 2467 2467 2467
    2485 2485 2485 2467 2450 2450 2450 2467 2485 2485 2485 2450 2432
    2415 2415 2415 2450 0 0 0 2432 2432 2432 2467 0 0 0 0 0 0 0 0 0 0 0
    0 0 0 0 0 0 2467 2467 1145 1145 1145 2467 2467 2467 2467 2503 2467
    2467 2467 2450 2450 2432 2432 2467 2485 2485 2450 2432 2415 2415
    2415 0 0 0 0 2432 2432 2432 2467 0 0 0 0 0 0 0 0 0 0 0 0 0 0 0 0 0 0
    0</data></Depth10605>
</opencv_storage>
