<?xml version="1.0"?>
<opencv_storage>
<Depth0182 type_id="opencv-matrix">
  <rows>20</rows>
  <cols>34</cols>
  <dt>w</dt>
  <data>
    1926 1915 1915 1915 1894 1894 1894 1926 1915 1915 1915 4349 4190
    1926 1904 1904 1904 1894 1894 1894 1894 1904 1904 1904 1904 1894
    1883 1883 1883 1883 1883 1883 1883 4349 1926 1926 1926 1915 1904
    1904 1904 1926 1915 1915 1915 1926 1926 1926 1904 1904 1904 1904
    1904 1904 1915 1915 1915 1915 1915 1904 1904 1894 1894 1894 1883
    1883 1883 4349 1926 1926 1926 1915 1915 1915 1915 1936 1936 1936
    1936 1926 1926 1926 1915 1915 1926 1926 1926 1936 1926 1926 1926
    1926 1926 1936 1926 1904 1894 1894 1883 1883 1883 4349 1959 1959
    1959 1936 1936 1936 1936 1926 1915 1915 1947 1947 1970 1970 1959
    1959 1959 1959 1970 1981 1981 1970 1970 1970 1970 1947 1936 1894
    1894 1894 1883 1883 1883 4295 1028 1926 1926 1926 1915 1915 1915
    1915 1915 1915 1915 1926 1936 1947 1959 1970 1981 1993 1993 1993
    1993 2005 1993 1993 1981 1959 1915 1894 1894 1894 1894 1894 1894
    4241 0 1915 1915 1915 1904 1904 1915 1915 1915 1915 1915 1915 1915
    1915 1926 1904 1904 1915 1926 1926 1926 1926 1926 1926 1947 1904
    1894 1883 1883 1883 1873 1873 1873 4190 1915 1915 1915 1915 1904
    1904 1915 1915 1915 1915 1915 1915 1915 1915 1904 1904 1904 1904
    1904 1904 1915 1915 1915 1915 1904 1894 1894 1883 1883 1863 1853
    1853 1853 4190 1915 1915 1915 1915 1904 1904 1926 1926 1926 1915
    1915 1915 1915 1915 1904 1894 1894 1904 1904 1904 1915 1915 1915
    1915 1904 1894 1883 1883 1853 1843 1843 1843 1853 1853 1915 1915
    1915 1915 1915 1915 1926 1926 1926 1915 1915 1915 1915 1915 1904
    1894 1894 1904 1904 1904 1915 1915 1915 1926 1915 1894 1883 1883
    1853 1843 1843 1843 1843 1863 1038 1936 1936 1926 1915 1915 1936
    1926 1926 1904 1904 1904 1904 1904 1904 1904 1904 1904 1904 1904
    1904 1904 1915 1926 1926 1894 1883 1883 1853 1853 1863 1863 1863
    1863 1038 1038 1936 1936 1915 1915 1926 1915 1915 1904 1894 1894
    1894 1894 1894 1894 1894 1894 1894 1904 1904 1894 1894 1894 1926
    1883 1863 1863 1853 1853 1853 1853 1863 1853 1031 1031 1022 1915
    1915 1915 1915 1904 1904 1894 1883 1883 1883 1883 1883 1883 1883
    1883 1883 1894 1894 1883 1883 1883 1883 1873 1863 1863 1853 1853
    1853 1853 1853 1853 1028 1022 1022 1022 1904 1904 1894 1894 1883
    1883 1883 1873 1873 1883 1883 1883 1873 1873 1883 1883 1883 1863
    1863 1863 1883 1873 1863 1863 1853 1853 1853 1853 1853 1853 1028
    1022 1022 1022 1894 1894 1883 1883 1883 1883 1883 1873 1873 1873
    1873 1873 1873 1873 1883 1883 1873 1863 1863 1863 1863 1873 1863
    1863 1863 1863 1853 1853 1853 4241 1025 1028 1028 1947 1894 1894
    1883 1883 1883 1883 1883 1873 1873 1873 1873 1873 1873 1873 1883
    1883 1873 1863 1863 1863 1926 1883 1873 1873 1873 1863 1853 1853
    4190 4190 1025 1025 1970 1947 1947 1894 1894 1894 1894 1894 1904
    1904 1904 1904 1904 1904 1904 1926 1915 1915 1926 1959 1959 1959
    1926 1926 1926 1926 1904 1883 1883 1883 4190 4190 1959 1959 1959
    1947 1947 1936 1926 1926 1959 1959 1959 1959 1959 1959 1959 1959
    1959 1970 1959 1959 1959 1959 1959 1959 1959 1947 1947 1936 1936
    1936 1936 4190 4190 4190 1959 1959 1959 1959 1959 1959 1970 1970
    1981 1981 1981 1970 1970 1970 1970 1970 1981 1981 1970 1970 1981
    1981 1970 1959 1959 1947 1947 1947 1936 1936 1936 4190 4190 4190
    1970 1970 1970 1970 1981 1981 1993 1981 1981 1981 1981 1981 1981
    1981 1981 1981 2053 2053 2053 2053 2053 2053 2065 1970 1970 1959
    1959 1959 1947 1947 4241 4241 4241 4241 2040 0 2040 2016 2005 2005
    2005 2016 2016 2016 2016 2028 2040 2053 2065 2078 2078 2078 2065
    2065 2065 2065 2065 2065 2078 1959 1959 1959 1959 4241 4241 4241
    4241 4241</data></Depth0182>
</opencv_storage>
