<?xml version="1.0"?>
<opencv_storage>
<Depth16923 type_id="opencv-matrix">
  <rows>101</rows>
  <cols>61</cols>
  <dt>w</dt>
  <data>
    3178 3178 3178 3178 3178 3149 3149 3149 3149 3149 3149 3149 3178
    3178 3178 3178 3149 3149 3149 3149 3149 3149 3149 3149 3149 3149
    3149 3149 3149 3149 3149 3149 3149 3120 3120 3120 3120 3120 3120
    3149 3120 3120 3120 3120 3120 3149 3149 1259 1259 1259 1259 1259
    1259 1259 3092 3092 3092 3120 3120 3120 3120 3178 3178 3178 3178
    3178 3149 3149 3149 3149 3178 3178 3178 3178 3178 3178 3178 3149
    3149 3149 3149 3149 3149 3149 3149 3149 3149 3149 3149 3149 3149
    3149 3149 3149 3120 3120 3120 3120 3120 3120 3120 3120 3120 3120
    3120 3120 3120 1255 1255 1259 1259 1259 1259 1259 1259 1259 3092
    3092 3120 3120 3120 3120 3178 3178 3178 3178 1302 1302 1297 1297
    1297 3178 3178 3208 3178 3178 3178 3178 3149 1328 1328 3149 3149
    3149 3149 3149 3149 3149 3149 3149 3149 3149 3149 3149 3149 3149
    3149 3120 3120 3120 3120 3120 3120 3120 3120 3120 3120 3120 1255
    1255 1259 1259 1259 1259 1259 1259 1259 3120 3120 3120 3149 3149
    3149 3178 3208 3178 3178 1302 1297 1297 1297 1297 1302 1302 1322
    1322 1322 1317 1317 1317 1328 1322 1317 1317 1307 1307 3149 3149
    3149 3149 3149 3149 3149 3149 3149 3149 3178 3178 3149 3120 1223
    1223 3120 3120 1202 1202 1197 1197 1197 1255 1255 1259 1259 1259
    1259 1259 1259 1259 1259 3149 3149 3149 3149 3149 3178 3208 3178
    1302 1297 1297 1297 1297 1297 1302 1322 1322 1322 1322 1317 1312
    1312 1333 1322 1312 1312 1307 1307 1307 1241 1241 1241 1241 1241
    1227 1219 1219 1219 1219 1219 1223 1223 1219 1214 1214 1210 1202
    1202 1197 1197 1189 1189 1193 1193 1197 1197 1259 1255 1255 1255 0
    3149 3149 3149 3149 3149 3208 3238 1307 1297 1297 1292 1292 1292
    1288 1288 1292 1283 1278 1273 1273 1268 1255 1250 1250 1255 1255
    1255 1250 1245 1241 1236 1236 1236 1236 1227 1223 1219 1219 1219
    1219 1219 1219 1214 1210 1210 1206 1202 1202 1197 1197 1189 1189
    1193 1193 1193 1193 1245 1245 1250 1250 1245 3149 3149 3149 3149
    3149 3238 1312 1302 1292 1292 1292 1288 1288 1283 1283 1278 1278
    1273 1273 1268 1264 1255 1250 1250 1250 1250 1250 1245 1241 1236
    1236 1236 1232 1232 1227 1223 1219 1219 1219 1219 1214 1214 1210
    1206 1202 1202 1197 1197 1193 1189 1185 1185 1189 1189 1193 1193
    1241 1241 1245 1245 1245 3149 3149 3149 3149 3149 1307 1307 1292
    1288 1288 1288 1283 1283 1283 1283 1278 1273 1273 1268 1268 1264
    1255 1255 1250 1250 1245 1241 1241 1236 1236 1236 1232 1232 1232
    1223 1219 1219 1214 1214 1214 1214 1210 1206 1202 1202 1197 1197
    1189 1189 1185 1185 1185 1189 1189 1193 1197 1232 1241 1241 1245
    1245 1245 3149 3149 3149 3149 1307 1307 1292 1288 1288 1288 1283
    1283 1278 1278 1273 1273 1268 1268 1268 1264 1255 1255 1250 1250
    1245 1241 1241 1236 1236 1236 1232 1232 1232 1223 1219 1219 1214
    1214 1214 1214 1210 1206 1202 1202 1197 1197 1189 1189 1185 1185
    1185 1189 1189 1193 1197 1227 1236 1241 1245 1245 0 3149 3149 3149
    3149 1307 1307 1292 1292 1288 1288 1288 1288 1278 1278 1273 1273
    1268 1268 1264 1264 1255 1255 1250 1250 1245 1245 1241 1241 1236
    1236 1232 1232 1227 1223 1219 1219 1214 1214 1214 1214 1210 1210
    1206 1202 1197 1197 1189 1189 1185 1185 1185 1189 1193 1197 1210
    1227 1236 1241 1245 1245 0 3149 3149 3149 3149 1307 1302 1292 1292
    1292 1288 1288 1283 1283 1278 1273 1273 1268 1268 1264 1264 1259
    1255 1255 1250 1250 1245 1245 1241 1236 1236 1236 1232 1227 1223
    1223 1219 1214 1214 1210 1210 1210 1210 1206 1202 1202 1197 1197
    1193 1189 1185 1185 1193 1197 1202 1210 1223 1232 1236 1245 1245 0
    3149 3149 3149 3149 1307 1302 1292 1292 1292 1292 1288 1283 1283
    1278 1273 1273 1268 1268 1268 1264 1259 1255 1255 1255 1250 1250
    1245 1241 1236 1236 1236 1232 1227 1227 1223 1219 1214 1214 1210
    1210 1210 1210 1206 1202 1202 1197 1197 1193 1189 1189 1189 1193
    1197 1206 1214 1223 1232 1236 1245 1245 0 3149 3149 3149 3149 1307
    1302 1297 1292 1292 1288 1288 1283 1283 1278 1273 1273 1268 1268
    1268 1264 1259 1255 1255 1250 1250 1245 1245 1241 1236 1236 1236
    1232 1227 1223 1219 1219 1214 1210 1210 1210 1210 1206 1206 1202
    1202 1197 1197 1197 1197 1193 1193 1193 1197 1202 1219 1227 1236
    1241 1250 1250 1259 3149 3149 3149 3149 1307 1302 1297 1292 1292
    1288 1288 1283 1283 1278 1278 1273 1268 1268 1268 1264 1255 1255
    1255 1250 1250 1245 1241 1241 1236 1236 1236 1236 1227 1223 1219
    1219 1214 1210 1210 1210 1210 1206 1202 1202 1197 1197 1197 1197
    1197 1193 1193 1197 1197 1202 1219 1227 1236 1241 1250 1259 1259
    3149 3149 3149 3149 1307 1307 1297 1292 1292 1288 1288 1283 1283
    1278 1278 1273 1273 1268 1268 1264 1255 1255 1250 1250 1250 1245
    1241 1241 1236 1236 1236 1232 1227 1223 1219 1219 1214 1214 1214
    1210 1210 1206 1202 1202 1197 1197 1197 1197 1197 1193 1193 1197
    1197 1202 1214 1227 1236 1241 1250 1259 1259 1259 3149 3149 3149
    1307 1307 1302 1297 1292 1288 1288 1288 1283 1278 1278 1273 1273
    1268 1268 1264 1255 1255 1250 1250 1250 1245 1241 1236 1236 1236
    1236 1232 1232 1223 1219 1219 1219 1214 1214 1210 1210 1206 1202
    1202 1197 1197 1197 1197 1197 1189 1189 1197 1197 1202 1214 1223
    1232 1241 1250 1255 1255 0 3149 3149 3149 1307 1307 1302 1297 1292
    1288 1288 1288 1283 1278 1278 1273 1273 1268 1268 1264 1255 1255
    1255 1250 1250 1245 1241 1236 1236 1236 1236 1232 1232 1227 1223
    1219 1219 1219 1214 1214 1210 1206 1202 1202 1197 1197 1197 1197
    1197 1189 1189 1193 1193 1202 1210 1223 1232 1241 1250 1255 1255 0
    3149 3149 3149 1307 1307 1302 1297 1292 1292 1288 1288 1283 1278
    1278 1273 1273 1268 1268 1264 1259 1259 1255 1255 1250 1250 1245
    1241 1241 1236 1236 1232 1232 1227 1223 1219 1219 1219 1219 1214
    1214 1210 1206 1202 1202 1197 1197 1197 1193 1189 1189 1193 1193
    1202 1206 1223 1232 1241 1241 1255 1255 0 3149 3149 3149 1307 1307
    1302 1297 1292 1292 1288 1288 1283 1278 1278 1273 1273 1268 1264
    1264 1259 1259 1255 1255 1250 1250 1245 1241 1241 1236 1236 1232
    1232 1227 1223 1223 1219 1219 1219 1214 1214 1210 1206 1202 1202
    1202 1197 1197 1193 1189 1189 1197 1197 1202 1206 1223 1236 1241
    1241 1259 0 0 0 3149 3120 1307 1307 1307 1297 1292 1292 1288 1288
    1283 1283 1278 1273 1273 1268 1264 1264 1264 1264 1259 1255 1255
    1250 1250 1245 1245 1241 1236 1232 1227 1227 1227 1223 1223 1219
    1219 1214 1214 1214 1210 1202 1202 1202 1202 1197 1193 1189 1189
    1197 1197 1202 1206 1223 1232 1241 1241 1259 1259 0 3149 3149 3120
    1302 1302 1302 1297 1292 1292 1288 1288 1288 1283 1278 1273 1273
    1268 1268 1264 1264 1259 1255 1255 1255 1250 1250 1245 1245 1236
    1236 1232 1227 1227 1227 1223 1223 1219 1219 1214 1214 1214 1210
    1206 1202 1202 1202 1197 1193 1193 1193 1193 1193 1193 1206 1223
    1232 1241 1245 1255 1255 0 3149 3149 3120 1302 1302 1302 1297 1292
    1292 1288 1288 1288 1283 1283 1278 1273 1273 1268 1264 1264 1259
    1255 1255 1255 1250 1250 1245 1241 1236 1236 1232 1232 1227 1227
    1227 1223 1219 1219 1219 1214 1214 1210 1206 1202 1202 1197 1197
    1197 1193 1193 1193 1193 1193 1202 1223 1232 1236 1250 1255 1255 0
    3149 3149 3149 3208 1302 1302 1302 1297 1292 1292 1288 1288 1283
    1283 1278 1273 1268 1268 1264 1264 1259 1255 1255 1255 1250 1250
    1245 1241 1241 1236 1232 1232 1227 1227 1223 1223 1219 1219 1219
    1214 1214 1210 1206 1202 1202 1197 1197 1197 1193 1193 1193 1193
    1197 1202 1219 1232 1236 1250 1255 1255 1255 3149 3149 3149 1307
    1307 1307 1302 1297 1292 1292 1288 1288 1283 1283 1278 1273 1268
    1268 1268 1264 1259 1255 1255 1255 1250 1250 1250 1241 1241 1236
    1232 1232 1227 1227 1223 1223 1219 1214 1214 1214 1214 1210 1206
    1202 1202 1202 1197 1197 1193 1193 1197 1197 1197 1206 1214 1223
    1236 1250 1255 1255 1255 0 3149 3149 1307 1307 1307 1302 1297 1292
    1292 1288 1288 1283 1283 1278 1278 1273 1268 1268 1264 1259 1255
