<?xml version="1.0"?>
<opencv_storage>
<Depth8801 type_id="opencv-matrix">
  <rows>77</rows>
  <cols>57</cols>
  <dt>w</dt>
  <data>
    4349 4349 4349 4349 4349 4295 4295 4241 4241 4241 1381 1376 1376
    1381 1381 1387 1392 1398 4349 4349 4349 4295 4295 4241 4241 4295
    4295 4295 4241 4241 4241 4241 4241 4295 4295 4241 4241 4241 4241
    4241 4241 4241 4241 4241 4241 4241 4190 4190 4190 4190 4190 4190
    4190 4190 4190 4190 4190 4349 4349 4349 4349 4349 4295 4295 1387
    1381 1381 1381 1376 1376 1381 1381 1387 1392 1398 1398 1398 1398
    1398 1392 1392 4241 4241 4295 4295 4241 4241 4241 4241 4241 4295
    4295 4241 4241 4241 4241 4241 4241 4241 4241 4241 4241 4190 4190
    4190 4241 4241 4190 4190 4190 4190 4190 4190 4190 4349 4349 4349
    4349 4349 1376 1376 1376 1376 1376 1376 1376 1376 1376 1376 1376
    1381 1392 1392 1392 1387 1387 1381 1381 1381 1376 1376 1376 4241
    4241 4241 4241 4241 4241 4241 4241 4241 4241 4241 4241 4241 4241
    4241 4241 4190 4190 4190 4190 4241 4241 4241 4241 4241 4190 4190
    4190 4190 4349 4405 4405 4405 4405 1365 1365 1365 1370 1376 1370
    1370 1365 1365 1365 1365 1370 1370 1387 1370 1370 1370 1376 1376
    1376 1376 1376 1376 1376 4241 4241 4241 4241 4241 4241 4241 4241
    4241 4241 4241 4241 4241 4241 4241 4190 4190 4241 4241 4241 4241
    4190 4190 4241 4241 4190 4190 4190 4405 4405 4405 4405 1370 1370
    1365 1365 1370 1370 1365 1354 1354 1349 1343 1333 1333 1333 1333
    1328 1328 1370 1376 1376 1376 1376 1370 1370 1370 1278 1278 4295
    4295 4295 4295 4241 4241 4241 4241 4190 4190 4241 4241 4241 4241
    4241 4241 4241 4241 4190 4190 4190 4241 4241 4241 4190 4190 4405
    4405 4463 4463 1365 1365 1365 1370 1370 1365 1359 1349 1349 1343
    1333 1333 1328 1328 1322 1317 1307 1302 1302 1297 1297 1292 1292
    1302 1278 1278 1278 1292 1292 4463 4463 4405 4349 4349 4349 4190
    4190 4241 4241 1292 1292 1292 1292 4241 4241 4190 1273 1273 4190
    4190 4241 4190 4190 4349 4349 4349 4349 1365 1365 1365 1370 1370
    1365 1354 1349 1343 1338 1333 1328 1328 1328 1317 1312 1302 1297
    1297 1292 1292 1283 1278 1268 1268 1273 1273 1292 1292 1292 1292
    4405 4405 4405 1241 1223 1223 1292 1292 1292 1292 1292 1288 1288
    1283 1283 1273 1273 4190 4190 4190 4241 4241 4295 4349 4349 0 1376
    1376 1370 1370 1370 1365 1354 1349 1343 1333 1333 1328 1328 1322
    1317 1307 1297 1297 1292 1292 1288 1278 1273 1268 1268 1268 1268
    1268 1268 1273 1273 1241 1241 1241 1241 1223 1223 1223 1292 1292
    1292 1288 1288 1278 1273 1273 1268 1264 1255 1255 1255 1255 1255
    4295 4295 4295 0 1381 1381 1370 1370 1370 1365 1354 1349 1343 1333
    1328 1328 1322 1317 1312 1307 1297 1297 1292 1292 1288 1278 1273
    1268 1268 1264 1259 1255 1255 1241 1241 1236 1236 1232 1232 1223
    1223 1223 1232 1232 1288 1288 1241 1241 1264 1259 1259 1264 1255
    1255 1255 1255 1255 4241 4241 0 0 0 1381 1370 1370 1376 1365 1354
    1349 1343 1333 1328 1328 1322 1317 1312 1307 1302 1297 1292 1292
    1288 1278 1273 1268 1264 1264 1255 1250 1250 1241 1236 1236 1232
    1227 1223 1223 1219 1219 1219 1219 1219 1223 1232 1236 1236 1255
    1255 1255 1259 1264 1264 1264 1264 4241 4241 0 0 0 1376 1370 1370
    1370 1359 1354 1349 1343 1333 1328 1328 1322 1312 1312 1307 1302
    1297 1292 1292 1288 1278 1273 1268 1264 1264 1255 1250 1250 1241
    1236 1236 1232 1227 1219 1219 1214 1214 1214 1214 1214 1219 1227
    1236 1236 1245 1245 1250 1259 1264 1268 1268 1278 4241 4241 0 0 0
    1376 1370 1370 1370 1359 1354 1349 1343 1333 1333 1328 1322 1312
    1312 1307 1302 1297 1292 1288 1288 1278 1273 1268 1268 1264 1255
    1250 1250 1241 1236 1236 1227 1223 1219 1219 1214 1214 1214 1214
    1214 1219 1227 1236 1236 1245 1245 1250 1259 1268 1268 1268 1278
    4241 0 0 0 0 1370 1370 1370 1365 1359 1354 1349 1343 1333 1333 1328
    1322 1317 1312 1307 1302 1297 1292 1288 1283 1278 1273 1268 1268
    1264 1255 1250 1250 1241 1236 1236 1227 1223 1219 1219 1214 1214
    1214 1214 1214 1223 1227 1236 1241 1245 1250 1255 1259 1268 1268
    1273 1273 0 0 0 0 0 1370 1370 1370 1365 1359 1354 1349 1343 1333
    1333 1328 1322 1317 1312 1307 1307 1302 1292 1283 1283 1273 1268
    1268 1268 1264 1259 1255 1250 1241 1236 1236 1227 1223 1219 1219
    1214 1214 1214 1214 1219 1223 1232 1236 1241 1245 1250 1255 1259
    1268 1268 1273 1273 4190 0 0 0 0 1370 1365 1365 1365 1359 1354 1349
    1343 1333 1333 1328 1322 1317 1312 1307 1307 1302 1292 1283 1278
    1273 1268 1264 1264 1259 1255 1255 1250 1241 1236 1232 1227 1223
    1219 1214 1214 1214 1214 1214 1219 1227 1232 1236 1241 1245 1250
    1255 1259 1264 1268 1273 1273 4190 0 0 0 1376 1370 1365 1365 1365
    1359 1354 1349 1343 1338 1333 1328 1322 1317 1312 1307 1307 1302
    1288 1283 1278 1273 1268 1264 1264 1259 1255 1255 1250 1245 1236
    1232 1227 1223 1219 1214 1214 1214 1214 1219 1219 1227 1232 1236
    1241 1245 1250 1255 1259 1264 1268 1273 1273 0 0 0 0 1376 1370 1365
    1365 1359 1354 1349 1349 1338 1338 1333 1328 1322 1317 1312 1307
    1307 1302 1288 1283 1283 1273 1268 1268 1264 1255 1255 1255 1250
    1245 1241 1232 1227 1223 1219 1214 1214 1214 1214 1214 1219 1227
    1232 1236 1241 1245 1250 1255 1259 1264 1268 1273 1273 0 0 0 0 0
    1370 1365 1365 1359 1354 1349 1343 1338 1333 1328 1328 1322 1317
    1312 1307 1307 1302 1288 1288 1283 1278 1273 1268 1264 1255 1255
    1255 1250 1245 1241 1232 1232 1223 1219 1214 1214 1214 1214 1214
    1219 1223 1227 1232 1236 1245 1250 1255 1259 1264 1268 1273 1273 0 0
    0 0 0 1370 1365 1365 1359 1349 1349 1343 1338 1333 1328 1322 1322
    1312 1312 1307 1302 1297 1288 1283 1278 1278 1273 1268 1264 1259
    1255 1255 1250 1245 1241 1232 1227 1223 1219 1214 1214 1214 1214
    1214 1219 1223 1227 1232 1236 1245 1250 1255 1259 1264 1268 1273
    1273 0 0 0 1376 0 1370 1365 1365 1359 1349 1349 1343 1338 1333 1328
    1322 1322 1312 1307 1302 1297 1292 1288 1278 1273 1273 1273 1268
    1268 1259 1255 1255 1250 1245 1241 1232 1227 1219 1219 1214 1214
    1214 1214 1214 1219 1223 1232 1236 1241 1250 1250 1255 1255 1264
    1268 1273 1273 0 0 0 1376 1376 1370 1365 1365 1354 1349 1349 1343
    1338 1333 1328 1322 1317 1312 1307 1302 1297 1292 1288 1278 1273
    1273 1268 1268 1268 1264 1255 1250 1245 1241 1236 1232 1227 1219
    1219 1214 1214 1214 1214 1214 1219 1223 1232 1236 1241 1250 1250
    1255 1255 1268 1273 1273 1273 0 4349 0 1376 1376 1370 1365 1365 1354
    1349 1349 1343 1338 1333 1328 1322 1317 1312 1307 1302 1297 1292
    1288 1283 1273 1268 1268 1268 1264 1264 1255 1250 1241 1236 1232
    1232 1223 1219 1214 1214 1214 1214 1214 1219 1219 1227 1232 1236
    1241 1250 1250 1255 1255 1264 1273 1273 0 4349 0 0 1370 1370 1370
    1365 1365 1354 1349 1349 1343 1338 1333 1328 1322 1317 1312 1307
    1307 1297 1292 1288 1283 1273 1268 1268 1268 1264 1259 1255 1250
    1241 1236 1232 1232 1223 1219 1214 1214 1214 1214 1214 1219 1223
    1227 1232 1236 1241 1250 1250 1255 1255 1264 1268 1268 0 4349 0 0
    1370 1370 1370 1365 1365 1354 1349 1349 1343 1338 1333 1328 1322
    1317 1312 1307 1302 1297 1292 1288 1283 1278 1273 1268 1264 1259
    1255 1250 1245 1241 1236 1232 1232 1223 1219 1214 1214 1214 1214
    1214 1219 1223 1227 1232 1232 1241 1250 1250 1255 1255 1268 1268
    1268 0 4405 0 0 1370 1370 1370 1365 1365 1354 1349 1349 1343 1338
    1333 1322 1317 1312 1312 1307 1302 1297 1292 1288 1283 1273 1273
    1268 1264 1259 1255 1250 1245 1241 1236 1232 1232 1223 1219 1219
    1214 1210 1210 1214 1219 1223 1227 1232 1232 1241 1245 1255 1255
    1259 1268 1268 0 0 4349 4349 0 1370 1370 1370 1365 1365 1354 1349
    1349 1343 1338 1328 1322 1317 1312 1307 1302 1302 1297 1292 1288
    1283 1273 1273 1268 1264 1259 1255 1250 1245 1241 1236 1232 1227
    1227 1219 1219 1214 1210 1210 1214 1219 1223 1227 1232 1232 1241
    1245 1250 1255 1259 1268 1268 0 0 4349 4349 4349 1365 1365 1365 1365
    1365 1354 1349 1349 1343 1333 1328 1322 1317 1312 1307 1302 1302
    1292 1292 1288 1283 1278 1273 1268 1264 1259 1255 1250 1250 1241
