<?xml version="1.0"?>
<opencv_storage>
<Depth11119 type_id="opencv-matrix">
  <rows>136</rows>
  <cols>88</cols>
  <dt>w</dt>
  <data>
    0 0 0 0 0 0 0 3859 3816 741 741 741 741 722 722 734 734 734 736 739
    739 742 744 746 746 744 744 742 742 742 744 744 744 744 744 746 746
    744 744 744 749 0 0 0 0 0 0 0 0 0 0 3653 3653 3653 3653 3692 3692
    3653 3653 3653 3653 3653 3653 3653 3653 3653 3692 3692 3692 3692
    3653 3653 3653 3653 3653 3653 3653 3653 3653 3653 3614 3614 3614
    3576 3576 3576 3576 3576 0 0 0 0 0 0 0 0 747 741 739 739 739 722 722
    722 734 734 736 736 734 734 741 742 744 742 728 725 725 727 727 730
    741 741 733 733 746 744 744 744 0 0 0 0 0 0 0 0 0 0 0 0 0 3653 3653
    3692 3692 3653 3653 3653 3653 3653 3653 3653 3653 3653 3692 3692
    3692 3692 3653 3653 3653 3692 3692 3692 3653 3653 3653 3653 3614
    3614 3614 3614 3576 3576 3576 3576 0 0 0 0 0 0 0 755 747 741 733 728
    722 720 720 720 707 707 0 0 733 733 733 734 728 728 727 725 725 717
    717 717 739 738 733 733 0 0 0 0 0 0 0 0 0 0 0 0 0 0 0 0 0 0 0 3692
    3692 3653 3653 3653 3653 3653 3653 3653 3653 3653 3692 3692 3692
    3692 3692 3692 3692 3692 3692 3692 3653 3653 3653 3653 3614 3614
    3614 3614 3614 3614 3576 3576 0 0 0 0 0 0 0 754 750 742 730 728 722
    717 708 707 707 707 0 0 733 733 733 734 728 728 727 727 727 717 717
    717 717 727 727 736 0 0 0 0 0 0 0 0 0 0 0 0 0 0 0 0 0 0 0 0 0 0 3653
    3653 3653 3653 3653 3653 3653 3653 3692 3692 3692 3692 3692 3692
    3692 3692 3692 3692 3692 3692 3653 3653 3614 3614 3614 3614 3614
    3614 3653 3614 0 0 0 0 0 0 0 752 750 750 730 728 722 710 708 707 707
    0 0 0 0 0 0 0 0 0 0 0 0 0 716 716 717 727 727 0 0 0 0 0 0 0 0 0 0 0
    0 0 0 0 0 0 0 0 0 0 0 0 0 0 3692 3692 3692 3653 3653 3653 3692 3692
    3692 3692 3692 3732 3692 3692 3692 3653 3653 3692 3653 3653 3653
    3653 3614 3614 3614 3614 3653 3653 0 0 0 0 0 0 759 752 747 747 747
    728 722 710 708 707 707 0 0 0 0 0 0 0 0 0 0 0 0 0 716 716 0 0 0 0 0
    0 0 0 0 0 0 0 0 0 0 0 0 0 0 0 0 0 0 0 0 0 0 0 3859 3859 3692 3692
    3692 3692 3692 3692 3692 3692 3692 3692 3692 3692 3692 3653 3653
    3692 3653 3653 3653 3653 3653 3653 3653 3653 3653 3653 0 0 0 0 0 0
    759 752 747 744 736 736 736 710 706 706 706 0 0 0 0 0 0 0 0 0 0 0 0
    0 0 0 0 0 0 0 0 0 0 0 0 0 0 0 0 0 0 0 0 0 0 0 0 0 0 0 0 0 0 0 0 0 0
    0 3732 3692 3692 3692 3692 3692 3692 3692 3692 3692 3692 3653 3653
    3692 3653 3653 3653 3653 3653 3653 3653 3653 3653 3653 0 0 0 0 0 0
    759 752 747 739 736 736 736 710 706 706 706 674 674 0 667 667 667
    667 0 0 0 0 0 0 0 0 0 0 0 0 0 0 0 0 0 0 0 0 0 0 0 0 0 0 0 0 0 0 0 0
    0 0 0 0 0 0 0 0 0 0 0 3692 3692 3692 3692 3732 3692 3692 3692 3653
    3653 3653 3653 3653 3653 3653 3653 3653 3692 3692 3653 3653 0 0 0 0
    0 0 0 752 747 739 736 731 731 711 711 711 711 674 674 671 668 666
    664 664 0 0 0 0 0 0 0 0 0 0 0 0 0 0 0 0 0 0 0 0 0 0 0 0 0 0 0 0 0 0
    0 0 0 0 0 0 0 0 0 0 0 0 0 0 3692 3692 3692 3732 3692 3692 3692 3653
    3653 3653 3692 3692 3692 3692 3653 3653 3692 3653 3653 3653 0 0 0 0
    0 0 755 750 746 739 736 731 731 717 717 717 714 674 674 671 668 666
    661 657 654 647 643 643 0 0 0 0 0 0 0 0 0 0 0 0 0 0 0 0 0 0 0 0 0 0
    0 0 0 0 0 0 0 0 0 0 0 0 0 0 0 0 0 0 0 0 3732 3732 3732 3692 3692
    3692 3692 3692 3692 3692 3692 3653 3653 3692 3653 3653 3653 3614 0 0
    0 0 0 0 755 750 746 741 736 730 730 717 714 714 714 679 679 674 668
    664 659 655 653 647 640 636 636 0 0 0 0 0 0 0 0 0 0 0 0 0 0 0 0 0 0
    0 0 0 0 0 0 0 0 0 0 0 0 0 0 0 0 0 0 0 0 0 0 0 0 0 0 3732 3692 3692
    3692 3692 3692 3692 3692 3653 3653 3692 3653 3653 3614 3614 0 0 0 0
    0 0 755 750 746 741 738 730 730 717 713 704 700 700 679 674 670 664
    659 655 653 647 638 636 635 635 0 0 0 0 0 0 0 0 0 0 0 0 0 0 0 0 0 0
    0 0 0 0 0 0 0 0 0 0 0 0 0 0 0 0 0 0 0 0 0 0 0 0 0 0 0 3732 3692 3692
    3692 3692 3653 3653 3653 3692 3653 3653 3614 3576 0 0 0 0 0 0 0 749
    747 741 738 730 725 719 710 703 700 700 700 676 671 663 658 655 652
    647 637 635 634 634 0 0 0 0 0 0 0 0 0 0 0 0 0 0 0 0 0 0 0 0 0 0 0 0
    0 0 0 0 0 0 0 0 0 0 0 0 0 0 0 0 0 0 0 0 0 0 0 0 0 0 3653 3653 3653
    3653 3653 3653 3614 3576 0 0 0 0 0 0 0 749 747 742 738 730 725 720
    710 703 698 697 683 683 672 663 658 655 652 644 637 635 632 632 0 0
    0 0 0 0 0 0 0 0 0 0 0 0 0 0 0 0 0 0 0 0 0 0 0 0 0 0 0 0 630 630 621
    621 621 624 624 0 0 0 0 0 0 0 0 0 0 0 0 0 3653 3653 3653 3653 3653
    3653 0 0 0 0 0 0 0 0 0 749 747 744 738 730 725 720 708 704 698 697
    683 683 672 664 658 655 650 644 637 635 632 632 0 0 0 0 0 598 598 0
    0 0 0 0 0 0 0 0 0 0 0 0 0 0 0 0 0 0 0 0 0 628 628 625 620 620 620
    620 624 0 620 618 615 614 614 0 0 0 0 0 0 0 0 3653 3653 3653 3692 0
    0 0 0 0 0 0 0 0 0 747 747 744 738 733 725 716 708 706 697 697 683
    674 671 667 661 655 650 644 637 636 636 636 620 620 620 599 598 598
    595 595 0 0 0 0 0 0 0 0 0 0 0 0 0 0 0 0 0 0 0 0 620 611 608 608 613
    620 619 619 619 619 612 612 612 611 611 613 0 0 0 0 0 0 0 0 0 3692
    3692 0 0 0 0 0 0 0 0 0 0 747 746 741 738 733 725 716 711 706 697 694
    683 674 671 667 662 658 652 646 646 646 623 623 622 619 619 599 598
    597 595 595 0 0 0 0 0 0 0 0 0 0 0 0 0 0 0 0 0 0 0 0 608 608 607 606
    603 603 614 610 609 609 611 611 611 608 608 613 0 0 0 0 0 0 0 0 0
    3692 3692 0 0 0 0 0 0 0 0 0 752 749 746 741 738 734 727 716 710 706
    698 694 688 675 671 667 663 659 653 646 646 646 623 623 622 619 608
    600 598 597 594 591 588 588 0 0 0 0 0 0 0 0 0 0 0 0 0 0 0 0 0 550
    550 608 604 603 602 598 598 610 609 604 604 602 601 601 599 595 591
    591 0 0 0 0 0 0 0 0 0 0 0 0 0 0 0 0 0 0 752 750 746 741 738 733 727
    716 710 704 700 697 694 675 671 668 662 658 654 647 643 643 627 623
    622 619 608 602 600 598 594 591 588 588 0 0 0 0 0 0 0 0 0 0 0 0 0
    554 554 0 0 550 550 550 604 603 602 597 597 597 595 595 595 595 595
    597 598 595 591 591 0 0 0 0 0 0 0 0 0 0 0 0 0 0 0 0 0 0 755 752 747
    741 738 731 727 716 708 703 700 697 694 675 672 668 662 658 654 647
    642 635 627 625 620 618 610 604 600 597 594 591 591 0 0 0 0 0 0 0 0
    0 0 0 0 0 0 554 554 0 0 553 553 553 595 595 595 595 595 594 594 595
    595 595 595 597 598 596 593 593 0 0 0 0 0 0 0 0 0 0 0 0 0 0 0 0 0 0
    757 754 749 742 738 731 727 716 708 703 700 698 679 676 674 670 662
    657 654 646 641 635 628 625 620 618 610 606 600 597 594 592 592 0 0
    0 0 0 0 0 0 0 0 0 0 0 0 554 554 554 553 553 553 553 562 594 594 563
    563 563 563 595 595 595 595 597 598 573 573 572 572 573 580 579 579
    580 582 582 584 584 586 586 0 0 0 0 0 0 0 0 741 741 736 731 722 716
    708 704 700 697 679 676 675 671 662 657 655 646 640 636 631 628 621
    618 610 606 600 596 594 592 592 0 0 0 0 0 0 0 0 551 550 550 550 550
    551 554 554 554 553 553 553 553 562 562 562 563 563 563 563 565 566
    567 569 569 571 571 573 572 572 573 576 579 579 580 582 582 583 583
    584 585 0 0 0 0 0 0 0 762 762 739 736 733 722 717 708 704 700 697
    688 678 675 671 662 658 655 646 640 636 634 630 622 622 610 610 610
    596 594 594 0 0 0 0 0 0 0 0 551 551 550 550 550 550 551 552 554 554
    554 554 555 556 556 559 559 563 564 565 565 565 566 567 569 569 571
    571 573 573 574 574 576 579 580 581 582 582 583 583 584 585 0 0 0 0
    0 0 0 762 752 739 738 733 722 717 710 704 700 697 688 678 675 671
    663 658 654 647 640 636 634 634 622 615 609 607 604 604 604 587 587
    587 0 0 0 0 554 554 551 550 550 550 550 551 551 551 552 553 554 555
    555 556 558 559 559 563 564 565 565 565 566 568 569 570 571 572 573
    573 574 574 576 579 580 581 582 582 583 583 586 586 0 0 0 0 0 0 0
    759 752 741 739 734 723 717 710 706 700 697 690 678 675 671 668 658
    654 647 641 636 634 625 623 615 609 607 604 604 604 585 583 580 580
    0 0 0 554 554 551 550 550 550 550 551 551 551 552 553 554 555 557
    558 558 559 562 563 565 565 565 566 566 568 570 570 571 572 573 573
    575 577 577 581 581 582 582 583 584 585 587 587 0 0 0 0 0 0 0 755
    750 746 741 738 723 717 710 706 700 697 693 679 675 668 667 659 654
