<?xml version="1.0"?>
<opencv_storage>
<Depth7803 type_id="opencv-matrix">
  <rows>14</rows>
  <cols>31</cols>
  <dt>w</dt>
  <data>
    5056 5056 5056 5056 5056 5132 5132 5132 5056 5056 5132 5132 5210
    5210 5210 5056 5056 5132 5210 5291 4241 4241 4241 4295 4295 4349
    4405 4405 4405 4405 4405 5056 5056 5056 5132 5132 5132 5132 5132
    5056 5056 5056 5056 5210 5210 5210 5056 5056 5132 4295 4241 4241
    4241 4241 4295 4295 4349 4405 4405 4349 4295 4295 5056 5056 5056
    5132 5132 5132 5132 5132 5056 5056 5056 5056 5056 4139 4139 4139
    4241 4241 4241 4241 4241 4241 4241 4295 4295 4349 4405 4295 4295
    4295 4295 4983 4983 5056 5056 5132 5132 5132 5132 5132 4241 4241
    4241 4139 4139 4139 4139 4190 4190 4190 4241 4241 4295 4295 4349
    4349 4349 4349 4295 4295 4295 4295 4983 4983 5056 5056 5132 5132
    5132 5132 4241 4241 4241 4241 4190 4139 4139 4139 4190 4190 4190
    4241 4241 4295 4295 4349 4295 4295 4295 4295 4295 4295 4349 4983
    5056 5056 5132 5132 5132 5132 4190 4190 4241 4190 4190 4190 4190
    4190 4190 4190 4190 4190 4241 4241 4295 4295 4349 4295 4295 4295
    4295 4295 4295 4463 5056 5056 5056 5132 5132 5132 4190 4190 4190
    4190 4190 4190 4190 4190 4190 4190 4190 4190 4190 4241 4241 4241
    4295 4295 4349 4295 4295 4295 4295 0 0 4911 4089 4139 4139 4139 4190
    4190 4190 4190 4190 4190 4190 4190 4190 4190 4190 4190 4190 4190
    4241 4241 4241 4295 4295 0 4349 4349 4349 4349 0 0 4190 4089 4089
    4089 4139 4139 4139 4139 4139 4139 4139 4139 4139 4139 4139 4190
    4190 4190 4190 4241 4241 4241 4295 0 0 0 0 0 0 0 0 4190 4190 4089
    4089 4139 4139 4139 4139 4139 4139 4139 4139 4139 4139 4139 4190
    4190 4190 4190 4241 4241 4241 0 0 0 0 0 0 0 0 0 4190 4139 4139 4139
    4139 4139 4089 4089 4089 4089 4139 4139 4139 4139 4139 4190 4190
    4190 0 0 0 0 0 0 0 0 0 0 0 0 0 4139 4139 4089 4089 4089 4089 4089
    4089 4089 4089 4139 4190 4190 4139 4139 0 0 0 0 0 0 0 0 0 0 0 0 0 0
    0 0 4139 4089 4041 4041 4041 4041 4041 4089 4089 4241 4241 4241 0 0
    0 0 0 0 0 0 0 0 0 0 0 0 0 0 0 0 0 4139 4041 3994 3948 3948 4041 4041
    4089 0 0 0 0 0 0 0 0 0 0 0 0 0 0 0 0 0 0 0 0 0 0 0</data></Depth7803>
</opencv_storage>
