<?xml version="1.0"?>
<opencv_storage>
<Depth10702 type_id="opencv-matrix">
  <rows>110</rows>
  <cols>72</cols>
  <dt>w</dt>
  <data>
    2226 2241 2241 2241 2241 2241 2241 2241 903 903 903 906 908 908 2723
    2723 2723 2723 2723 2723 2723 2723 2744 2767 2767 2744 2723 2723
    2744 2744 2744 2744 2744 2744 2744 2767 2767 2767 2767 2744 2744
    2767 2767 2767 2767 2767 2767 2767 2744 2744 2744 2744 2723 2723
    2723 2723 2723 2701 2701 2701 2701 2701 2723 2723 2744 2744 2744
    2744 2744 2744 2723 2723 2241 2241 2241 2241 2271 2241 2241 2241 903
    903 903 906 906 906 903 903 903 0 920 925 925 925 2744 2744 2744
    2767 2723 2723 2744 2744 2744 2744 2744 2767 2767 2767 2744 2744
    2767 2767 2767 2767 2767 2767 2767 2767 2767 2767 2744 2744 2744
    2744 2744 2744 2723 2723 2723 2701 2701 2701 2701 2701 2723 2723
    2723 2744 2744 2744 2744 2744 2744 2744 2241 2241 2241 0 2241 2241
    2241 2241 906 903 903 903 906 906 903 903 903 906 920 920 920 923
    923 2744 2744 2767 2744 2744 2744 2744 2767 2767 2767 2767 2767 2767
    2744 2744 2767 2744 2744 2744 2744 2767 2767 2767 2767 2767 2744
    2744 2701 2701 2744 2744 2744 2744 2723 2701 2701 2701 2701 2701
    2701 2701 0 2767 2767 2744 2744 2744 2744 2744 2256 2256 0 0 0 2241
    2241 2241 903 903 903 903 906 906 903 903 906 906 913 913 913 913
    913 918 920 920 920 2789 2789 2789 2789 2789 928 925 2789 2789 2789
    2767 2767 2744 2744 915 913 913 913 2767 2767 2767 2767 2744 2701
    2701 2701 2767 2767 2744 2701 2680 2680 2680 2701 2701 2701 978 978
    2767 2767 2744 2744 2744 2744 2744 0 0 0 0 0 0 894 894 894 894 896
    901 901 901 901 903 903 906 906 908 908 908 910 913 915 915 915 918
    920 920 923 925 928 925 925 925 920 918 918 920 920 915 913 913 913
    930 930 930 930 938 938 940 940 951 951 956 956 956 962 962 962 967
    970 978 978 978 978 2744 2744 2744 2744 2744 0 0 0 0 0 0 894 894 891
    891 894 894 898 898 898 898 901 903 906 906 906 908 908 910 913 913
    915 918 918 918 920 923 923 923 920 920 920 918 918 920 928 930 913
    913 913 930 930 930 935 938 938 940 940 951 951 951 951 954 954 956
    956 959 970 970 973 970 967 967 967 962 2767 2767 0 0 0 0 0 0 894
    891 891 891 891 894 896 896 896 896 898 903 903 903 906 906 906 908
    910 910 913 915 915 918 920 920 920 923 920 920 920 920 920 923 928
    928 930 930 930 930 930 933 935 935 938 938 938 940 946 948 951 954
    954 956 956 956 962 964 964 964 964 964 964 962 962 962 0 0 0 0 0
    894 894 891 891 891 891 894 896 896 896 896 896 901 903 903 903 906
    906 908 910 910 913 913 915 915 915 915 918 920 920 920 920 920 920
    923 928 928 930 930 930 933 933 933 935 935 938 938 938 940 943 946
    948 951 951 954 954 956 959 959 959 959 959 959 962 962 962 962 0 0
    0 0 0 894 894 891 891 891 891 894 896 896 896 896 896 901 903 903
    903 906 906 908 910 910 913 913 913 915 915 915 918 920 920 920 920
    920 923 923 928 928 930 933 933 933 933 933 935 935 938 938 938 940
    943 946 948 948 948 951 954 956 956 956 959 959 959 959 962 962 962
    962 0 0 0 0 0 0 894 891 891 891 891 894 896 896 896 896 898 901 903
    903 903 906 906 908 908 910 913 913 913 915 915 915 918 920 920 923
    923 923 923 925 928 928 930 933 933 933 933 933 935 935 938 938 940
    940 943 946 948 948 948 951 954 956 956 956 959 959 959 959 962 964
    964 964 0 0 0 0 0 0 894 891 891 891 891 891 896 896 896 896 898 901
    903 903 903 906 906 908 908 910 913 913 913 915 915 915 918 920 920
    923 923 923 923 925 928 928 930 933 933 933 933 933 935 935 938 940
    940 943 943 948 948 951 951 951 954 956 956 956 959 959 959 959 962
    964 964 964 0 0 0 0 0 0 894 894 891 891 891 891 896 896 896 898 901
    903 903 903 903 906 906 908 908 910 913 913 913 915 915 915 918 920
    920 923 923 923 923 925 928 928 930 930 933 933 933 933 935 935 938
    940 940 943 943 948 951 951 951 951 954 956 956 956 959 959 959 959
    962 964 967 967 0 0 0 0 0 0 894 891 891 891 891 891 896 896 898 901
    903 903 903 906 906 906 908 908 910 910 913 913 913 915 915 918 918
    920 923 923 923 923 923 928 928 930 930 930 933 933 933 933 935 938
    940 943 943 943 943 948 948 951 951 954 956 956 956 956 959 959 959
    959 962 964 967 967 0 0 0 0 0 0 894 891 891 891 891 894 896 896 898
    901 903 903 906 906 906 906 908 910 910 913 913 915 915 915 918 918
    920 920 923 923 923 923 923 928 928 928 930 930 933 933 933 933 935
    938 940 943 943 943 943 948 948 951 951 954 956 956 959 959 959 959
    959 962 962 967 967 967 0 0 0 0 0 0 894 891 891 891 891 894 896 898
    898 901 903 903 906 906 906 906 908 910 913 913 913 915 915 915 918
    918 918 920 923 923 923 925 925 928 928 928 930 933 933 933 933 935
    935 938 940 940 943 943 946 948 948 948 951 954 956 959 959 959 959
    959 962 962 964 967 967 967 0 0 0 0 0 0 894 891 891 891 891 894 896
    898 898 898 903 903 906 906 906 908 910 913 913 913 913 915 915 915
    918 918 918 920 923 923 923 925 925 928 928 930 933 933 933 933 933
    935 938 938 940 940 943 943 946 948 948 948 951 956 956 956 956 959
    959 959 962 962 964 967 967 967 0 0 0 0 0 894 894 891 891 891 891
    894 898 898 898 898 903 903 906 906 906 908 910 913 913 913 913 915
    915 915 918 918 920 923 923 923 925 925 925 928 928 930 933 933 933
    935 935 935 938 940 940 943 943 943 946 948 948 948 951 954 956 956
    956 959 959 962 962 962 964 967 967 967 0 0 0 0 0 894 894 891 891
    891 894 894 898 898 898 901 903 903 906 906 906 908 910 913 913 913
    913 915 915 915 918 918 918 923 923 923 925 925 928 928 930 933 933
    933 933 935 935 935 938 940 943 943 943 946 946 948 948 948 951 954
    956 956 956 959 959 962 962 964 967 967 967 967 0 0 0 0 0 903 894
    891 891 891 894 894 898 901 901 903 903 903 906 906 906 910 910 913
    913 913 913 915 915 918 918 918 918 920 923 923 925 925 928 928 930
    933 933 933 933 935 935 935 940 940 943 943 946 946 946 948 951 951
    954 956 956 956 956 959 959 962 962 964 967 967 967 967 0 0 0 0 0
    898 894 891 891 891 894 894 898 901 901 903 903 903 906 906 908 910
    910 913 913 913 915 915 918 918 918 918 918 920 923 925 925 925 928
    930 933 933 933 933 935 935 935 938 940 943 943 943 946 946 946 951
    951 954 956 956 956 956 956 959 962 962 964 964 967 967 967 967 0 0
    0 0 0 898 896 891 891 891 894 894 898 901 901 903 903 906 906 906
    908 910 910 913 913 913 915 915 918 918 918 918 918 920 923 925 925
    925 928 930 933 933 933 935 935 935 935 938 940 940 943 943 946 946
    946 951 951 954 954 956 956 956 956 959 962 962 964 964 967 967 967
    967 0 0 0 0 0 896 896 894 891 891 894 894 898 901 901 903 903 906
    906 906 908 910 913 913 913 913 915 915 918 918 918 918 918 920 923
    925 925 928 930 933 933 933 933 935 935 935 938 938 940 940 943 943
    943 946 946 951 951 954 954 956 956 959 959 959 962 964 964 964 967
    967 970 970 0 0 0 0 0 896 896 891 891 891 894 894 898 903 903 903
    903 906 906 906 910 913 913 913 913 913 913 915 915 918 918 918 918
    923 925 925 925 928 928 930 933 933 933 935 935 935 938 938 940 940
    943 943 943 946 946 951 951 954 954 956 956 959 959 962 964 964 964
    964 967 967 970 970 0 0 0 0 0 894 894 891 891 891 894 894 901 903
    903 903 903 903 906 906 910 913 913 913 913 913 913 915 915 918 918
    918 920 923 923 925 925 928 928 930 930 933 933 935 935 935 938 938
    940 940 943 943 943 946 946 951 954 954 956 956 959 959 959 964 964
    964 964 967 967 967 970 970 0 0 0 0 0 894 894 891 891 891 894 894
    901 903 903 903 903 903 906 908 910 913 913 913 913 913 915 915 915
    918 918 920 923 923 923 925 925 928 928 930 930 933 933 935 935 935
    935 938 940 940 943 943 943 946 946 951 954 954 956 956 959 959 959
    964 964 964 964 967 967 967 967 967 0 0 0 0 0 894 894 891 891 891
    891 894 898 898 903 903 903 903 906 908 910 910 910 913 913 913 915
    915 918 918 918 920 923 923 925 925 925 928 930 930 933 933 933 935
    935 935 935 938 940 943 943 946 946 946 946 951 954 956 956 956 959
