<?xml version="1.0"?>
<opencv_storage>
<Depth16397 type_id="opencv-matrix">
  <rows>140</rows>
  <cols>94</cols>
  <dt>w</dt>
  <data>
    2744 2744 2744 2744 2744 2744 2744 4089 4089 4139 4089 4089 4089
    4139 4139 4190 4190 4190 4190 4139 4089 4089 4190 4190 4190 4190
    4190 4241 4241 4295 4241 4241 4295 4295 4295 4295 4295 4295 4349
    4349 4349 4349 4349 4349 4349 4349 4405 4405 752 752 749 749 747 747
    747 747 747 752 755 754 750 750 750 750 752 750 749 746 739 738 736
    736 736 736 682 0 693 687 687 687 4139 4139 4190 4190 4190 4139 4089
    4041 4041 4041 3994 3994 3994 3994 2744 2744 2744 2744 2744 2744
    2744 4089 4089 4139 4089 4089 4089 4139 4190 4190 4190 4190 4190
    4139 4089 4089 4190 4190 4190 4190 4190 4241 4241 4241 4241 4241
    4295 4295 4295 4349 4349 4349 4349 4349 4405 4349 4349 4405 4405
    4405 4405 746 752 752 749 749 747 747 746 746 744 742 742 755 738
    738 750 749 749 750 749 742 738 738 734 734 734 682 682 688 693 693
    687 687 687 687 670 670 670 4190 4139 4089 4041 4041 3994 3994 3994
    3994 2744 2744 2744 2744 2744 2744 2744 2744 4089 4139 4139 4139
    4139 4139 4139 4139 4190 4190 4190 4139 4089 4089 4190 4190 4190
    4190 4190 4241 4241 4241 4295 4241 4241 4295 4295 4349 4349 4349
    4349 4349 4405 4349 4349 4405 0 739 746 746 744 744 747 746 746 744
    744 742 742 741 739 736 736 736 736 742 741 736 736 736 736 738 734
    734 682 682 682 688 688 688 687 686 686 686 670 670 670 672 672 674
    674 674 674 674 0 0 2744 2744 2744 2744 2744 2744 2744 2744 4089
    4139 4139 4139 4139 4139 4139 4139 4139 4139 4139 4139 4089 4089
    4190 4190 4190 4190 4190 4241 4241 4241 4295 4241 4241 4295 4295
    4349 4349 4349 4405 4463 0 0 0 0 0 739 738 738 736 736 744 746 746
    744 742 742 741 741 736 734 734 683 683 683 683 683 734 734 734 734
    734 683 680 680 680 680 670 670 686 679 672 672 670 670 671 672 672
    672 674 674 674 675 0 0 2744 2767 2744 2744 2744 2744 2744 2812 4089
    4089 4089 4089 4139 4139 4139 4139 4139 4139 4139 4139 4139 4241
    4241 4241 4190 4190 4190 4190 4190 4241 4295 0 0 0 4405 4405 4405 0
    0 0 0 0 0 0 739 739 736 736 734 731 731 733 733 744 738 738 738 738
    734 734 682 682 682 682 683 683 733 733 731 731 674 674 674 674 672
    671 670 670 672 672 672 672 672 672 672 672 672 672 674 674 674 675
    0 0 2767 2744 2744 2744 2744 2744 2767 4190 4190 4089 4089 4089 4089
    4089 4139 4139 4139 4139 4139 4139 4139 4190 4190 4241 4190 4190
    4190 4190 4190 4241 0 0 0 0 0 0 0 0 0 0 0 0 0 0 736 736 736 736 734
    730 719 719 679 679 678 678 679 682 683 682 679 679 682 667 667 668
    668 671 671 671 671 671 672 671 671 671 671 672 672 672 672 672 672
    672 672 672 674 674 674 676 676 676 0 0 2767 2744 2744 2744 2744
    2744 2744 4241 4241 4139 4139 4089 4089 4089 4139 4139 4190 4190
    4190 4241 4241 4190 4190 4190 4241 4190 4190 4190 0 0 0 0 0 0 0 0 0
    0 0 0 0 0 0 0 0 682 682 682 734 716 716 716 679 679 678 678 679 680
    680 674 667 667 667 667 667 668 668 670 671 671 671 671 671 671 671
    672 672 672 672 672 672 672 672 672 672 672 674 674 675 678 678 678
    0 0 2744 2744 2723 2723 2744 2744 2744 0 0 4190 4139 4139 0 0 0 0 0
    0 0 4241 4241 4241 4241 4241 4241 4241 4241 661 0 0 0 0 0 0 0 0 0 0
    0 0 0 0 0 679 679 680 680 682 682 714 714 714 675 668 668 674 670
    670 667 667 667 667 667 667 667 668 668 670 671 671 671 671 671 671
    671 672 672 672 674 672 672 672 672 672 674 674 675 675 676 678 678
    678 678 0 2744 2744 2723 2723 2744 0 0 0 0 0 0 0 0 0 0 0 0 0 0 4295
    4241 4241 4241 4241 4241 4241 0 0 0 0 0 0 0 0 0 0 0 0 0 0 0 676 676
    676 678 666 666 666 667 668 670 668 667 666 666 667 667 667 667 667
    667 667 667 667 667 668 668 670 671 671 671 671 671 671 672 672 672
    672 672 672 674 674 672 672 674 674 675 676 676 676 676 676 676 0
    2767 2744 2744 2767 0 0 0 0 0 0 0 0 0 0 0 0 0 0 0 661 4241 4241 4241
    4241 4241 4241 662 661 0 0 0 0 0 0 0 0 0 0 0 0 0 675 675 667 664 664
    664 664 666 667 667 666 666 666 666 666 667 667 668 668 668 667 667
    667 668 670 670 671 671 671 671 671 671 671 672 672 672 672 672 672
    674 674 672 672 674 674 676 676 676 676 676 676 676 0 0 0 0 0 0 0 0
    0 0 0 0 0 0 0 0 0 0 0 0 0 0 0 4241 4241 662 662 662 661 661 0 0 0
    666 666 0 663 663 666 666 666 667 666 664 664 664 664 664 664 666
    666 666 666 664 664 666 666 667 667 668 668 668 668 667 667 670 671
    671 671 671 671 671 671 672 672 672 672 672 672 672 672 674 674 675
    675 675 676 676 676 678 678 676 672 672 0 0 0 0 0 0 0 0 0 0 0 0 0
    662 662 0 0 0 0 0 0 661 661 663 663 662 662 662 661 661 663 663 663
    663 663 663 663 663 663 664 664 664 666 664 664 664 664 666 666 666
    666 666 666 664 664 666 666 667 667 668 668 668 670 668 668 670 671
    671 671 671 671 671 671 672 672 672 672 674 674 672 672 674 675 675
    675 676 676 676 678 678 678 676 672 672 0 0 0 0 0 0 0 0 0 0 0 0 0
    661 661 0 0 0 661 661 661 661 661 662 662 662 662 662 662 662 663
    663 663 663 663 663 663 663 663 664 664 664 666 664 664 666 666 666
    666 666 666 666 666 666 666 666 667 667 667 668 668 668 670 670 670
    670 671 671 671 671 671 671 671 672 672 672 672 674 675 674 674 674
    675 676 676 676 676 676 678 678 678 676 675 675 0 0 0 0 0 0 0 0 0 0
    0 0 0 657 657 657 659 661 661 661 659 659 661 662 662 662 662 663
    663 663 663 663 663 663 663 664 663 663 663 664 664 664 666 666 666
    666 666 666 666 666 666 666 666 666 667 667 668 668 668 670 670 670
    670 670 670 671 671 671 671 671 671 671 672 672 672 672 674 675 675
    674 674 675 676 676 676 676 676 676 678 678 678 678 675 675 0 0 661
    661 659 658 658 662 662 0 659 659 659 657 657 657 659 659 661 661
    659 659 661 662 662 663 663 663 663 663 663 663 663 663 663 664 664
    663 663 664 664 666 666 666 666 666 666 666 666 666 667 667 667 667
    667 667 668 668 668 670 670 670 671 671 671 671 671 671 671 671 671
    671 672 672 672 672 674 674 675 675 676 676 676 676 676 676 676 676
    676 676 678 678 676 676 0 0 661 659 658 657 657 657 657 657 659 659
    659 658 658 658 659 659 661 661 661 661 661 662 662 663 663 663 663
    663 663 663 663 664 664 664 664 664 664 664 664 666 666 666 666 666
    666 666 666 666 667 667 667 668 670 670 670 670 670 670 670 670 671
    671 671 671 671 671 671 671 671 671 672 672 672 672 674 674 675 675
    676 676 676 676 676 676 676 676 676 676 676 678 676 676 0 0 661 658
    658 657 657 657 657 657 659 659 659 659 659 659 661 661 661 661 661
    661 661 662 662 663 663 663 663 663 663 664 664 666 666 666 664 664
    664 666 666 666 666 666 666 666 666 666 667 667 667 667 668 668 670
    670 670 670 670 670 671 671 671 671 671 671 671 671 672 672 672 672
    672 674 672 672 674 674 675 675 676 676 676 676 678 676 676 676 676
    676 676 678 678 678 0 663 661 658 658 657 657 657 657 657 658 659
    659 659 659 659 661 661 661 661 661 661 662 662 662 663 664 664 664
    664 664 664 664 666 666 666 664 664 664 666 666 666 666 666 666 667
    667 667 667 667 667 668 668 670 671 671 671 670 670 671 671 671 671
    671 672 672 672 672 672 672 672 674 674 674 674 674 674 674 675 676
    676 676 676 678 678 678 678 676 676 676 676 678 678 678 0 663 661
    658 658 657 657 657 657 657 658 659 659 661 661 661 661 661 661 661
    661 662 662 662 663 663 664 664 664 664 664 664 664 666 666 666 666
    666 666 666 666 666 666 666 666 667 667 667 668 668 668 670 670 670
    670 670 671 671 671 671 671 671 671 672 672 672 672 672 672 672 672
    674 674 674 675 675 675 675 676 676 676 676 676 678 678 678 678 676
    676 676 678 679 678 678 0 663 661 658 658 657 657 657 658 658 659
    661 661 661 661 661 661 661 661 661 661 662 662 662 663 664 666 664
    664 664 664 664 666 666 666 666 666 666 666 666 666 667 667 667 667
    668 668 668 670 670 670 670 670 670 670 670 671 671 671 671 671 671
    671 672 672 672 672 672 674 674 674 674 674 674 675 676 676 676 676
    676 678 678 678 678 678 678 678 678 678 678 680 680 680 680 0 663
