<?xml version="1.0"?>
<opencv_storage>
<Depth2955 type_id="opencv-matrix">
  <rows>37</rows>
  <cols>22</cols>
  <dt>w</dt>
  <data>
    4582 4522 4522 4522 4522 2859 2835 2812 2812 2812 2812 2812 2835
    4349 4349 4295 4295 4241 4241 4241 4241 4241 4582 4582 2835 2835
    2835 2835 2835 2812 2812 2812 2812 2812 2812 2835 2835 4295 4295
    4295 4295 4241 4241 4241 2812 2835 2835 2835 2835 2835 2812 2812
    2812 2812 2812 2812 2812 2835 2835 2883 4295 4295 4295 4295 4241
    4241 2812 2835 2835 2835 2835 2835 2812 2812 2812 2812 2812 2812
    2812 2835 2835 2859 2883 2908 4295 4295 4241 4241 2835 2835 2835
    2835 2835 2835 2812 2812 2812 2812 2812 2812 2812 2835 2835 2859
    2859 2883 4349 4295 4241 4241 2859 2859 2859 2835 2835 2835 2812
    2812 2789 2789 2812 2812 2812 2835 2835 2859 2859 2883 2933 4295
    4241 4241 2859 2859 2859 2835 2835 2812 2812 2812 2789 2789 2812
    2812 2812 2812 2835 2859 2883 2908 2933 4241 4241 4241 2859 2859
    2835 2835 2835 2812 2812 2812 2789 2789 2812 2812 2812 2812 2835
    2859 2883 2908 2908 2908 4241 4241 2835 2835 2835 2835 2835 2812
    2812 2812 2789 2789 2812 2812 2812 2812 2835 2859 2883 2908 2908
    2908 4295 4241 2835 2835 2835 2835 2835 2812 2812 2812 2789 2789
    2812 2812 2812 2812 2835 2859 2883 2883 2883 2908 4295 4241 2835
    2835 2835 2835 2835 2812 2812 2812 2789 2789 2789 2789 2812 2812
    2835 2835 2883 2883 2883 2908 4295 4241 2859 2835 2835 2835 2835
    2812 2812 2812 2789 2789 2789 2789 2789 2812 2812 2812 2835 2883
    2883 2908 4241 4241 2859 2859 2835 2835 2812 2812 2812 2812 2789
    2789 2789 2789 2789 2812 2812 2812 2835 2859 2883 2908 4241 4241
    4645 2859 2835 2835 2812 2812 2812 2812 2789 2789 2789 2789 2789
    2812 2812 2812 2835 2859 2883 2908 2908 4241 4645 2859 2835 2835
    2812 2812 2812 2812 2789 2789 2789 2789 2789 2812 2812 2812 2835
    2835 2859 2883 2908 4295 4645 2859 2812 2812 2812 2812 2812 2812
    2812 2789 2789 2789 2789 2789 2812 2812 2835 2835 2859 2883 2883
    2908 4645 4582 2812 2812 2812 2812 2812 2812 2812 2789 2789 2789
    2789 2789 2812 2812 2835 2835 2859 2859 2883 2908 4645 4582 2835
    2835 2812 2812 2812 2812 2812 2812 2789 2789 2789 2789 2789 2812
    2835 2835 2859 2859 2859 2883 4645 4582 2835 2835 2812 2812 2812
    2812 2812 2812 2789 2789 2789 2789 2789 2812 2835 2835 2859 2859
    2859 2883 4582 4582 2835 2835 2835 2835 2812 2812 2812 2789 2789
    2767 2767 2767 2789 2812 2812 2835 2835 2859 2859 2908 4582 4582
    2835 2835 2835 2835 2835 2812 2812 2789 2767 2767 2767 2767 2789
    2812 2812 2835 2835 2835 2859 2883 4582 4582 2835 2835 2835 2835
    2835 2812 2812 2789 2767 2767 2767 2767 2789 2812 2812 2835 2835
    2835 2859 2883 4582 4582 2835 2835 2835 2835 2835 2812 2789 2789
    2767 2744 2744 2767 2789 2812 2812 2835 2835 2835 2835 2835 4582
    4582 2812 2812 2835 2812 2812 2812 2789 2789 2767 2744 2744 2767
    2767 2789 2812 2835 2835 2835 2835 2835 4645 4645 2812 2812 2835
    2812 2812 2812 2812 2789 2767 2744 2744 2744 2767 2767 2812 2812
    2835 2835 2859 2859 4645 4582 2812 2812 2835 2812 2812 2812 2812
    2789 2767 2744 2744 2744 2744 2744 2789 2812 2812 2835 2859 2883
    4582 4522 2812 2812 2812 2812 2812 2812 2789 2789 2767 2744 2744
    2744 2744 2744 2767 2789 2812 2835 2859 2883 4582 4522 2812 2812
    2812 2812 2812 2812 2789 2789 2767 2744 2744 2744 2744 2744 2767
    2789 2812 2812 2859 2859 4582 4522 2812 2812 2812 2835 2812 2812
    2767 2767 2767 2744 2744 2744 2744 2744 2767 2789 2812 2812 2859
    2859 4582 4582 2812 2812 2812 2835 2812 2812 2767 2767 2767 2744
    2744 2744 2744 2744 2767 2789 2812 2812 2835 2835 4645 4582 2789
    2789 2812 2835 2812 2812 2789 2789 2767 2767 2744 2744 2744 2744
    2744 2789 2812 2812 2835 2835 4645 4582 2789 2789 2812 2835 2812
    2812 2812 2812 2767 2767 2767 2744 2744 2744 2744 2789 2789 2812
    2835 2835 4645 4645 2789 2789 2789 2812 2812 2812 2812 2812 2789
    2767 2767 2744 2744 2744 2744 2767 2767 2789 2812 2883 4645 4582
    4582 2789 2789 2812 2812 2812 2812 2812 2789 2767 2744 2744 2744
    2744 2744 2767 2767 2789 2812 2908 4582 4582 4522 2835 2835 2835
    2812 2812 2812 2812 2789 2767 2723 2723 2723 2723 2723 2744 2744
    2789 2908 2908 4582 4522 4463 4463 2859 2835 2812 2812 2812 2812
    2789 2767 2723 2723 2723 2723 2723 2744 2744 4295 4295 4241 4582
    4522 4463 4463 4522 2835 2812 2789 2767 2767 2789 2789 4349 4349
    4349 4349 4349 4349 4295 4295 4241 4241</data></Depth2955>
</opencv_storage>
