<?xml version="1.0"?>
<opencv_storage>
<Depth16887 type_id="opencv-matrix">
  <rows>7</rows>
  <cols>35</cols>
  <dt>w</dt>
  <data>
    5056 5056 5056 5056 4983 4983 5056 5056 5056 5056 5056 4983 4983
    4983 5056 5132 5132 5132 5132 5132 5132 4983 4983 5056 5056 3365
    3365 3365 5132 5132 5132 5132 5132 5132 5056 5056 5056 5056 5056
    5056 5056 5056 5056 5056 5056 5132 5056 5056 5056 5132 5132 5132
    5132 5132 5132 5132 5056 5056 5056 5056 5056 5132 5132 5132 5132
    5132 5132 5132 5132 5132 5056 5056 5056 5056 5056 5056 5056 5056
    5056 5056 5132 5132 5132 5132 5132 5132 5132 5132 5132 5132 5132
    5132 5132 5132 5132 5132 5132 5132 5132 5132 5132 5132 5132 5132
    5132 5056 5056 5056 5056 5056 5056 5056 5056 5056 5056 5132 5132
    5132 5132 5132 5132 5132 5132 5132 5132 5132 5132 5132 5132 5132
    5132 5132 5132 5132 5132 5132 5132 5132 5132 5132 5056 5056 5056
    5056 5056 5056 5056 5056 5056 5056 5132 5132 5132 5132 5132 5132
    5132 5132 5132 5132 5210 5210 5132 5132 5210 5210 5132 5132 5132
    5132 5132 5132 5132 5132 5132 4983 5056 5056 5056 5056 5056 5056
    5056 5056 5056 5132 5132 5132 5132 5132 5132 5132 5132 5132 5132
    5132 5132 5132 5132 5210 5210 5132 5132 5132 5132 5132 5132 5132
    5132 3269 4983 5056 5056 5056 5132 5056 5056 5056 5056 5056 5132
    5132 5132 5132 5132 5132 5132 5210 5210 5210 5132 5132 5132 5132
    5132 5132 5210 5132 5132 5132 5132 5132 5132 3238 3238</data></Depth16887>
</opencv_storage>
