<?xml version="1.0"?>
<opencv_storage>
<Depth6044 type_id="opencv-matrix">
  <rows>21</rows>
  <cols>21</cols>
  <dt>w</dt>
  <data>
    2286 2286 2286 2286 2301 2333 2333 3333 3300 3300 3365 3333 3333
    3365 3365 3365 2256 2256 3300 3300 3300 3433 3399 3365 3365 3365
    3365 3365 3333 3300 3300 3365 3333 3333 3365 3333 3333 3333 3300
    3300 3300 3300 3433 3399 3399 3365 3365 3365 3365 3365 3399 3399
    3399 3365 3333 3333 3300 3300 3333 3333 3333 3300 3300 3433 3433
    3399 3399 3399 3399 3399 3399 3399 3399 3399 3333 3300 3300 3300
    3300 3300 3300 3300 3269 3269 3399 3399 3399 3399 3399 3399 3399
    3399 3399 3399 3365 3333 3300 3300 3269 3269 3300 3300 3300 3269
    3238 3399 3399 3399 3399 3399 3399 3399 3399 3399 3399 3365 3333
    3300 3300 3269 3269 3300 3300 3300 3238 3238 3399 3399 3399 3399
    3399 3399 3399 3399 3365 3365 3333 3333 3300 3300 3300 3300 3300
    3300 3300 3238 3238 3399 3399 3399 3399 3399 3399 3399 3399 3365
    3365 3333 3333 3300 3300 3269 3269 3300 3300 3300 3269 3238 3365
    3365 3399 3399 3399 3399 3399 3399 3365 3365 3300 3300 3300 3300
    3269 3269 3269 3269 3269 3208 3178 3365 3365 3399 3399 3365 3365
    3399 3399 3365 3333 3300 3300 3300 3300 3269 3269 3269 3269 3269
    3208 3178 3399 3399 3399 3399 3365 3365 3365 3365 3365 3333 3300
    3300 3300 3300 3300 3300 3300 3300 3238 3208 3178 3399 3399 3399
    3399 3333 3333 3333 3333 3365 3333 3300 3300 3300 3300 3300 3300
    3300 3300 3238 3208 3149 3433 3433 3433 3399 3333 3333 3333 3333
    3365 3365 3399 3399 3433 3365 3300 3300 3300 3300 3269 3238 3149
    3300 3433 3433 3399 3365 3365 3365 3365 3365 3365 3399 3399 3399
    3333 3300 3300 3300 3300 3300 3238 3178 3300 3433 3433 3399 3399
    3365 3365 3365 3365 3365 3399 3399 3365 3300 3300 3300 3300 3300
    3269 3238 3178 3433 3433 3433 3433 3399 3399 3399 3399 3399 3399
    3399 3399 3333 3300 3300 3269 3269 3269 3269 3208 3178 3468 3433
    3433 3399 3399 3399 3399 3399 3399 3399 3399 3399 3333 3300 3300
    3269 3269 3269 3269 3208 3178 0 3433 3433 3399 3399 3399 3399 3399
    3399 3399 3433 3433 3399 3365 3333 3300 3269 3269 3269 3208 3149 0 0
    3433 3399 3399 3399 3399 3399 3433 3433 3433 3433 3399 3365 3333
    3300 3269 3238 3208 3149 3149 0 0 3433 3433 3433 3399 3399 3399 3399
    3399 3433 3433 3399 3365 3333 3300 3269 3238 3208 3149 3149 0 0 3433
    3433 3433 3399 3399 3399 3399 3399 3433 3433 3433 3399 3399 3300
    3269 3208 3208 3149 3149</data></Depth6044>
</opencv_storage>
