<?xml version="1.0"?>
<opencv_storage>
<Depth15565 type_id="opencv-matrix">
  <rows>20</rows>
  <cols>45</cols>
  <dt>w</dt>
  <data>
    0 0 0 0 0 0 0 0 0 0 0 0 0 0 0 0 0 0 0 0 0 0 0 0 2723 2723 2744 2744
    2723 2723 2723 2723 2723 2723 2723 2744 2744 2744 2859 2835 2835 0 0
    0 1904 0 0 0 0 0 0 0 0 0 0 0 0 0 0 2723 2723 2723 0 0 0 0 2789 2789
    2723 2723 2723 2723 2744 2723 2701 2701 2701 2723 2767 2744 2744
    2744 2744 2812 2835 2835 0 0 0 1904 0 0 0 0 0 0 0 0 0 0 2639 2639
    2639 2680 2680 2723 2723 2723 0 0 2744 2723 2723 2723 2701 2701 2723
    2744 2723 2701 2701 2701 2723 2767 2744 2744 2744 2744 2789 2812
    2859 2859 1947 1936 1915 0 0 0 2723 2723 2723 2723 0 0 0 2639 2639
    2639 2639 2659 2701 2701 2723 2744 2744 2744 2723 2723 2723 2701
    2701 2723 2744 2723 2723 2723 2723 2744 2789 2744 2744 2744 2744
    2789 2744 2744 2744 1947 1936 1936 0 0 2744 2723 2723 2723 2701 2701
    2701 2701 2701 2659 2639 2639 2659 2701 2701 2723 2744 2744 2744
    2744 2744 2744 2744 2744 2744 2744 2744 2744 2744 2744 2789 2789
    2789 2767 2767 2767 2767 2744 2744 2744 1970 1959 1959 2744 2723
    2723 2723 2723 2723 2701 2701 2701 2701 2701 2701 2659 2659 2659
    2701 2701 2723 2767 2744 2744 2744 2744 2744 2744 2744 2767 2767
    2767 2767 2767 2789 2789 2789 2789 2767 2767 2767 2767 2767 2744
    2744 1970 1959 1959 2723 2723 2701 2701 2723 2723 2723 2723 2723
    2701 2701 2701 2701 2701 2701 2723 2723 2744 2744 2744 2744 2744
    2744 2744 2744 2744 2767 2767 2767 2789 2789 2789 2789 2789 2789
    2789 2789 2789 2789 2767 2767 2744 1981 1981 1981 2723 2723 2701
    2701 2701 2723 2723 2723 2723 2701 2701 2701 2723 2701 2701 2723
    2744 2744 2744 2744 2744 2744 2767 2744 2744 2767 2767 2767 2767
    2789 2789 2789 2789 2789 2789 2789 2789 2789 2789 2789 2767 2744
    1981 1981 1993 2723 2723 2701 2701 2701 2701 2701 2723 2723 2723
    2701 2701 2723 2701 2701 2723 2744 2744 2744 2744 2744 2744 2767
    2744 2744 2789 2789 2767 2767 2767 2789 2789 2767 2767 2789 2789
    2789 2789 2789 2789 2789 2767 1981 1981 2005 2723 2701 2701 2701
    2701 2701 2701 2723 2723 2723 2723 2723 2723 2723 2723 2744 2744
    2744 2744 2744 2744 2744 2744 2744 2744 2789 2789 2767 2767 2767
    2789 2789 2767 2767 2789 2789 2789 2789 2789 2789 2789 2789 2789
    2789 1981 2701 2680 2680 2723 2701 2701 2701 2723 2723 2723 2723
    2723 2723 2723 2723 2744 2744 2744 2744 2744 2744 2744 2744 2744
    2767 2767 2767 2767 2767 2767 2767 2789 2767 2767 2789 2767 2767
    2767 2767 2767 2789 2789 2789 2789 1981 2701 2680 2680 2701 2701
    2723 2723 2723 2723 2723 2723 2723 2723 2723 2723 2744 2744 2744
    2744 2744 2744 2767 2767 2767 2744 2744 2767 2767 2767 2767 2767
    2789 2789 2767 2767 2767 2767 2767 2767 2767 2789 2789 2812 2789
    2789 2701 2701 2701 2701 2701 2723 2723 2723 2723 2723 2723 2723
    2723 2723 2723 2744 2744 2744 2744 2744 2744 2744 2744 2744 2744
    2744 2767 2767 2767 2767 2767 2789 2789 2767 2767 2767 2767 2789
    2789 2789 2789 2812 2812 2812 2812 2701 2701 2701 2701 2701 2723
    2723 2744 2723 2723 2701 2701 2701 2701 2701 2744 2744 2744 2744
    2744 2744 2744 2744 2744 2744 2744 2744 2744 2767 2767 2767 2789
    2789 2767 2767 2767 2767 2789 2789 2789 2812 2835 2835 2835 2835
    2701 2701 2701 2701 2701 2723 2723 2744 2723 2723 2701 2701 2680
    2680 2701 2723 2744 2744 2744 2744 2744 2744 2723 2723 2744 2767
    2744 2744 2767 2767 2767 2789 2812 2812 2812 2812 2812 2812 2812
    2835 2835 2859 2883 2859 2859 2701 2701 2701 2701 2701 2723 2723
    2701 2701 2701 2701 2701 2680 2680 2701 2723 2744 2744 2744 2744
    2744 2744 2723 2723 2744 2767 2767 2812 2812 2789 2789 2789 2812
    2812 2812 2812 2812 2835 2835 3859 3859 3859 2883 2859 2859 2701
    2701 2701 2701 2723 2723 2723 2701 2701 2701 2723 2723 2723 2701
    2701 2744 2767 2767 2789 2767 2767 2767 2744 2744 2744 2767 2812
    2835 2835 2835 3653 3653 3692 2835 2835 2835 2835 2835 3859 3859
    3859 3859 3859 3774 3576 2701 2701 2701 2744 2744 2744 2723 2723
    2723 2723 2723 2723 2723 2701 2701 2767 2767 2767 3816 3816 3816
    3692 3653 3653 3614 3614 3653 3653 3653 3653 3653 3653 3692 3692
    3816 3816 3816 3859 3859 3859 3903 3903 3903 3859 3774 2701 2723
    2723 2767 2767 2767 2723 2723 2723 2723 2723 3732 3774 3774 3774
    3859 3859 3859 3816 3816 3816 3692 3692 3653 3653 3653 3653 3653
    3653 3653 3653 3692 3692 3692 3859 3816 3816 3859 3859 3903 3903
    3903 3903 3903 3859 2723 2744 2767 2789 2789 2789 3774 2723 2723
    2723 2723 3732 3732 3732 3774 3859 3859 3859 3816 3816 3816 3774
    3732 3692 3653 3653 3653 3653 3653 3692 3774 3816 3859 3859 3903
    3903 3859 3859 3903 3903 3903 3948 3948 3948 3859</data></Depth15565>
</opencv_storage>
