<?xml version="1.0"?>
<opencv_storage>
<Depth11090 type_id="opencv-matrix">
  <rows>128</rows>
  <cols>94</cols>
  <dt>w</dt>
  <data>
    3816 3732 3732 3774 0 0 0 0 0 0 0 3614 3614 3614 3614 3614 781 781
    781 789 787 785 781 781 789 789 787 787 787 789 789 790 790 3365
    3365 3365 3269 3269 3238 3238 0 0 3149 3149 3149 3149 3149 3120 3092
    3064 3037 3037 2984 2933 2933 2933 2958 3010 3010 2984 2958 2958
    2958 2958 2933 2933 2883 2859 2859 2859 2883 2883 2883 2859 2859
    2859 2835 2812 2789 2789 2767 2744 2744 2744 2744 0 0 0 0 0 2680
    2680 2659 2659 0 0 0 0 0 0 0 0 0 0 0 0 0 0 781 781 781 781 781 780
    778 778 778 778 776 776 778 780 783 787 787 787 787 787 794 794 0 0
    0 0 0 723 0 3149 0 3149 3149 3149 0 0 0 3037 2984 2933 2933 2933
    2958 3010 3010 3010 2958 2958 2958 2984 2958 2958 2958 0 0 0 0 2908
    2908 2883 2859 2859 2835 2767 2744 2744 2744 2744 2744 2744 0 0 0 0
    0 0 2680 2680 2659 2659 0 0 0 0 0 0 0 0 0 0 0 0 0 0 0 0 766 766 766
    766 722 720 720 776 776 774 773 773 773 773 787 787 787 794 0 0 0 0
    0 0 0 0 0 0 0 0 0 0 0 0 0 0 0 0 0 0 0 731 744 0 0 0 0 0 0 738 0 0 0
    0 2908 2908 2908 2883 2859 2859 2835 2767 2744 2744 2744 2744 2744
    2744 0 0 0 0 0 0 2680 2680 2680 2659 0 0 0 0 0 0 0 0 0 0 0 0 0 0 717
    717 717 717 717 717 720 720 719 719 716 716 773 773 773 764 717 717
    794 794 0 0 730 0 0 0 0 723 0 0 0 0 0 0 0 0 0 0 0 0 0 0 0 0 0 0 744
    744 744 0 0 0 0 0 0 0 0 2958 2958 2933 2933 2859 2859 2859 0 2859
    739 0 0 0 0 0 0 0 0 0 2680 2680 2659 2659 0 0 0 0 0 0 0 0 0 0 0 0 0
    0 0 717 717 716 716 716 716 719 719 719 716 716 719 720 720 722 717
    717 794 794 720 730 730 730 725 723 723 723 0 0 0 0 0 0 0 0 0 0 0 0
    0 0 0 0 0 742 744 744 744 744 738 738 738 0 0 0 0 2933 2933 2933
    2933 2933 2933 731 0 0 0 0 0 0 0 0 0 0 0 0 0 2680 2659 2659 0 0 0 0
    0 0 0 0 711 711 711 711 711 711 711 713 713 713 713 713 713 714 716
    717 717 717 717 719 719 720 719 719 720 720 0 0 730 728 725 723 723
    723 0 731 731 730 730 733 0 0 0 738 738 738 738 731 731 731 731 742
    742 742 741 741 738 738 738 0 0 0 0 0 0 0 0 731 731 0 739 739 739 0
    0 0 0 0 0 0 0 0 0 2579 2579 2579 0 0 0 0 0 0 0 711 711 711 711 711
    711 710 710 711 711 711 711 711 711 713 713 714 716 716 716 716 716
    716 716 716 717 716 716 716 730 727 722 720 720 723 723 731 731 730
    730 731 731 730 728 728 728 731 731 731 731 731 731 731 734 733 733
    734 734 734 736 0 0 738 736 734 731 730 730 731 731 731 739 739 739
    733 731 731 0 0 0 0 0 0 0 2579 2579 2579 0 0 0 0 0 0 710 710 711 711
    711 711 711 710 710 710 711 711 711 711 711 711 713 713 713 713 713
    713 713 713 713 713 713 713 711 711 713 713 713 714 711 710 710 710
    710 711 723 723 723 723 723 723 725 727 730 731 730 730 730 730 731
    730 730 731 731 731 731 733 733 734 733 731 730 728 728 731 731 731
    731 738 738 733 731 731 738 734 734 734 734 0 2579 2579 2579 2579 0
    0 0 0 0 0 710 710 711 711 711 711 711 711 710 710 711 711 711 711
    711 711 713 711 711 711 711 711 711 711 711 711 713 711 711 711 711
    711 711 710 710 710 710 710 710 711 711 713 716 716 717 716 716 717
    717 719 720 722 722 722 722 723 723 723 727 728 728 733 733 733 731
    730 730 728 728 730 730 730 730 731 731 731 731 731 733 734 734 734
    733 733 0 733 0 720 0 0 0 0 0 0 711 711 711 711 711 711 711 711 711
    711 711 711 711 711 711 711 713 711 711 711 711 711 711 711 711 711
    711 711 711 711 711 711 711 710 710 711 710 710 710 711 711 711 714
    714 714 714 714 716 716 716 717 717 716 714 714 716 717 717 717 717
    717 717 717 720 727 727 727 725 725 727 728 728 728 728 730 730 730
    730 730 731 731 731 730 730 730 720 720 720 0 0 0 0 0 0 711 711 713
    713 713 713 713 711 711 711 711 711 713 713 713 713 713 711 711 711
    711 711 711 711 711 711 711 711 711 711 711 711 711 711 711 711 711
    711 711 711 711 711 714 714 714 714 714 714 714 714 716 716 716 713
    713 714 714 714 714 714 716 716 716 717 717 719 719 719 719 720 720
    720 720 719 719 725 723 722 720 720 722 722 722 720 720 720 720 720
    0 0 0 0 0 0 0 714 713 713 713 713 713 711 711 713 713 713 713 713
    713 713 713 713 713 711 711 713 713 713 713 713 713 713 713 713 713
    713 713 713 713 711 711 711 711 711 711 711 714 714 716 714 714 714
    714 714 716 716 716 713 713 714 714 714 714 714 716 716 716 717 717
    717 719 719 719 717 717 717 717 717 719 720 720 720 719 719 719 719
    720 720 720 720 720 720 0 0 0 0 0 0 0 714 714 714 713 713 713 713
    713 713 713 713 713 713 714 713 713 713 713 713 713 714 713 713 713
    713 713 713 713 713 713 713 713 714 714 713 711 711 711 711 711 711
    714 714 716 714 714 716 716 716 716 716 716 714 714 714 716 716 717
    717 717 716 716 717 717 717 719 719 719 717 717 717 717 717 719 719
    719 719 719 719 719 719 720 720 720 720 720 720 0 0 0 0 0 0 716 714
    714 714 714 714 713 713 713 713 713 713 713 713 714 716 714 713 713
    714 714 714 714 714 714 713 713 714 714 714 714 714 714 714 714 714
    714 713 713 713 713 713 714 716 716 716 716 716 716 716 716 716 716
    716 716 716 716 717 717 717 717 717 717 717 719 719 719 719 719 719
    717 717 719 719 719 719 719 719 719 719 719 719 720 720 720 722 720
    720 0 0 0 0 0 0 716 716 716 714 714 714 713 713 714 714 714 714 714
    714 714 716 716 714 714 714 714 714 714 714 714 714 714 716 716 716
    716 716 716 716 716 714 714 714 714 714 714 714 716 716 717 716 716
    717 717 717 717 717 717 717 717 717 717 717 717 717 719 719 719 719
    719 719 719 719 719 719 719 719 719 719 720 720 720 720 719 719 719
    719 720 722 722 722 722 720 0 0 0 0 0 0 716 716 716 714 714 714 714
    714 714 716 716 716 716 716 716 716 716 716 716 716 716 716 716 716
    716 716 716 716 716 716 716 716 716 716 716 716 716 716 716 716 716
    716 717 717 717 717 717 717 717 717 717 717 717 717 719 719 719 719
    719 719 719 719 719 719 719 719 719 719 719 719 719 720 720 720 722
    722 722 722 720 720 720 722 723 723 723 722 722 720 0 0 0 0 0 0 717
    717 716 716 716 714 714 716 716 717 716 716 716 716 716 716 716 716
    716 716 716 716 716 716 716 716 716 716 716 716 716 716 716 716 716
    716 716 716 716 716 716 716 717 717 717 719 719 719 719 719 717 717
    717 717 719 719 719 719 719 719 720 720 720 720 720 720 719 719 720
    720 722 722 722 722 722 722 722 722 722 722 722 723 725 725 725 725
    723 722 0 0 0 0 0 0 719 717 717 717 716 716 716 717 717 717 717 717
    717 717 717 717 716 716 716 716 716 716 716 716 717 717 717 716 716
    716 716 716 716 717 717 717 716 716 717 717 717 717 717 717 719 719
    719 719 719 719 717 717 717 717 719 719 719 720 720 722 720 720 722
    722 720 720 720 720 722 722 723 723 722 722 722 723 723 723 723 723
    723 723 725 725 725 725 725 723 0 0 0 0 0 0 720 719 719 719 719 719
    719 717 717 717 717 717 717 717 717 717 717 717 717 717 717 717 717
    717 717 717 717 717 716 716 716 716 716 717 717 717 717 717 717 717
    717 717 719 719 719 719 719 719 719 719 719 719 719 719 719 720 720
    722 722 723 722 722 722 722 722 722 722 722 723 723 723 723 723 723
    723 725 725 723 723 723 723 723 727 727 727 727 727 727 0 0 0 0 0 0
    720 720 720 720 720 720 720 719 719 719 719 719 719 719 719 719 719
    717 717 717 717 717 717 717 719 719 717 717 717 717 717 717 717 717
    717 717 717 717 717 717 717 717 719 719 720 720 720 720 720 720 720
    720 720 720 720 720 722 722 723 723 723 723 723 723 723 723 723 723
    723 723 723 723 723 723 723 725 725 725 723 723 723 725 727 727 727
    727 727 728 0 0 0 0 0 720 720 720 720 720 720 720 720 720 720 720
    720 720 720 720 720 720 720 720 719 719 719 719 719 719 719 719 719
    717 717 717 717 717 719 720 720 719 719 717 717 717 719 719 720 720
    720 722 722 722 722 722 722 722 722 722 722 723 723 723 723 723 723
    723 723 723 723 723 723 723 723 723 723 723 723 723 725 725 725 725
    725 725 725 725 728 728 728 728 728 0 0 0 0 0 0 720 720 720 722 722
