<?xml version="1.0"?>
<opencv_storage>
<Depth3887 type_id="opencv-matrix">
  <rows>13</rows>
  <cols>31</cols>
  <dt>w</dt>
  <data>
    5640 5640 5640 5548 5548 0 0 0 0 0 0 0 0 0 0 0 0 0 0 0 0 0 0 0 0 0 0
    0 0 0 0 5640 5640 5640 5640 5640 5640 5640 5640 5548 5548 5548 5640
    5640 5640 0 0 0 0 0 0 0 0 0 0 0 0 0 0 0 0 0 5832 5734 5640 5640 5640
    5640 5640 5640 5548 5548 5548 5640 5640 5640 5832 5832 0 0 0 0 0 0 0
    0 0 0 0 0 0 0 0 5734 5734 5734 5734 5640 5640 5734 5734 5640 5548
    5548 5640 5640 5640 5734 5734 5640 5640 0 0 0 0 0 0 0 0 0 0 0 0 0
    5734 5734 5734 5734 5734 5734 5734 5734 5640 5640 5640 5640 5640
    5640 5734 5640 5640 5548 5548 5548 5548 5548 5548 5548 0 0 0 0 0 0 0
    5734 5734 5832 5832 5832 5734 5734 5734 5734 5734 5734 5734 5734
    5734 5640 5640 5640 5548 5548 5548 5548 5548 5374 5374 5548 5548 0 0
    0 0 0 6889 6889 6038 5832 5832 5734 5734 5734 5734 5734 5734 5734
    5734 5640 5640 5640 5548 5548 5548 5548 5548 5548 5374 5374 5548
    5548 5548 0 0 0 0 6889 6889 6753 6753 6038 6038 6038 5933 5734 5734
    5734 5734 5734 5640 5640 5640 5548 5548 5548 5548 5640 5548 5460
    5460 5548 5548 5548 5548 5548 0 0 6889 6889 6889 6753 6622 6375 6375
    6375 6259 6259 6259 5734 5734 5734 5640 5548 5548 5548 5640 5640
    5640 5460 5460 5548 5548 5548 5548 5548 5548 5640 0 6753 6889 6889
    6889 6753 6622 6622 6622 6622 6622 6889 6889 6753 6622 5640 5548
    5548 5548 5640 5640 5640 5460 5460 5548 5548 5548 5548 5548 5640
    5640 5640 6753 6889 6889 6889 6753 6753 6753 6753 6753 6753 6889
    6889 6753 6622 6622 6622 6622 5832 5832 5734 5640 5548 5548 5548
    5640 5640 5548 5548 5640 5640 5548 6753 6889 6889 6889 6753 6753
    6753 6889 6753 6753 6753 6753 6753 6753 6622 6622 6497 6497 6146
    5933 5734 5548 5548 5548 5640 5640 5640 5640 5640 5640 5548 6889
    6889 6889 6889 6889 6889 6889 6889 6753 6753 6753 6753 6753 6753
    6753 6622 6497 6497 6497 6497 6259 6259 6259 6038 5734 5640 5640
    5640 5640 5640 5548</data></Depth3887>
</opencv_storage>
