<?xml version="1.0"?>
<opencv_storage>
<Depth19374 type_id="opencv-matrix">
  <rows>10</rows>
  <cols>6</cols>
  <dt>w</dt>
  <data>
    6497 6497 6497 0 0 0 6622 6497 6497 6497 6497 0 6622 6497 6497 6375
    6375 6497 6497 6497 6375 6375 6375 6497 6497 6497 6375 6375 6497
    6497 6497 6497 6375 6375 6497 6375 6497 6497 6375 6375 6497 6375 0
    6889 6497 6497 6497 6375 6259 6259 6497 6622 6622 6497 6146 6259
    6497 6622 6753 0</data></Depth19374>
</opencv_storage>
