<?xml version="1.0"?>
<opencv_storage>
<Depth19908 type_id="opencv-matrix">
  <rows>5</rows>
  <cols>14</cols>
  <dt>w</dt>
  <data>
    7030 7030 7030 7030 7030 7030 7030 7030 7030 7030 7178 7178 7178
    7332 7030 7030 7030 7030 6889 6889 6889 6889 7030 7030 7030 7030
    7030 7030 6889 6889 6889 7030 6889 6889 6889 6889 7030 7030 7030
    7030 7030 7030 6146 6146 6889 6889 6889 6889 6889 7030 7030 7030
    7030 6889 6889 7030 5933 5933 5933 6038 6889 6889 6889 6889 7030
    7030 7030 6889 6889 7030</data></Depth19908>
</opencv_storage>
