<?xml version="1.0"?>
<opencv_storage>
<Depth3452 type_id="opencv-matrix">
  <rows>16</rows>
  <cols>14</cols>
  <dt>w</dt>
  <data>
    0 0 0 0 0 0 0 0 4983 4911 4911 4911 4911 4911 0 0 0 0 0 0 0 5056
    4983 4911 4911 4911 4911 4911 0 0 0 0 0 0 4911 4911 4983 4911 4911
    4911 4911 4911 0 0 0 0 0 4911 4911 4911 4911 4911 4911 4911 4911
    4911 0 0 0 0 4911 4911 4911 4842 4842 4911 4911 4842 4842 4911 0 0 0
    4911 4911 4911 4842 4842 4842 4842 4911 4842 4842 6038 0 0 0 4842
    4842 4842 4842 4842 4842 4842 4911 4911 4911 5933 0 0 0 4842 4842
    4842 4842 4842 4911 4911 4911 4911 4911 5933 0 4911 4911 4842 4842
    4842 4842 4842 4911 4911 4911 4911 6038 6038 4842 4842 4842 4842
    4842 4842 4842 4842 4911 4911 4911 6146 6038 6038 4842 4842 4842
    4842 4842 4842 4842 4842 4911 4911 6146 6038 6038 5933 4842 4842
    4842 4911 4911 4842 4842 4842 4911 4911 6038 6038 6038 5933 4774
    4842 4842 4911 4911 4842 4842 4842 4911 4911 6038 6038 6038 5933
    4708 4842 4842 4911 4911 4911 4842 4842 4911 5933 6038 6038 6038
    5832 4708 4842 4842 4911 4911 4911 4842 4842 5933 5933 6038 5933
    5933 5832 4842 4842 4842 4911 4911 4911 4911 4911 5933 5933 6038
    5933 5832 5832</data></Depth3452>
</opencv_storage>
