<?xml version="1.0"?>
<opencv_storage>
<Depth0222 type_id="opencv-matrix">
  <rows>21</rows>
  <cols>19</cols>
  <dt>w</dt>
  <data>
    0 0 0 0 0 0 0 0 0 0 0 5734 5734 5640 5640 5548 5548 5640 5548 0 0 0
    0 0 0 0 0 0 0 5734 5734 5734 5640 5640 5548 5548 5640 5640 0 0 0 0 0
    0 0 0 0 0 5734 5734 5734 5734 5640 5640 5640 5640 5734 0 0 0 0 0 0 0
    0 0 5832 5832 5832 5832 5734 5734 5640 5640 5640 6753 0 0 0 0 0 0 0
    0 5832 5734 5734 5832 5832 5734 5734 5640 5640 5734 6753 0 0 0 0 0 0
    0 0 5734 5734 5734 5832 5832 5832 5734 5734 5734 5933 6753 0 0 0 0 0
    0 0 5933 5734 5734 5734 5832 5832 5832 5832 5832 5933 6622 6753 0 0
    0 0 0 0 5832 5832 5832 5734 5734 5832 5832 5832 5832 5832 6038 6622
    6622 0 0 0 0 0 0 5832 5832 5832 5832 5832 5832 5832 5832 5933 5933
    6259 6622 6622 0 0 0 0 0 5832 5832 5832 5832 5832 5832 5832 5832
    5933 6038 6375 6622 6753 6753 0 0 0 0 0 5832 5832 5832 5832 5832
    5832 5832 5933 6038 6622 6753 6753 6753 6753 0 0 5832 5832 5832 5832
    5832 5832 5832 5832 5832 5933 6146 6622 6753 6753 6753 6753 6753 0
    5734 5734 5832 5832 5832 5832 5832 5832 5832 5933 6038 6497 6753
    6753 6889 6889 6753 6753 5734 5734 5734 5832 5832 5832 5832 5832
    5832 5832 5933 6146 6622 6753 6889 6889 6889 6753 6753 5640 5640
    5734 5832 5933 5933 5832 5832 5933 6038 6038 6753 6753 6889 6889
    6889 6889 6889 6889 5640 5640 5734 5832 5933 5933 5933 5933 5933
    6497 6889 6889 6889 6889 6889 6889 6889 6889 6889 5832 5832 5832
    5832 5933 5933 5933 5933 6038 6753 6889 6889 6889 6889 7030 7030
    7030 6889 6889 5832 5832 5832 5933 5933 5933 5933 5933 6889 6889
    6889 6889 6889 6889 7030 7030 7030 6889 6889 5832 5832 5832 5933
    5933 5933 5933 5933 6889 6889 6889 6889 6889 6889 7030 7030 7030
    7030 6889 6038 5933 5933 5933 5933 6038 6259 6889 7030 7030 6889
    6889 7030 7030 7030 7030 7030 7030 6889 5933 5933 5933 5933 6038
    6038 6497 7030 7030 7030 7030 7030 7030 7030 7030 7030 7030 7030
    7030</data></Depth0222>
</opencv_storage>
