<?xml version="1.0"?>
<opencv_storage>
<Depth4093 type_id="opencv-matrix">
  <rows>29</rows>
  <cols>29</cols>
  <dt>w</dt>
  <data>
    5832 5734 5734 5933 6753 6753 6753 6753 6622 6622 6622 6622 6622
    6622 6497 6497 6497 6497 6497 6497 6497 6497 6497 6622 6622 6622
    6622 6497 6497 5734 5734 5640 5640 6889 6889 6753 6753 6753 6622
    6497 6497 6497 6497 6497 6497 6497 6497 6497 6497 6497 6497 6497
    6622 6497 6497 6497 6497 6622 5734 5734 5640 5548 5548 5548 6753
    6753 6753 6622 6497 6497 6497 6497 6497 6497 6497 6497 6497 6497
    6622 6622 6622 6497 6497 6497 6497 6497 6622 5734 5640 5640 5548
    5548 5548 5640 6753 6753 6622 6497 6497 6497 6497 6497 6497 6497
    6497 6497 6497 6622 6622 6622 6497 6497 6497 6497 6497 6497 5640
    5640 5640 5640 5548 5548 5640 5734 6753 6622 6497 6497 6497 6497
    6497 6622 6622 6497 6497 6497 6622 6622 6622 6497 6497 6497 6497
    6497 6497 5640 5548 5548 5548 5640 5640 5640 5548 5548 6753 6622
    6622 6497 6497 6497 6497 6622 6622 6622 6622 6622 6622 6622 6622
    6497 6497 6497 6497 6497 5460 5460 5460 5548 5640 5640 5640 5548
    5548 5548 5548 6622 6497 6497 6497 6497 6497 6622 6622 6622 6622
    6622 6497 6497 6497 6497 6497 6497 6497 5460 5460 5460 5548 5640
    5640 5640 5548 5548 5548 5460 5460 6497 6497 6497 6497 6497 6622
    6622 6622 6622 6622 6497 6497 6497 6497 6497 6497 6497 0 0 5548 5548
    5640 5640 5640 5548 5548 5548 5460 5460 5548 6497 6375 6375 6497
    6497 6497 6622 6497 6497 6497 6497 6497 6497 6497 6497 6497 0 0 0 0
    5640 5640 5640 5548 5548 5548 5548 5460 5460 6497 6375 6375 6622
    6497 6497 6497 6497 6497 6497 6497 6622 6622 6622 6497 6497 0 0 0 0
    0 5640 5640 5640 5548 5548 5548 5460 5460 5548 6753 6622 6622 6497
    6497 6497 6497 6497 6497 6497 6497 6622 6622 6497 6375 0 0 0 0 0 0 0
    5640 5548 5548 5548 5548 5548 5460 5460 6497 6497 6497 6497 6622
    6375 6375 6375 6497 6497 6622 6622 6497 6375 0 0 0 0 0 0 0 0 5548
    5548 5548 5548 5548 5460 5460 5460 5548 6622 6622 6622 6375 6375
    6375 6497 6497 6497 6622 6497 6375 0 0 0 0 0 0 0 0 0 5548 5548 5548
    5548 5548 5460 5460 5460 5460 6622 6622 6497 6497 6375 6375 6497
    6497 6497 6497 6375 0 0 0 0 0 0 0 0 0 0 5548 5548 5548 5548 5548
    5460 5374 5374 6622 6622 6497 6497 6375 6375 6375 6375 6375 6375
    6375 0 0 0 0 0 0 0 0 0 0 0 5734 5640 5548 5548 5460 5374 5374 5460
    6622 6497 6497 6375 6375 6375 6375 6375 6375 6375 0 0 0 0 0 0 0 0 0
    0 0 5832 5640 5548 5548 5460 5460 5460 5460 5548 5548 6497 6375 6375
    6375 6375 6375 6375 6375 0 0 0 0 0 0 0 0 0 0 0 0 0 5548 5548 5548
    5460 5460 5460 5460 5548 5548 6497 6375 6375 6375 6375 6375 6375 0 0
    0 0 0 0 0 0 0 0 0 0 0 5548 5548 5548 5460 5460 5460 5460 5460 5460
    5548 6375 6375 6259 6259 6259 6375 0 0 0 0 0 0 0 0 0 0 0 0 0 0 5460
    5460 5548 5460 5460 5460 5460 5460 5460 5460 6375 6146 6146 6146
    6259 0 0 0 0 0 0 0 0 0 0 0 0 0 0 5460 5460 5548 5460 5460 5460 5460
    5460 5374 5374 5291 5291 5933 5933 6259 0 0 0 0 0 0 0 0 0 0 0 0 0 0
    0 5548 5548 5460 5460 5460 5460 5460 5374 5374 5291 5291 5640 5832
    6259 0 0 0 0 0 0 0 0 0 0 0 0 0 0 0 0 0 5460 5460 5548 5460 5460 5460
    5460 5460 5460 5548 5640 6146 0 0 0 0 0 0 0 0 0 0 0 0 0 0 0 0 0 0
    5548 5548 5548 5460 5460 5460 5460 5460 5460 5548 6038 0 0 0 0 0 0 0
    0 0 0 0 0 0 0 0 0 0 0 0 0 5548 5460 5460 5460 5460 5460 5460 5548
    5548 0 0 0 0 0 0 0 0 0 0 0 0 0 0 0 0 0 0 0 0 0 5460 5460 5460 5460
    5460 5460 5548 5548 0 0 0 0 0 0 0 0 0 0 0 0 0 0 0 0 0 0 0 0 0 5460
    5460 5460 5460 5460 5460 5548 5548 0 0 0 0 0 0 0 0 0 0 0 0 0 0 0 0 0
    0 0 0 0 0 5640 5548 5548 5548 5460 5460 5460 0 0 0 0 0 0 0 0 0 0 0 0
    0 0 0 0 0 0 0 0 0 0 0 5640 5548 5548 5460 5374 5374</data></Depth4093>
</opencv_storage>
