<?xml version="1.0"?>
<opencv_storage>
<Depth12070 type_id="opencv-matrix">
  <rows>142</rows>
  <cols>130</cols>
  <dt>w</dt>
  <data>
    7030 7030 7030 7030 7030 7178 7178 7178 7178 7178 7178 7178 7178
    7178 7030 7030 7030 7030 7030 7030 7030 7030 7030 7030 7030 7030
    7030 7030 7030 7030 7030 7030 7030 7030 7030 7030 7030 7030 7030
    7178 7178 7178 7030 7030 7030 7030 7030 7030 7030 7030 7030 7030
    7030 7030 7030 7030 7030 6889 6889 571 571 573 574 575 575 6753 6753
    6753 6753 6753 6622 6622 6497 6497 6622 6497 6497 6375 6375 6375
    6259 6259 6259 6146 6146 6038 6038 5933 5832 5832 5734 5734 5640
    5548 5548 5460 5460 5460 5460 5374 5374 5374 5291 5210 5132 5132
    5132 5056 5056 4983 4983 4983 5056 4983 4911 4842 4842 4842 4842
    4774 4645 4645 4582 4582 4582 4582 4582 4522 4463 4405 7030 7030
    7030 7030 7030 7178 7178 7178 7178 7030 7030 7030 7030 7030 7030
    7030 7030 7030 7030 7030 7030 7030 7030 7030 7030 7030 7030 7030
    7030 7178 7178 7030 7030 7030 6889 6889 7030 7030 7030 7178 7178
    7178 7178 7178 7030 7030 7030 7030 7030 7030 7030 7030 576 576 576
    7030 7030 570 570 570 570 570 572 574 575 575 6753 6753 6753 6753
    6753 0 0 0 6622 6497 6497 6497 6375 6375 6375 6259 6259 6259 6146
    6038 6038 6038 5832 5832 5734 5734 5640 5548 5548 5548 5460 5460
    5460 5374 5374 5374 5374 5291 5210 5132 5056 5056 5056 4983 4983
    4983 5056 4983 4911 4911 4842 4842 4842 4774 4645 4645 4645 4645
    4645 4582 4582 4522 4463 4405 7030 7030 7030 7178 7178 7178 7178
    7178 7178 7030 7030 7030 7030 7030 7030 7030 7030 7030 7030 7030
    7030 7030 7030 7030 7030 7030 7030 7030 7030 0 0 0 0 7030 6889 6753
    6622 6622 7030 0 0 0 7178 7178 7178 7178 7030 7030 7030 7030 7030
    7030 576 575 572 572 570 570 570 570 570 570 571 573 574 576 576 576
    0 0 0 0 0 0 0 6622 6497 6497 6375 6375 6375 6259 6259 6259 6146 6146
    6146 6038 5832 5832 5832 5734 5640 5548 5548 5460 5460 5460 5460
    5460 5374 5374 5374 5291 5210 5132 5056 5056 5056 5056 4983 4983
    4983 4983 4911 4911 4911 4842 4842 4774 4774 4708 4708 4645 4645
    4582 4582 4582 4522 4463 7030 7178 7178 7178 7332 7178 7178 7030
    7030 7030 7030 7030 7030 7030 7030 7030 7030 7030 7030 7030 7030
    7030 7030 7030 7030 7030 7030 7030 7030 0 0 0 0 0 6889 6753 6622
    6622 0 0 0 0 7178 7178 7178 7178 7178 7178 7178 7030 7030 7030 574
    571 569 569 569 569 570 570 570 570 570 572 573 575 575 575 0 0 0 0
    0 0 0 0 0 6622 6375 6375 6375 6259 6259 6259 6259 6146 6146 6146
    5832 5832 5832 5832 5734 5640 5640 5460 5460 5460 5460 5460 5460
    5374 5374 5291 5210 5132 5132 5132 5132 5056 5056 5056 4983 4983
    4911 4911 4911 4842 4842 4774 4774 4708 4708 4645 4645 4645 4645
    4582 4582 4522 7178 7178 7178 7178 7332 7178 7178 7030 7030 7030
    7030 7030 7030 7030 7178 7178 7030 7030 7030 7030 7030 7030 7030
    7030 7030 7030 7030 7030 7030 0 0 0 0 0 0 0 0 0 0 0 0 0 0 7178 7178
    7178 7178 7178 7030 7030 7178 7178 573 570 569 568 568 568 569 570
    570 569 569 571 571 572 574 575 0 0 0 0 0 0 0 0 0 0 6375 6375 6375
    6375 6259 6259 6259 6146 6146 6146 6038 5933 5832 5832 5734 5734
    5640 5548 5460 5460 5460 5460 5460 5374 5374 5291 5210 5132 5132
    5132 5132 5056 5056 5056 4983 4983 4983 4911 4911 4842 4842 4842
    4842 4774 4708 4645 4645 4645 4645 4645 4582 4582 7178 7178 7178
    7178 7332 7178 7030 7030 7030 7030 7030 7030 7030 7030 7030 7030
    7030 7030 7030 7030 7030 7030 7030 7030 7030 7030 7030 7030 7030 0 0
    0 0 0 0 0 0 0 0 0 0 0 0 0 0 7178 7178 7178 7030 7030 7178 7030 573
    569 568 567 567 567 569 570 570 569 569 571 571 571 571 571 0 0 0 0
    0 0 0 0 0 0 6497 6259 6259 6375 6259 6259 6259 6259 6146 6146 6038
    5933 5832 5832 5734 5734 5734 5640 5548 5548 5460 5460 5460 5374
    5374 5374 5291 5210 5132 5132 5132 5132 5056 5056 5056 5056 4983
    4983 4911 4911 4911 4842 4842 4774 4708 4708 4708 4708 4645 4645
    4582 4582 7178 7178 7178 7178 7178 7030 7030 7030 7030 7030 7030
    7030 7030 7030 7030 7030 7030 7030 7030 7030 7030 7030 7030 7030
    7030 7030 7030 7030 7030 0 0 0 0 0 0 0 0 0 0 0 0 0 0 0 0 7178 7178
    559 559 559 559 7030 7030 566 566 566 566 567 567 570 570 569 569
    571 571 571 570 570 0 0 0 0 0 0 0 0 0 0 0 6259 6259 6375 6259 6259
    6259 6259 6146 6146 6038 5933 5832 5832 5832 5734 5734 5734 5640
    5640 5548 5460 5460 5460 5460 5374 5374 5291 5210 5210 5132 5132
    5056 5056 5056 5056 5056 4983 4911 4911 4911 4842 4842 4774 4708
    4708 4708 4708 4645 4645 4582 4582 7332 7332 7178 7178 7030 7030
    7030 7030 7030 7030 7030 7178 7178 7178 7030 7030 7030 7030 7030
    7030 7030 7030 7030 7030 7030 7030 7030 7030 0 0 0 0 0 0 0 0 0 0 0 0
    0 0 0 0 0 0 559 558 558 559 559 559 559 560 563 564 565 7030 7030
    565 566 566 566 571 571 571 570 570 0 0 0 0 0 0 0 0 0 0 0 6259 6259
    6375 6259 6259 6259 6259 6146 6146 6038 5933 5832 5832 5832 5734
    5734 5734 5640 5640 5548 5460 5460 5460 5460 5460 5374 5291 5210
    5210 5132 5132 5056 5056 5132 5056 5056 4983 4911 4911 4911 4842
    4842 4774 4774 4708 4708 4708 4645 4645 4582 4582 7178 7178 7178
    7178 7030 7030 7030 7030 7030 7030 7030 7178 7178 7178 7030 7030
    7030 7030 7030 7030 7030 7030 7030 7030 7030 7030 7030 0 0 0 0 0 0 0
    0 0 0 0 0 0 0 0 0 0 0 554 554 556 558 559 559 559 559 559 560 562
    562 563 565 565 565 565 565 571 571 571 570 570 570 0 0 0 0 0 0 0 0
    0 0 6259 6259 6375 6259 6259 6259 6259 6259 6146 6146 6038 5832 5832
    5832 5832 5832 5832 5734 5734 5640 5548 5548 5460 5460 5460 5374
    5291 5291 5210 5210 5132 5056 5056 5132 5056 5056 4983 4911 4911
    4911 4911 4842 4774 4774 4774 4708 4708 4645 4645 4582 4582 7178
    7178 7178 7178 7030 7030 7030 7030 7030 7030 7030 7178 7178 7178
    7030 7030 7030 7030 7030 7030 7030 7030 7030 7030 7030 7030 0 0 0 0
    0 0 0 0 0 0 0 0 0 0 0 0 0 553 553 554 554 554 556 558 559 559 559
    559 560 561 562 563 565 565 565 565 565 570 570 571 569 569 570 571
    571 571 0 0 0 0 0 0 0 0 6375 6375 6375 6375 6259 6259 6259 6146 6146
    6146 6146 5832 5832 5832 5832 5832 5734 5734 5640 5548 5548 5460
    5460 5460 5374 5374 5291 5291 5210 5132 5132 5132 5132 5056 5056
    4983 4911 4911 4911 4911 4842 4842 4842 4774 4708 4708 4645 4645
    4645 4582 7332 7178 7178 7178 7030 7030 7030 7030 7030 7030 7178
    7178 7030 7030 7030 7030 7030 7030 7030 7030 7030 7030 7178 7178 0 0
    0 0 0 0 0 0 0 0 0 0 0 0 0 0 0 553 553 553 553 554 554 554 554 555
    555 559 559 559 559 559 560 561 564 564 564 564 565 566 567 570 569
    569 569 570 570 570 0 0 0 0 0 0 0 0 0 0 0 6375 6375 6259 6259 6146
    6146 6146 6146 5933 5832 5832 5832 5832 5734 5734 5640 5548 5460
    5460 5460 5460 5374 5374 5291 5291 5291 5210 5210 5210 5132 5056
    5056 4983 4983 4983 4911 4911 4911 4911 4842 4842 4708 4708 4645
    4645 4645 4582 7332 7332 7178 7178 7030 7030 7030 7030 7030 7030
    7178 7178 7030 7030 7030 7030 7030 7030 7030 7030 7030 7030 7030 0 0
    0 0 0 0 0 0 0 0 0 0 0 0 0 0 0 552 552 552 552 552 554 554 554 554
    554 554 554 559 559 559 559 559 561 562 562 563 563 564 564 565 565
    566 569 569 570 570 570 0 0 0 0 0 0 0 0 0 0 0 6375 6375 6375 6259
    6259 6259 6146 6146 6038 5933 5832 5832 5832 5734 5734 5640 5548
    5460 5460 5460 5460 5460 5374 5374 5374 5291 5210 5210 5210 5210
    5132 5056 4983 4983 4983 4983 4911 4911 4911 4842 4842 4708 4708
    4708 4645 4645 4582 7332 7332 7178 7178 7178 7030 7030 7030 7030
    7030 7030 7178 7178 7178 7030 7030 7030 7030 7030 7030 7030 7030
    7030 0 0 0 0 0 0 0 0 0 0 0 0 0 0 0 0 551 551 551 552 552 552 552 553
    553 553 554 554 554 556 558 559 559 559 560 561 561 561 562 563 563
    564 565 566 570 569 568 568 569 569 0 0 0 0 0 0 0 0 0 0 0 0 6259
    6259 6259 6259 6259 6146 6038 5933 5933 5933 5832 5832 5734 5640
    5548 5548 5548 5548 5460 5460 5374 5374 5374 5291 5291 5291 5291
    5210 5132 5132 4983 4983 4983 4983 4911 4911 4911 4842 4842 4774
    4708 4708 4708 4645 4645 7178 7332 7178 7178 7178 7030 7030 7030
