<?xml version="1.0"?>
<opencv_storage>
<Depth16344 type_id="opencv-matrix">
  <rows>15</rows>
  <cols>11</cols>
  <dt>w</dt>
  <data>
    4842 4842 4708 4708 4708 4582 4582 4522 4463 4089 4041 2503 4842
    4774 4774 4708 4582 4582 4582 4582 4463 4463 2503 2522 4774 4774
    4708 4645 4645 4582 4522 4522 4522 2503 2522 4842 4774 4774 4708
    4708 4582 4522 4522 4522 2522 2522 4842 4842 4774 4774 4708 4645
    4645 4582 4522 2522 2522 4842 4842 4842 4774 4708 4708 4582 4522
    4522 2522 2522 4842 4842 4842 4774 4708 4708 4582 4522 4522 2541
    4774 4842 4842 4774 4774 4708 4708 4582 4582 4522 4708 4774 4842
    4842 4774 4774 4708 4708 4582 4582 4582 4708 4774 4842 4842 4842
    4774 4774 4708 4582 4582 4582 4708 4774 4842 4842 4842 4774 4774
    4708 4645 4582 4582 4582 4708 4842 4842 4842 4774 4774 4774 4645
    4522 4522 4522 4582 4774 4842 4842 4842 4842 4774 4645 4522 4522
    4463 4522 4774 4842 4842 4842 4842 4842 4708 4582 4582 4463 4522
    4842 4842 4842 4842 4842 4842 4708 4582 4582</data></Depth16344>
</opencv_storage>
