<?xml version="1.0"?>
<opencv_storage>
<Depth18607 type_id="opencv-matrix">
  <rows>96</rows>
  <cols>110</cols>
  <dt>w</dt>
  <data>
    3149 3149 3149 3149 3149 3149 3149 3178 3178 3178 3178 3208 3208
    3238 3238 3238 3238 3238 3269 3269 3269 3269 3269 3269 3269 3269
    3269 3269 3300 3300 3300 3300 3300 3300 3333 3300 3300 3300 3300
    3333 3333 3333 3333 3333 3365 3365 3365 3365 3365 3365 3399 3399
    3399 3399 3399 3399 3399 3399 3399 3399 3399 3399 3399 3399 3365
    1084 1080 1077 1073 1073 1077 1080 1080 1060 1060 1060 1060 3433
    3433 3433 3399 3365 3365 3333 3333 3333 3333 3300 3300 3300 3300
    3300 3300 3300 3300 3300 3300 3269 3208 3208 3208 3208 3208 3208
    3178 3178 3178 3178 3149 3149 3149 3149 3149 3178 3178 3178 3178
    3178 3178 3208 3238 3238 3238 3238 3238 3238 3238 3238 3269 3269
    3269 3269 3269 3269 3300 3300 3300 3300 3300 3300 3300 3333 3333
    3333 3333 3333 3333 3333 3333 3365 3333 3333 3365 3365 3365 3365
    3399 3399 3399 3399 3399 3399 3399 3399 3399 3399 3399 3399 3399
    3399 3399 3399 3399 3399 3365 1080 1077 1073 1073 1073 1073 1073
    1073 1070 1060 1060 1060 3433 3433 3433 3365 3365 3333 3333 3333
    3333 3333 3333 3333 3300 3300 3300 3300 3300 3300 3300 3300 3269
    3208 3208 3208 3208 3208 3178 3178 3178 3178 3178 3149 3149 3178
    3178 3208 3208 3208 3208 3208 3208 3208 3238 3238 3238 3269 3269
    3238 3238 3238 3238 3300 3300 3300 3300 3300 3300 3300 3300 3300
    3300 3300 3300 3333 3333 3333 3333 3365 3399 3399 3399 3399 3399
    3365 3365 3365 3365 3399 3399 3399 3399 3399 3399 3399 3399 3399
    3399 3399 3399 3399 3399 3399 3433 3433 3399 3399 3365 1084 1080
    1077 1073 1073 1073 1073 1073 1073 1070 1067 1067 1067 1067 1067 0
    3333 3333 3333 3333 3333 3333 3333 3333 3333 3300 3300 3300 3300
    3300 3300 3300 3269 3208 3208 3208 3208 3208 3178 3178 3178 3178
    3178 3178 3178 3178 3208 3208 3208 3208 3238 3208 3208 3238 3238
    3269 3269 3269 3269 3269 3269 3269 3269 3269 3300 3300 3300 3300
    3300 3300 3333 3333 3333 3300 3300 3333 3333 3365 3365 3365 3365
    3399 3399 3399 3399 3399 3399 3399 3399 3433 3433 3433 3433 3433
    3433 3433 3399 3399 3399 3399 3399 3399 3399 3399 3399 3399 3433
    1087 1084 1084 1084 1080 1077 1073 1073 1073 1073 1073 1073 1070
    1067 1067 1067 1067 0 0 3365 3333 3333 3333 3333 3333 3333 3333 3333
    3333 3300 3300 3300 3300 3269 3269 3238 3208 3208 3208 3208 3208
    3178 3149 3149 3178 3178 3178 3178 3178 3208 3208 3238 3238 3238
    3208 3208 3238 3238 3269 3269 3269 3269 3269 3269 3269 3269 3269
    3300 3300 3300 3300 3300 3333 3365 3365 3333 3333 3365 3365 3365
    3399 3399 3399 3399 3399 3399 3433 3433 3433 3433 3433 3433 3433
    3433 3433 3433 3433 3433 3433 3399 3399 3399 3399 3399 3399 0 0 1084
    1084 1084 1084 1084 1084 1080 1077 1073 1073 1070 1070 1070 1073
    1070 1070 1057 1057 1057 1057 0 3433 3365 3365 3333 3333 3333 3333
    3333 3333 3333 3300 3300 3300 3300 3300 3269 3238 3238 3208 3208
    3208 3208 3208 3178 3149 3149 3178 3178 3178 3149 3149 3238 3238
    3238 3238 3238 3208 3208 3238 3238 3269 3269 3269 3300 3269 3269
    3300 3300 3300 3300 3300 3300 3300 3333 3365 3399 3399 3365 3365
    3399 3399 3399 3399 3399 3399 3433 3433 3433 3433 3433 3433 3433
    3433 3468 3433 3433 3433 3433 3433 3433 3433 3433 3433 3433 3433 0 0
    3433 0 1084 1084 1084 1084 1080 1080 1077 1073 1073 1073 1070 1070
    1070 1063 1060 1057 1054 1054 0 0 0 3433 3433 3365 3365 3365 3333
    3333 3333 3333 3333 3300 3300 3300 3300 3300 3269 3238 3238 3208
    3208 3208 3208 3208 3178 3178 3178 3178 3178 3149 3149 3149 3238
    3238 3238 3238 3269 3269 3269 3269 3269 3269 3300 3300 3300 3300
    3300 3300 3333 3333 3333 3333 3333 3333 3365 3399 3399 3399 3399
    3399 3399 3399 3399 3433 3433 3433 3433 3433 3433 3433 3433 3433
    3468 3468 3468 3433 3433 3433 3433 3433 3433 3399 3399 3433 0 0 3433
    0 0 0 1084 1084 1080 1077 1077 1073 1073 1070 1070 1070 1067 1063
    1063 1060 1057 1057 1050 1050 0 0 0 0 3399 3365 3365 3365 3333 3333
    3333 3333 3333 3300 3300 3300 3300 3300 3269 3238 3238 3208 3208
    3208 3208 3208 3178 3178 3178 3178 3178 3149 3149 3120 3238 3238
    3238 3269 3269 3269 3269 3269 3269 3269 3300 3300 3333 3333 3333
    3333 3333 3333 3365 3365 3365 3365 3399 3399 3399 3399 3399 3399
    3399 3399 3433 3433 3433 3433 3433 3433 3433 3433 3433 3468 3468
    3468 3468 3468 3468 3433 3433 3433 3433 3399 3399 0 0 0 0 0 0 1084
    1084 1084 1080 1077 1073 1073 1073 1070 1070 1063 1060 1057 1057
    1057 1054 1054 1050 1050 1050 0 1047 3399 3399 3365 3365 3365 3333
    3333 3333 3333 3300 3300 3300 3300 3269 3269 3269 3238 3208 3208
    3208 3208 3208 3208 3178 3178 3178 3178 3149 3149 3149 3120 3269
    3269 3269 3269 3269 3269 3269 3269 3300 3300 3300 3333 3333 3333
    3333 3333 3365 3365 3399 3399 3399 3399 3399 3399 3399 3399 3399
    3433 3433 3433 3433 3433 3433 3433 3468 3433 3433 3468 3468 3468
    3468 3468 3468 3468 3468 3468 3433 3433 3433 3433 3433 3433 0 0 0
    1094 0 0 1084 1080 1077 1077 1073 1073 1073 1070 1067 1060 1060 1057
    1057 1057 1054 1050 1047 1047 1047 1047 0 3433 3433 3365 3365 3365
    3333 3333 3333 3333 3300 3300 3300 3269 3269 3238 3238 3238 3208
    3208 3208 3208 3178 3178 3178 3178 3178 3178 3149 3149 3120 3120
    3269 3269 3269 3300 3300 3300 3269 3269 3300 3300 3333 3333 3365
    3365 3365 3365 3365 3365 3399 3399 3399 3433 3433 3399 3399 3433
    3433 3433 3433 3468 3468 3468 3468 3468 3468 3468 3468 3468 3468
    3468 3468 3468 3468 3503 3468 3468 3433 3433 3433 3433 0 1101 1094
    1094 1094 1094 0 1084 1084 1080 1077 1077 1073 1073 1070 1070 1067
    1060 1060 1057 1057 1057 1054 1050 1047 1047 1047 1044 1044 1044
    3365 3365 3365 3333 3333 3333 3333 3333 3300 3300 3269 3269 3269
    3238 3238 3238 3208 3208 3208 3208 3178 3178 3178 3149 3149 3149
    3149 3149 3120 3092 3269 3269 3300 3300 3300 3300 3269 3269 3300
    3333 3365 3365 3365 3365 3365 3365 3365 3365 3399 3433 3433 3433
    3433 3433 3433 3433 3433 3468 3468 3503 3503 3503 3503 3503 3503
    3503 3503 3468 3468 3468 3468 3468 3503 3468 3468 3503 3503 3503
    1101 1108 1108 1101 1097 1094 1094 1094 1087 1084 1084 1080 1077
    1073 1070 1070 1070 1070 1063 1060 1060 1057 1057 1054 1054 1050
    1047 1047 1044 1044 1044 1044 0 3365 3365 3333 3333 3333 3333 3300
    3300 3300 3269 3269 3269 3238 3238 3238 3208 3208 3208 3208 3178
    3178 3178 3149 3149 3149 3149 3120 3120 3092 3300 3300 3300 3333
    3333 3333 3300 3300 3333 3365 3365 3365 3365 3365 3365 3365 3365
    3365 3399 3433 3433 3433 3433 3433 3468 3468 3468 3503 3503 3503
    3503 3503 3503 3503 3503 3503 3503 3503 3468 3468 3468 3468 3433
    3433 3468 3503 3503 1105 1101 1101 1101 1097 1097 1094 1094 1087
    1084 1084 1080 1080 1077 1073 1070 1070 1070 1070 1063 1060 1060
    1057 1054 1054 1050 1047 1047 1044 1041 1034 1031 1031 1031 3365
    3365 3333 3333 3333 3333 3300 3300 3300 3269 3269 3238 3238 3238
    3238 3208 3208 3208 3178 3178 3178 3178 3178 3149 3149 3149 3120
    3092 3092 3300 3300 3333 3333 3333 3333 3333 3333 3365 3365 3365
    3365 3365 3365 3399 3399 3399 3399 3433 3433 3468 3468 3468 3468
    3468 3468 3468 3503 3503 3539 3539 3539 3539 3539 3539 3503 3503
    3503 3503 3503 3433 3433 3433 3433 3433 3433 1101 1105 1105 1101
    1101 1097 1097 1094 1090 1084 1084 1084 1080 1080 1073 1073 1070
    1070 1067 1063 1063 1060 1060 1057 1054 1050 1047 1044 1044 1044
    1034 1034 1031 1031 1031 1031 1031 3333 3333 3333 3333 3300 3300
    3300 3269 3269 3238 3238 3238 3208 3208 3208 3208 3178 3178 3178
    3149 3149 3149 3120 3120 3092 3092 3092 3333 3365 3365 3365 3365
    3365 3365 3365 3365 3365 3365 3365 3399 3399 3399 3399 3399 3399
    3433 3433 3468 3503 3503 3503 3503 3503 3503 3539 3539 3539 3539
    3539 3539 3539 3539 3539 3539 3503 3503 3503 3433 3433 3433 3433
    3433 1108 1101 1101 1101 1101 1101 1097 1094 1090 1087 1084 1084
    1080 1080 1080 1073 1070 1070 1070 1063 1063 1060 1060 1057 1054
