<?xml version="1.0"?>
<opencv_storage>
<Depth3262 type_id="opencv-matrix">
  <rows>51</rows>
  <cols>49</cols>
  <dt>w</dt>
  <data>
    0 0 0 0 0 0 0 2349 2333 2333 2317 2317 2349 2365 4190 4190 4190 4190
    4241 4241 4241 4190 4190 4190 4190 4190 4190 4241 4241 4295 4295
    4295 4295 4295 4295 4295 4349 4295 4295 4295 4295 4295 4295 4295
    4295 4295 4295 4405 4405 0 0 0 0 0 0 2317 2317 2317 2317 2317 2317
    2333 2349 2349 4241 4241 4241 4241 4241 4241 4241 4190 4190 4190
    4190 4190 4190 4190 4295 4295 4295 4295 4295 4295 4295 4349 4349
    4295 4295 4295 4295 4295 4295 4295 4295 4295 4405 4405 0 0 0 0 0
    2333 2317 2301 2301 2301 2301 2301 2317 2333 2349 2349 4241 4190
    4190 4241 4241 4241 4190 4190 4190 4190 4190 4190 4190 4295 4295
    4295 4295 4295 4295 4295 4349 4349 4349 4295 4295 4241 4241 4295
    4295 4295 4349 4405 4349 0 0 0 0 0 2286 2286 2301 2286 2286 2286
    2301 2317 2333 2349 2349 4241 4190 4190 4241 4241 4241 4241 4190
    4190 4190 4190 4190 4241 4295 4295 4349 4295 4295 4295 4295 4349
    4295 4295 4295 4241 4241 4241 4241 4295 4295 4349 4349 4349 0 0 0
    2333 2301 2286 2286 2301 2286 2286 2286 2286 2286 2317 2365 2381
    4295 4190 4190 4190 4190 4190 4190 4190 4190 4190 4190 4190 4241
    4295 4295 4295 4295 4295 4295 4295 4295 4295 4295 4295 4241 4241
    4241 4241 4295 4295 4349 4349 4349 0 0 2333 2333 2301 2286 2286 2286
    2286 2286 2286 2286 2286 2317 2365 2381 2381 4190 4190 4190 4190
    4190 4190 4190 4190 4190 4241 4241 4241 4241 4295 4295 4295 4295
    4295 4295 4295 4295 4295 4295 4295 4241 4241 4295 4295 4295 4349
    4349 4349 0 0 2333 2333 2317 2317 2286 2286 2286 2286 2286 2286 2286
    2317 2365 2381 2381 4295 4190 4190 4190 4190 4190 4190 4190 4241
    4241 4241 4241 4241 4241 4241 4295 4295 4295 4295 4295 4295 4295
    4349 4295 4241 4241 4295 4295 4295 4295 4349 4349 4041 2349 2333
    2317 2317 2317 2286 2286 2286 2286 2286 2286 2301 2333 2365 2381
    2381 2381 4190 4190 4139 4139 4139 4139 4190 4241 4241 4241 4241
    4241 4190 4190 4190 4241 4241 4295 4295 4295 4349 4349 4295 4295
    4295 4295 4295 4295 4295 4349 4349 4139 2349 2333 2317 2317 2317
    2317 2286 2286 2286 2286 2286 2317 2333 2365 2381 2381 2349 4190
    4190 4139 4139 4139 2432 2432 4295 4295 4241 4241 4190 4190 4190
    4190 4190 4241 4241 4295 4295 4349 4295 4295 4295 4295 4295 4295
    4295 4295 4349 4349 4139 2333 2333 2317 2317 2317 2317 2301 2301
    2301 2301 2349 2333 2333 2333 0 2349 2349 2349 2349 2349 2381 2381
    2398 2398 2398 4295 4241 4241 4190 4190 4190 4190 4190 4190 4241
    4295 4295 4295 4295 4295 4295 4295 4295 4295 4295 4295 4349 4349
    2333 2333 2333 2317 2317 2317 2317 2317 2317 2333 2333 2333 2333
    2333 2333 0 2333 2349 2349 2349 2349 2365 2381 2398 2398 2398 2398
    4190 4190 4190 4190 4190 4190 4190 4190 4190 4241 4295 4295 4241
    4241 4295 4295 4295 4295 4295 4295 4295 4295 2333 2333 2333 2317
    2317 2317 2317 2317 2317 2317 2317 0 0 0 0 0 2333 2333 2333 2349
    2349 2349 2365 2381 2398 2398 2398 2398 4190 4190 4190 4190 4190
    4190 4190 4190 4241 4241 4241 4241 4241 4241 4241 4295 4295 4295
    4295 4295 4295 2333 2333 2333 2333 2317 2317 2317 2333 2333 2333
    2333 2333 0 0 0 2286 0 2333 2317 2317 2317 2333 2365 2381 2398 2398
    2398 2398 2415 4190 4190 4190 4241 4190 4190 4190 4190 4241 4241
    4241 4241 4241 4241 4241 4241 4241 4295 4295 4295 2333 2317 2317
    2333 2333 2317 2317 2333 2333 2333 2333 2333 2241 2241 2226 0 2286
    2286 2286 2301 2301 2333 2349 2365 2381 2398 2398 2398 2415 2415
    4190 4190 4241 4190 4190 4190 4190 4241 4241 4241 4241 4190 4190
    4241 4241 4241 4295 4295 4295 4089 2317 2317 2333 2333 2333 2333
    2333 2333 2333 2286 2271 2241 2241 2226 2226 2226 2256 2271 2286
    2286 2301 2333 2349 2381 2381 2398 2398 2398 2398 4190 4190 4190
    4190 4190 4190 4190 4241 4241 4241 4241 4190 4190 4241 4241 4241
    4241 4295 4295 4089 4089 4089 4041 3994 3994 3994 4041 2349 2317
    2271 2256 2226 2226 2226 2226 2226 2226 2256 2271 2286 2286 2301
    2317 2349 2349 2349 2381 2398 2398 2415 4241 4190 4190 4190 4190
    4190 4190 4190 4190 4190 4190 4190 4241 4241 4241 4241 4295 4295
    4041 4089 4041 4041 3994 3994 3994 3994 2271 2256 2256 2241 2226
    2226 2226 2226 2226 2226 2241 2256 2271 2271 2286 2301 2317 2333
    2333 2349 2365 2381 2415 2415 4190 4190 4190 4190 4190 4190 4190
    4190 4190 4190 4190 4241 4241 4190 4190 4241 4295 4041 4089 4041
    4041 4041 3994 3994 2241 2241 2241 2241 2241 2226 2226 2226 2226
    2226 2226 2226 2241 2256 2271 2271 2286 2286 2301 2317 2333 2349
    2381 2398 2415 2415 2415 4190 4190 4190 4190 4190 4190 4190 4190
    4190 4241 4241 4190 4190 4241 4295 4041 4041 4089 4089 4041 3994
    2256 2241 2241 2241 2241 2256 2241 2241 2226 2226 2226 2226 2226
    2226 2241 2241 2271 2271 2286 2286 2301 2333 2349 2365 2381 2398
    2415 2415 4139 4139 4190 4190 4190 4190 4190 4190 4190 4190 4190
    4190 4190 4241 4241 4041 4041 4041 4089 4089 2271 2256 2256 2256
    2241 2241 2256 2241 2241 2241 2226 2226 2226 2226 2226 2226 2241
    2256 2271 2271 2286 2286 2317 2333 2365 2365 2381 2398 2398 2398
    2398 4190 4190 4190 4190 4139 4139 4190 4190 4190 4190 4190 4241
    4241 4041 4041 4041 4089 4089 2271 2256 2256 2256 2256 2256 2256
    2256 2241 2241 2226 2226 2226 2226 2226 2226 2226 2226 2256 2271
    2271 2286 2286 2333 2349 2365 2365 2381 2398 2398 2398 4190 4190
    4190 4190 4139 4139 4190 4190 4139 4139 4139 4241 4241 3994 3994
    4041 4041 4041 2271 2271 2256 2256 2256 2256 2256 2256 2241 2241
    2226 2226 2226 2226 2226 2226 2226 2226 2241 2256 2271 2286 2286
    2301 2349 2349 2365 2381 2398 2398 2415 2415 2415 4190 4190 4190
    4190 4190 4190 4139 4139 4139 4241 4241 3994 3994 4041 4041 3994
    2271 2271 2256 2256 2256 2256 2256 2256 2241 2241 2226 2226 2226
    2226 2226 2226 2226 2226 2241 2241 2256 2271 2286 2286 2333 2349
    2349 2365 2381 2398 2398 2398 2398 2398 4190 4190 4190 4139 4139
    4139 4139 4139 4241 4241 4041 4041 4041 4041 3994 2271 2256 2256
    2256 2256 2256 2256 2271 2256 2241 2241 2226 2226 2226 2226 2226
    2226 2226 2226 2226 2241 2271 2271 2286 2301 2333 2333 2349 2365
    2381 2398 2398 2398 2398 4190 4190 4190 4139 4139 4139 4139 4139
    4241 4241 3994 3994 3994 4041 3994 3994 2256 2241 2241 2256 2271
    2271 2256 2256 2241 2241 2241 2241 2241 2226 2226 2226 2226 2226
    2226 2241 2256 2271 2271 2286 2301 2317 2333 2349 2349 2381 2398
    2398 2398 2398 2398 4139 4139 4139 4139 4139 4139 4241 4190 3994
    3994 3994 4041 3994 3994 3994 2241 2241 2271 2271 2271 2256 2256
    2241 2241 2241 2241 2241 2226 2226 2226 2226 2226 2226 2241 2241
    2256 2271 2271 2271 2286 2301 2333 2333 2349 2349 2398 2398 2398
    2398 2398 4139 4139 4139 4139 4190 4190 4190 3994 3994 3994 3994
    3994 3994 3994 3994 3994 2286 2271 2271 2271 2256 2256 2256 2241
    2241 2241 2226 2226 2226 2226 2226 2226 2226 2226 2241 2256 2271
    2271 2271 2286 2301 2317 2333 2349 2365 2381 2398 2398 2398 2415
    4139 4139 4190 4190 4190 4190 3994 3994 3994 3994 3994 3994 3994
    3994 3994 2286 2271 2271 2271 2256 2256 2256 2241 2241 2241 2226
    2226 2226 2226 2226 2226 2226 2226 2241 2256 2271 2271 2271 2286
    2286 2317 2333 2349 2349 2365 2381 2398 2398 2415 4190 4190 4190
    4190 4190 4190 3994 3994 3994 3994 3994 3994 3994 3994 3994 3994
    2271 2271 2271 2256 2256 2256 2256 2256 2241 2241 2241 2226 2226
    2212 2212 2226 2226 2226 2241 2241 2256 2256 2271 2286 2301 2317
    2333 2349 2349 2365 2381 2398 2398 2398 4190 4190 4190 4190 4190
    3994 3994 3994 3994 3994 3994 3994 3994 3994 3994 3994 2256 2256
    2271 2271 2256 2256 2241 2241 2241 2241 2226 2226 2212 2212 2226
    2226 2226 2226 2226 2241 2256 2271 2271 2286 2301 2333 2333 2349
    2365 2365 2381 2398 2398 2398 4190 4190 4190 4190 3994 3994 3994
    3994 3994 3994 3994 3994 3994 3994 3994 2256 2256 2271 2271 2256
    2256 2241 2241 2241 2241 2226 2226 2226 2226 2226 2226 2226 2226
