<?xml version="1.0"?>
<opencv_storage>
<Depth1526 type_id="opencv-matrix">
  <rows>99</rows>
  <cols>65</cols>
  <dt>w</dt>
  <data>
    3774 3774 3732 3732 1004 1004 1001 1001 3653 3653 3653 3653 3614
    3539 3539 3539 3576 3576 3576 3539 3539 3503 3503 3503 3503 3503
    3468 3468 3433 3433 3433 3399 3399 3399 3399 3399 3399 3365 3365
    3365 3365 3365 3365 3333 3269 3269 3269 3269 3269 3208 3208 3208
    3208 3208 3208 3178 3178 3178 3149 3120 3120 3120 3120 3092 3092
    3774 3774 3732 1010 1004 1001 1001 998 998 3653 3653 995 3539 3539
    3539 3539 3539 3539 3539 3539 3539 3503 3503 3503 3503 3503 3468
    3433 3399 3399 3399 3399 3399 3399 3399 3399 3399 3399 3365 3365
    3365 3365 3269 3269 3269 3269 3269 3269 3269 3208 3208 3208 3208
    3208 3208 3178 3149 3149 3149 3120 3120 3092 3092 3092 3092 3774 984
    984 992 998 998 998 995 995 995 995 995 992 989 989 989 998 998 3539
    3539 3539 3539 3539 3503 1001 1001 1001 3399 3399 3399 3399 1010
    1007 1007 1004 1004 3399 3399 3365 3365 3365 3365 3269 3269 3269
    3269 3269 3269 3269 1010 1010 1010 3208 3208 3208 3178 3149 3149
    3149 3120 3092 3092 3092 3092 3064 3774 984 984 992 995 995 995 995
    995 995 995 995 992 989 989 989 998 998 1001 1001 1004 1004 1004
    1004 1001 1001 1001 1007 1007 1007 1007 1007 1007 1007 1004 1004
    1007 1013 1013 1013 1013 1016 1016 1016 1013 1010 1010 1013 1013
    1010 1010 1010 1013 1013 1016 1016 3178 3178 3149 3120 1016 1016
    3092 3064 3064 992 989 989 992 995 995 995 995 995 995 995 995 995
    995 995 998 998 1001 1001 1001 1001 1004 1004 1004 1004 1004 1004
    1004 1007 1007 1007 1007 1007 1007 1007 1007 1007 1013 1013 1013
    1013 1013 1013 1013 1010 1010 1010 1010 1010 1013 1010 1010 1013
    1013 1016 1016 1019 1019 1019 1019 1016 1016 1016 1016 3064 992 992
    992 992 992 992 995 995 995 995 995 998 995 995 998 998 998 1001
    1001 1001 1001 1004 1004 1004 1004 1004 1004 1004 1007 1007 1007
    1007 1007 1007 1007 1007 1007 1013 1013 1013 1013 1013 1013 1013
    1010 1010 1010 1010 1010 1013 1013 1013 1013 1013 1016 1016 1016
    1016 1016 1016 1019 1016 1016 1016 1016 992 992 992 992 992 992 992
    992 992 992 995 998 998 998 998 998 998 1001 1001 1001 1001 1004
    1004 1004 1004 1004 1004 1004 1004 1004 1004 1007 1007 1010 1010
    1010 1010 1013 1013 1013 1013 1013 1013 1013 1010 1010 1010 1010
    1010 1013 1013 1013 1013 1013 1013 1013 1013 1013 1016 1016 1016
    1016 1016 1016 1016 992 992 992 989 989 992 992 992 992 992 995 998
    998 998 998 998 1001 1001 1001 1001 1001 1001 1004 1004 1004 1004
    1004 1004 1004 1004 1004 1007 1007 1010 1010 1010 1010 1013 1013
    1013 1013 1013 1013 1013 1010 1010 1010 1010 1010 1013 1013 1013
    1013 1013 1013 1013 1013 1013 1016 1016 1016 1016 1016 1016 1016 992
    992 992 989 989 992 992 992 992 992 995 995 998 998 998 998 1001
    1001 1001 1001 1001 1001 1004 1004 1004 1004 1004 1004 1004 1004
    1004 1007 1007 1010 1010 1010 1010 1013 1013 1013 1013 1013 1013
    1013 1010 1010 1010 1010 1010 1013 1013 1013 1013 1013 1013 1013
    1013 1016 1016 1016 1016 1016 1013 1013 1013 992 992 992 992 992 992
    992 992 992 992 995 995 998 1001 1001 1001 1001 1001 1001 1001 1001
    1001 1004 1004 1004 1004 1004 1004 1004 1004 1007 1007 1007 1010
    1010 1010 1010 1010 1010 1013 1013 1013 1013 1013 1010 1010 1010
    1010 1010 1010 1013 1013 1013 1013 1013 1013 1013 1016 1016 1016
    1016 1016 1013 1013 0 992 992 992 992 992 992 992 992 992 995 995
    998 998 998 1001 1001 1001 1001 1001 1001 1001 1001 1001 1004 1004
    1004 1004 1004 1004 1004 1004 1004 1004 1007 1007 1010 1010 1010
    1010 1013 1013 1013 1013 1013 1010 1010 1010 1010 1010 1010 1010
    1013 1013 1013 1013 1013 1013 1013 1016 1016 1016 1016 1016 1016 0
    992 992 992 992 992 992 992 992 992 995 995 995 995 995 998 998 1001
    1001 1001 1001 1001 1001 1001 1001 1004 1004 1004 1004 1004 1004
    1004 1004 1004 1007 1007 1007 1007 1010 1010 1013 1013 1013 1013
    1013 1010 1010 1010 1010 1010 1010 1010 1013 1013 1013 1013 1013
    1013 1013 1016 1016 1019 1016 1016 1016 0 992 992 992 992 992 992
    995 995 995 995 995 995 995 995 995 998 1001 1001 1001 1001 1001
    1001 1001 1001 1001 1001 1004 1004 1004 1004 1004 1004 1004 1007
    1007 1007 1007 1010 1010 1013 1013 1013 1013 1013 1010 1010 1010
    1010 1010 1010 1010 1013 1013 1013 1013 1013 1013 1013 1016 1016
    1016 1016 1016 1016 0 992 989 989 992 992 992 992 992 992 995 995
    995 995 995 995 998 1001 1001 1001 1001 1001 1001 1001 1001 1001
    1001 1004 1004 1004 1004 1004 1004 1004 1007 1007 1007 1007 1010
    1010 1010 1013 1013 1013 1013 1010 1010 1010 1010 1010 1010 1010
    1013 1013 1013 1013 1013 1013 1013 1013 1016 1016 1016 1016 1016 0 0
    989 989 992 992 992 992 992 992 995 995 995 995 995 998 1001 1001
    1001 1001 1001 1001 1001 1001 1001 1001 1004 1004 1004 1004 1004
    1004 1004 1004 1007 1007 1007 1007 1010 1010 1010 1013 1013 1013
    1013 1010 1010 1010 1010 1010 1010 1010 1013 1013 1013 1013 1013
    1013 1013 1013 1016 1016 1016 1016 1016 1016 0 992 992 992 992 992
    992 992 995 995 995 995 995 998 998 1001 1001 1001 1001 1001 1001
    1001 1001 1001 1001 1004 1004 1004 1004 1004 1004 1004 1004 1004
    1007 1007 1007 1007 1010 1010 1010 1013 1013 1013 1010 1010 1010
    1010 1010 1010 1010 1013 1013 1013 1013 1013 1013 1013 1013 1013
    1016 1016 1016 1016 0 992 992 989 989 992 992 992 992 992 995 998
    998 998 998 998 1001 1001 1001 1001 1001 1001 1001 1001 1001 1001
    1004 1004 1004 1004 1004 1004 1004 1004 1004 1007 1010 1007 1007
    1007 1007 1010 1013 1013 1013 1010 1010 1010 1010 1010 1010 1010
    1013 1013 1013 1013 1013 1013 1013 1013 1013 1016 1016 1016 1022
    1022 992 989 989 989 992 992 992 992 992 995 998 998 998 998 998
    1001 1001 1001 1001 1001 1001 1001 1001 1001 1001 1004 1004 1004
    1004 1004 1004 1004 1004 1004 1007 1007 1007 1007 1007 1007 1010
    1013 1013 1013 1010 1010 1010 1010 1010 1010 1010 1013 1013 1013
    1013 1013 1013 1013 1013 1013 1016 1016 1016 1016 1019 992 989 989
    992 992 992 992 992 992 995 995 995 995 998 998 1001 1001 1001 1001
    1001 1001 1001 1001 1001 1001 1004 1004 1004 1004 1004 1004 1004
    1004 1004 1004 1007 1007 1007 1007 1010 1010 1010 1010 1010 1010
    1010 1010 1010 1010 1010 1010 1010 1013 1013 1013 1013 1013 1013
    1013 1013 1013 1016 1016 1013 1013 989 989 989 992 992 992 992 992
    992 992 995 995 995 998 998 1001 1001 1001 1001 1001 1001 1001 1001
    1001 1001 1004 1004 1004 1004 1004 1004 1004 1004 1004 1004 1007
    1007 1007 1007 1010 1010 1010 1010 1010 1010 1010 1010 1010 1010
    1010 1010 1010 1013 1013 1013 1013 1013 1013 1013 1013 1013 1013
    1016 1013 1013 989 989 992 992 992 992 992 992 992 992 992 992 995
    995 998 1001 998 998 1001 1001 1001 1001 1001 1004 1004 1004 1004
    1001 1001 1004 1004 1004 1004 1004 1004 1004 1007 1007 1007 1010
    1010 1007 1007 1007 1010 1010 1010 1010 1010 1010 1010 1010 1010
    1013 1013 1013 1013 1013 1013 1013 1013 1013 1013 1013 1013 992 992
    992 992 992 992 992 995 995 992 992 992 995 995 998 1001 998 998
    1001 1001 1001 1001 1001 1004 1004 1004 1004 1001 1001 1004 1004
    1004 1004 1004 1004 1004 1007 1007 1007 1010 1010 1007 1007 1007
    1010 1010 1010 1010 1010 1010 1010 1010 1010 1010 1013 1013 1013
    1013 1013 1013 1013 1013 1013 1013 1013 992 992 992 992 992 992 992
    992 995 995 995 995 995 995 998 998 1001 1001 1001 1001 1001 1001
    1001 1004 1004 1004 1004 1004 1004 1004 1004 1004 1004 1004 1004
    1004 1007 1007 1007 1010 1010 1010 1010 1010 1010 1010 1010 1010
    1010 1010 1010 1010 1010 1010 1013 1013 1013 1013 1013 1013 1013
    1013 1013 1013 0 992 992 992 992 992 992 992 992 992 995 995 995 995
    995 998 998 1001 1001 1001 1001 1001 1001 1001 1001 1004 1004 1004
    1004 1004 1004 1004 1004 1004 1004 1004 1007 1007 1007 1007 1010
    1010 1010 1010 1010 1010 1010 1010 1010 1010 1010 1010 1010 1010
