<?xml version="1.0"?>
<opencv_storage>
<Depth12230 type_id="opencv-matrix">
  <rows>13</rows>
  <cols>18</cols>
  <dt>w</dt>
  <data>
    6889 6889 0 0 0 0 0 0 0 0 0 0 0 5460 5374 5374 5460 5374 0 0 0 0 0 0
    0 0 0 0 0 0 5548 5460 5460 5291 5291 5460 0 0 0 0 0 0 0 0 0 0 0 5548
    5548 5548 5460 5291 5291 0 0 0 0 0 0 0 0 0 0 5734 5734 5548 5548
    5548 5548 5548 0 0 0 0 0 0 0 0 0 5832 5640 5640 5640 5548 5548 5548
    5548 0 0 0 0 0 0 0 0 0 5548 5548 5548 5548 5640 5548 5548 5640 0 0 0
    0 0 0 0 0 0 5460 5460 5548 5548 5548 5548 5548 5734 5734 0 0 0 0 0 0
    0 5548 5548 5460 5460 5548 5460 5374 5374 5548 0 0 0 0 0 0 0 0 5460
    5460 5548 5460 5460 5460 5460 5374 5374 0 0 0 0 0 0 0 0 0 5460 5460
    5548 5460 5460 5460 5460 5460 0 0 0 0 0 0 0 0 0 5460 5460 5460 5460
    5460 5548 5548 5548 0 0 0 0 0 0 0 0 0 5548 5460 5460 5460 5460 5460
    5548 0 0 0 0 0 0 0 0 0 0 0 5460 5460 5460 5460 5460 5460 0 0 0 0 0 0
    0 0 0 0 0 0</data></Depth12230>
</opencv_storage>
