<?xml version="1.0"?>
<opencv_storage>
<Depth7695 type_id="opencv-matrix">
  <rows>53</rows>
  <cols>47</cols>
  <dt>w</dt>
  <data>
    3149 3178 3178 3178 3178 3208 3208 1722 1713 1713 1713 1713 1713
    1713 1722 1748 1748 1748 1748 1748 1748 1757 4139 4139 4089 4089
    4139 4139 4139 4089 4089 4041 4041 4041 3994 3994 3994 3994 3994
    3994 3994 3994 3994 3994 3948 3948 3948 3149 3178 3178 3178 3208
    3208 1722 1722 1713 1713 1713 1713 1713 1713 1713 1731 1739 1739
    1739 1739 1739 1739 1739 1739 4089 4089 4139 4139 4139 4089 4089
    4041 4041 4041 3994 3994 3994 3994 3994 3994 3994 3994 3994 3994
    3948 3948 3948 3149 3149 3149 3178 3178 1722 1722 1722 1713 1713
    1713 1705 1705 1696 1696 1696 1722 1722 1722 1722 1713 1713 1722
    1705 1705 1722 1722 1731 4139 1748 1748 1739 1739 4041 3994 3994
    3994 3994 3994 3994 3994 3994 3948 3948 3994 3994 3948 3149 3149
    3149 3149 3149 1722 1722 1713 1713 1713 1705 1705 1696 1696 1688
    1688 1688 1688 1688 1688 1688 1688 1705 1696 1696 1705 1705 1705
    1713 1713 1722 1731 1739 1739 1731 1731 1731 1722 1722 3994 3994
    3994 3948 3948 3948 3994 3948 3149 3149 3149 3149 3149 1713 1713
    1713 1713 1713 1705 1705 1696 1696 1688 1688 1688 1688 1688 1688
    1688 1688 1688 1688 1688 1688 1680 1680 1696 1696 1705 1705 1713
    1713 1722 1722 1722 1713 1713 1713 1713 1713 1713 3948 3948 3948
    1696 3149 3149 3149 3149 3149 1713 1713 1713 1713 1713 1705 1705
    1696 1696 1696 1688 1688 1688 1688 1688 1680 1680 1680 1680 1680
    1680 1671 1671 1671 1671 1663 1663 1663 1688 1705 1705 1705 1705
    1705 1705 1705 1705 1705 1705 1696 1696 1696 3149 3149 3149 3178
    3178 1713 1713 1713 1713 1713 1705 1705 1696 1696 1696 1688 1688
    1688 1680 1680 1680 1680 1680 1680 1680 1671 1671 1671 1663 1663
    1655 1655 1655 1655 1647 1647 1647 1647 1647 1680 1688 1671 1671
    1671 1696 1696 1705 3178 3178 3178 3178 3178 1731 1722 1722 1713
    1713 1705 1705 1696 1696 1696 1688 1688 1688 1680 1680 1680 1671
    1671 1671 1671 1671 1671 1671 1663 1655 1655 1655 1655 1647 1639
    1639 1639 1632 1632 1639 1639 1639 1655 1655 1663 1696 1705 3178
    3178 3178 3178 3178 1722 1722 1713 1713 1713 1705 1705 1696 1696
    1696 1688 1688 1688 1680 1680 1671 1671 1671 1671 1671 1663 1663
    1663 1663 1655 1655 1655 1655 1647 1639 1639 1632 1632 1632 1632
    1632 1639 1655 1655 1663 1688 1696 3178 3149 3149 3178 3178 1722
    1713 1713 1713 1705 1705 1705 1696 1696 1688 1688 1688 1680 1680
    1680 1671 1671 1671 1671 1671 1663 1663 1663 1663 1655 1655 1655
    1655 1647 1639 1632 1632 1632 1632 1632 1632 1639 1655 1663 1671
    1688 1696 3178 3149 3149 3178 1713 1713 1713 1713 1713 1705 1705
    1705 1696 1688 1688 1688 1688 1680 1680 1680 1671 1671 1671 1671
    1671 1663 1663 1663 1663 1655 1655 1655 1655 1647 1639 1632 1632
    1632 1632 1632 1639 1647 1655 1663 1680 1688 1696 3149 3149 3149
    3149 1713 1713 1713 1713 1713 1705 1705 1696 1696 1688 1688 1688
    1688 1680 1680 1680 1680 1671 1671 1671 1671 1663 1663 1663 1663
    1655 1655 1655 1655 1655 1647 1639 1639 1632 1632 1632 1647 1655
    1655 1663 1680 1688 1696 3149 3149 3149 3149 1713 1713 1713 1713
    1713 1705 1705 1696 1688 1688 1688 1688 1688 1680 1680 1680 1680
    1671 1671 1680 1671 1663 1663 1663 1663 1655 1655 1655 1655 1655
    1647 1647 1639 1632 1632 1639 1647 1655 1663 1663 1680 1688 1696
    3149 3149 3149 1722 1722 1713 1713 1713 1713 1705 1705 1696 1688
    1688 1688 1688 1688 1680 1680 1671 1671 1671 1671 1680 1671 1663
    1663 1663 1655 1655 1655 1655 1655 1655 1647 1647 1639 1632 1632
    1639 1647 1655 1655 1663 1680 1688 1696 3149 3120 3120 1713 1713
    1713 1713 1713 1713 1705 1696 1688 1688 1688 1688 1680 1680 1680
    1671 1671 1671 1663 1663 1671 1671 1663 1663 1663 1655 1655 1655
    1655 1655 1647 1639 1639 1632 1632 1632 1632 1647 1655 1655 1663
    1680 1688 1688 3149 3120 3120 1713 1713 1713 1713 1713 1705 1705
    1696 1688 1688 1688 1688 1680 1680 1680 1671 1671 1663 1655 1655
    1671 1663 1663 1663 1663 1655 1655 1647 1647 1647 1639 1639 1632
    1632 1632 1632 1632 1639 1655 1663 1671 1680 1688 1688 3149 3120
    3120 1705 1705 1713 1713 1713 1705 1705 1696 1688 1688 1688 1688
    1680 1680 1680 1671 1671 1663 1655 1655 1663 1663 1663 1663 1655
    1655 1647 1647 1647 1639 1639 1632 1632 1632 1624 1624 1632 1639
    1655 1663 1671 1688 1688 1688 3149 3120 3120 1705 1705 1713 1713
    1713 1705 1705 1696 1696 1688 1688 1688 1680 1680 1680 1671 1671
    1663 1663 1663 1663 1663 1663 1655 1655 1655 1647 1647 1639 1639
    1639 1632 1632 1632 1624 1624 1632 1639 1655 1663 1671 1688 1688
    1688 3149 3120 3120 1722 1713 1713 1713 1713 1713 1705 1688 1688
    1688 1688 1688 1680 1680 1680 1671 1671 1663 1663 1663 1663 1663
    1663 1655 1655 1655 1647 1647 1639 1639 1639 1632 1632 1632 1624
    1624 1632 1647 1655 1663 1671 1688 1688 1688 3149 3149 3149 1722
    1713 1713 1713 1713 1705 1696 1688 1688 1688 1688 1688 1680 1680
    1680 1671 1671 1663 1663 1663 1663 1663 1663 1655 1655 1655 1647
    1647 1639 1639 1639 1632 1624 1624 1632 1632 1632 1647 1655 1663
    1680 1688 1688 1688 3120 3149 3178 1722 1713 1713 1713 1705 1705
    1696 1688 1688 1680 1680 1680 1680 1680 1680 1671 1671 1671 1663
    1663 1663 1663 1663 1655 1655 1655 1647 1647 1647 1639 1639 1632
    1624 1624 1632 1632 1632 1647 1655 1663 1680 1688 1696 1696 3120
    3149 3178 1722 1713 1713 1705 1705 1705 1696 1688 1688 1680 1680
    1680 1680 1680 1680 1671 1671 1671 1663 1663 1663 1655 1655 1655
    1655 1655 1647 1647 1647 1639 1639 1632 1632 1632 1632 1632 1632
    1647 1655 1663 1680 1688 1696 1696 3149 3149 3178 1722 1713 1713
    1705 1696 1696 1696 1696 1688 1680 1680 1680 1680 1671 1671 1671
    1663 1663 1663 1663 1663 1655 1655 1655 1655 1655 1647 1647 1647
    1639 1639 1632 1632 1632 1632 1632 1639 1655 1655 1663 1680 1688
    1696 1696 3149 3149 3178 1722 1713 1713 1705 1696 1696 1688 1688
    1688 1688 1680 1680 1680 1671 1671 1663 1663 1663 1663 1663 1663
    1663 1663 1655 1655 1655 1647 1647 1647 1639 1639 1632 1632 1632
    1632 1632 1647 1655 1655 1663 1680 1688 1696 1696 3178 3178 3178
    1713 1713 1713 1705 1696 1688 1688 1688 1688 1688 1680 1680 1680
    1671 1671 1663 1663 1663 1655 1655 1663 1663 1663 1655 1647 1647
    1647 1639 1639 1632 1632 1632 1632 1632 1632 1639 1647 1655 1655
    1663 1680 1688 1696 1696 3178 3120 3120 1713 1713 1713 1705 1696
    1688 1688 1688 1688 1680 1680 1680 1671 1671 1671 1663 1663 1663
    1655 1655 1663 1663 1663 1655 1647 1647 1639 1632 1632 1632 1632
    1632 1632 1632 1632 1632 1639 1655 1663 1663 1680 1688 1696 3859
    3149 3120 1705 1705 1713 1713 1705 1696 1688 1688 1688 1680 1680
    1680 1671 1671 1671 1671 1663 1663 1655 1655 1655 1663 1655 1655
    1655 1647 1647 1639 1632 1632 1632 1632 1632 1624 1624 1624 1632
    1639 1655 1663 1663 1680 1680 1680 3859 3149 3120 1705 1705 1713
    1713 1705 1705 1688 1688 1688 1680 1680 1680 1671 1671 1671 1671
    1663 1663 1655 1655 1655 1663 1655 1655 1655 1647 1639 1632 1632
    1632 1632 1632 1624 1624 1624 1624 1632 1639 1655 1663 1663 1671
    1680 1680 3859 3178 3149 1705 1705 1713 1713 1705 1696 1688 1688
    1688 1688 1680 1680 1671 1671 1671 1671 1663 1663 1655 1655 1655
    1663 1655 1647 1647 1647 1639 1632 1632 1632 1632 1632 1624 1624
    1624 1624 1632 1639 1655 1663 1663 1671 1680 1680 3859 3178 1713
    1713 1713 1713 1705 1705 1696 1688 1688 1688 1688 1680 1680 1671
    1671 1671 1663 1663 1655 1655 1655 1655 1655 1647 1647 1639 1639
    1639 1632 1632 1632 1632 1632 1624 1624 1624 1624 1632 1647 1655
    1663 1663 1671 1688 1688 3859 3178 1713 1713 1713 1713 1705 1696
    1688 1688 1688 1688 1688 1680 1680 1671 1671 1671 1663 1663 1655
    1655 1655 1655 1655 1647 1647 1639 1639 1639 1632 1632 1632 1632
    1632 1624 1624 1624 1632 1632 1647 1655 1663 1671 1680 1696 1696
    3859 3149 3178 1713 1713 1713 1705 1696 1688 1688 1688 1688 1688
    1680 1680 1671 1671 1663 1663 1655 1655 1655 1655 1655 1655 1647
