<?xml version="1.0"?>
<opencv_storage>
<Depth9835 type_id="opencv-matrix">
  <rows>44</rows>
  <cols>85</cols>
  <dt>w</dt>
  <data>
    4708 4708 1130 1130 1130 1130 1134 1130 1130 1126 1126 1130 1130
    1126 1126 1123 1123 1123 1123 4774 4708 4708 4708 4708 4708 1112
    1112 1112 1112 4645 4645 4645 4582 4582 4645 4582 4582 4582 4582
    4582 4582 4582 4582 4582 4582 4522 4522 4522 4522 4522 4522 4463
    4463 4463 4405 4405 4463 4522 4522 4522 4522 3576 3576 3576 3576
    3576 3576 3576 3576 3539 3539 3539 3576 0 0 0 0 0 0 0 0 0 0 0 0 4708
    1130 1130 1130 1126 1126 1126 1126 1126 1126 1126 1123 1123 1123
    1119 1119 1119 1115 1112 1112 1112 1112 1112 1112 1112 1112 1112
    1112 1112 1105 1105 1108 1112 1112 4645 4582 4582 4582 4582 4582
    4582 4582 4582 4582 4582 4522 4522 4522 4522 4522 4522 4463 4405
    4405 4405 4405 4405 4463 4522 4522 4522 3576 3576 3576 3576 3576
    3576 3539 3539 3503 3503 3503 3503 0 0 0 0 0 0 0 0 0 0 0 0 1130 1130
    1130 1130 1126 1123 1123 1123 1123 1119 1119 1123 1119 1119 1115
    1115 1115 1115 1112 1112 1112 1112 1112 1112 1108 1108 1108 1108
    1105 1101 1101 1105 1105 1108 1105 1105 1101 1101 4582 4582 4582
    4582 4522 4463 4463 4522 4522 4522 4522 4522 4522 4463 4405 4405
    4349 4349 4405 4463 4463 4522 4463 3614 3576 3576 3576 3576 3576
    3539 3539 3503 3503 3503 3503 0 0 0 0 0 0 0 0 0 0 0 0 1145 1138 1134
    1126 1123 1119 1115 1115 1115 1115 1115 1115 1112 1112 1112 1112
    1112 1112 1112 1108 1108 1108 1108 1108 1108 1108 1105 1105 1105
    1101 1101 1101 1101 1101 1101 1101 1101 1097 1097 1097 1097 1097
    1097 1097 1097 1097 1097 4522 4522 4522 4405 4405 4405 4405 4349
    4349 4463 1087 1087 4522 4463 4463 3576 3576 3576 3576 3576 3539
    3539 3503 3503 3503 0 0 0 0 0 0 0 0 0 0 0 0 0 1145 1138 1134 1123
    1119 1115 1112 1112 1112 1112 1112 1112 1108 1108 1108 1108 1108
    1108 1108 1108 1105 1105 1101 1101 1105 1105 1101 1101 1097 1097
    1097 1097 1101 1101 1101 1097 1097 1094 1094 1094 1094 1094 1097
    1094 1094 1094 1094 1094 1094 1094 1090 1090 1087 1087 1087 1087
    1087 1087 1087 1087 4463 4463 3576 3576 3576 3576 1084 1080 1080
    1077 1077 1077 0 0 0 0 0 0 0 0 0 0 0 0 0 1141 1138 1134 1115 1112
    1112 1112 1112 1108 1108 1105 1105 1105 1105 1105 1105 1105 1105
    1105 1101 1101 1101 1097 1097 1097 1097 1097 1097 1097 1094 1090
    1090 1094 1094 1094 1090 1090 1090 1087 1087 1087 1090 1090 1090
    1087 1087 1087 1087 1087 1090 1087 1087 1087 1087 1087 1087 1087
    1087 1084 1084 1084 1077 1077 1080 1080 1080 1077 1073 1073 1073
    1073 1073 1077 1077 0 0 0 1087 1087 1087 0 1050 1050 1060 1063 1134
    1130 1126 1115 1112 1108 1108 1108 1105 1101 1101 1101 1101 1101
    1097 1097 1097 1097 1097 1097 1097 1097 1094 1094 1094 1094 1094
    1094 1090 1090 1090 1090 1090 1090 1090 1087 1087 1087 1087 1087
    1087 1087 1087 1087 1084 1084 1084 1084 1084 1084 1084 1080 1080
    1084 1084 1084 1084 1084 1084 1080 1077 1077 1077 1077 1077 1077
    1077 1073 1073 1070 1070 1073 1073 1073 1073 1073 1073 1077 1077
    1077 1060 1050 1050 1060 1063 1130 1126 1123 1112 1108 1108 1105
    1105 1101 1097 1097 1097 1097 1097 1094 1094 1094 1094 1094 1094
    1094 1094 1090 1090 1090 1090 1090 1090 1090 1090 1087 1087 1087
    1087 1087 1087 1087 1084 1084 1084 1084 1084 1084 1080 1080 1080
    1080 1080 1080 1080 1080 1077 1077 1077 1073 1073 1073 1077 1080
    1077 1077 1073 1073 1073 1073 1073 1073 1073 1073 1070 1070 1073
    1073 1073 1073 1073 1073 1073 1073 1070 1060 1060 1060 1063 1063
    1126 1123 1115 1105 1105 1101 1101 1097 1097 1097 1094 1094 1094
    1094 1094 1094 1090 1090 1090 1087 1087 1087 1084 1084 1087 1087
    1084 1084 1087 1087 1087 1084 1084 1084 1084 1084 1084 1080 1080
    1080 1080 1080 1077 1077 1077 1077 1073 1073 1077 1073 1073 1073
    1073 1073 1073 1073 1070 1070 1070 1070 1070 1073 1070 1070 1070
    1070 1070 1070 1070 1070 1070 1070 1070 1073 1070 1070 1070 1070
    1070 1063 1060 1060 1060 1060 1060 1126 1119 1112 1101 1097 1097
    1094 1094 1090 1090 1090 1094 1094 1094 1090 1090 1090 1087 1087
    1084 1084 1084 1084 1084 1084 1084 1080 1080 1084 1084 1084 1080
    1080 1080 1080 1080 1080 1077 1073 1073 1073 1073 1073 1073 1073
    1070 1070 1070 1070 1070 1070 1070 1067 1067 1070 1067 1067 1067
    1067 1067 1063 1063 1063 1063 1067 1067 1063 1063 1067 1067 1067
    1063 1063 1070 1067 1067 1063 1063 1063 1063 1060 1060 1060 1060
    1060 1123 1115 1108 1094 1094 1094 1090 1087 1084 1084 1087 1087
    1087 1087 1087 1087 1084 1084 1084 1080 1080 1077 1077 1077 1077
    1077 1080 1080 1080 1077 1077 1073 1073 1073 1073 1073 1073 1073
    1070 1070 1070 1070 1070 1070 1067 1067 1067 1067 1067 1067 1063
    1063 1063 1063 1063 1063 1063 1060 1060 1060 1060 1060 1060 1060
    1060 1060 1060 1060 1060 1060 1060 1060 1060 1060 1063 1063 1060
    1060 1060 1060 1057 1057 1060 1057 1054 1123 1112 1101 1094 1090
    1087 1084 1084 1084 1084 1084 1084 1084 1080 1080 1080 1080 1080
    1080 1080 1077 1073 1073 1073 1073 1073 1073 1073 1073 1073 1073
    1070 1070 1070 1070 1070 1070 1070 1070 1070 1067 1067 1067 1067
    1063 1060 1060 1060 1060 1060 1060 1060 1060 1060 1060 1060 1060
    1060 1057 1057 1057 1057 1057 1057 1057 1057 1057 1054 1054 1054
    1054 1057 1057 1057 1057 1057 1060 1060 1057 1057 1054 1054 1054
    1054 1050 0 1112 1090 1084 1084 1084 1080 1080 1080 1080 1080 1080
    1080 1073 1073 1073 1073 1073 1073 1073 1070 1070 1070 1070 1067
    1067 1067 1067 1070 1070 1070 1070 1067 1067 1067 1067 1067 1067
    1063 1063 1063 1063 1063 1063 1060 1060 1060 1060 1060 1060 1057
    1057 1057 1057 1057 1057 1057 1054 1054 1054 1054 1054 1054 1054
    1050 1050 1054 1050 1050 1050 1047 1047 1050 1050 1054 1054 1057
    1054 1054 1054 1050 1050 1050 1047 1047 0 0 1073 1073 1077 1077 1077
    1077 1080 1080 1080 1077 1073 1070 1070 1070 1070 1067 1067 1067
    1067 1067 1067 1067 1067 1063 1063 1063 1067 1067 1067 1063 1063
    1060 1060 1060 1060 1060 1060 1060 1060 1060 1060 1060 1060 1057
    1057 1057 1057 1057 1054 1054 1054 1054 1054 1054 1050 1050 1050
    1050 1050 1050 1047 1047 1047 1047 1047 1047 1047 1047 1047 1047
    1047 1047 1047 1047 1047 1050 1050 1050 1047 1047 1047 1044 1044 0 0
    1070 1070 1067 1063 1063 1063 1073 1073 1070 1070 1070 1067 1067
    1067 1063 1063 1063 1063 1063 1067 1063 1063 1060 1060 1057 1057
    1060 1060 1060 1060 1060 1060 1060 1060 1060 1057 1057 1057 1057
    1057 1057 1057 1054 1054 1054 1054 1054 1054 1050 1050 1050 1050
    1050 1047 1047 1047 1047 1047 1047 1047 1047 1047 1044 1044 1044
    1044 1044 1044 1041 1041 1041 1044 1044 1044 1041 1041 1041 1041
    1044 1041 1041 1041 1038 0 0 1067 1067 1063 1060 1057 1057 1060 1060
    1060 1060 1060 1063 1067 1063 1060 1057 1057 1057 1057 1057 1057
    1057 1057 1057 1057 1057 1060 1060 1060 1060 1057 1057 1057 1057
    1057 1054 1054 1054 1054 1054 1054 1050 1050 1050 1047 1047 1047
    1047 1047 1047 1047 1047 1047 1047 1044 1044 1044 1044 1044 1044
    1044 1044 1044 1044 1044 1041 1038 1038 1038 1038 1038 1041 1038
    1038 1038 1038 1038 1038 1038 1034 1028 1028 1031 0 0 1063 1063 1060
    1057 1054 1054 1057 1057 1057 1057 1057 1057 1054 1054 1054 1057
    1057 1054 1054 1057 1054 1054 1054 1054 1054 1054 1054 1057 1054
    1054 1057 1054 1054 1054 1054 1050 1050 1050 1050 1050 1047 1047
    1044 1044 1044 1044 1044 1044 1044 1044 1044 1044 1044 1041 1041
    1041 1041 1041 1041 1041 1041 1041 1041 1041 1038 1034 1034 1034
    1034 1034 1034 1034 1034 1034 1034 1034 1034 1034 1031 1028 1025
    1025 1025 0 1057 1057 1057 1057 1054 1054 1054 1054 1054 1054 1054
    1054 1054 1054 1050 1047 1047 1047 1047 1050 1054 1054 1054 1054
    1050 1047 1047 1047 1050 1050 1050 1050 1050 1047 1047 1047 1047
    1044 1044 1044 1044 1044 1044 1044 1044 1044 1044 1044 1044 1041
    1041 1041 1038 1038 1038 1034 1034 1034 1038 1038 1038 1038 1038
    1038 1034 1034 1034 1028 1028 1028 1028 1031 1031 1028 1028 1028
