<?xml version="1.0"?>
<opencv_storage>
<Depth16376 type_id="opencv-matrix">
  <rows>122</rows>
  <cols>65</cols>
  <dt>w</dt>
  <data>
    4983 4911 4911 4911 4911 978 978 981 978 978 978 4708 4708 4708 4645
    4645 4645 4645 4645 4645 4645 4645 4645 4582 4522 4522 4463 4463
    4463 4463 4463 4405 4405 4405 4405 4405 4405 4349 4349 4295 4295
    4295 4241 4241 4241 4241 4241 4190 4190 4139 4139 4139 4139 4139
    4139 4139 4089 4041 4041 4041 4041 4041 3994 3994 3948 4983 4983
    4983 4911 4911 978 978 981 978 978 978 978 978 978 0 4645 4645 4645
    4645 4645 4645 4645 4645 4582 4522 4522 4463 4463 4463 4463 4463
    4463 4463 4405 4405 4463 4405 4405 4349 4295 4241 4241 4295 4241
    4241 4241 4241 4190 4190 4139 4139 4139 4139 4139 4139 4089 4089
    4041 4041 4041 4041 4041 4041 3994 3994 4983 4911 4911 4911 4911 978
    978 981 978 978 978 978 978 978 0 0 0 0 0 4645 4645 4645 4645 4582
    4522 4522 4463 4463 0 0 0 0 0 0 0 4522 4405 4349 4295 4241 4241 4241
    4241 4241 4241 4241 4241 4190 4190 4139 4139 4139 4139 4139 4041
    3994 3994 3994 4089 4041 4041 4041 4041 4041 3994 995 992 992 984
    984 981 981 981 981 981 978 978 978 984 0 0 0 0 0 0 4645 4645 4645
    4645 4582 4582 0 0 0 0 0 0 0 0 0 0 0 4349 4295 4241 4241 4241 4241
    4241 4241 790 790 790 789 789 789 790 4139 4139 4041 3994 3994 3994
    4089 4041 4041 4041 4041 4041 3994 992 992 992 984 984 981 981 981
    978 978 981 981 981 984 0 0 0 0 0 0 0 0 0 0 0 0 0 0 0 0 0 0 0 0 0 0
    0 0 0 0 0 0 4295 4295 4241 790 790 789 789 785 785 787 787 4190 4190
    787 787 787 4041 0 4041 3994 3994 3994 3994 992 992 992 989 984 984
    981 925 925 925 928 981 981 989 0 0 0 0 0 0 0 0 0 0 0 0 0 0 0 0 0 0
    0 0 0 0 0 0 0 0 0 0 4295 4295 4295 790 790 789 789 785 785 785 785
    785 787 787 787 783 0 3994 0 3994 3994 3994 3994 992 992 992 989 981
    981 984 925 925 925 928 930 930 930 0 0 0 0 0 0 0 0 0 0 0 0 0 0 0 0
    0 0 0 0 0 0 0 0 0 0 0 0 0 0 790 790 790 790 789 785 785 785 785 785
    785 783 783 783 778 0 3994 0 3994 3994 3994 992 992 989 987 975 975
    946 930 928 928 928 923 923 856 856 856 0 0 0 860 860 860 0 0 0 0 0
    0 0 0 0 0 0 0 0 0 0 0 0 0 0 0 0 0 792 792 790 790 789 785 785 785
    785 785 783 781 778 778 778 776 0 0 0 3994 3994 992 992 989 987 973
    948 946 938 930 928 928 923 923 856 854 854 856 858 858 860 860 860
    0 0 0 0 0 0 0 0 0 0 0 0 0 0 0 0 0 0 0 0 0 0 790 790 790 790 789 785
    785 785 785 783 781 780 776 776 776 0 0 0 0 0 3994 0 995 987 984 973
    948 948 943 940 928 928 928 862 856 854 854 856 858 858 794 794 792
    792 0 0 0 0 0 0 0 0 0 0 0 0 0 0 0 0 0 0 0 0 0 0 776 776 776 776 776
    780 783 783 781 780 778 776 776 776 778 0 0 0 0 0 0 0 987 975 970
    962 948 946 943 935 901 901 862 858 858 856 856 856 856 794 792 792
    790 787 774 774 0 0 776 776 774 774 774 774 774 774 774 774 774 774
    774 774 774 774 0 776 776 776 776 776 778 778 781 780 780 778 778
    778 778 778 781 0 0 0 0 0 992 989 975 970 959 948 946 943 940 896
    889 873 862 860 856 856 854 831 831 792 792 785 780 774 774 774 774
    774 774 774 774 774 774 774 774 774 774 774 774 774 774 774 774 774
    774 776 776 776 776 778 778 778 780 780 778 778 778 780 781 781 0 0
    0 0 0 989 989 978 970 959 948 946 940 901 896 889 873 867 860 849
    845 843 831 831 792 790 783 780 776 774 774 774 774 774 774 774 774
    774 776 776 774 774 774 774 774 774 774 774 774 774 776 776 776 776
    776 776 776 778 778 778 778 778 780 780 780 0 0 0 0 0 989 989 981
    973 962 951 946 940 898 898 894 894 894 851 847 843 839 837 837 792
    785 781 778 776 776 774 774 774 774 774 774 774 776 776 776 774 774
    774 774 774 774 776 776 776 778 776 776 776 776 776 776 776 778 778
    778 778 778 780 780 780 0 0 0 0 0 992 989 981 975 964 951 946 940
    898 898 896 894 894 851 845 841 839 837 813 813 785 778 776 776 776
    774 774 774 774 774 774 774 776 776 776 776 774 774 776 776 776 776
    778 778 778 778 778 778 778 778 778 780 780 780 780 778 778 780 780
    780 0 0 0 0 0 995 989 981 975 970 951 946 940 898 898 896 894 894
    851 843 839 839 837 813 813 776 776 776 776 776 776 774 774 774 774
    774 776 776 776 776 776 774 774 776 776 778 778 778 778 778 778 778
    778 780 778 778 780 780 780 781 780 780 780 780 781 0 0 0 0 0 1004
    995 981 975 970 954 948 943 898 898 896 894 891 889 843 839 837 835
    815 813 776 776 776 776 776 776 774 774 774 774 776 776 776 776 776
    776 776 776 776 776 778 778 778 778 778 778 778 778 780 778 778 780
    780 780 781 781 781 781 781 781 0 0 0 0 0 1001 989 981 975 970 956
    948 943 901 898 896 894 891 849 845 839 837 833 817 813 813 774 774
    776 776 776 776 776 776 776 776 776 776 776 776 776 776 776 778 778
    778 778 778 778 778 778 778 778 780 778 778 780 780 780 781 781 781
    781 781 781 0 0 0 0 0 1001 987 981 975 970 956 948 946 938 901 898
    896 891 849 845 843 837 829 821 817 815 774 774 776 776 776 776 776
    776 776 776 776 776 776 776 776 776 778 778 778 778 778 778 778 778
    778 780 780 780 780 780 780 780 780 781 781 781 781 781 781 0 0 0 0
    0 995 987 981 978 967 954 948 946 938 903 898 896 891 851 847 847
    837 827 825 821 817 817 776 776 776 778 778 778 778 776 776 776 776
    776 776 776 776 778 778 778 778 778 778 780 778 778 780 780 780 780
    780 780 780 780 781 781 781 781 781 781 781 0 0 0 0 995 984 981 975
    967 951 948 946 943 906 901 896 891 851 849 849 837 825 821 819 815
    813 776 776 776 778 778 780 780 778 776 776 776 776 776 776 778 776
    776 780 780 780 780 780 778 778 780 780 780 781 781 781 780 780 781
    781 783 783 783 781 781 0 0 0 0 0 984 981 975 970 951 948 946 946
    906 901 896 894 894 851 849 849 825 821 817 813 809 778 778 780 780
    781 781 780 780 778 776 776 776 778 778 776 776 776 780 780 780 780
    780 778 778 780 780 781 781 781 781 781 781 781 781 783 783 783 783
    0 0 0 0 0 992 987 984 978 973 959 948 946 946 906 901 896 851 851
    851 849 849 825 821 817 813 809 783 781 781 781 781 781 780 780 778
    778 778 778 778 778 776 776 778 780 780 780 780 780 778 778 780 780
    781 781 781 781 781 781 781 781 783 783 783 783 0 0 0 0 0 992 989
    984 978 973 962 951 946 946 906 903 898 851 851 851 849 849 829 821
    817 813 811 783 781 781 781 781 781 780 780 778 778 778 778 780 778
    778 778 778 780 780 780 780 780 780 780 780 780 781 781 781 781 781
    781 781 781 783 783 783 783 0 0 0 0 0 992 989 984 978 973 964 951
    946 908 906 903 898 894 889 851 851 849 829 821 819 813 811 783 781
    781 781 780 780 778 778 778 778 778 780 780 780 778 778 780 780 780
    780 780 780 780 780 780 781 781 781 781 781 781 781 781 783 783 783
    783 783 0 0 0 0 0 992 989 987 981 973 964 951 946 908 908 906 898
    894 889 851 851 849 829 823 819 815 811 781 781 781 780 780 780 778
    778 778 778 778 778 778 778 778 778 780 780 780 780 780 781 780 780
    781 781 781 781 781 781 781 783 783 783 783 783 783 785 0 0 0 0 0 0
    992 987 981 975 964 951 946 908 908 906 898 896 849 849 849 847 829
    823 817 815 807 781 781 781 780 780 780 780 780 780 780 778 778 778
    778 780 780 781 781 781 780 780 781 781 781 781 781 781 781 781 781
    781 783 783 783 783 783 783 783 0 0 0 0 0 0 992 989 981 975 970 951
    943 910 908 903 898 896 849 849 847 845 831 823 817 815 807 783 781
    781 780 780 780 780 780 780 780 778 778 780 780 780 780 781 781 781
    781 781 781 781 781 781 781 781 783 783 783 783 783 783 783 783 783
    783 783 0 0 0 0 0 0 1001 989 984 978 973 951 943 910 908 903 898 896
    847 847 845 845 835 823 819 815 807 783 783 781 781 781 781 780 780
    780 780 780 780 781 781 780 780 781 781 781 781 781 781 781 781 781
    781 783 783 783 783 783 783 783 783 783 783 783 785 0 0 0 0 0 0 0
    989 984 978 973 951 943 918 908 903 898 896 847 847 845 845 837 823
    819 815 811 783 783 781 781 781 781 781 780 780 780 780 781 781 781
    781 781 781 781 781 781 781 781 781 781 781 783 783 783 783 783 783
    783 783 783 785 785 785 785 0 0 0 0 0 0 0 989 981 978 967 956 943
