<?xml version="1.0"?>
<opencv_storage>
<Depth16965 type_id="opencv-matrix">
  <rows>120</rows>
  <cols>81</cols>
  <dt>w</dt>
  <data>
    3816 0 0 0 0 0 2301 2301 2333 2256 2256 2241 2226 992 987 984 984
    984 2226 2226 959 959 2005 2005 1993 1993 1993 2005 2005 2028 2028
    2028 2053 2065 2078 2078 2078 2090 2103 2129 2184 2198 2198 2212
    2212 2226 2226 3092 3092 3064 3064 3037 3037 3010 3010 2984 2958
    2958 2958 2933 2933 2933 2908 2859 2859 2859 2835 2835 2835 2812
    2789 2789 2767 2767 2744 2744 2744 2767 2767 2744 2744 3859 0 0 0 0
    0 0 0 992 992 992 992 989 981 981 975 973 973 975 959 959 959 951
    1993 1993 1981 1981 1993 2005 2028 2028 2028 2040 2065 2129 2129
    2129 2170 2170 2170 2184 2198 2198 2212 2212 2212 2226 3120 3092
    3064 3064 3064 3037 3010 3010 2984 2958 2958 2958 2933 2933 2933
    2883 2859 2859 2835 2835 2835 2835 2812 2789 2789 2767 2767 2744
    2744 2744 2767 2744 2744 2723 3859 0 0 0 0 0 0 992 992 989 987 984
    981 978 975 970 962 956 956 954 951 951 951 951 1981 1981 1981 1993
    2016 2028 2028 2040 2040 2065 2143 2143 2170 2198 2198 2184 2184
    2198 2198 2212 2212 2212 3149 3120 3092 3064 3064 3064 3037 3010
    3010 2984 2958 2958 2958 2933 2933 2933 2883 2859 2859 2835 2835
    2835 2835 2812 2812 2789 2767 2767 2767 2744 2744 2767 2744 2744
    2723 0 0 0 0 0 0 0 992 989 987 984 981 978 973 973 967 962 956 954
    951 948 946 943 940 940 938 938 938 2028 2028 2028 2028 2028 2028
    903 898 2184 2184 2184 2184 2184 2184 2198 2198 2198 2212 3120 3120
    3092 3064 3064 3064 3037 3010 3010 3010 2958 2958 2958 2933 2933
    2933 2883 2859 2859 2859 2835 2835 2835 2812 2812 2789 2767 2767
    2767 2744 2744 2767 2744 2744 2723 0 0 0 0 0 0 0 989 989 987 984 978
    975 970 970 967 959 954 951 948 946 943 940 940 940 938 938 938 923
    920 920 920 0 0 0 0 898 2184 2184 2184 2184 2184 2198 2198 2198 3149
    3120 3120 3092 3064 3064 3064 3037 3010 3010 2984 2958 2958 2958
    2933 2933 2933 2883 2883 2859 2859 2859 2835 2835 2835 2812 2812
    2789 2767 2767 2767 2767 2767 2744 2744 2723 0 0 0 0 0 0 0 989 989
    987 984 978 973 970 970 962 959 954 951 948 946 943 940 940 938 935
    933 928 923 920 920 920 910 908 903 901 898 898 898 898 898 901 901
    901 3120 3120 3120 3120 3120 3064 3064 3064 3037 3010 2984 2958 2958
    2958 2958 2933 2933 2908 2883 2883 2859 2859 2859 2859 2835 2835
    2835 2812 2789 2767 2767 2767 2767 2767 2744 2744 2723 3859 0 0 0 0
    0 0 0 989 987 984 978 973 970 970 962 959 954 951 948 943 940 938
    938 935 930 925 920 913 913 913 910 910 908 903 901 894 894 896 896
    898 901 901 871 0 871 856 3064 3064 3064 3064 3064 3037 3010 2984
    2933 2933 2958 2958 2958 2933 2908 2883 2883 2883 2859 2859 2859
    2835 2835 2835 2812 2789 2789 2767 2767 2767 2767 2767 2744 2723
    3859 0 0 0 0 0 0 0 989 987 981 978 973 970 970 962 959 954 951 948
    943 940 938 938 933 928 923 915 910 908 906 903 903 901 896 894 889
    889 891 891 871 871 871 871 871 0 0 0 0 3064 3064 3064 3064 3064
    2933 2933 2933 2958 2958 2958 2933 2883 2883 2883 2883 2859 2859
    2859 2835 2835 2835 2835 2789 2789 2767 2767 2767 2767 2744 2744
    2701 3859 0 0 0 0 0 0 0 989 989 981 978 975 973 973 962 959 956 951
    948 946 940 938 935 933 928 923 915 910 908 906 901 901 896 891 889
    887 885 875 873 871 871 871 871 871 856 856 851 849 849 849 845 845
    845 837 837 837 837 835 829 2883 2883 2883 2883 2883 2859 2859 2835
    2835 2835 2835 2835 867 864 864 864 2767 2767 2744 2744 2701 3859 0
    0 0 0 0 0 0 995 989 981 978 978 973 973 962 959 956 954 951 943 940
    938 935 930 928 923 918 910 908 903 901 898 894 891 889 887 882 875
    873 871 869 869 862 858 856 856 851 849 849 849 845 845 845 837 837
    837 837 835 829 829 829 831 2859 2859 2859 2859 2835 2835 2835 2835
    2835 864 862 856 856 2767 2789 2789 2789 2659 3859 0 0 0 0 0 0 998
    995 989 981 978 978 973 973 962 959 956 954 951 943 940 938 935 930
    928 923 918 910 908 903 901 898 894 891 889 887 882 875 873 871 867
    864 860 856 856 854 851 849 849 847 845 843 837 835 835 837 833 833
    829 829 831 831 827 827 856 856 856 2835 2835 2835 864 864 862 856
    856 2767 2812 2812 0 2659 0 0 0 0 0 0 0 998 995 989 984 981 978 975
    973 962 959 956 951 948 946 940 938 933 930 928 923 918 913 910 906
    901 898 894 891 889 887 882 875 873 869 867 862 860 856 854 854 847
    845 843 843 843 839 833 833 829 829 831 829 829 829 827 827 827 0 0
    856 856 849 849 854 854 860 860 858 858 2767 2767 2767 0 2659 0 0 0
    0 0 0 998 998 995 992 987 981 978 975 973 962 959 956 951 948 946
    940 938 933 930 928 923 915 913 910 908 903 898 894 891 889 885 882
    875 873 869 867 862 860 856 854 851 847 845 841 839 833 831 829 827
    823 821 821 821 815 815 823 823 823 0 0 856 856 847 847 843 843 860
    856 856 860 860 847 849 851 858 0 0 0 0 0 0 995 995 995 992 987 981
    978 973 973 962 959 956 951 948 946 940 938 935 930 928 925 915 913
    910 908 906 901 894 891 889 885 882 878 873 869 867 862 860 856 851
    849 847 845 839 837 831 831 829 823 821 819 817 815 807 807 807 807
    807 813 817 817 847 847 833 833 833 835 839 841 841 843 847 849 851
    858 0 0 0 0 0 0 995 995 995 989 984 981 978 973 973 962 959 956 954
    948 946 940 938 935 930 928 925 915 913 910 908 906 901 896 891 889
    885 882 878 873 869 867 862 860 856 851 849 847 845 839 835 831 831
    827 823 821 819 817 815 807 807 807 807 807 813 817 817 817 821 823
    831 833 835 837 841 841 843 847 849 851 854 0 0 0 0 0 0 1004 998 995
    989 984 981 978 973 973 962 959 959 954 951 946 940 938 935 930 928
    925 915 913 910 908 903 901 896 891 889 885 882 878 873 871 867 862
    858 856 854 849 847 845 839 835 831 831 827 823 823 819 817 813 807
    807 807 807 807 811 815 817 817 821 823 831 831 835 837 839 841 843
    847 849 851 851 0 0 0 0 0 0 1004 1001 995 989 984 981 978 973 973
    962 959 959 954 948 946 940 938 935 930 928 925 915 913 910 908 903
    901 898 891 889 887 882 878 873 871 869 862 858 856 854 851 847 845
    839 835 833 831 829 825 823 819 817 813 807 807 807 807 809 811 813
    815 817 821 823 829 831 835 837 839 841 845 849 851 854 851 0 0 0 0
    0 0 1004 1001 995 989 984 981 978 973 973 962 959 959 954 948 946
    943 938 935 930 928 923 918 913 910 908 903 901 898 894 891 887 882
    878 873 871 869 864 862 858 856 854 849 843 839 837 835 831 827 825
    823 819 817 813 807 807 807 807 809 811 813 815 817 821 823 829 833
    835 837 839 841 847 849 856 856 858 0 0 0 0 0 0 1004 1001 995 992
    987 981 978 973 973 970 962 959 954 948 946 943 938 935 930 925 920
    918 913 910 908 903 901 896 894 891 887 878 875 873 871 871 867 862
    858 856 854 849 843 839 837 835 831 827 825 823 821 817 813 807 807
    807 809 809 813 813 817 819 823 823 831 833 837 839 841 843 849 854
    856 858 858 0 0 0 0 0 0 1004 1004 998 992 987 981 978 973 973 970
    962 959 954 948 946 940 938 935 930 925 920 918 915 910 908 903 901
    896 891 889 887 878 875 873 871 871 867 862 860 856 854 849 843 839
    837 837 833 829 825 823 821 817 815 811 809 809 809 811 813 815 817
    821 823 825 831 833 837 839 843 847 849 854 858 858 860 0 0 0 0 0
    1004 1004 1004 1001 992 987 981 978 973 973 970 967 959 956 951 946
    940 938 935 933 925 920 918 915 910 908 903 901 896 891 889 889 882
    878 875 873 871 867 864 860 856 854 849 843 839 837 835 833 829 825
    821 819 817 815 811 809 809 809 811 813 815 819 823 825 827 831 835
    839 843 845 847 849 854 856 860 862 0 0 0 0 0 1004 1004 1001 998 992
    987 981 978 973 973 970 962 959 956 951 948 940 938 935 933 928 920
    918 915 910 908 903 901 896 891 889 887 885 878 875 873 871 867 864
    858 856 851 849 843 839 837 835 831 829 825 821 819 817 815 811 809
    809 809 811 815 817 821 823 827 827 833 837 841 843 845 847 849 854
    856 860 862 0 0 0 0 0 1004 1004 1001 995 992 989 984 978 973 973 970
    962 959 956 951 948 943 940 935 933 928 920 918 915 910 908 903 901
