<?xml version="1.0"?>
<opencv_storage>
<Depth19705 type_id="opencv-matrix">
  <rows>12</rows>
  <cols>19</cols>
  <dt>w</dt>
  <data>
    6622 6375 6375 6497 6497 4774 4774 4842 4774 4774 4774 4842 4983
    4983 4983 4983 4983 4983 4983 6497 6259 6259 6259 4911 4842 4842
    4842 4842 4842 4842 4911 4983 4983 4983 4983 4983 4983 4983 6375
    6259 6146 4911 4911 4911 4911 4911 4911 4911 4983 4983 4983 4983
    4983 4983 4983 4983 5056 6375 6259 5056 4911 4911 4911 4911 4911
    4911 4983 4983 4983 4983 4983 4983 4983 4983 5056 5056 0 4983 4983
    4983 4911 4911 4911 4911 4911 4911 4983 4983 4983 4983 4983 4983
    5056 5056 5056 4911 4911 4911 4911 4911 4911 4842 4842 4911 4911
    4983 4983 4983 4983 4983 4983 4983 4983 4983 4842 4842 4911 4911
    4842 4774 4774 4842 4842 4842 4911 4983 4911 4911 4911 4983 4983
    4983 4983 4842 4842 4842 4842 4842 4774 4774 4774 4774 4774 4911
    4911 4911 4911 4911 4911 4911 4911 4911 4774 4774 4774 4774 4774
    4774 4774 4774 4774 4774 4911 4911 4911 4911 4911 4911 4911 4911
    4911 4774 4774 4774 4774 4774 4774 4774 4774 4708 4708 4842 4911
    4911 4911 4911 4911 4911 4911 4911 4774 4774 4774 4774 4842 4774
    4774 4774 4708 4708 4842 4911 4911 4911 4911 4911 4911 4911 4911 0
    4708 4708 4774 4842 4774 4774 4774 4774 4774 4983 4983 4983 4983
    4983 6622 6622 6622 6622</data></Depth19705>
</opencv_storage>
