<?xml version="1.0"?>
<opencv_storage>
<Depth11236 type_id="opencv-matrix">
  <rows>9</rows>
  <cols>34</cols>
  <dt>w</dt>
  <data>
    4582 4582 4645 4645 4645 4645 4582 4582 4582 4582 4645 4645 4708
    4708 4645 4582 4405 4405 0 0 4842 4842 0 0 0 0 0 0 0 4842 0 0 0 0
    4582 4582 4645 4645 4645 4645 4582 4582 4582 4582 4645 4645 4645
    4645 4645 4582 4405 4405 4582 4645 4842 4842 0 0 0 0 0 0 0 0 0 0 0 0
    4582 4582 4645 4645 4645 4645 4645 4582 4582 4645 4645 4645 4645
    4645 4645 4645 4582 4582 4582 4645 4645 4774 4842 4842 4774 4774
    4774 0 4842 4842 0 4983 0 0 4582 4582 4645 4645 4645 4645 4645 4582
    4582 4645 4645 4645 4645 4645 4708 4708 4645 4645 4645 4645 4645
    4708 4842 4842 4774 4774 4842 4842 4842 0 0 4983 4983 4983 4582 4582
    4645 4645 4708 4645 4645 4645 4645 4645 4645 4645 4645 4645 4708
    4708 4708 4708 4645 4645 4645 4708 4842 4842 4842 4842 4842 4842
    4842 4911 4983 4983 4983 4983 0 0 4645 4645 4708 4708 4645 4645 4645
    4708 4708 4708 4645 4645 4708 4708 4645 4645 4708 4708 4708 4774
    4842 4842 4842 4842 4842 4842 4842 4911 4983 4983 4983 4983 0 0 0 0
    4774 4774 0 0 0 0 4774 4774 4774 0 0 4842 4582 4582 4708 4708 4708
    4774 4842 4842 4842 4842 4911 4911 4911 4983 4983 4911 4911 5056 0 0
    0 0 0 0 0 0 0 0 0 0 0 0 0 0 4582 4582 4708 4708 4708 4774 4842 4842
    4708 4708 4774 4774 4774 4911 4983 4911 4911 4983 0 0 0 0 0 0 0 0 0
    0 0 0 0 0 0 0 0 0 0 4774 4774 4842 4842 4842 4708 4708 4774 4774
    4774 4911 4983 4983 4983 4983</data></Depth11236>
</opencv_storage>
