<?xml version="1.0"?>
<opencv_storage>
<Depth10600 type_id="opencv-matrix">
  <rows>21</rows>
  <cols>56</cols>
  <dt>w</dt>
  <data>
    1060 1087 1087 0 1087 2618 0 0 0 3433 3433 3433 3433 3468 3468 3468
    3468 3468 3468 3468 3468 3468 3468 3468 3468 3468 3468 3468 3468
    3468 3468 3149 3120 3120 3120 3092 3092 3092 3092 3092 3092 3092
    2618 2618 3238 3300 3333 3333 2618 2618 2618 2639 2618 2618 2639
    2639 1060 1094 1094 0 0 0 0 0 3433 3433 3433 3433 3433 3468 3468
    3468 3468 2659 2659 3468 3468 3468 3433 3433 3433 3433 3433 2522
    2503 2503 3208 2579 2579 3120 3120 2503 2485 2485 2560 2560 2598
    2618 2618 2618 3365 3365 3399 2618 2618 2618 2618 2618 2598 2598
    2598 2598 1084 1094 1094 0 0 2618 0 0 3399 3399 3433 3433 3433 3468
    3468 2598 2598 2618 2618 2618 2618 3468 3433 2618 2598 2598 2541
    2522 2503 2503 2541 2579 2541 2522 2522 2503 2485 2485 2522 2541
    2598 2618 2639 2598 2598 2598 2598 2579 2579 2579 2579 2579 2579
    2579 2579 2560 1090 1097 1101 1101 0 2618 2618 2618 2618 2618 2598
    2598 2598 2598 2579 2579 2579 2579 2579 2541 2541 2541 2598 2598
    2579 2579 2541 2522 2522 2522 2541 2579 2541 2522 2522 2522 2522
    2522 2522 2541 2579 2598 2618 2598 2579 2560 2560 2579 2579 2579
    2560 2560 2560 2541 2541 2541 1090 1097 1101 1101 0 2598 2598 2598
    2579 2579 2560 2560 2560 2522 2522 2541 2560 2560 2560 2541 2541
    2541 2560 2560 2560 2541 2541 2541 2541 2541 2541 2541 2541 2541
    2541 2541 2541 2522 2522 2541 2541 2579 2618 2618 2579 2560 2560
    2560 2560 2541 2541 2541 2541 2541 2541 2541 1060 1090 1090 2598 0
    2598 2598 2579 2560 2541 2541 2541 2541 2522 2522 2541 2541 2541
    2541 2541 2541 2541 2541 2541 2522 2522 2522 2522 2541 2522 2522
    2522 2503 2503 2522 2522 2522 2503 2503 2503 2503 2579 2579 2541
    2541 2541 2560 2560 2560 2541 2541 2541 2541 2541 2541 2541 1090
    1090 1090 2503 2579 2579 2560 2541 2541 2541 2522 2522 2522 2503
    2503 2503 2503 2503 2522 2522 2522 2522 2541 2522 2503 2503 2522
    2522 2541 2522 2522 2503 2503 2503 2522 2522 2522 2503 2503 2503
    2503 2560 2560 2522 2522 2541 2560 2560 2560 2560 2560 2560 2541
    2541 2560 2541 1090 1090 1090 2503 2503 2503 2503 2503 2503 2503
    2503 2503 2503 2503 2503 2503 2503 2503 2522 2522 2522 2522 2522
    2522 2503 2503 2522 2522 2522 2522 2522 2503 2503 2503 2522 2522
    2522 2522 2522 2522 2522 2560 2541 2522 2522 2541 2560 2560 2579
    2560 2560 2560 2560 2560 2560 2560 1050 2522 2522 2503 2503 2503
    2503 2503 2503 2503 2503 2503 2503 2503 2503 2503 2503 2503 2522
    2522 2522 2522 2522 2522 2522 2522 2522 2522 2522 2522 2522 2503
    2503 2522 2522 2541 2541 2541 2522 2522 2541 2560 2541 2541 2541
    2541 2560 2560 2560 2560 2560 2560 2560 2560 2560 2560 2541 2522
    2522 2522 2522 2522 2503 2503 2503 2503 2503 2503 2503 2503 2503
    2503 2503 2503 2522 2522 2522 2522 2522 2522 2522 2522 2522 2522
    2522 2522 2522 2522 2522 2522 2522 2541 2522 2522 2522 2522 2541
    2560 2560 2560 2560 2560 2560 2560 2560 2579 2560 2560 2560 2560
    2560 2560 2541 2522 2522 2522 2522 2522 2522 2522 2522 2522 2522
    2522 2522 2503 2503 2503 2503 2503 2522 2522 2522 2522 2522 2522
    2522 2522 2522 2522 2522 2522 2522 2522 2522 2522 2522 2541 2522
    2522 2541 2541 2541 2560 2560 2560 2560 2560 2560 2560 2579 2579
    2560 2560 2560 2560 2560 2541 2541 2522 2522 2522 2522 2522 2522
    2522 2522 2522 2522 2522 2522 2522 2522 2522 2522 2522 2522 2522
    2522 2522 2522 2522 2522 2522 2522 2541 2541 2522 2522 2522 2522
    2541 2541 2541 2522 2522 2541 2541 2541 2560 2560 2560 2560 2560
    2560 2560 2579 2579 2579 2560 2560 2560 2560 2541 2579 2522 2522
    2522 2522 2522 2522 2522 2522 2541 2541 2541 2541 2522 2522 2522
    2522 2522 2522 2541 2522 2522 2522 2522 2522 2541 2541 2541 2541
    2541 2541 2541 2541 2541 2541 2541 2541 2541 2541 2541 2541 2560
    2560 2560 2560 2560 2560 2579 2579 2579 2579 2560 2560 2560 2541
    2541 2579 2560 2541 2541 2541 2541 2522 2522 2522 2541 2541 2541
    2522 2522 2522 2522 2522 2522 2522 2522 2522 2522 2522 2522 2522
    2522 2522 2522 2541 2541 2541 2541 2541 2541 2541 2541 2541 2541
    2541 2541 2541 2560 2560 2560 2579 2560 2560 2579 2579 2579 2579
    2579 2579 2560 2541 2522 2598 2560 2541 2541 2541 2541 2522 2522
    2522 2522 2522 2522 2522 2522 2522 2522 2522 2522 2522 2522 2522
    2522 2522 2522 2522 2522 2522 2522 2541 2541 2541 2541 2541 2541
    2541 2541 2541 2541 2541 2541 2541 2579 2560 2560 2579 2579 2579
    2598 2598 2579 2579 2598 2579 2541 2541 2522 2560 2560 2522 2522
    2522 2522 2522 2522 2522 2522 2522 2503 2503 2503 2503 2522 2522
    2522 2522 2522 2522 2522 2522 2522 2522 2522 2541 2541 2541 2522
    2522 2522 2541 2541 2560 2541 2541 2560 2560 2560 2560 2560 2560
    2560 2579 2579 2579 2598 2598 2618 2659 2598 2579 2541 2541 2522 0
    2503 2503 2503 2503 2503 2522 2522 2522 2522 2522 2485 2485 2485
    2503 2522 2522 2522 2522 2522 2522 2522 2522 2541 2541 2560 2541
    2541 2541 2522 2522 2522 2522 2522 2541 2541 2541 2560 2560 2560
    2560 2560 2541 2541 2560 2560 2579 2598 2598 2639 2659 2618 2579
    2541 2541 2522 1115 2503 2503 2503 2503 2503 2522 2522 2522 2485
    2485 2467 2467 2485 2503 2503 2503 2503 2522 2522 2522 2522 2522
    2541 0 0 2560 2522 2522 2522 2522 2522 2522 2522 2522 2522 2522 2541
    0 0 2560 2560 2541 2541 2560 2541 2541 2560 2560 2618 2659 2618 2579
    2560 2560 0 1115 1115 1115 2503 2503 2503 2503 2503 2485 2485 2485
    2467 2467 2485 2485 2467 2467 2467 2467 2560 2560 2541 2541 2541 0 0
    2560 2522 2522 2522 2522 0 0 2522 2522 2522 2522 2541 0 0 0 0 0 0 0
    2541 2541 2560 2560 2618 2659 2659 0 0 0 0 1115 1115 1115 1115 1112
    1112 1112 1115 1115 2467 0 2467 2467 2503 2485 2432 2415 2415 0 0
    2560 2560 0 0 0 0 0 2522 2522 2522 2522 0 0 0 0 2522 2522 0 0 0 0 0
    0 0 0 0 0 0 0 0 0 0 0 0 0 0 1115 1115 1112 1112 1112 1112 1115 1115
    0 0 0 2485 2485 0 0 2415 2398 2398 0 0 0 0 0 0 0 0 0 0 0 0 0 0 0 0 0
    0 0 0 0 0 0 0 0 0 0 0 0 0 0 0 0 0 0 0 0 0</data></Depth10600>
</opencv_storage>
