<?xml version="1.0"?>
<opencv_storage>
<Depth16591 type_id="opencv-matrix">
  <rows>6</rows>
  <cols>18</cols>
  <dt>w</dt>
  <data>
    4349 4349 4295 4241 4241 4241 4241 4295 4295 4349 4295 4295 4295
    4295 4295 4295 4295 0 4295 4295 4295 4241 4241 4295 4295 4349 4349
    4349 4295 4295 4295 4295 4295 4295 4295 4522 4295 4295 4295 4241
    4241 4295 4349 4405 4405 4405 4349 4349 4295 4295 4349 4349 4463
    4522 4349 4349 4295 4295 4349 4405 4405 4463 4463 4463 4349 4349
    4349 4349 4349 4405 4405 4522 4349 4349 4349 4349 4349 4405 4405
    4463 4522 4522 4405 4349 4349 4349 4349 4405 4405 4522 3399 4405
    4405 4405 4405 4405 4405 4463 4522 4522 4405 4405 4405 4405 4405
    4405 4405 3433</data></Depth16591>
</opencv_storage>
