<?xml version="1.0"?>
<opencv_storage>
<Depth2017 type_id="opencv-matrix">
  <rows>31</rows>
  <cols>10</cols>
  <dt>w</dt>
  <data>
    4241 4241 4241 3149 3120 3120 3120 3120 3120 3149 4241 4241 4241
    4241 3149 3149 3120 3120 3149 3149 4241 4241 4241 4241 3149 3149
    3149 3149 3149 3149 4241 4241 4241 4241 4241 3149 3149 3149 3149
    3149 4241 4241 4241 4241 4241 3208 3178 3149 3149 3149 4241 4241
    4241 4241 4241 4241 3208 3178 3178 3178 4241 4241 4241 4241 4241
    4241 3238 3208 3208 3208 4295 4241 4241 4241 4241 4241 4241 3208
    3208 3178 4241 4241 4241 4241 4241 4295 4295 3238 3208 3178 4241
    4190 4190 4241 4241 4295 4295 3238 3208 3178 4190 4190 4190 4241
    4241 4295 4241 4241 3238 3178 4190 4190 4190 4241 4241 4295 4241
    4241 3269 3208 4190 4190 4190 4190 4241 4241 4241 4241 4241 3238
    4190 4190 4190 4190 4190 4241 4241 4241 4241 3238 4295 4190 4190
    4190 4190 4241 4241 4241 3238 3238 3149 4190 4190 4190 4190 4241
    4241 4241 3238 3238 3149 4190 4190 4190 4190 4241 4241 4241 4190
    4190 3149 4241 4190 4190 4190 4241 4241 4241 4241 3269 3149 4241
    4241 4241 4241 4241 4241 4241 4241 3269 3149 4241 4241 4241 4241
    4241 4241 4241 4241 3238 3149 4241 4241 4241 4241 4241 4241 4241
    4349 3238 3149 4241 4241 4241 4241 4295 4295 4295 4349 3269 3178
    4241 4241 4241 4241 4295 4295 4295 4349 4349 3178 3238 4241 4241
    4241 4241 4241 4295 4295 4295 3178 3208 4295 4241 4241 4241 4241
    4241 4295 4295 3149 3208 4295 4241 4241 4241 4241 4241 4295 4349
    3149 4349 4295 4241 4241 4241 4241 4349 4349 4349 3149 3149 4295
    4241 4241 4241 4295 4295 4295 4295 3149 3149 4241 4241 4241 4241
    4295 4295 4241 4241 3149 3149 3149 4190 4190 4190 4190 4190 4241
    4241 3149 3149 3149 4190 4190 4190 4190 4190 4241 4241</data></Depth2017>
</opencv_storage>
