<?xml version="1.0"?>
<opencv_storage>
<Depth15389 type_id="opencv-matrix">
  <rows>13</rows>
  <cols>5</cols>
  <dt>w</dt>
  <data>
    6375 6259 6259 6259 6038 6259 6259 6259 6259 6038 6259 6259 6259
    6259 6146 6259 6259 6259 6259 6259 6375 6259 6259 6259 6259 6375
    6375 6259 6259 6375 6375 6375 6259 6259 6375 6375 6259 6259 6259
    6497 6375 6259 6259 6259 6375 0 6146 6146 6146 6259 0 6146 6146 6146
    6259 0 6146 6146 6259 6259 0 0 6259 6259 6259</data></Depth15389>
</opencv_storage>
