<?xml version="1.0"?>
<opencv_storage>
<Depth16827 type_id="opencv-matrix">
  <rows>113</rows>
  <cols>85</cols>
  <dt>w</dt>
  <data>
    3539 3614 3614 3614 819 819 817 817 815 813 813 3653 3692 3692 3732
    3692 3614 3614 3692 3732 3732 3774 3774 3774 3774 3774 3774 3816
    3816 3816 3816 3816 3816 3816 3859 3859 3859 3859 3859 3859 3903
    3948 3948 3948 3948 3948 3948 3948 3948 3948 837 837 837 837 837
    3859 3859 3903 3859 3859 3859 3816 3816 860 860 862 862 860 860 860
    860 860 3614 3614 3468 3468 3433 3433 3433 3399 3399 3399 3433 3399
    3365 3539 3614 3614 3614 819 819 817 817 813 811 811 809 809 813 815
    823 827 3614 3732 3732 3732 3732 3732 3774 3774 3774 3774 3816 3816
    3816 3816 3816 3816 3816 3859 3859 3859 827 827 829 829 829 829 831
    835 837 837 837 837 837 837 837 837 837 837 3859 3859 3859 849 849
    851 851 851 854 858 860 862 860 860 860 860 860 860 860 860 860 3503
    3503 3503 3433 3399 3399 3433 3399 3365 3576 3614 3614 3614 819 819
    819 817 809 809 807 807 809 809 813 823 825 823 823 823 823 821 821
    821 3774 3774 3816 3816 823 823 821 821 821 821 825 825 827 827 827
    829 829 829 829 831 835 835 835 837 837 837 837 837 839 839 839 851
    851 851 849 849 851 851 851 854 858 860 862 860 860 860 860 860 860
    860 0 0 860 0 3433 3433 3433 3433 3433 3399 3399 3576 3614 3614 3614
    825 825 823 809 807 807 807 807 809 809 813 821 823 823 823 823 823
    821 821 821 819 819 821 823 823 823 821 821 821 821 825 825 827 827
    829 829 829 829 831 833 835 835 835 837 837 837 839 839 843 843 845
    847 851 851 851 851 851 851 854 854 856 860 860 862 860 860 860 860
    860 860 860 0 0 0 0 3433 3433 3433 3433 3399 3399 3576 3576 815 811
    809 809 805 805 805 805 809 809 809 809 811 819 821 823 821 821 821
    821 821 821 819 819 821 823 823 823 823 823 823 823 827 829 831 831
    831 831 831 831 833 835 835 835 837 837 839 841 843 843 843 845 845
    847 849 849 851 851 851 854 854 854 856 856 860 862 862 862 862 862
    860 860 860 0 0 0 3433 3433 3433 3433 3433 3399 3399 823 819 815 811
    807 807 805 805 805 805 809 809 809 809 811 813 819 819 819 819 819
    821 821 821 821 823 825 827 825 825 825 825 825 825 829 829 831 831
    831 833 835 835 835 835 835 835 837 839 841 843 843 843 845 845 845
    845 847 849 849 851 851 854 854 854 854 854 856 860 860 862 862 862
    862 860 860 0 0 0 0 0 3433 3433 3433 3433 3399 823 819 813 809 807
    807 807 807 807 809 809 811 811 811 811 811 815 815 817 817 817 819
    819 819 819 819 821 827 827 827 827 827 827 827 829 829 829 829 829
    829 829 831 833 833 833 833 835 837 841 843 843 843 843 845 845 845
    845 845 847 849 849 851 851 854 854 854 856 858 858 860 862 862 862
    862 862 0 0 0 0 0 3399 3399 3433 3433 3399 0 819 813 809 805 805 805
    805 805 809 809 811 811 811 811 811 811 811 813 813 813 817 817 817
    817 817 817 817 821 823 827 827 827 827 827 827 829 829 829 829 829
    829 829 831 831 831 833 835 837 837 839 841 843 843 845 845 845 845
    847 847 849 851 851 851 854 854 854 856 856 858 860 862 862 862 862
    0 0 0 0 0 3399 3399 3433 3433 3399 0 819 813 809 805 803 803 803 805
    807 809 809 811 811 811 809 809 809 811 813 813 817 817 817 817 817
    815 815 817 819 823 825 827 827 827 827 827 827 827 827 829 829 829
    829 831 831 833 835 835 837 837 841 843 843 843 845 845 845 845 847
    849 849 851 851 854 854 854 854 854 856 858 862 862 862 862 0 0 0 0
    3399 3399 3399 3433 3399 3399 0 817 813 809 805 803 803 803 803 807
    809 809 809 809 809 809 809 809 811 811 813 815 815 817 817 817 815
    815 817 817 819 823 825 825 827 827 827 827 827 827 829 829 829 829
    831 831 833 833 835 837 837 841 843 843 843 845 845 845 845 847 849
    849 851 851 851 854 854 854 854 854 858 860 860 860 860 0 0 0 0 3399
    3399 3399 3433 3399 3399 0 817 815 809 805 803 802 802 802 807 809
    809 809 809 809 809 809 809 811 811 813 813 815 817 817 817 815 815
    817 817 817 821 823 825 827 827 827 827 827 827 829 829 831 831 831
    831 833 833 835 837 837 841 843 843 843 843 845 845 847 847 849 849
    849 851 851 854 854 854 854 854 858 860 860 860 860 0 0 0 0 0 3399
    3399 3433 3399 3399 0 817 815 811 805 803 802 802 802 807 807 807
    807 807 809 809 809 809 811 811 813 813 815 817 817 817 817 817 817
    817 817 821 823 825 827 827 827 827 827 829 829 831 831 831 831 831
    833 833 833 837 839 841 841 843 843 843 843 845 847 847 849 849 849
    851 851 854 854 854 854 854 858 858 860 860 860 0 0 0 0 0 3399 3399
    3433 3399 3399 825 817 815 811 805 803 802 802 802 805 807 807 807
    807 807 809 811 811 811 813 813 813 817 817 817 817 817 817 817 817
    817 821 823 825 827 827 827 827 827 829 829 831 833 833 833 833 833
    833 833 837 841 841 841 843 843 843 843 845 847 847 847 847 849 851
    851 851 854 854 854 854 856 858 860 858 858 0 0 0 0 0 3433 3433 3433
    3399 3399 825 819 815 811 803 802 802 802 802 805 807 807 805 805
    807 809 811 813 813 813 813 813 817 817 817 817 819 819 817 817 817
    819 823 825 827 827 827 827 827 829 829 829 831 831 833 833 833 833
    833 837 841 841 841 841 843 843 843 845 845 845 847 847 849 851 851
    851 854 854 854 854 854 858 858 858 858 0 0 0 0 0 0 3433 3433 3399
    3399 0 0 811 809 803 802 802 802 802 805 805 805 805 805 807 809 811
    813 813 813 813 813 815 817 817 817 817 819 817 817 817 819 821 825
    825 827 827 827 827 827 829 829 831 831 833 831 831 831 833 837 839
    841 841 841 843 843 843 845 845 845 847 847 849 851 851 851 851 851
    854 854 854 856 858 858 858 0 0 0 0 0 0 3468 3433 3399 3399 0 0 811
    809 803 802 802 802 805 805 805 805 805 805 807 809 811 811 813 813
    813 813 815 815 817 817 817 819 819 817 817 819 821 825 825 825 825
    825 827 827 829 829 831 831 831 831 831 831 833 837 839 841 841 841
    843 843 843 843 845 845 845 847 847 849 851 851 851 851 851 851 854
    856 856 858 858 0 0 0 0 0 0 3433 3433 3433 3399 0 0 811 807 803 802
    802 802 805 807 805 805 805 805 807 807 809 811 813 813 813 813 813
    815 817 817 817 819 819 817 817 819 821 825 825 825 825 825 827 827
    827 829 829 831 831 831 831 831 833 837 839 839 839 839 841 843 843
    843 845 845 845 845 847 849 851 851 851 851 851 851 856 856 856 858
    858 0 0 0 0 0 0 3433 3433 3433 3399 0 0 811 807 803 802 800 800 805
    807 805 805 805 805 807 807 809 809 811 811 813 813 813 815 815 815
    817 819 819 817 817 817 823 825 825 825 825 825 827 827 827 827 829
    829 829 831 831 831 831 835 837 839 839 839 841 841 843 843 845 845
    845 845 845 847 849 851 851 851 851 851 854 854 856 856 856 0 0 0 0
    0 0 3399 3399 3433 3399 0 0 0 807 803 802 798 798 803 803 805 805
    805 805 805 805 807 807 809 811 811 813 813 813 815 815 815 817 817
    817 817 817 823 825 825 823 823 825 827 827 827 827 827 829 829 831
    831 831 831 835 837 839 839 839 839 841 841 843 843 843 845 845 845
    847 849 851 851 851 851 851 854 854 856 856 856 0 0 0 0 0 0 3399
    3399 3433 3399 0 0 809 807 803 798 798 798 803 803 805 805 803 803
    805 805 805 807 809 809 811 811 811 813 813 815 815 817 817 815 815
    815 821 823 823 823 823 823 827 827 827 827 827 829 829 829 829 831
    831 831 837 839 837 837 839 841 841 843 843 843 843 843 845 847 849
    849 851 851 851 851 854 854 856 854 854 0 0 0 0 0 0 3433 3433 3433
    3399 0 0 809 805 803 798 798 802 802 803 805 803 803 803 805 805 805
    807 809 809 809 811 811 813 813 813 813 813 815 815 815 815 819 821
    821 821 821 821 823 827 827 827 827 829 829 829 829 829 831 831 835
    839 837 837 839 839 841 841 843 843 843 843 845 845 847 849 849 851
    851 851 851 854 854 854 854 0 0 0 0 0 0 3433 3433 3433 3399 0 0 807
    805 803 798 798 800 802 802 803 802 802 803 805 805 805 807 809 809
    809 809 811 811 813 813 813 813 813 815 815 817 819 821 821 821 821
    821 823 825 825 827 827 829 829 829 829 829 829 831 835 837 839 839
    839 839 841 841 843 843 843 843 845 845 845 847 849 849 851 851 851
