<?xml version="1.0"?>
<opencv_storage>
<Depth19470 type_id="opencv-matrix">
  <rows>7</rows>
  <cols>12</cols>
  <dt>w</dt>
  <data>
    6038 6146 6146 7178 7332 7332 7332 7332 7332 7178 7178 7178 7178
    7178 7178 7178 7332 7332 7332 7332 7178 7178 7030 7030 7332 7178
    7178 7178 7178 7332 7332 7332 7178 7178 7030 7030 7332 7332 7178
    7178 7178 7332 7332 7332 7178 7178 7178 7178 7332 7178 7178 7178
    7178 7332 7332 7332 7178 7178 7178 7178 7492 7178 7178 7178 7178
    7332 7332 7332 7332 7178 7178 7332 7492 7492 7492 7492 7492 7660
    7492 7332 7332 7332 7332 7332</data></Depth19470>
</opencv_storage>
