<?xml version="1.0"?>
<opencv_storage>
<Depth0475 type_id="opencv-matrix">
  <rows>24</rows>
  <cols>12</cols>
  <dt>w</dt>
  <data>
    5132 5132 5132 5132 5132 5056 4983 4983 4911 4911 3614 3614 5132
    5132 5132 5132 5056 5056 4983 4983 4911 4911 3653 3614 5132 5132
    5056 5056 5056 4983 4983 4983 4911 4911 4911 3614 5132 5056 5056
    5056 4983 4983 4911 4911 4911 4911 4911 4911 5056 5056 5056 4983
    4983 4911 4911 4911 4911 4983 4911 4911 5056 5056 4983 4983 4983
    4911 4911 4911 4911 4911 4911 4911 5056 4983 4983 4983 4983 4983
    4911 4911 4911 4911 4911 4842 5056 4983 4983 4983 4983 4983 4983
    4911 4911 4911 4911 4842 5056 4983 4983 4983 4983 4983 4983 4911
    4911 4911 4911 4911 5056 4983 4983 4983 4983 4983 4983 4983 4911
    4911 4911 4911 5056 4983 4983 4983 4983 4983 4983 4911 4911 4911
    4911 4911 5056 4983 4983 4983 4983 4983 4911 4911 4911 4911 4911
    4911 5056 4983 4983 4983 4983 4983 4911 4911 4911 4911 4911 4911
    5056 4983 4983 4983 4983 4983 4911 4911 4911 4911 4911 4911 5056
    4983 4983 4983 4983 4983 4911 4911 4911 4911 4911 3503 5056 4983
    4983 4983 4983 4911 4911 4911 4911 4911 4911 3503 4983 4983 4983
    4983 4983 4911 4911 4911 4911 4911 4911 3503 4983 4983 4983 4983
    4911 4911 4911 4911 4911 4911 3503 3503 4983 4983 4983 4911 4911
    4911 4911 4911 4911 4911 3503 3503 4983 4983 4983 4911 4911 4911
    4911 4911 4911 4911 3503 3503 4983 4983 4983 4911 4911 4911 4911
    4911 4911 4911 3503 3503 4983 4983 4911 4911 4911 4911 4911 4911
    4911 4911 3503 3503 4983 4983 4911 4911 4911 4911 4911 4911 4911
    4911 4911 3503 4983 4983 4911 4911 4911 4911 4911 4911 4911 4911
    4911 3503</data></Depth0475>
</opencv_storage>
