<?xml version="1.0"?>
<opencv_storage>
<Depth8900 type_id="opencv-matrix">
  <rows>64</rows>
  <cols>45</cols>
  <dt>w</dt>
  <data>
    6038 6038 1601 1609 1609 1609 1601 1601 1594 1594 1594 1594 1594
    1594 1594 1594 1586 1586 1586 1586 1594 1601 1601 1579 1572 1564
    1564 1572 1572 5460 5132 5056 5056 5291 5291 1572 1564 1564 1557
    1557 1564 1579 1586 1601 1601 5933 5933 1601 1601 1601 1601 1601
    1601 1594 1594 1594 1594 1594 1594 1594 1594 1586 1586 1586 1586
    1594 1594 1586 1579 1572 1564 1564 1572 1572 1579 1579 1564 1557
    1557 1572 1572 1579 1564 1557 1557 1564 1572 1579 1579 1579 5933
    5933 1601 1601 1601 1601 1594 1594 1594 1594 1594 1594 1594 1594
    1594 1586 1586 1586 1594 1594 1586 1586 1586 1579 1579 1572 1572
    1572 1572 1579 1579 1564 1557 1557 1572 1572 1572 1572 1564 1564
    1572 1572 1572 1579 1579 5933 5933 1601 1601 1601 1594 1594 1594
    1594 1594 1594 1594 1594 1594 1594 1586 1586 1586 1586 1586 1586
    1586 1579 1579 1579 1579 1579 1579 1579 1579 1572 1572 1564 1564
    1572 1572 1572 1564 1564 1564 1564 1564 1564 1564 1579 5933 0 1601
    1601 1601 1594 1594 1594 1594 1594 1594 1594 1594 1594 1594 1586
    1586 1586 1586 1586 1586 1579 1579 1579 1579 1579 1579 1579 1579
    1579 1572 1572 1572 1572 1572 1572 1572 1564 1564 1564 1564 1564
    1564 1564 1564 5933 0 1601 1601 1601 1594 1594 1594 1594 1594 1594
    1594 1594 1594 1594 1586 1586 1586 1579 1579 1586 1579 1579 1579
    1579 1579 1579 1579 1579 1579 1579 1572 1572 1572 1572 1572 1564
    1564 1564 1564 1564 1564 1564 1564 1564 6038 0 1601 1601 1601 1601
    1594 1594 1594 1594 1594 1586 1586 1586 1594 1586 1586 1586 1579
    1579 1586 1579 1579 1579 1579 1579 1579 1579 1579 1579 1572 1572
    1572 1572 1572 1572 1564 1564 1564 1557 1557 1557 1557 1557 1557
    5933 0 1601 1601 1601 1601 1594 1594 1594 1594 1586 1586 1586 1586
    1594 1594 1586 1586 1586 1586 1579 1579 1579 1579 1579 1572 1572
    1572 1572 1572 1572 1572 1572 1572 1572 1572 1564 1564 1564 1557
    1557 1557 1557 1557 1557 5933 0 1601 1601 1601 1601 1601 1594 1594
    1594 1586 1586 1586 1586 1586 1586 1586 1586 1586 1586 1579 1579
    1579 1579 1579 1572 1572 1572 1572 1572 1572 1572 1572 1572 1564
    1564 1564 1564 1564 1557 1557 1557 1557 1557 1557 6038 0 1601 1601
    1601 1601 1594 1594 1594 1594 1586 1586 1586 1586 1586 1586 1586
    1586 1586 1586 1579 1579 1579 1579 1579 1579 1572 1572 1572 1572
    1572 1572 1572 1572 1564 1564 1564 1564 1564 1564 1557 1557 1557
    1557 1557 0 1601 1601 1601 1601 1601 1594 1594 1594 1594 1586 1586
    1586 1586 1586 1586 1586 1586 1586 1586 1579 1579 1579 1579 1579
    1579 1572 1572 1572 1572 1572 1572 1572 1572 1564 1564 1557 1557
    1557 1564 1564 1557 1557 1557 1557 0 1601 1601 1601 1601 1594 1594
    1594 1594 1594 1586 1586 1586 1586 1586 1579 1579 1579 1586 1586
    1586 1579 1579 1579 1579 1579 1572 1572 1572 1572 1572 1564 1564
    1572 1564 1557 1557 1557 1557 1564 1564 1564 1564 1564 1564 5933
    1594 1594 1594 1594 1594 1594 1594 1594 1594 1586 1579 1579 1586
    1586 1579 1579 1579 1579 1579 1586 1579 1579 1579 1579 1572 1572
    1572 1572 1572 1572 1564 1564 1564 1564 1557 1557 1557 1557 1557
    1557 1564 1564 1564 1564 5933 0 1594 1594 1594 1594 1594 1594 1594
    1594 1586 1579 1579 1579 1579 1579 1572 1572 1579 1579 1579 1579
    1579 1579 1572 1572 1572 1572 1572 1572 1572 1564 1564 1564 1564
    1564 1557 1557 1557 1557 1557 1557 1557 1564 1564 5933 0 1601 1594
    1594 1594 1594 1594 1594 1594 1586 1579 1579 1579 1579 1579 1572
    1572 1579 1579 1579 1579 1579 1579 1572 1572 1572 1572 1572 1572
    1572 1564 1564 1564 1564 1564 1564 1557 1557 1557 1557 1557 1557
    1557 1557 6038 0 1594 1594 1594 1594 1594 1594 1594 1594 1586 1586
    1586 1586 1586 1579 1579 1579 1579 1579 1579 1579 1579 1572 1572
    1572 1572 1572 1572 1572 1572 1564 1564 1564 1564 1564 1564 1557
    1557 1557 1550 1550 1557 1557 1557 5933 1601 1601 1601 1594 1594
    1594 1594 1594 1594 1586 1586 1579 1579 1579 1579 1572 1572 1579
    1579 1579 1579 1572 1572 1572 1572 1572 1572 1572 1572 1572 1564
    1564 1564 1564 1564 1564 1557 1557 1557 1550 1550 1557 1557 1557 0
    1594 1594 1594 1594 1594 1594 1594 1594 1594 1586 1586 1579 1579
    1579 1579 1572 1572 1579 1579 1579 1579 1572 1572 1572 1572 1572
    1572 1572 1572 1572 1564 1564 1564 1564 1564 1564 1564 1557 1557
    1550 1550 1557 1557 1557 0 1594 1594 1594 1594 1586 1586 1594 1586
    1586 1586 1586 1586 1579 1579 1572 1572 1572 1579 1579 1579 1579
    1579 1572 1572 1572 1572 1572 1572 1572 1572 1572 1564 1557 1557
    1557 1564 1564 1564 1557 1550 1550 1550 1557 1557 0 1594 1594 1594
    1594 1586 1586 1594 1586 1586 1579 1579 1579 1572 1572 1572 1572
    1572 1579 1579 1579 1579 1572 1572 1572 1572 1572 1572 1572 1572
    1572 1564 1564 1557 1557 1557 1557 1564 1564 1550 1550 1550 1550
    1557 1557 0 1594 1594 1594 1594 1594 1594 1594 1586 1586 1579 1579
    1572 1572 1572 1572 1572 1572 1579 1579 1572 1572 1572 1572 1572
    1572 1572 1572 1572 1572 1572 1564 1564 1557 1550 1550 1557 1550
    1550 1550 1550 1550 1550 1550 1550 1601 1594 1594 1594 1594 1594
    1594 1594 1586 1586 1579 1579 1572 1572 1572 1572 1572 1572 1579
    1579 1572 1572 1572 1572 1572 1572 1572 1572 1572 1572 1564 1564
    1564 1557 1550 1550 1557 1550 1550 1550 1550 1550 1550 1550 1550
    1601 1601 1594 1594 1594 1594 1594 1586 1586 1579 1579 1572 1572
    1572 1572 1572 1572 1572 1579 1579 1572 1572 1572 1572 1572 1572
    1572 1572 1572 1564 1564 1564 1557 1557 1557 1557 1557 1550 1550
    1550 1550 1550 1543 1543 1543 1601 1601 1594 1594 1594 1594 1586
    1586 1586 1579 1579 1572 1572 1572 1572 1572 1572 1572 1579 1579
    1572 1572 1572 1572 1572 1564 1564 1564 1564 1564 1564 1564 1557
    1557 1557 1557 1557 1557 1550 1550 1550 1550 1543 1543 1543 1601
    1601 1594 1594 1586 1586 1586 1579 1579 1572 1572 1572 1572 1572
    1572 1572 1572 1572 1579 1579 1572 1572 1572 1572 1572 1564 1564
    1564 1564 1564 1564 1557 1557 1557 1557 1557 1557 1557 1557 1550
    1550 1550 1550 1550 1550 1601 1601 1594 1586 1586 1586 1586 1579
    1579 1572 1572 1572 1572 1572 1572 1579 1572 1572 1579 1579 1572
    1572 1572 1572 1572 1564 1564 1564 1564 1564 1564 1557 1557 1564
    1557 1557 1557 1557 1550 1550 1550 1550 1550 1550 1550 0 1601 1586
    1586 1586 1586 1586 1586 1579 1579 1572 1572 1572 1572 1572 1572
    1572 1572 1579 1572 1572 1572 1572 1572 1572 1564 1564 1564 1564
    1557 1557 1557 1557 1557 1564 1557 1557 1550 1550 1550 1550 1550
    1550 1550 1550 0 1594 1586 1586 1586 1586 1586 1586 1579 1572 1572
    1572 1572 1572 1572 1572 1572 1572 1572 1572 1572 1572 1572 1572
    1564 1564 1564 1564 1564 1557 1557 1557 1557 1557 1557 1557 1557
    1550 1550 1550 1550 1550 1550 1550 1550 0 1586 1586 1586 1586 1579
    1579 1586 1579 1572 1572 1572 1572 1572 1572 1572 1572 1572 1572
    1572 1572 1572 1572 1564 1564 1564 1564 1564 1564 1564 1557 1557
    1557 1557 1557 1557 1557 1557 1550 1550 1550 1550 1550 1550 1550 0
    1586 1586 1586 1579 1579 1579 1579 1572 1572 1572 1572 1572 1572
    1572 1564 1564 1572 1572 1572 1572 1572 1572 1564 1564 1564 1564
    1564 1564 1564 1564 1557 1557 1557 1557 1557 1557 1550 1550 1550
    1550 1550 1550 1550 1550 0 1586 1586 1586 1579 1579 1579 1579 1572
    1572 1572 1572 1572 1572 1572 1564 1564 1572 1572 1572 1572 1572
    1572 1572 1564 1564 1564 1564 1564 1564 1564 1557 1557 1557 1557
    1550 1550 1550 1550 1550 1543 1543 1550 1550 5132 0 1579 1579 1586
    1579 1579 1579 1579 1572 1572 1572 1572 1572 1572 1572 1564 1564
    1572 1572 1572 1572 1572 1572 1572 1564 1564 1564 1564 1564 1564
    1564 1557 1557 1557 1550 1550 1550 1550 1550 1550 1543 1543 1550
    1550 5132 0 1579 1579 1586 1586 1579 1579 1579 1572 1572 1572 1572
    1572 1572 1564 1564 1564 1572 1572 1572 1572 1572 1572 1572 1564
    1564 1564 1564 1564 1564 1557 1557 1557 1550 1550 1550 1550 1550
    1550 1550 1543 1543 1550 1550 5056 0 1586 1586 1586 1586 1579 1579
