<?xml version="1.0"?>
<opencv_storage>
<Depth8079 type_id="opencv-matrix">
  <rows>13</rows>
  <cols>30</cols>
  <dt>w</dt>
  <data>
    6622 4463 4463 4463 4463 4463 4463 4463 4463 4463 4463 4405 4405
    6622 6622 6497 6497 6497 6497 6497 6497 6497 6497 6497 6375 6375
    6375 6375 6375 6375 6622 4463 4463 4463 4463 4463 4463 4463 4463
    4463 4463 4405 4405 4463 4463 4463 4463 6497 6497 6497 6375 6375
    6497 6497 6375 6375 6375 6375 6259 6259 4463 4463 4463 4463 4463
    4463 4463 4463 4463 4463 4463 4463 4463 4463 4463 4463 4463 4405
    4405 6497 6375 6375 6497 6497 6375 6375 6375 6259 6146 6146 4463
    4463 4463 4463 4463 4463 4463 4463 4463 4463 4463 4463 4463 4463
    4463 4463 4463 4405 4405 4405 4349 4349 4295 4295 6259 6259 6259
    6146 6146 6146 4405 4463 4463 4463 4463 4463 4463 4463 4463 4463
    4463 4463 4463 4463 4463 4463 4463 4463 4405 4405 4349 4349 4295
    4295 6259 6259 6259 4522 4463 4463 4405 4463 4463 4463 4463 4463
    4463 4463 4463 4463 4463 4463 4463 4463 4463 4463 4463 4463 4405
    4405 4405 4405 4349 4349 4405 6375 4463 4463 4463 4463 4405 4463
    4463 4463 4463 4463 4463 4463 4463 4463 4463 4463 4463 4463 4463
    4463 4463 4463 4405 4405 4405 4405 4405 4349 4349 4349 4463 4463
    4405 4349 4405 4463 4463 4463 4463 4463 4463 4463 4463 4463 4463
    4463 4405 4405 4405 4405 4405 4463 4405 4405 4405 4405 4405 4295
    4295 4295 4405 4463 4405 4349 4463 4522 4522 4463 4463 4463 4463
    4463 4463 4463 4463 4463 4405 4405 4405 4405 4405 4463 4405 4405
    4405 4405 4405 4295 4295 4295 4405 4349 4349 4405 4463 4522 4522
    4522 4522 4522 4522 4522 4522 4522 4463 4463 4463 4463 4463 4405
    4405 4463 4405 4405 4405 4405 4405 4405 4295 4295 4295 4349 4349
    4405 4522 4582 4582 4582 4582 4582 4582 4582 4522 4522 4522 4522
    4522 4463 4463 4463 4463 4463 4405 4405 4405 4349 4349 4405 4295
    4295 4295 4349 4349 4405 6375 6375 6375 6375 4582 4582 4582 4582
    4522 4522 4522 4522 4582 4522 4522 4522 4463 4463 4463 4405 4405
    4349 4295 4241 4241 4295 4295 4349 4349 4405 6375 6375 6375 6375
    6375 6375 6497 6497 6497 4522 4522 4522 4582 4582 4582 4522 4522
    4463 4463 4463 4463 4522 4295 4241 4241 4295 4295 4349 4349 4405</data></Depth8079>
</opencv_storage>
