<?xml version="1.0"?>
<opencv_storage>
<Depth10843 type_id="opencv-matrix">
  <rows>9</rows>
  <cols>22</cols>
  <dt>w</dt>
  <data>
    0 0 0 0 3732 3732 3816 3816 3859 3816 3816 3774 3774 3732 3732 3732
    3692 3653 3653 3653 4463 4405 3816 3816 3816 3774 3732 3732 3774
    3816 3816 3816 3816 3774 3774 3732 3732 3732 3692 3653 3653 3653
    3692 3692 3816 3816 3816 3774 3774 3774 3732 3732 3774 3774 3774
    3774 3774 3732 3732 3732 3692 3692 3692 3692 3692 3692 3816 3816
    3859 3816 3774 3774 3732 3732 3774 3774 3774 3774 3774 3732 3732
    3732 3692 3692 3692 3692 3653 3653 3816 3816 3816 3859 3816 3816
    3774 3774 3732 3732 3732 3732 3732 3732 3732 3692 3692 3692 3692
    3692 3653 3653 3774 3816 3816 3816 3816 3816 3816 3732 3732 3732
    3732 3732 3732 3732 3732 3692 3692 3692 3692 3692 3692 3692 3774
    3774 3816 3816 3816 3816 3816 3732 3732 3732 3732 3732 3732 3732
    3732 3732 3732 3653 3653 3653 3653 3653 3774 3774 3774 3816 3816
    3816 3774 3732 3732 3692 3692 3692 3732 3732 3732 3732 3732 3653
    3653 3653 3653 3653 0 3774 3774 3816 3816 3816 3774 3732 3692 3692
    3692 3692 3692 3732 3732 3732 3732 3653 3614 3614 3653 3653</data></Depth10843>
</opencv_storage>
