<?xml version="1.0"?>
<opencv_storage>
<Depth4573 type_id="opencv-matrix">
  <rows>13</rows>
  <cols>24</cols>
  <dt>w</dt>
  <data>
    5460 5548 5548 5548 5548 5548 5548 5548 5548 5548 5640 4241 4241
    4241 5056 4190 4190 4139 4139 4139 4139 4139 4139 4139 5460 5548
    5548 5548 5548 5548 5548 5548 5548 5548 4241 4241 4241 4241 4241
    4190 4139 4139 4089 4089 4139 4139 4139 4041 5460 5548 5548 5640
    5734 5734 5933 4190 4190 4190 4190 4139 4139 4139 4190 4139 4139
    4139 4089 4089 4139 4139 4089 4041 5460 5548 5548 5640 5734 5734
    5734 4190 4190 4190 4190 4139 4089 4089 4190 4139 4139 4139 4089
    4089 4139 4139 4089 3994 5460 5460 4041 4041 4041 4190 4190 4190
    4190 4190 4190 4190 4089 4089 4139 4089 4089 4089 4089 4089 4139
    4089 4089 3994 4041 4041 4041 4041 4041 4041 4139 4139 4139 4139
    4139 4139 4089 4089 4089 4089 4089 4089 4089 4089 4139 4089 4089
    4089 4041 4041 4041 4041 4041 4041 4041 4089 4089 4139 4139 4089
    4089 4089 4089 4089 4041 4041 4041 4041 4089 4139 4089 4041 4041
    4041 4041 4041 4041 4041 4041 4089 4089 4089 4089 4089 4089 4041
    4041 4041 4041 3994 3994 4041 4089 4089 4089 4041 3994 3994 3994
    3994 4041 4041 4089 4089 4089 4089 4089 4089 4041 4041 4041 4041
    4041 3994 3994 4041 4089 4089 4041 4041 3994 3994 3994 3994 4041
    4041 4089 4089 4089 4089 4089 4041 4041 4041 4041 4089 4041 4041
    4089 4089 4089 4089 4041 4041 3994 3994 3994 3994 4041 4041 4041
    4041 4089 4089 4089 4041 4041 4041 4041 4089 4041 4041 0 0 0 0 0 0
    3994 3994 3994 3994 4041 4041 4041 4041 4089 0 0 0 0 0 0 0 0 0 0 0 0
    0 0 0 4041 4041 4041 4041 4041 4041 4041 4041 0 0 0 0 0 0 0 0 0 0 0
    0 0 0 0 0</data></Depth4573>
</opencv_storage>
