<?xml version="1.0"?>
<opencv_storage>
<Depth17391 type_id="opencv-matrix">
  <rows>110</rows>
  <cols>56</cols>
  <dt>w</dt>
  <data>
    3948 3994 3994 3948 1145 1138 1138 1138 1138 1149 1153 1153 1149
    1149 1153 1153 1153 1153 1153 1153 1169 1177 3653 3653 3653 3653
    3614 3614 3614 3614 3614 3614 3576 3576 3576 3539 3539 3539 3503
    3503 3468 3468 3503 3503 3468 3399 3399 3365 3365 3365 3365 3365
    3365 3365 3365 3365 1145 1145 3994 1149 1149 1141 1141 1141 1141
    1145 1153 1153 1149 1149 1149 1149 1145 1145 1153 1153 1169 1177 0 0
    0 0 0 0 3653 3653 3614 3614 3576 3576 3614 3539 3539 3503 984 984
    987 989 992 992 3539 3539 3539 3365 3365 3365 3365 3365 3365 3365
    3365 3365 1141 1138 1138 1145 1145 1141 1141 1134 1134 1141 1149
    1157 1149 1145 1145 1145 1145 1145 0 0 3692 3692 0 0 0 0 0 1041 1041
    1041 1038 1038 3614 3614 1047 1047 3576 3503 984 984 987 989 992 992
    995 995 989 989 3365 3365 3365 3365 3399 3365 3365 3365 1141 1138
    1138 1145 1145 1145 1141 1134 1134 1141 1149 1149 1149 1145 1145
    1145 1145 0 0 0 3692 3692 0 0 0 0 0 1041 1038 1031 1031 1038 1038
    1034 1028 1028 1028 992 989 989 989 989 992 995 995 989 989 989 3365
    3365 3365 3399 3399 3399 3365 3365 1149 1141 1134 1130 1123 1123
    1123 1087 1073 1073 1073 1077 1080 1080 1080 1022 1022 0 0 959 0 0 0
    0 0 0 1041 1041 1038 1025 1025 1028 1025 1025 1022 1022 1022 992 989
    989 989 989 992 992 992 989 989 989 989 989 3399 3399 3399 3365 3365
    3365 1149 1141 1130 1126 1119 1101 1094 1087 1067 1063 1063 1063
    1080 1080 1022 1022 1022 0 0 0 0 0 0 0 0 0 0 1016 1016 1016 1019
    1019 1022 1022 1019 1019 1022 989 987 987 987 987 987 989 989 989
    989 989 989 0 3399 3399 3399 3365 3365 3365 1145 1138 1130 1123 1115
    1101 1094 1087 1067 1063 1060 1060 1060 1022 1022 1022 1022 0 0 0 0
    0 0 0 0 954 951 951 954 1013 1013 1007 1007 1022 1019 973 973 975
    981 984 984 984 987 987 989 989 989 989 989 995 995 3333 0 3333 3333
    3365 1141 1138 1130 1123 1115 1108 1097 1087 1067 1060 1054 1047
    1034 1028 1022 1022 1025 0 0 0 0 0 0 959 951 951 951 951 954 956 956
    1007 964 964 967 967 970 973 978 981 981 981 981 984 987 989 989 989
    995 995 995 0 0 3333 3333 3365 1141 1138 1130 1126 1115 1108 1101
    1094 1067 1060 1050 1041 1031 1025 1022 1022 1010 1010 959 959 959
    959 956 956 951 951 954 954 954 956 956 964 964 964 967 967 970 973
    975 978 981 981 981 984 987 989 989 989 992 995 0 0 0 0 3365 3365
    1141 1138 1134 1126 1115 1108 1101 1097 1067 1060 1050 1041 1031
    1025 1022 1016 1004 1004 956 956 956 956 954 954 954 954 954 954 956
    956 956 962 964 964 964 967 970 973 975 978 981 981 981 984 984 989
    989 989 992 995 995 0 0 0 3365 3365 1141 1138 1134 1130 1119 1108
    1101 1087 1067 1060 1054 1047 1034 1028 1019 1013 1004 1004 956 956
    956 956 954 954 954 954 954 954 956 956 959 962 964 964 964 967 970
    973 975 978 981 981 981 984 984 989 989 989 992 995 0 0 0 0 3365
    3365 1145 1145 1141 1130 1119 1112 1101 1087 1067 1060 1060 1050
    1041 1016 1013 1010 1004 1004 956 956 956 954 954 954 954 954 954
    956 956 956 959 962 964 964 964 967 970 973 975 978 981 981 981 984
    984 989 989 992 992 995 995 0 0 3365 3365 3365 1145 1149 1141 1134
    1123 1115 1105 1087 1067 1063 1060 1050 1044 1016 1013 1007 1004 995
    956 956 951 951 951 951 951 954 954 956 956 956 959 962 964 964 964
    967 970 973 978 981 981 981 981 984 984 989 989 992 992 995 995 0 0
    0 3365 3365 1153 1149 1141 1134 1123 1115 1105 1090 1077 1063 1060
    1050 1044 1019 1013 1007 1004 992 987 981 951 951 951 951 951 954
    954 956 956 956 959 962 964 964 964 967 970 975 978 981 981 981 984
    984 987 989 989 992 992 995 995 0 0 0 3399 3399 1153 1145 1141 1138
    1126 1119 1108 1090 1080 1067 1060 1050 1044 1025 1016 1010 1001 992
    987 981 978 951 951 954 954 954 954 956 956 956 959 962 964 964 967
    967 973 975 978 978 981 981 984 987 987 989 989 992 995 995 995 0 0
    0 3433 3399 1161 1145 1141 1134 1130 1119 1101 1090 1080 1067 1060
    1054 1044 1025 1019 1010 1001 992 987 981 975 967 954 954 954 954
    954 956 956 959 959 962 964 964 967 967 973 975 978 978 981 981 987
    987 987 989 989 992 995 995 995 0 0 0 3433 3399 1161 1149 1141 1134
    1130 1119 1101 1090 1077 1070 1063 1054 1044 1028 1016 1010 1001 995
    989 981 975 967 956 954 954 954 956 956 956 959 959 962 964 967 967
    967 973 975 978 978 981 981 987 987 989 989 992 995 995 995 995 0 0
    0 3433 3399 1157 1149 1145 1134 1130 1119 1101 1090 1077 1070 1063
    1057 1047 1031 1016 1010 1004 995 989 984 975 967 959 954 954 954
    956 956 956 959 962 964 964 967 970 970 975 978 978 978 981 981 987
    987 989 989 992 995 995 995 995 0 0 0 3399 3399 1157 1153 1145 1134
    1130 1123 1101 1090 1077 1070 1063 1057 1047 1038 1016 1013 1004 995
    989 984 978 970 959 954 954 956 956 956 956 959 964 964 964 967 970
    970 975 978 978 981 981 981 987 987 989 989 992 995 995 995 1004 0 0
    0 3399 3399 1153 1153 1149 1138 1130 1123 1105 1094 1077 1070 1063
    1057 1050 1038 1016 1013 1004 995 989 984 978 973 959 956 956 956
    956 956 959 959 964 964 964 967 970 973 975 978 978 981 981 984 987
    987 989 992 992 995 995 995 1004 0 0 0 3365 3365 1153 1149 1149 1138
    1130 1123 1105 1094 1080 1070 1063 1060 1050 1038 1019 1013 1004 998
    989 987 981 975 959 956 956 956 956 959 962 962 964 964 964 967 970
    970 975 978 978 981 981 984 987 987 989 992 995 995 995 998 998 0 0
    0 3365 3365 1157 1149 1145 1134 1130 1123 1105 1097 1077 1073 1063
    1060 1054 1041 1019 1013 1007 998 992 987 981 975 962 956 956 956
    956 959 962 962 964 964 967 967 970 970 975 978 978 981 981 984 987
    987 989 992 995 995 995 998 0 0 0 0 3365 3365 1157 1149 1145 1134
    1130 1123 1115 1097 1077 1073 1063 1060 1054 1044 1019 1013 1007 998
    992 987 981 975 959 956 956 956 956 959 959 962 964 964 967 967 970
    970 975 978 978 981 981 984 987 989 989 992 995 995 995 998 0 0 0 0
    3365 3365 1157 1149 1145 1138 1130 1123 1115 1097 1080 1073 1067
    1060 1057 1047 1019 1013 1007 998 992 987 981 975 959 956 956 956
    956 959 959 962 964 964 967 967 970 970 975 978 981 981 984 984 987
    989 989 995 995 995 998 998 0 0 0 0 3365 3365 1161 1149 1149 1141
    1130 1123 1115 1097 1087 1077 1067 1063 1057 1050 1022 1016 1010
    1001 995 989 981 975 959 956 956 956 956 959 959 962 964 964 967 967
    970 970 975 978 981 981 984 984 987 989 992 995 995 998 998 1001 0 0
    0 0 3399 3399 1153 1149 1149 1141 1134 1126 1105 1101 1090 1077 1070
    1063 1057 1050 1025 1019 1013 1001 995 989 984 978 959 956 956 956
    956 959 959 962 964 964 967 970 970 970 975 978 981 981 984 984 987
    989 992 995 995 998 1001 1001 0 0 0 0 0 3399 1153 1149 1149 1145
    1138 1126 1105 1101 1094 1080 1070 1063 1054 1047 1028 1019 1013
    1004 995 989 984 978 959 956 956 956 956 959 959 962 964 967 970 970
    970 975 978 978 981 981 984 987 989 989 992 992 995 998 1001 1004 0
    0 0 0 0 3399 1153 1153 1153 1149 1141 1130 1119 1101 1097 1087 1070
    1063 1054 1047 1028 1022 1013 1007 995 989 984 981 962 959 956 956
    956 959 959 962 964 964 967 970 973 975 978 981 981 984 984 989 989
    989 992 992 998 998 1001 1004 0 0 0 0 0 3365 1161 1157 1153 1149
    1141 1130 1119 1101 1097 1084 1070 1063 1054 1041 1028 1022 1013
    1007 995 989 984 981 975 959 956 956 956 959 962 962 964 964 967 970
    973 973 978 981 981 984 984 989 989 989 992 992 995 995 1001 1004 0
    0 0 0 0 3365 1161 1161 1153 1149 1141 1134 1123 1105 1097 1084 1070
    1063 1054 1041 1025 1022 1013 1007 998 989 984 978 973 959 956 956
    959 959 964 964 964 967 967 970 973 973 978 981 981 987 987 989 989
    992 992 995 995 995 1001 1004 0 0 0 0 0 3365 0 1161 1157 1149 1141
    1134 1123 1105 1097 1084 1077 1067 1060 1060 1025 1022 1016 1010 998
    989 984 978 973 959 959 959 959 964 964 964 964 967 967 970 973 973
    978 981 981 987 987 989 989 992 992 995 995 998 1001 1004 0 0 0 0 0
