<?xml version="1.0"?>
<opencv_storage>
<Depth3706 type_id="opencv-matrix">
  <rows>67</rows>
  <cols>69</cols>
  <dt>w</dt>
  <data>
    1564 1564 1564 1564 1564 1564 1564 1564 1564 1572 1572 1572 1572
    1594 0 4983 4983 4983 4911 4911 4842 4842 4911 4911 4983 1616 1609
    1609 1616 1616 1624 1624 5132 5132 5132 5132 5132 4911 4842 4842
    4774 4774 4708 4708 4645 4645 4645 4645 4645 4645 4645 4645 4645
    4645 4708 4774 4911 4911 4911 4911 4842 4842 4842 4911 4911 4911
    4911 4911 4842 1564 1564 1564 1564 1564 1564 1564 1564 1564 1572
    1572 1594 1594 1594 1594 4983 4983 4911 4911 4911 4842 4842 1632
    1624 1616 1616 1616 1616 1616 1616 1624 1624 1624 5132 5132 5132
    5210 5210 5210 5132 5056 4842 4774 4708 4708 4708 4708 4708 4645
    4645 4645 4645 4645 4645 4708 4911 4911 4911 4983 4983 5056 5056
    4911 4911 4983 4983 4983 4983 4911 1557 1564 1564 1564 1564 1564
    1564 1564 1564 1572 1594 1586 1586 1594 1594 4842 4842 4842 4842
    4842 4842 1624 1624 1616 1609 1609 1609 1616 1616 1624 1624 1624
    1624 1624 5210 5210 5210 5210 5210 5210 5132 5132 5132 5132 5132
    5132 5056 4911 4774 4708 4708 4708 4708 4708 4774 4983 4983 4983
    5056 5056 5056 4911 4911 4983 5132 5056 4983 4983 4911 1557 1557
    1557 1564 1564 1572 1572 1572 1616 1594 1594 1586 1586 1594 1594 0
    4842 4842 4842 4842 4911 1609 1609 1609 1609 1609 1609 1616 1616
    1616 1624 1624 1624 1624 1624 5210 5210 5210 5210 5210 5210 5210
    5210 5132 5132 5132 5132 5056 4983 4983 4911 4911 4983 5056 4983
    4983 5056 5056 5056 5056 5056 4911 4911 4911 4911 5056 4983 4983
    4911 1564 1557 1557 1564 1572 1572 1579 1594 1616 1609 1601 1594
    1594 1594 0 1594 4911 4911 4911 1601 1601 1609 1609 1609 1609 1609
    1609 1616 1616 1616 1624 1624 1624 1624 1639 1639 5210 5210 5210
    5210 5210 5210 5210 5210 5210 5210 5210 5132 5132 5132 5132 5132
    5132 5132 5132 5132 5132 5132 5056 5056 5056 4983 4983 4911 4911
    4911 4983 4983 4983 1564 1564 1564 1564 1572 1594 1601 1616 1632
    1639 1671 1671 1671 0 1609 0 1601 1594 1594 1594 1601 1601 1601 1609
    1609 1609 1609 1616 1616 1616 1624 1624 1624 1624 1632 1632 1632
    5210 5210 5210 5210 5210 5210 5210 5210 5210 5210 5210 5210 5210
    5132 5132 5132 5132 5132 5132 5132 5132 5056 5056 5056 5056 5056
    4911 4911 4911 4911 4983 4983 1557 1557 1564 1572 1594 1601 1616
    1624 1639 1655 1671 1671 0 0 1609 1609 1601 1601 1594 1594 1601 1601
    1601 1609 1609 1609 1616 1616 1616 1616 1616 1616 1624 1624 1632
    1632 1632 5210 5210 5210 5210 5210 5210 5210 5210 5210 5210 5210
    5210 5210 5132 5132 5210 5132 5132 5132 5132 5132 5132 5132 5056
    5056 5056 5056 5056 5056 5056 5056 4983 1557 1557 1564 1572 1616
    1624 1624 1624 0 1696 1696 0 0 0 1624 1609 1601 1601 1601 1601 1601
    1601 1601 1609 1609 1616 1616 1616 1616 1616 1616 1616 1624 1624
    1624 1632 1632 1632 5210 5210 5210 5210 5210 5210 5210 5210 5210
    5210 5210 5210 5210 5210 5210 5132 5132 5132 5132 5132 5132 5132
    5132 5056 5056 5056 5056 5056 4983 4983 4983 1564 1564 1572 1586
    1624 1624 1624 0 0 0 0 0 0 1616 1616 1609 1601 1601 1601 1601 1601
    1601 1601 1609 1609 1616 1616 1616 1616 1616 1616 1616 1624 1624
    1624 1624 1624 1624 1624 1624 5210 5210 5210 5210 5210 5210 5210
    5210 5210 5210 5210 5210 5210 5210 5132 5132 5132 5132 5132 5132
    5132 5132 5132 5056 5056 4983 4983 4983 4983 1564 1564 1572 1594 0 0
    0 0 0 0 0 0 0 1609 1609 1609 1594 1594 1594 1601 1601 1601 1601 1609
    1609 1609 1609 1609 1616 1616 1616 1616 1624 1624 1624 1624 1624
    1624 1624 1624 1624 5210 5210 5210 5210 5210 5210 5210 5210 5210
    5210 5210 5210 5132 5132 5210 5132 5132 5132 5132 5132 5132 5132
    5056 5056 4983 4983 4983 4983 1572 1579 1594 0 0 0 0 0 0 0 0 0 0
    1601 1601 1601 1594 1594 1594 1594 1601 1601 1601 1601 1609 1609
    1609 1609 1609 1624 1616 1616 1616 1624 1624 1624 1624 1624 1624
    1624 1624 1624 5210 5210 5210 5210 5210 5210 5210 5210 5210 5210
    5210 5132 5132 5210 5132 5132 5132 5132 5132 5132 5132 5132 5056
    5056 4983 4983 4983 1586 0 0 0 0 0 0 0 0 0 0 0 0 1601 1594 1594 1594
    1594 1594 1594 1594 1601 1601 1601 1601 1609 1609 1609 1609 1609
    1609 1609 1609 1616 1624 1624 1624 1624 1624 1624 1624 1632 1632
    5291 5291 5210 5210 5210 5210 5210 5210 5210 5210 5210 5210 5210
    5210 5132 5132 5132 5132 5132 5132 5132 5132 5056 5056 5056 5056 0 0
    0 0 0 0 0 0 0 1564 1564 1572 1572 1586 1586 1586 1586 1594 1594 1594
    1594 1601 1601 1601 1601 1601 1601 1601 1609 1601 1601 1609 1609
    1616 1616 1624 1624 1624 1632 1632 1632 1632 1632 1632 5291 5210
    5210 5291 5291 5291 5210 5210 5210 5210 5210 5210 5210 5132 5132
    5132 5132 5132 5132 5132 5132 5132 5056 5056 5056 0 0 0 0 0 0 0 0
    1529 1529 1564 1572 1572 1579 1579 1586 1586 1586 1594 1594 1594
    1594 1594 1601 1601 1601 1601 1601 1609 1601 1601 1601 1601 1609
    1616 1624 1624 1624 1632 1632 1632 1632 1632 1624 1624 5548 5374
    5291 5291 5291 5210 5210 5210 5210 5210 5210 5210 5132 5132 5132
    5210 5132 5132 5132 5132 5132 5132 5056 5056 0 0 0 0 0 0 0 0 1529
    1529 1572 1572 1572 1572 1579 1586 1586 1586 1594 1594 1594 1594
    1594 1594 1601 1601 1609 1609 1609 1601 1601 1601 1601 1609 1616
    1624 1624 1624 1632 1632 1632 1632 1632 1624 1624 1624 5291 5291
    5291 5210 5210 5210 5210 5210 5210 5210 5210 5210 5210 5210 5210
    5210 5132 5132 5132 5132 5132 5056 5056 4190 0 0 0 0 0 1564 1564
    1564 1572 1572 1572 1572 1572 1572 1586 1586 1586 1594 1594 1594
    1594 1594 1594 1601 1601 1609 1609 1609 1601 1601 1609 1609 1624
    1624 1624 1624 1624 1624 1632 1632 1632 1632 1632 1624 1624 1624
    5210 5210 5210 5210 5210 5210 5210 5210 5210 5210 5210 5210 5210
    5210 5210 5132 5132 5132 5132 5132 5056 5056 4190 4041 4041 0 0 0
    1564 1564 1564 1564 1572 1572 1572 1572 1572 1586 1586 1586 1594
    1594 1594 1594 1594 1594 1601 1601 1601 1609 1609 1609 1609 1616
    1616 1616 1616 1624 1624 1624 1624 1624 1624 1632 1632 1632 1624
    1624 1639 1639 5210 5210 5210 5210 5210 5210 5291 5210 5210 5210
    5210 5210 5210 5210 5132 5132 5132 5132 5132 5056 5056 4190 4041
    4041 0 0 1572 1564 1564 1564 1564 1572 1572 1572 1572 1579 1579 1579
    1586 1594 1594 1594 1594 1594 1594 1594 1594 1601 1601 1609 1609
    1609 1616 1616 1616 1616 1624 1624 1624 1624 1624 1624 1632 1632
    1632 1632 1632 1639 1639 1639 5132 5132 5132 5132 5210 5210 5210
    5210 5210 5210 5291 5210 5210 5132 5132 5132 5132 5132 5056 5056
    4190 4190 1564 1564 0 1564 1564 1564 1564 1572 1572 1572 1572 1572
    1579 1579 1579 1586 1594 1594 1594 1594 1594 1594 1594 1594 1601
    1601 1601 1601 1601 1609 1609 1609 1616 1616 1624 1624 1624 1624
    1624 1632 1632 1632 1632 1632 1639 1632 1632 1632 5132 5056 5056
    5132 5210 5210 5210 5210 5210 5291 5291 5210 5210 5210 5132 5132
    5132 5132 5132 4190 1564 1564 1564 1564 1564 1564 1557 1557 1572
    1572 1572 1572 1572 1572 1579 1579 1594 1594 1594 1594 1594 1594
    1594 1594 1594 1601 1601 1601 1601 1601 1601 1601 1609 1616 1616
    1624 1624 1624 1624 1624 1624 1632 1632 1632 1632 1639 1632 1632
    1632 5056 5056 5056 5132 5210 5210 5210 5210 5291 5291 5291 5210
    5210 5210 5210 5132 5132 5132 5132 4190 1564 1564 1564 1564 1564
    1564 1557 1557 1564 1572 1572 1572 1572 1572 1572 1572 1586 1594
    1594 1594 1594 1594 1594 1594 1594 1601 1601 1601 1601 1601 1601
    1601 1609 1616 1616 1616 1616 1616 1624 1624 1624 1624 1632 1632
    1632 1639 1632 1632 1632 1632 1632 5132 5132 5210 5210 5210 5210
    5210 5210 5210 5210 5210 5210 5210 5132 5132 5132 5132 1550 1557
    1557 1557 1564 1557 1557 1564 1564 1564 1572 1572 1572 1572 1572
    1572 1572 1586 1586 1586 1594 1594 1594 1594 1594 1594 1601 1601
    1601 1601 1601 1601 1601 1609 1616 1616 1616 1616 1616 1616 1616
    1624 1624 1632 1632 1632 1632 1632 1632 1632 1632 1632 1632 5210
    5210 5210 5210 5210 5210 5210 5210 5210 5210 5210 5210 5132 5132
    5132 5132 1550 1550 1550 1557 1557 1557 1557 1564 1564 1564 1572
