<?xml version="1.0"?>
<opencv_storage>
<Depth4376 type_id="opencv-matrix">
  <rows>10</rows>
  <cols>23</cols>
  <dt>w</dt>
  <data>
    5460 5548 5548 5640 5734 5734 5734 4522 4463 4463 4463 4522 4645
    4645 4582 4582 4522 4463 4463 4405 4405 4349 4349 5374 5374 5548
    5640 5640 4582 4582 4463 4463 4463 4463 4522 4582 4582 4522 4522
    4522 4463 4463 4463 4463 4463 4463 4983 4842 4774 4708 4645 4582
    4582 4463 4463 4463 4522 4582 4582 4582 4522 4522 4522 4522 4522
    4463 4463 4463 4522 4774 4774 4708 4708 4645 4645 4582 4522 4522
    4522 4522 4522 4522 4582 4582 4582 4582 4582 4522 4463 4405 4405
    4463 4582 4708 4708 4708 4708 4645 4645 4582 4522 4522 4522 4522
    4522 4522 4582 4645 4645 4582 4522 4463 4405 4405 4463 4582 4708
    4708 4708 4708 4708 4645 4582 4582 4522 4522 4522 4522 4522 4582
    4645 4645 4582 4522 4463 4349 4349 4349 4708 4708 4708 4708 4708
    4708 4645 4582 4582 4582 4522 4522 4522 4582 4645 4582 4582 4522
    4522 4463 4295 4295 4295 0 0 4708 4708 4645 4645 4645 4582 4582 4582
    4582 4582 4522 4522 4645 4522 4522 4522 4522 4522 4295 4295 4295 0 0
    4708 4645 4582 4582 4582 4774 4774 4774 4708 4645 4522 4522 4522
    4522 4522 4522 4522 0 0 0 4295 0 0 0 4645 4582 4582 4582 4582 0 4708
    4708 4708 4708 0 0 0 0 0 0 0 0 0 0</data></Depth4376>
</opencv_storage>
