<?xml version="1.0"?>
<opencv_storage>
<Depth8005 type_id="opencv-matrix">
  <rows>24</rows>
  <cols>16</cols>
  <dt>w</dt>
  <data>
    4463 4405 4405 4405 4405 4463 4463 4463 4463 4463 4463 4463 4463
    4463 4522 7030 4522 4463 4463 4405 4405 4463 4463 4463 4463 4463
    4463 4463 4463 4463 4463 4522 4463 4463 4463 4463 4463 4463 4405
    4405 4463 4463 4463 4405 4405 4463 4463 4463 4463 4405 4405 4463
    4463 4463 4405 4405 4463 4463 4463 4405 4405 4405 4405 4463 4463
    4405 4405 4463 4463 4463 4463 4463 4463 4463 4463 4405 4405 4405
    4405 4405 4463 4405 4405 4463 4463 4463 4463 4463 4463 4463 4463
    4463 4463 4405 4405 4405 4405 4405 4405 4463 4463 4405 4405 4405
    4405 4463 4463 4463 4463 4405 4405 4463 4405 4463 4463 4463 4463
    4405 4405 4405 4405 4463 4463 4463 4463 4463 4463 4463 4463 4463
    4463 4463 4463 4405 4405 4405 4405 4463 4463 4405 4405 4405 4405
    4463 4463 4463 4463 4463 4463 4405 4405 4463 4405 4405 4405 4405
    4405 4405 4405 4405 4463 4463 4463 4463 4463 4463 4405 4405 4405
    4405 4405 4405 4405 4405 4405 4405 4522 4463 4463 4463 4463 4463
    4405 4405 4405 4405 4463 4463 4463 4405 4405 4405 4522 4463 4463
    4463 4463 4463 4463 4463 4463 4463 4463 4463 4463 4463 4463 4463
    4522 4463 4463 4463 4463 4463 4463 4463 4463 4463 4463 4463 4463
    4463 4463 4463 4582 4463 4463 4463 4463 4463 4463 4463 4463 4463
    4463 4463 4463 4463 4463 4463 4582 4463 4463 4463 4463 4463 4463
    4463 4463 4463 4463 4463 4463 4463 4405 4405 4582 4522 4463 4463
    4463 4463 4463 4463 4463 4463 4463 4463 4463 4463 4405 4405 4522
    4463 4463 4463 4463 4463 4463 4463 4463 4463 4463 4463 4463 4463
    4463 4463 4463 4463 4463 4463 4463 4463 4463 4463 4463 4463 4463
    4463 4463 4463 4405 4405 4463 4463 4463 4463 4463 4463 4463 4522
    4463 4463 4463 4463 4463 4463 4405 4405 4405 4405 4463 4463 4463
    4463 4522 4522 4522 4463 4463 4463 4463 4463 4463 4463 4405 4405
    4463 4463 4463 4522 4522 4522 4522 4522 4463 4463 4463 4463 4463
    4463 4405 4405 4405 4463 4522 4522 4522 4522 4463 4463 4463 4463
    4463 7178 7178 7178 4405 4405 4405 6889 6889 6889 6889 6889 4349
    4349 4349 4405 7178 7178 7030 7030</data></Depth8005>
</opencv_storage>
