<?xml version="1.0"?>
<opencv_storage>
<Depth9921 type_id="opencv-matrix">
  <rows>40</rows>
  <cols>85</cols>
  <dt>w</dt>
  <data>
    3433 3433 3433 3433 3399 1713 1705 1705 1705 1696 1696 1713 1705
    1705 1696 1696 3333 3333 3333 3333 3333 3333 3300 3300 3300 3300
    3300 3269 3269 3269 3269 3269 3269 3238 3238 3238 3269 3238 3238
    3208 3208 3208 3208 3208 3178 3178 3178 3178 3178 3208 3208 3178
    3178 3178 3178 3178 3178 3149 3149 3149 3120 3120 3120 3120 3120
    3120 3120 3092 3092 3092 3092 3092 3092 3092 3064 3064 3064 3010
    2984 2958 2958 2958 2958 2958 2984 3433 3433 3433 3433 1705 1705
    1696 1696 1696 1688 1688 1696 1688 1688 1688 1688 1688 1688 1688
    1688 1688 1688 1688 1688 1680 1680 3269 3269 3269 3300 3300 3300
    3300 3269 3269 3269 3269 3269 3238 3208 3208 3208 3208 3208 3208
    3178 3178 3178 3178 3208 3208 3208 3178 3178 3178 3178 3178 3149
    3149 3149 3120 3120 3120 3120 3120 3120 3120 3120 3120 3092 3092
    3092 3092 3092 3092 3064 3037 3010 2984 2958 2958 2958 2958 2958
    2984 3433 3433 3433 1705 1705 1696 1671 1671 1680 1680 1680 1680
    1680 1680 1680 1680 1680 1680 1680 1680 1688 1688 1688 1688 1680
    1680 1680 3269 3269 1663 1663 1663 1680 3269 3269 3269 3238 3238
    3238 3238 3238 3238 3269 3238 3208 3208 3178 3178 3178 3208 3208
    3208 3208 3208 3178 3178 3178 3178 3178 3149 3149 3120 3120 3120
    3120 3120 3120 3120 3120 3092 3092 3092 3092 3092 3092 3064 3037
    3010 2984 2958 2958 2958 2958 2984 2984 3468 3433 3433 1705 1696
    1680 1671 1671 1671 1663 1663 1671 1671 1671 1671 1671 1671 1671
    1663 1663 1671 1671 1680 1680 1663 1663 1663 1663 1671 1663 1663
    1663 1663 1671 1680 1680 1671 1671 3269 3269 3269 3269 3269 3238
    3208 3208 3178 3178 3178 3208 3208 3208 3208 3208 3178 3178 3178
    3178 3178 3178 3149 3149 3149 3120 3120 3149 3120 3120 3092 3092
    3092 3092 3092 3092 3092 3064 3037 3010 2984 2984 2984 2984 2984
    2984 2984 3468 3433 3433 1705 1671 1639 1639 1639 1647 1647 1647
    1655 1655 1655 1655 1647 1647 1639 1639 1639 1655 1655 1647 1647
    1655 1655 1655 1655 1663 1655 1655 1655 1655 1655 1655 1663 1655
    1655 1655 1655 1655 1647 1647 1647 1647 1647 1647 3178 3178 3208
    3208 3208 3208 3208 3208 3178 3178 3178 3178 3178 3178 3178 3178
    3149 3149 3149 3120 3120 3092 3092 3092 3092 3092 3092 3092 3064
    3037 3010 3010 2984 2984 2984 2984 2984 3010 3503 3503 3503 1680
    1639 1632 1624 1624 1632 1639 1639 1639 1632 1632 1639 1639 1632
    1624 1624 1632 1639 1647 1647 1647 1639 1639 1647 1647 1655 1647
    1647 1647 1647 1647 1647 1647 1647 1647 1647 1647 1655 1647 1647
    1639 1639 1639 1647 1655 1655 1655 3238 3238 3208 3208 1647 1639
    1639 3178 3178 3178 3178 3178 3178 3149 3149 3120 3120 3120 3092
    3092 3092 3092 3120 3120 3092 3064 3037 3010 3010 3010 2984 2984
    2984 2984 3010 3468 3468 3468 1639 1624 1616 1616 1616 1616 1624
    1616 1616 1616 1616 1624 1624 1624 1616 1616 1616 1624 1624 1624
    1624 1624 1624 1624 1624 1624 1632 1632 1632 1632 1632 1639 1639
    1639 1639 1639 1647 1647 1639 1632 1632 1632 1632 1639 1647 1647
    1632 1632 1632 1632 1632 1639 1632 1632 1632 3178 3178 3178 3149
    3149 3120 3120 3120 3120 3120 3092 3092 3120 3120 3120 3092 3092
    3092 3064 3010 3010 3010 3010 3010 3010 3010 3010 3468 3468 3468
    1639 1616 1609 1609 1609 1609 1601 1601 1601 1601 1601 1601 1609
    1609 1609 1601 1601 1601 1609 1616 1616 1616 1609 1609 1616 1616
    1616 1616 1624 1624 1624 1624 1624 1624 1624 1624 1624 1624 1624
    1624 1624 1624 1624 1624 1632 1632 1632 1624 1624 1624 1624 1632
    1632 1632 1624 1624 1632 3178 3149 3120 3120 3120 3120 3120 3120
    3120 3120 3120 3120 3120 3092 3092 3064 3037 3010 3010 3010 3010
    3010 3010 3010 3010 3468 3468 3468 1601 1601 1601 1601 1594 1579
    1579 1579 1586 1594 1594 1594 1594 1594 1594 1594 1594 1594 1594
    1601 1601 1601 1601 1594 1594 1594 1601 1609 1601 1601 1609 1609
    1609 1601 1601 1601 1594 1594 1601 1609 1609 1609 1609 1616 1616
    1624 1624 1616 1616 1616 1624 1624 1632 1624 1624 1624 1624 1624
    1624 3120 3120 3120 3120 3120 3120 3120 3149 3120 3120 3120 3092
    3064 3037 3037 3010 3010 3010 3010 3010 3010 3010 3037 3433 3433
    1523 1601 1601 1594 1586 1579 1579 1572 1572 1579 1579 1586 1586
    1586 1579 1579 1579 1579 1579 1579 1579 1579 1579 1586 1586 1586
    1579 1579 1586 1586 1586 1586 1594 1594 1594 1594 1586 1586 1586
    1586 1594 1594 1594 1594 1601 1609 1616 1609 1609 1601 1601 1601
    1601 1609 1609 1609 1609 1601 1601 1609 1609 3120 3120 3120 3120
    3149 3149 3149 3120 3120 3092 3092 3037 3010 3010 3037 3010 3010
    3010 3010 3010 3037 3064 3433 3433 1523 1523 1543 1536 1536 1543
    1543 1550 1557 1564 1564 1564 1564 1564 1564 1564 1564 1564 1564
    1564 1564 1564 1564 1564 1564 1564 1564 1564 1564 1564 1564 1564
    1579 1579 1579 1579 1579 1572 1564 1564 1572 1572 1579 1586 1586
    1594 1601 1601 1601 1594 1594 1594 1594 1594 1594 1586 1586 1579
    1572 1572 1572 3149 3149 3149 3149 3149 3149 3149 3120 3120 3092
    3092 3037 3010 3010 3037 3010 3010 3010 3010 3010 3092 3092 3433
    1536 1523 1523 1536 1536 1529 1529 1536 1536 1536 1543 1550 1550
    1557 1557 1557 1557 1550 1550 1550 1550 1550 1557 1557 1557 1557
    1564 1564 1557 1557 1550 1550 1550 1550 1557 1564 1564 1564 1564
    1557 1557 1557 1557 1557 1557 1557 1564 1564 1572 1579 1579 1579
    1572 1572 1572 1579 1572 1572 1572 1564 1557 1557 3238 3178 3149
    3149 3149 3149 3120 3120 3120 3092 3064 3010 3010 1572 1572 1564
    1550 1550 1550 3010 3120 3092 1529 1529 1536 1536 1536 1536 1529
    1529 1529 1529 1529 1536 1536 1536 1536 1536 1543 1543 1536 1536
    1536 1543 1543 1543 1543 1543 1543 1543 1550 1550 1550 1543 1543
    1543 1543 1543 1543 1543 1543 1543 1550 1550 1550 1543 1543 1543
    1543 1550 1550 1557 1564 1564 1564 1564 1557 1557 1572 1564 1564
    1557 1557 1557 1557 1557 3178 3178 3178 3149 3149 3120 3120 3120
    3092 3064 1572 1572 1564 1564 1557 1550 1550 1543 1543 3120 3120
    1529 1529 1536 1536 1536 1529 1529 1529 1529 1529 1529 1536 1529
    1529 1529 1529 1529 1529 1529 1529 1529 1529 1529 1529 1529 1523
    1523 1529 1536 1536 1529 1529 1529 1536 1529 1529 1529 1529 1529
    1529 1536 1536 1536 1536 1536 1529 1529 1536 1536 1543 1550 1543
    1543 1543 1543 1543 1543 1550 1550 1543 1543 1543 1543 1550 3208
    3208 3178 3149 3149 3120 3120 3120 3120 3092 1564 1564 1557 1557
    1550 1550 1550 1543 1543 1543 3120 1543 1543 1550 1536 1529 1529
    1529 1529 1529 1529 1529 1536 1529 1523 1523 1523 1523 1523 1523
    1523 1523 1523 1509 1509 1509 1509 1509 1529 1529 1523 1523 1523
    1516 1516 1523 1516 1516 1516 1516 1516 1516 1516 1523 1529 1529
    1523 1523 1529 1529 1536 1536 1536 1536 1536 1536 1536 1536 1543
    1536 1536 1536 1543 1543 1543 1543 1536 1536 3178 3149 3149 3149
    3149 3120 3120 1564 1564 1557 1543 1543 1543 1536 1529 1523 1523
    1529 1557 1550 1543 1536 1529 1529 1529 1529 1529 1529 1529 1536
    1529 1523 1523 1523 1523 1523 1516 1516 1516 1509 1509 1509 1509
    1509 1509 1503 1503 1503 1496 1496 1509 1509 1509 1509 1509 1509
    1509 1509 1509 1509 1509 1509 1509 1509 1509 1516 1516 1523 1523
    1516 1516 1523 1523 1523 1523 1523 1516 1516 1516 1516 1516 1529
    1516 1516 1523 1529 1564 1550 1543 1543 1543 1557 1564 1564 1550
    1536 1529 1523 1516 1509 1509 1516 1516 1557 1550 1543 1536 1529
    1529 1529 1529 1529 1529 1529 1536 1529 1523 1523 1523 1523 1523
    1516 1516 1516 1509 1509 1509 1509 1509 1509 1503 1503 1503 1496
    1496 1496 1496 1496 1496 1496 1503 1503 1503 1503 1503 1503 1503
    1503 1503 1503 1509 1509 1509 1509 1509 1503 1503 1503 1503 1503
    1509 1509 1503 1496 1496 1503 1503 1509 1516 1516 1529 1564 1550
    1543 1543 1543 1557 1557 1557 1550 1536 1523 1516 1509 1496 1496
    1503 1503 1557 1550 1550 1543 1536 1529 1529 1529 1529 1529 1529
    1536 1529 1523 1523 1523 1523 1523 1523 1523 1516 1509 1509 1509
    1509 1509 1503 1503 1503 1503 1496 1496 1496 1496 1496 1489 1489
