<?xml version="1.0"?>
<opencv_storage>
<Depth5496 type_id="opencv-matrix">
  <rows>63</rows>
  <cols>32</cols>
  <dt>w</dt>
  <data>
    5210 5132 5132 5210 5291 5291 1572 1564 1564 1564 1564 1564 1564
    1557 1550 1550 1557 1543 1543 1543 1543 1543 1543 1543 1543 5374
    5374 5374 5460 5460 5374 5374 5132 5132 5132 5132 1572 1572 1564
    1564 1557 1557 1557 1557 1557 1550 1550 1550 1550 1543 1543 1543
    1536 1536 1543 1543 1543 5460 5460 5460 5460 5460 5374 5374 5132
    5132 5132 1572 1572 1564 1564 1564 1557 1557 1557 1550 1543 1543
    1543 1543 1543 1543 1543 1543 1536 1536 1543 1543 1579 1579 5460
    5460 5460 5460 5374 5374 5210 5210 5210 1564 1564 1564 1564 1557
    1557 1550 1550 1543 1543 1543 1543 1543 1543 1543 1543 1543 1536
    1536 1543 1543 1572 1586 1586 5460 5460 5460 5374 5374 5210 5210 0
    1564 1564 1564 1557 1557 1557 1550 1550 1543 1543 1543 1543 1543
    1536 1536 1536 1536 1536 1536 1543 1543 1564 1586 1586 5374 5374
    5374 5374 5374 5132 5132 0 1564 1564 1557 1557 1557 1557 1557 1557
    1543 1543 1543 1543 1536 1536 1536 1536 1536 1536 1536 1536 1543
    1557 1586 1609 1609 5374 5210 5210 5291 5210 0 1572 1564 1564 1557
    1557 1557 1550 1550 1550 1543 1543 1543 1536 1536 1536 1536 1536
    1529 1529 1536 1536 1543 1543 1594 1609 1632 1632 5210 5210 5210
    5210 0 1572 1572 1564 1564 1557 1557 1550 1550 1550 1543 1543 1543
    1536 1536 1536 1536 1536 1529 1529 1529 1536 1543 1543 1594 1609
    1632 1663 1663 5291 5210 5132 0 1572 1572 1543 1543 1543 1543 1550
    1550 1543 1543 1543 1543 1536 1536 1536 1529 1529 1529 1529 1529
    1536 1543 1550 1594 1616 1632 1655 1680 1680 5210 0 0 0 1572 1543
    1543 1543 1543 1543 1543 1536 1536 1536 1536 1536 1536 1536 1529
    1529 1523 1523 1529 1529 1543 1550 1594 1616 1632 1639 1680 1696
    1696 0 0 0 1543 1543 1543 1543 1543 1543 1536 1536 1536 1536 1536
    1536 1536 1529 1529 1529 1523 1523 1529 1529 1543 1557 1586 1616
    1624 1632 1688 1696 1713 0 0 0 1543 1543 1543 1543 1543 1543 1536
    1536 1536 1536 1536 1529 1529 1529 1529 1529 1523 1523 1523 1529
    1543 1557 1579 1609 1624 1632 1688 1705 1713 5132 0 1543 1543 1543
    1543 1543 1543 1543 1536 1536 1536 1536 1529 1529 1529 1529 1529
    1529 1523 1523 1523 1529 1543 1557 1579 1601 1624 1632 1688 1713
    1713 5132 0 1543 1543 1543 1543 1543 1543 1536 1536 1536 1536 1536
    1529 1529 1529 1529 1529 1529 1523 1523 1529 1536 1543 1564 1579
    1601 1624 1639 1696 1705 1705 5132 0 1550 1550 1543 1543 1543 1536
    1536 1529 1529 1536 1536 1529 1529 1529 1529 1529 1529 1523 1523
    1529 1536 1543 1564 1579 1601 1632 1680 1705 1705 1705 5132 5132
    1550 1550 1550 1543 1543 1536 1536 1529 1529 1536 1536 1529 1529
    1523 1523 1523 1516 1516 1516 1523 1536 1543 1564 1579 1616 1632
    1655 1705 1705 1705 5132 5132 5132 1550 1550 1543 1543 1536 1536
    1529 1529 1529 1536 1529 1529 1523 1523 1516 1516 1516 1516 1516
    1529 1543 1564 1579 1616 1632 1655 1705 1705 1713 5132 5132 0 1543
    1543 1543 1536 1536 1536 1529 1529 1529 1529 1529 1523 1523 1516
    1516 1516 1516 1516 1516 1523 1536 1564 1579 1616 1632 1639 1705
    1705 1722 5056 5132 5132 1536 1536 1536 1536 1536 1536 1529 1529
    1523 1523 1523 1523 1523 1516 1516 1516 1516 1516 1516 1523 1536
    1564 1586 1616 1632 1639 1696 1696 1722 5056 5056 1536 1536 1536
    1536 1536 1536 1536 1523 1516 1516 1523 1516 1516 1516 1516 1516
    1516 1516 1516 1516 1516 1536 1564 1579 1616 1632 1655 1688 1696
    1696 5056 1536 1536 1536 1536 1536 1536 1536 1529 1516 1516 1516
    1523 1516 1516 1516 1516 1516 1516 1509 1509 1516 1516 1523 1550
    1579 1616 1632 1655 1688 1705 1705 5210 1523 1536 1536 1536 1529
    1529 1536 1529 1516 1516 1516 1516 1516 1516 1516 1516 1516 1516
    1509 1509 1516 1516 1523 1550 1594 1624 1632 1655 1680 1705 1705
    5210 1523 1523 1523 1529 1529 1529 1529 1523 1516 1516 1516 1516
    1516 1516 1516 1516 1516 1509 1509 1509 1509 1516 1523 1550 1594
    1616 1632 1655 1680 1696 1696 5132 1523 1523 1523 1523 1529 1529
    1529 1523 1516 1516 1516 1516 1516 1509 1509 1509 1509 1509 1509
    1509 1509 1516 1516 1557 1594 1616 1632 1655 1680 1696 1696 5132 0
    1516 1516 1523 1529 1523 1523 1523 1516 1516 1516 1516 1509 1509
    1509 1509 1509 1509 1509 1509 1509 1516 1516 1557 1579 1601 1624
    1647 1688 1696 1696 5056 0 1516 1516 1523 1523 1523 1516 1516 1523
    1516 1516 1516 1509 1509 1509 1509 1509 1509 1509 1509 1509 1516
    1523 1557 1579 1601 1624 1647 1680 1696 1696 0 1523 1523 1523 1523
    1523 1516 1516 1516 1509 1509 1516 1509 1509 1509 1509 1509 1509
    1509 1509 1509 1509 1516 1529 1550 1572 1601 1624 1647 1671 1696
    1696 0 1516 1523 1523 1523 1523 1516 1516 1516 1509 1509 1509 1509
    1509 1509 1509 1509 1509 1503 1503 1503 1509 1516 1529 1550 1572
    1601 1624 1639 1671 1696 1696 0 1516 1516 1516 1523 1516 1516 1516
    1516 1509 1509 1509 1509 1509 1509 1509 1509 1503 1503 1503 1503
    1509 1516 1529 1550 1572 1586 1624 1639 1671 1688 1688 0 0 1516 1516
    1516 1516 1516 1516 1516 1509 1509 1509 1509 1509 1509 1509 1503
    1503 1503 1503 1503 1509 1516 1529 1550 1572 1586 1616 1639 1671
    1688 1713 0 0 1516 1516 1516 1516 1516 1509 1509 1509 1509 1509 1509
    1509 1509 1503 1496 1496 1496 1496 1503 1509 1509 1529 1543 1572
    1594 1616 1639 1680 1688 1696 0 0 1516 1516 1516 1516 1516 1509 1509
    1509 1509 1509 1509 1503 1503 1503 1496 1496 1496 1496 1496 1503
    1509 1529 1543 1572 1594 1616 1647 1680 1688 1696 0 0 1523 1523 1523
    1516 1516 1509 1509 1509 1509 1503 1503 1503 1503 1503 1496 1496
    1489 1489 1496 1496 1503 1523 1550 1579 1594 1616 1647 1680 1680
    1696 0 1523 1523 1523 1516 1516 1509 1509 1509 1509 1503 1503 1503
    1503 1503 1496 1496 1489 1489 1489 1489 1496 1503 1523 1557 1572
    1586 1616 1647 1671 1680 1680 0 1516 1516 1516 1516 1516 1509 1509
    1509 1509 1503 1496 1496 1496 1496 1496 1496 1489 1489 1489 1489
    1496 1503 1516 1557 1572 1579 1609 1655 1671 1680 1680 0 1516 1516
    1516 1516 1509 1509 1509 1509 1503 1496 1496 1496 1496 1496 1496
    1489 1489 1489 1489 1496 1496 1503 1516 1550 1572 1579 1609 1639
    1671 1680 1680 1516 1509 1509 1509 1509 1509 1509 1509 1509 1503
    1496 1496 1496 1496 1496 1496 1489 1489 1489 1489 1496 1496 1503
    1523 1543 1572 1579 1601 1639 1671 1680 1680 1516 1516 1509 1509
    1509 1509 1509 1509 1503 1503 1496 1496 1489 1489 1489 1489 1489
    1489 1489 1489 1496 1496 1503 1523 1536 1572 1572 1601 1647 1671
    1680 1680 1516 1516 1509 1509 1509 1503 1503 1503 1503 1503 1496
    1496 1489 1489 1489 1483 1483 1483 1483 1483 1489 1496 1503 1523
    1536 1572 1572 1616 1632 1671 1688 1688 1509 1509 1509 1509 1509
    1503 1503 1503 1503 1496 1496 1496 1489 1489 1489 1483 1483 1483
    1483 1483 1489 1503 1503 1523 1557 1579 1579 1616 1632 1671 1680
    1680 1509 1509 1509 1509 1503 1503 1496 1496 1496 1496 1496 1496
    1489 1489 1489 1489 1489 1483 1483 1483 1489 1496 1496 1523 1557
    1586 1586 1616 1632 1663 1663 1663 1509 1509 1509 1509 1503 1503
    1496 1496 1496 1496 1496 1496 1489 1489 1489 1489 1489 1483 1483
    1483 1489 1496 1496 1523 1557 1594 1594 1616 1639 1655 1663 1663 0
    1509 1509 1503 1503 1496 1496 1496 1496 1496 1496 1496 1489 1489
    1489 1489 1489 1483 1483 1483 1489 1496 1496 1523 1557 1594 1594
    1616 1655 1655 1663 1663 0 1509 1503 1503 1496 1496 1496 1496 1496
    1496 1489 1489 1489 1483 1483 1483 1483 1483 1483 1483 1489 1496
    1496 1523 1557 1579 1579 1616 1655 1655 1663 1663 0 1509 1503 1496
    1496 1489 1489 1496 1496 1496 1489 1489 1483 1483 1483 1483 1483
    1483 1477 1477 1483 1489 1496 1536 1550 1579 1579 1609 1655 1655
    1663 1663 1509 1509 1503 1496 1489 1489 1489 1489 1489 1489 1489
    1483 1483 1483 1483 1483 1477 1477 1470 1470 1477 1477 1496 1536
    1550 1572 1579 1601 1655 1663 1671 1671 1489 1489 1489 1489 1489
    1489 1489 1489 1489 1489 1489 1483 1483 1483 1483 1483 1477 1477
    1470 1470 1477 1477 1529 1543 1564 1572 1579 1601 1655 1655 1671
