<?xml version="1.0"?>
<opencv_storage>
<Depth17613 type_id="opencv-matrix">
  <rows>72</rows>
  <cols>90</cols>
  <dt>w</dt>
  <data>
    3994 3948 3948 3903 3903 3903 3859 3859 3859 3859 3903 3903 3903
    3948 3948 3948 3948 3948 3948 3948 3948 3948 3948 3948 3948 3948
    3948 3948 3994 3994 3994 3994 3994 3994 3994 4041 4041 4041 4041
    4041 4041 4041 4041 4089 4089 4089 4139 4139 4139 4139 4139 4139
    4139 4139 4139 4139 4089 4089 4041 3994 3994 4041 4190 1292 1288
    1288 1288 1288 1288 1288 1307 4139 4139 4190 4190 4190 4139 4139
    4139 4139 4139 4139 4139 4139 4139 4139 4139 4139 4139 4139 3948
    3948 3948 3948 3903 3903 3859 3859 3859 3859 3903 3903 3903 3948
    3948 3948 3948 3948 3948 3948 3948 3948 3948 3948 3948 3948 3948
    3948 3994 3994 3994 3994 4041 4041 4041 4041 4041 4041 4041 4041
    4041 4041 4041 4089 4089 4089 4089 4089 4139 4139 4139 4139 4139
    4139 4139 4139 4089 4089 4041 3994 1307 1307 1297 1288 1288 1283
    1283 1283 1278 1278 1292 1292 1255 4139 4139 4139 4190 4139 4139
    4139 4139 4139 4139 4139 4139 4139 4139 4139 4139 4139 3948 3948
    3948 3948 3948 3903 3903 3903 3859 3859 3903 3903 3903 3903 3948
    3948 3948 3948 3948 3994 3948 3948 3948 3948 3948 3948 3948 3994
    3994 3994 3994 4041 4041 4041 4041 4041 4041 4041 4041 4041 4041
    4089 4089 4089 4089 4089 4089 4089 4139 4139 4139 4139 4139 4139
    4139 4139 4139 4139 1307 1307 1302 1297 1292 1288 1283 1278 1278
    1273 1264 1250 1250 1255 1255 4139 4139 4139 4190 4139 4139 4139
    4139 4190 4190 4139 4139 4139 4139 4139 4139 4139 3994 3994 3994
    3994 3948 3948 3903 3903 3903 3903 3903 3903 3903 3903 3948 3948
    3948 3948 3948 3994 3948 3948 3948 3948 3948 3948 3994 3994 3994
    4041 4041 4089 4089 4041 4041 4041 4041 4041 4041 4089 4089 4089
    4089 4139 4139 4139 4139 4139 4139 4139 4089 4089 4139 4139 4139
    4139 1307 1307 1307 1302 1297 1288 1288 1283 1278 1273 1268 1264
    1250 1241 1241 1245 1245 1245 1245 4190 4190 4139 4139 4139 4190
    4190 4190 4190 4190 4190 4190 4139 4139 4139 3994 3994 3994 3994
    3948 3948 3903 3903 3903 3903 3903 3903 3903 3948 3948 3948 3948
    3948 3948 3994 3994 3994 3994 3994 3994 3994 3994 4041 4041 4089
    4089 4089 4089 4041 4041 4041 4089 4089 4089 4089 4089 4089 4089
    4139 4139 4139 4139 4139 4139 4139 1312 1307 1307 1312 1307 1307
    1302 1302 1302 1292 1283 1278 1278 1273 1268 1264 1259 1250 1236
    1236 1241 1245 1245 1245 1245 1245 4190 4190 4139 4139 4139 4190
    4190 4190 4190 4190 4190 4139 4139 4139 3994 3994 3994 3994 3994
    3948 3948 3903 3903 3903 3903 3903 3903 3948 3994 3994 3994 3994
    3994 3994 3994 3994 3994 3994 3994 3994 3994 4041 4089 4089 4089
    4041 4041 4041 4041 4041 4089 4089 4089 4089 4089 4089 4089 4139
    4139 4139 4139 1307 1307 1307 1307 1302 1302 1302 1288 1283 1268
    1268 1268 1268 1268 1268 1268 1264 1264 1259 1250 1241 1232 1232
    1236 1241 1245 1241 1236 1236 1236 4139 4139 4139 4139 4190 4190
    4190 4190 4190 4190 4190 4190 4190 4041 4041 3994 3994 3994 3948
    3948 3903 3903 3903 3903 3903 3903 3948 3994 3994 3994 3994 3994
    3994 3994 3994 3994 3994 3994 3994 3994 4041 4089 4089 4041 4041
    4041 4041 4089 4089 4089 4089 4089 4089 4089 4089 4089 4139 4139
    4190 1307 1307 1307 1302 1297 1292 1288 1288 1278 1273 1268 1264
    1264 1250 1250 1250 1245 1241 1236 1232 1232 1232 1227 1227 1232
    1241 1241 1241 1236 1236 1236 1245 4089 4089 4089 4139 4190 4190
    4190 4190 4190 4190 4190 4190 4041 4041 3994 3994 3994 3994 3994
    3948 3903 3903 3903 3903 3903 3903 3948 3948 3994 3994 4041 3994
    3994 4041 4041 4041 4041 4041 4041 4089 4089 4089 4041 4041 4041
    4041 4089 4089 4089 4089 4089 4139 4139 4089 4089 1307 1307 1302
    1302 1302 1297 1292 1288 1283 1278 1273 1268 1264 1264 1255 1250
    1245 1245 1241 1241 1236 1232 1232 1232 1227 1227 1227 1227 1232
    1236 1245 1241 1241 1245 1245 4089 4089 4089 4139 4190 4190 4190
    4190 4190 4190 4190 4190 4041 4041 4041 4041 4041 4041 3994 3948
    3948 3903 3903 3903 3903 3903 3948 3948 3994 3994 4041 4041 4041
    4041 4041 4041 4041 4041 4089 4089 4089 4089 4041 4041 4041 4041
    4089 4089 4089 4089 4089 4139 1288 1288 1297 1297 1297 1292 1292
    1292 1288 1288 1283 1273 1268 1264 1259 1255 1245 1245 1241 1236
    1236 1232 1232 1232 1232 1232 1232 1227 1227 1227 1227 1232 1236
    1236 1241 1241 1245 1245 4190 4190 4190 4190 4190 4190 4190 4190
    4190 4190 4190 4190 4089 4089 4041 4041 4041 4041 3994 3948 3948
    3948 3903 3903 3903 3903 3903 3948 3994 3994 4041 4041 4041 4089
    4089 4089 4089 4089 4089 4089 4089 4089 4089 4041 4041 4089 4089
    4089 4089 4089 4089 4089 1288 1288 1292 1292 1292 1283 1283 1278
    1273 1273 1268 1264 1259 1255 1245 1241 1236 1236 1232 1232 1232
    1232 1232 1232 1232 1232 1232 1232 1232 1232 1232 1232 1236 1236
    1236 1241 1241 1241 4190 4190 4190 4190 4190 4190 4190 4190 4190
    4190 4190 4190 4041 4089 4041 4041 4041 4041 3994 3994 3948 3948
    3903 3903 3903 3903 3903 3948 3948 4041 4089 4041 4041 4089 4041
    4041 4089 4089 4089 4089 4089 4089 4089 4089 4089 4041 4041 4089
    4089 4089 1302 1292 1292 1292 1292 1288 1288 1278 1273 1268 1259
    1255 1250 1250 1250 1236 1236 1236 1232 1232 1232 1232 1232 1232
    1232 1232 1232 1232 1232 1232 1232 1232 1236 1236 1236 1236 1236
    1236 1236 0 4241 4241 4241 4190 4190 4190 4190 4190 4190 4190 4190
    4190 3994 4089 4089 4089 4089 4089 4041 3994 3994 3948 3903 3903
    3903 3903 3948 3948 3948 4041 4089 4089 4089 4089 4041 4041 4089
    4089 4089 4089 4089 4139 4089 4089 4089 3994 3994 1302 1302 1297
    1297 1288 1288 1288 1283 1278 1273 1268 1264 1259 1250 1245 1241
    1241 1236 1232 1232 1232 1232 1232 1232 1232 1232 1232 1232 1232
    1232 1232 1232 1232 1232 1232 1236 1236 1236 1241 1241 1241 0 0 4241
    4241 4241 4241 4241 4241 4190 4190 4190 4190 4190 4190 3994 4089
    4089 4089 4089 4089 4089 4041 3994 3948 3948 3948 3948 3948 3948
    3948 3994 4041 4089 4089 4089 4089 4041 4041 4041 4041 4089 4089
    4089 4139 4139 4139 4089 1302 1297 1297 1297 1292 1288 1283 1278
    1278 1268 1264 1264 1259 1259 1250 1241 1236 1236 1232 1232 1232
    1232 1232 1232 1232 1232 1232 1232 1232 1232 1232 1232 1232 1236
    1236 1236 1236 1236 1236 1241 1241 1245 1245 1250 0 4295 4295 4241
    4241 4241 4241 4241 4241 4241 4190 4190 4241 3948 3994 4041 4089
    4089 4089 4089 4041 4041 3994 3948 3948 3948 3948 3948 3948 3948
    3994 4089 4089 4089 4089 4041 4041 4041 4041 4089 4089 4089 4139
    4139 1307 1307 1302 1297 1292 1292 1283 1278 1273 1268 1264 1259
    1255 1250 1250 1245 1241 1236 1232 1232 1232 1232 1232 1232 1232
    1232 1232 1232 1232 1232 1232 1232 1236 1236 1236 1236 1236 1236
    1236 1236 1241 1241 1245 1245 1250 1250 1255 0 4295 4241 4241 4241
    4241 4241 4241 4241 4241 4241 4241 3948 3994 3994 4089 4089 4089
    4089 4041 4041 3994 3948 3948 3948 3948 3948 3948 3948 3994 4041
    4041 4089 4089 4089 4089 4089 4089 4089 4089 1297 1297 1297 1297
    1292 1288 1283 1278 1278 1273 1268 1264 1259 1255 1250 1245 1241
    1236 1236 1232 1232 1232 1232 1232 1232 1232 1232 1232 1232 1232
    1232 1232 1232 1232 1236 1241 1241 1241 1241 1241 1241 1241 1241
    1245 1245 1245 1250 1250 1255 1255 0 4295 4295 4295 4295 4241 4241
    4241 4241 4241 4241 4241 3948 3948 3948 3994 4041 4089 4089 4089
    4089 4089 4089 4041 3994 3948 3948 3948 3948 3994 4041 4041 4041
    4041 4089 4089 4089 1302 1302 1302 1297 1292 1292 1283 1278 1273
    1273 1268 1259 1259 1259 1255 1250 1245 1241 1236 1232 1232 1232
    1232 1227 1227 1232 1232 1232 1232 1232 1232 1232 1232 1232 1232
    1232 1236 1236 1241 1245 1241 1241 1245 1245 1245 1245 1245 1245
    1250 1250 1250 1255 1255 0 4295 4295 4295 4295 4295 4295 4295 4295
    4295 4241 4241 3948 3948 3948 3948 3994 4089 4139 4089 4089 4089
    4089 4041 3994 3948 3948 3948 3994 3994 4041 4041 4041 1297 1292
    1292 1297 1292 1292 1297 1292 1288 1278 1268 1268 1264 1264 1259
