<?xml version="1.0"?>
<opencv_storage>
<Depth14860 type_id="opencv-matrix">
  <rows>16</rows>
  <cols>28</cols>
  <dt>w</dt>
  <data>
    0 2984 3576 3576 3576 2933 2933 2908 2883 2883 2883 2859 2859 2859
    2789 2789 2789 2789 2812 2812 2835 2812 2812 2767 2767 2767 2767
    2767 2984 2984 2958 2958 2958 2933 2933 2908 2883 2883 2859 2859
    2789 2789 2789 2789 2789 2789 2789 2789 2789 2789 2789 2767 2767
    2767 2744 2744 0 2958 2933 2933 2933 2908 2908 2883 2883 2859 2859
    2835 2789 2789 2767 2767 2767 2789 2789 2789 2767 2767 2789 2767
    2767 2744 2744 2744 2958 2958 2933 2933 2908 2883 2883 2883 2859
    2859 2859 2835 2812 2789 2767 2767 2767 2789 2789 2767 2767 2767
    2767 2767 2723 2723 2744 2744 2958 2958 2908 2883 2883 2883 2883
    2883 2859 2859 2859 2835 2812 2789 2789 2789 2789 2767 2767 2767
    2767 2767 2767 2767 2723 2723 2744 2744 2984 2933 2883 2883 2883
    2883 2883 2883 2859 2859 2859 2835 2812 2812 2789 2789 2789 2767
    2767 2767 2767 2767 2767 2744 2723 2723 2744 2744 2984 2908 2883
    2883 2883 2883 2883 2883 2859 2859 2859 2859 2835 2835 2789 2789
    2789 2767 2767 2767 2767 2767 2744 2744 2744 2723 2723 2744 2908
    2908 2883 2883 2883 2883 2883 2883 2859 2859 2859 2859 2835 2835
    2789 2789 2789 2789 2767 2767 2767 2767 2744 2744 2744 2723 2723
    2744 2883 2883 2883 2883 2883 2883 2883 2883 2859 2859 2859 2859
    2859 2859 2812 2812 2789 2789 2789 2767 2767 2767 2744 2744 2744
    2744 2744 2744 2883 2883 2883 2883 2883 2883 2883 2883 2859 2859
    2859 2859 2859 2859 2812 2812 2812 2789 2789 2789 2767 2767 2744
    2744 2744 2723 2723 2723 2908 2908 2883 2883 2883 2883 2883 2859
    2835 2835 2859 2812 2812 2812 2812 2812 2812 2789 2789 2789 2767
    2767 2767 2767 2767 2723 2723 2723 2908 2908 2883 2883 2883 2883
    2883 2859 2835 2835 2859 2812 2767 2767 2812 2812 2812 2789 2789
    2789 2789 2767 2767 2767 2767 2723 2701 2701 0 1070 2908 2908 2908
    2908 2883 2859 2835 2835 2835 2812 2767 2767 2835 2835 2835 2835
    2835 2789 2789 2767 2767 2767 2767 2723 2701 2701 0 0 0 2908 2908
    2883 2859 2835 2835 3092 2835 2835 2812 2812 2835 0 0 0 0 0 2789
    2744 2723 2723 2744 2767 2701 2701 0 0 0 2883 2883 2883 2859 2835
    2835 0 2859 2859 2859 0 0 0 0 0 0 0 2789 2723 2723 2723 2723 0 0
    2701 0 0 0 2883 2859 2859 2859 2835 2835 0 0 0 0 0 0 0 0 0 0 0 0
    2723 2701 2701 2701 0 0 0</data></Depth14860>
</opencv_storage>
