<?xml version="1.0"?>
<opencv_storage>
<Depth5953 type_id="opencv-matrix">
  <rows>69</rows>
  <cols>53</cols>
  <dt>w</dt>
  <data>
    4089 4089 1464 1464 1458 1458 1458 1452 1445 1445 1452 1445 1445
    1452 1452 1458 1464 1464 1464 1464 1464 1470 1470 1470 1470 1470
    1470 1470 1477 1483 1489 1489 1483 1483 1483 1489 1489 1489 1489
    1489 1496 1496 1496 1496 1496 1496 3994 4041 3994 3994 3994 3994
    3994 4089 4089 1458 1458 1458 1452 1452 1452 1445 1445 1452 1452
    1452 1458 1458 1458 1464 1464 1464 1464 1464 1470 1470 1470 1470
    1470 1470 1470 1477 1477 1483 1489 1489 1483 1483 1489 1489 1496
    1496 1496 1496 1496 1496 1496 1496 1496 1496 3994 3994 3994 3994
    3994 3994 4089 0 1452 1452 1452 1452 1445 1445 1445 1452 1452 1452
    1458 1458 1458 1458 1464 1464 1464 1464 1464 1470 1470 1470 1470
    1470 1470 1470 1477 1477 1483 1483 1483 1483 1483 1489 1489 1489
    1489 1489 1496 1496 1496 1496 1489 1489 1489 3994 3994 3994 3994
    3994 3994 4089 1483 1452 1452 1452 1445 1445 1445 1445 1452 1452
    1452 1458 1458 1458 1458 1458 1458 1458 1464 1464 1464 1464 1470
    1470 1470 1470 1470 1470 1470 1477 1483 1483 1483 1483 1489 1489
    1489 1489 1489 1496 1496 1496 1496 1489 1489 4041 4041 3994 3994
    3994 3994 3994 0 0 1483 1458 1452 1445 1445 1445 1445 1452 1452 1452
    1458 1452 1452 1458 1458 1458 1458 1458 1458 1464 1464 1470 1464
    1464 1464 1464 1470 1470 1477 1483 1483 1483 1483 1489 1489 1489
    1489 1489 1489 1489 1489 1496 1496 3994 3994 3994 3994 3994 3994
    3994 3994 0 0 1483 1470 1452 1445 1445 1445 1445 1445 1452 1452 1452
    1452 1452 1452 1458 1458 1458 1458 1458 1464 1464 1470 1464 1464
    1464 1464 1470 1470 1477 1483 1477 1477 1477 1483 1489 1489 1489
    1489 1489 1489 1489 1489 1489 1489 3994 3994 3994 3994 3994 3994
    3994 0 1503 1483 1470 1452 1445 1445 1445 1445 1445 1445 1445 1452
    1445 1445 1452 1458 1458 1458 1458 1458 1464 1464 1470 1470 1470
    1470 1470 1470 1470 1477 1483 1477 1477 1477 1483 1489 1489 1489
    1489 1489 1489 1489 1489 1489 1489 3994 3994 3994 3994 3994 3994
    3994 0 1503 1489 1470 1452 1445 1445 1445 1445 1445 1445 1445 1445
    1445 1445 1452 1452 1458 1458 1458 1458 1464 1464 1470 1470 1470
    1470 1470 1470 1470 1477 1477 1477 1477 1477 1477 1483 1489 1489
    1489 1489 1489 1489 1489 1489 1489 1489 3994 3948 3948 3994 3994
    3994 0 1509 1489 1470 1452 1445 1445 1445 1445 1445 1445 1445 1445
    1445 1445 1452 1452 1458 1458 1458 1458 1464 1464 1470 1470 1470
    1470 1470 1470 1470 1470 1470 1477 1477 1477 1477 1483 1489 1489
    1489 1489 1489 1489 1489 1483 1483 1483 3948 3948 3948 3994 3994
    3994 1523 1516 1489 1470 1452 1445 1445 1445 1445 1445 1445 1445
    1445 1445 1445 1452 1452 1458 1458 1458 1458 1464 1464 1470 1470
    1464 1464 1470 1470 1470 1470 1470 1470 1477 1483 1483 1483 1483
    1489 1489 1489 1489 1489 1489 1483 1483 1489 1489 3994 3994 3994
    3994 3994 1523 1503 1489 1477 1458 1452 1445 1445 1445 1445 1445
    1445 1445 1445 1452 1452 1452 1452 1452 1452 1458 1464 1464 1464
    1470 1464 1464 1470 1470 1470 1470 1470 1470 1477 1483 1483 1483
    1483 1483 1483 1489 1489 1489 1489 1483 1483 1489 1489 3994 3994
    3994 3994 3994 1529 1503 1489 1470 1458 1452 1445 1445 1445 1445
    1445 1445 1445 1445 1452 1452 1452 1452 1452 1452 1452 1458 1458
    1458 1464 1464 1464 1470 1464 1464 1464 1464 1464 1477 1477 1483
    1483 1483 1483 1483 1483 1483 1483 1483 1483 1483 1483 1483 3994
    3994 3994 3994 3994 1523 1509 1496 1470 1458 1445 1439 1439 1439
    1439 1439 1445 1445 1445 1445 1445 1445 1445 1452 1452 1452 1458
    1458 1458 1464 1464 1464 1464 1464 1464 1464 1464 1464 1477 1477
    1477 1477 1477 1477 1483 1483 1483 1483 1483 1483 1483 1483 1483
    3948 3948 3948 3994 3994 1523 1509 1496 1470 1458 1445 1439 1439
    1439 1439 1439 1445 1445 1445 1445 1445 1445 1445 1452 1452 1452
    1458 1458 1458 1458 1458 1458 1464 1464 1464 1464 1464 1464 1477
    1477 1477 1477 1477 1477 1483 1483 1483 1483 1483 1483 1483 1483
    1483 3948 3948 3948 3948 3994 1523 1509 1489 1470 1458 1445 1445
    1439 1439 1439 1439 1445 1445 1445 1445 1445 1445 1445 1452 1452
    1452 1452 1458 1458 1458 1458 1458 1464 1464 1464 1464 1464 1464
    1477 1477 1477 1477 1477 1477 1483 1483 1483 1483 1483 1483 1483
    1483 1489 1489 3948 3948 3948 3994 1536 1516 1489 1470 1458 1445
    1439 1439 1439 1439 1439 1445 1445 1439 1439 1445 1445 1445 1452
    1452 1445 1445 1452 1458 1458 1458 1458 1464 1464 1464 1464 1464
    1464 1477 1477 1477 1477 1477 1477 1483 1483 1483 1483 1483 1483
    1483 1483 1489 1489 3948 3948 3948 3994 1529 1516 1496 1477 1464
    1445 1439 1439 1439 1439 1439 1445 1445 1439 1439 1445 1445 1445
    1452 1452 1445 1445 1452 1458 1458 1464 1464 1464 1464 1464 1464
    1464 1470 1477 1477 1477 1477 1477 1477 1477 1483 1483 1483 1483
    1483 1483 1489 1489 1489 3948 3948 3948 3994 1523 1516 1496 1477
    1464 1452 1445 1439 1439 1439 1439 1445 1445 1439 1439 1439 1439
    1445 1445 1445 1445 1445 1452 1458 1458 1464 1464 1464 1458 1458
    1464 1464 1470 1477 1470 1470 1470 1470 1470 1477 1483 1483 1483
    1483 1483 1483 1489 1489 1489 3948 3948 3948 3948 1523 1516 1496
    1483 1464 1452 1445 1439 1439 1433 1433 1439 1439 1439 1439 1439
    1439 1445 1445 1445 1445 1445 1452 1452 1458 1458 1458 1458 1458
    1458 1458 1458 1470 1470 1470 1470 1470 1470 1470 1470 1477 1483
    1483 1483 1483 1489 1489 1489 1489 3948 3948 3948 2958 1523 1516
    1503 1483 1464 1458 1445 1439 1439 1433 1433 1439 1433 1433 1439
    1439 1439 1439 1439 1439 1445 1445 1445 1452 1452 1458 1458 1458
    1458 1458 1458 1458 1470 1470 1470 1470 1470 1470 1470 1470 1477
    1483 1483 1483 1483 1489 1489 1489 1489 3948 3948 3948 2958 1523
    1509 1503 1483 1470 1458 1445 1439 1439 1439 1439 1433 1433 1433
    1439 1439 1439 1439 1439 1439 1445 1445 1445 1452 1452 1458 1458
    1458 1458 1458 1458 1464 1470 1470 1470 1470 1470 1470 1470 1470
    1477 1477 1483 1483 1483 1489 1483 1477 1477 1477 3948 2933 2933
    1523 1509 1503 1489 1470 1458 1445 1439 1439 1439 1433 1433 1433
    1433 1433 1439 1439 1439 1439 1445 1445 1445 1445 1452 1452 1458
    1458 1458 1458 1458 1458 1464 1464 1470 1470 1464 1464 1470 1470
    1470 1470 1477 1477 1477 1483 1483 1483 1477 1477 1477 2908 2908
    2933 1523 1509 1503 1489 1470 1458 1445 1439 1439 1439 1433 1433
    1433 1433 1433 1439 1439 1439 1445 1445 1445 1445 1445 1452 1452
    1452 1458 1458 1458 1458 1458 1464 1464 1464 1470 1464 1464 1470
    1470 1470 1470 1477 1477 1477 1477 1483 1477 1477 1483 1483 2908
    2908 2933 1516 1509 1503 1489 1477 1464 1445 1433 1433 1433 1433
    1433 1433 1433 1433 1439 1439 1439 1445 1445 1445 1445 1445 1452
    1452 1452 1452 1458 1458 1452 1452 1458 1464 1464 1470 1470 1470
    1470 1470 1470 1470 1470 1470 1477 1477 1477 1477 1477 1477 2883
    2883 2883 2908 1516 1509 1503 1489 1477 1464 1445 1433 1433 1433
    1433 1433 1433 1433 1439 1439 1439 1439 1445 1445 1445 1445 1445
    1452 1452 1452 1452 1452 1458 1452 1452 1458 1464 1464 1470 1470
    1470 1470 1470 1470 1470 1470 1470 1470 1477 1477 1477 1477 1477
    2883 2883 2883 2908 1523 1509 1503 1489 1477 1464 1452 1439 1433
    1433 1433 1433 1433 1433 1439 1439 1439 1439 1439 1445 1445 1445
    1445 1445 1445 1445 1452 1452 1452 1458 1458 1458 1464 1464 1464
    1464 1470 1470 1470 1470 1470 1470 1470 1470 1470 1477 1477 1477
    1477 2908 2908 2908 2908 1509 1509 1503 1489 1477 1464 1452 1439
    1433 1433 1427 1427 1427 1433 1433 1439 1439 1439 1439 1439 1439
    1445 1445 1445 1445 1445 1452 1452 1452 1452 1452 1458 1464 1464
    1464 1464 1464 1470 1470 1470 1470 1470 1470 1470 1470 1477 1477
    1477 1477 1477 2933 2908 2908 1516 1516 1503 1489 1477 1464 1452
    1439 1427 1427 1427 1427 1427 1427 1433 1433 1433 1433 1439 1439
    1439 1445 1445 1445 1445 1445 1445 1445 1445 1452 1452 1452 1458
    1458 1464 1464 1464 1470 1470 1470 1470 1470 1470 1470 1470 1470
