<?xml version="1.0"?>
<opencv_storage>
<Depth5509 type_id="opencv-matrix">
  <rows>65</rows>
  <cols>44</cols>
  <dt>w</dt>
  <data>
    5460 5460 5548 5640 5548 5460 5460 5460 5460 1647 1632 1632 1624
    1624 1624 1624 1624 1624 1624 5132 5132 5132 5132 5132 5056 5056
    4983 4983 4911 4911 4983 4983 4911 4911 4911 4774 4774 4774 4708
    4708 4708 4645 4645 4645 5374 5460 5460 5640 5548 5460 5460 5460
    1663 1647 1639 1632 1624 1624 1624 1624 1624 1624 1624 1655 1655
    1655 1655 1655 5056 5056 4983 4983 4983 4983 4983 4983 4911 4911
    4911 4842 4842 4774 4708 4708 4708 4645 4645 4645 5374 5374 5460
    5640 5640 5640 1655 1655 1655 1639 1632 1624 1624 1624 1624 1624
    1624 1624 1624 1632 1639 1655 1655 1655 1663 1663 4983 4983 5056
    5056 4983 4983 4911 4911 4911 4842 4842 4774 4774 4708 4708 4708
    4645 4645 5291 5374 5374 5374 1655 1655 1655 1655 1655 1639 1632
    1624 1616 1616 1624 1624 1624 1624 1624 1632 1639 1655 1655 1655
    1655 1655 1655 1663 1663 5056 5056 4983 4911 4911 4842 4842 4842
    4842 4708 4708 4708 4645 4645 4645 5291 5291 5291 0 1696 1663 1663
    1663 1663 1639 1632 1624 1616 1616 1616 1616 1624 1624 1624 1632
    1639 1647 1647 1647 1655 1655 1655 1663 1663 1680 1688 1680 1680
    4911 4842 4774 4774 4708 4708 4708 4708 4645 4645 4645 5460 5460
    5933 5933 1696 1696 1671 1671 1663 1632 1624 1624 1616 1616 1616
    1616 1616 1624 1624 1632 1639 1639 1639 1639 1647 1655 1655 1671
    1671 1680 1688 1680 1680 1688 1696 4774 4774 4708 4708 4645 4645
    4645 4645 4645 5460 5832 5933 5933 1688 1688 1680 1663 1647 1632
    1624 1624 1616 1616 1616 1616 1616 1624 1624 1624 1632 1632 1639
    1639 1647 1655 1655 1663 1671 1671 1688 1688 1688 1688 1696 1705
    1713 1722 1713 1713 1722 4645 4645 4582 5548 5832 5933 5933 1696
    1688 1671 1663 1647 1632 1624 1616 1616 1616 1616 1616 1616 1616
    1624 1624 1632 1632 1639 1639 1647 1655 1655 1663 1671 1671 1688
    1688 1696 1696 1696 1705 1705 1705 1705 1713 1722 1731 1731 4582
    5548 5832 5832 5933 1688 1688 1671 1647 1639 1632 1624 1616 1609
    1609 1609 1609 1616 1616 1624 1624 1632 1632 1632 1639 1639 1655
    1655 1663 1671 1671 1680 1680 1688 1696 1705 1705 1705 1705 1705
    1713 1713 1731 1731 1731 5460 5832 5832 5832 1688 1680 1671 1647
    1639 1632 1624 1616 1609 1609 1609 1609 1616 1616 1624 1624 1632
    1632 1632 1639 1639 1655 1655 1663 1663 1671 1671 1671 1688 1696
    1696 1705 1705 1705 1705 1705 1713 1722 1731 1731 5460 5460 1705
    1688 1688 1680 1671 1647 1639 1632 1624 1616 1609 1609 1609 1609
    1616 1616 1616 1624 1632 1632 1632 1639 1647 1655 1655 1663 1663
    1671 1671 1671 1680 1688 1696 1705 1705 1705 1705 1705 1713 1722
    1731 1731 5460 5460 1705 1705 1688 1680 1671 1647 1639 1632 1624
    1616 1609 1609 1609 1609 1616 1616 1616 1624 1632 1632 1632 1639
    1647 1655 1655 1663 1663 1671 1671 1671 1680 1688 1696 1705 1705
    1705 1705 1713 1713 1722 1722 1731 5374 0 1705 1705 1696 1671 1663
    1647 1639 1632 1624 1609 1609 1609 1609 1609 1616 1616 1616 1624
    1624 1632 1632 1639 1647 1655 1655 1663 1663 1663 1663 1671 1671
    1680 1688 1696 1696 1705 1705 1713 1713 1722 1722 1722 5374 0 1705
    1705 1688 1663 1663 1647 1639 1632 1624 1601 1601 1609 1609 1609
    1609 1609 1609 1616 1624 1632 1632 1632 1639 1655 1655 1663 1663
    1663 1663 1671 1671 1680 1688 1696 1696 1705 1705 1713 1713 1713
    1722 1722 5460 0 1680 1680 1680 1663 1663 1647 1632 1624 1616 1601
    1601 1601 1609 1609 1609 1609 1609 1616 1624 1624 1632 1632 1639
    1647 1655 1663 1671 1671 1671 1671 1671 1680 1688 1696 1696 1705
    1705 1713 1713 1713 1722 1722 5460 0 1680 1671 1671 1663 1663 1639
    1632 1624 1609 1601 1601 1601 1601 1609 1609 1609 1616 1616 1624
    1624 1632 1632 1632 1647 1663 1663 1663 1663 1671 1671 1671 1680
    1688 1696 1696 1705 1705 1705 1713 1722 1713 1713 0 1680 1680 1680
    1671 1671 1647 1639 1624 1624 1609 1601 1594 1594 1601 1601 1609
    1609 1609 1616 1624 1624 1632 1632 1632 1647 1655 1655 1663 1663
    1671 1671 1671 1688 1696 1696 1696 1705 1705 1705 1713 1713 1713
    1713 0 1680 1680 1671 1671 1663 1647 1632 1624 1616 1601 1601 1594
    1594 1601 1601 1601 1609 1609 1616 1624 1624 1624 1632 1639 1647
    1655 1655 1663 1663 1671 1671 1671 1688 1696 1696 1696 1705 1705
    1705 1705 1713 1713 1722 0 0 1680 1671 1671 1663 1639 1632 1624 1616
    1601 1594 1594 1594 1594 1601 1601 1609 1609 1616 1624 1624 1624
    1632 1639 1647 1655 1655 1663 1663 1671 1671 1671 1688 1696 1696
    1696 1705 1705 1705 1705 1705 1713 1696 0 1680 1680 1680 1671 1663
    1639 1632 1624 1616 1601 1594 1594 1594 1594 1594 1601 1601 1609
    1616 1616 1624 1624 1632 1632 1647 1655 1655 1663 1663 1671 1671
    1671 1680 1688 1696 1696 1705 1705 1705 1705 1705 1713 1696 0 1680
    1680 1680 1671 1663 1639 1632 1624 1616 1601 1594 1594 1594 1594
    1594 1594 1601 1609 1616 1616 1616 1624 1632 1632 1647 1655 1663
    1663 1663 1671 1671 1671 1680 1688 1696 1696 1696 1696 1705 1705
    1705 1713 1722 0 0 1680 1680 1671 1663 1639 1632 1624 1616 1601 1594
    1594 1594 1594 1594 1594 1601 1609 1616 1616 1616 1624 1632 1632
    1632 1655 1663 1663 1663 1671 1671 1680 1688 1688 1688 1696 1696
    1696 1705 1705 1705 1713 1722 0 0 1671 1671 1663 1663 1639 1624 1616
    1609 1601 1594 1594 1594 1594 1594 1601 1601 1609 1616 1616 1624
    1632 1632 1632 1632 1647 1655 1655 1663 1663 1671 1680 1688 1688
    1688 1696 1696 1696 1705 1705 1705 1713 1722 5132 0 1671 1671 1655
    1647 1632 1624 1616 1609 1601 1594 1594 1594 1601 1601 1601 1601
    1601 1616 1616 1624 1632 1632 1632 1632 1647 1655 1655 1663 1663
    1671 1671 1688 1688 1688 1696 1696 1696 1705 1705 1705 1713 1713
    5132 0 1655 1655 1647 1639 1632 1624 1616 1609 1601 1594 1594 1594
    1601 1601 1601 1601 1601 1616 1616 1624 1632 1632 1632 1639 1655
    1655 1663 1663 1663 1671 1671 1688 1688 1688 1696 1696 1696 1696
    1696 1705 1705 1713 5132 0 1655 1655 1647 1639 1632 1624 1616 1609
    1594 1594 1594 1594 1594 1601 1601 1601 1601 1609 1616 1624 1624
    1624 1632 1639 1655 1655 1663 1663 1663 1663 1671 1671 1680 1680
    1688 1696 1696 1696 1696 1705 1705 1705 5210 0 1663 1647 1647 1639
    1632 1624 1616 1609 1594 1586 1586 1586 1594 1601 1601 1601 1601
    1609 1616 1624 1624 1624 1632 1639 1655 1655 1663 1663 1663 1663
    1671 1671 1680 1680 1688 1696 1696 1696 1696 1705 1705 1705 5374 0
    1663 1647 1639 1639 1632 1624 1609 1601 1594 1586 1586 1586 1594
    1594 1601 1601 1601 1609 1616 1624 1624 1624 1632 1639 1655 1655
    1663 1663 1663 1663 1671 1680 1680 1680 1680 1688 1688 1696 1696
    1705 1705 1705 0 1663 1663 1655 1639 1639 1632 1616 1609 1601 1594
    1586 1586 1586 1594 1594 1594 1594 1601 1601 1616 1616 1616 1616
    1632 1632 1647 1647 1655 1655 1663 1663 1671 1671 1680 1680 1680
    1688 1688 1696 1696 1705 1705 1705 0 1663 1663 1655 1647 1632 1624
    1616 1601 1594 1594 1586 1586 1586 1594 1594 1594 1594 1601 1601
    1616 1616 1616 1616 1632 1632 1647 1647 1655 1655 1663 1663 1671
    1671 1671 1671 1680 1680 1688 1696 1696 1705 1705 1705 0 1655 1655
    1655 1639 1632 1624 1616 1601 1594 1586 1586 1586 1586 1586 1594
    1594 1594 1601 1601 1616 1616 1616 1616 1632 1632 1647 1647 1647
    1655 1655 1663 1671 1671 1671 1671 1680 1680 1688 1696 1705 1705
    1705 1705 1647 1655 1655 1647 1639 1632 1624 1616 1601 1594 1586
    1579 1579 1579 1586 1594 1594 1594 1601 1601 1609 1616 1616 1624
    1632 1632 1647 1647 1647 1655 1655 1663 1671 1671 1671 1671 1680
    1688 1688 1696 1696 1705 1705 1705 1647 1647 1647 1639 1632 1632
    1624 1616 1601 1594 1586 1579 1579 1579 1586 1586 1594 1594 1601
    1601 1609 1616 1616 1624 1632 1632 1647 1647 1647 1655 1655 1663
    1671 1671 1671 1671 1680 1688 1688 1696 1696 1696 1696 1696 1647
    1647 1647 1639 1632 1632 1624 1616 1601 1594 1586 1579 1579 1586
    1586 1586 1594 1594 1601 1601 1609 1616 1616 1624 1624 1632 1647
    1647 1647 1647 1647 1655 1663 1671 1671 1671 1680 1688 1688 1696
