<?xml version="1.0"?>
<opencv_storage>
<Depth3354 type_id="opencv-matrix">
  <rows>10</rows>
  <cols>12</cols>
  <dt>w</dt>
  <data>
    0 7835 7835 7660 7660 7660 7660 7660 7660 8019 7660 7660 0 7660 7660
    7660 7660 7660 7660 7492 7492 7492 7660 7660 7660 7660 7660 7660
    7660 7835 7660 7492 7492 7492 7332 7332 7660 7660 7660 7660 7835
    7835 7660 7492 7492 7492 7332 7332 7660 7660 7660 7660 7835 7835
    7660 7660 7492 7492 7332 7332 7660 7660 7660 7660 7835 7835 7660
    7660 7492 7492 7332 7332 7660 7835 8019 7835 7835 7835 7660 7660
    7660 7660 7660 7660 6146 8019 8019 7835 7835 7660 7660 7660 7660
    7660 7660 7835 6146 6146 8019 7835 7835 7660 7660 7660 7660 7492
    7492 8019 6146 6146 6375 6375 6497 7332 7332 7492 7660 7492 7492
    8212</data></Depth3354>
</opencv_storage>
