<?xml version="1.0"?>
<opencv_storage>
<Depth10636 type_id="opencv-matrix">
  <rows>85</rows>
  <cols>63</cols>
  <dt>w</dt>
  <data>
    3859 3859 3859 3859 3859 3948 3994 3994 3994 3948 3948 3994 3994
    3994 3994 3948 3948 3948 3948 3948 3994 3994 4041 1496 1496 1489
    1489 1496 1496 4089 4089 4089 4089 4089 4089 4089 4089 4139 4139
    4139 4139 4139 4139 4190 4190 4241 4241 4241 4241 4295 4295 4295
    4295 4295 4295 4295 4295 3178 3178 3178 3178 3178 3178 3859 3859
    3859 3859 3859 3948 3994 3994 3994 3994 3994 3994 3994 3994 3994
    3994 3994 3994 1579 1564 4041 4041 1489 1489 1489 1489 1489 1496
    1496 1536 4041 4041 4041 4089 4089 4089 4089 4139 4139 4139 4139
    4139 4190 4190 4190 4241 4241 4241 4295 4295 4295 4295 4295 4295
    4295 4295 4295 3178 3178 3178 3178 3149 3149 3903 3903 3903 3859
    3859 3948 3948 3994 3994 3994 3994 3994 3994 3994 3994 3994 3994
    3994 1579 1564 1550 1550 1489 1489 1489 1489 1489 1489 1489 1536
    1536 1536 4041 4089 4089 4139 4139 4139 4139 4139 4139 4190 4190
    4190 4190 4241 4241 4241 4295 4295 4295 4295 4295 4295 4295 4295
    4295 3178 3178 3178 3149 3149 3149 3903 3903 3903 3903 3903 3948
    3948 3994 3994 3994 3994 3994 3994 3994 3994 3994 3994 3994 1557
    1550 1496 1489 1483 1483 1483 1489 1489 1489 1489 1489 1503 1523
    1523 1523 4139 4139 4139 4139 4139 4190 4190 4190 4190 4190 4190
    4241 4295 4295 4295 4295 4295 4295 4295 4295 4295 4295 4295 3178
    3178 3178 3149 3149 3149 3903 3903 3903 3903 3903 3948 3948 3994
    3994 3994 3994 3994 3994 3994 3994 3994 4041 4041 1550 1550 1496
    1483 1483 1483 1483 1483 1483 1483 1483 1483 1489 1496 1503 1509
    1516 4190 4190 4190 4190 4190 4190 4190 4190 4190 4190 4295 4295
    4295 4295 4295 4295 4295 4295 4295 4295 4295 4295 3178 3178 3178
    3149 3149 3149 3903 3903 3948 3903 3903 3948 3948 3994 3994 3994
    3994 3994 3994 3994 3994 3994 3994 1550 1550 1536 1496 1483 1483
    1483 1483 1483 1483 1483 1483 1483 1483 1489 1496 1503 1503 1509
    1509 1523 4190 4190 4190 4190 4190 4190 4190 4241 4295 4295 4295
    4295 4295 4295 4295 4295 4295 4295 4295 3208 3178 3178 3149 3120
    3120 3903 3903 3903 3903 3903 3948 3948 3994 3994 3994 3994 3994
    3994 3994 3994 3994 3994 1543 1536 1503 1489 1483 1483 1483 1483
    1483 1483 1483 1477 1477 1483 1483 1489 1489 1496 1496 1496 1496
    1496 1496 4190 4190 4190 4190 4241 4241 4295 4295 4295 4295 4295
    4295 4295 4295 4295 4295 4295 3208 3178 3178 3149 3120 3092 3903
    3903 3903 3903 3903 3948 3948 3994 3994 3994 3994 3994 3948 3948
    3994 3994 1543 1543 1536 1496 1489 1483 1483 1483 1483 1483 1483
    1483 1477 1477 1483 1483 1483 1483 1489 1489 1489 1489 1489 1503
    1503 1523 1543 1550 1557 1557 1564 4295 4295 4295 4349 4295 4295
    4295 4295 4295 4349 4349 3178 3178 3120 3092 3064 3903 3903 3903
    3903 3948 3994 3994 3994 3994 3994 3994 3994 3948 3948 3948 1536
    1543 1543 1529 1496 1489 1477 1477 1483 1483 1483 1483 1477 1477
    1483 1483 1483 1483 1483 1483 1483 1483 1483 1483 1489 1489 1496
    1503 1503 1543 1543 1543 1543 1543 4349 4349 4349 4349 4349 4349
    4349 4349 4349 3178 3149 3120 3092 3064 3903 3903 3903 3903 3948
    3994 3994 3994 3994 3994 3994 3994 3948 3948 3948 1536 1536 1529
    1509 1489 1483 1477 1477 1477 1477 1483 1483 1477 1477 1483 1483
    1483 1483 1483 1483 1483 1483 1483 1483 1483 1483 1483 1489 1496
    1496 1516 1536 1543 1543 4405 4405 4405 4349 4349 4349 4349 4349
    4349 4349 3149 3120 3092 3064 3903 3903 3948 3948 3948 3994 3994
    3994 3994 3994 3994 3994 3994 3994 1550 1536 1536 1523 1489 1489
    1483 1477 1477 1477 1477 1483 1483 1483 1483 1483 1483 1483 1483
    1483 1483 1483 1483 1483 1483 1483 1483 1483 1489 1496 1496 1503
    1503 1503 1503 4463 4463 4463 4349 4349 4349 4349 4349 4349 4349
    4349 3120 3092 3064 3903 3903 3948 3948 3948 3994 3994 3994 3994
    3994 3994 3994 3994 1550 1550 1550 1536 1509 1489 1489 1483 1483
    1483 1483 1483 1483 1483 1483 1483 1483 1483 1483 1483 1483 1483
    1483 1483 1483 1483 1483 1483 1483 1489 1489 1489 1496 1496 1496
    1496 1496 1496 4708 4708 4708 4349 4349 4349 4349 3120 3120 3120
    3092 3064 3903 3903 3948 3948 3948 3994 3994 3994 3994 3994 3994
    3994 3994 1550 1550 1550 1536 1503 1489 1489 1483 1483 1483 1483
    1483 1483 1483 1483 1483 1483 1483 1483 1483 1483 1483 1483 1483
    1483 1483 1483 1483 1483 1489 1489 1489 1496 1489 1489 1496 1489
    1489 1496 1496 1503 1503 1503 1503 1503 1503 3149 3149 3064 3064
    3903 3903 3903 3903 3903 3948 3994 3994 3994 3994 3994 4041 4041
    1550 1550 1550 1523 1489 1489 1489 1489 1483 1483 1483 1483 1483
    1489 1483 1483 1489 1483 1483 1483 1483 1483 1483 1483 1483 1483
    1483 1483 1483 1489 1489 1489 1496 1489 1489 1496 1489 1489 1496
    1496 1496 1496 1496 1503 1503 1503 1496 3064 3064 3037 3903 3903
    3903 3903 3903 3948 3994 3994 3994 3994 4041 4041 4041 1572 1557
    1550 1516 1489 1483 1483 1483 1483 1483 1483 1483 1489 1489 1483
    1483 1483 1483 1483 1483 1483 1483 1483 1483 1483 1483 1483 1483
    1483 1489 1489 1489 1489 1496 1496 1489 1489 1489 1489 1496 1496
    1496 1496 1496 1496 1496 1496 1496 3064 2984 3903 3903 3903 3903
    3903 3948 3994 3994 3994 3994 3994 4041 4041 1572 1550 1543 1509
    1489 1483 1483 1483 1483 1483 1489 1489 1489 1483 1483 1483 1483
    1483 1483 1483 1483 1483 1483 1483 1483 1483 1489 1483 1483 1489
    1489 1489 1489 1496 1496 1489 1489 1489 1489 1489 1489 1489 1489
    1489 1489 1496 1489 1489 1489 2958 3948 3948 3903 3903 3948 3994
    3994 3994 3994 3994 3994 3994 1572 1572 1550 1536 1503 1489 1483
    1483 1489 1489 1489 1489 1489 1489 1483 1483 1483 1483 1489 1483
    1483 1483 1483 1483 1483 1483 1489 1489 1489 1489 1496 1496 1496
    1496 1496 1496 1489 1489 1489 1489 1489 1489 1489 1489 1489 1489
    1489 1489 1489 1489 2933 3948 3948 3903 3903 3948 3994 3994 3994
    3994 3994 3994 3994 3994 1550 1529 1523 1503 1489 1483 1483 1489
    1489 1489 1489 1489 1483 1483 1483 1483 1483 1483 1483 1489 1483
    1483 1483 1483 1483 1489 1489 1489 1489 1496 1496 1496 1496 1496
    1496 1489 1489 1489 1489 1489 1489 1489 1489 1483 1483 1489 1489
    1489 1496 2933 3948 3948 3948 3948 3948 3994 3994 3994 3994 3948
    3948 3994 3994 1529 1516 1509 1496 1489 1489 1489 1489 1489 1489
    1489 1489 1483 1483 1489 1489 1489 1483 1483 1489 1489 1489 1483
    1483 1483 1483 1483 1489 1489 1496 1496 1496 1496 1496 1496 1489
    1489 1489 1489 1489 1489 1489 1489 1483 1483 1489 1489 1489 1489
    1489 3948 3948 3948 3948 3948 3994 3994 3994 3994 3948 3948 3948
    1529 1529 1516 1509 1489 1489 1489 1489 1489 1489 1489 1489 1489
    1483 1483 1489 1489 1489 1483 1483 1483 1483 1489 1483 1483 1483
    1483 1483 1483 1483 1496 1496 1496 1496 1496 1496 1489 1489 1489
    1489 1489 1489 1489 1489 1489 1489 1489 1489 1489 1489 1489 3948
    3948 3948 3948 3948 4041 3994 3994 3948 3948 4041 4041 1529 1529
    1516 1503 1489 1489 1489 1489 1489 1489 1489 1489 1489 1483 1483
    1483 1483 1489 1483 1483 1483 1483 1489 1483 1483 1489 1483 1483
    1483 1483 1496 1496 1496 1496 1496 1496 1496 1496 1496 1496 1489
    1489 1489 1489 1489 1489 1483 1483 1489 1489 1489 3948 3948 3948
    3948 3948 4041 3994 3994 3948 3948 3948 1529 1529 1523 1509 1489
    1489 1489 1489 1489 1489 1489 1489 1489 1489 1483 1483 1483 1483
    1489 1483 1483 1483 1483 1489 1489 1489 1489 1489 1489 1489 1489
    1496 1496 1496 1489 1489 1489 1496 1496 1496 1496 1489 1489 1489
    1489 1489 1483 1483 1483 1483 1489 1496 3948 3948 3948 3948 4041
    4041 3994 3994 4041 4041 1550 1529 1529 1523 1509 1489 1489 1483
    1483 1483 1483 1489 1489 1489 1489 1483 1483 1483 1483 1483 1483
    1483 1483 1489 1489 1489 1489 1489 1489 1489 1489 1489 1496 1496
    1496 1489 1489 1489 1496 1496 1496 1496 1489 1489 1496 1496 1489
    1483 1483 1483 1483 1483 1489 3948 3948 3948 3948 4041 3994 3994
    3994 4089 4089 1550 1550 1550 1516 1489 1489 1489 1483 1483 1483
    1483 1489 1489 1489 1489 1489 1489 1483 1483 1483 1483 1483 1483
