<?xml version="1.0"?>
<opencv_storage>
<Depth0047 type_id="opencv-matrix">
  <rows>13</rows>
  <cols>21</cols>
  <dt>w</dt>
  <data>
    4708 4708 4708 4708 4708 4708 4708 4708 4645 4405 4349 4241 4139
    4139 4089 4089 4089 4041 3994 3994 7178 4708 4708 4708 4708 4708
    4708 4708 4645 4463 4349 4190 4139 4089 4041 4041 4089 4041 4041
    3994 3994 3994 4708 4708 4708 4708 4708 4708 4645 4241 4241 4089
    4089 4089 4089 4041 4041 4041 4041 4041 3994 3994 7332 4708 4708
    4708 4645 4645 4463 4241 4089 4089 4089 4089 4089 4089 4041 4041
    4041 3994 3994 4041 7332 7332 4708 4645 4582 4241 4241 4190 4089
    4089 4089 4089 4089 4089 4089 4041 4041 4041 3994 3994 3994 3994
    7492 4645 4190 4139 4089 4089 4089 4041 4041 4041 4041 4089 4089
    4089 4089 4041 4041 4041 4041 4041 3903 7030 4645 4089 4089 4041
    4041 4041 4041 4041 4041 4041 4041 4041 4041 4041 4041 3994 3948
    3903 3903 3903 3859 4089 4089 4041 4041 4041 4041 4041 4041 4041
    4041 4041 3994 3994 3948 3948 3948 3903 3903 3903 3994 3859 4089
    4041 4041 4041 4041 4041 4041 3994 3994 4041 3994 3994 3948 3903
    3903 3903 3903 3903 3903 3903 3859 4041 4041 4041 4041 3994 3994
    3994 3948 3948 3994 3994 3948 3903 3903 3903 3903 3994 3903 3903
    3903 3903 3994 3948 3948 3948 3994 3994 3903 3903 3903 3859 3859
    3948 3903 3903 3903 0 0 0 0 0 0 3994 3903 3903 3903 3948 3948 3903
    3859 3859 3859 3859 0 0 0 0 0 0 0 0 0 0 3948 3903 3859 3859 3903
    3948 3903 3859 3859 0 0 0 0 0 0 0 0 0 0 0 0</data></Depth0047>
</opencv_storage>
