<?xml version="1.0"?>
<opencv_storage>
<Depth18393 type_id="opencv-matrix">
  <rows>14</rows>
  <cols>32</cols>
  <dt>w</dt>
  <data>
    4582 4582 4582 4582 4645 4645 4708 3576 3576 3576 3576 3576 3614
    3653 3653 3653 3614 3614 3614 3614 3653 3653 3614 3614 4349 4349
    4295 4295 4295 4295 4295 4295 4582 4582 3614 3614 3614 3576 3576
    3576 3576 3576 3576 3576 3614 3614 3653 3653 3614 3614 3614 3614
    4349 4295 4295 4295 4295 4295 4295 4295 4295 4295 4241 4190 4582
    3576 3576 3576 3576 3576 3576 3576 3576 3576 3576 3576 3614 3614
    3614 3653 3614 3614 4349 4295 4295 4295 4295 4295 4295 4295 4241
    4241 4241 4241 4190 4139 3576 3576 3576 3576 3576 3576 3576 3576
    3576 3576 3576 3576 3614 3614 3614 4349 4295 4295 4295 4241 4241
    4241 4190 4190 4241 4190 4190 4190 4190 4190 4139 4089 3576 3576
    3576 3576 3576 3576 3576 3576 3576 3576 3576 3576 3614 4295 4241
    4241 4241 4241 4241 4190 4190 4190 4190 4190 4190 4190 4139 4139
    4190 4139 4139 4089 3576 3576 3576 3576 3576 3576 3576 3576 4241
    4241 4241 4241 4241 4190 4139 4139 4139 4139 4139 4139 4139 4139
    4139 4139 4139 4139 4139 4139 4139 4139 4139 4089 3614 3614 3614
    4190 4190 4190 4190 4190 4139 4139 4139 4139 4190 4190 4139 4139
    4139 4089 4089 4089 4089 4041 4041 4041 4041 4041 4041 4041 4139
    4139 4089 4089 3010 4190 4190 4190 4190 4190 4139 4139 4139 4139
    4139 4089 4089 4089 4089 4089 4089 4089 4089 4041 4041 3994 3994
    3037 3037 3064 3064 3064 3037 3037 4089 3064 4190 4190 4190 4139
    4089 4089 4089 4139 4089 4089 4089 4089 4089 4089 4089 4089 4041
    4041 4041 3994 3994 3994 3994 2984 2984 3037 3037 3037 3010 2958
    2933 2933 4190 4190 4139 4089 4041 4041 4089 4089 4089 4041 4041
    3994 3994 4041 4041 4041 3994 3994 3994 3994 3994 2958 2958 2958
    2958 2984 2984 2984 2984 2958 2933 2933 4139 4089 4089 4089 4041
    4041 4041 4041 4041 4041 3994 3994 3994 3994 3994 3994 3948 3010
    2984 2984 2958 2958 2958 2933 2933 2958 2958 2958 2984 2958 2958
    2958 4089 4089 4089 4041 3994 3994 3994 3994 3994 3994 3994 3994
    3994 3994 2984 2984 2984 2984 2958 2958 2958 2933 2933 2908 2908
    2908 2908 2933 2958 2958 2958 2958 3948 3948 3994 3994 3948 3948
    3994 3994 3994 3948 3948 3948 2958 2958 2933 2933 2958 2933 2933
    2958 2933 2933 2933 2908 2908 2908 2908 2933 2958 2958 2958 2984
    3948 3948 3948 3948 3948 3948 3948 3948 3994 3948 2958 2958 2933
    2908 2908 2908 2908 2908 2908 2908 2908 2908 2908 2908 2908 2933
    2933 2933 2958 2958 2958 2958</data></Depth18393>
</opencv_storage>
