<?xml version="1.0"?>
<opencv_storage>
<Depth11143 type_id="opencv-matrix">
  <rows>118</rows>
  <cols>70</cols>
  <dt>w</dt>
  <data>
    3816 3816 3816 3816 3774 3774 954 954 954 951 948 948 1001 1001 1001
    1001 1004 1010 1010 1010 1004 1004 1004 1004 1007 1004 1001 998 998
    998 1001 1001 1001 1001 1001 3614 3653 3653 3653 3576 3576 3614 3614
    3614 3503 3503 3539 3576 3614 1001 995 995 998 998 998 3614 1007
    1001 998 998 995 995 989 987 984 984 984 984 3576 0 3859 948 959 959
    959 956 956 954 954 951 948 948 984 984 987 992 989 989 992 1010 998
    995 992 992 992 995 995 995 995 995 995 998 998 995 992 989 989 992
    989 989 989 3614 3614 1001 1001 3503 1001 1001 992 992 992 992 995
    995 995 995 995 998 998 998 995 992 989 987 984 984 984 984 0 0 0 0
    948 956 956 954 954 954 951 951 948 948 967 978 978 984 984 984 984
    992 989 989 984 984 981 981 981 981 987 989 992 992 992 989 987 984
    984 987 984 981 973 973 973 981 989 981 981 989 989 989 992 992 992
    989 987 987 989 992 992 995 992 992 989 989 987 984 984 984 0 0 0 0
    948 946 946 951 951 951 951 951 951 951 967 975 975 975 978 984 984
    992 989 984 981 978 978 978 978 981 987 987 989 987 987 978 978 978
    978 981 973 973 973 970 970 975 989 981 981 989 989 989 989 992 989
    987 984 984 987 984 984 987 987 987 987 984 984 989 989 0 0 0 0 0
    946 946 946 948 948 948 946 946 946 946 940 940 940 940 943 946 946
    943 940 940 943 938 938 978 978 978 987 938 938 938 938 940 978 978
    978 981 964 964 970 970 970 975 930 930 930 930 930 930 989 989 984
    984 981 981 981 978 978 981 984 984 987 984 984 984 984 0 0 0 0 943
    943 943 943 946 946 946 946 946 946 946 940 940 940 940 940 940 940
    940 940 940 938 938 938 933 933 930 930 933 935 935 933 930 930 930
    930 930 930 930 928 928 928 928 930 930 930 930 930 930 930 928 928
    928 928 981 981 978 978 925 925 925 925 928 928 918 0 0 0 0 0 943
    943 943 943 946 946 943 943 943 943 943 940 940 938 938 938 938 938
    938 938 938 938 938 938 933 930 930 930 933 933 933 930 930 930 928
    928 928 928 928 928 928 928 928 928 925 925 928 928 925 925 925 925
    925 923 923 928 928 928 925 925 925 925 925 918 918 918 915 913 913
    0 948 948 946 946 946 946 943 943 943 943 943 940 940 938 938 938
    938 938 938 938 938 935 935 933 933 930 930 930 930 930 930 930 928
    928 928 928 928 928 928 925 925 925 925 925 923 923 923 920 920 923
    925 925 925 923 923 923 923 923 925 925 925 920 918 918 915 915 915
    913 913 956 951 948 948 948 946 946 946 946 946 946 943 940 940 938
    938 938 938 938 938 938 938 935 935 933 933 930 930 930 930 930 930
    928 928 928 928 928 928 925 925 925 925 925 925 923 923 920 920 920
    920 920 923 923 923 920 920 920 920 920 923 923 920 918 918 915 915
    915 915 915 915 956 948 948 948 948 948 946 946 946 946 946 946 943
    943 943 940 938 938 938 938 938 938 935 935 935 935 933 930 930 930
    930 930 928 928 928 928 928 928 925 925 925 925 925 925 923 923 920
    920 920 920 920 923 923 923 920 920 920 920 920 920 920 918 918 918
    915 915 915 915 915 915 0 948 948 948 948 948 948 946 946 946 946
    946 946 943 943 943 943 940 940 938 938 938 935 935 935 935 935 933
    933 933 933 930 930 928 928 928 928 928 928 925 925 925 925 925 925
    923 923 923 920 920 920 923 923 923 920 920 920 920 920 920 918 918
    918 918 915 915 915 915 915 915 0 951 948 948 948 948 948 948 946
    946 946 946 946 946 946 943 943 943 940 938 938 938 938 938 935 935
    935 935 935 933 933 933 930 930 928 928 928 928 928 928 928 928 925
    925 925 925 925 923 923 923 923 925 925 925 923 920 920 920 920 920
    918 918 918 918 918 918 918 915 915 915 0 951 951 948 948 948 948
    948 948 948 946 946 946 946 946 943 943 943 940 940 938 938 938 938
    935 935 935 935 935 935 935 933 933 930 930 930 928 928 928 928 928
    928 928 925 925 925 925 925 925 923 923 925 925 925 923 920 920 920
    920 920 920 918 918 918 918 918 918 918 918 915 0 951 951 948 948
    948 948 948 948 948 946 946 946 946 946 946 943 943 943 940 940 938
    938 938 935 935 935 935 935 935 935 935 935 933 933 933 933 933 930
    928 928 928 928 928 925 925 925 925 925 925 925 925 925 923 923 923
    923 923 920 920 920 918 918 918 918 918 918 918 918 918 0 954 954
    951 951 951 951 948 948 948 948 948 948 948 946 946 943 943 943 943
    940 940 938 938 938 938 935 935 935 938 935 935 935 933 933 935 933
    933 933 930 930 928 928 928 925 925 925 925 925 925 925 928 925 923
    923 923 923 925 923 920 920 920 920 920 920 920 920 920 918 918 0
    954 954 951 951 954 951 951 948 948 948 948 948 948 946 946 946 946
    943 943 940 940 938 938 938 938 938 935 935 938 938 935 935 935 935
    935 933 933 933 933 930 930 930 930 930 928 928 928 928 928 928 928
    925 923 923 923 923 925 923 923 920 920 920 920 920 920 920 920 918
    918 0 956 954 951 951 954 951 951 951 948 948 948 948 948 946 946
    946 946 943 943 943 940 940 940 938 938 938 938 938 938 938 935 935
    935 935 935 933 933 933 933 930 930 933 933 930 928 928 928 928 928
    928 928 928 928 928 928 925 925 925 923 923 920 920 920 920 920 920
    920 920 918 0 956 954 954 954 954 954 954 951 951 948 948 948 948
    946 946 946 946 946 946 943 943 940 940 940 938 938 938 938 938 938
    938 938 935 935 935 935 935 933 933 933 933 933 933 933 930 928 928
    928 928 928 928 928 928 928 928 928 928 925 925 923 923 923 920 920
    920 920 920 920 918 0 956 956 954 954 954 954 954 954 951 951 951
    948 948 948 946 946 946 946 946 943 943 943 943 940 940 938 938 938
    940 938 938 938 938 935 935 935 935 933 933 933 933 933 933 933 930
    928 928 928 928 928 930 928 928 928 928 928 928 928 925 925 925 923
    923 923 923 923 923 920 920 0 956 956 954 954 956 954 954 954 954
    951 951 948 948 948 948 948 946 946 946 946 946 946 943 943 940 940
    940 940 940 938 938 938 938 938 935 935 935 935 935 935 935 935 933
    933 930 930 930 930 930 930 930 930 928 928 928 928 928 928 928 925
    925 925 923 923 923 925 925 923 923 964 956 956 954 954 956 956 956
    956 954 954 951 951 951 948 948 948 946 946 946 946 946 943 943 943
    943 940 940 940 940 938 938 938 938 938 935 935 935 935 935 935 935
    935 935 935 933 933 933 933 930 930 930 930 930 930 930 928 928 928
    928 928 925 925 925 925 925 925 925 923 923 956 956 956 954 954 956
    956 956 956 954 954 954 951 951 951 948 948 948 948 946 946 946 943
    943 943 943 943 943 943 943 940 938 938 938 938 935 935 938 938 938
    935 935 935 935 935 935 933 933 933 933 933 933 930 930 930 930 930
    928 928 928 928 928 925 925 925 925 925 925 923 920 956 956 956 954
    954 956 956 956 956 956 956 954 954 951 951 948 948 948 948 948 946
    946 943 943 946 946 943 943 943 943 940 938 938 938 938 938 938 938
    938 935 935 935 935 935 935 935 935 933 933 933 933 933 933 930 930
    930 930 930 928 928 928 928 928 928 928 928 928 928 923 920 956 956
    956 956 956 956 956 956 956 956 956 956 954 951 951 951 951 948 948
    948 948 946 946 946 946 946 943 943 943 946 940 938 938 938 938 938
    938 938 938 935 935 935 935 935 935 935 935 935 933 933 933 935 933
    930 930 930 930 930 930 930 930 928 928 928 928 928 928 928 925 923
    959 956 956 959 959 959 959 956 956 956 956 956 954 951 951 951 951
    948 948 948 948 948 946 946 946 946 946 946 946 946 940 940 938 938
    938 938 938 938 938 935 935 935 935 935 935 935 935 935 933 933 933
    935 933 930 930 930 930 930 930 930 930 930 928 928 928 928 928 925
    925 920 0 956 956 959 959 959 959 959 956 956 956 956 954 954 951
    951 951 948 948 948 948 948 948 948 946 946 946 946 946 946 943 940
    940 940 938 938 938 938 938 935 935 935 935 935 935 935 935 935 933
    933 933 935 935 933 930 930 930 930 930 930 930 930 928 928 928 928
    928 925 925 920 0 959 959 959 959 959 959 959 956 956 956 956 954
    954 954 954 954 951 948 948 948 948 948 948 948 946 946 946 946 946
