<?xml version="1.0"?>
<opencv_storage>
<Depth10785 type_id="opencv-matrix">
  <rows>10</rows>
  <cols>14</cols>
  <dt>w</dt>
  <data>
    3614 3614 3399 3399 3399 3399 3433 3433 3399 3399 4522 4522 4582
    4582 4582 4582 4582 4582 3399 3399 3433 4582 4522 4522 4522 4522
    4522 4582 4582 4582 4582 4582 4582 4645 4645 4582 4522 4522 4522
    4522 4522 4582 4645 4645 4582 4582 4582 4645 4645 4582 4522 4522
    4522 4522 4582 4582 4708 4645 4582 4582 4582 4582 4645 4582 4582
    4582 4582 4582 4582 4582 4708 4645 4582 4582 4582 4582 4645 4582
    4582 4582 4582 4582 4582 4582 4708 4645 4582 4582 4582 4645 4645
    4582 4582 4582 4582 4582 4582 4582 4708 4645 4645 4645 4645 4582
    4582 4582 4582 4582 4582 4522 4522 4522 4645 4645 4645 4645 4645
    4582 4582 4582 4582 4582 4522 4522 4522 4522 4645 4645 4645 4645
    4645 4645 4645 4582 4582 4582 4522 4522 4522 4522</data></Depth10785>
</opencv_storage>
