<?xml version="1.0"?>
<opencv_storage>
<Depth13223 type_id="opencv-matrix">
  <rows>23</rows>
  <cols>16</cols>
  <dt>w</dt>
  <data>
    4463 4463 4463 4405 4405 4405 4295 4295 4241 4190 4190 4241 4241
    4241 4241 4241 4522 4522 4463 4463 4405 4405 4295 4295 4295 4241
    4241 4241 4241 4295 4241 4241 4522 4463 4463 4463 4405 4405 4349
    4349 4295 4295 4241 4241 4241 4295 4295 4295 4463 4463 4463 4405
    4405 4405 4349 4349 4295 4295 4295 4295 4295 4295 4241 4241 4463
    4463 4463 4405 4405 4405 4295 4295 4349 4295 4295 4295 4295 4295
    4241 4241 4463 4463 4463 4405 4349 4349 4295 4295 4349 4295 4295
    4295 4295 4295 4241 4241 4463 4463 4463 4405 4349 4349 4295 4295
    4349 4295 4295 4295 4295 4295 4241 4190 4463 4463 4463 4405 4349
    4349 4295 4295 4349 4295 4295 4295 4295 4295 4241 4190 4463 4463
    4463 4405 4405 4349 4349 4295 4295 4295 4295 4295 4295 4295 4241
    4190 4463 4463 4463 4405 4405 4349 4349 4295 4295 4295 4295 4295
    4295 4295 4241 4241 4463 4463 4463 4405 4405 4349 4349 4349 4349
    4295 4295 4295 4295 4295 4295 4241 4405 4405 4405 4405 4405 4405
    4349 4349 4295 4295 4295 4295 4295 4241 4241 4241 4405 4405 4405
    4405 4405 4405 4349 4349 4295 4295 4295 4295 4241 4241 4241 4190
    4405 4405 4405 4405 4405 4349 4349 4295 4295 4295 4295 4295 4241
    4241 4241 4190 6497 4405 4405 4405 4405 4349 4295 4295 4295 4295
    4295 4295 4241 4241 4241 4139 4405 4405 4405 4405 4349 4349 4295
    4295 4295 4295 4295 4295 4241 4241 4241 4139 4405 4405 4405 4405
    4349 4349 4295 4295 4295 4295 4295 4295 4295 4295 4241 4241 4405
    4405 4405 4405 4349 4349 4295 4295 4295 4295 4295 4295 4241 4241
    4241 4241 4405 4405 4405 4405 4349 4349 4349 4295 4295 4295 4295
    4295 4241 4241 4241 4241 6497 4463 4405 4405 4405 4405 4349 4295
    4295 4295 4295 4295 4241 4241 4241 4241 6497 4463 4405 4405 4405
    4405 4405 4295 4295 4295 4295 4295 4295 4241 4241 4241 6622 6497
    4405 4405 4405 4405 4349 4295 4295 4295 4295 4295 4295 4241 4241
    4241 6497 6497 6375 4405 4295 4241 4241 4241 4241 4405 0 6259 6259
    6259 6259 6259</data></Depth13223>
</opencv_storage>
