<?xml version="1.0"?>
<opencv_storage>
<Depth9231 type_id="opencv-matrix">
  <rows>12</rows>
  <cols>41</cols>
  <dt>w</dt>
  <data>
    3178 3178 3178 3178 3178 3208 3208 3208 3300 3300 3300 3300 3300
    3365 3365 3300 3269 3269 3300 3300 3269 3269 3333 3333 3774 3774
    3774 4089 4190 4190 4241 4241 4241 4190 4190 4190 4139 4139 4190
    4139 4089 3092 3092 3208 3178 3178 3178 3208 3208 3269 3269 3269
    3300 3300 3333 3333 3300 3269 3269 3300 3269 3238 3238 3269 3269
    3300 3774 3269 3269 3269 3269 4190 4241 4241 4295 4295 4139 4190
    4190 4190 4190 4190 3092 3092 3208 3178 3178 3178 3178 3208 3269
    3238 3238 3238 3238 3269 3269 3238 3208 3208 3208 3208 3178 3178
    3238 3269 3300 3300 3269 3269 3269 3269 4190 4190 3238 3238 3269
    4139 4139 4139 4139 4139 4139 3178 3178 3208 3178 3178 3178 3178
    3208 3238 3238 3238 3238 3238 3238 3238 3238 3208 3208 3208 3208
    3149 3149 3208 3269 3300 3300 3300 3300 3300 3269 3269 3238 3238
    3238 3269 4190 4139 4139 4139 4139 4139 3178 3178 3208 3208 3178
    3178 3208 3208 3238 3238 3238 3238 3238 3238 3238 3208 3208 3208
    3208 3208 3149 3149 3208 3269 3300 3300 3300 3300 3269 3269 3269
    3238 3238 3238 3269 4190 4190 4190 4139 4139 4139 3208 3178 3178
    3178 3178 3178 3208 3208 3238 3238 3238 3208 3208 3238 3238 3208
    3208 3208 3208 3208 3208 3208 3238 3269 3300 3300 3300 3269 3269
    3269 3300 3238 3238 3238 3238 3238 3208 3178 4139 4139 4139 3208
    3178 3178 3178 3178 3208 3208 3208 3208 3208 3208 3208 3208 3208
    3238 3238 3238 3208 3208 3208 3238 3238 3238 3269 3300 3300 3269
    3269 3269 3269 3300 3238 3238 3238 3208 3208 3208 3178 3120 3092
    3092 3208 3208 3208 3208 3208 3238 3238 3238 3208 3208 3208 3208
    3208 3208 3208 3208 3238 3238 3208 3208 3238 3269 3269 3269 3300
    3300 3269 3269 3269 3269 3269 3269 3269 3238 3208 3208 3208 3178
    3120 3092 3064 3178 3178 3208 3238 3238 3238 3238 3238 3208 3208
    3208 3208 3208 3208 3208 3208 3238 3238 3208 3208 3208 3208 3238
    3269 3300 3300 3269 3269 3269 3269 3269 3269 3269 3238 3238 3208
    3208 3178 3149 3092 3064 3178 3178 3208 3238 3238 3238 3208 3208
    3208 3208 3208 3208 3208 3208 3238 3269 3269 3269 3238 3238 3208
    3208 3238 3269 3300 3300 3269 3269 3269 3300 3300 3269 3238 3238
    3238 3208 3208 3178 3149 3120 3064 3178 3178 3178 3238 3208 3208
    3208 3208 3208 3208 3208 3208 3208 3208 3238 3269 3269 3300 3238
    3208 3208 3208 3238 3300 3269 3269 3300 3300 3300 3300 3300 3269
    3238 3238 3238 3238 3208 3178 3149 3120 3064 0 3178 3178 3238 3208
    3208 3208 3208 3208 3208 3208 3208 3238 3238 3269 3300 3300 3300
    3238 3208 3208 3208 3238 3269 3269 3269 3269 3269 3300 3300 3333
    3300 3269 3238 3238 3238 3208 3178 3178 3092 3064</data></Depth9231>
</opencv_storage>
