<?xml version="1.0"?>
<opencv_storage>
<Depth18698 type_id="opencv-matrix">
  <rows>188</rows>
  <cols>98</cols>
  <dt>w</dt>
  <data>
    2767 2767 2767 2767 2767 2789 2789 2835 2812 2812 2835 2835 2859
    2908 2908 0 0 0 0 0 0 2984 2984 2958 2958 2984 2984 3010 3010 3010
    3010 3010 3010 3010 0 0 0 0 547 547 3149 3149 3149 3120 3064 3064
    3092 3092 3208 3208 3178 3178 3178 3238 3238 3238 3238 3238 3238
    3238 3300 3333 0 0 502 502 502 502 502 502 3365 3365 3333 3300 3300
    3269 3269 3269 3399 3399 3399 3468 3503 3503 3468 3468 3468 3503
    3503 3503 3503 3503 3503 0 0 0 0 0 2767 2767 2767 2767 2767 2789
    2789 2835 2812 2812 2835 2835 2835 0 0 0 0 0 608 0 0 0 591 591 591
    591 581 572 572 572 0 0 566 0 0 0 547 0 0 547 0 544 3064 3064 3064
    3064 3092 3092 3092 3092 511 0 0 509 509 509 498 498 0 0 0 0 0 0 502
    501 501 501 502 502 3365 3365 3333 3300 3269 3238 3238 514 513 513
    524 523 523 524 524 524 529 530 538 538 536 536 536 536 538 547 545
    545 2767 2767 659 657 654 649 649 649 644 644 630 630 621 621 619
    616 616 610 608 604 600 593 591 591 591 591 581 572 572 572 572 566
    566 566 0 549 547 547 547 547 544 544 536 534 534 0 526 524 0 0 0
    511 511 509 509 509 498 498 0 0 0 0 0 502 502 501 501 501 502 503
    505 505 505 3269 3269 3238 514 514 513 513 524 523 523 524 524 529
    529 530 530 538 538 536 536 536 538 546 545 545 668 664 659 657 654
    649 646 644 644 644 630 630 622 621 618 615 612 610 608 601 596 593
    592 591 591 581 581 580 572 569 568 566 566 0 0 0 549 547 546 544
    544 544 536 534 534 534 526 524 524 524 0 511 511 509 509 509 498
    498 496 496 496 0 0 502 502 502 502 502 502 503 505 505 507 507 513
    513 513 514 514 514 524 524 524 524 525 529 529 530 530 538 538 538
    538 538 538 545 545 545 668 664 661 659 653 648 646 644 641 637 635
    630 622 621 618 614 611 609 608 601 596 594 592 591 587 581 581 580
    573 569 568 566 565 565 557 554 549 547 546 544 542 537 536 533 530
    530 526 524 524 524 514 511 511 508 505 504 503 498 496 496 496 495
    495 502 502 502 502 502 502 503 507 507 506 506 513 513 513 514 514
    514 523 522 522 525 525 529 529 530 533 534 539 539 540 540 545 545
    547 547 670 667 661 659 653 648 646 644 641 637 635 630 627 621 618
    614 611 609 608 601 596 595 593 591 586 583 582 580 573 570 568 567
    565 565 556 553 550 547 546 545 542 537 536 533 530 529 526 524 521
    520 514 512 511 508 505 504 503 502 496 496 495 495 0 498 498 498
    502 502 502 504 507 507 506 506 514 513 513 514 514 515 520 520 522
    525 525 529 529 531 533 534 534 541 541 542 545 545 547 548 671 670
    666 662 653 650 648 644 642 638 635 631 624 622 619 614 612 609 608
    601 597 595 593 588 586 584 583 581 573 570 568 567 565 561 556 553
    550 548 546 545 542 540 537 533 530 529 526 524 521 520 514 512 511
    510 506 504 504 496 496 496 495 495 495 498 498 498 498 502 502 504
    0 507 507 511 511 511 513 514 514 515 520 520 523 525 527 529 529
    531 533 534 534 534 545 545 545 545 546 547 671 670 666 662 655 653
    649 646 642 640 637 635 624 622 619 614 612 609 608 608 597 595 593
    588 586 584 584 581 575 572 569 567 565 561 558 553 550 548 546 545
    542 540 538 533 531 529 527 525 522 521 519 512 511 509 506 504 502
    496 496 496 494 494 495 498 498 498 499 0 0 0 0 507 507 511 511 511
    513 514 517 517 521 521 524 526 527 529 530 532 534 534 534 0 0 546
    546 546 546 547 672 671 668 662 657 655 652 649 642 640 637 635 627
    623 620 616 614 612 609 608 602 596 593 590 587 585 584 582 576 574
    570 569 566 562 560 553 551 549 548 546 543 540 538 534 531 529 527
    525 522 521 518 512 511 509 506 504 502 498 497 496 494 494 496 498
    499 499 499 0 0 0 0 0 514 514 514 514 514 515 517 517 522 522 525
    526 526 526 529 533 534 534 534 0 0 548 547 547 547 548 674 671 670
    663 658 655 652 649 644 641 637 635 628 625 621 618 615 612 610 608
    602 600 593 590 588 586 585 582 577 575 571 569 566 564 562 562 551
    550 548 546 543 541 540 537 532 529 528 526 522 521 518 514 512 511
    506 504 502 500 498 496 495 495 496 496 499 499 0 0 0 0 0 0 0 0 517
    517 517 517 517 521 521 523 526 526 526 526 529 534 534 534 534 0 0
    548 548 548 548 551 675 674 670 661 658 655 653 649 646 643 640 631
    628 625 623 619 616 613 611 608 602 600 597 593 590 588 587 584 577
    575 573 569 566 565 562 561 554 551 549 546 544 541 540 537 532 530
    529 527 527 521 518 514 513 511 511 504 502 500 499 496 495 495 496
    496 499 499 0 0 0 0 0 0 0 0 0 0 516 527 521 521 521 521 521 529 529
    529 530 530 530 0 544 544 544 548 548 548 550 552 676 675 671 661
    658 655 653 649 647 644 641 631 628 627 623 621 616 613 611 606 602
    600 598 595 591 589 588 583 578 576 573 569 566 565 563 558 554 554
    550 547 547 547 540 537 533 531 529 528 528 528 518 514 513 511 511
    511 502 501 500 498 496 496 498 499 499 502 0 0 0 0 0 0 0 0 514 516
    516 527 527 523 521 521 525 525 527 528 530 530 538 538 544 544 544
    545 546 548 552 554 676 675 671 663 661 658 653 649 647 646 643 632
    629 627 624 622 619 615 611 606 603 600 598 595 592 589 589 583 580
    577 573 570 568 565 564 558 554 554 550 547 547 545 540 537 533 531
    529 528 526 525 525 525 514 514 514 505 505 502 501 500 498 498 498
    499 501 502 502 0 0 0 511 511 512 513 514 516 516 516 525 524 524
    524 525 525 527 528 538 538 538 538 538 544 544 545 546 548 552 553
    676 675 674 663 661 658 655 650 647 644 643 636 630 628 625 623 620
    615 612 607 603 600 598 596 592 589 589 583 580 578 574 570 568 565
    565 557 554 554 551 548 547 545 541 537 534 532 530 529 526 525 521
    520 520 520 510 507 505 502 502 501 499 499 499 501 502 502 502 502
    0 511 511 511 512 513 514 516 516 516 525 524 524 524 525 527 528
    529 538 538 538 538 538 540 540 549 549 549 553 553 678 676 675 668
    662 659 657 652 647 644 643 636 631 629 627 623 620 616 614 608 606
    602 598 596 593 590 588 583 580 578 574 571 568 567 565 557 554 554
    551 549 547 546 541 538 536 533 530 529 527 524 521 518 518 518 509
    507 506 503 502 500 499 499 499 502 503 503 504 504 511 511 511 512
    514 514 515 517 517 524 524 525 525 525 526 527 529 529 535 537 538
    538 540 540 540 552 552 552 553 554 676 676 675 674 663 659 658 652
    647 646 643 641 634 630 627 624 621 618 615 608 606 603 600 598 596
    590 588 584 581 579 575 571 568 567 566 558 556 554 553 550 547 546
    543 539 537 535 531 529 527 524 522 518 518 518 509 507 506 504 502
    500 498 498 499 504 502 502 504 504 511 511 511 512 513 514 515 517
    517 523 523 525 525 525 526 527 529 529 535 536 538 539 541 541 545
    552 552 552 553 554 676 676 675 671 663 661 658 654 650 646 643 641
    634 631 628 625 622 618 615 608 606 603 600 598 596 592 589 584 581
    579 576 573 570 568 566 559 557 555 554 552 549 546 544 540 537 536
    531 529 527 525 522 519 518 518 518 507 507 505 504 501 498 498 504
    504 502 502 504 504 511 511 511 511 512 514 515 517 517 521 523 525
    525 525 526 527 534 535 534 534 535 542 542 544 545 545 552 552 552
    0 676 676 674 671 667 662 658 654 652 648 644 641 636 631 628 625
    623 622 616 609 606 604 601 598 596 593 591 586 582 579 577 574 571
    568 565 561 558 556 554 553 550 546 544 540 538 536 532 529 527 525
    523 520 518 518 518 507 507 505 504 502 502 504 504 504 504 504 514
    513 511 511 511 511 512 514 517 517 519 521 524 525 525 526 526 528
    534 534 534 534 534 543 543 544 545 546 546 552 552 0 0 675 674 671
    668 663 659 654 652 649 646 642 636 631 628 627 624 622 619 610 607
    606 602 599 596 594 592 586 583 580 578 576 572 568 565 562 560 556
    554 553 550 547 542 540 538 536 534 530 528 525 521 520 518 518 518
    507 507 505 504 502 502 502 502 504 504 505 514 513 512 512 511 511
    513 514 517 517 519 522 524 525 526 527 527 530 534 534 534 534 534
    543 544 545 545 545 552 552 552 552 682 675 674 671 670 663 659 655
