<?xml version="1.0"?>
<opencv_storage>
<Depth8231 type_id="opencv-matrix">
  <rows>6</rows>
  <cols>21</cols>
  <dt>w</dt>
  <data>
    5640 5734 5734 5734 5734 5734 5734 5548 5548 5640 5640 5734 5832
    5832 5832 5933 5933 5832 5832 5734 5640 5640 5734 5734 5734 5734
    5734 5734 5734 5734 5734 5734 5734 5832 5832 5832 5832 5832 5832
    5832 5734 5640 0 0 5734 5734 5734 5734 5734 5734 5832 5734 5734 5734
    5832 5832 5832 5832 5832 5832 5832 5734 5640 0 0 0 5734 5734 5734
    5734 5734 5832 5832 5832 5832 5832 5832 5832 5832 5832 5832 5832
    5832 5832 0 0 0 0 0 5734 5734 5734 5734 5734 5734 5832 5832 5832
    5832 5734 5734 5734 5734 5832 5832 0 0 0 0 0 0 0 5734 5734 5734 5734
    5832 5832 5832 5832 5734 5734 5734 5734 5832 5832</data></Depth8231>
</opencv_storage>
