<?xml version="1.0"?>
<opencv_storage>
<Depth4871 type_id="opencv-matrix">
  <rows>77</rows>
  <cols>59</cols>
  <dt>w</dt>
  <data>
    3064 3064 3064 3064 3064 3064 3064 3064 3092 3092 3092 3092 3120
    3120 3120 3120 3120 3120 3120 3149 3178 3208 3238 3238 3238 3238
    3238 3238 3903 3903 3903 3903 3903 3859 3859 3859 3859 3816 3816
    3774 1354 1343 1333 1328 1322 1317 1317 3539 3539 3503 3503 3576
    3576 3576 3539 3539 3539 3503 3503 3064 3064 3064 3064 3064 3064
    3092 3092 3092 3092 3092 3092 3092 3092 3092 3120 3120 3120 3120
    3149 3149 3208 3238 3238 3238 3238 3269 3269 3300 3903 3903 3903
    3903 3859 3859 3859 3816 3816 3816 3732 1354 1343 1333 1317 1317
    1317 1317 3539 3539 3433 3433 3503 3539 3576 3576 3576 3539 3539
    3503 3064 3064 3064 3064 3064 3064 3064 3064 3092 3064 3064 3092
    3092 3092 3092 3092 3092 3092 3120 3120 3149 3208 3208 3238 3208
    3208 3238 3300 3300 3903 3903 3948 3948 3859 3859 3859 1273 1273
    3732 3732 1354 1354 3692 1307 1307 1312 1312 1317 1322 3433 3433
    3503 3539 3576 3539 3539 3539 3539 3503 3064 3064 3064 3064 3064
    3064 3064 3064 3064 3064 3064 3064 3064 3064 3092 3092 3092 3092
    3120 3120 3120 3208 3208 1322 1322 1322 3238 3238 1307 1292 1288
    1288 1278 1278 1278 1278 1273 1273 1273 1268 1268 1273 1292 1292
    1297 1307 1312 1317 1322 1328 1328 3539 3539 3576 3539 3539 3539
    3539 3539 3064 3064 3092 3064 3064 3064 3064 3064 3064 3064 3064
    3064 3064 3037 3037 3037 3037 3037 3092 3120 3120 1317 1317 1317
    1317 1317 1317 1307 1302 1292 1288 1288 1278 1278 1273 1273 1268
    1268 1268 1268 1268 1273 1278 1288 1292 1297 1312 1317 1322 1328
    1328 3576 3576 3576 3576 3576 3539 3539 3539 3064 3092 3092 3064
    3064 3064 3064 3064 3064 3037 3037 3037 3037 3037 3037 3010 1343
    1333 1333 1328 1328 1317 1317 1312 1312 1312 1312 1302 1302 1292
    1288 1288 1278 1278 1273 1273 1268 1268 1268 1268 1273 1273 1278
    1288 1292 1297 1312 1317 1322 1322 1322 3576 3576 3576 3576 3576
    3539 3539 3539 3064 3064 3064 3064 3064 3064 1387 1387 3037 3037
    3010 1370 1359 1359 1359 1354 1338 1333 1333 1328 1328 1317 1317
    1312 1307 1307 1307 1302 1297 1292 1292 1288 1283 1278 1273 1268
    1268 1268 1268 1268 1273 1278 1278 1288 1292 1297 1307 1312 1317
    1322 1322 3576 3576 3576 3576 3576 3539 3539 3539 3064 3064 1421
    1415 1392 1392 1387 1387 1381 1381 3010 1365 1354 1354 1354 1343
    1338 1333 1333 1328 1328 1317 1312 1312 1307 1307 1307 1302 1297
    1292 1292 1288 1283 1278 1273 1268 1268 1268 1268 1268 1273 1278
    1278 1288 1292 1297 1307 1312 1317 1317 1317 3576 3576 3576 3576
    3539 3539 3539 3539 1421 1415 1410 1398 1392 1392 1387 1381 1376
    1376 1370 1365 1354 1354 1354 1343 1338 1338 1333 1333 1328 1317
    1312 1312 1307 1307 1307 1302 1302 1297 1292 1288 1283 1278 1273
    1268 1268 1268 1268 1268 1273 1278 1283 1288 1292 1297 1302 1312
    1317 1317 1317 3576 3576 3576 3576 3539 3539 3539 3539 1421 1415
    1404 1392 1392 1387 1387 1381 1376 1376 1370 1365 1354 1354 1354
    1343 1343 1338 1333 1333 1328 1317 1312 1312 1307 1307 1307 1302
    1302 1297 1292 1288 1283 1278 1273 1273 1268 1264 1264 1264 1268
    1273 1278 1288 1292 1297 1302 1312 1317 1317 1322 1322 3653 3576
    3576 3539 3539 3539 3539 1427 1415 1404 1392 1392 1387 1387 1381
    1376 1370 1370 1365 1359 1354 1354 1349 1343 1338 1333 1333 1328
    1322 1317 1312 1312 1307 1307 1302 1297 1292 1292 1288 1283 1278
    1273 1273 1268 1264 1264 1264 1268 1273 1278 1283 1292 1297 1302
    1307 1317 1317 1322 1322 3576 3576 3576 3539 3539 3539 3539 1427
    1421 1404 1398 1392 1392 1387 1381 1376 1370 1370 1365 1359 1359
    1354 1349 1343 1343 1338 1333 1328 1322 1322 1317 1312 1307 1307
    1302 1297 1292 1292 1288 1283 1278 1278 1273 1268 1264 1264 1264
    1264 1273 1278 1283 1288 1297 1302 1307 1312 1312 1328 1328 3576
    3576 3576 3576 3576 3539 3539 1433 1415 1410 1398 1398 1392 1392
    1387 1381 1376 1370 1370 1365 1359 1354 1349 1343 1343 1338 1333
    1328 1322 1322 1317 1312 1307 1307 1302 1297 1292 1292 1288 1283
    1283 1278 1273 1268 1264 1264 1264 1264 1273 1278 1283 1288 1292
    1302 1307 1312 1312 1328 1328 3576 3576 3576 3576 3576 3539 3539
    1410 1410 1410 1404 1398 1392 1392 1387 1381 1376 1370 1370 1365
    1359 1354 1349 1343 1343 1338 1333 1328 1322 1317 1317 1312 1307
    1307 1302 1297 1292 1292 1288 1283 1283 1278 1273 1273 1268 1264
    1264 1264 1273 1278 1283 1288 1292 1297 1307 1312 1312 1312 1312
    3576 3576 3576 3576 3576 3539 3539 1410 1410 1410 1404 1398 1392
    1392 1387 1381 1376 1370 1370 1370 1365 1354 1349 1343 1343 1338
    1333 1328 1322 1317 1317 1312 1312 1312 1302 1297 1292 1292 1288
    1283 1283 1278 1273 1273 1268 1264 1264 1264 1268 1278 1283 1288
    1292 1297 1302 1312 1312 1312 1312 3614 3614 3576 3576 3576 3539
    3539 1415 1415 1404 1404 1398 1392 1392 1392 1381 1381 1376 1370
    1370 1365 1354 1349 1343 1343 1338 1333 1328 1322 1317 1317 1312
    1312 1312 1307 1302 1292 1292 1288 1283 1283 1278 1273 1273 1273
    1268 1264 1264 1268 1273 1283 1288 1292 1297 1302 1312 1317 1317
    1317 3614 3614 3576 3576 3576 3576 3576 1415 1415 1404 1404 1398
    1398 1392 1392 1381 1381 1376 1370 1370 1365 1354 1349 1343 1343
    1338 1333 1328 1328 1322 1317 1312 1312 1312 1312 1307 1302 1297
    1292 1288 1283 1278 1273 1273 1273 1268 1264 1264 1268 1268 1278
    1288 1292 1297 1302 1312 1317 1322 1322 3614 3614 3614 3576 3576
    3576 3576 1421 1421 1415 1404 1398 1398 1392 1392 1387 1381 1376
    1370 1370 1365 1354 1349 1343 1343 1338 1333 1328 1328 1322 1317
    1312 1312 1312 1312 1307 1307 1297 1292 1288 1283 1278 1273 1273
    1273 1273 1268 1268 1268 1268 1278 1283 1292 1297 1302 1312 1317
    1317 1317 3653 3653 3576 3576 3576 3576 3576 1421 1421 1415 1410
    1404 1398 1398 1392 1387 1381 1376 1370 1370 1365 1354 1354 1349
    1343 1338 1333 1328 1328 1322 1317 1312 1312 1312 1312 1307 1307
    1302 1292 1288 1283 1278 1273 1273 1273 1268 1268 1268 1268 1273
    1278 1283 1292 1297 1302 1312 1317 1317 1317 1317 3576 3576 3576
    3576 3576 3576 1433 1427 1415 1410 1404 1398 1392 1387 1387 1381
    1376 1370 1370 1365 1354 1354 1349 1343 1338 1333 1333 1328 1328
    1322 1317 1312 1312 1312 1312 1307 1302 1292 1288 1283 1278 1278
    1273 1273 1268 1268 1268 1268 1273 1278 1283 1292 1297 1302 1312
    1312 1317 1317 0 3539 3539 3539 3576 3576 3539 1427 1427 1415 1415
    1404 1398 1392 1387 1387 1381 1381 1376 1370 1370 1365 1354 1349
    1343 1338 1333 1333 1328 1328 1328 1322 1317 1317 1312 1312 1307
    1302 1292 1288 1283 1278 1278 1273 1273 1273 1268 1268 1268 1273
    1278 1288 1292 1297 1302 1312 1312 1317 1317 0 3539 3539 3539 3576
    3539 3539 1427 1421 1415 1415 1404 1398 1392 1392 1387 1381 1381
    1376 1370 1370 1359 1354 1349 1349 1338 1333 1333 1328 1328 1328
    1322 1317 1317 1312 1312 1307 1297 1292 1292 1288 1283 1278 1278
    1273 1273 1268 1268 1273 1273 1278 1288 1292 1297 1302 1312 1312
    1317 1317 0 3539 3539 3539 3576 3539 3539 1427 1421 1415 1415 1404
    1398 1392 1392 1387 1381 1381 1376 1370 1370 1359 1354 1349 1349
    1338 1333 1333 1333 1328 1328 1322 1322 1317 1312 1312 1307 1297
    1297 1292 1288 1283 1278 1278 1273 1273 1268 1268 1273 1273 1278
    1288 1292 1297 1302 1307 1312 1317 1317 0 3539 3539 3539 3576 3576
    3539 1427 1421 1415 1415 1410 1398 1398 1392 1387 1381 1381 1376
    1370 1370 1359 1354 1354 1349 1343 1338 1333 1333 1333 1328 1322
    1317 1317 1312 1312 1307 1302 1297 1292 1292 1288 1283 1278 1278
    1273 1268 1268 1273 1278 1278 1288 1297 1297 1302 1307 1307 1322
    1322 1317 3576 3576 3576 3576 3576 3539 1421 1421 1415 1410 1410
    1404 1398 1398 1392 1387 1381 1376 1370 1370 1359 1354 1354 1349
    1349 1338 1333 1333 1328 1328 1322 1317 1317 1312 1312 1307 1302
    1297 1292 1292 1292 1288 1283 1278 1273 1268 1268 1268 1273 1273
    1278 1292 1297 1297 1307 1307 1317 1317 1317 0 3614 3614 3614 3576
