<?xml version="1.0"?>
<opencv_storage>
<Depth0671 type_id="opencv-matrix">
  <rows>16</rows>
  <cols>23</cols>
  <dt>w</dt>
  <data>
    6259 6259 6259 6259 6259 6259 6259 6259 6259 6259 4582 4522 4522
    4463 4463 4405 4405 4463 4463 4522 4522 6259 6146 6259 6259 6259
    6259 6259 6259 6259 4522 4522 4522 4522 4522 4522 4522 4522 4522
    4522 4522 4463 4463 4463 4463 4463 6146 6259 6259 6259 4405 4405
    4463 4522 4522 4522 4522 4522 4522 4463 4463 4463 4405 4405 4405
    4405 4463 4463 4463 6146 4463 4463 4463 4405 4405 4463 4522 4463
    4463 4463 4463 4463 4463 4463 4463 4405 4405 4405 4405 4405 4405
    4405 4522 4463 4463 4463 4463 4463 4463 4463 4463 4405 4405 4405
    4405 4405 4405 4405 4405 4405 4405 4405 4405 4405 4405 4522 4522
    4522 4463 4405 4405 4405 4405 4405 4405 4405 4405 4405 4405 4405
    4349 4349 4405 4405 4405 4405 4405 4349 4522 4463 4405 4405 4405
    4405 4405 4405 4405 4405 4349 4349 4349 4405 4405 4349 4349 4405
    4405 4405 4405 4405 4349 4463 4463 4405 4405 4349 4349 4349 4405
    4349 4349 4349 4349 4349 4349 4349 4349 4405 4349 4349 4405 4349
    4349 4295 4405 4405 4349 4349 4349 4349 4349 4349 4349 4349 4349
    4349 4349 4349 4349 4349 4349 4349 4349 4349 4349 4349 4295 4405
    4405 4349 4349 4349 4349 4349 4349 4349 4349 4349 4349 4349 4349
    4349 4349 4349 4349 4349 4349 4349 4349 4349 4405 4349 4349 4349
    4349 4349 4349 4349 4349 4349 4349 4349 4349 4349 4349 4349 4349
    4349 4349 4349 4349 4349 4349 4295 4349 4349 4349 4349 4349 4349
    4349 4349 4349 4349 4349 4349 4349 4349 4349 4349 4349 4349 4349
    6375 6375 6375 4295 4349 4349 4349 4349 4349 4349 4349 4349 4349
    4349 4349 4349 4349 4349 4349 4349 6259 6259 6259 6259 6259 6259
    4349 4349 4349 4349 4349 4349 4349 4349 4349 4349 4349 4405 4405
    4405 4405 6259 6259 6259 6259 6259 6259 6259 6259 6259 4349 4349
    4349 4349 4349 4349 4349 4405 4405 4405 4405 4405 6259 6259 6259
    6259 6259 6259 6259 6259 6259 6259 6259 6259 4349 4295 4295 4349
    4349 4349 6259 6146 6146 6259 6259 6259 6259 6259 6259 6259 6259
    6259 6259 6259 6259</data></Depth0671>
</opencv_storage>
