<?xml version="1.0"?>
<opencv_storage>
<Depth13229 type_id="opencv-matrix">
  <rows>22</rows>
  <cols>18</cols>
  <dt>w</dt>
  <data>
    4463 4463 4405 4295 4295 4295 4349 4349 4349 4349 4349 4405 4295
    4295 6375 6375 6375 6375 4463 4463 4405 4349 4349 4349 4349 4349
    4349 4349 4295 4295 4295 4295 4295 4295 4295 6375 4522 4463 4405
    4349 4349 4349 4349 4349 4349 4349 4295 4295 4295 4295 4295 4295
    4295 4241 4522 4463 4405 4349 4349 4349 4349 4349 4349 4349 4349
    4295 4295 4295 4295 4295 4241 4241 4463 4463 4349 4349 4295 4295
    4295 4295 4295 4349 4349 4295 4295 4295 4295 4295 4241 4241 4463
    4463 4349 4349 4295 4295 4295 4295 4295 4295 4295 4295 4295 4295
    4295 4295 4190 4190 4463 4405 4349 4349 4295 4295 4295 4295 4295
    4295 4295 4295 4295 4295 4295 4295 4190 4190 4463 4405 4349 4349
    4295 4295 4295 4295 4295 4295 4295 4295 4349 4349 4295 4295 4295
    4295 4405 4405 4349 4349 4295 4295 4295 4295 4295 4295 4295 4295
    4295 4349 4349 4295 4295 4295 4405 4349 4349 4349 4349 4295 4295
    4295 4295 4295 4295 4295 4295 4349 4295 4295 4295 4295 4405 4349
    4349 4349 4349 4295 4295 4295 4295 4295 4295 4295 4295 4295 4295
    4295 4295 4295 4405 4349 4349 4349 4349 4349 4295 4295 4295 4295
    4295 4295 4295 4295 4295 4295 4295 4295 4349 4349 4349 4349 4295
    4295 4295 4295 4295 4295 4295 4295 4295 4295 4295 4295 4295 6375
    4349 4349 4295 4295 4295 4295 4295 4295 4295 4295 4295 4295 4295
    4295 4295 4295 4295 4295 4349 4349 4295 4295 4295 4295 4295 4295
    4295 4295 4295 4295 4295 4295 4295 4295 4295 4295 4349 4349 4295
    4295 4295 4295 4295 4295 4295 4295 4295 4295 4295 4295 4295 4295
    4241 4241 4349 4349 4295 4295 4295 4241 4241 4295 4295 4295 4295
    4295 4295 4295 4295 4241 4241 4241 4349 4349 4295 4295 4295 4241
    4241 4295 4295 4295 4295 4295 4295 4295 4295 4241 4241 4241 4405
    4349 4295 4295 4241 4241 4295 4241 4241 4295 4295 4295 4295 4295
    4295 4241 4241 6038 4349 4295 4295 4295 4241 4241 4295 4241 4241
    4295 4295 4295 4241 4241 4241 4241 4241 4241 4349 4295 4295 4295
    4295 4295 4295 4295 4295 4295 4295 4241 4241 4241 4241 4241 4241
    4241 6497 4349 4349 4295 4295 4295 4295 4295 4295 4295 4295 4241
    4241 4241 4241 4241 4295 6375</data></Depth13229>
</opencv_storage>
