<?xml version="1.0"?>
<opencv_storage>
<Depth6685 type_id="opencv-matrix">
  <rows>85</rows>
  <cols>54</cols>
  <dt>w</dt>
  <data>
    3994 3994 3994 3994 4041 4041 4041 3994 3994 3994 3994 3994 4041
    4041 4041 4041 4041 4041 4041 4041 4041 4041 4041 4041 4041 4041
    3994 3994 4041 4041 4041 3994 1206 1202 1189 1185 1181 1181 1181
    1185 1189 1193 1193 4089 4089 4041 4041 4041 4041 4041 3994 3994
    3994 3994 3994 3994 3994 3994 3994 4041 4041 4041 3994 3994 4041
    4041 4041 4041 4041 4041 4041 4041 4041 4041 4041 4041 4041 4041
    4041 4041 3994 3994 1214 1214 1214 1214 1206 1197 1185 1185 1181
    1181 1181 1181 1185 1193 1193 1197 1197 4041 4041 4041 4041 4041
    3994 3994 3994 3994 3994 3994 3994 3994 3994 4041 4041 4041 4041
    4041 4041 3994 3994 4041 4041 4041 4041 4041 4041 4041 4041 4041
    4041 4041 4041 4041 4041 1214 1214 1214 1214 1210 1202 1197 1185
    1181 1181 1181 1181 1181 1185 1189 1193 1197 1202 1202 1210 4041
    4041 4089 4041 3994 3994 3994 3994 3994 3994 3994 3994 4041 4041
    4041 4041 4041 4041 3994 3994 4041 4041 4041 4041 4041 4041 4041
    4041 4041 4041 1255 1250 1241 1236 1227 1219 1214 1214 1210 1202
    1197 1185 1181 1181 1181 1181 1181 1185 1189 1193 1197 1202 1202
    1210 1214 1214 1219 1219 1219 1219 4089 3994 3994 3994 3994 3994
    4041 4041 4041 4041 4041 4041 3994 3994 4041 4041 4041 4041 4041
    4041 4041 4089 4089 4089 1250 1245 1236 1232 1227 1219 1214 1210
    1206 1202 1197 1185 1181 1181 1181 1181 1181 1185 1189 1197 1197
    1202 1202 1206 1214 1214 1219 1219 1219 1219 1232 3994 3994 3994
    3994 4041 4041 3994 3994 3994 3994 3994 3994 3994 4089 4041 4041
    4041 4041 1273 1273 1273 1259 1255 1250 1241 1232 1227 1223 1219
    1214 1210 1202 1197 1197 1181 1181 1181 1181 1181 1181 1185 1189
    1193 1197 1197 1202 1206 1210 1214 1219 1219 1219 1232 1232 3994
    4041 4041 4041 4041 3994 3994 3994 3948 3948 3948 3948 3994 4089
    4041 4041 1288 1283 1283 1273 1273 1259 1250 1245 1236 1232 1223
    1219 1219 1210 1202 1202 1189 1189 1181 1177 1177 1177 1177 1181
    1185 1189 1193 1197 1197 1202 1202 1206 1210 1214 1219 1219 1232
    1232 4041 3994 3994 3994 3994 3994 3994 3994 3948 3948 3948 3948
    4041 4089 4139 1297 1288 1283 1283 1273 1273 1259 1250 1245 1236
    1232 1223 1219 1214 1210 1202 1202 1189 1181 1177 1173 1173 1173
    1177 1181 1185 1185 1189 1193 1197 1197 1202 1206 1210 1214 1219
    1219 1227 1227 4041 3994 3994 3994 3994 3994 3994 3994 3948 3948
    3948 1322 1322 1317 1307 1297 1292 1288 1283 1273 1268 1259 1250
    1241 1236 1232 1223 1219 1214 1210 1202 1197 1185 1177 1173 1169
    1169 1173 1173 1177 1181 1185 1189 1189 1193 1197 1202 1202 1206
    1210 1214 1219 1227 1227 4041 3994 3994 3994 3994 3994 3994 3994
    1365 1365 1365 1317 1317 1312 1307 1297 1292 1283 1278 1273 1268
    1250 1245 1236 1236 1232 1223 1219 1214 1210 1202 1189 1181 1177
    1173 1169 1169 1169 1173 1177 1181 1185 1185 1189 1193 1197 1202
    1202 1206 1210 1214 1219 1227 1227 3994 3994 3994 3994 3994 3994
    3994 1354 1354 1354 1354 1317 1317 1312 1302 1297 1292 1283 1273
    1273 1264 1250 1241 1236 1232 1227 1223 1214 1214 1210 1202 1189
    1181 1173 1169 1169 1169 1169 1173 1173 1181 1181 1185 1189 1193
    1197 1202 1202 1206 1210 1214 1219 1227 1236 3994 3994 3994 3994
    3994 1365 1359 1354 1349 1349 1333 1322 1312 1307 1302 1292 1288
    1283 1273 1268 1255 1250 1241 1236 1232 1227 1223 1214 1210 1206
    1202 1185 1181 1173 1169 1169 1165 1165 1169 1169 1177 1181 1185
    1189 1193 1197 1202 1202 1206 1210 1214 1219 1227 1236 3948 3994
    3994 1365 1365 1365 1354 1349 1343 1333 1328 1317 1312 1307 1297
    1292 1288 1278 1273 1268 1255 1250 1241 1236 1232 1227 1219 1214
    1210 1202 1189 1185 1181 1169 1169 1169 1165 1165 1169 1169 1173
    1181 1181 1185 1193 1197 1197 1202 1206 1210 1210 1214 1227 1227
    3948 3994 3994 1365 1365 1359 1354 1343 1343 1333 1322 1317 1307
    1302 1297 1292 1288 1278 1273 1268 1255 1250 1241 1236 1232 1227
    1219 1214 1206 1202 1189 1185 1177 1165 1165 1165 1165 1165 1169
    1169 1173 1177 1181 1185 1189 1193 1197 1202 1206 1210 1210 1214
    1223 1232 3948 3948 3948 1365 1365 1359 1354 1338 1338 1328 1322
    1312 1307 1302 1292 1288 1283 1278 1273 1264 1250 1245 1236 1232
    1232 1223 1219 1210 1206 1197 1185 1185 1177 1165 1165 1165 1165
    1165 1165 1169 1173 1177 1181 1181 1185 1193 1197 1202 1202 1206
    1210 1214 1223 1232 0 3994 0 1354 1354 1354 1349 1338 1333 1328 1317
    1312 1307 1302 1292 1288 1283 1273 1268 1264 1250 1245 1236 1232
    1227 1219 1219 1210 1206 1197 1185 1181 1177 1169 1165 1165 1165
    1165 1165 1169 1173 1177 1181 1181 1185 1189 1193 1197 1202 1206
    1206 1214 1219 1219 3994 3994 0 0 1349 1349 1349 1338 1333 1328 1317
    1312 1307 1297 1292 1288 1283 1273 1268 1255 1250 1245 1236 1232
    1227 1219 1214 1210 1202 1197 1185 1181 1177 1169 1165 1165 1165
    1165 1165 1169 1173 1177 1181 1181 1185 1189 1193 1197 1202 1206
    1206 1214 1219 1219 3994 3994 3994 0 0 1349 1343 1338 1333 1328 1317
    1312 1302 1297 1292 1288 1283 1273 1268 1255 1250 1241 1232 1232
    1223 1219 1214 1210 1202 1197 1185 1181 1177 1169 1165 1165 1165
    1165 1165 1165 1169 1173 1177 1181 1185 1189 1193 1197 1197 1202
    1202 1214 1214 1219 3994 3994 3994 0 1343 1343 1343 1338 1333 1328
    1317 1307 1297 1292 1288 1288 1283 1273 1264 1250 1245 1241 1232
    1227 1223 1219 1214 1210 1202 1189 1185 1181 1177 1165 1161 1161
    1161 1161 1161 1165 1169 1173 1177 1181 1185 1185 1193 1193 1197
    1197 1202 1214 1214 1214 3994 3994 3994 0 0 1343 1338 1328 1328 1317
    1312 1307 1297 1292 1288 1288 1283 1273 1259 1245 1241 1236 1232
    1227 1219 1219 1210 1206 1202 1185 1181 1177 1169 1165 1161 1157
    1157 1157 1161 1165 1169 1173 1177 1181 1185 1185 1189 1193 1193
    1197 1202 1214 1214 1214 3994 3994 0 0 1343 1343 1333 1328 1322 1317
    1312 1302 1292 1292 1288 1283 1273 1268 1255 1245 1241 1236 1232
    1223 1219 1214 1210 1206 1197 1185 1181 1173 1169 1161 1157 1157
    1157 1157 1161 1165 1169 1169 1173 1177 1181 1185 1189 1193 1193
    1197 1202 1210 1214 0 3948 3948 0 1343 1343 1343 1333 1328 1322 1317
    1312 1302 1292 1292 1288 1278 1268 1264 1250 1245 1236 1232 1227
    1219 1219 1214 1206 1202 1189 1185 1177 1173 1165 1161 1153 1153
    1153 1153 1157 1161 1169 1169 1173 1177 1181 1185 1189 1193 1193
    1197 1197 1210 1214 0 3948 3948 0 1343 1343 1343 1333 1322 1322 1317
    1307 1302 1292 1288 1283 1273 1268 1264 1250 1245 1236 1232 1223
    1219 1210 1206 1202 1197 1185 1185 1177 1173 1165 1157 1153 1153
    1153 1153 1157 1161 1165 1165 1169 1173 1177 1181 1185 1189 1193
    1193 1197 1206 1214 1214 3948 0 0 0 1343 1343 1328 1322 1322 1317
    1307 1302 1292 1288 1278 1273 1268 1259 1250 1241 1236 1232 1223
    1214 1210 1202 1202 1197 1185 1181 1177 1169 1165 1157 1153 1153
    1153 1153 1157 1157 1161 1165 1169 1169 1177 1181 1185 1189 1193
    1193 1197 1206 1214 1214 3903 0 0 0 1343 1338 1328 1322 1322 1312
    1307 1297 1288 1283 1278 1273 1264 1259 1245 1236 1232 1227 1223
    1214 1210 1202 1202 1189 1185 1181 1173 1169 1165 1157 1153 1153
    1153 1153 1153 1153 1157 1161 1165 1169 1173 1181 1185 1189 1193
    1193 1197 1202 1202 1202 3903 3903 0 1343 1343 1333 1328 1322 1317
    1312 1302 1297 1288 1283 1273 1268 1264 1259 1241 1236 1232 1227
    1219 1214 1210 1202 1197 1185 1181 1177 1173 1169 1165 1157 1153
    1153 1153 1153 1153 1153 1157 1161 1165 1169 1169 1181 1181 1185
    1189 1193 1197 1202 1202 1202 3948 3948 0 1338 1338 1333 1328 1317
    1312 1307 1302 1297 1288 1283 1273 1268 1264 1255 1236 1236 1232
    1223 1219 1214 1206 1202 1197 1185 1181 1173 1169 1165 1161 1153
    1153 1149 1149 1149 1153 1153 1157 1161 1165 1169 1169 1177 1181
    1185 1185 1189 1193 1202 1202 1202 3903 0 0 1333 1333 1328 1322 1312
    1312 1307 1302 1297 1288 1278 1273 1268 1259 1245 1236 1232 1227
    1223 1219 1214 1206 1202 1189 1185 1177 1169 1169 1165 1161 1153
