<?xml version="1.0"?>
<opencv_storage>
<Depth3760 type_id="opencv-matrix">
  <rows>62</rows>
  <cols>49</cols>
  <dt>w</dt>
  <data>
    4405 4405 4463 4522 4582 4522 4463 4463 4582 0 0 0 0 1655 1655 0 0 0
    0 0 0 4983 4911 1680 1680 1663 1663 5210 5210 5132 1688 1688 1688
    5210 5210 5210 5210 1713 1713 1722 5056 4774 4708 4708 4708 4708
    4708 4708 4708 4405 4405 4463 4522 4522 4522 4463 4463 4582 0 0 0 0
    1655 1655 0 0 0 0 0 0 1671 1671 1671 1663 1663 1663 1663 1663 1671
    1671 1680 1688 1688 5210 5210 1705 1705 1705 1705 1705 1705 4842
    4774 4774 4774 4774 4774 4774 4405 4405 4463 4463 4463 4522 4463
    4463 4463 1601 1601 1632 1632 1632 1632 1624 1624 1624 1632 1632
    1632 1647 1663 1663 1663 1655 1655 1663 1663 1663 1671 1680 1688
    1688 1688 1696 1696 1696 1705 1705 1705 1705 4911 4911 4911 4842
    4842 4842 4911 4405 4405 4405 1594 1594 1586 1579 1579 1579 1601
    1601 1609 1609 1624 1624 1624 1624 1624 1624 1632 1632 1647 1647
    1647 1655 1655 1655 1663 1663 1663 1663 1680 1680 1688 1688 1696
    1696 1696 1696 1696 1705 1705 1705 5056 5056 4983 4983 4983 4983
    4405 4405 1594 1594 1594 1586 1579 1579 1601 1601 1601 1601 1601
    1616 1616 1624 1624 1624 1624 1632 1632 1639 1647 1647 1647 1647
    1655 1663 1663 1663 1663 1680 1680 1688 1688 1696 1696 1696 1696
    1696 1705 1705 1705 5132 5132 5056 5056 5056 4983 4405 1601 1594
    1594 1594 1586 1586 1594 1594 1601 1601 1601 1601 1609 1616 1616
    1624 1624 1624 1632 1632 1639 1647 1647 1647 1647 1655 1655 1663
    1663 1671 1671 1680 1688 1688 1688 1688 1696 1696 1696 1705 1713
    1713 5132 5132 5056 5056 5056 5056 1616 1601 1594 1594 1594 1586
    1586 1594 1594 1594 1601 1601 1601 1609 1616 1616 1624 1624 1624
    1632 1632 1639 1647 1647 1647 1647 1655 1655 1663 1663 1671 1671
    1680 1688 1688 1688 1688 1696 1696 1696 1705 1705 1705 5132 5132
    5132 5132 5056 5056 1616 1601 1594 1594 1594 1586 1586 1594 1594
    1594 1601 1601 1601 1609 1616 1616 1624 1624 1624 1632 1632 1639
    1647 1647 1647 1655 1655 1663 1671 1671 1671 1671 1680 1688 1688
    1688 1696 1696 1696 1696 1696 1696 1696 5132 5132 5132 5132 5132
    5132 1632 1616 1594 1594 1594 1594 1594 1594 1594 1601 1601 1601
    1601 1609 1616 1624 1624 1624 1624 1632 1632 1639 1647 1647 1647
    1655 1663 1671 1671 1671 1671 1671 1680 1688 1688 1688 1696 1696
    1696 1696 1696 1696 1696 5132 5132 5132 5132 5132 5132 1624 1624
    1601 1594 1594 1594 1594 1601 1594 1594 1601 1601 1609 1609 1616
    1624 1624 1624 1624 1632 1632 1647 1647 1647 1655 1655 1663 1663
    1671 1671 1671 1671 1680 1688 1696 1696 1696 1696 1696 1696 1696
    1705 1705 5132 5132 5132 5132 5132 5132 1624 1624 1609 1594 1594
    1594 1594 1594 1594 1594 1601 1609 1609 1616 1624 1624 1624 1624
    1624 1632 1632 1647 1647 1655 1655 1655 1655 1663 1663 1671 1671
    1671 1688 1688 1688 1696 1696 1696 1696 1705 1705 1713 1713 1713
    5132 5132 5132 5132 5132 1632 1632 1609 1594 1594 1594 1594 1594
    1601 1601 1601 1609 1609 1616 1624 1624 1624 1624 1624 1632 1632
    1639 1655 1655 1655 1655 1655 1663 1663 1671 1671 1680 1688 1688
    1688 1696 1696 1696 1696 1705 1713 1713 1713 1713 5132 5132 5132
    5132 5132 1632 1632 1616 1594 1594 1594 1594 1594 1601 1601 1601
    1609 1609 1616 1624 1624 1624 1624 1632 1632 1632 1639 1655 1655
    1655 1655 1655 1663 1663 1671 1680 1688 1688 1688 1688 1688 1696
    1696 1705 1713 1713 1713 1713 1713 5210 5132 5132 5132 5132 1655
    1632 1624 1601 1594 1594 1594 1594 1601 1601 1601 1601 1609 1616
    1624 1624 1624 1624 1632 1632 1632 1647 1655 1655 1655 1655 1655
    1663 1663 1671 1671 1688 1688 1688 1688 1688 1696 1696 1696 1696
    1705 1713 1713 1713 5210 5132 5132 5132 5132 1655 1639 1632 1609
    1601 1594 1594 1594 1601 1601 1601 1601 1609 1624 1624 1624 1624
    1624 1632 1632 1632 1647 1655 1655 1655 1655 1655 1663 1663 1671
    1671 1680 1680 1680 1680 1688 1696 1696 1696 1696 1705 1705 1713
    1713 5210 5132 5132 5132 5132 1655 1639 1632 1616 1601 1594 1594
    1594 1601 1601 1601 1609 1609 1624 1624 1624 1624 1624 1632 1632
    1632 1655 1655 1655 1655 1663 1663 1663 1663 1671 1680 1680 1680
    1680 1680 1688 1696 1696 1696 1696 1705 1705 1713 1713 5210 5210
    5132 5132 5132 1655 1647 1632 1624 1601 1594 1594 1594 1601 1601
    1601 1609 1609 1616 1624 1624 1632 1632 1632 1632 1639 1647 1655
    1655 1655 1663 1663 1663 1671 1671 1680 1680 1680 1680 1688 1688
    1696 1696 1696 1696 1705 1705 1705 5210 5210 5132 5132 5056 5056
    1663 1647 1632 1624 1601 1594 1594 1594 1601 1601 1601 1609 1609
    1616 1624 1624 1624 1632 1632 1632 1639 1639 1655 1655 1655 1663
    1663 1671 1671 1680 1680 1680 1680 1688 1688 1688 1696 1696 1696
    1696 1705 1705 1705 5210 5210 5132 5132 5056 5056 1647 1647 1632
    1624 1601 1601 1594 1594 1601 1601 1609 1609 1609 1616 1616 1624
    1624 1624 1632 1632 1639 1639 1655 1655 1655 1663 1663 1663 1663
    1671 1680 1688 1688 1688 1688 1696 1696 1696 1705 1705 1705 1713
    1713 5132 5132 5132 5132 5132 5056 1647 1647 1639 1632 1601 1601
    1601 1601 1601 1609 1601 1601 1601 1609 1616 1624 1624 1624 1624
    1632 1639 1647 1655 1655 1655 1663 1663 1663 1663 1671 1680 1680
    1680 1688 1688 1696 1696 1696 1705 1705 1705 1713 1713 1713 5132
    5132 5132 5132 5132 1663 1663 1639 1632 1616 1601 1601 1601 1601
    1609 1601 1601 1601 1609 1616 1624 1624 1624 1624 1632 1639 1647
    1655 1655 1655 1663 1663 1663 1663 1663 1671 1680 1680 1688 1688
    1688 1696 1696 1705 1705 1705 1696 1696 1696 5210 5210 5132 5132
    5132 1663 1663 1647 1632 1616 1609 1601 1601 1601 1601 1609 1609
    1609 1609 1616 1624 1624 1624 1632 1639 1639 1647 1655 1655 1655
    1663 1663 1663 1663 1663 1671 1680 1680 1688 1688 1688 1688 1696
    1705 1705 1705 1696 1696 1696 5210 5210 5210 5132 5132 1671 1671
    1671 1632 1624 1609 1601 1601 1601 1601 1609 1609 1609 1616 1616
    1624 1624 1632 1632 1632 1639 1647 1655 1655 1655 1663 1663 1663
    1671 1671 1680 1680 1680 1688 1688 1688 1688 1696 1705 1713 1713
    1713 1713 1713 5210 5210 5210 5210 5210 1671 1671 1671 1639 1624
    1616 1601 1594 1594 1594 1601 1609 1616 1616 1624 1624 1624 1632
    1632 1632 1639 1647 1655 1655 1663 1663 1663 1663 1663 1663 1680
    1680 1688 1688 1688 1688 1696 1696 1705 1705 1713 1713 1713 1713
    1713 5210 5132 5132 5132 1671 1671 1671 1639 1624 1616 1609 1594
    1594 1594 1601 1609 1609 1616 1624 1624 1624 1632 1632 1632 1639
    1647 1655 1655 1663 1663 1663 1663 1663 1663 1680 1680 1680 1688
    1688 1688 1696 1696 1705 1705 1713 1713 1713 1713 1713 5132 5132
    5132 5132 1688 1688 1647 1639 1624 1616 1601 1601 1601 1601 1601
    1609 1609 1616 1624 1624 1624 1632 1632 1632 1639 1647 1655 1655
    1663 1663 1663 1671 1671 1671 1680 1680 1680 1688 1688 1696 1696
    1696 1705 1705 1713 1722 1722 1722 1722 5132 5132 5132 5132 4190
    1647 1647 1639 1632 1616 1601 1601 1601 1601 1601 1601 1609 1616
    1624 1624 1624 1632 1632 1632 1639 1647 1655 1663 1663 1663 1663
    1671 1671 1671 1680 1680 1688 1688 1696 1696 1696 1696 1705 1705
    1722 1722 1722 1722 1722 5132 5132 5132 5132 4349 1639 1639 1639
    1632 1624 1601 1601 1601 1601 1601 1601 1609 1616 1624 1624 1624
    1632 1639 1639 1639 1647 1655 1663 1663 1663 1663 1671 1671 1671
    1680 1688 1688 1696 1696 1696 1696 1696 1705 1705 1722 1722 1722
    1722 1731 1731 5132 5132 5132 4349 4295 1647 1647 1647 1632 1609
    1609 1601 1601 1601 1601 1616 1624 1624 1624 1624 1632 1639 1639
    1639 1647 1655 1663 1663 1663 1663 1663 1671 1671 1680 1688 1688
    1696 1696 1696 1696 1696 1705 1705 1713 1713 1722 1722 1722 1722
    5132 5132 5132 4295 4295 1655 1655 1647 1632 1609 1609 1601 1601
    1601 1601 1616 1616 1624 1632 1632 1632 1639 1647 1647 1655 1655
    1663 1663 1663 1663 1663 1671 1671 1680 1688 1688 1696 1696 1696
    1696 1696 1705 1713 1713 1713 1722 1722 1722 1731 1731 5210 5210
    4295 4295 1655 1655 1647 1632 1624 1616 1601 1601 1601 1601 1616
