<?xml version="1.0"?>
<opencv_storage>
<Depth13484 type_id="opencv-matrix">
  <rows>10</rows>
  <cols>9</cols>
  <dt>w</dt>
  <data>
    6259 6259 6259 6038 6038 6146 6146 6146 6146 6375 6259 6259 6146
    6146 6146 6146 6146 6146 6375 6375 6375 6259 6259 6146 6146 6146
    6146 6375 6375 6259 6259 6259 6259 6375 6146 6146 6375 6375 6259
    6259 6259 6375 6375 6038 6038 6375 6375 6375 6375 6375 6375 6375
    6038 6038 6375 6375 6497 6497 6622 6622 6622 6038 6038 6375 6375
    6497 6497 6622 6622 6622 0 6259 6259 6259 6259 6375 6622 6622 0 6259
    6259 6259 6259 6259 6375 6622 6622 6622 6375 6375</data></Depth13484>
</opencv_storage>
