<?xml version="1.0"?>
<opencv_storage>
<Depth13165 type_id="opencv-matrix">
  <rows>7</rows>
  <cols>9</cols>
  <dt>w</dt>
  <data>
    6259 6259 6259 6259 6259 6146 6146 6146 6146 6259 6259 6259 6146
    6146 6146 6259 6146 6146 6146 6146 6146 6146 6146 6146 6146 6259
    6146 6146 6146 6259 6259 6038 6038 6146 6259 6146 6259 6259 6259
    6038 6038 6038 6146 6259 6146 6259 6259 6259 6038 6038 6146 6146
    6146 6259 0 6259 6259 6038 6038 6146 6146 6146 6146</data></Depth13165>
</opencv_storage>
