<?xml version="1.0"?>
<opencv_storage>
<Depth5053 type_id="opencv-matrix">
  <rows>5</rows>
  <cols>33</cols>
  <dt>w</dt>
  <data>
    3576 3576 3576 0 3692 3692 3692 3692 3692 3732 3732 3774 3732 3732
    3774 3774 3816 3816 3859 0 0 0 3903 3903 3903 4041 4089 4041 3994
    3994 3994 3994 4041 3576 3576 3576 3653 3653 3692 3732 3653 3653
    3692 3692 3732 3732 3732 3774 3774 3816 3859 3859 3859 3816 3816
    3859 3903 3903 3994 3994 3994 3948 3948 3994 3994 4041 3576 3576
    3576 3614 3653 3692 3732 3653 3653 3692 3692 3732 3774 3816 3774
    3774 3774 3774 3816 3816 3816 3816 3859 3903 3903 3948 3948 3903
    3903 3948 3994 4041 4041 3576 3576 3576 3614 3653 3692 3732 3653
    3653 3653 3692 3774 3816 3774 3774 3774 3732 3732 3774 3816 3816
    3816 3948 3903 3903 3903 3903 3859 3859 3903 4041 4041 4089 3576
    3576 3576 3653 3692 3692 3692 3653 3653 3653 3692 3816 3816 3774
    3774 3774 3732 3732 3774 3816 3903 3994 3948 3903 3859 3859 3903
    3859 3859 3903 4089 4041 4041</data></Depth5053>
</opencv_storage>
