<?xml version="1.0"?>
<opencv_storage>
<Depth5897 type_id="opencv-matrix">
  <rows>57</rows>
  <cols>47</cols>
  <dt>w</dt>
  <data>
    3092 3092 4349 4349 4295 1722 1705 1696 1696 1696 4405 4405 4349
    1722 1722 1722 1722 1722 1722 1722 1722 1722 1731 1739 1766 1766
    1766 1766 1766 1766 1776 1776 1785 1794 1794 1785 1776 1776 1776
    4582 4582 4522 4522 4582 4645 4645 4645 3092 3092 3092 1739 1696
    1696 1696 1696 1696 1696 1696 1705 1713 1722 1722 1722 1722 1722
    1722 1731 1731 1731 1731 1739 1757 1757 1766 1766 1766 1766 1766
    1776 1776 1785 1794 1794 1794 1794 1794 1794 4582 4522 4522 4582
    4645 4645 4645 3092 3092 1722 1722 1696 1696 1696 1696 1696 1696
    1696 1705 1713 1722 1722 1722 1722 1722 1722 1731 1731 1739 1739
    1748 1757 1757 1757 1766 1766 1766 1766 1766 1776 1785 1785 1794
    1794 1794 1794 1794 4522 4522 4522 4582 4645 4645 4645 3120 3120
    1722 1722 1705 1705 1696 1696 1696 1696 1696 1705 1713 1722 1722
    1722 1722 1731 1731 1739 1739 1739 1748 1748 1748 1757 1757 1757
    1766 1766 1766 1766 1776 1776 1785 1785 1794 1794 1804 1804 4522
    4522 4522 4582 4645 4645 4645 3092 1748 1731 1722 1713 1705 1696
    1696 1696 1696 1696 1705 1705 1722 1722 1722 1722 1731 1731 1739
    1739 1739 1739 1739 1748 1748 1757 1757 1766 1766 1766 1766 1776
    1776 1785 1785 1794 1794 1804 1804 4522 4522 4522 4582 4645 4645
    4645 1766 1748 1731 1722 1722 1705 1696 1696 1696 1696 1696 1705
    1705 1713 1722 1722 1722 1731 1731 1739 1739 1739 1739 1739 1748
    1748 1757 1757 1766 1766 1766 1766 1766 1776 1785 1785 1794 1794
    1804 1804 4522 4522 4522 4582 4645 4645 4645 1766 1748 1731 1722
    1722 1705 1696 1696 1696 1696 1696 1696 1705 1713 1713 1713 1722
    1722 1731 1731 1739 1739 1739 1739 1748 1748 1757 1757 1757 1766
    1766 1766 1766 1766 1776 1776 1794 1794 1804 1804 4522 4522 4522
    4582 4645 4645 4645 1766 1757 1739 1722 1722 1705 1705 1696 1696
    1696 1696 1696 1705 1713 1713 1713 1722 1722 1722 1731 1731 1731
    1731 1739 1748 1748 1757 1757 1757 1766 1766 1766 1766 1766 1776
    1776 1794 1794 1794 1794 1794 4522 4522 4522 4645 4645 4645 1766
    1757 1739 1731 1722 1713 1696 1696 1696 1696 1696 1696 1696 1705
    1713 1713 1722 1722 1722 1731 1731 1731 1731 1739 1748 1748 1748
    1748 1757 1757 1766 1766 1766 1766 1776 1776 1785 1794 1794 1794
    1794 4522 4522 4522 4582 4582 4645 1766 1757 1748 1731 1722 1713
    1696 1696 1696 1696 1696 1696 1696 1705 1713 1713 1722 1722 1722
    1722 1722 1731 1739 1739 1748 1739 1739 1748 1757 1757 1766 1766
    1766 1766 1776 1776 1785 1785 1794 1794 1804 1804 4522 4522 4582
    4582 4645 1766 1757 1748 1731 1722 1705 1696 1696 1696 1696 1696
    1696 1696 1705 1713 1713 1722 1722 1722 1722 1722 1731 1739 1739
    1748 1739 1739 1748 1748 1757 1766 1766 1766 1766 1766 1776 1785
    1785 1794 1794 1804 1804 4582 4582 4582 4582 4645 1766 1766 1757
    1731 1722 1705 1696 1696 1696 1696 1696 1696 1696 1705 1705 1713
    1722 1722 1722 1722 1722 1731 1731 1739 1748 1739 1739 1748 1748
    1757 1757 1757 1757 1766 1766 1776 1785 1785 1785 1794 1794 1794
    4582 4582 4582 4582 4645 1776 1766 1757 1739 1722 1713 1705 1696
    1696 1696 1696 1696 1696 1705 1705 1713 1713 1713 1713 1722 1722
    1722 1731 1739 1739 1739 1739 1739 1748 1757 1757 1757 1757 1766
    1766 1776 1776 1785 1785 1785 1785 1785 4582 4582 4582 4582 4582
    1776 1766 1757 1739 1731 1713 1705 1696 1696 1696 1696 1696 1696
    1696 1705 1713 1713 1713 1713 1722 1722 1722 1731 1739 1739 1739
    1739 1739 1748 1757 1757 1757 1757 1766 1766 1776 1776 1785 1785
    1785 1785 1785 4522 4522 4582 4582 4582 3037 1766 1757 1739 1731
    1722 1705 1696 1696 1688 1688 1696 1696 1696 1696 1713 1713 1713
    1722 1722 1722 1722 1722 1731 1731 1739 1739 1739 1748 1757 1757
    1757 1757 1766 1766 1766 1776 1776 1785 1785 1785 1785 4463 4463
    4582 4582 4582 3037 1757 1748 1731 1731 1722 1705 1696 1688 1688
    1688 1696 1696 1696 1696 1705 1713 1713 1713 1722 1722 1722 1722
    1731 1731 1731 1731 1739 1757 1757 1757 1766 1766 1766 1766 1766
    1776 1776 1785 1785 1785 1785 4463 4463 4582 4582 4582 1748 1748
    1739 1731 1731 1722 1713 1696 1688 1688 1688 1696 1696 1696 1696
    1705 1713 1713 1713 1722 1722 1722 1722 1731 1731 1731 1731 1739
    1757 1757 1757 1757 1766 1766 1766 1766 1776 1776 1785 1785 1785
    1785 4463 4463 4582 4582 4582 3120 1748 1739 1731 1731 1722 1713
    1696 1688 1688 1688 1688 1696 1696 1696 1705 1705 1705 1713 1713
    1713 1722 1722 1722 1731 1731 1731 1739 1748 1757 1757 1757 1757
    1766 1766 1766 1766 1776 1785 1785 1794 1804 4522 4522 4522 4522
    4522 3092 1757 1757 1739 1731 1722 1713 1696 1688 1688 1688 1688
    1688 1696 1696 1696 1705 1705 1705 1713 1713 1722 1722 1722 1731
    1731 1731 1739 1748 1757 1757 1757 1757 1766 1766 1766 1766 1766
    1776 1776 1785 1804 1804 4522 4522 4522 4522 3092 1785 1766 1739
    1739 1722 1705 1696 1688 1688 1688 1688 1688 1696 1696 1696 1705
    1705 1705 1713 1713 1722 1722 1722 1722 1731 1731 1739 1748 1757
    1757 1757 1757 1757 1766 1766 1766 1766 1766 1776 1776 1794 1794
    4522 4522 4522 4522 3092 1785 1776 1757 1748 1722 1705 1696 1688
    1688 1688 1688 1696 1696 1696 1696 1696 1696 1705 1705 1713 1722
    1722 1722 1722 1731 1731 1739 1748 1748 1757 1757 1757 1757 1757
    1766 1766 1766 1766 1766 1766 1785 1785 4522 4522 4522 4522 3092
    1785 1776 1766 1748 1722 1713 1696 1688 1688 1688 1688 1696 1696
    1696 1696 1696 1696 1696 1705 1713 1713 1722 1722 1722 1731 1731
    1739 1739 1739 1739 1748 1757 1757 1757 1757 1757 1766 1766 1766
    1766 1785 1794 4522 4522 4522 4522 3092 1794 1776 1766 1748 1722
    1713 1688 1680 1680 1680 1680 1688 1696 1696 1696 1696 1696 1696
    1696 1705 1713 1713 1722 1731 1731 1731 1731 1731 1739 1739 1748
    1748 1757 1757 1757 1757 1766 1766 1766 1766 1776 1776 1776 4582
    4582 4582 3092 3120 1766 1757 1748 1731 1722 1688 1680 1680 1680
    1680 1688 1688 1688 1688 1696 1696 1696 1696 1705 1705 1713 1722
    1722 1731 1731 1731 1731 1739 1739 1748 1748 1757 1757 1757 1757
    1766 1766 1766 1766 1776 1776 1776 4582 4582 4582 3092 3120 1766
    1757 1748 1731 1722 1705 1688 1680 1680 1680 1680 1688 1688 1688
    1696 1696 1696 1696 1705 1705 1713 1722 1722 1731 1731 1731 1731
    1731 1739 1748 1757 1757 1757 1757 1757 1766 1766 1766 1776 1776
    1776 1794 4582 4582 4582 3092 3092 1766 1757 1748 1739 1722 1705
    1696 1680 1680 1680 1680 1688 1688 1696 1696 1696 1705 1705 1705
    1705 1705 1722 1722 1722 1731 1731 1731 1731 1739 1739 1757 1757
    1757 1757 1757 1766 1766 1766 1776 1776 1776 1794 1794 4522 4522
    3092 3092 3092 1757 1757 1739 1731 1705 1696 1688 1688 1680 1680
    1688 1688 1696 1696 1696 1696 1705 1705 1705 1705 1722 1722 1722
    1731 1731 1731 1731 1731 1739 1748 1748 1748 1757 1757 1757 1766
    1766 1766 1776 1776 1794 4463 4463 4522 3037 3092 3092 1757 1748
    1739 1722 1705 1696 1680 1680 1680 1680 1688 1688 1688 1696 1696
    1696 1696 1705 1705 1705 1722 1722 1722 1722 1722 1731 1731 1731
    1731 1748 1748 1748 1757 1757 1757 1766 1766 1766 1776 1776 1785
    4463 4463 4463 3037 3037 1757 1757 1748 1739 1722 1705 1696 1680
    1680 1680 1680 1688 1688 1688 1696 1696 1696 1696 1705 1705 1705
    1713 1722 1722 1722 1722 1722 1722 1731 1731 1739 1748 1748 1757
    1757 1757 1757 1757 1766 1776 1776 1776 4463 4463 4463 3064 3064
    1766 1748 1748 1739 1722 1705 1696 1680 1671 1671 1671 1688 1688
    1688 1696 1696 1696 1696 1705 1705 1705 1713 1722 1722 1722 1722
    1722 1722 1731 1731 1739 1748 1748 1757 1757 1757 1757 1757 1766
    1776 1776 1776 1776 4463 4463 3064 3064 1766 1766 1748 1739 1722
    1705 1696 1680 1671 1671 1671 1688 1688 1688 1688 1688 1696 1696
    1696 1696 1705 1705 1713 1713 1713 1722 1722 1722 1731 1731 1739
    1748 1748 1757 1757 1757 1757 1757 1757 1776 1776 1776 1776 4349
    4349 3064 3064 3064 1766 1757 1739 1722 1705 1696 1680 1671 1671
    1671 1680 1688 1688 1688 1688 1696 1696 1696 1696 1705 1705 1713
