<?xml version="1.0"?>
<opencv_storage>
<Depth17827 type_id="opencv-matrix">
  <rows>142</rows>
  <cols>137</cols>
  <dt>w</dt>
  <data>
    2365 2349 2349 2349 2349 2333 2317 2317 2317 2301 2301 2301 2301
    2301 2286 2286 2286 2286 2286 2286 2271 2271 2271 2271 2271 2271
    2256 2256 2241 2241 2241 2241 2241 2241 2241 2241 2241 2241 2226
    2226 2226 2226 2226 2226 2226 2226 843 843 843 843 2241 2241 2241
    2241 2301 2301 2301 2301 2301 2301 2271 2212 2184 2170 2156 2156
    2143 2143 2143 2129 2129 2129 2129 2129 2129 3064 3064 3064 3064
    3064 3064 3064 3037 3037 3037 3037 3037 3037 3037 3037 3037 3010
    3010 3010 3010 3010 3010 3010 2984 2984 2984 2984 2984 2984 2984
    2984 2984 1227 1219 1210 1210 1210 1202 1197 1197 1197 1202 1202
    1202 1210 2908 2908 2908 2767 2767 2859 2859 2883 2908 2933 2933
    2933 2933 2908 2908 2883 2883 2365 2365 2349 2349 2349 2349 2333
    2333 2317 2317 2317 2301 2301 2301 2286 2286 2286 2286 2286 2286
    2286 2286 2286 2286 2271 2271 2271 2256 2256 2241 2241 2241 2241
    2241 2241 2226 2226 2241 2241 2226 2226 2226 2226 2226 2226 841 839
    839 841 841 841 845 845 847 2317 2317 2301 2301 2301 2301 2271 2212
    2184 2170 2156 2143 2143 2143 2129 2129 2129 2129 2129 2129 2129
    3064 3064 3064 3064 3064 3064 3064 3037 3037 3037 3037 3037 3037
    3037 3037 3037 3010 3010 2984 2984 3010 3010 3010 2984 2984 2984
    2984 2984 2984 2984 2984 2984 3010 1365 1365 1349 1333 1206 1206
    1206 1322 1322 1322 2958 2933 2908 2908 2908 2883 2883 2883 2883
    2908 2908 2933 2933 2933 2933 2933 2933 2933 2933 2365 2365 2349
    2349 2349 2349 2333 2333 2333 2317 2317 2301 2301 2301 2301 2301
    2286 2286 2286 2286 2286 2286 2286 2286 2271 2271 2271 2256 2256
    2241 2241 2241 2241 2226 2226 2226 2226 0 0 0 2226 2226 2226 2226
    839 837 837 837 839 839 839 843 845 847 847 843 843 2301 2301 2286
    2256 2241 2184 2170 2156 2143 2143 2129 2129 2129 2129 2129 2129
    2129 2129 3064 3064 3064 3064 3064 3064 3064 3037 3037 3037 3037
    3037 3037 3037 3037 3037 3037 3010 2984 2984 3010 3010 3010 2984
    2984 2984 2984 2984 2984 1404 1404 1387 1387 1365 1365 1354 1349
    1343 1343 1343 1343 2958 2958 2958 2933 2908 2908 2908 2933 2933
    2908 2908 2908 2908 2933 2933 2958 2933 2933 2933 2933 2933 2365
    2365 2349 2349 2349 2349 2349 2333 2333 2317 2317 2301 2301 2301
    2301 2301 2286 2286 2286 2286 2286 2286 2286 2286 2286 2271 2271
    2256 2256 2256 2241 2241 2241 2226 2226 2226 0 0 0 0 0 0 2226 837
    835 835 837 837 837 837 839 843 845 845 843 843 843 841 2286 2286
    2256 2241 2198 2184 2170 2156 2143 2129 2129 2129 2129 2129 2129
    2129 2129 3064 3064 3064 3064 3064 3064 3064 3037 3037 3037 3037
    3037 3037 3037 3037 3037 3037 3010 3010 3010 3010 3010 3010 3010
    3010 3010 3010 3010 1404 1404 1404 1387 1387 1370 1365 1359 1359
    1354 1349 1349 2984 2984 2958 2958 2958 2933 2933 2933 2933 2933
    2933 2933 2908 2908 2933 2933 2933 2933 2933 2933 2933 2933 2365
    2365 2349 2349 2349 2349 2349 2349 2333 2317 2301 2301 2301 2301
    2301 2301 2301 2301 2301 2301 2286 2286 2286 2286 2286 2271 2271
    2271 2256 2256 2241 2241 2241 2226 2226 0 0 0 0 0 0 0 827 827 827
    831 831 833 833 833 835 841 841 843 843 841 841 841 841 2256 2256
    2241 2212 2198 2170 2143 2129 2129 2129 2129 2129 2129 2129 2129
    2129 3064 3064 3064 3064 3064 3064 3037 3037 3037 3037 3037 3037
    3037 3037 3037 3010 3010 3010 3010 3010 3010 3010 3010 3010 3010
    1427 1421 1410 1404 1404 1404 1392 1387 1381 1370 1359 1359 1365
    2984 2984 2984 2958 2958 2958 2958 2933 2933 2933 2933 2933 2933
    2933 2908 2908 2908 2908 2933 2908 2908 2908 2908 2908 2365 2365
    2349 2349 2349 2349 2349 2349 2333 2317 2301 2301 2301 2301 2301
    2301 2301 2301 2286 2286 2286 2286 2286 2286 2286 2286 2271 2271
    2256 2256 2256 2256 2241 2241 0 0 0 0 0 0 0 827 825 825 825 829 829
    831 831 831 833 835 839 841 841 841 841 841 845 2226 2226 2226 2212
    2198 2170 2143 2129 2129 2129 2116 2116 2116 2103 2103 2129 3064
    3064 3064 3064 3064 3064 3037 3037 3037 3037 3037 3037 3037 3037
    3037 3010 3010 3037 3010 1458 1458 1452 1452 1452 1445 1427 1421
    1410 1410 1404 1404 1392 1387 1381 1381 2958 2958 2958 2958 2958
    2958 2958 2958 2958 2958 2933 2933 2933 2933 2933 2933 2933 2908
    2908 2908 2908 2908 2908 2908 2883 2883 2908 2365 2365 2365 2349
    2349 2349 2349 2349 2333 2333 2317 2317 2317 2317 2301 2301 2301
    2301 2286 2286 2286 2286 2286 2286 2286 2286 2271 2271 2271 2271
    2256 2241 2241 2241 0 0 0 0 0 0 0 825 823 823 825 827 829 829 829
    831 831 835 837 839 839 841 843 845 845 845 2226 2226 2212 2184 2156
    2143 2129 2129 2129 2116 2116 2103 2090 2090 3064 3064 3064 3064
    3064 3064 3064 3037 3037 3037 3037 3037 3037 3037 3037 3037 3010
    3010 3037 3010 1458 1452 1452 1452 1452 1445 1433 1427 1421 1410
    1410 2984 2984 2984 2984 2984 2958 2958 2958 2958 2958 2958 2958
    2958 2958 2958 2958 2933 2933 2933 2933 2933 2933 2908 2908 2908
    2908 2908 2908 2908 2883 2883 2908 2381 2381 2365 2365 2365 2349
    2349 2349 2349 2349 2333 2333 2333 2333 2317 2301 2301 2301 2301
    2301 2286 2286 2286 2286 2286 2286 2271 2271 2271 2271 2256 2241
    2241 0 0 0 0 0 0 0 821 821 821 821 823 823 825 829 829 831 831 833
    835 837 837 837 839 841 843 845 845 2212 2212 2184 2156 2143 2129
    2129 2129 2116 2103 2103 2090 2090 2090 3064 3064 3064 3064 3037
    3037 3037 3037 3037 3037 3037 3037 3037 3037 3037 3010 3010 1470
    1470 1458 1452 1452 1452 1452 1445 1439 1433 1433 1433 2984 2984
    2984 2984 2984 2984 2984 2984 2958 2958 2958 2958 2958 2958 2958
    2958 2958 2958 2933 2933 2933 2933 2933 2933 2933 2933 2933 2908
    2908 2908 2883 2883 2908 2381 2381 2365 2365 2365 2365 2365 2365
    2349 2349 2349 2349 2333 2333 2317 2317 2301 2301 2301 2301 2301
    2286 2286 2286 2286 2286 2271 2271 2256 2256 2271 2271 0 0 0 0 0 0 0
    815 815 817 817 819 821 823 823 827 827 829 831 831 831 833 837 837
    839 839 843 843 845 845 845 845 2143 2143 2129 2129 2116 2103 2103
    2090 2090 2090 2090 3092 3064 3064 3064 3037 3037 3037 3037 3037
    3037 3037 3037 3037 3037 3037 3010 1489 1470 1470 1464 1458 1458
    1458 1452 1445 1445 1445 3010 2984 2984 2984 2984 2958 2958 2984
    2984 2984 2958 2958 2958 2958 2958 2958 2958 2958 2958 2958 2933
    2933 2933 2933 2958 2933 2933 2933 2933 2933 2908 2908 2883 2883
    2908 2381 2381 2381 2381 2365 2365 2365 2365 2349 2349 2349 2349
    2349 2333 2333 2317 2317 2317 2301 2301 2301 2301 2301 2286 2286
    2286 2271 2256 2256 2256 2271 0 0 0 0 0 0 0 0 815 815 815 815 817
    819 821 821 825 825 825 829 829 831 831 833 835 837 839 841 843 845
    845 845 845 845 2129 2129 2129 2103 2090 2090 2090 2090 2090 2078
    2078 3064 3064 3064 3064 3064 3037 3037 3037 3037 3037 3037 3037
    3037 1509 1503 1489 1483 1477 1470 1464 1458 1458 1458 1458 2984
    2984 2984 2984 2984 2984 2984 2958 2958 2984 2958 2958 2958 2958
    2958 2958 2958 2958 2958 2958 2958 2958 2933 2933 2933 2933 2958
    2958 2933 2933 2933 2933 2908 2908 2908 2908 2933 2398 2398 2381
    2381 2365 2365 2381 2365 2365 2365 2365 2349 2349 2349 2333 2333
    2333 2317 2317 2301 2301 2301 2301 2301 2286 2286 2271 2256 2256 0 0
    0 0 0 0 0 805 803 803 807 809 813 815 815 817 821 821 823 823 823
    825 825 827 829 831 831 833 833 837 839 841 843 843 843 843 2090
    2090 2090 2090 2090 2090 2078 2078 2078 2078 2078 3064 3064 3064
    3064 3064 3064 3064 3064 3064 3037 3037 1523 1516 1509 1503 1496
    1483 1477 1470 1464 1464 3064 3064 3037 2984 2984 2984 2984 2984
    2984 2984 2984 2984 2958 2958 2958 2984 2958 2958 2958 2958 2958
    2958 2958 2958 2958 2933 2933 2933 2958 2958 2933 2933 2933 2933
    2908 2908 2908 2908 2908 2933 2398 2398 2398 2381 2381 2381 2381
    2381 2381 2381 2365 2365 2349 2349 2349 2349 2333 2333 2317 2317
    2317 2317 2317 2301 2286 2286 2271 2256 2256 0 0 0 0 0 0 800 800 802
    802 802 805 807 809 809 813 819 819 821 821 821 823 823 825 827 829
