<?xml version="1.0"?>
<opencv_storage>
<Depth8314 type_id="opencv-matrix">
  <rows>6</rows>
  <cols>32</cols>
  <dt>w</dt>
  <data>
    5460 5460 5460 5548 5548 5548 5548 5640 5640 5734 5640 5640 5734
    5640 5640 5734 5734 5832 5832 5832 5832 5734 5734 5640 5548 5548
    5640 5734 5734 5734 5640 5640 5460 5460 5460 5548 5548 5548 5548
    5640 5640 5734 5640 5640 5734 5640 5640 5734 5734 5734 5832 5832
    5832 5734 5734 5640 5640 5640 5640 5734 5734 5734 5640 5640 5460
    5460 5460 5548 5548 5640 5640 5640 5640 5640 5640 5640 5734 5640
    5640 5734 5734 5734 5734 5734 5832 5734 5734 5734 5640 5640 5640
    5734 5734 5734 5734 5640 5460 5460 5460 5548 5548 5640 5640 5640
    5640 5640 5640 5640 5734 5640 5640 5640 5640 5734 5734 5734 5734
    5832 5734 5734 5734 5734 5734 5734 5734 5734 5734 5640 5640 5640
    5548 5548 5548 5548 5640 5640 5640 5640 5640 5640 5734 5640 5640
    5640 5640 5734 5734 5734 5734 5832 5734 5734 5734 5734 5734 5734
    5832 5734 5548 5548 0 6038 5734 5640 5548 5548 5640 5640 5640 5640
    5640 5640 5460 5460 5640 5640 5640 5734 5734 5734 5734 5832 5734
    5734 5734 5734 5734 5734 5734 5640 5548 5548</data></Depth8314>
</opencv_storage>
