<?xml version="1.0"?>
<opencv_storage>
<Depth0586 type_id="opencv-matrix">
  <rows>26</rows>
  <cols>16</cols>
  <dt>w</dt>
  <data>
    0 0 0 4041 3994 3994 6622 6622 6622 6753 6753 6753 6753 6753 6753
    6753 0 0 0 4041 3994 3994 3994 6622 6622 6622 6622 6622 6753 6753
    6753 6753 0 0 3994 3994 3994 3948 3948 6622 6622 6622 6622 6622 6753
    6753 6753 6753 0 4089 3994 3994 3948 3948 3903 3903 6622 6622 6622
    6622 6753 6753 6753 6753 3994 3994 3948 3948 3948 3948 3903 3903
    6753 6753 6753 6753 6753 6753 6753 6753 3994 3994 3948 3948 3948
    3948 3903 3903 3903 6753 6753 6753 6753 6753 6753 6753 3994 3994
    3948 3948 3903 3903 3948 3903 3903 6622 6622 6753 6753 6753 6753
    6753 3994 3948 3948 3903 3903 3903 3903 3948 3994 4089 6622 6622
    6753 6753 6753 6753 3994 3948 3948 3903 3903 3903 3903 3948 3948
    3994 6622 6622 6622 6753 6753 6753 3994 3994 3948 3903 3903 3903
    3903 3903 3903 3994 3994 6622 6622 6622 6753 6753 3994 3994 3948
    3903 3903 3903 3903 3859 3859 3948 3994 6622 6622 6622 6753 6753
    4041 3994 3948 3903 3903 3903 3903 3859 3859 3903 3948 4041 6753
    6753 6753 6753 6375 3948 3948 3948 3948 3948 3903 3903 3903 3903
    3948 4041 6753 6753 6753 6753 6375 3859 3859 3948 3948 3948 3948
    3948 3903 3903 3948 3994 6753 6753 6753 6753 6375 3859 3859 3948
    3948 3948 3948 3948 3948 3948 3994 3994 4089 6753 6753 6753 6375
    3903 3903 3948 3948 3948 3948 3948 3948 3994 3994 4041 4089 6753
    6753 6753 6375 6375 3948 3948 3948 3948 3948 3948 3948 3948 3994
    3994 4089 6753 6753 6753 6375 6375 3948 3948 3948 3948 3948 3948
    3948 3948 3948 3994 4041 4089 6753 6753 6375 6375 6259 3994 3948
    3948 3948 3948 3948 3948 3948 3948 3994 3994 3994 3994 6375 6375
    6259 6259 3994 3994 3994 3994 3994 3948 3948 3948 3994 3994 3948
    3948 6497 6375 6375 6259 3994 3994 3948 3948 3948 3948 3948 3994
    3994 3948 3948 3948 6497 6375 6375 6259 3948 3948 3948 3948 3948
    3948 3948 3994 3948 3948 3948 3859 6497 6497 6497 6375 3948 3903
    3903 3948 3948 3948 3948 3948 3948 3948 3948 3859 6497 6497 6375
    6375 6375 3903 3903 3948 3948 3948 3948 3948 3948 3948 3948 3903
    6497 6497 6375 6375 6375 6375 3948 3948 3994 3948 3948 3948 3948
    3994 3994 3994 6497 6497 6375 6375 6375 6375 6375 3994 3994 3994
    3994 3994 3994 3994 3994 3994</data></Depth0586>
</opencv_storage>
