<?xml version="1.0"?>
<opencv_storage>
<Depth17883 type_id="opencv-matrix">
  <rows>60</rows>
  <cols>35</cols>
  <dt>w</dt>
  <data>
    4295 2156 2156 2156 2156 2156 2170 2170 2170 2156 2156 4522 4582
    4582 4645 4645 4582 4582 4582 4645 4645 4645 2170 2156 2143 2116
    2116 2116 2129 2129 2143 2143 4911 4911 4911 2170 2156 2156 2156
    2156 2156 2156 2170 2156 2156 2143 2143 2129 2129 2129 2129 2129
    2129 2129 2129 2129 2143 2143 2143 2116 2103 2103 2103 2103 2116
    2116 2116 2129 2129 4842 2170 2170 2156 2156 2156 2156 2156 2156
    2156 2143 2143 2143 2129 2129 2129 2129 2129 2116 2116 2116 2116
    2116 2129 2116 2103 2090 2090 2090 2090 2090 2090 2078 2078 2078
    4842 2170 2170 2156 2156 2156 2156 2156 2156 2156 2143 2143 2143
    2129 2129 2129 2129 2129 2116 2116 2116 2116 2103 2103 2090 2090
    2090 2090 2090 2078 2078 2078 2078 2078 2090 2090 2170 2170 2170
    2156 2156 2156 2156 2156 2143 2143 2143 2143 2143 2129 2129 2129
    2116 2116 2116 2116 2116 2103 2103 2090 2090 2090 2090 2090 2078
    2078 2078 2078 2090 2090 2090 2170 2170 2170 2156 2156 2156 2156
    2156 2143 2143 2143 2143 2143 2129 2129 2129 2116 2116 2116 2116
    2116 2103 2103 2103 2103 2103 2090 2090 2078 2078 2078 2078 2090
    2090 2090 2170 2170 2170 2156 2156 2156 2156 2156 2143 2143 2143
    2129 2129 2129 2129 2129 2116 2116 2116 2116 2116 2116 2103 2103
    2103 2103 2103 2090 2090 2078 2078 2090 2090 2103 2103 2170 2170
    2170 2156 2156 2156 2156 2170 2143 2143 2143 2129 2129 2129 2129
    2129 2129 2129 2116 2116 2116 2116 2116 2103 2103 2103 2103 2090
    2090 2090 2090 2090 2090 2103 2103 2184 2170 2170 2156 2156 2156
    2156 2170 2143 2143 2129 2129 2129 2129 2129 2129 2129 2129 2116
    2116 2116 2116 2116 2116 2116 2103 2103 2090 2090 2090 2090 2090
    2103 2116 2116 2184 2184 2170 2156 2156 2156 2156 2156 2143 2143
    2129 2129 2129 2129 2129 2129 2129 2129 2116 2116 2116 2116 2116
    2116 2116 2116 2103 2103 2090 2090 2103 2103 2103 2116 2116 2184
    2170 2170 2170 2156 2156 2156 2156 2143 2143 2143 2143 2129 2129
    2129 2129 2129 2129 2129 2116 2116 2116 2116 2116 2103 2103 2103
    2103 2103 2103 2103 2103 2103 2116 2116 2184 2170 2170 2170 2156
    2156 2156 2170 2170 2156 2156 2156 2143 2143 2129 2129 2129 2129
    2129 2116 2116 2116 2103 2103 2103 2103 2103 2103 2103 2103 2103
    2103 2116 2116 4911 2184 2170 2170 2170 2170 2156 2156 2170 2170
    2156 2156 2156 2143 2143 2143 2129 2129 2129 2129 2116 2116 2116
    2103 2103 2103 2103 2103 2103 2103 2103 2103 2103 2116 2116 4911
    2184 2170 2170 2170 2170 2170 2170 2170 2170 2156 2156 2156 2143
    2143 2143 2129 2129 2129 2129 2129 2116 2116 2116 2116 2103 2103
    2103 2103 2090 2090 2103 2103 2116 2116 2116 4190 2170 2170 2170
    2170 2170 2170 2170 2170 2156 2143 2143 2143 2143 2143 2143 2129
    2129 2129 2129 2116 2116 2116 2116 2103 2103 2103 2103 2090 2090
    2103 2103 2116 2129 2129 4295 2170 2170 2170 2170 2170 2170 2170
    2170 2156 2143 2143 2143 2143 2143 2129 2129 2129 2129 2129 2116
    2116 2116 2116 2116 2103 2103 2103 2103 2103 2103 2116 2116 2129
    2129 4349 2170 2170 2170 2170 2170 2170 2170 2170 2170 2156 2156
    2156 2143 2129 2129 2129 2129 2129 2129 2129 2116 2116 2116 2116
    2103 2103 2103 2103 2103 2103 2116 2116 2116 2129 2184 2184 2170
    2170 2170 2170 2170 2170 2170 2170 2170 2156 2156 2143 2129 2129
    2129 2129 2129 2129 2129 2129 2116 2116 2116 2103 2103 2103 2103
    2103 2103 2103 2116 2116 2129 2184 2184 2170 2170 2170 2170 2170
    2170 2170 2170 2170 2156 2156 2143 2129 2129 2143 2129 2129 2129
    2129 2129 2116 2116 2116 2103 2103 2090 2090 2090 2090 2103 2116
    2116 2129 2184 2184 2184 2184 2184 2170 2170 2170 2170 2170 2170
    2170 2156 2143 2143 2143 2143 2129 2129 2129 2129 2129 2116 2116
    2116 2103 2103 2090 2090 2090 2090 2103 2116 2116 2129 4349 2184
    2184 2184 2184 2184 2184 2170 2170 2170 2170 2170 2170 2156 2143
    2143 2143 2143 2143 2129 2129 2129 2129 2116 2116 2116 2116 2103
    2103 2103 2103 2103 2116 2129 2129 4349 2184 2184 2198 2184 2184
    2184 2184 2170 2170 2170 2170 2170 2156 2156 2156 2156 2143 2143
    2129 2129 2129 2129 2116 2116 2116 2116 2116 2103 2103 2103 2103
    2116 2116 2129 4349 2198 2198 2184 2170 2170 2184 2184 2170 2170
    2170 2170 2170 2156 2156 2156 2156 2143 2143 2129 2129 2129 2129
    2116 2116 2116 2116 2116 2103 2103 2103 2103 2116 2116 2129 4349
    2198 2198 2184 2170 2170 2184 2184 2170 2170 2170 2170 2170 2156
    2156 2156 2156 2156 2143 2129 2129 2129 2129 2116 2116 2116 2116
    2116 2103 2103 2116 2116 2116 2116 2129 4349 2198 2198 2184 2170
    2170 2184 2184 2184 2170 2170 2170 2170 2156 2156 2156 2156 2156
    2143 2143 2129 2129 2129 2116 2116 2116 2116 2116 2116 2116 2116
    2116 2116 2116 2129 4349 2198 2198 2184 2184 2184 2184 2184 2184
    2184 2170 2170 2170 2156 2156 2156 2156 2156 2143 2143 2129 2129
    2129 2129 2116 2116 2116 2116 2116 2116 2116 2116 2116 2129 2143
    4349 2198 2198 2184 2184 2184 2184 2184 2184 2184 2170 2170 2170
    2156 2156 2156 2156 2156 2143 2143 2129 2129 2129 2129 2129 2116
    2116 2116 2116 2116 2116 2116 2129 2143 2143 4349 2198 2198 2184
    2170 2170 2184 2184 2170 2170 2170 2170 2170 2156 2156 2156 2156
    2156 2143 2143 2129 2129 2129 2129 2129 2116 2116 2116 2116 2116
    2116 2116 2129 2143 2156 2226 2198 2198 2184 2170 2170 2184 2184
    2170 2170 2170 2170 2170 2170 2156 2156 2156 2156 2156 2143 2129
    2129 2129 2129 2129 2129 2116 2116 2116 2116 2116 2116 2129 2143
    2156 2226 2212 2198 2184 2170 2170 2184 2184 2184 2170 2170 2170
    2170 2170 2156 2156 2156 2143 2143 2143 2129 2129 2129 2129 2129
    2129 2116 2116 2116 2116 2116 2116 2129 2129 2156 4190 2198 2184
    2184 2170 2170 2184 2184 2184 2170 2170 2170 2170 2170 2170 2156
    2143 2143 2143 2143 2129 2129 2129 2129 2129 2129 2129 2116 2116
    2116 2116 2116 2129 2129 2143 4349 2198 2184 2184 2170 2170 2184
    2184 2184 2170 2170 2170 2170 2170 2170 2170 2143 2143 2143 2143
    2129 2129 2129 2129 2129 2129 2129 2129 2129 2116 2116 2116 2129
    2129 2143 4349 2198 2198 2198 2184 2184 2184 2184 2184 2184 2170
    2170 2170 2170 2170 2170 2156 2156 2143 2143 2129 2129 2129 2129
    2129 2129 2129 2129 2129 2116 2116 2116 2116 2129 2129 4349 2198
    2198 2198 2184 2184 2184 2184 2184 2184 2170 2170 2170 2170 2170
    2170 2156 2156 2156 2143 2129 2129 2129 2129 2129 2129 2129 2129
    2116 2116 2116 2116 2116 2129 2129 4349 2184 2184 2198 2184 2184
    2198 2184 2184 2184 2170 2170 2170 2170 2170 2170 2156 2156 2156
    2156 2143 2129 2129 2129 2129 2129 2129 2129 2116 2116 2116 2116
    2129 2129 2129 4349 2170 2170 2198 2198 2198 2198 2184 2184 2184
    2170 2170 2170 2170 2170 2170 2170 2156 2156 2156 2156 2143 2143
    2129 2129 2129 2129 2129 2116 2116 2116 2116 2129 2129 4463 4349
    2170 2170 2198 2198 2198 2198 2184 2184 2184 2184 2184 2170 2170
    2170 2170 2170 2156 2156 2156 2156 2156 2143 2129 2129 2129 2129
    2129 2116 2116 2116 2116 2129 2129 4463 4295 2170 2170 2198 2198
    2198 2198 2184 2184 2184 2184 2184 2184 2184 2170 2170 2170 2156
    2156 2156 2156 2156 2143 2143 2143 2129 2129 2129 2116 2116 2116
    2116 2129 2129 4405 4295 2198 2198 2198 2198 2198 2198 2184 2184
    2184 2184 2184 2184 2170 2170 2170 2170 2170 2170 2156 2156 2156
    2143 2143 2143 2129 2129 2129 2129 2116 2116 2116 2129 2129 2156
    4295 2212 2198 2198 2198 2198 2198 2184 2184 2184 2184 2184 2184
    2170 2170 2170 2170 2170 2170 2156 2156 2156 2143 2143 2129 2129
    2129 2129 2129 2129 2129 2129 2129 2129 2156 4295 2212 2198 2198
    2198 2198 2212 2198 2198 2184 2184 2184 2184 2170 2170 2170 2170
    2170 2170 2156 2156 2156 2143 2143 2129 2129 2129 2129 2129 2129
    2129 2129 2129 2143 2170 2226 2212 2212 2198 2198 2198 2212 2198
    2198 2198 2184 2184 2184 2184 2170 2170 2170 2170 2170 2156 2156
    2156 2143 2143 2143 2129 2129 2129 2129 2129 2129 2129 2129 2143
    2143 2226 2226 2212 2212 2198 2198 2212 2212 2212 2198 2198 2184
