<?xml version="1.0"?>
<opencv_storage>
<Depth7799 type_id="opencv-matrix">
  <rows>5</rows>
  <cols>13</cols>
  <dt>w</dt>
  <data>
    5832 5832 6038 6038 6038 6038 6146 6146 6259 6259 6259 6259 6146
    5832 5832 5933 5933 6038 6038 6146 6146 6259 6259 6259 6259 6259
    5832 5832 5933 5933 6146 6146 6259 6259 6259 6375 6259 6259 6375
    5933 5933 5933 6038 6146 6146 6259 6259 6375 6497 6375 6375 6375
    5933 5933 5933 6146 6259 6259 6259 6259 6375 6497 6375 6375 6375</data></Depth7799>
</opencv_storage>
