<?xml version="1.0"?>
<opencv_storage>
<Depth5524 type_id="opencv-matrix">
  <rows>64</rows>
  <cols>41</cols>
  <dt>w</dt>
  <data>
    5132 5132 1705 1705 1705 1696 1696 1696 1696 1705 1705 1705 1705
    1705 1705 1696 1688 1688 1688 1705 1705 1705 1705 1713 1705 1705
    1713 1713 1722 4522 4463 4463 1713 1713 4349 4349 4349 4349 4349
    4349 4349 5132 5132 1705 1705 1705 1696 1696 1696 1696 1696 1705
    1705 1705 1705 1705 1696 1688 1688 1688 1705 1705 1705 1705 1713
    1705 1705 1705 1705 1705 1705 1705 1713 1705 1705 1705 1705 1705
    1705 1705 1722 4349 5132 1731 1705 1705 1705 1696 1696 1696 1696
    1696 1696 1696 1696 1696 1696 1696 1696 1696 1696 1705 1705 1705
    1705 1705 1705 1705 1705 1705 1705 1705 1705 1705 1705 1705 1705
    1705 1705 1696 1696 1705 1705 5210 1731 1722 1705 1696 1696 1696
    1696 1696 1696 1696 1696 1696 1696 1696 1696 1696 1696 1696 1705
    1705 1705 1705 1705 1705 1705 1705 1705 1705 1705 1705 1705 1705
    1705 1705 1705 1705 1696 1696 1705 1705 5210 1722 1705 1705 1696
    1696 1696 1696 1696 1696 1696 1696 1696 1696 1696 1696 1696 1696
    1705 1705 1705 1705 1696 1696 1705 1705 1705 1705 1705 1705 1705
    1705 1705 1705 1705 1705 1705 1705 1705 1696 1696 5210 1705 1705
    1705 1705 1696 1696 1696 1696 1696 1696 1696 1696 1696 1696 1696
    1696 1696 1705 1696 1696 1696 1696 1696 1696 1696 1696 1705 1705
    1705 1696 1696 1705 1705 1705 1705 1705 1705 1705 1696 1696 1696
    1696 1696 1696 1696 1696 1696 1696 1688 1688 1688 1696 1696 1696
    1696 1696 1696 1696 1696 1696 1696 1696 1696 1696 1696 1696 1696
    1705 1696 1696 1696 1696 1696 1696 1696 1696 1696 1705 1696 1696
    1696 1688 1688 1696 1696 1696 1696 1696 1696 1688 1688 1688 1688
    1688 1696 1696 1696 1696 1696 1696 1696 1696 1696 1696 1696 1696
    1696 1696 1705 1696 1696 1696 1696 1696 1696 1696 1696 1696 1696
    1696 1696 1696 1688 1688 1688 1688 1696 1696 1696 1696 1688 1688
    1688 1688 1688 1696 1696 1688 1688 1688 1696 1696 1696 1696 1696
    1696 1696 1696 1696 1705 1696 1696 1696 1696 1696 1696 1696 1696
    1696 1696 1696 1696 1696 5056 1688 1688 1688 1688 1688 1688 1696
    1688 1688 1688 1688 1688 1696 1696 1688 1688 1688 1688 1696 1696
    1696 1696 1696 1696 1696 1696 1705 1696 1696 1696 1696 1696 1696
    1696 1696 1696 1696 1696 1696 1696 5056 1680 1680 1688 1688 1688
    1688 1688 1688 1688 1688 1688 1688 1688 1688 1688 1688 1688 1688
    1696 1696 1696 1696 1696 1696 1696 1696 1696 1696 1696 1696 1696
    1696 1696 1696 1696 1696 1696 1696 1696 1696 5132 1680 1680 1688
    1688 1688 1688 1688 1688 1688 1688 1688 1688 1688 1688 1688 1696
    1688 1688 1696 1696 1696 1696 1696 1696 1696 1696 1696 1696 1696
    1696 1696 1696 1696 1696 1696 1696 1696 1696 1688 1688 5210 1688
    1688 1688 1688 1688 1688 1688 1688 1688 1688 1688 1688 1688 1688
    1688 1688 1688 1696 1696 1696 1696 1688 1688 1688 1688 1696 1696
    1696 1696 1696 1696 1696 1696 1696 1696 1696 1696 1688 1688 1688
    1696 1688 1688 1688 1688 1688 1688 1688 1688 1688 1688 1688 1688
    1688 1688 1688 1688 1688 1696 1696 1696 1696 1688 1688 1688 1688
    1696 1696 1696 1696 1688 1688 1696 1696 1696 1696 1688 1688 1688
    1688 1688 1696 1696 1688 1688 1688 1688 1688 1688 1688 1688 1688
    1688 1688 1688 1688 1688 1688 1688 1696 1696 1696 1696 1688 1688
    1696 1688 1688 1696 1696 1696 1688 1688 1696 1696 1696 1696 1688
    1688 1688 1688 1688 5056 1688 1688 1688 1688 1688 1688 1688 1688
    1688 1688 1688 1688 1688 1688 1688 1688 1688 1688 1688 1688 1688
    1688 1688 1688 1688 1688 1696 1696 1696 1696 1688 1688 1688 1688
    1688 1688 1696 1688 1688 1688 5056 1688 1688 1688 1688 1688 1688
    1688 1696 1688 1688 1688 1688 1688 1688 1688 1688 1688 1688 1688
    1688 1688 1688 1688 1688 1688 1688 1688 1688 1688 1696 1688 1688
    1688 1688 1688 1688 1688 1688 1688 1688 1688 1688 1688 1688 1688
    1688 1688 1696 1696 1696 1688 1688 1688 1688 1688 1688 1688 1688
    1696 1688 1688 1696 1696 1696 1696 1688 1688 1688 1688 1688 1688
    1688 1688 1688 1688 1688 1688 1688 1688 1688 1688 1688 1688 1688
    1688 1688 1688 1688 1696 1688 1688 1688 1688 1688 1680 1680 1688
    1688 1688 1696 1688 1688 1696 1696 1688 1688 1688 1688 1688 1688
    1688 1688 1688 1688 1688 1688 1688 1688 1680 1680 1680 1680 1680
    1680 1680 1680 1688 1688 1688 1688 1688 1688 1688 1680 1680 1680
    1680 1688 1688 1688 1696 1696 1696 1696 1696 1688 1688 1688 1680
    1680 1688 1688 1688 1688 1688 1688 1688 1680 1680 1680 1671 1671
    1671 1680 1680 1680 1680 1680 1688 1688 1688 1688 1688 1688 1680
    1680 1680 1680 1680 1688 1688 1696 1688 1688 1696 1688 1688 1688
    1680 1680 1680 1688 1688 1688 1688 1688 1680 1680 1680 1680 1680
    1671 1671 1671 1680 1680 1680 1680 1680 1688 1688 1688 1688 1680
    1680 1680 1680 1680 1680 1680 1688 1688 1688 1688 1688 1688 1688
    1680 1680 1680 1680 1688 1688 1688 1688 1688 1688 1680 1680 1680
    1680 1680 1680 1680 1680 1671 1671 1671 1680 1680 1680 1680 1680
    1688 1680 1680 1680 1680 1671 1671 1680 1680 1688 1688 1680 1680
    1688 1688 1680 1680 1680 1680 1680 1680 1680 1688 1688 1688 1680
    1680 1680 1680 1680 1680 1680 1680 1671 1671 1671 1680 1680 1680
    1680 1680 1680 1680 1680 1680 1680 1671 1671 1680 1680 1688 1680
    1680 1680 1680 1680 1680 1680 1680 1680 1680 1680 1680 1680 1680
    1688 1680 1680 1680 1680 1680 1680 1688 1688 1680 1680 1680 1680
    1680 1680 1671 1671 1671 1671 1680 1680 1680 1671 1671 1671 1680
    1680 1680 1680 1680 1680 1680 1680 1680 1680 1680 1688 1680 1680
    1680 1680 1680 1680 1680 1680 1680 1680 1680 1688 1705 4911 1671
    1671 1671 1671 1671 1671 1671 1671 1671 1680 1680 1680 1671 1671
    1671 1671 1680 1680 1680 1680 1680 1680 1680 1680 1680 1680 1688
    1680 1680 1671 1671 1671 1680 1671 1671 1680 1680 1680 1688 1696
    4911 1671 1671 1671 1671 1671 1671 1663 1663 1671 1671 1671 1671
    1671 1671 1671 1671 1680 1680 1680 1680 1671 1671 1671 1671 1671
    1680 1680 1680 1671 1671 1671 1671 1680 1671 1671 1680 1680 1680
    1680 1688 1688 1671 1671 1671 1671 1671 1671 1663 1663 1671 1671
    1671 1671 1671 1663 1663 1671 1671 1680 1671 1671 1671 1671 1671
    1671 1671 1671 1680 1671 1671 1671 1671 1671 1671 1671 1671 1671
    1671 1671 1671 1671 1680 1671 1671 1671 1671 1671 1671 1671 1671
    1671 1671 1671 1671 1663 1663 1663 1663 1671 1671 1671 1671 1671
    1671 1671 1671 1671 1671 1680 1671 1671 1671 1671 1671 1671 1671
    1671 1671 1671 1671 1671 1671 1680 1671 1671 1663 1663 1671 1663
    1663 1671 1671 1671 1671 1671 1663 1663 1663 1663 1671 1671 1671
    1671 1671 1671 1671 1671 1671 1671 1671 1671 1671 1671 1671 1671
    1671 1671 1671 1671 1671 1671 1671 1671 1688 1671 1663 1663 1663
    1663 1663 1663 1663 1663 1663 1663 1671 1671 1663 1663 1663 1663
    1671 1671 1671 1671 1671 1671 1671 1671 1671 1671 1671 1671 1671
    1671 1671 1671 1671 1663 1663 1671 1671 1671 1671 1688 1671 1663
    1663 1663 1663 1663 1663 1663 1663 1663 1663 1663 1663 1663 1663
    1663 1663 1671 1671 1671 1671 1671 1671 1671 1671 1671 1671 1671
    1671 1671 1671 1671 1671 1671 1663 1663 1671 1671 1671 1671 1663
    1663 1663 1663 1663 1671 1663 1663 1663 1663 1663 1663 1663 1663
    1663 1663 1663 1663 1671 1671 1671 1671 1671 1671 1663 1663 1671
    1671 1671 1671 1671 1671 1671 1671 1671 1671 1663 1663 1663 1663
    1663 1663 1663 1663 1663 1663 1663 1663 1663 1663 1663 1663 1663
    1663 1663 1663 1663 1663 1663 1671 1671 1671 1671 1671 1663 1663
    1663 1671 1671 1671 1671 1671 1671 1671 1671 1671 1671 1663 1663
    1663 1663 1663 1663 1663 1663 1663 1663 1663 1663 1663 1663 1663
    1663 1663 1663 1663 1663 1663 1663 1663 1663 1671 1671 1671 1663
    1663 1663 1663 1671 1671 1671 1671 1663 1663 1671 1671 1671 1671
    1671 1671 1663 1663 1663 1663 1663 1663 1663 1663 1663 1663 1663
    1663 1663 1663 1663 1663 1663 1663 1663 1663 1663 1663 1671 1663
    1663 1663 1663 1663 1663 1671 1671 1671 1663 1663 1663 1663 1671
    1671 1671 1671 1671 1671 1663 1663 1663 1655 1655 1655 1655 1655
