<?xml version="1.0"?>
<opencv_storage>
<Depth3305 type_id="opencv-matrix">
  <rows>21</rows>
  <cols>33</cols>
  <dt>w</dt>
  <data>
    3692 3692 3692 3692 3692 3692 3692 3732 3774 3774 3816 3816 3816
    3859 3859 3859 3859 3903 3948 3994 3994 3994 3994 3948 3948 2984
    2984 4041 3010 2984 2984 3010 3010 3692 3692 3692 3692 3692 3692
    3692 3732 3774 3774 3816 3816 3816 3859 3859 3859 2908 2908 2908
    2908 2908 2908 2958 2958 2958 2958 2958 2984 2984 3010 2984 2933
    2933 3692 3692 3692 3692 3692 3732 3732 3732 3816 3816 3816 3816
    3816 3859 3816 2859 2859 2883 2883 2908 2908 2908 2908 2933 2933
    2933 2933 2933 2958 2984 2984 2933 2933 3692 3692 3692 3692 3692
    3692 3692 3692 3816 3816 2789 2789 2812 2812 2812 2835 2859 2859
    2883 2883 2908 2908 2908 2908 2933 2933 2933 2933 2933 2958 2958
    2933 2933 3692 3653 3653 3653 2744 2744 2744 2744 2767 2767 2789
    2789 2789 2812 2812 2835 2835 2835 2859 2883 2883 2883 2883 2908
    2908 2933 2933 2933 2933 2958 2933 2933 2933 3692 3653 2767 2767
    2744 2744 2744 2744 2767 2767 2789 2789 2789 2812 2812 2812 2812
    2835 2835 2859 2859 2859 2883 2908 2908 2908 2933 2933 2933 2933
    2933 2933 2908 3692 2767 2744 2744 2744 2744 2744 2744 2767 2767
    2767 2789 2789 2789 2812 2812 2812 2835 2835 2835 2859 2859 2883
    2908 2908 2908 2908 2908 2933 2933 2908 2908 2908 2744 2744 2744
    2744 2723 2723 2723 2723 2744 2767 2767 2767 2767 2789 2789 2812
    2812 2835 2835 2835 2859 2859 2883 2883 2883 2883 2908 2908 2908
    2933 2908 2908 2908 2723 2723 2723 2723 2723 2723 2723 2723 2744
    2744 2767 2767 2767 2789 2789 2789 2812 2812 2835 2835 2859 2859
    2883 2883 2883 2883 2883 2908 2908 2933 2908 2908 2933 2723 2723
    2723 2723 2723 2723 2723 2723 2744 2744 2744 2767 2767 2789 2789
    2789 2812 2812 2835 2835 2859 2859 2883 2883 2883 2883 2883 2883
    2908 2933 2933 2933 2933 2723 2723 2701 2701 2701 2701 2723 2723
    2744 2744 2744 2767 2767 2767 2789 2789 2812 2812 2835 2835 2859
    2883 2883 2883 2883 2883 2883 2883 2908 2933 2933 2908 2908 2723
    2723 2701 2701 2701 2701 2723 2723 2723 2744 2744 2744 2744 2744
    2767 2789 2789 2812 2812 2835 2835 2859 2883 2883 2883 2883 2883
    2908 2908 2908 2908 2883 2883 2744 2723 2701 2701 2701 2701 2701
    2723 2723 2723 2744 2744 2744 2744 2767 2767 2767 2789 2812 2812
    2835 2859 2859 2859 2883 2883 2883 2908 2908 2908 2908 2883 2859
    2744 2723 2723 2723 2701 2701 2701 2723 2723 2723 2723 2744 2744
    2744 2744 2767 2767 2789 2812 2812 2835 2835 2835 2859 2859 2883
    2883 2908 2908 2908 2908 2908 2859 2744 2744 2723 2723 2723 2723
    2723 2723 2723 2723 2723 2744 2744 2744 2744 2744 2767 2789 2812
    2812 2835 2835 2835 2835 2835 2883 2883 2908 2908 2908 2908 2908
    2883 2744 2744 2723 2723 2723 2723 2723 2723 2723 2723 2744 2744
    2744 2744 2744 2744 2767 2812 2812 2812 2812 2812 2835 2835 2835
    2883 2883 2908 2908 2908 2908 2883 2883 2744 2744 2723 2723 2723
    2723 2723 2723 2723 2723 2744 2744 2744 2744 2744 2767 2767 2812
    2812 2812 2812 2812 2835 2835 2835 2859 2883 2908 2908 2908 2908
    2883 2883 2744 2723 2701 2701 2701 2680 2680 2701 2701 2723 2723
    2723 2723 2723 2744 2744 2744 2812 2812 2812 2812 2812 2812 2835
    2835 2859 2883 2883 2883 2883 2883 2908 0 2744 2723 2701 2680 2659
    2659 2659 2659 2701 2723 2723 2723 2723 2723 2744 2744 2744 2812
    2812 2812 2812 2812 2812 2835 2835 2859 2883 2883 2883 2883 2883
    2908 0 0 2723 2680 2659 2639 2639 2659 2659 2723 2723 2723 2723 2723
    2723 2744 2744 2744 2812 2812 2835 2835 2812 2812 0 0 0 0 0 2908
    2908 2908 0 0 0 0 2680 2659 2639 2639 2659 0 0 0 0 0 0 0 0 2744 2744
    0 0 0 0 0 0 0 0 0 0 0 0 0 0 0 0</data></Depth3305>
</opencv_storage>
