<?xml version="1.0"?>
<opencv_storage>
<Depth10205 type_id="opencv-matrix">
  <rows>61</rows>
  <cols>75</cols>
  <dt>w</dt>
  <data>
    4349 4349 4349 4295 4295 4295 4295 4295 4349 4349 4405 4349 4349
    4349 4295 4295 4295 4295 4349 4349 4349 4295 4241 4241 4241 4241
    4241 4241 4241 4241 4241 4241 4241 4241 4241 4241 4190 4190 4190
    4190 4190 4190 4190 4190 4190 4241 1557 1557 1557 1557 1557 4089
    4089 1516 1516 1477 1470 1464 1464 4139 4139 4089 4089 4089 4041
    4041 3994 3948 3903 3903 3994 3994 4041 4041 3994 4349 4349 4349
    4295 4295 4295 4295 4295 4349 4349 4405 4349 4349 4295 4295 4295
    4295 4295 4349 4349 4295 4241 4241 4241 4241 4241 4241 4241 4241
    4241 4241 4241 4241 4241 4241 4241 4190 4190 4190 4190 4190 4190
    4190 4241 4241 4241 1557 1557 1550 1536 1536 1536 1509 1496 1483
    1477 1470 1464 1464 1464 1464 4089 4089 4089 4041 4041 4041 3994
    3948 3948 3948 4041 4041 3994 1529 4349 4349 4349 4295 4295 4295
    4295 4295 4349 4349 4349 4349 4349 4295 4241 4241 4241 4295 4349
    4349 4295 4241 4241 4241 4241 4241 4241 4241 4241 4241 4241 4190
    4190 4190 4190 4190 4190 4190 4190 4190 4190 4190 4190 4241 4241
    4241 1550 1536 1536 1523 1516 1509 1496 1483 1477 1470 1470 1470
    1464 1464 1464 1464 4041 4041 4041 4041 4089 4089 0 1564 1564 1550
    1543 1529 1529 4349 4349 4349 4295 4295 4295 4295 4295 4349 4349
    4349 4349 4295 4295 4241 4241 4241 4295 4295 4295 4295 4241 4241
    4241 4241 4241 4241 4241 4241 4241 4241 4190 4190 4190 4190 4190
    4190 4190 4139 4139 4190 4190 4190 4295 4295 1550 1536 1523 1523
    1516 1503 1496 1483 1477 1470 1470 1470 1464 1464 1458 1452 1452
    1452 4041 4041 4041 4089 0 0 0 1564 1550 1529 1516 1516 4295 4349
    4349 4349 4349 4295 4295 4295 4349 4349 4349 4349 4295 4295 4295
    4295 4295 4295 4295 4295 4295 4241 4241 4241 4241 4241 4241 4241
    4241 4241 4241 4190 4190 4190 4190 4190 4190 4190 4139 4139 4190
    1523 1523 1550 1536 1523 1523 1509 1509 1503 1496 1483 1477 1470
    1470 1470 1470 1464 1464 1458 1452 1433 1427 1427 4041 4041 0 0 0 0
    0 1543 1523 1509 1483 4295 4349 4349 4349 4349 4349 4295 4295 4349
    4349 4349 4349 4295 4295 4295 4295 4295 4295 4295 4295 4295 4295
    4241 4241 4241 4241 4241 4241 4241 4241 4241 4190 4190 4190 4190
    4190 4190 4190 1543 1543 1536 1523 1516 1509 1503 1496 1489 1489
    1489 1489 1483 1477 1477 1470 1470 1470 1470 1470 1464 1464 1452
    1433 1427 1427 0 0 0 0 0 0 0 1529 1523 1509 1483 4349 4349 4349 4349
    4349 4349 4295 4295 4349 4349 4349 4349 4295 4295 4295 4295 4295
    4295 4295 4295 4295 4241 4241 4241 4241 4241 4241 4241 4241 4241
    4190 4190 4190 4190 4190 4190 1543 1543 1543 1536 1529 1516 1503
    1503 1496 1489 1483 1483 1477 1477 1477 1477 1477 1470 1470 1470
    1470 1470 1470 1470 1458 1445 1445 0 0 0 0 0 0 0 0 1529 1523 1509
    1483 4349 4349 4349 4349 4349 4349 4295 4295 4349 4349 4349 4349
    4295 4295 4295 4241 4241 4295 4295 4295 4295 4241 4241 4241 4241
    4241 4241 4241 4241 4190 4190 4190 4190 4190 1543 1543 1536 1536
    1529 1523 1509 1503 1496 1496 1489 1483 1483 1477 1477 1477 1477
    1477 1477 1477 1470 1470 1470 1470 1470 1470 1464 1464 1464 1464 0 0
    0 0 0 0 0 0 1529 1516 1483 4349 4349 4349 4349 4349 4349 4295 4295
    4349 4349 4349 4349 4349 4295 4295 4241 4241 4241 4241 4295 4295
    4241 4241 4241 4241 4190 4190 4241 4241 4190 4190 1550 1543 1536
    1536 1529 1529 1523 1509 1509 1496 1496 1489 1489 1489 1483 1477
    1477 1477 1477 1477 1477 1477 1477 1477 1477 1477 1477 1477 1477
    1470 1470 1464 1464 0 0 0 0 0 0 0 0 0 1523 1489 4349 4349 4349 4349
    4349 4349 4349 4349 4349 4349 4349 4349 4349 4295 4241 4241 4241
    4241 4241 4295 4295 4241 4241 4241 4241 4190 4190 4190 4241 1543
    1543 1543 1536 1536 1529 1523 1516 1509 1496 1496 1489 1489 1489
    1489 1489 1483 1477 1477 1477 1483 1483 1483 1477 1477 1483 1483
    1477 1477 1477 1477 1477 1477 1470 1470 0 0 0 0 0 0 0 0 0 1516 1489
    4349 4295 4295 4295 4295 4349 4349 4349 4349 4349 4349 4349 4349
    4295 4241 4241 4241 4241 4241 4295 4295 4295 4241 4241 4241 4190
    4190 4190 1550 1543 1536 1536 1523 1516 1509 1503 1503 1489 1489
    1489 1489 1489 1489 1489 1489 1483 1483 1483 1483 1483 1483 1483
    1483 1483 1483 1483 1483 1477 1477 1477 1477 1477 1470 1470 0 0 0 0
    0 0 0 0 1503 1496 1496 4349 4295 4295 4295 4295 4349 4349 4349 4349
    4349 4349 4349 4349 4295 4295 4295 4295 4295 4295 4295 4295 4295
    4241 4241 4241 4241 4241 1543 1536 1529 1523 1516 1503 1496 1496
    1489 1489 1489 1489 1489 1489 1489 1483 1483 1489 1483 1483 1489
    1489 1489 1489 1489 1483 1483 1483 1483 1483 1483 1483 1477 1477
    1477 1477 1477 0 0 0 0 0 0 0 0 1503 1496 1496 4349 4349 4349 4295
    4295 4295 4349 4349 4349 4349 4295 4295 4349 4295 4295 4241 4241
    4241 4295 4295 4295 4295 4295 4295 1557 1543 1529 1529 1523 1516
    1509 1503 1496 1489 1489 1489 1489 1489 1489 1489 1489 1489 1483
    1483 1489 1489 1489 1489 1489 1496 1489 1489 1489 1489 1489 1489
    1483 1483 1483 1483 1477 1477 1477 1477 1483 0 0 0 0 0 0 0 0 1496
    1496 4349 4295 4295 4295 4295 4295 4349 4349 4349 4349 4295 4295
    4295 4295 4295 4241 4241 4241 4295 4295 4295 1550 1536 1536 1529
    1523 1516 1516 1509 1503 1496 1496 1489 1489 1489 1489 1489 1489
    1489 1496 1489 1489 1489 1489 1489 1489 1496 1489 1489 1496 1496
    1496 1489 1489 1489 1489 1489 1483 1483 1489 1483 1483 1483 1483
    1483 1496 0 0 0 0 0 0 0 0 0 4349 4295 4295 4295 4295 4295 4295 4349
    4349 4349 4295 4295 4241 4241 4241 4241 4241 4241 1579 1572 1564
    1550 1536 1523 1516 1509 1509 1509 1503 1496 1496 1489 1489 1489
    1489 1489 1489 1489 1489 1496 1496 1496 1489 1489 1489 1489 1496
    1496 1496 1496 1496 1496 1496 1496 1489 1489 1489 1489 1489 1489
    1489 1483 1483 1483 1489 1496 0 0 0 0 0 0 0 0 0 4349 4295 4295 4295
    4295 4295 4295 4295 4349 4349 4295 4295 4190 4190 4241 4241 4241
    1579 1572 1564 1557 1550 1523 1509 1503 1496 1496 1496 1496 1496
    1489 1489 1489 1489 1489 1489 1489 1489 1489 1503 1496 1496 1496
    1496 1496 1496 1496 1496 1496 1496 1496 1496 1496 1496 1496 1496
    1496 1489 1489 1489 1489 1489 1489 1489 1489 1489 1489 0 0 0 0 0 0 0
    0 4349 4295 4295 4295 4295 4295 4295 4295 4349 4295 4295 4241 4190
    4190 4190 1564 1564 1564 1564 1550 1543 1536 1516 1503 1496 1496
    1496 1496 1496 1496 1489 1489 1489 1489 1489 1489 1489 1489 1489
    1496 1496 1496 1496 1496 1496 1496 1496 1496 1496 1496 1496 1496
    1496 1496 1496 1496 1496 1496 1496 1489 1489 1489 1489 1489 1489
    1489 1489 0 0 0 0 0 0 0 0 4349 4349 4349 4295 4295 4295 4295 4295
    4349 4295 4295 4241 1557 1550 1543 1543 1543 1550 1529 1523 1516
    1509 1503 1496 1496 1496 1496 1496 1496 1496 1489 1489 1489 1489
    1489 1496 1496 1496 1496 1496 1503 1503 1496 1496 1496 1496 1496
    1496 1496 1496 1496 1496 1496 1496 1496 1496 1496 1496 1496 1489
    1489 1496 1496 1496 1489 1489 1489 0 0 0 0 0 0 0 0 4349 4349 4295
    4295 4349 4349 4349 4349 4405 1572 1557 1550 1543 1536 1536 1529
    1523 1523 1516 1509 1503 1496 1496 1496 1496 1496 1496 1496 1496
    1496 1496 1496 1496 1496 1496 1496 1496 1496 1496 1496 1503 1503
    1503 1503 1503 1503 1496 1496 1496 1496 1496 1503 1496 1496 1496
    1496 1496 1496 1496 1496 1496 1496 1496 1496 1496 1489 1489 1489 0 0
    0 0 0 0 0 1579 1579 4295 4295 4349 4349 4405 4405 1564 1557 1550
    1536 1529 1523 1523 1523 1516 1516 1509 1509 1503 1496 1496 1496
    1496 1496 1496 1496 1496 1496 1496 1496 1496 1496 1496 1496 1496
    1496 1496 1496 1503 1503 1503 1503 1503 1503 1503 1503 1503 1503
    1503 1496 1496 1496 1496 1496 1496 1496 1496 1496 1496 1496 1496
    1496 1496 1489 1489 1489 0 0 0 0 0 0 0 1579 1579 4295 4295 1557 1557
    1557 1564 1564 1550 1536 1529 1523 1523 1516 1516 1516 1509 1509
    1509 1503 1503 1496 1496 1503 1503 1503 1503 1496 1496 1496 1496
    1496 1496 1496 1496 1503 1496 1496 1496 1503 1503 1503 1503 1503
    1503 1503 1503 1503 1503 1503 1496 1496 1496 1496 1503 1496 1496
