<?xml version="1.0"?>
<opencv_storage>
<Depth15016 type_id="opencv-matrix">
  <rows>43</rows>
  <cols>38</cols>
  <dt>w</dt>
  <data>
    4241 4241 4295 4241 4241 4241 4241 4241 4241 4295 4295 2541 2541
    2541 2522 2522 2541 2541 2541 2541 2541 2541 2541 2541 4405 2541
    2541 2541 2541 4349 4349 4349 4349 4349 4349 4349 4349 4349 4295
    4241 4241 4241 4241 4241 4241 4241 4241 2541 2541 2541 2541 2541
    2522 2522 2503 2503 2541 2541 2541 2541 2541 2541 2541 2541 2541
    2541 2541 4349 4349 4349 4349 4349 4349 4349 4349 4349 4295 4241
    4241 4295 4295 4295 4295 4190 4190 2541 2541 2541 2541 2541 2522
    2522 2503 2503 2541 2541 2541 2541 2541 2541 2541 2541 2541 2541
    2522 2522 4349 4349 4349 4349 4349 4349 4349 4349 4295 4241 4241
    4241 4295 4295 4295 4089 2522 2522 2522 2541 2541 2522 2503 2503
    2503 2503 2522 2541 2541 2541 2541 2541 2541 2541 2541 2541 2522
    2522 4349 4349 4349 4349 4349 4349 4349 4349 4295 4241 4241 4241
    4295 4295 4190 2503 2503 2522 2522 2522 2522 2522 2503 2503 2503
    2503 2522 2541 2541 2522 2522 2541 2541 2541 2541 2541 2541 2541
    2541 4349 4349 4349 4349 4349 4349 4349 2467 2467 2485 2485 2485
    2485 2485 2485 2503 2522 2522 2522 2522 2522 2522 2522 2522 2522
    2541 2541 2541 2522 2522 2541 2541 2541 2541 2541 2541 2541 2541
    4349 4349 4349 4349 4349 4349 4349 2467 2467 2485 2485 2485 2485
    2467 2467 2485 2522 2522 2522 2522 2522 2522 2522 2522 2522 2541
    2541 2541 2541 2541 2541 2541 2541 2541 2541 2541 2541 2541 4349
    4349 4349 4349 4349 4349 4349 2467 2467 2485 2485 2485 2467 2467
    2467 2485 2522 2522 2522 2522 2522 2522 2522 2541 2541 2541 2541
    2541 2541 2541 2541 2541 2541 2541 2541 2541 2541 2541 4349 4349
    4349 4349 4349 4349 4349 2467 2467 2485 2485 2485 2467 2467 2467
    2503 2522 2522 2522 2522 2522 2541 2541 2541 2541 2541 2541 2541
    2541 2541 2541 2541 2541 2541 2541 2541 2541 2541 2560 4349 4349
    4349 4349 4349 4349 2467 2467 2485 2485 2485 2485 2485 2485 2503
    2522 2522 2522 2522 2522 2541 2541 2541 2541 2541 2541 2541 2541
    2541 2541 2541 2541 2541 2541 2541 2541 2541 2560 4349 4349 4349
    4349 4349 4349 4295 2503 2503 2485 2485 2503 2503 2503 2503 2522
    2522 2522 2522 2522 2541 2541 2541 2541 2541 2541 2541 2541 2541
    2541 2541 2541 2541 2541 2541 2541 2541 2541 2541 4349 4349 4349
    4349 4349 2467 2485 2485 2503 2503 2503 2503 2503 2503 2522 2522
    2522 2522 2522 2541 2541 2522 2522 2541 2541 2541 2541 2541 2541
    2541 2541 2541 2541 2541 2541 2541 2541 2541 4349 4349 4349 4349
    4349 2467 2485 2485 2503 2503 2503 2503 2503 2503 2522 2522 2522
    2522 2522 2541 2541 2522 2522 2522 2541 2541 2541 2541 2541 2541
    2541 2541 2541 2541 2541 2541 2541 2541 4349 4349 4349 4349 4349
    2467 2503 2503 2503 2503 2503 2503 2503 2503 2522 2522 2522 2522
    2522 2522 2541 2522 2522 2522 2522 2541 2541 2541 2541 2541 2541
    2541 2541 2541 2541 2541 2541 2541 4349 4349 4349 4349 4349 4295
    2467 2467 2503 2503 2503 2503 2503 2503 2522 2522 2522 2522 2522
    2522 2541 2522 2522 2522 2522 2541 2541 2541 2541 2541 2541 2541
    2541 2541 2541 2541 2541 2541 4349 4349 4349 4349 4349 4295 2467
    2467 2503 2503 2503 2503 2503 2503 2522 2522 2522 2522 2522 2522
    2541 2541 2522 2522 2522 2541 2541 2541 2541 2541 2541 2541 2541
    2541 2541 2541 2541 2541 4349 4349 4349 4349 4349 4295 4295 2485
    2485 2503 2503 2503 2503 2503 2522 2522 2522 2522 2522 2522 2541
    2541 2541 2541 2541 2541 2541 2541 2541 2541 2541 2541 2541 2541
    2541 2541 2541 2541 4349 4349 4349 4349 4349 4295 4295 2485 2485
    2503 2503 2503 2503 2503 2522 2541 2541 2522 2522 2522 2522 2522
    2541 2541 2541 2541 2541 2541 2541 2541 2541 2541 2541 2541 2541
    2541 2541 2541 4349 4349 4349 4349 4349 4295 4295 4295 2522 2503
    2503 2503 2485 2485 2522 2522 2541 2522 2522 2522 2522 2522 2541
    2541 2541 2541 2541 2541 2541 2541 2541 2541 2541 2541 2541 2541
    2541 2541 2541 4405 4349 4349 4349 4295 4295 4295 2522 2503 2503
    2503 2485 2485 2522 2522 2522 2541 2522 2522 2522 2522 2541 2541
    2541 2541 2541 2541 2541 2541 2541 2541 2541 2541 2541 2541 2541
    2541 2541 2560 4349 4349 4349 4295 4295 2541 2522 2522 2522 2503
    2503 2503 2522 2522 2522 2541 2522 2522 2522 2522 2541 2541 2541
    2541 2541 2541 2541 2541 2541 2541 2541 2541 2541 2541 2541 2541
    2560 2560 4349 4349 4349 4295 4295 2541 2522 2522 2522 2522 2503
    2503 2522 2522 2522 2541 2541 2541 2541 2541 2541 2541 2541 2541
    2541 2541 2541 2541 2541 2541 2541 2541 2541 2541 2541 2560 2560
    2560 2560 4349 4405 4295 4295 4295 4295 2522 2522 2522 2522 2522
    2522 2522 2541 2541 2541 2541 2541 2522 2522 2541 2541 2541 2541
    2541 2541 2541 2541 2541 2541 2541 2541 2541 2541 2560 2560 2560
    2560 4405 4405 4295 4295 4295 4295 2522 2522 2522 2522 2522 2522
    2522 2541 2541 2541 2541 2541 2522 2522 2541 2541 2541 2541 2541
    2541 2541 2541 2541 2541 2560 2560 2560 2560 2560 2560 2560 2560
    4405 4405 4295 4295 4295 4295 2522 2522 2522 2522 2522 2522 2522
    2522 2541 2522 2522 2541 2541 2541 2541 2541 2541 2541 2541 2541
    2541 2541 2541 2541 2560 2560 2560 2560 2560 2560 2560 2560 4349
    4349 4295 4295 4295 4295 4295 2522 2522 2503 2503 2522 2522 2522
    2541 2522 2522 2541 2541 2522 2522 2541 2541 2541 2541 2541 2541
    2541 2541 2541 2560 2560 2560 2560 2560 2560 2541 2541 4349 4349
    4295 4295 4295 4295 4295 2522 2522 2503 2503 2522 2541 2541 2541
    2522 2522 2522 2541 2522 2522 2541 2541 2541 2541 2541 2541 2541
    2541 2541 2560 2560 2560 2560 2541 2541 2541 2541 4405 4405 4295
    4295 4295 4295 4295 2522 2522 2503 2503 2522 2541 2541 2522 2522
    2522 2522 2541 2541 2541 2541 2541 2541 2541 2541 2541 2541 2541
    2541 2560 2560 2560 2541 2541 2541 2541 2541 4405 4405 4295 4295
    4295 4295 4295 4295 2522 2503 2503 2541 2541 2541 2522 2522 2522
    2522 2541 2541 2541 2541 2541 2541 2541 2541 2541 2541 2541 2541
    2541 2560 2560 2541 2541 2541 2541 2541 4405 4349 4295 4295 4295
    4295 4295 4295 2522 2522 2522 2541 2522 2522 2522 2522 2522 2522
    2541 2541 2541 2541 2541 2541 2541 2541 2541 2541 2541 2541 2541
    2560 2560 2541 2541 2541 2541 2541 2560 4349 4295 4295 4295 4295
    4295 4295 2522 2522 2522 2541 2522 2522 2522 2522 2522 2522 2541
    2541 2541 2541 2541 2541 2541 2541 2541 2541 2541 2541 2541 2560
    2560 2541 2541 2541 2541 2560 2560 2560 4295 4295 4295 4295 4295
    4295 2522 2522 2522 2541 2541 2541 2541 2522 2522 2522 2541 2541
    2541 2541 2541 2541 2541 2541 2541 2541 2541 2541 2560 2560 2560
    2560 2560 2560 2560 2560 2560 2560 4295 4295 4295 4295 4295 4295
    2541 2541 2541 2541 2541 2541 2541 2541 2541 2541 2541 2541 2541
    2541 2541 2541 2541 2560 2560 2560 2560 2560 2560 2560 2560 2560
    2560 2560 2560 2560 2560 2560 4295 4295 4295 4295 4295 4295 2560
    2541 2541 2541 2541 2541 2541 2541 2541 2541 2541 2541 2541 2541
    2541 2541 2541 2560 2560 2560 2560 2560 2560 2560 2560 2560 2560
    2560 2560 2560 2560 2560 4295 4295 4349 4295 4295 4295 4295 2541
    2541 2541 2541 2541 2541 2541 2541 2541 2541 2541 2541 2541 2541
    2541 2541 2541 2541 2541 2560 2560 2560 2560 2560 2560 2560 2560
    2541 2541 2560 2560 4295 4295 4349 4295 4295 4295 4295 2541 2541
    2541 2541 2541 2541 2541 2541 2541 2541 2541 2541 2541 2541 2541
    2541 2541 2541 2541 2541 2560 2560 2560 2560 2560 2560 2560 2541
    2541 2560 2541 4295 4295 4349 4295 4295 4295 4295 4295 2560 2541
    2541 2541 2541 2541 2541 2541 2541 2541 2541 2541 2541 2541 2541
    2541 2541 2541 2541 2560 2560 2560 2560 2560 2560 2560 2560 2560
    2560 2541 4295 4295 4295 4295 4241 4241 4295 4295 2560 2560 2541
    2541 2541 2541 2541 2541 2541 2541 2541 2541 2541 2541 2541 2541
    2541 2541 2541 2560 2560 2560 2560 2560 2560 2560 2560 2560 2560
    2541 4295 4295 4295 4295 4241 4241 4295 4295 2560 2560 2541 2541
    2541 2541 2541 2541 2541 2541 2541 2541 2541 2541 2541 2541 2541
    2541 2541 2560 2560 2560 2579 2579 2579 2579 2560 2560 2560 2579
