<?xml version="1.0"?>
<opencv_storage>
<Depth19609 type_id="opencv-matrix">
  <rows>24</rows>
  <cols>52</cols>
  <dt>w</dt>
  <data>
    1439 1439 3208 3208 3208 3208 3208 3208 3208 3208 3208 3238 3238
    3208 3178 3178 3178 3178 3178 3149 3149 3149 3149 3149 3149 3149
    3149 3149 3178 3178 3178 3178 2503 2503 2522 2522 2522 2522 2522
    3238 3238 2485 2485 2485 2485 2485 2485 2503 2485 2485 2432 2432
    1427 1427 1427 3208 3178 3178 3178 3178 3178 3178 3178 3208 3208
    3178 3178 3178 3178 3149 3149 3149 3120 3120 3120 3120 3120 3120
    3120 2467 2467 2467 2467 2467 2485 2485 2503 2503 2503 2503 2503
    2503 2503 2485 2485 2485 2485 2485 2485 2503 2485 2485 2467 2450
    1415 1415 1415 3178 3178 3178 3149 3149 3178 3149 3149 3149 3208
    3178 3178 2485 2485 3064 3064 3064 3092 3092 3092 2485 2485 2485
    2467 2467 2467 2467 2467 2467 2467 2485 2485 2503 2485 2485 2485
    2485 2485 2485 2485 2485 2485 2485 2485 2485 2467 2467 2432 2432
    1404 1410 1410 1410 3208 3208 3149 3149 3120 3092 2432 2432 2467
    2467 2467 2467 2467 2467 2467 2467 2450 2450 2467 2485 2485 2485
    2467 2467 2467 2467 2467 2467 2467 2485 2485 2485 2485 2467 2467
    2467 2450 2450 2467 2467 2485 2467 2467 2467 2432 2432 2415 2415
    1387 1392 1392 1392 2432 2432 2432 2415 2415 2432 2432 2432 2450
    2450 2450 2450 2467 2467 2467 2467 2432 2432 2450 2450 2467 2467
    2467 2467 2450 2450 2467 2467 2467 2450 2450 2450 2450 2432 2432
    2432 2432 2432 2467 2467 2467 2450 2450 2432 2432 2415 2398 2381
    1376 1376 1381 1381 2415 2415 2415 2415 2415 2415 2432 2432 2432
    2432 2415 2415 2432 2432 2432 2432 2432 2432 2432 2432 2432 2450
    2432 2432 2432 2432 2432 2415 2415 2415 2415 2415 2415 2415 2415
    2415 2415 2432 2432 2432 2432 2432 2432 2432 2432 2415 2381 2365
    1370 1370 1376 1376 1376 2365 2365 2365 2381 2381 2398 2415 2398
    2398 2398 2398 2415 2415 2415 2415 2415 2415 2432 2432 2432 2432
    2432 2415 2415 2415 2415 2398 2398 2415 2415 2415 2415 2415 2415
    2415 2415 2432 2432 2432 2432 2432 2432 2432 2432 2415 2381 2365
    1370 1370 1370 1370 1370 2365 2365 2365 2365 2365 2398 2398 2381
    2365 2365 2365 2381 2381 2398 2398 2398 2398 2398 2398 2398 2398
    2398 2415 2415 2415 2398 2381 2381 2415 2415 2415 2415 2415 2415
    2415 2415 2450 2450 2450 2450 2432 2432 2432 2432 2415 2398 2365
    1370 1365 1365 1370 1370 2365 2365 2365 2365 2365 2398 2398 2365
    2365 2349 2349 2365 2365 2381 2381 2398 2398 2398 2398 2398 2398
    2398 2415 2415 2415 2398 2381 2381 2415 2415 2415 2415 2415 2415
    2415 2432 2450 2450 2450 2450 2432 2432 2432 2432 2415 2398 2381
    1365 1365 1365 1370 2398 2381 2365 2365 2365 2381 2398 2398 2365
    2365 2349 2349 2365 2365 2365 2381 2398 2398 2398 2398 2398 2398
    2415 2415 2415 2415 2415 2415 2415 2415 2415 2415 2415 2415 2415
    2432 2432 2450 2467 2467 2450 2432 2432 2432 2432 2415 2415 2398
    1365 1365 1359 1359 2398 2381 2365 2365 2365 2381 2398 2398 2381
    2365 2365 2365 2365 2365 2365 2381 2398 2398 2398 2398 2398 2398
    2415 2415 2415 2415 2415 2415 2432 2432 2415 2415 2415 2415 2415
    2432 2432 2432 2432 2432 2432 2432 2432 2432 2432 2415 2415 2398
    1365 1365 1359 1359 1359 2365 2365 2365 2365 2381 2398 2398 2381
    2381 2381 2381 2381 2381 2381 2398 2398 2398 2398 2398 2398 2398
    2415 2415 2415 2415 2415 2415 2432 2432 2432 2432 2432 2415 2415
    2432 2432 2432 2432 2432 2432 2432 2432 2432 2432 2415 2415 2398
    1365 1365 1365 1365 2365 2349 2349 2365 2365 2381 2398 2398 2398
    2398 2398 2398 2398 2398 2398 2398 2398 2398 2398 2398 2415 2415
    2415 2415 2415 2415 2415 2415 2415 2432 2432 2432 2432 2432 2432
    2432 2450 2432 2432 2432 2432 2432 2432 2415 2415 2415 2415 2398
    1365 1365 1365 1365 2365 2349 2349 2381 2381 2398 2398 2398 2398
    2398 2398 2398 2398 2398 2398 2398 2398 2398 2415 2415 2415 2415
    2415 2415 2415 2415 2415 2415 2415 2432 2432 2432 2432 2432 2432
    2432 2450 2432 2432 2432 2432 2432 2432 2415 2415 2415 2398 2398
    1365 1365 1365 2365 2365 2365 2381 2381 2381 2398 2398 2398 2398
    2398 2398 2398 2398 2415 2415 2415 2398 2398 2415 2415 2415 2415
    2415 2432 2415 2415 2432 2415 2415 2432 2432 2432 2432 2432 2432
    2450 2450 2432 2432 2432 2432 2432 2432 2415 2415 2415 2398 2398
    1365 2365 2365 2365 2381 2381 2381 2381 2381 2398 2398 2398 2398
    2398 2398 2398 2398 2415 2415 2415 2415 2415 2415 2415 2415 2415
    2432 2432 2432 2432 2432 2432 2432 2432 2415 2415 2432 2432 2432
    2432 2432 2450 2432 2432 2432 2432 2432 2415 2415 2415 2398 2398
    2365 2365 2365 2365 2381 2381 2381 2381 2381 2381 2398 2398 2398
    2398 2398 2398 2398 2415 2415 2415 2415 2415 2415 2415 2415 2415
    2415 2415 2432 2432 2432 2432 2432 2432 2415 2415 2415 2415 2415
    2398 2398 2415 2432 2432 2450 2432 2432 2432 2415 2415 2415 2381
    2365 2365 2365 2365 2365 2381 2381 2381 2381 2381 2398 2398 2398
    2365 2365 2365 2381 2398 2415 2415 2415 2415 2415 2415 2415 2415
    2415 2415 2432 2432 2432 2432 2432 2432 2432 2432 2415 2415 2415
    2381 2381 2415 2415 2415 2415 2415 2415 2415 2432 2415 2415 2381
    2381 2365 2365 2365 2365 2381 2381 2381 2381 2381 2398 2398 2398
    2365 2365 2365 2365 2398 2398 2415 2415 2415 2415 2415 2415 2415
    2415 2415 2415 2432 2432 2432 2432 2450 2450 2450 2450 2415 2415
    2381 2381 2398 2398 2415 2415 2415 2415 2415 2398 2398 2415 2415
    2398 2381 2381 2381 2381 2381 2381 2381 2381 2381 2381 2381 2381
    2365 2365 2365 2365 2398 2398 2415 2415 2398 2398 2398 2398 2398
    2415 2415 2398 2398 2415 2415 2432 2450 2450 2467 2467 0 2415 2398
    2398 2398 2398 0 0 0 0 0 2398 2398 2398 2415 2398 2381 2381 2381
    2365 2365 2381 2365 2365 2349 2349 2333 2333 2365 2349 2349 2349
    2365 2365 2415 2415 2398 2381 2381 2381 2381 2415 2415 2349 2349
    2398 2398 0 0 0 0 0 0 2415 2415 2415 2432 0 0 0 0 0 0 0 2398 2398 0
    0 2381 2381 2381 2365 2365 2365 2365 2365 2349 2349 2333 2333 2333
    2349 2349 2349 2365 2365 2415 2415 2398 2381 2381 2381 2381 2415 0
    2349 2349 2398 2398 0 0 0 0 0 0 0 2415 2415 0 0 0 0 0 0 0 0 0 0 0 0
    0 0 0 0 0 2365 2365 2365 2349 2349 2317 2317 2317 2365 2349 2349 0 0
    2432 2415 2415 2381 2381 2381 0 0 0 0 0 0 0 0 0 0 0 0 0 0 0 0 0 0 0
    0 0 0 0 0 0 0 0 0 0 0 0 0 0 0 2398 2365 2349 2349 2317 2317 0 0 2349
    2349 0 0 0 0 0 0 0 0 0 0 0 0 0 0 0 0 0 0 0 0 0 0 0 0 0 0 0 0 0 0 0 0
    0 0 0</data></Depth19609>
</opencv_storage>
