<?xml version="1.0"?>
<opencv_storage>
<Depth7566 type_id="opencv-matrix">
  <rows>20</rows>
  <cols>15</cols>
  <dt>w</dt>
  <data>
    5460 5374 5374 5374 5374 4089 4089 4089 4041 4041 3948 2241 2212
    2212 2198 5460 5374 5374 5374 5374 4089 4089 4089 4041 4041 3948
    3948 2226 2212 2198 5460 5460 5374 5374 5374 4139 4089 4089 4089
    4089 4041 3994 3948 2212 2212 5460 5460 5460 5374 4190 4139 4139
    4139 4089 4089 4041 3994 3994 3948 3948 5460 5460 5460 4241 4190
    4190 4139 4139 4089 4089 4089 4041 4041 3994 3948 5460 5460 5460
    4241 4190 4190 4139 4139 4089 4089 4089 4041 4041 3948 3948 5460
    5460 4241 4241 4241 4190 4190 4139 4139 4089 4089 4041 4041 3948
    3948 5460 5460 4241 4241 4241 4241 4190 4139 4139 4089 4089 4041
    4041 0 0 5460 5460 4295 4241 4241 4241 4190 4139 4139 4089 4089 4041
    4041 0 0 4349 4295 4295 4241 4241 4241 4190 4139 4089 4089 4089 4041
    4041 0 0 4295 4295 4295 4241 4241 4241 4190 4139 4089 4089 4089 4089
    4089 0 0 4295 4295 4295 4241 4241 4241 4190 4139 4089 4089 4089 4089
    0 0 0 4295 4295 4295 4295 4241 4241 4241 4139 4139 4139 4139 0 0 0 0
    4295 4295 4295 4295 4295 4295 4241 4190 4139 4139 0 0 0 0 0 4295
    4295 4295 4295 4295 4295 4241 4190 4139 4139 0 0 0 0 0 4295 4295
    4295 4295 4295 4241 4241 4190 4139 4139 0 0 0 0 0 4295 4295 4295
    4295 4241 4241 4241 4139 4139 4190 0 0 0 0 0 4241 4241 4295 4241
    4241 4241 4190 4139 4139 0 0 0 0 0 0 4139 4190 4241 4241 4241 4190
    4139 4139 4190 0 0 0 0 0 0 1536 4089 4089 4241 4241 4190 4139 4139 0
    0 0 0 0 0 0</data></Depth7566>
</opencv_storage>
