<?xml version="1.0"?>
<opencv_storage>
<Depth1588 type_id="opencv-matrix">
  <rows>96</rows>
  <cols>67</cols>
  <dt>w</dt>
  <data>
    3692 3692 3692 3653 3653 3653 3653 3614 3614 3614 3576 3576 3539
    3539 3539 3539 3539 3539 3539 3503 3503 3503 3468 3468 3433 3433
    3399 3399 3399 3399 3399 3399 3399 3365 3365 3333 1054 1050 1044
    1041 1041 1041 1041 1041 1031 1031 1028 1028 1022 1022 1019 1013
    1013 1016 1016 1016 1016 1047 1047 3120 3120 3092 3092 3064 3064
    3037 3037 3653 3692 3692 3653 3653 3653 3653 1101 1101 3614 3614
    3614 3576 3576 1115 1115 3503 3503 3503 3503 3503 3503 3468 3433
    3399 3399 3365 3365 3399 3399 3399 3365 1057 1054 1050 1050 1047
    1047 1041 1041 1041 1038 1038 1034 1028 1028 1028 1025 1022 1019
    1016 1013 1013 1016 1016 1016 1031 1047 1047 1073 1073 1073 3092
    3092 3010 3010 3010 3653 3653 3653 3653 3653 3653 1108 1101 1101
    1101 1101 3653 3653 3614 1112 1108 1108 3468 3468 3539 3503 1073
    1073 1070 1067 1063 1060 1060 1060 1054 1054 1057 1057 1054 1050
    1050 1047 1044 1041 1041 1038 1038 1038 1034 1028 1028 1028 1025
    1022 1019 1016 1013 1013 1016 1016 1022 1031 1044 1050 1073 1073
    1073 1073 3010 3010 3010 3010 3653 3653 3653 3653 3653 3653 1108
    1108 1105 1101 1101 1090 1090 1090 1090 1090 1090 1077 1077 1077
    1077 1073 1070 1067 1063 1063 1060 1060 1057 1054 1054 1054 1054
    1050 1050 1047 1044 1044 1041 1041 1038 1038 1038 1034 1028 1028
    1028 1025 1022 1019 1016 1013 1013 1016 1016 1022 1034 1044 1050
    1054 1073 1073 1080 3010 3010 3010 3010 3653 3653 3653 1105 1105
    1105 1108 1108 1101 1097 1094 1090 1090 1090 1087 1084 1080 1077
    1077 1077 1077 1073 1070 1067 1063 1063 1060 1057 1057 1054 1054
    1054 1054 1050 1047 1044 1044 1044 1041 1041 1038 1038 1038 1034
    1028 1028 1028 1025 1022 1019 1016 1013 1013 1016 1016 1022 1034
    1044 1047 1050 1080 1080 1080 3010 3010 3010 3037 1108 1108 1108
    1105 1105 1105 1105 1101 1097 1094 1094 1090 1090 1087 1084 1080
    1080 1080 1077 1077 1077 1073 1070 1067 1063 1063 1060 1057 1054
    1054 1054 1054 1050 1050 1047 1044 1044 1044 1041 1038 1038 1038
    1038 1034 1031 1028 1028 1025 1019 1019 1016 1013 1013 1013 1013
    1016 1038 1044 1047 1050 1080 1080 1090 1090 3037 3037 3037 1108
    1108 1108 1105 1105 1101 1101 1097 1094 1094 1094 1090 1090 1084
    1084 1080 1080 1080 1077 1077 1077 1073 1070 1067 1063 1063 1060
    1057 1054 1054 1054 1054 1050 1050 1047 1047 1044 1044 1041 1038
    1038 1038 1034 1031 1031 1028 1028 1025 1019 1019 1016 1013 1013
    1013 1013 1016 1041 1047 1047 1050 1073 1080 1087 1087 1087 3064
    3064 1108 1108 1108 1105 1105 1101 1097 1097 1094 1094 1090 1090
    1087 1084 1080 1080 1080 1080 1077 1077 1077 1073 1070 1067 1063
    1063 1063 1060 1057 1054 1054 1050 1050 1050 1047 1047 1044 1044
    1041 1038 1038 1038 1034 1031 1031 1028 1028 1025 1022 1019 1016
    1013 1013 1010 1010 1016 1044 1047 1050 1054 1067 1080 1087 1087
    1090 3037 3037 1108 1108 1108 1105 1101 1101 1097 1097 1094 1094
    1090 1090 1087 1084 1080 1080 1080 1080 1077 1077 1077 1077 1070
    1067 1067 1063 1063 1063 1057 1054 1054 1050 1050 1050 1050 1047
    1044 1044 1041 1038 1038 1038 1034 1031 1028 1028 1028 1025 1022
    1019 1016 1013 1013 1010 1010 1013 1041 1047 1050 1057 1067 1077
    1084 1090 1090 3037 3037 1108 1105 1105 1105 1101 1101 1097 1097
    1094 1094 1090 1090 1087 1087 1084 1080 1080 1080 1077 1077 1077
    1077 1073 1070 1067 1063 1063 1063 1060 1054 1054 1050 1050 1050
    1047 1047 1044 1044 1041 1041 1038 1038 1034 1031 1028 1028 1028
    1025 1022 1022 1016 1016 1013 1013 1013 1013 1038 1044 1050 1060
    1067 1077 1084 1090 1090 1090 3037 1105 1105 1105 1101 1101 1097
    1097 1097 1094 1094 1090 1090 1087 1087 1084 1080 1080 1080 1077
    1077 1077 1077 1073 1070 1067 1063 1063 1063 1060 1054 1054 1054
    1050 1050 1047 1047 1044 1044 1041 1041 1038 1038 1031 1028 1028
    1028 1028 1025 1022 1019 1013 1013 1013 1013 1013 1016 1034 1044
    1050 1060 1067 1077 1084 1090 1090 0 3037 1105 1101 1101 1101 1101
    1097 1097 1097 1094 1094 1090 1090 1087 1087 1084 1084 1080 1080
    1077 1077 1073 1073 1070 1067 1067 1063 1063 1063 1060 1054 1054
    1054 1050 1050 1047 1047 1044 1044 1041 1041 1038 1034 1031 1028
    1028 1028 1028 1025 1022 1019 1013 1013 1013 1013 1013 1016 1031
    1041 1050 1060 1067 1077 1080 1084 1084 0 3037 1105 1101 1101 1105
    1101 1101 1097 1097 1094 1094 1094 1090 1087 1084 1084 1084 1080
    1080 1077 1077 1073 1070 1070 1067 1063 1063 1060 1060 1057 1054
    1054 1054 1050 1050 1047 1047 1044 1044 1041 1041 1038 1034 1031
    1028 1028 1028 1028 1025 1022 1019 1016 1013 1013 1013 1013 1013
    1031 1038 1047 1060 1067 1073 1080 1084 1084 0 3037 1108 1105 1105
    1105 1101 1101 1097 1097 1094 1094 1094 1087 1087 1084 1084 1084
    1080 1080 1077 1077 1070 1070 1067 1067 1063 1063 1060 1060 1057
    1054 1054 1054 1050 1050 1047 1047 1044 1044 1041 1041 1038 1034
    1031 1031 1028 1028 1028 1025 1019 1019 1016 1013 1013 1013 1013
    1013 1031 1038 1041 1060 1067 1073 1080 1080 0 0 0 1112 1108 1108
    1105 1101 1101 1101 1097 1094 1094 1094 1087 1087 1084 1084 1080
    1080 1080 1077 1077 1070 1070 1067 1067 1063 1063 1060 1060 1057
    1054 1054 1050 1050 1050 1050 1047 1044 1044 1041 1041 1038 1034
    1031 1031 1028 1028 1028 1025 1019 1019 1016 1013 1013 1010 1010
    1013 1031 1034 1041 1060 1067 1073 1080 1080 0 0 0 1115 1108 1108
    1105 1105 1105 1101 1097 1094 1094 1094 1087 1087 1084 1084 1080
    1080 1080 1077 1077 1070 1070 1070 1067 1063 1063 1060 1060 1060
    1054 1054 1050 1050 1050 1050 1047 1044 1044 1041 1041 1038 1038
    1034 1031 1028 1028 1028 1025 1019 1019 1016 1013 1013 1010 1010
    1013 1031 1034 1041 1060 1070 1070 1080 1084 0 0 0 1115 1108 1105
    1105 1105 1101 1101 1097 1094 1094 1090 1090 1087 1084 1080 1080
    1080 1077 1077 1077 1073 1070 1070 1067 1063 1063 1060 1060 1060
    1057 1054 1054 1050 1050 1050 1047 1044 1044 1041 1041 1038 1034
    1034 1031 1028 1028 1028 1025 1022 1019 1016 1013 1013 1013 1013
    1022 1034 1034 1044 1057 1070 1070 1080 1087 0 0 0 0 1105 1105 1105
    1105 1101 1101 1097 1094 1094 1090 1090 1087 1084 1080 1080 1080
    1077 1077 1077 1077 1073 1070 1067 1063 1063 1063 1060 1057 1054
    1054 1054 1050 1050 1050 1047 1047 1044 1041 1041 1038 1034 1031
    1028 1028 1028 1025 1025 1022 1019 1016 1013 1013 1013 1013 1025
    1031 1031 1047 1057 1070 1070 1084 1087 0 0 0 0 1105 1105 1105 1101
    1101 1101 1097 1094 1094 1090 1090 1087 1084 1080 1080 1080 1077
    1077 1077 1077 1073 1073 1067 1063 1063 1063 1060 1057 1054 1054
    1054 1050 1050 1050 1047 1044 1041 1041 1038 1038 1034 1031 1028
    1028 1028 1025 1025 1022 1019 1016 1013 1013 1013 1013 1022 1028
    1031 1047 1057 1070 1070 1080 1084 0 0 0 0 1105 1105 1105 1101 1101
    1097 1097 1094 1094 1090 1087 1087 1084 1080 1080 1080 1077 1077
    1077 1077 1073 1070 1067 1063 1063 1063 1060 1057 1054 1054 1050
    1050 1050 1050 1047 1044 1041 1041 1038 1038 1034 1031 1028 1028
    1028 1025 1025 1022 1019 1016 1013 1013 1013 1013 1022 1028 1031
    1047 1063 1067 1070 1077 1080 0 0 0 0 1105 1105 1105 1101 1101 1097
    1097 1094 1094 1090 1087 1087 1084 1080 1080 1080 1080 1077 1077
    1077 1073 1070 1067 1063 1063 1063 1060 1057 1054 1054 1050 1050
    1050 1050 1047 1044 1041 1041 1038 1038 1034 1031 1028 1028 1028
    1028 1025 1022 1019 1016 1013 1013 1013 1016 1025 1031 1031 1044
    1067 1067 1070 1073 1077 0 0 0 0 1105 1105 1105 1105 1097 1094 1094
    1094 1094 1090 1087 1087 1084 1080 1080 1080 1080 1077 1077 1077
    1073 1070 1070 1067 1063 1060 1060 1057 1054 1054 1050 1050 1050
    1047 1047 1044 1041 1041 1038 1034 1031 1028 1028 1028 1028 1028
    1025 1019 1019 1016 1013 1013 1013 1016 1022 1034 1034 1044 1063
    1067 1070 1073 1077 0 0 0 0 1108 1105 1105 1101 1097 1094 1094 1094
    1094 1090 1090 1087 1084 1080 1080 1080 1080 1077 1077 1073 1070
