<?xml version="1.0"?>
<opencv_storage>
<Depth2894 type_id="opencv-matrix">
  <rows>140</rows>
  <cols>143</cols>
  <dt>w</dt>
  <data>
    0 0 0 0 0 0 0 0 708 708 708 714 714 714 716 719 717 716 716 0 0 0 0
    0 0 0 0 0 0 0 658 657 657 654 652 652 650 649 648 647 646 644 642
    640 640 637 637 636 632 631 629 628 627 625 622 622 622 621 619 618
    616 615 614 614 614 614 614 615 625 627 628 628 630 636 642 642 646
    647 654 657 658 662 667 672 672 678 684 686 686 0 0 0 0 0 0 0 0 0 0
    0 0 0 0 0 0 0 0 0 0 0 0 0 0 0 0 3653 3614 3576 3576 3576 3653 3653
    3653 3614 3614 3653 3653 3653 3614 3614 3614 3614 3614 3653 3653
    3692 3653 3653 3614 3614 4911 4842 4842 0 0 0 0 0 0 0 0 708 708 708
    714 714 716 716 717 717 0 0 0 0 0 0 0 0 0 0 0 0 0 658 658 658 655
    654 653 652 649 648 647 646 644 643 640 640 638 637 636 635 632 630
    629 628 627 627 622 622 621 620 619 616 616 615 614 613 613 613 614
    627 627 628 628 629 629 641 642 644 647 652 655 657 661 663 672 672
    672 686 686 686 686 0 0 0 0 0 0 0 0 0 0 0 0 0 0 0 0 0 0 0 0 0 0 0 0
    3653 3653 3614 3576 3576 3576 3653 3653 3614 3614 3614 3614 3653
    3653 3614 3614 3614 3614 3614 3653 3653 3653 3653 3653 3614 3614
    4842 4842 4774 0 0 0 0 0 0 0 0 0 0 0 0 716 716 716 716 716 717 0 0 0
    0 0 0 0 0 0 0 0 666 661 659 659 657 654 654 652 650 649 648 646 646
    644 641 641 638 637 636 635 634 631 630 629 628 627 623 623 622 620
    619 616 616 615 614 613 613 613 613 614 615 628 628 628 628 640 640
    643 646 648 653 655 659 661 667 670 671 674 686 686 686 0 0 0 0 0 0
    0 0 0 0 0 0 0 0 0 0 0 0 0 0 3653 3653 0 3653 3653 3653 3576 3576
    3576 3576 3653 3614 3614 3576 3576 3576 3614 3614 3614 3614 3614
    3614 3576 3576 3614 3614 3653 3653 4842 4842 4842 4842 4774 0 0 0 0
    0 0 0 0 0 0 0 0 716 716 716 716 716 716 0 0 0 0 0 0 0 0 0 0 0 666
    662 661 659 658 657 654 653 650 649 648 647 647 646 642 642 640 638
    637 636 635 632 631 630 630 628 624 624 623 621 619 618 618 618 615
    614 613 613 613 614 614 628 628 628 628 636 640 642 644 646 653 655
    658 658 666 670 671 674 675 683 686 687 0 0 0 0 0 0 0 0 0 0 0 0 0 0
    0 0 0 0 3576 3576 3614 3653 3653 3653 3576 3576 3576 3576 3576 3614
    3614 3614 3576 3576 3576 3576 3576 3614 3614 3614 3614 3539 3539
    3614 3614 4774 4774 4774 4774 4774 4842 4842 1863 0 0 0 0 0 0 0 0 0
    0 0 716 714 714 714 716 716 716 0 0 0 0 0 0 0 0 672 670 666 662 661
    661 659 658 657 654 652 650 649 648 648 646 644 643 641 638 637 636
    636 635 632 630 630 628 625 624 623 621 620 618 618 618 618 614 614
    614 614 614 614 625 625 628 629 634 638 638 641 643 650 650 657 657
    666 670 671 674 675 680 684 687 687 0 0 0 0 0 0 0 0 0 0 0 0 0 3503
    3503 3503 3503 3539 3539 3576 3576 3614 3614 3576 3576 3576 3576
    3576 3576 3614 3614 3576 3576 3576 3576 3576 3614 3614 3614 3614
    3539 3539 4842 4774 4774 4774 4774 4774 4774 4842 4842 1863 0 0 0 0
    0 0 0 0 0 0 0 0 714 714 714 716 714 714 0 0 0 0 0 0 0 675 672 670
    667 666 662 661 661 659 658 654 652 652 650 649 649 646 644 644 642
    641 640 637 636 636 635 631 630 629 625 625 624 622 621 619 618 618
    618 615 615 614 613 613 614 615 625 628 630 632 636 638 638 643 648
    650 655 657 668 668 670 672 674 680 683 687 687 0 0 0 0 0 0 0 0 0 0
    0 0 3503 3503 3503 3503 3503 3539 3539 3539 3539 3576 3576 3576 3576
    3614 3576 3576 3576 3576 3576 3614 3614 3576 3576 3576 3653 3653
    3653 3653 4842 4842 4842 4774 4774 4708 4708 4774 4774 4842 4842
    1883 1915 0 0 0 0 0 0 0 0 0 0 0 0 714 714 716 714 714 0 0 0 0 0 0
    674 674 674 672 670 667 662 662 661 661 659 657 653 653 652 650 649
    647 646 644 643 642 640 638 637 636 636 631 631 629 627 625 624 622
    621 620 619 619 618 618 615 614 613 613 614 615 618 630 630 632 636
    637 637 646 647 649 655 657 659 668 667 667 674 682 682 687 687 0 0
    0 0 0 0 0 0 0 0 3503 3503 3503 3503 3539 3539 3539 3539 3539 3539
    3539 3576 3576 3576 3576 3614 3614 3614 3576 3576 3576 3614 3614
    3614 3614 3653 3653 3692 4708 4774 4774 4842 4842 4774 4708 4708
    4708 4774 4774 4774 4774 1915 1915 1947 1947 0 0 0 0 0 0 0 0 0 0 0
    716 716 714 714 0 0 0 0 0 676 674 674 674 672 671 668 666 664 662
    661 659 658 654 654 652 650 650 648 647 646 644 643 641 640 638 637
    636 635 631 629 628 627 625 623 622 621 620 620 619 619 616 614 614
    614 614 614 618 619 628 631 632 637 637 642 642 648 654 654 657 663
    666 666 672 679 682 684 686 691 0 0 0 0 0 0 0 0 3539 3503 3503 3503
    3539 3539 3539 3539 3539 3539 3539 3539 3576 3576 3576 3576 3614
    3614 3576 3539 3539 3539 3539 3539 3614 3614 3614 4842 4708 4708
    4774 4774 4774 4774 4708 4708 4708 4708 4708 4774 4774 4708 1926
    1936 1947 1947 1959 0 0 0 0 0 0 0 0 0 0 716 714 714 714 714 0 0 0 0
    676 676 675 675 674 672 670 667 666 663 661 661 659 658 655 654 654
    650 649 647 646 644 643 642 640 640 637 636 636 631 629 628 628 627
    623 622 621 621 620 619 619 618 615 614 614 614 614 616 619 625 630
    631 632 636 642 642 646 650 654 657 662 663 666 671 672 675 684 684
    690 0 0 0 0 0 0 0 0 3539 3503 3503 3539 3539 3539 3576 3539 3539
    3539 3539 3539 3539 3576 3539 3539 3576 3576 3576 3539 3539 3539
    3539 3539 4842 4774 4774 4842 4774 4774 4774 4774 4774 4774 4708
    4708 4708 4708 4708 4774 4774 4708 1947 1959 1959 1959 1959 0 0 0 0
    0 0 0 0 0 0 716 714 714 714 714 716 0 686 686 678 678 676 675 675
    674 671 670 667 664 662 661 661 659 658 655 654 653 652 649 647 646
    644 642 641 640 638 637 636 634 630 630 630 627 625 623 622 621 621
    621 619 618 618 614 614 614 614 615 619 623 628 630 631 636 640 642
    643 647 653 655 658 662 666 670 672 675 680 684 688 0 0 0 0 0 0 0 0
    3539 3503 3503 3539 3539 3539 3539 3539 3539 3539 3539 3539 3539
    3539 3539 3539 3539 3539 3576 3539 3539 3539 3539 4911 4774 4774
    4774 4774 4774 4774 4774 4708 4708 4708 4708 4708 4708 4708 4708
    4708 4708 4645 1947 1959 1970 1970 1970 0 0 0 0 0 0 0 0 0 0 0 716
    716 716 714 714 714 687 686 680 679 676 675 675 672 671 671 668 664
    663 662 661 659 658 657 655 654 653 653 649 648 646 644 642 641 638
    637 636 635 631 630 630 628 625 624 623 622 622 622 621 619 618 615
    614 614 614 614 619 622 625 629 631 634 637 641 642 646 646 653 658
    661 663 667 672 675 678 683 688 0 0 0 0 0 0 0 0 3539 3503 3503 3539
    3539 3539 3539 3539 3539 3539 3539 3539 3539 3539 3539 3539 3503
    3503 3539 3539 3539 3539 3539 4774 4774 4774 4774 4708 4708 4774
    4774 4708 4708 4708 4708 4708 4708 4708 4708 4708 4708 4645 1959
    1970 1970 1981 1993 0 0 0 0 0 0 0 0 0 0 0 0 716 716 714 688 687 687
    686 682 680 679 676 675 672 672 671 670 666 664 663 661 659 659 658
    655 655 654 653 649 648 647 644 643 641 640 640 638 636 632 631 630
    628 627 625 625 623 623 622 621 619 618 616 614 614 614 614 616 622
    622 628 631 632 634 638 642 643 643 650 655 661 661 664 671 671 674
    683 688 0 0 0 0 0 0 0 3576 3539 3539 3539 3539 3539 3539 3539 3539
    3539 3539 3539 3539 3539 3539 3539 3539 3503 3503 3539 3576 4842
    4911 4842 4774 4774 4774 4774 4708 4708 4774 4774 4774 4774 4774
    4708 4708 4708 4708 4708 4708 4708 4708 1981 1981 1993 1993 1993
    2028 0 0 0 0 0 0 0 0 0 0 0 717 716 716 688 687 687 686 684 683 680
    676 675 674 672 671 670 666 664 664 662 661 661 659 657 655 655 654
    649 649 647 646 644 642 641 640 638 636 635 634 631 630 629 627 627
    625 624 623 621 619 618 618 616 614 614 614 614 618 620 623 629 631
    632 632 640 642 642 649 653 658 659 662 668 670 671 676 0 0 0 0 0 0
    0 0 3576 3539 3539 3539 3539 3539 3539 3539 3539 3539 3539 3503 3503
    3539 3539 3539 3539 4463 4463 4774 4842 4842 4911 4842 4842 4774
    4774 4774 4708 4708 4708 4708 4708 4708 4708 4708 4645 4645 4708
    4708 4708 4708 4708 1993 1993 2005 2005 2016 2028 2053 0 0 0 0 0 0 0
    0 0 0 720 717 691 690 688 687 686 686 684 682 679 676 676 675 672
    670 667 666 666 664 662 661 661 658 657 655 654 652 649 648 647 644
