<?xml version="1.0"?>
<opencv_storage>
<Depth7910 type_id="opencv-matrix">
  <rows>22</rows>
  <cols>13</cols>
  <dt>w</dt>
  <data>
    4983 4983 4983 4911 4911 4911 4911 4911 4911 4911 4911 4842 4842
    4983 4983 4911 4911 4911 4911 4911 4911 4911 4911 4911 4842 4842
    4983 4911 4911 4911 4911 4911 4911 4911 4911 4911 4911 4911 4911
    4911 4911 4911 4911 4911 4911 4983 4911 4911 4911 4911 4911 4911
    4911 4983 4911 4911 4911 4911 4911 4911 4911 4911 4911 4911 4911
    4911 4983 4983 4983 4983 4983 4911 4911 4911 4911 4983 4911 4911
    4983 4983 4983 4983 4911 4911 4911 4911 4911 4911 4983 4911 4911
    4983 4983 4983 4983 4911 4911 4911 4911 4983 4983 4983 4983 4911
    4983 4983 4983 4911 4911 4911 4983 4983 4983 4983 4983 4983 4911
    4983 4983 4983 4911 4911 4911 4983 4983 4983 4983 4983 4983 4911
    4983 4983 4983 4911 4911 4911 4911 4983 4983 4983 4983 4983 4911
    4983 4983 4983 4911 4911 4911 4911 4911 4983 4983 4983 4983 4911
    4983 4983 4983 4911 4911 4911 4911 4911 4983 4983 4983 4983 4911
    4983 4983 4983 4911 4911 4911 4911 4911 4983 4983 4983 4983 4911
    4911 4911 4983 4911 4911 4911 4911 4911 4983 4983 4983 4983 4911
    4911 4911 4983 4911 4911 4911 4911 4911 4983 4983 4983 4983 4911
    4911 4983 4983 4911 4911 4911 4911 4911 4983 4983 4983 4983 4983
    4911 4983 4911 4911 4911 4911 4911 4911 4983 4983 4911 4911 4911
    4983 4983 4911 4911 4911 4911 4911 4911 4911 4983 4911 4911 4911
    6889 4983 4983 4911 4911 4911 4911 4911 4911 4983 6622 4911 4911
    6889 6753 5210 4911 4911 4911 4911 4911 4911 6622 6622 6622 6622
    6753 6753 6753 6753 5056 4911 4911 4911 4911 5056 6622 6497 6497</data></Depth7910>
</opencv_storage>
