<?xml version="1.0"?>
<opencv_storage>
<Depth11541 type_id="opencv-matrix">
  <rows>9</rows>
  <cols>9</cols>
  <dt>w</dt>
  <data>
    7492 7492 7660 6753 6753 6753 6889 7030 7030 7492 7492 7030 6753
    6753 6753 6753 6889 7030 7492 7492 6889 6889 6889 6753 6753 6889
    7030 7332 7178 6889 6889 6889 6889 6889 6889 6889 7178 7178 7030
    7030 6889 6889 6889 6889 6889 7178 7178 7030 7030 6889 6889 6622
    6622 6889 7030 7178 7178 7178 7178 7030 6622 6622 0 7030 7178 7178
    7030 7030 0 0 0 0 0 7178 7178 7030 7030 0 0 0 0</data></Depth11541>
</opencv_storage>
