<?xml version="1.0"?>
<opencv_storage>
<Depth2580 type_id="opencv-matrix">
  <rows>72</rows>
  <cols>49</cols>
  <dt>w</dt>
  <data>
    0 0 0 0 0 0 0 0 0 0 1370 0 0 0 0 0 0 0 1392 1392 1392 1392 1392 1392
    1392 1398 1398 1398 4774 4774 4774 4645 4645 4645 4645 4582 4582
    4582 4582 4582 4582 4582 4522 4522 4463 4463 4463 4405 4405 0 0 0 0
    0 0 0 0 1370 1370 1370 1370 1365 1365 1365 1387 1387 1387 1387 1392
    1392 1387 1387 1392 1392 1392 1392 1392 1392 4774 4774 4708 4708
    4645 4645 4645 4645 4645 4645 4582 4582 4522 4522 4522 4522 4463
    4463 4405 4405 0 0 0 0 0 0 0 0 1370 1370 1370 1365 1365 1365 1370
    1370 1381 1387 1387 1387 1387 1387 1387 1392 1392 1392 1392 1392
    1392 4774 4774 4708 4708 4708 4645 4645 4645 4645 4645 4582 4582
    4522 4522 4522 4522 4463 4405 4405 4405 0 0 0 0 0 0 0 1370 1370 1365
    1365 1365 1365 1365 1370 1370 1381 1381 1387 1387 1387 1387 1392
    1392 1392 1392 1392 1392 1392 4774 4774 4774 4708 4708 4708 4645
    4645 4645 4645 4645 4582 4522 4522 4522 4522 4463 4405 4405 4405 0 0
    0 0 0 0 0 1365 1365 1365 1365 1365 1365 1365 1370 1370 1376 1376
    1381 1387 1392 1392 1392 1392 1392 1392 1392 1392 1392 4645 4645
    4645 4708 4774 4708 4645 4645 4645 4645 4645 4582 4522 4522 4522
    4522 4463 4463 4405 4405 0 0 0 0 0 0 1365 1365 1365 1365 1365 1365
    1365 1370 1370 1370 1376 1376 1381 1387 1392 1387 1387 1392 1392
    1392 1392 1392 1392 4645 4645 4645 4708 4708 4708 4645 4645 4645
    4645 4645 4582 4582 4522 4522 4522 4522 4463 4405 4405 0 0 0 0 0 0
    1365 1365 1365 1365 1365 1365 1365 1370 1370 1376 1376 1376 1381
    1387 1387 1387 1387 1392 1392 1392 1392 1392 1398 1398 4645 4645
    4645 4708 4708 4645 4645 4645 4645 4645 4582 4582 4522 4522 4522
    4522 4463 4405 4405 0 0 0 0 0 0 1370 1365 1365 1365 1365 1365 1365
    1370 1370 1376 1376 1381 1381 1387 1387 1387 1387 1392 1392 1392
    1392 1398 1398 1398 4582 4582 4582 4708 4708 4645 4645 4645 4645
    4645 4582 4582 4582 4582 4582 4522 4463 4405 4405 0 0 0 0 0 1387
    1370 1365 1365 1365 1365 1365 1370 1370 1370 1376 1381 1381 1381
    1387 1387 1387 1387 1392 1392 1392 1392 1398 1404 1404 1404 4582
    4582 4708 4708 4708 4645 4645 4645 4645 4582 4582 4582 4582 4582
    4522 4463 4463 4405 0 0 0 0 0 1387 1376 1376 1370 1365 1365 1365
    1365 1370 1370 1376 1381 1381 1381 1387 1387 1387 1387 1392 1392
    1392 1392 1398 1404 1404 1410 1410 4708 4708 4708 4708 4645 4645
    4645 4645 4645 4582 4582 4582 4582 4522 4463 4463 4405 0 0 1458 1452
    1439 1398 1381 1376 1370 1365 1365 1365 1365 1370 1370 1376 1381
    1381 1381 1387 1387 1387 1392 1392 1392 1392 1398 1398 1404 1404
    1410 1410 4708 4708 4708 4708 4645 4645 4645 4645 4645 4645 4582
    4582 4582 4522 4522 4463 4463 0 1483 1458 1452 1439 1415 1392 1381
    1376 1365 1365 1365 1365 1370 1376 1376 1381 1381 1381 1387 1387
    1387 1392 1392 1392 1392 1392 1398 1404 1404 1404 1404 4774 4774
    4774 4774 4774 4774 4708 4645 4645 4645 4645 4582 4582 4582 4522
    4463 4463 0 1483 1464 1458 1439 1415 1398 1387 1381 1370 1365 1365
    1365 1370 1370 1376 1376 1381 1381 1387 1387 1387 1392 1392 1392
    1392 1392 1398 1398 1404 1404 1404 1404 4842 4842 4774 4774 4708
    4708 4645 4645 4645 4645 4582 4582 4582 4522 4463 4463 0 1483 1477
    1458 1445 1421 1398 1387 1381 1370 1365 1365 1365 1370 1370 1376
    1376 1381 1381 1387 1387 1387 1392 1392 1392 1392 1392 1398 1398
    1404 1404 1404 1404 4842 4842 4774 4774 4708 4708 4708 4645 4645
    4645 4645 4582 4582 4522 4522 4463 0 1489 1477 1464 1445 1427 1410
    1398 1387 1376 1370 1370 1370 1370 1370 1376 1376 1381 1381 1381
    1387 1387 1392 1392 1392 1392 1392 1392 1398 1404 1404 1404 1404
    4842 4842 4774 4774 4774 4708 4708 4645 4645 4645 4645 4582 4582
    4582 4522 4522 1557 1489 1483 1464 1445 1433 1421 1404 1387 1376
    1370 1370 1370 1370 1370 1376 1376 1376 1381 1381 1387 1387 1392
    1392 1392 1392 1392 1392 1392 1398 1398 1404 1404 1404 4774 4774
    4708 4708 4708 4708 4645 4645 4645 4645 4645 4582 4582 4522 4522
    1557 1543 1483 1477 1458 1439 1427 1410 1392 1381 1376 1370 1370
    1370 1370 1376 1376 1376 1376 1381 1387 1387 1392 1392 1392 1392
    1392 1392 1392 1398 1392 1392 1392 1404 4774 4774 4708 4708 4708
    4708 4645 4645 4645 4645 4645 4582 4582 4522 4522 1564 1557 1489
    1477 1464 1452 1433 1421 1398 1392 1381 1370 1370 1370 1370 1370
    1376 1376 1376 1381 1387 1387 1392 1392 1392 1392 1392 1392 1398
    1398 1392 1392 1404 1404 4774 4774 4774 4774 4708 4708 4645 4645
    4645 4645 4645 4582 4582 4522 4522 1564 1557 1536 1489 1483 1464
    1445 1427 1410 1392 1387 1370 1370 1370 1370 1370 1376 1376 1376
    1381 1387 1387 1387 1387 1392 1392 1392 1398 1398 1398 1398 1398
    1404 1404 1404 4708 4708 4708 4708 4708 4645 4645 4645 4645 4645
    4582 4582 4582 4522 1564 1564 1536 1503 1483 1470 1458 1439 1421
    1404 1387 1370 1370 1370 1370 1370 1376 1376 1381 1381 1381 1387
    1387 1387 1392 1392 1392 1398 1398 1404 1404 1404 1404 1404 1410
    4708 4708 4708 4708 4708 4708 4645 4645 4645 4645 4582 4582 4582
    4582 1564 1564 1543 1529 1489 1477 1464 1452 1421 1410 1387 1381
    1376 1370 1370 1370 1376 1381 1381 1381 1381 1387 1387 1387 1392
    1392 1392 1392 1398 1404 1404 1404 1404 1410 1410 4774 4774 4774
    4708 4708 4708 4645 4645 4645 4645 4645 4582 4582 4582 1572 1572
    1543 1536 1509 1483 1470 1458 1439 1415 1392 1381 1376 1370 1370
    1370 1376 1376 1381 1381 1381 1387 1387 1387 1392 1392 1392 1392
    1398 1398 1404 1410 1410 1410 1410 1410 4774 4774 4774 4708 4708
    4708 4645 4645 4645 4582 4582 4582 4582 1572 1572 1550 1543 1516
    1489 1477 1470 1452 1427 1392 1387 1376 1370 1370 1370 1376 1376
    1381 1381 1387 1387 1387 1387 1387 1392 1392 1392 1398 1398 1404
    1410 1410 1410 1410 1410 4774 4774 4774 4774 4708 4708 4645 4645
    4645 4582 4582 4582 4582 1550 1550 1550 1543 1529 1509 1483 1470
    1452 1439 1398 1387 1376 1370 1370 1370 1376 1376 1376 1381 1387
    1387 1387 1387 1387 1392 1392 1392 1398 1398 1404 1404 1410 1410
    1410 1410 4774 4774 4774 4774 4708 4708 4645 4645 4645 4645 4582
    4582 4582 0 1550 1550 1543 1529 1516 1489 1470 1452 1439 1404 1387
    1381 1376 1376 1376 1376 1376 1376 1381 1387 1387 1387 1387 1387
    1392 1392 1392 1398 1398 1398 1404 1410 1410 1410 1415 1415 4842
    4842 4774 4708 4708 4708 4708 4645 4645 4582 4582 4582 0 1564 1564
    1543 1529 1516 1496 1477 1458 1445 1410 1392 1387 1381 1376 1376
    1376 1376 1376 1381 1387 1387 1387 1387 1387 1392 1392 1392 1392
    1398 1398 1398 1410 1410 1410 1415 1415 1415 4774 4774 4708 4708
    4708 4708 4645 4645 4645 4582 4582 0 1564 1564 1543 1536 1529 1503
    1477 1464 1452 1433 1398 1392 1387 1381 1376 1376 1376 1381 1381
    1387 1387 1387 1387 1387 1392 1392 1392 1392 1392 1398 1398 1404
    1410 1410 1410 1415 1415 4842 4842 4774 4708 4708 4708 4708 4645
    4645 4645 4645 4983 0 1557 1557 1543 1529 1516 1496 1470 1452 1439
    1410 1392 1387 1381 1376 1376 1376 1376 1381 1387 1387 1387 1387
    1387 1392 1392 1392 1392 1392 1398 1398 1404 1410 1410 1410 1415
    1415 1415 4842 4842 4774 4774 4708 4708 4645 4645 4645 4645 4983 0
    1564 1564 1557 1543 1523 1503 1483 1464 1445 1415 1398 1387 1381
    1376 1376 1376 1376 1381 1381 1381 1387 1387 1387 1392 1392 1392
    1392 1398 1404 1404 1404 1410 1410 1410 1410 1410 1410 4842 4842
    4774 4774 4708 4708 4645 4645 4645 4582 4911 0 1564 1564 1557 1543
    1529 1509 1489 1464 1458 1439 1410 1392 1381 1381 1376 1376 1376
    1381 1381 1381 1387 1387 1387 1392 1392 1392 1392 1398 1404 1404
    1404 1410 1410 1410 1410 1410 1410 4842 4842 4842 4774 4708 4708
    4645 4645 4645 4582 4911 4983 1564 1564 1564 1557 1536 1516 1496
    1477 1458 1445 1415 1398 1381 1381 1376 1376 1376 1376 1376 1381
    1381 1387 1387 1392 1392 1392 1392 1398 1404 1404 1404 1410 1410
    1410 1410 1410 1410 1410 4842 4842 4774 4774 4708 4645 4645 4645
    4645 4983 4983 5132 1564 1564 1557 1543 1516 1503 1483 1464 1452
