<?xml version="1.0"?>
<opencv_storage>
<Depth4862 type_id="opencv-matrix">
  <rows>53</rows>
  <cols>50</cols>
  <dt>w</dt>
  <data>
    4190 4190 4139 4139 4089 4089 4089 4041 4041 4041 4041 4041 3994
    3948 3948 3948 3948 3903 3903 3903 3859 3859 2116 2116 2103 2090
    2053 2053 2078 3816 3816 3774 3774 3774 3774 3774 3774 3732 3732
    3732 3732 3732 3692 3692 3653 3653 3653 3653 3653 3614 4241 4190
    4190 4139 4089 4089 4089 4041 4041 4041 4041 4041 3994 3994 3948
    3948 3903 3903 3903 3903 2103 2103 2103 2103 2090 2090 2090 2078
    2078 2078 3774 3774 3774 3774 3774 3774 3774 3732 3732 3732 3732
    3732 3732 3692 3653 3653 3653 3653 3653 3614 4241 4190 4190 4139
    4089 4089 4089 4041 4041 4041 4041 4041 3994 3994 3948 3948 3903
    3903 3903 3903 2078 2078 2078 2078 2078 2078 2090 2078 2078 2078
    3774 3774 3774 3774 3774 3774 3774 3732 3732 3732 3732 3732 3732
    3692 3653 3653 3653 3653 3653 3614 4241 4241 4190 4139 4089 4089
    4089 4041 4041 4041 4041 4041 3994 3994 3994 3948 3948 3903 3903
    2065 2065 2078 2078 2078 2078 2078 2078 2078 2078 2078 2078 3774
    3774 3774 3774 3774 3774 3774 3774 3732 3732 3732 3732 3732 3692
    3653 3653 3653 3614 3614 4241 4241 4190 4190 4089 4089 4089 4041
    4041 4041 4041 4041 4041 3994 3994 3948 3903 2065 2065 2065 2065
    2078 2078 2078 2078 2078 2078 2078 2078 2053 2053 2053 3774 3774
    3774 3774 3774 3774 3774 3732 3732 3732 3732 3732 3692 3692 3653
    3653 3614 3614 4241 4241 4190 4190 4089 4089 4089 4089 4089 4089
    4089 4041 4041 3994 3994 2078 2078 2065 2065 2078 2078 2078 2078
    2078 2078 2078 2078 2078 2078 2053 2053 2065 3774 3774 3816 3774
    3774 3774 3774 3732 3732 3732 3732 3732 3692 3692 3653 3653 3614
    3614 4241 4241 4190 4190 4139 4089 4089 4089 4089 4089 4089 4041
    4041 3994 2090 2078 2078 2078 2078 2078 2078 2078 2078 2078 2078
    2078 2078 2065 2065 2065 2053 2053 2053 3816 3816 3774 3774 3774
    3774 3732 3732 3732 3732 3732 3732 3732 3692 3653 3653 3653 4241
    4241 4241 4190 4190 4139 4089 4089 4089 4089 4089 2129 2129 2116
    2090 2090 2090 2078 2078 2078 2090 2078 2078 2078 2078 2078 2078
    2065 2065 2065 2053 2053 2040 2040 3816 3774 3774 3774 3774 3774
    3732 3732 3732 3732 3732 3732 3692 3653 3653 3653 4241 4241 4241
    4190 4190 4139 4089 4089 4089 4089 2116 2116 2129 2116 2090 2090
    2090 2090 2090 2090 2090 2078 2078 2078 2078 2078 2078 2065 2065
    2053 2053 2053 2040 2040 3774 3774 3774 3774 3774 3774 3774 3732
    3732 3732 3732 3732 3692 3692 3653 3653 4241 4241 4241 4190 4190
    4139 4089 4089 2129 2129 2116 2116 2129 2116 2090 2090 2090 2090
    2090 2090 2090 2078 2078 2078 2078 2078 2078 2065 2065 2053 2053
    2053 2053 2053 3774 3774 3774 3774 3774 3774 3774 3774 3732 3732
    3732 3732 3732 3692 3653 3653 4241 4241 4241 4139 4139 4139 2143
    2143 2129 2129 2129 2129 2116 2103 2090 2090 2090 2090 2090 2090
    2090 2090 2078 2078 2078 2078 2078 2078 2065 2053 2053 2053 2053
    2053 2078 3774 3774 3774 3774 3774 3774 3774 3774 3732 3732 3732
    3732 3692 3653 3653 4295 4241 4241 4139 2156 2143 2143 2143 2143
    2129 2129 2129 2116 2103 2090 2090 2090 2090 2090 2090 2090 2090
    2078 2078 2078 2078 2078 2078 2065 2053 2053 2053 2053 2053 2065
    2065 3816 3774 3774 3774 3774 3774 3774 3732 3732 3732 3732 3692
    3692 3653 2184 2143 2143 2129 2129 2143 2143 2143 2143 2129 2129
    2129 2116 2116 2103 2103 2090 2090 2090 2090 2090 2090 2078 2078
    2078 2078 2078 2078 2065 2065 2053 2053 2053 2053 2053 2053 2053
    3774 3774 3774 3774 3774 3774 3732 3732 3732 3732 3692 3692 3692
    2170 2143 2143 2129 2129 2143 2143 2143 2143 2129 2129 2129 2129
    2116 2103 2103 2090 2090 2090 2090 2090 2090 2078 2078 2078 2078
    2078 2078 2078 2065 2053 2053 2053 2053 2053 2040 2040 3816 3774
    3774 3774 3774 3774 3732 3732 3732 3732 3692 3692 3692 2170 2156
    2143 2143 2143 2143 2143 2143 2143 2129 2129 2129 2129 2129 2116
    2116 2103 2090 2090 2090 2090 2090 2078 2078 2078 2078 2078 2078
    2078 2065 2065 2053 2053 2053 2053 2040 2040 2040 3816 3816 3774
    3774 3774 3732 3732 3732 3732 3692 3692 3692 2184 2156 2143 2143
    2143 2143 2143 2143 2143 2143 2143 2129 2129 2116 2116 2116 2103
    2103 2103 2090 2090 2090 2090 2078 2078 2078 2090 2090 2078 2078
    2078 2065 2053 2053 2053 2040 2040 2040 3816 3816 3774 3774 3774
    3732 3732 3732 3732 3732 3692 3692 2184 2156 2156 2156 2143 2143
    2143 2143 2143 2143 2129 2129 2129 2116 2116 2116 2116 2103 2103
    2090 2090 2090 2078 2078 2078 2078 2090 2090 2090 2078 2078 2065
    2053 2053 2053 2040 2040 2040 2040 3816 3732 3732 3732 3732 3732
    3732 3732 3732 3692 3692 2198 2170 2170 2156 2143 2143 2143 2143
    2143 2143 2129 2129 2116 2116 2116 2116 2116 2116 2103 2090 2090
    2078 2078 2078 2078 2078 2090 2090 2090 2065 2065 2065 2065 2053
    2053 2053 2053 2040 2040 2040 3732 3732 3732 3732 3732 3732 3732
    3692 3692 3692 4349 2184 2184 2170 2156 2143 2143 2143 2143 2143
    2129 2129 2116 2116 2116 2116 2116 2116 2103 2090 2090 2078 2078
    2078 2078 2078 2090 2090 2090 2065 2065 2065 2065 2053 2053 2053
    2053 2040 2040 2053 2053 3732 3732 3732 3732 3732 3692 3692 3692
    3692 4349 2184 2184 2170 2156 2143 2143 2143 2143 2143 2129 2129
    2116 2116 2116 2116 2116 2116 2103 2090 2090 2078 2078 2078 2078
    2078 2090 2090 2090 2065 2065 2065 2053 2053 2053 2053 2053 2040
    2040 2053 2053 3774 3774 3774 3732 3732 3692 3692 3692 3692 4295
    4295 2184 2170 2156 2143 2143 2143 2143 2143 2129 2129 2129 2116
    2116 2116 2116 2116 2103 2090 2090 2090 2078 2078 2078 2078 2090
    2090 2078 2078 2065 2065 2053 2053 2053 2053 2053 2040 2040 2053
    2053 2053 3774 3774 3732 3732 3692 3692 3692 3692 4295 4295 2184
    2170 2156 2143 2143 2143 2143 2143 2143 2129 2129 2129 2129 2116
    2116 2116 2103 2103 2090 2090 2090 2078 2078 2078 2090 2090 2078
    2078 2078 2065 2053 2053 2053 2053 2053 2040 2040 2053 2053 2053
    3774 3774 3732 3732 3692 3692 3692 3692 4295 4295 4295 2156 2156
    2156 2143 2143 2143 2143 2143 2143 2129 2129 2129 2116 2116 2116
    2116 2103 2090 2090 2090 2078 2078 2078 2090 2090 2078 2078 2065
    2065 2053 2053 2053 2053 2053 2053 2040 2040 2040 2040 2053 3774
    3732 3732 3732 3732 3732 3692 4295 4295 4295 2156 2156 2156 2156
    2143 2143 2143 2143 2143 2129 2129 2129 2116 2116 2116 2116 2103
    2103 2090 2090 2078 2078 2078 2090 2090 2078 2065 2065 2065 2053
    2053 2053 2053 2053 2053 2040 2040 2040 2040 2053 2053 3732 3732
    3732 3732 3732 3692 4295 4295 4295 4295 2156 2156 2156 2143 2143
    2143 2143 2143 2129 2129 2129 2116 2116 2116 2116 2103 2103 2090
    2090 2078 2078 2078 2090 2090 2078 2065 2065 2065 2053 2053 2053
    2053 2053 2053 2053 2053 2053 2053 2053 2065 3732 3732 3732 3732
    3732 3692 4295 4295 4295 4295 2143 2143 2156 2156 2143 2143 2143
    2143 2143 2129 2129 2116 2116 2116 2116 2103 2103 2090 2090 2090
    2090 2090 2090 2090 2090 2065 2065 2065 2053 2053 2053 2053 2053
    2053 2053 2053 2053 2053 2053 2053 2053 3732 3732 3732 3732 3692
    4349 4295 4295 4295 2143 2143 2143 2156 2143 2143 2143 2143 2143
    2129 2116 2116 2116 2103 2103 2103 2103 2090 2090 2090 2078 2078
    2090 2090 2090 2078 2065 2065 2065 2065 2053 2053 2053 2053 2053
    2053 2053 2053 2053 2040 2040 3732 3732 3732 3732 3692 4349 4295
    4295 2143 2143 2143 2143 2156 2143 2143 2143 2143 2129 2129 2116
    2116 2116 2103 2103 2103 2103 2090 2090 2078 2078 2078 2090 2090
    2090 2078 2078 2065 2065 2065 2053 2053 2053 2053 2053 2053 2053
    2053 2053 2040 2040 3732 3732 3732 3732 3732 4349 4349 4295 2143
    2143 2143 2143 2156 2143 2143 2143 2129 2129 2116 2116 2116 2116
    2116 2116 2103 2103 2090 2090 2078 2078 2078 2090 2090 2090 2090
    2078 2078 2065 2065 2053 2053 2053 2053 2053 2053 2053 2053 2040
    2040 2040 2040 3732 3732 3732 3732 4349 4349 4295 4295 4295 4190
    2156 2156 2143 2143 2143 2129 2129 2116 2116 2116 2116 2116 2116
    2116 2103 2090 2090 2090 2090 2090 2090 2090 2090 2090 2078 2078
