<?xml version="1.0"?>
<opencv_storage>
<Depth13622 type_id="opencv-matrix">
  <rows>27</rows>
  <cols>32</cols>
  <dt>w</dt>
  <data>
    4645 4645 4645 4645 4708 4774 4774 4774 4842 4774 4774 4842 4911
    2541 2522 2522 2522 2522 2598 2598 2598 2618 2618 2618 5291 5291
    5210 5210 5210 5210 5374 5374 4645 4645 4645 4645 4708 4774 4774
    4774 4842 4774 2541 2522 2522 2541 2541 2560 2560 2560 2579 2579
    2598 2618 2618 2598 2598 2598 5210 5210 5210 5210 5291 5291 4582
    4645 4645 4645 4708 4774 4774 4774 4842 4842 2541 2522 2522 2541
    2541 2541 2541 2541 2579 2579 2598 2618 2618 2598 2598 2598 5132
    5132 5210 5210 5291 5291 4522 4522 4522 4522 4582 4774 4774 4774
    2579 2560 2541 2541 2541 2541 2541 2541 2541 2541 2560 2579 2598
    2598 2598 2618 2598 2598 5132 5132 5132 5132 5210 5291 4522 4522
    4522 4522 4582 4582 4582 2560 2560 2522 2522 2522 2522 2522 2522
    2522 2522 2522 2541 2541 2560 2579 2598 2618 2618 2618 2618 5132
    5132 5132 5132 5210 4463 4463 4522 4522 4522 2450 2450 2560 2560
    2522 2467 2467 2467 2467 2467 2503 2503 2503 2522 2522 2522 2541
    2560 2598 2598 2618 2618 5132 5132 5132 5132 5210 4463 4463 4522
    4522 2450 2450 2450 2450 2450 2467 2467 2467 2467 2467 2467 2485
    2485 2503 2503 2503 2503 2522 2522 2579 2598 2598 2598 4983 4983
    5056 5056 5132 4463 4522 4522 2467 2467 2450 2450 2450 2450 2450
    2450 2467 2467 2467 2467 2467 2467 2485 2485 2503 2503 2522 2522
    2541 2560 2579 2598 4983 4983 5056 5056 5056 4463 4463 2503 2467
    2467 2450 2450 2450 2450 2450 2450 2467 2467 2467 2467 2467 2467
    2485 2485 2503 2503 2522 2522 2522 2522 2541 2579 2579 5056 5056
    5056 5056 2522 2503 2503 2467 2467 2467 2467 2467 2467 2450 2450
    2450 2450 2450 2467 2467 2467 2485 2503 2503 2503 2503 2503 2522
    2522 2522 2541 2560 5056 5056 5056 5056 2522 2450 2450 2467 2467
    2467 2467 2467 2467 2450 2450 2450 2432 2432 2450 2450 2467 2485
    2485 2485 2485 2485 2485 2503 2522 2522 2522 2541 2541 5056 4983
    4983 2432 2432 2450 2432 2432 2432 2450 2467 2467 2450 2450 2450
    2432 2432 2450 2450 2467 2467 2467 2467 2467 2467 2485 2485 2503
    2503 2522 2522 2541 2541 4983 4911 2415 2415 2450 2432 2432 2432
    2450 2450 2450 2450 2450 2450 2432 2432 2450 2450 2467 2467 2467
    2467 2467 2467 2467 2485 2485 2503 2522 2522 2522 2522 4842 4842
    2398 2398 2432 2432 2415 2415 2432 2450 2450 2450 2432 2432 2432
    2432 2450 2450 2450 2450 2450 2450 2450 2450 2467 2467 2485 2485
    2503 2503 2503 2503 2503 4842 2398 2398 2415 2415 2415 2415 2415
    2415 2415 2415 2415 2432 2432 2432 2432 2450 2450 2450 2450 2450
    2450 2450 2450 2467 2467 2485 2485 2485 2503 2503 2503 4842 2398
    2398 2415 2415 2415 2415 2415 2415 2415 2415 2415 2415 2415 2432
    2432 2450 2450 2450 2450 2450 2450 2450 2450 2467 2467 2485 2485
    2485 2485 2485 2485 2485 2381 2381 2415 2398 2398 2398 2398 2398
    2398 2415 2415 2415 2415 2415 2415 2415 2415 2432 2450 2450 2450
    2450 2450 2467 2467 2467 2485 2485 2485 2485 2485 2485 2381 2381
    2398 2398 2398 2398 2398 2398 2398 2415 2415 2415 2432 2415 2415
    2415 2415 2432 2450 2450 2450 2450 2450 2467 2467 2467 2467 2485
    2485 2485 2467 2467 2381 2381 2398 2398 2398 2398 2398 2398 2398
    2415 2415 2415 2432 2432 2432 2432 2432 2450 2450 2450 2450 2450
    2450 2467 2467 2467 2467 2467 2467 2485 2467 2467 2381 2381 2381
    2365 2365 2398 2398 2432 2415 2415 2415 2432 2432 2432 2432 2432
    2432 2450 2432 2432 2432 2432 2450 2450 2467 2467 2467 2467 2467
    2485 2485 2485 2381 2381 2381 2365 2365 2398 2398 2432 2432 2415
    2415 2432 2432 2432 2415 2415 2432 2432 2432 2432 2432 2432 2450
    2450 2467 2467 2467 2467 2467 2485 2485 2485 2415 2415 2398 2381
    2381 2398 2398 2398 2398 2398 2398 2450 2450 2432 2415 2415 2432
    2415 2415 2432 2432 2450 2450 2450 2450 2467 2467 2467 2467 2485
    2485 2485 3859 2450 2415 2398 2398 2398 2398 2398 2398 2381 2381
    2398 2450 2432 2415 2415 2432 2415 2415 2432 2432 2432 2450 2450
    2450 2450 2450 2450 2450 2467 2485 4522 3859 2450 2432 2432 2415
    2398 2381 2381 2398 2381 2381 2398 2450 2432 2432 2432 2432 2432
    2432 2432 2398 2398 2398 2432 2450 2450 2450 2450 2450 2450 2485
    4295 3859 2450 2450 2432 2415 2398 2381 2381 2398 2398 2398 2398
    2450 2432 2432 2432 2432 2432 2432 2432 2398 2398 2398 2415 2432
    2450 2450 2450 2450 2450 4295 4295 3859 3816 3816 2398 2398 2398
    2398 2398 2398 2398 2398 2398 2398 2398 2432 2432 2432 2432 2432
    2432 2398 2398 2398 2415 2432 2432 2450 2450 2432 2432 4295 4295
    3859 3816 3816 2398 2398 2381 2381 2381 2398 2415 2415 2398 2398
    2398 2398 2398 2398 2398 2398 2398 2398 2398 2398 2415 2415 2415
    2415 2432 2432 2432 2450 4295</data></Depth13622>
</opencv_storage>
