<?xml version="1.0"?>
<opencv_storage>
<Depth16148 type_id="opencv-matrix">
  <rows>11</rows>
  <cols>49</cols>
  <dt>w</dt>
  <data>
    5210 5132 5132 5056 5056 5056 4983 4983 5056 5056 5056 5056 5056
    5056 5056 4983 4983 4983 4983 4983 4983 4983 4911 4842 4842 4911
    4911 4983 4911 3903 3903 3774 3774 3903 3903 3903 3948 3948 3859
    3859 3859 3859 3903 3903 3948 3948 3903 3816 3816 0 4241 5056 5056
    5056 4349 4295 4241 4139 4089 4089 4041 4041 4089 4089 4139 4089
    4089 4041 4041 4041 5056 3948 3948 3994 3994 3994 3994 3948 3903
    3903 3859 3859 3903 3903 3903 3903 3948 3903 3903 3859 3859 3903
    3903 3903 3903 3859 3859 3816 4241 4241 4241 4241 4241 4241 4241
    4241 4139 4089 4089 4041 4041 4089 4089 4089 4089 4089 4041 4041
    3994 3994 3948 3948 3948 3948 3948 3994 3948 3948 3948 3948 3948
    3948 3903 3903 3903 3903 3903 3903 3859 3859 3859 3903 3903 3903
    3859 3859 3816 4241 4241 4241 4241 4241 4241 4241 4241 4139 4139
    4089 4089 4089 4089 4089 4089 4089 4041 4041 4041 3994 3994 3994
    3948 3948 3948 3948 3994 3994 3994 3948 3948 3948 3948 3903 3903
    3903 3903 3903 3903 3903 3859 3859 3903 3903 3903 3859 3859 3774
    4241 4241 4190 4190 4190 4190 4190 4190 4139 4139 4089 4089 4089
    4089 4139 4139 4089 4041 4041 4041 3994 3994 3994 3994 3948 3948
    3948 3994 3994 3994 3994 3994 3948 3948 3948 3903 3903 3948 3903
    3903 3903 3903 3903 3903 3903 3903 3859 3816 3774 4295 4241 4190
    4190 4190 4190 4190 4190 4139 4139 4139 4089 4089 4089 4139 4089
    4089 4041 4041 4041 4041 3994 3994 3994 3994 3994 3994 3994 3994
    3994 3994 3994 3948 3948 3948 3948 3948 3948 3948 3903 3903 3903
    3903 3903 3903 3859 3816 3816 3774 4295 4241 4190 4190 4190 4190
    4190 4190 4139 4139 4089 4089 4089 4089 4089 4089 4089 4089 4041
    4041 4041 3994 3994 3994 3994 3994 3994 3994 3948 3948 3994 3994
    3948 3948 3948 3948 3948 3948 3948 3948 3903 3903 3903 3903 3903
    3859 3816 3816 3774 4295 4241 4241 4190 4190 4190 4190 4190 4139
    4139 4089 4089 4089 4089 4089 4041 4041 4089 4089 4089 4089 4041
    3994 3994 3994 3994 3994 3948 3948 3948 3948 3948 3948 3948 3948
    3948 3948 3948 3903 3903 3903 3903 3903 3903 3903 3859 3859 3816
    3816 4295 4295 4241 4190 4190 4139 4139 4190 4139 4139 4139 4089
    4041 4041 4041 4041 4041 4089 4089 4089 4089 4041 4041 3994 3994
    3994 3994 3948 3948 3948 3948 3948 3903 3903 3948 3948 3948 3994
    3903 3903 0 0 3948 3948 0 0 0 0 0 4295 4295 4241 4190 4139 4089 4089
    4190 4139 4139 4139 4089 4041 4041 4041 4041 4041 4041 4041 4041
    4139 4041 4041 4041 4041 4041 4041 3948 3948 0 0 3948 3903 3903 3948
    3994 3994 0 0 0 0 0 0 0 0 0 0 0 0 0 0 0 0 4089 4089 4089 4139 0 0 0
    0 4041 4041 4041 4041 4041 4041 4041 4041 4241 4241 0 0 0 0 0 0 0 0
    0 0 0 0 0 0 0 0 0 0 0 0 0 0 0 0 0 0 0</data></Depth16148>
</opencv_storage>
