<?xml version="1.0"?>
<opencv_storage>
<Depth6410 type_id="opencv-matrix">
  <rows>46</rows>
  <cols>35</cols>
  <dt>w</dt>
  <data>
    4463 4463 4463 4463 4522 4522 2226 2226 2226 2241 2226 2226 2226
    2226 2226 2226 2241 2226 2226 2226 2226 2226 2226 4774 4842 4842
    4911 4911 4911 4983 4983 4983 4983 4983 4983 4463 4463 4463 4463
    4522 2226 2226 2226 2226 2226 2226 2226 2226 2226 2226 2226 2226
    2226 2226 2226 2226 2226 2226 2226 2226 2226 2212 2212 2226 2226
    2226 2226 2226 2226 4983 4463 4463 4463 4463 4522 2226 2226 2226
    2226 2226 2226 2226 2226 2226 2226 2226 2226 2226 2226 2226 2226
    2226 2226 2226 2226 2226 2212 2212 2226 2226 2226 2226 2226 2212
    2212 4463 4522 4522 4522 4582 2241 2226 2226 2226 2226 2226 2226
    2226 2226 2212 2212 2212 2212 2226 2226 2226 2226 2226 2226 2226
    2226 2226 2226 2226 2226 2226 2226 2226 2212 2212 4522 4522 4522
    4522 4582 2241 2212 2212 2226 2226 2226 2226 2226 2226 2212 2212
    2212 2212 2226 2226 2226 2226 2226 2226 2226 2226 2226 2226 2226
    2226 2226 2226 2226 2212 2212 4522 4463 4463 4463 4582 2226 2212
    2212 2226 2226 2226 2226 2226 2226 2212 2212 2212 2212 2226 2226
    2226 2226 2226 2212 2212 2226 2226 2226 2226 2226 2226 2226 2226
    2212 2212 4522 4463 4405 4405 4405 2226 2226 2226 2226 2226 2226
    2226 2226 2212 2212 2212 2212 2212 2212 2212 2212 2212 2212 2212
    2212 2212 2226 2226 2226 2226 2226 2212 2212 2212 2212 4463 4405
    4349 4349 4349 2226 2226 2226 2226 2226 2226 2212 2212 2212 2212
    2212 2212 2212 2212 2212 2212 2212 2212 2212 2212 2212 2212 2212
    2212 2226 2226 2212 2212 2212 2212 4463 4405 4349 4349 2226 2226
    2226 2226 2226 2226 2212 2212 2212 2212 2212 2212 2212 2212 2226
    2226 2212 2212 2212 2212 2212 2212 2212 2212 2212 2212 2212 2212
    2212 2212 2212 4463 4463 4349 4349 2226 2212 2212 2212 2212 2212
    2212 2212 2212 2212 2212 2212 2212 2226 2212 2212 2212 2212 2212
    2212 2212 2212 2212 2212 2212 2212 2212 2212 2212 2212 2212 4463
    4405 4349 4349 2212 2212 2212 2212 2212 2212 2212 2212 2212 2212
    2212 2212 2212 2226 2212 2212 2212 2212 2212 2212 2212 2212 2212
    2212 2212 2212 2212 2212 2212 2212 5210 4463 4405 4405 4405 2212
    2212 2212 2212 2212 2212 2212 2212 2212 2212 2212 2212 2212 2226
    2212 2212 2212 2212 2212 2212 2212 2212 2212 2212 2212 2212 2212
    2212 2212 2212 5132 4463 4405 4405 4405 2198 2198 2212 2212 2212
    2212 2212 2212 2212 2212 2212 2212 2212 2212 2212 2212 2212 2212
    2212 2212 2212 2212 2212 2212 2212 2212 2212 2212 2212 2212 5132
    4405 4405 4405 4405 2198 2198 2212 2212 2212 2212 2212 2212 2212
    2212 2212 2212 2212 2212 2212 2212 2212 2212 2212 2212 2212 2212
    2212 2212 2212 2212 2212 2212 2212 2212 5056 4405 4405 4405 4405
    2212 2212 2212 2212 2198 2198 2212 2212 2212 2212 2212 2212 2212
    2212 2212 2212 2212 2212 2212 2212 2212 2212 2212 2212 2212 2212
    2212 2212 2226 2226 4983 4405 4405 4405 4405 2212 2212 2212 2198
    2198 2198 2212 2212 2212 2212 2198 2198 2212 2212 2212 2212 2212
    2212 2212 2212 2212 2212 2212 2212 2212 2198 2198 2212 2212 2212
    4983 4405 4405 4405 2170 2170 2198 2198 2198 2198 2198 2198 2212
    2212 2212 2198 2198 2212 2212 2212 2212 2212 2212 2212 2212 2212
    2212 2212 2198 2198 2184 2184 2198 2212 2212 4983 4405 4405 4405
    2170 2170 2184 2198 2198 2198 2198 2198 2212 2212 2212 2198 2198
    2198 2198 2198 2198 2198 2198 2198 2212 2198 2198 2198 2198 2198
    2184 2184 2198 2212 2212 5056 4405 4405 2170 2170 2170 2184 2184
    2198 2198 2198 2198 2212 2212 2212 2198 2198 2198 2184 2184 2184
    2184 2198 2198 2198 2198 2198 2198 2198 2198 2198 2198 2184 2184
    2184 5056 4405 4405 2170 2170 2170 2184 2184 2198 2198 2198 2198
    2212 2212 2212 2198 2198 2198 2184 2184 2184 2184 2198 2198 2198
    2198 2198 2184 2184 2198 2198 2198 2184 2184 2184 5056 4463 2212
    2212 2170 2170 2184 2184 2198 2198 2198 2198 2198 2212 2198 2198
    2198 2198 2198 2198 2184 2184 2198 2198 2184 2184 2184 2184 2184
    2198 2198 2198 2184 2184 2184 4983 4463 2212 2212 2170 2170 2184
    2198 2198 2184 2184 2184 2198 2198 2198 2198 2198 2198 2198 2198
    2184 2184 2184 2184 2184 2184 2184 2184 2184 2184 2184 2184 2170
    2170 2170 5056 4405 2212 2212 2184 2184 2198 2198 2184 2184 2184
    2184 2198 2198 2198 2184 2184 2184 2184 2198 2198 2198 2184 2184
    2170 2170 2170 2170 2184 2184 2184 2184 2170 2156 2156 2156 4405
    4405 2198 2184 2184 2184 2184 2184 2184 2184 2184 2184 2184 2198
    2184 2184 2184 2184 2184 2184 2184 2184 2198 2170 2170 2170 2170
    2184 2184 2198 2170 2170 2156 2156 2156 4405 4405 2198 2184 2184
    2170 2170 2170 2170 2170 2184 2170 2170 2184 2184 2184 2170 2170
    2184 2184 2184 2184 2198 2184 2184 2170 2170 2184 2184 2184 2170
    2156 2156 2156 2156 4405 4405 2184 2184 2170 2170 2170 2170 2170
    2170 2170 2170 2170 2170 2170 2170 2170 2170 2170 2170 2184 2184
    2184 2184 2170 2170 2170 2184 2184 2184 2170 2156 2156 2156 4983
    4405 4405 2184 2184 2170 2170 2170 2170 2170 2170 2170 2170 2170
    2170 2170 2170 2170 2170 2170 2170 2184 2184 2184 2184 2170 2170
    2170 2184 2184 2184 2170 2170 2184 2184 4911 4349 4349 2170 2170
    2170 2170 2170 2170 2170 2170 2170 2170 2170 2170 2170 2170 2170
    2170 2170 2184 2170 2170 2170 2170 2170 2170 2170 2170 2184 2184
    2184 2184 2198 2198 4911 4349 2170 2170 2170 2170 2170 2170 2170
    2170 2170 2170 2170 2170 2170 2170 2170 2170 2170 2170 2170 2170
    2170 2170 2170 2170 2170 2170 2170 2170 2184 2184 2184 2198 2198
    4911 4349 2170 2170 2170 2170 2170 2170 2170 2170 2170 2170 2170
    2170 2170 2170 2170 2170 2170 2170 2170 2170 2170 2170 2170 2170
    2170 2170 2170 2170 2170 2170 2184 2198 2198 4983 4349 2156 2156
    2170 2170 2170 2170 2170 2170 2170 2170 2170 2170 2170 2170 2170
    2170 2170 2170 2170 2170 2170 2170 2170 2170 2170 2170 2170 2170
    2170 2170 2170 2184 2184 4983 4349 2156 2156 2170 2170 2170 2170
    2170 2170 2170 2170 2170 2170 2170 2170 2170 2170 2170 2170 2170
    2170 2170 2170 2170 2170 2170 2170 2170 2170 2156 2156 2170 2184
    4983 4983 4349 2170 2170 2170 2170 2170 2170 2170 2170 2170 2170
    2170 2170 2170 2170 2170 2170 2170 2170 2170 2170 2170 2170 2170
    2170 2170 2170 2170 2170 2156 2156 2170 2170 4983 4983 4349 2170
    2170 2170 2170 2170 2170 2170 2170 2170 2170 2170 2170 2170 2170
    2170 2170 2170 2170 2170 2170 2170 2156 2156 2170 2170 2170 2170
    2170 2170 2170 2170 2170 4983 4983 2170 2170 2170 2170 2170 2156
    2156 2156 2156 2156 2156 2170 2170 2170 2170 2170 2170 2170 2170
    2170 2170 2170 2156 2156 2170 2170 2170 2170 2170 2170 2170 2170
    2170 5056 4983 2170 2170 2170 2170 2170 2156 2156 2156 2156 2156
    2156 2156 2156 2170 2170 2170 2170 2170 2170 2170 2170 2170 2170
    2170 2170 2156 2156 2156 2156 2156 2170 2184 2184 4983 4911 2156
    2156 2156 2156 2156 2156 2156 2156 2156 2156 2156 2156 2156 2170
    2170 2170 2170 2156 2156 2156 2156 2156 2170 2170 2170 2156 2156
    2156 2156 2156 2156 2170 2170 4911 4911 2156 2156 2156 2156 2156
    2156 2156 2156 2156 2156 2156 2156 2156 2170 2170 2170 2170 2156
    2156 2156 2156 2156 2156 2170 2170 2156 2156 2156 2156 2156 2156
    2170 4774 4774 4911 2156 2156 2156 2156 2156 2156 2156 2156 2156
    2156 2156 2156 2156 2156 2156 2156 2156 2156 2156 2156 2156 2156
    2156 2156 2156 2156 2156 2156 2156 2156 2156 2156 4708 4708 4911
    2156 2143 2143 2143 2156 2156 2156 2156 2156 2156 2156 2156 2143
    2143 2156 2156 2156 2156 2156 2156 2156 2156 2156 2156 2156 2156
    2156 2156 2156 2156 2156 2156 4708 4708 4911 2156 2143 2143 2143
    2156 2156 2156 2156 2156 2156 2156 2156 2143 2143 2143 2143 2156
    2156 2156 2156 2156 2156 2156 2156 2156 2156 2156 2156 2156 2156
    2156 2156 4708 4708 4911 2156 2143 2143 2143 2156 2156 2170 2170
    2156 2156 2156 2156 2143 2143 2143 2143 2156 2156 2156 2156 2143
    2143 2143 2156 2156 2156 2156 2156 2156 2156 2156 2156 4842 4842
    4911 2156 2143 2143 2143 2170 2170 2184 2170 2170 2170 2156 2156
