<?xml version="1.0"?>
<opencv_storage>
<Depth14533 type_id="opencv-matrix">
  <rows>63</rows>
  <cols>42</cols>
  <dt>w</dt>
  <data>
    5132 5132 5132 5132 5132 1722 1722 5132 5132 5210 5210 5291 5210
    5056 5056 5056 1639 1639 1739 1739 1739 1739 1731 1722 1722 5374
    5374 5210 5210 5210 5210 1722 1722 5056 5056 1713 1713 1722 4983
    4911 4842 4842 5056 5132 5132 1722 1722 1722 1722 1705 1696 1680
    1680 1688 1688 5056 5056 1639 1639 1639 1713 1713 1722 1713 1713
    1713 1713 1713 1696 1696 1705 1705 1722 1722 1722 1722 1713 1713
    1713 1722 1722 1731 4842 4842 5056 5056 1722 1722 1722 1713 1713
    1696 1680 1680 1671 1671 1655 1647 1639 1639 1639 1655 1655 1671
    1680 1680 1688 1688 1688 1688 1696 1696 1705 1705 1705 1713 1705
    1705 1705 1713 1713 1722 1722 1722 1722 4842 5056 1722 1713 1713
    1713 1713 1705 1688 1680 1671 1671 1663 1647 1639 1639 1639 1639
    1647 1655 1655 1663 1663 1671 1680 1680 1680 1688 1688 1688 1688
    1688 1696 1705 1705 1705 1713 1713 1713 1722 1722 1722 1722 5056
    1722 1722 1713 1713 1705 1696 1680 1680 1671 1663 1655 1647 1639
    1639 1639 1639 1647 1655 1655 1655 1663 1663 1671 1680 1680 1680
    1680 1680 1688 1688 1696 1696 1696 1696 1705 1705 1713 1713 1713
    1722 1722 0 1722 1722 1713 1713 1705 1696 1680 1671 1671 1663 1647
    1639 1639 1639 1639 1639 1647 1655 1655 1655 1655 1655 1663 1680
    1680 1680 1680 1680 1688 1688 1688 1696 1696 1696 1705 1705 1713
    1713 1713 1722 1722 5132 1731 1731 1722 1713 1705 1696 1680 1671
    1671 1655 1647 1639 1632 1632 1632 1639 1647 1655 1655 1655 1655
    1655 1663 1680 1680 1680 1680 1680 1688 1688 1688 1696 1696 1696
    1713 1713 1713 1713 1713 1722 1722 5132 1731 1731 1722 1713 1705
    1696 1680 1671 1671 1655 1647 1639 1632 1632 1632 1639 1655 1655
    1655 1655 1655 1671 1671 1680 1680 1680 1680 1688 1688 1688 1696
    1696 1705 1705 1713 1713 1713 1713 1713 1722 1722 5132 1731 1731
    1722 1713 1705 1696 1680 1671 1671 1663 1647 1639 1632 1632 1632
    1639 1655 1655 1655 1655 1655 1671 1671 1680 1680 1680 1680 1688
    1688 1688 1696 1705 1705 1705 1713 1713 1713 1713 1713 1722 1722
    5210 1731 1731 1722 1713 1705 1688 1680 1671 1671 1663 1647 1639
    1639 1639 1639 1639 1655 1655 1655 1655 1663 1671 1671 1680 1680
    1680 1680 1680 1688 1688 1696 1705 1705 1713 1713 1713 1713 1713
    1713 1722 1722 5210 1748 1731 1713 1705 1705 1688 1680 1671 1671
    1663 1647 1647 1639 1639 1639 1639 1647 1655 1655 1655 1663 1671
    1671 1680 1680 1680 1680 1680 1688 1688 1696 1705 1713 1713 1713
    1713 1713 1713 1722 1722 1722 5374 1739 1731 1713 1705 1705 1688
    1680 1671 1671 1663 1655 1647 1647 1639 1639 1639 1647 1655 1655
    1655 1663 1671 1671 1680 1680 1680 1680 1680 1680 1688 1696 1705
    1713 1713 1713 1713 1713 1713 1722 1722 1722 1739 1739 1731 1722
    1713 1705 1688 1680 1671 1671 1655 1647 1639 1639 1639 1639 1639
    1647 1655 1655 1655 1663 1663 1671 1680 1680 1680 1680 1680 1680
    1688 1688 1705 1713 1713 1713 1713 1713 1713 1722 1722 1722 1739
    1739 1731 1722 1713 1705 1688 1680 1671 1671 1655 1647 1632 1632
    1639 1639 1639 1655 1655 1655 1655 1663 1663 1671 1671 1680 1680
    1688 1688 1688 1688 1688 1696 1705 1705 1713 1713 1713 1713 1713
    1713 1722 1739 1739 1739 1731 1713 1705 1688 1680 1671 1671 1663
    1647 1632 1632 1639 1639 1655 1655 1655 1655 1655 1663 1663 1671
    1671 1680 1680 1688 1688 1688 1688 1688 1696 1705 1705 1713 1713
    1713 1713 1713 1713 1713 1739 1739 1739 1722 1713 1705 1688 1680
    1671 1671 1663 1647 1639 1639 1639 1639 1655 1655 1655 1655 1655
    1663 1663 1671 1671 1680 1680 1688 1688 1688 1696 1696 1696 1705
    1705 1705 1713 1713 1713 1705 1705 1705 5056 1748 1739 1722 1713
    1705 1688 1680 1671 1671 1655 1647 1639 1639 1639 1639 1655 1655
    1655 1655 1655 1663 1663 1671 1680 1680 1680 1688 1688 1688 1696
    1696 1705 1705 1705 1705 1713 1713 1713 1705 1705 1705 5056 1748
    1739 1722 1713 1705 1688 1680 1671 1663 1655 1647 1639 1639 1639
    1639 1655 1655 1655 1655 1655 1655 1663 1671 1680 1680 1680 1680
    1680 1688 1696 1696 1705 1705 1705 1705 1713 1713 1713 1713 1713
    1713 5132 1739 1739 1713 1713 1705 1688 1680 1671 1663 1655 1647
    1639 1639 1639 1639 1655 1655 1655 1655 1655 1655 1663 1671 1680
    1680 1680 1680 1680 1680 1688 1696 1696 1705 1705 1705 1713 1705
    1705 1713 1713 1713 1739 1739 1731 1713 1713 1705 1688 1680 1671
    1671 1655 1647 1639 1639 1639 1639 1647 1655 1655 1655 1655 1655
    1663 1671 1680 1680 1680 1680 1680 1680 1688 1696 1696 1705 1705
    1705 1713 1705 1705 1713 1713 1713 1722 1722 1722 1713 1705 1705
    1688 1680 1671 1671 1655 1647 1647 1639 1639 1639 1647 1655 1655
    1655 1655 1655 1655 1663 1671 1680 1680 1680 1680 1680 1688 1696
    1696 1705 1705 1705 1705 1713 1713 1713 1713 1713 1722 1722 1722
    1713 1705 1705 1688 1680 1671 1671 1663 1647 1639 1639 1639 1639
    1647 1655 1655 1655 1655 1655 1655 1663 1663 1671 1680 1680 1680
    1680 1688 1688 1696 1705 1705 1705 1705 1713 1713 1713 1713 1713
    4911 1731 1722 1713 1705 1705 1688 1680 1671 1671 1655 1647 1639
    1639 1639 1639 1647 1655 1655 1655 1655 1655 1655 1663 1663 1671
    1680 1680 1688 1688 1688 1688 1696 1696 1705 1705 1705 1713 1713
    1713 1713 1713 4911 1731 1731 1713 1705 1705 1688 1680 1671 1671
    1655 1647 1639 1639 1639 1639 1655 1655 1655 1655 1655 1655 1663
    1663 1671 1680 1680 1680 1688 1688 1688 1688 1696 1696 1705 1705
    1705 1713 1713 1713 1713 1713 4911 1739 1739 1713 1713 1696 1688
    1680 1671 1663 1655 1647 1639 1639 1639 1639 1647 1655 1655 1655
    1655 1663 1663 1663 1671 1680 1680 1688 1680 1680 1688 1688 1696
    1696 1696 1705 1705 1713 1713 1713 1713 1713 4983 1731 1713 1713
    1713 1696 1688 1680 1671 1663 1655 1647 1639 1639 1639 1639 1647
    1655 1655 1655 1655 1663 1663 1663 1671 1680 1680 1688 1680 1680
    1688 1688 1696 1696 1696 1696 1705 1713 1713 1713 1713 1713 4983
    1731 1713 1713 1705 1705 1688 1680 1671 1663 1655 1647 1639 1639
    1639 1639 1647 1647 1655 1655 1655 1663 1663 1663 1671 1671 1680
    1680 1680 1680 1688 1688 1696 1696 1696 1696 1705 1713 1713 1713
    1713 1713 5132 1705 1705 1713 1705 1705 1688 1680 1671 1663 1655
    1647 1639 1639 1639 1639 1647 1647 1655 1655 1655 1655 1655 1655
    1663 1671 1680 1680 1680 1680 1688 1688 1688 1696 1696 1696 1705
    1713 1713 1713 1713 1713 1705 1705 1705 1713 1705 1696 1688 1680
    1671 1663 1647 1647 1639 1639 1639 1639 1647 1647 1655 1655 1655
    1655 1655 1655 1663 1663 1680 1680 1680 1680 1680 1688 1688 1696
    1696 1696 1705 1713 1713 1713 1713 1713 1713 1713 1713 1713 1705
    1696 1688 1680 1671 1663 1647 1647 1632 1632 1632 1639 1647 1647
    1655 1655 1655 1655 1655 1655 1663 1663 1680 1680 1680 1680 1680
    1688 1688 1688 1696 1696 1705 1713 1713 1713 1713 1713 1713 1713
    1713 1713 1705 1696 1688 1680 1671 1663 1647 1639 1632 1632 1632
    1639 1647 1647 1655 1655 1655 1655 1655 1655 1663 1671 1680 1680
    1680 1680 1680 1688 1688 1688 1696 1696 1705 1713 1713 1713 1705
    1705 1713 1713 1713 1713 1705 1696 1680 1680 1671 1655 1647 1639
    1632 1632 1632 1639 1647 1647 1655 1655 1655 1655 1655 1655 1663
    1671 1680 1680 1680 1680 1680 1680 1688 1688 1696 1696 1696 1705
    1713 1713 1705 1705 1713 1713 1713 1713 1696 1688 1680 1671 1671
    1655 1647 1639 1639 1639 1639 1639 1647 1655 1655 1655 1655 1655
    1655 1663 1671 1671 1680 1680 1680 1680 1680 1680 1688 1688 1696
    1696 1696 1705 1713 1713 1705 1705 1722 1722 1713 1705 1696 1688
    1680 1671 1671 1655 1647 1639 1639 1639 1639 1639 1647 1655 1655
    1655 1655 1655 1655 1663 1663 1671 1680 1680 1680 1680 1680 1688
    1688 1696 1696 1696 1705 1713 1713 1713 1713 1713 1748 1722 1713
    1705 1696 1688 1680 1671 1671 1655 1647 1639 1639 1639 1639 1639
    1647 1655 1655 1655 1655 1655 1655 1655 1663 1671 1680 1680 1680
    1680 1680 1688 1688 1696 1696 1696 1705 1713 1713 1713 1713 1713
