<?xml version="1.0"?>
<opencv_storage>
<Depth13073 type_id="opencv-matrix">
  <rows>33</rows>
  <cols>8</cols>
  <dt>w</dt>
  <data>
    6622 6497 6375 6375 5640 5548 5548 5640 6497 6497 6375 5734 5640
    5548 5548 5640 6497 6375 6146 5734 5548 5548 5548 5548 6497 6375
    6038 5640 5548 5460 5460 5460 6497 6375 6038 5640 5548 5460 5374
    5374 6497 6375 6038 5548 5460 5460 5374 5374 6497 6375 6038 5460
    5460 5460 5460 5374 6497 6146 5734 5460 5460 5460 5460 5460 6375
    5734 5640 5460 5460 5460 5460 5460 6375 5734 5640 5548 5548 5548
    5548 5548 6497 5734 5734 5640 5640 5548 5460 5460 6497 5734 5640
    5640 5640 5460 5374 5374 6497 5734 5640 5548 5548 5460 5374 5374
    6375 5734 5548 5548 5460 5374 5374 5374 6375 5640 5548 5548 5460
    5374 5374 0 6497 5640 5548 5548 5460 5374 5374 0 6497 6497 5548 5548
    5460 5460 5548 0 5734 5548 5548 5548 5548 5548 5548 0 5734 5548 5548
    5548 5548 5548 5548 0 5734 5640 5548 5548 5460 5460 5548 0 5734 5548
    5460 5374 5374 5374 5548 0 5734 5548 5460 5374 5374 5374 0 0 5640
    5548 5548 5460 5374 5374 0 0 5640 5548 5548 5460 5460 5460 0 0 5548
    5548 5548 5548 5460 5460 0 0 5548 5548 5548 5640 5640 5640 0 0 5548
    5548 5548 5640 5640 5640 0 0 5548 5548 5548 5548 5548 5640 0 0 5291
    5460 5460 5460 5460 5460 0 0 5291 5460 5460 5460 5374 5374 0 0 5374
    5374 5460 5460 5374 5374 0 0 5374 5374 5374 5374 5460 0 0 0 5374
    5374 5374 5374 0 0 0 0</data></Depth13073>
</opencv_storage>
