<?xml version="1.0"?>
<opencv_storage>
<Depth18577 type_id="opencv-matrix">
  <rows>31</rows>
  <cols>19</cols>
  <dt>w</dt>
  <data>
    0 2381 2381 2398 2398 2398 2398 2398 2398 2398 2381 2381 2365 2365
    2381 2415 2450 2467 3503 1489 2381 2381 2398 2398 2398 2398 2398
    2398 2398 2365 2365 2365 2365 2381 2415 2415 2467 3468 1489 2349
    2349 2398 2398 2398 2398 2398 2398 2381 2365 2365 2349 2349 2381
    2398 2398 2432 3468 2317 2317 2317 2381 2398 2398 2398 2398 2381
    2381 2349 2349 2349 2349 2365 2398 2398 2415 3503 2317 2317 2317
    2381 2398 2398 2398 2381 2381 2381 2349 2349 2349 2349 2365 2398
    2398 2415 3503 2381 2381 2381 2381 2398 2398 2398 2381 2381 2381
    2365 2349 2349 2349 2381 2398 2415 2415 3503 2365 2365 2365 2365
    2381 2398 2398 2381 2381 2381 2381 2349 2349 2349 2381 2415 2415
    2415 3468 2365 2365 2365 2365 2381 2398 2398 2381 2381 2381 2381
    2349 2349 2349 2365 2415 2432 2432 3468 2301 2301 2333 2381 2381
    2381 2381 2381 2381 2365 2365 2349 2349 2349 2365 2398 2432 2432
    3468 2286 2286 2333 2381 2381 2381 2381 2365 2365 2365 2349 2349
    2349 2349 2365 2398 2432 2450 3399 2286 2286 2349 2365 2381 2381
    2381 2365 2365 2349 2349 2349 2349 2349 2365 2398 2415 2432 3399
    2286 2286 2349 2365 2381 2381 2365 2365 2365 2349 2349 2349 2349
    2349 2381 2398 2415 2415 2415 2286 2286 2349 2365 2381 2381 2365
    2365 2365 2349 2349 2349 2349 2349 2381 2398 2398 2415 2415 2301
    2301 2301 2349 2381 2381 2365 2365 2365 2349 2349 2349 2349 2349
    2365 2381 2398 2415 2415 2256 2256 2301 2349 2381 2381 2381 2365
    2365 2365 2349 2349 2333 2333 2365 2381 2398 2415 2415 2256 2256
    2301 2349 2365 2381 2381 2365 2365 2349 2349 2349 2333 2333 2365
    2381 2398 2415 2415 2256 2256 2286 2349 2365 2381 2365 2365 2365
    2349 2349 2333 2333 2333 2349 2398 2398 2415 2415 2256 2256 2286
    2333 2349 2365 2365 2365 2349 2349 2349 2333 2333 2349 2349 2365
    2398 2398 2415 2271 2271 2301 2333 2349 2365 2349 2349 2349 2349
    2349 2349 2349 2349 2349 2349 2381 2398 2415 2271 2286 2301 2333
    2349 2349 2349 2349 2349 2349 2349 2333 2333 2333 2333 2349 2381
    2398 2415 2271 2286 2286 2317 2333 2349 2349 2349 2349 2349 2349
    2333 2333 2333 2333 2349 2381 2398 2415 2256 2271 2286 2317 2333
    2349 2349 2349 2349 2333 2333 2333 2333 2333 2333 2349 2365 2398
    2415 2256 2271 2317 2317 2349 2365 2349 2349 2349 2333 2333 2333
    2333 2333 2333 2349 2365 2398 2398 2271 2271 2317 2317 2365 2365
    2349 2349 2349 2333 2333 2333 2333 2333 2333 2349 2365 2398 2398
    1013 1013 2365 2365 2349 2349 2349 2349 2349 2333 2333 2333 2333
    2333 2333 2349 2365 2381 2398 1013 1010 2349 2349 2349 2349 2349
    2349 2349 2333 2333 2333 2333 2333 2333 2349 2365 2381 2398 1010
    1010 1010 2349 2349 2365 2349 2349 2349 2349 2349 2333 2333 2333
    2333 2349 2365 2381 2381 1010 1010 1013 1013 1013 2365 2365 2349
    2349 2349 2333 2333 2333 2333 2333 2349 2365 2365 2381 1016 1016
    1013 1013 1010 1007 1007 2349 2349 2349 2333 2333 2333 2333 2301
    2301 2365 2365 2381 1022 1019 1016 1013 1010 1007 1007 1004 1001 998
    998 2333 2333 2333 2301 2301 2381 2381 2381 1025 1022 1019 1016 1013
    1010 1007 1004 1001 998 998 995 995 995 2349 2349 2381 2381 2398</data></Depth18577>
</opencv_storage>
