<?xml version="1.0"?>
<opencv_storage>
<Depth4715 type_id="opencv-matrix">
  <rows>60</rows>
  <cols>16</cols>
  <dt>w</dt>
  <data>
    3994 3994 2467 2467 2467 2467 2467 2450 2450 2883 2883 2883 2883
    2883 2859 2349 3994 2467 2467 2467 2467 2467 2450 2450 2883 2883
    2883 2859 2859 2835 2835 2835 2522 2467 2467 2467 2467 2450 2450
    2450 2883 2859 2859 2859 2859 2812 2767 2767 2522 2485 2485 2467
    2450 2450 2450 2859 2859 2859 2835 2835 2859 2812 2767 2767 2522
    2503 2485 2467 2450 2450 2859 2859 2859 2835 2835 2812 2812 2812
    2767 2767 2503 2503 2467 2467 2467 2835 2859 2859 2859 2812 2812
    2812 2812 2812 2812 0 2503 2485 2467 2467 2835 2835 2835 2859 2859
    2812 2812 2812 2812 2789 2789 0 2503 2485 2485 2859 2835 2835 2835
    2859 2835 2835 2835 2812 2812 2789 2789 0 2485 2485 2485 2835 2812
    2812 2812 2812 2835 2835 2835 2812 2812 2789 2789 0 2485 2485 2485
    2835 2812 2812 2812 2812 2835 2835 2812 2812 2812 2789 2789 0 2485
    2485 2859 2859 2835 2835 2812 2812 2812 2812 2812 2812 2812 2789
    2789 0 2503 2859 2859 2859 2835 2812 2812 2789 2789 2789 2789 2789
    2789 2789 2767 2767 2958 2859 2859 2859 2835 2812 2789 2789 2789
    2789 2789 2789 2789 2789 2767 2767 2958 2883 2859 2835 2812 2789
    2789 2789 2789 2789 2789 2789 2789 2767 2744 2744 3903 2859 2859
    2835 2812 2789 2789 2789 2789 2789 2789 2767 2767 2744 2744 2744
    3859 2859 2859 2812 2812 2789 2789 2789 2789 2767 2767 2767 2744
    2723 2723 2723 3859 2835 2812 2812 2789 2789 2789 2789 2789 2767
    2767 2767 2744 2723 2723 2723 3859 2835 2812 2789 2767 2767 2789
    2789 2767 2767 2767 2767 2744 2723 2723 2723 3903 2859 2812 2767
    2767 2767 2789 2767 2767 2767 2767 2744 2744 2744 2723 2723 3859
    2859 2812 2744 2744 2744 2767 2767 2767 2767 2767 2744 2744 2744
    2744 0 2812 2812 2789 2744 2744 2744 2767 2767 2767 2744 2744 2744
    2744 2744 2744 0 2789 2789 2767 2767 2744 2744 2767 2767 2767 2744
    2744 2744 2744 2723 2723 0 2767 2767 2767 2767 2767 2767 2744 2744
    2723 2723 2723 2744 2723 2701 2701 0 2767 2767 2789 2767 2767 2767
    2723 2723 2723 2701 2701 2723 2701 2701 2701 0 2789 2789 2767 2744
    2723 2723 2723 2723 2701 2701 2701 2701 2701 2701 2701 0 2767 2767
    2767 2744 2723 2723 2723 2701 2701 2701 2701 2701 2680 2680 2680 0
    2767 2767 2789 2744 2723 2701 2701 2701 2701 2701 2701 2701 2680
    2680 2680 0 2744 2744 2789 2744 2701 2701 2701 2701 2701 2701 2701
    2701 2680 2659 2659 0 2744 2744 2789 2723 2701 2701 2701 2701 2701
    2701 2701 2701 2680 2659 2659 0 3732 2789 2767 2701 2701 2701 2701
    2701 2701 2701 2701 2701 2680 2659 2659 0 3732 2789 2701 2680 2680
    2680 2680 2701 2701 2701 2701 2680 2680 2659 2618 2618 3732 2789
    2680 2659 2659 2680 2680 2701 2701 2701 2701 2680 2680 2659 2618
    2618 3774 2789 2680 2659 2659 2680 2680 2680 2680 2680 2680 2680
    2680 2659 2639 2639 3774 2789 2680 2659 2659 2680 2680 2680 2680
    2680 2680 2680 2680 2659 2659 2639 2789 2789 2680 2659 2659 2680
    2680 2680 2680 2680 2680 2680 2680 2680 2659 2639 2789 2789 2701
    2680 2680 2680 2680 2680 2680 2680 2680 2680 2680 2680 2659 2639
    3614 2767 2701 2680 2680 2659 2659 2659 2659 2659 2680 2680 2659
    2659 2680 2680 2789 2767 2701 2680 2680 2659 2659 2659 2659 2659
    2659 2659 2659 2639 2639 0 2767 2723 2701 2680 2680 2659 2659 2659
    2659 2659 2659 2639 2639 2618 2618 0 2767 2723 2701 2680 2680 2659
    2659 2659 2659 2659 2659 2639 2639 2618 2618 2618 2767 2680 2639
    2639 2639 2659 2659 2659 2659 2639 2639 2639 2618 2618 2598 2541
    3576 2680 2639 2618 2618 2639 2659 2659 2659 2639 2639 2639 2618
    2618 2598 2541 3576 3576 2639 2618 2618 2639 2639 2639 2659 2639
    2639 2639 2618 2618 2598 2598 2680 2659 2639 2618 2618 2639 2639
    2639 2639 2639 2639 2618 2618 2618 2579 2579 2659 2659 2639 2639
    2639 2639 2639 2639 2639 2618 2618 2618 2618 2618 2579 2579 2659
    2680 2659 2639 2618 2618 2618 2618 2618 2618 2618 2618 2618 2618
    2579 2579 2659 2659 2659 2639 2618 2618 2618 2618 2618 2618 2618
    2618 2618 2618 2618 0 2659 2659 2618 2618 2618 2618 2618 2618 2618
    2618 2618 2618 2618 2618 2618 0 2659 2659 2618 2618 2618 2618 2618
    2618 2618 2618 2618 2598 2598 2598 2598 0 2659 2659 2618 2618 2618
    2618 2618 2618 2618 2618 2618 2598 2598 2598 2598 0 2659 2659 2639
    2618 2618 2618 2618 2618 2618 2618 2618 2618 2618 2598 2598 0 2659
    2659 2639 2639 2598 2598 2598 2618 2618 2618 2618 2618 2618 2598
    2579 2579 2680 2659 2639 2598 2598 2598 2598 2598 2598 2598 2618
    2618 2618 2598 2541 2541 2680 2659 2639 2598 2598 2598 2579 2579
    2598 2598 2618 2618 2618 2598 2541 2541 2680 2639 2598 2560 2560
    2560 2579 2579 2598 2598 2598 2598 2598 2598 2560 2560 2680 2618
    2598 2560 2560 2560 2598 2598 2598 2598 2598 2598 2598 2598 2560
    2560 2659 2618 2579 2560 2560 2560 2579 2598 2598 2598 2598 2598
    2579 2579 2560 2560 2639 2618 2579 2560 2560 2560 2579 2598 2598
    2598 2598 2598 2579 2560 2541 2541 2639 2618 2579 2579 2579 2579
    2598 2598 2598 2598 2598 2598 2598 2560 2541 2541 2639 2618 2598
    2598 2579 2579 2598 2598 2598 2598 2598 2598 2598 2560 2541 2541</data></Depth4715>
</opencv_storage>
