<?xml version="1.0"?>
<opencv_storage>
<Depth7303 type_id="opencv-matrix">
  <rows>64</rows>
  <cols>26</cols>
  <dt>w</dt>
  <data>
    3614 3653 3653 3692 3692 3692 3774 3774 1926 1915 1915 3816 1970
    1959 1959 1947 1947 4463 4405 4405 4405 4405 4405 4405 4405 4405
    3614 3614 1970 1970 1959 1959 1936 1936 1926 1915 1915 1970 1970
    1959 1959 1947 1947 1947 4405 4405 4405 4405 4405 4405 4405 4405
    3653 1970 1970 1970 1959 1959 1959 1936 1936 1926 1926 1970 1970
    1970 1959 1959 1959 1970 4405 4405 4405 4405 4405 4405 4405 4349
    3692 1970 1970 1959 1959 1959 1959 1959 1947 1947 1959 1959 1970
    1970 1970 1970 1970 1970 1970 4405 4405 4405 4405 4405 4349 4349
    3732 1993 1970 1959 1947 1947 1947 1959 1959 1959 1959 1959 1959
    1959 1970 1970 1970 1970 1970 4349 4349 4349 4349 4349 4349 4349
    2103 1993 1970 1959 1947 1947 1947 1959 1959 1959 1959 1959 1959
    1959 1959 1959 1959 1959 1959 4349 4349 4349 4349 4349 4349 4349
    2053 2016 1981 1959 1947 1947 1947 1959 1959 1959 1959 1959 1959
    1959 1959 1959 1959 1959 1959 1959 4349 4349 4349 4349 4349 4349
    2053 2028 1993 1970 1947 1947 1947 1947 1947 1959 1959 1959 1959
    1959 1959 1959 1959 1959 1959 1959 4349 4349 4349 4349 4349 4349
    2053 2040 1993 1959 1947 1947 1947 1947 1947 1959 1959 1959 1947
    1947 1947 1959 1959 1959 1959 1959 4349 4349 4349 4349 4349 4349
    2065 2053 1993 1959 1947 1936 1936 1947 1947 1947 1947 1947 1947
    1947 1947 1947 1947 1947 1959 1959 4349 4349 4349 4349 4349 4349
    2090 2078 1993 1959 1947 1936 1936 1936 1936 1947 1936 1936 1936
    1936 1947 1947 1947 1947 1947 1947 4349 4349 4349 4349 4349 4349
    2116 2090 1993 1959 1947 1936 1936 1936 1936 1936 1936 1936 1936
    1936 1947 1947 1947 1947 1947 1947 4349 4349 4349 4349 4349 4295
    2116 2078 2078 1959 1947 1936 1936 1936 1936 1936 1936 1936 1936
    1936 1936 1936 1936 1936 1947 1959 4349 4349 4349 4349 4349 4295
    2078 2078 2078 1970 1947 1936 1936 1936 1936 1947 1936 1936 1936
    1936 1936 1936 1936 1936 1936 1947 1947 4349 4349 4349 4349 4295
    2078 2078 2053 1970 1947 1947 1936 1936 1947 1947 1947 1936 1936
    1936 1936 1936 1936 1936 1936 1936 1936 4349 4349 4349 4349 4295
    2090 2090 2053 1981 1947 1947 1947 1947 1947 1936 1936 1936 1936
    1936 1936 1936 1936 1936 1926 1926 1926 4349 4349 4349 4349 4295
    2116 2090 2065 1981 1947 1947 1947 1947 1936 1936 1936 1936 1936
    1936 1936 1936 1936 1936 1926 1926 1926 4405 4349 4349 4349 4295
    2116 2090 2065 2053 1959 1947 1947 1947 1936 1936 1936 1936 1936
    1936 1936 1936 1936 1936 1936 1936 1936 4405 4405 4349 4349 4349
    3614 2090 2065 2040 1959 1947 1936 1936 1936 1936 1936 1936 1936
    1936 1936 1936 1936 1936 1936 1936 1936 4405 4405 4405 4349 4349
    3614 2090 2065 2040 1981 1947 1936 1936 1936 1936 1936 1936 1936
    1936 1936 1936 1936 1936 1936 1936 1936 1936 4405 4405 4405 4349
    3614 3614 2065 2028 1981 1947 1936 1936 1936 1936 1936 1936 1936
    1936 1936 1936 1936 1936 1936 1936 1936 1936 4405 4405 4405 4349
    3614 3614 2016 2016 1981 1947 1936 1936 1936 1936 1936 1936 1936
    1936 1936 1936 1936 1936 1936 1936 1936 1936 4349 4349 4349 4349
    3576 2129 2116 2016 1981 1947 1936 1936 1936 1936 1936 1936 1936
    1936 1936 1936 1936 1936 1936 1926 1926 1926 4349 4349 4349 4349
    3576 2129 2116 2016 1981 1936 1936 1936 1936 1936 1936 1936 1936
    1936 1936 1936 1936 1936 1936 1926 1926 1926 4349 4349 4349 4349
    3614 2129 2116 2103 1981 1936 1936 1926 1926 1936 1936 1936 1936
    1936 1936 1936 1936 1936 1936 1926 1926 1926 4349 4295 4295 4349
    3653 2129 2116 2103 1981 1947 1936 1926 1926 1926 1936 1936 1926
    1926 1936 1936 1936 1936 1936 1926 1926 1926 4349 4295 4295 4349
    3653 2129 2116 2103 1981 1947 1936 1926 1926 1926 1926 1926 1926
    1926 1936 1936 1936 1926 1926 1926 1926 1926 1926 4295 4295 4349
    3614 2129 2116 2103 2053 1959 1936 1926 1926 1926 1926 1926 1926
    1926 1936 1936 1936 1926 1926 1926 1926 1926 1947 4295 4295 4295
    3614 3614 2129 2103 2053 1959 1936 1926 1926 1926 1926 1926 1926
    1926 1926 1936 1936 1936 1936 1936 1936 1936 1936 1936 4295 4295
    3614 3614 2116 2090 2053 1970 1936 1936 1926 1926 1926 1926 1926
    1926 1926 1936 1936 1936 1936 1936 1926 1926 1936 1936 4295 4295
    3614 3614 2116 2078 2053 1981 1947 1936 1926 1926 1926 1926 1926
    1926 1936 1936 1936 1936 1926 1926 1926 1926 1926 1926 4295 4295
    3653 3653 2116 2078 2053 1981 1947 1936 1936 1926 1926 1926 1926
    1926 1926 1926 1926 1926 1926 1926 1926 1915 1915 1915 4295 4295
    3653 3692 3692 2065 2053 1981 1947 1936 1936 1926 1926 1926 1926
    1926 1926 1926 1926 1926 1926 1926 1926 1915 1915 1915 4295 4295
    3653 3653 3692 2065 2040 1970 1936 1936 1926 1926 1936 1926 1926
    1926 1926 1926 1926 1926 1926 1926 1926 1926 1926 1926 4295 4295
    3653 3653 3653 2065 2040 1970 1936 1936 1926 1926 1936 1926 1926
    1926 1926 1926 1926 1926 1926 1926 1926 1926 1926 1926 4295 4295
    3653 3653 3653 1981 1981 1970 1947 1936 1936 1936 1926 1926 1926
    1926 1926 1926 1926 1926 1926 1926 1926 1926 1936 1936 4349 4349
    3653 3653 3653 2116 1981 1970 1959 1936 1926 1926 1926 1926 1926
    1926 1926 1926 1926 1926 1926 1926 1926 1926 1936 1936 4295 4295
    3653 3653 3653 2116 2103 1981 1970 1936 1926 1926 1926 1926 1926
    1926 1926 1926 1926 1926 1926 1926 1926 1926 1936 1936 4295 4295
    3614 3653 3653 2129 2103 2090 1970 1936 1926 1926 1926 1926 1926
    1926 1926 1926 1926 1926 1926 1926 1915 1915 1926 1926 4295 4295
    3614 3653 3653 2129 2103 2078 1970 1936 1926 1926 1926 1926 1926
    1926 1926 1926 1926 1926 1926 1926 1915 1915 1926 1936 1936 4405
    3614 3614 3614 2129 2103 2078 1970 1936 1926 1926 1926 1926 1926
    1926 1926 1926 1926 1926 1926 1926 1915 1915 1915 1936 1936 4295
    3614 3614 3614 3614 2065 1970 1970 1936 1926 1926 1926 1926 1926
    1926 1926 1915 1915 1926 1926 1915 1915 1904 1904 1926 1926 4241
    3614 3614 3614 0 2065 2065 2016 1936 1926 1926 1926 1926 1926 1926
    1926 1915 1915 1926 1926 1915 1915 1904 1904 1926 1926 4241 3614
    3653 3653 3692 2065 2065 2016 1936 1926 1926 1915 1915 1915 1926
    1926 1926 1926 1926 1926 1915 1915 1904 1904 1926 1926 4295 3614
    3653 3692 3692 0 2053 2028 1947 1926 1926 1915 1915 1915 1915 1926
    1926 1926 1926 1926 1915 1915 1904 1904 1915 1915 4295 3614 3653
    3692 0 0 2053 2028 1947 1926 1915 1915 1915 1915 1915 1915 1926 1926
    1926 1926 1915 1915 1904 1904 1915 1915 4463 3614 3653 0 3653 0 2028
    2028 1959 1926 1915 1904 1904 1904 1915 1915 1915 1915 1915 1915
    1915 1904 1904 1904 1904 1904 4463 3614 3653 0 0 0 1926 0 0 1926
    1915 1904 1904 1904 1904 1904 1904 1904 1915 1915 1904 1904 1904
    1904 1904 1904 1904 3539 3539 0 0 0 0 0 1926 1926 1926 1915 1904
    1904 1904 1904 1904 1904 1904 1904 1904 1904 1904 1904 1904 1904
    4295 3539 3539 0 0 0 0 0 1926 1926 1915 1904 1904 1904 1894 1894
    1894 1904 1904 1904 1904 1904 1904 1894 1894 1894 4295 3576 3576 0 0
    0 0 0 1936 1926 1915 1904 1904 1904 1894 1894 1894 1904 1904 1904
    1904 1904 1904 1894 1894 1894 4295 3614 3614 0 0 0 0 0 1926 1904
    1904 1904 1904 1904 1904 1894 1894 1904 1904 1904 1904 1904 1904
    1904 4190 4241 4241 3614 3614 0 0 0 0 0 1926 1904 1894 1894 1904
    1904 1904 1894 1894 1894 1904 1915 2016 3816 3816 4041 4041 4190
    4190 3653 3653 0 0 0 0 0 0 0 1894 1894 1904 1904 1904 1894 1894 1894
    1904 2016 2016 3948 3948 4041 4041 4190 4190 3653 3653 0 0 0 0 0 0 0
    1970 1970 1970 2005 2005 2065 2065 2065 2053 2028 2028 2028 3994
    4089 4089 4241 4190 3653 3653 0 0 0 0 0 0 0 0 1981 1981 2005 2005
    2028 2053 2053 2040 2028 2028 2028 2028 2016 4241 4241 4190 3653
    3653 0 0 0 0 0 0 0 1981 1981 1981 2005 2016 2028 2028 2028 2028 2028
    2028 2028 2016 2016 2016 2016 4241 3653 3653 3653 0 0 0 0 2028 2028
    2028 1993 1993 1993 2005 2016 2005 1993 1993 1993 2005 2005 1981
    1981 1981 1981 1981 3653 3614 3614 0 0 2028 2016 2016 2016 2005 1981
