<?xml version="1.0"?>
<opencv_storage>
<Depth0928 type_id="opencv-matrix">
  <rows>40</rows>
  <cols>61</cols>
  <dt>w</dt>
  <data>
    3692 3653 3653 3653 1804 1804 1794 1794 1804 1804 1804 1804 1794
    1794 1794 1794 1794 1794 1804 1804 1804 1794 1794 1794 1794 1794
    1794 1794 1794 1785 1785 3692 1785 1785 1794 1794 1804 1804 1794
    1785 1785 1785 1785 1785 3692 4349 4295 4295 4295 4295 4349 4405
    4349 4349 4349 4349 4349 4349 4295 4295 4295 3692 3692 3692 1804
    1804 1804 1794 1794 1804 1804 1804 1794 1794 1794 1785 1785 1785
    1785 1794 1804 1804 1794 1785 1785 1785 1785 1794 1794 1794 1785
    1785 1794 1785 1785 1794 1794 1794 1794 1785 1785 1785 1785 1785
    1785 1785 1785 4295 4295 4295 4295 4295 4349 4349 4295 4295 4349
    4349 4349 4295 4295 4295 3692 3692 1804 1804 1804 1804 1794 1794
    1804 1794 1794 1794 1794 1794 1785 1785 1785 1785 1794 1794 1794
    1785 1785 1785 1776 1776 1785 1785 1794 1794 1794 1794 1794 1785
    1785 1785 1794 1794 1785 1785 1785 1785 1785 1785 1785 1785 1776
    1776 1776 1776 1776 1766 1766 1776 4295 4349 4295 4295 4295 4241
    4241 3692 3692 3692 1804 1804 1804 1794 1794 1804 1794 1794 1794
    1794 1794 1794 1785 1785 1785 1794 1794 1794 1785 1785 1785 1776
    1776 1785 1785 1785 1785 1785 1785 1785 1776 1776 1776 1785 1785
    1785 1785 1785 1785 1785 1785 1785 1776 1776 1776 1776 1776 1776
    1766 1766 1776 1776 1776 1776 4295 4295 4190 4190 3692 3692 3692
    1813 1804 1804 1804 1804 1804 1794 1794 1794 1794 1794 1785 1785
    1785 1785 1785 1785 1785 1785 1785 1785 1776 1776 1776 1776 1785
    1785 1785 1785 1785 1776 1776 1776 1776 1785 1785 1785 1785 1785
    1776 1776 1776 1776 1776 1776 1776 1776 1776 1776 1785 1776 1776
    1776 1776 1776 1776 4190 3994 3732 3732 1804 1804 1794 1794 1794
    1794 1794 1794 1785 1785 1785 1785 1785 1785 1776 1776 1785 1785
    1776 1776 1785 1785 1785 1776 1776 1776 1776 1776 1776 1776 1776
    1776 1776 1776 1776 1776 1776 1776 1776 1776 1776 1776 1776 1776
    1776 1776 1776 1776 1776 1776 1776 1776 1776 1776 1776 1776 1776
    3859 3859 3692 3732 1804 1804 1794 1785 1785 1794 1794 1794 1785
    1785 1785 1785 1785 1776 1776 1776 1776 1776 1776 1776 1776 1776
    1776 1776 1776 1776 1776 1776 1776 1776 1776 1776 1776 1776 1776
    1776 1776 1776 1776 1776 1776 1776 1776 1776 1776 1776 1776 1776
    1776 1776 1776 1766 1766 1766 1776 1776 3859 3859 3859 3732 3732
    1785 1785 1785 1776 1776 1785 1785 1785 1785 1776 1776 1776 1776
    1776 1776 1776 1776 1776 1776 1776 1776 1776 1776 1776 1776 1776
    1776 1776 1776 1776 1776 1776 1776 1776 1776 1776 1776 1766 1766
    1776 1776 1776 1776 1776 1776 1776 1776 1776 1776 1776 1776 1766
    1766 1766 1776 1776 3859 3859 3859 3732 3732 1776 1776 1785 1776
    1776 1785 1785 1785 1785 1776 1776 1776 1776 1776 1776 1776 1776
    1776 1776 1776 1776 1776 1776 1776 1776 1776 1776 1776 1776 1776
    1776 1776 1776 1776 1776 1766 1766 1766 1766 1766 1776 1776 1776
    1776 1776 1776 1776 1776 1776 1766 1766 1766 1766 1766 1776 1776
    3859 3859 3859 3732 3732 1776 1776 1776 1776 1776 1776 1776 1776
    1776 1776 1776 1776 1776 1776 1776 1776 1776 1776 1776 1776 1776
    1776 1776 1776 1776 1766 1766 1766 1766 1776 1776 1776 1776 1766
    1766 1766 1766 1766 1766 1766 1766 1776 1776 1766 1766 1776 1776
    1776 1766 1766 1766 1766 1766 1766 1776 1776 3859 3859 3816 3774
    3774 1776 1776 1776 1776 1776 1776 1776 1776 1776 1776 1776 1776
    1776 1776 1776 1776 1776 1776 1776 1776 1776 1776 1776 1766 1766
    1766 1766 1766 1766 1766 1776 1776 1776 1766 1766 1766 1766 1766
    1766 1766 1766 1766 1766 1766 1766 1766 1766 1766 1766 1766 1766
    1766 1766 1766 1776 1776 3859 3859 3816 3732 1776 1776 1776 1776
    1776 1776 1776 1766 1766 1766 1776 1776 1776 1776 1766 1766 1766
    1766 1766 1766 1766 1757 1757 1766 1766 1766 1766 1766 1766 1766
    1766 1766 1766 1766 1766 1766 1766 1757 1757 1766 1766 1766 1766
    1766 1766 1766 1766 1766 1766 1766 1757 1757 1757 1757 1757 1766
    1776 1776 3859 3816 3732 1766 1766 1776 1776 1776 1766 1766 1766
    1766 1766 1766 1766 1766 1766 1766 1766 1766 1766 1766 1766 1766
    1757 1757 1757 1757 1757 1766 1766 1766 1766 1766 1766 1766 1766
    1766 1766 1766 1757 1757 1766 1766 1766 1766 1766 1766 1757 1757
    1757 1757 1757 1757 1757 1757 1757 1757 1766 1766 1766 3816 3816
    3732 1766 1766 1766 1776 1766 1766 1766 1766 1766 1766 1766 1766
    1766 1766 1766 1766 1766 1766 1766 1766 1757 1757 1757 1757 1757
    1757 1757 1766 1766 1766 1766 1766 1766 1766 1766 1766 1766 1757
    1757 1766 1766 1766 1766 1766 1766 1757 1757 1757 1757 1757 1757
    1757 1757 1757 1766 1766 1766 1766 3816 3816 3732 1766 1766 1766
    1766 1766 1766 1766 1766 1766 1766 1766 1766 1766 1766 1766 1766
    1766 1757 1757 1757 1757 1757 1748 1748 1748 1748 1748 1757 1757
    1757 1757 1757 1757 1757 1757 1757 1757 1757 1757 1757 1766 1766
    1766 1766 1766 1766 1766 1766 1757 1757 1757 1757 1748 1748 1757
    1757 1757 1757 3816 3774 3732 1766 1766 1766 1766 1766 1766 1766
    1766 1766 1766 1757 1757 1757 1766 1766 1766 1757 1757 1757 1757
    1757 1757 1748 1748 1748 1748 1748 1757 1757 1757 1757 1757 1757
    1757 1757 1757 1757 1757 1757 1757 1757 1757 1757 1766 1766 1757
    1757 1757 1757 1757 1748 1748 1748 1748 1757 1757 1757 1776 1776
    3576 3774 1766 1766 1766 1766 1766 1766 1766 1766 1766 1766 1757
    1757 1757 1757 1757 1748 1748 1757 1757 1757 1757 1757 1757 1757
    1757 1757 1757 1757 1748 1748 1748 1748 1757 1757 1757 1748 1748
    1748 1757 1757 1757 1757 1757 1757 1757 1757 1748 1748 1748 1757
    1748 1748 1739 1739 1748 1757 1757 1776 1776 3503 1766 1766 1766
    1766 1766 1766 1766 1766 1766 1766 1766 1757 1757 1748 1748 1748
    1748 1748 1748 1748 1757 1757 1757 1757 1757 1757 1757 1757 1748
    1748 1739 1739 1748 1748 1748 1748 1748 1748 1748 1748 1748 1757
    1748 1748 1748 1748 1748 1748 1748 1748 1748 1748 1748 1739 1739
    1739 1748 1757 1757 3503 3503 1766 1766 1766 1766 1766 1766 1766
    1766 1766 1757 1757 1757 1748 1748 1748 1748 1748 1748 1748 1748
    1748 1748 1748 1748 1757 1757 1748 1748 1748 1748 1739 1739 1739
    1748 1748 1748 1739 1739 1748 1748 1748 1748 1748 1748 1748 1748
    1739 1739 1739 1739 1748 1739 1739 1739 1739 1739 1748 0 3503 3503
    3503 1766 1766 1766 1766 1766 1766 1766 1757 1757 1748 1748 1748
    1748 1748 1748 1748 1748 1748 1748 1748 1748 1748 1748 1748 1757
    1748 1748 1748 1739 1739 1739 1739 1739 1739 1739 1739 1739 1739
    1739 1748 1748 1748 1748 1748 1739 1739 1739 1739 1739 1739 1739
    1739 1739 1739 1739 1739 1748 0 0 0 0 1757 1757 1757 1757 1766 1766
    1766 1757 1748 1748 1748 1748 1748 1748 1748 1748 1748 1748 1739
    1739 1739 1739 1739 1748 1748 1748 1739 1739 1739 1739 1739 1739
    1739 1739 1739 1739 1739 1739 1739 1748 1748 1748 1739 1739 1739
    1739 1739 1739 1739 1739 1739 1739 1739 1739 1739 1739 1748 0 0 0 0
    1748 1748 1748 1757 1757 1757 1757 1748 1748 1748 1739 1739 1739
    1739 1739 1739 1739 1739 1739 1739 1739 1739 1739 1739 1739 1739
    1739 1739 1739 1739 1739 1739 1739 1739 1739 1739 1739 1739 1739
    1739 1739 1748 1739 1739 1739 1739 1739 1739 1739 1739 1739 1739
    1739 1739 1739 1739 1748 0 0 0 0 1739 1739 1739 1748 1748 1748 1748
    1748 1748 1739 1739 1739 1739 1739 1739 1739 1739 1739 1739 1739
    1739 1739 1739 1739 1739 1739 1739 1739 1739 1739 1739 1739 1739
    1739 1739 1739 1739 1739 1739 1739 1739 1739 1739 1739 1739 1739
    1739 1739 1739 1739 1739 1739 1739 1739 1739 1739 1739 0 0 0 0 1739
    1739 1739 1748 1748 1748 1739 1739 1739 1739 1739 1739 1739 1739
    1739 1739 1739 1739 1739 1739 1739 1739 1739 1739 1739 1739 1739
    1739 1739 1739 1739 1739 1739 1739 1739 1739 1739 1739 1739 1739
    1739 1739 1739 1739 1739 1731 1731 1731 1739 1739 1739 1739 1739
    1731 1731 1731 1739 0 0 0 0 1766 1748 1748 1748 1748 1748 1739 1739
    1739 1739 1739 1739 1739 1739 1739 1739 1739 1739 1739 1739 1739
