<?xml version="1.0"?>
<opencv_storage>
<Depth9934 type_id="opencv-matrix">
  <rows>42</rows>
  <cols>85</cols>
  <dt>w</dt>
  <data>
    3399 3399 3365 1713 1713 1713 1705 1705 1705 1705 1705 1705 1705
    1696 1696 1696 1696 1696 1696 1688 1688 1688 1688 1688 1680 1680
    1680 1680 1680 1680 1680 1680 1671 1671 3269 3269 3300 1671 1663
    1663 1663 1655 1655 1655 1655 1655 1655 1647 1647 1655 1655 1647
    1647 3208 3208 1632 1632 1632 1639 1639 3178 3178 3208 3208 3208
    3178 3178 3149 3149 3092 3092 3092 3064 3037 3037 3037 3037 3037
    3064 3092 3120 3120 3120 3120 3120 1713 1705 1705 1705 1705 1705
    1705 1705 1705 1705 1705 1696 1696 1696 1696 1688 1688 1688 1688
    1688 1688 1688 1688 1680 1680 1680 1680 1680 1680 1671 1671 1671
    1671 1671 1663 1663 1663 1663 1663 1655 1655 1655 1655 1655 1655
    1655 1655 1647 1647 1647 1655 1647 1647 1647 1639 1632 1632 1632
    1639 1639 1639 3208 3208 3208 3208 3178 3178 3149 3149 3120 3092
    3092 3064 3037 3037 3037 3092 3092 3092 3092 3120 3120 3120 3120
    3120 1688 1688 1688 1680 1680 1688 1688 1688 1688 1688 1696 1688
    1688 1688 1688 1688 1688 1688 1688 1688 1688 1680 1680 1680 1680
    1663 1663 1663 1663 1671 1663 1663 1655 1655 1655 1655 1655 1655
    1655 1655 1655 1655 1655 1647 1647 1647 1655 1655 1647 1647 1655
    1647 1639 1639 1639 1639 1639 1639 1632 1632 1632 3208 3208 3208
    3208 3178 3178 3149 3149 3120 3120 3092 3064 3037 3037 3037 3092
    3092 3120 3120 3120 3120 3120 3120 3120 1680 1680 1680 1680 1680
    1680 1680 1680 1671 1671 1680 1688 1688 1680 1680 1680 1680 1680
    1680 1680 1680 1671 1671 1671 1671 1663 1663 1663 1663 1663 1663
    1655 1655 1655 1655 1655 1655 1655 1647 1647 1647 1647 1647 1647
    1647 1647 1647 1647 1639 1639 1647 1639 1639 1632 1632 1624 1624
    1624 1624 1632 1632 3208 3208 3208 3208 3178 3178 3149 3120 3120
    3092 3092 3064 3037 3037 3037 3064 3092 3120 3120 3120 3120 3120
    3120 3120 1680 1680 1680 1680 1671 1671 1680 1671 1671 1671 1680
    1671 1671 1671 1671 1671 1680 1680 1680 1671 1663 1663 1663 1663
    1663 1655 1655 1655 1655 1655 1655 1655 1647 1647 1647 1647 1647
    1647 1647 1647 1647 1632 1632 1624 1624 1624 1639 1639 1639 1632
    1632 1632 1632 1624 1624 1624 1624 1624 1624 1624 3238 3238 3208
    3208 3208 3178 3120 3120 3120 3092 3092 3092 3064 3037 3010 3010
    3064 3092 3120 3120 3120 3120 3120 3120 3120 1671 1671 1671 1663
    1663 1671 1671 1663 1663 1663 1671 1663 1663 1655 1655 1663 1663
    1663 1655 1655 1647 1647 1655 1655 1655 1655 1655 1647 1647 1655
    1655 1655 1647 1639 1639 1647 1639 1639 1632 1632 1632 1624 1624
    1624 1624 1624 1632 1632 1632 1632 1632 1624 1624 1624 1616 1616
    1616 1616 1616 1616 3238 3238 3208 3208 3208 3178 3120 3092 3092
    3092 3092 3092 3064 3010 1564 1564 1564 1564 1564 3149 3178 3120
    3120 3120 3120 1671 1663 1663 1655 1655 1663 1671 1655 1655 1655
    1655 1655 1655 1655 1655 1655 1655 1655 1655 1647 1647 1647 1647
    1647 1647 1639 1639 1647 1647 1647 1647 1647 1647 1639 1639 1632
    1632 1632 1624 1624 1624 1616 1616 1616 1616 1616 1632 1632 1624
    1624 1624 1616 1616 1609 1609 1609 1609 1609 1609 1609 3238 3238
    3208 3208 3208 3208 3120 3092 3092 3064 3064 3092 3092 1579 1564
    1564 1564 1564 1564 1557 1557 3120 3120 3092 3092 1655 1655 1647
    1647 1655 1655 1655 1647 1647 1647 1655 1655 1647 1647 1647 1647
    1655 1647 1647 1647 1639 1639 1639 1639 1632 1624 1624 1632 1632
    1624 1624 1624 1624 1639 1632 1632 1624 1624 1624 1624 1624 1616
    1616 1616 1616 1616 1624 1624 1624 1624 1624 1616 1616 1601 1601
    1601 1601 1601 1601 1601 1601 3238 3208 3208 3208 3208 3149 3092
    3092 3064 3064 3064 1586 1579 1572 1572 1564 1564 1564 1557 1557
    1557 1557 1655 1655 1647 1647 1647 1647 1647 1647 1647 1647 1647
    1647 1647 1647 1647 1647 1647 1647 1647 1647 1639 1632 1632 1632
    1632 1624 1624 1616 1616 1624 1624 1624 1624 1624 1616 1616 1616
    1616 1616 1616 1616 1616 1616 1616 1616 1616 1616 1616 1624 1624
    1616 1616 1616 1609 1601 1601 1601 1601 1601 1594 1594 1601 1601
    3208 3208 3208 3208 3208 3149 3092 3092 3092 3092 1579 1579 1579
    1572 1564 1564 1564 1564 1564 1557 1557 1632 1639 1639 1647 1647
    1647 1647 1647 1647 1647 1639 1639 1639 1647 1647 1639 1639 1639
    1639 1639 1639 1632 1632 1632 1624 1624 1624 1616 1616 1616 1616
    1616 1624 1616 1616 1616 1616 1616 1609 1609 1601 1601 1601 1601
    1609 1609 1609 1609 1609 1609 1609 1601 1601 1609 1601 1601 1594
    1594 1594 1594 1586 1586 1594 1594 3208 3208 3208 3208 3208 3178
    3178 3178 3238 1601 1579 1579 1572 1564 1564 1564 1557 1557 1557
    1550 1550 1632 1632 1632 1647 1647 1647 1647 1639 1639 1639 1639
    1639 1639 1639 1639 1632 1632 1632 1632 1624 1624 1632 1624 1624
    1624 1624 1616 1616 1616 1616 1616 1616 1616 1616 1616 1609 1609
    1609 1609 1609 1594 1594 1594 1594 1601 1594 1594 1594 1594 1601
    1601 1594 1594 1601 1601 1601 1594 1594 1586 1586 1579 1579 1579
    1594 1594 3238 3238 3238 3238 3208 3208 3238 3238 1601 1594 1572
    1564 1564 1557 1557 1550 1550 1550 1543 1543 1632 1632 1624 1639
    1639 1639 1639 1639 1639 1639 1632 1632 1632 1632 1632 1632 1632
    1632 1624 1624 1624 1624 1624 1624 1624 1624 1616 1609 1609 1609
    1616 1616 1616 1616 1616 1609 1609 1609 1601 1601 1594 1594 1594
    1594 1594 1586 1586 1586 1586 1594 1594 1586 1586 1586 1579 1579
    1579 1594 1586 1586 1572 1572 1572 1572 1594 1594 3269 3238 3238
    3238 3238 3238 1594 1594 1586 1564 1564 1557 1550 1550 1550 1543
    1536 1536 1536 1639 1632 1616 1639 1639 1639 1632 1632 1632 1632
    1624 1624 1624 1624 1624 1624 1624 1624 1616 1616 1616 1616 1616
    1624 1624 1616 1616 1609 1609 1609 1609 1609 1609 1609 1609 1601
    1601 1601 1594 1594 1594 1594 1586 1586 1586 1586 1586 1579 1579
    1586 1586 1579 1579 1579 1572 1572 1572 1572 1572 1572 1572 1572
    1572 1572 1579 1579 1594 3269 1601 1579 1564 1564 1586 1594 1586
    1564 1557 1557 1550 1543 1536 1536 1529 1529 1529 1529 1632 1616 0
    1632 1632 1624 1624 1616 1616 1616 1616 1616 1616 1616 1616 1616
    1616 1609 1609 1601 1601 1601 1609 1616 1609 1594 1594 1594 1594
    1601 1601 1601 1594 1594 1594 1594 1594 1594 1594 1586 1586 1586
    1586 1586 1579 1579 1579 1579 1579 1572 1572 1572 1572 1572 1572
    1572 1572 1572 1572 1572 1572 1572 1564 1557 1557 1586 1586 1601
    1579 1564 1564 1586 1594 1594 1572 1557 1550 1543 1543 1536 1536
    1529 1523 1523 1536 1536 1616 0 1624 1624 1616 1616 1616 1616 1609
    1609 1616 1616 1616 1616 1616 1609 1609 1601 1601 1594 1594 1601
    1601 1601 1594 1594 1594 1594 1594 1594 1594 1594 1594 1594 1586
    1586 1586 1579 1579 1579 1579 1579 1572 1572 1572 1564 1564 1572
    1564 1564 1564 1564 1564 1564 1564 1564 1564 1564 1564 1564 1564
    1557 1550 1543 1543 1550 1586 1586 1586 1594 1594 1594 1594 1579
    1557 1543 1536 1536 1529 1529 1529 1516 1516 1529 1529 0 0 1616 1616
    1616 1616 1609 1609 1601 1601 1601 1601 1601 1601 1601 1601 1594
    1594 1594 1594 1594 1594 1594 1594 1594 1594 1594 1594 1586 1586
    1586 1586 1586 1586 1586 1586 1579 1572 1572 1572 1579 1579 1564
    1564 1564 1557 1557 1564 1564 1564 1564 1557 1557 1564 1564 1564
    1557 1557 1557 1557 1557 1550 1550 1536 1536 1543 1543 1586 1586
    1594 1616 1616 1601 1579 1557 1543 1529 1529 1529 1523 1523 1516
    1516 1523 1523 0 0 1616 1616 1609 1609 1609 1601 1601 1594 1594 1601
    1594 1594 1594 1594 1594 1594 1594 1594 1594 1594 1586 1586 1586
    1586 1586 1579 1579 1579 1579 1586 1579 1579 1572 1572 1564 1564
    1564 1564 1564 1564 1557 1557 1557 1557 1557 1564 1564 1564 1557
    1557 1550 1550 1550 1550 1550 1550 1550 1550 1557 1543 1543 1536
    1536 1543 1543 1543 1624 1624 1624 1616 1594 1579 1557 1543 1529
    1529 1523 1516 1516 1516 1516 1509 1509 1509 0 1609 1609 1601 1601
    1601 1594 1586 1586 1586 1594 1594 1594 1594 1594 1594 1594 1594
    1586 1586 1586 1586 1586 1579 1579 1579 1579 1579 1572 1572 1579
