<?xml version="1.0"?>
<opencv_storage>
<Depth1926 type_id="opencv-matrix">
  <rows>33</rows>
  <cols>17</cols>
  <dt>w</dt>
  <data>
    2958 2933 2908 2908 2883 1993 1970 1970 1981 1993 1993 1993 1993
    1993 1993 1853 1853 2933 2933 2908 2908 2883 2883 1970 1970 1981
    1993 1993 1993 1993 1993 1993 1853 1853 2933 2933 2908 2883 2883
    2883 2883 2883 1993 1993 1993 1993 1993 1993 0 0 0 2933 2908 2908
    2883 2883 2883 2883 2883 2883 2883 1993 1993 2005 2859 0 0 0 2933
    2908 2908 2883 2859 2859 2859 2859 2883 2883 2883 2883 2859 2859 0 0
    0 2933 2908 2883 2859 2859 2859 2859 2859 2859 2883 2883 2859 2859
    2859 0 0 0 2933 2908 2883 2859 2859 2859 2859 2859 2859 2859 2859
    2859 2859 2859 0 0 0 2908 2883 2883 2859 2835 2835 2859 2859 2859
    2859 2859 2835 2835 2812 2812 0 0 2908 2883 2859 2859 2835 2835 2859
    2859 2859 2835 2835 2835 2835 2812 2789 2744 2744 2883 2883 2859
    2859 2859 2859 2859 2859 2859 2835 2835 2835 2835 2812 2789 2744
    2744 2883 2883 2859 2859 2859 2859 2859 2859 2859 2835 2835 2835
    2835 2812 2789 2789 0 2883 2883 2859 2859 2859 2859 2859 2859 2835
    2835 2835 2835 2835 2812 2812 0 0 2883 2859 2859 2859 2859 2835 2835
    2835 2835 2835 2835 2835 2835 2812 2812 0 0 3692 2835 2835 2835 2835
    2835 2835 2835 2835 2835 2835 2835 2812 2812 2812 0 0 3692 2835 2835
    2835 2835 2835 2835 2835 2835 2835 2835 2835 2812 2812 2789 2723
    2723 3692 2835 2835 2835 2835 2835 2835 2835 2835 2835 2835 2812
    2812 2789 2767 2701 2659 3692 2859 2859 2835 2835 2812 2812 2835
    2835 2835 2812 2812 2812 2789 2767 2701 2659 2908 2859 2859 2835
    2812 2812 2812 2835 2835 2835 2812 2812 2812 2789 2767 2723 2723
    2908 2908 2883 2835 2812 2812 2812 2835 2835 2835 2812 2812 2812
    2789 2789 2789 2789 2933 2908 2883 2835 2812 2812 2812 2812 2812
    2835 2812 2812 2812 2789 2789 2789 2789 2933 2908 2883 2859 2812
    2812 2812 2812 2812 2835 2812 2812 2812 2789 2789 2767 2767 3816
    2908 2859 2859 2835 2812 2812 2812 2812 2812 2812 2812 2812 2789
    2789 2767 2767 3816 2883 2859 2859 2835 2812 2812 2812 2812 2812
    2812 2812 2812 2812 2812 2789 2767 3816 2883 2835 2835 2835 2812
    2812 2812 2812 2812 2812 2812 2812 2812 2812 2812 2812 3859 2908
    2835 2835 2835 2812 2812 2812 2812 2812 2812 2812 2812 2812 2812
    2812 0 3859 2883 2835 2835 2812 2812 2812 2812 2812 2812 2812 2835
    2835 2835 2812 2812 0 3859 2883 2835 2835 2812 2812 2812 2812 2812
    2812 2835 2812 2812 2812 2789 2789 0 3859 3859 2835 2835 2812 2812
    2812 2812 2812 2812 2812 2812 2812 2812 2789 2789 0 3859 3859 2859
    2835 2835 2812 2812 2812 2812 2812 2812 2812 2812 2789 2789 2744
    2744 3859 3859 2859 2835 2835 2812 2812 2812 2835 2812 2812 2812
    2812 2789 2767 2744 2744 3816 3816 2859 2835 2835 2812 2812 2812
    2812 2812 2812 2812 2812 2789 2767 2744 2744 3816 2933 2883 2859
    2835 2812 2812 2812 2812 2812 2812 2812 2812 2789 2767 2744 2744
    3816 2933 2883 2883 2859 2812 2812 2812 2812 2812 2812 2812 2812
    2789 2744 2744 2744</data></Depth1926>
</opencv_storage>
