<?xml version="1.0"?>
<opencv_storage>
<Depth14050 type_id="opencv-matrix">
  <rows>55</rows>
  <cols>50</cols>
  <dt>w</dt>
  <data>
    4405 4405 4405 4405 4405 4405 4405 4405 4405 4405 4405 4405 4405
    4463 4463 4463 4463 4405 4405 4405 4349 4349 4349 2040 2028 2005
    1993 1993 1993 4522 4522 4463 4405 4405 4349 4349 4349 4349 4405
    4405 4349 4349 4349 4349 4349 4349 4349 4405 4405 4405 4405 4405
    4405 4405 4405 4405 4405 4405 4405 4405 4405 4405 4405 4463 4463
    4463 4463 4405 4405 4405 4349 4349 2040 2040 2028 2016 2005 1993
    1993 1993 4522 4463 4405 4405 4349 4349 4405 4405 4405 4405 4405
    4405 4349 4349 4349 4349 4349 4405 4405 4405 4405 4405 4405 4405
    4405 4405 4405 4405 4405 4405 4405 4405 4405 4463 4463 4463 4463
    4463 4463 4405 4405 4405 2040 2028 2028 2016 2016 2016 2016 2028
    4522 4463 4463 4405 4405 4405 4349 4349 4349 4349 4349 4405 4349
    4349 4349 4349 4349 4349 4405 4405 4405 4405 4405 4405 4349 4349
    4349 4349 4405 4405 4405 4405 4405 4463 4463 4463 4463 4463 4463
    4463 4463 2040 2040 2028 2028 2016 2016 2016 2016 2028 2028 4463
    4463 4405 4405 4405 4349 4349 4349 4349 4349 4405 4405 4405 4349
    4349 4349 4349 4349 4349 4405 4405 4405 4405 4349 4349 4349 4349
    4405 4405 4405 4405 4405 4463 4463 4463 4463 2016 2016 2016 2016
    2016 2016 2028 2028 2028 2016 2016 2016 2028 2028 4463 4463 4463
    4405 4405 4405 4349 4349 4349 4349 4405 4405 4405 4405 4349 4349
    4349 4349 4349 4405 4405 4405 4405 4405 4405 4405 4405 4405 4405
    4405 4405 2028 2028 2016 2016 2016 2016 2016 2016 2016 2016 2016
    2028 2028 2028 2028 2028 2028 2028 2028 2028 4463 4463 4463 4463
    4405 4349 4349 4349 4349 4349 4349 4405 4405 4349 4349 4349 4349
    4349 4405 4405 4405 4405 4405 4405 4405 4405 4405 4405 4405 4405
    2016 2016 2016 2016 2005 2005 2005 2005 2005 2016 2016 2016 2016
    2028 2028 2028 2028 2028 2028 2028 4463 4463 4463 4463 4405 4349
    4349 4349 4349 4349 4349 4405 4405 4349 4349 4349 4349 4349 4405
    4405 4405 4405 4405 4405 4405 4405 4405 4405 4405 2005 2005 2005
    2005 2005 2005 2005 2005 2005 2005 2016 2016 2016 2016 2028 2028
    2028 2028 2028 2028 2028 2028 4463 4463 4463 4463 4405 4405 4349
    4349 4349 4349 4405 4405 4405 4405 4405 4349 4349 4405 4405 4405
    4405 4405 4405 4405 4405 2005 2005 2005 2005 2005 2005 2005 2005
    2005 2005 2005 2005 2005 2016 2016 2028 2028 2028 2028 2028 2028
    2028 2028 2028 2028 2040 4463 4463 4463 4463 4405 4349 4349 4349
    4349 4405 4405 4405 4405 4405 4405 4405 4405 4405 4405 4405 4405
    1981 1981 1981 1993 1993 1993 2005 1993 1993 1993 1993 1993 2005
    2005 2005 2005 2016 2016 2028 2028 2028 2028 2028 2028 2028 2028
    2028 2028 2028 4463 4463 4463 4463 4405 4405 4405 4349 4349 4349
    4349 4405 4405 4405 4405 4405 4405 4405 4405 4405 4405 1981 1981
    1981 1993 1993 1993 2005 1993 1993 1993 1993 1993 2005 2005 2005
    2016 2016 2016 2016 2016 2028 2028 2028 2028 2028 2028 2028 2028
    2028 2040 4463 4405 4405 4463 4405 4405 4405 4349 4349 4349 4405
    4405 4405 4405 4405 4349 4405 4405 4405 1981 1981 1981 1981 1993
    1993 1993 2005 1993 1993 2005 1993 1993 2005 2005 2005 2016 2016
    2016 2016 2016 2016 2016 2028 2028 2028 2028 2028 2028 2028 2028
    2040 4405 4405 4405 4463 4405 4405 4349 4349 4349 4405 4405 4405
    4405 4405 4349 4349 1981 1981 1981 1981 1981 1981 1981 1981 1981
    1993 1993 1993 1993 2005 2005 2005 2016 2016 2016 2016 2005 2005
    2005 2016 2016 2028 2028 2028 2028 2028 2028 2028 2028 2040 2040
    4405 4405 4463 4463 4405 4405 4405 4349 4349 4349 4405 4405 4405
    4349 4349 1981 1970 1970 1970 1970 1981 1981 1981 1981 1993 1993
    1993 1993 2005 2005 2005 2016 2016 2005 2005 2005 2005 2005 2016
    2016 2016 2028 2028 2028 2028 2028 2028 2028 2040 2040 2040 4405
    4405 4463 4405 4349 4349 4349 4349 4349 4349 4349 4405 4349 1981
    1981 1970 1970 1970 1970 1970 1981 1981 1981 1993 1993 1993 1993
    2005 2005 2005 2016 2016 2005 2005 2005 2005 2016 2016 2016 2016
    2028 2028 2028 2028 2028 2028 2028 2028 2028 2028 4405 4405 4405
    4405 4349 4349 4349 4349 4349 4349 4349 4405 2016 1981 1981 1970
    1970 1970 1970 1970 1981 1981 1981 1993 1993 1993 1993 1993 2005
    2005 2016 2016 2005 2005 2005 2005 2016 2016 2016 2028 2028 2028
    2028 2028 2028 2028 2028 2028 2028 2028 2028 4405 4405 4405 4405
    4405 4349 4349 4349 4405 4405 4405 2016 2016 1981 1970 1970 1970
    1981 1981 1981 1981 1981 1993 1993 1993 1993 1993 2005 2005 2016
    2016 2005 2005 2005 2005 2016 2016 2028 2028 2028 2028 2028 2028
    2028 2028 2028 2028 2028 2028 2040 4463 4463 4463 4405 4405 4349
    4349 4349 4349 4349 4349 2028 2016 1993 1981 1981 1981 1981 1981
    1981 1981 1981 1993 1993 1993 1993 1993 2005 2005 2016 2016 2005
    2005 2005 2005 2016 2016 2028 2028 2028 2028 2028 2028 2028 2028
    2028 2028 2028 2028 2040 4463 4463 4463 4405 4405 4349 4349 4349
    4349 4349 4349 2053 2028 2005 1981 1981 1981 1981 1981 1981 1981
    1981 1993 1993 1993 1993 1993 2005 2005 2016 2016 2016 2016 2005
    2005 2016 2016 2028 2028 2028 2028 2028 2028 2028 2028 2028 2028
    2028 2028 2040 4463 4463 4463 4463 4405 4349 4349 4349 4349 4405
    4405 2065 2040 2016 1993 1993 1981 1981 1981 1981 1981 1981 1993
    1993 1993 2005 2005 2005 2005 2016 2016 2016 2016 2016 2016 2016
    2016 2028 2028 2028 2028 2028 2028 2028 2028 2028 2028 2028 2028
    2028 4522 4463 4463 4463 4405 4349 4349 4349 4349 4405 4349 2065
    2040 2016 2005 1993 1981 1981 1970 1970 1981 1981 1993 1993 1993
    2005 2005 2005 2005 2005 2016 2005 2005 2005 2016 2016 2016 2016
    2028 2028 2028 2028 2028 2028 2028 2028 2028 2028 2028 2028 2028
    4463 4463 4463 4405 4405 4405 4349 4349 4405 4349 2078 2040 2028
    2016 2005 1993 1981 1970 1970 1970 1970 1993 1993 1993 1993 2005
    1993 1993 2005 2005 2005 2005 2005 2016 2016 2016 2016 2016 2016
    2016 2028 2028 2028 2028 2028 2028 2028 2016 2016 2016 2016 4463
    4463 4463 4405 4349 4349 4349 4349 4349 4349 2040 2028 2028 2016
    2016 1993 1981 1970 1970 1970 1993 1993 1993 1993 1993 1993 1993
    1993 1993 1993 1993 1993 2005 2005 2016 2005 2005 2005 2016 2016
    2016 2028 2028 2028 2028 2028 2016 2016 2016 2016 2016 4405 4405
    4405 4349 4349 4349 4349 4349 4349 2053 2040 2028 2028 2016 2005
    1981 1970 1970 1970 1993 1993 1993 1993 1993 1993 1993 1993 1993
    1993 1993 1993 2005 2005 2005 2005 2005 2005 2005 2016 2016 2016
    2028 2028 2028 2028 2016 2016 2016 2016 2028 4405 4405 4405 4349
    4349 4349 4349 4349 4349 2078 2065 2040 2028 2016 2005 1993 1981
    1981 1981 1993 1993 1993 1993 1993 1993 1993 1993 1993 1993 1993
    1993 2005 2005 2005 2005 2005 2005 2005 2016 2016 2016 2028 2028
    2028 2028 2028 2016 2016 2016 2028 2028 4405 4405 4349 4349 4349
    4349 4349 4349 4349 2078 2053 2040 2028 2016 2005 1993 1981 1981
    1993 1993 1993 1993 1993 1993 1993 1993 1993 1993 2005 2005 2005
    2005 2005 2005 2005 2005 2005 2016 2016 2016 2016 2016 2016 2028
    2028 2028 2028 2028 2028 2028 4405 4405 4349 4349 4349 4349 4349
    4349 4349 2090 2065 2053 2028 2016 2016 2005 1993 1993 1993 1993
    1993 1993 1993 1993 1993 1993 1993 1993 1993 1993 2005 2005 2005
    2016 2016 2016 2028 2016 2016 2016 2016 2016 2016 2028 2028 2028
    2028 2028 2028 2028 2028 4190 4190 4349 4349 4349 4349 4405 4405
    4405 2078 2065 2040 2028 2028 2016 2005 2005 1993 1993 1993 1993
    1993 1993 1993 1993 1993 1993 1993 1993 1993 2005 2005 2016 2016
    2016 2016 2016 2016 2016 2016 2028 2028 2028 2028 2028 2028 2028
    2028 2028 2028 2040 4190 4405 4405 4405 4349 4405 4405 4405 4405
    2078 2065 2028 2028 2016 2005 2005 2005 1993 1993 1993 1993 1993
    1993 1993 1993 1993 1993 1993 1993 2005 2016 2016 2016 2016 2016
    2016 2016 2016 2016 2028 2028 2028 2028 2028 2028 2028 2028 2028
    2028 2028 2040 4463 4405 4405 4349 4405 4405 4405 4405 4405 2065
    2053 2028 2028 2016 2016 2005 1993 1993 1993 1993 1993 1993 1993
    1993 1993 1993 1993 1993 1993 2005 2016 2016 2016 2016 2016 2016
