<?xml version="1.0"?>
<opencv_storage>
<Depth9598 type_id="opencv-matrix">
  <rows>57</rows>
  <cols>81</cols>
  <dt>w</dt>
  <data>
    3948 1359 1359 1349 1338 1338 1338 1333 1317 1317 1328 1328 1328
    1328 1333 1333 1333 1328 1322 1317 1312 1312 1317 1322 1322 1322
    1317 1312 1312 1312 1312 1312 1317 1317 3859 3859 3859 3816 1317
    1312 1312 1307 1302 1302 1297 1297 1297 1307 1307 1312 1302 1297
    1297 1297 1292 1292 1297 1297 1292 1292 1297 1297 1292 1292 1292
    1292 1288 1288 1283 1278 1278 1278 1278 1297 1297 1297 2883 2883
    2835 2835 2812 3948 1354 1349 1343 1338 1333 1333 1322 1307 1307
    1312 1317 1317 1317 1322 1317 1317 1312 1312 1312 1307 1307 1312
    1307 1307 1317 1312 1307 1302 1302 1302 1302 1297 1297 1292 1292
    1288 1288 1292 1307 1307 1307 1302 1302 1292 1292 1292 1292 1292
    1292 1292 1292 1292 1292 1292 1292 1288 1283 1283 1288 1288 1288
    1288 1283 1283 1278 1278 1283 1283 1278 1278 1278 1278 1283 1283
    1283 1283 1283 1283 2859 2835 1349 1349 1343 1338 1338 1328 1328
    1312 1297 1297 1302 1302 1307 1307 1307 1307 1297 1297 1297 1302
    1297 1297 1292 1292 1297 1297 1302 1297 1297 1292 1292 1292 1288
    1283 1283 1283 1278 1278 1278 1278 1278 1292 1292 1292 1288 1288
    1283 1283 1283 1278 1278 1278 1278 1278 1278 1278 1273 1273 1273
    1273 1278 1278 1278 1273 1268 1268 1268 1268 1273 1268 1264 1264
    1264 1264 1268 1268 1273 1273 1278 1278 2835 1349 1349 1343 1338
    1283 1283 1288 1297 1292 1292 1297 1297 1297 1297 1292 1288 1288
    1288 1288 1288 1283 1283 1283 1283 1283 1283 1283 1283 1283 1283
    1283 1278 1273 1273 1273 1273 1273 1278 1273 1268 1264 1264 1259
    1259 1259 1268 1268 1268 1273 1273 1273 1268 1268 1268 1268 1268
    1264 1264 1264 1264 1264 1268 1264 1259 1259 1259 1259 1264 1259
    1255 1255 1255 1255 1250 1250 1255 1250 1250 1250 1250 2835 1343
    1343 1343 1278 1278 1278 1278 1288 1288 1288 1288 1283 1278 1273
    1273 1273 1278 1273 1268 1268 1273 1273 1273 1273 1264 1264 1264
    1264 1264 1268 1268 1264 1259 1255 1250 1250 1250 1255 1255 1250
    1250 1250 1250 1250 1250 1245 1245 1245 1250 1264 1264 1259 1259
    1259 1259 1259 1259 1255 1250 1245 1245 1250 1250 1250 1250 1250
    1250 1250 1245 1245 1245 1245 1245 1245 1245 1241 1232 1232 1219
    1214 1210 1349 1343 1278 1278 1273 1273 1268 1268 1273 1273 1273
    1264 1264 1264 1264 1264 1264 1264 1259 1259 1259 1259 1264 1259
    1255 1255 1250 1250 1250 1255 1255 1255 1250 1245 1245 1245 1245
    1245 1241 1241 1241 1241 1241 1241 1241 1241 1241 1241 1236 1232
    1232 1232 1232 1245 1250 1241 1241 1241 1236 1236 1232 1232 1232
    1236 1236 1232 1232 1236 1236 1236 1236 1236 1232 1232 1227 1227
    1227 1223 1219 1214 1210 1349 1349 1278 1278 1268 1268 1264 1264
    1264 1264 1264 1259 1259 1259 1259 1259 1259 1259 1259 1259 1255
    1255 1255 1255 1250 1250 1250 1250 1245 1245 1245 1245 1245 1245
    1241 1241 1241 1241 1241 1241 1241 1241 1241 1236 1236 1236 1232
    1232 1232 1227 1227 1227 1227 1227 1227 1227 1227 1227 1227 1227
    1227 1227 1227 1227 1227 1223 1223 1227 1227 1227 1227 1227 1223
    1219 1219 1219 1223 1223 1219 1214 1210 1354 1349 1349 1278 1264
    1264 1259 1259 1264 1259 1259 1259 1255 1255 1255 1259 1259 1255
    1255 1255 1250 1250 1250 1250 1250 1250 1250 1245 1245 1245 1245
    1245 1241 1241 1241 1241 1241 1241 1241 1241 1241 1241 1236 1236
    1236 1236 1232 1232 1232 1227 1227 1227 1227 1227 1227 1223 1223
    1223 1223 1223 1223 1223 1223 1223 1223 1223 1223 1227 1227 1227
    1227 1223 1223 1219 1219 1219 1219 1219 1219 1214 1214 1354 1349
    1349 1268 1264 1264 1259 1259 1264 1259 1259 1259 1255 1255 1255
    1259 1255 1255 1255 1255 1250 1250 1250 1250 1250 1250 1250 1245
    1245 1245 1245 1245 1241 1241 1241 1241 1241 1241 1241 1241 1241
    1241 1236 1236 1236 1236 1232 1232 1232 1227 1227 1227 1227 1227
    1227 1223 1223 1223 1223 1223 1223 1223 1223 1223 1223 1223 1223
    1227 1227 1227 1227 1223 1223 1219 1214 1214 1214 1219 1214 1214
    1214 1354 1343 1343 1268 1268 1264 1259 1259 1264 1259 1259 1259
    1255 1255 1255 1259 1255 1255 1255 1255 1250 1250 1250 1250 1250
    1250 1250 1245 1245 1245 1245 1245 1245 1245 1241 1241 1241 1241
    1241 1241 1241 1241 1241 1236 1236 1236 1232 1232 1232 1232 1232
    1227 1227 1227 1227 1223 1223 1223 1223 1223 1223 1223 1223 1223
    1223 1223 1223 1227 1227 1227 1227 1227 1223 1219 1214 1214 1214
    1214 1214 1214 1214 1349 1343 1343 1268 1268 1264 1264 1264 1264
    1259 1259 1259 1255 1255 1259 1255 1255 1255 1255 1255 1255 1255
    1250 1250 1250 1250 1250 1250 1245 1245 1245 1245 1245 1245 1241
    1241 1241 1241 1241 1241 1241 1241 1241 1236 1236 1236 1232 1232
    1232 1232 1232 1227 1227 1227 1227 1227 1223 1223 1223 1227 1227
    1223 1223 1223 1223 1223 1223 1227 1227 1227 1227 1227 1223 1219
    1219 1214 1214 1214 1214 1214 1214 1349 1343 1343 1268 1268 1264
    1264 1264 1264 1264 1259 1259 1259 1259 1259 1255 1255 1255 1255
    1255 1255 1255 1250 1250 1250 1250 1250 1245 1245 1245 1245 1245
    1245 1241 1241 1241 1241 1241 1241 1241 1241 1241 1241 1236 1236
    1236 1232 1232 1232 1232 1232 1232 1227 1227 1227 1227 1227 1223
    1223 1227 1227 1223 1223 1223 1223 1223 1223 1227 1227 1227 1223
    1223 1223 1223 1219 1214 1214 1214 1214 1214 1214 1354 1354 1273
    1268 1268 1264 1264 1264 1268 1264 1264 1259 1259 1259 1259 1255
    1255 1255 1255 1255 1255 1255 1255 1250 1250 1250 1250 1245 1245
    1250 1245 1245 1245 1241 1241 1241 1241 1241 1241 1241 1241 1241
    1241 1236 1236 1232 1232 1227 1227 1227 1227 1227 1227 1227 1227
    1227 1227 1227 1227 1227 1227 1227 1223 1223 1223 1223 1223 1227
    1227 1227 1223 1223 1223 1223 1219 1214 1214 1214 1214 1214 1214
    1354 1354 1273 1268 1268 1264 1264 1264 1264 1264 1264 1259 1259
    1259 1259 1255 1255 1255 1255 1255 1255 1255 1255 1250 1250 1250
    1250 1250 1250 1250 1250 1245 1245 1241 1241 1241 1241 1241 1241
    1241 1241 1241 1241 1236 1236 1232 1232 1227 1227 1227 1227 1227
    1232 1227 1227 1227 1227 1227 1227 1227 1227 1227 1227 1227 1223
    1223 1227 1227 1227 1227 1227 1227 1223 1223 1223 1219 1219 1219
    1214 1214 1214 1292 1273 0 1273 1273 1268 1264 1264 1264 1259 1259
    1259 1259 1259 1259 1259 1259 1255 1255 1255 1255 1255 1255 1255
    1250 1250 1250 1250 1250 1250 1250 1245 1245 1245 1245 1241 1241
    1241 1241 1241 1241 1241 1241 1236 1236 1232 1232 1232 1227 1227
    1232 1232 1232 1227 1227 1227 1227 1227 1227 1227 1227 1227 1227
    1227 1227 1227 1227 1227 1227 1227 1227 1227 1227 1223 1223 1223
    1219 1219 1214 1214 1214 0 1292 0 1278 1273 1268 1268 1264 1264 1259
    1259 1259 1259 1259 1259 1259 1259 1255 1255 1255 1255 1255 1255
    1255 1255 1255 1255 1250 1250 1250 1250 1245 1245 1245 1245 1241
    1241 1241 1241 1241 1241 1241 1241 1236 1236 1232 1232 1232 1232
    1232 1232 1232 1232 1227 1227 1227 1227 1227 1227 1227 1227 1227
    1227 1227 1227 1223 1223 1227 1227 1227 1227 1227 1227 1223 1223
    1223 1219 1219 1219 1219 1219 0 1292 1292 1278 1278 1268 1268 1268
    1264 1264 1259 1259 1259 1259 1259 1259 1259 1255 1255 1255 1255
    1255 1255 1255 1255 1255 1255 1255 1255 1250 1250 1245 1245 1245
    1245 1241 1241 1241 1241 1241 1241 1241 1236 1236 1236 1236 1236
    1236 1232 1232 1232 1232 1232 1232 1232 1227 1227 1227 1227 1227
    1227 1227 1227 1227 1223 1223 1223 1227 1227 1227 1227 1227 1227
    1227 1227 1223 1219 1219 1219 1219 1214 0 1288 1288 1278 1273 1273
    1268 1268 1264 1264 1259 1259 1259 1259 1259 1259 1259 1255 1255
    1255 1255 1255 1255 1255 1255 1255 1255 1255 1250 1250 1245 1245
    1245 1245 1245 1241 1241 1241 1241 1241 1241 1241 1236 1236 1236
    1236 1236 1236 1236 1232 1232 1232 1232 1232 1232 1227 1227 1227
    1227 1227 1227 1227 1227 1223 1223 1223 1223 1227 1227 1227 1227
    1227 1227 1227 1227 1223 1219 1219 1219 1219 1214 0 0 1288 1278 1273
    1273 1273 1268 1268 1264 1264 1264 1264 1264 1259 1259 1259 1255
