<?xml version="1.0"?>
<opencv_storage>
<Depth5033 type_id="opencv-matrix">
  <rows>78</rows>
  <cols>50</cols>
  <dt>w</dt>
  <data>
    4708 4708 4708 4708 4645 4645 4645 4645 4582 4582 4582 4582 4582
    4645 4645 4582 4522 4522 4522 4522 4463 4405 4405 4405 1776 1776
    1785 1776 1776 1776 1776 4405 4405 4349 4295 4295 4295 4295 4295
    4295 4295 4241 4241 4241 4241 4190 4190 4190 4139 4139 4708 4708
    4708 4708 4645 4645 4645 4645 4645 4582 4582 4582 4582 4582 4582
    4522 4522 4522 1833 1823 1823 1823 1813 1794 1776 1776 1776 1776
    1776 1776 1776 1776 4405 4349 4295 4295 4295 4295 4295 4295 4295
    4241 4241 4241 4241 4190 4190 4190 4139 4139 4708 4708 4708 4708
    4645 4645 4645 4645 4645 4582 4582 4582 4582 4582 4582 4522 4522
    4522 1813 1813 1813 1813 1804 1785 1776 1776 1776 1776 1776 1776
    1776 1776 1785 4349 4295 4295 4295 4295 4295 4295 4295 4241 4241
    4241 4190 4190 4139 4139 4139 4139 4708 4708 4708 4645 4645 4645
    4645 4645 4645 4582 4582 4522 4522 4522 4582 4582 4522 4522 1757
    1757 1739 1739 1748 1757 1757 1757 1766 1766 1766 1766 1776 1776
    1776 1776 4295 4295 4295 4295 4295 4295 4295 4241 4241 4241 4190
    4139 4139 4139 4139 4139 4708 4708 4708 4645 4645 4645 1936 1936
    1947 4582 4582 4522 4522 4522 4645 1739 1739 1739 1739 1731 1731
    1731 1739 1739 1748 1748 1766 1766 1766 1766 1766 1776 1776 1776
    4295 4295 4295 4295 4295 4295 4295 4241 4241 4241 4190 4139 4139
    4139 4139 4139 4708 4708 4708 4708 4645 4645 1926 1926 1936 4645
    4645 1804 1785 1785 1785 1739 1739 1739 1731 1731 1722 1722 1731
    1739 1748 1748 1757 1757 1757 1766 1766 1766 1776 1776 4295 4295
    4295 4295 4295 4295 4241 4241 4241 4241 4190 4190 4139 4139 4139
    4139 4708 4708 4708 4708 4708 1883 1873 1833 1823 1813 1813 1804
    1785 1776 1776 1748 1739 1731 1731 1722 1722 1722 1731 1739 1739
    1748 1748 1748 1748 1757 1766 1766 1776 1776 1776 4241 4241 4295
    4295 4295 4241 4241 4241 4241 4241 4190 4139 4139 4139 4139 4774
    1915 1904 1904 1904 1853 1853 1833 1823 1813 1804 1804 1785 1776
    1776 1748 1739 1731 1731 1722 1722 1722 1731 1739 1739 1739 1748
    1748 1748 1757 1757 1757 1766 1766 1766 4241 4241 4295 4295 4295
    4295 4241 4241 4241 4241 4190 4190 4139 4139 4139 4774 1904 1894
    1883 1863 1853 1853 1833 1823 1813 1804 1804 1785 1776 1776 1748
    1739 1731 1731 1722 1722 1722 1731 1739 1739 1739 1739 1748 1748
    1748 1748 1748 1757 1757 1776 4241 4241 4241 4295 4295 4295 4241
    4241 4241 4241 4241 4190 4190 4139 4089 1915 1904 1894 1883 1863
    1853 1853 1833 1823 1813 1813 1804 1794 1785 1776 1766 1739 1739
    1731 1713 1713 1722 1731 1731 1739 1739 1739 1739 1748 1748 1748
    1748 1757 1757 1776 1776 4241 4241 4295 4295 4295 4241 4241 4241
    4241 4241 4190 4190 4139 4089 1915 1904 1894 1883 1863 1853 1853
    1843 1833 1823 1813 1804 1794 1785 1776 1766 1748 1739 1731 1713
    1713 1722 1722 1722 1739 1739 1739 1739 1739 1748 1748 1748 1757
    1757 1757 1757 4241 4241 4295 4295 4295 4295 4241 4241 4241 4241
    4190 4190 4139 4089 1926 1904 1894 1883 1873 1853 1853 1853 1843
    1833 1823 1813 1794 1785 1776 1766 1766 1739 1731 1722 1713 1713
    1722 1722 1731 1739 1739 1739 1739 1748 1748 1748 1748 1748 1748
    1748 4241 4241 4295 4295 4295 4295 4241 4241 4241 4241 4190 4139
    4139 4089 1926 1915 1894 1883 1873 1863 1863 1853 1843 1833 1823
    1813 1794 1785 1776 1776 1757 1739 1739 1731 1713 1713 1722 1722
    1731 1739 1739 1739 1739 1739 1748 1748 1748 1748 1748 1757 1757
    4295 4295 4295 4295 4295 4241 4241 4241 4241 4190 4139 4139 4089
    1926 1915 1904 1894 1873 1863 1863 1853 1843 1833 1823 1813 1804
    1785 1776 1766 1757 1748 1739 1731 1722 1722 1722 1722 1722 1731
    1731 1739 1739 1739 1748 1748 1748 1748 1748 1757 1757 4295 4295
    4295 4295 4295 4241 4241 4241 4241 4190 4139 4139 4089 1926 1915
    1915 1894 1883 1873 1873 1863 1853 1833 1823 1813 1804 1785 1776
    1766 1757 1748 1739 1731 1722 1722 1722 1722 1722 1722 1731 1731
    1739 1739 1748 1748 1748 1748 1757 1757 1757 4295 4295 4295 4241
    4241 4241 4241 4241 4241 4190 4190 4139 4089 1926 1915 1915 1894
    1883 1873 1873 1863 1843 1833 1823 1813 1804 1794 1776 1776 1766
    1757 1739 1731 1722 1722 1722 1722 1722 1722 1722 1731 1731 1739
    1739 1748 1748 1748 1748 1748 1748 1748 4295 4295 4241 4241 4241
    4241 4241 4241 4190 4190 4139 4089 1926 1926 1915 1894 1894 1883
    1873 1853 1843 1833 1823 1813 1804 1804 1785 1776 1766 1748 1739
    1731 1731 1731 1731 1722 1722 1722 1722 1722 1731 1739 1739 1748
    1748 1748 1748 1748 1748 1748 4295 4295 4241 4241 4241 4241 4241
    4241 4190 4139 4089 4089 1926 1926 1926 1894 1894 1883 1863 1853
    1843 1833 1823 1813 1804 1804 1794 1776 1766 1748 1739 1739 1731
    1731 1731 1731 1722 1722 1722 1722 1731 1739 1739 1739 1739 1748
    1748 1748 1748 1748 4295 4295 4295 4295 4295 4295 4241 4241 4190
    4139 4089 4089 1926 1926 1926 1894 1894 1883 1863 1853 1843 1843
    1833 1813 1813 1804 1794 1785 1766 1748 1739 1739 1731 1731 1731
    1731 1722 1722 1722 1722 1731 1731 1739 1739 1739 1748 1748 1748
    1748 1748 4295 4295 4295 4295 4295 4295 4241 4190 4190 4139 4139
    4139 4708 1915 1915 1894 1894 1883 1873 1853 1843 1843 1833 1823
    1813 1804 1794 1776 1766 1748 1739 1739 1739 1739 1731 1722 1722
    1722 1722 1722 1731 1731 1739 1739 1739 1739 1739 1748 1748 1748
    1748 4295 4295 4241 4241 4295 4241 4190 4190 4139 4139 4139 4708
    1915 1915 1894 1894 1883 1873 1853 1853 1843 1833 1823 1813 1804
    1794 1776 1766 1757 1748 1739 1739 1739 1731 1722 1713 1713 1713
    1722 1722 1731 1731 1739 1739 1739 1739 1739 1739 1739 1739 4241
    4241 4241 4241 4241 4241 4241 4190 4190 4139 4139 4708 4708 1904
    1904 1894 1894 1883 1863 1853 1843 1843 1823 1813 1804 1794 1776
    1776 1757 1748 1739 1739 1739 1731 1722 1713 1713 1713 1722 1722
    1722 1731 1739 1739 1739 1739 1739 1739 1739 1739 1739 4241 4241
    4241 4241 4241 4241 4190 4190 4190 4139 4708 4708 1904 1904 1894
    1894 1883 1873 1853 1843 1833 1823 1813 1813 1794 1776 1776 1766
    1757 1748 1739 1739 1731 1722 1722 1713 1713 1722 1722 1722 1731
    1739 1739 1731 1731 1739 1739 1739 1739 1739 4241 4241 4241 4241
    4241 4241 4190 4190 4139 4139 4645 4645 1904 1904 1894 1894 1883
    1873 1863 1843 1833 1823 1813 1813 1804 1785 1776 1766 1757 1748
    1739 1739 1731 1722 1713 1713 1713 1713 1713 1713 1722 1731 1731
    1731 1731 1739 1739 1739 1739 1739 1739 4241 4241 4241 4241 4241
    4190 4190 4139 4139 4645 4645 4645 1904 1894 1894 1883 1883 1863
    1843 1843 1823 1823 1813 1804 1785 1776 1766 1766 1748 1739 1739
    1739 1731 1713 1713 1713 1713 1713 1713 1722 1722 1722 1722 1731
    1731 1739 1739 1739 1739 1739 4241 4241 4241 4241 4241 4190 4190
    4139 4139 4645 4645 4708 1904 1894 1894 1883 1883 1863 1853 1843
    1833 1823 1813 1804 1785 1776 1766 1766 1757 1739 1739 1739 1722
    1713 1713 1713 1713 1713 1713 1713 1722 1722 1722 1731 1731 1739
    1739 1739 1739 1739 4241 4241 4241 4241 4190 4190 4190 4139 4139
    4708 4645 4645 4645 1894 1894 1883 1883 1863 1853 1843 1843 1833
    1813 1804 1785 1776 1766 1766 1757 1739 1739 1739 1722 1713 1713
    1713 1713 1713 1713 1713 1713 1722 1722 1731 1731 1739 1739 1739
    1739 1739 1739 4241 4241 4241 4190 4190 4190 4139 4139 4708 4645
    4645 4645 1894 1894 1883 1883 1863 1853 1843 1843 1833 1813 1804
    1785 1776 1776 1766 1757 1739 1739 1739 1722 1713 1713 1713 1713
    1713 1713 1713 1713 1713 1722 1731 1731 1739 1739 1739 1739 1739
    1739 4241 4241 4241 4241 4241 4190 4139 4139 4708 4708 4708 4708
    1894 1894 1883 1883 1873 1863 1853 1843 1833 1823 1804 1794 1785
    1776 1766 1757 1748 1748 1739 1722 1713 1713 1713 1705 1705 1705
    1713 1713 1713 1722 1731 1731 1731 1731 1731 1731 1731 1731 4241
    4241 4241 4241 4241 4190 4139 4139 4708 4708 4708 4708 4708 1904
    1894 1894 1883 1863 1853 1843 1833 1823 1804 1804 1785 1776 1766
    1757 1748 1748 1739 1739 1731 1713 1713 1705 1705 1705 1705 1713
