<?xml version="1.0"?>
<opencv_storage>
<Depth15613 type_id="opencv-matrix">
  <rows>39</rows>
  <cols>29</cols>
  <dt>w</dt>
  <data>
    4774 4774 4842 4842 2522 2522 2522 2522 2522 2522 2522 2541 2522
    2522 2541 2541 2541 2541 2541 2541 2541 2560 5210 5210 5210 5210
    5210 5132 5132 4774 2560 2522 2522 2522 2522 2522 2522 2522 2522
    2522 2522 2522 2522 2541 2541 2541 2541 2541 2541 2541 2560 2560
    2560 5210 5210 5210 5132 5132 4774 2560 2522 2522 2522 2522 2522
    2522 2522 2522 2522 2522 2522 2522 2541 2541 2541 2541 2541 2541
    2541 2541 2541 2560 2560 2560 2560 5132 5132 2560 2560 2541 2522
    2522 2522 2522 2522 2541 2541 2522 2522 2522 2541 2541 2541 2541
    2541 2541 2541 2541 2541 2541 2541 2560 2560 2560 2560 5210 2560
    2560 2541 2522 2522 2522 2522 2522 2541 2541 2541 2541 2541 2541
    2541 2560 2560 2541 2541 2541 2541 2541 2541 2541 2560 2560 2560
    2541 2541 2560 2560 2541 2541 2541 2522 2522 2522 2541 2541 2541
    2541 2541 2541 2541 2541 2541 2560 2560 2560 2560 2560 2560 2560
    2560 2560 2560 2541 2541 2560 2560 2541 2541 2541 2522 2522 2541
    2541 2541 2541 2541 2541 2541 2541 2541 2541 2560 2560 2560 2560
    2560 2560 2560 2560 2560 2560 2541 2541 2560 2560 2560 2541 2541
    2541 2541 2541 2541 2541 2541 2541 2541 2541 2541 2541 2541 2560
    2560 2560 2560 2560 2560 2560 2560 2560 2560 2560 2560 2560 2560
    2541 2541 2541 2541 2541 2541 2541 2541 2541 2541 2541 2541 2541
    2541 2541 2560 2560 2560 2560 2560 2560 2541 2541 2541 2541 2560
    5210 2560 2560 2541 2541 2541 2541 2541 2541 2541 2541 2541 2541
    2541 2541 2541 2541 2541 2560 2560 2560 2560 2560 2560 2541 2541
    2541 2541 2560 5210 2579 2560 2541 2541 2522 2522 2541 2541 2541
    2541 2541 2541 2541 2541 2541 2541 2541 2560 2560 2560 2560 2560
    2560 2541 2541 2560 2560 2560 5210 2579 2560 2541 2541 2522 2522
    2541 2541 2541 2541 2541 2541 2541 2541 2541 2541 2541 2560 2560
    2560 2560 2560 2560 2560 2560 2560 2560 2560 2560 2579 2560 2541
    2541 2522 2522 2541 2541 2541 2541 2560 2560 2560 2560 2560 2560
    2560 2560 2560 2560 2560 2560 2560 2560 2560 2541 2541 2541 2560
    2598 2579 2560 2541 2541 2541 2541 2541 2541 2541 2541 2560 2560
    2560 2560 2560 2560 2560 2560 2560 2560 2579 2560 2560 2560 2541
    2541 2541 5132 2598 2579 2560 2541 2541 2541 2541 2541 2541 2541
    2541 2560 2560 2560 2560 2560 2560 2560 2560 2560 2560 2579 2579
    2560 2560 2560 2560 2560 5132 2618 2579 2560 2541 2541 2541 2541
    2541 2541 2541 2541 2560 2560 2560 2560 2541 2541 2541 2560 2560
    2560 2560 2560 2560 2560 2560 2560 2560 5210 2598 2560 2560 2541
    2541 2541 2541 2541 2541 2541 2541 2560 2560 2560 2560 2541 2541
    2541 2560 2560 2560 2560 2560 2579 2579 2560 2560 2579 5210 2598
    2560 2541 2541 2541 2541 2541 2541 2541 2541 2541 2541 2560 2560
    2560 2560 2541 2541 2560 2560 2560 2560 2560 2579 2579 2579 2579
    2579 2579 4842 2560 2541 2541 2541 2541 2541 2541 2541 2541 2541
    2541 2560 2560 2560 2560 2560 2560 2560 2560 2560 2560 2560 2579
    2579 2579 2579 2579 2579 4842 2560 2560 2541 2541 2541 2541 2541
    2541 2541 2541 2541 2560 2560 2560 2560 2560 2560 2560 2560 2560
    2560 2560 2579 2579 2579 2560 2560 2560 4774 2560 2560 2560 2541
    2541 2541 2541 2541 2541 2541 2541 2541 2560 2560 2560 2560 2560
    2560 2560 2579 2560 2560 2579 2579 2579 2560 2541 2541 4774 2560
    2560 2560 2541 2541 2560 2560 2560 2560 2541 2541 2541 2560 2560
    2560 2560 2560 2560 2560 2560 2560 2560 2579 2579 2579 2560 2541
    2541 4774 2560 2541 2541 2541 2541 2560 2560 2560 2560 2541 2541
    2541 2560 2560 2560 2560 2560 2560 2560 2560 2560 2560 2579 2579
    2579 2579 2579 5210 4774 2560 2541 2541 2541 2541 2541 2560 2560
    2560 2541 2541 2541 2560 2560 2560 2560 2560 2560 2560 2560 2560
    2560 2560 2560 2560 2579 2579 2579 4774 2541 2541 2560 2541 2541
    2541 2560 2560 2560 2560 2541 2541 2560 2560 2560 2560 2560 2560
    2560 2560 2560 2560 2560 2560 2560 2579 2579 2579 4774 2541 2541
    2560 2560 2560 2560 2560 2560 2560 2560 2541 2541 2560 2560 2560
    2560 2560 2560 2560 2579 2579 2579 2579 2579 2579 2579 2579 2579
    4842 2560 2560 2560 2560 2560 2560 2560 2560 2560 2560 2560 2560
    2560 2560 2560 2560 2560 2560 2560 2579 2579 2579 2579 2579 2579
    2560 2560 2560 4842 2579 2560 2560 2560 2560 2560 2560 2560 2560
    2560 2560 2560 2560 2560 2560 2560 2560 2579 2579 2579 2579 2579
    2579 2579 2579 2560 2560 2560 4911 2598 2579 2560 2560 2560 2560
    2560 2560 2560 2560 2560 2560 2560 2579 2579 2579 2579 2579 2579
    2579 2579 2579 2579 2579 2579 2579 2579 2598 4842 2618 2579 2560
    2560 2560 2560 2560 2560 2560 2560 2560 2560 2560 2579 2579 2579
    2579 2579 2579 2579 2579 2579 2579 2579 2579 2579 2598 2598 4842
    2618 2579 2560 2560 2541 2541 2560 2560 2560 2560 2560 2560 2560
    2579 2579 2579 2579 2579 2579 2579 2579 2579 2579 2579 2579 2579
    2598 2598 4842 2598 2579 2560 2560 2541 2541 2560 2560 2560 2560
    2560 2560 2560 2560 2560 2560 2560 2579 2579 2579 2579 2579 2579
    2579 2598 2598 2598 2598 2618 2598 2579 2560 2560 2560 2560 2560
    2560 2560 2560 2560 2560 2560 2560 2560 2560 2560 2579 2579 2579
    2598 2598 2598 2598 2598 2598 2598 2598 2618 2598 2598 2579 2560
    2560 2560 2560 2560 2560 2560 2560 2560 2560 2560 2560 2560 2560
    2579 2579 2579 2598 2598 2598 2598 2598 2598 2598 2579 4842 2618
    2598 2579 2560 2560 2560 2560 2560 2560 2560 2560 2560 2560 2560
    2560 2560 2560 2579 2579 2579 2598 2598 2598 2618 2618 2618 2598
    2579 4842 4842 2598 2579 2560 2560 2560 2560 2560 2560 2560 2560
    2560 2560 2560 2560 2560 2560 2560 2579 2579 2598 2598 2598 2618
    2598 2598 2618 2618 4842 4842 2618 2579 2560 2560 2541 2541 2560
    2560 2560 2560 2560 2560 2560 2560 2560 2560 2560 2579 2579 2598
    2598 2598 2618 2598 2598 2618 2618 4842 4842 2618 2579 2560 2560
    2541 2541 2560 2560 2560 2560 2560 2560 2560 2560 2560 2560 2560
    2598 2598 2598 2598 2579 2579 2598 2598 2598 5210 4842 4774 2639
    2639 2639 2560 2541 2541 2560 2560 2560 2560 2560 2560 2560 2560
    2560 2560 2598 2618 2618 2598 2560 2560 2579 2598 5210 5132 5132</data></Depth15613>
</opencv_storage>
