<?xml version="1.0"?>
<opencv_storage>
<Depth1372 type_id="opencv-matrix">
  <rows>23</rows>
  <cols>54</cols>
  <dt>w</dt>
  <data>
    1894 1883 1883 1883 1883 1883 1873 1873 1843 1843 1863 1843 1843
    1843 1843 1863 1863 1873 1883 1863 1863 1873 1873 1863 1863 1853
    1853 1853 2522 2522 2541 2522 2503 2503 2503 1843 1833 1833 1843
    2432 2432 2432 2415 2415 2415 2415 2415 2415 2398 2398 2381 2381
    2365 2365 1873 1863 1863 1863 1863 1863 1863 1863 1853 1853 1853
    1843 1843 1853 1853 1853 1853 1853 1853 1853 1853 1853 1853 1853
    1853 1843 1833 1823 1823 1823 1843 1843 1833 1833 1823 1823 1823
    1823 1833 1843 2432 1813 1813 1813 2415 2381 2381 2381 2398 2398
    2381 2365 2365 2365 1853 1853 1853 1853 1853 1853 1853 1853 1853
    1853 1843 1843 1833 1833 1833 1843 1843 1843 1843 1833 1833 1843
    1843 1843 1843 1833 1833 1813 1813 1813 1823 1823 1833 1833 1823
    1823 1823 1823 1823 1823 1823 1813 1813 1813 1813 1813 1813 1804
    1804 1804 1804 2365 2365 2365 1843 1843 1843 1843 1833 1833 1843
    1843 1843 1843 1843 1833 1833 1833 1833 1833 1833 1823 1823 1813
    1813 1823 1823 1823 1833 1823 1813 1804 1804 1813 1813 1813 1823
    1823 1823 1813 1813 1813 1813 1813 1813 1823 1813 1813 1813 1813
    1804 1804 1804 1804 1804 1804 1794 1794 1833 1833 1833 1843 1823
    1804 1804 1804 1776 1776 1813 1823 1823 1823 1823 1823 1813 1804
    1804 1804 1804 1804 1813 1813 1804 1794 1785 1785 1785 1804 1804
    1804 1813 1804 1804 1804 1804 1804 1804 1813 1813 1804 1804 1804
    1804 1804 1804 1804 1794 1794 1804 1794 1785 1785 1794 1794 1804
    1813 1794 1776 1776 1776 1766 1766 1785 1804 1804 1804 1804 1804
    1804 1794 1785 1785 1776 1776 1785 1804 1785 1776 1766 1757 1757
    1766 1794 1785 1785 1794 1794 1804 1804 1804 1804 1804 1804 1794
    1794 1794 1794 1794 1785 1785 1785 1785 1794 1794 1785 1785 1785
    1785 1776 1776 1766 1766 1766 1766 1766 1766 1776 1804 1785 1785
    1785 1785 1785 1776 1766 1766 1757 1757 1766 1776 1776 1766 1748
    1748 1748 1757 1757 1748 1748 1766 1776 1785 1794 1794 1776 1766
    1766 1766 1757 1757 1757 1766 1776 1776 1776 1776 1785 1785 1785
    1785 1785 1785 1776 1776 1766 1766 1766 1766 1766 1766 1776 1785
    1776 1776 1776 1776 1766 1766 1757 1757 1748 1748 1757 1757 1757
    1748 1739 1731 1731 1731 1731 1731 1739 1739 1748 1766 1757 1748
    1748 1739 1739 1739 1739 1739 1731 1731 1766 1766 1766 1766 1766
    1766 1785 1785 1785 1785 1776 1776 1766 1766 1766 1766 1776 1776
    1776 1776 1766 1766 1766 1766 1766 1766 1757 1757 1748 1748 1739
    1739 1739 1739 1731 1731 1731 1731 1731 1731 1731 1731 1731 1731
    1739 1739 1739 1731 1731 1731 1731 1731 1722 1722 1731 1731 1757
    1739 1739 1739 1739 1288 1794 1785 1776 1776 1776 1776 1776 1776
    1776 1776 1766 1766 1766 1766 1766 1766 1766 1766 1757 1757 1757
    1748 1739 1731 1731 1731 1731 1722 1722 1731 1731 1731 1731 1731
    1731 1731 1731 1731 1731 1731 1731 1731 1731 1713 1713 1713 1713
    1713 1722 1713 1705 1705 1705 1705 1794 1794 1785 1785 1785 1794
    1794 1794 1776 1776 1766 1766 1776 1776 1776 1776 1766 1766 1757
    1757 1757 1757 1739 1731 1731 1731 1731 1722 1722 1731 1731 1731
    1731 1731 1731 1731 1731 1722 1722 1722 1722 1722 1722 1713 1705
    1705 1713 1713 1713 1713 1705 1705 1705 1705 1804 1804 1804 1794
    1794 1804 1794 1794 1785 1776 1776 1776 1776 1776 1776 1776 1766
    1766 1776 1766 1766 1766 1748 1731 1731 1731 1757 1757 1739 1731
    1731 1731 1731 1731 1731 1731 1731 1722 1722 1722 1722 1722 1722
    1713 1705 1705 1713 1705 1705 1705 1696 1696 1696 1680 1823 1823
    1823 1813 1813 1804 1794 1794 1794 1785 1776 1776 1776 1776 1776
    1776 1776 1776 1776 1776 1776 1766 1757 1757 1757 1757 1757 1757
    1739 1739 1731 1731 1731 1731 1731 1731 1731 1731 1722 1722 1713
    1713 1713 1713 1713 1713 1705 1705 1705 1705 1696 1696 1696 1680
    1823 1823 1833 1823 1813 1804 1794 1794 1794 1785 1785 1785 1785
    1794 1785 1776 1776 1776 1776 1776 1766 1766 1766 1766 1757 1757
    1757 1757 1748 1748 1739 1739 1739 1739 1739 1739 1739 1731 1722
    1722 1713 1713 1713 1713 1713 1713 1705 1705 1713 1705 1705 1696
    1696 1696 1823 1823 1823 1823 1813 1804 1794 1794 1794 1785 1785
    1785 1785 1794 1785 1776 1776 1776 1776 1776 1766 1766 1766 1766
    1766 1766 1766 1757 1757 1757 1748 1739 1739 1739 1739 1739 1739
    1739 1731 1731 1731 1722 1722 1722 1722 1713 1705 1705 1722 1713
    1705 1696 1696 1696 1843 1833 1823 1813 1813 1804 1804 1794 1785
    1785 1794 1785 1785 1785 1785 1785 1776 1776 1776 1776 1766 1766
    1766 1766 1766 1766 1757 1757 1757 1757 1748 1739 1739 1739 1739
    1739 1739 1739 1739 1731 1731 1731 1731 1731 1731 1731 1731 1731
    1731 1722 1705 1705 1705 1223 1853 1843 1823 1813 1813 1813 1804
    1794 1785 1785 1794 1785 1785 1785 1785 1785 1785 1776 1776 1766
    1766 1766 1766 1766 1766 1766 1757 1757 1757 1757 1757 1757 1748
    1739 1739 1739 1739 1739 1739 1739 1739 1731 1731 1731 1731 1731
    1731 1731 1731 1731 1731 1731 1223 1223 1843 1843 1823 1813 1813
    1813 1804 1804 1794 1794 1794 1785 1785 1794 1785 1785 1785 1785
    1776 1766 1766 1766 1766 1766 1757 1757 1757 1757 1766 1766 1757
    1757 1748 1739 1739 1739 1739 1739 1739 1739 1739 1739 1739 1739
    1731 1731 1731 1731 1731 1731 1731 1197 1219 1219 1843 1843 1843
    1833 1833 1813 1813 1813 1804 1804 1804 1785 1776 1776 1785 1785
    1776 1776 1776 1776 1766 1766 1766 1766 1757 1757 1757 1757 1766
    1766 1766 1757 1748 1748 1748 1748 1748 1739 1739 1739 1739 1739
    1739 1739 1731 1731 1731 1731 1731 1197 1197 1197 1197 1197 1833
    1833 1833 1833 1833 1823 1813 1813 1804 1794 1785 1776 1766 1766
    1776 1776 1776 1766 1766 1766 1766 1766 1766 1766 1766 1766 1757
    1757 1757 1757 1757 1757 1748 1748 1748 1748 1748 1748 1739 1739
    1739 1739 1739 1739 1739 1739 1739 1185 1185 1185 1197 1197 1197
    1197 1804 1766 1766 1843 1843 1823 1813 1804 1794 1776 1757 1757
    1757 1757 1766 1776 1766 1766 1766 1766 1766 1766 1766 1766 1766
    1766 1757 1757 1757 1757 1757 1757 1748 1748 1748 1748 1748 1748
    1739 1739 1739 1739 1748 1134 1134 1134 1134 1185 1185 1185 1185
    1197 1197 1202 1804 1766 1766 1776 1776 1804 1804 1804 1785 1766
    1748 1748 1739 1739 1757 1776 1766 1757 1757 1766 1766 1766 0 1776
    1766 1766 1757 1757 1739 1739 1748 1748 1097 1097 1101 1105 1119
    1119 1119 1119 1748 1123 1123 1130 1134 1134 1134 1185 1185 1185
    1185 1193 1197 1197 1794 1776 1776 1766 1766 1766 1804 1804 1785
    1766 1748 1739 1731 1731 1757 1766 1757 1757 1757 1757 1766 0 0 0
    1766 1766 1766 1757 1739 1739 1748 1748 1097 1097 1101 1105 1119
    1119 1119 1119 1119 1119 1119 1126 1126 1134 1134 1165 1185 1185
    1185 1193 1197 1197</data></Depth1372>
</opencv_storage>
