<?xml version="1.0"?>
<opencv_storage>
<Depth13887 type_id="opencv-matrix">
  <rows>138</rows>
  <cols>92</cols>
  <dt>w</dt>
  <data>
    4842 4774 4708 4708 4708 4708 4645 4645 4645 4708 4708 4708 4708
    4708 4645 4645 4645 4645 4645 4645 4645 4645 4645 4645 4522 4463
    4463 4522 4522 4582 4582 4522 4522 4522 4463 4463 4463 4463 4463
    4405 4405 4405 4405 4349 4349 4349 4295 4295 4295 4295 4295 4295
    4241 4241 4241 4241 4241 813 4405 4405 813 811 807 807 805 805 805
    805 805 802 802 802 803 0 0 0 0 0 2723 2723 2701 2701 2701 2723 2723
    2744 2744 2744 2744 2789 2789 2789 4774 4774 4774 4645 4645 4645
    4645 4645 4645 4708 4708 4708 4708 4708 4708 4645 4645 4645 4645
    4645 4645 4645 4645 4645 4522 4463 4463 4522 4522 4582 4582 4522
    4522 4522 4463 4463 4463 4463 4463 4405 4405 4405 4405 4349 4349
    4349 4295 4295 4295 4295 4295 821 819 815 815 815 815 813 813 813
    813 809 807 807 805 805 805 805 805 802 800 800 803 0 0 0 0 0 2701
    2680 2680 2701 2701 2723 2723 2744 2744 2744 2744 2789 2789 2789
    4774 4774 4774 4645 4645 4645 4645 4645 4645 4708 4708 4708 4708
    4708 4645 4645 4645 4645 4645 4645 4645 4645 4645 4645 4522 4463
    4463 4463 4463 4522 4582 4582 4522 4522 4463 4463 4463 4405 4405
    4405 4405 4405 4405 4405 4405 827 827 827 825 821 821 821 819 815
    815 815 815 813 813 811 811 809 807 807 805 805 805 805 803 802 800
    800 803 807 0 0 0 0 2701 2680 2680 2701 2701 2744 2744 2744 2744
    2744 2744 2789 2789 2789 4774 4774 4774 4708 4708 4708 4645 4645
    4645 4708 4708 4708 4708 4708 4645 4645 4645 4645 4645 4645 4645
    4645 4645 4645 4522 4463 4463 4463 4463 4463 4463 4522 4522 4522
    4463 4463 4463 4405 4405 4405 4405 4405 829 829 829 827 825 825 823
    821 821 821 819 819 817 815 815 813 813 811 811 809 807 807 807 805
    805 805 803 802 802 802 802 807 0 0 0 0 2723 2701 2701 2701 2723
    2744 2744 2744 2744 2744 2744 2789 2789 2789 4774 4774 4774 4708
    4708 4708 4708 4708 4708 4708 4708 4708 4708 4708 4708 4645 4645
    4645 4645 4645 4645 4645 4645 4582 4582 4463 4463 4463 4405 4405
    4463 4463 4463 4463 4463 4463 831 831 831 829 829 829 829 827 827
    827 825 825 823 823 821 821 819 819 817 815 815 815 813 811 811 809
    807 807 805 805 805 805 805 802 802 802 802 802 0 0 0 0 2723 2701
    2701 2723 2723 2744 2744 2744 2744 2744 2744 2789 2789 2789 4774
    4774 4774 4708 4708 4708 4708 4708 4774 4708 4708 4708 4708 4708
    4708 4645 4645 4645 4645 4645 4645 4645 4645 4582 4522 4463 4463
    4405 4405 4405 4463 4463 835 835 835 835 831 831 831 829 829 829 829
    827 827 827 825 825 823 823 821 821 819 819 817 817 815 815 813 811
    811 809 807 807 805 805 805 805 805 803 802 802 802 802 0 0 0 0 0
    2723 2723 2723 2744 2767 2767 2767 2767 2767 2767 2789 2789 2789
    4774 4774 4774 4708 4708 4708 4708 4708 4708 4708 4708 4708 4708
    4708 4645 4645 4645 4582 4582 4582 4582 4582 4582 4522 4463 4463
    4463 4405 843 843 843 839 835 835 835 835 833 831 831 829 829 829
    829 827 827 827 825 825 823 823 821 821 819 819 817 817 815 815 813
    813 811 809 807 807 805 805 805 803 803 803 803 802 802 802 0 0 0 0
    0 2744 2744 2744 2767 2767 2767 2767 2767 2767 2767 2789 2789 2789
    4774 4774 4774 4708 4708 4708 4708 4708 4708 4708 4708 4708 4708
    4708 4645 4645 4645 4582 4582 854 854 851 851 851 845 845 845 843
    843 843 841 839 837 837 835 835 833 831 831 829 829 829 829 827 827
    827 825 825 823 823 821 821 819 819 817 817 817 815 813 813 811 809
    807 807 805 805 805 803 803 803 803 803 803 803 0 0 0 0 0 0 2812
    2812 2812 2812 2789 2767 2767 2767 2767 2789 2789 2789 4708 4708
    4708 4774 4774 4708 4708 4708 4708 4708 4708 4708 867 867 871 871
    864 858 856 854 854 851 849 849 845 845 845 843 843 843 841 839 837
    837 835 835 835 833 831 829 829 829 829 827 827 827 825 825 823 823
    821 821 819 819 819 815 815 815 813 813 811 809 807 807 805 805 805
    803 803 803 803 803 803 803 0 0 0 0 0 0 2835 2835 2812 2812 2812
    2789 2789 2767 2767 2789 2789 2789 4708 4708 4708 887 887 885 885
    885 885 885 871 869 867 867 867 867 862 858 856 854 854 851 849 849
    847 845 845 843 843 843 841 839 837 837 835 835 835 833 831 831 829
    829 829 829 827 827 825 823 823 823 821 821 819 819 817 815 815 815
    813 811 811 809 807 807 807 805 805 805 803 803 803 803 803 803 0 0
    0 0 0 0 0 2835 2835 2835 2812 2789 2789 2789 2789 2812 2812 2789
    4708 875 875 885 885 885 882 880 875 871 869 867 864 864 864 862 860
    858 856 854 854 851 849 849 847 845 845 843 843 841 841 839 837 837
    835 835 835 833 833 831 829 829 829 829 827 827 825 823 823 823 821
    821 819 819 817 815 815 815 813 811 811 809 809 807 807 805 805 805
    803 803 803 802 800 800 0 0 0 0 0 0 0 2859 2835 2835 2812 2812 2812
    2812 2812 2835 2835 2812 878 873 873 873 873 873 875 873 871 869 867
    867 862 862 860 860 858 856 856 854 854 851 849 849 849 847 847 845
    841 841 839 839 837 837 835 835 835 835 833 831 829 829 829 829 827
    827 825 823 823 823 821 821 821 819 817 815 815 815 813 811 811 809
    809 807 807 807 805 805 805 805 803 802 800 800 0 0 0 0 0 0 0 2883
    2859 2859 2835 2835 2812 2812 2812 2835 2835 2812 875 873 873 873
    873 873 873 871 869 867 867 864 862 862 860 860 858 856 854 854 851
    851 851 851 849 847 847 845 841 841 839 839 837 837 835 835 835 833
    833 831 829 829 829 829 827 827 825 823 823 823 821 821 821 819 817
    815 815 815 813 811 811 809 809 807 807 805 805 805 805 805 803 800
    798 798 798 0 0 0 0 0 0 2908 2883 2859 2859 2835 2835 2812 2812 2835
    2835 2835 875 875 873 873 873 871 871 871 869 867 867 864 862 862
    860 858 856 854 854 854 851 851 849 849 847 845 845 843 843 841 839
    839 837 837 835 835 835 833 833 831 829 829 829 829 827 827 825 823
    823 823 821 821 819 819 817 815 815 815 813 813 811 809 809 807 807
    805 805 805 803 803 802 800 798 798 798 0 0 0 0 0 0 2908 2883 2859
    2859 2835 2835 2812 2812 2835 2835 2835 878 875 875 873 873 871 871
    871 869 867 867 862 862 860 860 858 856 854 854 851 851 851 849 847
    845 845 845 843 843 841 841 839 837 837 835 835 835 833 831 829 829
    829 829 827 827 827 827 825 825 823 821 821 819 817 817 815 815 815
    813 813 811 809 809 807 807 805 805 803 803 803 802 800 798 798 798
    0 0 0 0 0 0 0 2908 2883 2859 2835 2835 2835 2835 2835 2835 2835 878
    878 878 873 873 871 871 871 869 867 867 862 862 860 860 858 856 854
    854 851 851 851 849 847 845 845 845 843 843 843 841 839 837 837 835
    835 835 833 831 829 829 829 827 825 825 827 827 825 825 823 821 821
    819 817 817 815 815 815 813 813 811 809 809 807 807 805 805 803 803
    802 802 800 800 798 798 0 0 0 0 0 0 0 2908 2883 2859 2835 2835 2835
    2835 2859 2859 2859 878 878 875 873 871 871 869 869 869 867 864 862
    862 860 860 858 858 854 854 851 851 851 849 847 845 845 845 843 843
    843 841 839 837 837 837 835 835 833 831 829 829 829 827 825 825 827
    827 825 823 823 821 821 819 817 817 815 815 815 813 813 813 811 809
    809 807 807 805 805 803 802 802 800 800 798 798 0 0 0 0 0 0 2958
    2908 2908 2859 2859 2859 2835 2835 2859 2859 2859 875 878 875 873
    871 871 869 869 869 867 864 862 862 860 860 858 858 854 854 851 851
    851 849 847 847 845 845 843 843 843 841 839 837 837 837 835 835 833
    831 829 829 829 829 827 827 827 825 825 823 823 821 821 819 819 817
    817 815 815 813 813 813 811 811 809 807 807 805 805 803 802 802 800
    800 800 800 0 0 0 0 0 0 2933 2933 2908 2883 2859 2859 2859 2859 2883
    2859 2859 875 875 875 873 871 871 869 869 869 867 864 864 862 860
    860 860 858 856 854 854 851 851 851 849 847 845 845 843 843 841 841
    839 839 837 837 837 835 833 833 829 829 831 829 829 829 827 825 825
    823 823 823 821 821 819 817 817 815 815 813 813 813 811 811 809 807
    807 805 805 805 803 802 802 800 800 802 0 0 0 0 0 0 2933 2933 2908
    2908 2883 2883 2859 2859 2883 2859 2859 875 875 875 873 871 871 869
