<?xml version="1.0"?>
<opencv_storage>
<Depth4161 type_id="opencv-matrix">
  <rows>7</rows>
  <cols>18</cols>
  <dt>w</dt>
  <data>
    5832 5832 5640 5640 5734 5734 5734 5734 5734 5734 5734 5832 5933
    5832 5832 6889 6889 6889 5832 5832 5734 5734 5734 5734 5734 5734
    5734 5734 5734 5734 5734 5734 5640 5640 5640 5640 5734 5734 5734
    5734 5734 5734 5832 5734 5734 5734 5734 5734 5734 5734 5640 5640
    5640 5640 5734 5734 5734 5734 5734 5832 5832 5832 5734 5734 5734
    5734 5734 5734 5734 5734 5640 5548 0 5734 5734 5734 5734 5734 5832
    5832 5734 5734 5734 5734 5734 5734 5734 5734 5640 5548 0 0 0 5734
    5640 5640 5734 5832 5832 5734 5734 5734 5734 5734 5734 5734 5734
    5734 0 0 0 0 5640 5640 5734 5832 5832 5734 5734 5734 5734 5734 5734
    5734 5734 0</data></Depth4161>
</opencv_storage>
