<?xml version="1.0"?>
<opencv_storage>
<Depth15808 type_id="opencv-matrix">
  <rows>8</rows>
  <cols>14</cols>
  <dt>w</dt>
  <data>
    5832 5832 5832 5832 5734 5640 5640 5548 5548 5640 5640 5640 5640
    5640 5640 5640 5640 5640 5548 5548 5548 5548 5460 5460 5548 5548
    5548 5548 5548 5548 5548 5548 5548 5548 5460 5460 5374 5374 5460
    5460 5460 5548 5460 5460 5460 5460 5460 5460 5460 5374 5374 5374
    5374 5460 5460 5460 5374 5374 5374 5374 5374 5374 5374 5291 5291
    5291 5291 5374 3994 3994 5291 5291 5291 5291 5374 5291 5291 5210
    5210 5210 5210 5374 3994 3994 5210 5210 5210 5210 5210 5210 5210
    5210 5132 3774 3774 3816 3816 3903 5132 5132 5132 5132 5132 5132
    5132 3816 3774 3774 3774 3774 3774 3816</data></Depth15808>
</opencv_storage>
