<?xml version="1.0"?>
<opencv_storage>
<Depth3002 type_id="opencv-matrix">
  <rows>39</rows>
  <cols>13</cols>
  <dt>w</dt>
  <data>
    0 2701 2680 2680 2701 2680 2680 2659 2639 2639 2659 2680 2680 0 2701
    2701 2701 2701 2701 2680 2680 2659 2659 2659 2680 2701 0 2701 2701
    2701 2701 2701 2701 2680 2659 2659 2659 2680 2723 0 2723 2723 2723
    2701 2701 2701 2680 2680 2680 2680 2701 2723 0 2723 2723 2723 2701
    2701 2701 2701 2680 2680 2680 2680 2789 0 2723 2723 2723 2723 2701
    2701 2701 2680 2680 2680 2680 2723 0 2723 2723 2723 2723 2701 2701
    2701 2701 2701 2701 2701 2723 0 0 2723 2723 2723 2723 2723 2701 2701
    2701 2701 2701 2723 0 0 2744 2723 2723 2723 2723 2723 2701 2701 2701
    2701 2723 0 0 2744 2744 2744 2744 2744 2723 2723 2723 2723 2723 2744
    0 0 2744 2744 2767 2744 2744 2723 2723 2723 2723 2723 2744 2723 2723
    2767 2767 2767 2744 2744 2723 2723 2723 2723 2723 2744 2723 2723
    2767 2767 2767 2767 2744 2723 2723 2723 2723 2744 2744 2744 2744
    2767 2767 2767 2767 2744 2723 2723 2744 2744 2767 2812 2744 2744
    2767 2767 2789 2767 2744 2744 2744 2744 2767 2789 2812 2744 2744
    2767 2767 2789 2789 2767 2744 2744 2767 2789 2812 3903 2767 2767
    2789 2789 2789 2789 2767 2767 2767 2767 2789 2789 3948 2789 2789
    2789 2789 2789 2789 2789 2767 2767 2767 2789 2789 3948 2789 2789
    2789 2789 2789 2789 2789 2767 2767 2767 2789 2789 3903 2789 2789
    2789 2789 2789 2789 2789 2789 2789 2789 2789 2789 3903 2789 2789
    2789 2789 2789 2789 2789 2789 2789 2789 2789 2789 3948 2789 2789
    2789 2812 2812 2789 2789 2812 2812 2789 2789 2789 3948 2789 2789
    2789 2812 2812 2812 2812 2812 2812 2812 2812 2812 3948 2812 2812
    2812 2812 2812 2812 2812 2812 2812 2789 2789 2812 3903 2835 2835
    2835 2812 2812 2812 2812 2812 2812 2789 2789 2812 3816 2835 2835
    2835 2835 2812 2812 2812 2812 2812 2835 2835 2859 3816 2883 2883
    2883 2835 2812 2812 2812 2812 2812 2835 2835 2859 3010 2908 2883
    2883 2883 2859 2835 2835 2812 2812 2835 2835 2883 3010 2883 2883
    2883 2883 2859 2859 2835 2812 2812 2835 2908 2984 2984 2883 2883
    2883 2883 2883 2883 2859 2835 2835 2883 2908 2958 2958 2883 2883
    2883 2883 2883 2883 2859 2835 2835 2883 2908 2933 2933 2883 2883
    2883 2883 2883 2883 2859 2859 2859 2883 2908 2908 2908 2883 2883
    2908 2883 2883 2883 2859 2859 2859 2883 2908 2908 3576 2908 2908
    2908 2883 2883 2883 2859 2859 2883 2883 2908 2908 3576 2908 2908
    2908 2883 2883 2883 2883 2883 2883 2908 2908 3653 3614 2908 2908
    2908 2908 2883 2883 2883 2883 2908 2908 2908 3653 3614 2908 2908
    2908 2908 2256 2256 2256 2256 2908 2908 2908 3653 3653 2933 2933
    2933 2226 2226 2256 2256 2256 2933 2933 2933 3653 3653 2933 2933
    2226 2226 2226 2256 2256 2256 2933 2933 2933 3614 3614</data></Depth3002>
</opencv_storage>
