<?xml version="1.0"?>
<opencv_storage>
<Depth0992 type_id="opencv-matrix">
  <rows>37</rows>
  <cols>56</cols>
  <dt>w</dt>
  <data>
    3732 3774 3732 1894 1894 1894 1904 1904 1894 1894 1883 1883 1883
    1883 1883 1883 1883 1883 1883 1894 1894 1894 3692 3692 3692 3692
    3692 3692 3692 3692 3692 3692 3692 3732 3732 3774 3732 3732 3732
    3732 3774 3816 3816 3816 3816 3859 3816 3816 3816 3816 3859 3859
    3859 3859 3859 3859 3732 3774 3732 1894 1894 1894 1894 1894 1894
    1894 1894 1894 1894 1883 1883 1883 1883 1883 1883 1894 1894 1894
    1894 1894 1883 1883 1883 1883 1883 1883 1883 1883 1883 1883 1883
    1883 1873 1873 3732 3732 3732 3774 3816 3816 3816 3816 3816 3816
    3816 3859 3816 3816 3816 3816 3816 3859 3774 3774 1904 1904 1904
    1894 1894 1894 1894 1894 1894 1894 1894 1883 1883 1883 1883 1883
    1883 1883 1883 1883 1883 1894 1883 1883 1883 1883 1883 1883 1883
    1883 1883 1883 1883 1873 1873 1873 1873 1883 1883 1883 1873 1873
    1863 1863 1883 1883 1883 1894 3816 3816 3816 3816 3816 3859 3774
    3774 1915 1915 1904 1894 1894 1894 1894 1894 1894 1894 1894 1883
    1883 1883 1883 1883 1883 1883 1883 1883 1883 1883 1883 1883 1883
    1883 1883 1883 1883 1883 1883 1883 1883 1873 1873 1873 1873 1883
    1873 1873 1873 1873 1863 1863 1873 1883 1883 1883 1883 1883 1883
    1873 1873 3859 3774 3774 1915 1915 1904 1894 1894 1894 1894 1894
    1883 1883 1894 1894 1894 1894 1883 1883 1883 1883 1883 1883 1883
    1883 1883 1883 1883 1883 1883 1883 1883 1883 1883 1883 1883 1883
    1883 1883 1873 1873 1873 1873 1873 1873 1873 1873 1873 1883 1883
    1883 1883 1883 1883 1873 1863 1863 3774 3859 1894 1894 1894 1894
    1894 1894 1883 1883 1883 1883 1894 1894 1894 1894 1883 1883 1883
    1883 1883 1883 1883 1883 1883 1883 1883 1883 1883 1883 1883 1883
    1883 1883 1883 1883 1883 1883 1873 1873 1873 1873 1873 1873 1873
    1883 1883 1883 1873 1873 1883 1873 1873 1863 1863 1863 3816 1894
    1894 1894 1894 1894 1894 1894 1883 1883 1883 1883 1883 1883 1894
    1894 1894 1883 1883 1883 1883 1883 1883 1883 1883 1883 1883 1883
    1883 1883 1883 1883 1883 1883 1883 1883 1883 1873 1873 1873 1873
    1873 1873 1873 1873 1883 1883 1883 1873 1873 1873 1873 1873 1863
    1863 1863 3816 1894 1894 1894 1894 1894 1894 1894 1894 1894 1883
    1883 1883 1883 1883 1894 1883 1883 1883 1883 1883 1883 1883 1883
    1883 1883 1883 1873 1873 1873 1873 1873 1883 1883 1883 1873 1873
    1873 1873 1873 1873 1873 1873 1883 1883 1883 1883 1883 1883 1873
    1873 1873 1863 1863 1863 1863 3816 1894 1894 1894 1894 1894 1894
    1894 1894 1894 1883 1883 1883 1883 1883 1883 1883 1883 1883 1883
    1883 1883 1883 1883 1883 1883 1883 1873 1873 1873 1873 1873 1883
    1883 1883 1873 1873 1873 1873 1873 1873 1873 1883 1883 1883 1883
    1883 1883 1873 1873 1873 1863 1863 1863 1863 1863 3816 3816 1894
    1894 1894 1894 1894 1894 1894 1894 1883 1883 1883 1883 1883 1883
    1883 1883 1883 1883 1883 1883 1883 1883 1883 1883 1883 1883 1873
    1873 1883 1883 1883 1873 1873 1873 1873 1873 1873 1873 1883 1883
    1873 1873 1873 1883 1883 1873 1873 1863 1863 1863 1863 1863 1863
    1863 3816 3816 1894 1894 1894 1894 1894 1894 1894 1894 1894 1883
    1883 1883 1883 1883 1883 1883 1883 1883 1883 1883 1883 1883 1883
    1883 1883 1883 1873 1873 1873 1883 1883 1873 1873 1873 1873 1873
    1873 1873 1883 1883 1873 1873 1873 1873 1873 1873 1863 1863 1863
    1863 1863 1863 1873 1873 3816 3859 1894 1894 1894 1894 1894 1894
    1894 1894 1883 1883 1883 1883 1883 1883 1883 1883 1883 1883 1883
    1883 1883 1883 1883 1883 1883 1883 1873 1873 1873 1883 1883 1873
    1873 1873 1873 1873 1873 1873 1873 1873 1873 1873 1873 1873 1873
    1863 1863 1863 1863 1863 1873 1873 1883 4295 3859 3859 1883 1883
    1894 1894 1894 1894 1894 1883 1883 1883 1883 1883 1883 1883 1883
    1883 1883 1883 1883 1883 1883 1883 1883 1883 1883 1883 1883 1873
    1873 1873 1873 1873 1873 1873 1873 1873 1873 1873 1873 1873 1873
    1873 1873 1873 1873 1863 1863 1863 1863 1863 1873 1873 1873 4295
    3903 3903 1883 1883 1894 1894 1894 1894 1883 1883 1883 1883 1883
    1883 1883 1883 1883 1883 1883 1883 1883 1883 1883 1883 1883 1883
    1883 1883 1883 1873 1873 1873 1873 1873 1873 1873 1873 1873 1873
    1873 1873 1873 1873 1873 1873 1873 1873 1873 1863 1863 1863 1863
    1863 1863 1863 4241 3948 3948 1883 1883 1894 1894 1894 1894 1883
    1883 1883 1883 1883 1883 1883 1883 1883 1883 1883 1883 1883 1883
    1883 1883 1883 1883 1883 1883 1883 1883 1883 1883 1883 1873 1873
    1873 1873 1873 1873 1873 1873 1883 1883 1873 1873 1873 1873 1873
    1863 1863 1863 1863 1863 1863 1863 4241 4041 1883 1883 1883 1894
    1894 1894 1894 1883 1883 1883 1883 1883 1883 1883 1883 1883 1883
    1883 1883 1883 1883 1883 1883 1873 1873 1873 1883 1883 1883 1883
    1883 1883 1873 1873 1873 1873 1873 1873 1873 1873 1883 1883 1873
    1873 1863 1863 1873 1873 1863 1863 1863 1863 1863 1863 0 1947 1915
    1894 1894 1894 1894 1883 1883 1883 1883 1883 1883 1883 1883 1883
    1883 1883 1883 1883 1883 1883 1883 1883 1883 1873 1873 1873 1883
    1883 1883 1883 1883 1883 1873 1873 1863 1863 1873 1873 1873 1873
    1883 1883 1873 1873 1863 1863 1873 1873 1873 1873 1873 1873 1873
    1883 0 1926 1915 1894 1894 1894 1894 1883 1883 1883 1883 1883 1883
    1883 1883 1883 1883 1883 1883 1883 1883 1883 1883 1883 1883 1883
    1873 1873 1873 1883 1883 1883 1883 1873 1873 1873 1863 1863 1873
    1873 1873 1883 1883 1883 1883 1873 1873 1873 1873 1873 1873 1873
    1873 1873 1873 1883 0 1926 1915 1894 1894 1894 1894 1883 1883 1883
    1883 1883 1883 1883 1883 1883 1883 1883 1883 1883 1883 1883 1873
    1873 1873 1873 1873 1873 1873 1873 1873 1883 1873 1873 1873 1873
    1873 1873 1873 1883 1883 1883 1883 1883 1883 1873 1873 1873 1873
    1873 1873 1873 1883 1873 1873 1883 0 4349 1894 1894 1894 1894 1883
    1883 1883 1883 1883 1883 1883 1883 1883 1883 1883 1883 1883 1883
    1883 1883 1873 1873 1873 1873 1873 1873 1873 1873 1873 1883 1873
    1873 1873 1873 1873 1873 1873 1873 1873 1873 1873 1873 1883 1873
    1873 1873 1873 1873 1873 1873 1883 1873 1873 0 0 4405 1894 1894 1894
    1894 1883 1883 1883 1883 1883 1883 1883 1883 1883 1883 1883 1883
    1883 1873 1873 1883 1883 1883 1873 1873 1873 1873 1873 1873 1873
    1873 1873 1873 1873 1873 1883 1883 1873 1873 1873 1873 1873 1873
    1873 1873 1873 1873 1873 1873 1873 1873 1873 1863 1863 0 0 1894 1894
    1894 1894 1894 1883 1883 1883 1883 1883 1883 1883 1883 1883 1883
    1883 1883 1883 1873 1873 1883 1883 1883 1873 1873 1873 1873 1873
    1873 1873 1873 1873 1873 1873 1873 1873 1873 1873 1873 1873 1873
    1873 1873 1873 1873 1873 1873 1873 1873 1873 1873 1873 1863 1863 0 0
    1894 1894 1894 1894 1894 1883 1883 1883 1883 1883 1883 1883 1883
    1883 1883 1883 1883 1883 1873 1873 1883 1883 1883 1873 1873 1873
    1883 1883 1883 1873 1873 1873 1873 1873 1873 1873 1873 1873 1863
    1863 1863 1863 1873 1873 1873 1873 1873 1873 1873 1873 1873 1873
    1863 1863 0 0 1894 1894 1894 1894 1883 1883 1883 1883 1883 1883 1883
    1883 1883 1883 1883 1883 1883 1883 1883 1883 1883 1883 1883 1873
    1873 1873 1873 1873 1873 1883 1873 1873 1873 1873 1873 1873 1863
    1863 1863 1863 1863 1863 1873 1863 1863 1873 1873 1873 1873 1873
    1873 1873 1873 1863 1863 0 1894 1894 1894 1894 1883 1883 1883 1883
    1883 1883 1883 1883 1883 1883 1883 1883 1883 1883 1883 1883 1883
    1883 1883 1873 1873 1873 1873 1873 1873 1873 1873 1873 1873 1873
    1873 1873 1863 1863 1873 1873 1873 1873 1873 1863 1863 1873 1873
    1873 1873 1873 1873 1873 1873 1863 1863 1883 1883 1894 1894 1894
    1883 1883 1883 1883 1883 1883 1883 1883 1883 1883 1883 1883 1883
    1883 1883 1883 1883 1883 1883 1873 1873 1873 1873 1873 1873 1873
    1873 1873 1873 1873 1873 1873 1863 1863 1873 1873 1873 1873 1873
    1863 1863 1863 1863 1863 1863 1863 1863 1863 1873 1873 1873 1883
    1883 1894 1894 1894 1883 1883 1883 1883 1883 1883 1883 1883 1883
    1883 1883 1883 1883 1883 1883 1883 1883 1883 1883 1873 1873 1873
