<?xml version="1.0"?>
<opencv_storage>
<Depth8686 type_id="opencv-matrix">
  <rows>75</rows>
  <cols>36</cols>
  <dt>w</dt>
  <data>
    5374 5374 5460 5460 5374 1404 1404 1387 1387 1392 1392 1404 1404
    1410 1410 1404 1404 1392 1392 1392 1359 5548 5548 5548 5460 5460
    5460 5460 5548 5460 5460 5460 5374 5374 5210 5210 5374 0 1376 1387
    1387 1387 1387 1381 1381 1381 1392 1398 1392 1381 1381 1381 1381
    1370 1365 1359 1359 1359 1359 5460 5460 5460 5460 5640 5548 5460
    5460 5374 5291 5210 5210 5210 0 0 1376 1359 1381 1381 1376 1349 1338
    1338 1392 1398 1392 1359 1359 1349 1349 1359 1365 1359 1359 1359 0
    1268 1264 1250 1245 5548 5548 5548 5460 5374 5291 5210 5210 5210 0 0
    1376 1359 1354 1354 1343 1343 1338 1333 1317 1317 1283 1283 1359
    1349 1349 1359 1365 1365 1365 1365 1268 1268 1264 1250 1245 1245
    1245 1245 1245 1236 1236 5210 5210 5210 0 0 1365 1359 1349 1349 1333
    1333 1333 1292 1292 1288 1283 1283 1283 1227 1241 1283 1283 1278
    1273 1268 1268 1268 1264 1250 1245 1245 1245 1245 1245 1236 1236
    1236 5210 5210 0 0 1365 1359 1349 1349 1302 1283 1283 1292 1292 1288
    1288 1288 1227 1227 1241 1241 1245 1245 1273 1268 1268 1255 1250
    1250 1245 1245 1245 1245 1236 1236 1236 1236 1236 5210 0 0 1365 1354
    1349 1338 1288 1283 1283 1283 1202 1210 1210 1210 1219 1219 1223
    1223 1227 1227 1227 1227 1232 1236 1236 1236 1236 1245 1245 1245
    1236 1236 1236 1236 1236 1245 0 0 1365 1354 1349 1338 1283 1283 1283
    1283 1202 1202 1206 1206 1206 1210 1214 1214 1214 1214 1214 1223
    1227 1232 1232 1232 1232 1232 1236 1241 1241 1241 1241 1241 1245
    1245 0 0 1387 1365 1349 1338 1283 1283 1283 1283 1202 1202 1206 1206
    1206 1210 1210 1210 1210 1210 1210 1214 1219 1227 1232 1232 1232
    1232 1236 1236 1241 1245 1245 1245 1245 1245 0 0 0 1365 1343 1307
    1283 1278 1278 1214 1206 1206 1206 1206 1206 1210 1210 1210 1210
    1210 1210 1214 1219 1227 1232 1232 1232 1232 1236 1236 1241 1245
    1245 1245 1245 1245 0 0 0 1365 1343 1307 1283 1273 1273 1214 1210
    1210 1206 1206 1206 1210 1210 1210 1210 1210 1210 1214 1219 1227
    1227 1227 1232 1232 1232 1232 1236 1245 1245 1245 1245 1245 0 0 0
    1365 1343 1312 1283 1268 1250 1219 1210 1210 1206 1206 1206 1210
    1210 1210 1210 1210 1214 1214 1219 1227 1227 1227 1232 1232 1232
    1232 1232 1245 1245 1245 1250 1250 0 0 0 1365 1338 1312 1273 1259
    1245 1223 1210 1206 1206 1202 1202 1210 1210 1210 1210 1210 1214
    1214 1219 1223 1223 1227 1227 1232 1232 1232 1232 1245 1245 1245
    1250 0 0 0 0 1365 1338 1312 1273 1255 1245 1227 1214 1206 1202 1202
    1202 1210 1210 1210 1210 1210 1214 1219 1219 1223 1223 1227 1227
    1232 1232 1232 1236 1241 1245 1245 1245 0 0 0 0 1354 1338 1312 1273
    1255 1236 1223 1210 1206 1202 1202 1202 1206 1210 1210 1210 1210
    1214 1219 1219 1223 1223 1227 1227 1232 1232 1232 1236 1241 1245
    1245 1245 0 0 0 1365 1354 1338 1317 1268 1250 1236 1223 1210 1202
    1197 1197 1202 1206 1206 1210 1210 1210 1214 1219 1223 1227 1227
    1227 1227 1232 1232 1232 1236 1241 1241 1241 1245 0 0 0 1365 1359
    1338 1317 1264 1250 1236 1223 1210 1202 1197 1197 1202 1206 1206
    1210 1210 1210 1210 1214 1219 1227 1227 1227 1227 1232 1232 1232
    1236 1236 1241 1241 1245 1245 0 0 1376 1359 1338 1338 1264 1250 1236
    1223 1210 1206 1202 1202 1206 1206 1206 1210 1210 1210 1210 1214
    1219 1227 1227 1227 1227 1232 1232 1232 1236 1236 1241 1245 1245
    1245 0 0 1370 1359 1338 1338 1268 1250 1236 1223 1210 1206 1202 1202
    1206 1206 1206 1206 1210 1210 1210 1214 1219 1227 1227 1227 1227
    1232 1232 1232 1236 1241 1232 1232 1245 1245 0 1398 1370 1365 1333
    1333 1264 1250 1241 1227 1214 1206 1202 1202 1206 1206 1206 1206
    1210 1210 1210 1214 1219 1227 1232 1232 1232 1232 1232 1232 1236
    1241 1232 1232 1232 0 0 1392 1381 1343 1317 1302 1264 1250 1241 1232
    1214 1206 1202 1202 1202 1206 1206 1206 1210 1210 1214 1214 1219
    1227 1232 1232 1232 1232 1232 1232 1236 1241 1241 1241 1241 0 0 1392
    1381 1338 1317 1302 1302 1245 1236 1227 1214 1206 1202 1202 1202
    1206 1206 1206 1210 1210 1214 1214 1219 1227 1227 1232 1232 1232
    1232 1232 1232 1241 1241 1245 1245 0 0 1392 1381 1338 1317 1307 1250
    1245 1236 1223 1210 1202 1202 1202 1206 1206 1206 1206 1210 1210
    1210 1214 1219 1227 1227 1232 1232 1232 1232 1232 1232 1245 1245
    1245 1245 0 0 1392 1381 1343 1322 1307 1250 1250 1236 1223 1210 1202
    1197 1197 1206 1206 1210 1210 1210 1210 1210 1210 1219 1227 1227
    1232 1232 1232 1232 1232 1232 1245 1245 1245 1245 0 0 1398 1381 1343
    1328 1302 1255 1255 1236 1223 1210 1197 1197 1197 1202 1206 1210
    1210 1210 1210 1210 1210 1214 1223 1227 1227 1227 1227 1232 1232
    1236 1245 1245 1245 1245 1245 0 1398 1349 1343 1328 1302 1259 1255
    1241 1223 1210 1197 1197 1197 1202 1206 1206 1210 1210 1210 1210
    1210 1214 1223 1227 1227 1227 1227 1232 1232 1236 1241 1241 1245
    1245 1245 0 1398 1349 1343 1328 1292 1264 1259 1241 1223 1202 1197
    1197 1202 1206 1206 1206 1210 1210 1210 1210 1214 1214 1223 1223
    1232 1232 1232 1232 1232 1241 1241 1241 1232 1232 1232 0 0 1349 1338
    1322 1288 1273 1259 1245 1223 1202 1197 1197 1202 1206 1206 1206
    1206 1210 1210 1210 1214 1219 1223 1223 1232 1232 1232 1232 1232
    1241 1245 1245 1232 1232 1232 0 0 1343 1328 1322 1288 1273 1259 1245
    1219 1206 1202 1202 1202 1206 1206 1206 1206 1210 1210 1210 1214
    1223 1223 1223 1232 1232 1232 1232 1232 1245 1245 1245 1241 1232
    1232 0 0 1343 1328 1317 1283 1278 1264 1236 1219 1206 1202 1202 1206
    1206 1206 1206 1206 1210 1210 1210 1214 1219 1227 1227 1227 1227
    1227 1232 1232 1245 1245 1245 1241 1232 1232 0 0 1343 1328 1317 1283
    1278 1255 1232 1219 1206 1202 1202 1206 1206 1210 1210 1210 1210
    1210 1210 1214 1219 1223 1227 1227 1227 1227 1232 1232 1245 1245
    1241 1241 1241 1241 0 1387 1343 1328 1317 1288 1278 1255 1232 1210
    1206 1202 1202 1202 1206 1206 1206 1210 1210 1210 1210 1214 1219
    1223 1227 1227 1227 1227 1232 1232 1245 1245 1241 1241 0 0 0 1387
    1343 1328 1317 1297 1288 1250 1232 1210 1206 1202 1202 1202 1206
    1206 1206 1206 1210 1210 1214 1214 1219 1223 1223 1223 1223 1227
    1232 1232 1245 1245 1245 1245 1245 0 0 1387 1343 1333 1322 1312 1312
    1250 1236 1210 1202 1202 1202 1202 1206 1206 1206 1206 1210 1210
    1214 1214 1219 1223 1223 1223 1223 1227 1227 1232 1245 1245 1245
    1250 0 0 0 1387 1343 1333 1322 1322 1264 1250 1241 1206 1202 1202
    1202 1206 1206 1206 1206 1206 1210 1210 1210 1214 1214 1223 1223
    1227 1227 1227 1227 1236 1241 1241 1245 1245 0 0 0 0 1333 1333 1322
    1322 1259 1250 1241 1206 1202 1202 1202 1202 1206 1206 1206 1206
    1210 1210 1210 1214 1214 1219 1223 1223 1227 1227 1227 1232 1241
    1241 1241 0 0 0 0 0 1328 1322 1322 1322 1259 1250 1232 1210 1202
    1202 1202 1202 1206 1206 1206 1206 1210 1210 1210 1214 1214 1219
    1223 1223 1227 1227 1227 1232 1241 1241 1241 1241 0 0 0 0 1328 1317
    1317 1288 1259 1250 1227 1210 1206 1206 1206 1202 1202 1206 1206
    1206 1210 1210 1210 1214 1214 1223 1223 1227 1227 1227 1232 1232
    1236 1236 1241 1241 0 0 0 0 1328 1312 1312 1288 1273 1250 1227 1214
    1206 1206 1206 1202 1202 1206 1206 1206 1210 1210 1214 1214 1219
    1223 1223 1227 1227 1232 1232 1232 1236 1236 1236 1241 0 0 0 0 1343
    1312 1307 1297 1283 1250 1223 1214 1206 1206 1206 1206 1206 1206
    1206 1206 1210 1210 1214 1214 1219 1227 1227 1227 1227 1232 1232
    1236 1236 1236 1236 1236 0 0 0 0 1343 1322 1307 1297 1268 1236 1219
    1210 1206 1206 1206 1206 1206 1206 1206 1206 1210 1210 1214 1214
    1214 1223 1227 1227 1227 1232 1232 1236 1236 1236 1236 1236 0 0 0 0
    1343 1322 1307 1288 1268 1236 1219 1210 1206 1202 1202 1206 1206
    1206 1206 1206 1210 1210 1214 1214 1214 1223 1227 1227 1227 1232
    1232 1232 1232 1241 1241 1241 0 0 0 0 1349 1322 1307 1288 1268 1236
    1219 1206 1202 1202 1202 1202 1206 1206 1206 1210 1210 1210 1210
    1214 1214 1223 1227 1227 1227 1227 1232 1232 1232 1241 1241 1241 0 0
