<?xml version="1.0"?>
<opencv_storage>
<Depth17144 type_id="opencv-matrix">
  <rows>10</rows>
  <cols>109</cols>
  <dt>w</dt>
  <data>
    2908 2908 2933 2933 2933 2933 2933 2908 2908 2933 2908 2908 2908
    2908 2908 2933 2933 2908 2908 2908 2908 2908 2933 2933 2933 2933
    2908 2908 2933 2958 2933 2933 2933 3503 3468 2933 2933 2908 2908
    2933 2883 2883 2859 2859 2859 2835 2835 2835 2859 2859 3539 3539
    3539 2883 2883 2883 2883 2883 2883 2859 2859 3653 3653 3614 3576
    3576 3614 3653 3653 3653 3653 3653 3653 3614 3614 3653 3653 3653
    3653 3692 3653 2883 2883 3576 3692 3692 3692 2835 2835 3692 3692
    2958 2908 2883 2883 2908 3732 3692 3692 3732 3732 3774 3774 3774
    3774 3732 3732 3732 3732 2908 2908 2933 2933 2933 2933 2933 2908
    2908 2908 2908 2908 2908 2908 2908 2908 2933 2908 2908 2908 2908
    2908 2908 2908 2908 2908 2908 2908 2908 2908 2908 2908 2835 2835
    2835 2859 2883 2883 2883 2908 2883 2883 2859 2859 2859 2835 2835
    2835 2859 2859 2883 2883 2883 2859 2859 2859 2859 2883 2859 2859
    2859 3653 2835 2835 2883 2883 2883 2883 2883 2883 2883 2883 2835
    2835 2835 2835 2859 2859 2859 2859 2859 2859 2859 2859 2859 2859
    2835 2835 2835 2835 2835 2883 2908 2883 2883 2908 2908 2908 2908
    2883 2883 2883 3732 3732 3732 3732 3732 3732 3732 2908 2908 2908
    2908 2908 2908 2883 2883 2883 2908 2908 2908 2908 2908 2908 2908
    2908 2908 2883 2883 2908 2908 2908 2883 2883 2883 2883 2883 2883
    2883 2859 2835 2835 2835 2835 2859 2883 2883 2883 2859 2859 2859
    2859 2835 2835 2835 2835 2859 2859 2859 2859 2859 2859 2859 2859
    2859 2859 2883 2859 2859 2835 2835 2835 2835 2859 2859 2859 2859
    2859 2859 2859 2835 2812 2812 2812 2835 2859 2859 2859 2859 2859
    2859 2835 2835 2835 2812 2812 2812 2812 2835 2835 2883 2883 2883
    2883 2883 2883 2883 2883 2883 2883 2859 2859 3732 3732 3692 3692
    3692 3692 2212 2908 2883 2859 2859 2883 2859 2859 2883 2883 2883
    2908 2883 2859 2859 2859 2859 2859 2859 2859 2883 2883 2883 2859
    2859 2859 2859 2859 2859 2859 2835 2835 2835 2835 2835 2835 2835
    2835 2835 2835 2835 2859 2859 2835 2835 2835 2835 2859 2859 2859
    2859 2859 2859 2859 2859 2859 2859 2859 2835 2835 2835 2835 2835
    2835 2835 2812 2812 2812 2835 2859 2835 2812 2812 2812 2812 2835
    2835 2835 2859 2859 2859 2859 2835 2835 2812 2812 2812 2812 2812
    2835 2835 2859 2859 2859 2859 2859 2859 2883 2883 2883 2883 2859
    2859 2859 3692 3692 3692 3692 3692 2212 2212 2883 2835 2835 2835
    2835 2835 2859 2883 2883 2883 2883 2835 2835 2835 2859 2859 2859
    2859 2859 2859 2859 2835 2835 2835 2835 2835 2835 2835 2835 2835
    2835 2835 2835 2835 2812 2812 2812 2835 2835 2835 2835 2835 2835
    2835 2835 2835 2859 2859 2859 2835 2835 2835 2835 2835 2812 2812
    2835 2835 2835 2835 2835 2835 2835 2812 2812 2812 2812 2812 2835
    2812 2812 2812 2812 2812 2812 2835 2835 2859 2859 2835 2835 2812
    2789 2789 2789 2812 2812 2835 2835 2835 2835 2812 2812 2812 2812
    2835 2859 2859 2859 2859 2835 2812 2789 2789 2767 2767 3653 2212
    2184 2170 2170 2835 2835 2835 2835 2859 2859 2883 2883 2859 2835
    2835 2835 2835 2859 2859 2859 2835 2835 2859 2835 2835 2835 2835
    2835 2835 2835 2835 2835 2835 2835 2835 2835 2812 2812 2812 2835
    2835 2835 2835 2835 2835 2835 2835 2835 2835 2835 2835 2835 2835
    2835 2835 2812 2812 2812 2835 2835 2835 2835 2835 2835 2835 2812
    2812 2812 2812 2812 2812 2812 2812 2812 2812 2812 2812 2835 2835
    2859 2859 2835 2812 2812 2789 2789 2789 2812 2812 2835 2835 2835
    2812 2812 2812 2812 2812 2812 2835 2835 2835 2835 2812 2789 2789
    2789 2767 2767 3576 2212 2184 2170 2170 2170 2170 2835 2835 2859
    2859 2883 2883 2859 2835 2835 2835 2835 2835 2835 2859 2835 2835
    2859 2859 2859 2859 2859 2859 2835 2835 2835 2835 2835 2835 2835
    2835 2835 2835 2835 2835 2835 2835 2835 2835 2835 2835 2835 2835
    2835 2835 2835 2835 2835 2835 2835 2812 2812 2835 2835 2835 2835
    2835 2835 2835 2835 2835 2789 2789 2812 2812 2812 2835 2812 2812
    2812 2812 2812 2812 2835 2835 2835 2835 2812 2812 2789 2789 2812
    2812 2812 2835 2835 2835 2812 2812 2812 2789 2789 2789 2789 2789
    2812 2812 2812 2789 2789 2789 2789 2789 3576 2198 2184 2184 2184
    2170 2170 2859 2859 2859 2859 2883 2859 2859 2859 2835 2835 2835
    2835 2835 2859 2835 2835 2859 2859 2859 2859 2859 2859 2835 2835
    2835 2835 2835 2835 2835 2835 2835 2835 2835 2859 2859 2859 2859
    2859 2835 2835 2835 2835 2835 2835 2835 2835 2835 2835 2835 2812
    2812 2835 2835 2835 2812 2812 2835 2835 2835 2812 2789 2789 2812
    2812 2812 2835 2835 2835 2812 2812 2812 2812 2812 2835 2835 2835
    2812 2812 2812 2812 2812 2835 2835 2835 2835 2835 2835 2812 2812
    2789 2789 2789 2789 2789 2812 2812 2789 2789 2789 2767 2767 2767
    2767 2198 2184 2184 2184 2170 2170 2859 2859 2859 2859 2859 2859
    2859 2859 2859 2859 2835 2835 2835 2835 2859 2859 2859 2859 2859
    2859 2835 2835 2835 2835 2835 2835 2835 2835 2835 2835 2835 2835
    2835 2859 2859 2859 2859 2859 2859 2859 2859 2835 2835 2835 2835
    2835 2835 2835 2835 2835 2835 2835 2835 2835 2812 2812 2835 2835
    2812 2812 2812 2812 2812 2812 2835 2835 2835 2835 2812 2812 2835
    2812 2812 2835 2835 2835 2812 2812 2812 2812 2812 2835 2835 2835
    2835 2835 2835 2835 2812 2789 2789 2789 2767 2767 2789 2789 2789
    2767 2767 2767 2767 2767 2767 2198 2198 2184 2184 2170 2170 2859
    2859 2859 2859 2859 2859 2859 2859 2859 2859 2835 2835 2835 2835
    2859 2859 2859 2859 2859 2859 2835 2835 2835 2835 2835 2835 2835
    2835 2835 2835 2835 2835 2835 2859 2859 2859 2859 2859 2859 2859
    2859 2835 2835 2835 2835 2835 2835 2835 2835 2835 2835 2835 2835
    2835 2812 2812 2835 2835 2812 2812 2812 2812 2835 2835 2835 2835
    2835 2835 2835 2835 2835 2835 2835 2835 2835 2835 2835 2835 2835
    2835 2835 2835 2835 2835 2835 2835 2859 2859 2835 2812 2789 2789
    2767 2767 2767 2767 2767 2767 2744 2744 2744 2744 2744</data></Depth17144>
</opencv_storage>
