<?xml version="1.0"?>
<opencv_storage>
<Depth12252 type_id="opencv-matrix">
  <rows>15</rows>
  <cols>10</cols>
  <dt>w</dt>
  <data>
    0 0 0 0 0 5640 5640 5640 5640 5640 0 0 0 0 5640 5548 5548 5640 5640
    5640 0 0 0 0 5640 5548 5548 5640 5640 5640 0 0 0 0 5640 5640 5640
    5640 5640 5640 0 0 0 0 5640 5640 5640 5640 5734 5734 0 5548 5548
    5734 5734 5640 5640 5640 5640 5734 0 5548 5548 5548 5640 5734 5734
    5640 5640 6497 0 5548 5548 5548 5640 5640 5734 5734 5734 6146 5640
    5640 5640 5548 5548 5640 5734 5832 6146 6146 5640 5640 5640 5548
    5548 5640 5640 6497 6497 6497 5640 5640 5640 5548 5548 5548 6497
    6497 6497 6622 5640 5640 5640 5548 5548 5548 6622 6497 6497 6622
    5640 5640 5640 5548 5548 6622 6622 6622 6622 6622 5640 5640 5640
    5640 5734 6375 6497 6622 6622 6622 5734 5640 5640 5640 6375 6375
    6497 6622 6622 6622</data></Depth12252>
</opencv_storage>
