<?xml version="1.0"?>
<opencv_storage>
<Depth18697 type_id="opencv-matrix">
  <rows>174</rows>
  <cols>116</cols>
  <dt>w</dt>
  <data>
    2744 2744 2767 2789 2789 2789 2812 2812 2835 2835 2883 2908 641 641
    640 640 642 642 2908 2883 2883 2883 2883 2883 3010 3010 2984 2984
    3010 3010 3010 3037 3037 3037 3037 3037 3064 3064 3064 3092 3092
    3092 3120 3120 3149 3120 3120 3178 3208 3208 3208 3208 3208 3238
    3269 3269 3300 3300 3300 3365 3365 3399 3399 3365 3365 0 0 0 0 0 0 0
    0 0 0 0 0 0 0 0 0 0 0 0 0 3692 3653 3653 3653 3653 0 0 0 0 0 0 536
    536 536 536 537 0 0 546 546 546 0 0 0 0 0 0 0 0 0 0 2744 2744 2767
    2789 2789 2789 2812 2812 2835 2835 2883 2883 641 641 640 640 642 642
    644 2883 2883 2883 2883 0 2984 2984 2984 2984 3010 3010 3010 3037
    666 666 3037 667 667 666 666 666 3064 3092 3120 3120 3149 3120 3120
    3208 3208 3208 3208 3208 3208 3238 3269 3269 3365 0 0 0 0 0 0 0 0 0
    0 0 0 0 0 0 0 0 0 0 0 0 0 0 0 0 0 0 0 0 0 0 3692 3692 0 0 0 0 0 0
    537 536 536 536 536 546 546 546 546 546 0 0 0 0 0 0 0 0 0 0 2744
    2767 2767 2789 2812 2812 2812 2835 641 641 641 641 642 642 642 642
    642 642 644 644 671 671 670 668 668 668 668 668 674 672 672 664 664
    664 664 666 667 666 664 664 3064 3064 3149 3149 3208 3120 3120 0 0 0
    0 0 0 0 0 0 0 0 0 0 0 0 0 0 0 0 0 0 491 0 491 491 0 0 0 0 0 0 0 0 0
    0 0 0 0 0 0 0 0 0 0 0 0 0 0 0 537 536 536 536 536 546 546 547 546
    546 0 0 0 0 0 0 0 0 0 0 2767 2767 2789 2789 2812 2812 2812 2835 640
    640 641 641 641 642 642 642 642 642 643 643 671 671 670 668 668 666
    666 666 666 664 662 662 663 661 661 666 666 666 664 664 664 664 664
    545 0 0 0 0 0 0 0 0 0 0 0 0 0 0 0 0 0 0 0 0 0 0 0 0 0 491 490 489
    489 0 0 0 0 0 0 0 0 0 0 0 0 0 0 0 0 0 0 0 0 0 0 0 537 536 536 536
    536 545 545 546 546 545 545 0 0 0 0 0 0 0 0 0 2789 2789 2789 2789
    2812 2812 643 641 640 640 640 640 641 642 642 642 642 642 643 643
    663 662 662 663 662 662 662 661 661 661 661 662 663 661 661 661 666
    666 666 666 666 0 0 0 0 0 0 0 0 0 0 0 0 0 0 0 0 0 0 0 0 0 0 0 0 0 0
    0 493 490 489 489 488 488 0 0 0 0 0 0 0 0 0 0 0 0 0 0 0 0 0 0 0 0 0
    0 538 537 537 536 536 544 544 546 546 545 545 0 0 0 0 0 0 0 0 0 2789
    2789 2789 648 648 646 643 641 641 640 640 640 641 642 643 643 643
    644 658 658 661 655 655 659 659 655 655 654 652 650 650 650 650 647
    564 564 564 565 565 549 0 0 545 545 0 0 0 0 0 0 0 0 0 0 0 0 0 0 511
    511 0 0 0 502 502 499 499 494 493 490 489 488 487 487 487 487 0 0 0
    0 0 0 0 0 0 0 0 0 0 0 0 0 0 0 0 531 531 534 540 540 542 543 544 546
    545 545 546 0 0 0 0 0 0 0 0 0 2789 2789 648 648 648 646 643 642 641
    640 640 640 641 642 644 644 652 652 655 655 658 654 654 655 658 655
    653 650 650 648 647 647 647 647 564 564 564 565 565 549 548 546 545
    545 541 540 538 538 0 0 0 0 0 521 521 520 520 0 511 510 508 504 502
    502 501 499 499 494 494 493 489 488 487 487 487 486 486 0 0 0 0 0 0
    0 0 0 0 0 0 0 0 0 0 0 531 531 531 530 530 542 542 543 543 545 545
    545 554 0 0 0 0 0 0 0 0 0 2789 2789 646 646 644 643 642 641 640 640
    640 640 640 646 646 648 652 652 655 599 597 596 593 592 591 590 587
    585 580 577 576 573 573 565 564 564 560 560 552 549 548 546 546 545
    541 540 538 536 534 533 529 528 524 521 521 520 517 517 512 510 508
    503 502 501 501 499 498 496 496 496 489 488 487 487 487 486 486 0 0
    0 0 0 0 0 0 0 0 0 0 0 0 0 0 0 531 531 531 530 530 530 536 552 552
    552 553 553 553 0 0 0 0 0 0 0 0 0 646 646 646 643 642 641 640 640
    638 637 637 638 640 621 620 620 610 610 600 597 596 595 592 591 591
    589 586 579 579 576 576 573 570 565 565 563 560 557 552 549 548 546
    546 545 542 540 538 535 534 533 529 528 524 522 521 519 517 517 513
    511 511 503 502 501 500 499 498 496 496 496 496 488 487 487 487 487
    487 0 0 0 0 0 0 0 0 0 0 0 0 0 0 0 0 530 530 530 530 530 532 536 536
    536 552 552 552 553 553 0 0 0 0 0 0 0 0 0 647 646 644 642 641 640
    638 637 636 634 634 634 620 620 616 614 610 610 600 596 595 594 592
    589 589 588 586 579 577 576 575 572 569 565 565 562 560 557 557 550
    548 546 545 543 542 541 540 535 534 533 530 529 527 523 521 519 517
    517 514 512 511 503 502 501 500 499 498 496 496 496 490 490 489 488
    487 487 487 0 0 0 0 0 0 0 0 0 0 0 0 0 0 0 530 529 529 529 530 530
    535 536 536 537 552 552 552 553 553 0 0 0 0 0 0 0 0 0 646 646 643
    642 641 640 638 637 635 631 629 624 620 620 616 614 611 611 597 596
    595 594 592 589 588 588 586 579 577 576 575 572 569 565 565 562 560
    557 557 550 548 546 545 541 541 541 540 535 534 533 531 529 528 524
    522 520 518 517 515 512 511 510 502 502 500 499 499 496 494 494 494
    492 490 489 489 488 488 0 0 0 0 0 0 0 0 0 0 0 0 0 0 0 530 529 529
    529 530 535 535 535 537 537 552 552 553 553 554 555 0 0 0 0 0 0 0 0
    646 646 643 642 641 640 637 637 635 631 629 624 622 621 619 615 613
    613 597 596 595 594 592 589 588 588 587 583 580 576 575 573 571 570
    566 562 560 558 558 551 548 546 546 541 541 541 540 537 534 533 531
    530 528 526 523 521 518 517 515 512 511 510 504 503 502 502 502 496
    494 494 494 492 491 490 490 489 489 0 0 0 0 0 0 0 0 512 512 0 0 0 0
    0 526 526 527 528 530 535 535 535 537 540 541 554 553 553 554 555 0
    0 0 0 0 0 0 0 647 646 644 642 641 640 637 637 635 631 630 628 625
    623 619 616 614 613 613 613 611 611 611 591 589 589 587 585 584 582
    576 574 572 571 568 566 562 560 559 558 557 557 557 541 541 541 540
    539 536 534 533 530 529 526 523 521 520 520 520 520 511 511 508 508
    508 508 496 496 496 495 494 493 491 490 490 490 491 496 495 495 0 0
    0 0 513 512 512 512 515 515 517 517 525 525 527 528 532 536 536 536
    540 540 541 541 555 555 555 555 0 0 0 0 0 0 0 0 648 648 646 644 643
    641 640 638 636 635 630 630 630 629 624 619 614 612 612 610 609 608
    601 595 591 589 587 587 585 583 580 575 574 572 570 567 562 560 559
    558 557 557 557 546 542 541 540 540 538 536 534 533 530 527 524 521
    521 521 521 521 517 516 516 516 513 0 0 496 496 495 495 491 491 490
    490 490 491 496 495 495 0 0 0 511 511 513 512 512 514 515 517 525
    525 525 526 529 532 536 538 539 540 542 542 542 558 555 554 554 0 0
    0 0 0 0 0 0 649 648 648 646 644 643 641 640 640 640 631 631 630 630
    628 625 625 612 612 610 609 608 601 596 592 590 587 587 585 583 580
    576 574 573 571 569 563 560 559 559 557 557 554 546 546 543 541 540
    538 537 536 535 535 534 526 521 521 520 518 517 517 516 516 516 513
    513 0 496 496 495 495 491 491 490 490 490 491 496 496 496 504 504
    504 508 508 512 513 513 514 515 515 524 524 525 526 530 533 537 539
    539 540 542 542 542 557 556 554 554 0 0 0 0 0 0 0 0 0 649 649 648
    647 647 644 644 644 632 632 632 631 630 628 627 627 613 613 612 609
    608 607 599 599 600 587 587 586 583 581 579 578 576 572 571 571 560
    559 559 558 557 554 549 548 546 542 540 540 537 537 537 536 534 531
    529 523 520 518 517 517 516 515 513 513 513 511 496 496 495 495 493
    492 491 491 491 491 494 496 496 504 504 504 507 507 511 514 514 515
    516 516 524 524 526 526 530 533 536 537 537 540 546 544 544 555 555
    555 555 0 0 0 0 0 0 0 0 0 649 649 648 648 648 648 649 649 632 632
    632 631 630 628 627 624 614 614 613 609 608 607 604 602 602 602 588
    586 584 583 581 580 577 575 572 571 567 564 563 561 559 554 553 553
    546 543 542 540 538 538 537 536 534 531 529 529 521 518 517 517 516
    515 512 511 511 511 508 508 496 496 494 493 492 492 493 493 493 493
    505 505 505 505 506 507 510 514 514 515 516 516 526 526 527 533 533
    534 534 536 537 541 546 546 546 555 555 555 555 0 0 0 0 0 0 0 0 0
    649 649 648 648 649 649 650 650 636 635 634 631 630 628 625 623 619
    615 613 609 608 607 606 603 603 603 588 586 585 583 582 580 577 575
    573 571 568 565 564 562 559 555 554 554 546 545 543 542 540 538 538
    536 534 530 528 523 522 520 519 517 517 514 512 511 510 508 508 508
    496 496 494 494 493 493 493 493 493 493 505 505 505 505 506 507 510
