<?xml version="1.0"?>
<opencv_storage>
<Depth5681 type_id="opencv-matrix">
  <rows>79</rows>
  <cols>59</cols>
  <dt>w</dt>
  <data>
    4774 4842 4842 4842 4842 4842 4842 4911 4911 4911 5056 4911 4911
    4911 1354 1354 1359 1354 1354 1354 1354 5132 5132 5132 5210 5210
    5210 5210 5210 5210 5210 5210 5210 5291 5291 5291 5291 5374 5374
    5374 5374 5374 5460 5460 5460 5374 5374 5460 5548 5548 5640 5548
    5548 5548 5460 5460 5548 5548 5640 4774 4842 4842 4842 4842 4842
    4842 4911 4911 4911 4983 4983 4911 1349 1349 1354 1354 1349 1349
    1349 1349 1349 1349 5210 5210 5210 5210 5132 5132 5132 5210 5210
    5291 5291 5291 5291 5291 5374 5374 5374 5374 5374 5374 5460 5460
    5460 5460 5460 5548 5548 5548 5548 5548 5548 5548 5548 5548 5640
    5548 4774 4842 4842 4842 4842 4774 4774 4911 4911 4911 1349 1349
    1349 1343 1343 1349 1349 1349 1349 1349 1349 1349 1349 1349 1349
    1343 1343 5132 5132 5132 5210 5210 5291 5291 5291 5374 5374 5374
    5460 5374 5374 5374 5374 5460 5460 5460 5460 5548 5548 5548 5548
    5548 5548 5548 5548 5548 5548 5640 5548 4774 4774 4774 4842 4842
    4774 4774 4774 4911 1349 1349 1349 1349 1343 1343 1343 1343 1343
    1343 1343 1343 1343 1343 1343 1343 1338 1338 1338 1343 1343 1343
    1338 1338 5291 1328 1328 1333 5460 5460 5374 5210 5210 5291 5460
    5460 5460 5460 5460 5460 5548 5548 5640 5548 5460 5460 5548 5640
    5640 5548 4708 4708 4774 4774 4842 4774 4774 4911 4911 1349 1349
    1349 1349 1343 1343 1343 1343 1343 1343 1343 1343 1343 1343 1338
    1338 1338 1338 1338 1343 1343 1343 1338 1338 1338 1328 1328 1333
    1343 1343 1343 1343 1343 1338 1338 1338 1338 1338 1338 1338 1343
    1349 5640 5548 5460 5460 5548 5640 5548 5548 4708 4708 4774 4774
    4842 4911 4911 4911 4911 0 1343 1343 1349 1343 1343 1343 1343 1343
    1338 1338 1338 1338 1338 1338 1338 1338 1338 1338 1343 1343 1343
    1338 1338 1338 1338 1338 1338 1343 1343 1343 1343 1343 1338 1338
    1338 1338 1338 1338 1338 1343 1343 1343 1343 1343 1343 1338 1338
    1343 5548 4708 4708 4708 4774 4842 4911 4983 4983 4983 0 1343 1343
    1343 1338 1338 1338 1338 1338 1338 1338 1338 1338 1338 1338 1338
    1338 1338 1338 1343 1343 1343 1338 1338 1338 1338 1343 1343 1343
    1343 1343 1343 1343 1338 1338 1338 1338 1338 1338 1338 1343 1343
    1343 1343 1338 1338 1338 1333 1333 1338 4708 4708 4708 4774 4842
    4911 4911 0 0 0 1343 1343 1343 1338 1338 1338 1338 1338 1338 1328
    1328 1333 1338 1338 1338 1338 1338 1338 1343 1343 1338 1338 1333
    1333 1338 1338 1343 1343 1338 1338 1338 1338 1338 1333 1333 1338
    1338 1338 1343 1343 1343 1343 1338 1338 1338 1333 1333 1333 1338
    4708 4708 4774 4774 4774 0 4774 0 0 0 1338 1338 1333 1333 1333 1333
    1333 1328 1328 1328 1328 1333 1338 1338 1338 1343 1343 1343 1338
    1338 1338 1333 1333 1333 1333 1333 1338 1338 1333 1333 1333 1333
    1333 1328 1328 1328 1333 1333 1333 1333 1333 1333 1333 1333 1328
    1328 1328 1328 1333 4708 4708 4774 4774 4774 0 0 0 0 0 1328 1328
    1328 1328 1333 1333 1333 1328 1328 1328 1333 1333 1333 1338 1338
    1338 1338 1333 1333 1333 1333 1333 1333 1333 1333 1333 1333 1333
    1328 1328 1333 1333 1333 1328 1328 1328 1328 1328 1333 1333 1333
    1333 1328 1328 1328 1328 1328 1328 1333 4645 4708 4774 4774 4774 0 0
    0 0 0 1328 1328 1328 1328 1328 1333 1333 1328 1328 1328 1333 1333
    1333 1338 1333 1333 1333 1328 1328 1333 1333 1328 1328 1328 1328
    1328 1333 1333 1328 1328 1333 1333 1328 1328 1328 1328 1328 1328
    1328 1328 1328 1328 1328 1328 1328 1328 1328 1328 1328 4645 4708
    4708 4708 4708 0 0 0 0 0 1333 1333 1328 1328 1328 1328 1328 1328
    1328 1328 1333 1333 1333 1333 1328 1328 1333 1328 1328 1333 1333
    1328 1328 1328 1328 1328 1328 1328 1328 1328 1328 1328 1328 1328
    1328 1328 1328 1328 1328 1328 1328 1328 1328 1328 1328 1328 1328
    1328 1328 4708 4708 4645 4645 4645 0 0 0 0 0 1328 1328 1328 1328
    1328 1328 1328 1328 1328 1328 1328 1328 1328 1328 1328 1328 1333
    1333 1328 1328 1328 1328 1328 1328 1328 1328 1328 1328 1328 1328
    1328 1328 1328 1328 1328 1328 1328 1328 1328 1328 1328 1328 1328
    1328 1328 1328 1322 1322 1328 4774 4708 4645 4645 4645 0 0 0 0 1322
    1322 1328 1328 1328 1328 1328 1328 1328 1328 1328 1328 1328 1328
    1328 1328 1328 1328 1328 1328 1328 1328 1328 1328 1328 1328 1328
    1328 1328 1328 1328 1328 1328 1328 1328 1328 1328 1328 1328 1328
    1328 1328 1328 1328 1328 1328 1322 1322 1322 1322 4708 4708 4645
    4582 4582 0 0 0 0 1322 1322 1322 1328 1328 1328 1328 1328 1322 1322
    1322 1322 1328 1328 1328 1322 1322 1322 1322 1322 1328 1328 1328
    1328 1328 1328 1328 1328 1328 1328 1328 1328 1328 1328 1328 1328
    1322 1322 1328 1328 1328 1322 1322 1328 1328 1322 1322 1322 1322
    1322 4708 4708 4645 4582 4582 0 0 0 0 1322 1322 1322 1322 1322 1328
    1328 1328 1322 1322 1322 1322 1322 1322 1322 1322 1322 1322 1322
    1322 1328 1328 1328 1322 1322 1328 1328 1322 1322 1328 1328 1328
    1328 1328 1328 1328 1322 1322 1328 1328 1328 1322 1322 1328 1328
    1322 1322 1322 1322 1328 4708 4708 4645 4645 0 0 0 0 0 1328 1322
    1322 1322 1322 1322 1322 1322 1322 1322 1322 1322 1322 1322 1322
    1322 1322 1322 1322 1322 1328 1328 1328 1322 1322 1328 1328 1322
    1322 1322 1322 1322 1328 1328 1328 1322 1322 1322 1322 1322 1322
    1322 1322 1322 1322 1322 1322 1322 1322 1328 4645 4708 4708 4708 0 0
    0 0 0 1328 1322 1322 1322 1322 1322 1322 1322 1322 1322 1322 1322
    1322 1322 1322 1322 1322 1322 1322 1322 1322 1322 1317 1317 1317
    1317 1322 1322 1322 1322 1322 1322 1322 1322 1322 1322 1322 1322
    1322 1322 1322 1322 1322 1322 1322 1322 1322 1322 1322 1328 4645
    4645 4645 4645 0 0 0 0 1333 1328 1322 1317 1317 1317 1317 1322 1322
    1322 1322 1322 1322 1322 1322 1322 1322 1322 1322 1322 1322 1322
    1322 1317 1317 1317 1317 1317 1317 1317 1317 1317 1317 1317 1317
    1322 1322 1322 1322 1322 1322 1322 1322 1322 1322 1322 1322 1322
    1322 1322 1328 4708 4645 4645 4645 0 0 0 0 1322 1317 1317 1317 1317
    1317 1317 1322 1322 1317 1317 1317 1322 1322 1322 1322 1322 1322
    1317 1317 1317 1317 1317 1317 1317 1317 1317 1317 1317 1317 1317
    1317 1317 1317 1317 1317 1322 1322 1317 1317 1317 1322 1322 1317
    1317 1317 1322 1322 1322 1322 1328 4645 4645 4645 4645 0 0 0 0 1322
    1317 1317 1317 1317 1317 1317 1317 1317 1317 1317 1317 1317 1317
    1322 1317 1317 1317 1317 1317 1317 1317 1317 1317 1317 1317 1317
    1317 1317 1317 1317 1317 1312 1312 1312 1317 1317 1317 1317 1317
    1317 1312 1312 1312 1312 1312 1317 1317 1317 1317 1317 4645 4645
    4645 0 0 0 0 0 1312 1312 1312 1312 1312 1317 1317 1317 1317 1317
    1317 1317 1317 1317 1317 1317 1317 1317 1317 1317 1317 1317 1312
    1312 1312 1317 1317 1317 1317 1317 1317 1312 1312 1312 1312 1312
    1312 1312 1312 1312 1312 1312 1312 1312 1307 1307 1312 1312 1312
    1317 1317 4645 4645 4645 0 0 0 0 0 1312 1312 1312 1307 1307 1317
    1317 1312 1312 1312 1317 1317 1317 1317 1312 1312 1307 1307 1317
    1317 1312 1312 1312 1312 1312 1312 1312 1312 1312 1312 1317 1312
    1312 1312 1312 1312 1312 1312 1312 1312 1312 1312 1312 1307 1307
    1307 1307 1307 1307 1312 1312 4645 4645 4645 0 0 0 0 0 1307 1307
    1312 1307 1307 1317 1312 1312 1312 1312 1317 1317 1317 1312 1312
    1307 1307 1307 1312 1312 1312 1312 1312 1312 1312 1312 1307 1307
    1307 1312 1312 1312 1312 1312 1307 1307 1312 1307 1307 1307 1312
    1312 1307 1307 1307 1307 1307 1307 1307 1307 1307 4645 4645 4645 0 0
    0 0 0 1307 1307 1312 1312 1317 1317 1312 1312 1312 1317 1317 1317
    1312 1312 1312 1307 1307 1307 1312 1312 1312 1312 1312 1312 1312
    1307 1307 1307 1307 1312 1312 1312 1312 1312 1307 1307 1307 1307
    1307 1307 1307 1307 1307 1307 1307 1307 1307 1307 1307 1307 1307
    4645 4645 4645 0 0 0 0 0 1307 1307 1307 1312 1312 1312 1312 1312
    1312 1307 1307 1307 1307 1307 1307 1307 1307 1307 1312 1312 1312
    1307 1307 1307 1307 1307 1307 1307 1307 1307 1312 1312 1307 1307
    1307 1307 1307 1307 1307 1307 1307 1307 1307 1307 1307 1307 1307
