<?xml version="1.0"?>
<opencv_storage>
<Depth8257 type_id="opencv-matrix">
  <rows>6</rows>
  <cols>11</cols>
  <dt>w</dt>
  <data>
    6038 6038 6038 6038 6038 6038 6146 6146 6146 7030 7030 6038 5933
    5933 6038 6038 6038 6038 6038 5933 5933 6889 6038 5933 5933 6038
    6038 6038 5933 5933 5933 5933 5933 6038 6038 6038 6038 6038 6038
    5933 5933 5832 5832 5933 6038 6038 6038 6038 6038 6038 6038 5933
    5832 5832 5832 6146 6038 6038 5933 5933 5933 6038 5933 5933 5832
    5734</data></Depth8257>
</opencv_storage>
