<?xml version="1.0"?>
<opencv_storage>
<Depth14548 type_id="opencv-matrix">
  <rows>49</rows>
  <cols>32</cols>
  <dt>w</dt>
  <data>
    5640 5734 5734 5734 5734 5734 5640 5640 5640 2040 2028 2016 2016
    2040 5734 5734 5734 5734 2143 2143 2143 2143 2143 2156 2156 2170
    2198 5460 5374 5291 5291 5210 2078 2078 2090 2090 5640 5734 2065
    2053 2040 2028 2016 2016 2016 2028 2040 2078 2078 2090 2090 2103
    2116 2129 2129 2143 2156 2170 2198 2198 5374 5291 5291 5291 2078
    2078 2078 2065 2065 2053 2040 2040 2040 2028 2016 2016 2016 2016
    2040 2053 2078 2090 2090 2090 2116 2129 2129 2143 2156 2170 2184
    2184 2184 5291 5291 5291 2078 2078 2065 2053 2053 2053 2040 2040
    2028 2016 2016 2016 2016 2016 2040 2053 2078 2090 2090 2090 2103
    2129 2129 2143 2156 2170 2184 2184 5291 5291 5291 5291 2078 2078
    2065 2053 2053 2053 2040 2040 2028 2016 2016 2016 2016 2028 2040
    2053 2065 2078 2090 2090 2103 2129 2129 2143 2156 2170 2170 2170
    5291 5291 5291 5291 2078 2078 2065 2065 2053 2053 2040 2040 2028
    2028 2016 2016 2016 2028 2040 2053 2065 2078 2078 2078 2103 2129
    2129 2143 2143 2170 2170 2170 2170 5291 5291 5291 2078 2078 2065
    2065 2065 2053 2053 2040 2028 2028 2028 2028 2028 2040 2040 2053
    2053 2065 2078 2078 2103 2129 2129 2143 2143 2170 2156 2156 2156
    5210 5210 5210 2078 2078 2065 2065 2065 2053 2053 2040 2028 2028
    2028 2016 2016 2028 2040 2040 2053 2065 2090 2090 2116 2116 2129
    2143 2143 2170 2156 2156 2156 5210 5210 5210 2078 2078 2065 2065
    2065 2053 2053 2040 2028 2028 2028 2016 2016 2028 2040 2040 2053
    2065 2090 2090 2116 2116 2143 2143 2143 2170 2184 2184 2184 5210
    5210 5210 2090 2078 2065 2065 2053 2053 2053 2040 2028 2028 2028
    2016 2016 2040 2040 2040 2053 2065 2078 2090 2116 2116 2129 2129
    2143 2170 2184 2184 2184 5056 5056 5210 2090 2078 2065 2065 2053
    2053 2053 2040 2028 2028 2028 2016 2016 2040 2040 2053 2053 2065
    2078 2090 2116 2116 2129 2129 2143 2170 2170 2184 2184 5056 5056
    5210 2090 2078 2078 2065 2065 2053 2053 2040 2028 2028 2028 2028
    2028 2040 2040 2053 2053 2065 2078 2090 2116 2116 2129 2129 2143
    2170 2170 2184 2184 2184 5210 5210 2078 2078 2078 2065 2065 2053
    2053 2053 2040 2028 2028 2028 2028 2040 2040 2053 2065 2065 2078
    2090 2116 2116 2129 2129 2143 2170 2170 2184 2184 2184 5291 5291
    2078 2078 2078 2065 2065 2053 2053 2053 2040 2028 2028 2028 2028
    2040 2040 2053 2065 2065 2078 2116 2116 2129 2129 2129 2156 2156
    2170 2184 2184 2184 5291 5291 2078 2078 2078 2065 2065 2053 2053
    2053 2040 2028 2028 2016 2016 2040 2040 2053 2065 2065 2078 2116
    2116 2129 2129 2129 2156 2156 2170 2184 2184 2184 5291 5291 2078
    2078 2078 2065 2065 2053 2053 2053 2040 2028 2028 2016 2016 2040
    2040 2040 2053 2065 2078 2103 2116 2116 2129 2129 2156 2170 2184
    2184 2184 2184 5291 5291 2078 2078 2078 2065 2065 2053 2053 2053
    2040 2028 2028 2028 2028 2028 2040 2040 2053 2065 2078 2103 2116
    2116 2129 2129 2143 2156 2170 2170 2184 2184 2184 5291 2078 2078
    2078 2078 2065 2065 2053 2053 2040 2028 2028 2028 2028 2028 2028
    2040 2040 2065 2078 2090 2103 2116 2129 2129 2143 2156 2170 2170
    2184 2184 2184 5291 2090 2090 2078 2078 2078 2065 2053 2053 2040
    2028 2028 2028 2028 2028 2028 2040 2040 2065 2078 2090 2103 2116
    2129 2129 2143 2156 2170 2170 2170 2170 2170 5291 2090 2090 2078
    2078 2078 2065 2053 2053 2040 2028 2028 2028 2028 2028 2028 2040
    2040 2065 2090 2090 2103 2116 2129 2129 2143 2156 2170 2170 2170
    2170 2170 5291 5640 2078 2078 2065 2065 2065 2053 2053 2040 2028
    2028 2028 2028 2028 2028 2040 2053 2065 2078 2090 2103 2116 2129
    2129 2143 2156 2170 2170 2170 2170 2170 5291 5548 2078 2078 2065
    2065 2065 2065 2053 2040 2028 2028 2028 2028 2028 2040 2040 2053
    2065 2078 2090 2103 2116 2129 2129 2143 2143 2156 2170 2170 2156
    2156 5291 5548 2078 2078 2065 2065 2065 2065 2053 2040 2028 2028
    2028 2028 2028 2040 2040 2040 2053 2078 2090 2103 2103 2129 2129
    2143 2143 2156 2170 2170 2156 2156 5291 5548 2090 2078 2078 2065
    2065 2065 2053 2040 2028 2028 2028 2028 2040 2040 2040 2040 2053
    2078 2078 2090 2103 2116 2129 2143 2143 2156 2170 2170 2184 2184
    5291 5548 2103 2078 2078 2065 2065 2065 2053 2040 2040 2028 2028
    2028 2040 2040 2040 2053 2053 2078 2078 2090 2103 2116 2129 2143
    2143 2156 2170 2170 2184 2184 5291 5640 2116 2090 2078 2078 2065
    2065 2053 2040 2040 2028 2028 2028 2040 2040 2040 2053 2065 2078
    2078 2090 2103 2116 2129 2129 2143 2156 2156 2170 2170 2170 5374
    5640 2116 2103 2090 2078 2065 2065 2065 2053 2040 2028 2028 2028
    2040 2040 2040 2053 2065 2078 2078 2090 2103 2116 2116 2129 2143
    2156 2156 2170 2170 2170 5374 5640 2116 2103 2090 2078 2065 2065
    2065 2053 2040 2040 2028 2028 2040 2040 2040 2040 2065 2078 2078
    2090 2103 2116 2116 2129 2143 2156 2170 2170 2170 2170 5374 5640
    2103 2103 2090 2078 2065 2065 2065 2053 2040 2040 2028 2028 2040
    2040 2040 2040 2065 2078 2078 2090 2103 2116 2116 2129 2143 2143
    2170 2170 2170 2170 5374 5640 2090 2090 2090 2078 2078 2065 2065
    2053 2040 2028 2028 2028 2028 2028 2028 2040 2065 2078 2078 2090
    2103 2116 2129 2129 2143 2143 2170 2170 2170 2184 5374 5548 5548
    2078 2078 2078 2078 2065 2065 2053 2040 2028 2028 2028 2028 2028
    2028 2040 2053 2078 2078 2090 2103 2116 2129 2129 2143 2143 2156
    2170 2184 2184 2184 5548 5548 2078 2078 2078 2065 2065 2065 2053
    2040 2028 2028 2028 2028 2028 2028 2040 2053 2065 2078 2090 2103
    2116 2129 2129 2143 2143 2156 2170 2170 2170 2170 5640 5640 2078
    2078 2078 2065 2065 2065 2065 2053 2040 2028 2028 2040 2040 2040
    2040 2053 2065 2078 2090 2103 2116 2129 2129 2129 2143 2156 2170
    2170 2170 2170 5640 5640 2078 2078 2078 2065 2065 2065 2065 2053
    2040 2028 2028 2040 2040 2040 2040 2053 2065 2078 2090 2103 2116
    2129 2129 2129 2143 2156 2170 2184 2184 2184 5640 5640 2078 2078
    2078 2065 2065 2065 2065 2053 2040 2028 2028 2040 2040 2040 2040
    2040 2053 2065 2078 2103 2116 2129 2129 2129 2143 2156 2170 2184
    2184 2184 5640 5640 2078 2078 2078 2065 2065 2065 2065 2053 2053
    2028 2028 2028 2028 2040 2040 2040 2053 2065 2078 2090 2103 2116
    2129 2129 2143 2156 2156 2184 2184 2184 5640 5640 5640 2078 2078
    2078 2065 2065 2065 2053 2040 2028 2028 2028 2028 2040 2040 2040
    2053 2078 2090 2090 2103 2116 2116 2129 2143 2156 2156 2184 2184
    2184 5640 5640 2090 2078 2078 2078 2065 2065 2065 2053 2040 2028
    2028 2028 2028 2040 2040 2053 2053 2065 2078 2090 2103 2116 2116
    2129 2143 2156 2156 2170 2170 2170 5734 5734 2078 2078 2078 2078
    2065 2065 2065 2053 2040 2028 2028 2028 2028 2040 2040 2040 2053
    2065 2078 2090 2090 2103 2116 2129 2129 2143 2156 2170 2170 2170
    5640 5640 2078 2078 2078 2078 2065 2065 2065 2065 2053 2028 2028
    2028 2028 2040 2040 2040 2053 2065 2065 2078 2090 2090 2116 2129
    2129 2143 2156 2170 2170 2184 5640 5640 5640 2078 2078 2078 2065
    2065 2065 2065 2053 2040 2040 2028 2028 2028 2040 2040 2053 2065
    2065 2078 2090 2090 2116 2129 2129 2143 2156 2170 2170 2184 5548
    5548 5548 2078 2078 2078 2065 2065 2065 2065 2053 2040 2040 2028
    2028 2028 2040 2040 2053 2053 2065 2078 2090 2090 2103 2116 2143
    2143 2156 2170 2170 2198 5548 5548 5548 2116 2090 2078 2065 2065
    2065 2053 2053 2040 2040 2028 2028 2028 2040 2040 2040 2053 2065
    2078 2090 2090 2103 2103 2129 2143 2156 2170 2184 2198 5548 5548
    5548 2116 2090 2090 2078 2065 2065 2053 2053 2040 2040 2040 2028
    2028 2040 2040 2040 2053 2078 2078 2090 2090 2103 2103 2116 2129
    2143 2170 2184 5374 5548 5548 5548 2116 2090 2090 2078 2065 2065
    2065 2053 2040 2040 2040 2028 2028 2028 2040 2040 2065 2078 2078
    2090 2090 2103 2103 2103 2129 2143 5291 5291 5374 5640 5640 2116
    2116 2090 2078 2078 2065 2065 2065 2053 2040 2040 2028 2028 2028
    2028 2040 2040 2065 2078 2078 2090 2090 2103 2103 2103 5374 5291
    5291 5291 5291 5640 5734 5832 2116 2090 2078 2078 2065 2065 2065
