<?xml version="1.0"?>
<opencv_storage>
<Depth3152 type_id="opencv-matrix">
  <rows>33</rows>
  <cols>18</cols>
  <dt>w</dt>
  <data>
    2723 2723 2723 2723 2723 2723 2723 2723 2723 2723 2723 2723 2723
    2744 2767 3692 3692 3816 2723 2723 2723 2723 2723 2723 2723 2723
    2744 2744 2744 2744 2744 2744 2767 3692 3692 3816 2723 2723 2723
    2723 2723 2723 2723 2723 2723 2723 2723 2723 2744 2744 2744 3774
    3774 3774 2723 2723 2723 2744 2744 2723 2723 2744 2723 2723 2723
    2723 2744 2767 2767 3774 3774 3732 2723 2744 2744 2744 2744 2744
    2744 2744 2723 2723 2744 2744 2767 2767 3732 3732 3774 3732 2723
    2744 2744 2744 2744 2744 2744 2744 2744 2744 2744 2744 2767 2812
    2835 3732 3732 3774 2723 2744 2744 2767 2767 2767 2767 2744 2744
    2744 2744 2767 2767 2789 2789 2789 3539 3774 2723 2744 2767 2767
    2767 2767 2767 2767 2767 2767 2767 2767 2767 2789 2789 2789 3503
    3816 2744 2744 2767 2767 2767 2767 2767 2767 2767 2767 2767 2767
    2789 2789 2812 2812 3503 3539 2789 2789 2789 2789 2789 2789 2789
    2767 2767 2789 2789 2789 2789 2812 2812 2812 3503 3539 2789 2789
    2789 2789 2789 2789 2789 2767 2767 2789 2789 2789 2789 2812 2812
    2812 3503 3653 2789 2789 2789 2789 2789 2789 2789 2789 2789 2789
    2789 2812 2812 2812 2812 2812 2812 3653 2789 2767 2767 2767 2767
    2789 2789 2789 2789 2789 2789 2812 2812 2812 2835 2812 2812 3653
    2789 2767 2767 2767 2767 2789 2789 2789 2812 2812 2812 2812 2812
    2812 2835 2835 2835 3614 0 2767 2767 2789 2789 2789 2812 2812 2812
    2812 2812 2835 2812 2812 2812 2812 2835 3614 0 2812 2812 2789 2789
    2812 2812 2812 2812 2812 2812 2812 2812 2812 2812 2812 2835 3614 0
    2812 2812 2812 2812 2812 2812 2812 2812 2812 2812 2812 2812 2812
    2812 2812 2835 3614 0 2812 2812 2812 2812 2812 2812 2812 2835 2812
    2812 2812 2812 2812 2812 2812 2835 3614 0 2812 2812 2835 2835 2835
    2835 2835 2835 2835 2835 2835 2835 2835 2812 2812 2835 3653 0 0 2835
    2835 2835 2859 2859 2859 2859 2835 2835 2835 2835 2835 2835 2835
    2835 3539 0 0 2859 2859 2859 2859 2859 2859 2859 2835 2835 2835 2835
    2835 2835 2835 3503 3539 0 0 2859 2859 2859 2859 2883 2883 2859 2859
    2835 2835 2835 2835 2883 2883 2883 3576 0 0 0 2859 2859 2859 2859
    2859 2859 2859 2859 2859 2859 2859 2883 2883 2883 3576 0 0 0 0 2859
    2859 2859 2859 2859 2859 2859 2859 2883 2883 2908 2883 2883 2908 0 0
    0 0 2859 2859 2859 2859 2883 2883 2883 2883 2883 2883 2883 2883 2883
    2908 0 0 0 0 2883 2883 2859 2859 2883 2883 2908 2908 2908 2908 2883
    2883 2883 2883 0 0 0 0 2908 2883 2883 2883 2883 2883 2908 2908 2908
    2908 2883 2883 2883 2933 0 0 0 0 2883 2883 2908 2908 2908 2908 2908
    2908 2908 2908 2883 2883 2908 2933 0 0 0 0 2883 2883 2908 2908 2908
    2908 2908 2908 2908 2908 2883 2883 2908 2933 0 0 0 0 0 2908 2908
    2908 2908 2933 2933 2933 2908 2908 2908 2908 2908 2933 0 0 0 0 0
    2908 2908 2908 2933 2933 2933 2933 2908 2908 2908 2883 2184 2184 0 0
    0 0 0 2908 2908 2908 2933 2933 2933 2908 2908 2908 2908 2883 2184
    2184 2156 2143 2143 2129 2129 2908 2170 2170 2933 2933 2933 2908
    2908 2103 2103 2090 2090 2156</data></Depth3152>
</opencv_storage>
