<?xml version="1.0"?>
<opencv_storage>
<Depth7551 type_id="opencv-matrix">
  <rows>87</rows>
  <cols>45</cols>
  <dt>w</dt>
  <data>
    5460 5460 5460 5460 5460 5460 5460 5460 5460 5460 5460 5548 5548
    5548 5548 5640 5640 5640 5640 5640 5640 5640 5640 5640 5548 5548
    5548 5548 5548 1586 1586 1594 1601 1609 1616 1616 1696 1696 1705
    1705 5640 5640 5734 5734 5734 5460 5460 5460 5460 5460 5460 5460
    5460 5460 5460 5460 5548 5548 5548 5548 5640 5640 5640 5640 5640
    5640 5640 5640 5640 5640 5640 1496 1496 1564 1564 1557 1557 1579
    1579 1586 1594 1696 1696 1696 1688 1688 1696 5734 5734 5734 5460
    5460 5460 5460 5460 5460 5460 5460 5460 5460 5460 5548 5548 5548
    5548 5640 5640 5640 5640 5640 5640 5640 5640 5640 1496 1496 1496
    1496 1550 1550 1543 1543 1557 1557 1572 1579 1579 1586 1696 1680
    1647 1647 1647 5734 5734 5460 5460 5460 5460 5460 5460 5460 5460
    5460 5460 5460 5548 5460 5460 5548 5640 5640 5640 5640 5548 5548
    5548 5548 5548 1483 1483 1483 1483 1489 1496 1523 1523 1523 1536
    1557 1572 1572 1579 1594 1624 1624 1639 1639 1639 1458 5460 5460
    5460 5460 5460 5460 5460 5460 5460 5460 5460 5548 5460 5460 5548
    5640 5640 5640 5548 5548 5460 5460 5548 1477 1477 1477 1477 1477
    1483 1496 1496 1509 1516 1516 1523 1543 1572 1572 1579 1616 1616
    1639 1639 1458 1458 5460 5460 5460 5460 5460 5460 5460 5460 5460
    5460 5460 5548 5460 5460 5548 5640 5640 5640 5548 5460 5374 5291
    5291 1477 1477 1477 1477 1477 1477 1477 1489 1496 1496 1503 1503
    1509 1516 1572 1579 1470 1470 1464 1458 1458 1458 5374 5374 5374
    5460 5460 5460 5460 5460 5460 5460 5548 5548 5548 5548 5548 5640
    5640 5640 5548 5460 5291 5210 1483 1483 1483 1483 1477 1477 1470
    1470 1477 1477 1483 1489 1489 1489 1489 1483 1477 1470 1470 1464
    1458 1458 1458 5374 5374 5374 5374 5374 5374 5460 5460 5460 5460
    5548 5548 5548 5548 5548 5640 5640 5640 5548 5460 5291 5210 1483
    1483 1483 1483 1477 1477 1470 1470 1470 1470 1470 1477 1477 1477
    1477 1477 1470 1470 1470 1464 1464 1464 1464 5374 5374 5374 5374
    5374 5374 5460 5460 5548 5548 5548 5548 5548 5548 5548 5640 5640
    5548 5548 5548 5548 1483 1483 1483 1483 1483 1477 1477 1477 1470
    1470 1470 1470 1470 1470 1470 1470 1470 1470 1470 1464 1464 1470
    1470 1470 5374 5374 5374 5374 5374 5374 5374 5460 5548 5460 5460
    5460 5460 5460 5460 5548 5640 5548 5548 5640 5640 1483 1483 1483
    1483 1483 1477 1477 1477 1470 1470 1470 1470 1470 1470 1470 1470
    1470 1470 1464 1464 1464 1470 1464 1464 5291 5291 5374 5374 5374
    5374 5374 5460 5460 5460 5460 5460 5460 5460 5460 5548 5548 5640
    5640 5640 1483 1483 1483 1483 1483 1483 1483 1477 1477 1470 1470
    1470 1470 1470 1470 1470 1464 1464 1464 1464 1464 1464 1464 1458
    1458 5291 5291 5374 5374 5374 5374 5460 5460 5460 5460 5460 5460
    5460 5460 5460 5548 5548 5548 5548 1489 1483 1483 1483 1483 1483
    1483 1483 1477 1477 1470 1470 1470 1470 1470 1470 1464 1464 1464
    1464 1464 1464 1464 1464 1458 1458 5374 5374 5374 5374 5374 5460
    5460 5460 5460 5460 5460 5460 5460 5548 5548 5548 5640 5640 0 1489
    1489 1489 1489 1483 1483 1483 1483 1477 1477 1470 1470 1470 1470
    1470 1470 1464 1464 1464 1464 1464 1464 1464 1464 1458 1458 5460
    5374 5374 5460 5460 5460 5460 5460 5460 5548 5548 5460 5460 5460
    5460 5548 5548 5548 5548 1489 1489 1489 1489 1483 1483 1483 1483
    1477 1477 1470 1470 1470 1470 1470 1470 1464 1464 1464 1464 1464
    1464 1464 1464 1464 1464 5548 5460 5460 5460 5460 5548 5548 5548
    5548 5548 5548 5460 5460 5460 5460 5548 5548 5548 5548 1483 1483
    1489 1489 1483 1483 1477 1477 1477 1477 1477 1470 1470 1470 1470
    1470 1470 1470 1464 1464 1464 1464 1464 1464 1464 1464 5548 5548
    5548 5548 5548 5548 5548 5548 5548 5548 5548 5548 5548 5460 5460
    5548 5548 5548 5548 1483 1483 1489 1489 1483 1483 1477 1477 1477
    1477 1477 1470 1470 1470 1470 1470 1470 1470 1464 1464 1464 1464
    1464 1464 1464 1464 5548 5548 5548 5548 5548 5548 5640 5640 5548
    5548 5640 5548 5548 5548 5548 5548 5640 5640 1483 1483 1483 1489
    1489 1483 1483 1477 1477 1477 1470 1470 1470 1470 1470 1470 1470
    1470 1470 1464 1464 1464 1464 1464 1464 1464 1464 5548 5548 5548
    5548 5548 5548 5640 5640 5548 5548 5640 5640 5640 5548 5548 5640
    5640 5832 1483 1483 1489 1489 1489 1483 1483 1477 1477 1477 1470
    1470 1470 1470 1470 1470 1470 1470 1470 1464 1464 1464 1464 1464
    1464 1464 1464 5460 5548 5548 5548 5548 5548 5640 5640 5640 5640
    5640 5640 5640 5548 5548 5640 5640 5640 1489 1489 1489 1489 1489
    1483 1483 1483 1483 1477 1477 1470 1470 1470 1470 1470 1470 1470
    1470 1464 1464 1464 1464 1464 1464 1464 1464 5460 5460 5460 5460
    5548 5548 5548 5640 5640 5640 5640 5640 5548 5548 5548 5548 5548
    1489 1489 1489 1489 1489 1489 1483 1483 1483 1483 1477 1477 1470
    1470 1470 1470 1470 1470 1470 1470 1464 1464 1464 1464 1464 1464
    1464 1464 5210 5056 5056 5132 5460 5460 5460 5548 5548 5548 5548
    5640 5548 5548 5460 5460 5548 1489 1489 1489 1489 1489 1489 1483
    1483 1483 1483 1483 1477 1477 1470 1470 1470 1470 1470 1470 1470
    1470 1470 1470 1464 1464 1464 1464 6038 4842 4842 4842 4911 4911
    4983 5132 5374 5460 5460 5460 5460 5460 5460 5460 5460 1496 1496
    1496 1489 1489 1489 1489 1483 1483 1483 1483 1483 1477 1477 1477
    1470 1470 1470 1470 1470 1470 1470 1470 1470 1464 1464 1470 1470
    6038 4842 4842 4842 4911 4911 4983 4983 5374 5460 5460 5460 5460
    5460 5460 5460 1496 1496 1496 1496 1489 1489 1489 1489 1483 1483
    1483 1483 1483 1483 1477 1477 1470 1470 1470 1470 1470 1470 1470
    1470 1470 1464 1464 1470 1470 5933 4190 4911 4911 4911 4983 4983
    4983 4983 4405 4190 4241 4241 4241 1503 1496 1496 1496 1496 1496
    1489 1489 1489 1489 1483 1483 1483 1483 1483 1483 1477 1477 1470
    1470 1470 1470 1470 1470 1470 1464 1464 1464 1464 1464 6038 6038
    4089 4089 4089 4089 4983 4983 4405 4405 4405 4190 4241 4241 0 0 1503
    1503 1503 1496 1496 1496 1496 1489 1489 1483 1483 1477 1477 1483
    1483 1477 1477 1470 1470 1470 1470 1470 1470 1470 1464 1464 1464
    1464 1464 0 6038 4089 4089 4089 4139 4349 4190 4190 4190 4190 4190
    4241 4241 4190 4190 1503 1503 1503 1496 1496 1496 1496 1489 1489
    1483 1483 1477 1477 1483 1477 1477 1470 1470 1470 1470 1470 1470
    1470 1470 1464 1464 1464 1464 0 5933 5933 4139 4139 4139 4139 4190
    4190 4190 4190 4190 4190 4190 4190 4190 4190 4190 1503 1503 1496
    1496 1496 1496 1489 1489 1489 1483 1477 1477 1483 1477 1477 1470
    1470 1470 1470 1470 1470 1470 1470 1464 1464 1464 1464 0 5933 5933
    4139 4139 4190 4190 4190 4190 4190 4190 4190 4190 4190 4190 4190
    4190 1503 1496 1496 1496 1496 1496 1496 1489 1489 1489 1483 1477
    1477 1483 1483 1477 1477 1470 1470 1470 1470 1470 1470 1470 1470
    1464 1464 1464 0 5933 5933 4139 4139 4190 4190 4190 4190 4190 4190
    4190 4190 4190 4190 4190 1516 1503 1496 1496 1496 1496 1496 1496
    1489 1489 1489 1483 1483 1477 1477 1483 1483 1477 1470 1470 1470
    1470 1470 1470 1470 1464 1464 1464 1464 0 5933 5933 4139 4139 4190
    4190 4190 4190 4139 4139 4190 4190 4190 4190 4241 1516 1503 1496
    1496 1496 1496 1496 1489 1489 1489 1489 1489 1483 1477 1477 1483
    1483 1483 1477 1470 1470 1470 1470 1470 1470 1464 1458 1458 1458
    4582 4582 4582 4139 4139 4190 4190 4190 4190 4139 4139 4190 4190
    4190 4241 4241 1516 1503 1496 1496 1496 1496 1489 1489 1489 1489
    1489 1489 1483 1483 1483 1483 1483 1483 1477 1470 1470 1470 1470
    1470 1470 1464 1439 1439 1439 4582 4582 4582 4139 4139 4190 4190
    4190 4190 4190 4190 4190 4190 4241 4241 4241 1503 1503 1503 1496
    1496 1496 1489 1489 1489 1489 1489 1489 1489 1483 1483 1483 1483
    1483 1477 1477 1477 1470 1470 1470 1464 1458 1439 1439 1439 4522
    4522 4522 4139 4139 4190 4190 4190 4190 4190 4190 4190 4190 4241
    4295 4295 1503 1503 1503 1496 1496 1496 1496 1496 1489 1489 1489
    1489 1489 1483 1483 1477 1477 1483 1483 1483 1477 1470 1470 1470
