<?xml version="1.0"?>
<opencv_storage>
<Depth15426 type_id="opencv-matrix">
  <rows>12</rows>
  <cols>6</cols>
  <dt>w</dt>
  <data>
    4463 4463 4405 4405 4405 4405 4522 4522 4463 4463 4463 4463 4522
    4522 4522 4522 4582 4522 4645 4582 4582 4645 4645 4522 4708 4645
    4645 4708 4645 4522 4708 4708 4708 4708 4708 4582 4708 4774 4774
    4774 4708 4582 4708 4774 4774 4774 4774 4774 4708 4774 4774 4774
    4774 4842 4774 4774 4774 4842 4842 4911 2908 4774 4774 4911 4911
    4911 2908 4842 4842 4911 4983 5056</data></Depth15426>
</opencv_storage>
