<?xml version="1.0"?>
<opencv_storage>
<Depth9671 type_id="opencv-matrix">
  <rows>57</rows>
  <cols>85</cols>
  <dt>w</dt>
  <data>
    4089 4190 4190 4241 1381 1370 1370 1370 1376 1370 1370 1359 1359
    4089 4089 4089 4089 4041 1365 1359 1359 1359 1354 1354 4089 4089
    1354 1354 1354 1354 1354 1349 1343 1343 4089 4089 4089 4041 4041
    3994 3948 3948 1338 1338 1338 1338 1338 1333 1333 1333 1333 1333
    3816 3774 3774 3774 3816 3816 3859 1328 1328 1328 1322 1317 1307
    1307 1307 1307 3010 2958 1307 1307 1307 1307 2984 2958 2958 2958
    2958 2958 2984 0 0 0 0 0 0 0 4241 1365 1359 1354 1343 1343 1343 1354
    1354 1349 1349 1354 1354 1349 1349 1354 1354 1349 1343 1343 1338
    1338 1338 1343 1349 1349 1349 1343 1338 1338 1338 1338 1338 1343
    1338 1333 1333 1333 1333 1333 1333 1338 1333 1333 1328 1322 1322
    1322 1317 1317 1322 1317 1317 1317 1317 1317 1322 1322 1317 1312
    1312 1302 1302 1302 1297 1297 1297 1297 1297 1307 1307 3037 3037
    2958 2958 2984 2984 2984 0 0 0 0 0 0 0 1333 1333 1333 1338 1333 1333
    1333 1328 1328 1328 1328 1328 1328 1338 1338 1333 1333 1338 1338
    1338 1333 1322 1322 1328 1333 1338 1338 1333 1333 1328 1328 1322
    1322 1322 1322 1322 1322 1317 1317 1322 1322 1333 1322 1322 1322
    1317 1307 1307 1297 1297 1307 1307 1307 1307 1302 1302 1307 1307
    1307 1302 1302 1302 1297 1297 1288 1288 1288 1297 1297 1307 1307
    1307 1255 1255 2984 2984 2984 0 0 0 0 0 0 0 0 1322 1322 1317 1317
    1317 1312 1312 1317 1317 1317 1317 1312 1312 1317 1317 1317 1317
    1317 1322 1317 1317 1317 1317 1317 1317 1317 1317 1317 1317 1317
    1317 1317 1312 1307 1302 1302 1307 1302 1302 1302 1297 1297 1297
    1297 1297 1297 1292 1292 1292 1292 1292 1292 1297 1292 1288 1288
    1283 1283 1288 1288 1288 1288 1288 1283 1278 1273 1273 1268 1268
    1322 1255 1255 1255 1255 1255 0 0 0 0 0 0 0 0 0 1307 1307 1312 1312
    1307 1307 1302 1302 1307 1307 1307 1302 1302 1302 1302 1302 1302
    1297 1292 1292 1292 1292 1307 1307 1302 1302 1302 1302 1302 1302
    1302 1302 1297 1292 1292 1292 1292 1292 1292 1288 1288 1283 1278
    1278 1283 1283 1283 1278 1278 1283 1283 1283 1283 1283 1278 1278
    1278 1273 1273 1273 1273 1273 1278 1273 1273 1268 1268 1268 1264
    1259 1259 1255 1255 1250 1241 1241 0 0 0 0 0 0 0 0 0 1307 1307 1302
    1302 1297 1297 1297 1297 1297 1297 1297 1292 1292 1292 1292 1292
    1288 1288 1283 1283 1288 1288 1288 1288 1288 1283 1283 1292 1288
    1288 1288 1283 1283 1283 1283 1283 1283 1283 1283 1283 1278 1278
    1273 1273 1273 1273 1273 1273 1273 1273 1273 1273 1268 1264 1264
    1264 1268 1268 1268 1259 1259 1255 1255 1255 1255 1255 1259 1255
    1255 1255 1255 1250 1250 1245 1241 1227 1227 0 0 0 0 0 0 0 1307 1302
    1297 1297 1297 1292 1292 1292 1292 1292 1292 1288 1288 1288 1288
    1288 1283 1283 1283 1278 1278 1278 1278 1278 1278 1283 1278 1278
    1278 1278 1278 1278 1273 1273 1278 1278 1273 1273 1273 1273 1273
    1268 1268 1268 1264 1264 1264 1264 1264 1259 1255 1250 1250 1250
    1255 1255 1255 1255 1255 1255 1250 1250 1245 1245 1250 1250 1250
    1250 1245 1245 1250 1250 1250 1245 1241 1241 1227 1227 1241 0 0 0 0
    0 0 1302 1302 1297 1297 1297 1292 1292 1292 1292 1292 1292 1288 1288
    1288 1288 1288 1283 1283 1283 1278 1278 1278 1278 1278 1278 1283
    1278 1278 1278 1278 1273 1273 1268 1268 1268 1268 1273 1268 1268
    1264 1264 1264 1264 1264 1259 1259 1259 1259 1255 1255 1250 1245
    1245 1245 1250 1250 1245 1245 1245 1245 1245 1245 1245 1245 1245
    1241 1241 1241 1245 1245 1245 1245 1245 1241 1236 1236 1232 1232
    1236 1236 0 0 0 0 0 1302 1302 1297 1292 1292 1292 1292 1292 1292
    1292 1292 1288 1288 1288 1288 1288 1288 1283 1283 1278 1278 1278
    1278 1278 1278 1283 1278 1278 1278 1278 1273 1273 1268 1268 1268
    1264 1264 1264 1264 1264 1264 1264 1264 1264 1259 1259 1259 1255
    1255 1250 1250 1245 1245 1245 1245 1245 1245 1245 1245 1245 1245
    1241 1241 1241 1241 1241 1241 1241 1245 1245 1245 1245 1245 1236
    1236 1236 1236 1236 1236 1236 0 0 0 0 0 1297 1297 1297 1292 1292
    1292 1292 1292 1292 1292 1292 1292 1288 1288 1288 1288 1288 1283
    1283 1278 1278 1278 1278 1278 1278 1283 1278 1278 1278 1278 1278
    1273 1268 1268 1268 1264 1264 1264 1264 1264 1259 1259 1259 1259
    1259 1259 1255 1255 1255 1250 1250 1250 1250 1250 1245 1245 1245
    1245 1245 1245 1245 1241 1241 1241 1241 1241 1241 1241 1245 1245
    1245 1241 1241 1236 1236 1236 1236 1236 1236 1236 0 0 0 0 0 1297
    1297 1297 1292 1292 1292 1292 1292 1292 1292 1292 1292 1288 1288
    1288 1288 1288 1283 1283 1283 1278 1278 1278 1278 1278 1283 1278
    1278 1278 1278 1278 1273 1273 1273 1268 1264 1264 1264 1264 1264
    1259 1259 1259 1259 1259 1259 1255 1255 1255 1250 1250 1250 1255
    1250 1245 1245 1245 1245 1245 1245 1245 1241 1241 1241 1241 1241
    1241 1241 1245 1245 1245 1241 1241 1241 1241 1236 1236 1236 1236
    1241 0 0 0 0 0 0 1302 1297 1297 1297 1297 1297 1292 1292 1292 1292
    1292 1292 1292 1292 1288 1283 1283 1283 1283 1283 1283 1278 1278
    1278 1283 1278 1278 1278 1278 1278 1273 1273 1273 1268 1264 1264
    1264 1264 1264 1259 1259 1259 1259 1259 1259 1255 1255 1255 1255
    1250 1250 1255 1255 1250 1245 1245 1245 1245 1245 1245 1241 1241
    1241 1241 1241 1241 1241 1245 1245 1241 1241 1241 1241 1241 1236
    1236 1236 1236 0 0 0 0 0 0 1312 1302 1302 1297 1297 1297 1297 1292
    1292 1292 1292 1292 1292 1292 1292 1288 1283 1283 1283 1283 1283
    1283 1278 1278 1278 1283 1278 1278 1278 1278 1278 1273 1273 1273
    1268 1268 1264 1264 1264 1264 1259 1259 1259 1259 1259 1259 1259
    1255 1255 1255 1255 1255 1255 1255 1250 1245 1245 1245 1245 1245
    1245 1241 1241 1241 1241 1241 1241 1241 1245 1245 1241 1241 1241
    1241 1241 1241 1241 1236 1236 0 0 0 0 0 0 1312 1307 1302 1302 1302
    1302 1297 1297 1292 1292 1292 1292 1292 1292 1292 1288 1288 1283
    1283 1283 1283 1283 1283 1278 1278 1278 1278 1278 1278 1278 1278
    1273 1273 1273 1268 1268 1268 1264 1264 1264 1264 1264 1264 1259
    1259 1259 1259 1259 1259 1259 1255 1255 1255 1250 1250 1245 1245
    1245 1245 1245 1245 1241 1241 1241 1245 1241 1241 1241 1245 1245
    1241 1241 1241 1241 1241 1241 1241 1236 1236 1245 0 0 0 0 0 1312
    1312 1307 1302 1302 1302 1297 1297 1297 1297 1297 1292 1292 1292
    1292 1288 1288 1288 1283 1283 1283 1283 1278 1278 1278 1278 1278
    1278 1278 1278 1278 1273 1273 1273 1268 1268 1268 1268 1268 1264
    1264 1264 1264 1259 1259 1259 1259 1259 1259 1259 1255 1255 1255
    1250 1250 1250 1245 1245 1245 1245 1245 1245 1245 1245 1245 1241
    1241 1241 1245 1245 1241 1241 1241 1241 1241 1241 1241 1236 1236
    1245 0 0 0 0 0 1312 1307 1307 1302 1302 1302 1297 1297 1297 1297
    1297 1292 1292 1292 1292 1288 1288 1288 1288 1288 1288 1283 1278
    1278 1278 1278 1278 1278 1278 1278 1278 1278 1278 1273 1273 1273
    1273 1268 1268 1264 1264 1264 1264 1259 1259 1259 1259 1259 1259
    1259 1259 1259 1255 1255 1255 1250 1250 1250 1245 1245 1245 1245
    1245 1245 1241 1241 1241 1241 1245 1245 1245 1245 1245 1241 1241
    1241 1241 1241 1241 1245 0 0 0 0 0 1307 1307 1307 1302 1302 1302
    1302 1297 1297 1297 1297 1292 1292 1292 1292 1292 1288 1288 1288
    1288 1288 1283 1278 1278 1278 1283 1278 1278 1278 1278 1278 1278
    1278 1273 1273 1273 1273 1268 1264 1264 1264 1264 1264 1259 1259
    1259 1259 1259 1259 1259 1255 1255 1255 1255 1255 1250 1250 1250
    1250 1245 1245 1245 1245 1245 1241 1241 1241 1241 1245 1245 1245
    1245 1245 1241 1241 1241 1241 1241 1241 1245 0 0 0 0 0 1297 1297
    1302 1302 1302 1302 1302 1297 1297 1297 1297 1292 1292 1292 1292
    1288 1288 1288 1288 1288 1288 1288 1283 1278 1278 1283 1278 1278
    1278 1278 1278 1278 1278 1278 1273 1273 1273 1268 1264 1264 1264
    1264 1264 1264 1264 1264 1264 1259 1259 1259 1255 1255 1255 1255
    1255 1255 1250 1250 1250 1245 1245 1245 1245 1245 1245 1245 1245
    1245 1245 1245 1245 1245 1245 1241 1241 1241 1241 1241 1241 0 0 0 0
    0 0 1297 1297 1302 1302 1302 1302 1302 1297 1297 1297 1297 1292 1292
