<?xml version="1.0"?>
<opencv_storage>
<Depth5314 type_id="opencv-matrix">
  <rows>20</rows>
  <cols>61</cols>
  <dt>w</dt>
  <data>
    3576 3576 3576 3614 3614 3614 3614 3614 3614 3614 3653 3692 3732
    3774 3774 3774 3774 3816 3859 3859 3859 3903 3903 3903 3903 2701
    2701 2701 2701 2701 2701 2701 3948 2789 2789 2767 2744 2744 2701
    2701 2723 2744 2767 2767 2789 2859 2883 2883 2883 2859 2835 2835
    4241 4349 2883 2883 2958 2958 2958 2958 3010 3576 3576 3576 3614
    3614 3614 3614 3614 3614 3614 3653 3692 3732 3774 3732 3732 3774
    3816 3859 2598 2598 3948 3948 3948 2680 2680 2680 2680 2680 2680
    2680 2701 2701 2701 2723 2789 2744 2744 2701 2701 2723 2744 2767
    2767 2789 2812 2859 2859 2859 2859 2835 2835 2835 2859 2883 2883
    2883 2933 2958 2958 2984 2450 2450 2432 2432 2450 3614 3653 3653
    3653 3653 3692 3692 2560 2541 2541 3732 3732 2560 2560 2579 2598
    2618 2618 2659 2659 2659 2659 2639 2639 2659 2680 2701 2701 2701
    2723 2767 2767 2767 2744 2744 2744 2767 2767 2789 2789 2812 2835
    2859 2859 2859 2835 2835 2835 2859 2883 2883 2883 2933 2984 2984
    2984 2450 2432 2415 2415 2450 3653 3653 3653 2522 2522 2522 2541
    2541 2541 2541 2541 2560 2541 2541 2579 2598 2618 2618 2639 2639
    2639 2639 2618 2618 2659 2680 2701 2701 2701 2701 2767 2767 2767
    2744 2744 2744 2767 2767 2789 2812 2812 2835 2859 2859 2859 2835
    2835 2859 2859 2883 2883 2908 2933 2958 2958 2984 2450 2432 2415
    2415 2450 2467 2485 2485 2522 2522 2522 2522 2522 2522 2541 2541
    2560 2541 2541 2598 2598 2598 2598 2618 2639 2639 2639 2618 2618
    2659 2680 2701 2701 2701 2701 2767 2767 2767 2767 2767 2767 2789
    2789 2789 2812 2812 2835 2859 2859 2859 2859 2883 2883 2908 2908
    2908 2908 2933 2958 2958 2984 2432 2450 2450 2450 2450 2467 2485
    2485 2522 2522 2522 2522 2522 2522 2541 2560 2579 2579 2579 2598
    2598 2598 2598 2618 2659 2659 2639 2639 2639 2659 2701 2701 2701
    2701 2723 2744 2767 2767 2767 2767 2789 2789 2789 2812 2812 2812
    2812 2835 2859 2859 2859 2883 2883 2908 2908 2908 2908 2933 2958
    2958 2984 2432 2432 2432 2450 2450 2485 2485 2485 2522 2522 2522
    2541 2541 2560 2579 2579 2579 2598 2598 2598 2598 2618 2618 2618
    2659 2659 2659 2659 2659 2680 2701 2701 2701 2701 2723 2744 2767
    2767 2767 2789 2789 2789 2789 2789 2789 2812 2812 2835 2859 2859
    2859 2883 2883 2908 2908 2908 2908 2908 2958 2958 2958 2432 2432
    2432 2467 2467 2467 2467 2485 2503 2522 2541 2541 2541 2560 2579
    2579 2598 2579 2579 2579 2579 2598 2598 2618 2639 2659 2680 2680
    2680 2680 2701 2701 2701 2701 2723 2723 2744 2767 2767 2789 2789
    2789 2789 2789 2789 2812 2812 2812 2859 2859 2883 2859 2859 2883
    2908 2908 2908 2908 0 0 2226 2450 2450 2450 2467 2467 2467 2467 2485
    2503 2522 2541 2541 2541 2560 2560 2598 2598 2579 2579 2579 2579
    2598 2598 2618 2639 2659 2680 2680 2680 2680 2701 2701 2701 2701
    2723 2723 2744 2744 2767 2767 2767 2767 2789 2789 2789 2789 2812
    2812 2859 2859 2859 2859 2859 2883 2883 2908 2908 2908 0 0 0 2450
    2450 2450 2467 2467 2485 2485 2485 2503 2522 2541 2541 2541 2541
    2560 2579 2579 2579 2579 2579 2579 2598 2598 2618 2639 2659 2680
    2680 2680 2680 2701 2701 2701 2701 2723 2723 2744 2744 2767 2767
    2767 2767 2767 2789 2789 2789 2812 2812 2859 2859 2859 2859 2859
    2883 2883 2883 2883 0 0 0 0 2450 2450 2450 2467 2467 2485 2485 2503
    2503 2522 2541 2541 2541 2541 2541 2541 2560 2560 2579 2579 2579
    2598 2598 2618 2639 2659 2680 2680 2680 2680 2701 2701 2701 2701
    2723 2744 2744 2744 2744 2744 2744 2767 2767 2789 2789 2812 2835
    2835 2835 2859 2835 2835 2859 2859 2883 2883 2883 0 0 0 0 2450 2450
    2450 2467 2485 2485 2503 2503 2503 2522 2541 2541 2541 2541 2541
    2541 2541 2560 2579 2579 2579 2598 2618 2618 2639 2639 2639 2639
    2680 2680 2701 2701 2701 2701 2723 2744 2744 2744 2744 2744 2744
    2767 2767 2789 2789 2789 2835 2835 2835 2835 2835 2835 2859 2859
    2883 2883 2883 0 0 0 0 2450 2450 2450 2467 2485 2485 2503 2503 2503
    2522 2541 2541 2560 2541 2541 2541 2541 2541 2560 2579 2579 2598
    2618 2618 2639 2639 2639 2639 2680 2680 2680 2701 2701 2701 2701
    2723 2744 2744 2744 2744 2744 2767 2767 2789 2789 2789 2835 2835
    2835 2835 2835 2835 2883 2883 2883 2883 2883 0 0 0 0 2432 2467 2467
    2485 2485 2485 2485 2503 2503 2522 2522 2541 2541 2541 2541 2541
    2541 2541 2560 2579 2579 2598 2618 2618 2618 2618 2639 2639 2659
    2680 2680 2680 2701 2701 2701 2723 2744 2744 2744 2744 2767 2767
    2767 2812 2812 2812 2789 2789 2789 2835 2835 2835 2883 2908 2883
    2883 2883 0 0 0 0 2432 2450 2450 2485 2485 2485 2485 2503 2503 2522
    2522 2522 2541 2541 2541 2541 2541 2560 2579 2579 2579 2598 2598
    2618 2618 2618 2639 2639 2659 2680 2680 2680 2680 2701 2701 2723
    2723 2723 2744 2767 2789 2789 2789 2789 2789 2812 2789 2789 2789
    2859 2859 2883 2883 2883 4405 4405 0 0 0 0 0 2415 2415 2450 2485
    2485 2467 2467 2503 2503 2522 2522 2522 2541 2541 2541 2541 2541
    2560 2579 2598 2598 2598 2598 2598 2598 2639 2659 2680 2680 2680
    2579 2579 2680 2701 2701 2723 2723 2723 2744 2789 2789 2789 2789
    2789 2789 2812 2789 2789 2859 2859 2859 2883 2883 4405 4405 4405
    4349 4295 4295 4349 4295 2415 2415 2450 2485 2485 2467 2467 2467
    2467 2522 2522 2522 2522 2522 2522 2522 2541 2560 2560 2579 2579
    2579 2579 2579 2579 2618 2659 2680 2701 2680 2579 2579 2680 2701
    2723 2744 2744 2744 2767 2812 2812 2812 3948 3994 3994 3994 3994
    4190 4190 4295 4405 4405 4405 4405 4405 4405 4349 4295 4295 4295
    4295 2415 2415 2432 2467 2485 2485 2467 2467 2467 2522 2522 2522
    2522 2522 2522 2522 2541 2541 2541 2560 2560 2579 2579 2579 2579
    2618 2659 2680 2701 2701 2701 2701 2767 2767 2767 2767 2767 2767
    3774 3774 3816 3948 3948 3948 3994 3994 3994 4190 4241 4295 4295
    4349 4349 4349 4349 4349 4349 4295 4295 4295 4295 2415 2415 2432
    2467 2485 2485 2522 2541 2541 2541 2541 2541 2541 2541 2541 2541
    2541 2541 2541 2560 2560 2560 3994 3994 3994 3994 3948 3948 3948
    3948 3948 3948 3948 3948 2767 2767 3903 3948 3859 3859 3903 3948
    3948 3948 4089 4089 4089 4089 4089 4241 4241 4295 4349 4349 4349
    4295 4241 4241 4295 4349 4349 2432 2432 2450 2450 2560 2522 2522
    2522 2522 2522 3774 3576 3576 0 0 0 3614 3859 3859 3859 3903 3903
    3948 3948 3948 3948 3948 3948 3994 3948 3948 3948 3994 3948 3948
    3903 3903 3948 3948 3948 4041 4041 3948 3948 4089 4089 4089 4089
    4089 4139 4190 4241 4295 4349 4349 4241 4241 4241 4405 4405 4522</data></Depth5314>
</opencv_storage>
