<?xml version="1.0"?>
<opencv_storage>
<Depth15998 type_id="opencv-matrix">
  <rows>7</rows>
  <cols>19</cols>
  <dt>w</dt>
  <data>
    5640 5640 5640 5734 5734 5734 5734 5640 5640 5640 5734 5734 5734
    5734 5832 5832 5832 5734 1748 5640 5640 5734 5734 5734 5734 5734
    5734 5734 5734 5734 5734 5734 5734 5734 5734 5734 5734 1748 5640
    5640 5734 5734 5640 5640 5640 5640 5640 5640 5640 5640 5640 5640
    5640 5734 5734 5734 1776 5640 5640 5734 5548 5548 5548 5640 5640
    5548 5548 5640 5640 5640 5640 5640 5640 5640 5640 0 1550 1550 5548
    5548 5548 5548 5548 5640 5548 5548 5640 5548 5548 5548 5548 5640
    5640 5640 5640 1550 1550 1550 5548 5548 5548 5548 5640 0 0 0 5460
    5460 5548 5548 5548 5640 5640 5640 1550 1550 1579 5548 5548 5548
    5548 5548 0 0 0 5460 5460 5460 5548 5548 5640 5640 5640</data></Depth15998>
</opencv_storage>
