<?xml version="1.0"?>
<opencv_storage>
<Depth6832 type_id="opencv-matrix">
  <rows>78</rows>
  <cols>61</cols>
  <dt>w</dt>
  <data>
    3732 3774 3774 3692 3692 1354 1343 1338 1338 1333 1333 1333 1333
    1333 1333 1333 1338 1338 1338 1338 1343 1343 1338 1338 1338 1333
    1333 1338 3614 3614 3614 3614 3614 3653 3614 3614 3576 3576 3576
    3576 3576 3576 3576 3576 3539 3539 3539 3539 3503 3503 3468 3468
    3468 3468 3468 3468 3433 3433 3433 3468 3468 3732 3732 3732 1359
    1359 1349 1338 1333 1333 1333 1333 1333 1333 1333 1333 1333 1338
    1338 1338 1338 1338 1338 1338 1338 1338 1333 1333 1338 1338 1338
    1338 1338 1338 1343 1343 3614 3614 3576 3576 3576 3576 3576 3576
    3539 3539 3503 3503 3503 3503 3503 3503 3468 3468 3468 3468 3468
    3433 3433 3433 3433 3468 3816 1376 1376 1354 1354 1343 1338 1333
    1333 1333 1333 1333 1333 1333 1333 1333 1338 1338 1338 1338 1338
    1338 1338 1338 1338 1338 1338 1333 1333 1333 1338 1338 1338 1338
    1338 1333 1333 1333 1328 1328 1338 1338 1338 3539 3539 3503 3468
    3468 3503 3503 3503 3503 3503 3503 3468 3468 3433 3433 3433 3433
    3468 3774 1376 1376 1370 1354 1343 1333 1328 1328 1328 1328 1333
    1333 1333 1328 1328 1333 1333 1333 1333 1333 1333 1333 1333 1338
    1338 1338 1333 1333 1333 1338 1338 1338 1338 1338 1333 1333 1333
    1328 1328 1333 1333 1333 1338 1338 1338 1338 1338 1333 1333 1333
    1333 3539 3503 3468 3468 3433 3433 3433 3433 3468 0 1376 1376 1365
    1354 1343 1333 1328 1328 1328 1328 1328 1328 1328 1322 1322 1328
    1333 1333 1328 1328 1328 1328 1333 1338 1338 1338 1333 1333 1333
    1333 1333 1333 1338 1333 1333 1333 1333 1333 1333 1328 1328 1328
    1333 1333 1333 1333 1333 1333 1333 1333 1333 1328 3468 3468 3468
    3433 3433 3468 3468 3468 1392 1392 1376 1365 1354 1343 1333 1322
    1322 1322 1322 1328 1328 1328 1322 1322 1328 1328 1328 1328 1328
    1328 1328 1328 1333 1333 1333 1328 1328 1328 1328 1328 1333 1333
    1333 1333 1333 1333 1333 1328 1328 1328 1328 1328 1333 1333 1328
    1328 1328 1328 1328 1328 1328 3468 3468 3433 3433 3433 3433 3433
    3468 1404 1392 1376 1365 1354 1343 1333 1322 1322 1322 1322 1322
    1322 1322 1322 1322 1328 1328 1328 1328 1328 1328 1328 1328 1328
    1333 1333 1328 1328 1328 1328 1328 1328 1333 1328 1328 1328 1328
    1328 1328 1328 1328 1328 1328 1328 1328 1328 1328 1328 1328 1328
    1328 1328 1328 3269 3269 3269 3433 3433 3433 3433 1404 1392 1376
    1365 1359 1338 1333 1322 1322 1322 1322 1322 1322 1322 1317 1317
    1328 1328 1328 1322 1322 1322 1322 1322 1328 1328 1328 1322 1322
    1322 1322 1322 1328 1328 1328 1328 1328 1328 1328 1328 1322 1322
    1322 1322 1322 1328 1328 1328 1322 1322 1328 1328 1328 1328 3269
    3269 3269 3399 3433 3433 3433 1410 1392 1376 1365 1354 1338 1328
    1317 1317 1317 1317 1317 1317 1317 1317 1317 1328 1328 1328 1322
    1322 1322 1322 1322 1328 1328 1328 1322 1322 1322 1322 1322 1322
    1322 1322 1322 1322 1328 1328 1328 1322 1322 1322 1322 1322 1328
    1328 1328 1322 1322 1322 1322 1328 0 1328 3399 3399 3399 3433 3433
    3433 1410 1398 1381 1365 1354 1338 1328 1317 1317 1317 1317 1317
    1317 1317 1317 1317 1322 1322 1322 1322 1322 1322 1322 1322 1322
    1322 1322 1322 1322 1322 1322 1322 1322 1322 1322 1322 1322 1322
    1322 1322 1322 1322 1322 1322 1322 1322 1322 1322 1322 1322 1322
    1322 1328 1328 0 3433 3433 3433 3433 3433 3433 1410 1398 1381 1370
    1354 1338 1328 1317 1317 1317 1317 1317 1317 1317 1317 1317 1322
    1322 1322 1322 1322 1322 1322 1322 1322 1322 1322 1322 1322 1322
    1322 1322 1322 1317 1317 1322 1322 1322 1322 1322 1322 1322 1317
    1317 1322 1322 1322 1322 1322 1322 1317 1317 1322 1322 0 3433 3433
    3433 3399 3399 3433 1404 1392 1381 1365 1354 1338 1328 1317 1317
    1317 1317 1317 1317 1317 1317 1317 1322 1322 1322 1322 1322 1322
    1322 1322 1322 1322 1322 1322 1322 1322 1317 1317 1317 1317 1317
    1322 1322 1322 1322 1322 1322 1322 1317 1317 1322 1322 1322 1322
    1317 1317 1317 1317 1317 1317 0 3433 3433 3433 3399 3399 3399 1398
    1387 1381 1365 1354 1338 1328 1317 1317 1317 1317 1312 1312 1312
    1317 1317 1322 1322 1317 1317 1317 1322 1322 1322 1322 1322 1322
    1322 1322 1322 1317 1317 1317 1317 1317 1317 1317 1322 1317 1317
    1317 1317 1317 1317 1317 1317 1317 1317 1317 1317 1317 1317 1317
    1317 1312 3433 3433 3433 3399 3399 3399 1392 1387 1376 1365 1349
    1333 1322 1317 1317 1312 1312 1312 1312 1312 1312 1312 1317 1317
    1317 1317 1317 1322 1317 1317 1322 1317 1317 1317 1317 1317 1317
    1317 1317 1317 1317 1317 1317 1317 1317 1317 1317 1317 1317 1317
    1317 1317 1317 1317 1317 1317 1317 1317 1312 1312 1312 3468 3468
    3399 3399 3399 3399 1392 1387 1376 1365 1349 1333 1322 1317 1317
    1312 1312 1312 1312 1312 1312 1312 1317 1317 1317 1317 1317 1317
    1317 1317 1317 1317 1317 1317 1317 1317 1317 1312 1312 1312 1317
    1317 1317 1317 1317 1317 1317 1317 1317 1317 1317 1317 1317 1312
    1312 1317 1317 1317 1312 1312 1312 1312 3399 3399 3399 3399 3399
    1398 1387 1370 1359 1354 1333 1322 1312 1312 1312 1312 1312 1307
    1302 1302 1302 1307 1312 1317 1317 1317 1317 1312 1312 1312 1312
    1317 1317 1312 1312 1312 1312 1312 1312 1307 1307 1312 1312 1317
    1317 1317 1317 1317 1317 1317 1317 1312 1312 1312 1312 1317 1312
    1312 1317 1317 0 3433 3433 3433 3433 3433 1398 1387 1370 1359 1354
    1333 1322 1312 1307 1307 1307 1307 1302 1302 1302 1302 1307 1312
    1312 1312 1312 1312 1312 1312 1307 1307 1312 1312 1307 1307 1312
    1307 1307 1307 1302 1302 1312 1312 1312 1317 1317 1312 1312 1317
    1312 1312 1312 1312 1312 1312 1317 1312 1312 1317 1317 0 3433 3433
    3433 3433 3433 1398 1387 1370 1359 1354 1338 1322 1307 1307 1307
    1307 1307 1302 1302 1302 1302 1307 1307 1307 1307 1307 1307 1307
    1302 1302 1307 1312 1312 1307 1307 1307 1307 1307 1307 1302 1302
    1307 1307 1312 1312 1312 1312 1312 1312 1312 1312 1312 1312 1312
    1312 1312 1312 1312 1317 1317 0 3433 3433 3433 3433 3433 1398 1387
    1376 1359 1354 1338 1322 1307 1307 1297 1297 1302 1302 1302 1302
    1302 1307 1307 1302 1302 1307 1302 1302 1302 1302 1307 1312 1312
    1307 1302 1302 1307 1312 1307 1302 1302 1302 1307 1307 1307 1307
    1307 1307 1307 1307 1312 1312 1307 1307 1312 1312 1312 1312 1317 0 0
    0 3468 3433 3399 3399 1398 1392 1376 1370 1349 1333 1322 1307 1307
    1297 1297 1302 1302 1302 1307 1307 1307 1302 1302 1302 1302 1302
    1302 1302 1302 1307 1312 1307 1307 1302 1302 1302 1307 1307 1307
    1302 1302 1307 1307 1307 1307 1307 1307 1302 1302 1307 1307 1307
    1307 1307 1307 1312 1317 1317 0 0 0 3468 3433 3399 3365 1404 1398
    1387 1365 1349 1333 1317 1312 1307 1297 1297 1297 1297 1302 1302
    1302 1302 1302 1302 1302 1302 1302 1302 1302 1302 1307 1307 1307
    1307 1302 1302 1302 1302 1302 1302 1302 1302 1302 1302 1302 1307
    1307 1302 1302 1302 1307 1307 1307 1307 1307 1307 1307 1302 1302 0 0
    0 3468 3433 3399 3365 1404 1398 1381 1365 1343 1333 1317 1312 1302
    1297 1297 1297 1297 1297 1302 1302 1302 1302 1302 1302 1302 1302
    1302 1302 1302 1307 1307 1307 1302 1302 1302 1302 1302 1302 1302
    1302 1302 1302 1302 1302 1302 1302 1302 1302 1302 1302 1302 1302
    1307 1307 1307 1302 1302 1302 1302 0 3433 3433 3399 3365 3365 1404
    1398 1381 1359 1343 1333 1317 1307 1302 1297 1297 1297 1297 1297
    1297 1297 1297 1297 1302 1302 1302 1302 1302 1302 1302 1307 1307
    1307 1302 1302 1302 1302 1302 1302 1302 1302 1302 1302 1302 1302
    1302 1302 1297 1297 1302 1297 1297 1302 1302 1302 1302 1302 1302
    1302 1302 0 3433 3433 3399 3365 3365 1404 1387 1370 1359 1343 1333
    1317 1302 1297 1297 1297 1297 1297 1292 1292 1297 1297 1297 1302
    1302 1302 1302 1302 1302 1302 1302 1302 1302 1302 1302 1302 1302
    1302 1302 1297 1297 1297 1297 1297 1297 1297 1297 1297 1297 1297
    1297 1297 1302 1302 1297 1297 1297 1297 1297 1297 0 3433 3433 3399
    3365 3365 1365 1365 1359 1354 1349 1333 1317 1302 1297 1297 1297
    1297 1297 1292 1292 1297 1297 1297 1302 1302 1302 1302 1302 1302
