<?xml version="1.0"?>
<opencv_storage>
<Depth4546 type_id="opencv-matrix">
  <rows>30</rows>
  <cols>63</cols>
  <dt>w</dt>
  <data>
    4522 4522 4522 2116 2116 2116 2116 2116 2078 2078 2103 4349 4349
    4349 4349 4349 4405 4405 4349 4349 4349 4349 4349 4349 4295 4295
    4295 4295 4295 4295 4295 4295 4295 4295 4295 4295 4241 4241 4295
    4349 4349 4349 4349 4295 4295 4295 4295 4295 4295 4295 4295 4295
    4241 4241 4190 4190 4241 4241 4241 4241 4241 4241 4241 4522 2129
    2129 2116 2116 2116 2116 2116 2103 2103 2103 2103 2103 2103 2090
    2090 2090 2090 4349 4349 4349 4349 4349 4349 4349 4295 4295 4295
    4295 4295 4295 4295 4295 4295 4295 4295 4295 4295 4295 4349 4349
    4295 4295 4295 4295 4295 4295 4295 4295 4295 4295 4295 4241 4241
    4190 4190 4190 4190 4190 4241 4241 4241 4241 4522 2129 2129 2129
    2116 2116 2116 2116 2103 2103 2103 2103 2103 2090 2090 2090 2090
    2090 2090 2078 2078 4463 4405 4405 4405 4405 4295 4295 4295 4295
    4295 4295 4295 4295 4295 4295 4295 4241 4241 4295 4295 4295 4295
    4295 4295 4295 4295 4295 4295 4295 4349 4295 4241 4190 4190 4190
    4190 4190 4190 4190 4241 4241 4241 2143 2129 2129 2129 2129 2129
    2116 2103 2103 2090 2090 2090 2090 2090 2090 2090 2090 2090 2090
    2078 2065 2065 2065 4522 4463 4405 4295 4295 4295 4295 4295 4295
    4295 4295 4295 4295 4295 4241 4241 4295 4295 4295 4295 4295 4295
    4295 4295 4295 4295 4349 4349 4295 4241 4190 4190 4190 4190 4190
    4190 4190 4241 4241 4241 2143 2143 2129 2129 2129 2129 2116 2103
    2103 2090 2090 2090 2090 2090 2090 2090 2090 2090 2090 2078 2065
    2065 2065 2065 2065 2078 4295 4241 4241 4295 4295 4295 4295 4295
    4295 4295 4295 4241 4241 4295 4295 4295 4295 4295 4295 4349 4295
    4295 4295 4349 4349 4295 4295 4241 4190 4190 4190 4190 4190 4190
    4241 4295 4295 2143 2143 2129 2129 2129 2129 2116 2116 2103 2103
    2090 2090 2090 2090 2090 2090 2090 2090 2078 2078 2078 2078 2065
    2065 2065 2065 2065 2065 2040 2040 2040 2040 4349 4349 4295 4295
    4295 4295 4295 4349 4295 4295 4295 4295 4295 4295 4295 4295 4295
    4295 4295 4295 4295 4241 4190 4190 4190 4190 4190 4190 4295 4295
    4295 2143 2129 2129 2129 2129 2116 2116 2116 2103 2103 2090 2090
    2090 2078 2078 2090 2090 2090 2078 2078 2078 2078 2065 2053 2053
    2065 2065 2053 2040 2040 2040 2040 2028 2028 2028 2028 2053 2053
    4295 4349 4295 4295 4295 4295 4295 4295 4295 4295 4295 4295 4295
    4295 4295 4295 4241 4241 4139 4139 4139 4190 4241 4295 4190 2143
    2129 2129 2129 2116 2116 2116 2116 2103 2103 2090 2090 2078 2078
    2078 2090 2078 2078 2078 2078 2078 2065 2065 2053 2053 2065 2053
    2053 2040 2040 2040 2040 2028 2028 2028 2028 2040 2053 2053 2040
    2040 4295 4295 4295 4295 4295 4295 4295 4295 4295 4295 4295 4295
    4295 4241 4190 4139 4139 4139 4190 4241 4295 4190 2143 2116 2116
    2129 2116 2103 2103 2103 2090 2090 2090 2090 2078 2078 2078 2078
    2078 2078 2078 2078 2065 2065 2065 2065 2065 2053 2053 2040 2040
    2040 2040 2040 2040 2028 2028 2028 2040 2053 2053 2040 2040 2040
    4295 4241 4241 4295 4295 4295 4295 4295 4295 4295 4295 4295 4190
    4190 4139 4139 4139 4190 4241 4295 4190 2143 2116 2116 2116 2116
    2103 2103 2090 2090 2090 2090 2090 2090 2090 2078 2078 2078 2078
    2078 2078 2065 2065 2065 2065 2053 2053 2053 2040 2040 2040 2040
    2040 2040 2040 2040 2040 2040 2040 2040 2040 2040 2040 2053 2040
    2040 2040 2040 4349 4295 4295 4295 4295 4295 4241 4190 4190 4139
    4139 4139 4190 4241 4295 4241 2143 2116 2116 2116 2103 2103 2090
    2090 2090 2078 2078 2090 2090 2090 2078 2078 2078 2078 2078 2078
    2078 2078 2065 2065 2053 2053 2053 2053 2053 2040 2040 2040 2040
    2028 2028 2040 2040 2040 2040 2040 2040 2040 2040 2040 2040 2040
    2040 2040 2053 2053 4349 4295 4241 4190 4190 4190 4139 4139 4139
    4190 4241 4295 4241 4405 2116 2116 2103 2103 2103 2090 2090 2090
    2078 2078 2090 2078 2078 2078 2078 2078 2065 2065 2065 2065 2078
    2065 2053 2040 2040 2053 2053 2053 2040 2040 2040 2040 2028 2028
    2040 2040 2040 2040 2040 2040 2040 2040 2040 2040 2040 2028 2028
    2040 2028 2028 4295 4190 4139 4139 4190 4190 4190 2040 2040 4241
    4295 4295 4349 4349 2116 2103 2103 2103 2090 2090 2090 2078 2078
    2078 2078 2078 2078 2078 2078 2065 2065 2065 2065 2065 2065 2053
    2040 2040 2040 2053 2053 2040 2040 2040 2040 2040 2040 2040 2040
    2040 2040 2040 2040 2040 2040 2040 2040 2028 2028 2028 2028 2028
    2028 2053 4190 4139 4139 2040 2040 2065 2040 2028 2028 4190 4190
    4295 4295 4349 2129 2116 2116 2090 2090 2090 2078 2078 2078 2078
    2078 2078 2078 2078 2065 2065 2065 2053 2053 2053 2053 2040 2040
    2040 2040 2040 2040 2040 2040 2028 2028 2028 2028 2028 2040 2040
    2040 2040 2040 2040 2040 2040 2028 2028 2028 2028 2028 2028 2053
    2103 4139 4139 2040 2040 2065 2040 2028 2028 2016 2016 4295 4295
    4349 4349 4295 4295 4241 2090 2090 2078 2078 2078 2078 2078 2078
    2078 2078 2065 2065 2053 2053 2040 2040 2040 2040 2040 2040 2040
    2040 2040 2040 2040 2028 2028 2028 2028 2028 2053 2053 2040 2040
    2040 2040 2040 2028 2028 2028 2028 2028 2028 2040 2065 2090 2090
    2065 2065 2065 2065 2040 2028 2028 2016 2016 4295 4295 4295 4295
    4295 4295 4295 4295 4241 2078 2078 2078 2078 2078 2078 2078 2078
    2065 2065 2053 2053 2040 2040 2040 2040 2040 2040 2040 2040 2040
    2040 2040 2028 2028 2028 2028 2028 2053 2040 2040 2040 2040 2040
    2040 2028 2028 2028 2028 2028 2028 2040 2065 2090 2090 2090 2065
    2065 2053 2040 2040 2040 2028 2028 4295 4295 4295 4295 4295 4295
    4295 4295 4241 4241 4295 4139 4139 4295 4295 2078 2078 2065 2065
    2053 2053 2040 2028 2028 2040 2040 2040 2040 2040 2040 2028 2028
    2028 2028 2028 2028 2028 2040 2040 2040 2040 2040 2028 2028 2028
    2028 2028 2028 2028 2028 2040 2090 2090 2090 2090 2090 2078 2053
    2040 2040 2040 2040 2040 4349 4349 4295 4295 4295 4295 4295 4295
    4295 4295 4241 4241 4241 4241 4241 4241 4295 4241 4241 2053 2053
    2040 2028 2028 2040 2040 2040 2040 2028 2028 2028 2028 2028 2028
    2028 2028 2028 2040 2040 2040 2040 2040 2028 2028 2028 2028 2028
    2040 2040 2040 2040 2040 2116 2116 2103 2103 2090 2065 2028 2028
    2040 2040 2040 4295 4295 4295 4295 4295 4295 4295 4295 4295 4241
    4241 4241 4241 4241 4241 4241 4241 4241 4241 4241 2053 2040 2040
    2040 2040 2040 2040 2028 2028 2028 2028 2028 2028 2028 2028 2028
    2028 2040 2040 2040 2028 2028 2028 2028 2028 2028 2028 2040 2040
    2040 2040 0 2116 2116 2103 2103 2090 2065 2028 2028 2040 2040 2040
    4295 4295 4295 4295 4295 4295 4295 4295 4295 4241 4241 4241 4241
    4241 4241 4241 4241 4241 4241 4241 4190 4190 4190 2053 2053 2040
    2040 2028 2016 2016 2028 2028 2028 2028 2028 2028 2028 2040 2040
    2028 2028 2028 2016 2016 2028 2028 2028 2028 2040 2040 2040 2143
    2129 2129 2116 2103 2103 2065 2040 2040 2040 2040 2040 4241 4295
    4295 4295 4295 4295 4295 4295 4241 4241 4241 4241 4190 4190 4241
    4241 4241 4241 4241 4241 4190 4190 4139 4139 4139 4139 4089 4089
    2016 2016 2028 2028 2028 2028 2016 2016 2028 2040 2040 2028 2028
    2028 2016 2016 2028 2028 2028 2028 2028 2040 2040 2143 2143 2143
    2129 2103 2090 2065 2040 2040 2040 2040 2040 4241 4295 4295 4295
    4295 4295 4295 4295 4241 4241 4241 4241 4190 4190 4190 4241 4241
    4241 4241 4241 4190 4190 4139 4139 4139 4089 4089 4089 4089 4089
    4089 2028 2028 2028 2005 2005 2016 2028 2028 2028 2028 2028 2028
    2028 2028 2040 2028 2028 2028 2040 2053 2053 2143 2143 2129 2103
    2090 2053 2040 2040 2040 2028 2028 4295 4295 4295 4295 4295 4295
    4295 4295 4241 4241 4190 4190 4190 4190 4190 4190 4190 4241 4241
    4241 4190 4190 4139 4089 4089 4089 4089 4139 4089 4089 4089 4139
    4139 4139 2005 2005 2016 2028 2028 2028 2028 2028 2028 2028 2028
    2040 2040 2040 2040 2040 2053 2078 2078 2103 2116 2090 2065 2053
    2040 2028 2028 2028 2028 4295 4295 4295 4295 4295 4241 4241 4241
    4241 4241 4190 4190 4190 4190 4190 4190 4190 4190 4190 4190 4190
