<?xml version="1.0"?>
<opencv_storage>
<Depth6266 type_id="opencv-matrix">
  <rows>103</rows>
  <cols>71</cols>
  <dt>w</dt>
  <data>
    4463 4522 4582 4582 4582 4582 4582 4582 4582 4582 4582 4582 4645
    4645 4645 4645 4645 4645 4645 4645 4774 4774 4774 4774 4842 4842
    4842 4842 4842 4842 995 995 995 998 998 4911 4911 4911 0 5056 5056
    4983 4983 4983 5056 5056 5056 5056 5132 5210 5210 5210 5210 5210
    5210 5210 5210 5210 5210 5210 5210 5291 5291 5291 5291 5291 5291
    5210 5210 5210 0 4522 4522 4522 4522 4522 4582 4582 4582 4582 4582
    4582 4582 4645 4645 4645 4645 4645 4645 4645 4645 4708 4774 4774
    4774 4842 4842 4842 992 992 992 989 989 992 992 989 989 989 992 992
    4911 4911 4911 4911 4983 4983 4983 5056 5056 5056 5132 5132 5132
    5132 5132 5210 5210 5210 5210 5210 5210 5210 5291 5291 5291 5291
    5291 5291 5210 5210 5210 5291 4522 4522 4522 4522 4522 4582 4582
    4582 4582 4582 4582 4582 4582 4582 4645 4582 4582 4645 4645 4645
    4645 4774 4774 4842 4774 4774 1001 992 992 989 987 987 987 987 987
    989 989 992 992 998 4911 4911 4911 4983 4983 4983 5056 5056 5056
    5132 5132 5132 5132 5132 5210 5210 5210 5210 5210 5210 5291 5291
    5291 5291 5291 5291 5291 5291 5291 5291 5291 4522 4522 4463 4463
    4463 4522 4582 4582 4582 4645 4582 4582 4582 4582 1047 1044 1044
    4645 4522 4522 1016 1013 1013 1010 1007 1001 1001 989 987 987 984
    984 984 984 987 989 989 992 995 998 998 1001 4983 4983 4983 4983
    5056 5056 5056 5132 5132 5132 5132 5132 5132 5132 5210 5210 5210
    5210 5291 5210 5210 5210 5210 5291 5291 5291 5291 5291 5374 4463
    4463 4463 4463 4463 4522 4522 4522 4582 4645 4645 0 1047 1047 1047
    1044 1038 1034 1025 1019 1016 1013 1013 1010 1004 1001 998 989 987
    984 981 981 981 981 984 987 989 992 995 998 1001 1001 1010 1010 5132
    5132 5056 5056 5056 5132 5132 5132 5132 5132 5132 5132 5210 5210
    5210 5210 5210 5210 5210 5210 5210 5291 5291 5291 5291 5374 5374
    4463 4463 4522 4463 4463 4522 4522 4522 0 0 0 0 0 1047 1044 1041
    1038 1034 1025 1019 1016 1016 1010 1007 1001 998 995 987 984 981 981
    981 981 981 984 987 989 992 995 998 1001 1007 1010 1010 1028 5132
    5132 5056 5056 5056 5056 5056 5056 5132 5132 5132 5210 5210 5210
    5210 5210 5210 5210 5210 5210 5291 5291 5291 5291 5374 5291 4463
    4463 4522 4522 4522 4522 4522 0 0 0 0 0 1047 1047 1044 1041 1034
    1028 1025 1019 1016 1013 1010 1007 1001 998 989 987 981 978 978 978
    978 978 981 987 989 992 995 998 1001 1007 1010 1019 1028 1034 1034
    1038 5056 5056 5056 5056 5056 5132 5132 5210 5210 5210 5210 5210
    5210 5210 5210 5210 5210 5210 5291 5374 5374 5374 5291 4463 4522
    4522 4522 4582 4582 0 0 0 0 0 0 1047 1047 1044 1041 1034 1025 1022
    1016 1013 1010 1007 1004 1001 992 989 987 981 978 978 978 978 978
    981 987 989 992 995 998 1001 1007 1013 1019 1025 1028 1031 1034 1034
    1034 1044 1044 5132 5132 5132 5210 5210 5210 5210 5210 5210 5210
    5210 5210 5210 5210 5291 5291 5291 5374 5291 4463 4522 4522 4522
    4582 0 0 0 0 0 0 0 1047 1047 1041 1038 1028 1025 1022 1016 1013 1010
    1007 1001 998 989 987 984 978 975 975 975 975 978 981 987 989 992
    995 998 998 1004 1013 1019 1022 1028 1031 1034 1034 1041 1044 1044
    5210 5210 5210 5291 5291 5210 5210 5210 5210 5210 5291 5291 5291
    5291 5291 5291 5291 5374 5374 4463 4522 4522 4522 4582 0 0 0 0 0 0 0
    1047 1044 1041 1028 1025 1025 1019 1013 1010 1010 1004 1001 998 989
    987 981 978 975 975 975 975 978 984 987 989 992 995 998 998 1004
    1010 1016 1019 1025 1028 1038 1038 1041 1044 1047 1047 1063 5291
    5291 5210 5210 5210 5210 5210 5210 5291 5291 5291 5291 5291 5291
    5291 5374 5374 4405 4463 4463 4463 4522 0 0 0 0 0 0 0 1044 1044 1041
    1028 1025 1025 1019 1013 1010 1007 1004 998 995 987 987 981 978 975
    975 975 975 978 984 987 989 989 995 998 1001 1004 1010 1016 1019
    1022 1025 1034 1038 1041 1044 1047 1050 1063 1063 5210 5210 5210
    5210 5210 5291 5291 5291 5291 5291 5291 5291 5291 5291 5374 5374
    4405 4405 4405 4463 4463 0 0 0 0 0 0 0 1041 1041 1038 1034 1025 1022
    1016 1013 1010 1007 1001 998 995 987 984 978 978 975 975 975 975 978
    984 987 989 989 995 998 1001 1004 1010 1016 1019 1022 1025 1031 1038
    1041 1044 1050 1050 1063 1067 1067 1070 5291 5291 5291 5291 5291
    5210 5210 5210 5291 5291 5291 5291 5374 5374 4405 4405 4405 4405
    4405 0 0 0 0 0 0 1047 1041 1041 1038 1028 1025 1022 1013 1010 1010
    1004 1001 998 989 987 981 978 975 975 973 973 975 978 984 987 987
    989 992 998 1001 1004 1010 1016 1019 1022 1025 1028 1038 1041 1044
    1050 1050 1063 1067 1067 1070 1080 1084 1087 1087 5210 5210 5210
    5210 5291 5291 5291 5291 5291 5291 4405 4405 4405 4405 4405 0 0 0 0
    0 0 1047 1044 1038 1034 1028 1025 1019 1013 1010 1007 1004 1001 998
    989 987 981 978 975 973 973 973 975 978 984 987 987 989 992 998 1001
    1007 1010 1016 1019 1022 1025 1028 1034 1041 1044 1047 1050 1063
    1067 1067 1070 1080 1084 1087 1087 1087 1094 5291 5291 5291 5291
    5291 5291 5291 5291 4405 4405 4405 4405 4405 0 0 0 0 0 0 1050 1041
    1034 1028 1025 1022 1019 1013 1010 1007 1001 998 995 987 984 978 975
    973 970 970 973 973 978 981 984 987 989 992 995 1001 1007 1010 1016
    1022 1025 1028 1028 1034 1041 1044 1047 1054 1060 1067 1067 1070
    1080 1084 1087 1087 1094 1094 1097 1097 5291 5291 5291 5291 5291
    5291 4463 4405 4405 4405 4405 0 0 0 0 0 0 0 1038 1034 1028 1025 1022
    1016 1013 1010 1004 1001 998 992 987 981 978 975 970 967 967 970 973
    975 978 984 987 989 992 995 1001 1007 1010 1016 1019 1025 1028 1028
    1031 1038 1044 1047 1054 1057 1063 1067 1067 1080 1084 1087 1090
    1094 1094 1097 1097 1108 5374 5374 5374 5374 5374 4463 4405 4405
    4463 4463 0 0 0 0 0 0 1038 1038 1028 1028 1022 1019 1013 1010 1007
    1004 1001 995 992 987 981 978 973 967 967 967 970 973 975 978 981
    987 989 992 995 1001 1004 1010 1016 1019 1022 1025 1028 1031 1038
    1041 1047 1054 1057 1060 1067 1067 1080 1084 1087 1090 1094 1094
    1097 1105 1108 1108 1108 5374 5374 5374 4463 4405 4405 4405 4463 0 0
    0 0 0 0 1038 1038 1028 1028 1022 1016 1013 1010 1004 1001 998 995
    989 984 978 975 970 967 967 967 967 970 975 978 981 987 989 989 992
    998 1004 1010 1013 1016 1022 1025 1031 1031 1038 1041 1044 1054 1057
    1060 1067 1067 1080 1084 1087 1090 1094 1097 1101 1105 1108 1108
    1119 1119 1123 5374 4463 4463 4405 4405 4463 0 0 0 0 0 0 1038 1034
    1028 1025 1019 1013 1010 1010 1004 1001 998 992 987 981 978 973 970
    967 967 967 967 970 975 978 984 987 989 989 992 998 1004 1007 1013
    1016 1019 1025 1031 1031 1038 1041 1044 1054 1060 1060 1067 1070
    1077 1080 1084 1090 1090 1097 1101 1105 1108 1115 1119 1123 1123
    1123 4463 4463 4405 4405 0 0 0 0 0 0 0 1034 1034 1028 1025 1016 1013
    1010 1007 1004 998 995 992 984 978 975 973 967 967 967 967 967 970
    975 978 984 987 989 989 992 998 1001 1007 1013 1016 1019 1025 1031
    1031 1038 1041 1044 1054 1060 1063 1067 1070 1077 1080 1084 1090
    1090 1097 1105 1108 1112 1115 1119 1123 1123 1123 4463 4463 4349
    4349 0 0 0 0 0 0 1034 1034 1031 1025 1022 1013 1013 1010 1007 1001
    998 995 989 984 978 975 973 967 967 964 964 967 970 975 978 981 984
    987 989 992 995 1001 1004 1013 1016 1019 1022 1031 1031 1038 1041
    1047 1054 1060 1063 1063 1070 1077 1080 1084 1090 1094 1097 1105
    1108 1112 1115 1119 1123 1123 1123 4405 4405 4349 4349 0 0 0 0 0 0
    1034 1031 1028 1025 1019 1013 1010 1007 1001 1001 995 989 989 981
    975 975 970 967 964 964 964 967 970 975 978 978 981 987 989 992 995
    1001 1004 1013 1016 1019 1022 1028 1031 1034 1041 1047 1054 1057
    1060 1063 1070 1077 1080 1084 1090 1094 1097 1105 1108 1112 1115
    1119 1123 1123 1123 4405 4405 4190 4190 0 0 0 0 0 0 1034 1028 1025
    1022 1016 1013 1010 1007 1001 998 995 989 987 978 975 973 967 964
    964 964 964 967 970 973 975 978 981 987 992 995 998 1001 1001 1010
    1016 1019 1022 1028 1031 1034 1041 1047 1054 1057 1060 1063 1070
