<?xml version="1.0"?>
<opencv_storage>
<Depth10876 type_id="opencv-matrix">
  <rows>150</rows>
  <cols>93</cols>
  <dt>w</dt>
  <data>
    4139 4139 4139 4139 4139 4139 4190 703 703 701 701 703 4295 4349
    4349 4349 4349 4349 4349 723 723 723 4405 4463 728 728 728 728 734
    734 4582 4645 4645 4645 4645 0 0 0 0 4708 4708 0 0 0 4911 4842 4842
    4842 4842 4911 4911 4911 4911 4911 4983 4983 4983 4983 4983 4983
    5056 5056 5056 5132 5132 5132 5132 5210 5210 5210 5210 5210 5210
    5210 5291 5291 5374 5374 5374 5460 5460 5548 5548 5548 5548 5548
    5640 5640 5640 5640 5640 5640 5640 4089 4089 4139 4190 4190 4190 701
    701 701 701 701 701 701 701 701 701 719 719 719 720 720 717 717 719
    719 722 725 713 710 710 711 711 0 0 0 0 0 0 0 0 0 0 0 0 4983 4911
    4911 4842 4842 4842 4842 4911 4983 4983 4911 4911 4911 4983 4983
    4983 5056 5056 5056 5132 5132 5132 5210 5210 5210 5291 5210 5210
    5210 5210 5291 5291 5460 5460 5460 5460 5460 5548 5548 5548 5548
    5640 5640 5640 5640 5640 5640 5640 5640 4089 4089 4139 4190 4190
    4190 701 701 700 698 698 701 701 701 701 711 719 719 719 720 717 714
    714 716 716 717 713 711 710 710 710 710 0 0 0 0 0 0 0 0 0 0 0 0 0 0
    4911 4911 4911 4842 4842 4983 4983 4911 4842 4842 4911 4983 5056
    5056 5132 5132 5132 5132 5132 5132 5210 5210 5291 5210 5210 5210
    5210 5210 5291 5291 5460 5460 5460 5460 5460 5548 5548 5548 5640
    5640 5640 5640 5640 5640 5640 5640 5640 4139 4139 710 710 701 701
    701 701 700 698 698 700 701 701 710 711 711 713 713 713 713 711 710
    710 711 707 707 707 706 706 710 710 0 0 0 0 0 0 0 0 0 0 0 0 0 0 0 0
    0 0 0 0 4983 4911 4842 4842 4911 0 0 5210 5210 5132 5132 5132 5132
    5132 5210 5210 5291 5210 5210 5210 5210 5291 5291 5374 5460 5460
    5460 5460 5460 5548 5548 5548 5640 5640 5640 5640 0 0 0 0 0 710 710
    710 710 710 703 703 701 701 697 697 700 701 701 710 708 708 710 710
    710 710 708 706 704 704 704 704 704 704 706 0 0 0 0 0 0 0 0 0 0 0 0
    0 0 0 0 0 0 0 0 0 0 0 0 0 0 0 0 0 0 5210 5132 5132 5132 5132 5132
    5210 5210 5291 5210 5210 5132 5132 5210 5291 5291 5291 5460 5460
    5460 5460 5548 5548 5548 5640 5640 0 0 0 0 0 0 0 713 710 710 710 710
    700 701 701 701 697 697 701 703 704 708 704 704 704 704 707 708 706
    704 701 701 701 701 704 704 0 0 0 0 0 0 0 0 0 0 0 0 0 0 0 0 0 0 0 0
    0 0 0 0 0 0 0 0 0 0 0 0 0 0 0 0 0 0 5291 5291 5210 5210 5132 5132
    5210 5291 5291 5291 5460 5460 5460 5460 5548 5548 0 0 0 0 0 0 0 0 0
    0 713 710 704 700 700 700 687 687 697 697 697 697 710 710 708 704
    704 704 704 707 708 706 704 701 701 701 701 0 0 0 0 0 0 0 0 0 0 0 0
    0 0 0 0 0 0 0 0 0 0 0 0 0 0 0 0 0 0 0 0 0 0 0 0 0 0 0 0 595 594 4911
    4911 4911 4911 5374 5291 5291 5291 5548 5548 5548 5548 5548 0 0 0 0
    0 0 0 0 0 0 0 713 710 704 700 700 700 687 687 687 676 670 670 670
    655 647 647 647 647 631 0 0 0 0 0 0 0 0 0 0 0 0 0 0 0 0 0 0 0 0 0 0
    0 0 0 0 0 0 0 0 0 0 0 0 0 0 0 0 0 0 0 0 0 0 0 0 0 0 595 594 592 589
    589 589 589 589 589 567 0 0 0 0 0 0 0 0 0 0 0 0 0 0 0 0 714 713 704
    700 697 697 687 680 676 676 670 670 670 655 647 647 647 0 0 0 0 0 0
    0 0 0 0 0 0 0 0 0 0 0 0 0 0 0 0 0 0 0 0 0 0 0 0 0 0 0 0 0 0 0 0 0 0
    0 0 0 0 0 0 0 592 592 592 595 594 592 590 589 588 588 588 569 567
    567 0 0 0 0 0 0 0 0 0 0 0 0 0 0 0 714 713 706 701 697 693 687 678
    675 671 668 668 658 655 647 647 647 634 631 0 0 0 0 0 0 0 0 0 0 0 0
    0 0 0 0 0 0 0 0 0 0 0 0 0 0 0 0 0 0 0 0 0 0 0 0 0 0 0 0 0 0 0 0 595
    593 592 592 593 594 592 589 587 587 587 587 569 567 567 567 0 0 0 0
    0 0 0 0 0 0 0 0 0 0 714 713 707 701 697 693 688 678 675 671 667 664
    658 654 647 644 640 634 631 628 628 628 618 0 0 0 0 0 0 0 0 0 0 0 0
    0 0 0 0 0 0 0 0 0 0 0 0 0 0 0 0 0 0 0 0 0 0 0 0 0 0 0 0 595 592 589
    581 581 582 582 589 587 587 573 572 569 567 567 0 0 0 0 0 0 0 0 0 0
    0 0 0 0 0 714 714 710 703 698 696 691 679 676 672 667 664 659 654
    647 644 640 634 631 628 628 618 618 0 0 0 601 601 0 0 0 0 0 0 0 0 0
    0 0 0 0 0 0 0 0 0 0 0 0 0 0 0 0 0 0 0 0 0 0 0 0 0 0 0 584 584 580
    579 577 576 574 573 573 572 572 569 568 568 0 0 0 0 0 0 554 554 0 0
    563 563 563 0 0 714 714 710 704 698 696 690 682 676 672 670 664 658
    654 648 644 640 635 632 628 622 618 616 616 609 604 601 597 597 0 0
    0 0 0 0 0 0 0 0 0 0 0 0 0 0 0 0 0 0 0 0 0 0 0 0 0 0 0 0 0 0 0 0 0
    584 584 580 579 577 573 572 572 572 572 572 570 570 570 0 0 0 0 554
    554 554 554 557 565 563 563 563 564 0 716 716 713 704 698 697 690
    682 678 675 672 666 658 654 649 646 646 646 632 630 622 619 616 611
    609 604 601 597 594 592 592 0 0 0 0 0 0 0 0 0 0 0 0 0 0 0 0 0 0 0 0
    0 0 0 0 0 0 0 0 0 0 0 0 0 0 0 563 577 577 572 572 572 571 571 572
    570 570 570 551 551 551 552 554 554 555 555 557 558 563 563 563 564
    0 717 716 714 704 700 697 691 686 680 676 672 670 670 670 650 649
    649 649 634 630 627 620 616 611 609 606 602 597 594 590 588 588 0 0
    0 565 565 565 0 0 0 0 0 0 0 0 0 0 0 0 0 0 0 0 0 0 0 0 0 0 0 0 0 0 0
    0 0 563 563 565 565 569 569 571 571 544 544 544 544 551 551 552 554
    554 555 555 557 558 562 564 564 564 0 717 716 714 706 701 697 690
    687 683 678 672 670 670 671 652 649 647 647 635 632 628 621 618 611
    609 606 603 597 593 589 585 582 579 576 570 565 565 565 565 0 0 0 0
    0 0 0 0 0 0 0 0 0 0 0 0 0 0 0 0 0 0 0 0 0 0 0 563 563 563 540 538
    538 540 541 543 544 544 544 544 551 551 553 554 554 556 557 557 558
    562 564 564 564 0 719 716 714 710 703 698 690 687 683 679 674 671
    670 666 652 649 647 647 636 632 629 622 618 614 610 607 604 597 593
    589 585 582 579 576 570 567 565 565 561 557 557 0 0 0 0 0 0 0 0 0 0
    0 0 0 0 0 0 0 0 0 529 529 0 0 0 536 536 536 540 540 538 538 540 541
    543 544 544 544 545 551 551 553 554 555 556 557 557 558 563 564 564
    564 0 719 716 714 710 703 700 691 687 684 679 675 671 668 666 652
    649 647 646 636 634 630 622 620 615 612 608 604 602 594 590 586 582
    580 577 572 568 565 564 561 557 553 550 550 0 0 0 0 0 0 0 0 0 0 0 0
    0 0 0 0 527 527 528 529 529 0 0 536 536 536 539 540 540 540 541 544
    544 544 544 546 552 552 554 554 557 557 557 561 565 565 565 565 565
    566 728 716 716 713 704 701 693 688 684 679 675 671 668 662 652 649
    648 646 638 634 631 627 622 616 613 609 606 602 594 590 587 583 581
    578 573 570 567 564 562 559 553 550 547 547 0 0 0 0 0 0 523 522 522
    521 521 0 0 0 525 525 525 526 526 529 529 535 535 536 536 539 539
    540 540 542 544 544 545 547 549 553 554 554 554 558 558 561 561 566
    566 566 565 565 566 723 720 717 713 707 701 694 690 686 679 676 674
    668 661 655 652 648 646 641 634 631 627 623 619 614 609 606 602 600
    590 587 584 581 578 573 570 568 565 562 559 557 550 547 543 540 538
    535 533 531 529 523 522 522 521 521 0 0 0 525 525 525 526 526 529
    530 535 535 536 536 539 539 540 541 544 544 544 545 548 551 554 554
    554 555 562 561 561 562 562 566 566 566 566 0 723 720 719 713 708
    703 700 691 687 680 678 675 668 661 658 658 649 646 642 636 632 627
    623 620 615 613 613 601 597 591 588 585 583 580 573 570 568 565 562
    559 557 550 547 543 540 538 534 533 531 526 523 522 522 521 521 523
    523 525 525 525 525 527 527 529 530 534 535 536 537 539 539 540 542
    544 544 545 551 551 551 554 554 554 556 558 562 562 562 563 563 567
    567 569 0 723 722 720 716 708 704 701 691 687 682 678 675 672 661
    658 657 652 652 642 636 634 628 625 622 615 613 613 601 597 594 589
    586 583 580 579 570 568 565 563 561 557 550 547 545 541 538 534 533
    530 526 523 522 522 521 521 523 524 525 525 526 526 527 527 533 533
    534 535 536 537 540 540 541 542 544 545 546 550 552 553 554 554 556
    558 558 562 562 562 563 567 568 568 569 0 0 723 722 719 710 707 704
    693 690 682 679 676 675 662 659 657 652 649 642 637 635 628 627 623
    616 614 613 601 600 596 590 587 585 581 580 571 568 565 564 563 557
    551 547 546 542 540 536 533 530 527 524 523 522 521 521 523 524 525
    526 526 528 528 530 533 534 534 535 537 538 540 540 541 543 544 545
