<?xml version="1.0"?>
<opencv_storage>
<Depth16244 type_id="opencv-matrix">
  <rows>45</rows>
  <cols>60</cols>
  <dt>w</dt>
  <data>
    4774 4774 4774 4774 4774 4774 4774 4774 4774 4774 4774 2040 2028
    2016 2016 2028 2016 2016 2016 4774 4708 4708 4708 4708 4708 4708
    4708 4774 4774 4774 4708 4708 4708 4645 4645 4645 4645 4582 4582
    4582 4582 4582 4645 4645 4645 4708 4708 4708 4645 4645 4645 4645
    4645 4645 4582 4582 4522 4463 4463 4463 4774 4774 4774 4774 4774
    4774 4774 4774 4774 4774 4774 2028 2028 2016 2016 2016 2016 2005
    2005 1993 1981 1981 4708 4708 4708 4708 4708 4774 4774 4774 4774
    4708 4708 4645 4645 4645 4645 4645 4582 4582 4582 4645 4645 4645
    4645 4645 4645 4645 4645 4645 4645 4645 4645 4645 4645 4582 4522
    4463 4463 4463 4774 4774 4774 4774 4774 4774 4774 4774 4708 4708
    4708 2028 2028 2016 2016 2016 2016 2005 2005 1993 1981 1981 1993
    1993 1993 1993 2005 4774 4774 4708 4708 4708 4708 4645 4645 4645
    4645 4645 4582 4582 4582 4645 4645 4645 4708 4645 4645 4645 4645
    4645 4645 4582 4582 4645 4645 4582 4522 4522 4463 4463 4774 4774
    4774 4774 4774 4774 4774 4708 4708 4708 4708 2028 2028 2016 2016
    2016 2016 2005 1993 1993 1993 1993 1993 1993 1993 1993 1993 1993
    2005 4708 4708 4708 4708 4645 4645 4645 4645 4645 4582 4582 4582
    4582 4645 4645 4708 4645 4582 4582 4582 4582 4645 4582 4582 4645
    4645 4582 4522 4522 4463 4463 4774 4774 4774 4774 4774 4774 4774
    4708 4645 4645 1981 1981 2028 2028 2028 2016 2016 2005 1993 1993
    1993 1993 1993 1993 1993 1993 1993 1993 1993 1993 1993 1993 4708
    4645 4645 4645 4645 4582 4582 4582 4582 4582 4582 4645 4708 4645
    4582 4582 4582 4582 4645 4582 4582 4582 4582 4582 4522 4522 4522
    4463 4774 4774 4774 4774 4708 4708 4708 4708 4645 4645 1981 1981
    2028 2028 2028 2016 2016 2005 2005 1993 1993 1993 1993 1993 1993
    1993 1993 1981 1981 1981 1981 1981 1970 1970 1959 1959 4645 4582
    4582 4582 4582 4582 4582 4645 4708 4708 4645 4645 4645 4645 4645
    4582 4582 4582 4582 4582 4522 4522 4522 4463 4774 4708 4708 4708
    4708 4708 4708 4645 4645 2028 2028 2028 2028 2028 2016 2016 2016
    2005 2005 1993 1993 1993 1993 1993 1993 1993 1981 1981 1981 1981
    1981 1981 1970 1970 1959 1959 1959 4645 4582 4582 4582 4582 4582
    4582 4582 4645 4645 4645 4645 4645 4645 4582 4582 4582 4582 4582
    4582 4522 4522 4463 4774 4708 4708 4708 4708 4708 4708 4645 4645
    2028 2028 2028 2028 2028 2016 2016 2016 2005 2005 2005 2005 2005
    1993 1993 1993 1993 1981 1981 1981 1981 1981 1981 1981 1981 1970
    1959 1959 1959 1959 1959 1959 1981 4582 4582 4582 4582 4582 4582
    4582 4582 4582 4582 4582 4582 4582 4582 4582 4522 4522 4463 4774
    4708 4708 4708 4708 4708 4708 4708 2028 2028 2028 2028 2028 2028
    2016 2016 2016 2016 2016 2016 2005 2005 1993 1993 1993 1993 1981
    1981 1981 1981 1981 1981 1981 1981 1959 1959 1959 1959 1959 1959
    1959 1970 1959 1959 4582 4582 4522 4522 4582 4582 4582 4582 4582
    4582 4582 4582 4522 4522 4522 4463 4774 4708 4708 4708 4708 4708
    4708 2028 2028 2028 2028 2028 2028 2028 2028 2016 2016 2016 2016
    2016 2005 2005 1993 1993 1993 1993 1981 1981 1981 1981 1981 1981
    1981 1981 1959 1959 1959 1959 1959 1959 1959 1970 1959 1959 1970
    1970 4522 4522 4582 4582 4522 4522 4582 4582 4582 4582 4522 4522
    4522 4463 4708 4708 4708 4708 4708 4708 4708 2040 2040 2028 2028
    2028 2028 2028 2028 2016 2016 2016 2016 2016 2005 1993 1993 1993
    1993 1993 1981 1981 1981 1981 1981 1981 1981 1981 1970 1959 1959
    1959 1959 1959 1959 1959 1970 1970 1970 1970 1959 1959 4582 4582
    4522 4522 4582 4582 4582 4582 4522 4522 4522 4463 4708 4708 4708
    4708 4708 4708 2053 2040 2040 2040 2028 2028 2028 2028 2028 2028
    2028 2028 2016 2016 2005 1993 1993 1993 1993 1993 1993 1981 1981
    1981 1981 1981 1970 1970 1959 1959 1959 1959 1959 1959 1959 1959
    1959 1959 1970 1959 1947 1947 1947 1947 1947 4522 4582 4582 4522
    4522 4522 4522 4522 4522 4708 4708 4708 4708 4774 4774 2053 2053
    2040 2040 2028 2028 2028 2028 2028 2028 2028 2016 2016 2016 2005
    1993 1993 1993 1993 1993 1993 1981 1981 1981 1981 1981 1970 1970
    1959 1959 1970 1970 1970 1959 1959 1959 1959 1959 1959 1959 1947
    1947 1947 1947 1947 1947 1947 1947 4522 4522 4522 4522 4522 4582
    4708 4645 4645 4708 4708 2040 2040 2040 2040 2040 2028 2028 2028
    2028 2028 2028 2028 2016 2016 2005 1993 1993 1993 1993 1993 1993
    1981 1981 1981 1981 1981 1970 1970 1970 1970 1970 1970 1970 1970
    1959 1947 1947 1959 1959 1959 1959 1947 1947 1947 1947 1947 1947
    1947 1947 1936 1936 1936 4582 4522 4522 4708 4645 4645 4708 4708
    2053 2040 2040 2040 2040 2028 2028 2028 2028 2028 2028 2028 2016
    2016 2005 1993 1993 1993 1993 1993 1993 1981 1981 1981 1981 1981
    1970 1970 1970 1970 1970 1970 1970 1959 1947 1947 1947 1959 1959
    1959 1959 1947 1947 1947 1947 1947 1947 1947 1947 1936 1936 1936
    1936 4522 4349 4708 4645 4645 4708 4708 2053 2040 2040 2040 2040
    2028 2028 2028 2028 2028 2028 2028 2016 2005 2005 1993 1993 1993
    1993 1993 1993 1981 1981 1981 1981 1981 1970 1970 1970 1970 1970
    1970 1970 1959 1947 1947 1947 1959 1959 1959 1959 1947 1947 1947
    1947 1947 1947 1947 1947 1947 1947 1936 1926 1926 4349 4708 4645
    4645 4645 4645 2053 2053 2053 2040 2040 2040 2040 2028 2028 2028
    2028 2028 2016 2005 2005 1993 1993 1993 1993 1993 1993 1981 1981
    1981 1981 1981 1981 1981 1981 1970 1970 1959 1959 1959 1959 1947
    1947 1959 1959 1959 1947 1947 1947 1947 1936 1936 1947 1947 1947
    1947 1947 1936 1926 1926 1926 4645 4522 4522 4645 4645 2065 2053
    2053 2040 2040 2040 2040 2040 2028 2028 2028 2028 2016 2005 2005
    2005 2005 2005 2005 1993 1981 1981 1993 1993 1981 1981 1970 1970
    1970 1970 1970 1959 1959 1959 1959 1959 1959 1959 1959 1959 1947
    1947 1947 1947 1936 1936 1947 1947 1947 1947 1936 1936 1915 1915
    1926 4582 4522 2078 2078 2078 2065 2053 2053 2040 2040 2040 2040
    2040 2040 2040 2028 2028 2028 2016 2016 2016 2016 2005 2005 1993
    1981 1981 1981 1981 1981 1981 1970 1970 1970 1970 1970 1970 1970
    1970 1959 1959 1959 1959 1959 1959 1959 1947 1947 1947 1947 1947
    1947 1936 1936 1936 1936 1926 1915 1915 1926 4522 4522 2078 2078
    2078 2065 2053 2053 2040 2040 2040 2028 2028 2028 2040 2028 2028
    2028 2016 2016 2016 2016 2005 2005 1993 1993 1981 1981 1981 1981
    1981 1970 1970 1959 1959 1959 1959 1970 1970 1970 1959 1959 1959
    1959 1959 1959 1947 1947 1947 1947 1947 1947 1936 1936 1936 1926
    1926 1915 1915 4089 4463 4463 2078 2078 2078 2065 2065 2053 2040
    2040 2040 2028 2028 2028 2028 2028 2028 2028 2016 2016 2016 2016
    2005 2005 1993 1993 1981 1981 1981 1981 1981 1970 1970 1959 1959
    1959 1959 1970 1970 1970 1959 1959 1959 1959 1959 1959 1947 1947
    1947 1947 1947 1947 1936 1936 1936 1926 1926 1926 1926 4089 2450
    2065 2065 2065 2065 2065 2065 2053 2053 2040 2040 2040 2028 2028
    2028 2028 2028 2028 2016 2016 2016 2016 2005 2005 1993 1993 1993
    1981 1981 1981 1981 1981 1970 1970 1970 1970 1970 1970 1970 1970
    1970 1970 1959 1959 1959 1959 1947 1947 1947 1947 1947 1936 1936
    1936 1936 1936 1936 1936 1936 4089 2450 2065 2065 2065 2065 2078
    2065 2065 2053 2053 2040 2040 2040 2028 2028 2028 2028 2028 2016
    2016 2016 2016 2005 2005 1993 1993 1981 1981 1981 1981 1981 1981
    1981 1970 1970 1970 1970 1970 1970 1970 1970 1970 1959 1959 1959
    1947 1947 1947 1947 1947 1947 1936 1936 1936 1936 1936 1936 1936
    1936 4089 2432 2065 2065 2078 2078 2078 2065 2053 2053 2053 2040
    2040 2040 2040 2028 2028 2028 2028 2028 2028 2016 2016 2016 2005
    2005 1993 1981 1981 1981 1981 1981 1981 1981 1970 1970 1970 1970
    1970 1970 1970 1970 1970 1959 1959 1959 1947 1947 1947 1947 1947
    1936 1936 1936 1936 1936 1936 1936 1936 4139 4089 2450 2078 2078
    2078 2078 2078 2065 2053 2053 2053 2040 2040 2040 2040 2028 2028
    2028 2028 2028 2016 2005 2005 2016 2016 2005 1993 1981 1981 1981
    1981 1981 1981 1981 1970 1970 1959 1959 1970 1970 1959 1959 1959
