<?xml version="1.0"?>
<opencv_storage>
<Depth9480 type_id="opencv-matrix">
  <rows>79</rows>
  <cols>46</cols>
  <dt>w</dt>
  <data>
    4089 4089 4041 4041 4041 4041 4041 4041 4041 1452 1452 1445 1445
    1445 1445 1445 3994 3994 3994 3994 3994 3994 4041 4041 4041 4041
    3994 3994 3994 3994 4041 4041 4041 4041 4041 4041 3994 3994 3994
    3994 3994 3994 3994 3994 3994 4041 4041 4041 3994 3903 3903 3994
    3994 1452 1445 1445 1445 1439 1433 1433 1433 1398 3994 3994 3994
    3994 3994 3994 4041 4041 3994 3994 3994 3994 3994 3994 3994 4041
    4041 4041 4041 4041 3994 3994 3994 3994 3994 3994 3994 3994 3994
    4041 4041 4041 3994 3903 3903 3994 1458 1452 1445 1439 1421 1421
    1415 1410 1398 1398 1398 3994 3994 3994 3994 3994 4041 4041 3994
    3994 3994 3994 3948 3948 3948 3994 4041 4041 4041 4041 3994 3994
    3994 3994 3994 3994 3994 3994 3994 4041 4089 4041 4041 4041 4041
    1458 1458 1452 1439 1427 1410 1404 1404 1398 1387 1354 1349 1349
    1349 3994 3994 3994 3994 3994 3994 3994 3994 3994 3948 3948 3948
    3994 4041 4041 4041 4041 3994 3994 3994 3994 3994 3994 3994 3994
    3994 3994 4089 4041 4041 4041 1439 1458 1458 1452 1433 1421 1404
    1392 1387 1370 1365 1349 1333 1333 1333 1307 1292 1288 1283 1278
    1278 1278 1255 1255 1255 4041 4041 4041 4041 3994 3994 4041 4041
    4041 1273 1273 3994 3994 3994 3994 3994 3994 4089 4041 4041 4041
    1439 1439 1439 1445 1427 1421 1404 1392 1376 1370 1359 1343 1333
    1328 1312 1307 1292 1288 1283 1278 1278 1278 1255 1255 1255 1255
    4041 4041 4041 3994 3994 4041 4041 1278 1273 1273 1273 1273 1273
    1273 4041 4041 4041 4041 4041 4041 1439 1439 1439 1445 1427 1421
    1404 1387 1376 1365 1359 1338 1328 1322 1307 1302 1288 1283 1273
    1268 1259 1259 1255 1255 1255 1255 1245 1255 1259 1273 1273 1273
    1278 1278 1273 1273 1273 1273 1273 1273 1273 3994 4041 4041 4041 0
    1439 1439 1439 1439 1421 1415 1404 1381 1370 1365 1354 1338 1322
    1317 1302 1297 1283 1268 1259 1259 1250 1250 1250 1250 1250 1245
    1245 1255 1259 1264 1268 1268 1268 1273 1273 1268 1268 1268 1268
    1273 1273 1273 4041 4041 4041 0 1439 1439 1439 1433 1421 1415 1398
    1381 1370 1365 1354 1338 1322 1312 1302 1292 1278 1264 1255 1250
    1245 1245 1245 1250 1250 1245 1245 1250 1250 1255 1255 1259 1259
    1259 1264 1268 1268 1268 1268 1273 1273 1273 4041 4041 4041 4041
    1445 1445 1445 1433 1421 1415 1398 1381 1370 1359 1349 1328 1317
    1312 1302 1292 1273 1259 1255 1250 1245 1245 1245 1245 1245 1245
    1245 1250 1250 1250 1255 1259 1259 1259 1259 1264 1264 1273 1273
    1273 1273 1273 4041 4041 4041 1464 1445 1445 1445 1433 1421 1410
    1398 1381 1370 1359 1349 1322 1312 1307 1302 1288 1273 1259 1255
    1250 1241 1241 1245 1245 1245 1245 1250 1250 1250 1250 1255 1259
    1259 1259 1259 1264 1264 1273 1273 1273 1273 1273 4041 4041 4041
    1464 1464 1452 1445 1427 1415 1410 1398 1381 1370 1359 1349 1322
    1312 1307 1297 1288 1273 1264 1255 1250 1241 1241 1241 1245 1245
    1245 1250 1250 1250 1255 1255 1255 1255 1259 1259 1264 1264 1273
    1273 1273 1273 1273 4041 4041 0 1464 1464 1452 1445 1421 1415 1410
    1398 1381 1370 1359 1349 1322 1312 1307 1292 1283 1273 1264 1255
    1250 1241 1241 1241 1245 1245 1250 1250 1250 1250 1255 1255 1255
    1255 1259 1259 1264 1264 1268 1268 1268 1278 1278 4041 4041 0 1464
    1464 1452 1433 1421 1415 1410 1392 1387 1370 1359 1343 1322 1312
    1307 1292 1283 1273 1264 1259 1250 1245 1245 1245 1245 1245 1250
    1250 1250 1250 1255 1255 1255 1259 1259 1259 1264 1264 1268 1268
    1268 1268 1268 4089 4089 0 1464 1464 1452 1433 1427 1415 1404 1392
    1381 1370 1359 1343 1322 1312 1307 1292 1283 1273 1268 1259 1250
    1245 1245 1245 1245 1250 1250 1250 1250 1250 1255 1255 1259 1259
    1259 1264 1264 1268 1268 1268 1268 1268 1268 4089 4089 0 1470 1470
    1445 1439 1427 1415 1398 1387 1381 1370 1354 1333 1322 1312 1302
    1292 1283 1273 1264 1259 1250 1245 1245 1245 1245 1250 1250 1250
    1250 1250 1255 1255 1259 1259 1259 1264 1264 1264 1268 1268 1268
    1268 1268 4089 4089 4041 1445 1445 1445 1439 1427 1415 1398 1387
    1376 1370 1354 1328 1317 1312 1302 1292 1283 1273 1264 1259 1250
    1245 1245 1245 1245 1250 1250 1250 1250 1255 1255 1255 1255 1259
    1259 1264 1264 1264 1268 1268 1268 1268 0 4041 4041 4041 1445 1445
    1445 1439 1427 1410 1398 1387 1376 1365 1354 1328 1317 1312 1302
    1292 1278 1273 1264 1255 1250 1245 1245 1245 1245 1250 1250 1250
    1250 1255 1255 1255 1255 1259 1259 1264 1264 1264 1268 1268 1268
    1268 0 4041 4041 4041 1452 1452 1445 1433 1421 1410 1398 1387 1376
    1365 1354 1328 1312 1307 1302 1292 1278 1268 1264 1255 1250 1245
    1245 1245 1245 1250 1250 1250 1250 1255 1255 1255 1255 1259 1259
    1259 1259 1264 1268 1268 1268 1268 1268 4041 4041 4041 1452 1452
    1445 1433 1421 1415 1398 1381 1376 1365 1354 1328 1312 1307 1302
    1288 1278 1268 1264 1255 1250 1245 1245 1245 1245 1250 1250 1250
    1250 1250 1255 1255 1255 1259 1259 1259 1259 1264 1268 1268 1268
    1268 1268 4041 4041 4041 1452 1452 1439 1427 1421 1410 1398 1381
    1376 1359 1354 1328 1312 1307 1297 1288 1278 1268 1264 1255 1250
    1241 1241 1245 1245 1250 1250 1250 1250 1250 1255 1255 1255 1259
    1259 1259 1264 1264 1268 1273 1268 1268 1268 4089 4139 4139 1445
    1445 1433 1427 1421 1410 1398 1381 1370 1359 1343 1333 1317 1307
    1297 1288 1278 1268 1264 1255 1241 1241 1241 1245 1245 1245 1245
    1245 1250 1250 1255 1255 1255 1259 1259 1259 1264 1264 1268 1273
    1268 1268 1268 4089 4089 4089 1439 1439 1433 1427 1421 1410 1398
    1381 1370 1359 1338 1328 1317 1307 1297 1283 1273 1268 1259 1255
    1241 1241 1241 1245 1245 1245 1245 1245 1250 1250 1255 1255 1255
    1259 1259 1259 1264 1264 1268 1268 1268 1268 1268 4089 4089 4089
    1439 1439 1433 1427 1415 1410 1398 1387 1370 1354 1333 1328 1317
    1307 1297 1283 1273 1264 1259 1250 1241 1241 1241 1245 1245 1250
    1250 1250 1250 1250 1255 1255 1255 1259 1259 1259 1264 1264 1268
    1268 1268 1268 1268 4089 4089 4089 1439 1439 1439 1427 1415 1404
    1392 1387 1370 1354 1333 1322 1312 1307 1292 1283 1268 1264 1255
    1250 1241 1241 1241 1245 1245 1250 1250 1250 1250 1250 1255 1255
    1255 1259 1259 1259 1264 1264 1268 1268 1268 1268 1268 4041 4089
    4089 1445 1445 1439 1427 1415 1404 1392 1387 1370 1354 1333 1322
    1312 1302 1288 1278 1268 1259 1255 1241 1236 1236 1241 1245 1245
    1250 1250 1250 1250 1250 1250 1255 1255 1259 1259 1264 1264 1264
    1268 1268 1268 1268 1268 4041 4089 4089 1439 1439 1439 1427 1415
    1404 1392 1381 1365 1338 1333 1322 1312 1302 1288 1278 1268 1259
    1255 1241 1236 1236 1245 1245 1245 1250 1250 1250 1250 1250 1250
    1255 1255 1255 1255 1259 1259 1264 1268 1273 1268 1268 1268 4041
    4041 1464 1464 1439 1433 1427 1415 1404 1392 1381 1365 1338 1333
    1322 1307 1302 1288 1283 1268 1259 1250 1241 1241 1241 1245 1245
    1250 1250 1250 1250 1250 1250 1250 1250 1255 1255 1255 1255 1259
    1264 1268 1273 1268 1268 1268 4041 4041 1458 1458 1439 1433 1421
    1415 1404 1392 1376 1365 1343 1333 1322 1307 1302 1288 1278 1268
    1259 1250 1241 1241 1241 1241 1245 1245 1245 1250 1250 1250 1250
    1250 1250 1255 1255 1255 1255 1259 1264 1268 1268 1268 1268 1268
    4041 4041 1458 1458 1439 1433 1421 1415 1398 1387 1376 1365 1343
    1333 1322 1312 1307 1292 1278 1264 1259 1250 1241 1241 1241 1241
    1245 1245 1245 1250 1250 1250 1250 1250 1255 1255 1255 1255 1259
    1259 1259 1268 1268 1268 1268 4089 3994 3994 1464 1458 1445 1433
    1421 1415 1398 1387 1376 1359 1349 1333 1322 1312 1297 1288 1278
    1264 1255 1250 1241 1241 1241 1241 1245 1245 1245 1250 1250 1250
    1250 1250 1255 1255 1255 1255 1259 1259 1259 1268 1268 1273 1273
    4089 3994 3994 1464 1445 1439 1433 1421 1410 1398 1387 1376 1359
    1343 1338 1322 1312 1297 1288 1278 1264 1255 1250 1241 1241 1241
    1241 1245 1245 1245 1250 1250 1250 1250 1250 1255 1255 1255 1259
    1259 1259 1259 1264 1268 1273 1273 4041 3994 3994 1445 1445 1439
