<?xml version="1.0"?>
<opencv_storage>
<Depth11945 type_id="opencv-matrix">
  <rows>187</rows>
  <cols>51</cols>
  <dt>w</dt>
  <data>
    6889 6889 6889 6753 6753 6753 6622 6622 637 636 635 635 634 634 635
    635 635 640 641 641 641 641 641 641 642 644 644 644 644 646 646 6753
    6753 6753 649 649 649 650 650 6753 6753 6753 6753 6622 6622 6622
    6753 0 0 0 0 0 0 6889 6753 6753 641 638 637 637 636 635 635 635 635
    636 636 636 638 640 640 640 640 640 641 642 643 644 644 644 646 646
    646 647 647 648 649 649 650 650 650 6753 6753 655 655 6622 6622 654
    654 0 0 0 0 0 0 0 0 641 638 637 637 636 636 636 636 636 637 637 637
    638 640 640 640 640 640 641 642 643 644 646 646 646 646 646 646 647
    648 649 650 650 650 652 652 652 652 653 653 653 654 654 661 661 0 0
    0 0 0 0 642 638 637 637 636 636 636 636 636 637 637 638 640 640 640
    641 641 641 642 643 643 644 646 646 646 646 646 646 648 649 649 650
    650 650 652 652 652 652 653 653 653 657 657 661 658 658 0 0 0 0 0
    644 642 640 636 636 636 636 636 636 637 637 638 640 640 640 641 641
    641 642 643 643 644 646 646 646 646 646 646 648 649 650 650 650 650
    652 652 652 652 653 653 654 657 657 659 658 658 0 0 0 0 0 0 643 640
    636 636 636 636 637 637 638 640 640 640 641 641 641 641 642 643 644
    644 646 646 646 647 647 647 647 648 649 650 650 650 650 652 652 653
    653 653 655 655 657 659 659 658 658 0 0 0 0 0 0 0 640 636 636 636
    637 637 637 638 640 640 641 641 641 642 642 643 643 644 644 646 646
    646 647 647 647 648 648 650 650 650 650 652 652 652 653 653 654 655
    657 658 659 659 659 659 0 0 0 0 0 0 0 0 636 636 636 637 637 638 640
    640 640 641 641 641 642 643 644 644 646 646 646 646 646 646 647 647
    648 648 649 649 650 650 652 652 653 654 654 654 655 657 658 659 659
    659 659 0 0 0 0 0 0 0 0 637 637 637 637 637 640 640 640 641 641 641
    642 643 643 644 644 646 646 646 646 646 646 648 649 649 649 649 649
    650 650 653 653 653 653 654 655 657 658 658 659 659 659 659 0 0 0 0
    0 0 0 0 638 638 638 638 638 640 640 641 641 641 641 642 643 643 644
    644 646 646 646 646 647 647 648 649 649 650 650 650 652 653 653 653
    653 653 654 655 657 658 659 659 659 659 659 0 0 0 0 0 0 0 0 638 638
    638 638 640 641 641 641 642 642 642 642 643 643 644 646 646 646 646
    646 647 648 648 649 650 650 650 650 652 653 654 654 654 654 655 657
    659 659 661 659 659 659 659 0 0 0 0 0 0 0 0 640 638 638 640 640 641
    641 641 642 642 642 642 643 643 644 646 646 646 647 647 647 648 648
    649 650 650 650 650 652 653 654 654 654 655 655 657 659 661 661 661
    661 659 659 0 0 0 0 0 0 0 638 638 638 640 640 640 641 641 641 642
    642 643 643 643 644 644 646 647 647 647 648 648 648 649 650 650 650
    650 652 652 654 654 654 654 655 655 657 659 659 661 661 661 659 659
    0 0 0 0 0 0 637 637 638 638 637 637 638 640 641 641 642 642 643 644
    644 644 646 647 648 648 648 648 648 649 649 650 650 650 650 652 652
    654 654 654 654 655 655 657 659 659 661 661 661 659 659 0 0 0 0 0 0
    637 637 638 640 636 636 638 640 641 641 641 642 643 644 644 646 646
    647 648 648 648 649 649 649 650 650 652 652 652 652 652 654 654 654
    654 655 655 657 659 661 661 661 661 659 659 0 0 0 0 0 0 640 638 638
    640 636 636 640 640 641 641 641 642 643 644 644 646 646 647 648 649
    649 649 649 650 650 652 652 652 652 653 653 654 654 655 655 655 655
    658 659 661 661 661 661 661 661 0 0 0 0 0 0 640 638 638 640 638 638
    638 641 641 642 642 643 644 644 644 646 646 647 648 649 649 649 649
    649 650 652 652 653 653 653 654 654 654 655 655 655 655 658 659 661
    662 662 661 661 661 0 0 0 0 0 0 0 640 640 640 638 638 638 641 642
    642 643 643 644 644 644 646 646 647 648 649 649 649 649 649 650 652
    653 653 654 654 654 655 655 655 655 655 655 658 659 661 662 662 661
    661 661 0 0 0 0 0 0 0 642 641 640 640 640 640 641 642 643 643 644
    644 644 644 646 646 647 648 649 649 649 649 650 650 650 652 654 654
    654 655 655 655 655 657 657 657 658 659 662 662 662 662 661 661 0 0
    0 0 0 0 0 642 642 641 640 640 641 641 643 643 644 644 644 646 646
    646 647 647 648 649 649 649 649 650 650 650 652 654 654 655 655 655
    655 655 657 657 658 659 661 662 663 663 662 661 661 0 0 0 0 0 0 0 0
    643 640 640 641 641 641 643 643 644 644 644 646 646 646 647 648 649
    649 650 650 650 650 650 652 653 654 654 655 655 655 655 657 657 658
    658 659 662 662 663 663 663 663 0 0 0 0 0 0 0 0 0 0 640 640 641 641
    642 643 643 644 644 644 646 646 647 647 649 649 649 650 650 650 650
    652 652 653 654 654 655 655 657 657 657 658 658 659 659 662 663 664
    664 664 664 0 0 0 0 0 0 0 0 0 0 0 643 643 643 643 643 643 644 644
    646 646 646 647 648 649 649 650 650 650 652 652 652 653 653 654 654
    655 657 658 658 658 658 659 659 661 663 663 664 664 664 664 0 0 0 0
    0 0 0 0 0 0 644 644 644 644 644 644 644 646 646 646 647 647 648 649
    649 649 650 650 652 653 653 653 654 654 654 654 655 657 658 658 658
    658 659 659 661 662 662 664 664 664 664 0 0 0 0 0 0 0 0 644 644 644
    644 644 644 644 646 646 646 647 647 647 648 649 649 649 649 650 650
    652 653 653 654 654 654 654 654 655 657 658 659 659 659 659 659 661
    662 662 663 663 663 663 0 0 0 0 0 0 0 0 644 644 643 643 643 644 644
    646 646 647 647 648 648 648 649 649 649 649 650 650 653 653 654 654
    654 654 654 655 655 657 658 658 659 659 659 659 661 662 662 663 663
    663 663 0 0 0 0 0 0 0 0 647 647 643 643 643 643 644 646 646 647 647
    648 648 649 649 649 649 649 650 650 653 653 654 654 654 655 655 655
    655 657 658 658 659 659 659 661 661 662 664 664 664 663 663 0 0 0 0
    0 0 0 0 0 0 643 643 643 643 644 646 646 647 647 648 648 649 649 649
    649 650 650 652 653 654 654 654 654 655 655 655 657 658 658 658 659
    659 661 661 661 662 664 664 666 663 663 0 0 0 0 0 0 0 0 0 0 0 0 644
    644 644 646 646 647 648 648 649 649 649 649 649 650 652 652 654 654
    654 654 655 655 655 657 657 658 658 659 659 659 659 661 661 663 666
    666 666 664 664 0 0 0 0 0 0 0 0 0 0 0 646 644 644 646 646 647 648
    648 649 649 649 649 650 650 653 653 653 654 654 654 654 654 655 657
    658 658 659 659 659 659 659 659 661 661 664 666 666 666 664 664 0 0
    0 0 0 0 0 0 0 0 0 646 646 646 646 646 647 648 648 649 649 649 650
    650 652 653 654 654 654 654 654 654 654 657 657 658 658 659 659 659
    661 661 661 661 662 664 666 666 666 666 666 0 0 0 0 0 0 0 0 0 0 0
    647 647 647 647 647 648 648 649 649 649 650 650 652 652 653 654 654
    654 654 654 654 655 657 657 658 659 659 659 659 661 661 661 661 662
    666 666 666 666 666 666 667 0 0 0 0 0 0 0 0 0 0 648 648 647 647 647
    648 649 649 649 649 650 650 652 652 654 654 654 654 654 655 655 655
    657 657 658 659 659 659 661 661 661 662 662 663 666 666 666 667 667
    667 667 0 0 0 0 0 0 0 0 0 0 648 648 647 647 648 648 649 649 649 649
    649 650 652 653 654 654 654 654 654 655 655 655 657 657 659 659 659
    659 661 661 662 663 663 663 666 666 667 667 667 667 667 0 0 0 0 0 0
    0 0 0 0 648 648 647 647 648 648 649 649 649 649 649 650 653 654 654
    655 655 655 655 655 657 657 657 658 659 659 659 659 661 661 662 663
    663 663 664 666 667 667 668 667 667 0 0 0 0 0 0 0 0 0 0 0 647 647
    647 648 648 649 649 650 650 650 650 653 654 654 654 655 655 657 657
    657 657 657 658 659 661 661 661 661 661 662 663 663 663 664 666 667
    667 668 668 0 0 0 0 0 0 0 0 0 0 0 0 647 647 647 648 649 649 650 650
    650 650 650 653 654 654 654 655 655 657 657 657 657 658 659 659 661
    661 661 661 662 662 662 663 663 664 666 667 667 667 667 0 0 0 0 0 0
    0 0 0 0 0 0 646 646 648 649 649 649 650 650 650 652 652 653 654 654
    654 655 655 657 657 658 658 658 659 659 661 661 661 661 662 662 662
    663 663 664 666 667 667 667 667 0 0 0 0 0 0 0 0 0 0 0 0 646 646 648
    649 649 650 650 650 650 652 653 653 654 654 654 655 655 657 657 658
    659 659 661 661 661 661 661 662 663 663 663 663 663 664 667 667 667
    667 667 668 0 0 0 0 0 0 0 0 0 0 0 0 649 649 649 649 650 650 650 650
