<?xml version="1.0"?>
<opencv_storage>
<Depth12928 type_id="opencv-matrix">
  <rows>23</rows>
  <cols>5</cols>
  <dt>w</dt>
  <data>
    0 5832 5832 5933 5933 0 5832 5832 5832 5832 0 0 5832 5832 5832 0
    6259 5832 5832 5832 0 6146 5933 5933 5933 0 6038 5933 5933 5832 0
    5933 5933 5933 5832 0 5933 5933 5933 5933 0 6038 6038 6038 6038 5933
    5933 5933 6038 6038 5933 5933 5933 6038 6038 0 5933 5933 6038 6038
    5933 5933 5933 6038 6038 5933 5933 6038 6038 6038 6146 6146 6038
    5933 5933 6146 6146 5933 5933 5933 6146 6146 5933 5933 5933 6146
    6038 5933 5933 0 6146 6038 5933 5933 0 6038 6038 6038 6038 0 5832
    5933 5933 5933 0 5832 5933 5832 5832 0 5933 5832 5832 5832 0</data></Depth12928>
</opencv_storage>
