<?xml version="1.0"?>
<opencv_storage>
<Depth15463 type_id="opencv-matrix">
  <rows>6</rows>
  <cols>24</cols>
  <dt>w</dt>
  <data>
    2156 2143 2143 2156 2156 2156 2143 2129 2129 2129 2129 6753 6753
    6889 6753 6753 6753 6753 6622 6622 6622 6622 6497 6497 2156 2143
    2143 2156 6889 6753 6622 6622 6622 6622 6753 6753 6753 6889 6753
    6753 6622 6622 6622 6622 6622 6622 6497 6497 2170 7030 7030 6889
    6889 6753 6622 6622 6622 6622 6753 6753 6753 6889 6753 6753 6622
    6622 6622 6622 6497 6497 6622 6622 6889 6889 6889 6889 6889 6753
    6622 6622 6622 6622 6753 6753 6753 6889 6753 6753 6753 6753 6622
    6622 6497 5291 5291 5291 6889 6889 6889 6889 6889 6753 6622 6622
    6622 6622 6497 6497 6753 6889 6889 6889 5374 5374 5374 5460 5460
    5291 5291 5291 7030 6889 6889 6889 6622 6622 6753 6622 6622 6622
    6497 6497 6497 5374 5374 5374 5374 5374 5374 5374 5460 5374 5374
    5374</data></Depth15463>
</opencv_storage>
