<?xml version="1.0"?>
<opencv_storage>
<Depth3651 type_id="opencv-matrix">
  <rows>27</rows>
  <cols>20</cols>
  <dt>w</dt>
  <data>
    0 0 0 0 0 0 0 0 0 0 0 3692 3653 3653 3653 3653 3653 3692 3653 3653 0
    0 0 0 0 0 0 0 0 0 0 3692 3653 3653 3653 3692 3692 3692 3653 3653 0 0
    0 0 0 0 0 0 0 0 3774 3692 3653 3653 3653 3732 3692 3692 3653 3653 0
    0 0 0 0 0 0 0 0 3816 3774 3692 3692 3692 3692 3732 3732 3732 3692
    3692 0 0 0 0 0 0 0 0 0 3774 3774 3732 3732 3732 3732 3774 3774 3774
    3732 3692 0 0 0 0 0 0 0 0 0 3774 3774 3774 3774 3774 3774 3774 3774
    3774 3774 3692 0 0 0 0 0 0 0 0 3774 3774 3774 3774 3774 3774 3774
    3816 3816 3816 3774 3692 0 0 0 0 0 0 0 0 3774 3774 3816 3774 3774
    3774 3774 3816 3816 3816 3774 3774 0 0 0 0 0 0 0 0 3774 3774 3816
    3816 3816 3816 3816 3816 3816 3816 3774 3774 0 0 0 0 0 0 0 0 3774
    3774 3816 3816 3816 3816 3816 3816 3816 3816 3774 3774 0 0 0 0 0 0
    3816 3816 3816 3816 3816 3816 3816 3816 3816 3816 3816 3816 3816
    3816 0 0 0 0 0 0 3816 3816 3816 3816 3816 3816 3816 3816 3816 3816
    3816 3859 3859 5210 0 0 0 0 0 3816 3816 3816 3816 3816 3816 3816
    3816 3816 3816 3816 3816 5291 5291 5291 0 0 0 0 3692 3692 3816 3816
    3816 3816 3816 3816 3816 3816 3816 3816 5210 5210 5210 5210 0 0 0 0
    3692 3692 3816 3859 3859 3816 3816 3816 3816 3816 3816 3816 5210
    5210 5210 5210 0 0 3774 3774 3774 3774 3816 3859 3816 3816 3774 3774
    3774 3816 3859 5132 5132 5132 5210 5210 0 3816 3774 3774 3816 3816
    3816 3816 3816 3774 3774 3774 3774 3859 3859 5132 5132 5132 5132
    5132 3859 3816 3816 3816 3816 3816 3816 3816 3816 3774 3774 3774
    3774 3948 5132 5210 5210 5210 5132 5132 3859 3816 3816 3774 3774
    3774 3774 3816 3816 3774 3774 3774 3816 5132 5132 5210 5210 5210
    5132 5132 3774 3774 3774 3774 3774 3774 3774 3774 3774 3774 3774
    3774 3774 5210 5210 5210 5210 5210 5132 5132 3774 3774 3774 3774
    3774 3774 3774 3774 3774 3774 3774 3774 3774 5210 5210 5210 5210
    5210 5132 5132 3732 3732 3774 3774 3774 3774 3774 3774 3774 3774
    3774 3774 5210 5210 5210 5210 5210 5132 5132 5132 3692 3732 3774
    3774 3774 3774 3774 3774 3774 3774 3774 3774 5210 5210 5210 5210
    5210 5132 5132 5132 3692 3732 3774 3774 3774 3774 3774 3774 3774
    3774 3774 5132 5210 5210 5132 5132 5210 5132 5132 5210 3732 3732
    3774 3774 3774 3774 3774 3774 3774 3774 3774 5132 5132 5132 5132
    5132 5132 5132 5132 5210 2226 3732 3732 3732 3774 3774 3774 3774
    3774 5210 5132 5132 5132 5132 5132 5132 5132 5132 5132 5132 2226
    2226 2226 3732 3774 3774 3774 3774 3774 5210 5132 5132 5132 5132
    5132 5132 5132 5132 5132 5132</data></Depth3651>
</opencv_storage>
