<?xml version="1.0"?>
<opencv_storage>
<Depth6966 type_id="opencv-matrix">
  <rows>49</rows>
  <cols>51</cols>
  <dt>w</dt>
  <data>
    5374 5374 5374 5374 5374 5374 5291 5291 5210 5210 5210 5210 5210
    5210 5132 2103 2103 2103 2116 2116 2116 2129 2129 2143 2143 2156
    4911 4983 4983 4983 4983 4983 4911 4911 4842 4842 4842 4842 4842
    4774 4774 4774 4708 4708 4708 4708 4708 4708 4645 4645 4645 5460
    5460 5460 5460 5460 5374 5374 5291 5291 5210 5210 5210 5210 5132
    2090 2090 2103 2103 2103 2103 2103 2116 2129 2143 2143 2143 4983
    4983 4983 4983 4983 4983 4911 4911 4842 4842 4842 4842 4842 4842
    4842 4774 4708 4708 4708 4708 4708 4708 4645 4645 4645 5460 5460
    5460 5460 5460 5374 5374 5291 5291 5291 5210 5210 5210 2103 2090
    2090 2090 2090 2103 2103 2103 2116 2116 2129 2129 2143 2156 4983
    4983 4983 4983 4983 4911 4911 4911 4911 4842 4842 4842 4842 4842
    4774 4774 4708 4708 4708 4708 4708 4645 4645 4645 5460 5460 5460
    5460 5460 5374 5374 5291 5291 5291 5210 5210 5210 2078 2078 2078
    2078 2078 2090 2103 2103 2103 2103 2116 2116 2143 2143 2156 4983
    4911 4911 4911 4911 4911 4911 4911 4911 4911 4911 4842 4842 4774
    4774 4708 4708 4708 4708 4708 4645 4645 4645 5374 5460 5460 5460
    5460 5374 5291 5291 5291 5291 5291 5291 2065 2065 2065 2065 2078
    2078 2090 2090 2103 2103 2103 2116 2116 2129 2143 2143 2143 4911
    4911 4911 4911 4911 4911 4911 4911 4911 4911 4842 4842 4774 4774
    4708 4708 4708 4708 4708 4645 4645 4645 5374 5460 5460 5460 5460
    5374 5291 5291 5291 5291 5291 2053 2053 2053 2065 2065 2078 2078
    2078 2090 2103 2103 2103 2103 2103 2129 2129 2129 2129 2129 4911
    4911 4911 4911 4911 4911 4911 4911 4911 4842 4774 4708 4708 4774
    4708 4708 4708 4708 4645 4645 4645 5460 5460 5460 5460 5460 5374
    5374 2005 2005 2005 2005 2028 2028 2053 2053 2065 2065 2078 2078
    2078 2090 2103 2103 2103 2103 2129 2129 2129 2129 2129 4911 4911
    4911 4911 4911 4911 4911 4911 4911 4842 4774 4708 4708 4708 4774
    4708 4708 4708 4708 4645 4645 5460 5460 5460 5460 5460 5460 5460
    2005 2005 2005 2005 2016 2028 2040 2053 2053 2065 2065 2065 2078
    2090 2090 2103 2103 2103 2116 2116 2129 2129 2129 2129 4983 4983
    4983 4983 4911 4911 4911 4911 4842 4774 4708 4708 4708 4774 4774
    4708 4708 4708 4708 4708 5460 5460 5460 5460 5460 5460 2016 2005
    2005 2005 2005 2016 2028 2028 2040 2053 2053 2065 2065 2065 2065
    2065 2078 2078 2078 2116 2116 2116 2129 2129 2129 2129 4983 4983
    4983 4911 4911 4911 4911 4842 4842 4774 4708 4708 4774 4774 4708
    4708 4708 4708 4708 5460 5460 5460 5460 2016 2005 2005 2005 2005
    2005 2005 2016 2016 2028 2028 2040 2040 2053 2053 2065 2065 2065
    2065 2065 2078 2103 2116 2116 2129 2129 2129 2129 2129 2129 4983
    4911 4911 4911 4911 4842 4842 4774 4774 4774 4774 4774 4708 4708
    4708 4708 4708 5460 5460 5460 5460 2016 2016 2005 2005 2005 2005
    2005 2016 2016 2016 2016 2028 2028 2040 2040 2053 2053 2053 2053
    2065 2065 2103 2103 2116 2116 2116 2129 2129 2129 2129 2143 4911
    4911 4911 4911 4911 4911 4842 4842 4774 4774 4774 4774 4774 4774
    4708 4708 5460 5460 5460 2028 2028 2016 2005 2005 2005 2005 2005
    2005 2005 2016 2016 2016 2016 2028 2028 2028 2028 2040 2053 2053
    2065 2103 2103 2103 2116 2116 2129 2129 2129 2129 2143 2143 4911
    4911 4911 4911 4911 4842 4842 4774 4774 4774 4774 4708 4708 4774
    4708 5460 2028 2028 2028 2016 2016 2005 2005 1993 1993 1993 2005
    2005 2005 2005 2016 2016 2016 2016 2016 2028 2028 2053 2053 2078
    2078 2090 2103 2116 2116 2116 2116 2129 2129 2129 2129 2129 4911
    4911 4911 4911 4911 4842 4842 4842 4774 4774 4708 4708 4708 4708
    2053 2028 2028 2028 2016 2016 2005 2005 1993 1993 1993 2005 2005
    2005 2005 2016 2016 2016 2016 2016 2016 2028 2040 2053 2078 2078
    2078 2078 2090 2103 2116 2116 2129 2129 2129 2129 2129 4911 4911
    4911 4911 4911 4842 4842 4842 4774 4708 4708 4708 4708 4708 2040
    2040 2028 2028 2028 2016 2005 2005 1993 1993 1993 2005 2005 2005
    2005 2005 2016 2016 2016 2016 2016 2028 2040 2053 2078 2078 2078
    2078 2078 2090 2103 2116 2116 2116 2129 2129 2129 4911 4911 4911
    4911 4911 4911 4842 4842 4774 4708 4708 4708 4774 4774 2040 2040
    2040 2028 2028 2016 2005 2005 1993 1993 1993 2005 2005 2005 2005
    2005 2005 2016 2016 2016 2028 2028 2040 2040 2065 2078 2078 2078
    2078 2078 2090 2103 2103 2116 2116 2116 2129 2129 4911 4911 4983
    4983 4911 4842 4842 4774 4774 4774 4842 4774 4774 2053 2053 2053
    2053 2028 2016 2005 2005 2005 2005 2005 2005 2005 2005 2005 2005
    2005 2005 2005 2016 2016 2016 2016 2028 2065 2078 2078 2065 2065
    2078 2078 2090 2103 2103 2116 2116 2116 2116 2116 4983 4983 4983
    4911 4911 4842 4774 4774 4774 4842 4842 4774 2065 2065 2053 2053
    2028 2016 2016 2016 2005 2005 2005 1993 1993 1993 1993 1993 1993
    2005 2005 2005 2005 2005 2016 2016 2040 2053 2053 2053 2065 2065
    2078 2090 2090 2090 2103 2116 2116 2116 2116 2116 4983 4983 4983
    4911 4842 4774 4774 4774 4842 4774 4774 2065 2065 2065 2053 2040
    2028 2016 2016 2005 2005 2005 1993 1993 1993 1993 1993 1993 1993
    1993 2005 2005 2005 2005 2016 2028 2040 2040 2053 2065 2065 2078
    2078 2078 2090 2090 2103 2116 2116 2116 2116 2116 5056 4911 4911
    4911 4911 4911 4774 4774 4774 4774 2078 2078 2065 2065 2053 2040
    2028 2028 2016 2005 2005 1993 1993 1993 1993 1993 1993 1993 1993
    2005 2005 2005 2005 2016 2028 2028 2028 2053 2065 2065 2078 2078
    2078 2078 2078 2090 2103 2116 2116 2116 2116 2116 4911 4911 4911
    4911 4911 4774 4774 4774 4774 5210 5210 2078 2065 2053 2053 2040
    2028 2016 2005 2005 2005 1993 1993 1993 1981 1981 1981 1993 1993
    1993 2005 2005 2016 2028 2028 2028 2040 2053 2065 2065 2065 2065
    2065 2065 2078 2103 2103 2103 2116 2116 2116 2116 2143 4983 4911
    4842 4774 4774 4774 4774 5291 5374 5374 2078 2065 2053 2053 2028
    2016 2005 2005 2005 2005 2005 1993 1981 1981 1981 1981 1981 1993
    1993 1993 2005 2016 2016 2016 2028 2028 2065 2065 2065 2065 2065
    2065 2078 2078 2103 2103 2103 2116 2116 2116 2116 2129 4911 4842
    4842 4774 4774 4774 5291 5374 5460 2078 2065 2065 2053 2040 2028
    2016 2016 2016 2005 2005 1993 1993 1981 1981 1981 1981 1993 1993
    1993 2005 2005 2016 2016 2016 2028 2028 2040 2053 2065 2053 2053
    2065 2065 2078 2103 2103 2103 2103 2116 2116 2116 2129 4842 4774
    4774 4774 4774 5291 5374 5374 5460 2065 2065 2053 2040 2028 2016
    2016 2016 2016 2005 2005 1993 1981 1970 1970 1970 1981 1993 1993
    1993 2005 2005 2005 2005 2016 2016 2028 2040 2053 2053 2053 2065
    2065 2065 2090 2103 2103 2103 2116 2116 2116 2116 2116 4774 4774
    4842 4842 5291 5291 5291 5132 5056 2065 2065 2065 2040 2028 2028
    2016 2016 2005 2005 2005 1981 1970 1970 1970 1981 1981 1981 1981
    1993 1993 2005 2005 2005 2016 2016 2028 2040 2053 2053 2065 2065
    2065 2078 2103 2103 2103 2103 2103 2116 2116 2103 2103 4983 4911
    4842 5291 5291 5210 5132 5056 5056 2065 2065 2053 2040 2040 2028
    2016 2016 2005 2005 1981 1981 1970 1970 1981 1981 1981 1981 1981
    1981 1993 1993 2005 2016 2016 2028 2028 2040 2040 2053 2053 2065
    2065 2078 2103 2103 2103 2103 2116 2116 2103 2103 2116 4911 4842
    5210 5291 5210 5210 5132 5132 5132 2065 2053 2040 2040 2028 2016
    2016 2005 2005 2005 1981 1981 1981 1981 1970 1970 1970 1981 1981
    1981 1993 1993 2016 2016 2016 2028 2028 2040 2053 2053 2065 2065
    2065 2065 2090 2090 2090 2103 2116 2103 2103 2116 2116 4842 5210
    5210 5210 5210 5210 5132 5132 5132 2053 2053 2053 2040 2016 2016
    2016 2005 2005 2005 1981 1981 1981 1970 1970 1970 1981 1981 1981
    1993 1993 2016 2016 2016 2016 2028 2028 2040 2053 2053 2053 2065
    2065 2065 2065 2078 2078 2090 2103 2103 2116 2116 2116 5210 5210
    5210 5210 5210 5210 5132 5132 5210 2053 2053 2040 2028 2028 2016
    2016 2005 2005 2005 1981 1981 1970 1970 1970 1981 1981 1981 1993
    1993 2005 2005 2005 2016 2016 2028 2028 2028 2040 2053 2053 2065
    2065 2065 2065 2078 2078 2090 2103 2116 2116 2116 5132 5210 5210
