<?xml version="1.0"?>
<opencv_storage>
<Depth16282 type_id="opencv-matrix">
  <rows>59</rows>
  <cols>74</cols>
  <dt>w</dt>
  <data>
    2883 2859 2835 2835 2835 2859 2859 2835 2835 2812 2812 2812 2812
    1543 1543 1543 1536 1529 1529 1529 1529 1536 1543 2883 2883 2859
    2859 2835 2835 2835 2835 2835 2835 2835 2467 2467 2450 2450 2789
    2789 2789 2767 2767 2767 2767 2767 2767 2767 2767 2767 2767 2767
    2767 2767 2767 2767 2767 2767 2767 2812 2812 2812 2812 2789 2789
    2789 2789 2789 2789 2767 2767 2744 2744 2767 2859 2859 2835 2835
    2835 2835 2835 2835 2812 2812 2812 2812 1543 1543 1536 1536 1536
    1529 1529 1529 1529 1536 1529 1529 2883 2835 2835 2835 2835 2835
    2835 2835 2503 2503 2467 2467 2450 2450 2450 2789 2789 2767 2767
    2767 2767 2767 2767 2767 2767 2767 2767 2767 2767 2767 2744 2744
    2744 2744 2767 2812 2812 2835 2835 2835 2812 2789 2789 2789 2789
    2789 2789 3576 3576 3576 2859 2859 2835 2835 2835 2835 2835 2812
    2812 2812 2812 1529 1529 1536 1536 1536 1536 1529 1529 1529 1529
    1529 1523 1523 1523 1523 1523 1523 1523 1536 1536 2503 2503 2503
    2467 2467 2450 2450 2450 2450 2450 2812 2789 2767 2767 2767 2767
    2767 2767 2767 2767 2767 2767 2767 2744 2744 2744 2744 2744 2744
    2723 2723 2723 2744 3732 3732 3692 3653 3653 3692 3576 3576 3576
    3576 2883 2859 2835 2835 2835 2835 2812 2789 2789 2812 2812 1529
    1529 1529 1529 1529 1529 1529 1529 1529 1529 1529 1523 1523 1516
    1516 1516 1523 1523 1529 1529 1529 2503 2450 2450 2450 2450 2432
    2432 2432 2432 2432 2767 2744 2744 2744 2744 2767 2767 2767 2767
    2767 2767 2767 2767 2767 2767 2744 2744 2744 2723 2723 2723 2744
    3732 3732 3692 3653 3653 3692 3576 3576 3576 3576 2883 2883 2859
    2835 2835 2835 2812 2789 2789 2789 1536 1536 1529 1529 1529 1529
    1529 1529 1529 1529 1523 1523 1523 1523 1516 1516 1516 1523 1523
    1523 1523 1523 1523 1523 2450 2432 2432 2432 2432 2432 2432 2432
    2767 2744 2744 2744 2744 2767 2767 2767 2767 2767 2767 2767 2767
    2767 2744 2744 2744 2744 2723 2723 2723 2744 2744 3692 3692 3653
    3653 3614 3576 3576 3576 3576 2883 2883 2859 2835 2835 2835 2812
    2812 2812 2812 1536 1536 1529 1523 1523 1523 1529 1529 1523 1523
    1523 1523 1523 1523 1516 1516 1516 1516 1516 1523 1523 1523 1523
    1523 1523 1523 1523 1523 2432 2432 2432 2432 2432 1509 1509 1503
    2744 2744 2744 2744 2767 2767 2767 2767 2767 2767 2744 2744 2744
    2744 2723 2723 2723 2744 2744 3692 3692 3692 3653 3614 3614 3614
    3614 3614 2883 2883 2859 2835 2835 2835 2835 2835 2835 2835 1536
    1536 1523 1523 1523 1523 1523 1523 1523 1523 1523 1523 1523 1523
    1516 1516 1516 1516 1516 1523 1523 1523 1523 1523 1523 1516 1516
    1516 1516 1509 1509 1509 1509 1509 1509 1503 1503 2744 2744 2744
    2767 2767 2767 2767 2767 2767 2744 2744 2744 2744 2744 2744 2744
    2744 2744 2744 2744 2744 3692 3653 3653 3653 3614 3614 2908 2908
    2883 2859 2835 2835 2835 2835 2835 2835 1523 1523 1523 1523 1523
    1523 1523 1516 1516 1516 1516 1516 1516 1516 1516 1516 1516 1516
    1516 1523 1523 1523 1516 1516 1516 1516 1516 1509 1509 1509 1509
    1509 1509 1509 1503 1503 1503 2767 2767 2767 2767 2767 2767 2767
    2767 2744 2744 2744 2744 2744 2744 2744 2744 2744 2744 2744 2744
    2744 2767 2767 2767 3614 3614 3614 2908 2908 2908 2883 2883 2859
    2859 2859 2859 1516 1516 1516 1516 1516 1516 1516 1516 1516 1516
    1516 1516 1516 1516 1516 1516 1516 1516 1516 1516 1516 1516 1516
    1516 1516 1516 1516 1516 1509 1509 1509 1509 1503 1503 1503 1503
    1503 1496 1496 1496 2812 2767 2744 2744 2744 2767 2744 2744 2744
    2744 2744 2744 2744 2744 2744 2744 2744 2744 2744 2767 2767 2767
    2767 3614 3614 2933 2908 2908 2883 2883 2883 2883 2883 1523 1516
    1516 1516 1516 1516 1516 1516 1516 1516 1509 1509 1509 1503 1503
    1516 1509 1509 1509 1509 1509 1509 1509 1509 1509 1509 1509 1516
    1516 1509 1509 1503 1503 1503 1503 1503 1503 1503 1496 1496 1489
    1489 2767 2744 2701 2701 2701 2744 2744 2744 2744 2744 2744 2744
    2744 2723 2723 2723 2744 2744 2744 2744 2744 2767 3614 3614 3816
    2908 2908 2908 2908 2908 2908 1523 1523 1523 1516 1516 1516 1516
    1516 1516 1516 1516 1509 1509 1509 1503 1503 1503 1503 1503 1496
    1496 1503 1509 1509 1509 1509 1509 1509 1509 1509 1509 1509 1503
    1503 1503 1503 1503 1503 1503 1496 1496 1489 1489 1496 1496 1496
    1496 1496 2744 2744 2744 2744 2744 2744 2744 2744 2723 2723 2723
    2723 2723 2723 2723 2744 2744 2744 2744 3816 3816 3816 3774 3732
    3732 3732 1523 1523 1516 1516 1516 1509 1509 1509 1509 1509 1509
    1509 1509 1509 1503 1503 1503 1503 1496 1496 1496 1503 1503 1503
    1503 1503 1503 1503 1503 1503 1509 1509 1503 1503 1503 1503 1503
    1496 1496 1496 1496 1489 1489 1496 1489 1489 1489 1477 1477 1470
    1470 2744 2744 2744 2744 2744 2723 2701 2701 2701 2701 2723 2723
    2723 2723 2723 2723 3859 3816 3816 3774 3732 3732 0 1516 1516 1516
    1516 1509 1503 1503 1503 1503 1503 1503 1509 1509 1509 1509 1503
    1503 1503 1496 1496 1496 1503 1503 1503 1503 1503 1503 1503 1503
    1503 1503 1503 1503 1496 1496 1503 1503 1496 1496 1496 1496 1489
    1489 1496 1489 1489 1489 1477 1477 1470 1470 1483 2744 2744 1477
    1477 2723 2701 2701 2701 2701 2701 2701 2701 2701 2701 2701 3859
    3859 3816 3816 3816 3816 0 1509 1509 1509 1509 1503 1503 1503 1503
    1503 1496 1496 1503 1503 1503 1503 1503 1503 1496 1496 1496 1496
    1496 1503 1503 1496 1496 1503 1503 1503 1503 1503 1496 1496 1496
    1496 1496 1496 1496 1496 1496 1496 1496 1496 1496 1496 1489 1489
    1489 1483 1483 1483 1483 1489 1489 1477 1477 1477 1477 2723 2723
    2723 2701 2701 2701 2701 2701 2701 3859 3859 3859 3859 3859 3859
    1503 1503 1503 1503 1496 1496 1496 1496 1503 1496 1496 1496 1496
    1496 1496 1503 1496 1496 1496 1489 1489 1496 1496 1496 1496 1496
    1496 1496 1503 1503 1496 1496 1496 1496 1496 1496 1496 1496 1489
    1489 1489 1489 1489 1489 1489 1489 1489 1483 1483 1483 1483 1483
    1483 1483 1483 1477 1477 1477 1477 1477 1470 1470 2723 2723 2701
    2701 2680 2680 3816 3816 3859 3859 3859 3859 1496 1496 1496 1496
    1496 1496 1496 1496 1503 1496 1496 1496 1496 1496 1496 1496 1496
    1496 1496 1489 1489 1496 1496 1496 1496 1496 1496 1496 1503 1503
    1496 1496 1496 1489 1489 1489 1489 1489 1489 1489 1489 1483 1483
    1489 1489 1483 1483 1477 1477 1477 1477 1477 1477 1477 1477 1477
    1477 1477 1477 1477 1470 1470 1470 1470 1470 2701 2680 2680 3816
    3816 3732 3732 3732 0 1496 1496 1496 1496 1496 1496 1496 1496 1496
    1496 1496 1496 1496 1496 1496 1496 1489 1489 1489 1489 1489 1489
    1496 1496 1496 1496 1496 1496 1496 1496 1496 1496 1489 1489 1483
    1483 1489 1489 1489 1489 1483 1483 1483 1483 1483 1477 1477 1477
    1477 1477 1477 1477 1477 1477 1477 1477 1477 1477 1470 1470 1470
    1470 1470 1470 1470 1470 1470 2701 3816 3774 3653 3653 3653 1496
    1489 1489 1489 1496 1489 1489 1489 1489 1496 1496 1496 1496 1489
    1489 1489 1489 1489 1489 1489 1489 1489 1489 1496 1496 1496 1496
    1496 1496 1496 1496 1496 1496 1489 1483 1483 1483 1483 1483 1483
    1483 1483 1477 1477 1477 1477 1477 1477 1470 1470 1477 1477 1477
    1477 1470 1470 1470 1470 1470 1470 1470 1470 1470 1470 1470 1470
    1470 1470 1470 3816 3732 3614 3614 3614 1496 1496 1489 1489 1489
    1489 1489 1489 1489 1489 1489 1489 1489 1489 1489 1489 1489 1489
    1489 1489 1489 1489 1489 1496 1496 1496 1496 1496 1496 1489 1489
    1483 1483 1483 1483 1477 1477 1477 1477 1483 1483 1477 1477 1477
    1477 1477 1477 1477 1470 1470 1477 1477 1477 1470 1470 1470 1470
    1470 1470 1464 1464 1464 1464 1464 1464 1464 1464 1458 1458 3774
    3653 3503 3503 3503 1489 1489 1489 1489 1489 1489 1489 1489 1489
    1489 1489 1489 1489 1489 1489 1489 1489 1489 1483 1483 1489 1489
    1489 1489 1489 1489 1489 1489 1489 1489 1483 1483 1483 1483 1477
    1477 1477 1477 1477 1477 1477 1477 1477 1477 1477 1477 1470 1470
    1470 1470 1470 1470 1470 1470 1470 1470 1470 1464 1464 1464 1458
