<?xml version="1.0"?>
<opencv_storage>
<Depth8783 type_id="opencv-matrix">
  <rows>89</rows>
  <cols>40</cols>
  <dt>w</dt>
  <data>
    4190 4139 4139 4139 4139 4139 4139 1483 1483 1483 1452 1439 1427
    1410 1410 1410 1370 0 0 0 0 0 0 0 0 0 0 1349 1349 1349 1349 4241
    4241 4190 4190 4190 4139 4139 4139 4190 4139 4139 4139 4139 4139
    4139 0 1483 1483 1483 1452 1433 1410 1387 1370 1370 0 0 0 0 0 0 0 0
    1312 1307 1307 1349 1349 1349 1349 1343 1338 1328 1328 1328 4139
    4139 4139 4190 4139 4139 4139 4139 4139 0 1496 1483 1483 1470 1470
    1433 1410 1359 1359 1370 0 1307 1307 1297 1297 1297 1302 1302 1312
    1307 1307 1312 1312 1343 1343 1328 1322 1317 1312 1312 1312 1312
    4190 4190 4139 4139 4139 4139 4139 4349 1496 1496 1470 1458 1452
    1452 1452 1359 1359 1322 1307 1302 1297 1292 1292 1297 1297 1297
    1302 1307 1307 1312 1312 1312 1312 1317 1312 1312 1312 1312 1312
    1312 1312 4190 4190 4139 4139 4190 4349 4349 1496 1496 1470 1458
    1439 1421 1404 1365 1359 1312 1302 1297 1297 1292 1292 1292 1297
    1297 1302 1307 1307 1307 1307 1307 1307 1312 1312 1312 1312 1312
    1312 1312 1312 1312 4190 4190 4190 4190 4349 4349 1509 1496 1477
    1458 1439 1415 1392 1365 1365 1307 1297 1292 1292 1292 1292 1292
    1297 1297 1297 1302 1302 1302 1302 1302 1307 1307 1307 1312 1312
    1312 1312 1312 1302 1302 4190 4190 4190 4241 4241 1509 1509 1489
    1477 1464 1427 1410 1392 1365 1359 1307 1297 1292 1292 1292 1292
    1292 1297 1297 1297 1302 1302 1302 1302 1302 1307 1307 1307 1312
    1312 1312 1312 1307 1302 1302 4190 4190 4190 4241 4241 1503 1503
    1489 1483 1464 1421 1410 1392 1365 1354 1328 1302 1292 1292 1292
    1292 1292 1297 1297 1297 1302 1302 1307 1302 1302 1307 1307 1307
    1312 1312 1312 1312 1307 1307 1307 4139 4190 4190 4190 4190 1503
    1503 1483 1477 1458 1421 1410 1370 1359 1349 1317 1302 1292 1292
    1292 1292 1292 1297 1297 1297 1302 1302 1307 1302 1302 1307 1307
    1307 1307 1312 1312 1312 1307 1307 1307 4139 4139 4139 4139 4139
    4139 1483 1483 1470 1452 1421 1410 1370 1359 1343 1312 1302 1297
    1297 1297 1297 1297 1302 1297 1297 1302 1302 1302 1302 1302 1302
    1307 1307 1307 1312 1312 1312 1307 1307 1307 4139 4139 4139 4139
    4139 1509 1483 1483 1464 1445 1433 1421 1359 1349 1338 1312 1302
    1292 1292 1297 1297 1297 1302 1302 1302 1302 1302 1302 1302 1302
    1302 1307 1307 1307 1312 1312 1312 1312 1312 1312 4139 4139 4139
    4139 4139 1509 1509 1483 1464 1445 1433 1415 1359 1349 1338 1312
    1297 1292 1292 1292 1297 1297 1302 1302 1302 1302 1302 1302 1302
    1307 1307 1307 1307 1307 1307 1312 1312 1312 1317 0 4139 4139 4139
    4139 4139 1503 1503 1483 1470 1445 1421 1410 1359 1349 1338 1307
    1297 1292 1292 1292 1297 1297 1297 1297 1297 1302 1302 1302 1302
    1302 1302 1307 1307 1307 1307 1312 1312 1312 1317 0 4139 4139 4139
    4139 4139 1496 1496 1483 1470 1439 1421 1387 1370 1354 1343 1307
    1297 1292 1292 1292 1297 1297 1297 1297 1297 1302 1307 1307 1307
    1302 1302 1307 1307 1307 1307 1312 1312 1317 1322 0 4139 4139 4089
    4089 4089 1496 1496 1489 1477 1439 1427 1387 1370 1354 1333 1307
    1297 1292 1292 1297 1297 1297 1297 1297 1302 1302 1307 1307 1307
    1307 1307 1307 1307 1307 1307 1312 1312 1312 1312 1312 4139 4139
    4089 4089 4089 1489 1489 1489 1477 1439 1421 1381 1370 1349 1328
    1307 1297 1292 1292 1297 1297 1297 1297 1297 1302 1302 1307 1307
    1307 1307 1307 1307 1307 1307 1312 1312 1312 1312 1312 1312 4139
    4139 4139 4139 4139 1489 1489 1483 1470 1439 1421 1376 1365 1343
    1322 1307 1297 1292 1292 1297 1297 1302 1302 1302 1302 1302 1307
    1307 1307 1307 1307 1307 1312 1312 1312 1312 1312 1307 1307 1307
    4190 4190 4190 4190 1496 1483 1483 1477 1470 1445 1421 1376 1359
    1343 1322 1307 1297 1292 1292 1297 1297 1302 1302 1302 1302 1302
    1307 1307 1307 1307 1307 1307 1312 1312 1312 1312 1312 1307 1307
    1307 4190 4190 4190 4190 1496 1496 1483 1477 1470 1439 1415 1376
    1359 1343 1322 1307 1297 1292 1292 1297 1297 1302 1302 1302 1302
    1302 1307 1307 1307 1307 1307 1307 1307 1307 1312 1312 1312 1307
    1307 1307 4190 4190 4190 4190 1496 1496 1483 1470 1464 1439 1404
    1376 1359 1338 1322 1302 1292 1292 1292 1297 1297 1302 1302 1302
    1302 1302 1307 1307 1307 1307 1307 1307 1307 1307 1312 1312 1312
    1312 1312 1312 4139 4139 4190 4190 1503 1503 1489 1470 1458 1433
    1404 1376 1359 1333 1312 1302 1292 1288 1288 1297 1297 1302 1302
    1302 1302 1302 1307 1302 1302 1307 1307 1307 1307 1307 1312 1312
    1312 1312 1312 1312 4139 4139 4139 4139 1503 1503 1489 1477 1452
    1427 1398 1376 1359 1333 1312 1302 1292 1288 1288 1297 1297 1302
    1302 1302 1302 1302 1307 1302 1302 1307 1307 1307 1307 1307 1312
    1312 1312 1312 1312 1312 4139 4139 4139 4139 1509 1509 1496 1470
    1445 1427 1398 1370 1349 1328 1312 1302 1292 1288 1288 1297 1297
    1297 1297 1297 1302 1307 1307 1302 1302 1307 1307 1307 1307 1307
    1312 1312 1312 1317 1317 4190 4139 4139 4139 4139 1516 1516 1496
    1470 1445 1415 1398 1370 1349 1328 1312 1302 1297 1288 1288 1297
    1297 1297 1297 1297 1302 1307 1307 1307 1307 1307 1307 1307 1307
    1307 1312 1312 1317 1317 1317 0 4139 4139 4139 4139 1523 1509 1489
    1477 1445 1415 1392 1376 1343 1328 1317 1297 1292 1288 1288 1297
    1297 1297 1297 1297 1307 1307 1307 1307 1307 1307 1307 1307 1307
    1307 1312 1312 1312 1312 1312 0 4139 4139 4139 4139 1523 1509 1489
    1477 1464 1404 1392 1370 1338 1322 1312 1297 1292 1288 1288 1297
    1297 1297 1297 1297 1302 1307 1307 1307 1307 1307 1307 1307 1307
    1312 1312 1312 1312 1312 1312 4190 4139 4139 4139 4139 1523 1503
    1489 1477 1464 1398 1392 1370 1338 1322 1312 1292 1292 1288 1288
    1297 1297 1297 1297 1297 1302 1307 1307 1307 1307 1307 1307 1307
    1307 1307 1312 1312 1312 1312 1312 4190 4139 4139 4139 4139 1516
    1503 1489 1470 1445 1392 1376 1365 1349 1328 1307 1292 1288 1288
    1288 1297 1297 1297 1297 1297 1307 1307 1307 1307 1307 1307 1307
    1307 1307 1307 1312 1312 1312 1312 1312 4190 4190 4139 4139 4139
    1509 1496 1483 1464 1445 1387 1370 1359 1349 1328 1302 1292 1288
    1288 1288 1297 1297 1297 1302 1302 1302 1307 1307 1307 1307 1307
    1307 1307 1307 1312 1312 1312 1312 1312 0 4190 4139 4139 4190 1516
    1509 1496 1483 1464 1445 1387 1370 1359 1343 1317 1302 1292 1288
    1288 1292 1297 1297 1297 1297 1302 1302 1307 1307 1307 1307 1307
    1307 1307 1307 1312 1312 1312 1312 1312 0 4241 4139 4139 4139 1516
    1503 1489 1483 1464 1415 1387 1370 1354 1343 1317 1302 1292 1292
    1292 1292 1297 1297 1297 1297 1302 1302 1307 1307 1307 1307 1307
    1307 1307 1307 1312 1312 1312 1312 1312 0 4405 4139 4139 4139 1503
    1503 1489 1483 1464 1415 1392 1376 1354 1343 1317 1302 1292 1288
    1288 1292 1292 1292 1297 1297 1302 1302 1307 1307 1307 1307 1307
    1307 1307 1307 1312 1312 1312 1312 1312 0 4295 4139 4139 4139 1509
    1509 1496 1483 1464 1410 1392 1376 1349 1333 1322 1302 1297 1288
    1288 1292 1292 1292 1297 1297 1302 1307 1307 1307 1307 1307 1307
    1307 1307 1307 1312 1312 1312 1317 0 0 4190 4089 4089 4089 1509 1509
    1489 1464 1445 1410 1392 1381 1349 1333 1322 1307 1297 1288 1288
    1292 1292 1292 1297 1297 1302 1307 1307 1307 1307 1307 1307 1307
    1307 1307 1312 1312 1312 1317 0 4190 4190 4089 4089 1523 1516 1509
    1489 1458 1439 1410 1392 1370 1349 1333 1322 1307 1297 1288 1288
    1292 1292 1297 1297 1297 1302 1307 1307 1307 1307 1307 1307 1307
    1307 1307 1312 1312 1312 1317 1317 4190 4190 4139 4139 1523 1516
    1503 1483 1458 1439 1410 1387 1370 1354 1328 1317 1302 1297 1288
    1288 1292 1292 1297 1297 1297 1302 1307 1307 1307 1307 1307 1307
    1307 1307 1307 1312 1312 1312 1312 1312 4190 4190 4089 4089 1523
    1516 1496 1483 1458 1439 1410 1387 1365 1354 1328 1317 1302 1292
    1288 1288 1292 1297 1297 1297 1297 1302 1307 1307 1307 1307 1307
    1307 1307 1307 1307 1312 1312 1312 1312 1312 1312 4190 4089 4089
    4089 1509 1496 1483 1458 1445 1404 1381 1365 1354 1333 1312 1297
