<?xml version="1.0"?>
<opencv_storage>
<Depth14729 type_id="opencv-matrix">
  <rows>134</rows>
  <cols>67</cols>
  <dt>w</dt>
  <data>
    4041 4041 3994 3994 1084 1084 1084 1080 1080 1087 1087 1087 4041
    4041 3994 3994 3994 4041 3994 3994 3948 3948 3948 3903 3903 3903
    3859 3859 3859 3859 3859 3859 3859 3859 3859 3859 3859 3859 3816
    3816 3816 3816 3774 3732 3732 3732 3732 3816 3774 3732 3732 3692
    3692 3653 3653 3692 3692 3614 3614 940 940 940 940 943 943 3692 0
    4041 4041 3994 3994 1084 1084 1080 1080 1080 1087 1087 1041 1038
    4041 4041 4041 4041 4041 4041 4041 3948 3948 3948 3948 984 984 3859
    3859 3859 3859 954 954 3903 3903 3859 3816 3816 3859 3816 3816 3859
    3859 3816 3732 3732 3732 910 910 908 908 913 913 3692 3653 3653 3692
    3692 3539 3539 940 940 940 940 943 943 0 3692 4089 4041 4041 3994
    1080 1080 1077 1070 1070 1070 1041 1041 1038 1038 1038 1016 1013
    1013 1010 1010 3994 987 984 984 981 973 970 964 959 959 954 954 951
    946 938 930 930 930 930 3816 3859 915 915 910 910 910 906 906 908
    908 913 913 918 920 923 930 930 938 935 935 940 940 940 943 0 0 943
    4241 4241 4041 3994 1080 1070 1067 1060 1057 1054 1047 1041 1034
    1028 1019 1016 1013 1013 1010 1004 998 984 984 984 981 973 970 964
    959 959 956 951 948 943 935 930 930 925 920 915 913 910 910 903 901
    901 901 906 906 908 913 913 918 920 923 925 928 930 933 935 938 940
    943 943 943 0 0 1087 1080 1080 1070 1070 1067 1060 1057 1054 1050
    1044 1041 1031 1028 1019 1016 1013 1013 1007 1004 998 984 984 984
    978 973 970 964 962 956 954 951 948 943 935 933 930 925 920 915 913
    908 906 901 901 901 901 901 906 908 913 913 918 920 923 925 928 930
    933 935 938 940 943 943 943 0 0 1087 1080 1080 1077 1070 1063 1060
    1057 1054 1050 1044 1041 1031 1028 1022 1019 1016 1013 1007 1001 998
    987 984 984 978 973 970 964 962 956 954 951 948 943 935 930 928 925
    920 915 913 908 903 901 901 898 898 901 903 908 913 913 918 920 923
    925 928 930 933 935 938 943 943 943 943 0 0 1084 1080 1080 1073 1070
    1063 1060 1057 1054 1050 1044 1041 1031 1028 1022 1019 1016 1010
    1007 1001 998 989 984 981 978 973 970 964 962 956 954 951 948 943
    935 930 928 923 920 915 913 908 903 901 901 898 898 901 903 908 913
    915 918 920 923 925 928 930 933 935 938 943 946 946 948 948 0 1080
    1077 1077 1073 1070 1067 1060 1057 1054 1050 1044 1041 1031 1028
    1022 1019 1016 1010 1007 1001 998 989 984 981 978 973 970 964 962
    956 954 951 948 940 935 930 925 923 920 915 913 908 903 901 901 901
    901 901 903 908 913 915 918 920 923 925 930 933 933 935 938 943 946
    946 948 948 0 1080 1077 1077 1073 1070 1067 1063 1057 1054 1050 1044
    1041 1031 1028 1022 1019 1016 1010 1007 1001 998 989 987 981 978 973
    970 964 962 956 954 951 948 940 933 928 925 923 920 915 913 908 903
    901 901 901 901 903 908 908 913 915 920 920 923 925 930 933 933 935
    938 940 943 946 948 951 0 1080 1080 1080 1073 1070 1067 1063 1057
    1054 1050 1044 1041 1031 1028 1022 1019 1016 1010 1007 1001 998 989
    987 981 978 973 970 967 962 959 954 951 948 940 933 928 925 923 920
    915 913 908 903 901 901 903 903 908 908 908 913 915 920 920 923 925
    930 930 933 935 938 940 943 943 943 951 0 1080 1080 1080 1073 1070
    1067 1063 1060 1057 1054 1047 1038 1031 1028 1022 1019 1016 1010
    1007 1001 998 989 987 981 978 973 973 967 962 959 954 951 948 940
    935 930 928 925 920 918 913 908 903 901 901 903 903 908 908 910 913
    915 920 920 923 925 928 930 933 935 938 940 943 943 943 0 0 1080
    1080 1080 1073 1070 1067 1063 1060 1057 1054 1047 1038 1034 1028
    1022 1019 1016 1010 1007 1004 998 992 989 984 981 975 973 964 962
    959 956 951 948 940 935 933 928 925 920 918 913 908 903 903 901 901
    903 906 908 910 913 918 920 920 923 925 928 930 933 935 940 940 943
    943 943 0 0 1087 1084 1084 1080 1073 1070 1067 1060 1057 1054 1050
    1041 1034 1028 1025 1019 1016 1010 1007 1004 998 992 989 984 981 975
    973 964 962 959 956 954 948 940 938 933 930 925 923 918 915 910 903
    903 901 901 901 906 908 910 913 918 920 920 923 925 930 930 933 935
    938 940 943 943 943 0 0 1090 1084 1084 1080 1073 1070 1067 1060 1057
    1054 1050 1041 1038 1031 1025 1019 1016 1010 1007 1004 998 992 989
    984 981 978 973 964 962 959 959 954 946 940 938 933 930 928 923 918
    915 910 903 901 898 898 901 906 908 910 913 918 920 920 923 925 930
    930 933 935 938 940 943 943 943 0 0 1090 1084 1084 1080 1077 1073
    1067 1060 1057 1054 1050 1041 1034 1028 1025 1019 1016 1013 1010
    1004 1001 992 989 984 981 975 973 964 962 962 959 954 946 943 938
    933 930 928 923 918 915 910 903 901 898 898 901 906 910 913 913 918
    920 923 923 925 930 930 933 935 938 940 943 946 948 0 0 1090 1084
    1084 1080 1077 1073 1067 1060 1057 1054 1044 1041 1034 1028 1025
    1019 1019 1013 1010 1004 1001 992 989 984 981 975 973 967 962 962
    959 954 948 943 940 935 930 928 923 918 915 910 903 901 901 901 901
    906 910 910 915 918 920 923 925 928 930 933 933 935 940 940 943 948
    948 0 0 1090 1084 1084 1080 1077 1073 1067 1063 1057 1054 1044 1041
    1034 1031 1025 1022 1019 1016 1010 1004 1001 992 989 984 981 978 975
    970 964 962 959 954 948 943 940 935 930 928 923 920 918 910 903 901
    901 901 901 906 908 910 915 918 920 923 925 930 930 933 935 938 940
    940 943 946 948 948 0 1094 1087 1084 1080 1077 1073 1070 1063 1057
    1054 1044 1041 1034 1031 1028 1022 1019 1016 1010 1007 1001 992 989
    984 981 978 975 970 964 962 959 954 946 943 938 935 930 928 925 920
    918 910 908 903 901 901 901 906 908 910 918 920 920 923 925 930 930
    933 935 938 940 940 943 943 943 943 0 1094 1090 1087 1084 1077 1073
    1070 1063 1057 1054 1044 1041 1038 1031 1028 1022 1019 1016 1013
    1007 1004 998 992 987 984 978 975 970 967 962 959 956 946 940 938
    935 933 928 925 920 918 910 908 903 901 901 901 906 908 910 915 920
    920 923 925 930 933 933 938 940 940 940 943 943 943 943 0 1094 1094
    1087 1084 1077 1073 1070 1063 1057 1054 1044 1041 1038 1034 1028
    1022 1019 1016 1010 1007 1004 1001 992 987 984 978 975 970 967 962
    959 951 946 940 938 935 930 928 925 920 918 913 908 903 901 901 901
    903 908 913 915 920 920 923 925 930 933 933 935 940 940 943 943 946
    943 943 0 1094 1094 1090 1084 1080 1077 1070 1067 1060 1057 1047
    1041 1038 1034 1028 1022 1019 1016 1010 1007 1004 1001 992 987 984
    978 975 970 967 964 959 951 946 940 938 935 930 928 925 920 918 913
    910 903 901 901 901 903 908 915 918 920 920 923 925 930 933 935 935
    940 940 940 943 948 948 948 0 1097 1094 1090 1084 1080 1077 1070
    1067 1060 1054 1047 1041 1038 1034 1031 1022 1019 1016 1013 1007
    1004 1001 992 987 984 978 975 973 967 964 959 951 948 946 940 938
    933 928 925 920 918 913 910 903 901 901 901 901 908 915 918 920 920
    925 925 930 933 935 938 938 940 940 943 948 948 951 0 1094 1094 1090
    1084 1080 1077 1070 1067 1063 1054 1047 1041 1038 1034 1031 1028
    1022 1019 1013 1007 1004 1001 992 987 984 981 975 973 970 964 962
    954 948 946 940 938 935 930 925 920 918 915 910 908 903 901 901 901
    908 915 920 920 923 923 928 930 933 935 938 938 940 940 940 946 951
    951 0 1094 1094 1090 1084 1084 1077 1073 1070 1063 1054 1047 1044
    1041 1038 1031 1028 1022 1019 1013 1007 1004 1001 992 989 987 981
    975 973 970 967 962 954 948 946 940 938 938 930 928 920 918 915 913
    910 906 903 903 903 908 915 920 920 923 923 928 930 933 933 938 940
    940 940 940 946 951 951 0 1090 1094 1090 1087 1084 1077 1073 1070
    1063 1054 1047 1044 1041 1038 1031 1028 1025 1019 1016 1010 1007
    1001 992 989 987 981 975 973 970 967 959 956 951 948 943 940 938 933
    928 923 920 918 915 913 908 906 906 908 910 915 918 920 923 925 928
    930 933 933 938 940 940 940 943 948 951 951 0 1087 1090 1090 1084
    1080 1077 1073 1070 1063 1054 1047 1044 1041 1034 1031 1028 1025
    1019 1016 1010 1007 1001 995 992 989 984 975 973 970 967 959 956 951
