<?xml version="1.0"?>
<opencv_storage>
<Depth7028 type_id="opencv-matrix">
  <rows>35</rows>
  <cols>45</cols>
  <dt>w</dt>
  <data>
    4983 4983 4983 4983 2381 2381 2365 2365 2365 2365 2365 4842 4842
    4911 4842 4842 4842 4774 4774 4708 4708 4708 4708 4708 4708 4708
    4708 4708 4708 4708 4708 4645 4645 4645 4708 4708 4708 4708 4708
    4708 4708 4708 4645 4645 4582 4983 4983 4983 2398 2381 2381 2365
    2365 2365 2365 2365 2365 2365 2365 2365 4842 4842 4842 4774 4774
    4774 4708 4708 4708 4708 4708 4708 4708 4708 4708 4708 4645 4645
    4645 4708 4708 4708 4708 4708 4708 4708 4708 4645 4645 4645 4983
    4983 4983 2398 2398 2381 2381 2381 2365 2365 2365 2365 2365 2365
    2349 2349 2333 2333 2317 2317 4708 4708 4708 4708 4708 4708 4708
    4708 4708 4708 4708 4645 4645 4645 4645 4645 4645 4708 4708 4708
    4708 4708 4708 4708 4708 4983 4983 4983 2415 2398 2381 2381 2381
    2365 2365 2365 2365 2349 2349 2349 2349 2333 2333 2317 2317 2333
    2349 2333 2333 4708 2349 2349 2317 2317 4774 4708 4708 4708 4645
    4645 4645 4645 4708 4708 4708 4708 4774 4708 4708 4708 4983 4983
    4983 2415 2398 2381 2381 2365 2365 2365 2365 2365 2349 2349 2349
    2349 2349 2349 2333 2333 2333 2349 2333 2333 2317 2317 2317 2317
    2317 2301 2301 4708 4708 4708 4708 4708 4708 4708 4708 4708 4708
    4708 4708 4708 4708 4983 4983 4983 2381 2381 2381 2381 2365 2365
    2365 2365 2365 2365 2349 2349 2349 2349 2349 2333 2333 2333 2349
    2333 2333 2317 2317 2317 2317 2317 2301 2301 2317 2301 2301 2301
    2301 4708 4708 4708 4708 4708 4708 4708 4708 4708 5132 5210 5210
    2381 2381 2381 2381 2365 2365 2365 2365 2349 2349 2349 2349 2349
    2349 2349 2333 2333 2333 2333 2333 2333 2317 2317 2317 2317 2317
    2317 2301 2301 2301 2301 2301 2301 2317 4708 4708 4708 4708 4708
    4708 4708 4708 5210 5210 2398 2398 2381 2381 2381 2365 2365 2365
    2349 2349 2349 2349 2349 2349 2349 2349 2349 2333 2333 2333 2333
    2333 2317 2317 2317 2317 2317 2317 2301 2301 2301 2301 2301 2301
    2301 2301 4708 4708 4708 4708 4774 4774 4774 5210 5210 2398 2398
    2381 2381 2381 2365 2365 2365 2349 2349 2349 2349 2349 2349 2349
    2349 2333 2333 2333 2333 2333 2333 2333 2317 2317 2317 2301 2301
    2301 2301 2301 2301 2301 2301 2301 2301 2301 2301 2286 2286 2256
    2256 2256 5210 5210 2398 2398 2381 2381 2381 2381 2365 2365 2349
    2349 2349 2349 2349 2349 2349 2349 2333 2333 2333 2333 2333 2333
    2333 2317 2317 2317 2301 2301 2301 2301 2301 2301 2301 2301 2317
    2301 2301 2301 2286 2286 2256 2256 2256 5132 2398 2398 2398 2381
    2381 2381 2381 2381 2365 2365 2349 2349 2349 2349 2349 2349 2349
    2349 2333 2333 2333 2333 2333 2333 2317 2317 2317 2301 2301 2301
    2301 2301 2301 2301 2301 2317 2317 2301 2301 2286 2286 2271 2271
    2286 5210 2398 2398 2398 2381 2381 2381 2381 2381 2365 2365 2349
    2349 2349 2349 2349 2349 2349 2349 2349 2333 2333 2333 2333 2333
    2317 2317 2301 2301 2301 2301 2301 2301 2301 2301 2301 2317 2301
    2301 2301 2286 2286 2286 2286 2286 5210 2398 2398 2381 2381 2381
    2381 2381 2365 2365 2365 2349 2349 2349 2349 2349 2349 2349 2349
    2349 2333 2333 2333 2333 2317 2317 2317 2301 2301 2301 2301 2301
    2301 2301 2301 2301 2317 2301 2301 2301 2301 2301 2301 2301 2301
    2398 2398 2398 2381 2381 2381 2381 2365 2365 2365 2365 2365 2349
    2349 2349 2349 2349 2349 2349 2349 2333 2333 2333 2333 2317 2317
    2317 2317 2317 2301 2301 2301 2301 2301 2301 2301 2317 2317 2301
    2301 2301 2301 2301 2301 2301 2398 2398 2398 2381 2381 2381 2365
    2365 2365 2365 2365 2365 2365 2349 2349 2349 2349 2349 2349 2349
    2333 2333 2333 2333 2317 2317 2317 2317 2317 2301 2301 2301 2301
    2301 2301 2301 2317 2317 2301 2301 2301 2301 2301 2301 2301 2398
    2398 2398 2381 2381 2381 2365 2365 2365 2365 2365 2365 2365 2349
    2349 2349 2349 2333 2333 2349 2349 2349 2333 2333 2333 2333 2333
    2333 2317 2301 2301 2301 2301 2301 2301 2301 2317 2317 2301 2301
    2301 2301 2301 2301 2301 2398 2398 2398 2398 2398 2381 2381 2365
    2365 2365 2365 2365 2349 2349 2349 2349 2349 2333 2333 2349 2349
    2349 2333 2333 2333 2317 2317 2333 2317 2301 2301 2301 2301 2301
    2301 2301 2317 2317 2301 2301 2301 2301 2301 2301 4708 2398 2398
    2398 2381 2381 2381 2381 2381 2365 2365 2365 2365 2349 2349 2365
    2365 2349 2333 2333 2349 2349 2349 2333 2333 2333 2317 2317 2317
    2317 2317 2301 2301 2301 2301 2301 2301 2317 2317 2317 2301 2301
    2301 2317 2317 2333 2381 2398 2398 2381 2381 2381 2365 2365 2365
    2365 2365 2365 2365 2365 2365 2365 2349 2333 2333 2333 2349 2349
    2333 2333 2333 2333 2317 2317 2317 2317 2301 2301 2301 2301 2301
    2301 2317 2317 2317 2317 2317 2317 2317 2317 2333 2365 2398 2398
    2398 2381 2381 2365 2365 2365 2365 2365 2365 2365 2365 2365 2365
    2349 2349 2333 2333 2333 2333 2333 2333 2333 2317 2317 2317 2317
    2301 2301 2301 2301 2301 2301 2301 2317 2317 2317 2317 2317 2317
    2333 2333 2349 2365 2398 2398 2398 2398 2381 2365 2365 2365 2365
    2365 2365 2365 2365 2365 2365 2349 2349 2349 2349 2333 2333 2333
    2333 2317 2317 2317 2317 2317 2301 2301 2301 2301 2301 2301 2301
    2317 2317 2301 2301 2317 2317 2333 2381 4911 2381 2398 2415 2398
    2398 2381 2365 2365 2365 2365 2365 2365 2365 2365 2365 2365 2349
    2349 2349 2349 2349 2333 2333 2333 2317 2317 2301 2301 2317 2317
    2317 2301 2301 2301 2301 2317 2317 2317 2301 2301 2317 2317 2317
    2317 4911 2398 2398 2398 2398 2381 2381 2381 2365 2365 2365 2365
    2365 2365 2365 2349 2349 2349 2349 2349 2349 2349 2333 2333 2333
    2317 2317 2301 2301 2317 2317 2317 2301 2301 2301 2301 2317 2317
    2317 2301 2301 2317 2317 2317 4842 4842 2398 2398 2398 2398 2381
    2381 2381 2365 2365 2365 2365 2365 2365 2365 2349 2349 2349 2349
    2349 2349 2349 2349 2333 2333 2317 2317 2317 2301 2301 2317 2317
    2317 2301 2301 2301 2317 2317 2317 2301 2301 2317 2301 2301 4842
    4842 2415 2415 2398 2398 2381 2381 2381 2365 2365 2365 2365 2365
    2365 2349 2349 2349 2349 2349 2349 2349 2349 2349 2349 2333 2333
    2317 2317 2301 2301 2317 2317 2317 2301 2301 2301 2317 2317 2301
    2301 2301 2301 2301 2301 2301 4983 2415 2415 2398 2381 2381 2381
    2381 2381 2381 2381 2365 2365 2365 2349 2349 2349 2349 2349 2349
    2349 2349 2349 2349 2333 2333 2333 2317 2317 2317 2317 2317 2317
    2317 2301 2301 2317 2317 2301 2301 2301 2301 2317 2317 2317 4911
    2415 2415 2398 2381 2365 2365 2365 2365 2381 2381 2381 2365 2365
    2349 2349 2349 2349 2349 2349 2349 2349 2349 2349 2333 2333 2333
    2333 2317 2317 2317 2317 2317 2301 2301 2301 2317 2317 2317 2317
    2317 2317 2317 2317 2381 4911 5460 5548 5374 2381 2365 2365 2365
    2365 2365 2365 2365 2365 2365 2349 2349 2349 2349 2349 2349 2349
    2349 2349 2349 2333 2333 2333 2333 2317 2317 2317 2317 2317 2301
    2301 2301 2317 2317 2317 2317 2317 2317 2349 2349 2381 2381 5460
    5460 5374 5291 5210 2381 2349 2349 2365 2365 2365 2365 2365 2365
    2365 2365 2365 2349 2349 2349 2349 2349 2349 2333 2333 2333 2333
    2317 2317 2317 2317 2317 2317 2317 2317 2317 2317 2317 2317 2317
    2333 2381 2381 2381 4983 5460 5460 5460 5374 5374 5374 2349 2349
    5291 5374 5374 5291 2381 2365 2365 2365 2365 2365 2349 2349 2349
    2349 2349 2333 2333 2333 2333 2333 2317 2317 2317 2317 2317 2317
    2317 2317 2317 2301 2301 2301 2349 5132 5132 5132 4983 5460 5374
    5374 5374 5374 5374 5374 5291 5291 5291 5291 5291 5291 2365 2365
    2365 2365 2365 2349 2349 2333 2333 2333 2333 2333 2317 2317 2333
    2317 2317 2317 2317 2317 2317 2317 2317 2317 2301 2286 2286 2286
    5132 5132 5056 5056 5460 5374 5374 5374 5374 5374 5374 5291 5291
    5291 5291 5291 5291 5291 2365 2365 2365 2365 2349 2349 2333 2333
    2333 2333 2317 2317 2317 2333 2317 2317 2317 2317 2317 2317 2333
    2317 2317 2301 2286 2286 2286 5132 5132 5056 5056 5460 5460 5460
    5460 5460 5460 5374 5291 5291 5291 5291 5291 5291 5291 5291 5291
    5291 5291 5291 5291 5291 2333 2333 2333 2317 2317 2333 2333 2333
    2333 2317 2317 2317 2317 2317 2317 2317 2301 2301 2301 2301 5210
