<?xml version="1.0"?>
<opencv_storage>
<Depth4194 type_id="opencv-matrix">
  <rows>8</rows>
  <cols>30</cols>
  <dt>w</dt>
  <data>
    6497 6375 6375 6259 6146 6146 6259 6259 6146 6146 6146 6146 6146
    6375 6259 6259 6146 6146 6146 7492 7492 7492 7492 7492 7492 7492
    7332 7332 7030 7030 6375 6259 6259 6259 6146 6146 6146 6146 6146
    6038 6038 6038 6038 6146 6146 6146 6038 6038 6038 6038 6038 6038
    6146 6146 6146 6038 6038 6038 7030 7030 6375 6259 6259 6259 6146
    6146 6146 6146 6038 6038 6038 6038 6038 6146 6146 6146 6038 6038
    6038 6038 6038 6038 6038 6038 6038 6038 5933 5933 5933 5933 5933
    6038 6146 6146 6146 6146 6146 6146 6038 6038 6038 6038 6146 6146
    6146 6146 6038 6038 6038 6038 6038 6038 6038 6038 6038 6038 5933
    5933 5933 5933 5933 5933 6146 6146 6146 6146 6146 6146 6146 6038
    6038 6146 6146 6146 6146 6146 6146 6146 6146 6038 6038 6038 6038
    6038 6038 6038 6038 6038 5933 5933 5933 5933 6146 6146 6146 6146
    6146 6146 6146 6038 6038 6146 6146 6146 6146 6146 6146 6146 6146
    6038 6038 6038 6038 6038 6038 6038 6038 5933 5933 5933 0 0 0 0 6146
    6146 6146 6146 6259 6259 6259 6375 6259 6146 6146 6146 6146 6259
    6146 6146 6038 6038 6038 6038 6038 5933 5933 5933 5933 5933 0 0 0 0
    0 0 0 0 0 0 0 6497 6497 6146 6146 6146 6038 6038 6259 6146 6038 6038
    5933 5933 5933 5933 5933 5933 5933 5933</data></Depth4194>
</opencv_storage>
