<?xml version="1.0"?>
<opencv_storage>
<Depth7245 type_id="opencv-matrix">
  <rows>76</rows>
  <cols>61</cols>
  <dt>w</dt>
  <data>
    5460 5548 5548 5548 5548 5548 5548 5548 5548 5460 5460 5374 5291
    5291 5291 5291 5291 5291 5291 5291 5210 5210 5210 5132 5132 5056
    5056 5056 4983 4983 4983 4911 4911 4911 4911 4911 1421 4983 4983
    4983 1410 1410 1415 1421 1415 1415 1421 4645 4645 4645 4645 4645
    4645 4645 4582 4582 4522 4522 4522 4522 4522 5460 5548 5548 5548
    5548 5548 5548 5548 5548 5460 5460 5374 5374 5374 5291 5291 5291
    5291 5291 5291 5210 5210 5210 5132 5132 5056 4983 4983 4983 4983
    4983 4983 4911 1427 1427 1421 1421 1421 1415 1415 1410 1410 1415
    1415 1410 1404 1404 1404 1404 4645 4645 4645 4645 4645 4582 4582
    4582 4582 4522 4522 4522 5374 5548 5548 5548 5548 5548 5548 5548
    5548 5548 5460 5460 5460 5374 5291 5291 5291 5291 5291 5210 5210
    5210 5210 5210 5210 5056 4983 4983 5056 1415 1415 1415 1415 1415
    1421 1421 1421 1421 1415 1415 1410 1410 1415 1415 1410 1404 1404
    1404 1410 4645 4645 4645 4645 4645 4582 4582 4645 4582 4522 4522
    4522 5374 5460 5460 5548 5548 5548 5548 5548 5548 5548 5460 5460
    5374 5374 5374 5374 5291 5291 5291 5210 5210 5210 5210 5291 1415
    1404 1404 1404 1404 1404 1415 1415 1415 1415 1421 1421 1421 1415
    1415 1415 1415 1415 1415 1415 1415 1410 1410 1410 1410 4708 4708
    4645 4645 4645 4645 4582 4582 4582 4582 4522 4522 5374 5460 5460
    5548 5548 5548 5548 5548 5548 5548 5460 5374 5374 5374 5374 5374
    5291 5291 5291 5210 1415 1415 1415 1415 1415 1404 1404 1404 1404
    1404 1410 1410 1421 1421 1421 1421 1421 1415 1415 1415 1415 1410
    1410 1415 1415 1410 1410 1410 1410 1410 4582 4582 4582 4645 4645
    4582 4582 4582 4582 4522 4522 5374 5548 5548 5548 5548 5460 5460
    5460 5460 5548 5548 5374 5374 5374 5374 1427 1427 1421 1421 1421
    1415 1415 1415 1415 1415 1410 1410 1404 1404 1404 1410 1410 1421
    1421 1421 1415 1415 1415 1415 1415 1410 1410 1410 1410 1410 1410
    1410 1410 1410 0 4582 4582 4582 4645 4645 4645 4645 4582 4582 4522
    4522 5460 5548 5548 5548 1439 1439 1439 1445 1445 1445 1415 1415
    1421 1427 1421 1421 1421 1421 1421 1421 1415 1415 1415 1415 1415
    1415 1415 1410 1410 1410 1410 1410 1421 1421 1421 1415 1415 1415
    1415 1410 1410 1410 1410 1410 1410 1410 1410 1415 1415 0 4582 4582
    4582 4645 4645 4645 4645 4582 4582 4522 4522 5374 5548 5548 5548
    1433 1427 1427 1433 1433 1427 1415 1415 1421 1421 1421 1421 1421
    1415 1415 1415 1415 1415 1415 1415 1415 1415 1410 1410 1410 1410
    1410 1410 1421 1421 1421 1415 1415 1415 1415 1410 1410 1404 1404
    1404 1404 1404 1410 1415 1415 1410 4645 4645 4645 4645 4645 4645
    4582 4582 4582 4522 4522 5374 5548 1421 1421 1421 1427 1427 1421
    1421 1421 1421 1421 1421 1421 1421 1415 1415 1415 1415 1415 1415
    1415 1415 1415 1415 1415 1410 1410 1410 1410 1410 1410 1415 1415
    1415 1415 1415 1415 1415 1410 1410 1404 1404 1404 1404 1404 1410
    1410 1410 1410 4645 4645 4645 4645 4645 4645 4582 4582 4582 4522
    4522 1421 1421 1421 1421 1421 1421 1421 1421 1421 1421 1421 1421
    1421 1421 1421 1415 1415 1415 1415 1415 1415 1415 1415 1415 1410
    1410 1410 1415 1410 1410 1410 1410 1415 1415 1415 1415 1415 1415
    1415 1415 1404 1404 1410 1404 1404 1410 1410 1404 1404 1404 0 4582
    4582 4582 4582 4582 4582 4522 4522 4522 4522 1433 1421 1421 1421
    1421 1421 1421 1421 1421 1421 1421 1421 1421 1421 1421 1415 1415
    1415 1415 1415 1415 1415 1415 1415 1410 1410 1410 1410 1410 1410
    1410 1410 1415 1415 1415 1415 1415 1415 1415 1415 1404 1404 1404
    1404 1410 1410 1410 1404 1404 1404 0 4522 4522 4522 4582 4582 4582
    4522 4522 4522 4522 1433 1439 1427 1427 1427 1421 1421 1421 1421
    1421 1421 1421 1421 1415 1415 1415 1415 1415 1415 1415 1415 1415
    1415 1415 1415 1415 1410 1410 1410 1410 1410 1410 1415 1415 1415
    1415 1415 1415 1410 1410 1410 1410 1404 1404 1404 1404 1404 1404
    1410 1410 1410 4522 4522 4522 4522 4582 4582 4522 4522 4522 4522
    1433 1439 1433 1427 1421 1421 1421 1421 1421 1421 1421 1421 1421
    1415 1415 1415 1415 1415 1415 1415 1415 1415 1415 1415 1415 1415
    1410 1410 1410 1410 1410 1410 1415 1415 1415 1415 1410 1410 1410
    1410 1410 1410 1410 1410 1404 1404 1404 1404 1410 1410 1410 4522
    4522 4522 4522 4582 4582 4522 4522 4522 4522 1439 1439 1427 1427
    1421 1421 1421 1421 1415 1415 1415 1415 1415 1415 1415 1415 1415
    1415 1415 1415 1415 1415 1415 1415 1410 1410 1410 1410 1404 1404
    1404 1410 1415 1415 1415 1415 1410 1410 1410 1410 1410 1410 1410
    1410 1410 1404 1404 1404 1404 1404 1404 0 4582 4582 4582 4645 4645
    4582 4522 4522 4522 1427 1427 1427 1421 1421 1421 1421 1421 1415
    1415 1415 1415 1415 1415 1415 1415 1415 1415 1415 1415 1415 1415
    1415 1415 1410 1410 1410 1410 1404 1404 1404 1410 1415 1410 1410
    1410 1410 1410 1410 1410 1410 1410 1410 1410 1410 1404 1404 1404
    1404 1392 1392 1392 1392 4645 4645 4645 4645 4582 4522 4522 4522 0
    1421 1421 1421 1421 1421 1421 1421 1421 1421 1415 1415 1415 1415
    1415 1415 1415 1415 1415 1415 1415 1415 1415 1410 1410 1410 1410
    1410 1404 1404 1404 1404 1415 1410 1410 1410 1410 1410 1410 1410
    1410 1410 1410 1410 1410 1404 1404 1404 1404 1392 1392 1392 0 4582
    4582 4582 4582 4582 4522 4522 4522 0 0 1427 1427 1421 1421 1421 1415
    1415 1415 1415 1415 1415 1415 1415 1415 1415 1415 1415 1415 1415
    1410 1410 1410 1410 1410 1410 1410 1404 1404 1404 1404 1410 1404
    1404 1410 1410 1410 1410 1410 1404 1404 1404 1410 1404 1404 1404
    1404 1404 1398 1398 1398 0 4522 4522 4522 4582 4582 4522 4522 4522
    5210 0 1427 0 1427 1421 1421 1415 1415 1415 1415 1415 1415 1415 1415
    1415 1415 1415 1415 1415 1415 1410 1410 1410 1410 1410 1410 1410
    1404 1404 1398 1398 1404 1404 1404 1410 1410 1410 1410 1410 1404
    1404 1404 1410 1404 1404 1404 1404 1404 1398 1398 1398 0 4522 4522
    4522 4582 4582 4522 4522 4522 0 0 0 0 1415 1415 1415 1415 1415 1415
    1415 1415 1415 1415 1415 1415 1415 1415 1415 1415 1415 1410 1410
    1410 1410 1410 1410 1410 1404 1404 1398 1398 1404 1404 1404 1404
    1404 1410 1410 1410 1410 1404 1404 1404 1404 1404 1404 1398 1398
    1398 1398 1404 1404 1404 4582 4582 4582 4582 4582 4522 4522 0 0 0 0
    1415 1415 1415 1415 1415 1415 1415 1415 1415 1415 1415 1415 1415
    1415 1415 1415 1415 1410 1410 1410 1410 1410 1410 1410 1410 1404
    1398 1398 1404 1404 1404 1404 1404 1410 1410 1410 1410 1404 1404
    1404 1404 1404 1404 1398 1398 1398 1398 1398 1398 0 4582 4582 4582
    4582 4522 4522 4522 0 0 0 0 1415 1415 1415 1415 1415 1415 1415 1415
    1415 1415 1415 1415 1415 1415 1415 1415 1415 1410 1410 1415 1415
    1410 1410 1410 1410 1404 1398 1398 1404 1404 1410 1410 1410 1410
    1404 1404 1404 1404 1404 1404 1404 1404 1404 1398 1398 1398 1398
    1398 1398 0 4645 4645 4582 4522 4522 4522 4522 0 0 0 0 1415 1415
    1415 1415 1415 1415 1415 1415 1415 1415 1415 1415 1415 1415 1415
    1415 1415 1410 1410 1410 1410 1410 1410 1410 1404 1404 1404 1404
    1404 1404 1410 1410 1410 1410 1404 1404 1404 1404 1404 1404 1404
    1404 1404 1404 1398 1398 1398 1398 1398 0 4645 4645 4582 4522 4522
    4522 4522 5374 0 0 1427 1427 1421 1415 1415 1415 1415 1415 1415 1415
    1415 1415 1415 1415 1415 1415 1415 1415 1410 1410 1410 1410 1410
    1404 1404 1404 1404 1404 1404 1410 1410 1410 1410 1410 1410 1410
    1404 1404 1404 1404 1404 1404 1404 1398 1398 1398 1398 1398 1398
    1398 0 4645 4645 4522 4522 4522 4522 4522 5374 5460 0 1427 1427 1421
    1415 1415 1415 1415 1410 1410 1410 1415 1415 1415 1415 1415 1415
    1415 1415 1410 1410 1404 1404 1410 1404 1404 1404 1404 1404 1404
    1410 1410 1415 1415 1415 1410 1404 1404 1404 1404 1404 1404 1404
    1404 1398 1398 1398 1398 1398 1404 1404 1398 4522 4522 4522 4522
    4522 4522 4522 5460 5460 0 1421 1421 1421 1421 1415 1415 1415 1410
    1410 1410 1415 1415 1415 1415 1415 1415 1415 1415 1410 1410 1404
    1404 1410 1404 1404 1404 1404 1404 1404 1410 1410 1410 1415 1410
