<?xml version="1.0"?>
<opencv_storage>
<Depth8269 type_id="opencv-matrix">
  <rows>18</rows>
  <cols>10</cols>
  <dt>w</dt>
  <data>
    4983 4911 4911 4911 4983 4983 4911 4911 4983 5132 4983 4911 4911
    4911 4983 4983 4911 4911 4983 5132 4983 4911 4911 4911 4911 4911
    4983 4983 5056 5132 4983 4911 4911 4911 4911 4911 4983 4983 4983
    5132 4983 4983 4911 4911 4911 4911 4911 4983 4983 5132 4983 4983
    4911 4842 4842 4842 4911 4911 5056 5132 4983 4983 4911 4842 4842
    4842 4911 4911 5132 5210 4911 4911 4911 4911 4911 4911 4911 4983
    5132 5132 4911 4911 4911 4911 4983 4983 4983 4983 5132 5132 4983
    4842 4842 4911 4911 4983 4983 4983 5056 5056 5056 4842 4842 4842
    4911 4911 4983 4983 5056 5056 4983 4842 4842 4842 4911 4842 4842
    4911 4983 5056 4983 4911 4842 4842 4911 4842 4842 4911 4911 4983
    4911 4911 4911 4911 4911 4842 4842 4911 4911 4983 4911 4911 4911
    4911 4911 4842 4842 4911 4911 4911 4983 4983 4983 4911 4911 4911
    4911 4911 4911 4911 4983 4983 4983 4983 4983 4911 4911 4911 4911
    4983 5056 5056 5056 4983 4983 4983 4983 4983 4983 4983</data></Depth8269>
</opencv_storage>
