<?xml version="1.0"?>
<opencv_storage>
<Depth9937 type_id="opencv-matrix">
  <rows>43</rows>
  <cols>83</cols>
  <dt>w</dt>
  <data>
    1705 1705 1705 1705 1705 1696 1688 1688 1696 1696 1696 1696 1696
    1696 1696 1688 1688 1696 1696 1688 1688 1680 1671 1671 1680 1680
    1680 1680 1680 1680 1680 1680 1680 1671 1663 1663 1663 1663 3300
    3238 3208 3208 3208 3208 3238 3238 3238 3238 3238 3238 1647 1647
    3208 3238 1632 1632 1632 3238 3238 3238 3208 3208 3208 3178 3178
    3149 3120 3092 3092 3064 3064 3064 3037 3037 3064 3064 3092 3120
    3120 3120 3092 3092 3092 1696 1696 1696 1696 1696 1688 1680 1680
    1688 1688 1688 1688 1688 1688 1688 1688 1688 1680 1680 1680 1680
    1680 1671 1671 1680 1680 1680 1680 1671 1671 1671 1671 1680 1663
    1663 1663 1655 1647 1647 1647 1655 1655 1655 1655 1655 1655 1655
    1655 1655 1655 1647 1639 1639 1632 1632 1632 1624 1624 1624 3269
    3238 3208 3208 3208 3178 3149 3120 3092 3092 3064 3064 3064 3037
    3037 3064 3064 3092 3120 3120 3120 3092 3092 3092 1680 1680 1688
    1688 1688 1688 1680 1680 1688 1688 1688 1688 1688 1688 1688 1680
    1680 1671 1663 1663 1663 1663 1671 1671 1671 1671 1671 1671 1663
    1663 1663 1663 1655 1655 1655 1655 1655 1647 1647 1647 1647 1647
    1647 1647 1655 1655 1655 1647 1639 1639 1639 1632 1632 1632 1632
    1632 1624 1624 1624 1624 3238 3238 3208 3208 3178 3149 3120 3092
    3092 3092 3092 3092 3064 3064 3092 3092 3092 3120 3120 3120 3120
    3092 3092 1671 1671 1671 1680 1680 1680 1680 1680 1688 1688 1680
    1680 1680 1680 1680 1680 1671 1671 1663 1663 1663 1663 1663 1655
    1655 1655 1655 1655 1655 1655 1655 1663 1647 1647 1647 1647 1647
    1639 1639 1647 1639 1639 1639 1647 1647 1647 1647 1639 1639 1632
    1632 1632 1632 1632 1624 1624 1624 1624 1624 1624 3208 3208 3208
    3208 3208 3178 3149 3120 3092 3092 3092 3092 3064 3064 3092 3092
    3120 3120 3120 3120 3120 3092 3092 1663 1663 1671 1671 1680 1680
    1680 1680 1680 1680 1680 1680 1680 1680 1680 1671 1671 1663 1663
    1663 1663 1663 1655 1647 1647 1655 1655 1655 1655 1655 1647 1647
    1647 1639 1639 1639 1639 1639 1632 1632 1632 1632 1632 1639 1639
    1639 1632 1632 1632 1632 1632 1632 1624 1624 1624 1624 1624 1624
    1624 1624 3208 3208 3208 3208 3208 3178 3149 3120 3120 3120 3120
    3092 3092 3092 3092 3092 3120 3149 3149 3149 3149 3092 3092 1663
    1663 1671 1671 1671 1671 1671 1671 1680 1680 1680 1680 1680 1671
    1671 1671 1663 1663 1663 1663 1655 1655 1647 1647 1647 1647 1655
    1655 1655 1647 1647 1639 1639 1639 1639 1632 1632 1632 1632 1632
    1632 1632 1624 1624 1632 1632 1632 1624 1624 1624 1632 1632 1624
    1624 1616 1616 1616 1624 1624 1624 3208 3208 3208 3208 3208 3178
    3178 3149 3120 3120 3120 3092 3092 3092 3120 3120 3149 3149 3178
    3178 3178 3149 3149 1671 1671 1671 1671 1671 1671 1671 1671 1680
    1680 1671 1671 1671 1671 1663 1663 1663 1663 1663 1663 1655 1647
    1639 1639 1639 1647 1647 1647 1647 1647 1639 1639 1639 1639 1632
    1624 1624 1632 1632 1624 1624 1624 1624 1624 1632 1632 1624 1624
    1624 1624 1624 1624 1624 1624 1609 1609 1609 1609 1609 1616 1616
    3208 3208 3238 3238 3208 3178 3149 3120 3092 3092 3092 3092 3092
    3092 3092 3120 3178 3208 3208 3208 3178 3178 0 1671 1671 1671 1671
    1671 1671 1671 1671 1671 1663 1663 1663 1663 1655 1655 1655 1655
    1655 1655 1655 1647 1639 1639 1639 1647 1647 1647 1647 1639 1639
    1632 1632 1632 1624 1624 1624 1624 1624 1624 1624 1624 1616 1616
    1624 1624 1624 1624 1624 1616 1616 1616 1624 1616 1609 1609 1601
    1601 1609 1609 1609 3208 3208 3238 3238 3208 3178 3149 3120 3092
    3092 3064 3064 1572 1564 1564 3120 3178 3208 3208 3208 3178 3178 0 0
    1671 1663 1663 1655 1655 1655 1663 1663 1663 1663 1655 1655 1647
    1647 1647 1647 1647 1655 1647 1647 1639 1639 1639 1639 1639 1639
    1639 1639 1632 1632 1632 1624 1624 1616 1616 1616 1616 1624 1624
    1616 1609 1609 1616 1616 1616 1616 1616 1609 1601 1601 1601 1601
    1601 1601 1601 1601 1601 1601 1609 1609 3238 3238 3208 3178 3120
    3120 3120 3092 3092 1557 1557 1572 1564 1564 1557 1557 1557 3238
    3178 3178 3178 0 0 1655 1647 1647 1647 1647 1647 1655 1655 1655 1655
    1647 1647 1639 1632 1624 1624 1632 1647 1639 1632 1632 1632 1632
    1632 1632 1632 1624 1624 1624 1624 1624 1616 1616 1616 1616 1616
    1616 1616 1616 1616 1609 1609 1609 1609 1609 1609 1609 1601 1601
    1601 1601 1601 1601 1601 1601 1594 1594 1586 1586 1586 3238 3208
    3208 3178 3120 3120 3120 3120 1557 1557 1557 1572 1572 1564 1557
    1557 1557 1564 3178 3178 3178 0 1647 1647 1647 1639 1639 1647 1647
    1655 1655 1655 1655 1647 1639 1639 1632 1624 1624 1624 1624 1624
    1632 1632 1624 1624 1624 1632 1624 1624 1624 1624 1624 1616 1616
    1609 1609 1609 1609 1609 1609 1609 1609 1601 1601 1609 1609 1609
    1609 1601 1601 1594 1594 1594 1594 1594 1594 1594 1586 1579 1579
    1579 1579 3238 3208 3208 3178 3178 3178 3178 1564 1564 1564 1564
    1564 1564 1564 1557 1557 1557 1564 1564 3178 3178 0 1647 1647 1639
    1639 1639 1639 1639 1647 1647 1647 1647 1647 1639 1632 1624 1624
    1624 1624 1624 1624 1624 1624 1624 1624 1624 1624 1624 1624 1624
    1624 1616 1616 1616 1609 1609 1609 1609 1609 1601 1601 1601 1594
    1594 1601 1601 1601 1601 1601 1594 1594 1594 1594 1594 1594 1586
    1586 1572 1572 1572 1564 1564 1572 3208 3208 3208 3208 1579 1579
    1586 1601 1601 1572 1564 1564 1564 1557 1557 1557 1557 1557 3208
    3208 0 1647 1647 1639 1639 1639 1639 1639 1647 1647 1647 1647 1639
    1632 1632 1624 1624 1624 1624 1624 1624 1624 1624 1624 1616 1616
    1616 1616 1616 1616 1616 1616 1616 1609 1601 1601 1601 1601 1594
    1594 1586 1586 1594 1594 1601 1594 1594 1594 1594 1594 1594 1594
    1594 1586 1586 1586 1579 1572 1572 1572 1564 1564 1572 1572 1572
    1594 1594 1579 1579 1586 1601 1594 1564 1557 1557 1557 1550 1550
    1550 1550 1550 3208 3208 0 1647 1639 1639 1639 1639 1639 1639 1639
    1639 1639 1639 1639 1632 1632 1624 1624 1616 1616 1624 1624 1624
    1624 1616 1616 1616 1616 1616 1616 1616 1616 1609 1609 1609 1594
    1594 1594 1594 1586 1586 1586 1586 1586 1586 1594 1594 1594 1594
    1594 1594 1586 1586 1586 1586 1579 1579 1572 1572 1572 1572 1564
    1564 1572 1572 1572 1594 1594 1579 1579 1586 1601 1594 1564 1550
    1543 1543 1543 1543 1543 1543 1550 1550 3269 0 1639 1632 1632 1632
    1632 1632 1632 1624 1624 1632 1632 1632 1632 1624 1624 1616 1616
    1616 1616 1616 1616 1616 1616 1616 1609 1609 1609 1609 1601 1601
    1601 1601 1601 1594 1594 1594 1586 1586 1586 1586 1586 1586 1586
    1594 1594 1594 1594 1594 1586 1579 1579 1579 1579 1572 1572 1572
    1572 1572 1572 1572 1572 1572 1579 1586 1594 1594 1624 1616 1616
    1609 1601 1564 1543 1536 1536 1536 1536 1543 1543 1550 1543 1543
    1639 1632 1624 1624 1616 1616 1616 1624 1624 1624 1624 1632 1632
    1632 1624 1624 1616 1616 1616 1616 1616 1616 1609 1609 1609 1609
    1609 1601 1594 1594 1594 1594 1594 1594 1594 1586 1586 1586 1579
    1579 1579 1579 1586 1586 1594 1594 1594 1586 1586 1579 1579 1572
    1572 1572 1572 1572 1564 1564 1564 1572 1572 1564 1564 1572 1586
    1594 1594 1624 1616 1616 1616 1601 1564 1543 1536 1536 1536 1536
    1536 1536 1543 1543 1536 1639 1632 1616 1616 1616 1616 1616 1616
    1616 1616 1624 1624 1632 1624 1624 1616 1609 1609 1609 1609 1609
    1601 1594 1594 1594 1594 1594 1594 1594 1594 1586 1586 1594 1594
    1586 1586 1586 1586 1579 1579 1572 1572 1572 1579 1586 1586 1586
    1586 1579 1579 1572 1572 1572 1572 1572 1564 1564 1564 1564 1564
    1564 1557 1557 1564 1564 1564 1647 1647 1624 1624 1609 1594 1572
    1550 1543 1536 1536 1536 1536 1529 1529 1529 1523 1647 1632 1616
    1616 1609 1609 1609 1616 1616 1616 1616 1616 1616 1616 1616 1609
    1609 1609 1609 1601 1594 1594 1594 1586 1586 1594 1594 1594 1586
    1586 1586 1586 1579 1579 1586 1586 1579 1579 1572 1572 1564 1564
    1564 1564 1572 1579 1572 1572 1572 1572 1564 1564 1564 1564 1564
    1564 1557 1557 1564 1557 1557 1550 1550 1564 1564 0 1647 1647 1632
