<?xml version="1.0"?>
<opencv_storage>
<Depth1689 type_id="opencv-matrix">
  <rows>76</rows>
  <cols>52</cols>
  <dt>w</dt>
  <data>
    3503 3503 3468 3468 3468 3433 3399 3399 3365 3365 3365 3365 3365
    3365 3333 3333 3300 3300 3300 3269 3269 3269 3238 3238 3238 3238
    3238 3238 3238 3238 3208 3178 3178 1268 1268 1268 3092 3120 3120
    1278 1278 3120 1322 1322 1322 1322 1322 2984 2984 2984 2984 2984
    3503 3503 3468 3468 3468 3433 3433 3399 3399 3399 3365 3365 3365
    3365 3365 3333 3333 3300 3269 3269 3269 3269 3269 3269 1292 1288
    1288 1283 1278 1278 3208 1264 1259 1259 1259 1259 1268 1273 1283
    1278 1278 1292 1312 1317 1317 1317 1322 1322 2984 2984 2984 2984
    3503 3503 3468 3433 3433 3433 3433 3399 3399 3399 3365 3365 3365
    3365 3365 3333 3333 3333 3269 1317 1312 1312 1307 1297 1292 1288
    1288 1283 1278 1273 1273 1264 1259 1259 1259 1259 1268 1273 1283
    1288 1288 1292 1302 1312 1312 1317 1322 1328 1328 2984 2984 2984
    3503 3503 3468 3399 3399 3399 3399 3399 3399 3399 3365 3365 3365
    1359 1349 1349 1328 1322 1322 1317 1312 1312 1307 1297 1292 1288
    1288 1283 1273 1273 1268 1268 1264 1264 1259 1259 1264 1273 1283
    1288 1288 1292 1302 1302 1307 1317 1322 1322 1322 1322 3010 3010
    3468 3468 3468 3399 3399 3399 3399 3399 3399 3399 1365 1354 1349
    1349 1343 1338 1328 1322 1322 1317 1312 1312 1307 1302 1292 1288
    1288 1283 1273 1273 1268 1264 1264 1259 1259 1259 1264 1273 1278
    1288 1288 1292 1297 1297 1307 1312 1322 1322 1322 0 3010 3010 3468
    3468 3468 3399 3365 1398 1398 1398 1398 1370 1354 1354 1349 1349
    1343 1338 1328 1328 1322 1317 1312 1312 1307 1302 1292 1288 1288
    1283 1273 1273 1273 1264 1264 1259 1259 1259 1264 1273 1278 1288
    1292 1292 1297 1297 1302 1312 1322 1322 1322 0 3010 3010 3503 3503
    3399 3399 3365 1392 1392 1381 1376 1370 1354 1354 1349 1343 1343
    1333 1328 1328 1322 1317 1312 1312 1307 1302 1292 1288 1288 1283
    1278 1273 1268 1264 1264 1264 1264 1264 1268 1268 1278 1288 1292
    1292 1297 1297 1302 1307 1322 1322 1322 0 3010 3010 1415 1410 1404
    1398 1392 1387 1387 1376 1376 1370 1354 1354 1349 1343 1338 1333
    1328 1328 1328 1322 1317 1312 1307 1302 1292 1288 1288 1283 1278
    1273 1268 1264 1264 1264 1264 1264 1268 1268 1278 1288 1292 1297
    1297 1297 1302 1307 1317 1322 0 0 0 2984 1415 1410 1404 1398 1392
    1381 1381 1376 1376 1370 1354 1354 1349 1343 1338 1333 1328 1328
    1328 1328 1322 1312 1307 1302 1292 1288 1288 1283 1278 1273 1268
    1264 1264 1264 1264 1268 1268 1273 1278 1283 1292 1297 1297 1297
    1302 1307 1317 1322 1322 0 2984 2984 1415 1410 1404 1398 1392 1381
    1381 1376 1376 1370 1354 1354 1349 1349 1343 1333 1333 1328 1328
    1328 1322 1312 1307 1302 1292 1288 1288 1283 1273 1268 1268 1264
    1264 1259 1259 1264 1268 1273 1278 1283 1288 1297 1297 1302 1302
    1307 1317 1322 1322 0 3010 3010 1415 1410 1410 1398 1392 1387 1387
    1376 1376 1370 1370 1354 1354 1349 1343 1338 1333 1328 1328 1328
    1322 1317 1312 1307 1292 1288 1288 1278 1273 1268 1268 1264 1264
    1259 1259 1264 1268 1273 1278 1278 1288 1297 1297 1302 1302 1312
    1317 1322 1322 0 3010 3010 1410 1410 1410 1398 1392 1392 1387 1376
    1376 1370 1370 1354 1354 1349 1343 1338 1333 1328 1328 1322 1317
    1317 1312 1307 1292 1288 1288 1278 1273 1268 1268 1264 1264 1259
    1259 1264 1268 1273 1278 1278 1283 1297 1297 1302 1307 1312 1317
    1322 1322 1328 2984 2984 1421 1410 1404 1398 1392 1392 1387 1376
    1376 1370 1370 1365 1354 1349 1343 1338 1333 1328 1328 1322 1317
    1312 1307 1307 1292 1288 1288 1278 1273 1273 1268 1268 1264 1259
    1259 1264 1268 1273 1278 1278 1283 1297 1297 1302 1307 1312 1317
    1322 1328 1328 2984 2984 1415 1404 1404 1398 1392 1392 1387 1376
    1376 1370 1365 1365 1354 1349 1343 1338 1333 1328 1328 1322 1312
    1312 1307 1307 1292 1292 1288 1283 1278 1273 1268 1268 1264 1259
    1259 1259 1268 1268 1278 1283 1288 1297 1297 1302 1302 1312 1317
    1322 1328 1328 2984 2984 1415 1404 1404 1398 1392 1392 1387 1376
    1376 1370 1365 1354 1354 1349 1343 1333 1333 1328 1328 1322 1312
    1312 1307 1307 1292 1292 1288 1283 1278 1273 1268 1268 1264 1255
    1255 1259 1264 1268 1273 1278 1288 1292 1297 1297 1302 1312 1317
    1322 1328 1328 2984 2984 1415 1404 1404 1398 1392 1392 1387 1381
    1376 1370 1365 1354 1354 1349 1343 1333 1333 1328 1328 1322 1317
    1312 1307 1307 1302 1292 1288 1288 1278 1278 1273 1268 1264 1255
    1255 1259 1264 1268 1273 1278 1288 1292 1292 1297 1302 1312 1322
    1322 1328 1328 2984 2984 1415 1404 1404 1398 1398 1392 1387 1381
    1376 1370 1365 1365 1354 1349 1343 1333 1333 1328 1328 1322 1317
    1312 1312 1307 1302 1292 1288 1288 1278 1278 1273 1268 1264 1259
    1259 1259 1264 1268 1273 1283 1288 1292 1292 1297 1307 1307 1322
    1322 1322 1322 3010 3010 1415 1404 1404 1398 1392 1392 1387 1376
    1376 1370 1370 1365 1354 1349 1343 1338 1333 1328 1328 1322 1317
    1312 1312 1307 1302 1292 1288 1288 1283 1278 1273 1268 1264 1259
    1259 1259 1264 1268 1273 1283 1288 1292 1297 1297 1302 1307 1317
    1322 1322 1322 2984 2984 1421 1410 1404 1398 1392 1387 1381 1376
    1376 1370 1370 1365 1354 1349 1349 1343 1338 1333 1328 1322 1317
    1312 1312 1307 1302 1292 1288 1288 1283 1278 1273 1268 1264 1259
    1259 1259 1264 1268 1273 1283 1288 1292 1297 1297 1302 1307 1317
    1317 1317 2984 2984 2984 1415 1410 1404 1398 1392 1387 1381 1376
    1376 1370 1370 1370 1354 1349 1349 1343 1338 1333 1328 1322 1317
    1312 1312 1307 1297 1292 1288 1288 1283 1278 1273 1268 1264 1259
    1259 1259 1264 1268 1273 1283 1288 1292 1297 1297 1302 1307 1312
    1317 1317 1317 2984 2984 1404 1404 1404 1398 1392 1392 1387 1381
    1376 1370 1370 1370 1354 1349 1349 1343 1338 1333 1328 1328 1317
    1312 1312 1307 1297 1292 1288 1283 1278 1273 1273 1268 1264 1264
    1259 1259 1264 1268 1273 1283 1292 1292 1297 1297 1302 1307 1312
    1317 1317 1317 2984 2984 1404 1398 1398 1398 1398 1392 1387 1381
    1376 1370 1370 1370 1359 1349 1349 1343 1333 1333 1328 1328 1322
    1312 1312 1307 1297 1292 1288 1283 1278 1273 1268 1268 1268 1264
    1264 1264 1264 1268 1273 1288 1292 1292 1297 1302 1302 1307 1312
    1317 1317 1317 3010 3010 1404 1398 1398 1398 1398 1392 1392 1381
    1376 1370 1370 1359 1354 1349 1349 1343 1333 1333 1328 1328 1322
    1317 1312 1307 1297 1292 1288 1288 1278 1273 1268 1268 1268 1264
    1264 1264 1264 1268 1273 1288 1292 1292 1292 1297 1302 1307 1312
    1317 1317 1317 3037 3010 1415 1404 1404 1398 1398 1398 1392 1387
    1376 1370 1370 1359 1354 1349 1349 1343 1338 1333 1333 1328 1322
    1317 1312 1307 1297 1292 1292 1288 1278 1273 1273 1268 1268 1264
    1264 1264 1268 1273 1278 1288 1288 1292 1292 1297 1307 1307 1312
    1317 1317 3010 3010 3010 1433 1415 1410 1404 1398 1398 1392 1387
    1376 1376 1376 1359 1354 1349 1349 1349 1343 1333 1333 1328 1322
    1317 1312 1307 1297 1292 1292 1288 1278 1273 1273 1268 1268 1264
    1264 1264 1264 1273 1283 1288 1288 1292 1292 1297 1302 1307 1312
    1312 1312 3010 3010 3010 1433 1415 1404 1404 1398 1398 1392 1387
    1381 1376 1370 1359 1354 1354 1349 1349 1343 1338 1333 1328 1322
    1317 1312 1302 1297 1292 1292 1288 1283 1278 1273 1268 1268 1264
    1264 1264 1264 1268 1283 1288 1288 1292 1292 1292 1302 1307 1312
    1312 1312 3010 3010 3010 1427 1415 1404 1398 1398 1392 1392 1387
    1381 1376 1370 1359 1354 1354 1349 1349 1343 1338 1333 1322 1317
    1312 1312 1302 1292 1292 1292 1288 1283 1278 1273 1268 1268 1264
    1259 1259 1264 1268 1278 1283 1288 1288 1288 1292 1302 1307 1307
    1307 1307 3010 3010 3010 1427 1415 1410 1398 1398 1392 1392 1387
    1381 1376 1370 1359 1354 1354 1349 1349 1343 1338 1333 1322 1317
    1312 1312 1302 1292 1292 1292 1288 1288 1278 1273 1273 1268 1264
    1259 1259 1264 1264 1273 1283 1288 1288 1288 1292 1302 1307 1307
    1307 1312 1312 3010 3010 1421 1415 1410 1404 1398 1392 1392 1387
    1376 1376 1370 1365 1354 1354 1349 1349 1338 1333 1333 1328 1322
