<?xml version="1.0"?>
<opencv_storage>
<Depth10635 type_id="opencv-matrix">
  <rows>86</rows>
  <cols>64</cols>
  <dt>w</dt>
  <data>
    3903 3903 3903 3948 3948 3948 3948 3948 3948 3948 3948 3994 3994
    3994 3994 3994 3994 3903 3859 3859 3859 1503 1503 1503 1503 1503
    1503 1496 1496 1503 1550 1550 1550 4089 4089 4089 4089 4139 4139
    4139 4139 4139 4190 4190 4190 4190 4190 4190 4190 4241 4241 4241
    4295 4295 4295 4295 4295 4349 3269 3269 3269 3238 3238 3208 3859
    3903 3903 3948 3948 3948 3948 3948 3948 3903 3903 3994 3994 3994
    3994 3994 3994 3903 3859 3859 3859 1503 1503 1503 1503 1503 1496
    1496 1496 1503 1503 1536 1543 1543 4139 4139 4139 4139 4139 4139
    4139 4190 4190 4190 4190 4190 4190 4190 4190 4241 4241 4241 4295
    4295 4349 4349 4349 4349 3269 3269 3238 3238 3238 3208 3859 3903
    3903 3948 3948 3948 3948 3948 3948 3903 3903 3994 3994 3994 3994
    3994 3994 3903 3859 3859 3859 1503 1503 1503 1503 1503 1496 1496
    1496 1496 1496 1503 1516 1523 1529 1529 4139 4139 4139 4139 4190
    4139 4139 4139 4190 4190 4190 4190 4241 4241 4241 4241 4295 4349
    4349 4349 4349 4349 3269 3269 3238 3208 3208 3208 3859 3903 3903
    3948 3948 3948 3948 3948 3948 3903 3903 3994 3994 3994 3994 3994
    3994 3903 3903 3903 3903 1509 1509 1503 1496 1496 1496 1496 1496
    1496 1496 1496 1503 1503 1509 1516 1516 1523 4139 4139 4190 4139
    4139 4139 4190 4190 4190 4241 4241 4241 4241 4295 4349 4349 4349
    4349 4349 4405 3269 3238 3208 3208 3208 3208 3859 3903 3903 3948
    3948 3948 3948 3948 3948 3948 3948 3994 3994 3994 3994 3994 3994
    3994 3994 3994 1516 1503 1503 1503 1496 1496 1496 1496 1496 1496
    1496 1496 1496 1496 1503 1503 1509 1516 1516 1458 1458 1458 4139
    4139 4190 4241 4241 4241 4241 4241 4241 4295 4349 4349 4405 4349
    4349 4405 4349 3238 3208 3178 3178 3178 3903 3903 3903 3948 3948
    3948 3948 3948 3948 3948 3948 3994 3994 3994 3994 3994 3994 4041
    4041 1523 1516 1516 1503 1503 1496 1496 1496 1496 1496 1496 1496
    1496 1496 1496 1496 1496 1496 1503 1503 1458 1458 1458 1458 1496
    4241 4241 4241 4241 4241 4241 4241 4295 4349 4405 4405 4405 4405
    4405 4349 3238 3208 3178 3178 3178 3903 3948 3948 3948 3948 3948
    3948 3948 3994 3948 3948 3994 3994 3994 3994 3994 4041 4041 1529
    1523 1523 1516 1503 1496 1496 1496 1496 1496 1496 1496 1496 1496
    1496 1496 1496 1496 1496 1496 1496 1496 1489 1489 1496 1496 1503
    1503 1523 4241 4241 4241 4241 4295 4349 4405 4405 4405 4405 4405
    4405 3269 3238 3178 3178 3178 3948 3948 3948 3948 3948 3948 3948
    3948 3948 3948 3948 3994 3994 3994 4041 4041 4041 4041 1529 1529
    1523 1509 1503 1496 1496 1496 1496 1496 1496 1496 1496 1496 1496
    1496 1496 1496 1496 1496 1496 1496 1496 1496 1496 1496 1496 1516
    1523 1523 4241 4241 4241 4522 4463 4405 4405 4405 4405 4405 4405
    4405 4405 3178 3178 3149 3948 3948 3948 3948 3948 3948 3948 3948
    3948 3948 3948 3994 3994 3994 4041 4041 4041 4089 4089 1529 1523
    1509 1503 1503 1496 1496 1496 1496 1496 1496 1496 1496 1496 1496
    1496 1496 1496 1496 1496 1496 1496 1496 1496 1496 1496 1503 1503
    1516 1516 1509 1509 4405 4405 4405 4349 4349 4349 4405 4405 4405
    4405 3178 3178 3149 3948 3948 3948 3948 3948 3948 3948 3948 3948
    3948 3994 3994 3994 3994 3994 4041 4041 4089 4089 1523 1523 1509
    1503 1503 1496 1496 1496 1496 1496 1496 1496 1496 1496 1496 1496
    1496 1496 1496 1496 1496 1496 1496 1496 1496 1496 1496 1503 1503
    1509 1509 1509 1509 1509 4349 4349 4349 4349 4405 4405 4463 4463
    3149 3149 3120 3948 3948 3948 3948 3948 3948 3948 3948 3948 3948
    3994 3994 3994 3994 3994 4041 4041 1523 1523 1516 1509 1509 1503
    1503 1503 1496 1496 1496 1496 1496 1496 1496 1496 1496 1496 1496
    1496 1496 1496 1496 1496 1496 1496 1496 1496 1496 1496 1496 1503
    1503 1503 1509 1509 1509 1509 1509 1509 1509 1503 3120 3149 3149
    3149 3120 3948 3948 3948 3948 3948 3948 3948 3948 3994 3994 3994
    4041 3994 3903 3903 3903 3903 1516 1516 1516 1509 1503 1503 1503
    1503 1496 1496 1496 1496 1496 1496 1496 1496 1496 1496 1496 1496
    1496 1496 1496 1496 1496 1496 1496 1496 1496 1496 1496 1503 1503
    1503 1503 1503 1503 1509 1509 1509 1503 0 3120 3120 3120 3120 3092
    3948 3948 3948 3948 3948 3948 3948 3948 3994 3994 3994 4041 3994
    3816 3816 3816 0 1516 1516 1509 1503 1503 1503 1503 1496 1496 1496
    1496 1496 1496 1496 1496 1496 1496 1496 1496 1496 1496 1496 1496
    1496 1496 1496 1496 1496 1496 1496 1496 1503 1503 1503 1503 1503
    1503 1503 1503 1503 1503 1503 3120 3120 3120 3120 3092 3948 3948
    3948 3948 3948 3948 3948 3948 3994 3994 3994 4041 3994 3816 3816
    3816 1509 1509 1509 1509 1503 1503 1503 1503 1496 1496 1496 1496
    1496 1496 1496 1496 1496 1496 1496 1496 1496 1496 1496 1496 1496
    1496 1496 1496 1496 1496 1496 1496 1503 1503 1503 1496 1496 1496
    1503 1503 1503 1503 1503 1503 1503 3120 3120 3092 3948 3948 3948
    3948 3948 3948 3948 3948 3948 3948 3994 4041 3948 3948 3948 3948
    1509 1509 1509 1509 1503 1503 1503 1496 1496 1496 1496 1496 1496
    1496 1496 1496 1496 1496 1496 1496 1496 1496 1496 1496 1496 1496
    1496 1496 1496 1496 1496 1496 1503 1503 1503 1496 1496 1496 1496
    1503 1503 1503 1503 1503 1496 1496 3149 3120 3948 3948 3948 3948
    3948 3948 3948 3948 3948 3948 3994 4041 3948 3948 3948 1516 1503
    1503 1503 1503 1503 1503 1503 1496 1496 1496 1496 1496 1496 1496
    1496 1496 1496 1496 1496 1496 1503 1496 1496 1496 1496 1496 1496
    1496 1496 1496 1496 1496 1503 1503 1503 1503 1496 1496 1496 1503
    1503 1503 1503 1503 1496 1496 1496 1496 3948 3948 3948 3948 3948
    3948 3948 3948 3948 3948 3994 4041 4041 4041 1536 1516 1516 1503
    1503 1503 1503 1503 1503 1496 1496 1496 1496 1496 1496 1496 1496
    1496 1496 1496 1496 1496 1503 1496 1496 1496 1496 1496 1489 1489
    1496 1496 1496 1496 1503 1503 1503 1503 1503 1503 1503 1503 1496
    1496 1503 1503 1496 1496 1496 1503 3948 3948 3948 3948 3948 3948
    3948 3948 3948 3948 3994 4089 4089 0 1536 1536 1516 1503 1503 1503
    1503 1503 1503 1496 1496 1496 1496 1496 1496 1496 1496 1496 1496
    1496 1496 1496 1496 1496 1496 1496 1496 1489 1489 1489 1496 1496
    1496 1496 1503 1503 1503 1503 1503 1503 1503 1503 1496 1496 1496
    1503 1496 1496 1496 1503 3948 3948 3948 3948 3948 3948 3948 3948
    3948 3948 3994 4139 4139 1564 1564 1536 1516 1503 1503 1503 1503
    1503 1503 1496 1496 1496 1496 1496 1503 1503 1503 1496 1496 1496
    1496 1496 1496 1496 1496 1496 1496 1489 1489 1489 1496 1496 1496
    1496 1503 1503 1503 1503 1503 1503 1503 1503 1496 1496 1496 1503
    1503 1503 1496 1496 3948 3948 3948 3948 3948 3948 3948 3948 3948
    3948 3994 4190 0 1543 1543 1529 1523 1509 1503 1503 1503 1503 1503
    1496 1496 1496 1496 1496 1503 1503 1503 1496 1496 1496 1496 1496
    1496 1496 1496 1496 1496 1496 1496 1496 1496 1503 1496 1496 1503
    1503 1503 1503 1503 1503 1503 1503 1503 1503 1503 1503 1503 1503
    1496 1496 3994 3948 3948 3948 3948 3948 3948 3948 3948 3994 3994
    3994 3994 1529 1529 1523 1516 1509 1503 1503 1503 1503 1503 1503
    1503 1496 1496 1496 1503 1503 1503 1496 1496 1496 1496 1496 1496
    1496 1496 1496 1496 1496 1496 1496 1496 1496 1503 1503 1503 1503
    1503 1503 1503 1503 1503 1503 1503 1503 1503 1503 1503 1503 1496
    1496 3994 3994 3994 3994 3994 3994 3994 3994 3994 3994 3994 3994
    1543 1529 1529 1523 1516 1509 1503 1503 1503 1503 1503 1503 1503
    1496 1496 1503 1503 1503 1503 1496 1496 1496 1496 1496 1496 1496
    1496 1496 1496 1496 1496 1496 1496 1496 1503 1503 1503 1503 1503
    1503 1503 1503 1503 1503 1503 1503 1496 1496 1503 1503 1503 1503
    3948 3994 3994 3994 3994 3994 3994 3994 3948 3948 3994 3994 1543
    1543 1523 1516 1509 1503 1503 1503 1503 1503 1503 1503 1503 1503
    1503 1503 1503 1503 1503 1496 1496 1496 1496 1496 1496 1503 1496
    1496 1496 1496 1496 1496 1503 1503 1503 1503 1509 1503 1503 1503
    1503 1503 1503 1503 1503 1503 1496 1496 1503 1503 1503 1503 3948
