<?xml version="1.0"?>
<opencv_storage>
<Depth9426 type_id="opencv-matrix">
  <rows>107</rows>
  <cols>66</cols>
  <dt>w</dt>
  <data>
    4241 4241 4190 4190 4190 4190 4241 4241 1197 1193 1189 1189 1157
    1138 1138 1138 1138 1138 1149 1173 4139 4139 4139 4190 4190 4190
    4139 4089 4041 4041 4041 4041 4041 4041 4041 4041 4041 4041 4041
    3994 3994 3994 4041 4089 4089 4041 4041 4041 4089 4041 4041 4041
    4041 4041 4041 4041 4041 4041 3994 3948 3948 3994 3948 3948 3903
    3903 4295 0 4295 1210 0 1210 1210 1210 1185 1181 1177 1157 1145 1138
    1138 1138 1138 1138 1149 1173 1189 1189 1189 1181 1181 1181 1181
    4089 4041 4041 4041 4041 4041 4041 4089 4041 4041 4041 4041 3994
    3994 3994 4041 4089 4089 4041 4041 4089 4089 4041 4041 4041 4041
    4041 4041 4041 4041 4041 3994 3948 3948 3994 3948 3903 3903 3903 0
    4241 0 0 0 1210 1206 1197 1185 1173 1165 1130 1130 1130 1130 1134
    1134 1134 1145 1138 1138 1181 1138 1138 1138 1138 1138 1138 1134
    1134 1134 1130 1130 1130 4041 4041 4041 4041 3994 3994 3994 3994
    4041 4089 4089 4089 4089 4139 4089 4041 4041 4041 4041 4041 4041
    4041 4041 4041 4089 4089 3994 3994 3948 3903 3903 3903 0 0 0 0 0
    1210 1202 1197 1177 1169 1134 1126 1126 1126 1126 1126 1126 1126
    1126 1130 1130 1134 1134 1134 1134 1134 1134 1138 1134 1134 1134
    1130 1130 1130 1138 1138 1138 3994 3994 3994 3994 3994 4041 4041
    4708 4708 4708 4708 1149 4041 4041 4041 4041 4041 4041 4041 4041
    4041 1157 3948 3948 3948 3948 3903 3903 3948 0 0 0 0 0 1206 1202
    1193 1177 1145 1134 1126 1126 1123 1123 1123 1123 1123 1123 1126
    1126 1130 1134 1134 1134 1130 1130 1134 1134 1130 1130 1134 1130
    1130 1134 1134 1138 1141 1145 1153 1153 1157 1157 1157 1157 4708
    4708 4708 1149 1145 1145 1153 1157 1157 1157 1157 0 1157 0 0 0 3948
    3948 3903 3903 3948 0 0 0 0 0 1206 1202 1193 1181 1145 1134 1126
    1126 1123 1123 1123 1123 1123 1123 1126 1126 1126 1130 1130 1130
    1130 1130 1134 1134 1130 1130 1130 1134 1134 1134 1134 1134 1141
    1141 1145 1145 1149 1149 1149 1153 1153 1153 1153 1149 1145 1145
    1153 1157 1157 1157 1157 1157 1157 1157 1157 1157 1157 3948 3948
    3948 3948 0 0 0 0 0 1206 1202 1189 1173 1165 1134 1126 1126 1123
    1123 1126 1126 1126 1126 1126 1123 1123 1130 1130 1130 1130 1130
    1134 1134 1134 1130 1130 1134 1134 1134 1134 1134 1141 1141 1145
    1145 1145 1145 1145 1149 1149 1149 1149 1149 1145 1145 1153 1153
    1153 1153 1153 1157 1157 1157 1157 1157 1157 1157 1157 1157 4041 0 0
    0 0 0 1206 1202 1189 1173 1145 1134 1126 1126 1126 1126 1126 1126
    1126 1126 1126 1123 1123 1130 1130 1130 1130 1130 1134 1134 1134
    1134 1134 1134 1134 1134 1134 1134 1141 1141 1141 1145 1145 1145
    1145 1149 1149 1149 1149 1149 1149 1149 1149 1149 1149 1149 1149
    1153 1157 1157 1153 1153 1157 1157 1157 1157 1157 0 0 0 0 1223 1206
    1202 1185 1173 1145 1134 1126 1126 1130 1130 1130 1130 1130 1130
    1126 1126 1126 1130 1130 1130 1130 1134 1134 1134 1134 1134 1134
    1134 1134 1134 1138 1138 1141 1141 1141 1141 1141 1145 1145 1149
    1149 1149 1149 1149 1149 1149 1149 1149 1149 1149 1149 1153 1153
    1157 1153 1153 1157 1153 1153 1153 1153 0 0 0 0 1223 1206 1197 1181
    1169 1145 1134 1130 1130 1130 1130 1130 1130 1130 1130 1130 1130
    1130 1130 1130 1134 1134 1134 1134 1134 1134 1134 1134 1134 1138
    1138 1138 1138 1141 1141 1141 1141 1141 1145 1145 1149 1149 1149
    1153 1149 1149 1149 1153 1149 1149 1153 1153 1153 1153 1157 1157
    1157 1157 1153 1149 1149 1153 0 0 0 1227 1219 1206 1193 1181 1165
    1141 1134 1130 1130 1130 1130 1130 1130 1130 1130 1134 1130 1130
    1130 1130 1134 1134 1134 1134 1134 1134 1134 1138 1138 1138 1138
    1138 1138 1141 1145 1145 1141 1141 1145 1145 1149 1149 1149 1153
    1149 1149 1149 1153 1153 1153 1153 1153 1153 1153 1157 1157 1157
    1157 1153 1149 1149 1149 0 0 0 1227 1214 1206 1193 1181 1165 1141
    1134 1130 1130 1130 1130 1130 1130 1130 1130 1134 1134 1134 1134
    1134 1134 1134 1134 1134 1134 1134 1138 1138 1138 1138 1138 1138
    1138 1145 1145 1145 1145 1145 1145 1149 1149 1149 1149 1153 1153
    1153 1153 1153 1153 1153 1153 1153 1153 1153 1153 1153 1157 1157
    1153 1149 1149 1149 0 0 0 0 1214 1206 1197 1181 1145 1138 1134 1130
    1130 1130 1130 1130 1130 1130 1130 1134 1134 1134 1134 1134 1134
    1134 1134 1134 1134 1138 1138 1138 1138 1138 1138 1138 1141 1145
    1145 1145 1145 1145 1145 1149 1153 1153 1153 1153 1153 1153 1153
    1153 1153 1153 1153 1153 1153 1153 1153 1153 1157 1157 1157 1153
    1153 1153 0 0 0 0 1206 1206 1197 1185 1145 1138 1134 1130 1130 1130
    1130 1134 1134 1130 1130 1134 1134 1134 1134 1134 1134 1134 1134
    1134 1134 1138 1138 1141 1138 1138 1138 1138 1141 1145 1145 1145
    1145 1145 1149 1153 1153 1153 1153 1153 1153 1153 1153 1153 1153
    1153 1153 1157 1157 1157 1157 1157 1157 1157 1157 1153 1153 1153 0 0
    0 0 1206 1206 1202 1185 1145 1138 1134 1134 1130 1130 1134 1134 1134
    1134 1134 1134 1134 1134 1134 1134 1134 1134 1134 1134 1134 1138
    1138 1138 1138 1138 1138 1141 1141 1145 1145 1145 1145 1145 1149
    1149 1153 1153 1153 1153 1153 1153 1153 1153 1153 1153 1153 1157
    1157 1157 1157 1157 1157 1157 1157 1157 1157 1157 0 0 0 0 1197 1197
    1185 1181 1141 1138 1134 1134 1134 1134 1130 1130 1134 1134 1134
    1134 1134 1134 1134 1138 1134 1134 1134 1138 1138 1138 1138 1138
    1138 1141 1141 1141 1141 1145 1145 1145 1145 1145 1149 1149 1153
    1153 1153 1153 1153 1153 1153 1153 1153 1153 1157 1157 1157 1157
    1157 1157 1157 1157 1161 1161 1161 0 0 0 0 0 1197 1197 1185 1177
    1141 1138 1130 1130 1130 1130 1130 1130 1134 1134 1134 1134 1134
    1134 1134 1134 1134 1134 1134 1138 1138 1138 1138 1138 1138 1141
    1141 1141 1141 1145 1145 1145 1145 1149 1149 1149 1153 1153 1153
    1153 1153 1153 1153 1153 1157 1157 1157 1157 1157 1157 1157 1157
    1157 1161 1161 1165 1165 0 0 0 0 0 0 1193 1181 1177 1141 1138 1130
    1130 1130 1130 1130 1134 1134 1134 1134 1134 1134 1134 1134 1134
    1134 1138 1138 1138 1138 1138 1138 1138 1141 1141 1145 1145 1145
    1149 1149 1149 1149 1149 1149 1149 1153 1153 1153 1153 1153 1157
    1157 1157 1157 1157 1157 1157 1161 1157 1157 1157 1157 1157 1161
    1161 1161 0 0 0 0 0 0 1193 1181 1173 1141 1134 1130 1130 1130 1130
    1134 1134 1134 1134 1134 1134 1134 1134 1138 1138 1138 1138 1138
    1138 1138 1138 1138 1138 1145 1145 1145 1145 1145 1149 1149 1149
    1149 1149 1149 1149 1153 1153 1153 1153 1153 1157 1157 1157 1157
    1157 1157 1161 1161 1157 1157 1157 1157 1157 1157 1157 1157 0 0 0 0
    0 1206 1193 1181 1169 1138 1134 1130 1130 1134 1134 1134 1134 1134
    1134 1134 1134 1134 1134 1138 1138 1138 1138 1138 1138 1138 1138
    1141 1141 1145 1145 1145 1149 1149 1149 1149 1149 1149 1149 1149
    1153 1153 1153 1153 1153 1153 1157 1157 1157 1157 1157 1157 1157
    1157 1161 1157 1157 1157 1157 1157 1157 1157 0 0 0 0 0 1206 1197
    1177 1169 1138 1134 1134 1134 1134 1134 1134 1134 1134 1134 1134
    1134 1134 1134 1138 1138 1138 1138 1138 1138 1138 1138 1141 1141
    1145 1145 1145 1149 1149 1149 1149 1149 1149 1149 1149 1153 1153
    1153 1153 1153 1153 1153 1157 1157 1157 1157 1157 1157 1157 1161
    1157 1157 1157 1157 1157 1157 1157 0 0 0 0 1219 1206 1202 1177 1169
    1138 1134 1134 1134 1134 1134 1134 1134 1134 1134 1134 1134 1138
    1138 1138 1138 1138 1138 1138 1138 1138 1138 1141 1141 1145 1145
    1145 1145 1145 1149 1149 1149 1153 1153 1153 1153 1153 1153 1153
    1153 1153 1153 1157 1157 1157 1157 1157 1157 1157 1161 1161 1157
    1157 1157 1157 1157 1157 3903 0 0 0 1219 1206 1202 1181 1169 1141
    1134 1134 1134 1134 1134 1134 1138 1138 1138 1138 1138 1138 1138
    1138 1138 1138 1138 1138 1138 1138 1138 1141 1141 1145 1145 1145
    1145 1145 1149 1149 1149 1153 1153 1153 1153 1153 1153 1153 1153
    1157 1157 1157 1157 1157 1157 1157 1157 1157 1161 1161 1161 1157
    1157 1157 1161 1161 3903 0 0 0 0 1210 1202 1185 1169 1141 1138 1134
    1134 1134 1134 1138 1138 1138 1138 1138 1138 1138 1138 1138 1138
