<?xml version="1.0"?>
<opencv_storage>
<Depth10093 type_id="opencv-matrix">
  <rows>82</rows>
  <cols>54</cols>
  <dt>w</dt>
  <data>
    3208 3208 3238 3238 3238 3208 3208 3208 3208 3208 3208 3238 3269
    3269 1197 1193 1193 1197 3269 3269 3269 0 0 0 1297 1297 1297 1292
    1292 1292 3333 3333 3300 3300 3300 3300 3300 3333 3399 3433 3433
    3399 3399 3365 3365 3365 3365 3365 3399 3399 3399 3433 3433 3433
    3208 3208 3269 3238 3238 3238 3208 3208 3208 3238 3269 3269 3269
    3269 1197 1189 1189 3269 3269 3269 1219 1219 0 0 0 1297 1297 1292
    1292 1292 3300 3300 3300 3300 3300 3300 3300 3333 3399 3399 3399
    3399 3365 3365 3365 3365 3365 3365 3399 3399 3399 3433 3433 3433
    3208 3208 3238 3238 3238 3269 3269 3269 3269 3269 3269 3269 3269
    1210 1197 1189 1189 3269 3269 1219 1219 1219 1227 1236 0 0 1236 1245
    3269 3269 3269 3269 3300 3300 3300 3300 3333 3333 3399 3399 3399
    3399 3365 3365 3365 3365 3365 3365 3399 3399 3399 3433 3433 3433
    3208 3208 3238 3208 3208 3208 3208 3208 3269 3269 3269 1214 1210
    1210 1206 1202 1202 1206 1206 1210 1210 1219 1227 1236 1236 1236
    1236 1245 1250 3269 3269 3269 3300 3300 3300 3300 3333 3333 3399
    3399 3399 3399 3399 3365 3365 3365 3399 3399 3399 3399 3399 3433
    3433 3433 3238 3238 3238 3208 3208 3208 3208 3208 1232 1219 1214
    1214 1210 1210 1210 1210 1206 1206 1206 1206 1206 1214 1223 1227
    1227 1236 1241 1245 1250 1250 3300 3300 3300 3300 3333 1354 1354
    3333 3365 3333 3333 3399 3399 3365 3365 3399 3399 3399 3399 3399
    3433 3433 3433 3433 3208 3208 3208 3208 3178 3178 3269 1227 1227
    1219 1214 1214 1210 1210 1210 1210 1206 1206 1206 1206 1206 1214
    1219 1227 1227 1236 1241 1245 1250 1259 1259 3333 3300 3300 1343
    1343 1343 1349 3365 3333 3333 3399 3399 3399 3399 3399 3433 3433
    3433 3433 3433 3433 3433 3433 3208 3208 1245 1241 1236 1236 1227
    1227 1227 1223 1219 1219 1214 1214 1214 1210 1206 1206 1206 1206
    1206 1210 1219 1223 1227 1236 1241 1245 1255 1259 1259 1259 1302
    1302 1302 1322 1333 1338 1338 3399 3399 3399 3433 3433 3433 3433
    3433 3433 3433 3433 3433 3433 3399 3399 1245 1241 1241 1241 1236
    1236 1227 1227 1223 1223 1219 1219 1214 1214 1214 1210 1210 1206
    1206 1206 1206 1210 1219 1223 1227 1236 1241 1250 1255 1264 1268
    1273 1283 1297 1297 1317 1328 1333 1343 1343 3433 3433 3433 3433
    3433 3399 3399 3433 3433 3433 3433 3399 3399 3399 1241 1241 1241
    1241 1241 1236 1232 1227 1223 1223 1219 1219 1214 1214 1214 1210
    1210 1206 1206 1206 1206 1210 1219 1223 1227 1236 1245 1250 1255
    1259 1268 1273 1283 1297 1297 1312 1322 1333 1343 1349 1359 1359
    1376 1381 3399 3399 3399 3433 3433 3433 3399 3399 3399 3399 1241
    1241 1241 1241 1241 1236 1232 1227 1223 1223 1223 1219 1219 1214
    1214 1210 1210 1206 1206 1206 1206 1210 1219 1223 1227 1236 1245
    1255 1255 1259 1264 1278 1283 1297 1297 1312 1317 1328 1343 1349
    1359 1359 1376 1381 1387 3399 3399 3433 3433 3433 3399 3399 3399
    3399 0 1241 1241 1241 1236 1236 1232 1232 1227 1223 1223 1219 1219
    1214 1210 1210 1206 1206 1206 1206 1206 1210 1219 1223 1227 1236
    1241 1250 1255 1259 1264 1278 1283 1292 1297 1307 1317 1322 1343
    1343 1359 1359 1376 1376 1381 1381 1421 1421 1427 3433 3399 3399
    3399 3399 0 1241 1241 1241 1236 1236 1232 1232 1227 1223 1219 1219
    1214 1214 1210 1206 1206 1206 1206 1206 1206 1206 1214 1223 1227
    1232 1236 1245 1255 1259 1264 1273 1283 1292 1307 1307 1312 1322
    1338 1338 1354 1359 1376 1376 1381 1387 1404 1415 1427 1427 1427
    3399 3399 3399 0 1241 1241 1241 1236 1236 1232 1227 1223 1219 1219
    1219 1214 1210 1206 1206 1206 1202 1202 1202 1206 1206 1210 1223
    1227 1232 1236 1245 1250 1259 1264 1273 1283 1292 1302 1302 1307
    1322 1338 1338 1354 1359 1376 1376 1381 1387 1398 1410 1421 1421
    1421 3399 3399 3399 0 1241 1241 1236 1236 1236 1232 1227 1223 1219
    1219 1219 1214 1210 1206 1206 1202 1202 1202 1202 1206 1206 1210
    1219 1232 1232 1236 1245 1250 1259 1264 1273 1283 1292 1302 1302
    1307 1322 1333 1343 1359 1359 1370 1376 1381 1387 1398 1410 1415
    1421 1421 3365 3365 3365 0 1241 1241 1236 1236 1232 1232 1223 1223
    1223 1219 1219 1214 1210 1206 1206 1202 1202 1202 1206 1206 1206
    1210 1219 1232 1232 1236 1245 1245 1255 1264 1273 1283 1292 1302
    1302 1317 1322 1333 1338 1354 1359 1365 1370 1381 1387 1398 1410
    1410 1415 1415 3365 3365 3365 0 1245 1241 1241 1236 1232 1227 1223
    1223 1223 1219 1219 1214 1210 1206 1206 1202 1202 1202 1202 1206
    1206 1210 1223 1232 1232 1236 1245 1245 1255 1264 1273 1283 1292
    1302 1302 1317 1322 1333 1338 1349 1354 1365 1370 1376 1387 1392
    1404 1404 1410 1410 3399 3399 3399 0 1245 1241 1236 1232 1227 1227
    1227 1223 1223 1219 1219 1219 1214 1206 1206 1202 1202 1202 1202
    1206 1206 1210 1219 1227 1232 1236 1245 1245 1255 1264 1273 1278
    1292 1302 1302 1312 1322 1333 1338 1343 1354 1359 1365 1376 1387
    1392 1404 1404 1404 1404 3433 3433 3399 0 1241 1241 1236 1232 1227
    1227 1227 1223 1223 1223 1219 1219 1214 1206 1206 1202 1202 1202
    1202 1202 1206 1206 1219 1227 1227 1241 1245 1245 1255 1264 1273
    1278 1292 1302 1302 1312 1322 1328 1338 1343 1354 1359 1365 1370
    1387 1392 1404 1404 1404 1404 3433 3433 3433 0 1241 1241 1236 1236
    1232 1227 1227 1223 1223 1219 1219 1219 1210 1206 1206 1202 1202
    1202 1202 1202 1202 1206 1214 1223 1223 1241 1245 1245 1255 1259
    1273 1278 1292 1302 1302 1312 1322 1328 1338 1343 1354 1359 1365
    1370 1381 1392 1398 1404 1404 1404 1404 3433 3433 0 1236 1236 1236
    1236 1232 1227 1227 1223 1223 1219 1219 1214 1210 1206 1206 1202
    1202 1202 1202 1202 1202 1206 1214 1219 1223 1236 1245 1245 1255
    1255 1268 1278 1292 1302 1302 1312 1322 1333 1338 1343 1354 1359
    1365 1370 1381 1392 1398 1404 1404 1404 1404 3399 3399 0 1236 1236
    1236 1236 1236 1227 1223 1223 1223 1219 1219 1214 1206 1206 1206
    1202 1202 1202 1202 1202 1202 1206 1214 1219 1223 1236 1245 1245
    1250 1255 1268 1278 1292 1302 1302 1312 1317 1328 1338 1343 1354
    1359 1365 1370 1381 1392 1398 1404 1404 1404 1404 3399 3399 0 1236
    1236 1236 1236 1236 1227 1223 1223 1223 1219 1214 1214 1206 1206
    1206 1202 1202 1202 1202 1202 1202 1206 1210 1219 1223 1236 1245
    1245 1250 1259 1264 1278 1288 1302 1302 1307 1317 1328 1338 1343
    1354 1359 1365 1365 1381 1387 1398 1404 1410 1410 1410 3365 3365 0
    1236 1236 1236 1236 1227 1227 1223 1223 1223 1219 1214 1214 1206
    1206 1202 1202 1202 1197 1197 1202 1202 1206 1210 1219 1227 1236
    1245 1245 1250 1259 1264 1273 1283 1297 1302 1307 1317 1322 1338
    1343 1349 1359 1365 1365 1381 1387 1392 1404 1410 1410 1410 3333
    3333 0 1236 1236 1236 1236 1227 1227 1223 1223 1223 1219 1214 1214
    1206 1206 1202 1202 1202 1197 1197 1202 1202 1206 1210 1219 1227
    1236 1241 1245 1245 1264 1268 1273 1283 1297 1302 1307 1317 1322
    1338 1343 1349 1354 1365 1370 1376 1387 1392 1398 1404 1410 1410
    3333 3333 0 1236 1236 1236 1236 1227 1223 1223 1223 1219 1219 1214
    1214 1206 1206 1206 1202 1202 1197 1197 1197 1202 1202 1210 1219
    1227 1236 1241 1245 1245 1264 1268 1273 1283 1297 1302 1307 1317
    1322 1333 1343 1349 1354 1365 1370 1376 1381 1387 1392 1404 1410
    1410 3300 3300 0 1236 1236 1236 1232 1223 1223 1219 1219 1219 1219
    1214 1214 1206 1206 1206 1202 1202 1197 1197 1197 1202 1202 1206
    1214 1227 1232 1236 1241 1245 1259 1264 1273 1283 1297 1302 1302
    1312 1322 1333 1338 1343 1354 1365 1370 1376 1381 1387 1392 1404
    1404 3300 3300 3300 0 1236 1236 1236 1227 1223 1223 1219 1219 1219
    1219 1214 1210 1206 1206 1206 1202 1202 1202 1197 1197 1197 1202
    1206 1214 1227 1232 1236 1241 1250 1259 1264 1273 1283 1292 1297
    1302 1307 1322 1333 1338 1343 1354 1365 1370 1376 1381 1387 1392
    1404 1404 3365 3365 3365 0 1236 1236 1236 1227 1223 1223 1219 1219
    1219 1214 1214 1210 1206 1206 1202 1202 1202 1197 1197 1197 1197
    1202 1206 1219 1227 1232 1236 1245 1250 1259 1264 1273 1278 1292
