<?xml version="1.0"?>
<opencv_storage>
<Depth9428 type_id="opencv-matrix">
  <rows>105</rows>
  <cols>65</cols>
  <dt>w</dt>
  <data>
    4241 4241 0 0 0 0 0 0 4241 4241 1161 1153 1145 1145 1141 1141 1141
    1193 1193 1193 1193 1197 1210 1202 1197 1197 4041 4041 4041 4089
    4089 4041 4041 4041 4041 4041 4041 4041 4041 3994 3994 3994 3994
    4041 4089 4089 4041 4041 4041 4041 4041 4041 4041 4041 4041 4041
    4041 3994 3994 3903 3903 3903 3948 3903 3903 4241 0 0 0 0 0 0 0 0 0
    1145 1145 1141 1141 1141 1138 1138 1141 1141 1193 1193 1202 1214
    1177 1177 1197 1197 4089 4089 1153 1153 4041 1206 1206 1197 1197
    4041 4041 3994 3994 3994 3994 3994 4041 4089 4089 4041 4041 4089
    4041 3994 3994 4041 4041 4041 4041 4041 4041 4041 3903 3903 3903
    3903 3903 3903 0 0 0 0 0 0 0 0 0 0 1141 1141 1141 1141 1138 1138
    1138 1141 1141 1141 1138 1138 1138 1149 1153 1153 1153 1149 1138
    1138 1138 1138 1206 1197 1185 1157 1157 4041 3994 3994 3948 3948
    3994 4089 4089 4089 4089 4089 3994 3994 3994 3994 3994 3994 1157
    1157 1157 3903 3903 3903 3903 3903 3903 3903 3903 4241 0 0 0 0 0 0 0
    0 1149 1141 1141 1138 1138 1138 1138 1138 1141 1141 1138 1138 1138
    1138 1145 1149 1149 1149 1149 1145 1138 1138 1138 1138 1138 1149
    1153 1149 1149 1149 1149 1149 1153 1157 1157 1157 1157 1157 1157
    1157 1157 1157 1157 1157 1157 0 0 0 0 0 3903 3903 3903 3903 3903
    3903 4241 0 0 0 0 0 0 0 1153 1149 1141 1138 1138 1138 1138 1138 1138
    1141 1141 1138 1138 1138 1138 1138 1145 1145 1145 1145 1145 1141
    1138 1138 1138 1138 1145 1149 1149 1149 1149 1149 1149 1153 1153
    1153 1157 1157 1157 1157 1157 1157 1157 1157 1157 1157 1157 1157
    1157 1165 1157 1153 3948 3948 3948 3903 3903 4295 0 0 0 0 0 0 0 1153
    1149 1141 1138 1138 1138 1138 1138 1138 1141 1141 1138 1138 1138
    1138 1138 1141 1141 1141 1141 1145 1141 1141 1138 1138 1141 1145
    1145 1149 1149 1153 1153 1153 1153 1153 1153 1153 1149 1149 1153
    1153 1153 1157 1157 1157 1157 1157 1157 1157 1165 1157 1153 1153
    1153 1153 3948 3948 4295 0 0 0 0 0 0 0 1173 1149 1141 1138 1138 1138
    1141 1141 1141 1141 1141 1141 1141 1138 1138 1141 1141 1141 1141
    1141 1145 1141 1141 1141 1141 1141 1145 1145 1145 1149 1153 1153
    1153 1153 1153 1153 1153 1149 1149 1153 1153 1153 1153 1153 1157
    1157 1157 1157 1157 1157 1157 1153 1153 1153 1153 1153 1153 0 0 0 0
    0 0 0 0 1161 1145 1145 1141 1141 1141 1138 1138 1141 1141 1141 1141
    1141 1141 1141 1141 1141 1141 1141 1141 1145 1145 1145 1145 1141
    1141 1145 1145 1145 1149 1153 1153 1153 1153 1153 1153 1153 1153
    1153 1153 1153 1153 1153 1153 1153 1157 1157 1157 1157 1157 1157
    1157 1157 1157 1153 1153 1153 0 0 0 0 0 0 0 0 1161 1141 1141 1141
    1141 1141 1138 1138 1141 1141 1141 1141 1141 1141 1141 1141 1141
    1141 1141 1141 1141 1145 1145 1145 1145 1145 1145 1145 1145 1149
    1153 1153 1153 1153 1153 1153 1153 1153 1153 1153 1153 1153 1153
    1153 1153 1153 1153 1157 1157 1157 1157 1157 1157 1153 1153 1153
    1153 0 0 0 0 0 0 0 0 1161 1141 1138 1138 1138 1138 1138 1138 1138
    1141 1141 1141 1141 1141 1141 1141 1141 1141 1141 1141 1141 1145
    1145 1145 1145 1145 1145 1145 1145 1149 1153 1153 1153 1153 1153
    1153 1153 1153 1153 1153 1153 1153 1153 1153 1153 1153 1153 1157
    1157 1157 1157 1157 1157 1153 1153 1153 1153 0 0 0 0 0 0 0 1181 1181
    1138 1138 1138 1138 1138 1138 1138 1138 1141 1141 1141 1141 1141
    1141 1145 1145 1145 1141 1141 1141 1141 1145 1149 1149 1145 1145
    1149 1149 1149 1153 1153 1153 1153 1153 1153 1153 1153 1153 1153
    1153 1153 1153 1157 1157 1157 1157 1157 1157 1157 1157 1157 1157
    1157 1157 1153 1153 0 0 0 0 0 0 0 1181 1169 1138 1138 1138 1138 1138
    1138 1138 1141 1141 1141 1141 1141 1141 1141 1145 1145 1145 1145
    1141 1141 1141 1149 1149 1149 1145 1145 1149 1149 1149 1153 1149
    1149 1153 1153 1153 1157 1153 1153 1153 1153 1153 1157 1157 1157
    1157 1157 1157 1157 1157 1157 1157 1157 1157 1157 1157 1157 0 0 0 0
    0 0 0 1189 1157 1141 1138 1138 1138 1138 1138 1141 1141 1141 1141
    1141 1141 1145 1145 1145 1145 1145 1145 1145 1145 1145 1149 1149
    1149 1145 1145 1149 1149 1149 1153 1149 1149 1153 1153 1153 1153
    1153 1153 1153 1153 1153 1157 1157 1157 1157 1157 1157 1157 1157
    1157 1157 1157 1157 1157 1157 1157 0 0 0 0 0 0 0 1157 1153 1141 1141
    1141 1138 1138 1138 1141 1141 1141 1145 1145 1145 1145 1145 1145
    1149 1145 1145 1145 1149 1149 1149 1149 1149 1149 1149 1149 1149
    1149 1153 1153 1153 1153 1153 1153 1153 1153 1157 1157 1157 1157
    1157 1157 1157 1157 1157 1157 1157 1157 1157 1157 1157 1157 1157
    1157 1157 0 0 0 0 0 0 0 1157 1153 1141 1141 1141 1141 1141 1141 1141
    1141 1141 1145 1145 1145 1145 1145 1149 1149 1145 1145 1145 1149
    1149 1149 1149 1149 1149 1149 1149 1149 1149 1153 1153 1153 1153
    1153 1153 1153 1153 1157 1157 1157 1157 1157 1157 1157 1157 1157
    1157 1157 1157 1157 1153 1153 1157 1157 1157 1157 0 0 0 0 0 0 0 1157
    1149 1145 1145 1145 1145 1141 1141 1141 1141 1141 1145 1145 1149
    1145 1145 1145 1145 1145 1145 1149 1149 1145 1145 1149 1149 1149
    1149 1149 1153 1153 1153 1153 1153 1153 1153 1153 1153 1153 1157
    1157 1157 1157 1157 1157 1157 1157 1157 1157 1157 1157 1157 1153
    1153 1157 1157 1157 1157 0 0 0 0 0 0 0 1161 1145 1141 1141 1145 1145
    1145 1145 1145 1145 1145 1145 1145 1145 1145 1145 1145 1145 1145
    1149 1149 1149 1145 1145 1149 1149 1153 1149 1149 1153 1153 1153
    1153 1153 1153 1153 1153 1153 1153 1157 1157 1157 1157 1157 1161
    1157 1157 1157 1157 1157 1157 1157 1153 1153 1157 1157 1157 1157 0 0
    0 0 0 0 0 0 1145 1141 1141 1145 1145 1149 1145 1145 1145 1145 1145
    1145 1145 1145 1145 1145 1145 1145 1145 1145 1149 1149 1149 1149
    1149 1153 1153 1153 1153 1153 1153 1153 1153 1153 1153 1153 1157
    1157 1157 1157 1157 1157 1157 1157 1157 1157 1157 1157 1157 1157
    1157 1157 1157 1157 1157 1161 1161 0 0 0 0 0 0 0 0 1145 1141 1141
    1145 1145 1149 1145 1145 1145 1145 1145 1145 1145 1145 1145 1145
    1149 1145 1145 1145 1149 1149 1149 1149 1149 1153 1153 1153 1153
    1153 1153 1153 1153 1153 1153 1153 1157 1157 1157 1157 1157 1157
    1157 1157 1157 1157 1157 1157 1157 1157 1157 1157 1157 1157 1161
    1165 1165 0 0 0 0 0 0 1161 1161 1145 1145 1145 1145 1145 1149 1145
    1145 1145 1145 1145 1145 1145 1149 1149 1149 1149 1145 1145 1145
    1149 1149 1149 1149 1149 1153 1153 1153 1153 1153 1153 1153 1153
    1157 1157 1157 1157 1157 1157 1157 1157 1157 1157 1157 1157 1157
    1157 1157 1157 1157 1157 1157 1157 1157 1161 1161 0 0 0 0 0 0 0 1161
    1161 1153 1145 1145 1145 1145 1149 1149 1149 1149 1149 1149 1149
    1149 1149 1149 1149 1149 1149 1145 1145 1149 1149 1149 1149 1153
    1153 1153 1153 1153 1153 1153 1153 1157 1157 1157 1157 1157 1157
    1157 1157 1157 1157 1157 1157 1157 1157 1157 1157 1157 1157 1157
    1157 1157 1157 1161 1161 0 0 0 0 0 0 0 1169 1165 1157 1149 1149 1145
    1145 1149 1149 1149 1149 1149 1149 1149 1149 1149 1149 1149 1149
    1149 1149 1149 1149 1149 1149 1149 1153 1153 1153 1153 1153 1153
    1157 1157 1157 1157 1157 1157 1157 1157 1157 1157 1157 1157 1157
    1157 1161 1161 1161 1161 1157 1157 1157 1157 1157 1161 1161 1161
    3994 0 0 0 0 0 0 1169 1165 1157 1149 1149 1149 1149 1149 1149 1149
    1149 1149 1149 1149 1149 1149 1149 1149 1149 1149 1149 1149 1149
    1149 1149 1149 1153 1153 1153 1153 1153 1153 1157 1157 1157 1157
    1157 1157 1161 1157 1157 1157 1161 1157 1157 1161 1161 1161 1161
    1161 1161 1157 1157 1161 1157 1157 1169 1169 3994 0 0 0 1250 1219
    1219 1219 1165 1157 1149 1149 1149 1149 1149 1149 1149 1149 1149
    1149 1149 1149 1149 1149 1149 1149 1153 1149 1149 1149 1149 1149
    1149 1153 1153 1153 1153 1153 1153 1157 1157 1157 1157 1157 1157
    1161 1161 1157 1157 1161 1161 1161 1161 1161 1161 1161 1161 1157
    1157 1161 1161 1157 1157 1157 1157 3994 0 0 0 1250 1219 1219 1219
    1161 1157 1149 1149 1149 1149 1149 1149 1149 1149 1149 1149 1149
