<?xml version="1.0"?>
<opencv_storage>
<Depth5850 type_id="opencv-matrix">
  <rows>58</rows>
  <cols>47</cols>
  <dt>w</dt>
  <data>
    4774 4774 4774 4774 4774 4842 4842 4911 4911 4911 4911 1823 1823
    1813 1813 1813 1804 1804 1813 1833 1833 4911 5056 5132 5132 5132
    5132 5132 5132 5132 5132 5132 5132 5132 5210 5210 5210 5210 5210
    5210 5210 5210 5291 5374 5374 5374 5374 4708 4774 4774 4774 4774
    4842 4842 4842 4911 4911 1843 1823 1823 1813 1813 1813 1804 1804
    1804 1813 1804 1804 1804 1804 5132 5132 5132 5132 5132 5132 5132
    5132 5132 5132 5210 5210 5291 5291 5291 5291 5210 5210 5291 5374
    5374 5374 5374 4708 4774 4774 4774 4774 4774 4774 4774 4911 4911
    1843 1823 1823 1813 1813 1813 1804 1804 1804 1804 1804 1804 1804
    1804 1804 1804 1804 1804 1804 1804 1804 5210 5210 5132 5132 5210
    5210 5210 5210 5210 5291 5291 5291 5374 5374 5374 5291 4708 4774
    4774 4774 4774 4774 4774 4774 4774 4774 1813 1813 1813 1813 1813
    1804 1804 1804 1804 1804 1804 1804 1804 1804 1804 1804 1804 1804
    1804 1804 1794 1794 1794 1785 1785 1794 5210 5210 5210 5210 5210
    5210 5291 5374 5374 5374 5291 4708 4774 4774 4774 4774 4774 4774
    4774 4774 0 1813 1813 1813 1813 1813 1804 1804 1804 1804 1804 1804
    1804 1804 1804 1804 1804 1804 1804 1804 1804 1794 1794 1794 1785
    1785 1794 1794 1794 1785 1785 1776 1776 1776 1766 1766 5374 5291
    4774 4774 4774 4774 4774 4774 4708 4708 4708 1804 1813 1813 1813
    1813 1813 1804 1804 1804 1804 1804 1804 1804 1794 1794 1794 1804
    1804 1794 1794 1794 1794 1794 1794 1794 1794 1794 1794 1794 1785
    1785 1776 1776 1776 1766 1766 1776 1785 4774 4774 4774 4774 4774
    4774 4708 4708 4708 1804 1804 1804 1813 1813 1813 1804 1804 1804
    1804 1804 1804 1804 1794 1794 1794 1804 1804 1794 1794 1794 1794
    1794 1794 1794 1794 1794 1794 1794 1785 1785 1776 1776 1776 1776
    1776 1776 1785 4774 4774 4774 4774 4774 4774 4774 4774 4774 1804
    1804 1804 1813 1813 1813 1804 1804 1804 1804 1804 1804 1794 1794
    1794 1794 1794 1804 1804 1794 1794 1794 1794 1794 1794 1794 1794
    1794 1794 1785 1785 1776 1776 1776 1776 1776 1776 1785 4708 4708
    4774 4774 4774 4774 4774 4842 4842 1823 1813 1813 1813 1804 1804
    1804 1804 1804 1804 1804 1804 1794 1794 1794 1794 1794 1794 1794
    1794 1794 1794 1785 1785 1794 1794 1794 1794 1794 1785 1776 1776
    1776 1776 1776 1776 1776 1785 4708 4708 4774 4774 4774 4842 4842
    4911 4911 1813 1804 1804 1804 1804 1804 1804 1804 1804 1804 1804
    1804 1794 1794 1794 1794 1794 1794 1794 1794 1794 1794 1785 1785
    1794 1794 1785 1785 1785 1785 1776 1776 1776 1766 1766 1776 1776
    1794 4708 4708 4774 4774 4774 4842 4842 4842 1813 1813 1804 1804
    1804 1804 1804 1804 1804 1804 1804 1804 1804 1794 1794 1794 1794
    1794 1794 1794 1785 1785 1785 1785 1785 1794 1785 1785 1785 1776
    1776 1776 1776 1776 1766 1766 1776 1785 1794 4708 4774 4774 4774
    4842 4842 4911 4911 1813 1813 1804 1804 1804 1804 1804 1804 1794
    1794 1794 1794 1794 1794 1794 1794 1794 1794 1794 1785 1785 1776
    1776 1776 1785 1785 1785 1776 1776 1776 1776 1766 1766 1766 1766
    1766 1776 1794 1804 4708 4774 4774 4774 4774 4774 4774 1804 1804
    1804 1804 1804 1804 1804 1794 1794 1794 1794 1794 1794 1794 1794
    1794 1794 1794 1794 1794 1785 1776 1776 1776 1776 1776 1785 1776
    1776 1776 1766 1766 1766 1766 1766 1766 1766 1776 1794 1813 4774
    4774 4774 4774 4774 4774 4774 1804 1804 1804 1804 1804 1804 1804
    1794 1794 1794 1794 1794 1785 1785 1794 1794 1794 1794 1794 1794
    1785 1776 1776 1766 1766 1776 1776 1766 1766 1766 1766 1766 1766
    1766 1766 1766 1766 1776 1794 1813 4774 4774 4774 4774 4774 4774
    4774 1804 1804 1804 1804 1804 1794 1794 1794 1794 1794 1794 1785
    1785 1785 1785 1794 1794 1794 1785 1785 1776 1776 1776 1766 1766
    1776 1776 1766 1766 1766 1766 1766 1766 1766 1757 1757 1766 1766
    1785 1813 4774 4774 4774 4774 4708 4708 4708 1804 1804 1804 1794
    1794 1794 1794 1794 1794 1794 1785 1785 1776 1776 1785 1794 1794
    1794 1785 1785 1776 1776 1776 1766 1766 1776 1766 1766 1766 1766
    1766 1766 1766 1766 1757 1757 1766 1766 1785 1804 4774 4774 4774
    4774 4708 4708 1813 1804 1804 1804 1794 1794 1794 1794 1794 1794
    1794 1785 1785 1776 1776 1776 1785 1785 1785 1785 1776 1776 1776
    1776 1776 1776 1776 1766 1766 1766 1766 1766 1766 1766 1766 1757
    1757 1766 1776 1794 1804 4774 4774 4774 4774 4774 1804 1804 1804
    1804 1794 1794 1794 1794 1794 1794 1794 1794 1785 1785 1776 1776
    1776 1785 1776 1776 1785 1776 1776 1776 1776 1776 1766 1766 1766
    1766 1766 1766 1766 1766 1766 1757 1757 1757 1766 1776 1794 1804
    4774 4774 4774 4774 4774 1794 1794 1794 1804 1794 1794 1794 1794
    1794 1794 1794 1794 1785 1776 1776 1776 1776 1776 1776 1776 1776
    1776 1776 1776 1766 1766 1766 1766 1766 1766 1766 1766 1766 1766
    1766 1757 1757 1757 1766 1785 1804 1804 4774 4774 4774 4774 4774
    1794 1794 1794 1794 1794 1794 1794 1794 1794 1794 1785 1785 1776
    1776 1776 1776 1776 1776 1776 1776 1776 1766 1766 1766 1766 1766
    1766 1766 1766 1766 1766 1766 1766 1766 1766 1766 1757 1757 1766
    1785 1813 5460 4774 4774 4774 4842 4842 1794 1794 1794 1794 1794
    1794 1794 1785 1785 1785 1785 1785 1776 1776 1776 1776 1776 1776
    1776 1766 1766 1766 1766 1766 1766 1766 1766 1757 1757 1757 1757
    1757 1757 1766 1766 1766 1757 1757 1766 1785 1785 5374 4774 4774
    4774 4842 4842 1785 1785 1785 1785 1794 1794 1794 1785 1785 1785
    1785 1776 1776 1776 1776 1776 1776 1776 1776 1766 1766 1766 1766
    1766 1766 1766 1766 1757 1757 1757 1757 1757 1757 1757 1757 1757
    1757 1766 1776 1804 1823 5374 4774 4774 4774 4842 4842 1785 1785
    1785 1785 1794 1785 1785 1776 1776 1776 1776 1776 1766 1766 1766
    1766 1766 1766 1766 1766 1766 1766 1766 1766 1766 1757 1757 1757
    1757 1757 1757 1757 1757 1757 1757 1757 1757 1766 1776 1804 1823
    5291 4774 4774 4774 4774 4774 1794 1794 1785 1785 1785 1785 1785
    1776 1776 1776 1776 1776 1766 1766 1766 1766 1766 1766 1766 1766
    1766 1766 1766 1766 1766 1757 1757 1757 1757 1757 1757 1757 1757
    1757 1757 1757 1757 1766 1776 1785 1785 5291 4708 4774 4774 4774
    4774 1794 1785 1785 1785 1785 1785 1785 1776 1776 1776 1776 1766
    1766 1766 1766 1766 1766 1766 1766 1766 1766 1766 1766 1766 1766
    1757 1757 1757 1757 1757 1757 1757 1757 1757 1757 1757 1757 1766
    1766 1776 1776 5291 4708 4774 4774 4774 4774 1794 1785 1785 1785
    1785 1785 1776 1776 1776 1776 1776 1766 1766 1766 1766 1766 1766
    1766 1766 1766 1766 1766 1757 1757 1757 1757 1757 1757 1757 1757
    1757 1757 1757 1757 1757 1757 1757 1766 1766 1766 1766 5210 4708
    4708 4708 4774 4774 1794 1785 1785 1785 1785 1785 1776 1776 1766
    1766 1776 1766 1766 1766 1766 1766 1766 1766 1766 1766 1757 1757
    1757 1757 1757 1757 1757 1757 1748 1748 1748 1748 1757 1757 1748
    1748 1757 1766 1766 1766 1766 5210 4708 4645 4645 4645 1794 1794
    1785 1776 1776 1776 1776 1766 1766 1766 1766 1766 1766 1766 1766
    1766 1766 1766 1766 1766 1757 1757 1757 1757 1757 1757 1757 1757
    1757 1748 1748 1748 1748 1748 1748 1748 1748 1748 1766 1766 1766
    5210 5210 4708 4190 4190 4190 1794 1794 1785 1776 1776 1776 1776
    1766 1766 1766 1766 1766 1766 1766 1766 1757 1757 1766 1766 1757
    1757 1757 1757 1757 1757 1757 1757 1757 1748 1748 1748 1739 1739
    1748 1748 1739 1739 1748 1757 1757 1757 5210 5210 4708 4190 4190
    4190 1794 1794 1785 1776 1776 1766 1766 1766 1766 1766 1766 1766
    1766 1766 1757 1757 1757 1757 1757 1757 1757 1757 1757 1757 1757
    1757 1757 1757 1748 1748 1739 1739 1739 1739 1739 1739 1739 1748
    1757 1757 1757 5291 5291 4774 4190 4190 4190 1794 1785 1776 1766
    1766 1766 1766 1766 1766 1766 1757 1757 1766 1757 1757 1757 1757
    1757 1757 1748 1748 1757 1757 1757 1757 1757 1748 1748 1748 1748
    1739 1739 1739 1739 1731 1731 1739 1739 1757 1785 1785 5291 5291
    4842 4842 4842 1766 1766 1766 1776 1766 1766 1766 1766 1766 1766
