<?xml version="1.0"?>
<opencv_storage>
<Depth17481 type_id="opencv-matrix">
  <rows>144</rows>
  <cols>68</cols>
  <dt>w</dt>
  <data>
    3178 3178 3149 3149 3149 3149 3149 3149 3149 3149 3149 3120 3120
    3120 3092 3092 3092 3064 3064 3064 3064 3064 3092 0 0 0 0 746 746
    746 746 746 746 746 750 750 752 752 0 0 0 0 0 0 0 0 0 0 0 0 0 0 0 0
    0 0 0 0 0 0 0 2116 2053 2053 2053 0 0 1873 3178 3149 3149 3149 3149
    3149 3149 3149 3149 3149 3120 3120 3120 3120 3092 3092 3064 3037
    3037 3064 0 0 0 0 0 0 0 747 746 746 746 744 744 744 746 750 750 752
    0 0 0 734 734 0 0 0 0 0 0 0 0 0 0 0 0 0 0 0 0 0 0 0 0 0 0 0 0 0 3178
    3149 3149 3149 3149 3149 3149 3149 3149 3149 3120 3120 3120 3092
    3092 3064 3037 3037 3037 0 0 0 0 0 0 0 0 747 746 746 746 744 744 744
    744 747 749 749 749 731 731 733 733 725 725 719 717 717 0 0 0 0 0 0
    0 0 0 0 0 0 0 0 0 0 0 0 0 0 3178 3178 3149 3149 3149 3149 3149 3149
    3149 3149 3149 3120 3120 3092 3092 3064 3010 3010 0 0 0 0 0 0 0 0 0
    749 747 747 746 744 744 744 741 741 738 736 734 731 731 733 728 725
    725 719 717 717 0 0 0 0 0 0 0 0 0 0 0 0 713 713 713 0 714 714 714
    714 3178 3178 3149 3149 3149 3178 3149 3149 3149 3149 3149 3120 3120
    3120 3092 3064 3010 3010 0 0 0 0 0 0 0 0 750 749 747 747 746 744 742
    742 739 739 736 736 733 733 731 731 728 725 725 722 720 720 720 720
    0 0 0 0 0 0 0 720 717 716 713 711 711 711 711 713 713 714 3178 3178
    3178 3178 3178 3178 3149 3149 3149 3149 3149 3149 3149 3120 3092
    3064 3037 3037 0 0 0 0 0 0 0 0 750 749 747 747 746 744 742 742 739
    739 736 734 733 733 731 731 728 725 725 723 720 719 719 720 720 708
    708 711 713 0 720 720 717 716 714 711 711 711 711 713 713 714 3178
    3178 3178 3178 3178 3178 3149 3149 3149 3149 3149 3149 3149 3120
    3064 3037 3010 3010 0 0 0 0 0 0 0 0 750 749 747 747 746 744 742 742
    741 739 736 734 733 733 731 730 728 727 725 723 720 719 719 719 716
    708 708 711 713 714 714 714 717 717 714 713 711 708 708 713 713 714
    3178 3178 3178 3178 3178 3178 3178 3149 3149 3149 3149 3149 3149
    3149 3064 3010 3010 3010 0 0 0 0 0 0 0 755 750 749 747 747 746 744
    744 742 741 738 736 733 733 733 731 730 728 727 727 725 723 722 720
    719 716 713 713 713 713 713 711 710 710 708 708 708 708 704 701 700
    700 0 3178 3178 3178 3178 3178 3178 3178 3149 3149 3149 3149 3149
    3149 3149 3064 3010 3010 0 0 0 0 0 0 0 0 752 750 750 747 747 746 744
    744 742 741 738 736 733 733 733 731 731 730 727 727 725 723 722 722
    720 719 717 714 713 713 711 710 708 708 707 707 707 707 703 701 700
    697 697 3178 3178 3178 3178 3178 3178 3178 3149 3149 3149 3149 3149
    3149 3149 3120 3120 0 0 0 0 0 0 0 0 0 752 750 750 747 747 746 746
    744 742 742 739 738 736 734 733 731 731 730 727 727 725 725 723 722
    720 719 717 714 713 713 711 708 708 707 707 706 706 706 703 703 700
    697 697 3178 3178 3178 3178 3178 3178 3178 3149 3149 3149 3149 3149
    3149 3149 3149 3149 0 0 0 0 0 0 0 0 0 752 750 750 749 747 746 746
    744 742 741 739 738 736 734 733 733 731 730 727 727 725 725 723 722
    720 719 719 717 714 714 711 708 708 707 707 706 706 706 703 701 701
    700 698 3208 3178 3178 3208 3178 3178 3178 3149 3149 3149 3149 3149
    3149 3149 3149 3149 0 0 0 0 0 0 0 0 757 752 750 750 749 749 747 746
    744 742 741 739 739 738 736 734 733 731 730 728 727 727 725 723 720
    720 720 719 717 716 714 713 711 710 708 707 707 706 704 703 701 701
    700 698 3208 3208 3208 3208 3208 3208 3178 3178 3178 3149 3149 3149
    3149 3149 3149 3149 0 0 0 0 0 0 0 0 755 754 750 750 749 749 749 746
    744 744 741 739 739 738 736 734 733 731 731 728 727 727 725 723 720
    720 720 719 717 716 714 713 713 713 710 708 708 706 704 703 701 701
    701 700 3208 3208 3208 3208 3178 3178 3178 3178 3178 3149 3149 3149
    3149 3149 3149 0 0 0 0 0 0 0 0 0 755 754 752 750 750 750 749 746 746
    744 741 741 739 738 738 734 733 733 731 730 727 727 725 723 720 720
    720 719 717 716 714 714 713 713 711 710 708 707 704 703 701 701 701
    700 3208 3208 3208 3208 3178 3178 3178 3178 3178 3178 3149 3149 3149
    3149 3149 0 0 0 0 0 0 0 0 0 755 754 752 752 750 750 750 749 746 746
    742 741 739 739 738 736 734 733 731 730 730 728 725 723 722 720 720
    719 717 716 714 714 713 713 711 710 708 707 704 703 701 701 703 700
    3238 3208 3208 3208 3208 3208 3178 3178 3178 3178 3149 3149 3149
    3149 3178 0 0 0 0 0 0 0 0 0 755 754 754 754 750 750 750 749 747 746
    744 741 739 739 738 736 734 733 731 731 730 728 725 723 722 720 720
    719 717 716 716 714 713 711 710 710 708 708 704 703 703 703 703 704
    3238 3208 3208 3208 3208 3208 3208 3178 3178 3178 3178 3149 3149
    3149 0 0 0 0 0 0 0 0 0 759 755 754 754 754 750 750 750 749 747 746
    744 742 741 739 738 738 734 733 733 731 730 728 727 723 723 722 720
    719 719 717 716 714 713 711 710 710 708 708 706 704 703 703 703 704
    3208 3208 3208 3208 3208 3208 3208 3178 3178 3178 3149 3149 3120
    3120 0 0 0 0 0 0 0 0 764 759 757 755 755 754 752 752 752 750 749 746
    744 742 741 739 738 738 734 733 733 731 730 728 727 725 725 722 720
    720 719 717 716 714 714 713 711 710 708 707 706 706 704 704 704 706
    3208 3208 3208 3208 3208 3208 3178 3178 3178 3178 3149 3149 3120
    3120 0 0 0 0 0 0 0 0 762 759 757 755 755 755 752 752 752 750 749 746
    744 742 741 739 738 738 734 733 733 731 730 728 727 725 725 723 720
    720 719 717 716 716 714 713 713 710 708 707 706 706 706 706 706 704
    3208 3208 3208 3208 3208 3208 3178 3178 3178 3178 3178 3149 3149
    3269 0 0 0 0 0 0 0 0 762 759 757 757 755 755 752 752 752 750 750 746
    744 742 742 739 739 738 736 733 733 731 731 728 727 725 725 723 722
    720 720 719 716 716 714 713 713 711 708 707 707 707 706 706 704 704
    3208 3208 3208 3208 3208 3208 3178 3178 3178 3178 3178 3149 3149
    3269 0 0 0 0 0 0 0 0 762 759 757 757 755 755 754 752 752 750 750 746
    744 742 742 739 739 738 736 734 733 731 731 730 728 725 725 723 722
    720 720 719 717 717 716 714 713 711 710 708 707 707 706 706 704 704
    3208 3208 3208 3208 3208 3208 3178 3178 3178 3178 3178 3178 3178 0 0
    0 0 0 0 0 0 0 762 759 757 757 757 755 754 754 752 752 750 749 744
    744 742 739 739 739 738 736 734 733 733 731 728 727 725 725 722 720
    720 719 717 717 716 714 713 713 711 708 708 707 706 706 704 704 3238
    3208 3208 3208 3208 3208 3208 3178 3178 3178 3178 3149 3149 0 0 0 0
    0 0 0 0 764 762 761 757 757 757 755 754 754 752 752 750 749 744 744
    742 741 739 739 738 736 734 733 733 731 728 727 725 725 723 722 720
    719 719 717 716 714 713 713 711 711 708 708 707 706 706 711 3238
    3238 3208 3208 3208 3208 3208 3208 3208 3178 3178 3149 3149 0 0 0 0
    0 0 0 0 764 762 762 759 757 757 755 754 754 752 752 750 749 746 744
    742 741 739 739 738 736 736 734 733 731 728 727 725 725 723 723 722
    720 719 719 717 716 713 713 711 711 710 708 707 707 707 714 3238
    3238 3238 3238 3238 3238 3238 3208 3208 3178 3178 3149 3149 0 0 0 0
    0 0 0 0 0 764 762 759 757 757 755 755 755 754 752 750 750 746 746
    744 741 741 739 739 738 736 734 733 731 728 727 725 725 723 723 722
    720 719 719 717 716 714 713 711 710 710 710 710 0 0 0 3238 3238 3238
    3238 3238 3238 3208 3208 3208 3178 3178 3149 3149 0 0 0 0 0 0 0 0 0
    764 762 761 759 757 757 755 755 754 752 750 750 746 746 744 741 741
    739 739 738 736 734 733 731 728 727 727 725 723 723 722 720 720 719
    717 716 714 713 711 710 710 711 711 0 0 0 3238 3238 3238 3238 3238
    3238 3208 3208 3208 3178 3178 3178 0 0 0 0 0 0 0 0 0 0 764 764 762
    761 759 757 757 757 755 752 750 750 749 746 744 741 741 739 739 738
    736 734 733 733 731 728 727 727 725 723 722 720 720 719 717 716 714
    714 711 711 711 711 711 713 0 0 3269 3238 3238 3238 3238 3238 3208
    3208 3208 3208 3208 3238 0 0 0 0 0 0 0 0 0 766 766 764 762 761 759
    759 757 757 757 754 752 750 749 746 744 742 742 741 739 738 736 736
    734 733 731 731 728 727 725 723 723 720 720 720 719 716 714 714 713
