<?xml version="1.0"?>
<opencv_storage>
<Depth2767 type_id="opencv-matrix">
  <rows>14</rows>
  <cols>78</cols>
  <dt>w</dt>
  <data>
    2541 2522 2503 2503 0 0 3178 3178 3208 3238 0 0 0 0 0 3178 3120 3120
    3149 3149 0 0 0 0 0 0 3064 3064 0 0 0 0 2958 2933 2933 2984 0 0 0
    2908 2908 2908 2908 2908 2883 2883 2883 2883 2908 2908 2908 2908
    2908 0 0 0 0 0 0 0 0 0 0 2744 2744 2744 2744 2744 2744 2744 2744 0 0
    0 2744 2744 0 0 2541 2522 2503 2503 2503 3208 3208 3208 3208 3178
    3178 3178 3178 3178 3178 3149 3149 3149 3149 3149 3149 3120 3120
    3092 3092 3092 3064 3064 3037 3037 3010 3010 2958 2958 2958 2984
    2984 2984 2958 2933 2933 2933 2933 2908 2883 2883 2883 2883 2908
    2908 2908 2908 2908 2883 2859 2859 2835 2835 2835 2835 2835 2835
    2812 2744 2744 2744 2744 2744 2744 2744 2744 2767 2744 2744 2744
    2744 2744 0 2541 2541 2541 2541 3238 3238 3238 3238 3238 3178 3178
    3178 3178 3178 3178 3149 3149 3149 3149 3149 3120 3120 3120 3092
    3092 3092 3064 3037 3037 3037 3010 3010 2984 2984 2984 2984 2984
    2984 2958 2933 2933 2933 2933 2908 2908 2883 2883 2908 2908 2908
    2908 2883 2883 2883 2859 2859 2835 2835 2835 2835 2835 2812 2812
    2767 2767 2789 2767 2767 2767 2744 2744 2744 2744 2744 2744 2744
    2744 2744 2560 2560 2560 3269 3269 3238 3238 3238 3238 3208 3208
    3178 3178 3178 3178 3149 3149 3149 3149 3149 3120 3120 3120 3092
    3092 3092 3064 3037 3037 3037 3037 3010 3010 3010 3010 2984 2984
    2984 2958 2933 2933 2933 2933 2933 2908 2908 2908 2908 2908 2908
    2908 2883 2883 2883 2859 2835 2835 2835 2835 2835 2835 2812 2812
    2789 2789 2789 2767 2767 2767 2744 2744 2744 2744 2744 2744 2744
    2723 2723 2560 2579 2579 3269 3269 3269 3238 3238 3238 3208 3208
    3178 3178 3178 3178 3178 3149 3149 3149 3149 3149 3120 3120 3120
    3092 3092 3092 3064 3037 3037 3037 3037 3037 3010 3010 2984 2984
    2984 2984 2933 2933 2933 2933 2933 2908 2908 2908 2908 2908 2908
    2908 2883 2883 2883 2859 2835 2835 2835 2835 2835 2835 2835 2812
    2812 2789 2789 2767 2744 2744 2767 2767 2767 2767 2744 2744 2744
    2723 2723 2560 3269 3269 3269 3269 3269 3238 3238 3238 3208 3208
    3178 3178 3178 3178 3178 3149 3149 3149 3149 3149 3120 3120 3120
    3092 3092 3064 3064 3037 3037 3037 3037 3010 3010 3010 2984 2984
    2984 2984 2933 2933 2933 2933 2933 2908 2908 2908 2908 2908 2908
    2883 2883 2883 2883 2859 2859 2835 2835 2835 2835 2835 2812 2812
    2812 2789 2789 2767 2744 2744 2767 2767 2767 2767 2744 2744 2744
    2723 2723 3300 3269 3269 3269 3269 3269 3238 3238 3238 3208 3208
    3178 3178 3178 3178 3178 3149 3149 3149 3149 3149 3120 3120 3120
    3120 3092 3064 3064 3037 3037 3037 3037 3010 3010 3010 3010 2984
    2984 2984 2958 2958 2933 2933 2933 2908 2908 2908 2908 2908 2908
    2883 2883 2883 2859 2859 2835 2835 2835 2835 2835 2835 2812 2812
    2812 2789 2789 2767 2767 2767 2767 2767 2744 2744 2744 2744 2744
    2723 2723 3300 3269 3269 3269 3269 3269 3238 3238 3238 3238 3208
    3208 3208 3178 3178 3178 3149 3149 3149 3149 3149 3120 3120 3120
    3092 3092 3064 3064 3037 3037 3037 3010 3010 3010 3010 3010 2984
    2984 2958 2958 2958 2933 2933 2933 2908 2908 2908 2908 2908 2908
    2883 2883 2883 2859 2859 2835 2835 2835 2835 2835 2835 2812 2812
    2789 2789 2789 2789 2789 2767 2767 2767 2744 2744 2744 2744 2744
    2744 2723 3300 3269 3269 3238 3238 3238 3238 3238 3238 3238 3208
    3178 3178 3208 3178 3149 3149 3149 3149 3149 3149 3120 3120 3120
    3092 3092 3064 3064 3037 3037 3037 3010 3010 3010 3010 3010 2984
    2984 2958 2958 2958 2958 2933 2933 2933 2933 2908 2908 2908 2908
    2883 2883 2883 2859 2859 2835 2835 2835 2835 2835 2812 2812 2812
    2789 2789 2789 2789 2789 2789 2767 2767 2767 2744 2744 2744 2744
    2744 2723 3269 3269 3269 3238 3238 3238 3238 3238 3238 3208 3208
    3178 3178 3178 3149 3149 3149 3149 3149 3149 3149 3120 3120 3120
    3092 3092 3064 3064 3037 3037 3037 3037 3037 3010 3010 2984 2984
    2984 2984 2958 2958 2958 2933 2933 2933 2908 2908 2908 2883 2883
    2883 2883 2859 2859 2835 2835 2835 2835 2835 2812 2812 2812 2789
    2789 2789 2789 2789 2789 2789 2767 2767 2767 2744 2744 2744 2744
    2744 2723 3092 3238 3269 3269 3238 3238 3238 3238 3208 3208 3208
    3178 3178 3178 3149 3149 3149 3149 3149 3120 3120 3120 3120 3120
    3092 3092 3064 3064 3037 3037 3037 3037 3037 3010 2984 2984 2958
    2958 2958 2958 2958 2958 2933 2933 2933 2908 2908 2908 2883 2883
    2883 2883 2859 2859 2835 2835 2835 2835 2812 2812 2812 2789 2767
    2767 2767 2767 2767 2767 2767 2744 2744 2744 2744 2744 2744 2744
    2723 2723 3092 3238 3238 3238 3238 3208 3208 3208 3208 3208 3208
    3208 3178 3149 3120 3120 3120 3120 3149 3120 3120 3120 3120 3120
    3092 3092 3064 3037 3037 3037 3037 3037 3037 3010 2984 2984 2958
    2958 2958 2958 2958 2933 2933 2933 2933 2908 2908 2908 2883 2883
    2883 2883 2883 2859 2835 2835 2835 2835 2812 2812 2812 2789 2767
    2767 2767 2767 2767 2744 2744 2744 2744 2744 2744 2744 2744 2744
    2723 2723 2467 3238 3238 3238 3238 3208 3208 3208 3208 3208 3208
    3208 3178 3149 3120 3120 3120 3120 3149 3149 3149 3149 3120 3120
    3120 3092 3064 3037 3037 3064 3064 3064 3037 3010 2984 2984 2958
    2958 2984 2984 2933 2933 2933 2933 2933 2908 2908 2908 2883 2883
    2883 2883 2883 2859 2859 2835 2835 2812 2812 2812 2812 2789 2767
    2767 2767 2767 2767 2744 2744 2744 2744 2744 2744 2744 2744 2744
    2723 2723 4349 4295 4241 4241 4139 4139 3994 3994 3994 3994 3994
    3903 3859 3859 3859 3903 3903 3948 3994 3994 3178 3178 3149 3120
    3120 3120 3120 3092 3092 3092 3092 3092 4041 4041 4041 3010 2984
    2984 2984 2984 2933 2933 2933 2933 2933 2933 2908 2908 2883 2883
    2883 2883 2883 2883 2859 2835 2835 2812 2812 2835 2835 2812 2789
    2789 2789 2789 2789 2767 2767 2744 2744 2767 2744 2744 2744 2744
    2744 2744</data></Depth2767>
</opencv_storage>
