<?xml version="1.0"?>
<opencv_storage>
<Depth12940 type_id="opencv-matrix">
  <rows>17</rows>
  <cols>25</cols>
  <dt>w</dt>
  <data>
    6622 6753 4241 4190 4190 4190 4190 4190 4139 4139 4139 4139 4139
    4089 4089 4089 4139 4139 4139 6497 6375 6375 6259 6259 6259 6622
    6622 4190 4190 4139 4139 4139 4190 4139 4139 4139 4139 4089 4089
    4089 4089 4139 4089 4089 4041 4041 4041 3994 3994 6259 6622 6622
    4139 4139 4089 4089 4139 4139 4190 4139 4139 4139 4089 4089 4089
    4089 4089 4089 4089 4041 4041 4041 3994 3994 3994 6622 6753 4089
    4089 4089 4089 4089 4139 4139 4139 4139 4139 4089 4089 4041 4041
    4041 4041 4041 4041 4041 4041 3994 3994 3994 6622 6622 4089 4089
    4089 4089 4089 4089 4089 4089 4089 4089 4089 4089 4041 4041 4041
    4041 4041 4041 4041 4041 3994 3994 3994 6622 4089 4089 4089 4089
    4089 4089 4089 4089 4089 4089 4089 4089 4041 4041 4041 4041 4041
    4041 4041 4041 4041 3994 3994 3994 4139 4089 4089 4089 4089 4089
    4089 4089 4089 4089 4089 4041 4041 4041 4041 4041 4041 4041 4041
    4041 4041 4041 3994 3994 3994 4139 4089 4089 4089 4089 4089 4089
    4089 4089 4089 4089 4041 4041 4041 4041 4041 4041 4041 4041 4041
    4041 4041 3994 3994 3994 4139 4089 4089 4089 4089 4089 4089 4089
    4089 4041 4041 4041 4041 3994 3994 3994 4041 4041 3994 3994 3994
    3994 3994 3994 3994 6497 4089 4089 4089 4089 4089 4041 4041 4041
    4041 4041 4041 3994 3994 3994 3994 3994 3994 3994 3994 3994 3994
    3994 3994 4041 6497 4089 4089 4089 4089 4089 4041 4041 4041 4041
    4041 3994 3994 3994 3994 3994 3994 3994 3994 3994 3994 3994 3994
    3994 4041 4139 4089 4089 4089 4041 4041 4041 4041 4041 4041 4041
    3994 3994 3994 3994 3994 3994 3994 3994 3994 3994 3994 3994 3994
    4041 4139 4089 4089 4089 4041 4041 4041 4041 4041 4041 4041 3994
    3994 3994 3994 3994 3994 3994 3994 3994 3994 3994 3994 3994 4041
    4139 4139 4139 4089 4041 4041 4041 4041 4041 4041 4041 3994 3994
    3994 3994 3994 3994 3994 3994 3994 3994 3994 3994 3994 6375 4190
    4190 4139 4139 4089 4089 4041 4041 4041 4041 4041 3994 3994 3994
    3994 3994 3994 3994 3994 3994 3994 3994 3994 3994 4041 4190 4190
    4190 4139 4089 4089 4041 4041 3994 3994 3994 3994 4041 4041 3994
    3994 3994 3994 3994 3994 3994 3994 3994 3994 4041 6753 6753 6753
    4190 4089 4089 4041 4041 3903 3903 3994 3994 4041 4041 4041 4041
    4041 3994 3994 3994 3994 3994 3994 3994 6375</data></Depth12940>
</opencv_storage>
