<?xml version="1.0"?>
<opencv_storage>
<Depth13889 type_id="opencv-matrix">
  <rows>145</rows>
  <cols>98</cols>
  <dt>w</dt>
  <data>
    4842 4842 4842 4842 4842 4842 4774 4774 4774 4708 4708 4708 4708
    4708 4708 4708 4645 4645 4708 4708 4708 4708 4708 4708 4708 4708
    4708 4645 4645 4645 4645 4582 4582 4582 4582 4582 4582 4582 4522
    4522 4463 4463 4522 4522 4463 4463 4463 4463 4463 4463 4405 4405
    4405 4405 4349 4349 4405 4405 4463 4405 4349 4295 4295 785 783 778
    778 4295 4241 794 792 792 790 790 790 790 790 790 0 0 789 2767 0
    2767 2744 2744 2744 2744 2744 2744 2767 2767 2767 2767 2767 2767
    2767 2767 4842 4842 4842 4842 4774 4774 4774 4774 4774 4708 4708
    4708 4708 4708 4708 4645 4645 4708 4708 4708 4708 4708 4708 4708
    4708 4645 4645 4645 4645 4645 4645 4645 4582 4582 4582 4582 4645
    4582 4522 4522 4463 4463 4522 4522 4463 4463 4463 4463 4463 4463
    4405 4405 4405 4405 4405 4405 4405 4463 4463 4295 4295 4295 794 785
    783 778 778 794 792 792 792 792 790 790 790 790 789 789 789 0 0 0 0
    0 2744 2744 2744 2744 2744 2767 2767 2767 2789 2767 2767 2767 2767
    2767 4842 4842 4842 4842 4774 4774 4774 4774 4774 4774 4708 4708
    4708 4708 4708 4645 4645 4708 4708 4708 4708 4708 4708 4645 4645
    4645 4645 4645 4645 4645 4645 4645 4522 4522 4582 4582 4645 4582
    4522 4463 4463 4463 4463 4463 4463 4463 4463 4405 4405 4463 4463
    4405 4405 4463 4463 790 790 790 4295 4295 792 792 794 792 792 787
    787 790 792 792 792 792 790 790 790 790 789 789 789 0 0 0 0 0 2767
    2744 2744 2744 2744 2744 2767 2767 2789 2767 2767 2767 2767 2767
    4842 4842 4842 4842 4842 4774 4774 4774 4774 4774 4708 4708 4708
    4708 4708 4708 4645 4645 4708 4708 4708 4708 4645 4645 4645 4645
    4645 4645 4645 4645 4645 4645 4522 4522 4582 4582 4522 4463 4463
    4463 4463 4463 4463 4463 4463 4463 4463 4405 4405 4405 4405 4463
    4463 4463 792 790 790 790 790 790 792 792 792 792 792 789 789 790
    792 792 792 792 790 790 790 790 790 789 789 0 0 0 0 0 0 2744 2744
    2744 2744 2744 2767 2789 2789 2789 2767 2767 2767 2767 4842 4842
    4842 4842 4842 4842 4842 4774 4774 4774 4708 4708 4708 4708 4708
    4708 4645 4645 4708 4708 4708 4645 4645 4645 4645 4645 4645 4645
    4645 4645 4645 4645 4582 4582 4522 4522 4522 790 790 790 790 4463
    4463 4463 4463 4463 4463 4405 789 789 792 792 794 794 792 790 790
    790 790 790 792 792 792 792 792 792 792 792 792 792 792 792 792 790
    790 790 789 787 787 0 0 0 0 0 0 2744 2744 2744 2744 2744 2767 2789
    2789 2789 2767 2767 2767 2767 4842 4842 4842 4842 4842 4842 4842
    4774 4774 4774 4708 4708 4708 4708 4708 4708 4645 4645 4708 4708
    4708 4645 4645 4645 4645 4645 4645 4645 4645 4645 4645 4645 4582
    4582 4522 4522 4522 790 790 790 790 792 792 790 790 790 790 790 789
    789 792 792 792 792 792 792 792 792 792 792 792 792 792 792 792 792
    790 790 790 790 790 790 790 790 790 790 789 787 787 0 0 0 0 0 0 2723
    2723 2744 2744 2767 2789 2812 2789 2789 2767 2767 2767 2812 4842
    4842 4842 4842 4842 4842 4842 4774 4774 4774 4708 4708 4645 4645
    4645 4645 4645 4645 4708 4708 4708 4645 4645 4645 4708 4645 4645
    4645 4645 4645 4708 4645 4582 794 794 792 792 792 794 794 792 792
    792 790 790 790 790 790 790 790 792 794 792 792 792 792 792 792 792
    792 792 792 792 792 792 792 790 790 790 790 790 790 790 790 790 790
    789 789 789 0 0 0 0 0 2744 2723 2723 2744 2744 2767 2812 2812 2812
    2789 2789 2789 2789 2812 4842 4842 4842 4842 4842 4842 4774 4774
    4774 4708 4708 4645 4645 4645 4645 4645 4645 4645 4645 4645 4708
    4645 4645 4708 4708 4645 798 796 796 794 794 796 796 794 794 792 792
    792 794 794 794 794 792 792 792 792 792 790 790 790 794 794 794 794
    792 792 792 792 792 792 792 792 792 792 792 792 790 790 790 790 790
    790 790 790 790 790 789 789 789 0 0 0 0 0 2723 2723 2744 2744 2744
    2789 2835 2835 2812 2812 2789 2789 2789 2812 4842 4842 4842 4842 817
    817 4774 4774 4774 4708 4708 4645 4645 4582 4582 4582 813 811 807
    803 803 800 798 798 798 798 798 796 796 794 794 796 796 794 794 794
    794 794 794 794 794 794 792 792 792 792 792 792 790 790 792 794 794
    794 792 792 792 792 792 792 792 792 792 792 790 790 790 790 790 790
    790 790 790 790 790 790 789 789 789 789 0 0 0 0 2723 2723 2744 2744
    2744 2835 2859 2835 2812 2812 2789 2789 2789 2789 4842 4842 815 815
    815 815 815 4774 4774 4708 4708 4708 805 805 807 807 807 805 805 802
    800 798 798 798 798 798 798 796 796 796 796 796 796 794 794 794 794
    794 796 796 794 792 792 792 792 792 792 792 790 790 792 792 794 794
    794 792 792 792 792 792 792 792 792 792 790 790 790 790 790 792 790
    790 790 790 790 790 790 789 789 789 0 0 0 0 0 2744 2744 2744 2767
    2859 2859 2835 2835 2812 2789 2789 2789 2789 4774 813 813 815 815
    815 813 809 809 807 805 803 803 805 805 805 805 803 802 800 798 798
    798 798 798 798 798 798 796 796 796 796 796 796 796 796 796 796 796
    794 794 792 792 792 792 792 792 792 790 790 792 792 794 794 794 792
    792 792 792 792 792 792 792 792 790 790 790 790 790 792 790 790 790
    790 790 790 790 789 789 789 0 0 0 0 0 2723 2723 2744 2767 2883 2883
    2859 2835 2835 2812 2812 2812 2812 4774 811 811 815 815 815 813 809
    805 805 803 803 803 803 803 803 802 802 800 800 798 798 798 798 798
    798 798 798 798 796 796 796 796 796 796 796 796 796 796 794 794 792
    792 792 792 792 792 792 792 792 794 794 794 794 794 792 792 792 792
    792 792 792 792 792 792 790 790 790 790 790 790 790 790 790 790 790
    790 790 789 789 790 0 0 0 0 2723 2723 2744 2789 2883 2883 2859 2835
    2835 2835 2812 2812 2812 802 802 809 813 811 809 803 803 803 803 803
    803 802 802 802 802 800 800 798 798 798 798 798 798 798 798 798 798
    798 796 796 796 796 796 796 796 796 796 796 794 794 792 792 792 792
    792 792 792 792 792 792 792 794 794 794 792 792 792 792 792 792 790
    790 790 792 792 792 790 790 790 790 790 790 790 790 790 790 790 789
    789 790 0 0 0 0 2723 2723 2744 2812 2908 2883 2859 2859 2835 2835
    2835 2835 2835 800 802 803 805 805 803 803 802 802 802 803 802 802
    802 802 802 800 800 798 798 798 798 798 798 798 798 798 798 796 796
    796 796 796 796 796 796 796 794 794 794 794 792 792 792 792 792 792
    792 792 792 792 792 794 792 792 792 792 792 792 792 792 790 790 790
    790 792 792 792 792 790 790 790 790 790 790 790 790 790 790 790 790
    0 0 0 0 0 2933 2859 2859 2908 2908 2883 2859 2859 2859 2835 2835
    2835 800 800 802 802 803 802 802 802 802 802 803 802 802 802 802 802
    802 800 800 798 798 798 798 798 798 798 798 798 796 796 794 794 796
    796 796 794 794 794 794 794 794 794 792 790 790 790 790 792 792 792
    792 792 794 792 792 792 792 792 792 792 792 790 790 790 790 792 792
    790 790 790 790 790 790 790 790 790 790 790 789 789 789 0 0 0 0 0
    2933 2933 2933 2958 2933 2908 2883 2859 2859 2835 2835 2835 800 800
    802 802 802 802 802 800 800 800 802 802 802 802 802 802 802 800 800
    798 798 798 798 798 798 798 798 798 796 796 794 794 794 794 796 794
    794 794 794 794 794 794 792 790 790 790 790 790 790 790 792 792 792
    792 792 792 792 792 792 792 790 790 790 790 790 790 790 790 790 790
    790 790 790 790 790 790 790 790 789 785 785 0 0 0 0 0 2958 2958 2958
    2958 2933 2933 2908 2883 2883 2859 2859 2859 802 802 802 802 802 802
    800 800 800 800 802 802 802 802 802 802 802 800 798 798 798 798 796
    796 796 796 796 796 796 796 794 794 794 794 796 794 794 794 794 794
    794 794 792 790 790 790 790 790 790 790 792 792 792 792 792 792 792
    792 792 792 790 790 790 790 790 790 790 790 790 790 790 790 790 790
    790 790 790 790 789 785 783 783 0 0 0 0 0 0 2984 2958 2933 2933 2908
    2908 2883 2859 2859 2859 802 802 802 802 802 802 800 800 800 800 800
    800 800 800 800 800 800 798 798 798 798 798 796 796 796 796 796 796
    794 794 794 794 794 794 794 794 794 794 794 794 794 794 792 790 790
    790 790 790 792 792 794 794 794 792 792 792 792 792 792 792 790 790
