<?xml version="1.0"?>
<opencv_storage>
<Depth0915 type_id="opencv-matrix">
  <rows>81</rows>
  <cols>15</cols>
  <dt>w</dt>
  <data>
    3859 2908 2908 2908 2859 2835 2812 2812 2789 2789 2789 1823 1823
    1813 1794 3732 2908 2908 2883 2812 2812 2812 2789 2789 2789 2789
    1823 1823 1813 1794 3732 3692 2908 2859 2812 2789 2789 2789 2767
    2767 1843 1823 1823 1813 1785 3732 3692 3692 2859 2812 2789 2789
    2789 2767 2767 1843 1823 1823 1813 1785 3816 3732 3732 2859 2812
    2812 2789 2789 2789 2767 1843 1823 1823 1813 1785 3816 3732 2859
    2835 2812 2812 2812 2789 2789 2767 1853 1843 1833 1823 1794 3859
    3774 2859 2835 2812 2812 2812 2789 2767 2767 2789 1853 1843 1833
    1813 3859 3816 2883 2859 2812 2812 2812 2789 2767 1863 1863 1853
    1843 1833 1813 3859 3859 2908 2883 2812 2789 2789 2767 2767 1863
    1853 1843 1833 1823 1804 3903 2883 2883 2859 2812 2789 2789 2744
    2744 1863 1843 1833 1813 1804 1794 3903 2883 2883 2859 2812 2789
    2767 2744 2744 2744 1843 1833 1813 1804 1794 3903 2859 2859 2859
    2812 2789 2767 2744 2744 2744 2744 1833 1823 1813 1804 3903 2859
    2835 2835 2812 2767 2767 2744 2701 2701 2744 2744 2744 1813 1813
    3859 2859 2835 2812 2789 2767 2767 2744 2701 2701 2744 2744 2744
    2744 2744 3859 3816 2835 2812 2767 2744 2744 2744 2744 2744 2767
    2744 2744 2812 2812 3859 3816 2835 2812 2767 2744 2744 2744 2744
    2767 2767 2789 2789 2789 1748 3859 3816 2812 2789 2767 2744 2744
    2744 2744 2767 2767 2767 2767 2767 1748 3816 3816 2812 2789 2744
    2744 2744 2744 2744 2744 2744 2744 2744 2744 1748 3816 2812 2789
    2789 2744 2744 2744 2744 2744 2744 2744 2744 2723 2723 2723 2812
    2812 2789 2767 2744 2744 2744 2744 2744 2744 2744 2744 2723 2723
    2723 2812 2812 2789 2767 2744 2744 2744 2744 2744 2744 2744 2744
    2723 2701 2701 2812 2812 2812 2789 2767 2744 2744 2744 2744 2744
    2744 2723 2723 2701 2701 3539 2812 2789 2767 2744 2744 2744 2744
    2744 2744 2744 2723 2723 2701 2701 3503 3503 2789 2767 2744 2744
    2744 2744 2744 2744 2744 2723 2723 2723 2723 3468 3468 2789 2744
    2744 2744 2744 2744 2723 2723 2723 2723 2723 2723 2723 3399 3399
    2744 2744 2744 2744 2723 2723 2723 2723 2723 2723 2723 2701 2701
    3399 3399 2744 2744 2744 2723 2723 2723 2723 2723 2723 2723 2723
    2701 2701 3399 3399 2723 2723 2723 2723 2723 2723 2723 2723 2723
    2723 2723 2701 2701 3399 3399 2701 2701 2723 2723 2723 2701 2701
    2723 2723 2723 2723 2701 2701 3903 2701 2701 2701 2723 2701 2701
    2701 2701 2723 2723 2723 2723 2723 2723 2835 2723 2723 2723 2723
    2701 2701 2701 2723 2723 2723 2723 2723 2723 2723 2835 2835 2744
    2723 2723 2701 2701 2723 2723 2723 2723 2701 2701 2723 2723 2835
    2812 2789 2744 2723 2701 2701 2723 2723 2723 2723 2701 2701 2701
    2723 2835 2812 2789 2744 2723 2723 2723 2723 2723 2723 2701 2701
    2701 2680 2680 3859 2812 2789 2744 2723 2723 2723 2723 2701 2701
    2701 2680 2680 2659 2659 3816 2812 2767 2744 2723 2723 2723 2723
    2701 2701 2680 2680 2680 2659 2659 2812 2812 2767 2744 2701 2701
    2701 2701 2701 2680 2680 2680 2659 2659 2659 2812 2789 2744 2744
    2701 2701 2701 2701 2701 2680 2680 2680 2659 2659 2659 2789 2767
    2744 2680 2680 2701 2701 2701 2680 2680 2680 2680 2680 2659 2659
    2789 2744 2744 2680 2680 2680 2680 2701 2680 2680 2680 2701 2701
    2701 2723 2767 2744 2723 2680 2680 2680 2680 2680 2701 2680 2680
    2701 2701 2723 2744 2744 2723 2723 2680 2659 2659 2659 2659 2680
    2701 2701 2680 2680 2723 2744 2744 2723 2723 2680 2659 2659 2659
    2659 2659 2701 2701 2680 2680 2701 0 2744 2723 2723 2680 2659 2659
    2659 2659 2659 2701 2701 2680 2680 2701 0 2744 2723 2723 2680 2659
    2659 2659 2659 2659 2701 2680 2680 2680 0 0 2789 2723 2680 2680 2659
    2659 2659 2680 2680 2680 2680 2680 2680 0 0 3576 2723 2680 2680 2680
    2680 2680 2701 2701 2659 2659 2659 2659 0 0 3539 2723 2680 2680 2680
    2680 2701 2723 2723 2659 2659 2659 2639 2639 0 3539 2723 2680 2659
    2659 2680 2701 2723 2680 2680 2659 2659 2639 2639 0 2744 2744 2680
    2659 2659 2659 2680 2680 2680 2659 2659 2659 2639 2639 2659 2744
    2744 2680 2659 2659 2659 2659 2659 2659 2659 2659 2659 2659 2659
    2659 3539 2744 2659 2659 2659 2659 2659 2659 2659 2659 2659 2659
    2659 2659 2659 3503 2723 2659 2659 2659 2639 2639 2659 2659 2659
    2659 2659 2659 2659 0 3503 2701 2659 2639 2639 2639 2639 2659 2659
    2659 2659 2659 2659 2659 0 3503 2701 2639 2639 2639 2618 2618 2639
    2639 2639 2659 2659 2659 2659 0 3576 2701 2639 2618 2618 2618 2618
    2639 2639 2639 2639 2639 2659 2659 0 3653 2701 2639 2618 2618 2618
    2618 2639 2639 2639 2639 2639 2659 2659 0 2744 2701 2659 2639 2639
    2639 2639 2639 2639 2639 2639 2639 2639 2618 2618 2723 2701 2659
    2639 2639 2618 2618 2639 2639 2639 2639 2639 2639 2598 2560 2723
    2701 2639 2639 2618 2618 2618 2618 2618 2639 2639 2639 2618 2579
    2560 2723 2680 2639 2639 2618 2618 2618 2618 2618 2639 2639 2639
    2618 2579 2579 2723 2680 2639 2639 2639 2618 2618 2618 2639 2639
    2639 2639 2618 2598 2598 3653 2680 2639 2639 2639 2639 2639 2639
    2639 2639 2639 2639 2639 2639 0 2723 2680 2639 2639 2639 2639 2639
    2639 2639 2639 2618 2618 2579 2579 0 2723 2680 2639 2639 2639 2639
    2639 2639 2639 2639 2618 2618 2579 2579 0 2723 2680 2639 2618 2618
    2639 2639 2639 2639 2618 2618 2598 2579 2579 2639 2659 2680 2639
    2618 2618 2639 2639 2639 2618 2598 2598 2598 2579 2579 2618 2659
    2659 2639 2639 2618 2618 2639 2639 2618 2598 2598 2598 2598 2598
    2618 2701 2659 2639 2598 2598 2618 2639 2639 2618 2618 2598 2579
    2579 2579 2579 2639 2639 2618 2598 2598 2618 2639 2618 2618 2618
    2598 2579 2579 2579 2579 2639 2639 2618 2618 2598 2598 2618 2618
    2618 2618 2598 2598 2579 2579 2579 2659 2659 2618 2618 2598 2598
    2618 2618 2618 2618 2598 2598 2579 2579 2579 2659 2659 2618 2618
    2618 2618 2618 2618 2618 2618 2618 2598 2579 2579 2579 3300 2639
    2639 2618 2618 2618 2618 2618 2618 2618 2618 2618 2579 2579 0 3269
    2639 2618 2618 2618 2618 2639 2618 2618 2618 2618 2639 2579 2579 0
    3269 2639 2618 2618 2618 2618 2639 2618 2618 2618 2618 2618 2579
    2579 2639 2639 2639 2618 2618 2639 2618 2618 2639 2618 2618 2618
    2618 2598 2598 2639 2639 2639 2618 2618 2618 2618 2618 2618 2598
    2598 2598 2598 2598 2598 0 2639 2639 2618 2579 2579 2598 2618 2618
    2598 2598 2598 2598 2598 2598 2639 2639 2639 2598 2579 2579 2579
    2598 2618 2618 2598 2598 2598 2598 2598 2639 2659 2639 2598 2579
    2579 2579 2598 2618 2618 2598 2598 2598 2598 2598 0</data></Depth0915>
</opencv_storage>
