<?xml version="1.0"?>
<opencv_storage>
<Depth2285 type_id="opencv-matrix">
  <rows>15</rows>
  <cols>4</cols>
  <dt>w</dt>
  <data>
    7492 7492 7492 7492 7660 7660 7660 7660 7660 7660 7660 7660 7835
    7835 7835 7660 7660 7660 7660 7660 7660 7660 7660 7660 7835 7835
    7660 7660 7835 7660 7660 7660 7835 7660 7660 7492 7835 7660 7660
    7492 7660 7660 7660 7660 7492 7492 7660 7660 7492 7492 7660 7492
    7660 7660 7492 7492 7660 7660 7492 7332</data></Depth2285>
</opencv_storage>
