<?xml version="1.0"?>
<opencv_storage>
<Depth5075 type_id="opencv-matrix">
  <rows>12</rows>
  <cols>8</cols>
  <dt>w</dt>
  <data>
    6146 6146 6146 6146 6038 6038 0 0 6146 6146 6146 6146 6038 6038 6038
    6038 6146 6146 6146 6146 6038 6038 6038 6038 6146 6146 6146 6146
    6038 6038 6038 6038 6038 6038 6038 6146 6146 6146 6038 6038 6146
    6038 6038 6146 6146 6146 6038 6038 6146 6038 6038 6038 6038 6038
    6038 6038 6038 6038 6038 5933 5933 5933 5933 6038 6038 6038 6038
    5933 5933 5933 5933 6038 6038 6038 6038 6038 6038 6038 6038 6038
    6038 6038 6038 6038 6038 6146 6038 6038 6146 6146 6038 6038 6259
    6259 6146 6038</data></Depth5075>
</opencv_storage>
