<?xml version="1.0"?>
<opencv_storage>
<Depth10293 type_id="opencv-matrix">
  <rows>65</rows>
  <cols>19</cols>
  <dt>w</dt>
  <data>
    3503 3503 3468 3433 3399 3399 3365 3365 2579 2579 2560 2541 2503
    2485 2450 2450 2432 2415 2398 3503 3503 3468 3399 3365 3365 3365
    3365 2579 2579 2560 2541 2485 2467 2450 2432 2415 2415 2398 3539
    3503 3468 3399 3365 3365 3365 3365 2579 2579 2560 2522 2485 2467
    2450 2432 2415 2398 2398 3539 3503 3468 3399 3399 3365 3365 3365
    2579 2560 2560 2522 2467 2467 2467 2467 2415 2398 2398 3539 3503
    3468 3399 3365 3365 3365 2618 2579 2560 2560 2560 2467 2467 2467
    2467 2415 2398 2398 3468 3468 3468 3399 3365 3365 3365 2598 2579
    2579 2560 2522 2467 2467 2467 2467 2415 2415 2398 3468 3468 3468
    3433 3399 3365 3365 2598 2598 2579 2560 2522 2485 2485 2485 2467
    2432 2415 2398 3503 3468 3468 3433 3399 3365 3365 2598 2598 2598
    2560 2541 2503 2503 2485 2467 2432 2432 2415 3503 3468 3433 3433
    3399 3399 3399 2598 2598 2598 2560 2541 2503 2485 2467 2467 2467
    2467 2415 3503 3468 3433 3433 3399 3399 2598 2598 2598 2560 2541
    2522 2503 2485 2467 2467 2467 2467 2415 3539 3503 3433 3399 3399
    3433 2598 2579 2579 2541 2522 2503 2485 2485 2485 2485 2467 2467
    2450 3539 3503 3433 3399 3399 3399 2560 2560 2560 2541 2503 2485
    2485 2485 2485 2485 2450 2450 2450 3503 3468 3433 3399 3399 3365
    2560 2560 2560 2541 2503 2485 2485 2485 2485 2485 2450 2450 2432
    3468 3433 3399 3399 3365 3333 3333 2560 2560 2541 2503 2485 2485
    2485 2467 2467 2450 2450 2432 3468 3433 3399 3365 3365 3333 2560
    2560 2560 2560 2522 2485 2485 2485 2467 2467 2467 2450 2432 3468
    3433 3399 3365 3365 3333 2560 2560 2560 2541 2541 2522 2503 2485
    2467 2467 2467 2450 2432 3433 3399 3365 3365 3333 2618 2560 2560
    2541 2541 2541 2522 2522 2485 2467 2467 2467 2450 2432 3433 3399
    3365 3333 3333 2618 2579 2560 2541 2541 2522 2522 2522 2503 2467
    2467 2467 2450 2432 3433 3399 3365 3333 2618 2598 2579 2560 2541
    2541 2522 2522 2522 2503 2485 2467 2467 2450 2432 3399 3365 3365
    3333 2598 2598 2579 2560 2541 2541 2522 2503 2503 2503 2485 2467
    2467 2450 2450 3399 3365 3333 2639 2598 2579 2579 2560 2541 2541
    2503 2503 2503 2503 2503 2485 2467 2450 2450 3365 3365 3333 2639
    2598 2579 2579 2560 2541 2541 2503 2503 2503 2503 2503 2485 2467
    2467 2450 3365 3365 3333 3333 2598 2579 2560 2541 2522 2522 2503
    2503 2503 2503 2503 2485 2485 2467 2467 3365 3333 3333 3333 2598
    2560 2560 2541 2522 2522 2503 2503 2503 2503 2485 2485 2467 2450
    2450 3365 3333 3333 3333 2598 2560 2560 2560 2522 2522 2503 2503
    2503 2503 2485 2485 2467 2450 2450 3365 3333 3333 3333 2560 2560
    2560 2541 2522 2522 2503 2503 2503 2485 2485 2485 2467 2432 2432
    3365 3333 3333 3333 2560 2560 2560 2541 2522 2522 2503 2503 2503
    2485 2485 2485 2467 2432 2432 3365 3333 3333 3333 2560 2560 2560
    2541 2522 2522 2503 2503 2503 2485 2485 2485 2450 2432 2432 3365
    3333 3300 2579 2579 2560 2541 2522 2485 2485 2485 2485 2485 2485
    2485 2467 2450 2432 2432 3333 3333 3300 2579 2579 2560 2541 2522
    2485 2485 2485 2485 2485 2485 2485 2467 2450 2432 2432 3333 3333
    3300 2579 2579 2560 2541 2522 2485 2485 2485 2467 2467 2485 2485
    2467 2467 2432 2432 3333 3333 3300 2579 2560 2541 2522 2522 2485
    2485 2485 2467 2467 2485 2485 2467 2467 2450 2450 3333 3333 3300
    3300 2560 2541 2522 2522 2485 2485 2485 2467 2467 2485 2467 2467
    2467 2450 2450 3333 3333 3333 3333 2560 2541 2541 2522 2503 2503
    2485 2467 2467 2467 2467 2467 2450 2450 2450 3333 3333 3333 2541
    2541 2541 2541 2485 2467 2467 2485 2467 2467 2467 2467 2450 2450
    2450 2450 3333 3333 2579 2541 2541 2541 2522 2485 2450 2450 2467
    2467 2467 2467 2467 2450 2450 2450 2450 3269 3269 2560 2541 2541
    2541 2503 2485 2450 2450 2450 2467 2467 2467 2467 2450 2450 2450
    2450 3269 3269 2560 2541 2541 2522 2485 2485 2467 2450 2450 2467
    2467 2467 2450 2450 2450 2450 0 3269 3269 2560 2541 2541 2503 2485
    2485 2467 2467 2467 2467 2467 2467 2450 2432 2432 2450 2450 3269
    3269 3269 2541 2541 2503 2485 2485 2467 2467 2467 2467 2467 2467
    2432 2432 2432 2432 2432 3269 3269 2541 2541 2522 2503 2485 2485
    2485 2467 2467 2485 2485 2467 2432 2432 2415 2415 2432 3300 3300
    2541 2541 2522 2503 2485 2485 2485 2485 2485 2485 2485 2467 2450
    2432 2415 2415 2432 3300 2541 2522 2522 2503 2485 2485 2485 2485
    2485 2485 2485 2485 2467 2467 2450 2432 2432 0 3300 2541 2522 2522
    2503 2485 2485 2485 2485 2485 2467 2467 2467 2467 2467 2450 2432
    2432 0 3300 2560 2522 2522 2485 2467 2467 2467 2467 2485 2467 2467
    2467 2467 2450 2415 2415 2415 0 3300 2541 2541 2522 2485 2467 2467
    2467 2467 2467 2467 2467 2467 2467 2450 2415 2381 2381 0 3300 2541
    2522 2503 2485 2467 2450 2450 2467 2467 2467 2467 2467 2450 2450
    2415 2381 2381 0 3269 2522 2522 2503 2485 2467 2450 2450 2467 2467
    2467 2467 2467 2450 2450 2432 2415 2415 0 3269 2522 2522 2503 2485
    2467 2450 2450 2467 2467 2467 2467 2467 2450 2450 2432 2415 2415 0
    2541 2522 2522 2503 2485 2467 2467 2467 2467 2467 2467 2467 2467
    2467 2450 2432 2432 0 0 2541 2541 2541 2503 2485 2467 2467 2467 2467
    2467 2467 2467 2467 2467 2432 2432 2432 0 0 2522 2541 2522 2485 2467
    2467 2467 2467 2467 2467 2467 2467 2467 2467 2432 2432 2432 0 0 2522
    2541 2522 2485 2467 2467 2467 2467 2467 2467 2467 2467 2467 2450
    2432 2415 2415 0 0 2560 2541 2503 2485 2467 2467 2467 2467 2467 2467
    2467 2467 2450 2450 2432 2415 2415 0 0 2560 2541 2503 2485 2467 2467
    2485 2467 2467 2467 2467 2467 2450 2450 2432 2398 2398 0 0 2560 2541
    2503 2485 2485 2485 2485 2467 2467 2467 2467 2467 2450 2450 2415
    2398 2398 0 0 2560 2541 2503 2485 2467 2467 2467 2467 2467 2485 2467
    2467 2450 2450 2415 2398 2398 0 0 2560 2541 2503 2485 2467 2467 2467
    2467 2467 2485 2467 2467 2467 2450 2415 2398 2398 0 0 2541 2541 2522
    2467 2467 2467 2485 2485 2485 2467 2467 2467 2467 2467 2415 2398
    2398 0 0 2541 2522 2522 2467 2467 2467 2467 2467 2467 2467 2467 2467
    2467 2467 2467 2467 0 0 0 2522 2522 2503 2485 2467 2467 2467 2467
    2467 2467 2467 2450 2450 2432 2432 2467 0 0 0 2522 2522 2503 2485
    2485 2485 2467 2467 2467 2467 2467 2450 2450 2432 2432 0 0 0 0 1189
    1189 2522 2503 2485 2485 2467 2467 2467 2467 2467 2467 2467 2467 0 0
    0 0 0 1189 1189 1189 2503 2503 2485 2485 2485 2485 2485 2467 2467
    2467 2467 0 0 0 0 0 1189 1189 1173 1165 1165 2485 2485 2485 2485
    2485 2485 2467 2467 2467 2503 0 0 0 0</data></Depth10293>
</opencv_storage>
