<?xml version="1.0"?>
<opencv_storage>
<Depth5077 type_id="opencv-matrix">
  <rows>57</rows>
  <cols>39</cols>
  <dt>w</dt>
  <data>
    4645 4645 4645 4645 4645 4645 4645 4582 4582 4522 4522 4522 4582
    4582 1766 1766 1766 1766 1833 1915 1915 1915 1936 1936 1936 4463
    4405 4405 4405 4405 4405 4405 4349 4295 4295 4295 4295 4241 4241
    4645 4645 4645 4645 4645 4645 4645 4582 4582 4522 4522 4522 4522
    1766 1766 1766 1766 1823 1833 1843 1863 1883 1926 1926 1926 1926
    4405 4405 4405 4405 4349 4349 4349 4349 4295 4295 4295 4295 4241
    4645 4645 4645 4645 4645 4645 4708 4708 1766 1766 1757 1757 1757
    1766 1766 1766 1766 1804 1823 1833 1853 1873 1894 1915 1926 1926
    4349 4349 4349 4405 4349 4349 4349 4349 4295 4295 4295 4295 4241
    4645 4645 4645 4582 4582 1766 1766 1766 1766 1766 1757 1748 1748
    1757 1766 1766 1776 1794 1813 1833 1853 1873 1894 1915 1926 1926
    4349 4349 4349 4405 4349 4349 4349 4349 4295 4295 4295 4295 4241
    4645 1785 1785 1785 1785 1766 1766 1766 1757 1748 1748 1748 1748
    1748 1757 1766 1776 1794 1813 1823 1853 1883 1894 1904 1915 1926
    4349 4349 4405 4405 4349 4349 4349 4295 4295 4295 4295 4241 4241
    1785 1785 1785 1785 1785 1776 1766 1766 1757 1748 1748 1748 1748
    1748 1757 1766 1794 1794 1804 1813 1843 1873 1894 1904 1915 1926
    1926 4405 4405 4405 4405 4349 4349 4295 4295 4295 4295 4241 4241
    1785 1785 1785 1785 1785 1776 1766 1766 1766 1757 1748 1748 1748
    1748 1757 1766 1776 1794 1804 1813 1823 1863 1883 1904 1926 1926
    1936 4405 4405 4405 4405 4405 4349 4349 4349 4349 4295 4295 4241
    1794 1785 1785 1785 1776 1776 1776 1766 1766 1766 1748 1748 1748
    1748 1757 1766 1776 1785 1794 1804 1813 1833 1873 1894 1915 1926
    1926 1926 4405 4405 4405 4405 4405 4405 4349 4349 4295 4295 4241
    1794 1794 1785 1785 1776 1776 1776 1766 1766 1766 1757 1757 1757
    1757 1757 1766 1776 1785 1785 1804 1813 1833 1873 1873 1904 1926
    1926 1926 4405 4405 4405 4405 4405 4405 4349 4349 4349 4295 4295
    1804 1794 1785 1776 1776 1776 1766 1766 1766 1766 1757 1757 1757
    1757 1757 1766 1766 1776 1776 1794 1804 1833 1863 1863 1883 1915
    1926 1926 1926 4405 4405 4349 4349 4349 4349 4349 4349 4295 4295
    1804 1794 1785 1776 1776 1776 1766 1766 1766 1766 1766 1766 1766
    1757 1757 1766 1766 1776 1776 1785 1804 1833 1853 1863 1883 1915
    1926 1926 1926 4405 4405 4349 4349 4349 4349 4349 4349 4295 4295
    1794 1794 1785 1776 1776 1776 1766 1766 1766 1766 1766 1766 1766
    1757 1757 1757 1766 1776 1776 1785 1804 1843 1853 1883 1883 1904
    1915 1915 1915 4405 4405 4349 4349 4349 4349 4349 4295 4295 4295
    1794 1794 1785 1776 1776 1776 1766 1766 1766 1766 1766 1766 1766
    1757 1757 1757 1757 1766 1776 1785 1794 1823 1843 1873 1873 1883
    1915 1915 1936 1936 4405 4349 4349 4405 4349 4349 4295 4295 4295
    1794 1794 1785 1776 1776 1776 1776 1776 1766 1766 1766 1757 1757
    1757 1748 1748 1757 1757 1766 1776 1794 1813 1833 1873 1873 1883
    1904 1904 1936 1936 4405 4349 4349 4349 4349 4349 4295 4295 4295
    1794 1794 1785 1776 1776 1776 1776 1776 1766 1766 1766 1757 1757
    1757 1748 1748 1748 1757 1757 1776 1785 1813 1833 1853 1873 1883
    1904 1904 1936 1936 4405 4405 4349 4349 4349 4349 4349 4295 4295
    1794 1794 1794 1785 1785 1776 1776 1776 1766 1766 1766 1766 1757
    1757 1739 1739 1739 1748 1757 1766 1785 1813 1833 1843 1863 1883
    1894 1904 1926 1926 4405 4405 4405 4349 4349 4349 4349 4295 4295
    1794 1794 1794 1785 1785 1776 1776 1776 1766 1766 1766 1766 1757
    1748 1739 1739 1739 1748 1766 1766 1785 1804 1823 1843 1853 1873
    1883 1904 1926 1926 4349 4349 4405 4349 4349 4349 4349 4295 4295
    1804 1804 1794 1785 1785 1776 1776 1776 1766 1766 1766 1757 1757
    1748 1739 1739 1739 1748 1766 1766 1794 1804 1823 1833 1853 1863
    1883 1904 1915 1915 4349 4349 4349 4349 4349 4349 4295 4295 4295
    1794 1794 1785 1785 1776 1776 1776 1776 1776 1766 1766 1757 1757
    1748 1739 1739 1739 1748 1757 1757 1785 1794 1823 1833 1843 1863
    1883 1904 1904 1904 1915 4349 4349 4349 4349 4349 4295 4295 4295
    1794 1794 1785 1785 1776 1776 1776 1776 1776 1766 1766 1757 1757
    1748 1748 1739 1739 1748 1748 1757 1776 1785 1804 1833 1843 1853
    1873 1894 1904 1904 1915 1915 4295 4295 4295 4349 4295 4295 4295
    4774 1785 1785 1785 1776 1776 1776 1776 1776 1766 1766 1757 1757
    1748 1748 1739 1739 1748 1748 1748 1766 1785 1794 1823 1833 1843
    1873 1883 1894 1904 1915 1915 4295 4295 4295 4295 4295 4295 4295
    4774 1785 1776 1776 1776 1776 1776 1776 1776 1766 1766 1757 1757
    1757 1748 1748 1748 1739 1739 1748 1757 1776 1794 1813 1823 1843
    1863 1873 1894 1894 1904 1915 1915 4295 4295 4295 4295 4295 4295
    4708 4708 1776 1776 1776 1776 1776 1776 1776 1766 1766 1766 1757
    1757 1748 1748 1739 1739 1739 1748 1757 1776 1785 1804 1804 1823
    1853 1873 1883 1894 1904 1904 1904 4295 4295 4349 4349 4349 4349
    4708 4708 1776 1776 1776 1776 1776 1776 1776 1766 1766 1766 1766
    1757 1748 1748 1739 1739 1739 1748 1757 1766 1785 1794 1804 1823
    1843 1863 1873 1894 1904 1904 1904 4295 4295 4349 4349 4349 4349
    4708 4708 4708 1776 1776 1785 1776 1776 1776 1766 1766 1766 1766
    1757 1748 1748 1739 1739 1739 1739 1748 1766 1785 1794 1804 1823
    1843 1853 1863 1894 1904 1904 1904 4295 4295 4349 4349 4349 4349
    4708 4645 4645 1776 1776 1785 1776 1776 1776 1766 1766 1766 1766
    1766 1757 1748 1739 1739 1739 1739 1748 1748 1766 1776 1794 1813
    1823 1843 1863 1883 1894 1904 1904 1904 4295 4295 4295 4295 4295
    4708 4645 4645 4645 1785 1785 1776 1776 1776 1766 1766 1766 1766
    1766 1766 1748 1748 1739 1739 1739 1739 1748 1757 1776 1785 1804
    1823 1833 1843 1873 1894 1904 1904 1904 4295 4295 4241 4241 4241
    4774 4708 4708 4708 1785 1785 1776 1776 1776 1776 1766 1766 1766
    1766 1766 1748 1739 1739 1739 1739 1739 1739 1757 1766 1776 1794
    1804 1823 1843 1873 1883 1894 1904 1904 4295 4295 4241 4241 4241
    4774 4708 4708 4708 1794 1794 1776 1776 1776 1776 1766 1766 1766
    1766 1766 1748 1739 1739 1731 1731 1731 1731 1748 1766 1776 1794
    1804 1823 1843 1863 1883 1894 1894 1904 1904 4295 4295 4295 4295
    4774 4774 4708 4708 4708 1776 1776 1776 1776 1776 1766 1766 1766
    1766 1757 1748 1739 1739 1731 1731 1731 1731 1748 1757 1766 1785
    1804 1813 1833 1853 1873 1894 1894 1904 1915 4295 4295 4295 4295
    4708 4708 4708 4708 4708 1776 1776 1776 1776 1776 1776 1766 1766
    1766 1757 1748 1748 1739 1739 1731 1731 1731 1739 1748 1757 1776
    1794 1813 1823 1833 1863 1883 1894 1894 1904 1904 4349 4349 4295
    4708 4708 4708 4708 4708 1785 1785 1785 1776 1776 1776 1766 1766
    1766 1757 1748 1748 1739 1739 1739 1731 1731 1739 1739 1757 1776
    1794 1813 1823 1823 1853 1873 1894 1894 1904 1904 4349 4295 4295
    4774 4774 4774 4774 4774 1794 1794 1794 1785 1776 1776 1766 1766
    1766 1757 1757 1757 1748 1739 1739 1739 1739 1739 1739 1757 1766
    1794 1804 1813 1823 1853 1873 1894 1894 1904 1904 1904 4295 4295
    4708 4774 4708 4708 4708 4708 1794 1794 1785 1776 1776 1766 1766
    1766 1766 1757 1757 1748 1748 1739 1739 1739 1739 1739 1748 1766
    1776 1794 1804 1823 1853 1863 1883 1894 1894 1904 1904 4190 4190
    4708 4774 4708 4708 4708 0 1794 1794 1785 1776 1776 1766 1766 1766
    1766 1757 1757 1748 1748 1739 1739 1739 1739 1739 1748 1766 1776
    1776 1794 1804 1843 1853 1873 1883 1894 1904 1904 4190 4190 4708
    4708 4708 4708 4708 4708 1794 1794 1785 1776 1776 1766 1766 1766
    1766 1757 1748 1748 1739 1739 1739 1739 1739 1739 1739 1748 1766
    1776 1785 1804 1823 1853 1863 1873 1883 1894 1904 1904 4241 4708
    4708 4708 4708 4708 4708 4708 1776 1776 1776 1776 1766 1766 1766
    1766 1748 1748 1748 1739 1739 1739 1739 1731 1731 1739 1748 1757
    1766 1776 1794 1813 1843 1853 1863 1883 1894 1904 1904 4190 4645
    4708 4708 4708 4708 4708 4708 1776 1776 1776 1776 1776 1776 1766
    1766 1748 1748 1739 1739 1739 1739 1739 1731 1731 1739 1739 1757
