<?xml version="1.0"?>
<opencv_storage>
<Depth15835 type_id="opencv-matrix">
  <rows>134</rows>
  <cols>51</cols>
  <dt>w</dt>
  <data>
    6753 6753 6753 0 0 0 0 0 0 0 0 0 0 0 0 0 0 0 0 0 0 0 0 0 0 744 744
    742 742 742 742 738 738 738 738 738 738 725 0 0 0 0 5832 5832 5832
    5734 5734 5734 5734 5734 5734 0 0 0 0 0 0 0 0 0 0 0 0 0 0 0 0 0 0 0
    0 0 0 0 0 0 742 742 741 741 741 0 0 738 738 738 738 725 725 725 725
    0 0 0 5832 5734 5734 5640 5640 5734 5734 5734 0 0 0 0 0 0 0 0 0 0 0
    0 0 0 0 0 0 0 0 0 0 0 0 0 0 742 742 741 741 741 739 728 730 730 725
    725 725 725 725 0 0 0 0 0 5734 5734 5640 5640 5734 5734 5734 0 0 0 0
    0 0 0 0 0 0 0 0 0 0 0 0 0 730 730 730 731 0 0 0 0 0 741 741 739 739
    739 728 728 728 725 725 725 723 723 719 719 0 0 0 0 0 0 5734 5734
    5832 5734 0 0 0 0 0 0 0 0 0 0 0 0 733 733 733 733 733 730 730 730
    730 730 730 730 730 730 730 730 733 731 730 728 728 727 725 725 725
    723 723 719 719 0 0 0 0 0 0 0 0 5832 5734 0 742 742 741 739 738 738
    736 736 734 734 734 733 733 733 733 733 731 731 731 730 730 730 730
    730 730 730 730 730 730 730 728 728 727 725 725 725 723 723 719 719
    0 0 0 0 0 0 0 0 5832 5734 0 742 741 741 739 738 738 736 736 734 734
    734 734 734 734 734 734 734 734 731 731 731 731 730 730 730 730 730
    730 730 728 728 727 727 727 725 725 725 723 719 719 0 0 0 0 0 0 0 0
    5734 5734 742 742 741 739 738 738 738 738 736 736 736 736 734 734
    734 734 736 736 734 733 731 731 731 731 730 730 730 730 730 730 728
    728 727 727 727 727 727 725 723 720 720 0 0 0 0 0 0 0 0 5734 5734
    742 742 741 739 738 738 738 738 738 736 736 736 736 736 734 734 736
    736 733 731 731 731 731 731 730 730 730 728 728 730 728 728 727 727
    728 727 727 725 725 723 723 0 0 0 0 0 0 0 0 5640 5640 744 742 741
    739 738 738 738 738 738 738 738 736 736 736 736 736 734 734 733 731
    731 731 731 731 730 730 730 728 728 730 728 728 727 727 728 728 728
    725 725 723 723 0 0 0 0 0 0 0 0 5640 5640 744 744 741 739 738 738
    738 739 739 738 738 738 738 738 736 736 734 734 733 733 731 731 733
    731 730 730 730 730 730 730 730 730 728 728 728 728 728 727 725 723
    723 0 0 0 0 0 0 0 0 5640 5640 746 744 742 741 739 738 738 739 739
    738 738 738 738 738 736 736 734 734 733 733 733 733 733 731 731 731
    730 730 730 730 730 730 730 730 730 730 728 727 725 723 723 0 0 0 0
    0 0 0 0 5640 5640 746 744 742 742 741 741 741 741 741 739 739 738
    738 738 738 736 736 736 734 734 733 733 734 733 731 731 731 730 730
    730 730 730 730 730 730 730 728 727 725 723 723 0 0 0 0 0 0 0 0 0
    5734 746 744 742 742 741 741 741 741 741 739 739 739 739 738 738 738
    736 736 734 734 734 734 734 734 733 733 731 731 731 730 730 730 730
    730 730 730 728 728 727 725 725 0 0 0 0 0 0 0 0 5734 5734 749 744
    742 742 742 742 741 741 741 739 739 739 739 738 738 738 736 736 734
    734 736 734 734 734 733 733 733 731 731 730 730 730 730 730 730 730
    728 728 727 725 725 0 0 0 0 0 0 0 0 5734 5734 749 744 744 742 742
    742 742 742 741 741 741 741 739 738 738 738 736 736 734 734 736 736
    736 734 733 733 733 731 731 730 730 730 730 730 730 730 730 728 727
    725 725 0 0 0 0 0 0 0 0 5734 5734 747 744 744 742 742 742 742 742
    742 741 741 741 739 739 738 738 736 736 734 734 736 736 736 734 733
    733 733 731 731 731 731 731 730 730 730 730 730 728 727 727 727 0 0
    0 0 0 0 0 0 5832 5734 746 744 744 742 742 742 742 742 742 742 742
    741 739 739 738 738 736 736 736 736 736 736 736 734 733 733 733 731
    731 731 731 731 730 730 730 730 730 728 728 728 728 728 0 0 0 0 0 0
    0 5832 5734 746 744 744 742 742 742 742 742 742 742 741 741 739 739
    738 738 736 736 736 736 736 736 736 736 734 734 734 733 733 733 733
    731 731 730 730 730 731 730 728 728 728 728 0 0 0 0 0 0 0 0 5734 746
    744 744 742 742 742 742 744 742 742 741 741 739 738 738 738 738 738
    738 738 736 736 736 736 734 734 734 733 733 733 733 733 731 731 731
    731 731 730 728 728 727 727 0 0 0 0 0 0 0 0 5734 746 744 744 742 742
    742 742 744 744 742 742 741 739 738 738 738 738 738 738 738 738 736
    736 736 736 734 734 733 733 733 733 733 731 731 730 730 731 730 728
    728 727 727 0 0 0 0 0 0 0 0 5734 747 746 744 742 742 742 744 744 744
    744 742 742 739 738 738 738 738 738 738 738 738 738 736 736 736 734
    734 734 733 733 733 733 731 731 730 730 731 730 728 728 727 727 0 0
    0 0 0 0 0 0 5832 749 749 746 744 744 744 744 744 744 744 742 742 741
    739 739 739 739 739 739 738 738 738 736 736 736 734 734 734 733 733
    733 733 731 731 731 731 731 730 730 728 727 727 0 0 0 0 0 0 0 0 5734
    749 749 746 744 744 744 744 744 744 744 742 742 741 741 741 741 741
    741 739 739 738 738 738 738 736 734 734 734 733 733 733 733 731 731
    731 731 731 731 730 728 727 727 0 0 0 0 0 0 0 0 5734 750 750 747 746
    746 746 746 746 744 744 744 744 742 741 741 741 741 741 739 739 738
    738 738 738 738 736 736 736 736 736 733 733 731 731 731 731 731 731
    730 730 728 728 0 0 0 0 0 0 0 0 5640 0 749 749 747 747 746 746 746
    744 744 744 744 742 742 742 741 741 739 739 739 738 738 738 738 738
    736 736 736 736 736 736 734 733 731 731 731 733 731 731 730 730 730
    730 0 0 0 0 0 0 0 5640 0 749 749 749 747 747 747 746 746 744 744 744
    742 742 742 741 741 739 739 739 738 738 738 738 738 738 738 736 736
    736 736 736 734 731 731 733 733 733 731 731 730 730 730 0 0 0 0 0 0
    0 0 0 749 749 749 747 747 747 747 747 746 744 744 744 742 742 741
    741 739 739 739 739 739 738 738 738 738 738 738 738 738 738 736 736
    733 733 733 733 733 731 731 731 731 731 738 738 0 0 0 0 0 0 0 749
    749 747 747 747 747 747 747 746 744 744 744 744 742 742 742 741 741
    741 739 739 739 738 738 738 738 738 738 738 738 736 736 733 733 733
    734 734 733 731 731 731 731 736 738 0 0 0 0 0 0 0 749 749 747 747
    747 747 747 747 746 746 744 744 744 744 742 742 741 741 741 741 741
    741 739 739 738 738 738 738 738 738 736 736 734 734 734 734 733 733
    731 731 731 731 733 738 0 0 0 0 0 0 0 749 749 749 747 747 747 746
    746 746 746 744 744 744 744 744 744 742 742 742 741 741 741 739 739
    738 738 738 738 738 738 736 736 734 734 734 734 733 733 731 731 731
    731 731 739 0 0 0 0 0 0 757 750 749 749 747 747 747 746 746 746 746
    744 744 744 744 744 744 744 742 742 742 741 741 739 739 738 738 738
    738 738 738 738 736 736 736 736 736 734 734 733 731 731 730 730 0 0
    0 0 0 0 0 757 752 750 749 749 747 747 746 746 746 746 744 744 744
    744 744 744 744 742 742 742 741 741 739 739 739 739 738 738 739 738
    738 736 736 736 734 734 734 734 733 731 731 730 730 0 0 0 0 0 0 0
    757 752 752 750 749 747 747 746 746 746 746 746 744 744 744 744 744
    744 744 742 742 742 741 739 739 739 739 738 738 739 738 738 736 736
    736 734 734 734 734 734 731 731 731 731 0 0 0 0 0 0 0 755 752 752
    750 749 749 747 747 747 747 747 746 744 744 744 744 744 744 744 742
    742 742 741 741 741 739 739 738 738 738 738 738 736 736 734 734 734
    734 736 734 733 731 731 0 0 0 0 0 0 0 0 755 752 752 750 749 749 747
    747 747 747 747 747 746 744 744 744 744 744 744 742 742 742 742 742
    741 741 739 739 739 738 738 738 736 736 734 734 734 734 736 734 733
    731 731 731 0 0 0 0 0 0 0 755 755 754 750 750 749 749 747 747 747
    749 749 747 747 746 746 746 744 744 744 744 742 742 742 741 741 741
    739 739 738 738 738 736 736 734 734 734 734 736 734 734 731 730 730
    0 0 0 0 0 0 0 757 757 755 754 750 749 749 749 749 749 749 749 749
    747 746 746 746 744 744 744 744 742 742 742 741 741 741 741 741 738
    738 738 738 736 736 736 736 736 736 734 734 731 730 730 0 0 0 0 0 0
    0 0 757 755 754 750 749 749 749 749 749 749 749 749 749 746 746 746
    744 744 744 742 742 742 742 741 741 741 741 741 739 738 738 738 738
    736 736 736 736 736 736 734 733 730 730 0 0 0 0 0 0 0 0 757 755 754
    750 750 750 749 749 750 749 749 749 749 747 746 746 746 744 744 742
    742 742 742 742 742 741 741 739 739 739 739 739 738 738 736 736 736
