<?xml version="1.0"?>
<opencv_storage>
<Depth11732 type_id="opencv-matrix">
  <rows>78</rows>
  <cols>30</cols>
  <dt>w</dt>
  <data>
    5056 1883 1873 1873 1873 1873 1873 5132 5132 5132 5132 5056 5056
    5210 5210 5291 5374 5374 5210 5210 5210 5210 5210 5132 5056 5056
    4983 4983 4983 4983 5056 1873 1863 1853 1853 1853 1853 1843 1843
    5132 5132 4911 4911 1663 1663 1663 1663 1663 5210 5210 5210 5210
    5132 5056 5056 4983 4983 4983 4983 4911 5056 1873 1863 1853 1853
    1853 1853 1843 1833 1813 1794 1794 1663 1663 1655 1655 1663 1663
    5291 5291 5210 5210 5132 5056 5056 4983 4983 4983 4911 4911 5056
    4983 4983 4983 1739 1739 1739 1748 1748 1766 1731 1680 1663 1663
    1655 1655 1655 1655 1655 5291 5132 5132 5132 5132 5056 4983 4983
    4983 4911 4911 1671 1671 1671 1671 1680 1680 1696 1696 1713 1713
    1688 1671 1663 1655 1647 1647 1655 1655 1655 1655 5132 5132 5132
    5132 5056 4983 4983 4983 4911 4911 1655 1655 1663 1663 1671 1671
    1671 1671 1671 1663 1663 1663 1663 1647 1647 1647 1647 1647 1655
    1655 5132 5132 5132 5056 5056 4983 4983 4983 4911 4911 1655 1655
    1663 1663 1663 1663 1663 1663 1655 1655 1655 1655 1647 1647 1639
    1639 1639 1647 1647 1647 5056 5056 5056 5056 5056 4983 4983 4983
    4911 4911 1655 1655 1655 1655 1655 1655 1655 1655 1655 1647 1647
    1647 1647 1647 1639 1639 1639 1647 1647 1647 5056 5056 5056 5056
    5056 5056 4983 4983 4983 4911 1663 1655 1647 1647 1655 1655 1655
    1655 1647 1647 1647 1647 1647 1647 1639 1639 1639 1647 1647 1655
    1655 5056 5056 5056 5056 5056 4983 4983 4983 4911 1663 1655 1647
    1647 1655 1655 1655 1655 1647 1647 1647 1647 1639 1639 1639 1639
    1639 1647 1647 1655 1655 5210 5210 5210 5056 5056 4983 4983 4983
    4911 1663 1655 1647 1647 1647 1647 1647 1647 1647 1647 1647 1639
    1639 1639 1639 1639 1639 1647 1647 1655 1655 1655 5291 5056 5056
    5056 4983 4983 4983 4911 1663 1655 1647 1647 1647 1647 1647 1647
    1647 1647 1647 1639 1639 1639 1639 1639 1639 1655 1647 1647 1655
    1655 5056 5056 5056 4983 4983 4983 4983 4911 1655 1655 1655 1655
    1655 1655 1655 1655 1647 1647 1647 1639 1639 1639 1639 1639 1639
    1655 1647 1647 1647 1655 5056 5056 5056 4983 4983 4983 4983 4911
    1647 1655 1655 1655 1655 1647 1647 1647 1647 1647 1647 1647 1647
    1647 1639 1639 1639 1655 1647 1647 1655 1655 1655 5056 5056 5056
    5056 4983 4983 4911 1647 1655 1655 1655 1655 1647 1647 1647 1647
    1647 1647 1647 1647 1647 1647 1647 1647 1655 1655 1655 1655 1655
    1655 5056 5056 5056 5056 4983 4983 4911 1655 1655 1655 1655 1655
    1655 1647 1647 1647 1647 1647 1647 1647 1655 1647 1647 1647 1647
    1655 1655 1655 1663 1663 5210 5056 5056 5056 5056 4983 4983 1663
    1663 1663 1655 1655 1655 1647 1647 1647 1647 1647 1647 1647 1647
    1647 1647 1647 1647 1655 1655 1655 1663 1663 5210 5132 5056 5056
    5056 4983 4983 1663 1663 1663 1655 1655 1655 1647 1647 1647 1647
    1647 1647 1647 1647 1647 1647 1647 1647 1647 1647 1655 1655 1655
    5210 5210 5056 5056 5056 5056 4983 1663 1663 1663 1655 1655 1655
    1647 1647 1647 1647 1647 1647 1647 1639 1639 1639 1647 1647 1647
    1647 1655 1655 1655 5132 5132 5056 5056 5056 5056 4983 1663 1655
    1655 1655 1655 1647 1647 1647 1647 1647 1647 1639 1639 1639 1639
    1639 1647 1647 1647 1647 1647 1655 1655 5132 5132 5132 5056 5056
    5056 4983 1663 1655 1655 1655 1647 1647 1647 1655 1655 1647 1647
    1639 1639 1639 1639 1647 1647 1647 1647 1647 1647 1647 5132 5132
    5056 5056 5056 5056 5056 4983 1663 1655 1655 1655 1647 1647 1647
    1655 1655 1647 1647 1639 1639 1639 1639 1639 1647 1647 1647 1647
    1647 1647 5056 5056 5056 5056 5056 5056 4983 4983 1663 1655 1655
    1655 1647 1647 1647 1647 1647 1647 1647 1639 1639 1639 1639 1639
    1639 1655 1647 1647 1639 1639 1639 5056 5056 5056 5056 4983 4983
    4983 1663 1655 1655 1647 1647 1647 1647 1647 1647 1647 1647 1639
    1639 1639 1639 1639 1639 1655 1647 1647 1639 1639 1639 5056 5056
    5056 5056 4983 4983 4983 1663 1655 1655 1647 1647 1647 1647 1647
    1647 1647 1647 1647 1639 1639 1639 1639 1647 1647 1647 1647 1639
    1639 1639 5056 5056 5056 5056 5056 5056 4983 1663 1655 1647 1647
    1647 1647 1647 1647 1647 1647 1647 1647 1647 1639 1639 1639 1647
    1647 1647 1647 1639 1639 1639 5056 5056 5056 5056 4983 4983 4983
    1671 1655 1647 1647 1647 1647 1655 1655 1647 1647 1647 1647 1647
    1639 1639 1639 1647 1647 1647 1647 1639 1639 1639 5132 5132 5056
    5056 4983 4983 4983 1680 1655 1647 1647 1647 1647 1655 1647 1647
    1647 1647 1647 1647 1647 1639 1639 1647 1647 1647 1647 1639 1639
    1639 4983 4983 4983 4983 4983 4983 4983 4983 1655 1647 1647 1647
    1647 1647 1647 1647 1647 1647 1647 1647 1639 1639 1639 1647 1647
    1647 1647 1639 1639 1639 4983 4983 4983 4983 4983 4983 4983 1663
    1655 1647 1647 1647 1647 1647 1647 1647 1647 1647 1647 1647 1639
    1639 1639 1647 1647 1647 1647 1639 1639 1639 4983 4983 4983 4983
    4983 4983 4911 1663 1663 1655 1647 1647 1647 1647 1647 1647 1647
    1647 1647 1647 1639 1639 1639 1647 1647 1647 1647 1639 1639 1647
    1647 4983 4983 4983 4983 4983 4911 4983 1663 1655 1647 1647 1647
    1647 1647 1647 1647 1647 1647 1647 1639 1639 1639 1647 1647 1647
    1647 1647 1647 1647 1647 5056 5056 4983 4983 4983 4983 4983 1663
    1655 1655 1647 1647 1655 1655 1647 1647 1647 1647 1647 1647 1639
    1639 1647 1647 1647 1647 1647 1647 1647 1647 1647 4983 4983 4983
    4983 4983 4983 1663 1655 1655 1655 1655 1655 1655 1647 1647 1647
    1647 1647 1647 1647 1647 1647 1647 1647 1647 1647 1639 1639 1639
    1639 5056 5056 5056 4983 4983 4983 1663 1655 1655 1655 1655 1655
    1655 1647 1647 1647 1647 1647 1647 1647 1647 1655 1647 1647 1647
    1647 1639 1639 1639 1639 5056 5056 5056 5056 5056 4842 1647 1647
    1647 1647 1655 1655 1655 1647 1647 1647 1647 1647 1639 1639 1647
    1655 1655 1647 1647 1647 1639 1639 1639 5056 5056 5056 5056 5056
    5056 4774 1647 1647 1647 1647 1655 1655 1655 1655 1655 1655 1647
    1647 1639 1639 1647 1655 1655 1647 1647 1647 1639 1639 1639 1639
    5056 5056 5056 5056 4983 4774 1655 1655 1655 1655 1655 1655 1655
    1655 1655 1655 1647 1647 1639 1639 1647 1647 1647 1655 1647 1647
    1639 1639 1639 1639 5056 5056 5056 5056 4983 4983 1655 1655 1655
    1655 1655 1655 1655 1655 1655 1655 1655 1647 1639 1639 1647 1647
    1647 1647 1647 1647 1647 1639 1639 1639 5056 5056 5056 5056 4983
    4983 4983 1655 1655 1655 1655 1647 1647 1647 1647 1647 1647 1647
    1647 1647 1647 1647 1647 1647 1647 1647 1647 1639 1639 1639 5056
    5056 5056 5056 4983 4983 4983 1655 1655 1655 1647 1647 1647 1647
    1647 1647 1639 1639 1639 1647 1647 1647 1647 1647 1647 1647 1647
    1639 1639 1639 5056 5056 5056 5056 4983 4983 1671 1663 1655 1655
    1647 1647 1647 1647 1647 1647 1639 1639 1639 1639 1647 1647 1647
    1647 1647 1647 1647 1639 1639 1639 5132 5132 5056 5056 4983 5056
    1671 1663 1655 1655 1655 1655 1647 1647 1647 1647 1639 1639 1639
    1639 1639 1647 1647 1647 1647 1647 1647 1647 1647 1647 5132 5132
    5056 5056 4983 5056 1671 1663 1655 1655 1655 1655 1655 1655 1647
    1647 1647 1639 1639 1639 1639 1647 1647 1647 1647 1647 1647 1647
    1647 1647 5132 5132 5056 4983 4983 5056 1663 1655 1655 1655 1655
    1647 1647 1647 1647 1647 1647 1647 1639 1639 1639 1647 1647 1647
    1647 1647 1647 1647 1647 1647 1647 5132 4983 4983 4983 4983 1663
    1655 1655 1655 1655 1647 1647 1647 1647 1647 1647 1647 1639 1639
    1639 1647 1647 1647 1647 1647 1647 1647 1647 1647 1647 5132 3774
    3774 4911 4842 4842 4983 1655 1655 1647 1647 1647 1647 1647 1647
    1647 1647 1647 1639 1639 1647 1647 1647 1647 1647 1647 1647 1647
    1655 1655 3774 3774 3774 3732 4842 4842 4842 1647 1647 1647 1647
    1647 1647 1647 1647 1647 1647 1639 1639 1639 1647 1647 1647 1647
    1647 1647 1647 1647 1647 1655 1655 3732 3732 3732 4708 4708 4708
    1639 1639 1639 1647 1647 1647 1647 1647 1647 1639 1639 1639 1639
    1647 1647 1647 1647 1647 1647 1647 1647 1647 1647 1647 3732 3732
    3732 4582 4708 4708 1632 1632 1639 1639 1647 1647 1647 1647 1639
