<?xml version="1.0"?>
<opencv_storage>
<Depth13431 type_id="opencv-matrix">
  <rows>7</rows>
  <cols>24</cols>
  <dt>w</dt>
  <data>
    6753 6753 6753 5548 5548 5548 5548 5548 5460 5374 5374 5374 5460
    5460 5460 5460 5460 5460 5460 5460 5460 5460 5460 5460 5460 5548
    5548 5548 5548 5548 5548 5460 5460 5374 5374 5374 5374 5460 5460
    5548 5460 5460 5460 5460 5460 5460 5460 5460 5460 5548 5548 5548
    5460 5460 5460 5460 5460 5460 5374 5374 5374 5460 5460 5548 5548
    5460 5460 5460 5460 5460 5548 5460 5548 5548 5548 5460 5460 5460
    5460 5460 5460 5460 5460 5460 5460 5460 5460 5548 5548 5460 5460
    5460 5460 5460 5460 5460 5548 5548 5548 5460 5460 5460 5460 5460
    5460 5374 5374 5374 5548 5548 5548 0 5548 5548 5548 5548 5460 5460
    5460 5460 0 5548 5548 5460 5374 5374 5374 5374 5374 5374 5374 5374 0
    0 0 0 5548 5548 5548 5548 5548 5548 5460 5460 0 5640 5548 5460 5374
    5374 5056 5056 5210 5210 5374 0 0 0 0 0 0 0 5548 5548 5548 5548 5460
    3732</data></Depth13431>
</opencv_storage>
