<?xml version="1.0"?>
<opencv_storage>
<Depth7651 type_id="opencv-matrix">
  <rows>56</rows>
  <cols>37</cols>
  <dt>w</dt>
  <data>
    5374 5374 5374 5374 5374 5460 5460 5460 5460 5460 5460 5548 5640
    5640 5640 5640 5734 5832 5734 5734 5832 5933 5933 1794 1794 1794
    1813 1823 1823 1823 1833 1833 1833 1833 5933 5933 5933 5374 5374
    5374 5374 5460 5374 5374 5374 5374 5374 1688 1663 1663 1655 1655
    5640 5640 5832 5734 5734 1731 1731 1748 1748 1766 1766 1794 1794
    1813 1823 1833 1823 1823 1823 5933 5933 5933 5291 5374 5374 5374
    1680 1680 1688 1696 1705 1705 1688 1663 1663 1655 1647 1647 1647
    1647 1722 1722 1722 1722 1722 1731 1739 1766 1766 1776 1776 1794
    1813 1823 1823 1823 5933 5933 5933 5291 5374 5460 1671 1671 1680
    1688 1688 1688 1688 1680 1655 1655 1647 1639 1639 1639 1655 1705
    1705 1705 1713 1713 1722 1731 1748 1766 1766 1776 1785 1794 1813
    1823 1823 5933 5933 5933 5210 1655 1655 1655 1663 1671 1680 1680
    1671 1671 1655 1639 1639 1632 1632 1632 1647 1655 1655 1671 1696
    1705 1705 1722 1722 1739 1757 1766 1766 1776 1794 1804 1813 1813
    5933 5933 5933 1655 1655 1655 1655 1663 1671 1671 1655 1647 1647
    1639 1624 1624 1632 1632 1632 1647 1655 1655 1663 1696 1696 1705
    1713 1722 1739 1757 1766 1766 1776 1794 1804 1813 1813 5933 5933
    5933 1655 1655 1655 1655 1647 1647 1639 1639 1639 1639 1639 1624
    1624 1632 1632 1632 1639 1647 1655 1663 1688 1688 1696 1713 1722
    1739 1748 1766 1766 1785 1794 1804 1813 1823 1823 6038 5933 1663
    1655 1655 1655 1647 1647 1639 1639 1639 1639 1632 1624 1624 1632
    1632 1632 1639 1647 1663 1663 1688 1688 1696 1713 1722 1731 1748
    1757 1766 1785 1794 1804 1804 1813 1813 5933 5933 1655 1655 1655
    1655 1647 1647 1647 1639 1632 1632 1632 1624 1624 1632 1632 1632
    1639 1647 1655 1655 1671 1688 1696 1713 1722 1731 1748 1757 1766
    1776 1794 1804 1804 1794 1794 1794 5933 1655 1655 1655 1655 1647
    1647 1647 1639 1632 1632 1632 1624 1624 1632 1632 1632 1639 1647
    1655 1655 1671 1688 1696 1705 1713 1722 1731 1757 1766 1766 1785
    1794 1804 1794 1794 1794 5832 1663 1655 1655 1655 1647 1647 1647
    1639 1632 1632 1624 1624 1624 1632 1632 1632 1639 1647 1655 1655
    1663 1680 1688 1705 1713 1722 1731 1748 1757 1766 1776 1785 1804
    1794 1794 1794 5832 1655 1655 1655 1655 1647 1647 1639 1639 1632
    1624 1624 1624 1624 1632 1632 1632 1632 1647 1655 1655 1663 1680
    1688 1696 1713 1722 1731 1748 1757 1766 1776 1785 1794 1794 1794
    1794 5832 1655 1655 1655 1647 1647 1647 1639 1639 1632 1624 1624
    1624 1624 1632 1632 1632 1632 1647 1655 1663 1663 1680 1688 1696
    1713 1722 1731 1748 1757 1766 1776 1785 1794 1804 1804 1804 5832
    1655 1655 1655 1647 1647 1647 1639 1639 1632 1624 1624 1624 1624
    1624 1624 1624 1632 1647 1655 1663 1663 1680 1688 1696 1713 1722
    1731 1739 1757 1766 1776 1785 1794 1794 1804 1804 5832 1655 1655
    1655 1647 1647 1647 1639 1639 1632 1624 1624 1624 1624 1624 1624
    1624 1632 1639 1655 1663 1663 1680 1688 1696 1713 1722 1731 1739
    1757 1766 1776 1785 1794 1794 1804 1804 5933 1655 1655 1647 1647
    1647 1647 1639 1632 1624 1624 1624 1624 1624 1624 1624 1624 1632
    1639 1647 1663 1671 1680 1688 1696 1713 1722 1731 1739 1757 1757
    1766 1785 1794 1794 1794 5933 5933 1655 1647 1647 1647 1647 1647
    1639 1632 1624 1624 1624 1624 1624 1624 1624 1624 1624 1632 1647
    1655 1663 1680 1688 1696 1705 1722 1731 1739 1757 1757 1766 1776
    1794 1794 1804 1804 5933 1655 1647 1647 1647 1647 1639 1632 1632
    1624 1624 1624 1624 1624 1624 1624 1624 1624 1632 1639 1655 1663
    1680 1688 1696 1696 1713 1722 1731 1757 1757 1766 1776 1785 1794
    1804 1804 5832 1655 1647 1647 1647 1647 1639 1632 1632 1624 1624
    1624 1624 1624 1624 1624 1624 1624 1632 1639 1647 1655 1671 1688
    1688 1696 1713 1722 1731 1748 1757 1766 1776 1785 1804 1804 1804
    5933 1655 1655 1647 1647 1647 1639 1632 1632 1624 1624 1624 1624
    1624 1624 1624 1624 1624 1624 1632 1639 1655 1663 1680 1688 1688
    1705 1713 1731 1748 1757 1766 1776 1785 1794 1804 1804 1804 1655
    1655 1647 1647 1647 1639 1632 1632 1624 1624 1624 1624 1624 1624
    1624 1624 1624 1624 1632 1639 1647 1655 1671 1688 1688 1705 1713
    1731 1748 1757 1766 1776 1785 1794 1804 1804 1804 1655 1655 1647
    1647 1647 1639 1632 1632 1624 1624 1624 1624 1624 1624 1624 1624
    1624 1624 1632 1639 1647 1655 1671 1688 1696 1705 1713 1731 1748
    1757 1766 1776 1785 1794 1804 1813 5832 1655 1647 1647 1647 1647
    1647 1632 1632 1624 1624 1624 1624 1624 1624 1624 1624 1624 1624
    1632 1639 1647 1655 1671 1688 1696 1705 1713 1731 1739 1757 1766
    1776 1785 1794 1794 1794 5832 1639 1639 1639 1647 1647 1639 1632
    1632 1624 1624 1624 1624 1624 1624 1624 1624 1624 1624 1632 1639
    1655 1655 1671 1688 1696 1705 1713 1731 1739 1748 1766 1776 1785
    1794 1794 1794 5832 1639 1639 1639 1647 1639 1632 1632 1632 1624
    1624 1624 1624 1624 1624 1624 1624 1624 1624 1632 1639 1655 1655
    1671 1688 1696 1705 1713 1731 1731 1739 1757 1776 1785 1794 1794
    1794 5832 1655 1647 1647 1647 1639 1632 1624 1624 1624 1624 1616
    1616 1624 1616 1616 1616 1616 1624 1632 1639 1655 1655 1671 1680
    1696 1705 1722 1731 1731 1739 1757 1766 1785 1785 1785 1785 5832
    1647 1647 1647 1647 1639 1632 1624 1624 1624 1624 1616 1616 1616
    1616 1609 1609 1616 1624 1632 1647 1655 1655 1663 1680 1696 1713
    1722 1731 1731 1739 1757 1766 1785 1785 1785 1785 5832 1647 1647
    1647 1647 1639 1632 1624 1624 1624 1624 1616 1616 1616 1616 1609
    1609 1616 1616 1632 1639 1647 1655 1663 1671 1688 1705 1722 1722
    1731 1739 1757 1766 1785 1794 1785 1785 1785 1616 1616 1639 1639
    1639 1632 1624 1624 1624 1616 1616 1616 1616 1616 1609 1609 1616
    1616 1624 1632 1647 1647 1663 1671 1688 1705 1713 1722 1731 1739
    1757 1766 1776 1794 1794 1804 1804 1616 1616 1639 1639 1639 1632
    1624 1624 1616 1616 1616 1616 1616 1609 1609 1609 1616 1616 1624
    1632 1639 1647 1655 1663 1680 1696 1705 1722 1731 1748 1757 1766
    1766 1776 1785 1804 1804 1639 1639 1639 1639 1639 1632 1624 1624
    1616 1616 1616 1616 1616 1609 1609 1609 1616 1616 1624 1632 1639
    1647 1655 1663 1680 1696 1705 1722 1731 1739 1748 1757 1766 1776
    1785 1794 1794 1647 1639 1639 1639 1632 1632 1624 1624 1616 1616
    1616 1616 1609 1601 1601 1601 1616 1616 1624 1624 1632 1647 1655
    1663 1680 1688 1705 1713 1722 1731 1748 1757 1766 1776 1785 1794
    1794 1647 1639 1639 1639 1624 1624 1624 1624 1624 1609 1609 1609
    1601 1601 1601 1601 1601 1609 1616 1624 1632 1647 1655 1663 1671
    1688 1696 1713 1722 1731 1748 1757 1776 1785 1794 1794 1794 1647
    1647 1639 1632 1624 1624 1624 1624 1616 1609 1609 1609 1601 1601
    1601 1601 1601 1601 1609 1624 1639 1647 1655 1663 1671 1688 1696
    1705 1722 1731 1748 1757 1766 1785 1794 1794 1794 1647 1639 1639
    1632 1624 1624 1624 1624 1616 1616 1609 1609 1601 1601 1601 1601
    1601 1601 1609 1624 1639 1647 1655 1663 1680 1688 1696 1705 1722
    1731 1748 1757 1766 1785 1785 1785 1785 1639 1639 1639 1632 1624
    1624 1624 1624 1616 1616 1616 1616 1609 1601 1601 1601 1601 1601
    1616 1624 1632 1639 1655 1663 1680 1688 1696 1705 1722 1731 1748
    1757 1766 1776 1785 1785 1785 1639 1639 1624 1624 1624 1624 1624
    1616 1616 1616 1616 1616 1616 1609 1601 1601 1601 1601 1616 1624
    1632 1632 1647 1663 1680 1688 1696 1705 1722 1731 1739 1757 1766
    1776 1785 1785 1785 1632 1632 1624 1624 1624 1624 1624 1616 1616
    1609 1609 1609 1616 1609 1601 1601 1601 1601 1609 1624 1624 1632
    1647 1655 1671 1680 1696 1705 1722 1731 1739 1757 1766 1776 1785
    1785 1785 1632 1632 1632 1624 1624 1624 1616 1616 1609 1609 1609
    1609 1609 1609 1601 1601 1601 1601 1609 1624 1624 1632 1647 1655
    1663 1680 1696 1705 1722 1731 1739 1757 1757 1766 1785 1785 1785
    1639 1639 1632 1624 1624 1624 1616 1616 1609 1609 1609 1609 1609
    1609 1601 1601 1601 1601 1609 1624 1624 1632 1647 1655 1663 1671
    1688 1696 1713 1722 1731 1748 1757 1766 1776 1785 1785 1639 1639
