<?xml version="1.0"?>
<opencv_storage>
<Depth3307 type_id="opencv-matrix">
  <rows>17</rows>
  <cols>39</cols>
  <dt>w</dt>
  <data>
    3692 3692 3732 3732 3774 3816 3816 3859 3859 3859 3903 3903 3948
    3948 3994 3994 3994 3994 3994 3994 4041 4041 2984 2984 3010 2984
    2984 3010 3010 3010 3037 3037 3037 3037 3037 4405 4405 4405 0 3692
    3692 3732 3732 3774 3859 3859 3859 3859 3859 3903 3903 3948 2883
    2883 2908 2908 2933 2958 2958 2933 2933 2933 2958 3010 3010 3010
    3010 3010 3010 3037 3064 3037 3037 3037 4405 4405 4463 4463 3692
    3692 3732 3732 3816 3816 3859 3859 3859 3859 2859 2859 2835 2835
    2859 2883 2908 2933 2933 2933 2933 2933 2933 2958 2984 2984 2984
    2984 2984 3010 3037 3037 3037 3037 3064 3064 3064 3064 3064 3692
    3692 2812 2789 2789 2789 2789 2812 2859 2835 2835 2835 2835 2835
    2859 2883 2908 2908 2933 2933 2933 2933 2933 2958 2984 2984 2984
    2984 2984 3010 3037 3037 3037 3037 3037 3064 3064 3064 3092 3692
    2744 2744 2767 2767 2789 2789 2789 2835 2835 2835 2835 2835 2835
    2859 2859 2883 2908 2908 2908 2908 2933 2933 2933 2958 2984 2984
    2984 2984 3010 3010 3010 3037 3037 3037 3064 3064 3092 3092 2723
    2723 2744 2744 2744 2744 2767 2789 2812 2812 2812 2812 2835 2835
    2835 2859 2883 2883 2908 2908 2908 2908 2908 2933 2933 2958 2984
    2984 2984 3010 3010 3010 3010 3037 3037 3064 3064 3064 3064 2723
    2723 2744 2744 2744 2744 2744 2767 2767 2789 2789 2812 2812 2835
    2835 2859 2883 2883 2883 2883 2908 2908 2908 2933 2933 2958 2984
    2984 2984 3010 3010 3010 3010 3037 3037 3064 3064 3064 3064 2744
    2744 2744 2744 2744 2744 2744 2744 2767 2767 2789 2789 2812 2812
    2835 2859 2859 2859 2859 2859 2908 2908 2908 2933 2933 2933 2958
    2984 2984 2984 3010 3010 3010 3037 3037 3037 3037 3037 3037 2744
    2744 2744 2744 2744 2744 2744 2744 2744 2767 2767 2789 2789 2812
    2835 2835 2835 2859 2859 2859 2883 2883 2883 2908 2933 2933 2958
    2984 2984 2984 3010 3010 3010 3037 3037 3037 3037 3037 3037 2744
    2744 2744 2723 2723 2723 2744 2744 2744 2767 2767 2789 2789 2812
    2812 2835 2835 2835 2859 2859 2883 2883 2883 2908 2908 2933 2933
    2933 2984 2984 2984 3010 3010 3037 3037 3037 3037 3037 3037 2767
    2744 2744 2723 2723 2723 2744 2744 2744 2767 2767 2812 2812 2812
    2812 2835 2835 2835 2859 2859 2883 2883 2908 2908 2908 2933 2933
    2933 2984 2984 2984 3010 3010 3010 3037 3037 3037 3037 3037 2767
    2744 2744 2723 2723 2744 2744 2744 2767 2767 2767 2789 2789 2812
    2812 2812 2835 2835 2835 2859 2859 2883 2883 2908 2908 2933 2933
    2933 2958 2984 2984 3010 3010 3010 3037 3037 3037 3037 3010 2767
    2767 2744 2723 2723 2744 2744 2744 2767 2767 2767 2789 2789 2812
    2812 2812 2835 2835 2835 2859 2859 2859 2883 2908 2908 2933 2933
    2933 2958 2984 2984 2984 3010 3010 3037 3037 3037 3037 3010 2767
    2744 2723 2723 2723 2744 2744 2744 2744 2744 2744 2744 2767 2789
    2812 2812 2835 2835 2835 2859 2859 2859 2859 2908 2908 2933 2933
    2933 2958 2958 2984 2984 3010 3010 3037 3037 3037 3010 3010 2767
    2744 2723 2723 2723 2744 2744 2744 2744 2723 2723 2744 2767 2789
    2812 2812 2835 2835 2835 2859 2859 2859 2859 2908 2933 2908 2908
    2933 2958 2958 2984 3010 3010 3010 3037 3037 3037 3010 3010 2767
    2744 2723 2723 2723 2744 2767 2744 2744 2723 2723 2744 2789 2789
    2835 2835 2835 2859 2859 2859 2859 2835 2835 2908 2933 2908 2908 0 0
    3010 3010 3010 2984 2984 3037 3037 3037 3037 0 0 2744 2723 2723 2723
    2767 2767 2744 2744 2680 2680 0 0 0 0 0 0 0 2883 2883 2859 2835 2835
    0 0 0 0 0 0 0 0 0 2984 2984 3037 3037 3037 0 0</data></Depth3307>
</opencv_storage>
