<?xml version="1.0"?>
<opencv_storage>
<Depth11642 type_id="opencv-matrix">
  <rows>89</rows>
  <cols>39</cols>
  <dt>w</dt>
  <data>
    3948 1647 1632 1624 1624 1601 1601 1601 1579 4089 4089 3994 3994
    3994 4041 4041 4041 4041 4089 4089 4139 4139 4139 4139 4139 4190
    4241 1452 1452 4190 4190 4190 4190 4190 4190 4241 4241 4241 4295
    1632 1632 1624 1616 1616 1601 1579 1579 1579 1564 3994 3994 3994
    3994 4089 4089 4089 4089 1557 1557 1536 1529 1529 1523 1523 1489
    1464 1452 1452 1445 1445 1445 4190 4190 4190 4241 4241 4241 4241
    1632 1632 1624 1609 1594 1579 1572 1564 1564 1564 1564 1496 1496
    1496 1421 1421 1439 1557 1557 1557 1523 1516 1516 1516 1477 1470
    1464 1458 1452 1445 1439 1439 1439 4241 4241 4241 4241 4241 4241
    1616 1616 1609 1594 1572 1564 1557 1550 1550 1550 1496 1496 1496 0 0
    0 0 1439 1439 1523 1523 1509 1470 1470 1470 1464 1464 1458 1452 1452
    1439 1439 1439 1439 4241 4241 4241 4241 4241 1616 1616 1601 1586
    1572 1557 1550 1529 1516 1516 1496 1496 1496 0 1421 1421 1421 1439
    1439 1439 1433 1433 1458 1458 1452 1452 1452 1452 1452 1445 1445
    1439 1439 1439 1439 4241 4241 4241 4241 1616 1609 1601 1586 1572
    1557 1536 1516 1509 1496 1483 1477 1458 1433 1421 1421 1421 1421
    1433 1433 1433 1433 1439 1439 1439 1445 1445 1445 1445 1445 1445
    1445 1439 1439 1445 1445 4241 4241 4241 1616 1609 1601 1594 1572
    1557 1536 1509 1503 1489 1477 1464 1439 1433 1421 1421 1421 1421
    1421 1421 1427 1433 1439 1433 1433 1439 1439 1439 1445 1445 1445
    1445 1445 1445 1445 1445 4295 4295 4295 1624 1616 1601 1594 1579
    1557 1523 1509 1503 1489 1477 1458 1439 1433 1421 1421 1415 1415
    1415 1415 1421 1421 1433 1433 1433 1433 1439 1439 1445 1445 1445
    1445 1445 1445 1445 1445 4295 4295 4295 1624 1616 1609 1594 1586
    1564 1523 1509 1503 1489 1477 1458 1439 1433 1421 1415 1415 1415
    1415 1415 1421 1421 1433 1433 1433 1433 1439 1439 1445 1445 1445
    1445 1445 1445 1445 1445 4295 4295 4295 1624 1616 1609 1594 1586
    1564 1523 1516 1503 1489 1477 1464 1445 1433 1427 1415 1415 1415
    1415 1415 1421 1421 1433 1433 1433 1433 1439 1439 1439 1445 1445
    1445 1445 1445 1445 1445 4295 4295 4295 1624 1616 1609 1594 1586
    1564 1523 1516 1509 1489 1477 1464 1452 1439 1427 1415 1415 1415
    1415 1415 1415 1421 1433 1433 1433 1439 1439 1439 1439 1445 1445
    1445 1445 1445 1445 1445 4241 4241 4241 1624 1616 1609 1594 1586
    1564 1529 1516 1509 1496 1483 1470 1458 1445 1427 1415 1415 1415
    1415 1415 1415 1421 1427 1433 1433 1439 1439 1439 1445 1445 1445
    1445 1445 1439 1439 1439 4241 4241 4241 1632 1624 1609 1594 1586
    1550 1529 1516 1509 1496 1489 1470 1458 1445 1433 1415 1415 1415
    1415 1415 1421 1421 1427 1427 1433 1439 1439 1439 1439 1445 1439
    1439 1445 1439 1439 1439 4295 4295 4295 1632 1624 1616 1601 1586
    1550 1536 1523 1516 1503 1489 1470 1458 1445 1439 1415 1415 1415
    1415 1415 1421 1421 1427 1427 1433 1439 1439 1439 1439 1439 1439
    1439 1445 1439 1439 1439 4295 4295 4295 1632 1624 1616 1601 1586
    1550 1536 1523 1516 1503 1489 1464 1458 1445 1433 1415 1415 1415
    1421 1421 1421 1421 1427 1427 1433 1433 1439 1439 1439 1439 1445
    1445 1445 1445 1445 1445 1445 4295 4295 1632 1624 1616 1601 1594
    1550 1536 1523 1516 1503 1489 1464 1458 1445 1433 1415 1415 1415
    1415 1415 1421 1421 1427 1427 1433 1433 1439 1439 1439 1439 1445
    1445 1445 1445 1445 1445 1445 4295 4295 1632 1624 1616 1601 1586
    1550 1536 1523 1516 1509 1489 1464 1458 1445 1433 1415 1415 1415
    1415 1415 1421 1421 1427 1433 1433 1439 1439 1439 1439 1439 1445
    1445 1445 1445 1445 1445 1445 4295 4295 3994 1624 1616 1601 1586
    1557 1536 1523 1516 1503 1489 1470 1458 1445 1433 1415 1415 1415
    1415 1415 1421 1421 1427 1433 1433 1439 1439 1439 1439 1439 1445
    1445 1445 1445 1445 1445 1445 4295 4295 3994 1624 1616 1601 1586
    1557 1543 1529 1516 1503 1489 1470 1458 1452 1439 1415 1415 1415
    1415 1415 1421 1421 1427 1433 1433 1439 1439 1439 1439 1439 1445
    1445 1445 1445 1445 1445 1445 4349 4349 3948 1624 1616 1601 1586
    1557 1543 1529 1516 1503 1489 1470 1464 1452 1439 1415 1415 1415
    1415 1415 1415 1421 1427 1427 1433 1439 1439 1439 1439 1439 1445
    1445 1445 1445 1445 1445 1445 4349 4349 3948 1624 1616 1601 1586
    1557 1543 1529 1516 1503 1489 1477 1464 1452 1439 1415 1415 1415
    1415 1415 1415 1421 1427 1427 1433 1439 1439 1439 1439 1439 1445
    1445 1445 1445 1445 1445 1445 4405 4405 1624 1624 1616 1609 1594
    1564 1543 1536 1516 1503 1489 1477 1464 1458 1439 1415 1415 1415
    1415 1415 1415 1421 1427 1427 1433 1439 1439 1439 1439 1439 1439
    1439 1445 1445 1445 1445 1445 4349 4349 1624 1624 1616 1609 1594
    1564 1543 1536 1516 1503 1489 1477 1464 1452 1439 1427 1415 1415
    1415 1415 1415 1421 1427 1427 1433 1439 1439 1439 1439 1439 1439
    1439 1445 1445 1445 1445 1445 4349 4349 3948 1624 1616 1609 1594
    1564 1550 1536 1523 1503 1489 1477 1470 1452 1439 1427 1415 1415
    1415 1421 1421 1421 1427 1427 1433 1439 1439 1439 1439 1439 1439
    1439 1445 1445 1439 1439 1439 1439 4295 3903 1624 1616 1609 1594
    1564 1550 1543 1529 1509 1489 1483 1470 1452 1439 1427 1415 1415
    1415 1415 1421 1421 1427 1427 1427 1433 1439 1439 1439 1439 1439
    1439 1445 1445 1439 1439 1439 4295 4295 3903 1624 1616 1601 1594
    1564 1557 1543 1529 1516 1489 1483 1470 1452 1439 1415 1415 1415
    1415 1415 1421 1421 1427 1427 1427 1433 1439 1439 1439 1439 1445
    1445 1445 1445 1439 1439 1439 4295 4295 3859 1624 1609 1601 1594
    1564 1557 1543 1536 1516 1489 1483 1470 1458 1439 1415 1415 1415
    1415 1415 1421 1427 1427 1427 1433 1439 1439 1439 1439 1439 1445
    1445 1445 1445 1445 1445 1445 4241 4241 3816 3816 1609 1601 1601
    1579 1557 1543 1529 1516 1503 1483 1470 1458 1445 1433 1415 1415
    1415 1415 1415 1427 1427 1427 1433 1439 1439 1439 1439 1445 1445
    1445 1445 1445 1445 1445 0 4241 4241 3816 3816 1616 1601 1601 1586
    1557 1543 1529 1516 1503 1483 1470 1458 1445 1421 1415 1415 1415
    1415 1415 1421 1433 1433 1439 1439 1439 1439 1439 1445 1445 1445
    1445 1445 1445 1445 0 4241 4241 3903 3903 1624 1609 1601 1586 1550
    1543 1529 1516 1503 1483 1470 1458 1452 1421 1415 1415 1415 1415
    1415 1415 1427 1427 1433 1439 1439 1439 1439 1445 1445 1445 1445
    1445 1445 1445 1452 4241 4241 3903 3903 1624 1616 1609 1586 1550
    1543 1529 1516 1509 1489 1470 1458 1445 1421 1415 1415 1415 1415
    1415 1415 1427 1427 1433 1433 1439 1439 1439 1439 1445 1445 1445
    1445 1445 1452 1452 4295 4295 3948 3948 1624 1616 1609 1586 1557
    1543 1536 1523 1509 1496 1477 1464 1445 1427 1415 1415 1415 1415
    1415 1415 1421 1421 1427 1433 1439 1439 1439 1439 1439 1439 1439
    1445 1445 1445 1445 1445 4295 3948 3948 1624 1616 1609 1586 1564
    1550 1536 1523 1509 1496 1483 1464 1452 1427 1415 1410 1410 1415
    1415 1415 1421 1421 1427 1433 1439 1439 1439 1439 1439 1439 1439
    1445 1445 1445 1445 0 4295 3903 3903 1632 1609 1609 1594 1564 1550
    1536 1523 1509 1496 1483 1470 1439 1433 1415 1410 1410 1415 1415
    1415 1421 1421 1427 1433 1439 1439 1439 1439 1439 1439 1439 1445
    1445 1445 1445 0 4295 3903 3903 1609 1609 1609 1594 1564 1550 1536
    1516 1509 1496 1483 1470 1439 1433 1415 1415 1415 1415 1415 1415
    1427 1427 1427 1433 1439 1439 1439 1439 1439 1439 1439 1445 1445
    1445 1445 0 4295 3903 3903 1616 1616 1601 1586 1564 1550 1536 1516
    1509 1496 1483 1470 1439 1433 1421 1415 1415 1415 1415 1421 1427
    1427 1427 1433 1439 1439 1439 1439 1445 1445 1445 1445 1445 1445
    1445 1445 0 3774 3774 3774 1616 1601 1586 1557 1543 1536 1523 1509
    1496 1483 1470 1439 1427 1421 1415 1415 1415 1415 1421 1427 1427
    1427 1433 1439 1439 1439 1439 1445 1445 1445 1445 1445 1445 1445
    1445 0 3774 3774 3774 1624 1609 1594 1557 1543 1536 1523 1509 1496
    1483 1477 1439 1427 1421 1415 1415 1415 1415 1421 1427 1427 1427
    1433 1439 1439 1439 1439 1439 1445 1445 1445 1445 1445 1445 1445
