<?xml version="1.0"?>
<opencv_storage>
<Depth10792 type_id="opencv-matrix">
  <rows>121</rows>
  <cols>69</cols>
  <dt>w</dt>
  <data>
    3732 3774 3774 3816 3816 3859 3903 3903 3948 3948 3948 3994 3994
    3994 4041 4041 4089 4089 4089 4089 4139 4139 4190 4190 4190 4190
    4241 4241 4241 4295 4295 4349 4349 4349 4349 4349 4349 4349 4349
    4405 4463 4463 4463 4463 4522 1028 1022 1019 1019 1016 1016 4645
    4645 4645 4774 4774 4774 4774 4774 4911 4911 4911 4911 4983 4983
    4983 4983 4983 4983 3692 3774 3816 3859 3859 3859 3859 3859 3948
    3948 3994 3994 3994 3994 4041 4041 4089 4089 4089 4139 4139 4190
    4190 4190 4190 4190 4241 4241 4241 4241 4295 4349 4349 4349 4349 998
    998 989 989 989 4582 4582 995 995 998 998 1019 1019 1019 1016 1016
    1031 1031 1025 0 4774 4774 4774 4774 4911 4911 4911 4911 4911 4911
    4911 4983 4983 5056 3692 3774 3859 3859 3859 3859 3859 3859 3948
    3948 3994 3994 3994 3994 4041 4041 4089 4089 4089 4139 4139 4139
    4139 4139 4190 4190 4241 4241 4241 4241 4349 959 959 959 4349 998
    998 984 984 981 981 989 992 995 995 995 1004 1016 1016 1019 1019
    1022 1025 1025 0 4911 4911 4911 4911 4911 4911 4911 4911 4911 4911
    4911 4983 5056 5056 3732 3774 3816 3816 3816 3859 3859 3859 3948
    3948 3948 3994 3994 3994 4041 4041 4041 4041 4089 4139 4139 4139
    4139 4139 4190 4190 4190 4241 4241 4241 4349 951 951 954 954 956 956
    973 973 981 981 989 992 992 995 995 1004 1013 1013 1019 1019 1022
    1025 1025 935 940 940 4911 4911 4911 4911 4911 4911 4911 4911 5056
    5056 5056 5056 3732 3774 3816 3816 3816 3859 3859 3903 3903 3948
    3948 3994 4041 4041 4041 4041 4041 4041 4089 4139 4139 4089 4089
    4139 4139 4190 4190 0 0 0 946 946 946 954 954 956 956 973 973 978
    978 992 989 989 992 995 1004 910 910 913 1028 933 933 935 935 940
    940 940 933 938 964 964 959 959 970 973 973 973 973 3732 3774 3774
    3816 3816 878 878 875 875 875 875 885 885 885 878 878 4041 4041 4041
    4139 4139 4089 4089 4139 4139 4139 0 4139 0 946 946 946 946 946 964
    964 964 967 967 967 956 956 989 989 992 992 908 908 908 913 915 933
    933 930 930 930 930 933 933 938 964 964 959 959 970 970 973 973 973
    3732 3774 3774 873 873 878 878 875 875 873 873 882 882 882 875 869
    869 869 869 837 837 837 837 0 0 0 0 0 0 825 833 843 843 967 967 967
    967 967 967 967 956 956 956 998 998 901 901 906 906 908 910 918 920
    920 925 928 930 933 938 938 943 951 956 956 962 967 970 970 973 3774
    3774 873 871 869 862 862 862 862 873 873 882 882 882 875 869 869 869
    837 837 837 0 0 0 0 0 0 0 0 0 0 0 843 843 843 849 851 867 867 869
    869 869 869 869 889 889 891 896 901 906 908 908 910 915 920 923 928
    930 935 938 940 948 956 956 962 967 970 970 0 0 878 873 871 869 862
    860 858 854 851 849 845 845 882 882 882 835 835 837 837 837 837 819
    0 0 0 0 0 0 0 0 833 843 843 843 849 851 867 867 869 869 869 869 873
    882 887 889 891 896 901 906 908 910 915 920 923 925 930 935 938 940
    948 954 959 962 967 970 973 975 0 878 873 869 867 862 858 856 854
    851 847 845 843 839 837 835 831 831 827 825 821 819 819 819 819 0
    827 827 825 825 833 833 839 839 843 847 849 851 858 864 867 869 869
    873 880 887 887 891 896 898 906 908 910 915 918 923 925 933 938 940
    943 948 954 959 962 967 970 973 975 0 878 873 869 864 862 858 856
    854 851 847 845 843 839 837 833 831 829 825 823 819 819 817 813 813
    813 815 821 823 825 831 831 837 839 843 847 849 851 856 864 867 869
    871 873 880 887 887 891 896 898 906 908 910 915 918 923 925 933 938
    940 946 948 954 959 962 967 970 975 978 0 878 873 869 864 862 860
    858 854 851 847 843 841 839 837 833 831 827 825 821 819 817 815 813
    813 813 815 819 823 825 831 831 835 839 845 849 849 851 854 864 867
    869 871 873 880 887 889 894 896 901 906 910 913 918 920 925 928 933
    938 943 946 951 956 959 962 967 973 975 978 0 878 873 869 864 862
    860 858 856 851 847 843 841 839 837 833 831 827 825 821 819 817 815
    813 813 813 815 819 821 825 831 831 835 837 845 849 851 851 854 864
    867 871 873 875 880 889 891 894 898 903 908 913 915 920 923 928 928
    933 938 943 948 951 956 959 964 967 973 978 981 0 878 875 871 867
    862 860 858 856 854 849 843 841 839 837 833 831 827 825 823 819 817
    815 813 813 813 813 817 821 825 833 833 835 837 847 849 851 854 854
    864 864 871 873 875 880 889 894 894 896 903 908 913 915 920 925 930
    933 935 938 943 948 951 956 959 964 967 973 981 981 0 880 875 873
    867 864 862 860 858 854 849 845 841 841 839 833 831 827 825 823 819
    817 815 813 813 813 813 817 821 829 831 831 835 837 847 849 854 854
    858 862 864 871 873 875 880 889 894 894 896 903 908 910 915 923 925
    930 933 935 938 946 948 951 956 959 967 970 973 981 984 0 0 875 873
    869 867 864 860 858 854 851 845 841 841 837 833 831 827 825 823 819
    817 815 813 813 813 815 817 821 827 831 831 835 837 847 849 854 854
    860 862 862 871 873 878 882 889 894 896 898 903 906 910 915 925 928
    930 933 935 938 946 948 951 956 959 967 970 973 981 984 0 878 878
    873 869 869 864 860 858 854 851 847 843 843 835 833 831 827 825 825
    821 817 817 815 815 815 815 817 821 827 831 831 837 839 847 851 856
    856 860 862 862 871 873 878 882 889 894 896 898 903 906 910 915 925
    928 928 930 935 940 946 948 954 956 962 967 970 975 981 981 0 878
    878 873 869 867 864 860 858 856 851 847 845 843 835 833 831 829 825
    825 821 819 817 815 815 815 815 819 823 827 833 833 839 843 847 851
    856 856 860 862 867 871 873 875 885 889 894 896 901 903 908 910 913
    925 928 928 930 935 943 946 951 954 959 962 964 970 975 981 981 0
    878 878 873 869 867 864 860 858 856 851 847 845 843 837 835 833 829
    827 825 821 819 817 815 815 815 817 819 823 827 833 833 839 843 847
    851 856 856 860 862 867 871 873 875 885 889 894 896 901 906 908 910
    913 925 928 930 935 938 943 948 951 954 959 962 964 970 975 981 981
    0 880 878 875 869 867 864 860 858 858 851 849 845 843 837 835 833
    829 827 825 821 819 817 817 817 817 817 819 823 829 835 835 839 843
    847 851 856 856 860 864 867 871 875 878 885 889 894 896 901 906 908
    910 915 923 928 930 935 938 943 948 954 956 959 964 967 970 975 981
    981 0 880 880 875 869 867 864 860 858 856 851 849 847 841 839 835
    833 831 829 825 823 819 817 817 817 817 817 819 827 829 831 833 839
    845 849 851 856 858 860 864 869 869 875 878 885 889 896 898 903 906
    910 913 918 923 928 933 935 938 943 948 954 956 959 964 967 973 975
    981 984 882 880 880 878 871 867 864 860 858 856 851 849 847 841 839
    837 835 831 829 825 823 819 819 817 817 817 817 819 827 831 831 833
    839 845 849 851 854 858 860 864 869 869 878 880 887 889 896 898 903
    906 910 913 918 923 928 933 935 938 943 948 954 956 959 967 970 973
    975 981 984 880 880 880 875 871 867 864 862 860 858 854 851 847 841
    839 837 835 831 829 827 823 821 819 817 817 817 817 821 829 831 831
    835 839 845 849 854 854 860 862 867 871 871 878 880 887 889 894 901
    906 908 910 915 918 923 928 933 935 938 946 948 954 956 962 967 970
    975 978 981 984 880 880 880 875 871 869 864 862 860 858 854 851 849
    841 839 837 835 833 829 827 825 821 819 817 817 817 819 823 829 831
    831 835 841 845 849 854 854 860 862 867 871 871 878 882 887 889 894
    901 903 908 913 915 918 923 928 933 938 938 946 948 954 956 962 967
    970 975 978 984 984 880 880 878 875 871 869 867 864 860 858 854 851
    849 843 841 839 835 833 829 827 825 821 819 817 817 819 819 825 829
    831 831 835 841 845 849 854 854 860 864 867 871 873 878 882 889 889
    896 901 903 908 913 915 920 925 930 935 938 940 946 948 954 956 962
    967 970 978 981 987 987 880 880 878 875 871 869 867 864 860 858 854
    851 847 843 841 839 835 833 831 827 825 821 819 817 817 819 819 829
    831 831 833 835 843 845 849 854 854 860 864 867 869 871 878 885 889
    891 896 898 903 908 913 918 918 925 933 935 940 943 946 948 954 956
    962 967 973 978 984 987 987 0 880 878 875 871 869 867 864 860 858
