<?xml version="1.0"?>
<opencv_storage>
<Depth10514 type_id="opencv-matrix">
  <rows>20</rows>
  <cols>9</cols>
  <dt>w</dt>
  <data>
    3614 3653 3653 3692 4774 4774 4774 4774 3774 3614 3653 3653 3692
    4774 4774 4774 4774 4774 3614 3614 3653 3692 4774 4774 4842 4842
    4842 3576 3576 3653 4842 4774 4774 4842 4842 4842 3576 3576 4774
    4774 4774 4774 4842 4842 4842 3614 4842 4774 4774 4774 4774 4774
    4842 4842 3653 4842 4774 4774 4774 4774 4774 4774 4774 3653 4774
    4774 4708 4708 4774 4774 4774 4774 3653 4708 4708 4708 4708 4774
    4774 4774 4774 4582 4645 4645 4708 4708 4708 4708 4774 4774 4582
    4645 4645 4708 4708 4708 4708 4708 4774 4582 4645 4708 4708 4774
    4774 4708 4708 4774 4645 4708 4708 4774 4774 4774 4774 4774 4774
    4774 4774 4774 4774 4774 4774 4774 4774 4774 4842 4842 4842 4842
    4774 4774 4842 4842 4842 4842 4842 4842 4842 4842 4842 4842 4842
    4842 4842 4774 4774 4774 4774 4774 4842 4842 4842 4774 4774 4774
    4774 4774 4774 4842 4842 4774 4774 4774 4774 4774 4842 4842 4774
    4774 4774 4774 4774 4774 4842 4842 4842 4774 4774 4774</data></Depth10514>
</opencv_storage>
