<?xml version="1.0"?>
<opencv_storage>
<Depth5531 type_id="opencv-matrix">
  <rows>61</rows>
  <cols>41</cols>
  <dt>w</dt>
  <data>
    5056 5056 5132 5132 1722 1722 1722 1713 1713 1713 1713 1705 1705
    1696 1696 1696 1696 1696 1696 1696 1696 1696 1705 4645 4582 4582
    4645 4582 4522 4463 4405 4405 4405 4405 4405 4405 4349 4349 4295
    4295 4295 5056 5056 5132 1722 1713 1713 1713 1713 1713 1713 1713
    1705 1696 1696 1696 1696 1696 1696 1696 1696 1696 1696 1696 1696
    1696 1696 1696 1696 1696 1688 1680 1680 1688 1688 1688 1688 1688
    4349 4349 4295 4241 5132 1722 1713 1713 1713 1705 1705 1705 1705
    1705 1705 1705 1696 1696 1696 1696 1696 1696 1688 1688 1696 1696
    1696 1696 1696 1696 1696 1696 1696 1688 1680 1680 1688 1688 1688
    1688 1688 1680 1680 4295 4241 5132 1722 1713 1713 1705 1705 1705
    1705 1696 1696 1696 1696 1696 1696 1696 1696 1696 1688 1688 1688
    1696 1696 1696 1696 1696 1696 1696 1696 1696 1688 1688 1688 1688
    1688 1688 1688 1680 1680 1671 1671 1680 5132 1731 1722 1705 1705
    1705 1705 1705 1696 1696 1696 1696 1696 1696 1696 1696 1696 1688
    1688 1688 1696 1696 1696 1696 1696 1696 1696 1696 1696 1688 1688
    1680 1680 1688 1688 1680 1680 1680 1671 1671 1671 5132 1722 1722
    1705 1705 1696 1696 1696 1696 1696 1696 1696 1696 1696 1696 1688
    1688 1688 1688 1688 1696 1696 1688 1688 1688 1688 1688 1688 1688
    1680 1680 1680 1680 1680 1680 1680 1680 1680 1671 1671 1671 5210
    1713 1713 1705 1696 1696 1696 1696 1696 1696 1696 1696 1696 1696
    1688 1688 1688 1688 1688 1688 1696 1688 1688 1680 1680 1680 1680
    1688 1688 1680 1680 1680 1680 1680 1680 1680 1680 1680 1680 1680
    1688 5132 1705 1705 1705 1696 1696 1696 1696 1696 1688 1688 1688
    1696 1696 1688 1688 1688 1688 1688 1688 1688 1688 1680 1680 1680
    1680 1680 1688 1680 1680 1680 1680 1680 1680 1680 1680 1680 1680
    1680 1680 1680 5132 1696 1696 1705 1705 1705 1696 1696 1696 1688
    1688 1688 1688 1688 1688 1696 1688 1688 1688 1688 1688 1688 1680
    1680 1680 1680 1680 1680 1680 1680 1680 1680 1680 1671 1671 1671
    1671 1671 1680 1680 1680 5210 1696 1696 1696 1705 1705 1696 1696
    1688 1688 1688 1688 1688 1688 1688 1688 1688 1688 1688 1688 1688
    1688 1680 1680 1680 1680 1680 1680 1680 1680 1680 1680 1680 1671
    1671 1671 1671 1671 1671 1671 1680 1696 1696 1696 1696 1705 1705
    1696 1696 1688 1688 1688 1688 1688 1688 1688 1688 1688 1688 1688
    1688 1688 1688 1680 1680 1680 1680 1680 1688 1680 1680 1680 1680
    1680 1671 1671 1671 1671 1671 1671 1671 1671 1696 1688 1688 1696
    1696 1696 1696 1696 1696 1688 1688 1688 1688 1688 1688 1688 1688
    1688 1688 1688 1688 1688 1688 1680 1680 1680 1680 1688 1680 1680
    1680 1671 1671 1671 1671 1671 1671 1671 1663 1663 1663 1688 1688
    1688 1696 1696 1696 1696 1696 1696 1688 1688 1688 1688 1688 1688
    1688 1688 1688 1688 1688 1688 1688 1688 1680 1680 1680 1680 1688
    1680 1680 1671 1671 1671 1671 1671 1671 1671 1671 1663 1663 1663
    5210 1688 1688 1696 1696 1696 1688 1688 1688 1688 1688 1688 1688
    1688 1688 1688 1688 1688 1680 1680 1688 1688 1680 1680 1680 1680
    1680 1680 1680 1680 1671 1671 1671 1671 1671 1671 1671 1671 1663
    1655 1655 5210 1688 1688 1696 1688 1688 1688 1688 1688 1688 1688
    1688 1688 1680 1680 1688 1688 1680 1680 1680 1688 1688 1680 1680
    1680 1671 1671 1680 1680 1671 1671 1671 1671 1671 1671 1671 1671
    1663 1663 1655 1655 5210 1688 1688 1696 1688 1688 1688 1688 1688
    1688 1688 1688 1688 1680 1680 1680 1688 1680 1680 1688 1680 1680
    1680 1671 1671 1671 1671 1671 1680 1671 1671 1671 1671 1671 1663
    1663 1663 1663 1663 1655 1655 1696 1696 1696 1696 1696 1688 1688
    1688 1688 1688 1688 1688 1688 1680 1680 1680 1671 1671 1671 1680
    1680 1680 1680 1671 1671 1671 1671 1671 1671 1671 1671 1671 1671
    1671 1663 1663 1663 1663 1663 1655 1655 1696 1696 1696 1688 1688
    1688 1688 1688 1688 1688 1688 1688 1688 1680 1680 1680 1671 1671
    1671 1680 1680 1671 1671 1671 1671 1671 1671 1671 1671 1671 1671
    1671 1671 1671 1663 1663 1663 1663 1663 1663 1663 1696 1696 1688
    1688 1688 1688 1688 1688 1688 1696 1688 1688 1688 1680 1680 1680
    1680 1671 1671 1680 1680 1671 1671 1671 1671 1680 1671 1671 1671
    1671 1671 1671 1671 1671 1663 1663 1663 1663 1663 1663 1671 1696
    1696 1688 1688 1688 1688 1688 1688 1696 1688 1688 1688 1688 1680
    1680 1680 1680 1680 1680 1680 1680 1671 1671 1671 1671 1680 1671
    1671 1671 1671 1671 1671 1671 1671 1663 1663 1663 1663 1663 1647
    1647 1688 1688 1688 1688 1688 1688 1688 1688 1688 1688 1688 1688
    1688 1680 1671 1671 1680 1680 1680 1680 1680 1680 1671 1671 1671
    1671 1671 1671 1671 1671 1671 1671 1671 1663 1663 1663 1663 1663
    1655 1647 1647 1688 1680 1680 1680 1680 1688 1688 1688 1688 1688
    1688 1680 1680 1671 1671 1671 1680 1680 1680 1680 1680 1671 1671
    1671 1671 1671 1671 1671 1671 1671 1671 1671 1663 1663 1663 1663
    1663 1655 1655 1647 1647 1688 1680 1680 1680 1680 1688 1688 1688
    1688 1688 1688 1680 1680 1671 1671 1671 1671 1671 1671 1680 1671
    1671 1671 1671 1671 1671 1671 1671 1671 1663 1663 1663 1663 1663
    1663 1663 1663 1655 1655 1655 1655 1696 1688 1688 1680 1680 1688
    1688 1680 1680 1680 1680 1680 1671 1671 1663 1663 1671 1671 1671
    1680 1671 1671 1671 1671 1671 1671 1671 1671 1671 1663 1663 1663
    1663 1663 1663 1663 1655 1655 1655 1655 1663 1696 1688 1688 1688
    1680 1680 1680 1680 1680 1680 1680 1680 1671 1671 1663 1663 1663
    1671 1671 1671 1671 1671 1671 1671 1671 1671 1671 1671 1663 1663
    1663 1663 1663 1663 1663 1663 1655 1655 1655 1655 1663 1696 1688
    1688 1688 1680 1680 1680 1671 1671 1671 1680 1680 1680 1671 1663
    1663 1663 1663 1671 1671 1671 1671 1671 1671 1671 1671 1671 1671
    1663 1663 1663 1663 1663 1663 1663 1663 1663 1663 1663 1663 1663
    1688 1688 1688 1680 1680 1671 1671 1671 1671 1671 1671 1671 1671
    1671 1663 1663 1663 1663 1671 1671 1671 1671 1663 1663 1663 1671
    1671 1671 1663 1663 1663 1663 1663 1663 1663 1663 1663 1655 1655
    1655 1655 1688 1680 1680 1671 1671 1671 1671 1671 1671 1671 1671
    1671 1671 1671 1663 1663 1663 1663 1663 1671 1671 1663 1663 1663
    1663 1663 1663 1671 1663 1663 1663 1663 1663 1663 1663 1663 1663
    1655 1655 1655 1655 1688 1671 1671 1671 1671 1671 1671 1663 1663
    1663 1663 1663 1671 1663 1663 1663 1663 1663 1663 1671 1671 1663
    1663 1663 1663 1663 1663 1663 1663 1663 1663 1655 1655 1663 1663
    1655 1655 1655 1655 1655 1655 1688 1671 1671 1671 1671 1671 1671
    1663 1663 1663 1663 1663 1671 1663 1663 1663 1663 1663 1663 1671
    1663 1663 1663 1663 1663 1663 1663 1663 1663 1663 1663 1655 1655
    1655 1663 1655 1655 1655 1655 1655 1655 1680 1671 1671 1680 1680
    1671 1671 1663 1663 1663 1663 1663 1671 1671 1663 1663 1663 1663
    1663 1663 1663 1663 1663 1663 1663 1663 1663 1663 1663 1663 1663
    1655 1655 1655 1655 1655 1647 1647 1647 1647 1655 1680 1680 1680
    1680 1671 1671 1663 1663 1663 1663 1663 1663 1671 1671 1663 1663
    1663 1663 1663 1663 1663 1663 1663 1663 1663 1663 1663 1663 1663
    1663 1663 1655 1655 1655 1655 1647 1647 1647 1647 1647 1655 1680
    1680 1680 1680 1671 1663 1663 1663 1663 1663 1663 1663 1663 1663
    1663 1663 1663 1663 1663 1663 1663 1663 1663 1663 1663 1663 1663
    1663 1663 1663 1663 1655 1655 1655 1655 1647 1647 1639 1639 1647
    1655 1671 1671 1671 1671 1671 1663 1663 1663 1663 1663 1663 1663
    1663 1663 1663 1663 1663 1663 1663 1663 1663 1663 1663 1663 1663
    1663 1663 1663 1655 1655 1663 1655 1655 1663 1655 1647 1647 1639
    1639 1639 1639 1671 1671 1671 1671 1671 1663 1663 1663 1663 1663
    1663 1663 1663 1663 1663 1663 1655 1655 1655 1663 1663 1663 1663
    1663 1655 1647 1647 1663 1655 1655 1663 1655 1655 1655 1655 1647
    1647 1639 1639 1639 1639 1663 1663 1671 1663 1663 1663 1663 1663
    1663 1663 1663 1663 1663 1663 1663 1655 1655 1655 1655 1663 1663
    1663 1663 1663 1655 1647 1647 1655 1655 1655 1647 1647 1655 1655
    1655 1647 1647 1639 1639 1639 1639 1663 1663 1663 1663 1663 1663
