<?xml version="1.0"?>
<opencv_storage>
<Depth7728 type_id="opencv-matrix">
  <rows>53</rows>
  <cols>46</cols>
  <dt>w</dt>
  <data>
    4190 4139 4139 4139 4139 4190 4190 4139 4139 4089 4089 4089 4089
    4089 4041 4041 4041 4041 3994 3994 3948 3948 3994 1813 1813 1813
    1813 1804 1804 3903 3903 1823 1823 1833 1833 1833 3816 3816 3816
    3816 3816 3816 3816 3859 3859 3816 4190 4139 4139 4139 4139 4190
    4190 4139 4139 4089 4089 4089 4089 4041 4041 4041 4041 1804 1794
    1794 1794 1794 1794 1794 1794 1804 1794 1794 1794 1794 1794 1804
    1804 1804 1748 1757 3816 3816 3816 3816 3816 3816 3816 3859 3859
    3816 4190 4139 4139 4139 4139 4190 4139 4139 4089 4089 4089 4089
    4041 4041 3994 1794 1776 1776 1776 1776 1776 1785 1785 1785 1785
    1794 1785 1776 1766 1748 1748 1748 1748 1748 1748 1757 1766 1766
    1748 1748 3816 3816 3816 3859 3859 3816 4190 4139 4139 4139 4139
    4190 4139 1705 1705 1705 1739 1739 1739 1739 1739 1794 1776 1766
    1766 1748 1748 1757 1776 1766 1757 1748 1748 1748 1748 1739 1739
    1739 1739 1739 1739 1739 1748 1748 1748 1748 1748 3859 3859 3859
    3859 3816 4190 4139 4139 1748 1748 1713 1705 1696 1696 1696 1713
    1731 1731 1713 1713 1713 1722 1748 1748 1739 1739 1739 1739 1739
    1739 1739 1739 1739 1739 1739 1739 1739 1739 1739 1739 1739 1748
    1748 1748 1748 1757 3859 3859 3859 3859 3816 1757 1757 1748 1739
    1731 1713 1705 1696 1696 1696 1705 1722 1713 1705 1705 1705 1713
    1713 1731 1731 1722 1722 1722 1722 1731 1731 1731 1731 1731 1731
    1739 1739 1739 1739 1739 1739 1748 1748 1748 1748 1757 1757 3816
    3816 3859 3816 1757 1757 1748 1739 1731 1713 1705 1696 1696 1696
    1705 1705 1705 1705 1705 1705 1705 1705 1713 1722 1722 1722 1722
    1722 1722 1731 1731 1731 1731 1731 1739 1739 1739 1739 1739 1739
    1748 1748 1748 1757 1757 1766 3816 3816 3816 3816 1757 1757 1748
    1739 1722 1713 1705 1696 1696 1696 1696 1696 1696 1696 1696 1705
    1705 1705 1705 1713 1713 1713 1722 1722 1722 1722 1722 1731 1731
    1739 1739 1739 1739 1739 1739 1739 1748 1748 1748 1757 1757 1766
    3816 3816 3816 3816 1757 1757 1748 1731 1722 1713 1705 1696 1696
    1696 1696 1696 1696 1696 1696 1705 1705 1705 1705 1713 1713 1713
    1722 1722 1722 1722 1722 1731 1731 1731 1739 1739 1739 1739 1739
    1748 1748 1748 1748 1748 1757 1757 3816 3816 3859 3859 1757 1757
    1748 1731 1722 1713 1705 1688 1688 1688 1688 1696 1696 1696 1705
    1705 1705 1705 1705 1705 1713 1713 1722 1722 1722 1722 1722 1731
    1731 1731 1739 1739 1739 1739 1739 1739 1748 1748 1748 1748 1748
    1748 3859 3859 3859 3816 1766 1757 1748 1731 1722 1713 1705 1688
    1688 1688 1688 1696 1696 1696 1696 1705 1705 1705 1705 1705 1705
    1705 1713 1713 1722 1722 1722 1731 1731 1731 1731 1739 1739 1739
    1739 1739 1748 1748 1739 1739 1739 1739 1739 3859 3859 3816 1766
    1757 1748 1739 1722 1713 1705 1688 1688 1688 1688 1696 1696 1696
    1696 1705 1705 1705 1705 1705 1705 1705 1705 1713 1713 1713 1722
    1731 1731 1731 1731 1739 1739 1739 1739 1739 1739 1739 1739 1739
    1739 1739 1739 3859 3859 3816 1757 1757 1748 1739 1731 1713 1696
    1688 1688 1688 1688 1688 1696 1696 1696 1696 1696 1696 1705 1705
    1705 1705 1705 1713 1713 1713 1722 1731 1731 1731 1731 1739 1739
    1739 1739 1739 1739 1739 1739 1739 1739 1748 1748 3859 3859 3859
    1757 1757 1757 1739 1722 1705 1696 1696 1688 1688 1688 1688 1696
    1696 1696 1696 1696 1696 1705 1705 1705 1705 1705 1705 1713 1722
    1722 1731 1731 1731 1731 1731 1739 1739 1739 1739 1739 1739 1739
    1739 1739 1748 1748 3859 3859 3859 1766 1748 1748 1739 1722 1705
    1696 1696 1696 1696 1696 1696 1696 1696 1696 1696 1696 1705 1705
    1705 1705 1705 1705 1705 1705 1713 1722 1731 1731 1731 1731 1731
    1731 1739 1739 1739 1739 1739 1739 1748 1748 1757 3816 3816 3859
    3859 1766 1748 1748 1739 1722 1705 1696 1696 1696 1696 1696 1696
    1696 1696 1696 1696 1696 1705 1705 1705 1705 1705 1705 1705 1705
    1713 1722 1731 1731 1731 1731 1731 1731 1739 1739 1739 1739 1739
    1739 1739 1748 1757 3816 3816 3859 3859 1757 1748 1748 1739 1731
    1713 1696 1696 1696 1696 1696 1696 1696 1696 1696 1696 1705 1705
    1705 1705 1705 1705 1705 1705 1705 1713 1722 1722 1722 1731 1731
    1731 1731 1739 1739 1739 1739 1739 1739 1739 1739 1748 1748 3859
    3859 3859 1739 1739 1748 1739 1731 1713 1696 1696 1696 1696 1696
    1696 1696 1696 1696 1696 1705 1705 1705 1705 1705 1705 1705 1705
    1705 1713 1722 1722 1722 1731 1731 1731 1731 1731 1739 1739 1739
    1739 1731 1731 1739 1748 1748 3903 3903 3859 1739 1739 1748 1739
    1731 1705 1696 1696 1696 1696 1696 1696 1696 1696 1696 1696 1705
    1705 1705 1705 1705 1705 1705 1705 1705 1713 1722 1722 1722 1731
    1731 1731 1731 1731 1731 1739 1739 1739 1731 1731 1739 1748 1748
    3903 3859 3859 1731 1731 1739 1739 1731 1705 1696 1696 1696 1688
    1688 1696 1696 1696 1696 1696 1696 1705 1705 1705 1705 1705 1705
    1705 1705 1705 1713 1722 1722 1722 1731 1731 1731 1731 1731 1739
    1739 1739 1739 1739 1739 1748 1757 1757 3859 3859 1731 1731 1731
    1739 1731 1705 1696 1696 1688 1688 1688 1688 1696 1696 1696 1696
    1696 1705 1705 1705 1705 1705 1705 1705 1705 1705 1713 1713 1722
    1722 1722 1731 1731 1731 1731 1739 1739 1739 1739 1739 1739 1748
    1757 1757 3816 3816 1731 1731 1731 1739 1731 1705 1696 1696 1688
    1688 1688 1688 1696 1696 1696 1696 1696 1705 1696 1696 1705 1705
    1705 1705 1705 1713 1713 1713 1713 1713 1722 1731 1731 1731 1731
    1739 1739 1739 1739 1739 1739 1748 1748 3816 3816 3816 1739 1731
    1731 1739 1731 1713 1705 1696 1688 1688 1688 1688 1696 1696 1696
    1696 1696 1696 1696 1696 1705 1705 1705 1705 1713 1713 1713 1713
    1713 1713 1722 1731 1731 1731 1731 1739 1739 1739 1739 1739 1739
    1748 1748 1748 3816 3816 1739 1739 1739 1748 1739 1722 1705 1696
    1688 1688 1688 1688 1688 1696 1696 1696 1696 1696 1696 1696 1705
    1705 1705 1713 1713 1713 1713 1713 1713 1713 1722 1731 1731 1731
    1731 1739 1739 1739 1739 1739 1739 1739 1739 1739 3816 3816 1739
    1739 1739 1748 1731 1722 1705 1696 1688 1688 1688 1688 1688 1696
    1696 1696 1696 1696 1696 1696 1705 1705 1705 1705 1705 1705 1713
    1713 1713 1722 1722 1731 1731 1731 1731 1739 1739 1731 1731 1739
    1739 1739 1739 1739 3816 3816 1739 1739 1757 1748 1731 1713 1705
    1696 1688 1688 1688 1688 1688 1688 1688 1696 1696 1705 1696 1696
    1705 1705 1705 1705 1705 1705 1713 1713 1713 1722 1722 1722 1731
    1731 1731 1739 1739 1731 1731 1731 1731 1739 1748 1748 3816 3816
    4139 1757 1757 1748 1731 1713 1705 1696 1688 1688 1688 1688 1688
    1688 1688 1696 1696 1696 1696 1696 1705 1705 1705 1705 1705 1705
    1705 1713 1713 1722 1722 1722 1731 1731 1731 1731 1739 1731 1731
    1731 1731 1739 1748 1748 3859 3859 4139 4139 1757 1748 1731 1713
    1705 1696 1688 1688 1688 1688 1688 1688 1688 1696 1696 1696 1696
    1696 1696 1696 1696 1696 1705 1705 1705 1713 1713 1722 1722 1722
    1731 1731 1731 1731 1731 1731 1731 1731 1731 1748 1748 1748 3859
    3859 4139 4139 1748 1748 1731 1713 1705 1696 1688 1688 1688 1688
    1688 1688 1688 1696 1696 1696 1696 1696 1696 1696 1696 1696 1705
    1705 1705 1705 1705 1713 1722 1722 1722 1731 1731 1731 1731 1731
    1731 1731 1731 1748 1748 1748 3859 3859 4139 4139 1748 1739 1731
    1713 1705 1688 1688 1680 1680 1688 1688 1688 1688 1696 1696 1696
    1696 1696 1696 1696 1696 1705 1705 1705 1705 1705 1705 1713 1722
    1722 1722 1722 1731 1731 1731 1731 1731 1739 1739 1748 1748 1748
    3903 3903 4190 4190 1739 1739 1731 1713 1705 1688 1680 1680 1680
    1680 1688 1688 1688 1688 1696 1696 1696 1696 1696 1696 1696 1705
    1705 1705 1705 1705 1713 1713 1722 1722 1722 1722 1722 1731 1731
    1731 1731 1739 1739 1748 1748 1748 1748 3903 4190 4190 1739 1739
    1731 1722 1705 1680 1680 1680 1680 1680 1680 1680 1688 1688 1688
    1688 1696 1696 1696 1696 1696 1705 1705 1713 1705 1705 1713 1713
    1713 1713 1713 1722 1722 1731 1731 1731 1731 1731 1739 1748 1748
    1748 1748 3859 4190 4190 1739 1739 1731 1722 1705 1680 1680 1671
