<?xml version="1.0"?>
<opencv_storage>
<Depth10728 type_id="opencv-matrix">
  <rows>103</rows>
  <cols>51</cols>
  <dt>w</dt>
  <data>
    2767 2767 2767 2767 2767 2789 2789 2812 2812 2789 2789 2789 2812
    2812 2812 903 903 903 0 0 0 0 0 0 901 901 901 898 898 898 898 0 935
    935 0 0 0 0 0 970 0 0 970 970 0 1063 0 0 1063 0 0 2767 2767 918 918
    920 920 923 2812 2812 2789 2789 2789 2789 906 906 903 903 903 0 0 0
    0 0 0 901 901 901 898 898 898 898 906 935 935 935 935 0 938 0 970
    970 970 970 0 0 1063 1063 1063 1063 1067 0 0 0 918 918 920 918 918
    915 913 913 915 913 910 906 906 903 903 903 0 0 0 0 0 0 0 903 901
    898 898 898 906 906 935 935 935 935 938 938 956 970 970 970 970 0
    1054 1063 1063 1063 1067 1067 1087 0 0 920 920 920 918 918 915 913
    913 913 913 910 906 906 903 903 903 903 903 898 896 894 894 894 894
    896 896 896 896 906 906 896 930 930 930 933 933 956 956 970 970 970
    981 1054 1054 1054 1063 1067 1080 1087 0 0 920 918 918 918 918 915
    913 913 913 913 910 908 906 906 903 903 903 901 898 896 894 894 894
    894 894 894 896 894 894 896 896 901 925 925 933 933 948 956 970 970
    981 981 1054 1054 1054 1063 1067 1080 1084 0 0 920 918 918 918 918
    915 913 913 913 913 910 908 906 906 903 903 903 901 898 896 894 894
    894 894 894 894 894 891 891 891 894 896 903 925 933 938 948 956 967
    973 981 981 1054 1054 1054 1067 1067 1077 1080 0 0 923 920 920 920
    918 918 913 913 913 913 910 908 908 906 906 903 903 901 901 896 896
    896 894 894 894 894 891 891 891 889 889 894 894 935 935 940 948 956
    967 973 989 1007 1010 1047 1060 1073 1073 1077 1080 0 0 923 918 918
    918 918 915 913 913 913 913 910 910 908 906 906 906 903 903 901 898
    896 896 896 896 894 894 891 891 891 889 889 889 894 894 946 946 948
    956 970 981 992 1007 1010 1047 1060 1073 1073 1077 1077 0 0 0 915
    915 918 918 915 913 913 913 913 910 908 906 906 906 903 903 903 901
    898 896 896 896 896 894 894 891 889 889 889 889 889 889 935 935 943
    946 956 973 981 998 1007 1013 1054 1057 1073 1073 1077 1077 0 0 0
    915 915 918 915 915 913 913 913 913 910 908 906 906 906 903 903 903
    898 898 896 896 896 894 894 891 891 889 889 889 889 889 923 923 928
    943 946 946 987 987 998 1007 1013 1057 1057 1070 1070 1073 1073 0 0
    0 915 915 918 915 915 913 913 913 913 910 908 906 906 906 903 903
    903 898 898 896 896 896 894 891 891 891 889 889 889 889 894 913 920
    925 943 948 954 989 989 1001 1010 1019 1050 1057 1067 1067 1073 1073
    0 0 0 915 915 918 918 915 913 913 913 913 910 908 908 906 906 906
    903 903 898 898 896 896 896 894 891 891 891 889 889 891 891 896 908
    920 925 948 948 954 992 992 1001 1010 1038 1050 1060 1067 1067 1073
    0 0 0 920 918 918 918 918 915 913 913 913 913 910 908 908 906 906
    906 903 903 898 898 896 896 896 894 894 891 891 889 889 891 894 898
    908 920 928 948 951 954 959 998 1001 1010 1038 1050 1057 1073 1073
    1080 0 0 0 920 920 920 920 918 915 913 913 913 913 910 908 908 908
    906 906 903 903 898 898 898 896 896 894 891 891 891 891 891 894 894
    898 915 925 928 943 951 956 959 992 1001 1010 1034 1047 1057 1073
    1073 1080 0 0 0 923 923 920 920 918 915 913 913 913 913 910 908 908
    906 906 906 903 901 898 898 898 896 896 894 891 891 891 891 891 894
    894 896 920 923 930 938 951 956 959 992 1001 1010 1031 1047 1057
    1073 1073 1073 0 0 0 923 923 920 920 918 915 913 913 913 913 910 908
    908 906 906 906 903 901 901 901 898 896 896 894 894 891 891 891 891
    891 894 896 920 923 933 938 954 959 959 995 1001 1010 1031 1047 1057
    1073 1073 0 0 0 0 925 923 923 923 918 915 913 913 913 910 910 908
    908 906 906 906 903 901 901 901 898 896 896 894 894 891 891 891 891
    891 894 903 920 923 930 935 954 959 959 989 1004 1010 1028 1050 1060
    1070 1070 0 0 0 0 0 925 923 923 915 915 913 913 913 910 910 908 908
    906 906 906 906 903 901 901 898 896 896 894 894 891 891 891 891 891
    894 906 918 923 930 935 954 973 981 989 1004 1010 1028 1054 1057
    1070 1070 1070 0 0 0 925 925 923 923 915 915 915 915 913 910 910 908
    908 908 906 906 906 903 901 901 898 898 896 896 894 894 894 891 891
    891 894 903 915 918 925 951 951 973 984 992 1007 1010 1041 1054 1057
    1070 1087 1090 0 0 0 925 925 923 920 915 915 915 913 913 910 910 910
    910 908 908 906 906 903 901 898 898 898 896 896 894 894 894 891 891
    891 894 903 913 918 920 951 951 973 984 989 1004 1010 1050 1057 1057
    1080 1087 1090 0 0 0 0 923 920 920 915 915 915 913 910 910 910 910
    910 908 908 906 906 903 903 898 898 898 896 896 896 894 894 894 894
    894 896 901 913 915 920 951 951 964 984 989 1004 1013 1047 1054 1054
    1084 1090 1090 0 0 0 923 923 920 918 918 918 915 915 910 910 910 910
    910 908 908 906 906 903 901 898 898 898 898 896 894 894 894 894 894
    894 896 901 913 915 920 951 954 964 984 992 1001 1013 1047 1054 1054
    1067 1090 1090 0 0 0 923 923 920 918 918 915 915 915 913 913 913 910
    910 908 906 906 906 903 901 898 898 898 896 896 894 894 894 894 891
    891 894 903 915 918 943 951 954 973 984 992 998 1013 1041 1050 1067
    1067 1090 1090 0 0 0 0 923 920 918 918 915 915 913 913 913 913 910
    910 908 906 906 906 903 901 898 898 898 896 896 894 894 894 894 891
    891 894 903 918 920 946 948 954 975 984 992 998 1019 1041 1050 1070
    1070 1087 1090 0 0 0 923 923 920 918 915 915 915 913 913 913 913 913
    910 908 908 906 906 903 903 903 901 898 898 896 894 894 894 894 894
    894 894 906 915 923 946 948 956 967 984 992 998 1022 1044 1050 1067
    1087 1087 1090 0 0 0 923 923 920 918 915 915 915 915 913 913 913 913
    910 910 906 906 906 903 903 903 903 898 896 896 896 894 894 894 894
    896 903 906 915 923 935 951 956 964 987 992 1001 1025 1047 1050 1063
    1080 1087 0 0 0 0 923 923 920 918 915 915 915 915 913 913 913 910
    910 908 906 906 906 903 903 903 901 898 896 896 894 894 894 894 896
    896 903 906 915 925 935 951 956 964 989 995 1004 1025 1047 1050 1060
    1073 1087 0 0 0 0 925 923 920 920 915 915 915 913 913 913 913 910
    910 908 906 906 906 903 903 903 901 898 896 894 894 894 894 896 896
    896 903 906 915 928 943 954 956 959 998 1001 1007 1013 1047 1054
    1060 1073 1087 0 0 0 0 925 923 923 920 918 915 915 913 913 913 913
    910 910 908 908 906 906 903 903 903 901 898 896 894 894 894 894 896
    896 896 901 908 915 930 943 954 956 959 998 1001 1007 1013 1041 1057
    1067 1080 1087 1087 0 0 0 925 925 923 920 918 915 915 915 915 913
    913 913 910 908 908 906 906 903 903 901 901 898 896 894 894 894 894
    896 896 896 901 908 915 925 946 954 959 962 995 1001 1007 1013 1041
    1057 1073 1080 1087 1087 0 0 0 925 925 923 920 918 918 915 915 915
    915 913 913 910 908 908 906 906 903 903 901 901 898 896 896 896 896
    896 896 896 898 901 910 915 925 946 956 962 967 989 1001 1007 1013
    1044 1057 1077 1080 1087 1087 0 0 0 925 925 923 920 920 918 915 915
    915 913 913 913 913 910 910 908 906 903 903 903 901 898 896 896 896
    896 896 896 896 896 903 910 915 925 946 951 962 978 989 1001 1010
    1013 1050 1060 1070 1084 1087 1087 0 0 0 923 923 923 923 920 918 915
    915 915 913 913 913 913 910 910 908 906 903 903 903 901 898 896 896
    896 896 896 896 896 896 903 913 915 930 946 948 951 984 989 1004
    1010 1013 1050 1060 1067 1084 1087 1087 1105 0 0 923 923 923 920 918
    918 915 915 915 913 913 913 913 913 910 908 908 906 903 903 901 898
    898 896 896 896 896 896 896 896 903 913 918 935 946 948 951 987 995
    1004 1010 1013 1050 1060 1067 1084 1090 1105 1105 0 0 923 923 923
    920 918 918 915 915 915 913 913 913 913 913 910 908 908 906 903 903
    901 898 898 896 896 896 896 896 896 896 898 913 923 935 946 948 948
    998 998 1004 1010 1013 1050 1063 1067 1084 1090 1105 1105 0 0 923
    923 923 920 918 918 915 915 915 913 913 913 913 910 910 908 906 906
    906 903 903 901 901 898 898 896 896 896 896 896 898 913 925 935 943
    948 948 995 995 1001 1007 1019 1054 1060 1067 1084 1094 1105 1105 0
