<?xml version="1.0"?>
<opencv_storage>
<Depth15084 type_id="opencv-matrix">
  <rows>48</rows>
  <cols>50</cols>
  <dt>w</dt>
  <data>
    4582 4582 4582 4645 4645 4645 4645 4645 4645 4708 4708 4774 4774
    4708 4708 4708 4708 4774 4774 4842 4842 4911 4911 4911 4911 4911
    2053 2053 2053 2053 2053 2065 2053 2053 2053 4983 4983 4983 5056
    5056 5132 5132 5132 5132 5132 5210 5210 5132 5132 5132 4582 4582
    4582 4645 4582 4582 4645 4645 4645 4708 4708 4774 4708 4708 4708
    4708 4708 4774 4774 4842 4842 4911 4911 4911 4911 2065 2053 2053
    2053 2040 2040 2065 2053 2053 2053 4983 4983 4983 5056 5056 5132
    5132 5132 5132 5132 5132 5132 5132 5132 5210 4582 4582 4582 4582
    4582 4582 4645 4645 4645 4708 4774 4774 4708 4708 4708 4708 4774
    4774 4774 4842 4842 4911 4911 4911 2078 2065 2053 2040 2028 2016
    1970 1970 1970 2053 2053 4983 4983 5056 5056 5056 5132 5132 5132
    5132 5132 5132 5132 5132 5132 5132 4645 4645 4645 4582 4582 4582
    4645 4645 4645 4708 4708 4774 4708 4708 4708 4708 4774 4774 4774
    4842 4842 4911 4911 4911 2065 2065 2040 2028 2016 1981 1959 1959
    1947 1947 1936 1926 1926 1883 1883 5056 5056 5056 5132 5132 5132
    5132 5132 5132 5132 5132 4645 4645 4645 4645 4582 4582 4645 4645
    4645 4708 4708 4774 4708 4708 4708 4774 4774 4774 4774 4842 4842
    4911 4911 2053 2053 2040 2028 2016 2005 1970 1959 1947 1936 1926
    1915 1894 1883 1873 1873 1883 1883 1883 5056 5056 5056 5132 5132
    5132 5132 5132 4645 4645 4645 4645 4645 4645 4645 4645 4645 4645
    4645 4708 4774 4708 4708 4774 4774 4774 4774 4842 4842 4842 2053
    2053 2040 2028 2016 2005 1970 1970 1947 1936 1915 1904 1894 1883
    1873 1873 1873 1873 1873 1883 1883 1883 5056 5132 5132 5132 5132
    5210 4645 4645 4645 4645 4645 4645 4708 4708 4645 4645 4645 4708
    4774 4774 4774 4774 4774 4774 4774 4842 2103 2090 2065 2040 2016
    2016 2005 1981 1959 1959 1936 1915 1904 1894 1883 1883 1873 1863
    1863 1873 1873 1873 1883 1883 1883 5132 5132 5132 5132 5132 4582
    4582 4645 4645 4645 4708 4708 4708 4645 4645 4708 4708 4774 4774
    4774 4774 4774 4774 4774 2103 2090 2065 2053 2040 2016 2005 1981
    1970 1959 1947 1926 1915 1894 1883 1883 1873 1873 1863 1863 1863
    1863 1873 1873 1883 1883 1883 5132 5132 5132 5132 4582 4582 4645
    4645 4645 4645 4645 4645 4645 4645 4708 4774 4774 4774 4774 4774
    4774 4774 4774 2103 2078 2053 2053 2028 2005 1993 1970 1959 1936
    1926 1915 1904 1883 1883 1873 1873 1863 1863 1863 1863 1863 1863
    1873 1873 1883 1883 5132 5132 5132 5132 4582 4582 4582 4582 4582
    4645 4645 4645 4645 4645 4708 4774 4774 4774 4774 4774 4774 4774
    4774 4774 2053 2040 2016 2005 1981 1970 1959 1947 1936 1926 1915
    1894 1883 1873 1873 1863 1863 1863 1863 1863 1863 1863 1873 1873
    1873 1873 1904 1904 1915 1926 4582 4582 4582 4582 4582 4645 4645
    4645 4645 4645 4708 4774 4774 4774 4774 4708 4708 4708 4708 2053
    2040 2028 2016 1993 1970 1959 1947 1926 1926 1915 1904 1883 1873
    1873 1863 1863 1863 1863 1863 1863 1863 1863 1873 1873 1873 1883
    1894 1894 1904 1904 4582 4582 4645 4582 4582 4645 4645 4645 4645
    4645 4708 4708 4708 4708 4708 4708 4708 4708 4708 2040 2028 2016
    2005 1981 1970 1947 1936 1926 1915 1904 1894 1873 1873 1863 1863
    1853 1853 1863 1863 1863 1863 1863 1873 1873 1873 1883 1883 1883
    1894 1904 4582 4582 4645 4645 4645 4645 4645 4645 4645 4645 4708
    4708 4708 4708 4645 4582 4582 4582 2040 2028 2016 2005 1993 1970
    1959 1936 1926 1915 1904 1894 1883 1873 1873 1863 1863 1853 1853
    1863 1863 1873 1873 1873 1873 1873 1873 1873 1873 1873 1894 1894
    4582 4582 4645 4645 4645 4645 4645 4708 4708 4708 4708 4708 4708
    4708 4582 4582 4582 2028 2028 2016 2016 1993 1981 1970 1959 1926
    1915 1904 1894 1883 1873 1873 1863 1863 1853 1853 1853 1853 1863
    1863 1863 1873 1873 1873 1873 1873 1873 1873 1883 1894 4645 4645
    4645 4645 4645 4645 4708 4708 4708 4708 4708 4708 4774 4708 4582
    4582 2053 2028 2028 2016 2005 1981 1970 1959 1947 1915 1904 1904
    1883 1873 1873 1863 1863 1863 1853 1853 1853 1853 1853 1863 1863
    1873 1873 1873 1873 1873 1873 1873 1883 1894 4645 4645 4645 4645
    4645 4708 4708 4708 4708 4708 4774 4774 4774 4774 2053 2040 2040
    2016 2016 2005 1993 1970 1959 1947 1915 1904 1894 1883 1873 1863
    1863 1853 1853 1853 1853 1853 1853 1853 1853 1863 1863 1873 1873
    1873 1873 1873 1873 1873 1883 1883 4645 4645 4645 4645 4645 4645
    4708 4708 4708 4774 4774 4708 4708 4774 2040 2028 2028 2016 2005
    1993 1970 1959 1947 1947 1904 1883 1883 1873 1863 1853 1853 1853
    1853 1853 1853 1853 1853 1853 1853 1863 1863 1873 1873 1873 1873
    1873 1873 1883 1894 1894 4645 4645 4645 4645 4645 4645 4708 4708
    4708 4708 4708 4708 4708 2028 2028 2016 2016 2005 1993 1981 1970
    1959 1936 1926 1894 1883 1873 1863 1853 1843 1843 1843 1843 1843
    1843 1843 1853 1853 1863 1863 1863 1873 1873 1873 1873 1873 1873
    1883 1883 5210 4645 4645 4645 4645 4645 4708 4708 4708 4708 4645
    4645 4645 2016 2016 2005 2005 2005 1993 1981 1970 1959 1936 1926
    1926 1883 1873 1863 1853 1843 1843 1843 1843 1843 1843 1843 1843
    1843 1853 1863 1863 1873 1873 1873 1873 1873 1873 1873 1873 5210
    5210 4645 4645 4645 4645 4645 4708 4708 4708 4645 4582 4522 2040
    2016 2005 2005 1993 1981 1970 1947 1936 1926 1915 1894 1894 1873
    1863 1853 1853 1843 1843 1843 1843 1843 1843 1843 1843 1843 1853
    1863 1863 1873 1873 1873 1873 1873 1873 1873 1873 5291 5291 4645
    4645 4645 4645 4708 4708 4708 4708 4645 4582 2028 2016 2005 1993
    1993 1970 1959 1947 1926 1926 1915 1904 1883 1863 1853 1843 1843
    1843 1843 1843 1843 1843 1843 1843 1843 1843 1843 1853 1863 1863
    1863 1873 1873 1873 1873 1873 5210 5210 5210 5210 4582 4582 4582
    4645 4645 4708 4774 4774 4645 4582 2016 2016 2005 1993 1981 1959
    1959 1936 1926 1915 1904 1894 1873 1853 1843 1843 1843 1833 1833
    1833 1843 1843 1843 1843 1843 1843 1843 1853 1863 1863 1863 1873
    1873 1873 1873 5132 5132 5132 5210 5210 4582 4582 4582 4645 4645
    4708 4708 4708 4645 2005 2005 2005 1993 1981 1959 1947 1947 1926
    1915 1904 1894 1883 1853 1843 1843 1843 1833 1833 1833 1833 1843
    1843 1843 1843 1843 1843 1843 1843 1853 1863 1863 1863 1873 1873
    1873 5132 5132 5132 5210 5210 4645 4645 4645 4645 4645 4708 4708
    4708 4774 2005 1993 1993 1981 1970 1959 1947 1936 1915 1904 1894
    1883 1853 1843 1843 1843 1833 1833 1833 1833 1833 1843 1843 1843
    1843 1843 1843 1843 1843 1853 1863 1863 1863 1873 1873 5132 5132
    5132 5132 5210 5210 4645 4645 4645 4645 4645 4645 4708 4774 4774
    2005 1993 1959 1959 1959 1947 1926 1915 1904 1894 1873 1853 1843
    1843 1843 1833 1833 1833 1833 1833 1833 1833 1843 1843 1843 1843
    1843 1843 1843 1853 1863 1863 1863 1873 5132 5132 5132 5132 5132
    5210 5210 4582 4645 4645 4645 4645 4645 4708 4708 2016 1993 1970
    1947 1947 1936 1915 1904 1894 1883 1873 1873 1853 1843 1843 1833
    1833 1833 1833 1833 1833 1833 1833 1843 1843 1843 1843 1843 1843
    1843 1863 1863 1863 1873 1873 5132 5132 5132 5132 5132 5210 5210
    4582 4645 4645 4645 4645 4645 4645 2016 2005 1981 1959 1947 1947
    1926 1904 1894 1883 1873 1873 1853 1843 1833 1833 1833 1833 1833
    1833 1833 1833 1833 1833 1843 1843 1843 1843 1843 1843 1863 1863
    1863 1863 1873 5210 5132 5132 5132 5132 5132 5210 5210 4582 4582
    4645 4645 4645 4645 4645 2005 1993 1970 1959 1936 1926 1915 1904
    1894 1883 1853 1853 1843 1833 1833 1833 1833 1833 1833 1833 1833
    1833 1833 1833 1843 1843 1843 1843 1843 1843 1863 1863 1863 1863
    1863 5210 5132 5132 5132 5210 5210 5210 5210 4582 4582 4645 4645
    4645 1981 1981 1981 1970 1959 1947 1926 1915 1904 1894 1883 1873
    1853 1843 1843 1833 1823 1823 1833 1833 1833 1833 1833 1833 1833
    1833 1833 1843 1843 1843 1843 1843 1853 1863 1863 1873 5132 5132
    5132 5210 5210 5210 5210 5210 5210 4582 4582 4645 4645 1981 1981
    1970 1970 1959 1947 1936 1915 1904 1894 1883 1873 1863 1843 1833
    1833 1823 1813 1813 1823 1823 1823 1833 1833 1833 1833 1833 1833
