<?xml version="1.0"?>
<opencv_storage>
<Depth17304 type_id="opencv-matrix">
  <rows>153</rows>
  <cols>70</cols>
  <dt>w</dt>
  <data>
    3468 3468 3468 3503 802 800 798 798 798 796 796 796 796 800 800 809
    819 823 3774 3774 3732 3732 3774 3816 3816 3816 3816 3816 3816 3816
    3859 3948 3948 3948 3948 3994 3994 3994 4041 4041 4089 4089 4089
    4139 4139 4139 4139 4139 4190 4190 4190 4190 4190 4190 4190 4241
    4241 4241 4190 4190 4190 4190 4190 4139 4139 4089 4041 4041 3994
    3994 3468 3468 3468 3503 802 800 798 798 798 798 798 798 800 800 809
    809 819 823 825 825 825 827 827 827 825 825 827 827 3692 3692 3859
    3994 3994 3948 3948 3948 3994 3994 4041 4041 4089 4089 4089 4139
    4139 4190 4190 4190 4190 4190 4241 4190 4190 4190 4190 4241 4241
    4241 4241 4190 4190 4190 4190 4190 4139 4139 4089 4041 3994 3994
    3468 3503 3503 3503 802 800 800 798 798 798 798 800 800 802 809 809
    817 823 823 823 823 823 823 823 819 819 827 827 3692 3692 0 0 0 0
    3948 3948 0 0 4089 4089 4089 4089 4089 4139 4190 4190 4190 4190 4190
    4190 4190 4241 4241 4241 4241 4295 4295 4241 4190 4190 4190 4190
    4190 4139 4139 4139 4089 4041 3994 3994 3503 3503 3503 3503 802 800
    800 800 798 798 800 800 802 803 809 809 811 819 819 819 819 819 819
    815 815 813 813 813 0 0 0 0 0 0 0 0 0 0 0 0 0 4089 4089 4139 4190
    4139 4139 4139 4139 4190 4190 4190 4241 4241 4241 4241 4241 4295
    4190 4190 4190 4190 4190 4139 4139 4139 4089 4041 3994 3994 3468 803
    800 800 3468 802 802 802 800 800 802 802 802 803 805 807 811 819 819
    819 819 819 807 807 807 807 807 807 0 0 0 0 0 0 0 0 0 0 0 0 0 0 4139
    4139 4190 4139 4139 4139 4139 4190 4190 4190 4241 4241 4241 4241
    4190 4190 4190 4190 4190 4190 4190 4139 4139 4139 4089 4089 4041
    3994 802 802 800 800 800 800 802 803 802 802 802 802 800 800 798 798
    0 0 798 0 0 803 802 661 661 661 807 807 0 0 0 0 0 0 0 0 0 0 0 0 0 0
    0 0 0 0 0 0 0 0 0 4295 4295 4295 4241 668 668 4190 4190 4139 4139
    4190 4190 4190 4190 4190 4089 4089 4041 3994 802 802 800 798 798 798
    800 800 747 747 747 796 796 796 796 796 0 0 0 0 0 803 802 659 659
    659 0 0 0 0 0 0 0 0 0 0 0 0 0 0 0 0 0 0 0 0 0 0 0 0 0 0 670 670 670
    668 668 4190 666 666 4139 4190 4190 4190 4190 4190 4190 3994 0 0 803
    802 800 798 798 798 796 747 747 747 747 796 796 796 796 796 0 0 0 0
    0 0 657 657 658 658 0 0 0 0 0 0 0 0 0 0 0 0 0 0 0 0 0 0 0 0 0 0 0 0
    0 0 4582 670 670 668 667 666 666 666 666 666 4295 4349 4349 0 0 0 0
    0 803 802 800 800 798 798 796 747 747 746 746 746 742 796 796 796 0
    0 0 0 0 0 655 655 655 655 0 0 0 0 0 0 0 0 0 0 0 0 0 0 0 0 0 0 0 0 0
    0 0 0 0 0 4582 4582 670 668 667 666 666 666 664 664 666 4349 4349
    671 671 671 0 0 803 802 800 800 798 792 750 746 746 746 742 742 742
    723 723 0 0 0 0 0 0 0 655 655 654 654 0 0 0 0 0 0 0 0 0 0 0 0 0 0 0
    0 0 0 0 0 0 0 0 0 0 0 0 4582 4405 670 668 666 666 664 664 664 664
    664 672 671 671 0 0 0 805 803 802 798 789 787 750 746 746 744 738
    727 723 723 0 0 0 0 0 690 0 0 655 654 654 654 0 0 0 0 0 0 0 0 0 0 0
    0 0 0 0 0 0 0 0 0 0 0 647 646 644 644 644 4405 4405 674 670 666 664
    663 663 663 664 664 670 668 668 0 0 0 805 803 798 792 789 787 785
    746 746 739 738 727 722 716 708 707 693 690 690 690 0 0 653 653 653
    655 0 0 0 0 0 0 0 0 0 0 0 0 0 0 0 0 636 636 0 0 643 643 644 646 644
    644 646 648 649 4405 4405 662 662 662 662 663 663 664 666 667 667
    667 0 0 807 803 798 789 787 785 769 766 766 739 738 727 719 714 708
    707 691 686 686 686 683 653 653 649 649 649 0 0 0 0 0 0 0 0 630 630
    631 631 631 634 635 636 636 636 638 640 640 643 644 646 646 646 646
    648 649 653 654 659 659 661 661 662 663 666 666 667 667 667 0 0 807
    803 798 789 787 771 767 766 766 769 738 727 719 714 710 707 688 684
    683 683 683 649 649 648 648 648 622 622 622 622 622 0 627 627 629
    630 630 631 631 634 635 636 636 636 638 640 640 643 644 646 647 647
    649 650 650 653 654 657 659 661 661 662 663 664 666 667 667 667 0 0
    807 803 798 792 789 771 767 766 766 766 766 728 720 713 710 707 688
    683 680 671 670 670 649 648 648 648 622 622 622 622 622 624 625 627
    629 630 630 631 631 634 635 636 637 638 640 641 641 643 644 646 647
    648 650 652 653 654 655 657 659 661 661 663 664 664 666 667 667 667
    0 0 805 803 800 794 790 774 769 764 762 762 762 728 723 713 710 706
    706 683 680 671 670 662 649 648 648 648 623 623 622 622 622 624 625
    627 629 630 630 631 632 635 635 636 637 638 641 641 642 644 646 646
    647 649 650 652 653 654 657 658 659 661 662 664 666 666 666 668 668
    668 0 0 805 803 800 794 790 776 769 762 762 761 761 733 725 717 710
    706 706 683 680 671 671 662 659 650 650 631 630 625 623 623 623 624
    625 627 629 630 631 631 632 635 636 637 638 640 641 641 643 644 646
    647 648 649 652 653 653 655 658 659 659 662 663 666 666 666 667 668
    670 670 0 0 807 805 800 794 790 776 769 762 762 761 761 734 725 720
    714 708 688 684 682 678 671 662 659 658 658 631 630 628 625 623 623
    624 625 627 629 630 631 632 634 635 637 638 640 640 641 642 643 646
    647 648 649 650 653 654 654 655 658 659 661 662 664 666 666 668 668
    670 670 670 0 0 807 805 800 796 785 776 771 764 762 759 759 734 727
    719 716 713 688 684 682 679 675 675 659 658 657 632 630 628 627 624
    624 625 625 628 629 630 631 632 635 636 637 640 640 641 641 642 644
    646 647 649 649 652 653 654 654 655 658 661 661 663 666 666 666 668
    668 670 671 671 0 0 809 805 802 796 783 776 771 764 762 759 759 736
    727 717 716 713 687 684 683 679 675 675 659 658 657 657 631 629 627
    627 625 625 627 628 629 631 631 634 635 636 638 640 640 641 642 643
    644 648 649 650 652 653 654 655 655 658 659 661 662 663 666 666 667
    670 670 671 671 671 0 0 809 805 802 798 783 778 773 767 764 761 761
    738 728 717 716 713 687 684 683 680 676 676 661 659 659 659 630 630
    628 627 627 627 628 629 631 632 632 634 635 636 638 640 641 642 643
    644 646 648 649 650 652 654 655 657 657 658 659 661 662 663 666 666
    667 671 671 672 671 671 0 0 809 805 802 798 783 778 773 767 764 762
    762 739 730 722 716 713 688 686 683 680 676 668 668 668 649 647 647
    630 628 628 627 627 628 629 631 632 634 635 636 638 640 640 641 642
    644 646 646 648 649 650 652 654 655 657 658 659 659 661 662 664 666
    667 668 671 674 672 672 672 0 0 809 807 803 798 794 781 774 767 766
    762 759 739 731 723 716 713 690 690 686 682 676 668 664 664 649 647
    646 630 628 628 628 628 629 630 632 634 635 635 637 638 640 641 642
    644 646 646 647 648 650 650 652 654 655 657 659 659 659 661 662 664
    666 667 670 672 674 675 674 674 0 0 809 807 803 798 794 780 773 767
    766 762 759 741 730 723 717 713 694 691 687 683 676 668 664 659 649
    647 646 646 629 629 629 629 630 630 632 634 635 636 638 640 641 642
    643 644 646 646 647 649 650 652 652 654 657 658 659 659 661 662 663
    664 666 667 670 671 674 675 676 676 0 0 0 807 803 800 796 780 773
    767 766 762 761 742 730 723 719 714 703 694 688 683 676 670 664 657
    650 647 644 644 629 629 629 629 630 631 632 635 636 637 638 640 641
    643 644 644 646 646 648 649 650 652 653 654 657 658 659 659 662 664
    666 666 667 668 670 671 674 676 676 676 0 0 0 809 803 800 798 780
    773 767 766 762 761 738 731 723 720 716 713 694 688 686 679 670 664
    657 652 648 644 644 630 630 630 630 630 631 635 636 636 638 640 640
    642 643 644 646 646 647 649 650 652 653 653 655 657 659 661 661 663
    664 666 666 668 670 670 671 676 676 676 676 0 0 0 811 803 800 798
    780 774 771 767 764 762 738 733 723 720 716 713 694 688 686 683 670
    664 658 652 646 641 637 631 630 630 630 630 632 635 636 636 637 640
    641 642 643 644 646 647 648 649 650 652 653 654 655 657 659 662 662
    663 664 666 667 668 670 671 671 676 678 676 676 0 0 819 815 803 800
    800 781 778 773 769 766 764 738 733 723 720 717 713 694 690 686 683
    678 666 658 653 646 641 637 631 630 630 630 630 634 636 637 637 637
