<?xml version="1.0"?>
<opencv_storage>
<Depth11492 type_id="opencv-matrix">
  <rows>9</rows>
  <cols>21</cols>
  <dt>w</dt>
  <data>
    3732 3732 3732 3692 3614 3614 3576 3576 3614 3576 3576 3576 3576 0 0
    0 0 0 0 0 0 3732 3732 3732 3692 3653 3614 3576 3576 3614 3576 3576
    3576 3576 3503 3503 3503 3503 3503 3503 0 0 3692 3692 3732 3692 3653
    3653 3614 3614 3614 3614 3614 3576 3576 3503 3503 3503 3503 3503
    3503 3503 3503 3692 3692 3692 3692 3692 3653 3653 3653 3653 3653
    3614 3614 3576 3539 3503 3503 3503 3503 3503 3503 3503 3692 3692
    3692 3692 3692 3692 3692 3692 3653 3614 3576 3576 3576 3576 3539
    3503 3468 3468 3468 3503 3503 3653 3692 3732 3732 3732 3732 3732
    3692 3692 3576 3576 3576 3576 3576 3539 3503 3468 3468 3468 3503
    3503 3614 3692 3692 3732 3692 3692 3732 3653 3653 3576 3576 3576
    3576 3576 3539 3539 3503 3503 3503 3503 3503 3614 3692 3692 3692
    3692 3614 3614 3653 3653 3614 3576 3576 3576 3576 3539 3503 3503
    3503 3503 3468 3468 5374 0 3732 3614 3614 3614 3614 3614 3653 3614
    3614 3614 3614 3576 3539 3503 3503 3503 3468 3468 3468</data></Depth11492>
</opencv_storage>
