<?xml version="1.0"?>
<opencv_storage>
<Depth10676 type_id="opencv-matrix">
  <rows>100</rows>
  <cols>71</cols>
  <dt>w</dt>
  <data>
    3208 3208 3208 3208 3208 3208 3178 3178 3178 3178 3178 3178 1105
    1105 2065 1119 1115 1115 1115 1115 1115 1094 2256 2256 2256 2271
    2256 2241 2226 2226 2226 2226 2226 2212 2212 2212 2212 2212 2212
    2212 2212 2212 2212 2212 2212 2212 2212 2212 2212 2212 2212 2212
    2226 2226 2226 2241 2241 2271 2271 2286 2301 2317 2349 2365 2365
    2381 2365 2365 2349 2349 2349 3208 3208 3208 3208 3208 3208 3178
    3178 3178 3178 3178 3178 1105 1105 1119 1119 1115 1112 1112 1101
    1097 1094 1094 2256 2256 2271 2226 2226 2212 2212 2212 2226 2226
    2212 2212 2212 2212 2212 2212 2212 2212 2212 2212 2212 2212 2212
    2212 2212 2212 2212 2212 2226 2226 2226 2226 2241 2241 2271 2271
    2301 2301 2317 2333 2365 2365 2381 2365 2349 2349 2349 2349 3208
    3208 3208 3208 3208 3208 3178 3178 3178 3178 1119 1115 1105 1105
    1112 1112 1112 1105 1101 1097 1094 1090 1090 1090 2271 2271 2226
    2226 2212 2212 2212 2226 2226 2226 2212 2212 2212 2212 2212 2198
    2198 2170 2170 2212 2212 2212 2212 2212 2212 2212 2226 2226 2226
    2226 2226 2226 2241 2271 2271 2286 2286 2317 2333 2365 2365 2381
    2365 2349 2349 2349 2349 3208 3208 3208 3208 3208 3178 3178 3178
    3178 1119 1119 1115 1108 1105 1105 1105 1101 1094 1094 1090 1090
    1087 1084 1084 1077 1070 1067 1057 1057 1050 1050 1050 1047 1047
    1047 1038 2212 2212 2212 2198 2198 2170 2170 2198 2184 2184 2198
    2198 2212 2212 2226 2226 2226 2226 2226 2226 2256 2271 2271 2286
    2286 2317 2333 2349 2365 2365 2365 2349 2349 2349 2349 3208 3208
    3208 3178 3178 3178 3178 3178 1123 1123 1115 1115 1108 1105 1105
    1105 1097 1094 1090 1090 1087 1084 1080 1077 1073 1067 1067 1057
    1057 1047 1047 1047 1047 1047 1047 1038 1038 1034 1034 1034 1013
    2198 2198 2198 2184 2184 2198 2198 2212 2212 2226 2226 2226 2226
    2226 2226 2256 2271 2271 2286 2286 2317 1034 1031 1031 1031 2365
    2349 2349 2349 2333 3208 3208 3208 3178 3178 3178 3178 3178 1119
    1119 1115 1112 1108 1105 1105 1105 1097 1090 1090 1087 1087 1080
    1073 1073 1063 1063 1060 1050 1050 1047 1047 1041 1041 1041 1041
    1028 1028 1025 1025 1016 1013 1010 1010 1010 1010 1010 1010 1001 992
    992 2226 2226 2226 2226 2156 2156 2226 2241 2271 2286 2286 1031 1031
    1031 1028 1028 2365 2365 2349 2349 2333 3208 3208 3208 3178 3178 0
    3178 0 1119 1119 1115 1112 1108 1105 1105 1101 1097 1090 1087 1087
    1084 1080 1073 1070 1063 1057 1054 1050 1047 1041 1041 1038 1038
    1038 1034 1025 1025 1022 1019 1013 1010 1010 1007 1001 1001 1001 998
    998 989 989 989 989 2156 2156 2156 2156 2226 1025 1022 1022 1025
    1031 1031 1028 1028 1028 1028 1025 1025 2333 2333 3208 3208 3208
    3149 3149 0 0 0 1115 0 1115 1112 1108 1101 1101 1101 1097 1090 1087
    1087 1084 1077 1073 1063 1060 1054 1050 1047 1044 1041 1038 1034
    1034 1025 1022 1019 1016 1013 1013 1013 1007 1007 1001 995 995 998
    987 984 984 987 987 975 973 2156 2156 2156 1028 1025 1022 1022 1025
    1025 1025 1022 1022 1022 1022 1025 1025 1025 2333 3208 3208 3178
    3149 3149 0 0 0 0 0 1112 1112 1108 1101 1101 1101 1097 1090 1087
    1084 1084 1077 1073 1063 1060 1054 1050 1047 1044 1041 1038 1034
    1025 1025 1019 1013 1013 1010 1010 1010 1004 1001 998 992 992 989
    981 981 981 981 978 975 973 973 973 975 1028 1025 1025 1025 1025
    1013 1013 1016 1019 1019 1022 1025 1025 1025 1025 3208 3208 3178
    3178 3178 0 0 0 0 0 1112 1112 1108 1101 1101 1101 1097 1090 1087
    1084 1080 1077 1073 1063 1060 1057 1050 1047 1044 1041 1038 1034
    1025 1022 1019 1013 1013 1010 1007 1007 1001 995 992 989 989 984 975
    975 975 973 970 967 967 970 970 975 975 978 981 992 992 1001 1004
    1010 1013 1016 1022 1025 1025 1025 1025 3208 3208 3178 3178 3178 0 0
    0 0 0 1115 1112 1108 1105 1105 1101 1097 1090 1087 1084 1080 1077
    1070 1070 1063 1057 1050 1047 1041 1038 1038 1034 1025 1022 1019
    1013 1013 1010 1007 1007 1001 995 992 989 987 978 975 973 970 967
    964 964 964 964 967 975 975 978 981 989 992 998 1001 1007 1010 1016
    1019 1022 1028 1025 1025 3208 3208 3208 3208 3208 0 0 0 0 1119 1115
    1112 1108 1105 1105 1101 1094 1090 1087 1087 1080 1077 1070 1063
    1063 1057 1050 1047 1041 1038 1038 1034 1025 1022 1019 1016 1013
    1010 1010 1004 1001 998 992 989 984 978 975 973 970 967 964 964 964
    964 967 973 978 981 987 989 995 998 1001 1007 1010 1016 1019 1022
    1028 1028 1028 3208 3208 3208 3208 3208 0 0 0 0 1119 1115 1112 1112
    1108 1105 1101 1094 1090 1087 1084 1080 1073 1070 1063 1060 1054
    1050 1047 1041 1038 1038 1034 1025 1022 1019 1016 1013 1010 1007
    1001 998 995 992 989 984 978 975 973 970 967 964 964 964 964 967 973
    978 981 987 992 995 998 1001 1010 1013 1013 1016 1022 1031 1028 1028
    3208 3208 3208 3208 3208 0 0 0 0 1119 1115 1112 1112 1108 1105 1101
    1094 1090 1087 1084 1080 1073 1070 1063 1060 1054 1050 1047 1041
    1038 1038 1034 1025 1022 1019 1016 1013 1010 1007 1001 998 995 992
    989 984 978 975 973 970 967 964 964 964 964 967 973 978 981 987 992
    995 998 1004 1010 1013 1013 1016 1022 1031 1031 1038 3208 3208 3178
    3178 3208 0 0 0 0 1115 1115 1115 1112 1108 1105 1101 1094 1090 1087
    1084 1077 1073 1070 1063 1060 1054 1050 1047 1044 1038 1038 1034
    1025 1022 1019 1016 1013 1010 1007 1001 998 995 992 989 984 978 975
    973 970 967 964 964 964 964 967 973 978 984 989 992 995 1001 1004
    1010 1016 1016 1019 1025 1031 1034 1038 3238 3178 3178 3178 0 0 0 0
    0 1115 1115 1112 1112 1108 1105 1097 1094 1090 1087 1080 1077 1073
    1070 1063 1060 1054 1050 1047 1044 1041 1038 1034 1025 1022 1019
    1016 1013 1010 1010 1001 998 995 992 989 981 978 975 973 970 967 964
    964 964 964 967 975 981 987 989 992 995 1001 1004 1013 1016 1016
    1019 1025 1031 1038 1038 3208 3178 3149 3149 0 0 0 0 0 1115 1112
    1112 1108 1101 1101 1097 1094 1090 1084 1077 1077 1073 1073 1063
    1060 1054 1050 1047 1044 1041 1034 1034 1025 1022 1019 1016 1013
    1010 1007 1001 998 995 992 987 981 978 975 973 970 967 964 964 964
    964 967 975 984 989 989 992 995 1001 1004 1010 1013 1016 1019 1028
    1031 1038 1041 3208 3178 3149 3149 0 0 0 0 0 1115 1112 1112 1101
    1101 1101 1097 1094 1090 1084 1077 1077 1073 1067 1063 1057 1054
    1050 1047 1047 1038 1034 1034 1025 1022 1019 1016 1013 1010 1004
    1001 998 995 992 987 981 978 975 973 967 964 964 964 964 964 967 978
    984 987 989 992 998 1001 1004 1007 1013 1016 1022 1028 1034 1034
    1034 3178 3178 3149 3149 0 0 0 0 0 1115 1115 1112 1101 1101 1101
    1097 1094 1090 1084 1077 1077 1073 1067 1063 1057 1054 1050 1047
    1044 1038 1034 1034 1025 1022 1016 1016 1010 1010 1004 1001 998 995
    992 987 981 978 975 973 967 964 964 964 964 967 970 981 984 987 989
    992 998 1001 1004 1007 1013 1016 1022 1028 1031 1031 1031 3178 3178
    3149 3149 0 0 0 0 0 1115 1112 1112 1101 1097 1097 1094 1090 1087
    1080 1077 1077 1073 1067 1060 1057 1050 1047 1047 1044 1038 1034
    1034 1025 1019 1016 1013 1010 1007 1004 1001 998 995 992 987 984 978
    975 973 967 964 964 964 964 967 973 981 984 987 989 992 998 1004
    1004 1010 1013 1016 1022 1028 1031 1031 1031 3208 3208 3208 0 0 0 0
    0 0 1115 1112 1112 1101 1097 1097 1094 1090 1087 1080 1077 1077 1073
    1067 1060 1057 1050 1047 1047 1044 1038 1038 1034 1025 1016 1013
    1013 1010 1007 1004 1001 998 995 992 987 984 978 973 973 967 964 964
    964 964 967 975 981 984 987 989 992 998 1001 1004 1010 1016 1019
    1025 1028 1031 1031 1031 3208 3208 3208 0 0 0 0 0 0 1112 1112 1112
    1101 1101 1097 1090 1090 1087 1080 1077 1077 1070 1063 1060 1057
    1050 1047 1047 1041 1038 1038 1034 1022 1013 1013 1013 1010 1007
    1004 1001 998 995 989 987 981 978 973 973 967 967 964 964 967 967
    973 981 984 987 989 992 998 1001 1004 1013 1016 1019 1025 1028 1031
    1031 1031 3208 3208 3208 0 0 0 0 0 1115 1112 1112 1112 1101 1101
    1097 1090 1090 1087 1084 1077 1077 1070 1063 1060 1057 1050 1047
