<?xml version="1.0"?>
<opencv_storage>
<Depth11108 type_id="opencv-matrix">
  <rows>133</rows>
  <cols>110</cols>
  <dt>w</dt>
  <data>
    4582 4522 4241 4190 4190 4190 4190 4139 4139 4139 4190 4190 4190
    4190 4190 4190 4190 4190 4241 4241 4241 4295 4295 4349 4295 4295
    4295 4349 4405 4405 4582 4645 4708 4708 4645 4582 4522 4522 4522
    4463 4463 4463 4463 4405 4349 4295 4295 4295 4295 4241 4241 4241
    4241 4190 4139 4089 4089 4041 4041 4041 4041 3994 3903 3903 3859
    3859 3816 3816 3774 3774 3732 3692 3692 3692 3692 3653 3653 3653
    3576 3576 3576 3539 3539 744 742 742 739 739 741 3399 3399 3399 3399
    3399 0 0 3269 3269 3269 3238 3208 3178 3178 3149 3120 3092 3064 3064
    3064 3037 4645 4522 4241 4190 4190 4190 4190 4190 4139 4139 4190
    4190 4190 4190 4190 4241 4241 4241 4241 4241 4241 4295 4295 4349
    4295 4295 4349 4349 4405 4405 4522 4582 4645 4645 4645 4645 4645
    4645 4582 4463 4463 4463 688 4349 4349 4295 4295 4295 4295 4241 4241
    4241 4241 4190 4139 4089 4041 4041 3994 3994 4041 3994 3903 3903
    3859 3859 3859 3816 3774 3774 3732 3692 3692 3732 3732 3692 3653
    3653 3576 3576 3539 3539 3539 744 742 742 741 741 741 744 3399 3399
    0 3399 0 0 3300 3269 3269 3238 3208 3178 3178 3149 3120 3092 3092
    3064 3064 3037 4582 4522 4241 4190 4190 4190 4190 4190 4139 4139
    4139 4139 4190 663 662 662 662 4190 4241 4241 4190 4190 4190 4190
    4349 4349 4349 4349 4405 4405 664 664 4582 4645 4645 4645 680 680
    680 682 4463 4463 688 688 688 688 688 688 4295 4241 4241 700 698 698
    706 706 4041 4041 3994 3994 4041 3994 3994 719 719 723 723 3816 3774
    3774 3774 3774 738 738 736 736 3732 744 744 739 739 742 3539 746 746
    744 744 744 744 744 3399 0 0 0 0 0 0 3269 3269 3238 3208 3178 3178
    3149 3149 3120 3092 3064 3064 3064 4582 4582 0 4190 4190 4190 4190
    4190 4139 4139 4139 4139 4139 659 659 659 659 661 662 4241 4190 4190
    4190 4190 661 659 659 661 664 666 664 664 667 670 674 678 678 678
    678 680 682 682 683 684 687 688 688 687 687 687 688 698 698 698 700
    701 703 706 704 704 704 710 710 713 714 717 720 720 722 723 723 725
    733 733 736 736 739 741 742 739 739 742 742 3576 747 746 744 744 744
    744 0 0 0 0 0 0 0 3269 3269 3238 3208 3178 3149 3149 3149 3120 3092
    3064 3064 3064 0 0 0 0 0 0 4190 4190 4190 4190 4139 4139 661 659 659
    655 650 649 649 649 643 643 659 659 659 659 659 659 661 664 666 666
    667 668 671 676 678 678 676 676 678 679 682 682 686 687 688 687 687
    687 687 688 696 696 698 700 700 703 704 703 703 708 710 713 711 711
    717 717 720 722 723 723 730 731 733 733 736 741 742 742 742 746 746
    746 739 739 744 744 742 742 0 0 0 0 0 0 0 3269 3269 3238 3208 3178
    3149 3149 3149 3120 3092 3064 3064 3064 0 0 0 0 0 0 0 0 0 0 0 0 661
    661 658 652 650 649 647 643 643 643 627 659 659 657 657 655 655 662
    662 664 664 664 667 667 674 675 675 676 676 676 674 672 672 687 687
    684 683 683 686 688 696 696 696 696 694 694 698 703 703 704 707 708
    707 707 716 717 719 720 723 723 725 725 731 731 731 731 742 742 744
    744 744 738 736 736 739 739 739 739 0 0 0 0 0 0 0 3269 3269 3269
    3238 3178 3149 3149 3149 3092 3092 3064 3064 3064 0 0 0 0 0 0 0 0 0
    0 0 0 0 661 658 652 650 649 647 643 630 627 627 627 657 657 657 654
    654 657 657 661 655 655 666 666 674 675 675 670 668 668 670 671 672
    672 672 675 676 679 683 683 686 691 691 691 688 688 698 703 703 704
    707 707 706 706 710 713 716 720 0 728 719 719 731 731 731 725 722
    722 722 723 744 736 736 736 736 739 739 739 0 0 0 0 0 0 0 3333 3333
    3300 3269 3238 3178 3092 3092 3064 3064 3064 3064 3064 0 0 0 0 0 0 0
    0 0 0 0 0 0 661 659 654 650 649 646 635 630 627 625 625 625 657 657
    652 648 648 648 652 655 655 666 666 666 666 0 670 668 659 658 658
    671 672 672 671 671 679 683 683 686 691 691 688 687 686 686 686 0
    707 0 707 706 706 710 713 716 716 0 719 719 719 0 719 0 725 720 720
    722 723 723 736 736 736 736 741 742 742 0 0 0 720 717 716 713 710
    708 708 708 3178 3178 3092 3092 3064 3064 3064 3064 3064 0 0 0 0 0 0
    0 0 0 0 0 0 0 659 659 655 650 649 643 635 631 628 625 625 625 625
    652 652 646 646 640 640 655 655 0 655 655 0 0 593 593 659 653 649
    649 649 672 663 663 663 663 663 688 688 688 688 687 686 686 686 0 0
    0 0 0 0 0 0 0 0 0 0 0 0 658 0 720 720 720 720 722 725 725 738 736
    736 736 736 680 0 0 0 0 708 707 704 704 710 707 707 706 706 706 700
    700 700 3064 3064 3064 3037 0 0 0 0 0 0 0 0 0 0 0 0 0 659 659 655
    650 650 643 635 631 628 625 625 625 625 613 643 643 642 638 637 636
    636 0 0 0 0 0 593 593 593 653 647 647 649 649 663 663 663 0 0 0 0 0
    0 620 622 622 622 0 0 0 0 0 0 0 0 0 0 0 0 0 0 0 0 0 658 662 662 668
    668 668 671 672 672 680 0 680 679 0 696 696 696 697 697 698 698 700
    703 703 703 703 700 700 700 700 0 3037 3037 0 0 0 0 0 0 0 0 0 0 0 0
    0 662 661 658 654 650 643 636 631 628 625 620 618 616 613 613 643
    642 638 636 636 636 0 0 0 0 0 593 593 596 596 647 647 647 604 604
    606 606 0 618 618 618 619 0 0 0 0 0 630 630 0 0 0 0 0 0 0 0 0 0 0 0
    0 658 658 0 662 662 668 668 668 671 672 672 680 680 680 679 679 691
    691 691 691 693 691 690 690 698 698 701 701 700 700 700 700 700 0 0
    0 0 0 0 0 0 0 0 0 0 0 0 668 664 661 658 652 647 644 641 630 627 624
    620 618 616 610 610 610 642 637 636 636 637 0 0 0 0 0 596 596 596
    596 606 606 604 604 604 606 606 610 618 618 618 619 619 620 622 622
    0 630 630 629 629 629 0 0 653 653 653 650 650 650 658 658 658 658
    655 662 662 662 663 664 671 672 674 674 679 679 679 679 687 687 688
    688 688 688 688 690 690 694 694 697 700 700 700 700 700 0 0 0 0 0 0
    0 0 0 0 0 0 0 0 668 666 662 659 652 647 644 642 630 627 624 621 618
    613 610 610 610 637 637 637 637 0 0 0 0 0 0 597 597 597 600 602 602
    602 604 604 606 607 610 616 616 616 618 619 620 621 621 623 625 629
    629 629 631 631 0 647 647 647 648 648 648 648 655 657 655 655 657
    658 661 662 663 664 668 671 671 672 674 675 675 676 680 683 683 684
    686 686 687 690 691 691 696 698 698 700 700 700 0 0 0 0 0 0 0 0 0 0
    0 0 663 663 663 666 664 662 649 647 644 642 634 627 624 622 618 612
    609 609 597 597 597 597 596 0 0 0 0 600 0 599 599 599 600 602 602
    602 604 604 606 607 610 611 613 615 616 618 619 621 621 623 625 628
    630 630 631 631 631 647 640 640 643 647 647 648 655 655 654 654 655
    658 659 661 663 663 666 668 670 672 672 672 672 674 675 675 679 682
    683 684 686 688 690 691 694 697 698 698 700 700 0 0 0 0 0 0 0 0 0 0
    0 0 661 661 663 667 664 664 649 647 644 642 634 627 625 622 613 611
    609 609 597 596 596 596 596 0 0 582 0 0 600 600 599 599 601 601 601
    601 603 604 607 608 610 611 612 614 615 616 616 620 621 622 623 623
    624 624 631 631 631 631 640 640 643 644 644 648 655 653 653 654 655
    658 659 659 659 653 652 652 667 671 671 671 671 671 670 670 678 678
    682 683 684 688 690 690 693 686 684 684 684 684 687 691 0 0 0 0 0 0
    0 0 0 0 661 661 670 668 664 664 650 647 644 640 637 628 625 623 613
    611 609 609 597 596 595 592 585 584 584 582 582 582 600 600 600 600
    600 600 600 600 601 602 606 608 609 610 612 613 614 613 610 610 610
    611 618 618 619 619 619 619 621 620 620 620 644 644 644 644 655 640
    640 640 641 642 642 643 646 648 650 650 652 653 653 655 658 662 666
    666 666 668 668 670 672 672 679 679 680 680 682 684 684 684 687 691
    0 0 0 0 0 0 0 0 0 0 661 661 670 668 664 655 650 648 646 638 636 631
    627 624 624 610 609 603 600 596 593 591 585 584 584 582 582 585 584
    584 585 588 590 594 597 598 599 600 600 601 602 609 609 610 609 609
    610 610 610 611 614 615 618 619 619 619 621 620 620 624 624 628 630
    632 635 636 638 640 640 642 642 643 646 648 649 650 652 653 653 655
    658 661 662 664 666 667 668 670 671 672 678 679 680 680 682 686 686
    686 687 691 0 0 0 0 0 0 0 0 0 0 661 661 671 670 662 655 652 649 646
    637 636 631 627 625 625 610 606 603 600 596 592 586 585 584 584 584
    584 585 584 584 585 587 590 592 595 597 598 599 600 600 601 601 603
