<?xml version="1.0"?>
<opencv_storage>
<Depth8972 type_id="opencv-matrix">
  <rows>6</rows>
  <cols>14</cols>
  <dt>w</dt>
  <data>
    0 0 0 0 6375 6375 6375 6375 6375 6146 6146 6259 6259 6259 0 0 0 6146
    6146 6146 6259 6146 6146 6146 6146 6146 6146 6146 0 0 6038 6038 6038
    6038 6038 6038 6038 6038 6038 6146 6038 6038 0 5933 5933 5933 5933
    5933 6038 6038 5933 5933 6038 6146 6038 6038 6038 5933 5933 5933
    5933 5933 6038 6038 5933 5933 6038 6038 6038 6038 5933 5933 5933
    5933 6038 6038 6038 6038 5933 5933 6038 6038 6038 6038</data></Depth8972>
</opencv_storage>
