<?xml version="1.0"?>
<opencv_storage>
<Depth1987 type_id="opencv-matrix">
  <rows>55</rows>
  <cols>37</cols>
  <dt>w</dt>
  <data>
    4405 4405 4405 4405 4405 4349 4295 4295 4349 4349 4405 4405 4405
    4349 4349 4295 4241 4241 1804 1804 1804 1804 1794 1794 1794 1804
    4139 4139 4190 4190 4190 4190 4190 4190 4190 4190 4190 4405 4405
    4405 4405 4405 4349 4295 4295 4295 4295 4349 1804 1804 4349 4349
    1785 1785 1785 1785 1794 1794 1794 1794 1794 1794 1804 1804 1804
    4295 4241 4190 4190 4190 4190 4190 4190 4190 4405 4405 4405 4405
    4405 4349 4295 4295 4295 4295 4349 1794 1785 1785 1785 1785 1785
    1785 1785 1794 1794 1794 1794 1794 1794 1804 1804 1804 4190 4190
    4190 4190 4190 4190 4190 4190 4190 4405 4405 4463 4463 4405 4349
    4295 4295 4295 1813 1794 1794 1785 1785 1785 1785 1785 1785 1785
    1794 1794 1794 1794 1794 1794 1804 1804 1804 1804 4190 4190 4190
    4190 4190 4190 4190 4190 1981 1970 1970 1970 1970 1970 4349 4295
    1833 1813 1794 1785 1776 1776 1776 1785 1785 1785 1785 1794 1794
    1794 1794 1794 1794 1804 1804 1804 1804 4190 4190 4190 4190 4190
    4190 4190 4190 1981 1970 1970 1970 1947 1947 1947 1853 1833 1813
    1794 1785 1776 1776 1776 1776 1785 1785 1785 1785 1794 1794 1794
    1794 1804 1804 1804 1804 1804 4190 4190 4190 4190 4190 4190 4190
    4190 1981 1970 1959 1959 1926 1894 1883 1853 1833 1813 1804 1785
    1776 1776 1776 1776 1785 1785 1785 1785 1794 1794 1794 1794 1794
    1804 1804 1804 1804 4190 4190 4190 4190 4190 4190 4190 4190 1981
    1970 1959 1959 1926 1894 1883 1853 1843 1823 1804 1794 1785 1785
    1785 1785 1785 1785 1785 1785 1785 1794 1794 1794 1794 1794 1804
    1804 1804 4190 4190 4190 4190 4241 4241 4190 4190 1981 1970 1959
    1947 1926 1904 1883 1853 1843 1823 1813 1804 1785 1785 1785 1785
    1785 1785 1785 1785 1785 1785 1794 1794 1794 1794 1804 1804 1804
    4190 4190 4190 4190 4190 4190 4190 4190 1981 1970 1959 1947 1926
    1904 1894 1853 1843 1833 1813 1804 1794 1785 1785 1785 1785 1785
    1785 1785 1785 1785 1794 1794 1794 1794 1804 1804 1804 4190 4190
    4190 4190 4190 4190 4190 4190 1981 1970 1959 1947 1936 1926 1904
    1853 1843 1833 1823 1804 1794 1785 1776 1776 1776 1776 1785 1785
    1785 1785 1785 1794 1794 1794 1804 1804 1804 4190 4190 4190 4190
    4190 4190 4190 4190 1981 1970 1959 1947 1936 1926 1904 1883 1853
    1833 1823 1804 1794 1785 1776 1776 1776 1776 1785 1785 1785 1785
    1785 1794 1794 1794 1804 1794 1794 4190 4190 4190 4190 4190 4190
    4190 4190 1981 1970 1959 1947 1936 1926 1915 1883 1853 1833 1823
    1813 1794 1785 1776 1776 1776 1776 1785 1785 1785 1785 1785 1794
    1794 1794 1794 1794 1794 1794 4190 4190 4190 4190 4190 4241 4190
    1993 1981 1970 1959 1936 1926 1915 1894 1853 1843 1833 1813 1804
    1785 1785 1785 1776 1776 1785 1785 1785 1785 1785 1794 1794 1794
    1794 1794 1794 1794 4241 4241 4190 4190 4190 4190 4190 1993 1981
    1970 1959 1947 1926 1915 1894 1863 1843 1833 1813 1804 1794 1794
    1785 1776 1776 1776 1776 1785 1785 1785 1794 1794 1794 1794 1794
    1794 1794 1794 4295 4241 4190 4190 4190 4190 4295 1981 1981 1970
    1959 1936 1915 1894 1863 1853 1843 1823 1813 1794 1794 1785 1776
    1776 1776 1776 1776 1776 1785 1794 1794 1794 1794 1794 1794 1794
    1804 1804 4241 4241 4190 4190 4190 1981 1981 1981 1970 1959 1936
    1915 1894 1873 1853 1843 1823 1813 1804 1794 1785 1776 1776 1776
    1776 1776 1776 1785 1794 1794 1794 1794 1794 1794 1804 1804 1804
    4241 4241 4190 4190 4190 1981 1981 1981 1981 1959 1936 1926 1894
    1873 1863 1843 1823 1813 1804 1794 1785 1776 1776 1776 1776 1776
    1776 1785 1785 1794 1794 1794 1794 1794 1794 1794 1794 4241 4190
    4190 4190 4190 4405 1993 1981 1981 1970 1936 1926 1894 1883 1863
    1843 1833 1813 1804 1794 1785 1776 1776 1776 1776 1776 1776 1776
    1785 1794 1794 1794 1804 1794 1794 1794 4241 4241 4190 4190 4190
    4190 4405 2005 1981 1981 1970 1936 1926 1894 1883 1863 1853 1843
    1823 1813 1804 1794 1785 1776 1776 1776 1776 1776 1776 1785 1794
    1794 1794 1804 1804 1804 1804 4241 4241 4241 4241 4190 4190 4405
    2028 2005 1993 1981 1947 1936 1904 1883 1873 1853 1843 1823 1813
    1804 1794 1785 1776 1776 1776 1776 1776 1785 1785 1794 1794 1794
    1804 1804 1804 1804 1804 4241 4241 4241 4190 4190 4405 4405 2005
    1993 1981 1959 1936 1915 1883 1873 1853 1843 1833 1813 1804 1794
    1785 1776 1776 1785 1785 1785 1785 1794 1794 1794 1794 1804 1804
    1804 1804 1804 4241 4241 4241 4190 4190 4405 4405 2005 1993 1981
    1959 1947 1926 1904 1883 1863 1853 1833 1813 1804 1794 1785 1776
    1776 1785 1785 1794 1794 1794 1794 1794 1804 1804 1804 1804 1804
    1804 4190 4190 4190 4190 4190 4405 4405 2016 1993 1981 1970 1936
    1926 1915 1894 1873 1853 1833 1813 1804 1794 1785 1776 1776 1785
    1785 1794 1794 1794 1794 1794 1804 1804 1804 1804 1804 1804 4190
    4190 4190 4190 4241 4349 4349 4349 1993 1981 1970 1936 1926 1904
    1894 1873 1853 1843 1823 1804 1804 1785 1776 1776 1776 1776 1785
    1794 1794 1794 1794 1804 1804 1804 1804 1794 1794 4190 4190 4190
    4241 4241 4349 4349 4405 1993 1981 1970 1936 1926 1904 1894 1873
    1863 1843 1823 1813 1804 1785 1776 1776 1776 1776 1785 1785 1794
    1794 1794 1794 1804 1804 1804 1794 1794 1794 4241 4241 4241 4241
    4405 4405 4405 4405 1993 1981 1947 1926 1915 1894 1883 1863 1853
    1833 1813 1804 1785 1776 1776 1776 1776 1785 1785 1794 1794 1794
    1794 1804 1804 1804 1794 1794 1794 4241 4241 4241 4190 4405 4405
    4405 4405 1993 1981 1959 1936 1926 1904 1883 1873 1853 1833 1813
    1804 1785 1776 1776 1776 1776 1785 1794 1794 1794 1794 1794 1804
    1804 1804 1794 1794 1794 4241 4241 4241 4190 4405 4405 4405 4405
    2005 1981 1970 1947 1936 1915 1894 1883 1863 1843 1833 1813 1785
    1785 1776 1776 1785 1785 1794 1794 1794 1794 1794 1794 1794 1804
    1804 1804 1804 4295 4241 4241 4190 4405 4405 4405 4463 2016 1981
    1970 1947 1936 1926 1904 1883 1873 1853 1833 1823 1794 1794 1785
    1785 1794 1794 1794 1794 1794 1794 1794 1794 1794 1804 1804 1804
    1804 1823 4241 4241 4190 4405 4405 4463 4463 4463 2005 1981 1959
    1936 1926 1904 1883 1873 1853 1843 1823 1804 1794 1794 1794 1794
    1794 1794 1794 1794 1794 1794 1804 1804 1804 1804 1804 1804 1823
    4241 4241 4241 4405 4405 4405 4405 4405 1981 1981 1970 1947 1926
    1915 1894 1873 1853 1843 1833 1804 1804 1794 1794 1794 1794 1794
    1794 1794 1794 1794 1804 1804 1804 1804 1804 1804 1833 4241 4241
    4241 4405 4405 4405 4405 4405 1981 1981 1970 1947 1936 1926 1894
    1883 1853 1843 1833 1804 1794 1794 1794 1794 1794 1794 1794 1794
    1794 1794 1804 1804 1804 1804 1813 1813 1833 4190 4190 4241 4405
    4405 4405 4463 4463 1981 1981 1970 1947 1936 1926 1915 1894 1863
    1853 1833 1813 1794 1794 1794 1794 1794 1794 1794 1794 1794 1794
    1794 1804 1804 1804 1813 1813 1823 4190 4190 4241 4405 4405 4405
    4405 4405 1993 1993 1970 1947 1936 1926 1915 1894 1883 1853 1843
    1813 1794 1794 1794 1794 1794 1794 1794 1794 1794 1794 1794 1804
    1804 1813 1813 1813 1813 1833 4241 4241 4405 4405 4405 4405 4405
    2028 2016 1981 1970 1936 1926 1915 1904 1883 1863 1843 1823 1794
    1794 1794 1794 1794 1794 1794 1794 1794 1794 1794 1804 1804 1813
    1813 1813 1813 1833 1833 4295 4405 4405 4405 4405 4405 2040 2016
    2005 1970 1947 1926 1915 1904 1883 1873 1853 1833 1794 1794 1794
    1794 1794 1794 1794 1794 1794 1794 1804 1804 1804 1804 1813 1813
    1813 1823 1823 4295 4463 4463 4463 4463 4463 4463 2016 2016 1970
    1959 1936 1915 1904 1894 1873 1863 1833 1804 1794 1794 1794 1794
    1794 1794 1794 1794 1794 1804 1804 1804 1804 1813 1813 1813 1823
    1823 4295 4463 4463 4463 4405 4405 4463 2016 2016 1981 1970 1947
    1926 1904 1894 1873 1863 1813 1804 1794 1794 1794 1794 1794 1794
    1794 1794 1794 1804 1804 1804 1804 1813 1813 1813 1823 1823 4295
    4463 4463 4463 4405 4405 4405 2016 2016 1981 1970 1947 1936 1926
    1894 1883 1873 1813 1804 1794 1794 1794 1794 1794 1794 1794 1794
    1804 1804 1804 1804 1804 1813 1813 1813 1813 1813 4295 4463 4463
