<?xml version="1.0"?>
<opencv_storage>
<Depth11756 type_id="opencv-matrix">
  <rows>48</rows>
  <cols>67</cols>
  <dt>w</dt>
  <data>
    1025 1025 1025 1025 1025 1025 1025 1025 1022 1019 1019 1019 1016
    1016 1016 1013 1013 1013 1010 1010 1010 1010 1007 1004 1001 1001
    1007 1025 1025 1001 995 995 998 1001 1004 1007 1004 1004 1001 1001
    998 998 995 995 992 992 992 989 989 989 989 987 978 973 970 970 970
    970 970 1028 1028 1031 1050 1054 1054 0 0 1028 1028 1025 1025 1025
    1025 1025 1025 1022 1022 1019 1019 1019 1019 1016 1013 1013 1013
    1010 1010 1010 1007 1004 1004 1004 1004 1007 1025 1028 1031 998 998
    998 1001 1004 1007 1004 1004 1001 1001 998 998 998 995 995 992 992
    989 989 989 989 989 978 975 973 973 970 970 970 1028 1031 1031 1044
    1054 1054 0 0 1028 1028 1028 1028 1028 1028 1025 1025 1022 1022 1019
    1019 1019 1019 1016 1016 1013 1013 1010 1010 1010 1007 1004 1004
    1004 1004 1004 1025 1028 1031 1001 998 998 1001 1004 1007 1004 1004
    1004 1001 1001 998 998 998 995 992 992 992 992 992 989 987 981 975
    973 973 973 970 967 967 1031 1031 1044 1054 1054 0 0 1028 1028 1028
    1028 1028 1028 1028 1025 1022 1022 1019 1019 1019 1019 1019 1016
    1013 1013 1013 1010 1010 1010 1007 1004 1004 1004 1004 1025 1034
    1034 1001 998 998 1001 1004 1007 1007 1004 1004 1001 1001 1001 998
    998 998 995 995 992 992 989 989 984 978 975 975 975 973 970 967 967
    1038 1038 1047 1054 1054 0 0 1028 1031 1031 1031 1028 1028 1028 1025
    1025 1022 1022 1022 1022 1022 1019 1019 1016 1013 1013 1013 1010
    1010 1007 1004 1004 1004 1007 1025 1031 1031 1001 1001 1001 1001
    1001 1007 1007 1007 1004 1001 1001 1001 998 998 998 998 995 992 989
    987 987 981 978 975 973 973 973 973 970 970 1041 1041 1044 1054 1054
    0 0 1031 1031 1031 1031 1031 1028 1028 1025 1025 1022 1022 1022 1022
    1022 1022 1022 1019 1016 1016 1013 1010 1010 1007 1007 1007 1007
    1007 1016 1028 1013 1001 1001 1001 1001 1001 1007 1007 1007 1004
    1001 998 998 995 995 995 995 992 989 987 984 984 978 975 975 973 970
    970 970 970 970 1041 1041 1044 1054 1054 0 0 1034 1034 1034 1031
    1031 1031 1028 1025 1025 1025 1025 1022 1022 1022 1022 1022 1019
    1019 1016 1013 1013 1013 1010 1007 1007 1007 1007 1013 1028 1013
    1001 1001 1001 1001 1001 1004 1004 1004 1001 995 995 992 989 989 989
    989 987 987 987 984 984 978 975 975 973 970 970 970 970 970 1034
    1034 1057 1057 1057 0 0 1034 1034 1034 1034 1034 1031 1028 1025 1025
    1025 1025 1025 1022 1022 1022 1022 1022 1022 1019 1016 1016 1016
    1013 1010 1010 1010 1010 1013 1013 1007 1004 1001 1001 1001 1001
    1001 1001 1001 998 992 989 989 989 987 987 989 984 984 984 984 984
    981 978 975 975 973 973 970 970 970 1034 1034 1050 1050 1050 1050 0
    1034 1034 1034 1034 1034 1031 1031 1028 1028 1028 1028 1028 1025
    1025 1025 1025 1025 1025 1025 1022 1022 1013 1013 1013 1010 1010
    1010 1013 1010 1007 1001 1001 998 998 998 998 998 998 995 992 989
    989 987 987 987 989 984 984 984 984 984 987 987 984 978 975 975 973
    970 970 1038 1038 1050 1050 1050 1050 0 1034 1034 1034 1034 1034
    1034 1034 1034 1031 1031 1038 1038 1034 1034 1034 1031 1031 1028
    1025 1019 1016 1013 1013 1013 1010 1010 1013 1010 1007 1004 1001
    1001 998 998 998 998 998 998 995 992 989 989 987 987 987 987 1019
    1007 1004 987 987 992 995 992 981 978 978 975 973 973 975 1041 1057
    1057 1060 1060 0 1034 1034 1034 1034 1034 1038 1038 1038 1038 1041
    1041 1041 1041 1044 1044 1028 1028 1025 1019 1013 1013 1013 1013
    1013 1010 1010 1013 1010 1007 1004 1001 1001 998 998 998 998 998
    1001 1001 998 998 998 987 987 987 1019 1019 998 989 989 984 984 987
    984 978 978 978 975 973 973 975 1063 1060 1060 1063 1063 1067 1034
    1034 1034 1034 1034 1038 1041 1047 1041 1038 1034 1028 1025 1025
    1022 1022 1022 1019 1016 1013 1013 1010 1010 1010 1010 1010 1013
    1010 1010 1004 1001 1001 1001 1001 1001 1001 1004 1007 1004 1001 998
    998 992 992 989 987 987 987 987 987 984 984 978 978 978 978 975 975
    973 973 975 1063 1063 1063 1063 1067 1067 1038 1034 1034 1034 1038
    1038 1041 1041 1031 1031 1028 1025 1025 1022 1022 1019 1019 1019
    1016 1013 1013 1010 1010 1010 1010 1010 1013 1013 1013 1004 1001
    1001 1001 1001 1001 1004 1004 1001 1001 998 998 995 992 992 989 987
    984 984 984 984 987 987 978 978 978 978 975 975 975 975 978 978 1070
    1067 1067 1067 3010 1038 1038 1038 1038 1038 1038 1038 1038 1031
    1028 1025 1025 1025 1022 1022 1019 1019 1016 1016 1013 1013 1016
    1016 1013 1013 1013 1013 1013 1010 1007 1004 1001 1001 1001 1001
    1001 1001 998 998 995 995 995 992 992 989 987 984 984 984 984 989
    989 987 981 978 978 978 975 975 975 973 973 1070 1067 1063 1063 3010
    1038 1038 1038 1038 1038 1038 1038 1038 1031 1028 1025 1025 1025
    1025 1022 1019 1019 1016 1016 1016 1016 1016 1016 1013 1013 1013
    1013 1010 1010 1007 1004 1004 1004 1004 1001 1001 1001 998 998 995
    995 995 992 992 989 987 987 987 987 989 995 995 998 995 981 981 978
    978 978 975 970 970 1067 1063 1063 1063 1063 0 1038 1038 1038 1038
    1038 1038 1038 1038 1038 1025 1025 1025 1025 1022 1022 1019 1019
    1019 1022 1022 1019 1016 1016 1016 1013 1010 1010 1007 1004 1004
    1004 1001 1001 1001 998 998 998 998 995 995 995 998 1001 1001 1031
    1031 1031 1001 1001 1001 1001 998 998 987 984 981 981 978 975 970
    970 1067 1063 1060 1060 1060 0 1038 1038 1038 1038 1038 1038 1038
    1038 1031 1031 1025 1025 1025 1025 1022 1022 1022 1022 1019 1019
    1019 1019 1016 1013 1013 1010 1010 1007 1004 1004 1004 1001 1001
    1001 998 998 998 998 998 998 998 1004 1007 1010 1031 1031 1022 1007
    1004 1001 1001 1001 998 987 981 981 981 978 975 970 970 1067 1063
    1060 1060 1060 0 1038 1038 1038 1038 1038 1031 1031 1031 1031 1031
    1031 1028 1025 1025 1025 1022 1022 1022 1019 1019 1019 1019 1016
    1013 1013 1010 1010 1007 1004 1004 1004 1004 1004 1001 1001 1001
    1004 1022 1041 1004 1004 1004 1010 1038 1034 1034 1022 1010 1007
    1004 1001 1001 998 987 981 981 981 978 975 970 970 1067 1067 1063
    1063 1063 0 1041 1041 1041 1038 1038 1031 1031 1031 1031 1031 1028
    1028 1025 1025 1025 1025 1025 1022 1019 1019 1019 1019 1016 1013
    1013 1010 1010 1010 1007 1007 1007 1004 1004 1001 1001 1004 1028
    1028 1034 1038 1034 1034 1041 1041 1038 1034 1028 1010 1007 1004
    1001 1001 998 987 981 981 978 978 978 973 973 1067 1067 1067 1067 0
    0 1041 1041 1041 1038 1038 1031 1031 1031 1031 1031 1028 1028 1025
    1025 1025 1025 1025 1022 1019 1019 1019 1019 1016 1013 1013 1013
    1013 1013 1013 1010 1007 1004 1004 1004 1004 1004 1004 1034 1034
    1038 1034 1034 1041 1041 1038 1034 1028 1013 1007 1004 1001 1001 998
    987 981 981 978 978 978 975 975 1067 1067 1067 1063 1063 0 1041 1041
    1041 1038 1038 1034 1034 1034 1034 1034 1031 1028 1025 1025 1025
    1025 1025 1025 1019 1019 1022 1025 1019 1016 1016 1013 1013 1016
    1016 1013 1007 1007 1004 1004 1004 1004 1041 1041 1041 1038 1038
    1038 1038 1044 1044 1041 1031 1013 1010 1007 1004 1001 998 987 984
    981 978 978 978 975 975 1070 1070 1067 1063 1063 0 0 1047 1044 1041
    1041 1038 1038 1038 1034 1034 1034 1031 1028 1028 1028 1028 1034
    1044 1038 1034 1034 1028 1025 1019 1016 1013 1013 1016 1016 1013
    1007 1007 1004 1004 1004 1047 1047 1041 1041 1038 1038 1038 1038
    1047 1047 1044 1038 1013 1010 1007 1007 1004 1001 989 989 981 981
    981 978 975 975 1070 1070 1067 1067 1067 0 1047 1047 1044 1044 1044
    1044 1047 1047 1038 1038 1034 1034 1034 1028 1028 1031 1034 1044
    1038 1034 1034 1031 1028 1022 1019 1016 1013 1013 1013 1013 1007
    1007 1007 1007 1007 1013 1038 1044 1044 1038 1038 1044 1044 1047
    1047 1044 1038 1016 1013 1013 1010 1010 1001 995 989 984 981 981 978
    975 975 1073 1073 1070 1070 1070 0 1044 1044 1044 1044 1044 1044
    1044 1044 1047 1050 1050 1041 1038 1034 1034 1034 1041 1044 1041
    1038 1034 1031 1031 1025 1022 1016 1013 1013 1013 1013 1007 1007
