<?xml version="1.0"?>
<opencv_storage>
<Depth1832 type_id="opencv-matrix">
  <rows>7</rows>
  <cols>6</cols>
  <dt>w</dt>
  <data>
    5374 0 0 0 0 0 5374 5374 0 0 0 0 5291 5374 0 0 0 0 5132 0 0 0 0 0
    5132 5210 0 0 0 1421 5132 5210 0 0 0 1415 5132 5210 0 0 1415 1415</data></Depth1832>
</opencv_storage>
