<?xml version="1.0"?>
<opencv_storage>
<Depth18078 type_id="opencv-matrix">
  <rows>67</rows>
  <cols>89</cols>
  <dt>w</dt>
  <data>
    4522 4463 4463 4463 4463 4463 4463 4463 4463 4463 4463 4463 4463
    4463 4463 4405 4405 4349 4349 4349 4349 4349 4295 4295 4295 4295
    4349 4295 4295 4295 4295 4295 4295 4295 4295 4295 4295 4295 4295
    1050 1047 1047 1044 1041 1034 1034 4241 4190 4190 1022 1022 1022
    1022 1041 1034 1034 1034 1034 1034 1034 1034 1038 1038 1038 1031
    1031 1031 1028 1028 1031 1028 1028 1025 1025 1025 1025 1019 1016
    1013 1013 1013 1019 1019 1019 1019 1013 1010 1010 1010 4522 4405
    4405 4463 4463 4405 4405 4463 4405 4295 1073 1073 4463 4522 4463
    4405 4405 4295 1054 1054 1054 1054 4295 1067 1067 1067 4349 4295
    4295 4295 4295 4295 1050 1044 1041 1038 1038 1038 1047 1047 1044
    1044 1038 1034 1022 1022 1025 1022 1022 1022 1022 1022 1022 1031
    1031 1031 1025 1025 1025 1025 1022 1019 1019 1019 1019 1022 1022
    1019 1016 1010 1010 1010 1013 1016 1016 1016 1013 1010 1010 1010
    1010 1013 1013 1013 1013 1010 1010 1007 1007 4522 4405 4405 4463
    1077 1067 1067 1067 1063 1063 1060 1060 1060 1057 1057 1054 1054
    1054 1054 1050 1050 1050 1047 1047 1050 1034 1034 1034 1031 1034
    4349 4349 1044 1038 1034 1034 1034 1034 1041 1038 1034 1031 1028
    1025 1022 1022 1022 1019 1016 1013 1013 1016 1022 1022 1016 1016
    1016 1013 1013 1016 1013 1013 1010 1010 1010 1010 1016 1013 1004 998
    998 1001 1007 1010 1010 1007 1004 1001 1001 1001 1001 1007 1004 1001
    1001 1001 995 995 995 4708 1077 1077 1077 1073 1067 1067 1067 1063
    1060 1054 1050 1047 1047 1044 1044 1044 1044 1044 1047 1044 1044
    1041 1038 1034 1034 1034 1031 1031 1034 1028 1028 1034 1028 1025
    1022 1016 1016 1019 1022 1022 1025 1019 1016 1016 1016 1016 1013
    1010 1007 1007 1007 1004 1004 1004 1007 1007 1007 1007 1007 1004
    1004 998 998 998 995 989 989 992 992 992 989 989 995 1001 1001 998
    992 992 989 989 989 995 992 987 981 978 975 975 1077 1077 1077 1077
    1073 1067 1067 1067 1063 1007 1004 1004 1010 1025 1031 1025 1019
    1016 1016 1034 1034 1041 1028 1028 1025 1025 1028 1019 1019 1019
    1022 1022 1025 1019 1016 1013 1010 1010 1013 1013 1010 1007 1007
    1007 1010 1010 1010 1007 1004 1001 998 995 995 998 998 995 989 989
    989 992 995 995 992 987 987 984 984 984 984 987 984 978 978 981 984
    984 987 978 978 978 978 973 973 967 967 973 973 970 970 1077 1077
    1073 1073 1073 1067 1067 1067 1007 1007 1004 1004 1007 1013 1001
    1001 1010 1007 1004 998 998 998 998 998 998 1010 1004 1004 1007 1007
    1013 1019 1016 1001 1001 1004 1007 1007 1004 998 998 998 998 1001
    1004 1004 1001 995 992 992 989 989 989 987 987 987 987 984 975 973
    973 973 975 978 978 978 981 978 978 975 975 970 970 964 956 956 956
    959 962 962 962 962 962 962 962 962 956 956 959 1077 1077 1073 1073
    1073 1070 1070 1004 1001 1001 1001 998 998 995 995 995 998 998 998
    995 995 992 992 989 989 989 987 984 984 987 987 987 989 989 992 989
    987 987 984 984 984 987 987 975 975 975 975 978 978 981 978 978 978
    978 975 973 973 973 970 967 967 964 964 964 964 967 967 970 964 964
    964 962 962 959 956 956 956 959 956 956 956 956 956 959 956 956 951
    951 951 1077 1073 1073 1073 1073 1073 1001 1001 998 998 998 995 995
    995 995 995 992 992 992 992 989 989 987 987 984 984 984 984 984 984
    984 984 984 984 981 981 978 978 978 978 981 978 978 975 973 973 973
    975 975 975 975 973 973 970 967 967 967 967 964 964 962 962 962 962
    962 962 962 962 959 959 959 959 959 959 959 956 956 956 956 954 954
    954 954 956 954 954 951 948 948 1077 1073 1073 1073 1007 1004 1001
    998 998 995 992 992 992 992 992 992 992 992 989 989 987 987 987 984
    984 984 984 984 984 984 984 984 984 984 981 978 978 978 975 975 975
    978 975 975 973 973 973 973 973 973 973 970 970 967 967 964 964 964
    962 962 962 962 962 962 962 962 959 956 956 959 959 959 959 959 959
    956 956 954 954 954 954 954 954 954 954 954 951 948 948 1080 1080
    1077 1016 1007 1004 1001 998 995 995 992 992 992 992 992 992 992 992
    989 989 987 987 987 984 984 984 984 984 984 984 984 984 984 984 981
    978 978 978 975 975 975 975 975 975 973 973 973 973 973 973 973 970
    970 967 967 964 964 964 962 962 962 962 962 962 962 962 959 956 956
    959 959 959 959 959 959 956 956 954 954 954 954 954 954 954 954 954
    951 951 951 0 0 1016 1016 1010 1004 1001 998 995 995 992 992 992 992
    992 992 992 992 992 989 989 987 987 987 984 984 984 984 984 987 987
    987 984 984 981 981 981 978 978 978 975 975 975 975 973 973 973 973
    973 973 973 970 970 970 967 964 964 964 964 962 962 962 962 962 962
    962 962 959 959 959 959 959 959 959 959 959 956 956 956 954 954 954
    954 954 954 954 954 954 954 0 1034 1022 1016 1010 1007 1001 1001 998
    995 995 992 992 992 992 992 992 992 992 989 989 989 987 987 987 984
    984 984 984 987 987 987 984 984 984 984 984 981 981 978 978 978 978
    975 975 973 973 973 973 973 973 973 973 970 967 967 964 964 964 964
    964 964 964 962 962 962 962 962 962 962 959 959 959 959 959 959 956
    956 956 956 956 956 954 954 954 954 954 954 954 1031 1031 1022 1019
    1010 1007 1001 1001 998 995 995 995 995 995 995 995 992 992 992 992
    992 989 989 989 987 987 984 984 984 987 987 987 987 984 984 984 984
    984 981 978 978 978 978 975 975 975 975 975 975 973 973 973 973 970
    967 967 967 967 967 964 964 964 964 964 964 962 962 962 962 962 959
    959 959 959 959 959 959 959 959 956 956 956 956 956 956 954 954 954
    954 0 1028 1022 1016 1010 1007 1001 1001 998 998 998 998 995 995 995
    995 992 992 992 992 992 992 992 989 989 987 984 984 984 987 987 987
    987 984 984 984 984 984 981 978 978 978 978 975 975 975 975 975 975
    975 973 973 973 973 973 973 970 970 967 964 964 964 964 964 964 964
    962 962 962 962 962 959 959 959 959 962 962 959 959 959 959 959 956
    956 956 956 954 954 954 0 1028 1019 1016 1010 1007 1004 1001 1001
    1001 1001 998 998 998 995 995 995 992 992 992 992 992 992 992 989
    987 987 984 984 987 987 987 987 984 984 987 987 984 984 981 981 978
    978 978 975 975 975 975 975 975 975 975 973 973 973 973 973 973 973
    970 967 967 967 967 964 964 964 964 964 962 962 962 962 962 964 962
    962 959 959 959 959 959 959 956 956 956 954 954 954 0 1019 1019 1016
    1013 1010 1007 1004 1001 1001 1001 1001 1001 998 998 998 995 995 995
    992 992 992 992 992 992 989 989 987 987 989 989 987 987 987 987 987
    987 987 984 981 981 981 981 981 978 978 975 975 975 975 975 975 975
    973 973 973 973 973 973 973 970 967 967 970 967 967 964 964 964 962
    962 962 962 964 964 964 964 962 962 962 962 962 962 959 959 956 956
    954 954 0 1019 1019 1019 1013 1010 1007 1004 1004 1004 1004 1001
    1001 1001 998 998 998 998 995 995 995 995 992 992 992 992 989 989
    989 992 989 989 987 987 987 987 987 987 984 984 984 981 981 981 978
    978 975 975 975 975 975 975 975 975 973 973 973 973 973 973 970 967
    967 970 970 967 967 964 964 964 964 964 964 964 967 967 964 964 962
    962 962 962 962 962 959 959 956 956 956 0 1022 1019 1019 1013 1013
    1007 1007 1007 1004 1004 1004 1004 1001 1001 1001 998 998 998 995
    995 995 995 995 992 992 992 992 992 992 992 992 989 989 989 987 987
    987 984 984 984 984 984 984 981 978 978 975 975 975 975 975 975 975
    973 973 975 975 975 973 973 970 970 970 970 970 967 967 967 967 967
    964 964 967 967 967 967 967 964 964 962 962 962 962 962 959 959 956
    956 0 1022 1019 1019 1016 1013 1007 1007 1007 1007 1004 1004 1004
    1001 1001 1001 1001 998 998 998 995 995 995 995 992 992 992 992 992
    995 995 995 992 992 989 987 987 987 987 987 984 984 984 984 984 981
    981 978 978 978 978 978 978 975 975 975 975 975 975 973 973 973 973
    970 970 970 970 967 967 967 967 967 967 970 970 970 967 967 967 967
    964 964 964 964 962 959 959 959 959 0 1022 1019 1019 1016 1013 1007
    1007 1007 1007 1004 1004 1004 1004 1004 1004 1004 1001 998 998 998
