<?xml version="1.0"?>
<opencv_storage>
<Depth3478 type_id="opencv-matrix">
  <rows>41</rows>
  <cols>25</cols>
  <dt>w</dt>
  <data>
    1804 1804 1794 1794 1794 1785 1785 1785 1785 1785 1794 1794 1794
    1794 1794 1813 1863 1873 1873 1873 2659 2659 2701 2744 2789 1804
    1804 1804 1794 1794 1794 1794 1794 1794 1794 1794 1794 1794 1794
    1794 1813 1863 1873 1873 1883 2680 2680 2723 2744 2789 1804 1804
    1804 1804 1804 1804 1804 1804 1804 1804 1794 1794 1794 1794 1804
    1813 1863 1873 1883 1883 2701 2701 2723 2744 2767 1804 1813 1813
    1813 1804 1804 1804 1804 1813 1813 1804 1794 1794 1804 1804 1863
    1873 1894 1894 1904 1926 2723 2723 2744 2767 1813 1823 1823 1823
    1823 1813 1813 1813 1813 1813 1804 1804 1804 1804 1813 1843 1873
    1894 1904 1904 1926 2723 2723 2767 2789 1833 1833 1823 1823 1823
    1823 1823 1823 1823 1813 1804 1804 1804 1813 1823 1843 1873 1894
    1915 1915 1915 2723 2723 2767 2812 1833 1833 1843 1833 1833 1843
    1833 1833 1823 1823 1813 1804 1804 1813 1833 1853 1873 1894 1915
    1915 1915 2744 2744 2789 2812 1833 1833 1843 1843 1843 1843 1843
    1833 1833 1823 1823 1813 1813 1823 1833 1853 1873 1894 1915 1915
    1915 2789 2789 2789 2812 1833 1833 1843 1853 1853 1843 1843 1843
    1843 1843 1843 1853 1843 1843 1853 1863 1873 1894 1915 1915 1915
    2789 2789 2789 2812 1843 1843 1853 1863 1863 1853 1843 1843 1843
    1843 1843 1853 1843 1843 1853 1863 1883 1904 1915 1926 1926 2812
    2812 2812 2812 1173 1863 1863 1863 1863 1853 1853 1843 1843 1843
    1843 1853 1843 1843 1853 1863 1883 1904 1915 1936 1947 2812 2812
    2812 2812 1173 1873 1873 1873 1863 1863 1863 1873 1873 1853 1853
    1853 1853 1853 1863 1863 1883 1904 1926 1947 1947 2789 2789 2812
    2859 1173 1873 1873 1873 1873 1873 1873 1873 1873 1863 1863 1863
    1863 1863 1873 1873 1894 1915 1936 1959 1959 1981 2789 2812 2859
    1915 1883 1883 1883 1873 1873 1873 1873 1873 1873 1873 1873 1863
    1863 1873 1873 1926 1926 1947 1959 1970 1981 1993 2812 2859 1894
    1894 1883 1883 1883 1883 1883 1873 1873 1873 1883 1883 1873 1873
    1873 1873 1894 1926 1947 1959 1970 1993 1993 2859 2859 1894 1894
    1883 1883 1883 1883 1883 1883 1883 1883 1894 1883 1883 1883 1883
    1883 1894 1915 1936 1970 1981 1993 1993 2883 2883 1873 1873 1883
    1883 1894 1894 1894 1894 1894 1904 1904 1894 1883 1883 1883 1883
    1894 1904 1936 1970 1981 1993 1993 2883 2883 1873 1873 1883 1883
    1894 1904 1904 1904 1904 1915 1904 1904 1894 1883 1883 1883 1894
    1904 1947 1970 1981 1993 2883 2883 2883 1883 1883 1883 1894 1904
    1915 1915 1915 1915 1915 1915 1915 1904 1894 1894 1894 1894 1915
    1947 1970 1981 1993 2883 2883 2908 1894 1894 1894 1894 1915 1926
    1926 1915 1915 1915 1926 1915 1915 1904 1904 1904 1904 1926 1959
    1981 1981 2005 2016 2883 2908 0 1926 1926 1926 1926 1926 1926 1926
    1926 1926 1926 1926 1926 1915 1904 1904 1904 1926 1970 1993 1993
    2005 2016 2908 2908 0 1904 1904 1904 1926 1936 1936 1936 1936 1936
    1936 1926 1926 1926 1915 1904 1904 1926 1970 1993 1993 2005 2016
    2908 2908 1210 1894 1894 1894 1926 1936 1936 1936 1936 1947 1947
    1936 1936 1926 1926 1915 1915 1936 1970 1993 2005 2005 2016 2883
    2883 1210 1883 1883 1894 1926 1936 1936 1947 1947 1947 1959 1947
    1936 1936 1926 1926 1926 1936 1970 1993 2005 2016 2016 2883 2883
    1873 1873 1883 1894 1926 1947 1959 1959 1959 1959 1959 1959 1947
    1947 1936 1936 1936 1947 1981 2005 2016 2028 2053 2883 2883 1873
    1873 1883 1894 1926 1947 1959 1970 1970 1970 1970 1959 1959 1959
    1947 1947 1947 1959 1970 2005 2016 2040 2053 2065 2933 1873 1873
    1883 1904 1947 1959 1970 1970 1970 1970 1970 1970 1970 1970 1970
    1970 1970 1970 1970 2005 2028 2040 2053 2065 2116 1873 1873 1883
    1904 1947 1959 1970 1981 1981 1970 1970 1981 1981 1981 1981 1970
    1970 1970 1981 2016 2040 2053 2065 2078 2103 1883 1883 1883 1915
    1936 1970 1981 1981 1981 1981 1993 1993 2005 2005 1993 1993 1981
    1981 1993 2016 2040 2053 2065 2078 2090 1883 1883 1883 1894 1915
    1959 1981 1993 2005 2005 2005 2005 2005 2005 1993 1993 2005 2005
    2005 2016 2053 2065 2065 2078 2090 1873 1873 1883 1883 1894 1959
    1981 2005 2016 2016 2005 2005 2005 2005 2005 2005 2005 1981 1981
    2016 2053 2078 2078 2090 2103 1873 1873 1873 1883 1894 1993 1993
    2016 2016 2016 2016 2005 2005 2005 2005 2005 2005 1981 1981 2005
    2053 2090 2090 2103 2116 1873 1873 1873 1883 1904 1970 2005 2016
    2028 2016 2016 2016 2016 2016 2016 2016 2005 2005 2005 2005 2053
    2090 2103 2103 2116 1873 1873 1873 1894 1936 1970 2005 2028 2028
    2028 2028 2028 2016 2016 2028 2028 2016 2016 2016 2016 2065 2090
    2103 2116 2129 1883 1883 1894 1915 1926 1947 2016 2028 2028 2028
    2028 2028 2028 2028 2028 2040 2028 2028 2028 2028 2065 2090 2103
    2116 2129 1904 1904 1904 1926 1926 1947 2005 2040 2040 2053 2040
    2040 2040 2040 2040 2040 2028 2028 2028 2028 2065 2090 2103 2116
    2143 1915 1915 1915 1926 1936 1936 2005 2053 2053 2053 2053 2040
    2040 2040 2040 2053 2040 2040 2040 2040 2065 2103 2116 2116 2143
    1915 1915 1915 1926 1936 1936 1981 2040 2053 2065 2065 2053 2053
    2053 2053 2053 2053 2053 2040 2040 2065 2103 2116 2129 2143 1915
    1915 1926 1926 1936 1947 1981 2028 2065 2065 2065 862 860 860 858
    858 2053 2053 2053 2053 2065 908 906 906 908 1873 1915 1926 1926
    1947 1970 1993 2028 2065 862 862 862 860 860 858 856 856 856 862 906
    906 906 906 906 908 1873 1915 1926 1926 1947 1970 2016 2028 867 862
    862 860 860 860 858 856 856 862 862 903 903 903 906 908 906</data></Depth3478>
</opencv_storage>
