<?xml version="1.0"?>
<opencv_storage>
<Depth10999 type_id="opencv-matrix">
  <rows>52</rows>
  <cols>61</cols>
  <dt>w</dt>
  <data>
    3365 3333 3333 3365 3365 3399 3399 3365 1210 1206 1206 1206 1206
    1206 1264 1264 1264 1264 1259 1255 1241 1241 1250 1250 3333 3300
    3300 3300 3300 3300 3333 3300 3300 3300 3300 3300 3300 3300 3300
    3300 3300 3300 3300 3300 3300 3300 3269 3269 3269 3269 3269 3269
    3269 3269 3269 3238 3238 3238 3238 3269 3269 3333 3333 3333 3333
    3333 1202 1202 1206 1206 1206 1206 1206 1206 1214 1214 1245 1245
    1245 1245 1245 1241 1241 1241 1241 1245 1250 1259 3300 3300 3300
    3300 3300 3300 3300 3300 3300 3300 3300 3300 3300 3300 3300 3300
    3300 3300 3269 3269 3269 3269 3269 3269 3269 3269 3269 3238 3238
    3238 3238 3238 3238 3238 3333 3333 3333 3333 1202 1202 1202 1202
    1202 1202 1202 1202 1210 1214 1219 1236 1236 1236 1236 1241 1241
    1241 1236 1236 1236 1236 1250 1255 1255 1245 1245 1250 1255 3333
    3333 3300 3300 3300 3300 3300 3300 3300 3300 3300 3300 3269 3269
    3269 3269 3269 3269 3269 3269 3269 3238 3208 3208 3238 3238 3238
    3238 3333 3333 3333 1202 1202 1202 1197 1197 1193 1193 1193 1193
    1202 1206 1210 1214 1219 1227 1227 1227 1227 1227 1223 1223 1223
    1223 1236 1236 1236 1236 1236 1241 1241 1241 1241 1241 1241 1245
    1245 1245 1245 3333 3333 3300 3300 3300 3269 3269 3269 3238 3238
    3269 3269 3238 3238 3208 3208 3238 3238 3238 3238 3365 3365 0 1202
    1202 1197 1197 1189 1189 1189 1189 1193 1193 1197 1193 1193 1193
    1193 1193 1189 1189 1214 1210 1210 1210 1210 1219 1223 1236 1236
    1236 1236 1236 1236 1236 1236 1236 1232 1232 1232 1236 1232 1232
    1227 1227 1227 1227 1236 1236 1236 1232 1227 1219 1219 1219 1219
    1219 3238 3238 3269 3238 3365 3365 0 1197 1197 1197 1197 1189 1189
    1189 1189 1193 1193 1193 1189 1189 1189 1189 1185 1185 1185 1185
    1185 1189 1189 1189 1206 1193 1189 1189 1189 1189 1219 1219 1223
    1223 1223 1219 1219 1219 1223 1223 1223 1223 1223 1223 1223 1223
    1227 1227 1227 1223 1219 1219 1219 1219 1219 1219 1219 3238 3238
    3399 3399 0 1197 1197 1197 1197 1193 1193 1189 1189 1193 1189 1189
    1185 1185 1185 1185 1185 1181 1181 1181 1185 1185 1185 1185 1185
    1185 1185 1181 1181 1177 1173 1173 1173 1173 1173 1189 1202 1202
    1202 1206 1210 1214 1214 1219 1219 1219 1219 1219 1223 1223 1223
    1223 1223 1219 1219 1219 1219 1219 3178 3433 3433 1202 1197 1197
    1197 1197 1193 1193 1189 1189 1193 1189 1189 1185 1185 1185 1185
    1181 1181 1181 1181 1181 1181 1181 1185 1185 1185 1181 1181 1177
    1177 1173 1173 1173 1173 1173 1173 1173 1177 1185 1189 1193 1185
    1173 1173 1173 1214 1214 1214 1214 1214 1219 1219 1223 1223 1223
    1223 1223 0 0 3365 3365 1202 1202 1197 1197 1197 1197 1193 1189 1189
    1193 1189 1189 1185 1185 1185 1185 1181 1181 1181 1181 1181 1181
    1181 1185 1181 1177 1177 1177 1173 1173 1173 1173 1173 1173 1173
    1173 1173 1173 1173 1169 1169 1165 1165 1165 1161 1157 1153 1153
    1153 1153 1161 1157 1157 1223 1223 1223 1223 0 0 3365 0 1202 1202
    1197 1197 1197 1197 1193 1189 1189 1189 1189 1185 1185 1185 1185
    1185 1181 1181 1181 1181 1181 1181 1181 1181 1181 1177 1177 1177
    1173 1173 1173 1173 1173 1173 1169 1169 1169 1169 1165 1165 1161
    1161 1161 1161 1157 1157 1153 1153 1153 1153 1157 1145 1145 1145
    1141 1138 1138 1141 1141 3365 3365 1197 1197 1197 1197 1197 1197
    1193 1189 1189 1189 1189 1185 1185 1185 1185 1185 1181 1181 1181
    1181 1181 1181 1181 1181 1181 1181 1177 1173 1173 1173 1173 1173
    1173 1169 1169 1169 1169 1165 1161 1161 1161 1157 1157 1157 1153
    1153 1153 1153 1153 1153 1153 1145 1145 1141 1141 1138 1138 1141
    1141 3365 3365 1193 1193 1193 1197 1197 1197 1197 1189 1189 1189
    1189 1185 1185 1185 1185 1185 1181 1181 1181 1181 1181 1181 1181
    1181 1181 1181 1177 1173 1173 1173 1173 1173 1173 1169 1169 1169
    1169 1165 1161 1161 1161 1157 1157 1157 1153 1153 1153 1153 1153
    1153 1149 1149 1145 1141 1141 1138 1138 1138 1138 3365 3365 1193
    1193 1193 1197 1197 1197 1197 1193 1189 1189 1189 1185 1185 1185
    1185 1181 1181 1181 1181 1181 1181 1181 1181 1181 1181 1181 1173
    1173 1173 1173 1173 1173 1169 1169 1169 1169 1169 1165 1161 1161
    1161 1157 1157 1157 1153 1153 1153 1153 1153 1153 1149 1149 1145
    1141 1141 1138 1138 1138 1138 3365 1193 1193 1193 1193 1197 1197
    1197 1193 1193 1189 1189 1189 1185 1185 1185 1181 1181 1181 1181
    1181 1181 1177 1177 1177 1181 1177 1177 1173 1173 1173 1173 1173
    1173 1169 1169 1169 1169 1169 1165 1165 1161 1161 1161 1157 1157
    1153 1153 1153 1153 1153 1153 1149 1149 1145 1141 1141 1138 1138
    1138 1138 3365 3365 1197 1197 1197 1197 1193 1189 1189 1189 1189
    1185 1185 1185 1185 1185 1181 1181 1181 1181 1181 1177 1177 1177
    1177 1181 1177 1173 1173 1173 1173 1173 1169 1169 1169 1169 1169
    1169 1169 1165 1165 1161 1157 1157 1157 1157 1153 1153 1153 1153
    1153 1153 1145 1145 1145 1141 1141 1141 1138 1134 1134 3365 0 1197
    1197 1197 1197 1193 1189 1189 1189 1185 1185 1185 1185 1185 1185
    1181 1181 1181 1181 1181 1177 1177 1173 1173 1177 1173 1173 1173
    1173 1173 1173 1169 1169 1169 1169 1169 1169 1169 1165 1161 1161
    1157 1157 1157 1157 1153 1153 1153 1153 1153 1153 1145 1145 1145
    1141 1141 1141 1138 1134 1134 3365 0 1197 1197 1197 1197 1193 1189
    1189 1189 1185 1185 1185 1185 1185 1185 1181 1181 1181 1181 1181
    1177 1173 1169 1169 1177 1173 1173 1173 1173 1173 1169 1169 1169
    1169 1169 1169 1169 1169 1165 1161 1161 1157 1157 1157 1157 1153
    1153 1153 1153 1153 1149 1145 1145 1145 1141 1141 1141 1141 1141
    1141 3365 1210 1202 1202 1197 1197 1193 1189 1189 1189 1185 1185
    1185 1185 1185 1185 1185 1181 1181 1181 1181 1177 1173 1169 1169
    1173 1173 1173 1173 1173 1173 1169 1169 1169 1169 1169 1169 1169
    1165 1161 1157 1157 1157 1157 1157 1157 1157 1153 1153 1153 1149
    1145 1145 1145 1145 1141 1141 1141 1141 1141 1141 3365 1210 1210
    1202 1197 1197 1193 1189 1189 1189 1185 1185 1185 1185 1185 1181
    1181 1181 1181 1181 1181 1177 1173 1169 1169 1173 1173 1173 1173
    1173 1173 1169 1169 1169 1169 1169 1169 1169 1165 1161 1157 1157
    1157 1157 1157 1157 1157 1157 1153 1153 1149 1145 1145 1145 1145
    1141 1141 1141 1141 1141 1141 3333 1210 1210 1197 1197 1197 1197
    1193 1189 1189 1185 1185 1185 1185 1185 1181 1181 1181 1181 1181
    1181 1177 1173 1173 1173 1177 1177 1177 1173 1173 1173 1169 1169
    1169 1169 1169 1169 1169 1165 1161 1161 1157 1157 1157 1157 1157
    1157 1157 1157 1153 1153 1149 1149 1145 1145 1145 1141 1141 1141
    1141 1141 3333 1189 1189 1189 1197 1197 1197 1193 1193 1189 1189
    1185 1185 1185 1185 1181 1181 1181 1181 1181 1181 1177 1173 1173
    1177 1177 1177 1177 1173 1173 1173 1169 1169 1169 1169 1169 1169
    1165 1165 1161 1161 1157 1157 1157 1157 1157 1157 1157 1153 1153
    1153 1149 1149 1145 1145 1145 1145 1141 1141 1141 0 0 1189 1189 1189
    1197 1197 1197 1197 1193 1193 1189 1189 1185 1185 1185 1181 1181
    1181 1181 1181 1181 1181 1177 1173 1173 1177 1173 1173 1173 1173
    1173 1173 1173 1169 1169 1165 1165 1165 1161 1161 1161 1157 1157
    1157 1157 1157 1153 1153 1153 1153 1153 1153 1149 1149 1145 1145
    1145 1141 1141 1141 1141 3333 1197 1197 1197 1197 1197 1197 1197
    1193 1193 1189 1189 1185 1185 1185 1185 1181 1181 1181 1181 1177
    1177 1177 1173 1173 1177 1173 1173 1173 1173 1173 1173 1173 1169
    1169 1165 1165 1165 1161 1161 1157 1157 1157 1157 1157 1157 1153
    1153 1153 1153 1153 1149 1149 1149 1145 1145 1145 1141 1141 1141
    1141 3333 1202 1202 1197 1197 1197 1197 1197 1193 1193 1189 1189
    1185 1185 1185 1185 1181 1181 1181 1181 1177 1177 1177 1173 1173
    1173 1173 1173 1173 1173 1173 1173 1169 1169 1165 1165 1165 1161
    1161 1161 1157 1157 1157 1157 1157 1157 1153 1153 1153 1149 1149
    1149 1145 1145 1145 1141 1141 1141 1141 1145 1145 3333 1202 1202
    1197 1197 1197 1193 1193 1193 1189 1189 1185 1185 1185 1185 1181
