<?xml version="1.0"?>
<opencv_storage>
<Depth10085 type_id="opencv-matrix">
  <rows>82</rows>
  <cols>52</cols>
  <dt>w</dt>
  <data>
    3300 3300 3300 3300 3300 3300 3300 3300 3269 3269 3269 3333 1206
    1202 1202 3333 3300 3300 1189 1189 1185 1185 1189 1193 1197 1193
    1193 0 0 0 3503 3503 3433 1333 1328 1328 1333 3399 3399 3399 3399
    3399 3433 3433 3433 3468 3468 3468 3468 3468 3468 3468 3300 3300
    3300 3300 3300 3300 3300 3300 3300 1206 1206 1206 1206 1202 1202
    1202 1197 1189 1189 1189 1185 1185 1189 1193 1197 1193 1193 0 1223
    1227 1227 3433 3433 1322 1322 1317 1317 3399 3399 3365 3365 3433
    3433 3433 3433 3433 3468 3503 3468 3468 3503 3503 3300 3300 3300
    3269 3269 3300 1210 1210 1206 1206 1206 1206 1202 1202 1202 1197
    1197 1189 1189 1189 1189 1189 1189 1193 1193 1202 1206 1219 1223
    1227 1227 3433 3433 1322 1322 1317 1317 3433 3433 3365 3365 3433
    3433 3433 3433 3433 3468 3503 3503 3503 3503 3503 3300 3300 3300
    1214 1214 1210 1206 1206 1206 1206 1206 1206 1202 1202 1197 1197
    1193 1189 1189 1189 1189 1189 1189 1193 1193 1202 1210 1219 1223
    1227 1227 1264 1264 1264 1292 1292 1307 3433 3433 3399 3399 3433
    3433 3433 3433 3468 3468 3503 3503 3503 3539 3539 1219 1219 1219
    1214 1214 1210 1206 1206 1206 1206 1206 1206 1202 1202 1197 1197
    1193 1193 1189 1189 1189 1193 1193 1193 1197 1206 1210 1219 1227
    1227 1245 1259 1264 1264 1283 1288 1302 1312 1312 1312 3433 3433
    3399 3399 3433 3468 3468 3503 3503 3503 3539 3539 1219 1219 1219
    1219 1214 1210 1210 1210 1210 1206 1206 1206 1202 1202 1202 1197
    1197 1193 1189 1189 1189 1189 1189 1193 1197 1206 1210 1219 1227
    1232 1245 1255 1264 1268 1283 1288 1297 1307 1312 1312 1322 1322
    3399 3399 3468 3468 3468 3503 3503 3539 3539 3503 1219 1219 1219
    1219 1214 1210 1206 1206 1210 1206 1206 1202 1202 1197 1197 1197
    1197 1193 1189 1189 1189 1189 1189 1193 1197 1206 1214 1223 1227
    1232 1245 1255 1264 1268 1283 1288 1297 1307 1312 1317 1322 1333
    1343 1376 1376 1376 3576 3539 3539 3539 3503 3503 1219 1219 1219
    1214 1214 1210 1206 1206 1206 1206 1206 1202 1202 1197 1197 1197
    1197 1189 1189 1189 1189 1189 1189 1193 1202 1206 1210 1219 1227
    1236 1241 1250 1259 1268 1278 1288 1292 1302 1312 1322 1328 1333
    1343 1359 1376 1376 1387 1387 3539 3539 3503 3503 1219 1219 1219
    1214 1214 1210 1206 1206 1206 1206 1206 1202 1202 1202 1197 1193
    1189 1189 1189 1185 1185 1185 1185 1189 1202 1206 1210 1219 1227
    1236 1241 1245 1255 1268 1278 1283 1288 1302 1312 1322 1328 1338
    1349 1354 1370 1381 1387 1387 1387 3539 3503 3503 1219 1219 1214
    1214 1214 1210 1206 1206 1206 1206 1206 1202 1202 1197 1193 1189
    1189 1189 1189 1185 1185 1185 1185 1189 1197 1206 1210 1214 1223
    1232 1236 1241 1250 1268 1278 1283 1288 1297 1307 1322 1328 1338
    1343 1354 1370 1381 1387 1387 1387 3503 3503 3503 1214 1214 1214
    1214 1214 1210 1206 1206 1206 1206 1206 1202 1202 1197 1193 1189
    1189 1189 1189 1185 1185 1185 1185 1189 1193 1202 1210 1214 1223
    1227 1236 1241 1250 1268 1273 1283 1288 1292 1302 1317 1328 1338
    1343 1343 1359 1381 1387 1387 1387 3468 3468 3468 1214 1214 1214
    1214 1214 1210 1206 1206 1206 1206 1202 1202 1197 1197 1193 1189
    1189 1189 1189 1185 1185 1185 1185 1189 1189 1197 1206 1214 1219
    1227 1236 1245 1250 1264 1273 1283 1288 1292 1302 1317 1328 1338
    1343 1343 1359 1381 1387 1392 1392 3468 3468 3468 1214 1214 1210
    1210 1210 1210 1206 1206 1206 1206 1202 1202 1197 1197 1193 1189
    1189 1189 1185 1185 1181 1181 1185 1189 1189 1197 1206 1210 1219
    1227 1236 1245 1250 1255 1268 1283 1288 1297 1302 1312 1322 1338
    1343 1349 1365 1376 1387 1392 1392 3468 3468 3468 0 1210 1210 1210
    1210 1206 1206 1206 1206 1206 1206 1202 1197 1197 1193 1189 1189
    1189 1185 1185 1181 1181 1181 1185 1189 1197 1202 1210 1214 1227
    1236 1245 1245 1255 1268 1283 1288 1297 1302 1312 1317 1328 1343
    1349 1365 1370 1387 1392 1392 3503 3503 3503 0 1214 1214 1210 1210
    1206 1206 1206 1206 1206 1206 1202 1197 1197 1193 1193 1189 1189
    1185 1181 1181 1181 1181 1185 1189 1197 1202 1210 1214 1227 1236
    1241 1245 1255 1273 1278 1283 1292 1302 1307 1317 1328 1338 1349
    1365 1370 1387 1387 1387 3468 3468 3468 0 1214 1214 1214 1210 1206
    1206 1206 1206 1206 1206 1202 1202 1197 1197 1193 1189 1189 1185
    1181 1181 1181 1181 1185 1189 1197 1202 1210 1214 1227 1236 1241
    1245 1255 1273 1278 1283 1292 1297 1307 1317 1328 1338 1349 1365
    1370 1381 1387 1387 3468 3468 3468 1219 1219 1214 1214 1210 1206
    1206 1206 1206 1206 1206 1202 1202 1197 1197 1193 1189 1185 1185
    1181 1181 1181 1181 1185 1189 1197 1202 1210 1214 1227 1236 1241
    1245 1259 1273 1278 1283 1288 1297 1302 1312 1328 1338 1343 1365
    1370 1381 1381 1381 3468 3468 3468 1219 1219 1219 1214 1210 1206
    1206 1206 1206 1206 1202 1202 1202 1197 1193 1189 1189 1185 1181
    1181 1181 1181 1181 1185 1189 1197 1202 1206 1214 1223 1232 1236
    1245 1255 1268 1278 1283 1288 1297 1302 1307 1322 1338 1343 1359
    1365 1376 1381 1381 1381 3503 3503 1214 1214 1214 1214 1214 1210
    1206 1206 1206 1206 1202 1202 1197 1197 1193 1189 1189 1185 1181
    1181 1181 1177 1177 1181 1185 1193 1202 1206 1210 1223 1227 1236
    1245 1255 1268 1278 1283 1283 1292 1302 1307 1322 1338 1359 1359
    1365 1376 1381 1381 0 3503 3503 1214 1214 1214 1214 1210 1206 1206
    1206 1206 1206 1202 1202 1197 1193 1193 1189 1189 1185 1181 1181
    1177 1177 1177 1181 1185 1193 1197 1206 1210 1219 1227 1236 1245
    1250 1264 1278 1283 1283 1292 1302 1307 1322 1333 1354 1359 1365
    1370 1381 1381 0 3503 3503 1219 1219 1214 1210 1210 1206 1206 1206
    1206 1202 1202 1197 1197 1193 1193 1189 1189 1185 1181 1181 1177
    1177 1177 1181 1185 1189 1197 1206 1210 1219 1227 1232 1245 1250
    1259 1273 1283 1288 1297 1302 1312 1322 1333 1354 1359 1359 1370
    1381 1381 1387 3503 3503 1219 1219 1214 1210 1206 1206 1202 1202
    1206 1202 1202 1197 1197 1193 1193 1189 1189 1185 1181 1181 1177
    1177 1177 1177 1185 1189 1197 1206 1210 1219 1223 1232 1241 1250
    1259 1273 1283 1288 1297 1297 1312 1317 1333 1354 1359 1359 1370
    1387 1387 1387 3503 3503 1219 1219 1214 1210 1206 1206 1202 1202
    1206 1197 1197 1193 1193 1193 1189 1189 1189 1185 1181 1177 1177
    1177 1177 1177 1181 1189 1197 1206 1210 1214 1223 1227 1241 1250
    1259 1268 1278 1283 1297 1297 1312 1317 1328 1349 1359 1359 1370
    1381 1387 1387 0 3503 1219 1219 1210 1206 1206 1206 1202 1202 1206
    1197 1197 1193 1193 1189 1189 1189 1189 1185 1181 1177 1177 1177
    1177 1177 1181 1189 1197 1206 1206 1210 1223 1227 1236 1250 1259
    1268 1278 1283 1297 1297 1307 1317 1328 1349 1354 1359 1370 1381
    1381 1381 0 3503 0 1214 1206 1206 1206 1206 1206 1206 1202 1197 1197
    1193 1193 1189 1189 1189 1189 1185 1181 1177 1177 1177 1177 1177
    1181 1189 1197 1206 1206 1210 1223 1227 1236 1250 1264 1268 1278
    1283 1297 1297 1307 1317 1333 1349 1354 1370 1370 1381 1381 1381
    3539 3503 0 1214 1206 1206 1206 1206 1206 1206 1202 1197 1193 1193
    1193 1189 1189 1189 1189 1185 1181 1177 1177 1177 1177 1177 1177
    1189 1202 1206 1206 1210 1223 1227 1232 1245 1264 1264 1273 1283
    1297 1297 1307 1317 1333 1349 1354 1370 1370 1381 1381 1381 3539
    3539 3300 1206 1206 1206 1206 1206 1202 1202 1202 1197 1193 1193
    1189 1189 1189 1189 1189 1185 1181 1177 1177 1177 1177 1177 1177
    1189 1202 1206 1206 1210 1223 1227 1232 1245 1259 1264 1273 1288
    1292 1297 1302 1317 1333 1349 1354 1365 1370 1381 1381 1387 3539
    3539 0 0 1206 1206 1206 1206 1202 1202 1202 1197 1193 1189 1189 1189
    1189 1185 1185 1181 1177 1177 1177 1177 1177 1177 1177 1189 1193
    1202 1210 1214 1223 1227 1232 1255 1255 1264 1273 1283 1292 1302
    1302 1317 1333 1343 1354 1365 1370 1381 1387 1387 3539 3539 0 0 1206
    1206 1206 1206 1202 1202 1202 1197 1193 1189 1189 1189 1189 1185
    1181 1177 1177 1177 1177 1177 1177 1177 1177 1185 1189 1197 1206
