<?xml version="1.0"?>
<opencv_storage>
<Depth14807 type_id="opencv-matrix">
  <rows>136</rows>
  <cols>74</cols>
  <dt>w</dt>
  <data>
    4089 4041 4041 4041 4041 4041 4041 4041 4041 4041 4041 3994 3994
    3948 3948 3994 3994 3948 3948 885 885 882 880 875 875 875 880 3948
    3948 3948 3816 3816 3816 3816 3859 3859 3859 3816 3816 3774 3774
    3774 3774 3816 3774 3774 3732 3732 3732 3732 3732 3732 3732 3732
    3732 923 3653 3653 3653 3653 3614 3614 3614 3614 3576 3576 3576 3576
    3576 3576 3576 3539 3468 3468 4089 4041 4041 4041 940 940 4041 4041
    4041 3994 3994 3994 3994 3994 3994 3994 3994 3948 3948 885 885 882
    880 878 878 878 880 880 880 0 891 3816 3816 3816 3816 3859 3859 3816
    3816 3732 3732 3774 3774 3774 3732 3732 3732 3732 3732 3732 3732
    3774 3774 923 923 923 925 3774 3774 3732 3653 3653 3614 959 959 962
    959 959 962 962 3576 3539 3468 3468 4041 4041 3994 948 940 940 940
    4041 4041 3994 3994 3994 910 4041 4041 891 885 882 882 882 880 880
    880 878 875 875 878 878 873 873 891 891 891 889 889 901 901 3859
    3816 908 906 901 901 903 903 903 910 910 3732 3774 3774 923 923 923
    923 923 925 928 930 930 3692 946 946 948 954 956 956 956 959 959 959
    962 962 0 4041 4041 3994 948 946 940 940 935 935 935 913 910 910 908
    901 891 885 882 880 878 873 871 869 869 871 871 871 871 873 873 875
    882 885 885 887 889 896 896 903 903 906 901 901 901 901 903 908 910
    910 913 913 923 923 923 923 923 925 928 930 935 935 938 943 943 951
    954 954 954 956 956 956 959 959 0 954 954 954 948 946 940 938 930
    923 920 913 910 908 906 898 896 887 885 880 878 873 871 867 867 867
    867 869 869 869 869 873 880 882 882 885 887 894 894 896 898 901 901
    901 901 901 903 908 910 910 913 918 920 920 923 923 923 928 930 930
    935 935 938 940 943 948 951 954 954 956 956 956 959 959 0 0 954 954
    951 946 940 933 930 923 920 915 913 908 906 898 894 889 885 880 878
    873 871 867 867 867 867 869 869 869 869 873 880 882 882 885 887 891
    894 894 896 898 898 901 901 901 903 908 910 913 913 918 920 920 920
    923 925 928 930 930 935 935 938 940 943 948 951 954 954 956 956 959
    959 959 0 959 954 954 951 946 943 933 930 925 920 915 913 908 906
    898 894 891 887 880 875 873 871 867 867 867 867 867 869 869 869 873
    882 882 882 885 887 891 891 894 894 896 898 901 901 903 906 908 910
    913 913 915 918 920 920 923 923 925 930 933 935 935 938 940 940 948
    948 951 954 956 956 959 956 956 0 959 959 954 951 948 946 940 930
    928 923 918 913 908 906 898 891 891 887 882 875 873 871 867 867 867
    867 867 869 871 871 878 882 882 885 885 889 891 891 894 894 894 898
    901 901 903 906 908 910 913 913 915 918 920 920 923 923 925 933 933
    935 935 938 938 940 948 948 951 954 954 959 959 956 956 0 967 959
    954 951 948 946 940 930 928 923 918 910 908 906 898 891 891 885 882
    875 873 871 867 867 867 867 867 871 871 871 878 882 882 885 885 889
    891 891 891 894 894 898 901 903 903 906 908 910 913 913 915 918 920
    920 923 925 928 933 933 933 935 938 938 943 948 948 951 954 954 959
    959 959 959 0 967 962 954 951 948 946 935 930 928 923 918 910 908
    903 901 894 889 885 882 875 873 871 869 869 867 867 869 871 871 873
    878 882 882 885 885 889 891 891 891 894 894 898 901 903 903 906 910
    910 913 913 915 918 920 920 923 925 928 933 933 933 935 938 940 943
    946 948 951 954 954 959 959 959 0 0 970 959 954 951 948 943 935 930
    928 923 918 910 908 903 898 894 889 885 882 875 873 871 869 869 869
    869 869 871 873 873 878 882 882 882 885 887 891 891 891 894 894 898
    901 903 903 908 910 910 913 915 915 920 920 920 923 925 930 933 933
    935 935 938 940 943 946 948 951 954 954 959 959 959 0 0 0 959 954
    951 948 943 935 930 928 923 918 910 908 903 898 894 889 885 882 878
    873 871 869 869 869 869 869 873 873 873 878 882 882 882 885 887 891
    891 891 894 894 898 901 903 903 908 910 910 913 915 915 920 920 920
    923 925 930 933 933 935 938 940 940 943 948 951 951 954 954 959 959
    959 0 0 0 959 956 954 948 943 935 930 928 923 918 913 910 903 898
    894 889 885 882 878 873 871 869 869 869 869 869 873 873 873 878 880
    882 882 885 887 889 894 894 894 896 901 903 906 906 908 908 910 913
    915 915 920 920 920 923 925 930 933 935 935 938 940 943 946 951 951
    954 954 956 959 959 959 959 0 0 959 956 954 951 946 935 930 928 923
    918 913 910 906 898 894 889 887 882 878 873 871 869 869 869 869 869
    871 873 878 880 880 882 885 885 887 889 894 894 896 901 901 903 906
    906 908 908 910 913 915 918 920 920 920 923 928 930 933 935 935 938
    940 946 948 951 951 954 956 956 959 959 959 959 0 0 959 956 954 951
    946 935 930 928 923 918 913 910 906 898 894 889 887 882 878 873 871
    869 867 867 867 869 871 873 878 880 880 882 885 887 887 889 894 894
    898 901 901 901 903 906 908 908 910 913 915 918 920 923 923 925 930
    930 935 935 935 938 940 946 948 951 951 954 956 956 959 959 959 0 0
    0 959 956 954 951 940 935 930 928 923 920 915 910 906 898 894 889
    887 882 878 873 871 869 867 867 867 869 871 873 878 880 880 882 885
    887 889 891 894 896 898 901 901 901 903 903 908 908 910 913 915 918
    920 923 923 925 930 933 935 935 935 938 940 943 946 948 951 954 956
    956 959 959 959 0 0 0 0 956 954 951 940 935 933 928 923 920 915 910
    906 898 894 889 887 882 878 873 871 869 867 867 867 869 871 873 878
    880 880 882 885 887 889 891 894 894 898 901 901 901 903 903 908 910
    910 913 915 918 920 923 923 925 930 933 935 935 938 940 940 943 946
    948 951 954 956 956 959 959 959 0 0 0 0 956 956 951 940 935 933 928
    923 920 915 910 903 898 896 889 887 882 878 875 871 869 869 869 869
    871 873 873 875 880 880 882 885 887 889 891 894 894 898 901 901 901
    903 903 908 910 913 913 915 920 920 923 923 925 930 930 935 935 938
    940 940 943 946 948 951 954 956 956 959 962 962 962 0 0 0 959 956
    951 940 935 930 928 925 920 915 910 903 901 896 891 887 882 880 875
    871 871 869 869 869 871 871 873 875 880 880 882 885 887 889 891 894
    894 898 901 901 903 903 906 908 910 913 913 918 920 923 923 923 925
    930 930 935 935 938 940 940 943 946 948 954 954 956 956 959 962 962
    962 0 0 0 956 954 951 940 935 930 928 925 920 915 910 903 901 898
    894 887 885 880 875 871 871 869 869 869 871 871 873 875 880 880 882
    887 889 889 891 891 894 896 901 901 903 906 906 910 910 913 915 918
    920 923 923 923 925 928 933 935 935 940 940 943 943 946 948 954 956
    959 959 959 962 962 962 0 0 0 956 954 948 943 938 933 928 925 920
    918 913 908 901 896 891 889 885 880 875 871 871 869 869 869 871 873
    873 875 880 880 885 887 889 891 891 891 894 896 901 901 903 906 908
    910 913 913 915 920 920 923 923 925 925 928 933 935 935 940 940 943
    943 948 951 954 954 956 959 959 962 962 962 0 0 0 956 954 948 943
    938 933 928 925 920 918 913 910 901 896 891 887 885 880 875 871 871
    869 869 869 871 873 875 878 880 880 885 889 891 891 891 891 894 896
    901 903 903 908 910 910 913 913 918 920 920 923 923 923 925 928 935
    935 935 938 940 943 943 948 951 954 954 956 959 959 962 962 962 0 0
    0 0 954 948 943 940 933 930 925 923 918 913 910 901 896 891 887 885
    880 878 873 871 871 869 869 871 873 878 878 880 880 885 889 891 891
    891 894 894 896 901 903 903 908 910 910 913 913 915 920 920 920 923
    923 925 928 935 935 935 938 940 943 943 951 951 954 954 956 959 962
    962 964 964 0 0 0 0 954 948 943 940 935 930 928 923 918 913 910 903
    896 891 889 885 880 878 873 871 871 871 871 871 873 880 880 880 880
    887 889 891 891 894 894 894 898 901 903 903 906 908 910 913 913 915
    920 920 920 923 923 925 930 935 935 935 938 940 943 943 951 951 954
    954 956 959 962 962 964 964 0 0 0 0 954 948 946 940 938 933 928 923
    918 915 910 903 898 891 889 887 880 878 873 873 873 871 871 873 878
    880 880 880 882 887 889 891 891 894 896 898 901 901 903 903 906 908
    910 913 913 915 918 920 920 923 923 925 930 935 938 938 940 940 946
