<?xml version="1.0"?>
<opencv_storage>
<Depth11093 type_id="opencv-matrix">
  <rows>131</rows>
  <cols>95</cols>
  <dt>w</dt>
  <data>
    3903 3948 3859 3816 3816 3816 3816 3774 3774 3732 3732 3692 3653
    3653 3692 3692 0 0 762 761 761 761 762 764 762 762 764 764 764 762
    762 766 762 762 764 767 767 769 3269 3269 3269 3269 3238 3208 3208
    3178 3178 3149 3120 3120 3120 3120 3120 3149 3120 785 785 3064 790
    790 3037 3037 792 790 790 790 2958 2933 2933 2933 2933 2933 2883
    2883 2859 2859 2859 2859 2835 2812 2789 2767 2767 2767 2789 2789
    2789 2680 2680 2659 2659 2680 2680 2680 2680 0 0 0 0 0 3816 3816
    3774 3774 3732 3732 0 0 0 0 0 0 0 762 761 761 761 759 759 761 761
    761 761 761 761 761 759 759 761 762 764 766 769 766 766 764 762 762
    762 3208 769 769 771 771 773 773 773 776 3149 778 778 783 785 785
    780 780 3037 792 783 783 785 785 780 780 781 783 2883 2883 2883 2883
    2883 778 778 778 2789 773 773 773 2767 2767 2767 0 0 0 2659 2659
    2680 2680 2680 2680 0 0 0 0 0 0 0 0 0 0 0 0 0 0 0 0 0 0 764 761 761
    759 757 755 755 749 747 747 749 754 752 752 754 757 761 761 757 757
    766 766 764 757 755 755 3238 766 764 764 767 769 771 771 776 776 773
    773 783 785 778 774 773 771 771 769 769 781 781 780 780 781 783 781
    781 781 787 785 778 778 778 776 773 773 773 2767 2767 0 0 0 2680
    2680 2680 2680 2680 2680 2680 0 0 0 0 0 0 0 0 0 0 0 0 0 0 0 0 0 0
    761 761 761 759 754 754 752 744 742 742 744 750 750 750 749 749 755
    757 754 754 754 766 766 754 754 755 759 759 762 762 767 769 771 771
    771 773 773 773 789 789 774 773 771 769 769 767 767 773 780 778 778
    778 778 780 780 781 781 785 781 780 778 776 773 771 771 771 746 746
    746 0 0 2680 2680 2680 2680 2680 2680 0 0 0 0 0 0 0 0 0 0 0 0 0 0 0
    0 0 0 0 691 754 754 754 754 752 742 742 742 742 750 747 747 747 747
    755 755 754 752 752 752 754 754 754 754 759 759 762 762 767 769 771
    771 771 771 755 755 755 755 774 773 771 769 769 766 766 771 774 778
    774 774 778 774 774 776 776 776 781 781 780 776 774 771 771 746 746
    746 746 0 0 2680 0 2680 2680 2680 2680 0 0 0 0 0 0 0 0 676 676 676 0
    0 0 0 0 0 0 0 691 691 693 693 693 691 691 741 741 741 741 747 747
    747 747 747 755 754 752 752 752 754 754 754 754 754 701 701 701 701
    701 706 707 711 0 0 754 754 754 759 764 769 769 769 766 766 771 771
    778 774 774 774 774 774 771 771 771 731 731 731 778 774 771 771 744
    744 744 0 733 0 0 0 0 2659 2659 2659 0 0 0 0 0 0 0 0 676 676 676 680
    0 0 0 682 682 682 693 691 691 690 690 690 690 690 691 691 693 693
    694 694 696 696 694 694 694 694 700 700 701 701 701 701 700 701 701
    701 701 701 706 707 711 711 711 754 754 754 759 764 769 771 769 769
    769 771 771 771 771 711 711 771 771 771 771 771 731 731 730 730 730
    730 731 731 731 734 733 733 730 730 730 716 2659 2659 2659 0 0 0 0 0
    0 0 0 0 680 680 680 682 682 680 680 680 682 683 683 686 686 686 687
    687 687 688 688 691 691 691 693 693 693 693 694 694 698 700 700 697
    697 698 700 700 701 701 701 701 706 706 707 711 711 711 711 711 711
    700 700 701 704 706 708 713 713 713 713 711 711 0 716 717 717 717
    719 728 728 730 723 723 730 730 730 730 733 733 731 728 722 719 716
    716 0 0 0 0 0 0 0 0 0 0 683 682 682 682 682 682 680 680 680 682 682
    683 684 686 686 684 684 686 686 686 687 687 687 690 690 691 691 693
    690 688 688 688 694 694 698 698 700 701 701 701 701 703 706 707 707
    707 706 706 706 701 700 700 701 704 706 708 708 711 711 711 711 711
    714 716 716 714 714 714 720 716 716 717 719 719 719 719 728 731 731
    731 722 720 719 716 716 0 0 0 0 0 0 0 0 0 0 683 682 682 683 682 682
    680 680 680 682 682 683 684 684 684 683 683 684 684 684 686 686 686
    687 687 688 688 688 688 687 687 687 687 688 688 688 688 694 691 691
    691 701 703 703 706 706 704 704 706 701 697 697 701 704 706 708 708
    710 708 708 711 713 714 714 714 713 713 713 713 714 714 714 714 714
    714 714 714 714 716 716 716 719 717 716 716 716 0 0 0 0 0 0 0 0 0
    683 683 683 683 682 682 680 680 682 682 683 683 684 684 684 683 683
    684 684 684 684 686 686 686 686 687 687 687 687 687 687 687 687 687
    687 687 687 690 690 690 690 690 690 690 691 694 696 698 697 696 696
    696 696 697 704 706 706 701 701 701 704 710 710 708 707 707 708 710
    711 711 711 711 713 713 713 711 711 713 714 714 714 716 716 714 714
    0 0 0 0 0 0 0 0 0 0 683 683 683 683 682 682 682 682 682 683 683 683
    684 684 684 684 684 684 684 684 684 686 686 686 686 687 687 687 687
    687 687 687 687 687 687 687 687 690 690 690 690 690 690 690 690 691
    691 694 693 691 691 693 693 694 694 694 696 697 697 696 696 696 696
    697 700 701 700 700 700 700 701 701 701 710 710 707 707 710 711 711
    711 711 708 708 707 707 0 0 0 0 0 0 0 0 0 684 684 684 683 683 683
    683 683 683 684 684 684 686 686 686 686 686 686 686 686 686 687 687
    687 687 687 687 687 687 687 687 688 688 688 688 687 687 690 690 690
    690 690 690 690 690 691 691 694 693 691 691 691 693 693 693 693 693
    694 694 694 696 696 696 696 697 697 697 698 698 700 700 700 701 701
    703 701 701 703 703 706 706 706 706 706 707 706 706 0 0 0 0 0 0 0 0
    684 684 684 683 683 683 683 684 684 684 684 684 686 686 686 686 686
    687 687 687 687 687 687 687 687 688 688 688 687 687 688 688 688 688
    688 688 688 690 690 690 690 691 691 691 691 693 693 694 693 691 691
    691 693 693 693 693 693 694 694 694 696 696 696 696 697 697 697 698
    698 700 700 700 701 701 701 701 701 703 703 704 704 704 704 704 706
    706 706 0 0 0 0 0 0 0 0 686 686 684 683 683 683 684 686 686 686 686
    686 686 686 687 687 687 687 687 687 687 687 687 688 688 688 688 688
    688 688 688 690 690 690 690 690 690 691 691 691 693 693 693 693 693
    693 693 694 694 693 693 693 694 694 694 694 694 696 696 696 696 696
    697 697 697 697 698 698 698 700 700 700 701 701 701 701 701 703 703
    703 704 704 704 704 706 706 706 0 0 0 0 0 0 0 687 686 686 686 684
    684 684 686 687 687 687 687 687 687 687 687 687 687 688 687 687 687
    687 688 688 688 688 688 688 688 688 690 690 690 690 690 690 690 691
    691 693 693 693 694 694 694 694 694 694 694 694 694 694 696 696 696
    696 696 696 696 697 698 698 698 698 698 698 700 700 700 700 700 701
    701 701 703 701 701 703 703 703 704 704 706 706 706 707 707 0 0 0 0
    0 0 0 686 686 686 686 686 686 686 686 687 687 687 687 687 687 687
    687 687 688 688 687 687 687 687 688 690 690 690 688 688 690 690 690
    691 691 691 691 691 691 693 693 694 694 694 694 694 694 694 694 696
    696 696 696 696 696 697 697 697 697 697 697 697 698 700 700 700 700
    700 700 701 701 701 703 703 703 703 703 703 703 704 704 704 706 706
    706 706 707 707 707 0 0 0 0 0 0 0 686 686 686 687 686 686 687 687
    687 687 688 688 688 688 688 688 688 688 688 687 687 687 687 688 691
    691 691 690 690 691 691 691 693 691 691 693 691 691 693 694 694 694
    694 694 696 696 696 696 696 696 696 696 696 697 697 698 698 698 698
    698 698 700 700 701 701 701 701 701 701 703 703 703 704 704 704 704
    704 704 706 706 706 706 706 706 706 707 707 707 0 0 0 0 0 0 0 686
    686 686 687 687 687 688 688 688 688 688 688 688 688 688 688 688 688
    688 688 688 688 688 691 691 691 691 691 691 693 693 693 693 693 693
    693 693 693 694 694 694 696 696 696 696 696 696 696 696 697 697 696
    696 697 697 698 698 700 700 700 700 700 700 701 701 701 703 703 704
    704 704 704 706 706 706 706 706 706 707 707 707 707 707 707 708 708
    707 707 0 0 0 0 0 0 0 687 687 687 688 688 688 688 688 688 688 688
    688 688 688 688 690 688 688 688 688 688 690 690 691 691 691 693 693
    693 693 693 693 693 693 693 693 693 693 694 694 696 696 696 696 696
    696 697 697 697 697 697 697 697 697 697 698 700 700 701 701 701 701
    701 703 703 703 704 704 706 704 704 706 706 707 707 706 706 706 707
    707 708 708 708 708 710 708 708 708 0 0 0 0 0 0 0 693 690 690 690
    690 690 690 690 690 690 690 690 690 690 690 690 690 690 690 690 690
