<?xml version="1.0"?>
<opencv_storage>
<Depth14904 type_id="opencv-matrix">
  <rows>30</rows>
  <cols>21</cols>
  <dt>w</dt>
  <data>
    4139 4139 4139 4139 4089 4089 4041 4041 4089 4041 4041 6753 6753
    6753 6622 6622 6622 6622 6753 6753 6753 4190 4139 4139 4139 4139
    4139 4089 4089 4089 4041 4041 4041 4041 4041 4089 6622 6753 6753
    6753 6753 6753 6497 6497 4139 4139 4139 4139 4139 4139 4089 4041
    4041 4041 4041 4041 4089 6622 6622 6753 6753 6753 6753 6497 6622
    6622 4139 4139 4139 4139 4139 4139 4089 4089 4041 4041 4041 4089
    4089 6622 6753 6753 6753 6753 4139 4139 4139 4139 4139 4139 4139
    4139 4139 4089 4089 4089 4089 4089 4089 4089 6753 6753 6753 6753
    6753 4139 4139 4139 4139 4190 4190 4139 4139 4139 4139 4139 4139
    4089 4089 4089 4041 4041 6753 6753 6753 6753 4190 4139 4139 4190
    4190 4190 4139 4139 4139 4139 4139 4139 4089 4089 4089 4041 4041
    6753 6753 6753 6753 4190 4190 4190 4190 4190 4190 4139 4139 4139
    4139 4139 4139 4089 4089 4041 4041 4041 6889 6889 6889 6753 4190
    4190 4190 4190 4190 4190 4139 4139 4139 4139 4139 4139 4139 4089
    4041 4041 4041 4139 6753 6753 6753 4190 4190 4190 4190 4190 4139
    4139 4139 4139 4139 4139 4139 4139 4139 4139 4139 4139 4139 6753
    6753 6753 4139 4190 4190 4190 4190 4139 4139 4139 4139 4139 4139
    4139 4139 4139 4139 4139 4089 4089 4139 6753 6753 4139 4190 4190
    4190 4190 4190 4139 4139 4139 4139 4139 4139 4139 4139 4139 4139
    4089 4089 4139 6753 6753 4139 4139 4190 4190 4190 4190 4139 4139
    4139 4139 4139 4139 4139 4139 4139 4139 4139 4139 4139 6753 6753
    4139 4139 4190 4190 4190 4190 4190 4139 4139 4139 4139 4139 4139
    4139 4139 4139 4139 4139 4139 4139 6753 4190 4190 4190 4190 4190
    4190 4190 4190 4139 4139 4139 4139 4139 4139 4139 4139 4139 4139
    4139 4139 6753 6753 4190 4190 4190 4190 4190 4190 4190 4139 4139
    4190 4139 4139 4139 4139 4139 4139 4139 4139 4139 4139 6753 4241
    4241 4190 4190 4190 4190 4190 4190 4190 4190 4139 4139 4139 4139
    4139 4139 4139 4139 4139 4139 6753 4295 4295 4241 4190 4190 4190
    4190 4190 4190 4190 4139 4139 4139 4139 4139 4139 4139 4139 4139
    4139 6753 4295 4241 4241 4190 4190 4190 4190 4190 4190 4190 4139
    4139 4139 4139 4139 4139 4139 4139 4089 4089 6753 6753 4190 4190
    4190 4190 4190 4190 4190 4190 4190 4190 4190 4190 4190 4139 4139
    4139 4139 4089 4089 6753 6753 4190 4190 4190 4190 4190 4190 4190
    4190 4190 4190 4190 4190 4190 4139 4139 4139 4139 4089 4089 6753
    6753 4190 4190 4241 4190 4190 4190 4190 4190 4190 4190 4190 4190
    4190 4139 4139 4139 4139 4139 4139 6753 6753 6753 4241 4241 4190
    4190 4190 4190 4190 4190 4190 4190 4190 4190 4139 4139 4139 4139
    4139 4139 6753 6753 6753 4241 4241 4190 4190 4190 4190 4190 4190
    4190 4190 4190 4190 4139 4139 4139 4190 4139 4139 6753 6753 6753
    6753 4241 4190 4190 4190 4190 4190 4190 4190 4190 4190 4190 4139
    4139 4190 4190 4190 4241 6753 6753 6753 6753 4295 4241 4190 4190
    4190 4190 4190 4190 4190 4190 4190 4190 4190 4190 4190 4190 4295
    6753 6753 6753 6753 4349 4295 4241 4241 4190 4190 4190 4190 4190
    4190 4190 4190 4190 4190 4190 4241 4241 6753 6753 6753 6753 4405
    4349 4295 4295 4190 4190 4190 4190 4190 4190 6753 4190 4190 4190
    4190 4295 4295 6753 6753 6753 6753 6753 4349 4349 4349 4295 4241
    4190 4190 6753 6889 6889 6889 6753 6753 4295 4295 6753 6753 6753
    6753 6753 6753 6753 4349 4349 4349 4349 4349 6753 6753 6753 6889
    6889 6889 6889 6889 6889 6753</data></Depth14904>
</opencv_storage>
