<?xml version="1.0"?>
<opencv_storage>
<Depth14011 type_id="opencv-matrix">
  <rows>57</rows>
  <cols>41</cols>
  <dt>w</dt>
  <data>
    4522 4463 4463 4522 4463 4463 4522 4522 4645 4582 4582 4645 4582
    4582 4582 4582 4582 1785 1785 1785 1785 1804 1823 1843 1863 1863
    1873 4708 4708 4708 4708 4708 4708 4708 4774 4774 4708 4708 4708
    4708 4708 4522 4463 4463 4522 4463 4463 4463 4522 4582 4582 1688
    1671 1671 1688 4582 4582 1757 1757 1776 1785 1785 1804 1823 1833
    1853 1863 1863 1863 4708 4708 4708 4708 4708 4708 4708 4774 4708
    4708 4708 4708 4708 4582 4522 4522 4463 4405 4405 4405 1731 1731
    4645 1688 1671 1671 1688 1696 1705 1731 1757 1766 1776 1785 1785
    1813 1833 1853 1853 1853 1853 4708 4708 4708 4708 4708 4708 4708
    4774 4708 4708 4708 4708 4708 4582 4582 4522 4463 4405 4405 1739
    1722 1713 1705 1705 1696 1696 1688 1688 1696 1713 1748 1757 1776
    1785 1785 1804 1823 1843 1853 1853 1853 4708 4708 4708 4708 4708
    4708 4708 4774 4708 4708 4708 4708 4708 4582 4582 1739 1739 1739
    1739 1731 1722 1713 1705 1696 1696 1696 1688 1688 1688 1713 1739
    1757 1766 1785 1785 1794 1823 1843 1853 1853 1853 1853 4708 4708
    4708 4708 4708 4708 4774 4708 4708 4708 4708 4708 1748 1739 1739
    1739 1739 1731 1713 1713 1705 1705 1696 1696 1696 1688 1688 1688
    1713 1739 1748 1757 1776 1785 1785 1794 1823 1853 1853 1853 1853
    4708 4708 4708 4708 4708 4708 4708 4708 4708 4708 4708 4708 1748
    1739 1739 1739 1739 1731 1713 1713 1705 1705 1705 1696 1696 1696
    1696 1696 1713 1731 1739 1748 1776 1785 1785 1794 1823 1833 1853
    1863 1863 4774 4774 4708 4708 4708 4708 4708 4708 4708 4708 4708
    4708 1739 1739 1739 1739 1739 1731 1713 1713 1705 1705 1705 1705
    1696 1696 1696 1705 1713 1713 1731 1739 1748 1766 1785 1785 1813
    1823 1863 1863 1863 4842 4774 4774 4774 4708 4708 4708 4708 4708
    4708 4708 4708 1739 1739 1739 1739 1739 1731 1722 1713 1705 1705
    1705 1705 1705 1705 1696 1696 1705 1713 1722 1739 1748 1757 1776
    1785 1804 1823 1853 1853 1853 4842 4774 4774 4774 4708 4708 4708
    4708 4708 4708 4708 4708 1739 1739 1739 1739 1739 1731 1722 1722
    1705 1705 1705 1705 1696 1696 1696 1696 1696 1705 1713 1731 1739
    1748 1766 1785 1794 1823 1833 1853 1853 1863 4842 4774 4774 4708
    4708 4708 4708 4708 4708 4708 4708 1739 1739 1739 1739 1739 1731
    1722 1722 1713 1705 1705 1705 1696 1696 1688 1688 1696 1705 1713
    1731 1739 1748 1757 1776 1785 1813 1823 1833 1843 1853 1853 4774
    4774 4774 4708 4708 4708 4708 4708 4708 4708 1757 1757 1757 1748
    1748 1731 1731 1722 1713 1713 1713 1705 1696 1696 1688 1688 1696
    1705 1705 1722 1739 1748 1757 1776 1785 1813 1823 1833 1843 1853
    1873 1873 4842 4774 4774 4774 4774 4774 4708 4708 4708 4582 1766
    1766 1748 1739 1731 1731 1722 1722 1713 1713 1705 1705 1705 1696
    1696 1696 1705 1705 1722 1739 1748 1757 1776 1785 1804 1813 1823
    1853 1863 1873 1873 4842 4774 4774 4774 4774 4774 4708 4708 4708 0
    1766 1766 1739 1739 1731 1731 1722 1722 1713 1713 1705 1705 1705
    1696 1696 1705 1705 1705 1713 1731 1739 1748 1766 1785 1794 1813
    1823 1853 1863 1873 1883 4842 4774 4774 4708 4708 4708 4708 4708
    4708 4522 1739 1739 1739 1739 1731 1731 1722 1722 1713 1713 1705
    1705 1705 1696 1696 1705 1705 1713 1713 1722 1731 1748 1766 1785
    1794 1813 1813 1823 1863 1873 1883 1883 4774 4774 4708 4708 4708
    4708 4708 4708 4522 4522 1748 1748 1739 1731 1731 1722 1722 1713
    1713 1713 1705 1705 1705 1705 1705 1705 1705 1713 1713 1722 1739
    1748 1776 1785 1804 1813 1823 1863 1863 1873 1873 4774 4774 4708
    4708 4708 4708 4708 4708 4522 4522 4522 1739 1739 1731 1731 1722
    1722 1722 1722 1722 1713 1705 1705 1705 1713 1705 1705 1713 1713
    1722 1731 1739 1757 1776 1794 1813 1833 1863 1863 1873 1873 4774
    4774 4708 4708 4708 4708 4708 4708 4522 4522 0 1739 1739 1731 1731
    1722 1722 1722 1722 1722 1713 1713 1705 1705 1713 1705 1705 1705
    1713 1722 1731 1739 1757 1776 1785 1813 1833 1863 1863 1863 1863
    4774 4774 4708 4708 4708 4708 4708 4708 4463 4463 0 1731 1731 1731
    1731 1722 1722 1722 1722 1722 1713 1705 1705 1705 1705 1705 1705
    1705 1705 1722 1731 1739 1766 1766 1776 1804 1823 1863 1863 1863
    1873 4774 4774 4774 4708 4708 4708 4708 4708 4463 4463 4582 1731
    1731 1731 1739 1739 1731 1731 1722 1722 1713 1705 1705 1705 1705
    1705 1705 1705 1705 1722 1722 1748 1766 1766 1776 1785 1823 1853
    1863 1863 1873 1873 4774 4774 4774 4774 4708 4708 4708 4463 4582
    4582 1731 1731 1731 1739 1739 1731 1731 1731 1722 1722 1713 1705
    1705 1713 1705 1705 1705 1705 1713 1713 1739 1757 1757 1776 1785
    1823 1843 1853 1863 1873 1873 4774 4774 4774 4774 4708 4708 4708
    4522 4522 4522 1739 1731 1731 1739 1739 1739 1731 1731 1722 1722
    1713 1705 1705 1713 1705 1705 1705 1705 1713 1713 1739 1748 1757
    1766 1785 1813 1833 1853 1863 1873 1883 1883 4774 4774 4774 4708
    4708 4708 4463 4522 4522 1739 1739 1739 1731 1731 1731 1731 1731
    1722 1722 1713 1705 1705 1713 1705 1705 1705 1705 1705 1705 1731
    1739 1757 1757 1785 1813 1823 1843 1853 1863 1873 1873 4774 4774
    4774 4708 4708 4708 4463 4522 4522 1748 1748 1739 1731 1731 1731
    1731 1731 1722 1722 1713 1705 1705 1713 1705 1705 1705 1705 1705
    1705 1731 1739 1748 1757 1776 1794 1813 1823 1853 1863 1873 1883
    1883 4774 4774 4774 4774 4774 4463 4522 4522 4522 1748 1748 1748
    1739 1739 1731 1731 1731 1731 1722 1713 1713 1713 1713 1705 1705
    1705 1705 1713 1731 1739 1739 1757 1776 1785 1794 1813 1853 1863
    1873 1873 1873 4708 4708 4774 4774 4774 4463 4522 4522 4522 1748
    1748 1748 1739 1739 1731 1731 1731 1731 1722 1722 1722 1713 1713
    1705 1705 1705 1705 1713 1722 1739 1739 1748 1766 1785 1794 1813
    1823 1863 1873 1873 1873 4708 4708 4708 4708 4774 4463 4463 4522
    4582 4582 1748 1748 1748 1739 1731 1731 1731 1731 1722 1713 1713
    1713 1713 1713 1713 1713 1713 1713 1713 1731 1748 1748 1766 1785
    1804 1813 1823 1853 1863 1873 1873 1873 4708 4708 4708 4708 4463
    4463 4522 4582 4582 4582 1748 1748 1739 1739 1731 1731 1731 1722
    1713 1713 1713 1713 1713 1713 1713 1713 1713 1713 1722 1739 1748
    1757 1776 1794 1813 1823 1853 1863 1863 1873 1894 4708 4708 4708
    4708 4522 4522 4522 4582 4582 4645 1757 1757 1748 1739 1739 1731
    1731 1722 1722 1722 1722 1713 1713 1713 1713 1713 1713 1713 1722
    1739 1748 1757 1766 1785 1794 1833 1843 1853 1863 1873 1894 1894
    4708 4708 4708 4522 4522 4522 4582 4645 4645 4645 1757 1748 1739
    1739 1731 1731 1731 1731 1731 1722 1722 1713 1713 1713 1705 1705
    1705 1713 1731 1739 1748 1757 1785 1794 1813 1833 1853 1863 1873
    1894 1894 4774 4708 4708 4522 4522 4522 4582 4645 4645 4645 1748
    1748 1739 1739 1739 1731 1731 1731 1731 1722 1722 1713 1713 1713
    1705 1705 1705 1705 1722 1739 1748 1757 1776 1785 1804 1823 1843
    1863 1863 1883 1883 4774 4708 4708 4522 4522 4582 4645 4645 4645
    1748 1748 1739 1739 1739 1739 1731 1731 1731 1731 1722 1722 1713
    1713 1713 1705 1705 1705 1705 1722 1739 1739 1748 1776 1785 1794
    1813 1833 1853 1863 1873 1873 4774 4708 4708 4522 4582 4582 4645
    4582 4582 4582 1739 1739 1739 1739 1739 1739 1731 1731 1731 1722
    1722 1713 1713 1713 1713 1705 1705 1705 1722 1731 1739 1748 1766
    1785 1794 1813 1823 1843 1853 1863 1863 4774 4708 4708 4522 4582
    4582 4582 4582 4582 4582 1739 1731 1731 1739 1739 1739 1731 1731
    1731 1722 1722 1722 1722 1713 1705 1705 1705 1705 1713 1722 1731
    1748 1757 1776 1794 1813 1823 1843 1853 1863 1863 1863 4774 4774
    4522 4522 4522 4582 4522 4522 4522 1731 1731 1731 1739 1739 1739
    1731 1731 1731 1722 1722 1722 1722 1713 1705 1705 1705 1705 1713
    1713 1722 1739 1748 1766 1785 1804 1823 1833 1853 1853 1863 1863
    1863 4708 4522 4522 4522 4522 4522 4522 4522 1731 1731 1731 1739
    1739 1731 1731 1731 1731 1722 1722 1722 1722 1713 1705 1705 1705
    1705 1705 1713 1722 1731 1748 1757 1785 1794 1813 1823 1843 1853
