<?xml version="1.0"?>
<opencv_storage>
<Depth11644 type_id="opencv-matrix">
  <rows>85</rows>
  <cols>37</cols>
  <dt>w</dt>
  <data>
    1624 1624 1624 3948 1572 1564 1557 1557 1557 1516 1509 1529 1529
    1529 1529 1536 1579 1572 1572 1572 1516 1516 1503 1483 1464 1452
    1445 1445 4241 4241 4241 4241 4241 4241 4241 4241 4295 1624 1624
    1624 1601 1564 1557 1550 1536 1523 1516 1509 1509 1509 1529 1529
    1536 1557 1564 1572 1572 1503 1503 1489 1470 1458 1445 1445 1439
    1439 1439 1439 4295 4295 4295 4241 4241 4295 1624 1624 1616 1594
    1564 1557 1543 1523 1516 1509 1503 1483 1483 1536 1543 1550 1470
    1470 1477 1477 1477 1452 1452 1452 1445 1439 1439 1439 1439 1439
    1439 1439 4349 4295 4295 4295 4295 1624 1616 1609 1557 1543 1536
    1523 1509 1503 1496 1489 1477 1439 1439 1433 1433 1452 1458 1458
    1439 1439 1439 1439 1439 1439 1433 1433 1439 1439 1439 1439 1439
    1439 4349 4349 4349 4295 1624 1616 1609 1550 1536 1523 1516 1503
    1489 1477 1458 1445 1427 1421 1421 1427 1427 1427 1427 1427 1427
    1427 1433 1433 1433 1433 1433 1439 1439 1439 1439 1439 1439 4405
    4405 4349 4295 1609 1609 1594 1550 1536 1523 1509 1496 1477 1464
    1452 1433 1415 1415 1415 1415 1421 1421 1421 1421 1421 1427 1427
    1427 1427 1427 1433 1433 1433 1439 1439 1439 1439 4405 4405 4349
    4295 1609 1609 1594 1564 1543 1523 1509 1496 1477 1458 1445 1415
    1415 1410 1410 1410 1415 1421 1421 1421 1421 1421 1421 1427 1427
    1427 1433 1433 1433 1439 1439 1439 1439 4405 4405 4349 4295 1601
    1601 1601 1594 1550 1536 1516 1503 1483 1458 1445 1415 1415 1410
    1410 1410 1415 1421 1421 1421 1421 1421 1421 1427 1427 1427 1433
    1433 1433 1433 1439 1439 1439 4405 4405 4349 4295 1601 1601 1601
    1594 1557 1536 1516 1503 1483 1464 1458 1415 1415 1410 1410 1410
    1415 1415 1421 1421 1421 1421 1421 1427 1427 1427 1427 1427 1433
    1433 1433 1433 1433 1433 4295 4295 4295 1601 1601 1601 1594 1550
    1536 1516 1496 1483 1464 1458 1427 1415 1410 1410 1410 1415 1415
    1421 1421 1421 1421 1421 1421 1427 1433 1427 1427 1433 1433 1433
    1433 1433 0 4295 4295 4295 1609 1609 1601 1594 1550 1536 1523 1496
    1483 1464 1458 1433 1415 1410 1410 1415 1415 1421 1421 1421 1421
    1421 1421 1421 1427 1433 1433 1433 1433 1433 1433 1439 1439 0 4295
    4295 4241 1609 1609 1601 1594 1557 1536 1523 1496 1483 1464 1452
    1433 1415 1410 1410 1415 1415 1421 1421 1421 1421 1421 1421 1421
    1427 1433 1433 1433 1433 1433 1433 1439 1439 0 4295 4295 4241 1616
    1616 1601 1586 1557 1536 1523 1496 1483 1464 1452 1427 1415 1410
    1410 1415 1415 1421 1421 1421 1421 1421 1421 1421 1427 1427 1433
    1433 1433 1433 1433 1439 1439 1439 4405 4405 4349 1624 1624 1609
    1586 1557 1536 1523 1503 1483 1464 1452 1427 1415 1415 1410 1410
    1415 1415 1415 1421 1421 1421 1421 1427 1427 1427 1433 1433 1427
    1427 1433 1439 1439 1439 4405 4405 4349 4041 1624 1616 1586 1557
    1536 1523 1509 1489 1470 1452 1427 1415 1415 1410 1410 1415 1415
    1415 1421 1421 1421 1421 1421 1427 1427 1433 1433 1427 1427 1433
    1439 1439 1439 1439 4295 4295 1632 1632 1616 1579 1557 1536 1523
    1509 1489 1470 1452 1433 1421 1415 1410 1410 1415 1415 1421 1421
    1421 1421 1421 1421 1427 1427 1433 1433 1433 1433 1439 1439 1439
    1439 0 4295 4295 1632 1624 1616 1572 1557 1543 1529 1509 1489 1477
    1452 1433 1421 1415 1410 1410 1415 1415 1421 1421 1421 1421 1421
    1421 1421 1427 1427 1433 1433 1433 1439 1439 1445 1445 0 4295 4295
    3948 1624 1594 1572 1564 1543 1529 1516 1489 1477 1458 1433 1421
    1415 1410 1410 1421 1421 1421 1421 1421 1421 1421 1421 1421 1427
    1427 1433 1433 1433 1439 1439 1445 1445 0 4295 4295 3948 1594 1594
    1579 1564 1550 1529 1516 1489 1477 1445 1433 1421 1415 1415 1415
    1421 1421 1421 1421 1421 1421 1421 1421 1421 1427 1427 1433 1433
    1433 1439 1439 1445 1445 0 4295 4295 0 1594 1594 1579 1572 1557 1529
    1516 1489 1477 1445 1433 1421 1415 1415 1415 1421 1415 1415 1421
    1421 1421 1421 1421 1427 1427 1427 1433 1433 1433 1439 1439 1445
    1445 0 4349 4349 0 1594 1594 1579 1572 1557 1536 1516 1496 1477 1445
    1433 1421 1415 1415 1415 1421 1415 1415 1421 1421 1421 1421 1421
    1427 1427 1427 1433 1433 1439 1439 1439 1439 1439 0 4349 4349 3994
    1601 1601 1586 1572 1557 1536 1516 1496 1483 1452 1433 1421 1415
    1415 1415 1421 1415 1415 1421 1421 1421 1421 1421 1427 1433 1433
    1433 1433 1439 1439 1439 1439 1439 1439 4349 4349 3994 1609 1609
    1586 1572 1550 1536 1516 1503 1483 1452 1439 1421 1415 1415 1415
    1415 1421 1421 1421 1421 1421 1421 1427 1427 1433 1433 1433 1433
    1439 1439 1439 1439 1439 1439 4349 4349 3994 1609 1609 1601 1579
    1550 1536 1523 1509 1483 1452 1439 1421 1415 1410 1410 1415 1421
    1421 1421 1421 1421 1421 1427 1427 1433 1433 1433 1433 1439 1439
    1439 1439 1439 1439 1439 4349 3994 1609 1609 1594 1579 1550 1543
    1529 1509 1470 1452 1439 1427 1415 1410 1410 1415 1415 1421 1421
    1421 1421 1421 1427 1433 1433 1433 1433 1433 1433 1439 1439 1439
    1439 1439 0 4349 3948 3948 1601 1594 1579 1550 1543 1536 1509 1470
    1458 1439 1427 1415 1410 1410 1415 1415 1415 1421 1421 1421 1421
    1427 1433 1433 1433 1433 1433 1433 1439 1439 1439 1439 1439 0 4405
    3948 1632 1601 1601 1579 1557 1543 1529 1509 1477 1458 1439 1427
    1415 1410 1410 1415 1415 1415 1421 1421 1421 1421 1427 1427 1427
    1427 1433 1433 1439 1439 1439 1433 1433 1433 0 4405 3903 1632 1616
    1601 1586 1564 1543 1529 1516 1477 1458 1439 1433 1421 1415 1415
    1415 1415 1415 1421 1421 1421 1421 1421 1421 1427 1427 1427 1433
    1439 1439 1439 1433 1433 1433 1439 4405 3903 1632 1616 1609 1594
    1572 1550 1536 1516 1477 1458 1439 1433 1421 1415 1415 1415 1415
    1415 1421 1421 1421 1421 1421 1421 1421 1427 1427 1433 1439 1439
    1439 1439 1439 1439 1439 4405 3903 1632 1616 1601 1594 1579 1550
    1536 1523 1470 1458 1445 1433 1421 1415 1415 1415 1415 1421 1421
    1421 1421 1421 1421 1421 1421 1421 1427 1433 1439 1439 1439 1439
    1439 1439 1439 1439 3903 1632 1609 1601 1594 1572 1557 1543 1529
    1470 1464 1452 1439 1427 1415 1415 1415 1415 1421 1421 1421 1421
    1421 1421 1421 1421 1421 1427 1433 1439 1439 1439 1439 1433 1433
    1433 0 3903 1601 1601 1601 1594 1572 1557 1543 1529 1477 1464 1458
    1439 1427 1415 1415 1415 1415 1421 1421 1421 1421 1421 1421 1421
    1421 1421 1427 1439 1439 1439 1439 1439 1433 1433 1433 0 3948 1601
    1601 1601 1594 1579 1557 1543 1523 1489 1470 1458 1439 1427 1415
    1415 1415 1415 1415 1421 1421 1421 1421 1421 1421 1421 1427 1433
    1439 1439 1439 1439 1439 1433 1433 1433 4241 3948 1609 1609 1601
    1594 1579 1564 1543 1523 1509 1477 1458 1439 1427 1415 1415 1415
    1415 1415 1421 1421 1421 1421 1421 1421 1421 1427 1433 1439 1439
    1439 1439 1439 1439 1445 1445 4241 3994 3994 1609 1601 1594 1579
    1564 1543 1523 1509 1477 1458 1439 1427 1415 1415 1415 1415 1415
    1421 1421 1421 1421 1421 1421 1421 1427 1433 1439 1439 1439 1439
    1439 1439 1445 1445 4190 3948 3948 1616 1601 1594 1579 1564 1543
    1523 1509 1477 1458 1439 1427 1415 1415 1415 1415 1421 1421 1421
    1421 1421 1421 1421 1427 1427 1433 1433 1439 1439 1439 1439 1439
    1445 1445 4190 3948 3948 1616 1601 1594 1579 1564 1543 1523 1509
    1477 1458 1439 1427 1415 1415 1421 1421 1421 1421 1421 1421 1421
    1421 1421 1427 1427 1433 1433 1433 1439 1439 1439 1439 1445 1445
    4241 3948 3948 1601 1601 1594 1579 1564 1543 1529 1516 1477 1464
    1445 1433 1421 1421 1421 1421 1421 1421 1421 1421 1421 1421 1421
    1427 1427 1433 1433 1433 1439 1439 1439 1439 1445 1445 4241 3948
    3948 1609 1609 1594 1579 1564 1543 1529 1516 1477 1464 1452 1433
    1421 1421 1421 1421 1421 1421 1421 1421 1421 1421 1421 1421 1427
    1433 1433 1433 1439 1439 1439 1439 1439 1439 4241 3948 3948 1616
    1616 1601 1594 1564 1543 1529 1516 1477 1464 1452 1433 1421 1421
    1421 1415 1415 1421 1421 1421 1421 1421 1421 1421 1433 1433 1433
    1433 1439 1439 1439 1439 1439 1439 4405 3903 3903 1632 1632 1601
