<?xml version="1.0"?>
<opencv_storage>
<Depth18701 type_id="opencv-matrix">
  <rows>188</rows>
  <cols>95</cols>
  <dt>w</dt>
  <data>
    2541 2541 2541 2541 2541 2541 2541 2560 2541 2541 2541 2541 2541
    2522 2522 2503 2503 2522 2522 2541 2560 2560 2560 2541 2541 0 0 0 0
    0 0 0 0 0 0 0 0 0 0 0 0 0 0 0 0 0 0 0 0 507 507 506 505 505 505 504
    504 507 507 507 507 507 504 0 504 0 0 0 0 0 0 0 0 0 0 0 0 0 0 2680
    2680 2659 2659 2659 2680 2680 2680 2659 2659 2659 2659 2680 2680
    2680 2680 2541 2541 2541 2541 2541 2541 2541 2560 2560 2541 2541
    2541 2541 2522 2522 2522 2522 2522 2541 2541 2560 2560 2560 2560
    2560 0 0 0 0 0 0 0 0 0 0 0 0 0 0 0 0 0 0 0 0 0 0 0 0 507 507 506 505
    505 505 505 505 507 507 507 506 505 504 504 0 0 0 0 0 0 0 0 0 0 0 0
    0 0 0 0 0 0 0 2680 2680 2680 2680 2680 2659 2659 2680 2680 2680 2680
    2701 2541 2541 2560 2541 2541 2541 2541 2560 2560 2541 2541 2541
    2541 2541 2541 2541 2522 2522 2541 2541 2560 2560 2560 2560 0 0 0 0
    0 0 0 0 0 0 0 0 0 0 0 0 0 0 0 0 0 0 0 0 0 0 507 507 507 506 506 506
    506 506 506 507 506 505 504 504 0 0 507 507 506 506 506 0 0 0 0 0 0
    0 0 0 0 0 0 0 2744 2723 2723 2680 2680 2680 2680 2680 2680 2680 0
    2560 2560 2560 2560 2560 2541 2541 2560 2560 2560 2560 2541 2522
    2522 2541 2541 2541 2541 2541 2541 2560 2560 2560 0 0 0 0 0 0 0 0 0
    0 0 0 0 0 0 0 0 0 0 0 0 0 0 0 0 0 0 507 507 508 508 507 506 506 506
    506 507 506 506 506 506 508 507 507 507 506 506 506 506 0 0 0 0 0 0
    0 0 0 0 0 0 0 0 2744 2701 2701 2701 2701 2701 2723 0 0 2560 2560
    2560 2560 2560 2560 2560 2560 2560 2560 2560 2541 2522 2522 2541
    2522 2522 2541 2541 2560 2579 2579 2579 0 0 0 0 0 0 0 0 0 0 0 0 0 0
    0 0 0 0 0 0 0 0 0 0 0 0 0 508 508 508 508 507 507 508 507 507 508
    507 507 507 508 506 506 506 507 507 507 506 506 508 508 508 0 0 0 0
    0 0 0 0 0 0 0 0 0 2723 2723 2701 2701 0 0 0 2560 2560 2560 2560 2560
    2560 2560 2560 2560 2560 2541 2541 2541 2522 2522 2522 2522 2541
    2541 2560 2579 2579 2579 0 0 0 0 0 0 0 0 0 0 0 0 0 0 0 0 0 0 0 0 0 0
    0 0 0 0 0 508 508 508 509 509 509 508 508 508 508 508 508 508 508
    506 506 506 507 507 507 507 507 508 507 507 507 0 0 0 0 0 0 0 0 0 0
    0 0 0 0 0 0 0 0 0 2560 2560 2560 2560 2560 2560 2560 2560 2560 2560
    2541 2541 2541 2522 2522 2522 2522 2541 2541 2560 2579 2579 2560
    2560 0 0 0 0 0 0 0 0 0 0 0 0 0 0 0 0 0 0 0 0 0 0 0 0 0 0 509 509 510
    510 509 509 509 508 508 508 508 508 509 509 509 507 507 508 508 508
    508 507 507 507 507 507 508 508 0 507 507 0 0 0 0 0 0 0 0 0 0 0 0 0
    0 2560 2560 2579 2579 2579 2560 2560 2560 2560 2560 2541 2541 2541
    2541 2541 2541 2560 2560 2560 2560 2579 2579 2560 2560 0 0 0 0 0 0 0
    0 0 0 0 0 0 0 0 0 0 0 0 0 0 0 0 0 0 510 510 510 511 511 510 510 510
    509 509 509 509 509 510 510 509 509 509 509 508 508 508 507 507 507
    508 508 508 508 511 507 507 509 0 0 0 0 0 511 511 0 0 0 0 0 0 2560
    2560 2579 2579 2579 2560 2560 2560 2560 2560 2560 2541 2541 2541
    2541 2541 2560 2560 2560 2579 2598 2598 2560 2560 0 0 0 0 0 0 0 0 0
    0 0 0 0 0 0 0 0 0 0 0 0 0 0 0 510 509 509 511 511 511 511 511 511
    510 510 509 509 510 511 511 510 510 508 508 508 508 508 507 507 507
    508 508 510 510 511 510 509 509 0 0 0 0 511 510 510 0 0 0 0 0 0 2560
    2560 2579 2579 2579 2579 2579 2579 2579 2579 2560 2541 2541 2541
    2541 2541 2560 2560 2579 2598 2598 2598 2598 0 0 0 0 0 0 0 0 0 0 0 0
    0 0 0 0 0 0 0 0 0 0 0 0 0 510 509 509 511 511 511 511 511 511 511
    511 511 511 511 511 511 511 511 508 508 508 508 511 511 511 511 509
    509 511 511 511 511 511 511 511 0 0 512 511 510 510 514 514 514 513
    513 0 2579 2579 2579 2579 2579 2579 2579 2579 2579 2579 2560 2560
    2541 2541 2541 2541 2560 2579 2598 2598 2598 2598 2598 0 0 0 0 0 0 0
    0 0 0 0 0 0 0 0 0 0 0 0 0 0 0 0 0 0 511 511 511 511 511 511 512 511
    511 511 511 511 511 511 511 511 511 511 510 510 511 511 511 511 511
    511 511 511 511 511 511 511 511 511 511 511 511 512 512 512 514 514
    514 514 513 513 514 2579 2579 2579 2598 2598 2579 2579 2579 2579
    2579 2560 2560 2560 2560 2560 2560 2560 2579 2598 2618 2598 2598
    2618 0 0 0 0 0 0 0 0 0 0 0 0 0 0 0 0 0 0 0 0 0 0 0 0 0 511 511 511
    511 511 511 511 512 512 511 511 511 511 512 511 511 511 511 510 510
    511 511 511 511 511 511 511 511 512 512 512 512 512 511 511 511 511
    511 513 513 514 514 514 514 514 513 512 2579 2579 2579 2598 2598
    2579 2579 2579 2579 2579 2560 2560 2560 2560 2560 2560 2579 2598
    2598 2618 2618 2618 2618 0 0 0 0 0 0 0 0 0 0 0 0 0 0 0 0 0 0 0 0 0 0
    0 0 0 511 511 512 512 511 511 511 511 512 511 511 511 511 512 513
    513 513 513 513 513 511 511 511 511 511 511 512 512 513 513 513 513
    513 512 512 512 511 511 513 513 514 514 514 514 514 513 512 2598
    2598 2598 2598 2598 2598 2598 2598 2579 2579 2560 2560 2560 2560
    2560 2560 2579 2618 2618 2618 2618 2618 2618 0 0 0 0 0 0 0 0 0 0 0 0
    0 0 0 0 0 0 0 0 0 0 0 0 514 513 513 513 513 512 512 511 511 512 511
    511 511 511 513 513 513 513 514 514 514 512 511 511 511 512 512 513
    513 513 513 514 514 514 514 514 513 512 512 513 513 515 515 515 514
    514 513 513 2598 2598 2598 2598 2598 2618 2618 2598 2579 2579 2560
    2560 2560 2560 2560 2579 2598 2618 2618 2618 2618 2618 2618 0 0 0 0
    0 0 0 0 0 0 0 0 0 0 0 0 0 0 0 0 0 0 0 515 514 514 514 514 514 514
    514 514 514 514 514 514 514 514 514 514 514 514 514 514 514 512 511
    511 511 514 514 514 514 513 513 514 514 514 514 514 514 513 513 513
    513 517 517 516 515 514 513 513 2598 2598 2598 2598 2598 2618 2618
    2598 2598 2579 2560 2560 2560 2560 2560 2579 2598 2618 2618 2618
    2618 2618 2618 0 0 0 0 0 0 0 0 0 0 0 0 0 0 0 0 0 0 0 0 0 0 0 515 515
    515 515 514 514 514 514 514 514 514 514 514 514 514 514 514 514 514
    514 514 514 514 513 513 514 514 514 514 514 512 512 514 514 514 514
    514 514 514 513 513 513 517 517 514 514 513 513 513 2598 2598 2598
    2598 2618 2618 2618 2618 2598 2579 2560 2560 2560 2560 2560 2579
    2598 2618 2618 2618 2598 2598 0 0 0 0 0 0 0 0 0 0 0 0 0 0 0 0 0 0 0
    0 0 0 0 517 516 516 516 517 516 516 514 514 514 514 514 514 514 514
    514 514 514 514 514 514 515 514 514 514 514 514 514 514 514 514 512
    512 514 514 514 514 514 515 514 514 514 514 517 517 514 514 513 513
    0 2598 2618 2618 2618 2618 2618 2618 2618 2598 2598 2579 2579 2579
    2579 2579 2598 2618 2618 2618 2618 2598 2598 0 0 0 0 0 0 0 0 0 0 0 0
    0 0 0 0 0 0 0 0 0 0 0 516 516 517 517 517 517 517 516 516 516 514
    514 514 514 514 514 514 514 516 517 517 517 515 514 514 514 514 514
    514 514 514 514 514 514 514 514 514 514 515 515 515 515 521 517 517
    514 514 521 0 0 2618 2618 2618 2618 2639 2639 2639 2618 2618 2598
    2579 2579 2579 2579 2579 2598 2618 2639 2639 2639 2639 0 0 0 0 0 0 0
    0 0 0 0 0 0 0 0 0 0 0 0 0 0 0 0 0 516 516 517 517 517 0 517 517 516
    516 514 514 514 514 514 515 515 515 517 517 517 517 517 517 514 514
    514 514 514 514 515 516 516 514 514 515 515 515 515 515 515 517 521
    518 517 514 514 521 0 0 2618 2618 2618 2618 2639 2639 2639 2618 2618
    2598 2598 2579 2579 2598 2598 2598 2618 2639 2639 2639 2639 0 0 0 0
    0 0 0 0 0 0 0 0 0 0 0 0 0 0 0 0 0 0 0 0 516 516 517 518 518 517 517
    517 517 517 515 515 515 515 517 517 517 517 517 517 517 517 517 517
    517 520 520 516 516 516 516 516 516 515 515 516 515 515 516 516 517
    517 519 518 518 514 514 519 0 0 2618 2618 2639 2639 2639 2639 2639
    2639 2618 2598 2598 2579 2579 2598 2618 2618 2639 2639 2639 2639
    2639 0 0 0 0 0 0 0 0 0 0 0 0 0 0 0 0 0 0 0 0 0 0 517 517 517 517 518
    518 517 517 517 517 517 517 516 516 517 517 517 517 517 517 517 517
    518 517 517 517 517 517 520 517 517 517 517 517 517 517 517 516 516
    517 516 516 517 518 519 518 518 515 515 517 0 0 2639 2639 2639 2639
    2639 2639 2639 2639 2618 2598 2598 2579 2579 2598 2618 2639 2639
    2659 2639 2618 2618 0 0 0 0 0 0 0 0 0 0 0 0 0 0 0 0 0 0 0 0 0 0 517
    517 518 519 519 518 517 517 517 517 517 517 517 517 517 517 517 517
