<?xml version="1.0"?>
<opencv_storage>
<Depth10778 type_id="opencv-matrix">
  <rows>108</rows>
  <cols>70</cols>
  <dt>w</dt>
  <data>
    3269 3269 3300 3300 3300 3300 943 943 943 943 943 943 943 943 928
    928 928 3399 3399 3399 3399 3433 3468 3468 3503 3539 3539 3576 3576
    3576 3576 3576 3576 3576 3576 3576 3614 3539 3539 3576 3576 3576
    3653 3692 3692 3732 3732 3774 3774 3774 3774 3732 3732 3732 3732
    3774 3816 3859 3903 3903 0 3903 978 0 0 0 0 3994 0 3994 0 0 3300
    3300 3333 3300 943 943 943 943 943 943 943 930 928 928 928 0 943
    3468 3468 3468 3468 3468 3468 943 943 943 943 943 946 954 956 956
    956 3539 3539 3539 3539 3576 3576 3576 3576 3576 981 981 978 978 978
    0 0 0 967 967 970 970 970 975 978 0 0 0 0 0 0 0 0 0 3994 3994 0 0 0
    0 933 938 938 938 940 938 938 938 938 930 928 928 928 943 943 946
    946 948 948 946 946 943 943 943 943 946 0 0 0 956 956 956 956 956
    956 956 956 956 959 964 981 981 978 978 978 970 967 967 967 967 970
    0 0 975 978 0 0 0 0 0 0 0 978 978 0 3994 0 0 0 0 933 933 933 933 935
    935 935 935 935 930 928 928 940 943 943 946 946 948 948 948 946 943
    943 946 946 946 951 954 956 956 956 956 956 956 956 956 956 956 959
    964 964 964 967 967 970 970 967 967 967 967 970 970 970 975 978 978
    978 978 978 0 0 0 978 978 978 978 0 0 0 933 933 933 933 933 933 933
    935 935 935 935 935 935 940 943 943 946 946 948 948 948 946 943 943
    946 946 948 951 954 956 956 956 956 956 956 956 956 956 956 959 962
    964 962 962 962 964 967 967 967 967 967 967 970 970 970 975 975 978
    978 978 975 975 975 978 978 978 978 0 0 0 933 933 933 933 933 933
    933 933 935 935 935 940 940 943 943 943 943 946 946 946 946 946 946
    946 946 946 948 948 951 954 954 954 954 954 954 954 956 956 956 956
    959 962 962 962 962 964 964 964 964 964 967 967 967 967 970 973 973
    975 975 975 975 975 975 978 978 978 978 0 0 930 930 930 930 930 933
    933 933 933 935 935 935 940 940 943 943 943 943 946 946 946 946 946
    946 948 946 946 948 948 951 954 954 954 954 954 954 954 956 956 956
    956 959 962 962 962 962 964 964 964 964 964 967 967 967 967 967 970
    973 973 975 975 975 975 975 975 978 978 978 0 0 930 930 930 930 930
    930 930 933 935 935 935 938 940 940 943 943 943 946 946 946 946 946
    946 946 948 948 948 948 948 951 954 954 954 956 956 956 956 956 956
    956 959 959 962 962 962 962 964 964 964 964 964 967 967 967 967 967
    970 973 973 975 975 975 975 975 975 978 978 978 0 0 0 933 930 930
    930 930 930 935 935 938 938 940 940 940 943 943 943 946 946 946 946
    946 946 946 948 948 948 951 951 954 954 954 954 956 956 956 956 956
    956 956 959 959 962 962 962 962 964 964 964 964 964 967 967 967 967
    967 970 973 973 975 975 975 975 978 978 978 978 978 0 0 0 933 930
    930 930 930 933 935 935 938 940 940 940 940 943 943 946 946 946 946
    946 946 946 946 948 951 951 951 954 954 954 954 954 956 956 956 956
    956 956 956 959 959 962 962 962 962 964 964 964 964 964 967 967 967
    967 967 970 973 973 975 975 975 978 978 978 978 978 0 0 0 0 933 930
    930 930 933 933 935 935 938 940 940 940 940 943 943 946 946 946 946
    948 946 946 948 951 951 951 954 954 954 954 954 956 956 956 956 956
    956 956 956 959 962 962 962 962 964 964 964 964 964 967 967 967 967
    967 967 970 973 973 975 978 978 978 978 978 978 978 0 0 0 0 933 933
    933 933 933 933 935 935 938 940 940 940 940 943 943 946 946 946 946
    948 948 948 948 951 951 951 954 954 956 956 956 956 956 956 956 956
    956 956 956 962 962 962 964 964 964 964 964 964 964 967 967 967 967
    967 967 970 975 975 978 978 978 978 978 981 981 981 0 0 0 0 933 933
    933 933 933 935 935 935 938 940 940 940 940 943 943 946 946 946 946
    948 948 948 951 951 951 951 954 954 956 956 956 956 956 956 959 959
    959 959 959 962 962 964 964 964 964 964 964 967 967 967 967 967 967
    967 967 975 975 978 978 978 978 978 978 981 981 981 0 0 0 935 933
    933 933 933 933 938 938 938 938 938 940 940 940 943 943 946 946 946
    948 948 951 951 954 954 954 954 954 956 956 956 956 956 956 956 956
    959 959 959 959 962 962 964 964 964 964 967 967 967 967 967 967 967
    970 970 970 975 975 975 978 978 978 978 978 981 981 981 0 0 0 935
    933 933 933 933 933 938 938 938 938 938 940 940 940 943 943 946 946
    946 948 948 951 951 951 951 954 954 954 956 956 956 956 956 956 956
    956 962 962 962 962 962 962 964 964 964 964 967 967 967 967 967 967
    967 970 970 970 975 975 975 978 978 978 978 981 978 978 978 0 0 0
    930 930 933 933 933 933 935 935 935 935 938 940 940 943 946 946 946
    946 946 948 948 951 954 951 951 951 954 954 956 956 956 956 956 956
    956 959 962 962 962 962 962 962 964 964 964 964 967 967 967 967 967
    970 970 973 973 973 975 975 978 978 978 978 978 981 978 978 978 0 0
    0 930 930 935 935 933 933 935 935 935 935 938 940 940 943 946 946
    946 946 948 948 951 951 954 951 951 951 954 954 956 956 959 956 956
    956 956 959 962 962 962 962 962 962 964 964 964 964 967 967 967 967
    970 970 970 973 973 973 975 975 978 978 978 978 978 978 981 978 978
    0 0 0 0 938 935 935 935 935 935 935 935 935 938 940 940 943 946 946
    946 948 948 951 951 954 954 951 951 951 954 956 956 956 959 956 956
    956 959 959 962 962 962 962 962 964 964 967 967 967 967 967 967 967
    970 973 973 973 973 973 978 978 978 978 978 978 978 978 978 978 978
    0 0 0 0 938 935 935 935 935 935 935 935 938 940 940 943 943 946 946
    946 948 948 951 954 954 954 954 954 954 954 956 956 956 956 956 956
    956 959 962 962 962 962 962 962 964 967 967 967 967 967 967 967 970
    970 973 973 973 973 973 978 978 978 978 978 978 978 978 978 978 978
    0 0 0 0 938 935 935 935 935 938 935 935 938 940 940 943 943 946 946
    948 948 951 951 954 954 954 954 954 954 954 956 956 956 956 956 956
    956 959 962 962 962 962 962 964 964 967 967 967 967 967 970 970 970
    970 973 973 973 973 973 978 978 978 978 978 978 978 978 978 978 0 0
    0 0 0 938 935 935 935 935 938 938 938 940 940 943 943 943 946 948
    948 951 951 951 954 954 954 954 954 954 956 956 956 956 956 956 956
    959 962 962 962 962 962 962 964 964 967 967 967 967 967 970 970 970
    970 973 973 975 975 975 978 978 978 978 978 978 978 981 978 978 981
    0 0 0 943 935 933 933 935 935 938 938 938 940 940 943 943 943 948
    951 951 954 954 954 954 954 954 954 954 954 956 956 956 956 956 956
    956 959 962 962 964 962 962 962 964 964 964 967 967 967 967 967 970
    970 970 973 973 973 973 975 978 978 981 981 978 978 981 981 981 981
    981 0 0 0 943 935 933 933 935 935 938 938 938 940 940 943 943 943
    948 951 954 954 954 954 954 954 954 954 954 954 956 956 956 956 956
    959 959 962 962 964 964 964 964 964 964 964 964 967 967 967 967 967
    970 970 973 973 975 973 973 975 978 978 981 981 981 981 981 981 984
    987 0 0 0 0 943 938 938 935 935 935 938 940 940 940 943 943 943 943
    946 946 951 954 954 954 954 954 954 954 954 956 956 956 956 959 959
    959 959 962 962 964 964 964 964 964 964 964 964 967 967 967 967 967
    970 970 973 973 975 973 973 975 978 978 981 981 981 981 981 981 984
    989 0 0 0 0 940 938 935 935 935 938 938 940 940 940 943 943 943 943
    946 946 951 951 951 954 954 954 954 954 954 956 956 956 956 959 959
    959 959 962 962 964 964 967 964 964 964 967 967 967 970 967 967 967
    970 970 973 973 975 975 975 975 978 978 981 981 981 981 981 981 984
    989 0 0 0 0 940 938 935 935 935 938 938 940 940 940 940 943 943 943
    946 946 951 951 951 954 954 954 954 954 954 954 956 956 956 959 959
    959 962 962 962 964 964 967 967 967 967 967 967 970 970 967 967 970
    970 970 973 973 975 975 975 975 978 981 981 981 981 981 981 984 984
    987 0 0 0 0 940 938 935 935 935 938 938 940 940 940 940 943 943 943
    946 948 951 951 951 954 954 954 954 954 954 954 956 956 959 959 959
    959 959 959 962 964 964 967 967 967 967 967 970 970 970 970 970 970
    973 973 973 973 975 975 975 975 981 981 981 981 981 981 981 984 987
