<?xml version="1.0"?>
<opencv_storage>
<Depth8466 type_id="opencv-matrix">
  <rows>7</rows>
  <cols>40</cols>
  <dt>w</dt>
  <data>
    5832 5832 5832 5832 5832 5832 5832 5832 5734 5734 5734 5734 5832
    5832 5832 5734 5734 5734 5734 5734 5734 0 0 0 5734 5734 5832 5832
    6038 0 0 0 6259 6146 6146 6259 6375 6375 0 0 5832 5832 5734 5734
    5832 5832 5832 5734 5734 5734 5734 5734 5832 5734 5734 5734 5734
    5734 5734 5734 5734 5734 5734 5734 5734 5734 5734 5734 5832 5832
    6038 5933 5933 5933 5933 5933 6038 6146 0 0 5933 5832 5734 5734 5832
    5832 5832 5734 5734 5734 5734 5734 5734 5734 5734 5734 5734 5734
    5734 5734 5734 5734 5734 5734 5734 5734 5734 5734 5832 5832 5832
    5832 5832 5832 5734 5734 5734 5734 5734 5734 5933 5933 5832 5832
    5832 5832 5933 5734 5734 5734 5734 5734 5734 5734 5734 5734 5734
    5734 5734 5734 5734 5734 5734 5734 5734 5734 5734 5734 5734 5734
    5832 5734 5734 5640 5640 5640 5734 5640 5640 5734 6146 6038 6038
    6038 5832 5832 5933 5832 5734 5734 5734 5734 5734 5734 5734 5734
    5734 5734 5734 5734 5734 5734 5734 5734 5734 5734 5734 5734 5734
    5734 5734 5734 5640 5640 5640 5640 5640 5640 5640 5734 0 0 6889 6038
    0 6038 6038 5832 5734 5734 5734 5734 5734 5734 5734 5734 5734 5832
    5734 5734 5734 5734 5734 5734 5734 5734 5734 5734 5734 5734 5734
    5640 5640 5640 5548 5548 5640 5548 5548 5734 0 0 0 0 0 7332 7332
    6889 6889 7030 7030 7030 7030 7030 0 7178 7178 7178 7178 5734 5734
    5734 5734 5734 5734 5734 5734 5734 5640 5640 5640 5640 5640 5640
    5548 5548 5548 5548 5548 5734</data></Depth8466>
</opencv_storage>
