<?xml version="1.0"?>
<opencv_storage>
<Depth6855 type_id="opencv-matrix">
  <rows>70</rows>
  <cols>34</cols>
  <dt>w</dt>
  <data>
    3816 3816 2835 2789 2767 2744 1359 1359 1365 1359 1359 1370 1376
    1370 1370 1365 1365 1365 1365 1365 1365 1365 1365 1359 1359 1359
    1359 3732 3732 3732 3692 3692 3692 3692 3816 3816 3816 2767 2767
    1381 1359 1359 1365 1365 1365 1365 1365 1365 1365 1365 1365 1365
    1359 1359 1365 1359 1359 1359 1354 1354 1354 1354 3732 3732 3692
    3692 3692 3692 3816 3816 3816 1381 1381 1381 1370 1370 1365 1359
    1359 1359 1359 1359 1359 1359 1359 1359 1359 1359 1359 1359 1359
    1359 1354 1354 1354 1354 1359 3692 3692 3692 3692 3692 3816 3816 0
    1392 1381 1381 1370 1370 1365 1359 1359 1359 1359 1359 1359 1359
    1359 1359 1359 1359 1359 1359 1359 1354 1354 1354 1354 1359 1359
    3692 3692 3692 3692 3692 3816 3816 0 1392 1392 1381 1370 1365 1359
    1359 1359 1359 1359 1359 1359 1359 1359 1359 1354 1354 1354 1354
    1354 1354 1354 1354 1359 1359 1359 3653 3653 3653 3692 3692 3816
    3816 1410 1392 1392 1381 1365 1359 1359 1359 1359 1359 1359 1359
    1359 1354 1354 1354 1354 1354 1354 1354 1354 1354 1354 1354 1359
    1359 1359 3653 3653 3653 3692 3692 0 0 1410 1410 1398 1381 1365 1354
    1354 1354 1359 1359 1354 1354 1354 1354 1354 1354 1354 1354 1354
    1349 1349 1354 1354 1354 1354 1354 1354 3653 3653 3653 3653 3653 0
    1427 1427 1410 1398 1381 1354 1354 1354 1354 1354 1354 1354 1354
    1354 1354 1354 1354 1354 1354 1354 1349 1349 1349 1349 1349 1349
    1354 1354 3653 3653 3614 3614 3653 3816 1427 1427 1410 1398 1387
    1354 1354 1354 1354 1354 1354 1354 1349 1349 1349 1349 1349 1354
    1354 1354 1349 1349 1349 1349 1349 1349 1349 1354 3653 3653 3614
    3614 3653 0 1427 1427 1421 1415 1387 1354 1349 1349 1349 1349 1349
    1349 1349 1349 1349 1349 1349 1349 1354 1349 1349 1349 1349 1349
    1349 1354 1354 1354 3653 3653 3614 3614 3614 3539 1421 1421 1421
    1415 1415 1354 1349 1349 1349 1349 1349 1349 1343 1343 1343 1343
    1343 1349 1349 1349 1343 1343 1343 1349 1349 1354 1354 1354 1354
    3614 3614 3614 3614 3539 3503 1415 1421 1421 1421 1354 1349 1349
    1349 1349 1349 1349 1343 1343 1338 1338 1338 1343 1343 1343 1338
    1338 1343 1343 1343 1349 1354 1354 0 3614 3614 3614 3614 3503 0 1415
    1415 1415 1415 1354 1349 1349 1343 1343 1343 1343 1343 1338 1338
    1338 1338 1338 1338 1338 1338 1338 1338 1343 1343 1343 1343 1343 0
    3576 3576 3576 3653 3503 3503 1415 1415 1415 1398 1349 1338 1338
    1338 1338 1338 1338 1338 1338 1338 1338 1338 1338 1338 1338 1338
    1338 1338 1338 1338 1338 1338 1338 0 3576 3576 3576 3653 3539 1445
    1445 1421 1415 1349 1343 1338 1338 1338 1338 1338 1338 1338 1338
    1338 1338 1338 1338 1338 1338 1338 1338 1338 1338 1338 1338 1338
    1338 1328 3692 3692 3653 3653 0 1445 1445 1427 1415 1349 1343 1338
    1338 1333 1333 1333 1333 1333 1333 1338 1338 1333 1333 1333 1333
    1333 1333 1333 1333 1333 1333 1328 1328 1328 3692 3692 3653 3614
    1529 1445 1445 1427 1415 1349 1343 1338 1338 1333 1333 1333 1333
    1333 1333 1333 1333 1333 1333 1333 1333 1333 1333 1333 1333 1333
    1333 1328 1328 1328 1328 3614 3614 3614 1529 1496 1458 1452 1415
    1410 1349 1338 1338 1333 1333 1333 1333 1333 1333 1333 1333 1333
    1333 1333 1333 1333 1333 1328 1328 1333 1328 1328 1328 1328 0 3539
    3539 3539 1529 1496 1470 1458 1427 1427 1343 1338 1338 1333 1333
    1333 1333 1328 1328 1328 1328 1333 1333 1328 1328 1328 1328 1328
    1328 1328 1328 1328 1328 1328 3576 3539 3539 3539 1529 1496 1489
    1458 1433 1433 1343 1338 1338 1333 1333 1333 1333 1328 1328 1328
    1328 1328 1328 1328 1328 1328 1328 1322 1322 1322 1328 1328 1328
    1328 3576 3576 3539 3539 1523 1503 1489 1470 1445 1445 1343 1338
    1333 1333 1333 1333 1333 1328 1328 1328 1328 1328 1322 1322 1322
    1322 1322 1322 1322 1322 1322 1322 1322 1322 3576 3576 3576 3576
    1523 1496 1477 1458 1439 1439 1343 1333 1328 1328 1328 1333 1333
    1328 1328 1328 1328 1328 1322 1322 1322 1322 1322 1317 1317 1322
    1322 1322 1322 1322 3576 3576 3576 3576 1509 1496 1477 1445 1404
    1398 1343 1333 1328 1328 1328 1328 1328 1328 1328 1322 1322 1328
    1322 1322 1322 1322 1322 1317 1317 1322 1322 1322 1322 1322 3539
    3539 3539 3576 1509 1496 1477 1445 1404 1359 1343 1333 1322 1322
    1322 1322 1322 1322 1322 1322 1322 1322 1322 1322 1322 1322 1322
    1317 1317 1322 1322 1322 1322 1322 1322 3539 3539 3576 1496 1496
    1477 1464 1398 1354 1338 1333 1322 1322 1317 1317 1317 1317 1317
    1317 1317 1317 1317 1317 1322 1322 1322 1322 1322 1322 1317 1317
    1312 1312 1312 3576 3576 3576 0 0 0 0 1398 1354 1338 1333 1328 1317
    1317 1317 1317 1317 1317 1317 1317 1317 1317 1317 1317 1317 1317
    1317 1322 1322 1317 1317 1312 1312 1312 3576 3576 3576 0 0 0 0 0
    1354 1338 1333 1328 1317 1317 1317 1317 1317 1317 1317 1317 1312
    1312 1317 1317 1317 1317 1317 1317 1317 1312 1312 1312 1312 1312
    3539 3539 3539 0 0 0 0 0 1354 1338 1328 1322 1317 1317 1317 1317
    1317 1317 1317 1317 1312 1312 1312 1312 1312 1312 1312 1312 1312
    1312 1312 1312 1302 1302 1302 3539 3539 0 0 0 0 1421 1421 1338 1328
    1322 1317 1317 1317 1317 1317 1312 1312 1312 1312 1312 1312 1312
    1312 1312 1312 1312 1312 1312 1312 1312 1302 1302 1302 2723 2723 0 0
    0 0 1421 1338 1338 1333 1328 1317 1317 1317 1312 1312 1312 1312 1312
    1312 1312 1312 1312 1312 1312 1312 1312 1312 1312 1307 1307 1302
    1302 1302 2723 2701 0 0 0 0 0 1338 1338 1333 1328 1317 1312 1312
    1312 1312 1312 1312 1312 1312 1312 1312 1312 1312 1312 1307 1307
    1307 1307 1307 1307 1302 1302 1302 2701 2701 0 0 0 0 0 1354 1343
    1333 1322 1317 1312 1312 1312 1312 1312 1312 1312 1312 1312 1307
    1307 1307 1307 1307 1307 1307 1307 1307 1307 1307 1307 1307 2701
    2701 0 0 0 0 0 1359 1343 1328 1317 1317 1312 1312 1312 1312 1307
    1307 1307 1312 1302 1302 1302 1302 1302 1307 1302 1302 1302 1302
    1302 1302 1307 1307 2680 2680 0 0 0 0 0 1365 1349 1322 1317 1312
    1312 1312 1312 1307 1307 1302 1302 1302 1302 1302 1302 1302 1297
    1297 1297 1297 1297 1297 1297 1302 1307 1307 2680 2680 0 0 0 0 0 0
    1349 1322 1317 1312 1312 1307 1307 1307 1302 1302 1297 1297 1302
    1297 1297 1297 1297 1297 1297 1297 1297 1297 1297 1297 1302 1302
    2680 2680 0 0 0 0 0 0 1349 1328 1317 1312 1302 1297 1297 1302 1302
    1297 1297 1297 1297 1297 1297 1297 1297 1297 1297 1297 1297 1297
    1297 1297 1297 1297 2680 2680 0 0 0 0 0 0 1349 1328 1317 1307 1297
    1297 1297 1297 1297 1297 1297 1297 1297 1297 1297 1297 1297 1292
    1292 1297 1297 1297 1297 1292 1292 1292 2680 2680 0 0 0 0 0 0 1349
    1328 1317 1307 1297 1297 1297 1297 1297 1297 1297 1297 1297 1297
    1297 1297 1297 1292 1292 1292 1292 1292 1292 1292 1292 1292 2680
    2680 0 0 0 0 0 0 0 1328 1312 1302 1297 1297 1297 1297 1297 1297 1297
    1292 1292 1297 1297 1292 1292 1292 1292 1292 1292 1292 1292 1292
    1292 1292 2680 2680 0 0 0 0 0 0 0 1328 1312 1297 1297 1297 1297 1292
    1292 1297 1297 1292 1292 1292 1292 1292 1292 1292 1292 1292 1292
    1292 1292 1292 1292 1292 2680 2680 0 0 0 0 0 0 0 1333 1302 1297 1297
    1297 1297 1292 1292 1292 1292 1292 1292 1292 1292 1292 1292 1292
    1292 1292 1292 1292 1288 1288 1288 1288 2659 2659 0 0 0 0 0 0 0 1328
    1302 1297 1297 1292 1292 1292 1292 1292 1292 1292 1292 1292 1292
    1292 1292 1292 1292 1292 1288 1288 1283 1283 1283 1283 2659 2659 0 0
    1477 1477 0 0 0 1317 1307 1297 1292 1292 1292 1292 1292 1292 1292
    1292 1292 1292 1292 1292 1292 1288 1288 1288 1288 1288 1283 1283
    1283 1288 1288 2659 1496 1496 1477 1477 0 1317 1317 1317 1307 1297
    1292 1288 1288 1292 1292 1292 1292 1292 1292 1292 1292 1292 1292
    1288 1283 1283 1283 1283 1283 1283 1283 1288 1288 2659 2723 1496
    1496 1496 1489 1317 1317 1317 1307 1297 1288 1288 1288 1288 1288
    1292 1288 1288 1288 1288 1292 1292 1292 1288 1283 1283 1283 1283
    1283 1283 1283 1283 2659 2659 2701 1496 1489 1489 1489 1312 1322
    1322 1307 1292 1288 1283 1283 1283 1283 1283 1283 1288 1288 1288
