<?xml version="1.0"?>
<opencv_storage>
<Depth7231 type_id="opencv-matrix">
  <rows>93</rows>
  <cols>66</cols>
  <dt>w</dt>
  <data>
    4983 4983 4983 4983 5056 5056 5056 5056 5056 5132 5132 5132 5210
    5210 5210 5210 5210 5210 5291 5291 5374 5374 5374 5374 5374 5374
    5374 5460 5460 5374 5374 5374 5291 5210 5210 5210 5291 5291 5210
    5210 5210 1312 1312 1307 1307 5210 5210 5210 4911 4911 4911 4983
    4983 4983 4983 4983 4983 4983 4911 4911 4842 4842 4774 4774 4774
    4774 4983 4983 4983 4983 4983 5056 5056 5056 5056 5132 5132 5132
    5132 5132 5210 5210 5210 5210 5291 5374 5374 5374 5374 5374 5374
    5374 5374 5374 5374 5374 5374 5291 5291 5210 5210 5210 5291 5291
    5210 5210 1322 1312 1312 1312 1312 1317 1317 4911 4911 4911 4911
    4983 4983 4983 5056 4983 4983 4983 4983 4911 4842 4842 4774 4774
    4774 4774 4983 4983 4983 4983 4983 4983 5056 5056 5056 5132 5132
    5132 5132 5132 5210 5210 5210 5210 5291 5291 5291 5374 5374 5374
    5374 5374 5374 5374 5374 5374 5374 5291 5210 5210 5210 5210 1259
    5291 5291 5210 1312 1307 1307 1307 1312 1312 1312 1322 1328 4911
    4911 4983 4911 4911 5056 4983 4983 4983 4983 4983 4911 4842 4774
    4774 4774 4774 4911 4983 4983 4983 4983 4983 5056 5056 5056 5132
    5132 5132 5132 5132 5210 5210 5210 5210 5291 5291 5291 5374 5374
    5374 5374 5374 5374 5374 5460 5374 5374 5210 5210 5210 1268 1259
    1259 1259 1259 1259 1312 1297 1297 1297 1302 1307 1312 1312 1317
    1317 1317 4911 4911 4911 5056 5056 5056 4983 4983 4983 4983 4842
    4842 4842 4774 4774 4911 4983 4983 4983 4983 4983 5056 5056 5056
    5132 5132 5132 5132 5132 5210 5210 5210 5210 5291 5291 5291 5374
    5374 5374 5374 5460 5374 5374 5460 5460 5374 5210 1273 1268 1264
    1259 1255 1255 1255 1255 1259 1268 1278 1288 1297 1307 1312 1312
    1317 1317 1317 4983 4983 4983 5056 4983 4983 4983 4983 4983 4983
    4983 4983 4911 4842 4842 4911 4911 4911 4983 4983 4983 5056 5056
    5056 5132 5132 5132 5132 5132 5210 5210 5210 5210 5291 5291 5374
    5374 5374 5374 5374 5460 5460 1288 1288 1288 1278 1273 1273 1268
    1264 1259 1255 1255 1255 1255 1259 1264 1273 1278 1292 1302 1307
    1312 1312 1312 1312 1312 5056 5056 5056 4983 4983 4983 4983 4983
    4983 4983 4911 4911 4842 4774 4911 4911 4911 4983 4983 4983 5056
    5056 5056 5132 5132 5132 5132 5132 5132 5132 5210 5210 5291 5291
    5374 5374 5460 5460 1292 1288 1288 1288 1283 1283 1278 1273 1273
    1268 1264 1259 1255 1255 1255 1255 1259 1264 1273 1278 1288 1297
    1302 1312 1312 1312 1312 1317 5056 5056 5056 5056 4983 4983 4983
    4983 4983 4983 4842 4842 4774 4774 4911 4911 4911 4983 4983 4983
    5056 5056 5056 5132 5132 5132 5132 5132 5132 5132 5210 5210 5291
    5291 5374 1307 1302 1292 1292 1288 1288 1288 1283 1283 1278 1273
    1268 1268 1264 1259 1255 1255 1255 1255 1259 1264 1273 1278 1288
    1292 1302 1307 1312 1312 1317 0 5056 5056 5056 5056 4983 4983 4983
    4983 4983 4983 4842 4842 4774 4774 4911 4911 4911 4983 4983 4983
    5056 5056 5132 5132 5210 5132 5132 5210 5210 1333 1333 1333 1317
    1317 1312 1307 1302 1292 1292 1288 1288 1288 1288 1283 1278 1273
    1268 1268 1264 1259 1255 1255 1255 1255 1255 1264 1268 1278 1288
    1292 1292 1302 1307 1307 1312 1312 1312 5056 5056 4983 4983 4983
    4983 4983 4983 4983 4983 4842 4774 4774 4911 4911 4911 1392 1387
    1381 1381 1381 5132 5132 5210 5210 5210 5210 1333 1333 1333 1328
    1317 1317 1312 1307 1307 1302 1297 1292 1292 1288 1288 1283 1278
    1273 1268 1268 1264 1259 1255 1255 1255 1255 1255 1264 1268 1278
    1283 1292 1292 1297 1307 1307 1312 1312 0 4983 4983 4983 4983 4983
    4983 4983 4983 4983 4983 4911 4842 4842 4911 4911 1392 1392 1387
    1381 1381 1370 1365 1359 1354 1343 1338 1338 1333 1333 1333 1328
    1322 1317 1312 1312 1307 1302 1302 1297 1292 1288 1288 1283 1278
    1278 1268 1268 1264 1259 1255 1255 1255 1255 1255 1259 1268 1273
    1283 1288 1292 1292 1307 1307 1312 1312 0 4983 4983 4983 4983 4983
    4983 4983 4983 4983 4911 4911 4911 4842 4911 4911 1392 1387 1381
    1381 1370 1370 1365 1359 1354 1343 1338 1338 1333 1333 1333 1328
    1322 1317 1312 1312 1307 1302 1302 1297 1292 1292 1288 1283 1283
    1273 1268 1268 1264 1264 1259 1255 1255 1255 1255 1259 1264 1273
    1278 1288 1288 1292 1302 1307 1312 1312 1317 4983 4983 4983 4983
    4983 4983 4983 4983 4911 4911 4911 4911 4842 1392 1392 1387 1381
    1381 1381 1370 1365 1365 1359 1354 1349 1343 1343 1338 1333 1333
    1328 1322 1312 1312 1307 1307 1307 1302 1297 1292 1292 1288 1288
    1283 1273 1268 1264 1264 1264 1259 1255 1255 1255 1255 1259 1264
    1268 1273 1283 1288 1292 1297 1307 1312 1317 1317 1317 4983 4983
    4983 4983 4983 4983 4983 4911 4911 4911 4911 4842 1392 1392 1387
    1381 1376 1370 1365 1365 1359 1354 1354 1349 1343 1343 1338 1333
    1333 1333 1328 1312 1312 1307 1307 1307 1302 1297 1292 1292 1288
    1288 1283 1278 1268 1264 1264 1264 1259 1255 1255 1255 1255 1259
    1264 1268 1273 1278 1288 1292 1297 1302 1312 1317 1317 1317 1317
    5056 5056 5056 5056 4983 4983 4911 4911 4911 4911 4842 1392 1392
    1387 1381 1376 1370 1365 1365 1359 1354 1349 1349 1343 1343 1338
    1338 1338 1333 1328 1317 1312 1312 1307 1307 1302 1297 1292 1292
    1288 1288 1283 1273 1268 1268 1268 1264 1259 1255 1255 1255 1255
    1255 1264 1268 1273 1273 1283 1292 1297 1302 1312 1317 1317 1317 0
    4983 4983 4983 5056 5056 4983 4983 4911 4911 4911 4842 1392 1392
    1387 1387 1376 1376 1365 1365 1359 1354 1349 1349 1343 1343 1338
    1338 1333 1333 1322 1317 1312 1312 1307 1307 1302 1297 1292 1292
    1288 1288 1283 1273 1273 1268 1268 1264 1259 1255 1255 1255 1255
    1255 1259 1268 1273 1273 1283 1292 1297 1302 1312 1317 1317 1317
    1322 4983 4983 4983 4983 5056 4983 4983 4911 4911 4842 4842 1398
    1392 1387 1387 1376 1370 1370 1365 1359 1354 1349 1349 1343 1343
    1343 1338 1333 1333 1322 1317 1317 1312 1307 1307 1302 1297 1292
    1292 1292 1288 1288 1273 1273 1268 1268 1264 1259 1255 1255 1255
    1255 1255 1255 1264 1268 1273 1278 1288 1297 1297 1312 1312 1317
    1322 1322 4983 4983 4983 4983 4983 4983 4983 4911 4911 4842 4842
    1398 1392 1387 1387 1376 1370 1370 1365 1359 1354 1349 1349 1343
    1343 1343 1338 1338 1333 1322 1317 1317 1312 1312 1307 1302 1302
    1297 1292 1292 1288 1283 1278 1273 1273 1268 1264 1259 1255 1255
    1250 1250 1250 1255 1264 1268 1273 1278 1288 1292 1297 1307 1312
    1317 1317 1317 0 4983 4983 4983 4983 4983 4983 4911 4911 4842 4842
    1398 1392 1387 1387 1376 1370 1370 1365 1359 1354 1349 1349 1343
    1343 1343 1343 1338 1333 1328 1322 1317 1317 1312 1307 1307 1302
    1297 1292 1288 1288 1283 1278 1273 1273 1268 1264 1259 1255 1255
    1250 1250 1250 1255 1264 1268 1273 1273 1283 1292 1297 1307 1312
    1317 1317 1317 0 4983 4983 4983 4983 4983 4983 4911 4911 4842 4842
    1392 1392 1387 1387 1376 1370 1365 1365 1359 1354 1349 1349 1349
    1349 1349 1343 1338 1333 1328 1322 1317 1317 1312 1307 1307 1302
    1297 1292 1288 1288 1283 1278 1273 1273 1268 1268 1259 1255 1255
    1250 1250 1250 1250 1259 1264 1268 1273 1278 1288 1292 1307 1312
    1317 1317 1317 0 5056 5056 5056 5056 4983 4983 4983 4911 4842 4842
    1392 1392 1387 1387 1381 1370 1365 1365 1359 1359 1354 1349 1349
    1349 1349 1343 1338 1328 1328 1322 1317 1317 1312 1312 1307 1302
    1297 1292 1288 1288 1283 1278 1273 1273 1268 1268 1259 1255 1255
    1250 1250 1250 1250 1255 1259 1268 1273 1273 1283 1292 1302 1312
    1312 1312 1317 1317 1317 5056 5056 5056 4983 4983 4911 4911 4842
    4842 1398 1398 1392 1387 1381 1370 1370 1365 1359 1359 1354 1349
    1349 1349 1349 1343 1338 1328 1328 1322 1317 1317 1312 1312 1307
    1302 1297 1292 1292 1288 1283 1278 1273 1273 1268 1268 1264 1259
    1255 1255 1250 1250 1250 1250 1255 1264 1268 1273 1278 1283 1297
    1307 1312 1312 1312 1312 0 5056 5056 5056 4983 4983 4911 4911 4842
    4842 1392 1392 1387 1387 1381 1370 1370 1365 1365 1359 1354 1354
    1349 1349 1349 1343 1338 1328 1328 1322 1317 1317 1312 1312 1307
