<?xml version="1.0"?>
<opencv_storage>
<Depth8440 type_id="opencv-matrix">
  <rows>23</rows>
  <cols>8</cols>
  <dt>w</dt>
  <data>
    6889 4582 4582 4582 4522 4522 4463 4463 6889 4582 4582 4522 4522
    4522 4463 4405 6889 4582 4522 4522 4522 4522 4463 4405 6889 4522
    4522 4522 4522 4522 4463 4463 6889 4522 4522 4522 4522 4522 4522
    4463 4582 4582 4522 4522 4522 4522 4522 4522 4582 4582 4522 4522
    4522 4522 4522 4463 4582 4582 4522 4522 4522 4522 4463 4405 4582
    4582 4522 4522 4522 4522 4463 4405 4582 4582 4522 4522 4522 4522
    4522 4463 4582 4582 4582 4582 4582 4522 4522 4522 4582 4582 4582
    4582 4582 4582 4522 4522 4582 4582 4582 4582 4582 4582 4522 4522
    4582 4582 4522 4522 4522 4522 4522 4522 4582 4582 4522 4522 4522
    4522 4522 4522 4582 4582 4522 4522 4522 4522 4522 4522 4582 4582
    4522 4522 4522 4522 4522 4522 4582 4522 4522 4522 4522 4522 4522
    4522 4582 4522 4522 4522 4522 4522 4582 4582 4582 4522 4522 4522
    4522 4522 4582 4582 4582 4522 4522 4522 4522 4522 4582 4582 4522
    4522 4522 4522 4522 4522 4522 4522 4522 4522 4522 4522 4522 4522
    4522 4522</data></Depth8440>
</opencv_storage>
