<?xml version="1.0"?>
<opencv_storage>
<Depth11710 type_id="opencv-matrix">
  <rows>71</rows>
  <cols>46</cols>
  <dt>w</dt>
  <data>
    4522 4522 4582 4582 1564 1564 4522 4645 4645 4645 4582 4582 4645
    4645 4645 4645 4645 4645 4645 4645 4645 1601 1601 4708 4708 4708
    4708 4708 4708 4708 4645 4645 4645 4645 4645 4645 1609 1609 1609
    1594 1594 1594 1594 4911 4911 4911 4522 4522 4582 1572 1564 1564
    4522 4522 4645 4645 4645 4645 4645 4645 4645 4645 4645 4645 1601
    1601 1601 1601 1601 1601 1601 1601 1601 1601 1609 1601 1601 1594
    1594 1594 1594 1594 1601 1601 1609 1586 1586 1586 1550 4911 4911
    4842 4522 4522 1586 1572 1557 1557 1557 1557 1609 1609 1609 1601
    1601 1594 1594 1601 1601 1594 1579 1579 1601 1601 1601 1594 1586
    1586 1586 1579 1579 1557 1557 1557 1572 1557 1550 1550 1586 1586
    1594 1557 1550 1550 1550 4911 4911 4842 4522 4522 1586 1564 1557
    1550 1550 1550 1601 1601 1601 1594 1594 1579 1557 1557 1557 1557
    1557 1557 1572 1572 1579 1557 1557 1557 1557 1550 1550 1550 1550
    1550 1550 1543 1543 1543 1550 1557 1557 1550 1543 1536 1536 1536
    1536 4911 4522 4522 1564 1550 1550 1550 1550 1550 1557 1557 1557
    1557 1557 1557 1550 1550 1550 1543 1543 1550 1550 1550 1550 1550
    1550 1543 1543 1543 1536 1536 1536 1536 1543 1536 1536 1536 1543
    1543 1536 1536 1536 1529 1529 1529 1529 4983 4522 4522 1550 1550
    1543 1543 1543 1550 1550 1550 1550 1550 1550 1550 1543 1543 1543
    1543 1543 1543 1543 1543 1536 1536 1543 1536 1536 1529 1529 1529
    1536 1536 1529 1529 1529 1529 1536 1536 1536 1529 1529 1529 1529
    1529 1529 4911 1557 1557 1550 1543 1543 1543 1543 1543 1543 1543
    1543 1543 1543 1543 1536 1536 1536 1536 1536 1536 1536 1536 1529
    1529 1529 1529 1529 1529 1523 1523 1529 1529 1529 1529 1529 1529
    1529 1536 1529 1529 1529 1529 1529 1523 1523 1523 1557 1550 1550
    1543 1543 1543 1543 1543 1543 1536 1536 1536 1536 1536 1536 1529
    1529 1529 1529 1536 1529 1529 1529 1523 1523 1529 1529 1529 1523
    1523 1529 1529 1529 1529 1529 1529 1529 1529 1529 1529 1523 1523
    1523 1523 1523 1523 1557 1550 1543 1543 1543 1543 1543 1543 1543
    1536 1536 1536 1536 1529 1529 1529 1529 1529 1529 1536 1529 1529
    1523 1523 1523 1523 1523 1523 1523 1523 1529 1529 1529 1529 1529
    1523 1523 1529 1529 1529 1523 1523 1523 1523 1523 4911 1550 1550
    1543 1543 1543 1543 1543 1543 1536 1536 1536 1529 1529 1529 1529
    1529 1529 1529 1529 1529 1529 1529 1523 1523 1523 1523 1523 1523
    1523 1523 1529 1529 1529 1523 1523 1523 1523 1529 1529 1529 1523
    1523 1523 1523 1523 4911 1550 1543 1543 1543 1543 1543 1543 1536
    1536 1536 1529 1529 1529 1529 1529 1529 1529 1529 1529 1529 1529
    1529 1529 1523 1523 1523 1523 1523 1523 1523 1529 1529 1523 1523
    1523 1523 1523 1529 1523 1523 1523 1523 1523 1523 1523 4983 1536
    1536 1536 1536 1536 1536 1536 1536 1536 1536 1529 1529 1529 1529
    1529 1529 1529 1529 1529 1529 1529 1529 1529 1529 1529 1523 1523
    1523 1523 1523 1523 1523 1523 1523 1523 1523 1523 1529 1523 1523
    1523 1523 1523 1523 1523 1523 1536 1536 1536 1536 1536 1529 1529
    1536 1536 1536 1536 1529 1529 1529 1529 1536 1529 1529 1529 1523
    1523 1523 1529 1529 1523 1523 1523 1523 1523 1523 1523 1523 1523
    1523 1523 1523 1523 1529 1529 1523 1523 1523 1523 1523 1523 1523
    1536 1536 1536 1529 1529 1529 1529 1529 1529 1529 1536 1529 1529
    1529 1529 1529 1529 1529 1529 1523 1523 1523 1529 1529 1523 1523
    1523 1523 1523 1523 1523 1523 1523 1523 1523 1523 1523 1529 1529
    1523 1523 1529 1523 1523 1523 1523 1536 1536 1536 1529 1529 1529
    1529 1529 1529 1529 1536 1536 1529 1529 1529 1529 1529 1529 1529
    1523 1523 1523 1523 1523 1523 1523 1523 1523 1523 1523 1523 1523
    1523 1523 1523 1523 1523 1529 1529 1523 1523 1529 1523 1523 1523
    1523 1536 1536 1536 1536 1536 1536 1536 1529 1529 1529 1529 1529
    1529 1529 1529 1529 1529 1529 1529 1523 1523 1523 1523 1523 1523
    1523 1523 1523 1523 1523 1523 1523 1523 1523 1523 1523 1523 1529
    1529 1529 1529 1529 1523 1523 1523 1523 1536 1536 1536 1536 1536
    1536 1536 1529 1529 1529 1529 1529 1529 1529 1529 1529 1529 1529
    1523 1523 1523 1523 1523 1523 1523 1523 1523 1523 1523 1523 1523
    1523 1523 1523 1523 1523 1523 1529 1529 1529 1529 1523 1523 1523
    1523 1523 1536 1536 1536 1536 1536 1536 1536 1536 1536 1529 1529
    1529 1529 1523 1523 1523 1523 1523 1523 1523 1523 1523 1523 1523
    1523 1523 1523 1523 1523 1523 1523 1523 1523 1523 1523 1523 1523
    1529 1529 1529 1529 1523 1523 1523 1523 1523 1536 1536 1536 1536
    1536 1536 1536 1536 1536 1529 1529 1529 1529 1523 1523 1523 1523
    1523 1523 1523 1523 1523 1523 1523 1523 1523 1523 1523 1523 1523
    1523 1523 1523 1516 1516 1516 1516 1523 1523 1523 1523 1523 1523
    1523 1523 1523 1536 1536 1536 1536 1536 1543 1536 1536 1536 1529
    1529 1529 1529 1523 1523 1523 1523 1523 1523 1523 1523 1523 1523
    1523 1523 1523 1523 1523 1529 1523 1523 1523 1523 1516 1516 1516
    1516 1523 1523 1523 1523 1523 1516 1516 1516 1516 1536 1536 1536
    1536 1536 1543 1536 1536 1529 1529 1529 1529 1529 1523 1523 1523
    1523 1523 1523 1523 1523 1523 1523 1523 1523 1523 1523 1523 1529
    1523 1523 1523 1523 1516 1516 1516 1516 1523 1523 1523 1523 1523
    1516 1516 1516 1516 1543 1543 1536 1536 1536 1536 1536 1536 1529
    1529 1529 1529 1529 1529 1529 1529 1523 1523 1523 1523 1523 1523
    1523 1523 1523 1523 1523 1523 1523 1523 1523 1523 1523 1523 1523
    1523 1523 1523 1523 1523 1523 1523 1516 1516 1516 1516 1543 1543
    1536 1536 1536 1536 1536 1536 1529 1529 1529 1529 1529 1529 1529
    1529 1523 1523 1523 1523 1523 1523 1523 1523 1523 1523 1523 1523
    1523 1523 1523 1523 1523 1523 1523 1523 1523 1529 1523 1523 1523
    1523 1516 1516 1516 1516 1543 1543 1536 1536 1536 1529 1529 1529
    1529 1529 1529 1529 1529 1536 1529 1529 1523 1523 1523 1523 1523
    1523 1523 1523 1523 1523 1523 1523 1523 1523 1523 1523 1523 1523
    1523 1523 1523 1529 1523 1523 1523 1523 1523 1516 1516 1516 1543
    1543 1536 1536 1529 1529 1529 1529 1529 1529 1529 1529 1529 1529
    1529 1529 1523 1523 1523 1523 1523 1523 1523 1523 1523 1523 1523
    1523 1523 1523 1523 1523 1523 1523 1523 1523 1523 1529 1523 1523
    1523 1523 1523 1523 1523 1523 1550 1543 1536 1536 1529 1529 1529
    1529 1536 1529 1529 1529 1529 1529 1529 1523 1523 1523 1523 1523
    1529 1523 1523 1523 1523 1523 1523 1523 1523 1523 1523 1523 1523
    1523 1523 1523 1523 1529 1523 1523 1523 1523 1523 1523 1523 1523
    1550 1543 1536 1536 1529 1529 1529 1529 1536 1529 1529 1529 1529
    1523 1523 1523 1523 1523 1523 1523 1523 1523 1523 1523 1523 1523
    1523 1523 1523 1523 1523 1523 1523 1523 1523 1523 1523 1529 1523
    1523 1523 1523 1523 1523 1523 1523 1550 1536 1536 1536 1536 1529
    1529 1529 1529 1529 1529 1529 1529 1523 1523 1523 1523 1523 1523
    1523 1523 1523 1523 1523 1523 1523 1523 1523 1523 1523 1523 1523
    1523 1523 1523 1523 1523 1523 1523 1523 1523 1523 1523 1523 1523
    1523 1543 1529 1529 1529 1529 1529 1529 1529 1529 1529 1529 1529
    1529 1523 1523 1523 1523 1523 1523 1523 1523 1523 1523 1523 1523
    1523 1523 1523 1523 1523 1523 1523 1523 1523 1523 1523 1523 1523
    1523 1523 1523 1523 1523 1523 1523 1523 1543 1529 1529 1529 1529
    1529 1529 1523 1523 1529 1529 1529 1523 1523 1523 1523 1523 1523
    1523 1523 1523 1523 1523 1523 1523 1523 1523 1523 1523 1523 1523
    1523 1523 1523 1523 1523 1523 1529 1523 1523 1523 1523 1523 1516
    1516 1516 1529 1529 1529 1529 1529 1529 1529 1523 1523 1529 1529
    1529 1523 1523 1523 1523 1523 1523 1523 1523 1523 1523 1523 1523
    1523 1523 1523 1523 1523 1523 1523 1523 1523 1523 1523 1523 1523
    1529 1529 1523 1523 1523 1523 1516 1509 1509 1536 1536 1536 1536
    1529 1529 1529 1529 1529 1529 1529 1529 1529 1523 1523 1523 1523
    1523 1523 1523 1523 1523 1523 1523 1523 1523 1523 1523 1523 1523
    1523 1523 1523 1523 1523 1523 1523 1523 1523 1523 1523 1523 1523
    1516 1509 1509 1536 1536 1536 1536 1536 1529 1529 1529 1529 1529
