<?xml version="1.0"?>
<opencv_storage>
<Depth19313 type_id="opencv-matrix">
  <rows>64</rows>
  <cols>31</cols>
  <dt>w</dt>
  <data>
    2933 1981 1981 1981 1981 1970 1970 1959 1959 1959 1959 1959 1959
    1959 1959 1947 1947 1947 1936 1936 1936 1936 3732 3732 3732 3732
    3732 3692 3692 3692 3692 1993 1993 1981 1981 1981 1970 1970 1970
    1959 1959 1959 1959 1959 1959 1959 1959 1947 1947 1947 1947 1947
    1947 3732 3732 3732 3732 3732 3732 3732 3732 3692 1993 1993 1981
    1981 1981 1981 1981 1970 1959 1959 1959 1959 1959 1959 1959 1959
    1959 1959 1947 1947 1947 3732 3732 3732 3732 3732 3732 3774 3732
    3732 3732 2028 1993 1993 1981 1981 1970 1970 1970 1959 1959 1959
    1959 1959 1959 1959 1959 1959 1959 1959 1959 1959 3732 3732 3732
    3774 3774 3774 3774 3774 3774 3732 2028 1993 1993 1993 1981 1970
    1970 1970 1970 1970 1970 1970 1959 1959 1959 1959 1970 1981 1970
    1970 1970 3774 3774 3774 3774 3774 3774 3774 3816 3774 3774 2028
    2028 2016 1993 1981 1970 1970 1970 1970 1970 1981 1981 1981 1981
    1981 1981 1981 1981 1981 3994 3948 3774 3774 3774 3774 3774 3816
    3816 3816 3774 3774 2053 2040 2028 2016 1993 1993 1993 1993 2005
    2005 1993 1993 1993 1993 1993 1981 1959 1959 4089 3948 3903 3859
    3859 3816 3816 3816 3816 3816 3816 3774 3774 2053 2053 2040 2028
    2005 2005 2005 2005 2016 2028 2028 2028 2028 2028 2016 1970 1947
    1926 1926 3948 3903 3903 3903 3859 3816 3816 3816 3816 3774 3774
    3774 2053 2053 2053 2028 2028 2016 2016 2028 2028 2028 2028 2040
    2053 2053 2028 1915 1915 1926 1904 1894 1873 1873 1873 3903 3816
    3816 3816 3816 3774 3774 3774 3859 2078 2053 2040 2040 2016 2016
    2028 2028 2040 2040 2053 2053 2053 2078 1915 1915 1915 1904 1894
    1873 1873 1873 1873 3859 3859 3859 3816 3816 3774 3774 4041 2090
    2078 2065 2053 2028 2028 1926 1915 1915 1915 1915 1915 1904 1904
    1904 1904 1904 1904 1894 1883 1873 1873 1873 3859 3859 3859 3859
    3816 3774 3774 4041 4089 4089 4190 4190 1926 1926 1926 1915 1915
    1915 1915 1915 1904 1904 1904 1904 1904 1904 1894 1883 1873 1873
    1873 1873 3903 3903 3859 3816 3774 3774 4089 4089 4089 4190 4190
    1926 1926 1915 1915 1904 1904 1904 1915 1915 1904 1904 1904 1904
    1894 1894 1883 1873 1873 1873 1873 3903 3903 3859 3816 3774 3774
    4089 4041 4041 4089 4089 1915 1915 1915 1915 1904 1904 1904 1915
    1904 1904 1904 1904 1904 1894 1894 1894 1883 1873 1873 1873 3859
    3859 3816 3816 3774 3774 4089 4041 4041 4089 4089 1915 1915 1915
    1915 1915 1915 1915 1915 1904 1904 1904 1904 1904 1894 1894 1894
    1883 1883 1883 1883 3774 3774 3816 3816 3774 3774 4089 4089 4089
    4089 4089 1915 1915 1915 1915 1915 1915 1915 1904 1904 1904 1904
    1894 1894 1894 1894 1894 1894 1883 1883 1883 3774 3774 3816 3816
    3774 3774 4089 4089 4089 4089 4089 1926 1926 1915 1915 1915 1915
    1915 1904 1904 1894 1894 1894 1894 1894 1894 1894 1894 1883 1883
    1883 3732 3732 3816 3816 3816 3774 4089 4089 4089 4139 4139 1959
    1936 1936 1926 1915 1915 1915 1904 1904 1894 1894 1894 1894 1894
    1894 1894 1894 1883 1883 1883 3732 3732 3816 3816 3816 3774 4089
    4089 4089 4139 4139 1959 1947 1936 1926 1915 1915 1915 1904 1904
    1904 1904 1904 1904 1894 1894 1894 1894 1894 1883 1883 1904 3816
    3816 3816 3816 3774 4089 4089 4089 4139 4139 1970 1947 1936 1926
    1926 1915 1915 1904 1904 1904 1904 1904 1904 1894 1894 1894 1894
    1894 1894 1894 1904 1904 3816 3816 3816 3816 4089 4089 4089 4139
    2028 1993 1959 1947 1936 1926 1915 1915 1904 1904 1904 1904 1904
    1904 1904 1894 1894 1894 1894 1894 1883 1883 1883 3816 3816 3859
    3816 4089 4089 4089 2053 2028 2005 1981 1959 1936 1926 1915 1915
    1904 1904 1904 1904 1904 1904 1894 1894 1894 1894 1883 1883 1883
    1883 1883 3816 3816 3859 3859 4089 4041 4041 2053 2040 2028 2005
    1959 1936 1926 1915 1915 1915 1915 1904 1904 1904 1904 1894 1894
    1894 1894 1883 1883 1873 1873 1873 3859 3859 3859 3816 4089 4041
    4041 2065 2053 2040 2016 1981 1947 1926 1915 1915 1915 1904 1904
    1904 1904 1894 1894 1894 1894 1894 1883 1883 1873 1873 1873 3859
    3859 3859 3816 4089 4041 4041 2103 2065 2040 2016 1993 1947 1926
    1915 1915 1915 1904 1904 1904 1894 1894 1894 1883 1883 1894 1883
    1883 1873 1873 1873 3859 3859 3859 3816 4089 4089 4089 2129 2090
    2078 2028 2005 1959 1936 1915 1915 1915 1904 1904 1904 1894 1894
    1894 1883 1883 1883 1894 1894 1883 1873 1873 3903 3859 3816 3816
    4089 4089 4089 2129 2103 2078 2028 1993 1959 1926 1915 1915 1915
    1904 1904 1904 1894 1894 1894 1883 1883 1883 1894 1894 1894 1873
    1873 3948 3859 3816 3816 4089 4089 4089 2143 2116 2090 2053 1993
    1959 1926 1915 1915 1915 1904 1904 1904 1894 1894 1894 1894 1894
    1894 1883 1883 1883 1883 1883 3948 3859 3859 3816 4089 4089 4089
    2170 2103 2078 2053 2016 1970 1926 1915 1915 1915 1904 1904 1904
    1904 1904 1904 1894 1894 1894 1883 1883 1883 1883 1883 1883 3859
    3859 3816 4139 4089 4089 4089 2090 2078 2053 2028 1981 1926 1915
    1915 1915 1904 1904 1904 1904 1904 1904 1894 1883 1883 1883 1883
    1894 1894 1894 1904 3903 3903 3859 4139 4089 4089 4089 2078 2078
    2065 2040 1993 1926 1915 1915 1915 1915 1904 1904 1904 1894 1894
    1894 1883 1883 1883 1883 1894 1894 1894 1894 1894 3903 3859 4089
    4089 4089 4089 2078 2078 2065 2040 1970 1926 1915 1915 1915 1915
    1915 1904 1904 1894 1894 1894 1883 1883 1894 1894 1894 1894 1883
    1883 3948 3903 3859 4089 4089 4089 4089 4041 2078 2065 2040 1970
    1936 1926 1915 1915 1915 1915 1904 1904 1904 1894 1894 1883 1883
    1894 1894 1894 1894 1883 1883 3903 3859 3816 4089 4089 4089 4089
    4089 2090 2078 2053 1981 1947 1926 1915 1915 1915 1915 1915 1915
    1904 1904 1904 1894 1894 1894 1894 1894 1894 1883 1883 3903 3859
    3816 4139 4089 4089 4139 4139 2090 2078 2053 2028 1959 1926 1915
    1915 1915 1915 1915 1915 1904 1904 1904 1894 1894 1894 1883 1883
    1894 1883 1883 1883 3859 3816 4139 4139 4139 4139 4139 2090 2078
    2053 2040 1959 1936 1915 1915 1915 1915 1915 1915 1904 1904 1904
    1894 1894 1894 1883 1883 1894 1883 1883 1883 3859 3816 4139 4139
    4139 4139 4139 2090 2078 2053 2040 1959 1936 1915 1915 1904 1904
    1904 1904 1904 1904 1904 1904 1904 1894 1894 1883 1883 1883 1883
    1883 3859 3816 4139 4139 4139 4190 4190 2090 2078 2053 2040 1959
    1936 1915 1915 1904 1904 1904 1904 1904 1904 1904 1904 1904 1894
    1894 1883 1883 1883 1883 3903 3859 3859 4139 4139 4139 4139 4190
    2090 2090 2065 2040 1970 1947 1926 1915 1915 1915 1904 1904 1904
    1904 1904 1904 1904 1894 1894 1883 1883 1883 1883 3903 3903 3859
    4139 4139 4139 4139 4190 2103 2090 2078 2053 1970 1947 1926 1915
    1915 1915 1904 1904 1915 1904 1904 1904 1904 1904 1894 1894 1883
    1883 1883 3903 3859 3859 4139 4139 4139 4139 4139 2090 2090 2090
    2053 1981 1959 1926 1915 1915 1915 1904 1904 1915 1904 1904 1904
    1904 1904 1894 1894 1883 1883 1883 1883 3859 3816 4139 4139 4139
    4139 4139 2090 2090 2090 2065 2028 1959 1936 1915 1915 1915 1915
    1915 1915 1904 1904 1904 1904 1904 1894 1894 1883 1883 1894 1894
    3859 3816 4089 4139 4139 4139 4139 2103 2103 2103 2078 2040 1959
    1936 1915 1915 1915 1915 1904 1904 1904 1904 1904 1904 1904 1904
    1894 1894 1894 1894 1894 1894 3816 4089 4139 4139 4139 4139 2143
    2143 2116 2090 2065 1970 1936 1926 1915 1915 1915 1904 1904 1904
    1904 1904 1904 1904 1904 1894 1894 1894 1904 1904 1904 3816 4139
    4139 4190 4190 4190 2143 2129 2103 2090 2078 2040 1959 1936 1926
    1915 1915 1915 1915 1904 1904 1904 1904 1894 1894 1894 1894 1894
    1894 1904 1904 3859 4139 4190 4190 4241 4190 4139 2129 2103 2090
    2078 2005 1959 1936 1926 1915 1915 1915 1915 1904 1904 1904 1904
    1894 1894 1894 1894 1883 1883 1873 1873 3903 4190 4190 4190 4190
    4139 4139 4139 2090 2090 2078 2005 1959 1936 1926 1915 1915 1915
    1915 1904 1904 1904 1904 1894 1894 1894 1883 1883 1883 1873 1873
    3903 4190 4190 4190 4139 4139 4139 4139 2078 2078 2078 2016 1959
    1936 1926 1915 1915 1915 1915 1904 1904 1904 1904 1894 1894 1894
