<?xml version="1.0"?>
<opencv_storage>
<Depth1341 type_id="opencv-matrix">
  <rows>85</rows>
  <cols>40</cols>
  <dt>w</dt>
  <data>
    2859 2859 2859 2859 2883 2859 2859 2835 2835 2835 2835 2812 2812
    2812 2812 2812 2812 2812 2789 2789 2789 1134 1134 2789 2789 1138
    1138 2744 2723 1149 1149 1149 1149 1149 1145 1145 1145 2701 2701
    2701 2859 2859 2859 2883 2883 2883 2859 2835 2835 2835 2835 2812
    2812 2812 2812 2812 2812 2812 2789 2789 1134 1134 1130 1130 1130
    1134 1134 1134 1138 1141 1145 1145 1149 1149 1145 1145 1149 1149
    1149 2701 2835 2835 2859 2859 2835 2835 2859 2859 2859 1197 1197
    2835 2835 2835 2812 1123 1123 1123 1123 1126 1134 1130 1126 1126
    1130 1130 1134 1134 1134 1134 1138 1141 1145 1145 1149 1145 1145
    1145 1145 1145 2835 2835 2859 2859 2812 2812 2812 1206 1197 1197
    1181 1169 1153 1138 1130 1123 1119 1119 1123 1123 1126 1126 1123
    1123 1126 1130 1130 1134 1134 1134 1134 1138 1145 1145 1145 1145
    1145 1145 1145 1149 2933 2859 2859 2859 2812 2812 2812 1206 1206
    1193 1181 1161 1153 1138 1130 1123 1119 1119 1123 1123 1123 1123
    1123 1123 1126 1130 1130 1130 1134 1134 1134 1138 1141 1141 1145
    1145 1145 1145 1145 1149 0 1292 1292 1278 1264 1241 1227 1223 1206
    1193 1181 1161 1149 1138 1130 1123 1119 1119 1119 1123 1123 1123
    1123 1123 1126 1130 1130 1130 1134 1134 1134 1138 1141 1141 1145
    1145 1145 1149 1149 1149 0 0 1292 1278 1264 1241 1227 1223 1206 1197
    1181 1157 1149 1138 1130 1123 1123 1119 1119 1119 1119 1123 1126
    1126 1126 1130 1130 1134 1134 1134 1134 1138 1138 1138 1141 1145
    1149 1149 1149 1149 0 1292 1292 1283 1268 1241 1232 1227 1210 1197
    1181 1157 1153 1138 1130 1126 1123 1123 1123 1119 1119 1123 1126
    1126 1126 1130 1134 1134 1134 1134 1134 1138 1138 1138 1141 1145
    1149 1149 1149 1149 0 1312 1297 1283 1268 1241 1232 1232 1214 1197
    1181 1157 1149 1138 1130 1126 1123 1123 1123 1123 1123 1126 1130
    1130 1130 1130 1134 1134 1134 1134 1134 1138 1138 1138 1141 1145
    1145 1149 1149 1149 0 1312 1307 1288 1268 1241 1232 1232 1214 1193
    1181 1157 1149 1141 1134 1126 1126 1123 1123 1126 1126 1130 1126
    1126 1130 1134 1134 1134 1134 1134 1138 1138 1141 1141 1145 1145
    1145 1145 1149 1149 1317 1312 1307 1288 1264 1245 1236 1232 1214
    1193 1177 1161 1149 1141 1130 1126 1126 1123 1123 1130 1130 1130
    1126 1126 1130 1134 1134 1134 1134 1138 1138 1141 1141 1141 1145
    1145 1145 1145 1145 1145 1317 1312 1307 1288 1264 1245 1236 1227
    1214 1193 1177 1161 1149 1141 1130 1126 1126 1126 1126 1130 1130
    1130 1126 1126 1130 1134 1134 1134 1134 1138 1138 1141 1141 1145
    1145 1145 1145 1145 1145 1145 1317 1317 1307 1288 1268 1250 1236
    1227 1214 1197 1177 1165 1153 1141 1130 1123 1123 1123 1123 1130
    1130 1130 1126 1126 1130 1134 1134 1134 1138 1138 1141 1141 1141
    1145 1145 1145 1145 1141 1141 1141 1322 1317 1312 1283 1268 1255
    1241 1232 1219 1202 1181 1169 1157 1145 1130 1123 1123 1123 1123
    1130 1126 1126 1130 1130 1130 1134 1134 1134 1138 1138 1141 1141
    1141 1145 1145 1145 1145 1141 1141 1141 1322 1317 1312 1283 1268
    1255 1241 1232 1214 1202 1185 1169 1161 1145 1134 1126 1126 1126
    1126 1130 1126 1126 1130 1130 1130 1134 1134 1134 1138 1141 1141
    1141 1141 1145 1145 1145 1145 1145 1145 1145 1317 1312 1307 1283
    1273 1259 1241 1232 1210 1202 1185 1173 1161 1145 1134 1126 1126
    1126 1126 1130 1130 1130 1130 1130 1130 1134 1134 1134 1134 1138
    1141 1145 1145 1145 1145 1145 1145 1145 1145 1145 1317 1312 1307
    1283 1273 1264 1245 1232 1210 1202 1185 1173 1165 1149 1138 1130
    1126 1126 1126 1130 1130 1130 1130 1130 1134 1134 1134 1134 1134
    1138 1141 1141 1145 1145 1145 1145 1145 1145 1145 1145 1317 1312
    1312 1283 1273 1264 1241 1232 1214 1202 1185 1173 1165 1149 1138
    1134 1130 1126 1126 1126 1130 1130 1130 1130 1134 1134 1134 1134
    1134 1138 1141 1141 1145 1145 1145 1149 1149 1145 1145 1145 1317
    1317 1312 1288 1273 1264 1241 1232 1214 1202 1181 1173 1165 1153
    1138 1134 1130 1126 1126 1126 1130 1134 1130 1130 1134 1134 1134
    1134 1134 1138 1141 1141 1145 1145 1145 1149 1149 1149 1149 1149
    1328 1317 1312 1288 1273 1264 1245 1236 1219 1202 1181 1169 1165
    1153 1141 1134 1130 1123 1123 1126 1130 1134 1134 1134 1134 1134
    1134 1138 1138 1138 1141 1141 1145 1145 1145 1149 1149 1149 1149
    1149 1328 1322 1317 1292 1273 1259 1250 1236 1227 1206 1181 1169
    1165 1153 1141 1134 1130 1123 1123 1126 1130 1130 1130 1134 1134
    1134 1138 1141 1141 1141 1141 1141 1145 1145 1145 1149 1149 1149
    1149 1149 1328 1317 1312 1307 1273 1259 1250 1236 1227 1210 1177
    1169 1165 1153 1141 1134 1130 1126 1126 1130 1134 1130 1130 1134
    1134 1134 1138 1141 1141 1141 1141 1141 1145 1145 1145 1149 1149
    1149 1149 1149 1317 1317 1312 1307 1273 1259 1250 1241 1232 1219
    1177 1169 1165 1153 1145 1134 1130 1130 1130 1134 1134 1134 1134
    1134 1134 1134 1138 1141 1141 1141 1141 1145 1145 1145 1145 1149
    1149 1149 1149 1149 1317 1317 1312 1307 1278 1259 1250 1245 1232
    1223 1181 1169 1165 1153 1145 1134 1130 1130 1130 1134 1134 1134
    1134 1134 1134 1134 1138 1138 1138 1141 1141 1145 1145 1145 1145
    1149 1149 1149 1149 1149 1317 1317 1312 1292 1273 1259 1250 1245
    1232 1223 1185 1173 1165 1153 1145 1134 1130 1130 1130 1134 1134
    1134 1134 1134 1134 1134 1134 1138 1138 1141 1141 1145 1145 1145
    1149 1149 1149 1149 1149 1149 1317 1317 1312 1292 1273 1259 1250
    1241 1232 1223 1185 1173 1165 1157 1145 1138 1130 1130 1130 1130
    1134 1134 1134 1134 1134 1134 1134 1138 1138 1141 1145 1145 1145
    1149 1149 1149 1149 1149 1153 1157 1343 1322 1312 1292 1273 1259
    1250 1241 1232 1219 1189 1173 1165 1157 1145 1138 1130 1130 1130
    1130 1130 1134 1134 1134 1134 1134 1134 1138 1141 1141 1145 1145
    1145 1149 1149 1149 1153 1153 1157 1157 1343 1333 1312 1292 1273
    1259 1250 1241 1232 1219 1185 1173 1165 1157 1145 1138 1134 1130
    1130 1130 1130 1134 1134 1134 1134 1134 1138 1138 1141 1145 1145
    1145 1145 1149 1149 1149 1153 1153 1157 1157 1333 1333 1317 1292
    1273 1259 1250 1241 1232 1223 1185 1173 1165 1157 1145 1138 1134
    1134 1130 1130 1130 1134 1134 1134 1134 1134 1138 1138 1145 1145
    1145 1145 1145 1149 1149 1149 1153 1153 1157 1157 1333 1333 1317
    1302 1283 1264 1255 1245 1236 1223 1185 1173 1165 1153 1145 1138
    1134 1134 1134 1134 1134 1134 1134 1134 1134 1138 1138 1141 1145
    1145 1145 1145 1145 1149 1149 1149 1153 1153 1157 1157 1354 1333
    1322 1302 1283 1268 1255 1245 1236 1219 1189 1181 1169 1153 1141
    1138 1134 1134 1134 1134 1134 1134 1134 1134 1134 1138 1138 1141
    1141 1145 1145 1145 1149 1149 1149 1149 1153 1153 1157 1157 1354
    1343 1328 1302 1288 1273 1255 1245 1236 1219 1189 1181 1169 1153
    1141 1138 1134 1134 1130 1130 1134 1134 1134 1134 1134 1138 1138
    1141 1141 1145 1145 1149 1149 1149 1149 1149 1153 1157 1161 1161
    1359 1349 1328 1302 1288 1273 1259 1250 1236 1219 1206 1185 1173
    1157 1141 1138 1134 1134 1130 1130 1134 1134 1134 1134 1138 1138
    1141 1141 1145 1145 1145 1149 1149 1149 1149 1149 1153 1157 1161
    1161 1359 1349 1328 1302 1292 1278 1259 1245 1236 1219 1206 1185
    1169 1161 1145 1138 1134 1134 1134 1134 1134 1134 1134 1134 1138
    1138 1141 1141 1145 1145 1145 1149 1149 1149 1149 1149 1153 1157
    1157 1157 1354 1338 1312 1307 1292 1278 1259 1245 1236 1219 1197
    1189 1169 1161 1149 1141 1134 1134 1134 1134 1134 1134 1134 1134
    1138 1138 1141 1145 1145 1145 1145 1149 1149 1149 1149 1153 1153
    1157 1157 1157 1349 1338 1312 1307 1292 1273 1259 1250 1241 1223
    1197 1193 1169 1161 1153 1141 1138 1134 1134 1134 1134 1134 1134
    1134 1138 1141 1141 1145 1145 1145 1145 1149 1149 1149 1149 1153
    1153 1157 1157 1157 1349 1338 1317 1307 1292 1273 1259 1250 1245
    1227 1197 1193 1169 1161 1153 1141 1138 1138 1138 1138 1138 1134
    1134 1138 1138 1141 1141 1145 1145 1145 1145 1149 1149 1149 1149
