<?xml version="1.0"?>
<opencv_storage>
<Depth10109 type_id="opencv-matrix">
  <rows>91</rows>
  <cols>68</cols>
  <dt>w</dt>
  <data>
    3300 3269 3269 3269 3300 3300 1038 1031 1031 3300 3300 3300 1050 0
    3333 3333 3300 3300 3300 3300 3300 3300 3300 0 0 0 0 0 0 0 1073 1073
    1073 0 0 0 0 1112 1108 1108 1108 0 1101 3269 3269 3269 3269 3238
    3238 3238 3238 3238 3238 3238 3238 3238 3238 3238 3269 3300 3300
    3238 3238 3208 3208 3208 3208 3208 3300 3238 3238 3269 1034 1034
    1034 1031 1031 1038 1038 1050 1050 1050 1050 1050 1050 1054 1060
    1060 1060 1060 1060 1070 1070 1070 1073 1073 1077 1077 1073 1073
    1073 1084 0 0 1097 1097 1101 1101 1101 1101 1101 1097 3269 3269 3269
    3238 3238 3269 3238 3238 3269 3269 3269 3269 3269 3269 3269 3333
    3333 3300 3269 3269 3269 3238 3238 3238 3300 3238 3238 1041 1034
    1034 1034 1034 1034 1038 1038 1047 1047 1050 1050 1050 1050 1054
    1057 1057 1057 1060 1060 1063 1063 1067 1070 1070 1077 1077 1073
    1073 1080 1084 1084 1087 1090 1090 1097 1097 1097 1097 1097 1097
    1101 3269 3269 1119 1119 1119 1119 1119 3300 3300 1130 1130 1130
    3300 3300 3333 3333 3300 3300 3269 3269 3238 3238 3238 0 0 1034 1034
    1034 1031 1031 1034 1034 1041 1044 1044 1044 1047 1050 1050 1054
    1054 1057 1057 1057 1060 1060 1063 1063 1067 1070 1070 1073 1077
    1077 1080 1084 1084 1084 1087 1087 1090 1094 1097 1097 1097 1097
    1101 1101 1112 1112 1112 1115 1119 1119 1119 1119 1119 1126 1130
    1130 1130 1130 3333 3333 3333 3333 3269 3238 3238 3208 3208 0 1034
    1034 1034 1034 1031 1031 1031 1034 1041 1044 1044 1044 1047 1047
    1050 1054 1054 1057 1057 1060 1060 1063 1063 1067 1067 1070 1070
    1073 1077 1077 1080 1084 1084 1084 1087 1087 1090 1094 1094 1097
    1097 1097 1101 1101 1112 1112 1112 1115 1119 1119 1119 1119 1119
    1126 1130 1130 1130 1130 1130 1138 3269 3269 3238 3238 3238 3208
    3208 0 1054 1041 1034 1031 1031 1031 1031 1034 1041 1044 1044 1044
    1044 1047 1050 1054 1054 1057 1057 1060 1060 1063 1063 1063 1067
    1070 1070 1073 1073 1077 1077 1084 1084 1084 1087 1087 1087 1094
    1094 1097 1097 1101 1101 1101 1108 1108 1112 1115 1115 1119 1119
    1119 1119 1126 1130 1130 1130 1134 1138 1138 3269 3269 3238 3238
    3238 3208 3208 0 1054 1041 1034 1028 1028 1031 1031 1031 1038 1044
    1044 1044 1044 1047 1050 1054 1054 1057 1057 1060 1060 1063 1063
    1063 1067 1070 1070 1073 1073 1073 1077 1084 1084 1084 1087 1087
    1087 1090 1094 1094 1097 1101 1101 1101 1108 1108 1112 1115 1115
    1119 1119 1119 1119 1126 1130 1130 1130 1134 1134 1134 1134 3238
    3238 3238 3208 3208 3208 0 1054 1047 1031 1028 1028 1031 1031 1031
    1038 1044 1044 1044 1047 1047 1050 1050 1054 1057 1057 1060 1060
    1060 1060 1063 1067 1067 1070 1070 1073 1073 1077 1084 1084 1084
    1084 1087 1087 1090 1094 1094 1094 1097 1101 1101 1108 1108 1112
    1115 1115 1119 1119 1119 1119 1126 1130 1130 1130 1130 1134 1134
    1134 1134 3238 3238 3208 3208 3208 0 0 1047 1031 1031 1031 1031 1031
    1031 1041 1041 1044 1044 1047 1047 1050 1050 1050 1054 1057 1060
    1060 1060 1060 1060 1063 1067 1070 1070 1073 1073 1077 1080 1084
    1084 1084 1084 1087 1090 1094 1094 1094 1097 1101 1101 1108 1108
    1108 1112 1112 1119 1119 1123 1126 1126 1130 1130 1130 1130 1126
    1126 1126 0 3238 3238 3238 3208 3208 0 1073 1063 1034 1028 1028 1031
    1031 1031 1041 1041 1041 1044 1047 1047 1047 1047 1050 1054 1057
    1057 1060 1060 1060 1060 1063 1063 1067 1070 1070 1073 1080 1080
    1084 1084 1084 1084 1087 1090 1094 1094 1094 1097 1101 1101 1108
    1108 1108 1112 1112 1115 1119 1119 1126 1126 1130 1130 1134 1130
    1126 1126 1126 0 3269 3269 3238 3208 3208 1073 1073 1063 1034 1028
    1028 1028 1031 1031 1038 1041 1041 1044 1047 1047 1047 1047 1050
    1054 1057 1057 1060 1060 1060 1060 1063 1063 1067 1070 1070 1073
    1080 1080 1084 1084 1084 1084 1087 1090 1094 1094 1097 1097 1101
    1101 1108 1108 1108 1112 1112 1115 1119 1119 1123 1126 1130 1130
    1134 1130 1130 1130 1130 0 3269 3269 3238 3238 3238 1073 1073 1067
    1034 1028 1028 1028 1028 1031 1038 1041 1041 1044 1047 1047 1047
    1047 1047 1054 1057 1057 1060 1060 1060 1063 1063 1067 1067 1070
    1070 1073 1077 1080 1084 1084 1084 1084 1087 1087 1094 1094 1097
    1097 1101 1101 1105 1108 1108 1112 1112 1115 1119 1119 1123 1126
    1130 1130 1130 1130 1130 1130 1130 0 3269 3269 3269 3269 3269 1073
    1073 1067 1034 1028 1028 1028 1028 1034 1038 1041 1041 1044 1044
    1044 1047 1047 1047 1050 1057 1057 1057 1057 1060 1060 1063 1067
    1067 1070 1070 1073 1073 1077 1084 1084 1084 1084 1087 1087 1090
    1094 1097 1097 1101 1101 1105 1108 1112 1112 1115 1115 1115 1119
    1123 1126 1126 1130 1130 1130 1130 1130 1130 0 3300 3300 3300 3300
    3300 1073 1073 1070 1034 1028 1028 1028 1031 1034 1038 1041 1044
    1044 1044 1044 1047 1047 1047 1050 1054 1057 1057 1057 1060 1060
    1063 1067 1067 1070 1070 1073 1073 1077 1080 1084 1084 1087 1087
    1087 1087 1094 1097 1097 1097 1101 1105 1105 1108 1115 1115 1115
    1115 1119 1119 1123 1126 1130 1130 1130 1134 1134 1134 3365 3300
    3300 3300 3333 3333 1073 1070 1067 1034 1028 1028 1028 1031 1038
    1038 1041 1041 1044 1044 1044 1047 1047 1047 1050 1054 1057 1057
    1057 1060 1060 1063 1067 1067 1070 1070 1073 1073 1077 1080 1084
    1084 1084 1087 1087 1087 1087 1094 1097 1097 1097 1105 1105 1108
    1115 1115 1115 1119 1119 1119 1123 1126 1126 1130 1130 1134 1134 0
    3365 3365 3333 3333 3333 3333 0 1070 1063 1034 1028 1028 1028 1031
    1034 1038 1041 1041 1041 1044 1044 1047 1047 1047 1047 1050 1054
    1057 1057 1060 1060 1063 1067 1067 1070 1070 1073 1073 1077 1077
    1080 1084 1084 1084 1087 1087 1087 1090 1097 1097 1097 1105 1105
    1108 1115 1115 1115 1119 1119 1123 1123 1123 1126 1130 1130 1134
    1134 1138 3333 3333 3333 3333 3333 3333 0 1067 1060 1034 1028 1028
    1028 1031 1034 1038 1041 1041 1041 1044 1047 1047 1047 1047 1047
    1050 1054 1057 1057 1060 1060 1063 1067 1067 1070 1070 1073 1073
    1077 1077 1080 1084 1084 1084 1087 1087 1087 1090 1097 1097 1097
    1105 1105 1108 1115 1115 1115 1115 1119 1123 1123 1123 1126 1126
    1130 1134 1138 1138 3333 3333 3333 3333 3333 3333 0 1067 1060 1034
    1028 1028 1028 1031 1034 1038 1041 1041 1041 1044 1047 1047 1047
    1047 1047 1050 1054 1057 1057 1060 1060 1063 1067 1067 1070 1070
    1073 1073 1073 1077 1080 1084 1084 1087 1087 1087 1087 1090 1097
    1097 1101 1105 1105 1108 1112 1115 1115 1115 1119 1123 1123 1126
    1126 1126 1130 1130 1134 1134 3365 3365 3333 3333 3333 3333 0 1090
    1060 1034 1028 1028 1028 1031 1034 1038 1041 1041 1044 1044 1044
    1047 1047 1047 1047 1050 1054 1057 1057 1060 1060 1063 1067 1067
    1070 1073 1073 1073 1073 1077 1080 1084 1084 1087 1087 1087 1087
    1094 1097 1101 1101 1105 1105 1108 1108 1112 1115 1119 1119 1123
    1123 1126 1126 1126 1130 1130 1130 1130 1130 3333 3333 3333 3333
    3333 1094 1090 1060 1031 1028 1028 1028 1031 1034 1038 1038 1041
    1044 1044 1044 1044 1047 1047 1047 1050 1054 1057 1057 1060 1060
    1063 1067 1067 1070 1073 1073 1073 1073 1077 1080 1084 1084 1087
    1087 1087 1090 1094 1097 1097 1101 1105 1105 1105 1108 1108 1115
    1119 1119 1119 1123 1123 1126 1126 1130 1130 1130 1130 0 3333 3333
    3333 3333 3333 1094 1090 1063 1031 1028 1028 1028 1031 1034 1038
    1038 1038 1041 1044 1044 1044 1047 1047 1050 1050 1054 1057 1057
    1060 1060 1063 1067 1067 1070 1073 1073 1073 1073 1077 1080 1080
    1084 1084 1087 1087 1090 1094 1097 1097 1097 1105 1105 1105 1108
    1108 1115 1119 1119 1119 1123 1123 1126 1126 1130 1130 1130 1130
    1130 1130 3300 3300 3300 3333 1097 1080 1070 1031 1031 1028 1028
    1031 1034 1038 1038 1038 1041 1044 1044 1044 1047 1047 1050 1050
    1054 1057 1057 1060 1060 1060 1063 1067 1067 1070 1073 1073 1073
    1077 1080 1080 1084 1084 1087 1087 1090 1094 1097 1097 1097 1105
    1105 1105 1108 1108 1115 1119 1119 1119 1123 1126 1126 1126 1130
    1130 1130 1130 1130 0 3300 3300 3300 3333 1094 1080 1070 1057 1034
