<?xml version="1.0"?>
<opencv_storage>
<Depth15257 type_id="opencv-matrix">
  <rows>17</rows>
  <cols>49</cols>
  <dt>w</dt>
  <data>
    2560 2560 2618 2560 2560 2560 2560 2560 0 0 0 0 0 0 0 2639 2598 2598
    2639 0 0 0 0 0 0 0 0 0 0 0 0 0 0 2701 2659 2659 2680 2701 2701 2701
    0 2744 2723 2723 2701 2701 2701 2701 2040 2560 2560 2618 2579 2560
    2560 2579 2579 2579 2598 2598 2598 0 0 0 2639 2598 2560 2560 0 0 0 0
    2618 2598 2598 0 0 0 0 0 2659 2659 2680 2659 2659 2680 2701 2701
    2701 2701 2701 2701 2723 2701 2701 2701 2701 2040 2541 2541 2560
    2598 2579 2579 2579 2598 2598 2598 2598 2598 0 0 2618 2560 2541 2541
    2541 0 0 0 0 2618 2598 2598 2598 0 0 0 2659 2659 2659 2680 2680 2680
    2701 2701 2723 2723 2680 2680 2701 2723 2701 2701 2723 2723 2767
    2541 2541 2560 2541 2541 2541 2560 2560 2560 2598 2598 2598 2618
    2618 2618 2560 2560 2541 2541 2598 0 2579 2579 2579 2560 2560 2560
    2560 0 0 2659 2659 2659 2701 2680 2680 2680 2701 2701 2723 2680 2680
    2680 2723 2723 2744 2767 2767 2767 2541 2541 2541 2522 2503 2503
    2541 2541 2560 2579 2579 2598 2598 2579 2560 2560 2560 2541 2541
    2579 2579 2579 2579 2579 2560 2560 2560 2560 2639 2639 2680 2680
    2680 2680 2680 2680 2680 2701 2701 2744 2680 2680 2680 2723 2723
    2744 2767 2767 2767 2541 2541 2541 2522 2503 2503 2541 2541 2560
    2579 2579 2579 2579 2579 2560 2560 2560 2560 2579 2579 2618 2618
    2579 2579 2579 2579 2579 2598 2618 2618 2659 2659 2659 2680 2680
    2680 2680 2723 2723 2723 2701 2701 2701 2744 2744 2744 2767 2767
    2767 2541 2541 2541 2541 2541 2541 2579 2560 2560 2579 2579 2579
    2579 2579 2579 2579 2579 2598 2598 2598 2598 2598 2598 2598 2598
    2598 2598 2598 2618 2618 2659 2659 2659 2659 2659 2659 2680 2701
    2701 2701 2701 2701 2723 2744 2744 2767 2767 2767 2767 2541 2541
    2541 2541 2541 2541 2579 2579 2579 2579 2560 2560 2560 2560 2560
    2579 2598 2598 2598 2598 2598 2598 2598 2598 2598 2598 2598 2598
    2618 2639 2659 2659 2659 2659 2659 2659 2701 2680 2680 2680 2701
    2701 2723 2744 2744 2767 2767 2767 2767 2541 2541 2541 2541 2541
    2541 2579 2579 2579 2579 2560 2560 2560 2560 2560 2579 2598 2598
    2598 2598 2598 2598 2618 2618 2618 2618 2618 2639 2659 2659 2659
    2659 2659 2659 2680 2680 2680 2680 2680 2680 2701 2723 2723 2744
    2744 2767 2767 2767 2744 2541 2541 2522 2522 2522 2541 2579 2579
    2579 2560 2560 2560 2541 2541 2541 2560 2579 2598 2598 2618 2618
    2618 2639 2639 2639 2639 2639 2639 2659 2659 2659 2659 2659 2680
    2680 2680 2680 2680 2701 2701 2701 2723 2723 2767 2767 2767 2767
    2767 2744 2541 2522 2503 2503 2503 2541 2560 2560 2560 2560 2560
    2560 2541 2541 2541 2560 2579 2598 2598 2618 2618 2618 2618 2618
    2618 2639 2639 2639 2659 2659 2659 2680 2680 2680 2659 2659 2680
    2701 2701 2701 2701 2723 2723 2744 2767 2767 2767 2016 2016 2522
    2485 2485 2485 2485 2522 2560 2560 2560 2560 2560 2560 2541 2541
    2560 2579 2579 2598 2598 2618 2618 2618 2618 2618 2618 2618 2639
    2639 2659 2659 2659 2659 2680 2680 2659 2659 2659 2680 2701 2701
    2701 2701 2701 2744 2767 2767 2767 2016 2016 2522 2485 2485 2485
    2485 2522 2560 2560 2560 2560 2560 2560 2541 2541 2560 2579 2579
    2598 2598 2618 2618 2598 2598 2598 2598 2598 2639 2639 2639 2639
    2639 2659 2680 2680 2659 2659 2659 2680 2680 2680 2659 2659 2701
    2744 2767 2767 2767 2028 2016 2522 2503 2503 2503 2503 2522 2579
    2579 2560 2560 2560 2560 2541 2541 2560 2579 2579 2598 2598 2639
    2618 2598 2598 2598 2598 2598 2639 2639 2639 2639 2639 2659 2701
    2723 2701 2659 2659 2680 2680 2680 2659 2659 2723 2744 2767 2767
    2767 2040 2028 2522 2522 2522 2522 2522 2541 2579 2598 2579 2560
    2560 2560 2560 2560 2560 2618 2618 2598 2598 2639 2618 2618 2598
    2598 2598 2618 2659 2659 2639 2639 2659 2701 2723 2723 2723 2723
    2701 2701 2701 2701 2723 2744 2744 2767 2767 2789 2789 2789 2040
    2522 2522 2522 2541 2560 2579 2598 2639 2598 2598 2579 2560 2560
    2560 2560 2618 2639 2639 2639 2639 2639 2639 2639 2639 2639 2659
    2659 2659 2680 2680 2156 2156 2156 2723 2701 2701 2744 2744 2744
    2744 2767 2744 2744 2767 2767 2767 2789 2812 2835 3468 3468 3468
    3468 3468 2618 2618 2639 2618 2598 2579 2560 2560 2579 2639 2639
    2639 2639 2639 2639 2639 2639 2659 2659 2659 2659 2659 2659 2184
    2184 2156 2156 2156 2156 2156 2156 2744 2767 2789 2767 2767 2744
    2744 2767 2767 2767 2789 2812 2859</data></Depth15257>
</opencv_storage>
