<?xml version="1.0"?>
<opencv_storage>
<Depth1069 type_id="opencv-matrix">
  <rows>74</rows>
  <cols>100</cols>
  <dt>w</dt>
  <data>
    3859 3816 3816 3816 0 0 0 0 0 1025 1025 1025 1025 1025 1025 1028
    1031 1034 1038 1034 1034 1038 1038 1041 1047 1047 1047 3816 3816
    3774 3732 3732 3732 3774 3816 3816 3816 3816 3816 3774 3774 3774
    3774 3774 3816 3774 3774 3774 3774 3774 3816 3816 3816 3774 3774
    3774 3816 3732 3732 3732 3732 3732 3692 3692 3692 3692 3732 3732
    3692 3692 3692 3692 3692 3692 3692 3692 3692 3692 3653 3653 3653
    3653 3653 3653 3614 3614 3614 3614 3614 3614 3614 3614 3614 3614
    3576 3576 3614 3614 3614 3576 3859 3859 3859 0 0 0 0 0 1019 1013
    1013 1013 1019 1019 1019 1025 1025 1031 1034 1034 1034 1034 1034
    1038 1038 1041 1041 1041 1041 1041 1041 3732 3732 3774 3816 3859
    3859 3816 3816 3816 3816 3816 3816 3816 3816 3774 3774 3816 3816
    3816 3816 3816 3816 3774 3774 3816 3816 3732 3732 3774 3774 3774
    3732 3732 3732 3732 3732 3732 3732 3692 3692 3692 3692 3732 3732
    3732 3692 3692 3692 3692 3692 3692 3692 3692 3653 3653 3614 3614
    3614 3614 3614 3614 3614 3614 3614 3614 3614 3614 3614 3576 3859
    3859 0 0 0 0 0 0 1019 1010 1010 1007 1007 1013 1013 1019 1019 1025
    1025 1028 1028 1028 1028 1028 1031 1034 1038 1038 1041 1041 1041
    1041 1041 1041 3903 3903 3859 3859 3816 3816 3816 3816 3816 3816
    3816 3816 3816 3816 3816 3816 3816 3816 3816 3816 3816 3816 3816
    3774 3774 3774 3774 3774 3774 3774 3774 3774 3774 3774 3774 3732
    3732 3732 3732 3732 3732 3732 3732 3692 3692 3692 3692 3692 3692
    3692 3653 3653 3653 3653 3653 3653 3653 3653 3614 3614 3614 3614
    3614 3614 3614 3614 3859 0 0 0 0 0 0 0 1019 1010 1007 1004 1004 1007
    1010 1013 1016 1016 1019 1022 1022 1022 1022 1025 1025 1025 1028
    1031 1038 1038 1041 1041 1041 1041 1041 1050 1050 1054 1054 3816
    3816 3816 3816 3816 3816 3816 3816 3816 3816 3816 3816 3816 3816
    3816 3816 3816 3816 3816 3816 3816 3816 3816 3774 3774 3774 3774
    3774 3774 3816 3774 3774 3732 3732 3732 3732 3732 3732 3732 3732
    3732 3732 3732 3732 3692 3692 3692 3653 3653 3653 3653 3653 3653
    3653 3653 3653 3614 3614 3614 3614 3614 0 0 0 0 0 0 0 0 1019 1004
    1001 1001 1001 1004 1007 1010 1013 1013 1016 1016 1019 1019 1019
    1022 1022 1025 1025 1028 1028 1031 1034 1038 1038 1041 1041 1044
    1044 1047 1047 1047 1050 1050 1050 3816 3816 3816 3816 3859 3816
    3816 3816 3816 3816 3816 3816 3816 3816 3859 3816 3816 3816 3816
    3816 3816 3816 3774 3774 3774 3816 3816 3816 3774 3774 3774 3774
    3774 3774 3732 3732 3774 3774 3732 3732 3732 3692 3692 3692 3692
    3692 3692 3653 3653 3653 3653 3653 3653 3653 3653 3653 3614 0 0 0 0
    0 0 0 0 1022 1001 998 998 998 1001 1004 1004 1007 1007 1007 1010
    1010 1013 1016 1016 1016 1019 1022 1025 1025 1028 1028 1031 1031
    1034 1038 1041 1041 1041 1044 1044 1047 1047 1050 1054 1054 3859
    3859 3859 3816 3816 3816 3816 3816 3816 3816 3816 3816 3816 3859
    3859 3859 3859 3816 3816 3816 3816 3816 3816 3816 3816 3816 3816
    3816 3816 3774 3774 3774 3774 3774 3774 3774 3774 3732 3732 3732
    3732 3732 3732 3732 3732 3692 3692 3653 3653 3653 3653 3653 3653
    3653 3653 3994 0 0 0 0 0 0 0 0 989 989 989 992 995 995 998 1001 1001
    1001 1004 1004 1007 1010 1013 1013 1016 1016 1019 1022 1025 1025
    1028 1028 1028 1031 1034 1038 1038 1038 1041 1044 1044 1047 1047
    1047 1050 1050 1050 1054 1050 1050 1050 1050 3816 3816 3816 3816
    3816 3859 3859 3859 3859 3859 3859 3859 3816 3816 3859 3859 3859
    3859 3859 3816 3816 3816 3816 3816 3816 3816 3816 3816 3816 3774
    3774 3774 3774 3774 3774 3774 3732 3732 3692 3692 3692 3692 3692
    3692 3653 3653 3653 3994 0 0 0 0 0 0 0 984 984 987 987 989 992 992
    995 995 995 998 1001 1004 1004 1007 1007 1010 1013 1013 1013 1016
    1019 1022 1025 1025 1025 1025 1028 1031 1031 1031 1031 1034 1038
    1041 1041 1044 1047 1047 1047 1050 1050 1050 1050 1050 1057 1057
    1057 1060 3859 3859 3859 3859 3859 3859 3859 3859 3859 3859 3859
    3859 3859 3859 3859 3859 3859 3859 3859 3859 3816 3816 3816 3816
    3816 3774 3774 3774 3774 3774 3774 3774 3732 3732 3732 3732 3692
    3692 3732 3732 3692 3692 3692 3994 0 0 0 0 0 0 0 981 981 981 984 987
    989 989 992 992 992 995 995 998 1001 1001 1004 1004 1007 1007 1007
    1013 1016 1019 1019 1022 1022 1022 1025 1028 1028 1028 1028 1031
    1034 1038 1038 1038 1041 1041 1041 1047 1047 1054 1054 1054 1054
    1057 1057 1060 1060 1063 1063 3948 3859 3859 3859 3903 3903 3859
    3859 3859 3859 3859 3859 3859 3859 3859 3859 3859 3859 3816 3816
    3816 3859 3859 3859 3774 3774 3774 3774 3774 3774 3774 3732 3732
    3732 3732 3732 3732 3732 3732 3732 0 0 0 0 0 0 0 0 975 975 975 978
    984 987 987 987 987 987 989 989 992 995 995 1001 1001 1004 1004 1004
    1004 1010 1013 1013 1016 1016 1016 1016 1019 1022 1022 1022 1025
    1028 1031 1034 1034 1034 1034 1034 1038 1041 1047 1050 1050 1054
    1054 1054 1057 1057 1060 1063 1063 1063 1060 1060 1067 1067 3903
    3903 3859 3859 3859 3859 3859 3859 3859 3859 3859 3859 3859 3859
    3859 3859 3859 3859 3816 3816 3816 3774 3774 3774 3774 3774 3774
    3774 3774 3774 3774 3774 3774 3774 0 0 0 0 0 0 0 967 967 973 973 973
    978 981 984 981 981 981 981 987 987 989 992 995 995 995 998 1001
    1001 1004 1007 1010 1010 1013 1013 1013 1016 1016 1016 1016 1019
    1022 1025 1028 1028 1028 1031 1031 1034 1038 1041 1041 1044 1044
    1047 1050 1050 1054 1054 1060 1060 1060 1057 1057 1060 1063 1063
    1067 1067 1067 1067 3903 3903 3859 3859 3859 3859 3859 3903 3903
    3859 3859 3859 3859 3859 3816 3816 3816 3816 3816 3816 3816 3816
    3774 3774 3774 3774 3774 3774 3774 0 0 0 0 0 0 0 959 956 956 970 970
    973 975 978 978 978 978 981 981 984 984 989 992 992 992 995 995 998
    1001 1001 1004 1007 1007 1010 1013 1013 1013 1013 1013 1016 1019
    1019 1025 1025 1025 1028 1028 1031 1034 1038 1038 1041 1041 1041
    1044 1044 1044 1044 1047 1050 1054 1054 1054 1057 1057 1063 1063
    1063 1067 1067 1067 1073 1073 3903 3903 3859 3859 3859 3859 3859
    3859 3903 3903 3859 3859 3816 3816 3816 3816 3816 3816 3816 3816
    3816 3816 3816 3816 3774 3774 0 0 0 0 0 0 954 954 954 954 959 962
    964 964 967 967 973 975 978 978 981 981 984 987 989 989 989 992 995
    995 998 998 1001 1004 1007 1010 1010 1010 1010 1010 1013 1013 1016
    1019 1022 1022 1025 1025 1028 1028 1031 1031 1034 1034 1034 1038
    1041 1041 1041 1041 1044 1047 1050 1050 1054 1054 1060 1063 1063
    1060 1060 1060 1070 1073 1073 1073 1073 1073 1073 3859 3859 3859
    3903 3948 3903 3859 3816 3816 3816 3816 3816 3816 3816 3816 3816
    3816 3816 3816 3816 3774 0 0 0 0 0 0 954 954 954 954 956 959 959 962
    962 964 964 967 967 973 975 975 981 981 984 984 984 987 989 992 992
    992 995 995 998 1001 1001 1004 1004 1007 1007 1007 1010 1013 1016
    1019 1019 1022 1022 1022 1025 1028 1028 1028 1031 1031 1034 1038
    1038 1041 1041 1041 1047 1047 1050 1050 1054 1054 1057 1057 1057
    1057 1067 1070 1070 1067 1067 1070 1070 1070 1070 1073 1073 1073
    1073 3859 3816 3816 3859 3816 3816 3816 3816 3859 3816 3816 3816
    3816 3816 3774 0 0 0 0 0 956 956 956 956 956 956 956 959 959 959 962
    962 964 964 967 970 970 973 973 973 975 978 978 987 987 989 989 989
    992 992 995 998 998 1001 1001 1001 1004 1004 1007 1013 1013 1016
    1016 1016 1019 1019 1022 1025 1025 1028 1028 1028 1031 1034 1038
    1038 1038 1041 1044 1044 1044 1047 1047 1050 1054 1054 1054 1054
    1057 1060 1063 1063 1063 1067 1067 1070 1070 1073 1073 1073 1073
    1073 1073 1073 3816 3816 3816 3816 3859 3859 3859 3859 3859 3816
    3774 0 0 0 0 0 956 956 956 956 956 956 956 959 959 959 959 959 962
    962 964 964 967 967 967 970 970 973 975 978 978 981 984 984 987 989
    992 992 995 995 998 998 1001 1001 1004 1007 1010 1010 1013 1013 1016
    1016 1016 1019 1022 1022 1025 1025 1025 1028 1031 1031 1034 1034
    1038 1041 1041 1041 1041 1044 1047 1050 1050 1050 1054 1054 1057
