<?xml version="1.0"?>
<opencv_storage>
<Depth17386 type_id="opencv-matrix">
  <rows>131</rows>
  <cols>57</cols>
  <dt>w</dt>
  <data>
    3816 3816 3859 3816 3816 3859 3903 3903 3948 3948 3948 3948 3948
    3994 4041 4089 4089 4041 4041 3994 3994 3994 3994 858 858 856 851
    851 3948 3948 3948 3948 908 908 908 901 901 901 901 0 1050 1050 1050
    915 915 1047 1034 1034 1034 1034 1050 1050 1050 1047 1047 3503 3503
    3816 3816 3859 3859 3903 3903 3903 3903 3948 3948 3948 3948 3948
    3994 4089 4089 4089 3994 3994 4041 4041 860 860 858 858 856 851 851
    851 858 858 0 0 908 908 908 901 901 901 920 920 915 915 915 915 984
    984 1010 1010 1019 1019 1047 1047 1047 1047 3503 3503 3816 3859 3859
    3903 3903 3903 3903 3903 3948 3948 3903 3859 3859 3994 3994 3994
    3994 3994 3994 3994 860 860 860 860 858 858 854 854 858 858 858 864
    880 908 908 908 906 906 920 920 920 920 915 915 975 975 975 978 981
    1007 1016 1022 1034 1047 1047 1047 1047 3816 3859 3859 3859 3903
    3948 3948 3948 891 891 3903 3859 910 910 910 0 858 858 858 858 858
    858 858 858 858 858 858 858 858 858 864 864 880 880 880 908 910 913
    920 920 920 920 925 933 964 973 975 975 978 1007 1016 1022 1028 1044
    1047 1047 0 3816 3816 3816 3859 3903 3948 3994 891 891 891 894 901
    903 903 903 858 858 858 858 854 851 851 851 856 858 858 858 858 860
    860 862 862 880 880 880 885 885 923 923 923 923 923 925 933 951 967
    973 975 978 1004 1016 1022 1028 1044 1044 1044 0 3816 3816 878 875
    875 875 873 873 880 887 894 901 903 903 858 858 858 858 858 854 849
    849 849 849 851 856 856 858 858 858 860 862 873 875 882 885 889 894
    906 920 923 925 930 940 948 964 970 970 981 1004 1016 1025 1031 1047
    0 0 0 878 878 878 875 875 875 873 871 871 869 869 869 869 867 858
    858 858 858 858 854 849 849 849 849 851 854 854 854 851 851 856 858
    860 864 873 885 889 891 898 915 920 928 933 940 948 964 967 967 1001
    1007 1016 1025 1031 1047 0 0 0 882 878 878 875 875 875 873 871 869
    869 869 869 867 867 860 860 860 858 858 856 849 849 849 849 851 851
    851 851 851 851 851 854 858 862 864 885 887 891 898 913 920 928 935
    940 951 964 964 964 1001 1007 1016 1025 1031 1050 1050 0 0 882 880
    878 878 875 875 873 871 869 869 869 867 867 864 862 862 860 860 858
    858 856 851 851 851 851 851 851 849 849 849 851 854 858 862 864 882
    887 891 901 910 915 928 938 946 959 964 964 964 1001 1004 1016 1025
    1031 1047 1050 0 0 882 880 878 878 875 875 873 871 869 869 869 867
    867 864 862 862 860 860 860 858 858 854 854 851 851 851 851 849 849
    849 849 851 856 860 862 878 887 896 906 910 915 923 935 946 959 964
    964 964 1001 1001 1001 1025 1034 1047 1050 1054 0 880 880 878 878
    878 875 875 873 871 869 869 869 867 867 862 862 860 860 860 858 858
    856 854 851 851 851 851 849 849 849 849 851 854 860 862 878 880 903
    908 910 915 923 935 946 956 967 967 981 998 1001 1001 1028 1038 1050
    1054 1054 0 880 880 880 878 878 878 875 873 871 869 869 869 867 867
    864 862 860 860 860 858 858 858 856 854 851 851 851 851 851 849 849
    854 854 878 878 880 880 903 908 913 918 925 940 943 954 967 973 981
    998 1004 1004 1028 1041 1050 1054 1057 1057 882 880 880 878 878 878
    875 875 873 869 869 869 867 867 867 864 860 860 860 860 858 858 858
    856 854 851 851 851 851 849 849 854 854 875 880 880 880 901 908 913
    918 930 940 943 951 970 975 981 998 1004 1004 1031 1041 1050 1054
    1060 0 885 882 880 880 878 878 875 875 873 871 869 869 869 867 867
    864 860 860 860 860 858 858 858 856 856 854 851 851 851 849 849 854
    854 871 878 882 887 898 906 915 920 928 943 943 951 967 975 978 998
    1007 1010 1028 1041 1047 1054 1060 0 885 882 882 880 878 878 875 875
    875 873 871 869 869 869 867 867 860 860 860 860 860 858 858 858 858
    854 854 851 851 851 851 854 854 871 875 880 887 898 906 913 920 928
    943 946 954 967 975 978 1001 1010 1013 1028 1041 1047 1050 1060 0
    885 885 882 882 878 878 878 875 875 873 873 871 871 869 869 867 864
    862 862 860 860 858 858 858 858 854 854 851 851 851 851 854 860 871
    875 880 887 898 906 913 920 925 943 946 954 967 975 978 1001 1007
    1013 1028 1038 1044 1050 1060 0 885 885 885 882 880 878 878 878 875
    873 873 871 871 869 869 867 864 864 862 862 860 860 860 858 858 856
    854 851 851 851 854 854 856 871 875 880 887 896 906 913 920 925 943
    946 954 967 975 978 1001 1007 1016 1028 1038 1044 1050 0 0 885 885
    885 882 880 878 878 878 875 875 873 871 871 871 869 867 867 864 864
    862 862 860 860 858 858 856 854 854 851 851 854 854 856 871 875 880
    887 896 906 913 920 928 940 946 954 967 975 981 1001 1010 1016 1028
    1034 1044 1047 0 0 887 885 885 885 882 880 878 878 875 875 875 873
    871 871 871 869 867 867 864 864 862 860 860 858 858 858 856 854 851
    851 854 854 856 871 882 882 887 896 898 913 920 928 940 946 954 967
    978 987 1001 1010 1016 1028 1034 1044 1047 0 0 887 885 885 885 882
    880 878 878 875 875 875 873 873 873 871 869 867 867 864 864 862 862
    860 860 858 858 856 854 854 854 854 854 856 873 882 882 889 896 898
    918 925 930 938 948 959 967 978 984 1004 1010 1016 1028 1034 1047
    1050 1050 0 887 887 885 885 885 882 878 878 878 878 875 875 873 873
    871 869 869 867 867 864 864 862 860 860 860 858 858 856 854 854 854
    856 858 873 880 880 889 896 898 918 925 930 938 948 962 973 975 981
    1010 1016 1019 1028 1034 1047 1050 1050 0 0 887 885 885 885 880 878
    878 878 878 875 875 875 875 873 871 869 867 867 864 864 862 862 860
    860 858 858 856 854 854 854 856 860 873 880 880 887 896 903 915 925
    930 938 948 962 973 975 981 1013 1019 1022 1028 1044 1050 1054 0 0 0
    887 885 885 885 880 878 878 878 878 875 875 875 875 873 871 869 867
    867 864 864 862 862 860 860 858 858 856 854 854 856 856 862 873 880
    880 887 896 906 915 925 930 938 951 959 973 975 981 1007 1010 1022
    1028 1047 1050 1054 0 0 0 887 887 885 885 882 880 880 878 878 878
    875 875 875 873 871 869 869 867 867 867 864 862 860 860 858 858 858
    856 856 856 858 860 873 882 882 889 896 906 918 923 930 946 948 959
    973 975 998 1001 1007 1022 1034 1047 1050 1054 1054 0 896 887 887
    885 885 882 882 880 880 878 878 875 875 875 873 871 869 869 867 867
    867 867 862 860 860 860 858 858 856 856 856 858 860 878 880 882 891
    896 906 918 923 930 946 948 959 973 978 998 1001 1007 1022 1034 1044
    1050 1054 1063 0 896 887 887 887 885 882 882 880 880 880 878 878 875
    875 875 873 871 869 869 867 867 867 862 862 860 860 860 858 858 858
    858 858 860 880 880 885 891 896 906 920 925 930 943 948 959 970 978
    1001 1004 1007 1019 1038 1044 1050 1054 1060 0 0 889 887 887 885 885
    882 880 880 880 878 878 875 875 875 873 871 869 869 867 867 867 864
    862 862 860 860 858 858 858 858 858 860 880 880 882 887 898 906 920
    925 928 943 948 956 970 978 998 1004 1010 1019 1038 1044 1050 1054
    1060 0 0 889 887 887 885 885 882 880 880 882 880 878 878 875 875 875
    873 871 869 869 867 867 867 864 864 862 860 858 858 858 858 858 860
    882 882 882 887 906 906 920 925 928 943 954 956 970 984 995 1004
    1010 1022 1038 1044 1050 1057 1067 0 0 889 887 887 887 885 885 885
    885 882 882 880 878 875 875 875 873 871 869 869 867 867 867 864 864
    862 860 860 858 858 858 858 862 880 880 885 889 903 906 920 925 928
    946 954 959 973 978 995 1007 1010 1016 1041 1047 1050 1060 1060 0
    894 891 889 887 887 887 885 885 885 885 882 880 878 875 875 875 873
    871 869 869 869 867 867 867 864 864 860 860 860 860 860 860 862 878
    880 885 889 903 920 920 925 928 948 954 962 973 978 989 1007 1010
    1016 1041 1047 1050 1060 1060 0 894 894 891 889 887 887 885 885 885
    885 882 880 878 875 875 875 875 873 871 869 869 867 867 867 867 864
    862 862 860 860 860 860 871 878 885 885 889 903 918 918 925 928 951
    954 962 973 978 987 1010 1013 1016 1038 1044 1054 1057 1057 0 894
    894 894 891 889 887 887 887 885 885 885 882 880 878 875 875 875 873
