<?xml version="1.0"?>
<opencv_storage>
<Depth3823 type_id="opencv-matrix">
  <rows>24</rows>
  <cols>41</cols>
  <dt>w</dt>
  <data>
    0 0 0 0 0 0 0 0 0 0 0 0 0 0 0 0 0 0 0 0 0 0 0 0 0 0 0 0 0 0 2485
    2485 2485 2503 2522 2522 2522 2522 2541 2541 0 0 0 0 0 0 0 0 0 0 0 0
    0 0 0 0 0 0 0 2256 2256 0 0 0 0 0 0 0 0 0 2467 2467 2485 2467 2450
    2450 2467 2485 2522 2522 2522 2522 0 0 0 0 0 0 0 0 0 0 0 0 0 0 0 0 0
    2286 2256 2256 2286 0 0 0 0 0 2398 2398 2398 2415 2432 2450 2450
    2450 2450 2467 2485 2522 2522 2522 2522 0 0 0 0 0 0 0 0 0 0 0 0 0 0
    0 0 2286 2286 2271 2271 2286 2365 2365 2349 2349 2365 2381 2398 2398
    2415 2415 2415 2450 2450 2450 2467 2485 2522 2522 2522 2522 0 0 0 0
    0 0 0 0 0 0 2271 2271 0 0 0 2286 2286 2286 2286 2286 2301 2333 2349
    2349 2349 2365 2381 2398 2415 2415 2415 2415 2467 2450 2450 2467
    2485 2485 2485 2485 2485 0 0 0 0 0 0 0 0 0 0 2271 2271 2301 2301
    2286 2286 2286 2286 2286 2301 2333 2333 2349 2349 2349 2381 2398
    2398 2415 2415 2432 2450 2467 2467 2467 2467 2467 2485 2485 2485
    2485 0 2156 2156 0 0 0 0 0 0 0 2271 2271 2301 2301 2286 2286 2286
    2301 2317 2333 2333 2349 2349 2349 2349 2381 2398 2398 2398 2398
    2450 2450 2467 2450 2450 2467 2467 2467 2485 2485 2485 0 2143 2143 0
    0 2212 2212 2212 2212 2212 2286 2286 2286 2286 2286 2301 2301 2317
    2333 2333 2333 2333 2349 2349 2349 2398 2398 2398 2398 2398 2415
    2415 2467 2450 2450 2467 2467 2467 2485 2485 2485 2156 2143 2143
    2156 2170 2212 2212 2212 2212 2226 2256 2286 2286 2286 2286 2301
    2317 2333 2333 2333 2333 2333 2349 2349 2349 2398 2398 2398 2398
    2398 2415 2415 2450 2450 2450 2467 2467 2467 2485 2485 2503 2156
    2143 2143 2156 2170 2212 2212 2212 2226 2226 2241 2271 2271 2271
    2286 2286 2301 2301 2317 2317 2333 2333 2349 2349 2349 2381 2398
    2398 2398 2398 2415 2415 2432 2450 2467 2467 2485 2485 2503 2522
    2522 2156 2143 2143 2156 2170 2212 2212 2212 2226 2226 2241 2256
    2271 2271 2286 2286 2286 2286 2317 2317 2333 2333 2333 2349 2349
    2365 2381 2381 2398 2398 2398 2415 2432 2450 2467 2485 2485 2485
    2485 2485 2485 2156 2156 2156 2170 2184 2212 2212 2226 2226 2226
    2256 2256 2271 2271 2286 2286 2286 2286 2286 2301 2333 2333 2333
    2349 2365 2365 2365 2365 2398 2398 2398 2415 2415 2450 2467 2467
    2485 2485 2485 2485 2485 2170 2170 2170 2170 2198 2226 2226 2226
    2241 2241 2256 2256 2256 2271 2286 2286 2286 2286 2286 2286 2317
    2333 2349 2349 2365 2365 2365 2365 2381 2381 2398 2415 2415 2415
    2467 2467 2485 2485 2485 2485 2503 2170 2170 2170 2184 2198 2212
    2226 2226 2226 2241 2241 2256 2256 2271 2271 2271 2286 2286 2286
    2286 2286 2317 2317 2333 2333 2349 2349 2349 2381 2381 2398 2398
    2485 2485 2467 2467 2485 2485 2503 2503 2522 2156 2156 2170 2170
    2198 2212 2212 2226 2226 2226 2241 2241 2241 2256 2256 2256 2286
    2286 2286 2286 2286 2301 2301 2317 2333 2333 2349 2349 2381 2398
    2398 2485 2485 2485 2467 2467 2467 2485 2503 2522 2522 2156 2156
    2156 2170 2198 2198 2198 2212 2212 2212 2226 2226 2226 2226 2226
    2226 2241 2256 2271 2271 2271 2271 2271 2286 2333 2333 2349 2349
    2415 2432 2450 2485 2485 2485 2467 2467 2467 2485 2522 2522 3859
    2143 2143 2156 2170 2184 2198 2198 2184 2184 2184 2212 2212 2226
    2226 2226 2226 2241 2256 2271 2271 2271 2271 2271 2286 2349 2349
    2365 2381 2381 3614 3614 2503 2503 2522 2541 2503 2503 3732 3774
    3774 3816 2116 2129 2129 2170 2170 2170 2170 2170 2170 2170 2170
    2198 2212 2226 2226 2241 2241 2271 2286 2286 2286 2286 2286 2317
    2317 2365 2365 2381 3576 3576 3614 2560 2560 2560 3692 3692 3692
    3732 3774 3774 3816 2116 2129 2129 2170 2170 2170 2170 2170 2170
    2170 2170 2198 2212 2226 2226 2241 2241 2271 2301 2349 2349 2349
    2349 2349 2349 3576 3503 3503 3503 3576 3614 3614 2579 2579 3692
    3692 3692 3774 3774 3774 3816 2116 2116 2129 2156 2156 2170 2170
    2198 2198 2212 2212 2226 2226 2241 2241 2271 2301 2333 2349 2365
    2381 2398 2415 2415 3576 3576 3614 3503 3503 3576 3614 3614 3653
    3653 3692 3692 3692 3732 3774 3774 3774 2116 2116 2143 2143 2156
    2184 2212 2212 2226 2226 2241 2241 2256 2286 2286 2301 2333 2349
    2349 2365 2381 2398 2415 3576 3539 3539 3539 3539 3614 3614 3653
    3653 3653 3653 3653 3653 3692 3732 3774 3774 3774 2129 2129 2143
    2143 2170 2226 2241 2241 2271 2271 2256 2256 2271 2286 2286 3399
    3365 2349 2349 3399 3399 3468 3468 3539 3539 3539 3539 3539 3614
    3614 3653 3653 3653 3653 3653 3653 3692 3692 3732 3732 3732 2116
    2143 2143 2156 2198 2226 2271 2271 2271 2271 2271 2271 2271 3468
    3433 3433 3365 3365 3399 3399 3399 3468 3468 3539 3539 3539 3539
    3539 3614 3614 3774 3732 3653 3653 3653 3692 3692 3692 3692 3692
    3732 2116 2143 2143 2156 2156 2301 2301 2301 2301 3433 3539 3539
    3539 3503 3503 3399 3365 3365 3365 3468 3468 3503 3503 3576 3539
    3503 3503 3539 3614 3503 3503 3503 3816 3816 3653 3653 3732 3692
    3692 3692 3692</data></Depth3823>
</opencv_storage>
