<?xml version="1.0"?>
<opencv_storage>
<Depth2217 type_id="opencv-matrix">
  <rows>14</rows>
  <cols>44</cols>
  <dt>w</dt>
  <data>
    2365 2365 2381 2381 2398 2398 2398 2398 2381 2349 2349 2349 2381
    2381 2398 2398 2415 2415 2398 2398 2381 2381 2398 2415 2415 2415
    2415 3433 3333 3333 3333 3333 3333 3333 3433 3433 3433 3468 3468
    3468 3433 3399 2415 2381 2381 2381 2398 2398 2398 2398 2398 2398
    2381 2349 2349 2349 2398 2398 2398 2398 3365 3365 3365 3365 3365
    3365 3365 3365 3365 3365 3433 3433 3433 3333 3333 3333 3333 3468
    3468 3433 3433 3468 3468 3468 3433 3399 3365 2381 2398 2398 2398
    2398 2398 2398 2398 3365 3365 3365 3399 3433 3433 3399 3399 3365
    3365 3365 3365 3365 3365 3365 3365 3365 3365 3365 3365 3399 3399
    3399 3399 3399 3468 3468 3468 3433 3433 3468 3468 3468 3468 3468
    3399 3399 2398 2398 2398 2398 3468 3433 3365 3365 3365 3365 3399
    3433 3433 3399 3399 3365 3365 3365 3365 3365 3365 3365 3333 3333
    3333 3333 3365 3399 3399 3399 3399 3399 3433 3433 3433 3433 3433
    3433 3468 3433 3433 3468 3399 3399 3433 3433 3468 3468 3468 3433
    3365 3365 3365 3365 3399 3399 3399 3399 3399 3365 3365 3365 3365
    3365 3365 3365 3333 3333 3333 3333 3365 3399 3399 3365 3365 3399
    3433 3433 3399 3399 3399 3433 3468 3433 3433 3468 3433 3433 3433
    3433 3433 3433 3433 3365 3365 3365 3399 3399 3399 3399 3399 3399
    3399 3365 3365 3365 3399 3399 3399 3365 3365 3365 3365 3365 3399
    3399 3399 3365 3365 3399 3433 3399 3399 3399 3399 3433 3468 3468
    3468 3468 3433 3433 3433 3433 3433 3433 3433 3365 3365 3365 3399
    3399 3399 3433 3433 3433 3433 3399 3399 3399 3399 3399 3399 3365
    3365 3365 3365 3399 3433 3433 3399 3365 3365 3365 3399 3399 3399
    3399 3399 3399 3468 3468 3468 3468 3468 3468 3433 3433 3433 3433
    3399 3399 3399 3399 3399 3399 3433 3433 3433 3433 3399 3399 3399
    3399 3399 3399 3399 3399 3399 3399 3399 3399 3433 3433 3399 3365
    3365 3365 3399 3433 3399 3399 3399 3399 3468 3468 3468 3468 3468
    3468 3433 3433 3433 3433 3399 3399 3399 3399 3399 3399 3433 3433
    3433 3399 3399 3399 3399 3399 3399 3399 3399 3399 3433 3433 3433
    3433 3468 3468 3468 3433 3433 3433 3433 3433 3468 3468 3468 3468
    3468 3468 3468 3468 3539 3539 3468 3433 3433 3433 3433 3399 3399
    3399 3433 3399 3365 3365 3365 3365 3365 3365 3365 3399 3399 3399
    3433 3433 3433 3433 3433 3433 3468 3468 3468 3468 3468 3468 3468
    3468 3468 3468 3468 3503 3503 3468 3468 3576 3576 3576 3468 3468
    3468 3468 3468 3433 3433 3433 3399 3365 3365 3365 3365 3365 3365
    3365 3365 3365 3365 3365 0 0 3433 3433 3433 3468 3468 3503 0 0 0 0 0
    0 3503 3503 3503 3503 3503 3468 3468 0 0 0 3433 3468 3468 3433 3433
    3399 3399 3399 3365 3365 3365 3365 3365 3365 3365 3365 3365 3365
    3365 0 0 0 0 3433 3433 3468 3468 0 0 0 0 0 0 0 0 0 0 0 0 0 0 0 0 0
    3433 3433 3433 3399 3399 3399 3399 3399 3365 3365 3365 3399 3433
    3433 3399 3399 3365 3365 3365 0 0 0 0 3468 3468 0 0 0 0 0 0 0 0 0 0
    0 0 0 0 0 0 0 0 0 3468 3433 3433 3399 3365 3365 3399 3399 3399 0
    3399 3399 3468 3468 3433 3399 3399 0 0 0 0 0 0 0 0 0 0 0 0 0 0 0 0 0
    0 0 0 0 0 0 0 0 0 0</data></Depth2217>
</opencv_storage>
